Assets/Resources/2015_m01_d18_0200(utc+0800)_l00_csi_1hr_conc.grd
DSAA
         159         159
     -79.000      79.000
     -79.000      79.000
  0.0000E+00  0.3100E-05
[rows 0 to 24 of 159, columns 0 to 56 of 159]
1.3751E-10 1.4687E-10 1.5656E-10 1.6959E-10 1.8259E-10 1.9561E-10 2.1072E-10 2.2609E-10 2.4048E-10 2.5814E-10 2.7584E-10 2.9267E-10 3.1240E-10 3.3297E-10 3.5241E-10 3.7188E-10 3.9247E-10 4.1324E-10 4.3514E-10 4.5781E-10 4.8150E-10 5.0582E-10 5.3053E-10 5.5665E-10 5.8328E-10 6.1090E-10 6.3863E-10 6.6781E-10 6.9758E-10 7.2816E-10 7.5891E-10 7.9110E-10 8.2340E-10 8.5675E-10 8.9014E-10 9.2488E-10 9.5959E-10 9.9520E-10 1.0307E-09 1.0674E-09 1.1037E-09 1.1410E-09 1.1779E-09 1.2157E-09 1.2529E-09 1.2908E-09 1.3280E-09 1.3657E-09 1.4028E-09 1.4400E-09 1.4765E-09 1.5127E-09 1.5482E-09 1.5832E-09 1.6175E-09 1.6508E-09 1.6834E-09
1.4237E-10 1.5153E-10 1.6469E-10 1.7664E-10 1.9033E-10 2.0492E-10 2.1989E-10 2.3467E-10 2.5179E-10 2.6972E-10 2.8645E-10 3.0607E-10 3.2656E-10 3.4596E-10 3.6541E-10 3.8600E-10 4.0710E-10 4.2876E-10 4.5184E-10 4.7533E-10 5.0000E-10 5.2501E-10 5.5126E-10 5.7797E-10 6.0591E-10 6.3430E-10 6.6379E-10 6.9400E-10 7.2493E-10 7.5660E-10 7.8907E-10 8.2223E-10 8.5615E-10 8.9071E-10 9.2597E-10 9.6219E-10 9.9824E-10 1.0356E-09 1.0727E-09 1.1109E-09 1.1488E-09 1.1878E-09 1.2263E-09 1.2657E-09 1.3045E-09 1.3439E-09 1.3829E-09 1.4222E-09 1.4609E-09 1.4995E-09 1.5375E-09 1.5755E-09 1.6124E-09 1.6487E-09 1.6843E-09 1.7189E-09 1.7530E-09
1.4647E-10 1.5847E-10 1.6998E-10 1.8428E-10 1.9891E-10 2.1263E-10 2.2866E-10 2.4560E-10 2.6230E-10 2.7994E-10 2.9942E-10 3.1929E-10 3.3911E-10 3.5850E-10 3.7907E-10 4.0017E-10 4.2184E-10 4.4497E-10 4.6854E-10 4.9332E-10 5.1848E-10 5.4492E-10 5.7216E-10 6.0007E-10 6.2895E-10 6.5863E-10 6.8944E-10 7.2064E-10 7.5323E-10 7.8589E-10 8.2008E-10 8.5431E-10 8.9004E-10 9.2590E-10 9.6284E-10 1.0000E-09 1.0382E-09 1.0766E-09 1.1159E-09 1.1554E-09 1.1953E-09 1.2360E-09 1.2761E-09 1.3170E-09 1.3578E-09 1.3988E-09 1.4396E-09 1.4803E-09 1.5209E-09 1.5611E-09 1.6007E-09 1.6398E-09 1.6784E-09 1.7164E-09 1.7535E-09 1.7894E-09 1.8246E-09
1.5196E-10 1.6440E-10 1.7846E-10 1.9208E-10 2.0614E-10 2.2184E-10 2.3920E-10 2.5432E-10 2.7285E-10 2.9248E-10 3.1083E-10 3.3190E-10 3.5120E-10 3.7170E-10 3.9275E-10 4.1469E-10 4.3773E-10 4.6144E-10 4.8600E-10 5.1156E-10 5.3784E-10 5.6544E-10 5.9338E-10 6.2272E-10 6.5282E-10 6.8389E-10 7.1531E-10 7.4837E-10 7.8190E-10 8.1634E-10 8.5157E-10 8.8766E-10 9.2486E-10 9.6209E-10 1.0008E-09 1.0394E-09 1.0794E-09 1.1192E-09 1.1603E-09 1.2012E-09 1.2432E-09 1.2848E-09 1.3275E-09 1.3696E-09 1.4126E-09 1.4549E-09 1.4980E-09 1.5400E-09 1.5824E-09 1.6241E-09 1.6655E-09 1.7065E-09 1.7466E-09 1.7861E-09 1.8244E-09 1.8618E-09 1.8986E-09
1.5878E-10 1.7204E-10 1.8480E-10 1.9974E-10 2.1552E-10 2.3120E-10 2.4755E-10 2.6586E-10 2.8475E-10 3.0293E-10 3.2435E-10 3.4352E-10 3.6392E-10 3.8488E-10 4.0677E-10 4.2977E-10 4.5347E-10 4.7805E-10 5.0367E-10 5.3004E-10 5.5796E-10 5.8588E-10 6.1564E-10 6.4579E-10 6.7718E-10 7.0931E-10 7.4242E-10 7.7661E-10 8.1139E-10 8.4761E-10 8.8395E-10 9.2189E-10 9.5990E-10 9.9947E-10 1.0392E-09 1.0800E-09 1.1217E-09 1.1632E-09 1.2061E-09 1.2487E-09 1.2925E-09 1.3359E-09 1.3804E-09 1.4243E-09 1.4689E-09 1.5132E-09 1.5578E-09 1.6019E-09 1.6458E-09 1.6895E-09 1.7325E-09 1.7751E-09 1.8167E-09 1.8577E-09 1.8978E-09 1.9366E-09 1.9746E-09
1.6495E-10 1.7855E-10 1.9326E-10 2.0854E-10 2.2308E-10 2.4027E-10 2.5864E-10 2.7592E-10 2.9528E-10 3.1648E-10 3.3550E-10 3.5575E-10 3.7691E-10 3.9838E-10 4.2130E-10 4.4495E-10 4.6951E-10 4.9514E-10 5.2183E-10 5.4955E-10 5.7788E-10 6.0750E-10 6.3803E-10 6.6950E-10 7.0212E-10 7.3540E-10 7.7020E-10 8.0524E-10 8.4200E-10 8.7911E-10 9.1754E-10 9.5704E-10 9.9665E-10 1.0378E-09 1.0790E-09 1.1218E-09 1.1644E-09 1.2085E-09 1.2523E-09 1.2976E-09 1.3430E-09 1.3884E-09 1.4345E-09 1.4805E-09 1.5270E-09 1.5731E-09 1.6194E-09 1.6655E-09 1.7112E-09 1.7566E-09 1.8012E-09 1.8454E-09 1.8889E-09 1.9313E-09 1.9730E-09 2.0133E-09 2.0527E-09
1.7196E-10 1.8618E-10 2.0019E-10 2.1594E-10 2.3317E-10 2.4984E-10 2.6740E-10 2.8739E-10 3.0832E-10 3.2715E-10 3.4723E-10 3.6791E-10 3.8955E-10 4.1236E-10 4.3592E-10 4.6040E-10 4.8618E-10 5.1268E-10 5.4042E-10 5.6882E-10 5.9854E-10 6.2941E-10 6.6088E-10 6.9394E-10 7.2731E-10 7.6247E-10 7.9808E-10 8.3514E-10 8.7335E-10 9.1181E-10 9.5199E-10 9.9233E-10 1.0343E-09 1.0764E-09 1.1201E-09 1.1646E-09 1.2090E-09 1.2550E-09 1.3007E-09 1.3477E-09 1.3944E-09 1.4424E-09 1.4898E-09 1.5383E-09 1.5863E-09 1.6345E-09 1.6827E-09 1.7306E-09 1.7782E-09 1.8252E-09 1.8720E-09 1.9178E-09 1.9629E-09 2.0070E-09 2.0502E-09 2.0923E-09 2.1332E-09
1.7882E-10 1.9270E-10 2.0842E-10 2.2512E-10 2.4090E-10 2.5896E-10 2.7899E-10 2.9854E-10 3.1822E-10 3.3810E-10 3.5887E-10 3.8004E-10 4.0297E-10 4.2639E-10 4.5077E-10 4.7645E-10 5.0290E-10 5.3061E-10 5.5902E-10 5.8879E-10 6.1974E-10 6.5135E-10 6.8459E-10 7.1836E-10 7.5363E-10 7.8977E-10 8.2705E-10 8.6573E-10 9.0471E-10 9.4549E-10 9.8668E-10 1.0293E-09 1.0730E-09 1.1168E-09 1.1623E-09 1.2078E-09 1.2548E-09 1.3022E-09 1.3502E-09 1.3990E-09 1.4479E-09 1.4976E-09 1.5472E-09 1.5972E-09 1.6474E-09 1.6978E-09 1.7477E-09 1.7975E-09 1.8471E-09 1.8961E-09 1.9445E-09 1.9920E-09 2.0389E-09 2.0849E-09 2.1298E-09 2.1732E-09 2.2156E-09
1.8543E-10 2.0092E-10 2.1639E-10 2.3292E-10 2.5100E-10 2.7017E-10 2.8857E-10 3.0933E-10 3.2897E-10 3.4949E-10 3.7045E-10 3.9318E-10 4.1642E-10 4.4063E-10 4.6618E-10 4.9252E-10 5.2016E-10 5.4852E-10 5.7828E-10 6.0946E-10 6.4094E-10 6.7430E-10 7.0841E-10 7.4372E-10 7.8053E-10 8.1774E-10 8.5682E-10 8.9625E-10 9.3757E-10 9.7994E-10 1.0226E-09 1.0671E-09 1.1117E-09 1.1581E-09 1.2052E-09 1.2528E-09 1.3018E-09 1.3507E-09 1.4011E-09 1.4512E-09 1.5027E-09 1.5539E-09 1.6058E-09 1.6581E-09 1.7103E-09 1.7622E-09 1.8143E-09 1.8661E-09 1.9176E-09 1.9683E-09 2.0186E-09 2.0684E-09 2.1169E-09 2.1646E-09 2.2109E-09 2.2565E-09 2.3002E-09
1.9256E-10 2.0776E-10 2.2488E-10 2.4211E-10 2.6035E-10 2.7915E-10 3.0022E-10 3.1957E-10 3.3952E-10 3.6054E-10 3.8302E-10 4.0603E-10 4.3004E-10 4.5541E-10 4.8159E-10 5.0910E-10 5.3736E-10 5.6705E-10 5.9820E-10 6.2968E-10 6.6310E-10 6.9732E-10 7.3277E-10 7.6979E-10 8.0725E-10 8.4665E-10 8.8685E-10 9.2824E-10 9.7113E-10 1.0144E-09 1.0595E-09 1.1053E-09 1.1522E-09 1.2004E-09 1.2488E-09 1.2989E-09 1.3490E-09 1.4007E-09 1.4529E-09 1.5053E-09 1.5584E-09 1.6120E-09 1.6661E-09 1.7200E-09 1.7743E-09 1.8285E-09 1.8826E-09 1.9365E-09 1.9899E-09 2.0428E-09 2.0950E-09 2.1465E-09 2.1968E-09 2.2465E-09 2.2946E-09 2.3418E-09 2.3869E-09
1.9974E-10 2.1573E-10 2.3292E-10 2.5026E-10 2.6993E-10 2.9013E-10 3.0995E-10 3.2960E-10 3.5032E-10 3.7233E-10 3.9498E-10 4.1903E-10 4.4399E-10 4.6986E-10 4.9747E-10 5.2557E-10 5.5514E-10 5.8620E-10 6.1763E-10 6.5104E-10 6.8528E-10 7.2082E-10 7.5797E-10 7.9561E-10 8.3526E-10 8.7615E-10 9.1753E-10 9.6086E-10 1.0046E-09 1.0504E-09 1.0972E-09 1.1444E-09 1.1936E-09 1.2429E-09 1.2940E-09 1.3458E-09 1.3982E-09 1.4516E-09 1.5055E-09 1.5604E-09 1.6156E-09 1.6716E-09 1.7274E-09 1.7836E-09 1.8400E-09 1.8966E-09 1.9525E-09 2.0084E-09 2.0639E-09 2.1188E-09 2.1728E-09 2.2264E-09 2.2788E-09 2.3301E-09 2.3800E-09 2.4286E-09 2.4759E-09
2.0659E-10 2.2277E-10 2.4133E-10 2.5987E-10 2.7970E-10 2.9982E-10 3.1917E-10 3.3986E-10 3.6123E-10 3.8360E-10 4.0765E-10 4.3233E-10 4.5794E-10 4.8532E-10 5.1322E-10 5.4261E-10 5.7332E-10 6.0483E-10 6.3816E-10 6.7237E-10 7.0791E-10 7.4512E-10 7.8287E-10 8.2268E-10 8.6380E-10 9.0547E-10 9.4916E-10 9.9357E-10 1.0396E-09 1.0871E-09 1.1349E-09 1.1848E-09 1.2355E-09 1.2870E-09 1.3399E-09 1.3934E-09 1.4484E-09 1.5035E-09 1.5599E-09 1.6167E-09 1.6741E-09 1.7320E-09 1.7902E-09 1.8486E-09 1.9072E-09 1.9657E-09 2.0240E-09 2.0820E-09 2.1396E-09 2.1965E-09 2.2528E-09 2.3081E-09 2.3625E-09 2.4154E-09 2.4676E-09 2.5178E-09 2.5670E-09
2.1404E-10 2.3133E-10 2.4947E-10 2.6860E-10 2.8955E-10 3.0885E-10 3.2917E-10 3.5019E-10 3.7222E-10 3.9593E-10 4.1998E-10 4.4560E-10 4.7269E-10 5.0003E-10 5.2948E-10 5.5999E-10 5.9132E-10 6.2451E-10 6.5861E-10 6.9409E-10 7.3128E-10 7.6907E-10 8.0897E-10 8.5023E-10 8.9210E-10 9.3607E-10 9.8121E-10 1.0273E-09 1.0752E-09 1.1237E-09 1.1742E-09 1.2259E-09 1.2780E-09 1.3321E-09 1.3866E-09 1.4425E-09 1.4992E-09 1.5567E-09 1.6153E-09 1.6741E-09 1.7336E-09 1.7940E-09 1.8544E-09 1.9148E-09 1.9758E-09 2.0365E-09 2.0972E-09 2.1569E-09 2.2171E-09 2.2759E-09 2.3345E-09 2.3914E-09 2.4479E-09 2.5029E-09 2.5568E-09 2.6089E-09 2.6595E-09
2.2135E-10 2.3895E-10 2.5849E-10 2.7819E-10 2.9811E-10 3.1830E-10 3.3864E-10 3.6059E-10 3.8373E-10 4.0732E-10 4.3289E-10 4.5945E-10 4.8667E-10 5.1583E-10 5.4588E-10 5.7716E-10 6.1014E-10 6.4389E-10 6.7942E-10 7.1651E-10 7.5426E-10 7.9416E-10 8.3549E-10 8.7748E-10 9.2163E-10 9.6720E-10 1.0134E-09 1.0618E-09 1.1109E-09 1.1618E-09 1.2142E-09 1.2670E-09 1.3219E-09 1.3778E-09 1.4344E-09 1.4922E-09 1.5510E-09 1.6109E-09 1.6715E-09 1.7327E-09 1.7946E-09 1.8572E-09 1.9196E-09 1.9828E-09 2.0458E-09 2.1087E-09 2.1712E-09 2.2339E-09 2.2958E-09 2.3570E-09 2.4174E-09 2.4769E-09 2.5352E-09 2.5924E-09 2.6480E-09 2.7019E-09 2.7546E-09
2.2932E-10 2.4725E-10 2.6679E-10 2.8753E-10 3.0668E-10 3.2694E-10 3.4875E-10 3.7117E-10 3.9468E-10 4.1984E-10 4.4584E-10 4.7288E-10 5.0169E-10 5.3142E-10 5.6241E-10 5.9511E-10 6.2862E-10 6.6395E-10 7.0088E-10 7.3850E-10 7.7833E-10 8.1963E-10 8.6166E-10 9.0590E-10 9.5163E-10 9.9807E-10 1.0467E-09 1.0962E-09 1.1476E-09 1.2005E-09 1.2540E-09 1.3097E-09 1.3664E-09 1.4239E-09 1.4830E-09 1.5430E-09 1.6043E-09 1.6660E-09 1.7290E-09 1.7925E-09 1.8567E-09 1.9213E-09 1.9864E-09 2.0516E-09 2.1169E-09 2.1824E-09 2.2472E-09 2.3123E-09 2.3759E-09 2.4396E-09 2.5020E-09 2.5638E-09 2.6240E-09 2.6833E-09 2.7410E-09 2.7970E-09 2.8511E-09
2.3685E-10 2.5562E-10 2.7606E-10 2.9529E-10 3.1540E-10 3.3656E-10 3.5843E-10 3.8179E-10 4.0632E-10 4.3179E-10 4.5872E-10 4.8693E-10 5.1630E-10 5.4711E-10 5.7928E-10 6.1252E-10 6.4774E-10 6.8403E-10 7.2186E-10 7.6153E-10 8.0272E-10 8.4469E-10 8.8894E-10 9.3436E-10 9.8130E-10 1.0301E-09 1.0799E-09 1.1317E-09 1.1850E-09 1.2390E-09 1.2953E-09 1.3528E-09 1.4111E-09 1.4712E-09 1.5322E-09 1.5947E-09 1.6577E-09 1.7222E-09 1.7873E-09 1.8532E-09 1.9196E-09 1.9869E-09 2.0545E-09 2.1216E-09 2.1897E-09 2.2571E-09 2.3247E-09 2.3914E-09 2.4581E-09 2.5237E-09 2.5886E-09 2.6523E-09 2.7146E-09 2.7760E-09 2.8354E-09 2.8933E-09 2.9492E-09
2.4450E-10 2.6381E-10 2.8386E-10 3.0376E-10 3.2413E-10 3.4555E-10 3.6871E-10 3.9258E-10 4.1748E-10 4.4424E-10 4.7182E-10 5.0065E-10 5.3133E-10 5.6292E-10 5.9599E-10 6.3086E-10 6.6666E-10 7.0440E-10 7.4383E-10 7.8407E-10 8.2666E-10 8.7082E-10 9.1601E-10 9.6318E-10 1.0121E-09 1.0619E-09 1.1141E-09 1.1678E-09 1.2222E-09 1.2790E-09 1.3370E-09 1.3961E-09 1.4570E-09 1.5192E-09 1.5825E-09 1.6469E-09 1.7125E-09 1.7793E-09 1.8465E-09 1.9149E-09 1.9838E-09 2.0535E-09 2.1230E-09 2.1932E-09 2.2633E-09 2.3333E-09 2.4030E-09 2.4724E-09 2.5413E-09 2.6091E-09 2.6761E-09 2.7421E-09 2.8070E-09 2.8700E-09 2.9317E-09 2.9916E-09 3.0497E-09
2.5207E-10 2.7219E-10 2.9175E-10 3.1136E-10 3.3285E-10 3.5530E-10 3.7826E-10 4.0324E-10 4.2950E-10 4.5640E-10 4.8494E-10 5.1514E-10 5.4592E-10 5.7891E-10 6.1337E-10 6.4862E-10 6.8618E-10 7.2530E-10 7.6527E-10 8.0763E-10 8.5160E-10 8.9647E-10 9.4377E-10 9.9271E-10 1.0425E-09 1.0948E-09 1.1488E-09 1.2035E-09 1.2607E-09 1.3192E-09 1.3789E-09 1.4405E-09 1.5035E-09 1.5677E-09 1.6332E-09 1.7000E-09 1.7680E-09 1.8367E-09 1.9071E-09 1.9774E-09 2.0490E-09 2.1205E-09 2.1930E-09 2.2657E-09 2.3380E-09 2.4106E-09 2.4826E-09 2.5548E-09 2.6254E-09 2.6960E-09 2.7656E-09 2.8335E-09 2.9004E-09 2.9655E-09 3.0295E-09 3.0915E-09 3.1515E-09
2.5973E-10 2.7947E-10 2.9914E-10 3.2008E-10 3.4168E-10 3.6440E-10 3.8884E-10 4.1417E-10 4.4062E-10 4.6891E-10 4.9822E-10 5.2888E-10 5.6137E-10 5.9497E-10 6.3016E-10 6.6729E-10 7.0601E-10 7.4564E-10 7.8768E-10 8.3138E-10 8.7602E-10 9.2316E-10 9.7198E-10 1.0218E-09 1.0741E-09 1.1281E-09 1.1831E-09 1.2405E-09 1.2994E-09 1.3596E-09 1.4217E-09 1.4854E-09 1.5504E-09 1.6168E-09 1.6846E-09 1.7539E-09 1.8241E-09 1.8957E-09 1.9679E-09 2.0410E-09 2.1147E-09 2.1891E-09 2.2643E-09 2.3387E-09 2.4139E-09 2.4888E-09 2.5638E-09 2.6379E-09 2.7112E-09 2.7841E-09 2.8558E-09 2.9263E-09 2.9951E-09 3.0630E-09 3.1286E-09 3.1926E-09 3.2541E-09
2.6705E-10 2.8693E-10 3.0679E-10 3.2775E-10 3.5047E-10 3.7413E-10 3.9848E-10 4.2494E-10 4.5246E-10 4.8121E-10 5.1149E-10 5.4342E-10 5.7632E-10 6.1117E-10 6.4780E-10 6.8549E-10 7.2525E-10 7.6689E-10 8.0965E-10 8.5456E-10 9.0142E-10 9.5004E-10 9.9968E-10 1.0519E-09 1.1059E-09 1.1609E-09 1.2185E-09 1.2777E-09 1.3381E-09 1.4007E-09 1.4649E-09 1.5306E-09 1.5978E-09 1.6665E-09 1.7368E-09 1.8082E-09 1.8811E-09 1.9548E-09 2.0295E-09 2.1051E-09 2.1813E-09 2.2587E-09 2.3354E-09 2.4134E-09 2.4909E-09 2.5683E-09 2.6454E-09 2.7218E-09 2.7983E-09 2.8732E-09 2.9472E-09 3.0200E-09 3.0914E-09 3.1609E-09 3.2292E-09 3.2951E-09 3.3589E-09
2.7413E-10 2.9347E-10 3.1440E-10 3.3650E-10 3.5877E-10 3.8329E-10 4.0912E-10 4.3565E-10 4.6386E-10 4.9382E-10 5.2476E-10 5.5728E-10 5.9173E-10 6.2740E-10 6.6478E-10 7.0419E-10 7.4534E-10 7.8749E-10 8.3217E-10 8.7866E-10 9.2620E-10 9.7635E-10 1.0284E-09 1.0819E-09 1.1372E-09 1.1948E-09 1.2538E-09 1.3147E-09 1.3776E-09 1.4420E-09 1.5084E-09 1.5762E-09 1.6457E-09 1.7169E-09 1.7893E-09 1.8634E-09 1.9384E-09 2.0146E-09 2.0920E-09 2.1699E-09 2.2491E-09 2.3282E-09 2.4083E-09 2.4886E-09 2.5685E-09 2.6484E-09 2.7281E-09 2.8075E-09 2.8859E-09 2.9632E-09 3.0396E-09 3.1151E-09 3.1888E-09 3.2605E-09 3.3306E-09 3.3985E-09 3.4638E-09
2.8079E-10 3.0090E-10 3.2176E-10 3.4419E-10 3.6806E-10 3.9285E-10 4.1881E-10 4.4665E-10 4.7574E-10 5.0588E-10 5.3811E-10 5.7191E-10 6.0678E-10 6.4373E-10 6.8255E-10 7.2255E-10 7.6476E-10 8.0893E-10 8.5497E-10 9.0210E-10 9.5189E-10 1.0036E-09 1.0564E-09 1.1120E-09 1.1693E-09 1.2281E-09 1.2895E-09 1.3525E-09 1.4172E-09 1.4839E-09 1.5522E-09 1.6222E-09 1.6942E-09 1.7674E-09 1.8425E-09 1.9187E-09 1.9962E-09 2.0751E-09 2.1548E-09 2.2357E-09 2.3168E-09 2.3991E-09 2.4817E-09 2.5641E-09 2.6470E-09 2.7296E-09 2.8118E-09 2.8935E-09 2.9745E-09 3.0548E-09 3.1334E-09 3.2109E-09 3.2866E-09 3.3607E-09 3.4332E-09 3.5031E-09 3.5702E-09
2.8678E-10 3.0761E-10 3.2964E-10 3.5245E-10 3.7635E-10 4.0220E-10 4.2914E-10 4.5737E-10 4.8716E-10 5.1868E-10 5.5141E-10 5.8581E-10 6.2225E-10 6.6041E-10 6.9961E-10 7.4137E-10 7.8496E-10 8.2967E-10 8.7707E-10 9.2638E-10 9.7745E-10 1.0302E-09 1.0854E-09 1.1425E-09 1.2012E-09 1.2624E-09 1.3252E-09 1.3900E-09 1.4572E-09 1.5256E-09 1.5963E-09 1.6688E-09 1.7425E-09 1.8186E-09 1.8958E-09 1.9745E-09 2.0544E-09 2.1358E-09 2.2184E-09 2.3013E-09 2.3856E-09 2.4704E-09 2.5552E-09 2.6407E-09 2.7262E-09 2.8111E-09 2.8959E-09 2.9802E-09 3.0640E-09 3.1462E-09 3.2276E-09 3.3078E-09 3.3857E-09 3.4621E-09 3.5363E-09 3.6078E-09 3.6770E-09
2.9385E-10 3.1499E-10 3.3669E-10 3.6047E-10 3.8558E-10 4.1143E-10 4.3898E-10 4.6833E-10 4.9871E-10 5.3073E-10 5.6473E-10 6.0043E-10 6.3731E-10 6.7636E-10 7.1742E-10 7.5976E-10 8.0442E-10 8.5121E-10 8.9995E-10 9.4993E-10 1.0027E-09 1.0576E-09 1.1139E-09 1.1727E-09 1.2337E-09 1.2964E-09 1.3612E-09 1.4281E-09 1.4969E-09 1.5679E-09 1.6405E-09 1.7150E-09 1.7916E-09 1.8696E-09 1.9494E-09 2.0305E-09 2.1130E-09 2.1972E-09 2.2818E-09 2.3679E-09 2.4547E-09 2.5417E-09 2.6296E-09 2.7177E-09 2.8054E-09 2.8935E-09 2.9807E-09 3.0678E-09 3.1535E-09 3.2389E-09 3.3227E-09 3.4050E-09 3.4852E-09 3.5637E-09 3.6398E-09 3.7136E-09 3.7847E-09
2.9979E-10 3.2165E-10 3.4448E-10 3.6865E-10 3.9381E-10 4.2088E-10 4.4924E-10 4.7868E-10 5.1025E-10 5.4345E-10 5.7779E-10 6.1428E-10 6.5272E-10 6.9302E-10 7.3445E-10 7.7855E-10 8.2464E-10 8.7195E-10 9.2207E-10 9.7430E-10 1.0286E-09 1.0842E-09 1.1428E-09 1.2032E-09 1.2655E-09 1.3305E-09 1.3974E-09 1.4659E-09 1.5370E-09 1.6101E-09 1.6850E-09 1.7619E-09 1.8406E-09 1.9212E-09 2.0032E-09 2.0868E-09 2.1723E-09 2.2583E-09 2.3460E-09 2.4346E-09 2.5237E-09 2.6138E-09 2.7044E-09 2.7947E-09 2.8856E-09 2.9757E-09 3.0661E-09 3.1552E-09 3.2442E-09 3.3318E-09 3.4180E-09 3.5023E-09 3.5853E-09 3.6659E-09 3.7438E-09 3.8194E-09 3.8920E-09
