Assets/Resources/2015_m01_d12_2200(utc+0800)_l00_csi_1hr_conc.grd
DSAA
         159         159
     -79.000      79.000
     -79.000      79.000
  0.0000E+00  0.4462E-05
[rows 0 to 24 of 159, columns 0 to 56 of 159]
4.5688E-11 4.5650E-11 4.5647E-11 4.5097E-11 4.4542E-11 4.3615E-11 4.2510E-11 4.1289E-11 3.9781E-11 3.8277E-11 3.6467E-11 3.4541E-11 3.2538E-11 3.0482E-11 2.8383E-11 2.6175E-11 2.4115E-11 2.1974E-11 1.8877E-11 1.5064E-11 1.1346E-11 8.1338E-12 5.2857E-12 3.1806E-12 3.0204E-12 2.8599E-12 2.7001E-12 2.5700E-12 2.3757E-12 2.1883E-12 2.0431E-12 1.8120E-12 5.7261E-13 0.0000E+00 0.0000E+00 0.0000E+00 0.0000E+00 0.0000E+00 0.0000E+00 0.0000E+00 0.0000E+00 0.0000E+00 0.0000E+00 0.0000E+00 0.0000E+00 0.0000E+00 0.0000E+00 0.0000E+00 0.0000E+00 0.0000E+00 0.0000E+00 0.0000E+00 0.0000E+00 0.0000E+00 0.0000E+00 0.0000E+00 0.0000E+00
5.4320E-11 5.4518E-11 5.4343E-11 5.3812E-11 5.3226E-11 5.2119E-11 5.1009E-11 4.9410E-11 4.7741E-11 4.5840E-11 4.3735E-11 4.1572E-11 3.9302E-11 3.7076E-11 3.4832E-11 3.2588E-11 3.0271E-11 2.7689E-11 2.4917E-11 2.1039E-11 1.6783E-11 1.2527E-11 8.8244E-12 5.6102E-12 3.4731E-12 3.2886E-12 3.1383E-12 2.9128E-12 2.6938E-12 2.5249E-12 2.2528E-12 1.9977E-12 1.7097E-12 0.0000E+00 0.0000E+00 0.0000E+00 0.0000E+00 0.0000E+00 0.0000E+00 0.0000E+00 0.0000E+00 0.0000E+00 0.0000E+00 0.0000E+00 0.0000E+00 0.0000E+00 0.0000E+00 0.0000E+00 0.0000E+00 0.0000E+00 0.0000E+00 0.0000E+00 0.0000E+00 0.0000E+00 0.0000E+00 0.0000E+00 0.0000E+00
6.6654E-11 6.7016E-11 6.6662E-11 6.6301E-11 6.5358E-11 6.4208E-11 6.2864E-11 6.1128E-11 5.9339E-11 5.7167E-11 5.4937E-11 5.2479E-11 4.9842E-11 4.7084E-11 4.4259E-11 4.1381E-11 3.8465E-11 3.5693E-11 3.3117E-11 3.0268E-11 2.5672E-11 2.0459E-11 1.5880E-11 1.1684E-11 8.0825E-12 5.7551E-12 5.3922E-12 5.0354E-12 4.7382E-12 4.3194E-12 3.9201E-12 3.5777E-12 3.1589E-12 1.0550E-12 0.0000E+00 0.0000E+00 0.0000E+00 0.0000E+00 0.0000E+00 0.0000E+00 0.0000E+00 0.0000E+00 0.0000E+00 0.0000E+00 0.0000E+00 0.0000E+00 0.0000E+00 0.0000E+00 0.0000E+00 0.0000E+00 0.0000E+00 0.0000E+00 0.0000E+00 0.0000E+00 0.0000E+00 0.0000E+00 0.0000E+00
7.9865E-11 8.0100E-11 7.9887E-11 7.9550E-11 7.8564E-11 7.7510E-11 7.5828E-11 7.4002E-11 7.1834E-11 6.9363E-11 6.6774E-11 6.3862E-11 6.0872E-11 5.7681E-11 5.4516E-11 5.1346E-11 4.8168E-11 4.4969E-11 4.1601E-11 3.8181E-11 3.4492E-11 2.9503E-11 2.3441E-11 1.8270E-11 1.3625E-11 9.2334E-12 7.3010E-12 6.7717E-12 6.2267E-12 5.7533E-12 5.2562E-12 4.6705E-12 4.1234E-12 3.0220E-12 0.0000E+00 0.0000E+00 0.0000E+00 0.0000E+00 0.0000E+00 0.0000E+00 0.0000E+00 0.0000E+00 0.0000E+00 0.0000E+00 0.0000E+00 0.0000E+00 0.0000E+00 0.0000E+00 0.0000E+00 0.0000E+00 0.0000E+00 0.0000E+00 0.0000E+00 0.0000E+00 0.0000E+00 0.0000E+00 0.0000E+00
9.4771E-11 9.4958E-11 9.5063E-11 9.4374E-11 9.3376E-11 9.2080E-11 9.0261E-11 8.8305E-11 8.5823E-11 8.3196E-11 8.0232E-11 7.7048E-11 7.3746E-11 7.0191E-11 6.6472E-11 6.2653E-11 5.8769E-11 5.4844E-11 5.0969E-11 4.7366E-11 4.3863E-11 4.0031E-11 3.4215E-11 2.7596E-11 2.1678E-11 1.6531E-11 1.1944E-11 9.8235E-12 8.9288E-12 8.1816E-12 7.3884E-12 6.6374E-12 5.9689E-12 5.2440E-12 1.5282E-12 0.0000E+00 0.0000E+00 0.0000E+00 0.0000E+00 0.0000E+00 0.0000E+00 0.0000E+00 0.0000E+00 0.0000E+00 0.0000E+00 0.0000E+00 0.0000E+00 0.0000E+00 0.0000E+00 0.0000E+00 0.0000E+00 0.0000E+00 0.0000E+00 0.0000E+00 0.0000E+00 0.0000E+00 0.0000E+00
1.1057E-10 1.1093E-10 1.1106E-10 1.1048E-10 1.0975E-10 1.0821E-10 1.0643E-10 1.0416E-10 1.0145E-10 9.8509E-11 9.5093E-11 9.1494E-11 8.7521E-11 8.3351E-11 7.9090E-11 7.4807E-11 7.0540E-11 6.6257E-11 6.1986E-11 5.7583E-11 5.3083E-11 4.8643E-11 4.4528E-11 3.8029E-11 3.0620E-11 2.4235E-11 1.8014E-11 1.3050E-11 1.1604E-11 1.0357E-11 9.1828E-12 8.2934E-12 7.3363E-12 6.4460E-12 4.5119E-12 0.0000E+00 0.0000E+00 0.0000E+00 0.0000E+00 0.0000E+00 0.0000E+00 0.0000E+00 0.0000E+00 0.0000E+00 0.0000E+00 0.0000E+00 0.0000E+00 0.0000E+00 0.0000E+00 0.0000E+00 0.0000E+00 0.0000E+00 0.0000E+00 0.0000E+00 0.0000E+00 0.0000E+00 0.0000E+00
1.2948E-10 1.3038E-10 1.3040E-10 1.2999E-10 1.2910E-10 1.2747E-10 1.2556E-10 1.2295E-10 1.2014E-10 1.1671E-10 1.1299E-10 1.0902E-10 1.0471E-10 1.0021E-10 9.5410E-11 9.0399E-11 8.5216E-11 7.9930E-11 7.4562E-11 6.9276E-11 6.4387E-11 5.9723E-11 5.4908E-11 4.9877E-11 4.2504E-11 3.4649E-11 2.7485E-11 2.0331E-11 1.5835E-11 1.4186E-11 1.2558E-11 1.0822E-11 9.6330E-12 8.5809E-12 7.4993E-12 1.7863E-12 0.0000E+00 0.0000E+00 0.0000E+00 0.0000E+00 0.0000E+00 0.0000E+00 0.0000E+00 0.0000E+00 0.0000E+00 0.0000E+00 0.0000E+00 0.0000E+00 0.0000E+00 0.0000E+00 0.0000E+00 0.0000E+00 0.0000E+00 0.0000E+00 0.0000E+00 0.0000E+00 0.0000E+00
1.4929E-10 1.5007E-10 1.5001E-10 1.4982E-10 1.4871E-10 1.4723E-10 1.4511E-10 1.4239E-10 1.3930E-10 1.3556E-10 1.3152E-10 1.2693E-10 1.2202E-10 1.1683E-10 1.1134E-10 1.0566E-10 9.9955E-11 9.4279E-11 8.8596E-11 8.2936E-11 7.7122E-11 7.0962E-11 6.4813E-11 5.9455E-11 5.4043E-11 4.5818E-11 3.7231E-11 2.8973E-11 2.1863E-11 1.7908E-11 1.5800E-11 1.3716E-11 1.2123E-11 1.0248E-11 8.9583E-12 6.0904E-12 0.0000E+00 0.0000E+00 0.0000E+00 0.0000E+00 0.0000E+00 0.0000E+00 0.0000E+00 0.0000E+00 0.0000E+00 0.0000E+00 0.0000E+00 0.0000E+00 0.0000E+00 0.0000E+00 0.0000E+00 0.0000E+00 0.0000E+00 0.0000E+00 0.0000E+00 0.0000E+00 0.0000E+00
1.7409E-10 1.7524E-10 1.7582E-10 1.7582E-10 1.7494E-10 1.7362E-10 1.7130E-10 1.6857E-10 1.6501E-10 1.6095E-10 1.5648E-10 1.5144E-10 1.4606E-10 1.4026E-10 1.3417E-10 1.2780E-10 1.2114E-10 1.1423E-10 1.0724E-10 1.0035E-10 9.3262E-11 8.6580E-11 8.0298E-11 7.3711E-11 6.6744E-11 6.0363E-11 5.1019E-11 4.1503E-11 3.2450E-11 2.5149E-11 2.1509E-11 1.8991E-11 1.6681E-11 1.4231E-11 1.2124E-11 1.0422E-11 1.3495E-12 0.0000E+00 0.0000E+00 0.0000E+00 0.0000E+00 0.0000E+00 0.0000E+00 0.0000E+00 0.0000E+00 0.0000E+00 0.0000E+00 0.0000E+00 0.0000E+00 0.0000E+00 0.0000E+00 0.0000E+00 0.0000E+00 0.0000E+00 0.0000E+00 0.0000E+00 0.0000E+00
1.9841E-10 1.9955E-10 2.0031E-10 1.9986E-10 1.9895E-10 1.9729E-10 1.9486E-10 1.9188E-10 1.8806E-10 1.8375E-10 1.7870E-10 1.7314E-10 1.6714E-10 1.6067E-10 1.5384E-10 1.4671E-10 1.3932E-10 1.3184E-10 1.2440E-10 1.1664E-10 1.0888E-10 1.0113E-10 9.2954E-11 8.4901E-11 7.7597E-11 7.0487E-11 6.3223E-11 5.2412E-11 4.2000E-11 3.2397E-11 2.5496E-11 2.2199E-11 1.9367E-11 1.6945E-11 1.3921E-11 1.1645E-11 7.4075E-12 0.0000E+00 0.0000E+00 0.0000E+00 0.0000E+00 0.0000E+00 0.0000E+00 0.0000E+00 0.0000E+00 0.0000E+00 0.0000E+00 0.0000E+00 0.0000E+00 0.0000E+00 0.0000E+00 0.0000E+00 0.0000E+00 0.0000E+00 0.0000E+00 0.0000E+00 0.0000E+00
2.2812E-10 2.3000E-10 2.3111E-10 2.3124E-10 2.3078E-10 2.2918E-10 2.2701E-10 2.2372E-10 2.1971E-10 2.1503E-10 2.0955E-10 2.0350E-10 1.9678E-10 1.8958E-10 1.8197E-10 1.7400E-10 1.6570E-10 1.5720E-10 1.4830E-10 1.3919E-10 1.3037E-10 1.2115E-10 1.1221E-10 1.0359E-10 9.4699E-11 8.5639E-11 7.7264E-11 6.9358E-11 5.7365E-11 4.4688E-11 3.5059E-11 2.9144E-11 2.5348E-11 2.2317E-11 1.8988E-11 1.5698E-11 1.2941E-11 8.4044E-13 0.0000E+00 0.0000E+00 0.0000E+00 0.0000E+00 0.0000E+00 0.0000E+00 0.0000E+00 0.0000E+00 0.0000E+00 0.0000E+00 0.0000E+00 0.0000E+00 0.0000E+00 0.0000E+00 0.0000E+00 0.0000E+00 0.0000E+00 0.0000E+00 0.0000E+00
2.5825E-10 2.6086E-10 2.6204E-10 2.6248E-10 2.6181E-10 2.6012E-10 2.5771E-10 2.5423E-10 2.5003E-10 2.4481E-10 2.3884E-10 2.3217E-10 2.2477E-10 2.1678E-10 2.0827E-10 1.9928E-10 1.9001E-10 1.8024E-10 1.7026E-10 1.6037E-10 1.5009E-10 1.3982E-10 1.2978E-10 1.1928E-10 1.0909E-10 9.9560E-11 8.9992E-11 8.0384E-11 7.0890E-11 5.7521E-11 4.4809E-11 3.3832E-11 2.9843E-11 2.5764E-11 2.2338E-11 1.8496E-11 1.5527E-11 7.5090E-12 0.0000E+00 0.0000E+00 0.0000E+00 0.0000E+00 0.0000E+00 0.0000E+00 0.0000E+00 0.0000E+00 0.0000E+00 0.0000E+00 0.0000E+00 0.0000E+00 0.0000E+00 0.0000E+00 0.0000E+00 0.0000E+00 0.0000E+00 0.0000E+00 0.0000E+00
2.9408E-10 2.9684E-10 2.9852E-10 2.9946E-10 2.9902E-10 2.9779E-10 2.9521E-10 2.9166E-10 2.8721E-10 2.8168E-10 2.7528E-10 2.6794E-10 2.5982E-10 2.5099E-10 2.4153E-10 2.3165E-10 2.2115E-10 2.1028E-10 1.9923E-10 1.8760E-10 1.7571E-10 1.6400E-10 1.5187E-10 1.4002E-10 1.2896E-10 1.1766E-10 1.0647E-10 9.6009E-11 8.5902E-11 7.4374E-11 5.9461E-11 4.5900E-11 3.6687E-11 3.2047E-11 2.7610E-11 2.3372E-11 1.9828E-11 1.5890E-11 5.3467E-13 0.0000E+00 0.0000E+00 0.0000E+00 0.0000E+00 0.0000E+00 0.0000E+00 0.0000E+00 0.0000E+00 0.0000E+00 0.0000E+00 0.0000E+00 0.0000E+00 0.0000E+00 0.0000E+00 0.0000E+00 0.0000E+00 0.0000E+00 0.0000E+00
3.3675E-10 3.4017E-10 3.4281E-10 3.4406E-10 3.4406E-10 3.4300E-10 3.4046E-10 3.3693E-10 3.3212E-10 3.2623E-10 3.1932E-10 3.1134E-10 3.0245E-10 2.9270E-10 2.8230E-10 2.7102E-10 2.5917E-10 2.4700E-10 2.3406E-10 2.2079E-10 2.0769E-10 1.9401E-10 1.8046E-10 1.6727E-10 1.5355E-10 1.4016E-10 1.2761E-10 1.1556E-10 1.0367E-10 9.2523E-11 7.9268E-11 6.2225E-11 4.7054E-11 4.1144E-11 3.5430E-11 3.0298E-11 2.5786E-11 2.1572E-11 1.0252E-11 2.2599E-12 2.0749E-12 1.8991E-12 1.7329E-12 1.5763E-12 1.4294E-12 1.2921E-12 1.1645E-12 1.0461E-12 0.0000E+00 0.0000E+00 0.0000E+00 0.0000E+00 0.0000E+00 0.0000E+00 0.0000E+00 0.0000E+00 0.0000E+00
3.7946E-10 3.8367E-10 3.8679E-10 3.8845E-10 3.8908E-10 3.8804E-10 3.8572E-10 3.8217E-10 3.7716E-10 3.7097E-10 3.6348E-10 3.5483E-10 3.4510E-10 3.3448E-10 3.2277E-10 3.1025E-10 2.9726E-10 2.8332E-10 2.6895E-10 2.5441E-10 2.3903E-10 2.2351E-10 2.0813E-10 1.9247E-10 1.7708E-10 1.6273E-10 1.4825E-10 1.3391E-10 1.2028E-10 1.0779E-10 9.4802E-11 7.9929E-11 6.2003E-11 4.8729E-11 4.2281E-11 3.6235E-11 3.0417E-11 2.5900E-11 1.9470E-11 3.9714E-12 2.3591E-12 2.1593E-12 1.9703E-12 1.7922E-12 1.6252E-12 1.4692E-12 1.3240E-12 1.1895E-12 1.0653E-12 0.0000E+00 0.0000E+00 0.0000E+00 0.0000E+00 0.0000E+00 0.0000E+00 0.0000E+00 0.0000E+00
4.3044E-10 4.3602E-10 4.3993E-10 4.4241E-10 4.4369E-10 4.4314E-10 4.4122E-10 4.3750E-10 4.3230E-10 4.2577E-10 4.1777E-10 4.0844E-10 3.9796E-10 3.8612E-10 3.7321E-10 3.5956E-10 3.4464E-10 3.2901E-10 3.1303E-10 2.9598E-10 2.7858E-10 2.6135E-10 2.4360E-10 2.2612E-10 2.0912E-10 1.9187E-10 1.7481E-10 1.5864E-10 1.4346E-10 1.2862E-10 1.1416E-10 9.9573E-11 8.2019E-11 6.2895E-11 5.2814E-11 4.5687E-11 3.8662E-11 3.2934E-11 2.8114E-11 1.2945E-11 6.0843E-12 4.5734E-12 4.1748E-12 3.7989E-12 3.4459E-12 3.1159E-12 2.8085E-12 2.5235E-12 1.2075E-12 1.0780E-12 0.0000E+00 0.0000E+00 0.0000E+00 0.0000E+00 0.0000E+00 0.0000E+00 0.0000E+00
4.8692E-10 4.9384E-10 4.9881E-10 5.0230E-10 5.0389E-10 5.0390E-10 5.0231E-10 4.9883E-10 4.9373E-10 4.8685E-10 4.7836E-10 4.6844E-10 4.5687E-10 4.4391E-10 4.2988E-10 4.1433E-10 3.9772E-10 3.8055E-10 3.6203E-10 3.4299E-10 3.2380E-10 3.0376E-10 2.8363E-10 2.6376E-10 2.4362E-10 2.2388E-10 2.0524E-10 1.8682E-10 1.6890E-10 1.5155E-10 1.3549E-10 1.2040E-10 1.0293E-10 8.2667E-11 6.5862E-11 5.6134E-11 4.8259E-11 4.0784E-11 3.4953E-11 2.4561E-11 1.0330E-11 7.8975E-12 6.4719E-12 5.8800E-12 5.3252E-12 4.8072E-12 4.3257E-12 2.8631E-12 2.5644E-12 2.2896E-12 1.0842E-12 0.0000E+00 0.0000E+00 0.0000E+00 0.0000E+00 0.0000E+00 0.0000E+00
5.4872E-10 5.5667E-10 5.6298E-10 5.6764E-10 5.7023E-10 5.7115E-10 5.6994E-10 5.6683E-10 5.6158E-10 5.5440E-10 5.4550E-10 5.3472E-10 5.2222E-10 5.0831E-10 4.9256E-10 4.7544E-10 4.5740E-10 4.3766E-10 4.1702E-10 3.9593E-10 3.7372E-10 3.5115E-10 3.2877E-10 3.0595E-10 2.8349E-10 2.6168E-10 2.3986E-10 2.1831E-10 1.9788E-10 1.7853E-10 1.6011E-10 1.4209E-10 1.2467E-10 1.0554E-10 8.4379E-11 6.9554E-11 5.9524E-11 5.0679E-11 4.3230E-11 3.4253E-11 1.8721E-11 1.2787E-11 9.9672E-12 8.6561E-12 7.8441E-12 7.0853E-12 6.3791E-12 5.7247E-12 4.0858E-12 2.5896E-12 2.3048E-12 1.0837E-12 0.0000E+00 0.0000E+00 0.0000E+00 0.0000E+00 0.0000E+00
6.1620E-10 6.2582E-10 6.3397E-10 6.3972E-10 6.4336E-10 6.4489E-10 6.4423E-10 6.4147E-10 6.3639E-10 6.2921E-10 6.1980E-10 6.0833E-10 5.9506E-10 5.7962E-10 5.6240E-10 5.4384E-10 5.2330E-10 5.0140E-10 4.7873E-10 4.5456E-10 4.2981E-10 4.0495E-10 3.7928E-10 3.5353E-10 3.2824E-10 3.0263E-10 2.7769E-10 2.5384E-10 2.3075E-10 2.0854E-10 1.8691E-10 1.6671E-10 1.4841E-10 1.2761E-10 1.0798E-10 8.5729E-11 7.2560E-11 6.2027E-11 5.2988E-11 4.4851E-11 3.0301E-11 1.8014E-11 1.4710E-11 1.1680E-11 1.0487E-11 9.4654E-12 8.5156E-12 7.6361E-12 5.8051E-12 4.1295E-12 2.5985E-12 2.3054E-12 1.0764E-12 0.0000E+00 0.0000E+00 0.0000E+00 0.0000E+00
6.8969E-10 7.0122E-10 7.1075E-10 7.1801E-10 7.2315E-10 7.2570E-10 7.2593E-10 7.2368E-10 7.1889E-10 7.1154E-10 7.0167E-10 6.8959E-10 6.7497E-10 6.5820E-10 6.3968E-10 6.1878E-10 5.9615E-10 5.7232E-10 5.4656E-10 5.1977E-10 4.9249E-10 4.6407E-10 4.3533E-10 4.0687E-10 3.7791E-10 3.4943E-10 3.2185E-10 2.9450E-10 2.6773E-10 2.4222E-10 2.1800E-10 1.9549E-10 1.7382E-10 1.5305E-10 1.3134E-10 1.0977E-10 8.8630E-11 7.5818E-11 6.4704E-11 5.5584E-11 4.1128E-11 2.5373E-11 2.0600E-11 1.6879E-11 1.3907E-11 1.2559E-11 1.1304E-11 1.0141E-11 9.0677E-12 7.0436E-12 4.1470E-12 2.7320E-12 2.2679E-12 0.0000E+00 0.0000E+00 0.0000E+00 0.0000E+00
7.7557E-10 7.8983E-10 8.0155E-10 8.1095E-10 8.1792E-10 8.2198E-10 8.2321E-10 8.2156E-10 8.1706E-10 8.0978E-10 7.9983E-10 7.8692E-10 7.7139E-10 7.5360E-10 7.3301E-10 7.1022E-10 6.8564E-10 6.5868E-10 6.3011E-10 6.0057E-10 5.6937E-10 5.3750E-10 5.0553E-10 4.7276E-10 4.4010E-10 4.0810E-10 3.7593E-10 3.4475E-10 3.1475E-10 2.8593E-10 2.5833E-10 2.3171E-10 2.0684E-10 1.8449E-10 1.6065E-10 1.3853E-10 1.1245E-10 9.3803E-11 8.0869E-11 6.9296E-11 5.5694E-11 3.9182E-11 2.8791E-11 2.4408E-11 1.9911E-11 1.7239E-11 1.5495E-11 1.2770E-11 1.0260E-11 9.3157E-12 7.1430E-12 4.1208E-12 2.4789E-12 6.1338E-13 0.0000E+00 0.0000E+00 0.0000E+00
8.6278E-10 8.7969E-10 8.9378E-10 9.0514E-10 9.1346E-10 9.1894E-10 9.2122E-10 9.2039E-10 9.1649E-10 9.0956E-10 8.9931E-10 8.8589E-10 8.6964E-10 8.5011E-10 8.2784E-10 8.0327E-10 7.7581E-10 7.4621E-10 7.1512E-10 6.8184E-10 6.4738E-10 6.1231E-10 5.7603E-10 5.3943E-10 5.0323E-10 4.6665E-10 4.3071E-10 3.9591E-10 3.6185E-10 3.2907E-10 2.9774E-10 2.6829E-10 2.4090E-10 2.1481E-10 1.9035E-10 1.6564E-10 1.4136E-10 1.1498E-10 9.6506E-11 8.3106E-11 6.9094E-11 5.1922E-11 3.6468E-11 3.1596E-11 2.6603E-11 2.1708E-11 1.9410E-11 1.7601E-11 1.4491E-11 1.1637E-11 1.0245E-11 7.0572E-12 3.9478E-12 1.2238E-12 0.0000E+00 0.0000E+00 0.0000E+00
9.6344E-10 9.8296E-10 9.9977E-10 1.0137E-09 1.0244E-09 1.0320E-09 1.0361E-09 1.0366E-09 1.0336E-09 1.0269E-09 1.0165E-09 1.0027E-09 9.8513E-10 9.6424E-10 9.4047E-10 9.1324E-10 8.8330E-10 8.5116E-10 8.1625E-10 7.7949E-10 7.4156E-10 7.0182E-10 6.6132E-10 6.2081E-10 5.7957E-10 5.3863E-10 4.9850E-10 4.5884E-10 4.2021E-10 3.8310E-10 3.4770E-10 3.1421E-10 2.8240E-10 2.5273E-10 2.2609E-10 1.9974E-10 1.7296E-10 1.4285E-10 1.1917E-10 1.0131E-10 8.6113E-11 6.7306E-11 5.0182E-11 4.1210E-11 3.5524E-11 2.9847E-11 2.5090E-11 2.2344E-11 1.8708E-11 1.4481E-11 1.2209E-11 1.0067E-11 5.3295E-12 2.4408E-12 0.0000E+00 0.0000E+00 0.0000E+00
1.0663E-09 1.0891E-09 1.1091E-09 1.1259E-09 1.1392E-09 1.1487E-09 1.1544E-09 1.1561E-09 1.1537E-09 1.1474E-09 1.1373E-09 1.1230E-09 1.1047E-09 1.0829E-09 1.0570E-09 1.0277E-09 9.9549E-10 9.5987E-10 9.2166E-10 8.8163E-10 8.3913E-10 7.9525E-10 7.5068E-10 7.0486E-10 6.5879E-10 6.1315E-10 5.6762E-10 5.2306E-10 4.7996E-10 4.3845E-10 3.9895E-10 3.6109E-10 3.2516E-10 2.9192E-10 2.6075E-10 2.3156E-10 2.0447E-10 1.7596E-10 1.4494E-10 1.2061E-10 1.0325E-10 8.2890E-11 6.3979E-11 5.0818E-11 4.4249E-11 3.7603E-11 3.0663E-11 2.7165E-11 2.4245E-11 2.0107E-11 1.5212E-11 1.1374E-11 7.9471E-12 3.8668E-12 0.0000E+00 0.0000E+00 0.0000E+00
1.1817E-09 1.2087E-09 1.2324E-09 1.2524E-09 1.2684E-09 1.2804E-09 1.2883E-09 1.2920E-09 1.2912E-09 1.2859E-09 1.2761E-09 1.2616E-09 1.2428E-09 1.2194E-09 1.1918E-09 1.1604E-09 1.1250E-09 1.0862E-09 1.0447E-09 1.0000E-09 9.5322E-10 9.0505E-10 8.5494E-10 8.0404E-10 7.5300E-10 7.0163E-10 6.5084E-10 6.0110E-10 5.5255E-10 5.0544E-10 4.6042E-10 4.1775E-10 3.7784E-10 3.4050E-10 3.0427E-10 2.7167E-10 2.4075E-10 2.1094E-10 1.7811E-10 1.4874E-10 1.2410E-10 1.0270E-10 8.1265E-11 6.2377E-11 5.5092E-11 4.8022E-11 4.0438E-11 3.3306E-11 2.8049E-11 2.4572E-11 1.9310E-11 1.4479E-11 8.9007E-12 4.3553E-12 1.3888E-12 0.0000E+00 0.0000E+00
