Assets/Resources/2015_m01_d26_1400(utc+0800)_l00_csi_1hr_conc.grd
DSAA
         159         159
     -79.000      79.000
     -79.000      79.000
  0.0000E+00  0.4661E-05
[rows 25 to 49 of 159, columns 0 to 56 of 159]
7.8608E-09 8.2005E-09 8.5528E-09 8.9154E-09 9.3007E-09 9.7036E-09 1.0120E-08 1.0556E-08 1.1016E-08 1.1496E-08 1.1991E-08 1.2513E-08 1.3058E-08 1.3621E-08 1.4201E-08 1.4802E-08 1.5422E-08 1.6057E-08 1.6709E-08 1.7372E-08 1.8045E-08 1.8724E-08 1.9401E-08 2.0076E-08 2.0746E-08 2.1399E-08 2.2031E-08 2.2636E-08 2.3207E-08 2.3729E-08 2.4194E-08 2.4599E-08 2.4936E-08 2.5199E-08 2.5377E-08 2.5468E-08 2.5466E-08 2.5368E-08 2.5173E-08 2.4879E-08 2.4488E-08 2.4003E-08 2.3428E-08 2.2771E-08 2.2040E-08 2.1245E-08 2.0395E-08 1.9499E-08 1.8571E-08 1.7626E-08 1.6678E-08 1.5741E-08 1.4820E-08 1.3928E-08 1.3070E-08 1.2254E-08 1.1481E-08
7.8437E-09 8.1855E-09 8.5376E-09 8.9059E-09 9.2972E-09 9.7036E-09 1.0125E-08 1.0573E-08 1.1043E-08 1.1528E-08 1.2036E-08 1.2574E-08 1.3132E-08 1.3708E-08 1.4307E-08 1.4928E-08 1.5568E-08 1.6230E-08 1.6908E-08 1.7599E-08 1.8303E-08 1.9012E-08 1.9725E-08 2.0441E-08 2.1147E-08 2.1835E-08 2.2498E-08 2.3130E-08 2.3737E-08 2.4297E-08 2.4794E-08 2.5223E-08 2.5580E-08 2.5857E-08 2.6046E-08 2.6143E-08 2.6141E-08 2.6039E-08 2.5833E-08 2.5521E-08 2.5106E-08 2.4591E-08 2.3982E-08 2.3287E-08 2.2514E-08 2.1675E-08 2.0781E-08 1.9843E-08 1.8877E-08 1.7895E-08 1.6905E-08 1.5927E-08 1.4971E-08 1.4049E-08 1.3163E-08 1.2317E-08 1.1515E-08
7.8160E-09 8.1589E-09 8.5124E-09 8.8872E-09 9.2815E-09 9.6908E-09 1.0120E-08 1.0576E-08 1.1051E-08 1.1544E-08 1.2068E-08 1.2619E-08 1.3187E-08 1.3779E-08 1.4396E-08 1.5037E-08 1.5700E-08 1.6386E-08 1.7090E-08 1.7811E-08 1.8545E-08 1.9289E-08 2.0042E-08 2.0793E-08 2.1535E-08 2.2265E-08 2.2971E-08 2.3640E-08 2.4273E-08 2.4858E-08 2.5388E-08 2.5846E-08 2.6229E-08 2.6528E-08 2.6734E-08 2.6839E-08 2.6839E-08 2.6729E-08 2.6509E-08 2.6176E-08 2.5736E-08 2.5190E-08 2.4548E-08 2.3816E-08 2.3004E-08 2.2124E-08 2.1184E-08 2.0199E-08 1.9182E-08 1.8154E-08 1.7126E-08 1.6115E-08 1.5122E-08 1.4164E-08 1.3244E-08 1.2371E-08 1.1546E-08
7.7782E-09 8.1204E-09 8.4755E-09 8.8551E-09 9.2527E-09 9.6643E-09 1.0102E-08 1.0565E-08 1.1043E-08 1.1548E-08 1.2085E-08 1.2643E-08 1.3224E-08 1.3833E-08 1.4467E-08 1.5127E-08 1.5813E-08 1.6523E-08 1.7253E-08 1.8004E-08 1.8771E-08 1.9553E-08 2.0341E-08 2.1127E-08 2.1915E-08 2.2690E-08 2.3440E-08 2.4149E-08 2.4807E-08 2.5424E-08 2.5990E-08 2.6484E-08 2.6894E-08 2.7212E-08 2.7428E-08 2.7540E-08 2.7539E-08 2.7423E-08 2.7188E-08 2.6837E-08 2.6371E-08 2.5797E-08 2.5119E-08 2.4348E-08 2.3494E-08 2.2568E-08 2.1585E-08 2.0557E-08 1.9500E-08 1.8431E-08 1.7359E-08 1.6298E-08 1.5268E-08 1.4275E-08 1.3319E-08 1.2416E-08 1.1559E-08
7.7302E-09 8.0713E-09 8.4300E-09 8.8121E-09 9.2097E-09 9.6246E-09 1.0070E-08 1.0536E-08 1.1019E-08 1.1538E-08 1.2083E-08 1.2649E-08 1.3243E-08 1.3866E-08 1.4516E-08 1.5197E-08 1.5904E-08 1.6637E-08 1.7396E-08 1.8177E-08 1.8978E-08 1.9794E-08 2.0618E-08 2.1451E-08 2.2282E-08 2.3098E-08 2.3894E-08 2.4650E-08 2.5352E-08 2.6000E-08 2.6593E-08 2.7112E-08 2.7546E-08 2.7883E-08 2.8115E-08 2.8238E-08 2.8242E-08 2.8124E-08 2.7880E-08 2.7511E-08 2.7022E-08 2.6417E-08 2.5705E-08 2.4895E-08 2.3998E-08 2.3026E-08 2.1994E-08 2.0915E-08 1.9807E-08 1.8689E-08 1.7579E-08 1.6484E-08 1.5418E-08 1.4378E-08 1.3388E-08 1.2458E-08 1.1573E-08
7.6716E-09 8.0112E-09 8.3732E-09 8.7569E-09 9.1533E-09 9.5749E-09 1.0024E-08 1.0489E-08 1.0982E-08 1.1509E-08 1.2060E-08 1.2636E-08 1.3242E-08 1.3877E-08 1.4546E-08 1.5244E-08 1.5971E-08 1.6729E-08 1.7515E-08 1.8326E-08 1.9159E-08 2.0011E-08 2.0878E-08 2.1754E-08 2.2626E-08 2.3485E-08 2.4330E-08 2.5141E-08 2.5895E-08 2.6576E-08 2.7190E-08 2.7733E-08 2.8196E-08 2.8561E-08 2.8816E-08 2.8951E-08 2.8958E-08 2.8834E-08 2.8579E-08 2.8192E-08 2.7678E-08 2.7044E-08 2.6297E-08 2.5448E-08 2.4507E-08 2.3489E-08 2.2410E-08 2.1286E-08 2.0135E-08 1.8973E-08 1.7814E-08 1.6667E-08 1.5557E-08 1.4488E-08 1.3458E-08 1.2483E-08 1.1569E-08
7.6013E-09 7.9398E-09 8.3046E-09 8.6870E-09 9.0837E-09 9.5105E-09 9.9604E-09 1.0428E-08 1.0930E-08 1.1461E-08 1.2016E-08 1.2602E-08 1.3218E-08 1.3868E-08 1.4551E-08 1.5264E-08 1.6013E-08 1.6795E-08 1.7607E-08 1.8446E-08 1.9314E-08 2.0204E-08 2.1113E-08 2.2027E-08 2.2940E-08 2.3854E-08 2.4746E-08 2.5610E-08 2.6418E-08 2.7143E-08 2.7787E-08 2.8356E-08 2.8838E-08 2.9226E-08 2.9497E-08 2.9643E-08 2.9654E-08 2.9530E-08 2.9266E-08 2.8866E-08 2.8332E-08 2.7671E-08 2.6890E-08 2.6001E-08 2.5017E-08 2.3952E-08 2.2823E-08 2.1648E-08 2.0446E-08 1.9234E-08 1.8031E-08 1.6848E-08 1.5696E-08 1.4579E-08 1.3515E-08 1.2509E-08 1.1564E-08
7.5208E-09 7.8600E-09 8.2244E-09 8.6038E-09 9.0021E-09 9.4310E-09 9.8796E-09 1.0350E-08 1.0859E-08 1.1393E-08 1.1954E-08 1.2546E-08 1.3172E-08 1.3833E-08 1.4529E-08 1.5259E-08 1.6028E-08 1.6832E-08 1.7667E-08 1.8537E-08 1.9439E-08 2.0366E-08 2.1311E-08 2.2266E-08 2.3232E-08 2.4191E-08 2.5131E-08 2.6043E-08 2.6911E-08 2.7697E-08 2.8381E-08 2.8969E-08 2.9466E-08 2.9869E-08 3.0163E-08 3.0327E-08 3.0350E-08 3.0228E-08 2.9959E-08 2.9545E-08 2.8990E-08 2.8300E-08 2.7486E-08 2.6557E-08 2.5530E-08 2.4419E-08 2.3243E-08 2.2021E-08 2.0770E-08 1.9510E-08 1.8259E-08 1.7021E-08 1.5819E-08 1.4669E-08 1.3572E-08 1.2523E-08 1.1550E-08
7.4303E-09 7.7695E-09 8.1318E-09 8.5086E-09 8.9083E-09 9.3362E-09 9.7835E-09 1.0259E-08 1.0768E-08 1.1304E-08 1.1870E-08 1.2468E-08 1.3102E-08 1.3773E-08 1.4478E-08 1.5226E-08 1.6012E-08 1.6834E-08 1.7695E-08 1.8595E-08 1.9528E-08 2.0489E-08 2.1471E-08 2.2474E-08 2.3485E-08 2.4487E-08 2.5478E-08 2.6443E-08 2.7365E-08 2.8213E-08 2.8946E-08 2.9565E-08 3.0084E-08 3.0500E-08 3.0813E-08 3.0995E-08 3.1029E-08 3.0910E-08 3.0638E-08 3.0215E-08 2.9644E-08 2.8931E-08 2.8086E-08 2.7120E-08 2.6051E-08 2.4894E-08 2.3669E-08 2.2396E-08 2.1092E-08 1.9782E-08 1.8477E-08 1.7195E-08 1.5951E-08 1.4753E-08 1.3607E-08 1.2533E-08 1.1525E-08
7.3297E-09 7.6674E-09 8.0274E-09 8.4002E-09 8.7997E-09 9.2265E-09 9.6714E-09 1.0149E-08 1.0659E-08 1.1195E-08 1.1763E-08 1.2366E-08 1.3006E-08 1.3683E-08 1.4402E-08 1.5162E-08 1.5962E-08 1.6802E-08 1.7689E-08 1.8615E-08 1.9577E-08 2.0570E-08 2.1594E-08 2.2639E-08 2.3689E-08 2.4741E-08 2.5784E-08 2.6800E-08 2.7769E-08 2.8677E-08 2.9479E-08 3.0147E-08 3.0689E-08 3.1114E-08 3.1431E-08 3.1630E-08 3.1679E-08 3.1572E-08 3.1303E-08 3.0875E-08 3.0289E-08 2.9554E-08 2.8679E-08 2.7677E-08 2.6566E-08 2.5364E-08 2.4092E-08 2.2768E-08 2.1416E-08 2.0052E-08 1.8695E-08 1.7361E-08 1.6062E-08 1.4819E-08 1.3640E-08 1.2531E-08 1.1491E-08
7.2192E-09 7.5543E-09 7.9098E-09 8.2787E-09 8.6773E-09 9.1000E-09 9.5421E-09 1.0020E-08 1.0530E-08 1.1065E-08 1.1634E-08 1.2240E-08 1.2884E-08 1.3566E-08 1.4294E-08 1.5064E-08 1.5875E-08 1.6737E-08 1.7644E-08 1.8592E-08 1.9581E-08 2.0609E-08 2.1670E-08 2.2750E-08 2.3843E-08 2.4946E-08 2.6038E-08 2.7100E-08 2.8120E-08 2.9080E-08 2.9951E-08 3.0680E-08 3.1258E-08 3.1701E-08 3.2026E-08 3.2241E-08 3.2315E-08 3.2222E-08 3.1960E-08 3.1529E-08 3.0933E-08 3.0179E-08 2.9279E-08 2.8247E-08 2.7098E-08 2.5853E-08 2.4532E-08 2.3157E-08 2.1752E-08 2.0331E-08 1.8919E-08 1.7532E-08 1.6186E-08 1.4896E-08 1.3662E-08 1.2521E-08 1.1457E-08
7.0986E-09 7.4307E-09 7.7805E-09 8.1448E-09 8.5411E-09 8.9586E-09 9.3968E-09 9.8743E-09 1.0380E-08 1.0913E-08 1.1482E-08 1.2088E-08 1.2733E-08 1.3421E-08 1.4154E-08 1.4930E-08 1.5755E-08 1.6631E-08 1.7554E-08 1.8524E-08 1.9540E-08 2.0598E-08 2.1689E-08 2.2805E-08 2.3945E-08 2.5092E-08 2.6228E-08 2.7339E-08 2.8411E-08 2.9423E-08 3.0354E-08 3.1160E-08 3.1796E-08 3.2275E-08 3.2609E-08 3.2820E-08 3.2908E-08 3.2834E-08 3.2584E-08 3.2157E-08 3.1556E-08 3.0789E-08 2.9866E-08 2.8802E-08 2.7618E-08 2.6329E-08 2.4960E-08 2.3536E-08 2.2075E-08 2.0599E-08 1.9134E-08 1.7691E-08 1.6293E-08 1.4946E-08 1.3679E-08 1.2496E-08 1.1410E-08
6.9686E-09 7.2963E-09 7.6397E-09 7.9994E-09 8.3910E-09 8.8022E-09 9.2373E-09 9.7105E-09 1.0210E-08 1.0740E-08 1.1307E-08 1.1911E-08 1.2555E-08 1.3245E-08 1.3980E-08 1.4761E-08 1.5597E-08 1.6484E-08 1.7420E-08 1.8409E-08 1.9447E-08 2.0532E-08 2.1651E-08 2.2805E-08 2.3984E-08 2.5170E-08 2.6350E-08 2.7512E-08 2.8633E-08 2.9693E-08 3.0676E-08 3.1551E-08 3.2262E-08 3.2790E-08 3.3147E-08 3.3360E-08 3.3463E-08 3.3416E-08 3.3184E-08 3.2766E-08 3.2164E-08 3.1385E-08 3.0444E-08 2.9355E-08 2.8134E-08 2.6806E-08 2.5395E-08 2.3917E-08 2.2400E-08 2.0870E-08 1.9342E-08 1.7843E-08 1.6391E-08 1.4999E-08 1.3693E-08 1.2471E-08 1.1352E-08
6.8294E-09 7.1515E-09 7.4880E-09 7.8422E-09 8.2271E-09 8.6311E-09 9.0612E-09 9.5285E-09 1.0021E-08 1.0547E-08 1.1108E-08 1.1708E-08 1.2350E-08 1.3039E-08 1.3771E-08 1.4558E-08 1.5399E-08 1.6292E-08 1.7240E-08 1.8245E-08 1.9303E-08 2.0406E-08 2.1553E-08 2.2741E-08 2.3954E-08 2.5177E-08 2.6402E-08 2.7607E-08 2.8775E-08 2.9887E-08 3.0924E-08 3.1860E-08 3.2651E-08 3.3248E-08 3.3657E-08 3.3890E-08 3.3987E-08 3.3952E-08 3.3740E-08 3.3333E-08 3.2737E-08 3.1957E-08 3.1004E-08 2.9895E-08 2.8646E-08 2.7284E-08 2.5823E-08 2.4296E-08 2.2728E-08 2.1138E-08 1.9553E-08 1.7998E-08 1.6484E-08 1.5039E-08 1.3684E-08 1.2435E-08 1.1286E-08
6.6818E-09 6.9969E-09 7.3255E-09 7.6729E-09 8.0502E-09 8.4458E-09 8.8693E-09 9.3290E-09 9.8132E-09 1.0331E-08 1.0886E-08 1.1479E-08 1.2117E-08 1.2800E-08 1.3531E-08 1.4319E-08 1.5160E-08 1.6057E-08 1.7014E-08 1.8030E-08 1.9099E-08 2.0220E-08 2.1394E-08 2.2607E-08 2.3848E-08 2.5109E-08 2.6371E-08 2.7617E-08 2.8831E-08 2.9995E-08 3.1080E-08 3.2067E-08 3.2928E-08 3.3609E-08 3.4082E-08 3.4359E-08 3.4459E-08 3.4428E-08 3.4248E-08 3.3865E-08 3.3280E-08 3.2503E-08 3.1542E-08 3.0412E-08 2.9136E-08 2.7737E-08 2.6235E-08 2.4662E-08 2.3036E-08 2.1389E-08 1.9749E-08 1.8131E-08 1.6566E-08 1.5079E-08 1.3685E-08 1.2384E-08 1.1216E-08
6.5255E-09 6.8328E-09 7.1530E-09 7.4923E-09 7.8610E-09 8.2471E-09 8.6621E-09 9.1128E-09 9.5874E-09 1.0096E-08 1.0641E-08 1.1226E-08 1.1856E-08 1.2531E-08 1.3259E-08 1.4042E-08 1.4881E-08 1.5778E-08 1.6739E-08 1.7761E-08 1.8838E-08 1.9975E-08 2.1165E-08 2.2398E-08 2.3666E-08 2.4955E-08 2.6249E-08 2.7535E-08 2.8794E-08 3.0002E-08 3.1136E-08 3.2176E-08 3.3102E-08 3.3871E-08 3.4423E-08 3.4762E-08 3.4896E-08 3.4867E-08 3.4698E-08 3.4343E-08 3.3776E-08 3.3005E-08 3.2042E-08 3.0904E-08 2.9613E-08 2.8184E-08 2.6647E-08 2.5029E-08 2.3354E-08 2.1656E-08 1.9952E-08 1.8275E-08 1.6656E-08 1.5113E-08 1.3669E-08 1.2348E-08 1.1144E-08
6.3614E-09 6.6599E-09 6.9711E-09 7.3007E-09 7.6598E-09 8.0355E-09 8.4403E-09 8.8803E-09 9.3437E-09 9.8412E-09 1.0374E-08 1.0949E-08 1.1568E-08 1.2233E-08 1.2953E-08 1.3729E-08 1.4561E-08 1.5455E-08 1.6415E-08 1.7435E-08 1.8517E-08 1.9663E-08 2.0864E-08 2.2111E-08 2.3398E-08 2.4709E-08 2.6034E-08 2.7356E-08 2.8652E-08 2.9901E-08 3.1085E-08 3.2181E-08 3.3162E-08 3.4000E-08 3.4644E-08 3.5061E-08 3.5254E-08 3.5246E-08 3.5083E-08 3.4755E-08 3.4216E-08 3.3468E-08 3.2516E-08 3.1380E-08 3.0071E-08 2.8617E-08 2.7048E-08 2.5384E-08 2.3662E-08 2.1906E-08 2.0145E-08 1.8416E-08 1.6743E-08 1.5156E-08 1.3675E-08 1.2315E-08 1.1069E-08
6.1901E-09 6.4788E-09 6.7803E-09 7.0989E-09 7.4472E-09 7.8116E-09 8.2044E-09 8.6320E-09 9.0829E-09 9.5669E-09 1.0087E-08 1.0649E-08 1.1254E-08 1.1907E-08 1.2615E-08 1.3379E-08 1.4201E-08 1.5088E-08 1.6040E-08 1.7054E-08 1.8137E-08 1.9283E-08 2.0486E-08 2.1744E-08 2.3042E-08 2.4372E-08 2.5720E-08 2.7070E-08 2.8398E-08 2.9691E-08 3.0923E-08 3.2068E-08 3.3104E-08 3.4008E-08 3.4740E-08 3.5249E-08 3.5518E-08 3.5558E-08 3.5404E-08 3.5103E-08 3.4604E-08 3.3882E-08 3.2947E-08 3.1810E-08 3.0496E-08 2.9029E-08 2.7430E-08 2.5734E-08 2.3971E-08 2.2161E-08 2.0347E-08 1.8563E-08 1.6838E-08 1.5198E-08 1.3671E-08 1.2275E-08 1.1016E-08
6.0120E-09 6.2898E-09 6.5811E-09 6.8876E-09 7.2243E-09 7.5762E-09 7.9556E-09 8.3696E-09 8.8063E-09 9.2751E-09 9.7798E-09 1.0326E-08 1.0915E-08 1.1553E-08 1.2245E-08 1.2994E-08 1.3801E-08 1.4676E-08 1.5615E-08 1.6619E-08 1.7695E-08 1.8835E-08 2.0036E-08 2.1293E-08 2.2597E-08 2.3939E-08 2.5306E-08 2.6676E-08 2.8035E-08 2.9364E-08 3.0639E-08 3.1834E-08 3.2925E-08 3.3893E-08 3.4705E-08 3.5305E-08 3.5660E-08 3.5778E-08 3.5670E-08 3.5384E-08 3.4918E-08 3.4230E-08 3.3319E-08 3.2204E-08 3.0904E-08 2.9433E-08 2.7820E-08 2.6098E-08 2.4290E-08 2.2431E-08 2.0561E-08 1.8723E-08 1.6947E-08 1.5264E-08 1.3696E-08 1.2261E-08 1.0959E-08
5.8283E-09 6.0937E-09 6.3746E-09 6.6681E-09 6.9921E-09 7.3311E-09 7.6954E-09 8.0947E-09 8.5157E-09 8.9674E-09 9.4555E-09 9.9847E-09 1.0554E-08 1.1174E-08 1.1847E-08 1.2576E-08 1.3367E-08 1.4222E-08 1.5142E-08 1.6133E-08 1.7193E-08 1.8320E-08 1.9512E-08 2.0763E-08 2.2066E-08 2.3414E-08 2.4788E-08 2.6174E-08 2.7560E-08 2.8921E-08 3.0232E-08 3.1475E-08 3.2626E-08 3.3651E-08 3.4525E-08 3.5212E-08 3.5672E-08 3.5880E-08 3.5839E-08 3.5581E-08 3.5148E-08 3.4512E-08 3.3652E-08 3.2571E-08 3.1285E-08 2.9816E-08 2.8197E-08 2.6452E-08 2.4614E-08 2.2722E-08 2.0808E-08 1.8912E-08 1.7080E-08 1.5347E-08 1.3735E-08 1.2259E-08 1.0921E-08
5.6396E-09 5.8919E-09 6.1621E-09 6.4427E-09 6.7520E-09 7.0779E-09 7.4254E-09 7.8088E-09 8.2134E-09 8.6463E-09 9.1163E-09 9.6252E-09 1.0174E-08 1.0774E-08 1.1422E-08 1.2130E-08 1.2897E-08 1.3729E-08 1.4627E-08 1.5597E-08 1.6635E-08 1.7743E-08 1.8919E-08 2.0157E-08 2.1453E-08 2.2796E-08 2.4171E-08 2.5570E-08 2.6973E-08 2.8357E-08 2.9705E-08 3.0994E-08 3.2194E-08 3.3274E-08 3.4211E-08 3.4984E-08 3.5545E-08 3.5849E-08 3.5898E-08 3.5702E-08 3.5312E-08 3.4733E-08 3.3923E-08 3.2882E-08 3.1626E-08 3.0183E-08 2.8575E-08 2.6827E-08 2.4978E-08 2.3064E-08 2.1121E-08 1.9182E-08 1.7300E-08 1.5516E-08 1.3853E-08 1.2329E-08 1.0948E-08
5.4470E-09 5.6857E-09 5.9453E-09 6.2127E-09 6.5060E-09 6.8180E-09 7.1475E-09 7.5142E-09 7.9015E-09 8.3146E-09 8.7648E-09 9.2511E-09 9.7772E-09 1.0353E-08 1.0976E-08 1.1658E-08 1.2398E-08 1.3201E-08 1.4073E-08 1.5014E-08 1.6024E-08 1.7109E-08 1.8261E-08 1.9479E-08 2.0760E-08 2.2089E-08 2.3460E-08 2.4862E-08 2.6274E-08 2.7677E-08 2.9056E-08 3.0383E-08 3.1625E-08 3.2758E-08 3.3763E-08 3.4606E-08 3.5249E-08 3.5657E-08 3.5814E-08 3.5720E-08 3.5391E-08 3.4863E-08 3.4120E-08 3.3141E-08 3.1943E-08 3.0544E-08 2.8959E-08 2.7227E-08 2.5375E-08 2.3444E-08 2.1479E-08 1.9510E-08 1.7584E-08 1.5748E-08 1.4029E-08 1.2450E-08 1.1019E-08
5.2519E-09 5.4765E-09 5.7242E-09 5.9792E-09 6.2559E-09 6.5537E-09 6.8655E-09 7.2130E-09 7.5823E-09 7.9750E-09 8.4031E-09 8.8653E-09 9.3671E-09 9.9156E-09 1.0510E-08 1.1164E-08 1.1872E-08 1.2644E-08 1.3484E-08 1.4391E-08 1.5368E-08 1.6422E-08 1.7542E-08 1.8735E-08 1.9990E-08 2.1300E-08 2.2660E-08 2.4056E-08 2.5468E-08 2.6884E-08 2.8285E-08 2.9638E-08 3.0919E-08 3.2108E-08 3.3172E-08 3.4081E-08 3.4805E-08 3.5324E-08 3.5600E-08 3.5619E-08 3.5379E-08 3.4916E-08 3.4251E-08 3.3359E-08 3.2231E-08 3.0883E-08 2.9344E-08 2.7644E-08 2.5816E-08 2.3902E-08 2.1934E-08 1.9952E-08 1.8002E-08 1.6122E-08 1.4349E-08 1.2710E-08 1.1218E-08
5.0554E-09 5.2664E-09 5.5004E-09 5.7439E-09 6.0023E-09 6.2858E-09 6.5810E-09 6.9071E-09 7.2578E-09 7.6290E-09 8.0339E-09 8.4706E-09 8.9460E-09 9.4652E-09 1.0029E-08 1.0651E-08 1.1324E-08 1.2060E-08 1.2865E-08 1.3732E-08 1.4671E-08 1.5688E-08 1.6771E-08 1.7930E-08 1.9152E-08 2.0435E-08 2.1775E-08 2.3154E-08 2.4560E-08 2.5981E-08 2.7392E-08 2.8765E-08 3.0082E-08 3.1317E-08 3.2435E-08 3.3405E-08 3.4216E-08 3.4837E-08 3.5224E-08 3.5363E-08 3.5238E-08 3.4879E-08 3.4313E-08 3.3511E-08 3.2471E-08 3.1210E-08 2.9745E-08 2.8110E-08 2.6331E-08 2.4452E-08 2.2501E-08 2.0515E-08 1.8545E-08 1.6625E-08 1.4792E-08 1.3083E-08 1.1522E-08
4.8580E-09 5.0576E-09 5.2758E-09 5.5068E-09 5.7466E-09 6.0152E-09 6.2946E-09 6.5981E-09 6.9297E-09 7.2788E-09 7.6595E-09 8.0697E-09 8.5167E-09 9.0054E-09 9.5365E-09 1.0123E-08 1.0760E-08 1.1457E-08 1.2221E-08 1.3044E-08 1.3942E-08 1.4914E-08 1.5953E-08 1.7072E-08 1.8254E-08 1.9503E-08 2.0813E-08 2.2167E-08 2.3559E-08 2.4973E-08 2.6383E-08 2.7769E-08 2.9116E-08 3.0387E-08 3.1549E-08 3.2591E-08 3.3486E-08 3.4194E-08 3.4696E-08 3.4959E-08 3.4986E-08 3.4758E-08 3.4282E-08 3.3598E-08 3.2683E-08 3.1529E-08 3.0173E-08 2.8629E-08 2.6926E-08 2.5106E-08 2.3201E-08 2.1247E-08 1.9283E-08 1.7345E-08 1.5457E-08 1.3672E-08 1.2028E-08
