Assets/Resources/2015_m01_d12_1500(utc+0800)_l00_csi_1hr_conc.grd
DSAA
         159         159
     -79.000      79.000
     -79.000      79.000
  0.0000E+00  0.1719E-05
[rows 50 to 74 of 159, columns 0 to 56 of 159]
5.6035E-09 6.0258E-09 6.4522E-09 6.8877E-09 7.3196E-09 7.7485E-09 8.1684E-09 8.5757E-09 8.9829E-09 9.3781E-09 9.7654E-09 1.0133E-08 1.0481E-08 1.0808E-08 1.1105E-08 1.1371E-08 1.1608E-08 1.1822E-08 1.2010E-08 1.2191E-08 1.2354E-08 1.2514E-08 1.2674E-08 1.2837E-08 1.3013E-08 1.3195E-08 1.3410E-08 1.3635E-08 1.3873E-08 1.4109E-08 1.4323E-08 1.4502E-08 1.4616E-08 1.4644E-08 1.4590E-08 1.4441E-08 1.4210E-08 1.3906E-08 1.3510E-08 1.3014E-08 1.2421E-08 1.1762E-08 1.1059E-08 1.0333E-08 9.6022E-09 8.8696E-09 8.1294E-09 7.3846E-09 6.6468E-09 5.9273E-09 5.2311E-09 4.5619E-09 3.9360E-09 3.3534E-09 2.8276E-09 2.3588E-09 1.9379E-09
5.5257E-09 5.9437E-09 6.3657E-09 6.7972E-09 7.2249E-09 7.6506E-09 8.0675E-09 8.4734E-09 8.8802E-09 9.2758E-09 9.6644E-09 1.0034E-08 1.0386E-08 1.0718E-08 1.1022E-08 1.1297E-08 1.1545E-08 1.1772E-08 1.1975E-08 1.2174E-08 1.2354E-08 1.2539E-08 1.2724E-08 1.2916E-08 1.3124E-08 1.3346E-08 1.3602E-08 1.3874E-08 1.4167E-08 1.4457E-08 1.4734E-08 1.4979E-08 1.5160E-08 1.5266E-08 1.5285E-08 1.5212E-08 1.5067E-08 1.4842E-08 1.4525E-08 1.4106E-08 1.3575E-08 1.2972E-08 1.2317E-08 1.1633E-08 1.0932E-08 1.0215E-08 9.4794E-09 8.7276E-09 7.9694E-09 7.2061E-09 6.4528E-09 5.7168E-09 5.0146E-09 4.3491E-09 3.7287E-09 3.1663E-09 2.6586E-09
5.3960E-09 5.8048E-09 6.2172E-09 6.6391E-09 7.0569E-09 7.4736E-09 7.8815E-09 8.2798E-09 8.6797E-09 9.0690E-09 9.4523E-09 9.8181E-09 1.0168E-08 1.0498E-08 1.0802E-08 1.1079E-08 1.1331E-08 1.1566E-08 1.1778E-08 1.1990E-08 1.2183E-08 1.2386E-08 1.2589E-08 1.2806E-08 1.3039E-08 1.3290E-08 1.3580E-08 1.3890E-08 1.4226E-08 1.4562E-08 1.4893E-08 1.5194E-08 1.5436E-08 1.5613E-08 1.5704E-08 1.5716E-08 1.5658E-08 1.5525E-08 1.5306E-08 1.4975E-08 1.4534E-08 1.4017E-08 1.3445E-08 1.2840E-08 1.2203E-08 1.1544E-08 1.0853E-08 1.0128E-08 9.3751E-09 8.6010E-09 7.8247E-09 7.0507E-09 6.2851E-09 5.5413E-09 4.8354E-09 4.1782E-09 3.5679E-09
5.2175E-09 5.6126E-09 6.0106E-09 6.4177E-09 6.8204E-09 7.2223E-09 7.6156E-09 8.0004E-09 8.3873E-09 8.7640E-09 9.1354E-09 9.4909E-09 9.8311E-09 1.0154E-08 1.0452E-08 1.0725E-08 1.0976E-08 1.1211E-08 1.1426E-08 1.1644E-08 1.1845E-08 1.2058E-08 1.2274E-08 1.2506E-08 1.2755E-08 1.3029E-08 1.3342E-08 1.3677E-08 1.4044E-08 1.4413E-08 1.4784E-08 1.5127E-08 1.5423E-08 1.5658E-08 1.5816E-08 1.5910E-08 1.5942E-08 1.5906E-08 1.5790E-08 1.5566E-08 1.5234E-08 1.4831E-08 1.4377E-08 1.3881E-08 1.3349E-08 1.2788E-08 1.2183E-08 1.1524E-08 1.0819E-08 1.0086E-08 9.3214E-09 8.5302E-09 7.7307E-09 6.9350E-09 6.1601E-09 5.4169E-09 4.7078E-09
4.9954E-09 5.3724E-09 5.7517E-09 6.1392E-09 6.5221E-09 6.9036E-09 7.2777E-09 7.6437E-09 8.0120E-09 8.3702E-09 8.7240E-09 9.0630E-09 9.3880E-09 9.6964E-09 9.9834E-09 1.0246E-08 1.0490E-08 1.0720E-08 1.0933E-08 1.1149E-08 1.1351E-08 1.1568E-08 1.1788E-08 1.2027E-08 1.2285E-08 1.2570E-08 1.2893E-08 1.3243E-08 1.3624E-08 1.4011E-08 1.4406E-08 1.4777E-08 1.5111E-08 1.5390E-08 1.5607E-08 1.5776E-08 1.5890E-08 1.5950E-08 1.5938E-08 1.5828E-08 1.5624E-08 1.5355E-08 1.5043E-08 1.4689E-08 1.4300E-08 1.3876E-08 1.3393E-08 1.2845E-08 1.2244E-08 1.1591E-08 1.0879E-08 1.0120E-08 9.3312E-09 8.5163E-09 7.6949E-09 6.8868E-09 6.0957E-09
4.7359E-09 5.0911E-09 5.4475E-09 5.8114E-09 6.1703E-09 6.5274E-09 6.8777E-09 7.2205E-09 7.5651E-09 7.9001E-09 8.2311E-09 8.5485E-09 8.8531E-09 9.1414E-09 9.4124E-09 9.6596E-09 9.8910E-09 1.0110E-08 1.0314E-08 1.0524E-08 1.0721E-08 1.0933E-08 1.1151E-08 1.1389E-08 1.1646E-08 1.1930E-08 1.2254E-08 1.2603E-08 1.2982E-08 1.3373E-08 1.3773E-08 1.4155E-08 1.4509E-08 1.4818E-08 1.5081E-08 1.5309E-08 1.5494E-08 1.5643E-08 1.5732E-08 1.5738E-08 1.5664E-08 1.5544E-08 1.5392E-08 1.5203E-08 1.4986E-08 1.4729E-08 1.4406E-08 1.4017E-08 1.3566E-08 1.3035E-08 1.2430E-08 1.1765E-08 1.1031E-08 1.0241E-08 9.4200E-09 8.5814E-09 7.7387E-09
4.4454E-09 4.7758E-09 5.1061E-09 5.4434E-09 5.7750E-09 6.1043E-09 6.4275E-09 6.7432E-09 7.0604E-09 7.3681E-09 7.6723E-09 7.9642E-09 8.2439E-09 8.5082E-09 8.7583E-09 8.9852E-09 9.2002E-09 9.4043E-09 9.5948E-09 9.7908E-09 9.9777E-09 1.0180E-08 1.0389E-08 1.0616E-08 1.0864E-08 1.1138E-08 1.1450E-08 1.1783E-08 1.2150E-08 1.2525E-08 1.2915E-08 1.3290E-08 1.3645E-08 1.3968E-08 1.4260E-08 1.4530E-08 1.4771E-08 1.4995E-08 1.5172E-08 1.5287E-08 1.5343E-08 1.5373E-08 1.5387E-08 1.5375E-08 1.5347E-08 1.5275E-08 1.5143E-08 1.4954E-08 1.4686E-08 1.4330E-08 1.3897E-08 1.3371E-08 1.2748E-08 1.2048E-08 1.1285E-08 1.0471E-08 9.6084E-09
4.1311E-09 4.4345E-09 4.7370E-09 5.0448E-09 5.3466E-09 5.6460E-09 5.9395E-09 6.2256E-09 6.5125E-09 6.7902E-09 7.0647E-09 7.3279E-09 7.5797E-09 7.8176E-09 8.0426E-09 8.2455E-09 8.4410E-09 8.6254E-09 8.7990E-09 8.9780E-09 9.1493E-09 9.3349E-09 9.5281E-09 9.7386E-09 9.9698E-09 1.0224E-08 1.0513E-08 1.0821E-08 1.1161E-08 1.1508E-08 1.1872E-08 1.2223E-08 1.2563E-08 1.2883E-08 1.3186E-08 1.3481E-08 1.3760E-08 1.4039E-08 1.4285E-08 1.4495E-08 1.4670E-08 1.4844E-08 1.5016E-08 1.5180E-08 1.5342E-08 1.5463E-08 1.5545E-08 1.5571E-08 1.5518E-08 1.5387E-08 1.5166E-08 1.4832E-08 1.4389E-08 1.3847E-08 1.3201E-08 1.2468E-08 1.1659E-08
3.8007E-09 4.0757E-09 4.3489E-09 4.6260E-09 4.8965E-09 5.1646E-09 5.4269E-09 5.6819E-09 5.9368E-09 6.1827E-09 6.4259E-09 6.6586E-09 6.8807E-09 7.0902E-09 7.2881E-09 7.4662E-09 7.6383E-09 7.7990E-09 7.9539E-09 8.1123E-09 8.2645E-09 8.4302E-09 8.6027E-09 8.7909E-09 8.9986E-09 9.2262E-09 9.4837E-09 9.7576E-09 1.0060E-08 1.0368E-08 1.0693E-08 1.1007E-08 1.1319E-08 1.1619E-08 1.1918E-08 1.2217E-08 1.2517E-08 1.2828E-08 1.3120E-08 1.3406E-08 1.3682E-08 1.3977E-08 1.4290E-08 1.4614E-08 1.4949E-08 1.5260E-08 1.5555E-08 1.5800E-08 1.5983E-08 1.6105E-08 1.6127E-08 1.6035E-08 1.5840E-08 1.5508E-08 1.5057E-08 1.4489E-08 1.3816E-08
3.4616E-09 3.7075E-09 3.9508E-09 4.1967E-09 4.4357E-09 4.6721E-09 4.9026E-09 5.1259E-09 5.3484E-09 5.5621E-09 5.7734E-09 5.9748E-09 6.1665E-09 6.3469E-09 6.5144E-09 6.6693E-09 6.8169E-09 6.9541E-09 7.0865E-09 7.2202E-09 7.3531E-09 7.4958E-09 7.6445E-09 7.8073E-09 7.9868E-09 8.1827E-09 8.4031E-09 8.6371E-09 8.8952E-09 9.1558E-09 9.4318E-09 9.6996E-09 9.9736E-09 1.0243E-08 1.0521E-08 1.0811E-08 1.1109E-08 1.1428E-08 1.1749E-08 1.2084E-08 1.2435E-08 1.2824E-08 1.3249E-08 1.3702E-08 1.4185E-08 1.4666E-08 1.5150E-08 1.5606E-08 1.6030E-08 1.6400E-08 1.6686E-08 1.6879E-08 1.6959E-08 1.6902E-08 1.6715E-08 1.6389E-08 1.5932E-08
3.1209E-09 3.3379E-09 3.5516E-09 3.7665E-09 3.9746E-09 4.1796E-09 4.3789E-09 4.5709E-09 4.7614E-09 4.9435E-09 5.1235E-09 5.2941E-09 5.4557E-09 5.6073E-09 5.7477E-09 5.8745E-09 5.9966E-09 6.1113E-09 6.2227E-09 6.3308E-09 6.4430E-09 6.5611E-09 6.6848E-09 6.8201E-09 6.9696E-09 7.1303E-09 7.3105E-09 7.5017E-09 7.7120E-09 7.9221E-09 8.1449E-09 8.3601E-09 8.5895E-09 8.8206E-09 9.0671E-09 9.3311E-09 9.6117E-09 9.9207E-09 1.0248E-08 1.0609E-08 1.1004E-08 1.1452E-08 1.1953E-08 1.2497E-08 1.3087E-08 1.3704E-08 1.4344E-08 1.4980E-08 1.5618E-08 1.6225E-08 1.6770E-08 1.7257E-08 1.7631E-08 1.7890E-08 1.8026E-08 1.8012E-08 1.7846E-08
2.7853E-09 2.9739E-09 3.1592E-09 3.3442E-09 3.5225E-09 3.6975E-09 3.8650E-09 4.0289E-09 4.1888E-09 4.3407E-09 4.4911E-09 4.6320E-09 4.7650E-09 4.8890E-09 5.0032E-09 5.1028E-09 5.2042E-09 5.2938E-09 5.3814E-09 5.4674E-09 5.5599E-09 5.6514E-09 5.7515E-09 5.8586E-09 5.9775E-09 6.1030E-09 6.2447E-09 6.3932E-09 6.5539E-09 6.7135E-09 6.8806E-09 7.0459E-09 7.2265E-09 7.4155E-09 7.6243E-09 7.8512E-09 8.0995E-09 8.3867E-09 8.6980E-09 9.0633E-09 9.4716E-09 9.9439E-09 1.0480E-08 1.1072E-08 1.1728E-08 1.2431E-08 1.3180E-08 1.3958E-08 1.4761E-08 1.5566E-08 1.6348E-08 1.7100E-08 1.7772E-08 1.8363E-08 1.8838E-08 1.9184E-08 1.9394E-08
2.4587E-09 2.6211E-09 2.7788E-09 2.9353E-09 3.0857E-09 3.2344E-09 3.3743E-09 3.5082E-09 3.6393E-09 3.7634E-09 3.8871E-09 4.0022E-09 4.1087E-09 4.2068E-09 4.2967E-09 4.3741E-09 4.4512E-09 4.5188E-09 4.5870E-09 4.6527E-09 4.7204E-09 4.7890E-09 4.8690E-09 4.9465E-09 5.0379E-09 5.1278E-09 5.2353E-09 5.3413E-09 5.4583E-09 5.5686E-09 5.6837E-09 5.8021E-09 5.9369E-09 6.0838E-09 6.2487E-09 6.4366E-09 6.6443E-09 6.8958E-09 7.1809E-09 7.5277E-09 7.9225E-09 8.3865E-09 8.9226E-09 9.5173E-09 1.0195E-08 1.0934E-08 1.1740E-08 1.2598E-08 1.3512E-08 1.4458E-08 1.5424E-08 1.6394E-08 1.7332E-08 1.8231E-08 1.9043E-08 1.9762E-08 2.0391E-08
2.1465E-09 2.2855E-09 2.4199E-09 2.5505E-09 2.6752E-09 2.7942E-09 2.9103E-09 3.0188E-09 3.1258E-09 3.2252E-09 3.3203E-09 3.4119E-09 3.4966E-09 3.5728E-09 3.6409E-09 3.6978E-09 3.7528E-09 3.8040E-09 3.8515E-09 3.8973E-09 3.9456E-09 3.9976E-09 4.0500E-09 4.1082E-09 4.1695E-09 4.2328E-09 4.3054E-09 4.3758E-09 4.4511E-09 4.5179E-09 4.5905E-09 4.6663E-09 4.7599E-09 4.8678E-09 4.9902E-09 5.1338E-09 5.3027E-09 5.5117E-09 5.7602E-09 6.0719E-09 6.4325E-09 6.8594E-09 7.3603E-09 7.9269E-09 8.5831E-09 9.3082E-09 1.0119E-08 1.0998E-08 1.1958E-08 1.2978E-08 1.4056E-08 1.5183E-08 1.6324E-08 1.7469E-08 1.8576E-08 1.9657E-08 2.0693E-08
1.8580E-09 1.9719E-09 2.0834E-09 2.1885E-09 2.2917E-09 2.3881E-09 2.4820E-09 2.5692E-09 2.6498E-09 2.7285E-09 2.8019E-09 2.8738E-09 2.9365E-09 2.9918E-09 3.0410E-09 3.0832E-09 3.1221E-09 3.1529E-09 3.1852E-09 3.2154E-09 3.2471E-09 3.2790E-09 3.3134E-09 3.3537E-09 3.3870E-09 3.4311E-09 3.4707E-09 3.5149E-09 3.5505E-09 3.5845E-09 3.6190E-09 3.6640E-09 3.7226E-09 3.7952E-09 3.8789E-09 3.9840E-09 4.1111E-09 4.2807E-09 4.4877E-09 4.7531E-09 5.0629E-09 5.4363E-09 5.8794E-09 6.3901E-09 6.9881E-09 7.6639E-09 8.4286E-09 9.2716E-09 1.0215E-08 1.1238E-08 1.2357E-08 1.3561E-08 1.4816E-08 1.6126E-08 1.7450E-08 1.8826E-08 2.0219E-08
1.5888E-09 1.6819E-09 1.7737E-09 1.8589E-09 1.9418E-09 2.0199E-09 2.0911E-09 2.1592E-09 2.2206E-09 2.2804E-09 2.3370E-09 2.3863E-09 2.4332E-09 2.4727E-09 2.5062E-09 2.5358E-09 2.5580E-09 2.5775E-09 2.5962E-09 2.6102E-09 2.6295E-09 2.6447E-09 2.6678E-09 2.6855E-09 2.7063E-09 2.7288E-09 2.7456E-09 2.7647E-09 2.7689E-09 2.7796E-09 2.7832E-09 2.8090E-09 2.8352E-09 2.8814E-09 2.9306E-09 3.0046E-09 3.0956E-09 3.2282E-09 3.3887E-09 3.6061E-09 3.8559E-09 4.1651E-09 4.5397E-09 4.9763E-09 5.4944E-09 6.0902E-09 6.7713E-09 7.5374E-09 8.4055E-09 9.3753E-09 1.0461E-08 1.1655E-08 1.2935E-08 1.4305E-08 1.5758E-08 1.7320E-08 1.8966E-08
1.3434E-09 1.4193E-09 1.4929E-09 1.5634E-09 1.6265E-09 1.6875E-09 1.7421E-09 1.7929E-09 1.8400E-09 1.8817E-09 1.9228E-09 1.9579E-09 1.9876E-09 2.0160E-09 2.0383E-09 2.0551E-09 2.0687E-09 2.0759E-09 2.0831E-09 2.0898E-09 2.0937E-09 2.1002E-09 2.1042E-09 2.1129E-09 2.1231E-09 2.1255E-09 2.1335E-09 2.1231E-09 2.1132E-09 2.1005E-09 2.0938E-09 2.0963E-09 2.1061E-09 2.1255E-09 2.1529E-09 2.1972E-09 2.2643E-09 2.3603E-09 2.4822E-09 2.6457E-09 2.8356E-09 3.0834E-09 3.3847E-09 3.7408E-09 4.1691E-09 4.6646E-09 5.2388E-09 5.8970E-09 6.6559E-09 7.5278E-09 8.5179E-09 9.6246E-09 1.0834E-08 1.2175E-08 1.3642E-08 1.5270E-08 1.7027E-08
1.1251E-09 1.1872E-09 1.2424E-09 1.2963E-09 1.3475E-09 1.3925E-09 1.4348E-09 1.4703E-09 1.5040E-09 1.5354E-09 1.5611E-09 1.5856E-09 1.6043E-09 1.6220E-09 1.6339E-09 1.6414E-09 1.6464E-09 1.6482E-09 1.6493E-09 1.6449E-09 1.6433E-09 1.6358E-09 1.6330E-09 1.6331E-09 1.6304E-09 1.6296E-09 1.6148E-09 1.5949E-09 1.5724E-09 1.5493E-09 1.5360E-09 1.5226E-09 1.5245E-09 1.5242E-09 1.5387E-09 1.5618E-09 1.6075E-09 1.6687E-09 1.7557E-09 1.8704E-09 2.0107E-09 2.1995E-09 2.4307E-09 2.7078E-09 3.0432E-09 3.4356E-09 3.8972E-09 4.4330E-09 5.0732E-09 5.8041E-09 6.6535E-09 7.6147E-09 8.6968E-09 9.9245E-09 1.1299E-08 1.2857E-08 1.4586E-08
9.3031E-10 9.7810E-10 1.0239E-09 1.0629E-09 1.1015E-09 1.1365E-09 1.1674E-09 1.1936E-09 1.2143E-09 1.2355E-09 1.2533E-09 1.2671E-09 1.2784E-09 1.2849E-09 1.2910E-09 1.2928E-09 1.2914E-09 1.2895E-09 1.2835E-09 1.2774E-09 1.2656E-09 1.2536E-09 1.2447E-09 1.2374E-09 1.2291E-09 1.2145E-09 1.1955E-09 1.1674E-09 1.1389E-09 1.1174E-09 1.0927E-09 1.0814E-09 1.0672E-09 1.0627E-09 1.0662E-09 1.0770E-09 1.1022E-09 1.1370E-09 1.1932E-09 1.2625E-09 1.3715E-09 1.5067E-09 1.6797E-09 1.8835E-09 2.1299E-09 2.4276E-09 2.7890E-09 3.2084E-09 3.7139E-09 4.2963E-09 4.9742E-09 5.7690E-09 6.6745E-09 7.7316E-09 8.9240E-09 1.0307E-08 1.1863E-08
7.6143E-10 7.9761E-10 8.3092E-10 8.6238E-10 8.9007E-10 9.1569E-10 9.3719E-10 9.5517E-10 9.7028E-10 9.8126E-10 9.9213E-10 9.9933E-10 1.0043E-09 1.0067E-09 1.0039E-09 1.0031E-09 9.9826E-10 9.9220E-10 9.8481E-10 9.7319E-10 9.6094E-10 9.4737E-10 9.3386E-10 9.1842E-10 8.9681E-10 8.7505E-10 8.5057E-10 8.1955E-10 7.9680E-10 7.7854E-10 7.6144E-10 7.3906E-10 7.2852E-10 7.2145E-10 7.1559E-10 7.1838E-10 7.1988E-10 7.4077E-10 7.6930E-10 8.1840E-10 8.9137E-10 9.8193E-10 1.1055E-09 1.2495E-09 1.4305E-09 1.6523E-09 1.9163E-09 2.2299E-09 2.5988E-09 3.0335E-09 3.5559E-09 4.1800E-09 4.8915E-09 5.7393E-09 6.7023E-09 7.8497E-09 9.1374E-09
6.1579E-10 6.4282E-10 6.6731E-10 6.8895E-10 7.0982E-10 7.2802E-10 7.4314E-10 7.5462E-10 7.6348E-10 7.7136E-10 7.7473E-10 7.7776E-10 7.7780E-10 7.7602E-10 7.7239E-10 7.6529E-10 7.5951E-10 7.5175E-10 7.4024E-10 7.2913E-10 7.1699E-10 7.0661E-10 6.8994E-10 6.6914E-10 6.4486E-10 6.1484E-10 5.8324E-10 5.5309E-10 5.2284E-10 4.8724E-10 4.7204E-10 4.6394E-10 4.6218E-10 4.7036E-10 4.6020E-10 4.4279E-10 4.4081E-10 4.4484E-10 4.6020E-10 4.8925E-10 5.3227E-10 6.0779E-10 6.8882E-10 7.9898E-10 9.2848E-10 1.0765E-09 1.2568E-09 1.4719E-09 1.7322E-09 2.0492E-09 2.4336E-09 2.8888E-09 3.4228E-09 4.0472E-09 4.7686E-09 5.6415E-09 6.6347E-09
4.9445E-10 5.1149E-10 5.2932E-10 5.4422E-10 5.5694E-10 5.6999E-10 5.8053E-10 5.8775E-10 5.9233E-10 5.9682E-10 5.9836E-10 5.9626E-10 5.9428E-10 5.9021E-10 5.8341E-10 5.7659E-10 5.6718E-10 5.5738E-10 5.4608E-10 5.3683E-10 5.2661E-10 5.1267E-10 4.9593E-10 4.7508E-10 4.4749E-10 4.1822E-10 3.9406E-10 3.6845E-10 3.4549E-10 3.2314E-10 2.9633E-10 2.7212E-10 2.3975E-10 2.0318E-10 1.9061E-10 1.8642E-10 1.9475E-10 1.9054E-10 2.3212E-10 2.6919E-10 3.1532E-10 3.5995E-10 4.1837E-10 4.9035E-10 5.6294E-10 6.5934E-10 7.7569E-10 9.2377E-10 1.0995E-09 1.3191E-09 1.5830E-09 1.8904E-09 2.2598E-09 2.7040E-09 3.2134E-09 3.8177E-09 4.5181E-09
3.9281E-10 4.0473E-10 4.1415E-10 4.2397E-10 4.3214E-10 4.3910E-10 4.4521E-10 4.4928E-10 4.5235E-10 4.5378E-10 4.5430E-10 4.5160E-10 4.4654E-10 4.4156E-10 4.3500E-10 4.2503E-10 4.1484E-10 4.0513E-10 3.9588E-10 3.8615E-10 3.7184E-10 3.5738E-10 3.3974E-10 3.1688E-10 2.9608E-10 2.7771E-10 2.6065E-10 2.4184E-10 2.1906E-10 1.9280E-10 1.6449E-10 1.3500E-10 1.0011E-10 2.2103E-11 1.3175E-11 5.2014E-12 6.2252E-12 4.7528E-12 3.0950E-11 4.6393E-11 8.9473E-11 1.4533E-10 2.1301E-10 2.5124E-10 3.0745E-10 3.6775E-10 4.4817E-10 5.4770E-10 6.6230E-10 8.0510E-10 9.7410E-10 1.1766E-09 1.4140E-09 1.6960E-09 2.0292E-09 2.4249E-09 2.8832E-09
3.1013E-10 3.1720E-10 3.2250E-10 3.2689E-10 3.3020E-10 3.3315E-10 3.3569E-10 3.3686E-10 3.3691E-10 3.3802E-10 3.3735E-10 3.3433E-10 3.3094E-10 3.2435E-10 3.1514E-10 3.0646E-10 2.9757E-10 2.8710E-10 2.7405E-10 2.5946E-10 2.4555E-10 2.2914E-10 2.0824E-10 1.9217E-10 1.8140E-10 1.6942E-10 1.5204E-10 5.0172E-11 4.4916E-11 3.9634E-11 3.2014E-11 2.3178E-11 1.3624E-11 6.4546E-12 2.1149E-12 0.0000E+00 0.0000E+00 0.0000E+00 0.0000E+00 0.0000E+00 0.0000E+00 0.0000E+00 0.0000E+00 3.5463E-11 7.8065E-11 1.3693E-10 2.2218E-10 2.8226E-10 3.6275E-10 4.5483E-10 5.5907E-10 6.7883E-10 8.2812E-10 9.9581E-10 1.2014E-09 1.4240E-09 1.6965E-09
2.4154E-10 2.4701E-10 2.4969E-10 2.5079E-10 2.5088E-10 2.5023E-10 2.4895E-10 2.4689E-10 2.4546E-10 2.4441E-10 2.4205E-10 2.3951E-10 2.3467E-10 2.2843E-10 2.2104E-10 2.1076E-10 1.9693E-10 1.8058E-10 1.6359E-10 1.4624E-10 1.2528E-10 5.9992E-11 5.0055E-11 4.7882E-11 4.5395E-11 4.2425E-11 3.9086E-11 3.4429E-11 2.7646E-11 1.9158E-11 1.0657E-11 4.9559E-12 1.5204E-12 0.0000E+00 0.0000E+00 0.0000E+00 0.0000E+00 0.0000E+00 0.0000E+00 0.0000E+00 0.0000E+00 0.0000E+00 0.0000E+00 0.0000E+00 0.0000E+00 6.2034E-12 1.8653E-11 5.8621E-11 1.0701E-10 1.7813E-10 2.6774E-10 3.5672E-10 4.3748E-10 5.4040E-10 6.4911E-10 7.8263E-10 9.1998E-10
