Assets/Resources/2015_m01_d07_1200(utc+0800)_l00_csi_1hr_conc.grd
DSAA
         159         159
     -79.000      79.000
     -79.000      79.000
  0.0000E+00  0.6582E-05
[rows 0 to 24 of 159, columns 57 to 113 of 159]
1.4785E-09 1.5311E-09 1.5818E-09 1.6361E-09 1.6914E-09 1.7463E-09 1.8011E-09 1.8595E-09 1.9197E-09 1.9766E-09 2.0439E-09 2.1054E-09 2.1675E-09 2.2273E-09 2.2977E-09 2.3586E-09 2.4243E-09 2.4858E-09 2.5579E-09 2.6199E-09 2.6849E-09 2.7467E-09 2.8188E-09 2.8804E-09 2.9415E-09 3.0035E-09 3.0676E-09 3.1268E-09 3.1962E-09 3.2538E-09 3.3103E-09 3.3655E-09 3.4237E-09 3.4806E-09 3.5316E-09 3.5810E-09 3.6286E-09 3.6742E-09 3.7178E-09 3.7594E-09 3.8032E-09 3.8403E-09 3.8751E-09 3.9074E-09 3.9418E-09 3.9690E-09 3.9936E-09 4.0154E-09 4.0345E-09 4.0507E-09 4.0641E-09 4.0746E-09 4.0822E-09 4.0869E-09 4.0886E-09 4.0873E-09 4.0831E-09
1.5113E-09 1.5624E-09 1.6174E-09 1.6739E-09 1.7299E-09 1.7856E-09 1.8449E-09 1.9063E-09 1.9643E-09 2.0330E-09 2.0987E-09 2.1596E-09 2.2308E-09 2.2932E-09 2.3604E-09 2.4237E-09 2.4975E-09 2.5617E-09 2.6275E-09 2.6934E-09 2.7577E-09 2.8327E-09 2.8971E-09 2.9625E-09 3.0302E-09 3.0933E-09 3.1668E-09 3.2287E-09 3.2897E-09 3.3496E-09 3.4127E-09 3.4747E-09 3.5311E-09 3.5859E-09 3.6390E-09 3.6904E-09 3.7399E-09 3.7920E-09 3.8375E-09 3.8855E-09 3.9266E-09 3.9654E-09 4.0017E-09 4.0354E-09 4.0666E-09 4.0950E-09 4.1206E-09 4.1434E-09 4.1632E-09 4.1802E-09 4.1941E-09 4.2095E-09 4.2174E-09 4.2223E-09 4.2240E-09 4.2227E-09 4.2138E-09
1.5411E-09 1.5967E-09 1.6537E-09 1.7104E-09 1.7669E-09 1.8283E-09 1.8892E-09 1.9487E-09 2.0190E-09 2.0861E-09 2.1483E-09 2.2212E-09 2.2851E-09 2.3541E-09 2.4192E-09 2.4952E-09 2.5615E-09 2.6311E-09 2.6978E-09 2.7753E-09 2.8424E-09 2.9110E-09 2.9819E-09 3.0484E-09 3.1256E-09 3.1916E-09 3.2568E-09 3.3254E-09 3.3933E-09 3.4559E-09 3.5173E-09 3.5773E-09 3.6359E-09 3.6929E-09 3.7527E-09 3.8109E-09 3.8626E-09 3.9124E-09 3.9600E-09 4.0053E-09 4.0482E-09 4.0886E-09 4.1264E-09 4.1662E-09 4.1987E-09 4.2284E-09 4.2551E-09 4.2789E-09 4.2997E-09 4.3174E-09 4.3321E-09 4.3436E-09 4.3519E-09 4.3570E-09 4.3590E-09 4.3577E-09 4.3532E-09
1.5739E-09 1.6314E-09 1.6887E-09 1.7472E-09 1.8082E-09 1.8703E-09 1.9312E-09 2.0045E-09 2.0716E-09 2.1352E-09 2.2097E-09 2.2767E-09 2.3460E-09 2.4130E-09 2.4911E-09 2.5595E-09 2.6313E-09 2.7004E-09 2.7806E-09 2.8504E-09 2.9218E-09 2.9957E-09 3.0763E-09 3.1460E-09 3.2152E-09 3.2838E-09 3.3604E-09 3.4278E-09 3.4941E-09 3.5593E-09 3.6233E-09 3.6903E-09 3.7560E-09 3.8158E-09 3.8738E-09 3.9299E-09 3.9839E-09 4.0358E-09 4.0855E-09 4.1374E-09 4.1823E-09 4.2248E-09 4.2646E-09 4.3016E-09 4.3357E-09 4.3669E-09 4.3951E-09 4.4202E-09 4.4421E-09 4.4607E-09 4.4761E-09 4.4881E-09 4.4968E-09 4.5022E-09 4.5042E-09 4.5028E-09 4.4981E-09
1.6070E-09 1.6648E-09 1.7238E-09 1.7854E-09 1.8484E-09 1.9101E-09 1.9843E-09 2.0524E-09 2.1170E-09 2.1928E-09 2.2627E-09 2.3320E-09 2.4108E-09 2.4805E-09 2.5538E-09 2.6246E-09 2.7065E-09 2.7785E-09 2.8521E-09 2.9286E-09 3.0119E-09 3.0848E-09 3.1573E-09 3.2295E-09 3.3100E-09 3.3814E-09 3.4522E-09 3.5220E-09 3.5908E-09 3.6630E-09 3.7341E-09 3.7994E-09 3.8631E-09 3.9251E-09 3.9853E-09 4.0436E-09 4.1045E-09 4.1589E-09 4.2110E-09 4.2605E-09 4.3076E-09 4.3519E-09 4.3934E-09 4.4320E-09 4.4674E-09 4.4998E-09 4.5291E-09 4.5552E-09 4.5779E-09 4.5974E-09 4.6135E-09 4.6261E-09 4.6354E-09 4.6411E-09 4.6433E-09 4.6420E-09 4.6372E-09
1.6387E-09 1.6982E-09 1.7604E-09 1.8240E-09 1.8864E-09 1.9614E-09 2.0303E-09 2.0960E-09 2.1733E-09 2.2464E-09 2.3157E-09 2.3962E-09 2.4676E-09 2.5427E-09 2.6155E-09 2.6996E-09 2.7738E-09 2.8498E-09 2.9289E-09 3.0151E-09 3.0908E-09 3.1663E-09 3.2459E-09 3.3255E-09 3.4003E-09 3.4745E-09 3.5479E-09 3.6250E-09 3.7013E-09 3.7720E-09 3.8414E-09 3.9093E-09 3.9757E-09 4.0451E-09 4.1083E-09 4.1696E-09 4.2286E-09 4.2853E-09 4.3395E-09 4.3910E-09 4.4399E-09 4.4860E-09 4.5291E-09 4.5693E-09 4.6065E-09 4.6406E-09 4.6714E-09 4.6988E-09 4.7227E-09 4.7431E-09 4.7600E-09 4.7732E-09 4.7828E-09 4.7888E-09 4.7911E-09 4.7898E-09 4.7848E-09
1.6690E-09 1.7330E-09 1.7971E-09 1.8601E-09 1.9358E-09 2.0058E-09 2.0728E-09 2.1514E-09 2.2257E-09 2.2963E-09 2.3783E-09 2.4512E-09 2.5281E-09 2.6027E-09 2.6890E-09 2.7669E-09 2.8437E-09 2.9361E-09 3.0144E-09 3.0927E-09 3.1711E-09 3.2583E-09 3.3368E-09 3.4150E-09 3.4926E-09 3.5742E-09 3.6553E-09 3.7311E-09 3.8059E-09 3.8795E-09 3.9563E-09 4.0276E-09 4.0972E-09 4.1651E-09 4.2309E-09 4.2945E-09 4.3558E-09 4.4147E-09 4.4711E-09 4.5252E-09 4.5765E-09 4.6248E-09 4.6701E-09 4.7123E-09 4.7512E-09 4.7867E-09 4.8188E-09 4.8475E-09 4.8725E-09 4.8939E-09 4.9116E-09 4.9255E-09 4.9357E-09 4.9420E-09 4.9445E-09 4.9432E-09 4.9380E-09
1.7019E-09 1.7678E-09 1.8313E-09 1.9075E-09 1.9782E-09 2.0460E-09 2.1255E-09 2.2007E-09 2.2724E-09 2.3558E-09 2.4316E-09 2.5085E-09 2.5953E-09 2.6729E-09 2.7527E-09 2.8358E-09 2.9265E-09 3.0071E-09 3.0880E-09 3.1735E-09 3.2594E-09 3.3409E-09 3.4223E-09 3.5077E-09 3.5931E-09 3.6734E-09 3.7530E-09 3.8317E-09 3.9140E-09 3.9910E-09 4.0666E-09 4.1407E-09 4.2129E-09 4.2832E-09 4.3514E-09 4.4177E-09 4.4818E-09 4.5434E-09 4.6024E-09 4.6586E-09 4.7121E-09 4.7625E-09 4.8098E-09 4.8538E-09 4.8944E-09 4.9316E-09 4.9652E-09 4.9951E-09 5.0212E-09 5.0436E-09 5.0621E-09 5.0766E-09 5.0873E-09 5.0939E-09 5.0966E-09 5.0952E-09 5.0900E-09
1.7362E-09 1.8001E-09 1.8766E-09 1.9479E-09 2.0164E-09 2.0966E-09 2.1727E-09 2.2459E-09 2.3307E-09 2.4094E-09 2.4863E-09 2.5748E-09 2.6541E-09 2.7359E-09 2.8210E-09 2.9142E-09 2.9973E-09 3.0807E-09 3.1734E-09 3.2579E-09 3.3425E-09 3.4270E-09 3.5205E-09 3.6050E-09 3.6891E-09 3.7726E-09 3.8554E-09 3.9425E-09 4.0239E-09 4.1040E-09 4.1824E-09 4.2592E-09 4.3343E-09 4.4078E-09 4.4793E-09 4.5485E-09 4.6155E-09 4.6799E-09 4.7416E-09 4.8004E-09 4.8561E-09 4.9088E-09 4.9583E-09 5.0043E-09 5.0468E-09 5.0857E-09 5.1208E-09 5.1522E-09 5.1796E-09 5.2031E-09 5.2226E-09 5.2380E-09 5.2493E-09 5.2563E-09 5.2592E-09 5.2579E-09 5.2523E-09
1.7664E-09 1.8432E-09 1.9150E-09 1.9839E-09 2.0647E-09 2.1416E-09 2.2156E-09 2.3014E-09 2.3812E-09 2.4593E-09 2.5493E-09 2.6302E-09 2.7136E-09 2.8007E-09 2.8960E-09 2.9812E-09 3.0670E-09 3.1623E-09 3.2495E-09 3.3369E-09 3.4290E-09 3.5215E-09 3.6094E-09 3.6970E-09 3.7842E-09 3.8760E-09 3.9626E-09 4.0480E-09 4.1321E-09 4.2150E-09 4.2967E-09 4.3769E-09 4.4554E-09 4.5321E-09 4.6066E-09 4.6786E-09 4.7482E-09 4.8153E-09 4.8795E-09 4.9408E-09 4.9990E-09 5.0539E-09 5.1055E-09 5.1536E-09 5.1981E-09 5.2387E-09 5.2754E-09 5.3082E-09 5.3368E-09 5.3614E-09 5.3817E-09 5.3978E-09 5.4096E-09 5.4171E-09 5.4202E-09 5.4190E-09 5.4134E-09
1.8075E-09 1.8794E-09 1.9487E-09 2.0299E-09 2.1074E-09 2.1822E-09 2.2688E-09 2.3495E-09 2.4288E-09 2.5200E-09 2.6023E-09 2.6873E-09 2.7870E-09 2.8734E-09 2.9606E-09 3.0529E-09 3.1465E-09 3.2362E-09 3.3264E-09 3.4259E-09 3.5171E-09 3.6082E-09 3.6993E-09 3.7952E-09 3.8863E-09 3.9768E-09 4.0662E-09 4.1546E-09 4.2423E-09 4.3288E-09 4.4139E-09 4.4975E-09 4.5791E-09 4.6587E-09 4.7361E-09 4.8112E-09 4.8838E-09 4.9536E-09 5.0207E-09 5.0847E-09 5.1454E-09 5.2027E-09 5.2565E-09 5.3066E-09 5.3529E-09 5.3955E-09 5.4340E-09 5.4684E-09 5.4986E-09 5.5244E-09 5.5459E-09 5.5628E-09 5.5752E-09 5.5831E-09 5.5864E-09 5.5851E-09 5.5792E-09
1.8400E-09 1.9109E-09 1.9924E-09 2.0703E-09 2.1457E-09 2.2328E-09 2.3144E-09 2.3946E-09 2.4870E-09 2.5705E-09 2.6569E-09 2.7582E-09 2.8463E-09 2.9355E-09 3.0343E-09 3.1257E-09 3.2178E-09 3.3106E-09 3.4131E-09 3.5072E-09 3.6016E-09 3.6963E-09 3.7960E-09 3.8909E-09 3.9849E-09 4.0783E-09 4.1713E-09 4.2636E-09 4.3550E-09 4.4450E-09 4.5334E-09 4.6202E-09 4.7051E-09 4.7879E-09 4.8685E-09 4.9470E-09 5.0225E-09 5.0952E-09 5.1650E-09 5.2317E-09 5.2954E-09 5.3555E-09 5.4119E-09 5.4645E-09 5.5132E-09 5.5577E-09 5.5980E-09 5.6339E-09 5.6653E-09 5.6923E-09 5.7146E-09 5.7323E-09 5.7453E-09 5.7535E-09 5.7570E-09 5.7557E-09 5.7496E-09
1.8706E-09 1.9520E-09 2.0288E-09 2.1061E-09 2.1937E-09 2.2744E-09 2.3569E-09 2.4502E-09 2.5348E-09 2.6224E-09 2.7252E-09 2.8148E-09 2.9057E-09 3.0064E-09 3.1000E-09 3.1944E-09 3.2896E-09 3.3949E-09 3.4918E-09 3.5892E-09 3.6920E-09 3.7906E-09 3.8889E-09 3.9867E-09 4.0845E-09 4.1820E-09 4.2790E-09 4.3749E-09 4.4696E-09 4.5629E-09 4.6548E-09 4.7450E-09 4.8336E-09 4.9198E-09 5.0038E-09 5.0853E-09 5.1645E-09 5.2408E-09 5.3139E-09 5.3836E-09 5.4499E-09 5.5128E-09 5.5714E-09 5.6262E-09 5.6768E-09 5.7231E-09 5.7651E-09 5.8027E-09 5.8356E-09 5.8638E-09 5.8872E-09 5.9057E-09 5.9193E-09 5.9279E-09 5.9315E-09 5.9302E-09 5.9239E-09
1.8991E-09 1.9846E-09 2.0636E-09 2.1515E-09 2.2326E-09 2.3157E-09 2.4097E-09 2.4952E-09 2.5839E-09 2.6879E-09 2.7789E-09 2.8713E-09 2.9738E-09 3.0693E-09 3.1658E-09 3.2677E-09 3.3711E-09 3.4707E-09 3.5712E-09 3.6773E-09 3.7793E-09 3.8808E-09 3.9824E-09 4.0844E-09 4.1862E-09 4.2875E-09 4.3879E-09 4.4873E-09 4.5857E-09 4.6828E-09 4.7788E-09 4.8726E-09 4.9647E-09 5.0548E-09 5.1426E-09 5.2278E-09 5.3101E-09 5.3896E-09 5.4656E-09 5.5381E-09 5.6071E-09 5.6723E-09 5.7337E-09 5.7912E-09 5.8442E-09 5.8927E-09 5.9366E-09 5.9758E-09 6.0102E-09 6.0397E-09 6.0642E-09 6.0836E-09 6.0978E-09 6.1069E-09 6.1108E-09 6.1094E-09 6.1028E-09
1.9387E-09 2.0180E-09 2.1060E-09 2.1861E-09 2.2712E-09 2.3658E-09 2.4519E-09 2.5414E-09 2.6464E-09 2.7386E-09 2.8324E-09 2.9364E-09 3.0336E-09 3.1320E-09 3.2361E-09 3.3418E-09 3.4440E-09 3.5474E-09 3.6565E-09 3.7614E-09 3.8663E-09 3.9718E-09 4.0777E-09 4.1838E-09 4.2893E-09 4.3940E-09 4.4983E-09 4.6017E-09 4.7042E-09 4.8051E-09 4.9048E-09 5.0028E-09 5.0988E-09 5.1926E-09 5.2841E-09 5.3725E-09 5.4581E-09 5.5406E-09 5.6201E-09 5.6960E-09 5.7683E-09 5.8367E-09 5.9009E-09 5.9608E-09 6.0163E-09 6.0671E-09 6.1131E-09 6.1541E-09 6.1901E-09 6.2209E-09 6.2465E-09 6.2668E-09 6.2816E-09 6.2910E-09 6.2950E-09 6.2934E-09 6.2863E-09
1.9691E-09 2.0471E-09 2.1376E-09 2.2231E-09 2.3179E-09 2.4048E-09 2.4950E-09 2.6009E-09 2.6940E-09 2.7889E-09 2.8943E-09 2.9930E-09 3.0931E-09 3.2036E-09 3.3070E-09 3.4114E-09 3.5175E-09 3.6296E-09 3.7372E-09 3.8454E-09 3.9546E-09 4.0646E-09 4.1743E-09 4.2837E-09 4.3929E-09 4.5018E-09 4.6104E-09 4.7176E-09 4.8242E-09 4.9296E-09 5.0333E-09 5.1353E-09 5.2350E-09 5.3323E-09 5.4272E-09 5.5197E-09 5.6094E-09 5.6958E-09 5.7789E-09 5.8584E-09 5.9337E-09 6.0050E-09 6.0719E-09 6.1342E-09 6.1919E-09 6.2448E-09 6.2927E-09 6.3355E-09 6.3730E-09 6.4052E-09 6.4320E-09 6.4532E-09 6.4689E-09 6.4790E-09 6.4835E-09 6.4822E-09 6.4750E-09
1.9954E-09 2.0857E-09 2.1713E-09 2.2559E-09 2.3538E-09 2.4447E-09 2.5470E-09 2.6451E-09 2.7411E-09 2.8475E-09 2.9474E-09 3.0491E-09 3.1613E-09 3.2666E-09 3.3732E-09 3.4818E-09 3.5963E-09 3.7066E-09 3.8180E-09 3.9306E-09 4.0441E-09 4.1575E-09 4.2708E-09 4.3844E-09 4.4982E-09 4.6111E-09 4.7238E-09 4.8356E-09 4.9463E-09 5.0557E-09 5.1632E-09 5.2689E-09 5.3729E-09 5.4749E-09 5.5744E-09 5.6710E-09 5.7645E-09 5.8544E-09 5.9405E-09 6.0229E-09 6.1014E-09 6.1756E-09 6.2455E-09 6.3107E-09 6.3711E-09 6.4265E-09 6.4768E-09 6.5217E-09 6.5611E-09 6.5948E-09 6.6228E-09 6.6450E-09 6.6611E-09 6.6714E-09 6.6757E-09 6.6744E-09 6.6671E-09
2.0308E-09 2.1161E-09 2.2008E-09 2.2987E-09 2.3899E-09 2.4816E-09 2.5916E-09 2.6884E-09 2.7916E-09 2.8970E-09 3.0001E-09 3.1138E-09 3.2208E-09 3.3291E-09 3.4445E-09 3.5567E-09 3.6696E-09 3.7840E-09 3.8998E-09 4.0165E-09 4.1332E-09 4.2505E-09 4.3683E-09 4.4862E-09 4.6041E-09 4.7216E-09 4.8386E-09 4.9547E-09 5.0694E-09 5.1829E-09 5.2954E-09 5.4061E-09 5.5147E-09 5.6209E-09 5.7238E-09 5.8239E-09 5.9211E-09 6.0149E-09 6.1052E-09 6.1916E-09 6.2738E-09 6.3517E-09 6.4250E-09 6.4933E-09 6.5566E-09 6.6145E-09 6.6670E-09 6.7139E-09 6.7551E-09 6.7906E-09 6.8201E-09 6.8434E-09 6.8607E-09 6.8717E-09 6.8764E-09 6.8749E-09 6.8670E-09
2.0563E-09 2.1423E-09 2.2400E-09 2.3312E-09 2.4233E-09 2.5334E-09 2.6309E-09 2.7304E-09 2.8413E-09 2.9455E-09 3.0562E-09 3.1691E-09 3.2794E-09 3.3967E-09 3.5110E-09 3.6260E-09 3.7431E-09 3.8620E-09 3.9815E-09 4.1015E-09 4.2225E-09 4.3445E-09 4.4665E-09 4.5888E-09 4.7113E-09 4.8331E-09 4.9543E-09 5.0747E-09 5.1946E-09 5.3133E-09 5.4302E-09 5.5451E-09 5.6574E-09 5.7678E-09 5.8757E-09 5.9806E-09 6.0822E-09 6.1803E-09 6.2746E-09 6.3646E-09 6.4501E-09 6.5311E-09 6.6075E-09 6.6789E-09 6.7451E-09 6.8058E-09 6.8609E-09 6.9101E-09 6.9533E-09 6.9904E-09 7.0212E-09 7.0456E-09 7.0637E-09 7.0753E-09 7.0804E-09 7.0789E-09 7.0709E-09
2.0809E-09 2.1780E-09 2.2675E-09 2.3611E-09 2.4711E-09 2.5689E-09 2.6689E-09 2.7804E-09 2.8855E-09 2.9926E-09 3.1115E-09 3.2233E-09 3.3380E-09 3.4586E-09 3.5760E-09 3.6955E-09 3.8172E-09 3.9394E-09 4.0624E-09 4.1869E-09 4.3125E-09 4.4388E-09 4.5653E-09 4.6920E-09 4.8189E-09 4.9451E-09 5.0715E-09 5.1973E-09 5.3219E-09 5.4449E-09 5.5661E-09 5.6861E-09 5.8037E-09 5.9188E-09 6.0311E-09 6.1402E-09 6.2459E-09 6.3481E-09 6.4466E-09 6.5411E-09 6.6311E-09 6.7164E-09 6.7966E-09 6.8716E-09 6.9409E-09 7.0045E-09 7.0622E-09 7.1137E-09 7.1589E-09 7.1977E-09 7.2299E-09 7.2555E-09 7.2743E-09 7.2863E-09 7.2913E-09 7.2893E-09 7.2804E-09
2.1025E-09 2.2021E-09 2.2953E-09 2.4008E-09 2.5026E-09 2.6029E-09 2.7145E-09 2.8203E-09 2.9282E-09 3.0480E-09 3.1610E-09 3.2771E-09 3.3996E-09 3.5191E-09 3.6409E-09 3.7653E-09 3.8899E-09 4.0160E-09 4.1437E-09 4.2726E-09 4.4025E-09 4.5333E-09 4.6644E-09 4.7956E-09 4.9276E-09 5.0593E-09 5.1905E-09 5.3207E-09 5.4498E-09 5.5784E-09 5.7051E-09 5.8299E-09 5.9522E-09 6.0720E-09 6.1891E-09 6.3036E-09 6.4146E-09 6.5219E-09 6.6251E-09 6.7238E-09 6.8177E-09 6.9065E-09 6.9900E-09 7.0680E-09 7.1403E-09 7.2067E-09 7.2669E-09 7.3208E-09 7.3682E-09 7.4089E-09 7.4427E-09 7.4695E-09 7.4893E-09 7.5020E-09 7.5076E-09 7.5059E-09 7.4967E-09
2.1338E-09 2.2264E-09 2.3201E-09 2.4326E-09 2.5327E-09 2.6442E-09 2.7501E-09 2.8585E-09 2.9788E-09 3.0928E-09 3.2098E-09 3.3339E-09 3.4548E-09 3.5787E-09 3.7051E-09 3.8325E-09 3.9614E-09 4.0927E-09 4.2248E-09 4.3583E-09 4.4926E-09 4.6281E-09 4.7639E-09 4.9006E-09 5.0376E-09 5.1740E-09 5.3101E-09 5.4463E-09 5.5812E-09 5.7144E-09 5.8460E-09 5.9757E-09 6.1036E-09 6.2294E-09 6.3522E-09 6.4716E-09 6.5873E-09 6.6988E-09 6.8061E-09 6.9088E-09 7.0068E-09 7.1000E-09 7.1878E-09 7.2698E-09 7.3459E-09 7.4158E-09 7.4792E-09 7.5357E-09 7.5853E-09 7.6278E-09 7.6630E-09 7.6908E-09 7.7111E-09 7.7238E-09 7.7289E-09 7.7265E-09 7.7170E-09
2.1546E-09 2.2476E-09 2.3591E-09 2.4588E-09 2.5612E-09 2.6756E-09 2.7841E-09 2.9045E-09 3.0190E-09 3.1365E-09 3.2616E-09 3.3840E-09 3.5092E-09 3.6377E-09 3.7670E-09 3.8985E-09 4.0325E-09 4.1683E-09 4.3051E-09 4.4434E-09 4.5824E-09 4.7234E-09 4.8647E-09 5.0064E-09 5.1482E-09 5.2904E-09 5.4323E-09 5.5731E-09 5.7130E-09 5.8518E-09 5.9896E-09 6.1258E-09 6.2593E-09 6.3902E-09 6.5177E-09 6.6418E-09 6.7623E-09 6.8793E-09 6.9922E-09 7.1006E-09 7.2038E-09 7.3015E-09 7.3936E-09 7.4795E-09 7.5590E-09 7.6319E-09 7.6981E-09 7.7572E-09 7.8090E-09 7.8535E-09 7.8904E-09 7.9196E-09 7.9409E-09 7.9542E-09 7.9594E-09 7.9566E-09 7.9458E-09
2.1721E-09 2.2785E-09 2.3815E-09 2.4832E-09 2.5969E-09 2.7051E-09 2.8162E-09 2.9398E-09 3.0577E-09 3.1835E-09 3.3068E-09 3.4330E-09 3.5629E-09 3.6942E-09 3.8279E-09 3.9642E-09 4.1029E-09 4.2428E-09 4.3844E-09 4.5279E-09 4.6727E-09 4.8189E-09 4.9652E-09 5.1125E-09 5.2605E-09 5.4078E-09 5.5547E-09 5.7013E-09 5.8478E-09 5.9930E-09 6.1365E-09 6.2778E-09 6.4164E-09 6.5526E-09 6.6863E-09 6.8169E-09 6.9437E-09 7.0864E-09 7.2047E-09 7.3177E-09 7.4254E-09 7.5274E-09 7.6234E-09 7.7131E-09 7.7963E-09 7.8727E-09 7.9419E-09 8.0036E-09 8.0576E-09 8.1037E-09 8.1419E-09 8.1719E-09 8.1937E-09 8.2073E-09 8.1929E-09 8.1903E-09 8.1794E-09
2.1874E-09 2.3012E-09 2.4021E-09 2.5104E-09 2.6224E-09 2.7330E-09 2.8561E-09 2.9737E-09 3.0997E-09 3.2234E-09 3.3504E-09 3.4814E-09 3.6141E-09 3.7491E-09 3.8877E-09 4.0287E-09 4.1715E-09 4.3162E-09 4.4635E-09 4.6122E-09 4.7622E-09 4.9137E-09 5.0667E-09 5.2196E-09 5.3727E-09 5.5256E-09 5.6792E-09 5.8325E-09 5.9848E-09 6.1356E-09 6.2844E-09 6.4317E-09 6.5772E-09 6.7406E-09 6.8810E-09 7.0177E-09 7.1501E-09 7.2781E-09 7.4016E-09 7.5201E-09 7.6331E-09 7.7404E-09 7.8414E-09 7.9358E-09 8.0231E-09 8.1032E-09 8.1757E-09 8.2403E-09 8.2968E-09 8.3450E-09 8.3848E-09 8.4160E-09 8.4383E-09 8.4518E-09 8.4563E-09 8.4519E-09 8.4386E-09
