Assets/Resources/2015_m01_d06_1900(utc+0800)_l00_csi_1hr_conc.grd
DSAA
         159         159
     -79.000      79.000
     -79.000      79.000
  0.0000E+00  0.6492E-04
[rows 0 to 24 of 159, columns 0 to 56 of 159]
0.0000E+00 0.0000E+00 0.0000E+00 0.0000E+00 0.0000E+00 0.0000E+00 0.0000E+00 0.0000E+00 0.0000E+00 0.0000E+00 0.0000E+00 0.0000E+00 0.0000E+00 0.0000E+00 0.0000E+00 0.0000E+00 0.0000E+00 0.0000E+00 0.0000E+00 0.0000E+00 0.0000E+00 0.0000E+00 0.0000E+00 2.2707E-12 4.8554E-12 5.5703E-12 8.8948E-12 1.2591E-11 1.4406E-11 1.9088E-11 2.1781E-11 2.8805E-11 3.7245E-11 4.7295E-11 6.5876E-11 8.0823E-11 1.0510E-10 1.3058E-10 1.5047E-10 1.7261E-10 1.9562E-10 2.2294E-10 2.5145E-10 2.8467E-10 3.1951E-10 3.5770E-10 4.0143E-10 4.4716E-10 4.9868E-10 5.5266E-10 6.1088E-10 6.7541E-10 7.4268E-10 8.1448E-10 8.9271E-10 9.7387E-10 1.0595E-09
0.0000E+00 0.0000E+00 0.0000E+00 0.0000E+00 0.0000E+00 0.0000E+00 0.0000E+00 0.0000E+00 0.0000E+00 0.0000E+00 0.0000E+00 0.0000E+00 0.0000E+00 0.0000E+00 0.0000E+00 0.0000E+00 0.0000E+00 0.0000E+00 0.0000E+00 0.0000E+00 0.0000E+00 0.0000E+00 0.0000E+00 2.2681E-12 4.8588E-12 5.5742E-12 8.9172E-12 1.2645E-11 1.4467E-11 1.9202E-11 2.1913E-11 2.9041E-11 3.7637E-11 4.7905E-11 6.7170E-11 8.8963E-11 1.0790E-10 1.3655E-10 1.5538E-10 1.7833E-10 2.0201E-10 2.3032E-10 2.5989E-10 2.9452E-10 3.3071E-10 3.7235E-10 4.1602E-10 4.6549E-10 5.1745E-10 5.7369E-10 6.3636E-10 7.0189E-10 7.7210E-10 8.4899E-10 9.2899E-10 1.0138E-09 1.1034E-09
0.0000E+00 0.0000E+00 0.0000E+00 0.0000E+00 0.0000E+00 0.0000E+00 0.0000E+00 0.0000E+00 0.0000E+00 0.0000E+00 0.0000E+00 0.0000E+00 0.0000E+00 0.0000E+00 0.0000E+00 0.0000E+00 0.0000E+00 0.0000E+00 0.0000E+00 0.0000E+00 0.0000E+00 0.0000E+00 0.0000E+00 2.2606E-12 4.8516E-12 5.5659E-12 8.9200E-12 1.2671E-11 1.4497E-11 1.9274E-11 2.1996E-11 2.9215E-11 3.7948E-11 4.8415E-11 7.3810E-11 9.6914E-11 1.1054E-10 1.4068E-10 1.6197E-10 1.8399E-10 2.1040E-10 2.3791E-10 2.7029E-10 3.0420E-10 3.4358E-10 3.8504E-10 4.3224E-10 4.8195E-10 5.3597E-10 5.9647E-10 6.5991E-10 7.2814E-10 8.0327E-10 8.8167E-10 9.6511E-10 1.0536E-09 1.1471E-09
0.0000E+00 0.0000E+00 0.0000E+00 0.0000E+00 0.0000E+00 0.0000E+00 0.0000E+00 0.0000E+00 0.0000E+00 0.0000E+00 0.0000E+00 0.0000E+00 0.0000E+00 0.0000E+00 0.0000E+00 0.0000E+00 0.0000E+00 0.0000E+00 0.0000E+00 0.0000E+00 0.0000E+00 0.0000E+00 0.0000E+00 2.2482E-12 4.8338E-12 5.5456E-12 8.9031E-12 1.2668E-11 1.4495E-11 1.9303E-11 2.5693E-11 3.3457E-11 4.2805E-11 5.3972E-11 7.5068E-11 9.9050E-11 1.1488E-10 1.4465E-10 1.6672E-10 1.9125E-10 2.1687E-10 2.4717E-10 2.7896E-10 3.1593E-10 3.5487E-10 3.9760E-10 4.4653E-10 4.9810E-10 5.5617E-10 6.1721E-10 6.8312E-10 7.5608E-10 8.3244E-10 9.1403E-10 1.0009E-09 1.0951E-09 1.1927E-09
0.0000E+00 0.0000E+00 0.0000E+00 0.0000E+00 0.0000E+00 0.0000E+00 0.0000E+00 0.0000E+00 0.0000E+00 0.0000E+00 0.0000E+00 0.0000E+00 0.0000E+00 0.0000E+00 0.0000E+00 0.0000E+00 0.0000E+00 0.0000E+00 0.0000E+00 0.0000E+00 0.0000E+00 0.0000E+00 0.0000E+00 2.2310E-12 4.8057E-12 5.5133E-12 8.8668E-12 1.2638E-11 1.6864E-11 1.9290E-11 2.5729E-11 3.3579E-11 4.3062E-11 5.4426E-11 7.6182E-11 1.0102E-10 1.2426E-10 1.5030E-10 1.7127E-10 1.9668E-10 2.2310E-10 2.5451E-10 2.8736E-10 3.2572E-10 3.6600E-10 4.1229E-10 4.6101E-10 5.1616E-10 5.7429E-10 6.3753E-10 7.0795E-10 7.8186E-10 8.6116E-10 9.4594E-10 1.0383E-09 1.1344E-09 1.2360E-09
0.0000E+00 0.0000E+00 0.0000E+00 0.0000E+00 0.0000E+00 0.0000E+00 0.0000E+00 0.0000E+00 0.0000E+00 0.0000E+00 0.0000E+00 0.0000E+00 0.0000E+00 0.0000E+00 0.0000E+00 0.0000E+00 0.0000E+00 0.0000E+00 0.0000E+00 0.0000E+00 0.0000E+00 0.0000E+00 0.0000E+00 2.2093E-12 4.7672E-12 5.4692E-12 8.8113E-12 1.2580E-11 1.6814E-11 2.2473E-11 2.9399E-11 3.7804E-11 4.7925E-11 6.0008E-11 8.2953E-11 1.0458E-10 1.2693E-10 1.5404E-10 1.7745E-10 2.0186E-10 2.3101E-10 2.6156E-10 2.9743E-10 3.3518E-10 3.7877E-10 4.2476E-10 4.7709E-10 5.3238E-10 5.9254E-10 6.5985E-10 7.3069E-10 8.0709E-10 8.8931E-10 9.7939E-10 1.0734E-09 1.1732E-09 1.2787E-09
0.0000E+00 0.0000E+00 0.0000E+00 0.0000E+00 0.0000E+00 0.0000E+00 0.0000E+00 0.0000E+00 0.0000E+00 0.0000E+00 0.0000E+00 0.0000E+00 0.0000E+00 0.0000E+00 0.0000E+00 0.0000E+00 0.0000E+00 0.0000E+00 0.0000E+00 0.0000E+00 0.0000E+00 0.0000E+00 0.0000E+00 2.1830E-12 4.7188E-12 5.4137E-12 8.7368E-12 1.2495E-11 1.6727E-11 2.2403E-11 2.9372E-11 3.7856E-11 4.8104E-11 6.0380E-11 8.3969E-11 1.0630E-10 1.3126E-10 1.5755E-10 1.8169E-10 2.0859E-10 2.3686E-10 2.7019E-10 3.0536E-10 3.4617E-10 3.8935E-10 4.3870E-10 4.9098E-10 5.4808E-10 6.1228E-10 6.8003E-10 7.5330E-10 8.3226E-10 9.1926E-10 1.0103E-09 1.1077E-09 1.2111E-09 1.3239E-09
0.0000E+00 0.0000E+00 0.0000E+00 0.0000E+00 0.0000E+00 0.0000E+00 0.0000E+00 0.0000E+00 0.0000E+00 0.0000E+00 0.0000E+00 0.0000E+00 0.0000E+00 0.0000E+00 0.0000E+00 0.0000E+00 0.0000E+00 0.0000E+00 0.0000E+00 0.0000E+00 0.0000E+00 0.0000E+00 0.0000E+00 2.1523E-12 2.4698E-12 5.3470E-12 8.6440E-12 1.2382E-11 1.6603E-11 2.2283E-11 2.9279E-11 3.7821E-11 5.2954E-11 6.5974E-11 8.6547E-11 1.0782E-10 1.3364E-10 1.6269E-10 1.8566E-10 2.1337E-10 2.4237E-10 2.7675E-10 3.1289E-10 3.5503E-10 3.9945E-10 4.5045E-10 5.0433E-10 5.6520E-10 6.2961E-10 6.9953E-10 7.7517E-10 8.5894E-10 9.4688E-10 1.0410E-09 1.1415E-09 1.2517E-09 1.3653E-09
0.0000E+00 0.0000E+00 0.0000E+00 0.0000E+00 0.0000E+00 0.0000E+00 0.0000E+00 0.0000E+00 0.0000E+00 0.0000E+00 0.0000E+00 0.0000E+00 0.0000E+00 0.0000E+00 0.0000E+00 0.0000E+00 0.0000E+00 0.0000E+00 0.0000E+00 0.0000E+00 0.0000E+00 0.0000E+00 0.0000E+00 0.0000E+00 2.4299E-12 5.2697E-12 8.5333E-12 1.2244E-11 1.9284E-11 2.5396E-11 3.2891E-11 4.2016E-11 5.3034E-11 7.4590E-11 8.7325E-11 1.1095E-10 1.3578E-10 1.6585E-10 1.9121E-10 2.1782E-10 2.4951E-10 2.8291E-10 3.2204E-10 3.6340E-10 4.1112E-10 4.6165E-10 5.1902E-10 5.7990E-10 6.4623E-10 7.1825E-10 7.9842E-10 8.8283E-10 9.7355E-10 1.0707E-09 1.1780E-09 1.2887E-09 1.4060E-09
0.0000E+00 0.0000E+00 0.0000E+00 0.0000E+00 0.0000E+00 0.0000E+00 0.0000E+00 0.0000E+00 0.0000E+00 0.0000E+00 0.0000E+00 0.0000E+00 0.0000E+00 0.0000E+00 0.0000E+00 0.0000E+00 0.0000E+00 0.0000E+00 0.0000E+00 0.0000E+00 0.0000E+00 0.0000E+00 0.0000E+00 0.0000E+00 2.3854E-12 5.1821E-12 8.4055E-12 1.2080E-11 1.9094E-11 2.5199E-11 3.2710E-11 4.1882E-11 5.2993E-11 7.4985E-11 8.7917E-11 1.1217E-10 1.3944E-10 1.6872E-10 1.9472E-10 2.2377E-10 2.5446E-10 2.9058E-10 3.2886E-10 3.7324E-10 4.2036E-10 4.7221E-10 5.3131E-10 5.9386E-10 6.6204E-10 7.3829E-10 8.1882E-10 9.0570E-10 9.9913E-10 1.1029E-09 1.2102E-09 1.3245E-09 1.4491E-09
0.0000E+00 0.0000E+00 0.0000E+00 0.0000E+00 0.0000E+00 0.0000E+00 0.0000E+00 0.0000E+00 0.0000E+00 0.0000E+00 0.0000E+00 0.0000E+00 0.0000E+00 0.0000E+00 0.0000E+00 0.0000E+00 0.0000E+00 0.0000E+00 0.0000E+00 0.0000E+00 0.0000E+00 0.0000E+00 0.0000E+00 0.0000E+00 2.3367E-12 5.0849E-12 8.2614E-12 1.4330E-11 2.1706E-11 2.8245E-11 3.6266E-11 4.6027E-11 5.7823E-11 7.6408E-11 8.8089E-11 1.1316E-10 1.4119E-10 1.7316E-10 1.9790E-10 2.2766E-10 2.5898E-10 2.9604E-10 3.3707E-10 3.8074E-10 4.2898E-10 4.8423E-10 5.4286E-10 6.0701E-10 6.7911E-10 7.5547E-10 8.3817E-10 9.3062E-10 1.0271E-09 1.1306E-09 1.2444E-09 1.3625E-09 1.4877E-09
0.0000E+00 0.0000E+00 0.0000E+00 0.0000E+00 0.0000E+00 0.0000E+00 0.0000E+00 0.0000E+00 0.0000E+00 0.0000E+00 0.0000E+00 0.0000E+00 0.0000E+00 0.0000E+00 0.0000E+00 0.0000E+00 0.0000E+00 0.0000E+00 0.0000E+00 0.0000E+00 0.0000E+00 0.0000E+00 0.0000E+00 0.0000E+00 2.2840E-12 4.9786E-12 8.1019E-12 1.4111E-11 2.1438E-11 2.7959E-11 3.5981E-11 4.5776E-11 5.7651E-11 7.6534E-11 8.9815E-11 1.1514E-10 1.5135E-10 1.7556E-10 2.0260E-10 2.3115E-10 2.6507E-10 3.0099E-10 3.4303E-10 3.8763E-10 4.3899E-10 4.9361E-10 5.5360E-10 6.2136E-10 6.9333E-10 7.7158E-10 8.5637E-10 9.5161E-10 1.0507E-09 1.1603E-09 1.2744E-09 1.3958E-09 1.5279E-09
0.0000E+00 0.0000E+00 0.0000E+00 0.0000E+00 0.0000E+00 0.0000E+00 0.0000E+00 0.0000E+00 0.0000E+00 0.0000E+00 0.0000E+00 0.0000E+00 0.0000E+00 0.0000E+00 0.0000E+00 0.0000E+00 0.0000E+00 0.0000E+00 0.0000E+00 0.0000E+00 0.0000E+00 0.0000E+00 0.0000E+00 0.0000E+00 2.2277E-12 4.8640E-12 7.9281E-12 1.3863E-11 1.8757E-11 3.0933E-11 3.9469E-11 4.9867E-11 5.7348E-11 7.6489E-11 9.9061E-11 1.1573E-10 1.5477E-10 1.7762E-10 2.0520E-10 2.3421E-10 2.6886E-10 3.0740E-10 3.4840E-10 3.9584E-10 4.4644E-10 5.0220E-10 5.6550E-10 6.3292E-10 7.0650E-10 7.8654E-10 8.7696E-10 9.7129E-10 1.0762E-09 1.1857E-09 1.3028E-09 1.4309E-09 1.5637E-09
0.0000E+00 0.0000E+00 0.0000E+00 0.0000E+00 0.0000E+00 0.0000E+00 0.0000E+00 0.0000E+00 0.0000E+00 0.0000E+00 0.0000E+00 0.0000E+00 0.0000E+00 0.0000E+00 0.0000E+00 0.0000E+00 0.0000E+00 0.0000E+00 0.0000E+00 0.0000E+00 0.0000E+00 0.0000E+00 0.0000E+00 0.0000E+00 2.1682E-12 4.7416E-12 7.7409E-12 1.6010E-11 2.1278E-11 3.0546E-11 3.9068E-11 4.9483E-11 5.7958E-11 7.7300E-11 9.9216E-11 1.1607E-10 1.5618E-10 1.7927E-10 2.0741E-10 2.3887E-10 2.7214E-10 3.1146E-10 3.5315E-10 4.0160E-10 4.5313E-10 5.0993E-10 5.7468E-10 6.4345E-10 7.1855E-10 8.0386E-10 8.9308E-10 9.9293E-10 1.0974E-09 1.2095E-09 1.3330E-09 1.4613E-09 1.5975E-09
0.0000E+00 0.0000E+00 0.0000E+00 0.0000E+00 0.0000E+00 0.0000E+00 0.0000E+00 0.0000E+00 0.0000E+00 0.0000E+00 0.0000E+00 0.0000E+00 0.0000E+00 0.0000E+00 0.0000E+00 0.0000E+00 0.0000E+00 0.0000E+00 0.0000E+00 0.0000E+00 0.0000E+00 0.0000E+00 0.0000E+00 0.0000E+00 0.0000E+00 4.6122E-12 7.5414E-12 1.3405E-11 2.0912E-11 3.0094E-11 3.8582E-11 4.8988E-11 5.7447E-11 7.6966E-11 1.0035E-10 1.1616E-10 1.5728E-10 1.8253E-10 2.0920E-10 2.4119E-10 2.7694E-10 3.1494E-10 3.5932E-10 4.0664E-10 4.5900E-10 5.1898E-10 5.8287E-10 6.5289E-10 7.3288E-10 8.1676E-10 9.1116E-10 1.0102E-09 1.1169E-09 1.2351E-09 1.3583E-09 1.4897E-09 1.6328E-09
0.0000E+00 0.0000E+00 0.0000E+00 0.0000E+00 0.0000E+00 0.0000E+00 0.0000E+00 0.0000E+00 0.0000E+00 0.0000E+00 0.0000E+00 0.0000E+00 0.0000E+00 0.0000E+00 0.0000E+00 0.0000E+00 0.0000E+00 0.0000E+00 0.0000E+00 0.0000E+00 0.0000E+00 0.0000E+00 0.0000E+00 0.0000E+00 0.0000E+00 2.3363E-12 5.1247E-12 1.5521E-11 2.3359E-11 3.2943E-11 4.1956E-11 4.8386E-11 5.6810E-11 7.5973E-11 9.9667E-11 1.2660E-10 1.5740E-10 1.8328E-10 2.1222E-10 2.4283E-10 2.7924E-10 3.1781E-10 3.6295E-10 4.1092E-10 4.6613E-10 5.2512E-10 5.9001E-10 6.6117E-10 7.4292E-10 8.3162E-10 9.2490E-10 1.0258E-09 1.1384E-09 1.2559E-09 1.3818E-09 1.5198E-09 1.6629E-09
0.0000E+00 0.0000E+00 0.0000E+00 0.0000E+00 0.0000E+00 0.0000E+00 0.0000E+00 0.0000E+00 0.0000E+00 0.0000E+00 0.0000E+00 0.0000E+00 0.0000E+00 0.0000E+00 0.0000E+00 0.0000E+00 0.0000E+00 0.0000E+00 0.0000E+00 0.0000E+00 0.0000E+00 0.0000E+00 0.0000E+00 0.0000E+00 0.0000E+00 2.2591E-12 4.9631E-12 1.5186E-11 2.2905E-11 3.2378E-11 4.1338E-11 4.7680E-11 5.6051E-11 6.5771E-11 9.8454E-11 1.2566E-10 1.5845E-10 1.8302E-10 2.1224E-10 2.4502E-10 2.7980E-10 3.2082E-10 3.6455E-10 4.1315E-10 4.6935E-10 5.2922E-10 5.9512E-10 6.6742E-10 7.5099E-10 8.4171E-10 9.3676E-10 1.0433E-09 1.1549E-09 1.2748E-09 1.4070E-09 1.5446E-09 1.6908E-09
0.0000E+00 0.0000E+00 0.0000E+00 0.0000E+00 0.0000E+00 0.0000E+00 0.0000E+00 0.0000E+00 0.0000E+00 0.0000E+00 0.0000E+00 0.0000E+00 0.0000E+00 0.0000E+00 0.0000E+00 0.0000E+00 0.0000E+00 0.0000E+00 0.0000E+00 0.0000E+00 0.0000E+00 0.0000E+00 0.0000E+00 0.0000E+00 0.0000E+00 2.1798E-12 4.7962E-12 1.7231E-11 2.5272E-11 3.5142E-11 4.0634E-11 4.7081E-11 5.5860E-11 6.4835E-11 9.7061E-11 1.2448E-10 1.5770E-10 1.8393E-10 2.1177E-10 2.4483E-10 2.7977E-10 3.2122E-10 3.6527E-10 4.1646E-10 4.7119E-10 5.3167E-10 5.9829E-10 6.7578E-10 7.6028E-10 8.4908E-10 9.4922E-10 1.0544E-09 1.1681E-09 1.2941E-09 1.4258E-09 1.5663E-09 1.7196E-09
0.0000E+00 0.0000E+00 0.0000E+00 0.0000E+00 0.0000E+00 0.0000E+00 0.0000E+00 0.0000E+00 0.0000E+00 0.0000E+00 0.0000E+00 0.0000E+00 0.0000E+00 0.0000E+00 0.0000E+00 0.0000E+00 0.0000E+00 0.0000E+00 0.0000E+00 0.0000E+00 0.0000E+00 0.0000E+00 0.0000E+00 0.0000E+00 0.0000E+00 0.0000E+00 4.6248E-12 1.6825E-11 2.4725E-11 3.4457E-11 3.9848E-11 4.6188E-11 5.4900E-11 6.4485E-11 8.7335E-11 1.2305E-10 1.5664E-10 1.8301E-10 2.1282E-10 2.4418E-10 2.8137E-10 3.2102E-10 3.6529E-10 4.1701E-10 4.7213E-10 5.3310E-10 6.0030E-10 6.7902E-10 7.6495E-10 8.5841E-10 9.5693E-10 1.0638E-09 1.1831E-09 1.3080E-09 1.4421E-09 1.5893E-09 1.7423E-09
0.0000E+00 0.0000E+00 0.0000E+00 0.0000E+00 0.0000E+00 0.0000E+00 0.0000E+00 0.0000E+00 0.0000E+00 0.0000E+00 0.0000E+00 0.0000E+00 0.0000E+00 0.0000E+00 0.0000E+00 0.0000E+00 0.0000E+00 0.0000E+00 0.0000E+00 0.0000E+00 0.0000E+00 0.0000E+00 0.0000E+00 0.0000E+00 0.0000E+00 0.0000E+00 2.3036E-12 1.4143E-11 2.4134E-11 3.1320E-11 3.8986E-11 4.5206E-11 5.3833E-11 6.3324E-11 8.6193E-11 1.2289E-10 1.5542E-10 1.8161E-10 2.1177E-10 2.4310E-10 2.8047E-10 3.2015E-10 3.6681E-10 4.1670E-10 4.7211E-10 5.3344E-10 6.0109E-10 6.8095E-10 7.6822E-10 8.6321E-10 9.6299E-10 1.0751E-09 1.1929E-09 1.3199E-09 1.4602E-09 1.6066E-09 1.7625E-09
0.0000E+00 0.0000E+00 0.0000E+00 0.0000E+00 0.0000E+00 0.0000E+00 0.0000E+00 0.0000E+00 0.0000E+00 0.0000E+00 0.0000E+00 0.0000E+00 0.0000E+00 0.0000E+00 0.0000E+00 0.0000E+00 0.0000E+00 0.0000E+00 0.0000E+00 0.0000E+00 0.0000E+00 0.0000E+00 0.0000E+00 0.0000E+00 0.0000E+00 0.0000E+00 2.2083E-12 1.6144E-11 2.4119E-11 3.0577E-11 3.8053E-11 4.4141E-11 5.2665E-11 6.2044E-11 8.4842E-11 1.1113E-10 1.5540E-10 1.8191E-10 2.1038E-10 2.4396E-10 2.7948E-10 3.2120E-10 3.6612E-10 4.1611E-10 4.7166E-10 5.3318E-10 6.0109E-10 6.8191E-10 7.7033E-10 8.6668E-10 9.7126E-10 1.0814E-09 1.2007E-09 1.3335E-09 1.4726E-09 1.6214E-09 1.7842E-09
0.0000E+00 0.0000E+00 0.0000E+00 0.0000E+00 0.0000E+00 0.0000E+00 0.0000E+00 0.0000E+00 0.0000E+00 0.0000E+00 0.0000E+00 0.0000E+00 0.0000E+00 0.0000E+00 0.0000E+00 0.0000E+00 0.0000E+00 0.0000E+00 0.0000E+00 0.0000E+00 0.0000E+00 0.0000E+00 0.0000E+00 0.0000E+00 0.0000E+00 0.0000E+00 0.0000E+00 1.3668E-11 2.3507E-11 2.9782E-11 3.7054E-11 4.2999E-11 5.1404E-11 6.0653E-11 8.3249E-11 1.0964E-10 1.5379E-10 1.8020E-10 2.0875E-10 2.4220E-10 2.7790E-10 3.1981E-10 3.6471E-10 4.1475E-10 4.7039E-10 5.3205E-10 6.0016E-10 6.8193E-10 7.7592E-10 8.7284E-10 9.7525E-10 1.0866E-09 1.2114E-09 1.3424E-09 1.4833E-09 1.6385E-09 1.8002E-09
0.0000E+00 0.0000E+00 0.0000E+00 0.0000E+00 0.0000E+00 0.0000E+00 0.0000E+00 0.0000E+00 0.0000E+00 0.0000E+00 0.0000E+00 0.0000E+00 0.0000E+00 0.0000E+00 0.0000E+00 0.0000E+00 0.0000E+00 0.0000E+00 0.0000E+00 0.0000E+00 0.0000E+00 0.0000E+00 0.0000E+00 0.0000E+00 0.0000E+00 0.0000E+00 0.0000E+00 1.1409E-11 2.2856E-11 2.8938E-11 3.5995E-11 4.1787E-11 5.0272E-11 5.9378E-11 8.2114E-11 1.0790E-10 1.5184E-10 1.7821E-10 2.0833E-10 2.4011E-10 2.7571E-10 3.1769E-10 3.6252E-10 4.1251E-10 4.6812E-10 5.2979E-10 6.0429E-10 6.8628E-10 7.7615E-10 8.7423E-10 9.7750E-10 1.0939E-09 1.2166E-09 1.3527E-09 1.4960E-09 1.6497E-09 1.8138E-09
0.0000E+00 0.0000E+00 0.0000E+00 0.0000E+00 0.0000E+00 0.0000E+00 0.0000E+00 0.0000E+00 0.0000E+00 0.0000E+00 0.0000E+00 0.0000E+00 0.0000E+00 0.0000E+00 0.0000E+00 0.0000E+00 0.0000E+00 0.0000E+00 0.0000E+00 0.0000E+00 0.0000E+00 0.0000E+00 0.0000E+00 0.0000E+00 0.0000E+00 0.0000E+00 0.0000E+00 6.8181E-12 1.9968E-11 2.5741E-11 3.4884E-11 4.0724E-11 4.8354E-11 5.7797E-11 8.0347E-11 1.1700E-10 1.5087E-10 1.7623E-10 2.0606E-10 2.3764E-10 2.7514E-10 3.1492E-10 3.5956E-10 4.0938E-10 4.6484E-10 5.2639E-10 6.0143E-10 6.8413E-10 7.7489E-10 8.7405E-10 9.8196E-10 1.0959E-09 1.2197E-09 1.3579E-09 1.5028E-09 1.6584E-09 1.8247E-09
0.0000E+00 0.0000E+00 0.0000E+00 0.0000E+00 0.0000E+00 0.0000E+00 0.0000E+00 0.0000E+00 0.0000E+00 0.0000E+00 0.0000E+00 0.0000E+00 0.0000E+00 0.0000E+00 0.0000E+00 0.0000E+00 0.0000E+00 0.0000E+00 0.0000E+00 0.0000E+00 0.0000E+00 0.0000E+00 0.0000E+00 0.0000E+00 0.0000E+00 0.0000E+00 0.0000E+00 0.0000E+00 1.9348E-11 2.4912E-11 3.1405E-11 3.9400E-11 4.6859E-11 6.4730E-11 7.8442E-11 1.1489E-10 1.4864E-10 1.7397E-10 2.0373E-10 2.3503E-10 2.7234E-10 3.1215E-10 3.5654E-10 4.0607E-10 4.6124E-10 5.2248E-10 5.9789E-10 6.8112E-10 7.7259E-10 8.7262E-10 9.8158E-10 1.0962E-09 1.2252E-09 1.3609E-09 1.5073E-09 1.6646E-09 1.8329E-09
