Assets/Resources/2015_m01_d08_1800(utc+0800)_l00_csi_1hr_conc.grd
DSAA
         159         159
     -79.000      79.000
     -79.000      79.000
  0.2247E-09  0.3452E-04
[rows 125 to 149 of 159, columns 0 to 56 of 159]
5.1171E-10 5.2622E-10 5.4101E-10 5.5609E-10 5.7145E-10 5.8757E-10 6.0402E-10 6.2029E-10 6.3685E-10 6.5369E-10 6.7081E-10 6.8821E-10 7.0587E-10 7.2381E-10 7.4202E-10 7.6049E-10 7.7923E-10 7.9821E-10 8.1745E-10 8.3818E-10 8.5927E-10 8.7944E-10 8.9986E-10 9.2051E-10 9.4139E-10 9.6886E-10 1.0022E-09 1.0358E-09 1.0799E-09 1.1166E-09 1.1516E-09 1.1849E-09 1.2302E-09 1.2748E-09 1.3137E-09 1.3635E-09 1.4252E-09 1.5025E-09 1.5706E-09 1.6367E-09 1.7078E-09 1.7795E-09 1.8521E-09 1.9300E-09 2.0096E-09 2.0933E-09 2.1814E-09 2.2740E-09 2.3747E-09 2.4789E-09 2.5852E-09 2.6969E-09 2.8121E-09 2.9319E-09 3.0562E-09 3.1860E-09 3.3204E-09
5.0131E-10 5.1552E-10 5.3000E-10 5.4476E-10 5.5980E-10 5.7511E-10 5.9120E-10 6.0761E-10 6.2382E-10 6.4030E-10 6.5706E-10 6.7409E-10 6.9138E-10 7.0894E-10 7.2677E-10 7.4485E-10 7.6318E-10 7.8177E-10 8.0060E-10 8.2087E-10 8.4149E-10 8.6123E-10 8.8121E-10 9.0142E-10 9.2186E-10 9.4251E-10 9.7155E-10 1.0050E-09 1.0468E-09 1.0881E-09 1.1190E-09 1.1542E-09 1.1905E-09 1.2404E-09 1.2779E-09 1.3184E-09 1.3764E-09 1.4500E-09 1.5145E-09 1.5789E-09 1.6445E-09 1.7137E-09 1.7848E-09 1.8569E-09 1.9337E-09 2.0120E-09 2.0943E-09 2.1808E-09 2.2715E-09 2.3696E-09 2.4716E-09 2.5743E-09 2.6817E-09 2.7939E-09 2.9096E-09 3.0288E-09 3.1517E-09
4.9098E-10 5.0489E-10 5.1906E-10 5.3351E-10 5.4823E-10 5.6321E-10 5.7895E-10 5.9501E-10 6.1087E-10 6.2700E-10 6.4340E-10 6.6007E-10 6.7699E-10 6.9418E-10 7.1162E-10 7.2931E-10 7.4725E-10 7.6544E-10 7.8387E-10 8.0253E-10 8.2266E-10 8.4315E-10 8.6269E-10 8.8246E-10 9.0245E-10 9.2266E-10 9.4307E-10 9.7990E-10 1.0106E-09 1.0551E-09 1.0928E-09 1.1267E-09 1.1590E-09 1.1997E-09 1.2426E-09 1.2829E-09 1.3264E-09 1.3866E-09 1.4548E-09 1.5190E-09 1.5839E-09 1.6489E-09 1.7170E-09 1.7870E-09 1.8580E-09 1.9335E-09 2.0111E-09 2.0918E-09 2.1764E-09 2.2650E-09 2.3596E-09 2.4596E-09 2.5590E-09 2.6622E-09 2.7691E-09 2.8805E-09 2.9954E-09
4.8073E-10 4.9434E-10 5.0821E-10 5.2235E-10 5.3675E-10 5.5141E-10 5.6633E-10 5.8250E-10 5.9802E-10 6.1380E-10 6.2985E-10 6.4615E-10 6.6271E-10 6.7952E-10 6.9658E-10 7.1389E-10 7.3144E-10 7.4923E-10 7.6726E-10 7.8551E-10 8.0519E-10 8.2520E-10 8.4431E-10 8.6365E-10 8.8320E-10 9.0296E-10 9.2291E-10 9.4940E-10 9.8164E-10 1.0165E-09 1.0640E-09 1.0939E-09 1.1279E-09 1.1630E-09 1.2040E-09 1.2468E-09 1.2858E-09 1.3297E-09 1.4028E-09 1.4686E-09 1.5216E-09 1.5871E-09 1.6509E-09 1.7171E-09 1.7865E-09 1.8567E-09 1.9298E-09 2.0070E-09 2.0858E-09 2.1682E-09 2.2544E-09 2.3451E-09 2.4430E-09 2.5389E-09 2.6381E-09 2.7406E-09 2.8462E-09
4.7056E-10 4.8387E-10 4.9744E-10 5.1127E-10 5.2535E-10 5.3970E-10 5.5429E-10 5.6964E-10 5.8528E-10 6.0071E-10 6.1640E-10 6.3235E-10 6.4854E-10 6.6498E-10 6.8167E-10 6.9859E-10 7.1576E-10 7.3316E-10 7.5078E-10 7.6863E-10 7.8670E-10 8.0623E-10 8.2608E-10 8.4499E-10 8.6410E-10 8.8341E-10 9.0292E-10 9.2262E-10 9.5059E-10 9.8617E-10 1.0294E-09 1.0674E-09 1.0973E-09 1.1313E-09 1.1635E-09 1.2044E-09 1.2501E-09 1.2919E-09 1.3434E-09 1.4097E-09 1.4701E-09 1.5215E-09 1.5830E-09 1.6501E-09 1.7145E-09 1.7834E-09 1.8524E-09 1.9230E-09 1.9995E-09 2.0762E-09 2.1564E-09 2.2397E-09 2.3262E-09 2.4221E-09 2.5142E-09 2.6093E-09 2.7073E-09
4.6048E-10 4.7350E-10 4.8677E-10 5.0029E-10 5.1406E-10 5.2808E-10 5.4236E-10 5.5688E-10 5.7264E-10 5.8773E-10 6.0307E-10 6.1866E-10 6.3449E-10 6.5057E-10 6.6688E-10 6.8343E-10 7.0021E-10 7.1721E-10 7.3444E-10 7.5189E-10 7.6956E-10 7.8862E-10 8.0801E-10 8.2648E-10 8.4516E-10 8.6403E-10 8.8310E-10 9.0235E-10 9.2178E-10 9.4965E-10 9.8893E-10 1.0386E-09 1.0673E-09 1.1001E-09 1.1339E-09 1.1660E-09 1.2068E-09 1.2496E-09 1.2929E-09 1.3451E-09 1.4200E-09 1.4701E-09 1.5195E-09 1.5762E-09 1.6417E-09 1.7091E-09 1.7784E-09 1.8450E-09 1.9135E-09 1.9872E-09 2.0633E-09 2.1410E-09 2.2212E-09 2.3040E-09 2.3946E-09 2.4853E-09 2.5764E-09
4.5049E-10 4.6322E-10 4.7619E-10 4.8940E-10 5.0287E-10 5.1658E-10 5.3053E-10 5.4473E-10 5.5965E-10 5.7487E-10 5.8986E-10 6.0510E-10 6.2057E-10 6.3628E-10 6.5222E-10 6.6840E-10 6.8479E-10 7.0141E-10 7.1825E-10 7.3531E-10 7.5257E-10 7.7003E-10 7.8893E-10 8.0815E-10 8.2639E-10 8.4483E-10 8.6346E-10 8.8227E-10 9.0125E-10 9.2039E-10 9.4970E-10 1.0006E-09 1.0378E-09 1.0694E-09 1.0992E-09 1.1329E-09 1.1648E-09 1.2055E-09 1.2497E-09 1.2979E-09 1.3515E-09 1.4118E-09 1.4681E-09 1.5156E-09 1.5717E-09 1.6272E-09 1.6954E-09 1.7682E-09 1.8357E-09 1.9010E-09 1.9702E-09 2.0450E-09 2.1201E-09 2.1972E-09 2.2770E-09 2.3610E-09 2.4506E-09
4.4060E-10 4.5303E-10 4.6571E-10 4.7862E-10 4.9178E-10 5.0518E-10 5.1881E-10 5.3268E-10 5.4679E-10 5.6213E-10 5.7678E-10 5.9166E-10 6.0678E-10 6.2213E-10 6.3771E-10 6.5351E-10 6.6953E-10 6.8577E-10 7.0222E-10 7.1888E-10 7.3574E-10 7.5280E-10 7.7124E-10 7.8999E-10 8.0781E-10 8.2582E-10 8.4401E-10 8.6237E-10 8.8091E-10 8.9961E-10 9.2474E-10 9.5893E-10 1.0026E-09 1.0394E-09 1.0709E-09 1.1005E-09 1.1311E-09 1.1628E-09 1.2062E-09 1.2531E-09 1.3008E-09 1.3548E-09 1.4079E-09 1.4555E-09 1.5106E-09 1.5641E-09 1.6202E-09 1.6760E-09 1.7487E-09 1.8237E-09 1.8870E-09 1.9537E-09 2.0235E-09 2.0976E-09 2.1721E-09 2.2488E-09 2.3270E-09
4.3080E-10 4.4295E-10 4.5533E-10 4.6795E-10 4.8080E-10 4.9389E-10 5.0721E-10 5.2076E-10 5.3455E-10 5.4905E-10 5.6382E-10 5.7836E-10 5.9313E-10 6.0812E-10 6.2333E-10 6.3877E-10 6.5442E-10 6.7027E-10 6.8634E-10 7.0261E-10 7.1908E-10 7.3575E-10 7.5260E-10 7.7086E-10 7.8941E-10 8.0699E-10 8.2475E-10 8.4268E-10 8.6078E-10 8.7903E-10 8.9743E-10 9.2391E-10 9.6010E-10 1.0065E-09 1.0374E-09 1.0687E-09 1.1010E-09 1.1314E-09 1.1628E-09 1.2046E-09 1.2513E-09 1.3023E-09 1.3617E-09 1.4033E-09 1.4464E-09 1.4947E-09 1.5543E-09 1.6117E-09 1.6642E-09 1.7210E-09 1.7952E-09 1.8670E-09 1.9311E-09 1.9971E-09 2.0658E-09 2.1391E-09 2.2128E-09
4.2110E-10 4.3297E-10 4.4506E-10 4.5739E-10 4.6994E-10 4.8272E-10 4.9573E-10 5.0897E-10 5.2243E-10 5.3611E-10 5.5100E-10 5.6520E-10 5.7962E-10 5.9426E-10 6.0911E-10 6.2418E-10 6.3946E-10 6.5494E-10 6.7063E-10 6.8652E-10 7.0260E-10 7.1886E-10 7.3532E-10 7.5195E-10 7.7120E-10 7.8836E-10 8.0570E-10 8.2320E-10 8.4086E-10 8.5867E-10 8.7663E-10 8.9472E-10 9.2234E-10 9.6866E-10 1.0104E-09 1.0376E-09 1.0658E-09 1.0979E-09 1.1280E-09 1.1590E-09 1.2005E-09 1.2469E-09 1.3029E-09 1.3567E-09 1.3972E-09 1.4402E-09 1.4826E-09 1.5321E-09 1.5990E-09 1.6520E-09 1.7077E-09 1.7631E-09 1.8388E-09 1.9097E-09 1.9732E-09 2.0390E-09 2.1061E-09
4.1151E-10 4.2310E-10 4.3491E-10 4.4694E-10 4.5920E-10 4.7168E-10 4.8438E-10 4.9730E-10 5.1044E-10 5.2380E-10 5.3786E-10 5.5218E-10 5.6626E-10 5.8055E-10 5.9505E-10 6.0976E-10 6.2467E-10 6.3978E-10 6.5509E-10 6.7060E-10 6.8629E-10 7.0217E-10 7.1823E-10 7.3446E-10 7.5206E-10 7.6994E-10 7.8685E-10 8.0393E-10 8.2116E-10 8.3853E-10 8.5605E-10 8.7371E-10 8.9149E-10 9.2093E-10 9.6849E-10 1.0072E-09 1.0371E-09 1.0651E-09 1.0939E-09 1.1237E-09 1.1544E-09 1.2012E-09 1.2528E-09 1.3031E-09 1.3504E-09 1.3897E-09 1.4321E-09 1.4738E-09 1.5161E-09 1.5692E-09 1.6347E-09 1.6883E-09 1.7418E-09 1.7979E-09 1.8785E-09 1.9430E-09 2.0051E-09
4.0203E-10 4.1334E-10 4.2487E-10 4.3661E-10 4.4858E-10 4.6076E-10 4.7315E-10 4.8576E-10 4.9859E-10 5.1163E-10 5.2488E-10 5.3931E-10 5.5305E-10 5.6699E-10 5.8114E-10 5.9549E-10 6.1005E-10 6.2479E-10 6.3973E-10 6.5486E-10 6.7017E-10 6.8567E-10 7.0133E-10 7.1717E-10 7.3317E-10 7.5057E-10 7.6823E-10 7.8488E-10 8.0169E-10 8.1863E-10 8.3572E-10 8.5294E-10 8.7027E-10 8.8773E-10 9.2053E-10 9.7262E-10 1.0034E-09 1.0330E-09 1.0635E-09 1.0921E-09 1.1214E-09 1.1517E-09 1.1968E-09 1.2491E-09 1.2991E-09 1.3432E-09 1.3811E-09 1.4219E-09 1.4641E-09 1.5054E-09 1.5492E-09 1.6042E-09 1.6699E-09 1.7231E-09 1.7761E-09 1.8308E-09 1.9097E-09
3.9266E-10 4.0370E-10 4.1495E-10 4.2641E-10 4.3808E-10 4.4996E-10 4.6206E-10 4.7436E-10 4.8688E-10 4.9960E-10 5.1252E-10 5.2614E-10 5.4000E-10 5.5360E-10 5.6740E-10 5.8140E-10 5.9560E-10 6.0998E-10 6.2456E-10 6.3931E-10 6.5425E-10 6.6936E-10 6.8464E-10 7.0008E-10 7.1569E-10 7.3263E-10 7.4983E-10 7.6607E-10 7.8245E-10 7.9897E-10 8.1563E-10 8.3242E-10 8.4932E-10 8.6633E-10 8.8482E-10 9.2350E-10 9.6829E-10 1.0017E-09 1.0282E-09 1.0584E-09 1.0865E-09 1.1155E-09 1.1468E-09 1.1899E-09 1.2496E-09 1.2993E-09 1.3349E-09 1.3715E-09 1.4092E-09 1.4503E-09 1.4916E-09 1.5330E-09 1.5783E-09 1.6319E-09 1.6992E-09 1.7503E-09 1.8033E-09
3.8341E-10 3.9417E-10 4.0514E-10 4.1632E-10 4.2771E-10 4.3930E-10 4.5110E-10 4.6310E-10 4.7531E-10 4.8772E-10 5.0033E-10 5.1313E-10 5.2663E-10 5.4037E-10 5.5383E-10 5.6748E-10 5.8133E-10 5.9535E-10 6.0957E-10 6.2396E-10 6.3852E-10 6.5325E-10 6.6815E-10 6.8321E-10 6.9843E-10 7.1379E-10 7.3052E-10 7.4749E-10 7.6346E-10 7.7956E-10 7.9580E-10 8.1215E-10 8.2863E-10 8.4521E-10 8.6189E-10 8.8206E-10 9.2065E-10 9.6627E-10 9.9648E-10 1.0255E-09 1.0524E-09 1.0802E-09 1.1086E-09 1.1395E-09 1.1820E-09 1.2413E-09 1.2905E-09 1.3253E-09 1.3611E-09 1.3979E-09 1.4360E-09 1.4772E-09 1.5181E-09 1.5604E-09 1.6052E-09 1.6638E-09 1.7246E-09
3.7427E-10 3.8477E-10 3.9547E-10 4.0637E-10 4.1747E-10 4.2878E-10 4.4028E-10 4.5199E-10 4.6389E-10 4.7599E-10 4.8828E-10 5.0077E-10 5.1393E-10 5.2731E-10 5.4043E-10 5.5374E-10 5.6724E-10 5.8091E-10 5.9477E-10 6.0880E-10 6.2299E-10 6.3736E-10 6.5188E-10 6.6656E-10 6.8139E-10 6.9637E-10 7.1148E-10 7.2798E-10 7.4471E-10 7.6040E-10 7.7622E-10 7.9216E-10 8.0821E-10 8.2436E-10 8.4061E-10 8.5696E-10 8.7684E-10 9.1525E-10 9.6068E-10 9.9350E-10 1.0192E-09 1.0457E-09 1.0730E-09 1.1009E-09 1.1313E-09 1.1731E-09 1.2319E-09 1.2806E-09 1.3145E-09 1.3494E-09 1.3852E-09 1.4219E-09 1.4600E-09 1.5009E-09 1.5415E-09 1.5842E-09 1.6278E-09
3.6525E-10 3.7548E-10 3.8592E-10 3.9655E-10 4.0737E-10 4.1839E-10 4.2961E-10 4.4102E-10 4.5262E-10 4.6441E-10 4.7640E-10 4.8857E-10 5.0092E-10 5.1396E-10 5.2721E-10 5.4019E-10 5.5334E-10 5.6667E-10 5.8017E-10 5.9384E-10 6.0767E-10 6.2167E-10 6.3582E-10 6.5013E-10 6.6458E-10 6.7917E-10 6.9390E-10 7.0994E-10 7.2621E-10 7.4150E-10 7.5691E-10 7.7243E-10 7.8806E-10 8.0380E-10 8.1962E-10 8.3554E-10 8.5153E-10 8.7248E-10 9.1284E-10 9.5644E-10 9.8690E-10 1.0122E-09 1.0382E-09 1.0649E-09 1.0923E-09 1.1278E-09 1.1617E-09 1.2199E-09 1.2694E-09 1.3025E-09 1.3364E-09 1.3712E-09 1.4068E-09 1.4433E-09 1.4807E-09 1.5208E-09 1.5615E-09
3.5635E-10 3.6633E-10 3.7650E-10 3.8686E-10 3.9741E-10 4.0815E-10 4.1908E-10 4.3019E-10 4.4150E-10 4.5299E-10 4.6467E-10 4.7653E-10 4.8858E-10 5.0080E-10 5.1418E-10 5.2682E-10 5.3963E-10 5.5261E-10 5.6577E-10 5.7908E-10 5.9256E-10 6.0620E-10 6.1999E-10 6.3392E-10 6.4800E-10 6.6221E-10 6.7656E-10 6.9103E-10 7.0684E-10 7.2286E-10 7.3786E-10 7.5298E-10 7.6820E-10 7.8352E-10 7.9893E-10 8.1442E-10 8.2999E-10 8.4701E-10 8.7226E-10 9.1079E-10 9.4954E-10 9.7959E-10 1.0073E-09 1.0328E-09 1.0561E-09 1.0845E-09 1.1194E-09 1.1593E-09 1.2111E-09 1.2571E-09 1.2892E-09 1.3222E-09 1.3559E-09 1.3904E-09 1.4257E-09 1.4617E-09 1.4985E-09
3.4758E-10 3.5730E-10 3.6721E-10 3.7730E-10 3.8758E-10 3.9804E-10 4.0869E-10 4.1953E-10 4.3054E-10 4.4174E-10 4.5311E-10 4.6467E-10 4.7640E-10 4.8830E-10 5.0086E-10 5.1363E-10 5.2611E-10 5.3876E-10 5.5157E-10 5.6454E-10 5.7767E-10 5.9095E-10 6.0437E-10 6.1794E-10 6.3165E-10 6.4550E-10 6.5947E-10 6.7356E-10 6.8777E-10 7.0333E-10 7.1910E-10 7.3381E-10 7.4862E-10 7.6353E-10 7.7853E-10 7.9361E-10 8.0877E-10 8.2399E-10 8.4066E-10 8.6566E-10 9.0378E-10 9.4045E-10 9.7158E-10 9.9879E-10 1.0238E-09 1.0494E-09 1.0771E-09 1.1086E-09 1.1503E-09 1.2012E-09 1.2365E-09 1.2748E-09 1.3067E-09 1.3393E-09 1.3727E-09 1.4067E-09 1.4414E-09
3.3893E-10 3.4840E-10 3.5805E-10 3.6788E-10 3.7789E-10 3.8809E-10 3.9846E-10 4.0901E-10 4.1974E-10 4.3064E-10 4.4172E-10 4.5298E-10 4.6440E-10 4.7599E-10 4.8775E-10 5.0017E-10 5.1279E-10 5.2511E-10 5.3758E-10 5.5021E-10 5.6299E-10 5.7592E-10 5.8899E-10 6.0220E-10 6.1555E-10 6.2903E-10 6.4263E-10 6.5635E-10 6.7018E-10 6.8412E-10 7.0061E-10 7.1492E-10 7.2934E-10 7.4385E-10 7.5844E-10 7.7311E-10 7.8786E-10 8.0267E-10 8.1753E-10 8.3386E-10 8.5857E-10 8.9142E-10 9.2757E-10 9.6290E-10 9.8960E-10 1.0140E-09 1.0390E-09 1.0661E-09 1.0969E-09 1.1379E-09 1.1807E-09 1.2222E-09 1.2593E-09 1.2901E-09 1.3216E-09 1.3537E-09 1.3865E-09
3.3041E-10 3.3963E-10 3.4903E-10 3.5860E-10 3.6835E-10 3.7828E-10 3.8838E-10 3.9865E-10 4.0910E-10 4.1971E-10 4.3050E-10 4.4146E-10 4.5258E-10 4.6387E-10 4.7531E-10 4.8692E-10 4.9968E-10 5.1166E-10 5.2380E-10 5.3609E-10 5.4853E-10 5.6112E-10 5.7384E-10 5.8670E-10 5.9969E-10 6.1280E-10 6.2604E-10 6.3939E-10 6.5286E-10 6.6642E-10 6.8128E-10 6.9633E-10 7.1035E-10 7.2446E-10 7.3866E-10 7.5293E-10 7.6727E-10 7.8167E-10 7.9613E-10 8.1063E-10 8.2661E-10 8.5100E-10 8.8194E-10 9.1696E-10 9.5356E-10 9.7971E-10 1.0035E-09 1.0279E-09 1.0544E-09 1.0844E-09 1.1247E-09 1.1667E-09 1.2069E-09 1.2356E-09 1.2724E-09 1.3028E-09 1.3336E-09
3.2202E-10 3.3100E-10 3.4015E-10 3.4947E-10 3.5896E-10 3.6862E-10 3.7845E-10 3.8845E-10 3.9862E-10 4.0895E-10 4.1945E-10 4.3012E-10 4.4094E-10 4.5193E-10 4.6307E-10 4.7437E-10 4.8630E-10 4.9842E-10 5.1024E-10 5.2220E-10 5.3430E-10 5.4655E-10 5.5893E-10 5.7144E-10 5.8407E-10 5.9683E-10 6.0971E-10 6.2270E-10 6.3580E-10 6.4900E-10 6.6229E-10 6.7689E-10 6.9166E-10 7.0539E-10 7.1919E-10 7.3307E-10 7.4701E-10 7.6101E-10 7.7507E-10 7.8917E-10 8.0331E-10 8.1892E-10 8.4296E-10 8.7149E-10 9.0780E-10 9.4358E-10 9.6915E-10 9.9235E-10 1.0160E-09 1.0418E-09 1.0711E-09 1.1106E-09 1.1517E-09 1.1837E-09 1.2183E-09 1.2465E-09 1.2828E-09
3.1339E-10 3.2250E-10 3.3140E-10 3.4047E-10 3.4971E-10 3.5911E-10 3.6868E-10 3.7841E-10 3.8831E-10 3.9836E-10 4.0858E-10 4.1895E-10 4.2949E-10 4.4018E-10 4.5102E-10 4.6201E-10 4.7315E-10 4.8493E-10 4.9689E-10 5.0852E-10 5.2030E-10 5.3221E-10 5.4425E-10 5.5642E-10 5.6871E-10 5.8112E-10 5.9365E-10 6.0628E-10 6.1902E-10 6.3186E-10 6.4479E-10 6.5780E-10 6.7213E-10 6.8662E-10 7.0004E-10 7.1353E-10 7.2708E-10 7.4069E-10 7.5435E-10 7.6806E-10 7.8180E-10 7.9692E-10 8.1217E-10 8.3447E-10 8.6256E-10 8.9187E-10 9.2381E-10 9.5793E-10 9.8048E-10 1.0035E-09 1.0257E-09 1.0571E-09 1.0956E-09 1.1358E-09 1.1669E-09 1.1931E-09 1.2272E-09
3.0490E-10 3.1375E-10 3.2280E-10 3.3163E-10 3.4061E-10 3.4976E-10 3.5907E-10 3.6853E-10 3.7816E-10 3.8794E-10 3.9788E-10 4.0797E-10 4.1822E-10 4.2861E-10 4.3916E-10 4.4985E-10 4.6069E-10 4.7166E-10 4.8376E-10 4.9507E-10 5.0652E-10 5.1810E-10 5.2981E-10 5.4164E-10 5.5360E-10 5.6567E-10 5.7784E-10 5.9013E-10 6.0251E-10 6.1499E-10 6.2757E-10 6.4022E-10 6.5295E-10 6.6700E-10 6.8121E-10 6.9432E-10 7.0749E-10 7.2071E-10 7.3399E-10 7.4730E-10 7.6065E-10 7.7403E-10 7.8879E-10 8.0366E-10 8.2554E-10 8.5315E-10 8.7572E-10 9.0990E-10 9.4609E-10 9.6798E-10 9.8741E-10 1.0117E-09 1.0366E-09 1.0687E-09 1.1135E-09 1.1491E-09 1.1743E-09
2.9693E-10 3.0554E-10 3.1434E-10 3.2292E-10 3.3166E-10 3.4056E-10 3.4961E-10 3.5882E-10 3.6818E-10 3.7769E-10 3.8736E-10 3.9717E-10 4.0714E-10 4.1725E-10 4.2750E-10 4.3790E-10 4.4843E-10 4.5910E-10 4.7039E-10 4.8185E-10 4.9298E-10 5.0424E-10 5.1562E-10 5.2712E-10 5.3874E-10 5.5047E-10 5.6231E-10 5.7425E-10 5.8629E-10 5.9842E-10 6.1064E-10 6.2294E-10 6.3531E-10 6.4893E-10 6.6270E-10 6.7544E-10 6.8823E-10 7.0108E-10 7.1397E-10 7.2691E-10 7.3987E-10 7.5286E-10 7.6587E-10 7.8026E-10 7.9476E-10 8.1619E-10 8.4327E-10 8.6235E-10 8.9232E-10 9.2606E-10 9.5486E-10 9.7359E-10 9.9716E-10 1.0212E-09 1.0524E-09 1.0961E-09 1.1306E-09
2.8910E-10 2.9710E-10 3.0564E-10 3.1437E-10 3.2286E-10 3.3151E-10 3.4032E-10 3.4927E-10 3.5837E-10 3.6762E-10 3.7701E-10 3.8656E-10 3.9624E-10 4.0607E-10 4.1604E-10 4.2614E-10 4.3639E-10 4.4676E-10 4.5726E-10 4.6838E-10 4.7966E-10 4.9061E-10 5.0167E-10 5.1285E-10 5.2414E-10 5.3554E-10 5.4704E-10 5.5864E-10 5.7034E-10 5.8213E-10 5.9400E-10 6.0595E-10 6.1798E-10 6.3007E-10 6.4341E-10 6.5689E-10 6.6931E-10 6.8179E-10 6.9431E-10 7.0687E-10 7.1946E-10 7.3207E-10 7.4470E-10 7.5734E-10 7.7136E-10 7.8547E-10 8.0643E-10 8.3002E-10 8.5148E-10 8.7561E-10 9.0747E-10 9.3212E-10 9.5919E-10 9.8197E-10 1.0052E-09 1.0354E-09 1.0779E-09
