Assets/Resources/2015_m01_d13_1800(utc+0800)_l00_csi_1hr_conc.grd
DSAA
         159         159
     -79.000      79.000
     -79.000      79.000
  0.0000E+00  0.9649E-05
[rows 75 to 99 of 159, columns 0 to 56 of 159]
5.6239E-09 5.8629E-09 6.1048E-09 6.3492E-09 6.5886E-09 6.8264E-09 7.0565E-09 7.2796E-09 7.4913E-09 7.6903E-09 7.8779E-09 8.0457E-09 8.1984E-09 8.3310E-09 8.4386E-09 8.5244E-09 8.5774E-09 8.6019E-09 8.5981E-09 8.5592E-09 8.4874E-09 8.3866E-09 8.2594E-09 8.1084E-09 7.9352E-09 7.7426E-09 7.5333E-09 7.3148E-09 7.0861E-09 6.8474E-09 6.6020E-09 6.3598E-09 6.1257E-09 5.9046E-09 5.7075E-09 5.5272E-09 5.3740E-09 5.2500E-09 5.1529E-09 5.1042E-09 5.0832E-09 5.1154E-09 5.1966E-09 5.3177E-09 5.5063E-09 5.7783E-09 6.1608E-09 6.6397E-09 7.2820E-09 8.1207E-09 9.2146E-09 1.0696E-08 1.2624E-08 1.5247E-08 1.8737E-08 2.3236E-08 2.9022E-08
5.2920E-09 5.5097E-09 5.7302E-09 5.9485E-09 6.1649E-09 6.3733E-09 6.5771E-09 6.7713E-09 6.9555E-09 7.1263E-09 7.2830E-09 7.4241E-09 7.5460E-09 7.6483E-09 7.7285E-09 7.7815E-09 7.8100E-09 7.8088E-09 7.7787E-09 7.7198E-09 7.6300E-09 7.5153E-09 7.3773E-09 7.2163E-09 7.0367E-09 6.8396E-09 6.6318E-09 6.4143E-09 6.1876E-09 5.9515E-09 5.7127E-09 5.4769E-09 5.2409E-09 5.0329E-09 4.8284E-09 4.6490E-09 4.4849E-09 4.3407E-09 4.2232E-09 4.1494E-09 4.1092E-09 4.0856E-09 4.1016E-09 4.1560E-09 4.2768E-09 4.4639E-09 4.7356E-09 5.1005E-09 5.6063E-09 6.2865E-09 7.1799E-09 8.4039E-09 1.0041E-08 1.2282E-08 1.5345E-08 1.9362E-08 2.4670E-08
4.9680E-09 5.1623E-09 5.3629E-09 5.5570E-09 5.7498E-09 5.9358E-09 6.1121E-09 6.2801E-09 6.4358E-09 6.5804E-09 6.7096E-09 6.8229E-09 6.9192E-09 6.9935E-09 7.0461E-09 7.0774E-09 7.0804E-09 7.0590E-09 7.0093E-09 6.9312E-09 6.8302E-09 6.7072E-09 6.5626E-09 6.3983E-09 6.2166E-09 6.0227E-09 5.8172E-09 5.6042E-09 5.3872E-09 5.1650E-09 4.9383E-09 4.7179E-09 4.5050E-09 4.2949E-09 4.0986E-09 3.9207E-09 3.7588E-09 3.6150E-09 3.4853E-09 3.3710E-09 3.2879E-09 3.2446E-09 3.2132E-09 3.2271E-09 3.2920E-09 3.4046E-09 3.5816E-09 3.8425E-09 4.2029E-09 4.7099E-09 5.3683E-09 6.2939E-09 7.5484E-09 9.3087E-09 1.1757E-08 1.5031E-08 1.9375E-08
4.6480E-09 4.8254E-09 5.0018E-09 5.1774E-09 5.3448E-09 5.5096E-09 5.6635E-09 5.8071E-09 5.9404E-09 6.0600E-09 6.1669E-09 6.2561E-09 6.3265E-09 6.3792E-09 6.4086E-09 6.4151E-09 6.4014E-09 6.3604E-09 6.2953E-09 6.2063E-09 6.0927E-09 5.9634E-09 5.8185E-09 5.6562E-09 5.4813E-09 5.2955E-09 5.1004E-09 4.9009E-09 4.6973E-09 4.4891E-09 4.2812E-09 4.0788E-09 3.8816E-09 3.6915E-09 3.5105E-09 3.3380E-09 3.1770E-09 3.0245E-09 2.8845E-09 2.7589E-09 2.6593E-09 2.5870E-09 2.5225E-09 2.4952E-09 2.5164E-09 2.5636E-09 2.6604E-09 2.8319E-09 3.0572E-09 3.3910E-09 3.8338E-09 4.4498E-09 5.3428E-09 6.6069E-09 8.3950E-09 1.0797E-08 1.4025E-08
4.3342E-09 4.4964E-09 4.6535E-09 4.8062E-09 4.9559E-09 5.0952E-09 5.2304E-09 5.3528E-09 5.4637E-09 5.5631E-09 5.6463E-09 5.7163E-09 5.7676E-09 5.7984E-09 5.8123E-09 5.8035E-09 5.7721E-09 5.7221E-09 5.6475E-09 5.5495E-09 5.4357E-09 5.3052E-09 5.1609E-09 5.0066E-09 4.8419E-09 4.6690E-09 4.4897E-09 4.3058E-09 4.1172E-09 3.9243E-09 3.7317E-09 3.5446E-09 3.3644E-09 3.1908E-09 3.0212E-09 2.8588E-09 2.6990E-09 2.5435E-09 2.4019E-09 2.2832E-09 2.1661E-09 2.0564E-09 1.9796E-09 1.9354E-09 1.9075E-09 1.9025E-09 1.9351E-09 2.0194E-09 2.1460E-09 2.3332E-09 2.5980E-09 2.9842E-09 3.5538E-09 4.3839E-09 5.5695E-09 7.1746E-09 9.3488E-09
4.0349E-09 4.1740E-09 4.3165E-09 4.4494E-09 4.5780E-09 4.7007E-09 4.8115E-09 4.9177E-09 5.0092E-09 5.0876E-09 5.1538E-09 5.2022E-09 5.2364E-09 5.2536E-09 5.2487E-09 5.2278E-09 5.1879E-09 5.1244E-09 5.0432E-09 4.9445E-09 4.8270E-09 4.6988E-09 4.5614E-09 4.4127E-09 4.2575E-09 4.1002E-09 3.9377E-09 3.7717E-09 3.6017E-09 3.4262E-09 3.2505E-09 3.0796E-09 2.9126E-09 2.7513E-09 2.5943E-09 2.4348E-09 2.2843E-09 2.1444E-09 2.0128E-09 1.8890E-09 1.7592E-09 1.6416E-09 1.5650E-09 1.4930E-09 1.4282E-09 1.3860E-09 1.3840E-09 1.3999E-09 1.4419E-09 1.5260E-09 1.6578E-09 1.8643E-09 2.2035E-09 2.7015E-09 3.4091E-09 4.3767E-09 5.7041E-09
3.7447E-09 3.8681E-09 3.9870E-09 4.1079E-09 4.2163E-09 4.3201E-09 4.4159E-09 4.4991E-09 4.5764E-09 4.6382E-09 4.6853E-09 4.7199E-09 4.7370E-09 4.7381E-09 4.7253E-09 4.6915E-09 4.6402E-09 4.5745E-09 4.4869E-09 4.3824E-09 4.2694E-09 4.1457E-09 4.0124E-09 3.8729E-09 3.7316E-09 3.5859E-09 3.4378E-09 3.2885E-09 3.1395E-09 2.9839E-09 2.8268E-09 2.6718E-09 2.5187E-09 2.3643E-09 2.2180E-09 2.0769E-09 1.9444E-09 1.8132E-09 1.6856E-09 1.5502E-09 1.4258E-09 1.3306E-09 1.2340E-09 1.1471E-09 1.0670E-09 1.0183E-09 9.7536E-10 9.3906E-10 9.3657E-10 9.4025E-10 9.9128E-10 1.0968E-09 1.2748E-09 1.5301E-09 1.9156E-09 2.4470E-09 3.1850E-09
3.4612E-09 3.5739E-09 3.6769E-09 3.7752E-09 3.8736E-09 3.9580E-09 4.0365E-09 4.1066E-09 4.1634E-09 4.2121E-09 4.2466E-09 4.2651E-09 4.2705E-09 4.2607E-09 4.2341E-09 4.1943E-09 4.1385E-09 4.0641E-09 3.9740E-09 3.8734E-09 3.7599E-09 3.6385E-09 3.5158E-09 3.3881E-09 3.2560E-09 3.1235E-09 2.9913E-09 2.8603E-09 2.7248E-09 2.5869E-09 2.4450E-09 2.3056E-09 2.1700E-09 2.0346E-09 1.9057E-09 1.7829E-09 1.6587E-09 1.5341E-09 1.4052E-09 1.2835E-09 1.1742E-09 1.0747E-09 9.7479E-10 8.8068E-10 8.1099E-10 7.4317E-10 6.7938E-10 6.3682E-10 5.9249E-10 5.8393E-10 5.8647E-10 6.2656E-10 6.8188E-10 7.9814E-10 9.6681E-10 1.2324E-09 1.5909E-09
3.1939E-09 3.2882E-09 3.3807E-09 3.4637E-09 3.5410E-09 3.6154E-09 3.6779E-09 3.7326E-09 3.7775E-09 3.8100E-09 3.8317E-09 3.8416E-09 3.8359E-09 3.8160E-09 3.7840E-09 3.7358E-09 3.6729E-09 3.5991E-09 3.5090E-09 3.4056E-09 3.2961E-09 3.1858E-09 3.0682E-09 2.9482E-09 2.8289E-09 2.7128E-09 2.5950E-09 2.4770E-09 2.3571E-09 2.2332E-09 2.1082E-09 1.9891E-09 1.8659E-09 1.7481E-09 1.6354E-09 1.5225E-09 1.4072E-09 1.2935E-09 1.1828E-09 1.0687E-09 9.7130E-10 8.6897E-10 7.7327E-10 6.9546E-10 6.1886E-10 5.6181E-10 5.0443E-10 4.4603E-10 4.0989E-10 3.8049E-10 3.5540E-10 3.2766E-10 3.2828E-10 3.5650E-10 4.0238E-10 5.2434E-10 6.9474E-10
2.9371E-09 3.0189E-09 3.0958E-09 3.1673E-09 3.2313E-09 3.2880E-09 3.3398E-09 3.3812E-09 3.4135E-09 3.4353E-09 3.4455E-09 3.4445E-09 3.4317E-09 3.4068E-09 3.3679E-09 3.3155E-09 3.2517E-09 3.1738E-09 3.0827E-09 2.9842E-09 2.8825E-09 2.7748E-09 2.6654E-09 2.5580E-09 2.4526E-09 2.3454E-09 2.2397E-09 2.1360E-09 2.0314E-09 1.9200E-09 1.8101E-09 1.7028E-09 1.5982E-09 1.5021E-09 1.4031E-09 1.3015E-09 1.2035E-09 1.0888E-09 9.8640E-10 8.9960E-10 8.0667E-10 7.1855E-10 6.3125E-10 5.6229E-10 4.9824E-10 4.3477E-10 3.7813E-10 3.4071E-10 3.0309E-10 2.6330E-10 2.0812E-10 1.5795E-10 1.4501E-10 1.1428E-10 1.2560E-10 1.6780E-10 2.2819E-10
2.6945E-09 2.7617E-09 2.8265E-09 2.8854E-09 2.9381E-09 2.9827E-09 3.0204E-09 3.0516E-09 3.0731E-09 3.0852E-09 3.0875E-09 3.0779E-09 3.0581E-09 3.0274E-09 2.9857E-09 2.9324E-09 2.8655E-09 2.7874E-09 2.7022E-09 2.6056E-09 2.5072E-09 2.4074E-09 2.3094E-09 2.2132E-09 2.1160E-09 2.0204E-09 1.9283E-09 1.8381E-09 1.7399E-09 1.6416E-09 1.5447E-09 1.4524E-09 1.3646E-09 1.2803E-09 1.1941E-09 1.1093E-09 1.0054E-09 9.1712E-10 8.4076E-10 7.6280E-10 6.7926E-10 5.9730E-10 5.3249E-10 4.7183E-10 4.0865E-10 3.6095E-10 3.1655E-10 2.7470E-10 2.3023E-10 1.6849E-10 1.1810E-10 9.0496E-11 5.7609E-11 3.8531E-11 4.4298E-11 4.4268E-11 5.7692E-11
2.4633E-09 2.5208E-09 2.5724E-09 2.6185E-09 2.6620E-09 2.6967E-09 2.7237E-09 2.7443E-09 2.7574E-09 2.7605E-09 2.7544E-09 2.7382E-09 2.7120E-09 2.6753E-09 2.6309E-09 2.5759E-09 2.5125E-09 2.4398E-09 2.3556E-09 2.2653E-09 2.1754E-09 2.0854E-09 1.9944E-09 1.9058E-09 1.8194E-09 1.7368E-09 1.6558E-09 1.5708E-09 1.4831E-09 1.3976E-09 1.3147E-09 1.2351E-09 1.1620E-09 1.0895E-09 1.0074E-09 9.1907E-10 8.4657E-10 7.8358E-10 7.1563E-10 6.4099E-10 5.6711E-10 5.0823E-10 4.5586E-10 4.0010E-10 3.5290E-10 3.0892E-10 2.6739E-10 2.1622E-10 1.5561E-10 1.1132E-10 8.2644E-11 5.1611E-11 2.8086E-11 1.8560E-11 1.4495E-11 1.2001E-11 8.3235E-12
2.2474E-09 2.2924E-09 2.3352E-09 2.3714E-09 2.4018E-09 2.4284E-09 2.4487E-09 2.4600E-09 2.4634E-09 2.4584E-09 2.4451E-09 2.4229E-09 2.3948E-09 2.3577E-09 2.3124E-09 2.2583E-09 2.1951E-09 2.1235E-09 2.0439E-09 1.9625E-09 1.8796E-09 1.7980E-09 1.7164E-09 1.6376E-09 1.5637E-09 1.4903E-09 1.4151E-09 1.3382E-09 1.2633E-09 1.1897E-09 1.1190E-09 1.0529E-09 9.9206E-10 9.1559E-10 8.3706E-10 7.7769E-10 7.2322E-10 6.6340E-10 5.9893E-10 5.3291E-10 4.7957E-10 4.3245E-10 3.8684E-10 3.4427E-10 3.0404E-10 2.5607E-10 1.9843E-10 1.5024E-10 1.1619E-10 8.7732E-11 5.7507E-11 3.3965E-11 7.8702E-12 2.4964E-12 1.3017E-12 3.7507E-13 0.0000E+00
2.0440E-09 2.0811E-09 2.1128E-09 2.1403E-09 2.1628E-09 2.1784E-09 2.1890E-09 2.1942E-09 2.1912E-09 2.1801E-09 2.1635E-09 2.1398E-09 2.1086E-09 2.0696E-09 2.0227E-09 1.9680E-09 1.9060E-09 1.8379E-09 1.7626E-09 1.6860E-09 1.6100E-09 1.5358E-09 1.4645E-09 1.3978E-09 1.3310E-09 1.2630E-09 1.1946E-09 1.1277E-09 1.0638E-09 9.9710E-10 9.4215E-10 8.8931E-10 8.0386E-10 7.5138E-10 6.9947E-10 6.5188E-10 5.9947E-10 5.4302E-10 4.8790E-10 4.4063E-10 3.9995E-10 3.6036E-10 3.2154E-10 2.7708E-10 2.2741E-10 1.7913E-10 1.4319E-10 1.1919E-10 9.2441E-11 6.2619E-11 4.5251E-11 8.2669E-12 1.2081E-12 0.0000E+00 0.0000E+00 0.0000E+00 0.0000E+00
1.8554E-09 1.8825E-09 1.9063E-09 1.9256E-09 1.9385E-09 1.9468E-09 1.9511E-09 1.9500E-09 1.9421E-09 1.9302E-09 1.9098E-09 1.8835E-09 1.8497E-09 1.8097E-09 1.7621E-09 1.7084E-09 1.6480E-09 1.5824E-09 1.5118E-09 1.4419E-09 1.3737E-09 1.3065E-09 1.2452E-09 1.1833E-09 1.1215E-09 1.0633E-09 1.0005E-09 9.4334E-10 8.8933E-10 8.3998E-10 7.7347E-10 7.1350E-10 6.7000E-10 6.2692E-10 5.8648E-10 5.4332E-10 4.9091E-10 4.4390E-10 4.0265E-10 3.6391E-10 3.2478E-10 2.8487E-10 2.4400E-10 2.0031E-10 1.6381E-10 1.3714E-10 1.1739E-10 9.5788E-11 6.8199E-11 5.0075E-11 1.6432E-11 2.0898E-12 0.0000E+00 0.0000E+00 0.0000E+00 0.0000E+00 0.0000E+00
1.6779E-09 1.7005E-09 1.7168E-09 1.7276E-09 1.7365E-09 1.7395E-09 1.7367E-09 1.7307E-09 1.7197E-09 1.7016E-09 1.6777E-09 1.6510E-09 1.6158E-09 1.5758E-09 1.5284E-09 1.4757E-09 1.4184E-09 1.3564E-09 1.2909E-09 1.2268E-09 1.1639E-09 1.1054E-09 1.0486E-09 9.9330E-10 9.3809E-10 8.8051E-10 8.3332E-10 7.8887E-10 7.4005E-10 6.6889E-10 6.3339E-10 5.9551E-10 5.5800E-10 5.2296E-10 4.8186E-10 4.3610E-10 3.9216E-10 3.5264E-10 3.1625E-10 2.8272E-10 2.4736E-10 2.1102E-10 1.7797E-10 1.5256E-10 1.3137E-10 1.1381E-10 9.3081E-11 7.2185E-11 5.4360E-11 2.5109E-11 2.9473E-12 0.0000E+00 0.0000E+00 0.0000E+00 0.0000E+00 0.0000E+00 0.0000E+00
1.5164E-09 1.5295E-09 1.5404E-09 1.5487E-09 1.5491E-09 1.5462E-09 1.5431E-09 1.5317E-09 1.5152E-09 1.4948E-09 1.4689E-09 1.4369E-09 1.4013E-09 1.3603E-09 1.3164E-09 1.2662E-09 1.2118E-09 1.1524E-09 1.0925E-09 1.0337E-09 9.7690E-10 9.2385E-10 8.7085E-10 8.1981E-10 7.6322E-10 7.2124E-10 6.6691E-10 6.0459E-10 5.7414E-10 5.4339E-10 5.0818E-10 4.7788E-10 4.4764E-10 4.1012E-10 3.6936E-10 3.2604E-10 2.9427E-10 2.6323E-10 2.3485E-10 2.0286E-10 1.7572E-10 1.5439E-10 1.3542E-10 1.1908E-10 1.0256E-10 8.3484E-11 6.8691E-11 5.4775E-11 3.1937E-11 3.6790E-12 6.4367E-14 0.0000E+00 0.0000E+00 0.0000E+00 0.0000E+00 0.0000E+00 0.0000E+00
1.3622E-09 1.3739E-09 1.3785E-09 1.3789E-09 1.3780E-09 1.3739E-09 1.3628E-09 1.3475E-09 1.3312E-09 1.3078E-09 1.2794E-09 1.2469E-09 1.2092E-09 1.1710E-09 1.1256E-09 1.0778E-09 1.0254E-09 9.7060E-10 9.1577E-10 8.6152E-10 8.1078E-10 7.5958E-10 7.0693E-10 6.6151E-10 6.0601E-10 5.4800E-10 5.1808E-10 4.9180E-10 4.6284E-10 4.3374E-10 4.0694E-10 3.7971E-10 3.4191E-10 3.0914E-10 2.7113E-10 2.4331E-10 2.1466E-10 1.8968E-10 1.6781E-10 1.5043E-10 1.3384E-10 1.1959E-10 1.0567E-10 8.9736E-11 7.3595E-11 6.2582E-11 5.4625E-11 3.8223E-11 4.1934E-12 1.9987E-13 0.0000E+00 0.0000E+00 0.0000E+00 0.0000E+00 0.0000E+00 0.0000E+00 0.0000E+00
1.2242E-09 1.2278E-09 1.2279E-09 1.2275E-09 1.2214E-09 1.2114E-09 1.1988E-09 1.1848E-09 1.1635E-09 1.1377E-09 1.1079E-09 1.0767E-09 1.0423E-09 1.0016E-09 9.5964E-10 9.1187E-10 8.6161E-10 8.1260E-10 7.6067E-10 7.1221E-10 6.5647E-10 6.0760E-10 5.6182E-10 5.0761E-10 4.6582E-10 4.3875E-10 4.1672E-10 3.8968E-10 3.6701E-10 3.4436E-10 3.1511E-10 2.8365E-10 2.4912E-10 2.1814E-10 1.9573E-10 1.7431E-10 1.5832E-10 1.4169E-10 1.2740E-10 1.1483E-10 1.0273E-10 8.9648E-11 7.5340E-11 6.3251E-11 5.5446E-11 4.9176E-11 3.7095E-11 5.5781E-12 3.3964E-13 0.0000E+00 0.0000E+00 0.0000E+00 0.0000E+00 0.0000E+00 0.0000E+00 0.0000E+00 0.0000E+00
1.0933E-09 1.0934E-09 1.0931E-09 1.0869E-09 1.0772E-09 1.0678E-09 1.0544E-09 1.0357E-09 1.0132E-09 9.8786E-10 9.6000E-10 9.2758E-10 8.9477E-10 8.5606E-10 8.1560E-10 7.7172E-10 7.2616E-10 6.7962E-10 6.2931E-10 5.7594E-10 5.2839E-10 4.8495E-10 4.3835E-10 4.0033E-10 3.7583E-10 3.5181E-10 3.3293E-10 3.1394E-10 2.9189E-10 2.6337E-10 2.3844E-10 2.0787E-10 1.8649E-10 1.7020E-10 1.5283E-10 1.3957E-10 1.2503E-10 1.1348E-10 1.0232E-10 9.0813E-11 7.8155E-11 6.6117E-11 5.7514E-11 5.1428E-11 4.5944E-11 3.4239E-11 5.4879E-12 4.3434E-13 0.0000E+00 0.0000E+00 0.0000E+00 0.0000E+00 0.0000E+00 0.0000E+00 0.0000E+00 0.0000E+00 0.0000E+00
9.7651E-10 9.7501E-10 9.6888E-10 9.6063E-10 9.5253E-10 9.3988E-10 9.2362E-10 9.0425E-10 8.8320E-10 8.5833E-10 8.3020E-10 8.0214E-10 7.6865E-10 7.3358E-10 6.9597E-10 6.5607E-10 6.1504E-10 5.6834E-10 5.1536E-10 4.7482E-10 4.3307E-10 3.8930E-10 3.5420E-10 3.2835E-10 3.1230E-10 2.9599E-10 2.7905E-10 2.5168E-10 2.3406E-10 2.0965E-10 1.8509E-10 1.6826E-10 1.5562E-10 1.4004E-10 1.2846E-10 1.1605E-10 1.0530E-10 9.4505E-11 8.2788E-11 7.1531E-11 6.2348E-11 5.5655E-11 5.0066E-11 4.4882E-11 2.7812E-11 3.9676E-12 4.0174E-13 0.0000E+00 0.0000E+00 0.0000E+00 0.0000E+00 0.0000E+00 0.0000E+00 0.0000E+00 0.0000E+00 0.0000E+00 0.0000E+00
8.6791E-10 8.6382E-10 8.5655E-10 8.4972E-10 8.3752E-10 8.2318E-10 8.0697E-10 7.9036E-10 7.6863E-10 7.4436E-10 7.1750E-10 6.8845E-10 6.5803E-10 6.2540E-10 5.9100E-10 5.5531E-10 5.0909E-10 4.6812E-10 4.3018E-10 3.9118E-10 3.4931E-10 3.1212E-10 2.9120E-10 2.7961E-10 2.6542E-10 2.4049E-10 2.2724E-10 2.0436E-10 1.8304E-10 1.6748E-10 1.5255E-10 1.4142E-10 1.2775E-10 1.1782E-10 1.0637E-10 9.6070E-11 8.5248E-11 7.5009E-11 6.6199E-11 5.9204E-11 5.3628E-11 4.8409E-11 4.3031E-11 2.2310E-11 2.9891E-12 2.3397E-13 0.0000E+00 0.0000E+00 0.0000E+00 0.0000E+00 0.0000E+00 0.0000E+00 0.0000E+00 0.0000E+00 0.0000E+00 0.0000E+00 0.0000E+00
7.7049E-10 7.6462E-10 7.5539E-10 7.4529E-10 7.3308E-10 7.1964E-10 7.0455E-10 6.8561E-10 6.6450E-10 6.4119E-10 6.1767E-10 5.9124E-10 5.6298E-10 5.3316E-10 4.9934E-10 4.5876E-10 4.2302E-10 3.9005E-10 3.4899E-10 3.0109E-10 2.7505E-10 2.5749E-10 2.4301E-10 2.2304E-10 2.1399E-10 1.9287E-10 1.7883E-10 1.5984E-10 1.4712E-10 1.3774E-10 1.2670E-10 1.1581E-10 1.0632E-10 9.5085E-11 8.5640E-11 7.6773E-11 6.8752E-11 6.1964E-11 5.6467E-11 5.1325E-11 4.6490E-11 3.7762E-11 1.5413E-11 2.5031E-12 0.0000E+00 0.0000E+00 0.0000E+00 0.0000E+00 0.0000E+00 0.0000E+00 0.0000E+00 0.0000E+00 0.0000E+00 0.0000E+00 0.0000E+00 0.0000E+00 0.0000E+00
6.7776E-10 6.6936E-10 6.5989E-10 6.4811E-10 6.3651E-10 6.2167E-10 6.0598E-10 5.8817E-10 5.6788E-10 5.4625E-10 5.2475E-10 5.0044E-10 4.7491E-10 4.4437E-10 4.1250E-10 3.8178E-10 3.5038E-10 3.1135E-10 2.6963E-10 2.4324E-10 2.2768E-10 2.0872E-10 1.9708E-10 1.7786E-10 1.6924E-10 1.4794E-10 1.4200E-10 1.3040E-10 1.2229E-10 1.1108E-10 1.0268E-10 9.2530E-11 8.4634E-11 7.6922E-11 6.9802E-11 6.3645E-11 5.8450E-11 5.3495E-11 4.8790E-11 4.3442E-11 2.8774E-11 9.5422E-12 1.9461E-12 0.0000E+00 0.0000E+00 0.0000E+00 0.0000E+00 0.0000E+00 0.0000E+00 0.0000E+00 0.0000E+00 0.0000E+00 0.0000E+00 0.0000E+00 0.0000E+00 0.0000E+00 0.0000E+00
5.9258E-10 5.8416E-10 5.7343E-10 5.6234E-10 5.4932E-10 5.3611E-10 5.2033E-10 5.0278E-10 4.8376E-10 4.6343E-10 4.4197E-10 4.2138E-10 3.9354E-10 3.6809E-10 3.4150E-10 3.1512E-10 2.7556E-10 2.3546E-10 2.1126E-10 1.9480E-10 1.8367E-10 1.6359E-10 1.5241E-10 1.3653E-10 1.3025E-10 1.2038E-10 1.1421E-10 1.0631E-10 9.7607E-11 9.0429E-11 8.2092E-11 7.5765E-11 6.9709E-11 6.4326E-11 5.9483E-11 5.4814E-11 5.0338E-11 4.6069E-11 3.6035E-11 1.8371E-11 5.4278E-12 1.2243E-12 0.0000E+00 0.0000E+00 0.0000E+00 0.0000E+00 0.0000E+00 0.0000E+00 0.0000E+00 0.0000E+00 0.0000E+00 0.0000E+00 0.0000E+00 0.0000E+00 0.0000E+00 0.0000E+00 0.0000E+00
