Assets/Resources/2015_m01_d04_0300(utc+0800)_l00_csi_1hr_conc.grd
DSAA
         159         159
     -79.000      79.000
     -79.000      79.000
  0.6297E-11  0.1070E-04
[rows 25 to 49 of 159, columns 0 to 56 of 159]
1.4507E-11 1.5187E-11 1.5890E-11 1.6493E-11 1.7239E-11 1.8008E-11 1.8678E-11 1.9494E-11 2.0335E-11 2.1078E-11 2.1967E-11 2.2759E-11 2.3704E-11 2.4672E-11 2.5545E-11 2.6571E-11 2.7623E-11 2.8580E-11 2.9692E-11 3.0707E-11 3.1879E-11 3.2952E-11 3.4187E-11 3.5451E-11 3.6619E-11 3.7818E-11 3.9045E-11 4.0303E-11 4.1591E-11 4.2909E-11 4.4259E-11 4.5639E-11 4.7051E-11 4.8495E-11 4.9970E-11 5.1478E-11 5.3019E-11 5.4592E-11 5.6197E-11 5.7836E-11 5.9508E-11 6.1213E-11 6.2951E-11 6.4723E-11 6.6528E-11 6.8366E-11 7.0238E-11 7.2143E-11 7.4082E-11 7.6053E-11 7.8058E-11 8.0096E-11 8.2167E-11 8.4270E-11 8.6406E-11 8.8574E-11 9.0774E-11
1.4906E-11 1.5479E-11 1.6197E-11 1.6934E-11 1.7573E-11 1.8358E-11 1.9166E-11 1.9875E-11 2.0734E-11 2.1491E-11 2.2400E-11 2.3336E-11 2.4173E-11 2.5162E-11 2.6180E-11 2.7100E-11 2.8175E-11 2.9280E-11 3.0288E-11 3.1452E-11 3.2520E-11 3.3747E-11 3.4877E-11 3.6168E-11 3.7361E-11 3.8584E-11 3.9837E-11 4.1120E-11 4.2434E-11 4.3780E-11 4.5157E-11 4.6566E-11 4.8007E-11 4.9481E-11 5.0987E-11 5.2526E-11 5.4098E-11 5.5704E-11 5.7343E-11 5.9015E-11 6.0722E-11 6.2462E-11 6.4236E-11 6.6044E-11 6.7887E-11 6.9763E-11 7.1674E-11 7.3618E-11 7.5597E-11 7.7610E-11 7.9657E-11 8.1737E-11 8.3851E-11 8.5998E-11 8.8178E-11 9.0391E-11 9.2637E-11
1.5189E-11 1.5898E-11 1.6506E-11 1.7258E-11 1.8035E-11 1.8712E-11 1.9536E-11 2.0386E-11 2.1136E-11 2.2036E-11 2.2963E-11 2.3792E-11 2.4773E-11 2.5783E-11 2.6696E-11 2.7762E-11 2.8859E-11 2.9860E-11 3.1017E-11 3.2078E-11 3.3298E-11 3.4421E-11 3.5705E-11 3.6892E-11 3.8109E-11 3.9357E-11 4.0635E-11 4.1945E-11 4.3286E-11 4.4659E-11 4.6064E-11 4.7502E-11 4.8972E-11 5.0476E-11 5.2013E-11 5.3583E-11 5.5188E-11 5.6826E-11 5.8498E-11 6.0205E-11 6.1946E-11 6.3722E-11 6.5533E-11 6.7378E-11 6.9258E-11 7.1173E-11 7.3123E-11 7.5108E-11 7.7127E-11 7.9181E-11 8.1270E-11 8.3393E-11 8.5550E-11 8.7741E-11 8.9967E-11 9.2225E-11 9.4517E-11
1.5598E-11 1.6198E-11 1.6941E-11 1.7709E-11 1.8378E-11 1.9193E-11 2.0034E-11 2.0776E-11 2.1667E-11 2.2585E-11 2.3407E-11 2.4379E-11 2.5380E-11 2.6284E-11 2.7342E-11 2.8304E-11 2.9424E-11 3.0572E-11 3.1626E-11 3.2838E-11 3.3954E-11 3.5231E-11 3.6411E-11 3.7622E-11 3.8864E-11 4.0136E-11 4.1440E-11 4.2776E-11 4.4144E-11 4.5545E-11 4.6979E-11 4.8445E-11 4.9946E-11 5.1480E-11 5.3048E-11 5.4650E-11 5.6286E-11 5.7958E-11 5.9664E-11 6.1405E-11 6.3182E-11 6.4994E-11 6.6841E-11 6.8724E-11 7.0642E-11 7.2596E-11 7.4585E-11 7.6610E-11 7.8671E-11 8.0767E-11 8.2898E-11 8.5064E-11 8.7265E-11 8.9501E-11 9.1771E-11 9.4076E-11 9.6415E-11
1.5888E-11 1.6622E-11 1.7258E-11 1.8042E-11 1.8847E-11 1.9555E-11 2.0413E-11 2.1294E-11 2.2079E-11 2.3016E-11 2.3979E-11 2.4845E-11 2.5867E-11 2.6916E-11 2.7870E-11 2.8980E-11 2.9993E-11 3.1166E-11 3.2369E-11 3.3478E-11 3.4746E-11 3.5919E-11 3.7123E-11 3.8358E-11 3.9624E-11 4.0922E-11 4.2252E-11 4.3615E-11 4.5010E-11 4.6439E-11 4.7901E-11 4.9397E-11 5.0927E-11 5.2492E-11 5.4091E-11 5.5725E-11 5.7395E-11 5.9100E-11 6.0840E-11 6.2616E-11 6.4428E-11 6.6276E-11 6.8161E-11 7.0081E-11 7.2038E-11 7.4031E-11 7.6060E-11 7.8126E-11 8.0228E-11 8.2366E-11 8.4539E-11 8.6749E-11 8.8995E-11 9.1276E-11 9.3592E-11 9.5943E-11 9.8328E-11
1.6180E-11 1.6929E-11 1.7703E-11 1.8376E-11 1.9198E-11 2.0046E-11 2.0795E-11 2.1694E-11 2.2621E-11 2.3450E-11 2.4432E-11 2.5444E-11 2.6358E-11 2.7428E-11 2.8529E-11 2.9534E-11 3.0697E-11 3.1764E-11 3.2992E-11 3.4251E-11 3.5417E-11 3.6613E-11 3.7841E-11 3.9100E-11 4.0391E-11 4.1715E-11 4.3071E-11 4.4460E-11 4.5883E-11 4.7340E-11 4.8831E-11 5.0356E-11 5.1917E-11 5.3512E-11 5.5143E-11 5.6809E-11 5.8512E-11 6.0250E-11 6.2025E-11 6.3837E-11 6.5685E-11 6.7569E-11 6.9491E-11 7.1449E-11 7.3445E-11 7.5478E-11 7.7547E-11 7.9654E-11 8.1797E-11 8.3978E-11 8.6195E-11 8.8449E-11 9.0739E-11 9.3065E-11 9.5427E-11 9.7825E-11 1.0026E-10
1.6598E-11 1.7362E-11 1.8027E-11 1.8839E-11 1.9676E-11 2.0416E-11 2.1305E-11 2.2222E-11 2.3042E-11 2.4014E-11 2.5016E-11 2.5921E-11 2.6981E-11 2.8072E-11 2.9068E-11 3.0221E-11 3.1279E-11 3.2497E-11 3.3619E-11 3.4904E-11 3.6093E-11 3.7313E-11 3.8564E-11 3.9848E-11 4.1164E-11 4.2513E-11 4.3896E-11 4.5312E-11 4.6763E-11 4.8248E-11 4.9768E-11 5.1323E-11 5.2914E-11 5.4540E-11 5.6203E-11 5.7902E-11 5.9638E-11 6.1410E-11 6.3220E-11 6.5067E-11 6.6951E-11 6.8872E-11 7.0832E-11 7.2829E-11 7.4863E-11 7.6936E-11 7.9046E-11 8.1194E-11 8.3379E-11 8.5603E-11 8.7863E-11 9.0161E-11 9.2497E-11 9.4869E-11 9.7277E-11 9.9722E-11 1.0220E-10
1.6897E-11 1.7676E-11 1.8477E-11 1.9181E-11 2.0035E-11 2.0914E-11 2.1696E-11 2.2631E-11 2.3592E-11 2.4457E-11 2.5479E-11 2.6528E-11 2.7483E-11 2.8595E-11 2.9738E-11 3.0787E-11 3.1995E-11 3.3108E-11 3.4383E-11 3.5562E-11 3.6774E-11 3.8017E-11 3.9292E-11 4.0601E-11 4.1942E-11 4.3317E-11 4.4726E-11 4.6170E-11 4.7649E-11 4.9162E-11 5.0711E-11 5.2297E-11 5.3918E-11 5.5576E-11 5.7271E-11 5.9003E-11 6.0772E-11 6.2579E-11 6.4423E-11 6.6306E-11 6.8226E-11 7.0185E-11 7.2182E-11 7.4218E-11 7.6292E-11 7.8405E-11 8.0556E-11 8.2745E-11 8.4974E-11 8.7240E-11 8.9545E-11 9.1887E-11 9.4268E-11 9.6686E-11 9.9142E-11 1.0163E-10 1.0416E-10
1.7323E-11 1.7991E-11 1.8808E-11 1.9652E-11 2.0396E-11 2.1292E-11 2.2216E-11 2.3042E-11 2.4022E-11 2.5032E-11 2.5945E-11 2.7015E-11 2.8117E-11 2.9122E-11 3.0287E-11 3.1484E-11 3.2588E-11 3.3852E-11 3.5023E-11 3.6225E-11 3.7459E-11 3.8726E-11 4.0025E-11 4.1359E-11 4.2725E-11 4.4127E-11 4.5563E-11 4.7034E-11 4.8540E-11 5.0083E-11 5.1662E-11 5.3277E-11 5.4929E-11 5.6619E-11 5.8346E-11 6.0111E-11 6.1914E-11 6.3755E-11 6.5635E-11 6.7553E-11 6.9511E-11 7.1507E-11 7.3542E-11 7.5617E-11 7.7731E-11 7.9884E-11 8.2076E-11 8.4308E-11 8.6579E-11 8.8889E-11 9.1238E-11 9.3625E-11 9.6052E-11 9.8516E-11 1.0102E-10 1.0356E-10 1.0614E-10
1.7628E-11 1.8434E-11 1.9266E-11 2.0001E-11 2.0885E-11 2.1798E-11 2.2614E-11 2.3583E-11 2.4581E-11 2.5484E-11 2.6543E-11 2.7633E-11 2.8628E-11 2.9782E-11 3.0840E-11 3.2061E-11 3.3314E-11 3.4475E-11 3.5667E-11 3.6892E-11 3.8149E-11 3.9439E-11 4.0763E-11 4.2121E-11 4.3514E-11 4.4942E-11 4.6404E-11 4.7903E-11 4.9438E-11 5.1010E-11 5.2618E-11 5.4264E-11 5.5947E-11 5.7669E-11 5.9428E-11 6.1226E-11 6.3063E-11 6.4940E-11 6.6855E-11 6.8809E-11 7.0804E-11 7.2838E-11 7.4912E-11 7.7026E-11 7.9180E-11 8.1373E-11 8.3607E-11 8.5881E-11 8.8195E-11 9.0549E-11 9.2942E-11 9.5375E-11 9.7848E-11 1.0036E-10 1.0291E-10 1.0550E-10 1.0813E-10
1.8058E-11 1.8756E-11 1.9604E-11 2.0477E-11 2.1253E-11 2.2183E-11 2.3140E-11 2.4001E-11 2.5019E-11 2.6066E-11 2.7018E-11 2.8129E-11 2.9270E-11 3.0318E-11 3.1527E-11 3.2641E-11 3.3918E-11 3.5101E-11 3.6315E-11 3.7562E-11 3.8843E-11 4.0157E-11 4.1506E-11 4.2889E-11 4.4307E-11 4.5761E-11 4.7251E-11 4.8778E-11 5.0341E-11 5.1942E-11 5.3580E-11 5.5257E-11 5.6971E-11 5.8725E-11 6.0517E-11 6.2349E-11 6.4220E-11 6.6131E-11 6.8082E-11 7.0073E-11 7.2105E-11 7.4177E-11 7.6290E-11 7.8443E-11 8.0637E-11 8.2872E-11 8.5148E-11 8.7465E-11 8.9822E-11 9.2220E-11 9.4658E-11 9.7137E-11 9.9655E-11 1.0221E-10 1.0481E-10 1.0745E-10 1.1013E-10
1.8369E-11 1.9206E-11 1.9943E-11 2.0832E-11 2.1751E-11 2.2571E-11 2.3545E-11 2.4551E-11 2.5460E-11 2.6526E-11 2.7625E-11 2.8628E-11 2.9791E-11 3.0987E-11 3.2090E-11 3.3355E-11 3.4526E-11 3.5730E-11 3.6967E-11 3.8237E-11 3.9541E-11 4.0879E-11 4.2252E-11 4.3661E-11 4.5105E-11 4.6586E-11 4.8103E-11 4.9658E-11 5.1250E-11 5.2880E-11 5.4548E-11 5.6255E-11 5.8002E-11 5.9787E-11 6.1613E-11 6.3478E-11 6.5384E-11 6.7330E-11 6.9317E-11 7.1345E-11 7.3414E-11 7.5524E-11 7.7676E-11 7.9869E-11 8.2104E-11 8.4380E-11 8.6698E-11 8.9057E-11 9.1458E-11 9.3901E-11 9.6384E-11 9.8909E-11 1.0147E-10 1.0408E-10 1.0673E-10 1.0941E-10 1.1214E-10
1.8806E-11 1.9533E-11 2.0410E-11 2.1316E-11 2.2125E-11 2.3087E-11 2.4080E-11 2.4977E-11 2.6031E-11 2.7116E-11 2.8108E-11 2.9258E-11 3.0314E-11 3.1533E-11 3.2785E-11 3.3945E-11 3.5138E-11 3.6363E-11 3.7622E-11 3.8915E-11 4.0242E-11 4.1605E-11 4.3003E-11 4.4437E-11 4.5907E-11 4.7415E-11 4.8959E-11 5.0542E-11 5.2163E-11 5.3823E-11 5.5521E-11 5.7259E-11 5.9037E-11 6.0856E-11 6.2714E-11 6.4613E-11 6.6554E-11 6.8535E-11 7.0559E-11 7.2623E-11 7.4730E-11 7.6879E-11 7.9070E-11 8.1303E-11 8.3579E-11 8.5896E-11 8.8257E-11 9.0659E-11 9.3104E-11 9.5591E-11 9.8120E-11 1.0069E-10 1.0330E-10 1.0596E-10 1.0865E-10 1.1139E-10 1.1416E-10
1.9123E-11 1.9987E-11 2.0755E-11 2.1678E-11 2.2627E-11 2.3481E-11 2.4492E-11 2.5532E-11 2.6478E-11 2.7584E-11 2.8721E-11 2.9765E-11 3.0971E-11 3.2082E-11 3.3357E-11 3.4538E-11 3.5752E-11 3.6999E-11 3.8280E-11 3.9596E-11 4.0947E-11 4.2334E-11 4.3757E-11 4.5216E-11 4.6713E-11 4.8247E-11 4.9820E-11 5.1431E-11 5.3081E-11 5.4770E-11 5.6499E-11 5.8268E-11 6.0078E-11 6.1929E-11 6.3821E-11 6.5754E-11 6.7730E-11 6.9747E-11 7.1806E-11 7.3908E-11 7.6053E-11 7.8241E-11 8.0471E-11 8.2744E-11 8.5061E-11 8.7421E-11 8.9823E-11 9.2269E-11 9.4758E-11 9.7290E-11 9.9865E-11 1.0248E-10 1.0514E-10 1.0784E-10 1.1059E-10 1.1337E-10 1.1620E-10
1.9440E-11 2.0320E-11 2.1229E-11 2.2041E-11 2.3007E-11 2.4005E-11 2.4906E-11 2.5965E-11 2.7057E-11 2.8054E-11 2.9212E-11 3.0403E-11 3.1502E-11 3.2763E-11 3.3932E-11 3.5133E-11 3.6368E-11 3.7637E-11 3.8941E-11 4.0280E-11 4.1655E-11 4.3066E-11 4.4514E-11 4.5999E-11 4.7523E-11 4.9084E-11 5.0684E-11 5.2324E-11 5.4003E-11 5.5722E-11 5.7482E-11 5.9282E-11 6.1124E-11 6.3008E-11 6.4933E-11 6.6901E-11 6.8911E-11 7.0964E-11 7.3060E-11 7.5199E-11 7.7382E-11 7.9609E-11 8.1879E-11 8.4193E-11 8.6550E-11 8.8952E-11 9.1398E-11 9.3887E-11 9.6421E-11 9.8998E-11 1.0162E-10 1.0428E-10 1.0699E-10 1.0974E-10 1.1253E-10 1.1537E-10 1.1824E-10
1.9884E-11 2.0779E-11 2.1580E-11 2.2532E-11 2.3516E-11 2.4405E-11 2.5450E-11 2.6527E-11 2.7512E-11 2.8655E-11 2.9705E-11 3.0918E-11 3.2165E-11 3.3320E-11 3.4509E-11 3.5731E-11 3.6987E-11 3.8279E-11 3.9605E-11 4.0967E-11 4.2366E-11 4.3802E-11 4.5275E-11 4.6786E-11 4.8335E-11 4.9924E-11 5.1552E-11 5.3220E-11 5.4928E-11 5.6678E-11 5.8468E-11 6.0300E-11 6.2174E-11 6.4091E-11 6.6050E-11 6.8052E-11 7.0097E-11 7.2186E-11 7.4319E-11 7.6496E-11 7.8717E-11 8.0983E-11 8.3293E-11 8.5647E-11 8.8046E-11 9.0490E-11 9.2979E-11 9.5512E-11 9.8090E-11 1.0071E-10 1.0338E-10 1.0609E-10 1.0885E-10 1.1164E-10 1.1449E-10 1.1737E-10 1.2030E-10
2.0207E-11 2.1118E-11 2.1931E-11 2.2901E-11 2.3902E-11 2.4932E-11 2.5870E-11 2.6967E-11 2.8095E-11 2.9132E-11 3.0330E-11 3.1434E-11 3.2704E-11 3.3879E-11 3.5088E-11 3.6331E-11 3.7609E-11 3.8922E-11 4.0271E-11 4.1657E-11 4.3079E-11 4.4540E-11 4.6038E-11 4.7575E-11 4.9151E-11 5.0767E-11 5.2423E-11 5.4120E-11 5.5858E-11 5.7637E-11 5.9458E-11 6.1322E-11 6.3228E-11 6.5178E-11 6.7171E-11 6.9208E-11 7.1288E-11 7.3413E-11 7.5583E-11 7.7798E-11 8.0057E-11 8.2362E-11 8.4712E-11 8.7107E-11 8.9548E-11 9.2035E-11 9.4567E-11 9.7144E-11 9.9767E-11 1.0243E-10 1.0515E-10 1.0791E-10 1.1071E-10 1.1356E-10 1.1645E-10 1.1938E-10 1.2236E-10
2.0656E-11 2.1457E-11 2.2412E-11 2.3398E-11 2.4289E-11 2.5338E-11 2.6420E-11 2.7407E-11 2.8556E-11 2.9738E-11 3.0829E-11 3.2083E-11 3.3244E-11 3.4439E-11 3.5669E-11 3.6933E-11 3.8232E-11 3.9567E-11 4.0939E-11 4.2348E-11 4.3795E-11 4.5280E-11 4.6804E-11 4.8367E-11 4.9970E-11 5.1613E-11 5.3297E-11 5.5023E-11 5.6790E-11 5.8600E-11 6.0452E-11 6.2347E-11 6.4286E-11 6.6269E-11 6.8296E-11 7.0367E-11 7.2483E-11 7.4645E-11 7.6852E-11 7.9104E-11 8.1402E-11 8.3746E-11 8.6137E-11 8.8573E-11 9.1056E-11 9.3585E-11 9.6160E-11 9.8782E-11 1.0145E-10 1.0416E-10 1.0692E-10 1.0973E-10 1.1258E-10 1.1548E-10 1.1842E-10 1.2140E-10 1.2443E-10
2.0983E-11 2.1922E-11 2.2768E-11 2.3772E-11 2.4805E-11 2.5871E-11 2.6845E-11 2.7977E-11 2.9017E-11 3.0221E-11 3.1458E-11 3.2605E-11 3.3786E-11 3.5001E-11 3.6251E-11 3.7536E-11 3.8857E-11 4.0215E-11 4.1609E-11 4.3042E-11 4.4513E-11 4.6022E-11 4.7572E-11 4.9161E-11 5.0791E-11 5.2461E-11 5.4174E-11 5.5928E-11 5.7725E-11 5.9565E-11 6.1448E-11 6.3376E-11 6.5347E-11 6.7363E-11 6.9424E-11 7.1530E-11 7.3682E-11 7.5880E-11 7.8124E-11 8.0414E-11 8.2751E-11 8.5135E-11 8.7566E-11 9.0043E-11 9.2568E-11 9.5140E-11 9.7758E-11 1.0042E-10 1.0314E-10 1.0590E-10 1.0870E-10 1.1156E-10 1.1446E-10 1.1740E-10 1.2039E-10 1.2343E-10 1.2651E-10
2.1310E-11 2.2266E-11 2.3254E-11 2.4146E-11 2.5196E-11 2.6281E-11 2.7271E-11 2.8423E-11 2.9610E-11 3.0704E-11 3.1963E-11 3.3129E-11 3.4329E-11 3.5564E-11 3.6834E-11 3.8141E-11 3.9483E-11 4.0863E-11 4.2281E-11 4.3737E-11 4.5232E-11 4.6767E-11 4.8341E-11 4.9957E-11 5.1614E-11 5.3312E-11 5.5053E-11 5.6836E-11 5.8663E-11 6.0533E-11 6.2447E-11 6.4406E-11 6.6411E-11 6.8460E-11 7.0555E-11 7.2697E-11 7.4884E-11 7.7119E-11 7.9400E-11 8.1728E-11 8.4104E-11 8.6527E-11 8.8999E-11 9.1517E-11 9.4084E-11 9.6699E-11 9.9361E-11 1.0207E-10 1.0483E-10 1.0764E-10 1.1049E-10 1.1339E-10 1.1634E-10 1.1933E-10 1.2237E-10 1.2546E-10 1.2860E-10
2.1764E-11 2.2736E-11 2.3614E-11 2.4648E-11 2.5717E-11 2.6692E-11 2.7827E-11 2.8869E-11 3.0077E-11 3.1318E-11 3.2469E-11 3.3654E-11 3.4874E-11 3.6128E-11 3.7419E-11 3.8746E-11 4.0111E-11 4.1513E-11 4.2954E-11 4.4434E-11 4.5953E-11 4.7512E-11 4.9113E-11 5.0754E-11 5.2438E-11 5.4164E-11 5.5933E-11 5.7745E-11 5.9602E-11 6.1503E-11 6.3449E-11 6.5440E-11 6.7477E-11 6.9559E-11 7.1689E-11 7.3865E-11 7.6089E-11 7.8360E-11 8.0678E-11 8.3045E-11 8.5460E-11 8.7923E-11 9.0435E-11 9.2995E-11 9.5604E-11 9.8262E-11 1.0097E-10 1.0372E-10 1.0653E-10 1.0938E-10 1.1228E-10 1.1523E-10 1.1822E-10 1.2127E-10 1.2436E-10 1.2750E-10 1.3068E-10
2.2094E-11 2.3083E-11 2.4101E-11 2.5026E-11 2.6113E-11 2.7231E-11 2.8258E-11 2.9447E-11 3.0544E-11 3.1807E-11 3.2976E-11 3.4180E-11 3.5418E-11 3.6693E-11 3.8005E-11 3.9353E-11 4.0739E-11 4.2164E-11 4.3628E-11 4.5131E-11 4.6675E-11 4.8259E-11 4.9885E-11 5.1553E-11 5.3264E-11 5.5018E-11 5.6815E-11 5.8657E-11 6.0543E-11 6.2474E-11 6.4451E-11 6.6475E-11 6.8544E-11 7.0661E-11 7.2825E-11 7.5036E-11 7.7295E-11 7.9603E-11 8.1959E-11 8.4364E-11 8.6818E-11 8.9321E-11 9.1874E-11 9.4475E-11 9.7127E-11 9.9827E-11 1.0258E-10 1.0538E-10 1.0823E-10 1.1113E-10 1.1407E-10 1.1707E-10 1.2012E-10 1.2321E-10 1.2635E-10 1.2954E-10 1.3278E-10
2.2552E-11 2.3430E-11 2.4464E-11 2.5533E-11 2.6509E-11 2.7645E-11 2.8817E-11 2.9898E-11 3.1142E-11 3.2295E-11 3.3483E-11 3.4706E-11 3.5964E-11 3.7259E-11 3.8591E-11 3.9960E-11 4.1368E-11 4.2815E-11 4.4302E-11 4.5829E-11 4.7397E-11 4.9007E-11 5.0658E-11 5.2353E-11 5.4091E-11 5.5872E-11 5.7698E-11 5.9569E-11 6.1485E-11 6.3447E-11 6.5455E-11 6.7511E-11 6.9613E-11 7.1764E-11 7.3962E-11 7.6208E-11 7.8504E-11 8.0848E-11 8.3242E-11 8.5685E-11 8.8178E-11 9.0721E-11 9.3314E-11 9.5958E-11 9.8651E-11 1.0140E-10 1.0419E-10 1.0703E-10 1.0993E-10 1.1287E-10 1.1587E-10 1.1891E-10 1.2201E-10 1.2515E-10 1.2834E-10 1.3159E-10 1.3487E-10
2.2886E-11 2.3903E-11 2.4828E-11 2.5914E-11 2.7033E-11 2.8060E-11 2.9251E-11 3.0477E-11 3.1614E-11 3.2784E-11 3.3990E-11 3.5232E-11 3.6510E-11 3.7824E-11 3.9177E-11 4.0568E-11 4.1998E-11 4.3467E-11 4.4977E-11 4.6528E-11 4.8120E-11 4.9755E-11 5.1432E-11 5.3153E-11 5.4918E-11 5.6727E-11 5.8581E-11 6.0481E-11 6.2428E-11 6.4420E-11 6.6460E-11 6.8548E-11 7.0683E-11 7.2867E-11 7.5100E-11 7.7382E-11 7.9713E-11 8.2094E-11 8.4526E-11 8.7007E-11 8.9540E-11 9.2123E-11 9.4757E-11 9.7442E-11 1.0018E-10 1.0297E-10 1.0580E-10 1.0869E-10 1.1163E-10 1.1463E-10 1.1767E-10 1.2076E-10 1.2390E-10 1.2710E-10 1.3034E-10 1.3363E-10 1.3697E-10
2.3219E-11 2.4253E-11 2.5321E-11 2.6296E-11 2.7432E-11 2.8604E-11 2.9685E-11 3.0931E-11 3.2085E-11 3.3273E-11 3.4497E-11 3.5758E-11 3.7055E-11 3.8390E-11 3.9763E-11 4.1175E-11 4.2627E-11 4.4119E-11 4.5652E-11 4.7227E-11 4.8843E-11 5.0503E-11 5.2206E-11 5.3953E-11 5.5745E-11 5.7582E-11 5.9465E-11 6.1394E-11 6.3371E-11 6.5394E-11 6.7465E-11 6.9585E-11 7.1753E-11 7.3971E-11 7.6238E-11 7.8555E-11 8.0923E-11 8.3341E-11 8.5810E-11 8.8330E-11 9.0902E-11 9.3525E-11 9.6200E-11 9.8926E-11 1.0171E-10 1.0454E-10 1.0742E-10 1.1035E-10 1.1334E-10 1.1638E-10 1.1947E-10 1.2261E-10 1.2580E-10 1.2904E-10 1.3234E-10 1.3568E-10 1.3907E-10
