Assets/Resources/2015_m01_d09_0900(utc+0800)_l00_csi_1hr_conc.grd
DSAA
         159         159
     -79.000      79.000
     -79.000      79.000
  0.5093E-09  0.2120E-04
[rows 0 to 24 of 159, columns 0 to 56 of 159]
5.0925E-10 5.1692E-10 5.2468E-10 5.3338E-10 5.4133E-10 5.5255E-10 5.6160E-10 5.7036E-10 5.7922E-10 5.8817E-10 5.9723E-10 6.0638E-10 6.1564E-10 6.2947E-10 6.3923E-10 6.4909E-10 6.5906E-10 6.7055E-10 6.8150E-10 6.9898E-10 7.1833E-10 7.3131E-10 7.4218E-10 7.5315E-10 7.6421E-10 7.7538E-10 7.8664E-10 7.9799E-10 8.0943E-10 8.2092E-10 8.3248E-10 8.4412E-10 8.5584E-10 8.6762E-10 8.7948E-10 8.9140E-10 9.0339E-10 9.1544E-10 9.2753E-10 9.3969E-10 9.5188E-10 9.6411E-10 9.7637E-10 9.8865E-10 1.0010E-09 1.0133E-09 1.0256E-09 1.0379E-09 1.0503E-09 1.0626E-09 1.0750E-09 1.0874E-09 1.0998E-09 1.1121E-09 1.1244E-09 1.1392E-09 1.1515E-09
5.1380E-10 5.2154E-10 5.3021E-10 5.3815E-10 5.4976E-10 5.5841E-10 5.6716E-10 5.7601E-10 5.8496E-10 5.9402E-10 6.0317E-10 6.1411E-10 6.2628E-10 6.3606E-10 6.4594E-10 6.5593E-10 6.6744E-10 6.7995E-10 6.9672E-10 7.1686E-10 7.2840E-10 7.3932E-10 7.5035E-10 7.6147E-10 7.7271E-10 7.8403E-10 7.9546E-10 8.0698E-10 8.1860E-10 8.3030E-10 8.4210E-10 8.5392E-10 8.6583E-10 8.7781E-10 8.8986E-10 9.0198E-10 9.1417E-10 9.2642E-10 9.3872E-10 9.5109E-10 9.6350E-10 9.7596E-10 9.8846E-10 1.0010E-09 1.0135E-09 1.0261E-09 1.0387E-09 1.0513E-09 1.0639E-09 1.0765E-09 1.0891E-09 1.1017E-09 1.1143E-09 1.1293E-09 1.1419E-09 1.1570E-09 1.1697E-09
5.1831E-10 5.2696E-10 5.3488E-10 5.4648E-10 5.5512E-10 5.6385E-10 5.7270E-10 5.8164E-10 5.9070E-10 5.9985E-10 6.1079E-10 6.2297E-10 6.3276E-10 6.4265E-10 6.5266E-10 6.6470E-10 6.7672E-10 6.9429E-10 7.1374E-10 7.2532E-10 7.3628E-10 7.4736E-10 7.5854E-10 7.6983E-10 7.8122E-10 7.9271E-10 8.0431E-10 8.1600E-10 8.2779E-10 8.3968E-10 8.5166E-10 8.6372E-10 8.7587E-10 8.8804E-10 9.0029E-10 9.1261E-10 9.2500E-10 9.3746E-10 9.4997E-10 9.6255E-10 9.7518E-10 9.8786E-10 1.0006E-09 1.0134E-09 1.0262E-09 1.0390E-09 1.0518E-09 1.0647E-09 1.0775E-09 1.0903E-09 1.1032E-09 1.1185E-09 1.1314E-09 1.1474E-09 1.1611E-09 1.1753E-09 1.1897E-09
5.2321E-10 5.3153E-10 5.4311E-10 5.5173E-10 5.6045E-10 5.6929E-10 5.7822E-10 5.8727E-10 5.9641E-10 6.0736E-10 6.1954E-10 6.2933E-10 6.3974E-10 6.4925E-10 6.6130E-10 6.7335E-10 6.9095E-10 7.1044E-10 7.2206E-10 7.3306E-10 7.4418E-10 7.5541E-10 7.6675E-10 7.7820E-10 7.8976E-10 8.0142E-10 8.1318E-10 8.2505E-10 8.3702E-10 8.4908E-10 8.6124E-10 8.7349E-10 8.8584E-10 8.9826E-10 9.1077E-10 9.2329E-10 9.3589E-10 9.4855E-10 9.6128E-10 9.7407E-10 9.8692E-10 9.9982E-10 1.0128E-09 1.0258E-09 1.0388E-09 1.0519E-09 1.0650E-09 1.0781E-09 1.0912E-09 1.1067E-09 1.1199E-09 1.1368E-09 1.1502E-09 1.1661E-09 1.1808E-09 1.2000E-09 1.2161E-09
5.2810E-10 5.3965E-10 5.4825E-10 5.5696E-10 5.6578E-10 5.7470E-10 5.8373E-10 5.9287E-10 6.0382E-10 6.1555E-10 6.2578E-10 6.3620E-10 6.4622E-10 6.5777E-10 6.6983E-10 6.8746E-10 7.0698E-10 7.1862E-10 7.2966E-10 7.4082E-10 7.5209E-10 7.6348E-10 7.7498E-10 7.8659E-10 7.9831E-10 8.1015E-10 8.2209E-10 8.3413E-10 8.4627E-10 8.5852E-10 8.7087E-10 8.8330E-10 8.9584E-10 9.0846E-10 9.2118E-10 9.3397E-10 9.4683E-10 9.5971E-10 9.7265E-10 9.8566E-10 9.9873E-10 1.0119E-09 1.0250E-09 1.0383E-09 1.0515E-09 1.0648E-09 1.0782E-09 1.0939E-09 1.1087E-09 1.1246E-09 1.1396E-09 1.1559E-09 1.1742E-09 1.1906E-09 1.2057E-09 1.2247E-09 1.2407E-09
5.3572E-10 5.4469E-10 5.5337E-10 5.6217E-10 5.7108E-10 5.8010E-10 5.8922E-10 6.0016E-10 6.1189E-10 6.2212E-10 6.3253E-10 6.4256E-10 6.5410E-10 6.6617E-10 6.8458E-10 7.0335E-10 7.1502E-10 7.2609E-10 7.3728E-10 7.4859E-10 7.6002E-10 7.7156E-10 7.8323E-10 7.9501E-10 8.0690E-10 8.1890E-10 8.3101E-10 8.4323E-10 8.5557E-10 8.6799E-10 8.8052E-10 8.9315E-10 9.0589E-10 9.1870E-10 9.3161E-10 9.4461E-10 9.5770E-10 9.7085E-10 9.8408E-10 9.9731E-10 1.0106E-09 1.0239E-09 1.0374E-09 1.0508E-09 1.0643E-09 1.0779E-09 1.0952E-09 1.1120E-09 1.1280E-09 1.1477E-09 1.1633E-09 1.1787E-09 1.1992E-09 1.2145E-09 1.2302E-09 1.2451E-09 1.2614E-09
5.4104E-10 5.4970E-10 5.5848E-10 5.6736E-10 5.7637E-10 5.8547E-10 5.9640E-10 6.0811E-10 6.1833E-10 6.2875E-10 6.3877E-10 6.4962E-10 6.6238E-10 6.8079E-10 6.9957E-10 7.1126E-10 7.2235E-10 7.3357E-10 7.4491E-10 7.5637E-10 7.6796E-10 7.7967E-10 7.9149E-10 8.0344E-10 8.1550E-10 8.2768E-10 8.3997E-10 8.5237E-10 8.6488E-10 8.7750E-10 8.9022E-10 9.0304E-10 9.1596E-10 9.2898E-10 9.4210E-10 9.5530E-10 9.6859E-10 9.8197E-10 9.9543E-10 1.0090E-09 1.0225E-09 1.0361E-09 1.0498E-09 1.0648E-09 1.0810E-09 1.0963E-09 1.1141E-09 1.1335E-09 1.1499E-09 1.1706E-09 1.1862E-09 1.2023E-09 1.2188E-09 1.2350E-09 1.2504E-09 1.2653E-09 1.2812E-09
5.4561E-10 5.5471E-10 5.6356E-10 5.7254E-10 5.8163E-10 5.9254E-10 6.0379E-10 6.1444E-10 6.2484E-10 6.3486E-10 6.4570E-10 6.5776E-10 6.7687E-10 6.9564E-10 7.0734E-10 7.1845E-10 7.2969E-10 7.4105E-10 7.5255E-10 7.6417E-10 7.7591E-10 7.8778E-10 7.9978E-10 8.1189E-10 8.2413E-10 8.3648E-10 8.4894E-10 8.6153E-10 8.7423E-10 8.8703E-10 8.9994E-10 9.1296E-10 9.2609E-10 9.3930E-10 9.5262E-10 9.6603E-10 9.7954E-10 9.9312E-10 1.0068E-09 1.0206E-09 1.0344E-09 1.0496E-09 1.0636E-09 1.0828E-09 1.1027E-09 1.1198E-09 1.1357E-09 1.1575E-09 1.1726E-09 1.1894E-09 1.2070E-09 1.2223E-09 1.2381E-09 1.2539E-09 1.2702E-09 1.2864E-09 1.3017E-09
5.5097E-10 5.5975E-10 5.6867E-10 5.7770E-10 5.8857E-10 5.9980E-10 6.1043E-10 6.2083E-10 6.3083E-10 6.4166E-10 6.5371E-10 6.7280E-10 6.9008E-10 7.0327E-10 7.1439E-10 7.2564E-10 7.3703E-10 7.4855E-10 7.6019E-10 7.7197E-10 7.8388E-10 7.9592E-10 8.0808E-10 8.2036E-10 8.3277E-10 8.4530E-10 8.5795E-10 8.7072E-10 8.8360E-10 8.9660E-10 9.0971E-10 9.2292E-10 9.3624E-10 9.4967E-10 9.6320E-10 9.7681E-10 9.9053E-10 1.0043E-09 1.0182E-09 1.0336E-09 1.0477E-09 1.0670E-09 1.0883E-09 1.1045E-09 1.1244E-09 1.1416E-09 1.1580E-09 1.1751E-09 1.1918E-09 1.2086E-09 1.2246E-09 1.2412E-09 1.2583E-09 1.2740E-09 1.2907E-09 1.3078E-09 1.3237E-09
5.5553E-10 5.6479E-10 5.7378E-10 5.8459E-10 5.9576E-10 6.0633E-10 6.1670E-10 6.2669E-10 6.3682E-10 6.4954E-10 6.6786E-10 6.8514E-10 6.9904E-10 7.1017E-10 7.2144E-10 7.3284E-10 7.4438E-10 7.5605E-10 7.6785E-10 7.7979E-10 7.9186E-10 8.0406E-10 8.1639E-10 8.2885E-10 8.4144E-10 8.5414E-10 8.6698E-10 8.7993E-10 8.9301E-10 9.0619E-10 9.1950E-10 9.3292E-10 9.4645E-10 9.6007E-10 9.7381E-10 9.8765E-10 1.0016E-09 1.0169E-09 1.0311E-09 1.0481E-09 1.0696E-09 1.0882E-09 1.1083E-09 1.1257E-09 1.1429E-09 1.1610E-09 1.1768E-09 1.1938E-09 1.2102E-09 1.2271E-09 1.2444E-09 1.2610E-09 1.2784E-09 1.2951E-09 1.3113E-09 1.3289E-09 1.3452E-09
5.6085E-10 5.6979E-10 5.8056E-10 5.9169E-10 6.0177E-10 6.1253E-10 6.2247E-10 6.3256E-10 6.4525E-10 6.6353E-10 6.8005E-10 6.9467E-10 7.0580E-10 7.1707E-10 7.2849E-10 7.4004E-10 7.5173E-10 7.6355E-10 7.7552E-10 7.8762E-10 7.9985E-10 8.1222E-10 8.2472E-10 8.3735E-10 8.5012E-10 8.6301E-10 8.7603E-10 8.8917E-10 9.0244E-10 9.1583E-10 9.2933E-10 9.4294E-10 9.5667E-10 9.7052E-10 9.8447E-10 9.9852E-10 1.0141E-09 1.0311E-09 1.0513E-09 1.0712E-09 1.0914E-09 1.1089E-09 1.1263E-09 1.1434E-09 1.1606E-09 1.1783E-09 1.1950E-09 1.2127E-09 1.2291E-09 1.2468E-09 1.2642E-09 1.2812E-09 1.2986E-09 1.3158E-09 1.3324E-09 1.3514E-09 1.3681E-09
5.6574E-10 5.7646E-10 5.8754E-10 5.9758E-10 6.0829E-10 6.1770E-10 6.2826E-10 6.4089E-10 6.5692E-10 6.7557E-10 6.9016E-10 7.0129E-10 7.1256E-10 7.2398E-10 7.3554E-10 7.4724E-10 7.5908E-10 7.7106E-10 7.8319E-10 7.9545E-10 8.0785E-10 8.2039E-10 8.3307E-10 8.4588E-10 8.5882E-10 8.7190E-10 8.8510E-10 8.9844E-10 9.1190E-10 9.2548E-10 9.3919E-10 9.5302E-10 9.6695E-10 9.8100E-10 9.9654E-10 1.0122E-09 1.0301E-09 1.0513E-09 1.0739E-09 1.0903E-09 1.1077E-09 1.1261E-09 1.1435E-09 1.1602E-09 1.1783E-09 1.1961E-09 1.2132E-09 1.2318E-09 1.2487E-09 1.2666E-09 1.2840E-09 1.3015E-09 1.3199E-09 1.3379E-09 1.3550E-09 1.3745E-09 1.3922E-09
5.7063E-10 5.8333E-10 5.9287E-10 6.0399E-10 6.1335E-10 6.2387E-10 6.3576E-10 6.5243E-10 6.6881E-10 6.8554E-10 6.9664E-10 7.0790E-10 7.1932E-10 7.3088E-10 7.4259E-10 7.5444E-10 7.6644E-10 7.7858E-10 7.9087E-10 8.0330E-10 8.1587E-10 8.2858E-10 8.4143E-10 8.5442E-10 8.6754E-10 8.8081E-10 8.9420E-10 9.0772E-10 9.2138E-10 9.3517E-10 9.4908E-10 9.6311E-10 9.7862E-10 9.9361E-10 1.0102E-09 1.0302E-09 1.0517E-09 1.0723E-09 1.0897E-09 1.1082E-09 1.1244E-09 1.1425E-09 1.1607E-09 1.1782E-09 1.1960E-09 1.2148E-09 1.2319E-09 1.2501E-09 1.2678E-09 1.2857E-09 1.3050E-09 1.3231E-09 1.3416E-09 1.3606E-09 1.3787E-09 1.3964E-09 1.4160E-09
5.7907E-10 5.8855E-10 5.9910E-10 6.0892E-10 6.1940E-10 6.3125E-10 6.4564E-10 6.6415E-10 6.8081E-10 6.9190E-10 7.0314E-10 7.1453E-10 7.2608E-10 7.3778E-10 7.4964E-10 7.6164E-10 7.7380E-10 7.8610E-10 7.9855E-10 8.1115E-10 8.2389E-10 8.3677E-10 8.4980E-10 8.6297E-10 8.7628E-10 8.8973E-10 9.0332E-10 9.1704E-10 9.3090E-10 9.4488E-10 9.5900E-10 9.7465E-10 9.9183E-10 1.0118E-09 1.0319E-09 1.0528E-09 1.0699E-09 1.0885E-09 1.1059E-09 1.1241E-09 1.1411E-09 1.1601E-09 1.1780E-09 1.1964E-09 1.2143E-09 1.2325E-09 1.2506E-09 1.2687E-09 1.2883E-09 1.3067E-09 1.3261E-09 1.3451E-09 1.3638E-09 1.3834E-09 1.4021E-09 1.4214E-09 1.4420E-09
5.8423E-10 5.9424E-10 6.0444E-10 6.1486E-10 6.2597E-10 6.3948E-10 6.5940E-10 6.7526E-10 6.8704E-10 6.9824E-10 7.0961E-10 7.2115E-10 7.3283E-10 7.4468E-10 7.5668E-10 7.6885E-10 7.8116E-10 7.9363E-10 8.0624E-10 8.1901E-10 8.3192E-10 8.4498E-10 8.5819E-10 8.7154E-10 8.8504E-10 8.9868E-10 9.1246E-10 9.2638E-10 9.4043E-10 9.5600E-10 9.7170E-10 9.8973E-10 1.0087E-09 1.0314E-09 1.0504E-09 1.0677E-09 1.0856E-09 1.1038E-09 1.1221E-09 1.1411E-09 1.1587E-09 1.1778E-09 1.1957E-09 1.2142E-09 1.2324E-09 1.2516E-09 1.2706E-09 1.2902E-09 1.3093E-09 1.3283E-09 1.3473E-09 1.3673E-09 1.3875E-09 1.4082E-09 1.4276E-09 1.4475E-09 1.4688E-09
5.8940E-10 5.9997E-10 6.1031E-10 6.2133E-10 6.3475E-10 6.5308E-10 6.6961E-10 6.8206E-10 6.9324E-10 7.0458E-10 7.1608E-10 7.2775E-10 7.3958E-10 7.5157E-10 7.6372E-10 7.7604E-10 7.8851E-10 8.0115E-10 8.1393E-10 8.2687E-10 8.3996E-10 8.5320E-10 8.6659E-10 8.8013E-10 8.9381E-10 9.0764E-10 9.2162E-10 9.3574E-10 9.5140E-10 9.6865E-10 9.8867E-10 1.0079E-09 1.0284E-09 1.0473E-09 1.0660E-09 1.0837E-09 1.1008E-09 1.1194E-09 1.1391E-09 1.1583E-09 1.1764E-09 1.1950E-09 1.2129E-09 1.2318E-09 1.2519E-09 1.2718E-09 1.2911E-09 1.3104E-09 1.3310E-09 1.3500E-09 1.3705E-09 1.3916E-09 1.4125E-09 1.4337E-09 1.4537E-09 1.4741E-09 1.4956E-09
5.9550E-10 6.0525E-10 6.1517E-10 6.2933E-10 6.4750E-10 6.6242E-10 6.7700E-10 6.8813E-10 6.9944E-10 7.1090E-10 7.2254E-10 7.3434E-10 7.4631E-10 7.5845E-10 7.7075E-10 7.8322E-10 7.9585E-10 8.0865E-10 8.2161E-10 8.3474E-10 8.4800E-10 8.6142E-10 8.7499E-10 8.8872E-10 9.0260E-10 9.1663E-10 9.3216E-10 9.4787E-10 9.6459E-10 9.8492E-10 1.0053E-09 1.0272E-09 1.0447E-09 1.0623E-09 1.0807E-09 1.0993E-09 1.1189E-09 1.1368E-09 1.1558E-09 1.1746E-09 1.1930E-09 1.2121E-09 1.2324E-09 1.2518E-09 1.2720E-09 1.2914E-09 1.3118E-09 1.3315E-09 1.3543E-09 1.3739E-09 1.3951E-09 1.4167E-09 1.4371E-09 1.4599E-09 1.4800E-09 1.5022E-09 1.5252E-09
6.0069E-10 6.1053E-10 6.2315E-10 6.3895E-10 6.5670E-10 6.7190E-10 6.8296E-10 6.9420E-10 7.0562E-10 7.1721E-10 7.2899E-10 7.4092E-10 7.5304E-10 7.6532E-10 7.7777E-10 7.9039E-10 8.0318E-10 8.1615E-10 8.2927E-10 8.4257E-10 8.5603E-10 8.6965E-10 8.8341E-10 8.9733E-10 9.1140E-10 9.2701E-10 9.4351E-10 9.6298E-10 9.8218E-10 1.0040E-09 1.0229E-09 1.0406E-09 1.0588E-09 1.0773E-09 1.0965E-09 1.1156E-09 1.1351E-09 1.1534E-09 1.1724E-09 1.1911E-09 1.2114E-09 1.2306E-09 1.2518E-09 1.2709E-09 1.2921E-09 1.3120E-09 1.3346E-09 1.3549E-09 1.3783E-09 1.3985E-09 1.4193E-09 1.4424E-09 1.4641E-09 1.4875E-09 1.5092E-09 1.5312E-09 1.5557E-09
6.0588E-10 6.1840E-10 6.3332E-10 6.5021E-10 6.6676E-10 6.7775E-10 6.8893E-10 7.0028E-10 7.1181E-10 7.2353E-10 7.3542E-10 7.4750E-10 7.5975E-10 7.7218E-10 7.8478E-10 7.9756E-10 8.1051E-10 8.2363E-10 8.3693E-10 8.5039E-10 8.6403E-10 8.7784E-10 8.9181E-10 9.0595E-10 9.2163E-10 9.3959E-10 9.5985E-10 9.8027E-10 9.9974E-10 1.0196E-09 1.0361E-09 1.0545E-09 1.0732E-09 1.0931E-09 1.1132E-09 1.1320E-09 1.1511E-09 1.1694E-09 1.1902E-09 1.2095E-09 1.2303E-09 1.2501E-09 1.2714E-09 1.2915E-09 1.3143E-09 1.3349E-09 1.3585E-09 1.3790E-09 1.4011E-09 1.4237E-09 1.4458E-09 1.4705E-09 1.4929E-09 1.5151E-09 1.5393E-09 1.5609E-09 1.5834E-09
6.1363E-10 6.2693E-10 6.4517E-10 6.6085E-10 6.7250E-10 6.8360E-10 6.9489E-10 7.0636E-10 7.1801E-10 7.2985E-10 7.4186E-10 7.5407E-10 7.6645E-10 7.7903E-10 7.9178E-10 8.0471E-10 8.1782E-10 8.3111E-10 8.4457E-10 8.5821E-10 8.7202E-10 8.8601E-10 9.0153E-10 9.1796E-10 9.3470E-10 9.5514E-10 9.7511E-10 9.9471E-10 1.0147E-09 1.0330E-09 1.0516E-09 1.0705E-09 1.0905E-09 1.1092E-09 1.1283E-09 1.1475E-09 1.1665E-09 1.1872E-09 1.2081E-09 1.2284E-09 1.2488E-09 1.2695E-09 1.2930E-09 1.3138E-09 1.3371E-09 1.3584E-09 1.3807E-09 1.4036E-09 1.4261E-09 1.4512E-09 1.4740E-09 1.4976E-09 1.5214E-09 1.5434E-09 1.5674E-09 1.5915E-09 1.6138E-09
6.2058E-10 6.3792E-10 6.5271E-10 6.6719E-10 6.7822E-10 6.8944E-10 7.0083E-10 7.1242E-10 7.2420E-10 7.3615E-10 7.4830E-10 7.6064E-10 7.7316E-10 7.8587E-10 7.9877E-10 8.1185E-10 8.2513E-10 8.3857E-10 8.5221E-10 8.6602E-10 8.8001E-10 8.9556E-10 9.1204E-10 9.3021E-10 9.5254E-10 9.7087E-10 9.9018E-10 1.0095E-09 1.0280E-09 1.0467E-09 1.0666E-09 1.0869E-09 1.1053E-09 1.1245E-09 1.1440E-09 1.1647E-09 1.1847E-09 1.2054E-09 1.2255E-09 1.2472E-09 1.2688E-09 1.2911E-09 1.3152E-09 1.3367E-09 1.3592E-09 1.3824E-09 1.4060E-09 1.4305E-09 1.4538E-09 1.4778E-09 1.5020E-09 1.5245E-09 1.5489E-09 1.5736E-09 1.5965E-09 1.6212E-09 1.6443E-09
6.3066E-10 6.4678E-10 6.6184E-10 6.7279E-10 6.8393E-10 6.9525E-10 7.0676E-10 7.1847E-10 7.3036E-10 7.4245E-10 7.5473E-10 7.6720E-10 7.7986E-10 7.9271E-10 8.0575E-10 8.1899E-10 8.3242E-10 8.4603E-10 8.5984E-10 8.7382E-10 8.8939E-10 9.0591E-10 9.2745E-10 9.4790E-10 9.6504E-10 9.8490E-10 1.0044E-09 1.0230E-09 1.0414E-09 1.0620E-09 1.0820E-09 1.1016E-09 1.1205E-09 1.1401E-09 1.1606E-09 1.1822E-09 1.2023E-09 1.2236E-09 1.2443E-09 1.2682E-09 1.2914E-09 1.3139E-09 1.3361E-09 1.3591E-09 1.3827E-09 1.4078E-09 1.4322E-09 1.4565E-09 1.4811E-09 1.5040E-09 1.5290E-09 1.5541E-09 1.5774E-09 1.6028E-09 1.6264E-09 1.6501E-09 1.6738E-09
6.4020E-10 6.5650E-10 6.6731E-10 6.7837E-10 6.8960E-10 7.0104E-10 7.1267E-10 7.2449E-10 7.3651E-10 7.4873E-10 7.6113E-10 7.7374E-10 7.8655E-10 7.9954E-10 8.1273E-10 8.2612E-10 8.3971E-10 8.5349E-10 8.6745E-10 8.8303E-10 9.0160E-10 9.2185E-10 9.4175E-10 9.5896E-10 9.7891E-10 9.9845E-10 1.0171E-09 1.0362E-09 1.0565E-09 1.0771E-09 1.0965E-09 1.1161E-09 1.1364E-09 1.1566E-09 1.1780E-09 1.1988E-09 1.2205E-09 1.2433E-09 1.2652E-09 1.2897E-09 1.3126E-09 1.3357E-09 1.3586E-09 1.3847E-09 1.4094E-09 1.4340E-09 1.4589E-09 1.4822E-09 1.5075E-09 1.5330E-09 1.5568E-09 1.5827E-09 1.6069E-09 1.6311E-09 1.6554E-09 1.6798E-09 1.7042E-09
6.4923E-10 6.6203E-10 6.7286E-10 6.8395E-10 6.9526E-10 7.0681E-10 7.1854E-10 7.3049E-10 7.4264E-10 7.5497E-10 7.6752E-10 7.8026E-10 7.9320E-10 8.0635E-10 8.1970E-10 8.3324E-10 8.4698E-10 8.6093E-10 8.7781E-10 8.9509E-10 9.1540E-10 9.3537E-10 9.5263E-10 9.7265E-10 9.9226E-10 1.0110E-09 1.0310E-09 1.0515E-09 1.0714E-09 1.0909E-09 1.1111E-09 1.1313E-09 1.1531E-09 1.1735E-09 1.1955E-09 1.2174E-09 1.2406E-09 1.2652E-09 1.2872E-09 1.3108E-09 1.3343E-09 1.3588E-09 1.3842E-09 1.4093E-09 1.4354E-09 1.4589E-09 1.4846E-09 1.5104E-09 1.5347E-09 1.5610E-09 1.5856E-09 1.6104E-09 1.6352E-09 1.6602E-09 1.6853E-09 1.7129E-09 1.7381E-09
6.5680E-10 6.6753E-10 6.7846E-10 6.8961E-10 7.0096E-10 7.1256E-10 7.2440E-10 7.3646E-10 7.4872E-10 7.6120E-10 7.7388E-10 7.8675E-10 7.9984E-10 8.1313E-10 8.2663E-10 8.4033E-10 8.5424E-10 8.7180E-10 8.8839E-10 9.0919E-10 9.2922E-10 9.4651E-10 9.6657E-10 9.8624E-10 1.0051E-09 1.0252E-09 1.0457E-09 1.0658E-09 1.0854E-09 1.1054E-09 1.1266E-09 1.1482E-09 1.1692E-09 1.1911E-09 1.2138E-09 1.2384E-09 1.2614E-09 1.2856E-09 1.3082E-09 1.3325E-09 1.3583E-09 1.3835E-09 1.4106E-09 1.4344E-09 1.4603E-09 1.4846E-09 1.5110E-09 1.5377E-09 1.5628E-09 1.5880E-09 1.6133E-09 1.6388E-09 1.6644E-09 1.6927E-09 1.7186E-09 1.7470E-09 1.7732E-09
