Assets/Resources/2015_m01_d25_0700(utc+0800)_l00_csi_1hr_conc.grd
DSAA
         159         159
     -79.000      79.000
     -79.000      79.000
  0.0000E+00  0.4859E-05
[rows 0 to 24 of 159, columns 57 to 113 of 159]
9.7740E-10 1.1525E-09 1.3552E-09 1.5849E-09 1.8387E-09 2.1259E-09 2.4382E-09 2.7783E-09 3.1502E-09 3.5480E-09 3.9678E-09 4.4125E-09 4.8746E-09 5.3482E-09 5.8301E-09 6.3095E-09 6.7846E-09 7.2429E-09 7.6789E-09 8.0845E-09 8.4480E-09 8.7657E-09 9.0263E-09 9.2230E-09 9.3501E-09 9.4052E-09 9.3816E-09 9.2775E-09 9.0930E-09 8.8302E-09 8.4933E-09 8.0905E-09 7.6289E-09 7.1188E-09 6.5715E-09 6.0007E-09 5.4194E-09 4.8391E-09 4.2700E-09 3.7226E-09 3.2066E-09 2.7276E-09 2.2939E-09 1.9057E-09 1.5605E-09 1.2573E-09 1.0006E-09 7.8214E-10 6.0002E-10 4.5480E-10 3.3625E-10 2.4539E-10 1.7419E-10 1.2053E-10 7.9754E-11 4.7885E-11 2.4385E-11
1.0106E-09 1.1938E-09 1.4108E-09 1.6509E-09 1.9186E-09 2.2253E-09 2.5575E-09 2.9225E-09 3.3221E-09 3.7478E-09 4.2037E-09 4.6846E-09 5.1827E-09 5.7007E-09 6.2240E-09 6.7511E-09 7.2731E-09 7.7825E-09 8.2680E-09 8.7215E-09 9.1379E-09 9.4993E-09 9.8037E-09 1.0042E-08 1.0205E-08 1.0286E-08 1.0281E-08 1.0185E-08 1.0000E-08 9.7269E-09 9.3688E-09 8.9331E-09 8.4291E-09 7.8686E-09 7.2641E-09 6.6309E-09 5.9827E-09 5.3355E-09 4.7008E-09 4.0945E-09 3.5227E-09 2.9911E-09 2.5067E-09 2.0732E-09 1.6957E-09 1.3617E-09 1.0755E-09 8.3907E-10 6.4041E-10 4.8213E-10 3.5577E-10 2.5701E-10 1.8192E-10 1.2410E-10 8.0495E-11 4.5699E-11 2.4049E-11
1.0379E-09 1.2290E-09 1.4582E-09 1.7088E-09 1.9924E-09 2.3167E-09 2.6675E-09 3.0585E-09 3.4832E-09 3.9375E-09 4.4293E-09 4.9426E-09 5.4822E-09 6.0413E-09 6.6083E-09 7.1842E-09 7.7564E-09 8.3182E-09 8.8601E-09 9.3720E-09 9.8387E-09 1.0256E-08 1.0612E-08 1.0893E-08 1.1096E-08 1.1210E-08 1.1229E-08 1.1147E-08 1.0964E-08 1.0680E-08 1.0301E-08 9.8310E-09 9.2824E-09 8.6689E-09 8.0050E-09 7.3069E-09 6.5910E-09 5.8722E-09 5.1679E-09 4.4911E-09 3.8528E-09 3.2670E-09 2.7322E-09 2.2523E-09 1.8304E-09 1.4669E-09 1.1536E-09 8.9239E-10 6.8018E-10 5.0676E-10 3.7250E-10 2.6696E-10 1.8733E-10 1.2618E-10 7.8668E-11 4.3294E-11 2.3539E-11
1.0593E-09 1.2574E-09 1.4964E-09 1.7578E-09 2.0591E-09 2.3963E-09 2.7653E-09 3.1815E-09 3.6298E-09 4.1127E-09 4.6356E-09 5.1856E-09 5.7655E-09 6.3640E-09 6.9811E-09 7.6060E-09 8.2348E-09 8.8533E-09 9.4513E-09 1.0020E-08 1.0550E-08 1.1027E-08 1.1438E-08 1.1775E-08 1.2026E-08 1.2178E-08 1.2227E-08 1.2164E-08 1.1987E-08 1.1697E-08 1.1299E-08 1.0797E-08 1.0204E-08 9.5341E-09 8.8038E-09 8.0330E-09 7.2394E-09 6.4436E-09 5.6660E-09 4.9160E-09 4.2087E-09 3.5542E-09 2.9619E-09 2.4378E-09 1.9726E-09 1.5694E-09 1.2305E-09 9.4573E-10 7.1590E-10 5.3228E-10 3.8837E-10 2.7621E-10 1.9117E-10 1.2571E-10 7.5808E-11 4.3110E-11 2.2977E-11
1.0727E-09 1.2795E-09 1.5244E-09 1.7966E-09 2.1127E-09 2.4627E-09 2.8503E-09 3.2865E-09 3.7580E-09 4.2706E-09 4.8221E-09 5.4080E-09 6.0266E-09 6.6681E-09 7.3354E-09 8.0142E-09 8.6950E-09 9.3740E-09 1.0036E-08 1.0670E-08 1.1266E-08 1.1810E-08 1.2286E-08 1.2684E-08 1.2989E-08 1.3189E-08 1.3275E-08 1.3239E-08 1.3076E-08 1.2783E-08 1.2365E-08 1.1832E-08 1.1194E-08 1.0466E-08 9.6681E-09 8.8194E-09 7.9427E-09 7.0608E-09 6.1939E-09 5.3600E-09 4.5818E-09 3.8593E-09 3.2036E-09 2.6215E-09 2.1158E-09 1.6743E-09 1.3039E-09 9.9827E-10 7.4996E-10 5.5353E-10 4.0075E-10 2.8283E-10 1.9377E-10 1.2392E-10 7.4011E-11 4.1288E-11 2.2896E-11
1.0787E-09 1.2946E-09 1.5427E-09 1.8227E-09 2.1520E-09 2.5144E-09 2.9193E-09 3.3735E-09 3.8656E-09 4.4068E-09 4.9868E-09 5.6074E-09 6.2634E-09 6.9483E-09 7.6620E-09 8.3957E-09 9.1372E-09 9.8773E-09 1.0606E-08 1.1314E-08 1.1983E-08 1.2602E-08 1.3152E-08 1.3620E-08 1.3989E-08 1.4248E-08 1.4380E-08 1.4379E-08 1.4235E-08 1.3947E-08 1.3515E-08 1.2948E-08 1.2260E-08 1.1468E-08 1.0593E-08 9.6584E-09 8.6916E-09 7.7197E-09 6.7597E-09 5.8372E-09 4.9685E-09 4.1709E-09 3.4540E-09 2.8136E-09 2.2553E-09 1.7782E-09 1.3756E-09 1.0465E-09 7.8152E-10 5.7304E-10 4.1123E-10 2.8732E-10 1.9231E-10 1.2186E-10 7.1563E-11 3.9643E-11 2.2331E-11
1.0765E-09 1.2997E-09 1.5516E-09 1.8388E-09 2.1782E-09 2.5488E-09 2.9713E-09 3.4404E-09 3.9502E-09 4.5197E-09 5.1241E-09 5.7780E-09 6.4690E-09 7.1988E-09 7.9612E-09 8.7471E-09 9.5508E-09 1.0360E-08 1.1167E-08 1.1952E-08 1.2702E-08 1.3402E-08 1.4035E-08 1.4585E-08 1.5032E-08 1.5358E-08 1.5547E-08 1.5586E-08 1.5467E-08 1.5188E-08 1.4746E-08 1.4148E-08 1.3410E-08 1.2550E-08 1.1592E-08 1.0564E-08 9.4952E-09 8.4151E-09 7.3515E-09 6.3368E-09 5.3785E-09 4.4958E-09 3.7029E-09 3.0068E-09 2.3960E-09 1.8776E-09 1.4459E-09 1.0924E-09 8.0978E-10 5.8945E-10 4.1808E-10 2.8880E-10 1.8989E-10 1.1943E-10 6.7705E-11 3.9006E-11 2.1330E-11
1.0663E-09 1.2943E-09 1.5487E-09 1.8455E-09 2.1875E-09 2.5663E-09 3.0027E-09 3.4843E-09 4.0125E-09 4.6025E-09 5.2306E-09 5.9171E-09 6.6398E-09 7.4163E-09 8.2299E-09 9.0762E-09 9.9442E-09 1.0825E-08 1.1708E-08 1.2578E-08 1.3418E-08 1.4210E-08 1.4937E-08 1.5580E-08 1.6113E-08 1.6519E-08 1.6779E-08 1.6873E-08 1.6788E-08 1.6518E-08 1.6064E-08 1.5435E-08 1.4641E-08 1.3706E-08 1.2657E-08 1.1527E-08 1.0352E-08 9.1582E-09 7.9823E-09 6.8517E-09 5.7963E-09 4.8301E-09 3.9584E-09 3.1943E-09 2.5348E-09 1.9726E-09 1.5092E-09 1.1329E-09 8.3437E-10 6.0141E-10 4.2237E-10 2.8728E-10 1.8765E-10 1.1713E-10 6.6055E-11 3.8414E-11 2.0482E-11
1.0496E-09 1.2782E-09 1.5344E-09 1.8364E-09 2.1804E-09 2.5652E-09 3.0121E-09 3.5054E-09 4.0497E-09 4.6548E-09 5.3099E-09 6.0212E-09 6.7795E-09 7.6011E-09 8.4673E-09 9.3730E-09 1.0309E-08 1.1266E-08 1.2231E-08 1.3188E-08 1.4126E-08 1.5025E-08 1.5858E-08 1.6605E-08 1.7241E-08 1.7738E-08 1.8075E-08 1.8232E-08 1.8190E-08 1.7939E-08 1.7478E-08 1.6813E-08 1.5962E-08 1.4947E-08 1.3797E-08 1.2552E-08 1.1248E-08 9.9307E-09 8.6386E-09 7.3927E-09 6.2252E-09 5.1622E-09 4.2147E-09 3.3801E-09 2.6654E-09 2.0639E-09 1.5680E-09 1.1682E-09 8.5421E-10 6.0999E-10 4.2300E-10 2.8452E-10 1.8608E-10 1.1338E-10 6.6090E-11 3.7381E-11 1.9367E-11
1.0279E-09 1.2512E-09 1.5060E-09 1.8128E-09 2.1567E-09 2.5483E-09 3.0014E-09 3.4998E-09 4.0608E-09 4.6784E-09 5.3569E-09 6.0934E-09 6.8919E-09 7.7543E-09 8.6694E-09 9.6318E-09 1.0638E-08 1.1673E-08 1.2730E-08 1.3788E-08 1.4836E-08 1.5844E-08 1.6795E-08 1.7662E-08 1.8413E-08 1.9017E-08 1.9446E-08 1.9674E-08 1.9681E-08 1.9455E-08 1.8987E-08 1.8286E-08 1.7367E-08 1.6260E-08 1.5005E-08 1.3637E-08 1.2200E-08 1.0742E-08 9.3079E-09 7.9413E-09 6.6634E-09 5.4965E-09 4.4626E-09 3.5618E-09 2.7901E-09 2.1456E-09 1.6194E-09 1.1980E-09 8.7019E-10 6.1432E-10 4.2262E-10 2.8282E-10 1.8172E-10 1.1134E-10 6.4154E-11 3.4528E-11 1.7185E-11
9.9757E-10 1.2161E-09 1.4677E-09 1.7744E-09 2.1174E-09 2.5162E-09 2.9682E-09 3.4706E-09 4.0450E-09 4.6723E-09 5.3715E-09 6.1279E-09 6.9580E-09 7.8639E-09 8.8307E-09 9.8544E-09 1.0933E-08 1.2053E-08 1.3204E-08 1.4374E-08 1.5536E-08 1.6673E-08 1.7758E-08 1.8753E-08 1.9631E-08 2.0356E-08 2.0891E-08 2.1204E-08 2.1266E-08 2.1063E-08 2.0590E-08 1.9851E-08 1.8863E-08 1.7656E-08 1.6272E-08 1.4762E-08 1.3183E-08 1.1582E-08 1.0003E-08 8.4943E-09 7.0966E-09 5.8276E-09 4.7024E-09 3.7297E-09 2.9043E-09 2.2207E-09 1.6637E-09 1.2231E-09 8.7876E-10 6.1675E-10 4.2214E-10 2.7962E-10 1.7975E-10 1.0784E-10 6.0994E-11 3.0788E-11 1.4133E-11
9.5932E-10 1.1705E-09 1.4227E-09 1.7241E-09 2.0642E-09 2.4625E-09 2.9137E-09 3.4191E-09 4.0011E-09 4.6370E-09 5.3518E-09 6.1246E-09 6.9881E-09 7.9332E-09 8.9522E-09 1.0045E-08 1.1196E-08 1.2405E-08 1.3659E-08 1.4938E-08 1.6227E-08 1.7504E-08 1.8733E-08 1.9879E-08 2.0902E-08 2.1759E-08 2.2410E-08 2.2817E-08 2.2946E-08 2.2773E-08 2.2290E-08 2.1503E-08 2.0436E-08 1.9124E-08 1.7607E-08 1.5944E-08 1.4198E-08 1.2429E-08 1.0700E-08 9.0499E-09 7.5203E-09 6.1447E-09 4.9328E-09 3.8886E-09 3.0086E-09 2.2856E-09 1.7000E-09 1.2402E-09 8.8391E-10 6.1678E-10 4.1810E-10 2.7733E-10 1.7558E-10 1.0277E-10 5.7241E-11 2.6865E-11 1.1310E-11
9.1302E-10 1.1176E-09 1.3683E-09 1.6616E-09 1.9936E-09 2.3910E-09 2.8404E-09 3.3476E-09 3.9298E-09 4.5734E-09 5.2988E-09 6.0880E-09 6.9799E-09 7.9695E-09 9.0410E-09 1.0195E-08 1.1425E-08 1.2719E-08 1.4080E-08 1.5486E-08 1.6920E-08 1.8344E-08 1.9731E-08 2.1043E-08 2.2226E-08 2.3234E-08 2.4015E-08 2.4524E-08 2.4724E-08 2.4584E-08 2.4092E-08 2.3252E-08 2.2089E-08 2.0646E-08 1.8976E-08 1.7153E-08 1.5233E-08 1.3289E-08 1.1389E-08 9.5910E-09 7.9311E-09 6.4427E-09 5.1431E-09 4.0293E-09 3.0975E-09 2.3368E-09 1.7276E-09 1.2505E-09 8.8487E-10 6.1337E-10 4.1249E-10 2.7236E-10 1.6941E-10 9.8140E-11 5.2001E-11 2.1982E-11 7.9101E-12
8.6180E-10 1.0582E-09 1.3048E-09 1.5873E-09 1.9122E-09 2.3033E-09 2.7469E-09 3.2566E-09 3.8333E-09 4.4838E-09 5.2152E-09 6.0267E-09 6.9439E-09 7.9697E-09 9.0935E-09 1.0306E-08 1.1612E-08 1.3007E-08 1.4480E-08 1.6022E-08 1.7602E-08 1.9194E-08 2.0759E-08 2.2246E-08 2.3605E-08 2.4779E-08 2.5705E-08 2.6324E-08 2.6595E-08 2.6485E-08 2.5980E-08 2.5082E-08 2.3821E-08 2.2237E-08 2.0400E-08 1.8383E-08 1.6268E-08 1.4142E-08 1.2068E-08 1.0110E-08 8.3183E-09 6.7190E-09 5.3309E-09 4.1511E-09 3.1722E-09 2.3752E-09 1.7422E-09 1.2503E-09 8.8187E-10 6.0524E-10 4.0821E-10 2.6469E-10 1.6080E-10 9.2253E-11 4.5861E-11 1.7130E-11 5.0324E-12
8.0512E-10 9.9290E-10 1.2339E-09 1.5036E-09 1.8234E-09 2.2038E-09 2.6359E-09 3.1430E-09 3.7134E-09 4.3678E-09 5.1025E-09 5.9294E-09 6.8698E-09 7.9321E-09 9.1022E-09 1.0380E-08 1.1764E-08 1.3263E-08 1.4861E-08 1.6542E-08 1.8281E-08 2.0055E-08 2.1810E-08 2.3496E-08 2.5048E-08 2.6398E-08 2.7480E-08 2.8227E-08 2.8578E-08 2.8497E-08 2.7965E-08 2.6991E-08 2.5603E-08 2.3859E-08 2.1842E-08 1.9622E-08 1.7302E-08 1.4974E-08 1.2720E-08 1.0603E-08 8.6754E-09 6.9683E-09 5.4941E-09 4.2490E-09 3.2250E-09 2.3971E-09 1.7443E-09 1.2440E-09 8.7025E-10 5.9403E-10 3.9709E-10 2.5408E-10 1.5081E-10 8.3922E-11 3.8725E-11 1.2071E-11 2.5993E-12
7.4612E-10 9.2825E-10 1.1539E-09 1.4112E-09 1.7250E-09 2.0929E-09 2.5103E-09 3.0103E-09 3.5728E-09 4.2277E-09 4.9587E-09 5.7985E-09 6.7621E-09 7.8540E-09 9.0785E-09 1.0420E-08 1.1888E-08 1.3491E-08 1.5215E-08 1.7046E-08 1.8966E-08 2.0929E-08 2.2891E-08 2.4790E-08 2.6551E-08 2.8094E-08 2.9340E-08 3.0211E-08 3.0642E-08 3.0584E-08 3.0023E-08 2.8965E-08 2.7444E-08 2.5526E-08 2.3297E-08 2.0861E-08 1.8328E-08 1.5792E-08 1.3345E-08 1.1062E-08 8.9969E-09 7.1806E-09 5.6250E-09 4.3212E-09 3.2539E-09 2.4008E-09 1.7339E-09 1.2300E-09 8.5253E-10 5.7810E-10 3.7986E-10 2.3553E-10 1.3867E-10 7.3026E-11 3.0404E-11 8.2250E-12 0.0000E+00
6.8365E-10 8.6207E-10 1.0706E-09 1.3139E-09 1.6174E-09 1.9687E-09 2.3753E-09 2.8643E-09 3.4166E-09 4.0632E-09 4.7888E-09 5.6369E-09 6.6217E-09 7.7475E-09 9.0201E-09 1.0429E-08 1.1982E-08 1.3692E-08 1.5550E-08 1.7550E-08 1.9654E-08 2.1825E-08 2.4009E-08 2.6132E-08 2.8117E-08 2.9870E-08 3.1290E-08 3.2291E-08 3.2798E-08 3.2760E-08 3.2151E-08 3.0984E-08 2.9308E-08 2.7201E-08 2.4752E-08 2.2080E-08 1.9309E-08 1.6559E-08 1.3920E-08 1.1475E-08 9.2767E-09 7.3567E-09 5.7191E-09 4.3611E-09 3.2561E-09 2.3843E-09 1.7086E-09 1.2028E-09 8.2796E-10 5.5452E-10 3.5671E-10 2.1750E-10 1.2306E-10 6.0388E-11 2.0985E-11 2.7747E-12 0.0000E+00
6.1986E-10 7.8792E-10 9.8265E-10 1.2134E-09 1.5056E-09 1.8371E-09 2.2355E-09 2.7037E-09 3.2466E-09 3.8804E-09 4.6050E-09 5.4621E-09 6.4632E-09 7.6182E-09 8.9371E-09 1.0405E-08 1.2050E-08 1.3876E-08 1.5877E-08 1.8044E-08 2.0343E-08 2.2737E-08 2.5159E-08 2.7528E-08 2.9746E-08 3.1710E-08 3.3311E-08 3.4443E-08 3.5021E-08 3.4992E-08 3.4326E-08 3.3039E-08 3.1188E-08 2.8860E-08 2.6177E-08 2.3267E-08 2.0259E-08 1.7279E-08 1.4444E-08 1.1831E-08 9.5006E-09 7.4824E-09 5.7726E-09 4.3648E-09 3.2327E-09 2.3485E-09 1.6691E-09 1.1668E-09 7.9249E-10 5.2236E-10 3.2530E-10 1.9516E-10 1.0398E-10 4.0946E-11 1.0355E-11 0.0000E+00 0.0000E+00
5.5637E-10 7.1283E-10 8.9353E-10 1.1144E-09 1.3866E-09 1.7014E-09 2.0866E-09 2.5352E-09 3.0645E-09 3.6815E-09 4.4073E-09 5.2631E-09 6.2769E-09 7.4592E-09 8.8219E-09 1.0356E-08 1.2089E-08 1.4038E-08 1.6189E-08 1.8537E-08 2.1049E-08 2.3674E-08 2.6348E-08 2.8973E-08 3.1436E-08 3.3618E-08 3.5397E-08 3.6660E-08 3.7306E-08 3.7271E-08 3.6531E-08 3.5111E-08 3.3072E-08 3.0510E-08 2.7564E-08 2.4386E-08 2.1130E-08 1.7926E-08 1.4893E-08 1.2124E-08 9.6681E-09 7.5534E-09 5.7837E-09 4.3321E-09 3.1818E-09 2.2899E-09 1.6175E-09 1.1156E-09 7.4671E-10 4.7806E-10 2.9255E-10 1.6755E-10 7.8800E-11 2.6699E-11 2.3081E-12 0.0000E+00 0.0000E+00
4.9622E-10 6.3912E-10 8.0542E-10 1.0164E-09 1.2661E-09 1.5610E-09 1.9329E-09 2.3574E-09 2.8716E-09 3.4704E-09 4.1824E-09 5.0410E-09 6.0641E-09 7.2792E-09 8.6885E-09 1.0288E-08 1.2117E-08 1.4184E-08 1.6494E-08 1.9035E-08 2.1769E-08 2.4641E-08 2.7570E-08 3.0459E-08 3.3177E-08 3.5588E-08 3.7549E-08 3.8931E-08 3.9630E-08 3.9573E-08 3.8736E-08 3.7150E-08 3.4892E-08 3.2089E-08 2.8886E-08 2.5442E-08 2.1927E-08 1.8498E-08 1.5270E-08 1.2342E-08 9.7725E-09 7.5696E-09 5.7416E-09 4.2617E-09 3.1040E-09 2.2124E-09 1.5453E-09 1.0517E-09 6.9080E-10 4.3294E-10 2.5448E-10 1.3636E-10 5.5157E-11 1.5412E-11 0.0000E+00 0.0000E+00 0.0000E+00
4.3730E-10 5.6555E-10 7.1799E-10 9.1507E-10 1.1461E-09 1.4233E-09 1.7719E-09 2.1754E-09 2.6723E-09 3.2455E-09 3.9487E-09 4.8052E-09 5.8418E-09 7.0797E-09 8.5309E-09 1.0200E-08 1.2126E-08 1.4315E-08 1.6792E-08 1.9528E-08 2.2489E-08 2.5625E-08 2.8832E-08 3.1988E-08 3.4961E-08 3.7592E-08 3.9726E-08 4.1218E-08 4.1956E-08 4.1867E-08 4.0931E-08 3.9173E-08 3.6684E-08 3.3610E-08 3.0120E-08 2.6401E-08 2.2629E-08 1.8970E-08 1.5558E-08 1.2481E-08 9.7962E-09 7.5271E-09 5.6543E-09 4.1590E-09 2.9961E-09 2.1137E-09 1.4542E-09 9.7083E-10 6.2241E-10 3.7901E-10 2.1302E-10 9.8234E-11 3.8510E-11 3.1849E-12 0.0000E+00 0.0000E+00 0.0000E+00
3.8051E-10 4.9539E-10 6.3377E-10 8.1420E-10 1.0275E-09 1.2910E-09 1.6123E-09 1.9944E-09 2.4672E-09 3.0188E-09 3.7072E-09 4.5605E-09 5.5985E-09 6.8598E-09 8.3527E-09 1.0087E-08 1.2110E-08 1.4439E-08 1.7087E-08 2.0029E-08 2.3233E-08 2.6631E-08 3.0114E-08 3.3554E-08 3.6788E-08 3.9644E-08 4.1948E-08 4.3541E-08 4.4295E-08 4.4138E-08 4.3055E-08 4.1093E-08 3.8364E-08 3.5015E-08 3.1236E-08 2.7236E-08 2.3215E-08 1.9339E-08 1.5749E-08 1.2536E-08 9.7538E-09 7.4219E-09 5.5217E-09 4.0208E-09 2.8668E-09 1.9972E-09 1.3497E-09 8.7706E-10 5.5133E-10 3.2191E-10 1.6207E-10 6.9488E-11 1.8145E-11 0.0000E+00 0.0000E+00 0.0000E+00 0.0000E+00
3.2634E-10 4.2875E-10 5.5463E-10 7.1773E-10 9.1018E-10 1.1577E-09 1.4520E-09 1.8163E-09 2.2575E-09 2.7922E-09 3.4697E-09 4.3121E-09 5.3517E-09 6.6256E-09 8.1476E-09 9.9526E-09 1.2083E-08 1.4546E-08 1.7366E-08 2.0521E-08 2.3985E-08 2.7654E-08 3.1423E-08 3.5139E-08 3.8626E-08 4.1689E-08 4.4143E-08 4.5813E-08 4.6573E-08 4.6346E-08 4.5113E-08 4.2939E-08 3.9947E-08 3.6314E-08 3.2245E-08 2.7962E-08 2.3684E-08 1.9594E-08 1.5830E-08 1.2497E-08 9.6399E-09 7.2637E-09 5.3481E-09 3.8553E-09 2.7163E-09 1.8591E-09 1.2269E-09 7.8424E-10 4.7294E-10 2.5339E-10 1.1620E-10 4.3358E-11 2.6948E-12 0.0000E+00 0.0000E+00 0.0000E+00 0.0000E+00
2.7607E-10 3.6558E-10 4.7996E-10 6.2439E-10 7.9930E-10 1.0244E-09 1.2942E-09 1.6387E-09 2.0443E-09 2.5621E-09 3.2209E-09 4.0511E-09 5.0901E-09 6.3703E-09 7.9317E-09 9.8079E-09 1.2034E-08 1.4638E-08 1.7641E-08 2.1021E-08 2.4736E-08 2.8680E-08 3.2733E-08 3.6726E-08 4.0467E-08 4.3740E-08 4.6335E-08 4.8071E-08 4.8809E-08 4.8474E-08 4.7063E-08 4.4651E-08 4.1378E-08 3.7441E-08 3.3077E-08 2.8527E-08 2.4011E-08 1.9727E-08 1.5818E-08 1.2377E-08 9.4575E-09 7.0534E-09 5.1406E-09 3.6605E-09 2.5388E-09 1.7017E-09 1.1055E-09 6.8455E-10 3.8927E-10 1.8955E-10 8.3148E-11 1.6805E-11 0.0000E+00 0.0000E+00 0.0000E+00 0.0000E+00 0.0000E+00
2.3037E-10 3.0809E-10 4.0815E-10 5.3693E-10 6.9254E-10 8.9731E-10 1.1403E-09 1.4585E-09 1.8342E-09 2.3291E-09 2.9639E-09 3.7817E-09 4.8162E-09 6.1185E-09 7.7036E-09 9.6425E-09 1.1965E-08 1.4716E-08 1.7901E-08 2.1506E-08 2.5468E-08 2.9696E-08 3.4033E-08 3.8299E-08 4.2274E-08 4.5734E-08 4.8452E-08 5.0230E-08 5.0925E-08 5.0465E-08 4.8862E-08 4.6206E-08 4.2654E-08 3.8426E-08 3.3773E-08 2.8951E-08 2.4207E-08 1.9735E-08 1.5697E-08 1.2176E-08 9.2133E-09 6.7977E-09 4.8995E-09 3.4399E-09 2.3455E-09 1.5456E-09 9.7838E-10 5.7886E-10 3.0247E-10 1.4454E-10 4.3224E-11 2.4433E-12 0.0000E+00 0.0000E+00 0.0000E+00 0.0000E+00 0.0000E+00
