Assets/Resources/2015_m01_d08_0800(utc+0800)_l00_csi_1hr_conc.grd
DSAA
         159         159
     -79.000      79.000
     -79.000      79.000
  0.0000E+00  0.3385E-04
[rows 125 to 149 of 159, columns 0 to 56 of 159]
5.7182E-12 5.9197E-12 6.1265E-12 6.3387E-12 6.5562E-12 6.7791E-12 7.0075E-12 7.2415E-12 7.8537E-12 9.2432E-12 1.1447E-11 1.4196E-11 1.6998E-11 2.1034E-11 2.5242E-11 2.7027E-11 2.7993E-11 2.8984E-11 3.1157E-11 3.3792E-11 3.8065E-11 4.0205E-11 4.2556E-11 4.5640E-11 5.1284E-11 5.8041E-11 6.3246E-11 6.7290E-11 7.0732E-11 7.6582E-11 8.9133E-11 1.0498E-10 1.1517E-10 1.2755E-10 1.4170E-10 1.7124E-10 1.9222E-10 2.0690E-10 2.2287E-10 2.3951E-10 2.5633E-10 2.7461E-10 2.9247E-10 3.1205E-10 3.3114E-10 3.5192E-10 3.7213E-10 3.9451E-10 4.1755E-10 4.4123E-10 4.6510E-10 4.8909E-10 5.1409E-10 5.4021E-10 5.6474E-10 5.9200E-10 6.1730E-10
5.5094E-12 5.7036E-12 5.9029E-12 6.1073E-12 6.3168E-12 6.5316E-12 6.7517E-12 6.9772E-12 7.2080E-12 7.4442E-12 8.8210E-12 1.1264E-11 1.3739E-11 1.6519E-11 2.0287E-11 2.4829E-11 2.6839E-11 2.7789E-11 2.8783E-11 2.9859E-11 3.3700E-11 3.8034E-11 4.0469E-11 4.3257E-11 4.6517E-11 5.0931E-11 5.7692E-11 6.4203E-11 6.8256E-11 7.3185E-11 8.0432E-11 1.0110E-10 1.1118E-10 1.2232E-10 1.3642E-10 1.6056E-10 1.8481E-10 1.9994E-10 2.1561E-10 2.3114E-10 2.4790E-10 2.6500E-10 2.8279E-10 3.0114E-10 3.2012E-10 3.3962E-10 3.5971E-10 3.8133E-10 4.0357E-10 4.2603E-10 4.4864E-10 4.7224E-10 4.9684E-10 5.2157E-10 5.4580E-10 5.7213E-10 5.9662E-10
5.3067E-12 5.4938E-12 5.6857E-12 5.8826E-12 6.0844E-12 6.2913E-12 6.5033E-12 6.7204E-12 6.9428E-12 7.1703E-12 7.4030E-12 8.3960E-12 1.0935E-11 1.2926E-11 1.5566E-11 2.0022E-11 2.4291E-11 2.6388E-11 2.7624E-11 2.8675E-11 2.9808E-11 3.3774E-11 3.8240E-11 4.1248E-11 4.4159E-11 4.7484E-11 5.1911E-11 5.8652E-11 6.5153E-11 6.9689E-11 7.6643E-11 9.4127E-11 1.0683E-10 1.1642E-10 1.3108E-10 1.5182E-10 1.7765E-10 1.9347E-10 2.0859E-10 2.2331E-10 2.3975E-10 2.5573E-10 2.7342E-10 2.9059E-10 3.0947E-10 3.2775E-10 3.4771E-10 3.6820E-10 3.8928E-10 4.1094E-10 4.3318E-10 4.5640E-10 4.8016E-10 5.0359E-10 5.2750E-10 5.5239E-10 5.7664E-10
5.1099E-12 5.2900E-12 5.4748E-12 5.6644E-12 5.8588E-12 6.0580E-12 6.2622E-12 6.4712E-12 6.6853E-12 6.9044E-12 7.1285E-12 7.3577E-12 7.9690E-12 1.0486E-11 1.2459E-11 1.5326E-11 1.9614E-11 2.3513E-11 2.6260E-11 2.7546E-11 2.8660E-11 3.0077E-11 3.4153E-11 3.9066E-11 4.2169E-11 4.5114E-11 4.8452E-11 5.1643E-11 5.8295E-11 6.5451E-11 7.4099E-11 8.8748E-11 1.0336E-10 1.1286E-10 1.2628E-10 1.4267E-10 1.6951E-10 1.8721E-10 2.0154E-10 2.1601E-10 2.3187E-10 2.4730E-10 2.6437E-10 2.8096E-10 2.9918E-10 3.1684E-10 3.3612E-10 3.5515E-10 3.7549E-10 3.9679E-10 4.1867E-10 4.4110E-10 4.6363E-10 4.8576E-10 5.0981E-10 5.3280E-10 5.5733E-10
4.3396E-12 5.0924E-12 5.2702E-12 5.4527E-12 5.6398E-12 5.8316E-12 6.0281E-12 6.2294E-12 6.4355E-12 6.6464E-12 6.8621E-12 7.0828E-12 7.3083E-12 7.9118E-12 9.6663E-12 1.1986E-11 1.4597E-11 1.9501E-11 2.3185E-11 2.5613E-11 2.7626E-11 2.9140E-11 3.0827E-11 3.5012E-11 3.9982E-11 4.2824E-11 4.6069E-11 4.9146E-11 5.2347E-11 6.2379E-11 7.1634E-11 8.1158E-11 1.0000E-10 1.0940E-10 1.2193E-10 1.3537E-10 1.6166E-10 1.8115E-10 1.9422E-10 2.0895E-10 2.2399E-10 2.3915E-10 2.5563E-10 2.7165E-10 2.8924E-10 3.0630E-10 3.2491E-10 3.4293E-10 3.6295E-10 3.8353E-10 4.0466E-10 4.2591E-10 4.4725E-10 4.6949E-10 4.9273E-10 5.1444E-10 5.3868E-10
2.4296E-12 4.3228E-12 5.0718E-12 5.2474E-12 5.4275E-12 5.6120E-12 5.8011E-12 5.9948E-12 6.1931E-12 6.3961E-12 6.6037E-12 6.8161E-12 7.0331E-12 7.2549E-12 7.4815E-12 8.8453E-12 1.1414E-11 1.3850E-11 1.7807E-11 2.1750E-11 2.6712E-11 2.8259E-11 2.9933E-11 3.1717E-11 3.5927E-11 4.0903E-11 4.3770E-11 4.6742E-11 5.0177E-11 5.8141E-11 6.9020E-11 7.6028E-11 9.5161E-11 1.0536E-10 1.1610E-10 1.2957E-10 1.5496E-10 1.7529E-10 1.8791E-10 2.0212E-10 2.1589E-10 2.3127E-10 2.4641E-10 2.6264E-10 2.7911E-10 2.9611E-10 3.1329E-10 3.3150E-10 3.5083E-10 3.7071E-10 3.9073E-10 4.1085E-10 4.3187E-10 4.5377E-10 4.7623E-10 4.9724E-10 5.2067E-10
0.0000E+00 1.5257E-12 4.0070E-12 5.0483E-12 5.2215E-12 5.3991E-12 5.5810E-12 5.7674E-12 5.9581E-12 6.1534E-12 6.3531E-12 6.5574E-12 6.7662E-12 6.9796E-12 7.1976E-12 7.4201E-12 9.1780E-12 1.1303E-11 1.3527E-11 1.7417E-11 2.4924E-11 2.7407E-11 2.9072E-11 3.0814E-11 3.2633E-11 3.5702E-11 4.0398E-11 4.4430E-11 4.8308E-11 5.4744E-11 6.6271E-11 7.3042E-11 8.7794E-11 1.0100E-10 1.1129E-10 1.2321E-10 1.4587E-10 1.6776E-10 1.8180E-10 1.9551E-10 2.0881E-10 2.2365E-10 2.3802E-10 2.5395E-10 2.6933E-10 2.8627E-10 3.0260E-10 3.2046E-10 3.3877E-10 3.5721E-10 3.7653E-10 3.9673E-10 4.1743E-10 4.3859E-10 4.5940E-10 4.8063E-10 5.0275E-10
0.0000E+00 0.0000E+00 1.5175E-12 3.6922E-12 4.7277E-12 5.1927E-12 5.3676E-12 5.5468E-12 5.7303E-12 5.9181E-12 6.1102E-12 6.3067E-12 6.5075E-12 6.7128E-12 6.9224E-12 7.1364E-12 8.4807E-12 1.0074E-11 1.1634E-11 1.4076E-11 2.0904E-11 2.5665E-11 2.8235E-11 2.9939E-11 3.1709E-11 3.3562E-11 3.6644E-11 4.1402E-11 4.6768E-11 5.1487E-11 6.3371E-11 7.0825E-11 8.1614E-11 9.7934E-11 1.0667E-10 1.1915E-10 1.3585E-10 1.5981E-10 1.7590E-10 1.8864E-10 2.0197E-10 2.1629E-10 2.3017E-10 2.4554E-10 2.6041E-10 2.7676E-10 2.9255E-10 3.0980E-10 3.2642E-10 3.4494E-10 3.6396E-10 3.8348E-10 4.0348E-10 4.2353E-10 4.4317E-10 4.6458E-10 4.8496E-10
0.0000E+00 0.0000E+00 0.0000E+00 1.5085E-12 3.6711E-12 4.6999E-12 5.1609E-12 5.3332E-12 5.5096E-12 5.6902E-12 5.8749E-12 6.0638E-12 6.2569E-12 6.4542E-12 6.6558E-12 6.8615E-12 7.6971E-12 9.1056E-12 1.0733E-11 1.2958E-11 1.7549E-11 2.1561E-11 2.5538E-11 2.9088E-11 3.0820E-11 3.2621E-11 3.4500E-11 3.8918E-11 4.5271E-11 4.9866E-11 6.0674E-11 6.8236E-11 7.4981E-11 9.4740E-11 1.0339E-10 1.1544E-10 1.2823E-10 1.5284E-10 1.7019E-10 1.8202E-10 1.9535E-10 2.0845E-10 2.2258E-10 2.3717E-10 2.5178E-10 2.6757E-10 2.8283E-10 2.9923E-10 3.1556E-10 3.3345E-10 3.5183E-10 3.7069E-10 3.8962E-10 4.0820E-10 4.2839E-10 4.4907E-10 4.6831E-10
0.0000E+00 0.0000E+00 0.0000E+00 0.0000E+00 6.0563E-13 2.7533E-12 4.6694E-12 5.1262E-12 5.2958E-12 5.4693E-12 5.6469E-12 5.8285E-12 6.0141E-12 6.2037E-12 6.3975E-12 6.5953E-12 6.7972E-12 8.5267E-12 1.0385E-11 1.2255E-11 1.6170E-11 2.0676E-11 2.2516E-11 2.6269E-11 2.9955E-11 3.1712E-11 3.3598E-11 3.6796E-11 4.3816E-11 4.8020E-11 5.6810E-11 6.5520E-11 7.1598E-11 8.6418E-11 9.8898E-11 1.1068E-10 1.2172E-10 1.4579E-10 1.6467E-10 1.7609E-10 1.8896E-10 2.0138E-10 2.1525E-10 2.2862E-10 2.4345E-10 2.5772E-10 2.7344E-10 2.8854E-10 3.0508E-10 3.2236E-10 3.3975E-10 3.5760E-10 3.7551E-10 3.9460E-10 4.1411E-10 4.3410E-10 4.5272E-10
0.0000E+00 0.0000E+00 0.0000E+00 0.0000E+00 0.0000E+00 6.0116E-13 2.4403E-12 4.3422E-12 5.0887E-12 5.2555E-12 5.4261E-12 5.6006E-12 5.7789E-12 5.9612E-12 6.1473E-12 6.3374E-12 6.5314E-12 8.2129E-12 9.9769E-12 1.1704E-11 1.4626E-11 2.0160E-11 2.1838E-11 2.3485E-11 2.6303E-11 2.9994E-11 3.2743E-11 3.4745E-11 4.2397E-11 4.6492E-11 5.2902E-11 6.2897E-11 6.9629E-11 8.1338E-11 9.5020E-11 1.0415E-10 1.1573E-10 1.3785E-10 1.5686E-10 1.7036E-10 1.8278E-10 1.9477E-10 2.0816E-10 2.2108E-10 2.3540E-10 2.4919E-10 2.6438E-10 2.7897E-10 2.9495E-10 3.1062E-10 3.2741E-10 3.4499E-10 3.6301E-10 3.8146E-10 4.0032E-10 4.1839E-10 4.3767E-10
0.0000E+00 0.0000E+00 0.0000E+00 0.0000E+00 0.0000E+00 0.0000E+00 0.0000E+00 2.4213E-12 4.3087E-12 5.0485E-12 5.2124E-12 5.3800E-12 5.5514E-12 5.7264E-12 5.9053E-12 6.0878E-12 6.2742E-12 7.8301E-12 9.2478E-12 1.0928E-11 1.3361E-11 1.8741E-11 2.1062E-11 2.2778E-11 2.4698E-11 2.8393E-11 3.1910E-11 3.3860E-11 4.1018E-11 4.5002E-11 4.9478E-11 6.1203E-11 6.7079E-11 7.3766E-11 9.0907E-11 9.9213E-11 1.1164E-10 1.2664E-10 1.4981E-10 1.6483E-10 1.7590E-10 1.8839E-10 2.0109E-10 2.1380E-10 2.2762E-10 2.4095E-10 2.5562E-10 2.6973E-10 2.8516E-10 2.9999E-10 3.1654E-10 3.3353E-10 3.5095E-10 3.6878E-10 3.8586E-10 4.0408E-10 4.2313E-10
0.0000E+00 0.0000E+00 0.0000E+00 0.0000E+00 0.0000E+00 0.0000E+00 0.0000E+00 0.0000E+00 1.5119E-12 3.6825E-12 5.0056E-12 5.1666E-12 5.3311E-12 5.4993E-12 5.6710E-12 5.8463E-12 6.0253E-12 7.0084E-12 8.4060E-12 1.0177E-11 1.2553E-11 1.7028E-11 2.0421E-11 2.2205E-11 2.4075E-11 2.6032E-11 3.1097E-11 3.2996E-11 3.8324E-11 4.3287E-11 4.7621E-11 5.8252E-11 6.4198E-11 7.0023E-11 8.1556E-11 9.3614E-11 1.0677E-10 1.1892E-10 1.4292E-10 1.5947E-10 1.7017E-10 1.8223E-10 1.9381E-10 2.0676E-10 2.1919E-10 2.3299E-10 2.4621E-10 2.6080E-10 2.7475E-10 2.9006E-10 3.0605E-10 3.2246E-10 3.3930E-10 3.5545E-10 3.7269E-10 3.9067E-10 4.0909E-10
0.0000E+00 0.0000E+00 0.0000E+00 0.0000E+00 0.0000E+00 0.0000E+00 0.0000E+00 0.0000E+00 0.0000E+00 6.0465E-13 3.6494E-12 4.6674E-12 5.1181E-12 5.2795E-12 5.4444E-12 5.6127E-12 5.8124E-12 6.1251E-12 7.9607E-12 9.9287E-12 1.1790E-11 1.5585E-11 1.9908E-11 2.1646E-11 2.3353E-11 2.5144E-11 3.0304E-11 3.2153E-11 3.5171E-11 4.1885E-11 4.6103E-11 5.4769E-11 6.2038E-11 6.8089E-11 7.7071E-11 8.8717E-11 9.8911E-11 1.1026E-10 1.3470E-10 1.5238E-10 1.6280E-10 1.7561E-10 1.8746E-10 1.9996E-10 2.1197E-10 2.2530E-10 2.3808E-10 2.5218E-10 2.6567E-10 2.8046E-10 2.9559E-10 3.1044E-10 3.2668E-10 3.4332E-10 3.6034E-10 3.7773E-10 3.9513E-10
0.0000E+00 0.0000E+00 0.0000E+00 0.0000E+00 0.0000E+00 0.0000E+00 0.0000E+00 0.0000E+00 0.0000E+00 0.0000E+00 5.9857E-13 2.4320E-12 4.3278E-12 5.0671E-12 5.2253E-12 5.3869E-12 5.6372E-12 5.9574E-12 7.7692E-12 9.5807E-12 1.1284E-11 1.4090E-11 1.9408E-11 2.0989E-11 2.2650E-11 2.4393E-11 2.9530E-11 3.1331E-11 3.3194E-11 4.0784E-11 4.4374E-11 5.0731E-11 5.9953E-11 6.6206E-11 7.1782E-11 8.2874E-11 9.1962E-11 1.0353E-10 1.2256E-10 1.4293E-10 1.5693E-10 1.6711E-10 1.7931E-10 1.9267E-10 2.0500E-10 2.1788E-10 2.3023E-10 2.4385E-10 2.5690E-10 2.7119E-10 2.8487E-10 3.0018E-10 3.1588E-10 3.3196E-10 3.4842E-10 3.6522E-10 3.8088E-10
0.0000E+00 0.0000E+00 0.0000E+00 0.0000E+00 0.0000E+00 0.0000E+00 0.0000E+00 0.0000E+00 0.0000E+00 0.0000E+00 0.0000E+00 0.0000E+00 1.5139E-12 4.2828E-12 5.0135E-12 5.1960E-12 5.4823E-12 5.8158E-12 7.5822E-12 8.9007E-12 1.0536E-11 1.2866E-11 1.8143E-11 2.0350E-11 2.1854E-11 2.3662E-11 2.7186E-11 3.0530E-11 3.2344E-11 3.9189E-11 4.2941E-11 4.6870E-11 5.8329E-11 6.3378E-11 6.9571E-11 7.6371E-11 8.5673E-11 9.6976E-11 1.1079E-10 1.3414E-10 1.4845E-10 1.5868E-10 1.7215E-10 1.8341E-10 1.9607E-10 2.0747E-10 2.2181E-10 2.3558E-10 2.4842E-10 2.6131E-10 2.7547E-10 2.9027E-10 3.0545E-10 3.2099E-10 3.3655E-10 3.5174E-10 3.6832E-10
0.0000E+00 0.0000E+00 0.0000E+00 0.0000E+00 0.0000E+00 0.0000E+00 0.0000E+00 0.0000E+00 0.0000E+00 0.0000E+00 0.0000E+00 0.0000E+00 0.0000E+00 6.0362E-13 3.6490E-12 4.7452E-12 5.3315E-12 5.6791E-12 6.7269E-12 8.1119E-12 9.8094E-12 1.2084E-11 1.6379E-11 1.9620E-11 2.1302E-11 2.3062E-11 2.4905E-11 2.9748E-11 3.1515E-11 3.6589E-11 4.1550E-11 4.5622E-11 5.5493E-11 6.1054E-11 6.6448E-11 7.2659E-11 8.0367E-11 9.2096E-11 1.0201E-10 1.2478E-10 1.4047E-10 1.5213E-10 1.6257E-10 1.7318E-10 1.8658E-10 1.9991E-10 2.1212E-10 2.2464E-10 2.3758E-10 2.5176E-10 2.6640E-10 2.8070E-10 2.9408E-10 3.0909E-10 3.2445E-10 3.4015E-10 3.5618E-10
0.0000E+00 0.0000E+00 0.0000E+00 0.0000E+00 0.0000E+00 0.0000E+00 0.0000E+00 0.0000E+00 0.0000E+00 0.0000E+00 0.0000E+00 0.0000E+00 0.0000E+00 0.0000E+00 1.2001E-12 3.7531E-12 5.2055E-12 5.5454E-12 5.8988E-12 7.6839E-12 9.5686E-12 1.1347E-11 1.4986E-11 1.9125E-11 2.0763E-11 2.2478E-11 2.4161E-11 2.8986E-11 3.0707E-11 3.4599E-11 3.9948E-11 4.3916E-11 5.2150E-11 5.8611E-11 6.4605E-11 6.9720E-11 7.6648E-11 8.4328E-11 9.2746E-11 1.1535E-10 1.3272E-10 1.4240E-10 1.5254E-10 1.6603E-10 1.7720E-10 1.8849E-10 2.0087E-10 2.1377E-10 2.2867E-10 2.4052E-10 2.5457E-10 2.6702E-10 2.8303E-10 2.9892E-10 3.1377E-10 3.2896E-10 3.4446E-10
0.0000E+00 0.0000E+00 0.0000E+00 0.0000E+00 0.0000E+00 0.0000E+00 0.0000E+00 0.0000E+00 0.0000E+00 0.0000E+00 0.0000E+00 0.0000E+00 0.0000E+00 0.0000E+00 0.0000E+00 3.3723E-12 4.7940E-12 5.4148E-12 5.7595E-12 7.4980E-12 9.2314E-12 1.0858E-11 1.3542E-11 1.8642E-11 2.0237E-11 2.1691E-11 2.3327E-11 2.8242E-11 2.9919E-11 3.1652E-11 3.8893E-11 4.2260E-11 4.7997E-11 5.7017E-11 6.1842E-11 6.7358E-11 7.2379E-11 7.8270E-11 8.8473E-11 1.0373E-10 1.2288E-10 1.3361E-10 1.4563E-10 1.5509E-10 1.6526E-10 1.7794E-10 1.9154E-10 2.0302E-10 2.1542E-10 2.2803E-10 2.4175E-10 2.5700E-10 2.7044E-10 2.8499E-10 2.9911E-10 3.1473E-10 3.3058E-10
0.0000E+00 0.0000E+00 0.0000E+00 0.0000E+00 0.0000E+00 0.0000E+00 0.0000E+00 0.0000E+00 0.0000E+00 0.0000E+00 0.0000E+00 0.0000E+00 0.0000E+00 0.0000E+00 0.0000E+00 2.7122E-12 4.1071E-12 5.2870E-12 5.6234E-12 7.2166E-12 8.5743E-12 1.0135E-11 1.2361E-11 1.7421E-11 1.9514E-11 2.0925E-11 2.2625E-11 2.5978E-11 2.9151E-11 3.0838E-11 3.7361E-11 4.1136E-11 4.4572E-11 5.5466E-11 5.9576E-11 6.4521E-11 7.0120E-11 7.5388E-11 8.4577E-11 9.3592E-11 1.1423E-10 1.2760E-10 1.3620E-10 1.4583E-10 1.5808E-10 1.6821E-10 1.7860E-10 1.9065E-10 2.0298E-10 2.1797E-10 2.2887E-10 2.4209E-10 2.5557E-10 2.7062E-10 2.8663E-10 3.0053E-10 3.1471E-10
0.0000E+00 0.0000E+00 0.0000E+00 0.0000E+00 0.0000E+00 0.0000E+00 0.0000E+00 0.0000E+00 0.0000E+00 0.0000E+00 0.0000E+00 0.0000E+00 0.0000E+00 0.0000E+00 0.0000E+00 2.3605E-12 3.7259E-12 5.1622E-12 5.4904E-12 6.3915E-12 7.5849E-12 9.4342E-12 1.1607E-11 1.5405E-11 1.8810E-11 2.0394E-11 2.2050E-11 2.3781E-11 2.8402E-11 3.0046E-11 3.5875E-11 3.9556E-11 4.3381E-11 5.2751E-11 5.7194E-11 6.2535E-11 6.6979E-11 7.2264E-11 8.0579E-11 8.7970E-11 1.0853E-10 1.2091E-10 1.2931E-10 1.3901E-10 1.4753E-10 1.5712E-10 1.6852E-10 1.8140E-10 1.9149E-10 2.0266E-10 2.1517E-10 2.2805E-10 2.4367E-10 2.5620E-10 2.6976E-10 2.8285E-10 2.9820E-10
0.0000E+00 0.0000E+00 0.0000E+00 0.0000E+00 0.0000E+00 0.0000E+00 0.0000E+00 0.0000E+00 0.0000E+00 0.0000E+00 0.0000E+00 0.0000E+00 0.0000E+00 0.0000E+00 0.0000E+00 1.1632E-12 3.6378E-12 5.0402E-12 5.3604E-12 5.6928E-12 7.4007E-12 9.2015E-12 1.0897E-11 1.4380E-11 1.8334E-11 1.9876E-11 2.1489E-11 2.3068E-11 2.7672E-11 2.9273E-11 3.2952E-11 3.8024E-11 4.1750E-11 4.9554E-11 5.5634E-11 5.9666E-11 6.5111E-11 6.9628E-11 7.5088E-11 8.3204E-11 9.9588E-11 1.1589E-10 1.2400E-10 1.3154E-10 1.4039E-10 1.4948E-10 1.5922E-10 1.6896E-10 1.7968E-10 1.9125E-10 2.0476E-10 2.1483E-10 2.2649E-10 2.3855E-10 2.5365E-10 2.6965E-10 2.8362E-10
0.0000E+00 0.0000E+00 0.0000E+00 0.0000E+00 0.0000E+00 0.0000E+00 0.0000E+00 0.0000E+00 0.0000E+00 0.0000E+00 0.0000E+00 0.0000E+00 0.0000E+00 0.0000E+00 0.0000E+00 0.0000E+00 3.2674E-12 4.6399E-12 5.2334E-12 5.5578E-12 7.2208E-12 8.8761E-12 1.0426E-11 1.2686E-11 1.7869E-11 1.9371E-11 2.0733E-11 2.2160E-11 2.6960E-11 2.8520E-11 3.0129E-11 3.7016E-11 4.0169E-11 4.5300E-11 5.4117E-11 5.7846E-11 6.2148E-11 6.7239E-11 7.2262E-11 8.0562E-11 9.0450E-11 1.0875E-10 1.1887E-10 1.2613E-10 1.3424E-10 1.4236E-10 1.5048E-10 1.5981E-10 1.7091E-10 1.8011E-10 1.9011E-10 2.0160E-10 2.1319E-10 2.2764E-10 2.3903E-10 2.4971E-10 2.6227E-10
0.0000E+00 0.0000E+00 0.0000E+00 0.0000E+00 0.0000E+00 0.0000E+00 0.0000E+00 0.0000E+00 0.0000E+00 0.0000E+00 0.0000E+00 0.0000E+00 0.0000E+00 0.0000E+00 0.0000E+00 0.0000E+00 2.6269E-12 3.9733E-12 5.1093E-12 5.4258E-12 6.9490E-12 7.9228E-12 9.5079E-12 1.1852E-11 1.5965E-11 1.8573E-11 1.9998E-11 2.1596E-11 2.4780E-11 2.7786E-11 2.9354E-11 3.5551E-11 3.9098E-11 4.2309E-11 5.2640E-11 5.5716E-11 5.9854E-11 6.4621E-11 6.9772E-11 7.7760E-11 8.5260E-11 1.0443E-10 1.1467E-10 1.2170E-10 1.2866E-10 1.3646E-10 1.4484E-10 1.5290E-10 1.6107E-10 1.7026E-10 1.8006E-10 1.9141E-10 2.0067E-10 2.1129E-10 2.2196E-10 2.3360E-10 2.4796E-10
0.0000E+00 0.0000E+00 0.0000E+00 0.0000E+00 0.0000E+00 0.0000E+00 0.0000E+00 0.0000E+00 0.0000E+00 0.0000E+00 0.0000E+00 0.0000E+00 0.0000E+00 0.0000E+00 0.0000E+00 0.0000E+00 2.2863E-12 3.6038E-12 4.9880E-12 5.2968E-12 5.8387E-12 7.2917E-12 9.0556E-12 1.0911E-11 1.4657E-11 1.8001E-11 1.9490E-11 2.1045E-11 2.2670E-11 2.7070E-11 2.8598E-11 3.4132E-11 3.7353E-11 4.1175E-11 4.9466E-11 5.4195E-11 5.8206E-11 6.2223E-11 6.6429E-11 7.2950E-11 7.9725E-11 9.7781E-11 1.1117E-10 1.1768E-10 1.2440E-10 1.3131E-10 1.3878E-10 1.4647E-10 1.5434E-10 1.6318E-10 1.7191E-10 1.8037E-10 1.9080E-10 1.9979E-10 2.1205E-10 2.2178E-10 2.3133E-10
