Assets/Resources/2015_m01_d20_0700(utc+0800)_l00_csi_1hr_conc.grd
DSAA
         159         159
     -79.000      79.000
     -79.000      79.000
  0.0000E+00  0.5653E-05
[rows 0 to 24 of 159, columns 57 to 113 of 159]
3.2308E-09 3.2742E-09 3.3158E-09 3.3545E-09 3.3907E-09 3.4256E-09 3.4566E-09 3.4857E-09 3.5134E-09 3.5374E-09 3.5603E-09 3.5810E-09 3.5990E-09 3.6155E-09 3.6293E-09 3.6417E-09 3.6521E-09 3.6594E-09 3.6667E-09 3.6711E-09 3.6736E-09 3.6752E-09 3.6745E-09 3.6750E-09 3.6720E-09 3.6689E-09 3.6647E-09 3.6571E-09 3.6507E-09 3.6433E-09 3.6326E-09 3.6268E-09 3.6167E-09 3.6079E-09 3.5988E-09 3.5855E-09 3.5733E-09 3.5593E-09 3.5445E-09 3.5304E-09 3.5139E-09 3.4973E-09 3.4815E-09 3.4633E-09 3.4450E-09 3.4274E-09 3.4075E-09 3.3870E-09 3.3684E-09 3.3470E-09 3.3249E-09 3.3035E-09 3.2817E-09 3.2582E-09 3.2340E-09 3.2136E-09 3.1889E-09
3.2838E-09 3.3280E-09 3.3699E-09 3.4083E-09 3.4453E-09 3.4799E-09 3.5110E-09 3.5412E-09 3.5681E-09 3.5926E-09 3.6156E-09 3.6357E-09 3.6542E-09 3.6706E-09 3.6843E-09 3.6966E-09 3.7064E-09 3.7141E-09 3.7213E-09 3.7248E-09 3.7278E-09 3.7291E-09 3.7287E-09 3.7291E-09 3.7260E-09 3.7229E-09 3.7174E-09 3.7107E-09 3.7042E-09 3.6956E-09 3.6886E-09 3.6811E-09 3.6710E-09 3.6625E-09 3.6517E-09 3.6396E-09 3.6268E-09 3.6121E-09 3.5986E-09 3.5834E-09 3.5668E-09 3.5515E-09 3.5344E-09 3.5161E-09 3.4990E-09 3.4802E-09 3.4602E-09 3.4408E-09 3.4210E-09 3.3993E-09 3.3776E-09 3.3569E-09 3.3336E-09 3.3098E-09 3.2896E-09 3.2650E-09 3.2400E-09
3.3366E-09 3.3817E-09 3.4229E-09 3.4621E-09 3.4993E-09 3.5336E-09 3.5653E-09 3.5956E-09 3.6221E-09 3.6473E-09 3.6703E-09 3.6904E-09 3.7089E-09 3.7247E-09 3.7389E-09 3.7511E-09 3.7601E-09 3.7690E-09 3.7748E-09 3.7787E-09 3.7815E-09 3.7820E-09 3.7837E-09 3.7819E-09 3.7798E-09 3.7766E-09 3.7698E-09 3.7642E-09 3.7578E-09 3.7497E-09 3.7428E-09 3.7336E-09 3.7256E-09 3.7174E-09 3.7053E-09 3.6933E-09 3.6799E-09 3.6659E-09 3.6525E-09 3.6366E-09 3.6213E-09 3.6055E-09 3.5878E-09 3.5706E-09 3.5530E-09 3.5336E-09 3.5140E-09 3.4953E-09 3.4741E-09 3.4523E-09 3.4325E-09 3.4097E-09 3.3862E-09 3.3642E-09 3.3420E-09 3.3172E-09 3.2917E-09
3.3897E-09 3.4337E-09 3.4752E-09 3.5156E-09 3.5526E-09 3.5865E-09 3.6190E-09 3.6489E-09 3.6760E-09 3.7014E-09 3.7238E-09 3.7445E-09 3.7631E-09 3.7788E-09 3.7930E-09 3.8045E-09 3.8140E-09 3.8228E-09 3.8278E-09 3.8322E-09 3.8349E-09 3.8369E-09 3.8374E-09 3.8355E-09 3.8334E-09 3.8289E-09 3.8232E-09 3.8177E-09 3.8099E-09 3.8038E-09 3.7972E-09 3.7880E-09 3.7804E-09 3.7705E-09 3.7592E-09 3.7472E-09 3.7333E-09 3.7206E-09 3.7061E-09 3.6909E-09 3.6763E-09 3.6593E-09 3.6415E-09 3.6258E-09 3.6070E-09 3.5874E-09 3.5692E-09 3.5493E-09 3.5279E-09 3.5073E-09 3.4862E-09 3.4632E-09 3.4405E-09 3.4197E-09 3.3952E-09 3.3700E-09 3.3479E-09
3.4406E-09 3.4849E-09 3.5281E-09 3.5679E-09 3.6046E-09 3.6392E-09 3.6724E-09 3.7015E-09 3.7293E-09 3.7547E-09 3.7772E-09 3.7980E-09 3.8159E-09 3.8322E-09 3.8464E-09 3.8572E-09 3.8673E-09 3.8754E-09 3.8809E-09 3.8852E-09 3.8871E-09 3.8902E-09 3.8896E-09 3.8888E-09 3.8867E-09 3.8809E-09 3.8764E-09 3.8710E-09 3.8639E-09 3.8580E-09 3.8497E-09 3.8427E-09 3.8355E-09 3.8243E-09 3.8132E-09 3.8007E-09 3.7882E-09 3.7751E-09 3.7600E-09 3.7455E-09 3.7305E-09 3.7135E-09 3.6972E-09 3.6803E-09 3.6615E-09 3.6432E-09 3.6245E-09 3.6038E-09 3.5830E-09 3.5632E-09 3.5406E-09 3.5174E-09 3.4969E-09 3.4739E-09 3.4491E-09 3.4249E-09 3.4029E-09
3.4906E-09 3.5362E-09 3.5794E-09 3.6189E-09 3.6558E-09 3.6922E-09 3.7240E-09 3.7538E-09 3.7818E-09 3.8068E-09 3.8299E-09 3.8508E-09 3.8687E-09 3.8851E-09 3.8986E-09 3.9100E-09 3.9207E-09 3.9274E-09 3.9335E-09 3.9377E-09 3.9412E-09 3.9431E-09 3.9425E-09 3.9418E-09 3.9385E-09 3.9339E-09 3.9295E-09 3.9228E-09 3.9178E-09 3.9123E-09 3.9041E-09 3.8976E-09 3.8887E-09 3.8784E-09 3.8674E-09 3.8551E-09 3.8428E-09 3.8292E-09 3.8149E-09 3.8013E-09 3.7852E-09 3.7689E-09 3.7534E-09 3.7353E-09 3.7165E-09 3.6998E-09 3.6798E-09 3.6590E-09 3.6397E-09 3.6184E-09 3.5957E-09 3.5746E-09 3.5532E-09 3.5289E-09 3.5039E-09 3.4834E-09 3.4577E-09
3.5411E-09 3.5867E-09 3.6292E-09 3.6690E-09 3.7082E-09 3.7428E-09 3.7747E-09 3.8060E-09 3.8336E-09 3.8586E-09 3.8825E-09 3.9022E-09 3.9208E-09 3.9372E-09 3.9501E-09 3.9621E-09 3.9721E-09 3.9794E-09 3.9855E-09 3.9890E-09 3.9937E-09 3.9945E-09 3.9951E-09 3.9944E-09 3.9899E-09 3.9866E-09 3.9823E-09 3.9764E-09 3.9717E-09 3.9645E-09 3.9587E-09 3.9527E-09 3.9426E-09 3.9326E-09 3.9211E-09 3.9097E-09 3.8977E-09 3.8836E-09 3.8709E-09 3.8563E-09 3.8402E-09 3.8255E-09 3.8089E-09 3.7909E-09 3.7736E-09 3.7557E-09 3.7356E-09 3.7163E-09 3.6964E-09 3.6744E-09 3.6527E-09 3.6330E-09 3.6092E-09 3.5847E-09 3.5634E-09 3.5393E-09 3.5133E-09
3.5899E-09 3.6353E-09 3.6780E-09 3.7196E-09 3.7576E-09 3.7924E-09 3.8264E-09 3.8567E-09 3.8838E-09 3.9109E-09 3.9330E-09 3.9527E-09 3.9728E-09 3.9879E-09 4.0015E-09 4.0142E-09 4.0229E-09 4.0308E-09 4.0369E-09 4.0409E-09 4.0456E-09 4.0465E-09 4.0473E-09 4.0454E-09 4.0421E-09 4.0391E-09 4.0336E-09 4.0299E-09 4.0256E-09 4.0187E-09 4.0134E-09 4.0057E-09 3.9966E-09 3.9869E-09 3.9757E-09 3.9646E-09 3.9522E-09 3.9390E-09 3.9267E-09 3.9116E-09 3.8964E-09 3.8820E-09 3.8649E-09 3.8477E-09 3.8314E-09 3.8122E-09 3.7929E-09 3.7745E-09 3.7532E-09 3.7311E-09 3.7119E-09 3.6899E-09 3.6660E-09 3.6427E-09 3.6216E-09 3.5961E-09 3.5698E-09
3.6369E-09 3.6827E-09 3.7279E-09 3.7683E-09 3.8060E-09 3.8423E-09 3.8761E-09 3.9059E-09 3.9343E-09 3.9604E-09 3.9826E-09 4.0044E-09 4.0226E-09 4.0378E-09 4.0534E-09 4.0642E-09 4.0735E-09 4.0822E-09 4.0869E-09 4.0922E-09 4.0959E-09 4.0981E-09 4.0990E-09 4.0959E-09 4.0941E-09 4.0912E-09 4.0866E-09 4.0833E-09 4.0773E-09 4.0730E-09 4.0683E-09 4.0595E-09 4.0507E-09 4.0406E-09 4.0305E-09 4.0198E-09 4.0069E-09 3.9955E-09 3.9821E-09 3.9672E-09 3.9539E-09 3.9384E-09 3.9215E-09 3.9060E-09 3.8884E-09 3.8693E-09 3.8510E-09 3.8320E-09 3.8107E-09 3.7910E-09 3.7709E-09 3.7478E-09 3.7237E-09 3.7045E-09 3.6795E-09 3.6538E-09 3.6303E-09
3.6834E-09 3.7312E-09 3.7747E-09 3.8154E-09 3.8553E-09 3.8914E-09 3.9240E-09 3.9560E-09 3.9841E-09 4.0090E-09 4.0333E-09 4.0540E-09 4.0716E-09 4.0896E-09 4.1026E-09 4.1134E-09 4.1248E-09 4.1315E-09 4.1386E-09 4.1441E-09 4.1467E-09 4.1505E-09 4.1489E-09 4.1472E-09 4.1470E-09 4.1416E-09 4.1394E-09 4.1366E-09 4.1311E-09 4.1273E-09 4.1210E-09 4.1133E-09 4.1049E-09 4.0952E-09 4.0855E-09 4.0744E-09 4.0634E-09 4.0517E-09 4.0380E-09 4.0249E-09 4.0112E-09 3.9953E-09 3.9801E-09 3.9642E-09 3.9461E-09 3.9280E-09 3.9106E-09 3.8903E-09 3.8690E-09 3.8521E-09 3.8297E-09 3.8064E-09 3.7851E-09 3.7635E-09 3.7384E-09 3.7124E-09 3.6924E-09
3.7298E-09 3.7764E-09 3.8202E-09 3.8639E-09 3.9023E-09 3.9380E-09 3.9735E-09 4.0039E-09 4.0315E-09 4.0592E-09 4.0819E-09 4.1019E-09 4.1217E-09 4.1378E-09 4.1509E-09 4.1646E-09 4.1734E-09 4.1824E-09 4.1899E-09 4.1930E-09 4.1997E-09 4.1998E-09 4.1983E-09 4.2009E-09 4.1969E-09 4.1937E-09 4.1942E-09 4.1876E-09 4.1847E-09 4.1817E-09 4.1743E-09 4.1671E-09 4.1585E-09 4.1499E-09 4.1407E-09 4.1293E-09 4.1195E-09 4.1076E-09 4.0949E-09 4.0823E-09 4.0683E-09 4.0527E-09 4.0386E-09 4.0224E-09 4.0045E-09 3.9882E-09 3.9696E-09 3.9493E-09 3.9307E-09 3.9117E-09 3.8893E-09 3.8674E-09 3.8478E-09 3.8234E-09 3.7982E-09 3.7771E-09 3.7525E-09
3.7734E-09 3.8204E-09 3.8672E-09 3.9088E-09 3.9475E-09 3.9861E-09 4.0194E-09 4.0499E-09 4.0805E-09 4.1059E-09 4.1286E-09 4.1517E-09 4.1696E-09 4.1851E-09 4.2011E-09 4.2121E-09 4.2234E-09 4.2329E-09 4.2392E-09 4.2465E-09 4.2483E-09 4.2485E-09 4.2527E-09 4.2502E-09 4.2462E-09 4.2501E-09 4.2447E-09 4.2428E-09 4.2408E-09 4.2338E-09 4.2277E-09 4.2210E-09 4.2128E-09 4.2048E-09 4.1953E-09 4.1860E-09 4.1760E-09 4.1638E-09 4.1523E-09 4.1403E-09 4.1259E-09 4.1122E-09 4.0979E-09 4.0812E-09 4.0652E-09 4.0484E-09 4.0293E-09 4.0104E-09 3.9935E-09 3.9722E-09 3.9498E-09 3.9310E-09 3.9088E-09 3.8844E-09 3.8623E-09 3.8400E-09 3.8138E-09
3.8156E-09 3.8657E-09 3.9105E-09 3.9524E-09 3.9941E-09 4.0305E-09 4.0647E-09 4.0976E-09 4.1259E-09 4.1520E-09 4.1772E-09 4.1977E-09 4.2157E-09 4.2342E-09 4.2476E-09 4.2624E-09 4.2730E-09 4.2814E-09 4.2907E-09 4.2944E-09 4.2962E-09 4.3022E-09 4.3012E-09 4.3009E-09 4.3042E-09 4.3000E-09 4.2992E-09 4.2984E-09 4.2924E-09 4.2873E-09 4.2818E-09 4.2741E-09 4.2672E-09 4.2598E-09 4.2501E-09 4.2421E-09 4.2320E-09 4.2211E-09 4.2103E-09 4.1980E-09 4.1848E-09 4.1717E-09 4.1570E-09 4.1406E-09 4.1259E-09 4.1087E-09 4.0897E-09 4.0739E-09 4.0548E-09 4.0335E-09 4.0142E-09 3.9944E-09 3.9708E-09 3.9463E-09 3.9280E-09 3.9025E-09 3.8761E-09
3.8592E-09 3.9072E-09 3.9523E-09 3.9973E-09 4.0369E-09 4.0742E-09 4.1102E-09 4.1415E-09 4.1706E-09 4.1986E-09 4.2219E-09 4.2425E-09 4.2637E-09 4.2796E-09 4.2981E-09 4.3098E-09 4.3217E-09 4.3320E-09 4.3376E-09 4.3427E-09 4.3492E-09 4.3500E-09 4.3512E-09 4.3562E-09 4.3535E-09 4.3562E-09 4.3543E-09 4.3494E-09 4.3453E-09 4.3409E-09 4.3343E-09 4.3279E-09 4.3225E-09 4.3142E-09 4.3067E-09 4.2986E-09 4.2884E-09 4.2788E-09 4.2687E-09 4.2561E-09 4.2443E-09 4.2318E-09 4.2168E-09 4.2025E-09 4.1874E-09 4.1697E-09 4.1537E-09 4.1371E-09 4.1170E-09 4.0973E-09 4.0798E-09 4.0574E-09 4.0339E-09 4.0130E-09 3.9917E-09 3.9661E-09 3.9396E-09
3.8987E-09 3.9472E-09 3.9955E-09 4.0383E-09 4.0782E-09 4.1181E-09 4.1525E-09 4.1846E-09 4.2156E-09 4.2418E-09 4.2653E-09 4.2892E-09 4.3078E-09 4.3289E-09 4.3430E-09 4.3586E-09 4.3700E-09 4.3778E-09 4.3850E-09 4.3934E-09 4.3961E-09 4.4012E-09 4.4058E-09 4.4046E-09 4.4089E-09 4.4084E-09 4.4047E-09 4.4016E-09 4.3982E-09 4.3928E-09 4.3867E-09 4.3834E-09 4.3764E-09 4.3687E-09 4.3620E-09 4.3547E-09 4.3458E-09 4.3370E-09 4.3268E-09 4.3156E-09 4.3045E-09 4.2917E-09 4.2780E-09 4.2643E-09 4.2489E-09 4.2315E-09 4.2174E-09 4.2000E-09 4.1800E-09 4.1622E-09 4.1438E-09 4.1214E-09 4.0998E-09 4.0811E-09 4.0566E-09 4.0309E-09 4.0042E-09
3.9367E-09 3.9884E-09 4.0346E-09 4.0778E-09 4.1210E-09 4.1586E-09 4.1933E-09 4.2281E-09 4.2573E-09 4.2837E-09 4.3105E-09 4.3319E-09 4.3557E-09 4.3724E-09 4.3906E-09 4.4044E-09 4.4146E-09 4.4240E-09 4.4347E-09 4.4393E-09 4.4463E-09 4.4528E-09 4.4533E-09 4.4616E-09 4.4604E-09 4.4579E-09 4.4569E-09 4.4538E-09 4.4494E-09 4.4445E-09 4.4423E-09 4.4367E-09 4.4303E-09 4.4249E-09 4.4191E-09 4.4109E-09 4.4036E-09 4.3956E-09 4.3853E-09 4.3756E-09 4.3652E-09 4.3523E-09 4.3400E-09 4.3269E-09 4.3111E-09 4.2970E-09 4.2822E-09 4.2637E-09 4.2456E-09 4.2299E-09 4.2088E-09 4.1865E-09 4.1689E-09 4.1471E-09 4.1226E-09 4.0968E-09 4.0700E-09
3.9759E-09 4.0255E-09 4.0722E-09 4.1187E-09 4.1596E-09 4.1976E-09 4.2356E-09 4.2680E-09 4.2976E-09 4.3273E-09 4.3516E-09 4.3783E-09 4.3978E-09 4.4186E-09 4.4350E-09 4.4478E-09 4.4583E-09 4.4725E-09 4.4793E-09 4.4906E-09 4.4968E-09 4.4992E-09 4.5093E-09 4.5098E-09 4.5090E-09 4.5101E-09 4.5076E-09 4.5042E-09 4.5003E-09 4.4994E-09 4.4948E-09 4.4899E-09 4.4850E-09 4.4815E-09 4.4748E-09 4.4682E-09 4.4618E-09 4.4539E-09 4.4451E-09 4.4363E-09 4.4258E-09 4.4143E-09 4.4028E-09 4.3894E-09 4.3755E-09 4.3621E-09 4.3465E-09 4.3283E-09 4.3139E-09 4.2957E-09 4.2748E-09 4.2565E-09 4.2377E-09 4.2143E-09 4.1897E-09 4.1640E-09 4.1393E-09
4.0108E-09 4.0609E-09 4.1109E-09 4.1553E-09 4.1967E-09 4.2380E-09 4.2737E-09 4.3065E-09 4.3394E-09 4.3667E-09 4.3963E-09 4.4188E-09 4.4423E-09 4.4615E-09 4.4769E-09 4.4900E-09 4.5067E-09 4.5159E-09 4.5294E-09 4.5378E-09 4.5422E-09 4.5541E-09 4.5564E-09 4.5574E-09 4.5602E-09 4.5591E-09 4.5571E-09 4.5551E-09 4.5544E-09 4.5511E-09 4.5473E-09 4.5446E-09 4.5417E-09 4.5366E-09 4.5307E-09 4.5266E-09 4.5204E-09 4.5125E-09 4.5054E-09 4.4974E-09 4.4869E-09 4.4770E-09 4.4663E-09 4.4527E-09 4.4408E-09 4.4282E-09 4.4117E-09 4.3956E-09 4.3819E-09 4.3626E-09 4.3438E-09 4.3261E-09 4.3059E-09 4.2827E-09 4.2581E-09 4.2323E-09 4.2127E-09
4.0440E-09 4.0974E-09 4.1453E-09 4.1902E-09 4.2350E-09 4.2741E-09 4.3102E-09 4.3464E-09 4.3769E-09 4.4096E-09 4.4351E-09 4.4579E-09 4.4836E-09 4.5018E-09 4.5176E-09 4.5369E-09 4.5487E-09 4.5582E-09 4.5752E-09 4.5818E-09 4.5957E-09 4.6000E-09 4.6028E-09 4.6074E-09 4.6081E-09 4.6076E-09 4.6070E-09 4.6075E-09 4.6053E-09 4.6026E-09 4.6020E-09 4.5997E-09 4.5960E-09 4.5917E-09 4.5884E-09 4.5847E-09 4.5785E-09 4.5723E-09 4.5670E-09 4.5584E-09 4.5495E-09 4.5405E-09 4.5296E-09 4.5181E-09 4.5071E-09 4.4938E-09 4.4777E-09 4.4657E-09 4.4495E-09 4.4304E-09 4.4141E-09 4.3972E-09 4.3754E-09 4.3522E-09 4.3277E-09 4.3069E-09 4.2856E-09
4.0781E-09 4.1296E-09 4.1780E-09 4.2263E-09 4.2689E-09 4.3085E-09 4.3480E-09 4.3819E-09 4.4178E-09 4.4465E-09 4.4724E-09 4.5010E-09 4.5222E-09 4.5408E-09 4.5628E-09 4.5772E-09 4.5895E-09 4.6088E-09 4.6178E-09 4.6338E-09 4.6402E-09 4.6451E-09 4.6516E-09 4.6541E-09 4.6554E-09 4.6556E-09 4.6583E-09 4.6573E-09 4.6558E-09 4.6571E-09 4.6553E-09 4.6530E-09 4.6503E-09 4.6495E-09 4.6466E-09 4.6422E-09 4.6369E-09 4.6335E-09 4.6276E-09 4.6197E-09 4.6127E-09 4.6047E-09 4.5936E-09 4.5845E-09 4.5744E-09 4.5602E-09 4.5482E-09 4.5353E-09 4.5180E-09 4.5014E-09 4.4859E-09 4.4676E-09 4.4460E-09 4.4230E-09 4.4010E-09 4.3809E-09 4.3577E-09
4.1079E-09 4.1599E-09 4.2117E-09 4.2579E-09 4.3011E-09 4.3441E-09 4.3815E-09 4.4195E-09 4.4526E-09 4.4818E-09 4.5135E-09 4.5377E-09 4.5593E-09 4.5841E-09 4.6014E-09 4.6164E-09 4.6382E-09 4.6498E-09 4.6661E-09 4.6768E-09 4.6839E-09 4.6924E-09 4.6969E-09 4.7001E-09 4.7021E-09 4.7065E-09 4.7070E-09 4.7067E-09 4.7093E-09 4.7086E-09 4.7077E-09 4.7063E-09 4.7081E-09 4.7060E-09 4.7034E-09 4.6999E-09 4.6983E-09 4.6944E-09 4.6886E-09 4.6826E-09 4.6775E-09 4.6686E-09 4.6599E-09 4.6517E-09 4.6411E-09 4.6275E-09 4.6181E-09 4.6044E-09 4.5876E-09 4.5737E-09 4.5591E-09 4.5391E-09 4.5178E-09 4.4983E-09 4.4799E-09 4.4611E-09 4.4362E-09
4.1357E-09 4.1905E-09 4.2410E-09 4.2877E-09 4.3343E-09 4.3752E-09 4.4144E-09 4.4533E-09 4.4858E-09 4.5207E-09 4.5481E-09 4.5729E-09 4.6006E-09 4.6209E-09 4.6387E-09 4.6632E-09 4.6775E-09 4.6919E-09 4.7095E-09 4.7189E-09 4.7289E-09 4.7362E-09 4.7414E-09 4.7454E-09 4.7516E-09 4.7539E-09 4.7551E-09 4.7590E-09 4.7596E-09 4.7598E-09 4.7599E-09 4.7630E-09 4.7628E-09 4.7618E-09 4.7602E-09 4.7605E-09 4.7585E-09 4.7548E-09 4.7499E-09 4.7478E-09 4.7411E-09 4.7331E-09 4.7269E-09 4.7199E-09 4.7085E-09 4.6993E-09 4.6892E-09 4.6744E-09 4.6603E-09 4.6474E-09 4.6315E-09 4.6120E-09 4.5922E-09 4.5744E-09 4.5595E-09 4.5362E-09 4.5139E-09
4.1623E-09 4.2178E-09 4.2683E-09 4.3171E-09 4.3630E-09 4.4046E-09 4.4481E-09 4.4842E-09 4.5224E-09 4.5532E-09 4.5812E-09 4.6107E-09 4.6353E-09 4.6562E-09 4.6834E-09 4.7005E-09 4.7154E-09 4.7377E-09 4.7497E-09 4.7606E-09 4.7717E-09 4.7790E-09 4.7851E-09 4.7934E-09 4.7975E-09 4.8006E-09 4.8061E-09 4.8080E-09 4.8095E-09 4.8108E-09 4.8154E-09 4.8166E-09 4.8174E-09 4.8177E-09 4.8208E-09 4.8199E-09 4.8182E-09 4.8155E-09 4.8146E-09 4.8110E-09 4.8053E-09 4.7998E-09 4.7964E-09 4.7873E-09 4.7767E-09 4.7704E-09 4.7596E-09 4.7454E-09 4.7344E-09 4.7224E-09 4.7050E-09 4.6859E-09 4.6715E-09 4.6590E-09 4.6423E-09 4.6222E-09 4.5987E-09
4.1883E-09 4.2425E-09 4.2936E-09 4.3447E-09 4.3898E-09 4.4370E-09 4.4766E-09 4.5159E-09 4.5525E-09 4.5840E-09 4.6140E-09 4.6445E-09 4.6685E-09 4.6944E-09 4.7186E-09 4.7365E-09 4.7613E-09 4.7760E-09 4.7888E-09 4.8030E-09 4.8128E-09 4.8211E-09 4.8314E-09 4.8376E-09 4.8427E-09 4.8500E-09 4.8536E-09 4.8566E-09 4.8592E-09 4.8650E-09 4.8677E-09 4.8700E-09 4.8721E-09 4.8772E-09 4.8783E-09 4.8786E-09 4.8781E-09 4.8794E-09 4.8781E-09 4.8747E-09 4.8699E-09 4.8703E-09 4.8636E-09 4.8554E-09 4.8495E-09 4.8426E-09 4.8308E-09 4.8197E-09 4.8098E-09 4.7966E-09 4.7797E-09 4.7610E-09 4.7542E-09 4.7468E-09 4.7273E-09 4.7063E-09 4.6837E-09
4.2102E-09 4.2652E-09 4.3198E-09 4.3688E-09 4.4184E-09 4.4629E-09 4.5032E-09 4.5459E-09 4.5809E-09 4.6130E-09 4.6480E-09 4.6753E-09 4.7023E-09 4.7315E-09 4.7524E-09 4.7779E-09 4.7975E-09 4.8131E-09 4.8299E-09 4.8422E-09 4.8529E-09 4.8654E-09 4.8738E-09 4.8810E-09 4.8896E-09 4.8959E-09 4.9006E-09 4.9048E-09 4.9119E-09 4.9159E-09 4.9197E-09 4.9233E-09 4.9303E-09 4.9335E-09 4.9359E-09 4.9375E-09 4.9421E-09 4.9422E-09 4.9411E-09 4.9388E-09 4.9416E-09 4.9373E-09 4.9315E-09 4.9242E-09 4.9215E-09 4.9139E-09 4.9030E-09 4.8952E-09 4.8864E-09 4.8719E-09 4.8555E-09 4.8452E-09 4.8460E-09 4.8318E-09 4.8135E-09 4.7938E-09 4.7725E-09
