Assets/Resources/2015_m01_d05_0200(utc+0800)_l00_csi_1hr_conc.grd
DSAA
         159         159
     -79.000      79.000
     -79.000      79.000
  0.2420E-09  0.6245E-04
[rows 25 to 49 of 159, columns 0 to 56 of 159]
6.5319E-09 6.6369E-09 6.7396E-09 6.8374E-09 6.9322E-09 7.0268E-09 7.1186E-09 7.2041E-09 7.2861E-09 7.3642E-09 7.4384E-09 7.5087E-09 7.5769E-09 7.6388E-09 7.6962E-09 7.7491E-09 7.7972E-09 7.8406E-09 7.8791E-09 7.9126E-09 7.9412E-09 7.9673E-09 7.9857E-09 7.9990E-09 8.0069E-09 8.0094E-09 8.0076E-09 8.0016E-09 7.9990E-09 7.9820E-09 7.9616E-09 7.9337E-09 7.9024E-09 7.8660E-09 7.8225E-09 7.7744E-09 7.7231E-09 7.6650E-09 7.6034E-09 7.5382E-09 7.4667E-09 7.3929E-09 7.3138E-09 7.2297E-09 7.1438E-09 7.0539E-09 6.9589E-09 6.8608E-09 6.7591E-09 6.6541E-09 6.5449E-09 6.4327E-09 6.3188E-09 6.2030E-09 6.0853E-09 5.9700E-09 5.8543E-09
6.6271E-09 6.7374E-09 6.8409E-09 6.9416E-09 7.0393E-09 7.1401E-09 7.2321E-09 7.3206E-09 7.4056E-09 7.4867E-09 7.5639E-09 7.6390E-09 7.7086E-09 7.7735E-09 7.8338E-09 7.8896E-09 7.9406E-09 7.9869E-09 8.0281E-09 8.0643E-09 8.0980E-09 8.1241E-09 8.1445E-09 8.1597E-09 8.1695E-09 8.1747E-09 8.1764E-09 8.1808E-09 8.1704E-09 8.1558E-09 8.1337E-09 8.1084E-09 8.0774E-09 8.0395E-09 7.9978E-09 7.9520E-09 7.8987E-09 7.8424E-09 7.7810E-09 7.7145E-09 7.6450E-09 7.5688E-09 7.4890E-09 7.4057E-09 7.3145E-09 7.2192E-09 7.1207E-09 7.0187E-09 6.9134E-09 6.8048E-09 6.6927E-09 6.5779E-09 6.4616E-09 6.3486E-09 6.2353E-09 6.1185E-09 5.9968E-09
6.7210E-09 6.8320E-09 6.9384E-09 7.0420E-09 7.1457E-09 7.2468E-09 7.3418E-09 7.4334E-09 7.5213E-09 7.6055E-09 7.6866E-09 7.7645E-09 7.8367E-09 7.9046E-09 7.9678E-09 8.0259E-09 8.0792E-09 8.1278E-09 8.1713E-09 8.2117E-09 8.2464E-09 8.2744E-09 8.2966E-09 8.3130E-09 8.3243E-09 8.3329E-09 8.3330E-09 8.3403E-09 8.3331E-09 8.3181E-09 8.3116E-09 8.2879E-09 8.2571E-09 8.2230E-09 8.1842E-09 8.1385E-09 8.0896E-09 8.0334E-09 7.9720E-09 7.9057E-09 7.8336E-09 7.7593E-09 7.6804E-09 7.5947E-09 7.5046E-09 7.4105E-09 7.3125E-09 7.2114E-09 7.1075E-09 7.0006E-09 6.8927E-09 6.7880E-09 6.6828E-09 6.5698E-09 6.4557E-09 6.3449E-09 6.2340E-09
6.8108E-09 6.9226E-09 7.0318E-09 7.1382E-09 7.2481E-09 7.3493E-09 7.4473E-09 7.5419E-09 7.6325E-09 7.7189E-09 7.8040E-09 7.8828E-09 7.9574E-09 8.0278E-09 8.0934E-09 8.1541E-09 8.2092E-09 8.2593E-09 8.3056E-09 8.3477E-09 8.3826E-09 8.4122E-09 8.4365E-09 8.4552E-09 8.4707E-09 8.4775E-09 8.4787E-09 8.4900E-09 8.4815E-09 8.4691E-09 8.4640E-09 8.4380E-09 8.4075E-09 8.3714E-09 8.3292E-09 8.2842E-09 8.2324E-09 8.1762E-09 8.1135E-09 8.0455E-09 7.9748E-09 7.8981E-09 7.8166E-09 7.7311E-09 7.6419E-09 7.5492E-09 7.4530E-09 7.3536E-09 7.2515E-09 7.1537E-09 7.0551E-09 6.9465E-09 6.8387E-09 6.7333E-09 6.6275E-09 6.5122E-09 6.3955E-09
6.8942E-09 7.0087E-09 7.1200E-09 7.2316E-09 7.3408E-09 7.4443E-09 7.5445E-09 7.6413E-09 7.7343E-09 7.8248E-09 7.9101E-09 7.9906E-09 8.0670E-09 8.1389E-09 8.2060E-09 8.2685E-09 8.3263E-09 8.3790E-09 8.4285E-09 8.4692E-09 8.5047E-09 8.5351E-09 8.5603E-09 8.5817E-09 8.5957E-09 8.6014E-09 8.6036E-09 8.6116E-09 8.6028E-09 8.5886E-09 8.5819E-09 8.5571E-09 8.5264E-09 8.4888E-09 8.4483E-09 8.4009E-09 8.3510E-09 8.2942E-09 8.2338E-09 8.1709E-09 8.1009E-09 8.0265E-09 7.9477E-09 7.8650E-09 7.7782E-09 7.6877E-09 7.5938E-09 7.5023E-09 7.4116E-09 7.3115E-09 7.2098E-09 7.1116E-09 7.0112E-09 6.9013E-09 6.7892E-09 6.6752E-09 6.5596E-09
6.9688E-09 7.0852E-09 7.1987E-09 7.3156E-09 7.4234E-09 7.5283E-09 7.6300E-09 7.7282E-09 7.8229E-09 7.9160E-09 8.0032E-09 8.0858E-09 8.1631E-09 8.2349E-09 8.3023E-09 8.3652E-09 8.4234E-09 8.4784E-09 8.5258E-09 8.5658E-09 8.5995E-09 8.6277E-09 8.6520E-09 8.6713E-09 8.6825E-09 8.6901E-09 8.6898E-09 8.6997E-09 8.6903E-09 8.6737E-09 8.6703E-09 8.6470E-09 8.6176E-09 8.5864E-09 8.5483E-09 8.5073E-09 8.4584E-09 8.4065E-09 8.3510E-09 8.2888E-09 8.2222E-09 8.1511E-09 8.0757E-09 7.9957E-09 7.9117E-09 7.8263E-09 7.7449E-09 7.6572E-09 7.5619E-09 7.4720E-09 7.3806E-09 7.2779E-09 7.1726E-09 7.0650E-09 6.9553E-09 6.8435E-09 6.7301E-09
7.0321E-09 7.1494E-09 7.2673E-09 7.3832E-09 7.4934E-09 7.5999E-09 7.7015E-09 7.7990E-09 7.8952E-09 7.9866E-09 8.0735E-09 8.1558E-09 8.2324E-09 8.3033E-09 8.3681E-09 8.4286E-09 8.4850E-09 8.5377E-09 8.5822E-09 8.6212E-09 8.6546E-09 8.6823E-09 8.7060E-09 8.7224E-09 8.7356E-09 8.7431E-09 8.7454E-09 8.7618E-09 8.7550E-09 8.7440E-09 8.7460E-09 8.7251E-09 8.7027E-09 8.6734E-09 8.6419E-09 8.6022E-09 8.5597E-09 8.5123E-09 8.4580E-09 8.3995E-09 8.3365E-09 8.2690E-09 8.1971E-09 8.1212E-09 8.0475E-09 7.9752E-09 7.8892E-09 7.8063E-09 7.7260E-09 7.6344E-09 7.5383E-09 7.4393E-09 7.3376E-09 7.2334E-09 7.1267E-09 7.0179E-09 6.9069E-09
7.0813E-09 7.1975E-09 7.3178E-09 7.4301E-09 7.5391E-09 7.6445E-09 7.7451E-09 7.8414E-09 7.9346E-09 8.0223E-09 8.1060E-09 8.1854E-09 8.2593E-09 8.3286E-09 8.3926E-09 8.4509E-09 8.5069E-09 8.5558E-09 8.6000E-09 8.6398E-09 8.6750E-09 8.7089E-09 8.7348E-09 8.7557E-09 8.7721E-09 8.7818E-09 8.7901E-09 8.8090E-09 8.8072E-09 8.8016E-09 8.8081E-09 8.7940E-09 8.7733E-09 8.7505E-09 8.7198E-09 8.6863E-09 8.6488E-09 8.6046E-09 8.5553E-09 8.5010E-09 8.4422E-09 8.3792E-09 8.3120E-09 8.2509E-09 8.1842E-09 8.1080E-09 8.0384E-09 7.9636E-09 7.8784E-09 7.7900E-09 7.6986E-09 7.6042E-09 7.5069E-09 7.4068E-09 7.3041E-09 7.1989E-09 7.0910E-09
7.1037E-09 7.2203E-09 7.3342E-09 7.4425E-09 7.5479E-09 7.6495E-09 7.7470E-09 7.8428E-09 7.9326E-09 8.0170E-09 8.0974E-09 8.1739E-09 8.2468E-09 8.3159E-09 8.3813E-09 8.4447E-09 8.5026E-09 8.5534E-09 8.5999E-09 8.6420E-09 8.6817E-09 8.7168E-09 8.7462E-09 8.7734E-09 8.7917E-09 8.8066E-09 8.8154E-09 8.8395E-09 8.8428E-09 8.8385E-09 8.8543E-09 8.8444E-09 8.8311E-09 8.8100E-09 8.7858E-09 8.7582E-09 8.7238E-09 8.6846E-09 8.6410E-09 8.5928E-09 8.5403E-09 8.4853E-09 8.4360E-09 8.3762E-09 8.3133E-09 8.2558E-09 8.1858E-09 8.1100E-09 8.0308E-09 7.9481E-09 7.8621E-09 7.7729E-09 7.6806E-09 7.5853E-09 7.4870E-09 7.3859E-09 7.2819E-09
7.0869E-09 7.2010E-09 7.3121E-09 7.4158E-09 7.5170E-09 7.6151E-09 7.7106E-09 7.8056E-09 7.8955E-09 7.9823E-09 8.0646E-09 8.1417E-09 8.2155E-09 8.2857E-09 8.3527E-09 8.4185E-09 8.4777E-09 8.5327E-09 8.5813E-09 8.6253E-09 8.6678E-09 8.7035E-09 8.7375E-09 8.7649E-09 8.7893E-09 8.8090E-09 8.8206E-09 8.8529E-09 8.8577E-09 8.8602E-09 8.8820E-09 8.8789E-09 8.8694E-09 8.8563E-09 8.8405E-09 8.8177E-09 8.7898E-09 8.7575E-09 8.7208E-09 8.6797E-09 8.6375E-09 8.6009E-09 8.5493E-09 8.5002E-09 8.4532E-09 8.3916E-09 8.3261E-09 8.2568E-09 8.1840E-09 8.1077E-09 8.0279E-09 7.9448E-09 7.8582E-09 7.7684E-09 7.6753E-09 7.5790E-09 7.4795E-09
7.0348E-09 7.1501E-09 7.2576E-09 7.3626E-09 7.4635E-09 7.5608E-09 7.6573E-09 7.7504E-09 7.8402E-09 7.9271E-09 8.0107E-09 8.0903E-09 8.1642E-09 8.2343E-09 8.3037E-09 8.3678E-09 8.4277E-09 8.4841E-09 8.5367E-09 8.5867E-09 8.6294E-09 8.6691E-09 8.7053E-09 8.7363E-09 8.7655E-09 8.7872E-09 8.8072E-09 8.8454E-09 8.8580E-09 8.8681E-09 8.8991E-09 8.9018E-09 8.8999E-09 8.8965E-09 8.8857E-09 8.8697E-09 8.8494E-09 8.8245E-09 8.7951E-09 8.7656E-09 8.7408E-09 8.7000E-09 8.6648E-09 8.6275E-09 8.5773E-09 8.5232E-09 8.4651E-09 8.4032E-09 8.3377E-09 8.2684E-09 8.1955E-09 8.1189E-09 8.0387E-09 7.9551E-09 7.8679E-09 7.7904E-09 7.6976E-09
6.9690E-09 7.0796E-09 7.1854E-09 7.2891E-09 7.3904E-09 7.4880E-09 7.5832E-09 7.6739E-09 7.7623E-09 7.8475E-09 7.9301E-09 8.0100E-09 8.0865E-09 8.1583E-09 8.2286E-09 8.2932E-09 8.3548E-09 8.4132E-09 8.4679E-09 8.5206E-09 8.5679E-09 8.6148E-09 8.6552E-09 8.6940E-09 8.7265E-09 8.7558E-09 8.7824E-09 8.8281E-09 8.8506E-09 8.8660E-09 8.9066E-09 8.9155E-09 8.9247E-09 8.9259E-09 8.9220E-09 8.9137E-09 8.9010E-09 8.8839E-09 8.8670E-09 8.8543E-09 8.8257E-09 8.8043E-09 8.7779E-09 8.7399E-09 8.6979E-09 8.6516E-09 8.6016E-09 8.5477E-09 8.4901E-09 8.4287E-09 8.3635E-09 8.2944E-09 8.2329E-09 8.1577E-09 8.1118E-09 8.0332E-09 7.9499E-09
6.8846E-09 6.9890E-09 7.0916E-09 7.1920E-09 7.2906E-09 7.3884E-09 7.4836E-09 7.5731E-09 7.6600E-09 7.7445E-09 7.8268E-09 7.9063E-09 7.9823E-09 8.0582E-09 8.1298E-09 8.1984E-09 8.2642E-09 8.3256E-09 8.3873E-09 8.4430E-09 8.4982E-09 8.5486E-09 8.5954E-09 8.6393E-09 8.6775E-09 8.7156E-09 8.7465E-09 8.8037E-09 8.8301E-09 8.8547E-09 8.9027E-09 8.9228E-09 8.9370E-09 8.9453E-09 8.9492E-09 8.9489E-09 8.9442E-09 8.9392E-09 8.9396E-09 8.9235E-09 8.9152E-09 8.9011E-09 8.8759E-09 8.8468E-09 8.8137E-09 8.7762E-09 8.7350E-09 8.6900E-09 8.6801E-09 8.6716E-09 8.6424E-09 8.6060E-09 8.5626E-09 8.5131E-09 8.4705E-09 8.4081E-09 8.3375E-09
6.7749E-09 6.8763E-09 6.9756E-09 7.0734E-09 7.1698E-09 7.2660E-09 7.3579E-09 7.4480E-09 7.5364E-09 7.6229E-09 7.7071E-09 7.7880E-09 7.8670E-09 7.9466E-09 8.0215E-09 8.0940E-09 8.1627E-09 8.2298E-09 8.2951E-09 8.3565E-09 8.4171E-09 8.4716E-09 8.5257E-09 8.5734E-09 8.6204E-09 8.6625E-09 8.7012E-09 8.7659E-09 8.8016E-09 8.8306E-09 8.8906E-09 8.9177E-09 8.9380E-09 8.9539E-09 8.9659E-09 8.9737E-09 8.9800E-09 8.9948E-09 8.9919E-09 8.9959E-09 8.9953E-09 8.9833E-09 8.9675E-09 8.9478E-09 8.9636E-09 8.9863E-09 8.9858E-09 8.9853E-09 8.9871E-09 8.9886E-09 8.9791E-09 9.0080E-09 9.0308E-09 9.0149E-09 8.9874E-09 8.9471E-09 8.9077E-09
6.6423E-09 6.7423E-09 6.8412E-09 6.9389E-09 7.0347E-09 7.1309E-09 7.2237E-09 7.3150E-09 7.4049E-09 7.4930E-09 7.5782E-09 7.6616E-09 7.7453E-09 7.8263E-09 7.9045E-09 7.9794E-09 8.0516E-09 8.1250E-09 8.1930E-09 8.2618E-09 8.3246E-09 8.3853E-09 8.4435E-09 8.4978E-09 8.5511E-09 8.5985E-09 8.6450E-09 8.7179E-09 8.7591E-09 8.7955E-09 8.8675E-09 8.9004E-09 8.9283E-09 8.9523E-09 8.9724E-09 8.9891E-09 9.0180E-09 9.0290E-09 9.0451E-09 9.0590E-09 9.0872E-09 9.1256E-09 9.1499E-09 9.1776E-09 9.2080E-09 9.2396E-09 9.3033E-09 9.3803E-09 9.4380E-09 9.4888E-09 9.5397E-09 9.5782E-09 9.5993E-09 9.6095E-09 9.6438E-09 9.6229E-09 9.6161E-09
6.5035E-09 6.6028E-09 6.7011E-09 6.7980E-09 6.8947E-09 6.9900E-09 7.0833E-09 7.1756E-09 7.2667E-09 7.3550E-09 7.4420E-09 7.5276E-09 7.6148E-09 7.6978E-09 7.7780E-09 7.8559E-09 7.9330E-09 8.0094E-09 8.0825E-09 8.1547E-09 8.2211E-09 8.2887E-09 8.3504E-09 8.4131E-09 8.4697E-09 8.5250E-09 8.5762E-09 8.6594E-09 8.7057E-09 8.7527E-09 8.8316E-09 8.8721E-09 8.9085E-09 8.9404E-09 8.9686E-09 9.0071E-09 9.0337E-09 9.0826E-09 9.1499E-09 9.1931E-09 9.2403E-09 9.2922E-09 9.3480E-09 9.4426E-09 9.5539E-09 9.6484E-09 9.7523E-09 9.8533E-09 9.9485E-09 1.0080E-08 1.0202E-08 1.0289E-08 1.0365E-08 1.0418E-08 1.0443E-08 1.0453E-08 1.0433E-08
6.3609E-09 6.4591E-09 6.5562E-09 6.6519E-09 6.7493E-09 6.8439E-09 6.9377E-09 7.0306E-09 7.1213E-09 7.2110E-09 7.2996E-09 7.3881E-09 7.4765E-09 7.5610E-09 7.6433E-09 7.7242E-09 7.8067E-09 7.8847E-09 7.9642E-09 8.0381E-09 8.1108E-09 8.1815E-09 8.2496E-09 8.3163E-09 8.3783E-09 8.4417E-09 8.5006E-09 8.5894E-09 8.6440E-09 8.6969E-09 8.7852E-09 8.8334E-09 8.8782E-09 8.9180E-09 8.9640E-09 9.0516E-09 9.1096E-09 9.1863E-09 9.2533E-09 9.3251E-09 9.4318E-09 9.5598E-09 9.6769E-09 9.8029E-09 9.9351E-09 1.0108E-08 1.0290E-08 1.0454E-08 1.0621E-08 1.0772E-08 1.0911E-08 1.1038E-08 1.1178E-08 1.1299E-08 1.1374E-08 1.1411E-08 1.1415E-08
6.2154E-09 6.3121E-09 6.4075E-09 6.5025E-09 6.5996E-09 6.6939E-09 6.7877E-09 6.8798E-09 6.9711E-09 7.0616E-09 7.1514E-09 7.2432E-09 7.3317E-09 7.4179E-09 7.5027E-09 7.5866E-09 7.6719E-09 7.7537E-09 7.8362E-09 7.9146E-09 7.9931E-09 8.0664E-09 8.1414E-09 8.2109E-09 8.2807E-09 8.3481E-09 8.4133E-09 8.5097E-09 8.5734E-09 8.6303E-09 8.7282E-09 8.7836E-09 8.8538E-09 8.9370E-09 9.0180E-09 9.0915E-09 9.1888E-09 9.2997E-09 9.4303E-09 9.5557E-09 9.6915E-09 9.8374E-09 1.0019E-08 1.0223E-08 1.0427E-08 1.0633E-08 1.0841E-08 1.1052E-08 1.1284E-08 1.1520E-08 1.1726E-08 1.1904E-08 1.2063E-08 1.2196E-08 1.2286E-08 1.2385E-08 1.2449E-08
6.0680E-09 6.1624E-09 6.2566E-09 6.3517E-09 6.4470E-09 6.5408E-09 6.6342E-09 6.7263E-09 6.8179E-09 6.9090E-09 6.9995E-09 7.0926E-09 7.1824E-09 7.2709E-09 7.3576E-09 7.4457E-09 7.5315E-09 7.6184E-09 7.7019E-09 7.7850E-09 7.8667E-09 7.9453E-09 8.0232E-09 8.0970E-09 8.1729E-09 8.2470E-09 8.3152E-09 8.4221E-09 8.4896E-09 8.5527E-09 8.6778E-09 8.7703E-09 8.8511E-09 8.9531E-09 9.0420E-09 9.1924E-09 9.3232E-09 9.4588E-09 9.6060E-09 9.7641E-09 9.9887E-09 1.0191E-08 1.0407E-08 1.0640E-08 1.0877E-08 1.1153E-08 1.1452E-08 1.1718E-08 1.1980E-08 1.2237E-08 1.2467E-08 1.2729E-08 1.2974E-08 1.3154E-08 1.3300E-08 1.3406E-08 1.3475E-08
5.9197E-09 6.0125E-09 6.1053E-09 6.2004E-09 6.2934E-09 6.3864E-09 6.4793E-09 6.5714E-09 6.6629E-09 6.7542E-09 6.8465E-09 6.9391E-09 7.0298E-09 7.1201E-09 7.2084E-09 7.2993E-09 7.3863E-09 7.4759E-09 7.5615E-09 7.6497E-09 7.7332E-09 7.8175E-09 7.8969E-09 7.9770E-09 8.0563E-09 8.1339E-09 8.2068E-09 8.3243E-09 8.4263E-09 8.5094E-09 8.6447E-09 8.7379E-09 8.8460E-09 9.0002E-09 9.1322E-09 9.2859E-09 9.4373E-09 9.6230E-09 9.8347E-09 1.0045E-08 1.0269E-08 1.0504E-08 1.0785E-08 1.1090E-08 1.1383E-08 1.1691E-08 1.1989E-08 1.2319E-08 1.2663E-08 1.2969E-08 1.3270E-08 1.3548E-08 1.3793E-08 1.4002E-08 1.4171E-08 1.4352E-08 1.4454E-08
5.7725E-09 5.8634E-09 5.9545E-09 6.0482E-09 6.1399E-09 6.2318E-09 6.3238E-09 6.4158E-09 6.5070E-09 6.5981E-09 6.6920E-09 6.7834E-09 6.8745E-09 6.9655E-09 7.0563E-09 7.1477E-09 7.2381E-09 7.3279E-09 7.4157E-09 7.5062E-09 7.5934E-09 7.6805E-09 7.7630E-09 7.8482E-09 7.9324E-09 8.0114E-09 8.1197E-09 8.2554E-09 8.3481E-09 8.4430E-09 8.6099E-09 8.7471E-09 8.8914E-09 9.0324E-09 9.2028E-09 9.4069E-09 9.5993E-09 9.8071E-09 1.0030E-08 1.0265E-08 1.0568E-08 1.0855E-08 1.1158E-08 1.1465E-08 1.1790E-08 1.2180E-08 1.2531E-08 1.2892E-08 1.3240E-08 1.3582E-08 1.3906E-08 1.4241E-08 1.4519E-08 1.4762E-08 1.4976E-08 1.5140E-08 1.5255E-08
5.6265E-09 5.7157E-09 5.8050E-09 5.8971E-09 5.9872E-09 6.0777E-09 6.1685E-09 6.2596E-09 6.3503E-09 6.4408E-09 6.5346E-09 6.6258E-09 6.7170E-09 6.8083E-09 6.9023E-09 6.9926E-09 7.0856E-09 7.1752E-09 7.2667E-09 7.3568E-09 7.4485E-09 7.5364E-09 7.6228E-09 7.7106E-09 7.8234E-09 7.9166E-09 8.0161E-09 8.1615E-09 8.2798E-09 8.4099E-09 8.5906E-09 8.7456E-09 8.8952E-09 9.1024E-09 9.2979E-09 9.4986E-09 9.7119E-09 9.9592E-09 1.0235E-08 1.0509E-08 1.0799E-08 1.1109E-08 1.1453E-08 1.1833E-08 1.2196E-08 1.2565E-08 1.2947E-08 1.3317E-08 1.3725E-08 1.4096E-08 1.4443E-08 1.4767E-08 1.5058E-08 1.5367E-08 1.5649E-08 1.5872E-08 1.6067E-08
5.4826E-09 5.5698E-09 5.6577E-09 5.7472E-09 5.8356E-09 5.9245E-09 6.0138E-09 6.1036E-09 6.1936E-09 6.2836E-09 6.3763E-09 6.4669E-09 6.5578E-09 6.6488E-09 6.7433E-09 6.8343E-09 6.9278E-09 7.0182E-09 7.1120E-09 7.2022E-09 7.2958E-09 7.3854E-09 7.5001E-09 7.5996E-09 7.6980E-09 7.7995E-09 7.9182E-09 8.0938E-09 8.2177E-09 8.3479E-09 8.5481E-09 8.7476E-09 8.9226E-09 9.1288E-09 9.3297E-09 9.5823E-09 9.8249E-09 1.0083E-08 1.0358E-08 1.0645E-08 1.1010E-08 1.1349E-08 1.1707E-08 1.2077E-08 1.2451E-08 1.2871E-08 1.3267E-08 1.3663E-08 1.4057E-08 1.4430E-08 1.4824E-08 1.5214E-08 1.5571E-08 1.5901E-08 1.6203E-08 1.6480E-08 1.6704E-08
5.3413E-09 5.4260E-09 5.5132E-09 5.5994E-09 5.6857E-09 5.7727E-09 5.8602E-09 5.9483E-09 6.0370E-09 6.1276E-09 6.2177E-09 6.3074E-09 6.3974E-09 6.4879E-09 6.5819E-09 6.6752E-09 6.7669E-09 6.8574E-09 6.9516E-09 7.0441E-09 7.1571E-09 7.2533E-09 7.3554E-09 7.4595E-09 7.5717E-09 7.6983E-09 7.8152E-09 7.9878E-09 8.1182E-09 8.2893E-09 8.5245E-09 8.6987E-09 8.8961E-09 9.1373E-09 9.3628E-09 9.6039E-09 9.8578E-09 1.0146E-08 1.0462E-08 1.0787E-08 1.1123E-08 1.1474E-08 1.1844E-08 1.2250E-08 1.2647E-08 1.3048E-08 1.3446E-08 1.3883E-08 1.4323E-08 1.4735E-08 1.5140E-08 1.5543E-08 1.5928E-08 1.6286E-08 1.6625E-08 1.6966E-08 1.7240E-08
5.2028E-09 5.2849E-09 5.3702E-09 5.4538E-09 5.5380E-09 5.6228E-09 5.7083E-09 5.7945E-09 5.8814E-09 5.9716E-09 6.0594E-09 6.1477E-09 6.2364E-09 6.3275E-09 6.4183E-09 6.5107E-09 6.6004E-09 6.6916E-09 6.7996E-09 6.8982E-09 6.9944E-09 7.0929E-09 7.2060E-09 7.3255E-09 7.4364E-09 7.5564E-09 7.6765E-09 7.8861E-09 8.0318E-09 8.1915E-09 8.4321E-09 8.6455E-09 8.8708E-09 9.0919E-09 9.3253E-09 9.5913E-09 9.8842E-09 1.0179E-08 1.0490E-08 1.0821E-08 1.1183E-08 1.1557E-08 1.1932E-08 1.2316E-08 1.2714E-08 1.3141E-08 1.3604E-08 1.4035E-08 1.4466E-08 1.4895E-08 1.5323E-08 1.5742E-08 1.6181E-08 1.6590E-08 1.6961E-08 1.7303E-08 1.7605E-08
