Assets/Resources/2015_m01_d06_1500(utc+0800)_l00_csi_1hr_conc.grd
DSAA
         159         159
     -79.000      79.000
     -79.000      79.000
  0.0000E+00  0.1208E-04
[rows 50 to 74 of 159, columns 57 to 113 of 159]
2.8928E-12 7.8440E-12 1.9396E-11 3.7238E-11 7.3090E-11 1.1793E-10 1.8152E-10 2.7471E-10 3.9782E-10 5.5186E-10 7.5228E-10 1.0016E-09 1.3180E-09 1.6929E-09 2.1363E-09 2.6602E-09 3.2749E-09 3.9872E-09 4.7972E-09 5.6982E-09 6.6780E-09 7.7265E-09 8.8193E-09 9.9318E-09 1.1030E-08 1.2075E-08 1.3035E-08 1.3879E-08 1.4580E-08 1.5108E-08 1.5442E-08 1.5571E-08 1.5496E-08 1.5211E-08 1.4734E-08 1.4085E-08 1.3292E-08 1.2375E-08 1.1370E-08 1.0317E-08 9.2441E-09 8.1788E-09 7.1459E-09 6.1677E-09 5.2566E-09 4.4304E-09 3.6867E-09 3.0322E-09 2.4671E-09 1.9823E-09 1.5841E-09 1.2443E-09 9.5034E-10 7.1666E-10 5.2356E-10 3.6428E-10 2.5612E-10
0.0000E+00 6.9145E-12 1.1640E-11 2.7838E-11 5.8881E-11 9.5565E-11 1.5560E-10 2.3958E-10 3.5440E-10 5.0155E-10 6.8537E-10 9.2294E-10 1.2316E-09 1.5940E-09 2.0393E-09 2.5656E-09 3.1805E-09 3.8997E-09 4.7243E-09 5.6507E-09 6.6643E-09 7.7536E-09 8.8883E-09 1.0042E-08 1.1183E-08 1.2272E-08 1.3270E-08 1.4142E-08 1.4860E-08 1.5398E-08 1.5732E-08 1.5849E-08 1.5743E-08 1.5421E-08 1.4905E-08 1.4206E-08 1.3358E-08 1.2397E-08 1.1354E-08 1.0256E-08 9.1507E-09 8.0610E-09 7.0107E-09 6.0219E-09 5.1071E-09 4.2803E-09 3.5443E-09 2.9011E-09 2.3423E-09 1.8727E-09 1.4731E-09 1.1355E-09 8.6224E-10 6.3858E-10 4.4833E-10 3.0741E-10 2.1008E-10
0.0000E+00 3.2657E-12 7.7973E-12 2.1054E-11 4.1992E-11 7.8266E-11 1.2908E-10 2.0482E-10 3.1217E-10 4.5475E-10 6.2624E-10 8.5279E-10 1.1413E-09 1.4971E-09 1.9344E-09 2.4570E-09 3.0817E-09 3.8213E-09 4.6671E-09 5.6190E-09 6.6725E-09 7.8075E-09 8.9991E-09 1.0214E-08 1.1418E-08 1.2572E-08 1.3625E-08 1.4539E-08 1.5282E-08 1.5828E-08 1.6155E-08 1.6256E-08 1.6118E-08 1.5756E-08 1.5183E-08 1.4425E-08 1.3519E-08 1.2491E-08 1.1389E-08 1.0247E-08 9.0922E-09 7.9683E-09 6.8949E-09 5.8862E-09 4.9671E-09 4.1386E-09 3.4071E-09 2.7674E-09 2.2199E-09 1.7535E-09 1.3529E-09 1.0327E-09 7.7617E-10 5.5857E-10 3.8954E-10 2.6600E-10 1.7236E-10
0.0000E+00 0.0000E+00 6.7154E-12 1.3456E-11 2.9680E-11 6.1870E-11 9.9607E-11 1.7025E-10 2.7147E-10 4.0205E-10 5.6928E-10 7.8213E-10 1.0538E-09 1.3997E-09 1.8279E-09 2.3433E-09 2.9837E-09 3.7440E-09 4.6167E-09 5.6044E-09 6.7044E-09 7.8984E-09 9.1614E-09 1.0457E-08 1.1737E-08 1.2960E-08 1.4074E-08 1.5032E-08 1.5802E-08 1.6363E-08 1.6684E-08 1.6758E-08 1.6580E-08 1.6162E-08 1.5526E-08 1.4698E-08 1.3717E-08 1.2625E-08 1.1457E-08 1.0252E-08 9.0557E-09 7.8858E-09 6.7840E-09 5.7614E-09 4.8288E-09 3.9973E-09 3.2684E-09 2.6379E-09 2.0882E-09 1.6182E-09 1.2374E-09 9.4030E-10 6.9400E-10 4.9663E-10 3.4488E-10 2.2495E-10 1.1507E-10
0.0000E+00 0.0000E+00 3.1614E-12 8.7461E-12 2.0651E-11 4.3190E-11 8.0983E-11 1.3390E-10 2.2819E-10 3.4954E-10 5.1241E-10 7.1253E-10 9.7206E-10 1.3060E-09 1.7143E-09 2.2296E-09 2.8760E-09 3.6551E-09 4.5756E-09 5.6171E-09 6.7760E-09 8.0439E-09 9.3847E-09 1.0759E-08 1.2120E-08 1.3418E-08 1.4606E-08 1.5625E-08 1.6433E-08 1.7003E-08 1.7317E-08 1.7359E-08 1.7131E-08 1.6654E-08 1.5949E-08 1.5042E-08 1.3978E-08 1.2798E-08 1.1552E-08 1.0286E-08 9.0259E-09 7.8194E-09 6.6768E-09 5.6327E-09 4.6899E-09 3.8526E-09 3.1216E-09 2.4916E-09 1.9430E-09 1.4925E-09 1.1301E-09 8.4795E-10 6.2388E-10 4.4552E-10 2.9988E-10 1.7654E-10 8.4368E-11
0.0000E+00 0.0000E+00 0.0000E+00 4.7785E-12 1.3443E-11 3.2017E-11 6.0225E-11 1.0098E-10 1.9052E-10 2.9965E-10 4.5226E-10 6.4350E-10 8.9040E-10 1.2142E-09 1.6135E-09 2.1196E-09 2.7671E-09 3.5683E-09 4.5312E-09 5.6479E-09 6.8814E-09 8.2316E-09 9.6682E-09 1.1148E-08 1.2609E-08 1.4002E-08 1.5268E-08 1.6350E-08 1.7193E-08 1.7769E-08 1.8067E-08 1.8071E-08 1.7788E-08 1.7228E-08 1.6426E-08 1.5427E-08 1.4263E-08 1.2999E-08 1.1666E-08 1.0320E-08 9.0049E-09 7.7416E-09 6.5700E-09 5.4942E-09 4.5388E-09 3.6974E-09 2.9626E-09 2.3411E-09 1.8096E-09 1.3725E-09 1.0269E-09 7.6975E-10 5.6157E-10 3.9248E-10 2.5761E-10 1.3024E-10 6.3288E-11
0.0000E+00 0.0000E+00 0.0000E+00 1.2317E-12 1.0103E-11 2.2320E-11 4.3371E-11 8.2133E-11 1.4923E-10 2.5133E-10 3.9251E-10 5.7563E-10 8.1189E-10 1.1248E-09 1.5207E-09 2.0198E-09 2.6728E-09 3.4901E-09 4.4913E-09 5.6853E-09 7.0395E-09 8.5020E-09 1.0065E-08 1.1664E-08 1.3243E-08 1.4736E-08 1.6080E-08 1.7214E-08 1.8085E-08 1.8662E-08 1.8925E-08 1.8874E-08 1.8514E-08 1.7865E-08 1.6960E-08 1.5844E-08 1.4575E-08 1.3200E-08 1.1782E-08 1.0356E-08 8.9684E-09 7.6634E-09 6.4499E-09 5.3561E-09 4.3808E-09 3.5355E-09 2.8071E-09 2.1968E-09 1.6806E-09 1.2605E-09 9.3811E-10 6.9893E-10 5.0271E-10 3.4059E-10 2.0359E-10 9.4378E-11 4.6782E-11
0.0000E+00 0.0000E+00 0.0000E+00 1.0136E-12 6.5804E-12 1.4785E-11 3.0692E-11 6.3193E-11 1.1275E-10 2.0421E-10 3.3283E-10 5.0274E-10 7.3438E-10 1.0336E-09 1.4320E-09 1.9261E-09 2.5862E-09 3.4349E-09 4.4910E-09 5.7620E-09 7.2352E-09 8.8447E-09 1.0551E-08 1.2291E-08 1.4005E-08 1.5615E-08 1.7049E-08 1.8240E-08 1.9137E-08 1.9696E-08 1.9899E-08 1.9769E-08 1.9316E-08 1.8548E-08 1.7526E-08 1.6292E-08 1.4893E-08 1.3413E-08 1.1881E-08 1.0380E-08 8.9208E-09 7.5611E-09 6.3122E-09 5.1921E-09 4.2063E-09 3.3641E-09 2.6547E-09 2.0635E-09 1.5641E-09 1.1666E-09 8.5593E-10 6.2828E-10 4.4288E-10 2.8368E-10 1.6349E-10 7.0782E-11 2.4785E-11
0.0000E+00 0.0000E+00 0.0000E+00 0.0000E+00 2.4467E-12 1.0210E-11 2.2225E-11 4.6306E-11 8.4006E-11 1.6259E-10 2.7590E-10 4.3197E-10 6.5504E-10 9.4620E-10 1.3374E-09 1.8378E-09 2.5238E-09 3.4097E-09 4.5233E-09 5.8906E-09 7.4897E-09 9.2927E-09 1.1178E-08 1.3100E-08 1.4977E-08 1.6724E-08 1.8252E-08 1.9488E-08 2.0383E-08 2.0903E-08 2.1027E-08 2.0774E-08 2.0185E-08 1.9282E-08 1.8105E-08 1.6728E-08 1.5207E-08 1.3591E-08 1.1969E-08 1.0361E-08 8.8488E-09 7.4268E-09 6.1534E-09 5.0176E-09 4.0388E-09 3.2012E-09 2.5099E-09 1.9359E-09 1.4497E-09 1.0641E-09 7.6737E-10 5.5781E-10 3.7876E-10 2.3581E-10 1.2797E-10 4.4817E-11 1.3226E-11
0.0000E+00 0.0000E+00 0.0000E+00 0.0000E+00 2.1974E-12 5.1383E-12 1.5451E-11 3.4538E-11 6.3164E-11 1.2294E-10 2.2496E-10 3.7100E-10 5.7688E-10 8.5403E-10 1.2498E-09 1.7671E-09 2.4677E-09 3.3982E-09 4.5931E-09 6.0912E-09 7.8679E-09 9.8767E-09 1.2011E-08 1.4138E-08 1.6200E-08 1.8089E-08 1.9708E-08 2.0985E-08 2.1859E-08 2.2298E-08 2.2301E-08 2.1896E-08 2.1128E-08 2.0039E-08 1.8703E-08 1.7148E-08 1.5474E-08 1.3739E-08 1.1997E-08 1.0322E-08 8.7286E-09 7.2816E-09 5.9711E-09 4.8398E-09 3.8624E-09 3.0404E-09 2.3639E-09 1.8046E-09 1.3310E-09 9.6263E-10 6.8188E-10 4.8610E-10 3.2131E-10 1.9194E-10 9.4738E-11 2.4206E-11 9.8452E-12
0.0000E+00 0.0000E+00 0.0000E+00 0.0000E+00 1.7466E-12 4.4814E-12 1.0822E-11 2.1713E-11 4.9877E-11 9.1474E-11 1.7166E-10 3.1042E-10 5.0318E-10 7.7618E-10 1.1710E-09 1.7141E-09 2.4441E-09 3.4244E-09 4.7325E-09 6.3842E-09 8.3653E-09 1.0624E-08 1.3042E-08 1.5438E-08 1.7726E-08 1.9790E-08 2.1516E-08 2.2816E-08 2.3634E-08 2.3950E-08 2.3778E-08 2.3154E-08 2.2167E-08 2.0862E-08 1.9296E-08 1.7566E-08 1.5711E-08 1.3836E-08 1.1985E-08 1.0220E-08 8.5854E-09 7.0920E-09 5.7783E-09 4.6404E-09 3.6685E-09 2.8610E-09 2.2070E-09 1.6673E-09 1.2094E-09 8.5992E-10 5.9458E-10 4.0912E-10 2.6665E-10 1.4555E-10 4.4908E-11 1.8767E-11 7.3138E-12
0.0000E+00 0.0000E+00 0.0000E+00 0.0000E+00 0.0000E+00 2.3242E-12 8.8232E-12 1.6215E-11 3.6569E-11 6.8023E-11 1.3319E-10 2.5592E-10 4.3465E-10 7.1186E-10 1.1051E-09 1.6921E-09 2.4684E-09 3.5315E-09 4.9427E-09 6.7872E-09 9.0209E-09 1.1602E-08 1.4355E-08 1.7105E-08 1.9647E-08 2.1909E-08 2.3737E-08 2.5036E-08 2.5754E-08 2.5887E-08 2.5481E-08 2.4587E-08 2.3287E-08 2.1695E-08 1.9889E-08 1.7925E-08 1.5906E-08 1.3873E-08 1.1914E-08 1.0068E-08 8.3805E-09 6.8665E-09 5.5360E-09 4.4038E-09 3.4560E-09 2.6717E-09 2.0370E-09 1.5210E-09 1.0844E-09 7.5091E-10 5.0642E-10 3.3995E-10 2.0798E-10 6.1252E-11 3.5391E-11 1.6419E-11 4.3370E-12
0.0000E+00 0.0000E+00 0.0000E+00 0.0000E+00 0.0000E+00 2.0147E-12 5.1331E-12 1.2302E-11 2.6902E-11 5.2290E-11 1.0599E-10 2.1373E-10 3.7616E-10 6.5973E-10 1.0606E-09 1.6921E-09 2.5331E-09 3.7245E-09 5.2719E-09 7.3579E-09 9.9095E-09 1.2849E-08 1.5988E-08 1.9121E-08 2.1990E-08 2.4433E-08 2.6364E-08 2.7637E-08 2.8213E-08 2.8112E-08 2.7394E-08 2.6148E-08 2.4509E-08 2.2563E-08 2.0446E-08 1.8237E-08 1.6014E-08 1.3839E-08 1.1752E-08 9.8345E-09 8.1018E-09 6.5757E-09 5.2512E-09 4.1326E-09 3.2069E-09 2.4531E-09 1.8507E-09 1.3633E-09 9.4813E-10 6.3932E-10 4.1940E-10 2.6771E-10 1.0652E-10 4.7063E-11 2.9182E-11 1.1305E-11 1.5194E-12
0.0000E+00 0.0000E+00 0.0000E+00 0.0000E+00 0.0000E+00 0.0000E+00 4.4122E-12 1.0595E-11 2.1251E-11 3.7966E-11 8.2825E-11 1.7443E-10 3.3237E-10 5.8213E-10 1.0283E-09 1.7094E-09 2.6582E-09 3.9940E-09 5.8139E-09 8.1513E-09 1.1078E-08 1.4443E-08 1.8036E-08 2.1603E-08 2.4834E-08 2.7443E-08 2.9422E-08 3.0615E-08 3.0966E-08 3.0535E-08 2.9431E-08 2.7778E-08 2.5707E-08 2.3380E-08 2.0911E-08 1.8428E-08 1.5997E-08 1.3662E-08 1.1481E-08 9.4920E-09 7.7380E-09 6.2078E-09 4.9052E-09 3.8131E-09 2.9265E-09 2.2144E-09 1.6507E-09 1.1964E-09 8.0775E-10 5.2674E-10 3.2341E-10 1.9422E-10 6.2002E-11 4.0212E-11 2.2026E-11 5.8740E-12 2.6651E-13
0.0000E+00 0.0000E+00 0.0000E+00 0.0000E+00 0.0000E+00 0.0000E+00 1.9621E-12 5.0440E-12 1.8558E-11 3.2069E-11 6.9350E-11 1.4564E-10 3.0048E-10 5.3617E-10 9.1305E-10 1.6945E-09 2.8084E-09 4.3395E-09 6.4584E-09 9.2153E-09 1.2641E-08 1.6547E-08 2.0655E-08 2.4682E-08 2.8261E-08 3.1059E-08 3.2892E-08 3.3918E-08 3.3954E-08 3.3094E-08 3.1490E-08 2.9336E-08 2.6809E-08 2.4044E-08 2.1218E-08 1.8439E-08 1.5793E-08 1.3323E-08 1.1072E-08 9.0479E-09 7.2740E-09 5.7645E-09 4.4996E-09 3.4532E-09 2.6173E-09 1.9539E-09 1.4370E-09 1.0207E-09 6.6398E-10 4.1478E-10 2.4426E-10 7.4668E-11 5.1359E-11 3.2601E-11 1.3506E-11 1.7296E-12 0.0000E+00
0.0000E+00 0.0000E+00 0.0000E+00 0.0000E+00 0.0000E+00 0.0000E+00 0.0000E+00 4.2296E-12 1.4009E-11 2.3416E-11 6.2822E-11 1.2965E-10 2.7501E-10 4.9055E-10 8.8270E-10 1.4971E-09 2.7825E-09 4.6626E-09 7.1624E-09 1.0471E-08 1.4615E-08 1.9310E-08 2.3996E-08 2.8494E-08 3.2379E-08 3.5291E-08 3.6954E-08 3.7473E-08 3.7064E-08 3.5643E-08 3.3445E-08 3.0708E-08 2.7645E-08 2.4457E-08 2.1268E-08 1.8215E-08 1.5378E-08 1.2808E-08 1.0500E-08 8.4712E-09 6.7205E-09 5.2573E-09 4.0514E-09 3.0673E-09 2.2949E-09 1.6877E-09 1.2198E-09 8.4447E-10 5.2616E-10 3.0726E-10 8.6658E-11 5.8978E-11 4.2157E-11 2.3345E-11 5.6844E-12 1.6729E-13 0.0000E+00
0.0000E+00 0.0000E+00 0.0000E+00 0.0000E+00 0.0000E+00 0.0000E+00 0.0000E+00 1.3392E-12 5.7889E-12 2.0000E-11 5.7666E-11 1.1623E-10 2.3696E-10 4.6000E-10 8.4874E-10 1.4570E-09 2.4426E-09 4.5831E-09 7.8264E-09 1.1848E-08 1.6924E-08 2.2778E-08 2.8445E-08 3.3370E-08 3.7383E-08 4.0161E-08 4.1524E-08 4.1357E-08 4.0168E-08 3.8058E-08 3.5153E-08 3.1765E-08 2.8153E-08 2.4510E-08 2.0992E-08 1.7720E-08 1.4740E-08 1.2087E-08 9.7757E-09 7.7842E-09 6.0950E-09 4.7057E-09 3.5747E-09 2.6715E-09 1.9652E-09 1.4211E-09 1.0092E-09 6.8187E-10 4.0639E-10 1.1075E-10 6.6427E-11 4.8589E-11 3.2370E-11 1.2249E-11 1.0761E-12 0.0000E+00 0.0000E+00
0.0000E+00 0.0000E+00 0.0000E+00 0.0000E+00 0.0000E+00 0.0000E+00 0.0000E+00 0.0000E+00 1.9305E-12 1.3113E-11 4.6880E-11 1.0908E-10 2.1727E-10 4.2824E-10 8.0092E-10 1.4041E-09 2.4029E-09 3.9781E-09 7.6743E-09 1.3425E-08 1.9796E-08 2.7127E-08 3.4535E-08 3.9942E-08 4.3667E-08 4.5822E-08 4.6424E-08 4.5474E-08 4.3133E-08 4.0123E-08 3.6444E-08 3.2378E-08 2.8221E-08 2.4162E-08 2.0388E-08 1.6933E-08 1.3861E-08 1.1190E-08 8.9235E-09 7.0116E-09 5.4220E-09 4.1259E-09 3.0892E-09 2.2757E-09 1.6487E-09 1.1742E-09 8.2302E-10 5.3933E-10 2.5067E-10 7.9848E-11 5.3298E-11 3.8777E-11 2.0013E-11 3.2819E-12 0.0000E+00 0.0000E+00 0.0000E+00
0.0000E+00 0.0000E+00 0.0000E+00 0.0000E+00 0.0000E+00 0.0000E+00 0.0000E+00 0.0000E+00 0.0000E+00 8.8268E-12 3.8578E-11 9.8481E-11 1.9851E-10 3.9314E-10 7.3278E-10 1.3345E-09 2.3074E-09 3.8843E-09 6.7493E-09 1.3788E-08 2.4188E-08 3.3814E-08 4.2705E-08 4.9436E-08 5.1890E-08 5.2390E-08 5.1488E-08 4.9320E-08 4.5866E-08 4.1558E-08 3.7073E-08 3.2364E-08 2.7730E-08 2.3369E-08 1.9384E-08 1.5846E-08 1.2774E-08 1.0158E-08 7.9805E-09 6.1850E-09 4.7207E-09 3.5461E-09 2.6207E-09 1.9071E-09 1.3642E-09 9.6270E-10 6.6385E-10 3.9499E-10 1.2513E-10 6.3136E-11 4.2560E-11 2.7134E-11 6.9316E-12 1.3664E-13 0.0000E+00 0.0000E+00 0.0000E+00
0.0000E+00 0.0000E+00 0.0000E+00 0.0000E+00 0.0000E+00 0.0000E+00 0.0000E+00 0.0000E+00 0.0000E+00 1.3156E-12 3.1180E-11 8.4292E-11 1.7586E-10 3.5172E-10 6.6330E-10 1.2338E-09 2.1504E-09 3.6949E-09 6.5641E-09 1.3039E-08 2.7622E-08 4.6270E-08 5.7530E-08 6.3688E-08 6.3629E-08 6.0040E-08 5.6377E-08 5.2404E-08 4.7710E-08 4.2264E-08 3.6780E-08 3.1545E-08 2.6569E-08 2.2028E-08 1.7979E-08 1.4478E-08 1.1501E-08 9.0172E-09 6.9797E-09 5.3365E-09 4.0251E-09 2.9896E-09 2.1857E-09 1.5773E-09 1.1184E-09 7.8079E-10 5.0138E-10 2.3414E-10 1.0331E-10 4.4566E-11 3.1700E-11 1.1095E-11 5.1358E-13 0.0000E+00 0.0000E+00 0.0000E+00 0.0000E+00
0.0000E+00 0.0000E+00 0.0000E+00 0.0000E+00 0.0000E+00 0.0000E+00 0.0000E+00 0.0000E+00 0.0000E+00 0.0000E+00 2.0208E-11 6.7179E-11 1.5261E-10 3.0308E-10 5.8109E-10 1.0975E-09 1.9156E-09 3.3733E-09 6.1056E-09 1.3523E-08 3.1211E-08 6.1796E-08 8.7263E-08 8.9538E-08 8.1972E-08 6.9964E-08 6.0707E-08 5.4139E-08 4.8060E-08 4.1777E-08 3.5467E-08 2.9788E-08 2.4684E-08 2.0149E-08 1.6215E-08 1.2864E-08 1.0075E-08 7.7952E-09 5.9546E-09 4.5010E-09 3.3652E-09 2.4790E-09 1.7974E-09 1.2881E-09 9.0393E-10 5.9058E-10 3.1937E-10 2.0173E-10 8.5398E-11 3.3968E-11 1.4443E-11 1.0198E-12 0.0000E+00 0.0000E+00 0.0000E+00 0.0000E+00 0.0000E+00
0.0000E+00 0.0000E+00 0.0000E+00 0.0000E+00 0.0000E+00 0.0000E+00 0.0000E+00 0.0000E+00 0.0000E+00 0.0000E+00 1.2063E-11 5.2139E-11 1.2469E-10 2.5346E-10 4.8882E-10 9.0088E-10 1.6335E-09 2.9316E-09 5.3287E-09 1.3213E-08 3.8608E-08 8.2265E-08 1.2830E-07 1.3894E-07 1.1257E-07 8.4509E-08 6.4432E-08 5.4054E-08 4.6544E-08 3.9584E-08 3.3043E-08 2.7093E-08 2.2088E-08 1.7776E-08 1.4121E-08 1.1052E-08 8.5435E-09 6.5395E-09 4.9419E-09 3.6990E-09 2.7497E-09 2.0138E-09 1.4532E-09 1.0366E-09 6.9342E-10 3.8362E-10 2.7747E-10 1.6481E-10 6.4043E-11 1.5990E-11 1.5111E-12 0.0000E+00 0.0000E+00 0.0000E+00 0.0000E+00 0.0000E+00 0.0000E+00
0.0000E+00 0.0000E+00 0.0000E+00 0.0000E+00 0.0000E+00 0.0000E+00 0.0000E+00 0.0000E+00 0.0000E+00 0.0000E+00 0.0000E+00 4.1334E-11 8.6823E-11 2.0479E-10 3.9239E-10 7.3105E-10 1.3390E-09 2.3829E-09 4.2825E-09 1.1887E-08 5.4058E-08 1.2029E-07 1.7878E-07 2.0945E-07 1.7215E-07 1.0347E-07 6.7102E-08 5.1601E-08 4.2697E-08 3.5656E-08 2.9283E-08 2.3659E-08 1.8924E-08 1.5044E-08 1.1816E-08 9.1413E-09 6.9797E-09 5.3030E-09 3.9680E-09 2.9441E-09 2.1854E-09 1.5959E-09 1.1491E-09 7.9395E-10 4.9216E-10 3.2679E-10 2.3826E-10 1.3838E-10 3.9851E-11 1.4332E-12 0.0000E+00 0.0000E+00 0.0000E+00 0.0000E+00 0.0000E+00 0.0000E+00 0.0000E+00
0.0000E+00 0.0000E+00 0.0000E+00 0.0000E+00 0.0000E+00 0.0000E+00 0.0000E+00 0.0000E+00 0.0000E+00 0.0000E+00 0.0000E+00 1.9884E-11 6.0819E-11 1.5546E-10 2.9305E-10 5.6711E-10 1.0120E-09 1.8175E-09 3.2175E-09 1.1803E-08 9.4924E-08 2.1312E-07 2.5103E-07 2.8242E-07 2.6434E-07 1.3847E-07 6.5616E-08 4.5513E-08 3.6151E-08 2.9835E-08 2.4290E-08 1.9518E-08 1.5477E-08 1.2175E-08 9.4771E-09 7.2401E-09 5.5126E-09 4.1559E-09 3.0823E-09 2.2785E-09 1.6859E-09 1.2280E-09 8.6948E-10 5.7025E-10 3.8150E-10 2.7709E-10 1.9974E-10 9.9091E-11 2.0944E-11 0.0000E+00 0.0000E+00 0.0000E+00 0.0000E+00 0.0000E+00 0.0000E+00 0.0000E+00 0.0000E+00
0.0000E+00 0.0000E+00 0.0000E+00 0.0000E+00 0.0000E+00 0.0000E+00 0.0000E+00 0.0000E+00 0.0000E+00 0.0000E+00 0.0000E+00 2.9413E-12 4.5792E-11 1.0222E-10 2.0728E-10 4.1480E-10 7.3032E-10 1.3054E-09 2.2590E-09 1.3354E-07 4.9977E-07 3.0791E-07 3.2126E-07 3.2506E-07 2.9961E-07 1.2552E-07 4.3857E-08 3.3349E-08 2.6924E-08 2.2249E-08 1.8332E-08 1.4870E-08 1.1859E-08 9.3509E-09 7.2052E-09 5.5064E-09 4.1979E-09 3.1490E-09 2.3246E-09 1.7221E-09 1.2623E-09 8.9883E-10 6.2137E-10 4.3461E-10 3.1480E-10 2.2739E-10 1.4779E-10 7.0434E-11 1.7703E-11 0.0000E+00 0.0000E+00 0.0000E+00 0.0000E+00 0.0000E+00 0.0000E+00 0.0000E+00 0.0000E+00
