Assets/Resources/2015_m01_d01_0300(utc+0800)_l00_csi_1hr_conc.grd
DSAA
         159         159
     -79.000      79.000
     -79.000      79.000
  0.0000E+00  0.5852E-05
[rows 25 to 49 of 159, columns 57 to 113 of 159]
0.0000E+00 0.0000E+00 0.0000E+00 0.0000E+00 0.0000E+00 0.0000E+00 0.0000E+00 0.0000E+00 0.0000E+00 0.0000E+00 0.0000E+00 0.0000E+00 0.0000E+00 0.0000E+00 0.0000E+00 0.0000E+00 0.0000E+00 0.0000E+00 0.0000E+00 0.0000E+00 0.0000E+00 0.0000E+00 0.0000E+00 0.0000E+00 0.0000E+00 0.0000E+00 0.0000E+00 0.0000E+00 0.0000E+00 0.0000E+00 0.0000E+00 4.6507E-12 1.6107E-11 2.8042E-11 4.0217E-11 6.1214E-11 8.3709E-11 1.0611E-10 1.3334E-10 1.6007E-10 1.8711E-10 2.1407E-10 2.3970E-10 2.6272E-10 2.8188E-10 2.9608E-10 3.0447E-10 3.0657E-10 3.0228E-10 2.9187E-10 2.7585E-10 2.5454E-10 2.2992E-10 2.0328E-10 1.7587E-10 1.4956E-10 1.2305E-10
0.0000E+00 0.0000E+00 0.0000E+00 0.0000E+00 0.0000E+00 0.0000E+00 0.0000E+00 0.0000E+00 0.0000E+00 0.0000E+00 0.0000E+00 0.0000E+00 0.0000E+00 0.0000E+00 0.0000E+00 0.0000E+00 0.0000E+00 0.0000E+00 0.0000E+00 0.0000E+00 0.0000E+00 0.0000E+00 0.0000E+00 0.0000E+00 0.0000E+00 0.0000E+00 0.0000E+00 0.0000E+00 0.0000E+00 0.0000E+00 0.0000E+00 1.0859E-11 2.8473E-11 4.3537E-11 6.4554E-11 9.1870E-11 1.2091E-10 1.5553E-10 1.9149E-10 2.3065E-10 2.6899E-10 3.0724E-10 3.4340E-10 3.7559E-10 4.0202E-10 4.2117E-10 4.3189E-10 4.3356E-10 4.2611E-10 4.1006E-10 3.8643E-10 3.5622E-10 3.2119E-10 2.8227E-10 2.4243E-10 2.0366E-10 1.6880E-10
0.0000E+00 0.0000E+00 0.0000E+00 0.0000E+00 0.0000E+00 0.0000E+00 0.0000E+00 0.0000E+00 0.0000E+00 0.0000E+00 0.0000E+00 0.0000E+00 0.0000E+00 0.0000E+00 0.0000E+00 0.0000E+00 0.0000E+00 0.0000E+00 0.0000E+00 0.0000E+00 0.0000E+00 0.0000E+00 0.0000E+00 0.0000E+00 0.0000E+00 0.0000E+00 0.0000E+00 0.0000E+00 0.0000E+00 0.0000E+00 3.8244E-12 2.2673E-11 4.2115E-11 6.5566E-11 9.7698E-11 1.3842E-10 1.8016E-10 2.2575E-10 2.7630E-10 3.3156E-10 3.8709E-10 4.4080E-10 4.9085E-10 5.3403E-10 5.6931E-10 5.9396E-10 6.0653E-10 6.0627E-10 5.9328E-10 5.6801E-10 5.3184E-10 4.8759E-10 4.3753E-10 3.8419E-10 3.3058E-10 2.7673E-10 2.2624E-10
0.0000E+00 0.0000E+00 0.0000E+00 0.0000E+00 0.0000E+00 0.0000E+00 0.0000E+00 0.0000E+00 0.0000E+00 0.0000E+00 0.0000E+00 0.0000E+00 0.0000E+00 0.0000E+00 0.0000E+00 0.0000E+00 0.0000E+00 0.0000E+00 0.0000E+00 0.0000E+00 0.0000E+00 0.0000E+00 0.0000E+00 0.0000E+00 0.0000E+00 0.0000E+00 0.0000E+00 0.0000E+00 0.0000E+00 0.0000E+00 8.8645E-12 3.6723E-11 6.5080E-11 9.7812E-11 1.4200E-10 1.9069E-10 2.4861E-10 3.1579E-10 3.8836E-10 4.6369E-10 5.3599E-10 6.0924E-10 6.7697E-10 7.3551E-10 7.8148E-10 8.1219E-10 8.2746E-10 8.2426E-10 8.0372E-10 7.6716E-10 7.1659E-10 6.5468E-10 5.8445E-10 5.1073E-10 4.3727E-10 3.6806E-10 3.0152E-10
0.0000E+00 0.0000E+00 0.0000E+00 0.0000E+00 0.0000E+00 0.0000E+00 0.0000E+00 0.0000E+00 0.0000E+00 0.0000E+00 0.0000E+00 0.0000E+00 0.0000E+00 0.0000E+00 0.0000E+00 0.0000E+00 0.0000E+00 0.0000E+00 0.0000E+00 0.0000E+00 0.0000E+00 0.0000E+00 0.0000E+00 0.0000E+00 0.0000E+00 0.0000E+00 0.0000E+00 0.0000E+00 0.0000E+00 3.6810E-12 2.1484E-11 5.1921E-11 9.1068E-11 1.4109E-10 2.0250E-10 2.6973E-10 3.5318E-10 4.3849E-10 5.3652E-10 6.3846E-10 7.4093E-10 8.3966E-10 9.2948E-10 1.0050E-09 1.0637E-09 1.1012E-09 1.1151E-09 1.1049E-09 1.0708E-09 1.0191E-09 9.4732E-10 8.6190E-10 7.6830E-10 6.6981E-10 5.7074E-10 4.7620E-10 3.9140E-10
0.0000E+00 0.0000E+00 0.0000E+00 0.0000E+00 0.0000E+00 0.0000E+00 0.0000E+00 0.0000E+00 0.0000E+00 0.0000E+00 0.0000E+00 0.0000E+00 0.0000E+00 0.0000E+00 0.0000E+00 0.0000E+00 0.0000E+00 0.0000E+00 0.0000E+00 0.0000E+00 0.0000E+00 0.0000E+00 0.0000E+00 0.0000E+00 0.0000E+00 0.0000E+00 0.0000E+00 0.0000E+00 0.0000E+00 8.6371E-12 3.4129E-11 7.6661E-11 1.3316E-10 1.9859E-10 2.7367E-10 3.6949E-10 4.8014E-10 6.0291E-10 7.3846E-10 8.7528E-10 1.0102E-09 1.1419E-09 1.2605E-09 1.3592E-09 1.4318E-09 1.4756E-09 1.4895E-09 1.4691E-09 1.4177E-09 1.3391E-09 1.2373E-09 1.1188E-09 9.9456E-10 8.6347E-10 7.3529E-10 6.1072E-10 4.9640E-10
0.0000E+00 0.0000E+00 0.0000E+00 0.0000E+00 0.0000E+00 0.0000E+00 0.0000E+00 0.0000E+00 0.0000E+00 0.0000E+00 0.0000E+00 0.0000E+00 0.0000E+00 0.0000E+00 0.0000E+00 0.0000E+00 0.0000E+00 0.0000E+00 0.0000E+00 0.0000E+00 0.0000E+00 0.0000E+00 0.0000E+00 0.0000E+00 0.0000E+00 0.0000E+00 0.0000E+00 0.0000E+00 0.0000E+00 1.9899E-11 5.8210E-11 1.0565E-10 1.8242E-10 2.6807E-10 3.7327E-10 5.0190E-10 6.4530E-10 8.0599E-10 9.8279E-10 1.1679E-09 1.3519E-09 1.5250E-09 1.6774E-09 1.8041E-09 1.8952E-09 1.9454E-09 1.9520E-09 1.9143E-09 1.8398E-09 1.7325E-09 1.5933E-09 1.4355E-09 1.2645E-09 1.0908E-09 9.2310E-10 7.7005E-10 6.2436E-10
0.0000E+00 0.0000E+00 0.0000E+00 0.0000E+00 0.0000E+00 0.0000E+00 0.0000E+00 0.0000E+00 0.0000E+00 0.0000E+00 0.0000E+00 0.0000E+00 0.0000E+00 0.0000E+00 0.0000E+00 0.0000E+00 0.0000E+00 0.0000E+00 0.0000E+00 0.0000E+00 0.0000E+00 0.0000E+00 0.0000E+00 0.0000E+00 0.0000E+00 0.0000E+00 0.0000E+00 0.0000E+00 7.7205E-12 3.3942E-11 7.7078E-11 1.4933E-10 2.5403E-10 3.6210E-10 4.9610E-10 6.6739E-10 8.6040E-10 1.0794E-09 1.3147E-09 1.5547E-09 1.7925E-09 2.0171E-09 2.2140E-09 2.3708E-09 2.4784E-09 2.5349E-09 2.5354E-09 2.4761E-09 2.3653E-09 2.2089E-09 2.0184E-09 1.8096E-09 1.5916E-09 1.3672E-09 1.1491E-09 9.4774E-10 7.6975E-10
0.0000E+00 0.0000E+00 0.0000E+00 0.0000E+00 0.0000E+00 0.0000E+00 0.0000E+00 0.0000E+00 0.0000E+00 0.0000E+00 0.0000E+00 0.0000E+00 0.0000E+00 0.0000E+00 0.0000E+00 0.0000E+00 0.0000E+00 0.0000E+00 0.0000E+00 0.0000E+00 0.0000E+00 0.0000E+00 0.0000E+00 0.0000E+00 0.0000E+00 0.0000E+00 0.0000E+00 0.0000E+00 1.5868E-11 5.2709E-11 1.1015E-10 2.0111E-10 3.3132E-10 4.7541E-10 6.6408E-10 8.8638E-10 1.1356E-09 1.4199E-09 1.7279E-09 2.0447E-09 2.3550E-09 2.6423E-09 2.8880E-09 3.0854E-09 3.2142E-09 3.2686E-09 3.2455E-09 3.1490E-09 2.9966E-09 2.7889E-09 2.5368E-09 2.2568E-09 1.9666E-09 1.6808E-09 1.4103E-09 1.1569E-09 9.2958E-10
0.0000E+00 0.0000E+00 0.0000E+00 0.0000E+00 0.0000E+00 0.0000E+00 0.0000E+00 0.0000E+00 0.0000E+00 0.0000E+00 0.0000E+00 0.0000E+00 0.0000E+00 0.0000E+00 0.0000E+00 0.0000E+00 0.0000E+00 0.0000E+00 0.0000E+00 0.0000E+00 0.0000E+00 0.0000E+00 0.0000E+00 0.0000E+00 0.0000E+00 0.0000E+00 0.0000E+00 5.3757E-12 3.2806E-11 7.8206E-11 1.5297E-10 2.7298E-10 4.4162E-10 6.2735E-10 8.6264E-10 1.1451E-09 1.4803E-09 1.8509E-09 2.2475E-09 2.6496E-09 3.0449E-09 3.4095E-09 3.7190E-09 3.9542E-09 4.1003E-09 4.1590E-09 4.1181E-09 3.9796E-09 3.7570E-09 3.4678E-09 3.1318E-09 2.7802E-09 2.4108E-09 2.0454E-09 1.7036E-09 1.3908E-09 1.1107E-09
0.0000E+00 0.0000E+00 0.0000E+00 0.0000E+00 0.0000E+00 0.0000E+00 0.0000E+00 0.0000E+00 0.0000E+00 0.0000E+00 0.0000E+00 0.0000E+00 0.0000E+00 0.0000E+00 0.0000E+00 0.0000E+00 0.0000E+00 0.0000E+00 0.0000E+00 0.0000E+00 0.0000E+00 0.0000E+00 0.0000E+00 0.0000E+00 0.0000E+00 0.0000E+00 0.0000E+00 1.3769E-11 5.2960E-11 1.1309E-10 2.1470E-10 3.5870E-10 5.6901E-10 8.1724E-10 1.1259E-09 1.4941E-09 1.9170E-09 2.3887E-09 2.8971E-09 3.4157E-09 3.9170E-09 4.3693E-09 4.7496E-09 5.0393E-09 5.2057E-09 5.2437E-09 5.1540E-09 4.9465E-09 4.6572E-09 4.2790E-09 3.8412E-09 3.3756E-09 2.9076E-09 2.4507E-09 2.0278E-09 1.6464E-09 1.3089E-09
0.0000E+00 0.0000E+00 0.0000E+00 0.0000E+00 0.0000E+00 0.0000E+00 0.0000E+00 0.0000E+00 0.0000E+00 0.0000E+00 0.0000E+00 0.0000E+00 0.0000E+00 0.0000E+00 0.0000E+00 0.0000E+00 0.0000E+00 0.0000E+00 0.0000E+00 0.0000E+00 0.0000E+00 0.0000E+00 0.0000E+00 0.0000E+00 0.0000E+00 0.0000E+00 5.5027E-12 3.0853E-11 7.5298E-11 1.5439E-10 2.8510E-10 4.7630E-10 7.4290E-10 1.0515E-09 1.4373E-09 1.9076E-09 2.4511E-09 3.0581E-09 3.6957E-09 4.3433E-09 4.9755E-09 5.5421E-09 6.0065E-09 6.3378E-09 6.5166E-09 6.5467E-09 6.4102E-09 6.1204E-09 5.7062E-09 5.2002E-09 4.6402E-09 4.0538E-09 3.4659E-09 2.9053E-09 2.3824E-09 1.9145E-09 1.5159E-09
0.0000E+00 0.0000E+00 0.0000E+00 0.0000E+00 0.0000E+00 0.0000E+00 0.0000E+00 0.0000E+00 0.0000E+00 0.0000E+00 0.0000E+00 0.0000E+00 0.0000E+00 0.0000E+00 0.0000E+00 0.0000E+00 0.0000E+00 0.0000E+00 0.0000E+00 0.0000E+00 0.0000E+00 0.0000E+00 0.0000E+00 0.0000E+00 0.0000E+00 0.0000E+00 1.2397E-11 5.0605E-11 1.1365E-10 2.2066E-10 3.8158E-10 6.0894E-10 9.4396E-10 1.3542E-09 1.8476E-09 2.4393E-09 3.1184E-09 3.8750E-09 4.6863E-09 5.5067E-09 6.2830E-09 6.9674E-09 7.5246E-09 7.9162E-09 8.1006E-09 8.0757E-09 7.8491E-09 7.4515E-09 6.9186E-09 6.2674E-09 5.5472E-09 4.8040E-09 4.0691E-09 3.3799E-09 2.7588E-09 2.1989E-09 1.7182E-09
0.0000E+00 0.0000E+00 0.0000E+00 0.0000E+00 0.0000E+00 0.0000E+00 0.0000E+00 0.0000E+00 0.0000E+00 0.0000E+00 0.0000E+00 0.0000E+00 0.0000E+00 0.0000E+00 0.0000E+00 0.0000E+00 0.0000E+00 0.0000E+00 0.0000E+00 0.0000E+00 0.0000E+00 0.0000E+00 0.0000E+00 0.0000E+00 0.0000E+00 2.1199E-12 3.0468E-11 8.5030E-11 1.6029E-10 2.9609E-10 4.9975E-10 7.8970E-10 1.1990E-09 1.7074E-09 2.3223E-09 3.0662E-09 3.9268E-09 4.8876E-09 5.8814E-09 6.8903E-09 7.8494E-09 8.6866E-09 9.3420E-09 9.7701E-09 9.9495E-09 9.8805E-09 9.5518E-09 8.9992E-09 8.2757E-09 7.4303E-09 6.5308E-09 5.6171E-09 4.7235E-09 3.8844E-09 3.1307E-09 2.4827E-09 1.9253E-09
0.0000E+00 0.0000E+00 0.0000E+00 0.0000E+00 0.0000E+00 0.0000E+00 0.0000E+00 0.0000E+00 0.0000E+00 0.0000E+00 0.0000E+00 0.0000E+00 0.0000E+00 0.0000E+00 0.0000E+00 0.0000E+00 0.0000E+00 0.0000E+00 0.0000E+00 0.0000E+00 0.0000E+00 0.0000E+00 0.0000E+00 0.0000E+00 0.0000E+00 1.2522E-11 5.0001E-11 1.1224E-10 2.2117E-10 4.0292E-10 6.5255E-10 1.0107E-09 1.5199E-09 2.1572E-09 2.9343E-09 3.8458E-09 4.9094E-09 6.0886E-09 7.3280E-09 8.5678E-09 9.7196E-09 1.0707E-08 1.1472E-08 1.1956E-08 1.2105E-08 1.1927E-08 1.1444E-08 1.0714E-08 9.7929E-09 8.7281E-09 7.5929E-09 6.4572E-09 5.3808E-09 4.3930E-09 3.5050E-09 2.7430E-09 2.1088E-09
0.0000E+00 0.0000E+00 0.0000E+00 0.0000E+00 0.0000E+00 0.0000E+00 0.0000E+00 0.0000E+00 0.0000E+00 0.0000E+00 0.0000E+00 0.0000E+00 0.0000E+00 0.0000E+00 0.0000E+00 0.0000E+00 0.0000E+00 0.0000E+00 0.0000E+00 0.0000E+00 0.0000E+00 0.0000E+00 0.0000E+00 0.0000E+00 0.0000E+00 2.6290E-11 7.6600E-11 1.6091E-10 2.9643E-10 5.1294E-10 8.3165E-10 1.2947E-09 1.9122E-09 2.6929E-09 3.6393E-09 4.7864E-09 6.1057E-09 7.5552E-09 9.0585E-09 1.0552E-08 1.1943E-08 1.3109E-08 1.3969E-08 1.4459E-08 1.4558E-08 1.4268E-08 1.3598E-08 1.2617E-08 1.1408E-08 1.0067E-08 8.6963E-09 7.3265E-09 6.0314E-09 4.8705E-09 3.8495E-09 2.9806E-09 2.2678E-09
0.0000E+00 0.0000E+00 0.0000E+00 0.0000E+00 0.0000E+00 0.0000E+00 0.0000E+00 0.0000E+00 0.0000E+00 0.0000E+00 0.0000E+00 0.0000E+00 0.0000E+00 0.0000E+00 0.0000E+00 0.0000E+00 0.0000E+00 0.0000E+00 0.0000E+00 0.0000E+00 0.0000E+00 0.0000E+00 0.0000E+00 0.0000E+00 9.6222E-12 4.1897E-11 1.0388E-10 2.1399E-10 3.9699E-10 6.6946E-10 1.0669E-09 1.6218E-09 2.3726E-09 3.3476E-09 4.5139E-09 5.9140E-09 7.5195E-09 9.2751E-09 1.1105E-08 1.2893E-08 1.4518E-08 1.5865E-08 1.6836E-08 1.7345E-08 1.7337E-08 1.6836E-08 1.5907E-08 1.4644E-08 1.3135E-08 1.1472E-08 9.7804E-09 8.1566E-09 6.6448E-09 5.2955E-09 4.1392E-09 3.1611E-09 2.3706E-09
0.0000E+00 0.0000E+00 0.0000E+00 0.0000E+00 0.0000E+00 0.0000E+00 0.0000E+00 0.0000E+00 0.0000E+00 0.0000E+00 0.0000E+00 0.0000E+00 0.0000E+00 0.0000E+00 0.0000E+00 0.0000E+00 0.0000E+00 0.0000E+00 0.0000E+00 0.0000E+00 0.0000E+00 0.0000E+00 0.0000E+00 0.0000E+00 1.4361E-11 6.0392E-11 1.4356E-10 2.8659E-10 5.0448E-10 8.4598E-10 1.3488E-09 2.0421E-09 2.9598E-09 4.1264E-09 5.5665E-09 7.2846E-09 9.2364E-09 1.1349E-08 1.3521E-08 1.5641E-08 1.7553E-08 1.9081E-08 2.0109E-08 2.0558E-08 2.0407E-08 1.9679E-08 1.8418E-08 1.6761E-08 1.4855E-08 1.2841E-08 1.0827E-08 8.9072E-09 7.1696E-09 5.6384E-09 4.3465E-09 3.2860E-09 2.4257E-09
0.0000E+00 0.0000E+00 0.0000E+00 0.0000E+00 0.0000E+00 0.0000E+00 0.0000E+00 0.0000E+00 0.0000E+00 0.0000E+00 0.0000E+00 0.0000E+00 0.0000E+00 0.0000E+00 0.0000E+00 0.0000E+00 0.0000E+00 0.0000E+00 0.0000E+00 0.0000E+00 0.0000E+00 0.0000E+00 0.0000E+00 0.0000E+00 2.5734E-11 7.2793E-11 1.7761E-10 3.6031E-10 6.4886E-10 1.0748E-09 1.6874E-09 2.5117E-09 3.6254E-09 5.0469E-09 6.8251E-09 8.8992E-09 1.1227E-08 1.3773E-08 1.6359E-08 1.8834E-08 2.1007E-08 2.2712E-08 2.3797E-08 2.4158E-08 2.3756E-08 2.2661E-08 2.0998E-08 1.8912E-08 1.6562E-08 1.4122E-08 1.1744E-08 9.5309E-09 7.5685E-09 5.8708E-09 4.4468E-09 3.3081E-09 2.4085E-09
0.0000E+00 0.0000E+00 0.0000E+00 0.0000E+00 0.0000E+00 0.0000E+00 0.0000E+00 0.0000E+00 0.0000E+00 0.0000E+00 0.0000E+00 0.0000E+00 0.0000E+00 0.0000E+00 0.0000E+00 0.0000E+00 0.0000E+00 0.0000E+00 0.0000E+00 0.0000E+00 0.0000E+00 0.0000E+00 0.0000E+00 0.0000E+00 3.2616E-11 1.0299E-10 2.3656E-10 4.5283E-10 7.9171E-10 1.3221E-09 2.0847E-09 3.1136E-09 4.4586E-09 6.1773E-09 8.3284E-09 1.0812E-08 1.3616E-08 1.6617E-08 1.9640E-08 2.2513E-08 2.4984E-08 2.6829E-08 2.7878E-08 2.8045E-08 2.7331E-08 2.5803E-08 2.3611E-08 2.0981E-08 1.8119E-08 1.5235E-08 1.2486E-08 9.9730E-09 7.7780E-09 5.9480E-09 4.4389E-09 3.2440E-09 2.3189E-09
0.0000E+00 0.0000E+00 0.0000E+00 0.0000E+00 0.0000E+00 0.0000E+00 0.0000E+00 0.0000E+00 0.0000E+00 0.0000E+00 0.0000E+00 0.0000E+00 0.0000E+00 0.0000E+00 0.0000E+00 0.0000E+00 0.0000E+00 0.0000E+00 0.0000E+00 0.0000E+00 0.0000E+00 0.0000E+00 0.0000E+00 1.7932E-12 4.4415E-11 1.2344E-10 2.8475E-10 5.6147E-10 9.8986E-10 1.6364E-09 2.5420E-09 3.7818E-09 5.3990E-09 7.4986E-09 1.0096E-08 1.3061E-08 1.6392E-08 1.9939E-08 2.3461E-08 2.6731E-08 2.9459E-08 3.1402E-08 3.2365E-08 3.2234E-08 3.1042E-08 2.8928E-08 2.6120E-08 2.2877E-08 1.9457E-08 1.6084E-08 1.2952E-08 1.0185E-08 7.8016E-09 5.8489E-09 4.2779E-09 3.0660E-09 2.1559E-09
0.0000E+00 0.0000E+00 0.0000E+00 0.0000E+00 0.0000E+00 0.0000E+00 0.0000E+00 0.0000E+00 0.0000E+00 0.0000E+00 0.0000E+00 0.0000E+00 0.0000E+00 0.0000E+00 0.0000E+00 0.0000E+00 0.0000E+00 0.0000E+00 0.0000E+00 0.0000E+00 0.0000E+00 0.0000E+00 0.0000E+00 8.9091E-13 4.8306E-11 1.5139E-10 3.5427E-10 6.7150E-10 1.1886E-09 1.9804E-09 3.0919E-09 4.5921E-09 6.5559E-09 9.0712E-09 1.2142E-08 1.5706E-08 1.9624E-08 2.3740E-08 2.7814E-08 3.1526E-08 3.4514E-08 3.6447E-08 3.7158E-08 3.6574E-08 3.4779E-08 3.1958E-08 2.8406E-08 2.4456E-08 2.0434E-08 1.6604E-08 1.3110E-08 1.0096E-08 7.5811E-09 5.5716E-09 3.9988E-09 2.8014E-09 1.9207E-09
0.0000E+00 0.0000E+00 0.0000E+00 0.0000E+00 0.0000E+00 0.0000E+00 0.0000E+00 0.0000E+00 0.0000E+00 0.0000E+00 0.0000E+00 0.0000E+00 0.0000E+00 0.0000E+00 0.0000E+00 0.0000E+00 0.0000E+00 0.0000E+00 0.0000E+00 0.0000E+00 0.0000E+00 0.0000E+00 0.0000E+00 2.0617E-13 5.2690E-11 1.7697E-10 4.0629E-10 7.9752E-10 1.4434E-09 2.3835E-09 3.6998E-09 5.4879E-09 7.8851E-09 1.0923E-08 1.4584E-08 1.8761E-08 2.3381E-08 2.8196E-08 3.2839E-08 3.6924E-08 4.0064E-08 4.1917E-08 4.2258E-08 4.1028E-08 3.8382E-08 3.4675E-08 3.0291E-08 2.5609E-08 2.0965E-08 1.6674E-08 1.2901E-08 9.7285E-09 7.1430E-09 5.1181E-09 3.5755E-09 2.4473E-09 1.6404E-09
0.0000E+00 0.0000E+00 0.0000E+00 0.0000E+00 0.0000E+00 0.0000E+00 0.0000E+00 0.0000E+00 0.0000E+00 0.0000E+00 0.0000E+00 0.0000E+00 0.0000E+00 0.0000E+00 0.0000E+00 0.0000E+00 0.0000E+00 0.0000E+00 0.0000E+00 0.0000E+00 0.0000E+00 0.0000E+00 0.0000E+00 0.0000E+00 6.3486E-11 2.0578E-10 4.7285E-10 9.3157E-10 1.6870E-09 2.8125E-09 4.4094E-09 6.5923E-09 9.4412E-09 1.3012E-08 1.7347E-08 2.2325E-08 2.7687E-08 3.3211E-08 3.8483E-08 4.3004E-08 4.6239E-08 4.7782E-08 4.7444E-08 4.5340E-08 4.1722E-08 3.6966E-08 3.1597E-08 2.6144E-08 2.0961E-08 1.6300E-08 1.2310E-08 9.0410E-09 6.4702E-09 4.5305E-09 3.0842E-09 2.0497E-09 1.3258E-09
0.0000E+00 0.0000E+00 0.0000E+00 0.0000E+00 0.0000E+00 0.0000E+00 0.0000E+00 0.0000E+00 0.0000E+00 0.0000E+00 0.0000E+00 0.0000E+00 0.0000E+00 0.0000E+00 0.0000E+00 0.0000E+00 0.0000E+00 0.0000E+00 0.0000E+00 0.0000E+00 0.0000E+00 0.0000E+00 0.0000E+00 0.0000E+00 6.2737E-11 2.2691E-10 5.3433E-10 1.0860E-09 1.9789E-09 3.3076E-09 5.1630E-09 7.7800E-09 1.1210E-08 1.5516E-08 2.0601E-08 2.6373E-08 3.2654E-08 3.9009E-08 4.4908E-08 4.9720E-08 5.2841E-08 5.3896E-08 5.2707E-08 4.9401E-08 4.4459E-08 3.8557E-08 3.2238E-08 2.6019E-08 2.0328E-08 1.5402E-08 1.1335E-08 8.1191E-09 5.6487E-09 3.8387E-09 2.5186E-09 1.6247E-09 1.0222E-09
