Assets/Resources/2015_m01_d27_1000(utc+0800)_l00_csi_1hr_conc.grd
DSAA
         159         159
     -79.000      79.000
     -79.000      79.000
  0.0000E+00  0.7894E-06
[rows 0 to 24 of 159, columns 0 to 56 of 159]
0.0000E+00 0.0000E+00 0.0000E+00 0.0000E+00 0.0000E+00 0.0000E+00 0.0000E+00 0.0000E+00 0.0000E+00 0.0000E+00 7.4013E-13 3.2762E-12 1.0173E-11 2.1264E-11 3.5836E-11 5.2266E-11 7.6354E-11 1.0752E-10 1.4597E-10 1.9559E-10 2.5581E-10 3.3307E-10 4.2557E-10 5.4016E-10 6.7563E-10 8.3632E-10 1.0235E-09 1.2382E-09 1.4822E-09 1.7541E-09 2.0522E-09 2.3754E-09 2.7179E-09 3.0741E-09 3.4390E-09 3.8039E-09 4.1598E-09 4.4974E-09 4.8092E-09 5.0856E-09 5.3157E-09 5.4969E-09 5.6218E-09 5.6861E-09 5.6891E-09 5.6311E-09 5.5146E-09 5.3436E-09 5.1245E-09 4.8628E-09 4.5694E-09 4.2504E-09 3.9148E-09 3.5698E-09 3.2243E-09 2.8857E-09 2.5586E-09
0.0000E+00 0.0000E+00 0.0000E+00 0.0000E+00 0.0000E+00 0.0000E+00 0.0000E+00 0.0000E+00 0.0000E+00 0.0000E+00 6.8058E-13 3.0984E-12 9.6657E-12 2.0386E-11 3.5050E-11 5.1607E-11 7.5585E-11 1.0754E-10 1.4614E-10 1.9676E-10 2.5872E-10 3.3750E-10 4.3318E-10 5.5039E-10 6.9120E-10 8.5830E-10 1.0535E-09 1.2787E-09 1.5346E-09 1.8210E-09 2.1377E-09 2.4814E-09 2.8465E-09 3.2303E-09 3.6242E-09 4.0199E-09 4.4095E-09 4.7827E-09 5.1300E-09 5.4398E-09 5.7066E-09 5.9217E-09 6.0758E-09 6.1682E-09 6.1961E-09 6.1582E-09 6.0567E-09 5.8967E-09 5.6824E-09 5.4225E-09 5.1246E-09 4.7963E-09 4.4461E-09 4.0843E-09 3.7180E-09 3.3544E-09 2.9992E-09
0.0000E+00 0.0000E+00 0.0000E+00 0.0000E+00 0.0000E+00 0.0000E+00 0.0000E+00 0.0000E+00 0.0000E+00 0.0000E+00 1.3147E-13 2.7888E-12 8.4603E-12 1.9223E-11 3.3755E-11 4.9963E-11 7.3582E-11 1.0591E-10 1.4513E-10 1.9535E-10 2.5859E-10 3.3743E-10 4.3571E-10 5.5467E-10 6.9989E-10 8.7078E-10 1.0727E-09 1.3059E-09 1.5721E-09 1.8719E-09 2.2041E-09 2.5651E-09 2.9521E-09 3.3607E-09 3.7810E-09 4.2074E-09 4.6297E-09 5.0368E-09 5.4192E-09 5.7668E-09 6.0710E-09 6.3190E-09 6.5091E-09 6.6349E-09 6.6903E-09 6.6779E-09 6.5987E-09 6.4553E-09 6.2543E-09 6.0023E-09 5.7053E-09 5.3743E-09 5.0176E-09 4.6432E-09 4.2593E-09 3.8735E-09 3.4941E-09
0.0000E+00 0.0000E+00 0.0000E+00 0.0000E+00 0.0000E+00 0.0000E+00 0.0000E+00 0.0000E+00 0.0000E+00 0.0000E+00 0.0000E+00 1.5058E-12 6.6377E-12 1.7515E-11 3.1803E-11 4.7744E-11 7.0918E-11 1.0299E-10 1.4197E-10 1.9135E-10 2.5514E-10 3.3430E-10 4.3302E-10 5.5324E-10 7.0025E-10 8.7416E-10 1.0809E-09 1.3195E-09 1.5940E-09 1.9037E-09 2.2480E-09 2.6245E-09 3.0308E-09 3.4600E-09 3.9055E-09 4.3601E-09 4.8126E-09 5.2532E-09 5.6710E-09 6.0559E-09 6.3964E-09 6.6836E-09 6.9117E-09 7.0710E-09 7.1618E-09 7.1818E-09 7.1296E-09 7.0109E-09 6.8302E-09 6.5918E-09 6.3063E-09 5.9808E-09 5.6230E-09 5.2414E-09 4.8473E-09 4.4469E-09 4.0478E-09
0.0000E+00 0.0000E+00 0.0000E+00 0.0000E+00 0.0000E+00 0.0000E+00 0.0000E+00 0.0000E+00 0.0000E+00 0.0000E+00 0.0000E+00 1.3879E-13 4.5233E-12 1.3914E-11 2.9340E-11 4.4836E-11 6.7290E-11 9.8648E-11 1.3732E-10 1.8550E-10 2.4852E-10 3.2721E-10 4.2468E-10 5.4556E-10 6.9228E-10 8.6811E-10 1.0764E-09 1.3188E-09 1.5988E-09 1.9151E-09 2.2689E-09 2.6577E-09 3.0785E-09 3.5260E-09 3.9936E-09 4.4730E-09 4.9530E-09 5.4253E-09 5.8773E-09 6.2981E-09 6.6760E-09 7.0037E-09 7.2705E-09 7.4700E-09 7.6004E-09 7.6554E-09 7.6387E-09 7.5527E-09 7.3986E-09 7.1853E-09 6.9184E-09 6.6054E-09 6.2559E-09 5.8788E-09 5.4814E-09 5.0724E-09 4.6575E-09
0.0000E+00 0.0000E+00 0.0000E+00 0.0000E+00 0.0000E+00 0.0000E+00 0.0000E+00 0.0000E+00 0.0000E+00 0.0000E+00 0.0000E+00 0.0000E+00 2.3324E-12 1.0068E-11 2.5644E-11 4.1444E-11 6.2929E-11 9.3214E-11 1.3082E-10 1.7757E-10 2.3871E-10 3.1646E-10 4.1197E-10 5.3178E-10 6.7706E-10 8.5232E-10 1.0601E-09 1.3039E-09 1.5857E-09 1.9056E-09 2.2656E-09 2.6626E-09 3.0940E-09 3.5564E-09 4.0414E-09 4.5412E-09 5.0468E-09 5.5473E-09 6.0297E-09 6.4859E-09 6.9022E-09 7.2698E-09 7.5759E-09 7.8201E-09 7.9921E-09 8.0898E-09 8.1159E-09 8.0670E-09 7.9497E-09 7.7694E-09 7.5303E-09 7.2416E-09 6.9109E-09 6.5461E-09 6.1529E-09 5.7419E-09 5.3212E-09
0.0000E+00 0.0000E+00 0.0000E+00 0.0000E+00 0.0000E+00 0.0000E+00 0.0000E+00 0.0000E+00 0.0000E+00 0.0000E+00 0.0000E+00 0.0000E+00 3.9595E-13 6.0108E-12 1.9353E-11 3.7582E-11 5.8000E-11 8.6792E-11 1.2291E-10 1.6784E-10 2.2644E-10 3.0215E-10 3.9516E-10 5.1169E-10 6.5470E-10 8.2681E-10 1.0327E-09 1.2747E-09 1.5551E-09 1.8757E-09 2.2377E-09 2.6385E-09 3.0769E-09 3.5491E-09 4.0467E-09 4.5636E-09 5.0894E-09 5.6139E-09 6.1254E-09 6.6141E-09 7.0653E-09 7.4715E-09 7.8228E-09 8.1110E-09 8.3270E-09 8.4746E-09 8.5457E-09 8.5433E-09 8.4721E-09 8.3322E-09 8.1323E-09 7.8779E-09 7.5759E-09 7.2306E-09 6.8554E-09 6.4545E-09 6.0343E-09
0.0000E+00 0.0000E+00 0.0000E+00 0.0000E+00 0.0000E+00 0.0000E+00 0.0000E+00 0.0000E+00 0.0000E+00 0.0000E+00 0.0000E+00 0.0000E+00 0.0000E+00 2.7369E-12 1.3094E-11 3.0833E-11 5.2639E-11 7.9638E-11 1.1387E-10 1.5656E-10 2.1218E-10 2.8472E-10 3.7455E-10 4.8662E-10 6.2591E-10 7.9306E-10 9.9476E-10 1.2317E-09 1.5082E-09 1.8258E-09 2.1857E-09 2.5863E-09 3.0272E-09 3.5036E-09 4.0093E-09 4.5382E-09 5.0790E-09 5.6235E-09 6.1590E-09 6.6761E-09 7.1617E-09 7.6057E-09 7.9995E-09 8.3305E-09 8.5989E-09 8.7966E-09 8.9184E-09 8.9710E-09 8.9501E-09 8.8617E-09 8.7109E-09 8.4999E-09 8.2361E-09 7.9274E-09 7.5791E-09 7.1965E-09 6.7866E-09
0.0000E+00 0.0000E+00 0.0000E+00 0.0000E+00 0.0000E+00 0.0000E+00 0.0000E+00 0.0000E+00 0.0000E+00 0.0000E+00 0.0000E+00 0.0000E+00 0.0000E+00 1.7317E-13 7.8072E-12 2.1949E-11 4.6514E-11 7.1970E-11 1.0391E-10 1.4400E-10 1.9637E-10 2.6493E-10 3.5067E-10 4.5758E-10 5.9104E-10 7.5212E-10 9.4690E-10 1.1765E-09 1.4463E-09 1.7573E-09 2.1112E-09 2.5076E-09 2.9456E-09 3.4216E-09 3.9300E-09 4.4646E-09 5.0152E-09 5.5747E-09 6.1298E-09 6.6707E-09 7.1861E-09 7.6651E-09 8.1007E-09 8.4775E-09 8.7960E-09 9.0435E-09 9.2249E-09 9.3349E-09 9.3731E-09 9.3447E-09 9.2496E-09 9.0930E-09 8.8810E-09 8.6180E-09 8.3067E-09 7.9574E-09 7.5728E-09
0.0000E+00 0.0000E+00 0.0000E+00 0.0000E+00 0.0000E+00 0.0000E+00 0.0000E+00 0.0000E+00 0.0000E+00 0.0000E+00 0.0000E+00 0.0000E+00 0.0000E+00 0.0000E+00 3.1395E-12 1.4265E-11 3.4980E-11 6.3803E-11 9.3351E-11 1.3061E-10 1.7940E-10 2.4335E-10 3.2426E-10 4.2530E-10 5.5139E-10 7.0491E-10 8.9070E-10 1.1111E-09 1.3713E-09 1.6722E-09 2.0166E-09 2.4044E-09 2.8345E-09 3.3052E-09 3.8106E-09 4.3452E-09 4.9007E-09 5.4683E-09 6.0365E-09 6.5974E-09 7.1385E-09 7.6480E-09 8.1209E-09 8.5441E-09 8.9102E-09 9.2139E-09 9.4543E-09 9.6228E-09 9.7277E-09 9.7642E-09 9.7339E-09 9.6432E-09 9.4931E-09 9.2849E-09 9.0282E-09 8.7245E-09 8.3786E-09
0.0000E+00 0.0000E+00 0.0000E+00 0.0000E+00 0.0000E+00 0.0000E+00 0.0000E+00 0.0000E+00 0.0000E+00 0.0000E+00 0.0000E+00 0.0000E+00 0.0000E+00 0.0000E+00 1.1918E-12 7.1820E-12 2.4078E-11 5.2050E-11 8.2399E-11 1.1667E-10 1.6172E-10 2.2080E-10 2.9605E-10 3.9054E-10 5.0824E-10 6.5297E-10 8.2806E-10 1.0372E-09 1.2853E-09 1.5732E-09 1.9049E-09 2.2796E-09 2.6977E-09 3.1579E-09 3.6544E-09 4.1836E-09 4.7370E-09 5.3074E-09 5.8833E-09 6.4576E-09 7.0177E-09 7.5541E-09 8.0616E-09 8.5262E-09 8.9369E-09 9.2965E-09 9.5927E-09 9.8285E-09 1.0003E-08 1.0107E-08 1.0151E-08 1.0133E-08 1.0051E-08 9.9153E-09 9.7249E-09 9.4785E-09 9.1820E-09
0.0000E+00 0.0000E+00 0.0000E+00 0.0000E+00 0.0000E+00 0.0000E+00 0.0000E+00 0.0000E+00 0.0000E+00 0.0000E+00 0.0000E+00 0.0000E+00 0.0000E+00 0.0000E+00 7.7110E-13 3.2940E-12 1.4512E-11 3.6824E-11 7.1281E-11 1.0264E-10 1.4377E-10 1.9781E-10 2.6697E-10 3.5429E-10 4.6302E-10 5.9745E-10 7.6087E-10 9.5730E-10 1.1909E-09 1.4634E-09 1.7790E-09 2.1370E-09 2.5389E-09 2.9837E-09 3.4661E-09 3.9849E-09 4.5304E-09 5.0965E-09 5.6735E-09 6.2549E-09 6.8282E-09 7.3848E-09 7.9196E-09 8.4212E-09 8.8776E-09 9.2868E-09 9.6398E-09 9.9408E-09 1.0179E-08 1.0361E-08 1.0483E-08 1.0541E-08 1.0545E-08 1.0489E-08 1.0371E-08 1.0202E-08 9.9773E-09
0.0000E+00 0.0000E+00 0.0000E+00 0.0000E+00 0.0000E+00 0.0000E+00 0.0000E+00 0.0000E+00 0.0000E+00 0.0000E+00 0.0000E+00 0.0000E+00 0.0000E+00 0.0000E+00 7.0862E-13 1.5250E-12 8.2228E-12 2.4427E-11 5.3224E-11 8.8750E-11 1.2606E-10 1.7498E-10 2.3772E-10 3.1751E-10 4.1692E-10 5.4039E-10 6.9107E-10 8.7333E-10 1.0906E-09 1.3459E-09 1.6426E-09 1.9810E-09 2.3630E-09 2.7881E-09 3.2525E-09 3.7550E-09 4.2861E-09 4.8419E-09 5.4138E-09 5.9941E-09 6.5739E-09 7.1449E-09 7.7008E-09 8.2317E-09 8.7268E-09 9.1784E-09 9.5890E-09 9.9492E-09 1.0259E-08 1.0516E-08 1.0714E-08 1.0860E-08 1.0950E-08 1.0980E-08 1.0958E-08 1.0878E-08 1.0734E-08
0.0000E+00 0.0000E+00 0.0000E+00 0.0000E+00 0.0000E+00 0.0000E+00 0.0000E+00 0.0000E+00 0.0000E+00 0.0000E+00 0.0000E+00 0.0000E+00 0.0000E+00 0.0000E+00 0.0000E+00 8.7957E-13 4.9038E-12 1.5530E-11 3.6247E-11 7.1293E-11 1.0875E-10 1.5287E-10 2.0921E-10 2.8119E-10 3.7095E-10 4.8300E-10 6.2042E-10 7.8746E-10 9.8752E-10 1.2239E-09 1.4998E-09 1.8161E-09 2.1757E-09 2.5774E-09 3.0188E-09 3.4997E-09 4.0116E-09 4.5510E-09 5.1101E-09 5.6833E-09 6.2624E-09 6.8373E-09 7.4068E-09 7.9607E-09 8.4881E-09 8.9785E-09 9.4388E-09 9.8520E-09 1.0228E-08 1.0555E-08 1.0836E-08 1.1069E-08 1.1250E-08 1.1383E-08 1.1460E-08 1.1477E-08 1.1434E-08
0.0000E+00 0.0000E+00 0.0000E+00 0.0000E+00 0.0000E+00 0.0000E+00 0.0000E+00 0.0000E+00 0.0000E+00 0.0000E+00 0.0000E+00 0.0000E+00 0.0000E+00 0.0000E+00 0.0000E+00 7.9001E-13 2.1967E-12 1.0507E-11 2.4036E-11 4.9875E-11 8.9839E-11 1.3180E-10 1.8183E-10 2.4600E-10 3.2626E-10 4.2681E-10 5.5071E-10 7.0209E-10 8.8452E-10 1.1011E-09 1.3551E-09 1.6472E-09 1.9810E-09 2.3563E-09 2.7719E-09 3.2264E-09 3.7134E-09 4.2309E-09 4.7713E-09 5.3299E-09 5.8999E-09 6.4727E-09 7.0481E-09 7.6142E-09 8.1633E-09 8.6852E-09 9.1842E-09 9.6496E-09 1.0084E-08 1.0480E-08 1.0841E-08 1.1156E-08 1.1434E-08 1.1668E-08 1.1851E-08 1.1984E-08 1.2058E-08
0.0000E+00 0.0000E+00 0.0000E+00 0.0000E+00 0.0000E+00 0.0000E+00 0.0000E+00 0.0000E+00 0.0000E+00 0.0000E+00 0.0000E+00 0.0000E+00 0.0000E+00 0.0000E+00 0.0000E+00 7.0149E-13 1.7332E-12 6.0590E-12 1.7657E-11 3.3647E-11 6.4917E-11 1.0888E-10 1.5577E-10 2.1274E-10 2.8364E-10 3.7308E-10 4.8381E-10 6.1968E-10 7.8390E-10 9.7970E-10 1.2105E-09 1.4776E-09 1.7845E-09 2.1308E-09 2.5162E-09 2.9415E-09 3.4001E-09 3.8901E-09 4.4055E-09 4.9429E-09 5.4971E-09 6.0583E-09 6.6295E-09 7.1999E-09 7.7622E-09 8.3067E-09 8.8343E-09 9.3441E-09 9.8241E-09 1.0283E-08 1.0712E-08 1.1113E-08 1.1488E-08 1.1825E-08 1.2123E-08 1.2380E-08 1.2578E-08
0.0000E+00 0.0000E+00 0.0000E+00 0.0000E+00 0.0000E+00 0.0000E+00 0.0000E+00 0.0000E+00 0.0000E+00 0.0000E+00 0.0000E+00 0.0000E+00 0.0000E+00 0.0000E+00 0.0000E+00 0.0000E+00 1.4708E-12 2.8426E-12 1.0849E-11 2.4569E-11 4.3956E-11 8.2681E-11 1.2926E-10 1.8182E-10 2.4419E-10 3.2286E-10 4.2029E-10 5.4076E-10 6.8697E-10 8.6258E-10 1.0700E-09 1.3107E-09 1.5894E-09 1.9055E-09 2.2598E-09 2.6520E-09 3.0779E-09 3.5364E-09 4.0223E-09 4.5310E-09 5.0629E-09 5.6063E-09 6.1633E-09 6.7282E-09 7.2928E-09 7.8472E-09 8.3935E-09 8.9344E-09 9.4553E-09 9.9676E-09 1.0459E-08 1.0940E-08 1.1398E-08 1.1838E-08 1.2256E-08 1.2637E-08 1.2977E-08
0.0000E+00 0.0000E+00 0.0000E+00 0.0000E+00 0.0000E+00 0.0000E+00 0.0000E+00 0.0000E+00 0.0000E+00 0.0000E+00 0.0000E+00 0.0000E+00 0.0000E+00 0.0000E+00 0.0000E+00 0.0000E+00 7.2191E-13 1.8027E-12 4.9565E-12 1.6593E-11 3.3446E-11 5.7473E-11 1.0223E-10 1.5109E-10 2.0760E-10 2.7635E-10 3.6139E-10 4.6710E-10 5.9495E-10 7.5064E-10 9.3454E-10 1.1503E-09 1.4004E-09 1.6850E-09 2.0060E-09 2.3642E-09 2.7551E-09 3.1779E-09 3.6296E-09 4.1069E-09 4.6056E-09 5.1257E-09 5.6612E-09 6.2103E-09 6.7665E-09 7.3206E-09 7.8758E-09 8.4331E-09 8.9851E-09 9.5321E-09 1.0079E-08 1.0625E-08 1.1168E-08 1.1710E-08 1.2238E-08 1.2751E-08 1.3235E-08
0.0000E+00 0.0000E+00 0.0000E+00 0.0000E+00 0.0000E+00 0.0000E+00 0.0000E+00 0.0000E+00 0.0000E+00 0.0000E+00 0.0000E+00 0.0000E+00 0.0000E+00 0.0000E+00 0.0000E+00 0.0000E+00 0.0000E+00 1.5553E-12 2.9170E-12 7.9752E-12 2.4101E-11 4.4235E-11 7.2321E-11 1.2036E-10 1.7207E-10 2.3371E-10 3.0667E-10 3.9821E-10 5.1035E-10 6.4610E-10 8.0786E-10 9.9788E-10 1.2195E-09 1.4735E-09 1.7610E-09 2.0829E-09 2.4368E-09 2.8225E-09 3.2371E-09 3.6775E-09 4.1406E-09 4.6283E-09 5.1348E-09 5.6589E-09 6.1970E-09 6.7382E-09 7.2892E-09 7.8508E-09 8.4215E-09 8.9948E-09 9.5846E-09 1.0181E-08 1.0796E-08 1.1423E-08 1.2060E-08 1.2703E-08 1.3334E-08
0.0000E+00 0.0000E+00 0.0000E+00 0.0000E+00 0.0000E+00 0.0000E+00 0.0000E+00 0.0000E+00 0.0000E+00 0.0000E+00 0.0000E+00 0.0000E+00 0.0000E+00 0.0000E+00 0.0000E+00 0.0000E+00 0.0000E+00 4.1086E-13 2.0650E-12 4.7913E-12 1.2265E-11 3.2973E-11 5.5404E-11 8.9800E-11 1.3614E-10 1.9297E-10 2.5673E-10 3.3629E-10 4.3203E-10 5.5013E-10 6.9064E-10 8.5637E-10 1.0504E-09 1.2731E-09 1.5276E-09 1.8139E-09 2.1303E-09 2.4763E-09 2.8515E-09 3.2527E-09 3.6768E-09 4.1214E-09 4.5961E-09 5.0890E-09 5.5978E-09 6.1172E-09 6.6539E-09 7.2080E-09 7.7796E-09 8.3663E-09 8.9780E-09 9.6161E-09 1.0290E-08 1.0994E-08 1.1731E-08 1.2491E-08 1.3265E-08
0.0000E+00 0.0000E+00 0.0000E+00 0.0000E+00 0.0000E+00 0.0000E+00 0.0000E+00 0.0000E+00 0.0000E+00 0.0000E+00 0.0000E+00 0.0000E+00 0.0000E+00 0.0000E+00 0.0000E+00 0.0000E+00 0.0000E+00 0.0000E+00 1.0501E-12 2.8239E-12 6.8589E-12 1.7366E-11 4.2105E-11 6.8329E-11 1.0559E-10 1.5269E-10 2.1031E-10 2.7857E-10 3.6213E-10 4.6273E-10 5.8290E-10 7.2533E-10 8.9303E-10 1.0869E-09 1.3088E-09 1.5595E-09 1.8386E-09 2.1451E-09 2.4795E-09 2.8399E-09 3.2229E-09 3.6270E-09 4.0477E-09 4.5117E-09 4.9859E-09 5.4739E-09 5.9829E-09 6.5188E-09 7.0782E-09 7.6661E-09 8.2864E-09 8.9502E-09 9.6580E-09 1.0423E-08 1.1243E-08 1.2113E-08 1.3027E-08
0.0000E+00 0.0000E+00 0.0000E+00 0.0000E+00 0.0000E+00 0.0000E+00 0.0000E+00 0.0000E+00 0.0000E+00 0.0000E+00 0.0000E+00 0.0000E+00 0.0000E+00 0.0000E+00 0.0000E+00 0.0000E+00 0.0000E+00 0.0000E+00 0.0000E+00 1.7104E-12 3.9865E-12 9.2306E-12 2.3315E-11 5.1122E-11 8.1033E-11 1.1840E-10 1.6704E-10 2.2647E-10 2.9745E-10 3.8366E-10 4.8644E-10 6.0711E-10 7.5106E-10 9.1601E-10 1.1077E-09 1.3242E-09 1.5668E-09 1.8343E-09 2.1286E-09 2.4467E-09 2.7866E-09 3.1479E-09 3.5266E-09 3.9327E-09 4.3741E-09 4.8249E-09 5.2974E-09 5.8046E-09 6.3392E-09 6.9101E-09 7.5225E-09 8.1931E-09 8.9266E-09 9.7365E-09 1.0619E-08 1.1584E-08 1.2614E-08
0.0000E+00 0.0000E+00 0.0000E+00 0.0000E+00 0.0000E+00 0.0000E+00 0.0000E+00 0.0000E+00 0.0000E+00 0.0000E+00 0.0000E+00 0.0000E+00 0.0000E+00 0.0000E+00 0.0000E+00 0.0000E+00 0.0000E+00 0.0000E+00 0.0000E+00 1.6780E-13 2.5782E-12 5.6178E-12 1.1160E-11 2.9658E-11 5.9087E-11 9.3100E-11 1.2979E-10 1.8016E-10 2.3870E-10 3.1213E-10 3.9802E-10 5.0090E-10 6.2172E-10 7.6234E-10 9.2474E-10 1.1096E-09 1.3170E-09 1.5485E-09 1.8019E-09 2.0791E-09 2.3760E-09 2.6935E-09 3.0280E-09 3.3795E-09 3.7708E-09 4.1865E-09 4.6159E-09 5.0819E-09 5.5820E-09 6.1240E-09 6.7168E-09 7.3773E-09 8.1148E-09 8.9416E-09 9.8732E-09 1.0910E-08 1.2047E-08
0.0000E+00 0.0000E+00 0.0000E+00 0.0000E+00 0.0000E+00 0.0000E+00 0.0000E+00 0.0000E+00 0.0000E+00 0.0000E+00 0.0000E+00 0.0000E+00 0.0000E+00 0.0000E+00 0.0000E+00 0.0000E+00 0.0000E+00 0.0000E+00 0.0000E+00 0.0000E+00 4.6526E-13 3.5841E-12 7.4924E-12 1.4470E-11 3.5951E-11 6.8685E-11 1.0298E-10 1.3959E-10 1.8963E-10 2.4849E-10 3.2102E-10 4.0510E-10 5.0617E-10 6.2387E-10 7.6091E-10 9.1638E-10 1.0923E-09 1.2876E-09 1.5043E-09 1.7403E-09 1.9960E-09 2.2701E-09 2.5604E-09 2.8671E-09 3.1872E-09 3.5651E-09 3.9533E-09 4.3724E-09 4.8289E-09 5.3298E-09 5.8875E-09 6.5236E-09 7.2510E-09 8.0818E-09 9.0365E-09 1.0120E-08 1.1336E-08
0.0000E+00 0.0000E+00 0.0000E+00 0.0000E+00 0.0000E+00 0.0000E+00 0.0000E+00 0.0000E+00 0.0000E+00 0.0000E+00 0.0000E+00 0.0000E+00 0.0000E+00 0.0000E+00 0.0000E+00 0.0000E+00 0.0000E+00 0.0000E+00 0.0000E+00 0.0000E+00 0.0000E+00 8.0326E-13 4.5659E-12 9.4526E-12 1.7945E-11 4.3396E-11 7.5702E-11 1.0942E-10 1.4629E-10 1.9483E-10 2.5347E-10 3.2245E-10 4.0557E-10 5.0273E-10 6.1607E-10 7.4419E-10 8.9089E-10 1.0531E-09 1.2354E-09 1.4325E-09 1.6492E-09 1.8814E-09 2.1296E-09 2.3922E-09 2.6682E-09 2.9607E-09 3.3213E-09 3.6941E-09 4.0990E-09 4.5532E-09 5.0672E-09 5.6660E-09 6.3596E-09 7.1732E-09 8.1270E-09 9.2385E-09 1.0511E-08
