Assets/Resources/2015_m01_d29_1200(utc+0800)_l00_csi_1hr_conc.grd
DSAA
         159         159
     -79.000      79.000
     -79.000      79.000
  0.0000E+00  0.3322E-05
[rows 75 to 99 of 159, columns 0 to 56 of 159]
1.7021E-11 1.8959E-11 2.1047E-11 2.3275E-11 2.5666E-11 2.8106E-11 3.0727E-11 3.3534E-11 3.6520E-11 3.9708E-11 4.2985E-11 4.6594E-11 5.0308E-11 5.4243E-11 5.8432E-11 6.2753E-11 6.7318E-11 7.2167E-11 7.7284E-11 8.2955E-11 8.9343E-11 9.6310E-11 1.0378E-10 1.1158E-10 1.2023E-10 1.2953E-10 1.3939E-10 1.4992E-10 1.6070E-10 1.7202E-10 1.8379E-10 1.9628E-10 2.0924E-10 2.2338E-10 2.3783E-10 2.5355E-10 2.6984E-10 2.8678E-10 3.0507E-10 3.2431E-10 3.4407E-10 3.6527E-10 3.8732E-10 4.1047E-10 4.3486E-10 4.6047E-10 4.8767E-10 5.1591E-10 5.4554E-10 5.7708E-10 6.1142E-10 6.4761E-10 6.8514E-10 7.2301E-10 7.6507E-10 8.0921E-10 8.5802E-10
1.5884E-11 1.7850E-11 1.9841E-11 2.1986E-11 2.4290E-11 2.6639E-11 2.9269E-11 3.1954E-11 3.4830E-11 3.7903E-11 4.1166E-11 4.4643E-11 4.8221E-11 5.2012E-11 5.6048E-11 6.0320E-11 6.4718E-11 6.9388E-11 7.4318E-11 7.9596E-11 8.5571E-11 9.2303E-11 9.9522E-11 1.0742E-10 1.1580E-10 1.2480E-10 1.3434E-10 1.4454E-10 1.5481E-10 1.6596E-10 1.7691E-10 1.8924E-10 2.0181E-10 2.1554E-10 2.2955E-10 2.4483E-10 2.6042E-10 2.7735E-10 2.9515E-10 3.1363E-10 3.3310E-10 3.5375E-10 3.7522E-10 3.9780E-10 4.2159E-10 4.4658E-10 4.7315E-10 5.0075E-10 5.2971E-10 5.6059E-10 5.9467E-10 6.2978E-10 6.6662E-10 7.0392E-10 7.4561E-10 7.8929E-10 8.3753E-10
1.4988E-11 1.6760E-11 1.8896E-11 2.0958E-11 2.3053E-11 2.5415E-11 2.7944E-11 3.0527E-11 3.3294E-11 3.6127E-11 3.9270E-11 4.2492E-11 4.6046E-11 4.9697E-11 5.3584E-11 5.7699E-11 6.1934E-11 6.6406E-11 7.1155E-11 7.6353E-11 8.2111E-11 8.8425E-11 9.5397E-11 1.0303E-10 1.1076E-10 1.1959E-10 1.2883E-10 1.3865E-10 1.4870E-10 1.5951E-10 1.7032E-10 1.8228E-10 1.9469E-10 2.0777E-10 2.2159E-10 2.3617E-10 2.5154E-10 2.6799E-10 2.8509E-10 3.0305E-10 3.2219E-10 3.4205E-10 3.6318E-10 3.8516E-10 4.0835E-10 4.3271E-10 4.5865E-10 4.8558E-10 5.1388E-10 5.4407E-10 5.7747E-10 6.1187E-10 6.4801E-10 6.8640E-10 7.2605E-10 7.6952E-10 8.1678E-10
1.3899E-11 1.5714E-11 1.7654E-11 1.9736E-11 2.1850E-11 2.4120E-11 2.6432E-11 2.8916E-11 3.1683E-11 3.4511E-11 3.7532E-11 4.0630E-11 4.4048E-11 4.7559E-11 5.1276E-11 5.5234E-11 5.9308E-11 6.3610E-11 6.8179E-11 7.2998E-11 7.8356E-11 8.4429E-11 9.1277E-11 9.8651E-11 1.0623E-10 1.1453E-10 1.2346E-10 1.3319E-10 1.4290E-10 1.5317E-10 1.6406E-10 1.7538E-10 1.8740E-10 2.0006E-10 2.1347E-10 2.2785E-10 2.4276E-10 2.5851E-10 2.7508E-10 2.9275E-10 3.1135E-10 3.3065E-10 3.5100E-10 3.7235E-10 3.9517E-10 4.1889E-10 4.4418E-10 4.7045E-10 4.9806E-10 5.2755E-10 5.6025E-10 5.9394E-10 6.2971E-10 6.6726E-10 7.0640E-10 7.4932E-10 7.9585E-10
1.2962E-11 1.4692E-11 1.6660E-11 1.8542E-11 2.0572E-11 2.2753E-11 2.5077E-11 2.7565E-11 3.0102E-11 3.2819E-11 3.5722E-11 3.8805E-11 4.2090E-11 4.5463E-11 4.9035E-11 5.2839E-11 5.6863E-11 6.0996E-11 6.5386E-11 7.0017E-11 7.4978E-11 8.0825E-11 8.7426E-11 9.4298E-11 1.0185E-10 1.0948E-10 1.1811E-10 1.2727E-10 1.3708E-10 1.4710E-10 1.5764E-10 1.6857E-10 1.8021E-10 1.9271E-10 2.0569E-10 2.1940E-10 2.3385E-10 2.4933E-10 2.6540E-10 2.8255E-10 3.0036E-10 3.1914E-10 3.3912E-10 3.5986E-10 3.8207E-10 4.0515E-10 4.2978E-10 4.5537E-10 4.8228E-10 5.1107E-10 5.4304E-10 5.7640E-10 6.1112E-10 6.4810E-10 6.8829E-10 7.2888E-10 7.7520E-10
1.2047E-11 1.3704E-11 1.5375E-11 1.7283E-11 1.9331E-11 2.1518E-11 2.3748E-11 2.6136E-11 2.8570E-11 3.1179E-11 3.3950E-11 3.6911E-11 3.9940E-11 4.3288E-11 4.6719E-11 5.0373E-11 5.4238E-11 5.8209E-11 6.2400E-11 6.6849E-11 7.1730E-11 7.7162E-11 8.3323E-11 8.9947E-11 9.7231E-11 1.0495E-10 1.1323E-10 1.2207E-10 1.3171E-10 1.4139E-10 1.5156E-10 1.6213E-10 1.7337E-10 1.8524E-10 1.9779E-10 2.1128E-10 2.2527E-10 2.4026E-10 2.5583E-10 2.7224E-10 2.8951E-10 3.0794E-10 3.2709E-10 3.4748E-10 3.6885E-10 3.9149E-10 4.1546E-10 4.4001E-10 4.6657E-10 4.9464E-10 5.2588E-10 5.5849E-10 5.9217E-10 6.2902E-10 6.6862E-10 7.0898E-10 7.5392E-10
1.1097E-11 1.2644E-11 1.4449E-11 1.6275E-11 1.8121E-11 2.0111E-11 2.2355E-11 2.4528E-11 2.6968E-11 2.9562E-11 3.2221E-11 3.5182E-11 3.8086E-11 4.1297E-11 4.4588E-11 4.8072E-11 5.1781E-11 5.5590E-11 5.9612E-11 6.3881E-11 6.8384E-11 7.3410E-11 7.9340E-11 8.5834E-11 9.2849E-11 1.0029E-10 1.0825E-10 1.1678E-10 1.2608E-10 1.3560E-10 1.4559E-10 1.5579E-10 1.6664E-10 1.7788E-10 1.9024E-10 2.0327E-10 2.1681E-10 2.3131E-10 2.4616E-10 2.6227E-10 2.7900E-10 2.9686E-10 3.1543E-10 3.3499E-10 3.5596E-10 3.7795E-10 4.0124E-10 4.2511E-10 4.5096E-10 4.7829E-10 5.0879E-10 5.4062E-10 5.7360E-10 6.0992E-10 6.4882E-10 6.8842E-10 7.3254E-10
1.0116E-11 1.1551E-11 1.3347E-11 1.4981E-11 1.6849E-11 1.8968E-11 2.0999E-11 2.3181E-11 2.5518E-11 2.8006E-11 3.0554E-11 3.3151E-11 3.6042E-11 3.9233E-11 4.2388E-11 4.5728E-11 4.9402E-11 5.3162E-11 5.7015E-11 6.1106E-11 6.5422E-11 7.0052E-11 7.5555E-11 8.1802E-11 8.8552E-11 9.5718E-11 1.0357E-10 1.1155E-10 1.2052E-10 1.2963E-10 1.3927E-10 1.4912E-10 1.5956E-10 1.7064E-10 1.8257E-10 1.9494E-10 2.0801E-10 2.2204E-10 2.3684E-10 2.5220E-10 2.6862E-10 2.8570E-10 3.0369E-10 3.2286E-10 3.4320E-10 3.6432E-10 3.8657E-10 4.1033E-10 4.3546E-10 4.6205E-10 4.9179E-10 5.2284E-10 5.5516E-10 5.9089E-10 6.2903E-10 6.6783E-10 7.1106E-10
9.2249E-12 1.0666E-11 1.2283E-11 1.3941E-11 1.5834E-11 1.7635E-11 1.9579E-11 2.1890E-11 2.4008E-11 2.6389E-11 2.8933E-11 3.1524E-11 3.4291E-11 3.7116E-11 4.0245E-11 4.3445E-11 4.6962E-11 5.0564E-11 5.4255E-11 5.8151E-11 6.2287E-11 6.6650E-11 7.1738E-11 7.7742E-11 8.3992E-11 9.0890E-11 9.8015E-11 1.0605E-10 1.1445E-10 1.2364E-10 1.3311E-10 1.4278E-10 1.5283E-10 1.6352E-10 1.7503E-10 1.8697E-10 1.9957E-10 2.1313E-10 2.2743E-10 2.4228E-10 2.5817E-10 2.7470E-10 2.9232E-10 3.1088E-10 3.3036E-10 3.5069E-10 3.7264E-10 3.9570E-10 4.1989E-10 4.4595E-10 4.7491E-10 5.0480E-10 5.3682E-10 5.7192E-10 6.0922E-10 6.4716E-10 6.8950E-10
8.3502E-12 9.6816E-12 1.1192E-11 1.2731E-11 1.4536E-11 1.6358E-11 1.8429E-11 2.0407E-11 2.2534E-11 2.4924E-11 2.7237E-11 2.9831E-11 3.2479E-11 3.5288E-11 3.8281E-11 4.1342E-11 4.4582E-11 4.8030E-11 5.1674E-11 5.5401E-11 5.9361E-11 6.3537E-11 6.8219E-11 7.3787E-11 7.9904E-11 8.6533E-11 9.3566E-11 1.0129E-10 1.0937E-10 1.1822E-10 1.2725E-10 1.3656E-10 1.4623E-10 1.5652E-10 1.6763E-10 1.7913E-10 1.9153E-10 2.0438E-10 2.1797E-10 2.3255E-10 2.4790E-10 2.6408E-10 2.8088E-10 2.9885E-10 3.1754E-10 3.3760E-10 3.5864E-10 3.8100E-10 4.0469E-10 4.2999E-10 4.5795E-10 4.8685E-10 5.1864E-10 5.5302E-10 5.8947E-10 6.2598E-10 6.6791E-10
7.2160E-12 8.5551E-12 1.0133E-11 1.1777E-11 1.3496E-11 1.5235E-11 1.7092E-11 1.8982E-11 2.1236E-11 2.3293E-11 2.5610E-11 2.8084E-11 3.0599E-11 3.3286E-11 3.6139E-11 3.9174E-11 4.2271E-11 4.5569E-11 4.9054E-11 5.2619E-11 5.6382E-11 6.0495E-11 6.4786E-11 6.9928E-11 7.5797E-11 8.2289E-11 8.9043E-11 9.6466E-11 1.0423E-10 1.1274E-10 1.2160E-10 1.3073E-10 1.4003E-10 1.4993E-10 1.6040E-10 1.7148E-10 1.8343E-10 1.9582E-10 2.0913E-10 2.2319E-10 2.3778E-10 2.5340E-10 2.6986E-10 2.8701E-10 3.0505E-10 3.2447E-10 3.4506E-10 3.6672E-10 3.8968E-10 4.1399E-10 4.4102E-10 4.6948E-10 5.0062E-10 5.3427E-10 5.6988E-10 6.0509E-10 6.4638E-10
6.2619E-12 7.6775E-12 9.1505E-12 1.0686E-11 1.2291E-11 1.3933E-11 1.5815E-11 1.7831E-11 1.9750E-11 2.1815E-11 2.4138E-11 2.6497E-11 2.8899E-11 3.1465E-11 3.4187E-11 3.7086E-11 4.0045E-11 4.3290E-11 4.6619E-11 5.0024E-11 5.3620E-11 5.7438E-11 6.1468E-11 6.6197E-11 7.1823E-11 7.7799E-11 8.4284E-11 9.1414E-11 9.8750E-11 1.0693E-10 1.1562E-10 1.2458E-10 1.3352E-10 1.4325E-10 1.5309E-10 1.6398E-10 1.7548E-10 1.8764E-10 2.0046E-10 2.1378E-10 2.2786E-10 2.4292E-10 2.5858E-10 2.7535E-10 2.9300E-10 3.1177E-10 3.3168E-10 3.5240E-10 3.7425E-10 3.9805E-10 4.2424E-10 4.5229E-10 4.8274E-10 5.1565E-10 5.4842E-10 5.8468E-10 6.2492E-10
5.4017E-12 6.7838E-12 8.1505E-12 9.5761E-12 1.1068E-11 1.2804E-11 1.4593E-11 1.6392E-11 1.8223E-11 2.0413E-11 2.2507E-11 2.4751E-11 2.7148E-11 2.9580E-11 3.2295E-11 3.4936E-11 3.7869E-11 4.0857E-11 4.4159E-11 4.7518E-11 5.0950E-11 5.4572E-11 5.8554E-11 6.2883E-11 6.8072E-11 7.3793E-11 8.0009E-11 8.6605E-11 9.3881E-11 1.0149E-10 1.0983E-10 1.1861E-10 1.2738E-10 1.3648E-10 1.4616E-10 1.5664E-10 1.6747E-10 1.7918E-10 1.9153E-10 2.0433E-10 2.1811E-10 2.3263E-10 2.4795E-10 2.6413E-10 2.8094E-10 2.9883E-10 3.1828E-10 3.3815E-10 3.5967E-10 3.8228E-10 4.0809E-10 4.3531E-10 4.6504E-10 4.9680E-10 5.2908E-10 5.6440E-10 6.0358E-10
4.3358E-12 5.6785E-12 6.9325E-12 8.3172E-12 9.9767E-12 1.1598E-11 1.3294E-11 1.5116E-11 1.7068E-11 1.8924E-11 2.1031E-11 2.3281E-11 2.5562E-11 2.7881E-11 3.0358E-11 3.2984E-11 3.5781E-11 3.8746E-11 4.1757E-11 4.4961E-11 4.8235E-11 5.1691E-11 5.5361E-11 5.9362E-11 6.4130E-11 6.9605E-11 7.5558E-11 8.1880E-11 8.8853E-11 9.6446E-11 1.0445E-10 1.1279E-10 1.2138E-10 1.3010E-10 1.3940E-10 1.4946E-10 1.5987E-10 1.7112E-10 1.8300E-10 1.9555E-10 2.0881E-10 2.2256E-10 2.3712E-10 2.5267E-10 2.6909E-10 2.8657E-10 3.0497E-10 3.2452E-10 3.4532E-10 3.6718E-10 3.9218E-10 4.1822E-10 4.4681E-10 4.7686E-10 5.0990E-10 5.4427E-10 5.8239E-10
3.1432E-12 4.5170E-12 5.8010E-12 7.3617E-12 8.9874E-12 1.0495E-11 1.2072E-11 1.3798E-11 1.5651E-11 1.7519E-11 1.9521E-11 2.1657E-11 2.3822E-11 2.6135E-11 2.8478E-11 3.1097E-11 3.3635E-11 3.6458E-11 3.9453E-11 4.2507E-11 4.5852E-11 4.9145E-11 5.2642E-11 5.6336E-11 6.0505E-11 6.5738E-11 7.1303E-11 7.7541E-11 8.4217E-11 9.1322E-11 9.9001E-11 1.0716E-10 1.1557E-10 1.2370E-10 1.3283E-10 1.4227E-10 1.5248E-10 1.6329E-10 1.7448E-10 1.8654E-10 1.9929E-10 2.1274E-10 2.2693E-10 2.4190E-10 2.5749E-10 2.7434E-10 2.9208E-10 3.1094E-10 3.3123E-10 3.5198E-10 3.7577E-10 4.0134E-10 4.2787E-10 4.5874E-10 4.9089E-10 5.2432E-10 5.6137E-10
2.1710E-12 3.3763E-12 4.8393E-12 6.3232E-12 7.7976E-12 9.2606E-12 1.0718E-11 1.2523E-11 1.4277E-11 1.6158E-11 1.8052E-11 2.0082E-11 2.2251E-11 2.4442E-11 2.6787E-11 2.9168E-11 3.1692E-11 3.4379E-11 3.7228E-11 4.0115E-11 4.3190E-11 4.6327E-11 4.9638E-11 5.3283E-11 5.6999E-11 6.1602E-11 6.7117E-11 7.2904E-11 7.9230E-11 8.6034E-11 9.3266E-11 1.0109E-10 1.0950E-10 1.1768E-10 1.2643E-10 1.3548E-10 1.4528E-10 1.5564E-10 1.6660E-10 1.7794E-10 1.9019E-10 2.0311E-10 2.1654E-10 2.3095E-10 2.4616E-10 2.6258E-10 2.7929E-10 2.9725E-10 3.1641E-10 3.3679E-10 3.5869E-10 3.8346E-10 4.1085E-10 4.4086E-10 4.7208E-10 5.0455E-10 5.4055E-10
1.2529E-12 2.3292E-12 3.6513E-12 5.0840E-12 6.5122E-12 7.9280E-12 9.5441E-12 1.1308E-11 1.2965E-11 1.4746E-11 1.6771E-11 1.8697E-11 2.0638E-11 2.2719E-11 2.5055E-11 2.7303E-11 2.9703E-11 3.2249E-11 3.4955E-11 3.7827E-11 4.0752E-11 4.3963E-11 4.7113E-11 5.0459E-11 5.3997E-11 5.8191E-11 6.3262E-11 6.8906E-11 7.4776E-11 8.1278E-11 8.8196E-11 9.5680E-11 1.0382E-10 1.1183E-10 1.1995E-10 1.2861E-10 1.3800E-10 1.4772E-10 1.5824E-10 1.6935E-10 1.8110E-10 1.9351E-10 2.0660E-10 2.2044E-10 2.3507E-10 2.5049E-10 2.6693E-10 2.8444E-10 3.0289E-10 3.2253E-10 3.4342E-10 3.6735E-10 3.9408E-10 4.2286E-10 4.5316E-10 4.8503E-10 5.1958E-10
4.5683E-13 1.1810E-12 2.4118E-12 3.7376E-12 5.2538E-12 6.6189E-12 8.4434E-12 1.0090E-11 1.1740E-11 1.3421E-11 1.5106E-11 1.7039E-11 1.8986E-11 2.0944E-11 2.3165E-11 2.5407E-11 2.7796E-11 3.0325E-11 3.2897E-11 3.5508E-11 3.8384E-11 4.1326E-11 4.4322E-11 4.7483E-11 5.0974E-11 5.4523E-11 5.9157E-11 6.4304E-11 7.0094E-11 7.6056E-11 8.2673E-11 9.0137E-11 9.7754E-11 1.0595E-10 1.1371E-10 1.2222E-10 1.3121E-10 1.4073E-10 1.5058E-10 1.6123E-10 1.7226E-10 1.8417E-10 1.9673E-10 2.1002E-10 2.2427E-10 2.3907E-10 2.5464E-10 2.7169E-10 2.8943E-10 3.0834E-10 3.2831E-10 3.5140E-10 3.7723E-10 4.0550E-10 4.3487E-10 4.6537E-10 4.9867E-10
0.0000E+00 3.8122E-13 1.3324E-12 2.4124E-12 3.8205E-12 5.3423E-12 7.2311E-12 8.7882E-12 1.0267E-11 1.1815E-11 1.3720E-11 1.5654E-11 1.7490E-11 1.9571E-11 2.1682E-11 2.3686E-11 2.6068E-11 2.8360E-11 3.0677E-11 3.3379E-11 3.6000E-11 3.8918E-11 4.1873E-11 4.4992E-11 4.8050E-11 5.1561E-11 5.5581E-11 6.0483E-11 6.5947E-11 7.1820E-11 7.8133E-11 8.4840E-11 9.2117E-11 1.0012E-10 1.0788E-10 1.1601E-10 1.2440E-10 1.3350E-10 1.4314E-10 1.5333E-10 1.6411E-10 1.7552E-10 1.8756E-10 2.0029E-10 2.1371E-10 2.2769E-10 2.4287E-10 2.5886E-10 2.7592E-10 2.9432E-10 3.1391E-10 3.3617E-10 3.6064E-10 3.8803E-10 4.1646E-10 4.4640E-10 4.7813E-10
0.0000E+00 0.0000E+00 3.0585E-13 1.3288E-12 2.4846E-12 3.7515E-12 5.7578E-12 7.3250E-12 8.8209E-12 1.0413E-11 1.2294E-11 1.4241E-11 1.6091E-11 1.7952E-11 1.9937E-11 2.1941E-11 2.4201E-11 2.6358E-11 2.8661E-11 3.1351E-11 3.3838E-11 3.6469E-11 3.9389E-11 4.2240E-11 4.5253E-11 4.8458E-11 5.1961E-11 5.6624E-11 6.1584E-11 6.7000E-11 7.3441E-11 7.9840E-11 8.7084E-11 9.4469E-11 1.0224E-10 1.0973E-10 1.1774E-10 1.2645E-10 1.3544E-10 1.4519E-10 1.5551E-10 1.6643E-10 1.7796E-10 1.9039E-10 2.0326E-10 2.1688E-10 2.3163E-10 2.4697E-10 2.6334E-10 2.8043E-10 2.9885E-10 3.2051E-10 3.4443E-10 3.7092E-10 3.9836E-10 4.2734E-10 4.5594E-10
0.0000E+00 0.0000E+00 0.0000E+00 3.0348E-13 1.3228E-12 2.4845E-12 4.1163E-12 5.7603E-12 7.4095E-12 9.1215E-12 1.1069E-11 1.2804E-11 1.4423E-11 1.6288E-11 1.8160E-11 2.0269E-11 2.2285E-11 2.4555E-11 2.6736E-11 2.9169E-11 3.1633E-11 3.4127E-11 3.6901E-11 3.9714E-11 4.2691E-11 4.5711E-11 4.8917E-11 5.2570E-11 5.7616E-11 6.3079E-11 6.8567E-11 7.4669E-11 8.1154E-11 8.8390E-11 9.6393E-11 1.0372E-10 1.1158E-10 1.1967E-10 1.2847E-10 1.3779E-10 1.4765E-10 1.5809E-10 1.6912E-10 1.8076E-10 1.9309E-10 2.0633E-10 2.1988E-10 2.3460E-10 2.5051E-10 2.6707E-10 2.8475E-10 3.0559E-10 3.2851E-10 3.5408E-10 3.7931E-10 4.0738E-10 4.3608E-10
0.0000E+00 0.0000E+00 0.0000E+00 0.0000E+00 1.5055E-13 1.0959E-12 2.5134E-12 4.1851E-12 5.9731E-12 7.6909E-12 9.6571E-12 1.1211E-11 1.2839E-11 1.4691E-11 1.6664E-11 1.8785E-11 2.0690E-11 2.2839E-11 2.4887E-11 2.7193E-11 2.9400E-11 3.1998E-11 3.4621E-11 3.7287E-11 4.0106E-11 4.2968E-11 4.6009E-11 4.9219E-11 5.3824E-11 5.8834E-11 6.4052E-11 6.9860E-11 7.6212E-11 8.3230E-11 9.0366E-11 9.7879E-11 1.0537E-10 1.1308E-10 1.2149E-10 1.3039E-10 1.3979E-10 1.4976E-10 1.6054E-10 1.7166E-10 1.8345E-10 1.9587E-10 2.0904E-10 2.2313E-10 2.3838E-10 2.5425E-10 2.7120E-10 2.8952E-10 3.1145E-10 3.3628E-10 3.6191E-10 3.8904E-10 4.1715E-10
0.0000E+00 0.0000E+00 0.0000E+00 0.0000E+00 0.0000E+00 0.0000E+00 1.0115E-12 2.5003E-12 4.1696E-12 5.8883E-12 8.1683E-12 9.6573E-12 1.1218E-11 1.3167E-11 1.5273E-11 1.7051E-11 1.8948E-11 2.0858E-11 2.3021E-11 2.5073E-11 2.7506E-11 2.9845E-11 3.2330E-11 3.4836E-11 3.7504E-11 4.0344E-11 4.3325E-11 4.6364E-11 4.9460E-11 5.4364E-11 5.9628E-11 6.5227E-11 7.1102E-11 7.7799E-11 8.4599E-11 9.2091E-11 9.9389E-11 1.0696E-10 1.1496E-10 1.2322E-10 1.3219E-10 1.4170E-10 1.5176E-10 1.6239E-10 1.7388E-10 1.8576E-10 1.9835E-10 2.1203E-10 2.2623E-10 2.4142E-10 2.5788E-10 2.7544E-10 2.9632E-10 3.2011E-10 3.4524E-10 3.7143E-10 3.9860E-10
0.0000E+00 0.0000E+00 0.0000E+00 0.0000E+00 0.0000E+00 0.0000E+00 0.0000E+00 9.2844E-13 2.3379E-12 3.9355E-12 6.1651E-12 8.1497E-12 9.7144E-12 1.1626E-11 1.3623E-11 1.5401E-11 1.7184E-11 1.9091E-11 2.1112E-11 2.3278E-11 2.5352E-11 2.7670E-11 3.0016E-11 3.2500E-11 3.5148E-11 3.7941E-11 4.0649E-11 4.3389E-11 4.6568E-11 5.0857E-11 5.5667E-11 6.0796E-11 6.6377E-11 7.2316E-11 7.8909E-11 8.6132E-11 9.3637E-11 1.0084E-10 1.0824E-10 1.1633E-10 1.2488E-10 1.3393E-10 1.4353E-10 1.5367E-10 1.6439E-10 1.7574E-10 1.8796E-10 2.0065E-10 2.1424E-10 2.2898E-10 2.4474E-10 2.6113E-10 2.8118E-10 3.0392E-10 3.2820E-10 3.5381E-10 3.8006E-10
0.0000E+00 0.0000E+00 0.0000E+00 0.0000E+00 0.0000E+00 0.0000E+00 0.0000E+00 0.0000E+00 5.4646E-13 2.2528E-12 3.9083E-12 6.1348E-12 8.1175E-12 9.6831E-12 1.2066E-11 1.3727E-11 1.5388E-11 1.7387E-11 1.9534E-11 2.1341E-11 2.3518E-11 2.5711E-11 2.7797E-11 3.0397E-11 3.2765E-11 3.5407E-11 3.7969E-11 4.0671E-11 4.3674E-11 4.6712E-11 5.1035E-11 5.5900E-11 6.1509E-11 6.7464E-11 7.3917E-11 8.0691E-11 8.8096E-11 9.4687E-11 1.0195E-10 1.0964E-10 1.1756E-10 1.2640E-10 1.3579E-10 1.4568E-10 1.5590E-10 1.6671E-10 1.7812E-10 1.9023E-10 2.0320E-10 2.1729E-10 2.3193E-10 2.4761E-10 2.6658E-10 2.8826E-10 3.1192E-10 3.3661E-10 3.6198E-10
