Assets/Resources/2015_m01_d05_0000(utc+0800)_l00_csi_1hr_conc.grd
DSAA
         159         159
     -79.000      79.000
     -79.000      79.000
  0.2915E-09  0.6504E-04
[rows 75 to 99 of 159, columns 57 to 113 of 159]
2.6787E-08 2.9187E-08 3.1728E-08 3.4438E-08 3.7166E-08 3.9881E-08 4.2670E-08 4.5455E-08 4.8239E-08 5.1317E-08 5.5336E-08 6.3263E-08 9.0081E-08 1.8653E-07 5.1729E-07 1.5728E-06 3.2995E-06 2.3784E-06 4.4410E-07 3.4876E-07 3.1372E-07 4.4919E-07 1.7539E-07 1.5435E-07 1.4243E-07 1.3078E-07 1.1379E-07 9.4860E-08 7.6613E-08 6.0576E-08 4.6853E-08 3.5753E-08 2.7262E-08 2.0886E-08 1.6241E-08 1.2837E-08 1.0234E-08 8.3622E-09 6.8051E-09 5.6945E-09 4.8524E-09 4.1394E-09 3.6000E-09 3.1574E-09 2.7656E-09 2.4873E-09 2.2499E-09 2.0467E-09 1.9082E-09 1.7471E-09 1.5199E-09 1.4735E-09 1.4343E-09 1.3953E-09 1.3715E-09 1.3480E-09 1.3247E-09
2.5672E-08 2.7900E-08 3.0260E-08 3.2611E-08 3.5057E-08 3.7638E-08 4.0215E-08 4.2796E-08 4.5553E-08 4.8436E-08 5.1806E-08 5.7750E-08 7.5862E-08 1.3336E-07 3.0572E-07 7.6711E-07 1.8920E-06 3.1997E-06 1.4813E-06 1.7942E-06 3.7310E-06 7.4969E-06 1.7242E-06 2.3760E-07 1.0688E-07 9.0929E-08 8.1699E-08 6.9701E-08 5.8317E-08 4.7371E-08 3.7882E-08 2.9630E-08 2.3124E-08 1.8234E-08 1.4502E-08 1.1667E-08 9.4633E-09 7.7490E-09 6.4501E-09 5.4286E-09 4.6020E-09 3.9780E-09 3.4682E-09 3.0518E-09 2.6870E-09 2.4100E-09 2.1998E-09 2.0076E-09 1.8761E-09 1.6604E-09 1.5086E-09 1.4591E-09 1.4210E-09 1.3879E-09 1.3643E-09 1.3410E-09 1.3180E-09
2.4349E-08 2.6329E-08 2.8412E-08 3.0600E-08 3.2875E-08 3.5251E-08 3.7612E-08 4.0101E-08 4.2730E-08 4.5394E-08 4.8299E-08 5.2429E-08 6.1586E-08 8.6759E-08 1.6286E-07 3.6002E-07 8.4961E-07 2.1546E-06 3.8565E-06 4.1928E-06 3.6364E-06 5.6015E-06 7.7512E-07 1.6758E-07 7.9532E-08 6.6889E-08 6.0244E-08 5.2277E-08 4.4203E-08 3.6956E-08 3.0369E-08 2.4557E-08 1.9762E-08 1.5925E-08 1.2926E-08 1.0535E-08 8.7084E-09 7.1872E-09 6.0304E-09 5.1443E-09 4.3862E-09 3.8070E-09 3.3322E-09 2.9438E-09 2.6008E-09 2.3435E-09 2.1472E-09 1.9668E-09 1.7854E-09 1.5952E-09 1.4929E-09 1.4494E-09 1.4126E-09 1.3802E-09 1.3569E-09 1.3339E-09 1.3111E-09
2.2770E-08 2.4584E-08 2.6506E-08 2.8524E-08 3.0617E-08 3.2728E-08 3.4990E-08 3.7358E-08 3.9769E-08 4.2303E-08 4.4932E-08 4.7601E-08 5.1084E-08 6.0353E-08 8.7409E-08 1.5917E-07 3.2472E-07 6.5791E-07 9.8316E-07 9.3409E-07 8.8393E-07 3.1669E-06 5.5275E-06 8.0523E-08 5.8870E-08 5.2322E-08 4.6625E-08 4.0545E-08 3.4387E-08 2.9459E-08 2.4702E-08 2.0577E-08 1.6955E-08 1.3951E-08 1.1486E-08 9.5528E-09 7.9180E-09 6.6991E-09 5.6637E-09 4.8544E-09 4.1610E-09 3.6268E-09 3.1872E-09 2.8289E-09 2.5049E-09 2.2760E-09 2.0930E-09 1.9248E-09 1.7552E-09 1.5174E-09 1.4720E-09 1.4338E-09 1.3956E-09 1.3723E-09 1.3493E-09 1.3265E-09 1.3040E-09
2.1159E-08 2.2818E-08 2.4576E-08 2.6419E-08 2.8303E-08 3.0254E-08 3.2386E-08 3.4540E-08 3.6774E-08 3.9092E-08 4.1456E-08 4.3361E-08 4.5191E-08 4.7901E-08 5.6157E-08 7.5625E-08 1.1920E-07 1.9196E-07 2.4589E-07 2.2270E-07 2.6125E-07 4.6455E-06 6.5036E-05 3.2687E-06 4.6565E-08 4.2531E-08 3.7768E-08 3.2690E-08 2.7926E-08 2.4021E-08 2.0577E-08 1.7414E-08 1.4652E-08 1.2243E-08 1.0273E-08 8.5989E-09 7.2962E-09 6.1742E-09 5.2915E-09 4.5259E-09 3.9355E-09 3.4472E-09 3.0445E-09 2.6836E-09 2.4144E-09 2.2073E-09 2.0134E-09 1.8782E-09 1.7035E-09 1.5004E-09 1.4566E-09 1.4195E-09 1.3872E-09 1.3642E-09 1.3415E-09 1.3190E-09 1.2967E-09
1.9553E-08 2.1059E-08 2.2651E-08 2.4302E-08 2.6010E-08 2.7839E-08 2.9722E-08 3.1711E-08 3.3728E-08 3.5790E-08 3.7593E-08 3.9249E-08 4.0801E-08 4.2150E-08 4.3688E-08 4.9019E-08 5.8677E-08 7.1654E-08 8.0318E-08 7.2672E-08 7.8796E-08 2.4592E-07 3.7850E-06 4.1384E-08 3.8735E-08 3.5131E-08 3.1192E-08 2.7119E-08 2.3362E-08 2.0184E-08 1.7412E-08 1.4924E-08 1.2746E-08 1.0834E-08 9.1886E-09 7.8379E-09 6.6584E-09 5.7162E-09 4.8836E-09 4.2419E-09 3.7077E-09 3.2638E-09 2.8990E-09 2.5648E-09 2.3286E-09 2.1386E-09 1.9609E-09 1.8347E-09 1.5904E-09 1.4813E-09 1.4459E-09 1.4070E-09 1.3786E-09 1.3559E-09 1.3335E-09 1.3112E-09 1.2892E-09
1.7977E-08 1.9330E-08 2.0751E-08 2.2223E-08 2.3802E-08 2.5440E-08 2.7120E-08 2.8879E-08 3.0648E-08 3.2304E-08 3.3843E-08 3.5264E-08 3.6541E-08 3.7638E-08 3.8604E-08 3.9296E-08 4.1546E-08 4.3438E-08 4.4281E-08 4.2079E-08 4.0936E-08 5.0290E-08 6.0465E-08 3.4988E-08 3.2495E-08 2.9375E-08 2.6159E-08 2.2870E-08 1.9943E-08 1.7308E-08 1.5027E-08 1.3013E-08 1.1219E-08 9.6484E-09 8.2889E-09 7.0811E-09 6.0991E-09 5.2682E-09 4.5403E-09 3.9668E-09 3.4875E-09 3.0882E-09 2.7254E-09 2.4542E-09 2.2438E-09 2.0706E-09 1.9048E-09 1.7383E-09 1.5052E-09 1.4616E-09 1.4247E-09 1.3925E-09 1.3699E-09 1.3475E-09 1.3253E-09 1.3033E-09 1.2815E-09
1.6449E-08 1.7649E-08 1.8905E-08 2.0241E-08 2.1642E-08 2.3084E-08 2.4543E-08 2.6031E-08 2.7534E-08 2.8936E-08 3.0255E-08 3.1466E-08 3.2536E-08 3.3442E-08 3.4152E-08 3.4714E-08 3.4998E-08 3.5029E-08 3.4793E-08 3.4281E-08 3.3480E-08 3.2639E-08 3.1399E-08 2.9755E-08 2.7597E-08 2.4930E-08 2.2130E-08 1.9460E-08 1.7076E-08 1.4956E-08 1.3117E-08 1.1443E-08 9.9334E-09 8.6095E-09 7.4245E-09 6.4299E-09 5.5733E-09 4.8128E-09 4.2080E-09 3.6986E-09 3.2706E-09 2.9152E-09 2.5820E-09 2.3512E-09 2.1612E-09 1.9804E-09 1.8531E-09 1.6409E-09 1.4918E-09 1.4500E-09 1.4146E-09 1.3833E-09 1.3610E-09 1.3388E-09 1.3169E-09 1.2951E-09 1.2736E-09
1.4954E-08 1.6035E-08 1.7151E-08 1.8328E-08 1.9550E-08 2.0770E-08 2.2017E-08 2.3281E-08 2.4521E-08 2.5754E-08 2.6875E-08 2.7892E-08 2.8784E-08 2.9521E-08 3.0084E-08 3.0447E-08 3.0655E-08 3.0597E-08 3.0306E-08 2.9773E-08 2.9000E-08 2.8061E-08 2.6881E-08 2.5364E-08 2.3482E-08 2.1201E-08 1.8795E-08 1.6639E-08 1.4705E-08 1.3000E-08 1.1471E-08 1.0066E-08 8.7820E-09 7.6653E-09 6.6768E-09 5.8182E-09 5.0469E-09 4.4232E-09 3.8956E-09 3.4466E-09 3.0650E-09 2.7143E-09 2.4577E-09 2.2522E-09 2.0816E-09 1.9158E-09 1.8000E-09 1.5543E-09 1.4644E-09 1.4280E-09 1.3961E-09 1.3739E-09 1.3518E-09 1.3300E-09 1.3083E-09 1.2868E-09 1.2645E-09
1.3568E-08 1.4509E-08 1.5482E-08 1.6503E-08 1.7508E-08 1.8536E-08 1.9599E-08 2.0689E-08 2.1749E-08 2.2753E-08 2.3730E-08 2.4578E-08 2.5309E-08 2.5906E-08 2.6342E-08 2.6605E-08 2.6682E-08 2.6557E-08 2.6282E-08 2.5761E-08 2.5035E-08 2.4139E-08 2.3046E-08 2.1683E-08 2.0024E-08 1.8091E-08 1.6032E-08 1.4283E-08 1.2686E-08 1.1296E-08 1.0017E-08 8.8508E-09 7.7924E-09 6.8369E-09 5.9981E-09 5.2347E-09 4.6063E-09 4.0633E-09 3.6000E-09 3.2059E-09 2.8410E-09 2.5608E-09 2.3408E-09 2.1580E-09 1.9813E-09 1.8569E-09 1.6905E-09 1.4865E-09 1.4520E-09 1.4171E-09 1.3863E-09 1.3643E-09 1.3426E-09 1.3210E-09 1.2996E-09 1.2784E-09 1.2563E-09
1.2265E-08 1.3047E-08 1.3908E-08 1.4730E-08 1.5565E-08 1.6432E-08 1.7368E-08 1.8294E-08 1.9187E-08 2.0033E-08 2.0808E-08 2.1494E-08 2.2134E-08 2.2607E-08 2.2943E-08 2.3128E-08 2.3148E-08 2.2996E-08 2.2674E-08 2.2168E-08 2.1500E-08 2.0665E-08 1.9721E-08 1.8534E-08 1.7091E-08 1.5467E-08 1.3723E-08 1.2275E-08 1.0995E-08 9.8527E-09 8.7862E-09 7.7989E-09 6.8987E-09 6.0939E-09 5.3607E-09 4.7396E-09 4.1964E-09 3.7276E-09 3.3248E-09 2.9822E-09 2.6583E-09 2.4239E-09 2.2310E-09 2.0693E-09 1.9098E-09 1.7899E-09 1.5547E-09 1.4651E-09 1.4294E-09 1.3981E-09 1.3762E-09 1.3546E-09 1.3331E-09 1.3118E-09 1.2907E-09 1.2698E-09 1.2480E-09
1.1047E-08 1.1713E-08 1.2369E-08 1.3065E-08 1.3754E-08 1.4542E-08 1.5329E-08 1.6102E-08 1.6850E-08 1.7551E-08 1.8193E-08 1.8756E-08 1.9224E-08 1.9635E-08 1.9888E-08 2.0009E-08 1.9991E-08 1.9824E-08 1.9513E-08 1.9056E-08 1.8457E-08 1.7728E-08 1.6857E-08 1.5834E-08 1.4611E-08 1.3261E-08 1.1820E-08 1.0585E-08 9.5424E-09 8.5908E-09 7.7009E-09 6.8634E-09 6.0954E-09 5.4201E-09 4.8170E-09 4.2888E-09 3.8225E-09 3.4205E-09 3.0743E-09 2.7449E-09 2.4997E-09 2.2981E-09 2.1289E-09 1.9591E-09 1.8455E-09 1.6386E-09 1.4855E-09 1.4460E-09 1.4179E-09 1.3876E-09 1.3660E-09 1.3447E-09 1.3235E-09 1.3025E-09 1.2817E-09 1.2599E-09 1.2395E-09
9.9212E-09 1.0448E-08 1.0968E-08 1.1497E-08 1.2171E-08 1.2826E-08 1.3483E-08 1.4124E-08 1.4739E-08 1.5317E-08 1.5839E-08 1.6296E-08 1.6670E-08 1.6951E-08 1.7128E-08 1.7242E-08 1.7196E-08 1.7030E-08 1.6738E-08 1.6324E-08 1.5799E-08 1.5173E-08 1.4414E-08 1.3537E-08 1.2496E-08 1.1373E-08 1.0165E-08 9.1240E-09 8.2820E-09 7.4762E-09 6.7311E-09 6.0364E-09 5.4090E-09 4.8350E-09 4.3275E-09 3.8791E-09 3.4831E-09 3.1406E-09 2.8212E-09 2.5627E-09 2.3567E-09 2.1825E-09 2.0087E-09 1.8873E-09 1.7665E-09 1.5505E-09 1.4636E-09 1.4289E-09 1.3983E-09 1.3769E-09 1.3557E-09 1.3346E-09 1.3138E-09 1.2930E-09 1.2725E-09 1.2510E-09 1.2309E-09
8.8683E-09 9.2738E-09 9.6886E-09 1.0191E-08 1.0717E-08 1.1288E-08 1.1826E-08 1.2351E-08 1.2856E-08 1.3323E-08 1.3746E-08 1.4109E-08 1.4404E-08 1.4621E-08 1.4748E-08 1.4781E-08 1.4716E-08 1.4547E-08 1.4317E-08 1.3953E-08 1.3490E-08 1.2953E-08 1.2317E-08 1.1557E-08 1.0691E-08 9.7486E-09 8.7387E-09 7.8670E-09 7.1834E-09 6.5160E-09 5.8994E-09 5.3258E-09 4.7963E-09 4.3202E-09 3.8934E-09 3.5139E-09 3.1817E-09 2.8695E-09 2.6115E-09 2.4056E-09 2.2279E-09 2.0772E-09 1.9240E-09 1.8079E-09 1.5667E-09 1.4778E-09 1.4393E-09 1.4117E-09 1.3872E-09 1.3661E-09 1.3452E-09 1.3245E-09 1.3039E-09 1.2834E-09 1.2620E-09 1.2420E-09 1.2222E-09
7.8949E-09 8.2149E-09 8.6016E-09 9.0241E-09 9.4579E-09 9.8916E-09 1.0358E-08 1.0783E-08 1.1188E-08 1.1565E-08 1.1899E-08 1.2185E-08 1.2415E-08 1.2576E-08 1.2664E-08 1.2675E-08 1.2602E-08 1.2447E-08 1.2207E-08 1.1890E-08 1.1497E-08 1.1037E-08 1.0513E-08 9.8633E-09 9.1410E-09 8.3532E-09 7.5280E-09 6.8178E-09 6.2464E-09 5.6977E-09 5.1818E-09 4.7015E-09 4.2649E-09 3.8711E-09 3.5134E-09 3.1946E-09 2.8971E-09 2.6523E-09 2.4406E-09 2.2632E-09 2.1116E-09 1.9554E-09 1.8465E-09 1.6805E-09 1.4928E-09 1.4541E-09 1.4267E-09 1.3968E-09 1.3760E-09 1.3552E-09 1.3346E-09 1.3141E-09 1.2938E-09 1.2737E-09 1.2526E-09 1.2329E-09 1.2133E-09
7.0261E-09 7.3167E-09 7.6482E-09 7.9932E-09 8.3424E-09 8.6949E-09 9.0397E-09 9.3721E-09 9.7292E-09 1.0025E-08 1.0289E-08 1.0511E-08 1.0683E-08 1.0802E-08 1.0859E-08 1.0850E-08 1.0777E-08 1.0633E-08 1.0422E-08 1.0142E-08 9.8037E-09 9.4074E-09 8.9667E-09 8.4286E-09 7.8444E-09 7.1782E-09 6.5019E-09 5.9112E-09 5.4429E-09 4.9893E-09 4.5616E-09 4.1689E-09 3.8055E-09 3.4786E-09 3.1666E-09 2.9069E-09 2.6653E-09 2.4588E-09 2.2854E-09 2.1349E-09 1.9845E-09 1.8753E-09 1.7637E-09 1.5550E-09 1.4728E-09 1.4358E-09 1.4091E-09 1.3852E-09 1.3646E-09 1.3442E-09 1.3239E-09 1.3037E-09 1.2837E-09 1.2627E-09 1.2431E-09 1.2236E-09 1.2043E-09
6.2846E-09 6.5425E-09 6.8108E-09 7.0852E-09 7.3666E-09 7.6457E-09 7.9195E-09 8.1851E-09 8.4311E-09 8.6926E-09 8.8951E-09 9.0629E-09 9.1921E-09 9.2740E-09 9.3056E-09 9.2867E-09 9.2070E-09 9.0766E-09 8.8846E-09 8.6490E-09 8.3608E-09 8.0267E-09 7.6611E-09 7.2187E-09 6.7293E-09 6.1834E-09 5.6239E-09 5.1462E-09 4.7575E-09 4.3874E-09 4.0383E-09 3.7118E-09 3.4020E-09 3.1286E-09 2.8869E-09 2.6601E-09 2.4616E-09 2.2959E-09 2.1485E-09 2.0026E-09 1.8942E-09 1.7822E-09 1.5664E-09 1.4816E-09 1.4443E-09 1.4176E-09 1.3937E-09 1.3734E-09 1.3531E-09 1.3330E-09 1.3130E-09 1.2931E-09 1.2734E-09 1.2527E-09 1.2334E-09 1.2142E-09 1.1951E-09
5.5990E-09 5.8533E-09 6.0765E-09 6.2956E-09 6.5155E-09 6.7346E-09 6.9515E-09 7.1563E-09 7.3494E-09 7.5211E-09 7.6683E-09 7.8244E-09 7.9155E-09 7.9697E-09 7.9818E-09 7.9503E-09 7.8764E-09 7.7542E-09 7.5911E-09 7.3844E-09 7.1396E-09 6.8642E-09 6.5578E-09 6.2102E-09 5.7958E-09 5.3461E-09 4.8836E-09 4.5027E-09 4.1783E-09 3.8726E-09 3.5764E-09 3.3124E-09 3.0674E-09 2.8453E-09 2.6355E-09 2.4477E-09 2.2913E-09 2.1515E-09 2.0129E-09 1.9069E-09 1.7970E-09 1.5762E-09 1.4895E-09 1.4553E-09 1.4254E-09 1.4049E-09 1.3815E-09 1.3614E-09 1.3415E-09 1.3217E-09 1.3020E-09 1.2824E-09 1.2619E-09 1.2427E-09 1.2236E-09 1.2047E-09 1.1859E-09
5.0520E-09 5.2154E-09 5.4293E-09 5.6094E-09 5.7823E-09 5.9518E-09 6.1167E-09 6.2760E-09 6.4214E-09 6.5506E-09 6.6615E-09 6.7467E-09 6.8062E-09 6.8335E-09 6.8615E-09 6.8256E-09 6.7524E-09 6.6459E-09 6.5049E-09 6.3276E-09 6.1235E-09 5.8871E-09 5.6370E-09 5.3657E-09 5.0165E-09 4.6420E-09 4.2476E-09 3.9427E-09 3.6816E-09 3.4355E-09 3.2033E-09 2.9853E-09 2.7852E-09 2.5944E-09 2.4201E-09 2.2766E-09 2.1271E-09 2.0153E-09 1.9131E-09 1.8057E-09 1.5840E-09 1.4966E-09 1.4624E-09 1.4378E-09 1.4123E-09 1.3890E-09 1.3692E-09 1.3494E-09 1.3298E-09 1.3103E-09 1.2909E-09 1.2717E-09 1.2514E-09 1.2325E-09 1.2137E-09 1.1951E-09 1.1766E-09
4.5704E-09 4.7000E-09 4.8357E-09 5.0009E-09 5.1506E-09 5.2790E-09 5.4060E-09 5.5241E-09 5.6321E-09 5.7287E-09 5.8070E-09 5.8678E-09 5.9046E-09 5.9188E-09 5.9051E-09 5.8639E-09 5.7968E-09 5.7003E-09 5.5790E-09 5.4309E-09 5.2585E-09 5.0636E-09 4.8549E-09 4.6317E-09 4.3572E-09 4.0510E-09 3.7420E-09 3.4905E-09 3.2816E-09 3.0799E-09 2.8898E-09 2.7122E-09 2.5401E-09 2.3808E-09 2.2457E-09 2.1151E-09 2.0099E-09 1.9127E-09 1.8091E-09 1.5911E-09 1.5027E-09 1.4738E-09 1.4444E-09 1.4189E-09 1.3990E-09 1.3762E-09 1.3567E-09 1.3373E-09 1.3180E-09 1.2988E-09 1.2797E-09 1.2596E-09 1.2409E-09 1.2222E-09 1.2037E-09 1.1853E-09 1.1671E-09
4.1531E-09 4.2573E-09 4.3580E-09 4.4662E-09 4.5684E-09 4.7060E-09 4.8010E-09 4.8873E-09 4.9671E-09 5.0341E-09 5.0897E-09 5.1279E-09 5.1502E-09 5.1513E-09 5.1316E-09 5.0922E-09 5.0280E-09 4.9450E-09 4.8333E-09 4.7066E-09 4.5564E-09 4.4006E-09 4.2272E-09 4.0416E-09 3.8273E-09 3.5644E-09 3.3175E-09 3.1174E-09 2.9460E-09 2.7814E-09 2.6249E-09 2.4734E-09 2.3305E-09 2.2008E-09 2.0950E-09 1.9973E-09 1.9061E-09 1.8073E-09 1.5952E-09 1.5080E-09 1.4794E-09 1.4535E-09 1.4249E-09 1.4053E-09 1.3826E-09 1.3634E-09 1.3442E-09 1.3251E-09 1.3061E-09 1.2872E-09 1.2684E-09 1.2487E-09 1.2302E-09 1.2119E-09 1.1936E-09 1.1755E-09 1.1575E-09
3.7811E-09 3.8636E-09 3.9526E-09 4.0291E-09 4.1080E-09 4.1871E-09 4.2615E-09 4.3525E-09 4.4066E-09 4.4536E-09 4.4882E-09 4.5101E-09 4.5200E-09 4.5122E-09 4.4888E-09 4.4455E-09 4.3874E-09 4.3098E-09 4.2164E-09 4.1072E-09 3.9852E-09 3.8507E-09 3.7059E-09 3.5551E-09 3.3846E-09 3.1662E-09 2.9651E-09 2.8071E-09 2.6678E-09 2.5356E-09 2.4000E-09 2.2704E-09 2.1636E-09 2.0678E-09 1.9794E-09 1.8937E-09 1.8007E-09 1.5973E-09 1.5124E-09 1.4842E-09 1.4586E-09 1.4302E-09 1.4109E-09 1.3916E-09 1.3694E-09 1.3504E-09 1.3316E-09 1.3128E-09 1.2941E-09 1.2756E-09 1.2560E-09 1.2377E-09 1.2195E-09 1.2014E-09 1.1834E-09 1.1656E-09 1.1479E-09
3.4718E-09 3.5340E-09 3.5976E-09 3.6653E-09 3.7211E-09 3.7751E-09 3.8280E-09 3.8787E-09 3.9139E-09 3.9674E-09 3.9869E-09 3.9974E-09 3.9944E-09 3.9812E-09 3.9533E-09 3.9136E-09 3.8584E-09 3.7900E-09 3.7075E-09 3.6172E-09 3.5170E-09 3.4005E-09 3.2776E-09 3.1413E-09 3.0143E-09 2.8431E-09 2.6767E-09 2.5486E-09 2.4364E-09 2.3215E-09 2.2129E-09 2.1205E-09 2.0348E-09 1.9550E-09 1.8681E-09 1.7416E-09 1.5976E-09 1.5170E-09 1.4882E-09 1.4629E-09 1.4348E-09 1.4157E-09 1.3967E-09 1.3747E-09 1.3560E-09 1.3374E-09 1.3189E-09 1.3005E-09 1.2821E-09 1.2627E-09 1.2446E-09 1.2266E-09 1.2087E-09 1.1909E-09 1.1732E-09 1.1556E-09 1.1382E-09
3.1919E-09 3.2159E-09 3.2951E-09 3.3423E-09 3.3897E-09 3.4291E-09 3.4682E-09 3.4970E-09 3.5294E-09 3.5431E-09 3.5504E-09 3.5479E-09 3.5630E-09 3.5441E-09 3.5152E-09 3.4767E-09 3.4267E-09 3.3650E-09 3.2931E-09 3.2114E-09 3.1216E-09 3.0221E-09 2.9144E-09 2.8089E-09 2.7020E-09 2.5734E-09 2.4450E-09 2.3408E-09 2.2418E-09 2.1545E-09 2.0734E-09 1.9977E-09 1.9264E-09 1.8384E-09 1.6328E-09 1.5465E-09 1.5195E-09 1.4863E-09 1.4665E-09 1.4420E-09 1.4199E-09 1.4012E-09 1.3794E-09 1.3610E-09 1.3427E-09 1.3244E-09 1.3062E-09 1.2880E-09 1.2700E-09 1.2509E-09 1.2331E-09 1.2154E-09 1.1978E-09 1.1802E-09 1.1628E-09 1.1455E-09 1.1273E-09
2.9792E-09 2.9968E-09 3.0156E-09 3.0779E-09 3.1075E-09 3.1398E-09 3.1631E-09 3.1843E-09 3.1971E-09 3.2124E-09 3.2144E-09 3.2080E-09 3.1929E-09 3.1719E-09 3.1421E-09 3.1009E-09 3.0548E-09 2.9997E-09 2.9403E-09 2.8727E-09 2.7928E-09 2.7134E-09 2.6316E-09 2.5474E-09 2.4614E-09 2.3620E-09 2.2532E-09 2.1698E-09 2.0946E-09 2.0242E-09 1.9579E-09 1.8825E-09 1.7689E-09 1.6280E-09 1.5475E-09 1.5212E-09 1.4887E-09 1.4640E-09 1.4453E-09 1.4234E-09 1.4050E-09 1.3866E-09 1.3653E-09 1.3472E-09 1.3292E-09 1.3113E-09 1.2934E-09 1.2755E-09 1.2566E-09 1.2391E-09 1.2215E-09 1.2041E-09 1.1868E-09 1.1695E-09 1.1524E-09 1.1354E-09 1.1175E-09
