Assets/Resources/2015_m01_d21_1300(utc+0800)_l00_csi_1hr_conc.grd
DSAA
         159         159
     -79.000      79.000
     -79.000      79.000
  0.1152E-09  0.5791E-05
[rows 50 to 74 of 159, columns 0 to 56 of 159]
9.0304E-10 9.3402E-10 9.6601E-10 9.9879E-10 1.0323E-09 1.0671E-09 1.1027E-09 1.1392E-09 1.1767E-09 1.2153E-09 1.2548E-09 1.2951E-09 1.3367E-09 1.3793E-09 1.4227E-09 1.4673E-09 1.5130E-09 1.5597E-09 1.6071E-09 1.6559E-09 1.7057E-09 1.7564E-09 1.8081E-09 1.8609E-09 1.9147E-09 1.9693E-09 2.0251E-09 2.0819E-09 2.1394E-09 2.1980E-09 2.2575E-09 2.3176E-09 2.3788E-09 2.4408E-09 2.5033E-09 2.5668E-09 2.6309E-09 2.6955E-09 2.7609E-09 2.8270E-09 2.8932E-09 2.9602E-09 3.0277E-09 3.0952E-09 3.1632E-09 3.2317E-09 3.3000E-09 3.3686E-09 3.4373E-09 3.5062E-09 3.5748E-09 3.6437E-09 3.7124E-09 3.7806E-09 3.8489E-09 3.9170E-09 3.9843E-09
8.9843E-10 9.2928E-10 9.6101E-10 9.9342E-10 1.0270E-09 1.0615E-09 1.0968E-09 1.1330E-09 1.1705E-09 1.2087E-09 1.2478E-09 1.2881E-09 1.3294E-09 1.3716E-09 1.4148E-09 1.4591E-09 1.5046E-09 1.5506E-09 1.5980E-09 1.6465E-09 1.6958E-09 1.7461E-09 1.7976E-09 1.8500E-09 1.9034E-09 1.9578E-09 2.0132E-09 2.0695E-09 2.1267E-09 2.1849E-09 2.2438E-09 2.3037E-09 2.3644E-09 2.4258E-09 2.4881E-09 2.5511E-09 2.6146E-09 2.6790E-09 2.7440E-09 2.8094E-09 2.8754E-09 2.9420E-09 3.0087E-09 3.0759E-09 3.1437E-09 3.2114E-09 3.2793E-09 3.3477E-09 3.4158E-09 3.4840E-09 3.5526E-09 3.6209E-09 3.6889E-09 3.7570E-09 3.8248E-09 3.8920E-09 3.9595E-09
8.9364E-10 9.2429E-10 9.5558E-10 9.8802E-10 1.0214E-09 1.0556E-09 1.0906E-09 1.1267E-09 1.1639E-09 1.2018E-09 1.2407E-09 1.2808E-09 1.3216E-09 1.3635E-09 1.4066E-09 1.4506E-09 1.4953E-09 1.5415E-09 1.5885E-09 1.6365E-09 1.6854E-09 1.7356E-09 1.7866E-09 1.8385E-09 1.8916E-09 1.9457E-09 2.0006E-09 2.0565E-09 2.1133E-09 2.1710E-09 2.2295E-09 2.2890E-09 2.3492E-09 2.4103E-09 2.4721E-09 2.5345E-09 2.5978E-09 2.6617E-09 2.7260E-09 2.7911E-09 2.8567E-09 2.9226E-09 2.9890E-09 3.0559E-09 3.1229E-09 3.1902E-09 3.2579E-09 3.3256E-09 3.3933E-09 3.4612E-09 3.5291E-09 3.5968E-09 3.6647E-09 3.7323E-09 3.7993E-09 3.8664E-09 3.9333E-09
8.8861E-10 9.1881E-10 9.5008E-10 9.8235E-10 1.0154E-09 1.0492E-09 1.0842E-09 1.1201E-09 1.1568E-09 1.1945E-09 1.2333E-09 1.2730E-09 1.3135E-09 1.3552E-09 1.3980E-09 1.4414E-09 1.4861E-09 1.5319E-09 1.5785E-09 1.6260E-09 1.6748E-09 1.7245E-09 1.7749E-09 1.8267E-09 1.8794E-09 1.9330E-09 1.9874E-09 2.0429E-09 2.0993E-09 2.1565E-09 2.2147E-09 2.2737E-09 2.3334E-09 2.3941E-09 2.4554E-09 2.5174E-09 2.5802E-09 2.6436E-09 2.7075E-09 2.7721E-09 2.8371E-09 2.9025E-09 2.9686E-09 3.0348E-09 3.1013E-09 3.1684E-09 3.2354E-09 3.3025E-09 3.3699E-09 3.4372E-09 3.5044E-09 3.5720E-09 3.6393E-09 3.7061E-09 3.7731E-09 3.8396E-09 3.9056E-09
8.8317E-10 9.1328E-10 9.4438E-10 9.7636E-10 1.0090E-09 1.0428E-09 1.0776E-09 1.1131E-09 1.1495E-09 1.1871E-09 1.2255E-09 1.2647E-09 1.3052E-09 1.3466E-09 1.3887E-09 1.4321E-09 1.4764E-09 1.5217E-09 1.5679E-09 1.6153E-09 1.6637E-09 1.7128E-09 1.7630E-09 1.8143E-09 1.8666E-09 1.9196E-09 1.9738E-09 2.0288E-09 2.0847E-09 2.1415E-09 2.1992E-09 2.2577E-09 2.3170E-09 2.3772E-09 2.4379E-09 2.4996E-09 2.5618E-09 2.6246E-09 2.6882E-09 2.7522E-09 2.8167E-09 2.8817E-09 2.9472E-09 3.0128E-09 3.0790E-09 3.1454E-09 3.2118E-09 3.2787E-09 3.3455E-09 3.4122E-09 3.4791E-09 3.5460E-09 3.6126E-09 3.6793E-09 3.7456E-09 3.8115E-09 3.8773E-09
8.7751E-10 9.0757E-10 9.3845E-10 9.6989E-10 1.0026E-09 1.0361E-09 1.0704E-09 1.1057E-09 1.1420E-09 1.1792E-09 1.2172E-09 1.2563E-09 1.2965E-09 1.3373E-09 1.3793E-09 1.4224E-09 1.4663E-09 1.5111E-09 1.5571E-09 1.6041E-09 1.6519E-09 1.7007E-09 1.7507E-09 1.8014E-09 1.8531E-09 1.9059E-09 1.9596E-09 2.0140E-09 2.0696E-09 2.1260E-09 2.1830E-09 2.2411E-09 2.3001E-09 2.3595E-09 2.4200E-09 2.4811E-09 2.5427E-09 2.6051E-09 2.6680E-09 2.7315E-09 2.7956E-09 2.8601E-09 2.9248E-09 2.9902E-09 3.0557E-09 3.1214E-09 3.1877E-09 3.2538E-09 3.3200E-09 3.3865E-09 3.4527E-09 3.5189E-09 3.5853E-09 3.6513E-09 3.7170E-09 3.7827E-09 3.8478E-09
8.7181E-10 9.0159E-10 9.3204E-10 9.6348E-10 9.9592E-10 1.0291E-09 1.0631E-09 1.0982E-09 1.1342E-09 1.1708E-09 1.2088E-09 1.2476E-09 1.2873E-09 1.3279E-09 1.3696E-09 1.4122E-09 1.4556E-09 1.5003E-09 1.5459E-09 1.5923E-09 1.6397E-09 1.6883E-09 1.7377E-09 1.7879E-09 1.8394E-09 1.8916E-09 1.9447E-09 1.9989E-09 2.0540E-09 2.1097E-09 2.1664E-09 2.2241E-09 2.2823E-09 2.3414E-09 2.4013E-09 2.4617E-09 2.5230E-09 2.5848E-09 2.6472E-09 2.7102E-09 2.7737E-09 2.8375E-09 2.9019E-09 2.9667E-09 3.0315E-09 3.0970E-09 3.1624E-09 3.2280E-09 3.2939E-09 3.3597E-09 3.4254E-09 3.4912E-09 3.5569E-09 3.6223E-09 3.6877E-09 3.7526E-09 3.8173E-09
8.6584E-10 8.9519E-10 9.2558E-10 9.5682E-10 9.8882E-10 1.0217E-09 1.0556E-09 1.0904E-09 1.1258E-09 1.1625E-09 1.2001E-09 1.2384E-09 1.2777E-09 1.3182E-09 1.3595E-09 1.4015E-09 1.4449E-09 1.4891E-09 1.5341E-09 1.5802E-09 1.6273E-09 1.6753E-09 1.7242E-09 1.7742E-09 1.8251E-09 1.8768E-09 1.9295E-09 1.9833E-09 2.0376E-09 2.0930E-09 2.1493E-09 2.2062E-09 2.2641E-09 2.3227E-09 2.3819E-09 2.4419E-09 2.5027E-09 2.5638E-09 2.6257E-09 2.6882E-09 2.7510E-09 2.8144E-09 2.8783E-09 2.9422E-09 3.0069E-09 3.0715E-09 3.1363E-09 3.2017E-09 3.2667E-09 3.3319E-09 3.3973E-09 3.4623E-09 3.5274E-09 3.5926E-09 3.6572E-09 3.7216E-09 3.7860E-09
8.5954E-10 8.8877E-10 9.1896E-10 9.4983E-10 9.8148E-10 1.0143E-09 1.0479E-09 1.0821E-09 1.1175E-09 1.1538E-09 1.1909E-09 1.2290E-09 1.2681E-09 1.3082E-09 1.3488E-09 1.3908E-09 1.4337E-09 1.4773E-09 1.5220E-09 1.5678E-09 1.6144E-09 1.6619E-09 1.7105E-09 1.7600E-09 1.8102E-09 1.8616E-09 1.9139E-09 1.9669E-09 2.0209E-09 2.0759E-09 2.1315E-09 2.1880E-09 2.2453E-09 2.3032E-09 2.3620E-09 2.4215E-09 2.4815E-09 2.5423E-09 2.6036E-09 2.6653E-09 2.7278E-09 2.7906E-09 2.8537E-09 2.9173E-09 2.9812E-09 3.0452E-09 3.1097E-09 3.1742E-09 3.2388E-09 3.3036E-09 3.3681E-09 3.4327E-09 3.4973E-09 3.5616E-09 3.6258E-09 3.6899E-09 3.7532E-09
8.5317E-10 8.8220E-10 9.1201E-10 9.4254E-10 9.7410E-10 1.0065E-09 1.0396E-09 1.0738E-09 1.1089E-09 1.1448E-09 1.1815E-09 1.2194E-09 1.2581E-09 1.2975E-09 1.3381E-09 1.3797E-09 1.4219E-09 1.4653E-09 1.5097E-09 1.5549E-09 1.6010E-09 1.6482E-09 1.6963E-09 1.7451E-09 1.7951E-09 1.8460E-09 1.8976E-09 1.9502E-09 2.0038E-09 2.0581E-09 2.1132E-09 2.1692E-09 2.2258E-09 2.2833E-09 2.3416E-09 2.4003E-09 2.4599E-09 2.5201E-09 2.5807E-09 2.6420E-09 2.7038E-09 2.7659E-09 2.8286E-09 2.8916E-09 2.9547E-09 3.0184E-09 3.0821E-09 3.1459E-09 3.2102E-09 3.2741E-09 3.3382E-09 3.4024E-09 3.4660E-09 3.5299E-09 3.5938E-09 3.6568E-09 3.7200E-09
8.4660E-10 8.7532E-10 9.0473E-10 9.3522E-10 9.6644E-10 9.9845E-10 1.0314E-09 1.0653E-09 1.0999E-09 1.1354E-09 1.1720E-09 1.2095E-09 1.2475E-09 1.2868E-09 1.3271E-09 1.3679E-09 1.4100E-09 1.4531E-09 1.4968E-09 1.5416E-09 1.5874E-09 1.6341E-09 1.6815E-09 1.7302E-09 1.7797E-09 1.8297E-09 1.8810E-09 1.9332E-09 1.9861E-09 2.0398E-09 2.0945E-09 2.1498E-09 2.2060E-09 2.2629E-09 2.3205E-09 2.3787E-09 2.4378E-09 2.4972E-09 2.5574E-09 2.6180E-09 2.6791E-09 2.7408E-09 2.8027E-09 2.8650E-09 2.9278E-09 2.9906E-09 3.0538E-09 3.1172E-09 3.1805E-09 3.2441E-09 3.3077E-09 3.3708E-09 3.4344E-09 3.4976E-09 3.5603E-09 3.6233E-09 3.6859E-09
8.3980E-10 8.6817E-10 8.9749E-10 9.2758E-10 9.5850E-10 9.9020E-10 1.0229E-09 1.0564E-09 1.0906E-09 1.1260E-09 1.1622E-09 1.1990E-09 1.2370E-09 1.2759E-09 1.3154E-09 1.3562E-09 1.3979E-09 1.4403E-09 1.4837E-09 1.5281E-09 1.5734E-09 1.6195E-09 1.6666E-09 1.7147E-09 1.7634E-09 1.8133E-09 1.8641E-09 1.9155E-09 1.9679E-09 2.0212E-09 2.0752E-09 2.1300E-09 2.1856E-09 2.2418E-09 2.2989E-09 2.3566E-09 2.4148E-09 2.4739E-09 2.5334E-09 2.5933E-09 2.6539E-09 2.7149E-09 2.7761E-09 2.8380E-09 2.9000E-09 2.9622E-09 3.0250E-09 3.0874E-09 3.1503E-09 3.2134E-09 3.2759E-09 3.3390E-09 3.4018E-09 3.4641E-09 3.5266E-09 3.5889E-09 3.6506E-09
8.3274E-10 8.6103E-10 8.8994E-10 9.1973E-10 9.5035E-10 9.8186E-10 1.0141E-09 1.0472E-09 1.0813E-09 1.1162E-09 1.1518E-09 1.1885E-09 1.2262E-09 1.2644E-09 1.3038E-09 1.3442E-09 1.3852E-09 1.4273E-09 1.4704E-09 1.5142E-09 1.5589E-09 1.6047E-09 1.6513E-09 1.6986E-09 1.7472E-09 1.7965E-09 1.8464E-09 1.8976E-09 1.9494E-09 2.0020E-09 2.0555E-09 2.1097E-09 2.1647E-09 2.2204E-09 2.2769E-09 2.3338E-09 2.3916E-09 2.4500E-09 2.5087E-09 2.5682E-09 2.6280E-09 2.6883E-09 2.7492E-09 2.8102E-09 2.8716E-09 2.9334E-09 2.9951E-09 3.0572E-09 3.1196E-09 3.1814E-09 3.2440E-09 3.3061E-09 3.3681E-09 3.4303E-09 3.4918E-09 3.5534E-09 3.6149E-09
8.2570E-10 8.5353E-10 8.8221E-10 9.1169E-10 9.4206E-10 9.7320E-10 1.0050E-09 1.0380E-09 1.0717E-09 1.1060E-09 1.1415E-09 1.1779E-09 1.2148E-09 1.2530E-09 1.2919E-09 1.3316E-09 1.3724E-09 1.4141E-09 1.4566E-09 1.4999E-09 1.5443E-09 1.5895E-09 1.6355E-09 1.6825E-09 1.7305E-09 1.7790E-09 1.8287E-09 1.8792E-09 1.9304E-09 1.9825E-09 2.0354E-09 2.0889E-09 2.1433E-09 2.1985E-09 2.2542E-09 2.3107E-09 2.3678E-09 2.4253E-09 2.4837E-09 2.5425E-09 2.6016E-09 2.6614E-09 2.7214E-09 2.7818E-09 2.8428E-09 2.9035E-09 2.9648E-09 3.0264E-09 3.0877E-09 3.1494E-09 3.2110E-09 3.2725E-09 3.3342E-09 3.3954E-09 3.4565E-09 3.5175E-09 3.5778E-09
8.1832E-10 8.4591E-10 8.7435E-10 9.0354E-10 9.3353E-10 9.6427E-10 9.9597E-10 1.0284E-09 1.0616E-09 1.0959E-09 1.1310E-09 1.1667E-09 1.2035E-09 1.2412E-09 1.2795E-09 1.3190E-09 1.3594E-09 1.4004E-09 1.4424E-09 1.4855E-09 1.5292E-09 1.5738E-09 1.6195E-09 1.6660E-09 1.7131E-09 1.7615E-09 1.8106E-09 1.8602E-09 1.9110E-09 1.9625E-09 2.0147E-09 2.0678E-09 2.1216E-09 2.1759E-09 2.2311E-09 2.2871E-09 2.3434E-09 2.4004E-09 2.4581E-09 2.5161E-09 2.5748E-09 2.6337E-09 2.6932E-09 2.7530E-09 2.8130E-09 2.8734E-09 2.9341E-09 2.9946E-09 3.0556E-09 3.1165E-09 3.1774E-09 3.2385E-09 3.2991E-09 3.3599E-09 3.4206E-09 3.4806E-09 3.5407E-09
8.1083E-10 8.3819E-10 8.6628E-10 8.9514E-10 9.2475E-10 9.5529E-10 9.8658E-10 1.0186E-09 1.0516E-09 1.0854E-09 1.1199E-09 1.1555E-09 1.1919E-09 1.2289E-09 1.2671E-09 1.3061E-09 1.3458E-09 1.3865E-09 1.4282E-09 1.4706E-09 1.5138E-09 1.5581E-09 1.6032E-09 1.6490E-09 1.6958E-09 1.7435E-09 1.7918E-09 1.8412E-09 1.8913E-09 1.9421E-09 1.9938E-09 2.0463E-09 2.0993E-09 2.1532E-09 2.2078E-09 2.2628E-09 2.3187E-09 2.3751E-09 2.4319E-09 2.4894E-09 2.5472E-09 2.6057E-09 2.6645E-09 2.7235E-09 2.7830E-09 2.8427E-09 2.9025E-09 2.9626E-09 3.0227E-09 3.0830E-09 3.1434E-09 3.2034E-09 3.2638E-09 3.3239E-09 3.3836E-09 3.4434E-09 3.5025E-09
8.0320E-10 8.3026E-10 8.5803E-10 8.8658E-10 9.1592E-10 9.4606E-10 9.7694E-10 1.0088E-09 1.0413E-09 1.0746E-09 1.1089E-09 1.1441E-09 1.1799E-09 1.2167E-09 1.2545E-09 1.2927E-09 1.3322E-09 1.3725E-09 1.4134E-09 1.4554E-09 1.4983E-09 1.5420E-09 1.5864E-09 1.6319E-09 1.6781E-09 1.7250E-09 1.7730E-09 1.8218E-09 1.8710E-09 1.9214E-09 1.9725E-09 2.0242E-09 2.0767E-09 2.1300E-09 2.1838E-09 2.2383E-09 2.2934E-09 2.3491E-09 2.4054E-09 2.4621E-09 2.5194E-09 2.5772E-09 2.6351E-09 2.6936E-09 2.7523E-09 2.8112E-09 2.8706E-09 2.9298E-09 2.9893E-09 3.0491E-09 3.1084E-09 3.1681E-09 3.2277E-09 3.2870E-09 3.3464E-09 3.4052E-09 3.4639E-09
7.9542E-10 8.2211E-10 8.4963E-10 8.7786E-10 9.0687E-10 9.3660E-10 9.6725E-10 9.9864E-10 1.0307E-09 1.0639E-09 1.0977E-09 1.1322E-09 1.1679E-09 1.2043E-09 1.2412E-09 1.2794E-09 1.3184E-09 1.3580E-09 1.3986E-09 1.4401E-09 1.4823E-09 1.5255E-09 1.5695E-09 1.6143E-09 1.6599E-09 1.7065E-09 1.7538E-09 1.8018E-09 1.8507E-09 1.9003E-09 1.9507E-09 2.0019E-09 2.0538E-09 2.1063E-09 2.1596E-09 2.2135E-09 2.2678E-09 2.3229E-09 2.3785E-09 2.4345E-09 2.4912E-09 2.5480E-09 2.6055E-09 2.6632E-09 2.7211E-09 2.7795E-09 2.8379E-09 2.8966E-09 2.9556E-09 3.0142E-09 3.0733E-09 3.1321E-09 3.1908E-09 3.2498E-09 3.3082E-09 3.3666E-09 3.4247E-09
7.8744E-10 8.1390E-10 8.4109E-10 8.6899E-10 8.9765E-10 9.2710E-10 9.5733E-10 9.8829E-10 1.0202E-09 1.0528E-09 1.0861E-09 1.1205E-09 1.1556E-09 1.1914E-09 1.2282E-09 1.2659E-09 1.3041E-09 1.3434E-09 1.3836E-09 1.4244E-09 1.4662E-09 1.5089E-09 1.5523E-09 1.5965E-09 1.6417E-09 1.6875E-09 1.7341E-09 1.7817E-09 1.8300E-09 1.8789E-09 1.9288E-09 1.9793E-09 2.0305E-09 2.0824E-09 2.1350E-09 2.1881E-09 2.2419E-09 2.2962E-09 2.3511E-09 2.4065E-09 2.4622E-09 2.5186E-09 2.5753E-09 2.6322E-09 2.6896E-09 2.7471E-09 2.8049E-09 2.8630E-09 2.9209E-09 2.9792E-09 3.0374E-09 3.0955E-09 3.1539E-09 3.2117E-09 3.2697E-09 3.3273E-09 3.3846E-09
7.7940E-10 8.0554E-10 8.3240E-10 8.5997E-10 8.8830E-10 9.1738E-10 9.4718E-10 9.7790E-10 1.0093E-09 1.0414E-09 1.0746E-09 1.1085E-09 1.1429E-09 1.1785E-09 1.2149E-09 1.2518E-09 1.2899E-09 1.3287E-09 1.3681E-09 1.4086E-09 1.4499E-09 1.4919E-09 1.5348E-09 1.5786E-09 1.6230E-09 1.6683E-09 1.7144E-09 1.7612E-09 1.8089E-09 1.8574E-09 1.9064E-09 1.9563E-09 2.0069E-09 2.0581E-09 2.1099E-09 2.1625E-09 2.2155E-09 2.2692E-09 2.3234E-09 2.3779E-09 2.4331E-09 2.4886E-09 2.5446E-09 2.6010E-09 2.6575E-09 2.7144E-09 2.7716E-09 2.8287E-09 2.8862E-09 2.9435E-09 3.0010E-09 3.0588E-09 3.1159E-09 3.1734E-09 3.2305E-09 3.2875E-09 3.3444E-09
7.7123E-10 7.9705E-10 8.2354E-10 8.5082E-10 8.7880E-10 9.0752E-10 9.3702E-10 9.6729E-10 9.9827E-10 1.0302E-09 1.0628E-09 1.0961E-09 1.1304E-09 1.1655E-09 1.2011E-09 1.2378E-09 1.2754E-09 1.3135E-09 1.3526E-09 1.3927E-09 1.4332E-09 1.4747E-09 1.5172E-09 1.5602E-09 1.6041E-09 1.6489E-09 1.6943E-09 1.7405E-09 1.7877E-09 1.8353E-09 1.8838E-09 1.9331E-09 1.9829E-09 2.0335E-09 2.0847E-09 2.1364E-09 2.1888E-09 2.2419E-09 2.2952E-09 2.3492E-09 2.4036E-09 2.4584E-09 2.5137E-09 2.5692E-09 2.6252E-09 2.6813E-09 2.7375E-09 2.7942E-09 2.8507E-09 2.9075E-09 2.9645E-09 3.0210E-09 3.0779E-09 3.1344E-09 3.1909E-09 3.2473E-09 3.3032E-09
7.6284E-10 7.8833E-10 8.1454E-10 8.4154E-10 8.6910E-10 8.9747E-10 9.2665E-10 9.5647E-10 9.8712E-10 1.0186E-09 1.0507E-09 1.0838E-09 1.1175E-09 1.1520E-09 1.1875E-09 1.2237E-09 1.2605E-09 1.2984E-09 1.3370E-09 1.3761E-09 1.4165E-09 1.4575E-09 1.4991E-09 1.5417E-09 1.5851E-09 1.6291E-09 1.6740E-09 1.7197E-09 1.7659E-09 1.8131E-09 1.8610E-09 1.9093E-09 1.9587E-09 2.0086E-09 2.0590E-09 2.1101E-09 2.1619E-09 2.2140E-09 2.2668E-09 2.3200E-09 2.3737E-09 2.4279E-09 2.4822E-09 2.5372E-09 2.5924E-09 2.6477E-09 2.7034E-09 2.7591E-09 2.8151E-09 2.8712E-09 2.9271E-09 2.9833E-09 3.0391E-09 3.0951E-09 3.1510E-09 3.2064E-09 3.2620E-09
7.5439E-10 7.7950E-10 8.0548E-10 8.3203E-10 8.5935E-10 8.8735E-10 9.1609E-10 9.4558E-10 9.7583E-10 1.0068E-09 1.0386E-09 1.0712E-09 1.1045E-09 1.1386E-09 1.1736E-09 1.2091E-09 1.2457E-09 1.2830E-09 1.3209E-09 1.3598E-09 1.3995E-09 1.4397E-09 1.4810E-09 1.5230E-09 1.5656E-09 1.6092E-09 1.6535E-09 1.6984E-09 1.7442E-09 1.7907E-09 1.8377E-09 1.8857E-09 1.9342E-09 1.9833E-09 2.0332E-09 2.0836E-09 2.1345E-09 2.1861E-09 2.2381E-09 2.2906E-09 2.3436E-09 2.3969E-09 2.4507E-09 2.5047E-09 2.5592E-09 2.6139E-09 2.6687E-09 2.7238E-09 2.7790E-09 2.8342E-09 2.8897E-09 2.9448E-09 3.0002E-09 3.0554E-09 3.1104E-09 3.1654E-09 3.2199E-09
7.4579E-10 7.7062E-10 7.9627E-10 8.2252E-10 8.4936E-10 8.7710E-10 9.0547E-10 9.3456E-10 9.6441E-10 9.9501E-10 1.0264E-09 1.0584E-09 1.0914E-09 1.1250E-09 1.1593E-09 1.1946E-09 1.2306E-09 1.2672E-09 1.3049E-09 1.3431E-09 1.3821E-09 1.4221E-09 1.4626E-09 1.5040E-09 1.5463E-09 1.5890E-09 1.6326E-09 1.6771E-09 1.7222E-09 1.7679E-09 1.8145E-09 1.8616E-09 1.9094E-09 1.9580E-09 2.0071E-09 2.0568E-09 2.1071E-09 2.1577E-09 2.2091E-09 2.2610E-09 2.3130E-09 2.3658E-09 2.4187E-09 2.4721E-09 2.5258E-09 2.5796E-09 2.6338E-09 2.6880E-09 2.7425E-09 2.7971E-09 2.8516E-09 2.9063E-09 2.9608E-09 3.0152E-09 3.0697E-09 3.1236E-09 3.1778E-09
7.3714E-10 7.6177E-10 7.8690E-10 8.1279E-10 8.3945E-10 8.6675E-10 8.9473E-10 9.2337E-10 9.5287E-10 9.8305E-10 1.0139E-09 1.0456E-09 1.0780E-09 1.1112E-09 1.1452E-09 1.1798E-09 1.2153E-09 1.2516E-09 1.2885E-09 1.3263E-09 1.3649E-09 1.4040E-09 1.4441E-09 1.4850E-09 1.5265E-09 1.5687E-09 1.6118E-09 1.6555E-09 1.6999E-09 1.7451E-09 1.7909E-09 1.8374E-09 1.8846E-09 1.9322E-09 1.9808E-09 2.0298E-09 2.0792E-09 2.1293E-09 2.1799E-09 2.2309E-09 2.2824E-09 2.3343E-09 2.3865E-09 2.4392E-09 2.4919E-09 2.5452E-09 2.5985E-09 2.6521E-09 2.7058E-09 2.7595E-09 2.8135E-09 2.8671E-09 2.9211E-09 2.9749E-09 3.0284E-09 3.0820E-09 3.1350E-09
