Assets/Resources/2015_m01_d23_0800(utc+0800)_l00_csi_1hr_conc.grd
DSAA
         159         159
     -79.000      79.000
     -79.000      79.000
  0.0000E+00  0.3611E-04
[rows 75 to 99 of 159, columns 57 to 113 of 159]
2.4247E-11 3.3296E-11 5.5401E-11 7.7405E-11 9.2854E-11 1.1206E-10 1.2913E-10 1.4981E-10 1.9330E-10 2.2257E-10 2.6196E-10 2.9605E-10 3.3334E-10 3.7211E-10 4.1987E-10 4.6662E-10 5.2425E-10 5.8399E-10 6.5246E-10 7.2869E-10 8.1423E-10 9.0653E-10 1.0067E-09 1.1134E-09 1.2257E-09 1.3452E-09 1.4697E-09 1.6010E-09 1.7362E-09 1.8751E-09 2.0177E-09 2.1578E-09 2.2989E-09 2.4409E-09 2.5774E-09 2.7173E-09 2.9112E-09 3.2471E-09 3.6152E-09 3.9647E-09 4.6411E-09 5.3986E-09 6.3319E-09 7.5819E-09 9.3505E-09 1.0933E-08 1.2787E-08 1.4992E-08 1.7787E-08 2.1583E-08 2.5542E-08 3.2256E-08 3.8507E-08 4.5099E-08 5.1842E-08 5.8682E-08 6.5596E-08
1.9946E-11 2.7758E-11 3.9222E-11 6.3679E-11 8.4378E-11 9.7870E-11 1.1760E-10 1.3531E-10 1.5750E-10 1.9860E-10 2.3173E-10 2.6736E-10 3.0021E-10 3.3994E-10 3.8473E-10 4.3043E-10 4.8520E-10 5.4300E-10 6.0941E-10 6.8124E-10 7.6216E-10 8.4969E-10 9.4507E-10 1.0460E-09 1.1544E-09 1.2691E-09 1.3890E-09 1.5158E-09 1.6467E-09 1.7818E-09 1.9208E-09 2.0579E-09 2.1980E-09 2.3360E-09 2.4705E-09 2.6088E-09 2.8173E-09 3.1821E-09 3.5565E-09 3.9445E-09 4.7018E-09 5.5815E-09 6.6669E-09 8.2558E-09 1.0115E-08 1.2018E-08 1.4400E-08 1.7205E-08 2.0834E-08 2.5135E-08 3.2156E-08 3.9427E-08 4.7171E-08 5.4931E-08 6.2610E-08 7.0102E-08 7.7443E-08
1.4844E-11 2.2091E-11 3.1449E-11 4.6416E-11 7.2453E-11 8.9836E-11 1.0488E-10 1.2059E-10 1.4239E-10 1.6272E-10 2.0578E-10 2.3658E-10 2.7085E-10 3.0697E-10 3.5111E-10 3.9514E-10 4.4512E-10 5.0395E-10 5.6823E-10 6.3485E-10 7.1217E-10 7.9502E-10 8.8562E-10 9.8179E-10 1.0853E-09 1.1951E-09 1.3103E-09 1.4325E-09 1.5591E-09 1.6902E-09 1.8255E-09 1.9593E-09 2.0966E-09 2.2319E-09 2.3643E-09 2.5007E-09 2.7228E-09 3.1161E-09 3.4944E-09 3.9429E-09 4.8197E-09 5.8434E-09 7.1166E-09 8.8940E-09 1.1087E-08 1.3396E-08 1.6332E-08 2.0113E-08 2.4852E-08 3.1230E-08 4.0433E-08 4.9557E-08 5.8926E-08 6.7829E-08 7.6304E-08 8.4186E-08 9.1896E-08
1.1623E-11 1.8319E-11 2.5374E-11 3.7552E-11 5.4184E-11 7.7462E-11 9.5451E-11 1.0914E-10 1.2717E-10 1.4592E-10 1.6933E-10 2.0769E-10 2.4510E-10 2.7688E-10 3.1625E-10 3.6104E-10 4.0961E-10 4.6095E-10 5.2599E-10 5.9140E-10 6.6339E-10 7.4157E-10 8.2841E-10 9.1981E-10 1.0185E-09 1.1298E-09 1.2052E-08 1.3514E-09 1.4735E-09 1.6004E-09 1.7319E-09 1.8622E-09 1.9946E-09 2.1289E-09 2.2589E-09 2.3933E-09 2.6310E-09 3.0434E-09 3.4380E-09 3.9799E-09 5.0209E-09 6.2062E-09 7.6477E-09 9.7385E-09 1.2485E-08 1.5590E-08 1.9456E-08 2.4569E-08 3.0502E-08 4.1726E-08 5.2457E-08 6.3914E-08 7.4929E-08 8.4758E-08 9.3690E-08 1.0179E-07 1.0924E-07
6.4960E-12 1.4322E-11 2.1299E-11 2.9344E-11 4.6312E-11 6.1516E-11 7.8112E-11 9.8395E-11 1.1426E-10 1.3274E-10 1.5290E-10 1.7242E-10 2.1061E-10 2.5036E-10 2.8459E-10 3.2478E-10 3.7126E-10 4.2169E-10 4.8082E-10 5.4994E-10 6.1761E-10 6.9131E-10 7.7347E-10 3.6112E-05 1.0932E-05 4.4392E-06 1.7858E-06 3.5452E-07 7.6346E-09 1.5126E-09 1.6401E-09 1.7668E-09 1.8959E-09 2.0273E-09 2.1546E-09 2.2867E-09 2.5371E-09 2.9723E-09 3.3913E-09 4.0770E-09 5.2744E-09 6.6325E-09 8.4032E-09 1.1105E-08 1.4466E-08 1.8727E-08 2.4224E-08 3.2457E-08 4.3122E-08 5.6221E-08 7.0145E-08 8.3978E-08 9.6249E-08 1.0642E-07 1.1516E-07 1.2278E-07 1.2961E-07
3.4161E-12 9.5879E-12 1.5999E-11 2.4366E-11 3.6964E-11 5.4005E-11 6.5434E-11 7.6709E-11 9.9739E-11 1.2027E-10 1.3486E-10 1.5880E-10 1.7878E-10 2.1521E-10 2.5636E-10 2.9034E-10 3.3441E-10 3.8595E-10 4.3761E-10 5.0370E-10 5.7394E-10 6.4327E-10 7.1998E-10 3.6991E-08 2.3584E-06 1.8798E-06 1.6181E-06 1.4017E-06 6.3522E-07 5.6164E-08 1.5504E-09 1.6733E-09 1.7990E-09 1.9272E-09 2.0517E-09 2.1813E-09 2.4411E-09 2.8936E-09 3.3795E-09 4.2310E-09 5.5847E-09 7.3369E-09 9.7457E-09 1.3467E-08 1.8453E-08 2.6186E-08 3.4693E-08 4.6515E-08 6.1905E-08 7.9194E-08 9.6303E-08 1.1178E-07 1.2425E-07 1.3387E-07 1.4150E-07 1.4759E-07 1.5291E-07
0.0000E+00 5.1556E-12 1.1018E-11 1.7658E-11 2.6402E-11 4.6124E-11 5.9286E-11 7.0427E-11 8.0221E-11 1.0531E-10 1.2323E-10 1.4120E-10 1.6250E-10 1.8422E-10 2.1910E-10 2.6170E-10 3.0228E-10 3.5045E-10 3.9627E-10 4.5554E-10 5.2762E-10 5.9744E-10 6.6970E-10 7.4702E-10 1.3501E-08 1.9974E-06 1.7887E-06 1.5698E-06 1.3842E-06 8.3818E-07 1.6818E-07 1.0044E-08 1.7040E-09 1.8288E-09 1.9504E-09 2.0772E-09 2.3437E-09 2.8120E-09 3.3987E-09 4.4774E-09 6.2690E-09 8.6451E-09 1.2249E-08 1.9388E-08 2.7495E-08 3.9879E-08 5.3582E-08 7.0599E-08 9.1120E-08 1.1324E-07 1.3287E-07 1.4855E-07 1.5970E-07 1.6729E-07 1.7251E-07 1.7623E-07 1.7897E-07
0.0000E+00 0.0000E+00 5.3162E-12 1.2536E-11 2.0569E-11 3.4983E-11 5.3599E-11 6.3852E-11 7.4433E-11 8.5577E-11 1.0546E-10 1.2684E-10 1.4547E-10 1.6516E-10 1.8914E-10 2.2394E-10 2.6031E-10 3.1364E-10 3.6417E-10 4.1530E-10 4.7927E-10 5.5290E-10 6.2084E-10 6.9461E-10 7.7431E-10 7.2705E-09 1.3205E-06 1.7194E-06 1.5115E-06 1.3443E-06 9.6435E-07 3.2330E-07 4.4670E-08 2.4597E-09 1.8508E-09 1.9747E-09 2.2443E-09 2.7312E-09 3.5500E-09 5.1697E-09 7.7420E-09 1.2628E-08 2.1710E-08 3.2938E-08 4.8099E-08 6.6607E-08 8.7177E-08 1.1089E-07 1.3779E-07 1.6334E-07 1.8300E-07 1.9593E-07 2.0323E-07 2.0668E-07 2.0778E-07 2.0769E-07 2.0707E-07
0.0000E+00 0.0000E+00 1.7122E-12 8.3184E-12 1.4028E-11 2.2255E-11 4.6034E-11 5.6682E-11 6.7469E-11 7.8383E-11 8.9908E-11 1.0661E-10 1.2824E-10 1.5145E-10 1.6886E-10 1.9491E-10 2.2273E-10 2.6916E-10 3.2635E-10 3.7940E-10 4.3492E-10 5.0522E-10 5.7525E-10 6.4463E-10 7.1881E-10 7.9990E-10 4.1041E-09 7.3158E-07 1.6688E-06 1.6085E-06 1.5106E-06 1.2532E-06 5.8880E-07 7.5358E-08 4.1757E-09 2.3946E-09 2.9097E-09 3.6021E-09 4.9784E-09 7.5394E-09 1.8062E-08 2.8837E-08 4.4894E-08 6.3147E-08 8.8395E-08 1.1510E-07 1.4362E-07 1.7438E-07 2.0622E-07 2.3199E-07 2.4733E-07 2.5350E-07 2.5399E-07 2.5090E-07 2.4607E-07 2.4081E-07 2.3578E-07
0.0000E+00 0.0000E+00 0.0000E+00 3.4133E-12 9.6045E-12 1.5482E-11 2.9753E-11 5.1455E-11 5.9932E-11 7.0078E-11 8.2640E-11 9.3142E-11 1.0825E-10 1.2935E-10 1.5346E-10 1.7412E-10 1.9710E-10 2.2715E-10 2.7967E-10 3.3693E-10 3.9618E-10 4.6133E-10 5.3013E-10 5.9706E-10 6.6685E-10 7.4329E-10 8.2586E-10 4.9516E-09 1.1236E-06 2.3347E-06 2.1282E-06 1.9401E-06 1.5013E-06 4.9601E-07 8.5901E-08 1.9171E-08 1.3778E-08 1.3452E-08 1.5688E-08 2.8092E-08 4.6751E-08 6.9340E-08 9.8117E-08 1.2830E-07 1.6159E-07 1.9652E-07 2.3157E-07 2.6729E-07 2.9904E-07 3.1909E-07 3.2426E-07 3.1891E-07 3.0937E-07 2.9735E-07 2.8497E-07 2.7354E-07 2.6335E-07
0.0000E+00 0.0000E+00 0.0000E+00 0.0000E+00 5.0919E-12 1.0333E-11 1.7002E-11 4.2515E-11 5.4360E-11 6.3121E-11 7.4495E-11 8.4468E-11 9.8192E-11 1.1067E-10 1.3140E-10 1.5333E-10 1.8000E-10 2.0102E-10 2.3571E-10 2.9346E-10 3.5262E-10 4.1495E-10 4.8407E-10 5.5106E-10 6.1644E-10 6.8933E-10 7.6628E-10 8.5018E-10 1.0290E-07 1.7968E-06 2.2912E-06 2.1014E-06 1.8439E-06 1.0293E-06 3.5695E-07 1.3852E-07 8.0594E-08 6.3186E-08 6.5944E-08 9.2679E-08 1.2340E-07 1.6705E-07 2.0570E-07 2.4312E-07 2.8111E-07 3.1886E-07 3.5456E-07 3.8846E-07 4.1200E-07 4.1863E-07 4.0747E-07 3.8655E-07 3.6444E-07 3.4192E-07 3.2114E-07 3.0312E-07 2.8768E-07
0.0000E+00 0.0000E+00 0.0000E+00 0.0000E+00 0.0000E+00 5.1687E-12 1.2192E-11 2.3292E-11 4.7588E-11 5.8123E-11 6.6225E-11 7.7846E-11 8.8098E-11 1.0207E-10 1.1582E-10 1.3100E-10 1.5919E-10 1.8481E-10 2.1173E-10 2.4933E-10 3.0896E-10 3.6706E-10 4.3205E-10 5.0387E-10 5.6957E-10 6.3711E-10 7.0940E-10 7.8968E-10 8.7397E-10 4.2143E-07 1.9985E-06 2.1137E-06 2.0139E-06 1.4577E-06 7.7725E-07 4.1975E-07 2.6765E-07 2.1260E-07 2.0796E-07 2.6458E-07 3.2014E-07 3.6391E-07 3.9593E-07 4.2258E-07 4.4950E-07 4.7641E-07 5.0144E-07 5.2265E-07 5.2954E-07 5.1646E-07 4.8544E-07 4.4760E-07 4.1225E-07 3.7929E-07 3.5052E-07 3.2648E-07 3.0636E-07
0.0000E+00 0.0000E+00 0.0000E+00 0.0000E+00 0.0000E+00 0.0000E+00 5.2232E-12 1.3472E-11 3.2375E-11 5.1076E-11 5.9951E-11 6.9216E-11 8.0086E-11 9.2491E-11 1.0420E-10 1.1973E-10 1.3818E-10 1.6592E-10 1.9128E-10 2.2269E-10 2.6622E-10 3.2117E-10 3.8137E-10 4.5213E-10 5.2519E-10 5.8752E-10 6.5635E-10 7.3103E-10 8.1051E-10 1.3158E-08 3.5052E-07 1.1466E-06 1.7890E-06 1.8728E-06 1.3728E-06 8.8841E-07 6.2990E-07 5.4682E-07 5.8189E-07 6.4567E-07 6.7755E-07 6.7697E-07 6.6013E-07 6.4506E-07 6.3651E-07 6.3612E-07 6.4012E-07 6.3908E-07 6.2556E-07 5.9239E-07 5.4312E-07 4.9124E-07 4.4498E-07 4.0388E-07 3.6916E-07 3.4066E-07 3.1723E-07
0.0000E+00 0.0000E+00 0.0000E+00 0.0000E+00 0.0000E+00 0.0000E+00 0.0000E+00 6.4211E-12 1.6552E-11 4.0677E-11 5.3533E-11 6.1026E-11 7.2065E-11 8.3035E-11 9.4792E-11 1.0763E-10 1.2237E-10 1.4614E-10 1.7257E-10 2.0204E-10 2.3733E-10 2.8557E-10 3.3203E-10 3.9706E-10 4.7347E-10 5.4020E-10 6.0603E-10 6.7621E-10 7.5114E-10 8.3317E-10 9.1922E-10 5.8893E-08 4.3026E-07 1.2446E-06 1.7987E-06 1.5161E-06 1.1965E-06 1.1640E-06 1.2228E-06 1.2186E-06 1.1364E-06 1.0207E-06 9.1267E-07 8.3136E-07 7.7456E-07 7.4075E-07 7.2074E-07 7.0013E-07 6.7173E-07 6.2625E-07 5.6685E-07 5.0803E-07 4.5622E-07 4.1133E-07 3.7402E-07 3.4356E-07 3.1881E-07
0.0000E+00 0.0000E+00 0.0000E+00 0.0000E+00 0.0000E+00 0.0000E+00 0.0000E+00 0.0000E+00 6.4363E-12 2.1649E-11 4.6598E-11 5.4942E-11 6.4485E-11 7.3765E-11 8.5396E-11 9.7794E-11 1.1081E-10 1.2801E-10 1.5517E-10 1.8134E-10 2.1083E-10 2.5319E-10 2.9872E-10 3.4903E-10 4.1292E-10 4.9126E-10 5.5486E-10 6.2324E-10 6.9470E-10 7.7216E-10 8.5369E-10 9.3970E-10 5.4605E-09 1.2339E-07 6.4840E-07 1.3122E-06 1.6521E-06 1.7610E-06 1.7564E-06 1.6064E-06 1.3915E-06 1.1749E-06 1.0017E-06 8.7717E-07 7.9205E-07 7.4046E-07 7.0868E-07 6.8111E-07 6.5098E-07 6.0673E-07 5.4949E-07 4.9336E-07 4.4315E-07 3.9982E-07 3.6392E-07 3.3447E-07 3.1064E-07
0.0000E+00 0.0000E+00 0.0000E+00 0.0000E+00 0.0000E+00 0.0000E+00 0.0000E+00 0.0000E+00 0.0000E+00 7.5532E-12 2.8480E-11 4.8692E-11 5.6615E-11 6.5943E-11 7.6694E-11 8.7076E-11 1.0042E-10 1.1267E-10 1.3588E-10 1.6140E-10 1.9049E-10 2.1952E-10 2.6842E-10 3.1350E-10 3.6492E-10 4.3215E-10 5.0404E-10 5.6928E-10 6.3981E-10 7.1305E-10 7.9121E-10 8.7287E-10 9.9330E-10 3.3726E-09 5.7232E-08 3.8869E-07 9.4565E-07 1.3065E-06 1.4075E-06 1.3335E-06 1.1737E-06 9.9890E-07 8.5406E-07 7.4739E-07 6.7503E-07 6.3165E-07 6.0640E-07 5.8765E-07 5.6803E-07 5.3768E-07 4.9417E-07 4.4954E-07 4.0764E-07 3.7077E-07 3.4001E-07 3.1431E-07 2.9344E-07
0.0000E+00 0.0000E+00 0.0000E+00 0.0000E+00 0.0000E+00 0.0000E+00 0.0000E+00 0.0000E+00 0.0000E+00 0.0000E+00 1.2284E-11 3.3080E-11 4.9723E-11 5.8589E-11 6.7155E-11 7.8466E-11 8.9468E-11 1.0146E-10 1.1650E-10 1.4486E-10 1.7064E-10 1.9873E-10 2.3497E-10 2.7843E-10 3.2783E-10 3.8139E-10 4.5167E-10 5.1730E-10 5.8450E-10 6.5432E-10 7.3179E-10 8.0779E-10 8.8978E-10 1.5066E-09 5.3887E-09 5.5322E-08 2.2762E-07 4.5472E-07 6.2508E-07 7.0000E-07 6.8980E-07 6.3446E-07 5.7094E-07 5.1847E-07 4.8242E-07 4.6275E-07 4.5388E-07 4.5047E-07 4.4747E-07 4.3682E-07 4.1310E-07 3.8499E-07 3.5573E-07 3.2867E-07 3.0545E-07 2.8543E-07 2.6895E-07
0.0000E+00 0.0000E+00 0.0000E+00 0.0000E+00 0.0000E+00 0.0000E+00 0.0000E+00 0.0000E+00 0.0000E+00 0.0000E+00 0.0000E+00 1.4503E-11 3.5574E-11 5.1567E-11 5.9611E-11 7.0143E-11 7.9078E-11 9.1987E-11 1.0335E-10 1.2352E-10 1.5215E-10 1.7692E-10 2.0634E-10 2.4719E-10 2.9318E-10 3.4265E-10 4.0012E-10 4.6959E-10 5.3032E-10 5.9728E-10 6.7312E-10 7.4722E-10 8.2495E-10 9.8633E-10 2.0993E-09 1.1734E-08 4.7755E-08 1.1367E-07 1.9527E-07 2.6566E-07 3.0627E-07 3.1715E-07 3.1085E-07 3.0137E-07 2.9542E-07 2.9611E-07 3.0171E-07 3.1084E-07 3.2148E-07 3.2727E-07 3.2273E-07 3.1116E-07 2.9558E-07 2.7938E-07 2.6450E-07 2.5103E-07 2.3959E-07
0.0000E+00 0.0000E+00 0.0000E+00 0.0000E+00 0.0000E+00 0.0000E+00 0.0000E+00 0.0000E+00 0.0000E+00 0.0000E+00 0.0000E+00 1.9229E-12 1.8117E-11 3.5024E-11 5.3087E-11 6.0396E-11 7.0847E-11 8.0920E-11 9.3030E-11 1.0743E-10 1.2995E-10 1.5958E-10 1.8415E-10 2.1595E-10 2.5928E-10 3.0513E-10 3.5561E-10 4.2046E-10 4.8396E-10 5.4591E-10 6.1501E-10 6.8975E-10 7.6199E-10 8.4948E-10 1.2228E-09 3.0020E-09 1.0647E-08 3.1698E-08 5.5800E-08 8.5225E-08 1.1298E-07 1.3328E-07 1.4530E-07 1.5315E-07 1.6042E-07 1.7035E-07 1.8276E-07 1.9702E-07 2.1328E-07 2.2842E-07 2.3733E-07 2.3882E-07 2.3516E-07 2.2876E-07 2.2153E-07 2.1441E-07 2.0790E-07
0.0000E+00 0.0000E+00 0.0000E+00 0.0000E+00 0.0000E+00 0.0000E+00 0.0000E+00 0.0000E+00 0.0000E+00 0.0000E+00 0.0000E+00 0.0000E+00 5.7249E-12 1.9288E-11 3.6530E-11 5.3201E-11 6.2936E-11 7.0963E-11 8.2561E-11 9.4142E-11 1.1448E-10 1.3864E-10 1.6502E-10 1.9185E-10 2.2693E-10 2.7252E-10 3.1765E-10 3.7105E-10 4.3922E-10 4.9825E-10 5.6092E-10 6.3179E-10 7.0221E-10 7.7483E-10 8.7947E-10 1.3858E-09 2.8399E-09 8.4855E-09 1.5706E-08 2.5904E-08 3.7848E-08 4.9970E-08 6.0911E-08 7.0900E-08 8.0406E-08 9.1446E-08 1.0407E-07 1.1797E-07 1.3377E-07 1.5113E-07 1.6618E-07 1.7549E-07 1.8024E-07 1.8129E-07 1.8030E-07 1.7841E-07 1.7620E-07
0.0000E+00 0.0000E+00 0.0000E+00 0.0000E+00 0.0000E+00 0.0000E+00 0.0000E+00 0.0000E+00 0.0000E+00 0.0000E+00 0.0000E+00 0.0000E+00 0.0000E+00 8.7554E-12 1.8495E-11 3.6175E-11 5.3623E-11 6.3730E-11 7.1337E-11 8.4774E-11 9.7508E-11 1.2031E-10 1.4589E-10 1.7128E-10 1.9984E-10 2.3805E-10 2.8308E-10 3.2932E-10 3.8736E-10 4.5286E-10 5.1241E-10 5.7589E-10 6.4697E-10 7.1425E-10 7.8561E-10 8.7844E-10 1.3248E-09 2.3506E-09 4.1488E-09 8.2522E-09 1.2625E-08 1.7953E-08 2.4466E-08 3.1319E-08 3.8130E-08 4.6120E-08 5.5347E-08 6.8687E-08 8.1755E-08 9.6735E-08 1.1222E-07 1.2485E-07 1.3406E-07 1.3989E-07 1.4319E-07 1.4515E-07 1.4619E-07
0.0000E+00 0.0000E+00 0.0000E+00 0.0000E+00 0.0000E+00 0.0000E+00 0.0000E+00 0.0000E+00 0.0000E+00 0.0000E+00 0.0000E+00 0.0000E+00 0.0000E+00 9.7894E-13 1.0915E-11 1.9023E-11 3.3011E-11 5.4821E-11 6.2889E-11 7.4240E-11 8.6180E-11 1.0453E-10 1.2812E-10 1.5249E-10 1.7697E-10 2.0803E-10 2.5048E-10 2.9589E-10 3.4170E-10 4.0617E-10 4.6563E-10 5.2455E-10 5.9118E-10 6.5689E-10 7.2569E-10 7.9306E-10 8.6682E-10 1.0206E-09 1.7271E-09 2.9618E-09 4.6250E-09 7.0288E-09 1.0393E-08 1.4672E-08 1.9482E-08 2.5040E-08 3.1829E-08 3.9893E-08 4.8494E-08 6.1603E-08 7.4618E-08 8.7037E-08 9.6713E-08 1.0513E-07 1.1116E-07 1.1573E-07 1.1929E-07
0.0000E+00 0.0000E+00 0.0000E+00 0.0000E+00 0.0000E+00 0.0000E+00 0.0000E+00 0.0000E+00 0.0000E+00 0.0000E+00 0.0000E+00 0.0000E+00 0.0000E+00 0.0000E+00 3.8193E-12 1.3119E-11 2.0460E-11 3.0043E-11 5.5253E-11 6.3551E-11 7.6239E-11 8.8215E-11 1.0725E-10 1.3361E-10 1.5610E-10 1.8281E-10 2.1652E-10 2.5996E-10 3.0645E-10 3.5661E-10 4.2064E-10 4.7880E-10 5.3828E-10 6.0292E-10 6.6775E-10 7.3275E-10 8.0030E-10 9.0340E-10 1.1712E-09 1.6710E-09 2.5388E-09 3.9050E-09 5.5394E-09 7.5864E-09 1.0726E-08 1.4127E-08 1.8330E-08 2.3707E-08 2.9743E-08 3.9235E-08 4.9085E-08 5.9776E-08 7.0012E-08 7.8537E-08 8.5460E-08 9.1195E-08 9.6028E-08
0.0000E+00 0.0000E+00 0.0000E+00 0.0000E+00 0.0000E+00 0.0000E+00 0.0000E+00 0.0000E+00 0.0000E+00 0.0000E+00 0.0000E+00 0.0000E+00 0.0000E+00 0.0000E+00 0.0000E+00 5.8356E-12 1.4342E-11 2.1820E-11 2.8243E-11 4.9631E-11 6.4752E-11 7.7960E-11 9.1859E-11 1.1249E-10 1.4045E-10 1.6142E-10 1.8979E-10 2.2695E-10 2.6857E-10 3.1778E-10 3.7395E-10 4.3343E-10 4.8881E-10 5.5096E-10 6.1165E-10 6.7568E-10 7.3784E-10 8.1708E-10 1.0134E-09 1.4092E-09 2.0295E-09 2.8837E-09 3.9468E-09 5.3473E-09 7.4697E-09 9.8447E-09 1.2673E-08 1.6239E-08 2.1022E-08 2.5042E-08 3.3178E-08 4.1162E-08 4.9742E-08 5.7678E-08 6.4644E-08 7.0849E-08 7.6274E-08
0.0000E+00 0.0000E+00 0.0000E+00 0.0000E+00 0.0000E+00 0.0000E+00 0.0000E+00 0.0000E+00 0.0000E+00 0.0000E+00 0.0000E+00 0.0000E+00 0.0000E+00 0.0000E+00 0.0000E+00 0.0000E+00 7.8266E-12 1.4611E-11 2.3087E-11 2.8544E-11 4.4092E-11 6.8101E-11 7.9204E-11 9.7907E-11 1.1965E-10 1.4301E-10 1.6732E-10 1.9607E-10 2.3763E-10 2.8143E-10 3.2706E-10 3.8984E-10 4.4471E-10 4.9950E-10 5.6037E-10 6.2056E-10 6.8053E-10 7.4428E-10 8.8081E-10 1.1931E-09 1.6872E-09 2.3521E-09 3.2140E-09 4.2538E-09 5.5481E-09 7.2607E-09 9.1461E-09 1.1677E-08 1.4737E-08 1.8415E-08 2.2351E-08 2.9867E-08 3.5645E-08 4.2334E-08 4.8707E-08 5.4631E-08 6.0097E-08
