Assets/Resources/2015_m01_d29_0400(utc+0800)_l00_csi_1hr_conc.grd
DSAA
         159         159
     -79.000      79.000
     -79.000      79.000
  0.0000E+00  0.3189E-04
[rows 75 to 99 of 159, columns 57 to 113 of 159]
4.6894E-10 5.2618E-10 5.9706E-10 6.7585E-10 7.5574E-10 8.4050E-10 9.2597E-10 1.0169E-09 1.1137E-09 1.2340E-09 1.4352E-09 1.6118E-09 1.7991E-09 2.1156E-09 2.7679E-09 3.9654E-09 5.8707E-09 9.3279E-09 1.4695E-08 2.3277E-08 3.6103E-08 5.3723E-08 1.1741E-07 3.7069E-07 4.2895E-07 3.4917E-07 2.8090E-07 2.3397E-07 2.0050E-07 1.7363E-07 1.5148E-07 1.3071E-07 1.1181E-07 9.4427E-08 7.8989E-08 6.5879E-08 5.3671E-08 4.5588E-08 3.8916E-08 3.2422E-08 2.8116E-08 2.4557E-08 2.0995E-08 1.8725E-08 1.6838E-08 1.5193E-08 1.3772E-08 1.2521E-08 1.1377E-08 1.0347E-08 9.4225E-09 8.5521E-09 7.7378E-09 7.0010E-09 6.3326E-09 5.7067E-09 5.1352E-09
4.2154E-10 4.7619E-10 5.3637E-10 6.0465E-10 6.7571E-10 7.5251E-10 8.3702E-10 9.2262E-10 1.0117E-09 1.1205E-09 1.2901E-09 1.4580E-09 1.6297E-09 1.8706E-09 2.4980E-09 3.6960E-09 5.6083E-09 8.6080E-09 1.3658E-08 2.1789E-08 3.3996E-08 5.7003E-08 1.7279E-07 5.1816E-07 4.9728E-07 3.7479E-07 2.8954E-07 2.3814E-07 1.9668E-07 1.6643E-07 1.4364E-07 1.2293E-07 1.0465E-07 8.8517E-08 7.4221E-08 6.1843E-08 4.9879E-08 4.2191E-08 3.6056E-08 3.0039E-08 2.6162E-08 2.2969E-08 1.9651E-08 1.7630E-08 1.5922E-08 1.4430E-08 1.3160E-08 1.2020E-08 1.0935E-08 9.9796E-09 9.0945E-09 8.2661E-09 7.4592E-09 6.7366E-09 6.0678E-09 5.4632E-09 4.8958E-09
3.8123E-10 4.2760E-10 4.7593E-10 5.3908E-10 6.0528E-10 6.7038E-10 7.4706E-10 8.3344E-10 9.1272E-10 1.0055E-09 1.1204E-09 1.3069E-09 1.4670E-09 1.6639E-09 2.2022E-09 3.2216E-09 4.9932E-09 7.6610E-09 1.2166E-08 1.9431E-08 3.0370E-08 5.3686E-08 2.0077E-07 5.6889E-07 1.0014E-06 2.5441E-06 1.3978E-06 7.9157E-07 2.4935E-07 1.5386E-07 1.3143E-07 1.1171E-07 9.4567E-08 7.9819E-08 6.7005E-08 5.5995E-08 4.5189E-08 3.8385E-08 3.2872E-08 2.7380E-08 2.4016E-08 2.1254E-08 1.8276E-08 1.6519E-08 1.5015E-08 1.3664E-08 1.2514E-08 1.1462E-08 1.0435E-08 9.5090E-09 8.6500E-09 7.8321E-09 7.0605E-09 6.3489E-09 5.6954E-09 5.1153E-09 4.5763E-09
3.4342E-10 3.8216E-10 4.2829E-10 4.8289E-10 5.4135E-10 5.9432E-10 6.6501E-10 7.3551E-10 8.0892E-10 9.0091E-10 1.0029E-09 1.1697E-09 1.3157E-09 1.4692E-09 1.8867E-09 2.7761E-09 4.2948E-09 6.5769E-09 1.0372E-08 1.6476E-08 2.5666E-08 4.4068E-08 1.6785E-07 1.4550E-06 4.9299E-06 3.1565E-06 2.1513E-06 7.8714E-07 1.9718E-07 1.3652E-07 1.1570E-07 9.7928E-08 8.2699E-08 6.9848E-08 5.8751E-08 4.9263E-08 3.9729E-08 3.3945E-08 2.9360E-08 2.4598E-08 2.1809E-08 1.9475E-08 1.6838E-08 1.5323E-08 1.3998E-08 1.2772E-08 1.1695E-08 1.0704E-08 9.7489E-09 8.8634E-09 8.0299E-09 7.2456E-09 6.5256E-09 5.8552E-09 5.2481E-09 4.7040E-09 4.2232E-09
3.0365E-10 3.4171E-10 3.8324E-10 4.3136E-10 4.7950E-10 5.3495E-10 5.8825E-10 6.5227E-10 7.1466E-10 7.9357E-10 8.8910E-10 1.0145E-09 1.1687E-09 1.3080E-09 1.6023E-09 2.3043E-09 3.5498E-09 5.4502E-09 8.4728E-09 1.3297E-08 2.0528E-08 3.0497E-08 1.0590E-07 3.1891E-05 7.1673E-06 2.5591E-06 5.9684E-07 1.7560E-07 1.3724E-07 1.1526E-07 9.7905E-08 8.2912E-08 6.9978E-08 5.9339E-08 5.0194E-08 4.2367E-08 3.4305E-08 2.9507E-08 2.5670E-08 2.1627E-08 1.9431E-08 1.7518E-08 1.5217E-08 1.3931E-08 1.2748E-08 1.1668E-08 1.0663E-08 9.7371E-09 8.8786E-09 8.0720E-09 7.2871E-09 6.5787E-09 5.9297E-09 5.3332E-09 4.7887E-09 4.3092E-09 3.8673E-09
2.7130E-10 3.0242E-10 3.3569E-10 3.8241E-10 4.2787E-10 4.7602E-10 5.2178E-10 5.7317E-10 6.2719E-10 6.9726E-10 7.7789E-10 8.7442E-10 1.0318E-09 1.1611E-09 1.3564E-09 1.8675E-09 2.8143E-09 4.3496E-09 6.6621E-09 1.0259E-08 1.5600E-08 2.2935E-08 5.5098E-08 2.0168E-07 2.2887E-07 2.2144E-07 1.6121E-07 1.3166E-07 1.0922E-07 9.2159E-08 7.8747E-08 6.7374E-08 5.7382E-08 4.9118E-08 4.1833E-08 3.5645E-08 2.9068E-08 2.5289E-08 2.2204E-08 1.8771E-08 1.6943E-08 1.5352E-08 1.3365E-08 1.2317E-08 1.1318E-08 1.0388E-08 9.5073E-09 8.6898E-09 7.9443E-09 7.2287E-09 6.5479E-09 5.9282E-09 5.3584E-09 4.8230E-09 4.3528E-09 3.9225E-09 3.5250E-09
2.3866E-10 2.6331E-10 2.9643E-10 3.3262E-10 3.7825E-10 4.1926E-10 4.6209E-10 5.0994E-10 5.5764E-10 6.1063E-10 6.7897E-10 7.6274E-10 8.9668E-10 1.0193E-09 1.1630E-09 1.5067E-09 2.1937E-09 3.3168E-09 5.0799E-09 7.6232E-09 1.1352E-08 1.6434E-08 2.8236E-08 1.0432E-07 1.4339E-07 1.3871E-07 1.1930E-07 9.9977E-08 8.3873E-08 7.1375E-08 6.1362E-08 5.3031E-08 4.5606E-08 3.9494E-08 3.4092E-08 2.7573E-08 2.4172E-08 2.1267E-08 1.7709E-08 1.6008E-08 1.4552E-08 1.2485E-08 1.1514E-08 1.0633E-08 9.8445E-09 9.0896E-09 8.3572E-09 7.6871E-09 7.0514E-09 6.4208E-09 5.8464E-09 5.3080E-09 4.8090E-09 4.3469E-09 3.9317E-09 3.5488E-09 3.2057E-09
2.0511E-10 2.3170E-10 2.5973E-10 2.9179E-10 3.2747E-10 3.6689E-10 4.0869E-10 4.4937E-10 4.9292E-10 5.4079E-10 5.9254E-10 6.5869E-10 7.4028E-10 8.8311E-10 1.0086E-09 1.2137E-09 1.6748E-09 2.4750E-09 3.6809E-09 5.5174E-09 7.9984E-09 1.1340E-08 1.5484E-08 5.0373E-08 8.3115E-08 9.1099E-08 8.4091E-08 7.3122E-08 6.2532E-08 5.3925E-08 4.6768E-08 4.0894E-08 3.5576E-08 3.1215E-08 2.7296E-08 2.2251E-08 1.9759E-08 1.7611E-08 1.4748E-08 1.3452E-08 1.2318E-08 1.0586E-08 9.8460E-09 9.1585E-09 8.5109E-09 7.8892E-09 7.3061E-09 6.7533E-09 6.1984E-09 5.6737E-09 5.1807E-09 4.7253E-09 4.2852E-09 3.8953E-09 3.5333E-09 3.2011E-09 2.8970E-09
1.7379E-10 1.9923E-10 2.2265E-10 2.5235E-10 2.8529E-10 3.2116E-10 3.5788E-10 3.9542E-10 4.3509E-10 4.7579E-10 5.2131E-10 5.7400E-10 6.3925E-10 7.6270E-10 8.7004E-10 1.0051E-09 1.2837E-09 1.8030E-09 2.6366E-09 3.8163E-09 5.5274E-09 7.6495E-09 1.0252E-08 2.2189E-08 4.5416E-08 5.6679E-08 5.6798E-08 5.1801E-08 4.5530E-08 3.9968E-08 3.5055E-08 3.1026E-08 2.7339E-08 2.4316E-08 1.9752E-08 1.7783E-08 1.5986E-08 1.4444E-08 1.2181E-08 1.1208E-08 1.0333E-08 8.9277E-09 8.3851E-09 7.8592E-09 7.3288E-09 6.8332E-09 6.3433E-09 5.8746E-09 5.4043E-09 4.9810E-09 4.5675E-09 4.1681E-09 3.8040E-09 3.4758E-09 3.1614E-09 2.8737E-09 2.6126E-09
1.3964E-10 1.7042E-10 1.8918E-10 2.1640E-10 2.4726E-10 2.7790E-10 3.1088E-10 3.4570E-10 3.8262E-10 4.1735E-10 4.5962E-10 5.0115E-10 5.5525E-10 6.2731E-10 7.5099E-10 8.5041E-10 1.0128E-09 1.3226E-09 1.8533E-09 2.6352E-09 3.6936E-09 5.0524E-09 6.7166E-09 8.5006E-09 2.3927E-08 3.3746E-08 3.7002E-08 3.5733E-08 3.2549E-08 2.9209E-08 2.5979E-08 2.3286E-08 2.0780E-08 1.6777E-08 1.5356E-08 1.4065E-08 1.2905E-08 1.0778E-08 1.0013E-08 9.2949E-09 7.9350E-09 7.5230E-09 7.1066E-09 6.6900E-09 6.2925E-09 5.8914E-09 5.4860E-09 5.0698E-09 4.7046E-09 4.3447E-09 3.9990E-09 3.6638E-09 3.3675E-09 3.0803E-09 2.8158E-09 2.5708E-09 2.3379E-09
1.1574E-10 1.3426E-10 1.5497E-10 1.8208E-10 2.0696E-10 2.3674E-10 2.6947E-10 3.0226E-10 3.3068E-10 3.6623E-10 4.0078E-10 4.3914E-10 4.8325E-10 5.3808E-10 6.4066E-10 7.2495E-10 8.3621E-10 1.0033E-09 1.3099E-09 1.8173E-09 2.4868E-09 3.3807E-09 4.3229E-09 5.3989E-09 1.2482E-08 1.9459E-08 2.3396E-08 2.4119E-08 2.2945E-08 2.1119E-08 1.9137E-08 1.7349E-08 1.3609E-08 1.2788E-08 1.1962E-08 1.1148E-08 9.2511E-09 8.7235E-09 8.1839E-09 7.7137E-09 6.6176E-09 6.3138E-09 5.9879E-09 5.6883E-09 5.3829E-09 5.0529E-09 4.7103E-09 4.3858E-09 4.0735E-09 3.7713E-09 3.4804E-09 3.2177E-09 2.9618E-09 2.7206E-09 2.4895E-09 2.2858E-09 2.0830E-09
8.8890E-11 1.0190E-10 1.2163E-10 1.4649E-10 1.6904E-10 2.0094E-10 2.2814E-10 2.5787E-10 2.8851E-10 3.2005E-10 3.4903E-10 3.8465E-10 4.1966E-10 4.6333E-10 5.3590E-10 6.2484E-10 7.0273E-10 8.1238E-10 9.7333E-10 1.2377E-09 1.6430E-09 2.2197E-09 2.8350E-09 3.5260E-09 4.2056E-09 1.0955E-08 1.4392E-08 1.5905E-08 1.5907E-08 1.5050E-08 1.3847E-08 1.0985E-08 1.0335E-08 9.8300E-09 9.3087E-09 7.6074E-09 7.3154E-09 7.0471E-09 6.7257E-09 5.6940E-09 5.4950E-09 5.2626E-09 5.0603E-09 4.8289E-09 4.5826E-09 4.3081E-09 4.0459E-09 3.7853E-09 3.5196E-09 3.2661E-09 3.0255E-09 2.8114E-09 2.5892E-09 2.3815E-09 2.1915E-09 2.0196E-09 1.8500E-09
6.4090E-11 7.8770E-11 9.9943E-11 1.1280E-10 1.3694E-10 1.6103E-10 1.8798E-10 2.1973E-10 2.4898E-10 2.7418E-10 3.0405E-10 3.3254E-10 3.6435E-10 3.9884E-10 4.4160E-10 5.3167E-10 6.0273E-10 6.7564E-10 7.8600E-10 9.0785E-10 1.1433E-09 1.4403E-09 1.8495E-09 2.2415E-09 2.7334E-09 6.2281E-09 8.8037E-09 1.0404E-08 8.9370E-09 8.9348E-09 8.6224E-09 8.2168E-09 7.8419E-09 7.4255E-09 6.0247E-09 5.9768E-09 5.8707E-09 5.7095E-09 4.7686E-09 4.6337E-09 4.5520E-09 4.4279E-09 4.2756E-09 4.0842E-09 3.8745E-09 3.6829E-09 3.4713E-09 3.2596E-09 3.0377E-09 2.8330E-09 2.6330E-09 2.4402E-09 2.2584E-09 2.0853E-09 1.9280E-09 1.7698E-09 1.6187E-09
4.7238E-11 5.6973E-11 6.9898E-11 8.6066E-11 1.0547E-10 1.2379E-10 1.5183E-10 1.7882E-10 2.0396E-10 2.3203E-10 2.5879E-10 2.8461E-10 3.1440E-10 3.3830E-10 3.7457E-10 4.4279E-10 5.1001E-10 5.7953E-10 6.4286E-10 7.3569E-10 8.4432E-10 1.0055E-09 1.2450E-09 1.5257E-09 1.8282E-09 2.1408E-09 4.4148E-09 5.4988E-09 6.1409E-09 6.3743E-09 6.2959E-09 6.0465E-09 4.6415E-09 4.6946E-09 4.7144E-09 4.7269E-09 4.6449E-09 3.8160E-09 3.8616E-09 3.8489E-09 3.8014E-09 3.7121E-09 3.5796E-09 3.4515E-09 3.3016E-09 3.1458E-09 2.9719E-09 2.7963E-09 2.6272E-09 2.4483E-09 2.2739E-09 2.1003E-09 1.9588E-09 1.8170E-09 1.6822E-09 1.5426E-09 1.4007E-09
3.2748E-11 4.1403E-11 5.2877E-11 6.3207E-11 7.6787E-11 9.6261E-11 1.1254E-10 1.3942E-10 1.6598E-10 1.9154E-10 2.1563E-10 2.3979E-10 2.5834E-10 2.8688E-10 3.1160E-10 3.4963E-10 4.2923E-10 4.8556E-10 5.4638E-10 6.0471E-10 6.7634E-10 7.8026E-10 8.9102E-10 1.0345E-09 1.2169E-09 1.4203E-09 2.7809E-09 3.6345E-09 3.1503E-09 3.3984E-09 3.5173E-09 3.5535E-09 3.5624E-09 3.6120E-09 3.5957E-09 2.8162E-09 2.9863E-09 3.1028E-09 3.1652E-09 3.1713E-09 3.1395E-09 3.0907E-09 3.0146E-09 2.9216E-09 2.8053E-09 2.6674E-09 2.5355E-09 2.4018E-09 2.2567E-09 2.1030E-09 1.9604E-09 1.8248E-09 1.6910E-09 1.5624E-09 1.4394E-09 1.3317E-09 1.2274E-09
2.1699E-11 2.8376E-11 3.9098E-11 5.0722E-11 5.8698E-11 6.9420E-11 8.6911E-11 1.0764E-10 1.3020E-10 1.5348E-10 1.7342E-10 1.9657E-10 2.1848E-10 2.4060E-10 2.6231E-10 2.8872E-10 3.5064E-10 4.0384E-10 4.5229E-10 5.0885E-10 5.6601E-10 6.2708E-10 6.9185E-10 7.9848E-10 8.8661E-10 9.9293E-10 1.1573E-09 1.8635E-09 2.2149E-09 2.4579E-09 2.6031E-09 2.6599E-09 2.6699E-09 1.8931E-09 2.0610E-09 2.2494E-09 2.4057E-09 2.5180E-09 2.5839E-09 2.6128E-09 2.6090E-09 2.5859E-09 2.5350E-09 2.4554E-09 2.3669E-09 2.2767E-09 2.1642E-09 2.0483E-09 1.9333E-09 1.8175E-09 1.6938E-09 1.5699E-09 1.4527E-09 1.3364E-09 1.2451E-09 1.1509E-09 1.0541E-09
1.0547E-11 1.7301E-11 2.3511E-11 3.2877E-11 4.2997E-11 5.4007E-11 6.5140E-11 8.0012E-11 9.8411E-11 1.1814E-10 1.4034E-10 1.5994E-10 1.7925E-10 1.9786E-10 2.1991E-10 2.3775E-10 2.6350E-10 3.2847E-10 3.7197E-10 4.1993E-10 4.7040E-10 5.2614E-10 5.8095E-10 6.3077E-10 6.8296E-10 7.5916E-10 8.2893E-10 9.0707E-10 1.0077E-09 1.1276E-09 1.2352E-09 1.3006E-09 1.3869E-09 1.5114E-09 1.6332E-09 1.7951E-09 1.9364E-09 2.0487E-09 2.1171E-09 2.1610E-09 2.1694E-09 2.1459E-09 2.1149E-09 2.0694E-09 2.0047E-09 1.9328E-09 1.8492E-09 1.7542E-09 1.6554E-09 1.5463E-09 1.4536E-09 1.3462E-09 1.2577E-09 1.1602E-09 1.0704E-09 9.8384E-10 9.1518E-10
3.2952E-12 8.2883E-12 1.4587E-11 2.1593E-11 3.0382E-11 3.7806E-11 4.9258E-11 5.7109E-11 7.2455E-11 9.1092E-11 1.0776E-10 1.2685E-10 1.4559E-10 1.6154E-10 1.7814E-10 1.9649E-10 2.1723E-10 2.6621E-10 3.0412E-10 3.4332E-10 3.8641E-10 4.2822E-10 4.8117E-10 5.2443E-10 5.7367E-10 6.1616E-10 6.6999E-10 7.3088E-10 7.8609E-10 8.3969E-10 8.8686E-10 1.0198E-09 1.1163E-09 1.2142E-09 1.3224E-09 1.4177E-09 1.5639E-09 1.6692E-09 1.7341E-09 1.7738E-09 1.7950E-09 1.7890E-09 1.7711E-09 1.7444E-09 1.6981E-09 1.6225E-09 1.5603E-09 1.4898E-09 1.4082E-09 1.3337E-09 1.2494E-09 1.1654E-09 1.0918E-09 9.9818E-10 9.3604E-10 8.7519E-10 8.0959E-10
1.7510E-12 2.5039E-12 7.9076E-12 1.2070E-11 1.8657E-11 2.6101E-11 3.2936E-11 4.5425E-11 5.5741E-11 6.6576E-11 8.3548E-11 1.0061E-10 1.1400E-10 1.3176E-10 1.4717E-10 1.6189E-10 1.7797E-10 1.9351E-10 2.4736E-10 2.7686E-10 3.1055E-10 3.5208E-10 3.8670E-10 4.2791E-10 4.7016E-10 5.0744E-10 5.4852E-10 5.8716E-10 6.3335E-10 6.7465E-10 7.1427E-10 7.6389E-10 8.8594E-10 9.6575E-10 1.0479E-09 1.1502E-09 1.2363E-09 1.3516E-09 1.4054E-09 1.4515E-09 1.4781E-09 1.4870E-09 1.4693E-09 1.4514E-09 1.4148E-09 1.3632E-09 1.3172E-09 1.2671E-09 1.2065E-09 1.1371E-09 1.0765E-09 9.9202E-10 9.4402E-10 8.8292E-10 8.2886E-10 7.6829E-10 7.1529E-10
0.0000E+00 0.0000E+00 1.8237E-12 6.1998E-12 1.0018E-11 1.6718E-11 2.3543E-11 2.7759E-11 3.8392E-11 4.9922E-11 6.3424E-11 7.3381E-11 8.9077E-11 1.0500E-10 1.1888E-10 1.3537E-10 1.4633E-10 1.6166E-10 2.0200E-10 2.2054E-10 2.4797E-10 2.7896E-10 3.1229E-10 3.4526E-10 3.7026E-10 4.0474E-10 4.4848E-10 4.7920E-10 5.0550E-10 5.2946E-10 5.6764E-10 6.0007E-10 6.2056E-10 7.5701E-10 8.3226E-10 9.0245E-10 9.7181E-10 1.0534E-09 1.1363E-09 1.1641E-09 1.1938E-09 1.2120E-09 1.2063E-09 1.2003E-09 1.1876E-09 1.1613E-09 1.1161E-09 1.0687E-09 1.0107E-09 9.6626E-10 9.2940E-10 8.7877E-10 8.2575E-10 7.6967E-10 7.2250E-10 6.8735E-10 6.4444E-10
0.0000E+00 0.0000E+00 0.0000E+00 1.7212E-12 5.8390E-12 8.8565E-12 1.2610E-11 1.9827E-11 2.4936E-11 3.3953E-11 4.0888E-11 5.2244E-11 6.5604E-11 7.7624E-11 9.1697E-11 1.0635E-10 1.1951E-10 1.3085E-10 1.4537E-10 1.8336E-10 2.0244E-10 2.2010E-10 2.4514E-10 2.7016E-10 2.9742E-10 3.2993E-10 3.5399E-10 3.7550E-10 3.9848E-10 4.2855E-10 4.4339E-10 4.6372E-10 4.8405E-10 5.9898E-10 6.4475E-10 7.0718E-10 7.6643E-10 8.2339E-10 9.0213E-10 9.2412E-10 9.5887E-10 9.8129E-10 9.9881E-10 9.8900E-10 9.7341E-10 9.5502E-10 9.2521E-10 9.0295E-10 8.8400E-10 8.4115E-10 7.9564E-10 7.5546E-10 7.1706E-10 6.8766E-10 6.4960E-10 6.1812E-10 5.8096E-10
0.0000E+00 0.0000E+00 0.0000E+00 0.0000E+00 1.6142E-12 3.4048E-12 5.9070E-12 1.1388E-11 1.5674E-11 2.0907E-11 2.7518E-11 3.7837E-11 4.5733E-11 5.6406E-11 6.9348E-11 7.9522E-11 8.9768E-11 1.0140E-10 1.0963E-10 1.3979E-10 1.5667E-10 1.7233E-10 1.8841E-10 2.0908E-10 2.2746E-10 2.4307E-10 2.6515E-10 2.9386E-10 3.0900E-10 3.2575E-10 3.4329E-10 3.6459E-10 3.7552E-10 3.8958E-10 5.0914E-10 5.4298E-10 5.9298E-10 6.4429E-10 7.1885E-10 7.5754E-10 7.8146E-10 8.0572E-10 8.2734E-10 8.2197E-10 8.1635E-10 8.0634E-10 7.8517E-10 7.6860E-10 7.4990E-10 7.2548E-10 6.9811E-10 6.7567E-10 6.4305E-10 6.1571E-10 5.8224E-10 5.5426E-10 5.2066E-10
0.0000E+00 0.0000E+00 0.0000E+00 0.0000E+00 0.0000E+00 1.5044E-12 3.1720E-12 3.9820E-12 8.2883E-12 1.2003E-11 1.6883E-11 1.9524E-11 2.7643E-11 3.7054E-11 4.5833E-11 5.7290E-11 6.8870E-11 7.7500E-11 8.7599E-11 1.0256E-10 1.2761E-10 1.3840E-10 1.4911E-10 1.6246E-10 1.7591E-10 1.9235E-10 2.1166E-10 2.1978E-10 2.3368E-10 2.4884E-10 2.7065E-10 2.7635E-10 2.8757E-10 2.9759E-10 3.9196E-10 4.1110E-10 4.5701E-10 5.0321E-10 5.4440E-10 5.9304E-10 6.0063E-10 6.3159E-10 6.5589E-10 6.7408E-10 6.7334E-10 6.7675E-10 6.6867E-10 6.5395E-10 6.4797E-10 6.3950E-10 6.1821E-10 6.0009E-10 5.7338E-10 5.4978E-10 5.1890E-10 4.9686E-10 4.7459E-10
0.0000E+00 0.0000E+00 0.0000E+00 0.0000E+00 0.0000E+00 0.0000E+00 8.1486E-13 1.4992E-12 3.1602E-12 5.0831E-12 7.1835E-12 1.1754E-11 1.7342E-11 1.9635E-11 2.5673E-11 3.6072E-11 4.3902E-11 5.4297E-11 6.2499E-11 6.9696E-11 9.1501E-11 1.0339E-10 1.1321E-10 1.2325E-10 1.3631E-10 1.4425E-10 1.5092E-10 1.6063E-10 1.7867E-10 1.8855E-10 1.9477E-10 2.0337E-10 2.1400E-10 2.2368E-10 2.4998E-10 3.1289E-10 3.5175E-10 3.8846E-10 4.2875E-10 4.6865E-10 4.9637E-10 5.2059E-10 5.4550E-10 5.6899E-10 5.7045E-10 5.7915E-10 5.8406E-10 5.7719E-10 5.7418E-10 5.6857E-10 5.5058E-10 5.3679E-10 5.1042E-10 4.9200E-10 4.7183E-10 4.5107E-10 4.3055E-10
0.0000E+00 0.0000E+00 0.0000E+00 0.0000E+00 0.0000E+00 0.0000E+00 0.0000E+00 0.0000E+00 6.6330E-13 2.2435E-12 3.9378E-12 4.8949E-12 6.5376E-12 1.0787E-11 1.6034E-11 1.9350E-11 2.5973E-11 3.1968E-11 3.8664E-11 5.2102E-11 6.3557E-11 7.6268E-11 8.6699E-11 9.4432E-11 1.0493E-10 1.1302E-10 1.1744E-10 1.2491E-10 1.2688E-10 1.3352E-10 1.3977E-10 1.4993E-10 1.5683E-10 1.6204E-10 1.6658E-10 2.4881E-10 2.7023E-10 3.0519E-10 3.4064E-10 3.7478E-10 4.0765E-10 4.2314E-10 4.4850E-10 4.7000E-10 4.8668E-10 4.9368E-10 5.0342E-10 5.0698E-10 4.9949E-10 4.9638E-10 4.8256E-10 4.7344E-10 4.6059E-10 4.4424E-10 4.2664E-10 4.0766E-10 3.8709E-10
