Assets/Resources/2015_m01_d28_0200(utc+0800)_l00_csi_1hr_conc.grd
DSAA
         159         159
     -79.000      79.000
     -79.000      79.000
  0.0000E+00  0.5537E-05
[rows 0 to 24 of 159, columns 57 to 113 of 159]
1.6092E-09 1.8582E-09 2.1273E-09 2.4148E-09 2.7202E-09 3.0380E-09 3.3648E-09 3.6947E-09 4.0219E-09 4.3382E-09 4.6389E-09 4.9154E-09 5.1600E-09 5.3662E-09 5.5271E-09 5.6378E-09 5.6945E-09 5.6941E-09 5.6371E-09 5.5248E-09 5.3590E-09 5.1442E-09 4.8859E-09 4.5913E-09 4.2681E-09 3.9247E-09 3.5690E-09 3.2095E-09 2.8537E-09 2.5085E-09 2.1796E-09 1.8717E-09 1.5882E-09 1.3319E-09 1.1028E-09 9.0192E-10 7.2893E-10 5.8128E-10 4.5672E-10 3.5355E-10 2.6723E-10 1.8993E-10 1.2769E-10 8.1184E-11 5.0522E-11 2.9028E-11 1.2029E-11 1.6869E-12 0.0000E+00 0.0000E+00 0.0000E+00 0.0000E+00 0.0000E+00 0.0000E+00 0.0000E+00 0.0000E+00 0.0000E+00
1.6651E-09 1.9269E-09 2.2124E-09 2.5204E-09 2.8466E-09 3.1881E-09 3.5408E-09 3.8967E-09 4.2515E-09 4.5971E-09 4.9254E-09 5.2285E-09 5.4973E-09 5.7242E-09 5.9029E-09 6.0285E-09 6.0956E-09 6.1015E-09 6.0452E-09 5.9276E-09 5.7516E-09 5.5217E-09 5.2444E-09 4.9275E-09 4.5792E-09 4.2085E-09 3.8246E-09 3.4366E-09 3.0527E-09 2.6814E-09 2.3277E-09 1.9967E-09 1.6925E-09 1.4174E-09 1.1721E-09 9.5678E-10 7.7113E-10 6.1426E-10 4.8305E-10 3.7350E-10 2.8039E-10 1.9815E-10 1.3322E-10 8.6186E-11 5.4002E-11 3.1342E-11 1.3077E-11 1.7941E-12 0.0000E+00 0.0000E+00 0.0000E+00 0.0000E+00 0.0000E+00 0.0000E+00 0.0000E+00 0.0000E+00 0.0000E+00
1.7079E-09 1.9841E-09 2.2871E-09 2.6124E-09 2.9593E-09 3.3241E-09 3.7004E-09 4.0840E-09 4.4666E-09 4.8404E-09 5.1955E-09 5.5253E-09 5.8207E-09 6.0722E-09 6.2723E-09 6.4145E-09 6.4935E-09 6.5053E-09 6.4497E-09 6.3286E-09 6.1440E-09 5.9007E-09 5.6057E-09 5.2670E-09 4.8940E-09 4.4970E-09 4.0853E-09 3.6689E-09 3.2567E-09 2.8569E-09 2.4766E-09 2.1212E-09 1.7950E-09 1.5012E-09 1.2409E-09 1.0126E-09 8.1515E-10 6.4717E-10 5.0696E-10 3.9092E-10 2.9258E-10 2.0529E-10 1.3842E-10 9.0198E-11 5.7981E-11 3.3031E-11 1.4013E-11 2.2647E-12 0.0000E+00 0.0000E+00 0.0000E+00 0.0000E+00 0.0000E+00 0.0000E+00 0.0000E+00 0.0000E+00 0.0000E+00
1.7401E-09 2.0292E-09 2.3449E-09 2.6881E-09 3.0551E-09 3.4412E-09 3.8426E-09 4.2525E-09 4.6613E-09 5.0627E-09 5.4476E-09 5.8054E-09 6.1269E-09 6.4018E-09 6.6212E-09 6.7797E-09 6.8713E-09 6.8922E-09 6.8404E-09 6.7167E-09 6.5242E-09 6.2681E-09 5.9556E-09 5.5961E-09 5.1993E-09 4.7758E-09 4.3365E-09 3.8922E-09 3.4527E-09 3.0274E-09 2.6237E-09 2.2459E-09 1.8988E-09 1.5856E-09 1.3074E-09 1.0649E-09 8.5706E-10 6.8124E-10 5.3347E-10 4.0823E-10 3.0605E-10 2.1302E-10 1.4437E-10 9.5975E-11 6.2202E-11 3.3972E-11 1.5619E-11 2.9385E-12 0.0000E+00 0.0000E+00 0.0000E+00 0.0000E+00 0.0000E+00 0.0000E+00 0.0000E+00 0.0000E+00 0.0000E+00
1.7594E-09 2.0576E-09 2.3883E-09 2.7473E-09 3.1313E-09 3.5386E-09 3.9629E-09 4.3959E-09 4.8325E-09 5.2620E-09 5.6746E-09 6.0590E-09 6.4060E-09 6.7052E-09 6.9475E-09 7.1245E-09 7.2300E-09 7.2595E-09 7.2107E-09 7.0856E-09 6.8871E-09 6.6203E-09 6.2927E-09 5.9140E-09 5.4949E-09 5.0470E-09 4.5823E-09 4.1115E-09 3.6456E-09 3.1940E-09 2.7650E-09 2.3649E-09 1.9984E-09 1.6690E-09 1.3764E-09 1.1199E-09 8.9923E-10 7.1321E-10 5.5864E-10 4.2610E-10 3.1778E-10 2.2352E-10 1.5162E-10 1.0238E-10 6.5588E-11 3.7348E-11 1.5994E-11 3.9594E-12 1.1962E-13 0.0000E+00 0.0000E+00 0.0000E+00 0.0000E+00 0.0000E+00 0.0000E+00 0.0000E+00 0.0000E+00
1.7642E-09 2.0725E-09 2.4134E-09 2.7848E-09 3.1866E-09 3.6123E-09 4.0569E-09 4.5148E-09 4.9766E-09 5.4319E-09 5.8709E-09 6.2843E-09 6.6594E-09 6.9852E-09 7.2504E-09 7.4472E-09 7.5687E-09 7.6099E-09 7.5685E-09 7.4449E-09 7.2423E-09 6.9664E-09 6.6250E-09 6.2283E-09 5.7884E-09 5.3169E-09 4.8267E-09 4.3301E-09 3.8385E-09 3.3622E-09 2.9102E-09 2.4873E-09 2.0993E-09 1.7500E-09 1.4414E-09 1.1728E-09 9.4268E-10 7.4751E-10 5.8520E-10 4.4845E-10 3.3084E-10 2.3247E-10 1.6092E-10 1.0922E-10 6.9271E-11 3.9502E-11 1.7986E-11 4.6173E-12 7.1518E-13 0.0000E+00 0.0000E+00 0.0000E+00 0.0000E+00 0.0000E+00 0.0000E+00 0.0000E+00 0.0000E+00
1.7547E-09 2.0702E-09 2.4193E-09 2.8046E-09 3.2190E-09 3.6606E-09 4.1250E-09 4.6041E-09 5.0881E-09 5.5696E-09 6.0363E-09 6.4767E-09 6.8782E-09 7.2284E-09 7.5169E-09 7.7343E-09 7.8731E-09 7.9272E-09 7.8933E-09 7.7722E-09 7.5680E-09 7.2856E-09 6.9334E-09 6.5220E-09 6.0635E-09 5.5710E-09 5.0589E-09 4.5386E-09 4.0229E-09 3.5228E-09 3.0475E-09 2.6046E-09 2.1997E-09 1.8350E-09 1.5114E-09 1.2291E-09 9.8750E-10 7.8308E-10 6.1222E-10 4.6719E-10 3.4575E-10 2.4403E-10 1.7062E-10 1.1536E-10 7.3585E-11 4.0962E-11 1.9312E-11 5.6030E-12 1.3587E-12 1.5952E-13 0.0000E+00 0.0000E+00 0.0000E+00 0.0000E+00 0.0000E+00 0.0000E+00 0.0000E+00
1.7333E-09 2.0509E-09 2.4084E-09 2.8003E-09 3.2260E-09 3.6831E-09 4.1636E-09 4.6612E-09 5.1682E-09 5.6742E-09 6.1662E-09 6.6316E-09 7.0584E-09 7.4345E-09 7.7473E-09 7.9861E-09 8.1435E-09 8.2126E-09 8.1900E-09 8.0752E-09 7.8715E-09 7.5849E-09 7.2242E-09 6.8000E-09 6.3261E-09 5.8154E-09 5.2822E-09 4.7401E-09 4.2031E-09 3.6827E-09 3.1879E-09 2.7256E-09 2.3010E-09 1.9194E-09 1.5815E-09 1.2866E-09 1.0325E-09 8.1867E-10 6.4050E-10 4.8556E-10 3.5893E-10 2.5773E-10 1.8051E-10 1.2158E-10 7.7747E-11 4.3974E-11 2.1047E-11 7.3408E-12 1.5871E-12 7.3985E-13 0.0000E+00 0.0000E+00 0.0000E+00 0.0000E+00 0.0000E+00 0.0000E+00 0.0000E+00
1.6944E-09 2.0168E-09 2.3772E-09 2.7758E-09 3.2117E-09 3.6779E-09 4.1722E-09 4.6876E-09 5.2148E-09 5.7411E-09 6.2564E-09 6.7481E-09 7.2027E-09 7.6060E-09 7.9447E-09 8.2071E-09 8.3846E-09 8.4704E-09 8.4603E-09 8.3537E-09 8.1545E-09 7.8677E-09 7.5021E-09 7.0688E-09 6.5817E-09 6.0557E-09 5.5054E-09 4.9445E-09 4.3871E-09 3.8451E-09 3.3290E-09 2.8480E-09 2.4047E-09 2.0053E-09 1.6525E-09 1.3454E-09 1.0804E-09 8.5615E-10 6.6710E-10 5.0836E-10 3.7502E-10 2.7016E-10 1.8947E-10 1.2871E-10 8.1078E-11 4.6630E-11 2.2365E-11 8.7819E-12 2.3487E-12 1.3540E-12 0.0000E+00 0.0000E+00 0.0000E+00 0.0000E+00 0.0000E+00 0.0000E+00 0.0000E+00
1.6464E-09 1.9680E-09 2.3282E-09 2.7311E-09 3.1702E-09 3.6459E-09 4.1527E-09 4.6822E-09 5.2250E-09 5.7719E-09 6.3109E-09 6.8274E-09 7.3061E-09 7.7333E-09 8.0962E-09 8.3817E-09 8.5817E-09 8.6875E-09 8.6941E-09 8.6002E-09 8.4082E-09 8.1242E-09 7.7571E-09 7.3184E-09 6.8223E-09 6.2834E-09 5.7169E-09 5.1403E-09 4.5649E-09 4.0041E-09 3.4695E-09 2.9698E-09 2.5099E-09 2.0957E-09 1.7261E-09 1.4036E-09 1.1280E-09 8.9442E-10 6.9621E-10 5.2910E-10 3.9407E-10 2.8411E-10 1.9911E-10 1.3580E-10 8.5535E-11 4.9671E-11 2.5648E-11 1.0146E-11 3.8325E-12 1.5523E-12 0.0000E+00 0.0000E+00 0.0000E+00 0.0000E+00 0.0000E+00 0.0000E+00 0.0000E+00
1.5862E-09 1.9026E-09 2.2643E-09 2.6661E-09 3.1097E-09 3.5914E-09 4.1048E-09 4.6451E-09 5.2035E-09 5.7693E-09 6.3272E-09 6.8641E-09 7.3674E-09 7.8221E-09 8.2129E-09 8.5265E-09 8.7514E-09 8.8785E-09 8.9029E-09 8.8229E-09 8.6417E-09 8.3647E-09 8.0001E-09 7.5603E-09 7.0588E-09 6.5107E-09 5.9320E-09 5.3393E-09 4.7457E-09 4.1671E-09 3.6131E-09 3.0932E-09 2.6151E-09 2.1841E-09 1.8014E-09 1.4667E-09 1.1773E-09 9.3186E-10 7.2634E-10 5.4843E-10 4.0963E-10 2.9686E-10 2.0926E-10 1.4131E-10 9.0321E-11 5.2337E-11 2.7372E-11 1.1892E-11 5.1669E-12 1.7545E-12 0.0000E+00 0.0000E+00 0.0000E+00 0.0000E+00 0.0000E+00 0.0000E+00 0.0000E+00
1.5145E-09 1.8287E-09 2.1841E-09 2.5837E-09 3.0272E-09 3.5100E-09 4.0301E-09 4.5806E-09 5.1514E-09 5.7298E-09 6.3062E-09 6.8667E-09 7.3955E-09 7.8758E-09 8.2922E-09 8.6302E-09 8.8797E-09 9.0319E-09 9.0797E-09 9.0203E-09 8.8548E-09 8.5887E-09 8.2302E-09 7.7912E-09 7.2857E-09 6.7304E-09 6.1413E-09 5.5340E-09 4.9248E-09 4.3287E-09 3.7571E-09 3.2213E-09 2.7253E-09 2.2757E-09 1.8761E-09 1.5283E-09 1.2273E-09 9.7025E-10 7.5365E-10 5.7323E-10 4.2805E-10 3.1006E-10 2.1955E-10 1.4737E-10 9.4479E-11 5.6818E-11 2.9950E-11 1.4480E-11 5.7603E-12 1.7877E-12 0.0000E+00 0.0000E+00 0.0000E+00 0.0000E+00 0.0000E+00 0.0000E+00 0.0000E+00
1.4355E-09 1.7417E-09 2.0909E-09 2.4878E-09 2.9289E-09 3.4133E-09 3.9362E-09 4.4908E-09 5.0693E-09 5.6622E-09 6.2583E-09 6.8393E-09 7.3893E-09 7.8933E-09 8.3371E-09 8.7053E-09 8.9844E-09 9.1640E-09 9.2368E-09 9.1988E-09 9.0509E-09 8.7987E-09 8.4499E-09 8.0157E-09 7.5102E-09 6.9494E-09 6.3503E-09 5.7312E-09 5.1080E-09 4.4942E-09 3.9038E-09 3.3478E-09 2.8354E-09 2.3705E-09 1.9546E-09 1.5911E-09 1.2775E-09 1.0108E-09 7.8133E-10 5.9333E-10 4.4573E-10 3.2442E-10 2.2793E-10 1.5378E-10 9.8148E-11 5.9550E-11 3.2474E-11 1.6297E-11 6.2905E-12 1.8040E-12 0.0000E+00 0.0000E+00 0.0000E+00 0.0000E+00 0.0000E+00 0.0000E+00 0.0000E+00
1.3531E-09 1.6488E-09 1.9920E-09 2.3789E-09 2.8153E-09 3.2961E-09 3.8197E-09 4.3802E-09 4.9694E-09 5.5763E-09 6.1865E-09 6.7860E-09 7.3617E-09 7.8960E-09 8.3712E-09 8.7708E-09 9.0803E-09 9.2903E-09 9.3915E-09 9.3803E-09 9.2555E-09 9.0206E-09 8.6834E-09 8.2550E-09 7.7510E-09 7.1861E-09 6.5785E-09 5.9462E-09 5.3059E-09 4.6738E-09 4.0636E-09 3.4874E-09 2.9533E-09 2.4688E-09 2.0381E-09 1.6581E-09 1.3286E-09 1.0479E-09 8.1195E-10 6.1576E-10 4.6337E-10 3.3913E-10 2.3581E-10 1.5936E-10 1.0329E-10 6.2768E-11 3.5559E-11 1.7694E-11 6.3901E-12 1.8014E-12 0.0000E+00 0.0000E+00 0.0000E+00 0.0000E+00 0.0000E+00 0.0000E+00 0.0000E+00
1.2628E-09 1.5505E-09 1.8821E-09 2.2656E-09 2.6957E-09 3.1724E-09 3.6937E-09 4.2569E-09 4.8530E-09 5.4698E-09 6.0943E-09 6.7148E-09 7.3137E-09 7.8730E-09 8.3760E-09 8.8068E-09 9.1502E-09 9.3936E-09 9.5268E-09 9.5436E-09 9.4425E-09 9.2277E-09 8.9054E-09 8.4861E-09 7.9840E-09 7.4158E-09 6.8008E-09 6.1560E-09 5.5002E-09 4.8498E-09 4.2215E-09 3.6260E-09 3.0725E-09 2.5683E-09 2.1175E-09 1.7241E-09 1.3826E-09 1.0885E-09 8.3991E-10 6.4038E-10 4.8233E-10 3.5085E-10 2.4488E-10 1.6391E-10 1.0710E-10 6.5060E-11 3.8489E-11 1.9077E-11 6.4242E-12 1.7788E-12 0.0000E+00 0.0000E+00 0.0000E+00 0.0000E+00 0.0000E+00 0.0000E+00 0.0000E+00
1.1771E-09 1.4537E-09 1.7759E-09 2.1469E-09 2.5669E-09 3.0403E-09 3.5609E-09 4.1244E-09 4.7224E-09 5.3470E-09 5.9870E-09 6.6261E-09 7.2471E-09 7.8346E-09 8.3707E-09 8.8369E-09 9.2153E-09 9.4943E-09 9.6615E-09 9.7098E-09 9.6367E-09 9.4436E-09 9.1374E-09 8.7282E-09 8.2301E-09 7.6598E-09 7.0358E-09 6.3772E-09 5.7044E-09 5.0342E-09 4.3833E-09 3.7656E-09 3.1929E-09 2.6702E-09 2.2002E-09 1.7868E-09 1.4307E-09 1.1272E-09 8.6845E-10 6.6421E-10 5.0146E-10 3.6082E-10 2.5214E-10 1.6985E-10 1.1018E-10 6.8288E-11 3.8949E-11 1.9230E-11 6.3864E-12 1.6433E-12 0.0000E+00 0.0000E+00 0.0000E+00 0.0000E+00 0.0000E+00 0.0000E+00 0.0000E+00
1.0898E-09 1.3530E-09 1.6669E-09 2.0251E-09 2.4390E-09 2.9045E-09 3.4203E-09 3.9826E-09 4.5861E-09 5.2230E-09 5.8776E-09 6.5371E-09 7.1853E-09 7.8048E-09 8.3748E-09 8.8770E-09 9.2944E-09 9.6119E-09 9.8167E-09 9.9001E-09 9.8566E-09 9.6885E-09 9.4001E-09 9.0013E-09 8.5065E-09 7.9323E-09 7.2983E-09 6.6252E-09 5.9343E-09 5.2430E-09 4.5683E-09 3.9258E-09 3.3270E-09 2.7798E-09 2.2916E-09 1.8590E-09 1.4831E-09 1.1641E-09 9.0064E-10 6.9110E-10 5.1771E-10 3.7260E-10 2.5779E-10 1.7533E-10 1.1217E-10 7.1179E-11 4.0777E-11 1.9287E-11 6.2723E-12 9.1637E-13 0.0000E+00 0.0000E+00 0.0000E+00 0.0000E+00 0.0000E+00 0.0000E+00 0.0000E+00
1.0044E-09 1.2599E-09 1.5558E-09 1.9076E-09 2.3107E-09 2.7689E-09 3.2775E-09 3.8398E-09 4.4483E-09 5.0929E-09 5.7598E-09 6.4389E-09 7.1116E-09 7.7592E-09 8.3637E-09 8.9054E-09 9.3642E-09 9.7233E-09 9.9685E-09 1.0089E-08 1.0078E-08 9.9361E-09 9.6666E-09 9.2791E-09 8.7875E-09 8.2093E-09 7.5645E-09 6.8748E-09 6.1617E-09 5.4459E-09 4.7469E-09 4.0807E-09 3.4575E-09 2.8868E-09 2.3749E-09 1.9255E-09 1.5353E-09 1.2003E-09 9.3022E-10 7.1377E-10 5.3097E-10 3.8275E-10 2.6413E-10 1.7760E-10 1.1507E-10 7.1164E-11 3.9554E-11 1.8365E-11 5.8824E-12 0.0000E+00 0.0000E+00 0.0000E+00 0.0000E+00 0.0000E+00 0.0000E+00 0.0000E+00 0.0000E+00
9.2255E-10 1.1638E-09 1.4494E-09 1.7866E-09 2.1779E-09 2.6304E-09 3.1369E-09 3.6997E-09 4.3071E-09 4.9583E-09 5.6418E-09 6.3415E-09 7.0405E-09 7.7219E-09 8.3654E-09 8.9492E-09 9.4519E-09 9.8545E-09 1.0141E-08 1.0300E-08 1.0322E-08 1.0207E-08 9.9569E-09 9.5810E-09 9.0926E-09 8.5101E-09 7.8541E-09 7.1469E-09 6.4115E-09 5.6696E-09 4.9423E-09 4.2461E-09 3.5963E-09 3.0021E-09 2.4658E-09 1.9932E-09 1.5865E-09 1.2443E-09 9.6329E-10 7.3343E-10 5.4521E-10 3.9079E-10 2.7151E-10 1.7942E-10 1.1806E-10 7.1720E-11 3.9152E-11 1.7827E-11 4.8735E-12 0.0000E+00 0.0000E+00 0.0000E+00 0.0000E+00 0.0000E+00 0.0000E+00 0.0000E+00 0.0000E+00
8.4544E-10 1.0711E-09 1.3487E-09 1.6702E-09 2.0532E-09 2.4973E-09 2.9976E-09 3.5560E-09 4.1702E-09 4.8341E-09 5.5295E-09 6.2500E-09 6.9789E-09 7.6958E-09 8.3785E-09 9.0054E-09 9.5552E-09 1.0006E-08 1.0340E-08 1.0542E-08 1.0602E-08 1.0516E-08 1.0286E-08 9.9207E-09 9.4331E-09 8.8420E-09 8.1693E-09 7.4389E-09 6.6764E-09 5.9059E-09 5.1478E-09 4.4199E-09 3.7381E-09 3.1132E-09 2.5547E-09 2.0613E-09 1.6363E-09 1.2838E-09 9.9362E-10 7.4878E-10 5.5592E-10 3.9803E-10 2.7464E-10 1.8208E-10 1.1779E-10 7.0701E-11 3.7454E-11 1.5997E-11 2.6108E-12 0.0000E+00 0.0000E+00 0.0000E+00 0.0000E+00 0.0000E+00 0.0000E+00 0.0000E+00 0.0000E+00
7.6922E-10 9.8414E-10 1.2436E-09 1.5564E-09 1.9236E-09 2.3648E-09 2.8592E-09 3.4171E-09 4.0341E-09 4.7036E-09 5.4172E-09 6.1626E-09 6.9173E-09 7.6692E-09 8.3947E-09 9.0701E-09 9.6712E-09 1.0174E-08 1.0556E-08 1.0802E-08 1.0900E-08 1.0843E-08 1.0633E-08 1.0277E-08 9.7896E-09 9.1889E-09 8.4987E-09 7.7440E-09 6.9518E-09 6.1480E-09 5.3552E-09 4.5962E-09 3.8840E-09 3.2302E-09 2.6444E-09 2.1324E-09 1.6936E-09 1.3248E-09 1.0198E-09 7.6941E-10 5.6386E-10 4.0560E-10 2.7604E-10 1.8661E-10 1.1600E-10 6.8107E-11 3.4984E-11 1.4348E-11 0.0000E+00 0.0000E+00 0.0000E+00 0.0000E+00 0.0000E+00 0.0000E+00 0.0000E+00 0.0000E+00 0.0000E+00
6.9541E-10 9.0202E-10 1.1479E-09 1.4479E-09 1.8014E-09 2.2327E-09 2.7243E-09 3.2826E-09 3.9025E-09 4.5829E-09 5.3138E-09 6.0843E-09 6.8772E-09 7.6730E-09 8.4452E-09 9.1727E-09 9.8273E-09 1.0383E-08 1.0818E-08 1.1112E-08 1.1250E-08 1.1225E-08 1.1036E-08 1.0690E-08 1.0200E-08 9.5862E-09 8.8736E-09 8.0895E-09 7.2620E-09 6.4179E-09 5.5845E-09 4.7833E-09 4.0334E-09 3.3489E-09 2.7350E-09 2.1990E-09 1.7443E-09 1.3614E-09 1.0399E-09 7.8329E-10 5.7363E-10 4.0754E-10 2.7885E-10 1.8496E-10 1.1350E-10 6.5382E-11 3.1957E-11 1.0902E-11 0.0000E+00 0.0000E+00 0.0000E+00 0.0000E+00 0.0000E+00 0.0000E+00 0.0000E+00 0.0000E+00 0.0000E+00
6.2441E-10 8.1613E-10 1.0539E-09 1.3384E-09 1.6815E-09 2.1066E-09 2.5940E-09 3.1433E-09 3.7699E-09 4.4665E-09 5.2208E-09 6.0183E-09 6.8465E-09 7.6866E-09 8.5118E-09 9.2952E-09 1.0006E-08 1.0622E-08 1.1113E-08 1.1458E-08 1.1638E-08 1.1645E-08 1.1475E-08 1.1135E-08 1.0640E-08 1.0008E-08 9.2686E-09 8.4496E-09 7.5814E-09 6.6961E-09 5.8209E-09 4.9772E-09 4.1890E-09 3.4690E-09 2.8304E-09 2.2720E-09 1.7947E-09 1.3945E-09 1.0636E-09 7.9347E-10 5.8185E-10 4.0817E-10 2.8143E-10 1.8186E-10 1.0971E-10 6.0960E-11 2.8299E-11 4.5297E-12 0.0000E+00 0.0000E+00 0.0000E+00 0.0000E+00 0.0000E+00 0.0000E+00 0.0000E+00 0.0000E+00 0.0000E+00
5.5543E-10 7.3595E-10 9.6160E-10 1.2354E-09 1.5661E-09 1.9802E-09 2.4598E-09 3.0156E-09 3.6511E-09 4.3529E-09 5.1260E-09 5.9570E-09 6.8266E-09 7.7061E-09 8.5843E-09 9.4279E-09 1.0204E-08 1.0882E-08 1.1430E-08 1.1826E-08 1.2050E-08 1.2088E-08 1.1938E-08 1.1605E-08 1.1102E-08 1.0452E-08 9.6817E-09 8.8234E-09 7.9112E-09 6.9793E-09 6.0566E-09 5.1714E-09 4.3437E-09 3.5885E-09 2.9168E-09 2.3363E-09 1.8381E-09 1.4196E-09 1.0802E-09 8.0295E-10 5.8430E-10 4.0955E-10 2.7734E-10 1.7803E-10 1.0449E-10 5.5728E-11 2.2597E-11 0.0000E+00 0.0000E+00 0.0000E+00 0.0000E+00 0.0000E+00 0.0000E+00 0.0000E+00 0.0000E+00 0.0000E+00 0.0000E+00
4.8753E-10 6.5831E-10 8.6805E-10 1.1297E-09 1.4486E-09 1.8507E-09 2.3327E-09 2.8866E-09 3.5226E-09 4.2451E-09 5.0504E-09 5.9113E-09 6.8268E-09 7.7723E-09 8.7177E-09 9.6241E-09 1.0470E-08 1.1218E-08 1.1833E-08 1.2286E-08 1.2556E-08 1.2627E-08 1.2494E-08 1.2161E-08 1.1643E-08 1.0963E-08 1.0152E-08 9.2456E-09 8.2808E-09 7.2932E-09 6.3165E-09 5.3798E-09 4.5067E-09 3.7138E-09 3.0089E-09 2.3965E-09 1.8790E-09 1.4459E-09 1.0910E-09 8.1072E-10 5.8216E-10 4.0833E-10 2.7134E-10 1.7312E-10 9.7438E-11 4.9335E-11 1.3815E-11 0.0000E+00 0.0000E+00 0.0000E+00 0.0000E+00 0.0000E+00 0.0000E+00 0.0000E+00 0.0000E+00 0.0000E+00 0.0000E+00
