Assets/Resources/2015_m01_d29_2300(utc+0800)_l00_csi_1hr_conc.grd
DSAA
         159         159
     -79.000      79.000
     -79.000      79.000
  0.0000E+00  0.7632E-05
[rows 125 to 149 of 159, columns 57 to 113 of 159]
0.0000E+00 1.8707E-13 4.3452E-13 6.5388E-13 7.9212E-13 8.8959E-13 9.4297E-13 9.9842E-13 1.0559E-12 1.1155E-12 1.1772E-12 1.2409E-12 1.3067E-12 1.3746E-12 1.4445E-12 1.5164E-12 1.5904E-12 1.6663E-12 1.7442E-12 1.8241E-12 1.9058E-12 1.9894E-12 2.0748E-12 2.1619E-12 2.2508E-12 2.3413E-12 2.4335E-12 2.5272E-12 2.6223E-12 2.7189E-12 2.8169E-12 2.9161E-12 3.0165E-12 3.1181E-12 3.2207E-12 3.3243E-12 3.4288E-12 3.5341E-12 3.6401E-12 3.7468E-12 3.8540E-12 3.9617E-12 4.0698E-12 4.1782E-12 4.2868E-12 4.3955E-12 4.5042E-12 4.6129E-12 4.7215E-12 4.8298E-12 4.9378E-12 5.0454E-12 5.1525E-12 5.2590E-12 5.3649E-12 5.4700E-12 5.5744E-12
0.0000E+00 9.1856E-14 3.2955E-13 5.4009E-13 7.1892E-13 8.1242E-13 9.1168E-13 9.6535E-13 1.0210E-12 1.0787E-12 1.1384E-12 1.2002E-12 1.2639E-12 1.3297E-12 1.3974E-12 1.4671E-12 1.5388E-12 1.6125E-12 1.6880E-12 1.7654E-12 1.8447E-12 1.9258E-12 2.0086E-12 2.0932E-12 2.1795E-12 2.2673E-12 2.3568E-12 2.4478E-12 2.5402E-12 2.6340E-12 2.7292E-12 2.8256E-12 2.9233E-12 3.0220E-12 3.1218E-12 3.2225E-12 3.3242E-12 3.4266E-12 3.5298E-12 3.6337E-12 3.7381E-12 3.8430E-12 3.9482E-12 4.0538E-12 4.1597E-12 4.2656E-12 4.3717E-12 4.4777E-12 4.5836E-12 4.6892E-12 4.7946E-12 4.8997E-12 5.0043E-12 5.1083E-12 5.2118E-12 5.3145E-12 5.4165E-12
0.0000E+00 4.4841E-14 2.3018E-13 4.7653E-13 6.4863E-13 7.8529E-13 8.8128E-13 9.3323E-13 9.8713E-13 1.0430E-12 1.1008E-12 1.1606E-12 1.2223E-12 1.2860E-12 1.3517E-12 1.4192E-12 1.4887E-12 1.5601E-12 1.6333E-12 1.7084E-12 1.7853E-12 1.8639E-12 1.9443E-12 2.0264E-12 2.1101E-12 2.1954E-12 2.2822E-12 2.3706E-12 2.4603E-12 2.5515E-12 2.6439E-12 2.7376E-12 2.8325E-12 2.9285E-12 3.0255E-12 3.1235E-12 3.2224E-12 3.3221E-12 3.4225E-12 3.5235E-12 3.6252E-12 3.7273E-12 3.8299E-12 3.9327E-12 4.0359E-12 4.1391E-12 4.2425E-12 4.3459E-12 4.4491E-12 4.5522E-12 4.6551E-12 4.7576E-12 4.8597E-12 4.9614E-12 5.0624E-12 5.1628E-12 5.2625E-12
0.0000E+00 0.0000E+00 9.1016E-14 3.7169E-13 5.8111E-13 7.1240E-13 8.0441E-13 9.0205E-13 9.5422E-13 1.0083E-12 1.0643E-12 1.1222E-12 1.1820E-12 1.2437E-12 1.3072E-12 1.3727E-12 1.4400E-12 1.5092E-12 1.5802E-12 1.6530E-12 1.7275E-12 1.8038E-12 1.8818E-12 1.9614E-12 2.0426E-12 2.1254E-12 2.2097E-12 2.2955E-12 2.3827E-12 2.4712E-12 2.5610E-12 2.6520E-12 2.7442E-12 2.8375E-12 2.9319E-12 3.0271E-12 3.1233E-12 3.2203E-12 3.3180E-12 3.4163E-12 3.5153E-12 3.6147E-12 3.7146E-12 3.8148E-12 3.9152E-12 4.0159E-12 4.1167E-12 4.2174E-12 4.3181E-12 4.4187E-12 4.5191E-12 4.6191E-12 4.7188E-12 4.8181E-12 4.9168E-12 5.0149E-12 5.1123E-12
0.0000E+00 0.0000E+00 4.4394E-14 2.2806E-13 4.7223E-13 6.8843E-13 7.7738E-13 8.7178E-13 9.2227E-13 9.7461E-13 1.0288E-12 1.0849E-12 1.1428E-12 1.2025E-12 1.2641E-12 1.3275E-12 1.3928E-12 1.4598E-12 1.5286E-12 1.5992E-12 1.6714E-12 1.7454E-12 1.8210E-12 1.8983E-12 1.9771E-12 2.0574E-12 2.1392E-12 2.2225E-12 2.3071E-12 2.3931E-12 2.4803E-12 2.5688E-12 2.6584E-12 2.7490E-12 2.8407E-12 2.9334E-12 3.0269E-12 3.1212E-12 3.2162E-12 3.3120E-12 3.4083E-12 3.5051E-12 3.6023E-12 3.6999E-12 3.7978E-12 3.8959E-12 3.9941E-12 4.0923E-12 4.1905E-12 4.2886E-12 4.3865E-12 4.4842E-12 4.5815E-12 4.6783E-12 4.7747E-12 4.8706E-12 4.9658E-12
0.0000E+00 0.0000E+00 0.0000E+00 9.0052E-14 3.6812E-13 5.7537E-13 7.0491E-13 8.4240E-13 8.9126E-13 9.4192E-13 9.9437E-13 1.0486E-12 1.1047E-12 1.1626E-12 1.2222E-12 1.2836E-12 1.3468E-12 1.4118E-12 1.4785E-12 1.5469E-12 1.6169E-12 1.6887E-12 1.7620E-12 1.8369E-12 1.9134E-12 1.9913E-12 2.0707E-12 2.1515E-12 2.2337E-12 2.3172E-12 2.4019E-12 2.4878E-12 2.5749E-12 2.6630E-12 2.7521E-12 2.8421E-12 2.9331E-12 3.0248E-12 3.1173E-12 3.2104E-12 3.3041E-12 3.3983E-12 3.4930E-12 3.5881E-12 3.6834E-12 3.7789E-12 3.8746E-12 3.9704E-12 4.0662E-12 4.1618E-12 4.2573E-12 4.3526E-12 4.4476E-12 4.5422E-12 4.6363E-12 4.7299E-12 4.8229E-12
0.0000E+00 0.0000E+00 0.0000E+00 4.3889E-14 2.2564E-13 5.1205E-13 6.8105E-13 7.6844E-13 8.6117E-13 9.1019E-13 9.6096E-13 1.0135E-12 1.0677E-12 1.1238E-12 1.1815E-12 1.2410E-12 1.3023E-12 1.3652E-12 1.4298E-12 1.4961E-12 1.5640E-12 1.6335E-12 1.7046E-12 1.7773E-12 1.8515E-12 1.9271E-12 2.0041E-12 2.0826E-12 2.1623E-12 2.2434E-12 2.3257E-12 2.4091E-12 2.4937E-12 2.5793E-12 2.6659E-12 2.7534E-12 2.8418E-12 2.9310E-12 3.0210E-12 3.1116E-12 3.2027E-12 3.2945E-12 3.3866E-12 3.4792E-12 3.5720E-12 3.6651E-12 3.7584E-12 3.8517E-12 3.9450E-12 4.0383E-12 4.1315E-12 4.2244E-12 4.3171E-12 4.4094E-12 4.5013E-12 4.5928E-12 4.6836E-12
0.0000E+00 0.0000E+00 0.0000E+00 0.0000E+00 1.3225E-13 3.6406E-13 5.6889E-13 7.4236E-13 8.3198E-13 8.7941E-13 9.2853E-13 9.7936E-13 1.0319E-12 1.0861E-12 1.1421E-12 1.1997E-12 1.2590E-12 1.3200E-12 1.3826E-12 1.4468E-12 1.5126E-12 1.5800E-12 1.6490E-12 1.7194E-12 1.7913E-12 1.8647E-12 1.9395E-12 2.0156E-12 2.0930E-12 2.1717E-12 2.2516E-12 2.3326E-12 2.4147E-12 2.4979E-12 2.5821E-12 2.6671E-12 2.7531E-12 2.8398E-12 2.9273E-12 3.0154E-12 3.1041E-12 3.1934E-12 3.2831E-12 3.3732E-12 3.4636E-12 3.5543E-12 3.6451E-12 3.7361E-12 3.8271E-12 3.9180E-12 4.0089E-12 4.0996E-12 4.1900E-12 4.2801E-12 4.3698E-12 4.4591E-12 4.5478E-12
0.0000E+00 0.0000E+00 0.0000E+00 0.0000E+00 4.3330E-14 2.2294E-13 5.0607E-13 6.7281E-13 7.5858E-13 8.4955E-13 8.9708E-13 9.4627E-13 9.9712E-13 1.0496E-12 1.1038E-12 1.1596E-12 1.2170E-12 1.2760E-12 1.3367E-12 1.3989E-12 1.4627E-12 1.5280E-12 1.5949E-12 1.6632E-12 1.7330E-12 1.8041E-12 1.8766E-12 1.9505E-12 2.0256E-12 2.1020E-12 2.1795E-12 2.2582E-12 2.3380E-12 2.4188E-12 2.5006E-12 2.5833E-12 2.6668E-12 2.7511E-12 2.8362E-12 2.9219E-12 3.0082E-12 3.0950E-12 3.1824E-12 3.2701E-12 3.3581E-12 3.4464E-12 3.5349E-12 3.6236E-12 3.7122E-12 3.8009E-12 3.8895E-12 3.9779E-12 4.0662E-12 4.1541E-12 4.2417E-12 4.3288E-12 4.4155E-12
0.0000E+00 0.0000E+00 0.0000E+00 0.0000E+00 0.0000E+00 1.3057E-13 3.5956E-13 5.6172E-13 7.3268E-13 8.2059E-13 8.6658E-13 9.1417E-13 9.6338E-13 1.0142E-12 1.0666E-12 1.1206E-12 1.1762E-12 1.2334E-12 1.2922E-12 1.3525E-12 1.4143E-12 1.4776E-12 1.5424E-12 1.6086E-12 1.6763E-12 1.7453E-12 1.8156E-12 1.8873E-12 1.9602E-12 2.0343E-12 2.1096E-12 2.1860E-12 2.2634E-12 2.3419E-12 2.4214E-12 2.5017E-12 2.5829E-12 2.6649E-12 2.7476E-12 2.8309E-12 2.9149E-12 2.9994E-12 3.0844E-12 3.1697E-12 3.2555E-12 3.3415E-12 3.4277E-12 3.5140E-12 3.6004E-12 3.6869E-12 3.7732E-12 3.8595E-12 3.9456E-12 4.0314E-12 4.1168E-12 4.2019E-12 4.2866E-12
0.0000E+00 0.0000E+00 0.0000E+00 0.0000E+00 0.0000E+00 4.2723E-14 2.6218E-13 4.9948E-13 6.6378E-13 7.4786E-13 8.3700E-13 8.8304E-13 9.3066E-13 9.7983E-13 1.0306E-12 1.0829E-12 1.1367E-12 1.1921E-12 1.2490E-12 1.3074E-12 1.3673E-12 1.4286E-12 1.4914E-12 1.5556E-12 1.6212E-12 1.6881E-12 1.7564E-12 1.8259E-12 1.8966E-12 1.9685E-12 2.0416E-12 2.1158E-12 2.1910E-12 2.2672E-12 2.3444E-12 2.4225E-12 2.5013E-12 2.5810E-12 2.6614E-12 2.7425E-12 2.8241E-12 2.9064E-12 2.9890E-12 3.0721E-12 3.1556E-12 3.2393E-12 3.3233E-12 3.4074E-12 3.4916E-12 3.5758E-12 3.6601E-12 3.7442E-12 3.8281E-12 3.9118E-12 3.9952E-12 4.0783E-12 4.1610E-12
0.0000E+00 0.0000E+00 0.0000E+00 0.0000E+00 0.0000E+00 0.0000E+00 1.2875E-13 3.5466E-13 5.5391E-13 7.2219E-13 8.0832E-13 8.5286E-13 8.9893E-13 9.4652E-13 9.9562E-13 1.0462E-12 1.0984E-12 1.1520E-12 1.2071E-12 1.2637E-12 1.3217E-12 1.3811E-12 1.4420E-12 1.5042E-12 1.5678E-12 1.6327E-12 1.6988E-12 1.7663E-12 1.8349E-12 1.9047E-12 1.9756E-12 2.0476E-12 2.1206E-12 2.1946E-12 2.2696E-12 2.3454E-12 2.4221E-12 2.4995E-12 2.5777E-12 2.6565E-12 2.7359E-12 2.8159E-12 2.8963E-12 2.9772E-12 3.0584E-12 3.1399E-12 3.2217E-12 3.3036E-12 3.3857E-12 3.4678E-12 3.5499E-12 3.6319E-12 3.7137E-12 3.7954E-12 3.8768E-12 3.9579E-12 4.0386E-12
0.0000E+00 0.0000E+00 0.0000E+00 0.0000E+00 0.0000E+00 0.0000E+00 4.2072E-14 2.5848E-13 4.9236E-13 6.5405E-13 7.3636E-13 8.2361E-13 8.6817E-13 9.1421E-13 9.6173E-13 1.0107E-12 1.0612E-12 1.1131E-12 1.1665E-12 1.2212E-12 1.2774E-12 1.3350E-12 1.3940E-12 1.4543E-12 1.5159E-12 1.5788E-12 1.6430E-12 1.7084E-12 1.7750E-12 1.8427E-12 1.9115E-12 1.9814E-12 2.0523E-12 2.1241E-12 2.1969E-12 2.2706E-12 2.3451E-12 2.4203E-12 2.4963E-12 2.5729E-12 2.6502E-12 2.7279E-12 2.8062E-12 2.8849E-12 2.9639E-12 3.0433E-12 3.1229E-12 3.2027E-12 3.2826E-12 3.3626E-12 3.4426E-12 3.5226E-12 3.6024E-12 3.6821E-12 3.7615E-12 3.8406E-12 3.9194E-12
0.0000E+00 0.0000E+00 0.0000E+00 0.0000E+00 0.0000E+00 0.0000E+00 0.0000E+00 1.2679E-13 3.4938E-13 5.4553E-13 7.1097E-13 7.9525E-13 8.3836E-13 8.8290E-13 9.2888E-13 9.7629E-13 1.0251E-12 1.0754E-12 1.1270E-12 1.1801E-12 1.2345E-12 1.2903E-12 1.3475E-12 1.4059E-12 1.4656E-12 1.5266E-12 1.5888E-12 1.6522E-12 1.7168E-12 1.7825E-12 1.8493E-12 1.9171E-12 1.9859E-12 2.0557E-12 2.1264E-12 2.1979E-12 2.2703E-12 2.3434E-12 2.4172E-12 2.4917E-12 2.5668E-12 2.6424E-12 2.7185E-12 2.7951E-12 2.8720E-12 2.9493E-12 3.0268E-12 3.1045E-12 3.1824E-12 3.2603E-12 3.3383E-12 3.4162E-12 3.4940E-12 3.5717E-12 3.6492E-12 3.7264E-12 3.8033E-12
0.0000E+00 0.0000E+00 0.0000E+00 0.0000E+00 0.0000E+00 0.0000E+00 0.0000E+00 0.0000E+00 2.5453E-13 4.8473E-13 6.4366E-13 7.2417E-13 8.0947E-13 8.5255E-13 8.9704E-13 9.4291E-13 9.9018E-13 1.0388E-12 1.0888E-12 1.1402E-12 1.1929E-12 1.2470E-12 1.3023E-12 1.3589E-12 1.4168E-12 1.4759E-12 1.5362E-12 1.5977E-12 1.6603E-12 1.7241E-12 1.7888E-12 1.8547E-12 1.9214E-12 1.9892E-12 2.0578E-12 2.1273E-12 2.1976E-12 2.2686E-12 2.3404E-12 2.4128E-12 2.4858E-12 2.5593E-12 2.6334E-12 2.7078E-12 2.7827E-12 2.8579E-12 2.9333E-12 3.0090E-12 3.0848E-12 3.1608E-12 3.2367E-12 3.3127E-12 3.3886E-12 3.4643E-12 3.5399E-12 3.6152E-12 3.6903E-12
0.0000E+00 0.0000E+00 0.0000E+00 0.0000E+00 0.0000E+00 0.0000E+00 0.0000E+00 0.0000E+00 1.2471E-13 3.4377E-13 5.3663E-13 6.9908E-13 7.8147E-13 8.2315E-13 8.6618E-13 9.1057E-13 9.5630E-13 1.0034E-12 1.0518E-12 1.1015E-12 1.1526E-12 1.2049E-12 1.2585E-12 1.3134E-12 1.3695E-12 1.4268E-12 1.4852E-12 1.5448E-12 1.6056E-12 1.6674E-12 1.7302E-12 1.7941E-12 1.8589E-12 1.9246E-12 1.9913E-12 2.0587E-12 2.1270E-12 2.1960E-12 2.2657E-12 2.3361E-12 2.4070E-12 2.4786E-12 2.5506E-12 2.6230E-12 2.6958E-12 2.7690E-12 2.8425E-12 2.9161E-12 2.9900E-12 3.0639E-12 3.1380E-12 3.2120E-12 3.2860E-12 3.3598E-12 3.4335E-12 3.5070E-12 3.5803E-12
0.0000E+00 0.0000E+00 0.0000E+00 0.0000E+00 0.0000E+00 0.0000E+00 0.0000E+00 0.0000E+00 0.0000E+00 2.0976E-13 4.7666E-13 6.3270E-13 7.1135E-13 7.9466E-13 8.3628E-13 8.7922E-13 9.2348E-13 9.6904E-13 1.0159E-12 1.0640E-12 1.1135E-12 1.1641E-12 1.2161E-12 1.2692E-12 1.3235E-12 1.3791E-12 1.4357E-12 1.4935E-12 1.5524E-12 1.6123E-12 1.6733E-12 1.7352E-12 1.7982E-12 1.8620E-12 1.9266E-12 1.9922E-12 2.0585E-12 2.1255E-12 2.1932E-12 2.2616E-12 2.3306E-12 2.4001E-12 2.4701E-12 2.5406E-12 2.6114E-12 2.6826E-12 2.7541E-12 2.8258E-12 2.8977E-12 2.9698E-12 3.0419E-12 3.1140E-12 3.1861E-12 3.2581E-12 3.3300E-12 3.4017E-12 3.4732E-12
0.0000E+00 0.0000E+00 0.0000E+00 0.0000E+00 0.0000E+00 0.0000E+00 0.0000E+00 0.0000E+00 0.0000E+00 8.2209E-14 3.3786E-13 5.2727E-13 6.8661E-13 7.6706E-13 8.0732E-13 8.4886E-13 8.9167E-13 9.3575E-13 9.8110E-13 1.0277E-12 1.0755E-12 1.1246E-12 1.1749E-12 1.2264E-12 1.2790E-12 1.3328E-12 1.3877E-12 1.4438E-12 1.5008E-12 1.5590E-12 1.6181E-12 1.6782E-12 1.7392E-12 1.8011E-12 1.8639E-12 1.9275E-12 1.9919E-12 2.0570E-12 2.1228E-12 2.1892E-12 2.2563E-12 2.3238E-12 2.3919E-12 2.4604E-12 2.5294E-12 2.5986E-12 2.6682E-12 2.7380E-12 2.8080E-12 2.8782E-12 2.9484E-12 3.0187E-12 3.0890E-12 3.1592E-12 3.2293E-12 3.2992E-12 3.3689E-12
0.0000E+00 0.0000E+00 0.0000E+00 0.0000E+00 0.0000E+00 0.0000E+00 0.0000E+00 0.0000E+00 0.0000E+00 0.0000E+00 1.6514E-13 4.2693E-13 6.2122E-13 6.9798E-13 7.7927E-13 8.1944E-13 8.6086E-13 9.0351E-13 9.4739E-13 9.9250E-13 1.0388E-12 1.0863E-12 1.1350E-12 1.1849E-12 1.2359E-12 1.2880E-12 1.3412E-12 1.3955E-12 1.4508E-12 1.5072E-12 1.5645E-12 1.6228E-12 1.6820E-12 1.7421E-12 1.8031E-12 1.8648E-12 1.9273E-12 1.9905E-12 2.0544E-12 2.1190E-12 2.1841E-12 2.2498E-12 2.3160E-12 2.3826E-12 2.4497E-12 2.5170E-12 2.5847E-12 2.6527E-12 2.7209E-12 2.7892E-12 2.8576E-12 2.9261E-12 2.9945E-12 3.0630E-12 3.1313E-12 3.1995E-12 3.2675E-12
0.0000E+00 0.0000E+00 0.0000E+00 0.0000E+00 0.0000E+00 0.0000E+00 0.0000E+00 0.0000E+00 0.0000E+00 0.0000E+00 8.0640E-14 3.3169E-13 5.1750E-13 6.3137E-13 7.5210E-13 7.9095E-13 8.3101E-13 8.7228E-13 9.1473E-13 9.5838E-13 1.0032E-12 1.0492E-12 1.0963E-12 1.1446E-12 1.1940E-12 1.2445E-12 1.2961E-12 1.3487E-12 1.4023E-12 1.4570E-12 1.5126E-12 1.5691E-12 1.6265E-12 1.6848E-12 1.7440E-12 1.8039E-12 1.8646E-12 1.9260E-12 1.9881E-12 2.0508E-12 2.1141E-12 2.1779E-12 2.2422E-12 2.3070E-12 2.3722E-12 2.4378E-12 2.5036E-12 2.5698E-12 2.6361E-12 2.7026E-12 2.7692E-12 2.8359E-12 2.9027E-12 2.9694E-12 3.0360E-12 3.1025E-12 3.1688E-12
0.0000E+00 0.0000E+00 0.0000E+00 0.0000E+00 0.0000E+00 0.0000E+00 0.0000E+00 0.0000E+00 0.0000E+00 0.0000E+00 0.0000E+00 1.6200E-13 4.1885E-13 6.0928E-13 6.8413E-13 7.6337E-13 8.0211E-13 8.4203E-13 8.8310E-13 9.2534E-13 9.6872E-13 1.0132E-12 1.0589E-12 1.1056E-12 1.1535E-12 1.2024E-12 1.2523E-12 1.3033E-12 1.3553E-12 1.4083E-12 1.4622E-12 1.5170E-12 1.5727E-12 1.6293E-12 1.6867E-12 1.7448E-12 1.8037E-12 1.8633E-12 1.9236E-12 1.9845E-12 2.0460E-12 2.1081E-12 2.1706E-12 2.2336E-12 2.2970E-12 2.3607E-12 2.4248E-12 2.4892E-12 2.5537E-12 2.6185E-12 2.6834E-12 2.7483E-12 2.8133E-12 2.8783E-12 2.9433E-12 3.0081E-12 3.0728E-12
0.0000E+00 0.0000E+00 0.0000E+00 0.0000E+00 0.0000E+00 0.0000E+00 0.0000E+00 0.0000E+00 0.0000E+00 0.0000E+00 0.0000E+00 3.9714E-14 2.8549E-13 5.0737E-13 6.1868E-13 7.3666E-13 7.7413E-13 8.1273E-13 8.5247E-13 8.9334E-13 9.3532E-13 9.7841E-13 1.0226E-12 1.0679E-12 1.1142E-12 1.1616E-12 1.2100E-12 1.2594E-12 1.3097E-12 1.3611E-12 1.4133E-12 1.4665E-12 1.5205E-12 1.5754E-12 1.6311E-12 1.6875E-12 1.7447E-12 1.8026E-12 1.8611E-12 1.9203E-12 1.9800E-12 2.0403E-12 2.1010E-12 2.1623E-12 2.2239E-12 2.2859E-12 2.3482E-12 2.4109E-12 2.4737E-12 2.5367E-12 2.5999E-12 2.6632E-12 2.7265E-12 2.7898E-12 2.8531E-12 2.9163E-12 2.9794E-12
0.0000E+00 0.0000E+00 0.0000E+00 0.0000E+00 0.0000E+00 0.0000E+00 0.0000E+00 0.0000E+00 0.0000E+00 0.0000E+00 0.0000E+00 0.0000E+00 1.1970E-13 3.7027E-13 5.5624E-13 6.6987E-13 7.4704E-13 7.8437E-13 8.2281E-13 8.6234E-13 9.0297E-13 9.4467E-13 9.8743E-13 1.0313E-12 1.0761E-12 1.1220E-12 1.1689E-12 1.2167E-12 1.2656E-12 1.3153E-12 1.3660E-12 1.4175E-12 1.4699E-12 1.5231E-12 1.5771E-12 1.6319E-12 1.6874E-12 1.7436E-12 1.8004E-12 1.8579E-12 1.9159E-12 1.9745E-12 2.0335E-12 2.0930E-12 2.1529E-12 2.2132E-12 2.2739E-12 2.3348E-12 2.3959E-12 2.4573E-12 2.5188E-12 2.5804E-12 2.6421E-12 2.7038E-12 2.7655E-12 2.8271E-12 2.8886E-12
0.0000E+00 0.0000E+00 0.0000E+00 0.0000E+00 0.0000E+00 0.0000E+00 0.0000E+00 0.0000E+00 0.0000E+00 0.0000E+00 0.0000E+00 0.0000E+00 0.0000E+00 2.4019E-13 4.9694E-13 6.0563E-13 6.7914E-13 7.5692E-13 7.9410E-13 8.3234E-13 8.7164E-13 9.1199E-13 9.5338E-13 9.9580E-13 1.0392E-12 1.0837E-12 1.1291E-12 1.1754E-12 1.2227E-12 1.2709E-12 1.3201E-12 1.3700E-12 1.4208E-12 1.4724E-12 1.5248E-12 1.5780E-12 1.6318E-12 1.6864E-12 1.7415E-12 1.7973E-12 1.8537E-12 1.9106E-12 1.9680E-12 2.0258E-12 2.0841E-12 2.1427E-12 2.2016E-12 2.2609E-12 2.3204E-12 2.3801E-12 2.4400E-12 2.5000E-12 2.5600E-12 2.6202E-12 2.6803E-12 2.7403E-12 2.8003E-12
0.0000E+00 0.0000E+00 0.0000E+00 0.0000E+00 0.0000E+00 0.0000E+00 0.0000E+00 0.0000E+00 0.0000E+00 0.0000E+00 0.0000E+00 0.0000E+00 0.0000E+00 1.1713E-13 3.6251E-13 5.4437E-13 6.5526E-13 7.3035E-13 7.6630E-13 8.0329E-13 8.4131E-13 8.8035E-13 9.2041E-13 9.6147E-13 1.0035E-12 1.0465E-12 1.0905E-12 1.1354E-12 1.1812E-12 1.2280E-12 1.2756E-12 1.3240E-12 1.3733E-12 1.4233E-12 1.4741E-12 1.5257E-12 1.5779E-12 1.6309E-12 1.6844E-12 1.7386E-12 1.7933E-12 1.8486E-12 1.9043E-12 1.9605E-12 2.0172E-12 2.0742E-12 2.1315E-12 2.1891E-12 2.2470E-12 2.3051E-12 2.3634E-12 2.4218E-12 2.4803E-12 2.5389E-12 2.5974E-12 2.6559E-12 2.7144E-12
