Assets/Resources/2015_m01_d09_0200(utc+0800)_l00_csi_1hr_conc.grd
DSAA
         159         159
     -79.000      79.000
     -79.000      79.000
  0.3655E-09  0.5020E-04
[rows 125 to 149 of 159, columns 57 to 113 of 159]
5.8431E-09 6.0703E-09 6.2979E-09 6.6867E-09 6.9477E-09 7.2125E-09 7.4801E-09 7.7515E-09 8.0256E-09 8.3030E-09 8.5797E-09 8.8575E-09 9.1327E-09 9.4075E-09 9.6765E-09 9.9425E-09 1.0200E-08 1.0452E-08 1.0940E-08 1.1220E-08 1.1524E-08 1.2128E-08 1.2462E-08 1.2815E-08 1.3122E-08 1.3423E-08 1.4066E-08 1.4348E-08 1.4632E-08 1.4874E-08 1.5067E-08 1.5245E-08 1.5397E-08 1.5521E-08 1.5617E-08 1.5688E-08 1.5725E-08 1.5729E-08 1.5699E-08 1.5636E-08 1.5540E-08 1.5411E-08 1.5254E-08 1.5070E-08 1.4862E-08 1.4624E-08 1.4055E-08 1.3804E-08 1.3539E-08 1.3266E-08 1.2986E-08 1.2694E-08 1.2404E-08 1.1831E-08 1.1556E-08 1.1272E-08 1.0977E-08
5.6822E-09 5.9066E-09 6.1249E-09 6.4973E-09 6.7469E-09 6.9997E-09 7.2550E-09 7.5143E-09 7.7747E-09 8.0384E-09 8.3005E-09 8.5635E-09 8.8235E-09 9.0826E-09 9.3370E-09 9.5866E-09 9.8300E-09 1.0068E-08 1.0299E-08 1.0765E-08 1.1033E-08 1.1283E-08 1.1556E-08 1.2147E-08 1.2427E-08 1.2710E-08 1.2942E-08 1.3166E-08 1.3375E-08 1.3554E-08 1.4075E-08 1.4253E-08 1.4402E-08 1.4515E-08 1.4599E-08 1.4655E-08 1.4682E-08 1.4681E-08 1.4648E-08 1.4585E-08 1.4494E-08 1.4375E-08 1.3914E-08 1.3770E-08 1.3605E-08 1.3417E-08 1.3213E-08 1.3005E-08 1.2780E-08 1.2539E-08 1.2292E-08 1.1747E-08 1.1504E-08 1.1247E-08 1.0988E-08 1.0745E-08 1.0512E-08
5.5322E-09 5.7408E-09 5.9565E-09 6.2762E-09 6.5518E-09 6.7929E-09 7.0376E-09 7.2834E-09 7.5327E-09 7.7812E-09 8.0313E-09 8.2786E-09 8.5267E-09 8.7695E-09 9.0103E-09 9.2449E-09 9.4748E-09 9.6992E-09 9.9171E-09 1.0128E-08 1.0331E-08 1.0821E-08 1.1053E-08 1.1269E-08 1.1501E-08 1.2022E-08 1.2226E-08 1.2442E-08 1.2632E-08 1.2786E-08 1.2935E-08 1.3068E-08 1.3180E-08 1.3273E-08 1.3345E-08 1.3395E-08 1.3420E-08 1.3422E-08 1.3399E-08 1.3354E-08 1.3287E-08 1.3199E-08 1.3092E-08 1.2966E-08 1.2819E-08 1.2653E-08 1.2472E-08 1.2281E-08 1.2071E-08 1.1571E-08 1.1362E-08 1.1146E-08 1.0928E-08 1.0718E-08 1.0508E-08 1.0029E-08 9.8555E-09
5.3800E-09 5.5862E-09 5.7863E-09 6.0635E-09 6.3201E-09 6.5427E-09 6.8257E-09 7.0605E-09 7.2971E-09 7.5334E-09 7.7697E-09 8.0047E-09 8.2382E-09 8.4688E-09 8.6951E-09 8.9169E-09 9.1342E-09 9.3461E-09 9.5520E-09 9.7511E-09 9.9426E-09 1.0126E-08 1.0300E-08 1.0797E-08 1.0990E-08 1.1157E-08 1.1322E-08 1.1477E-08 1.1926E-08 1.2062E-08 1.2206E-08 1.2329E-08 1.2430E-08 1.2511E-08 1.2569E-08 1.2609E-08 1.2628E-08 1.2627E-08 1.2604E-08 1.2561E-08 1.2501E-08 1.2422E-08 1.2325E-08 1.2209E-08 1.2071E-08 1.1622E-08 1.1479E-08 1.1325E-08 1.1159E-08 1.0984E-08 1.0810E-08 1.0629E-08 1.0447E-08 1.0265E-08 9.8325E-09 9.6732E-09 9.5107E-09
5.2329E-09 5.4273E-09 5.6276E-09 5.8531E-09 6.0976E-09 6.3514E-09 6.5651E-09 6.8448E-09 7.0686E-09 7.2941E-09 7.5172E-09 7.7407E-09 7.9607E-09 8.1788E-09 8.3924E-09 8.6023E-09 8.8076E-09 9.0079E-09 9.2025E-09 9.3904E-09 9.5714E-09 9.7446E-09 9.9094E-09 1.0065E-08 1.0212E-08 1.0659E-08 1.0814E-08 1.0950E-08 1.1064E-08 1.1177E-08 1.1279E-08 1.1364E-08 1.1435E-08 1.1489E-08 1.1534E-08 1.1878E-08 1.1896E-08 1.1895E-08 1.1876E-08 1.1536E-08 1.1487E-08 1.1424E-08 1.1347E-08 1.1254E-08 1.1147E-08 1.1031E-08 1.0911E-08 1.0778E-08 1.0633E-08 1.0484E-08 1.0332E-08 9.9035E-09 9.7669E-09 9.6257E-09 9.4805E-09 9.3317E-09 9.1800E-09
5.0898E-09 5.2787E-09 5.4618E-09 5.6569E-09 5.9172E-09 6.1142E-09 6.3699E-09 6.5746E-09 6.8485E-09 7.0615E-09 7.2742E-09 7.4850E-09 7.6944E-09 7.8997E-09 8.1020E-09 8.3005E-09 8.4947E-09 8.6841E-09 8.8680E-09 9.0457E-09 9.2168E-09 9.3805E-09 9.5363E-09 9.6836E-09 9.8179E-09 9.9426E-09 1.0058E-08 1.0159E-08 1.0562E-08 1.0666E-08 1.0755E-08 1.0831E-08 1.0891E-08 1.0936E-08 1.0971E-08 1.0992E-08 1.1001E-08 1.0997E-08 1.0979E-08 1.0949E-08 1.0906E-08 1.0852E-08 1.0787E-08 1.0707E-08 1.0617E-08 1.0517E-08 1.0408E-08 1.0290E-08 9.8879E-09 9.7768E-09 9.6599E-09 9.5375E-09 9.4103E-09 9.2788E-09 9.1434E-09 9.0046E-09 8.8636E-09
4.9462E-09 5.1267E-09 5.3132E-09 5.4878E-09 5.7110E-09 5.9359E-09 6.1236E-09 6.3751E-09 6.5701E-09 6.8373E-09 7.0393E-09 7.2391E-09 7.4370E-09 7.6316E-09 7.8231E-09 8.0111E-09 8.1950E-09 8.3742E-09 8.5481E-09 8.7162E-09 8.8780E-09 9.0328E-09 9.1801E-09 9.3156E-09 9.4423E-09 9.5603E-09 9.6653E-09 9.7612E-09 9.8475E-09 9.9217E-09 9.9870E-09 1.0043E-08 1.0379E-08 1.0421E-08 1.0451E-08 1.0470E-08 1.0478E-08 1.0474E-08 1.0458E-08 1.0431E-08 1.0392E-08 1.0344E-08 1.0285E-08 1.0217E-08 9.8622E-09 9.7856E-09 9.7016E-09 9.6108E-09 9.5135E-09 9.4104E-09 9.3017E-09 9.1879E-09 9.0696E-09 8.9472E-09 8.8210E-09 8.6921E-09 8.5612E-09
4.8095E-09 4.9852E-09 5.1543E-09 5.3364E-09 5.5386E-09 5.7123E-09 5.9429E-09 6.1211E-09 6.3637E-09 6.5518E-09 6.7338E-09 7.0025E-09 7.1895E-09 7.3740E-09 7.5556E-09 7.7337E-09 7.9078E-09 8.0775E-09 8.2422E-09 8.4013E-09 8.5544E-09 8.7009E-09 8.8366E-09 8.9643E-09 9.0843E-09 9.1921E-09 9.2914E-09 9.3819E-09 9.4605E-09 9.5306E-09 9.5917E-09 9.6421E-09 9.6839E-09 9.7171E-09 9.7416E-09 9.7566E-09 9.7623E-09 9.7581E-09 9.7442E-09 9.7208E-09 9.6887E-09 9.6482E-09 9.5998E-09 9.5434E-09 9.4796E-09 9.4087E-09 9.3309E-09 9.2468E-09 9.1567E-09 9.0609E-09 8.9600E-09 8.8543E-09 8.7443E-09 8.6303E-09 8.5133E-09 8.3938E-09 8.2720E-09
4.6729E-09 4.8424E-09 5.0134E-09 5.1731E-09 5.3460E-09 5.5474E-09 5.7103E-09 5.9375E-09 6.1058E-09 6.2724E-09 6.5198E-09 6.6913E-09 6.8595E-09 7.1267E-09 7.2989E-09 7.4678E-09 7.6328E-09 7.7936E-09 7.9496E-09 8.1004E-09 8.2453E-09 8.3805E-09 8.5085E-09 8.6295E-09 8.7393E-09 8.8413E-09 8.9351E-09 9.0174E-09 9.0918E-09 9.1576E-09 9.2129E-09 9.2604E-09 9.3000E-09 9.3314E-09 9.3545E-09 9.3690E-09 9.3746E-09 9.3709E-09 9.3586E-09 9.3373E-09 9.3079E-09 9.2709E-09 9.2263E-09 9.1744E-09 9.1155E-09 9.0499E-09 8.9780E-09 8.9002E-09 8.8166E-09 8.7278E-09 8.6342E-09 8.5360E-09 8.4337E-09 8.3281E-09 8.2199E-09 8.1090E-09 7.9958E-09
4.5452E-09 4.7032E-09 4.8606E-09 5.0297E-09 5.1822E-09 5.3357E-09 5.5449E-09 5.6986E-09 5.9118E-09 6.0795E-09 6.2359E-09 6.4701E-09 6.6366E-09 6.7938E-09 7.0526E-09 7.2129E-09 7.3695E-09 7.5219E-09 7.6699E-09 7.8126E-09 7.9468E-09 8.0743E-09 8.1956E-09 8.3066E-09 8.4104E-09 8.5069E-09 8.5924E-09 8.6703E-09 8.7403E-09 8.7999E-09 8.8522E-09 8.8971E-09 8.9346E-09 8.9643E-09 8.9863E-09 9.0003E-09 9.0058E-09 9.0030E-09 8.9919E-09 8.9726E-09 8.9461E-09 8.9121E-09 8.8712E-09 8.8234E-09 8.7691E-09 8.7086E-09 8.6422E-09 8.5702E-09 8.4928E-09 8.4106E-09 8.3237E-09 8.2326E-09 8.1379E-09 8.0404E-09 7.9400E-09 7.8370E-09 7.7320E-09
4.4161E-09 4.5719E-09 4.7242E-09 4.8695E-09 5.0291E-09 5.1809E-09 5.3241E-09 5.5283E-09 5.6766E-09 5.8193E-09 6.0374E-09 6.1880E-09 6.3312E-09 6.5662E-09 6.7182E-09 6.8614E-09 7.1172E-09 7.2619E-09 7.4022E-09 7.5347E-09 7.6612E-09 7.7821E-09 7.8937E-09 7.9986E-09 8.0971E-09 8.1850E-09 8.2660E-09 8.3395E-09 8.4029E-09 8.4593E-09 8.5089E-09 8.5515E-09 8.5869E-09 8.6152E-09 8.6363E-09 8.6497E-09 8.6555E-09 8.6533E-09 8.6435E-09 8.6263E-09 8.6021E-09 8.5711E-09 8.5336E-09 8.4898E-09 8.4398E-09 8.3841E-09 8.3227E-09 8.2561E-09 8.1847E-09 8.1085E-09 8.0279E-09 7.9436E-09 7.8564E-09 7.7661E-09 7.6730E-09 7.5776E-09 7.4800E-09
4.2998E-09 4.4408E-09 4.5840E-09 4.7355E-09 4.8741E-09 5.0135E-09 5.1697E-09 5.3049E-09 5.4926E-09 5.6419E-09 5.7776E-09 5.9829E-09 6.1264E-09 6.2642E-09 6.4916E-09 6.6281E-09 6.7653E-09 6.8951E-09 7.1435E-09 7.2684E-09 7.3885E-09 7.5001E-09 7.6055E-09 7.7051E-09 7.7949E-09 7.8783E-09 7.9548E-09 8.0215E-09 8.0816E-09 8.1352E-09 8.1822E-09 8.2226E-09 8.2564E-09 8.2834E-09 8.3035E-09 8.3166E-09 8.3226E-09 8.3210E-09 8.3126E-09 8.2972E-09 8.2754E-09 8.2472E-09 8.2129E-09 8.1727E-09 8.1268E-09 8.0755E-09 8.0189E-09 7.9575E-09 7.8913E-09 7.8207E-09 7.7464E-09 7.6690E-09 7.5882E-09 7.5046E-09 7.4185E-09 7.3293E-09 7.2319E-09
4.1773E-09 4.3212E-09 4.4570E-09 4.5903E-09 4.7368E-09 4.8695E-09 5.0002E-09 5.1423E-09 5.2760E-09 5.3999E-09 5.5935E-09 5.7240E-09 5.8488E-09 6.0554E-09 6.1844E-09 6.3090E-09 6.5358E-09 6.6578E-09 6.7795E-09 6.8962E-09 7.0034E-09 7.2306E-09 7.3307E-09 7.4219E-09 7.5071E-09 7.5860E-09 7.6555E-09 7.7188E-09 7.7759E-09 7.8268E-09 7.8715E-09 7.9099E-09 7.9421E-09 7.9679E-09 7.9874E-09 8.0001E-09 8.0063E-09 8.0056E-09 7.9983E-09 7.9847E-09 7.9651E-09 7.9396E-09 7.9083E-09 7.8715E-09 7.8294E-09 7.7821E-09 7.7301E-09 7.6733E-09 7.6122E-09 7.5471E-09 7.4790E-09 7.4074E-09 7.3327E-09 7.2543E-09 7.1667E-09 7.0743E-09 6.9756E-09
4.0677E-09 4.1974E-09 4.3286E-09 4.4637E-09 4.5911E-09 4.7174E-09 4.8565E-09 4.9794E-09 5.1015E-09 5.2320E-09 5.3527E-09 5.5360E-09 5.6607E-09 5.7779E-09 5.9803E-09 6.0974E-09 6.2139E-09 6.3240E-09 6.5487E-09 6.6546E-09 6.7562E-09 6.8553E-09 6.9449E-09 7.1498E-09 7.2308E-09 7.3028E-09 7.3694E-09 7.4297E-09 7.4848E-09 7.5333E-09 7.5759E-09 7.6125E-09 7.6423E-09 7.6680E-09 7.6869E-09 7.6995E-09 7.7059E-09 7.7060E-09 7.6999E-09 7.6880E-09 7.6704E-09 7.6473E-09 7.6189E-09 7.5853E-09 7.5467E-09 7.5033E-09 7.4554E-09 7.4030E-09 7.3468E-09 7.2874E-09 7.2243E-09 7.1533E-09 7.0754E-09 6.9940E-09 6.9101E-09 6.8239E-09 6.6260E-09
3.9584E-09 4.0866E-09 4.2096E-09 4.3315E-09 4.4625E-09 4.5836E-09 4.7032E-09 4.8289E-09 4.9505E-09 5.0639E-09 5.1822E-09 5.2942E-09 5.4016E-09 5.5879E-09 5.6998E-09 5.8049E-09 6.0055E-09 6.1107E-09 6.2141E-09 6.3118E-09 6.5218E-09 6.6120E-09 6.6951E-09 6.7739E-09 6.8467E-09 6.9123E-09 6.9729E-09 7.1501E-09 7.2020E-09 7.2479E-09 7.2884E-09 7.3233E-09 7.3536E-09 7.3777E-09 7.3965E-09 7.4102E-09 7.4174E-09 7.4191E-09 7.4147E-09 7.4051E-09 7.3897E-09 7.3696E-09 7.3440E-09 7.3133E-09 7.2781E-09 7.2383E-09 7.1936E-09 7.1428E-09 7.0868E-09 7.0265E-09 6.9599E-09 6.8902E-09 6.8195E-09 6.6311E-09 6.5643E-09 6.4937E-09 6.4216E-09
3.8556E-09 3.9748E-09 4.0947E-09 4.2142E-09 4.3299E-09 4.4452E-09 4.5688E-09 4.6817E-09 4.7925E-09 4.9081E-09 5.0179E-09 5.1226E-09 5.2313E-09 5.3314E-09 5.5090E-09 5.6105E-09 5.7112E-09 5.8056E-09 6.0050E-09 6.0964E-09 6.1847E-09 6.2677E-09 6.3439E-09 6.5302E-09 6.5985E-09 6.6604E-09 6.7171E-09 6.7693E-09 6.8167E-09 6.8587E-09 6.8955E-09 6.9271E-09 7.0751E-09 7.0990E-09 7.1184E-09 7.1314E-09 7.1395E-09 7.1422E-09 7.1395E-09 7.1322E-09 7.1193E-09 7.1002E-09 7.0756E-09 7.0459E-09 7.0107E-09 6.9706E-09 6.9258E-09 6.8775E-09 6.7063E-09 6.6545E-09 6.6017E-09 6.5422E-09 6.4843E-09 6.4217E-09 6.3583E-09 6.2890E-09 6.2178E-09
3.7427E-09 3.8645E-09 3.9842E-09 4.0958E-09 4.2111E-09 4.3210E-09 4.4299E-09 4.5413E-09 4.6528E-09 4.7570E-09 4.8612E-09 4.9637E-09 5.0627E-09 5.1599E-09 5.2547E-09 5.3443E-09 5.5221E-09 5.6112E-09 5.6978E-09 5.7815E-09 5.9730E-09 6.0513E-09 6.1212E-09 6.1882E-09 6.2503E-09 6.3068E-09 6.4741E-09 6.5233E-09 6.5684E-09 6.6089E-09 6.6439E-09 6.6751E-09 6.7004E-09 6.7220E-09 6.7393E-09 6.7513E-09 6.7597E-09 6.7613E-09 6.7585E-09 6.7500E-09 6.7370E-09 6.7193E-09 6.6969E-09 6.6707E-09 6.6407E-09 6.6076E-09 6.5698E-09 6.5294E-09 6.4859E-09 6.4360E-09 6.3855E-09 6.3268E-09 6.2714E-09 6.2110E-09 6.1483E-09 6.0796E-09 5.9097E-09
3.6445E-09 3.7574E-09 3.8657E-09 3.9808E-09 4.0927E-09 4.1972E-09 4.3061E-09 4.4089E-09 4.5105E-09 4.6134E-09 4.7137E-09 4.8090E-09 4.9047E-09 4.9966E-09 5.0838E-09 5.1716E-09 5.2561E-09 5.3351E-09 5.5112E-09 5.5897E-09 5.6663E-09 5.7353E-09 5.7973E-09 5.9719E-09 6.0307E-09 6.0846E-09 6.1342E-09 6.1797E-09 6.2205E-09 6.2566E-09 6.4041E-09 6.4338E-09 6.4587E-09 6.4790E-09 6.4947E-09 6.5061E-09 6.5140E-09 6.5169E-09 6.5153E-09 6.5093E-09 6.4991E-09 6.4851E-09 6.4672E-09 6.4462E-09 6.4176E-09 6.3857E-09 6.3499E-09 6.3058E-09 6.2559E-09 6.2124E-09 6.1659E-09 6.1147E-09 5.9543E-09 5.9033E-09 5.8508E-09 5.7868E-09 5.7354E-09
3.5297E-09 3.6464E-09 3.7620E-09 3.8651E-09 3.9707E-09 4.0788E-09 4.1773E-09 4.2822E-09 4.3830E-09 4.4776E-09 4.5705E-09 4.6624E-09 4.7547E-09 4.8410E-09 4.9258E-09 5.0081E-09 5.0863E-09 5.1617E-09 5.2371E-09 5.3063E-09 5.4802E-09 5.5435E-09 5.6033E-09 5.6624E-09 5.7158E-09 5.7646E-09 5.9220E-09 5.9656E-09 6.0041E-09 6.0380E-09 6.0682E-09 6.0958E-09 6.1183E-09 6.1374E-09 6.1517E-09 6.1625E-09 6.1705E-09 6.1739E-09 6.2875E-09 6.2837E-09 6.2747E-09 6.2587E-09 6.2388E-09 6.2149E-09 6.0707E-09 6.0344E-09 6.0051E-09 5.9740E-09 5.9413E-09 5.9049E-09 5.8673E-09 5.8235E-09 5.7700E-09 5.7191E-09 5.6713E-09 5.6186E-09 5.5637E-09
3.4319E-09 3.5358E-09 3.6377E-09 3.7552E-09 3.8592E-09 3.9590E-09 4.0539E-09 4.1509E-09 4.2498E-09 4.3410E-09 4.4388E-09 4.5267E-09 4.6111E-09 4.6937E-09 4.7747E-09 4.8533E-09 4.9281E-09 5.0012E-09 5.0697E-09 5.1356E-09 5.1991E-09 5.2574E-09 5.4192E-09 5.4750E-09 5.5262E-09 5.5733E-09 5.6177E-09 5.6565E-09 5.6922E-09 5.8338E-09 5.8634E-09 5.8893E-09 5.9106E-09 5.9296E-09 5.9446E-09 5.9556E-09 5.9619E-09 5.9654E-09 5.9632E-09 5.9576E-09 5.9473E-09 5.9333E-09 5.9053E-09 5.8891E-09 5.8704E-09 5.8491E-09 5.8231E-09 5.7949E-09 5.7639E-09 5.7252E-09 5.6749E-09 5.6308E-09 5.5902E-09 5.5449E-09 5.4973E-09 5.3452E-09 5.2918E-09
3.3289E-09 3.4368E-09 3.5356E-09 3.6302E-09 3.7301E-09 3.8422E-09 3.9395E-09 4.0322E-09 4.1199E-09 4.2089E-09 4.2924E-09 4.3826E-09 4.4706E-09 4.5506E-09 4.6269E-09 4.7070E-09 4.7784E-09 4.8467E-09 4.9126E-09 4.9769E-09 5.0370E-09 5.0918E-09 5.1463E-09 5.1973E-09 5.2427E-09 5.3910E-09 5.4338E-09 5.4708E-09 5.5044E-09 5.5350E-09 5.5622E-09 5.5858E-09 5.6044E-09 5.6214E-09 5.7416E-09 5.7503E-09 5.7559E-09 5.7476E-09 5.7493E-09 5.7443E-09 5.7407E-09 5.7325E-09 5.7228E-09 5.7092E-09 5.6895E-09 5.6671E-09 5.6412E-09 5.5966E-09 5.5588E-09 5.5277E-09 5.3878E-09 5.3543E-09 5.3207E-09 5.2858E-09 5.2377E-09 5.1918E-09 5.1477E-09
3.2329E-09 3.3314E-09 3.4271E-09 3.5335E-09 3.6236E-09 3.7157E-09 3.8031E-09 3.9028E-09 3.9949E-09 4.0801E-09 4.1667E-09 4.2480E-09 4.3242E-09 4.4009E-09 4.4761E-09 4.5567E-09 4.6279E-09 4.6927E-09 4.7603E-09 4.8204E-09 4.8754E-09 4.9301E-09 4.9829E-09 5.0302E-09 5.0747E-09 5.1163E-09 5.1551E-09 5.1888E-09 5.3206E-09 5.3473E-09 5.3719E-09 5.3877E-09 5.4071E-09 5.4245E-09 5.4378E-09 5.4453E-09 5.4538E-09 5.4587E-09 5.4611E-09 5.4600E-09 5.4554E-09 5.4464E-09 5.4338E-09 5.4108E-09 5.3926E-09 5.3585E-09 5.3395E-09 5.3190E-09 5.2969E-09 5.2710E-09 5.2440E-09 5.2149E-09 5.1651E-09 5.1227E-09 5.0868E-09 5.0490E-09 5.0071E-09
3.1421E-09 3.2393E-09 3.3276E-09 3.4211E-09 3.5102E-09 3.6029E-09 3.6956E-09 3.7827E-09 3.8671E-09 3.9466E-09 4.0382E-09 4.1216E-09 4.1954E-09 4.2668E-09 4.3416E-09 4.4081E-09 4.4721E-09 4.5372E-09 4.5984E-09 4.6551E-09 4.7167E-09 4.7693E-09 4.8185E-09 4.8636E-09 4.9060E-09 4.9458E-09 4.9834E-09 5.0170E-09 5.0462E-09 5.0739E-09 5.0940E-09 5.1145E-09 5.1332E-09 5.2532E-09 5.2673E-09 5.2776E-09 5.2862E-09 5.2889E-09 5.2819E-09 5.2785E-09 5.2737E-09 5.2591E-09 5.2449E-09 5.2365E-09 5.2250E-09 5.2117E-09 5.1941E-09 5.1759E-09 5.1527E-09 5.1238E-09 5.0761E-09 5.0429E-09 5.0129E-09 4.9810E-09 4.8446E-09 4.8139E-09 4.7648E-09
3.0544E-09 3.1474E-09 3.2351E-09 3.3249E-09 3.4115E-09 3.4939E-09 3.5786E-09 3.6681E-09 3.7465E-09 3.8315E-09 3.9065E-09 3.9824E-09 4.0533E-09 4.1356E-09 4.2098E-09 4.2743E-09 4.3400E-09 4.3994E-09 4.4562E-09 4.5103E-09 4.5695E-09 4.6203E-09 4.6674E-09 4.7116E-09 4.7523E-09 4.7905E-09 4.8255E-09 4.8582E-09 4.8869E-09 4.9126E-09 4.9361E-09 4.9554E-09 4.9710E-09 4.9860E-09 4.9961E-09 4.9954E-09 4.9998E-09 5.0047E-09 5.0047E-09 5.0023E-09 5.0014E-09 5.1017E-09 5.0961E-09 5.0875E-09 5.0742E-09 5.0585E-09 4.9308E-09 4.9000E-09 4.8729E-09 4.8536E-09 4.8330E-09 4.8093E-09 4.7869E-09 4.7508E-09 4.7165E-09 4.6729E-09 4.6404E-09
2.9678E-09 3.0532E-09 3.1375E-09 3.2222E-09 3.3092E-09 3.3926E-09 3.4792E-09 3.5563E-09 3.6350E-09 3.7090E-09 3.7922E-09 3.8628E-09 3.9314E-09 4.0037E-09 4.0681E-09 4.1303E-09 4.2028E-09 4.2604E-09 4.3255E-09 4.3782E-09 4.4282E-09 4.4783E-09 4.5230E-09 4.5649E-09 4.6025E-09 4.6346E-09 4.6696E-09 4.7006E-09 4.7295E-09 4.7558E-09 4.7785E-09 4.7994E-09 4.8178E-09 4.8333E-09 4.8427E-09 4.8494E-09 4.8575E-09 4.8634E-09 4.8668E-09 4.8678E-09 4.8643E-09 4.8587E-09 4.8437E-09 4.8337E-09 4.8124E-09 4.7949E-09 4.7833E-09 4.7705E-09 4.7562E-09 4.7378E-09 4.7078E-09 4.6859E-09 4.6480E-09 4.6139E-09 4.5908E-09 4.5641E-09 4.5381E-09
