Assets/Resources/2015_m01_d01_1800(utc+0800)_l00_csi_1hr_conc.grd
DSAA
         159         159
     -79.000      79.000
     -79.000      79.000
  0.0000E+00  0.2755E-05
[rows 50 to 74 of 159, columns 57 to 113 of 159]
0.0000E+00 0.0000E+00 0.0000E+00 0.0000E+00 0.0000E+00 0.0000E+00 0.0000E+00 0.0000E+00 0.0000E+00 0.0000E+00 0.0000E+00 0.0000E+00 0.0000E+00 0.0000E+00 0.0000E+00 0.0000E+00 0.0000E+00 0.0000E+00 0.0000E+00 0.0000E+00 0.0000E+00 0.0000E+00 0.0000E+00 0.0000E+00 0.0000E+00 0.0000E+00 0.0000E+00 0.0000E+00 0.0000E+00 4.3445E-12 2.3544E-11 4.5909E-11 6.5198E-11 9.1665E-11 1.0627E-10 1.2545E-10 1.7068E-10 1.9668E-10 2.2605E-10 2.5911E-10 3.3758E-10 4.2897E-10 4.8951E-10 5.7510E-10 6.7872E-10 7.6740E-10 8.8191E-10 9.9812E-10 1.1289E-09 1.2580E-09 1.3966E-09 1.5447E-09 1.7019E-09 1.8680E-09 2.0303E-09 2.2120E-09 2.4011E-09
0.0000E+00 0.0000E+00 0.0000E+00 0.0000E+00 0.0000E+00 0.0000E+00 0.0000E+00 0.0000E+00 0.0000E+00 0.0000E+00 0.0000E+00 0.0000E+00 0.0000E+00 0.0000E+00 0.0000E+00 0.0000E+00 0.0000E+00 0.0000E+00 0.0000E+00 0.0000E+00 0.0000E+00 0.0000E+00 0.0000E+00 0.0000E+00 0.0000E+00 0.0000E+00 0.0000E+00 0.0000E+00 0.0000E+00 4.3034E-12 2.7239E-11 5.2330E-11 7.4855E-11 9.4907E-11 1.1240E-10 1.3013E-10 1.7738E-10 2.0456E-10 2.3529E-10 2.6990E-10 3.9337E-10 4.5350E-10 5.4875E-10 6.4761E-10 7.3531E-10 8.5019E-10 9.7458E-10 1.0991E-09 1.2298E-09 1.3707E-09 1.5217E-09 1.6828E-09 1.8536E-09 2.0339E-09 2.2229E-09 2.4040E-09 2.6080E-09
0.0000E+00 0.0000E+00 0.0000E+00 0.0000E+00 0.0000E+00 0.0000E+00 0.0000E+00 0.0000E+00 0.0000E+00 0.0000E+00 0.0000E+00 0.0000E+00 0.0000E+00 0.0000E+00 0.0000E+00 0.0000E+00 0.0000E+00 0.0000E+00 0.0000E+00 0.0000E+00 0.0000E+00 0.0000E+00 0.0000E+00 0.0000E+00 0.0000E+00 0.0000E+00 0.0000E+00 0.0000E+00 0.0000E+00 1.1151E-11 2.9530E-11 5.3946E-11 8.0962E-11 9.8197E-11 1.1638E-10 1.4495E-10 1.8415E-10 2.1253E-10 2.4463E-10 3.2032E-10 4.2409E-10 5.1782E-10 6.1362E-10 7.0327E-10 8.1867E-10 9.4405E-10 1.0798E-09 1.2009E-09 1.3438E-09 1.4977E-09 1.6625E-09 1.8380E-09 2.0237E-09 2.2193E-09 2.4241E-09 2.6372E-09 2.8373E-09
0.0000E+00 0.0000E+00 0.0000E+00 0.0000E+00 0.0000E+00 0.0000E+00 0.0000E+00 0.0000E+00 0.0000E+00 0.0000E+00 0.0000E+00 0.0000E+00 0.0000E+00 0.0000E+00 0.0000E+00 0.0000E+00 0.0000E+00 0.0000E+00 0.0000E+00 0.0000E+00 0.0000E+00 0.0000E+00 0.0000E+00 0.0000E+00 0.0000E+00 0.0000E+00 0.0000E+00 0.0000E+00 0.0000E+00 1.2434E-11 3.4323E-11 6.1162E-11 8.2196E-11 1.0152E-10 1.2040E-10 1.6145E-10 1.9095E-10 2.2054E-10 2.5404E-10 3.5798E-10 4.6584E-10 5.5893E-10 6.6528E-10 7.8282E-10 9.1234E-10 1.0515E-09 1.1720E-09 1.3169E-09 1.4735E-09 1.6418E-09 1.8217E-09 2.0130E-09 2.2150E-09 2.4272E-09 2.6488E-09 2.8551E-09 3.0923E-09
0.0000E+00 0.0000E+00 0.0000E+00 0.0000E+00 0.0000E+00 0.0000E+00 0.0000E+00 0.0000E+00 0.0000E+00 0.0000E+00 0.0000E+00 0.0000E+00 0.0000E+00 0.0000E+00 0.0000E+00 0.0000E+00 0.0000E+00 0.0000E+00 0.0000E+00 0.0000E+00 0.0000E+00 0.0000E+00 0.0000E+00 0.0000E+00 0.0000E+00 0.0000E+00 0.0000E+00 0.0000E+00 3.4561E-12 1.1328E-11 3.9317E-11 6.3465E-11 8.5044E-11 1.0335E-10 1.2444E-10 1.6709E-10 1.9774E-10 2.5000E-10 3.4024E-10 4.3687E-10 5.0525E-10 6.2725E-10 7.4479E-10 8.7516E-10 1.0175E-09 1.1410E-09 1.2906E-09 1.4498E-09 1.6216E-09 1.8059E-09 2.0024E-09 2.2108E-09 2.4303E-09 2.6604E-09 2.8729E-09 3.1206E-09 3.3757E-09
0.0000E+00 0.0000E+00 0.0000E+00 0.0000E+00 0.0000E+00 0.0000E+00 0.0000E+00 0.0000E+00 0.0000E+00 0.0000E+00 0.0000E+00 0.0000E+00 0.0000E+00 0.0000E+00 0.0000E+00 0.0000E+00 0.0000E+00 0.0000E+00 0.0000E+00 0.0000E+00 0.0000E+00 0.0000E+00 0.0000E+00 0.0000E+00 0.0000E+00 0.0000E+00 0.0000E+00 0.0000E+00 7.1006E-12 1.9664E-11 4.2659E-11 6.7162E-11 8.5840E-11 1.0673E-10 1.2845E-10 1.7629E-10 2.2762E-10 3.1312E-10 3.6405E-10 4.7041E-10 5.6441E-10 6.9446E-10 8.2242E-10 9.4682E-10 1.1055E-09 1.2578E-09 1.4238E-09 1.6035E-09 1.7921E-09 1.9939E-09 2.2085E-09 2.4354E-09 2.6736E-09 2.8917E-09 3.1500E-09 3.4167E-09 3.6904E-09
0.0000E+00 0.0000E+00 0.0000E+00 0.0000E+00 0.0000E+00 0.0000E+00 0.0000E+00 0.0000E+00 0.0000E+00 0.0000E+00 0.0000E+00 0.0000E+00 0.0000E+00 0.0000E+00 0.0000E+00 0.0000E+00 0.0000E+00 0.0000E+00 0.0000E+00 0.0000E+00 0.0000E+00 0.0000E+00 0.0000E+00 0.0000E+00 0.0000E+00 0.0000E+00 0.0000E+00 0.0000E+00 1.0696E-11 2.0937E-11 4.4571E-11 6.9682E-11 8.8727E-11 1.0851E-10 1.5463E-10 2.0640E-10 2.8683E-10 3.3521E-10 4.3619E-10 5.2660E-10 6.5049E-10 7.5311E-10 8.9113E-10 1.0472E-09 1.2004E-09 1.3685E-09 1.5496E-09 1.7456E-09 1.9560E-09 2.1770E-09 2.4102E-09 2.7011E-09 2.9639E-09 3.2321E-09 3.5093E-09 3.7939E-09 4.0869E-09
0.0000E+00 0.0000E+00 0.0000E+00 0.0000E+00 0.0000E+00 0.0000E+00 0.0000E+00 0.0000E+00 0.0000E+00 0.0000E+00 0.0000E+00 0.0000E+00 0.0000E+00 0.0000E+00 0.0000E+00 0.0000E+00 0.0000E+00 0.0000E+00 0.0000E+00 0.0000E+00 0.0000E+00 0.0000E+00 0.0000E+00 0.0000E+00 0.0000E+00 0.0000E+00 0.0000E+00 3.4846E-12 1.1329E-11 2.9730E-11 4.7868E-11 6.9988E-11 8.9505E-11 1.3595E-10 1.9023E-10 2.7285E-10 3.2087E-10 4.1861E-10 5.0783E-10 6.1100E-10 7.3095E-10 8.6961E-10 1.0253E-09 1.1762E-09 1.3437E-09 1.5305E-09 1.7333E-09 1.9500E-09 2.1814E-09 2.4273E-09 2.7370E-09 3.0101E-09 3.2939E-09 3.5815E-09 3.8774E-09 4.1800E-09 4.4910E-09
0.0000E+00 0.0000E+00 0.0000E+00 0.0000E+00 0.0000E+00 0.0000E+00 0.0000E+00 0.0000E+00 0.0000E+00 0.0000E+00 0.0000E+00 0.0000E+00 0.0000E+00 0.0000E+00 0.0000E+00 0.0000E+00 0.0000E+00 0.0000E+00 0.0000E+00 0.0000E+00 0.0000E+00 0.0000E+00 0.0000E+00 0.0000E+00 0.0000E+00 0.0000E+00 0.0000E+00 7.0314E-12 1.9464E-11 3.1470E-11 4.9958E-11 8.1215E-11 1.4258E-10 1.8225E-10 2.3415E-10 3.2449E-10 4.2140E-10 5.1194E-10 5.7833E-10 6.9620E-10 8.5486E-10 1.0130E-09 1.1668E-09 1.3368E-09 1.5232E-09 1.7262E-09 1.9510E-09 2.1920E-09 2.5021E-09 2.7771E-09 3.0651E-09 3.3636E-09 3.6682E-09 3.9748E-09 4.2887E-09 4.6082E-09 4.9363E-09
0.0000E+00 0.0000E+00 0.0000E+00 0.0000E+00 0.0000E+00 0.0000E+00 0.0000E+00 0.0000E+00 0.0000E+00 0.0000E+00 0.0000E+00 0.0000E+00 0.0000E+00 0.0000E+00 0.0000E+00 0.0000E+00 0.0000E+00 0.0000E+00 0.0000E+00 0.0000E+00 0.0000E+00 0.0000E+00 0.0000E+00 0.0000E+00 0.0000E+00 0.0000E+00 0.0000E+00 7.4050E-12 2.0486E-11 5.3084E-11 8.4484E-11 1.5400E-10 2.0026E-10 2.3272E-10 3.3076E-10 4.3984E-10 5.3586E-10 5.9851E-10 7.2041E-10 8.6018E-10 1.0444E-09 1.1685E-09 1.3435E-09 1.5355E-09 1.7450E-09 1.9718E-09 2.2153E-09 2.5450E-09 2.8324E-09 3.1320E-09 3.4426E-09 3.7633E-09 4.0920E-09 4.4168E-09 4.7474E-09 5.0823E-09 5.4258E-09
0.0000E+00 0.0000E+00 0.0000E+00 0.0000E+00 0.0000E+00 0.0000E+00 0.0000E+00 0.0000E+00 0.0000E+00 0.0000E+00 0.0000E+00 0.0000E+00 0.0000E+00 0.0000E+00 0.0000E+00 0.0000E+00 0.0000E+00 0.0000E+00 0.0000E+00 0.0000E+00 0.0000E+00 0.0000E+00 0.0000E+00 0.0000E+00 0.0000E+00 0.0000E+00 3.3755E-12 1.1122E-11 5.6687E-11 9.7191E-11 1.4820E-10 2.0591E-10 2.6375E-10 3.5874E-10 4.4623E-10 5.9226E-10 6.4756E-10 7.7744E-10 9.2569E-10 1.1159E-09 1.2339E-09 1.4179E-09 1.6189E-09 1.8371E-09 2.0195E-09 2.3436E-09 2.6205E-09 2.9124E-09 3.2210E-09 3.5450E-09 3.8788E-09 4.2198E-09 4.5674E-09 4.9113E-09 5.2574E-09 5.6061E-09 5.9625E-09
0.0000E+00 0.0000E+00 0.0000E+00 0.0000E+00 0.0000E+00 0.0000E+00 0.0000E+00 0.0000E+00 0.0000E+00 0.0000E+00 0.0000E+00 0.0000E+00 0.0000E+00 0.0000E+00 0.0000E+00 0.0000E+00 0.0000E+00 0.0000E+00 0.0000E+00 0.0000E+00 0.0000E+00 0.0000E+00 0.0000E+00 0.0000E+00 0.0000E+00 0.0000E+00 2.7226E-11 5.0289E-11 1.2957E-10 1.9085E-10 2.5185E-10 3.2523E-10 3.7667E-10 4.6819E-10 6.0895E-10 7.4352E-10 8.8972E-10 1.0545E-09 1.2371E-09 1.3567E-09 1.5546E-09 1.7688E-09 1.9989E-09 2.1710E-09 2.4371E-09 2.7255E-09 3.0285E-09 3.2787E-09 3.6127E-09 3.9593E-09 4.3200E-09 4.6871E-09 5.0576E-09 5.4219E-09 5.7877E-09 6.1542E-09 6.5253E-09
0.0000E+00 0.0000E+00 0.0000E+00 0.0000E+00 0.0000E+00 0.0000E+00 0.0000E+00 0.0000E+00 0.0000E+00 0.0000E+00 0.0000E+00 0.0000E+00 0.0000E+00 0.0000E+00 0.0000E+00 0.0000E+00 0.0000E+00 0.0000E+00 0.0000E+00 0.0000E+00 0.0000E+00 0.0000E+00 0.0000E+00 0.0000E+00 0.0000E+00 2.2071E-11 6.7848E-11 1.2210E-10 1.9712E-10 2.5902E-10 3.3745E-10 4.3058E-10 5.5820E-10 7.1146E-10 7.5456E-10 9.1784E-10 1.0931E-09 1.2683E-09 1.4817E-09 1.7162E-09 1.9434E-09 2.1852E-09 2.3241E-09 2.5995E-09 2.8921E-09 3.2063E-09 3.4449E-09 3.7906E-09 4.1477E-09 4.5166E-09 4.8992E-09 5.2877E-09 5.6728E-09 5.9889E-09 6.3726E-09 6.7557E-09 7.1388E-09
0.0000E+00 0.0000E+00 0.0000E+00 0.0000E+00 0.0000E+00 0.0000E+00 0.0000E+00 0.0000E+00 0.0000E+00 0.0000E+00 0.0000E+00 0.0000E+00 0.0000E+00 0.0000E+00 0.0000E+00 0.0000E+00 0.0000E+00 0.0000E+00 0.0000E+00 0.0000E+00 0.0000E+00 0.0000E+00 0.0000E+00 0.0000E+00 2.2819E-11 6.5281E-11 1.6123E-10 2.4772E-10 3.4208E-10 4.4581E-10 4.4732E-10 5.9023E-10 7.4807E-10 9.2542E-10 1.1235E-09 1.3181E-09 1.5421E-09 1.5593E-09 1.8123E-09 2.0589E-09 2.3197E-09 2.5943E-09 2.8819E-09 3.1807E-09 3.4931E-09 3.8165E-09 4.1693E-09 4.5300E-09 4.8989E-09 5.1944E-09 5.5884E-09 5.9781E-09 6.3020E-09 6.6949E-09 7.0833E-09 7.4704E-09 7.8083E-09
0.0000E+00 0.0000E+00 0.0000E+00 0.0000E+00 0.0000E+00 0.0000E+00 0.0000E+00 0.0000E+00 0.0000E+00 0.0000E+00 0.0000E+00 0.0000E+00 0.0000E+00 0.0000E+00 0.0000E+00 0.0000E+00 0.0000E+00 0.0000E+00 0.0000E+00 0.0000E+00 0.0000E+00 0.0000E+00 0.0000E+00 2.2685E-11 6.7101E-11 1.5719E-10 2.4797E-10 3.5989E-10 4.8542E-10 6.3427E-10 8.2083E-10 1.0149E-09 1.2718E-09 1.2027E-09 1.4339E-09 1.6957E-09 1.9691E-09 2.2593E-09 2.5369E-09 2.8188E-09 2.7809E-09 3.0930E-09 3.4155E-09 3.9536E-09 4.2965E-09 4.6186E-09 4.9732E-09 5.3304E-09 5.5935E-09 5.9859E-09 6.3807E-09 6.7648E-09 7.0914E-09 7.4818E-09 7.8684E-09 8.2049E-09 8.5942E-09
0.0000E+00 0.0000E+00 0.0000E+00 0.0000E+00 0.0000E+00 0.0000E+00 0.0000E+00 0.0000E+00 0.0000E+00 0.0000E+00 0.0000E+00 0.0000E+00 0.0000E+00 0.0000E+00 0.0000E+00 0.0000E+00 0.0000E+00 0.0000E+00 0.0000E+00 0.0000E+00 0.0000E+00 0.0000E+00 2.1684E-11 6.6062E-11 1.6083E-10 2.4665E-10 3.5805E-10 5.1011E-10 6.8032E-10 9.0945E-10 1.1439E-09 1.4424E-09 1.7503E-09 2.0990E-09 2.4544E-09 2.1801E-09 2.5170E-09 2.8446E-09 3.1736E-09 3.5009E-09 3.8257E-09 4.4119E-09 5.0109E-09 4.8821E-09 5.1765E-09 5.4967E-09 5.8395E-09 6.1917E-09 6.5297E-09 6.9068E-09 7.2819E-09 7.5840E-09 7.9720E-09 8.3510E-09 8.7270E-09 9.0647E-09 9.4409E-09
0.0000E+00 0.0000E+00 0.0000E+00 0.0000E+00 0.0000E+00 0.0000E+00 0.0000E+00 0.0000E+00 0.0000E+00 0.0000E+00 0.0000E+00 0.0000E+00 0.0000E+00 0.0000E+00 0.0000E+00 0.0000E+00 0.0000E+00 0.0000E+00 0.0000E+00 0.0000E+00 0.0000E+00 1.9928E-11 6.2269E-11 1.5003E-10 2.3558E-10 3.5945E-10 5.1424E-10 7.1464E-10 9.6753E-10 1.2613E-09 1.6203E-09 1.9963E-09 2.4282E-09 2.8889E-09 4.2844E-09 4.7434E-09 5.1188E-09 5.4298E-09 4.7044E-09 4.9835E-09 5.9091E-09 6.1358E-09 6.1965E-09 6.3808E-09 6.5463E-09 6.7879E-09 6.8117E-09 7.1602E-09 7.5162E-09 7.8550E-09 8.2205E-09 8.5820E-09 8.9440E-09 9.2520E-09 9.6218E-09 9.9892E-09 1.0345E-08
0.0000E+00 0.0000E+00 0.0000E+00 0.0000E+00 0.0000E+00 0.0000E+00 0.0000E+00 0.0000E+00 0.0000E+00 0.0000E+00 0.0000E+00 0.0000E+00 0.0000E+00 0.0000E+00 0.0000E+00 0.0000E+00 0.0000E+00 0.0000E+00 0.0000E+00 0.0000E+00 1.0844E-11 4.9481E-11 1.3218E-10 2.1702E-10 3.4070E-10 5.0034E-10 7.1302E-10 9.8347E-10 1.3345E-09 1.7620E-09 2.2277E-09 2.7591E-09 3.3424E-09 3.9647E-09 6.0270E-09 6.5917E-09 7.0474E-09 7.3914E-09 7.6301E-09 7.7742E-09 7.6344E-09 7.7966E-09 7.6677E-09 7.7898E-09 7.8640E-09 8.0542E-09 8.2702E-09 8.5183E-09 8.7896E-09 8.9482E-09 9.2619E-09 9.6078E-09 9.9521E-09 1.0293E-08 1.0632E-08 1.0970E-08 1.1279E-08
0.0000E+00 0.0000E+00 0.0000E+00 0.0000E+00 0.0000E+00 0.0000E+00 0.0000E+00 0.0000E+00 0.0000E+00 0.0000E+00 0.0000E+00 0.0000E+00 0.0000E+00 0.0000E+00 0.0000E+00 0.0000E+00 0.0000E+00 0.0000E+00 0.0000E+00 0.0000E+00 4.2806E-11 1.1700E-10 1.9628E-10 3.0269E-10 4.6614E-10 6.8066E-10 9.7072E-10 1.3524E-09 1.8330E-09 2.3913E-09 3.0411E-09 3.7695E-09 4.5552E-09 7.0143E-09 8.3650E-09 9.0923E-09 9.6428E-09 1.0013E-08 1.0211E-08 9.9017E-09 1.0100E-08 9.7641E-09 9.5771E-09 9.4727E-09 9.4662E-09 9.5215E-09 9.6679E-09 9.8525E-09 1.0069E-08 1.0306E-08 1.0528E-08 1.0809E-08 1.1042E-08 1.1359E-08 1.1673E-08 1.1982E-08 1.2285E-08
0.0000E+00 0.0000E+00 0.0000E+00 0.0000E+00 0.0000E+00 0.0000E+00 0.0000E+00 0.0000E+00 0.0000E+00 0.0000E+00 0.0000E+00 0.0000E+00 0.0000E+00 0.0000E+00 0.0000E+00 0.0000E+00 0.0000E+00 0.0000E+00 0.0000E+00 1.1604E-11 9.8137E-11 1.6250E-10 2.5946E-10 4.1523E-10 6.1777E-10 9.0894E-10 1.3018E-09 1.8015E-09 2.4445E-09 3.2066E-09 4.0872E-09 6.6821E-09 8.0023E-09 1.1701E-08 1.3303E-08 1.4099E-08 1.4518E-08 1.4629E-08 1.4481E-08 1.3377E-08 1.2937E-08 1.2115E-08 1.1759E-08 1.1425E-08 1.1291E-08 1.1244E-08 1.1247E-08 1.1342E-08 1.1481E-08 1.1649E-08 1.1842E-08 1.2035E-08 1.2280E-08 1.2537E-08 1.2800E-08 1.3042E-08 1.3308E-08
0.0000E+00 0.0000E+00 0.0000E+00 0.0000E+00 0.0000E+00 0.0000E+00 0.0000E+00 0.0000E+00 0.0000E+00 0.0000E+00 0.0000E+00 0.0000E+00 0.0000E+00 0.0000E+00 0.0000E+00 0.0000E+00 0.0000E+00 0.0000E+00 0.0000E+00 4.4292E-11 1.2639E-10 2.1674E-10 3.4341E-10 6.5962E-10 1.0169E-09 1.5304E-09 2.2416E-09 3.1936E-09 4.3843E-09 5.8369E-09 7.4974E-09 9.3170E-09 1.3982E-08 1.6596E-08 1.8454E-08 1.9394E-08 1.9770E-08 1.9690E-08 1.9237E-08 1.7161E-08 1.6333E-08 1.4916E-08 1.4281E-08 1.3680E-08 1.3358E-08 1.3143E-08 1.3030E-08 1.2974E-08 1.3012E-08 1.3094E-08 1.3216E-08 1.3367E-08 1.3524E-08 1.3732E-08 1.3948E-08 1.4160E-08 1.4359E-08
0.0000E+00 0.0000E+00 0.0000E+00 0.0000E+00 0.0000E+00 0.0000E+00 0.0000E+00 0.0000E+00 0.0000E+00 0.0000E+00 0.0000E+00 0.0000E+00 0.0000E+00 0.0000E+00 0.0000E+00 0.0000E+00 0.0000E+00 0.0000E+00 1.1201E-11 9.0989E-11 1.6643E-10 3.2709E-10 5.4138E-10 8.6396E-10 1.3383E-09 2.0215E-09 2.9854E-09 4.2809E-09 5.9136E-09 7.9206E-09 1.0237E-08 1.2760E-08 1.9902E-08 2.3156E-08 2.5173E-08 2.6149E-08 2.6402E-08 2.6737E-08 2.4061E-08 2.1876E-08 1.9695E-08 1.8198E-08 1.7001E-08 1.6206E-08 1.5633E-08 1.5218E-08 1.4930E-08 1.4719E-08 1.4639E-08 1.4623E-08 1.4657E-08 1.4731E-08 1.4811E-08 1.4962E-08 1.5121E-08 1.5277E-08 1.5419E-08
0.0000E+00 0.0000E+00 0.0000E+00 0.0000E+00 0.0000E+00 0.0000E+00 0.0000E+00 0.0000E+00 0.0000E+00 0.0000E+00 0.0000E+00 0.0000E+00 0.0000E+00 0.0000E+00 0.0000E+00 0.0000E+00 0.0000E+00 0.0000E+00 4.0911E-11 1.1947E-10 2.4255E-10 4.1711E-10 6.8844E-10 1.1003E-09 1.7103E-09 2.6036E-09 3.8718E-09 5.5903E-09 7.7881E-09 1.3915E-08 1.8153E-08 2.8078E-08 3.3186E-08 3.6365E-08 3.7419E-08 3.7249E-08 3.6988E-08 3.5186E-08 3.0134E-08 2.7162E-08 2.3754E-08 2.1795E-08 2.0112E-08 1.8944E-08 1.8081E-08 1.7422E-08 1.6930E-08 1.6578E-08 1.6329E-08 1.6201E-08 1.6136E-08 1.6123E-08 1.6118E-08 1.6204E-08 1.6298E-08 1.6391E-08 1.6491E-08
0.0000E+00 0.0000E+00 0.0000E+00 0.0000E+00 0.0000E+00 0.0000E+00 0.0000E+00 0.0000E+00 0.0000E+00 0.0000E+00 0.0000E+00 0.0000E+00 0.0000E+00 0.0000E+00 0.0000E+00 0.0000E+00 0.0000E+00 0.0000E+00 4.7855E-11 1.4224E-10 3.0169E-10 5.6044E-10 9.5775E-10 1.5948E-09 2.5947E-09 4.1403E-09 6.4331E-09 1.3732E-08 1.9784E-08 3.4999E-08 4.2746E-08 4.8922E-08 5.3468E-08 5.4750E-08 5.4031E-08 5.1066E-08 4.8223E-08 4.4973E-08 3.6916E-08 3.2727E-08 2.8259E-08 2.5571E-08 2.3384E-08 2.1798E-08 2.0618E-08 1.9685E-08 1.8969E-08 1.8435E-08 1.8036E-08 1.7788E-08 1.7617E-08 1.7509E-08 1.7450E-08 1.7430E-08 1.7452E-08 1.7478E-08 1.7513E-08
0.0000E+00 0.0000E+00 0.0000E+00 0.0000E+00 0.0000E+00 0.0000E+00 0.0000E+00 0.0000E+00 0.0000E+00 0.0000E+00 0.0000E+00 0.0000E+00 0.0000E+00 0.0000E+00 0.0000E+00 0.0000E+00 0.0000E+00 1.1072E-11 9.1908E-11 1.7260E-10 4.3880E-10 8.6385E-10 1.5438E-09 2.7034E-09 4.6570E-09 7.8082E-09 2.0180E-08 3.0358E-08 5.5883E-08 6.7120E-08 7.5656E-08 8.0512E-08 8.2803E-08 7.8887E-08 7.2562E-08 6.6083E-08 6.0919E-08 5.1801E-08 4.4160E-08 3.7458E-08 3.2869E-08 2.9269E-08 2.6686E-08 2.4699E-08 2.3137E-08 2.1919E-08 2.0972E-08 2.0261E-08 1.9706E-08 1.9335E-08 1.9055E-08 1.8851E-08 1.8703E-08 1.8607E-08 1.8554E-08 1.8511E-08 1.8480E-08
