Assets/Resources/2015_m01_d10_0100(utc+0800)_l00_csi_1hr_conc.grd
DSAA
         159         159
     -79.000      79.000
     -79.000      79.000
  0.1892E-08  0.2650E-04
[rows 125 to 149 of 159, columns 57 to 113 of 159]
1.0199E-08 1.0255E-08 1.0311E-08 1.0356E-08 1.0395E-08 1.0425E-08 1.0447E-08 1.0462E-08 1.0469E-08 1.0470E-08 1.0462E-08 1.0439E-08 1.0409E-08 1.0371E-08 1.0321E-08 1.0272E-08 1.0216E-08 1.0155E-08 1.0090E-08 1.0022E-08 9.9473E-09 9.8700E-09 9.7924E-09 9.7075E-09 9.6247E-09 9.5392E-09 9.4471E-09 9.3563E-09 9.2589E-09 9.1591E-09 9.0614E-09 8.9573E-09 8.8514E-09 8.7440E-09 8.6361E-09 8.5317E-09 8.4269E-09 8.3176E-09 8.2004E-09 8.0944E-09 7.9879E-09 7.8812E-09 7.7544E-09 7.6485E-09 7.5340E-09 7.3943E-09 7.2839E-09 7.1813E-09 7.0457E-09 6.9290E-09 6.8272E-09 6.7130E-09 6.5928E-09 6.4906E-09 6.3978E-09 6.2903E-09 6.1773E-09
9.9790E-09 1.0036E-08 1.0087E-08 1.0135E-08 1.0175E-08 1.0208E-08 1.0232E-08 1.0248E-08 1.0258E-08 1.0259E-08 1.0250E-08 1.0231E-08 1.0203E-08 1.0169E-08 1.0128E-08 1.0082E-08 1.0030E-08 9.9665E-09 9.9052E-09 9.8407E-09 9.7694E-09 9.6987E-09 9.6248E-09 9.5440E-09 9.4646E-09 9.3787E-09 9.2941E-09 9.2026E-09 9.1093E-09 9.0172E-09 8.9189E-09 8.8184E-09 8.7161E-09 8.6163E-09 8.5156E-09 8.4104E-09 8.3010E-09 8.1952E-09 8.0928E-09 7.9896E-09 7.8727E-09 7.7619E-09 7.6586E-09 7.5288E-09 7.4093E-09 7.3010E-09 7.1917E-09 7.0664E-09 6.9512E-09 6.8506E-09 6.7377E-09 6.6187E-09 6.5173E-09 6.4253E-09 6.3025E-09 6.2061E-09 6.1185E-09
9.7579E-09 9.8202E-09 9.8715E-09 9.9155E-09 9.9553E-09 9.9904E-09 1.0016E-08 1.0034E-08 1.0045E-08 1.0050E-08 1.0046E-08 1.0030E-08 1.0004E-08 9.9698E-09 9.9320E-09 9.8889E-09 9.8405E-09 9.7828E-09 9.7249E-09 9.6638E-09 9.5966E-09 9.5293E-09 9.4589E-09 9.3814E-09 9.3014E-09 9.2229E-09 9.1384E-09 9.0546E-09 8.9646E-09 8.8718E-09 8.7771E-09 8.6843E-09 8.5894E-09 8.4889E-09 8.3876E-09 8.2820E-09 8.1837E-09 8.0847E-09 7.9813E-09 7.8645E-09 7.7641E-09 7.6544E-09 7.5366E-09 7.4124E-09 7.3136E-09 7.1977E-09 7.0748E-09 6.9663E-09 6.8706E-09 6.7590E-09 6.6329E-09 6.5410E-09 6.4418E-09 6.3281E-09 6.2323E-09 6.1453E-09 6.0515E-09
9.5471E-09 9.6031E-09 9.6583E-09 9.7043E-09 9.7445E-09 9.7790E-09 9.8060E-09 9.8232E-09 9.8356E-09 9.8422E-09 9.8412E-09 9.8279E-09 9.8061E-09 9.7750E-09 9.7403E-09 9.7004E-09 9.6526E-09 9.6015E-09 9.5469E-09 9.4891E-09 9.4251E-09 9.3611E-09 9.2905E-09 9.2169E-09 9.1442E-09 9.0655E-09 8.9877E-09 8.9033E-09 8.8165E-09 8.7314E-09 8.6403E-09 8.5508E-09 8.4553E-09 8.3543E-09 8.2604E-09 8.1657E-09 8.0665E-09 7.9575E-09 7.8577E-09 7.7607E-09 7.6541E-09 7.5180E-09 7.4180E-09 7.3215E-09 7.2080E-09 7.0788E-09 6.9810E-09 6.8868E-09 6.7605E-09 6.6523E-09 6.5616E-09 6.4553E-09 6.3508E-09 6.2559E-09 6.1695E-09 6.0764E-09 5.9920E-09
9.3402E-09 9.3959E-09 9.4468E-09 9.4953E-09 9.5359E-09 9.5709E-09 9.5990E-09 9.6194E-09 9.6311E-09 9.6393E-09 9.6404E-09 9.6279E-09 9.6087E-09 9.5833E-09 9.5516E-09 9.5145E-09 9.4698E-09 9.4219E-09 9.3705E-09 9.3099E-09 9.2523E-09 9.1915E-09 9.1246E-09 9.0574E-09 8.9843E-09 8.9124E-09 8.8338E-09 8.7568E-09 8.6740E-09 8.5883E-09 8.5041E-09 8.4141E-09 8.3220E-09 8.2322E-09 8.1375E-09 8.0421E-09 7.9370E-09 7.8445E-09 7.7512E-09 7.6306E-09 7.5121E-09 7.4186E-09 7.3160E-09 7.1968E-09 7.0837E-09 6.9914E-09 6.8825E-09 6.7748E-09 6.6683E-09 6.5788E-09 6.4739E-09 6.3628E-09 6.2766E-09 6.1911E-09 6.0987E-09 6.0150E-09 5.9320E-09
9.1321E-09 9.1911E-09 9.2417E-09 9.2875E-09 9.3282E-09 9.3648E-09 9.3938E-09 9.4152E-09 9.4302E-09 9.4400E-09 9.4430E-09 9.4331E-09 9.4164E-09 9.3937E-09 9.3627E-09 9.3256E-09 9.2865E-09 9.2418E-09 9.1934E-09 9.1391E-09 9.0845E-09 9.0269E-09 8.9631E-09 8.8953E-09 8.8289E-09 8.7571E-09 8.6858E-09 8.6084E-09 8.5282E-09 8.4497E-09 8.3650E-09 8.2822E-09 8.1934E-09 8.1029E-09 8.0022E-09 7.9140E-09 7.8251E-09 7.7264E-09 7.6028E-09 7.5044E-09 7.4138E-09 7.3056E-09 7.1809E-09 7.0875E-09 6.9975E-09 6.8909E-09 6.7689E-09 6.6806E-09 6.5926E-09 6.4892E-09 6.3795E-09 6.2944E-09 6.2020E-09 6.1183E-09 6.0353E-09 5.9531E-09 5.8715E-09
8.9337E-09 8.9880E-09 9.0381E-09 9.0877E-09 9.1271E-09 9.1628E-09 9.1924E-09 9.2148E-09 9.2310E-09 9.2421E-09 9.2468E-09 9.2390E-09 9.2248E-09 9.2046E-09 9.1760E-09 9.1445E-09 9.1084E-09 9.0667E-09 9.0183E-09 8.9697E-09 8.9182E-09 8.8575E-09 8.8000E-09 8.7390E-09 8.6725E-09 8.6069E-09 8.5350E-09 8.4604E-09 8.3873E-09 8.3085E-09 8.2308E-09 8.1473E-09 8.0524E-09 7.9692E-09 7.8848E-09 7.7904E-09 7.6743E-09 7.5767E-09 7.4907E-09 7.4036E-09 7.2817E-09 7.1740E-09 7.0868E-09 6.9908E-09 6.8786E-09 6.7755E-09 6.6892E-09 6.5866E-09 6.4853E-09 6.3930E-09 6.3091E-09 6.2179E-09 6.1351E-09 6.0530E-09 5.9715E-09 5.8907E-09 5.8106E-09
8.7378E-09 8.7928E-09 8.8425E-09 8.8879E-09 8.9312E-09 8.9654E-09 8.9957E-09 9.0190E-09 9.0346E-09 9.0469E-09 9.0532E-09 9.0500E-09 9.0382E-09 9.0206E-09 8.9943E-09 8.9655E-09 8.9321E-09 8.8911E-09 8.8454E-09 8.7996E-09 8.7510E-09 8.6965E-09 8.6419E-09 8.5807E-09 8.5203E-09 8.4540E-09 8.3888E-09 8.3180E-09 8.2479E-09 8.1721E-09 8.0843E-09 8.0081E-09 7.9295E-09 7.8456E-09 7.7553E-09 7.6349E-09 7.5533E-09 7.4708E-09 7.3703E-09 7.2575E-09 7.1654E-09 7.0811E-09 6.9795E-09 6.8618E-09 6.7779E-09 6.6936E-09 6.5932E-09 6.4859E-09 6.4031E-09 6.3204E-09 6.2306E-09 6.1491E-09 6.0679E-09 5.9873E-09 5.9073E-09 5.8280E-09 5.7494E-09
8.5436E-09 8.5963E-09 8.6492E-09 8.6942E-09 8.7349E-09 8.7708E-09 8.8029E-09 8.8269E-09 8.8452E-09 8.8569E-09 8.8647E-09 8.8636E-09 8.8523E-09 8.8370E-09 8.8128E-09 8.7866E-09 8.7558E-09 8.7174E-09 8.6774E-09 8.6345E-09 8.5857E-09 8.5369E-09 8.4853E-09 8.4268E-09 8.3665E-09 8.3068E-09 8.2412E-09 8.1766E-09 8.0964E-09 8.0274E-09 7.9561E-09 7.8793E-09 7.7910E-09 7.6878E-09 7.6019E-09 7.5240E-09 7.4276E-09 7.3192E-09 7.2316E-09 7.1514E-09 7.0533E-09 6.9468E-09 6.8574E-09 6.7758E-09 6.6775E-09 6.5798E-09 6.4908E-09 6.4096E-09 6.3207E-09 6.2401E-09 6.1598E-09 6.0799E-09 6.0003E-09 5.9213E-09 5.8428E-09 5.7649E-09 5.6878E-09
8.3571E-09 8.4090E-09 8.4574E-09 8.5044E-09 8.5449E-09 8.5810E-09 8.6121E-09 8.6367E-09 8.6558E-09 8.6683E-09 8.6774E-09 8.6783E-09 8.6687E-09 8.6556E-09 8.6364E-09 8.6126E-09 8.5845E-09 8.5486E-09 8.5113E-09 8.4711E-09 8.4224E-09 8.3763E-09 8.3274E-09 8.2723E-09 8.2176E-09 8.1574E-09 8.0886E-09 8.0271E-09 7.9631E-09 7.8938E-09 7.8127E-09 7.7161E-09 7.6359E-09 7.5630E-09 7.4798E-09 7.3842E-09 7.2838E-09 7.2082E-09 7.1316E-09 7.0373E-09 6.9264E-09 6.8482E-09 6.7692E-09 6.6736E-09 6.5706E-09 6.4916E-09 6.4125E-09 6.3254E-09 6.2463E-09 6.1673E-09 6.0887E-09 6.0104E-09 5.9324E-09 5.8549E-09 5.7780E-09 5.7016E-09 5.6258E-09
8.1694E-09 8.2241E-09 8.2718E-09 8.3159E-09 8.3559E-09 8.3931E-09 8.4245E-09 8.4496E-09 8.4694E-09 8.4848E-09 8.4951E-09 8.4979E-09 8.4902E-09 8.4791E-09 8.4623E-09 8.4388E-09 8.4103E-09 8.3796E-09 8.3448E-09 8.3071E-09 8.2640E-09 8.2206E-09 8.1714E-09 8.1134E-09 8.0614E-09 8.0073E-09 7.9476E-09 7.8888E-09 7.8063E-09 7.7257E-09 7.6525E-09 7.5863E-09 7.5088E-09 7.4182E-09 7.3222E-09 7.2512E-09 7.1791E-09 7.0893E-09 6.9909E-09 6.9089E-09 6.8338E-09 6.7415E-09 6.6493E-09 6.5651E-09 6.4884E-09 6.4034E-09 6.3263E-09 6.2489E-09 6.1716E-09 6.0943E-09 6.0173E-09 5.9406E-09 5.8642E-09 5.7883E-09 5.7128E-09 5.6379E-09 5.5636E-09
7.9907E-09 8.0408E-09 8.0876E-09 8.1348E-09 8.1747E-09 8.2106E-09 8.2419E-09 8.2674E-09 8.2866E-09 8.3027E-09 8.3140E-09 8.3186E-09 8.3125E-09 8.3033E-09 8.2886E-09 8.2672E-09 8.2438E-09 8.2155E-09 8.1832E-09 8.1453E-09 8.0996E-09 8.0586E-09 8.0125E-09 7.9657E-09 7.9163E-09 7.8618E-09 7.7904E-09 7.7168E-09 7.6505E-09 7.5911E-09 7.5173E-09 7.4368E-09 7.3549E-09 7.2803E-09 7.2128E-09 7.1276E-09 7.0335E-09 6.9561E-09 6.8857E-09 6.8059E-09 6.7094E-09 6.6286E-09 6.5551E-09 6.4808E-09 6.3983E-09 6.3232E-09 6.2479E-09 6.1723E-09 6.0966E-09 6.0210E-09 5.9456E-09 5.8706E-09 5.7958E-09 5.7214E-09 5.6475E-09 5.5740E-09 5.5012E-09
7.8143E-09 7.8647E-09 7.9109E-09 7.9538E-09 7.9955E-09 8.0312E-09 8.0629E-09 8.0872E-09 8.1083E-09 8.1235E-09 8.1357E-09 8.1417E-09 8.1397E-09 8.1324E-09 8.1198E-09 8.1004E-09 8.0792E-09 8.0465E-09 8.0143E-09 7.9813E-09 7.9458E-09 7.9074E-09 7.8636E-09 7.8034E-09 7.7564E-09 7.6899E-09 7.6303E-09 7.5777E-09 7.5029E-09 7.4378E-09 7.3624E-09 7.2942E-09 7.2325E-09 7.1436E-09 7.0627E-09 6.9897E-09 6.9239E-09 6.8487E-09 6.7729E-09 6.6804E-09 6.6109E-09 6.5403E-09 6.4610E-09 6.3889E-09 6.3161E-09 6.2429E-09 6.1693E-09 6.0954E-09 6.0215E-09 5.9475E-09 5.8738E-09 5.8004E-09 5.7271E-09 5.6543E-09 5.5819E-09 5.5099E-09 5.4385E-09
7.6396E-09 7.6876E-09 7.7364E-09 7.7786E-09 7.8175E-09 7.8529E-09 7.8855E-09 7.9119E-09 7.9335E-09 7.9509E-09 7.9622E-09 7.9697E-09 7.9695E-09 7.9563E-09 7.9455E-09 7.9303E-09 7.9111E-09 7.8875E-09 7.8574E-09 7.8268E-09 7.7791E-09 7.7430E-09 7.6880E-09 7.6379E-09 7.5907E-09 7.5442E-09 7.4716E-09 7.4044E-09 7.3441E-09 7.2909E-09 7.2355E-09 7.1535E-09 7.0781E-09 7.0099E-09 6.9486E-09 6.8779E-09 6.8067E-09 6.7267E-09 6.6540E-09 6.5879E-09 6.5128E-09 6.4443E-09 6.3749E-09 6.3047E-09 6.2338E-09 6.1624E-09 6.0906E-09 6.0184E-09 5.9462E-09 5.8739E-09 5.8018E-09 5.7300E-09 5.6583E-09 5.5870E-09 5.5161E-09 5.4457E-09 5.3757E-09
7.4719E-09 7.5190E-09 7.5633E-09 7.6071E-09 7.6455E-09 7.6805E-09 7.7119E-09 7.7385E-09 7.7605E-09 7.7736E-09 7.7873E-09 7.7958E-09 7.7971E-09 7.7912E-09 7.7823E-09 7.7690E-09 7.7459E-09 7.7177E-09 7.6919E-09 7.6634E-09 7.6174E-09 7.5736E-09 7.5371E-09 7.4833E-09 7.4331E-09 7.3729E-09 7.3187E-09 7.2709E-09 7.2062E-09 7.1470E-09 7.0778E-09 7.0156E-09 6.9598E-09 6.8939E-09 6.8272E-09 6.7517E-09 6.6835E-09 6.6222E-09 6.5517E-09 6.4879E-09 6.4228E-09 6.3563E-09 6.2889E-09 6.2205E-09 6.1514E-09 6.0818E-09 6.0117E-09 5.9413E-09 5.8708E-09 5.8002E-09 5.7297E-09 5.6595E-09 5.5894E-09 5.5197E-09 5.4503E-09 5.3813E-09 5.3128E-09
7.2965E-09 7.3507E-09 7.3941E-09 7.4347E-09 7.4724E-09 7.5080E-09 7.5390E-09 7.5657E-09 7.5878E-09 7.6060E-09 7.6204E-09 7.6301E-09 7.6280E-09 7.6196E-09 7.6124E-09 7.6007E-09 7.5834E-09 7.5506E-09 7.5199E-09 7.4874E-09 7.4515E-09 7.4125E-09 7.3634E-09 7.3186E-09 7.2784E-09 7.2296E-09 7.1706E-09 7.1250E-09 7.0622E-09 7.0056E-09 6.9554E-09 6.8878E-09 6.8345E-09 6.7557E-09 6.7000E-09 6.6431E-09 6.5772E-09 6.5181E-09 6.4577E-09 6.3960E-09 6.3329E-09 6.2683E-09 6.2028E-09 6.1363E-09 6.0690E-09 6.0012E-09 5.9329E-09 5.8642E-09 5.7953E-09 5.7264E-09 5.6576E-09 5.5889E-09 5.5204E-09 5.4522E-09 5.3843E-09 5.3168E-09 5.2497E-09
7.1367E-09 7.1812E-09 7.2233E-09 7.2716E-09 7.3056E-09 7.3396E-09 7.3713E-09 7.3981E-09 7.4204E-09 7.4342E-09 7.4476E-09 7.4580E-09 7.4619E-09 7.4491E-09 7.4374E-09 7.4222E-09 7.4024E-09 7.3846E-09 7.3561E-09 7.3182E-09 7.2842E-09 7.2542E-09 7.2158E-09 7.1739E-09 7.1287E-09 7.0742E-09 7.0251E-09 6.9815E-09 6.9292E-09 6.8752E-09 6.8118E-09 6.7545E-09 6.7035E-09 6.6511E-09 6.5898E-09 6.5352E-09 6.4793E-09 6.4223E-09 6.3639E-09 6.3042E-09 6.2430E-09 6.1803E-09 6.1167E-09 6.0521E-09 5.9866E-09 5.9206E-09 5.8540E-09 5.7871E-09 5.7198E-09 5.6526E-09 5.5854E-09 5.5183E-09 5.4514E-09 5.3847E-09 5.3183E-09 5.2522E-09 5.1866E-09
6.9801E-09 7.0207E-09 7.0618E-09 7.1004E-09 7.1420E-09 7.1754E-09 7.2057E-09 7.2323E-09 7.2420E-09 7.2603E-09 7.2702E-09 7.2810E-09 7.2810E-09 7.2806E-09 7.2706E-09 7.2618E-09 7.2378E-09 7.2157E-09 7.1903E-09 7.1614E-09 7.1357E-09 7.1013E-09 7.0576E-09 7.0178E-09 6.9815E-09 6.9369E-09 6.8901E-09 6.8486E-09 6.7914E-09 6.7397E-09 6.6936E-09 6.6461E-09 6.5898E-09 6.5395E-09 6.4880E-09 6.4355E-09 6.3816E-09 6.3266E-09 6.2702E-09 6.2125E-09 6.1532E-09 6.0925E-09 6.0307E-09 5.9679E-09 5.9043E-09 5.8400E-09 5.7751E-09 5.7099E-09 5.6444E-09 5.5788E-09 5.5132E-09 5.4477E-09 5.3823E-09 5.3171E-09 5.2522E-09 5.1876E-09 5.1234E-09
6.8167E-09 6.8524E-09 6.9004E-09 6.9380E-09 6.9695E-09 6.9984E-09 7.0303E-09 7.0563E-09 7.0782E-09 7.0966E-09 7.1072E-09 7.1091E-09 7.1110E-09 7.1065E-09 7.1028E-09 7.0903E-09 7.0790E-09 7.0588E-09 7.0401E-09 7.0072E-09 6.9774E-09 6.9509E-09 6.9163E-09 6.8788E-09 6.8445E-09 6.7955E-09 6.7510E-09 6.7114E-09 6.6703E-09 6.6210E-09 6.5769E-09 6.5314E-09 6.4845E-09 6.4362E-09 6.3867E-09 6.3361E-09 6.2843E-09 6.2312E-09 6.1767E-09 6.1210E-09 6.0636E-09 6.0048E-09 5.9449E-09 5.8839E-09 5.8220E-09 5.7595E-09 5.6964E-09 5.6329E-09 5.5690E-09 5.5050E-09 5.4410E-09 5.3771E-09 5.3132E-09 5.2496E-09 5.1862E-09 5.1230E-09 5.0602E-09
6.6336E-09 6.7001E-09 6.7357E-09 6.7773E-09 6.8114E-09 6.8361E-09 6.8645E-09 6.8899E-09 6.9075E-09 6.9219E-09 6.9367E-09 6.9480E-09 6.9545E-09 6.9515E-09 6.9396E-09 6.9330E-09 6.9180E-09 6.9047E-09 6.8827E-09 6.8627E-09 6.8350E-09 6.7990E-09 6.7660E-09 6.7364E-09 6.7040E-09 6.6696E-09 6.6274E-09 6.5898E-09 6.5507E-09 6.5101E-09 6.4680E-09 6.4245E-09 6.3796E-09 6.3333E-09 6.2857E-09 6.2371E-09 6.1872E-09 6.1361E-09 6.0836E-09 6.0297E-09 5.9742E-09 5.9173E-09 5.8593E-09 5.8001E-09 5.7400E-09 5.6792E-09 5.6178E-09 5.5559E-09 5.4937E-09 5.4313E-09 5.3689E-09 5.3065E-09 5.2442E-09 5.1821E-09 5.1201E-09 5.0584E-09 4.9970E-09
6.4840E-09 6.5217E-09 6.5810E-09 6.6161E-09 6.6489E-09 6.6820E-09 6.7067E-09 6.7316E-09 6.7529E-09 6.7636E-09 6.7784E-09 6.7860E-09 6.7894E-09 6.7916E-09 6.7901E-09 6.7848E-09 6.7716E-09 6.7501E-09 6.7344E-09 6.7109E-09 6.6901E-09 6.6670E-09 6.6416E-09 6.6085E-09 6.5780E-09 6.5455E-09 6.5114E-09 6.4757E-09 6.4385E-09 6.3999E-09 6.3597E-09 6.3182E-09 6.2752E-09 6.2308E-09 6.1853E-09 6.1386E-09 6.0906E-09 6.0413E-09 5.9907E-09 5.9387E-09 5.8851E-09 5.8301E-09 5.7738E-09 5.7164E-09 5.6581E-09 5.5990E-09 5.5393E-09 5.4791E-09 5.4185E-09 5.3577E-09 5.2969E-09 5.2361E-09 5.1753E-09 5.1146E-09 5.0542E-09 4.9939E-09 4.9339E-09
6.3449E-09 6.3818E-09 6.4168E-09 6.4524E-09 6.4940E-09 6.5234E-09 6.5504E-09 6.5746E-09 6.5955E-09 6.6134E-09 6.6249E-09 6.6367E-09 6.6370E-09 6.6401E-09 6.6354E-09 6.6311E-09 6.6236E-09 6.6130E-09 6.5990E-09 6.5775E-09 6.5584E-09 6.5371E-09 6.5134E-09 6.4876E-09 6.4590E-09 6.4284E-09 6.3962E-09 6.3624E-09 6.3271E-09 6.2904E-09 6.2522E-09 6.2125E-09 6.1715E-09 6.1290E-09 6.0853E-09 6.0404E-09 5.9944E-09 5.9470E-09 5.8982E-09 5.8481E-09 5.7963E-09 5.7431E-09 5.6886E-09 5.6330E-09 5.5764E-09 5.5190E-09 5.4610E-09 5.4025E-09 5.3435E-09 5.2843E-09 5.2250E-09 5.1657E-09 5.1065E-09 5.0473E-09 4.9883E-09 4.9295E-09 4.8603E-09
6.2082E-09 6.2444E-09 6.2787E-09 6.3112E-09 6.3417E-09 6.3750E-09 6.4012E-09 6.4222E-09 6.4427E-09 6.4603E-09 6.4751E-09 6.4870E-09 6.4955E-09 6.4961E-09 6.4966E-09 6.4935E-09 6.4874E-09 6.4782E-09 6.4658E-09 6.4506E-09 6.4332E-09 6.4136E-09 6.3918E-09 6.3677E-09 6.3410E-09 6.3123E-09 6.2819E-09 6.2500E-09 6.2166E-09 6.1817E-09 6.1454E-09 6.1076E-09 6.0684E-09 6.0277E-09 5.9859E-09 5.9429E-09 5.8986E-09 5.8530E-09 5.8061E-09 5.7578E-09 5.7079E-09 5.6565E-09 5.6038E-09 5.5499E-09 5.4950E-09 5.4393E-09 5.3829E-09 5.3261E-09 5.2687E-09 5.2111E-09 5.1533E-09 5.0956E-09 5.0378E-09 4.9801E-09 4.9117E-09 4.8547E-09 4.7942E-09
6.0740E-09 6.1094E-09 6.1430E-09 6.1749E-09 6.2049E-09 6.2328E-09 6.2585E-09 6.2819E-09 6.3024E-09 6.3201E-09 6.3351E-09 6.3475E-09 6.3567E-09 6.3618E-09 6.3636E-09 6.3618E-09 6.3571E-09 6.3495E-09 6.3387E-09 6.3251E-09 6.3094E-09 6.2915E-09 6.2713E-09 6.2491E-09 6.2242E-09 6.1973E-09 6.1687E-09 6.1385E-09 6.1069E-09 6.0738E-09 6.0393E-09 6.0033E-09 5.9660E-09 5.9271E-09 5.8871E-09 5.8458E-09 5.8034E-09 5.7596E-09 5.7145E-09 5.6679E-09 5.6198E-09 5.5702E-09 5.5192E-09 5.4671E-09 5.4139E-09 5.3599E-09 5.3051E-09 5.2499E-09 5.1941E-09 5.1380E-09 5.0818E-09 5.0256E-09 4.9693E-09 4.9024E-09 4.8466E-09 4.7874E-09 4.7320E-09
5.9423E-09 5.9769E-09 6.0098E-09 6.0410E-09 6.0705E-09 6.0980E-09 6.1235E-09 6.1467E-09 6.1673E-09 6.1852E-09 6.2005E-09 6.2133E-09 6.2233E-09 6.2294E-09 6.2323E-09 6.2319E-09 6.2285E-09 6.2223E-09 6.2130E-09 6.2010E-09 6.1869E-09 6.1706E-09 6.1522E-09 6.1316E-09 6.1085E-09 6.0833E-09 6.0564E-09 6.0280E-09 5.9982E-09 5.9668E-09 5.9341E-09 5.8999E-09 5.8643E-09 5.8272E-09 5.7889E-09 5.7494E-09 5.7088E-09 5.6667E-09 5.6234E-09 5.5786E-09 5.5322E-09 5.4843E-09 5.4351E-09 5.3846E-09 5.3331E-09 5.2808E-09 5.2276E-09 5.1740E-09 5.1197E-09 5.0653E-09 5.0106E-09 4.9450E-09 4.8905E-09 4.8361E-09 4.7782E-09 4.7134E-09 4.6597E-09
