Assets/Resources/2015_m01_d24_1900(utc+0800)_l00_csi_1hr_conc.grd
DSAA
         159         159
     -79.000      79.000
     -79.000      79.000
  0.0000E+00  0.5631E-05
[rows 75 to 99 of 159, columns 0 to 56 of 159]
7.0699E-10 7.1046E-10 7.1371E-10 7.1675E-10 7.1956E-10 7.2215E-10 7.2451E-10 7.2663E-10 7.2852E-10 7.3017E-10 7.3157E-10 7.3273E-10 7.3365E-10 7.3432E-10 7.3474E-10 7.3490E-10 7.3482E-10 7.3448E-10 7.3389E-10 7.3304E-10 7.3194E-10 7.3058E-10 7.2897E-10 7.2711E-10 7.2500E-10 7.2264E-10 7.2003E-10 7.1718E-10 7.1408E-10 7.1074E-10 7.0717E-10 7.0336E-10 6.9932E-10 6.9505E-10 6.9056E-10 6.8585E-10 6.8093E-10 6.7579E-10 6.7045E-10 6.6491E-10 6.5917E-10 6.5325E-10 6.4713E-10 6.4084E-10 6.3438E-10 6.2776E-10 6.2098E-10 6.1404E-10 6.0696E-10 5.9975E-10 5.9240E-10 5.8493E-10 5.7735E-10 5.6966E-10 5.6186E-10 5.5398E-10 5.4600E-10
6.9130E-10 6.9468E-10 6.9786E-10 7.0081E-10 7.0355E-10 7.0607E-10 7.0836E-10 7.1043E-10 7.1226E-10 7.1386E-10 7.1522E-10 7.1634E-10 7.1722E-10 7.1786E-10 7.1825E-10 7.1840E-10 7.1829E-10 7.1794E-10 7.1734E-10 7.1650E-10 7.1540E-10 7.1405E-10 7.1246E-10 7.1062E-10 7.0853E-10 7.0620E-10 7.0363E-10 7.0082E-10 6.9777E-10 6.9449E-10 6.9097E-10 6.8723E-10 6.8326E-10 6.7906E-10 6.7465E-10 6.7003E-10 6.6519E-10 6.6015E-10 6.5490E-10 6.4947E-10 6.4383E-10 6.3802E-10 6.3203E-10 6.2587E-10 6.1953E-10 6.1304E-10 6.0640E-10 5.9961E-10 5.9268E-10 5.8562E-10 5.7843E-10 5.7112E-10 5.6370E-10 5.5618E-10 5.4857E-10 5.4086E-10 5.3307E-10
6.7560E-10 6.7890E-10 6.8199E-10 6.8488E-10 6.8754E-10 6.9000E-10 6.9223E-10 6.9423E-10 6.9601E-10 6.9756E-10 6.9888E-10 6.9996E-10 7.0081E-10 7.0141E-10 7.0178E-10 7.0190E-10 7.0179E-10 7.0143E-10 7.0082E-10 6.9997E-10 6.9888E-10 6.9755E-10 6.9597E-10 6.9415E-10 6.9210E-10 6.8980E-10 6.8727E-10 6.8450E-10 6.8150E-10 6.7828E-10 6.7482E-10 6.7113E-10 6.6723E-10 6.6312E-10 6.5878E-10 6.5424E-10 6.4950E-10 6.4455E-10 6.3941E-10 6.3407E-10 6.2856E-10 6.2286E-10 6.1699E-10 6.1095E-10 6.0475E-10 5.9840E-10 5.9190E-10 5.8526E-10 5.7848E-10 5.7157E-10 5.6455E-10 5.5740E-10 5.5016E-10 5.4281E-10 5.3537E-10 5.2785E-10 5.2025E-10
6.5992E-10 6.6313E-10 6.6615E-10 6.6896E-10 6.7155E-10 6.7394E-10 6.7611E-10 6.7806E-10 6.7979E-10 6.8129E-10 6.8256E-10 6.8360E-10 6.8442E-10 6.8499E-10 6.8534E-10 6.8544E-10 6.8531E-10 6.8494E-10 6.8434E-10 6.8349E-10 6.8241E-10 6.8109E-10 6.7953E-10 6.7774E-10 6.7571E-10 6.7345E-10 6.7096E-10 6.6824E-10 6.6528E-10 6.6211E-10 6.5872E-10 6.5510E-10 6.5127E-10 6.4723E-10 6.4298E-10 6.3852E-10 6.3387E-10 6.2902E-10 6.2398E-10 6.1876E-10 6.1335E-10 6.0778E-10 6.0203E-10 5.9613E-10 5.9006E-10 5.8385E-10 5.7749E-10 5.7100E-10 5.6438E-10 5.5763E-10 5.5077E-10 5.4380E-10 5.3672E-10 5.2956E-10 5.2230E-10 5.1497E-10 5.0756E-10
6.4426E-10 6.4740E-10 6.5034E-10 6.5307E-10 6.5560E-10 6.5792E-10 6.6003E-10 6.6192E-10 6.6360E-10 6.6506E-10 6.6629E-10 6.6729E-10 6.6807E-10 6.6862E-10 6.6894E-10 6.6903E-10 6.6889E-10 6.6852E-10 6.6791E-10 6.6707E-10 6.6599E-10 6.6469E-10 6.6315E-10 6.6138E-10 6.5939E-10 6.5716E-10 6.5471E-10 6.5203E-10 6.4914E-10 6.4602E-10 6.4269E-10 6.3914E-10 6.3539E-10 6.3142E-10 6.2725E-10 6.2289E-10 6.1833E-10 6.1358E-10 6.0865E-10 6.0354E-10 5.9825E-10 5.9280E-10 5.8718E-10 5.8140E-10 5.7548E-10 5.6941E-10 5.6320E-10 5.5686E-10 5.5039E-10 5.4381E-10 5.3712E-10 5.3032E-10 5.2342E-10 5.1643E-10 5.0936E-10 5.0221E-10 4.9499E-10
6.2866E-10 6.3172E-10 6.3458E-10 6.3724E-10 6.3970E-10 6.4196E-10 6.4401E-10 6.4585E-10 6.4747E-10 6.4888E-10 6.5007E-10 6.5105E-10 6.5179E-10 6.5232E-10 6.5262E-10 6.5269E-10 6.5254E-10 6.5216E-10 6.5155E-10 6.5072E-10 6.4965E-10 6.4837E-10 6.4685E-10 6.4511E-10 6.4314E-10 6.4096E-10 6.3855E-10 6.3592E-10 6.3308E-10 6.3002E-10 6.2675E-10 6.2327E-10 6.1959E-10 6.1571E-10 6.1163E-10 6.0735E-10 6.0289E-10 5.9825E-10 5.9343E-10 5.8843E-10 5.8326E-10 5.7793E-10 5.7244E-10 5.6680E-10 5.6102E-10 5.5509E-10 5.4903E-10 5.4285E-10 5.3655E-10 5.3013E-10 5.2361E-10 5.1698E-10 5.1027E-10 5.0346E-10 4.9657E-10 4.8961E-10 4.8257E-10
6.1312E-10 6.1610E-10 6.1889E-10 6.2148E-10 6.2387E-10 6.2607E-10 6.2806E-10 6.2985E-10 6.3142E-10 6.3279E-10 6.3394E-10 6.3488E-10 6.3560E-10 6.3610E-10 6.3638E-10 6.3644E-10 6.3628E-10 6.3589E-10 6.3529E-10 6.3446E-10 6.3341E-10 6.3214E-10 6.3064E-10 6.2893E-10 6.2700E-10 6.2485E-10 6.2249E-10 6.1991E-10 6.1712E-10 6.1412E-10 6.1092E-10 6.0752E-10 6.0391E-10 6.0011E-10 5.9612E-10 5.9195E-10 5.8758E-10 5.8304E-10 5.7833E-10 5.7345E-10 5.6840E-10 5.6320E-10 5.5785E-10 5.5234E-10 5.4670E-10 5.4093E-10 5.3503E-10 5.2900E-10 5.2286E-10 5.1661E-10 5.1026E-10 5.0381E-10 4.9726E-10 4.9064E-10 4.8393E-10 4.7715E-10 4.7029E-10
5.9767E-10 6.0057E-10 6.0328E-10 6.0580E-10 6.0813E-10 6.1027E-10 6.1220E-10 6.1394E-10 6.1547E-10 6.1679E-10 6.1790E-10 6.1881E-10 6.1950E-10 6.1998E-10 6.2024E-10 6.2029E-10 6.2012E-10 6.1973E-10 6.1913E-10 6.1831E-10 6.1727E-10 6.1602E-10 6.1455E-10 6.1287E-10 6.1097E-10 6.0887E-10 6.0655E-10 6.0402E-10 6.0129E-10 5.9836E-10 5.9522E-10 5.9189E-10 5.8837E-10 5.8465E-10 5.8075E-10 5.7667E-10 5.7241E-10 5.6798E-10 5.6338E-10 5.5862E-10 5.5370E-10 5.4862E-10 5.4341E-10 5.3804E-10 5.3255E-10 5.2693E-10 5.2118E-10 5.1531E-10 5.0934E-10 5.0326E-10 4.9707E-10 4.9079E-10 4.8442E-10 4.7797E-10 4.7144E-10 4.6484E-10 4.5817E-10
5.8232E-10 5.8514E-10 5.8778E-10 5.9023E-10 5.9250E-10 5.9457E-10 5.9645E-10 5.9813E-10 5.9962E-10 6.0090E-10 6.0198E-10 6.0285E-10 6.0351E-10 6.0397E-10 6.0422E-10 6.0426E-10 6.0408E-10 6.0369E-10 6.0310E-10 6.0229E-10 6.0126E-10 6.0003E-10 5.9859E-10 5.9694E-10 5.9508E-10 5.9301E-10 5.9074E-10 5.8827E-10 5.8560E-10 5.8273E-10 5.7967E-10 5.7641E-10 5.7297E-10 5.6935E-10 5.6554E-10 5.6156E-10 5.5740E-10 5.5308E-10 5.4859E-10 5.4395E-10 5.3916E-10 5.3422E-10 5.2914E-10 5.2392E-10 5.1858E-10 5.1310E-10 5.0751E-10 5.0181E-10 4.9599E-10 4.9007E-10 4.8406E-10 4.7795E-10 4.7175E-10 4.6547E-10 4.5911E-10 4.5269E-10 4.4620E-10
5.6708E-10 5.6982E-10 5.7239E-10 5.7478E-10 5.7698E-10 5.7900E-10 5.8082E-10 5.8246E-10 5.8390E-10 5.8514E-10 5.8618E-10 5.8702E-10 5.8766E-10 5.8810E-10 5.8833E-10 5.8836E-10 5.8818E-10 5.8779E-10 5.8720E-10 5.8640E-10 5.8540E-10 5.8419E-10 5.8277E-10 5.8116E-10 5.7934E-10 5.7732E-10 5.7510E-10 5.7268E-10 5.7007E-10 5.6727E-10 5.6428E-10 5.6110E-10 5.5774E-10 5.5421E-10 5.5049E-10 5.4661E-10 5.4256E-10 5.3836E-10 5.3399E-10 5.2947E-10 5.2481E-10 5.2000E-10 5.1506E-10 5.0999E-10 5.0479E-10 4.9947E-10 4.9403E-10 4.8848E-10 4.8282E-10 4.7707E-10 4.7121E-10 4.6527E-10 4.5924E-10 4.5313E-10 4.4695E-10 4.4070E-10 4.3438E-10
5.5197E-10 5.5464E-10 5.5714E-10 5.5946E-10 5.6160E-10 5.6356E-10 5.6533E-10 5.6692E-10 5.6831E-10 5.6952E-10 5.7053E-10 5.7134E-10 5.7196E-10 5.7238E-10 5.7260E-10 5.7261E-10 5.7243E-10 5.7205E-10 5.7147E-10 5.7068E-10 5.6969E-10 5.6851E-10 5.6713E-10 5.6554E-10 5.6376E-10 5.6179E-10 5.5962E-10 5.5726E-10 5.5472E-10 5.5198E-10 5.4907E-10 5.4597E-10 5.4270E-10 5.3925E-10 5.3564E-10 5.3186E-10 5.2792E-10 5.2383E-10 5.1958E-10 5.1519E-10 5.1066E-10 5.0599E-10 5.0118E-10 4.9625E-10 4.9120E-10 4.8602E-10 4.8074E-10 4.7534E-10 4.6984E-10 4.6424E-10 4.5855E-10 4.5277E-10 4.4691E-10 4.4097E-10 4.3496E-10 4.2888E-10 4.2274E-10
5.3700E-10 5.3960E-10 5.4203E-10 5.4428E-10 5.4637E-10 5.4827E-10 5.4999E-10 5.5153E-10 5.5289E-10 5.5405E-10 5.5503E-10 5.5582E-10 5.5641E-10 5.5682E-10 5.5702E-10 5.5704E-10 5.5685E-10 5.5648E-10 5.5590E-10 5.5513E-10 5.5417E-10 5.5301E-10 5.5166E-10 5.5011E-10 5.4837E-10 5.4645E-10 5.4433E-10 5.4204E-10 5.3955E-10 5.3689E-10 5.3405E-10 5.3104E-10 5.2785E-10 5.2450E-10 5.2099E-10 5.1731E-10 5.1349E-10 5.0951E-10 5.0538E-10 5.0112E-10 4.9671E-10 4.9217E-10 4.8750E-10 4.8271E-10 4.7780E-10 4.7277E-10 4.6763E-10 4.6239E-10 4.5704E-10 4.5160E-10 4.4607E-10 4.4045E-10 4.3476E-10 4.2898E-10 4.2314E-10 4.1723E-10 4.1126E-10
5.2219E-10 5.2472E-10 5.2708E-10 5.2927E-10 5.3130E-10 5.3315E-10 5.3482E-10 5.3631E-10 5.3763E-10 5.3876E-10 5.3971E-10 5.4047E-10 5.4105E-10 5.4144E-10 5.4164E-10 5.4164E-10 5.4146E-10 5.4109E-10 5.4053E-10 5.3978E-10 5.3884E-10 5.3770E-10 5.3638E-10 5.3488E-10 5.3318E-10 5.3131E-10 5.2925E-10 5.2701E-10 5.2459E-10 5.2200E-10 5.1924E-10 5.1631E-10 5.1322E-10 5.0996E-10 5.0655E-10 5.0298E-10 4.9927E-10 4.9540E-10 4.9140E-10 4.8725E-10 4.8298E-10 4.7857E-10 4.7403E-10 4.6938E-10 4.6460E-10 4.5972E-10 4.5473E-10 4.4963E-10 4.4444E-10 4.3915E-10 4.3378E-10 4.2832E-10 4.2278E-10 4.1717E-10 4.1149E-10 4.0575E-10 3.9995E-10
5.0755E-10 5.1001E-10 5.1231E-10 5.1444E-10 5.1641E-10 5.1820E-10 5.1983E-10 5.2128E-10 5.2256E-10 5.2366E-10 5.2458E-10 5.2532E-10 5.2588E-10 5.2625E-10 5.2645E-10 5.2645E-10 5.2627E-10 5.2591E-10 5.2536E-10 5.2463E-10 5.2371E-10 5.2261E-10 5.2132E-10 5.1985E-10 5.1821E-10 5.1638E-10 5.1438E-10 5.1221E-10 5.0986E-10 5.0734E-10 5.0466E-10 5.0182E-10 4.9881E-10 4.9565E-10 4.9234E-10 4.8888E-10 4.8527E-10 4.8152E-10 4.7763E-10 4.7361E-10 4.6945E-10 4.6517E-10 4.6077E-10 4.5625E-10 4.5161E-10 4.4687E-10 4.4202E-10 4.3707E-10 4.3203E-10 4.2690E-10 4.2168E-10 4.1637E-10 4.1099E-10 4.0554E-10 4.0003E-10 3.9445E-10 3.8881E-10
4.9310E-10 4.9548E-10 4.9772E-10 4.9979E-10 5.0171E-10 5.0345E-10 5.0503E-10 5.0645E-10 5.0769E-10 5.0876E-10 5.0965E-10 5.1037E-10 5.1092E-10 5.1128E-10 5.1147E-10 5.1147E-10 5.1130E-10 5.1095E-10 5.1041E-10 5.0970E-10 5.0880E-10 5.0773E-10 5.0648E-10 5.0506E-10 5.0346E-10 5.0169E-10 4.9974E-10 4.9763E-10 4.9536E-10 4.9291E-10 4.9031E-10 4.8755E-10 4.8464E-10 4.8158E-10 4.7836E-10 4.7500E-10 4.7150E-10 4.6786E-10 4.6409E-10 4.6018E-10 4.5615E-10 4.5199E-10 4.4772E-10 4.4333E-10 4.3883E-10 4.3423E-10 4.2952E-10 4.2472E-10 4.1982E-10 4.1483E-10 4.0977E-10 4.0462E-10 3.9939E-10 3.9410E-10 3.8874E-10 3.8333E-10 3.7785E-10
4.7884E-10 4.8116E-10 4.8333E-10 4.8535E-10 4.8721E-10 4.8891E-10 4.9045E-10 4.9183E-10 4.9304E-10 4.9408E-10 4.9495E-10 4.9565E-10 4.9618E-10 4.9653E-10 4.9672E-10 4.9672E-10 4.9655E-10 4.9621E-10 4.9569E-10 4.9500E-10 4.9413E-10 4.9309E-10 4.9188E-10 4.9050E-10 4.8895E-10 4.8723E-10 4.8535E-10 4.8330E-10 4.8109E-10 4.7873E-10 4.7620E-10 4.7353E-10 4.7070E-10 4.6773E-10 4.6461E-10 4.6136E-10 4.5796E-10 4.5443E-10 4.5077E-10 4.4698E-10 4.4307E-10 4.3903E-10 4.3489E-10 4.3063E-10 4.2626E-10 4.2179E-10 4.1723E-10 4.1256E-10 4.0781E-10 4.0297E-10 3.9805E-10 3.9305E-10 3.8798E-10 3.8285E-10 3.7765E-10 3.7239E-10 3.6707E-10
4.6479E-10 4.6705E-10 4.6916E-10 4.7113E-10 4.7294E-10 4.7460E-10 4.7610E-10 4.7743E-10 4.7861E-10 4.7963E-10 4.8048E-10 4.8116E-10 4.8167E-10 4.8202E-10 4.8220E-10 4.8221E-10 4.8205E-10 4.8172E-10 4.8121E-10 4.8054E-10 4.7971E-10 4.7870E-10 4.7753E-10 4.7619E-10 4.7469E-10 4.7302E-10 4.7120E-10 4.6921E-10 4.6708E-10 4.6478E-10 4.6234E-10 4.5975E-10 4.5701E-10 4.5412E-10 4.5110E-10 4.4794E-10 4.4465E-10 4.4123E-10 4.3767E-10 4.3400E-10 4.3021E-10 4.2630E-10 4.2227E-10 4.1814E-10 4.1391E-10 4.0957E-10 4.0514E-10 4.0062E-10 3.9600E-10 3.9131E-10 3.8654E-10 3.8169E-10 3.7677E-10 3.7178E-10 3.6674E-10 3.6163E-10 3.5647E-10
4.5096E-10 4.5317E-10 4.5522E-10 4.5714E-10 4.5890E-10 4.6051E-10 4.6197E-10 4.6328E-10 4.6443E-10 4.6541E-10 4.6624E-10 4.6691E-10 4.6741E-10 4.6775E-10 4.6793E-10 4.6794E-10 4.6779E-10 4.6747E-10 4.6699E-10 4.6634E-10 4.6553E-10 4.6456E-10 4.6342E-10 4.6213E-10 4.6067E-10 4.5906E-10 4.5730E-10 4.5538E-10 4.5331E-10 4.5109E-10 4.4872E-10 4.4621E-10 4.4355E-10 4.4076E-10 4.3783E-10 4.3477E-10 4.3158E-10 4.2826E-10 4.2481E-10 4.2125E-10 4.1757E-10 4.1378E-10 4.0988E-10 4.0587E-10 4.0177E-10 3.9756E-10 3.9327E-10 3.8888E-10 3.8441E-10 3.7985E-10 3.7522E-10 3.7052E-10 3.6575E-10 3.6091E-10 3.5602E-10 3.5106E-10 3.4606E-10
4.3738E-10 4.3952E-10 4.4153E-10 4.4339E-10 4.4511E-10 4.4668E-10 4.4810E-10 4.4937E-10 4.5049E-10 4.5145E-10 4.5226E-10 4.5292E-10 4.5341E-10 4.5374E-10 4.5392E-10 4.5393E-10 4.5379E-10 4.5348E-10 4.5302E-10 4.5240E-10 4.5161E-10 4.5067E-10 4.4958E-10 4.4833E-10 4.4692E-10 4.4536E-10 4.4365E-10 4.4179E-10 4.3979E-10 4.3764E-10 4.3535E-10 4.3291E-10 4.3034E-10 4.2764E-10 4.2480E-10 4.2183E-10 4.1874E-10 4.1552E-10 4.1218E-10 4.0873E-10 4.0517E-10 4.0149E-10 3.9771E-10 3.9383E-10 3.8985E-10 3.8577E-10 3.8160E-10 3.7735E-10 3.7302E-10 3.6860E-10 3.6411E-10 3.5955E-10 3.5492E-10 3.5024E-10 3.4549E-10 3.4069E-10 3.3583E-10
4.2404E-10 4.2612E-10 4.2808E-10 4.2989E-10 4.3157E-10 4.3310E-10 4.3448E-10 4.3572E-10 4.3681E-10 4.3775E-10 4.3854E-10 4.3918E-10 4.3966E-10 4.3999E-10 4.4017E-10 4.4019E-10 4.4005E-10 4.3976E-10 4.3931E-10 4.3871E-10 4.3796E-10 4.3705E-10 4.3599E-10 4.3478E-10 4.3342E-10 4.3192E-10 4.3026E-10 4.2846E-10 4.2652E-10 4.2444E-10 4.2222E-10 4.1987E-10 4.1738E-10 4.1476E-10 4.1201E-10 4.0913E-10 4.0614E-10 4.0302E-10 3.9979E-10 3.9645E-10 3.9299E-10 3.8943E-10 3.8577E-10 3.8200E-10 3.7815E-10 3.7420E-10 3.7016E-10 3.6604E-10 3.6183E-10 3.5756E-10 3.5320E-10 3.4878E-10 3.4430E-10 3.3975E-10 3.3515E-10 3.3050E-10 3.2580E-10
4.1095E-10 4.1299E-10 4.1489E-10 4.1665E-10 4.1828E-10 4.1978E-10 4.2113E-10 4.2234E-10 4.2340E-10 4.2432E-10 4.2509E-10 4.2571E-10 4.2619E-10 4.2651E-10 4.2669E-10 4.2671E-10 4.2658E-10 4.2630E-10 4.2587E-10 4.2530E-10 4.2457E-10 4.2369E-10 4.2267E-10 4.2150E-10 4.2019E-10 4.1873E-10 4.1713E-10 4.1539E-10 4.1351E-10 4.1150E-10 4.0935E-10 4.0707E-10 4.0466E-10 4.0212E-10 3.9946E-10 3.9668E-10 3.9378E-10 3.9076E-10 3.8763E-10 3.8439E-10 3.8105E-10 3.7760E-10 3.7405E-10 3.7041E-10 3.6667E-10 3.6284E-10 3.5893E-10 3.5494E-10 3.5087E-10 3.4672E-10 3.4250E-10 3.3822E-10 3.3388E-10 3.2947E-10 3.2501E-10 3.2050E-10 3.1594E-10
3.9813E-10 4.0011E-10 4.0196E-10 4.0368E-10 4.0527E-10 4.0672E-10 4.0804E-10 4.0922E-10 4.1026E-10 4.1115E-10 4.1191E-10 4.1251E-10 4.1298E-10 4.1330E-10 4.1347E-10 4.1350E-10 4.1338E-10 4.1311E-10 4.1270E-10 4.1214E-10 4.1144E-10 4.1060E-10 4.0961E-10 4.0848E-10 4.0721E-10 4.0580E-10 4.0425E-10 4.0257E-10 4.0076E-10 3.9881E-10 3.9673E-10 3.9452E-10 3.9219E-10 3.8974E-10 3.8716E-10 3.8447E-10 3.8166E-10 3.7874E-10 3.7571E-10 3.7258E-10 3.6934E-10 3.6600E-10 3.6256E-10 3.5903E-10 3.5541E-10 3.5171E-10 3.4792E-10 3.4405E-10 3.4011E-10 3.3609E-10 3.3201E-10 3.2786E-10 3.2365E-10 3.1939E-10 3.1507E-10 3.1070E-10 3.0628E-10
3.8557E-10 3.8750E-10 3.8931E-10 3.9098E-10 3.9253E-10 3.9394E-10 3.9523E-10 3.9637E-10 3.9738E-10 3.9826E-10 3.9899E-10 3.9959E-10 4.0004E-10 4.0035E-10 4.0052E-10 4.0055E-10 4.0044E-10 4.0019E-10 3.9979E-10 3.9925E-10 3.9858E-10 3.9776E-10 3.9681E-10 3.9572E-10 3.9449E-10 3.9313E-10 3.9164E-10 3.9001E-10 3.8826E-10 3.8637E-10 3.8436E-10 3.8223E-10 3.7998E-10 3.7760E-10 3.7511E-10 3.7250E-10 3.6979E-10 3.6696E-10 3.6403E-10 3.6099E-10 3.5786E-10 3.5463E-10 3.5130E-10 3.4789E-10 3.4438E-10 3.4080E-10 3.3713E-10 3.3339E-10 3.2957E-10 3.2568E-10 3.2173E-10 3.1771E-10 3.1364E-10 3.0950E-10 3.0532E-10 3.0109E-10 2.9682E-10
3.7329E-10 3.7517E-10 3.7692E-10 3.7855E-10 3.8006E-10 3.8144E-10 3.8268E-10 3.8380E-10 3.8478E-10 3.8563E-10 3.8635E-10 3.8693E-10 3.8737E-10 3.8767E-10 3.8784E-10 3.8788E-10 3.8777E-10 3.8753E-10 3.8715E-10 3.8663E-10 3.8598E-10 3.8520E-10 3.8428E-10 3.8323E-10 3.8204E-10 3.8073E-10 3.7928E-10 3.7771E-10 3.7602E-10 3.7420E-10 3.7225E-10 3.7019E-10 3.6801E-10 3.6571E-10 3.6330E-10 3.6078E-10 3.5816E-10 3.5542E-10 3.5259E-10 3.4965E-10 3.4662E-10 3.4349E-10 3.4027E-10 3.3697E-10 3.3358E-10 3.3011E-10 3.2656E-10 3.2293E-10 3.1924E-10 3.1548E-10 3.1165E-10 3.0776E-10 3.0382E-10 2.9982E-10 2.9577E-10 2.9168E-10 2.8754E-10
3.6128E-10 3.6311E-10 3.6481E-10 3.6640E-10 3.6786E-10 3.6920E-10 3.7041E-10 3.7150E-10 3.7245E-10 3.7328E-10 3.7397E-10 3.7454E-10 3.7497E-10 3.7527E-10 3.7543E-10 3.7547E-10 3.7537E-10 3.7514E-10 3.7477E-10 3.7428E-10 3.7365E-10 3.7290E-10 3.7201E-10 3.7099E-10 3.6985E-10 3.6858E-10 3.6719E-10 3.6567E-10 3.6403E-10 3.6227E-10 3.6040E-10 3.5840E-10 3.5629E-10 3.5408E-10 3.5175E-10 3.4931E-10 3.4677E-10 3.4413E-10 3.4138E-10 3.3854E-10 3.3561E-10 3.3259E-10 3.2947E-10 3.2628E-10 3.2300E-10 3.1964E-10 3.1621E-10 3.1270E-10 3.0913E-10 3.0549E-10 3.0179E-10 2.9802E-10 2.9421E-10 2.9034E-10 2.8642E-10 2.8246E-10 2.7845E-10
