Assets/Resources/2015_m01_d31_1000(utc+0800)_l00_csi_1hr_conc.grd
DSAA
         159         159
     -79.000      79.000
     -79.000      79.000
  0.0000E+00  0.1080E-05
[rows 25 to 49 of 159, columns 57 to 113 of 159]
1.7846E-09 2.2470E-09 2.7934E-09 3.4319E-09 4.1674E-09 4.9999E-09 5.9241E-09 6.9325E-09 8.0098E-09 9.1345E-09 1.0281E-08 1.1418E-08 1.2511E-08 1.3524E-08 1.4420E-08 1.5164E-08 1.5729E-08 1.6092E-08 1.6240E-08 1.6166E-08 1.5870E-08 1.5368E-08 1.4681E-08 1.3837E-08 1.2863E-08 1.1798E-08 1.0677E-08 9.5340E-09 8.4008E-09 7.3064E-09 6.2738E-09 5.3169E-09 4.4543E-09 3.6868E-09 3.0149E-09 2.4377E-09 1.9497E-09 1.5441E-09 1.2104E-09 9.3829E-10 7.1710E-10 5.2786E-10 3.6025E-10 2.4528E-10 1.6321E-10 1.0586E-10 5.6791E-11 2.4843E-11 8.1172E-12 1.5941E-12 0.0000E+00 0.0000E+00 0.0000E+00 0.0000E+00 0.0000E+00 0.0000E+00 0.0000E+00
1.6904E-09 2.1465E-09 2.6900E-09 3.3316E-09 4.0756E-09 4.9227E-09 5.8674E-09 6.9005E-09 8.0077E-09 9.1669E-09 1.0351E-08 1.1526E-08 1.2656E-08 1.3702E-08 1.4625E-08 1.5389E-08 1.5965E-08 1.6326E-08 1.6459E-08 1.6359E-08 1.6036E-08 1.5500E-08 1.4770E-08 1.3881E-08 1.2866E-08 1.1759E-08 1.0602E-08 9.4299E-09 8.2734E-09 7.1635E-09 6.1193E-09 5.1616E-09 4.2947E-09 3.5341E-09 2.8713E-09 2.3063E-09 1.8318E-09 1.4375E-09 1.1193E-09 8.5835E-10 6.4883E-10 4.7418E-10 3.0979E-10 1.9936E-10 1.2803E-10 7.7290E-11 3.8003E-11 1.4804E-11 3.1629E-12 3.9667E-13 0.0000E+00 0.0000E+00 0.0000E+00 0.0000E+00 0.0000E+00 0.0000E+00 0.0000E+00
1.5943E-09 2.0442E-09 2.5901E-09 3.2366E-09 3.9911E-09 4.8542E-09 5.8219E-09 6.8846E-09 8.0262E-09 9.2239E-09 1.0448E-08 1.1664E-08 1.2831E-08 1.3909E-08 1.4858E-08 1.5638E-08 1.6217E-08 1.6574E-08 1.6695E-08 1.6572E-08 1.6210E-08 1.5627E-08 1.4856E-08 1.3917E-08 1.2858E-08 1.1712E-08 1.0517E-08 9.3147E-09 8.1358E-09 7.0085E-09 5.9580E-09 4.9972E-09 4.1379E-09 3.3803E-09 2.7305E-09 2.1772E-09 1.7184E-09 1.3373E-09 1.0310E-09 7.8348E-10 5.8554E-10 4.1748E-10 2.6144E-10 1.6037E-10 9.6675E-11 5.4426E-11 2.3908E-11 6.9763E-12 1.0048E-12 0.0000E+00 0.0000E+00 0.0000E+00 0.0000E+00 0.0000E+00 0.0000E+00 0.0000E+00 0.0000E+00
1.5021E-09 1.9486E-09 2.4949E-09 3.1480E-09 3.9147E-09 4.7994E-09 5.7968E-09 6.8946E-09 8.0763E-09 9.3161E-09 1.0583E-08 1.1842E-08 1.3050E-08 1.4163E-08 1.5138E-08 1.5934E-08 1.6517E-08 1.6862E-08 1.6955E-08 1.6793E-08 1.6392E-08 1.5765E-08 1.4934E-08 1.3947E-08 1.2835E-08 1.1645E-08 1.0416E-08 9.1840E-09 7.9827E-09 6.8450E-09 5.7836E-09 4.8267E-09 3.9718E-09 3.2267E-09 2.5879E-09 2.0481E-09 1.6046E-09 1.2399E-09 9.4826E-10 7.1005E-10 5.2376E-10 3.6505E-10 2.1278E-10 1.2145E-10 7.1034E-11 3.5222E-11 1.2716E-11 2.7129E-12 1.8430E-13 0.0000E+00 0.0000E+00 0.0000E+00 0.0000E+00 0.0000E+00 0.0000E+00 0.0000E+00 0.0000E+00
1.4180E-09 1.8604E-09 2.4080E-09 3.0710E-09 3.8550E-09 4.7652E-09 5.7943E-09 6.9328E-09 8.1612E-09 9.4511E-09 1.0769E-08 1.2075E-08 1.3321E-08 1.4465E-08 1.5458E-08 1.6261E-08 1.6839E-08 1.7169E-08 1.7236E-08 1.7037E-08 1.6580E-08 1.5893E-08 1.5012E-08 1.3964E-08 1.2802E-08 1.1562E-08 1.0297E-08 9.0347E-09 7.8171E-09 6.6657E-09 5.6078E-09 4.6481E-09 3.8060E-09 3.0707E-09 2.4496E-09 1.9249E-09 1.4972E-09 1.1493E-09 8.6741E-10 6.4020E-10 4.6270E-10 3.1493E-10 1.6853E-10 9.4403E-11 4.8717E-11 2.0507E-11 5.6632E-12 6.1811E-13 0.0000E+00 0.0000E+00 0.0000E+00 0.0000E+00 0.0000E+00 0.0000E+00 0.0000E+00 0.0000E+00 0.0000E+00
1.3459E-09 1.7838E-09 2.3324E-09 3.0073E-09 3.8154E-09 4.7553E-09 5.8244E-09 7.0105E-09 8.2938E-09 9.6426E-09 1.1017E-08 1.2374E-08 1.3663E-08 1.4839E-08 1.5850E-08 1.6656E-08 1.7220E-08 1.7519E-08 1.7539E-08 1.7283E-08 1.6773E-08 1.6025E-08 1.5068E-08 1.3965E-08 1.2741E-08 1.1462E-08 1.0154E-08 8.8675E-09 7.6288E-09 6.4735E-09 5.4131E-09 4.4631E-09 3.6294E-09 2.9135E-09 2.3073E-09 1.8052E-09 1.3902E-09 1.0579E-09 7.8651E-10 5.7523E-10 4.0795E-10 2.7076E-10 1.3139E-10 6.8285E-11 3.0327E-11 1.0228E-11 1.7051E-12 0.0000E+00 0.0000E+00 0.0000E+00 0.0000E+00 0.0000E+00 0.0000E+00 0.0000E+00 0.0000E+00 0.0000E+00 0.0000E+00
1.2771E-09 1.7227E-09 2.2786E-09 2.9637E-09 3.7930E-09 4.7762E-09 5.8917E-09 7.1360E-09 8.4823E-09 9.8970E-09 1.1337E-08 1.2752E-08 1.4088E-08 1.5293E-08 1.6314E-08 1.7112E-08 1.7649E-08 1.7910E-08 1.7880E-08 1.7562E-08 1.6970E-08 1.6143E-08 1.5125E-08 1.3944E-08 1.2668E-08 1.1328E-08 9.9860E-09 8.6765E-09 7.4302E-09 6.2653E-09 5.2131E-09 4.2719E-09 3.4556E-09 2.7538E-09 2.1661E-09 1.6814E-09 1.2839E-09 9.6752E-10 7.1216E-10 5.1446E-10 3.5692E-10 2.3047E-10 1.0076E-10 4.6693E-11 1.6634E-11 3.5473E-12 1.7514E-15 0.0000E+00 0.0000E+00 0.0000E+00 0.0000E+00 0.0000E+00 0.0000E+00 0.0000E+00 0.0000E+00 0.0000E+00 0.0000E+00
1.2104E-09 1.6690E-09 2.2414E-09 2.9492E-09 3.8078E-09 4.8284E-09 6.0039E-09 7.3155E-09 8.7375E-09 1.0232E-08 1.1749E-08 1.3231E-08 1.4619E-08 1.5855E-08 1.6884E-08 1.7666E-08 1.8161E-08 1.8358E-08 1.8245E-08 1.7843E-08 1.7175E-08 1.6267E-08 1.5155E-08 1.3911E-08 1.2564E-08 1.1184E-08 9.7966E-09 8.4603E-09 7.2010E-09 6.0431E-09 4.9956E-09 4.0736E-09 3.2739E-09 2.5944E-09 2.0247E-09 1.5592E-09 1.1812E-09 8.7995E-10 6.3926E-10 4.5617E-10 3.0825E-10 1.9374E-10 7.6042E-11 2.8871E-11 6.9244E-12 5.7484E-13 0.0000E+00 0.0000E+00 0.0000E+00 0.0000E+00 0.0000E+00 0.0000E+00 0.0000E+00 0.0000E+00 0.0000E+00 0.0000E+00 0.0000E+00
1.1661E-09 1.6250E-09 2.2159E-09 2.9569E-09 3.8596E-09 4.9333E-09 6.1689E-09 7.5539E-09 9.0639E-09 1.0647E-08 1.2250E-08 1.3808E-08 1.5255E-08 1.6525E-08 1.7559E-08 1.8316E-08 1.8761E-08 1.8886E-08 1.8684E-08 1.8177E-08 1.7387E-08 1.6372E-08 1.5180E-08 1.3843E-08 1.2439E-08 1.0997E-08 9.5848E-09 8.2234E-09 6.9593E-09 5.8006E-09 4.7674E-09 3.8597E-09 3.0808E-09 2.4270E-09 1.8793E-09 1.4390E-09 1.0782E-09 7.9790E-10 5.7128E-10 4.0356E-10 2.6547E-10 1.6055E-10 5.5595E-11 1.4292E-11 1.9586E-12 0.0000E+00 0.0000E+00 0.0000E+00 0.0000E+00 0.0000E+00 0.0000E+00 0.0000E+00 0.0000E+00 0.0000E+00 0.0000E+00 0.0000E+00 0.0000E+00
1.1472E-09 1.6121E-09 2.2130E-09 2.9878E-09 3.9400E-09 5.0764E-09 6.3879E-09 7.8643E-09 9.4669E-09 1.1153E-08 1.2855E-08 1.4501E-08 1.6014E-08 1.7321E-08 1.8357E-08 1.9080E-08 1.9455E-08 1.9480E-08 1.9160E-08 1.8533E-08 1.7629E-08 1.6495E-08 1.5175E-08 1.3760E-08 1.2273E-08 1.0791E-08 9.3339E-09 7.9606E-09 6.6884E-09 5.5416E-09 4.5243E-09 3.6410E-09 2.8855E-09 2.2565E-09 1.7361E-09 1.3169E-09 9.7689E-10 7.1889E-10 5.0590E-10 3.5366E-10 2.2767E-10 1.3093E-10 3.5993E-11 5.5278E-12 0.0000E+00 0.0000E+00 0.0000E+00 0.0000E+00 0.0000E+00 0.0000E+00 0.0000E+00 0.0000E+00 0.0000E+00 0.0000E+00 0.0000E+00 0.0000E+00 0.0000E+00
1.1327E-09 1.6244E-09 2.2512E-09 3.0515E-09 4.0508E-09 5.2607E-09 6.6660E-09 8.2466E-09 9.9668E-09 1.1769E-08 1.3582E-08 1.5326E-08 1.6913E-08 1.8259E-08 1.9296E-08 1.9975E-08 2.0269E-08 2.0179E-08 1.9720E-08 1.8933E-08 1.7866E-08 1.6592E-08 1.5169E-08 1.3636E-08 1.2081E-08 1.0532E-08 9.0552E-09 7.6611E-09 6.3897E-09 5.2587E-09 4.2626E-09 3.4100E-09 2.6813E-09 2.0851E-09 1.5909E-09 1.1991E-09 8.8009E-10 6.4206E-10 4.4415E-10 3.0636E-10 1.9209E-10 1.0685E-10 2.0805E-11 1.4131E-12 0.0000E+00 0.0000E+00 0.0000E+00 0.0000E+00 0.0000E+00 0.0000E+00 0.0000E+00 0.0000E+00 0.0000E+00 0.0000E+00 0.0000E+00 0.0000E+00 0.0000E+00
1.1365E-09 1.6452E-09 2.3106E-09 3.1564E-09 4.2077E-09 5.4933E-09 6.9971E-09 8.6942E-09 1.0543E-08 1.2479E-08 1.4420E-08 1.6271E-08 1.7936E-08 1.9323E-08 2.0357E-08 2.0983E-08 2.1179E-08 2.0949E-08 2.0326E-08 1.9368E-08 1.8135E-08 1.6693E-08 1.5110E-08 1.3485E-08 1.1838E-08 1.0245E-08 8.7238E-09 7.3285E-09 6.0644E-09 4.9588E-09 3.9901E-09 3.1693E-09 2.4756E-09 1.9099E-09 1.4430E-09 1.0824E-09 7.8416E-10 5.6628E-10 3.8643E-10 2.6206E-10 1.5969E-10 8.5792E-11 1.1160E-11 3.0814E-13 0.0000E+00 0.0000E+00 0.0000E+00 0.0000E+00 0.0000E+00 0.0000E+00 0.0000E+00 0.0000E+00 0.0000E+00 0.0000E+00 0.0000E+00 0.0000E+00 0.0000E+00
1.1438E-09 1.6742E-09 2.3710E-09 3.2779E-09 4.4045E-09 5.7764E-09 7.3828E-09 9.2088E-09 1.1207E-08 1.3294E-08 1.5382E-08 1.7357E-08 1.9114E-08 2.0545E-08 2.1569E-08 2.2131E-08 2.2210E-08 2.1819E-08 2.1003E-08 1.9833E-08 1.8389E-08 1.6770E-08 1.5049E-08 1.3282E-08 1.1557E-08 9.9030E-09 8.3628E-09 6.9616E-09 5.7046E-09 4.6339E-09 3.7032E-09 2.9194E-09 2.2614E-09 1.7328E-09 1.2954E-09 9.6405E-10 6.8918E-10 4.9367E-10 3.3209E-10 2.2066E-10 1.3014E-10 6.5897E-11 5.6075E-12 0.0000E+00 0.0000E+00 0.0000E+00 0.0000E+00 0.0000E+00 0.0000E+00 0.0000E+00 0.0000E+00 0.0000E+00 0.0000E+00 0.0000E+00 0.0000E+00 0.0000E+00 0.0000E+00
1.1559E-09 1.7062E-09 2.4486E-09 3.4053E-09 4.6074E-09 6.0808E-09 7.8163E-09 9.7882E-09 1.1943E-08 1.4197E-08 1.6446E-08 1.8559E-08 2.0416E-08 2.1893E-08 2.2904E-08 2.3390E-08 2.3334E-08 2.2761E-08 2.1733E-08 2.0335E-08 1.8670E-08 1.6836E-08 1.4927E-08 1.3046E-08 1.1223E-08 9.5162E-09 7.9594E-09 6.5650E-09 5.3202E-09 4.2899E-09 3.4003E-09 2.6631E-09 2.0428E-09 1.5557E-09 1.1489E-09 8.4740E-10 5.9871E-10 4.2365E-10 2.7916E-10 1.8202E-10 1.0335E-10 5.1575E-11 2.4618E-12 0.0000E+00 0.0000E+00 0.0000E+00 0.0000E+00 0.0000E+00 0.0000E+00 0.0000E+00 0.0000E+00 0.0000E+00 0.0000E+00 0.0000E+00 0.0000E+00 0.0000E+00 0.0000E+00
1.1719E-09 1.7437E-09 2.5176E-09 3.5344E-09 4.8169E-09 6.3921E-09 8.2589E-09 1.0390E-08 1.2724E-08 1.5164E-08 1.7593E-08 1.9862E-08 2.1835E-08 2.3369E-08 2.4368E-08 2.4766E-08 2.4556E-08 2.3776E-08 2.2504E-08 2.0849E-08 1.8931E-08 1.6877E-08 1.4796E-08 1.2756E-08 1.0847E-08 9.0930E-09 7.5150E-09 6.1278E-09 4.9077E-09 3.9243E-09 3.0840E-09 2.3978E-09 1.8216E-09 1.3761E-09 1.0063E-09 7.3518E-10 5.1336E-10 3.5760E-10 2.3046E-10 1.4488E-10 7.9406E-11 3.7053E-11 7.7866E-13 0.0000E+00 0.0000E+00 0.0000E+00 0.0000E+00 0.0000E+00 0.0000E+00 0.0000E+00 0.0000E+00 0.0000E+00 0.0000E+00 0.0000E+00 0.0000E+00 0.0000E+00 0.0000E+00
1.1884E-09 1.7835E-09 2.5878E-09 3.6533E-09 5.0122E-09 6.6992E-09 8.6997E-09 1.0994E-08 1.3521E-08 1.6176E-08 1.8818E-08 2.1271E-08 2.3378E-08 2.4977E-08 2.5962E-08 2.6262E-08 2.5877E-08 2.4859E-08 2.3314E-08 2.1374E-08 1.9187E-08 1.6889E-08 1.4599E-08 1.2430E-08 1.0421E-08 8.6204E-09 7.0360E-09 5.6596E-09 4.4651E-09 3.5421E-09 2.7577E-09 2.1285E-09 1.6015E-09 1.1992E-09 8.6928E-10 6.2687E-10 4.3219E-10 2.9472E-10 1.8390E-10 1.1261E-10 5.8998E-11 2.4575E-11 0.0000E+00 0.0000E+00 0.0000E+00 0.0000E+00 0.0000E+00 0.0000E+00 0.0000E+00 0.0000E+00 0.0000E+00 0.0000E+00 0.0000E+00 0.0000E+00 0.0000E+00 0.0000E+00 0.0000E+00
1.1994E-09 1.8128E-09 2.6510E-09 3.7629E-09 5.1931E-09 6.9788E-09 9.1181E-09 1.1579E-08 1.4300E-08 1.7170E-08 2.0030E-08 2.2691E-08 2.4958E-08 2.6644E-08 2.7628E-08 2.7830E-08 2.7260E-08 2.5986E-08 2.4140E-08 2.1886E-08 1.9398E-08 1.6848E-08 1.4367E-08 1.2039E-08 9.9471E-09 8.1047E-09 6.5226E-09 5.1585E-09 4.0013E-09 3.1498E-09 2.4273E-09 1.8573E-09 1.3854E-09 1.0267E-09 7.3746E-10 5.2515E-10 3.5575E-10 2.3591E-10 1.4386E-10 8.4018E-11 4.0542E-11 1.4770E-11 0.0000E+00 0.0000E+00 0.0000E+00 0.0000E+00 0.0000E+00 0.0000E+00 0.0000E+00 0.0000E+00 0.0000E+00 0.0000E+00 0.0000E+00 0.0000E+00 0.0000E+00 0.0000E+00 0.0000E+00
1.2008E-09 1.8267E-09 2.6945E-09 3.8571E-09 5.3516E-09 7.2239E-09 9.4915E-09 1.2117E-08 1.5037E-08 1.8131E-08 2.1227E-08 2.4113E-08 2.6563E-08 2.8358E-08 2.9354E-08 2.9458E-08 2.8695E-08 2.7145E-08 2.4977E-08 2.2386E-08 1.9584E-08 1.6756E-08 1.4056E-08 1.1598E-08 9.4193E-09 7.5506E-09 5.9729E-09 4.6542E-09 3.5276E-09 2.7500E-09 2.0986E-09 1.5906E-09 1.1763E-09 8.6213E-10 6.1218E-10 4.2694E-10 2.8378E-10 1.8433E-10 1.0822E-10 5.8761E-11 2.4725E-11 7.7862E-12 0.0000E+00 0.0000E+00 0.0000E+00 0.0000E+00 0.0000E+00 0.0000E+00 0.0000E+00 0.0000E+00 0.0000E+00 0.0000E+00 0.0000E+00 0.0000E+00 0.0000E+00 0.0000E+00 0.0000E+00
1.1794E-09 1.8204E-09 2.7082E-09 3.9078E-09 5.4633E-09 7.4243E-09 9.7999E-09 1.2578E-08 1.5690E-08 1.9005E-08 2.2338E-08 2.5453E-08 2.8098E-08 3.0025E-08 3.1056E-08 3.1085E-08 3.0131E-08 2.8302E-08 2.5798E-08 2.2855E-08 1.9721E-08 1.6617E-08 1.3706E-08 1.1095E-08 8.8499E-09 6.9619E-09 5.4073E-09 4.1295E-09 3.0565E-09 2.3531E-09 1.7776E-09 1.3324E-09 9.7582E-10 7.0503E-10 4.9332E-10 3.3690E-10 2.1932E-10 1.3805E-10 7.7266E-11 3.6904E-11 1.2714E-11 2.9044E-12 0.0000E+00 0.0000E+00 0.0000E+00 0.0000E+00 0.0000E+00 0.0000E+00 0.0000E+00 0.0000E+00 0.0000E+00 0.0000E+00 0.0000E+00 0.0000E+00 0.0000E+00 0.0000E+00 0.0000E+00
1.1484E-09 1.7920E-09 2.6906E-09 3.9188E-09 5.5239E-09 7.5541E-09 1.0036E-08 1.2950E-08 1.6233E-08 1.9755E-08 2.3313E-08 2.6656E-08 2.9503E-08 3.1580E-08 3.2670E-08 3.2645E-08 3.1521E-08 2.9422E-08 2.6586E-08 2.3288E-08 1.9818E-08 1.6428E-08 1.3305E-08 1.0564E-08 8.2491E-09 6.3529E-09 4.8321E-09 3.6137E-09 2.6057E-09 1.9674E-09 1.4714E-09 1.0876E-09 7.8604E-10 5.5854E-10 3.8418E-10 2.5628E-10 1.6290E-10 9.6436E-11 4.9581E-11 1.9193E-11 4.5638E-12 0.0000E+00 0.0000E+00 0.0000E+00 0.0000E+00 0.0000E+00 0.0000E+00 0.0000E+00 0.0000E+00 0.0000E+00 0.0000E+00 0.0000E+00 0.0000E+00 0.0000E+00 0.0000E+00 0.0000E+00 0.0000E+00
1.0955E-09 1.7237E-09 2.6233E-09 3.8682E-09 5.5125E-09 7.5931E-09 1.0159E-08 1.3198E-08 1.6644E-08 2.0358E-08 2.4137E-08 2.7712E-08 3.0770E-08 3.3004E-08 3.4166E-08 3.4112E-08 3.2839E-08 3.0486E-08 2.7325E-08 2.3677E-08 1.9875E-08 1.6203E-08 1.2875E-08 1.0007E-08 7.6414E-09 5.7483E-09 4.2710E-09 3.1111E-09 2.1708E-09 1.6055E-09 1.1827E-09 8.6051E-10 6.1174E-10 4.2779E-10 2.8694E-10 1.8607E-10 1.1263E-10 6.1641E-11 2.7091E-11 7.5379E-12 2.2983E-13 0.0000E+00 0.0000E+00 0.0000E+00 0.0000E+00 0.0000E+00 0.0000E+00 0.0000E+00 0.0000E+00 0.0000E+00 0.0000E+00 0.0000E+00 0.0000E+00 0.0000E+00 0.0000E+00 0.0000E+00 0.0000E+00
1.0254E-09 1.6382E-09 2.5244E-09 3.7591E-09 5.4143E-09 7.5415E-09 1.0169E-08 1.3308E-08 1.6888E-08 2.0773E-08 2.4751E-08 2.8532E-08 3.1785E-08 3.4178E-08 3.5428E-08 3.5367E-08 3.3981E-08 3.1419E-08 2.7967E-08 2.3993E-08 1.9880E-08 1.5950E-08 1.2431E-08 9.4516E-09 7.0383E-09 5.1562E-09 3.7208E-09 2.6375E-09 1.7543E-09 1.2705E-09 9.2282E-10 6.6049E-10 4.6065E-10 3.1353E-10 2.0361E-10 1.2545E-10 7.0578E-11 3.4095E-11 1.0514E-11 1.5053E-12 0.0000E+00 0.0000E+00 0.0000E+00 0.0000E+00 0.0000E+00 0.0000E+00 0.0000E+00 0.0000E+00 0.0000E+00 0.0000E+00 0.0000E+00 0.0000E+00 0.0000E+00 0.0000E+00 0.0000E+00 0.0000E+00 0.0000E+00
9.4127E-10 1.5287E-09 2.3930E-09 3.6013E-09 5.2410E-09 7.3757E-09 1.0044E-08 1.3249E-08 1.6942E-08 2.0979E-08 2.5137E-08 2.9113E-08 3.2554E-08 3.5099E-08 3.6440E-08 3.6389E-08 3.4914E-08 3.2173E-08 2.8471E-08 2.4215E-08 1.9819E-08 1.5652E-08 1.1970E-08 8.8990E-09 6.4588E-09 4.5985E-09 3.2196E-09 2.2024E-09 1.3702E-09 9.7469E-10 6.9521E-10 4.8678E-10 3.3014E-10 2.1538E-10 1.3279E-10 7.4436E-11 3.6203E-11 1.3478E-11 3.1837E-12 2.0065E-13 0.0000E+00 0.0000E+00 0.0000E+00 0.0000E+00 0.0000E+00 0.0000E+00 0.0000E+00 0.0000E+00 0.0000E+00 0.0000E+00 0.0000E+00 0.0000E+00 0.0000E+00 0.0000E+00 0.0000E+00 0.0000E+00 0.0000E+00
8.4477E-10 1.4061E-09 2.2314E-09 3.4031E-09 5.0193E-09 7.1291E-09 9.8005E-09 1.3054E-08 1.6826E-08 2.0972E-08 2.5277E-08 2.9422E-08 3.3036E-08 3.5728E-08 3.7166E-08 3.7139E-08 3.5603E-08 3.2715E-08 2.8803E-08 2.4308E-08 1.9684E-08 1.5323E-08 1.1503E-08 8.3621E-09 5.9134E-09 4.0790E-09 2.7501E-09 1.8118E-09 1.0529E-09 7.2268E-10 5.0232E-10 3.4081E-10 2.2200E-10 1.3600E-10 7.7959E-11 3.7562E-11 1.2924E-11 4.4897E-12 6.8747E-13 0.0000E+00 0.0000E+00 0.0000E+00 0.0000E+00 0.0000E+00 0.0000E+00 0.0000E+00 0.0000E+00 0.0000E+00 0.0000E+00 0.0000E+00 0.0000E+00 0.0000E+00 0.0000E+00 0.0000E+00 0.0000E+00 0.0000E+00 0.0000E+00
7.3892E-10 1.2609E-09 2.0433E-09 3.1648E-09 4.7356E-09 6.8078E-09 9.4519E-09 1.2703E-08 1.6506E-08 2.0737E-08 2.5154E-08 2.9438E-08 3.3199E-08 3.6027E-08 3.7562E-08 3.7567E-08 3.5993E-08 3.3000E-08 2.8929E-08 2.4244E-08 1.9437E-08 1.4933E-08 1.1014E-08 7.8365E-09 5.3925E-09 3.5992E-09 2.3404E-09 1.4527E-09 7.7345E-10 5.1181E-10 3.4435E-10 2.2257E-10 1.3787E-10 7.7344E-11 3.7010E-11 1.3834E-11 5.1658E-12 1.1863E-12 0.0000E+00 0.0000E+00 0.0000E+00 0.0000E+00 0.0000E+00 0.0000E+00 0.0000E+00 0.0000E+00 0.0000E+00 0.0000E+00 0.0000E+00 0.0000E+00 0.0000E+00 0.0000E+00 0.0000E+00 0.0000E+00 0.0000E+00 0.0000E+00 0.0000E+00
