Assets/Resources/2015_m01_d23_1900(utc+0800)_l00_csi_1hr_conc.grd
DSAA
         159         159
     -79.000      79.000
     -79.000      79.000
  0.0000E+00  0.1269E-04
[rows 75 to 99 of 159, columns 57 to 113 of 159]
4.4243E-10 4.6621E-10 4.9049E-10 5.1575E-10 5.4250E-10 5.6957E-10 5.9839E-10 6.2782E-10 6.5877E-10 7.0057E-10 7.6831E-10 8.4731E-10 9.4251E-10 1.0549E-09 1.1685E-09 1.3291E-09 1.5037E-09 1.7168E-09 1.9750E-09 2.7524E-09 4.4808E-09 6.1578E-09 8.4845E-09 1.1569E-08 1.5577E-08 2.0563E-08 2.6456E-08 3.3019E-08 3.9843E-08 1.1574E-07 7.6719E-07 2.5648E-06 4.9319E-06 4.2646E-06 4.8173E-07 5.5978E-08 5.2310E-08 4.7743E-08 4.2725E-08 3.7608E-08 3.2655E-08 2.8042E-08 2.3878E-08 2.0216E-08 1.7176E-08 1.4479E-08 1.2158E-08 1.0234E-08 8.6290E-09 6.9804E-09 5.3097E-09 3.5800E-09 3.2475E-09 3.1009E-09 2.9754E-09 2.8781E-09 2.8009E-09
4.4321E-10 4.6706E-10 4.9117E-10 5.1698E-10 5.4333E-10 5.7047E-10 5.9963E-10 6.2940E-10 6.6543E-10 7.2404E-10 8.0194E-10 8.8301E-10 9.9263E-10 1.1044E-09 1.2400E-09 1.4208E-09 1.6251E-09 1.8769E-09 2.2596E-09 3.8637E-09 5.5640E-09 7.8429E-09 1.0933E-08 1.5136E-08 2.0634E-08 2.7502E-08 3.5631E-08 4.5509E-07 8.6718E-06 1.2685E-05 1.2315E-05 8.9197E-06 3.2733E-06 1.8371E-06 3.9276E-07 7.4495E-08 6.8386E-08 6.1828E-08 5.4901E-08 4.8024E-08 4.1939E-08 3.6236E-08 3.0835E-08 2.6000E-08 2.1852E-08 1.8323E-08 1.4716E-08 1.1255E-08 7.8874E-09 4.2929E-09 3.9608E-09 3.6837E-09 3.4614E-09 3.2914E-09 3.1449E-09 3.0238E-09 2.9286E-09
4.4400E-10 4.6744E-10 4.9184E-10 5.1771E-10 5.4389E-10 5.7182E-10 6.0057E-10 6.3365E-10 6.8064E-10 7.5720E-10 8.3041E-10 9.2064E-10 1.0315E-09 1.1564E-09 1.3205E-09 1.5250E-09 1.7635E-09 2.0519E-09 2.9367E-09 4.8326E-09 6.8697E-09 9.7697E-09 1.3826E-08 1.9376E-08 2.6667E-08 9.5870E-08 8.5875E-06 8.2576E-06 7.9868E-06 7.7705E-06 2.5662E-06 1.6025E-06 1.4748E-06 1.1718E-06 3.0317E-07 9.5397E-08 8.6495E-08 8.0050E-08 7.0641E-08 6.1082E-08 5.2172E-08 4.4267E-08 3.7405E-08 3.1462E-08 2.1917E-08 1.4166E-08 7.1015E-09 5.7098E-09 5.1486E-09 4.6855E-09 4.3034E-09 3.9889E-09 3.7183E-09 3.5132E-09 3.3397E-09 3.1888E-09 3.0689E-09
4.4434E-10 4.6758E-10 4.9249E-10 5.1795E-10 5.4417E-10 5.7258E-10 6.0376E-10 6.4254E-10 7.0670E-10 7.8522E-10 8.5864E-10 9.5377E-10 1.0537E-09 1.2172E-09 1.4154E-09 1.6425E-09 1.9097E-09 2.2933E-09 3.7832E-09 5.7700E-09 8.2898E-09 1.1927E-08 1.7077E-08 2.4146E-08 7.6187E-06 8.3953E-06 8.2534E-06 7.6043E-06 1.6142E-06 1.1250E-06 1.0824E-06 1.0385E-06 9.3986E-07 5.6052E-07 2.6726E-07 1.3810E-07 1.0788E-07 9.3368E-08 8.0820E-08 6.9703E-08 5.9743E-08 4.6346E-08 3.3151E-08 2.1041E-08 1.0051E-08 7.9944E-09 7.0724E-09 6.2952E-09 5.6472E-09 5.1249E-09 4.6812E-09 4.3203E-09 4.0115E-09 3.7604E-09 3.5578E-09 3.3803E-09 3.2384E-09
4.4422E-10 4.6772E-10 4.9267E-10 5.1792E-10 5.4472E-10 5.7457E-10 6.0978E-10 6.5820E-10 7.3665E-10 8.0500E-10 8.7652E-10 9.8281E-10 1.0833E-09 1.2932E-09 1.5175E-09 1.7630E-09 2.0599E-09 2.6933E-09 4.5798E-09 6.7291E-09 9.7899E-09 1.4214E-08 2.0515E-08 3.8749E-08 4.0787E-08 5.5941E-08 7.3167E-08 9.4881E-08 3.2442E-07 6.0915E-07 5.1127E-07 3.9414E-07 3.1963E-07 2.4512E-07 1.7639E-07 1.3414E-07 1.1360E-07 9.9976E-08 8.7650E-08 6.7344E-08 4.7704E-08 1.8107E-08 1.3278E-08 1.1495E-08 1.0050E-08 8.8199E-09 7.7889E-09 6.9278E-09 6.1974E-09 5.5977E-09 5.0980E-09 4.6771E-09 4.3324E-09 4.0429E-09 3.7978E-09 3.5989E-09 3.4280E-09
4.4387E-10 4.6762E-10 4.9237E-10 5.1763E-10 5.4638E-10 5.7894E-10 6.1992E-10 6.8014E-10 7.5999E-10 8.2184E-10 8.8935E-10 1.0175E-09 1.1377E-09 1.2918E-09 1.6164E-09 1.8825E-09 2.2151E-09 3.1852E-09 5.2975E-09 7.6749E-09 1.1287E-08 1.6494E-08 2.4289E-08 3.5615E-08 4.9932E-08 6.6695E-08 8.4923E-08 1.0474E-07 1.6088E-07 1.8010E-07 1.8039E-07 1.7345E-07 1.6802E-07 1.5982E-07 1.4559E-07 1.3041E-07 1.1694E-07 7.2936E-08 4.6569E-08 2.4007E-08 1.9021E-08 1.6533E-08 1.4409E-08 1.2579E-08 1.1025E-08 9.6861E-09 8.5506E-09 7.5943E-09 6.7775E-09 6.1023E-09 5.5299E-09 5.0610E-09 4.6610E-09 4.3229E-09 4.0401E-09 3.8100E-09 3.6163E-09
4.4329E-10 4.6753E-10 4.9181E-10 5.1857E-10 5.4937E-10 5.8627E-10 6.3156E-10 7.0477E-10 7.7595E-10 8.4023E-10 9.1412E-10 1.0073E-09 1.2003E-09 1.3625E-09 1.7111E-09 2.0097E-09 2.4358E-09 3.6843E-09 5.9249E-09 8.6126E-09 1.3166E-08 2.0144E-08 2.9804E-08 4.2301E-08 5.7432E-08 7.4596E-08 9.7004E-08 1.2353E-07 1.4321E-07 1.5446E-07 1.5922E-07 1.5947E-07 1.5621E-07 1.4989E-07 1.1843E-07 8.6006E-08 5.7224E-08 3.1869E-08 2.6268E-08 2.3089E-08 2.0252E-08 1.7763E-08 1.5564E-08 1.3647E-08 1.1998E-08 1.0562E-08 9.3373E-09 8.2867E-09 7.3819E-09 6.6386E-09 6.0045E-09 5.4590E-09 5.0162E-09 4.6339E-09 4.3072E-09 4.0533E-09 3.8342E-09
4.4298E-10 4.6674E-10 4.9152E-10 5.2103E-10 5.5503E-10 5.9400E-10 6.4435E-10 7.2535E-10 7.9161E-10 8.6212E-10 9.4811E-10 1.0573E-09 1.2580E-09 1.4296E-09 1.8204E-09 2.1611E-09 2.6738E-09 4.2267E-09 6.9300E-09 1.0587E-08 1.6216E-08 2.4098E-08 3.4485E-08 4.7388E-08 6.2873E-08 8.2527E-08 1.0296E-07 1.2090E-07 1.3489E-07 1.4485E-07 1.5076E-07 1.5258E-07 1.2341E-07 9.2795E-08 4.4336E-08 3.7362E-08 3.3792E-08 3.0376E-08 2.7132E-08 2.4100E-08 2.1321E-08 1.8833E-08 1.6597E-08 1.4625E-08 1.2909E-08 1.1391E-08 1.0087E-08 8.9565E-09 7.9847E-09 7.1699E-09 6.4685E-09 5.8795E-09 5.3768E-09 4.9581E-09 4.5935E-09 4.3022E-09 4.0577E-09
4.4220E-10 4.6586E-10 4.9289E-10 5.2468E-10 5.6120E-10 6.0137E-10 6.5870E-10 7.4263E-10 8.1107E-10 8.9124E-10 9.9252E-10 1.1017E-09 1.3129E-09 1.5046E-09 1.8973E-09 2.2463E-09 2.9779E-09 5.6115E-09 8.4703E-09 1.2753E-08 1.8843E-08 2.7338E-08 3.7908E-08 5.1349E-08 6.7266E-08 8.4151E-08 1.0033E-07 1.1493E-07 1.2722E-07 1.3649E-07 8.8103E-08 6.6269E-08 4.5420E-08 4.1595E-08 3.9301E-08 3.6593E-08 3.3640E-08 3.0614E-08 2.7644E-08 2.4800E-08 2.2138E-08 1.9704E-08 1.7479E-08 1.5489E-08 1.3720E-08 1.2143E-08 1.0777E-08 9.5815E-09 8.5460E-09 7.6744E-09 6.9151E-09 6.2716E-09 5.7329E-09 5.2655E-09 4.8666E-09 4.5508E-09 4.2805E-09
4.4120E-10 4.6589E-10 4.9618E-10 5.2797E-10 5.6602E-10 6.0894E-10 6.7818E-10 7.6145E-10 8.3757E-10 9.2931E-10 1.0325E-09 1.1429E-09 1.3876E-09 1.6153E-09 2.0289E-09 2.4139E-09 4.1369E-09 6.7116E-09 9.9766E-09 1.4693E-08 2.1116E-08 2.9814E-08 4.0677E-08 5.3513E-08 6.7449E-08 8.1712E-08 9.5561E-08 8.4611E-08 7.0130E-08 5.5667E-08 4.1080E-08 4.0375E-08 4.0332E-08 3.9398E-08 3.7744E-08 3.5583E-08 3.3109E-08 3.0487E-08 2.7825E-08 2.5198E-08 2.2707E-08 2.0363E-08 1.8179E-08 1.6206E-08 1.4411E-08 1.2807E-08 1.1405E-08 1.0153E-08 9.0802E-09 8.1525E-09 7.3502E-09 6.6659E-09 6.0769E-09 5.5801E-09 5.1399E-09 4.7902E-09 4.4990E-09
4.4027E-10 4.6792E-10 4.9974E-10 5.3141E-10 5.6842E-10 6.1638E-10 7.0302E-10 7.8637E-10 8.6951E-10 9.6501E-10 1.0678E-09 1.1958E-09 1.4860E-09 1.7163E-09 2.1733E-09 2.5888E-09 5.1673E-09 7.7651E-09 1.1330E-08 1.6274E-08 2.2948E-08 3.1452E-08 4.1883E-08 5.3324E-08 6.5501E-08 5.9652E-08 3.8617E-08 3.0144E-08 3.1623E-08 3.4238E-08 3.6193E-08 3.7316E-08 3.7578E-08 3.7052E-08 3.5872E-08 3.4195E-08 3.2180E-08 2.9948E-08 2.7613E-08 2.5248E-08 2.2954E-08 2.0741E-08 1.8658E-08 1.6735E-08 1.4968E-08 1.3379E-08 1.1963E-08 1.0692E-08 9.5906E-09 8.6304E-09 7.7832E-09 7.0642E-09 6.4434E-09 5.9065E-09 5.4295E-09 5.0490E-09 4.7267E-09
4.4067E-10 4.7126E-10 5.0184E-10 5.3580E-10 5.7121E-10 6.2792E-10 7.3029E-10 8.1401E-10 8.9993E-10 9.9537E-10 1.1138E-09 1.2877E-09 1.5701E-09 1.9210E-09 2.3391E-09 2.7872E-09 5.9530E-09 8.7357E-09 1.2487E-08 1.7641E-08 2.4274E-08 3.2248E-08 3.2727E-08 2.9600E-08 2.5891E-08 2.1454E-08 2.3525E-08 2.6456E-08 2.9199E-08 3.1553E-08 3.3352E-08 3.4487E-08 3.4927E-08 3.4709E-08 3.3915E-08 3.2653E-08 3.1046E-08 2.9187E-08 2.7155E-08 2.5064E-08 2.2968E-08 2.0907E-08 1.8960E-08 1.7122E-08 1.5408E-08 1.3862E-08 1.2444E-08 1.1174E-08 1.0060E-08 9.0669E-09 8.2044E-09 7.4545E-09 6.7914E-09 6.2199E-09 5.7165E-09 5.3078E-09 4.9620E-09
4.4288E-10 4.7380E-10 5.0246E-10 5.3987E-10 5.8236E-10 6.4966E-10 7.5685E-10 8.3891E-10 9.2614E-10 1.0266E-09 1.1432E-09 1.3567E-09 1.6312E-09 2.0977E-09 2.5020E-09 2.9781E-09 6.6540E-09 9.5880E-09 1.3487E-08 1.8541E-08 1.9417E-08 1.8786E-08 1.7334E-08 1.4788E-08 1.7145E-08 1.9691E-08 2.2303E-08 2.4871E-08 2.7262E-08 2.9337E-08 3.0971E-08 3.2079E-08 3.2625E-08 3.2619E-08 3.2111E-08 3.1179E-08 2.9889E-08 2.8316E-08 2.6565E-08 2.4715E-08 2.2810E-08 2.0934E-08 1.9116E-08 1.7368E-08 1.5746E-08 1.4236E-08 1.2845E-08 1.1592E-08 1.0476E-08 9.4751E-09 8.5854E-09 7.8114E-09 7.1302E-09 6.5342E-09 6.0013E-09 5.5637E-09 5.1952E-09
4.4571E-10 4.7497E-10 5.0263E-10 5.4255E-10 6.0515E-10 6.7534E-10 7.7845E-10 8.6092E-10 9.5271E-10 1.0590E-09 1.1850E-09 1.4991E-09 1.7755E-09 2.2324E-09 2.6561E-09 3.1546E-09 7.2465E-09 1.0302E-08 1.1420E-08 9.5052E-09 9.1099E-09 1.0472E-08 1.2299E-08 1.4409E-08 1.6634E-08 1.8933E-08 2.1262E-08 2.3535E-08 2.5651E-08 2.7501E-08 2.8992E-08 3.0055E-08 3.0657E-08 3.0793E-08 3.0489E-08 2.9780E-08 2.8721E-08 2.7400E-08 2.5893E-08 2.4249E-08 2.2550E-08 2.0843E-08 1.9153E-08 1.7524E-08 1.5983E-08 1.4529E-08 1.3181E-08 1.1958E-08 1.0838E-08 9.8360E-09 8.9438E-09 8.1463E-09 7.4437E-09 6.8280E-09 6.2756E-09 5.8194E-09 5.4353E-09
4.4726E-10 4.7461E-10 5.0366E-10 5.5950E-10 6.2905E-10 6.9824E-10 7.9778E-10 8.8369E-10 9.8048E-10 1.0938E-09 1.2910E-09 1.6090E-09 1.8769E-09 2.3468E-09 2.7814E-09 3.2945E-09 5.5763E-09 6.1609E-09 6.3222E-09 7.4223E-09 8.8286E-09 1.0411E-08 1.2157E-08 1.4066E-08 1.6132E-08 1.8265E-08 2.0398E-08 2.2463E-08 2.4379E-08 2.6066E-08 2.7450E-08 2.8475E-08 2.9108E-08 2.9329E-08 2.9150E-08 2.8582E-08 2.7716E-08 2.6588E-08 2.5258E-08 2.3806E-08 2.2284E-08 2.0710E-08 1.9140E-08 1.7621E-08 1.6147E-08 1.4755E-08 1.3454E-08 1.2252E-08 1.1152E-08 1.0151E-08 9.2460E-09 8.4388E-09 7.7290E-09 7.0999E-09 6.5353E-09 6.0672E-09 5.6681E-09
4.4737E-10 4.7464E-10 5.1660E-10 5.8594E-10 6.4764E-10 7.1718E-10 8.1760E-10 9.0831E-10 1.0100E-09 1.1871E-09 1.3792E-09 1.6847E-09 1.9681E-09 2.4394E-09 2.8825E-09 3.4054E-09 4.2756E-09 5.1326E-09 6.2489E-09 7.4335E-09 8.7849E-09 1.0299E-08 1.1961E-08 1.3748E-08 1.5644E-08 1.7624E-08 1.9602E-08 2.1504E-08 2.3278E-08 2.4836E-08 2.6131E-08 2.7116E-08 2.7730E-08 2.7987E-08 2.7888E-08 2.7451E-08 2.6725E-08 2.5749E-08 2.4612E-08 2.3330E-08 2.1939E-08 2.0508E-08 1.9073E-08 1.7640E-08 1.6258E-08 1.4926E-08 1.3673E-08 1.2504E-08 1.1411E-08 1.0427E-08 9.5261E-09 8.7191E-09 8.0015E-09 7.3588E-09 6.7859E-09 6.3081E-09 5.8994E-09
4.4689E-10 4.8215E-10 5.4515E-10 6.0387E-10 6.6057E-10 7.3332E-10 8.3736E-10 9.3278E-10 1.0436E-09 1.2623E-09 1.4464E-09 1.7597E-09 2.0519E-09 2.5228E-09 2.9712E-09 3.5006E-09 4.2611E-09 5.2017E-09 6.2640E-09 7.4061E-09 8.7000E-09 1.0142E-08 1.1718E-08 1.3407E-08 1.5184E-08 1.7008E-08 1.8840E-08 2.0604E-08 2.2241E-08 2.3700E-08 2.4915E-08 2.5842E-08 2.6447E-08 2.6727E-08 2.6673E-08 2.6333E-08 2.5745E-08 2.4938E-08 2.3941E-08 2.2797E-08 2.1567E-08 2.0273E-08 1.8942E-08 1.7616E-08 1.6312E-08 1.5047E-08 1.3836E-08 1.2704E-08 1.1652E-08 1.0677E-08 9.7814E-09 8.9788E-09 8.2580E-09 7.6140E-09 7.0408E-09 6.5559E-09 6.1315E-09
4.4671E-10 5.0447E-10 5.6662E-10 6.2073E-10 6.7394E-10 7.4981E-10 8.5686E-10 9.5898E-10 1.0782E-09 1.3175E-09 1.5132E-09 1.8272E-09 2.1283E-09 2.5952E-09 3.0478E-09 3.6372E-09 4.3388E-09 5.2417E-09 6.2522E-09 7.3476E-09 8.5824E-09 9.9504E-09 1.1443E-08 1.3046E-08 1.4718E-08 1.6420E-08 1.8107E-08 1.9742E-08 2.1268E-08 2.2627E-08 2.3755E-08 2.4616E-08 2.5200E-08 2.5504E-08 2.5521E-08 2.5288E-08 2.4802E-08 2.4116E-08 2.3262E-08 2.2269E-08 2.1164E-08 1.9988E-08 1.8773E-08 1.7545E-08 1.6312E-08 1.5115E-08 1.3969E-08 1.2874E-08 1.1849E-08 1.0891E-08 1.0018E-08 9.2258E-09 8.5052E-09 7.8659E-09 7.2873E-09 6.7949E-09 6.3613E-09
4.6211E-10 5.2369E-10 5.7487E-10 6.3117E-10 6.8730E-10 7.6618E-10 8.7547E-10 9.8738E-10 1.1126E-09 1.3731E-09 1.5743E-09 1.8880E-09 2.1961E-09 2.5622E-09 3.1098E-09 3.6388E-09 4.3920E-09 5.2564E-09 6.2133E-09 7.2638E-09 8.4366E-09 9.7385E-09 1.1158E-08 1.2665E-08 1.4233E-08 1.5826E-08 1.7404E-08 1.8922E-08 2.0328E-08 2.1578E-08 2.2627E-08 2.3445E-08 2.4015E-08 2.4339E-08 2.4418E-08 2.4266E-08 2.3890E-08 2.3327E-08 2.2585E-08 2.1714E-08 2.0739E-08 1.9683E-08 1.8571E-08 1.7420E-08 1.6277E-08 1.5147E-08 1.4048E-08 1.3010E-08 1.2019E-08 1.1090E-08 1.0238E-08 9.4512E-09 8.7406E-09 8.1080E-09 7.5296E-09 7.0329E-09 6.5882E-09
4.8570E-10 5.3357E-10 5.8258E-10 6.4147E-10 6.9995E-10 7.8185E-10 8.9558E-10 1.0149E-09 1.1496E-09 1.3046E-09 1.6286E-09 1.8661E-09 2.2553E-09 2.6245E-09 3.1585E-09 3.6823E-09 4.4234E-09 5.2482E-09 6.1391E-09 7.1553E-09 8.2807E-09 9.5191E-09 1.0855E-08 1.2270E-08 1.3738E-08 1.5227E-08 1.6701E-08 1.8113E-08 1.9415E-08 2.0568E-08 2.1542E-08 2.2325E-08 2.2892E-08 2.3241E-08 2.3371E-08 2.3286E-08 2.3006E-08 2.2550E-08 2.1929E-08 2.1171E-08 2.0308E-08 1.9349E-08 1.8325E-08 1.7271E-08 1.6201E-08 1.5143E-08 1.4116E-08 1.3117E-08 1.2158E-08 1.1268E-08 1.0438E-08 9.6673E-09 8.9751E-09 8.3439E-09 7.7693E-09 7.2678E-09 6.8166E-09
4.9524E-10 5.4370E-10 5.9021E-10 6.4244E-10 7.1208E-10 7.9710E-10 9.1493E-10 1.0425E-09 1.1844E-09 1.3400E-09 1.6831E-09 1.9487E-09 2.3456E-09 2.7329E-09 3.1943E-09 3.7106E-09 4.4357E-09 5.2198E-09 6.0597E-09 7.0282E-09 8.1129E-09 9.2862E-09 1.0543E-08 1.1870E-08 1.3242E-08 1.4631E-08 1.5998E-08 1.7302E-08 1.8509E-08 1.9584E-08 2.0509E-08 2.1263E-08 2.1832E-08 2.2204E-08 2.2380E-08 2.2366E-08 2.2173E-08 2.1804E-08 2.1286E-08 2.0631E-08 1.9856E-08 1.8990E-08 1.8061E-08 1.7093E-08 1.6102E-08 1.5116E-08 1.4144E-08 1.3191E-08 1.2287E-08 1.1429E-08 1.0616E-08 9.8726E-09 9.1937E-09 8.5699E-09 8.0040E-09 7.4957E-09 7.0475E-09
4.9995E-10 5.4971E-10 5.9775E-10 6.5217E-10 7.2391E-10 8.1466E-10 9.3480E-10 1.0723E-09 1.2138E-09 1.3726E-09 1.7211E-09 1.9901E-09 2.3890E-09 2.7773E-09 3.2180E-09 3.7255E-09 4.4294E-09 5.1779E-09 5.9909E-09 6.9030E-09 7.9227E-09 9.0381E-09 1.0227E-08 1.1470E-08 1.2750E-08 1.4040E-08 1.5304E-08 1.6513E-08 1.7635E-08 1.8642E-08 1.9525E-08 2.0252E-08 2.0813E-08 2.1207E-08 2.1428E-08 2.1477E-08 2.1358E-08 2.1074E-08 2.0640E-08 2.0071E-08 1.9388E-08 1.8618E-08 1.7779E-08 1.6887E-08 1.5981E-08 1.5070E-08 1.4148E-08 1.3252E-08 1.2391E-08 1.1561E-08 1.0786E-08 1.0072E-08 9.4041E-09 8.7934E-09 8.2311E-09 7.7222E-09 7.2828E-09
5.0447E-10 5.5543E-10 6.0533E-10 6.6137E-10 7.3533E-10 8.3059E-10 9.5464E-10 1.0964E-09 1.2400E-09 1.4009E-09 1.7802E-09 2.0486E-09 2.4135E-09 2.7976E-09 3.2319E-09 3.7266E-09 4.4141E-09 5.1028E-09 5.9123E-09 6.7812E-09 7.7371E-09 8.7786E-09 9.8957E-09 1.1064E-08 1.2262E-08 1.3460E-08 1.4635E-08 1.5759E-08 1.6806E-08 1.7760E-08 1.8600E-08 1.9301E-08 1.9863E-08 2.0277E-08 2.0534E-08 2.0634E-08 2.0570E-08 2.0350E-08 1.9988E-08 1.9502E-08 1.8913E-08 1.8223E-08 1.7468E-08 1.6671E-08 1.5840E-08 1.4985E-08 1.4131E-08 1.3295E-08 1.2471E-08 1.1687E-08 1.0947E-08 1.0252E-08 9.6024E-09 9.0088E-09 8.4492E-09 7.9528E-09 7.5298E-09
5.0882E-10 5.5304E-10 6.1253E-10 6.7010E-10 7.4875E-10 8.4860E-10 9.7457E-10 1.1139E-09 1.2504E-09 1.4043E-09 1.8259E-09 2.0913E-09 2.4232E-09 2.8109E-09 3.2361E-09 3.7232E-09 4.3905E-09 5.0537E-09 5.8226E-09 6.6499E-09 7.5544E-09 8.5281E-09 9.5705E-09 1.0662E-08 1.1780E-08 1.2898E-08 1.3996E-08 1.5050E-08 1.6032E-08 1.6935E-08 1.7738E-08 1.8427E-08 1.8991E-08 1.9418E-08 1.9703E-08 1.9830E-08 1.9812E-08 1.9652E-08 1.9361E-08 1.8946E-08 1.8425E-08 1.7823E-08 1.7153E-08 1.6425E-08 1.5668E-08 1.4887E-08 1.4097E-08 1.3305E-08 1.2536E-08 1.1794E-08 1.1090E-08 1.0422E-08 9.7963E-09 9.2143E-09 8.6674E-09 8.1869E-09 7.7700E-09
5.1289E-10 5.5811E-10 6.1899E-10 6.7818E-10 7.6214E-10 8.6674E-10 9.9314E-10 1.1246E-09 1.2634E-09 1.4253E-09 1.8426E-09 2.1132E-09 2.4278E-09 2.8144E-09 3.2371E-09 3.7139E-09 4.2550E-09 4.9929E-09 5.7121E-09 6.5070E-09 7.3677E-09 8.2892E-09 9.2668E-09 1.0284E-08 1.1329E-08 1.2375E-08 1.3401E-08 1.4389E-08 1.5321E-08 1.6182E-08 1.6955E-08 1.7627E-08 1.8189E-08 1.8626E-08 1.8930E-08 1.9089E-08 1.9111E-08 1.8994E-08 1.8758E-08 1.8415E-08 1.7966E-08 1.7429E-08 1.6835E-08 1.6182E-08 1.5491E-08 1.4769E-08 1.4034E-08 1.3304E-08 1.2584E-08 1.1886E-08 1.1214E-08 1.0575E-08 9.9733E-09 9.4050E-09 8.8784E-09 8.4216E-09 8.0057E-09
