Assets/Resources/2015_m01_d29_0200(utc+0800)_l00_csi_1hr_conc.grd
DSAA
         159         159
     -79.000      79.000
     -79.000      79.000
  0.0000E+00  0.5945E-04
[rows 25 to 49 of 159, columns 0 to 56 of 159]
1.3983E-10 1.5866E-10 1.7517E-10 1.9750E-10 2.1761E-10 2.4105E-10 2.6484E-10 2.9215E-10 3.2009E-10 3.5013E-10 3.8426E-10 4.1914E-10 4.5829E-10 4.9848E-10 5.4310E-10 5.8905E-10 6.3790E-10 6.9172E-10 7.4697E-10 8.0717E-10 8.6915E-10 9.3448E-10 1.0032E-09 1.0753E-09 1.1530E-09 1.2323E-09 1.3151E-09 1.4013E-09 1.4941E-09 1.5906E-09 1.6881E-09 1.7921E-09 1.8967E-09 2.0081E-09 2.1228E-09 2.2380E-09 2.3594E-09 2.4809E-09 2.6088E-09 2.7362E-09 2.8659E-09 2.9978E-09 3.1360E-09 3.2726E-09 3.4106E-09 3.5541E-09 3.6944E-09 3.8352E-09 3.9803E-09 4.1218E-09 4.2628E-09 4.4027E-09 4.5458E-09 4.6830E-09 4.8178E-09 4.9531E-09 5.0819E-09
1.3471E-10 1.5304E-10 1.6901E-10 1.9077E-10 2.1026E-10 2.3306E-10 2.5616E-10 2.8276E-10 3.0991E-10 3.3913E-10 3.7243E-10 4.0641E-10 4.4465E-10 4.8387E-10 5.2751E-10 5.7241E-10 6.2018E-10 6.7294E-10 7.2705E-10 7.8616E-10 8.4698E-10 9.1113E-10 9.7863E-10 1.0514E-09 1.1261E-09 1.2043E-09 1.2860E-09 1.3711E-09 1.4630E-09 1.5587E-09 1.6553E-09 1.7588E-09 1.8659E-09 1.9738E-09 2.0884E-09 2.2034E-09 2.3252E-09 2.4470E-09 2.5758E-09 2.7040E-09 2.8348E-09 2.9724E-09 3.1090E-09 3.2477E-09 3.3921E-09 3.5345E-09 3.6781E-09 3.8267E-09 3.9727E-09 4.1190E-09 4.2653E-09 4.4155E-09 4.5611E-09 4.7052E-09 4.8509E-09 4.9912E-09 5.1285E-09
1.2953E-10 1.4733E-10 1.6275E-10 1.8391E-10 2.0277E-10 2.2491E-10 2.4729E-10 2.7314E-10 2.9949E-10 3.2785E-10 3.6028E-10 3.9332E-10 4.3060E-10 4.6878E-10 5.1139E-10 5.5518E-10 6.0357E-10 6.5343E-10 7.0633E-10 7.6425E-10 8.2381E-10 8.8668E-10 9.5289E-10 1.0245E-09 1.0979E-09 1.1748E-09 1.2552E-09 1.3390E-09 1.4299E-09 1.5246E-09 1.6232E-09 1.7228E-09 1.8294E-09 1.9365E-09 2.0509E-09 2.1688E-09 2.2874E-09 2.4130E-09 2.5387E-09 2.6675E-09 2.8032E-09 2.9387E-09 3.0769E-09 3.2172E-09 3.3641E-09 3.5092E-09 3.6560E-09 3.8087E-09 3.9588E-09 4.1098E-09 4.2655E-09 4.4178E-09 4.5696E-09 4.7231E-09 4.8743E-09 5.0226E-09 5.1684E-09
1.2429E-10 1.4155E-10 1.5641E-10 1.7696E-10 1.9517E-10 2.1662E-10 2.3826E-10 2.6334E-10 2.8885E-10 3.1800E-10 3.4785E-10 3.7991E-10 4.1619E-10 4.5330E-10 4.9481E-10 5.3744E-10 5.8466E-10 6.3327E-10 6.8488E-10 7.4153E-10 7.9975E-10 8.6124E-10 9.2606E-10 9.9629E-10 1.0683E-09 1.1438E-09 1.2227E-09 1.3078E-09 1.3947E-09 1.4884E-09 1.5860E-09 1.6844E-09 1.7901E-09 1.8998E-09 2.0102E-09 2.1278E-09 2.2460E-09 2.3719E-09 2.4977E-09 2.6270E-09 2.7638E-09 2.9003E-09 3.0394E-09 3.1854E-09 3.3306E-09 3.4782E-09 3.6321E-09 3.7845E-09 3.9386E-09 4.0982E-09 4.2554E-09 4.4133E-09 4.5713E-09 4.7331E-09 4.8907E-09 5.0470E-09 5.2051E-09
1.1904E-10 1.3318E-10 1.5002E-10 1.6994E-10 1.8748E-10 2.0823E-10 2.2912E-10 2.5340E-10 2.7806E-10 3.0631E-10 3.3520E-10 3.6625E-10 4.0149E-10 4.3748E-10 4.7786E-10 5.1927E-10 5.6525E-10 6.1256E-10 6.6281E-10 7.1812E-10 7.7491E-10 8.3493E-10 8.9825E-10 9.6703E-10 1.0375E-09 1.1114E-09 1.1889E-09 1.2725E-09 1.3606E-09 1.4503E-09 1.5466E-09 1.6470E-09 1.7485E-09 1.8572E-09 1.9699E-09 2.0838E-09 2.2052E-09 2.3272E-09 2.4531E-09 2.5864E-09 2.7200E-09 2.8568E-09 3.0008E-09 3.1448E-09 3.2918E-09 3.4455E-09 3.5987E-09 3.7544E-09 3.9122E-09 4.0765E-09 4.2386E-09 4.4019E-09 4.5699E-09 4.7350E-09 4.9000E-09 5.0679E-09 5.2314E-09
1.1378E-10 1.2738E-10 1.4361E-10 1.6287E-10 1.7975E-10 1.9978E-10 2.1989E-10 2.4336E-10 2.6714E-10 2.9448E-10 3.2239E-10 3.5239E-10 3.8656E-10 4.2139E-10 4.6059E-10 5.0074E-10 5.4544E-10 5.9138E-10 6.4022E-10 6.9410E-10 7.4939E-10 8.0787E-10 8.6960E-10 9.3682E-10 1.0057E-09 1.0779E-09 1.1537E-09 1.2356E-09 1.3223E-09 1.4104E-09 1.5054E-09 1.6045E-09 1.7045E-09 1.8122E-09 1.9240E-09 2.0368E-09 2.1578E-09 2.2794E-09 2.4048E-09 2.5382E-09 2.6717E-09 2.8090E-09 2.9541E-09 3.0992E-09 3.2477E-09 3.4039E-09 3.5596E-09 3.7181E-09 3.8839E-09 4.0484E-09 4.2151E-09 4.3873E-09 4.5580E-09 4.7297E-09 4.9054E-09 5.0782E-09 5.2503E-09
1.0853E-10 1.2160E-10 1.3721E-10 1.5580E-10 1.7200E-10 1.9129E-10 2.1063E-10 2.3326E-10 2.5616E-10 2.8255E-10 3.0946E-10 3.3840E-10 3.7146E-10 4.0511E-10 4.4309E-10 4.8194E-10 5.2531E-10 5.6983E-10 6.1720E-10 6.6959E-10 7.2330E-10 7.8016E-10 8.4023E-10 9.0580E-10 9.7290E-10 1.0434E-09 1.1174E-09 1.1976E-09 1.2823E-09 1.3717E-09 1.4624E-09 1.5600E-09 1.6618E-09 1.7649E-09 1.8755E-09 1.9910E-09 2.1076E-09 2.2283E-09 2.3567E-09 2.4861E-09 2.6195E-09 2.7608E-09 2.9029E-09 3.0489E-09 3.2027E-09 3.3569E-09 3.5148E-09 3.6801E-09 3.8455E-09 4.0138E-09 4.1849E-09 4.3626E-09 4.5390E-09 4.7170E-09 4.9003E-09 5.0809E-09 5.2620E-09
1.0333E-10 1.1585E-10 1.3083E-10 1.4614E-10 1.6426E-10 1.8281E-10 2.0136E-10 2.2315E-10 2.4515E-10 2.7058E-10 2.9647E-10 3.2433E-10 3.5625E-10 3.8870E-10 4.2542E-10 4.6294E-10 5.0493E-10 5.4799E-10 5.9384E-10 6.4469E-10 6.9677E-10 7.5194E-10 8.1027E-10 8.7409E-10 9.3936E-10 1.0080E-09 1.0801E-09 1.1582E-09 1.2412E-09 1.3290E-09 1.4205E-09 1.5138E-09 1.6141E-09 1.7188E-09 1.8249E-09 1.9393E-09 2.0546E-09 2.1740E-09 2.3018E-09 2.4306E-09 2.5636E-09 2.7051E-09 2.8474E-09 2.9940E-09 3.1491E-09 3.3048E-09 3.4645E-09 3.6327E-09 3.8010E-09 3.9728E-09 4.1519E-09 4.3310E-09 4.5128E-09 4.7008E-09 4.8876E-09 5.0765E-09 5.2708E-09
9.8174E-11 1.1015E-10 1.2450E-10 1.3916E-10 1.5655E-10 1.7436E-10 1.9212E-10 2.1305E-10 2.3414E-10 2.5861E-10 2.8347E-10 3.1024E-10 3.4100E-10 3.7222E-10 4.0765E-10 4.4381E-10 4.8439E-10 5.2596E-10 5.7205E-10 6.1950E-10 6.6989E-10 7.2331E-10 7.8175E-10 8.4183E-10 9.0520E-10 9.7190E-10 1.0420E-09 1.1178E-09 1.1987E-09 1.2845E-09 1.3747E-09 1.4660E-09 1.5647E-09 1.6678E-09 1.7722E-09 1.8852E-09 1.9989E-09 2.1170E-09 2.2440E-09 2.3718E-09 2.5080E-09 2.6456E-09 2.7879E-09 2.9387E-09 3.0909E-09 3.2477E-09 3.4131E-09 3.5797E-09 3.7505E-09 3.9292E-09 4.1089E-09 4.2924E-09 4.4830E-09 4.6737E-09 4.8681E-09 5.0650E-09 5.2680E-09
9.0618E-11 1.0452E-10 1.1824E-10 1.3226E-10 1.4892E-10 1.6597E-10 1.8294E-10 2.0301E-10 2.2319E-10 2.4668E-10 2.7050E-10 2.9617E-10 3.2575E-10 3.5574E-10 3.8986E-10 4.2464E-10 4.6377E-10 5.0382E-10 5.4833E-10 5.9411E-10 6.4277E-10 6.9440E-10 7.5100E-10 8.0916E-10 8.7055E-10 9.3522E-10 1.0050E-09 1.0770E-09 1.1558E-09 1.2396E-09 1.3278E-09 1.4199E-09 1.5138E-09 1.6151E-09 1.7214E-09 1.8289E-09 1.9410E-09 2.0615E-09 2.1834E-09 2.3101E-09 2.4456E-09 2.5826E-09 2.7244E-09 2.8756E-09 3.0282E-09 3.1857E-09 3.3528E-09 3.5211E-09 3.6942E-09 3.8761E-09 4.0593E-09 4.2469E-09 4.4428E-09 4.6402E-09 4.8412E-09 5.0494E-09 5.2566E-09
8.5696E-11 9.8981E-11 1.1207E-10 1.2545E-10 1.4137E-10 1.5767E-10 1.7386E-10 1.9306E-10 2.1234E-10 2.3317E-10 2.5762E-10 2.8218E-10 3.1058E-10 3.3931E-10 3.7211E-10 4.0549E-10 4.4315E-10 4.8166E-10 5.2455E-10 5.6864E-10 6.1553E-10 6.6531E-10 7.2002E-10 7.7620E-10 8.3555E-10 8.9812E-10 9.6512E-10 1.0373E-09 1.1117E-09 1.1932E-09 1.2794E-09 1.3699E-09 1.4616E-09 1.5610E-09 1.6653E-09 1.7709E-09 1.8811E-09 2.0001E-09 2.1204E-09 2.2456E-09 2.3802E-09 2.5163E-09 2.6614E-09 2.8087E-09 2.9612E-09 3.1234E-09 3.2876E-09 3.4572E-09 3.6359E-09 3.8170E-09 4.0033E-09 4.1986E-09 4.3966E-09 4.5993E-09 4.8102E-09 5.0217E-09 5.2365E-09
8.0879E-11 9.3549E-11 1.0348E-10 1.1876E-10 1.3394E-10 1.4787E-10 1.6489E-10 1.8160E-10 2.0160E-10 2.2147E-10 2.4486E-10 2.6831E-10 2.9552E-10 3.2300E-10 3.5446E-10 3.8643E-10 4.2261E-10 4.5955E-10 5.0081E-10 5.4317E-10 5.8827E-10 6.3617E-10 6.8894E-10 7.4310E-10 8.0035E-10 8.6075E-10 9.2554E-10 9.9548E-10 1.0672E-09 1.1463E-09 1.2304E-09 1.3185E-09 1.4113E-09 1.5056E-09 1.6079E-09 1.7113E-09 1.8194E-09 1.9366E-09 2.0551E-09 2.1826E-09 2.3121E-09 2.4469E-09 2.5914E-09 2.7380E-09 2.8903E-09 3.0529E-09 3.2176E-09 3.3882E-09 3.5688E-09 3.7519E-09 3.9412E-09 4.1411E-09 4.3432E-09 4.5507E-09 4.7676E-09 4.9855E-09 5.2066E-09
7.6180E-11 8.8239E-11 9.7629E-11 1.1219E-10 1.2664E-10 1.3986E-10 1.5608E-10 1.7195E-10 1.9103E-10 2.0994E-10 2.3227E-10 2.5462E-10 2.8063E-10 3.0685E-10 3.3697E-10 3.6753E-10 4.0221E-10 4.3758E-10 4.7718E-10 5.1781E-10 5.6108E-10 6.0708E-10 6.5787E-10 7.0996E-10 7.6507E-10 8.2326E-10 8.8577E-10 9.5243E-10 1.0244E-09 1.0990E-09 1.1808E-09 1.2668E-09 1.3573E-09 1.4528E-09 1.5494E-09 1.6504E-09 1.7601E-09 1.8715E-09 1.9879E-09 2.1138E-09 2.2416E-09 2.3748E-09 2.5184E-09 2.6640E-09 2.8197E-09 2.9783E-09 3.1432E-09 3.3181E-09 3.4964E-09 3.6816E-09 3.8776E-09 4.0769E-09 4.2826E-09 4.4985E-09 4.7168E-09 4.9396E-09 5.1709E-09
7.1608E-11 8.0566E-11 9.1925E-11 1.0578E-10 1.1692E-10 1.3202E-10 1.4744E-10 1.6249E-10 1.8065E-10 1.9860E-10 2.1989E-10 2.4114E-10 2.6595E-10 2.9093E-10 3.1970E-10 3.4885E-10 3.8203E-10 4.1582E-10 4.5375E-10 4.9263E-10 5.3406E-10 5.7814E-10 6.2692E-10 6.7693E-10 7.2986E-10 7.8579E-10 8.4507E-10 9.1015E-10 9.7837E-10 1.0529E-09 1.1302E-09 1.2141E-09 1.3023E-09 1.3959E-09 1.4900E-09 1.5885E-09 1.6959E-09 1.8049E-09 1.9191E-09 2.0430E-09 2.1688E-09 2.3044E-09 2.4426E-09 2.5870E-09 2.7420E-09 2.9000E-09 3.0646E-09 3.2400E-09 3.4194E-09 3.6062E-09 3.8044E-09 4.0061E-09 4.2186E-09 4.4350E-09 4.6568E-09 4.8884E-09 5.1226E-09
6.7175E-11 7.5635E-11 8.6379E-11 9.9532E-11 1.1005E-10 1.2437E-10 1.3900E-10 1.5324E-10 1.7049E-10 1.8750E-10 2.0774E-10 2.2791E-10 2.5153E-10 2.7528E-10 3.0270E-10 3.3045E-10 3.6212E-10 3.9434E-10 4.2879E-10 4.6772E-10 5.0731E-10 5.4946E-10 5.9621E-10 6.4410E-10 6.9481E-10 7.4838E-10 8.0529E-10 8.6793E-10 9.3371E-10 1.0056E-09 1.0796E-09 1.1617E-09 1.2473E-09 1.3385E-09 1.4299E-09 1.5257E-09 1.6307E-09 1.7372E-09 1.8528E-09 1.9707E-09 2.0942E-09 2.2280E-09 2.3644E-09 2.5071E-09 2.6611E-09 2.8181E-09 2.9856E-09 3.1580E-09 3.3379E-09 3.5293E-09 3.7252E-09 3.9289E-09 4.1442E-09 4.3628E-09 4.5885E-09 4.8254E-09 5.0652E-09
6.0495E-11 7.0798E-11 8.1003E-11 9.0930E-11 1.0173E-10 1.1693E-10 1.3078E-10 1.4423E-10 1.6058E-10 1.7666E-10 1.9587E-10 2.1497E-10 2.3742E-10 2.5994E-10 2.8603E-10 3.1239E-10 3.4255E-10 3.7320E-10 4.0600E-10 4.4316E-10 4.8091E-10 5.2113E-10 5.6584E-10 6.1156E-10 6.5999E-10 7.1125E-10 7.6578E-10 8.2440E-10 8.8925E-10 9.5708E-10 1.0314E-09 1.1083E-09 1.1916E-09 1.2804E-09 1.3694E-09 1.4624E-09 1.5648E-09 1.6685E-09 1.7816E-09 1.8970E-09 2.0180E-09 2.1497E-09 2.2840E-09 2.4289E-09 2.5774E-09 2.7331E-09 2.9002E-09 3.0720E-09 3.2517E-09 3.4437E-09 3.6404E-09 3.8489E-09 4.0621E-09 4.2833E-09 4.5164E-09 4.7539E-09 4.9997E-09
5.6476E-11 6.6195E-11 7.5735E-11 8.5162E-11 9.5315E-11 1.0970E-10 1.2279E-10 1.3547E-10 1.5093E-10 1.6611E-10 1.8430E-10 2.0236E-10 2.2364E-10 2.4495E-10 2.6972E-10 2.9471E-10 3.2338E-10 3.5248E-10 3.8363E-10 4.1903E-10 4.5495E-10 4.9323E-10 5.3388E-10 5.7937E-10 6.2558E-10 6.7458E-10 7.2676E-10 7.8286E-10 8.4432E-10 9.0984E-10 9.8105E-10 1.0567E-09 1.1359E-09 1.2222E-09 1.3085E-09 1.4027E-09 1.4984E-09 1.5992E-09 1.7097E-09 1.8222E-09 1.9406E-09 2.0700E-09 2.2018E-09 2.3448E-09 2.4913E-09 2.6455E-09 2.8115E-09 2.9822E-09 3.1650E-09 3.3532E-09 3.5498E-09 3.7590E-09 3.9736E-09 4.1968E-09 4.4330E-09 4.6747E-09 4.9250E-09
5.2616E-11 6.1429E-11 6.8318E-11 7.7904E-11 8.9123E-11 1.0015E-10 1.1344E-10 1.2698E-10 1.4158E-10 1.5588E-10 1.7306E-10 1.9009E-10 2.1022E-10 2.3035E-10 2.5382E-10 2.7745E-10 3.0465E-10 3.3222E-10 3.6175E-10 3.9539E-10 4.2948E-10 4.6576E-10 5.0437E-10 5.4772E-10 5.9179E-10 6.3850E-10 6.8826E-10 7.4184E-10 7.9980E-10 8.6349E-10 9.3093E-10 1.0046E-09 1.0806E-09 1.1646E-09 1.2479E-09 1.3391E-09 1.4318E-09 1.5296E-09 1.6372E-09 1.7467E-09 1.8664E-09 1.9889E-09 2.1181E-09 2.2588E-09 2.4032E-09 2.5589E-09 2.7197E-09 2.8889E-09 3.0708E-09 3.2579E-09 3.4539E-09 3.6636E-09 3.8789E-09 4.1075E-09 4.3425E-09 4.5874E-09 4.8454E-09
4.8920E-11 5.4826E-11 6.3631E-11 7.2622E-11 8.3163E-11 9.3526E-11 1.0603E-10 1.1878E-10 1.3092E-10 1.4597E-10 1.6052E-10 1.7820E-10 1.9551E-10 2.1618E-10 2.3662E-10 2.6067E-10 2.8465E-10 3.1247E-10 3.4040E-10 3.7228E-10 4.0448E-10 4.3886E-10 4.7550E-10 5.1680E-10 5.5867E-10 6.0308E-10 6.5042E-10 7.0049E-10 7.5637E-10 8.1552E-10 8.8145E-10 9.5136E-10 1.0287E-09 1.1066E-09 1.1875E-09 1.2757E-09 1.3652E-09 1.4598E-09 1.5644E-09 1.6708E-09 1.7875E-09 1.9070E-09 2.0332E-09 2.1715E-09 2.3132E-09 2.4666E-09 2.6252E-09 2.7924E-09 2.9726E-09 3.1583E-09 3.3574E-09 3.5630E-09 3.7784E-09 4.0081E-09 4.2450E-09 4.4920E-09 4.7535E-09
4.3101E-11 5.0760E-11 5.8780E-11 6.7221E-11 7.4922E-11 8.5511E-11 9.8902E-11 1.1088E-10 1.2225E-10 1.3641E-10 1.5006E-10 1.6671E-10 1.8297E-10 2.0246E-10 2.2170E-10 2.4440E-10 2.6699E-10 2.9329E-10 3.1959E-10 3.4969E-10 3.8013E-10 4.1267E-10 4.4742E-10 4.8660E-10 5.2629E-10 5.6840E-10 6.1334E-10 6.6091E-10 7.1371E-10 7.7054E-10 8.3288E-10 8.9914E-10 9.7451E-10 1.0489E-09 1.1270E-09 1.2127E-09 1.2989E-09 1.3942E-09 1.4916E-09 1.5946E-09 1.7082E-09 1.8245E-09 1.9517E-09 2.0829E-09 2.2216E-09 2.3724E-09 2.5284E-09 2.6967E-09 2.8711E-09 3.0548E-09 3.2526E-09 3.4571E-09 3.6758E-09 3.9027E-09 4.1404E-09 4.3929E-09 4.6529E-09
3.9815E-11 4.7027E-11 5.2090E-11 6.0028E-11 6.9578E-11 7.9385E-11 8.9393E-11 1.0330E-10 1.1393E-10 1.2721E-10 1.3999E-10 1.5564E-10 1.7088E-10 1.8922E-10 2.0728E-10 2.2866E-10 2.4990E-10 2.7462E-10 2.9935E-10 3.2778E-10 3.5654E-10 3.8730E-10 4.2010E-10 4.5718E-10 4.9472E-10 5.3456E-10 5.7678E-10 6.2221E-10 6.7137E-10 7.2603E-10 7.8417E-10 8.4923E-10 9.2077E-10 9.9241E-10 1.0678E-09 1.1503E-09 1.2332E-09 1.3251E-09 1.4191E-09 1.5186E-09 1.6288E-09 1.7416E-09 1.8656E-09 1.9934E-09 2.1286E-09 2.2762E-09 2.4288E-09 2.5943E-09 2.7660E-09 2.9474E-09 3.1436E-09 3.3465E-09 3.5648E-09 3.7912E-09 4.0288E-09 4.2823E-09 4.5436E-09
3.6702E-11 4.1161E-11 4.8022E-11 5.5424E-11 6.2980E-11 7.1125E-11 8.2934E-11 9.4300E-11 1.0595E-10 1.1839E-10 1.3033E-10 1.4500E-10 1.5926E-10 1.7647E-10 1.9339E-10 2.1347E-10 2.3331E-10 2.5657E-10 2.7980E-10 3.0666E-10 3.3375E-10 3.6271E-10 3.9361E-10 4.2862E-10 4.6404E-10 5.0165E-10 5.4153E-10 5.8414E-10 6.3062E-10 6.8110E-10 7.3733E-10 7.9854E-10 8.6733E-10 9.3631E-10 1.0084E-09 1.0885E-09 1.1681E-09 1.2566E-09 1.3470E-09 1.4428E-09 1.5493E-09 1.6582E-09 1.7785E-09 1.9024E-09 2.0376E-09 2.1782E-09 2.3274E-09 2.4898E-09 2.6585E-09 2.8411E-09 3.0310E-09 3.2319E-09 3.4489E-09 3.6739E-09 3.9133E-09 4.1644E-09 4.4260E-09
3.1624E-11 3.7486E-11 4.4316E-11 5.1196E-11 5.5792E-11 6.5519E-11 7.5189E-11 8.7379E-11 9.8321E-11 1.0834E-10 1.2108E-10 1.3313E-10 1.4812E-10 1.6424E-10 1.8002E-10 1.9878E-10 2.1736E-10 2.3921E-10 2.6106E-10 2.8450E-10 3.1174E-10 3.3895E-10 3.6799E-10 4.0098E-10 4.3431E-10 4.6974E-10 5.0733E-10 5.4751E-10 5.9143E-10 6.3921E-10 6.9201E-10 7.4883E-10 8.1600E-10 8.8122E-10 9.5097E-10 1.0277E-09 1.1037E-09 1.1885E-09 1.2749E-09 1.3709E-09 1.4696E-09 1.5747E-09 1.6912E-09 1.8113E-09 1.9428E-09 2.0795E-09 2.2248E-09 2.3839E-09 2.5490E-09 2.7286E-09 2.9155E-09 3.1177E-09 3.3286E-09 3.5515E-09 3.7910E-09 4.0395E-09 4.3006E-09
2.8761E-11 3.2093E-11 3.7990E-11 4.4471E-11 5.1421E-11 5.9168E-11 6.9168E-11 7.8038E-11 9.0999E-11 1.0036E-10 1.1225E-10 1.2346E-10 1.3746E-10 1.5081E-10 1.6716E-10 1.8298E-10 2.0210E-10 2.2083E-10 2.4306E-10 2.6499E-10 2.9057E-10 3.1606E-10 3.4330E-10 3.7234E-10 4.0561E-10 4.3890E-10 4.7423E-10 5.1205E-10 5.5211E-10 5.9810E-10 6.4734E-10 7.0161E-10 7.6424E-10 8.2759E-10 8.9401E-10 9.6722E-10 1.0400E-09 1.1211E-09 1.2037E-09 1.2959E-09 1.3907E-09 1.4917E-09 1.6044E-09 1.7203E-09 1.8478E-09 1.9804E-09 2.1255E-09 2.2769E-09 2.4380E-09 2.6140E-09 2.7975E-09 2.9965E-09 3.2043E-09 3.4243E-09 3.6617E-09 3.9082E-09 4.1678E-09
2.6096E-11 2.9028E-11 3.4579E-11 4.0799E-11 4.7294E-11 5.2035E-11 6.1071E-11 7.1736E-11 8.2343E-11 9.2717E-11 1.0385E-10 1.1425E-10 1.2724E-10 1.3963E-10 1.5488E-10 1.6967E-10 1.8755E-10 2.0502E-10 2.2582E-10 2.4629E-10 2.7024E-10 2.9408E-10 3.1956E-10 3.4675E-10 3.7796E-10 4.0917E-10 4.4232E-10 4.7745E-10 5.1544E-10 5.5747E-10 6.0348E-10 6.5433E-10 7.1406E-10 7.7418E-10 8.3727E-10 9.0812E-10 9.7749E-10 1.0549E-09 1.1337E-09 1.2220E-09 1.3128E-09 1.4098E-09 1.5184E-09 1.6300E-09 1.7532E-09 1.8814E-09 2.0222E-09 2.1692E-09 2.3260E-09 2.4980E-09 2.6773E-09 2.8726E-09 3.0765E-09 3.2970E-09 3.5274E-09 3.7711E-09 4.0327E-09
