Assets/Resources/2015_m01_d02_1400(utc+0800)_l00_csi_1hr_conc.grd
DSAA
         159         159
     -79.000      79.000
     -79.000      79.000
  0.0000E+00  0.6843E-05
[rows 0 to 24 of 159, columns 0 to 56 of 159]
0.0000E+00 0.0000E+00 0.0000E+00 0.0000E+00 0.0000E+00 0.0000E+00 0.0000E+00 0.0000E+00 0.0000E+00 0.0000E+00 0.0000E+00 0.0000E+00 0.0000E+00 0.0000E+00 0.0000E+00 0.0000E+00 0.0000E+00 0.0000E+00 0.0000E+00 0.0000E+00 0.0000E+00 0.0000E+00 0.0000E+00 0.0000E+00 0.0000E+00 0.0000E+00 0.0000E+00 0.0000E+00 0.0000E+00 4.0840E-13 1.2134E-12 1.8281E-12 3.2691E-12 5.6714E-12 1.1379E-11 1.7347E-11 2.5431E-11 3.7378E-11 5.3777E-11 7.6059E-11 1.0298E-10 1.3743E-10 1.7956E-10 2.3279E-10 2.9560E-10 3.7090E-10 4.6263E-10 5.7048E-10 6.9615E-10 8.3457E-10 9.9113E-10 1.1684E-09 1.3671E-09 1.5865E-09 1.8268E-09 2.0879E-09 2.3701E-09
0.0000E+00 0.0000E+00 0.0000E+00 0.0000E+00 0.0000E+00 0.0000E+00 0.0000E+00 0.0000E+00 0.0000E+00 0.0000E+00 0.0000E+00 0.0000E+00 0.0000E+00 0.0000E+00 0.0000E+00 0.0000E+00 0.0000E+00 0.0000E+00 0.0000E+00 0.0000E+00 0.0000E+00 0.0000E+00 0.0000E+00 0.0000E+00 0.0000E+00 0.0000E+00 0.0000E+00 0.0000E+00 7.6132E-14 8.8000E-13 1.4773E-12 2.6356E-12 4.5537E-12 9.1409E-12 1.5638E-11 2.1732E-11 3.2561E-11 4.6408E-11 6.5003E-11 9.0021E-11 1.2071E-10 1.5980E-10 2.0727E-10 2.6521E-10 3.3460E-10 4.1994E-10 5.2136E-10 6.3877E-10 7.7292E-10 9.2381E-10 1.0965E-09 1.2908E-09 1.5073E-09 1.7452E-09 2.0049E-09 2.2864E-09 2.5898E-09
0.0000E+00 0.0000E+00 0.0000E+00 0.0000E+00 0.0000E+00 0.0000E+00 0.0000E+00 0.0000E+00 0.0000E+00 0.0000E+00 0.0000E+00 0.0000E+00 0.0000E+00 0.0000E+00 0.0000E+00 0.0000E+00 0.0000E+00 0.0000E+00 0.0000E+00 0.0000E+00 0.0000E+00 0.0000E+00 0.0000E+00 0.0000E+00 0.0000E+00 0.0000E+00 0.0000E+00 0.0000E+00 5.0063E-13 1.3478E-12 2.1516E-12 3.9278E-12 6.6516E-12 1.3003E-11 1.9571E-11 2.7795E-11 4.0550E-11 5.6126E-11 7.7909E-11 1.0652E-10 1.4068E-10 1.8417E-10 2.3626E-10 3.0089E-10 3.7886E-10 4.7288E-10 5.8242E-10 7.0997E-10 8.5707E-10 1.0223E-09 1.2095E-09 1.4190E-09 1.6524E-09 1.9093E-09 2.1898E-09 2.4933E-09 2.8188E-09
0.0000E+00 0.0000E+00 0.0000E+00 0.0000E+00 0.0000E+00 0.0000E+00 0.0000E+00 0.0000E+00 0.0000E+00 0.0000E+00 0.0000E+00 0.0000E+00 0.0000E+00 0.0000E+00 0.0000E+00 0.0000E+00 0.0000E+00 0.0000E+00 0.0000E+00 0.0000E+00 0.0000E+00 0.0000E+00 0.0000E+00 0.0000E+00 0.0000E+00 0.0000E+00 0.0000E+00 7.6663E-14 9.3929E-13 1.6594E-12 3.0445E-12 4.9904E-12 9.7167E-12 1.7092E-11 2.3675E-11 3.4870E-11 4.8890E-11 6.6717E-11 9.2548E-11 1.2421E-10 1.6227E-10 2.1068E-10 2.6864E-10 3.4067E-10 4.2599E-10 5.2813E-10 6.4849E-10 7.8849E-10 9.4702E-10 1.1252E-09 1.3269E-09 1.5542E-09 1.8079E-09 2.0864E-09 2.3889E-09 2.7146E-09 3.0624E-09
0.0000E+00 0.0000E+00 0.0000E+00 0.0000E+00 0.0000E+00 0.0000E+00 0.0000E+00 0.0000E+00 0.0000E+00 0.0000E+00 0.0000E+00 0.0000E+00 0.0000E+00 0.0000E+00 0.0000E+00 0.0000E+00 0.0000E+00 0.0000E+00 0.0000E+00 0.0000E+00 0.0000E+00 0.0000E+00 0.0000E+00 0.0000E+00 0.0000E+00 0.0000E+00 0.0000E+00 4.6316E-13 1.3603E-12 2.2977E-12 4.1896E-12 6.9931E-12 1.3521E-11 2.0874E-11 2.9602E-11 4.2342E-11 5.7509E-11 7.9770E-11 1.0838E-10 1.4248E-10 1.8613E-10 2.3961E-10 3.0356E-10 3.8230E-10 4.7601E-10 5.8880E-10 7.1986E-10 8.7004E-10 1.0401E-09 1.2341E-09 1.4541E-09 1.6999E-09 1.9717E-09 2.2693E-09 2.5921E-09 2.9392E-09 3.3095E-09
0.0000E+00 0.0000E+00 0.0000E+00 0.0000E+00 0.0000E+00 0.0000E+00 0.0000E+00 0.0000E+00 0.0000E+00 0.0000E+00 0.0000E+00 0.0000E+00 0.0000E+00 0.0000E+00 0.0000E+00 0.0000E+00 0.0000E+00 0.0000E+00 0.0000E+00 0.0000E+00 0.0000E+00 0.0000E+00 0.0000E+00 0.0000E+00 0.0000E+00 0.0000E+00 0.0000E+00 8.5654E-13 1.6715E-12 2.9617E-12 5.2948E-12 9.6385E-12 1.7039E-11 2.4711E-11 3.5995E-11 4.9809E-11 6.7668E-11 9.3410E-11 1.2396E-10 1.6319E-10 2.1211E-10 2.7082E-10 3.4101E-10 4.2765E-10 5.3078E-10 6.5249E-10 7.9288E-10 9.5526E-10 1.1408E-09 1.3515E-09 1.5873E-09 1.8497E-09 2.1404E-09 2.4593E-09 2.8049E-09 3.1756E-09 3.5689E-09
0.0000E+00 0.0000E+00 0.0000E+00 0.0000E+00 0.0000E+00 0.0000E+00 0.0000E+00 0.0000E+00 0.0000E+00 0.0000E+00 0.0000E+00 0.0000E+00 0.0000E+00 0.0000E+00 0.0000E+00 0.0000E+00 0.0000E+00 0.0000E+00 0.0000E+00 0.0000E+00 0.0000E+00 0.0000E+00 0.0000E+00 0.0000E+00 0.0000E+00 0.0000E+00 0.0000E+00 1.2554E-12 2.2448E-12 3.5573E-12 6.8772E-12 1.2637E-11 2.0631E-11 2.9816E-11 4.2728E-11 5.7804E-11 7.9552E-11 1.0712E-10 1.4044E-10 1.8579E-10 2.3904E-10 3.0245E-10 3.8189E-10 4.7701E-10 5.8764E-10 7.1775E-10 8.7070E-10 1.0473E-09 1.2469E-09 1.4717E-09 1.7250E-09 2.0079E-09 2.3200E-09 2.6607E-09 3.0269E-09 3.4181E-09 3.8324E-09
0.0000E+00 0.0000E+00 0.0000E+00 0.0000E+00 0.0000E+00 0.0000E+00 0.0000E+00 0.0000E+00 0.0000E+00 0.0000E+00 0.0000E+00 0.0000E+00 0.0000E+00 0.0000E+00 0.0000E+00 0.0000E+00 0.0000E+00 0.0000E+00 0.0000E+00 0.0000E+00 0.0000E+00 0.0000E+00 0.0000E+00 0.0000E+00 0.0000E+00 0.0000E+00 0.0000E+00 1.4534E-12 2.8304E-12 4.1755E-12 8.9408E-12 1.5550E-11 2.4312E-11 3.5086E-11 4.9713E-11 6.6911E-11 9.1455E-11 1.2081E-10 1.5952E-10 2.0895E-10 2.6613E-10 3.3806E-10 4.2550E-10 5.2743E-10 6.4643E-10 7.8822E-10 9.5340E-10 1.1417E-09 1.3557E-09 1.5989E-09 1.8710E-09 2.1727E-09 2.5038E-09 2.8632E-09 3.2507E-09 3.6642E-09 4.1005E-09
0.0000E+00 0.0000E+00 0.0000E+00 0.0000E+00 0.0000E+00 0.0000E+00 0.0000E+00 0.0000E+00 0.0000E+00 0.0000E+00 0.0000E+00 0.0000E+00 0.0000E+00 0.0000E+00 0.0000E+00 0.0000E+00 0.0000E+00 0.0000E+00 0.0000E+00 0.0000E+00 0.0000E+00 0.0000E+00 0.0000E+00 0.0000E+00 0.0000E+00 0.0000E+00 0.0000E+00 1.5845E-12 3.4216E-12 5.0036E-12 1.1200E-11 1.8207E-11 2.8406E-11 4.0848E-11 5.6950E-11 7.6504E-11 1.0329E-10 1.3559E-10 1.7954E-10 2.3209E-10 2.9529E-10 3.7544E-10 4.6938E-10 5.7885E-10 7.0921E-10 8.6209E-10 1.0384E-09 1.2405E-09 1.4712E-09 1.7306E-09 2.0200E-09 2.3397E-09 2.6917E-09 3.0740E-09 3.4838E-09 3.9189E-09 4.3753E-09
0.0000E+00 0.0000E+00 0.0000E+00 0.0000E+00 0.0000E+00 0.0000E+00 0.0000E+00 0.0000E+00 0.0000E+00 0.0000E+00 0.0000E+00 0.0000E+00 0.0000E+00 0.0000E+00 0.0000E+00 0.0000E+00 0.0000E+00 0.0000E+00 0.0000E+00 0.0000E+00 0.0000E+00 0.0000E+00 0.0000E+00 0.0000E+00 0.0000E+00 0.0000E+00 0.0000E+00 1.7148E-12 3.7307E-12 6.1370E-12 1.3668E-11 2.0918E-11 3.2655E-11 4.6697E-11 6.4795E-11 8.6666E-11 1.1584E-10 1.5228E-10 1.9973E-10 2.5608E-10 3.2695E-10 4.1320E-10 5.1376E-10 6.3264E-10 7.7379E-10 9.3804E-10 1.1279E-09 1.3440E-09 1.5893E-09 1.8649E-09 2.1731E-09 2.5140E-09 2.8862E-09 3.2880E-09 3.7176E-09 4.1716E-09 4.6479E-09
0.0000E+00 0.0000E+00 0.0000E+00 0.0000E+00 0.0000E+00 0.0000E+00 0.0000E+00 0.0000E+00 0.0000E+00 0.0000E+00 0.0000E+00 0.0000E+00 0.0000E+00 0.0000E+00 0.0000E+00 0.0000E+00 0.0000E+00 0.0000E+00 0.0000E+00 0.0000E+00 0.0000E+00 0.0000E+00 0.0000E+00 0.0000E+00 0.0000E+00 0.0000E+00 0.0000E+00 1.8675E-12 4.0579E-12 7.2831E-12 1.5977E-11 2.3600E-11 3.7377E-11 5.2277E-11 7.2056E-11 9.6414E-11 1.2781E-10 1.6816E-10 2.1936E-10 2.8088E-10 3.5877E-10 4.5087E-10 5.5943E-10 6.8786E-10 8.3960E-10 1.0161E-09 1.2196E-09 1.4498E-09 1.7104E-09 2.0036E-09 2.3310E-09 2.6893E-09 3.0800E-09 3.5016E-09 3.9526E-09 4.4284E-09 4.9245E-09
0.0000E+00 0.0000E+00 0.0000E+00 0.0000E+00 0.0000E+00 0.0000E+00 0.0000E+00 0.0000E+00 0.0000E+00 0.0000E+00 0.0000E+00 0.0000E+00 0.0000E+00 0.0000E+00 0.0000E+00 0.0000E+00 0.0000E+00 0.0000E+00 0.0000E+00 0.0000E+00 0.0000E+00 0.0000E+00 0.0000E+00 0.0000E+00 0.0000E+00 0.0000E+00 0.0000E+00 1.8646E-12 4.2104E-12 8.1075E-12 1.7802E-11 2.6210E-11 4.2123E-11 5.7515E-11 7.9781E-11 1.0629E-10 1.4105E-10 1.8508E-10 2.3944E-10 3.0671E-10 3.9047E-10 4.8869E-10 6.0562E-10 7.4376E-10 9.0598E-10 1.0948E-09 1.3115E-09 1.5572E-09 1.8346E-09 2.1445E-09 2.4893E-09 2.8676E-09 3.2797E-09 3.7237E-09 4.1952E-09 4.6889E-09 5.2019E-09
0.0000E+00 0.0000E+00 0.0000E+00 0.0000E+00 0.0000E+00 0.0000E+00 0.0000E+00 0.0000E+00 0.0000E+00 0.0000E+00 0.0000E+00 0.0000E+00 0.0000E+00 0.0000E+00 0.0000E+00 0.0000E+00 0.0000E+00 0.0000E+00 0.0000E+00 0.0000E+00 0.0000E+00 0.0000E+00 0.0000E+00 0.0000E+00 0.0000E+00 0.0000E+00 0.0000E+00 1.8478E-12 4.3905E-12 8.8975E-12 1.9070E-11 2.8919E-11 4.6241E-11 6.2289E-11 8.7164E-11 1.1516E-10 1.5296E-10 2.0086E-10 2.5858E-10 3.3210E-10 4.2105E-10 5.2663E-10 6.5154E-10 7.9910E-10 9.7241E-10 1.1742E-09 1.4041E-09 1.6658E-09 1.9591E-09 2.2868E-09 2.6503E-09 3.0483E-09 3.4806E-09 3.9426E-09 4.4315E-09 4.9441E-09 5.4744E-09
0.0000E+00 0.0000E+00 0.0000E+00 0.0000E+00 0.0000E+00 0.0000E+00 0.0000E+00 0.0000E+00 0.0000E+00 0.0000E+00 0.0000E+00 0.0000E+00 0.0000E+00 0.0000E+00 0.0000E+00 0.0000E+00 0.0000E+00 0.0000E+00 0.0000E+00 0.0000E+00 0.0000E+00 0.0000E+00 0.0000E+00 0.0000E+00 0.0000E+00 0.0000E+00 0.0000E+00 1.8169E-12 4.5413E-12 9.4093E-12 1.9961E-11 3.1164E-11 4.9338E-11 6.6890E-11 9.4261E-11 1.2360E-10 1.6530E-10 2.1599E-10 2.7808E-10 3.5690E-10 4.5146E-10 5.6383E-10 6.9663E-10 8.5397E-10 1.0378E-09 1.2525E-09 1.4965E-09 1.7735E-09 2.0833E-09 2.4301E-09 2.8128E-09 3.2298E-09 3.6804E-09 4.1640E-09 4.6741E-09 5.2057E-09 5.7520E-09
0.0000E+00 0.0000E+00 0.0000E+00 0.0000E+00 0.0000E+00 0.0000E+00 0.0000E+00 0.0000E+00 0.0000E+00 0.0000E+00 0.0000E+00 0.0000E+00 0.0000E+00 0.0000E+00 0.0000E+00 0.0000E+00 0.0000E+00 0.0000E+00 0.0000E+00 0.0000E+00 0.0000E+00 0.0000E+00 0.0000E+00 0.0000E+00 0.0000E+00 0.0000E+00 0.0000E+00 1.7716E-12 4.6341E-12 9.7283E-12 2.0616E-11 3.2948E-11 5.1474E-11 7.0892E-11 1.0013E-10 1.3108E-10 1.7656E-10 2.2883E-10 2.9672E-10 3.8015E-10 4.8025E-10 5.9921E-10 7.4026E-10 9.0721E-10 1.1027E-09 1.3294E-09 1.5873E-09 1.8795E-09 2.2072E-09 2.5725E-09 2.9731E-09 3.4103E-09 3.8815E-09 4.3833E-09 4.9119E-09 5.4595E-09 6.0195E-09
0.0000E+00 0.0000E+00 0.0000E+00 0.0000E+00 0.0000E+00 0.0000E+00 0.0000E+00 0.0000E+00 0.0000E+00 0.0000E+00 0.0000E+00 0.0000E+00 0.0000E+00 0.0000E+00 0.0000E+00 0.0000E+00 0.0000E+00 0.0000E+00 0.0000E+00 0.0000E+00 0.0000E+00 0.0000E+00 0.0000E+00 0.0000E+00 0.0000E+00 0.0000E+00 0.0000E+00 1.7122E-12 4.6652E-12 9.7609E-12 2.0960E-11 3.3998E-11 5.3066E-11 7.4177E-11 1.0445E-10 1.3818E-10 1.8680E-10 2.4178E-10 3.1433E-10 4.0153E-10 5.0738E-10 6.3309E-10 7.8203E-10 9.5879E-10 1.1654E-09 1.4033E-09 1.6758E-09 1.9846E-09 2.3299E-09 2.7125E-09 3.1324E-09 3.5904E-09 4.0811E-09 4.6017E-09 5.1485E-09 5.7157E-09 6.2936E-09
0.0000E+00 0.0000E+00 0.0000E+00 0.0000E+00 0.0000E+00 0.0000E+00 0.0000E+00 0.0000E+00 0.0000E+00 0.0000E+00 0.0000E+00 0.0000E+00 0.0000E+00 0.0000E+00 0.0000E+00 0.0000E+00 0.0000E+00 0.0000E+00 0.0000E+00 0.0000E+00 0.0000E+00 0.0000E+00 0.0000E+00 0.0000E+00 0.0000E+00 0.0000E+00 0.0000E+00 1.3230E-12 4.6322E-12 9.6864E-12 2.1147E-11 3.4445E-11 5.4016E-11 7.6376E-11 1.0767E-10 1.4406E-10 1.9517E-10 2.5357E-10 3.2972E-10 4.2044E-10 5.3177E-10 6.6371E-10 8.2084E-10 1.0071E-09 1.2235E-09 1.4741E-09 1.7616E-09 2.0855E-09 2.4486E-09 2.8497E-09 3.2901E-09 3.7670E-09 4.2774E-09 4.8182E-09 5.3835E-09 5.9663E-09 6.5591E-09
0.0000E+00 0.0000E+00 0.0000E+00 0.0000E+00 0.0000E+00 0.0000E+00 0.0000E+00 0.0000E+00 0.0000E+00 0.0000E+00 0.0000E+00 0.0000E+00 0.0000E+00 0.0000E+00 0.0000E+00 0.0000E+00 0.0000E+00 0.0000E+00 0.0000E+00 0.0000E+00 0.0000E+00 0.0000E+00 0.0000E+00 0.0000E+00 0.0000E+00 0.0000E+00 0.0000E+00 9.0934E-13 4.5334E-12 9.5017E-12 2.0887E-11 3.4331E-11 5.4229E-11 7.7380E-11 1.0999E-10 1.4838E-10 2.0145E-10 2.6377E-10 3.4256E-10 4.3708E-10 5.5334E-10 6.9158E-10 8.5700E-10 1.0513E-09 1.2783E-09 1.5423E-09 1.8430E-09 2.1832E-09 2.5643E-09 2.9834E-09 3.4435E-09 3.9404E-09 4.4717E-09 5.0323E-09 5.6158E-09 6.2155E-09 6.8222E-09
0.0000E+00 0.0000E+00 0.0000E+00 0.0000E+00 0.0000E+00 0.0000E+00 0.0000E+00 0.0000E+00 0.0000E+00 0.0000E+00 0.0000E+00 0.0000E+00 0.0000E+00 0.0000E+00 0.0000E+00 0.0000E+00 0.0000E+00 0.0000E+00 0.0000E+00 0.0000E+00 0.0000E+00 0.0000E+00 0.0000E+00 0.0000E+00 0.0000E+00 0.0000E+00 0.0000E+00 3.8451E-13 3.9592E-12 9.2054E-12 2.0384E-11 3.3897E-11 5.3830E-11 7.7231E-11 1.1090E-10 1.5103E-10 2.0594E-10 2.7165E-10 3.5312E-10 4.5126E-10 5.7128E-10 7.1515E-10 8.8822E-10 1.0902E-09 1.3294E-09 1.6045E-09 1.9191E-09 2.2764E-09 2.6735E-09 3.1124E-09 3.5930E-09 4.1105E-09 4.6634E-09 5.2451E-09 5.8477E-09 6.4638E-09 7.0844E-09
0.0000E+00 0.0000E+00 0.0000E+00 0.0000E+00 0.0000E+00 0.0000E+00 0.0000E+00 0.0000E+00 0.0000E+00 0.0000E+00 0.0000E+00 0.0000E+00 0.0000E+00 0.0000E+00 0.0000E+00 0.0000E+00 0.0000E+00 0.0000E+00 0.0000E+00 0.0000E+00 0.0000E+00 0.0000E+00 0.0000E+00 0.0000E+00 0.0000E+00 0.0000E+00 0.0000E+00 0.0000E+00 2.8726E-12 8.7982E-12 1.9187E-11 3.2883E-11 5.2462E-11 7.6520E-11 1.1052E-10 1.5212E-10 2.0851E-10 2.7726E-10 3.6107E-10 4.6195E-10 5.8675E-10 7.3601E-10 9.1411E-10 1.1260E-09 1.3748E-09 1.6607E-09 1.9912E-09 2.3629E-09 2.7771E-09 3.2370E-09 3.7368E-09 4.2763E-09 4.8505E-09 5.4518E-09 6.0736E-09 6.7071E-09 7.3420E-09
0.0000E+00 0.0000E+00 0.0000E+00 0.0000E+00 0.0000E+00 0.0000E+00 0.0000E+00 0.0000E+00 0.0000E+00 0.0000E+00 0.0000E+00 0.0000E+00 0.0000E+00 0.0000E+00 0.0000E+00 0.0000E+00 0.0000E+00 0.0000E+00 0.0000E+00 0.0000E+00 0.0000E+00 0.0000E+00 0.0000E+00 0.0000E+00 0.0000E+00 0.0000E+00 0.0000E+00 0.0000E+00 1.7065E-12 8.1879E-12 1.7249E-11 3.1497E-11 4.9994E-11 7.5039E-11 1.0897E-10 1.5152E-10 2.0913E-10 2.7976E-10 3.6562E-10 4.6962E-10 5.9799E-10 7.5086E-10 9.3595E-10 1.1564E-09 1.4125E-09 1.7129E-09 2.0557E-09 2.4406E-09 2.8755E-09 3.3537E-09 3.8738E-09 4.4357E-09 5.0309E-09 5.6556E-09 6.3003E-09 6.9537E-09 7.6047E-09
0.0000E+00 0.0000E+00 0.0000E+00 0.0000E+00 0.0000E+00 0.0000E+00 0.0000E+00 0.0000E+00 0.0000E+00 0.0000E+00 0.0000E+00 0.0000E+00 0.0000E+00 0.0000E+00 0.0000E+00 0.0000E+00 0.0000E+00 0.0000E+00 0.0000E+00 0.0000E+00 0.0000E+00 0.0000E+00 0.0000E+00 0.0000E+00 0.0000E+00 0.0000E+00 0.0000E+00 0.0000E+00 5.8732E-13 6.0693E-12 1.5116E-11 2.9373E-11 4.6544E-11 7.2647E-11 1.0592E-10 1.5016E-10 2.0798E-10 2.7963E-10 3.6678E-10 4.7466E-10 6.0456E-10 7.6212E-10 9.5331E-10 1.1778E-09 1.4462E-09 1.7577E-09 2.1096E-09 2.5141E-09 2.9652E-09 3.4609E-09 4.0038E-09 4.5869E-09 5.2056E-09 5.8531E-09 6.5180E-09 7.1907E-09 7.8583E-09
0.0000E+00 0.0000E+00 0.0000E+00 0.0000E+00 0.0000E+00 0.0000E+00 0.0000E+00 0.0000E+00 0.0000E+00 0.0000E+00 0.0000E+00 0.0000E+00 0.0000E+00 0.0000E+00 0.0000E+00 0.0000E+00 0.0000E+00 0.0000E+00 0.0000E+00 0.0000E+00 0.0000E+00 0.0000E+00 0.0000E+00 0.0000E+00 0.0000E+00 0.0000E+00 0.0000E+00 0.0000E+00 3.7713E-13 3.9466E-12 1.2862E-11 2.5857E-11 4.2979E-11 6.9138E-11 1.0144E-10 1.4727E-10 2.0412E-10 2.7727E-10 3.6640E-10 4.7607E-10 6.0752E-10 7.7019E-10 9.6367E-10 1.1964E-09 1.4737E-09 1.7906E-09 2.1589E-09 2.5775E-09 3.0426E-09 3.5604E-09 4.1230E-09 4.7272E-09 5.3700E-09 6.0400E-09 6.7290E-09 7.4245E-09 8.1113E-09
0.0000E+00 0.0000E+00 0.0000E+00 0.0000E+00 0.0000E+00 0.0000E+00 0.0000E+00 0.0000E+00 0.0000E+00 0.0000E+00 0.0000E+00 0.0000E+00 0.0000E+00 0.0000E+00 0.0000E+00 0.0000E+00 0.0000E+00 0.0000E+00 0.0000E+00 0.0000E+00 0.0000E+00 0.0000E+00 0.0000E+00 0.0000E+00 0.0000E+00 0.0000E+00 0.0000E+00 0.0000E+00 1.7817E-13 1.9785E-12 9.7264E-12 2.2517E-11 3.9260E-11 6.3739E-11 9.6359E-11 1.4237E-10 1.9832E-10 2.7298E-10 3.6227E-10 4.7256E-10 6.0724E-10 7.7173E-10 9.6907E-10 1.2092E-09 1.4900E-09 1.8182E-09 2.1994E-09 2.6283E-09 3.1129E-09 3.6459E-09 4.2287E-09 4.8582E-09 5.5231E-09 6.2178E-09 6.9305E-09 7.6467E-09 8.3538E-09
0.0000E+00 0.0000E+00 0.0000E+00 0.0000E+00 0.0000E+00 0.0000E+00 0.0000E+00 0.0000E+00 0.0000E+00 0.0000E+00 0.0000E+00 0.0000E+00 0.0000E+00 0.0000E+00 0.0000E+00 0.0000E+00 0.0000E+00 0.0000E+00 0.0000E+00 0.0000E+00 0.0000E+00 0.0000E+00 0.0000E+00 0.0000E+00 0.0000E+00 0.0000E+00 0.0000E+00 0.0000E+00 0.0000E+00 1.1950E-12 6.6712E-12 1.8979E-11 3.4108E-11 5.7894E-11 9.0921E-11 1.3525E-10 1.9076E-10 2.6598E-10 3.5558E-10 4.6706E-10 6.0349E-10 7.6811E-10 9.7077E-10 1.2140E-09 1.4995E-09 1.8374E-09 2.2265E-09 2.6690E-09 3.1642E-09 3.7184E-09 4.3241E-09 4.9712E-09 5.6612E-09 6.3817E-09 7.1169E-09 7.8569E-09 8.5847E-09
