Assets/Resources/2015_m01_d10_0100(utc+0800)_l00_csi_1hr_conc.grd
DSAA
         159         159
     -79.000      79.000
     -79.000      79.000
  0.1892E-08  0.2650E-04
[rows 25 to 49 of 159, columns 0 to 56 of 159]
3.6465E-09 3.7653E-09 3.8861E-09 4.0116E-09 4.1419E-09 4.2771E-09 4.4242E-09 4.5785E-09 4.7440E-09 4.9096E-09 5.0779E-09 5.2624E-09 5.4544E-09 5.6462E-09 5.8453E-09 6.0534E-09 6.2797E-09 6.5051E-09 6.7402E-09 6.9826E-09 7.2347E-09 7.4943E-09 7.7636E-09 8.0402E-09 8.3347E-09 8.6449E-09 8.9656E-09 9.3005E-09 9.6608E-09 1.0039E-08 1.0421E-08 1.0813E-08 1.1207E-08 1.1616E-08 1.2026E-08 1.2475E-08 1.2925E-08 1.3362E-08 1.3837E-08 1.4307E-08 1.4791E-08 1.5263E-08 1.5758E-08 1.6361E-08 1.6902E-08 1.7429E-08 1.7955E-08 1.8481E-08 1.9054E-08 1.9632E-08 2.0174E-08 2.0758E-08 2.1341E-08 2.1884E-08 2.2417E-08 2.2934E-08 2.3434E-08
3.7346E-09 3.8563E-09 3.9819E-09 4.1124E-09 4.2479E-09 4.3919E-09 4.5420E-09 4.7103E-09 4.8760E-09 5.0489E-09 5.2295E-09 5.4222E-09 5.6190E-09 5.8197E-09 6.0284E-09 6.2519E-09 6.4838E-09 6.7214E-09 6.9676E-09 7.2230E-09 7.4878E-09 7.7612E-09 8.0446E-09 8.3368E-09 8.6548E-09 8.9824E-09 9.3200E-09 9.6812E-09 1.0065E-08 1.0456E-08 1.0869E-08 1.1277E-08 1.1695E-08 1.2129E-08 1.2588E-08 1.3043E-08 1.3523E-08 1.4018E-08 1.4489E-08 1.5015E-08 1.5511E-08 1.6024E-08 1.6626E-08 1.7222E-08 1.7784E-08 1.8349E-08 1.8911E-08 1.9519E-08 2.0133E-08 2.0717E-08 2.1344E-08 2.1974E-08 2.2569E-08 2.3158E-08 2.3737E-08 2.4361E-08 2.4919E-08
3.8230E-09 3.9486E-09 4.0790E-09 4.2146E-09 4.3555E-09 4.5054E-09 4.6691E-09 4.8374E-09 5.0142E-09 5.1906E-09 5.3835E-09 5.5806E-09 5.7863E-09 5.9961E-09 6.2154E-09 6.4495E-09 6.6924E-09 6.9416E-09 7.1993E-09 7.4678E-09 7.7449E-09 8.0329E-09 8.3297E-09 8.6521E-09 8.9851E-09 9.3247E-09 9.6830E-09 1.0077E-08 1.0475E-08 1.0895E-08 1.1320E-08 1.1753E-08 1.2202E-08 1.2669E-08 1.3149E-08 1.3641E-08 1.4136E-08 1.4657E-08 1.5197E-08 1.5721E-08 1.6251E-08 1.6852E-08 1.7499E-08 1.8092E-08 1.8695E-08 1.9300E-08 1.9945E-08 2.0594E-08 2.1217E-08 2.1885E-08 2.2559E-08 2.3204E-08 2.3847E-08 2.4484E-08 2.5177E-08 2.5863E-08 2.6486E-08
3.9120E-09 4.0421E-09 4.1774E-09 4.3182E-09 4.4646E-09 4.6237E-09 4.7940E-09 4.9704E-09 5.1505E-09 5.3389E-09 5.5357E-09 5.7456E-09 5.9561E-09 6.1752E-09 6.4052E-09 6.6540E-09 6.9043E-09 7.1649E-09 7.4350E-09 7.7162E-09 8.0068E-09 8.3089E-09 8.6274E-09 8.9667E-09 9.3120E-09 9.6730E-09 1.0065E-08 1.0474E-08 1.0894E-08 1.1332E-08 1.1774E-08 1.2237E-08 1.2705E-08 1.3215E-08 1.3708E-08 1.4237E-08 1.4785E-08 1.5317E-08 1.5892E-08 1.6444E-08 1.7050E-08 1.7729E-08 1.8351E-08 1.8986E-08 1.9631E-08 2.0322E-08 2.1010E-08 2.1669E-08 2.2377E-08 2.3055E-08 2.3783E-08 2.4477E-08 2.5226E-08 2.5928E-08 2.6685E-08 2.7383E-08 2.8135E-08
4.0018E-09 4.1367E-09 4.2771E-09 4.4231E-09 4.5784E-09 4.7435E-09 4.9218E-09 5.1012E-09 5.2886E-09 5.4848E-09 5.6943E-09 5.9087E-09 6.1281E-09 6.3574E-09 6.6024E-09 6.8571E-09 7.1190E-09 7.3907E-09 7.6738E-09 7.9671E-09 8.2722E-09 8.5875E-09 8.9297E-09 9.2845E-09 9.6461E-09 1.0034E-08 1.0445E-08 1.0870E-08 1.1319E-08 1.1775E-08 1.2242E-08 1.2730E-08 1.3224E-08 1.3762E-08 1.4307E-08 1.4852E-08 1.5418E-08 1.6012E-08 1.6594E-08 1.7197E-08 1.7895E-08 1.8559E-08 1.9222E-08 1.9900E-08 2.0632E-08 2.1332E-08 2.2070E-08 2.2814E-08 2.3535E-08 2.4303E-08 2.5045E-08 2.5847E-08 2.6607E-08 2.7429E-08 2.8254E-08 2.9031E-08 2.9860E-08
4.0926E-09 4.2323E-09 4.3777E-09 4.5291E-09 4.6903E-09 4.8660E-09 5.0470E-09 5.2374E-09 5.4282E-09 5.6368E-09 5.8544E-09 6.0736E-09 6.3020E-09 6.5416E-09 6.8014E-09 7.0627E-09 7.3360E-09 7.6194E-09 7.9152E-09 8.2214E-09 8.5403E-09 8.8767E-09 9.2353E-09 9.6014E-09 9.9842E-09 1.0399E-08 1.0831E-08 1.1277E-08 1.1746E-08 1.2218E-08 1.2715E-08 1.3222E-08 1.3773E-08 1.4310E-08 1.4893E-08 1.5483E-08 1.6076E-08 1.6698E-08 1.7307E-08 1.8004E-08 1.8717E-08 1.9402E-08 2.0108E-08 2.0871E-08 2.1616E-08 2.2406E-08 2.3154E-08 2.3951E-08 2.4761E-08 2.5545E-08 2.6395E-08 2.7210E-08 2.8091E-08 2.8982E-08 2.9835E-08 3.0745E-08 3.1616E-08
4.1841E-09 4.3287E-09 4.4793E-09 4.6361E-09 4.8064E-09 4.9885E-09 5.1775E-09 5.3710E-09 5.5737E-09 5.7859E-09 6.0121E-09 6.2400E-09 6.4776E-09 6.7320E-09 6.9972E-09 7.2701E-09 7.5542E-09 7.8501E-09 8.1579E-09 8.4778E-09 8.8100E-09 9.1688E-09 9.5378E-09 9.9232E-09 1.0332E-08 1.0766E-08 1.1213E-08 1.1688E-08 1.2175E-08 1.2671E-08 1.3193E-08 1.3725E-08 1.4304E-08 1.4893E-08 1.5484E-08 1.6107E-08 1.6732E-08 1.7383E-08 1.8060E-08 1.8805E-08 1.9529E-08 2.0256E-08 2.1007E-08 2.1822E-08 2.2656E-08 2.3461E-08 2.4300E-08 2.5146E-08 2.5975E-08 2.6867E-08 2.7731E-08 2.8666E-08 2.9563E-08 3.0535E-08 3.1521E-08 3.2477E-08 3.3450E-08
4.2764E-09 4.4259E-09 4.5817E-09 4.7473E-09 4.9203E-09 5.1132E-09 5.3050E-09 5.5056E-09 5.7159E-09 5.9404E-09 6.1709E-09 6.4074E-09 6.6549E-09 6.9193E-09 7.1947E-09 7.4787E-09 7.7740E-09 8.0821E-09 8.4021E-09 8.7355E-09 9.0874E-09 9.4569E-09 9.8466E-09 1.0247E-08 1.0682E-08 1.1129E-08 1.1604E-08 1.2100E-08 1.2600E-08 1.3127E-08 1.3666E-08 1.4254E-08 1.4832E-08 1.5457E-08 1.6072E-08 1.6735E-08 1.7409E-08 1.8083E-08 1.8826E-08 1.9596E-08 2.0347E-08 2.1117E-08 2.1955E-08 2.2782E-08 2.3672E-08 2.4568E-08 2.5423E-08 2.6324E-08 2.7206E-08 2.8165E-08 2.9147E-08 3.0100E-08 3.1129E-08 3.2180E-08 3.3213E-08 3.4275E-08 3.5332E-08
4.3691E-09 4.5236E-09 4.6846E-09 4.8559E-09 5.0423E-09 5.2346E-09 5.4370E-09 5.6408E-09 5.8632E-09 6.0915E-09 6.3304E-09 6.5756E-09 6.8329E-09 7.1117E-09 7.3932E-09 7.6881E-09 7.9947E-09 8.3149E-09 8.6473E-09 8.9939E-09 9.3607E-09 9.7516E-09 1.0152E-08 1.0579E-08 1.1026E-08 1.1499E-08 1.1995E-08 1.2504E-08 1.3033E-08 1.3576E-08 1.4147E-08 1.4755E-08 1.5368E-08 1.6016E-08 1.6690E-08 1.7357E-08 1.8065E-08 1.8791E-08 1.9589E-08 2.0376E-08 2.1166E-08 2.2019E-08 2.2870E-08 2.3789E-08 2.4693E-08 2.5647E-08 2.6593E-08 2.7512E-08 2.8511E-08 2.9530E-08 3.0532E-08 3.1613E-08 3.2668E-08 3.3816E-08 3.4957E-08 3.6103E-08 3.7264E-08
4.4623E-09 4.6218E-09 4.7880E-09 4.9681E-09 5.1576E-09 5.3564E-09 5.5657E-09 5.7811E-09 6.0067E-09 6.2471E-09 6.4904E-09 6.7442E-09 7.0158E-09 7.2997E-09 7.5920E-09 7.8974E-09 8.2155E-09 8.5473E-09 8.8925E-09 9.2518E-09 9.6400E-09 1.0045E-08 1.0459E-08 1.0904E-08 1.1375E-08 1.1869E-08 1.2379E-08 1.2912E-08 1.3457E-08 1.4031E-08 1.4620E-08 1.5261E-08 1.5916E-08 1.6579E-08 1.7278E-08 1.7983E-08 1.8721E-08 1.9513E-08 2.0340E-08 2.1152E-08 2.1984E-08 2.2886E-08 2.3821E-08 2.4757E-08 2.5753E-08 2.6726E-08 2.7730E-08 2.8760E-08 2.9767E-08 3.0857E-08 3.1980E-08 3.3088E-08 3.4284E-08 3.5488E-08 3.6717E-08 3.7963E-08 3.9254E-08
4.5557E-09 4.7201E-09 4.8916E-09 5.0775E-09 5.2732E-09 5.4826E-09 5.6946E-09 5.9172E-09 6.1546E-09 6.3989E-09 6.6503E-09 6.9133E-09 7.1943E-09 7.4876E-09 7.7905E-09 8.1062E-09 8.4360E-09 8.7792E-09 9.1371E-09 9.5153E-09 9.9127E-09 1.0333E-08 1.0765E-08 1.1233E-08 1.1716E-08 1.2229E-08 1.2766E-08 1.3311E-08 1.3886E-08 1.4475E-08 1.5118E-08 1.5757E-08 1.6447E-08 1.7131E-08 1.7868E-08 1.8619E-08 1.9386E-08 2.0224E-08 2.1074E-08 2.1921E-08 2.2832E-08 2.3745E-08 2.4732E-08 2.5718E-08 2.6771E-08 2.7837E-08 2.8914E-08 2.9955E-08 3.1077E-08 3.2181E-08 3.3382E-08 3.4618E-08 3.5869E-08 3.7168E-08 3.8486E-08 3.9860E-08 4.1274E-08
4.6491E-09 4.8186E-09 4.9986E-09 5.1870E-09 5.3958E-09 5.6047E-09 5.8235E-09 6.0532E-09 6.2982E-09 6.5504E-09 6.8100E-09 7.0820E-09 7.3724E-09 7.6753E-09 7.9883E-09 8.3145E-09 8.6554E-09 9.0101E-09 9.3802E-09 9.7719E-09 1.0189E-08 1.0619E-08 1.1075E-08 1.1553E-08 1.2060E-08 1.2593E-08 1.3142E-08 1.3713E-08 1.4302E-08 1.4922E-08 1.5582E-08 1.6254E-08 1.6971E-08 1.7683E-08 1.8450E-08 1.9226E-08 2.0049E-08 2.0921E-08 2.1794E-08 2.2678E-08 2.3636E-08 2.4593E-08 2.5631E-08 2.6706E-08 2.7776E-08 2.8899E-08 3.0040E-08 3.1136E-08 3.2326E-08 3.3551E-08 3.4773E-08 3.6105E-08 3.7453E-08 3.8833E-08 4.0271E-08 4.1770E-08 4.3296E-08
4.7425E-09 4.9169E-09 5.1023E-09 5.2992E-09 5.5114E-09 5.7266E-09 5.9520E-09 6.1932E-09 6.4413E-09 6.7013E-09 6.9690E-09 7.2499E-09 7.5538E-09 7.8618E-09 8.1848E-09 8.5214E-09 8.8731E-09 9.2392E-09 9.6212E-09 1.0032E-08 1.0458E-08 1.0902E-08 1.1375E-08 1.1876E-08 1.2401E-08 1.2945E-08 1.3518E-08 1.4103E-08 1.4719E-08 1.5355E-08 1.6045E-08 1.6734E-08 1.7479E-08 1.8248E-08 1.9014E-08 1.9832E-08 2.0695E-08 2.1599E-08 2.2498E-08 2.3457E-08 2.4422E-08 2.5462E-08 2.6511E-08 2.7638E-08 2.8796E-08 2.9994E-08 3.1146E-08 3.2355E-08 3.3553E-08 3.4850E-08 3.6198E-08 3.7577E-08 3.9008E-08 4.0491E-08 4.2051E-08 4.3654E-08 4.5328E-08
4.8355E-09 5.0149E-09 5.2056E-09 5.4125E-09 5.6265E-09 5.8479E-09 6.0799E-09 6.3281E-09 6.5836E-09 6.8513E-09 7.1269E-09 7.4165E-09 7.7292E-09 8.0468E-09 8.3795E-09 8.7262E-09 9.0885E-09 9.4658E-09 9.8651E-09 1.0284E-08 1.0727E-08 1.1183E-08 1.1677E-08 1.2187E-08 1.2729E-08 1.3298E-08 1.3880E-08 1.4484E-08 1.5121E-08 1.5785E-08 1.6492E-08 1.7233E-08 1.7974E-08 1.8770E-08 1.9564E-08 2.0420E-08 2.1326E-08 2.2253E-08 2.3182E-08 2.4181E-08 2.5186E-08 2.6272E-08 2.7402E-08 2.8544E-08 2.9755E-08 3.1013E-08 3.2221E-08 3.3491E-08 3.4803E-08 3.6116E-08 3.7553E-08 3.9018E-08 4.0528E-08 4.2126E-08 4.3791E-08 4.5522E-08 4.7350E-08
4.9282E-09 5.1125E-09 5.3084E-09 5.5210E-09 5.7409E-09 5.9723E-09 6.2115E-09 6.4621E-09 6.7288E-09 7.0000E-09 7.2833E-09 7.5861E-09 7.9027E-09 8.2297E-09 8.5716E-09 8.9285E-09 9.3007E-09 9.6891E-09 1.0100E-08 1.0531E-08 1.0988E-08 1.1458E-08 1.1967E-08 1.2492E-08 1.3050E-08 1.3636E-08 1.4234E-08 1.4863E-08 1.5512E-08 1.6197E-08 1.6933E-08 1.7691E-08 1.8463E-08 1.9277E-08 2.0097E-08 2.0999E-08 2.1933E-08 2.2882E-08 2.3843E-08 2.4881E-08 2.5960E-08 2.7053E-08 2.8229E-08 2.9416E-08 3.0730E-08 3.1995E-08 3.3314E-08 3.4587E-08 3.5962E-08 3.7391E-08 3.8864E-08 4.0403E-08 4.2012E-08 4.3715E-08 4.5479E-08 4.7356E-08 4.9322E-08
5.0202E-09 5.2093E-09 5.4136E-09 5.6286E-09 5.8543E-09 6.0919E-09 6.3374E-09 6.5947E-09 6.8685E-09 7.1470E-09 7.4379E-09 7.7491E-09 8.0739E-09 8.4100E-09 8.7607E-09 9.1276E-09 9.5098E-09 9.9086E-09 1.0330E-08 1.0780E-08 1.1243E-08 1.1734E-08 1.2249E-08 1.2795E-08 1.3370E-08 1.3964E-08 1.4585E-08 1.5225E-08 1.5900E-08 1.6618E-08 1.7353E-08 1.8139E-08 1.8927E-08 1.9772E-08 2.0641E-08 2.1551E-08 2.2514E-08 2.3485E-08 2.4512E-08 2.5550E-08 2.6668E-08 2.7799E-08 2.9018E-08 3.0285E-08 3.1617E-08 3.2932E-08 3.4309E-08 3.5684E-08 3.7067E-08 3.8571E-08 4.0117E-08 4.1728E-08 4.3436E-08 4.5228E-08 4.7117E-08 4.9126E-08 5.1223E-08
5.1115E-09 5.3054E-09 5.5148E-09 5.7352E-09 5.9666E-09 6.2101E-09 6.4618E-09 6.7257E-09 7.0064E-09 7.2919E-09 7.5903E-09 7.9097E-09 8.2424E-09 8.5872E-09 8.9465E-09 9.3229E-09 9.7147E-09 1.0124E-08 1.0556E-08 1.1017E-08 1.1493E-08 1.1997E-08 1.2530E-08 1.3091E-08 1.3673E-08 1.4282E-08 1.4918E-08 1.5574E-08 1.6266E-08 1.7002E-08 1.7757E-08 1.8563E-08 1.9379E-08 2.0240E-08 2.1135E-08 2.2077E-08 2.3064E-08 2.4058E-08 2.5116E-08 2.6185E-08 2.7338E-08 2.8505E-08 2.9764E-08 3.1073E-08 3.2454E-08 3.3866E-08 3.5248E-08 3.6675E-08 3.8110E-08 3.9684E-08 4.1295E-08 4.2985E-08 4.4780E-08 4.6661E-08 4.8673E-08 5.0795E-08 5.3050E-08
5.2017E-09 5.4003E-09 5.6148E-09 5.8405E-09 6.0814E-09 6.3267E-09 6.5845E-09 6.8589E-09 7.1421E-09 7.4345E-09 7.7400E-09 8.0673E-09 8.4077E-09 8.7609E-09 9.1285E-09 9.5140E-09 9.9150E-09 1.0333E-08 1.0782E-08 1.1248E-08 1.1735E-08 1.2251E-08 1.2797E-08 1.3371E-08 1.3966E-08 1.4595E-08 1.5238E-08 1.5909E-08 1.6617E-08 1.7377E-08 1.8149E-08 1.8967E-08 1.9823E-08 2.0683E-08 2.1603E-08 2.2573E-08 2.3582E-08 2.4596E-08 2.5684E-08 2.6781E-08 2.7967E-08 2.9204E-08 3.0461E-08 3.1858E-08 3.3234E-08 3.4692E-08 3.6120E-08 3.7596E-08 3.9081E-08 4.0719E-08 4.2388E-08 4.4153E-08 4.6022E-08 4.8003E-08 5.0122E-08 5.2362E-08 5.4766E-08
5.2908E-09 5.4973E-09 5.7134E-09 5.9443E-09 6.1905E-09 6.4415E-09 6.7052E-09 6.9857E-09 7.2754E-09 7.5744E-09 7.8868E-09 8.2216E-09 8.5694E-09 8.9306E-09 9.3061E-09 9.7003E-09 1.0110E-08 1.0537E-08 1.0996E-08 1.1472E-08 1.1969E-08 1.2497E-08 1.3054E-08 1.3639E-08 1.4247E-08 1.4888E-08 1.5544E-08 1.6235E-08 1.6951E-08 1.7726E-08 1.8514E-08 1.9357E-08 2.0223E-08 2.1101E-08 2.2043E-08 2.3037E-08 2.4064E-08 2.5099E-08 2.6212E-08 2.7371E-08 2.8549E-08 2.9816E-08 3.1103E-08 3.2538E-08 3.3950E-08 3.5450E-08 3.6919E-08 3.8439E-08 4.0024E-08 4.1663E-08 4.3386E-08 4.5219E-08 4.7155E-08 4.9231E-08 5.1436E-08 5.3804E-08 5.6345E-08
5.3786E-09 5.5896E-09 5.8105E-09 6.0463E-09 6.2977E-09 6.5541E-09 6.8235E-09 7.1100E-09 7.4058E-09 7.7113E-09 8.0303E-09 8.3721E-09 8.7270E-09 9.0959E-09 9.4789E-09 9.8813E-09 1.0299E-08 1.0741E-08 1.1203E-08 1.1688E-08 1.2196E-08 1.2740E-08 1.3300E-08 1.3897E-08 1.4516E-08 1.5168E-08 1.5835E-08 1.6539E-08 1.7267E-08 1.8056E-08 1.8858E-08 1.9715E-08 2.0597E-08 2.1490E-08 2.2459E-08 2.3467E-08 2.4510E-08 2.5563E-08 2.6697E-08 2.7879E-08 2.9080E-08 3.0373E-08 3.1686E-08 3.3154E-08 3.4598E-08 3.6133E-08 3.7688E-08 3.9196E-08 4.0823E-08 4.2505E-08 4.4277E-08 4.6165E-08 4.8168E-08 5.0322E-08 5.2616E-08 5.5094E-08 5.7753E-08
5.4648E-09 5.6802E-09 5.9057E-09 6.1463E-09 6.4028E-09 6.6644E-09 6.9392E-09 7.2315E-09 7.5332E-09 7.8447E-09 8.1701E-09 8.5186E-09 8.8802E-09 9.2562E-09 9.6465E-09 1.0056E-08 1.0482E-08 1.0932E-08 1.1402E-08 1.1896E-08 1.2413E-08 1.2966E-08 1.3536E-08 1.4142E-08 1.4777E-08 1.5433E-08 1.6111E-08 1.6825E-08 1.7571E-08 1.8372E-08 1.9179E-08 2.0048E-08 2.0943E-08 2.1850E-08 2.2835E-08 2.3860E-08 2.4916E-08 2.6021E-08 2.7137E-08 2.8338E-08 2.9558E-08 3.0872E-08 3.2206E-08 3.3701E-08 3.5172E-08 3.6736E-08 3.8322E-08 3.9860E-08 4.1522E-08 4.3237E-08 4.5051E-08 4.6982E-08 4.9046E-08 5.1259E-08 5.3639E-08 5.6206E-08 5.8980E-08
5.5494E-09 5.7690E-09 5.9990E-09 6.2442E-09 6.5055E-09 6.7721E-09 7.0521E-09 7.3497E-09 7.6571E-09 7.9744E-09 8.3058E-09 8.6607E-09 9.0287E-09 9.4113E-09 9.8083E-09 1.0225E-08 1.0658E-08 1.1116E-08 1.1593E-08 1.2100E-08 1.2620E-08 1.3182E-08 1.3759E-08 1.4374E-08 1.5018E-08 1.5682E-08 1.6369E-08 1.7092E-08 1.7848E-08 1.8658E-08 1.9475E-08 2.0355E-08 2.1268E-08 2.2186E-08 2.3177E-08 2.4214E-08 2.5282E-08 2.6400E-08 2.7529E-08 2.8745E-08 2.9980E-08 3.1310E-08 3.2697E-08 3.4175E-08 3.5717E-08 3.7253E-08 3.8863E-08 4.0424E-08 4.2111E-08 4.3852E-08 4.5697E-08 4.7662E-08 4.9773E-08 5.2038E-08 5.4485E-08 5.7119E-08 5.9993E-08
5.6320E-09 5.8558E-09 6.0900E-09 6.3397E-09 6.6016E-09 6.8769E-09 7.1619E-09 7.4646E-09 7.7773E-09 8.1002E-09 8.4373E-09 8.7980E-09 9.1719E-09 9.5608E-09 9.9641E-09 1.0388E-08 1.0827E-08 1.1291E-08 1.1776E-08 1.2290E-08 1.2817E-08 1.3386E-08 1.3971E-08 1.4593E-08 1.5244E-08 1.5916E-08 1.6610E-08 1.7340E-08 1.8103E-08 1.8922E-08 1.9746E-08 2.0635E-08 2.1555E-08 2.2482E-08 2.3483E-08 2.4530E-08 2.5606E-08 2.6733E-08 2.7872E-08 2.9098E-08 3.0343E-08 3.1684E-08 3.3082E-08 3.4574E-08 3.6130E-08 3.7681E-08 3.9309E-08 4.0885E-08 4.2588E-08 4.4343E-08 4.6209E-08 4.8198E-08 5.0340E-08 5.2645E-08 5.5140E-08 5.7826E-08 6.0779E-08
5.7126E-09 5.9371E-09 6.1787E-09 6.4325E-09 6.6988E-09 6.9786E-09 7.2683E-09 7.5759E-09 7.8935E-09 8.2216E-09 8.5640E-09 8.9301E-09 9.3097E-09 9.7042E-09 1.0113E-08 1.0543E-08 1.0989E-08 1.1458E-08 1.1949E-08 1.2469E-08 1.3003E-08 1.3578E-08 1.4169E-08 1.4797E-08 1.5455E-08 1.6132E-08 1.6832E-08 1.7569E-08 1.8337E-08 1.9161E-08 1.9992E-08 2.0886E-08 2.1812E-08 2.2745E-08 2.3753E-08 2.4805E-08 2.5887E-08 2.7020E-08 2.8164E-08 2.9396E-08 3.0646E-08 3.1993E-08 3.3397E-08 3.4895E-08 3.6459E-08 3.8017E-08 3.9655E-08 4.1239E-08 4.2947E-08 4.4707E-08 4.6580E-08 4.8582E-08 5.0742E-08 5.3070E-08 5.5593E-08 5.8313E-08 6.1320E-08
5.7911E-09 6.0194E-09 6.2647E-09 6.5226E-09 6.7930E-09 7.0770E-09 7.3711E-09 7.6791E-09 8.0055E-09 8.3384E-09 8.6858E-09 9.0568E-09 9.4416E-09 9.8413E-09 1.0256E-08 1.0691E-08 1.1142E-08 1.1617E-08 1.2113E-08 1.2634E-08 1.3178E-08 1.3758E-08 1.4355E-08 1.4988E-08 1.5643E-08 1.6332E-08 1.7036E-08 1.7777E-08 1.8549E-08 1.9377E-08 2.0211E-08 2.1108E-08 2.2038E-08 2.2974E-08 2.3985E-08 2.5040E-08 2.6123E-08 2.7259E-08 2.8405E-08 2.9639E-08 3.0889E-08 3.2236E-08 3.3640E-08 3.5138E-08 3.6701E-08 3.8260E-08 3.9900E-08 4.1485E-08 4.3187E-08 4.4941E-08 4.6812E-08 4.8812E-08 5.0974E-08 5.3308E-08 5.5840E-08 5.8573E-08 6.1599E-08
