Assets/Resources/2015_m01_d14_2100(utc+0800)_l00_csi_1hr_conc.grd
DSAA
         159         159
     -79.000      79.000
     -79.000      79.000
  0.0000E+00  0.8874E-05
[rows 25 to 49 of 159, columns 57 to 113 of 159]
9.1132E-09 8.9856E-09 8.8551E-09 8.7223E-09 8.5872E-09 8.4508E-09 8.3132E-09 8.1743E-09 8.0343E-09 7.8925E-09 7.7487E-09 7.6020E-09 7.4525E-09 7.2992E-09 7.1425E-09 6.9817E-09 6.8179E-09 6.6494E-09 6.4774E-09 6.3010E-09 6.1204E-09 5.9355E-09 5.7464E-09 5.5535E-09 5.3570E-09 5.1573E-09 4.9554E-09 4.7516E-09 4.5471E-09 4.3428E-09 4.1393E-09 3.9378E-09 3.7390E-09 3.5435E-09 3.3526E-09 3.1666E-09 2.9864E-09 2.8131E-09 2.6463E-09 2.4868E-09 2.3360E-09 2.1927E-09 2.0562E-09 1.9284E-09 1.8083E-09 1.6952E-09 1.5880E-09 1.4832E-09 1.3876E-09 1.2947E-09 1.2109E-09 1.1359E-09 1.0630E-09 9.9612E-10 9.1959E-10 8.4292E-10 7.7422E-10
9.1737E-09 9.0564E-09 8.9357E-09 8.8124E-09 8.6865E-09 8.5588E-09 8.4300E-09 8.2990E-09 8.1661E-09 8.0305E-09 7.8921E-09 7.7501E-09 7.6045E-09 7.4541E-09 7.3001E-09 7.1411E-09 6.9780E-09 6.8098E-09 6.6368E-09 6.4589E-09 6.2757E-09 6.0876E-09 5.8945E-09 5.6968E-09 5.4948E-09 5.2891E-09 5.0806E-09 4.8700E-09 4.6582E-09 4.4464E-09 4.2354E-09 4.0257E-09 3.8189E-09 3.6160E-09 3.4177E-09 3.2246E-09 3.0378E-09 2.8577E-09 2.6853E-09 2.5204E-09 2.3630E-09 2.2154E-09 2.0759E-09 1.9441E-09 1.8201E-09 1.7046E-09 1.5963E-09 1.4887E-09 1.3907E-09 1.2979E-09 1.2116E-09 1.1346E-09 1.0622E-09 9.9164E-10 9.1724E-10 8.3311E-10 7.6529E-10
9.2307E-09 9.1239E-09 9.0136E-09 8.9005E-09 8.7846E-09 8.6666E-09 8.5466E-09 8.4237E-09 8.2981E-09 8.1694E-09 8.0366E-09 7.8999E-09 7.7585E-09 7.6118E-09 7.4605E-09 7.3038E-09 7.1415E-09 6.9739E-09 6.8000E-09 6.6207E-09 6.4351E-09 6.2436E-09 6.0464E-09 5.8437E-09 5.6361E-09 5.4242E-09 5.2089E-09 4.9911E-09 4.7720E-09 4.5526E-09 4.3339E-09 4.1166E-09 3.9015E-09 3.6903E-09 3.4845E-09 3.2844E-09 3.0908E-09 2.9038E-09 2.7246E-09 2.5539E-09 2.3916E-09 2.2384E-09 2.0948E-09 1.9597E-09 1.8330E-09 1.7135E-09 1.6026E-09 1.4956E-09 1.3942E-09 1.2986E-09 1.2134E-09 1.1341E-09 1.0598E-09 9.8276E-10 9.1264E-10 8.2758E-10 7.5871E-10
9.2841E-09 9.1891E-09 9.0903E-09 8.9879E-09 8.8827E-09 8.7747E-09 8.6639E-09 8.5498E-09 8.4320E-09 8.3107E-09 8.1843E-09 8.0533E-09 7.9167E-09 7.7744E-09 7.6261E-09 7.4722E-09 7.3111E-09 7.1443E-09 6.9700E-09 6.7891E-09 6.6010E-09 6.4061E-09 6.2046E-09 5.9968E-09 5.7834E-09 5.5652E-09 5.3431E-09 5.1180E-09 4.8914E-09 4.6641E-09 4.4373E-09 4.2122E-09 3.9895E-09 3.7706E-09 3.5563E-09 3.3478E-09 3.1461E-09 2.9528E-09 2.7676E-09 2.5904E-09 2.4217E-09 2.2621E-09 2.1140E-09 1.9751E-09 1.8450E-09 1.7235E-09 1.6087E-09 1.5004E-09 1.3985E-09 1.2999E-09 1.2131E-09 1.1335E-09 1.0559E-09 9.7633E-10 9.0566E-10 8.2169E-10 7.5478E-10
9.3363E-09 9.2533E-09 9.1663E-09 9.0755E-09 8.9813E-09 8.8839E-09 8.7829E-09 8.6782E-09 8.5690E-09 8.4553E-09 8.3361E-09 8.2115E-09 8.0802E-09 7.9428E-09 7.7982E-09 7.6472E-09 7.4880E-09 7.3216E-09 7.1470E-09 6.9643E-09 6.7737E-09 6.5752E-09 6.3693E-09 6.1562E-09 5.9370E-09 5.7122E-09 5.4830E-09 5.2503E-09 5.0156E-09 4.7800E-09 4.5448E-09 4.3112E-09 4.0805E-09 3.8523E-09 3.6296E-09 3.4133E-09 3.2041E-09 3.0031E-09 2.8103E-09 2.6268E-09 2.4528E-09 2.2882E-09 2.1335E-09 1.9905E-09 1.8570E-09 1.7325E-09 1.6157E-09 1.5047E-09 1.4011E-09 1.3016E-09 1.2132E-09 1.1314E-09 1.0542E-09 9.7442E-10 8.9063E-10 8.0965E-10 7.3729E-10
9.3851E-09 9.3147E-09 9.2399E-09 9.1610E-09 9.0783E-09 8.9921E-09 8.9013E-09 8.8063E-09 8.7064E-09 8.6008E-09 8.4895E-09 8.3717E-09 8.2463E-09 8.1141E-09 7.9737E-09 7.8253E-09 7.6681E-09 7.5023E-09 7.3277E-09 7.1438E-09 6.9506E-09 6.7486E-09 6.5381E-09 6.3199E-09 6.0946E-09 5.8631E-09 5.6265E-09 5.3863E-09 5.1436E-09 4.8995E-09 4.6556E-09 4.4132E-09 4.1737E-09 3.9384E-09 3.7064E-09 3.4806E-09 3.2633E-09 3.0548E-09 2.8545E-09 2.6641E-09 2.4841E-09 2.3144E-09 2.1555E-09 2.0060E-09 1.8689E-09 1.7414E-09 1.6220E-09 1.5096E-09 1.4040E-09 1.3022E-09 1.2135E-09 1.1299E-09 1.0415E-09 9.6924E-10 8.8395E-10 8.0584E-10 7.3220E-10
9.4318E-09 9.3742E-09 9.3122E-09 9.2458E-09 9.1752E-09 9.1004E-09 9.0209E-09 8.9362E-09 8.8464E-09 8.7499E-09 8.6471E-09 8.5364E-09 8.4177E-09 8.2908E-09 8.1552E-09 8.0099E-09 7.8552E-09 7.6901E-09 7.5151E-09 7.3293E-09 7.1335E-09 6.9280E-09 6.7132E-09 6.4896E-09 6.2584E-09 6.0201E-09 5.7764E-09 5.5283E-09 5.2771E-09 5.0241E-09 4.7708E-09 4.5188E-09 4.2702E-09 4.0245E-09 3.7851E-09 3.5510E-09 3.3248E-09 3.1080E-09 2.8997E-09 2.7029E-09 2.5165E-09 2.3410E-09 2.1765E-09 2.0231E-09 1.8809E-09 1.7504E-09 1.6283E-09 1.5134E-09 1.4072E-09 1.3031E-09 1.2126E-09 1.1266E-09 1.0392E-09 9.6267E-10 8.7929E-10 7.9966E-10 7.2469E-10
9.4745E-09 9.4303E-09 9.3814E-09 9.3280E-09 9.2700E-09 9.2073E-09 9.1397E-09 9.0661E-09 8.9867E-09 8.8997E-09 8.8054E-09 8.7028E-09 8.5916E-09 8.4700E-09 8.3389E-09 8.1966E-09 8.0439E-09 7.8797E-09 7.7041E-09 7.5175E-09 7.3198E-09 7.1110E-09 6.8918E-09 6.6630E-09 6.4255E-09 6.1805E-09 5.9291E-09 5.6728E-09 5.4127E-09 5.1505E-09 4.8880E-09 4.6272E-09 4.3679E-09 4.1146E-09 3.8671E-09 3.6251E-09 3.3901E-09 3.1626E-09 2.9476E-09 2.7435E-09 2.5505E-09 2.3688E-09 2.1990E-09 2.0406E-09 1.8937E-09 1.7593E-09 1.6350E-09 1.5171E-09 1.4093E-09 1.3048E-09 1.2116E-09 1.1250E-09 1.0354E-09 9.4871E-10 8.6257E-10 7.8162E-10 7.1075E-10
9.5139E-09 9.4838E-09 9.4486E-09 9.4088E-09 9.3645E-09 9.3147E-09 9.2594E-09 9.1975E-09 9.1289E-09 9.0526E-09 8.9681E-09 8.8733E-09 8.7686E-09 8.6527E-09 8.5260E-09 8.3878E-09 8.2376E-09 8.0748E-09 7.8993E-09 7.7117E-09 7.5115E-09 7.2993E-09 7.0759E-09 6.8418E-09 6.5982E-09 6.3459E-09 6.0867E-09 5.8218E-09 5.5525E-09 5.2813E-09 5.0092E-09 4.7378E-09 4.4705E-09 4.2077E-09 3.9508E-09 3.6995E-09 3.4551E-09 3.2217E-09 2.9984E-09 2.7864E-09 2.5851E-09 2.3976E-09 2.2224E-09 2.0591E-09 1.9080E-09 1.7685E-09 1.6417E-09 1.5219E-09 1.4110E-09 1.3062E-09 1.2119E-09 1.1134E-09 1.0302E-09 9.4322E-10 8.5510E-10 7.7277E-10 7.0248E-10
9.5501E-09 9.5347E-09 9.5141E-09 9.4888E-09 9.4585E-09 9.4220E-09 9.3796E-09 9.3307E-09 9.2739E-09 9.2083E-09 9.1326E-09 9.0456E-09 8.9481E-09 8.8385E-09 8.7167E-09 8.5821E-09 8.4339E-09 8.2726E-09 8.0976E-09 7.9087E-09 7.7066E-09 7.4919E-09 7.2645E-09 7.0253E-09 6.7753E-09 6.5159E-09 6.2486E-09 5.9749E-09 5.6971E-09 5.4166E-09 5.1354E-09 4.8553E-09 4.5782E-09 4.3051E-09 4.0359E-09 3.7772E-09 3.5268E-09 3.2823E-09 3.0496E-09 2.8298E-09 2.6229E-09 2.4289E-09 2.2472E-09 2.0786E-09 1.9233E-09 1.7795E-09 1.6485E-09 1.5267E-09 1.4139E-09 1.3074E-09 1.2092E-09 1.1130E-09 1.0283E-09 9.3769E-10 8.3777E-10 7.5955E-10 6.9284E-10
9.5835E-09 9.5833E-09 9.5780E-09 9.5676E-09 9.5514E-09 9.5296E-09 9.5014E-09 9.4652E-09 9.4198E-09 9.3639E-09 9.2970E-09 9.2189E-09 9.1284E-09 9.0257E-09 8.9089E-09 8.7787E-09 8.6337E-09 8.4747E-09 8.3006E-09 8.1115E-09 7.9078E-09 7.6897E-09 7.4577E-09 7.2128E-09 6.9564E-09 6.6900E-09 6.4151E-09 6.1332E-09 5.8462E-09 5.5561E-09 5.2651E-09 4.9750E-09 4.6877E-09 4.4035E-09 4.1270E-09 3.8582E-09 3.5966E-09 3.3455E-09 3.1051E-09 2.8774E-09 2.6626E-09 2.4607E-09 2.2737E-09 2.1000E-09 1.9394E-09 1.7918E-09 1.6569E-09 1.5318E-09 1.4169E-09 1.3085E-09 1.2030E-09 1.1089E-09 1.0178E-09 9.2221E-10 8.3126E-10 7.5394E-10 6.8222E-10
9.6139E-09 9.6294E-09 9.6396E-09 9.6447E-09 9.6443E-09 9.6376E-09 9.6226E-09 9.5979E-09 9.5636E-09 9.5193E-09 9.4628E-09 9.3939E-09 9.3118E-09 9.2163E-09 9.1054E-09 8.9801E-09 8.8394E-09 8.6825E-09 8.5095E-09 8.3204E-09 8.1151E-09 7.8939E-09 7.6577E-09 7.4079E-09 7.1454E-09 6.8719E-09 6.5891E-09 6.2986E-09 6.0024E-09 5.7028E-09 5.4018E-09 5.1016E-09 4.8040E-09 4.5110E-09 4.2233E-09 3.9432E-09 3.6732E-09 3.4146E-09 3.1660E-09 2.9292E-09 2.7057E-09 2.4974E-09 2.3024E-09 2.1226E-09 1.9574E-09 1.8054E-09 1.6668E-09 1.5373E-09 1.4207E-09 1.3070E-09 1.2005E-09 1.1056E-09 1.0095E-09 9.1710E-10 8.2577E-10 7.4646E-10 6.6349E-10
9.6411E-09 9.6726E-09 9.6991E-09 9.7209E-09 9.7357E-09 9.7420E-09 9.7392E-09 9.7280E-09 9.7073E-09 9.6744E-09 9.6282E-09 9.5693E-09 9.4966E-09 9.4092E-09 9.3059E-09 9.1864E-09 9.0500E-09 8.8962E-09 8.7249E-09 8.5361E-09 8.3295E-09 8.1057E-09 7.8660E-09 7.6114E-09 7.3433E-09 7.0630E-09 6.7724E-09 6.4734E-09 6.1681E-09 5.8589E-09 5.5480E-09 5.2373E-09 4.9290E-09 4.6233E-09 4.3260E-09 4.0369E-09 3.7572E-09 3.4886E-09 3.2311E-09 2.9854E-09 2.7539E-09 2.5369E-09 2.3346E-09 2.1478E-09 1.9763E-09 1.8201E-09 1.6774E-09 1.5461E-09 1.4243E-09 1.3097E-09 1.1980E-09 1.0996E-09 9.9706E-10 9.0096E-10 8.1435E-10 7.3163E-10 6.5829E-10
9.6644E-09 9.7128E-09 9.7564E-09 9.7929E-09 9.8207E-09 9.8409E-09 9.8543E-09 9.8572E-09 9.8489E-09 9.8270E-09 9.7924E-09 9.7455E-09 9.6834E-09 9.6044E-09 9.5090E-09 9.3954E-09 9.2637E-09 9.1127E-09 8.9429E-09 8.7541E-09 8.5465E-09 8.3207E-09 8.0778E-09 7.8187E-09 7.5449E-09 7.2581E-09 6.9599E-09 6.6524E-09 6.3381E-09 6.0193E-09 5.6981E-09 5.3767E-09 5.0572E-09 4.7422E-09 4.4336E-09 4.1331E-09 3.8428E-09 3.5637E-09 3.2976E-09 3.0449E-09 2.8032E-09 2.5773E-09 2.3684E-09 2.1755E-09 1.9982E-09 1.8362E-09 1.6893E-09 1.5548E-09 1.4300E-09 1.3036E-09 1.1985E-09 1.0939E-09 9.8913E-10 8.9215E-10 8.0723E-10 7.2883E-10 6.4967E-10
9.6841E-09 9.7495E-09 9.8075E-09 9.8574E-09 9.9016E-09 9.9389E-09 9.9666E-09 9.9829E-09 9.9872E-09 9.9798E-09 9.9596E-09 9.9240E-09 9.8725E-09 9.8024E-09 9.7141E-09 9.6066E-09 9.4796E-09 9.3327E-09 9.1654E-09 8.9777E-09 8.7699E-09 8.5425E-09 8.2967E-09 8.0335E-09 7.7542E-09 7.4608E-09 7.1551E-09 6.8393E-09 6.5165E-09 6.1884E-09 5.8571E-09 5.5249E-09 5.1940E-09 4.8672E-09 4.5468E-09 4.2353E-09 3.9336E-09 3.6440E-09 3.3675E-09 3.1030E-09 2.8542E-09 2.6202E-09 2.4035E-09 2.2043E-09 2.0202E-09 1.8539E-09 1.7022E-09 1.5645E-09 1.4353E-09 1.3230E-09 1.1900E-09 1.0826E-09 9.7250E-10 8.8377E-10 7.9074E-10 7.0715E-10 6.3831E-10
9.6986E-09 9.7780E-09 9.8507E-09 9.9187E-09 9.9804E-09 1.0033E-08 1.0074E-08 1.0104E-08 1.0124E-08 1.0132E-08 1.0125E-08 1.0100E-08 1.0058E-08 9.9963E-09 9.9158E-09 9.8155E-09 9.6940E-09 9.5513E-09 9.3868E-09 9.2004E-09 8.9925E-09 8.7638E-09 8.5153E-09 8.2480E-09 7.9645E-09 7.6659E-09 7.3535E-09 7.0303E-09 6.6988E-09 6.3609E-09 6.0189E-09 5.6751E-09 5.3324E-09 4.9940E-09 4.6621E-09 4.3392E-09 4.0275E-09 3.7261E-09 3.4372E-09 3.1656E-09 2.9105E-09 2.6689E-09 2.4437E-09 2.2367E-09 2.0472E-09 1.8741E-09 1.7200E-09 1.6005E-09 1.4482E-09 1.3383E-09 1.1863E-09 1.0761E-09 9.6794E-10 8.7206E-10 7.8573E-10 6.9868E-10 6.2933E-10
9.7038E-09 9.7988E-09 9.8902E-09 9.9758E-09 1.0052E-08 1.0119E-08 1.0176E-08 1.0224E-08 1.0260E-08 1.0281E-08 1.0284E-08 1.0270E-08 1.0238E-08 1.0187E-08 1.0115E-08 1.0022E-08 9.9065E-09 9.7682E-09 9.6067E-09 9.4221E-09 9.2144E-09 8.9854E-09 8.7357E-09 8.4664E-09 8.1784E-09 7.8734E-09 7.5543E-09 7.2234E-09 6.8829E-09 6.5348E-09 6.1817E-09 5.8266E-09 5.4729E-09 5.1227E-09 4.7795E-09 4.4454E-09 4.1210E-09 3.8102E-09 3.5131E-09 3.2326E-09 2.9682E-09 2.7205E-09 2.4886E-09 2.2738E-09 2.0805E-09 1.9328E-09 1.7536E-09 1.6236E-09 1.5176E-09 1.3550E-09 1.2031E-09 1.0561E-09 9.5355E-10 8.6091E-10 7.6334E-10 6.8967E-10 6.0992E-10
9.7013E-09 9.8157E-09 9.9246E-09 1.0025E-08 1.0117E-08 1.0201E-08 1.0278E-08 1.0342E-08 1.0391E-08 1.0423E-08 1.0439E-08 1.0438E-08 1.0417E-08 1.0376E-08 1.0313E-08 1.0228E-08 1.0119E-08 9.9856E-09 9.8277E-09 9.6464E-09 9.4419E-09 9.2133E-09 8.9624E-09 8.6898E-09 8.3972E-09 8.0871E-09 7.7614E-09 7.4228E-09 7.0730E-09 6.7156E-09 6.3532E-09 5.9885E-09 5.6232E-09 5.2620E-09 4.9067E-09 4.5588E-09 4.2247E-09 3.9043E-09 3.5991E-09 3.3072E-09 3.0332E-09 2.7768E-09 2.5434E-09 2.3619E-09 2.1307E-09 1.9871E-09 1.8613E-09 1.7465E-09 1.5519E-09 1.3730E-09 1.2216E-09 1.0583E-09 9.4691E-10 8.4843E-10 7.5788E-10 6.7661E-10 5.9521E-10
9.6943E-09 9.8259E-09 9.9496E-09 1.0066E-08 1.0177E-08 1.0281E-08 1.0372E-08 1.0450E-08 1.0512E-08 1.0560E-08 1.0589E-08 1.0601E-08 1.0592E-08 1.0562E-08 1.0509E-08 1.0431E-08 1.0330E-08 1.0203E-08 1.0052E-08 9.8754E-09 9.6725E-09 9.4451E-09 9.1931E-09 8.9178E-09 8.6207E-09 8.3052E-09 7.9740E-09 7.6284E-09 7.2709E-09 6.9045E-09 6.5320E-09 6.1553E-09 5.7791E-09 5.4060E-09 5.0399E-09 4.6832E-09 4.3378E-09 4.0061E-09 3.6891E-09 3.3886E-09 3.1034E-09 2.8474E-09 2.6144E-09 2.4377E-09 2.2795E-09 2.1530E-09 1.9186E-09 1.7871E-09 1.5866E-09 1.3933E-09 1.2233E-09 1.0796E-09 9.3272E-10 8.2736E-10 7.4668E-10 6.6427E-10 5.8512E-10
9.6801E-09 9.8264E-09 9.9663E-09 1.0102E-08 1.0233E-08 1.0352E-08 1.0458E-08 1.0551E-08 1.0629E-08 1.0691E-08 1.0735E-08 1.0760E-08 1.0764E-08 1.0745E-08 1.0702E-08 1.0634E-08 1.0542E-08 1.0425E-08 1.0280E-08 1.0107E-08 9.9062E-09 9.6780E-09 9.4242E-09 9.1480E-09 8.8503E-09 8.5316E-09 8.1950E-09 7.8425E-09 7.4774E-09 7.1021E-09 6.7184E-09 6.3311E-09 5.9433E-09 5.5593E-09 5.1816E-09 4.8131E-09 4.4570E-09 4.1137E-09 3.7863E-09 3.4731E-09 3.1836E-09 2.9242E-09 2.7705E-09 2.6407E-09 2.3726E-09 2.2218E-09 2.1140E-09 1.8647E-09 1.6286E-09 1.4198E-09 1.2311E-09 1.0903E-09 9.1792E-10 8.2626E-10 7.3513E-10 6.4307E-10 5.7270E-10
9.6555E-09 9.8176E-09 9.9774E-09 1.0133E-08 1.0278E-08 1.0412E-08 1.0534E-08 1.0643E-08 1.0737E-08 1.0814E-08 1.0873E-08 1.0912E-08 1.0928E-08 1.0921E-08 1.0891E-08 1.0836E-08 1.0755E-08 1.0644E-08 1.0504E-08 1.0334E-08 1.0136E-08 9.9117E-09 9.6619E-09 9.3864E-09 9.0865E-09 8.7648E-09 8.4235E-09 8.0654E-09 7.6928E-09 7.3076E-09 6.9144E-09 6.5166E-09 6.1184E-09 5.7229E-09 5.3337E-09 4.9539E-09 4.5841E-09 4.2290E-09 3.8879E-09 3.5690E-09 3.2877E-09 3.1552E-09 2.8665E-09 2.7380E-09 2.6386E-09 2.3445E-09 2.1922E-09 1.9293E-09 1.6628E-09 1.4596E-09 1.2478E-09 1.0940E-09 9.3901E-10 8.1155E-10 7.1666E-10 6.2911E-10 5.6212E-10
9.6209E-09 9.8025E-09 9.9819E-09 1.0152E-08 1.0313E-08 1.0463E-08 1.0602E-08 1.0727E-08 1.0838E-08 1.0930E-08 1.1005E-08 1.1057E-08 1.1088E-08 1.1096E-08 1.1081E-08 1.1037E-08 1.0964E-08 1.0860E-08 1.0726E-08 1.0563E-08 1.0373E-08 1.0154E-08 9.9064E-09 9.6314E-09 9.3308E-09 9.0051E-09 8.6583E-09 8.2928E-09 7.9119E-09 7.5183E-09 7.1158E-09 6.7082E-09 6.2990E-09 5.8937E-09 5.4944E-09 5.1037E-09 4.7249E-09 4.3593E-09 4.0096E-09 3.7036E-09 3.3989E-09 3.2724E-09 3.1710E-09 2.8671E-09 2.7503E-09 2.6415E-09 2.2755E-09 2.0087E-09 1.7224E-09 1.5022E-09 1.3302E-09 1.0918E-09 9.5090E-10 7.9978E-10 6.9807E-10 6.2073E-10 5.5155E-10
9.5792E-09 9.7800E-09 9.9736E-09 1.0159E-08 1.0336E-08 1.0503E-08 1.0659E-08 1.0801E-08 1.0928E-08 1.1037E-08 1.1126E-08 1.1194E-08 1.1242E-08 1.1267E-08 1.1263E-08 1.1228E-08 1.1164E-08 1.1071E-08 1.0948E-08 1.0796E-08 1.0614E-08 1.0399E-08 1.0152E-08 9.8765E-09 9.5739E-09 9.2465E-09 8.8962E-09 8.5262E-09 8.1388E-09 7.7397E-09 7.3313E-09 6.9157E-09 6.4985E-09 6.0832E-09 5.6730E-09 5.2711E-09 4.8795E-09 4.5017E-09 4.1423E-09 3.8325E-09 3.7551E-09 3.4299E-09 3.3289E-09 3.2542E-09 2.9410E-09 2.7775E-09 2.4151E-09 2.0948E-09 1.8349E-09 1.5959E-09 1.4280E-09 1.2010E-09 9.5433E-10 8.0497E-10 6.9414E-10 6.1114E-10 5.4008E-10
9.5295E-09 9.7444E-09 9.9527E-09 1.0154E-08 1.0348E-08 1.0533E-08 1.0705E-08 1.0864E-08 1.1008E-08 1.1133E-08 1.1239E-08 1.1327E-08 1.1392E-08 1.1428E-08 1.1435E-08 1.1413E-08 1.1363E-08 1.1284E-08 1.1174E-08 1.1031E-08 1.0852E-08 1.0641E-08 1.0398E-08 1.0125E-08 9.8233E-09 9.4952E-09 9.1441E-09 8.7726E-09 8.3840E-09 7.9797E-09 7.5633E-09 7.1404E-09 6.7144E-09 6.2895E-09 5.8683E-09 5.4541E-09 5.0501E-09 4.6592E-09 4.3267E-09 4.0004E-09 3.9315E-09 3.8905E-09 3.5697E-09 3.4474E-09 3.3524E-09 2.9576E-09 2.5808E-09 2.2394E-09 2.0116E-09 1.7622E-09 1.5090E-09 1.2983E-09 1.0222E-09 8.1760E-10 6.7706E-10 5.9974E-10 5.1794E-10
9.4671E-09 9.6956E-09 9.9194E-09 1.0138E-08 1.0348E-08 1.0549E-08 1.0739E-08 1.0915E-08 1.1075E-08 1.1218E-08 1.1345E-08 1.1450E-08 1.1527E-08 1.1577E-08 1.1599E-08 1.1594E-08 1.1561E-08 1.1496E-08 1.1394E-08 1.1258E-08 1.1087E-08 1.0882E-08 1.0645E-08 1.0376E-08 1.0079E-08 9.7556E-09 9.4064E-09 9.0352E-09 8.6431E-09 8.2337E-09 7.8124E-09 7.3828E-09 6.9492E-09 6.5145E-09 6.0839E-09 5.6598E-09 5.2435E-09 4.8451E-09 4.5201E-09 4.5430E-09 4.2182E-09 4.1304E-09 4.1037E-09 4.0448E-09 3.5814E-09 3.2131E-09 2.8182E-09 2.4644E-09 2.2093E-09 2.0175E-09 1.7502E-09 1.3763E-09 1.1053E-09 8.5732E-10 6.7405E-10 5.8175E-10 5.1794E-10
