Assets/Resources/2015_m01_d16_0100(utc+0800)_l00_csi_1hr_conc.grd
DSAA
         159         159
     -79.000      79.000
     -79.000      79.000
  0.1311E-09  0.8193E-05
[rows 75 to 99 of 159, columns 0 to 56 of 159]
3.5578E-10 3.8203E-10 4.0605E-10 4.4988E-10 4.8855E-10 5.2716E-10 5.6783E-10 6.1333E-10 6.7025E-10 7.2748E-10 7.8395E-10 8.3949E-10 8.9936E-10 9.6878E-10 1.0390E-09 1.1194E-09 1.2012E-09 1.2890E-09 1.3883E-09 1.4893E-09 1.5971E-09 1.7170E-09 1.8393E-09 1.9757E-09 2.1264E-09 2.2968E-09 2.4704E-09 2.6444E-09 2.8275E-09 3.0207E-09 3.2227E-09 3.4367E-09 3.6597E-09 3.8908E-09 4.1348E-09 4.3875E-09 4.6475E-09 4.9162E-09 5.1956E-09 5.4849E-09 5.7809E-09 6.0835E-09 6.3939E-09 6.7124E-09 7.0370E-09 7.3676E-09 7.7064E-09 8.0445E-09 8.3944E-09 8.7435E-09 9.0942E-09 9.4513E-09 9.8122E-09 1.0168E-08 1.0523E-08 1.0879E-08 1.1238E-08
3.5777E-10 3.8364E-10 4.0898E-10 4.5112E-10 4.8985E-10 5.2975E-10 5.6961E-10 6.1836E-10 6.7336E-10 7.3103E-10 7.8691E-10 8.4420E-10 9.0482E-10 9.7486E-10 1.0458E-09 1.1268E-09 1.2094E-09 1.2979E-09 1.3976E-09 1.4992E-09 1.6072E-09 1.7273E-09 1.8495E-09 1.9850E-09 2.1420E-09 2.3119E-09 2.4813E-09 2.6540E-09 2.8363E-09 3.0291E-09 3.2299E-09 3.4412E-09 3.6624E-09 3.8920E-09 4.1322E-09 4.3818E-09 4.6382E-09 4.9039E-09 5.1790E-09 5.4621E-09 5.7525E-09 6.0493E-09 6.3534E-09 6.6673E-09 6.9833E-09 7.3088E-09 7.6382E-09 7.9689E-09 8.3110E-09 8.6520E-09 8.9945E-09 9.3418E-09 9.6965E-09 1.0043E-08 1.0391E-08 1.0739E-08 1.1091E-08
3.5985E-10 3.8535E-10 4.1203E-10 4.5259E-10 4.9043E-10 5.3127E-10 5.7239E-10 6.2309E-10 6.7952E-10 7.3482E-10 7.9244E-10 8.4915E-10 9.1035E-10 9.8100E-10 1.0526E-09 1.1343E-09 1.2174E-09 1.3063E-09 1.4064E-09 1.5082E-09 1.6164E-09 1.7364E-09 1.8584E-09 1.9931E-09 2.1544E-09 2.3241E-09 2.4897E-09 2.6609E-09 2.8430E-09 3.0335E-09 3.2335E-09 3.4429E-09 3.6607E-09 3.8886E-09 4.1258E-09 4.3709E-09 4.6233E-09 4.8845E-09 5.1547E-09 5.4325E-09 5.7172E-09 6.0079E-09 6.3073E-09 6.6127E-09 6.9217E-09 7.2419E-09 7.5618E-09 7.8853E-09 8.2191E-09 8.5539E-09 8.8862E-09 9.2278E-09 9.5716E-09 9.9100E-09 1.0249E-08 1.0589E-08 1.0933E-08
3.6207E-10 3.8700E-10 4.1434E-10 4.5325E-10 4.9376E-10 5.3311E-10 5.7607E-10 6.2855E-10 6.8650E-10 7.3878E-10 7.9573E-10 8.5421E-10 9.1589E-10 9.8722E-10 1.0593E-09 1.1415E-09 1.2250E-09 1.3142E-09 1.4145E-09 1.5163E-09 1.6243E-09 1.7440E-09 1.8656E-09 2.0033E-09 2.1678E-09 2.3313E-09 2.4950E-09 2.6660E-09 2.8466E-09 3.0348E-09 3.2327E-09 3.4407E-09 3.6549E-09 3.8798E-09 4.1146E-09 4.3548E-09 4.6027E-09 4.8604E-09 5.1244E-09 5.3966E-09 5.6765E-09 5.9597E-09 6.2541E-09 6.5528E-09 6.8548E-09 7.1673E-09 7.4797E-09 7.7957E-09 8.1193E-09 8.4441E-09 8.7698E-09 9.1035E-09 9.4386E-09 9.7682E-09 1.0099E-08 1.0429E-08 1.0766E-08
3.6487E-10 3.8995E-10 4.1834E-10 4.5466E-10 4.9488E-10 5.3493E-10 5.8125E-10 6.3464E-10 6.9161E-10 7.4280E-10 8.0029E-10 8.5926E-10 9.2242E-10 9.9327E-10 1.0658E-09 1.1482E-09 1.2320E-09 1.3213E-09 1.4216E-09 1.5233E-09 1.6310E-09 1.7502E-09 1.8711E-09 2.0118E-09 2.1770E-09 2.3363E-09 2.4978E-09 2.6684E-09 2.8474E-09 3.0326E-09 3.2292E-09 3.4337E-09 3.6450E-09 3.8676E-09 4.0976E-09 4.3336E-09 4.5769E-09 4.8308E-09 5.0883E-09 5.3546E-09 5.6283E-09 5.9052E-09 6.1944E-09 6.4861E-09 6.7811E-09 7.0842E-09 7.3889E-09 7.6989E-09 8.0142E-09 8.3309E-09 8.6461E-09 8.9718E-09 9.2979E-09 9.6188E-09 9.9405E-09 1.0262E-08 1.0591E-08
3.6685E-10 3.9346E-10 4.2194E-10 4.5525E-10 4.9731E-10 5.3725E-10 5.8686E-10 6.4105E-10 6.9599E-10 7.4798E-10 8.0607E-10 8.6427E-10 9.2874E-10 9.9906E-10 1.0718E-09 1.1545E-09 1.2383E-09 1.3276E-09 1.4276E-09 1.5290E-09 1.6362E-09 1.7548E-09 1.8748E-09 2.0200E-09 2.1849E-09 2.3389E-09 2.4981E-09 2.6669E-09 2.8443E-09 3.0282E-09 3.2223E-09 3.4231E-09 3.6320E-09 3.8509E-09 4.0761E-09 4.3076E-09 4.5472E-09 4.7949E-09 5.0469E-09 5.3070E-09 5.5756E-09 5.8465E-09 6.1271E-09 6.4118E-09 6.7011E-09 6.9963E-09 7.2935E-09 7.5938E-09 7.9026E-09 8.2093E-09 8.5178E-09 8.8335E-09 9.1504E-09 9.4625E-09 9.7752E-09 1.0088E-08 1.0408E-08
3.6911E-10 3.9595E-10 4.2520E-10 4.5895E-10 4.9882E-10 5.4146E-10 5.9222E-10 6.4812E-10 7.0041E-10 7.5319E-10 8.1056E-10 8.6909E-10 9.3387E-10 1.0044E-09 1.0782E-09 1.1600E-09 1.2437E-09 1.3338E-09 1.4326E-09 1.5335E-09 1.6400E-09 1.7577E-09 1.8789E-09 2.0293E-09 2.1877E-09 2.3393E-09 2.4958E-09 2.6634E-09 2.8383E-09 3.0197E-09 3.2119E-09 3.4087E-09 3.6150E-09 3.8301E-09 4.0501E-09 4.2770E-09 4.5128E-09 4.7542E-09 5.0004E-09 5.2542E-09 5.5164E-09 5.7808E-09 6.0558E-09 6.3336E-09 6.6155E-09 6.9010E-09 7.1923E-09 7.4846E-09 7.7831E-09 8.0835E-09 8.3837E-09 8.6891E-09 8.9968E-09 9.3001E-09 9.6037E-09 9.9079E-09 1.0218E-08
3.7204E-10 3.9912E-10 4.2872E-10 4.6071E-10 5.0104E-10 5.4666E-10 5.9993E-10 6.5521E-10 7.0474E-10 7.5715E-10 8.1483E-10 8.7445E-10 9.3943E-10 1.0092E-09 1.0839E-09 1.1648E-09 1.2483E-09 1.3389E-09 1.4363E-09 1.5365E-09 1.6432E-09 1.7590E-09 1.8800E-09 2.0362E-09 2.1871E-09 2.3367E-09 2.4911E-09 2.6576E-09 2.8294E-09 3.0090E-09 3.1973E-09 3.3907E-09 3.5933E-09 3.8045E-09 4.0201E-09 4.2423E-09 4.4740E-09 4.7089E-09 4.9493E-09 5.1978E-09 5.4523E-09 5.7118E-09 5.9795E-09 6.2501E-09 6.5231E-09 6.8025E-09 7.0860E-09 7.3684E-09 7.6602E-09 7.9506E-09 8.2424E-09 8.5411E-09 8.8379E-09 9.1323E-09 9.4267E-09 9.7217E-09 1.0023E-08
3.7502E-10 4.0265E-10 4.3082E-10 4.6284E-10 5.0416E-10 5.4970E-10 6.0755E-10 6.6084E-10 7.0927E-10 7.6195E-10 8.1877E-10 8.7936E-10 9.4444E-10 1.0133E-09 1.0889E-09 1.1686E-09 1.2517E-09 1.3429E-09 1.4387E-09 1.5380E-09 1.6439E-09 1.7587E-09 1.8850E-09 2.0391E-09 2.1845E-09 2.3318E-09 2.4850E-09 2.6488E-09 2.8176E-09 2.9951E-09 3.1795E-09 3.3694E-09 3.5691E-09 3.7752E-09 3.9863E-09 4.2035E-09 4.4301E-09 4.6594E-09 4.8939E-09 5.1371E-09 5.3836E-09 5.6383E-09 5.8973E-09 6.1604E-09 6.4278E-09 6.6991E-09 6.9733E-09 7.2494E-09 7.5325E-09 7.8131E-09 8.0983E-09 8.3866E-09 8.6742E-09 8.9597E-09 9.2449E-09 9.5307E-09 9.8224E-09
3.7702E-10 4.0482E-10 4.3462E-10 4.6694E-10 5.0860E-10 5.5813E-10 6.1444E-10 6.6380E-10 7.1243E-10 7.6639E-10 8.2228E-10 8.8291E-10 9.4879E-10 1.0176E-09 1.0921E-09 1.1715E-09 1.2550E-09 1.3447E-09 1.4397E-09 1.5382E-09 1.6441E-09 1.7574E-09 1.8883E-09 2.0409E-09 2.1789E-09 2.3244E-09 2.4764E-09 2.6368E-09 2.8025E-09 2.9783E-09 3.1586E-09 3.3448E-09 3.5415E-09 3.7425E-09 3.9488E-09 4.1621E-09 4.3824E-09 4.6061E-09 4.8346E-09 5.0714E-09 5.3111E-09 5.5608E-09 5.8109E-09 6.0682E-09 6.3268E-09 6.5916E-09 6.8582E-09 7.1263E-09 7.4009E-09 7.6736E-09 7.9503E-09 8.2279E-09 8.5064E-09 8.7831E-09 9.0591E-09 9.3358E-09 9.6178E-09
3.7966E-10 4.0775E-10 4.3670E-10 4.7086E-10 5.1140E-10 5.6681E-10 6.2065E-10 6.6726E-10 7.1639E-10 7.7044E-10 8.2611E-10 8.8673E-10 9.5168E-10 1.0211E-09 1.0952E-09 1.1733E-09 1.2572E-09 1.3462E-09 1.4395E-09 1.5380E-09 1.6428E-09 1.7553E-09 1.8913E-09 2.0355E-09 2.1724E-09 2.3148E-09 2.4655E-09 2.6223E-09 2.7852E-09 2.9588E-09 3.1348E-09 3.3181E-09 3.5108E-09 3.7065E-09 3.9081E-09 4.1173E-09 4.3313E-09 4.5493E-09 4.7718E-09 5.0020E-09 5.2364E-09 5.4781E-09 5.7209E-09 5.9723E-09 6.2222E-09 6.4792E-09 6.7377E-09 6.9997E-09 7.2643E-09 7.5308E-09 7.7990E-09 8.0659E-09 8.3353E-09 8.6033E-09 8.8702E-09 9.1376E-09 9.4099E-09
3.8267E-10 4.0931E-10 4.3946E-10 4.7445E-10 5.1737E-10 5.7417E-10 6.2464E-10 6.6967E-10 7.1995E-10 7.7301E-10 8.2861E-10 8.8990E-10 9.5379E-10 1.0229E-09 1.0975E-09 1.1742E-09 1.2583E-09 1.3466E-09 1.4381E-09 1.5354E-09 1.6401E-09 1.7531E-09 1.8893E-09 2.0282E-09 2.1639E-09 2.3032E-09 2.4516E-09 2.6053E-09 2.7660E-09 2.9359E-09 3.1083E-09 3.2878E-09 3.4763E-09 3.6676E-09 3.8644E-09 4.0695E-09 4.2771E-09 4.4894E-09 4.7069E-09 4.9293E-09 5.1586E-09 5.3933E-09 5.6294E-09 5.8734E-09 6.1161E-09 6.3654E-09 6.6141E-09 6.8684E-09 7.1246E-09 7.3849E-09 7.6432E-09 7.9011E-09 8.1613E-09 8.4210E-09 8.6788E-09 8.9370E-09 9.1994E-09
3.8359E-10 4.1094E-10 4.4284E-10 4.7780E-10 5.2344E-10 5.7900E-10 6.2740E-10 6.7280E-10 7.2310E-10 7.7508E-10 8.3132E-10 8.9237E-10 9.5599E-10 1.0247E-09 1.0980E-09 1.1749E-09 1.2574E-09 1.3449E-09 1.4353E-09 1.5326E-09 1.6359E-09 1.7494E-09 1.8884E-09 2.0191E-09 2.1527E-09 2.2893E-09 2.4358E-09 2.5865E-09 2.7445E-09 2.9099E-09 3.0794E-09 3.2557E-09 3.4392E-09 3.6259E-09 3.8178E-09 4.0178E-09 4.2200E-09 4.4265E-09 4.6392E-09 4.8540E-09 5.0780E-09 5.3045E-09 5.5352E-09 5.7704E-09 6.0056E-09 6.2488E-09 6.4899E-09 6.7365E-09 6.9827E-09 7.2347E-09 7.4852E-09 7.7343E-09 7.9855E-09 8.2367E-09 8.4856E-09 8.7346E-09 8.9874E-09
3.8602E-10 4.1322E-10 4.4603E-10 4.8213E-10 5.3074E-10 5.8420E-10 6.2984E-10 6.7554E-10 7.2577E-10 7.7658E-10 8.3340E-10 8.9340E-10 9.5661E-10 1.0257E-09 1.0976E-09 1.1738E-09 1.2564E-09 1.3421E-09 1.4314E-09 1.5284E-09 1.6308E-09 1.7456E-09 1.8846E-09 2.0090E-09 2.1398E-09 2.2739E-09 2.4183E-09 2.5656E-09 2.7210E-09 2.8824E-09 3.0481E-09 3.2213E-09 3.3997E-09 3.5817E-09 3.7688E-09 3.9637E-09 4.1604E-09 4.3612E-09 4.5679E-09 4.7762E-09 4.9936E-09 5.2134E-09 5.4384E-09 5.6652E-09 5.8942E-09 6.1287E-09 6.3635E-09 6.6027E-09 6.8408E-09 7.0844E-09 7.3256E-09 7.5658E-09 7.8083E-09 8.0511E-09 8.2912E-09 8.5311E-09 8.7746E-09
3.8782E-10 4.1607E-10 4.4739E-10 4.8597E-10 5.3647E-10 5.8863E-10 6.3121E-10 6.7784E-10 7.2697E-10 7.7831E-10 8.3487E-10 8.9374E-10 9.5733E-10 1.0259E-09 1.0963E-09 1.1726E-09 1.2544E-09 1.3382E-09 1.4273E-09 1.5230E-09 1.6244E-09 1.7397E-09 1.8760E-09 1.9972E-09 2.1251E-09 2.2568E-09 2.3982E-09 2.5427E-09 2.6951E-09 2.8522E-09 3.0143E-09 3.1846E-09 3.3579E-09 3.5353E-09 3.7184E-09 3.9073E-09 4.0985E-09 4.2936E-09 4.4944E-09 4.6963E-09 4.9085E-09 5.1200E-09 5.3396E-09 5.5580E-09 5.7815E-09 6.0070E-09 6.2340E-09 6.4653E-09 6.6975E-09 6.9333E-09 7.1649E-09 7.3962E-09 7.6301E-09 7.8641E-09 8.0962E-09 8.3271E-09 8.5612E-09
3.8824E-10 4.1713E-10 4.5068E-10 4.8998E-10 5.4431E-10 5.9109E-10 6.3217E-10 6.7870E-10 7.2767E-10 7.7872E-10 8.3498E-10 8.9342E-10 9.5733E-10 1.0246E-09 1.0942E-09 1.1706E-09 1.2506E-09 1.3332E-09 1.4220E-09 1.5155E-09 1.6162E-09 1.7351E-09 1.8641E-09 1.9839E-09 2.1088E-09 2.2379E-09 2.3763E-09 2.5174E-09 2.6679E-09 2.8205E-09 2.9785E-09 3.1459E-09 3.3140E-09 3.4869E-09 3.6660E-09 3.8488E-09 4.0347E-09 4.2241E-09 4.4190E-09 4.6148E-09 4.8215E-09 5.0255E-09 5.2373E-09 5.4495E-09 5.6671E-09 5.8840E-09 6.1052E-09 6.3267E-09 6.5516E-09 6.7794E-09 7.0035E-09 7.2264E-09 7.4517E-09 7.6768E-09 7.9011E-09 8.1233E-09 8.3480E-09
3.8923E-10 4.1921E-10 4.5241E-10 4.9560E-10 5.4921E-10 5.9250E-10 6.3374E-10 6.8013E-10 7.2786E-10 7.7938E-10 8.3527E-10 8.9325E-10 9.5662E-10 1.0224E-09 1.0921E-09 1.1676E-09 1.2458E-09 1.3273E-09 1.4157E-09 1.5079E-09 1.6087E-09 1.7272E-09 1.8509E-09 1.9691E-09 2.0910E-09 2.2189E-09 2.3530E-09 2.4911E-09 2.6382E-09 2.7869E-09 2.9413E-09 3.1046E-09 3.2684E-09 3.4366E-09 3.6117E-09 3.7886E-09 3.9691E-09 4.1539E-09 4.3420E-09 4.5318E-09 4.7321E-09 4.9291E-09 5.1361E-09 5.3398E-09 5.5517E-09 5.7593E-09 5.9754E-09 6.1884E-09 6.4070E-09 6.6253E-09 6.8411E-09 7.0565E-09 7.2733E-09 7.4904E-09 7.7066E-09 7.9203E-09 8.1359E-09
3.9085E-10 4.2095E-10 4.5599E-10 5.0178E-10 5.5125E-10 5.9287E-10 6.3491E-10 6.8110E-10 7.2757E-10 7.7950E-10 8.3421E-10 8.9166E-10 9.5444E-10 1.0195E-09 1.0892E-09 1.1638E-09 1.2401E-09 1.3204E-09 1.4075E-09 1.4989E-09 1.6000E-09 1.7170E-09 1.8363E-09 1.9529E-09 2.0718E-09 2.1976E-09 2.3283E-09 2.4626E-09 2.6063E-09 2.7517E-09 2.9019E-09 3.0611E-09 3.2212E-09 3.3848E-09 3.5551E-09 3.7269E-09 3.9020E-09 4.0823E-09 4.2637E-09 4.4488E-09 4.6413E-09 4.8334E-09 5.0318E-09 5.2286E-09 5.4346E-09 5.6346E-09 5.8455E-09 6.0490E-09 6.2620E-09 6.4713E-09 6.6792E-09 6.8870E-09 7.0957E-09 7.3041E-09 7.5128E-09 7.7184E-09 7.9250E-09
3.9299E-10 4.2320E-10 4.5885E-10 5.0752E-10 5.5367E-10 5.9288E-10 6.3569E-10 6.8070E-10 7.2679E-10 7.7909E-10 8.3258E-10 8.9024E-10 9.5239E-10 1.0159E-09 1.0847E-09 1.1584E-09 1.2336E-09 1.3135E-09 1.3993E-09 1.4895E-09 1.5909E-09 1.7055E-09 1.8205E-09 1.9348E-09 2.0512E-09 2.1750E-09 2.3022E-09 2.4334E-09 2.5737E-09 2.7154E-09 2.8618E-09 3.0168E-09 3.1725E-09 3.3315E-09 3.4971E-09 3.6638E-09 3.8338E-09 4.0086E-09 4.1844E-09 4.3661E-09 4.5496E-09 4.7368E-09 4.9280E-09 5.1188E-09 5.3166E-09 5.5097E-09 5.7138E-09 5.9104E-09 6.1165E-09 6.3175E-09 6.5181E-09 6.7185E-09 6.9188E-09 7.1196E-09 7.3191E-09 7.5181E-09 7.7159E-09
3.9344E-10 4.2476E-10 4.6206E-10 5.1153E-10 5.5488E-10 5.9255E-10 6.3513E-10 6.7985E-10 7.2630E-10 7.7816E-10 8.3039E-10 8.8822E-10 9.4893E-10 1.0116E-09 1.0803E-09 1.1522E-09 1.2262E-09 1.3057E-09 1.3901E-09 1.4791E-09 1.5796E-09 1.6907E-09 1.8035E-09 1.9155E-09 2.0295E-09 2.1512E-09 2.2748E-09 2.4028E-09 2.5391E-09 2.6772E-09 2.8211E-09 2.9706E-09 3.1219E-09 3.2771E-09 3.4379E-09 3.5997E-09 3.7645E-09 3.9340E-09 4.1042E-09 4.2815E-09 4.4579E-09 4.6397E-09 4.8231E-09 5.0087E-09 5.1994E-09 5.3866E-09 5.5812E-09 5.7718E-09 5.9710E-09 6.1650E-09 6.3575E-09 6.5501E-09 6.7435E-09 6.9362E-09 7.1287E-09 7.3198E-09 7.5089E-09
3.9417E-10 4.2551E-10 4.6562E-10 5.1393E-10 5.5510E-10 5.9186E-10 6.3514E-10 6.7859E-10 7.2535E-10 7.7602E-10 8.2767E-10 8.8562E-10 9.4484E-10 1.0066E-09 1.0752E-09 1.1453E-09 1.2180E-09 1.2970E-09 1.3792E-09 1.4679E-09 1.5662E-09 1.6800E-09 1.7855E-09 1.8952E-09 2.0066E-09 2.1256E-09 2.2462E-09 2.3711E-09 2.5041E-09 2.6386E-09 2.7793E-09 2.9240E-09 3.0710E-09 3.2217E-09 3.3778E-09 3.5347E-09 3.6944E-09 3.8586E-09 4.0234E-09 4.1963E-09 4.3658E-09 4.5427E-09 4.7186E-09 4.8985E-09 5.0804E-09 5.2657E-09 5.4507E-09 5.6357E-09 5.8255E-09 6.0118E-09 6.1990E-09 6.3841E-09 6.5698E-09 6.7549E-09 6.9392E-09 7.1233E-09 7.3045E-09
3.9591E-10 4.2799E-10 4.6883E-10 5.1552E-10 5.5436E-10 5.9178E-10 6.3478E-10 6.7691E-10 7.2394E-10 7.7340E-10 8.2517E-10 8.8245E-10 9.4015E-10 1.0018E-09 1.0695E-09 1.1376E-09 1.2091E-09 1.2868E-09 1.3676E-09 1.4558E-09 1.5530E-09 1.6649E-09 1.7665E-09 1.8738E-09 1.9827E-09 2.0989E-09 2.2166E-09 2.3404E-09 2.4680E-09 2.5983E-09 2.7359E-09 2.8758E-09 3.0185E-09 3.1648E-09 3.3170E-09 3.4690E-09 3.6237E-09 3.7828E-09 3.9423E-09 4.1096E-09 4.2735E-09 4.4451E-09 4.6141E-09 4.7897E-09 4.9638E-09 5.1433E-09 5.3193E-09 5.4995E-09 5.6827E-09 5.8616E-09 6.0409E-09 6.2194E-09 6.3976E-09 6.5761E-09 6.7530E-09 6.9288E-09 7.1036E-09
3.9684E-10 4.2839E-10 4.7154E-10 5.1750E-10 5.5331E-10 5.9136E-10 6.3313E-10 6.7483E-10 7.2210E-10 7.7032E-10 8.2217E-10 8.7803E-10 9.3490E-10 9.9645E-10 1.0623E-09 1.1293E-09 1.1995E-09 1.2767E-09 1.3557E-09 1.4436E-09 1.5384E-09 1.6471E-09 1.7466E-09 1.8509E-09 1.9578E-09 2.0707E-09 2.1861E-09 2.3067E-09 2.4310E-09 2.5577E-09 2.6923E-09 2.8268E-09 2.9661E-09 3.1095E-09 3.2548E-09 3.4029E-09 3.5527E-09 3.7067E-09 3.8610E-09 4.0230E-09 4.1813E-09 4.3473E-09 4.5100E-09 4.6803E-09 4.8464E-09 5.0201E-09 5.1910E-09 5.3654E-09 5.5402E-09 5.7121E-09 5.8850E-09 6.0569E-09 6.2275E-09 6.3990E-09 6.5691E-09 6.7383E-09 6.9058E-09
3.9697E-10 4.3160E-10 4.7424E-10 5.1770E-10 5.5197E-10 5.9061E-10 6.3112E-10 6.7237E-10 7.1915E-10 7.6678E-10 8.1797E-10 8.7310E-10 9.2910E-10 9.9047E-10 1.0546E-09 1.1203E-09 1.1901E-09 1.2659E-09 1.3432E-09 1.4306E-09 1.5231E-09 1.6286E-09 1.7239E-09 1.8278E-09 1.9315E-09 2.0423E-09 2.1548E-09 2.2729E-09 2.3932E-09 2.5165E-09 2.6460E-09 2.7779E-09 2.9123E-09 3.0522E-09 3.1929E-09 3.3363E-09 3.4822E-09 3.6305E-09 3.7796E-09 3.9364E-09 4.0894E-09 4.2499E-09 4.4067E-09 4.5715E-09 4.7312E-09 4.8995E-09 5.0628E-09 5.2322E-09 5.3991E-09 5.5647E-09 5.7306E-09 5.8968E-09 6.0612E-09 6.2257E-09 6.3882E-09 6.5496E-09 6.7099E-09
3.9773E-10 4.3354E-10 4.7719E-10 5.1699E-10 5.5033E-10 5.8953E-10 6.2877E-10 6.7022E-10 7.1649E-10 7.6281E-10 8.1404E-10 8.6768E-10 9.2278E-10 9.8395E-10 1.0462E-09 1.1108E-09 1.1801E-09 1.2537E-09 1.3306E-09 1.4163E-09 1.5065E-09 1.6077E-09 1.7025E-09 1.8033E-09 1.9051E-09 2.0125E-09 2.1220E-09 2.2371E-09 2.3540E-09 2.4746E-09 2.6005E-09 2.7279E-09 2.8583E-09 2.9945E-09 3.1301E-09 3.2689E-09 3.4117E-09 3.5543E-09 3.6985E-09 3.8489E-09 3.9979E-09 4.1530E-09 4.3036E-09 4.4625E-09 4.6165E-09 4.7789E-09 4.9361E-09 5.1009E-09 5.2604E-09 5.4201E-09 5.5793E-09 5.7374E-09 5.8961E-09 6.0528E-09 6.2106E-09 6.3657E-09 6.5192E-09
