Assets/Resources/2015_m01_d16_1100(utc+0800)_l00_csi_1hr_conc.grd
DSAA
         159         159
     -79.000      79.000
     -79.000      79.000
  0.3555E-11  0.1017E-05
[rows 100 to 124 of 159, columns 57 to 113 of 159]
2.8797E-10 3.0384E-10 3.1995E-10 3.3648E-10 3.5359E-10 3.7161E-10 3.9007E-10 4.0966E-10 4.2973E-10 4.5080E-10 4.7256E-10 4.9520E-10 5.1860E-10 5.4333E-10 5.6872E-10 5.9538E-10 6.2312E-10 6.5170E-10 6.8116E-10 7.1171E-10 7.4344E-10 7.7637E-10 8.1045E-10 8.4568E-10 8.8203E-10 9.1947E-10 9.5803E-10 9.9770E-10 1.0384E-09 1.0801E-09 1.1228E-09 1.1664E-09 1.2108E-09 1.2559E-09 1.3018E-09 1.3484E-09 1.3956E-09 1.4433E-09 1.4914E-09 1.5398E-09 1.5885E-09 1.6374E-09 1.6864E-09 1.7354E-09 1.7844E-09 1.8333E-09 1.8819E-09 1.9303E-09 1.9783E-09 2.0259E-09 2.0729E-09 2.1194E-09 2.1652E-09 2.2124E-09 2.2711E-09 2.3264E-09 2.3854E-09
2.8213E-10 2.9798E-10 3.1409E-10 3.3031E-10 3.4708E-10 3.6492E-10 3.8320E-10 4.0242E-10 4.2211E-10 4.4260E-10 4.6395E-10 4.8619E-10 5.0934E-10 5.3344E-10 5.5835E-10 5.8476E-10 6.1179E-10 6.3991E-10 6.6909E-10 6.9918E-10 7.3043E-10 7.6285E-10 7.9641E-10 8.3108E-10 8.6684E-10 9.0371E-10 9.4168E-10 9.8070E-10 1.0208E-09 1.0618E-09 1.1038E-09 1.1466E-09 1.1903E-09 1.2347E-09 1.2798E-09 1.3256E-09 1.3719E-09 1.4188E-09 1.4660E-09 1.5136E-09 1.5614E-09 1.6093E-09 1.6574E-09 1.7055E-09 1.7536E-09 1.8016E-09 1.8494E-09 1.8968E-09 1.9440E-09 1.9907E-09 2.0369E-09 2.0825E-09 2.1274E-09 2.1720E-09 2.2243E-09 2.2811E-09 2.3373E-09
2.7625E-10 2.9192E-10 3.0834E-10 3.2408E-10 3.4068E-10 3.5802E-10 3.7610E-10 3.9460E-10 4.1425E-10 4.3434E-10 4.5528E-10 4.7709E-10 4.9982E-10 5.2348E-10 5.4812E-10 5.7386E-10 6.0039E-10 6.2826E-10 6.5696E-10 6.8658E-10 7.1736E-10 7.4926E-10 7.8228E-10 8.1639E-10 8.5157E-10 8.8786E-10 9.2522E-10 9.6364E-10 1.0030E-09 1.0434E-09 1.0847E-09 1.1267E-09 1.1696E-09 1.2133E-09 1.2576E-09 1.3026E-09 1.3481E-09 1.3941E-09 1.4404E-09 1.4871E-09 1.5340E-09 1.5811E-09 1.6283E-09 1.6755E-09 1.7227E-09 1.7697E-09 1.8166E-09 1.8632E-09 1.9094E-09 1.9553E-09 2.0006E-09 2.0454E-09 2.0895E-09 2.1330E-09 2.1780E-09 2.2353E-09 2.2870E-09
2.7080E-10 2.8615E-10 3.0209E-10 3.1780E-10 3.3408E-10 3.5106E-10 3.6894E-10 3.8708E-10 4.0631E-10 4.2601E-10 4.4653E-10 4.6794E-10 4.9041E-10 5.1346E-10 5.3764E-10 5.6287E-10 5.8918E-10 6.1654E-10 6.4455E-10 6.7394E-10 7.0422E-10 7.3562E-10 7.6808E-10 8.0163E-10 8.3625E-10 8.7195E-10 9.0870E-10 9.4648E-10 9.8524E-10 1.0249E-09 1.0654E-09 1.1068E-09 1.1489E-09 1.1917E-09 1.2353E-09 1.2795E-09 1.3241E-09 1.3692E-09 1.4147E-09 1.4605E-09 1.5065E-09 1.5527E-09 1.5990E-09 1.6453E-09 1.6916E-09 1.7378E-09 1.7837E-09 1.8294E-09 1.8748E-09 1.9197E-09 1.9642E-09 2.0081E-09 2.0514E-09 2.0941E-09 2.1364E-09 2.1860E-09 2.2424E-09
2.6488E-10 2.7991E-10 2.9565E-10 3.1166E-10 3.2743E-10 3.4422E-10 3.6158E-10 3.7950E-10 3.9816E-10 4.1763E-10 4.3775E-10 4.5874E-10 4.8078E-10 5.0338E-10 5.2714E-10 5.5185E-10 5.7769E-10 6.0457E-10 6.3235E-10 6.6128E-10 6.9106E-10 7.2193E-10 7.5385E-10 7.8683E-10 8.2088E-10 8.5600E-10 8.9214E-10 9.2927E-10 9.6735E-10 1.0063E-09 1.0461E-09 1.0867E-09 1.1281E-09 1.1702E-09 1.2129E-09 1.2562E-09 1.3000E-09 1.3443E-09 1.3889E-09 1.4338E-09 1.4789E-09 1.5242E-09 1.5696E-09 1.6150E-09 1.6604E-09 1.7057E-09 1.7507E-09 1.7955E-09 1.8400E-09 1.8841E-09 1.9277E-09 1.9708E-09 2.0133E-09 2.0551E-09 2.0962E-09 2.1388E-09 2.1931E-09
2.5928E-10 2.7365E-10 2.8952E-10 3.0502E-10 3.2075E-10 3.3735E-10 3.5400E-10 3.7187E-10 3.8997E-10 4.0922E-10 4.2894E-10 4.4949E-10 4.7113E-10 4.9346E-10 5.1659E-10 5.4105E-10 5.6617E-10 5.9260E-10 6.2015E-10 6.4859E-10 6.7788E-10 7.0821E-10 7.3959E-10 7.7202E-10 8.0550E-10 8.4002E-10 8.7555E-10 9.1204E-10 9.4941E-10 9.8766E-10 1.0267E-09 1.0666E-09 1.1072E-09 1.1485E-09 1.1905E-09 1.2329E-09 1.2759E-09 1.3193E-09 1.3630E-09 1.4070E-09 1.4512E-09 1.4956E-09 1.5401E-09 1.5847E-09 1.6291E-09 1.6735E-09 1.7177E-09 1.7616E-09 1.8052E-09 1.8484E-09 1.8911E-09 1.9334E-09 1.9751E-09 2.0161E-09 2.0565E-09 2.0964E-09 2.1414E-09
2.5319E-10 2.6739E-10 2.8245E-10 2.9821E-10 3.1421E-10 3.3013E-10 3.4674E-10 3.6405E-10 3.8194E-10 4.0077E-10 4.2010E-10 4.4041E-10 4.6144E-10 4.8337E-10 5.0603E-10 5.2986E-10 5.5466E-10 5.8064E-10 6.0773E-10 6.3567E-10 6.6469E-10 6.9449E-10 7.2533E-10 7.5721E-10 7.9012E-10 8.2405E-10 8.5894E-10 8.9477E-10 9.3146E-10 9.6899E-10 1.0073E-09 1.0465E-09 1.0863E-09 1.1268E-09 1.1679E-09 1.2096E-09 1.2517E-09 1.2942E-09 1.3371E-09 1.3802E-09 1.4235E-09 1.4670E-09 1.5106E-09 1.5543E-09 1.5978E-09 1.6413E-09 1.6846E-09 1.7276E-09 1.7703E-09 1.8127E-09 1.8546E-09 1.8960E-09 1.9369E-09 1.9771E-09 2.0167E-09 2.0555E-09 2.0955E-09
2.4757E-10 2.6147E-10 2.7585E-10 2.9171E-10 3.0720E-10 3.2289E-10 3.3945E-10 3.5604E-10 3.7389E-10 3.9216E-10 4.1124E-10 4.3116E-10 4.5157E-10 4.7325E-10 4.9567E-10 5.1884E-10 5.4341E-10 5.6872E-10 5.9533E-10 6.2302E-10 6.5151E-10 6.8079E-10 7.1109E-10 7.4242E-10 7.7475E-10 8.0808E-10 8.4235E-10 8.7749E-10 9.1350E-10 9.5032E-10 9.8793E-10 1.0263E-09 1.0654E-09 1.1051E-09 1.1454E-09 1.1862E-09 1.2275E-09 1.2691E-09 1.3111E-09 1.3533E-09 1.3958E-09 1.4384E-09 1.4811E-09 1.5238E-09 1.5665E-09 1.6091E-09 1.6515E-09 1.6936E-09 1.7355E-09 1.7770E-09 1.8180E-09 1.8586E-09 1.8987E-09 1.9381E-09 1.9769E-09 2.0150E-09 2.0526E-09
2.4228E-10 2.5507E-10 2.6927E-10 2.8474E-10 3.0002E-10 3.1598E-10 3.3183E-10 3.4839E-10 3.6583E-10 3.8357E-10 4.0239E-10 4.2173E-10 4.4209E-10 4.6315E-10 4.8514E-10 5.0788E-10 5.3202E-10 5.5684E-10 5.8297E-10 6.1016E-10 6.3813E-10 6.6712E-10 6.9689E-10 7.2766E-10 7.5943E-10 7.9214E-10 8.2577E-10 8.6024E-10 8.9554E-10 9.3165E-10 9.6855E-10 1.0062E-09 1.0445E-09 1.0834E-09 1.1229E-09 1.1629E-09 1.2033E-09 1.2440E-09 1.2851E-09 1.3265E-09 1.3681E-09 1.4098E-09 1.4516E-09 1.4935E-09 1.5353E-09 1.5769E-09 1.6184E-09 1.6597E-09 1.7007E-09 1.7413E-09 1.7816E-09 1.8213E-09 1.8606E-09 1.8992E-09 1.9373E-09 1.9746E-09 2.0112E-09
2.3698E-10 2.4915E-10 2.6318E-10 2.7733E-10 2.9318E-10 3.0843E-10 3.2422E-10 3.4057E-10 3.5730E-10 3.7513E-10 3.9341E-10 4.1250E-10 4.3244E-10 4.5292E-10 4.7464E-10 4.9715E-10 5.2050E-10 5.4524E-10 5.7068E-10 5.9734E-10 6.2503E-10 6.5350E-10 6.8274E-10 7.1295E-10 7.4414E-10 7.7625E-10 8.0920E-10 8.4301E-10 8.7763E-10 9.1303E-10 9.4919E-10 9.8608E-10 1.0236E-09 1.0617E-09 1.1004E-09 1.1395E-09 1.1791E-09 1.2190E-09 1.2592E-09 1.2997E-09 1.3404E-09 1.3813E-09 1.4222E-09 1.4631E-09 1.5040E-09 1.5448E-09 1.5855E-09 1.6259E-09 1.6660E-09 1.7058E-09 1.7452E-09 1.7841E-09 1.8226E-09 1.8605E-09 1.8977E-09 1.9343E-09 1.9702E-09
2.3153E-10 2.4358E-10 2.5633E-10 2.7047E-10 2.8588E-10 3.0108E-10 3.1696E-10 3.3260E-10 3.4930E-10 3.6655E-10 3.8445E-10 4.0313E-10 4.2267E-10 4.4307E-10 4.6402E-10 4.8631E-10 5.0924E-10 5.3353E-10 5.5844E-10 5.8483E-10 6.1177E-10 6.3971E-10 6.6865E-10 6.9832E-10 7.2891E-10 7.6039E-10 7.9270E-10 8.2583E-10 8.5975E-10 8.9446E-10 9.2990E-10 9.6602E-10 1.0028E-09 1.0401E-09 1.0779E-09 1.1162E-09 1.1549E-09 1.1940E-09 1.2334E-09 1.2730E-09 1.3128E-09 1.3528E-09 1.3928E-09 1.4329E-09 1.4729E-09 1.5128E-09 1.5526E-09 1.5921E-09 1.6314E-09 1.6704E-09 1.7089E-09 1.7471E-09 1.7847E-09 1.8218E-09 1.8583E-09 1.8942E-09 1.9294E-09
2.2639E-10 2.3785E-10 2.5013E-10 2.6408E-10 2.7816E-10 2.9344E-10 3.0893E-10 3.2485E-10 3.4115E-10 3.5788E-10 3.7570E-10 3.9399E-10 4.1313E-10 4.3310E-10 4.5366E-10 4.7555E-10 4.9823E-10 5.2171E-10 5.4651E-10 5.7195E-10 5.9860E-10 6.2625E-10 6.5464E-10 6.8375E-10 7.1376E-10 7.4459E-10 7.7626E-10 8.0871E-10 8.4195E-10 8.7595E-10 9.1066E-10 9.4603E-10 9.8199E-10 1.0185E-09 1.0555E-09 1.0930E-09 1.1309E-09 1.1691E-09 1.2076E-09 1.2463E-09 1.2853E-09 1.3244E-09 1.3636E-09 1.4027E-09 1.4419E-09 1.4809E-09 1.5198E-09 1.5585E-09 1.5970E-09 1.6351E-09 1.6729E-09 1.7102E-09 1.7471E-09 1.7834E-09 1.8191E-09 1.8543E-09 1.8887E-09
2.2112E-10 2.3230E-10 2.4443E-10 2.5710E-10 2.7100E-10 2.8584E-10 3.0145E-10 3.1713E-10 3.3289E-10 3.4941E-10 3.6684E-10 3.8474E-10 4.0346E-10 4.2305E-10 4.4357E-10 4.6470E-10 4.8714E-10 5.1016E-10 5.3430E-10 5.5938E-10 5.8552E-10 6.1265E-10 6.4050E-10 6.6927E-10 6.9867E-10 7.2888E-10 7.5988E-10 7.9168E-10 8.2424E-10 8.5753E-10 8.9150E-10 9.2611E-10 9.6130E-10 9.9703E-10 1.0332E-09 1.0699E-09 1.1069E-09 1.1443E-09 1.1819E-09 1.2198E-09 1.2579E-09 1.2961E-09 1.3344E-09 1.3727E-09 1.4110E-09 1.4492E-09 1.4873E-09 1.5251E-09 1.5627E-09 1.6000E-09 1.6370E-09 1.6735E-09 1.7096E-09 1.7451E-09 1.7802E-09 1.8146E-09 1.8483E-09
2.1571E-10 2.2691E-10 2.3845E-10 2.5049E-10 2.6387E-10 2.7834E-10 2.9356E-10 3.0899E-10 3.2472E-10 3.4099E-10 3.5789E-10 3.7558E-10 3.9405E-10 4.1309E-10 4.3341E-10 4.5413E-10 4.7596E-10 4.9888E-10 5.2218E-10 5.4716E-10 5.7233E-10 5.9915E-10 6.2669E-10 6.5488E-10 6.8366E-10 7.1325E-10 7.4361E-10 7.7473E-10 8.0661E-10 8.3920E-10 8.7244E-10 9.0629E-10 9.4070E-10 9.7564E-10 1.0110E-09 1.0468E-09 1.0830E-09 1.1196E-09 1.1564E-09 1.1934E-09 1.2307E-09 1.2680E-09 1.3055E-09 1.3429E-09 1.3803E-09 1.4177E-09 1.4549E-09 1.4919E-09 1.5287E-09 1.5651E-09 1.6013E-09 1.6370E-09 1.6723E-09 1.7072E-09 1.7414E-09 1.7751E-09 1.8082E-09
2.1063E-10 2.2140E-10 2.3249E-10 2.4453E-10 2.5663E-10 2.7094E-10 2.8523E-10 3.0080E-10 3.1675E-10 3.3252E-10 3.4919E-10 3.6631E-10 3.8459E-10 4.0341E-10 4.2319E-10 4.4384E-10 4.6488E-10 4.8754E-10 5.1056E-10 5.3468E-10 5.5973E-10 5.8579E-10 6.1252E-10 6.4035E-10 6.6876E-10 6.9771E-10 7.2743E-10 7.5791E-10 7.8910E-10 8.2097E-10 8.5348E-10 8.8658E-10 9.2022E-10 9.5436E-10 9.8895E-10 1.0239E-09 1.0593E-09 1.0950E-09 1.1310E-09 1.1672E-09 1.2036E-09 1.2401E-09 1.2767E-09 1.3133E-09 1.3498E-09 1.3863E-09 1.4227E-09 1.4589E-09 1.4948E-09 1.5305E-09 1.5658E-09 1.6008E-09 1.6354E-09 1.6694E-09 1.7030E-09 1.7360E-09 1.7683E-09
2.0542E-10 2.1577E-10 2.2687E-10 2.3830E-10 2.5027E-10 2.6359E-10 2.7755E-10 2.9220E-10 3.0857E-10 3.2411E-10 3.4041E-10 3.5732E-10 3.7507E-10 3.9371E-10 4.1289E-10 4.3334E-10 4.5429E-10 4.7614E-10 4.9905E-10 5.2233E-10 5.4707E-10 5.7232E-10 5.9895E-10 6.2617E-10 6.5373E-10 6.8230E-10 7.1138E-10 7.4119E-10 7.7171E-10 8.0287E-10 8.3465E-10 8.6699E-10 8.9987E-10 9.3322E-10 9.6701E-10 1.0012E-09 1.0357E-09 1.0706E-09 1.1058E-09 1.1411E-09 1.1767E-09 1.2123E-09 1.2481E-09 1.2838E-09 1.3195E-09 1.3552E-09 1.3907E-09 1.4261E-09 1.4613E-09 1.4961E-09 1.5307E-09 1.5649E-09 1.5987E-09 1.6320E-09 1.6648E-09 1.6971E-09 1.7288E-09
2.0025E-10 2.1047E-10 2.2099E-10 2.3214E-10 2.4395E-10 2.5617E-10 2.6994E-10 2.8466E-10 2.9972E-10 3.1596E-10 3.3175E-10 3.4829E-10 3.6584E-10 3.8412E-10 4.0325E-10 4.2294E-10 4.4381E-10 4.6486E-10 4.8732E-10 5.1049E-10 5.3436E-10 5.5946E-10 5.8504E-10 6.1165E-10 6.3906E-10 6.6701E-10 6.9546E-10 7.2461E-10 7.5444E-10 7.8490E-10 8.1594E-10 8.4755E-10 8.7965E-10 9.1222E-10 9.4522E-10 9.7861E-10 1.0124E-09 1.0464E-09 1.0807E-09 1.1153E-09 1.1500E-09 1.1848E-09 1.2197E-09 1.2546E-09 1.2895E-09 1.3243E-09 1.3591E-09 1.3936E-09 1.4280E-09 1.4620E-09 1.4958E-09 1.5293E-09 1.5623E-09 1.5949E-09 1.6270E-09 1.6586E-09 1.6896E-09
1.9512E-10 2.0506E-10 2.1530E-10 2.2633E-10 2.3754E-10 2.4961E-10 2.6193E-10 2.7681E-10 2.9094E-10 3.0734E-10 3.2302E-10 3.3955E-10 3.5661E-10 3.7449E-10 3.9326E-10 4.1267E-10 4.3295E-10 4.5409E-10 4.7555E-10 4.9879E-10 5.2197E-10 5.4635E-10 5.7150E-10 5.9774E-10 6.2430E-10 6.5161E-10 6.7966E-10 7.0817E-10 7.3731E-10 7.6706E-10 7.9739E-10 8.2825E-10 8.5959E-10 8.9139E-10 9.2361E-10 9.5621E-10 9.8915E-10 1.0224E-09 1.0559E-09 1.0896E-09 1.1235E-09 1.1575E-09 1.1915E-09 1.2256E-09 1.2597E-09 1.2937E-09 1.3277E-09 1.3614E-09 1.3950E-09 1.4283E-09 1.4613E-09 1.4940E-09 1.5263E-09 1.5581E-09 1.5895E-09 1.6204E-09 1.6508E-09
1.9002E-10 1.9970E-10 2.0983E-10 2.2041E-10 2.3137E-10 2.4298E-10 2.5516E-10 2.6859E-10 2.8332E-10 2.9785E-10 3.1462E-10 3.3064E-10 3.4749E-10 3.6519E-10 3.8337E-10 4.0272E-10 4.2222E-10 4.4328E-10 4.6448E-10 4.8669E-10 5.0992E-10 5.3338E-10 5.5833E-10 5.8328E-10 6.0969E-10 6.3662E-10 6.6378E-10 6.9187E-10 7.2034E-10 7.4939E-10 7.7900E-10 8.0912E-10 8.3971E-10 8.7074E-10 9.0218E-10 9.3400E-10 9.6615E-10 9.9860E-10 1.0313E-09 1.0642E-09 1.0972E-09 1.1304E-09 1.1637E-09 1.1970E-09 1.2302E-09 1.2634E-09 1.2966E-09 1.3295E-09 1.3623E-09 1.3948E-09 1.4271E-09 1.4590E-09 1.4906E-09 1.5218E-09 1.5525E-09 1.5827E-09 1.6123E-09
1.8497E-10 1.9439E-10 2.0425E-10 2.1443E-10 2.2525E-10 2.3659E-10 2.4848E-10 2.6094E-10 2.7536E-10 2.8996E-10 3.0543E-10 3.2220E-10 3.3855E-10 3.5552E-10 3.7397E-10 3.9259E-10 4.1218E-10 4.3210E-10 4.5355E-10 4.7493E-10 4.9782E-10 5.2092E-10 5.4456E-10 5.6968E-10 5.9501E-10 6.2130E-10 6.4831E-10 6.7573E-10 7.0352E-10 7.3188E-10 7.6077E-10 7.9016E-10 8.2001E-10 8.5028E-10 8.8096E-10 9.1200E-10 9.4337E-10 9.7503E-10 1.0069E-09 1.0390E-09 1.0713E-09 1.1036E-09 1.1361E-09 1.1686E-09 1.2010E-09 1.2335E-09 1.2658E-09 1.2980E-09 1.3300E-09 1.3618E-09 1.3933E-09 1.4245E-09 1.4553E-09 1.4858E-09 1.5158E-09 1.5453E-09 1.5743E-09
1.7982E-10 1.8914E-10 1.9859E-10 2.0867E-10 2.1920E-10 2.3027E-10 2.4173E-10 2.5392E-10 2.6654E-10 2.8180E-10 2.9640E-10 3.1330E-10 3.2958E-10 3.4668E-10 3.6425E-10 3.8260E-10 4.0196E-10 4.2161E-10 4.4226E-10 4.6369E-10 4.8534E-10 5.0861E-10 5.3170E-10 5.5587E-10 5.8075E-10 6.0664E-10 6.3252E-10 6.5951E-10 6.8687E-10 7.1454E-10 7.4273E-10 7.7139E-10 8.0050E-10 8.3003E-10 8.5995E-10 8.9023E-10 9.2082E-10 9.5169E-10 9.8280E-10 1.0141E-09 1.0456E-09 1.0771E-09 1.1088E-09 1.1405E-09 1.1722E-09 1.2038E-09 1.2353E-09 1.2668E-09 1.2980E-09 1.3290E-09 1.3598E-09 1.3903E-09 1.4204E-09 1.4502E-09 1.4795E-09 1.5084E-09 1.5367E-09
1.7503E-10 1.8395E-10 1.9332E-10 2.0297E-10 2.1327E-10 2.2390E-10 2.3523E-10 2.4699E-10 2.5964E-10 2.7331E-10 2.8899E-10 3.0312E-10 3.2142E-10 3.3718E-10 3.5484E-10 3.7297E-10 3.9138E-10 4.1145E-10 4.3113E-10 4.5242E-10 4.7373E-10 4.9574E-10 5.1900E-10 5.4222E-10 5.6688E-10 5.9147E-10 6.1740E-10 6.4372E-10 6.7016E-10 6.9739E-10 7.2487E-10 7.5282E-10 7.8120E-10 8.0999E-10 8.3917E-10 8.6869E-10 8.9852E-10 9.2862E-10 9.5894E-10 9.8946E-10 1.0201E-09 1.0509E-09 1.0818E-09 1.1127E-09 1.1436E-09 1.1745E-09 1.2053E-09 1.2359E-09 1.2664E-09 1.2967E-09 1.3267E-09 1.3565E-09 1.3859E-09 1.4150E-09 1.4437E-09 1.4719E-09 1.4996E-09
1.7030E-10 1.7870E-10 1.8796E-10 1.9736E-10 2.0740E-10 2.1779E-10 2.2885E-10 2.4047E-10 2.5256E-10 2.6546E-10 2.8036E-10 2.9556E-10 3.1008E-10 3.2882E-10 3.4528E-10 3.6300E-10 3.8183E-10 4.0046E-10 4.2069E-10 4.4061E-10 4.6227E-10 4.8358E-10 5.0610E-10 5.2913E-10 5.5245E-10 5.7718E-10 6.0176E-10 6.2765E-10 6.5389E-10 6.8043E-10 7.0721E-10 7.3445E-10 7.6212E-10 7.9019E-10 8.1863E-10 8.4740E-10 8.7647E-10 9.0581E-10 9.3536E-10 9.6511E-10 9.9502E-10 1.0250E-09 1.0551E-09 1.0853E-09 1.1154E-09 1.1455E-09 1.1756E-09 1.2055E-09 1.2352E-09 1.2648E-09 1.2941E-09 1.3232E-09 1.3519E-09 1.3803E-09 1.4083E-09 1.4358E-09 1.4629E-09
1.6535E-10 1.7381E-10 1.8267E-10 1.9185E-10 2.0147E-10 2.1176E-10 2.2242E-10 2.3378E-10 2.4560E-10 2.5842E-10 2.7142E-10 2.8768E-10 3.0235E-10 3.1921E-10 3.3639E-10 3.5371E-10 3.7130E-10 3.9048E-10 4.0990E-10 4.2983E-10 4.5011E-10 4.7176E-10 4.9320E-10 5.1620E-10 5.3896E-10 5.6231E-10 5.8703E-10 6.1202E-10 6.3734E-10 6.6343E-10 6.8977E-10 7.1631E-10 7.4327E-10 7.7062E-10 7.9833E-10 8.2637E-10 8.5470E-10 8.8328E-10 9.1208E-10 9.4107E-10 9.7021E-10 9.9948E-10 1.0288E-09 1.0582E-09 1.0876E-09 1.1169E-09 1.1462E-09 1.1754E-09 1.2044E-09 1.2333E-09 1.2619E-09 1.2902E-09 1.3183E-09 1.3460E-09 1.3734E-09 1.4003E-09 1.4268E-09
1.6061E-10 1.6884E-10 1.7734E-10 1.8641E-10 1.9596E-10 2.0585E-10 2.1640E-10 2.2722E-10 2.3911E-10 2.5104E-10 2.6455E-10 2.7763E-10 2.9475E-10 3.0931E-10 3.2751E-10 3.4428E-10 3.6210E-10 3.8002E-10 3.9911E-10 4.1905E-10 4.3882E-10 4.5977E-10 4.8103E-10 5.0257E-10 5.2565E-10 5.4841E-10 5.7230E-10 5.9638E-10 6.2149E-10 6.4641E-10 6.7230E-10 6.9839E-10 7.2466E-10 7.5130E-10 7.7830E-10 8.0561E-10 8.3320E-10 8.6104E-10 8.8910E-10 9.1734E-10 9.4574E-10 9.7425E-10 1.0028E-09 1.0315E-09 1.0601E-09 1.0888E-09 1.1173E-09 1.1458E-09 1.1741E-09 1.2022E-09 1.2301E-09 1.2578E-09 1.2852E-09 1.3122E-09 1.3389E-09 1.3652E-09 1.3911E-09
