Assets/Resources/2015_m01_d11_1600(utc+0800)_l00_csi_1hr_conc.grd
DSAA
         159         159
     -79.000      79.000
     -79.000      79.000
  0.0000E+00  0.5333E-05
[rows 25 to 49 of 159, columns 0 to 56 of 159]
7.7124E-10 8.8379E-10 1.0010E-09 1.1358E-09 1.2765E-09 1.4338E-09 1.5996E-09 1.7784E-09 1.9679E-09 2.1705E-09 2.3881E-09 2.6176E-09 2.8621E-09 3.1221E-09 3.3957E-09 3.6854E-09 3.9926E-09 4.3181E-09 4.6617E-09 5.0234E-09 5.4058E-09 5.8045E-09 6.2224E-09 6.6568E-09 7.1005E-09 7.5504E-09 8.0039E-09 8.4479E-09 8.8699E-09 9.2623E-09 9.6139E-09 9.9073E-09 1.0127E-08 1.0262E-08 1.0305E-08 1.0244E-08 1.0072E-08 9.7850E-09 9.3880E-09 8.8897E-09 8.3029E-09 7.6449E-09 6.9370E-09 6.1994E-09 5.4524E-09 4.7168E-09 4.0099E-09 3.3479E-09 2.7429E-09 2.2033E-09 1.7355E-09 1.3372E-09 1.0085E-09 7.4110E-10 5.2255E-10 3.4778E-10 2.2967E-10
6.4996E-10 7.4655E-10 8.4756E-10 9.6398E-10 1.0860E-09 1.2226E-09 1.3673E-09 1.5239E-09 1.6913E-09 1.8695E-09 2.0640E-09 2.2684E-09 2.4893E-09 2.7248E-09 2.9746E-09 3.2409E-09 3.5266E-09 3.8324E-09 4.1558E-09 4.5032E-09 4.8722E-09 5.2634E-09 5.6805E-09 6.1175E-09 6.5715E-09 7.0438E-09 7.5232E-09 8.0004E-09 8.4682E-09 8.9182E-09 9.3308E-09 9.6904E-09 9.9867E-09 1.0205E-08 1.0330E-08 1.0346E-08 1.0247E-08 1.0030E-08 9.6963E-09 9.2497E-09 8.7019E-09 8.0700E-09 7.3729E-09 6.6319E-09 5.8699E-09 5.1070E-09 4.3669E-09 3.6656E-09 3.0193E-09 2.4393E-09 1.9298E-09 1.4954E-09 1.1312E-09 8.3273E-10 5.9531E-10 3.9866E-10 2.5574E-10
5.4331E-10 6.2466E-10 7.1228E-10 8.0956E-10 9.1548E-10 1.0322E-09 1.1572E-09 1.2930E-09 1.4383E-09 1.5942E-09 1.7653E-09 1.9460E-09 2.1423E-09 2.3520E-09 2.5780E-09 2.8190E-09 3.0811E-09 3.3627E-09 3.6652E-09 3.9937E-09 4.3457E-09 4.7266E-09 5.1360E-09 5.5697E-09 6.0307E-09 6.5150E-09 7.0124E-09 7.5197E-09 8.0300E-09 8.5263E-09 8.9933E-09 9.4225E-09 9.7960E-09 1.0093E-08 1.0297E-08 1.0397E-08 1.0383E-08 1.0243E-08 9.9762E-09 9.5862E-09 9.0830E-09 8.4819E-09 7.8016E-09 7.0629E-09 6.2886E-09 5.5041E-09 4.7317E-09 3.9921E-09 3.3050E-09 2.6817E-09 2.1317E-09 1.6589E-09 1.2618E-09 9.3810E-10 6.7521E-10 4.6058E-10 2.9644E-10
4.4991E-10 5.1740E-10 5.9307E-10 6.7347E-10 7.6409E-10 8.6192E-10 9.6997E-10 1.0850E-09 1.2101E-09 1.3455E-09 1.4929E-09 1.6509E-09 1.8218E-09 2.0079E-09 2.2078E-09 2.4232E-09 2.6610E-09 2.9170E-09 3.1977E-09 3.5036E-09 3.8373E-09 4.2031E-09 4.5985E-09 5.0254E-09 5.4866E-09 5.9743E-09 6.4852E-09 7.0178E-09 7.5588E-09 8.0941E-09 8.6179E-09 9.1108E-09 9.5532E-09 9.9267E-09 1.0217E-08 1.0405E-08 1.0474E-08 1.0415E-08 1.0223E-08 9.9010E-09 9.4562E-09 8.9002E-09 8.2479E-09 7.5199E-09 6.7426E-09 5.9406E-09 5.1398E-09 4.3661E-09 3.6364E-09 2.9692E-09 2.3750E-09 1.8588E-09 1.4230E-09 1.0626E-09 7.7093E-10 5.3250E-10 3.4910E-10
3.6717E-10 4.2331E-10 4.8767E-10 5.5450E-10 6.3058E-10 7.1085E-10 8.0318E-10 8.9867E-10 1.0065E-09 1.1212E-09 1.2474E-09 1.3829E-09 1.5299E-09 1.6925E-09 1.8671E-09 2.0587E-09 2.2704E-09 2.5012E-09 2.7577E-09 3.0400E-09 3.3529E-09 3.6991E-09 4.0770E-09 4.4940E-09 4.9475E-09 5.4324E-09 5.9530E-09 6.5005E-09 7.0638E-09 7.6381E-09 8.2093E-09 8.7573E-09 9.2655E-09 9.7174E-09 1.0091E-08 1.0364E-08 1.0520E-08 1.0550E-08 1.0444E-08 1.0199E-08 9.8181E-09 9.3094E-09 8.6889E-09 7.9795E-09 7.2039E-09 6.3894E-09 5.5661E-09 4.7565E-09 3.9854E-09 3.2752E-09 2.6335E-09 2.0734E-09 1.5949E-09 1.1977E-09 8.7662E-10 6.2010E-10 4.1049E-10
2.9235E-10 3.4089E-10 3.9305E-10 4.5036E-10 5.1224E-10 5.7891E-10 6.5385E-10 7.3475E-10 8.2463E-10 9.2095E-10 1.0282E-09 1.1421E-09 1.2681E-09 1.4067E-09 1.5589E-09 1.7272E-09 1.9137E-09 2.1201E-09 2.3511E-09 2.6097E-09 2.8992E-09 3.2222E-09 3.5816E-09 3.9832E-09 4.4217E-09 4.9012E-09 5.4232E-09 5.9770E-09 6.5593E-09 7.1637E-09 7.7726E-09 8.3699E-09 8.9422E-09 9.4666E-09 9.9175E-09 1.0276E-08 1.0527E-08 1.0651E-08 1.0634E-08 1.0471E-08 1.0161E-08 9.7148E-09 9.1421E-09 8.4616E-09 7.6971E-09 6.8797E-09 6.0356E-09 5.1954E-09 4.3875E-09 3.6289E-09 2.9401E-09 2.3306E-09 1.8044E-09 1.3650E-09 1.0055E-09 7.1723E-10 4.8643E-10
2.2704E-10 2.6851E-10 3.1111E-10 3.5988E-10 4.0919E-10 4.6589E-10 5.2335E-10 5.9199E-10 6.6450E-10 7.4609E-10 8.3406E-10 9.2977E-10 1.0358E-09 1.1532E-09 1.2834E-09 1.4301E-09 1.5935E-09 1.7750E-09 1.9810E-09 2.2149E-09 2.4800E-09 2.7784E-09 3.1167E-09 3.4960E-09 3.9179E-09 4.3880E-09 4.9023E-09 5.4561E-09 6.0531E-09 6.6769E-09 7.3142E-09 7.9577E-09 8.5855E-09 9.1732E-09 9.7008E-09 1.0150E-08 1.0494E-08 1.0711E-08 1.0788E-08 1.0718E-08 1.0493E-08 1.0115E-08 9.5930E-09 8.9466E-09 8.2026E-09 7.3861E-09 6.5286E-09 5.6640E-09 4.8154E-09 4.0124E-09 3.2738E-09 2.6108E-09 2.0358E-09 1.5496E-09 1.1479E-09 8.2660E-10 5.7386E-10
1.7353E-10 2.0423E-10 2.4154E-10 2.7951E-10 3.2187E-10 3.6684E-10 4.1458E-10 4.6771E-10 5.2679E-10 5.9406E-10 6.6598E-10 7.4579E-10 8.3321E-10 9.3124E-10 1.0413E-09 1.1673E-09 1.3096E-09 1.4673E-09 1.6496E-09 1.8592E-09 2.0982E-09 2.3715E-09 2.6860E-09 3.0410E-09 3.4435E-09 3.8969E-09 4.3977E-09 4.9508E-09 5.5493E-09 6.1816E-09 6.8452E-09 7.5251E-09 8.1971E-09 8.8451E-09 9.4493E-09 9.9814E-09 1.0415E-08 1.0732E-08 1.0912E-08 1.0938E-08 1.0799E-08 1.0496E-08 1.0040E-08 9.4458E-09 8.7327E-09 7.9293E-09 7.0699E-09 6.1823E-09 5.3012E-09 4.4549E-09 3.6623E-09 2.9463E-09 2.3166E-09 1.7757E-09 1.3266E-09 9.6282E-10 6.7537E-10
1.3109E-10 1.5553E-10 1.8303E-10 2.1320E-10 2.4808E-10 2.8301E-10 3.2347E-10 3.6313E-10 4.1068E-10 4.6346E-10 5.2303E-10 5.8719E-10 6.5868E-10 7.4107E-10 8.3218E-10 9.3863E-10 1.0598E-09 1.1981E-09 1.3567E-09 1.5426E-09 1.7552E-09 2.0041E-09 2.2920E-09 2.6218E-09 3.0020E-09 3.4343E-09 3.9181E-09 4.4606E-09 5.0511E-09 5.6897E-09 6.3698E-09 7.0727E-09 7.7839E-09 8.4892E-09 9.1601E-09 9.7693E-09 1.0296E-08 1.0713E-08 1.0994E-08 1.1118E-08 1.1075E-08 1.0864E-08 1.0484E-08 9.9475E-09 9.2752E-09 8.4960E-09 7.6375E-09 6.7371E-09 5.8271E-09 4.9359E-09 4.0934E-09 3.3214E-09 2.6303E-09 2.0347E-09 1.5319E-09 1.1202E-09 7.9424E-10
9.8584E-11 1.1786E-10 1.3802E-10 1.6221E-10 1.8722E-10 2.1643E-10 2.4592E-10 2.7926E-10 3.1418E-10 3.5450E-10 4.0294E-10 4.5303E-10 5.1271E-10 5.7969E-10 6.5445E-10 7.4318E-10 8.4454E-10 9.6380E-10 1.1014E-09 1.2642E-09 1.4528E-09 1.6768E-09 1.9382E-09 2.2426E-09 2.5968E-09 3.0016E-09 3.4662E-09 3.9901E-09 4.5681E-09 5.2046E-09 5.8898E-09 6.6088E-09 7.3558E-09 8.1057E-09 8.8343E-09 9.5211E-09 1.0136E-08 1.0647E-08 1.1026E-08 1.1258E-08 1.1321E-08 1.1205E-08 1.0911E-08 1.0446E-08 9.8312E-09 9.0874E-09 8.2473E-09 7.3449E-09 6.4112E-09 5.4843E-09 4.5940E-09 3.7617E-09 3.0094E-09 2.3503E-09 1.7851E-09 1.3196E-09 9.4391E-10
6.6384E-11 8.6477E-11 1.0441E-10 1.2183E-10 1.4163E-10 1.6301E-10 1.8621E-10 2.1155E-10 2.3754E-10 2.6681E-10 3.0170E-10 3.4339E-10 3.8981E-10 4.4420E-10 5.0536E-10 5.7751E-10 6.6247E-10 7.6249E-10 8.8435E-10 1.0258E-09 1.1913E-09 1.3901E-09 1.6242E-09 1.9012E-09 2.2262E-09 2.6042E-09 3.0443E-09 3.5415E-09 4.1038E-09 4.7303E-09 5.4119E-09 6.1427E-09 6.9124E-09 7.6968E-09 8.4800E-09 9.2337E-09 9.9263E-09 1.0527E-08 1.1011E-08 1.1350E-08 1.1521E-08 1.1510E-08 1.1315E-08 1.0938E-08 1.0393E-08 9.6996E-09 8.8893E-09 7.9919E-09 7.0461E-09 6.0893E-09 5.1487E-09 4.2592E-09 3.4429E-09 2.7129E-09 2.0823E-09 1.5545E-09 1.1232E-09
3.3705E-11 5.0635E-11 6.1531E-11 8.2895E-11 9.7544E-11 1.2179E-10 1.4078E-10 1.5993E-10 1.8105E-10 2.0180E-10 2.2570E-10 2.5711E-10 2.9422E-10 3.3775E-10 3.8560E-10 4.4436E-10 5.1311E-10 5.9530E-10 6.9609E-10 8.2264E-10 9.6612E-10 1.1400E-09 1.3473E-09 1.5970E-09 1.8917E-09 2.2404E-09 2.6507E-09 3.1204E-09 3.6630E-09 4.2708E-09 4.9427E-09 5.6775E-09 6.4584E-09 7.2698E-09 8.0951E-09 8.9052E-09 9.6673E-09 1.0356E-08 1.0941E-08 1.1386E-08 1.1668E-08 1.1775E-08 1.1689E-08 1.1411E-08 1.0951E-08 1.0325E-08 9.5587E-09 8.6871E-09 7.7450E-09 6.7643E-09 5.7856E-09 4.8426E-09 3.9559E-09 3.1538E-09 2.4501E-09 1.8482E-09 1.3523E-09
6.8897E-12 1.9284E-11 2.4193E-11 4.1040E-11 4.9640E-11 7.0546E-11 9.2999E-11 1.0645E-10 1.3251E-10 1.4966E-10 1.6772E-10 1.8797E-10 2.1664E-10 2.4965E-10 2.8873E-10 3.3487E-10 3.9008E-10 4.5581E-10 5.4016E-10 6.4649E-10 7.7402E-10 9.2365E-10 1.1052E-09 1.3271E-09 1.5912E-09 1.9108E-09 2.2893E-09 2.7309E-09 3.2469E-09 3.8307E-09 4.4893E-09 5.2155E-09 5.9972E-09 6.8274E-09 7.6820E-09 8.5340E-09 9.3604E-09 1.0131E-08 1.0806E-08 1.1358E-08 1.1760E-08 1.1983E-08 1.2018E-08 1.1855E-08 1.1495E-08 1.0957E-08 1.0260E-08 9.4305E-09 8.5017E-09 7.5137E-09 6.5037E-09 5.5038E-09 4.5519E-09 3.6754E-09 2.8865E-09 2.2059E-09 1.6352E-09
1.7371E-12 3.5828E-12 5.2636E-12 7.8564E-12 1.0276E-11 2.5128E-11 4.1387E-11 5.1052E-11 7.1601E-11 8.1279E-11 1.0497E-10 1.1735E-10 1.4857E-10 1.7731E-10 2.0677E-10 2.4452E-10 2.8747E-10 3.3983E-10 4.0802E-10 4.9396E-10 6.0432E-10 7.3571E-10 8.9308E-10 1.0887E-09 1.3244E-09 1.6154E-09 1.9617E-09 2.3738E-09 2.8590E-09 3.4154E-09 4.0523E-09 4.7601E-09 5.5357E-09 6.3698E-09 7.2396E-09 8.1267E-09 9.0068E-09 9.8445E-09 1.0606E-08 1.1263E-08 1.1780E-08 1.2131E-08 1.2293E-08 1.2257E-08 1.2021E-08 1.1589E-08 1.0977E-08 1.0207E-08 9.3129E-09 8.3338E-09 7.3027E-09 6.2632E-09 5.2501E-09 4.2897E-09 3.4160E-09 2.6460E-09 1.9876E-09
0.0000E+00 2.3112E-13 9.6546E-13 1.9224E-12 3.1043E-12 4.5882E-12 5.9249E-12 7.6168E-12 2.1053E-11 2.5574E-11 4.1684E-11 4.7313E-11 6.6211E-11 8.9974E-11 1.1486E-10 1.5657E-10 1.9187E-10 2.3484E-10 2.9174E-10 3.6328E-10 4.5567E-10 5.7203E-10 7.1127E-10 8.8316E-10 1.0918E-09 1.3550E-09 1.6693E-09 2.0503E-09 2.5017E-09 3.0269E-09 3.6332E-09 4.3139E-09 5.0742E-09 5.8998E-09 6.7736E-09 7.6851E-09 8.6034E-09 9.4965E-09 1.0340E-08 1.1094E-08 1.1723E-08 1.2203E-08 1.2503E-08 1.2609E-08 1.2510E-08 1.2201E-08 1.1694E-08 1.1013E-08 1.0181E-08 9.2297E-09 8.1972E-09 7.1240E-09 6.0453E-09 5.0090E-09 4.0427E-09 3.1724E-09 2.4180E-09
0.0000E+00 0.0000E+00 0.0000E+00 0.0000E+00 1.4465E-13 5.4283E-13 1.0720E-12 1.7007E-12 2.2751E-12 2.8986E-12 3.5348E-12 4.0979E-12 1.6752E-11 3.0371E-11 4.0905E-11 6.7534E-11 9.2308E-11 1.3672E-10 1.7926E-10 2.5224E-10 3.3080E-10 4.2874E-10 5.5485E-10 7.0893E-10 8.9302E-10 1.1286E-09 1.4111E-09 1.7586E-09 2.1729E-09 2.6624E-09 3.2318E-09 3.8819E-09 4.6157E-09 5.4197E-09 6.2903E-09 7.2100E-09 8.1518E-09 9.0941E-09 1.0003E-08 1.0846E-08 1.1586E-08 1.2190E-08 1.2636E-08 1.2891E-08 1.2939E-08 1.2776E-08 1.2407E-08 1.1837E-08 1.1088E-08 1.0186E-08 9.1703E-09 8.0808E-09 6.9613E-09 5.8531E-09 4.7926E-09 3.8200E-09 2.9573E-09
0.0000E+00 0.0000E+00 0.0000E+00 0.0000E+00 0.0000E+00 0.0000E+00 0.0000E+00 0.0000E+00 0.0000E+00 0.0000E+00 0.0000E+00 0.0000E+00 0.0000E+00 0.0000E+00 3.7253E-13 1.7121E-11 3.1180E-11 6.3188E-11 9.4514E-11 1.5117E-10 2.1995E-10 3.0238E-10 4.1909E-10 5.5745E-10 7.2120E-10 9.3040E-10 1.1824E-09 1.4955E-09 1.8720E-09 2.3228E-09 2.8515E-09 3.4642E-09 4.1624E-09 4.9383E-09 5.7926E-09 6.7054E-09 7.6592E-09 8.6344E-09 9.5970E-09 1.0516E-08 1.1356E-08 1.2087E-08 1.2672E-08 1.3081E-08 1.3295E-08 1.3301E-08 1.3086E-08 1.2652E-08 1.2014E-08 1.1199E-08 1.0230E-08 9.1490E-09 7.9954E-09 6.8178E-09 5.6674E-09 4.5845E-09 3.6041E-09
0.0000E+00 0.0000E+00 0.0000E+00 0.0000E+00 0.0000E+00 0.0000E+00 0.0000E+00 0.0000E+00 0.0000E+00 0.0000E+00 0.0000E+00 0.0000E+00 0.0000E+00 0.0000E+00 0.0000E+00 1.4873E-12 1.0566E-11 2.5138E-11 5.3316E-11 8.9132E-11 1.4125E-10 2.0737E-10 2.9835E-10 4.1408E-10 5.6554E-10 7.5651E-10 9.7922E-10 1.2580E-09 1.5976E-09 2.0069E-09 2.4936E-09 3.0656E-09 3.7195E-09 4.4597E-09 5.2845E-09 6.1780E-09 7.1308E-09 8.1212E-09 9.1218E-09 1.0102E-08 1.1034E-08 1.1880E-08 1.2600E-08 1.3169E-08 1.3562E-08 1.3744E-08 1.3703E-08 1.3439E-08 1.2949E-08 1.2245E-08 1.1350E-08 1.0298E-08 9.1364E-09 7.9170E-09 6.6875E-09 5.4998E-09 4.4019E-09
0.0000E+00 0.0000E+00 0.0000E+00 0.0000E+00 0.0000E+00 0.0000E+00 0.0000E+00 0.0000E+00 0.0000E+00 0.0000E+00 0.0000E+00 0.0000E+00 0.0000E+00 0.0000E+00 0.0000E+00 0.0000E+00 2.3247E-12 1.1930E-11 2.7978E-11 5.4521E-11 9.2520E-11 1.4504E-10 2.1434E-10 3.1377E-10 4.3796E-10 6.0137E-10 7.9568E-10 1.0452E-09 1.3457E-09 1.7168E-09 2.1595E-09 2.6835E-09 3.2898E-09 3.9866E-09 4.7705E-09 5.6340E-09 6.5702E-09 7.5599E-09 8.5801E-09 9.6095E-09 1.0616E-08 1.1561E-08 1.2415E-08 1.3145E-08 1.3709E-08 1.4081E-08 1.4240E-08 1.4166E-08 1.3849E-08 1.3288E-08 1.2504E-08 1.1525E-08 1.0389E-08 9.1436E-09 7.8471E-09 6.5641E-09 5.3392E-09
0.0000E+00 0.0000E+00 0.0000E+00 0.0000E+00 0.0000E+00 0.0000E+00 0.0000E+00 0.0000E+00 0.0000E+00 0.0000E+00 0.0000E+00 0.0000E+00 0.0000E+00 0.0000E+00 0.0000E+00 0.0000E+00 0.0000E+00 4.1704E-12 1.4752E-11 3.5210E-11 6.3543E-11 1.0518E-10 1.5835E-10 2.3961E-10 3.3942E-10 4.7869E-10 6.4849E-10 8.6230E-10 1.1263E-09 1.4536E-09 1.8487E-09 2.3239E-09 2.8777E-09 3.5235E-09 4.2598E-09 5.0815E-09 5.9873E-09 6.9611E-09 7.9850E-09 9.0451E-09 1.0106E-08 1.1135E-08 1.2110E-08 1.2985E-08 1.3719E-08 1.4289E-08 1.4657E-08 1.4791E-08 1.4673E-08 1.4297E-08 1.3666E-08 1.2794E-08 1.1713E-08 1.0478E-08 9.1488E-09 7.7862E-09 6.4501E-09
0.0000E+00 0.0000E+00 0.0000E+00 0.0000E+00 0.0000E+00 0.0000E+00 0.0000E+00 0.0000E+00 0.0000E+00 0.0000E+00 0.0000E+00 0.0000E+00 0.0000E+00 0.0000E+00 0.0000E+00 0.0000E+00 0.0000E+00 0.0000E+00 5.0464E-12 1.9939E-11 4.1712E-11 7.2004E-11 1.1797E-10 1.8082E-10 2.6155E-10 3.7990E-10 5.2441E-10 7.0955E-10 9.4015E-10 1.2239E-09 1.5743E-09 1.9978E-09 2.4944E-09 3.0877E-09 3.7650E-09 4.5346E-09 5.3977E-09 6.3359E-09 7.3480E-09 8.4148E-09 9.5048E-09 1.0605E-08 1.1675E-08 1.2674E-08 1.3577E-08 1.4339E-08 1.4916E-08 1.5274E-08 1.5385E-08 1.5225E-08 1.4778E-08 1.4055E-08 1.3084E-08 1.1908E-08 1.0578E-08 9.1618E-09 7.7399E-09
0.0000E+00 0.0000E+00 0.0000E+00 0.0000E+00 0.0000E+00 0.0000E+00 0.0000E+00 0.0000E+00 0.0000E+00 0.0000E+00 0.0000E+00 0.0000E+00 0.0000E+00 0.0000E+00 0.0000E+00 0.0000E+00 0.0000E+00 0.0000E+00 7.3000E-14 9.7330E-12 2.3917E-11 4.9676E-11 8.3780E-11 1.3238E-10 2.0111E-10 2.9535E-10 4.1195E-10 5.7568E-10 7.7280E-10 1.0193E-09 1.3250E-09 1.6959E-09 2.1395E-09 2.6719E-09 3.2854E-09 4.0012E-09 4.8044E-09 5.6956E-09 6.6787E-09 7.7268E-09 8.8278E-09 9.9688E-09 1.1107E-08 1.2216E-08 1.3265E-08 1.4203E-08 1.4986E-08 1.5577E-08 1.5931E-08 1.6006E-08 1.5785E-08 1.5265E-08 1.4453E-08 1.3378E-08 1.2097E-08 1.0681E-08 9.1948E-09
0.0000E+00 0.0000E+00 0.0000E+00 0.0000E+00 0.0000E+00 0.0000E+00 0.0000E+00 0.0000E+00 0.0000E+00 0.0000E+00 0.0000E+00 0.0000E+00 0.0000E+00 0.0000E+00 0.0000E+00 0.0000E+00 0.0000E+00 0.0000E+00 0.0000E+00 3.4062E-12 1.3371E-11 3.1658E-11 5.7864E-11 9.7955E-11 1.5015E-10 2.2488E-10 3.2164E-10 4.5705E-10 6.2281E-10 8.3922E-10 1.1000E-09 1.4235E-09 1.8104E-09 2.2812E-09 2.8325E-09 3.4797E-09 4.2151E-09 5.0522E-09 5.9834E-09 6.9946E-09 8.0874E-09 9.2365E-09 1.0415E-08 1.1607E-08 1.2771E-08 1.3862E-08 1.4840E-08 1.5656E-08 1.6251E-08 1.6586E-08 1.6629E-08 1.6350E-08 1.5744E-08 1.4839E-08 1.3673E-08 1.2307E-08 1.0802E-08
0.0000E+00 0.0000E+00 0.0000E+00 0.0000E+00 0.0000E+00 0.0000E+00 0.0000E+00 0.0000E+00 0.0000E+00 0.0000E+00 0.0000E+00 0.0000E+00 0.0000E+00 0.0000E+00 0.0000E+00 0.0000E+00 0.0000E+00 0.0000E+00 0.0000E+00 2.1906E-12 6.2762E-12 1.9921E-11 3.8892E-11 6.9226E-11 1.0994E-10 1.6893E-10 2.4827E-10 3.5566E-10 4.9641E-10 6.7986E-10 9.0170E-10 1.1795E-09 1.5105E-09 1.9249E-09 2.4057E-09 2.9823E-09 3.6492E-09 4.4132E-09 5.2769E-09 6.2364E-09 7.2899E-09 8.4187E-09 9.6110E-09 1.0848E-08 1.2091E-08 1.3306E-08 1.4453E-08 1.5471E-08 1.6306E-08 1.6914E-08 1.7236E-08 1.7234E-08 1.6897E-08 1.6224E-08 1.5238E-08 1.3980E-08 1.2528E-08
0.0000E+00 0.0000E+00 0.0000E+00 0.0000E+00 0.0000E+00 0.0000E+00 0.0000E+00 0.0000E+00 0.0000E+00 0.0000E+00 0.0000E+00 0.0000E+00 0.0000E+00 0.0000E+00 0.0000E+00 0.0000E+00 0.0000E+00 0.0000E+00 0.0000E+00 1.2667E-12 3.2597E-12 1.1488E-11 2.4732E-11 4.6955E-11 7.8662E-11 1.2596E-10 1.8831E-10 2.7359E-10 3.8911E-10 5.3965E-10 7.2979E-10 9.6199E-10 1.2438E-09 1.5981E-09 2.0112E-09 2.5205E-09 3.1052E-09 3.7906E-09 4.5801E-09 5.4624E-09 6.4539E-09 7.5376E-09 8.7079E-09 9.9514E-09 1.1236E-08 1.2538E-08 1.3812E-08 1.5003E-08 1.6066E-08 1.6934E-08 1.7545E-08 1.7856E-08 1.7831E-08 1.7446E-08 1.6703E-08 1.5643E-08 1.4310E-08
