Assets/Resources/2015_m01_d03_0200(utc+0800)_l00_csi_1hr_conc.grd
DSAA
         159         159
     -79.000      79.000
     -79.000      79.000
  0.0000E+00  0.5330E-04
[rows 0 to 24 of 159, columns 57 to 113 of 159]
1.8644E-09 1.8501E-09 1.8340E-09 1.8169E-09 1.7974E-09 1.7770E-09 1.7556E-09 1.7333E-09 1.7103E-09 1.6868E-09 1.6628E-09 1.6385E-09 1.6138E-09 1.5888E-09 1.5636E-09 1.5381E-09 1.5125E-09 1.4868E-09 1.4611E-09 1.4352E-09 1.4094E-09 1.3836E-09 1.3578E-09 1.3322E-09 1.3066E-09 1.2812E-09 1.2559E-09 1.2308E-09 1.2058E-09 1.1810E-09 1.1564E-09 1.1319E-09 1.1028E-09 1.0788E-09 1.0500E-09 1.0264E-09 9.9691E-10 9.7379E-10 9.4621E-10 9.2359E-10 9.0107E-10 8.7421E-10 8.4784E-10 8.2149E-10 7.9591E-10 7.7497E-10 7.4992E-10 7.2737E-10 6.9870E-10 6.7699E-10 6.5158E-10 6.3077E-10 6.0403E-10 5.8228E-10 5.5491E-10 5.3623E-10 5.0981E-10
1.9180E-09 1.9037E-09 1.8873E-09 1.8693E-09 1.8503E-09 1.8343E-09 1.8122E-09 1.7892E-09 1.7719E-09 1.7475E-09 1.7226E-09 1.6973E-09 1.6716E-09 1.6523E-09 1.6261E-09 1.5997E-09 1.5731E-09 1.5464E-09 1.5196E-09 1.4927E-09 1.4658E-09 1.4389E-09 1.4121E-09 1.3853E-09 1.3587E-09 1.3269E-09 1.2874E-09 1.2613E-09 1.2355E-09 1.2097E-09 1.1843E-09 1.1589E-09 1.1338E-09 1.1089E-09 1.0842E-09 1.0547E-09 1.0305E-09 1.0016E-09 9.7780E-10 9.4808E-10 9.2487E-10 8.9725E-10 8.7460E-10 8.4748E-10 8.2092E-10 7.9922E-10 7.6886E-10 7.4343E-10 7.2059E-10 7.0035E-10 6.6958E-10 6.5032E-10 6.2293E-10 5.9820E-10 5.7205E-10 5.5068E-10 5.2339E-10
1.9777E-09 1.9627E-09 1.9465E-09 1.9349E-09 1.9152E-09 1.8944E-09 1.8781E-09 1.8545E-09 1.8299E-09 1.8046E-09 1.7787E-09 1.7524E-09 1.7257E-09 1.6987E-09 1.6715E-09 1.6440E-09 1.6164E-09 1.5887E-09 1.5608E-09 1.5329E-09 1.5050E-09 1.4771E-09 1.4493E-09 1.4215E-09 1.3938E-09 1.3663E-09 1.3389E-09 1.3117E-09 1.2846E-09 1.2578E-09 1.2259E-09 1.1995E-09 1.1669E-09 1.1345E-09 1.1090E-09 1.0837E-09 1.0586E-09 1.0337E-09 1.0042E-09 9.7977E-10 9.5076E-10 9.2696E-10 8.9718E-10 8.6948E-10 8.4663E-10 8.1485E-10 7.9285E-10 7.7105E-10 7.4073E-10 7.1311E-10 6.9267E-10 6.6600E-10 6.4211E-10 6.1670E-10 5.9390E-10 5.6339E-10 5.4196E-10
2.0394E-09 2.0244E-09 2.0143E-09 1.9963E-09 1.9761E-09 1.9546E-09 1.9320E-09 1.9074E-09 1.8820E-09 1.8559E-09 1.8289E-09 1.8016E-09 1.7738E-09 1.7458E-09 1.7175E-09 1.6890E-09 1.6603E-09 1.6315E-09 1.6026E-09 1.5737E-09 1.5447E-09 1.5158E-09 1.4869E-09 1.4581E-09 1.4295E-09 1.4009E-09 1.3725E-09 1.3443E-09 1.3163E-09 1.2885E-09 1.2609E-09 1.2335E-09 1.2064E-09 1.1794E-09 1.1476E-09 1.1147E-09 1.0887E-09 1.0564E-09 1.0310E-09 1.0058E-09 9.7592E-10 9.5134E-10 9.2206E-10 8.9801E-10 8.6346E-10 8.4028E-10 8.1733E-10 7.8569E-10 7.6363E-10 7.3758E-10 7.1179E-10 6.8433E-10 6.6405E-10 6.3774E-10 6.0776E-10 5.8488E-10 5.5225E-10
2.1018E-09 2.0869E-09 2.0698E-09 2.0510E-09 2.0311E-09 2.0088E-09 1.9926E-09 1.9681E-09 1.9418E-09 1.9149E-09 1.8943E-09 1.8659E-09 1.8372E-09 1.8081E-09 1.7788E-09 1.7492E-09 1.7267E-09 1.6969E-09 1.6669E-09 1.6369E-09 1.6069E-09 1.5768E-09 1.5468E-09 1.5169E-09 1.4870E-09 1.4501E-09 1.4136E-09 1.3774E-09 1.3484E-09 1.3196E-09 1.2911E-09 1.2628E-09 1.2347E-09 1.2069E-09 1.1793E-09 1.1520E-09 1.1249E-09 1.0930E-09 1.0665E-09 1.0339E-09 1.0016E-09 9.7610E-10 9.4608E-10 9.2131E-10 8.9675E-10 8.6776E-10 8.3931E-10 8.0987E-10 7.8701E-10 7.5547E-10 7.2916E-10 7.0307E-10 6.7536E-10 6.5496E-10 6.2847E-10 6.0246E-10 5.7325E-10
2.1584E-09 2.1498E-09 2.1329E-09 2.1137E-09 2.1001E-09 2.0784E-09 2.0543E-09 2.0293E-09 2.0031E-09 1.9825E-09 1.9541E-09 1.9249E-09 1.8952E-09 1.8651E-09 1.8347E-09 1.8041E-09 1.7733E-09 1.7424E-09 1.7113E-09 1.6803E-09 1.6492E-09 1.6181E-09 1.5870E-09 1.5560E-09 1.5251E-09 1.4943E-09 1.4637E-09 1.4333E-09 1.4031E-09 1.3730E-09 1.3432E-09 1.3067E-09 1.2706E-09 1.2347E-09 1.2062E-09 1.1780E-09 1.1501E-09 1.1224E-09 1.0950E-09 1.0627E-09 1.0360E-09 1.0031E-09 9.7705E-10 9.4488E-10 9.1471E-10 8.8981E-10 8.6528E-10 8.3621E-10 8.0783E-10 7.7851E-10 7.5127E-10 7.2446E-10 6.9846E-10 6.7024E-10 6.4529E-10 6.1867E-10 5.9253E-10
2.2224E-09 2.2140E-09 2.1964E-09 2.1774E-09 2.1635E-09 2.1410E-09 2.1175E-09 2.0915E-09 2.0648E-09 2.0369E-09 2.0074E-09 1.9775E-09 1.9467E-09 1.9155E-09 1.8840E-09 1.8523E-09 1.8204E-09 1.7884E-09 1.7563E-09 1.7241E-09 1.6919E-09 1.6598E-09 1.6277E-09 1.5956E-09 1.5637E-09 1.5319E-09 1.5002E-09 1.4687E-09 1.4374E-09 1.4064E-09 1.3756E-09 1.3451E-09 1.3148E-09 1.2848E-09 1.2550E-09 1.2187E-09 1.1827E-09 1.1470E-09 1.1188E-09 1.0909E-09 1.0633E-09 1.0359E-09 1.0038E-09 9.7718E-10 9.4455E-10 9.1219E-10 8.8197E-10 8.5715E-10 8.2768E-10 7.9897E-10 7.7547E-10 7.4178E-10 7.1474E-10 6.8857E-10 6.6482E-10 6.3507E-10 6.1265E-10
2.2873E-09 2.2789E-09 2.2612E-09 2.2415E-09 2.2205E-09 2.1973E-09 2.1728E-09 2.1473E-09 2.1271E-09 2.0987E-09 2.0690E-09 2.0380E-09 2.0065E-09 1.9820E-09 1.9495E-09 1.9167E-09 1.8837E-09 1.8506E-09 1.8174E-09 1.7841E-09 1.7508E-09 1.7175E-09 1.6843E-09 1.6511E-09 1.6180E-09 1.5850E-09 1.5445E-09 1.5046E-09 1.4723E-09 1.4402E-09 1.4084E-09 1.3768E-09 1.3456E-09 1.3146E-09 1.2839E-09 1.2535E-09 1.2234E-09 1.1936E-09 1.1573E-09 1.1213E-09 1.0856E-09 1.0575E-09 1.0297E-09 1.0023E-09 9.7002E-10 9.4338E-10 9.1065E-10 8.7823E-10 8.4818E-10 8.2338E-10 7.9409E-10 7.6567E-10 7.3617E-10 7.0906E-10 6.7807E-10 6.5660E-10 6.2432E-10
2.3535E-09 2.3370E-09 2.3191E-09 2.3066E-09 2.2849E-09 2.2619E-09 2.2367E-09 2.2181E-09 2.1908E-09 2.1614E-09 2.1314E-09 2.1080E-09 2.0756E-09 2.0428E-09 2.0093E-09 1.9754E-09 1.9414E-09 1.9072E-09 1.8729E-09 1.8385E-09 1.8041E-09 1.7697E-09 1.7354E-09 1.7011E-09 1.6669E-09 1.6328E-09 1.5988E-09 1.5650E-09 1.5314E-09 1.4981E-09 1.4649E-09 1.4321E-09 1.3921E-09 1.3447E-09 1.3131E-09 1.2818E-09 1.2507E-09 1.2200E-09 1.1896E-09 1.1596E-09 1.1229E-09 1.0937E-09 1.0580E-09 1.0225E-09 9.9466E-10 9.6709E-10 9.3491E-10 9.0823E-10 8.7555E-10 8.4327E-10 8.1338E-10 7.8877E-10 7.5517E-10 7.3168E-10 6.9816E-10 6.6701E-10 6.4549E-10
2.4199E-09 2.4036E-09 2.3850E-09 2.3726E-09 2.3505E-09 2.3268E-09 2.3018E-09 2.2828E-09 2.2548E-09 2.2256E-09 2.1946E-09 2.1630E-09 2.1301E-09 2.0961E-09 2.0618E-09 2.0269E-09 1.9917E-09 1.9564E-09 1.9210E-09 1.8855E-09 1.8500E-09 1.8145E-09 1.7790E-09 1.7436E-09 1.7084E-09 1.6732E-09 1.6382E-09 1.6033E-09 1.5687E-09 1.5343E-09 1.5001E-09 1.4661E-09 1.4325E-09 1.3992E-09 1.3661E-09 1.3334E-09 1.2938E-09 1.2467E-09 1.2154E-09 1.1845E-09 1.1539E-09 1.1237E-09 1.0938E-09 1.0575E-09 1.0216E-09 9.9320E-10 9.5815E-10 9.2553E-10 8.9857E-10 8.6547E-10 8.3953E-10 8.0263E-10 7.7788E-10 7.4867E-10 7.2041E-10 6.8667E-10 6.5540E-10
2.4875E-09 2.4708E-09 2.4521E-09 2.4393E-09 2.4172E-09 2.3930E-09 2.3673E-09 2.3404E-09 2.3114E-09 2.2815E-09 2.2586E-09 2.2259E-09 2.1927E-09 2.1583E-09 2.1229E-09 2.0872E-09 2.0510E-09 2.0229E-09 1.9933E-09 1.9567E-09 1.9200E-09 1.8834E-09 1.8468E-09 1.8102E-09 1.7738E-09 1.7291E-09 1.6929E-09 1.6488E-09 1.6131E-09 1.5708E-09 1.5356E-09 1.5006E-09 1.4659E-09 1.4316E-09 1.3975E-09 1.3638E-09 1.3304E-09 1.2974E-09 1.2647E-09 1.2252E-09 1.1860E-09 1.1471E-09 1.1164E-09 1.0860E-09 1.0561E-09 1.0198E-09 9.8387E-10 9.5546E-10 9.2053E-10 8.8804E-10 8.6125E-10 8.2845E-10 7.9783E-10 7.6628E-10 7.4185E-10 7.0852E-10 6.8088E-10
2.5563E-09 2.5391E-09 2.5200E-09 2.4990E-09 2.4760E-09 2.4598E-09 2.4335E-09 2.4058E-09 2.3771E-09 2.3547E-09 2.3231E-09 2.2973E-09 2.2632E-09 2.2286E-09 2.1927E-09 2.1560E-09 2.1191E-09 2.0816E-09 2.0440E-09 2.0063E-09 1.9686E-09 1.9309E-09 1.8933E-09 1.8556E-09 1.8181E-09 1.7805E-09 1.7432E-09 1.7059E-09 1.6688E-09 1.6320E-09 1.5954E-09 1.5591E-09 1.5067E-09 1.4712E-09 1.4361E-09 1.3945E-09 1.3602E-09 1.3261E-09 1.2925E-09 1.2592E-09 1.2263E-09 1.1865E-09 1.1471E-09 1.1080E-09 1.0772E-09 1.0469E-09 1.0169E-09 9.8073E-10 9.4490E-10 9.1668E-10 8.8187E-10 8.4971E-10 8.2318E-10 7.9074E-10 7.6061E-10 7.2953E-10 6.9606E-10
2.6174E-09 2.6084E-09 2.5886E-09 2.5672E-09 2.5439E-09 2.5273E-09 2.5010E-09 2.4796E-09 2.4502E-09 2.4200E-09 2.3878E-09 2.3548E-09 2.3207E-09 2.2855E-09 2.2499E-09 2.2130E-09 2.1753E-09 2.1373E-09 2.0988E-09 2.0600E-09 2.0211E-09 1.9822E-09 1.9432E-09 1.9043E-09 1.8654E-09 1.8265E-09 1.7878E-09 1.7492E-09 1.7107E-09 1.6723E-09 1.6344E-09 1.5968E-09 1.5595E-09 1.5225E-09 1.4858E-09 1.4494E-09 1.4056E-09 1.3621E-09 1.3274E-09 1.2931E-09 1.2525E-09 1.2191E-09 1.1861E-09 1.1461E-09 1.1142E-09 1.0752E-09 1.0366E-09 1.0064E-09 9.6971E-10 9.4054E-10 9.0500E-10 8.7695E-10 8.3740E-10 8.1074E-10 7.7809E-10 7.4785E-10 7.1661E-10
2.6879E-09 2.6697E-09 2.6585E-09 2.6364E-09 2.6202E-09 2.5952E-09 2.5686E-09 2.5405E-09 2.5105E-09 2.4800E-09 2.4483E-09 2.4146E-09 2.3800E-09 2.3439E-09 2.3068E-09 2.2692E-09 2.2304E-09 2.1910E-09 2.1515E-09 2.1116E-09 2.0716E-09 2.0316E-09 1.9916E-09 1.9517E-09 1.9120E-09 1.8723E-09 1.8327E-09 1.7932E-09 1.7539E-09 1.7146E-09 1.6754E-09 1.6363E-09 1.5976E-09 1.5591E-09 1.5209E-09 1.4835E-09 1.4464E-09 1.4097E-09 1.3733E-09 1.3294E-09 1.2859E-09 1.2515E-09 1.2174E-09 1.1771E-09 1.1441E-09 1.1042E-09 1.0722E-09 1.0334E-09 9.9486E-10 9.6476E-10 9.2839E-10 8.9949E-10 8.6428E-10 8.2435E-10 7.9761E-10 7.7132E-10 7.3448E-10
2.7596E-09 2.7487E-09 2.7287E-09 2.7068E-09 2.6825E-09 2.6576E-09 2.6310E-09 2.6024E-09 2.5721E-09 2.5398E-09 2.5066E-09 2.4723E-09 2.4364E-09 2.3999E-09 2.3623E-09 2.3239E-09 2.2852E-09 2.2454E-09 2.2051E-09 2.1646E-09 2.1238E-09 2.0828E-09 2.0417E-09 2.0007E-09 1.9597E-09 1.9189E-09 1.8781E-09 1.8375E-09 1.7970E-09 1.7566E-09 1.7165E-09 1.6767E-09 1.6371E-09 1.5976E-09 1.5582E-09 1.5191E-09 1.4803E-09 1.4418E-09 1.4041E-09 1.3671E-09 1.3307E-09 1.2866E-09 1.2512E-09 1.2080E-09 1.1740E-09 1.1336E-09 1.1006E-09 1.0608E-09 1.0290E-09 9.9038E-10 9.5208E-10 9.1538E-10 8.8633E-10 8.5084E-10 8.2306E-10 7.8380E-10 7.5749E-10
2.8317E-09 2.8135E-09 2.7932E-09 2.7711E-09 2.7468E-09 2.7202E-09 2.6922E-09 2.6623E-09 2.6311E-09 2.5987E-09 2.5644E-09 2.5304E-09 2.4953E-09 2.4587E-09 2.4211E-09 2.3822E-09 2.3423E-09 2.3020E-09 2.2605E-09 2.2188E-09 2.1768E-09 2.1346E-09 2.0923E-09 2.0501E-09 2.0080E-09 1.9659E-09 1.9239E-09 1.8821E-09 1.8405E-09 1.7990E-09 1.7578E-09 1.7168E-09 1.6761E-09 1.6357E-09 1.5955E-09 1.5555E-09 1.5161E-09 1.4765E-09 1.4373E-09 1.3985E-09 1.3600E-09 1.3224E-09 1.2858E-09 1.2497E-09 1.2063E-09 1.1631E-09 1.1290E-09 1.0955E-09 1.0558E-09 1.0163E-09 9.8478E-10 9.4646E-10 9.0853E-10 8.7237E-10 8.4369E-10 8.0883E-10 7.7646E-10
2.8986E-09 2.8799E-09 2.8588E-09 2.8347E-09 2.8088E-09 2.7817E-09 2.7528E-09 2.7236E-09 2.6931E-09 2.6611E-09 2.6271E-09 2.5911E-09 2.5544E-09 2.5165E-09 2.4775E-09 2.4380E-09 2.3973E-09 2.3561E-09 2.3147E-09 2.2722E-09 2.2297E-09 2.1869E-09 2.1438E-09 2.1007E-09 2.0576E-09 2.0146E-09 1.9716E-09 1.9288E-09 1.8861E-09 1.8433E-09 1.8007E-09 1.7585E-09 1.7165E-09 1.6747E-09 1.6330E-09 1.5920E-09 1.5513E-09 1.5109E-09 1.4707E-09 1.4309E-09 1.3917E-09 1.3529E-09 1.3142E-09 1.2764E-09 1.2394E-09 1.2033E-09 1.1595E-09 1.1168E-09 1.0828E-09 1.0494E-09 1.0100E-09 9.7093E-10 9.3227E-10 9.0188E-10 8.5767E-10 8.2893E-10 7.9395E-10
2.9650E-09 2.9470E-09 2.9246E-09 2.9010E-09 2.8754E-09 2.8489E-09 2.8202E-09 2.7893E-09 2.7570E-09 2.7231E-09 2.6881E-09 2.6521E-09 2.6144E-09 2.5767E-09 2.5383E-09 2.4989E-09 2.4587E-09 2.4170E-09 2.3747E-09 2.3319E-09 2.2881E-09 2.2441E-09 2.2000E-09 2.1557E-09 2.1114E-09 2.0672E-09 2.0231E-09 1.9791E-09 1.9352E-09 1.8915E-09 1.8479E-09 1.8047E-09 1.7614E-09 1.7185E-09 1.6758E-09 1.6333E-09 1.5911E-09 1.5492E-09 1.5078E-09 1.4670E-09 1.4263E-09 1.3860E-09 1.3460E-09 1.3066E-09 1.2679E-09 1.2296E-09 1.1923E-09 1.1557E-09 1.1117E-09 1.0690E-09 1.0354E-09 1.0024E-09 9.5621E-10 9.2484E-10 8.8678E-10 8.4225E-10 8.1350E-10
3.0303E-09 3.0130E-09 2.9931E-09 2.9688E-09 2.9422E-09 2.9128E-09 2.8820E-09 2.8505E-09 2.8174E-09 2.7837E-09 2.7495E-09 2.7141E-09 2.6768E-09 2.6376E-09 2.5979E-09 2.5569E-09 2.5152E-09 2.4730E-09 2.4296E-09 2.3858E-09 2.3417E-09 2.2967E-09 2.2517E-09 2.2066E-09 2.1614E-09 2.1162E-09 2.0711E-09 2.0261E-09 1.9812E-09 1.9365E-09 1.8917E-09 1.8473E-09 1.8031E-09 1.7591E-09 1.7151E-09 1.6713E-09 1.6280E-09 1.5853E-09 1.5428E-09 1.5003E-09 1.4583E-09 1.4173E-09 1.3767E-09 1.3364E-09 1.2964E-09 1.2566E-09 1.2175E-09 1.1791E-09 1.1418E-09 1.0973E-09 1.0626E-09 1.0205E-09 9.8731E-10 9.4739E-10 9.0919E-10 8.7093E-10 8.4099E-10
3.0982E-09 3.0810E-09 3.0592E-09 3.0347E-09 3.0064E-09 2.9772E-09 2.9463E-09 2.9151E-09 2.8825E-09 2.8475E-09 2.8113E-09 2.7737E-09 2.7352E-09 2.6955E-09 2.6548E-09 2.6135E-09 2.5715E-09 2.5289E-09 2.4859E-09 2.4416E-09 2.3969E-09 2.3517E-09 2.3057E-09 2.2596E-09 2.2133E-09 2.1670E-09 2.1207E-09 2.0745E-09 2.0284E-09 1.9825E-09 1.9367E-09 1.8911E-09 1.8458E-09 1.8005E-09 1.7554E-09 1.7105E-09 1.6659E-09 1.6215E-09 1.5774E-09 1.5342E-09 1.4916E-09 1.4490E-09 1.4072E-09 1.3659E-09 1.3249E-09 1.2846E-09 1.2442E-09 1.2039E-09 1.1648E-09 1.1269E-09 1.0904E-09 1.0472E-09 1.0129E-09 9.7131E-10 9.3861E-10 8.9276E-10 8.6190E-10
3.1662E-09 3.1486E-09 3.1274E-09 3.1034E-09 3.0771E-09 3.0475E-09 3.0159E-09 2.9818E-09 2.9467E-09 2.9112E-09 2.8742E-09 2.8366E-09 2.7983E-09 2.7591E-09 2.7186E-09 2.6767E-09 2.6340E-09 2.5902E-09 2.5460E-09 2.5012E-09 2.4554E-09 2.4093E-09 2.3629E-09 2.3158E-09 2.2687E-09 2.2215E-09 2.1742E-09 2.1270E-09 2.0800E-09 2.0331E-09 1.9863E-09 1.9396E-09 1.8930E-09 1.8464E-09 1.8000E-09 1.7538E-09 1.7077E-09 1.6622E-09 1.6173E-09 1.5723E-09 1.5277E-09 1.4837E-09 1.4405E-09 1.3975E-09 1.3545E-09 1.3122E-09 1.2709E-09 1.2301E-09 1.1894E-09 1.1496E-09 1.1109E-09 1.0745E-09 1.0310E-09 9.9635E-10 9.5447E-10 9.2172E-10 8.8241E-10
3.2328E-09 3.2169E-09 3.1966E-09 3.1731E-09 3.1450E-09 3.1143E-09 3.0807E-09 3.0463E-09 3.0107E-09 2.9749E-09 2.9381E-09 2.8995E-09 2.8598E-09 2.8188E-09 2.7772E-09 2.7344E-09 2.6909E-09 2.6469E-09 2.6017E-09 2.5562E-09 2.5104E-09 2.4635E-09 2.4338E-09 2.3865E-09 2.3386E-09 2.2906E-09 2.2425E-09 2.1943E-09 2.1462E-09 2.0981E-09 2.0502E-09 2.0023E-09 1.9546E-09 1.9070E-09 1.8595E-09 1.8122E-09 1.7652E-09 1.7186E-09 1.6720E-09 1.6253E-09 1.5794E-09 1.5172E-09 1.4720E-09 1.4282E-09 1.3842E-09 1.3406E-09 1.2979E-09 1.2557E-09 1.2144E-09 1.1742E-09 1.1338E-09 1.0947E-09 1.0578E-09 1.0220E-09 9.7933E-10 9.4508E-10 9.0407E-10
3.3009E-09 3.2860E-09 3.2653E-09 3.2404E-09 3.2121E-09 3.1818E-09 3.1497E-09 3.1140E-09 3.0773E-09 3.0386E-09 2.9996E-09 2.9603E-09 2.9198E-09 2.8783E-09 2.8363E-09 2.7935E-09 2.7496E-09 2.7050E-09 2.6773E-09 2.6312E-09 2.5847E-09 2.5377E-09 2.4899E-09 2.4418E-09 2.3933E-09 2.3443E-09 2.2953E-09 2.2462E-09 2.1970E-09 2.1480E-09 2.0990E-09 2.0501E-09 2.0010E-09 1.9519E-09 1.9031E-09 1.8544E-09 1.8060E-09 1.7578E-09 1.7102E-09 1.6631E-09 1.6163E-09 1.5696E-09 1.5231E-09 1.4771E-09 1.4318E-09 1.3866E-09 1.3250E-09 1.2822E-09 1.2395E-09 1.1976E-09 1.1572E-09 1.1170E-09 1.0781E-09 1.0404E-09 1.0043E-09 9.6127E-10 9.2707E-10
3.3715E-09 3.3553E-09 3.3357E-09 3.3127E-09 3.2855E-09 3.2541E-09 3.2203E-09 3.1838E-09 3.1453E-09 3.1063E-09 3.0662E-09 3.0261E-09 2.9856E-09 2.9436E-09 2.9180E-09 2.8746E-09 2.8305E-09 2.7853E-09 2.7396E-09 2.6933E-09 2.6460E-09 2.5983E-09 2.5502E-09 2.5012E-09 2.4736E-09 2.4243E-09 2.3745E-09 2.3431E-09 2.2932E-09 2.2432E-09 2.1932E-09 2.1431E-09 2.0927E-09 2.0423E-09 1.9738E-09 1.9238E-09 1.8740E-09 1.8244E-09 1.7752E-09 1.7259E-09 1.6772E-09 1.6290E-09 1.5598E-09 1.5116E-09 1.4639E-09 1.4173E-09 1.3715E-09 1.3263E-09 1.2819E-09 1.2222E-09 1.1802E-09 1.1396E-09 1.0995E-09 1.0608E-09 1.0224E-09 9.8606E-10 9.4251E-10
3.4395E-09 3.4256E-09 3.4068E-09 3.3829E-09 3.3552E-09 3.3232E-09 3.2885E-09 3.2524E-09 3.2140E-09 3.1733E-09 3.1322E-09 3.0896E-09 3.0650E-09 3.0229E-09 2.9798E-09 2.9357E-09 2.8909E-09 2.8454E-09 2.7988E-09 2.7518E-09 2.7448E-09 2.6969E-09 2.6487E-09 2.6000E-09 2.5505E-09 2.5011E-09 2.4517E-09 2.4017E-09 2.3515E-09 2.3009E-09 2.2502E-09 2.1989E-09 2.1474E-09 2.0958E-09 2.0443E-09 1.9929E-09 1.9416E-09 1.8903E-09 1.8389E-09 1.7880E-09 1.7371E-09 1.6684E-09 1.6183E-09 1.5685E-09 1.5193E-09 1.4706E-09 1.4227E-09 1.3547E-09 1.3098E-09 1.2651E-09 1.2213E-09 1.1792E-09 1.1213E-09 1.0813E-09 1.0421E-09 1.0038E-09 9.6687E-10
