Assets/Resources/2015_m01_d09_1500(utc+0800)_l00_csi_1hr_conc.grd
DSAA
         159         159
     -79.000      79.000
     -79.000      79.000
  0.7501E-09  0.9141E-05
[rows 0 to 24 of 159, columns 0 to 56 of 159]
7.5010E-10 7.5442E-10 7.5952E-10 7.6559E-10 7.7168E-10 7.7750E-10 7.8279E-10 7.8891E-10 7.9451E-10 7.9987E-10 8.0501E-10 8.1091E-10 8.1682E-10 8.2273E-10 8.2863E-10 8.3401E-10 8.3966E-10 8.4553E-10 8.5124E-10 8.5697E-10 8.6274E-10 8.6809E-10 8.7385E-10 8.7986E-10 8.8571E-10 8.9099E-10 8.9637E-10 9.0174E-10 9.0748E-10 9.1310E-10 9.1795E-10 9.2221E-10 9.2601E-10 9.2943E-10 9.3286E-10 9.3869E-10 9.4494E-10 9.5115E-10 9.5734E-10 9.6348E-10 9.6940E-10 9.7510E-10 9.8094E-10 9.8693E-10 9.9287E-10 9.9875E-10 1.0046E-09 1.0102E-09 1.0157E-09 1.0212E-09 1.0266E-09 1.0321E-09 1.0376E-09 1.0424E-09 1.0472E-09 1.0520E-09 1.0567E-09
7.6261E-10 7.6826E-10 7.7443E-10 7.8062E-10 7.8682E-10 7.9141E-10 7.9649E-10 8.0199E-10 8.0824E-10 8.1421E-10 8.1963E-10 8.2590E-10 8.3190E-10 8.3710E-10 8.4234E-10 8.4837E-10 8.5440E-10 8.6042E-10 8.6630E-10 8.7177E-10 8.7765E-10 8.8348E-10 8.8927E-10 8.9481E-10 9.0065E-10 9.0606E-10 9.1216E-10 9.1824E-10 9.2387E-10 9.2885E-10 9.3443E-10 9.4006E-10 9.4549E-10 9.5013E-10 9.5415E-10 9.5820E-10 9.6083E-10 9.6552E-10 9.7139E-10 9.7769E-10 9.8395E-10 9.9017E-10 9.9634E-10 1.0023E-09 1.0080E-09 1.0138E-09 1.0198E-09 1.0257E-09 1.0316E-09 1.0374E-09 1.0429E-09 1.0484E-09 1.0538E-09 1.0591E-09 1.0646E-09 1.0700E-09 1.0747E-09
7.7747E-10 7.8301E-10 7.8829E-10 7.9411E-10 7.9968E-10 8.0523E-10 8.1158E-10 8.1794E-10 8.2431E-10 8.2975E-10 8.3444E-10 8.4006E-10 8.4620E-10 8.5231E-10 8.5784E-10 8.6425E-10 8.6995E-10 8.7552E-10 8.8098E-10 8.8698E-10 8.9311E-10 8.9936E-10 9.0491E-10 9.1044E-10 9.1667E-10 9.2240E-10 9.2797E-10 9.3373E-10 9.3934E-10 9.4535E-10 9.5150E-10 9.5689E-10 9.6236E-10 9.6780E-10 9.7317E-10 9.7862E-10 9.8284E-10 9.8636E-10 9.8989E-10 9.9377E-10 9.9914E-10 1.0048E-09 1.0112E-09 1.0175E-09 1.0237E-09 1.0299E-09 1.0358E-09 1.0415E-09 1.0473E-09 1.0532E-09 1.0591E-09 1.0650E-09 1.0707E-09 1.0762E-09 1.0816E-09 1.0866E-09 1.0921E-09
7.9203E-10 7.9844E-10 8.0487E-10 8.1172E-10 8.1741E-10 8.2200E-10 8.2658E-10 8.3255E-10 8.3800E-10 8.4396E-10 8.5020E-10 8.5672E-10 8.6324E-10 8.6917E-10 8.7394E-10 8.7927E-10 8.8553E-10 8.9146E-10 8.9738E-10 9.0391E-10 9.0970E-10 9.1506E-10 9.2072E-10 9.2680E-10 9.3301E-10 9.3862E-10 9.4465E-10 9.5051E-10 9.5647E-10 9.6209E-10 9.6772E-10 9.7367E-10 9.7943E-10 9.8546E-10 9.9087E-10 9.9654E-10 1.0019E-09 1.0071E-09 1.0121E-09 1.0166E-09 1.0203E-09 1.0236E-09 1.0274E-09 1.0330E-09 1.0390E-09 1.0454E-09 1.0517E-09 1.0579E-09 1.0640E-09 1.0697E-09 1.0756E-09 1.0813E-09 1.0872E-09 1.0931E-09 1.0988E-09 1.1045E-09 1.1096E-09
8.0439E-10 8.1142E-10 8.1800E-10 8.2459E-10 8.3118E-10 8.3778E-10 8.4438E-10 8.5099E-10 8.5707E-10 8.6263E-10 8.6641E-10 8.7224E-10 8.7808E-10 8.8390E-10 8.9028E-10 8.9693E-10 9.0328E-10 9.0891E-10 9.1416E-10 9.1984E-10 9.2589E-10 9.3190E-10 9.3821E-10 9.4438E-10 9.5009E-10 9.5565E-10 9.6136E-10 9.6778E-10 9.7374E-10 9.7937E-10 9.8528E-10 9.9163E-10 9.9696E-10 1.0026E-09 1.0086E-09 1.0144E-09 1.0201E-09 1.0258E-09 1.0317E-09 1.0367E-09 1.0420E-09 1.0459E-09 1.0496E-09 1.0526E-09 1.0571E-09 1.0620E-09 1.0679E-09 1.0739E-09 1.0802E-09 1.0865E-09 1.0927E-09 1.0986E-09 1.1044E-09 1.1102E-09 1.1159E-09 1.1217E-09 1.1274E-09
8.1796E-10 8.2469E-10 8.3191E-10 8.3865E-10 8.4443E-10 8.5119E-10 8.5796E-10 8.6473E-10 8.7150E-10 8.7827E-10 8.8504E-10 8.9180E-10 8.9802E-10 9.0368E-10 9.0840E-10 9.1342E-10 9.1907E-10 9.2498E-10 9.3176E-10 9.3853E-10 9.4467E-10 9.5037E-10 9.5597E-10 9.6170E-10 9.6750E-10 9.7356E-10 9.7980E-10 9.8602E-10 9.9145E-10 9.9720E-10 1.0034E-09 1.0094E-09 1.0150E-09 1.0210E-09 1.0272E-09 1.0327E-09 1.0385E-09 1.0438E-09 1.0499E-09 1.0559E-09 1.0614E-09 1.0669E-09 1.0718E-09 1.0766E-09 1.0808E-09 1.0845E-09 1.0873E-09 1.0915E-09 1.0972E-09 1.1034E-09 1.1094E-09 1.1156E-09 1.1219E-09 1.1280E-09 1.1338E-09 1.1396E-09 1.1452E-09
8.3137E-10 8.3825E-10 8.4515E-10 8.5259E-10 8.5951E-10 8.6695E-10 8.7387E-10 8.8080E-10 8.8773E-10 8.9261E-10 8.9954E-10 9.0648E-10 9.1341E-10 9.2033E-10 9.2724E-10 9.3414E-10 9.4018E-10 9.4562E-10 9.5068E-10 9.5572E-10 9.6174E-10 9.6773E-10 9.7461E-10 9.8114E-10 9.8733E-10 9.9266E-10 9.9828E-10 1.0038E-09 1.0103E-09 1.0167E-09 1.0225E-09 1.0287E-09 1.0340E-09 1.0399E-09 1.0459E-09 1.0516E-09 1.0575E-09 1.0638E-09 1.0694E-09 1.0747E-09 1.0802E-09 1.0861E-09 1.0919E-09 1.0975E-09 1.1026E-09 1.1079E-09 1.1116E-09 1.1143E-09 1.1180E-09 1.1219E-09 1.1275E-09 1.1332E-09 1.1393E-09 1.1454E-09 1.1516E-09 1.1577E-09 1.1638E-09
8.4449E-10 8.5213E-10 8.5920E-10 8.6683E-10 8.7394E-10 8.8104E-10 8.8814E-10 8.9524E-10 9.0234E-10 9.0944E-10 9.1654E-10 9.2364E-10 9.3072E-10 9.3727E-10 9.4273E-10 9.4981E-10 9.5687E-10 9.6391E-10 9.7094E-10 9.7794E-10 9.8405E-10 9.8925E-10 9.9432E-10 9.9908E-10 1.0051E-09 1.0118E-09 1.0184E-09 1.0250E-09 1.0307E-09 1.0361E-09 1.0418E-09 1.0477E-09 1.0541E-09 1.0599E-09 1.0662E-09 1.0714E-09 1.0776E-09 1.0832E-09 1.0890E-09 1.0947E-09 1.1008E-09 1.1063E-09 1.1119E-09 1.1173E-09 1.1232E-09 1.1287E-09 1.1339E-09 1.1392E-09 1.1433E-09 1.1462E-09 1.1492E-09 1.1528E-09 1.1578E-09 1.1637E-09 1.1699E-09 1.1759E-09 1.1819E-09
8.5846E-10 8.6630E-10 8.7417E-10 8.8143E-10 8.8928E-10 8.9655E-10 9.0441E-10 9.1169E-10 9.1896E-10 9.2452E-10 9.3181E-10 9.3909E-10 9.4636E-10 9.5362E-10 9.6087E-10 9.6811E-10 9.7533E-10 9.8253E-10 9.8804E-10 9.9466E-10 1.0018E-09 1.0090E-09 1.0161E-09 1.0225E-09 1.0284E-09 1.0334E-09 1.0384E-09 1.0437E-09 1.0501E-09 1.0571E-09 1.0634E-09 1.0695E-09 1.0748E-09 1.0802E-09 1.0860E-09 1.0920E-09 1.0983E-09 1.1043E-09 1.1101E-09 1.1154E-09 1.1211E-09 1.1270E-09 1.1329E-09 1.1388E-09 1.1442E-09 1.1497E-09 1.1549E-09 1.1605E-09 1.1662E-09 1.1713E-09 1.1751E-09 1.1783E-09 1.1815E-09 1.1847E-09 1.1891E-09 1.1949E-09 1.2010E-09
8.7272E-10 8.8082E-10 8.8889E-10 8.9634E-10 9.0379E-10 9.1249E-10 9.1995E-10 9.2804E-10 9.3492E-10 9.4238E-10 9.4984E-10 9.5730E-10 9.6474E-10 9.7158E-10 9.7720E-10 9.8463E-10 9.9205E-10 9.9944E-10 1.0068E-09 1.0142E-09 1.0215E-09 1.0282E-09 1.0343E-09 1.0410E-09 1.0482E-09 1.0554E-09 1.0622E-09 1.0681E-09 1.0739E-09 1.0783E-09 1.0837E-09 1.0894E-09 1.0964E-09 1.1027E-09 1.1088E-09 1.1146E-09 1.1198E-09 1.1253E-09 1.1312E-09 1.1375E-09 1.1435E-09 1.1492E-09 1.1545E-09 1.1601E-09 1.1658E-09 1.1713E-09 1.1769E-09 1.1824E-09 1.1876E-09 1.1927E-09 1.1983E-09 1.2034E-09 1.2082E-09 1.2116E-09 1.2141E-09 1.2166E-09 1.2209E-09
8.8733E-10 8.9564E-10 9.0327E-10 9.1226E-10 9.1991E-10 9.2756E-10 9.3656E-10 9.4484E-10 9.5249E-10 9.6079E-10 9.6782E-10 9.7610E-10 9.8373E-10 9.8886E-10 9.9649E-10 1.0041E-09 1.0117E-09 1.0193E-09 1.0249E-09 1.0318E-09 1.0393E-09 1.0468E-09 1.0543E-09 1.0617E-09 1.0691E-09 1.0758E-09 1.0819E-09 1.0886E-09 1.0959E-09 1.1031E-09 1.1089E-09 1.1148E-09 1.1196E-09 1.1246E-09 1.1301E-09 1.1365E-09 1.1431E-09 1.1492E-09 1.1549E-09 1.1596E-09 1.1654E-09 1.1713E-09 1.1775E-09 1.1829E-09 1.1886E-09 1.1936E-09 1.1991E-09 1.2049E-09 1.2106E-09 1.2161E-09 1.2211E-09 1.2265E-09 1.2318E-09 1.2361E-09 1.2408E-09 1.2447E-09 1.2473E-09
9.0225E-10 9.1006E-10 9.1935E-10 9.2719E-10 9.3650E-10 9.4435E-10 9.5290E-10 9.6146E-10 9.7000E-10 9.7786E-10 9.8706E-10 9.9556E-10 1.0040E-09 1.0112E-09 1.0190E-09 1.0242E-09 1.0320E-09 1.0384E-09 1.0449E-09 1.0526E-09 1.0603E-09 1.0680E-09 1.0743E-09 1.0806E-09 1.0882E-09 1.0957E-09 1.1032E-09 1.1107E-09 1.1181E-09 1.1242E-09 1.1302E-09 1.1375E-09 1.1447E-09 1.1509E-09 1.1563E-09 1.1615E-09 1.1660E-09 1.1715E-09 1.1778E-09 1.1844E-09 1.1904E-09 1.1951E-09 1.2007E-09 1.2064E-09 1.2116E-09 1.2175E-09 1.2231E-09 1.2286E-09 1.2340E-09 1.2394E-09 1.2443E-09 1.2500E-09 1.2553E-09 1.2602E-09 1.2652E-09 1.2699E-09 1.2748E-09
9.1669E-10 9.2629E-10 9.3433E-10 9.4395E-10 9.5275E-10 9.6083E-10 9.6967E-10 9.7848E-10 9.8803E-10 9.9683E-10 1.0049E-09 1.0137E-09 1.0231E-09 1.0345E-09 1.0432E-09 1.0511E-09 1.0571E-09 1.0637E-09 1.0690E-09 1.0769E-09 1.0820E-09 1.0892E-09 1.0949E-09 1.1027E-09 1.1105E-09 1.1182E-09 1.1245E-09 1.1308E-09 1.1384E-09 1.1460E-09 1.1534E-09 1.1609E-09 1.1676E-09 1.1736E-09 1.1802E-09 1.1874E-09 1.1935E-09 1.1989E-09 1.2040E-09 1.2080E-09 1.2137E-09 1.2200E-09 1.2265E-09 1.2315E-09 1.2370E-09 1.2424E-09 1.2470E-09 1.2531E-09 1.2590E-09 1.2638E-09 1.2690E-09 1.2743E-09 1.2791E-09 1.2847E-09 1.2895E-09 1.2943E-09 1.2995E-09
9.3306E-10 9.4130E-10 9.5125E-10 9.6032E-10 9.6942E-10 9.7852E-10 9.8682E-10 9.9672E-10 1.0058E-09 1.0149E-09 1.0247E-09 1.0330E-09 1.0450E-09 1.0539E-09 1.0658E-09 1.0747E-09 1.0829E-09 1.0939E-09 1.1027E-09 1.1135E-09 1.1215E-09 1.1176E-09 1.1235E-09 1.1286E-09 1.1351E-09 1.1409E-09 1.1473E-09 1.1544E-09 1.1622E-09 1.1692E-09 1.1754E-09 1.1823E-09 1.1899E-09 1.1974E-09 1.2048E-09 1.2115E-09 1.2181E-09 1.2239E-09 1.2311E-09 1.2371E-09 1.2424E-09 1.2466E-09 1.2512E-09 1.2568E-09 1.2625E-09 1.2684E-09 1.2742E-09 1.2792E-09 1.2841E-09 1.2889E-09 1.2945E-09 1.3002E-09 1.3054E-09 1.3100E-09 1.3146E-09 1.3196E-09 1.3250E-09
9.4990E-10 9.5922E-10 9.6771E-10 9.7709E-10 9.8647E-10 9.9671E-10 1.0061E-09 1.0146E-09 1.0240E-09 1.0342E-09 1.0468E-09 1.0561E-09 1.0646E-09 1.0771E-09 1.0864E-09 1.0979E-09 1.1071E-09 1.1155E-09 1.1269E-09 1.1352E-09 1.1434E-09 1.1516E-09 1.1597E-09 1.1677E-09 1.1757E-09 1.1807E-09 1.1777E-09 1.1827E-09 1.1884E-09 1.1940E-09 1.2003E-09 1.2074E-09 1.2151E-09 1.2213E-09 1.2274E-09 1.2349E-09 1.2424E-09 1.2498E-09 1.2564E-09 1.2629E-09 1.2686E-09 1.2757E-09 1.2809E-09 1.2860E-09 1.2897E-09 1.2952E-09 1.3002E-09 1.3062E-09 1.3119E-09 1.3162E-09 1.3214E-09 1.3265E-09 1.3315E-09 1.3371E-09 1.3414E-09 1.3465E-09 1.3513E-09
9.6621E-10 9.7585E-10 9.8457E-10 9.9423E-10 1.0048E-09 1.0145E-09 1.0242E-09 1.0348E-09 1.0436E-09 1.0567E-09 1.0664E-09 1.0795E-09 1.0891E-09 1.0979E-09 1.1100E-09 1.1196E-09 1.1316E-09 1.1403E-09 1.1488E-09 1.1574E-09 1.1659E-09 1.1743E-09 1.1827E-09 1.1910E-09 1.1992E-09 1.2074E-09 1.2155E-09 1.2236E-09 1.2315E-09 1.2394E-09 1.2334E-09 1.2382E-09 1.2429E-09 1.2476E-09 1.2538E-09 1.2615E-09 1.2684E-09 1.2744E-09 1.2811E-09 1.2885E-09 1.2958E-09 1.3022E-09 1.3086E-09 1.3142E-09 1.3204E-09 1.3258E-09 1.3304E-09 1.3346E-09 1.3395E-09 1.3443E-09 1.3495E-09 1.3546E-09 1.3596E-09 1.3642E-09 1.3689E-09 1.3739E-09 1.3787E-09
9.8291E-10 9.9283E-10 1.0038E-09 1.0128E-09 1.0228E-09 1.0327E-09 1.0437E-09 1.0575E-09 1.0674E-09 1.0765E-09 1.0902E-09 1.1002E-09 1.1130E-09 1.1229E-09 1.1319E-09 1.1446E-09 1.1535E-09 1.1624E-09 1.1713E-09 1.1801E-09 1.1889E-09 1.1976E-09 1.2063E-09 1.2149E-09 1.2234E-09 1.2319E-09 1.2402E-09 1.2485E-09 1.2568E-09 1.2649E-09 1.2729E-09 1.2809E-09 1.2887E-09 1.2932E-09 1.2921E-09 1.2925E-09 1.2970E-09 1.3023E-09 1.3091E-09 1.3158E-09 1.3216E-09 1.3282E-09 1.3355E-09 1.3426E-09 1.3489E-09 1.3551E-09 1.3605E-09 1.3661E-09 1.3713E-09 1.3749E-09 1.3796E-09 1.3832E-09 1.3888E-09 1.3936E-09 1.3985E-09 1.4029E-09 1.4067E-09
9.9995E-10 1.0112E-09 1.0215E-09 1.0318E-09 1.0421E-09 1.0524E-09 1.0668E-09 1.0771E-09 1.0915E-09 1.1018E-09 1.1112E-09 1.1245E-09 1.1348E-09 1.1481E-09 1.1574E-09 1.1667E-09 1.1760E-09 1.1852E-09 1.1943E-09 1.2034E-09 1.2125E-09 1.2215E-09 1.2305E-09 1.2394E-09 1.2482E-09 1.2569E-09 1.2656E-09 1.2742E-09 1.2827E-09 1.2911E-09 1.2994E-09 1.3076E-09 1.3157E-09 1.3237E-09 1.3316E-09 1.3393E-09 1.3469E-09 1.3503E-09 1.3485E-09 1.3476E-09 1.3518E-09 1.3576E-09 1.3642E-09 1.3706E-09 1.3762E-09 1.3833E-09 1.3903E-09 1.3964E-09 1.4015E-09 1.4074E-09 1.4120E-09 1.4158E-09 1.4195E-09 1.4244E-09 1.4284E-09 1.4332E-09 1.4378E-09
1.0185E-09 1.0291E-09 1.0396E-09 1.0514E-09 1.0609E-09 1.0769E-09 1.0865E-09 1.1015E-09 1.1123E-09 1.1219E-09 1.1369E-09 1.1466E-09 1.1605E-09 1.1701E-09 1.1798E-09 1.1893E-09 1.1989E-09 1.2084E-09 1.2179E-09 1.2273E-09 1.2367E-09 1.2460E-09 1.2553E-09 1.2645E-09 1.2736E-09 1.2827E-09 1.2916E-09 1.3005E-09 1.3093E-09 1.3180E-09 1.3266E-09 1.3351E-09 1.3435E-09 1.3517E-09 1.3599E-09 1.3679E-09 1.3758E-09 1.3835E-09 1.3912E-09 1.3986E-09 1.4060E-09 1.4045E-09 1.3994E-09 1.4024E-09 1.4070E-09 1.4134E-09 1.4188E-09 1.4249E-09 1.4318E-09 1.4377E-09 1.4436E-09 1.4492E-09 1.4536E-09 1.4583E-09 1.4622E-09 1.4656E-09 1.4686E-09
1.0363E-09 1.0472E-09 1.0593E-09 1.0749E-09 1.0859E-09 1.0958E-09 1.1114E-09 1.1225E-09 1.1370E-09 1.1481E-09 1.1581E-09 1.1727E-09 1.1826E-09 1.1926E-09 1.2025E-09 1.2125E-09 1.2224E-09 1.2322E-09 1.2420E-09 1.2518E-09 1.2615E-09 1.2711E-09 1.2807E-09 1.2903E-09 1.2997E-09 1.3091E-09 1.3184E-09 1.3276E-09 1.3367E-09 1.3457E-09 1.3546E-09 1.3634E-09 1.3721E-09 1.3806E-09 1.3891E-09 1.3974E-09 1.4055E-09 1.4135E-09 1.4214E-09 1.4291E-09 1.4367E-09 1.4441E-09 1.4513E-09 1.4584E-09 1.4600E-09 1.4551E-09 1.4529E-09 1.4581E-09 1.4633E-09 1.4684E-09 1.4742E-09 1.4808E-09 1.4865E-09 1.4920E-09 1.4965E-09 1.5005E-09 1.5038E-09
1.0558E-09 1.0671E-09 1.0832E-09 1.0945E-09 1.1059E-09 1.1222E-09 1.1324E-09 1.1476E-09 1.1591E-09 1.1743E-09 1.1846E-09 1.1949E-09 1.2052E-09 1.2156E-09 1.2258E-09 1.2361E-09 1.2463E-09 1.2565E-09 1.2667E-09 1.2768E-09 1.2869E-09 1.2969E-09 1.3068E-09 1.3167E-09 1.3265E-09 1.3362E-09 1.3458E-09 1.3554E-09 1.3648E-09 1.3742E-09 1.3834E-09 1.3925E-09 1.4015E-09 1.4104E-09 1.4191E-09 1.4277E-09 1.4362E-09 1.4445E-09 1.4526E-09 1.4606E-09 1.4684E-09 1.4761E-09 1.4836E-09 1.4909E-09 1.4980E-09 1.5050E-09 1.5117E-09 1.5136E-09 1.5118E-09 1.5051E-09 1.5071E-09 1.5129E-09 1.5185E-09 1.5240E-09 1.5294E-09 1.5347E-09 1.5398E-09
1.0745E-09 1.0912E-09 1.1029E-09 1.1198E-09 1.1316E-09 1.1421E-09 1.1579E-09 1.1698E-09 1.1856E-09 1.1963E-09 1.2070E-09 1.2176E-09 1.2283E-09 1.2390E-09 1.2496E-09 1.2602E-09 1.2708E-09 1.2814E-09 1.2919E-09 1.3024E-09 1.3128E-09 1.3232E-09 1.3335E-09 1.3437E-09 1.3539E-09 1.3640E-09 1.3740E-09 1.3839E-09 1.3937E-09 1.4034E-09 1.4129E-09 1.4224E-09 1.4317E-09 1.4409E-09 1.4500E-09 1.4589E-09 1.4677E-09 1.4763E-09 1.4848E-09 1.4931E-09 1.5012E-09 1.5091E-09 1.5168E-09 1.5244E-09 1.5318E-09 1.5389E-09 1.5459E-09 1.5527E-09 1.5593E-09 1.5656E-09 1.5660E-09 1.5634E-09 1.5578E-09 1.5583E-09 1.5637E-09 1.5679E-09 1.5740E-09
1.1003E-09 1.1110E-09 1.1285E-09 1.1406E-09 1.1569E-09 1.1692E-09 1.1802E-09 1.1966E-09 1.2077E-09 1.2187E-09 1.2297E-09 1.2408E-09 1.2518E-09 1.2629E-09 1.2739E-09 1.2849E-09 1.2958E-09 1.3068E-09 1.3177E-09 1.3285E-09 1.3393E-09 1.3501E-09 1.3608E-09 1.3714E-09 1.3820E-09 1.3924E-09 1.4028E-09 1.4131E-09 1.4233E-09 1.4333E-09 1.4433E-09 1.4531E-09 1.4628E-09 1.4724E-09 1.4818E-09 1.4911E-09 1.5002E-09 1.5091E-09 1.5179E-09 1.5265E-09 1.5349E-09 1.5432E-09 1.5512E-09 1.5590E-09 1.5667E-09 1.5741E-09 1.5813E-09 1.5883E-09 1.5951E-09 1.6016E-09 1.6079E-09 1.6140E-09 1.6199E-09 1.6186E-09 1.6153E-09 1.6120E-09 1.6087E-09
1.1187E-09 1.1368E-09 1.1494E-09 1.1663E-09 1.1789E-09 1.1902E-09 1.2073E-09 1.2187E-09 1.2301E-09 1.2415E-09 1.2529E-09 1.2644E-09 1.2758E-09 1.2872E-09 1.2986E-09 1.3100E-09 1.3214E-09 1.3327E-09 1.3440E-09 1.3552E-09 1.3665E-09 1.3776E-09 1.3887E-09 1.3997E-09 1.4107E-09 1.4216E-09 1.4323E-09 1.4430E-09 1.4536E-09 1.4641E-09 1.4744E-09 1.4846E-09 1.4947E-09 1.5047E-09 1.5145E-09 1.5241E-09 1.5336E-09 1.5429E-09 1.5520E-09 1.5610E-09 1.5697E-09 1.5783E-09 1.5866E-09 1.5948E-09 1.6027E-09 1.6104E-09 1.6179E-09 1.6251E-09 1.6321E-09 1.6389E-09 1.6454E-09 1.6517E-09 1.6577E-09 1.6635E-09 1.6691E-09 1.6744E-09 1.6713E-09
1.1449E-09 1.1578E-09 1.1753E-09 1.1883E-09 1.1999E-09 1.2177E-09 1.2294E-09 1.2412E-09 1.2529E-09 1.2647E-09 1.2766E-09 1.2884E-09 1.3002E-09 1.3120E-09 1.3238E-09 1.3356E-09 1.3474E-09 1.3591E-09 1.3708E-09 1.3825E-09 1.3942E-09 1.4057E-09 1.4173E-09 1.4287E-09 1.4401E-09 1.4514E-09 1.4626E-09 1.4737E-09 1.4847E-09 1.4956E-09 1.5064E-09 1.5170E-09 1.5275E-09 1.5379E-09 1.5481E-09 1.5581E-09 1.5680E-09 1.5777E-09 1.5872E-09 1.5965E-09 1.6056E-09 1.6145E-09 1.6232E-09 1.6316E-09 1.6399E-09 1.6479E-09 1.6556E-09 1.6632E-09 1.6704E-09 1.6774E-09 1.6842E-09 1.6907E-09 1.6969E-09 1.7029E-09 1.7086E-09 1.7140E-09 1.7191E-09
