Assets/Resources/2015_m01_d07_2200(utc+0800)_l00_csi_1hr_conc.grd
DSAA
         159         159
     -79.000      79.000
     -79.000      79.000
  0.0000E+00  0.6026E-04
[rows 0 to 24 of 159, columns 0 to 56 of 159]
0.0000E+00 0.0000E+00 0.0000E+00 0.0000E+00 0.0000E+00 0.0000E+00 0.0000E+00 0.0000E+00 0.0000E+00 0.0000E+00 0.0000E+00 0.0000E+00 0.0000E+00 0.0000E+00 0.0000E+00 0.0000E+00 0.0000E+00 0.0000E+00 0.0000E+00 0.0000E+00 0.0000E+00 0.0000E+00 1.1013E-12 1.2217E-12 2.1002E-12 3.5983E-12 6.4704E-12 7.1216E-12 7.8165E-12 9.4597E-12 1.4970E-11 1.6309E-11 1.7716E-11 1.9190E-11 2.3892E-11 2.8130E-11 3.0231E-11 3.2392E-11 3.4605E-11 7.1092E-11 1.2338E-10 1.7727E-10 2.8849E-10 4.2923E-10 6.0331E-10 8.2154E-10 1.0841E-09 1.3899E-09 1.7146E-09 2.1074E-09 2.5174E-09 2.9405E-09 3.3671E-09 3.7771E-09 4.1784E-09 4.5643E-09 4.9290E-09
0.0000E+00 0.0000E+00 0.0000E+00 0.0000E+00 0.0000E+00 0.0000E+00 0.0000E+00 0.0000E+00 0.0000E+00 0.0000E+00 0.0000E+00 0.0000E+00 0.0000E+00 0.0000E+00 0.0000E+00 0.0000E+00 0.0000E+00 0.0000E+00 0.0000E+00 0.0000E+00 0.0000E+00 1.1144E-12 1.2395E-12 2.4662E-12 5.2502E-12 6.6590E-12 7.3499E-12 8.1823E-12 1.3505E-11 1.5668E-11 1.7120E-11 1.8652E-11 2.3339E-11 2.8570E-11 3.1039E-11 3.3452E-11 3.5947E-11 4.1748E-11 4.7027E-11 7.4841E-11 1.3168E-10 1.8525E-10 2.9788E-10 4.3462E-10 6.0538E-10 8.2867E-10 1.0942E-09 1.4049E-09 1.7318E-09 2.1333E-09 2.5618E-09 3.0007E-09 3.4443E-09 3.8716E-09 4.2905E-09 4.6936E-09 5.0748E-09
0.0000E+00 0.0000E+00 0.0000E+00 0.0000E+00 0.0000E+00 0.0000E+00 0.0000E+00 0.0000E+00 0.0000E+00 0.0000E+00 0.0000E+00 0.0000E+00 0.0000E+00 0.0000E+00 0.0000E+00 0.0000E+00 0.0000E+00 0.0000E+00 0.0000E+00 0.0000E+00 1.1217E-12 1.2509E-12 2.4986E-12 6.0368E-12 6.8149E-12 7.5434E-12 9.2443E-12 1.4836E-11 1.6306E-11 1.7869E-11 2.0103E-11 2.6935E-11 3.0343E-11 3.2897E-11 3.5561E-11 4.1567E-11 4.7345E-11 5.1626E-11 5.5193E-11 8.4053E-11 1.3691E-10 1.9688E-10 2.9629E-10 4.3683E-10 6.0222E-10 8.1822E-10 1.0987E-09 1.4155E-09 1.7499E-09 2.1610E-09 2.6033E-09 3.0580E-09 3.5191E-09 3.9642E-09 4.4013E-09 4.8224E-09 5.2207E-09
0.0000E+00 0.0000E+00 0.0000E+00 0.0000E+00 0.0000E+00 0.0000E+00 0.0000E+00 0.0000E+00 0.0000E+00 0.0000E+00 0.0000E+00 0.0000E+00 0.0000E+00 0.0000E+00 0.0000E+00 0.0000E+00 0.0000E+00 0.0000E+00 0.0000E+00 1.1231E-12 1.2558E-12 2.5181E-12 6.2307E-12 6.9357E-12 7.7233E-12 1.1022E-11 1.5306E-11 1.6871E-11 1.8543E-11 2.3512E-11 2.9229E-11 3.1878E-11 3.4665E-11 4.0264E-11 4.6863E-11 5.1308E-11 5.5184E-11 5.9176E-11 6.4240E-11 9.6717E-11 1.4567E-10 2.0996E-10 3.0000E-10 4.4056E-10 6.0477E-10 8.2419E-10 1.1053E-09 1.4258E-09 1.7672E-09 2.1875E-09 2.6436E-09 3.1145E-09 3.5933E-09 4.0569E-09 4.5128E-09 4.9526E-09 5.3690E-09
0.0000E+00 0.0000E+00 0.0000E+00 0.0000E+00 0.0000E+00 0.0000E+00 0.0000E+00 0.0000E+00 0.0000E+00 0.0000E+00 0.0000E+00 0.0000E+00 0.0000E+00 0.0000E+00 0.0000E+00 0.0000E+00 0.0000E+00 0.0000E+00 1.1186E-12 1.2540E-12 2.6103E-12 6.2879E-12 7.0191E-12 8.3472E-12 1.3139E-11 1.5700E-11 1.7357E-11 1.9745E-11 2.7523E-11 3.0438E-11 3.3296E-11 3.7861E-11 4.5311E-11 5.0238E-11 5.4360E-11 5.8644E-11 6.3566E-11 7.1206E-11 7.7259E-11 1.0137E-10 1.5974E-10 2.2543E-10 3.0057E-10 4.4902E-10 6.0709E-10 8.1987E-10 1.1126E-09 1.4344E-09 1.7858E-09 2.2050E-09 2.6849E-09 3.1720E-09 3.6691E-09 4.1516E-09 4.6272E-09 5.0866E-09 5.5219E-09
0.0000E+00 0.0000E+00 0.0000E+00 0.0000E+00 0.0000E+00 0.0000E+00 0.0000E+00 0.0000E+00 0.0000E+00 0.0000E+00 0.0000E+00 0.0000E+00 0.0000E+00 0.0000E+00 0.0000E+00 0.0000E+00 0.0000E+00 1.1082E-12 1.2457E-12 2.7222E-12 6.3101E-12 7.0638E-12 8.8030E-12 1.4198E-11 1.6012E-11 1.7753E-11 2.2337E-11 2.8638E-11 3.1513E-11 3.4575E-11 4.1927E-11 4.8462E-11 5.2755E-11 5.7256E-11 6.1956E-11 7.0396E-11 7.6845E-11 8.2459E-11 8.8216E-11 1.2345E-10 1.7752E-10 2.3580E-10 3.1959E-10 4.5377E-10 6.1433E-10 8.1792E-10 1.1139E-09 1.4293E-09 1.8011E-09 2.2287E-09 2.7217E-09 3.2250E-09 3.7405E-09 4.2423E-09 4.7380E-09 5.2176E-09 5.6726E-09
0.0000E+00 0.0000E+00 0.0000E+00 0.0000E+00 0.0000E+00 0.0000E+00 0.0000E+00 0.0000E+00 0.0000E+00 0.0000E+00 0.0000E+00 0.0000E+00 0.0000E+00 0.0000E+00 0.0000E+00 0.0000E+00 1.0155E-12 1.2310E-12 2.6844E-12 6.2971E-12 7.0691E-12 8.8495E-12 1.4557E-11 1.6235E-11 1.8054E-11 2.4919E-11 2.9387E-11 3.2435E-11 3.7100E-11 4.5573E-11 5.0437E-11 5.5071E-11 5.9952E-11 6.8559E-11 7.5296E-11 8.1288E-11 8.7493E-11 9.3888E-11 1.0149E-10 1.4909E-10 1.8918E-10 2.5125E-10 3.3493E-10 4.5431E-10 6.2804E-10 8.1819E-10 1.1181E-09 1.4415E-09 1.8132E-09 2.2538E-09 2.7596E-09 3.2792E-09 3.8134E-09 4.3351E-09 4.8516E-09 5.3523E-09 5.8277E-09
0.0000E+00 0.0000E+00 0.0000E+00 0.0000E+00 0.0000E+00 0.0000E+00 0.0000E+00 0.0000E+00 0.0000E+00 0.0000E+00 0.0000E+00 0.0000E+00 0.0000E+00 0.0000E+00 0.0000E+00 7.5466E-13 1.2100E-12 2.5181E-12 6.2488E-12 7.0406E-12 8.8472E-12 1.4632E-11 1.6367E-11 1.8470E-11 2.6165E-11 2.9981E-11 3.3189E-11 3.9847E-11 4.7506E-11 5.2184E-11 5.7152E-11 6.4886E-11 7.2483E-11 7.8938E-11 8.5481E-11 9.2288E-11 1.0035E-10 1.0880E-10 1.1645E-10 1.6642E-10 2.0555E-10 2.6359E-10 3.5563E-10 4.7778E-10 6.3829E-10 8.2945E-10 1.1274E-09 1.4563E-09 1.8309E-09 2.2679E-09 2.8039E-09 3.3325E-09 3.8855E-09 4.4275E-09 4.9655E-09 5.4879E-09 5.9847E-09
0.0000E+00 0.0000E+00 0.0000E+00 0.0000E+00 0.0000E+00 0.0000E+00 0.0000E+00 0.0000E+00 0.0000E+00 0.0000E+00 0.0000E+00 0.0000E+00 0.0000E+00 0.0000E+00 4.7336E-13 1.1831E-12 2.2126E-12 6.0005E-12 7.0705E-12 8.7959E-12 1.4623E-11 1.6404E-11 1.9137E-11 2.6984E-11 3.0407E-11 3.3804E-11 4.2580E-11 4.8713E-11 5.3673E-11 5.9083E-11 6.7856E-11 7.5511E-11 8.2267E-11 8.9359E-11 9.7118E-11 1.0661E-10 1.1480E-10 1.2324E-10 1.3191E-10 1.8556E-10 2.2774E-10 2.8791E-10 3.8002E-10 4.9204E-10 6.5491E-10 8.4092E-10 1.1310E-09 1.4569E-09 1.8479E-09 2.2915E-09 2.8393E-09 3.3835E-09 3.9553E-09 4.5177E-09 5.0789E-09 5.6239E-09 6.1429E-09
0.0000E+00 0.0000E+00 0.0000E+00 0.0000E+00 0.0000E+00 0.0000E+00 0.0000E+00 0.0000E+00 0.0000E+00 0.0000E+00 0.0000E+00 0.0000E+00 0.0000E+00 1.8537E-13 1.1507E-12 1.9091E-12 5.5959E-12 7.0023E-12 8.6968E-12 1.4528E-11 1.6346E-11 1.9753E-11 2.7397E-11 3.0659E-11 3.4830E-11 4.4494E-11 4.9655E-11 5.4877E-11 6.2416E-11 7.0765E-11 7.7989E-11 8.5228E-11 9.2860E-11 1.0201E-10 1.1148E-10 1.2041E-10 1.2966E-10 1.3921E-10 1.5010E-10 2.0782E-10 2.4550E-10 3.1117E-10 4.0121E-10 5.2139E-10 6.6706E-10 8.6201E-10 1.1397E-09 1.4634E-09 1.8664E-09 2.3102E-09 2.8746E-09 3.4351E-09 4.0258E-09 4.6090E-09 5.1914E-09 5.7595E-09 6.3015E-09
0.0000E+00 0.0000E+00 0.0000E+00 0.0000E+00 0.0000E+00 0.0000E+00 0.0000E+00 0.0000E+00 0.0000E+00 0.0000E+00 0.0000E+00 0.0000E+00 0.0000E+00 1.1133E-12 1.5860E-12 4.6273E-12 6.8440E-12 8.5515E-12 1.4108E-11 1.6194E-11 1.9934E-11 2.7421E-11 3.0731E-11 3.5449E-11 4.5256E-11 5.0316E-11 5.5777E-11 6.4176E-11 7.2826E-11 8.0071E-11 8.7773E-11 9.5941E-11 1.0663E-10 1.1588E-10 1.2554E-10 1.3561E-10 1.4643E-10 1.5796E-10 1.6912E-10 2.3113E-10 2.6948E-10 3.3972E-10 4.2608E-10 5.4723E-10 6.9785E-10 8.8440E-10 1.1572E-09 1.4745E-09 1.8891E-09 2.3311E-09 2.9059E-09 3.4855E-09 4.0948E-09 4.6989E-09 5.3041E-09 5.8974E-09 6.4631E-09
0.0000E+00 0.0000E+00 0.0000E+00 0.0000E+00 0.0000E+00 0.0000E+00 0.0000E+00 0.0000E+00 0.0000E+00 0.0000E+00 0.0000E+00 0.0000E+00 7.4183E-13 1.2568E-12 3.6094E-12 6.6064E-12 8.3620E-12 1.3224E-11 1.5951E-11 1.9710E-11 2.7092E-11 3.0623E-11 3.5672E-11 4.5448E-11 5.0684E-11 5.6498E-11 6.5304E-11 7.4098E-11 8.1719E-11 8.9855E-11 9.8929E-11 1.0984E-10 1.1973E-10 1.3012E-10 1.4098E-10 1.5341E-10 1.6525E-10 1.7746E-10 1.9000E-10 2.5664E-10 2.9859E-10 3.6481E-10 4.6035E-10 5.7767E-10 7.3119E-10 9.0933E-10 1.1701E-09 1.4888E-09 1.9135E-09 2.3604E-09 2.9448E-09 3.5384E-09 4.1674E-09 4.7927E-09 5.4228E-09 6.0394E-09 6.6299E-09
0.0000E+00 0.0000E+00 0.0000E+00 0.0000E+00 0.0000E+00 0.0000E+00 0.0000E+00 0.0000E+00 0.0000E+00 0.0000E+00 0.0000E+00 3.2301E-13 1.1714E-12 2.5947E-12 6.3108E-12 8.1316E-12 1.1834E-11 1.5620E-11 1.9130E-11 2.6451E-11 3.0336E-11 3.5603E-11 4.5370E-11 5.0751E-11 5.7315E-11 6.6219E-11 7.4942E-11 8.2904E-11 9.1438E-11 1.0171E-10 1.1248E-10 1.2298E-10 1.3406E-10 1.4601E-10 1.5904E-10 1.7184E-10 1.8511E-10 1.9880E-10 2.1287E-10 2.8447E-10 3.3036E-10 3.9727E-10 4.8637E-10 6.1311E-10 7.7443E-10 9.3678E-10 1.2058E-09 1.5025E-09 1.9333E-09 2.3798E-09 2.9783E-09 3.5927E-09 4.2386E-09 4.8848E-09 5.5370E-09 6.1786E-09 6.7956E-09
0.0000E+00 0.0000E+00 0.0000E+00 0.0000E+00 0.0000E+00 0.0000E+00 0.0000E+00 0.0000E+00 0.0000E+00 0.0000E+00 0.0000E+00 1.1185E-12 1.8009E-12 5.6275E-12 7.8641E-12 1.0326E-11 1.5208E-11 1.8465E-11 2.5546E-11 2.9874E-11 3.5012E-11 4.5024E-11 5.0516E-11 5.7566E-11 6.6607E-11 7.5343E-11 8.3604E-11 9.2494E-11 1.0377E-10 1.1449E-10 1.2556E-10 1.3730E-10 1.5064E-10 1.6389E-10 1.7763E-10 1.9194E-10 2.0677E-10 2.2208E-10 2.3780E-10 3.1474E-10 3.6493E-10 4.3726E-10 5.2716E-10 6.6190E-10 8.1353E-10 9.8015E-10 1.2393E-09 1.5295E-09 1.9544E-09 2.4267E-09 3.0233E-09 3.6457E-09 4.3090E-09 4.9759E-09 5.6533E-09 6.3218E-09 6.9636E-09
0.0000E+00 0.0000E+00 0.0000E+00 0.0000E+00 0.0000E+00 0.0000E+00 0.0000E+00 0.0000E+00 0.0000E+00 0.0000E+00 6.4397E-13 1.3412E-12 4.1046E-12 7.4132E-12 8.8629E-12 1.4720E-11 1.7691E-11 2.4214E-11 2.9247E-11 3.4054E-11 4.4414E-11 4.9984E-11 5.7263E-11 6.6442E-11 7.5293E-11 8.3805E-11 9.3002E-11 1.0496E-10 1.1583E-10 1.2743E-10 1.3977E-10 1.5396E-10 1.6789E-10 1.8252E-10 1.9783E-10 2.1378E-10 2.3031E-10 2.4738E-10 2.6490E-10 3.4791E-10 4.0388E-10 4.7246E-10 5.7246E-10 7.0268E-10 8.5186E-10 1.0282E-09 1.2802E-09 1.5726E-09 1.9686E-09 2.4800E-09 3.0725E-09 3.7067E-09 4.3887E-09 5.0766E-09 5.7768E-09 6.4701E-09 7.1388E-09
0.0000E+00 0.0000E+00 0.0000E+00 0.0000E+00 0.0000E+00 0.0000E+00 0.0000E+00 0.0000E+00 0.0000E+00 1.6406E-13 1.1523E-12 2.6200E-12 6.8435E-12 8.2715E-12 1.3507E-11 1.6770E-11 2.2308E-11 2.8464E-11 3.2901E-11 4.3552E-11 4.9162E-11 5.6438E-11 6.5747E-11 7.4792E-11 8.3504E-11 9.2953E-11 1.0525E-10 1.1650E-10 1.2856E-10 1.4144E-10 1.5629E-10 1.7095E-10 1.8642E-10 2.0268E-10 2.1969E-10 2.3742E-10 2.5580E-10 2.7477E-10 2.9535E-10 3.8489E-10 4.4600E-10 5.1959E-10 6.1688E-10 7.6076E-10 9.0554E-10 1.0927E-09 1.3371E-09 1.6254E-09 2.0022E-09 2.5226E-09 3.1077E-09 3.7666E-09 4.4632E-09 5.1712E-09 5.8950E-09 6.6143E-09 7.3117E-09
0.0000E+00 0.0000E+00 0.0000E+00 0.0000E+00 0.0000E+00 0.0000E+00 0.0000E+00 0.0000E+00 0.0000E+00 8.4021E-13 1.6407E-12 5.4756E-12 7.8894E-12 1.1169E-11 1.5751E-11 2.0471E-11 2.7539E-11 3.1517E-11 4.1890E-11 4.8067E-11 5.5139E-11 6.4555E-11 7.3850E-11 8.2705E-11 9.2346E-11 1.0490E-10 1.1646E-10 1.2891E-10 1.4244E-10 1.5769E-10 1.7302E-10 1.8926E-10 2.0641E-10 2.2442E-10 2.4328E-10 2.6292E-10 2.8329E-10 3.0571E-10 3.2873E-10 4.2426E-10 4.9018E-10 5.7118E-10 6.7502E-10 8.0340E-10 9.6472E-10 1.1579E-09 1.3869E-09 1.6797E-09 2.0322E-09 2.5625E-09 3.1670E-09 3.8306E-09 4.5425E-09 5.2715E-09 6.0191E-09 6.7649E-09 7.4885E-09
0.0000E+00 0.0000E+00 0.0000E+00 0.0000E+00 0.0000E+00 0.0000E+00 0.0000E+00 0.0000E+00 2.8025E-13 1.1716E-12 3.4678E-12 7.4836E-12 8.9771E-12 1.4831E-11 1.8885E-11 2.5826E-11 3.0210E-11 3.9557E-11 4.6715E-11 5.3423E-11 6.2912E-11 7.2483E-11 8.1423E-11 9.1193E-11 1.0382E-10 1.1572E-10 1.2849E-10 1.4251E-10 1.5816E-10 1.7406E-10 1.9099E-10 2.0894E-10 2.2788E-10 2.4779E-10 2.6862E-10 2.9033E-10 3.1426E-10 3.3898E-10 3.6318E-10 4.6564E-10 5.4019E-10 6.3129E-10 7.3862E-10 8.6232E-10 1.0340E-09 1.2301E-09 1.4421E-09 1.7552E-09 2.1012E-09 2.5991E-09 3.2229E-09 3.8956E-09 4.6273E-09 5.3739E-09 6.1449E-09 6.9171E-09 7.6688E-09
0.0000E+00 0.0000E+00 0.0000E+00 0.0000E+00 0.0000E+00 0.0000E+00 0.0000E+00 0.0000E+00 9.0442E-13 1.8099E-12 6.5061E-12 8.1169E-12 1.2963E-11 1.7590E-11 2.3355E-11 2.8972E-11 3.6325E-11 4.5131E-11 5.1354E-11 6.0901E-11 7.0713E-11 7.9678E-11 8.9513E-11 1.0203E-10 1.1430E-10 1.2730E-10 1.4164E-10 1.5767E-10 1.7406E-10 1.9158E-10 2.1022E-10 2.2999E-10 2.5086E-10 2.7280E-10 2.9584E-10 3.2137E-10 3.4744E-10 3.7340E-10 4.0009E-10 5.1392E-10 5.9474E-10 6.9109E-10 7.9741E-10 9.3467E-10 1.1093E-09 1.3091E-09 1.5266E-09 1.8304E-09 2.1606E-09 2.6491E-09 3.2812E-09 3.9574E-09 4.7123E-09 5.4769E-09 6.2705E-09 7.0688E-09 7.8486E-09
0.0000E+00 0.0000E+00 0.0000E+00 0.0000E+00 0.0000E+00 0.0000E+00 0.0000E+00 2.9091E-13 1.2116E-12 4.1543E-12 7.6359E-12 1.0173E-11 1.6032E-11 2.0497E-11 2.7620E-11 3.2850E-11 4.3342E-11 4.9373E-11 5.8691E-11 6.8500E-11 7.7503E-11 8.7336E-11 9.9484E-11 1.1222E-10 1.2537E-10 1.3986E-10 1.5623E-10 1.7301E-10 1.9101E-10 2.1025E-10 2.3073E-10 2.5244E-10 2.7537E-10 2.9965E-10 3.2666E-10 3.5397E-10 3.8160E-10 4.1032E-10 4.4485E-10 5.6342E-10 6.4999E-10 7.5513E-10 8.7545E-10 1.0135E-09 1.1965E-09 1.3735E-09 1.6216E-09 1.9137E-09 2.2496E-09 2.7109E-09 3.3531E-09 4.0352E-09 4.8048E-09 5.5864E-09 6.4022E-09 7.2266E-09 8.0347E-09
0.0000E+00 0.0000E+00 0.0000E+00 0.0000E+00 0.0000E+00 0.0000E+00 0.0000E+00 8.4414E-13 1.8712E-12 6.8482E-12 8.2367E-12 1.4238E-11 1.8539E-11 2.5340E-11 3.0224E-11 4.0621E-11 4.7275E-11 5.5613E-11 6.5707E-11 7.4934E-11 8.4700E-11 9.6348E-11 1.0951E-10 1.2272E-10 1.3722E-10 1.5388E-10 1.7092E-10 1.8929E-10 2.0900E-10 2.3007E-10 2.5250E-10 2.7628E-10 3.0158E-10 3.2991E-10 3.5844E-10 3.8762E-10 4.1866E-10 4.5505E-10 4.8799E-10 6.1436E-10 7.0883E-10 8.2884E-10 9.5669E-10 1.0994E-09 1.2636E-09 1.4754E-09 1.7180E-09 2.0149E-09 2.3387E-09 2.7719E-09 3.3944E-09 4.1254E-09 4.9027E-09 5.6984E-09 6.5353E-09 7.3851E-09 8.2213E-09
0.0000E+00 0.0000E+00 0.0000E+00 0.0000E+00 0.0000E+00 0.0000E+00 2.0639E-13 1.1934E-12 4.3777E-12 7.6847E-12 1.0727E-11 1.7038E-11 2.1997E-11 2.8382E-11 3.6628E-11 4.4996E-11 5.2292E-11 6.2329E-11 7.2014E-11 8.1648E-11 9.2698E-11 1.0622E-10 1.1940E-10 1.3381E-10 1.5064E-10 1.6785E-10 1.8646E-10 2.0651E-10 2.2803E-10 2.5103E-10 2.7553E-10 3.0162E-10 3.3106E-10 3.6078E-10 3.9136E-10 4.2460E-10 4.6231E-10 4.9729E-10 5.3332E-10 6.6949E-10 7.7718E-10 9.0304E-10 1.0419E-09 1.1885E-09 1.3683E-09 1.5779E-09 1.8109E-09 2.1228E-09 2.4430E-09 2.8659E-09 3.4901E-09 4.2072E-09 5.0083E-09 5.8159E-09 6.6730E-09 7.5476E-09 8.4116E-09
0.0000E+00 0.0000E+00 0.0000E+00 0.0000E+00 0.0000E+00 0.0000E+00 6.7786E-13 1.9151E-12 6.7379E-12 8.2437E-12 1.4964E-11 1.9145E-11 2.6205E-11 3.2068E-11 4.2571E-11 4.8848E-11 5.8772E-11 6.8792E-11 7.8233E-11 8.8798E-11 1.0234E-10 1.1547E-10 1.2980E-10 1.4657E-10 1.6383E-10 1.8255E-10 2.0281E-10 2.2464E-10 2.4806E-10 2.7311E-10 2.9978E-10 3.3012E-10 3.6093E-10 3.9274E-10 4.2772E-10 4.6682E-10 5.0370E-10 5.4187E-10 5.8366E-10 7.3115E-10 8.4401E-10 9.8115E-10 1.1329E-09 1.2924E-09 1.4783E-09 1.6953E-09 1.9199E-09 2.2480E-09 2.5530E-09 2.9872E-09 3.5779E-09 4.3030E-09 5.1152E-09 5.9401E-09 6.8161E-09 7.7146E-09 8.6059E-09
0.0000E+00 0.0000E+00 0.0000E+00 0.0000E+00 0.0000E+00 4.5706E-14 1.1378E-12 4.0778E-12 7.6281E-12 1.0793E-11 1.7322E-11 2.2668E-11 2.8847E-11 3.8799E-11 4.6026E-11 5.4669E-11 6.5039E-11 7.4510E-11 8.4743E-11 9.7689E-11 1.1100E-10 1.2516E-10 1.4145E-10 1.5894E-10 1.7765E-10 1.9797E-10 2.1996E-10 2.4365E-10 2.6908E-10 2.9626E-10 3.2711E-10 3.5890E-10 3.9173E-10 4.2793E-10 4.6851E-10 5.0710E-10 5.4722E-10 5.9196E-10 6.3788E-10 7.9150E-10 9.1427E-10 1.0653E-09 1.2323E-09 1.4034E-09 1.5904E-09 1.7970E-09 2.0419E-09 2.3762E-09 2.6878E-09 3.1101E-09 3.6654E-09 4.3915E-09 5.2304E-09 6.0742E-09 6.9654E-09 7.8868E-09 8.8070E-09
0.0000E+00 0.0000E+00 0.0000E+00 0.0000E+00 0.0000E+00 4.3178E-13 1.8031E-12 6.0549E-12 8.1378E-12 1.4827E-11 1.9245E-11 2.6372E-11 3.3515E-11 4.3158E-11 5.0381E-11 6.0726E-11 7.0537E-11 8.0468E-11 9.2325E-11 1.0605E-10 1.1995E-10 1.3566E-10 1.5327E-10 1.7184E-10 1.9208E-10 2.1407E-10 2.3786E-10 2.6349E-10 2.9102E-10 3.2190E-10 3.5471E-10 3.8836E-10 4.2526E-10 4.6735E-10 5.0741E-10 5.4926E-10 5.9623E-10 6.4424E-10 6.9154E-10 8.5449E-10 9.9042E-10 1.1540E-09 1.3346E-09 1.5212E-09 1.7148E-09 1.9359E-09 2.1792E-09 2.5190E-09 2.8310E-09 3.2407E-09 3.8065E-09 4.5047E-09 5.3478E-09 6.2165E-09 7.1236E-09 8.0672E-09 9.0114E-09
