Assets/Resources/2015_m01_d30_1600(utc+0800)_l00_csi_1hr_conc.grd
DSAA
         159         159
     -79.000      79.000
     -79.000      79.000
  0.0000E+00  0.2138E-05
[rows 50 to 74 of 159, columns 57 to 113 of 159]
5.3785E-12 2.0188E-11 9.1133E-11 2.1680E-10 3.8908E-10 6.3897E-10 9.8077E-10 1.4298E-09 2.0357E-09 2.8447E-09 3.8869E-09 5.1987E-09 6.8280E-09 8.7903E-09 1.1100E-08 1.3735E-08 1.6652E-08 1.9805E-08 2.3138E-08 2.6515E-08 2.9783E-08 3.2742E-08 3.5199E-08 3.6992E-08 3.8060E-08 3.8306E-08 3.7794E-08 3.6601E-08 3.4864E-08 3.2686E-08 3.0211E-08 2.7587E-08 2.4962E-08 2.2456E-08 2.0153E-08 1.8079E-08 1.6252E-08 1.4688E-08 1.3356E-08 1.2213E-08 1.1232E-08 1.0382E-08 9.6305E-09 8.9588E-09 8.3399E-09 7.7833E-09 7.2602E-09 6.7733E-09 6.3198E-09 5.8993E-09 5.5019E-09 5.1259E-09 4.7762E-09 4.4484E-09 4.1382E-09 3.8500E-09 3.5788E-09
4.6011E-12 1.5043E-11 8.1835E-11 2.0867E-10 3.8066E-10 6.3390E-10 9.7636E-10 1.4277E-09 2.0430E-09 2.8650E-09 3.9256E-09 5.2624E-09 6.9382E-09 8.9615E-09 1.1344E-08 1.4084E-08 1.7135E-08 2.0459E-08 2.4004E-08 2.7622E-08 3.1139E-08 3.4339E-08 3.7016E-08 3.9014E-08 4.0194E-08 4.0485E-08 3.9914E-08 3.8587E-08 3.6620E-08 3.4144E-08 3.1331E-08 2.8382E-08 2.5462E-08 2.2688E-08 2.0159E-08 1.7917E-08 1.5973E-08 1.4326E-08 1.2936E-08 1.1767E-08 1.0764E-08 9.9063E-09 9.1501E-09 8.4758E-09 7.8596E-09 7.3134E-09 6.8046E-09 6.3297E-09 5.8864E-09 5.4788E-09 5.0967E-09 4.7352E-09 4.4000E-09 4.0860E-09 3.7894E-09 3.5141E-09 3.2574E-09
3.8372E-12 1.1456E-11 6.7784E-11 1.9479E-10 3.6488E-10 6.1165E-10 9.5218E-10 1.3968E-09 2.0076E-09 2.8242E-09 3.8897E-09 5.2329E-09 6.9115E-09 8.9642E-09 1.1390E-08 1.4187E-08 1.7336E-08 2.0803E-08 2.4533E-08 2.8370E-08 3.2135E-08 3.5603E-08 3.8537E-08 4.0762E-08 4.2098E-08 4.2450E-08 4.1844E-08 4.0399E-08 3.8197E-08 3.5406E-08 3.2263E-08 2.8978E-08 2.5751E-08 2.2734E-08 1.9999E-08 1.7601E-08 1.5555E-08 1.3844E-08 1.2419E-08 1.1231E-08 1.0232E-08 9.3694E-09 8.6148E-09 7.9500E-09 7.3510E-09 6.8193E-09 6.3276E-09 5.8701E-09 5.4435E-09 5.0495E-09 4.6822E-09 4.3433E-09 4.0258E-09 3.7272E-09 3.4483E-09 3.1884E-09 2.9471E-09
3.1131E-12 9.1456E-12 5.0100E-11 1.7357E-10 3.4256E-10 5.8315E-10 9.0814E-10 1.3416E-09 1.9313E-09 2.7279E-09 3.7752E-09 5.0958E-09 6.7554E-09 8.7905E-09 1.1214E-08 1.4038E-08 1.7235E-08 2.0824E-08 2.4704E-08 2.8760E-08 3.2791E-08 3.6544E-08 3.9793E-08 4.2302E-08 4.3830E-08 4.4279E-08 4.3658E-08 4.2058E-08 3.9594E-08 3.6487E-08 3.2992E-08 2.9376E-08 2.5849E-08 2.2573E-08 1.9654E-08 1.7128E-08 1.4997E-08 1.3242E-08 1.1805E-08 1.0620E-08 9.6217E-09 8.7751E-09 8.0353E-09 7.3887E-09 6.8136E-09 6.3032E-09 5.8307E-09 5.3972E-09 4.9966E-09 4.6231E-09 4.2749E-09 3.9529E-09 3.6540E-09 3.3765E-09 3.1159E-09 2.8723E-09 2.6477E-09
7.0704E-13 7.3467E-12 3.3091E-11 1.4524E-10 3.1282E-10 5.4228E-10 8.4680E-10 1.2599E-09 1.8182E-09 2.5793E-09 3.5823E-09 4.8581E-09 6.4671E-09 8.4485E-09 1.0835E-08 1.3636E-08 1.6872E-08 2.0533E-08 2.4564E-08 2.8839E-08 3.3150E-08 3.7241E-08 4.0849E-08 4.3655E-08 4.5412E-08 4.5955E-08 4.5319E-08 4.3550E-08 4.0797E-08 3.7342E-08 3.3504E-08 2.9550E-08 2.5733E-08 2.2215E-08 1.9127E-08 1.6503E-08 1.4320E-08 1.2541E-08 1.1098E-08 9.9339E-09 8.9537E-09 8.1326E-09 7.4188E-09 6.8017E-09 6.2505E-09 5.7708E-09 5.3309E-09 4.9246E-09 4.5494E-09 4.2004E-09 3.8759E-09 3.5747E-09 3.2946E-09 3.0346E-09 2.7938E-09 2.5705E-09 2.3637E-09
0.0000E+00 2.9062E-12 2.0902E-11 1.0470E-10 2.7708E-10 4.8999E-10 7.6916E-10 1.1556E-09 1.6686E-09 2.3800E-09 3.3267E-09 4.5328E-09 6.0575E-09 7.9490E-09 1.0265E-08 1.3000E-08 1.6236E-08 1.9959E-08 2.4130E-08 2.8647E-08 3.3283E-08 3.7784E-08 4.1791E-08 4.4933E-08 4.6906E-08 4.7557E-08 4.6870E-08 4.4862E-08 4.1802E-08 3.7993E-08 3.3774E-08 2.9484E-08 2.5375E-08 2.1653E-08 1.8424E-08 1.5731E-08 1.3514E-08 1.1739E-08 1.0329E-08 9.1829E-09 8.2432E-09 7.4512E-09 6.7758E-09 6.1941E-09 5.6804E-09 5.2368E-09 4.8296E-09 4.4538E-09 4.1073E-09 3.7850E-09 3.4864E-09 3.2090E-09 2.9513E-09 2.7115E-09 2.4892E-09 2.2840E-09 2.0951E-09
0.0000E+00 0.0000E+00 1.0941E-11 5.7135E-11 2.3318E-10 4.3370E-10 6.8222E-10 1.0316E-09 1.4973E-09 2.1480E-09 3.0128E-09 4.1303E-09 5.5434E-09 7.3281E-09 9.5235E-09 1.2177E-08 1.5390E-08 1.9184E-08 2.3540E-08 2.8345E-08 3.3385E-08 3.8353E-08 4.2798E-08 4.6258E-08 4.8431E-08 4.9139E-08 4.8311E-08 4.6032E-08 4.2586E-08 3.8382E-08 3.3786E-08 2.9147E-08 2.4778E-08 2.0873E-08 1.7554E-08 1.4822E-08 1.2603E-08 1.0858E-08 9.4863E-09 8.3862E-09 7.4897E-09 6.7507E-09 6.1148E-09 5.5795E-09 5.1106E-09 4.7053E-09 4.3292E-09 3.9915E-09 3.6747E-09 3.3781E-09 3.1102E-09 2.8579E-09 2.6218E-09 2.4061E-09 2.2042E-09 2.0150E-09 1.8427E-09
0.0000E+00 0.0000E+00 4.7144E-12 2.2848E-11 1.6064E-10 3.7070E-10 5.8805E-10 8.9837E-10 1.3120E-09 1.8896E-09 2.6607E-09 3.6715E-09 4.9690E-09 6.6131E-09 8.6761E-09 1.1244E-08 1.4439E-08 1.8328E-08 2.2931E-08 2.8116E-08 3.3650E-08 3.9143E-08 4.4028E-08 4.7780E-08 5.0088E-08 5.0727E-08 4.9639E-08 4.6970E-08 4.3121E-08 3.8469E-08 3.3479E-08 2.8524E-08 2.3930E-08 1.9895E-08 1.6518E-08 1.3792E-08 1.1605E-08 9.9158E-09 8.5956E-09 7.5595E-09 6.7225E-09 6.0338E-09 5.4542E-09 4.9677E-09 4.5470E-09 4.1787E-09 3.8455E-09 3.5420E-09 3.2535E-09 2.9907E-09 2.7508E-09 2.5225E-09 2.3122E-09 2.1194E-09 1.9348E-09 1.7660E-09 1.6126E-09
0.0000E+00 0.0000E+00 0.0000E+00 8.9612E-12 7.7843E-11 2.9324E-10 4.8899E-10 7.5961E-10 1.1154E-09 1.6176E-09 2.2875E-09 3.1763E-09 4.3336E-09 5.8468E-09 7.7785E-09 1.0250E-08 1.3462E-08 1.7570E-08 2.2524E-08 2.8232E-08 3.4369E-08 4.0418E-08 4.5734E-08 4.9687E-08 5.1957E-08 5.2297E-08 5.0781E-08 4.7651E-08 4.3283E-08 3.8207E-08 3.2817E-08 2.7593E-08 2.2825E-08 1.8718E-08 1.5340E-08 1.2656E-08 1.0540E-08 8.9221E-09 7.6732E-09 6.7138E-09 5.9427E-09 5.3247E-09 4.7982E-09 4.3673E-09 3.9949E-09 3.6700E-09 3.3798E-09 3.1064E-09 2.8546E-09 2.6239E-09 2.4088E-09 2.2077E-09 2.0223E-09 1.8474E-09 1.6855E-09 1.5385E-09 1.4010E-09
0.0000E+00 0.0000E+00 0.0000E+00 2.3655E-12 2.3347E-11 1.9439E-10 3.8510E-10 6.1124E-10 9.2322E-10 1.3427E-09 1.9110E-09 2.6723E-09 3.6859E-09 5.0615E-09 6.8633E-09 9.2869E-09 1.2614E-08 1.7065E-08 2.2611E-08 2.9006E-08 3.5819E-08 4.2467E-08 4.8078E-08 5.2070E-08 5.4044E-08 5.3862E-08 5.1684E-08 4.7923E-08 4.3033E-08 3.7476E-08 3.1775E-08 2.6318E-08 2.1459E-08 1.7355E-08 1.4031E-08 1.1434E-08 9.4188E-09 7.9075E-09 6.7418E-09 5.8705E-09 5.1816E-09 4.6267E-09 4.1658E-09 3.7840E-09 3.4656E-09 3.1855E-09 2.9311E-09 2.6975E-09 2.4761E-09 2.2766E-09 2.0903E-09 1.9139E-09 1.7524E-09 1.5993E-09 1.4579E-09 1.3284E-09 1.2082E-09
0.0000E+00 0.0000E+00 0.0000E+00 0.0000E+00 6.5028E-12 8.7394E-11 2.8537E-10 4.7373E-10 7.2522E-10 1.0753E-09 1.5554E-09 2.1851E-09 3.0652E-09 4.3001E-09 6.0093E-09 8.4469E-09 1.1989E-08 1.6972E-08 2.3361E-08 3.0789E-08 3.8543E-08 4.5742E-08 5.1525E-08 5.5139E-08 5.6332E-08 5.5236E-08 5.2192E-08 4.7659E-08 4.2216E-08 3.6236E-08 3.0262E-08 2.4693E-08 1.9828E-08 1.5810E-08 1.2620E-08 1.0143E-08 8.2785E-09 6.8802E-09 5.8340E-09 5.0530E-09 4.4433E-09 3.9526E-09 3.5593E-09 3.2381E-09 2.9611E-09 2.7290E-09 2.5135E-09 2.3089E-09 2.1250E-09 1.9539E-09 1.7935E-09 1.6420E-09 1.5037E-09 1.3720E-09 1.2499E-09 1.1377E-09 1.0353E-09
0.0000E+00 0.0000E+00 0.0000E+00 0.0000E+00 0.0000E+00 1.9431E-11 1.7399E-10 3.4672E-10 5.4783E-10 8.2846E-10 1.2047E-09 1.7190E-09 2.5141E-09 3.6091E-09 5.2441E-09 7.7507E-09 1.1619E-08 1.7427E-08 2.5233E-08 3.4191E-08 4.3118E-08 5.0889E-08 5.6407E-08 5.9040E-08 5.8854E-08 5.6317E-08 5.2100E-08 4.6683E-08 4.0690E-08 3.4393E-08 2.8255E-08 2.2686E-08 1.7960E-08 1.4113E-08 1.1106E-08 8.8304E-09 7.1262E-09 5.8825E-09 4.9512E-09 4.2783E-09 3.7446E-09 3.3323E-09 2.9988E-09 2.7285E-09 2.5037E-09 2.3071E-09 2.1234E-09 1.9536E-09 1.8008E-09 1.6578E-09 1.5196E-09 1.3937E-09 1.2757E-09 1.1624E-09 1.0603E-09 9.6655E-10 8.7956E-10
0.0000E+00 0.0000E+00 0.0000E+00 0.0000E+00 0.0000E+00 0.0000E+00 6.5461E-11 2.2617E-10 3.9043E-10 6.1275E-10 8.9541E-10 1.3020E-09 1.9840E-09 2.9817E-09 4.6132E-09 7.2139E-09 1.1593E-08 1.8561E-08 2.8266E-08 3.9564E-08 5.0391E-08 5.8722E-08 6.3434E-08 6.4022E-08 6.1437E-08 5.6802E-08 5.1076E-08 4.4845E-08 3.8375E-08 3.1867E-08 2.5741E-08 2.0345E-08 1.5864E-08 1.2298E-08 9.5537E-09 7.5098E-09 6.0126E-09 4.9306E-09 4.1174E-09 3.5429E-09 3.1096E-09 2.7636E-09 2.4777E-09 2.2712E-09 2.0847E-09 1.9198E-09 1.7677E-09 1.6318E-09 1.5055E-09 1.3864E-09 1.2724E-09 1.1673E-09 1.0679E-09 9.7415E-10 8.9055E-10 8.1098E-10 7.3886E-10
0.0000E+00 0.0000E+00 0.0000E+00 0.0000E+00 0.0000E+00 0.0000E+00 1.0693E-11 1.1177E-10 2.5124E-10 4.2607E-10 6.4518E-10 9.4759E-10 1.5239E-09 2.4232E-09 3.9724E-09 6.7883E-09 1.1779E-08 2.0325E-08 3.2791E-08 4.7525E-08 6.1055E-08 7.0366E-08 7.3389E-08 7.0636E-08 6.3989E-08 5.6316E-08 4.8886E-08 4.1919E-08 3.5196E-08 2.8659E-08 2.2748E-08 1.7698E-08 1.3612E-08 1.0410E-08 7.9936E-09 6.2286E-09 4.9459E-09 4.0289E-09 3.3478E-09 2.8927E-09 2.5363E-09 2.2381E-09 2.0270E-09 1.8614E-09 1.7076E-09 1.5708E-09 1.4532E-09 1.3423E-09 1.2387E-09 1.1418E-09 1.0505E-09 9.6393E-10 8.8111E-10 8.0672E-10 7.3544E-10 6.7250E-10 6.1247E-10
0.0000E+00 0.0000E+00 0.0000E+00 0.0000E+00 0.0000E+00 0.0000E+00 3.3019E-13 3.9472E-11 1.4247E-10 2.6546E-10 4.3187E-10 6.4801E-10 1.1178E-09 1.8825E-09 3.4113E-09 6.3662E-09 1.2105E-08 2.2532E-08 3.8624E-08 5.8081E-08 7.6088E-08 8.7249E-08 8.7947E-08 7.9246E-08 6.6288E-08 5.4339E-08 4.5173E-08 3.7910E-08 3.1111E-08 2.4839E-08 1.9371E-08 1.4860E-08 1.1273E-08 8.5242E-09 6.4852E-09 5.0178E-09 3.9577E-09 3.2102E-09 2.6716E-09 2.3194E-09 2.0084E-09 1.7917E-09 1.6354E-09 1.4993E-09 1.3719E-09 1.2706E-09 1.1774E-09 1.0875E-09 1.0053E-09 9.2771E-10 8.5309E-10 7.8283E-10 7.1759E-10 6.5525E-10 6.0151E-10 5.4992E-10 5.0083E-10
0.0000E+00 0.0000E+00 0.0000E+00 0.0000E+00 0.0000E+00 0.0000E+00 0.0000E+00 6.1034E-12 6.1956E-11 1.5321E-10 2.5897E-10 4.1761E-10 7.8213E-10 1.4288E-09 2.8285E-09 5.9057E-09 1.2275E-08 2.4820E-08 4.5436E-08 7.1539E-08 9.5936E-08 1.1041E-07 1.0840E-07 9.0698E-08 6.7970E-08 5.0592E-08 4.0096E-08 3.2781E-08 2.6280E-08 2.0577E-08 1.5801E-08 1.1952E-08 8.9824E-09 6.7243E-09 5.0815E-09 3.9049E-09 3.0735E-09 2.5001E-09 2.0904E-09 1.7913E-09 1.5655E-09 1.4178E-09 1.2978E-09 1.1810E-09 1.0882E-09 1.0139E-09 9.3586E-10 8.6749E-10 8.0549E-10 7.4026E-10 6.8291E-10 6.2709E-10 5.7302E-10 5.2771E-10 4.8464E-10 4.4268E-10 4.0339E-10
0.0000E+00 0.0000E+00 0.0000E+00 0.0000E+00 0.0000E+00 0.0000E+00 0.0000E+00 1.9103E-13 1.6687E-11 7.3369E-11 1.5298E-10 2.4686E-10 4.4603E-10 1.0074E-09 2.2644E-09 5.1915E-09 1.2005E-08 2.6574E-08 5.2227E-08 8.6395E-08 1.2046E-07 1.4113E-07 1.3658E-07 1.0644E-07 6.9181E-08 4.4781E-08 3.3653E-08 2.6803E-08 2.1015E-08 1.6168E-08 1.2231E-08 9.1662E-09 6.8244E-09 5.0889E-09 3.8319E-09 2.9418E-09 2.3183E-09 1.9009E-09 1.5686E-09 1.3529E-09 1.2084E-09 1.0999E-09 9.9906E-10 9.1526E-10 8.5399E-10 7.8829E-10 7.3339E-10 6.8581E-10 6.3034E-10 5.8333E-10 5.3767E-10 4.9183E-10 4.5562E-10 4.1999E-10 3.8460E-10 3.5021E-10 3.1636E-10
0.0000E+00 0.0000E+00 0.0000E+00 0.0000E+00 0.0000E+00 0.0000E+00 0.0000E+00 0.0000E+00 2.5235E-12 2.5178E-11 6.9390E-11 1.3929E-10 2.2847E-10 5.5039E-10 1.5329E-09 4.3274E-09 1.1061E-08 2.7265E-08 5.8124E-08 1.0111E-07 1.4582E-07 1.7685E-07 1.7443E-07 1.3236E-07 7.2777E-08 3.7310E-08 2.6331E-08 2.0438E-08 1.5732E-08 1.1913E-08 8.9290E-09 6.6410E-09 4.9228E-09 3.6673E-09 2.7668E-09 2.1315E-09 1.7091E-09 1.3824E-09 1.1355E-09 1.0057E-09 9.0877E-10 8.1818E-10 7.4532E-10 7.0050E-10 6.4846E-10 6.0463E-10 5.6899E-10 5.2498E-10 4.8734E-10 4.4852E-10 4.1158E-10 3.8228E-10 3.5287E-10 3.2445E-10 2.9668E-10 2.6875E-10 2.3723E-10
0.0000E+00 0.0000E+00 0.0000E+00 0.0000E+00 0.0000E+00 0.0000E+00 0.0000E+00 0.0000E+00 0.0000E+00 5.4731E-12 2.6747E-11 6.5170E-11 1.1670E-10 2.5579E-10 9.9159E-10 3.0928E-09 9.5147E-09 2.6684E-08 6.1864E-08 1.1345E-07 1.6857E-07 2.1216E-07 2.2713E-07 1.8491E-07 8.2522E-08 2.7785E-08 1.8779E-08 1.4313E-08 1.0839E-08 8.1425E-09 6.0450E-09 4.4970E-09 3.3401E-09 2.4891E-09 1.8867E-09 1.4872E-09 1.1748E-09 9.3805E-10 8.0241E-10 7.1866E-10 6.4472E-10 5.8552E-10 5.5155E-10 5.0890E-10 4.7639E-10 4.4906E-10 4.1310E-10 3.8629E-10 3.5786E-10 3.3152E-10 3.1043E-10 2.8880E-10 2.6763E-10 2.4606E-10 2.2238E-10 1.9703E-10 1.7467E-10
0.0000E+00 0.0000E+00 0.0000E+00 0.0000E+00 0.0000E+00 0.0000E+00 0.0000E+00 0.0000E+00 0.0000E+00 1.5612E-13 7.2438E-12 2.4656E-11 5.1662E-11 1.0251E-10 5.1424E-10 2.1149E-09 7.7502E-09 2.4837E-08 6.4419E-08 1.2225E-07 1.8437E-07 2.3767E-07 2.8623E-07 2.9136E-07 1.1529E-07 1.8356E-08 1.1950E-08 8.9847E-09 6.7720E-09 5.0309E-09 3.7601E-09 2.7805E-09 2.0918E-09 1.5725E-09 1.2195E-09 9.6256E-10 7.4295E-10 6.2890E-10 5.4602E-10 4.8463E-10 4.3943E-10 4.1386E-10 3.8108E-10 3.5830E-10 3.3640E-10 3.0909E-10 2.9073E-10 2.7131E-10 2.5322E-10 2.3916E-10 2.2443E-10 2.0958E-10 1.9163E-10 1.7284E-10 1.5301E-10 1.3572E-10 1.1794E-10
0.0000E+00 0.0000E+00 0.0000E+00 0.0000E+00 0.0000E+00 0.0000E+00 0.0000E+00 0.0000E+00 0.0000E+00 0.0000E+00 5.2363E-13 7.5644E-12 2.1430E-11 4.1803E-11 2.0579E-10 1.2337E-09 6.0134E-09 2.1988E-08 6.3500E-08 1.2694E-07 1.9188E-07 2.4790E-07 3.1849E-07 4.2223E-07 1.7164E-07 1.1899E-08 6.6331E-09 4.9995E-09 3.7288E-09 2.8238E-09 2.0970E-09 1.5950E-09 1.1971E-09 9.3725E-10 7.3661E-10 5.7087E-10 4.6632E-10 4.0296E-10 3.4809E-10 3.1522E-10 2.9554E-10 2.7124E-10 2.5786E-10 2.4066E-10 2.1868E-10 2.0771E-10 1.9330E-10 1.8241E-10 1.7252E-10 1.6184E-10 1.5050E-10 1.3675E-10 1.2262E-10 1.0920E-10 9.7076E-11 8.6078E-11 7.8089E-11
0.0000E+00 0.0000E+00 0.0000E+00 0.0000E+00 0.0000E+00 0.0000E+00 0.0000E+00 0.0000E+00 0.0000E+00 0.0000E+00 0.0000E+00 6.1924E-13 6.5497E-12 1.8042E-11 3.1315E-11 6.3788E-10 3.5245E-09 1.6720E-08 5.7082E-08 1.2724E-07 1.9588E-07 2.5855E-07 3.4653E-07 5.8947E-07 1.9154E-07 4.3346E-09 3.1701E-09 2.3501E-09 1.8211E-09 1.3772E-09 1.0705E-09 8.1398E-10 6.4316E-10 5.0634E-10 3.9895E-10 3.1561E-10 2.7619E-10 2.3437E-10 2.1358E-10 1.9910E-10 1.8123E-10 1.7334E-10 1.6004E-10 1.4502E-10 1.3873E-10 1.2773E-10 1.2176E-10 1.1364E-10 1.0547E-10 9.7136E-11 8.8259E-11 8.0568E-11 7.3425E-11 6.6024E-11 5.8817E-11 5.4484E-11 4.9824E-11
0.0000E+00 0.0000E+00 0.0000E+00 0.0000E+00 0.0000E+00 0.0000E+00 0.0000E+00 0.0000E+00 0.0000E+00 0.0000E+00 0.0000E+00 0.0000E+00 4.0943E-13 4.6849E-12 1.3482E-11 1.2203E-10 1.2856E-09 8.5021E-09 4.0306E-08 1.1674E-07 1.9625E-07 2.6836E-07 3.5647E-07 8.9979E-07 1.2921E-07 1.6776E-09 1.2282E-09 9.5903E-10 7.3651E-10 5.9861E-10 4.6225E-10 3.8263E-10 3.0301E-10 2.4250E-10 2.0269E-10 1.7524E-10 1.4924E-10 1.3499E-10 1.2336E-10 1.1030E-10 1.0486E-10 9.4673E-11 8.5914E-11 8.2077E-11 7.5903E-11 7.0741E-11 6.6344E-11 6.1203E-11 5.7284E-11 5.2749E-11 4.8133E-11 4.4421E-11 3.9718E-11 3.6078E-11 3.2231E-11 2.8333E-11 2.4534E-11
0.0000E+00 0.0000E+00 0.0000E+00 0.0000E+00 0.0000E+00 0.0000E+00 0.0000E+00 0.0000E+00 0.0000E+00 0.0000E+00 0.0000E+00 0.0000E+00 0.0000E+00 1.1062E-13 2.6227E-12 8.9066E-12 7.9450E-11 1.5104E-09 1.3810E-08 8.2255E-08 2.0075E-07 2.7734E-07 3.8619E-07 1.4095E-06 3.9759E-08 4.8415E-10 3.9445E-10 2.9746E-10 2.5328E-10 2.2284E-10 1.9876E-10 1.7279E-10 1.4987E-10 1.2979E-10 1.0959E-10 9.4478E-11 8.6226E-11 7.6052E-11 6.8828E-11 6.3708E-11 5.4581E-11 4.9894E-11 4.7748E-11 4.5175E-11 4.1697E-11 3.6658E-11 3.1747E-11 2.7572E-11 2.4005E-11 2.1177E-11 1.9934E-11 1.7579E-11 1.5659E-11 1.3167E-11 1.0535E-11 7.7506E-12 5.5763E-12
0.0000E+00 0.0000E+00 0.0000E+00 0.0000E+00 0.0000E+00 0.0000E+00 0.0000E+00 0.0000E+00 0.0000E+00 0.0000E+00 0.0000E+00 0.0000E+00 0.0000E+00 0.0000E+00 0.0000E+00 9.0171E-13 6.1671E-12 4.2081E-11 6.6922E-10 3.0127E-08 1.8219E-07 3.0335E-07 4.6550E-07 1.9279E-06 1.6323E-10 1.3659E-10 1.1351E-10 1.1458E-10 1.1130E-10 1.0458E-10 9.6179E-11 8.5755E-11 7.5695E-11 6.5149E-11 5.8985E-11 5.4353E-11 4.6805E-11 4.4010E-11 4.0262E-11 3.3201E-11 3.1814E-11 2.9910E-11 2.7792E-11 2.4326E-11 1.9833E-11 1.5376E-11 1.2172E-11 9.6605E-12 9.2951E-12 8.7613E-12 8.0754E-12 7.1647E-12 6.0603E-12 4.9784E-12 3.6001E-12 2.4309E-12 1.1818E-12
