Assets/Resources/2015_m01_d01_1200(utc+0800)_l00_csi_1hr_conc.grd
DSAA
         159         159
     -79.000      79.000
     -79.000      79.000
  0.0000E+00  0.4282E-05
[rows 25 to 49 of 159, columns 57 to 113 of 159]
0.0000E+00 0.0000E+00 0.0000E+00 0.0000E+00 0.0000E+00 0.0000E+00 0.0000E+00 0.0000E+00 0.0000E+00 0.0000E+00 0.0000E+00 0.0000E+00 0.0000E+00 0.0000E+00 0.0000E+00 0.0000E+00 0.0000E+00 0.0000E+00 0.0000E+00 0.0000E+00 0.0000E+00 0.0000E+00 0.0000E+00 0.0000E+00 1.3252E-12 6.6948E-12 1.7011E-11 3.7847E-11 6.7674E-11 1.0454E-10 1.4781E-10 1.9966E-10 2.5791E-10 3.2363E-10 4.0034E-10 4.8965E-10 5.9280E-10 7.1055E-10 8.4404E-10 9.9569E-10 1.1669E-09 1.3578E-09 1.5688E-09 1.8003E-09 2.0521E-09 2.3251E-09 2.6161E-09 2.9205E-09 3.2374E-09 3.5656E-09 3.9001E-09 4.2458E-09 4.5916E-09 4.9360E-09 5.2741E-09 5.6024E-09 5.9165E-09
0.0000E+00 0.0000E+00 0.0000E+00 0.0000E+00 0.0000E+00 0.0000E+00 0.0000E+00 0.0000E+00 0.0000E+00 0.0000E+00 0.0000E+00 0.0000E+00 0.0000E+00 0.0000E+00 0.0000E+00 0.0000E+00 0.0000E+00 0.0000E+00 0.0000E+00 0.0000E+00 0.0000E+00 0.0000E+00 0.0000E+00 1.4253E-13 2.1283E-12 8.6937E-12 2.1567E-11 4.4505E-11 7.6797E-11 1.1517E-10 1.6028E-10 2.1236E-10 2.7216E-10 3.4099E-10 4.2250E-10 5.1787E-10 6.2734E-10 7.5220E-10 8.9430E-10 1.0554E-09 1.2362E-09 1.4367E-09 1.6579E-09 1.9027E-09 2.1701E-09 2.4562E-09 2.7589E-09 3.0769E-09 3.4078E-09 3.7483E-09 4.1028E-09 4.4591E-09 4.8164E-09 5.1705E-09 5.5175E-09 5.8528E-09 6.1723E-09
0.0000E+00 0.0000E+00 0.0000E+00 0.0000E+00 0.0000E+00 0.0000E+00 0.0000E+00 0.0000E+00 0.0000E+00 0.0000E+00 0.0000E+00 0.0000E+00 0.0000E+00 0.0000E+00 0.0000E+00 0.0000E+00 0.0000E+00 0.0000E+00 0.0000E+00 0.0000E+00 0.0000E+00 0.0000E+00 0.0000E+00 4.1990E-13 3.0826E-12 1.0947E-11 2.6194E-11 5.2471E-11 8.5860E-11 1.2578E-10 1.7150E-10 2.2470E-10 2.8595E-10 3.5891E-10 4.4540E-10 5.4608E-10 6.6221E-10 7.9511E-10 9.4530E-10 1.1146E-09 1.3044E-09 1.5165E-09 1.7516E-09 2.0080E-09 2.2857E-09 2.5840E-09 2.9013E-09 3.2362E-09 3.5846E-09 3.9418E-09 4.3059E-09 4.6737E-09 5.0413E-09 5.4030E-09 5.7604E-09 6.1031E-09 6.4278E-09
0.0000E+00 0.0000E+00 0.0000E+00 0.0000E+00 0.0000E+00 0.0000E+00 0.0000E+00 0.0000E+00 0.0000E+00 0.0000E+00 0.0000E+00 0.0000E+00 0.0000E+00 0.0000E+00 0.0000E+00 0.0000E+00 0.0000E+00 0.0000E+00 0.0000E+00 0.0000E+00 0.0000E+00 0.0000E+00 0.0000E+00 7.2714E-13 4.3564E-12 1.4191E-11 3.1854E-11 5.9678E-11 9.4514E-11 1.3558E-10 1.8183E-10 2.3605E-10 3.0007E-10 3.7717E-10 4.6797E-10 5.7465E-10 6.9779E-10 8.3756E-10 9.9545E-10 1.1739E-09 1.3748E-09 1.5983E-09 1.8437E-09 2.1109E-09 2.4012E-09 2.7152E-09 3.0497E-09 3.3981E-09 3.7591E-09 4.1294E-09 4.5061E-09 4.8863E-09 5.2626E-09 5.6394E-09 6.0026E-09 6.3507E-09 6.6793E-09
0.0000E+00 0.0000E+00 0.0000E+00 0.0000E+00 0.0000E+00 0.0000E+00 0.0000E+00 0.0000E+00 0.0000E+00 0.0000E+00 0.0000E+00 0.0000E+00 0.0000E+00 0.0000E+00 0.0000E+00 0.0000E+00 0.0000E+00 0.0000E+00 0.0000E+00 0.0000E+00 0.0000E+00 0.0000E+00 0.0000E+00 1.0613E-12 5.3315E-12 1.7326E-11 3.8464E-11 6.7073E-11 1.0264E-10 1.4433E-10 1.9150E-10 2.4714E-10 3.1434E-10 3.9500E-10 4.9077E-10 6.0340E-10 7.3231E-10 8.7917E-10 1.0461E-09 1.2341E-09 1.4445E-09 1.6777E-09 1.9346E-09 2.2166E-09 2.5218E-09 2.8475E-09 3.1925E-09 3.5551E-09 3.9308E-09 4.3170E-09 4.7087E-09 5.1011E-09 5.4903E-09 5.8721E-09 6.2417E-09 6.5946E-09 6.9256E-09
0.0000E+00 0.0000E+00 0.0000E+00 0.0000E+00 0.0000E+00 0.0000E+00 0.0000E+00 0.0000E+00 0.0000E+00 0.0000E+00 0.0000E+00 0.0000E+00 0.0000E+00 0.0000E+00 0.0000E+00 0.0000E+00 0.0000E+00 0.0000E+00 0.0000E+00 0.0000E+00 0.0000E+00 0.0000E+00 0.0000E+00 1.1874E-12 6.8679E-12 2.0898E-11 4.3250E-11 7.3871E-11 1.1072E-10 1.5305E-10 2.0106E-10 2.5821E-10 3.2817E-10 4.1282E-10 5.1338E-10 6.3080E-10 7.6589E-10 9.2110E-10 1.0959E-09 1.2925E-09 1.5124E-09 1.7574E-09 2.0280E-09 2.3220E-09 2.6381E-09 2.9759E-09 3.3350E-09 3.7138E-09 4.1065E-09 4.5059E-09 4.9092E-09 5.3122E-09 5.7109E-09 6.1006E-09 6.4768E-09 6.8306E-09 7.1680E-09
0.0000E+00 0.0000E+00 0.0000E+00 0.0000E+00 0.0000E+00 0.0000E+00 0.0000E+00 0.0000E+00 0.0000E+00 0.0000E+00 0.0000E+00 0.0000E+00 0.0000E+00 0.0000E+00 0.0000E+00 0.0000E+00 0.0000E+00 0.0000E+00 0.0000E+00 0.0000E+00 0.0000E+00 0.0000E+00 0.0000E+00 1.3021E-12 8.3054E-12 2.4983E-11 4.8581E-11 7.9882E-11 1.1756E-10 1.6130E-10 2.1048E-10 2.6893E-10 3.4166E-10 4.2988E-10 5.3413E-10 6.5653E-10 7.9861E-10 9.6007E-10 1.1431E-09 1.3493E-09 1.5803E-09 1.8363E-09 2.1171E-09 2.4222E-09 2.7526E-09 3.1069E-09 3.4811E-09 3.8712E-09 4.2752E-09 4.6882E-09 5.1043E-09 5.5196E-09 5.9289E-09 6.3267E-09 6.7080E-09 7.0682E-09 7.4023E-09
0.0000E+00 0.0000E+00 0.0000E+00 0.0000E+00 0.0000E+00 0.0000E+00 0.0000E+00 0.0000E+00 0.0000E+00 0.0000E+00 0.0000E+00 0.0000E+00 0.0000E+00 0.0000E+00 0.0000E+00 0.0000E+00 0.0000E+00 0.0000E+00 0.0000E+00 0.0000E+00 0.0000E+00 0.0000E+00 0.0000E+00 1.5256E-12 9.6557E-12 2.8131E-11 5.3486E-11 8.5878E-11 1.2408E-10 1.6845E-10 2.1872E-10 2.7930E-10 3.5480E-10 4.4597E-10 5.5426E-10 6.8163E-10 8.2868E-10 9.9720E-10 1.1889E-09 1.4046E-09 1.6450E-09 1.9106E-09 2.2033E-09 2.5234E-09 2.8681E-09 3.2340E-09 3.6193E-09 4.0221E-09 4.4399E-09 4.8684E-09 5.2997E-09 5.7265E-09 6.1444E-09 6.5485E-09 6.9338E-09 7.2955E-09 7.6293E-09
0.0000E+00 0.0000E+00 0.0000E+00 0.0000E+00 0.0000E+00 0.0000E+00 0.0000E+00 0.0000E+00 0.0000E+00 0.0000E+00 0.0000E+00 0.0000E+00 0.0000E+00 0.0000E+00 0.0000E+00 0.0000E+00 0.0000E+00 0.0000E+00 0.0000E+00 0.0000E+00 0.0000E+00 0.0000E+00 0.0000E+00 1.8484E-12 1.1656E-11 3.1278E-11 5.6526E-11 9.0426E-11 1.3021E-10 1.7548E-10 2.2713E-10 2.8980E-10 3.6715E-10 4.6125E-10 5.7313E-10 7.0440E-10 8.5706E-10 1.0328E-09 1.2321E-09 1.4560E-09 1.7061E-09 1.9838E-09 2.2891E-09 2.6203E-09 2.9760E-09 3.3546E-09 3.7555E-09 4.1747E-09 4.6066E-09 5.0458E-09 5.4880E-09 5.9261E-09 6.3540E-09 6.7666E-09 7.1583E-09 7.5227E-09 7.8552E-09
0.0000E+00 0.0000E+00 0.0000E+00 0.0000E+00 0.0000E+00 0.0000E+00 0.0000E+00 0.0000E+00 0.0000E+00 0.0000E+00 0.0000E+00 0.0000E+00 0.0000E+00 0.0000E+00 0.0000E+00 0.0000E+00 0.0000E+00 0.0000E+00 0.0000E+00 0.0000E+00 0.0000E+00 0.0000E+00 0.0000E+00 2.1462E-12 1.3188E-11 3.4070E-11 5.9678E-11 9.4328E-11 1.3514E-10 1.8165E-10 2.3524E-10 2.9997E-10 3.7977E-10 4.7682E-10 5.9108E-10 7.2609E-10 8.8434E-10 1.0657E-09 1.2720E-09 1.5050E-09 1.7655E-09 2.0535E-09 2.3689E-09 2.7108E-09 3.0809E-09 3.4766E-09 3.8913E-09 4.3215E-09 4.7636E-09 5.2142E-09 5.6687E-09 6.1207E-09 6.5610E-09 6.9816E-09 7.3779E-09 7.7446E-09 8.0764E-09
0.0000E+00 0.0000E+00 0.0000E+00 0.0000E+00 0.0000E+00 0.0000E+00 0.0000E+00 0.0000E+00 0.0000E+00 0.0000E+00 0.0000E+00 0.0000E+00 0.0000E+00 0.0000E+00 0.0000E+00 0.0000E+00 0.0000E+00 0.0000E+00 0.0000E+00 0.0000E+00 0.0000E+00 0.0000E+00 0.0000E+00 2.6464E-12 1.4741E-11 3.5405E-11 6.1562E-11 9.7379E-11 1.3939E-10 1.8699E-10 2.4272E-10 3.0979E-10 3.9173E-10 4.9077E-10 6.0862E-10 7.4748E-10 9.0949E-10 1.0962E-09 1.3101E-09 1.5515E-09 1.8206E-09 2.1179E-09 2.4449E-09 2.8016E-09 3.1842E-09 3.5902E-09 4.0169E-09 4.4603E-09 4.9189E-09 5.3856E-09 5.8525E-09 6.3128E-09 6.7623E-09 7.1915E-09 7.5931E-09 7.9621E-09 8.2931E-09
0.0000E+00 0.0000E+00 0.0000E+00 0.0000E+00 0.0000E+00 0.0000E+00 0.0000E+00 0.0000E+00 0.0000E+00 0.0000E+00 0.0000E+00 0.0000E+00 0.0000E+00 0.0000E+00 0.0000E+00 0.0000E+00 0.0000E+00 0.0000E+00 0.0000E+00 0.0000E+00 0.0000E+00 0.0000E+00 0.0000E+00 3.0979E-12 1.5997E-11 3.6886E-11 6.3010E-11 9.9597E-11 1.4255E-10 1.9129E-10 2.4906E-10 3.1890E-10 4.0282E-10 5.0433E-10 6.2518E-10 7.6685E-10 9.3338E-10 1.1264E-09 1.3460E-09 1.5939E-09 1.8717E-09 2.1803E-09 2.5189E-09 2.8857E-09 3.2793E-09 3.6973E-09 4.1419E-09 4.6056E-09 5.0768E-09 5.5541E-09 6.0320E-09 6.5039E-09 6.9604E-09 7.3961E-09 7.8029E-09 8.1737E-09 8.5036E-09
0.0000E+00 0.0000E+00 0.0000E+00 0.0000E+00 0.0000E+00 0.0000E+00 0.0000E+00 0.0000E+00 0.0000E+00 0.0000E+00 0.0000E+00 0.0000E+00 0.0000E+00 0.0000E+00 0.0000E+00 0.0000E+00 0.0000E+00 0.0000E+00 0.0000E+00 0.0000E+00 0.0000E+00 0.0000E+00 0.0000E+00 3.4445E-12 1.6722E-11 3.7573E-11 6.3985E-11 1.0113E-10 1.4496E-10 1.9458E-10 2.5454E-10 3.2661E-10 4.1275E-10 5.1698E-10 6.4039E-10 7.8584E-10 9.5664E-10 1.1544E-09 1.3796E-09 1.6358E-09 1.9221E-09 2.2398E-09 2.5864E-09 2.9651E-09 3.3741E-09 3.8119E-09 4.2670E-09 4.7423E-09 5.2309E-09 5.7216E-09 6.2101E-09 6.6901E-09 7.1562E-09 7.5975E-09 8.0073E-09 8.3806E-09 8.7079E-09
0.0000E+00 0.0000E+00 0.0000E+00 0.0000E+00 0.0000E+00 0.0000E+00 0.0000E+00 0.0000E+00 0.0000E+00 0.0000E+00 0.0000E+00 0.0000E+00 0.0000E+00 0.0000E+00 0.0000E+00 0.0000E+00 0.0000E+00 0.0000E+00 0.0000E+00 0.0000E+00 0.0000E+00 0.0000E+00 0.0000E+00 3.5766E-12 1.7095E-11 3.7674E-11 6.4537E-11 1.0213E-10 1.4653E-10 1.9713E-10 2.5874E-10 3.3295E-10 4.2139E-10 5.2752E-10 6.5397E-10 8.0323E-10 9.7797E-10 1.1799E-09 1.4126E-09 1.6745E-09 1.9686E-09 2.2941E-09 2.6542E-09 3.0466E-09 3.4684E-09 3.9196E-09 4.3936E-09 4.8804E-09 5.3802E-09 5.8862E-09 6.3874E-09 6.8768E-09 7.3472E-09 7.7942E-09 8.2082E-09 8.5815E-09 8.9090E-09
0.0000E+00 0.0000E+00 0.0000E+00 0.0000E+00 0.0000E+00 0.0000E+00 0.0000E+00 0.0000E+00 0.0000E+00 0.0000E+00 0.0000E+00 0.0000E+00 0.0000E+00 0.0000E+00 0.0000E+00 0.0000E+00 0.0000E+00 0.0000E+00 0.0000E+00 0.0000E+00 0.0000E+00 0.0000E+00 0.0000E+00 3.1303E-12 1.6739E-11 3.7524E-11 6.4496E-11 1.0211E-10 1.4723E-10 1.9859E-10 2.6173E-10 3.3763E-10 4.2835E-10 5.3663E-10 6.6599E-10 8.1785E-10 9.9597E-10 1.2038E-09 1.4414E-09 1.7103E-09 2.0129E-09 2.3503E-09 2.7221E-09 3.1288E-09 3.5653E-09 4.0260E-09 4.5120E-09 5.0169E-09 5.5301E-09 6.0475E-09 6.5621E-09 7.0638E-09 7.5431E-09 7.9932E-09 8.4059E-09 8.7789E-09 9.1009E-09
0.0000E+00 0.0000E+00 0.0000E+00 0.0000E+00 0.0000E+00 0.0000E+00 0.0000E+00 0.0000E+00 0.0000E+00 0.0000E+00 0.0000E+00 0.0000E+00 0.0000E+00 0.0000E+00 0.0000E+00 0.0000E+00 0.0000E+00 0.0000E+00 0.0000E+00 0.0000E+00 0.0000E+00 0.0000E+00 0.0000E+00 2.7421E-12 1.6071E-11 3.6459E-11 6.4078E-11 1.0155E-10 1.4706E-10 1.9872E-10 2.6315E-10 3.4091E-10 4.3347E-10 5.4409E-10 6.7547E-10 8.3028E-10 1.0124E-09 1.2237E-09 1.4668E-09 1.7446E-09 2.0577E-09 2.4073E-09 2.7930E-09 3.2095E-09 3.6591E-09 4.1365E-09 4.6330E-09 5.1495E-09 5.6782E-09 6.2085E-09 6.7334E-09 7.2449E-09 7.7332E-09 8.1893E-09 8.6060E-09 8.9766E-09 9.2966E-09
0.0000E+00 0.0000E+00 0.0000E+00 0.0000E+00 0.0000E+00 0.0000E+00 0.0000E+00 0.0000E+00 0.0000E+00 0.0000E+00 0.0000E+00 0.0000E+00 0.0000E+00 0.0000E+00 0.0000E+00 0.0000E+00 0.0000E+00 0.0000E+00 0.0000E+00 0.0000E+00 0.0000E+00 0.0000E+00 0.0000E+00 2.5566E-12 1.5038E-11 3.5102E-11 6.2396E-11 1.0007E-10 1.4569E-10 1.9798E-10 2.6318E-10 3.4196E-10 4.3664E-10 5.4965E-10 6.8299E-10 8.4078E-10 1.0254E-09 1.2407E-09 1.4909E-09 1.7777E-09 2.1023E-09 2.4642E-09 2.8626E-09 3.2935E-09 3.7530E-09 4.2429E-09 4.7575E-09 5.2862E-09 5.8269E-09 6.3709E-09 6.9084E-09 7.4305E-09 7.9267E-09 8.3887E-09 8.8046E-09 9.1736E-09 9.4852E-09
0.0000E+00 0.0000E+00 0.0000E+00 0.0000E+00 0.0000E+00 0.0000E+00 0.0000E+00 0.0000E+00 0.0000E+00 0.0000E+00 0.0000E+00 0.0000E+00 0.0000E+00 0.0000E+00 0.0000E+00 0.0000E+00 0.0000E+00 0.0000E+00 0.0000E+00 0.0000E+00 0.0000E+00 0.0000E+00 0.0000E+00 2.3787E-12 1.3473E-11 3.3271E-11 6.0338E-11 9.7312E-11 1.4329E-10 1.9606E-10 2.6189E-10 3.4181E-10 4.3770E-10 5.5227E-10 6.8825E-10 8.4825E-10 1.0354E-09 1.2570E-09 1.5148E-09 1.8113E-09 2.1478E-09 2.5220E-09 2.9308E-09 3.3764E-09 3.8534E-09 4.3549E-09 4.8820E-09 5.4274E-09 5.9809E-09 6.5355E-09 7.0834E-09 7.6152E-09 8.1202E-09 8.5866E-09 9.0087E-09 9.3756E-09 9.6824E-09
0.0000E+00 0.0000E+00 0.0000E+00 0.0000E+00 0.0000E+00 0.0000E+00 0.0000E+00 0.0000E+00 0.0000E+00 0.0000E+00 0.0000E+00 0.0000E+00 0.0000E+00 0.0000E+00 0.0000E+00 0.0000E+00 0.0000E+00 0.0000E+00 0.0000E+00 0.0000E+00 0.0000E+00 0.0000E+00 0.0000E+00 2.1379E-12 1.1232E-11 3.1226E-11 5.7716E-11 9.3748E-11 1.3982E-10 1.9361E-10 2.5905E-10 3.3948E-10 4.3652E-10 5.5288E-10 6.9073E-10 8.5220E-10 1.0453E-09 1.2732E-09 1.5395E-09 1.8463E-09 2.1941E-09 2.5804E-09 3.0027E-09 3.4594E-09 3.9518E-09 4.4741E-09 5.0156E-09 5.5751E-09 6.1447E-09 6.7127E-09 7.2716E-09 7.8095E-09 8.3195E-09 8.7892E-09 9.2101E-09 9.5763E-09 9.8809E-09
0.0000E+00 0.0000E+00 0.0000E+00 0.0000E+00 0.0000E+00 0.0000E+00 0.0000E+00 0.0000E+00 0.0000E+00 0.0000E+00 0.0000E+00 0.0000E+00 0.0000E+00 0.0000E+00 0.0000E+00 0.0000E+00 0.0000E+00 0.0000E+00 0.0000E+00 0.0000E+00 0.0000E+00 0.0000E+00 0.0000E+00 1.8152E-12 8.8882E-12 2.7820E-11 5.4411E-11 9.0206E-11 1.3555E-10 1.9003E-10 2.5488E-10 3.3547E-10 4.3341E-10 5.5092E-10 6.8994E-10 8.5549E-10 1.0551E-09 1.2907E-09 1.5654E-09 1.8840E-09 2.2423E-09 2.6398E-09 3.0771E-09 3.5518E-09 4.0569E-09 4.5953E-09 5.1571E-09 5.7339E-09 6.3159E-09 6.8984E-09 7.4670E-09 8.0156E-09 8.5299E-09 9.0041E-09 9.4317E-09 9.8063E-09 1.0104E-08
0.0000E+00 0.0000E+00 0.0000E+00 0.0000E+00 0.0000E+00 0.0000E+00 0.0000E+00 0.0000E+00 0.0000E+00 0.0000E+00 0.0000E+00 0.0000E+00 0.0000E+00 0.0000E+00 0.0000E+00 0.0000E+00 0.0000E+00 0.0000E+00 0.0000E+00 0.0000E+00 0.0000E+00 0.0000E+00 0.0000E+00 1.5225E-12 7.2015E-12 2.4742E-11 5.0384E-11 8.5725E-11 1.3083E-10 1.8572E-10 2.4969E-10 3.2966E-10 4.2815E-10 5.4610E-10 6.8704E-10 8.5914E-10 1.0661E-09 1.3098E-09 1.5941E-09 1.9239E-09 2.2939E-09 2.7045E-09 3.1534E-09 3.6460E-09 4.1740E-09 4.7282E-09 5.3053E-09 5.8983E-09 6.4981E-09 7.0941E-09 7.6763E-09 8.2380E-09 8.7677E-09 9.2570E-09 9.6896E-09 1.0050E-08 1.0340E-08
0.0000E+00 0.0000E+00 0.0000E+00 0.0000E+00 0.0000E+00 0.0000E+00 0.0000E+00 0.0000E+00 0.0000E+00 0.0000E+00 0.0000E+00 0.0000E+00 0.0000E+00 0.0000E+00 0.0000E+00 0.0000E+00 0.0000E+00 0.0000E+00 0.0000E+00 0.0000E+00 0.0000E+00 0.0000E+00 0.0000E+00 1.1636E-12 6.0765E-12 2.1028E-11 4.5958E-11 8.0639E-11 1.2521E-10 1.8025E-10 2.4372E-10 3.2273E-10 4.2049E-10 5.3805E-10 6.8345E-10 8.6287E-10 1.0776E-09 1.3303E-09 1.6275E-09 1.9664E-09 2.3476E-09 2.7743E-09 3.2420E-09 3.7469E-09 4.2887E-09 4.8621E-09 5.4598E-09 6.0723E-09 6.6961E-09 7.3190E-09 7.9331E-09 8.5234E-09 9.0763E-09 9.5692E-09 9.9965E-09 1.0351E-08 1.0626E-08
0.0000E+00 0.0000E+00 0.0000E+00 0.0000E+00 0.0000E+00 0.0000E+00 0.0000E+00 0.0000E+00 0.0000E+00 0.0000E+00 0.0000E+00 0.0000E+00 0.0000E+00 0.0000E+00 0.0000E+00 0.0000E+00 0.0000E+00 0.0000E+00 0.0000E+00 0.0000E+00 0.0000E+00 0.0000E+00 0.0000E+00 8.6266E-13 4.9697E-12 1.6435E-11 4.0985E-11 7.3885E-11 1.1765E-10 1.7209E-10 2.3560E-10 3.1324E-10 4.0936E-10 5.2760E-10 6.7960E-10 8.6636E-10 1.0906E-09 1.3554E-09 1.6644E-09 2.0157E-09 2.4087E-09 2.8454E-09 3.3262E-09 3.8500E-09 4.4121E-09 5.0071E-09 5.6269E-09 6.2704E-09 6.9301E-09 7.5872E-09 8.2348E-09 8.8439E-09 9.3972E-09 9.8986E-09 1.0324E-08 1.0668E-08 1.0927E-08
0.0000E+00 0.0000E+00 0.0000E+00 0.0000E+00 0.0000E+00 0.0000E+00 0.0000E+00 0.0000E+00 0.0000E+00 0.0000E+00 0.0000E+00 0.0000E+00 0.0000E+00 0.0000E+00 0.0000E+00 0.0000E+00 0.0000E+00 0.0000E+00 0.0000E+00 0.0000E+00 0.0000E+00 0.0000E+00 0.0000E+00 5.5953E-13 3.8414E-12 1.2580E-11 3.5133E-11 6.7149E-11 1.0894E-10 1.6247E-10 2.2653E-10 3.0218E-10 3.9568E-10 5.1780E-10 6.7650E-10 8.7198E-10 1.1057E-09 1.3832E-09 1.7034E-09 2.0623E-09 2.4659E-09 2.9170E-09 3.4181E-09 3.9657E-09 4.5622E-09 5.1902E-09 5.8603E-09 6.5502E-09 7.2622E-09 7.9594E-09 8.6213E-09 9.2385E-09 9.7988E-09 1.0298E-08 1.0713E-08 1.1038E-08 1.1274E-08
0.0000E+00 0.0000E+00 0.0000E+00 0.0000E+00 0.0000E+00 0.0000E+00 0.0000E+00 0.0000E+00 0.0000E+00 0.0000E+00 0.0000E+00 0.0000E+00 0.0000E+00 0.0000E+00 0.0000E+00 0.0000E+00 0.0000E+00 0.0000E+00 0.0000E+00 0.0000E+00 0.0000E+00 0.0000E+00 0.0000E+00 3.1081E-13 2.8035E-12 9.5507E-12 2.8514E-11 5.9645E-11 1.0040E-10 1.5191E-10 2.1550E-10 2.8936E-10 3.8308E-10 5.1064E-10 6.7570E-10 8.7975E-10 1.1249E-09 1.4113E-09 1.7381E-09 2.1076E-09 2.5299E-09 3.0107E-09 3.5490E-09 4.1358E-09 4.7756E-09 5.4664E-09 6.1987E-09 6.9305E-09 7.6648E-09 8.3819E-09 9.0587E-09 9.6895E-09 1.0257E-08 1.0745E-08 1.1148E-08 1.1453E-08 1.1668E-08
