Assets/Resources/2015_m01_d10_1800(utc+0800)_l00_csi_1hr_conc.grd
DSAA
         159         159
     -79.000      79.000
     -79.000      79.000
  0.2033E-10  0.3539E-05
[rows 25 to 49 of 159, columns 0 to 56 of 159]
3.4574E-11 3.5470E-11 3.6384E-11 3.7314E-11 3.8262E-11 3.9228E-11 4.0211E-11 4.1212E-11 4.2231E-11 4.3268E-11 4.4323E-11 4.5396E-11 4.6487E-11 4.7597E-11 4.8725E-11 4.9871E-11 5.1035E-11 5.2218E-11 5.3420E-11 5.4640E-11 5.6522E-11 5.8661E-11 6.0851E-11 6.3305E-11 6.6346E-11 6.9587E-11 7.2710E-11 7.6119E-11 7.9564E-11 8.3237E-11 8.7046E-11 9.0420E-11 9.4437E-11 9.8161E-11 1.0189E-10 1.0543E-10 1.0858E-10 1.1196E-10 1.1635E-10 1.2268E-10 1.2936E-10 1.3611E-10 1.4288E-10 1.5010E-10 1.5738E-10 1.6252E-10 1.6837E-10 1.7344E-10 1.7867E-10 1.8402E-10 1.8952E-10 1.9514E-10 2.0091E-10 2.0684E-10 2.1291E-10 2.1912E-10 2.2547E-10
3.5239E-11 3.6153E-11 3.7084E-11 3.8032E-11 3.8999E-11 3.9983E-11 4.0985E-11 4.2006E-11 4.3044E-11 4.4101E-11 4.5176E-11 4.6270E-11 4.7382E-11 4.8513E-11 4.9663E-11 5.0831E-11 5.2018E-11 5.3224E-11 5.4448E-11 5.6327E-11 5.8461E-11 6.0646E-11 6.3093E-11 6.6124E-11 6.9356E-11 7.2472E-11 7.5676E-11 7.8969E-11 8.2546E-11 8.6310E-11 8.9939E-11 9.4054E-11 9.7934E-11 1.0167E-10 1.0514E-10 1.0840E-10 1.1179E-10 1.1602E-10 1.2218E-10 1.2847E-10 1.3445E-10 1.4237E-10 1.4990E-10 1.5680E-10 1.6236E-10 1.6823E-10 1.7334E-10 1.7860E-10 1.8400E-10 1.8954E-10 1.9521E-10 2.0103E-10 2.0701E-10 2.1314E-10 2.1942E-10 2.2584E-10 2.3241E-10
3.5911E-11 3.6842E-11 3.7791E-11 3.8757E-11 3.9742E-11 4.0745E-11 4.1767E-11 4.2807E-11 4.3865E-11 4.4942E-11 4.6038E-11 4.7153E-11 4.8286E-11 4.9439E-11 5.0610E-11 5.1801E-11 5.3010E-11 5.4239E-11 5.6114E-11 5.8241E-11 6.0420E-11 6.2860E-11 6.5879E-11 6.8592E-11 7.1706E-11 7.5106E-11 7.8398E-11 8.2267E-11 8.5946E-11 8.9275E-11 9.3691E-11 9.7582E-11 1.0141E-10 1.0474E-10 1.0816E-10 1.1157E-10 1.1546E-10 1.2129E-10 1.2752E-10 1.3366E-10 1.4157E-10 1.4902E-10 1.5615E-10 1.6188E-10 1.6801E-10 1.7314E-10 1.7844E-10 1.8388E-10 1.8946E-10 1.9517E-10 2.0104E-10 2.0707E-10 2.1325E-10 2.1959E-10 2.2607E-10 2.3271E-10 2.3954E-10
3.6589E-11 3.7538E-11 3.8505E-11 3.9490E-11 4.0493E-11 4.1515E-11 4.2556E-11 4.3616E-11 4.4694E-11 4.5792E-11 4.6908E-11 4.8044E-11 4.9199E-11 5.0373E-11 5.1567E-11 5.2780E-11 5.4013E-11 5.5265E-11 5.7184E-11 5.9365E-11 6.1600E-11 6.4615E-11 6.7713E-11 7.1019E-11 7.4216E-11 7.7410E-11 8.1186E-11 8.5002E-11 8.8681E-11 9.3378E-11 9.7272E-11 1.0087E-10 1.0445E-10 1.0788E-10 1.1130E-10 1.1450E-10 1.1994E-10 1.2706E-10 1.3302E-10 1.4039E-10 1.4837E-10 1.5506E-10 1.6155E-10 1.6747E-10 1.7264E-10 1.7818E-10 1.8365E-10 1.8927E-10 1.9502E-10 2.0093E-10 2.0701E-10 2.1324E-10 2.1963E-10 2.2617E-10 2.3287E-10 2.3951E-10 2.4657E-10
3.7274E-11 3.8241E-11 3.9226E-11 4.0229E-11 4.1252E-11 4.2293E-11 4.3353E-11 4.4432E-11 4.5531E-11 4.6649E-11 4.7787E-11 4.8944E-11 5.0121E-11 5.1317E-11 5.2533E-11 5.3769E-11 5.5025E-11 5.6938E-11 5.9111E-11 6.1338E-11 6.3832E-11 6.6921E-11 7.0218E-11 7.3605E-11 7.6884E-11 8.0410E-11 8.4463E-11 8.8335E-11 9.2793E-11 9.6683E-11 1.0053E-10 1.0411E-10 1.0755E-10 1.1083E-10 1.1410E-10 1.1913E-10 1.2529E-10 1.3180E-10 1.3967E-10 1.4704E-10 1.5463E-10 1.6113E-10 1.6707E-10 1.7226E-10 1.7759E-10 1.8309E-10 1.8874E-10 1.9454E-10 2.0048E-10 2.0658E-10 2.1286E-10 2.1930E-10 2.2590E-10 2.3267E-10 2.3960E-10 2.4672E-10 2.5401E-10
3.7966E-11 3.8950E-11 3.9953E-11 4.0975E-11 4.2017E-11 4.3077E-11 4.4157E-11 4.5257E-11 4.6376E-11 4.7515E-11 4.8674E-11 4.9852E-11 5.1051E-11 5.2269E-11 5.3508E-11 5.4767E-11 5.6674E-11 5.8837E-11 6.1055E-11 6.3539E-11 6.6611E-11 6.9891E-11 7.3063E-11 7.6530E-11 8.0044E-11 8.4001E-11 8.7869E-11 9.2406E-11 9.6151E-11 1.0014E-10 1.0358E-10 1.0703E-10 1.1037E-10 1.1375E-10 1.1833E-10 1.2441E-10 1.3067E-10 1.3775E-10 1.4587E-10 1.5353E-10 1.6040E-10 1.6604E-10 1.7179E-10 1.7714E-10 1.8267E-10 1.8834E-10 1.9417E-10 2.0015E-10 2.0629E-10 2.1261E-10 2.1909E-10 2.2574E-10 2.3256E-10 2.3954E-10 2.4673E-10 2.5409E-10 2.6162E-10
3.8663E-11 3.9666E-11 4.0688E-11 4.1729E-11 4.2789E-11 4.3869E-11 4.4969E-11 4.6089E-11 4.7229E-11 4.8389E-11 4.9569E-11 5.0769E-11 5.1989E-11 5.3231E-11 5.4492E-11 5.5774E-11 5.7726E-11 6.0753E-11 6.3224E-11 6.6278E-11 6.9034E-11 7.2196E-11 7.5653E-11 7.9160E-11 8.2961E-11 8.7307E-11 9.1837E-11 9.5725E-11 9.9567E-11 1.0306E-10 1.0651E-10 1.0996E-10 1.1325E-10 1.1701E-10 1.2290E-10 1.2917E-10 1.3640E-10 1.4448E-10 1.5193E-10 1.5945E-10 1.6525E-10 1.7101E-10 1.7639E-10 1.8215E-10 1.8785E-10 1.9370E-10 1.9971E-10 2.0588E-10 2.1223E-10 2.1876E-10 2.2545E-10 2.3231E-10 2.3935E-10 2.4659E-10 2.5401E-10 2.6161E-10 2.6939E-10
3.9367E-11 4.0388E-11 4.1428E-11 4.2488E-11 4.3568E-11 4.4668E-11 4.5788E-11 4.6928E-11 4.8089E-11 4.9270E-11 5.0471E-11 5.1694E-11 5.2937E-11 5.4200E-11 5.5485E-11 5.7428E-11 5.9632E-11 6.1894E-11 6.4632E-11 6.7765E-11 7.1413E-11 7.4855E-11 7.8395E-11 8.2334E-11 8.6860E-11 9.0900E-11 9.5114E-11 9.8403E-11 1.0245E-10 1.0587E-10 1.0941E-10 1.1280E-10 1.1656E-10 1.2140E-10 1.2779E-10 1.3421E-10 1.4265E-10 1.5062E-10 1.5865E-10 1.6460E-10 1.7036E-10 1.7575E-10 1.8129E-10 1.8701E-10 1.9289E-10 1.9893E-10 2.0513E-10 2.1150E-10 2.1806E-10 2.2479E-10 2.3170E-10 2.3901E-10 2.4605E-10 2.5352E-10 2.6119E-10 2.6904E-10 2.7735E-10
4.0077E-11 4.1116E-11 4.2175E-11 4.3255E-11 4.4354E-11 4.5474E-11 4.6614E-11 4.7775E-11 4.8956E-11 5.0159E-11 5.1382E-11 5.2626E-11 5.3892E-11 5.5178E-11 5.7112E-11 5.9304E-11 6.1555E-11 6.4074E-11 6.7188E-11 7.0517E-11 7.3945E-11 7.7470E-11 8.1874E-11 8.6231E-11 8.9587E-11 9.3821E-11 9.7814E-11 1.0176E-10 1.0536E-10 1.0876E-10 1.1221E-10 1.1569E-10 1.2017E-10 1.2675E-10 1.3275E-10 1.4093E-10 1.4923E-10 1.5709E-10 1.6326E-10 1.6941E-10 1.7503E-10 1.8058E-10 1.8632E-10 1.9221E-10 1.9827E-10 2.0450E-10 2.1089E-10 2.1748E-10 2.2424E-10 2.3118E-10 2.3831E-10 2.4562E-10 2.5314E-10 2.6086E-10 2.6877E-10 2.7687E-10 2.8546E-10
4.0793E-11 4.1851E-11 4.2929E-11 4.4027E-11 4.5146E-11 4.6286E-11 4.7447E-11 4.8628E-11 4.9831E-11 5.1055E-11 5.2300E-11 5.3567E-11 5.4855E-11 5.6164E-11 5.8142E-11 6.0385E-11 6.3494E-11 6.6791E-11 6.9791E-11 7.2999E-11 7.6509E-11 8.0075E-11 8.4480E-11 8.8425E-11 9.3053E-11 9.7126E-11 1.0090E-10 1.0458E-10 1.0812E-10 1.1167E-10 1.1515E-10 1.1962E-10 1.2545E-10 1.3140E-10 1.3975E-10 1.4723E-10 1.5540E-10 1.6245E-10 1.6859E-10 1.7400E-10 1.7956E-10 1.8529E-10 1.9143E-10 1.9751E-10 2.0375E-10 2.1016E-10 2.1678E-10 2.2357E-10 2.3054E-10 2.3770E-10 2.4505E-10 2.5262E-10 2.6038E-10 2.6834E-10 2.7650E-10 2.8514E-10 2.9375E-10
4.1515E-11 4.2591E-11 4.3688E-11 4.4806E-11 4.5945E-11 4.7105E-11 4.8286E-11 4.9489E-11 5.0713E-11 5.1959E-11 5.3226E-11 5.4515E-11 5.5826E-11 5.7792E-11 6.0022E-11 6.2312E-11 6.5386E-11 6.8553E-11 7.1941E-11 7.5433E-11 7.9027E-11 8.3272E-11 8.7647E-11 9.2259E-11 9.6232E-11 1.0031E-10 1.0399E-10 1.0739E-10 1.1093E-10 1.1433E-10 1.1819E-10 1.2325E-10 1.2954E-10 1.3669E-10 1.4522E-10 1.5350E-10 1.6133E-10 1.6716E-10 1.7310E-10 1.7867E-10 1.8440E-10 1.9032E-10 1.9641E-10 2.0267E-10 2.0910E-10 2.1571E-10 2.2253E-10 2.2953E-10 2.3696E-10 2.4434E-10 2.5169E-10 2.5949E-10 2.6750E-10 2.7571E-10 2.8465E-10 2.9332E-10 3.0221E-10
4.2242E-11 4.3337E-11 4.4454E-11 4.5591E-11 4.6750E-11 4.7931E-11 4.9133E-11 5.0356E-11 5.1602E-11 5.2869E-11 5.4159E-11 5.5470E-11 5.7426E-11 5.9640E-11 6.1915E-11 6.4462E-11 6.7607E-11 7.0973E-11 7.4443E-11 7.8018E-11 8.2488E-11 8.7072E-11 9.1663E-11 9.5622E-11 9.9543E-11 1.0312E-10 1.0666E-10 1.1020E-10 1.1369E-10 1.1709E-10 1.2204E-10 1.2818E-10 1.3504E-10 1.4335E-10 1.5105E-10 1.5964E-10 1.6596E-10 1.7190E-10 1.7747E-10 1.8321E-10 1.8935E-10 1.9544E-10 2.0171E-10 2.0816E-10 2.1478E-10 2.2161E-10 2.2864E-10 2.3585E-10 2.4326E-10 2.5088E-10 2.5871E-10 2.6676E-10 2.7501E-10 2.8348E-10 2.9245E-10 3.0140E-10 3.1085E-10
4.2974E-11 4.4089E-11 4.5225E-11 4.6382E-11 4.7561E-11 4.8762E-11 4.9985E-11 5.1230E-11 5.2497E-11 5.3787E-11 5.5099E-11 5.6433E-11 5.8430E-11 6.0695E-11 6.3022E-11 6.6942E-11 7.0178E-11 7.3423E-11 7.6975E-11 8.1715E-11 8.6122E-11 9.0217E-11 9.4831E-11 9.8741E-11 1.0221E-10 1.0589E-10 1.0943E-10 1.1292E-10 1.1641E-10 1.2098E-10 1.2606E-10 1.3294E-10 1.4102E-10 1.4956E-10 1.5809E-10 1.6431E-10 1.7084E-10 1.7641E-10 1.8214E-10 1.8805E-10 1.9414E-10 2.0042E-10 2.0710E-10 2.1374E-10 2.2033E-10 2.2762E-10 2.3485E-10 2.4228E-10 2.4992E-10 2.5778E-10 2.6586E-10 2.7415E-10 2.8266E-10 2.9167E-10 3.0067E-10 3.0990E-10 3.1991E-10
4.3713E-11 4.4846E-11 4.6002E-11 4.7179E-11 4.8378E-11 4.9600E-11 5.0844E-11 5.2110E-11 5.3399E-11 5.4711E-11 5.6045E-11 5.8030E-11 6.0277E-11 6.2588E-11 6.5378E-11 6.8875E-11 7.2293E-11 7.5821E-11 7.9692E-11 8.4036E-11 8.8436E-11 9.3124E-11 9.7264E-11 1.0128E-10 1.0495E-10 1.0857E-10 1.1211E-10 1.1568E-10 1.1949E-10 1.2437E-10 1.3058E-10 1.3782E-10 1.4669E-10 1.5527E-10 1.6298E-10 1.6932E-10 1.7504E-10 1.8099E-10 1.8689E-10 1.9298E-10 1.9926E-10 2.0571E-10 2.1236E-10 2.1919E-10 2.2624E-10 2.3348E-10 2.4093E-10 2.4859E-10 2.5646E-10 2.6456E-10 2.7288E-10 2.8143E-10 2.9071E-10 2.9975E-10 3.0903E-10 3.1882E-10 3.2888E-10
4.4456E-11 4.5609E-11 4.6784E-11 4.7981E-11 4.9201E-11 5.0443E-11 5.1708E-11 5.2996E-11 5.4307E-11 5.5641E-11 5.6999E-11 5.9025E-11 6.2135E-11 6.4699E-11 6.7865E-11 7.1255E-11 7.4756E-11 7.8560E-11 8.2973E-11 8.7617E-11 9.2278E-11 9.6224E-11 1.0022E-10 1.0396E-10 1.0758E-10 1.1120E-10 1.1477E-10 1.1871E-10 1.2320E-10 1.2891E-10 1.3596E-10 1.4474E-10 1.5315E-10 1.6165E-10 1.6773E-10 1.7382E-10 1.7954E-10 1.8543E-10 1.9149E-10 1.9776E-10 2.0445E-10 2.1109E-10 2.1793E-10 2.2498E-10 2.3223E-10 2.3969E-10 2.4736E-10 2.5525E-10 2.6337E-10 2.7171E-10 2.8029E-10 2.8909E-10 2.9841E-10 3.0772E-10 3.1756E-10 3.2791E-10 3.3829E-10
4.5204E-11 4.6376E-11 4.7571E-11 4.8789E-11 5.0029E-11 5.1293E-11 5.2579E-11 5.3889E-11 5.5222E-11 5.6578E-11 5.8590E-11 6.0868E-11 6.3211E-11 6.6350E-11 6.9990E-11 7.3461E-11 7.7245E-11 8.1929E-11 8.6683E-11 9.1317E-11 9.5327E-11 9.9305E-11 1.0294E-10 1.0669E-10 1.1030E-10 1.1386E-10 1.1743E-10 1.2199E-10 1.2698E-10 1.3309E-10 1.4143E-10 1.5072E-10 1.5967E-10 1.6601E-10 1.7229E-10 1.7799E-10 1.8410E-10 1.9015E-10 1.9641E-10 2.0286E-10 2.0950E-10 2.1633E-10 2.2337E-10 2.3062E-10 2.3809E-10 2.4600E-10 2.5390E-10 2.6178E-10 2.7014E-10 2.7898E-10 2.8781E-10 2.9715E-10 3.0650E-10 3.1609E-10 3.2623E-10 3.3690E-10 3.4760E-10
4.5957E-11 4.7149E-11 4.8364E-11 4.9602E-11 5.0863E-11 5.2147E-11 5.3455E-11 5.4787E-11 5.6142E-11 5.7521E-11 6.0396E-11 6.2720E-11 6.5320E-11 6.8730E-11 7.2466E-11 7.6018E-11 8.0659E-11 8.5281E-11 8.9893E-11 9.4396E-11 9.8354E-11 1.0202E-10 1.0576E-10 1.0936E-10 1.1292E-10 1.1647E-10 1.2036E-10 1.2532E-10 1.3127E-10 1.3927E-10 1.4818E-10 1.5674E-10 1.6430E-10 1.7091E-10 1.7660E-10 1.8247E-10 1.8851E-10 1.9473E-10 2.0141E-10 2.0803E-10 2.1486E-10 2.2189E-10 2.2914E-10 2.3660E-10 2.4428E-10 2.5218E-10 2.6030E-10 2.6867E-10 2.7728E-10 2.8613E-10 2.9522E-10 3.0483E-10 3.1472E-10 3.2488E-10 3.3532E-10 3.4606E-10 3.5709E-10
4.6715E-11 4.7926E-11 4.9161E-11 5.0420E-11 5.1702E-11 5.3007E-11 5.4337E-11 5.5690E-11 5.7068E-11 5.9105E-11 6.1411E-11 6.3784E-11 6.7758E-11 7.0852E-11 7.4577E-11 7.8512E-11 8.3155E-11 8.7842E-11 9.2560E-11 9.6790E-11 1.0085E-10 1.0466E-10 1.0833E-10 1.1202E-10 1.1557E-10 1.1907E-10 1.2400E-10 1.2910E-10 1.3571E-10 1.4488E-10 1.5379E-10 1.6253E-10 1.6849E-10 1.7491E-10 1.8075E-10 1.8700E-10 1.9321E-10 1.9963E-10 2.0624E-10 2.1305E-10 2.2030E-10 2.2729E-10 2.3475E-10 2.4267E-10 2.5056E-10 2.5869E-10 2.6681E-10 2.7568E-10 2.8453E-10 2.9363E-10 3.0326E-10 3.1291E-10 3.2282E-10 3.3355E-10 3.4430E-10 3.5537E-10 3.6700E-10
4.7477E-11 4.8708E-11 4.9963E-11 5.1242E-11 5.2545E-11 5.3872E-11 5.5223E-11 5.6599E-11 5.7999E-11 6.0903E-11 6.3255E-11 6.6091E-11 6.9642E-11 7.3323E-11 7.6923E-11 8.1633E-11 8.6525E-11 9.1499E-11 9.5560E-11 9.9738E-11 1.0342E-10 1.0708E-10 1.1076E-10 1.1439E-10 1.1811E-10 1.2265E-10 1.2770E-10 1.3352E-10 1.4167E-10 1.5035E-10 1.5945E-10 1.6700E-10 1.7337E-10 1.7919E-10 1.8519E-10 1.9138E-10 1.9776E-10 2.0458E-10 2.1138E-10 2.1838E-10 2.2559E-10 2.3303E-10 2.4070E-10 2.4859E-10 2.5671E-10 2.6506E-10 2.7367E-10 2.8253E-10 2.9164E-10 3.0125E-10 3.1118E-10 3.2111E-10 3.3158E-10 3.4235E-10 3.5344E-10 3.6509E-10 3.7682E-10
4.8243E-11 4.9495E-11 5.0770E-11 5.2070E-11 5.3394E-11 5.4742E-11 5.6115E-11 5.7513E-11 5.9573E-11 6.1904E-11 6.5109E-11 6.8524E-11 7.1659E-11 7.5727E-11 8.0680E-11 8.5137E-11 8.9978E-11 9.4528E-11 9.8682E-11 1.0225E-10 1.0604E-10 1.0979E-10 1.1340E-10 1.1702E-10 1.2088E-10 1.2590E-10 1.3072E-10 1.3782E-10 1.4760E-10 1.5707E-10 1.6484E-10 1.7117E-10 1.7733E-10 1.8330E-10 1.8969E-10 1.9604E-10 2.0261E-10 2.0938E-10 2.1636E-10 2.2378E-10 2.3096E-10 2.3861E-10 2.4672E-10 2.5483E-10 2.6318E-10 2.7153E-10 2.8064E-10 2.8975E-10 2.9912E-10 3.0902E-10 3.1896E-10 3.2944E-10 3.4047E-10 3.5130E-10 3.6299E-10 3.7471E-10 3.8679E-10
4.9014E-11 5.0285E-11 5.1581E-11 5.2902E-11 5.4247E-11 5.5617E-11 5.7012E-11 5.9053E-11 6.1361E-11 6.3738E-11 6.6912E-11 7.0398E-11 7.4118E-11 7.7959E-11 8.2903E-11 8.7913E-11 9.3385E-11 9.7416E-11 1.0106E-10 1.0491E-10 1.0855E-10 1.1229E-10 1.1589E-10 1.1945E-10 1.2407E-10 1.2921E-10 1.3569E-10 1.4430E-10 1.5296E-10 1.6175E-10 1.6913E-10 1.7539E-10 1.8157E-10 1.8770E-10 1.9402E-10 2.0054E-10 2.0752E-10 2.1447E-10 2.2164E-10 2.2903E-10 2.3665E-10 2.4451E-10 2.5260E-10 2.6116E-10 2.6951E-10 2.7835E-10 2.8745E-10 2.9706E-10 3.0669E-10 3.1689E-10 3.2711E-10 3.3789E-10 3.4898E-10 3.6066E-10 3.7241E-10 3.8450E-10 3.9718E-10
4.9788E-11 5.1080E-11 5.2396E-11 5.3737E-11 5.5104E-11 5.6496E-11 5.7913E-11 5.9993E-11 6.2347E-11 6.5580E-11 6.9228E-11 7.2706E-11 7.6805E-11 8.1521E-11 8.6040E-11 9.1433E-11 9.5613E-11 9.9829E-11 1.0347E-10 1.0718E-10 1.1090E-10 1.1468E-10 1.1836E-10 1.2219E-10 1.2804E-10 1.3221E-10 1.4035E-10 1.4967E-10 1.5922E-10 1.6719E-10 1.7341E-10 1.7953E-10 1.8563E-10 1.9215E-10 1.9864E-10 2.0535E-10 2.1227E-10 2.1940E-10 2.2699E-10 2.3434E-10 2.4217E-10 2.5048E-10 2.5879E-10 2.6735E-10 2.7592E-10 2.8526E-10 2.9461E-10 3.0423E-10 3.1440E-10 3.2462E-10 3.3565E-10 3.4673E-10 3.5788E-10 3.6990E-10 3.8198E-10 3.9469E-10 4.0747E-10
5.0566E-11 5.1878E-11 5.3215E-11 5.4577E-11 5.5965E-11 5.7379E-11 5.9439E-11 6.1768E-11 6.4168E-11 6.7370E-11 7.0888E-11 7.4846E-11 7.9753E-11 8.4813E-11 8.9820E-11 9.4400E-11 9.8440E-11 1.0219E-10 1.0602E-10 1.0981E-10 1.1347E-10 1.1714E-10 1.2067E-10 1.2573E-10 1.3097E-10 1.3699E-10 1.4626E-10 1.5541E-10 1.6388E-10 1.7144E-10 1.7744E-10 1.8372E-10 1.8998E-10 1.9643E-10 2.0309E-10 2.0997E-10 2.1731E-10 2.2463E-10 2.3218E-10 2.3998E-10 2.4802E-10 2.5630E-10 2.6506E-10 2.7361E-10 2.8268E-10 2.9201E-10 3.0186E-10 3.1175E-10 3.2222E-10 3.3271E-10 3.4378E-10 3.5518E-10 3.6718E-10 3.7926E-10 3.9170E-10 4.0475E-10 4.1792E-10
5.1348E-11 5.2680E-11 5.4038E-11 5.5421E-11 5.6830E-11 5.8266E-11 6.0365E-11 6.2739E-11 6.5995E-11 6.9673E-11 7.3683E-11 7.7321E-11 8.2457E-11 8.7514E-11 9.3162E-11 9.7077E-11 1.0074E-10 1.0477E-10 1.0845E-10 1.1223E-10 1.1589E-10 1.1949E-10 1.2414E-10 1.2932E-10 1.3357E-10 1.4217E-10 1.5159E-10 1.6104E-10 1.6897E-10 1.7530E-10 1.8152E-10 1.8773E-10 1.9437E-10 2.0099E-10 2.0783E-10 2.1489E-10 2.2218E-10 2.2992E-10 2.3744E-10 2.4544E-10 2.5393E-10 2.6242E-10 2.7118E-10 2.7996E-10 2.8952E-10 2.9910E-10 3.0896E-10 3.1939E-10 3.2987E-10 3.4117E-10 3.5255E-10 3.6400E-10 3.7634E-10 3.8875E-10 4.0181E-10 4.1496E-10 4.2850E-10
5.2133E-11 5.3486E-11 5.4864E-11 5.6269E-11 5.7699E-11 5.9157E-11 6.2123E-11 6.4544E-11 6.7769E-11 7.1513E-11 7.5503E-11 8.0713E-11 8.5721E-11 9.0927E-11 9.5320E-11 9.9417E-11 1.0309E-10 1.0697E-10 1.1073E-10 1.1454E-10 1.1827E-10 1.2214E-10 1.2690E-10 1.3222E-10 1.3870E-10 1.4809E-10 1.5693E-10 1.6565E-10 1.7294E-10 1.7926E-10 1.8543E-10 1.9202E-10 1.9859E-10 2.0537E-10 2.1239E-10 2.1987E-10 2.2734E-10 2.3504E-10 2.4300E-10 2.5121E-10 2.5967E-10 2.6862E-10 2.7737E-10 2.8664E-10 2.9619E-10 3.0627E-10 3.1640E-10 3.2712E-10 3.3788E-10 3.4922E-10 3.6091E-10 3.7321E-10 3.8561E-10 3.9864E-10 4.1178E-10 4.2532E-10 4.3949E-10
