Assets/Resources/2015_m01_d30_1700(utc+0800)_l00_csi_1hr_conc.grd
DSAA
         159         159
     -79.000      79.000
     -79.000      79.000
  0.0000E+00  0.7942E-05
[rows 50 to 74 of 159, columns 57 to 113 of 159]
1.9046E-11 7.0215E-11 1.9596E-10 2.9694E-10 4.2698E-10 6.0270E-10 8.0522E-10 1.0768E-09 1.4195E-09 1.8556E-09 2.3993E-09 3.0917E-09 3.9545E-09 5.0032E-09 6.2995E-09 7.9273E-09 9.9305E-09 1.2398E-08 1.5272E-08 1.8585E-08 2.2202E-08 2.5964E-08 2.9653E-08 3.2992E-08 3.5757E-08 3.7817E-08 3.9104E-08 3.9510E-08 3.9072E-08 3.7868E-08 3.6034E-08 3.3689E-08 3.0996E-08 2.8123E-08 2.5186E-08 2.2310E-08 1.9612E-08 1.7146E-08 1.4948E-08 1.3015E-08 1.1344E-08 9.9091E-09 8.6886E-09 7.6485E-09 6.7754E-09 6.0412E-09 5.4100E-09 4.8873E-09 4.4300E-09 4.0404E-09 3.7094E-09 3.4095E-09 3.1475E-09 2.9143E-09 2.7006E-09 2.5070E-09 2.3351E-09
1.2734E-11 4.1096E-11 1.5468E-10 2.6100E-10 3.7469E-10 5.3238E-10 7.1316E-10 9.5643E-10 1.2613E-09 1.6554E-09 2.1511E-09 2.8178E-09 3.6328E-09 4.6560E-09 5.9548E-09 7.6096E-09 9.7266E-09 1.2353E-08 1.5499E-08 1.9137E-08 2.3154E-08 2.7342E-08 3.1368E-08 3.4967E-08 3.7871E-08 3.9960E-08 4.1066E-08 4.1172E-08 4.0334E-08 3.8700E-08 3.6419E-08 3.3692E-08 3.0681E-08 2.7541E-08 2.4433E-08 2.1458E-08 1.8712E-08 1.6266E-08 1.4091E-08 1.2195E-08 1.0566E-08 9.1807E-09 8.0093E-09 7.0223E-09 6.1925E-09 5.5036E-09 4.9075E-09 4.4259E-09 3.9995E-09 3.6428E-09 3.3398E-09 3.0639E-09 2.8202E-09 2.6125E-09 2.4191E-09 2.2429E-09 2.0870E-09
6.3865E-12 1.7762E-11 1.0041E-10 2.2209E-10 3.2285E-10 4.6096E-10 6.1956E-10 8.3299E-10 1.1002E-09 1.4504E-09 1.8967E-09 2.5273E-09 3.3144E-09 4.3146E-09 5.6108E-09 7.3377E-09 9.5793E-09 1.2436E-08 1.5887E-08 1.9956E-08 2.4453E-08 2.9112E-08 3.3597E-08 3.7462E-08 4.0533E-08 4.2521E-08 4.3353E-08 4.3014E-08 4.1665E-08 3.9466E-08 3.6663E-08 3.3462E-08 3.0086E-08 2.6690E-08 2.3429E-08 2.0399E-08 1.7654E-08 1.5248E-08 1.3126E-08 1.1293E-08 9.7301E-09 8.4111E-09 7.3018E-09 6.3759E-09 5.6038E-09 4.9636E-09 4.4101E-09 3.9721E-09 3.5835E-09 3.2539E-09 2.9800E-09 2.7332E-09 2.5130E-09 2.3210E-09 2.1518E-09 1.9932E-09 1.8490E-09
1.8696E-12 6.3108E-12 5.1575E-11 1.6524E-10 2.6877E-10 3.9169E-10 5.2864E-10 7.0991E-10 9.4282E-10 1.2477E-09 1.6436E-09 2.2562E-09 2.9979E-09 3.9923E-09 5.3097E-09 7.1032E-09 9.5599E-09 1.2647E-08 1.6525E-08 2.1099E-08 2.6225E-08 3.1479E-08 3.6444E-08 4.0720E-08 4.3842E-08 4.5683E-08 4.6077E-08 4.5153E-08 4.3067E-08 4.0152E-08 3.6701E-08 3.2981E-08 2.9202E-08 2.5565E-08 2.2187E-08 1.9135E-08 1.6442E-08 1.4103E-08 1.2069E-08 1.0325E-08 8.8477E-09 7.6123E-09 6.5810E-09 5.7241E-09 5.0121E-09 4.4277E-09 3.9215E-09 3.5228E-09 3.1761E-09 2.8834E-09 2.6361E-09 2.4097E-09 2.2197E-09 2.0517E-09 1.8961E-09 1.7599E-09 1.6308E-09
0.0000E+00 9.0707E-13 1.7259E-11 1.0021E-10 2.0638E-10 3.1625E-10 4.4196E-10 5.9374E-10 7.9515E-10 1.0518E-09 1.4032E-09 1.9798E-09 2.7022E-09 3.6929E-09 5.0364E-09 6.9688E-09 9.5941E-09 1.3068E-08 1.7431E-08 2.2672E-08 2.8485E-08 3.4506E-08 4.0074E-08 4.4723E-08 4.7991E-08 4.9546E-08 4.9400E-08 4.7661E-08 4.4678E-08 4.0830E-08 3.6553E-08 3.2202E-08 2.8028E-08 2.4169E-08 2.0708E-08 1.7684E-08 1.5086E-08 1.2856E-08 1.0938E-08 9.3051E-09 7.9348E-09 6.7919E-09 5.8515E-09 5.0764E-09 4.4314E-09 3.9104E-09 3.4560E-09 3.1001E-09 2.7851E-09 2.5315E-09 2.3131E-09 2.1125E-09 1.9415E-09 1.8004E-09 1.6595E-09 1.5425E-09 1.4294E-09
0.0000E+00 0.0000E+00 7.8186E-13 4.2318E-11 1.4232E-10 2.4355E-10 3.4755E-10 4.8193E-10 6.5454E-10 8.6782E-10 1.1773E-09 1.7273E-09 2.4295E-09 3.4293E-09 4.8256E-09 6.8775E-09 9.7706E-09 1.3632E-08 1.8662E-08 2.4657E-08 3.1369E-08 3.8207E-08 4.4621E-08 4.9713E-08 5.3114E-08 5.4291E-08 5.3395E-08 5.0612E-08 4.6473E-08 4.1536E-08 3.6313E-08 3.1229E-08 2.6588E-08 2.2509E-08 1.9021E-08 1.6064E-08 1.3622E-08 1.1531E-08 9.7545E-09 8.2606E-09 7.0097E-09 5.9833E-09 5.1341E-09 4.4433E-09 3.8683E-09 3.4015E-09 3.0048E-09 2.6954E-09 2.4242E-09 2.1953E-09 1.9981E-09 1.8377E-09 1.6848E-09 1.5634E-09 1.4441E-09 1.3379E-09 1.2410E-09
0.0000E+00 0.0000E+00 0.0000E+00 1.0561E-11 7.4827E-11 1.7089E-10 2.6457E-10 3.7317E-10 5.1690E-10 7.0230E-10 9.6762E-10 1.4963E-09 2.1926E-09 3.1824E-09 4.6256E-09 6.8316E-09 1.0007E-08 1.4396E-08 2.0102E-08 2.7076E-08 3.4797E-08 4.2779E-08 5.0039E-08 5.5823E-08 5.9334E-08 6.0191E-08 5.8321E-08 5.4344E-08 4.8740E-08 4.2424E-08 3.6020E-08 3.0075E-08 2.4902E-08 2.0628E-08 1.7162E-08 1.4338E-08 1.2080E-08 1.0163E-08 8.5507E-09 7.2079E-09 6.0879E-09 5.1760E-09 4.4315E-09 3.8257E-09 3.3353E-09 2.9259E-09 2.5884E-09 2.3126E-09 2.0813E-09 1.8882E-09 1.7207E-09 1.5747E-09 1.4494E-09 1.3434E-09 1.2459E-09 1.1546E-09 1.0671E-09
0.0000E+00 0.0000E+00 0.0000E+00 8.9115E-13 2.9948E-11 9.8590E-11 1.8592E-10 2.7923E-10 3.9003E-10 5.4075E-10 7.7615E-10 1.2826E-09 1.9556E-09 2.9695E-09 4.4657E-09 6.8093E-09 1.0314E-08 1.5236E-08 2.1800E-08 2.9734E-08 3.8824E-08 4.8013E-08 5.6520E-08 6.3117E-08 6.6924E-08 6.7527E-08 6.4817E-08 5.9378E-08 5.2034E-08 4.3807E-08 3.5800E-08 2.8737E-08 2.3015E-08 1.8578E-08 1.5186E-08 1.2555E-08 1.0498E-08 8.7811E-09 7.3589E-09 6.1750E-09 5.2037E-09 4.4081E-09 3.7699E-09 3.2541E-09 2.8256E-09 2.4819E-09 2.1939E-09 1.9660E-09 1.7631E-09 1.6042E-09 1.4629E-09 1.3392E-09 1.2391E-09 1.1483E-09 1.0606E-09 9.8490E-10 9.1350E-10
0.0000E+00 0.0000E+00 0.0000E+00 0.0000E+00 7.4462E-12 5.0660E-11 1.1820E-10 1.9380E-10 2.8660E-10 4.0138E-10 5.8611E-10 1.0767E-09 1.7343E-09 2.7198E-09 4.2684E-09 6.7597E-09 1.0549E-08 1.6031E-08 2.3440E-08 3.2698E-08 4.3164E-08 5.4078E-08 6.4052E-08 7.1971E-08 7.6541E-08 7.7194E-08 7.3521E-08 6.6310E-08 5.6506E-08 4.5839E-08 3.5796E-08 2.7452E-08 2.1194E-08 1.6394E-08 1.3131E-08 1.0745E-08 8.9247E-09 7.4240E-09 6.1979E-09 5.1898E-09 4.3559E-09 3.6915E-09 3.1438E-09 2.7142E-09 2.3601E-09 2.0729E-09 1.8293E-09 1.6446E-09 1.4823E-09 1.3464E-09 1.2296E-09 1.1295E-09 1.0450E-09 9.6967E-10 8.9778E-10 8.3205E-10 7.7383E-10
0.0000E+00 0.0000E+00 0.0000E+00 0.0000E+00 7.9397E-13 1.7487E-11 6.6798E-11 1.2971E-10 1.9434E-10 2.8513E-10 4.2782E-10 8.7032E-10 1.4851E-09 2.4556E-09 4.0278E-09 6.6177E-09 1.0648E-08 1.6658E-08 2.4964E-08 3.5569E-08 4.7887E-08 6.0793E-08 7.2937E-08 8.2901E-08 8.8808E-08 8.9975E-08 8.5356E-08 7.5761E-08 6.2772E-08 4.8920E-08 3.6813E-08 2.6128E-08 1.8879E-08 1.4105E-08 1.1049E-08 8.9626E-09 7.3980E-09 6.1350E-09 5.0994E-09 4.2686E-09 3.5766E-09 3.0301E-09 2.5882E-09 2.2315E-09 1.9395E-09 1.7083E-09 1.5040E-09 1.3526E-09 1.2237E-09 1.1125E-09 1.0146E-09 9.4060E-10 8.7233E-10 8.1033E-10 7.4995E-10 6.9868E-10 6.4919E-10
0.0000E+00 0.0000E+00 0.0000E+00 0.0000E+00 0.0000E+00 3.3179E-12 2.7099E-11 7.5790E-11 1.3363E-10 1.9644E-10 2.9684E-10 6.8255E-10 1.2177E-09 2.1618E-09 3.6874E-09 6.2914E-09 1.0450E-08 1.6889E-08 2.6073E-08 3.8137E-08 5.2539E-08 6.8066E-08 8.3244E-08 9.6096E-08 1.0443E-07 1.0650E-07 1.0107E-07 8.8774E-08 7.2882E-08 5.3195E-08 3.6598E-08 2.4433E-08 1.6549E-08 1.1797E-08 9.0113E-09 7.2764E-09 5.9627E-09 4.9342E-09 4.1077E-09 3.4254E-09 2.8773E-09 2.4408E-09 2.0852E-09 1.8035E-09 1.5630E-09 1.3825E-09 1.2184E-09 1.1031E-09 9.8849E-10 9.0414E-10 8.3525E-10 7.7085E-10 7.1538E-10 6.6326E-10 6.1837E-10 5.7583E-10 5.3540E-10
0.0000E+00 0.0000E+00 0.0000E+00 0.0000E+00 0.0000E+00 1.8227E-13 6.7863E-12 3.1473E-11 7.5956E-11 1.3044E-10 1.8900E-10 5.0784E-10 9.5901E-10 1.8385E-09 3.2359E-09 5.7536E-09 9.9194E-09 1.6591E-08 2.6432E-08 3.9922E-08 5.6600E-08 7.5495E-08 9.4557E-08 1.1187E-07 1.2375E-07 1.2796E-07 1.2349E-07 1.0560E-07 8.1966E-08 5.7726E-08 3.7194E-08 2.2672E-08 1.4150E-08 9.6697E-09 7.1965E-09 5.7214E-09 4.6675E-09 3.8663E-09 3.2178E-09 2.6847E-09 2.2655E-09 1.9193E-09 1.6473E-09 1.4261E-09 1.2368E-09 1.0928E-09 9.7109E-10 8.8171E-10 7.9466E-10 7.2824E-10 6.7450E-10 6.2021E-10 5.7736E-10 5.3823E-10 4.9980E-10 4.6773E-10 4.3497E-10
0.0000E+00 0.0000E+00 0.0000E+00 0.0000E+00 0.0000E+00 0.0000E+00 1.0370E-12 9.8980E-12 3.3320E-11 6.7812E-11 1.1765E-10 3.5459E-10 7.0144E-10 1.4188E-09 2.6861E-09 4.9948E-09 8.9399E-09 1.5552E-08 2.5674E-08 4.0241E-08 5.9348E-08 8.1963E-08 1.0656E-07 1.2980E-07 1.4860E-07 1.5422E-07 1.4641E-07 1.2528E-07 9.5368E-08 6.3997E-08 3.7660E-08 2.0729E-08 1.1946E-08 7.7279E-09 5.5576E-09 4.3455E-09 3.5382E-09 2.9386E-09 2.4488E-09 2.0580E-09 1.7351E-09 1.4805E-09 1.2772E-09 1.0956E-09 9.6605E-10 8.5625E-10 7.6465E-10 6.8645E-10 6.2837E-10 5.7766E-10 5.3329E-10 4.9389E-10 4.5804E-10 4.2758E-10 4.0100E-10 3.7099E-10 3.4450E-10
0.0000E+00 0.0000E+00 0.0000E+00 0.0000E+00 0.0000E+00 0.0000E+00 0.0000E+00 1.9989E-12 1.1362E-11 2.9879E-11 6.0386E-11 1.9452E-10 4.4657E-10 9.5954E-10 2.0453E-09 3.9693E-09 7.5322E-09 1.3637E-08 2.3499E-08 3.8549E-08 5.9621E-08 8.6749E-08 1.1845E-07 1.4851E-07 1.7221E-07 1.8407E-07 1.7871E-07 1.5337E-07 1.1230E-07 6.9195E-08 3.6786E-08 1.8667E-08 9.8866E-09 5.9034E-09 4.1094E-09 3.1663E-09 2.6036E-09 2.1762E-09 1.8177E-09 1.5335E-09 1.2992E-09 1.1176E-09 9.6227E-10 8.3336E-10 7.3379E-10 6.5412E-10 5.8424E-10 5.2988E-10 4.8902E-10 4.4838E-10 4.0854E-10 3.8589E-10 3.6135E-10 3.3771E-10 3.1488E-10 2.9075E-10 2.7187E-10
0.0000E+00 0.0000E+00 0.0000E+00 0.0000E+00 0.0000E+00 0.0000E+00 0.0000E+00 0.0000E+00 2.6159E-12 1.1172E-11 2.6838E-11 7.8927E-11 2.2521E-10 5.5111E-10 1.3682E-09 2.7840E-09 5.7312E-09 1.0777E-08 1.9807E-08 3.4421E-08 5.7084E-08 8.7806E-08 1.2465E-07 1.6394E-07 1.9921E-07 2.2384E-07 2.2341E-07 1.8799E-07 1.2748E-07 7.0866E-08 3.4466E-08 1.5788E-08 7.5266E-09 4.2141E-09 2.8409E-09 2.2091E-09 1.8537E-09 1.5535E-09 1.3038E-09 1.1097E-09 9.3795E-10 8.1279E-10 7.0177E-10 6.1478E-10 5.4758E-10 4.8530E-10 4.3664E-10 3.8602E-10 3.5756E-10 3.3503E-10 3.1718E-10 2.9708E-10 2.8101E-10 2.6065E-10 2.4351E-10 2.2892E-10 2.1441E-10
0.0000E+00 0.0000E+00 0.0000E+00 0.0000E+00 0.0000E+00 0.0000E+00 0.0000E+00 0.0000E+00 0.0000E+00 2.7307E-12 1.0575E-11 2.2193E-11 7.0337E-11 2.5164E-10 7.4332E-10 1.6774E-09 3.7223E-09 7.4112E-09 1.4727E-08 2.7551E-08 4.9415E-08 8.1975E-08 1.2451E-07 1.7692E-07 2.3228E-07 2.7843E-07 2.8292E-07 2.2519E-07 1.3697E-07 6.8122E-08 2.9320E-08 1.1756E-08 5.0666E-09 2.5931E-09 1.8491E-09 1.4843E-09 1.2460E-09 1.0494E-09 8.9073E-10 7.6957E-10 6.6755E-10 5.7338E-10 4.9436E-10 4.2034E-10 3.5799E-10 3.2744E-10 2.9768E-10 2.7845E-10 2.6441E-10 2.4836E-10 2.3523E-10 2.2006E-10 2.0552E-10 1.9261E-10 1.7986E-10 1.6704E-10 1.5361E-10
0.0000E+00 0.0000E+00 0.0000E+00 0.0000E+00 0.0000E+00 0.0000E+00 0.0000E+00 0.0000E+00 0.0000E+00 1.4395E-14 2.3434E-12 9.0211E-12 2.2046E-11 6.6013E-11 2.5041E-10 7.8581E-10 1.8781E-09 4.2092E-09 9.0083E-09 1.8544E-08 3.6803E-08 6.8542E-08 1.1676E-07 1.8724E-07 2.7596E-07 3.5569E-07 3.5453E-07 2.5422E-07 1.3700E-07 5.7870E-08 2.0613E-08 6.8673E-09 2.6099E-09 1.4976E-09 1.0910E-09 9.0896E-10 7.7951E-10 6.6477E-10 5.6097E-10 4.7305E-10 3.9397E-10 3.2682E-10 2.8888E-10 2.5395E-10 2.3287E-10 2.1203E-10 1.9983E-10 1.8545E-10 1.7331E-10 1.6695E-10 1.5272E-10 1.4140E-10 1.3310E-10 1.2451E-10 1.1884E-10 1.1502E-10 1.1066E-10
0.0000E+00 0.0000E+00 0.0000E+00 0.0000E+00 0.0000E+00 0.0000E+00 0.0000E+00 0.0000E+00 0.0000E+00 0.0000E+00 6.0421E-14 1.6010E-12 6.7750E-12 2.3155E-11 7.9458E-11 2.0751E-10 5.9260E-10 1.7736E-09 4.1633E-09 9.7725E-09 2.1919E-08 4.8269E-08 1.0046E-07 1.9322E-07 3.3411E-07 4.6020E-07 4.2742E-07 2.7158E-07 1.1863E-07 3.8313E-08 1.0294E-08 2.6136E-09 1.1452E-09 7.1349E-10 6.0042E-10 4.9907E-10 4.0818E-10 3.4189E-10 2.9707E-10 2.5815E-10 2.2540E-10 1.9518E-10 1.7280E-10 1.5463E-10 1.3352E-10 1.2441E-10 1.1725E-10 1.0465E-10 9.7094E-11 9.3468E-11 9.0946E-11 8.9806E-11 8.8431E-11 8.6943E-11 8.4932E-11 8.0287E-11 7.3585E-11
0.0000E+00 0.0000E+00 0.0000E+00 0.0000E+00 0.0000E+00 0.0000E+00 0.0000E+00 0.0000E+00 0.0000E+00 6.0674E-14 0.0000E+00 6.2431E-14 7.0539E-13 4.5813E-12 2.0526E-11 7.2518E-11 1.6237E-10 5.1000E-10 1.2767E-09 3.6464E-09 9.0063E-09 2.5152E-08 6.8425E-08 1.7599E-07 4.1970E-07 5.8482E-07 4.9895E-07 2.5808E-07 7.9212E-08 1.6450E-08 3.0412E-09 9.2394E-10 4.5486E-10 3.5261E-10 3.0503E-10 2.6864E-10 2.3882E-10 2.0846E-10 1.8059E-10 1.5844E-10 1.3894E-10 1.1884E-10 1.0020E-10 9.1088E-11 8.5186E-11 7.6616E-11 7.0762E-11 6.6905E-11 6.3328E-11 6.0729E-11 5.9369E-11 5.8055E-11 5.6649E-11 5.0065E-11 4.3770E-11 3.6934E-11 3.0771E-11
0.0000E+00 0.0000E+00 0.0000E+00 0.0000E+00 0.0000E+00 0.0000E+00 0.0000E+00 0.0000E+00 6.1000E-14 0.0000E+00 6.2752E-14 0.0000E+00 1.6685E-14 1.6296E-13 2.3740E-12 1.3101E-11 4.3215E-11 1.0222E-10 3.5647E-10 9.0117E-10 1.9764E-09 6.6976E-09 2.3436E-08 1.2910E-07 5.4333E-07 7.1621E-07 5.5547E-07 1.9708E-07 3.2569E-08 3.4420E-09 7.0747E-10 2.7175E-10 2.2049E-10 1.9980E-10 1.8145E-10 1.6219E-10 1.4580E-10 1.3386E-10 1.1499E-10 9.7148E-11 8.5271E-11 7.7148E-11 7.0661E-11 6.4268E-11 5.8442E-11 5.3951E-11 4.7916E-11 4.4964E-11 4.3361E-11 4.1562E-11 3.5440E-11 3.0259E-11 2.3400E-11 1.9071E-11 1.6855E-11 1.6056E-11 1.5073E-11
0.0000E+00 0.0000E+00 0.0000E+00 0.0000E+00 0.0000E+00 0.0000E+00 0.0000E+00 6.1346E-14 0.0000E+00 6.3042E-14 0.0000E+00 1.6771E-14 0.0000E+00 0.0000E+00 0.0000E+00 4.8338E-13 4.6129E-12 1.6352E-11 6.4375E-11 1.5561E-10 4.0731E-10 9.0076E-10 1.8985E-09 1.0716E-07 6.3860E-07 7.8319E-07 5.7045E-07 1.0150E-07 3.9225E-09 3.2938E-10 1.3208E-10 1.2463E-10 1.1975E-10 1.1389E-10 1.0718E-10 9.6434E-11 8.4683E-11 7.2512E-11 6.5889E-11 6.1800E-11 5.5744E-11 5.1162E-11 4.8665E-11 4.3512E-11 3.8154E-11 3.5685E-11 3.4310E-11 3.3137E-11 2.9258E-11 2.3990E-11 1.8640E-11 1.4055E-11 1.1611E-11 1.1161E-11 1.0520E-11 9.7336E-12 8.7932E-12
0.0000E+00 0.0000E+00 0.0000E+00 0.0000E+00 0.0000E+00 0.0000E+00 6.1946E-14 0.0000E+00 6.3439E-14 0.0000E+00 1.6877E-14 0.0000E+00 0.0000E+00 0.0000E+00 0.0000E+00 0.0000E+00 0.0000E+00 4.6124E-13 1.8786E-12 8.8707E-12 2.8393E-11 5.6826E-11 1.1284E-10 1.5834E-07 7.5354E-07 8.1400E-07 5.0438E-07 4.0500E-08 1.0630E-10 6.3674E-11 6.4079E-11 6.3037E-11 6.0563E-11 5.6873E-11 5.2138E-11 4.8532E-11 4.6370E-11 4.3637E-11 4.0422E-11 3.7944E-11 3.5424E-11 3.1945E-11 2.8149E-11 2.6279E-11 2.5489E-11 2.3523E-11 1.9457E-11 1.5087E-11 1.0809E-11 8.0023E-12 6.9342E-12 6.6850E-12 6.3359E-12 5.8137E-12 5.1695E-12 4.3758E-12 3.2512E-12
0.0000E+00 0.0000E+00 0.0000E+00 0.0000E+00 0.0000E+00 0.0000E+00 0.0000E+00 6.3993E-14 0.0000E+00 1.6984E-14 0.0000E+00 0.0000E+00 0.0000E+00 0.0000E+00 0.0000E+00 0.0000E+00 0.0000E+00 0.0000E+00 0.0000E+00 2.3563E-13 8.8125E-13 2.1109E-12 9.2340E-12 2.5722E-07 8.6294E-07 8.6529E-07 4.2109E-07 1.0927E-08 1.7618E-11 1.9813E-11 2.1793E-11 2.3250E-11 2.4095E-11 2.4292E-11 2.3980E-11 2.3039E-11 2.1835E-11 2.0471E-11 1.8650E-11 1.6377E-11 1.4462E-11 1.3613E-11 1.2314E-11 1.0429E-11 7.6463E-12 5.6332E-12 3.7594E-12 2.9326E-12 2.8909E-12 2.7760E-12 2.5835E-12 2.2907E-12 1.8763E-12 1.3905E-12 9.1316E-13 4.1921E-13 0.0000E+00
0.0000E+00 0.0000E+00 0.0000E+00 0.0000E+00 0.0000E+00 0.0000E+00 0.0000E+00 0.0000E+00 1.7159E-14 0.0000E+00 0.0000E+00 0.0000E+00 0.0000E+00 0.0000E+00 0.0000E+00 0.0000E+00 0.0000E+00 0.0000E+00 0.0000E+00 0.0000E+00 0.0000E+00 0.0000E+00 1.5956E-13 4.3437E-07 9.5269E-07 1.0834E-06 2.5228E-07 2.2554E-12 2.6018E-12 2.9812E-12 3.4133E-12 3.6820E-12 3.7693E-12 3.6635E-12 3.3645E-12 2.8692E-12 2.1789E-12 1.7949E-12 1.7077E-12 1.5306E-12 1.2568E-12 8.8970E-13 6.5022E-13 4.3625E-13 3.6533E-13 3.7342E-13 3.6644E-13 3.4383E-13 3.0538E-13 2.5124E-13 1.8197E-13 9.8489E-14 2.0837E-15 0.0000E+00 0.0000E+00 0.0000E+00 0.0000E+00
0.0000E+00 0.0000E+00 0.0000E+00 0.0000E+00 0.0000E+00 0.0000E+00 0.0000E+00 0.0000E+00 0.0000E+00 0.0000E+00 0.0000E+00 0.0000E+00 0.0000E+00 0.0000E+00 0.0000E+00 0.0000E+00 0.0000E+00 0.0000E+00 0.0000E+00 0.0000E+00 0.0000E+00 0.0000E+00 5.6078E-11 6.9050E-07 1.1118E-06 1.3805E-06 2.3020E-08 0.0000E+00 0.0000E+00 0.0000E+00 0.0000E+00 0.0000E+00 0.0000E+00 0.0000E+00 0.0000E+00 0.0000E+00 0.0000E+00 0.0000E+00 0.0000E+00 0.0000E+00 0.0000E+00 0.0000E+00 0.0000E+00 0.0000E+00 0.0000E+00 0.0000E+00 0.0000E+00 0.0000E+00 0.0000E+00 0.0000E+00 0.0000E+00 0.0000E+00 0.0000E+00 0.0000E+00 0.0000E+00 0.0000E+00 0.0000E+00
