Assets/Resources/2015_m01_d20_1000(utc+0800)_l00_csi_1hr_conc.grd
DSAA
         159         159
     -79.000      79.000
     -79.000      79.000
  0.1388E-09  0.4282E-05
[rows 75 to 99 of 159, columns 57 to 113 of 159]
2.5568E-09 2.6084E-09 2.6590E-09 2.7098E-09 2.7611E-09 2.8129E-09 2.8651E-09 2.9182E-09 2.9735E-09 3.0273E-09 3.0815E-09 3.1361E-09 3.1912E-09 3.2466E-09 3.3023E-09 3.3591E-09 3.4184E-09 3.4762E-09 3.5337E-09 3.5915E-09 3.6495E-09 3.7079E-09 3.7664E-09 3.8267E-09 3.8883E-09 3.9487E-09 4.0085E-09 4.0685E-09 4.1286E-09 4.1887E-09 4.2489E-09 4.3111E-09 4.3735E-09 4.4362E-09 4.5034E-09 4.5999E-09 4.7078E-09 4.8136E-09 4.9143E-09 5.0132E-09 5.1165E-09 5.2227E-09 5.3363E-09 5.4522E-09 5.5772E-09 5.7059E-09 5.8454E-09 5.9865E-09 6.1408E-09 6.3273E-09 6.5325E-09 6.7648E-09 6.9682E-09 7.1755E-09 7.3841E-09 7.5911E-09 7.7999E-09
2.5422E-09 2.5929E-09 2.6429E-09 2.6934E-09 2.7445E-09 2.7960E-09 2.8479E-09 2.9025E-09 2.9561E-09 3.0096E-09 3.0636E-09 3.1180E-09 3.1728E-09 3.2280E-09 3.2836E-09 3.3423E-09 3.4002E-09 3.4573E-09 3.5146E-09 3.5723E-09 3.6302E-09 3.6884E-09 3.7469E-09 3.8089E-09 3.8698E-09 3.9294E-09 3.9892E-09 4.0492E-09 4.1093E-09 4.1695E-09 4.2307E-09 4.2940E-09 4.3568E-09 4.4189E-09 4.5130E-09 4.6229E-09 4.7290E-09 4.8305E-09 4.9313E-09 5.0363E-09 5.1456E-09 5.2602E-09 5.3785E-09 5.5069E-09 5.6401E-09 5.7789E-09 5.9346E-09 6.0978E-09 6.2848E-09 6.4948E-09 6.7204E-09 6.9540E-09 7.1813E-09 7.4155E-09 7.6505E-09 7.8825E-09 8.1147E-09
2.5271E-09 2.5763E-09 2.6261E-09 2.6764E-09 2.7271E-09 2.7783E-09 2.8317E-09 2.8849E-09 2.9378E-09 2.9911E-09 3.0449E-09 3.0990E-09 3.1536E-09 3.2085E-09 3.2665E-09 3.3239E-09 3.3804E-09 3.4372E-09 3.4944E-09 3.5519E-09 3.6097E-09 3.6678E-09 3.7293E-09 3.7898E-09 3.8491E-09 3.9087E-09 3.9685E-09 4.0284E-09 4.0885E-09 4.1487E-09 4.2127E-09 4.2755E-09 4.3366E-09 4.4222E-09 4.5327E-09 4.6395E-09 4.7415E-09 4.8437E-09 4.9508E-09 5.0618E-09 5.1773E-09 5.2974E-09 5.4275E-09 5.5660E-09 5.7108E-09 5.8750E-09 6.0394E-09 6.2323E-09 6.4481E-09 6.6636E-09 6.9230E-09 7.1686E-09 7.4249E-09 7.6899E-09 7.9537E-09 8.2139E-09 8.4713E-09
2.5102E-09 2.5592E-09 2.6086E-09 2.6586E-09 2.7090E-09 2.7612E-09 2.8140E-09 2.8661E-09 2.9187E-09 2.9717E-09 3.0252E-09 3.0791E-09 3.1334E-09 3.1900E-09 3.2474E-09 3.3033E-09 3.3595E-09 3.4162E-09 3.4731E-09 3.5304E-09 3.5880E-09 3.6482E-09 3.7090E-09 3.7680E-09 3.8272E-09 3.8866E-09 3.9463E-09 4.0061E-09 4.0661E-09 4.1290E-09 4.1925E-09 4.2535E-09 4.3319E-09 4.4372E-09 4.5446E-09 4.6491E-09 4.7515E-09 4.8600E-09 4.9726E-09 5.0885E-09 5.2109E-09 5.3421E-09 5.4851E-09 5.6323E-09 5.8025E-09 5.9754E-09 6.1711E-09 6.3932E-09 6.6158E-09 6.8674E-09 7.1451E-09 7.4182E-09 7.7106E-09 8.0057E-09 8.3005E-09 8.5906E-09 8.8758E-09
2.4928E-09 2.5414E-09 2.5905E-09 2.6402E-09 2.6903E-09 2.7435E-09 2.7948E-09 2.8466E-09 2.8989E-09 2.9516E-09 3.0047E-09 3.0583E-09 3.1123E-09 3.1708E-09 3.2260E-09 3.2816E-09 3.3376E-09 3.3940E-09 3.4507E-09 3.5078E-09 3.5666E-09 3.6276E-09 3.6861E-09 3.7449E-09 3.8039E-09 3.8632E-09 3.9227E-09 3.9824E-09 4.0449E-09 4.1081E-09 4.1689E-09 4.2389E-09 4.3385E-09 4.4465E-09 4.5534E-09 4.6547E-09 4.7631E-09 4.8784E-09 4.9950E-09 5.1162E-09 5.2496E-09 5.3947E-09 5.5453E-09 5.7207E-09 5.8985E-09 6.0970E-09 6.3200E-09 6.5596E-09 6.8072E-09 7.1134E-09 7.4025E-09 7.7096E-09 8.0303E-09 8.3583E-09 8.6863E-09 9.0077E-09 9.3212E-09
2.4748E-09 2.5230E-09 2.5718E-09 2.6211E-09 2.6734E-09 2.7238E-09 2.7748E-09 2.8263E-09 2.8782E-09 2.9306E-09 2.9835E-09 3.0367E-09 3.0943E-09 3.1488E-09 3.2037E-09 3.2590E-09 3.3147E-09 3.3708E-09 3.4273E-09 3.4841E-09 3.5458E-09 3.6062E-09 4.2817E-06 3.7205E-09 3.7793E-09 3.8384E-09 3.8977E-09 3.9581E-09 4.0225E-09 4.0831E-09 4.1443E-09 4.2382E-09 4.3456E-09 4.4527E-09 4.5562E-09 4.6607E-09 4.7796E-09 4.8956E-09 5.0155E-09 5.1502E-09 5.2966E-09 5.4490E-09 5.6298E-09 5.8098E-09 6.0102E-09 6.2342E-09 6.4890E-09 6.7456E-09 7.0421E-09 7.3813E-09 7.7017E-09 8.0452E-09 8.4007E-09 8.7659E-09 9.1306E-09 9.4859E-09 9.8294E-09
2.4562E-09 2.5041E-09 2.5525E-09 2.6026E-09 2.6534E-09 2.7036E-09 2.7542E-09 2.8053E-09 2.8569E-09 2.9089E-09 2.9614E-09 3.0168E-09 3.0718E-09 3.1259E-09 3.1805E-09 3.2355E-09 3.2909E-09 3.3467E-09 3.4028E-09 3.4630E-09 3.5211E-09 5.3623E-08 1.0950E-06 2.9819E-08 3.7535E-09 3.8123E-09 3.8714E-09 3.9352E-09 3.9962E-09 4.0566E-09 4.1381E-09 4.2420E-09 4.3480E-09 4.4542E-09 4.5545E-09 4.6745E-09 4.7904E-09 4.9096E-09 5.0445E-09 5.1924E-09 5.3455E-09 5.5295E-09 5.7147E-09 5.9186E-09 6.1501E-09 6.4038E-09 6.6744E-09 6.9980E-09 7.3404E-09 7.6980E-09 8.0674E-09 8.4485E-09 8.8411E-09 9.2458E-09 9.6465E-09 1.0035E-08 1.0409E-08
2.4371E-09 2.4846E-09 2.5326E-09 2.5833E-09 2.6329E-09 2.6827E-09 2.7329E-09 2.7837E-09 2.8349E-09 2.8865E-09 2.9386E-09 2.9951E-09 3.0484E-09 3.1022E-09 3.1565E-09 3.2111E-09 3.2662E-09 3.3216E-09 3.3802E-09 3.4382E-09 3.5157E-09 1.6674E-07 4.8587E-07 1.3027E-07 3.8095E-09 3.7850E-09 3.8473E-09 3.9086E-09 3.9686E-09 4.0412E-09 4.1360E-09 4.2415E-09 4.3488E-09 4.4482E-09 4.5630E-09 4.6827E-09 4.8019E-09 4.9375E-09 5.0857E-09 5.2428E-09 5.4317E-09 5.6296E-09 5.8439E-09 6.0869E-09 6.3577E-09 6.6452E-09 6.9743E-09 7.3060E-09 7.7111E-09 8.1020E-09 8.5075E-09 8.9272E-09 9.3596E-09 9.8012E-09 1.0240E-08 1.0664E-08 1.1067E-08
2.4175E-09 2.4646E-09 2.5138E-09 2.5626E-09 2.6119E-09 2.6612E-09 2.7111E-09 2.7614E-09 2.8122E-09 2.8634E-09 2.9182E-09 2.9714E-09 3.0244E-09 3.0778E-09 3.1316E-09 3.1859E-09 3.2405E-09 3.2956E-09 3.3555E-09 3.4165E-09 9.4462E-09 1.7451E-07 2.8023E-07 1.5721E-07 1.5505E-08 3.7590E-09 3.8205E-09 3.8799E-09 3.9398E-09 4.0313E-09 4.1312E-09 4.2393E-09 4.3411E-09 4.4484E-09 4.5702E-09 4.6944E-09 4.8293E-09 4.9842E-09 5.1457E-09 5.3402E-09 5.5563E-09 5.7984E-09 6.0639E-09 6.3564E-09 6.6660E-09 6.9769E-09 7.3524E-09 7.7428E-09 8.1669E-09 8.5936E-09 9.0387E-09 9.4977E-09 9.9666E-09 1.0446E-08 1.0923E-08 1.1382E-08 1.1815E-08
2.3974E-09 2.4453E-09 2.4930E-09 2.5418E-09 2.5902E-09 2.6391E-09 2.6886E-09 2.7385E-09 2.7888E-09 2.8420E-09 2.8942E-09 2.9470E-09 2.9996E-09 3.0526E-09 3.1060E-09 3.1598E-09 3.2141E-09 3.2723E-09 3.3302E-09 3.4980E-09 2.6059E-08 1.4542E-07 1.8714E-07 1.4217E-07 4.6943E-08 4.5913E-09 3.7909E-09 3.8499E-09 3.9304E-09 4.0213E-09 4.1275E-09 4.2322E-09 4.3357E-09 4.4577E-09 4.5856E-09 4.7246E-09 4.8868E-09 5.0550E-09 5.2563E-09 5.4940E-09 5.7761E-09 6.0815E-09 6.3926E-09 6.7141E-09 7.0500E-09 7.4296E-09 7.8097E-09 8.2690E-09 8.7261E-09 9.2002E-09 9.6942E-09 1.0196E-08 1.0697E-08 1.1209E-08 1.1716E-08 1.2202E-08 1.2661E-08
2.3768E-09 2.4247E-09 2.4721E-09 2.5200E-09 2.5680E-09 2.6165E-09 2.6655E-09 2.7150E-09 2.7649E-09 2.8178E-09 2.8695E-09 2.9219E-09 2.9740E-09 3.0266E-09 3.0796E-09 3.1330E-09 3.1895E-09 3.2451E-09 3.3434E-09 7.3161E-09 3.8383E-08 1.1813E-07 1.4436E-07 1.2627E-07 7.3521E-08 1.2566E-08 3.7689E-09 3.8312E-09 3.9128E-09 4.0131E-09 4.1200E-09 4.2219E-09 4.3436E-09 4.4777E-09 4.6269E-09 4.7983E-09 4.9796E-09 5.1876E-09 5.4519E-09 5.7671E-09 6.1188E-09 6.4720E-09 6.8206E-09 7.1815E-09 7.5653E-09 7.9641E-09 8.3958E-09 8.8986E-09 9.4074E-09 9.9394E-09 1.0486E-08 1.1035E-08 1.1580E-08 1.2124E-08 1.2656E-08 1.3164E-08 1.3636E-08
2.3570E-09 2.4033E-09 2.4503E-09 2.4978E-09 2.5453E-09 2.5934E-09 2.6419E-09 2.6909E-09 2.7421E-09 2.7929E-09 2.8450E-09 2.8962E-09 2.9479E-09 2.9999E-09 3.0525E-09 3.1054E-09 3.1616E-09 3.2295E-09 4.2014E-09 1.2069E-08 4.3652E-08 9.6150E-08 1.1802E-07 1.1260E-07 8.5573E-08 2.8634E-08 6.2913E-09 3.8486E-09 3.9100E-09 4.0041E-09 4.1082E-09 4.2291E-09 4.3714E-09 4.5323E-09 4.7136E-09 4.9202E-09 5.1524E-09 5.4400E-09 5.7902E-09 6.1891E-09 6.5963E-09 6.9934E-09 7.3840E-09 7.7846E-09 8.2073E-09 8.6458E-09 9.1567E-09 9.6919E-09 1.0252E-08 1.0842E-08 1.1444E-08 1.2042E-08 1.2627E-08 1.3200E-08 1.3753E-08 1.4274E-08 1.4752E-08
2.3356E-09 2.3815E-09 2.4280E-09 2.4751E-09 2.5222E-09 2.5697E-09 2.6178E-09 2.6674E-09 2.7178E-09 2.7682E-09 2.8191E-09 2.8698E-09 2.9210E-09 2.9726E-09 3.0247E-09 3.0792E-09 3.1338E-09 3.2640E-09 5.4322E-09 1.5036E-08 4.2722E-08 8.0372E-08 1.0137E-07 1.0388E-07 8.8065E-08 4.3671E-08 1.3550E-08 5.2598E-09 4.0313E-09 4.0290E-09 4.1307E-09 4.2771E-09 4.4729E-09 4.6844E-09 4.9330E-09 5.1905E-09 5.5109E-09 5.8726E-09 6.3206E-09 6.7806E-09 7.2335E-09 7.6772E-09 8.1112E-09 8.5551E-09 9.0168E-09 9.5076E-09 1.0073E-08 1.0659E-08 1.1278E-08 1.1926E-08 1.2580E-08 1.3226E-08 1.3851E-08 1.4449E-08 1.5017E-08 1.5544E-08 1.6018E-08
2.3139E-09 2.3593E-09 2.4053E-09 2.4520E-09 2.4985E-09 2.5456E-09 2.5932E-09 2.6430E-09 2.6923E-09 2.7422E-09 2.7927E-09 2.8429E-09 2.8936E-09 2.9447E-09 2.9982E-09 3.0511E-09 3.1163E-09 3.7031E-09 6.4394E-09 1.6127E-08 3.7957E-08 6.6912E-08 8.8330E-08 9.7563E-08 8.8343E-08 5.5050E-08 2.3894E-08 9.4036E-09 5.1965E-09 4.2364E-09 4.3187E-09 4.5052E-09 4.7448E-09 5.0189E-09 5.3205E-09 5.6671E-09 6.0566E-09 6.5385E-09 7.0560E-09 7.5588E-09 8.0644E-09 8.5557E-09 9.0342E-09 9.5250E-09 1.0033E-08 1.0591E-08 1.1195E-08 1.1838E-08 1.2523E-08 1.3233E-08 1.3939E-08 1.4626E-08 1.5283E-08 1.5900E-08 1.6474E-08 1.6992E-08 1.7449E-08
2.2918E-09 2.3367E-09 2.3823E-09 2.4284E-09 2.4745E-09 2.5211E-09 2.5693E-09 2.6175E-09 2.6663E-09 2.7158E-09 2.7658E-09 2.8155E-09 2.8656E-09 2.9162E-09 2.9692E-09 3.0216E-09 3.1490E-09 3.7436E-09 6.6275E-09 1.5551E-08 3.3315E-08 5.7092E-08 7.8600E-08 9.1774E-08 8.7802E-08 6.3199E-08 3.4518E-08 1.5972E-08 8.0472E-09 5.4373E-09 4.8516E-09 4.9610E-09 5.2374E-09 5.5871E-09 5.9807E-09 6.4174E-09 6.9321E-09 7.4845E-09 8.0389E-09 8.5973E-09 9.1569E-09 9.7004E-09 1.0229E-08 1.0770E-08 1.1322E-08 1.1937E-08 1.2590E-08 1.3283E-08 1.4023E-08 1.4788E-08 1.5545E-08 1.6266E-08 1.6940E-08 1.7566E-08 1.8138E-08 1.8637E-08 1.9055E-08
2.2695E-09 2.3139E-09 2.3590E-09 2.4046E-09 2.4502E-09 2.4968E-09 2.5439E-09 2.5917E-09 2.6400E-09 2.6889E-09 2.7384E-09 2.7875E-09 2.8371E-09 2.8884E-09 2.9398E-09 2.9916E-09 3.1604E-09 3.8543E-09 6.4940E-09 1.3853E-08 2.8537E-08 4.9302E-08 7.1218E-08 8.6568E-08 8.6460E-08 6.8137E-08 4.3265E-08 2.3486E-08 1.2495E-08 7.7645E-09 6.1118E-09 5.8536E-09 6.0746E-09 6.4921E-09 6.9967E-09 7.5623E-09 8.1662E-09 8.7467E-09 9.3631E-09 9.9847E-09 1.0598E-08 1.1186E-08 1.1758E-08 1.2340E-08 1.2949E-08 1.3600E-08 1.4293E-08 1.5037E-08 1.5821E-08 1.6627E-08 1.7419E-08 1.8161E-08 1.8838E-08 1.9455E-08 2.0007E-08 2.0474E-08 2.0844E-08
2.2469E-09 2.2909E-09 2.3354E-09 2.3805E-09 2.4256E-09 2.4717E-09 2.5183E-09 2.5655E-09 2.6133E-09 2.6617E-09 2.7106E-09 2.7592E-09 2.8089E-09 2.8590E-09 2.9098E-09 2.9611E-09 3.0916E-09 3.7139E-09 6.1011E-09 1.2319E-08 2.4650E-08 4.3251E-08 6.4797E-08 8.1483E-08 8.3788E-08 7.0938E-08 5.0176E-08 3.1200E-08 1.8337E-08 1.1424E-08 8.4057E-09 7.4347E-09 7.4544E-09 7.8732E-09 8.5107E-09 9.2072E-09 9.8382E-09 1.0476E-08 1.1150E-08 1.1814E-08 1.2459E-08 1.3070E-08 1.3672E-08 1.4283E-08 1.4927E-08 1.5619E-08 1.6339E-08 1.7119E-08 1.7942E-08 1.8774E-08 1.9586E-08 2.0331E-08 2.0993E-08 2.1573E-08 2.2082E-08 2.2499E-08 2.2805E-08
2.2241E-09 2.2676E-09 2.3116E-09 2.3562E-09 2.4007E-09 2.4462E-09 2.4924E-09 2.5390E-09 2.5863E-09 2.6341E-09 2.6825E-09 2.7305E-09 2.7796E-09 2.8293E-09 2.8795E-09 2.9302E-09 3.0349E-09 3.5955E-09 5.5251E-09 1.0778E-08 2.1449E-08 3.8464E-08 5.9148E-08 7.5996E-08 8.0827E-08 7.1950E-08 5.5353E-08 3.8090E-08 2.4564E-08 1.6080E-08 1.1804E-08 1.0009E-08 9.6529E-09 9.9634E-09 1.0651E-08 1.1401E-08 1.2092E-08 1.2782E-08 1.3480E-08 1.4152E-08 1.4791E-08 1.5394E-08 1.6001E-08 1.6626E-08 1.7293E-08 1.8002E-08 1.8741E-08 1.9538E-08 2.0387E-08 2.1235E-08 2.2044E-08 2.2775E-08 2.3401E-08 2.3927E-08 2.4361E-08 2.4704E-08 2.4926E-08
2.2011E-09 2.2441E-09 2.2876E-09 2.3317E-09 2.3756E-09 2.4206E-09 2.4662E-09 2.5124E-09 2.5591E-09 2.6063E-09 2.6542E-09 2.7016E-09 2.7501E-09 2.7992E-09 2.8488E-09 2.8990E-09 2.9869E-09 3.4733E-09 5.1591E-09 9.6024E-09 1.9097E-08 3.4847E-08 5.4123E-08 7.0453E-08 7.7057E-08 7.2105E-08 5.9415E-08 4.4294E-08 3.1217E-08 2.1930E-08 1.6417E-08 1.3772E-08 1.2837E-08 1.2973E-08 1.3550E-08 1.4284E-08 1.5022E-08 1.5733E-08 1.6412E-08 1.7031E-08 1.7619E-08 1.8168E-08 1.8750E-08 1.9363E-08 2.0051E-08 2.0739E-08 2.1483E-08 2.2288E-08 2.3139E-08 2.3991E-08 2.4780E-08 2.5475E-08 2.6044E-08 2.6494E-08 2.6828E-08 2.7071E-08 2.7189E-08
2.1779E-09 2.2203E-09 2.2633E-09 2.3069E-09 2.3503E-09 2.3947E-09 2.4398E-09 2.4854E-09 2.5315E-09 2.5782E-09 2.6255E-09 2.6723E-09 2.7203E-09 2.7688E-09 2.8178E-09 2.8674E-09 2.9493E-09 3.4221E-09 4.9463E-09 8.9266E-09 1.7620E-08 3.1976E-08 4.9665E-08 6.5039E-08 7.2779E-08 7.1162E-08 6.2246E-08 4.9860E-08 3.7765E-08 2.8233E-08 2.2055E-08 1.8663E-08 1.7238E-08 1.7050E-08 1.7377E-08 1.7976E-08 1.8661E-08 1.9341E-08 1.9941E-08 2.0443E-08 2.0917E-08 2.1368E-08 2.1882E-08 2.2474E-08 2.3131E-08 2.3796E-08 2.4522E-08 2.5328E-08 2.6164E-08 2.7001E-08 2.7759E-08 2.8392E-08 2.8884E-08 2.9236E-08 2.9453E-08 2.9561E-08 2.9558E-08
2.1545E-09 2.1964E-09 2.2389E-09 2.2819E-09 2.3247E-09 2.3687E-09 2.4131E-09 2.4582E-09 2.5038E-09 2.5499E-09 2.5966E-09 2.6428E-09 2.6901E-09 2.7380E-09 2.7864E-09 2.8354E-09 2.9350E-09 3.3790E-09 4.8461E-09 8.7127E-09 1.6803E-08 2.9670E-08 4.5523E-08 6.0026E-08 6.8744E-08 6.9646E-08 6.4029E-08 5.4495E-08 4.4071E-08 3.5101E-08 2.8585E-08 2.4601E-08 2.2692E-08 2.2044E-08 2.2105E-08 2.2467E-08 2.2995E-08 2.3535E-08 2.3987E-08 2.4313E-08 2.4607E-08 2.4915E-08 2.5324E-08 2.5895E-08 2.6470E-08 2.7101E-08 2.7792E-08 2.8581E-08 2.9398E-08 3.0200E-08 3.0918E-08 3.1471E-08 3.1867E-08 3.2103E-08 3.2193E-08 3.2141E-08 3.1987E-08
2.1309E-09 2.1723E-09 2.2142E-09 2.2567E-09 2.2989E-09 2.3423E-09 2.3862E-09 2.4307E-09 2.4757E-09 2.5213E-09 2.5674E-09 2.6130E-09 2.6597E-09 2.7070E-09 2.7548E-09 2.8083E-09 2.9474E-09 3.4446E-09 4.9500E-09 8.7826E-09 1.6270E-08 2.7673E-08 4.1674E-08 5.5030E-08 6.4302E-08 6.7563E-08 6.4876E-08 5.8141E-08 4.9669E-08 4.1663E-08 3.5414E-08 3.1275E-08 2.8918E-08 2.7826E-08 2.7553E-08 2.7611E-08 2.7881E-08 2.8169E-08 2.8390E-08 2.8477E-08 2.8555E-08 2.8676E-08 2.8969E-08 2.9463E-08 2.9963E-08 3.0538E-08 3.1198E-08 3.1952E-08 3.2746E-08 3.3500E-08 3.4169E-08 3.4647E-08 3.4925E-08 3.5024E-08 3.4965E-08 3.4750E-08 3.4429E-08
2.1071E-09 2.1480E-09 2.1894E-09 2.2313E-09 2.2730E-09 2.3158E-09 2.3592E-09 2.4031E-09 2.4475E-09 2.4925E-09 2.5380E-09 2.5829E-09 2.6290E-09 2.6757E-09 2.7229E-09 2.7977E-09 2.9600E-09 3.5450E-09 5.1883E-09 8.9670E-09 1.5797E-08 2.5962E-08 3.8449E-08 5.0780E-08 6.0296E-08 6.5110E-08 6.4917E-08 6.0739E-08 5.4344E-08 4.7707E-08 4.2102E-08 3.8026E-08 3.5481E-08 3.4046E-08 3.3353E-08 3.3083E-08 3.3016E-08 3.3014E-08 3.2917E-08 3.2723E-08 3.2567E-08 3.2475E-08 3.2677E-08 3.3035E-08 3.3469E-08 3.3978E-08 3.4614E-08 3.5323E-08 3.6091E-08 3.6800E-08 3.7403E-08 3.7812E-08 3.7966E-08 3.7922E-08 3.7704E-08 3.7321E-08 3.6807E-08
2.0832E-09 2.1235E-09 2.1644E-09 2.2050E-09 2.2468E-09 2.2891E-09 2.3319E-09 2.3752E-09 2.4190E-09 2.4634E-09 2.5072E-09 2.5526E-09 2.5981E-09 2.6441E-09 2.6940E-09 2.7906E-09 3.0044E-09 3.7048E-09 5.4939E-09 9.1499E-09 1.5386E-08 2.4439E-08 3.5534E-08 4.6938E-08 5.6394E-08 6.2362E-08 6.4129E-08 6.2268E-08 5.7926E-08 5.2789E-08 4.8060E-08 4.4385E-08 4.1824E-08 4.0180E-08 3.9133E-08 3.8507E-08 3.8063E-08 3.7730E-08 3.7296E-08 3.6795E-08 3.6403E-08 3.6123E-08 3.6199E-08 3.6453E-08 3.6817E-08 3.7282E-08 3.7892E-08 3.8573E-08 3.9302E-08 3.9978E-08 4.0511E-08 4.0850E-08 4.0894E-08 4.0702E-08 4.0321E-08 3.9769E-08 3.9074E-08
2.0591E-09 2.0989E-09 2.1392E-09 2.1792E-09 2.2205E-09 2.2622E-09 2.3044E-09 2.3471E-09 2.3904E-09 2.4341E-09 2.4773E-09 2.5220E-09 2.5669E-09 2.6123E-09 2.6679E-09 2.7889E-09 3.0645E-09 3.8710E-09 5.7633E-09 9.2970E-09 1.4997E-08 2.3142E-08 3.3176E-08 4.3666E-08 5.2918E-08 5.9452E-08 6.2578E-08 6.2546E-08 6.0177E-08 5.6647E-08 5.2996E-08 4.9795E-08 4.7378E-08 4.5637E-08 4.4341E-08 4.3392E-08 4.2633E-08 4.1968E-08 4.1227E-08 4.0439E-08 3.9829E-08 3.9433E-08 3.9364E-08 3.9546E-08 3.9850E-08 4.0300E-08 4.0881E-08 4.1558E-08 4.2247E-08 4.2891E-08 4.3380E-08 4.3643E-08 4.3601E-08 4.3268E-08 4.2725E-08 4.2001E-08 4.1137E-08
