Assets/Resources/2015_m01_d14_1400(utc+0800)_l00_csi_1hr_conc.grd
DSAA
         159         159
     -79.000      79.000
     -79.000      79.000
  0.0000E+00  0.8268E-06
[rows 50 to 74 of 159, columns 57 to 113 of 159]
2.4558E-08 2.6044E-08 2.7310E-08 2.8257E-08 2.8793E-08 2.8849E-08 2.8377E-08 2.7315E-08 2.5689E-08 2.3547E-08 2.0954E-08 1.8110E-08 1.5097E-08 1.2118E-08 9.3876E-09 6.9339E-09 4.9041E-09 3.2997E-09 2.1018E-09 1.3117E-09 8.4520E-10 5.8539E-10 4.7139E-10 4.1166E-10 3.5527E-10 3.1591E-10 2.7599E-10 2.4021E-10 2.0611E-10 1.7767E-10 1.4875E-10 1.2650E-10 1.0390E-10 8.3144E-11 6.7531E-11 5.2612E-11 4.2752E-11 3.3079E-11 2.5463E-11 2.0176E-11 1.4265E-11 8.3110E-12 5.0325E-12 2.5373E-12 0.0000E+00 0.0000E+00 0.0000E+00 0.0000E+00 0.0000E+00 0.0000E+00 0.0000E+00 0.0000E+00 0.0000E+00 0.0000E+00 0.0000E+00 0.0000E+00 0.0000E+00
2.3863E-08 2.5671E-08 2.7292E-08 2.8642E-08 2.9611E-08 3.0101E-08 3.0018E-08 2.9304E-08 2.7936E-08 2.5931E-08 2.3410E-08 2.0426E-08 1.7201E-08 1.3962E-08 1.0816E-08 8.0059E-09 5.6631E-09 3.7787E-09 2.3419E-09 1.4165E-09 8.4214E-10 5.5171E-10 4.2759E-10 3.6552E-10 3.1875E-10 2.7883E-10 2.4221E-10 2.1189E-10 1.8245E-10 1.5203E-10 1.2890E-10 1.0856E-10 8.6767E-11 7.2111E-11 5.6137E-11 4.4562E-11 3.5616E-11 2.9140E-11 2.1495E-11 1.4723E-11 1.0022E-11 7.1228E-12 3.3697E-12 0.0000E+00 0.0000E+00 0.0000E+00 0.0000E+00 0.0000E+00 0.0000E+00 0.0000E+00 0.0000E+00 0.0000E+00 0.0000E+00 0.0000E+00 0.0000E+00 0.0000E+00 0.0000E+00
2.2973E-08 2.5062E-08 2.7041E-08 2.8801E-08 3.0223E-08 3.1189E-08 3.1564E-08 3.1279E-08 3.0280E-08 2.8545E-08 2.6104E-08 2.3110E-08 1.9732E-08 1.6143E-08 1.2615E-08 9.4177E-09 6.6276E-09 4.3984E-09 2.7376E-09 1.5673E-09 8.9479E-10 5.1969E-10 3.7998E-10 3.2611E-10 2.7944E-10 2.4321E-10 2.1328E-10 1.8272E-10 1.5370E-10 1.3062E-10 1.1116E-10 8.9618E-11 7.3865E-11 5.8436E-11 4.6875E-11 3.8709E-11 3.1283E-11 2.2778E-11 1.6858E-11 1.3143E-11 8.0772E-12 3.4835E-12 8.9353E-13 0.0000E+00 0.0000E+00 0.0000E+00 0.0000E+00 0.0000E+00 0.0000E+00 0.0000E+00 0.0000E+00 0.0000E+00 0.0000E+00 0.0000E+00 0.0000E+00 0.0000E+00 0.0000E+00
2.1840E-08 2.4173E-08 2.6471E-08 2.8628E-08 3.0520E-08 3.1981E-08 3.2904E-08 3.3159E-08 3.2610E-08 3.1237E-08 2.9049E-08 2.6119E-08 2.2609E-08 1.8738E-08 1.4859E-08 1.1139E-08 7.8785E-09 5.2708E-09 3.2530E-09 1.8384E-09 9.8641E-10 5.1231E-10 3.3840E-10 2.8501E-10 2.4439E-10 2.1374E-10 1.8361E-10 1.5480E-10 1.3306E-10 1.1314E-10 9.0971E-11 7.6347E-11 6.0534E-11 4.9761E-11 4.0553E-11 3.2703E-11 2.4929E-11 1.9084E-11 1.4215E-11 8.3143E-12 5.0450E-12 2.5591E-12 0.0000E+00 0.0000E+00 0.0000E+00 0.0000E+00 0.0000E+00 0.0000E+00 0.0000E+00 0.0000E+00 0.0000E+00 0.0000E+00 0.0000E+00 0.0000E+00 0.0000E+00 0.0000E+00 0.0000E+00
2.0453E-08 2.2969E-08 2.5544E-08 2.8065E-08 3.0386E-08 3.2383E-08 3.3905E-08 3.4743E-08 3.4793E-08 3.3944E-08 3.2129E-08 2.9406E-08 2.5877E-08 2.1860E-08 1.7536E-08 1.3327E-08 9.5793E-09 6.4035E-09 3.9696E-09 2.2660E-09 1.1511E-09 5.4679E-10 3.0294E-10 2.4789E-10 2.1288E-10 1.8127E-10 1.5534E-10 1.3389E-10 1.1278E-10 9.2468E-11 7.8360E-11 6.2128E-11 5.1875E-11 4.3251E-11 3.4393E-11 2.7130E-11 2.0826E-11 1.4570E-11 9.3951E-12 7.0990E-12 3.3698E-12 0.0000E+00 0.0000E+00 0.0000E+00 0.0000E+00 0.0000E+00 0.0000E+00 0.0000E+00 0.0000E+00 0.0000E+00 0.0000E+00 0.0000E+00 0.0000E+00 0.0000E+00 0.0000E+00 0.0000E+00 0.0000E+00
1.8792E-08 2.1424E-08 2.4200E-08 2.7003E-08 2.9725E-08 3.2256E-08 3.4357E-08 3.5880E-08 3.6630E-08 3.6428E-08 3.5178E-08 3.2819E-08 2.9511E-08 2.5349E-08 2.0752E-08 1.6100E-08 1.1702E-08 7.9350E-09 4.9997E-09 2.8425E-09 1.4511E-09 6.4959E-10 2.7098E-10 2.1466E-10 1.8100E-10 1.5420E-10 1.3178E-10 1.1080E-10 9.4419E-11 8.0043E-11 6.3324E-11 5.3793E-11 4.4696E-11 3.6588E-11 2.8702E-11 2.2337E-11 1.5606E-11 1.1988E-11 7.5923E-12 3.4595E-12 1.3588E-12 0.0000E+00 0.0000E+00 0.0000E+00 0.0000E+00 0.0000E+00 0.0000E+00 0.0000E+00 0.0000E+00 0.0000E+00 0.0000E+00 0.0000E+00 0.0000E+00 0.0000E+00 0.0000E+00 0.0000E+00 0.0000E+00
1.6886E-08 1.9542E-08 2.2402E-08 2.5400E-08 2.8478E-08 3.1437E-08 3.4129E-08 3.6365E-08 3.7882E-08 3.8491E-08 3.7971E-08 3.6260E-08 3.3282E-08 2.9288E-08 2.4534E-08 1.9414E-08 1.4405E-08 1.0003E-08 6.3706E-09 3.6865E-09 1.9090E-09 8.3162E-10 3.2169E-10 1.8139E-10 1.4862E-10 1.3057E-10 1.1116E-10 9.4425E-11 7.8419E-11 6.4782E-11 5.5689E-11 4.5652E-11 3.8157E-11 3.0429E-11 2.3191E-11 1.7100E-11 1.2930E-11 8.1687E-12 4.4113E-12 2.1457E-12 0.0000E+00 0.0000E+00 0.0000E+00 0.0000E+00 0.0000E+00 0.0000E+00 0.0000E+00 0.0000E+00 0.0000E+00 0.0000E+00 0.0000E+00 0.0000E+00 0.0000E+00 0.0000E+00 0.0000E+00 0.0000E+00 0.0000E+00
1.4769E-08 1.7340E-08 2.0197E-08 2.3286E-08 2.6563E-08 2.9875E-08 3.3097E-08 3.6009E-08 3.8344E-08 3.9858E-08 4.0275E-08 3.9378E-08 3.7120E-08 3.3479E-08 2.8787E-08 2.3375E-08 1.7888E-08 1.2680E-08 8.2729E-09 4.9438E-09 2.6130E-09 1.1851E-09 4.3657E-10 1.5350E-10 1.2906E-10 1.0992E-10 9.1083E-11 7.9140E-11 6.6107E-11 5.6933E-11 4.7744E-11 3.9094E-11 3.1317E-11 2.4685E-11 1.8407E-11 1.3166E-11 8.3270E-12 5.3314E-12 2.9103E-12 0.0000E+00 0.0000E+00 0.0000E+00 0.0000E+00 0.0000E+00 0.0000E+00 0.0000E+00 0.0000E+00 0.0000E+00 0.0000E+00 0.0000E+00 0.0000E+00 0.0000E+00 0.0000E+00 0.0000E+00 0.0000E+00 0.0000E+00 0.0000E+00
1.2512E-08 1.4931E-08 1.7634E-08 2.0690E-08 2.4029E-08 2.7559E-08 3.1197E-08 3.4681E-08 3.7819E-08 4.0295E-08 4.1769E-08 4.1981E-08 4.0621E-08 3.7747E-08 3.3371E-08 2.8001E-08 2.1993E-08 1.6096E-08 1.0870E-08 6.6434E-09 3.6039E-09 1.7244E-09 6.4588E-10 1.7058E-10 1.0807E-10 9.1229E-11 7.8817E-11 6.7741E-11 5.7703E-11 4.8745E-11 4.1884E-11 3.2376E-11 2.5750E-11 2.0340E-11 1.3765E-11 9.6313E-12 6.1216E-12 2.9686E-12 0.0000E+00 0.0000E+00 0.0000E+00 0.0000E+00 0.0000E+00 0.0000E+00 0.0000E+00 0.0000E+00 0.0000E+00 0.0000E+00 0.0000E+00 0.0000E+00 0.0000E+00 0.0000E+00 0.0000E+00 0.0000E+00 0.0000E+00 0.0000E+00 0.0000E+00
1.0256E-08 1.2374E-08 1.4857E-08 1.7729E-08 2.0972E-08 2.4578E-08 2.8415E-08 3.2375E-08 3.6215E-08 3.9625E-08 4.2245E-08 4.3652E-08 4.3564E-08 4.1681E-08 3.8106E-08 3.2944E-08 2.6836E-08 2.0364E-08 1.4221E-08 9.0115E-09 5.1372E-09 2.5174E-09 1.0470E-09 2.8711E-10 1.0091E-10 7.6114E-11 6.7104E-11 5.8326E-11 5.0444E-11 4.2230E-11 3.2683E-11 2.7094E-11 2.1256E-11 1.4242E-11 1.0582E-11 7.4950E-12 3.4307E-12 1.3604E-12 0.0000E+00 0.0000E+00 0.0000E+00 0.0000E+00 0.0000E+00 0.0000E+00 0.0000E+00 0.0000E+00 0.0000E+00 0.0000E+00 0.0000E+00 0.0000E+00 0.0000E+00 0.0000E+00 0.0000E+00 0.0000E+00 0.0000E+00 0.0000E+00 0.0000E+00
8.0409E-09 9.8761E-09 1.2012E-08 1.4579E-08 1.7606E-08 2.1053E-08 2.4950E-08 2.9176E-08 3.3526E-08 3.7741E-08 4.1454E-08 4.4188E-08 4.5473E-08 4.4993E-08 4.2447E-08 3.8072E-08 3.2149E-08 2.5348E-08 1.8422E-08 1.2238E-08 7.2035E-09 3.7502E-09 1.6114E-09 5.4648E-10 1.2556E-10 6.8639E-11 5.8967E-11 5.1360E-11 4.2467E-11 3.4229E-11 2.7926E-11 2.1448E-11 1.4813E-11 1.1378E-11 7.5888E-12 3.4783E-12 1.7508E-12 0.0000E+00 0.0000E+00 0.0000E+00 0.0000E+00 0.0000E+00 0.0000E+00 0.0000E+00 0.0000E+00 0.0000E+00 0.0000E+00 0.0000E+00 0.0000E+00 0.0000E+00 0.0000E+00 0.0000E+00 0.0000E+00 0.0000E+00 0.0000E+00 0.0000E+00 0.0000E+00
6.0648E-09 7.5235E-09 9.2866E-09 1.1474E-08 1.4128E-08 1.7265E-08 2.1030E-08 2.5242E-08 2.9878E-08 3.4749E-08 3.9376E-08 4.3343E-08 4.6119E-08 4.7082E-08 4.6061E-08 4.2760E-08 3.7520E-08 3.0796E-08 2.3463E-08 1.6236E-08 1.0081E-08 5.4639E-09 2.4601E-09 9.1056E-10 2.2386E-10 8.6094E-11 5.1983E-11 4.1682E-11 3.5285E-11 2.8748E-11 2.1582E-11 1.6304E-11 1.1479E-11 7.6627E-12 4.3872E-12 2.1550E-12 0.0000E+00 0.0000E+00 0.0000E+00 0.0000E+00 0.0000E+00 0.0000E+00 0.0000E+00 0.0000E+00 0.0000E+00 0.0000E+00 0.0000E+00 0.0000E+00 0.0000E+00 0.0000E+00 0.0000E+00 0.0000E+00 0.0000E+00 0.0000E+00 0.0000E+00 0.0000E+00 0.0000E+00
4.3707E-09 5.4718E-09 6.8353E-09 8.6031E-09 1.0775E-08 1.3527E-08 1.6894E-08 2.0892E-08 2.5650E-08 3.0772E-08 3.6105E-08 4.1157E-08 4.5184E-08 4.7782E-08 4.8272E-08 4.6489E-08 4.2360E-08 3.6302E-08 2.8910E-08 2.1047E-08 1.3803E-08 7.8020E-09 3.8047E-09 1.4700E-09 4.4457E-10 1.2156E-10 4.5078E-11 3.5812E-11 2.9131E-11 2.1960E-11 1.6609E-11 1.1856E-11 7.7160E-12 4.8894E-12 2.1785E-12 0.0000E+00 0.0000E+00 0.0000E+00 0.0000E+00 0.0000E+00 0.0000E+00 0.0000E+00 0.0000E+00 0.0000E+00 0.0000E+00 0.0000E+00 0.0000E+00 0.0000E+00 0.0000E+00 0.0000E+00 0.0000E+00 0.0000E+00 0.0000E+00 0.0000E+00 0.0000E+00 0.0000E+00 0.0000E+00
3.0173E-09 3.7931E-09 4.7948E-09 6.0921E-09 7.8222E-09 1.0026E-08 1.2889E-08 1.6567E-08 2.1016E-08 2.6223E-08 3.1979E-08 3.7686E-08 4.2854E-08 4.6757E-08 4.8836E-08 4.8626E-08 4.6043E-08 4.1142E-08 3.4250E-08 2.6374E-08 1.8121E-08 1.1021E-08 5.5890E-09 2.3803E-09 7.6188E-10 1.7937E-10 6.8480E-11 2.8540E-11 2.1643E-11 1.7208E-11 1.1898E-11 7.7483E-12 5.2795E-12 2.5137E-12 0.0000E+00 0.0000E+00 0.0000E+00 0.0000E+00 0.0000E+00 0.0000E+00 0.0000E+00 0.0000E+00 0.0000E+00 0.0000E+00 0.0000E+00 0.0000E+00 0.0000E+00 0.0000E+00 0.0000E+00 0.0000E+00 0.0000E+00 0.0000E+00 0.0000E+00 0.0000E+00 0.0000E+00 0.0000E+00 0.0000E+00
1.9588E-09 2.5101E-09 3.1622E-09 4.0896E-09 5.3079E-09 6.9814E-09 9.3296E-09 1.2415E-08 1.6473E-08 2.1540E-08 2.7323E-08 3.3476E-08 3.9365E-08 4.4291E-08 4.7590E-08 4.8918E-08 4.7953E-08 4.4458E-08 3.8955E-08 3.1371E-08 2.3040E-08 1.4711E-08 8.0744E-09 3.5571E-09 1.2739E-09 3.3654E-10 1.0135E-10 2.9019E-11 1.7511E-11 1.1907E-11 7.1890E-12 5.6101E-12 2.5276E-12 0.0000E+00 0.0000E+00 0.0000E+00 0.0000E+00 0.0000E+00 0.0000E+00 0.0000E+00 0.0000E+00 0.0000E+00 0.0000E+00 0.0000E+00 0.0000E+00 0.0000E+00 0.0000E+00 0.0000E+00 0.0000E+00 0.0000E+00 0.0000E+00 0.0000E+00 0.0000E+00 0.0000E+00 0.0000E+00 0.0000E+00 0.0000E+00
1.1956E-09 1.4875E-09 1.9136E-09 2.5168E-09 3.3475E-09 4.5393E-09 6.3118E-09 8.8134E-09 1.2414E-08 1.7056E-08 2.2724E-08 2.9027E-08 3.5251E-08 4.0740E-08 4.4920E-08 4.7403E-08 4.7705E-08 4.6071E-08 4.1864E-08 3.5672E-08 2.7474E-08 1.8799E-08 1.0787E-08 5.0954E-09 1.8649E-09 5.5175E-10 1.4406E-10 4.0956E-11 1.1884E-11 7.1855E-12 5.6159E-12 2.5347E-12 0.0000E+00 0.0000E+00 0.0000E+00 0.0000E+00 0.0000E+00 0.0000E+00 0.0000E+00 0.0000E+00 0.0000E+00 0.0000E+00 0.0000E+00 0.0000E+00 0.0000E+00 0.0000E+00 0.0000E+00 0.0000E+00 0.0000E+00 0.0000E+00 0.0000E+00 0.0000E+00 0.0000E+00 0.0000E+00 0.0000E+00 0.0000E+00 0.0000E+00
6.8765E-10 8.5415E-10 1.0710E-09 1.3804E-09 1.8841E-09 2.6849E-09 3.9364E-09 5.9416E-09 8.9571E-09 1.3186E-08 1.8627E-08 2.4799E-08 3.1154E-08 3.6861E-08 4.1507E-08 4.4438E-08 4.5960E-08 4.5382E-08 4.2995E-08 3.8076E-08 3.1092E-08 2.2268E-08 1.3596E-08 6.5607E-09 2.4814E-09 7.0283E-10 1.5707E-10 2.9158E-11 7.4692E-12 5.6065E-12 2.5351E-12 0.0000E+00 0.0000E+00 0.0000E+00 0.0000E+00 0.0000E+00 0.0000E+00 0.0000E+00 0.0000E+00 0.0000E+00 0.0000E+00 0.0000E+00 0.0000E+00 0.0000E+00 0.0000E+00 0.0000E+00 0.0000E+00 0.0000E+00 0.0000E+00 0.0000E+00 0.0000E+00 0.0000E+00 0.0000E+00 0.0000E+00 0.0000E+00 0.0000E+00 0.0000E+00
3.3487E-10 4.0535E-10 5.2883E-10 6.7726E-10 9.4436E-10 1.4091E-09 2.2637E-09 3.7974E-09 6.3202E-09 1.0154E-08 1.5266E-08 2.1380E-08 2.7652E-08 3.3439E-08 3.7923E-08 4.1222E-08 4.2911E-08 4.3414E-08 4.2136E-08 3.9025E-08 3.3131E-08 2.5041E-08 1.5707E-08 7.8799E-09 2.9187E-09 8.4060E-10 1.6540E-10 9.4436E-12 5.1773E-12 2.5288E-12 0.0000E+00 0.0000E+00 0.0000E+00 0.0000E+00 0.0000E+00 0.0000E+00 0.0000E+00 0.0000E+00 0.0000E+00 0.0000E+00 0.0000E+00 0.0000E+00 0.0000E+00 0.0000E+00 0.0000E+00 0.0000E+00 0.0000E+00 0.0000E+00 0.0000E+00 0.0000E+00 0.0000E+00 0.0000E+00 0.0000E+00 0.0000E+00 0.0000E+00 0.0000E+00 0.0000E+00
1.9485E-10 1.8137E-10 1.8758E-10 2.2481E-10 3.1312E-10 5.7764E-10 1.1348E-09 2.2988E-09 4.4601E-09 7.9736E-09 1.2983E-08 1.9001E-08 2.5342E-08 3.0873E-08 3.5250E-08 3.8110E-08 3.9918E-08 4.0594E-08 4.0389E-08 3.8397E-08 3.4068E-08 2.6493E-08 1.7028E-08 8.3349E-09 3.0274E-09 7.5213E-10 1.0897E-10 4.7852E-12 2.5158E-12 0.0000E+00 0.0000E+00 0.0000E+00 0.0000E+00 0.0000E+00 0.0000E+00 0.0000E+00 0.0000E+00 0.0000E+00 0.0000E+00 0.0000E+00 0.0000E+00 0.0000E+00 0.0000E+00 0.0000E+00 0.0000E+00 0.0000E+00 0.0000E+00 0.0000E+00 0.0000E+00 0.0000E+00 0.0000E+00 0.0000E+00 0.0000E+00 0.0000E+00 0.0000E+00 0.0000E+00 0.0000E+00
1.5946E-10 1.5170E-10 1.4422E-10 1.3733E-10 1.2886E-10 2.1338E-10 5.4115E-10 1.3836E-09 3.1825E-09 6.4590E-09 1.1349E-08 1.7596E-08 2.4091E-08 2.9737E-08 3.3705E-08 3.6170E-08 3.7547E-08 3.8256E-08 3.8243E-08 3.7335E-08 3.4105E-08 2.7351E-08 1.7437E-08 8.1986E-09 2.6428E-09 5.4657E-10 2.9825E-11 2.1191E-12 0.0000E+00 0.0000E+00 0.0000E+00 0.0000E+00 0.0000E+00 0.0000E+00 0.0000E+00 0.0000E+00 0.0000E+00 0.0000E+00 0.0000E+00 0.0000E+00 0.0000E+00 0.0000E+00 0.0000E+00 0.0000E+00 0.0000E+00 0.0000E+00 0.0000E+00 0.0000E+00 0.0000E+00 0.0000E+00 0.0000E+00 0.0000E+00 0.0000E+00 0.0000E+00 0.0000E+00 0.0000E+00 0.0000E+00
1.4219E-10 1.3525E-10 1.2888E-10 1.2213E-10 1.1599E-10 1.3720E-10 3.3008E-10 9.4217E-10 2.4589E-09 5.4821E-09 1.0410E-08 1.6922E-08 2.3742E-08 2.9467E-08 3.3360E-08 3.5379E-08 3.6370E-08 3.6724E-08 3.6862E-08 3.6333E-08 3.4142E-08 2.7787E-08 1.7426E-08 7.4606E-09 1.9798E-09 2.7446E-10 1.9335E-12 0.0000E+00 0.0000E+00 0.0000E+00 0.0000E+00 0.0000E+00 0.0000E+00 0.0000E+00 0.0000E+00 0.0000E+00 0.0000E+00 0.0000E+00 0.0000E+00 0.0000E+00 0.0000E+00 0.0000E+00 0.0000E+00 0.0000E+00 0.0000E+00 0.0000E+00 0.0000E+00 0.0000E+00 0.0000E+00 0.0000E+00 0.0000E+00 0.0000E+00 0.0000E+00 0.0000E+00 0.0000E+00 0.0000E+00 0.0000E+00
1.2767E-10 1.2238E-10 1.1543E-10 1.1036E-10 1.0475E-10 9.9892E-11 2.0912E-10 6.6072E-10 1.9127E-09 4.7356E-09 9.6870E-09 1.6596E-08 2.4115E-08 3.0536E-08 3.4231E-08 3.5700E-08 3.5789E-08 3.6159E-08 3.6233E-08 3.6097E-08 3.4551E-08 2.8761E-08 1.7360E-08 6.3876E-09 1.2326E-09 7.4313E-11 0.0000E+00 0.0000E+00 0.0000E+00 0.0000E+00 0.0000E+00 0.0000E+00 0.0000E+00 0.0000E+00 0.0000E+00 0.0000E+00 0.0000E+00 0.0000E+00 0.0000E+00 0.0000E+00 0.0000E+00 0.0000E+00 0.0000E+00 0.0000E+00 0.0000E+00 0.0000E+00 0.0000E+00 0.0000E+00 0.0000E+00 0.0000E+00 0.0000E+00 0.0000E+00 0.0000E+00 0.0000E+00 0.0000E+00 0.0000E+00 0.0000E+00
1.1536E-10 1.0994E-10 1.0524E-10 9.9964E-11 9.4905E-11 8.9835E-11 1.3147E-10 4.2084E-10 1.3763E-09 3.8425E-09 8.6549E-09 1.5941E-08 2.4841E-08 3.2547E-08 3.6934E-08 3.7782E-08 3.6749E-08 3.6067E-08 3.6182E-08 3.6166E-08 3.5282E-08 3.0102E-08 1.7427E-08 5.2170E-09 6.3991E-10 3.4028E-13 0.0000E+00 0.0000E+00 0.0000E+00 0.0000E+00 0.0000E+00 0.0000E+00 0.0000E+00 0.0000E+00 0.0000E+00 0.0000E+00 0.0000E+00 0.0000E+00 0.0000E+00 0.0000E+00 0.0000E+00 0.0000E+00 0.0000E+00 0.0000E+00 0.0000E+00 0.0000E+00 0.0000E+00 0.0000E+00 0.0000E+00 0.0000E+00 0.0000E+00 0.0000E+00 0.0000E+00 0.0000E+00 0.0000E+00 0.0000E+00 0.0000E+00
1.0445E-10 9.9552E-11 9.4628E-11 8.9893E-11 8.5143E-11 8.0608E-11 9.3449E-11 2.4572E-10 8.8369E-10 2.8174E-09 6.9308E-09 1.4146E-08 2.4205E-08 3.4694E-08 4.2657E-08 4.4103E-08 4.0580E-08 3.7164E-08 3.6172E-08 3.6289E-08 3.5985E-08 3.1802E-08 1.7458E-08 3.7989E-09 1.9683E-10 0.0000E+00 0.0000E+00 0.0000E+00 0.0000E+00 0.0000E+00 0.0000E+00 0.0000E+00 0.0000E+00 0.0000E+00 0.0000E+00 0.0000E+00 0.0000E+00 0.0000E+00 0.0000E+00 0.0000E+00 0.0000E+00 0.0000E+00 0.0000E+00 0.0000E+00 0.0000E+00 0.0000E+00 0.0000E+00 0.0000E+00 0.0000E+00 0.0000E+00 0.0000E+00 0.0000E+00 0.0000E+00 0.0000E+00 0.0000E+00 0.0000E+00 0.0000E+00
9.3791E-11 8.9322E-11 8.5485E-11 8.1147E-11 7.7468E-11 7.2787E-11 8.2086E-11 1.5181E-10 5.0532E-10 1.6929E-09 4.5632E-09 1.0595E-08 2.0190E-08 3.3344E-08 4.7573E-08 5.6354E-08 5.4957E-08 4.4214E-08 3.7105E-08 3.6449E-08 3.6820E-08 3.4586E-08 1.8223E-08 2.3565E-09 0.0000E+00 0.0000E+00 0.0000E+00 0.0000E+00 0.0000E+00 0.0000E+00 0.0000E+00 0.0000E+00 0.0000E+00 0.0000E+00 0.0000E+00 0.0000E+00 0.0000E+00 0.0000E+00 0.0000E+00 0.0000E+00 0.0000E+00 0.0000E+00 0.0000E+00 0.0000E+00 0.0000E+00 0.0000E+00 0.0000E+00 0.0000E+00 0.0000E+00 0.0000E+00 0.0000E+00 0.0000E+00 0.0000E+00 0.0000E+00 0.0000E+00 0.0000E+00 0.0000E+00
