Assets/Resources/2015_m01_d31_1400(utc+0800)_l00_csi_1hr_conc.grd
DSAA
         159         159
     -79.000      79.000
     -79.000      79.000
  0.0000E+00  0.2279E-05
[rows 0 to 24 of 159, columns 0 to 56 of 159]
2.0154E-10 2.5713E-10 3.2212E-10 3.9728E-10 4.8568E-10 5.8599E-10 7.0141E-10 8.3459E-10 9.8564E-10 1.1548E-09 1.3449E-09 1.5578E-09 1.7932E-09 2.0493E-09 2.3270E-09 2.6273E-09 2.9483E-09 3.2867E-09 3.6404E-09 4.0064E-09 4.3812E-09 4.7602E-09 5.1393E-09 5.5133E-09 5.8767E-09 6.2239E-09 6.5482E-09 6.8434E-09 7.1043E-09 7.3259E-09 7.5037E-09 7.6340E-09 7.7147E-09 7.7447E-09 7.7234E-09 7.6517E-09 7.5313E-09 7.3645E-09 7.1541E-09 6.9050E-09 6.6220E-09 6.3085E-09 5.9715E-09 5.6162E-09 5.2463E-09 4.8696E-09 4.4903E-09 4.1126E-09 3.7424E-09 3.3812E-09 3.0344E-09 2.7033E-09 2.3789E-09 2.0955E-09 1.8349E-09 1.5956E-09 1.3776E-09
2.0996E-10 2.6762E-10 3.3577E-10 4.1481E-10 5.0634E-10 6.1133E-10 7.3386E-10 8.7313E-10 1.0300E-09 1.2082E-09 1.4097E-09 1.6336E-09 1.8794E-09 2.1492E-09 2.4435E-09 2.7605E-09 3.0974E-09 3.4539E-09 3.8278E-09 4.2150E-09 4.6111E-09 5.0117E-09 5.4122E-09 5.8074E-09 6.1916E-09 6.5586E-09 6.9026E-09 7.2170E-09 7.4955E-09 7.7323E-09 7.9230E-09 8.0640E-09 8.1521E-09 8.1854E-09 8.1633E-09 8.0872E-09 7.9588E-09 7.7808E-09 7.5571E-09 7.2918E-09 6.9892E-09 6.6562E-09 6.2971E-09 5.9178E-09 5.5260E-09 5.1262E-09 4.7231E-09 4.3240E-09 3.9322E-09 3.5518E-09 3.1866E-09 2.8352E-09 2.4948E-09 2.1900E-09 1.9166E-09 1.6656E-09 1.4381E-09
2.1685E-10 2.7716E-10 3.4869E-10 4.3011E-10 5.2480E-10 6.3600E-10 7.6348E-10 9.0720E-10 1.0719E-09 1.2599E-09 1.4702E-09 1.7030E-09 1.9614E-09 2.2461E-09 2.5545E-09 2.8856E-09 3.2399E-09 3.6154E-09 4.0089E-09 4.4163E-09 4.8334E-09 5.2553E-09 5.6771E-09 6.0932E-09 6.4979E-09 6.8847E-09 7.2471E-09 7.5788E-09 7.8739E-09 8.1260E-09 8.3298E-09 8.4810E-09 8.5764E-09 8.6139E-09 8.5927E-09 8.5133E-09 8.3776E-09 8.1895E-09 7.9518E-09 7.6700E-09 7.3500E-09 6.9961E-09 6.6146E-09 6.2139E-09 5.7980E-09 5.3738E-09 4.9493E-09 4.5270E-09 4.1134E-09 3.7127E-09 3.3264E-09 2.9601E-09 2.6087E-09 2.2777E-09 1.9910E-09 1.7301E-09 1.4928E-09
2.2252E-10 2.8565E-10 3.5941E-10 4.4293E-10 5.4281E-10 6.5818E-10 7.8843E-10 9.3853E-10 1.1116E-09 1.3066E-09 1.5242E-09 1.7684E-09 2.0398E-09 2.3361E-09 2.6573E-09 3.0046E-09 3.3765E-09 3.7698E-09 4.1811E-09 4.6074E-09 5.0447E-09 5.4879E-09 5.9306E-09 6.3675E-09 6.7924E-09 7.1983E-09 7.5787E-09 7.9270E-09 8.2368E-09 8.5021E-09 8.7179E-09 8.8792E-09 8.9819E-09 9.0237E-09 9.0036E-09 8.9224E-09 8.7817E-09 8.5836E-09 8.3329E-09 8.0366E-09 7.6978E-09 7.3237E-09 6.9227E-09 6.4982E-09 6.0591E-09 5.6132E-09 5.1644E-09 4.7200E-09 4.2858E-09 3.8646E-09 3.4621E-09 3.0783E-09 2.7110E-09 2.3561E-09 2.0593E-09 1.7882E-09 1.5417E-09
2.2720E-10 2.9237E-10 3.6750E-10 4.5460E-10 5.5822E-10 6.7597E-10 8.1083E-10 9.6787E-10 1.1463E-09 1.3471E-09 1.5747E-09 1.8299E-09 2.1107E-09 2.4181E-09 2.7540E-09 3.1173E-09 3.5047E-09 3.9140E-09 4.3433E-09 4.7895E-09 5.2481E-09 5.7127E-09 6.1772E-09 6.6351E-09 7.0804E-09 7.5059E-09 7.9047E-09 8.2699E-09 8.5946E-09 8.8728E-09 9.0992E-09 9.2691E-09 9.3790E-09 9.4253E-09 9.4064E-09 9.3233E-09 9.1772E-09 8.9712E-09 8.7099E-09 8.3974E-09 8.0408E-09 7.6482E-09 7.2239E-09 6.7778E-09 6.3169E-09 5.8461E-09 5.3749E-09 4.9085E-09 4.4512E-09 4.0101E-09 3.5867E-09 3.1852E-09 2.8058E-09 2.4313E-09 2.1182E-09 1.8379E-09 1.5842E-09
2.3017E-10 2.9613E-10 3.7398E-10 4.6412E-10 5.6939E-10 6.9033E-10 8.3089E-10 9.9236E-10 1.1750E-09 1.3840E-09 1.6208E-09 1.8834E-09 2.1737E-09 2.4943E-09 2.8442E-09 3.2204E-09 3.6222E-09 4.0486E-09 4.4971E-09 4.9627E-09 5.4399E-09 5.9233E-09 6.4078E-09 6.8865E-09 7.3519E-09 7.7963E-09 8.2129E-09 8.5943E-09 8.9337E-09 9.2243E-09 9.4607E-09 9.6381E-09 9.7527E-09 9.8017E-09 9.7842E-09 9.6991E-09 9.5479E-09 9.3345E-09 9.0621E-09 8.7372E-09 8.3650E-09 7.9519E-09 7.5084E-09 7.0405E-09 6.5556E-09 6.0635E-09 5.5699E-09 5.0806E-09 4.6037E-09 4.1427E-09 3.7020E-09 3.2851E-09 2.8884E-09 2.5078E-09 2.1679E-09 1.8795E-09 1.6187E-09
2.3137E-10 2.9818E-10 3.7875E-10 4.7052E-10 5.7703E-10 7.0276E-10 8.4709E-10 1.0109E-09 1.2000E-09 1.4166E-09 1.6591E-09 1.9293E-09 2.2309E-09 2.5633E-09 2.9238E-09 3.3127E-09 3.7303E-09 4.1745E-09 4.6399E-09 5.1223E-09 5.6179E-09 6.1221E-09 6.6279E-09 7.1272E-09 7.6125E-09 8.0760E-09 8.5106E-09 8.9086E-09 9.2627E-09 9.5660E-09 9.8128E-09 9.9979E-09 1.0117E-08 1.0169E-08 1.0150E-08 1.0062E-08 9.9064E-09 9.6846E-09 9.4015E-09 9.0629E-09 8.6744E-09 8.2452E-09 7.7811E-09 7.2907E-09 6.7852E-09 6.2698E-09 5.7535E-09 5.2437E-09 4.7450E-09 4.2639E-09 3.8064E-09 3.3720E-09 2.9667E-09 2.5766E-09 2.2079E-09 1.9124E-09 1.6456E-09
2.3041E-10 2.9916E-10 3.8082E-10 4.7300E-10 5.8287E-10 7.1199E-10 8.5738E-10 1.0256E-09 1.2209E-09 1.4418E-09 1.6897E-09 1.9694E-09 2.2810E-09 2.6217E-09 2.9929E-09 3.3962E-09 3.8295E-09 4.2881E-09 4.7688E-09 5.2694E-09 5.7855E-09 6.3094E-09 6.8339E-09 7.3522E-09 7.8568E-09 8.3396E-09 8.7921E-09 9.2065E-09 9.5751E-09 9.8910E-09 1.0148E-08 1.0341E-08 1.0465E-08 1.0518E-08 1.0498E-08 1.0406E-08 1.0243E-08 1.0013E-08 9.7196E-09 9.3673E-09 8.9646E-09 8.5163E-09 8.0327E-09 7.5239E-09 6.9957E-09 6.4583E-09 5.9208E-09 5.3890E-09 4.8705E-09 4.3718E-09 3.8963E-09 3.4476E-09 3.0294E-09 2.6337E-09 2.2430E-09 1.9359E-09 1.6642E-09
2.2835E-10 2.9752E-10 3.7941E-10 4.7381E-10 5.8606E-10 7.1593E-10 8.6370E-10 1.0369E-09 1.2355E-09 1.4596E-09 1.7150E-09 2.0029E-09 2.3206E-09 2.6700E-09 3.0538E-09 3.4702E-09 3.9156E-09 4.3879E-09 4.8861E-09 5.4057E-09 5.9395E-09 6.4807E-09 7.0240E-09 7.5632E-09 8.0886E-09 8.5910E-09 9.0615E-09 9.4927E-09 9.8765E-09 1.0205E-08 1.0473E-08 1.0674E-08 1.0803E-08 1.0858E-08 1.0838E-08 1.0742E-08 1.0573E-08 1.0332E-08 1.0026E-08 9.6613E-09 9.2418E-09 8.7767E-09 8.2751E-09 7.7440E-09 7.1957E-09 6.6376E-09 6.0770E-09 5.5247E-09 4.9867E-09 4.4682E-09 3.9763E-09 3.5146E-09 3.0817E-09 2.6811E-09 2.2743E-09 1.9518E-09 1.6745E-09
2.2532E-10 2.9309E-10 3.7511E-10 4.7231E-10 5.8529E-10 7.1513E-10 8.6715E-10 1.0432E-09 1.2428E-09 1.4723E-09 1.7345E-09 2.0265E-09 2.3506E-09 2.7105E-09 3.1052E-09 3.5313E-09 3.9886E-09 4.4771E-09 4.9922E-09 5.5272E-09 6.0771E-09 6.6377E-09 7.2020E-09 7.7611E-09 8.3051E-09 8.8260E-09 9.3152E-09 9.7637E-09 1.0163E-08 1.0505E-08 1.0784E-08 1.0993E-08 1.1128E-08 1.1185E-08 1.1164E-08 1.1065E-08 1.0888E-08 1.0639E-08 1.0322E-08 9.9402E-09 9.5050E-09 9.0227E-09 8.5002E-09 7.9502E-09 7.3810E-09 6.7995E-09 6.2194E-09 5.6466E-09 5.0876E-09 4.5524E-09 4.0442E-09 3.5654E-09 3.1205E-09 2.7145E-09 2.3051E-09 1.9554E-09 1.6755E-09
2.2060E-10 2.8583E-10 3.6942E-10 4.6780E-10 5.7992E-10 7.1159E-10 8.6654E-10 1.0426E-09 1.2453E-09 1.4802E-09 1.7449E-09 2.0409E-09 2.3733E-09 2.7421E-09 3.1441E-09 3.5801E-09 4.0518E-09 4.5546E-09 5.0828E-09 5.6328E-09 6.2019E-09 6.7824E-09 7.3651E-09 7.9416E-09 8.5048E-09 9.0455E-09 9.5535E-09 1.0019E-08 1.0433E-08 1.0789E-08 1.1079E-08 1.1296E-08 1.1437E-08 1.1498E-08 1.1476E-08 1.1373E-08 1.1191E-08 1.0932E-08 1.0602E-08 1.0207E-08 9.7548E-09 9.2519E-09 8.7118E-09 8.1413E-09 7.5490E-09 6.9491E-09 6.3471E-09 5.7528E-09 5.1767E-09 4.6233E-09 4.0986E-09 3.6086E-09 3.1549E-09 2.7341E-09 2.3351E-09 1.9530E-09 1.6675E-09
2.1348E-10 2.7748E-10 3.6109E-10 4.5993E-10 5.7132E-10 7.0552E-10 8.6095E-10 1.0371E-09 1.2438E-09 1.4805E-09 1.7466E-09 2.0486E-09 2.3881E-09 2.7620E-09 3.1714E-09 3.6198E-09 4.1033E-09 4.6169E-09 5.1587E-09 5.7268E-09 6.3139E-09 6.9106E-09 7.5104E-09 8.1072E-09 8.6910E-09 9.2508E-09 9.7764E-09 1.0259E-08 1.0690E-08 1.1061E-08 1.1362E-08 1.1590E-08 1.1738E-08 1.1802E-08 1.1782E-08 1.1677E-08 1.1489E-08 1.1221E-08 1.0880E-08 1.0470E-08 9.9997E-09 9.4807E-09 8.9186E-09 8.3249E-09 7.7132E-09 7.0901E-09 6.4663E-09 5.8537E-09 5.2568E-09 4.6852E-09 4.1468E-09 3.6414E-09 3.1726E-09 2.7454E-09 2.3530E-09 1.9451E-09 1.6545E-09
2.0437E-10 2.6783E-10 3.5084E-10 4.4881E-10 5.6126E-10 6.9566E-10 8.4994E-10 1.0286E-09 1.2372E-09 1.4731E-09 1.7424E-09 2.0500E-09 2.3925E-09 2.7708E-09 3.1903E-09 3.6482E-09 4.1399E-09 4.6651E-09 5.2231E-09 5.8068E-09 6.4080E-09 7.0216E-09 7.6418E-09 8.2588E-09 8.8609E-09 9.4390E-09 9.9841E-09 1.0487E-08 1.0935E-08 1.1321E-08 1.1636E-08 1.1874E-08 1.2030E-08 1.2100E-08 1.2081E-08 1.1975E-08 1.1782E-08 1.1506E-08 1.1153E-08 1.0729E-08 1.0243E-08 9.7035E-09 9.1206E-09 8.5069E-09 7.8704E-09 7.2251E-09 6.5811E-09 5.9450E-09 5.3288E-09 4.7411E-09 4.1840E-09 3.6653E-09 3.1856E-09 2.7505E-09 2.3522E-09 1.9417E-09 1.6324E-09
1.9461E-10 2.5692E-10 3.3756E-10 4.3511E-10 5.4881E-10 6.8156E-10 8.3516E-10 1.0169E-09 1.2238E-09 1.4598E-09 1.7332E-09 2.0424E-09 2.3866E-09 2.7722E-09 3.1991E-09 3.6626E-09 4.1633E-09 4.7025E-09 5.2736E-09 5.8693E-09 6.4862E-09 7.1194E-09 7.7583E-09 8.3929E-09 9.0134E-09 9.6128E-09 1.0179E-08 1.0698E-08 1.1164E-08 1.1566E-08 1.1895E-08 1.2145E-08 1.2310E-08 1.2385E-08 1.2369E-08 1.2261E-08 1.2064E-08 1.1781E-08 1.1417E-08 1.0979E-08 1.0475E-08 9.9159E-09 9.3137E-09 8.6751E-09 8.0166E-09 7.3491E-09 6.6804E-09 6.0251E-09 5.3896E-09 4.7817E-09 4.2107E-09 3.6788E-09 3.1896E-09 2.7434E-09 2.3421E-09 1.9372E-09 1.6055E-09
1.8440E-10 2.4492E-10 3.2379E-10 4.1907E-10 5.3413E-10 6.6410E-10 8.1769E-10 1.0003E-09 1.2044E-09 1.4428E-09 1.7172E-09 2.0255E-09 2.3737E-09 2.7651E-09 3.1953E-09 3.6645E-09 4.1767E-09 4.7264E-09 5.3069E-09 5.9166E-09 6.5514E-09 7.2013E-09 7.8569E-09 8.5101E-09 9.1533E-09 9.7734E-09 1.0357E-08 1.0898E-08 1.1384E-08 1.1803E-08 1.2151E-08 1.2415E-08 1.2590E-08 1.2674E-08 1.2663E-08 1.2557E-08 1.2357E-08 1.2067E-08 1.1693E-08 1.1241E-08 1.0721E-08 1.0143E-08 9.5164E-09 8.8570E-09 8.1743E-09 7.4801E-09 6.7900E-09 6.1098E-09 5.4518E-09 4.8261E-09 4.2370E-09 3.6897E-09 3.1897E-09 2.7331E-09 2.3259E-09 1.9390E-09 1.5735E-09
1.7364E-10 2.3175E-10 3.0909E-10 4.0095E-10 5.1616E-10 6.4416E-10 7.9733E-10 9.7868E-10 1.1806E-09 1.4211E-09 1.6934E-09 2.0018E-09 2.3545E-09 2.7474E-09 3.1797E-09 3.6576E-09 4.1779E-09 4.7341E-09 5.3260E-09 5.9511E-09 6.6004E-09 7.2651E-09 7.9388E-09 8.6140E-09 9.2775E-09 9.9160E-09 1.0524E-08 1.1085E-08 1.1591E-08 1.2033E-08 1.2397E-08 1.2676E-08 1.2866E-08 1.2960E-08 1.2955E-08 1.2853E-08 1.2652E-08 1.2358E-08 1.1974E-08 1.1510E-08 1.0973E-08 1.0374E-08 9.7262E-09 9.0413E-09 8.3317E-09 7.6127E-09 6.8948E-09 6.1906E-09 5.5120E-09 4.8634E-09 4.2563E-09 3.6950E-09 3.1797E-09 2.7169E-09 2.3003E-09 1.9223E-09 1.5351E-09
1.6196E-10 2.1801E-10 2.9283E-10 3.8243E-10 4.9540E-10 6.2200E-10 7.7397E-10 9.5298E-10 1.1545E-09 1.3937E-09 1.6626E-09 1.9737E-09 2.3266E-09 2.7185E-09 3.1559E-09 3.6399E-09 4.1639E-09 4.7278E-09 5.3324E-09 5.9698E-09 6.6312E-09 7.3125E-09 8.0067E-09 8.7009E-09 9.3826E-09 1.0046E-08 1.0676E-08 1.1261E-08 1.1791E-08 1.2251E-08 1.2635E-08 1.2935E-08 1.3139E-08 1.3246E-08 1.3252E-08 1.3152E-08 1.2953E-08 1.2654E-08 1.2263E-08 1.1786E-08 1.1232E-08 1.0614E-08 9.9435E-09 9.2324E-09 8.4987E-09 7.7505E-09 7.0059E-09 6.2743E-09 5.5671E-09 4.8977E-09 4.2723E-09 3.6933E-09 3.1675E-09 2.6955E-09 2.2717E-09 1.8914E-09 1.5127E-09
1.5083E-10 2.0410E-10 2.7575E-10 3.6215E-10 4.7222E-10 5.9762E-10 7.4694E-10 9.2379E-10 1.1245E-09 1.3601E-09 1.6268E-09 1.9392E-09 2.2891E-09 2.6817E-09 3.1236E-09 3.6090E-09 4.1364E-09 4.7102E-09 5.3242E-09 5.9702E-09 6.6457E-09 7.3452E-09 8.0553E-09 8.7678E-09 9.4741E-09 1.0159E-08 1.0814E-08 1.1424E-08 1.1977E-08 1.2464E-08 1.2874E-08 1.3193E-08 1.3418E-08 1.3541E-08 1.3558E-08 1.3469E-08 1.3274E-08 1.2976E-08 1.2579E-08 1.2090E-08 1.1522E-08 1.0883E-08 1.0187E-08 9.4510E-09 8.6847E-09 7.9057E-09 7.1296E-09 6.3688E-09 5.6359E-09 4.9408E-09 4.2902E-09 3.6939E-09 3.1535E-09 2.6680E-09 2.2411E-09 1.8543E-09 1.4946E-09
1.3963E-10 1.8842E-10 2.5897E-10 3.4156E-10 4.4788E-10 5.7050E-10 7.1694E-10 8.9054E-10 1.0907E-09 1.3215E-09 1.5871E-09 1.8972E-09 2.2431E-09 2.6383E-09 3.0802E-09 3.5646E-09 4.0985E-09 4.6790E-09 5.2973E-09 5.9544E-09 6.6450E-09 7.3568E-09 8.0849E-09 8.8194E-09 9.5467E-09 1.0257E-08 1.0938E-08 1.1573E-08 1.2156E-08 1.2670E-08 1.3103E-08 1.3449E-08 1.3696E-08 1.3840E-08 1.3876E-08 1.3798E-08 1.3609E-08 1.3311E-08 1.2909E-08 1.2411E-08 1.1826E-08 1.1168E-08 1.0449E-08 9.6824E-09 8.8863E-09 8.0760E-09 7.2677E-09 6.4736E-09 5.7078E-09 4.9831E-09 4.3111E-09 3.6929E-09 3.1355E-09 2.6406E-09 2.2028E-09 1.8145E-09 1.4640E-09
1.2857E-10 1.7296E-10 2.4240E-10 3.1829E-10 4.2357E-10 5.4093E-10 6.8539E-10 8.5387E-10 1.0522E-09 1.2787E-09 1.5420E-09 1.8471E-09 2.1912E-09 2.5861E-09 3.0240E-09 3.5102E-09 4.0481E-09 4.6299E-09 5.2553E-09 5.9233E-09 6.6233E-09 7.3503E-09 8.0966E-09 8.8492E-09 9.6011E-09 1.0336E-08 1.1042E-08 1.1711E-08 1.2322E-08 1.2864E-08 1.3332E-08 1.3707E-08 1.3982E-08 1.4151E-08 1.4205E-08 1.4143E-08 1.3967E-08 1.3674E-08 1.3272E-08 1.2767E-08 1.2168E-08 1.1490E-08 1.0744E-08 9.9485E-09 9.1192E-09 8.2723E-09 7.4264E-09 6.5958E-09 5.7966E-09 5.0424E-09 4.3390E-09 3.6976E-09 3.1222E-09 2.6096E-09 2.1648E-09 1.7716E-09 1.4208E-09
1.1467E-10 1.5895E-10 2.2303E-10 2.9684E-10 3.9816E-10 5.1026E-10 6.5138E-10 8.1461E-10 1.0103E-09 1.2317E-09 1.4917E-09 1.7906E-09 2.1331E-09 2.5236E-09 2.9571E-09 3.4452E-09 3.9824E-09 4.5655E-09 5.1979E-09 5.8723E-09 6.5825E-09 7.3236E-09 8.0853E-09 8.8601E-09 9.6332E-09 1.0394E-08 1.1133E-08 1.1828E-08 1.2472E-08 1.3053E-08 1.3551E-08 1.3958E-08 1.4267E-08 1.4464E-08 1.4545E-08 1.4506E-08 1.4341E-08 1.4057E-08 1.3656E-08 1.3145E-08 1.2534E-08 1.1835E-08 1.1065E-08 1.0238E-08 9.3723E-09 8.4878E-09 7.6027E-09 6.7342E-09 5.8982E-09 5.1074E-09 4.3746E-09 3.7072E-09 3.1081E-09 2.5824E-09 2.1235E-09 1.7248E-09 1.3762E-09
1.0260E-10 1.4576E-10 2.0306E-10 2.7571E-10 3.6943E-10 4.7939E-10 6.1540E-10 7.7371E-10 9.6509E-10 1.1812E-09 1.4353E-09 1.7283E-09 2.0678E-09 2.4510E-09 2.8819E-09 3.3685E-09 3.9019E-09 4.4871E-09 5.1228E-09 5.8021E-09 6.5204E-09 7.2739E-09 8.0531E-09 8.8445E-09 9.6419E-09 1.0433E-08 1.1197E-08 1.1928E-08 1.2611E-08 1.3224E-08 1.3760E-08 1.4210E-08 1.4553E-08 1.4786E-08 1.4897E-08 1.4882E-08 1.4741E-08 1.4472E-08 1.4076E-08 1.3565E-08 1.2944E-08 1.2228E-08 1.1432E-08 1.0572E-08 9.6701E-09 8.7442E-09 7.8159E-09 6.9031E-09 6.0234E-09 5.1937E-09 4.4268E-09 3.7303E-09 3.1073E-09 2.5597E-09 2.0904E-09 1.6782E-09 1.3275E-09
9.3443E-11 1.2967E-10 1.8716E-10 2.5361E-10 3.4276E-10 4.4829E-10 5.7884E-10 7.3082E-10 9.1650E-10 1.1281E-09 1.3756E-09 1.6613E-09 1.9954E-09 2.3705E-09 2.7979E-09 3.2787E-09 3.8077E-09 4.3934E-09 5.0294E-09 5.7099E-09 6.4377E-09 7.2027E-09 7.9935E-09 8.8056E-09 9.6274E-09 1.0441E-08 1.1240E-08 1.2006E-08 1.2721E-08 1.3379E-08 1.3961E-08 1.4448E-08 1.4835E-08 1.5108E-08 1.5256E-08 1.5277E-08 1.5162E-08 1.4909E-08 1.4526E-08 1.4015E-08 1.3387E-08 1.2655E-08 1.1834E-08 1.0943E-08 1.0001E-08 9.0311E-09 8.0562E-09 7.0960E-09 6.1710E-09 5.2998E-09 4.4947E-09 3.7636E-09 3.1125E-09 2.5464E-09 2.0641E-09 1.6427E-09 1.2772E-09
8.1725E-11 1.1522E-10 1.7120E-10 2.3026E-10 3.1861E-10 4.1460E-10 5.4294E-10 6.8764E-10 8.6636E-10 1.0723E-09 1.3132E-09 1.5905E-09 1.9169E-09 2.2832E-09 2.7060E-09 3.1774E-09 3.7032E-09 4.2856E-09 4.9164E-09 5.6011E-09 6.3341E-09 7.1039E-09 7.9095E-09 8.7394E-09 9.5804E-09 1.0425E-08 1.1254E-08 1.2054E-08 1.2814E-08 1.3516E-08 1.4139E-08 1.4675E-08 1.5111E-08 1.5430E-08 1.5624E-08 1.5680E-08 1.5597E-08 1.5374E-08 1.5007E-08 1.4504E-08 1.3873E-08 1.3127E-08 1.2282E-08 1.1357E-08 1.0374E-08 9.3582E-09 8.3336E-09 7.3224E-09 6.3469E-09 5.4270E-09 4.5766E-09 3.8106E-09 3.1340E-09 2.5443E-09 2.0408E-09 1.6142E-09 1.2314E-09
7.0223E-11 1.0312E-10 1.5321E-10 2.1064E-10 2.9276E-10 3.8147E-10 5.0645E-10 6.4448E-10 8.1598E-10 1.0144E-09 1.2489E-09 1.5171E-09 1.8345E-09 2.1907E-09 2.6055E-09 3.0670E-09 3.5882E-09 4.1612E-09 4.7892E-09 5.4738E-09 6.2058E-09 6.9831E-09 7.7990E-09 8.6431E-09 9.5069E-09 1.0375E-08 1.1234E-08 1.2076E-08 1.2876E-08 1.3619E-08 1.4298E-08 1.4889E-08 1.5376E-08 1.5747E-08 1.5988E-08 1.6094E-08 1.6054E-08 1.5862E-08 1.5519E-08 1.5029E-08 1.4399E-08 1.3644E-08 1.2778E-08 1.1821E-08 1.0798E-08 9.7332E-09 8.6545E-09 7.5865E-09 6.5557E-09 5.5821E-09 4.6896E-09 3.8821E-09 3.1675E-09 2.5494E-09 2.0290E-09 1.5958E-09 1.2052E-09
