Assets/Resources/2015_m01_d08_1900(utc+0800)_l00_csi_1hr_conc.grd
DSAA
         159         159
     -79.000      79.000
     -79.000      79.000
  0.2059E-09  0.3204E-04
[rows 50 to 74 of 159, columns 0 to 56 of 159]
1.0121E-09 1.0405E-09 1.0704E-09 1.1000E-09 1.1301E-09 1.1608E-09 1.1920E-09 1.2238E-09 1.2561E-09 1.2889E-09 1.3223E-09 1.3562E-09 1.3906E-09 1.4255E-09 1.4609E-09 1.4980E-09 1.5357E-09 1.5728E-09 1.6104E-09 1.6485E-09 1.7038E-09 1.7492E-09 1.8059E-09 1.8824E-09 1.9377E-09 2.0009E-09 2.0654E-09 2.1363E-09 2.2114E-09 2.2966E-09 2.4036E-09 2.5015E-09 2.6126E-09 2.7550E-09 2.8852E-09 3.0329E-09 3.2078E-09 3.3742E-09 3.5924E-09 3.8317E-09 4.0601E-09 4.3055E-09 4.5828E-09 4.8938E-09 5.2116E-09 5.5558E-09 5.8795E-09 6.2457E-09 6.6298E-09 7.0243E-09 7.4067E-09 7.8225E-09 8.2368E-09 8.6375E-09 9.0370E-09 9.4314E-09 9.8167E-09
1.0126E-09 1.0411E-09 1.0711E-09 1.1007E-09 1.1309E-09 1.1616E-09 1.1929E-09 1.2247E-09 1.2571E-09 1.2899E-09 1.3234E-09 1.3573E-09 1.3918E-09 1.4268E-09 1.4623E-09 1.5006E-09 1.5373E-09 1.5745E-09 1.6122E-09 1.6504E-09 1.7013E-09 1.7479E-09 1.7960E-09 1.8691E-09 1.9350E-09 1.9962E-09 2.0551E-09 2.1344E-09 2.2083E-09 2.3132E-09 2.4087E-09 2.5071E-09 2.6432E-09 2.7624E-09 2.8909E-09 3.0493E-09 3.2385E-09 3.4391E-09 3.6706E-09 3.8949E-09 4.1411E-09 4.4164E-09 4.7193E-09 5.0473E-09 5.3981E-09 5.7472E-09 6.1119E-09 6.5164E-09 6.9350E-09 7.3683E-09 7.7916E-09 8.2397E-09 8.6808E-09 9.1256E-09 9.5701E-09 1.0010E-08 1.0453E-08
1.0129E-09 1.0418E-09 1.0714E-09 1.1011E-09 1.1313E-09 1.1621E-09 1.1934E-09 1.2253E-09 1.2577E-09 1.2906E-09 1.3241E-09 1.3581E-09 1.3926E-09 1.4277E-09 1.4633E-09 1.5017E-09 1.5385E-09 1.5758E-09 1.6135E-09 1.6518E-09 1.6967E-09 1.7465E-09 1.7926E-09 1.8405E-09 1.9305E-09 1.9861E-09 2.0511E-09 2.1307E-09 2.1979E-09 2.3158E-09 2.4051E-09 2.5106E-09 2.6422E-09 2.7687E-09 2.9099E-09 3.0791E-09 3.2931E-09 3.5029E-09 3.7259E-09 3.9696E-09 4.2386E-09 4.5283E-09 4.8639E-09 5.2131E-09 5.5676E-09 5.9353E-09 6.3602E-09 6.7996E-09 7.2560E-09 7.7057E-09 8.1859E-09 8.6646E-09 9.1526E-09 9.6457E-09 1.0143E-08 1.0644E-08 1.1145E-08
1.0128E-09 1.0418E-09 1.0715E-09 1.1012E-09 1.1314E-09 1.1622E-09 1.1936E-09 1.2255E-09 1.2580E-09 1.2909E-09 1.3245E-09 1.3585E-09 1.3931E-09 1.4282E-09 1.4650E-09 1.5024E-09 1.5393E-09 1.5766E-09 1.6144E-09 1.6527E-09 1.7043E-09 1.7484E-09 1.7932E-09 1.8375E-09 1.8987E-09 1.9805E-09 2.0412E-09 2.1198E-09 2.2001E-09 2.3126E-09 2.4065E-09 2.5334E-09 2.6502E-09 2.7757E-09 2.9199E-09 3.1215E-09 3.3283E-09 3.5544E-09 3.7924E-09 4.0384E-09 4.3361E-09 4.6601E-09 5.0099E-09 5.3657E-09 5.7340E-09 6.1655E-09 6.6150E-09 7.0908E-09 7.5614E-09 8.0716E-09 8.5851E-09 9.1122E-09 9.6506E-09 1.0203E-08 1.0759E-08 1.1324E-08 1.1869E-08
1.0125E-09 1.0420E-09 1.0712E-09 1.1010E-09 1.1312E-09 1.1621E-09 1.1935E-09 1.2254E-09 1.2579E-09 1.2909E-09 1.3245E-09 1.3586E-09 1.3932E-09 1.4283E-09 1.4652E-09 1.5027E-09 1.5396E-09 1.5770E-09 1.6148E-09 1.6532E-09 1.7070E-09 1.7498E-09 1.7949E-09 1.8435E-09 1.8877E-09 1.9657E-09 2.0380E-09 2.1137E-09 2.2054E-09 2.3123E-09 2.4053E-09 2.5399E-09 2.6589E-09 2.7943E-09 2.9726E-09 3.1622E-09 3.3582E-09 3.5989E-09 3.8495E-09 4.1213E-09 4.4444E-09 4.7901E-09 5.1323E-09 5.5094E-09 5.9646E-09 6.4195E-09 6.8795E-09 7.3643E-09 7.8857E-09 8.4367E-09 8.9992E-09 9.5795E-09 1.0179E-08 1.0789E-08 1.1416E-08 1.2028E-08 1.2638E-08
1.0119E-09 1.0415E-09 1.0707E-09 1.1004E-09 1.1307E-09 1.1616E-09 1.1930E-09 1.2250E-09 1.2575E-09 1.2905E-09 1.3241E-09 1.3582E-09 1.3929E-09 1.4281E-09 1.4661E-09 1.5025E-09 1.5395E-09 1.5769E-09 1.6148E-09 1.6658E-09 1.7093E-09 1.7522E-09 1.7961E-09 1.8451E-09 1.8910E-09 1.9565E-09 2.0328E-09 2.1041E-09 2.2047E-09 2.3094E-09 2.4134E-09 2.5443E-09 2.6658E-09 2.8097E-09 3.0122E-09 3.1930E-09 3.3841E-09 3.6381E-09 3.9178E-09 4.2259E-09 4.5580E-09 4.8937E-09 5.2635E-09 5.7044E-09 6.1659E-09 6.6298E-09 7.1233E-09 7.6566E-09 8.2246E-09 8.8117E-09 9.4251E-09 1.0065E-08 1.0727E-08 1.1411E-08 1.2088E-08 1.2770E-08 1.3448E-08
1.0116E-09 1.0407E-09 1.0699E-09 1.0996E-09 1.1299E-09 1.1608E-09 1.1922E-09 1.2242E-09 1.2567E-09 1.2898E-09 1.3234E-09 1.3575E-09 1.3922E-09 1.4274E-09 1.4655E-09 1.5020E-09 1.5389E-09 1.5764E-09 1.6143E-09 1.6674E-09 1.7097E-09 1.7543E-09 1.7996E-09 1.8462E-09 1.8956E-09 1.9654E-09 2.0255E-09 2.1094E-09 2.1986E-09 2.3013E-09 2.4237E-09 2.5476E-09 2.6807E-09 2.8599E-09 3.0417E-09 3.2235E-09 3.4391E-09 3.6859E-09 3.9802E-09 4.3067E-09 4.6438E-09 5.0022E-09 5.4274E-09 5.8845E-09 6.3457E-09 6.8406E-09 7.3793E-09 7.9573E-09 8.5614E-09 9.1974E-09 9.8626E-09 1.0567E-08 1.1300E-08 1.2038E-08 1.2787E-08 1.3540E-08 1.4310E-08
1.0104E-09 1.0395E-09 1.0687E-09 1.0985E-09 1.1288E-09 1.1597E-09 1.1911E-09 1.2231E-09 1.2556E-09 1.2887E-09 1.3223E-09 1.3564E-09 1.3911E-09 1.4275E-09 1.4645E-09 1.5010E-09 1.5379E-09 1.5754E-09 1.6196E-09 1.6686E-09 1.7095E-09 1.7544E-09 1.8015E-09 1.8483E-09 1.9111E-09 1.9682E-09 2.0257E-09 2.1100E-09 2.2007E-09 2.3049E-09 2.4259E-09 2.5588E-09 2.7041E-09 2.8865E-09 3.0655E-09 3.2534E-09 3.4803E-09 3.7414E-09 4.0439E-09 4.3868E-09 4.7334E-09 5.1226E-09 5.5758E-09 6.0345E-09 6.5237E-09 7.0516E-09 7.6295E-09 8.2509E-09 8.9015E-09 9.5883E-09 1.0321E-08 1.1075E-08 1.1873E-08 1.2677E-08 1.3499E-08 1.4353E-08 1.5196E-08
1.0095E-09 1.0381E-09 1.0673E-09 1.0971E-09 1.1274E-09 1.1582E-09 1.1896E-09 1.2216E-09 1.2541E-09 1.2872E-09 1.3208E-09 1.3549E-09 1.3896E-09 1.4260E-09 1.4631E-09 1.4995E-09 1.5365E-09 1.5740E-09 1.6246E-09 1.6678E-09 1.7119E-09 1.7539E-09 1.8027E-09 1.8516E-09 1.9159E-09 1.9737E-09 2.0296E-09 2.1241E-09 2.2077E-09 2.3205E-09 2.4408E-09 2.5740E-09 2.7262E-09 2.9088E-09 3.0878E-09 3.2887E-09 3.5365E-09 3.8108E-09 4.0955E-09 4.4439E-09 4.8338E-09 5.2595E-09 5.7062E-09 6.1813E-09 6.6996E-09 7.2701E-09 7.8887E-09 8.5434E-09 9.2410E-09 9.9910E-09 1.0771E-08 1.1603E-08 1.2452E-08 1.3331E-08 1.4245E-08 1.5168E-08 1.6124E-08
1.0078E-09 1.0364E-09 1.0656E-09 1.0953E-09 1.1256E-09 1.1564E-09 1.1878E-09 1.2198E-09 1.2523E-09 1.2853E-09 1.3189E-09 1.3531E-09 1.3877E-09 1.4253E-09 1.4612E-09 1.4977E-09 1.5346E-09 1.5721E-09 1.6247E-09 1.6666E-09 1.7109E-09 1.7546E-09 1.8021E-09 1.8585E-09 1.9200E-09 1.9777E-09 2.0393E-09 2.1372E-09 2.2178E-09 2.3464E-09 2.4589E-09 2.6123E-09 2.7558E-09 2.9321E-09 3.1074E-09 3.3285E-09 3.5798E-09 3.8541E-09 4.1549E-09 4.5146E-09 4.9225E-09 5.3618E-09 5.8265E-09 6.3260E-09 6.8722E-09 7.4762E-09 8.1340E-09 8.8310E-09 9.5753E-09 1.0380E-08 1.1232E-08 1.2113E-08 1.3034E-08 1.3986E-08 1.4987E-08 1.6018E-08 1.7052E-08
1.0059E-09 1.0344E-09 1.0636E-09 1.0933E-09 1.1235E-09 1.1544E-09 1.1857E-09 1.2177E-09 1.2501E-09 1.2832E-09 1.3167E-09 1.3508E-09 1.3855E-09 1.4230E-09 1.4590E-09 1.4954E-09 1.5323E-09 1.5760E-09 1.6245E-09 1.6649E-09 1.7094E-09 1.7561E-09 1.8032E-09 1.8659E-09 1.9227E-09 1.9805E-09 2.0465E-09 2.1513E-09 2.2301E-09 2.3683E-09 2.4912E-09 2.6282E-09 2.7833E-09 2.9606E-09 3.1362E-09 3.3698E-09 3.6254E-09 3.8952E-09 4.2094E-09 4.5798E-09 5.0008E-09 5.4572E-09 5.9409E-09 6.4662E-09 7.0494E-09 7.6874E-09 8.3720E-09 9.1099E-09 9.9132E-09 1.0759E-08 1.1671E-08 1.2618E-08 1.3607E-08 1.4656E-08 1.5729E-08 1.6857E-08 1.7986E-08
1.0036E-09 1.0322E-09 1.0613E-09 1.0909E-09 1.1212E-09 1.1519E-09 1.1833E-09 1.2152E-09 1.2476E-09 1.2806E-09 1.3141E-09 1.3482E-09 1.3840E-09 1.4204E-09 1.4563E-09 1.4927E-09 1.5296E-09 1.5795E-09 1.6222E-09 1.6643E-09 1.7074E-09 1.7543E-09 1.8041E-09 1.8701E-09 1.9277E-09 1.9868E-09 2.0526E-09 2.1560E-09 2.2421E-09 2.3890E-09 2.5120E-09 2.6526E-09 2.8253E-09 2.9902E-09 3.1793E-09 3.4182E-09 3.6584E-09 3.9358E-09 4.2838E-09 4.6508E-09 5.0596E-09 5.5268E-09 6.0483E-09 6.5972E-09 7.2093E-09 7.8812E-09 8.6007E-09 9.3778E-09 1.0228E-08 1.1139E-08 1.2095E-08 1.3105E-08 1.4185E-08 1.5300E-08 1.6481E-08 1.7684E-08 1.8911E-08
1.0011E-09 1.0296E-09 1.0587E-09 1.0883E-09 1.1185E-09 1.1492E-09 1.1805E-09 1.2123E-09 1.2447E-09 1.2777E-09 1.3112E-09 1.3452E-09 1.3809E-09 1.4173E-09 1.4532E-09 1.4895E-09 1.5264E-09 1.5783E-09 1.6195E-09 1.6632E-09 1.7064E-09 1.7533E-09 1.8092E-09 1.8691E-09 1.9289E-09 1.9890E-09 2.0708E-09 2.1665E-09 2.2581E-09 2.4099E-09 2.5289E-09 2.6845E-09 2.8566E-09 3.0233E-09 3.2344E-09 3.4561E-09 3.7024E-09 3.9913E-09 4.3389E-09 4.7030E-09 5.1175E-09 5.5954E-09 6.1189E-09 6.7217E-09 7.3590E-09 8.0607E-09 8.8157E-09 9.6447E-09 1.0527E-08 1.1488E-08 1.2498E-08 1.3574E-08 1.4727E-08 1.5939E-08 1.7191E-08 1.8484E-08 1.9810E-08
9.9836E-10 1.0268E-09 1.0558E-09 1.0854E-09 1.1155E-09 1.1462E-09 1.1774E-09 1.2092E-09 1.2415E-09 1.2744E-09 1.3078E-09 1.3418E-09 1.3775E-09 1.4139E-09 1.4497E-09 1.4860E-09 1.5228E-09 1.5751E-09 1.6164E-09 1.6602E-09 1.7050E-09 1.7525E-09 1.8079E-09 1.8692E-09 1.9298E-09 1.9892E-09 2.0742E-09 2.1704E-09 2.2692E-09 2.4161E-09 2.5388E-09 2.7048E-09 2.8830E-09 3.0492E-09 3.2699E-09 3.4945E-09 3.7458E-09 4.0626E-09 4.3952E-09 4.7569E-09 5.1749E-09 5.6559E-09 6.2094E-09 6.8339E-09 7.5008E-09 8.2238E-09 9.0116E-09 9.8795E-09 1.0807E-08 1.1817E-08 1.2881E-08 1.4032E-08 1.5235E-08 1.6530E-08 1.7863E-08 1.9244E-08 2.0696E-08
9.9531E-10 1.0237E-09 1.0526E-09 1.0821E-09 1.1122E-09 1.1428E-09 1.1740E-09 1.2057E-09 1.2380E-09 1.2708E-09 1.3041E-09 1.3380E-09 1.3749E-09 1.4100E-09 1.4458E-09 1.4820E-09 1.5250E-09 1.5729E-09 1.6143E-09 1.6567E-09 1.7029E-09 1.7519E-09 1.8151E-09 1.8720E-09 1.9325E-09 1.9951E-09 2.0786E-09 2.1791E-09 2.2834E-09 2.4228E-09 2.5562E-09 2.7352E-09 2.9027E-09 3.0930E-09 3.2961E-09 3.5313E-09 3.8016E-09 4.1065E-09 4.4433E-09 4.8185E-09 5.2499E-09 5.7290E-09 6.2747E-09 6.9023E-09 7.6185E-09 8.3679E-09 9.1928E-09 1.0090E-08 1.1071E-08 1.2114E-08 1.3231E-08 1.4442E-08 1.5712E-08 1.7075E-08 1.8484E-08 1.9974E-08 2.1499E-08
9.9199E-10 1.0203E-09 1.0492E-09 1.0786E-09 1.1086E-09 1.1391E-09 1.1702E-09 1.2019E-09 1.2341E-09 1.2668E-09 1.3001E-09 1.3339E-09 1.3707E-09 1.4058E-09 1.4414E-09 1.4776E-09 1.5268E-09 1.5689E-09 1.6118E-09 1.6542E-09 1.6990E-09 1.7483E-09 1.8142E-09 1.8714E-09 1.9325E-09 2.0030E-09 2.0838E-09 2.1845E-09 2.2909E-09 2.4324E-09 2.5721E-09 2.7586E-09 2.9183E-09 3.1128E-09 3.3256E-09 3.5591E-09 3.8407E-09 4.1500E-09 4.4940E-09 4.8717E-09 5.3143E-09 5.8049E-09 6.3521E-09 6.9799E-09 7.6893E-09 8.4914E-09 9.3496E-09 1.0273E-08 1.1292E-08 1.2377E-08 1.3552E-08 1.4805E-08 1.6156E-08 1.7564E-08 1.9041E-08 2.0614E-08 2.2264E-08
9.8840E-10 1.0166E-09 1.0454E-09 1.0748E-09 1.1047E-09 1.1351E-09 1.1661E-09 1.1977E-09 1.2298E-09 1.2625E-09 1.2957E-09 1.3294E-09 1.3661E-09 1.4011E-09 1.4367E-09 1.4728E-09 1.5238E-09 1.5643E-09 1.6073E-09 1.6497E-09 1.6961E-09 1.7516E-09 1.8117E-09 1.8729E-09 1.9303E-09 2.0027E-09 2.0869E-09 2.1919E-09 2.2967E-09 2.4498E-09 2.5927E-09 2.7662E-09 2.9353E-09 3.1311E-09 3.3436E-09 3.5972E-09 3.8726E-09 4.1819E-09 4.5329E-09 4.9265E-09 5.3806E-09 5.8722E-09 6.4326E-09 7.0621E-09 7.7934E-09 8.5969E-09 9.4737E-09 1.0425E-08 1.1476E-08 1.2597E-08 1.3820E-08 1.5115E-08 1.6519E-08 1.7984E-08 1.9542E-08 2.1173E-08 2.2910E-08
9.8455E-10 1.0127E-09 1.0414E-09 1.0706E-09 1.1004E-09 1.1308E-09 1.1617E-09 1.1932E-09 1.2252E-09 1.2578E-09 1.2909E-09 1.3257E-09 1.3612E-09 1.3961E-09 1.4316E-09 1.4676E-09 1.5188E-09 1.5593E-09 1.6023E-09 1.6463E-09 1.6929E-09 1.7499E-09 1.8104E-09 1.8699E-09 1.9336E-09 2.0023E-09 2.0914E-09 2.1967E-09 2.3012E-09 2.4601E-09 2.6029E-09 2.7799E-09 2.9489E-09 3.1463E-09 3.3636E-09 3.6201E-09 3.8899E-09 4.2141E-09 4.5707E-09 4.9672E-09 5.4298E-09 5.9374E-09 6.5122E-09 7.1502E-09 7.8718E-09 8.6694E-09 9.5835E-09 1.0549E-08 1.1619E-08 1.2768E-08 1.4027E-08 1.5363E-08 1.6810E-08 1.8324E-08 1.9950E-08 2.1666E-08 2.3454E-08
9.8043E-10 1.0085E-09 1.0371E-09 1.0662E-09 1.0959E-09 1.1262E-09 1.1570E-09 1.1884E-09 1.2203E-09 1.2528E-09 1.2858E-09 1.3205E-09 1.3559E-09 1.3907E-09 1.4260E-09 1.4681E-09 1.5149E-09 1.5554E-09 1.5969E-09 1.6409E-09 1.6897E-09 1.7546E-09 1.8080E-09 1.8689E-09 1.9374E-09 2.0034E-09 2.0929E-09 2.1980E-09 2.3140E-09 2.4695E-09 2.6141E-09 2.7820E-09 2.9592E-09 3.1597E-09 3.3835E-09 3.6301E-09 3.9117E-09 4.2402E-09 4.5967E-09 5.0059E-09 5.4745E-09 5.9838E-09 6.5689E-09 7.2186E-09 7.9370E-09 8.7416E-09 9.6397E-09 1.0655E-08 1.1726E-08 1.2891E-08 1.4174E-08 1.5550E-08 1.7022E-08 1.8576E-08 2.0253E-08 2.2035E-08 2.3882E-08
9.7605E-10 1.0040E-09 1.0325E-09 1.0615E-09 1.0911E-09 1.1213E-09 1.1520E-09 1.1832E-09 1.2150E-09 1.2474E-09 1.2803E-09 1.3149E-09 1.3502E-09 1.3849E-09 1.4201E-09 1.4622E-09 1.5091E-09 1.5496E-09 1.5925E-09 1.6351E-09 1.6844E-09 1.7494E-09 1.8045E-09 1.8654E-09 1.9337E-09 2.0073E-09 2.0930E-09 2.1978E-09 2.3205E-09 2.4736E-09 2.6316E-09 2.7896E-09 2.9756E-09 3.1699E-09 3.3886E-09 3.6452E-09 3.9202E-09 4.2522E-09 4.6213E-09 5.0324E-09 5.5033E-09 6.0241E-09 6.6149E-09 7.2653E-09 7.9895E-09 8.7925E-09 9.7077E-09 1.0724E-08 1.1800E-08 1.2981E-08 1.4262E-08 1.5663E-08 1.7151E-08 1.8745E-08 2.0452E-08 2.2282E-08 2.4176E-08
9.7141E-10 9.9924E-10 1.0276E-09 1.0565E-09 1.0860E-09 1.1161E-09 1.1466E-09 1.1778E-09 1.2095E-09 1.2417E-09 1.2744E-09 1.3089E-09 1.3441E-09 1.3787E-09 1.4138E-09 1.4619E-09 1.5029E-09 1.5448E-09 1.5862E-09 1.6300E-09 1.6854E-09 1.7462E-09 1.8023E-09 1.8603E-09 1.9296E-09 2.0083E-09 2.0888E-09 2.2008E-09 2.3257E-09 2.4812E-09 2.6376E-09 2.8007E-09 2.9791E-09 3.1745E-09 3.3991E-09 3.6477E-09 3.9342E-09 4.2676E-09 4.6294E-09 5.0498E-09 5.5259E-09 6.0461E-09 6.6371E-09 7.2979E-09 8.0240E-09 8.8282E-09 9.7472E-09 1.0730E-08 1.1832E-08 1.3019E-08 1.4300E-08 1.5705E-08 1.7198E-08 1.8823E-08 2.0547E-08 2.2398E-08 2.4304E-08
9.6652E-10 9.9423E-10 1.0225E-09 1.0513E-09 1.0806E-09 1.1105E-09 1.1410E-09 1.1720E-09 1.2035E-09 1.2356E-09 1.2683E-09 1.3038E-09 1.3377E-09 1.3721E-09 1.4071E-09 1.4568E-09 1.4962E-09 1.5380E-09 1.5794E-09 1.6247E-09 1.6810E-09 1.7405E-09 1.7987E-09 1.8582E-09 1.9301E-09 2.0010E-09 2.0852E-09 2.2067E-09 2.3243E-09 2.4923E-09 2.6387E-09 2.8088E-09 2.9834E-09 3.1805E-09 3.3999E-09 3.6563E-09 3.9431E-09 4.2670E-09 4.6397E-09 5.0598E-09 5.5306E-09 6.0542E-09 6.6480E-09 7.3043E-09 8.0257E-09 8.8422E-09 9.7548E-09 1.0734E-08 1.1791E-08 1.3009E-08 1.4279E-08 1.5682E-08 1.7175E-08 1.8803E-08 2.0521E-08 2.2360E-08 2.4281E-08
9.6138E-10 9.8895E-10 1.0171E-09 1.0457E-09 1.0750E-09 1.1047E-09 1.1351E-09 1.1659E-09 1.1973E-09 1.2293E-09 1.2617E-09 1.2971E-09 1.3309E-09 1.3652E-09 1.4000E-09 1.4498E-09 1.4891E-09 1.5309E-09 1.5737E-09 1.6174E-09 1.6742E-09 1.7360E-09 1.7923E-09 1.8585E-09 1.9295E-09 1.9991E-09 2.0801E-09 2.2015E-09 2.3148E-09 2.4964E-09 2.6424E-09 2.8149E-09 2.9869E-09 3.1813E-09 3.4035E-09 3.6604E-09 3.9379E-09 4.2702E-09 4.6418E-09 5.0499E-09 5.5290E-09 6.0504E-09 6.6336E-09 7.2883E-09 8.0092E-09 8.8219E-09 9.7207E-09 1.0702E-08 1.1751E-08 1.2929E-08 1.4207E-08 1.5595E-08 1.7069E-08 1.8676E-08 2.0376E-08 2.2196E-08 2.4126E-08
9.5598E-10 9.8342E-10 1.0114E-09 1.0399E-09 1.0690E-09 1.0986E-09 1.1288E-09 1.1595E-09 1.1908E-09 1.2226E-09 1.2549E-09 1.2901E-09 1.3237E-09 1.3578E-09 1.3925E-09 1.4424E-09 1.4830E-09 1.5233E-09 1.5660E-09 1.6112E-09 1.6689E-09 1.7288E-09 1.7856E-09 1.8524E-09 1.9264E-09 1.9973E-09 2.0883E-09 2.2035E-09 2.3169E-09 2.4925E-09 2.6404E-09 2.8160E-09 2.9876E-09 3.1827E-09 3.3981E-09 3.6536E-09 3.9372E-09 4.2561E-09 4.6264E-09 5.0403E-09 5.5036E-09 6.0250E-09 6.6089E-09 7.2511E-09 7.9608E-09 8.7803E-09 9.6611E-09 1.0625E-08 1.1667E-08 1.2811E-08 1.4082E-08 1.5443E-08 1.6883E-08 1.8449E-08 2.0125E-08 2.1925E-08 2.3847E-08
9.5035E-10 9.7764E-10 1.0055E-09 1.0339E-09 1.0628E-09 1.0923E-09 1.1223E-09 1.1528E-09 1.1839E-09 1.2155E-09 1.2477E-09 1.2828E-09 1.3162E-09 1.3502E-09 1.3908E-09 1.4345E-09 1.4751E-09 1.5152E-09 1.5579E-09 1.6030E-09 1.6681E-09 1.7233E-09 1.7782E-09 1.8469E-09 1.9159E-09 1.9929E-09 2.0821E-09 2.1922E-09 2.3090E-09 2.4927E-09 2.6492E-09 2.8143E-09 2.9854E-09 3.1810E-09 3.3954E-09 3.6487E-09 3.9246E-09 4.2457E-09 4.6133E-09 5.0104E-09 5.4774E-09 5.9927E-09 6.5590E-09 7.1938E-09 7.9055E-09 8.6986E-09 9.5635E-09 1.0512E-08 1.1541E-08 1.2665E-08 1.3863E-08 1.5227E-08 1.6627E-08 1.8159E-08 1.9798E-08 2.1559E-08 2.3457E-08
