Assets/Resources/2015_m01_d17_0400(utc+0800)_l00_csi_1hr_conc.grd
DSAA
         159         159
     -79.000      79.000
     -79.000      79.000
  0.0000E+00  0.2094E-04
[rows 50 to 74 of 159, columns 57 to 113 of 159]
1.9014E-11 3.6427E-11 6.9451E-11 8.7509E-11 1.0812E-10 1.2943E-10 1.5298E-10 1.8158E-10 2.3713E-10 3.0607E-10 4.1929E-10 5.4505E-10 7.3226E-10 9.5178E-10 1.2112E-09 1.5453E-09 1.9721E-09 2.5226E-09 3.2196E-09 4.0871E-09 5.1881E-09 6.5445E-09 8.1531E-09 1.0001E-08 1.2087E-08 1.4389E-08 1.6842E-08 1.9357E-08 2.1841E-08 2.4193E-08 2.6322E-08 2.8144E-08 2.9574E-08 3.0560E-08 3.1041E-08 3.1021E-08 3.0503E-08 2.9531E-08 2.8170E-08 2.6494E-08 2.4590E-08 2.2540E-08 2.0411E-08 1.8274E-08 1.6188E-08 1.4202E-08 1.2345E-08 1.0637E-08 9.0926E-09 7.7136E-09 6.5015E-09 5.4449E-09 4.5296E-09 3.7491E-09 3.0828E-09 2.5235E-09 2.0554E-09
7.2322E-12 1.7091E-11 3.2471E-11 5.8453E-11 8.3488E-11 1.0347E-10 1.2438E-10 1.4778E-10 1.8773E-10 2.5857E-10 3.5723E-10 4.7055E-10 6.4044E-10 8.4484E-10 1.1120E-09 1.4250E-09 1.8992E-09 2.4928E-09 3.2425E-09 4.2084E-09 5.4293E-09 6.9390E-09 8.7611E-09 1.0891E-08 1.3305E-08 1.5959E-08 1.8779E-08 2.1673E-08 2.4519E-08 2.7198E-08 2.9593E-08 3.1603E-08 3.3149E-08 3.4152E-08 3.4588E-08 3.4434E-08 3.3709E-08 3.2483E-08 3.0813E-08 2.8805E-08 2.6546E-08 2.4141E-08 2.1682E-08 1.9243E-08 1.6887E-08 1.4664E-08 1.2610E-08 1.0749E-08 9.0849E-09 7.6150E-09 6.3455E-09 5.2559E-09 4.3220E-09 3.5402E-09 2.8809E-09 2.3406E-09 1.8940E-09
1.0305E-12 6.0527E-12 1.4507E-11 2.3525E-11 5.1666E-11 7.8098E-11 9.8140E-11 1.2044E-10 1.5268E-10 1.9644E-10 3.0045E-10 4.0089E-10 5.5193E-10 7.3989E-10 9.9301E-10 1.3338E-09 1.8183E-09 2.4650E-09 3.2781E-09 4.3450E-09 5.7028E-09 7.4149E-09 9.4975E-09 1.1924E-08 1.4689E-08 1.7741E-08 2.0991E-08 2.4320E-08 2.7582E-08 3.0625E-08 3.3307E-08 3.5510E-08 3.7155E-08 3.8173E-08 3.8523E-08 3.8195E-08 3.7231E-08 3.5692E-08 3.3672E-08 3.1282E-08 2.8629E-08 2.5839E-08 2.3004E-08 2.0224E-08 1.7568E-08 1.5089E-08 1.2822E-08 1.0795E-08 9.0086E-09 7.4593E-09 6.1334E-09 5.0168E-09 4.0826E-09 3.3029E-09 2.6627E-09 2.1400E-09 1.7201E-09
0.0000E+00 5.6441E-13 4.2925E-12 1.1586E-11 1.9732E-11 3.9786E-11 6.8679E-11 9.0996E-11 1.1533E-10 1.5731E-10 2.0698E-10 3.1970E-10 4.6911E-10 6.4240E-10 8.8564E-10 1.2365E-09 1.7259E-09 2.4336E-09 3.3261E-09 4.5087E-09 6.0399E-09 7.9674E-09 1.0298E-08 1.3069E-08 1.6270E-08 1.9803E-08 2.3556E-08 2.7382E-08 3.1107E-08 3.4548E-08 3.7537E-08 3.9943E-08 4.1661E-08 4.2651E-08 4.2873E-08 4.2341E-08 4.1088E-08 3.9183E-08 3.6751E-08 3.3923E-08 3.0832E-08 2.7601E-08 2.4353E-08 2.1195E-08 1.8204E-08 1.5446E-08 1.2954E-08 1.0750E-08 8.8442E-09 7.2181E-09 5.8439E-09 4.7166E-09 3.7918E-09 3.0316E-09 2.4215E-09 1.9321E-09 1.4276E-09
0.0000E+00 0.0000E+00 2.1307E-13 2.6336E-12 8.6872E-12 1.5797E-11 2.8733E-11 6.0783E-11 8.2139E-11 1.1914E-10 1.6641E-10 2.2371E-10 3.4838E-10 5.5909E-10 7.8060E-10 1.1401E-09 1.6565E-09 2.3906E-09 3.3825E-09 4.6929E-09 6.3896E-09 8.5549E-09 1.1223E-08 1.4415E-08 1.8087E-08 2.2143E-08 2.6446E-08 3.0821E-08 3.5062E-08 3.8953E-08 4.2288E-08 4.4906E-08 4.6699E-08 4.7616E-08 4.7666E-08 4.6856E-08 4.5246E-08 4.2943E-08 4.0043E-08 3.6706E-08 3.3097E-08 2.9363E-08 2.5650E-08 2.2073E-08 1.8722E-08 1.5671E-08 1.2953E-08 1.0582E-08 8.5657E-09 6.8774E-09 5.4795E-09 4.3563E-09 3.4577E-09 2.7338E-09 2.1651E-09 1.5812E-09 1.2471E-09
0.0000E+00 0.0000E+00 0.0000E+00 0.0000E+00 1.2537E-12 5.5748E-12 1.1820E-11 2.1334E-11 4.4608E-11 8.0961E-11 1.2473E-10 1.7975E-10 2.4680E-10 4.0308E-10 6.7876E-10 1.0395E-09 1.5675E-09 2.3406E-09 3.4326E-09 4.8755E-09 6.7870E-09 9.2372E-09 1.2250E-08 1.5870E-08 2.0064E-08 2.4709E-08 2.9632E-08 3.4602E-08 3.9384E-08 4.3735E-08 4.7425E-08 5.0261E-08 5.2129E-08 5.2970E-08 5.2783E-08 5.1638E-08 4.9604E-08 4.6803E-08 4.3376E-08 3.9482E-08 3.5302E-08 3.1020E-08 2.6801E-08 2.2776E-08 1.9054E-08 1.5703E-08 1.2774E-08 1.0264E-08 8.1622E-09 6.4442E-09 5.0571E-09 3.9568E-09 3.1013E-09 2.4256E-09 1.7380E-09 1.3718E-09 1.1161E-09
0.0000E+00 0.0000E+00 0.0000E+00 0.0000E+00 0.0000E+00 2.8903E-13 2.8172E-12 7.6373E-12 1.5553E-11 3.9339E-11 8.5307E-11 1.3450E-10 1.9885E-10 3.0986E-10 4.8478E-10 9.1668E-10 1.4880E-09 2.3104E-09 3.4810E-09 5.0857E-09 7.2192E-09 9.9441E-09 1.3340E-08 1.7465E-08 2.2241E-08 2.7531E-08 3.3108E-08 3.8705E-08 4.4032E-08 4.8822E-08 5.2820E-08 5.5827E-08 5.7711E-08 5.8431E-08 5.7993E-08 5.6463E-08 5.3976E-08 5.0644E-08 4.6626E-08 4.2130E-08 3.7346E-08 3.2487E-08 2.7732E-08 2.3254E-08 1.9163E-08 1.5531E-08 1.2412E-08 9.7958E-09 7.6472E-09 5.9363E-09 4.5924E-09 3.5443E-09 2.7502E-09 1.8752E-09 1.5072E-09 1.2192E-09 9.8717E-10
0.0000E+00 0.0000E+00 0.0000E+00 0.0000E+00 0.0000E+00 0.0000E+00 0.0000E+00 7.8983E-13 3.9117E-12 1.2561E-11 4.1029E-11 8.7849E-11 1.4886E-10 2.6952E-10 4.3997E-10 6.8621E-10 1.3394E-09 2.2784E-09 3.5331E-09 5.2987E-09 7.6520E-09 1.0728E-08 1.4584E-08 1.9218E-08 2.4580E-08 3.0517E-08 3.6766E-08 4.2989E-08 4.8872E-08 5.4090E-08 5.8396E-08 6.1574E-08 6.3481E-08 6.4055E-08 6.3346E-08 6.1445E-08 5.8483E-08 5.4630E-08 5.0052E-08 4.4974E-08 3.9634E-08 3.4249E-08 2.9067E-08 2.4342E-08 2.0008E-08 1.5892E-08 1.2418E-08 9.5721E-09 7.2961E-09 5.5387E-09 4.2002E-09 3.0778E-09 2.1074E-09 1.6664E-09 1.3321E-09 1.0710E-09 8.5968E-10
0.0000E+00 0.0000E+00 0.0000E+00 0.0000E+00 0.0000E+00 0.0000E+00 0.0000E+00 0.0000E+00 0.0000E+00 1.9997E-12 1.6724E-11 4.8204E-11 9.6866E-11 2.2089E-10 3.9813E-10 6.9184E-10 1.1700E-09 2.1443E-09 3.5604E-09 5.5272E-09 8.1653E-09 1.1613E-08 1.5955E-08 2.1164E-08 2.7180E-08 3.3818E-08 4.0776E-08 4.7737E-08 5.4343E-08 6.0609E-08 6.5566E-08 6.9126E-08 7.1293E-08 7.1979E-08 7.1177E-08 6.8994E-08 6.5549E-08 6.1041E-08 5.5703E-08 4.9766E-08 4.3507E-08 3.7230E-08 3.1191E-08 2.5616E-08 2.0724E-08 1.6675E-08 1.3533E-08 1.0014E-08 7.3256E-09 5.3443E-09 3.3534E-09 2.3466E-09 1.8656E-09 1.4683E-09 1.1630E-09 9.2950E-10 7.3188E-10
0.0000E+00 0.0000E+00 0.0000E+00 0.0000E+00 0.0000E+00 0.0000E+00 0.0000E+00 0.0000E+00 0.0000E+00 0.0000E+00 5.7704E-12 2.6080E-11 7.4736E-11 1.7648E-10 3.6798E-10 6.8280E-10 1.1753E-09 2.0703E-09 3.4999E-09 5.6695E-09 8.6954E-09 1.2702E-08 1.7634E-08 2.3553E-08 3.0324E-08 3.7733E-08 4.5465E-08 5.3157E-08 6.0473E-08 6.7177E-08 7.3357E-08 7.9788E-08 8.5907E-08 8.7208E-08 8.6611E-08 8.4101E-08 7.9815E-08 7.3952E-08 6.6850E-08 5.8902E-08 5.0549E-08 4.2274E-08 3.4477E-08 2.7531E-08 2.1768E-08 1.6493E-08 1.2281E-08 9.0772E-09 6.7790E-09 4.0197E-09 2.6425E-09 2.0734E-09 1.6344E-09 1.2750E-09 1.0030E-09 7.8715E-10 6.2255E-10
0.0000E+00 0.0000E+00 0.0000E+00 0.0000E+00 0.0000E+00 0.0000E+00 0.0000E+00 0.0000E+00 0.0000E+00 0.0000E+00 9.0978E-13 1.2494E-11 5.1778E-11 1.5473E-10 3.4374E-10 6.6116E-10 1.1592E-09 2.1425E-09 3.6350E-09 5.9199E-09 9.1761E-09 1.3593E-08 1.9397E-08 2.6454E-08 3.4107E-08 4.2371E-08 5.0903E-08 5.9279E-08 6.7242E-08 7.5098E-08 8.1310E-08 8.6375E-08 9.0432E-08 9.4091E-08 9.8876E-08 9.6100E-08 9.1013E-08 8.3883E-08 7.5127E-08 6.5333E-08 5.5127E-08 4.5733E-08 3.6532E-08 2.8437E-08 2.1659E-08 1.6268E-08 1.1740E-08 8.2848E-09 5.3301E-09 2.9781E-09 2.3238E-09 1.8077E-09 1.4159E-09 1.0798E-09 8.5331E-10 6.6635E-10 5.2385E-10
0.0000E+00 0.0000E+00 0.0000E+00 0.0000E+00 0.0000E+00 0.0000E+00 0.0000E+00 0.0000E+00 0.0000E+00 0.0000E+00 0.0000E+00 5.0411E-12 3.1000E-11 1.2498E-10 3.1484E-10 6.5797E-10 1.2014E-09 2.1729E-09 3.8367E-09 6.4099E-09 9.9924E-09 1.4796E-08 2.0964E-08 2.8931E-08 3.8009E-08 4.7000E-08 5.6334E-08 6.5188E-08 7.3409E-08 8.0914E-08 8.8146E-08 9.3742E-08 9.7340E-08 9.9219E-08 9.9398E-08 9.8187E-08 9.7938E-08 9.0100E-08 8.0331E-08 6.8840E-08 5.7084E-08 4.5807E-08 3.5278E-08 2.6648E-08 1.9622E-08 1.4151E-08 9.9007E-09 6.6491E-09 3.5499E-09 2.6013E-09 2.0156E-09 1.5553E-09 1.1987E-09 9.1385E-10 7.1832E-10 5.5717E-10 4.3539E-10
0.0000E+00 0.0000E+00 0.0000E+00 0.0000E+00 0.0000E+00 0.0000E+00 0.0000E+00 0.0000E+00 0.0000E+00 0.0000E+00 0.0000E+00 1.0656E-12 1.5175E-11 9.6342E-11 2.8131E-10 6.2915E-10 1.2063E-09 2.1550E-09 3.9621E-09 6.8774E-09 1.1017E-08 1.6551E-08 2.3433E-08 3.1771E-08 4.2360E-08 5.2268E-08 6.1592E-08 7.0137E-08 7.7621E-08 8.3906E-08 8.8837E-08 9.2452E-08 9.4696E-08 9.5865E-08 9.4316E-08 9.0590E-08 8.4227E-08 7.5979E-08 6.6396E-08 5.4679E-08 4.4849E-08 3.5682E-08 2.7597E-08 2.0802E-08 1.5327E-08 1.1095E-08 7.7465E-09 4.2868E-09 2.9179E-09 2.2366E-09 1.7210E-09 1.3089E-09 1.0126E-09 7.5899E-10 5.7841E-10 4.4835E-10 3.5659E-10
0.0000E+00 0.0000E+00 0.0000E+00 0.0000E+00 0.0000E+00 0.0000E+00 0.0000E+00 0.0000E+00 0.0000E+00 0.0000E+00 0.0000E+00 0.0000E+00 4.2186E-12 7.6353E-11 2.6764E-10 5.9299E-10 1.1811E-09 2.1814E-09 3.9357E-09 7.2175E-09 1.2052E-08 1.8686E-08 2.6838E-08 3.6016E-08 4.6013E-08 5.6930E-08 6.5535E-08 7.2398E-08 7.7521E-08 8.0871E-08 8.2663E-08 8.3029E-08 8.2061E-08 7.9934E-08 7.6634E-08 7.2547E-08 6.3995E-08 5.6811E-08 4.9068E-08 4.1190E-08 3.3635E-08 2.6724E-08 2.0696E-08 1.5677E-08 1.1638E-08 8.5033E-09 4.9202E-09 3.2429E-09 2.4811E-09 1.8918E-09 1.4392E-09 1.0959E-09 8.3427E-10 6.2418E-10 4.6678E-10 3.5652E-10 2.6533E-10
0.0000E+00 0.0000E+00 0.0000E+00 0.0000E+00 0.0000E+00 0.0000E+00 0.0000E+00 0.0000E+00 0.0000E+00 0.0000E+00 0.0000E+00 0.0000E+00 5.9679E-13 5.4769E-11 2.3155E-10 5.3677E-10 1.1309E-09 2.1553E-09 3.8678E-09 7.3403E-09 1.3084E-08 2.1217E-08 3.1193E-08 4.2068E-08 5.2622E-08 6.2249E-08 7.0635E-08 7.5675E-08 7.7991E-08 7.8212E-08 7.6754E-08 7.4006E-08 7.0364E-08 6.5920E-08 6.0939E-08 5.5395E-08 4.9446E-08 4.3221E-08 3.6911E-08 3.0759E-08 2.5026E-08 1.9882E-08 1.5427E-08 1.1750E-08 8.7669E-09 5.2724E-09 3.5384E-09 2.7210E-09 2.0587E-09 1.5739E-09 1.1860E-09 9.0399E-10 6.7028E-10 5.0652E-10 3.7894E-10 2.7662E-10 1.9709E-10
0.0000E+00 0.0000E+00 0.0000E+00 0.0000E+00 0.0000E+00 0.0000E+00 0.0000E+00 0.0000E+00 0.0000E+00 0.0000E+00 0.0000E+00 0.0000E+00 0.0000E+00 4.0392E-11 1.9042E-10 4.7596E-10 1.0524E-09 2.0745E-09 3.8012E-09 7.1072E-09 1.3687E-08 2.4327E-08 3.7225E-08 5.0753E-08 6.2736E-08 7.1634E-08 7.6977E-08 7.9676E-08 7.9294E-08 7.6392E-08 7.1997E-08 6.6776E-08 6.1136E-08 5.5342E-08 4.9578E-08 4.3884E-08 3.8317E-08 3.2916E-08 2.7753E-08 2.2920E-08 1.8564E-08 1.4731E-08 1.1448E-08 8.4033E-09 5.3046E-09 3.8052E-09 2.9080E-09 2.2132E-09 1.6833E-09 1.2733E-09 9.5322E-10 7.2008E-10 5.2090E-10 3.8082E-10 2.7600E-10 1.9348E-10 1.4623E-10
0.0000E+00 0.0000E+00 0.0000E+00 0.0000E+00 0.0000E+00 0.0000E+00 0.0000E+00 0.0000E+00 0.0000E+00 0.0000E+00 0.0000E+00 0.0000E+00 0.0000E+00 1.9265E-11 1.4798E-10 4.1052E-10 9.3094E-10 1.8960E-09 3.6260E-09 6.7156E-09 1.3369E-08 2.7692E-08 4.6520E-08 6.4600E-08 7.8427E-08 8.5827E-08 8.7284E-08 8.4676E-08 7.9956E-08 7.4074E-08 6.7285E-08 6.0082E-08 5.3061E-08 4.6449E-08 4.0333E-08 3.4762E-08 2.9679E-08 2.5044E-08 2.0838E-08 1.7038E-08 1.3662E-08 1.0578E-08 7.5289E-09 5.2087E-09 3.9722E-09 3.0616E-09 2.3429E-09 1.7810E-09 1.3433E-09 1.0090E-09 7.5547E-10 5.5959E-10 3.9456E-10 2.7556E-10 1.9305E-10 1.4085E-10 1.0482E-10
0.0000E+00 0.0000E+00 0.0000E+00 0.0000E+00 0.0000E+00 0.0000E+00 0.0000E+00 0.0000E+00 0.0000E+00 0.0000E+00 0.0000E+00 0.0000E+00 0.0000E+00 1.6630E-12 9.9586E-11 3.1810E-10 7.9622E-10 1.6864E-09 3.3248E-09 6.3883E-09 1.2699E-08 3.1280E-08 6.2589E-08 8.9059E-08 1.0439E-07 1.0692E-07 1.0108E-07 9.1283E-08 8.0819E-08 7.0522E-08 6.1169E-08 5.2633E-08 4.5033E-08 3.8245E-08 3.2305E-08 2.7135E-08 2.2637E-08 1.8679E-08 1.5165E-08 1.1969E-08 9.1153E-09 6.7932E-09 5.1755E-09 4.0155E-09 3.1113E-09 2.3902E-09 1.8280E-09 1.3908E-09 1.0504E-09 7.6272E-10 5.6570E-10 3.8502E-10 2.6087E-10 1.8081E-10 1.3051E-10 9.7388E-11 7.4116E-11
0.0000E+00 0.0000E+00 0.0000E+00 0.0000E+00 0.0000E+00 0.0000E+00 0.0000E+00 0.0000E+00 0.0000E+00 0.0000E+00 0.0000E+00 0.0000E+00 0.0000E+00 0.0000E+00 7.0806E-11 2.4018E-10 6.3267E-10 1.4042E-09 2.8751E-09 5.7549E-09 1.1869E-08 3.3238E-08 9.4954E-08 1.4149E-07 1.5139E-07 1.3858E-07 1.1779E-07 9.7474E-08 8.0412E-08 6.6410E-08 5.4752E-08 4.4950E-08 3.6885E-08 3.0212E-08 2.4693E-08 2.0101E-08 1.6283E-08 1.3075E-08 1.0387E-08 8.1592E-09 6.4150E-09 5.0254E-09 3.9311E-09 3.0582E-09 2.3423E-09 1.7946E-09 1.3830E-09 1.0435E-09 7.4478E-10 5.4886E-10 3.7125E-10 2.5223E-10 1.7459E-10 1.2515E-10 9.6024E-11 7.0307E-11 4.9056E-11
0.0000E+00 0.0000E+00 0.0000E+00 0.0000E+00 0.0000E+00 0.0000E+00 0.0000E+00 0.0000E+00 0.0000E+00 0.0000E+00 0.0000E+00 0.0000E+00 0.0000E+00 0.0000E+00 2.9598E-11 1.6841E-10 4.7533E-10 1.1021E-09 2.3373E-09 4.8197E-09 1.0782E-08 2.9267E-08 1.6140E-07 2.5900E-07 2.3791E-07 1.8288E-07 1.3462E-07 1.0027E-07 7.6441E-08 5.9797E-08 4.7245E-08 3.7451E-08 2.9770E-08 2.3683E-08 1.8838E-08 1.4990E-08 1.1953E-08 9.5105E-09 7.5546E-09 5.9993E-09 4.7105E-09 3.7037E-09 2.8692E-09 2.2253E-09 1.7078E-09 1.3044E-09 9.8420E-10 6.9479E-10 5.1134E-10 3.4878E-10 2.3570E-10 1.6125E-10 1.1798E-10 8.8201E-11 6.3608E-11 4.3597E-11 2.5879E-11
0.0000E+00 0.0000E+00 0.0000E+00 0.0000E+00 0.0000E+00 0.0000E+00 0.0000E+00 0.0000E+00 0.0000E+00 0.0000E+00 0.0000E+00 0.0000E+00 0.0000E+00 0.0000E+00 2.0347E-12 8.7212E-11 3.0157E-10 7.8593E-10 1.7565E-09 3.6948E-09 8.6226E-09 3.2194E-08 3.6473E-07 5.4866E-07 3.7809E-07 2.2968E-07 1.4373E-07 9.5458E-08 6.7399E-08 5.0019E-08 3.8095E-08 2.9362E-08 2.2820E-08 1.7787E-08 1.3929E-08 1.0979E-08 8.6357E-09 6.8133E-09 5.3548E-09 4.2315E-09 3.3381E-09 2.5885E-09 2.0220E-09 1.5204E-09 1.1817E-09 8.9057E-10 6.1958E-10 4.5829E-10 3.1379E-10 1.9547E-10 1.4725E-10 1.0590E-10 7.7147E-11 5.4267E-11 3.4035E-11 1.7519E-11 6.4506E-12
0.0000E+00 0.0000E+00 0.0000E+00 0.0000E+00 0.0000E+00 0.0000E+00 0.0000E+00 0.0000E+00 0.0000E+00 0.0000E+00 0.0000E+00 0.0000E+00 0.0000E+00 0.0000E+00 0.0000E+00 3.5796E-11 1.6868E-10 4.9970E-10 1.1955E-09 2.5589E-09 5.8700E-09 1.6984E-07 1.0595E-06 1.0666E-06 5.0535E-07 2.4465E-07 1.3090E-07 7.8603E-08 5.2631E-08 3.7347E-08 2.7729E-08 2.1170E-08 1.6231E-08 1.2458E-08 9.7112E-09 7.6057E-09 5.9420E-09 4.6129E-09 3.6363E-09 2.8378E-09 2.2432E-09 1.6981E-09 1.3135E-09 1.0286E-09 7.7416E-10 5.0327E-10 3.1497E-10 2.4123E-10 1.6964E-10 1.2601E-10 8.8653E-11 6.1977E-11 4.0191E-11 2.1519E-11 8.2962E-12 1.9632E-12 1.4224E-13
0.0000E+00 0.0000E+00 0.0000E+00 0.0000E+00 0.0000E+00 0.0000E+00 0.0000E+00 0.0000E+00 0.0000E+00 0.0000E+00 0.0000E+00 0.0000E+00 0.0000E+00 0.0000E+00 0.0000E+00 4.8967E-12 7.5626E-11 2.8267E-10 7.4878E-10 1.6165E-09 3.4815E-09 7.3769E-07 2.2910E-06 1.1760E-06 4.6124E-07 1.7707E-07 8.6244E-08 5.1291E-08 3.3196E-08 2.3751E-08 1.7859E-08 1.3616E-08 1.0452E-08 8.1448E-09 6.3512E-09 4.8730E-09 3.8272E-09 3.0074E-09 2.2044E-09 1.7567E-09 1.3987E-09 1.0840E-09 7.8895E-10 5.4874E-10 3.8512E-10 2.6418E-10 2.0108E-10 1.4017E-10 1.0029E-10 6.7311E-11 4.2443E-11 2.2146E-11 8.6326E-12 2.0193E-12 1.6147E-13 0.0000E+00 0.0000E+00
0.0000E+00 0.0000E+00 0.0000E+00 0.0000E+00 0.0000E+00 0.0000E+00 0.0000E+00 0.0000E+00 0.0000E+00 0.0000E+00 0.0000E+00 0.0000E+00 0.0000E+00 0.0000E+00 0.0000E+00 0.0000E+00 1.7193E-11 1.1737E-10 3.8694E-10 9.1350E-10 1.9131E-09 1.2766E-06 4.1665E-06 1.0835E-06 3.0830E-07 7.0104E-08 3.2870E-08 2.2742E-08 1.6607E-08 1.2510E-08 9.9758E-09 7.7693E-09 6.1455E-09 4.8167E-09 3.8180E-09 2.8145E-09 2.2037E-09 1.7687E-09 1.4140E-09 1.0857E-09 8.5155E-10 6.0964E-10 4.4126E-10 3.1032E-10 2.1251E-10 1.5773E-10 1.0483E-10 6.7965E-11 3.7937E-11 1.8374E-11 6.1200E-12 1.1747E-12 0.0000E+00 0.0000E+00 0.0000E+00 0.0000E+00 0.0000E+00
0.0000E+00 0.0000E+00 0.0000E+00 0.0000E+00 0.0000E+00 0.0000E+00 0.0000E+00 0.0000E+00 0.0000E+00 0.0000E+00 0.0000E+00 0.0000E+00 0.0000E+00 0.0000E+00 0.0000E+00 0.0000E+00 4.5721E-13 2.9287E-11 1.4637E-10 4.4150E-10 9.5389E-10 1.9498E-06 5.7878E-06 8.8901E-07 5.2813E-08 1.1051E-08 9.9701E-09 8.9134E-09 7.5657E-09 6.2075E-09 5.1260E-09 4.2146E-09 3.4178E-09 2.6742E-09 2.1250E-09 1.7113E-09 1.3483E-09 1.0673E-09 8.2551E-10 6.5544E-10 4.7023E-10 3.4232E-10 2.4127E-10 1.5716E-10 1.0270E-10 5.5322E-11 2.6299E-11 9.6024E-12 2.1654E-12 0.0000E+00 0.0000E+00 0.0000E+00 0.0000E+00 0.0000E+00 0.0000E+00 0.0000E+00 0.0000E+00
