Assets/Resources/2015_m01_d25_0400(utc+0800)_l00_csi_1hr_conc.grd
DSAA
         159         159
     -79.000      79.000
     -79.000      79.000
  0.0000E+00  0.1883E-04
[rows 25 to 49 of 159, columns 0 to 56 of 159]
0.0000E+00 0.0000E+00 0.0000E+00 0.0000E+00 0.0000E+00 0.0000E+00 0.0000E+00 0.0000E+00 0.0000E+00 0.0000E+00 1.4669E-13 2.9221E-12 6.9544E-12 1.4981E-11 2.7766E-11 5.1631E-11 7.5893E-11 1.0014E-10 1.2420E-10 1.5276E-10 1.8506E-10 2.2460E-10 2.6912E-10 3.2256E-10 3.9038E-10 4.7110E-10 5.6434E-10 6.7249E-10 7.9676E-10 9.4807E-10 1.1121E-09 1.3053E-09 1.5264E-09 1.7776E-09 2.0706E-09 2.4073E-09 2.7864E-09 3.2213E-09 3.7112E-09 4.2742E-09 4.9174E-09 5.6595E-09 6.5775E-09 7.6406E-09 8.8201E-09 1.0405E-08 1.2455E-08 1.4901E-08 1.7536E-08 2.0516E-08 2.2518E-08 2.5137E-08 2.7434E-08 2.9073E-08 3.2195E-08 3.3403E-08 3.5068E-08
0.0000E+00 0.0000E+00 0.0000E+00 0.0000E+00 0.0000E+00 0.0000E+00 0.0000E+00 0.0000E+00 0.0000E+00 0.0000E+00 0.0000E+00 5.9338E-13 2.6868E-12 9.0559E-12 1.9205E-11 3.2556E-11 5.2977E-11 7.5422E-11 9.7469E-11 1.2350E-10 1.5411E-10 1.8917E-10 2.2757E-10 2.7447E-10 3.3328E-10 4.0528E-10 4.8826E-10 5.8480E-10 6.9517E-10 8.2947E-10 9.7546E-10 1.1492E-09 1.3516E-09 1.5765E-09 1.8439E-09 2.1552E-09 2.5034E-09 2.9070E-09 3.3655E-09 3.8963E-09 4.5172E-09 5.2865E-09 6.2293E-09 7.2120E-09 8.7634E-09 1.0357E-08 1.2544E-08 1.4908E-08 1.7514E-08 1.9420E-08 2.2221E-08 2.4126E-08 2.6529E-08 2.8914E-08 3.0549E-08 3.2136E-08 3.3324E-08
0.0000E+00 0.0000E+00 0.0000E+00 0.0000E+00 0.0000E+00 0.0000E+00 0.0000E+00 0.0000E+00 0.0000E+00 0.0000E+00 0.0000E+00 0.0000E+00 3.8073E-13 4.0951E-12 1.1640E-11 2.1034E-11 3.4013E-11 5.3837E-11 7.2316E-11 9.3429E-11 1.2241E-10 1.5522E-10 1.9037E-10 2.3025E-10 2.8133E-10 3.4469E-10 4.1739E-10 5.0389E-10 6.0164E-10 7.1747E-10 8.4977E-10 9.9970E-10 1.1831E-09 1.3866E-09 1.6274E-09 1.9074E-09 2.2305E-09 2.6019E-09 3.0275E-09 3.5376E-09 4.1632E-09 4.8875E-09 5.7850E-09 7.1738E-09 8.4506E-09 1.0666E-08 1.2323E-08 1.4577E-08 1.6440E-08 1.8835E-08 2.0618E-08 2.3532E-08 2.5339E-08 2.7183E-08 2.8707E-08 2.9961E-08 3.1963E-08
0.0000E+00 0.0000E+00 0.0000E+00 0.0000E+00 0.0000E+00 0.0000E+00 0.0000E+00 0.0000E+00 0.0000E+00 0.0000E+00 0.0000E+00 0.0000E+00 0.0000E+00 9.9427E-13 6.1989E-12 1.2698E-11 2.0835E-11 3.3769E-11 5.1884E-11 6.8478E-11 8.8399E-11 1.1984E-10 1.5390E-10 1.8958E-10 2.3546E-10 2.8855E-10 3.5382E-10 4.2918E-10 5.1572E-10 6.1627E-10 7.3103E-10 8.6433E-10 1.0256E-09 1.2086E-09 1.4209E-09 1.6772E-09 1.9679E-09 2.3110E-09 2.7373E-09 3.2149E-09 3.7998E-09 4.5709E-09 5.6509E-09 6.8026E-09 8.5989E-09 9.9941E-09 1.1918E-08 1.3364E-08 1.5601E-08 1.7278E-08 1.9890E-08 2.1669E-08 2.3475E-08 2.4997E-08 2.6270E-08 2.7918E-08 3.0383E-08
0.0000E+00 0.0000E+00 0.0000E+00 0.0000E+00 0.0000E+00 0.0000E+00 0.0000E+00 0.0000E+00 0.0000E+00 0.0000E+00 0.0000E+00 0.0000E+00 0.0000E+00 0.0000E+00 1.9416E-12 6.4211E-12 1.2583E-11 2.0367E-11 3.0686E-11 4.6946E-11 6.3983E-11 8.5324E-11 1.1509E-10 1.5055E-10 1.9011E-10 2.3887E-10 2.9516E-10 3.6195E-10 4.3820E-10 5.2588E-10 6.2091E-10 7.4055E-10 8.7539E-10 1.0428E-09 1.2300E-09 1.4561E-09 1.7215E-09 2.0608E-09 2.4369E-09 2.9194E-09 3.5127E-09 4.3684E-09 5.5324E-09 6.7206E-09 7.8938E-09 9.4598E-09 1.0782E-08 1.2723E-08 1.4159E-08 1.6421E-08 1.7816E-08 1.9716E-08 2.1229E-08 2.2439E-08 2.4006E-08 2.6159E-08 3.0357E-08
0.0000E+00 0.0000E+00 0.0000E+00 0.0000E+00 0.0000E+00 0.0000E+00 0.0000E+00 0.0000E+00 0.0000E+00 0.0000E+00 0.0000E+00 0.0000E+00 0.0000E+00 0.0000E+00 0.0000E+00 1.6287E-12 5.3247E-12 1.1841E-11 1.8359E-11 2.7243E-11 4.1242E-11 5.6467E-11 8.3151E-11 1.0961E-10 1.4914E-10 1.9185E-10 2.4026E-10 3.0057E-10 3.6831E-10 4.4470E-10 5.2424E-10 6.2536E-10 7.4622E-10 8.8881E-10 1.0558E-09 1.2545E-09 1.5076E-09 1.8136E-09 2.1790E-09 2.6573E-09 3.3289E-09 4.1485E-09 5.1433E-09 6.3502E-09 7.3583E-09 8.6039E-09 1.0053E-08 1.1202E-08 1.3319E-08 1.4515E-08 1.6144E-08 1.7582E-08 1.8670E-08 2.0127E-08 2.1821E-08 2.4201E-08 2.7988E-08
0.0000E+00 0.0000E+00 0.0000E+00 0.0000E+00 0.0000E+00 0.0000E+00 0.0000E+00 0.0000E+00 0.0000E+00 0.0000E+00 0.0000E+00 0.0000E+00 0.0000E+00 0.0000E+00 0.0000E+00 0.0000E+00 7.7223E-13 4.3486E-12 9.7736E-12 1.5216E-11 2.3707E-11 3.5152E-11 4.9289E-11 7.5510E-11 1.0871E-10 1.4518E-10 1.9210E-10 2.3914E-10 3.0392E-10 3.7107E-10 4.3949E-10 5.2014E-10 6.2851E-10 7.4937E-10 8.9913E-10 1.0841E-09 1.3190E-09 1.5842E-09 1.9734E-09 2.4663E-09 3.0995E-09 3.8922E-09 4.7900E-09 5.5999E-09 6.7739E-09 7.7683E-09 8.9131E-09 1.0463E-08 1.1599E-08 1.2892E-08 1.3935E-08 1.5127E-08 1.6444E-08 1.7913E-08 1.9841E-08 2.3107E-08 2.7029E-08
0.0000E+00 0.0000E+00 0.0000E+00 0.0000E+00 0.0000E+00 0.0000E+00 0.0000E+00 0.0000E+00 0.0000E+00 0.0000E+00 0.0000E+00 0.0000E+00 0.0000E+00 0.0000E+00 0.0000E+00 0.0000E+00 0.0000E+00 3.0438E-13 2.3834E-12 7.4217E-12 1.2466E-11 1.9183E-11 2.9451E-11 4.3670E-11 6.8453E-11 1.0485E-10 1.3987E-10 1.8817E-10 2.4001E-10 3.0417E-10 3.6288E-10 4.3066E-10 5.1707E-10 6.3000E-10 7.6035E-10 9.2622E-10 1.1282E-09 1.4549E-09 1.7835E-09 2.3094E-09 2.8550E-09 3.5374E-09 4.2019E-09 5.0618E-09 5.8411E-09 7.0670E-09 8.0289E-09 9.0506E-09 1.0051E-08 1.0922E-08 1.1948E-08 1.3076E-08 1.4343E-08 1.5852E-08 1.7935E-08 2.0862E-08 2.4344E-08
0.0000E+00 0.0000E+00 0.0000E+00 0.0000E+00 0.0000E+00 0.0000E+00 0.0000E+00 0.0000E+00 0.0000E+00 0.0000E+00 0.0000E+00 0.0000E+00 0.0000E+00 0.0000E+00 0.0000E+00 0.0000E+00 0.0000E+00 0.0000E+00 0.0000E+00 1.1399E-12 4.4185E-12 9.3897E-12 1.4910E-11 2.2964E-11 4.1511E-11 6.3600E-11 9.8115E-11 1.3535E-10 1.8087E-10 2.4065E-10 2.9251E-10 3.5204E-10 4.2058E-10 5.2062E-10 6.3707E-10 7.9536E-10 1.0165E-09 1.2665E-09 1.6839E-09 2.0414E-09 2.5553E-09 3.0122E-09 3.6990E-09 4.3052E-09 5.2629E-09 6.0270E-09 6.8680E-09 7.6459E-09 8.3531E-09 9.1987E-09 1.0132E-08 1.1185E-08 1.2392E-08 1.3946E-08 1.6315E-08 1.9195E-08 2.2710E-08
0.0000E+00 0.0000E+00 0.0000E+00 0.0000E+00 0.0000E+00 0.0000E+00 0.0000E+00 0.0000E+00 0.0000E+00 0.0000E+00 0.0000E+00 0.0000E+00 0.0000E+00 0.0000E+00 0.0000E+00 0.0000E+00 0.0000E+00 0.0000E+00 0.0000E+00 0.0000E+00 0.0000E+00 2.3205E-12 5.8311E-12 1.0976E-11 1.9607E-11 3.6824E-11 6.0248E-11 9.1519E-11 1.3022E-10 1.7411E-10 2.2711E-10 2.7605E-10 3.3502E-10 4.1269E-10 5.3302E-10 6.9238E-10 9.2263E-10 1.1578E-09 1.4212E-09 1.7868E-09 2.1295E-09 2.6670E-09 3.1139E-09 3.8194E-09 4.3352E-09 5.0557E-09 5.6808E-09 6.2309E-09 6.9090E-09 7.6580E-09 8.4956E-09 9.4602E-09 1.0676E-08 1.2462E-08 1.4544E-08 1.7089E-08 2.0254E-08
0.0000E+00 0.0000E+00 0.0000E+00 0.0000E+00 0.0000E+00 0.0000E+00 0.0000E+00 0.0000E+00 0.0000E+00 0.0000E+00 0.0000E+00 0.0000E+00 0.0000E+00 0.0000E+00 0.0000E+00 0.0000E+00 0.0000E+00 0.0000E+00 0.0000E+00 0.0000E+00 0.0000E+00 0.0000E+00 0.0000E+00 3.1151E-12 7.6918E-12 1.6778E-11 3.3242E-11 5.5764E-11 8.5454E-11 1.2581E-10 1.6343E-10 2.1101E-10 2.5621E-10 3.1475E-10 4.1162E-10 5.4827E-10 7.4582E-10 1.0125E-09 1.2253E-09 1.4953E-09 1.8415E-09 2.1452E-09 2.7324E-09 3.1033E-09 3.6369E-09 4.1288E-09 4.5335E-09 5.0607E-09 5.6401E-09 6.2987E-09 7.0379E-09 7.9120E-09 9.0318E-09 1.0634E-08 1.2596E-08 1.5049E-08 1.8175E-08
0.0000E+00 0.0000E+00 0.0000E+00 0.0000E+00 0.0000E+00 0.0000E+00 0.0000E+00 0.0000E+00 0.0000E+00 0.0000E+00 0.0000E+00 0.0000E+00 0.0000E+00 0.0000E+00 0.0000E+00 0.0000E+00 0.0000E+00 0.0000E+00 0.0000E+00 0.0000E+00 0.0000E+00 0.0000E+00 0.0000E+00 0.0000E+00 0.0000E+00 6.5029E-12 1.5635E-11 2.9552E-11 5.4212E-11 8.2333E-11 1.1484E-10 1.5041E-10 1.9269E-10 2.3805E-10 2.9373E-10 4.0721E-10 5.6155E-10 7.7109E-10 1.0068E-09 1.2415E-09 1.4833E-09 1.8598E-09 2.1567E-09 2.5521E-09 2.8630E-09 3.2218E-09 3.6168E-09 4.0571E-09 4.5480E-09 5.1108E-09 5.7550E-09 6.5688E-09 7.7682E-09 9.2674E-09 1.1157E-08 1.3610E-08 1.6817E-08
0.0000E+00 0.0000E+00 0.0000E+00 0.0000E+00 0.0000E+00 0.0000E+00 0.0000E+00 0.0000E+00 0.0000E+00 0.0000E+00 0.0000E+00 0.0000E+00 0.0000E+00 0.0000E+00 0.0000E+00 0.0000E+00 0.0000E+00 0.0000E+00 0.0000E+00 0.0000E+00 0.0000E+00 0.0000E+00 0.0000E+00 0.0000E+00 0.0000E+00 4.8314E-13 5.8245E-12 1.4770E-11 2.6798E-11 5.1641E-11 7.3771E-11 1.0168E-10 1.3677E-10 1.7412E-10 2.1842E-10 2.7839E-10 3.8653E-10 5.3325E-10 7.2257E-10 9.6910E-10 1.2098E-09 1.4357E-09 1.6828E-09 1.9290E-09 2.2162E-09 2.5098E-09 2.8356E-09 3.1960E-09 3.6074E-09 4.0776E-09 4.6369E-09 5.3539E-09 6.3377E-09 7.5637E-09 9.1303E-09 1.1146E-08 1.3649E-08
0.0000E+00 0.0000E+00 0.0000E+00 0.0000E+00 0.0000E+00 0.0000E+00 0.0000E+00 0.0000E+00 0.0000E+00 0.0000E+00 0.0000E+00 0.0000E+00 0.0000E+00 0.0000E+00 0.0000E+00 0.0000E+00 0.0000E+00 0.0000E+00 0.0000E+00 0.0000E+00 0.0000E+00 0.0000E+00 0.0000E+00 0.0000E+00 0.0000E+00 0.0000E+00 1.5146E-12 9.1592E-12 1.5009E-11 2.6559E-11 4.3488E-11 6.4391E-11 8.7594E-11 1.2115E-10 1.5286E-10 1.9577E-10 2.5552E-10 3.5488E-10 5.2064E-10 6.8069E-10 8.6197E-10 1.0413E-09 1.1964E-09 1.3930E-09 1.6280E-09 1.8769E-09 2.1489E-09 2.4492E-09 2.7856E-09 3.1759E-09 3.6527E-09 4.3086E-09 5.1476E-09 6.2389E-09 7.7502E-09 9.7091E-09 1.1847E-08
0.0000E+00 0.0000E+00 0.0000E+00 0.0000E+00 0.0000E+00 0.0000E+00 0.0000E+00 0.0000E+00 0.0000E+00 0.0000E+00 0.0000E+00 0.0000E+00 0.0000E+00 0.0000E+00 0.0000E+00 0.0000E+00 0.0000E+00 0.0000E+00 0.0000E+00 0.0000E+00 0.0000E+00 0.0000E+00 0.0000E+00 0.0000E+00 0.0000E+00 0.0000E+00 0.0000E+00 2.9934E-12 1.1735E-11 1.8401E-11 2.5065E-11 3.6967E-11 5.4727E-11 7.4246E-11 1.0249E-10 1.3250E-10 1.7053E-10 2.4396E-10 3.2230E-10 4.5792E-10 5.7498E-10 6.9092E-10 8.2662E-10 9.6253E-10 1.1275E-09 1.3296E-09 1.5477E-09 1.7933E-09 2.0692E-09 2.3891E-09 2.7688E-09 3.2532E-09 3.9283E-09 4.8110E-09 6.0199E-09 7.5387E-09 9.0971E-09
0.0000E+00 0.0000E+00 0.0000E+00 0.0000E+00 0.0000E+00 0.0000E+00 0.0000E+00 0.0000E+00 0.0000E+00 0.0000E+00 0.0000E+00 0.0000E+00 0.0000E+00 0.0000E+00 0.0000E+00 0.0000E+00 0.0000E+00 0.0000E+00 0.0000E+00 0.0000E+00 0.0000E+00 0.0000E+00 0.0000E+00 0.0000E+00 0.0000E+00 0.0000E+00 0.0000E+00 0.0000E+00 4.0343E-12 1.3052E-11 1.6646E-11 2.3531E-11 3.1844E-11 4.6166E-11 6.1338E-11 8.2263E-11 1.1021E-10 1.4141E-10 2.0137E-10 2.7531E-10 3.5045E-10 4.3690E-10 5.4035E-10 6.4832E-10 7.5411E-10 8.9526E-10 1.0647E-09 1.2640E-09 1.4906E-09 1.7456E-09 2.0479E-09 2.4331E-09 3.0129E-09 3.7929E-09 4.8956E-09 6.1382E-09 6.9229E-09
0.0000E+00 0.0000E+00 0.0000E+00 0.0000E+00 0.0000E+00 0.0000E+00 0.0000E+00 0.0000E+00 0.0000E+00 0.0000E+00 0.0000E+00 0.0000E+00 0.0000E+00 0.0000E+00 0.0000E+00 0.0000E+00 0.0000E+00 0.0000E+00 0.0000E+00 0.0000E+00 0.0000E+00 0.0000E+00 0.0000E+00 0.0000E+00 0.0000E+00 0.0000E+00 0.0000E+00 0.0000E+00 0.0000E+00 5.3693E-12 1.1226E-11 1.4418E-11 2.0794E-11 2.6574E-11 3.7976E-11 5.0521E-11 6.4524E-11 8.6692E-11 1.1421E-10 1.5147E-10 1.9715E-10 2.5473E-10 3.2252E-10 4.0492E-10 4.8493E-10 5.6814E-10 6.8875E-10 8.3087E-10 1.0214E-09 1.2301E-09 1.4780E-09 1.7919E-09 2.2244E-09 2.8431E-09 3.6631E-09 4.4997E-09 5.2824E-09
0.0000E+00 0.0000E+00 0.0000E+00 0.0000E+00 0.0000E+00 0.0000E+00 0.0000E+00 0.0000E+00 0.0000E+00 0.0000E+00 0.0000E+00 0.0000E+00 0.0000E+00 0.0000E+00 0.0000E+00 0.0000E+00 0.0000E+00 0.0000E+00 0.0000E+00 0.0000E+00 0.0000E+00 0.0000E+00 0.0000E+00 0.0000E+00 0.0000E+00 0.0000E+00 0.0000E+00 0.0000E+00 0.0000E+00 0.0000E+00 5.2628E-12 8.9601E-12 1.1656E-11 1.6413E-11 2.1596E-11 2.8768E-11 3.9320E-11 4.9771E-11 6.6898E-11 8.5164E-11 1.1007E-10 1.4201E-10 1.8467E-10 2.3102E-10 2.8589E-10 3.4591E-10 4.0988E-10 5.0759E-10 6.3268E-10 8.0392E-10 1.0117E-09 1.2533E-09 1.5707E-09 2.0883E-09 2.6900E-09 3.2763E-09 3.9855E-09
0.0000E+00 0.0000E+00 0.0000E+00 0.0000E+00 0.0000E+00 0.0000E+00 0.0000E+00 0.0000E+00 0.0000E+00 0.0000E+00 0.0000E+00 0.0000E+00 0.0000E+00 0.0000E+00 0.0000E+00 0.0000E+00 0.0000E+00 0.0000E+00 0.0000E+00 0.0000E+00 0.0000E+00 0.0000E+00 0.0000E+00 0.0000E+00 0.0000E+00 0.0000E+00 0.0000E+00 0.0000E+00 0.0000E+00 0.0000E+00 2.7884E-13 4.2151E-12 6.3525E-12 8.3490E-12 1.0953E-11 1.4810E-11 1.9871E-11 2.7692E-11 3.6964E-11 4.9199E-11 6.0904E-11 7.7686E-11 9.8916E-11 1.2685E-10 1.5977E-10 1.9877E-10 2.4411E-10 2.8906E-10 3.6254E-10 4.7629E-10 6.4952E-10 8.4201E-10 1.1370E-09 1.4939E-09 1.8409E-09 2.3463E-09 2.9684E-09
0.0000E+00 0.0000E+00 0.0000E+00 0.0000E+00 0.0000E+00 0.0000E+00 0.0000E+00 0.0000E+00 0.0000E+00 0.0000E+00 0.0000E+00 0.0000E+00 0.0000E+00 0.0000E+00 0.0000E+00 0.0000E+00 0.0000E+00 0.0000E+00 0.0000E+00 0.0000E+00 0.0000E+00 0.0000E+00 0.0000E+00 0.0000E+00 0.0000E+00 0.0000E+00 0.0000E+00 0.0000E+00 0.0000E+00 0.0000E+00 0.0000E+00 4.1262E-13 2.3322E-12 3.3206E-12 4.4700E-12 5.8742E-12 8.2468E-12 1.1879E-11 1.7107E-11 2.3904E-11 3.2351E-11 4.1325E-11 5.0515E-11 6.5327E-11 8.1639E-11 1.0148E-10 1.2997E-10 1.6338E-10 1.9552E-10 2.4742E-10 3.6961E-10 5.1834E-10 7.1778E-10 9.4058E-10 1.2444E-09 1.6739E-09 2.1979E-09
0.0000E+00 0.0000E+00 0.0000E+00 0.0000E+00 0.0000E+00 0.0000E+00 0.0000E+00 0.0000E+00 0.0000E+00 0.0000E+00 0.0000E+00 0.0000E+00 0.0000E+00 0.0000E+00 0.0000E+00 0.0000E+00 0.0000E+00 0.0000E+00 0.0000E+00 0.0000E+00 0.0000E+00 0.0000E+00 0.0000E+00 0.0000E+00 0.0000E+00 0.0000E+00 0.0000E+00 0.0000E+00 0.0000E+00 0.0000E+00 0.0000E+00 0.0000E+00 0.0000E+00 0.0000E+00 4.3520E-13 8.7367E-13 1.4473E-12 2.4381E-12 4.5320E-12 7.6279E-12 1.1966E-11 1.7523E-11 2.3855E-11 3.0073E-11 3.7267E-11 4.5038E-11 5.7065E-11 7.3049E-11 9.6904E-11 1.1992E-10 1.6301E-10 2.7611E-10 4.3471E-10 6.1896E-10 8.4675E-10 1.2106E-09 1.6341E-09
0.0000E+00 0.0000E+00 0.0000E+00 0.0000E+00 0.0000E+00 0.0000E+00 0.0000E+00 0.0000E+00 0.0000E+00 0.0000E+00 0.0000E+00 0.0000E+00 0.0000E+00 0.0000E+00 0.0000E+00 0.0000E+00 0.0000E+00 0.0000E+00 0.0000E+00 0.0000E+00 0.0000E+00 0.0000E+00 0.0000E+00 0.0000E+00 0.0000E+00 0.0000E+00 0.0000E+00 0.0000E+00 0.0000E+00 0.0000E+00 0.0000E+00 0.0000E+00 0.0000E+00 0.0000E+00 0.0000E+00 0.0000E+00 0.0000E+00 0.0000E+00 1.9931E-13 8.1475E-13 2.1679E-12 4.5369E-12 8.2014E-12 1.2495E-11 1.7026E-11 2.1388E-11 2.5202E-11 2.8600E-11 3.8866E-11 5.1024E-11 6.8005E-11 1.0749E-10 2.2599E-10 3.6416E-10 5.6405E-10 7.7177E-10 1.1855E-09
0.0000E+00 0.0000E+00 0.0000E+00 0.0000E+00 0.0000E+00 0.0000E+00 0.0000E+00 0.0000E+00 0.0000E+00 0.0000E+00 0.0000E+00 0.0000E+00 0.0000E+00 0.0000E+00 0.0000E+00 0.0000E+00 0.0000E+00 0.0000E+00 0.0000E+00 0.0000E+00 0.0000E+00 0.0000E+00 0.0000E+00 0.0000E+00 0.0000E+00 0.0000E+00 0.0000E+00 0.0000E+00 0.0000E+00 0.0000E+00 0.0000E+00 0.0000E+00 0.0000E+00 0.0000E+00 0.0000E+00 0.0000E+00 0.0000E+00 0.0000E+00 0.0000E+00 0.0000E+00 7.7195E-14 4.9854E-13 1.3157E-12 2.7924E-12 5.2135E-12 7.9704E-12 1.0941E-11 1.3652E-11 1.5966E-11 1.9242E-11 2.5160E-11 3.4916E-11 7.3729E-11 1.6687E-10 3.2628E-10 5.0971E-10 7.6111E-10
0.0000E+00 0.0000E+00 0.0000E+00 0.0000E+00 0.0000E+00 0.0000E+00 0.0000E+00 0.0000E+00 0.0000E+00 0.0000E+00 0.0000E+00 0.0000E+00 0.0000E+00 0.0000E+00 0.0000E+00 0.0000E+00 0.0000E+00 0.0000E+00 0.0000E+00 0.0000E+00 0.0000E+00 0.0000E+00 0.0000E+00 0.0000E+00 0.0000E+00 0.0000E+00 0.0000E+00 0.0000E+00 0.0000E+00 0.0000E+00 0.0000E+00 0.0000E+00 0.0000E+00 0.0000E+00 0.0000E+00 0.0000E+00 0.0000E+00 0.0000E+00 0.0000E+00 0.0000E+00 0.0000E+00 0.0000E+00 0.0000E+00 6.2912E-14 4.0839E-13 1.0788E-12 2.1327E-12 3.2512E-12 4.3142E-12 5.5113E-12 6.4918E-12 9.2279E-12 1.0778E-11 4.3130E-11 1.3948E-10 2.7132E-10 4.6338E-10
0.0000E+00 0.0000E+00 0.0000E+00 0.0000E+00 0.0000E+00 0.0000E+00 0.0000E+00 0.0000E+00 0.0000E+00 0.0000E+00 0.0000E+00 0.0000E+00 0.0000E+00 0.0000E+00 0.0000E+00 0.0000E+00 0.0000E+00 0.0000E+00 0.0000E+00 0.0000E+00 0.0000E+00 0.0000E+00 0.0000E+00 0.0000E+00 0.0000E+00 0.0000E+00 0.0000E+00 0.0000E+00 0.0000E+00 0.0000E+00 0.0000E+00 0.0000E+00 0.0000E+00 0.0000E+00 0.0000E+00 0.0000E+00 0.0000E+00 0.0000E+00 0.0000E+00 0.0000E+00 0.0000E+00 0.0000E+00 0.0000E+00 0.0000E+00 0.0000E+00 0.0000E+00 0.0000E+00 0.0000E+00 0.0000E+00 3.1112E-14 2.4849E-13 4.2543E-13 5.5430E-13 3.4858E-12 3.6665E-11 1.1492E-10 2.6837E-10
