Assets/Resources/2015_m01_d23_0400(utc+0800)_l00_csi_1hr_conc.grd
DSAA
         159         159
     -79.000      79.000
     -79.000      79.000
  0.0000E+00  0.1708E-04
[rows 50 to 74 of 159, columns 57 to 113 of 159]
1.8386E-10 2.2922E-10 2.9731E-10 3.6937E-10 4.3735E-10 5.2980E-10 6.4417E-10 7.7070E-10 9.2865E-10 1.1324E-09 1.3696E-09 1.6100E-09 1.8688E-09 2.1507E-09 2.4459E-09 2.7641E-09 3.0873E-09 3.4225E-09 3.7492E-09 4.0697E-09 4.3750E-09 4.6634E-09 4.9357E-09 5.1844E-09 5.4195E-09 5.6282E-09 5.8231E-09 5.9934E-09 6.1491E-09 6.2898E-09 6.4078E-09 6.5161E-09 6.6018E-09 6.6718E-09 6.7366E-09 6.7803E-09 6.8110E-09 6.8371E-09 6.8507E-09 6.8503E-09 6.8407E-09 6.8379E-09 6.8160E-09 6.7875E-09 6.8140E-09 6.7952E-09 6.8340E-09 6.9527E-09 7.1514E-09 7.5606E-09 8.6350E-09 9.6046E-09 1.1285E-08 1.3022E-08 1.4772E-08 1.6704E-08 1.8639E-08
1.5540E-10 2.0646E-10 2.5428E-10 3.2425E-10 3.9159E-10 4.7114E-10 5.8209E-10 7.0509E-10 8.5357E-10 1.0336E-09 1.2477E-09 1.4905E-09 1.7410E-09 2.0093E-09 2.2961E-09 2.6029E-09 2.9185E-09 3.2493E-09 3.5728E-09 3.8945E-09 4.1984E-09 4.4906E-09 4.7640E-09 5.0189E-09 5.2567E-09 5.4708E-09 5.6723E-09 5.8486E-09 6.0160E-09 6.1593E-09 6.2845E-09 6.4012E-09 6.4944E-09 6.5749E-09 6.6453E-09 6.6964E-09 6.7344E-09 6.7727E-09 6.7902E-09 6.7967E-09 6.8089E-09 6.8004E-09 6.7852E-09 6.8183E-09 6.8070E-09 6.8247E-09 6.9452E-09 7.1235E-09 7.5296E-09 8.0617E-09 9.2999E-09 1.0746E-08 1.2739E-08 1.4629E-08 1.6684E-08 1.8886E-08 2.1167E-08
1.2828E-10 1.7785E-10 2.2286E-10 2.7907E-10 3.4969E-10 4.2251E-10 5.0522E-10 6.4342E-10 7.8426E-10 9.4050E-10 1.1420E-09 1.3724E-09 1.6152E-09 1.8716E-09 2.1492E-09 2.4440E-09 2.7538E-09 3.0764E-09 3.3958E-09 3.7160E-09 4.0195E-09 4.3149E-09 4.5889E-09 4.8494E-09 5.0896E-09 5.3111E-09 5.5162E-09 5.6983E-09 5.8728E-09 6.0229E-09 6.1629E-09 6.2802E-09 6.3809E-09 6.4751E-09 6.5478E-09 6.6065E-09 6.6631E-09 6.6993E-09 6.7242E-09 6.7381E-09 6.7595E-09 6.7583E-09 6.7500E-09 6.7997E-09 6.8099E-09 6.9298E-09 7.0899E-09 7.4123E-09 8.0023E-09 9.1592E-09 1.0148E-08 1.1921E-08 1.3993E-08 1.6123E-08 1.8492E-08 2.1018E-08 2.3607E-08
1.1462E-10 1.5129E-10 1.9040E-10 2.4748E-10 3.0416E-10 3.7209E-10 4.5004E-10 5.5843E-10 7.0838E-10 8.5977E-10 1.0403E-09 1.2492E-09 1.4924E-09 1.7378E-09 2.0039E-09 2.2881E-09 2.5887E-09 2.9042E-09 3.2211E-09 3.5366E-09 3.8389E-09 4.1348E-09 4.4106E-09 4.6761E-09 4.9181E-09 5.1487E-09 5.3549E-09 5.5453E-09 5.7237E-09 5.8804E-09 6.0283E-09 6.1528E-09 6.2609E-09 6.3635E-09 6.4439E-09 6.5102E-09 6.5760E-09 6.6199E-09 6.6523E-09 6.6892E-09 6.7047E-09 6.7111E-09 6.7687E-09 6.7774E-09 6.8225E-09 7.0374E-09 7.3756E-09 7.9141E-09 9.0705E-09 1.0001E-08 1.0967E-08 1.3391E-08 1.5541E-08 1.8067E-08 2.0843E-08 2.3886E-08 2.6864E-08
9.1381E-11 1.3005E-10 1.6906E-10 2.1740E-10 2.7166E-10 3.3004E-10 3.9712E-10 4.8816E-10 6.2863E-10 7.8107E-10 9.4803E-10 1.1402E-09 1.3734E-09 1.6084E-09 1.8626E-09 2.1352E-09 2.4280E-09 2.7333E-09 3.0446E-09 3.3567E-09 3.6589E-09 3.9526E-09 4.2294E-09 4.4971E-09 4.7426E-09 4.9774E-09 5.1884E-09 5.3892E-09 5.5688E-09 5.7346E-09 5.8873E-09 6.0188E-09 6.1403E-09 6.2454E-09 6.3334E-09 6.4149E-09 6.4822E-09 6.5339E-09 6.5790E-09 6.6207E-09 6.6440E-09 6.6945E-09 6.7323E-09 6.7680E-09 6.9551E-09 7.2423E-09 7.7942E-09 8.3975E-09 9.7924E-09 1.0800E-08 1.2230E-08 1.4684E-08 1.7191E-08 2.0239E-08 2.3460E-08 2.6848E-08 3.0381E-08
7.4337E-11 1.0751E-10 1.4974E-10 1.8967E-10 2.3953E-10 2.9175E-10 3.5273E-10 4.3467E-10 5.5355E-10 6.9260E-10 8.5867E-10 1.0360E-09 1.2483E-09 1.4820E-09 1.7275E-09 1.9859E-09 2.2679E-09 2.5645E-09 2.8713E-09 3.1766E-09 3.4760E-09 3.7687E-09 4.0477E-09 4.3150E-09 4.5631E-09 4.8016E-09 5.0172E-09 5.2233E-09 5.4079E-09 5.5851E-09 5.7397E-09 5.8781E-09 6.0102E-09 6.1203E-09 6.2159E-09 6.3094E-09 6.3814E-09 6.4408E-09 6.5046E-09 6.5456E-09 6.5770E-09 6.6590E-09 6.6910E-09 6.8248E-09 7.1054E-09 7.5261E-09 8.2229E-09 9.5209E-09 1.0478E-08 1.1567E-08 1.3621E-08 1.6178E-08 1.9228E-08 2.2660E-08 2.6496E-08 3.0396E-08 3.4339E-08
5.8839E-11 8.5373E-11 1.2588E-10 1.6805E-10 2.1242E-10 2.5846E-10 3.1105E-10 3.8450E-10 4.8368E-10 6.1234E-10 7.7656E-10 9.3254E-10 1.1305E-09 1.3530E-09 1.5948E-09 1.8407E-09 2.1115E-09 2.3982E-09 2.6971E-09 2.9971E-09 3.2949E-09 3.5835E-09 3.8618E-09 4.1300E-09 4.3822E-09 4.6215E-09 4.8411E-09 5.0520E-09 5.2414E-09 5.4248E-09 5.5856E-09 5.7337E-09 5.8706E-09 5.9880E-09 6.0947E-09 6.1933E-09 6.2731E-09 6.3407E-09 6.4141E-09 6.4633E-09 6.5395E-09 6.6013E-09 6.6587E-09 6.9016E-09 7.3210E-09 7.9979E-09 8.8363E-09 1.0112E-08 1.1142E-08 1.2423E-08 1.5420E-08 1.8062E-08 2.1448E-08 2.5593E-08 2.9911E-08 3.4825E-08 3.9356E-08
4.0789E-11 6.7479E-11 1.0538E-10 1.4410E-10 1.8973E-10 2.3231E-10 2.8259E-10 3.3285E-10 4.3350E-10 5.4140E-10 6.8622E-10 8.4098E-10 1.0202E-09 1.2281E-09 1.4656E-09 1.7003E-09 1.9591E-09 2.2348E-09 2.5250E-09 2.8187E-09 3.1118E-09 3.3975E-09 3.6765E-09 3.9426E-09 4.1981E-09 4.4378E-09 4.6629E-09 4.8755E-09 5.0694E-09 5.2584E-09 5.4251E-09 5.5827E-09 5.7238E-09 5.8483E-09 5.9663E-09 6.0697E-09 6.1574E-09 6.2476E-09 6.3160E-09 6.3738E-09 6.4803E-09 6.5367E-09 6.6627E-09 7.0581E-09 7.5894E-09 8.3391E-09 9.6969E-09 1.0669E-08 1.1875E-08 1.3588E-08 1.6958E-08 2.0237E-08 2.4498E-08 2.9377E-08 3.4433E-08 3.9641E-08 4.5126E-08
3.2204E-11 4.8409E-11 8.0018E-11 1.2346E-10 1.6186E-10 2.0715E-10 2.5217E-10 3.0020E-10 3.7960E-10 4.7612E-10 6.0554E-10 7.5609E-10 9.1480E-10 1.1079E-09 1.3330E-09 1.5650E-09 1.8110E-09 2.0750E-09 2.3556E-09 2.6421E-09 2.9295E-09 3.2113E-09 3.4881E-09 3.7533E-09 4.0092E-09 4.2505E-09 4.4805E-09 4.6945E-09 4.8949E-09 5.0861E-09 5.2584E-09 5.4250E-09 5.5699E-09 5.7011E-09 5.8304E-09 5.9383E-09 6.0336E-09 6.1331E-09 6.2098E-09 6.2944E-09 6.3974E-09 6.4729E-09 6.7566E-09 7.2442E-09 7.9209E-09 8.9287E-09 1.0145E-08 1.1274E-08 1.2671E-08 1.5348E-08 1.8871E-08 2.2553E-08 2.7792E-08 3.3335E-08 3.9607E-08 4.5985E-08 5.1966E-08
2.2154E-11 3.7393E-11 5.6083E-11 9.7704E-11 1.3797E-10 1.8088E-10 2.2263E-10 2.6914E-10 3.2589E-10 4.2544E-10 5.2744E-10 6.6955E-10 8.2649E-10 9.9238E-10 1.2024E-09 1.4303E-09 1.6677E-09 1.9193E-09 2.1900E-09 2.4678E-09 2.7486E-09 3.0258E-09 3.2993E-09 3.5627E-09 3.8183E-09 4.0603E-09 4.2921E-09 4.5090E-09 4.7152E-09 4.9084E-09 5.0855E-09 5.2580E-09 5.4091E-09 5.5468E-09 5.6837E-09 5.7989E-09 5.9066E-09 6.0103E-09 6.0953E-09 6.2083E-09 6.3062E-09 6.4159E-09 6.8630E-09 7.4654E-09 8.3154E-09 9.6003E-09 1.0623E-08 1.1919E-08 1.3522E-08 1.7311E-08 2.1048E-08 2.6177E-08 3.1904E-08 3.8903E-08 4.5821E-08 5.3191E-08 6.0333E-08
1.1008E-11 2.6763E-11 4.4166E-11 6.9553E-11 1.1542E-10 1.5326E-10 1.9657E-10 2.3909E-10 2.9194E-10 3.7026E-10 4.7005E-10 5.9040E-10 7.3716E-10 8.9091E-10 1.0786E-09 1.2938E-09 1.5299E-09 1.7689E-09 2.0282E-09 2.2965E-09 2.5699E-09 2.8415E-09 3.1106E-09 3.3715E-09 3.6278E-09 3.8677E-09 4.1029E-09 4.3196E-09 4.5286E-09 4.7255E-09 4.9097E-09 5.0845E-09 5.2415E-09 5.3890E-09 5.5293E-09 5.6514E-09 5.7716E-09 5.8792E-09 5.9722E-09 6.1144E-09 6.2062E-09 6.4582E-09 6.9979E-09 7.6975E-09 8.5557E-09 9.9563E-09 1.1122E-08 1.2754E-08 1.4746E-08 1.9118E-08 2.3735E-08 2.9942E-08 3.6847E-08 4.5180E-08 5.3748E-08 6.1856E-08 6.9724E-08
0.0000E+00 1.3905E-11 3.0232E-11 4.8320E-11 9.0309E-11 1.3270E-10 1.6714E-10 2.1048E-10 2.5674E-10 3.1770E-10 4.0916E-10 5.1568E-10 6.5438E-10 8.0053E-10 9.6044E-10 1.1603E-09 1.3898E-09 1.6238E-09 1.8710E-09 2.1289E-09 2.3943E-09 2.6589E-09 2.9228E-09 3.1803E-09 3.4344E-09 3.6733E-09 3.9090E-09 4.1268E-09 4.3404E-09 4.5378E-09 4.7257E-09 4.9053E-09 5.0672E-09 5.2241E-09 5.3673E-09 5.4959E-09 5.6284E-09 5.7395E-09 5.8403E-09 5.9952E-09 6.1088E-09 6.5166E-09 7.1484E-09 7.9514E-09 8.9508E-09 1.0433E-08 1.1793E-08 1.3508E-08 1.6674E-08 2.1401E-08 2.6427E-08 3.4522E-08 4.3486E-08 5.2849E-08 6.2382E-08 7.2113E-08 8.1082E-08
0.0000E+00 2.4105E-12 1.8990E-11 3.3549E-11 6.0708E-11 1.0775E-10 1.4283E-10 1.8128E-10 2.2393E-10 2.8056E-10 3.5437E-10 4.5439E-10 5.6746E-10 7.1136E-10 8.6450E-10 1.0345E-09 1.2473E-09 1.4831E-09 1.7165E-09 1.9659E-09 2.2221E-09 2.4790E-09 2.7371E-09 2.9900E-09 3.2408E-09 3.4782E-09 3.7131E-09 3.9314E-09 4.1467E-09 4.3459E-09 4.5397E-09 4.7205E-09 4.8868E-09 5.0524E-09 5.1982E-09 5.3329E-09 5.4729E-09 5.5911E-09 5.7186E-09 5.8666E-09 6.0250E-09 6.5667E-09 7.3012E-09 8.1385E-09 9.4563E-09 1.0830E-08 1.2814E-08 1.4924E-08 1.8495E-08 2.4123E-08 3.1182E-08 4.0152E-08 5.0255E-08 6.1957E-08 7.3918E-08 8.4812E-08 9.5005E-08
0.0000E+00 0.0000E+00 4.7879E-12 1.9456E-11 3.9420E-11 8.6934E-11 1.2034E-10 1.5515E-10 1.9086E-10 2.4242E-10 3.0499E-10 3.9425E-10 4.9992E-10 6.2797E-10 7.6854E-10 9.2565E-10 1.1123E-09 1.3383E-09 1.5703E-09 1.8079E-09 2.0521E-09 2.3025E-09 2.5538E-09 2.8012E-09 3.0480E-09 3.2828E-09 3.5161E-09 3.7342E-09 3.9502E-09 4.1504E-09 4.3468E-09 4.5306E-09 4.7007E-09 4.8710E-09 5.0222E-09 5.1674E-09 5.3094E-09 5.4343E-09 5.5880E-09 5.7287E-09 5.9864E-09 6.6312E-09 7.4408E-09 8.3820E-09 1.0059E-08 1.1668E-08 1.3562E-08 1.6658E-08 2.1315E-08 2.7442E-08 3.6129E-08 4.7057E-08 5.9893E-08 7.3476E-08 8.6903E-08 9.9472E-08 1.1204E-07
0.0000E+00 0.0000E+00 0.0000E+00 7.0922E-12 2.2256E-11 5.0499E-11 1.0385E-10 1.3141E-10 1.6401E-10 2.1031E-10 2.6291E-10 3.4297E-10 4.3552E-10 5.4429E-10 6.7752E-10 8.2676E-10 9.9010E-10 1.1940E-09 1.4256E-09 1.6555E-09 1.8891E-09 2.1304E-09 2.3738E-09 2.6148E-09 2.8569E-09 3.0880E-09 3.3188E-09 3.5359E-09 3.7516E-09 3.9522E-09 4.1503E-09 4.3365E-09 4.5097E-09 4.6841E-09 4.8397E-09 4.9901E-09 5.1382E-09 5.2692E-09 5.4483E-09 5.5880E-09 5.9438E-09 6.6868E-09 7.5594E-09 8.7014E-09 1.0528E-08 1.2663E-08 1.5387E-08 1.8731E-08 2.4901E-08 3.1714E-08 4.2518E-08 5.4752E-08 7.1195E-08 8.8562E-08 1.0454E-07 1.1904E-07 1.3196E-07
0.0000E+00 0.0000E+00 0.0000E+00 0.0000E+00 7.1433E-12 2.4834E-11 8.0686E-11 1.1160E-10 1.4051E-10 1.7857E-10 2.2535E-10 2.9044E-10 3.7564E-10 4.7730E-10 5.9280E-10 7.3427E-10 8.8238E-10 1.0616E-09 1.2729E-09 1.5070E-09 1.7317E-09 1.9630E-09 2.1958E-09 2.4318E-09 2.6660E-09 2.8946E-09 3.1224E-09 3.3373E-09 3.5518E-09 3.7523E-09 3.9510E-09 4.1388E-09 4.3145E-09 4.4922E-09 4.6515E-09 4.8110E-09 4.9599E-09 5.0966E-09 5.2840E-09 5.4455E-09 5.9163E-09 6.7490E-09 7.7595E-09 9.0004E-09 1.1481E-08 1.3754E-08 1.7140E-08 2.1571E-08 2.8874E-08 3.7951E-08 5.0504E-08 6.7082E-08 8.5877E-08 1.0619E-07 1.2543E-07 1.4352E-07 1.5771E-07
0.0000E+00 0.0000E+00 0.0000E+00 0.0000E+00 0.0000E+00 7.1262E-12 3.5304E-11 9.3233E-11 1.2130E-10 1.5177E-10 1.9287E-10 2.4561E-10 3.2056E-10 4.1416E-10 5.1162E-10 6.4612E-10 7.8160E-10 9.4341E-10 1.1361E-09 1.3567E-09 1.5762E-09 1.8012E-09 2.0248E-09 2.2528E-09 2.4804E-09 2.7037E-09 2.9274E-09 3.1394E-09 3.3520E-09 3.5513E-09 3.7498E-09 3.9386E-09 4.1157E-09 4.2959E-09 4.4581E-09 4.6214E-09 4.7751E-09 4.9167E-09 5.1113E-09 5.3016E-09 5.8622E-09 6.8119E-09 7.9782E-09 9.7908E-09 1.2352E-08 1.5236E-08 1.9867E-08 2.5831E-08 3.4023E-08 4.5667E-08 5.9798E-08 8.1993E-08 1.0724E-07 1.3237E-07 1.5467E-07 1.7305E-07 1.8820E-07
0.0000E+00 0.0000E+00 0.0000E+00 0.0000E+00 0.0000E+00 0.0000E+00 7.0414E-12 5.6121E-11 1.0184E-10 1.2866E-10 1.6694E-10 2.0901E-10 2.6989E-10 3.4971E-10 4.4395E-10 5.5216E-10 6.9059E-10 8.3682E-10 1.0017E-09 1.2033E-09 1.4300E-09 1.6444E-09 1.8572E-09 2.0787E-09 2.2967E-09 2.5161E-09 2.7327E-09 2.9429E-09 3.1530E-09 3.3503E-09 3.5478E-09 3.7365E-09 3.9144E-09 4.0961E-09 4.2607E-09 4.4271E-09 4.5844E-09 4.7301E-09 4.9307E-09 5.1474E-09 5.8038E-09 6.9020E-09 8.2447E-09 1.0404E-08 1.3547E-08 1.7267E-08 2.2627E-08 3.0972E-08 4.3077E-08 5.7191E-08 7.5481E-08 1.0374E-07 1.3437E-07 1.6440E-07 1.9106E-07 2.1076E-07 2.2599E-07
0.0000E+00 0.0000E+00 0.0000E+00 0.0000E+00 0.0000E+00 0.0000E+00 0.0000E+00 8.2979E-12 6.6518E-11 1.0969E-10 1.4254E-10 1.8051E-10 2.3135E-10 2.8777E-10 3.8308E-10 4.7627E-10 5.9920E-10 7.3398E-10 8.9091E-10 1.0666E-09 1.2792E-09 1.4893E-09 1.6982E-09 1.9100E-09 2.1201E-09 2.3326E-09 2.5434E-09 2.7491E-09 2.9532E-09 3.1501E-09 3.3459E-09 3.5336E-09 3.7114E-09 3.8941E-09 4.0600E-09 4.2286E-09 4.3886E-09 4.5378E-09 4.7432E-09 4.9821E-09 5.7552E-09 7.0214E-09 8.6526E-09 1.1188E-08 1.4764E-08 2.0514E-08 2.8148E-08 3.8737E-08 5.2556E-08 7.0495E-08 1.0159E-07 1.3656E-07 1.7477E-07 2.0918E-07 2.3748E-07 2.5749E-07 2.7144E-07
0.0000E+00 0.0000E+00 0.0000E+00 0.0000E+00 0.0000E+00 0.0000E+00 0.0000E+00 0.0000E+00 2.5143E-11 7.3257E-11 1.1744E-10 1.5567E-10 1.9669E-10 2.4889E-10 3.1562E-10 4.0892E-10 5.0841E-10 6.3746E-10 7.8580E-10 9.3867E-10 1.1325E-09 1.3411E-09 1.5438E-09 1.7456E-09 1.9471E-09 2.1540E-09 2.3560E-09 2.5588E-09 2.7584E-09 2.9519E-09 3.1450E-09 3.3309E-09 3.5080E-09 3.6904E-09 3.8570E-09 4.0269E-09 4.1888E-09 4.3405E-09 4.5494E-09 4.8103E-09 5.7109E-09 7.1612E-09 9.0596E-09 1.2094E-08 1.7076E-08 2.3621E-08 3.3560E-08 4.9361E-08 6.8844E-08 9.7216E-08 1.3623E-07 1.8198E-07 2.2871E-07 2.6723E-07 2.9681E-07 3.1530E-07 3.2646E-07
0.0000E+00 0.0000E+00 0.0000E+00 0.0000E+00 0.0000E+00 0.0000E+00 0.0000E+00 0.0000E+00 4.2580E-12 3.5404E-11 7.1037E-11 1.3252E-10 1.6728E-10 2.1542E-10 2.6798E-10 3.4363E-10 4.3842E-10 5.4481E-10 6.8231E-10 8.2936E-10 9.9670E-10 1.1850E-09 1.3927E-09 1.5862E-09 1.7826E-09 1.9810E-09 2.1762E-09 2.3727E-09 2.5671E-09 2.7566E-09 2.9434E-09 3.1294E-09 3.3050E-09 3.4863E-09 3.6526E-09 3.8230E-09 3.9860E-09 4.1396E-09 4.3502E-09 4.6344E-09 5.6220E-09 7.3707E-09 9.5802E-09 1.3386E-08 1.9433E-08 2.8663E-08 4.2392E-08 6.2451E-08 9.3580E-08 1.3913E-07 1.9200E-07 2.4846E-07 3.0219E-07 3.4261E-07 3.7055E-07 3.8520E-07 3.9094E-07
0.0000E+00 0.0000E+00 0.0000E+00 0.0000E+00 0.0000E+00 0.0000E+00 0.0000E+00 0.0000E+00 0.0000E+00 1.6889E-11 4.5678E-11 7.8357E-11 1.4304E-10 1.8269E-10 2.2963E-10 2.9405E-10 3.7281E-10 4.6708E-10 5.8656E-10 7.2153E-10 8.7446E-10 1.0503E-09 1.2423E-09 1.4315E-09 1.6229E-09 1.8126E-09 1.9999E-09 2.1917E-09 2.3781E-09 2.5651E-09 2.7476E-09 2.9304E-09 3.1035E-09 3.2828E-09 3.4481E-09 3.6183E-09 3.7814E-09 3.9359E-09 4.1468E-09 4.4474E-09 5.5916E-09 7.5344E-09 1.0138E-08 1.4880E-08 2.2600E-08 3.4151E-08 5.4127E-08 8.9645E-08 1.4181E-07 2.0576E-07 2.7500E-07 3.4166E-07 3.9949E-07 4.3709E-07 4.5976E-07 4.6695E-07 4.6345E-07
0.0000E+00 0.0000E+00 0.0000E+00 0.0000E+00 0.0000E+00 0.0000E+00 0.0000E+00 0.0000E+00 0.0000E+00 2.1215E-12 2.6481E-11 5.4728E-11 9.3065E-11 1.5200E-10 1.9725E-10 2.4579E-10 3.1698E-10 4.0137E-10 4.9432E-10 6.2786E-10 7.6234E-10 9.1969E-10 1.0894E-09 1.2864E-09 1.4690E-09 1.6503E-09 1.8325E-09 2.0145E-09 2.1944E-09 2.3781E-09 2.5529E-09 2.7345E-09 2.9045E-09 3.0779E-09 3.2447E-09 3.4091E-09 3.5760E-09 3.7305E-09 3.9403E-09 4.2489E-09 5.5114E-09 7.6765E-09 1.0884E-08 1.6324E-08 2.6338E-08 4.3047E-08 8.0546E-08 1.4310E-07 2.2773E-07 3.1362E-07 3.9700E-07 4.6722E-07 5.2155E-07 5.5017E-07 5.6202E-07 5.5764E-07 5.4210E-07
0.0000E+00 0.0000E+00 0.0000E+00 0.0000E+00 0.0000E+00 0.0000E+00 0.0000E+00 0.0000E+00 0.0000E+00 0.0000E+00 1.0452E-11 3.7556E-11 6.6486E-11 1.0635E-10 1.5645E-10 2.0880E-10 2.6486E-10 3.3947E-10 4.2922E-10 5.3171E-10 6.6259E-10 8.0623E-10 9.5558E-10 1.1326E-09 1.3181E-09 1.4928E-09 1.6711E-09 1.8464E-09 2.0194E-09 2.1966E-09 2.3662E-09 2.5428E-09 2.7090E-09 2.8791E-09 3.0433E-09 3.2057E-09 3.3708E-09 3.5247E-09 3.7322E-09 4.0395E-09 5.3588E-09 7.8333E-09 1.1513E-08 1.8930E-08 3.3413E-08 6.5627E-08 1.4868E-07 2.6051E-07 3.7895E-07 4.7882E-07 5.6278E-07 6.2379E-07 6.6336E-07 6.7598E-07 6.7030E-07 6.5010E-07 6.1951E-07
0.0000E+00 0.0000E+00 0.0000E+00 0.0000E+00 0.0000E+00 0.0000E+00 0.0000E+00 0.0000E+00 0.0000E+00 0.0000E+00 0.0000E+00 1.7309E-11 4.4246E-11 8.0245E-11 1.1700E-10 1.7315E-10 2.2314E-10 2.8415E-10 3.6567E-10 4.5407E-10 5.7298E-10 6.9416E-10 8.3784E-10 9.9125E-10 1.1630E-09 1.3409E-09 1.5109E-09 1.6801E-09 1.8511E-09 2.0192E-09 2.1852E-09 2.3536E-09 2.5182E-09 2.6808E-09 2.8450E-09 2.9999E-09 3.1671E-09 3.3197E-09 3.5080E-09 3.8197E-09 5.1764E-09 7.8554E-09 1.2812E-08 2.4024E-08 5.2767E-08 1.6747E-07 3.3766E-07 4.9597E-07 6.2086E-07 7.0221E-07 7.6187E-07 7.9701E-07 8.0981E-07 7.9935E-07 7.7239E-07 7.3428E-07 6.8819E-07
