Assets/Resources/2015_m01_d07_2300(utc+0800)_l00_csi_1hr_conc.grd
DSAA
         159         159
     -79.000      79.000
     -79.000      79.000
  0.0000E+00  0.3405E-04
[rows 50 to 74 of 159, columns 57 to 113 of 159]
1.1665E-08 1.1776E-08 1.2297E-08 1.3430E-08 1.4837E-08 1.6368E-08 1.8145E-08 1.9732E-08 2.1141E-08 2.2198E-08 2.2928E-08 2.3252E-08 2.3312E-08 2.3148E-08 2.2829E-08 2.2398E-08 2.1892E-08 2.1339E-08 2.0758E-08 2.0162E-08 1.9562E-08 1.8965E-08 1.8373E-08 1.7789E-08 1.7220E-08 1.6666E-08 1.6131E-08 1.5615E-08 1.5113E-08 1.4640E-08 1.4607E-08 1.7300E-08 2.0005E-08 2.4562E-08 2.3521E-08 2.2405E-08 2.1169E-08 1.9752E-08 1.8291E-08 1.6946E-08 1.5692E-08 1.4460E-08 1.3268E-08 1.2142E-08 1.2572E-08 1.2730E-08 1.1604E-08 1.0578E-08 9.6502E-09 8.8045E-09 8.0364E-09 7.3446E-09 6.7137E-09 6.1546E-09 5.6647E-09 5.2314E-09 4.8200E-09
1.1686E-08 1.1827E-08 1.2360E-08 1.3456E-08 1.4841E-08 1.6355E-08 1.8070E-08 1.9608E-08 2.0973E-08 2.2031E-08 2.2732E-08 2.3114E-08 2.3185E-08 2.3050E-08 2.2762E-08 2.2367E-08 2.1899E-08 2.1384E-08 2.0841E-08 2.0282E-08 1.9717E-08 1.9153E-08 1.8593E-08 1.8037E-08 1.7494E-08 1.6965E-08 1.6452E-08 1.5957E-08 1.5475E-08 1.5031E-08 1.5116E-08 1.8565E-08 2.4142E-08 2.6117E-08 2.5047E-08 2.3888E-08 2.2575E-08 2.1039E-08 1.9459E-08 1.8036E-08 1.6691E-08 1.5366E-08 1.4266E-08 1.4625E-08 1.4736E-08 1.3393E-08 1.2188E-08 1.1082E-08 1.0080E-08 9.1686E-09 8.3420E-09 7.5970E-09 6.9296E-09 6.3260E-09 5.7976E-09 5.3375E-09 4.9329E-09
1.1649E-08 1.1819E-08 1.2324E-08 1.3420E-08 1.4766E-08 1.6261E-08 1.7909E-08 1.9426E-08 2.0738E-08 2.1797E-08 2.2507E-08 2.2912E-08 2.3013E-08 2.2912E-08 2.2664E-08 2.2310E-08 2.1885E-08 2.1412E-08 2.0911E-08 2.0393E-08 1.9867E-08 1.9340E-08 1.8814E-08 1.8290E-08 1.7777E-08 1.7277E-08 1.6789E-08 1.6317E-08 1.5860E-08 1.5459E-08 1.5801E-08 2.2595E-08 2.5589E-08 2.7757E-08 2.6664E-08 2.5470E-08 2.4082E-08 2.2410E-08 2.0691E-08 1.9189E-08 1.7914E-08 1.8482E-08 1.8752E-08 1.7078E-08 1.5534E-08 1.4095E-08 1.2799E-08 1.1609E-08 1.0530E-08 9.5471E-09 8.6570E-09 7.8574E-09 7.1432E-09 6.5092E-09 5.9365E-09 5.4458E-09 5.0179E-09
1.1555E-08 1.1753E-08 1.2268E-08 1.3322E-08 1.4643E-08 1.6094E-08 1.7660E-08 1.9143E-08 2.0449E-08 2.1509E-08 2.2228E-08 2.2659E-08 2.2795E-08 2.2736E-08 2.2532E-08 2.2226E-08 2.1848E-08 2.1423E-08 2.0967E-08 2.0493E-08 2.0011E-08 1.9524E-08 1.9035E-08 1.8548E-08 1.8068E-08 1.7599E-08 1.7140E-08 1.6696E-08 1.6269E-08 1.6391E-08 2.0187E-08 2.3800E-08 2.7141E-08 2.9474E-08 2.8362E-08 2.7142E-08 2.5653E-08 2.3816E-08 2.1993E-08 2.0665E-08 2.3587E-08 2.1666E-08 1.9804E-08 1.8018E-08 1.6364E-08 1.4828E-08 1.3434E-08 1.2156E-08 1.0992E-08 9.9348E-09 8.9803E-09 8.1243E-09 7.3616E-09 6.6859E-09 6.0901E-09 5.5552E-09 5.1036E-09
1.1404E-08 1.1629E-08 1.2149E-08 1.3116E-08 1.4445E-08 1.5859E-08 1.7334E-08 1.8811E-08 2.0066E-08 2.1138E-08 2.1858E-08 2.2349E-08 2.2534E-08 2.2521E-08 2.2369E-08 2.2114E-08 2.1788E-08 2.1413E-08 2.1008E-08 2.0583E-08 2.0146E-08 1.9702E-08 1.9255E-08 1.8808E-08 1.8366E-08 1.7931E-08 1.7505E-08 1.7091E-08 1.6699E-08 1.6931E-08 2.1111E-08 2.5150E-08 2.8983E-08 3.1254E-08 3.0130E-08 2.8869E-08 2.7260E-08 2.5530E-08 2.6410E-08 2.6984E-08 2.4921E-08 2.2875E-08 2.0889E-08 1.8991E-08 1.7219E-08 1.5584E-08 1.4082E-08 1.2712E-08 1.1463E-08 1.0330E-08 9.3088E-09 8.3949E-09 7.5825E-09 6.8643E-09 6.2334E-09 5.6775E-09 5.1889E-09
1.1200E-08 1.1449E-08 1.1937E-08 1.2863E-08 1.4180E-08 1.5555E-08 1.6951E-08 1.8414E-08 1.9668E-08 2.0693E-08 2.1478E-08 2.1965E-08 2.2229E-08 2.2270E-08 2.2172E-08 2.1974E-08 2.1704E-08 2.1384E-08 2.1032E-08 2.0659E-08 2.0271E-08 1.9874E-08 1.9473E-08 1.9069E-08 1.8667E-08 1.8271E-08 1.7879E-08 1.7501E-08 1.7154E-08 1.7531E-08 2.2165E-08 3.0958E-08 3.4120E-08 3.3093E-08 3.1970E-08 3.0688E-08 3.2593E-08 3.3196E-08 3.0691E-08 2.8472E-08 2.6283E-08 2.4113E-08 2.1998E-08 1.9987E-08 1.8089E-08 1.6347E-08 1.4738E-08 1.3273E-08 1.1937E-08 1.0727E-08 9.6388E-09 8.6661E-09 7.8034E-09 7.0421E-09 6.3751E-09 5.7933E-09 5.2782E-09
1.0946E-08 1.1179E-08 1.1673E-08 1.2570E-08 1.3813E-08 1.5159E-08 1.6507E-08 1.7972E-08 1.9198E-08 2.0218E-08 2.1031E-08 2.1559E-08 2.1881E-08 2.1980E-08 2.1943E-08 2.1804E-08 2.1594E-08 2.1333E-08 2.1037E-08 2.0719E-08 2.0383E-08 2.0037E-08 1.9684E-08 1.9328E-08 1.8969E-08 1.8614E-08 1.8261E-08 1.7923E-08 1.7634E-08 1.8258E-08 2.4061E-08 3.2729E-08 3.6146E-08 3.5153E-08 3.4428E-08 3.6953E-08 3.7954E-08 3.5100E-08 3.2401E-08 3.0041E-08 2.7686E-08 2.5366E-08 2.3118E-08 2.0983E-08 1.8961E-08 1.7110E-08 1.5396E-08 1.3834E-08 1.2410E-08 1.1122E-08 9.9661E-09 8.9344E-09 8.0212E-09 7.2169E-09 6.5140E-09 5.9022E-09 5.3710E-09
1.0647E-08 1.0910E-08 1.1407E-08 1.2227E-08 1.3401E-08 1.4709E-08 1.6017E-08 1.7451E-08 1.8669E-08 1.9691E-08 2.0540E-08 2.1104E-08 2.1493E-08 2.1655E-08 2.1681E-08 2.1605E-08 2.1457E-08 2.1257E-08 2.1022E-08 2.0760E-08 2.0479E-08 2.0187E-08 1.9887E-08 1.9580E-08 1.9267E-08 1.8956E-08 1.8646E-08 1.8353E-08 1.8256E-08 2.4350E-08 2.9474E-08 3.4554E-08 3.8562E-08 4.1995E-08 4.4464E-08 4.2755E-08 4.0142E-08 3.7080E-08 3.4253E-08 3.1730E-08 2.9193E-08 2.6677E-08 2.4227E-08 2.1969E-08 1.9833E-08 1.7864E-08 1.6046E-08 1.4385E-08 1.2875E-08 1.1509E-08 1.0286E-08 9.1958E-09 8.2329E-09 7.3862E-09 6.6481E-09 6.0067E-09 5.4532E-09
1.0309E-08 1.0560E-08 1.1060E-08 1.1885E-08 1.3006E-08 1.4256E-08 1.5535E-08 1.6902E-08 1.8100E-08 1.9127E-08 1.9969E-08 2.0612E-08 2.1039E-08 2.1294E-08 2.1385E-08 2.1375E-08 2.1292E-08 2.1156E-08 2.0982E-08 2.0779E-08 2.0557E-08 2.0322E-08 2.0076E-08 1.9821E-08 1.9558E-08 1.9294E-08 1.9056E-08 1.8939E-08 1.9567E-08 2.5452E-08 3.1053E-08 3.7170E-08 4.9749E-08 4.8447E-08 4.7050E-08 4.5313E-08 4.2510E-08 3.9240E-08 3.6325E-08 3.3577E-08 3.0807E-08 2.8093E-08 2.5454E-08 2.2939E-08 2.0683E-08 1.8598E-08 1.6677E-08 1.4920E-08 1.3323E-08 1.1882E-08 1.0593E-08 9.4461E-09 8.4349E-09 7.5473E-09 6.7753E-09 6.1057E-09 5.5291E-09
9.9031E-09 1.0226E-08 1.0724E-08 1.1507E-08 1.2531E-08 1.3769E-08 1.5011E-08 1.6290E-08 1.7504E-08 1.8540E-08 1.9399E-08 2.0096E-08 2.0569E-08 2.0897E-08 2.1056E-08 2.1114E-08 2.1097E-08 2.1027E-08 2.0915E-08 2.0774E-08 2.0613E-08 2.0436E-08 2.0247E-08 2.0046E-08 1.9834E-08 1.9704E-08 1.9588E-08 1.9495E-08 2.0342E-08 2.7209E-08 3.9946E-08 5.3650E-08 5.2622E-08 5.1446E-08 5.0167E-08 4.8410E-08 4.5344E-08 4.1809E-08 3.8665E-08 3.5654E-08 3.2606E-08 2.9620E-08 2.6760E-08 2.4036E-08 2.1527E-08 1.9299E-08 1.7278E-08 1.5428E-08 1.3749E-08 1.2235E-08 1.0882E-08 9.6812E-09 8.6237E-09 7.6976E-09 6.8934E-09 6.1979E-09 5.6031E-09
9.4743E-09 9.8613E-09 1.0357E-08 1.1072E-08 1.2035E-08 1.3244E-08 1.4455E-08 1.5631E-08 1.6875E-08 1.7917E-08 1.8791E-08 1.9539E-08 2.0058E-08 2.0466E-08 2.0693E-08 2.0820E-08 2.0871E-08 2.0866E-08 2.0818E-08 2.0741E-08 2.0642E-08 2.0525E-08 2.0394E-08 2.0249E-08 2.0191E-08 2.0127E-08 2.0083E-08 2.0153E-08 2.7847E-08 4.0439E-08 5.1891E-08 5.6615E-08 5.5793E-08 5.4818E-08 5.3769E-08 5.2051E-08 4.8703E-08 4.4949E-08 4.1544E-08 3.8101E-08 3.4634E-08 3.1314E-08 2.8116E-08 2.4981E-08 2.2365E-08 1.9994E-08 1.7839E-08 1.5900E-08 1.4142E-08 1.2560E-08 1.1148E-08 9.8965E-09 8.7963E-09 7.8338E-09 7.0040E-09 6.2865E-09 5.6733E-09
9.0737E-09 9.4735E-09 9.9655E-09 1.0622E-08 1.1560E-08 1.2671E-08 1.3836E-08 1.4988E-08 1.6207E-08 1.7256E-08 1.8170E-08 1.8927E-08 1.9530E-08 1.9976E-08 2.0297E-08 2.0492E-08 2.0611E-08 2.0672E-08 2.0689E-08 2.0676E-08 2.0640E-08 2.0584E-08 2.0512E-08 2.0495E-08 2.0519E-08 2.0543E-08 2.1331E-08 2.8009E-08 3.5852E-08 4.7823E-08 5.4889E-08 6.0102E-08 5.9623E-08 5.8990E-08 5.8314E-08 5.6604E-08 5.3050E-08 4.9187E-08 4.5209E-08 4.1155E-08 3.7150E-08 3.3287E-08 2.9240E-08 2.5807E-08 2.3128E-08 2.0658E-08 1.8370E-08 1.6327E-08 1.4497E-08 1.2851E-08 1.1386E-08 1.0088E-08 8.9513E-09 7.9617E-09 7.1040E-09 6.3724E-09 5.7446E-09
8.6549E-09 9.0681E-09 9.5583E-09 1.0194E-08 1.1048E-08 1.2089E-08 1.3214E-08 1.4329E-08 1.5545E-08 1.6594E-08 1.7516E-08 1.8312E-08 1.8972E-08 1.9472E-08 1.9868E-08 2.0130E-08 2.0315E-08 2.0441E-08 2.0525E-08 2.0576E-08 2.0602E-08 2.0607E-08 2.0623E-08 2.0744E-08 2.1388E-08 2.8256E-08 3.3980E-08 3.5256E-08 4.3117E-08 5.0666E-08 5.8589E-08 6.4400E-08 6.4464E-08 6.4350E-08 6.4163E-08 6.2696E-08 5.9267E-08 5.4952E-08 5.0074E-08 4.5085E-08 4.0051E-08 3.4775E-08 3.0029E-08 2.6662E-08 2.3831E-08 2.1237E-08 1.8878E-08 1.6700E-08 1.4805E-08 1.3104E-08 1.1590E-08 1.0258E-08 9.0899E-09 8.0771E-09 7.2045E-09 6.4509E-09 5.8093E-09
8.2236E-09 8.6507E-09 9.1106E-09 9.7259E-09 1.0537E-08 1.1511E-08 1.2616E-08 1.3709E-08 1.4845E-08 1.5917E-08 1.6854E-08 1.7659E-08 1.8393E-08 1.8933E-08 1.9406E-08 1.9733E-08 1.9982E-08 2.0173E-08 2.0321E-08 2.0435E-08 2.0523E-08 2.0591E-08 2.0788E-08 2.1736E-08 3.4227E-08 3.4603E-08 3.5127E-08 3.6936E-08 4.5648E-08 5.4461E-08 6.8707E-08 6.9840E-08 7.0713E-08 7.1595E-08 7.2300E-08 7.1509E-08 6.8174E-08 6.2918E-08 5.6669E-08 4.9871E-08 4.2577E-08 3.5739E-08 3.0863E-08 2.7510E-08 2.4465E-08 2.1747E-08 1.9288E-08 1.7065E-08 1.5059E-08 1.3315E-08 1.1768E-08 1.0402E-08 9.2167E-09 8.1825E-09 7.2902E-09 6.5220E-09 5.8634E-09
7.7850E-09 8.1908E-09 8.6653E-09 9.2604E-09 1.0056E-08 1.0939E-08 1.2018E-08 1.3077E-08 1.4122E-08 1.5224E-08 1.6177E-08 1.7016E-08 1.7770E-08 1.8378E-08 1.8886E-08 1.9299E-08 1.9611E-08 1.9866E-08 2.0075E-08 2.0252E-08 2.0405E-08 2.1202E-08 2.8470E-08 3.4403E-08 3.4885E-08 3.5484E-08 3.6437E-08 3.9000E-08 4.9750E-08 6.5779E-08 7.4373E-08 7.6956E-08 7.9229E-08 8.1316E-08 8.3481E-08 8.3942E-08 8.0724E-08 7.3775E-08 6.5330E-08 5.4827E-08 4.4465E-08 3.6556E-08 3.1870E-08 2.8286E-08 2.5029E-08 2.2177E-08 1.9625E-08 1.7341E-08 1.5272E-08 1.3484E-08 1.1914E-08 1.0531E-08 9.3206E-09 8.2704E-09 7.3600E-09 6.5752E-09 5.9027E-09
7.3442E-09 7.7389E-09 8.2565E-09 8.8281E-09 9.5483E-09 1.0408E-08 1.1417E-08 1.2432E-08 1.3446E-08 1.4529E-08 1.5487E-08 1.6354E-08 1.7119E-08 1.7796E-08 1.8358E-08 1.8830E-08 1.9202E-08 1.9517E-08 1.9790E-08 2.0038E-08 2.7815E-08 3.3973E-08 3.4315E-08 3.4837E-08 3.5460E-08 3.6406E-08 3.7932E-08 4.1702E-08 5.9300E-08 7.1023E-08 8.1525E-08 8.5926E-08 9.0211E-08 9.4405E-08 9.9191E-08 1.0219E-07 9.8596E-08 8.8729E-08 8.2039E-08 5.9608E-08 4.6323E-08 3.7590E-08 3.2869E-08 2.8956E-08 2.5550E-08 2.2515E-08 1.9886E-08 1.7546E-08 1.5462E-08 1.3619E-08 1.2026E-08 1.0626E-08 9.4002E-09 8.3322E-09 7.4065E-09 6.6088E-09 5.9259E-09
6.8883E-09 7.3318E-09 7.8436E-09 8.3942E-09 9.0516E-09 9.8570E-09 1.0776E-08 1.1757E-08 1.2754E-08 1.3844E-08 1.4799E-08 1.5674E-08 1.6453E-08 1.7195E-08 1.7780E-08 1.8325E-08 1.8755E-08 1.9131E-08 2.0134E-08 2.7515E-08 3.3447E-08 3.3956E-08 3.4409E-08 3.5108E-08 3.5985E-08 3.7348E-08 4.0437E-08 5.1613E-08 6.3484E-08 7.7318E-08 8.9906E-08 9.6940E-08 1.0438E-07 1.1221E-07 1.2215E-07 1.2841E-07 1.2314E-07 1.0806E-07 8.6643E-08 6.5670E-08 4.8344E-08 3.9636E-08 3.4062E-08 2.9553E-08 2.5928E-08 2.2769E-08 2.0060E-08 1.7687E-08 1.5587E-08 1.3702E-08 1.2098E-08 1.0683E-08 9.4434E-09 8.3633E-09 7.4279E-09 6.6220E-09 5.9320E-09
6.4610E-09 6.9237E-09 7.4294E-09 7.9625E-09 8.5639E-09 9.3234E-09 1.0186E-08 1.1151E-08 1.2117E-08 1.3124E-08 1.4109E-08 1.5000E-08 1.5798E-08 1.6551E-08 1.7199E-08 1.7768E-08 1.8835E-08 2.6063E-08 3.2175E-08 3.2729E-08 3.3261E-08 3.3826E-08 3.4431E-08 3.5277E-08 3.6421E-08 3.8199E-08 4.2039E-08 5.4389E-08 6.8091E-08 8.4383E-08 9.9245E-08 1.1002E-07 1.2218E-07 1.3628E-07 1.5421E-07 1.6537E-07 1.5896E-07 1.3667E-07 1.0535E-07 7.2239E-08 5.1365E-08 4.2013E-08 3.5267E-08 3.0235E-08 2.6171E-08 2.2948E-08 2.0160E-08 1.7751E-08 1.5637E-08 1.3741E-08 1.2118E-08 1.0695E-08 9.4486E-09 8.3627E-09 7.4227E-09 6.6133E-09 5.9206E-09
6.0415E-09 6.5181E-09 7.0184E-09 7.4843E-09 8.0931E-09 8.8288E-09 9.6141E-09 1.0555E-08 1.1480E-08 1.2411E-08 1.3407E-08 1.4299E-08 1.5128E-08 1.5879E-08 1.6586E-08 1.7963E-08 3.0279E-08 3.1052E-08 3.1738E-08 3.2343E-08 3.2968E-08 3.3574E-08 3.4358E-08 3.5284E-08 3.6656E-08 3.8861E-08 4.3499E-08 5.7079E-08 8.0201E-08 9.6506E-08 1.0897E-07 1.2445E-07 1.4417E-07 1.7033E-07 2.0365E-07 2.2474E-07 2.2218E-07 1.8319E-07 1.2787E-07 7.9314E-08 5.6562E-08 4.4507E-08 3.6406E-08 3.0715E-08 2.6380E-08 2.2993E-08 2.0154E-08 1.7735E-08 1.5610E-08 1.3723E-08 1.2081E-08 1.0660E-08 9.4145E-09 8.3294E-09 7.3904E-09 6.5823E-09 5.8907E-09
5.6327E-09 6.1178E-09 6.5588E-09 7.0808E-09 7.6621E-09 8.3226E-09 9.0866E-09 9.9567E-09 1.0826E-08 1.1737E-08 1.2726E-08 1.3612E-08 1.4441E-08 1.5749E-08 2.2737E-08 2.8699E-08 2.9648E-08 3.0464E-08 3.1195E-08 3.1842E-08 3.2556E-08 3.3184E-08 3.4033E-08 3.5068E-08 3.6652E-08 3.9237E-08 4.4702E-08 6.0441E-08 8.3528E-08 1.0182E-07 1.1768E-07 1.3920E-07 1.7112E-07 2.2110E-07 2.8582E-07 3.4010E-07 3.4082E-07 2.6156E-07 1.5743E-07 8.5802E-08 6.1643E-08 4.6567E-08 3.7232E-08 3.0976E-08 2.6458E-08 2.2892E-08 2.0037E-08 1.7620E-08 1.5502E-08 1.3630E-08 1.1989E-08 1.0578E-08 9.3408E-09 8.2637E-09 7.3310E-09 6.5288E-09 5.8423E-09
5.2302E-09 5.7112E-09 6.1782E-09 6.6810E-09 7.2366E-09 7.8375E-09 8.5514E-09 9.3507E-09 1.0202E-08 1.1082E-08 1.2050E-08 1.2935E-08 1.9926E-08 2.5753E-08 2.6902E-08 2.7949E-08 2.8905E-08 2.9778E-08 3.0548E-08 3.1235E-08 3.1968E-08 3.2605E-08 3.3512E-08 3.4630E-08 3.6356E-08 3.9276E-08 5.2727E-08 6.7129E-08 8.5389E-08 1.0511E-07 1.2386E-07 1.5210E-07 2.0149E-07 2.9324E-07 4.3172E-07 5.7191E-07 5.3358E-07 3.3387E-07 1.7200E-07 9.3773E-08 6.4959E-08 4.7690E-08 3.7468E-08 3.0875E-08 2.6254E-08 2.2634E-08 1.9798E-08 1.7407E-08 1.5313E-08 1.3466E-08 1.1842E-08 1.0449E-08 9.2278E-09 8.1653E-09 7.2452E-09 6.4534E-09 5.7757E-09
4.8460E-09 5.3332E-09 5.8017E-09 6.2869E-09 6.7928E-09 7.3661E-09 8.0379E-09 8.7569E-09 9.6172E-09 1.0464E-08 1.1818E-08 1.8199E-08 2.3688E-08 2.4894E-08 2.6022E-08 2.7102E-08 2.8091E-08 2.8998E-08 2.9784E-08 3.0465E-08 3.1211E-08 3.1869E-08 3.2801E-08 3.3951E-08 3.5727E-08 3.9608E-08 5.2258E-08 6.6914E-08 8.5436E-08 1.0553E-07 1.2578E-07 1.5908E-07 2.2499E-07 3.7217E-07 6.3949E-07 1.0315E-06 1.1165E-06 6.5379E-07 1.6293E-07 9.5071E-08 6.5043E-08 4.7396E-08 3.6954E-08 3.0364E-08 2.5792E-08 2.2219E-08 1.9441E-08 1.7096E-08 1.5044E-08 1.3232E-08 1.1641E-08 1.0276E-08 9.0775E-09 8.0354E-09 7.1330E-09 6.3568E-09 5.6919E-09
4.4859E-09 4.9656E-09 5.4312E-09 5.9001E-09 6.3691E-09 6.9147E-09 7.5375E-09 8.2403E-09 9.4200E-09 1.5010E-08 2.0188E-08 2.1517E-08 2.2763E-08 2.3954E-08 2.5082E-08 2.6197E-08 2.7175E-08 2.8088E-08 2.8872E-08 2.9564E-08 3.0301E-08 3.0982E-08 3.1903E-08 3.3030E-08 3.4764E-08 3.8614E-08 5.1047E-08 6.6994E-08 8.9022E-08 1.0225E-07 1.2232E-07 1.5581E-07 2.2979E-07 4.2190E-07 8.6728E-07 1.9695E-06 4.0012E-06 3.4643E-06 8.5733E-07 1.0486E-07 6.1479E-08 4.5319E-08 3.5645E-08 2.9440E-08 2.5084E-08 2.1655E-08 1.8970E-08 1.6694E-08 1.4700E-08 1.2933E-08 1.1390E-08 1.0059E-08 8.8918E-09 7.8761E-09 6.9962E-09 6.2397E-09 5.5730E-09
4.1423E-09 4.6100E-09 5.0621E-09 5.4813E-09 5.9824E-09 6.4985E-09 7.0623E-09 8.2041E-09 1.6829E-08 1.8020E-08 1.9258E-08 2.0572E-08 2.1797E-08 2.2981E-08 2.4103E-08 2.5182E-08 2.6158E-08 2.7046E-08 2.7851E-08 2.8548E-08 2.9246E-08 2.9950E-08 3.0803E-08 3.1886E-08 3.3503E-08 3.7251E-08 5.0155E-08 6.9792E-08 8.4695E-08 9.6416E-08 1.1249E-07 1.4305E-07 2.1473E-07 3.6241E-07 5.5472E-07 8.9486E-07 4.4379E-06 9.0783E-06 4.7000E-06 3.4506E-07 5.5272E-08 4.1936E-08 3.3710E-08 2.8177E-08 2.4166E-08 2.0956E-08 1.8397E-08 1.6209E-08 1.4287E-08 1.2572E-08 1.1091E-08 9.8028E-09 8.6729E-09 7.6896E-09 6.8372E-09 6.1038E-09 5.4383E-09
3.8049E-09 4.2570E-09 4.7057E-09 5.1258E-09 5.6030E-09 6.4031E-09 1.0736E-08 1.4863E-08 1.5969E-08 1.7152E-08 1.8342E-08 1.9556E-08 2.0788E-08 2.1944E-08 2.3035E-08 2.4057E-08 2.5037E-08 2.5922E-08 2.6728E-08 2.7422E-08 2.8072E-08 2.8786E-08 2.9439E-08 3.0554E-08 3.2029E-08 3.7303E-08 5.3133E-08 6.5904E-08 7.8566E-08 8.8665E-08 1.0174E-07 1.1836E-07 1.4996E-07 1.9542E-07 1.0463E-06 6.1603E-06 1.0992E-05 6.7741E-06 1.5239E-06 1.1798E-07 4.8172E-08 3.8117E-08 3.1443E-08 2.6702E-08 2.3075E-08 2.0140E-08 1.7736E-08 1.5651E-08 1.3814E-08 1.2156E-08 1.0751E-08 9.5120E-09 8.4244E-09 7.4781E-09 6.6576E-09 5.9331E-09 5.2894E-09
