Assets/Resources/2015_m01_d08_1300(utc+0800)_l00_csi_1hr_conc.grd
DSAA
         159         159
     -79.000      79.000
     -79.000      79.000
  0.1823E-09  0.1672E-04
[rows 0 to 24 of 159, columns 0 to 56 of 159]
4.9101E-10 5.0243E-10 5.1477E-10 5.2707E-10 5.3941E-10 5.5211E-10 5.6501E-10 5.7828E-10 5.9133E-10 6.0482E-10 6.1902E-10 6.3243E-10 6.4651E-10 6.6164E-10 6.7564E-10 6.8980E-10 7.0543E-10 7.2067E-10 7.3541E-10 7.5135E-10 7.6715E-10 7.8278E-10 7.9823E-10 8.1490E-10 8.3140E-10 8.4771E-10 8.6453E-10 8.8116E-10 8.9866E-10 9.1524E-10 9.3266E-10 9.4987E-10 9.6795E-10 9.8507E-10 1.0027E-09 1.0211E-09 1.0389E-09 1.0565E-09 1.0745E-09 1.0933E-09 1.1115E-09 1.1294E-09 1.1485E-09 1.1669E-09 1.1850E-09 1.2030E-09 1.2219E-09 1.2405E-09 1.2587E-09 1.2769E-09 1.2955E-09 1.3145E-09 1.3328E-09 1.3510E-09 1.3697E-09 1.3883E-09 1.4066E-09
4.9663E-10 5.0870E-10 5.2121E-10 5.3353E-10 5.4596E-10 5.5908E-10 5.7234E-10 5.8514E-10 5.9863E-10 6.1307E-10 6.2649E-10 6.4033E-10 6.5572E-10 6.6974E-10 6.8393E-10 6.9959E-10 7.1487E-10 7.2965E-10 7.4530E-10 7.6149E-10 7.7719E-10 7.9271E-10 8.0945E-10 8.2604E-10 8.4244E-10 8.5936E-10 8.7609E-10 8.9371E-10 9.1041E-10 9.2796E-10 9.4567E-10 9.6353E-10 9.8080E-10 9.9892E-10 1.0172E-09 1.0352E-09 1.0529E-09 1.0715E-09 1.0906E-09 1.1086E-09 1.1267E-09 1.1460E-09 1.1647E-09 1.1830E-09 1.2013E-09 1.2205E-09 1.2393E-09 1.2578E-09 1.2763E-09 1.2956E-09 1.3146E-09 1.3331E-09 1.3521E-09 1.3707E-09 1.3897E-09 1.4083E-09 1.4273E-09
5.0249E-10 5.1496E-10 5.2749E-10 5.3966E-10 5.5276E-10 5.6623E-10 5.7902E-10 5.9250E-10 6.0693E-10 6.2034E-10 6.3419E-10 6.4925E-10 6.6362E-10 6.7783E-10 6.9316E-10 7.0881E-10 7.2363E-10 7.3898E-10 7.5556E-10 7.7131E-10 7.8689E-10 8.0370E-10 8.2036E-10 8.3685E-10 8.5385E-10 8.7068E-10 8.8840E-10 9.0521E-10 9.2289E-10 9.4073E-10 9.5873E-10 9.7614E-10 9.9441E-10 1.0128E-09 1.0310E-09 1.0489E-09 1.0677E-09 1.0870E-09 1.1052E-09 1.1235E-09 1.1431E-09 1.1619E-09 1.1805E-09 1.1991E-09 1.2189E-09 1.2376E-09 1.2564E-09 1.2755E-09 1.2952E-09 1.3140E-09 1.3329E-09 1.3522E-09 1.3715E-09 1.3905E-09 1.4094E-09 1.4287E-09 1.4481E-09
5.0882E-10 5.2131E-10 5.3345E-10 5.4651E-10 5.5996E-10 5.7273E-10 5.8619E-10 6.0060E-10 6.1401E-10 6.2785E-10 6.4257E-10 6.5727E-10 6.7150E-10 6.8651E-10 7.0251E-10 7.1736E-10 7.3240E-10 7.4935E-10 7.6515E-10 7.8079E-10 7.9765E-10 8.1437E-10 8.3094E-10 8.4767E-10 8.6494E-10 8.8275E-10 8.9966E-10 9.1745E-10 9.3540E-10 9.5353E-10 9.7108E-10 9.8949E-10 1.0081E-09 1.0264E-09 1.0445E-09 1.0642E-09 1.0829E-09 1.1013E-09 1.1199E-09 1.1396E-09 1.1587E-09 1.1775E-09 1.1967E-09 1.2164E-09 1.2354E-09 1.2544E-09 1.2739E-09 1.2938E-09 1.3129E-09 1.3321E-09 1.3517E-09 1.3714E-09 1.3906E-09 1.4099E-09 1.4296E-09 1.4493E-09 1.4686E-09
5.1468E-10 5.2709E-10 5.3988E-10 5.5288E-10 5.6627E-10 5.7946E-10 5.9310E-10 6.0748E-10 6.2107E-10 6.3536E-10 6.5072E-10 6.6495E-10 6.7963E-10 6.9597E-10 7.1085E-10 7.2591E-10 7.4254E-10 7.5872E-10 7.7440E-10 7.9131E-10 8.0809E-10 8.2472E-10 8.4151E-10 8.5886E-10 8.7676E-10 8.9377E-10 9.1165E-10 9.2971E-10 9.4796E-10 9.6563E-10 9.8417E-10 1.0029E-09 1.0214E-09 1.0396E-09 1.0595E-09 1.0784E-09 1.0970E-09 1.1157E-09 1.1357E-09 1.1550E-09 1.1740E-09 1.1939E-09 1.2134E-09 1.2326E-09 1.2519E-09 1.2716E-09 1.2918E-09 1.3113E-09 1.3308E-09 1.3507E-09 1.3706E-09 1.3902E-09 1.4102E-09 1.4302E-09 1.4499E-09 1.4696E-09 1.4893E-09
5.2060E-10 5.3310E-10 5.4606E-10 5.5965E-10 5.7257E-10 5.8643E-10 6.0077E-10 6.1434E-10 6.2861E-10 6.4396E-10 6.5819E-10 6.7287E-10 6.8887E-10 7.0409E-10 7.1917E-10 7.3582E-10 7.5203E-10 7.6774E-10 7.8469E-10 8.0151E-10 8.1819E-10 8.3505E-10 8.5246E-10 8.7043E-10 8.8752E-10 9.0550E-10 9.2366E-10 9.4201E-10 9.5979E-10 9.7846E-10 9.9730E-10 1.0159E-09 1.0343E-09 1.0543E-09 1.0734E-09 1.0922E-09 1.1111E-09 1.1313E-09 1.1508E-09 1.1700E-09 1.1901E-09 1.2099E-09 1.2293E-09 1.2489E-09 1.2689E-09 1.2893E-09 1.3091E-09 1.3292E-09 1.3490E-09 1.3693E-09 1.3892E-09 1.4095E-09 1.4299E-09 1.4499E-09 1.4699E-09 1.4899E-09 1.5104E-09
5.2619E-10 5.3934E-10 5.5289E-10 5.6576E-10 5.7934E-10 5.9389E-10 6.0744E-10 6.2144E-10 6.3700E-10 6.5122E-10 6.6564E-10 6.8188E-10 6.9710E-10 7.1219E-10 7.2851E-10 7.4507E-10 7.6081E-10 7.7744E-10 7.9430E-10 8.1137E-10 8.2793E-10 8.4575E-10 8.6378E-10 8.8094E-10 8.9900E-10 9.1725E-10 9.3533E-10 9.5358E-10 9.7236E-10 9.9132E-10 1.0101E-09 1.0286E-09 1.0488E-09 1.0680E-09 1.0870E-09 1.1060E-09 1.1264E-09 1.1461E-09 1.1655E-09 1.1858E-09 1.2058E-09 1.2255E-09 1.2453E-09 1.2655E-09 1.2863E-09 1.3063E-09 1.3267E-09 1.3472E-09 1.3674E-09 1.3875E-09 1.4082E-09 1.4289E-09 1.4492E-09 1.4695E-09 1.4899E-09 1.5107E-09 1.5311E-09
5.3224E-10 5.4597E-10 5.5881E-10 5.7209E-10 5.8684E-10 6.0036E-10 6.1433E-10 6.2952E-10 6.4405E-10 6.5846E-10 6.7434E-10 6.8989E-10 7.0498E-10 7.2130E-10 7.3752E-10 7.5362E-10 7.6992E-10 7.8715E-10 8.0426E-10 8.2086E-10 8.3872E-10 8.5645E-10 8.7404E-10 8.9180E-10 9.1012E-10 9.2865E-10 9.4700E-10 9.6588E-10 9.8495E-10 1.0038E-09 1.0225E-09 1.0428E-09 1.0622E-09 1.0813E-09 1.1005E-09 1.1211E-09 1.1410E-09 1.1606E-09 1.1811E-09 1.2013E-09 1.2212E-09 1.2412E-09 1.2621E-09 1.2827E-09 1.3029E-09 1.3236E-09 1.3444E-09 1.3648E-09 1.3853E-09 1.4062E-09 1.4273E-09 1.4479E-09 1.4686E-09 1.4897E-09 1.5105E-09 1.5312E-09 1.5520E-09
5.3828E-10 5.5171E-10 5.6495E-10 5.7866E-10 5.9311E-10 6.0680E-10 6.2120E-10 6.3670E-10 6.5108E-10 6.6593E-10 6.8247E-10 6.9755E-10 7.1283E-10 7.3007E-10 7.4618E-10 7.6215E-10 7.7973E-10 7.9686E-10 8.1350E-10 8.3140E-10 8.4917E-10 8.6681E-10 8.8463E-10 9.0302E-10 9.2162E-10 9.4005E-10 9.5902E-10 9.7819E-10 9.9718E-10 1.0160E-09 1.0360E-09 1.0559E-09 1.0751E-09 1.0945E-09 1.1152E-09 1.1353E-09 1.1551E-09 1.1758E-09 1.1962E-09 1.2163E-09 1.2366E-09 1.2577E-09 1.2785E-09 1.2990E-09 1.3200E-09 1.3410E-09 1.3617E-09 1.3825E-09 1.4037E-09 1.4250E-09 1.4460E-09 1.4669E-09 1.4884E-09 1.5095E-09 1.5306E-09 1.5517E-09 1.5733E-09
5.4447E-10 5.5741E-10 5.7107E-10 5.8571E-10 5.9935E-10 6.1346E-10 6.2916E-10 6.4351E-10 6.5833E-10 6.7483E-10 6.8990E-10 7.0517E-10 7.2239E-10 7.3850E-10 7.5447E-10 7.7171E-10 7.8920E-10 8.0585E-10 8.2343E-10 8.4123E-10 8.5926E-10 8.7713E-10 8.9558E-10 9.1424E-10 9.3274E-10 9.5143E-10 9.7105E-10 9.9013E-10 1.0090E-09 1.0292E-09 1.0492E-09 1.0686E-09 1.0881E-09 1.1090E-09 1.1292E-09 1.1492E-09 1.1700E-09 1.1906E-09 1.2110E-09 1.2314E-09 1.2527E-09 1.2738E-09 1.2945E-09 1.3157E-09 1.3370E-09 1.3580E-09 1.3794E-09 1.4005E-09 1.4222E-09 1.4434E-09 1.4647E-09 1.4865E-09 1.5079E-09 1.5293E-09 1.5508E-09 1.5727E-09 1.5942E-09
5.4999E-10 5.6358E-10 5.7815E-10 5.9175E-10 6.0581E-10 6.2145E-10 6.3576E-10 6.5029E-10 6.6666E-10 6.8204E-10 6.9729E-10 7.1414E-10 7.3058E-10 7.4655E-10 7.6378E-10 7.8091E-10 7.9794E-10 8.1552E-10 8.3335E-10 8.5141E-10 8.6896E-10 8.8781E-10 9.0652E-10 9.2508E-10 9.4384E-10 9.6354E-10 9.8270E-10 1.0017E-09 1.0216E-09 1.0421E-09 1.0616E-09 1.0812E-09 1.1022E-09 1.1226E-09 1.1427E-09 1.1638E-09 1.1846E-09 1.2051E-09 1.2257E-09 1.2472E-09 1.2685E-09 1.2895E-09 1.3109E-09 1.3325E-09 1.3537E-09 1.3754E-09 1.3972E-09 1.4187E-09 1.4402E-09 1.4618E-09 1.4839E-09 1.5056E-09 1.5274E-09 1.5492E-09 1.5714E-09 1.5933E-09 1.6151E-09
5.5572E-10 5.6948E-10 5.8400E-10 5.9775E-10 6.1257E-10 6.2784E-10 6.4233E-10 6.5831E-10 6.7398E-10 6.8920E-10 7.0568E-10 7.2243E-10 7.3838E-10 7.5525E-10 7.7273E-10 7.8975E-10 8.0699E-10 8.2482E-10 8.4326E-10 8.6084E-10 8.7936E-10 8.9847E-10 9.1708E-10 9.3590E-10 9.5566E-10 9.7490E-10 9.9396E-10 1.0139E-09 1.0345E-09 1.0541E-09 1.0739E-09 1.0950E-09 1.1156E-09 1.1358E-09 1.1570E-09 1.1780E-09 1.1987E-09 1.2195E-09 1.2412E-09 1.2627E-09 1.2839E-09 1.3055E-09 1.3274E-09 1.3488E-09 1.3708E-09 1.3928E-09 1.4146E-09 1.4364E-09 1.4583E-09 1.4807E-09 1.5027E-09 1.5248E-09 1.5473E-09 1.5695E-09 1.5917E-09 1.6139E-09 1.6365E-09
5.6142E-10 5.7610E-10 5.8980E-10 6.0397E-10 6.1975E-10 6.3419E-10 6.4911E-10 6.6573E-10 6.8092E-10 6.9633E-10 7.1372E-10 7.3000E-10 7.4615E-10 7.6395E-10 7.8131E-10 7.9820E-10 8.1638E-10 8.3482E-10 8.5243E-10 8.7096E-10 8.9010E-10 9.0875E-10 9.2761E-10 9.4706E-10 9.6673E-10 9.8586E-10 1.0059E-09 1.0262E-09 1.0463E-09 1.0662E-09 1.0874E-09 1.1081E-09 1.1285E-09 1.1498E-09 1.1709E-09 1.1918E-09 1.2128E-09 1.2347E-09 1.2564E-09 1.2777E-09 1.2996E-09 1.3216E-09 1.3433E-09 1.3655E-09 1.3879E-09 1.4098E-09 1.4319E-09 1.4541E-09 1.4768E-09 1.4991E-09 1.5215E-09 1.5444E-09 1.5669E-09 1.5894E-09 1.6119E-09 1.6349E-09 1.6575E-09
5.6807E-10 5.8170E-10 5.9581E-10 6.1150E-10 6.2589E-10 6.4050E-10 6.5697E-10 6.7245E-10 6.8782E-10 7.0515E-10 7.2139E-10 7.3752E-10 7.5528E-10 7.7263E-10 7.8951E-10 8.0767E-10 8.2575E-10 8.4372E-10 8.6191E-10 8.8106E-10 8.9974E-10 9.1863E-10 9.3848E-10 9.5783E-10 9.7739E-10 9.9715E-10 1.0179E-09 1.0381E-09 1.0581E-09 1.0794E-09 1.1001E-09 1.1207E-09 1.1421E-09 1.1634E-09 1.1844E-09 1.2055E-09 1.2276E-09 1.2495E-09 1.2710E-09 1.2931E-09 1.3154E-09 1.3373E-09 1.3597E-09 1.3823E-09 1.4045E-09 1.4268E-09 1.4492E-09 1.4722E-09 1.4948E-09 1.5175E-09 1.5407E-09 1.5635E-09 1.5864E-09 1.6092E-09 1.6326E-09 1.6555E-09 1.6785E-09
5.7348E-10 5.8726E-10 6.0179E-10 6.1743E-10 6.3198E-10 6.4803E-10 6.6379E-10 6.7911E-10 6.9604E-10 7.1258E-10 7.2867E-10 7.4605E-10 7.6335E-10 7.8056E-10 7.9836E-10 8.1642E-10 8.3473E-10 8.5293E-10 8.7172E-10 8.9077E-10 9.0969E-10 9.2920E-10 9.4895E-10 9.6856E-10 9.8837E-10 1.0092E-09 1.0294E-09 1.0495E-09 1.0709E-09 1.0918E-09 1.1124E-09 1.1336E-09 1.1554E-09 1.1765E-09 1.1978E-09 1.2200E-09 1.2421E-09 1.2638E-09 1.2861E-09 1.3085E-09 1.3307E-09 1.3533E-09 1.3761E-09 1.3986E-09 1.4211E-09 1.4438E-09 1.4670E-09 1.4899E-09 1.5129E-09 1.5364E-09 1.5595E-09 1.5826E-09 1.6058E-09 1.6296E-09 1.6528E-09 1.6761E-09 1.7000E-09
5.7884E-10 5.9303E-10 6.0883E-10 6.2331E-10 6.3828E-10 6.5497E-10 6.7023E-10 6.8573E-10 7.0323E-10 7.1962E-10 7.3625E-10 7.5420E-10 7.7138E-10 7.8879E-10 8.0718E-10 8.2548E-10 8.4331E-10 8.6246E-10 8.8151E-10 9.0044E-10 9.1997E-10 9.3974E-10 9.5938E-10 9.7887E-10 9.9970E-10 1.0204E-09 1.0405E-09 1.0616E-09 1.0830E-09 1.1037E-09 1.1246E-09 1.1469E-09 1.1682E-09 1.1896E-09 1.2116E-09 1.2342E-09 1.2561E-09 1.2785E-09 1.3011E-09 1.3235E-09 1.3463E-09 1.3693E-09 1.3920E-09 1.4148E-09 1.4377E-09 1.4612E-09 1.4843E-09 1.5076E-09 1.5313E-09 1.5548E-09 1.5782E-09 1.6017E-09 1.6258E-09 1.6494E-09 1.6730E-09 1.6972E-09 1.7209E-09
5.8439E-10 6.0009E-10 6.1450E-10 6.2914E-10 6.4565E-10 6.6118E-10 6.7662E-10 6.9403E-10 7.1037E-10 7.2660E-10 7.4449E-10 7.6197E-10 7.7900E-10 7.9734E-10 8.1597E-10 8.3378E-10 8.5255E-10 8.7195E-10 8.9088E-10 9.1005E-10 9.3020E-10 9.4987E-10 9.6939E-10 9.9025E-10 1.0110E-09 1.0312E-09 1.0520E-09 1.0737E-09 1.0946E-09 1.1156E-09 1.1380E-09 1.1594E-09 1.1809E-09 1.2030E-09 1.2257E-09 1.2478E-09 1.2704E-09 1.2932E-09 1.3157E-09 1.3387E-09 1.3619E-09 1.3848E-09 1.4079E-09 1.4310E-09 1.4547E-09 1.4781E-09 1.5016E-09 1.5256E-09 1.5493E-09 1.5731E-09 1.5969E-09 1.6213E-09 1.6452E-09 1.6692E-09 1.6937E-09 1.7178E-09 1.7418E-09
5.8991E-10 6.0555E-10 6.2011E-10 6.3618E-10 6.5197E-10 6.6734E-10 6.8432E-10 7.0093E-10 7.1711E-10 7.3458E-10 7.5235E-10 7.6934E-10 7.8728E-10 8.0586E-10 8.2400E-10 8.4274E-10 8.6175E-10 8.8067E-10 9.0020E-10 9.1998E-10 9.4002E-10 9.5956E-10 9.8007E-10 1.0008E-09 1.0215E-09 1.0423E-09 1.0638E-09 1.0850E-09 1.1061E-09 1.1282E-09 1.1501E-09 1.1717E-09 1.1940E-09 1.2168E-09 1.2390E-09 1.2618E-09 1.2847E-09 1.3074E-09 1.3302E-09 1.3535E-09 1.3771E-09 1.4003E-09 1.4237E-09 1.4476E-09 1.4712E-09 1.4950E-09 1.5193E-09 1.5432E-09 1.5673E-09 1.5918E-09 1.6160E-09 1.6403E-09 1.6646E-09 1.6895E-09 1.7139E-09 1.7382E-09 1.7631E-09
5.9647E-10 6.1095E-10 6.2566E-10 6.4261E-10 6.5790E-10 6.7343E-10 6.9132E-10 7.0743E-10 7.2379E-10 7.4218E-10 7.5946E-10 7.7699E-10 7.9551E-10 8.1396E-10 8.3231E-10 8.5129E-10 8.7054E-10 8.8969E-10 9.0946E-10 9.2950E-10 9.4941E-10 9.6956E-10 9.9072E-10 1.0114E-09 1.0319E-09 1.0537E-09 1.0751E-09 1.0962E-09 1.1184E-09 1.1403E-09 1.1621E-09 1.1844E-09 1.2074E-09 1.2297E-09 1.2526E-09 1.2753E-09 1.2985E-09 1.3215E-09 1.3450E-09 1.3687E-09 1.3922E-09 1.4157E-09 1.4399E-09 1.4637E-09 1.4877E-09 1.5122E-09 1.5365E-09 1.5608E-09 1.5856E-09 1.6101E-09 1.6346E-09 1.6593E-09 1.6845E-09 1.7092E-09 1.7339E-09 1.7592E-09 1.7839E-09
6.0166E-10 6.1629E-10 6.3278E-10 6.4832E-10 6.6376E-10 6.8120E-10 6.9758E-10 7.1386E-10 7.3181E-10 7.4938E-10 7.6650E-10 7.8495E-10 8.0370E-10 8.2165E-10 8.4093E-10 8.6015E-10 8.7927E-10 8.9902E-10 9.1904E-10 9.3895E-10 9.5910E-10 9.7988E-10 1.0009E-09 1.0215E-09 1.0434E-09 1.0647E-09 1.0860E-09 1.1082E-09 1.1302E-09 1.1520E-09 1.1741E-09 1.1971E-09 1.2199E-09 1.2425E-09 1.2657E-09 1.2891E-09 1.3122E-09 1.3359E-09 1.3598E-09 1.3834E-09 1.4072E-09 1.4315E-09 1.4556E-09 1.4798E-09 1.5045E-09 1.5290E-09 1.5536E-09 1.5782E-09 1.6034E-09 1.6283E-09 1.6532E-09 1.6787E-09 1.7037E-09 1.7288E-09 1.7544E-09 1.7795E-09 1.8046E-09
6.0679E-10 6.2182E-10 6.3859E-10 6.5395E-10 6.7059E-10 6.8756E-10 7.0377E-10 7.2127E-10 7.3910E-10 7.5615E-10 7.7453E-10 7.9285E-10 8.1111E-10 8.2998E-10 8.4914E-10 8.6859E-10 8.8793E-10 9.0828E-10 9.2817E-10 9.4795E-10 9.6909E-10 9.9014E-10 1.0107E-09 1.0322E-09 1.0540E-09 1.0753E-09 1.0971E-09 1.1196E-09 1.1415E-09 1.1636E-09 1.1867E-09 1.2097E-09 1.2324E-09 1.2557E-09 1.2792E-09 1.3025E-09 1.3263E-09 1.3503E-09 1.3741E-09 1.3980E-09 1.4226E-09 1.4468E-09 1.4712E-09 1.4962E-09 1.5209E-09 1.5457E-09 1.5706E-09 1.5960E-09 1.6212E-09 1.6464E-09 1.6722E-09 1.6975E-09 1.7229E-09 1.7489E-09 1.7743E-09 1.7997E-09 1.8252E-09
6.1185E-10 6.2874E-10 6.4401E-10 6.5952E-10 6.7705E-10 6.9351E-10 7.0988E-10 7.2830E-10 7.4562E-10 7.6321E-10 7.8180E-10 8.0034E-10 8.1879E-10 8.3789E-10 8.5728E-10 8.7658E-10 8.9689E-10 9.1674E-10 9.3687E-10 9.5762E-10 9.7865E-10 9.9957E-10 1.0207E-09 1.0425E-09 1.0642E-09 1.0857E-09 1.1086E-09 1.1306E-09 1.1527E-09 1.1755E-09 1.1989E-09 1.2217E-09 1.2451E-09 1.2688E-09 1.2922E-09 1.3161E-09 1.3403E-09 1.3642E-09 1.3883E-09 1.4130E-09 1.4374E-09 1.4620E-09 1.4872E-09 1.5121E-09 1.5371E-09 1.5622E-09 1.5880E-09 1.6133E-09 1.6388E-09 1.6649E-09 1.6905E-09 1.7162E-09 1.7425E-09 1.7683E-09 1.7941E-09 1.8199E-09 1.8462E-09
6.1710E-10 6.3394E-10 6.4935E-10 6.6640E-10 6.8310E-10 6.9938E-10 7.1733E-10 7.3491E-10 7.5207E-10 7.7056E-10 7.8937E-10 8.0740E-10 8.2678E-10 8.4610E-10 8.6534E-10 8.8523E-10 9.0541E-10 9.2549E-10 9.4584E-10 9.6722E-10 9.8813E-10 1.0089E-09 1.0311E-09 1.0528E-09 1.0743E-09 1.0968E-09 1.1192E-09 1.1414E-09 1.1643E-09 1.1877E-09 1.2106E-09 1.2341E-09 1.2578E-09 1.2813E-09 1.3054E-09 1.3297E-09 1.3538E-09 1.3780E-09 1.4029E-09 1.4274E-09 1.4522E-09 1.4771E-09 1.5027E-09 1.5279E-09 1.5532E-09 1.5792E-09 1.6048E-09 1.6305E-09 1.6569E-09 1.6828E-09 1.7088E-09 1.7354E-09 1.7615E-09 1.7876E-09 1.8137E-09 1.8404E-09 1.8666E-09
6.2375E-10 6.3905E-10 6.5462E-10 6.7255E-10 6.8873E-10 7.0587E-10 7.2369E-10 7.4110E-10 7.5914E-10 7.7785E-10 7.9615E-10 8.1509E-10 8.3433E-10 8.5387E-10 8.7332E-10 8.9381E-10 9.1385E-10 9.3378E-10 9.5511E-10 9.7637E-10 9.9713E-10 1.0189E-09 1.0410E-09 1.0625E-09 1.0847E-09 1.1075E-09 1.1297E-09 1.1526E-09 1.1757E-09 1.1991E-09 1.2226E-09 1.2460E-09 1.2700E-09 1.2938E-09 1.3182E-09 1.3428E-09 1.3671E-09 1.3917E-09 1.4169E-09 1.4418E-09 1.4669E-09 1.4926E-09 1.5180E-09 1.5436E-09 1.5697E-09 1.5956E-09 1.6215E-09 1.6481E-09 1.6743E-09 1.7006E-09 1.7275E-09 1.7539E-09 1.7803E-09 1.8068E-09 1.8338E-09 1.8603E-09 1.8868E-09
6.2865E-10 6.4410E-10 6.6154E-10 6.7795E-10 6.9429E-10 7.1231E-10 7.2997E-10 7.4720E-10 7.6615E-10 7.8471E-10 8.0284E-10 8.2235E-10 8.4180E-10 8.6119E-10 8.8159E-10 9.0157E-10 9.2182E-10 9.4272E-10 9.6431E-10 9.8504E-10 1.0064E-09 1.0288E-09 1.0504E-09 1.0725E-09 1.0953E-09 1.1176E-09 1.1401E-09 1.1637E-09 1.1871E-09 1.2103E-09 1.2341E-09 1.2582E-09 1.2821E-09 1.3065E-09 1.3313E-09 1.3557E-09 1.3804E-09 1.4057E-09 1.4308E-09 1.4560E-09 1.4819E-09 1.5075E-09 1.5332E-09 1.5596E-09 1.5856E-09 1.6118E-09 1.6387E-09 1.6651E-09 1.6916E-09 1.7188E-09 1.7455E-09 1.7722E-09 1.7990E-09 1.8264E-09 1.8532E-09 1.8801E-09 1.9075E-09
