Assets/Resources/2015_m01_d16_0500(utc+0800)_l00_csi_1hr_conc.grd
DSAA
         159         159
     -79.000      79.000
     -79.000      79.000
  0.1074E-10  0.7217E-05
[rows 100 to 124 of 159, columns 57 to 113 of 159]
3.2651E-09 3.4379E-09 3.6176E-09 3.8007E-09 3.9912E-09 4.1854E-09 4.3830E-09 4.5859E-09 4.7920E-09 5.0048E-09 5.2207E-09 5.4369E-09 5.6553E-09 5.8741E-09 6.0928E-09 6.3108E-09 6.5274E-09 6.7400E-09 6.9555E-09 7.1724E-09 7.3827E-09 7.5885E-09 7.7968E-09 8.0068E-09 8.2124E-09 8.4111E-09 8.6071E-09 8.8410E-09 9.1230E-09 9.4074E-09 9.7091E-09 1.0022E-08 1.0339E-08 1.0675E-08 1.1047E-08 1.1529E-08 1.2584E-08 1.4162E-08 1.6276E-08 1.8949E-08 2.2501E-08 2.7181E-08 3.3083E-08 4.0195E-08 4.8490E-08 5.7779E-08 6.7797E-08 7.8026E-08 8.7862E-08 9.6917E-08 1.0475E-07 1.1091E-07 1.1521E-07 1.1734E-07 1.1733E-07 1.1549E-07 1.1218E-07
3.2014E-09 3.3708E-09 3.5467E-09 3.7262E-09 3.9128E-09 4.1019E-09 4.2975E-09 4.4952E-09 4.6984E-09 4.9054E-09 5.1173E-09 5.3293E-09 5.5440E-09 5.7580E-09 5.9719E-09 6.1851E-09 6.3970E-09 6.6051E-09 6.8156E-09 7.0278E-09 7.2338E-09 7.4353E-09 7.6390E-09 7.8444E-09 8.0460E-09 8.2407E-09 8.4328E-09 8.6613E-09 8.9405E-09 9.2205E-09 9.5174E-09 9.8274E-09 1.0140E-08 1.0473E-08 1.0837E-08 1.1269E-08 1.2081E-08 1.3540E-08 1.5313E-08 1.7547E-08 2.0491E-08 2.4281E-08 2.9090E-08 3.4972E-08 4.1881E-08 4.9706E-08 5.8207E-08 6.7037E-08 7.5823E-08 8.4061E-08 9.1439E-08 9.7523E-08 1.0200E-07 1.0476E-07 1.0548E-07 1.0463E-07 1.0234E-07
3.1364E-09 3.3021E-09 3.4735E-09 3.6511E-09 3.8327E-09 4.0188E-09 4.2094E-09 4.4030E-09 4.6018E-09 4.8044E-09 5.0130E-09 5.2207E-09 5.4295E-09 5.6388E-09 5.8476E-09 6.0560E-09 6.2632E-09 6.4678E-09 6.6733E-09 6.8808E-09 7.0825E-09 7.2796E-09 7.4766E-09 7.6773E-09 7.8769E-09 8.0674E-09 8.2554E-09 8.4771E-09 8.7529E-09 9.0280E-09 9.3186E-09 9.6254E-09 9.9342E-09 1.0262E-08 1.0615E-08 1.1040E-08 1.1599E-08 1.2880E-08 1.4425E-08 1.6317E-08 1.8749E-08 2.1852E-08 2.5795E-08 3.0583E-08 3.6294E-08 4.2842E-08 4.9999E-08 5.7525E-08 6.5098E-08 7.2424E-08 7.9131E-08 8.4896E-08 8.9378E-08 9.2407E-08 9.3788E-08 9.3677E-08 9.2348E-08
3.0700E-09 3.2321E-09 3.3999E-09 3.5737E-09 3.7503E-09 3.9333E-09 4.1197E-09 4.3103E-09 4.5039E-09 4.7029E-09 4.9060E-09 5.1094E-09 5.3145E-09 5.5189E-09 5.7229E-09 5.9263E-09 6.1288E-09 6.3286E-09 6.5277E-09 6.7304E-09 6.9293E-09 7.1219E-09 7.3142E-09 7.5099E-09 7.7054E-09 7.8918E-09 8.0756E-09 8.2891E-09 8.5607E-09 8.8311E-09 9.1133E-09 9.4168E-09 9.7209E-09 1.0043E-08 1.0385E-08 1.0796E-08 1.1259E-08 1.2179E-08 1.3630E-08 1.5259E-08 1.7243E-08 1.9785E-08 2.2993E-08 2.6911E-08 3.1616E-08 3.7011E-08 4.2972E-08 4.9305E-08 5.5779E-08 6.2110E-08 6.8053E-08 7.3323E-08 7.7670E-08 8.0780E-08 8.2610E-08 8.3137E-08 8.2532E-08
3.0026E-09 3.1612E-09 3.3252E-09 3.4951E-09 3.6677E-09 3.8467E-09 4.0279E-09 4.2155E-09 4.4058E-09 4.5991E-09 4.7975E-09 4.9977E-09 5.1967E-09 5.3964E-09 5.5966E-09 5.7940E-09 5.9917E-09 6.1879E-09 6.3820E-09 6.5796E-09 6.7745E-09 6.9625E-09 7.1503E-09 7.3407E-09 7.5320E-09 7.7143E-09 7.8939E-09 8.0978E-09 8.3642E-09 8.6306E-09 8.9027E-09 9.2018E-09 9.5013E-09 9.8162E-09 1.0150E-08 1.0540E-08 1.0991E-08 1.1602E-08 1.2808E-08 1.4251E-08 1.5888E-08 1.8041E-08 2.0644E-08 2.3815E-08 2.7680E-08 3.2077E-08 3.6990E-08 4.2262E-08 4.7704E-08 5.3123E-08 5.8297E-08 6.3039E-08 6.7086E-08 7.0213E-08 7.2255E-08 7.3257E-08 7.3256E-08
2.9344E-09 3.0886E-09 3.2496E-09 3.4147E-09 3.5843E-09 3.7591E-09 3.9373E-09 4.1196E-09 4.3056E-09 4.4943E-09 4.6892E-09 4.8840E-09 5.0782E-09 5.2740E-09 5.4682E-09 5.6618E-09 5.8547E-09 6.0462E-09 6.2337E-09 6.4260E-09 6.6184E-09 6.8019E-09 6.9831E-09 7.1682E-09 7.3554E-09 7.5355E-09 7.7107E-09 7.9041E-09 8.1632E-09 8.4262E-09 8.6882E-09 8.9810E-09 9.2764E-09 9.5834E-09 9.9093E-09 1.0275E-08 1.0719E-08 1.1208E-08 1.2086E-08 1.3351E-08 1.4717E-08 1.6585E-08 1.8709E-08 2.1280E-08 2.4406E-08 2.7983E-08 3.1985E-08 3.6344E-08 4.0887E-08 4.5462E-08 4.9918E-08 5.4094E-08 5.7777E-08 6.0779E-08 6.2942E-08 6.4233E-08 6.4733E-08
2.8658E-09 3.0161E-09 3.1726E-09 3.3347E-09 3.5002E-09 3.6700E-09 3.8451E-09 4.0231E-09 4.2049E-09 4.3900E-09 4.5789E-09 4.7693E-09 4.9599E-09 5.1495E-09 5.3389E-09 5.5275E-09 5.7156E-09 5.9036E-09 6.0865E-09 6.2731E-09 6.4601E-09 6.6406E-09 6.8174E-09 6.9971E-09 7.1796E-09 7.3558E-09 7.5267E-09 7.7087E-09 7.9576E-09 8.2185E-09 8.4691E-09 8.7543E-09 9.0466E-09 9.3454E-09 9.6621E-09 1.0006E-08 1.0430E-08 1.0886E-08 1.1511E-08 1.2502E-08 1.3728E-08 1.5209E-08 1.7021E-08 1.9203E-08 2.1732E-08 2.4631E-08 2.7895E-08 3.1459E-08 3.5213E-08 3.9040E-08 4.2828E-08 4.6449E-08 4.9758E-08 5.2554E-08 5.4738E-08 5.6238E-08 5.7059E-08
2.7959E-09 2.9432E-09 3.0960E-09 3.2532E-09 3.4147E-09 3.5815E-09 3.7524E-09 3.9252E-09 4.1038E-09 4.2831E-09 4.4680E-09 4.6541E-09 4.8401E-09 5.0246E-09 5.2103E-09 5.3942E-09 5.5760E-09 5.7595E-09 5.9389E-09 6.1184E-09 6.3012E-09 6.4789E-09 6.6512E-09 6.8236E-09 7.0011E-09 7.1757E-09 7.3421E-09 7.5137E-09 7.7473E-09 8.0078E-09 8.2513E-09 8.5214E-09 8.8128E-09 9.1030E-09 9.4101E-09 9.7410E-09 1.0129E-08 1.0583E-08 1.1084E-08 1.1854E-08 1.2903E-08 1.4080E-08 1.5440E-08 1.7434E-08 1.9533E-08 2.1876E-08 2.4524E-08 2.7463E-08 3.0545E-08 3.3734E-08 3.6937E-08 4.0045E-08 4.2984E-08 4.5556E-08 4.7655E-08 4.9246E-08 5.0266E-08
2.7257E-09 2.8702E-09 3.0182E-09 3.1715E-09 3.3300E-09 3.4927E-09 3.6584E-09 3.8283E-09 4.0024E-09 4.1775E-09 4.3569E-09 4.5397E-09 4.7199E-09 4.9007E-09 5.0804E-09 5.2595E-09 5.4378E-09 5.6152E-09 5.7912E-09 5.9638E-09 6.1433E-09 6.3172E-09 6.4850E-09 6.6505E-09 6.8243E-09 6.9954E-09 7.1576E-09 7.3203E-09 7.5339E-09 7.7934E-09 8.0347E-09 8.2858E-09 8.5750E-09 8.8570E-09 9.1542E-09 9.4725E-09 9.8250E-09 1.0267E-08 1.0723E-08 1.1317E-08 1.2157E-08 1.3112E-08 1.4329E-08 1.5942E-08 1.7650E-08 1.9615E-08 2.1843E-08 2.4216E-08 2.6757E-08 2.9397E-08 3.2102E-08 3.4757E-08 3.7311E-08 3.9628E-08 4.1601E-08 4.3218E-08 4.4401E-08
2.6568E-09 2.7964E-09 2.9412E-09 3.0907E-09 3.2443E-09 3.4029E-09 3.5647E-09 3.7312E-09 3.9000E-09 4.0718E-09 4.2459E-09 4.4241E-09 4.5997E-09 4.7757E-09 4.9506E-09 5.1249E-09 5.2984E-09 5.4711E-09 5.6438E-09 5.8113E-09 5.9840E-09 6.1544E-09 6.3192E-09 6.4804E-09 6.6459E-09 6.8134E-09 6.9734E-09 7.1296E-09 7.3195E-09 7.5752E-09 7.8165E-09 8.0476E-09 8.3318E-09 8.6085E-09 8.8955E-09 9.2007E-09 9.5346E-09 9.9302E-09 1.0385E-08 1.0875E-08 1.1548E-08 1.2384E-08 1.3371E-08 1.4545E-08 1.6020E-08 1.7726E-08 1.9611E-08 2.1550E-08 2.3647E-08 2.5855E-08 2.8128E-08 3.0409E-08 3.2631E-08 3.4711E-08 3.6555E-08 3.8092E-08 3.9316E-08
2.5879E-09 2.7226E-09 2.8645E-09 3.0091E-09 3.1597E-09 3.3136E-09 3.4722E-09 3.6333E-09 3.7989E-09 3.9663E-09 4.1353E-09 4.3083E-09 4.4798E-09 4.6511E-09 4.8210E-09 4.9907E-09 5.1608E-09 5.3276E-09 5.4957E-09 5.6599E-09 5.8251E-09 5.9936E-09 6.1540E-09 6.3108E-09 6.4685E-09 6.6318E-09 6.7900E-09 6.9414E-09 7.1089E-09 7.3517E-09 7.5958E-09 7.8179E-09 8.0806E-09 8.3588E-09 8.6349E-09 8.9271E-09 9.2452E-09 9.5973E-09 1.0037E-08 1.0493E-08 1.1032E-08 1.1720E-08 1.2583E-08 1.3496E-08 1.4621E-08 1.6162E-08 1.7703E-08 1.9353E-08 2.1104E-08 2.2982E-08 2.4920E-08 2.6858E-08 2.8771E-08 3.0592E-08 3.2267E-08 3.3742E-08 3.4973E-08
2.5178E-09 2.6504E-09 2.7872E-09 2.9287E-09 3.0746E-09 3.2244E-09 3.3789E-09 3.5361E-09 3.6974E-09 3.8600E-09 4.0256E-09 4.1917E-09 4.3605E-09 4.5259E-09 4.6924E-09 4.8572E-09 5.0227E-09 5.1847E-09 5.3485E-09 5.5094E-09 5.6672E-09 5.8319E-09 5.9898E-09 6.1424E-09 6.2928E-09 6.4505E-09 6.6077E-09 6.7548E-09 6.9066E-09 7.1248E-09 7.3735E-09 7.5936E-09 7.8290E-09 8.1086E-09 8.3739E-09 8.6530E-09 8.9549E-09 9.2855E-09 9.6686E-09 1.0124E-08 1.0592E-08 1.1169E-08 1.1867E-08 1.2692E-08 1.3641E-08 1.4857E-08 1.6040E-08 1.7484E-08 1.9053E-08 2.0622E-08 2.2299E-08 2.3956E-08 2.5609E-08 2.7233E-08 2.8734E-08 3.0086E-08 3.1253E-08
2.4474E-09 2.5786E-09 2.7104E-09 2.8490E-09 2.9890E-09 3.1359E-09 3.2865E-09 3.4394E-09 3.5963E-09 3.7557E-09 3.9156E-09 4.0769E-09 4.2416E-09 4.4026E-09 4.5645E-09 4.7246E-09 4.8856E-09 5.0443E-09 5.2023E-09 5.3600E-09 5.5125E-09 5.6693E-09 5.8255E-09 5.9752E-09 6.1214E-09 6.2705E-09 6.4250E-09 6.5698E-09 6.7113E-09 6.8974E-09 7.1479E-09 7.3691E-09 7.5810E-09 7.8475E-09 8.1123E-09 8.3798E-09 8.6654E-09 8.9774E-09 9.3200E-09 9.7350E-09 1.0190E-08 1.0680E-08 1.1277E-08 1.1951E-08 1.2763E-08 1.3656E-08 1.4762E-08 1.5970E-08 1.7293E-08 1.8643E-08 2.0018E-08 2.1513E-08 2.2938E-08 2.4365E-08 2.5722E-08 2.6962E-08 2.8097E-08
2.3795E-09 2.5052E-09 2.6355E-09 2.7676E-09 2.9070E-09 3.0472E-09 3.1936E-09 3.3444E-09 3.4962E-09 3.6511E-09 3.8062E-09 3.9635E-09 4.1219E-09 4.2815E-09 4.4364E-09 4.5944E-09 4.7484E-09 4.9052E-09 5.0560E-09 5.2095E-09 5.3601E-09 5.5092E-09 5.6628E-09 5.8096E-09 5.9517E-09 6.0925E-09 6.2435E-09 6.3866E-09 6.5234E-09 6.6781E-09 6.9123E-09 7.1443E-09 7.3464E-09 7.5837E-09 7.8523E-09 8.1084E-09 8.3777E-09 8.6712E-09 8.9920E-09 9.3512E-09 9.7778E-09 1.0241E-08 1.0745E-08 1.1332E-08 1.2010E-08 1.2780E-08 1.3702E-08 1.4701E-08 1.5760E-08 1.6981E-08 1.8168E-08 1.9398E-08 2.0744E-08 2.1998E-08 2.3200E-08 2.4315E-08 2.5333E-08
2.3120E-09 2.4330E-09 2.5606E-09 2.6899E-09 2.8234E-09 2.9612E-09 3.1038E-09 3.2485E-09 3.3959E-09 3.5473E-09 3.6981E-09 3.8506E-09 4.0043E-09 4.1594E-09 4.3108E-09 4.4633E-09 4.6139E-09 4.7652E-09 4.9141E-09 5.0619E-09 5.2095E-09 5.3525E-09 5.5000E-09 5.6458E-09 5.7839E-09 5.9198E-09 6.0606E-09 6.2054E-09 6.3381E-09 6.4736E-09 6.6747E-09 6.9177E-09 7.1183E-09 7.3269E-09 7.5830E-09 7.8388E-09 8.0934E-09 8.3686E-09 8.6685E-09 8.9956E-09 9.3711E-09 9.8017E-09 1.0269E-08 1.0775E-08 1.1359E-08 1.1992E-08 1.2814E-08 1.3638E-08 1.4562E-08 1.5577E-08 1.6649E-08 1.7711E-08 1.8763E-08 1.9970E-08 2.1031E-08 2.2045E-08 2.2981E-08
2.2434E-09 2.3630E-09 2.4843E-09 2.6128E-09 2.7414E-09 2.8763E-09 3.0121E-09 3.1546E-09 3.2988E-09 3.4438E-09 3.5899E-09 3.7389E-09 3.8881E-09 4.0372E-09 4.1879E-09 4.3336E-09 4.4822E-09 4.6267E-09 4.7738E-09 4.9147E-09 5.0595E-09 5.1987E-09 5.3392E-09 5.4815E-09 5.6182E-09 5.7502E-09 5.8822E-09 6.0230E-09 6.1553E-09 6.2821E-09 6.4395E-09 6.6801E-09 6.8928E-09 7.0820E-09 7.3130E-09 7.5685E-09 7.8132E-09 8.0706E-09 8.3502E-09 8.6545E-09 8.9879E-09 9.3742E-09 9.7898E-09 1.0250E-08 1.0771E-08 1.1320E-08 1.1993E-08 1.2728E-08 1.3544E-08 1.4394E-08 1.5277E-08 1.6243E-08 1.7153E-08 1.8082E-08 1.9139E-08 2.0040E-08 2.0902E-08
2.1762E-09 2.2936E-09 2.4118E-09 2.5333E-09 2.6619E-09 2.7902E-09 2.9252E-09 3.0592E-09 3.2000E-09 3.3426E-09 3.4854E-09 3.6278E-09 3.7707E-09 3.9190E-09 4.0633E-09 4.2069E-09 4.3501E-09 4.4914E-09 4.6331E-09 4.7723E-09 4.9103E-09 5.0480E-09 5.1822E-09 5.3194E-09 5.4548E-09 5.5830E-09 5.7090E-09 5.8414E-09 5.9752E-09 6.0980E-09 6.2298E-09 6.4286E-09 6.6650E-09 6.8500E-09 7.0475E-09 7.2887E-09 7.5385E-09 7.7784E-09 8.0383E-09 8.3205E-09 8.6275E-09 8.9640E-09 9.3459E-09 9.7616E-09 1.0215E-08 1.0688E-08 1.1281E-08 1.1939E-08 1.2656E-08 1.3376E-08 1.4152E-08 1.4981E-08 1.5783E-08 1.6588E-08 1.7395E-08 1.8319E-08 1.9086E-08
2.1110E-09 2.2222E-09 2.3401E-09 2.4584E-09 2.5827E-09 2.7082E-09 2.8358E-09 2.9697E-09 3.1055E-09 3.2409E-09 3.3792E-09 3.5192E-09 3.6599E-09 3.7993E-09 3.9415E-09 4.0820E-09 4.2187E-09 4.3593E-09 4.4931E-09 4.6320E-09 4.7633E-09 4.8971E-09 5.0279E-09 5.1597E-09 5.2914E-09 5.4184E-09 5.5407E-09 5.6640E-09 5.7943E-09 5.9169E-09 6.0340E-09 6.1903E-09 6.4274E-09 6.6227E-09 6.8025E-09 7.0215E-09 7.2560E-09 7.4930E-09 7.7335E-09 7.9941E-09 8.2766E-09 8.5820E-09 8.9165E-09 9.2932E-09 9.6850E-09 1.0134E-08 1.0632E-08 1.1184E-08 1.1864E-08 1.2506E-08 1.3187E-08 1.3882E-08 1.4583E-08 1.5311E-08 1.5995E-08 1.6721E-08 1.7474E-08
2.0439E-09 2.1548E-09 2.2664E-09 2.3845E-09 2.5027E-09 2.6273E-09 2.7514E-09 2.8800E-09 3.0096E-09 3.1436E-09 3.2776E-09 3.4105E-09 3.5458E-09 3.6825E-09 3.8230E-09 3.9557E-09 4.0929E-09 4.2248E-09 4.3592E-09 4.4904E-09 4.6214E-09 4.7471E-09 4.8780E-09 5.0033E-09 5.1291E-09 5.2565E-09 5.3752E-09 5.4918E-09 5.6132E-09 5.7389E-09 5.8523E-09 5.9763E-09 6.1626E-09 6.3969E-09 6.5684E-09 6.7506E-09 6.9751E-09 7.2071E-09 7.4369E-09 7.6763E-09 7.9350E-09 8.2137E-09 8.5145E-09 8.8385E-09 9.1994E-09 9.6015E-09 1.0068E-08 1.0540E-08 1.1102E-08 1.1708E-08 1.2311E-08 1.2934E-08 1.3549E-08 1.4163E-08 1.4771E-08 1.5359E-08 1.5981E-08
1.9809E-09 2.0857E-09 2.1969E-09 2.3085E-09 2.4266E-09 2.5444E-09 2.6683E-09 2.7909E-09 2.9188E-09 3.0442E-09 3.1749E-09 3.3065E-09 3.4377E-09 3.5682E-09 3.7006E-09 3.8361E-09 3.9670E-09 4.0960E-09 4.2265E-09 4.3524E-09 4.4808E-09 4.6040E-09 4.7284E-09 4.8499E-09 4.9729E-09 5.0935E-09 5.2126E-09 5.3257E-09 5.4400E-09 5.5565E-09 5.6740E-09 5.7818E-09 5.9279E-09 6.1444E-09 6.3408E-09 6.5091E-09 6.7088E-09 6.9200E-09 7.1388E-09 7.3679E-09 7.6040E-09 7.8581E-09 8.1314E-09 8.4254E-09 8.7401E-09 9.1006E-09 9.4964E-09 9.9555E-09 1.0435E-08 1.0955E-08 1.1497E-08 1.2053E-08 1.2598E-08 1.3148E-08 1.3682E-08 1.4204E-08 1.4713E-08
1.9162E-09 2.0207E-09 2.1258E-09 2.2371E-09 2.3486E-09 2.4662E-09 2.5831E-09 2.7055E-09 2.8260E-09 2.9511E-09 3.0731E-09 3.2005E-09 3.3285E-09 3.4569E-09 3.5858E-09 3.7130E-09 3.8424E-09 3.9707E-09 4.0928E-09 4.2195E-09 4.3390E-09 4.4635E-09 4.5802E-09 4.7019E-09 4.8182E-09 4.9350E-09 5.0519E-09 5.1629E-09 5.2706E-09 5.3828E-09 5.4974E-09 5.6035E-09 5.7141E-09 5.8859E-09 6.1055E-09 6.2700E-09 6.4353E-09 6.6413E-09 6.8433E-09 7.0541E-09 7.2853E-09 7.5164E-09 7.7645E-09 8.0306E-09 8.3151E-09 8.6332E-09 8.9842E-09 9.3895E-09 9.8138E-09 1.0274E-08 1.0759E-08 1.1250E-08 1.1730E-08 1.2206E-08 1.2674E-08 1.3143E-08 1.3595E-08
1.8529E-09 1.9542E-09 2.0583E-09 2.1652E-09 2.2752E-09 2.3880E-09 2.5028E-09 2.6182E-09 2.7384E-09 2.8560E-09 2.9780E-09 3.0968E-09 3.2207E-09 3.3450E-09 3.4696E-09 3.5964E-09 3.7224E-09 3.8425E-09 3.9663E-09 4.0833E-09 4.2051E-09 4.3222E-09 4.4390E-09 4.5505E-09 4.6672E-09 4.7812E-09 4.8901E-09 5.0033E-09 5.1076E-09 5.2127E-09 5.3188E-09 5.4290E-09 5.5281E-09 5.6538E-09 5.8451E-09 6.0362E-09 6.1931E-09 6.3639E-09 6.5599E-09 6.7537E-09 6.9633E-09 7.1801E-09 7.4148E-09 7.6550E-09 7.9122E-09 8.2002E-09 8.5200E-09 8.8628E-09 9.2397E-09 9.6442E-09 1.0075E-08 1.0492E-08 1.0928E-08 1.1346E-08 1.1773E-08 1.2182E-08 1.2580E-08
1.7934E-09 1.8890E-09 1.9906E-09 2.0954E-09 2.2020E-09 2.3109E-09 2.4227E-09 2.5358E-09 2.6489E-09 2.7663E-09 2.8810E-09 2.9998E-09 3.1169E-09 3.2355E-09 3.3561E-09 3.4771E-09 3.6015E-09 3.7224E-09 3.8369E-09 3.9560E-09 4.0717E-09 4.1850E-09 4.3006E-09 4.4089E-09 4.5180E-09 4.6289E-09 4.7377E-09 4.8415E-09 4.9482E-09 5.0474E-09 5.1503E-09 5.2486E-09 5.3543E-09 5.4512E-09 5.5970E-09 5.7942E-09 5.9565E-09 6.1085E-09 6.2953E-09 6.4681E-09 6.6505E-09 6.8630E-09 7.0634E-09 7.2887E-09 7.5320E-09 7.7958E-09 8.0807E-09 8.3877E-09 8.7158E-09 9.0720E-09 9.4419E-09 9.8067E-09 1.0188E-08 1.0567E-08 1.0931E-08 1.1290E-08 1.1642E-08
1.7276E-09 1.8279E-09 1.9243E-09 2.0253E-09 2.1298E-09 2.2359E-09 2.3437E-09 2.4537E-09 2.5646E-09 2.6756E-09 2.7895E-09 2.9011E-09 3.0167E-09 3.1304E-09 3.2462E-09 3.3621E-09 3.4807E-09 3.5997E-09 3.7159E-09 3.8256E-09 3.9401E-09 4.0533E-09 4.1594E-09 4.2703E-09 4.3735E-09 4.4816E-09 4.5863E-09 4.6879E-09 4.7910E-09 4.8885E-09 4.9841E-09 5.0827E-09 5.1743E-09 5.2752E-09 5.3772E-09 5.5384E-09 5.7191E-09 5.8698E-09 6.0177E-09 6.2011E-09 6.3650E-09 6.5579E-09 6.7447E-09 6.9462E-09 7.1738E-09 7.4005E-09 7.6665E-09 7.9402E-09 8.2314E-09 8.5410E-09 8.8566E-09 9.1742E-09 9.5070E-09 9.8255E-09 1.0157E-08 1.0471E-08 1.0780E-08
1.6711E-09 1.7636E-09 1.8615E-09 1.9584E-09 2.0586E-09 2.1619E-09 2.2674E-09 2.3728E-09 2.4819E-09 2.5889E-09 2.6978E-09 2.8081E-09 2.9165E-09 3.0288E-09 3.1390E-09 3.2521E-09 3.3641E-09 3.4792E-09 3.5923E-09 3.7040E-09 3.8136E-09 3.9189E-09 4.0275E-09 4.1288E-09 4.2350E-09 4.3333E-09 4.4375E-09 4.5386E-09 4.6335E-09 4.7333E-09 4.8244E-09 4.9175E-09 5.0097E-09 5.1042E-09 5.1927E-09 5.3043E-09 5.4720E-09 5.6318E-09 5.7764E-09 5.9351E-09 6.0995E-09 6.2511E-09 6.4455E-09 6.6255E-09 6.8147E-09 7.0388E-09 7.2671E-09 7.5196E-09 7.7787E-09 8.0518E-09 8.3260E-09 8.6029E-09 8.8806E-09 9.1578E-09 9.4474E-09 9.7218E-09 9.9974E-09
