Assets/Resources/2015_m01_d29_1600(utc+0800)_l00_csi_1hr_conc.grd
DSAA
         159         159
     -79.000      79.000
     -79.000      79.000
  0.0000E+00  0.1931E-04
[rows 25 to 49 of 159, columns 57 to 113 of 159]
2.0467E-10 2.1742E-10 2.3049E-10 2.4462E-10 2.5939E-10 2.7483E-10 2.9169E-10 3.0813E-10 3.2599E-10 3.4450E-10 3.6328E-10 3.8307E-10 4.0305E-10 4.2333E-10 4.4459E-10 4.6591E-10 4.8772E-10 5.1046E-10 5.3317E-10 5.5677E-10 5.8075E-10 6.0414E-10 6.2882E-10 6.5377E-10 6.7800E-10 7.0343E-10 7.2904E-10 7.5380E-10 7.7950E-10 8.0526E-10 8.3021E-10 8.5643E-10 8.8177E-10 9.0661E-10 9.3264E-10 9.5770E-10 9.8217E-10 1.0073E-09 1.0323E-09 1.0562E-09 1.0802E-09 1.1049E-09 1.1279E-09 1.1506E-09 1.1745E-09 1.1968E-09 1.2191E-09 1.2427E-09 1.2648E-09 1.2865E-09 1.3079E-09 1.3303E-09 1.3507E-09 1.3706E-09 1.3898E-09 1.4099E-09 1.4279E-09
2.0628E-10 2.1888E-10 2.3207E-10 2.4635E-10 2.6163E-10 2.7725E-10 2.9394E-10 3.1132E-10 3.2903E-10 3.4778E-10 3.6719E-10 3.8686E-10 4.0675E-10 4.2778E-10 4.4935E-10 4.7053E-10 4.9316E-10 5.1626E-10 5.3936E-10 5.6336E-10 5.8729E-10 6.1159E-10 6.3671E-10 6.6165E-10 6.8685E-10 7.1326E-10 7.3842E-10 7.6454E-10 7.9077E-10 8.1626E-10 8.4264E-10 8.6902E-10 8.9452E-10 9.2084E-10 9.4707E-10 9.7233E-10 9.9831E-10 1.0241E-09 1.0489E-09 1.0739E-09 1.0995E-09 1.1236E-09 1.1473E-09 1.1721E-09 1.1953E-09 1.2184E-09 1.2428E-09 1.2657E-09 1.2885E-09 1.3109E-09 1.3345E-09 1.3561E-09 1.3771E-09 1.3976E-09 1.4190E-09 1.4383E-09 1.4568E-09
2.0747E-10 2.2043E-10 2.3385E-10 2.4824E-10 2.6369E-10 2.7983E-10 2.9634E-10 3.1393E-10 3.3221E-10 3.5081E-10 3.7047E-10 3.9039E-10 4.1065E-10 4.3195E-10 4.5336E-10 4.7580E-10 4.9874E-10 5.2127E-10 5.4522E-10 5.6960E-10 5.9346E-10 6.1868E-10 6.4425E-10 6.6966E-10 6.9583E-10 7.2177E-10 7.4784E-10 7.7449E-10 8.0086E-10 8.2732E-10 8.5467E-10 8.8082E-10 9.0734E-10 9.3470E-10 9.6072E-10 9.8704E-10 1.0141E-09 1.0398E-09 1.0652E-09 1.0918E-09 1.1172E-09 1.1420E-09 1.1674E-09 1.1920E-09 1.2159E-09 1.2411E-09 1.2649E-09 1.2885E-09 1.3120E-09 1.3367E-09 1.3595E-09 1.3818E-09 1.4035E-09 1.4262E-09 1.4467E-09 1.4666E-09 1.4873E-09
2.0875E-10 2.2155E-10 2.3543E-10 2.4996E-10 2.6554E-10 2.8186E-10 2.9889E-10 3.1629E-10 3.3479E-10 3.5397E-10 3.7349E-10 3.9327E-10 4.1425E-10 4.3582E-10 4.5753E-10 4.8027E-10 5.0308E-10 5.2643E-10 5.5073E-10 5.7503E-10 6.0026E-10 6.2588E-10 6.5093E-10 6.7729E-10 7.0394E-10 7.2988E-10 7.5688E-10 7.8405E-10 8.1096E-10 8.3841E-10 8.6551E-10 8.9265E-10 9.2022E-10 9.4735E-10 9.7397E-10 1.0018E-09 1.0287E-09 1.0550E-09 1.0825E-09 1.1089E-09 1.1346E-09 1.1610E-09 1.1867E-09 1.2116E-09 1.2370E-09 1.2623E-09 1.2868E-09 1.3111E-09 1.3368E-09 1.3608E-09 1.3843E-09 1.4081E-09 1.4313E-09 1.4531E-09 1.4743E-09 1.4964E-09 1.5162E-09
2.0961E-10 2.2286E-10 2.3648E-10 2.5184E-10 2.6721E-10 2.8365E-10 3.0086E-10 3.1879E-10 3.3711E-10 3.5652E-10 3.7587E-10 3.9634E-10 4.1756E-10 4.3893E-10 4.6139E-10 4.8441E-10 5.0708E-10 5.3123E-10 5.5589E-10 5.8058E-10 6.0619E-10 6.3176E-10 6.5772E-10 6.8453E-10 7.1117E-10 7.3842E-10 7.6591E-10 7.9278E-10 8.2066E-10 8.4866E-10 8.7590E-10 9.0407E-10 9.3226E-10 9.5957E-10 9.8773E-10 1.0158E-09 1.0429E-09 1.0708E-09 1.0986E-09 1.1252E-09 1.1526E-09 1.1793E-09 1.2052E-09 1.2316E-09 1.2578E-09 1.2832E-09 1.3084E-09 1.3351E-09 1.3600E-09 1.3847E-09 1.4105E-09 1.4343E-09 1.4574E-09 1.4799E-09 1.5034E-09 1.5246E-09 1.5519E-09
2.1055E-10 2.2363E-10 2.3768E-10 2.5281E-10 2.6865E-10 2.8526E-10 3.0223E-10 3.2071E-10 3.3920E-10 3.5842E-10 3.7833E-10 3.9912E-10 4.2055E-10 4.4219E-10 4.6491E-10 4.8776E-10 5.1121E-10 5.3568E-10 5.6021E-10 5.8574E-10 6.1173E-10 6.3722E-10 6.6411E-10 6.9136E-10 7.1839E-10 7.4612E-10 7.7370E-10 8.0150E-10 8.2992E-10 8.5806E-10 8.8674E-10 9.1548E-10 9.4343E-10 9.7225E-10 1.0010E-09 1.0289E-09 1.0572E-09 1.0862E-09 1.1138E-09 1.1416E-09 1.1697E-09 1.1967E-09 1.2241E-09 1.2513E-09 1.2776E-09 1.3037E-09 1.3313E-09 1.3572E-09 1.3830E-09 1.4099E-09 1.4350E-09 1.4595E-09 1.4834E-09 1.5082E-09 1.5341E-09 1.5596E-09 1.5813E-09
2.1107E-10 2.2457E-10 2.3873E-10 2.5393E-10 2.6990E-10 2.8661E-10 3.0411E-10 3.2200E-10 3.4102E-10 3.6042E-10 3.8061E-10 4.0160E-10 4.2280E-10 4.4514E-10 4.6764E-10 4.9076E-10 5.1498E-10 5.3975E-10 5.6463E-10 5.9051E-10 6.1641E-10 6.4278E-10 6.7008E-10 6.9727E-10 7.2517E-10 7.5337E-10 7.8103E-10 8.1019E-10 8.3872E-10 8.6742E-10 8.9667E-10 9.2560E-10 9.5458E-10 9.8403E-10 1.0130E-09 1.0420E-09 1.0714E-09 1.1003E-09 1.1285E-09 1.1580E-09 1.1860E-09 1.2137E-09 1.2427E-09 1.2700E-09 1.2970E-09 1.3254E-09 1.3523E-09 1.3790E-09 1.4071E-09 1.4334E-09 1.4592E-09 1.4844E-09 1.5107E-09 1.5412E-09 1.5650E-09 1.5882E-09 1.6105E-09
2.1141E-10 2.2498E-10 2.3992E-10 2.5488E-10 2.7093E-10 2.8777E-10 3.0538E-10 3.2340E-10 3.4259E-10 3.6213E-10 3.8261E-10 4.0376E-10 4.2519E-10 4.4728E-10 4.7049E-10 4.9389E-10 5.1838E-10 5.4298E-10 5.6866E-10 5.9487E-10 6.2065E-10 6.4791E-10 6.7561E-10 7.0316E-10 7.3150E-10 7.5976E-10 7.8875E-10 8.1799E-10 8.4663E-10 8.7631E-10 9.0613E-10 9.3521E-10 9.6567E-10 9.9533E-10 1.0245E-09 1.0551E-09 1.0847E-09 1.1138E-09 1.1438E-09 1.1731E-09 1.2018E-09 1.2317E-09 1.2601E-09 1.2881E-09 1.3175E-09 1.3453E-09 1.3730E-09 1.4020E-09 1.4294E-09 1.4565E-09 1.4831E-09 1.5108E-09 1.5427E-09 1.5680E-09 1.5927E-09 1.6166E-09 1.6396E-09
2.1195E-10 2.2555E-10 2.4022E-10 2.5597E-10 2.7177E-10 2.8869E-10 3.0643E-10 3.2494E-10 3.4389E-10 3.6368E-10 3.8430E-10 4.0518E-10 4.2679E-10 4.4956E-10 4.7252E-10 4.9665E-10 5.2140E-10 5.4631E-10 5.7229E-10 5.9836E-10 6.2547E-10 6.5261E-10 6.8020E-10 7.0859E-10 7.3736E-10 7.6609E-10 7.9556E-10 8.2489E-10 8.5447E-10 8.8511E-10 9.1466E-10 9.4520E-10 9.7583E-10 1.0057E-09 1.0365E-09 1.0672E-09 1.0971E-09 1.1278E-09 1.1580E-09 1.1877E-09 1.2186E-09 1.2479E-09 1.2770E-09 1.3074E-09 1.3361E-09 1.3647E-09 1.3940E-09 1.4232E-09 1.4514E-09 1.4801E-09 1.5083E-09 1.5417E-09 1.5685E-09 1.5947E-09 1.6201E-09 1.6447E-09 1.6686E-09
2.1195E-10 2.2596E-10 2.4067E-10 2.5614E-10 2.7237E-10 2.8941E-10 3.0686E-10 3.2587E-10 3.4455E-10 3.6493E-10 3.8524E-10 4.0628E-10 4.2854E-10 4.5149E-10 4.7470E-10 4.9904E-10 5.2357E-10 5.4924E-10 5.7550E-10 6.0191E-10 6.2887E-10 6.5685E-10 6.8477E-10 7.1355E-10 7.4233E-10 7.7193E-10 8.0186E-10 8.3170E-10 8.6223E-10 8.9256E-10 9.2309E-10 9.5422E-10 9.8504E-10 1.0160E-09 1.0474E-09 1.0784E-09 1.1094E-09 1.1409E-09 1.1713E-09 1.2024E-09 1.2334E-09 1.2635E-09 1.2949E-09 1.3247E-09 1.3543E-09 1.3845E-09 1.4147E-09 1.4439E-09 1.4737E-09 1.5033E-09 1.5381E-09 1.5664E-09 1.5940E-09 1.6210E-09 1.6472E-09 1.6726E-09 1.6972E-09
2.1213E-10 2.2582E-10 2.4095E-10 2.5646E-10 2.7277E-10 2.8986E-10 3.0780E-10 3.2616E-10 3.4577E-10 3.6545E-10 3.8633E-10 4.0754E-10 4.2995E-10 4.5262E-10 4.7650E-10 5.0105E-10 5.2584E-10 5.5176E-10 5.7783E-10 6.0454E-10 6.3231E-10 6.6014E-10 6.8885E-10 7.1801E-10 7.4723E-10 7.7726E-10 8.0724E-10 8.3799E-10 8.6902E-10 8.9946E-10 9.3099E-10 9.6269E-10 9.9366E-10 1.0261E-09 1.0577E-09 1.0890E-09 1.1216E-09 1.1529E-09 1.1848E-09 1.2166E-09 1.2477E-09 1.2793E-09 1.3109E-09 1.3415E-09 1.3726E-09 1.4038E-09 1.4340E-09 1.4641E-09 1.4957E-09 1.5318E-09 1.5615E-09 1.5907E-09 1.6191E-09 1.6469E-09 1.6740E-09 1.7002E-09 1.7256E-09
2.1178E-10 2.2621E-10 2.4067E-10 2.5660E-10 2.7294E-10 2.9012E-10 3.0810E-10 3.2656E-10 3.4589E-10 3.6612E-10 3.8666E-10 4.0848E-10 4.3102E-10 4.5388E-10 4.7793E-10 5.0222E-10 5.2771E-10 5.5340E-10 5.8023E-10 6.0722E-10 6.3529E-10 6.6340E-10 6.9245E-10 7.2158E-10 7.5162E-10 7.8207E-10 8.1251E-10 8.4373E-10 8.7484E-10 9.0624E-10 9.3831E-10 9.7016E-10 1.0026E-09 1.0352E-09 1.0671E-09 1.0999E-09 1.1323E-09 1.1643E-09 1.1977E-09 1.2296E-09 1.2614E-09 1.2946E-09 1.3262E-09 1.3576E-09 1.3905E-09 1.4217E-09 1.4529E-09 1.4855E-09 1.5228E-09 1.5539E-09 1.5845E-09 1.6145E-09 1.6438E-09 1.6725E-09 1.7004E-09 1.7283E-09 1.7556E-09
2.1197E-10 2.2570E-10 2.4090E-10 2.5615E-10 2.7292E-10 2.8976E-10 3.0819E-10 3.2668E-10 3.4620E-10 3.6649E-10 3.8717E-10 4.0908E-10 4.3130E-10 4.5478E-10 4.7853E-10 5.0349E-10 5.2871E-10 5.5509E-10 5.8170E-10 6.0945E-10 6.3733E-10 6.6617E-10 6.9555E-10 7.2506E-10 7.5548E-10 7.8593E-10 8.1724E-10 8.4892E-10 8.8053E-10 9.1287E-10 9.4505E-10 9.7747E-10 1.0105E-09 1.0433E-09 1.0763E-09 1.1098E-09 1.1424E-09 1.1765E-09 1.2092E-09 1.2419E-09 1.2760E-09 1.3086E-09 1.3410E-09 1.3748E-09 1.4070E-09 1.4391E-09 1.4728E-09 1.5111E-09 1.5434E-09 1.5754E-09 1.6069E-09 1.6379E-09 1.6681E-09 1.6976E-09 1.7282E-09 1.7562E-09 1.7863E-09
2.1127E-10 2.2574E-10 2.4023E-10 2.5623E-10 2.7230E-10 2.8992E-10 3.0765E-10 3.2666E-10 3.4577E-10 3.6614E-10 3.8689E-10 4.0891E-10 4.3172E-10 4.5486E-10 4.7922E-10 5.0389E-10 5.2977E-10 5.5588E-10 5.8322E-10 6.1121E-10 6.3932E-10 6.6845E-10 6.9773E-10 7.2803E-10 7.5881E-10 7.8968E-10 8.2141E-10 8.5311E-10 8.8564E-10 9.1847E-10 9.5075E-10 9.8418E-10 1.0178E-09 1.0508E-09 1.0853E-09 1.1185E-09 1.1525E-09 1.1867E-09 1.2201E-09 1.2550E-09 1.2885E-09 1.3218E-09 1.3566E-09 1.3898E-09 1.4229E-09 1.4575E-09 1.4938E-09 1.5303E-09 1.5635E-09 1.5964E-09 1.6289E-09 1.6607E-09 1.6918E-09 1.7241E-09 1.7538E-09 1.7857E-09 1.8140E-09
2.1041E-10 2.2488E-10 2.4010E-10 2.5537E-10 2.7219E-10 2.8911E-10 3.0723E-10 3.2591E-10 3.4552E-10 3.6548E-10 3.8678E-10 4.0886E-10 4.3132E-10 4.5504E-10 4.7907E-10 5.0438E-10 5.3042E-10 5.5676E-10 5.8430E-10 6.1205E-10 6.4083E-10 6.7022E-10 6.9985E-10 7.3046E-10 7.6118E-10 7.9286E-10 8.2500E-10 8.5716E-10 8.9014E-10 9.2305E-10 9.5629E-10 9.9026E-10 1.0240E-09 1.0585E-09 1.0927E-09 1.1266E-09 1.1621E-09 1.1962E-09 1.2311E-09 1.2660E-09 1.3003E-09 1.3352E-09 1.3701E-09 1.4042E-09 1.4397E-09 1.4769E-09 1.5144E-09 1.5488E-09 1.5830E-09 1.6169E-09 1.6502E-09 1.6829E-09 1.7168E-09 1.7483E-09 1.7820E-09 1.8140E-09 1.8445E-09
2.0973E-10 2.2383E-10 2.3905E-10 2.5505E-10 2.7113E-10 2.8880E-10 3.0620E-10 3.2536E-10 3.4498E-10 3.6502E-10 3.8635E-10 4.0804E-10 4.3106E-10 4.5486E-10 4.7904E-10 5.0447E-10 5.3019E-10 5.5720E-10 5.8492E-10 6.1284E-10 6.4184E-10 6.7110E-10 7.0144E-10 7.3235E-10 7.6344E-10 7.9548E-10 8.2759E-10 8.6061E-10 8.9403E-10 9.2699E-10 9.6119E-10 9.9569E-10 1.0300E-09 1.0651E-09 1.0995E-09 1.1354E-09 1.1702E-09 1.2050E-09 1.2414E-09 1.2764E-09 1.3121E-09 1.3479E-09 1.3829E-09 1.4186E-09 1.4543E-09 1.4959E-09 1.5314E-09 1.5667E-09 1.6018E-09 1.6366E-09 1.6709E-09 1.7055E-09 1.7396E-09 1.7749E-09 1.8088E-09 1.8411E-09 1.8716E-09
2.0888E-10 2.2331E-10 2.3780E-10 2.5380E-10 2.7061E-10 2.8753E-10 3.0575E-10 3.2410E-10 3.4373E-10 3.6426E-10 3.8516E-10 4.0738E-10 4.2999E-10 4.5387E-10 4.7863E-10 5.0370E-10 5.3006E-10 5.5720E-10 5.8463E-10 6.1315E-10 6.4237E-10 6.7190E-10 7.0249E-10 7.3329E-10 7.6514E-10 7.9752E-10 8.3003E-10 8.6345E-10 8.9688E-10 9.3075E-10 9.6543E-10 1.0000E-09 1.0354E-09 1.0706E-09 1.1062E-09 1.1422E-09 1.1775E-09 1.2145E-09 1.2502E-09 1.2859E-09 1.3232E-09 1.3591E-09 1.3957E-09 1.4323E-09 1.4747E-09 1.5112E-09 1.5476E-09 1.5839E-09 1.6199E-09 1.6557E-09 1.6918E-09 1.7275E-09 1.7646E-09 1.8003E-09 1.8344E-09 1.8677E-09 1.9024E-09
2.0751E-10 2.2191E-10 2.3709E-10 2.5234E-10 2.6914E-10 2.8641E-10 3.0424E-10 3.2303E-10 3.4220E-10 3.6274E-10 3.8411E-10 4.0592E-10 4.2904E-10 4.5301E-10 4.7736E-10 5.0300E-10 5.2901E-10 5.5630E-10 5.8430E-10 6.1259E-10 6.4201E-10 6.7218E-10 7.0302E-10 7.3412E-10 7.6626E-10 7.9856E-10 8.3186E-10 8.6566E-10 8.9908E-10 9.3385E-10 9.6901E-10 1.0041E-09 1.0400E-09 1.0753E-09 1.1123E-09 1.1482E-09 1.1849E-09 1.2219E-09 1.2583E-09 1.2955E-09 1.3329E-09 1.3695E-09 1.4078E-09 1.4509E-09 1.4883E-09 1.5257E-09 1.5630E-09 1.6003E-09 1.6373E-09 1.6749E-09 1.7122E-09 1.7509E-09 1.7883E-09 1.8242E-09 1.8604E-09 1.8960E-09 1.9289E-09
2.0671E-10 2.2072E-10 2.3548E-10 2.5142E-10 2.6745E-10 2.8468E-10 3.0295E-10 3.2125E-10 3.4088E-10 3.6139E-10 3.8231E-10 4.0462E-10 4.2774E-10 4.5131E-10 4.7620E-10 5.0144E-10 5.2804E-10 5.5543E-10 5.8310E-10 6.1196E-10 6.4158E-10 6.7195E-10 7.0261E-10 7.3440E-10 7.6681E-10 7.9945E-10 8.3309E-10 8.6683E-10 9.0111E-10 9.3630E-10 9.7147E-10 1.0075E-09 1.0435E-09 1.0801E-09 1.1170E-09 1.1534E-09 1.1915E-09 1.2285E-09 1.2663E-09 1.3043E-09 1.3417E-09 1.3807E-09 1.4215E-09 1.4628E-09 1.5011E-09 1.5394E-09 1.5777E-09 1.6159E-09 1.6539E-09 1.6935E-09 1.7337E-09 1.7728E-09 1.8104E-09 1.8485E-09 1.8860E-09 1.9209E-09 1.9548E-09
2.0502E-10 2.1933E-10 2.3406E-10 2.4957E-10 2.6629E-10 2.8309E-10 3.0097E-10 3.1966E-10 3.3882E-10 3.5931E-10 3.8070E-10 4.0252E-10 4.2566E-10 4.4974E-10 4.7419E-10 4.9999E-10 5.2665E-10 5.5366E-10 5.8187E-10 6.1085E-10 6.4024E-10 6.7080E-10 7.0210E-10 7.3370E-10 7.6638E-10 7.9974E-10 8.3327E-10 8.6736E-10 9.0247E-10 9.3806E-10 9.7371E-10 1.0102E-09 1.0463E-09 1.0841E-09 1.1208E-09 1.1586E-09 1.1967E-09 1.2342E-09 1.2735E-09 1.3115E-09 1.3504E-09 1.3895E-09 1.4346E-09 1.4738E-09 1.5130E-09 1.5522E-09 1.5915E-09 1.6307E-09 1.6715E-09 1.7123E-09 1.7538E-09 1.7932E-09 1.8330E-09 1.8724E-09 1.9091E-09 1.9472E-09 1.9848E-09
2.0318E-10 2.1743E-10 2.3245E-10 2.4828E-10 2.6420E-10 2.8141E-10 2.9920E-10 3.1739E-10 3.3697E-10 3.5695E-10 3.7831E-10 4.0058E-10 4.2374E-10 4.4734E-10 4.7228E-10 4.9814E-10 5.2438E-10 5.5190E-10 5.8018E-10 6.0887E-10 6.3883E-10 6.6953E-10 7.0062E-10 7.3286E-10 7.6581E-10 7.9900E-10 8.3326E-10 8.6771E-10 9.0317E-10 9.3872E-10 9.7525E-10 1.0118E-09 1.0490E-09 1.0866E-09 1.1239E-09 1.1630E-09 1.2010E-09 1.2400E-09 1.2792E-09 1.3179E-09 1.3584E-09 1.4040E-09 1.4439E-09 1.4839E-09 1.5240E-09 1.5642E-09 1.6044E-09 1.6464E-09 1.6885E-09 1.7305E-09 1.7723E-09 1.8138E-09 1.8550E-09 1.8936E-09 1.9337E-09 1.9732E-09 2.0123E-09
2.0155E-10 2.1535E-10 2.3030E-10 2.4607E-10 2.6227E-10 2.7904E-10 2.9676E-10 3.1535E-10 3.3439E-10 3.5476E-10 3.7611E-10 3.9786E-10 4.2101E-10 4.4507E-10 4.6954E-10 4.9543E-10 5.2218E-10 5.4928E-10 5.7764E-10 6.0686E-10 6.3691E-10 6.6735E-10 6.9905E-10 7.3146E-10 7.6422E-10 7.9810E-10 8.3220E-10 8.6741E-10 9.0320E-10 9.3915E-10 9.7607E-10 1.0126E-09 1.0510E-09 1.0884E-09 1.1270E-09 1.1659E-09 1.2045E-09 1.2449E-09 1.2840E-09 1.3250E-09 1.3680E-09 1.4115E-09 1.4523E-09 1.4931E-09 1.5342E-09 1.5753E-09 1.6174E-09 1.6605E-09 1.7047E-09 1.7479E-09 1.7911E-09 1.8339E-09 1.8742E-09 1.9162E-09 1.9577E-09 2.0012E-09 2.0499E-09
1.9941E-10 2.1349E-10 2.2836E-10 2.4366E-10 2.5978E-10 2.7693E-10 2.9409E-10 3.1260E-10 3.3201E-10 3.5186E-10 3.7315E-10 3.9530E-10 4.1843E-10 4.4198E-10 4.6694E-10 4.9282E-10 5.1910E-10 5.4666E-10 5.7505E-10 6.0437E-10 6.3411E-10 6.6511E-10 6.9693E-10 7.2909E-10 7.6249E-10 7.9658E-10 8.3097E-10 8.6646E-10 9.0213E-10 9.3888E-10 9.7574E-10 1.0134E-09 1.0515E-09 1.0902E-09 1.1292E-09 1.1680E-09 1.2086E-09 1.2482E-09 1.2888E-09 1.3297E-09 1.3768E-09 1.4181E-09 1.4597E-09 1.5014E-09 1.5433E-09 1.5854E-09 1.6304E-09 1.6746E-09 1.7201E-09 1.7637E-09 1.8090E-09 1.8511E-09 1.8949E-09 1.9383E-09 1.9850E-09 2.0346E-09 2.0976E-09
1.9747E-10 2.1146E-10 2.2623E-10 2.4146E-10 2.5710E-10 2.7415E-10 2.9165E-10 3.0962E-10 3.2894E-10 3.4918E-10 3.7036E-10 3.9199E-10 4.1506E-10 4.3903E-10 4.6349E-10 4.8936E-10 5.1606E-10 5.4361E-10 5.7163E-10 6.0101E-10 6.3122E-10 6.6234E-10 6.9386E-10 7.2662E-10 7.6017E-10 7.9404E-10 8.2911E-10 8.6485E-10 9.0085E-10 9.3792E-10 9.7468E-10 1.0134E-09 1.0513E-09 1.0911E-09 1.1300E-09 1.1700E-09 1.2105E-09 1.2506E-09 1.2926E-09 1.3399E-09 1.3817E-09 1.4238E-09 1.4662E-09 1.5088E-09 1.5516E-09 1.5964E-09 1.6425E-09 1.6890E-09 1.7339E-09 1.7806E-09 1.8242E-09 1.8697E-09 1.9148E-09 1.9648E-09 2.0312E-09 2.0825E-09 2.1312E-09
1.9543E-10 2.0931E-10 2.2359E-10 2.3907E-10 2.5507E-10 2.7117E-10 2.8856E-10 3.0688E-10 3.2562E-10 3.4576E-10 3.6685E-10 3.8888E-10 4.1138E-10 4.3529E-10 4.6019E-10 4.8552E-10 5.1221E-10 5.3975E-10 5.6822E-10 5.9760E-10 6.2789E-10 6.5865E-10 6.9068E-10 7.2358E-10 7.5686E-10 7.9136E-10 8.2662E-10 8.6217E-10 8.9889E-10 9.3582E-10 9.7361E-10 1.0120E-09 1.0510E-09 1.0906E-09 1.1299E-09 1.1712E-09 1.2115E-09 1.2530E-09 1.2980E-09 1.3432E-09 1.3857E-09 1.4286E-09 1.4717E-09 1.5151E-09 1.5597E-09 1.6065E-09 1.6539E-09 1.6997E-09 1.7477E-09 1.7937E-09 1.8407E-09 1.8875E-09 1.9410E-09 2.0093E-09 2.0619E-09 2.1179E-09 2.1680E-09
