Assets/Resources/2015_m01_d24_0700(utc+0800)_l00_csi_1hr_conc.grd
DSAA
         159         159
     -79.000      79.000
     -79.000      79.000
  0.0000E+00  0.3586E-05
[rows 100 to 124 of 159, columns 0 to 56 of 159]
1.3552E-10 1.4860E-10 1.6793E-10 1.8179E-10 2.0060E-10 2.1798E-10 2.3737E-10 2.5960E-10 2.8076E-10 3.0247E-10 3.1853E-10 3.3912E-10 3.6094E-10 3.8107E-10 4.0681E-10 4.2423E-10 4.4908E-10 4.6804E-10 4.8527E-10 5.1488E-10 5.3360E-10 5.5770E-10 5.8427E-10 6.0500E-10 6.3472E-10 6.5687E-10 6.8209E-10 7.1086E-10 7.3495E-10 7.6229E-10 7.9045E-10 8.1640E-10 8.4286E-10 8.7288E-10 9.0053E-10 9.2870E-10 9.6054E-10 9.8987E-10 1.0197E-09 1.0535E-09 1.0844E-09 1.1158E-09 1.1513E-09 1.1838E-09 1.2167E-09 1.2538E-09 1.2877E-09 1.3220E-09 1.3607E-09 1.4191E-09 1.4664E-09 1.5137E-09 1.5500E-09 1.6282E-09 1.6816E-09 1.7299E-09 1.8039E-09
1.3429E-10 1.4845E-10 1.6664E-10 1.8267E-10 2.0168E-10 2.1770E-10 2.3736E-10 2.6054E-10 2.8032E-10 2.9882E-10 3.1594E-10 3.3563E-10 3.6012E-10 3.7817E-10 4.0145E-10 4.2086E-10 4.3871E-10 4.6637E-10 4.8352E-10 5.1275E-10 5.3138E-10 5.5048E-10 5.8154E-10 6.0215E-10 6.2574E-10 6.5351E-10 6.7603E-10 7.0430E-10 7.3089E-10 7.5534E-10 7.8307E-10 8.1161E-10 8.3789E-10 8.6468E-10 8.9505E-10 9.2301E-10 9.5452E-10 9.8362E-10 1.0132E-09 1.0433E-09 1.0773E-09 1.1085E-09 1.1401E-09 1.1758E-09 1.2084E-09 1.2414E-09 1.2787E-09 1.3127E-09 1.3470E-09 1.3857E-09 1.4209E-09 1.4780E-09 1.5245E-09 1.5710E-09 1.6350E-09 1.6907E-09 1.7441E-09
1.3399E-10 1.5054E-10 1.6531E-10 1.8232E-10 2.0031E-10 2.1956E-10 2.3696E-10 2.6009E-10 2.7598E-10 2.9526E-10 3.1527E-10 3.3597E-10 3.5825E-10 3.7511E-10 3.9450E-10 4.1950E-10 4.3724E-10 4.6237E-10 4.8163E-10 4.9915E-10 5.2901E-10 5.4800E-10 5.6988E-10 5.9912E-10 6.2010E-10 6.4997E-10 6.7234E-10 6.9522E-10 7.2394E-10 7.5090E-10 7.7569E-10 8.0381E-10 8.3270E-10 8.5930E-10 8.8934E-10 9.1708E-10 9.4532E-10 9.7714E-10 1.0065E-09 1.0363E-09 1.0666E-09 1.1008E-09 1.1322E-09 1.1639E-09 1.1998E-09 1.2325E-09 1.2657E-09 1.3030E-09 1.3371E-09 1.3714E-09 1.4101E-09 1.4453E-09 1.4807E-09 1.5459E-09 1.5816E-09 1.6269E-09 1.6968E-09
1.3365E-10 1.5018E-10 1.6395E-10 1.8092E-10 1.9997E-10 2.1810E-10 2.3583E-10 2.5560E-10 2.7660E-10 2.9463E-10 3.1561E-10 3.3350E-10 3.5139E-10 3.7403E-10 3.9330E-10 4.1587E-10 4.3353E-10 4.5167E-10 4.7960E-10 4.9703E-10 5.2033E-10 5.4537E-10 5.6472E-10 5.9593E-10 6.1677E-10 6.3810E-10 6.6848E-10 6.9120E-10 7.1699E-10 7.4356E-10 7.7088E-10 7.9871E-10 8.2731E-10 8.5369E-10 8.8057E-10 9.1094E-10 9.3894E-10 9.6743E-10 9.9952E-10 1.0291E-09 1.0591E-09 1.0896E-09 1.1240E-09 1.1555E-09 1.1874E-09 1.2234E-09 1.2562E-09 1.2894E-09 1.3268E-09 1.3609E-09 1.3952E-09 1.4339E-09 1.4690E-09 1.5043E-09 1.5576E-09 1.6018E-09 1.6373E-09
1.2997E-10 1.4781E-10 1.6353E-10 1.8263E-10 2.0065E-10 2.1659E-10 2.3677E-10 2.5505E-10 2.7596E-10 2.9203E-10 3.1102E-10 3.3263E-10 3.5041E-10 3.7075E-10 3.8794E-10 4.0656E-10 4.3184E-10 4.4987E-10 4.7225E-10 4.9477E-10 5.1255E-10 5.4258E-10 5.6182E-10 5.8152E-10 6.1328E-10 6.3447E-10 6.5864E-10 6.8699E-10 7.1004E-10 7.3884E-10 7.6588E-10 7.9079E-10 8.1896E-10 8.4788E-10 8.7454E-10 9.0170E-10 9.3234E-10 9.6059E-10 9.8931E-10 1.0216E-09 1.0514E-09 1.0816E-09 1.1123E-09 1.1468E-09 1.1785E-09 1.2105E-09 1.2465E-09 1.2794E-09 1.3127E-09 1.3501E-09 1.3841E-09 1.4184E-09 1.4570E-09 1.4920E-09 1.5272E-09 1.5624E-09 1.5979E-09
1.3072E-10 1.4973E-10 1.6545E-10 1.8012E-10 2.0132E-10 2.1502E-10 2.3619E-10 2.5442E-10 2.7231E-10 2.9044E-10 3.1019E-10 3.3166E-10 3.4739E-10 3.6471E-10 3.8658E-10 4.0505E-10 4.2789E-10 4.4581E-10 4.6423E-10 4.9236E-10 5.1004E-10 5.3123E-10 5.5876E-10 5.7834E-10 6.0720E-10 6.3067E-10 6.5218E-10 6.8261E-10 7.0549E-10 7.2886E-10 7.5804E-10 7.8540E-10 8.1061E-10 8.3910E-10 8.6831E-10 8.9523E-10 9.2263E-10 9.5354E-10 9.8201E-10 1.0109E-09 1.0435E-09 1.0734E-09 1.1038E-09 1.1346E-09 1.1693E-09 1.2010E-09 1.2331E-09 1.2691E-09 1.3021E-09 1.3353E-09 1.3727E-09 1.4067E-09 1.4409E-09 1.4794E-09 1.5142E-09 1.5490E-09 1.5841E-09
1.3016E-10 1.4926E-10 1.6494E-10 1.7859E-10 1.9974E-10 2.1340E-10 2.3452E-10 2.5191E-10 2.7055E-10 2.9080E-10 3.0927E-10 3.2665E-10 3.4425E-10 3.6235E-10 3.8301E-10 4.0144E-10 4.1827E-10 4.4379E-10 4.6207E-10 4.8169E-10 5.0739E-10 5.2540E-10 5.5555E-10 5.7500E-10 5.9490E-10 6.2670E-10 6.4806E-10 6.6990E-10 7.0076E-10 7.2395E-10 7.5019E-10 7.7715E-10 8.0482E-10 8.3299E-10 8.5908E-10 8.8856E-10 9.1572E-10 9.4335E-10 9.7448E-10 1.0031E-09 1.0353E-09 1.0650E-09 1.0951E-09 1.1256E-09 1.1564E-09 1.1912E-09 1.2230E-09 1.2551E-09 1.2912E-09 1.3241E-09 1.3574E-09 1.3946E-09 1.4285E-09 1.4627E-09 1.5009E-09 1.5353E-09 1.5700E-09
1.2874E-10 1.4679E-10 1.6439E-10 1.7801E-10 1.9911E-10 2.1274E-10 2.3177E-10 2.5131E-10 2.7200E-10 2.8882E-10 3.0446E-10 3.2342E-10 3.4303E-10 3.6100E-10 3.7670E-10 3.9771E-10 4.1645E-10 4.3661E-10 4.5767E-10 4.7632E-10 5.0460E-10 5.2250E-10 5.4083E-10 5.7151E-10 5.9127E-10 6.1149E-10 6.4378E-10 6.6545E-10 6.9338E-10 7.1886E-10 7.4233E-10 7.6889E-10 7.9615E-10 8.2410E-10 8.5256E-10 8.7888E-10 9.0861E-10 9.3598E-10 9.6381E-10 9.9514E-10 1.0240E-09 1.0563E-09 1.0861E-09 1.1163E-09 1.1469E-09 1.1779E-09 1.2127E-09 1.2445E-09 1.2766E-09 1.3127E-09 1.3456E-09 1.3787E-09 1.4159E-09 1.4497E-09 1.4835E-09 1.5213E-09 1.5555E-09
1.2693E-10 1.4600E-10 1.6182E-10 1.7753E-10 1.9743E-10 2.1321E-10 2.3348E-10 2.5386E-10 2.6931E-10 2.8388E-10 3.0342E-10 3.2227E-10 3.3971E-10 3.5676E-10 3.7405E-10 3.9385E-10 4.1252E-10 4.2959E-10 4.5530E-10 4.7380E-10 4.9065E-10 5.1945E-10 5.3766E-10 5.5942E-10 5.8749E-10 6.0756E-10 6.3693E-10 6.6083E-10 6.8279E-10 7.1109E-10 7.3688E-10 7.6062E-10 7.9010E-10 8.1502E-10 8.4323E-10 8.7193E-10 8.9848E-10 9.2842E-10 9.5599E-10 9.8693E-10 1.0155E-09 1.0445E-09 1.0769E-09 1.1068E-09 1.1371E-09 1.1678E-09 1.1988E-09 1.2302E-09 1.2655E-09 1.2976E-09 1.3300E-09 1.3664E-09 1.3995E-09 1.4327E-09 1.4698E-09 1.5034E-09 1.5370E-09
1.2546E-10 1.4543E-10 1.6021E-10 1.7685E-10 1.9471E-10 2.1142E-10 2.3266E-10 2.5195E-10 2.6838E-10 2.8288E-10 3.0229E-10 3.1722E-10 3.3427E-10 3.5325E-10 3.7242E-10 3.8725E-10 4.0848E-10 4.2745E-10 4.4492E-10 4.6904E-10 4.8790E-10 5.1031E-10 5.3435E-10 5.5287E-10 5.8046E-10 6.0348E-10 6.2384E-10 6.5363E-10 6.7784E-10 7.0008E-10 7.3126E-10 7.5479E-10 7.7879E-10 8.0856E-10 8.3371E-10 8.6215E-10 8.9109E-10 9.1783E-10 9.4796E-10 9.7570E-10 1.0068E-09 1.0355E-09 1.0646E-09 1.0972E-09 1.1272E-09 1.1575E-09 1.1882E-09 1.2193E-09 1.2506E-09 1.2858E-09 1.3179E-09 1.3503E-09 1.3865E-09 1.4194E-09 1.4523E-09 1.4890E-09 1.5222E-09
1.2396E-10 1.4251E-10 1.5954E-10 1.7513E-10 1.9394E-10 2.0958E-10 2.3185E-10 2.4899E-10 2.6633E-10 2.7997E-10 2.9816E-10 3.1596E-10 3.3287E-10 3.5171E-10 3.6680E-10 3.8432E-10 4.0432E-10 4.2312E-10 4.4048E-10 4.6341E-10 4.8502E-10 5.0206E-10 5.2790E-10 5.4929E-10 5.7118E-10 5.9925E-10 6.1945E-10 6.4010E-10 6.7272E-10 6.9477E-10 7.1728E-10 7.4879E-10 7.7258E-10 7.9939E-10 8.2685E-10 8.5222E-10 8.8086E-10 9.1000E-10 9.3692E-10 9.6721E-10 9.9509E-10 1.0263E-09 1.0551E-09 1.0843E-09 1.1169E-09 1.1470E-09 1.1774E-09 1.2081E-09 1.2392E-09 1.2705E-09 1.3056E-09 1.3376E-09 1.3699E-09 1.4058E-09 1.4383E-09 1.4708E-09 1.5071E-09
1.2210E-10 1.4188E-10 1.5785E-10 1.7337E-10 1.9212E-10 2.0770E-10 2.3206E-10 2.4800E-10 2.6423E-10 2.7884E-10 2.9484E-10 3.1460E-10 3.2870E-10 3.4816E-10 3.6302E-10 3.8239E-10 3.9744E-10 4.1883E-10 4.3800E-10 4.5568E-10 4.7990E-10 4.9893E-10 5.1925E-10 5.4557E-10 5.6423E-10 5.8646E-10 6.1491E-10 6.3539E-10 6.5953E-10 6.8931E-10 7.1162E-10 7.4017E-10 7.6620E-10 7.9020E-10 8.1725E-10 8.4494E-10 8.7049E-10 8.9932E-10 9.2864E-10 9.5571E-10 9.8614E-10 1.0141E-09 1.0455E-09 1.0744E-09 1.1036E-09 1.1363E-09 1.1664E-09 1.1968E-09 1.2275E-09 1.2585E-09 1.2897E-09 1.3247E-09 1.3566E-09 1.3885E-09 1.4205E-09 1.4561E-09 1.4883E-09
1.2055E-10 1.3893E-10 1.5574E-10 1.7159E-10 1.9125E-10 2.0681E-10 2.3005E-10 2.4592E-10 2.6106E-10 2.7762E-10 2.9171E-10 3.1128E-10 3.2719E-10 3.4434E-10 3.6120E-10 3.7649E-10 3.9420E-10 4.1159E-10 4.3336E-10 4.5089E-10 4.7180E-10 4.9567E-10 5.1287E-10 5.3577E-10 5.6023E-10 5.7917E-10 6.0484E-10 6.3053E-10 6.5127E-10 6.7892E-10 7.0580E-10 7.2834E-10 7.5718E-10 7.8343E-10 8.0765E-10 8.3491E-10 8.6279E-10 8.8852E-10 9.1750E-10 9.4698E-10 9.7417E-10 1.0047E-09 1.0328E-09 1.0613E-09 1.0931E-09 1.1224E-09 1.1551E-09 1.1852E-09 1.2156E-09 1.2462E-09 1.2772E-09 1.3084E-09 1.3398E-09 1.3747E-09 1.4062E-09 1.4377E-09 1.4729E-09
1.1859E-10 1.3728E-10 1.5400E-10 1.6975E-10 1.8933E-10 2.0804E-10 2.2700E-10 2.4479E-10 2.5988E-10 2.7529E-10 2.9036E-10 3.0667E-10 3.2559E-10 3.3880E-10 3.5739E-10 3.7244E-10 3.8998E-10 4.0722E-10 4.2665E-10 4.4808E-10 4.6591E-10 4.8728E-10 5.0936E-10 5.2683E-10 5.5312E-10 5.7488E-10 5.9717E-10 6.2320E-10 6.4608E-10 6.6706E-10 6.9745E-10 7.2216E-10 7.4492E-10 7.7402E-10 8.0048E-10 8.2488E-10 8.5234E-10 8.8039E-10 9.0627E-10 9.3538E-10 9.6498E-10 9.9227E-10 1.0229E-09 1.0510E-09 1.0796E-09 1.1115E-09 1.1408E-09 1.1704E-09 1.2035E-09 1.2338E-09 1.2644E-09 1.2953E-09 1.3263E-09 1.3572E-09 1.3917E-09 1.4227E-09 1.4537E-09
1.1575E-10 1.3656E-10 1.5089E-10 1.6886E-10 1.8640E-10 2.0601E-10 2.2590E-10 2.4260E-10 2.5863E-10 2.7088E-10 2.8892E-10 3.0445E-10 3.2204E-10 3.3704E-10 3.5134E-10 3.6840E-10 3.8579E-10 4.0367E-10 4.2123E-10 4.4111E-10 4.6079E-10 4.7893E-10 5.0359E-10 5.2306E-10 5.4601E-10 5.6745E-10 5.8950E-10 6.1207E-10 6.4076E-10 6.6155E-10 6.8596E-10 7.1344E-10 7.3838E-10 7.6134E-10 7.9066E-10 8.1731E-10 8.4188E-10 8.6951E-10 8.9771E-10 9.2371E-10 9.5293E-10 9.8262E-10 1.0100E-09 1.0407E-09 1.0689E-09 1.0974E-09 1.1293E-09 1.1586E-09 1.1882E-09 1.2212E-09 1.2514E-09 1.2819E-09 1.3125E-09 1.3431E-09 1.3736E-09 1.4042E-09 1.4380E-09
1.1380E-10 1.3356E-10 1.5006E-10 1.6561E-10 1.8764E-10 2.0394E-10 2.2375E-10 2.3936E-10 2.5628E-10 2.6949E-10 2.8637E-10 3.0287E-10 3.1717E-10 3.3329E-10 3.4750E-10 3.6625E-10 3.8147E-10 3.9916E-10 4.1656E-10 4.3331E-10 4.5762E-10 4.7559E-10 4.9703E-10 5.1915E-10 5.3675E-10 5.6002E-10 5.8477E-10 6.0405E-10 6.3000E-10 6.5589E-10 6.7690E-10 7.0156E-10 7.2928E-10 7.5441E-10 7.7756E-10 8.0709E-10 8.3390E-10 8.5862E-10 8.8639E-10 9.1471E-10 9.4082E-10 9.7011E-10 9.9988E-10 1.0273E-09 1.0580E-09 1.0862E-09 1.1148E-09 1.1466E-09 1.1759E-09 1.2054E-09 1.2383E-09 1.2684E-09 1.2986E-09 1.3287E-09 1.3588E-09 1.3889E-09 1.4190E-09
1.1236E-10 1.3146E-10 1.4692E-10 1.6465E-10 1.8562E-10 2.0183E-10 2.2154E-10 2.3808E-10 2.5388E-10 2.6803E-10 2.8174E-10 3.0121E-10 3.1358E-10 3.3138E-10 3.4547E-10 3.5994E-10 3.7716E-10 3.9267E-10 4.1269E-10 4.3039E-10 4.5034E-10 4.7013E-10 4.8838E-10 5.1014E-10 5.3257E-10 5.5041E-10 5.7399E-10 5.9903E-10 6.1853E-10 6.4477E-10 6.7090E-10 6.9212E-10 7.1700E-10 7.4494E-10 7.7025E-10 7.9357E-10 8.2328E-10 8.5023E-10 8.7508E-10 9.0296E-10 9.3138E-10 9.5757E-10 9.8692E-10 1.0167E-09 1.0442E-09 1.0749E-09 1.1031E-09 1.1316E-09 1.1634E-09 1.1926E-09 1.2220E-09 1.2548E-09 1.2845E-09 1.3142E-09 1.3438E-09 1.3735E-09 1.4031E-09
1.0935E-10 1.2973E-10 1.4604E-10 1.6137E-10 1.8453E-10 1.9968E-10 2.2028E-10 2.3573E-10 2.5045E-10 2.6547E-10 2.8014E-10 2.9843E-10 3.1177E-10 3.2626E-10 3.4147E-10 3.5584E-10 3.7364E-10 3.9008E-10 4.0595E-10 4.2541E-10 4.4228E-10 4.6456E-10 4.8264E-10 5.0117E-10 5.2537E-10 5.4595E-10 5.6402E-10 5.9092E-10 6.1320E-10 6.3602E-10 6.5942E-10 6.8577E-10 7.0718E-10 7.3227E-10 7.6040E-10 7.8587E-10 8.1265E-10 8.3919E-10 8.6627E-10 8.9122E-10 9.1920E-10 9.4768E-10 9.7394E-10 1.0033E-09 1.0331E-09 1.0606E-09 1.0912E-09 1.1194E-09 1.1479E-09 1.1766E-09 1.2087E-09 1.2380E-09 1.2671E-09 1.2995E-09 1.3286E-09 1.3578E-09 1.3869E-09
1.0196E-10 1.2636E-10 1.4287E-10 1.5940E-10 1.8108E-10 1.9847E-10 2.1700E-10 2.3433E-10 2.4897E-10 2.6388E-10 2.7846E-10 2.9357E-10 3.0986E-10 3.2244E-10 3.3930E-10 3.5354E-10 3.6626E-10 3.8549E-10 4.0113E-10 4.1923E-10 4.3704E-10 4.5419E-10 4.7887E-10 4.9721E-10 5.1394E-10 5.4138E-10 5.5928E-10 5.8281E-10 6.0476E-10 6.2726E-10 6.5031E-10 6.7393E-10 7.0049E-10 7.2207E-10 7.4734E-10 7.7564E-10 8.0125E-10 8.2816E-10 8.5482E-10 8.8199E-10 9.0702E-10 9.3507E-10 9.6360E-10 9.8990E-10 1.0165E-09 1.0491E-09 1.0765E-09 1.1043E-09 1.1352E-09 1.1636E-09 1.1923E-09 1.2240E-09 1.2528E-09 1.2815E-09 1.3133E-09 1.3419E-09 1.3706E-09
9.6905E-11 1.2554E-10 1.3967E-10 1.5705E-10 1.7898E-10 1.9624E-10 2.1467E-10 2.3188E-10 2.4743E-10 2.5922E-10 2.7568E-10 2.9174E-10 3.0684E-10 3.2037E-10 3.3209E-10 3.4928E-10 3.6378E-10 3.7974E-10 3.9630E-10 4.1220E-10 4.3373E-10 4.5071E-10 4.6810E-10 4.9112E-10 5.0972E-10 5.3175E-10 5.5442E-10 5.7254E-10 5.9633E-10 6.1850E-10 6.4120E-10 6.6447E-10 6.8828E-10 7.1502E-10 7.3676E-10 7.6540E-10 7.9063E-10 8.1635E-10 8.4338E-10 8.7013E-10 8.9737E-10 9.2247E-10 9.5056E-10 9.7911E-10 1.0054E-09 1.0320E-09 1.0645E-09 1.0919E-09 1.1196E-09 1.1505E-09 1.1788E-09 1.2071E-09 1.2383E-09 1.2665E-09 1.2948E-09 1.3228E-09 1.3540E-09
9.3513E-11 1.2298E-10 1.3873E-10 1.5504E-10 1.7646E-10 1.9261E-10 2.1327E-10 2.2843E-10 2.4483E-10 2.5755E-10 2.7387E-10 2.8984E-10 3.0175E-10 3.1822E-10 3.2986E-10 3.4579E-10 3.5931E-10 3.7406E-10 3.9140E-10 4.0910E-10 4.2524E-10 4.4515E-10 4.6238E-10 4.8213E-10 5.0333E-10 5.2218E-10 5.4446E-10 5.6739E-10 5.8571E-10 6.0974E-10 6.3211E-10 6.5500E-10 6.7846E-10 7.0245E-10 7.2934E-10 7.5122E-10 7.8001E-10 8.0535E-10 8.3117E-10 8.5829E-10 8.8511E-10 9.1238E-10 9.3753E-10 9.6564E-10 9.9418E-10 1.0205E-09 1.0471E-09 1.0795E-09 1.1068E-09 1.1344E-09 1.1623E-09 1.1930E-09 1.2208E-09 1.2485E-09 1.2792E-09 1.3067E-09 1.3343E-09
8.9801E-11 1.1868E-10 1.3519E-10 1.5171E-10 1.7429E-10 1.9035E-10 2.1085E-10 2.2689E-10 2.4218E-10 2.5580E-10 2.6901E-10 2.8786E-10 2.9969E-10 3.1393E-10 3.2754E-10 3.3939E-10 3.5669E-10 3.7129E-10 3.8628E-10 4.0399E-10 4.1998E-10 4.3841E-10 4.5655E-10 4.7402E-10 4.9688E-10 5.1757E-10 5.3458E-10 5.5926E-10 5.8026E-10 5.9877E-10 6.2302E-10 6.4557E-10 6.6864E-10 6.9227E-10 7.1641E-10 7.4344E-10 7.6864E-10 7.9435E-10 8.1978E-10 8.4567E-10 8.7286E-10 8.9972E-10 9.2702E-10 9.5219E-10 9.8029E-10 1.0088E-09 1.0351E-09 1.0616E-09 1.0884E-09 1.1211E-09 1.1486E-09 1.1759E-09 1.2062E-09 1.2334E-09 1.2606E-09 1.2905E-09 1.3175E-09
8.7794E-11 1.1533E-10 1.3031E-10 1.4930E-10 1.6856E-10 1.8766E-10 2.0595E-10 2.2432E-10 2.3853E-10 2.5299E-10 2.6712E-10 2.8378E-10 2.9755E-10 3.0963E-10 3.2513E-10 3.3690E-10 3.5188E-10 3.6656E-10 3.8141E-10 3.9773E-10 4.1462E-10 4.3085E-10 4.5067E-10 4.6995E-10 4.8764E-10 5.1085E-10 5.2970E-10 5.4689E-10 5.7182E-10 5.9301E-10 6.1393E-10 6.3615E-10 6.5887E-10 6.8209E-10 7.0587E-10 7.3015E-10 7.5729E-10 7.8260E-10 8.0519E-10 8.3390E-10 8.5739E-10 8.8706E-10 9.1395E-10 9.3872E-10 9.6641E-10 9.9449E-10 1.0203E-09 1.0492E-09 1.0756E-09 1.1024E-09 1.1348E-09 1.1617E-09 1.1886E-09 1.2154E-09 1.2448E-09 1.2714E-09 1.2979E-09
8.3706E-11 1.1117E-10 1.2634E-10 1.4818E-10 1.6637E-10 1.8428E-10 1.9965E-10 2.2171E-10 2.3681E-10 2.5014E-10 2.6515E-10 2.7858E-10 2.9533E-10 3.0733E-10 3.2060E-10 3.3432E-10 3.4630E-10 3.6366E-10 3.7646E-10 3.9153E-10 4.0921E-10 4.2721E-10 4.4365E-10 4.6381E-10 4.8131E-10 4.9922E-10 5.2267E-10 5.4174E-10 5.5911E-10 5.8427E-10 6.0564E-10 6.2673E-10 6.4911E-10 6.7199E-10 6.9842E-10 7.1925E-10 7.4365E-10 7.7087E-10 7.9627E-10 8.1893E-10 8.4768E-10 8.7121E-10 8.9758E-10 9.2777E-10 9.5254E-10 9.8019E-10 1.0082E-09 1.0340E-09 1.0627E-09 1.0891E-09 1.1156E-09 1.1447E-09 1.1738E-09 1.2002E-09 1.2263E-09 1.2551E-09 1.2810E-09
8.3053E-11 9.9203E-11 1.2537E-10 1.4103E-10 1.6248E-10 1.7840E-10 1.9813E-10 2.1908E-10 2.3404E-10 2.4630E-10 2.6213E-10 2.7647E-10 2.9103E-10 3.0495E-10 3.1607E-10 3.3165E-10 3.4353E-10 3.5572E-10 3.7336E-10 3.8827E-10 4.0465E-10 4.2157E-10 4.3783E-10 4.5561E-10 4.7490E-10 4.9261E-10 5.1074E-10 5.3441E-10 5.5367E-10 5.7339E-10 5.9658E-10 6.1811E-10 6.3936E-10 6.6189E-10 6.8490E-10 7.1145E-10 7.3239E-10 7.5688E-10 7.8182E-10 8.0963E-10 8.3235E-10 8.5870E-10 8.8467E-10 9.1102E-10 9.3868E-10 9.6591E-10 9.9349E-10 1.0189E-09 1.0472E-09 1.0731E-09 1.1018E-09 1.1278E-09 1.1536E-09 1.1823E-09 1.2105E-09 1.2361E-09 1.2615E-09
