Assets/Resources/2015_m01_d23_0100(utc+0800)_l00_csi_1hr_conc.grd
DSAA
         159         159
     -79.000      79.000
     -79.000      79.000
  0.0000E+00  0.3697E-04
[rows 100 to 124 of 159, columns 57 to 113 of 159]
1.3264E-11 1.4435E-11 1.5691E-11 1.7037E-11 1.8477E-11 2.0706E-11 2.3819E-11 2.7890E-11 3.2323E-11 3.5709E-11 3.9931E-11 4.5361E-11 5.0888E-11 5.6635E-11 6.4412E-11 7.9653E-11 1.5693E-10 2.5937E-10 3.6644E-10 5.8902E-10 8.2687E-10 1.1066E-09 1.3786E-09 1.6997E-09 2.0412E-09 2.1711E-09 2.4075E-09 2.5465E-09 2.6975E-09 2.8413E-09 2.9792E-09 3.1136E-09 3.2476E-09 3.3748E-09 3.5015E-09 3.6221E-09 3.7375E-09 3.8513E-09 3.9612E-09 4.0681E-09 4.1671E-09 4.2604E-09 4.3481E-09 4.4276E-09 4.4993E-09 4.5601E-09 4.6061E-09 4.6382E-09 4.6506E-09 4.9634E-09 5.3802E-09 5.5739E-09 5.7800E-09 6.0051E-09 6.2364E-09 6.4854E-09 6.7332E-09
8.9553E-12 1.2628E-11 1.3855E-11 1.5036E-11 1.6298E-11 1.7645E-11 1.9962E-11 2.2993E-11 2.7027E-11 3.0666E-11 3.4456E-11 3.8727E-11 4.3869E-11 4.9171E-11 6.0836E-11 7.4219E-11 1.4167E-10 2.8061E-10 3.8738E-10 6.2945E-10 7.8339E-10 1.0925E-09 1.3023E-09 1.5350E-09 1.7516E-09 1.9683E-09 2.0847E-09 2.2028E-09 2.3247E-09 2.4544E-09 2.5790E-09 2.6952E-09 2.8095E-09 2.9213E-09 3.0297E-09 3.1367E-09 3.2403E-09 3.3399E-09 3.4384E-09 3.5336E-09 3.6260E-09 3.7134E-09 3.7949E-09 3.8642E-09 3.9264E-09 3.9801E-09 4.0228E-09 4.0509E-09 4.0670E-09 4.0673E-09 4.5051E-09 4.7802E-09 4.9505E-09 5.1392E-09 5.3423E-09 5.5677E-09 5.7941E-09
4.9407E-12 5.9745E-12 9.5548E-12 1.0364E-11 1.4314E-11 1.5488E-11 1.6737E-11 1.8709E-11 2.1306E-11 2.5959E-11 2.9349E-11 3.2913E-11 3.7377E-11 4.2663E-11 5.3441E-11 1.0938E-10 1.7144E-10 3.0063E-10 4.4163E-10 6.0712E-10 7.8841E-10 9.9332E-10 1.2247E-09 1.3999E-09 1.5646E-09 1.6794E-09 1.7921E-09 1.8957E-09 1.9967E-09 2.1028E-09 2.2174E-09 2.3215E-09 2.4198E-09 2.5163E-09 2.6122E-09 2.7055E-09 2.7967E-09 2.8861E-09 2.9737E-09 3.0610E-09 3.1439E-09 3.2227E-09 3.2958E-09 3.3611E-09 3.4190E-09 3.4663E-09 3.5002E-09 3.5285E-09 3.5428E-09 3.5413E-09 3.5353E-09 4.0861E-09 4.2290E-09 4.3929E-09 4.5658E-09 4.7593E-09 4.9669E-09
2.0407E-12 2.4846E-12 5.5347E-12 6.4770E-12 7.0164E-12 1.0655E-11 1.1507E-11 1.5767E-11 1.7694E-11 1.9902E-11 2.3205E-11 2.7961E-11 3.1515E-11 3.9569E-11 8.0579E-11 1.3523E-10 2.3363E-10 3.0739E-10 4.7226E-10 6.2055E-10 7.7889E-10 9.5489E-10 1.0959E-09 1.2479E-09 1.3381E-09 1.4169E-09 1.5184E-09 1.6182E-09 1.7077E-09 1.7948E-09 1.8849E-09 1.9855E-09 2.0741E-09 2.1585E-09 2.2424E-09 2.3246E-09 2.4057E-09 2.4867E-09 2.5657E-09 2.6433E-09 2.7160E-09 2.7872E-09 2.8515E-09 2.9112E-09 2.9620E-09 3.0036E-09 3.0370E-09 3.0607E-09 3.0780E-09 3.0795E-09 3.0734E-09 3.0618E-09 3.6068E-09 3.7391E-09 3.8870E-09 4.0578E-09 4.2414E-09
0.0000E+00 0.0000E+00 0.0000E+00 2.7584E-12 3.5384E-12 6.6516E-12 7.1833E-12 7.7471E-12 1.1656E-11 1.3267E-11 1.8692E-11 2.1948E-11 2.8939E-11 6.2623E-11 1.0539E-10 1.4985E-10 2.4155E-10 3.7845E-10 4.5259E-10 6.1687E-10 7.1166E-10 8.6214E-10 9.2675E-10 1.0450E-09 1.1229E-09 1.2028E-09 1.2711E-09 1.3602E-09 1.4453E-09 1.5244E-09 1.5987E-09 1.6775E-09 1.7659E-09 1.8421E-09 1.9167E-09 1.9901E-09 2.0607E-09 2.1334E-09 2.2032E-09 2.2724E-09 2.3386E-09 2.4025E-09 2.4611E-09 2.5125E-09 2.5581E-09 2.5973E-09 2.6242E-09 2.6482E-09 2.6599E-09 2.6644E-09 2.6634E-09 2.6518E-09 2.7571E-09 3.1782E-09 3.3032E-09 3.4377E-09 3.5974E-09
0.0000E+00 0.0000E+00 0.0000E+00 0.0000E+00 0.0000E+00 5.6896E-13 3.6289E-12 3.9183E-12 7.2689E-12 7.8152E-12 1.1684E-11 1.3388E-11 1.9895E-11 5.6224E-11 1.1564E-10 1.6389E-10 2.6790E-10 3.6062E-10 4.5527E-10 5.6294E-10 6.4068E-10 7.2558E-10 8.1561E-10 8.7050E-10 9.3236E-10 1.0020E-09 1.0711E-09 1.1299E-09 1.2056E-09 1.2792E-09 1.3484E-09 1.4155E-09 1.4823E-09 1.5632E-09 1.6289E-09 1.6947E-09 1.7608E-09 1.8241E-09 1.8886E-09 1.9499E-09 2.0081E-09 2.0643E-09 2.1169E-09 2.1611E-09 2.2028E-09 2.2366E-09 2.2612E-09 2.2803E-09 2.2907E-09 2.3003E-09 2.2987E-09 2.2879E-09 2.2755E-09 2.4860E-09 2.7892E-09 2.9069E-09 3.0462E-09
0.0000E+00 0.0000E+00 0.0000E+00 0.0000E+00 0.0000E+00 0.0000E+00 0.0000E+00 7.9797E-13 8.7301E-13 3.9588E-12 4.2553E-12 7.8218E-12 9.2969E-12 4.0354E-11 7.5175E-11 1.3586E-10 2.5779E-10 3.6062E-10 4.1847E-10 5.0847E-10 5.7426E-10 6.4285E-10 6.8060E-10 7.2099E-10 7.6950E-10 8.2241E-10 8.8281E-10 9.4315E-10 9.9273E-10 1.0577E-09 1.1208E-09 1.1803E-09 1.2447E-09 1.3059E-09 1.3766E-09 1.4364E-09 1.4964E-09 1.5539E-09 1.6116E-09 1.6638E-09 1.7177E-09 1.7665E-09 1.8118E-09 1.8508E-09 1.8878E-09 1.9153E-09 1.9416E-09 1.9577E-09 1.9652E-09 1.9678E-09 1.9673E-09 1.9642E-09 1.9547E-09 1.9453E-09 2.1563E-09 2.4453E-09 2.5606E-09
0.0000E+00 0.0000E+00 0.0000E+00 0.0000E+00 0.0000E+00 0.0000E+00 0.0000E+00 0.0000E+00 0.0000E+00 0.0000E+00 9.0215E-13 3.9661E-12 4.2855E-12 8.0250E-12 5.9098E-11 8.7632E-11 1.9398E-10 2.3786E-10 3.0635E-10 4.5535E-10 5.1098E-10 5.3789E-10 5.6323E-10 5.9436E-10 6.2904E-10 6.7349E-10 7.1673E-10 7.6784E-10 8.1913E-10 8.6220E-10 9.1748E-10 9.7525E-10 1.0279E-09 1.0887E-09 1.1451E-09 1.2106E-09 1.2663E-09 1.3185E-09 1.3691E-09 1.4177E-09 1.4633E-09 1.5083E-09 1.5455E-09 1.5795E-09 1.6070E-09 1.6313E-09 1.6533E-09 1.6677E-09 1.6762E-09 1.6821E-09 1.6803E-09 1.6734E-09 1.6708E-09 1.6630E-09 1.6563E-09 1.8666E-09 2.1308E-09
0.0000E+00 0.0000E+00 0.0000E+00 0.0000E+00 0.0000E+00 0.0000E+00 0.0000E+00 0.0000E+00 0.0000E+00 0.0000E+00 0.0000E+00 0.0000E+00 9.1855E-13 9.9016E-13 2.7177E-11 3.1129E-11 5.5695E-11 1.5608E-10 1.9068E-10 3.1892E-10 3.3917E-10 4.1319E-10 4.3669E-10 4.8455E-10 5.1384E-10 5.4575E-10 5.8301E-10 5.9814E-10 6.4793E-10 7.0691E-10 7.4325E-10 7.8569E-10 8.4337E-10 8.9103E-10 9.4490E-10 1.0052E-09 1.0636E-09 1.1085E-09 1.1554E-09 1.2000E-09 1.2387E-09 1.2748E-09 1.3073E-09 1.3393E-09 1.3644E-09 1.3859E-09 1.4014E-09 1.4140E-09 1.4244E-09 1.4300E-09 1.4277E-09 1.4301E-09 1.4169E-09 1.3905E-09 1.3882E-09 1.3895E-09 1.6722E-09
0.0000E+00 0.0000E+00 0.0000E+00 0.0000E+00 0.0000E+00 0.0000E+00 0.0000E+00 0.0000E+00 0.0000E+00 0.0000E+00 0.0000E+00 0.0000E+00 0.0000E+00 0.0000E+00 9.2151E-13 9.6998E-13 9.9563E-13 7.0563E-11 7.6232E-11 1.0152E-10 1.9954E-10 2.1108E-10 2.8036E-10 2.9857E-10 3.7396E-10 4.0347E-10 4.3188E-10 4.6612E-10 4.7190E-10 5.1450E-10 5.6039E-10 5.9667E-10 6.4714E-10 7.1442E-10 7.6658E-10 8.1538E-10 8.6867E-10 9.2912E-10 9.7101E-10 1.0107E-09 1.0420E-09 1.0726E-09 1.1034E-09 1.1279E-09 1.1510E-09 1.1713E-09 1.1862E-09 1.1945E-09 1.1852E-09 1.1856E-09 1.1866E-09 1.1873E-09 1.1737E-09 1.1622E-09 1.1511E-09 1.1353E-09 1.1314E-09
0.0000E+00 0.0000E+00 0.0000E+00 0.0000E+00 0.0000E+00 0.0000E+00 0.0000E+00 0.0000E+00 0.0000E+00 0.0000E+00 0.0000E+00 0.0000E+00 0.0000E+00 0.0000E+00 0.0000E+00 0.0000E+00 0.0000E+00 0.0000E+00 0.0000E+00 1.9297E-12 8.7604E-11 9.4909E-11 1.5333E-10 1.6616E-10 1.8034E-10 2.5198E-10 2.7004E-10 3.1126E-10 3.4425E-10 3.5732E-10 3.7941E-10 4.1568E-10 4.2724E-10 4.7059E-10 5.3800E-10 6.0657E-10 6.5816E-10 7.0481E-10 7.6419E-10 8.1666E-10 8.5406E-10 8.8232E-10 9.0734E-10 9.2711E-10 9.4559E-10 9.6273E-10 9.5426E-10 9.6559E-10 9.7504E-10 9.8016E-10 9.6194E-10 9.5687E-10 9.3789E-10 9.3397E-10 9.2806E-10 9.1784E-10 9.0096E-10
0.0000E+00 0.0000E+00 0.0000E+00 0.0000E+00 0.0000E+00 0.0000E+00 0.0000E+00 0.0000E+00 0.0000E+00 0.0000E+00 0.0000E+00 0.0000E+00 0.0000E+00 0.0000E+00 0.0000E+00 0.0000E+00 0.0000E+00 0.0000E+00 0.0000E+00 0.0000E+00 9.1359E-13 2.8761E-12 4.9184E-12 6.1265E-11 7.0117E-11 1.1307E-10 1.3321E-10 1.5893E-10 1.9454E-10 2.2277E-10 2.2839E-10 2.4367E-10 2.7269E-10 2.8410E-10 3.2836E-10 3.8893E-10 4.3615E-10 4.7883E-10 5.2370E-10 5.9102E-10 6.3789E-10 6.6500E-10 6.9593E-10 7.1402E-10 7.3199E-10 7.4671E-10 7.5686E-10 7.6619E-10 7.6128E-10 7.6072E-10 7.6164E-10 7.4539E-10 7.1930E-10 7.2585E-10 7.0848E-10 7.0855E-10 7.0654E-10
0.0000E+00 0.0000E+00 0.0000E+00 0.0000E+00 0.0000E+00 0.0000E+00 0.0000E+00 0.0000E+00 0.0000E+00 0.0000E+00 0.0000E+00 0.0000E+00 0.0000E+00 0.0000E+00 0.0000E+00 0.0000E+00 0.0000E+00 0.0000E+00 0.0000E+00 0.0000E+00 0.0000E+00 8.6771E-13 1.8369E-12 3.7754E-12 5.9931E-12 7.4981E-12 4.8627E-11 5.8164E-11 8.3411E-11 9.7682E-11 1.1966E-10 1.2015E-10 1.3177E-10 1.5346E-10 1.6856E-10 2.0936E-10 2.5866E-10 2.9251E-10 3.2639E-10 3.7306E-10 4.3199E-10 4.5788E-10 4.8382E-10 5.0178E-10 5.1437E-10 5.2589E-10 5.3866E-10 5.4841E-10 5.5455E-10 5.5949E-10 5.6290E-10 5.4506E-10 5.4656E-10 5.2012E-10 4.9513E-10 4.9766E-10 4.8168E-10
0.0000E+00 0.0000E+00 0.0000E+00 0.0000E+00 0.0000E+00 0.0000E+00 0.0000E+00 0.0000E+00 0.0000E+00 0.0000E+00 0.0000E+00 0.0000E+00 0.0000E+00 0.0000E+00 0.0000E+00 0.0000E+00 0.0000E+00 0.0000E+00 0.0000E+00 0.0000E+00 0.0000E+00 0.0000E+00 0.0000E+00 1.7231E-12 2.4688E-12 3.9414E-12 5.8790E-12 7.7165E-12 8.9426E-12 2.8354E-11 3.4410E-11 4.8358E-11 6.3603E-11 7.4026E-11 8.7962E-11 1.0109E-10 1.0883E-10 1.4699E-10 1.6966E-10 1.9613E-10 2.4460E-10 2.7867E-10 3.0201E-10 3.1909E-10 3.3041E-10 3.4378E-10 3.5226E-10 3.5456E-10 3.5805E-10 3.6434E-10 3.6709E-10 3.7688E-10 3.7525E-10 3.5883E-10 3.7003E-10 3.4741E-10 3.3939E-10
0.0000E+00 0.0000E+00 0.0000E+00 0.0000E+00 0.0000E+00 0.0000E+00 0.0000E+00 0.0000E+00 0.0000E+00 0.0000E+00 0.0000E+00 0.0000E+00 0.0000E+00 0.0000E+00 0.0000E+00 0.0000E+00 0.0000E+00 0.0000E+00 0.0000E+00 0.0000E+00 0.0000E+00 0.0000E+00 0.0000E+00 0.0000E+00 8.3146E-13 1.7324E-12 2.4261E-12 3.8816E-12 6.2277E-12 7.3652E-12 9.4536E-12 1.4796E-11 2.2204E-11 3.6088E-11 4.3618E-11 5.3912E-11 6.3151E-11 7.2195E-11 8.6228E-11 9.2575E-11 1.1294E-10 1.4179E-10 1.6494E-10 1.8148E-10 1.9810E-10 2.2431E-10 2.3910E-10 2.4499E-10 2.5719E-10 2.6013E-10 2.4747E-10 2.3771E-10 2.3941E-10 2.3293E-10 2.3406E-10 2.3772E-10 2.2358E-10
0.0000E+00 0.0000E+00 0.0000E+00 0.0000E+00 0.0000E+00 0.0000E+00 0.0000E+00 0.0000E+00 0.0000E+00 0.0000E+00 0.0000E+00 0.0000E+00 0.0000E+00 0.0000E+00 0.0000E+00 0.0000E+00 0.0000E+00 0.0000E+00 0.0000E+00 0.0000E+00 0.0000E+00 0.0000E+00 0.0000E+00 0.0000E+00 0.0000E+00 6.4305E-13 1.1449E-12 1.7150E-12 3.3438E-12 4.5505E-12 5.4449E-12 6.9772E-12 1.1633E-11 1.8898E-11 2.6214E-11 3.2559E-11 4.1392E-11 4.7798E-11 5.5321E-11 6.2315E-11 7.1249E-11 8.2985E-11 9.3743E-11 1.0916E-10 1.1930E-10 1.3074E-10 1.3978E-10 1.4329E-10 1.4873E-10 1.4991E-10 1.5247E-10 1.4644E-10 1.4706E-10 1.4731E-10 1.3722E-10 1.4188E-10 1.4179E-10
0.0000E+00 0.0000E+00 0.0000E+00 0.0000E+00 0.0000E+00 0.0000E+00 0.0000E+00 0.0000E+00 0.0000E+00 0.0000E+00 0.0000E+00 0.0000E+00 0.0000E+00 0.0000E+00 0.0000E+00 0.0000E+00 0.0000E+00 0.0000E+00 0.0000E+00 0.0000E+00 0.0000E+00 0.0000E+00 0.0000E+00 0.0000E+00 0.0000E+00 0.0000E+00 9.6393E-14 6.3406E-13 1.6688E-12 2.3229E-12 2.8754E-12 4.4192E-12 4.9701E-12 7.9502E-12 1.4219E-11 1.9042E-11 2.0468E-11 2.6548E-11 3.2515E-11 3.6527E-11 4.5004E-11 4.9078E-11 5.3193E-11 6.4394E-11 7.9920E-11 8.4492E-11 8.9830E-11 8.8613E-11 9.0581E-11 9.4065E-11 9.5287E-11 9.4598E-11 9.4856E-11 9.0660E-11 8.9600E-11 8.6712E-11 8.0286E-11
0.0000E+00 0.0000E+00 0.0000E+00 0.0000E+00 0.0000E+00 0.0000E+00 0.0000E+00 0.0000E+00 0.0000E+00 0.0000E+00 0.0000E+00 0.0000E+00 0.0000E+00 0.0000E+00 0.0000E+00 0.0000E+00 0.0000E+00 0.0000E+00 0.0000E+00 0.0000E+00 0.0000E+00 0.0000E+00 0.0000E+00 0.0000E+00 0.0000E+00 0.0000E+00 0.0000E+00 0.0000E+00 0.0000E+00 1.1056E-12 1.4413E-12 1.8973E-12 3.2810E-12 3.3175E-12 5.4027E-12 1.0242E-11 1.1330E-11 1.3458E-11 1.5822E-11 1.7843E-11 2.2806E-11 2.8688E-11 2.9201E-11 3.2291E-11 3.9226E-11 4.9306E-11 5.5087E-11 5.7809E-11 5.7198E-11 5.7564E-11 5.8188E-11 5.6792E-11 5.7189E-11 5.6905E-11 5.2163E-11 5.2039E-11 5.1706E-11
0.0000E+00 0.0000E+00 0.0000E+00 0.0000E+00 0.0000E+00 0.0000E+00 0.0000E+00 0.0000E+00 0.0000E+00 0.0000E+00 0.0000E+00 0.0000E+00 0.0000E+00 0.0000E+00 0.0000E+00 0.0000E+00 0.0000E+00 0.0000E+00 0.0000E+00 0.0000E+00 0.0000E+00 0.0000E+00 0.0000E+00 0.0000E+00 0.0000E+00 0.0000E+00 0.0000E+00 0.0000E+00 0.0000E+00 0.0000E+00 6.1186E-13 8.5937E-13 2.1497E-12 2.2939E-12 2.4135E-12 4.0437E-12 5.6633E-12 5.2822E-12 6.4979E-12 8.5486E-12 9.1802E-12 1.0868E-11 1.2142E-11 1.1599E-11 1.4009E-11 2.1629E-11 2.9979E-11 3.2958E-11 3.4198E-11 3.4378E-11 3.5776E-11 3.5583E-11 3.4753E-11 3.3849E-11 3.5727E-11 3.6961E-11 3.8482E-11
0.0000E+00 0.0000E+00 0.0000E+00 0.0000E+00 0.0000E+00 0.0000E+00 0.0000E+00 0.0000E+00 0.0000E+00 0.0000E+00 0.0000E+00 0.0000E+00 0.0000E+00 0.0000E+00 0.0000E+00 0.0000E+00 0.0000E+00 0.0000E+00 0.0000E+00 0.0000E+00 0.0000E+00 0.0000E+00 0.0000E+00 0.0000E+00 0.0000E+00 0.0000E+00 0.0000E+00 0.0000E+00 0.0000E+00 0.0000E+00 5.7811E-13 6.1224E-13 6.4642E-13 6.8046E-13 7.1412E-13 7.4719E-13 7.7943E-13 1.4728E-12 1.8360E-12 3.5919E-12 4.9177E-12 4.2689E-12 4.2849E-12 3.6013E-12 5.0129E-12 6.1160E-12 1.0628E-11 1.6193E-11 1.9565E-11 2.1873E-11 2.3554E-11 2.5203E-11 2.5709E-11 2.6628E-11 2.8164E-11 2.9937E-11 3.1399E-11
0.0000E+00 0.0000E+00 0.0000E+00 0.0000E+00 0.0000E+00 0.0000E+00 0.0000E+00 0.0000E+00 0.0000E+00 0.0000E+00 0.0000E+00 0.0000E+00 0.0000E+00 0.0000E+00 0.0000E+00 0.0000E+00 0.0000E+00 0.0000E+00 0.0000E+00 0.0000E+00 0.0000E+00 0.0000E+00 0.0000E+00 0.0000E+00 0.0000E+00 0.0000E+00 0.0000E+00 0.0000E+00 0.0000E+00 0.0000E+00 0.0000E+00 0.0000E+00 0.0000E+00 0.0000E+00 0.0000E+00 0.0000E+00 0.0000E+00 0.0000E+00 3.0067E-13 7.3797E-13 7.6056E-13 7.8148E-13 8.0054E-13 8.1760E-13 1.2865E-12 1.8223E-12 2.1119E-12 7.5055E-12 1.2681E-11 1.5899E-11 1.7938E-11 1.8795E-11 1.8606E-11 1.9343E-11 2.0188E-11 2.1660E-11 2.3382E-11
0.0000E+00 0.0000E+00 0.0000E+00 0.0000E+00 0.0000E+00 0.0000E+00 0.0000E+00 0.0000E+00 0.0000E+00 0.0000E+00 0.0000E+00 0.0000E+00 0.0000E+00 0.0000E+00 0.0000E+00 0.0000E+00 0.0000E+00 0.0000E+00 0.0000E+00 0.0000E+00 0.0000E+00 0.0000E+00 0.0000E+00 0.0000E+00 0.0000E+00 0.0000E+00 0.0000E+00 0.0000E+00 0.0000E+00 0.0000E+00 0.0000E+00 0.0000E+00 0.0000E+00 0.0000E+00 0.0000E+00 0.0000E+00 0.0000E+00 0.0000E+00 0.0000E+00 0.0000E+00 0.0000E+00 0.0000E+00 0.0000E+00 0.0000E+00 3.1979E-13 6.7993E-13 7.2434E-13 7.3088E-13 5.7519E-12 1.0333E-11 1.3450E-11 1.5019E-11 1.5804E-11 1.6595E-11 1.7390E-11 1.7722E-11 1.9121E-11
0.0000E+00 0.0000E+00 0.0000E+00 0.0000E+00 0.0000E+00 0.0000E+00 0.0000E+00 0.0000E+00 0.0000E+00 0.0000E+00 0.0000E+00 0.0000E+00 0.0000E+00 0.0000E+00 0.0000E+00 0.0000E+00 0.0000E+00 0.0000E+00 0.0000E+00 0.0000E+00 0.0000E+00 0.0000E+00 0.0000E+00 0.0000E+00 0.0000E+00 0.0000E+00 0.0000E+00 0.0000E+00 0.0000E+00 0.0000E+00 0.0000E+00 0.0000E+00 0.0000E+00 0.0000E+00 0.0000E+00 0.0000E+00 0.0000E+00 0.0000E+00 0.0000E+00 0.0000E+00 0.0000E+00 0.0000E+00 0.0000E+00 0.0000E+00 0.0000E+00 0.0000E+00 0.0000E+00 0.0000E+00 0.0000E+00 4.2542E-12 7.7502E-12 1.1353E-11 1.3209E-11 1.3930E-11 1.4657E-11 1.4945E-11 1.5662E-11
0.0000E+00 0.0000E+00 0.0000E+00 0.0000E+00 0.0000E+00 0.0000E+00 0.0000E+00 0.0000E+00 0.0000E+00 0.0000E+00 0.0000E+00 0.0000E+00 0.0000E+00 0.0000E+00 0.0000E+00 0.0000E+00 0.0000E+00 0.0000E+00 0.0000E+00 0.0000E+00 0.0000E+00 0.0000E+00 0.0000E+00 0.0000E+00 0.0000E+00 0.0000E+00 0.0000E+00 0.0000E+00 0.0000E+00 0.0000E+00 0.0000E+00 0.0000E+00 0.0000E+00 0.0000E+00 0.0000E+00 0.0000E+00 0.0000E+00 0.0000E+00 0.0000E+00 0.0000E+00 0.0000E+00 0.0000E+00 0.0000E+00 0.0000E+00 0.0000E+00 0.0000E+00 0.0000E+00 0.0000E+00 0.0000E+00 0.0000E+00 3.5256E-12 6.6465E-12 1.0393E-11 1.2164E-11 1.2819E-11 1.3480E-11 1.4145E-11
0.0000E+00 0.0000E+00 0.0000E+00 0.0000E+00 0.0000E+00 0.0000E+00 0.0000E+00 0.0000E+00 0.0000E+00 0.0000E+00 0.0000E+00 0.0000E+00 0.0000E+00 0.0000E+00 0.0000E+00 0.0000E+00 0.0000E+00 0.0000E+00 0.0000E+00 0.0000E+00 0.0000E+00 0.0000E+00 0.0000E+00 0.0000E+00 0.0000E+00 0.0000E+00 0.0000E+00 0.0000E+00 0.0000E+00 0.0000E+00 0.0000E+00 0.0000E+00 0.0000E+00 0.0000E+00 0.0000E+00 0.0000E+00 0.0000E+00 0.0000E+00 0.0000E+00 0.0000E+00 0.0000E+00 0.0000E+00 0.0000E+00 0.0000E+00 0.0000E+00 0.0000E+00 0.0000E+00 0.0000E+00 0.0000E+00 0.0000E+00 0.0000E+00 2.5103E-12 5.5070E-12 9.1800E-12 1.1160E-11 1.1753E-11 1.1943E-11
