Assets/Resources/2015_m01_d08_1100(utc+0800)_l00_csi_1hr_conc.grd
DSAA
         159         159
     -79.000      79.000
     -79.000      79.000
  0.1245E-09  0.4493E-06
[rows 125 to 149 of 159, columns 0 to 56 of 159]
3.0641E-10 3.1801E-10 3.3000E-10 3.4257E-10 3.5549E-10 3.6812E-10 3.8214E-10 3.9632E-10 4.1027E-10 4.2492E-10 4.4021E-10 4.5563E-10 4.7088E-10 4.8677E-10 5.0304E-10 5.1973E-10 5.3673E-10 5.5386E-10 5.7169E-10 5.8960E-10 6.0783E-10 6.2676E-10 6.4549E-10 6.6484E-10 6.8457E-10 7.0466E-10 7.2476E-10 7.4518E-10 7.6592E-10 7.8725E-10 8.0893E-10 8.3095E-10 8.5332E-10 8.7562E-10 8.9863E-10 9.2150E-10 9.4462E-10 9.6799E-10 9.9158E-10 1.0154E-09 1.0394E-09 1.0637E-09 1.0881E-09 1.1127E-09 1.1379E-09 1.1634E-09 1.1885E-09 1.2143E-09 1.2404E-09 1.2660E-09 1.2924E-09 1.3182E-09 1.3441E-09 1.3700E-09 1.3959E-09 1.4219E-09 1.4479E-09
3.0305E-10 3.1471E-10 3.2647E-10 3.3857E-10 3.5085E-10 3.6425E-10 3.7774E-10 3.9116E-10 4.0546E-10 4.2016E-10 4.3493E-10 4.4977E-10 4.6508E-10 4.8096E-10 4.9694E-10 5.1333E-10 5.2975E-10 5.4684E-10 5.6408E-10 5.8162E-10 5.9954E-10 6.1808E-10 6.3667E-10 6.5563E-10 6.7495E-10 6.9430E-10 7.1432E-10 7.3429E-10 7.5457E-10 7.7544E-10 7.9665E-10 8.1784E-10 8.3969E-10 8.6187E-10 8.8436E-10 9.0670E-10 9.2929E-10 9.5211E-10 9.7517E-10 9.9844E-10 1.0219E-09 1.0456E-09 1.0694E-09 1.0934E-09 1.1181E-09 1.1424E-09 1.1675E-09 1.1927E-09 1.2175E-09 1.2431E-09 1.2689E-09 1.2941E-09 1.3194E-09 1.3447E-09 1.3700E-09 1.3953E-09 1.4207E-09
3.0011E-10 3.1136E-10 3.2268E-10 3.3463E-10 3.4718E-10 3.6006E-10 3.7259E-10 3.8659E-10 4.0092E-10 4.1481E-10 4.2907E-10 4.4426E-10 4.5954E-10 4.7483E-10 4.9059E-10 5.0636E-10 5.2305E-10 5.3956E-10 5.5638E-10 5.7390E-10 5.9145E-10 6.0929E-10 6.2785E-10 6.4642E-10 6.6501E-10 6.8425E-10 7.0384E-10 7.2339E-10 7.4322E-10 7.6364E-10 7.8405E-10 8.0509E-10 8.2645E-10 8.4812E-10 8.6967E-10 8.9195E-10 9.1402E-10 9.3631E-10 9.5883E-10 9.8155E-10 1.0045E-09 1.0276E-09 1.0509E-09 1.0743E-09 1.0979E-09 1.1221E-09 1.1466E-09 1.1707E-09 1.1955E-09 1.2205E-09 1.2449E-09 1.2702E-09 1.2949E-09 1.3196E-09 1.3443E-09 1.3690E-09 1.3937E-09
2.9693E-10 3.0772E-10 3.1915E-10 3.3088E-10 3.4319E-10 3.5512E-10 3.6849E-10 3.8192E-10 3.9549E-10 4.0944E-10 4.2405E-10 4.3898E-10 4.5337E-10 4.6849E-10 4.8418E-10 4.9993E-10 5.1607E-10 5.3218E-10 5.4898E-10 5.6616E-10 5.8304E-10 6.0083E-10 6.1871E-10 6.3687E-10 6.5536E-10 6.7420E-10 6.9300E-10 7.1248E-10 7.3187E-10 7.5152E-10 7.7177E-10 7.9234E-10 8.1323E-10 8.3401E-10 8.5547E-10 8.7724E-10 8.9879E-10 9.2056E-10 9.4255E-10 9.6474E-10 9.8712E-10 1.0097E-09 1.0324E-09 1.0553E-09 1.0783E-09 1.1020E-09 1.1253E-09 1.1494E-09 1.1736E-09 1.1974E-09 1.2219E-09 1.2458E-09 1.2706E-09 1.2947E-09 1.3189E-09 1.3430E-09 1.3671E-09
2.9350E-10 3.0437E-10 3.1558E-10 3.2709E-10 3.3872E-10 3.5122E-10 3.6377E-10 3.7672E-10 3.9039E-10 4.0466E-10 4.1839E-10 4.3273E-10 4.4753E-10 4.6262E-10 4.7768E-10 4.9347E-10 5.0867E-10 5.2509E-10 5.4155E-10 5.5808E-10 5.7490E-10 5.9205E-10 6.0947E-10 6.2761E-10 6.4570E-10 6.6377E-10 6.8250E-10 7.0154E-10 7.2049E-10 7.3971E-10 7.5951E-10 7.7926E-10 7.9965E-10 8.2032E-10 8.4129E-10 8.6208E-10 8.8361E-10 9.0488E-10 9.2634E-10 9.4801E-10 9.6985E-10 9.9187E-10 1.0141E-09 1.0364E-09 1.0589E-09 1.0815E-09 1.1048E-09 1.1283E-09 1.1513E-09 1.1751E-09 1.1983E-09 1.2224E-09 1.2466E-09 1.2701E-09 1.2937E-09 1.3172E-09 1.3407E-09
2.9024E-10 3.0097E-10 3.1171E-10 3.2308E-10 3.3474E-10 3.4674E-10 3.5881E-10 3.7211E-10 3.8545E-10 3.9888E-10 4.1268E-10 4.2714E-10 4.4191E-10 4.5605E-10 4.7149E-10 4.8638E-10 5.0185E-10 5.1769E-10 5.3346E-10 5.4991E-10 5.6673E-10 5.8318E-10 6.0056E-10 6.1829E-10 6.3566E-10 6.5366E-10 6.7198E-10 6.9021E-10 7.0912E-10 7.2789E-10 7.4691E-10 7.6653E-10 7.8645E-10 8.0666E-10 8.2672E-10 8.4746E-10 8.6848E-10 8.8923E-10 9.1019E-10 9.3134E-10 9.5267E-10 9.7417E-10 9.9583E-10 1.0176E-09 1.0396E-09 1.0617E-09 1.0844E-09 1.1067E-09 1.1298E-09 1.1530E-09 1.1757E-09 1.1992E-09 1.2220E-09 1.2458E-09 1.2687E-09 1.2917E-09 1.3146E-09
2.8702E-10 2.9726E-10 3.0814E-10 3.1929E-10 3.3072E-10 3.4196E-10 3.5466E-10 3.6708E-10 3.8015E-10 3.9342E-10 4.0718E-10 4.2138E-10 4.3524E-10 4.5010E-10 4.6468E-10 4.7946E-10 4.9499E-10 5.0983E-10 5.2594E-10 5.4205E-10 5.5818E-10 5.7458E-10 5.9159E-10 6.0826E-10 6.2594E-10 6.4354E-10 6.6106E-10 6.7924E-10 6.9773E-10 7.1606E-10 7.3465E-10 7.5383E-10 7.7329E-10 7.9261E-10 8.1260E-10 8.3286E-10 8.5289E-10 8.7365E-10 8.9412E-10 9.1477E-10 9.3559E-10 9.5658E-10 9.7772E-10 9.9900E-10 1.0204E-09 1.0420E-09 1.0636E-09 1.0859E-09 1.1084E-09 1.1305E-09 1.1532E-09 1.1754E-09 1.1985E-09 1.2208E-09 1.2440E-09 1.2664E-09 1.2888E-09
2.8377E-10 2.9387E-10 3.0453E-10 3.1515E-10 3.2642E-10 3.3798E-10 3.4985E-10 3.6204E-10 3.7494E-10 3.8813E-10 4.0165E-10 4.1498E-10 4.2925E-10 4.4381E-10 4.5767E-10 4.7287E-10 4.8743E-10 5.0258E-10 5.1835E-10 5.3382E-10 5.4954E-10 5.6596E-10 5.8194E-10 5.9888E-10 6.1617E-10 6.3301E-10 6.5049E-10 6.6827E-10 6.8591E-10 7.0425E-10 7.2238E-10 7.4111E-10 7.5973E-10 7.7899E-10 7.9852E-10 8.1784E-10 8.3787E-10 8.5762E-10 8.7813E-10 8.9828E-10 9.1860E-10 9.3908E-10 9.5972E-10 9.8049E-10 1.0014E-09 1.0224E-09 1.0435E-09 1.0653E-09 1.0867E-09 1.1088E-09 1.1303E-09 1.1526E-09 1.1751E-09 1.1968E-09 1.2194E-09 1.2413E-09 1.2631E-09
2.8015E-10 2.9040E-10 3.0053E-10 3.1131E-10 3.2204E-10 3.3338E-10 3.4471E-10 3.5728E-10 3.6955E-10 3.8245E-10 3.9512E-10 4.0910E-10 4.2309E-10 4.3668E-10 4.5130E-10 4.6559E-10 4.8006E-10 4.9528E-10 5.1006E-10 5.2550E-10 5.4122E-10 5.5653E-10 5.7289E-10 5.8946E-10 6.0563E-10 6.2283E-10 6.3991E-10 6.5688E-10 6.7450E-10 6.9240E-10 7.1012E-10 7.2805E-10 7.4660E-10 7.6542E-10 7.8405E-10 8.0335E-10 8.2241E-10 8.4219E-10 8.6221E-10 8.8188E-10 9.0171E-10 9.2170E-10 9.4183E-10 9.6209E-10 9.8248E-10 1.0030E-09 1.0236E-09 1.0443E-09 1.0657E-09 1.0865E-09 1.1082E-09 1.1299E-09 1.1510E-09 1.1730E-09 1.1942E-09 1.2164E-09 1.2376E-09
2.7683E-10 2.8628E-10 2.9685E-10 3.0679E-10 3.1762E-10 3.2871E-10 3.4040E-10 3.5211E-10 3.6411E-10 3.7652E-10 3.8945E-10 4.0315E-10 4.1622E-10 4.3054E-10 4.4417E-10 4.5811E-10 4.7303E-10 4.8724E-10 5.0203E-10 5.1747E-10 5.3252E-10 5.4782E-10 5.6382E-10 5.7932E-10 5.9580E-10 6.1261E-10 6.2891E-10 6.4586E-10 6.6308E-10 6.8013E-10 6.9788E-10 7.1539E-10 7.3351E-10 7.5146E-10 7.7007E-10 7.8892E-10 8.0752E-10 8.2683E-10 8.4582E-10 8.6557E-10 8.8492E-10 9.0442E-10 9.2405E-10 9.4382E-10 9.6371E-10 9.8369E-10 1.0038E-09 1.0239E-09 1.0447E-09 1.0651E-09 1.0862E-09 1.1067E-09 1.1280E-09 1.1486E-09 1.1701E-09 1.1907E-09 1.2123E-09
2.7255E-10 2.8295E-10 2.9308E-10 3.0307E-10 3.1343E-10 3.2427E-10 3.3543E-10 3.4656E-10 3.5896E-10 3.7103E-10 3.8373E-10 3.9615E-10 4.0991E-10 4.2366E-10 4.3696E-10 4.5131E-10 4.6528E-10 4.7941E-10 4.9430E-10 5.0869E-10 5.2374E-10 5.3906E-10 5.5390E-10 5.6982E-10 5.8594E-10 6.0158E-10 6.1830E-10 6.3486E-10 6.5126E-10 6.6833E-10 6.8566E-10 7.0276E-10 7.2006E-10 7.3797E-10 7.5614E-10 7.7407E-10 7.9269E-10 8.1102E-10 8.3007E-10 8.4934E-10 8.6822E-10 8.8724E-10 9.0638E-10 9.2563E-10 9.4499E-10 9.6444E-10 9.8399E-10 1.0036E-09 1.0233E-09 1.0438E-09 1.0636E-09 1.0843E-09 1.1043E-09 1.1251E-09 1.1461E-09 1.1662E-09 1.1863E-09
2.6936E-10 2.7933E-10 2.8862E-10 2.9906E-10 3.0882E-10 3.1947E-10 3.3005E-10 3.4188E-10 3.5306E-10 3.6517E-10 3.7695E-10 3.9006E-10 4.0354E-10 4.1589E-10 4.2998E-10 4.4372E-10 4.5733E-10 4.7195E-10 4.8612E-10 5.0020E-10 5.1484E-10 5.2950E-10 5.4475E-10 5.6032E-10 5.7533E-10 5.9135E-10 6.0769E-10 6.2346E-10 6.3987E-10 6.5654E-10 6.7300E-10 6.9015E-10 7.0703E-10 7.2452E-10 7.4182E-10 7.5976E-10 7.7743E-10 7.9581E-10 8.1440E-10 8.3260E-10 8.5157E-10 8.7008E-10 8.8871E-10 9.0746E-10 9.2632E-10 9.4529E-10 9.6433E-10 9.8345E-10 1.0026E-09 1.0219E-09 1.0419E-09 1.0620E-09 1.0815E-09 1.1018E-09 1.1214E-09 1.1418E-09 1.1615E-09
2.6610E-10 2.7469E-10 2.8496E-10 2.9401E-10 3.0450E-10 3.1457E-10 3.2556E-10 3.3620E-10 3.4742E-10 3.5892E-10 3.7108E-10 3.8359E-10 3.9606E-10 4.0959E-10 4.2267E-10 4.3605E-10 4.5011E-10 4.6329E-10 4.7751E-10 4.9204E-10 5.0565E-10 5.2068E-10 5.3559E-10 5.4997E-10 5.6546E-10 5.8111E-10 5.9624E-10 6.1247E-10 6.2850E-10 6.4432E-10 6.6083E-10 6.7708E-10 6.9405E-10 7.1071E-10 7.2799E-10 7.4503E-10 7.6272E-10 7.8062E-10 7.9816E-10 8.1643E-10 8.3430E-10 8.5295E-10 8.7110E-10 8.8937E-10 9.0773E-10 9.2618E-10 9.4471E-10 9.6333E-10 9.8203E-10 1.0008E-09 1.0203E-09 1.0392E-09 1.0588E-09 1.0778E-09 1.0977E-09 1.1168E-09 1.1368E-09
2.6129E-10 2.7117E-10 2.8007E-10 2.9010E-10 3.0010E-10 3.0992E-10 3.2036E-10 3.3073E-10 3.4207E-10 3.5294E-10 3.6518E-10 3.7669E-10 3.8956E-10 4.0196E-10 4.1482E-10 4.2864E-10 4.4165E-10 4.5534E-10 4.6964E-10 4.8264E-10 4.9714E-10 5.1139E-10 5.2562E-10 5.4045E-10 5.5558E-10 5.7009E-10 5.8564E-10 6.0101E-10 6.1672E-10 6.3259E-10 6.4822E-10 6.6455E-10 6.8111E-10 6.9733E-10 7.1416E-10 7.3073E-10 7.4796E-10 7.6487E-10 7.8249E-10 7.9972E-10 8.1770E-10 8.3585E-10 8.5351E-10 8.7128E-10 8.8916E-10 9.0714E-10 9.2520E-10 9.4333E-10 9.6152E-10 9.7977E-10 9.9806E-10 1.0172E-09 1.0356E-09 1.0549E-09 1.0734E-09 1.0928E-09 1.1114E-09
2.5656E-10 2.6724E-10 2.7599E-10 2.8584E-10 2.9493E-10 3.0524E-10 3.1477E-10 3.2587E-10 3.3593E-10 3.4724E-10 3.5815E-10 3.7041E-10 3.8223E-10 3.9442E-10 4.0723E-10 4.2044E-10 4.3352E-10 4.4729E-10 4.6048E-10 4.7444E-10 4.8818E-10 5.0178E-10 5.1643E-10 5.3092E-10 5.4482E-10 5.5986E-10 5.7505E-10 5.8966E-10 6.0538E-10 6.2087E-10 6.3610E-10 6.5199E-10 6.6759E-10 6.8389E-10 6.9984E-10 7.1643E-10 7.3272E-10 7.4968E-10 7.6683E-10 7.8358E-10 8.0108E-10 8.1813E-10 8.3597E-10 8.5328E-10 8.7068E-10 8.8817E-10 9.0574E-10 9.2338E-10 9.4110E-10 9.5888E-10 9.7671E-10 9.9457E-10 1.0132E-09 1.0320E-09 1.0500E-09 1.0690E-09 1.0871E-09
2.5083E-10 2.6173E-10 2.7213E-10 2.8052E-10 2.9068E-10 2.9948E-10 3.1006E-10 3.1929E-10 3.3040E-10 3.4043E-10 3.5212E-10 3.6343E-10 3.7535E-10 3.8721E-10 4.0010E-10 4.1267E-10 4.2622E-10 4.3889E-10 4.5223E-10 4.6533E-10 4.7879E-10 4.9292E-10 5.0677E-10 5.2056E-10 5.3496E-10 5.4915E-10 5.6363E-10 5.7869E-10 5.9351E-10 6.0862E-10 6.2388E-10 6.3887E-10 6.5456E-10 6.6990E-10 6.8597E-10 7.0164E-10 7.1795E-10 7.3445E-10 7.5060E-10 7.6747E-10 7.8391E-10 8.0111E-10 8.1780E-10 8.3529E-10 8.5223E-10 8.6926E-10 8.8638E-10 9.0356E-10 9.2081E-10 9.3811E-10 9.5545E-10 9.7284E-10 9.9104E-10 1.0085E-09 1.0269E-09 1.0444E-09 1.0629E-09
2.4428E-10 2.5508E-10 2.6598E-10 2.7640E-10 2.8537E-10 2.9493E-10 3.0466E-10 3.1430E-10 3.2452E-10 3.3463E-10 3.4574E-10 3.5671E-10 3.6873E-10 3.7990E-10 3.9217E-10 4.0470E-10 4.1720E-10 4.3037E-10 4.4383E-10 4.5630E-10 4.7025E-10 4.8313E-10 4.9679E-10 5.1054E-10 5.2460E-10 5.3845E-10 5.5296E-10 5.6715E-10 5.8163E-10 5.9627E-10 6.1119E-10 6.2625E-10 6.4150E-10 6.5641E-10 6.7204E-10 6.8729E-10 7.0318E-10 7.1873E-10 7.3497E-10 7.5080E-10 7.6735E-10 7.8345E-10 8.0034E-10 8.1670E-10 8.3388E-10 8.5045E-10 8.6710E-10 8.8381E-10 9.0059E-10 9.1744E-10 9.3433E-10 9.5125E-10 9.6819E-10 9.8598E-10 1.0030E-09 1.0209E-09 1.0380E-09
2.3828E-10 2.4880E-10 2.6008E-10 2.7086E-10 2.8039E-10 2.8999E-10 2.9891E-10 3.0863E-10 3.1825E-10 3.2914E-10 3.3890E-10 3.5034E-10 3.6095E-10 3.7260E-10 3.8413E-10 3.9636E-10 4.0851E-10 4.2178E-10 4.3414E-10 4.4757E-10 4.6078E-10 4.7383E-10 4.8753E-10 5.0091E-10 5.1419E-10 5.2809E-10 5.4129E-10 5.5566E-10 5.7016E-10 5.8394E-10 5.9889E-10 6.1354E-10 6.2787E-10 6.4291E-10 6.5757E-10 6.7296E-10 6.8791E-10 7.0352E-10 7.1932E-10 7.3472E-10 7.5086E-10 7.6653E-10 7.8296E-10 7.9886E-10 8.1557E-10 8.3169E-10 8.4790E-10 8.6417E-10 8.8050E-10 8.9688E-10 9.1330E-10 9.2976E-10 9.4625E-10 9.6277E-10 9.8017E-10 9.9677E-10 1.0143E-09
2.3321E-10 2.4198E-10 2.5286E-10 2.6381E-10 2.7495E-10 2.8410E-10 2.9372E-10 3.0260E-10 3.1297E-10 3.2188E-10 3.3277E-10 3.4249E-10 3.5392E-10 3.6495E-10 3.7696E-10 3.8857E-10 4.0074E-10 4.1293E-10 4.2617E-10 4.3838E-10 4.5127E-10 4.6431E-10 4.7721E-10 4.9040E-10 5.0366E-10 5.1721E-10 5.3051E-10 5.4396E-10 5.5810E-10 5.7200E-10 5.8604E-10 6.0034E-10 6.1477E-10 6.2885E-10 6.4362E-10 6.5800E-10 6.7314E-10 6.8835E-10 7.0318E-10 7.1871E-10 7.3379E-10 7.4962E-10 7.6496E-10 7.8110E-10 7.9667E-10 8.1304E-10 8.2878E-10 8.4460E-10 8.6048E-10 8.7641E-10 8.9241E-10 9.0844E-10 9.2451E-10 9.4059E-10 9.5754E-10 9.7371E-10 9.9076E-10
2.2669E-10 2.3703E-10 2.4546E-10 2.5636E-10 2.6729E-10 2.7844E-10 2.8787E-10 2.9752E-10 3.0665E-10 3.1635E-10 3.2632E-10 3.3649E-10 3.4656E-10 3.5761E-10 3.6860E-10 3.8055E-10 3.9205E-10 4.0421E-10 4.1626E-10 4.2903E-10 4.4205E-10 4.5434E-10 4.6741E-10 4.7964E-10 4.9307E-10 5.0576E-10 5.1966E-10 5.3229E-10 5.4611E-10 5.5953E-10 5.7322E-10 5.8702E-10 6.0110E-10 6.1531E-10 6.2971E-10 6.4369E-10 6.5841E-10 6.7267E-10 6.8760E-10 7.0213E-10 7.1740E-10 7.3218E-10 7.4772E-10 7.6272E-10 7.7852E-10 7.9373E-10 8.0975E-10 8.2515E-10 8.4062E-10 8.5614E-10 8.7170E-10 8.8731E-10 9.0296E-10 9.1863E-10 9.3431E-10 9.5088E-10 9.6661E-10
2.2145E-10 2.2994E-10 2.4029E-10 2.5097E-10 2.6065E-10 2.7115E-10 2.8166E-10 2.9172E-10 3.0069E-10 3.1046E-10 3.1945E-10 3.2970E-10 3.3947E-10 3.5059E-10 3.6082E-10 3.7208E-10 3.8323E-10 3.9510E-10 4.0674E-10 4.1959E-10 4.3136E-10 4.4427E-10 4.5693E-10 4.6982E-10 4.8251E-10 4.9526E-10 5.0784E-10 5.2104E-10 5.3393E-10 5.4707E-10 5.6085E-10 5.7429E-10 5.8799E-10 6.0180E-10 6.1522E-10 6.2936E-10 6.4308E-10 6.5756E-10 6.7155E-10 6.8622E-10 7.0105E-10 7.1540E-10 7.3051E-10 7.4511E-10 7.5979E-10 7.7530E-10 7.9018E-10 8.0588E-10 8.2093E-10 8.3604E-10 8.5120E-10 8.6640E-10 8.8163E-10 8.9689E-10 9.1216E-10 9.2744E-10 9.4360E-10
2.1428E-10 2.2449E-10 2.3392E-10 2.4367E-10 2.5433E-10 2.6366E-10 2.7450E-10 2.8498E-10 2.9465E-10 3.0354E-10 3.1325E-10 3.2213E-10 3.3230E-10 3.4199E-10 3.5305E-10 3.6321E-10 3.7480E-10 3.8543E-10 3.9758E-10 4.0917E-10 4.2149E-10 4.3407E-10 4.4639E-10 4.5898E-10 4.7125E-10 4.8376E-10 4.9636E-10 5.0924E-10 5.2183E-10 5.3453E-10 5.4795E-10 5.6105E-10 5.7427E-10 5.8774E-10 6.0134E-10 6.1453E-10 6.2843E-10 6.4187E-10 6.5606E-10 6.7033E-10 6.8416E-10 6.9873E-10 7.1281E-10 7.2766E-10 7.4196E-10 7.5704E-10 7.7152E-10 7.8608E-10 8.0145E-10 8.1616E-10 8.3091E-10 8.4571E-10 8.6054E-10 8.7539E-10 8.9025E-10 9.0513E-10 9.1999E-10
2.0941E-10 2.1743E-10 2.2733E-10 2.3710E-10 2.4649E-10 2.5747E-10 2.6640E-10 2.7718E-10 2.8756E-10 2.9752E-10 3.0596E-10 3.1561E-10 3.2483E-10 3.3529E-10 3.4495E-10 3.5549E-10 3.6603E-10 3.7754E-10 3.8856E-10 4.0021E-10 4.1164E-10 4.2341E-10 4.3588E-10 4.4807E-10 4.6000E-10 4.7212E-10 4.8495E-10 4.9693E-10 5.0963E-10 5.2201E-10 5.3452E-10 5.4777E-10 5.6068E-10 5.7369E-10 5.8692E-10 6.0028E-10 6.1319E-10 6.2686E-10 6.4005E-10 6.5400E-10 6.6804E-10 6.8160E-10 6.9592E-10 7.0971E-10 7.2429E-10 7.3829E-10 7.5307E-10 7.6723E-10 7.8218E-10 7.9649E-10 8.1085E-10 8.2526E-10 8.3969E-10 8.5414E-10 8.6861E-10 8.8308E-10 8.9755E-10
2.0363E-10 2.1271E-10 2.2106E-10 2.2993E-10 2.3965E-10 2.4999E-10 2.5989E-10 2.6907E-10 2.7948E-10 2.9045E-10 2.9966E-10 3.0870E-10 3.1753E-10 3.2700E-10 3.3703E-10 3.4661E-10 3.5749E-10 3.6793E-10 3.7890E-10 3.9026E-10 4.0134E-10 4.1317E-10 4.2485E-10 4.3721E-10 4.4872E-10 4.6153E-10 4.7244E-10 4.8565E-10 4.9696E-10 5.1006E-10 5.2169E-10 5.3508E-10 5.4703E-10 5.6025E-10 5.7252E-10 5.8612E-10 5.9870E-10 6.1201E-10 6.2483E-10 6.3777E-10 6.5147E-10 6.6527E-10 6.7857E-10 6.9264E-10 7.0615E-10 7.2044E-10 7.3413E-10 7.4860E-10 7.6244E-10 7.7706E-10 7.9104E-10 8.0505E-10 8.1909E-10 8.3315E-10 8.4723E-10 8.6131E-10 8.7540E-10
1.9719E-10 2.0671E-10 2.1506E-10 2.2461E-10 2.3219E-10 2.4221E-10 2.5248E-10 2.6199E-10 2.7143E-10 2.8173E-10 2.9226E-10 3.0137E-10 3.1066E-10 3.1906E-10 3.2879E-10 3.3834E-10 3.4817E-10 3.5858E-10 3.6894E-10 3.7981E-10 3.9109E-10 4.0250E-10 4.1425E-10 4.2625E-10 4.3796E-10 4.4996E-10 4.6158E-10 4.7334E-10 4.8537E-10 4.9754E-10 5.0939E-10 5.2136E-10 5.3405E-10 5.4641E-10 5.5888E-10 5.7154E-10 5.8434E-10 5.9669E-10 6.0978E-10 6.2237E-10 6.3569E-10 6.4913E-10 6.6207E-10 6.7577E-10 6.8891E-10 7.0212E-10 7.1613E-10 7.2950E-10 7.4366E-10 7.5718E-10 7.7146E-10 7.8510E-10 7.9876E-10 8.1244E-10 8.2613E-10 8.3983E-10 8.5354E-10
