Assets/Resources/2015_m01_d27_2100(utc+0800)_l00_csi_1hr_conc.grd
DSAA
         159         159
     -79.000      79.000
     -79.000      79.000
  0.0000E+00  0.2107E-05
[rows 25 to 49 of 159, columns 57 to 113 of 159]
1.5710E-08 1.7650E-08 1.9545E-08 2.1322E-08 2.2916E-08 2.4255E-08 2.5279E-08 2.5929E-08 2.6176E-08 2.6006E-08 2.5425E-08 2.4461E-08 2.3163E-08 2.1590E-08 1.9816E-08 1.7920E-08 1.5975E-08 1.4049E-08 1.2201E-08 1.0477E-08 8.9000E-09 7.4887E-09 6.2446E-09 5.1542E-09 4.2165E-09 3.4632E-09 2.8285E-09 2.2855E-09 1.8404E-09 1.4763E-09 1.1754E-09 9.2249E-10 7.2700E-10 5.7675E-10 4.5778E-10 3.6373E-10 2.8786E-10 2.2418E-10 1.7743E-10 1.4082E-10 1.1311E-10 8.8190E-11 6.6422E-11 4.8835E-11 3.4307E-11 2.3881E-11 1.4920E-11 9.5373E-12 5.3924E-12 2.9057E-12 1.2984E-12 7.4749E-13 3.8044E-13 8.6773E-14 0.0000E+00 0.0000E+00 0.0000E+00
1.5435E-08 1.7445E-08 1.9427E-08 2.1306E-08 2.3004E-08 2.4441E-08 2.5553E-08 2.6280E-08 2.6582E-08 2.6439E-08 2.5854E-08 2.4855E-08 2.3494E-08 2.1842E-08 1.9980E-08 1.7990E-08 1.5957E-08 1.3955E-08 1.2045E-08 1.0269E-08 8.6612E-09 7.2347E-09 5.9979E-09 4.9132E-09 3.9834E-09 3.2516E-09 2.6384E-09 2.1200E-09 1.6960E-09 1.3493E-09 1.0687E-09 8.3512E-10 6.5335E-10 5.1549E-10 4.0696E-10 3.2131E-10 2.5351E-10 1.9680E-10 1.5495E-10 1.2251E-10 9.7381E-11 7.5024E-11 5.5864E-11 4.0088E-11 2.7150E-11 1.8014E-11 1.0567E-11 6.4713E-12 3.3612E-12 1.8119E-12 8.3866E-13 4.8537E-13 1.3905E-13 0.0000E+00 0.0000E+00 0.0000E+00 0.0000E+00
1.5083E-08 1.7163E-08 1.9233E-08 2.1215E-08 2.3024E-08 2.4583E-08 2.5806E-08 2.6625E-08 2.6994E-08 2.6888E-08 2.6309E-08 2.5284E-08 2.3872E-08 2.2139E-08 2.0177E-08 1.8083E-08 1.5950E-08 1.3854E-08 1.1872E-08 1.0046E-08 8.4082E-09 6.9716E-09 5.7294E-09 4.6564E-09 3.7403E-09 3.0367E-09 2.4495E-09 1.9543E-09 1.5508E-09 1.2259E-09 9.6352E-10 7.4815E-10 5.8100E-10 4.5589E-10 3.5737E-10 2.8141E-10 2.2023E-10 1.7087E-10 1.3402E-10 1.0500E-10 8.2634E-11 6.2751E-11 4.5664E-11 3.2235E-11 2.1419E-11 1.3426E-11 7.3626E-12 4.3555E-12 2.2856E-12 1.4013E-12 5.5875E-13 1.8805E-13 3.5968E-14 0.0000E+00 0.0000E+00 0.0000E+00 0.0000E+00
1.4661E-08 1.6806E-08 1.8959E-08 2.1046E-08 2.2974E-08 2.4651E-08 2.5989E-08 2.6917E-08 2.7373E-08 2.7320E-08 2.6758E-08 2.5714E-08 2.4245E-08 2.2431E-08 2.0374E-08 1.8175E-08 1.5936E-08 1.3750E-08 1.1696E-08 9.8157E-09 8.1457E-09 6.6914E-09 5.4560E-09 4.3912E-09 3.4917E-09 2.8124E-09 2.2531E-09 1.7834E-09 1.4056E-09 1.1031E-09 8.6075E-10 6.6599E-10 5.1282E-10 3.9914E-10 3.1121E-10 2.4380E-10 1.8915E-10 1.4613E-10 1.1390E-10 8.9013E-11 6.9226E-11 5.1006E-11 3.6579E-11 2.4831E-11 1.5860E-11 9.4306E-12 5.0543E-12 2.8787E-12 1.7383E-12 8.4462E-13 2.7301E-13 7.2007E-14 0.0000E+00 0.0000E+00 0.0000E+00 0.0000E+00 0.0000E+00
1.4162E-08 1.6362E-08 1.8600E-08 2.0790E-08 2.2841E-08 2.4656E-08 2.6135E-08 2.7186E-08 2.7742E-08 2.7765E-08 2.7242E-08 2.6195E-08 2.4681E-08 2.2790E-08 2.0625E-08 1.8307E-08 1.5954E-08 1.3664E-08 1.1524E-08 9.5810E-09 7.8751E-09 6.4132E-09 5.1687E-09 4.1242E-09 3.2455E-09 2.5944E-09 2.0583E-09 1.6163E-09 1.2638E-09 9.8471E-10 7.6248E-10 5.8666E-10 4.4691E-10 3.4550E-10 2.6727E-10 2.0801E-10 1.5989E-10 1.2369E-10 9.5325E-11 7.3952E-11 5.6338E-11 4.0593E-11 2.9008E-11 1.8701E-11 1.1534E-11 6.1202E-12 3.6366E-12 2.1385E-12 1.1950E-12 4.0056E-13 1.0020E-13 0.0000E+00 0.0000E+00 0.0000E+00 0.0000E+00 0.0000E+00 0.0000E+00
1.3594E-08 1.5840E-08 1.8149E-08 2.0443E-08 2.2623E-08 2.4580E-08 2.6203E-08 2.7403E-08 2.8092E-08 2.8210E-08 2.7740E-08 2.6705E-08 2.5159E-08 2.3190E-08 2.0924E-08 1.8486E-08 1.6008E-08 1.3603E-08 1.1366E-08 9.3672E-09 7.6140E-09 6.1275E-09 4.8910E-09 3.8499E-09 2.9908E-09 2.3661E-09 1.8613E-09 1.4509E-09 1.1251E-09 8.6834E-10 6.6680E-10 5.0954E-10 3.8591E-10 2.9539E-10 2.2635E-10 1.7522E-10 1.3362E-10 1.0212E-10 7.8479E-11 6.0229E-11 4.4751E-11 3.1569E-11 2.1642E-11 1.3529E-11 7.7270E-12 4.1410E-12 2.6584E-12 1.4554E-12 6.1774E-13 1.2026E-13 0.0000E+00 0.0000E+00 0.0000E+00 0.0000E+00 0.0000E+00 0.0000E+00 0.0000E+00
1.2953E-08 1.5230E-08 1.7607E-08 2.0002E-08 2.2307E-08 2.4414E-08 2.6210E-08 2.7577E-08 2.8415E-08 2.8658E-08 2.8280E-08 2.7277E-08 2.5707E-08 2.3670E-08 2.1294E-08 1.8723E-08 1.6108E-08 1.3583E-08 1.1240E-08 9.1506E-09 7.3539E-09 5.8493E-09 4.6013E-09 3.5804E-09 2.7419E-09 2.1434E-09 1.6715E-09 1.2904E-09 9.9191E-10 7.5892E-10 5.7793E-10 4.3853E-10 3.2886E-10 2.4888E-10 1.8909E-10 1.4525E-10 1.0951E-10 8.3286E-11 6.3002E-11 4.7518E-11 3.4560E-11 2.3369E-11 1.5428E-11 9.3994E-12 5.1196E-12 3.1934E-12 1.8030E-12 8.6982E-13 2.0376E-13 1.4487E-14 0.0000E+00 0.0000E+00 0.0000E+00 0.0000E+00 0.0000E+00 0.0000E+00 0.0000E+00
1.2259E-08 1.4553E-08 1.6981E-08 1.9458E-08 2.1893E-08 2.4163E-08 2.6140E-08 2.7696E-08 2.8731E-08 2.9138E-08 2.8871E-08 2.7927E-08 2.6361E-08 2.4264E-08 2.1777E-08 1.9068E-08 1.6300E-08 1.3620E-08 1.1152E-08 8.9850E-09 7.1214E-09 5.5778E-09 4.3281E-09 3.3137E-09 2.4936E-09 1.9238E-09 1.4835E-09 1.1353E-09 8.6406E-10 6.5457E-10 4.9451E-10 3.7196E-10 2.7627E-10 2.0685E-10 1.5497E-10 1.1874E-10 8.8559E-11 6.5929E-11 4.9446E-11 3.6431E-11 2.4868E-11 1.6650E-11 1.0568E-11 6.4194E-12 3.6071E-12 2.1925E-12 1.0793E-12 3.4694E-13 2.3136E-14 0.0000E+00 0.0000E+00 0.0000E+00 0.0000E+00 0.0000E+00 0.0000E+00 0.0000E+00 0.0000E+00
1.1495E-08 1.3790E-08 1.6253E-08 1.8816E-08 2.1374E-08 2.3805E-08 2.5983E-08 2.7764E-08 2.9011E-08 2.9615E-08 2.9507E-08 2.8662E-08 2.7113E-08 2.4965E-08 2.2369E-08 1.9505E-08 1.6563E-08 1.3730E-08 1.1120E-08 8.8267E-09 6.8934E-09 5.3158E-09 4.0518E-09 3.0488E-09 2.2496E-09 1.7141E-09 1.3054E-09 9.8873E-10 7.4421E-10 5.5812E-10 4.1843E-10 3.1110E-10 2.2905E-10 1.6868E-10 1.2671E-10 9.5421E-11 6.9228E-11 5.0796E-11 3.7518E-11 2.6207E-11 1.7298E-11 1.1022E-11 7.1271E-12 4.1100E-12 2.5194E-12 1.2768E-12 4.7490E-13 6.0235E-14 0.0000E+00 0.0000E+00 0.0000E+00 0.0000E+00 0.0000E+00 0.0000E+00 0.0000E+00 0.0000E+00 0.0000E+00
1.0696E-08 1.2971E-08 1.5452E-08 1.8076E-08 2.0746E-08 2.3347E-08 2.5738E-08 2.7756E-08 2.9263E-08 3.0117E-08 3.0208E-08 2.9496E-08 2.8005E-08 2.5823E-08 2.3112E-08 2.0084E-08 1.6954E-08 1.3916E-08 1.1136E-08 8.7227E-09 6.7043E-09 5.0743E-09 3.7982E-09 2.8043E-09 2.0146E-09 1.5104E-09 1.1356E-09 8.4812E-10 6.3139E-10 4.6977E-10 3.4865E-10 2.5651E-10 1.8582E-10 1.3672E-10 1.0207E-10 7.4508E-11 5.3260E-11 3.8409E-11 2.7165E-11 1.7775E-11 1.1326E-11 7.0812E-12 4.6907E-12 2.7759E-12 1.4780E-12 6.4529E-13 1.5819E-13 0.0000E+00 0.0000E+00 0.0000E+00 0.0000E+00 0.0000E+00 0.0000E+00 0.0000E+00 0.0000E+00 0.0000E+00 0.0000E+00
9.8443E-09 1.2077E-08 1.4561E-08 1.7232E-08 2.0007E-08 2.2771E-08 2.5379E-08 2.7671E-08 2.9472E-08 3.0608E-08 3.0955E-08 3.0426E-08 2.9018E-08 2.6822E-08 2.4013E-08 2.0803E-08 1.7454E-08 1.4211E-08 1.1239E-08 8.6601E-09 6.5329E-09 4.8466E-09 3.5494E-09 2.5571E-09 1.7874E-09 1.3191E-09 9.7361E-10 7.1963E-10 5.2912E-10 3.8864E-10 2.8632E-10 2.0684E-10 1.4941E-10 1.0906E-10 7.9858E-11 5.6927E-11 3.9475E-11 2.7593E-11 1.8566E-11 1.1596E-11 6.8214E-12 4.8346E-12 3.0039E-12 1.6419E-12 7.9142E-13 2.3428E-13 0.0000E+00 0.0000E+00 0.0000E+00 0.0000E+00 0.0000E+00 0.0000E+00 0.0000E+00 0.0000E+00 0.0000E+00 0.0000E+00 0.0000E+00
8.9692E-09 1.1136E-08 1.3593E-08 1.6284E-08 1.9144E-08 2.2066E-08 2.4902E-08 2.7477E-08 2.9605E-08 3.1087E-08 3.1738E-08 3.1445E-08 3.0185E-08 2.8007E-08 2.5093E-08 2.1703E-08 1.8118E-08 1.4607E-08 1.1402E-08 8.6526E-09 6.4093E-09 4.6477E-09 3.3269E-09 2.3371E-09 1.5755E-09 1.1363E-09 8.2553E-10 5.9899E-10 4.3473E-10 3.1726E-10 2.2919E-10 1.6550E-10 1.1804E-10 8.4579E-11 6.1249E-11 4.2105E-11 2.8014E-11 1.9045E-11 1.2188E-11 7.6974E-12 5.0251E-12 3.1657E-12 1.8002E-12 9.2003E-13 2.9370E-13 3.8605E-14 0.0000E+00 0.0000E+00 0.0000E+00 0.0000E+00 0.0000E+00 0.0000E+00 0.0000E+00 0.0000E+00 0.0000E+00 0.0000E+00 0.0000E+00
8.0619E-09 1.0147E-08 1.2548E-08 1.5242E-08 1.8168E-08 2.1228E-08 2.4282E-08 2.7168E-08 2.9659E-08 3.1530E-08 3.2568E-08 3.2582E-08 3.1501E-08 2.9376E-08 2.6382E-08 2.2783E-08 1.8920E-08 1.5136E-08 1.1672E-08 8.7060E-09 6.3116E-09 4.4738E-09 3.1115E-09 2.1197E-09 1.3757E-09 9.6820E-10 6.8801E-10 4.9243E-10 3.5341E-10 2.5249E-10 1.8224E-10 1.2891E-10 9.0945E-11 6.4348E-11 4.4593E-11 2.9710E-11 1.9860E-11 1.3020E-11 8.1510E-12 5.0442E-12 3.2058E-12 1.9225E-12 1.0033E-12 3.5080E-13 9.4112E-14 0.0000E+00 0.0000E+00 0.0000E+00 0.0000E+00 0.0000E+00 0.0000E+00 0.0000E+00 0.0000E+00 0.0000E+00 0.0000E+00 0.0000E+00 0.0000E+00
7.1501E-09 9.1338E-09 1.1453E-08 1.4114E-08 1.7064E-08 2.0242E-08 2.3514E-08 2.6705E-08 2.9598E-08 3.1911E-08 3.3376E-08 3.3762E-08 3.2953E-08 3.0930E-08 2.7863E-08 2.4067E-08 1.9911E-08 1.5788E-08 1.2019E-08 8.8247E-09 6.2675E-09 4.3292E-09 2.9292E-09 1.9352E-09 1.1913E-09 8.1229E-10 5.6424E-10 3.9642E-10 2.7861E-10 1.9784E-10 1.4214E-10 9.8567E-11 6.7666E-11 4.6314E-11 3.1309E-11 2.0413E-11 1.3340E-11 8.3605E-12 5.4632E-12 3.1744E-12 2.0251E-12 1.0410E-12 4.0450E-13 1.3391E-13 0.0000E+00 0.0000E+00 0.0000E+00 0.0000E+00 0.0000E+00 0.0000E+00 0.0000E+00 0.0000E+00 0.0000E+00 0.0000E+00 0.0000E+00 0.0000E+00 0.0000E+00
6.2519E-09 8.1020E-09 1.0315E-08 1.2909E-08 1.5859E-08 1.9113E-08 2.2574E-08 2.6072E-08 2.9367E-08 3.2166E-08 3.4157E-08 3.5008E-08 3.4522E-08 3.2655E-08 2.9555E-08 2.5542E-08 2.1063E-08 1.6596E-08 1.2486E-08 9.0057E-09 6.2597E-09 4.2118E-09 2.7565E-09 1.7421E-09 1.0219E-09 6.7576E-10 4.5328E-10 3.1256E-10 2.1762E-10 1.5181E-10 1.0825E-10 7.2412E-11 4.8228E-11 3.2452E-11 2.0837E-11 1.3109E-11 8.6616E-12 5.3752E-12 3.1176E-12 2.0263E-12 1.0497E-12 4.5856E-13 1.5787E-13 0.0000E+00 0.0000E+00 0.0000E+00 0.0000E+00 0.0000E+00 0.0000E+00 0.0000E+00 0.0000E+00 0.0000E+00 0.0000E+00 0.0000E+00 0.0000E+00 0.0000E+00 0.0000E+00
5.3752E-09 7.0826E-09 9.1612E-09 1.1645E-08 1.4545E-08 1.7843E-08 2.1450E-08 2.5221E-08 2.8938E-08 3.2254E-08 3.4794E-08 3.6170E-08 3.6112E-08 3.4474E-08 3.1382E-08 2.7193E-08 2.2389E-08 1.7516E-08 1.3040E-08 9.2637E-09 6.2958E-09 4.1293E-09 2.6193E-09 1.5887E-09 8.7333E-10 5.5037E-10 3.5599E-10 2.4055E-10 1.6234E-10 1.1488E-10 7.8749E-11 5.0536E-11 3.2669E-11 2.0733E-11 1.2799E-11 8.4343E-12 5.1904E-12 2.9875E-12 1.9316E-12 1.0373E-12 4.7273E-13 1.6631E-13 0.0000E+00 0.0000E+00 0.0000E+00 0.0000E+00 0.0000E+00 0.0000E+00 0.0000E+00 0.0000E+00 0.0000E+00 0.0000E+00 0.0000E+00 0.0000E+00 0.0000E+00 0.0000E+00 0.0000E+00
4.5353E-09 6.0804E-09 7.9985E-09 1.0353E-08 1.3160E-08 1.6436E-08 2.0143E-08 2.4151E-08 2.8241E-08 3.2075E-08 3.5242E-08 3.7238E-08 3.7685E-08 3.6375E-08 3.3370E-08 2.9014E-08 2.3878E-08 1.8616E-08 1.3730E-08 9.6008E-09 6.4053E-09 4.0786E-09 2.4940E-09 1.4304E-09 7.4786E-10 4.4389E-10 2.7105E-10 1.7832E-10 1.1859E-10 8.3997E-11 5.4247E-11 3.3221E-11 2.0295E-11 1.2400E-11 7.9812E-12 4.8512E-12 2.8430E-12 1.7885E-12 9.8713E-13 4.4246E-13 1.6002E-13 0.0000E+00 0.0000E+00 0.0000E+00 0.0000E+00 0.0000E+00 0.0000E+00 0.0000E+00 0.0000E+00 0.0000E+00 0.0000E+00 0.0000E+00 0.0000E+00 0.0000E+00 0.0000E+00 0.0000E+00 0.0000E+00
3.7380E-09 5.1411E-09 6.8794E-09 9.0561E-09 1.1722E-08 1.4925E-08 1.8655E-08 2.2829E-08 2.7267E-08 3.1617E-08 3.5406E-08 3.8082E-08 3.9155E-08 3.8271E-08 3.5452E-08 3.1018E-08 2.5575E-08 1.9851E-08 1.4522E-08 1.0022E-08 6.5399E-09 4.0711E-09 2.4197E-09 1.3133E-09 6.5612E-10 3.5038E-10 1.9994E-10 1.2627E-10 8.6298E-11 5.7237E-11 3.4202E-11 1.9467E-11 1.1719E-11 7.2233E-12 4.3808E-12 2.6171E-12 1.5999E-12 9.0304E-13 3.8292E-13 1.4023E-13 0.0000E+00 0.0000E+00 0.0000E+00 0.0000E+00 0.0000E+00 0.0000E+00 0.0000E+00 0.0000E+00 0.0000E+00 0.0000E+00 0.0000E+00 0.0000E+00 0.0000E+00 0.0000E+00 0.0000E+00 0.0000E+00 0.0000E+00
3.0405E-09 4.2305E-09 5.7924E-09 7.7835E-09 1.0268E-08 1.3325E-08 1.7013E-08 2.1281E-08 2.5982E-08 3.0819E-08 3.5282E-08 3.8718E-08 4.0508E-08 4.0199E-08 3.7659E-08 3.3173E-08 2.7427E-08 2.1284E-08 1.5469E-08 1.0540E-08 6.7667E-09 4.0898E-09 2.3237E-09 1.2065E-09 5.5351E-10 2.7374E-10 1.3947E-10 8.5675E-11 5.7972E-11 3.6294E-11 1.9020E-11 1.0624E-11 6.2708E-12 3.8430E-12 2.2474E-12 1.3681E-12 7.7407E-13 3.1176E-13 1.0853E-13 0.0000E+00 0.0000E+00 0.0000E+00 0.0000E+00 0.0000E+00 0.0000E+00 0.0000E+00 0.0000E+00 0.0000E+00 0.0000E+00 0.0000E+00 0.0000E+00 0.0000E+00 0.0000E+00 0.0000E+00 0.0000E+00 0.0000E+00 0.0000E+00
2.4205E-09 3.4107E-09 4.7879E-09 6.5589E-09 8.8324E-09 1.1705E-08 1.5271E-08 1.9542E-08 2.4448E-08 2.9690E-08 3.4778E-08 3.9022E-08 4.1669E-08 4.2051E-08 3.9922E-08 3.5527E-08 2.9531E-08 2.2880E-08 1.6536E-08 1.1142E-08 7.0125E-09 4.1586E-09 2.2916E-09 1.1152E-09 4.7169E-10 2.1037E-10 9.2162E-11 5.7435E-11 3.7566E-11 1.9264E-11 9.2918E-12 5.2281E-12 3.1978E-12 1.8361E-12 1.1155E-12 5.8405E-13 2.2102E-13 6.6827E-14 0.0000E+00 0.0000E+00 0.0000E+00 0.0000E+00 0.0000E+00 0.0000E+00 0.0000E+00 0.0000E+00 0.0000E+00 0.0000E+00 0.0000E+00 0.0000E+00 0.0000E+00 0.0000E+00 0.0000E+00 0.0000E+00 0.0000E+00 0.0000E+00 0.0000E+00
1.8973E-09 2.6962E-09 3.8429E-09 5.4115E-09 7.4398E-09 1.0071E-08 1.3438E-08 1.7631E-08 2.2621E-08 2.8208E-08 3.3936E-08 3.9018E-08 4.2584E-08 4.3832E-08 4.2282E-08 3.8031E-08 3.1821E-08 2.4705E-08 1.7795E-08 1.1869E-08 7.3680E-09 4.2482E-09 2.2393E-09 1.0569E-09 4.1102E-10 1.6345E-10 5.6100E-11 3.5987E-11 1.8728E-11 7.9004E-12 4.1836E-12 2.4395E-12 1.4233E-12 8.4119E-13 4.0224E-13 1.5343E-13 1.7229E-14 0.0000E+00 0.0000E+00 0.0000E+00 0.0000E+00 0.0000E+00 0.0000E+00 0.0000E+00 0.0000E+00 0.0000E+00 0.0000E+00 0.0000E+00 0.0000E+00 0.0000E+00 0.0000E+00 0.0000E+00 0.0000E+00 0.0000E+00 0.0000E+00 0.0000E+00 0.0000E+00
1.4452E-09 2.0938E-09 3.0113E-09 4.3581E-09 6.1245E-09 8.4820E-09 1.1597E-08 1.5601E-08 2.0581E-08 2.6399E-08 3.2646E-08 3.8606E-08 4.3226E-08 4.5486E-08 4.4676E-08 4.0768E-08 3.4398E-08 2.6755E-08 1.9189E-08 1.2676E-08 7.7369E-09 4.3759E-09 2.2467E-09 9.8921E-10 3.6800E-10 1.2884E-10 3.2754E-11 1.7622E-11 7.0890E-12 2.9284E-12 1.7299E-12 1.0357E-12 5.2034E-13 2.3955E-13 8.0487E-14 0.0000E+00 0.0000E+00 0.0000E+00 0.0000E+00 0.0000E+00 0.0000E+00 0.0000E+00 0.0000E+00 0.0000E+00 0.0000E+00 0.0000E+00 0.0000E+00 0.0000E+00 0.0000E+00 0.0000E+00 0.0000E+00 0.0000E+00 0.0000E+00 0.0000E+00 0.0000E+00 0.0000E+00 0.0000E+00
1.0641E-09 1.5890E-09 2.3035E-09 3.3700E-09 4.9170E-09 6.9682E-09 9.7700E-09 1.3511E-08 1.8346E-08 2.4270E-08 3.1000E-08 3.7792E-08 4.3530E-08 4.6991E-08 4.7152E-08 4.3707E-08 3.7246E-08 2.9099E-08 2.0839E-08 1.3650E-08 8.2155E-09 4.5404E-09 2.2400E-09 9.6962E-10 3.2482E-10 1.0482E-10 1.5529E-11 6.0144E-12 1.8945E-12 1.0879E-12 5.9376E-13 3.0736E-13 1.1494E-13 4.8131E-15 0.0000E+00 0.0000E+00 0.0000E+00 0.0000E+00 0.0000E+00 0.0000E+00 0.0000E+00 0.0000E+00 0.0000E+00 0.0000E+00 0.0000E+00 0.0000E+00 0.0000E+00 0.0000E+00 0.0000E+00 0.0000E+00 0.0000E+00 0.0000E+00 0.0000E+00 0.0000E+00 0.0000E+00 0.0000E+00 0.0000E+00
7.6060E-10 1.1660E-09 1.7248E-09 2.5178E-09 3.8148E-09 5.5673E-09 8.0129E-09 1.1413E-08 1.5987E-08 2.1873E-08 2.8923E-08 3.6492E-08 4.3446E-08 4.8301E-08 4.9671E-08 4.6935E-08 4.0497E-08 3.1782E-08 2.2675E-08 1.4718E-08 8.7064E-09 4.7106E-09 2.2619E-09 9.3515E-10 3.0496E-10 9.3700E-11 4.6987E-12 9.8693E-13 5.7275E-13 3.0795E-13 1.1913E-13 2.1010E-14 0.0000E+00 0.0000E+00 0.0000E+00 0.0000E+00 0.0000E+00 0.0000E+00 0.0000E+00 0.0000E+00 0.0000E+00 0.0000E+00 0.0000E+00 0.0000E+00 0.0000E+00 0.0000E+00 0.0000E+00 0.0000E+00 0.0000E+00 0.0000E+00 0.0000E+00 0.0000E+00 0.0000E+00 0.0000E+00 0.0000E+00 0.0000E+00 0.0000E+00
5.1877E-10 8.1703E-10 1.2561E-09 1.8575E-09 2.7983E-09 4.3060E-09 6.3860E-09 9.3636E-09 1.3562E-08 1.9267E-08 2.6466E-08 3.4747E-08 4.2918E-08 4.9348E-08 5.2243E-08 5.0439E-08 4.4153E-08 3.4878E-08 2.4870E-08 1.5999E-08 9.3222E-09 4.9283E-09 2.2812E-09 9.2402E-10 2.9041E-10 8.7469E-11 6.3333E-13 2.4458E-13 9.4217E-14 1.0634E-14 0.0000E+00 0.0000E+00 0.0000E+00 0.0000E+00 0.0000E+00 0.0000E+00 0.0000E+00 0.0000E+00 0.0000E+00 0.0000E+00 0.0000E+00 0.0000E+00 0.0000E+00 0.0000E+00 0.0000E+00 0.0000E+00 0.0000E+00 0.0000E+00 0.0000E+00 0.0000E+00 0.0000E+00 0.0000E+00 0.0000E+00 0.0000E+00 0.0000E+00 0.0000E+00 0.0000E+00
