Assets/Resources/2015_m01_d26_0200(utc+0800)_l00_csi_1hr_conc.grd
DSAA
         159         159
     -79.000      79.000
     -79.000      79.000
  0.0000E+00  0.1767E-04
[rows 75 to 99 of 159, columns 0 to 56 of 159]
0.0000E+00 0.0000E+00 0.0000E+00 0.0000E+00 0.0000E+00 0.0000E+00 0.0000E+00 0.0000E+00 0.0000E+00 0.0000E+00 8.0561E-12 1.6964E-11 3.0358E-11 5.4492E-11 7.6816E-11 1.0131E-10 1.2425E-10 1.4873E-10 1.6728E-10 1.8347E-10 2.0389E-10 2.2628E-10 2.4844E-10 2.7072E-10 2.9682E-10 3.2991E-10 3.6163E-10 3.9631E-10 4.4120E-10 4.8401E-10 5.3927E-10 5.8866E-10 6.4650E-10 7.1058E-10 7.7378E-10 8.4777E-10 9.3793E-10 1.0324E-09 1.1224E-09 1.2197E-09 1.4086E-09 1.5389E-09 1.6803E-09 1.8351E-09 2.0033E-09 2.1865E-09 2.3857E-09 2.6030E-09 2.8392E-09 3.0953E-09 3.3819E-09 3.6902E-09 4.0670E-09 4.4865E-09 4.9039E-09 5.3596E-09 6.4837E-09
0.0000E+00 0.0000E+00 0.0000E+00 0.0000E+00 0.0000E+00 0.0000E+00 0.0000E+00 0.0000E+00 0.0000E+00 0.0000E+00 7.5550E-12 1.5948E-11 2.8076E-11 5.2224E-11 7.1880E-11 9.4611E-11 1.1766E-10 1.3958E-10 1.5734E-10 1.7323E-10 1.9318E-10 2.1480E-10 2.3691E-10 2.5859E-10 2.8517E-10 3.1657E-10 3.4719E-10 3.8147E-10 4.2288E-10 4.6641E-10 5.2017E-10 5.6837E-10 6.2076E-10 6.8406E-10 7.4755E-10 8.2285E-10 9.0325E-10 1.0049E-09 1.0936E-09 1.1900E-09 1.2944E-09 1.4709E-09 1.6299E-09 1.7813E-09 1.9463E-09 2.1262E-09 2.3222E-09 2.5356E-09 2.7678E-09 3.0203E-09 3.2962E-09 3.6034E-09 3.9819E-09 4.3960E-09 4.8106E-09 5.2636E-09 5.7583E-09
0.0000E+00 0.0000E+00 0.0000E+00 0.0000E+00 0.0000E+00 0.0000E+00 0.0000E+00 0.0000E+00 0.0000E+00 0.0000E+00 7.0538E-12 1.4682E-11 2.6027E-11 4.9325E-11 6.7746E-11 8.8295E-11 1.1133E-10 1.3028E-10 1.4747E-10 1.6300E-10 1.8188E-10 2.0296E-10 2.2278E-10 2.4621E-10 2.7268E-10 3.0258E-10 3.3029E-10 3.6587E-10 4.0592E-10 4.4662E-10 5.0012E-10 5.4748E-10 5.9901E-10 6.5145E-10 7.2033E-10 7.9711E-10 8.7602E-10 9.6133E-10 1.0634E-09 1.1590E-09 1.2623E-09 1.3742E-09 1.5382E-09 1.7261E-09 1.8881E-09 2.0645E-09 2.2568E-09 2.4666E-09 2.6946E-09 2.9430E-09 3.2128E-09 3.5176E-09 3.8877E-09 4.2676E-09 4.7082E-09 5.1569E-09 5.6475E-09
0.0000E+00 0.0000E+00 0.0000E+00 0.0000E+00 0.0000E+00 0.0000E+00 0.0000E+00 0.0000E+00 0.0000E+00 0.0000E+00 6.5548E-12 1.3423E-11 2.3812E-11 4.6192E-11 6.4711E-11 8.3070E-11 1.0476E-10 1.2207E-10 1.3744E-10 1.5231E-10 1.7089E-10 1.9111E-10 2.1024E-10 2.3279E-10 2.5881E-10 2.8609E-10 3.1506E-10 3.4725E-10 3.8843E-10 4.2823E-10 4.7578E-10 5.2559E-10 5.7594E-10 6.2749E-10 6.9038E-10 7.5946E-10 8.4739E-10 9.2844E-10 1.0186E-09 1.1259E-09 1.2280E-09 1.3392E-09 1.4593E-09 1.5892E-09 1.8285E-09 2.0012E-09 2.1896E-09 2.3951E-09 2.6192E-09 2.8633E-09 3.1286E-09 3.4283E-09 3.7698E-09 4.1656E-09 4.5986E-09 5.0417E-09 5.5268E-09
0.0000E+00 0.0000E+00 0.0000E+00 0.0000E+00 0.0000E+00 0.0000E+00 0.0000E+00 0.0000E+00 0.0000E+00 0.0000E+00 6.0608E-12 1.2142E-11 2.1883E-11 4.2563E-11 6.0487E-11 7.6788E-11 9.9269E-11 1.1375E-10 1.2901E-10 1.4174E-10 1.5970E-10 1.7901E-10 1.9768E-10 2.1960E-10 2.4467E-10 2.7096E-10 2.9713E-10 3.3110E-10 3.6532E-10 4.0910E-10 4.5152E-10 4.9752E-10 5.4341E-10 6.0315E-10 6.6433E-10 7.3212E-10 8.0152E-10 8.9311E-10 9.8606E-10 1.0768E-09 1.1839E-09 1.3018E-09 1.4212E-09 1.5503E-09 1.6900E-09 1.9157E-09 2.1218E-09 2.3231E-09 2.5428E-09 2.7825E-09 3.0438E-09 3.3356E-09 3.6642E-09 4.0506E-09 4.4862E-09 4.9230E-09 5.4019E-09
0.0000E+00 0.0000E+00 0.0000E+00 0.0000E+00 0.0000E+00 0.0000E+00 0.0000E+00 0.0000E+00 0.0000E+00 0.0000E+00 5.5743E-12 1.0954E-11 2.0256E-11 3.8970E-11 5.5519E-11 7.0522E-11 9.1781E-11 1.0570E-10 1.1998E-10 1.3240E-10 1.4861E-10 1.6698E-10 1.8515E-10 2.0465E-10 2.3016E-10 2.5571E-10 2.8101E-10 3.0845E-10 3.4779E-10 3.8155E-10 4.3056E-10 4.7515E-10 5.2002E-10 5.6847E-10 6.3558E-10 6.9801E-10 7.6895E-10 8.4901E-10 9.5248E-10 1.0418E-09 1.1384E-09 1.2436E-09 1.3813E-09 1.5092E-09 1.6481E-09 1.7990E-09 1.9876E-09 2.2514E-09 2.4668E-09 2.7018E-09 2.9581E-09 3.2379E-09 3.5538E-09 3.9425E-09 4.3719E-09 4.8022E-09 5.2749E-09
0.0000E+00 0.0000E+00 0.0000E+00 0.0000E+00 0.0000E+00 0.0000E+00 0.0000E+00 0.0000E+00 0.0000E+00 0.0000E+00 3.9350E-12 1.0056E-11 1.8398E-11 3.5990E-11 5.0606E-11 6.5492E-11 8.4323E-11 9.7031E-11 1.1093E-10 1.2370E-10 1.3821E-10 1.5560E-10 1.7242E-10 1.9108E-10 2.1272E-10 2.3979E-10 2.6478E-10 2.9128E-10 3.2155E-10 3.6263E-10 4.0108E-10 4.5231E-10 4.9604E-10 5.4335E-10 5.9423E-10 6.6775E-10 7.3858E-10 8.1673E-10 9.0414E-10 1.0013E-09 1.1005E-09 1.2041E-09 1.3163E-09 1.4660E-09 1.6043E-09 1.7539E-09 1.9165E-09 2.0927E-09 2.3684E-09 2.6225E-09 2.8747E-09 3.1499E-09 3.4615E-09 3.8255E-09 4.2351E-09 4.6861E-09 5.1522E-09
0.0000E+00 0.0000E+00 0.0000E+00 0.0000E+00 0.0000E+00 0.0000E+00 0.0000E+00 0.0000E+00 0.0000E+00 0.0000E+00 3.5791E-12 9.1778E-12 1.6581E-11 3.2052E-11 4.4384E-11 5.9430E-11 7.8129E-11 8.8975E-11 1.0057E-10 1.1413E-10 1.2906E-10 1.4439E-10 1.6061E-10 1.7759E-10 1.9861E-10 2.2004E-10 2.4817E-10 2.7398E-10 3.0262E-10 3.3461E-10 3.8038E-10 4.1787E-10 4.6835E-10 5.1763E-10 5.6751E-10 6.2785E-10 7.0716E-10 7.8347E-10 8.6882E-10 9.5256E-10 1.0524E-09 1.1630E-09 1.2739E-09 1.3942E-09 1.5423E-09 1.7071E-09 1.8697E-09 2.0458E-09 2.2373E-09 2.4744E-09 2.7689E-09 3.0676E-09 3.3651E-09 3.7028E-09 4.1190E-09 4.5813E-09 5.0447E-09
0.0000E+00 0.0000E+00 0.0000E+00 0.0000E+00 0.0000E+00 0.0000E+00 0.0000E+00 0.0000E+00 0.0000E+00 0.0000E+00 0.0000E+00 7.2560E-12 1.2987E-11 2.6792E-11 3.9870E-11 5.3768E-11 7.0924E-11 8.2212E-11 9.2004E-11 1.0324E-10 1.1877E-10 1.3444E-10 1.4871E-10 1.6527E-10 1.8402E-10 2.0476E-10 2.2709E-10 2.5631E-10 2.8326E-10 3.1414E-10 3.4827E-10 3.9278E-10 4.3505E-10 4.7770E-10 5.3991E-10 5.9775E-10 6.6179E-10 7.4135E-10 8.2343E-10 9.1461E-10 1.0037E-09 1.1005E-09 1.2295E-09 1.3485E-09 1.4777E-09 1.6298E-09 1.8218E-09 1.9984E-09 2.1913E-09 2.4010E-09 2.6296E-09 2.9433E-09 3.2914E-09 3.6170E-09 4.0360E-09 4.4946E-09 4.9650E-09
0.0000E+00 0.0000E+00 0.0000E+00 0.0000E+00 0.0000E+00 0.0000E+00 0.0000E+00 0.0000E+00 0.0000E+00 0.0000E+00 0.0000E+00 0.0000E+00 8.9349E-12 1.9026E-11 3.2860E-11 4.8123E-11 6.3865E-11 7.4454E-11 8.3558E-11 9.4209E-11 1.0553E-10 1.2337E-10 1.3778E-10 1.5295E-10 1.6986E-10 1.8987E-10 2.1087E-10 2.3415E-10 2.6477E-10 2.9350E-10 3.2606E-10 3.6251E-10 3.9921E-10 4.5263E-10 4.9745E-10 5.6299E-10 6.2524E-10 6.9433E-10 7.7560E-10 8.7549E-10 9.6272E-10 1.0577E-09 1.1608E-09 1.2945E-09 1.4288E-09 1.5681E-09 1.7193E-09 1.9378E-09 2.1489E-09 2.3631E-09 2.5981E-09 2.8553E-09 3.1702E-09 3.5520E-09 3.9599E-09 4.4311E-09 4.9594E-09
0.0000E+00 0.0000E+00 0.0000E+00 0.0000E+00 0.0000E+00 0.0000E+00 0.0000E+00 0.0000E+00 0.0000E+00 0.0000E+00 0.0000E+00 0.0000E+00 0.0000E+00 1.2333E-11 2.4892E-11 3.9955E-11 5.2758E-11 6.6872E-11 7.6552E-11 8.5321E-11 9.6319E-11 1.0740E-10 1.2639E-10 1.4068E-10 1.5709E-10 1.7548E-10 1.9565E-10 2.1722E-10 2.4114E-10 2.6906E-10 3.0379E-10 3.3877E-10 3.7619E-10 4.1465E-10 4.7027E-10 5.1735E-10 5.9317E-10 6.6034E-10 7.3545E-10 8.1941E-10 9.2092E-10 1.0137E-09 1.1149E-09 1.2253E-09 1.3542E-09 1.5163E-09 1.6669E-09 1.8308E-09 2.0423E-09 2.3534E-09 2.6065E-09 2.8897E-09 3.2068E-09 3.5641E-09 4.0043E-09 4.5810E-09 5.2558E-09
0.0000E+00 0.0000E+00 0.0000E+00 0.0000E+00 0.0000E+00 0.0000E+00 0.0000E+00 0.0000E+00 0.0000E+00 0.0000E+00 0.0000E+00 0.0000E+00 0.0000E+00 0.0000E+00 1.7417E-11 2.7296E-11 4.0156E-11 5.3462E-11 6.8544E-11 7.7908E-11 8.6970E-11 9.8308E-11 1.0946E-10 1.2925E-10 1.4375E-10 1.6251E-10 1.8035E-10 2.0130E-10 2.2315E-10 2.4834E-10 2.7650E-10 3.1466E-10 3.5189E-10 3.9032E-10 4.3023E-10 4.8848E-10 5.4117E-10 6.1268E-10 6.9369E-10 7.7305E-10 8.5949E-10 9.5802E-10 1.0676E-09 1.1758E-09 1.2939E-09 1.4226E-09 1.6020E-09 1.7774E-09 1.9569E-09 2.1526E-09 2.6125E-09 3.1452E-09 3.5164E-09 3.9310E-09 4.3940E-09 4.9102E-09 5.6244E-09
0.0000E+00 0.0000E+00 0.0000E+00 0.0000E+00 0.0000E+00 0.0000E+00 0.0000E+00 0.0000E+00 0.0000E+00 0.0000E+00 0.0000E+00 0.0000E+00 0.0000E+00 0.0000E+00 0.0000E+00 1.8774E-11 2.9401E-11 3.6423E-11 5.4175E-11 6.9521E-11 7.8495E-11 8.8481E-11 1.0015E-10 1.1169E-10 1.2734E-10 1.4837E-10 1.6617E-10 1.8505E-10 2.0610E-10 2.2920E-10 2.5506E-10 2.8595E-10 3.2582E-10 3.6394E-10 4.0382E-10 4.4556E-10 4.9889E-10 5.6559E-10 6.3067E-10 7.2950E-10 8.1681E-10 9.0136E-10 1.0004E-09 1.1250E-09 1.2409E-09 1.3674E-09 1.5061E-09 1.6953E-09 1.9099E-09 2.1100E-09 2.3306E-09 2.6944E-09 3.2426E-09 3.7536E-09 4.2094E-09 4.7215E-09 5.3254E-09
0.0000E+00 0.0000E+00 0.0000E+00 0.0000E+00 0.0000E+00 0.0000E+00 0.0000E+00 0.0000E+00 0.0000E+00 0.0000E+00 0.0000E+00 0.0000E+00 0.0000E+00 0.0000E+00 0.0000E+00 0.0000E+00 1.3358E-12 2.7167E-11 3.6806E-11 5.4774E-11 6.9777E-11 7.8915E-11 8.9829E-11 1.0116E-10 1.1372E-10 1.2894E-10 1.5155E-10 1.6960E-10 1.8951E-10 2.1063E-10 2.3532E-10 2.6280E-10 2.9448E-10 3.3446E-10 3.7657E-10 4.1745E-10 4.6079E-10 5.1743E-10 5.9308E-10 6.6345E-10 7.6495E-10 8.5523E-10 9.4529E-10 1.0435E-09 1.1790E-09 1.3117E-09 1.4483E-09 1.5979E-09 1.7611E-09 2.0702E-09 2.3494E-09 2.6257E-09 2.9401E-09 3.5636E-09 4.1744E-09 4.9052E-09 5.6397E-09
0.0000E+00 0.0000E+00 0.0000E+00 0.0000E+00 0.0000E+00 0.0000E+00 0.0000E+00 0.0000E+00 0.0000E+00 0.0000E+00 0.0000E+00 0.0000E+00 0.0000E+00 0.0000E+00 0.0000E+00 0.0000E+00 0.0000E+00 1.7980E-12 2.4796E-11 3.6781E-11 5.4142E-11 6.8665E-11 7.9812E-11 9.0987E-11 1.0194E-10 1.1690E-10 1.3101E-10 1.5446E-10 1.7240E-10 1.9369E-10 2.1559E-10 2.4111E-10 2.7026E-10 3.0376E-10 3.4321E-10 3.8805E-10 4.3065E-10 4.7662E-10 5.3296E-10 6.1298E-10 6.9264E-10 7.9270E-10 8.9559E-10 9.9138E-10 1.0960E-09 1.2230E-09 1.3911E-09 1.5398E-09 1.7032E-09 1.8824E-09 2.1986E-09 2.6890E-09 3.1346E-09 3.5176E-09 4.0734E-09 4.7185E-09 5.4628E-09
0.0000E+00 0.0000E+00 0.0000E+00 0.0000E+00 0.0000E+00 0.0000E+00 0.0000E+00 0.0000E+00 0.0000E+00 0.0000E+00 0.0000E+00 0.0000E+00 0.0000E+00 0.0000E+00 0.0000E+00 0.0000E+00 0.0000E+00 0.0000E+00 1.8112E-12 2.4410E-11 3.5991E-11 5.0445E-11 6.6282E-11 8.0510E-11 9.1926E-11 1.0449E-10 1.1863E-10 1.3281E-10 1.5538E-10 1.7559E-10 1.9716E-10 2.2017E-10 2.4712E-10 2.7796E-10 3.1236E-10 3.5060E-10 3.9956E-10 4.4348E-10 4.9555E-10 5.5583E-10 6.3630E-10 7.2861E-10 8.0706E-10 9.2770E-10 1.0402E-09 1.1521E-09 1.2746E-09 1.4519E-09 1.6535E-09 1.8373E-09 2.0408E-09 2.2663E-09 2.7733E-09 3.2362E-09 3.7730E-09 4.2519E-09 4.9331E-09
0.0000E+00 0.0000E+00 0.0000E+00 0.0000E+00 0.0000E+00 0.0000E+00 0.0000E+00 0.0000E+00 0.0000E+00 0.0000E+00 0.0000E+00 0.0000E+00 0.0000E+00 0.0000E+00 0.0000E+00 0.0000E+00 0.0000E+00 0.0000E+00 0.0000E+00 0.0000E+00 2.2930E-11 3.5015E-11 4.4967E-11 6.2930E-11 8.0983E-11 9.3205E-11 1.0561E-10 1.1936E-10 1.3465E-10 1.5339E-10 1.7840E-10 1.9985E-10 2.2466E-10 2.5232E-10 2.8460E-10 3.2039E-10 3.6061E-10 4.0772E-10 4.5669E-10 5.1335E-10 5.7673E-10 6.5542E-10 7.5000E-10 8.3931E-10 9.5871E-10 1.0940E-09 1.2148E-09 1.3471E-09 1.5368E-09 1.8088E-09 2.0863E-09 2.3587E-09 2.6759E-09 3.1755E-09 3.7869E-09 4.5406E-09 5.4799E-09
0.0000E+00 0.0000E+00 0.0000E+00 0.0000E+00 0.0000E+00 0.0000E+00 0.0000E+00 0.0000E+00 0.0000E+00 0.0000E+00 0.0000E+00 0.0000E+00 0.0000E+00 0.0000E+00 0.0000E+00 0.0000E+00 0.0000E+00 0.0000E+00 0.0000E+00 0.0000E+00 0.0000E+00 1.4030E-11 3.1106E-11 4.2259E-11 6.3037E-11 8.0707E-11 9.3060E-11 1.0644E-10 1.2013E-10 1.3614E-10 1.5307E-10 1.8078E-10 2.0243E-10 2.2885E-10 2.5813E-10 2.9166E-10 3.2847E-10 3.6856E-10 4.1227E-10 4.7218E-10 5.3187E-10 5.9930E-10 6.7573E-10 7.6870E-10 8.7220E-10 9.6632E-10 1.1391E-09 1.2910E-09 1.4375E-09 1.5996E-09 2.0100E-09 2.3742E-09 2.7979E-09 3.1601E-09 3.5676E-09 4.1633E-09 4.8522E-09
0.0000E+00 0.0000E+00 0.0000E+00 0.0000E+00 0.0000E+00 0.0000E+00 0.0000E+00 0.0000E+00 0.0000E+00 0.0000E+00 0.0000E+00 0.0000E+00 0.0000E+00 0.0000E+00 0.0000E+00 0.0000E+00 0.0000E+00 0.0000E+00 0.0000E+00 0.0000E+00 0.0000E+00 0.0000E+00 2.9128E-12 2.8092E-11 4.1821E-11 6.0125E-11 7.8841E-11 9.3343E-11 1.0657E-10 1.2052E-10 1.3684E-10 1.5415E-10 1.7837E-10 2.0520E-10 2.3250E-10 2.6337E-10 2.9789E-10 3.3572E-10 3.7669E-10 4.2169E-10 4.8326E-10 5.5002E-10 6.2078E-10 6.9703E-10 7.8427E-10 8.9483E-10 1.0061E-09 1.1550E-09 1.3720E-09 1.5835E-09 1.7806E-09 2.1162E-09 2.5147E-09 2.9849E-09 3.5369E-09 4.0491E-09 4.6428E-09
0.0000E+00 0.0000E+00 0.0000E+00 0.0000E+00 0.0000E+00 0.0000E+00 0.0000E+00 0.0000E+00 0.0000E+00 0.0000E+00 0.0000E+00 0.0000E+00 0.0000E+00 0.0000E+00 0.0000E+00 0.0000E+00 0.0000E+00 0.0000E+00 0.0000E+00 0.0000E+00 0.0000E+00 0.0000E+00 0.0000E+00 2.0384E-12 2.2708E-11 4.0273E-11 5.3708E-11 7.4786E-11 9.3300E-11 1.0632E-10 1.2088E-10 1.3707E-10 1.5510E-10 1.7725E-10 2.0764E-10 2.3587E-10 2.6755E-10 3.0281E-10 3.4235E-10 3.8444E-10 4.3194E-10 4.9351E-10 5.6754E-10 6.4266E-10 7.1630E-10 7.9417E-10 9.1457E-10 1.0506E-09 1.1673E-09 1.6158E-09 2.0427E-09 2.3963E-09 1.8144E-09 2.0642E-09 2.4214E-09 2.9596E-09 3.3197E-09
0.0000E+00 0.0000E+00 0.0000E+00 0.0000E+00 0.0000E+00 0.0000E+00 0.0000E+00 0.0000E+00 0.0000E+00 0.0000E+00 0.0000E+00 0.0000E+00 0.0000E+00 0.0000E+00 0.0000E+00 0.0000E+00 0.0000E+00 0.0000E+00 0.0000E+00 0.0000E+00 0.0000E+00 0.0000E+00 0.0000E+00 0.0000E+00 1.0352E-12 1.6653E-11 3.6577E-11 5.0232E-11 6.9763E-11 9.2202E-11 1.0527E-10 1.2079E-10 1.3680E-10 1.5548E-10 1.7528E-10 2.0693E-10 2.3789E-10 2.7161E-10 3.0797E-10 3.4715E-10 3.9096E-10 4.4202E-10 5.0150E-10 5.8007E-10 6.6029E-10 7.3437E-10 8.1522E-10 9.2880E-10 1.0597E-09 1.2386E-09 1.3818E-09 1.5404E-09 1.7162E-09 1.9110E-09 2.1270E-09 2.5014E-09 3.2025E-09
0.0000E+00 0.0000E+00 0.0000E+00 0.0000E+00 0.0000E+00 0.0000E+00 0.0000E+00 0.0000E+00 0.0000E+00 0.0000E+00 0.0000E+00 0.0000E+00 0.0000E+00 0.0000E+00 0.0000E+00 0.0000E+00 0.0000E+00 0.0000E+00 0.0000E+00 0.0000E+00 0.0000E+00 0.0000E+00 0.0000E+00 0.0000E+00 0.0000E+00 0.0000E+00 9.8483E-12 3.4055E-11 4.7884E-11 6.5155E-11 8.6571E-11 1.0458E-10 1.1980E-10 1.3597E-10 1.5442E-10 1.7564E-10 2.0307E-10 2.4035E-10 2.7462E-10 3.1165E-10 3.5245E-10 3.9756E-10 4.5099E-10 5.1289E-10 5.8411E-10 6.6870E-10 7.5126E-10 8.3485E-10 9.2551E-10 1.0868E-09 1.3479E-09 1.5993E-09 1.8283E-09 2.0998E-09 2.4273E-09 2.8274E-09 3.4386E-09
0.0000E+00 0.0000E+00 0.0000E+00 0.0000E+00 0.0000E+00 0.0000E+00 0.0000E+00 0.0000E+00 0.0000E+00 0.0000E+00 0.0000E+00 0.0000E+00 0.0000E+00 0.0000E+00 0.0000E+00 0.0000E+00 0.0000E+00 0.0000E+00 0.0000E+00 0.0000E+00 0.0000E+00 0.0000E+00 0.0000E+00 0.0000E+00 0.0000E+00 0.0000E+00 0.0000E+00 4.6177E-12 2.6504E-11 4.4261E-11 6.0279E-11 8.2382E-11 1.0266E-10 1.1786E-10 1.3493E-10 1.5307E-10 1.7547E-10 1.9997E-10 2.3917E-10 2.7575E-10 3.1404E-10 3.5617E-10 4.0234E-10 4.5822E-10 5.2121E-10 5.9502E-10 6.7374E-10 7.6757E-10 8.5408E-10 9.4806E-10 1.0508E-09 1.1622E-09 1.2829E-09 1.4134E-09 1.5541E-09 1.7053E-09 1.8679E-09
0.0000E+00 0.0000E+00 0.0000E+00 0.0000E+00 0.0000E+00 0.0000E+00 0.0000E+00 0.0000E+00 0.0000E+00 0.0000E+00 0.0000E+00 0.0000E+00 0.0000E+00 0.0000E+00 0.0000E+00 0.0000E+00 0.0000E+00 0.0000E+00 0.0000E+00 0.0000E+00 0.0000E+00 0.0000E+00 0.0000E+00 0.0000E+00 0.0000E+00 0.0000E+00 0.0000E+00 1.3341E-12 2.6802E-12 1.4217E-11 3.8459E-11 5.3024E-11 7.2904E-11 9.8258E-11 1.1576E-10 1.3282E-10 1.5131E-10 1.7371E-10 1.9965E-10 2.3333E-10 2.7473E-10 3.1734E-10 3.5881E-10 4.0559E-10 4.5798E-10 5.2829E-10 6.0341E-10 6.7300E-10 7.6159E-10 8.7386E-10 9.7178E-10 1.0791E-09 1.1956E-09 1.3228E-09 1.4603E-09 1.6095E-09 1.7700E-09
0.0000E+00 0.0000E+00 0.0000E+00 0.0000E+00 0.0000E+00 0.0000E+00 0.0000E+00 0.0000E+00 0.0000E+00 0.0000E+00 0.0000E+00 0.0000E+00 0.0000E+00 0.0000E+00 0.0000E+00 0.0000E+00 0.0000E+00 0.0000E+00 0.0000E+00 0.0000E+00 0.0000E+00 0.0000E+00 0.0000E+00 0.0000E+00 0.0000E+00 0.0000E+00 0.0000E+00 1.0627E-12 1.4676E-12 2.2602E-12 6.5251E-12 2.9387E-11 4.9152E-11 6.6301E-11 8.8894E-11 1.1269E-10 1.3002E-10 1.4922E-10 1.7177E-10 1.9813E-10 2.3007E-10 2.7192E-10 3.1809E-10 3.5892E-10 4.0641E-10 4.5966E-10 5.3318E-10 6.0821E-10 6.7870E-10 7.5521E-10 8.8264E-10 1.0051E-09 1.1206E-09 1.2473E-09 1.3869E-09 1.5396E-09 1.7071E-09
