Assets/Resources/2015_m01_d13_1500(utc+0800)_l00_csi_1hr_conc.grd
DSAA
         159         159
     -79.000      79.000
     -79.000      79.000
  0.0000E+00  0.4260E-05
[rows 75 to 99 of 159, columns 0 to 56 of 159]
5.6972E-09 5.9831E-09 6.2837E-09 6.5946E-09 6.9221E-09 7.2668E-09 7.6239E-09 7.9987E-09 8.3940E-09 8.8033E-09 9.2361E-09 9.6846E-09 1.0154E-08 1.0633E-08 1.1142E-08 1.1657E-08 1.2196E-08 1.2747E-08 1.3318E-08 1.3896E-08 1.4491E-08 1.5086E-08 1.5699E-08 1.6315E-08 1.6923E-08 1.7525E-08 1.8120E-08 1.8701E-08 1.9264E-08 1.9801E-08 2.0320E-08 2.0813E-08 2.1272E-08 2.1705E-08 2.2108E-08 2.2470E-08 2.2796E-08 2.3081E-08 2.3331E-08 2.3539E-08 2.3735E-08 2.3903E-08 2.4051E-08 2.4177E-08 2.4288E-08 2.4377E-08 2.4467E-08 2.4520E-08 2.4546E-08 2.4527E-08 2.4435E-08 2.4247E-08 2.3940E-08 2.3497E-08 2.2893E-08 2.2124E-08 2.1178E-08
5.6030E-09 5.8825E-09 6.1729E-09 6.4752E-09 6.7931E-09 7.1254E-09 7.4710E-09 7.8313E-09 8.2104E-09 8.6046E-09 9.0179E-09 9.4464E-09 9.8942E-09 1.0351E-08 1.0833E-08 1.1321E-08 1.1832E-08 1.2348E-08 1.2887E-08 1.3430E-08 1.3986E-08 1.4541E-08 1.5113E-08 1.5684E-08 1.6243E-08 1.6799E-08 1.7341E-08 1.7867E-08 1.8377E-08 1.8863E-08 1.9317E-08 1.9739E-08 2.0141E-08 2.0506E-08 2.0839E-08 2.1123E-08 2.1367E-08 2.1567E-08 2.1725E-08 2.1837E-08 2.1929E-08 2.1992E-08 2.2016E-08 2.2071E-08 2.2005E-08 2.1963E-08 2.1916E-08 2.1838E-08 2.1726E-08 2.1569E-08 2.1362E-08 2.1080E-08 2.0711E-08 2.0215E-08 1.9593E-08 1.8813E-08 1.7902E-08
5.4984E-09 5.7679E-09 6.0492E-09 6.3429E-09 6.6480E-09 6.9685E-09 7.3022E-09 7.6459E-09 8.0099E-09 8.3867E-09 8.7790E-09 9.1881E-09 9.6130E-09 1.0044E-08 1.0500E-08 1.0961E-08 1.1439E-08 1.1924E-08 1.2427E-08 1.2931E-08 1.3450E-08 1.3966E-08 1.4491E-08 1.5017E-08 1.5532E-08 1.6037E-08 1.6526E-08 1.6997E-08 1.7454E-08 1.7879E-08 1.8277E-08 1.8643E-08 1.8978E-08 1.9271E-08 1.9537E-08 1.9757E-08 1.9924E-08 2.0042E-08 2.0119E-08 2.0145E-08 2.0147E-08 2.0112E-08 2.0036E-08 1.9937E-08 2.0070E-08 1.9645E-08 1.9485E-08 1.9292E-08 1.9068E-08 1.8808E-08 1.8496E-08 1.8136E-08 1.7696E-08 1.7158E-08 1.6519E-08 1.5777E-08 1.4918E-08
5.3812E-09 5.6415E-09 5.9149E-09 6.1969E-09 6.4896E-09 6.7985E-09 7.1170E-09 7.4458E-09 7.7936E-09 8.1504E-09 8.5232E-09 8.9100E-09 9.3117E-09 9.7180E-09 1.0146E-08 1.0577E-08 1.1024E-08 1.1477E-08 1.1942E-08 1.2410E-08 1.2889E-08 1.3362E-08 1.3844E-08 1.4324E-08 1.4790E-08 1.5245E-08 1.5687E-08 1.6105E-08 1.6499E-08 1.6871E-08 1.7213E-08 1.7521E-08 1.7796E-08 1.8030E-08 1.8232E-08 1.8379E-08 1.8480E-08 1.8531E-08 1.8538E-08 1.8490E-08 1.8411E-08 1.8293E-08 1.8138E-08 1.7948E-08 1.7729E-08 1.7482E-08 1.7208E-08 1.6914E-08 1.6601E-08 1.6257E-08 1.5872E-08 1.5441E-08 1.4966E-08 1.4417E-08 1.3783E-08 1.3063E-08 1.2263E-08
5.2529E-09 5.5066E-09 5.7677E-09 6.0381E-09 6.3201E-09 6.6153E-09 6.9178E-09 7.2326E-09 7.5611E-09 7.8994E-09 8.2533E-09 8.6157E-09 8.9934E-09 9.3741E-09 9.7741E-09 1.0176E-08 1.0591E-08 1.1010E-08 1.1439E-08 1.1868E-08 1.2308E-08 1.2741E-08 1.3178E-08 1.3611E-08 1.4028E-08 1.4435E-08 1.4827E-08 1.5195E-08 1.5537E-08 1.5853E-08 1.6140E-08 1.6391E-08 1.6607E-08 1.6790E-08 1.6926E-08 1.7022E-08 1.7064E-08 1.7047E-08 1.6989E-08 1.6886E-08 1.6743E-08 1.6563E-08 1.6338E-08 1.6078E-08 1.5789E-08 1.5466E-08 1.5124E-08 1.4761E-08 1.4367E-08 1.3950E-08 1.3501E-08 1.3032E-08 1.2528E-08 1.1983E-08 1.1385E-08 1.0724E-08 1.0001E-08
5.1190E-09 5.3599E-09 5.6087E-09 5.8702E-09 6.1391E-09 6.4186E-09 6.7073E-09 7.0072E-09 7.3157E-09 7.6347E-09 7.9686E-09 8.3076E-09 8.6620E-09 9.0167E-09 9.3873E-09 9.7595E-09 1.0143E-08 1.0528E-08 1.0922E-08 1.1314E-08 1.1711E-08 1.2105E-08 1.2499E-08 1.2887E-08 1.3259E-08 1.3614E-08 1.3956E-08 1.4276E-08 1.4571E-08 1.4835E-08 1.5069E-08 1.5268E-08 1.5436E-08 1.5560E-08 1.5643E-08 1.5687E-08 1.5673E-08 1.5616E-08 1.5506E-08 1.5348E-08 1.5154E-08 1.4923E-08 1.4649E-08 1.4342E-08 1.4001E-08 1.3629E-08 1.3235E-08 1.2818E-08 1.2461E-08 1.1921E-08 1.1438E-08 1.0936E-08 1.0408E-08 9.8700E-09 9.3160E-09 8.7316E-09 8.1018E-09
4.9719E-09 5.2028E-09 5.4444E-09 5.6921E-09 5.9456E-09 6.2132E-09 6.4873E-09 6.7683E-09 7.0598E-09 7.3609E-09 7.6711E-09 7.9869E-09 8.3186E-09 8.6467E-09 8.9902E-09 9.3328E-09 9.6839E-09 1.0036E-08 1.0395E-08 1.0750E-08 1.1109E-08 1.1460E-08 1.1812E-08 1.2156E-08 1.2484E-08 1.2795E-08 1.3087E-08 1.3359E-08 1.3606E-08 1.3825E-08 1.4014E-08 1.4168E-08 1.4283E-08 1.4360E-08 1.4400E-08 1.4387E-08 1.4326E-08 1.4221E-08 1.4073E-08 1.3877E-08 1.3656E-08 1.3391E-08 1.3081E-08 1.2741E-08 1.2366E-08 1.1968E-08 1.1541E-08 1.1094E-08 1.0631E-08 1.0196E-08 9.6556E-09 9.1480E-09 8.6326E-09 8.1060E-09 7.5835E-09 7.0499E-09 6.5173E-09
4.8204E-09 5.0423E-09 5.2680E-09 5.5020E-09 5.7471E-09 5.9997E-09 6.2549E-09 6.5210E-09 6.7969E-09 7.0757E-09 7.3643E-09 7.6607E-09 7.9652E-09 8.2689E-09 8.5829E-09 8.8970E-09 9.2181E-09 9.5377E-09 9.8615E-09 1.0181E-08 1.0502E-08 1.0815E-08 1.1125E-08 1.1426E-08 1.1710E-08 1.1979E-08 1.2228E-08 1.2454E-08 1.2657E-08 1.2833E-08 1.2977E-08 1.3091E-08 1.3169E-08 1.3206E-08 1.3200E-08 1.3145E-08 1.3049E-08 1.2905E-08 1.2721E-08 1.2493E-08 1.2230E-08 1.1941E-08 1.1611E-08 1.1258E-08 1.0875E-08 1.0453E-08 1.0017E-08 9.5583E-09 9.0869E-09 8.6024E-09 8.1104E-09 7.6137E-09 7.1208E-09 6.6303E-09 6.1492E-09 5.6756E-09 5.2043E-09
4.6636E-09 4.8684E-09 5.0861E-09 5.3110E-09 5.5388E-09 5.7734E-09 6.0177E-09 6.2682E-09 6.5231E-09 6.7822E-09 7.0535E-09 7.3254E-09 7.6046E-09 7.8864E-09 8.1728E-09 8.4565E-09 8.7469E-09 9.0354E-09 9.3268E-09 9.6125E-09 9.8976E-09 1.0172E-08 1.0443E-08 1.0702E-08 1.0945E-08 1.1174E-08 1.1382E-08 1.1568E-08 1.1729E-08 1.1864E-08 1.1971E-08 1.2050E-08 1.2091E-08 1.2095E-08 1.2059E-08 1.1978E-08 1.1853E-08 1.1683E-08 1.1465E-08 1.1217E-08 1.0934E-08 1.0616E-08 1.0269E-08 9.9061E-09 9.5084E-09 9.0947E-09 8.6725E-09 8.2256E-09 7.7593E-09 7.2888E-09 6.8078E-09 6.3352E-09 5.8706E-09 5.4160E-09 4.9779E-09 4.5572E-09 4.1505E-09
4.4983E-09 4.6957E-09 4.8973E-09 5.1066E-09 5.3235E-09 5.5484E-09 5.7743E-09 6.0038E-09 6.2440E-09 6.4877E-09 6.7349E-09 6.9845E-09 7.2414E-09 7.4989E-09 7.7601E-09 8.0171E-09 8.2766E-09 8.5341E-09 8.7930E-09 9.0460E-09 9.2973E-09 9.5376E-09 9.7714E-09 9.9932E-09 1.0196E-08 1.0383E-08 1.0555E-08 1.0707E-08 1.0831E-08 1.0931E-08 1.1001E-08 1.1043E-08 1.1057E-08 1.1035E-08 1.0973E-08 1.0868E-08 1.0725E-08 1.0542E-08 1.0318E-08 1.0053E-08 9.7481E-09 9.4145E-09 9.0698E-09 8.7042E-09 8.2899E-09 7.8804E-09 7.4636E-09 7.0129E-09 6.5948E-09 6.1581E-09 5.7089E-09 5.2615E-09 4.8325E-09 4.4646E-09 4.0284E-09 3.6595E-09 3.3045E-09
4.3310E-09 4.5155E-09 4.7046E-09 4.9015E-09 5.1041E-09 5.3123E-09 5.5230E-09 5.7410E-09 5.9631E-09 6.1843E-09 6.4118E-09 6.6444E-09 6.8778E-09 7.1076E-09 7.3468E-09 7.5778E-09 7.8101E-09 8.0380E-09 8.2663E-09 8.4876E-09 8.7050E-09 8.9120E-09 9.1118E-09 9.2998E-09 9.4689E-09 9.6212E-09 9.7557E-09 9.8711E-09 9.9642E-09 1.0035E-08 1.0077E-08 1.0090E-08 1.0074E-08 1.0022E-08 9.9431E-09 9.8268E-09 9.6707E-09 9.4777E-09 9.2474E-09 8.9855E-09 8.6871E-09 8.3580E-09 8.0018E-09 7.6214E-09 7.2271E-09 6.8286E-09 6.4238E-09 6.0037E-09 5.5827E-09 5.1680E-09 4.7559E-09 4.3639E-09 3.9847E-09 3.6144E-09 3.2679E-09 2.9413E-09 2.6337E-09
4.1578E-09 4.3325E-09 4.5112E-09 4.6925E-09 4.8811E-09 5.0755E-09 5.2714E-09 5.4708E-09 5.6730E-09 5.8824E-09 6.0916E-09 6.2999E-09 6.5116E-09 6.7217E-09 6.9359E-09 7.1409E-09 7.3483E-09 7.5492E-09 7.7479E-09 7.9387E-09 8.1266E-09 8.3021E-09 8.4691E-09 8.6246E-09 8.7641E-09 8.8865E-09 8.9905E-09 9.0754E-09 9.1362E-09 9.1760E-09 9.1954E-09 9.1847E-09 9.1500E-09 9.0807E-09 8.9803E-09 8.8474E-09 8.6786E-09 8.4871E-09 8.2635E-09 8.0093E-09 7.7217E-09 7.4054E-09 7.0647E-09 6.7056E-09 6.3313E-09 5.9435E-09 5.5484E-09 5.1494E-09 4.7602E-09 4.3755E-09 3.9960E-09 3.6306E-09 3.2890E-09 2.9588E-09 2.6721E-09 2.3892E-09 2.1215E-09
3.9844E-09 4.1464E-09 4.3130E-09 4.4831E-09 4.6562E-09 4.8370E-09 5.0181E-09 5.2011E-09 5.3872E-09 5.5756E-09 5.7659E-09 5.9583E-09 6.1509E-09 6.3381E-09 6.5265E-09 6.7131E-09 6.8929E-09 7.0683E-09 7.2403E-09 7.4057E-09 7.5626E-09 7.7099E-09 7.8481E-09 7.9748E-09 8.0847E-09 8.1810E-09 8.2576E-09 8.3169E-09 8.3548E-09 8.3700E-09 8.3619E-09 8.3288E-09 8.2770E-09 8.1967E-09 8.0864E-09 7.9486E-09 7.7791E-09 7.5795E-09 7.3518E-09 7.0984E-09 6.8299E-09 6.5403E-09 6.2217E-09 5.8904E-09 5.5444E-09 5.1873E-09 4.8253E-09 4.4598E-09 4.0926E-09 3.7339E-09 3.3885E-09 3.0670E-09 2.7515E-09 2.4665E-09 2.1972E-09 1.9482E-09 1.7236E-09
3.8074E-09 3.9594E-09 4.1140E-09 4.2722E-09 4.4320E-09 4.5954E-09 4.7638E-09 4.9328E-09 5.1024E-09 5.2726E-09 5.4449E-09 5.6168E-09 5.7892E-09 5.9592E-09 6.1279E-09 6.2915E-09 6.4503E-09 6.6007E-09 6.7476E-09 6.8867E-09 7.0180E-09 7.1377E-09 7.2498E-09 7.3503E-09 7.4353E-09 7.5071E-09 7.5617E-09 7.5978E-09 7.6148E-09 7.6122E-09 7.5868E-09 7.5377E-09 7.4660E-09 7.3689E-09 7.2492E-09 7.1114E-09 6.9453E-09 6.7559E-09 6.5378E-09 6.2938E-09 6.0295E-09 5.7467E-09 5.4591E-09 5.1615E-09 4.8481E-09 4.5246E-09 4.1987E-09 3.8705E-09 3.5434E-09 3.2228E-09 2.9118E-09 2.6115E-09 2.3313E-09 2.0729E-09 1.8360E-09 1.6182E-09 1.4194E-09
3.6293E-09 3.7706E-09 3.9149E-09 4.0596E-09 4.2086E-09 4.3591E-09 4.5089E-09 4.6640E-09 4.8187E-09 4.9741E-09 5.1290E-09 5.2825E-09 5.4353E-09 5.5853E-09 5.7339E-09 5.8771E-09 6.0178E-09 6.1481E-09 6.2708E-09 6.3861E-09 6.4945E-09 6.5924E-09 6.6796E-09 6.7545E-09 6.8167E-09 6.8671E-09 6.9022E-09 6.9190E-09 6.9205E-09 6.9010E-09 6.8629E-09 6.8024E-09 6.7213E-09 6.6180E-09 6.4919E-09 6.3441E-09 6.1735E-09 5.9892E-09 5.7915E-09 5.5685E-09 5.3225E-09 5.0639E-09 4.7907E-09 4.5086E-09 4.2231E-09 3.9386E-09 3.6483E-09 3.3570E-09 3.0693E-09 2.7886E-09 2.5180E-09 2.2589E-09 2.0123E-09 1.7861E-09 1.5751E-09 1.3881E-09 1.2140E-09
3.4505E-09 3.5815E-09 3.7151E-09 3.8494E-09 3.9848E-09 4.1228E-09 4.2600E-09 4.3983E-09 4.5334E-09 4.6778E-09 4.8170E-09 4.9553E-09 5.0896E-09 5.2214E-09 5.3519E-09 5.4744E-09 5.5934E-09 5.7089E-09 5.8123E-09 5.9081E-09 5.9928E-09 6.0692E-09 6.1365E-09 6.1924E-09 6.2354E-09 6.2642E-09 6.2780E-09 6.2806E-09 6.2689E-09 6.2371E-09 6.1877E-09 6.1214E-09 6.0343E-09 5.9272E-09 5.8014E-09 5.6560E-09 5.4929E-09 5.3112E-09 5.1125E-09 4.8980E-09 4.6808E-09 4.4488E-09 4.2039E-09 3.9483E-09 3.6884E-09 3.4271E-09 3.1634E-09 2.9060E-09 2.6527E-09 2.4084E-09 2.1729E-09 1.9491E-09 1.7408E-09 1.5473E-09 1.3700E-09 1.2045E-09 1.0455E-09
3.2731E-09 3.3936E-09 3.5157E-09 3.6400E-09 3.7636E-09 3.8879E-09 4.0128E-09 4.1387E-09 4.2623E-09 4.3837E-09 4.5067E-09 4.6287E-09 4.7538E-09 4.8674E-09 4.9787E-09 5.0864E-09 5.1849E-09 5.2792E-09 5.3695E-09 5.4469E-09 5.5151E-09 5.5717E-09 5.6187E-09 5.6549E-09 5.6814E-09 5.6962E-09 5.6976E-09 5.6835E-09 5.6550E-09 5.6124E-09 5.5563E-09 5.4866E-09 5.3981E-09 5.2929E-09 5.1695E-09 5.0309E-09 4.8760E-09 4.7034E-09 4.5176E-09 4.3185E-09 4.1081E-09 3.8900E-09 3.6693E-09 3.4450E-09 3.2160E-09 2.9843E-09 2.7525E-09 2.5229E-09 2.3010E-09 2.0847E-09 1.8795E-09 1.6854E-09 1.5063E-09 1.3393E-09 1.1852E-09 1.0382E-09 9.0237E-10
3.0965E-09 3.2091E-09 3.3198E-09 3.4320E-09 3.5459E-09 3.6585E-09 3.7702E-09 3.8815E-09 3.9933E-09 4.1034E-09 4.2095E-09 4.3173E-09 4.4208E-09 4.5213E-09 4.6167E-09 4.7115E-09 4.7960E-09 4.8729E-09 4.9432E-09 5.0073E-09 5.0591E-09 5.1016E-09 5.1314E-09 5.1529E-09 5.1632E-09 5.1616E-09 5.1475E-09 5.1250E-09 5.0896E-09 5.0402E-09 4.9758E-09 4.8957E-09 4.8038E-09 4.7034E-09 4.5894E-09 4.4582E-09 4.3123E-09 4.1530E-09 3.9832E-09 3.8001E-09 3.6094E-09 3.4114E-09 3.2077E-09 3.0007E-09 2.7929E-09 2.5891E-09 2.3865E-09 2.1900E-09 1.9964E-09 1.8098E-09 1.6321E-09 1.4671E-09 1.3103E-09 1.1644E-09 1.0261E-09 8.9580E-10 7.7805E-10
2.9223E-09 3.0252E-09 3.1284E-09 3.2294E-09 3.3311E-09 3.4317E-09 3.5333E-09 3.6337E-09 3.7312E-09 3.8290E-09 3.9220E-09 4.0113E-09 4.1008E-09 4.1898E-09 4.2721E-09 4.3484E-09 4.4191E-09 4.4852E-09 4.5444E-09 4.5938E-09 4.6322E-09 4.6598E-09 4.6785E-09 4.6856E-09 4.6850E-09 4.6724E-09 4.6497E-09 4.6141E-09 4.5657E-09 4.5080E-09 4.4430E-09 4.3651E-09 4.2734E-09 4.1698E-09 4.0550E-09 3.9317E-09 3.8014E-09 3.6556E-09 3.5006E-09 3.3362E-09 3.1646E-09 2.9868E-09 2.8049E-09 2.6196E-09 2.4347E-09 2.2505E-09 2.0724E-09 1.8980E-09 1.7308E-09 1.5706E-09 1.4182E-09 1.2729E-09 1.1355E-09 1.0077E-09 8.8494E-10 7.7208E-10 6.6794E-10
2.7525E-09 2.8453E-09 2.9396E-09 3.0324E-09 3.1230E-09 3.2138E-09 3.3027E-09 3.3908E-09 3.4773E-09 3.5628E-09 3.6439E-09 3.7235E-09 3.7978E-09 3.8675E-09 3.9352E-09 4.0023E-09 4.0637E-09 4.1171E-09 4.1613E-09 4.1988E-09 4.2314E-09 4.2511E-09 4.2582E-09 4.2558E-09 4.2446E-09 4.2226E-09 4.1920E-09 4.1525E-09 4.0994E-09 4.0357E-09 3.9628E-09 3.8785E-09 3.7892E-09 3.6931E-09 3.5831E-09 3.4649E-09 3.3387E-09 3.2041E-09 3.0665E-09 2.9195E-09 2.7660E-09 2.6080E-09 2.4470E-09 2.2846E-09 2.1210E-09 1.9598E-09 1.8018E-09 1.6493E-09 1.5006E-09 1.3604E-09 1.2255E-09 1.1001E-09 9.8039E-10 8.6749E-10 7.6070E-10 6.6229E-10 5.7289E-10
2.5855E-09 2.6703E-09 2.7543E-09 2.8386E-09 2.9219E-09 3.0018E-09 3.0812E-09 3.1575E-09 3.2320E-09 3.3070E-09 3.3764E-09 3.4434E-09 3.5071E-09 3.5671E-09 3.6227E-09 3.6721E-09 3.7155E-09 3.7640E-09 3.8030E-09 3.8324E-09 3.8514E-09 3.8637E-09 3.8686E-09 3.8587E-09 3.8411E-09 3.8139E-09 3.7769E-09 3.7317E-09 3.6783E-09 3.6133E-09 3.5408E-09 3.4585E-09 3.3666E-09 3.2678E-09 3.1635E-09 3.0563E-09 2.9407E-09 2.8183E-09 2.6885E-09 2.5540E-09 2.4162E-09 2.2762E-09 2.1339E-09 1.9898E-09 1.8470E-09 1.7037E-09 1.5640E-09 1.4296E-09 1.2988E-09 1.1748E-09 1.0598E-09 9.4870E-10 8.4448E-10 7.4448E-10 6.5242E-10 5.6762E-10 4.9026E-10
2.4230E-09 2.4997E-09 2.5757E-09 2.6505E-09 2.7240E-09 2.7958E-09 2.8668E-09 2.9343E-09 2.9984E-09 3.0591E-09 3.1180E-09 3.1753E-09 3.2289E-09 3.2747E-09 3.3191E-09 3.3621E-09 3.3991E-09 3.4269E-09 3.4470E-09 3.4700E-09 3.4896E-09 3.4968E-09 3.4954E-09 3.4851E-09 3.4627E-09 3.4322E-09 3.3928E-09 3.3459E-09 3.2909E-09 3.2267E-09 3.1558E-09 3.0765E-09 2.9899E-09 2.8981E-09 2.7999E-09 2.6955E-09 2.5860E-09 2.4733E-09 2.3571E-09 2.2366E-09 2.1130E-09 1.9873E-09 1.8606E-09 1.7316E-09 1.6033E-09 1.4774E-09 1.3533E-09 1.2355E-09 1.1217E-09 1.0149E-09 9.1363E-10 8.1652E-10 7.2543E-10 6.3878E-10 5.6075E-10 4.8554E-10 4.1983E-10
2.2646E-09 2.3343E-09 2.4028E-09 2.4698E-09 2.5351E-09 2.5985E-09 2.6583E-09 2.7171E-09 2.7732E-09 2.8263E-09 2.8746E-09 2.9186E-09 2.9590E-09 3.0005E-09 3.0354E-09 3.0649E-09 3.0885E-09 3.1148E-09 3.1309E-09 3.1385E-09 3.1374E-09 3.1348E-09 3.1354E-09 3.1271E-09 3.1099E-09 3.0773E-09 3.0367E-09 2.9898E-09 2.9361E-09 2.8748E-09 2.8071E-09 2.7333E-09 2.6532E-09 2.5681E-09 2.4779E-09 2.3830E-09 2.2839E-09 2.1802E-09 2.0729E-09 1.9619E-09 1.8496E-09 1.7361E-09 1.6210E-09 1.5057E-09 1.3924E-09 1.2811E-09 1.1722E-09 1.0708E-09 9.7251E-10 8.7904E-10 7.8967E-10 7.0371E-10 6.2407E-10 5.4970E-10 4.7933E-10 4.1657E-10 3.5512E-10
2.1102E-09 2.1731E-09 2.2350E-09 2.2954E-09 2.3536E-09 2.4095E-09 2.4629E-09 2.5121E-09 2.5585E-09 2.6036E-09 2.6441E-09 2.6814E-09 2.7143E-09 2.7429E-09 2.7684E-09 2.7923E-09 2.8115E-09 2.8242E-09 2.8295E-09 2.8326E-09 2.8321E-09 2.8227E-09 2.8064E-09 2.7793E-09 2.7568E-09 2.7402E-09 2.7094E-09 2.6636E-09 2.6124E-09 2.5540E-09 2.4901E-09 2.4210E-09 2.3469E-09 2.2687E-09 2.1867E-09 2.1008E-09 2.0100E-09 1.9152E-09 1.8166E-09 1.7165E-09 1.6149E-09 1.5123E-09 1.4093E-09 1.3074E-09 1.2073E-09 1.1090E-09 1.0162E-09 9.2757E-10 8.4051E-10 7.5770E-10 6.8012E-10 6.0465E-10 5.3614E-10 4.6806E-10 4.0863E-10 3.5163E-10 2.9684E-10
1.9608E-09 2.0183E-09 2.0734E-09 2.1269E-09 2.1784E-09 2.2280E-09 2.2750E-09 2.3188E-09 2.3581E-09 2.3938E-09 2.4263E-09 2.4581E-09 2.4855E-09 2.5081E-09 2.5283E-09 2.5430E-09 2.5509E-09 2.5582E-09 2.5636E-09 2.5608E-09 2.5507E-09 2.5324E-09 2.5142E-09 2.4955E-09 2.4660E-09 2.4276E-09 2.3855E-09 2.3530E-09 2.3142E-09 2.2607E-09 2.2007E-09 2.1360E-09 2.0674E-09 1.9955E-09 1.9202E-09 1.8408E-09 1.7583E-09 1.6719E-09 1.5837E-09 1.4941E-09 1.4038E-09 1.3134E-09 1.2232E-09 1.1335E-09 1.0450E-09 9.5996E-10 8.7850E-10 7.9969E-10 7.2358E-10 6.5113E-10 5.8248E-10 5.1714E-10 4.5584E-10 3.9920E-10 3.4403E-10 2.9424E-10 2.5021E-10
