Assets/Resources/2015_m01_d12_0600(utc+0800)_l00_csi_1hr_conc.grd
DSAA
         159         159
     -79.000      79.000
     -79.000      79.000
  0.0000E+00  0.2689E-05
[rows 0 to 24 of 159, columns 0 to 56 of 159]
0.0000E+00 0.0000E+00 0.0000E+00 0.0000E+00 0.0000E+00 0.0000E+00 0.0000E+00 0.0000E+00 0.0000E+00 0.0000E+00 0.0000E+00 0.0000E+00 0.0000E+00 0.0000E+00 0.0000E+00 0.0000E+00 0.0000E+00 0.0000E+00 8.1506E-13 2.5293E-12 5.3316E-12 1.2209E-11 2.0792E-11 3.4070E-11 5.1349E-11 7.4061E-11 1.0306E-10 1.4052E-10 1.8663E-10 2.4470E-10 3.1477E-10 3.9841E-10 4.9725E-10 6.1378E-10 7.4842E-10 9.0313E-10 1.0778E-09 1.2720E-09 1.4858E-09 1.7191E-09 1.9709E-09 2.2393E-09 2.5214E-09 2.8143E-09 3.1131E-09 3.4134E-09 3.7115E-09 4.0028E-09 4.2811E-09 4.5408E-09 4.7760E-09 4.9815E-09 5.1537E-09 5.2892E-09 5.3852E-09 5.4393E-09 5.4505E-09
0.0000E+00 0.0000E+00 0.0000E+00 0.0000E+00 0.0000E+00 0.0000E+00 0.0000E+00 0.0000E+00 0.0000E+00 0.0000E+00 0.0000E+00 0.0000E+00 0.0000E+00 0.0000E+00 0.0000E+00 0.0000E+00 0.0000E+00 1.7068E-14 9.9325E-13 3.0140E-12 5.8141E-12 1.2985E-11 2.2507E-11 3.6121E-11 5.4616E-11 7.9545E-11 1.1000E-10 1.5018E-10 2.0042E-10 2.6270E-10 3.3784E-10 4.2882E-10 5.3581E-10 6.6167E-10 8.0790E-10 9.7625E-10 1.1660E-09 1.3772E-09 1.6110E-09 1.8664E-09 2.1420E-09 2.4349E-09 2.7425E-09 3.0612E-09 3.3873E-09 3.7159E-09 4.0413E-09 4.3574E-09 4.6576E-09 4.9370E-09 5.1905E-09 5.4122E-09 5.5968E-09 5.7404E-09 5.8399E-09 5.8927E-09 5.8985E-09
0.0000E+00 0.0000E+00 0.0000E+00 0.0000E+00 0.0000E+00 0.0000E+00 0.0000E+00 0.0000E+00 0.0000E+00 0.0000E+00 0.0000E+00 0.0000E+00 0.0000E+00 0.0000E+00 0.0000E+00 0.0000E+00 0.0000E+00 4.2121E-14 1.1858E-12 3.3399E-12 6.4732E-12 1.3745E-11 2.4012E-11 3.8889E-11 5.8459E-11 8.3993E-11 1.1770E-10 1.6080E-10 2.1405E-10 2.8135E-10 3.6253E-10 4.5976E-10 5.7549E-10 7.1153E-10 8.6935E-10 1.0520E-09 1.2582E-09 1.4881E-09 1.7421E-09 2.0197E-09 2.3188E-09 2.6383E-09 2.9743E-09 3.3224E-09 3.6780E-09 4.0343E-09 4.3858E-09 4.7277E-09 5.0530E-09 5.3547E-09 5.6266E-09 5.8627E-09 6.0578E-09 6.2077E-09 6.3090E-09 6.3596E-09 6.3586E-09
0.0000E+00 0.0000E+00 0.0000E+00 0.0000E+00 0.0000E+00 0.0000E+00 0.0000E+00 0.0000E+00 0.0000E+00 0.0000E+00 0.0000E+00 0.0000E+00 0.0000E+00 0.0000E+00 0.0000E+00 0.0000E+00 0.0000E+00 5.1239E-14 1.3416E-12 3.6918E-12 7.5492E-12 1.4755E-11 2.6065E-11 4.1177E-11 6.2126E-11 9.0031E-11 1.2557E-10 1.7144E-10 2.2867E-10 3.0028E-10 3.8744E-10 4.9233E-10 6.1609E-10 7.6279E-10 9.3375E-10 1.1311E-09 1.3531E-09 1.6016E-09 1.8764E-09 2.1772E-09 2.5028E-09 2.8498E-09 3.2141E-09 3.5911E-09 3.9761E-09 4.3631E-09 4.7453E-09 5.1153E-09 5.4655E-09 5.7881E-09 6.0775E-09 6.3275E-09 6.5328E-09 6.6882E-09 6.7907E-09 6.8378E-09 6.8287E-09
0.0000E+00 0.0000E+00 0.0000E+00 0.0000E+00 0.0000E+00 0.0000E+00 0.0000E+00 0.0000E+00 0.0000E+00 0.0000E+00 0.0000E+00 0.0000E+00 0.0000E+00 0.0000E+00 0.0000E+00 0.0000E+00 0.0000E+00 4.3605E-14 1.4337E-12 4.0479E-12 8.4066E-12 1.6066E-11 2.8087E-11 4.4011E-11 6.6439E-11 9.6080E-11 1.3455E-10 1.8246E-10 2.4415E-10 3.2037E-10 4.1277E-10 5.2494E-10 6.5879E-10 8.1618E-10 9.9908E-10 1.2110E-09 1.4510E-09 1.7189E-09 2.0163E-09 2.3416E-09 2.6929E-09 3.0673E-09 3.4614E-09 3.8701E-09 4.2874E-09 4.7061E-09 5.1179E-09 5.5152E-09 5.8917E-09 6.2382E-09 6.5473E-09 6.8121E-09 7.0265E-09 7.1857E-09 7.2865E-09 7.3273E-09 7.3070E-09
0.0000E+00 0.0000E+00 0.0000E+00 0.0000E+00 0.0000E+00 0.0000E+00 0.0000E+00 0.0000E+00 0.0000E+00 0.0000E+00 0.0000E+00 0.0000E+00 0.0000E+00 0.0000E+00 0.0000E+00 0.0000E+00 0.0000E+00 1.8539E-14 1.5177E-12 4.3263E-12 9.2139E-12 1.7201E-11 3.0313E-11 4.7509E-11 7.1519E-11 1.0267E-10 1.4330E-10 1.9521E-10 2.6001E-10 3.3996E-10 4.3974E-10 5.5953E-10 7.0188E-10 8.6979E-10 1.0662E-09 1.2929E-09 1.5514E-09 1.8394E-09 2.1585E-09 2.5087E-09 2.8877E-09 3.2924E-09 3.7181E-09 4.1588E-09 4.6075E-09 5.0577E-09 5.5015E-09 5.9298E-09 6.3334E-09 6.7030E-09 7.0303E-09 7.3084E-09 7.5316E-09 7.6943E-09 7.7930E-09 7.8257E-09 7.7925E-09
0.0000E+00 0.0000E+00 0.0000E+00 0.0000E+00 0.0000E+00 0.0000E+00 0.0000E+00 0.0000E+00 0.0000E+00 0.0000E+00 0.0000E+00 0.0000E+00 0.0000E+00 0.0000E+00 0.0000E+00 0.0000E+00 0.0000E+00 0.0000E+00 1.5453E-12 4.5970E-12 9.9143E-12 1.8689E-11 3.2377E-11 5.1140E-11 7.6578E-11 1.1033E-10 1.5378E-10 2.0767E-10 2.7659E-10 3.6202E-10 4.6724E-10 5.9460E-10 7.4646E-10 9.2534E-10 1.1352E-09 1.3777E-09 1.6533E-09 1.9619E-09 2.3052E-09 2.6815E-09 3.0887E-09 3.5225E-09 3.9790E-09 4.4522E-09 4.9350E-09 5.4192E-09 5.8952E-09 6.3526E-09 6.7828E-09 7.1768E-09 7.5248E-09 7.8185E-09 8.0509E-09 8.2161E-09 8.3107E-09 8.3337E-09 8.2852E-09
0.0000E+00 0.0000E+00 0.0000E+00 0.0000E+00 0.0000E+00 0.0000E+00 0.0000E+00 0.0000E+00 0.0000E+00 0.0000E+00 0.0000E+00 0.0000E+00 0.0000E+00 0.0000E+00 0.0000E+00 0.0000E+00 0.0000E+00 0.0000E+00 1.4908E-12 4.8178E-12 1.0139E-11 1.9387E-11 3.3953E-11 5.4660E-11 8.1937E-11 1.1770E-10 1.6368E-10 2.2169E-10 2.9429E-10 3.8483E-10 4.9619E-10 6.3029E-10 7.9210E-10 9.8316E-10 1.2059E-09 1.4635E-09 1.7587E-09 2.0889E-09 2.4555E-09 2.8572E-09 3.2920E-09 3.7570E-09 4.2465E-09 4.7538E-09 5.2702E-09 5.7869E-09 6.2949E-09 6.7837E-09 7.2424E-09 7.6606E-09 8.0275E-09 8.3347E-09 8.5749E-09 8.7422E-09 8.8332E-09 8.8458E-09 8.7795E-09
0.0000E+00 0.0000E+00 0.0000E+00 0.0000E+00 0.0000E+00 0.0000E+00 0.0000E+00 0.0000E+00 0.0000E+00 0.0000E+00 0.0000E+00 0.0000E+00 0.0000E+00 0.0000E+00 0.0000E+00 0.0000E+00 0.0000E+00 0.0000E+00 1.3515E-12 4.9470E-12 1.0479E-11 2.0473E-11 3.5633E-11 5.7624E-11 8.6064E-11 1.2468E-10 1.7289E-10 2.3485E-10 3.1237E-10 4.0768E-10 5.2498E-10 6.6845E-10 8.3996E-10 1.0410E-09 1.2788E-09 1.5528E-09 1.8663E-09 2.2178E-09 2.6078E-09 3.0361E-09 3.5009E-09 3.9970E-09 4.5186E-09 5.0586E-09 5.6092E-09 6.1606E-09 6.7019E-09 7.2212E-09 7.7065E-09 8.1475E-09 8.5333E-09 8.8541E-09 9.1020E-09 9.2709E-09 9.3570E-09 9.3577E-09 9.2736E-09
0.0000E+00 0.0000E+00 0.0000E+00 0.0000E+00 0.0000E+00 0.0000E+00 0.0000E+00 0.0000E+00 0.0000E+00 0.0000E+00 0.0000E+00 0.0000E+00 0.0000E+00 0.0000E+00 0.0000E+00 0.0000E+00 0.0000E+00 0.0000E+00 1.1256E-12 4.9841E-12 1.0635E-11 2.1772E-11 3.7184E-11 6.0580E-11 9.0475E-11 1.3076E-10 1.8155E-10 2.4755E-10 3.2839E-10 4.3012E-10 5.5489E-10 7.0579E-10 8.8732E-10 1.1022E-09 1.3534E-09 1.6431E-09 1.9749E-09 2.3484E-09 2.7634E-09 3.2195E-09 3.7123E-09 4.2387E-09 4.7930E-09 5.3677E-09 5.9535E-09 6.5387E-09 7.1117E-09 7.6615E-09 8.1748E-09 8.6395E-09 9.0439E-09 9.3773E-09 9.6318E-09 9.8005E-09 9.8792E-09 9.8656E-09 9.7626E-09
0.0000E+00 0.0000E+00 0.0000E+00 0.0000E+00 0.0000E+00 0.0000E+00 0.0000E+00 0.0000E+00 0.0000E+00 0.0000E+00 0.0000E+00 0.0000E+00 0.0000E+00 0.0000E+00 0.0000E+00 0.0000E+00 0.0000E+00 0.0000E+00 8.1164E-13 5.0175E-12 1.0779E-11 2.2916E-11 3.8953E-11 6.3412E-11 9.4528E-11 1.3639E-10 1.8971E-10 2.5888E-10 3.4431E-10 4.5136E-10 5.8206E-10 7.4245E-10 9.3454E-10 1.1625E-09 1.4281E-09 1.7342E-09 2.0856E-09 2.4817E-09 2.9196E-09 3.4008E-09 3.9237E-09 4.4825E-09 5.0712E-09 5.6797E-09 6.2983E-09 6.9169E-09 7.5230E-09 8.1032E-09 8.6433E-09 9.1299E-09 9.5511E-09 9.8961E-09 1.0156E-08 1.0323E-08 1.0393E-08 1.0365E-08 1.0241E-08
0.0000E+00 0.0000E+00 0.0000E+00 0.0000E+00 0.0000E+00 0.0000E+00 0.0000E+00 0.0000E+00 0.0000E+00 0.0000E+00 0.0000E+00 0.0000E+00 0.0000E+00 0.0000E+00 0.0000E+00 0.0000E+00 0.0000E+00 0.0000E+00 4.0788E-13 4.8274E-12 1.1110E-11 2.3754E-11 4.0753E-11 6.5899E-11 9.8171E-11 1.4212E-10 1.9760E-10 2.6907E-10 3.5867E-10 4.7110E-10 6.0872E-10 7.7739E-10 9.7973E-10 1.2201E-09 1.5012E-09 1.8259E-09 2.1964E-09 2.6130E-09 3.0761E-09 3.5852E-09 4.1372E-09 4.7268E-09 5.3463E-09 5.9892E-09 6.6437E-09 7.2969E-09 7.9352E-09 8.5438E-09 9.1092E-09 9.6174E-09 1.0055E-08 1.0410E-08 1.0673E-08 1.0837E-08 1.0897E-08 1.0853E-08 1.0706E-08
0.0000E+00 0.0000E+00 0.0000E+00 0.0000E+00 0.0000E+00 0.0000E+00 0.0000E+00 0.0000E+00 0.0000E+00 0.0000E+00 0.0000E+00 0.0000E+00 0.0000E+00 0.0000E+00 0.0000E+00 0.0000E+00 0.0000E+00 0.0000E+00 1.8490E-14 4.3421E-12 1.1187E-11 2.4495E-11 4.2352E-11 6.8323E-11 1.0155E-10 1.4694E-10 2.0417E-10 2.7871E-10 3.7225E-10 4.8950E-10 6.3353E-10 8.1018E-10 1.0220E-09 1.2753E-09 1.5722E-09 1.9129E-09 2.3030E-09 2.7443E-09 3.2324E-09 3.7685E-09 4.3484E-09 4.9684E-09 5.6216E-09 6.2980E-09 6.9858E-09 7.6710E-09 8.3404E-09 8.9788E-09 9.5703E-09 1.0099E-08 1.0552E-08 1.0916E-08 1.1182E-08 1.1341E-08 1.1390E-08 1.1327E-08 1.1154E-08
0.0000E+00 0.0000E+00 0.0000E+00 0.0000E+00 0.0000E+00 0.0000E+00 0.0000E+00 0.0000E+00 0.0000E+00 0.0000E+00 0.0000E+00 0.0000E+00 0.0000E+00 0.0000E+00 0.0000E+00 0.0000E+00 0.0000E+00 0.0000E+00 0.0000E+00 3.7066E-12 1.1700E-11 2.5202E-11 4.3994E-11 6.9903E-11 1.0475E-10 1.5120E-10 2.1006E-10 2.8732E-10 3.8453E-10 5.0623E-10 6.5612E-10 8.4005E-10 1.0618E-09 1.3269E-09 1.6369E-09 1.9962E-09 2.4061E-09 2.8694E-09 3.3824E-09 3.9454E-09 4.5560E-09 5.2085E-09 5.8940E-09 6.6022E-09 7.3222E-09 8.0405E-09 8.7414E-09 9.4078E-09 1.0023E-08 1.0571E-08 1.1037E-08 1.1408E-08 1.1673E-08 1.1826E-08 1.1861E-08 1.1777E-08 1.1577E-08
0.0000E+00 0.0000E+00 0.0000E+00 0.0000E+00 0.0000E+00 0.0000E+00 0.0000E+00 0.0000E+00 0.0000E+00 0.0000E+00 0.0000E+00 0.0000E+00 0.0000E+00 0.0000E+00 0.0000E+00 0.0000E+00 0.0000E+00 0.0000E+00 0.0000E+00 2.9046E-12 1.2484E-11 2.5340E-11 4.5753E-11 7.1639E-11 1.0728E-10 1.5440E-10 2.1585E-10 2.9467E-10 3.9490E-10 5.2111E-10 6.7705E-10 8.6761E-10 1.0979E-09 1.3732E-09 1.6981E-09 2.0735E-09 2.5023E-09 2.9861E-09 3.5243E-09 4.1160E-09 4.7565E-09 5.4391E-09 6.1568E-09 6.8986E-09 7.6515E-09 8.4010E-09 9.1304E-09 9.8239E-09 1.0463E-08 1.1030E-08 1.1510E-08 1.1888E-08 1.2152E-08 1.2296E-08 1.2313E-08 1.2206E-08 1.1979E-08
0.0000E+00 0.0000E+00 0.0000E+00 0.0000E+00 0.0000E+00 0.0000E+00 0.0000E+00 0.0000E+00 0.0000E+00 0.0000E+00 0.0000E+00 0.0000E+00 0.0000E+00 0.0000E+00 0.0000E+00 0.0000E+00 0.0000E+00 0.0000E+00 0.0000E+00 1.9360E-12 1.2942E-11 2.5283E-11 4.7131E-11 7.2756E-11 1.0949E-10 1.5666E-10 2.2026E-10 3.0051E-10 4.0442E-10 5.3368E-10 6.9513E-10 8.9173E-10 1.1301E-09 1.4153E-09 1.7534E-09 2.1427E-09 2.5895E-09 3.0948E-09 3.6579E-09 4.2739E-09 4.9424E-09 5.6569E-09 6.4075E-09 7.1825E-09 7.9676E-09 8.7485E-09 9.5080E-09 1.0227E-08 1.0889E-08 1.1473E-08 1.1963E-08 1.2346E-08 1.2608E-08 1.2741E-08 1.2742E-08 1.2612E-08 1.2353E-08
0.0000E+00 0.0000E+00 0.0000E+00 0.0000E+00 0.0000E+00 0.0000E+00 0.0000E+00 0.0000E+00 0.0000E+00 0.0000E+00 0.0000E+00 0.0000E+00 0.0000E+00 0.0000E+00 0.0000E+00 0.0000E+00 0.0000E+00 0.0000E+00 0.0000E+00 1.0662E-12 1.3012E-11 2.5076E-11 4.7955E-11 7.2936E-11 1.1114E-10 1.5807E-10 2.2336E-10 3.0489E-10 4.1132E-10 5.4307E-10 7.0940E-10 9.1092E-10 1.1577E-09 1.4516E-09 1.7996E-09 2.2051E-09 2.6692E-09 3.1935E-09 3.7766E-09 4.4190E-09 5.1160E-09 5.8602E-09 6.6412E-09 7.4479E-09 8.2665E-09 9.0790E-09 9.8676E-09 1.0612E-08 1.1294E-08 1.1894E-08 1.2394E-08 1.2780E-08 1.3038E-08 1.3161E-08 1.3144E-08 1.2988E-08 1.2697E-08
0.0000E+00 0.0000E+00 0.0000E+00 0.0000E+00 0.0000E+00 0.0000E+00 0.0000E+00 0.0000E+00 0.0000E+00 0.0000E+00 0.0000E+00 0.0000E+00 0.0000E+00 0.0000E+00 0.0000E+00 0.0000E+00 0.0000E+00 0.0000E+00 0.0000E+00 3.5179E-13 1.2143E-11 2.4552E-11 4.7648E-11 7.2786E-11 1.1155E-10 1.5837E-10 2.2493E-10 3.0737E-10 4.1562E-10 5.4996E-10 7.1988E-10 9.2639E-10 1.1798E-09 1.4802E-09 1.8407E-09 2.2587E-09 2.7370E-09 3.2792E-09 3.8850E-09 4.5515E-09 5.2734E-09 6.0441E-09 6.8552E-09 7.6938E-09 8.5436E-09 9.3861E-09 1.0203E-08 1.0973E-08 1.1676E-08 1.2290E-08 1.2799E-08 1.3186E-08 1.3439E-08 1.3550E-08 1.3514E-08 1.3330E-08 1.3007E-08
0.0000E+00 0.0000E+00 0.0000E+00 0.0000E+00 0.0000E+00 0.0000E+00 0.0000E+00 0.0000E+00 0.0000E+00 0.0000E+00 0.0000E+00 0.0000E+00 0.0000E+00 0.0000E+00 0.0000E+00 0.0000E+00 0.0000E+00 0.0000E+00 0.0000E+00 0.0000E+00 1.1024E-11 2.4327E-11 4.6384E-11 7.1981E-11 1.1012E-10 1.5792E-10 2.2412E-10 3.0728E-10 4.1744E-10 5.5281E-10 7.2575E-10 9.3643E-10 1.1942E-09 1.5029E-09 1.8721E-09 2.2989E-09 2.7948E-09 3.3538E-09 3.9791E-09 4.6659E-09 5.4118E-09 6.2103E-09 7.0507E-09 7.9181E-09 8.7967E-09 9.6688E-09 1.0512E-08 1.1306E-08 1.2028E-08 1.2657E-08 1.3174E-08 1.3562E-08 1.3809E-08 1.3905E-08 1.3847E-08 1.3638E-08 1.3283E-08
0.0000E+00 0.0000E+00 0.0000E+00 0.0000E+00 0.0000E+00 0.0000E+00 0.0000E+00 0.0000E+00 0.0000E+00 0.0000E+00 0.0000E+00 0.0000E+00 0.0000E+00 0.0000E+00 0.0000E+00 0.0000E+00 0.0000E+00 0.0000E+00 0.0000E+00 0.0000E+00 9.7646E-12 2.3473E-11 4.5314E-11 7.1092E-11 1.0799E-10 1.5698E-10 2.2176E-10 3.0609E-10 4.1551E-10 5.5268E-10 7.2649E-10 9.4019E-10 1.2032E-09 1.5174E-09 1.8921E-09 2.3322E-09 2.8390E-09 3.4136E-09 4.0549E-09 4.7633E-09 5.5335E-09 6.3571E-09 7.2226E-09 8.1182E-09 9.0256E-09 9.9251E-09 1.0794E-08 1.1610E-08 1.2351E-08 1.2993E-08 1.3517E-08 1.3905E-08 1.4143E-08 1.4223E-08 1.4142E-08 1.3905E-08 1.3518E-08
0.0000E+00 0.0000E+00 0.0000E+00 0.0000E+00 0.0000E+00 0.0000E+00 0.0000E+00 0.0000E+00 0.0000E+00 0.0000E+00 0.0000E+00 0.0000E+00 0.0000E+00 0.0000E+00 0.0000E+00 0.0000E+00 0.0000E+00 0.0000E+00 0.0000E+00 0.0000E+00 8.4349E-12 2.2565E-11 4.2383E-11 6.9170E-11 1.0514E-10 1.5470E-10 2.1857E-10 3.0274E-10 4.1082E-10 5.5186E-10 7.2307E-10 9.3876E-10 1.2034E-09 1.5221E-09 1.9040E-09 2.3522E-09 2.8680E-09 3.4584E-09 4.1177E-09 4.8458E-09 5.6365E-09 6.4829E-09 7.3754E-09 8.2982E-09 9.2319E-09 1.0156E-08 1.1050E-08 1.1887E-08 1.2644E-08 1.3297E-08 1.3825E-08 1.4211E-08 1.4440E-08 1.4505E-08 1.4403E-08 1.4136E-08 1.3712E-08
0.0000E+00 0.0000E+00 0.0000E+00 0.0000E+00 0.0000E+00 0.0000E+00 0.0000E+00 0.0000E+00 0.0000E+00 0.0000E+00 0.0000E+00 0.0000E+00 0.0000E+00 0.0000E+00 0.0000E+00 0.0000E+00 0.0000E+00 0.0000E+00 0.0000E+00 0.0000E+00 6.8582E-12 2.1102E-11 3.8966E-11 6.6665E-11 1.0088E-10 1.5082E-10 2.1313E-10 2.9776E-10 4.0413E-10 5.4239E-10 7.1569E-10 9.3298E-10 1.1963E-09 1.5199E-09 1.9046E-09 2.3601E-09 2.8878E-09 3.4870E-09 4.1620E-09 4.9046E-09 5.7159E-09 6.5867E-09 7.5032E-09 8.4490E-09 9.4079E-09 1.0358E-08 1.1274E-08 1.2130E-08 1.2901E-08 1.3564E-08 1.4095E-08 1.4478E-08 1.4697E-08 1.4743E-08 1.4617E-08 1.4320E-08 1.3863E-08
0.0000E+00 0.0000E+00 0.0000E+00 0.0000E+00 0.0000E+00 0.0000E+00 0.0000E+00 0.0000E+00 0.0000E+00 0.0000E+00 0.0000E+00 0.0000E+00 0.0000E+00 0.0000E+00 0.0000E+00 0.0000E+00 0.0000E+00 0.0000E+00 0.0000E+00 0.0000E+00 5.2190E-12 1.9154E-11 3.5231E-11 6.2726E-11 9.5129E-11 1.4532E-10 2.0548E-10 2.9031E-10 3.9464E-10 5.3264E-10 7.0279E-10 9.2041E-10 1.1843E-09 1.5082E-09 1.8940E-09 2.3569E-09 2.8899E-09 3.4990E-09 4.1831E-09 4.9465E-09 5.7774E-09 6.6684E-09 7.6062E-09 8.5782E-09 9.5627E-09 1.0536E-08 1.1472E-08 1.2346E-08 1.3131E-08 1.3802E-08 1.4335E-08 1.4711E-08 1.4917E-08 1.4944E-08 1.4791E-08 1.4463E-08 1.3973E-08
0.0000E+00 0.0000E+00 0.0000E+00 0.0000E+00 0.0000E+00 0.0000E+00 0.0000E+00 0.0000E+00 0.0000E+00 0.0000E+00 0.0000E+00 0.0000E+00 0.0000E+00 0.0000E+00 0.0000E+00 0.0000E+00 0.0000E+00 0.0000E+00 0.0000E+00 0.0000E+00 3.5551E-12 1.7000E-11 3.1335E-11 5.7937E-11 8.8899E-11 1.3785E-10 1.9626E-10 2.7987E-10 3.8167E-10 5.1837E-10 6.8661E-10 9.0163E-10 1.1644E-09 1.4896E-09 1.8756E-09 2.3410E-09 2.8788E-09 3.4949E-09 4.1909E-09 4.9655E-09 5.8126E-09 6.7234E-09 7.6859E-09 8.6822E-09 9.6900E-09 1.0685E-08 1.1643E-08 1.2535E-08 1.3333E-08 1.4010E-08 1.4542E-08 1.4912E-08 1.5103E-08 1.5109E-08 1.4929E-08 1.4569E-08 1.4043E-08
0.0000E+00 0.0000E+00 0.0000E+00 0.0000E+00 0.0000E+00 0.0000E+00 0.0000E+00 0.0000E+00 0.0000E+00 0.0000E+00 0.0000E+00 0.0000E+00 0.0000E+00 0.0000E+00 0.0000E+00 0.0000E+00 0.0000E+00 0.0000E+00 0.0000E+00 0.0000E+00 2.0089E-12 1.3929E-11 2.7183E-11 5.2426E-11 8.1682E-11 1.2892E-10 1.8524E-10 2.6668E-10 3.6626E-10 4.9972E-10 6.6534E-10 8.7896E-10 1.1379E-09 1.4623E-09 1.8477E-09 2.3132E-09 2.8546E-09 3.4764E-09 4.1781E-09 4.9620E-09 5.8238E-09 6.7548E-09 7.7394E-09 8.7563E-09 9.7879E-09 1.0809E-08 1.1789E-08 1.2698E-08 1.3509E-08 1.4194E-08 1.4726E-08 1.5088E-08 1.5264E-08 1.5248E-08 1.5039E-08 1.4645E-08 1.4081E-08
