Assets/Resources/2015_m01_d04_1200(utc+0800)_l00_csi_1hr_conc.grd
DSAA
         159         159
     -79.000      79.000
     -79.000      79.000
  0.1274E-09  0.6336E-05
[rows 75 to 99 of 159, columns 57 to 113 of 159]
3.5738E-08 3.7719E-08 4.0267E-08 4.3251E-08 4.6962E-08 5.1153E-08 5.6080E-08 6.1375E-08 6.6971E-08 7.2449E-08 7.7319E-08 8.0565E-08 8.0106E-08 7.4803E-08 6.3629E-08 4.8486E-08 3.1742E-08 1.7523E-08 1.1163E-08 1.0337E-08 1.0107E-08 9.8838E-09 9.6673E-09 9.4556E-09 9.2484E-09 9.0450E-09 8.8453E-09 8.6493E-09 8.4560E-09 8.2654E-09 8.0767E-09 7.8871E-09 7.6977E-09 7.5087E-09 7.3218E-09 7.1366E-09 6.9573E-09 6.7822E-09 6.6102E-09 6.4388E-09 6.2684E-09 6.0985E-09 5.9303E-09 5.7637E-09 5.5995E-09 5.4379E-09 5.2795E-09 5.1237E-09 4.9718E-09 4.8224E-09 4.6778E-09 4.5358E-09 4.3979E-09 4.2650E-09 4.1354E-09 4.0111E-09 3.8914E-09
2.8379E-08 2.9787E-08 3.1610E-08 3.3863E-08 3.6781E-08 4.0273E-08 4.4712E-08 4.9803E-08 5.6063E-08 6.3189E-08 7.1311E-08 8.0478E-08 8.8471E-08 9.3812E-08 9.0932E-08 8.0156E-08 6.4026E-08 4.3017E-08 2.0285E-08 1.0804E-08 9.9150E-09 9.6984E-09 9.4882E-09 9.2830E-09 9.0824E-09 8.8856E-09 8.6924E-09 8.5023E-09 8.3149E-09 8.1297E-09 7.9458E-09 7.7609E-09 7.5756E-09 7.3911E-09 7.2092E-09 7.0306E-09 6.8571E-09 6.6871E-09 6.5195E-09 6.3526E-09 6.1867E-09 6.0213E-09 5.8575E-09 5.6954E-09 5.5356E-09 5.3785E-09 5.2244E-09 5.0730E-09 4.9254E-09 4.7801E-09 4.6395E-09 4.5015E-09 4.3674E-09 4.2370E-09 4.1109E-09 3.9898E-09 3.8718E-09
2.2776E-08 2.3650E-08 2.4678E-08 2.6127E-08 2.7880E-08 3.0186E-08 3.3187E-08 3.6999E-08 4.1894E-08 4.8461E-08 5.7142E-08 6.9496E-08 8.5975E-08 1.0822E-07 1.2839E-07 1.3891E-07 1.2169E-07 1.0018E-07 7.7976E-08 3.6705E-08 1.1428E-08 9.5078E-09 9.3034E-09 9.1035E-09 8.9080E-09 8.7167E-09 8.5298E-09 8.3460E-09 8.1647E-09 7.9856E-09 7.8061E-09 7.6261E-09 7.4457E-09 7.2676E-09 7.0911E-09 6.9186E-09 6.7500E-09 6.5860E-09 6.4232E-09 6.2610E-09 6.0998E-09 5.9392E-09 5.7801E-09 5.6226E-09 5.4675E-09 5.3150E-09 5.1647E-09 5.0179E-09 4.8747E-09 4.7337E-09 4.5982E-09 4.4642E-09 4.3341E-09 4.2076E-09 4.0852E-09 3.9674E-09 3.8526E-09
1.8809E-08 1.9144E-08 1.9576E-08 2.0220E-08 2.1029E-08 2.2197E-08 2.3700E-08 2.5872E-08 2.8762E-08 3.3044E-08 3.9530E-08 5.0340E-08 6.7416E-08 9.8797E-08 1.4711E-07 2.3355E-07 3.5220E-07 4.5859E-07 4.8594E-07 3.2832E-07 1.4964E-07 1.4198E-08 9.1136E-09 8.9199E-09 8.7299E-09 8.5440E-09 8.3618E-09 8.1830E-09 8.0070E-09 7.8338E-09 7.6594E-09 7.4846E-09 7.3097E-09 7.1368E-09 6.9654E-09 6.8002E-09 6.6379E-09 6.4797E-09 6.3218E-09 6.1646E-09 6.0075E-09 5.8518E-09 5.6975E-09 5.5458E-09 5.3955E-09 5.2479E-09 5.1024E-09 4.9604E-09 4.8217E-09 4.6853E-09 4.5532E-09 4.4234E-09 4.2982E-09 4.1757E-09 4.0571E-09 3.9427E-09 3.8312E-09
1.6137E-08 1.6128E-08 1.6193E-08 1.6263E-08 1.6454E-08 1.6771E-08 1.7287E-08 1.8031E-08 1.9202E-08 2.1026E-08 2.4057E-08 2.9359E-08 3.7378E-08 5.1293E-08 6.9883E-08 9.6023E-08 1.3222E-07 2.1122E-07 3.6311E-07 7.0495E-07 1.6632E-06 6.3362E-06 8.9156E-09 8.7301E-09 8.5470E-09 8.3673E-09 8.1907E-09 8.0170E-09 7.8461E-09 7.6766E-09 7.5067E-09 7.3363E-09 7.1674E-09 7.0008E-09 6.8367E-09 6.6772E-09 6.5218E-09 6.3687E-09 6.2160E-09 6.0639E-09 5.9120E-09 5.7614E-09 5.6122E-09 5.4646E-09 5.3194E-09 5.1767E-09 5.0361E-09 4.8989E-09 4.7638E-09 4.6329E-09 4.5040E-09 4.3785E-09 4.2574E-09 4.1390E-09 4.0254E-09 3.9146E-09 3.8079E-09
1.4313E-08 1.4152E-08 1.3999E-08 1.3848E-08 1.3744E-08 1.3660E-08 1.3639E-08 1.3698E-08 1.3858E-08 1.4225E-08 1.4776E-08 1.5733E-08 1.6618E-08 1.7319E-08 1.5550E-08 1.2601E-08 9.9601E-09 9.6249E-09 9.4219E-09 9.2395E-09 9.0598E-09 8.8813E-09 8.7045E-09 8.5293E-09 8.3560E-09 8.1846E-09 8.0150E-09 7.8473E-09 7.6820E-09 7.5167E-09 7.3519E-09 7.1861E-09 7.0229E-09 6.8618E-09 6.7030E-09 6.5497E-09 6.4013E-09 6.2536E-09 6.1062E-09 5.9595E-09 5.8129E-09 5.6676E-09 5.5235E-09 5.3812E-09 5.2411E-09 5.1035E-09 4.9681E-09 4.8359E-09 4.7056E-09 4.5794E-09 4.4551E-09 4.3341E-09 4.2161E-09 4.1018E-09 3.9921E-09 3.8848E-09 3.7815E-09
1.3058E-08 1.2845E-08 1.2639E-08 1.2422E-08 1.2244E-08 1.2045E-08 1.1862E-08 1.1664E-08 1.1505E-08 1.1319E-08 1.1197E-08 1.1087E-08 1.0809E-08 1.0282E-08 9.9401E-09 9.6931E-09 9.5070E-09 9.3312E-09 9.1579E-09 8.9866E-09 8.8166E-09 8.6483E-09 8.4818E-09 8.3166E-09 8.1533E-09 7.9915E-09 7.8309E-09 7.6715E-09 7.5137E-09 7.3562E-09 7.1957E-09 7.0354E-09 6.8776E-09 6.7216E-09 6.5676E-09 6.4195E-09 6.2773E-09 6.1350E-09 5.9931E-09 5.8509E-09 5.7098E-09 5.5698E-09 5.4319E-09 5.2950E-09 5.1603E-09 5.0271E-09 4.8970E-09 4.7699E-09 4.6445E-09 4.5229E-09 4.4033E-09 4.2877E-09 4.1742E-09 4.0642E-09 3.9582E-09 3.8546E-09 3.7548E-09
1.2148E-08 1.1965E-08 1.1776E-08 1.1591E-08 1.1396E-08 1.1194E-08 1.0995E-08 1.0807E-08 1.0630E-08 1.0457E-08 1.0288E-08 1.0106E-08 9.9078E-09 9.7191E-09 9.5465E-09 9.3797E-09 9.2144E-09 9.0512E-09 8.8895E-09 8.7287E-09 8.5685E-09 8.4098E-09 8.2524E-09 8.0965E-09 7.9421E-09 7.7895E-09 7.6377E-09 7.4871E-09 7.3377E-09 7.1883E-09 7.0353E-09 6.8815E-09 6.7293E-09 6.5788E-09 6.4303E-09 6.2868E-09 6.1502E-09 6.0136E-09 5.8772E-09 5.7407E-09 5.6051E-09 5.4706E-09 5.3373E-09 5.2057E-09 5.0764E-09 4.9486E-09 4.8238E-09 4.7006E-09 4.5811E-09 4.4631E-09 4.3482E-09 4.2358E-09 4.1279E-09 4.0236E-09 3.9214E-09 3.8228E-09 3.7267E-09
1.1449E-08 1.1318E-08 1.1175E-08 1.1018E-08 1.0851E-08 1.0679E-08 1.0505E-08 1.0337E-08 1.0173E-08 1.0011E-08 9.8517E-09 9.6937E-09 9.5366E-09 9.3804E-09 9.2257E-09 9.0720E-09 8.9198E-09 8.7687E-09 8.6178E-09 8.4672E-09 8.3172E-09 8.1678E-09 8.0197E-09 7.8727E-09 7.7271E-09 7.5826E-09 7.4389E-09 7.2967E-09 7.1550E-09 7.0132E-09 6.8689E-09 6.7224E-09 6.5769E-09 6.4330E-09 6.2908E-09 6.1546E-09 6.0207E-09 5.8898E-09 5.7591E-09 5.6283E-09 5.4984E-09 5.3693E-09 5.2415E-09 5.1155E-09 4.9916E-09 4.8693E-09 4.7498E-09 4.6319E-09 4.5174E-09 4.4044E-09 4.2942E-09 4.1866E-09 4.0821E-09 3.9817E-09 3.8834E-09 3.7885E-09 3.6961E-09
1.0839E-08 1.0732E-08 1.0609E-08 1.0474E-08 1.0329E-08 1.0182E-08 1.0039E-08 9.8970E-09 9.7554E-09 9.6145E-09 9.4727E-09 9.3305E-09 9.1880E-09 9.0461E-09 8.9048E-09 8.7645E-09 8.6248E-09 8.4849E-09 8.3445E-09 8.2041E-09 8.0637E-09 7.9240E-09 7.7849E-09 7.6469E-09 7.5100E-09 7.3735E-09 7.2379E-09 7.1034E-09 6.9688E-09 6.8331E-09 6.6962E-09 6.5586E-09 6.4195E-09 6.2825E-09 6.1480E-09 6.0182E-09 5.8894E-09 5.7643E-09 5.6384E-09 5.5133E-09 5.3890E-09 5.2664E-09 5.1443E-09 5.0239E-09 4.9048E-09 4.7880E-09 4.6726E-09 4.5599E-09 4.4504E-09 4.3423E-09 4.2377E-09 4.1347E-09 4.0362E-09 3.9399E-09 3.8455E-09 3.7543E-09 3.6656E-09
1.0251E-08 1.0161E-08 1.0056E-08 9.9402E-09 9.8213E-09 9.7045E-09 9.5855E-09 9.4661E-09 9.3455E-09 9.2223E-09 9.0971E-09 8.9701E-09 8.8422E-09 8.7143E-09 8.5863E-09 8.4588E-09 8.3306E-09 8.2011E-09 8.0710E-09 7.9402E-09 7.8096E-09 7.6794E-09 7.5493E-09 7.4202E-09 7.2915E-09 7.1634E-09 7.0360E-09 6.9087E-09 6.7813E-09 6.6519E-09 6.5218E-09 6.3901E-09 6.2586E-09 6.1285E-09 6.0019E-09 5.8778E-09 5.7569E-09 5.6375E-09 5.5175E-09 5.3982E-09 5.2796E-09 5.1618E-09 5.0453E-09 4.9304E-09 4.8169E-09 4.7057E-09 4.5958E-09 4.4891E-09 4.3835E-09 4.2803E-09 4.1793E-09 4.0810E-09 3.9869E-09 3.8946E-09 3.8052E-09 3.7179E-09 3.6343E-09
9.6821E-09 9.6054E-09 9.5178E-09 9.4277E-09 9.3374E-09 9.2426E-09 9.1460E-09 9.0464E-09 8.9429E-09 8.8360E-09 8.7263E-09 8.6142E-09 8.5009E-09 8.3866E-09 8.2720E-09 8.1560E-09 8.0378E-09 7.9188E-09 7.7984E-09 7.6774E-09 7.5563E-09 7.4349E-09 7.3142E-09 7.1938E-09 7.0730E-09 6.9532E-09 6.8337E-09 6.7136E-09 6.5930E-09 6.4701E-09 6.3473E-09 6.2213E-09 6.0966E-09 5.9735E-09 5.8553E-09 5.7374E-09 5.6237E-09 5.5101E-09 5.3960E-09 5.2825E-09 5.1694E-09 5.0572E-09 4.9464E-09 4.8364E-09 4.7285E-09 4.6228E-09 4.5183E-09 4.4167E-09 4.3162E-09 4.2189E-09 4.1227E-09 4.0292E-09 3.9394E-09 3.8510E-09 3.7656E-09 3.6821E-09 3.6020E-09
9.1306E-09 9.0701E-09 9.0080E-09 8.9432E-09 8.8731E-09 8.7997E-09 8.7211E-09 8.6374E-09 8.5492E-09 8.4571E-09 8.3618E-09 8.2645E-09 8.1655E-09 8.0650E-09 7.9619E-09 7.8559E-09 7.7485E-09 7.6390E-09 7.5282E-09 7.4168E-09 7.3045E-09 7.1923E-09 7.0804E-09 6.9680E-09 6.8558E-09 6.7439E-09 6.6317E-09 6.5189E-09 6.4051E-09 6.2888E-09 6.1710E-09 6.0521E-09 5.9349E-09 5.8201E-09 5.7085E-09 5.5981E-09 5.4903E-09 5.3817E-09 5.2734E-09 5.1655E-09 5.0582E-09 4.9516E-09 4.8465E-09 4.7421E-09 4.6397E-09 4.5385E-09 4.4402E-09 4.3425E-09 4.2470E-09 4.1533E-09 4.0619E-09 3.9744E-09 3.8886E-09 3.8056E-09 3.7240E-09 3.6457E-09 3.5691E-09
8.6059E-09 8.5718E-09 8.5298E-09 8.4833E-09 8.4325E-09 8.3739E-09 8.3098E-09 8.2405E-09 8.1658E-09 8.0874E-09 8.0065E-09 7.9232E-09 7.8378E-09 7.7488E-09 7.6560E-09 7.5610E-09 7.4629E-09 7.3628E-09 7.2617E-09 7.1589E-09 7.0557E-09 6.9525E-09 6.8485E-09 6.7444E-09 6.6406E-09 6.5361E-09 6.4310E-09 6.3251E-09 6.2169E-09 6.1075E-09 5.9960E-09 5.8846E-09 5.7751E-09 5.6683E-09 5.5624E-09 5.4593E-09 5.3573E-09 5.2545E-09 5.1520E-09 5.0497E-09 4.9480E-09 4.8471E-09 4.7468E-09 4.6480E-09 4.5513E-09 4.4555E-09 4.3623E-09 4.2698E-09 4.1802E-09 4.0914E-09 4.0049E-09 3.9219E-09 3.8402E-09 3.7610E-09 3.6833E-09 3.6088E-09 3.5356E-09
8.1228E-09 8.1041E-09 8.0813E-09 8.0497E-09 8.0104E-09 7.9648E-09 7.9136E-09 7.8564E-09 7.7947E-09 7.7303E-09 7.6625E-09 7.5919E-09 7.5171E-09 7.4380E-09 7.3564E-09 7.2707E-09 7.1820E-09 7.0917E-09 6.9992E-09 6.9052E-09 6.8111E-09 6.7159E-09 6.6199E-09 6.5241E-09 6.4278E-09 6.3304E-09 6.2326E-09 6.1331E-09 6.0309E-09 5.9278E-09 5.8229E-09 5.7189E-09 5.6164E-09 5.5163E-09 5.4173E-09 5.3214E-09 5.2242E-09 5.1272E-09 5.0304E-09 4.9337E-09 4.8375E-09 4.7422E-09 4.6475E-09 4.5543E-09 4.4619E-09 4.3724E-09 4.2832E-09 4.1957E-09 4.1098E-09 4.0258E-09 3.9454E-09 3.8666E-09 3.7901E-09 3.7148E-09 3.6424E-09 3.5714E-09 3.5016E-09
7.6737E-09 7.6708E-09 7.6573E-09 7.6363E-09 7.6085E-09 7.5734E-09 7.5326E-09 7.4874E-09 7.4394E-09 7.3875E-09 7.3309E-09 7.2693E-09 7.2034E-09 7.1351E-09 7.0624E-09 6.9863E-09 6.9076E-09 6.8256E-09 6.7417E-09 6.6569E-09 6.5706E-09 6.4834E-09 6.3956E-09 6.3072E-09 6.2180E-09 6.1278E-09 6.0365E-09 5.9426E-09 5.8471E-09 5.7496E-09 5.6512E-09 5.5545E-09 5.4601E-09 5.3666E-09 5.2750E-09 5.1848E-09 5.0934E-09 5.0020E-09 4.9107E-09 4.8194E-09 4.7288E-09 4.6383E-09 4.5491E-09 4.4604E-09 4.3735E-09 4.2889E-09 4.2048E-09 4.1232E-09 4.0421E-09 3.9645E-09 3.8872E-09 3.8139E-09 3.7412E-09 3.6699E-09 3.6013E-09 3.5338E-09 3.4672E-09
7.2554E-09 7.2593E-09 7.2561E-09 7.2442E-09 7.2255E-09 7.1995E-09 7.1707E-09 7.1385E-09 7.1009E-09 7.0576E-09 7.0091E-09 6.9566E-09 6.9002E-09 6.8392E-09 6.7757E-09 6.7093E-09 6.6388E-09 6.5655E-09 6.4907E-09 6.4136E-09 6.3354E-09 6.2561E-09 6.1757E-09 6.0943E-09 6.0123E-09 5.9290E-09 5.8430E-09 5.7547E-09 5.6651E-09 5.5738E-09 5.4827E-09 5.3939E-09 5.3063E-09 5.2195E-09 5.1346E-09 5.0491E-09 4.9633E-09 4.8774E-09 4.7915E-09 4.7056E-09 4.6205E-09 4.5356E-09 4.4518E-09 4.3687E-09 4.2880E-09 4.2074E-09 4.1284E-09 4.0504E-09 3.9741E-09 3.9011E-09 3.8295E-09 3.7600E-09 3.6912E-09 3.6250E-09 3.5601E-09 3.4959E-09 3.4326E-09
6.8614E-09 6.8722E-09 6.8764E-09 6.8720E-09 6.8628E-09 6.8504E-09 6.8322E-09 6.8064E-09 6.7755E-09 6.7398E-09 6.6997E-09 6.6546E-09 6.6052E-09 6.5533E-09 6.4979E-09 6.4387E-09 6.3771E-09 6.3127E-09 6.2456E-09 6.1766E-09 6.1061E-09 6.0341E-09 5.9608E-09 5.8864E-09 5.8112E-09 5.7333E-09 5.6525E-09 5.5701E-09 5.4864E-09 5.4016E-09 5.3184E-09 5.2366E-09 5.1550E-09 5.0753E-09 4.9955E-09 4.9155E-09 4.8351E-09 4.7555E-09 4.6748E-09 4.5944E-09 4.5139E-09 4.4343E-09 4.3549E-09 4.2772E-09 4.2002E-09 4.1246E-09 4.0501E-09 3.9769E-09 3.9068E-09 3.8383E-09 3.7720E-09 3.7062E-09 3.6427E-09 3.5803E-09 3.5189E-09 3.4580E-09 3.3978E-09
6.4905E-09 6.5056E-09 6.5181E-09 6.5270E-09 6.5293E-09 6.5223E-09 6.5081E-09 6.4893E-09 6.4653E-09 6.4357E-09 6.4014E-09 6.3636E-09 6.3224E-09 6.2768E-09 6.2283E-09 6.1773E-09 6.1233E-09 6.0667E-09 6.0076E-09 5.9462E-09 5.8828E-09 5.8177E-09 5.7516E-09 5.6840E-09 5.6141E-09 5.5411E-09 5.4660E-09 5.3894E-09 5.3114E-09 5.2338E-09 5.1581E-09 5.0822E-09 5.0075E-09 4.9343E-09 4.8600E-09 4.7852E-09 4.7103E-09 4.6349E-09 4.5593E-09 4.4835E-09 4.4083E-09 4.3340E-09 4.2601E-09 4.1884E-09 4.1164E-09 4.0452E-09 3.9755E-09 3.9086E-09 3.8432E-09 3.7789E-09 3.7163E-09 3.6544E-09 3.5946E-09 3.5359E-09 3.4778E-09 3.4201E-09 3.3630E-09
6.1450E-09 6.1737E-09 6.1949E-09 6.2063E-09 6.2101E-09 6.2091E-09 6.2025E-09 6.1882E-09 6.1679E-09 6.1440E-09 6.1170E-09 6.0851E-09 6.0491E-09 6.0110E-09 5.9695E-09 5.9244E-09 5.8778E-09 5.8286E-09 5.7768E-09 5.7223E-09 5.6657E-09 5.6079E-09 5.5486E-09 5.4866E-09 5.4212E-09 5.3531E-09 5.2840E-09 5.2128E-09 5.1415E-09 5.0714E-09 5.0015E-09 4.9322E-09 4.8642E-09 4.7955E-09 4.7264E-09 4.6568E-09 4.5870E-09 4.5166E-09 4.4462E-09 4.3755E-09 4.3055E-09 4.2356E-09 4.1678E-09 4.0987E-09 4.0325E-09 3.9663E-09 3.9012E-09 3.8389E-09 3.7779E-09 3.7188E-09 3.6599E-09 3.6030E-09 3.5471E-09 3.4917E-09 3.4368E-09 3.3823E-09 3.3282E-09
5.8359E-09 5.8639E-09 5.8850E-09 5.9015E-09 5.9119E-09 5.9142E-09 5.9092E-09 5.9000E-09 5.8869E-09 5.8680E-09 5.8441E-09 5.8177E-09 5.7891E-09 5.7560E-09 5.7201E-09 5.6822E-09 5.6416E-09 5.5987E-09 5.5528E-09 5.5052E-09 5.4563E-09 5.4048E-09 5.3509E-09 5.2936E-09 5.2325E-09 5.1709E-09 5.1065E-09 5.0411E-09 4.9774E-09 4.9135E-09 4.8494E-09 4.7868E-09 4.7236E-09 4.6600E-09 4.5960E-09 4.5323E-09 4.4673E-09 4.4018E-09 4.3348E-09 4.2692E-09 4.2032E-09 4.1394E-09 4.0752E-09 4.0118E-09 3.9491E-09 3.8874E-09 3.8284E-09 3.7706E-09 3.7149E-09 3.6594E-09 3.6055E-09 3.5524E-09 3.5000E-09 3.4479E-09 3.3961E-09 3.3447E-09 3.2935E-09
5.5406E-09 5.5727E-09 5.5982E-09 5.6153E-09 5.6257E-09 5.6321E-09 5.6341E-09 5.6296E-09 5.6181E-09 5.6030E-09 5.5860E-09 5.5646E-09 5.5388E-09 5.5118E-09 5.4827E-09 5.4502E-09 5.4147E-09 5.3764E-09 5.3371E-09 5.2969E-09 5.2536E-09 5.2076E-09 5.1583E-09 5.1050E-09 5.0501E-09 4.9934E-09 4.9343E-09 4.8764E-09 4.8188E-09 4.7601E-09 4.7028E-09 4.6461E-09 4.5877E-09 4.5290E-09 4.4699E-09 4.4101E-09 4.3496E-09 4.2883E-09 4.2272E-09 4.1653E-09 4.1046E-09 4.0444E-09 3.9847E-09 3.9268E-09 3.8688E-09 3.8131E-09 3.7571E-09 3.7050E-09 3.6529E-09 3.6023E-09 3.5521E-09 3.5026E-09 3.4535E-09 3.4046E-09 3.3558E-09 3.3073E-09 3.2589E-09
5.2671E-09 5.2979E-09 5.3230E-09 5.3439E-09 5.3597E-09 5.3688E-09 5.3710E-09 5.3692E-09 5.3649E-09 5.3551E-09 5.3396E-09 5.3214E-09 5.3025E-09 5.2808E-09 5.2556E-09 5.2270E-09 5.1960E-09 5.1645E-09 5.1313E-09 5.0955E-09 5.0574E-09 5.0158E-09 4.9702E-09 4.9228E-09 4.8733E-09 4.8213E-09 4.7695E-09 4.7177E-09 4.6648E-09 4.6127E-09 4.5615E-09 4.5086E-09 4.4549E-09 4.4009E-09 4.3465E-09 4.2910E-09 4.2344E-09 4.1779E-09 4.1215E-09 4.0648E-09 4.0086E-09 3.9530E-09 3.8987E-09 3.8428E-09 3.7906E-09 3.7394E-09 3.6905E-09 3.6406E-09 3.5934E-09 3.5462E-09 3.4996E-09 3.4535E-09 3.4076E-09 3.3617E-09 3.3159E-09 3.2702E-09 3.2245E-09
5.0078E-09 5.0412E-09 5.0688E-09 5.0896E-09 5.1049E-09 5.1165E-09 5.1247E-09 5.1277E-09 5.1237E-09 5.1160E-09 5.1067E-09 5.0945E-09 5.0786E-09 5.0594E-09 5.0371E-09 5.0138E-09 4.9895E-09 4.9627E-09 4.9333E-09 4.9016E-09 4.8670E-09 4.8291E-09 4.7890E-09 4.7467E-09 4.7019E-09 4.6569E-09 4.6111E-09 4.5640E-09 4.5173E-09 4.4714E-09 4.4237E-09 4.3753E-09 4.3261E-09 4.2767E-09 4.2265E-09 4.1753E-09 4.1226E-09 4.0707E-09 4.0180E-09 3.9672E-09 3.9155E-09 3.8637E-09 3.8127E-09 3.7639E-09 3.7146E-09 3.6692E-09 3.6241E-09 3.5789E-09 3.5349E-09 3.4913E-09 3.4483E-09 3.4053E-09 3.3623E-09 3.3194E-09 3.2764E-09 3.2334E-09 3.1904E-09
4.7666E-09 4.7986E-09 4.8259E-09 4.8496E-09 4.8689E-09 4.8826E-09 4.8900E-09 4.8940E-09 4.8961E-09 4.8942E-09 4.8885E-09 4.8780E-09 4.8635E-09 4.8477E-09 4.8315E-09 4.8133E-09 4.7922E-09 4.7690E-09 4.7428E-09 4.7142E-09 4.6830E-09 4.6496E-09 4.6141E-09 4.5769E-09 4.5388E-09 4.4992E-09 4.4580E-09 4.4169E-09 4.3765E-09 4.3340E-09 4.2906E-09 4.2464E-09 4.2017E-09 4.1563E-09 4.1101E-09 4.0627E-09 4.0143E-09 3.9658E-09 3.9190E-09 3.8714E-09 3.8247E-09 3.7759E-09 3.7307E-09 3.6846E-09 3.6424E-09 3.6008E-09 3.5591E-09 3.5183E-09 3.4778E-09 3.4377E-09 3.3978E-09 3.3578E-09 3.3178E-09 3.2776E-09 3.2373E-09 3.1970E-09 3.1565E-09
