Assets/Resources/2015_m01_d24_1400(utc+0800)_l00_csi_1hr_conc.grd
DSAA
         159         159
     -79.000      79.000
     -79.000      79.000
  0.1688E-10  0.9374E-06
[rows 0 to 24 of 159, columns 57 to 113 of 159]
3.0590E-09 2.9965E-09 2.9349E-09 2.8727E-09 2.8140E-09 2.7522E-09 2.6963E-09 2.6406E-09 2.5853E-09 2.5305E-09 2.4761E-09 2.4225E-09 2.3695E-09 2.3173E-09 2.2658E-09 2.2151E-09 2.1652E-09 2.1162E-09 2.0680E-09 2.0207E-09 1.9743E-09 1.9288E-09 1.8840E-09 1.8401E-09 1.7971E-09 1.7548E-09 1.7132E-09 1.6725E-09 1.6326E-09 1.5934E-09 1.5549E-09 1.5171E-09 1.4799E-09 1.4367E-09 1.3994E-09 1.3622E-09 1.3288E-09 1.2945E-09 1.2624E-09 1.2292E-09 1.1983E-09 1.1663E-09 1.1364E-09 1.1049E-09 1.0762E-09 1.0466E-09 1.0190E-09 9.9123E-10 9.6472E-10 9.3797E-10 9.1173E-10 8.8679E-10 8.6231E-10 8.3761E-10 8.1348E-10 7.9052E-10 7.6802E-10
3.0891E-09 3.0260E-09 2.9638E-09 2.9012E-09 2.8419E-09 2.7809E-09 2.7231E-09 2.6670E-09 2.6112E-09 2.5560E-09 2.5014E-09 2.4474E-09 2.3941E-09 2.3416E-09 2.2898E-09 2.2388E-09 2.1887E-09 2.1395E-09 2.0910E-09 2.0436E-09 1.9969E-09 1.9510E-09 1.9060E-09 1.8618E-09 1.8184E-09 1.7758E-09 1.7340E-09 1.6930E-09 1.6527E-09 1.6131E-09 1.5742E-09 1.5360E-09 1.4985E-09 1.4549E-09 1.4172E-09 1.3796E-09 1.3459E-09 1.3112E-09 1.2787E-09 1.2452E-09 1.2138E-09 1.1815E-09 1.1513E-09 1.1194E-09 1.0904E-09 1.0604E-09 1.0325E-09 1.0044E-09 9.7760E-10 9.5052E-10 9.2399E-10 8.9875E-10 8.7398E-10 8.4899E-10 8.2457E-10 8.0134E-10 7.7856E-10
3.1178E-09 3.0542E-09 2.9914E-09 2.9283E-09 2.8686E-09 2.8071E-09 2.7489E-09 2.6923E-09 2.6363E-09 2.5808E-09 2.5259E-09 2.4717E-09 2.4181E-09 2.3653E-09 2.3134E-09 2.2622E-09 2.2118E-09 2.1624E-09 2.1138E-09 2.0661E-09 2.0191E-09 1.9730E-09 1.9277E-09 1.8832E-09 1.8396E-09 1.7967E-09 1.7546E-09 1.7132E-09 1.6725E-09 1.6326E-09 1.5933E-09 1.5548E-09 1.5169E-09 1.4729E-09 1.4348E-09 1.3969E-09 1.3628E-09 1.3277E-09 1.2948E-09 1.2609E-09 1.2293E-09 1.1966E-09 1.1660E-09 1.1338E-09 1.1045E-09 1.0741E-09 1.0460E-09 1.0175E-09 9.9041E-10 9.6305E-10 9.3622E-10 9.1069E-10 8.8563E-10 8.6035E-10 8.3566E-10 8.1215E-10 7.8910E-10
3.1449E-09 3.0809E-09 3.0177E-09 2.9542E-09 2.8940E-09 2.8322E-09 2.7736E-09 2.7169E-09 2.6606E-09 2.6048E-09 2.5497E-09 2.4952E-09 2.4415E-09 2.3886E-09 2.3364E-09 2.2851E-09 2.2347E-09 2.1850E-09 2.1362E-09 2.0882E-09 2.0410E-09 1.9946E-09 1.9491E-09 1.9044E-09 1.8604E-09 1.8172E-09 1.7748E-09 1.7331E-09 1.6920E-09 1.6517E-09 1.6121E-09 1.5732E-09 1.5334E-09 1.4906E-09 1.4515E-09 1.4139E-09 1.3795E-09 1.3440E-09 1.3108E-09 1.2766E-09 1.2446E-09 1.2115E-09 1.1807E-09 1.1481E-09 1.1185E-09 1.0878E-09 1.0594E-09 1.0306E-09 1.0032E-09 9.7554E-10 9.4842E-10 9.2260E-10 8.9725E-10 8.7170E-10 8.4673E-10 8.2295E-10 7.9963E-10
3.1705E-09 3.1061E-09 3.0426E-09 2.9787E-09 2.9182E-09 2.8562E-09 2.7975E-09 2.7404E-09 2.6840E-09 2.6281E-09 2.5728E-09 2.5182E-09 2.4644E-09 2.4113E-09 2.3590E-09 2.3076E-09 2.2570E-09 2.2072E-09 2.1582E-09 2.1099E-09 2.0625E-09 2.0160E-09 1.9702E-09 1.9252E-09 1.8809E-09 1.8374E-09 1.7946E-09 1.7526E-09 1.7112E-09 1.6706E-09 1.6307E-09 1.5914E-09 1.5513E-09 1.5074E-09 1.4687E-09 1.4308E-09 1.3960E-09 1.3602E-09 1.3267E-09 1.2921E-09 1.2597E-09 1.2264E-09 1.1952E-09 1.1623E-09 1.1324E-09 1.1015E-09 1.0727E-09 1.0437E-09 1.0159E-09 9.8798E-10 9.6058E-10 9.3448E-10 9.0885E-10 8.8303E-10 8.5779E-10 8.3373E-10 8.1014E-10
3.1944E-09 3.1298E-09 3.0660E-09 3.0020E-09 2.9402E-09 2.8792E-09 2.8203E-09 2.7632E-09 2.7065E-09 2.6505E-09 2.5952E-09 2.5405E-09 2.4866E-09 2.4335E-09 2.3812E-09 2.3296E-09 2.2788E-09 2.2288E-09 2.1796E-09 2.1312E-09 2.0837E-09 2.0369E-09 1.9908E-09 1.9455E-09 1.9010E-09 1.8572E-09 1.8141E-09 1.7718E-09 1.7301E-09 1.6892E-09 1.6489E-09 1.6093E-09 1.5689E-09 1.5247E-09 1.4856E-09 1.4474E-09 1.4118E-09 1.3762E-09 1.3418E-09 1.3075E-09 1.2748E-09 1.2411E-09 1.2096E-09 1.1764E-09 1.1462E-09 1.1150E-09 1.0859E-09 1.0566E-09 1.0286E-09 1.0004E-09 9.7270E-10 9.4632E-10 9.2042E-10 8.9432E-10 8.6882E-10 8.4449E-10 8.2064E-10
3.2167E-09 3.1519E-09 3.0881E-09 3.0240E-09 2.9621E-09 2.9011E-09 2.8422E-09 2.7850E-09 2.7283E-09 2.6723E-09 2.6169E-09 2.5623E-09 2.5083E-09 2.4551E-09 2.4027E-09 2.3510E-09 2.3001E-09 2.2499E-09 2.2006E-09 2.1521E-09 2.1043E-09 2.0573E-09 2.0110E-09 1.9655E-09 1.9206E-09 1.8766E-09 1.8332E-09 1.7906E-09 1.7486E-09 1.7074E-09 1.6668E-09 1.6269E-09 1.5862E-09 1.5417E-09 1.5023E-09 1.4638E-09 1.4279E-09 1.3920E-09 1.3573E-09 1.3226E-09 1.2891E-09 1.2557E-09 1.2232E-09 1.1905E-09 1.1600E-09 1.1285E-09 1.0991E-09 1.0695E-09 1.0412E-09 1.0127E-09 9.8477E-10 9.5812E-10 9.3194E-10 9.0558E-10 8.7981E-10 8.5522E-10 8.3111E-10
3.2375E-09 3.1728E-09 3.1077E-09 3.0449E-09 2.9830E-09 2.9220E-09 2.8631E-09 2.8059E-09 2.7492E-09 2.6933E-09 2.6380E-09 2.5833E-09 2.5293E-09 2.4761E-09 2.4236E-09 2.3718E-09 2.3208E-09 2.2706E-09 2.2211E-09 2.1724E-09 2.1244E-09 2.0772E-09 2.0306E-09 1.9849E-09 1.9398E-09 1.8955E-09 1.8519E-09 1.8090E-09 1.7667E-09 1.7252E-09 1.6844E-09 1.6442E-09 1.6032E-09 1.5584E-09 1.5188E-09 1.4800E-09 1.4437E-09 1.4076E-09 1.3726E-09 1.3377E-09 1.3039E-09 1.2702E-09 1.2374E-09 1.2044E-09 1.1736E-09 1.1418E-09 1.1122E-09 1.0823E-09 1.0538E-09 1.0250E-09 9.9679E-10 9.6986E-10 9.4342E-10 9.1680E-10 8.9077E-10 8.6592E-10 8.4154E-10
3.2556E-09 3.1909E-09 3.1272E-09 3.0645E-09 3.0027E-09 2.9419E-09 2.8830E-09 2.8259E-09 2.7694E-09 2.7135E-09 2.6582E-09 2.6036E-09 2.5496E-09 2.4963E-09 2.4437E-09 2.3920E-09 2.3409E-09 2.2906E-09 2.2409E-09 2.1921E-09 2.1439E-09 2.0965E-09 2.0498E-09 2.0038E-09 1.9585E-09 1.9140E-09 1.8701E-09 1.8269E-09 1.7845E-09 1.7427E-09 1.7015E-09 1.6611E-09 1.6198E-09 1.5749E-09 1.5350E-09 1.4959E-09 1.4594E-09 1.4230E-09 1.3877E-09 1.3525E-09 1.3185E-09 1.2845E-09 1.2514E-09 1.2182E-09 1.1871E-09 1.1551E-09 1.1252E-09 1.0951E-09 1.0655E-09 1.0372E-09 1.0087E-09 9.8154E-10 9.5484E-10 9.2726E-10 9.0168E-10 8.7657E-10 8.5192E-10
3.2734E-09 3.2089E-09 3.1454E-09 3.0829E-09 3.0201E-09 2.9594E-09 2.9020E-09 2.8451E-09 2.7887E-09 2.7329E-09 2.6777E-09 2.6230E-09 2.5691E-09 2.5158E-09 2.4633E-09 2.4114E-09 2.3603E-09 2.3098E-09 2.2601E-09 2.2111E-09 2.1628E-09 2.1152E-09 2.0684E-09 2.0222E-09 1.9767E-09 1.9320E-09 1.8879E-09 1.8445E-09 1.8018E-09 1.7597E-09 1.7184E-09 1.6777E-09 1.6346E-09 1.5910E-09 1.5501E-09 1.5116E-09 1.4748E-09 1.4382E-09 1.4026E-09 1.3672E-09 1.3329E-09 1.2987E-09 1.2653E-09 1.2319E-09 1.2005E-09 1.1683E-09 1.1381E-09 1.1077E-09 1.0778E-09 1.0493E-09 1.0206E-09 9.9316E-10 9.6619E-10 9.3837E-10 9.1252E-10 8.8716E-10 8.6226E-10
3.2896E-09 3.2255E-09 3.1611E-09 3.0988E-09 3.0377E-09 2.9773E-09 2.9201E-09 2.8633E-09 2.8071E-09 2.7513E-09 2.6961E-09 2.6416E-09 2.5878E-09 2.5346E-09 2.4820E-09 2.4301E-09 2.3789E-09 2.3284E-09 2.2786E-09 2.2295E-09 2.1811E-09 2.1334E-09 2.0864E-09 2.0401E-09 1.9944E-09 1.9495E-09 1.9052E-09 1.8616E-09 1.8187E-09 1.7764E-09 1.7348E-09 1.6939E-09 1.6507E-09 1.6061E-09 1.5658E-09 1.5271E-09 1.4895E-09 1.4531E-09 1.4168E-09 1.3817E-09 1.3466E-09 1.3127E-09 1.2783E-09 1.2454E-09 1.2130E-09 1.1813E-09 1.1509E-09 1.1202E-09 1.0901E-09 1.0614E-09 1.0324E-09 1.0047E-09 9.7747E-10 9.4941E-10 9.2331E-10 8.9769E-10 8.7254E-10
3.3045E-09 3.2407E-09 3.1767E-09 3.1149E-09 3.0542E-09 2.9941E-09 2.9371E-09 2.8805E-09 2.8244E-09 2.7688E-09 2.7138E-09 2.6594E-09 2.6056E-09 2.5524E-09 2.4999E-09 2.4480E-09 2.3968E-09 2.3463E-09 2.2965E-09 2.2473E-09 2.1988E-09 2.1510E-09 2.1038E-09 2.0574E-09 2.0116E-09 1.9665E-09 1.9220E-09 1.8783E-09 1.8351E-09 1.7927E-09 1.7509E-09 1.7098E-09 1.6657E-09 1.6217E-09 1.5812E-09 1.5423E-09 1.5045E-09 1.4679E-09 1.4314E-09 1.3960E-09 1.3607E-09 1.3265E-09 1.2919E-09 1.2588E-09 1.2262E-09 1.1942E-09 1.1628E-09 1.1327E-09 1.1023E-09 1.0726E-09 1.0441E-09 1.0161E-09 9.8867E-10 9.6038E-10 9.3402E-10 9.0814E-10 8.8275E-10
3.3166E-09 3.2521E-09 3.1912E-09 3.1287E-09 3.0682E-09 3.0097E-09 2.9529E-09 2.8965E-09 2.8407E-09 2.7853E-09 2.7305E-09 2.6762E-09 2.6225E-09 2.5695E-09 2.5170E-09 2.4652E-09 2.4140E-09 2.3635E-09 2.3136E-09 2.2644E-09 2.2158E-09 2.1679E-09 2.1207E-09 2.0741E-09 2.0282E-09 1.9830E-09 1.9384E-09 1.8945E-09 1.8512E-09 1.8086E-09 1.7666E-09 1.7253E-09 1.6811E-09 1.6370E-09 1.5964E-09 1.5572E-09 1.5192E-09 1.4824E-09 1.4457E-09 1.4101E-09 1.3746E-09 1.3402E-09 1.3054E-09 1.2720E-09 1.2392E-09 1.2070E-09 1.1753E-09 1.1450E-09 1.1144E-09 1.0844E-09 1.0557E-09 1.0275E-09 9.9977E-10 9.7125E-10 9.4464E-10 9.1852E-10 8.9288E-10
3.3286E-09 3.2648E-09 3.2031E-09 3.1423E-09 3.0823E-09 3.0241E-09 2.9676E-09 2.9116E-09 2.8559E-09 2.8008E-09 2.7462E-09 2.6921E-09 2.6385E-09 2.5856E-09 2.5332E-09 2.4815E-09 2.4303E-09 2.3799E-09 2.3300E-09 2.2808E-09 2.2322E-09 2.1842E-09 2.1369E-09 2.0903E-09 2.0443E-09 1.9989E-09 1.9542E-09 1.9102E-09 1.8668E-09 1.8241E-09 1.7820E-09 1.7390E-09 1.6946E-09 1.6512E-09 1.6104E-09 1.5719E-09 1.5337E-09 1.4967E-09 1.4598E-09 1.4240E-09 1.3883E-09 1.3529E-09 1.3187E-09 1.2851E-09 1.2513E-09 1.2196E-09 1.1877E-09 1.1572E-09 1.1264E-09 1.0961E-09 1.0672E-09 1.0387E-09 1.0101E-09 9.8203E-10 9.5518E-10 9.2881E-10 9.0292E-10
3.3379E-09 3.2760E-09 3.2149E-09 3.1534E-09 3.0951E-09 3.0373E-09 2.9812E-09 2.9255E-09 2.8701E-09 2.8152E-09 2.7608E-09 2.7069E-09 2.6536E-09 2.6008E-09 2.5486E-09 2.4970E-09 2.4459E-09 2.3955E-09 2.3457E-09 2.2964E-09 2.2479E-09 2.1999E-09 2.1526E-09 2.1059E-09 2.0598E-09 2.0144E-09 1.9696E-09 1.9255E-09 1.8820E-09 1.8391E-09 1.7969E-09 1.7538E-09 1.7085E-09 1.6651E-09 1.6249E-09 1.5857E-09 1.5474E-09 1.5102E-09 1.4731E-09 1.4371E-09 1.4012E-09 1.3662E-09 1.3310E-09 1.2980E-09 1.2640E-09 1.2321E-09 1.2000E-09 1.1692E-09 1.1382E-09 1.1077E-09 1.0786E-09 1.0499E-09 1.0210E-09 9.9270E-10 9.6561E-10 9.3900E-10 9.1288E-10
3.3470E-09 3.2845E-09 3.2241E-09 3.1645E-09 3.1054E-09 3.0493E-09 2.9936E-09 2.9382E-09 2.8832E-09 2.8286E-09 2.7745E-09 2.7209E-09 2.6678E-09 2.6152E-09 2.5631E-09 2.5116E-09 2.4607E-09 2.4104E-09 2.3606E-09 2.3114E-09 2.2629E-09 2.2149E-09 2.1676E-09 2.1209E-09 2.0748E-09 2.0293E-09 1.9845E-09 1.9403E-09 1.8967E-09 1.8538E-09 1.8114E-09 1.7683E-09 1.7230E-09 1.6795E-09 1.6392E-09 1.5998E-09 1.5614E-09 1.5240E-09 1.4867E-09 1.4506E-09 1.4145E-09 1.3793E-09 1.3439E-09 1.3107E-09 1.2765E-09 1.2444E-09 1.2121E-09 1.1803E-09 1.1499E-09 1.1192E-09 1.0898E-09 1.0609E-09 1.0318E-09 1.0033E-09 9.7593E-10 9.4909E-10 9.2272E-10
3.3534E-09 3.2929E-09 3.2319E-09 3.1742E-09 3.1157E-09 3.0601E-09 3.0048E-09 2.9498E-09 2.8952E-09 2.8410E-09 2.7872E-09 2.7338E-09 2.6810E-09 2.6286E-09 2.5768E-09 2.5255E-09 2.4747E-09 2.4245E-09 2.3748E-09 2.3257E-09 2.2773E-09 2.2294E-09 2.1820E-09 2.1353E-09 2.0892E-09 2.0438E-09 1.9989E-09 1.9546E-09 1.9110E-09 1.8680E-09 1.8256E-09 1.7801E-09 1.7371E-09 1.6927E-09 1.6523E-09 1.6137E-09 1.5750E-09 1.5375E-09 1.5001E-09 1.4638E-09 1.4276E-09 1.3914E-09 1.3567E-09 1.3225E-09 1.2889E-09 1.2566E-09 1.2241E-09 1.1921E-09 1.1614E-09 1.1305E-09 1.1009E-09 1.0717E-09 1.0417E-09 1.0137E-09 9.8613E-10 9.5906E-10 9.3246E-10
3.3582E-09 3.2998E-09 3.2397E-09 3.1814E-09 3.1248E-09 3.0697E-09 3.0149E-09 2.9603E-09 2.9061E-09 2.8523E-09 2.7988E-09 2.7458E-09 2.6933E-09 2.6412E-09 2.5896E-09 2.5385E-09 2.4879E-09 2.4378E-09 2.3883E-09 2.3393E-09 2.2909E-09 2.2431E-09 2.1959E-09 2.1492E-09 2.1031E-09 2.0577E-09 2.0128E-09 1.9685E-09 1.9248E-09 1.8818E-09 1.8393E-09 1.7938E-09 1.7484E-09 1.7065E-09 1.6660E-09 1.6266E-09 1.5884E-09 1.5503E-09 1.5132E-09 1.4763E-09 1.4404E-09 1.4041E-09 1.3692E-09 1.3348E-09 1.3010E-09 1.2678E-09 1.2358E-09 1.2037E-09 1.1720E-09 1.1417E-09 1.1118E-09 1.0825E-09 1.0523E-09 1.0240E-09 9.9620E-10 9.6890E-10 9.4208E-10
3.3618E-09 3.3031E-09 3.2450E-09 3.1886E-09 3.1326E-09 3.0781E-09 3.0238E-09 2.9697E-09 2.9160E-09 2.8626E-09 2.8095E-09 2.7569E-09 2.7046E-09 2.6528E-09 2.6015E-09 2.5506E-09 2.5003E-09 2.4504E-09 2.4011E-09 2.3522E-09 2.3040E-09 2.2562E-09 2.2091E-09 2.1625E-09 2.1165E-09 2.0710E-09 2.0262E-09 1.9819E-09 1.9382E-09 1.8951E-09 1.8511E-09 1.8072E-09 1.7611E-09 1.7198E-09 1.6793E-09 1.6399E-09 1.6015E-09 1.5633E-09 1.5261E-09 1.4890E-09 1.4522E-09 1.4165E-09 1.3815E-09 1.3469E-09 1.3130E-09 1.2796E-09 1.2474E-09 1.2151E-09 1.1832E-09 1.1527E-09 1.1226E-09 1.0923E-09 1.0626E-09 1.0341E-09 1.0061E-09 9.7862E-10 9.5158E-10
3.3652E-09 3.3074E-09 3.2502E-09 3.1934E-09 3.1393E-09 3.0853E-09 3.0316E-09 2.9780E-09 2.9248E-09 2.8718E-09 2.8192E-09 2.7670E-09 2.7151E-09 2.6636E-09 2.6126E-09 2.5620E-09 2.5119E-09 2.4622E-09 2.4131E-09 2.3644E-09 2.3163E-09 2.2687E-09 2.2217E-09 2.1752E-09 2.1292E-09 2.0839E-09 2.0390E-09 1.9948E-09 1.9511E-09 1.9081E-09 1.8641E-09 1.8178E-09 1.7741E-09 1.7321E-09 1.6917E-09 1.6527E-09 1.6138E-09 1.5760E-09 1.5382E-09 1.5015E-09 1.4646E-09 1.4280E-09 1.3935E-09 1.3581E-09 1.3247E-09 1.2911E-09 1.2580E-09 1.2263E-09 1.1942E-09 1.1635E-09 1.1332E-09 1.1027E-09 1.0728E-09 1.0442E-09 1.0159E-09 9.8819E-10 9.6094E-10
3.3673E-09 3.3081E-09 3.2530E-09 3.1981E-09 3.1447E-09 3.0914E-09 3.0382E-09 2.9853E-09 2.9326E-09 2.8801E-09 2.8279E-09 2.7761E-09 2.7246E-09 2.6735E-09 2.6228E-09 2.5725E-09 2.5227E-09 2.4733E-09 2.4244E-09 2.3759E-09 2.3280E-09 2.2806E-09 2.2337E-09 2.1873E-09 2.1415E-09 2.0962E-09 2.0514E-09 2.0072E-09 1.9636E-09 1.9205E-09 1.8758E-09 1.8305E-09 1.7852E-09 1.7448E-09 1.7044E-09 1.6648E-09 1.6263E-09 1.5878E-09 1.5505E-09 1.5131E-09 1.4766E-09 1.4399E-09 1.4046E-09 1.3698E-09 1.3363E-09 1.3025E-09 1.2692E-09 1.2373E-09 1.2051E-09 1.1741E-09 1.1436E-09 1.1130E-09 1.0829E-09 1.0540E-09 1.0256E-09 9.9762E-10 9.7016E-10
3.3658E-09 3.3100E-09 3.2558E-09 3.2018E-09 3.1490E-09 3.0964E-09 3.0438E-09 2.9915E-09 2.9393E-09 2.8874E-09 2.8357E-09 2.7843E-09 2.7333E-09 2.6826E-09 2.6322E-09 2.5823E-09 2.5327E-09 2.4836E-09 2.4350E-09 2.3868E-09 2.3390E-09 2.2918E-09 2.2451E-09 2.1988E-09 2.1531E-09 2.1079E-09 2.0633E-09 2.0192E-09 1.9756E-09 1.9326E-09 1.8865E-09 1.8420E-09 1.7976E-09 1.7563E-09 1.7167E-09 1.6770E-09 1.6380E-09 1.6000E-09 1.5620E-09 1.5250E-09 1.4877E-09 1.4517E-09 1.4162E-09 1.3812E-09 1.3468E-09 1.3136E-09 1.2802E-09 1.2473E-09 1.2157E-09 1.1846E-09 1.1539E-09 1.1224E-09 1.0928E-09 1.0637E-09 1.0350E-09 1.0069E-09 9.7923E-10
3.3655E-09 3.3107E-09 3.2562E-09 3.2042E-09 3.1522E-09 3.1003E-09 3.0484E-09 2.9966E-09 2.9451E-09 2.8937E-09 2.8425E-09 2.7916E-09 2.7410E-09 2.6907E-09 2.6408E-09 2.5912E-09 2.5420E-09 2.4932E-09 2.4449E-09 2.3969E-09 2.3494E-09 2.3024E-09 2.2559E-09 2.2098E-09 2.1642E-09 2.1192E-09 2.0746E-09 2.0306E-09 1.9871E-09 1.9427E-09 1.8982E-09 1.8515E-09 1.8095E-09 1.7682E-09 1.7281E-09 1.6889E-09 1.6498E-09 1.6112E-09 1.5737E-09 1.5359E-09 1.4992E-09 1.4631E-09 1.4275E-09 1.3924E-09 1.3578E-09 1.3245E-09 1.2909E-09 1.2579E-09 1.2261E-09 1.1948E-09 1.1639E-09 1.1323E-09 1.1025E-09 1.0732E-09 1.0444E-09 1.0160E-09 9.8814E-10
3.3616E-09 3.3091E-09 3.2567E-09 3.2055E-09 3.1543E-09 3.1031E-09 3.0519E-09 3.0008E-09 2.9498E-09 2.8990E-09 2.8484E-09 2.7980E-09 2.7479E-09 2.6981E-09 2.6486E-09 2.5994E-09 2.5505E-09 2.5021E-09 2.4540E-09 2.4064E-09 2.3591E-09 2.3124E-09 2.2660E-09 2.2202E-09 2.1748E-09 2.1299E-09 2.0855E-09 2.0416E-09 1.9982E-09 1.9539E-09 1.9072E-09 1.8630E-09 1.8203E-09 1.7793E-09 1.7397E-09 1.7000E-09 1.6613E-09 1.6227E-09 1.5851E-09 1.5473E-09 1.5097E-09 1.4742E-09 1.4378E-09 1.4033E-09 1.3686E-09 1.3344E-09 1.3015E-09 1.2683E-09 1.2363E-09 1.2048E-09 1.1731E-09 1.1420E-09 1.1120E-09 1.0825E-09 1.0535E-09 1.0250E-09 9.9689E-10
3.3591E-09 3.3076E-09 3.2561E-09 3.2058E-09 3.1553E-09 3.1048E-09 3.0544E-09 3.0040E-09 2.9536E-09 2.9034E-09 2.8534E-09 2.8036E-09 2.7540E-09 2.7046E-09 2.6555E-09 2.6068E-09 2.5583E-09 2.5102E-09 2.4625E-09 2.4152E-09 2.3682E-09 2.3217E-09 2.2756E-09 2.2300E-09 2.1848E-09 2.1401E-09 2.0958E-09 2.0520E-09 2.0088E-09 1.9623E-09 1.9181E-09 1.8725E-09 1.8315E-09 1.7905E-09 1.7503E-09 1.7112E-09 1.6720E-09 1.6338E-09 1.5956E-09 1.5575E-09 1.5207E-09 1.4843E-09 1.4485E-09 1.4140E-09 1.3792E-09 1.3448E-09 1.3117E-09 1.2784E-09 1.2463E-09 1.2146E-09 1.1828E-09 1.1515E-09 1.1213E-09 1.0916E-09 1.0624E-09 1.0337E-09 1.0055E-09
