Assets/Resources/2015_m01_d04_0800(utc+0800)_l00_csi_1hr_conc.grd
DSAA
         159         159
     -79.000      79.000
     -79.000      79.000
  0.5096E-10  0.4233E-04
[rows 25 to 49 of 159, columns 57 to 113 of 159]
1.9782E-10 2.0826E-10 2.2554E-10 2.4589E-10 2.5444E-10 2.6255E-10 2.8218E-10 2.9910E-10 3.2862E-10 3.8709E-10 5.8677E-10 6.3262E-10 7.8269E-10 9.8361E-10 1.0863E-09 1.3107E-09 1.4677E-09 1.6632E-09 1.8255E-09 1.9007E-09 2.0806E-09 2.4615E-09 2.6140E-09 2.8359E-09 2.9411E-09 3.1068E-09 3.3601E-09 3.5626E-09 3.8625E-09 4.1018E-09 4.2311E-09 4.3566E-09 4.4799E-09 4.6030E-09 4.7227E-09 4.8381E-09 4.9534E-09 5.0639E-09 5.1699E-09 5.2713E-09 5.3673E-09 5.4602E-09 5.5477E-09 5.6305E-09 5.7065E-09 5.7748E-09 5.8349E-09 5.8843E-09 5.9248E-09 5.9521E-09 5.9705E-09 5.9765E-09 5.9686E-09 5.9471E-09 5.9102E-09 5.8620E-09 5.7998E-09
2.0771E-10 2.1409E-10 2.4527E-10 2.5390E-10 2.6209E-10 2.8175E-10 2.9875E-10 3.2902E-10 5.5853E-10 6.1575E-10 6.6327E-10 8.1403E-10 9.9578E-10 1.2792E-09 1.3592E-09 1.4964E-09 1.7869E-09 1.8632E-09 2.0208E-09 2.3461E-09 2.5509E-09 2.8058E-09 2.9160E-09 3.0573E-09 3.3151E-09 3.5786E-09 3.9295E-09 4.1179E-09 4.2573E-09 4.3954E-09 4.5299E-09 4.6670E-09 4.8002E-09 4.9297E-09 5.0596E-09 5.1852E-09 5.3067E-09 5.4242E-09 5.5386E-09 5.6460E-09 5.7524E-09 5.8505E-09 5.9449E-09 6.0315E-09 6.1098E-09 6.1832E-09 6.2439E-09 6.2980E-09 6.3383E-09 6.3688E-09 6.3850E-09 6.3860E-09 6.3769E-09 6.3497E-09 6.3115E-09 6.2573E-09 6.1927E-09
2.1406E-10 2.4445E-10 2.5315E-10 2.6142E-10 2.6983E-10 2.9880E-10 3.5557E-10 5.6299E-10 6.2187E-10 6.6996E-10 8.3043E-10 1.0558E-09 1.2987E-09 1.3810E-09 1.5513E-09 1.8177E-09 1.9504E-09 2.2228E-09 2.4247E-09 2.6670E-09 2.8760E-09 2.9954E-09 3.2234E-09 3.6385E-09 3.8630E-09 4.1089E-09 4.2575E-09 4.4068E-09 4.5538E-09 4.7032E-09 4.8485E-09 4.9927E-09 5.1370E-09 5.2775E-09 5.4146E-09 5.5482E-09 5.6792E-09 5.8037E-09 5.9274E-09 6.0451E-09 6.1559E-09 6.2608E-09 6.3586E-09 6.4509E-09 6.5366E-09 6.6133E-09 6.6786E-09 6.7334E-09 6.7728E-09 6.8022E-09 6.8162E-09 6.8189E-09 6.8051E-09 6.7776E-09 6.7332E-09 6.6745E-09 6.6018E-09
2.4345E-10 2.5221E-10 2.6054E-10 2.6903E-10 2.9791E-10 5.0176E-10 5.6717E-10 6.1475E-10 6.7616E-10 8.8081E-10 1.2452E-09 1.3391E-09 1.4245E-09 1.5971E-09 1.8457E-09 2.1692E-09 2.2920E-09 2.4752E-09 2.8198E-09 2.9410E-09 3.1486E-09 3.5007E-09 3.7653E-09 4.0741E-09 4.2308E-09 4.3921E-09 4.5499E-09 4.7109E-09 4.8685E-09 5.0259E-09 5.1839E-09 5.3390E-09 5.4914E-09 5.6408E-09 5.7883E-09 5.9299E-09 6.0713E-09 6.2081E-09 6.3365E-09 6.4603E-09 6.5786E-09 6.6893E-09 6.7956E-09 6.8939E-09 6.9855E-09 7.0633E-09 7.1313E-09 7.1859E-09 7.2274E-09 7.2583E-09 7.2722E-09 7.2743E-09 7.2557E-09 7.2217E-09 7.1742E-09 7.1108E-09 7.0352E-09
2.5107E-10 2.5946E-10 2.6802E-10 2.9736E-10 5.0383E-10 5.6988E-10 6.1836E-10 6.8067E-10 8.8632E-10 1.2571E-09 1.3418E-09 1.4424E-09 1.6174E-09 1.9748E-09 2.2042E-09 2.3322E-09 2.5509E-09 2.8725E-09 3.0570E-09 3.3868E-09 3.6428E-09 3.9171E-09 4.1804E-09 4.3505E-09 4.5181E-09 4.6878E-09 4.8576E-09 5.0283E-09 5.1986E-09 5.3675E-09 5.5342E-09 5.7001E-09 5.8627E-09 6.0222E-09 6.1811E-09 6.3361E-09 6.4843E-09 6.6263E-09 6.7643E-09 6.8952E-09 7.0220E-09 7.1431E-09 7.2543E-09 7.3582E-09 7.4514E-09 7.5337E-09 7.6054E-09 7.6629E-09 7.7084E-09 7.7363E-09 7.7495E-09 7.7469E-09 7.7259E-09 7.6908E-09 7.6388E-09 7.5734E-09 7.4912E-09
2.5817E-10 2.6742E-10 2.9596E-10 5.2815E-10 5.7165E-10 6.2095E-10 6.8470E-10 1.1360E-09 1.2664E-09 1.3534E-09 1.4569E-09 1.7087E-09 2.1311E-09 2.2590E-09 2.3915E-09 2.6160E-09 2.9202E-09 3.3063E-09 3.4816E-09 3.7211E-09 4.1051E-09 4.2792E-09 4.4581E-09 4.6369E-09 4.8179E-09 4.9997E-09 5.1809E-09 5.3638E-09 5.5442E-09 5.7248E-09 5.9029E-09 6.0786E-09 6.2546E-09 6.4274E-09 6.5942E-09 6.7554E-09 6.9133E-09 7.0656E-09 7.2124E-09 7.3549E-09 7.4891E-09 7.6139E-09 7.7333E-09 7.8420E-09 7.9414E-09 8.0284E-09 8.1030E-09 8.1618E-09 8.2069E-09 8.2348E-09 8.2474E-09 8.2431E-09 8.2220E-09 8.1829E-09 8.1275E-09 8.0564E-09 7.9693E-09
2.6598E-10 4.3040E-10 5.2873E-10 5.9520E-10 6.4480E-10 6.8687E-10 1.1413E-09 1.2737E-09 1.3621E-09 1.4679E-09 1.7219E-09 2.1523E-09 2.2850E-09 2.4224E-09 2.6512E-09 3.0723E-09 3.3618E-09 3.5450E-09 3.7914E-09 4.1857E-09 4.3725E-09 4.5581E-09 4.7479E-09 4.9388E-09 5.1306E-09 5.3270E-09 5.5200E-09 5.7133E-09 5.9056E-09 6.0978E-09 6.2883E-09 6.4793E-09 6.6638E-09 6.8450E-09 7.0225E-09 7.1952E-09 7.3631E-09 7.5272E-09 7.6836E-09 7.8312E-09 7.9737E-09 8.1065E-09 8.2342E-09 8.3509E-09 8.4540E-09 8.5438E-09 8.6197E-09 8.6816E-09 8.7269E-09 8.7575E-09 8.7707E-09 8.7634E-09 8.7386E-09 8.6973E-09 8.6393E-09 8.5649E-09 8.4732E-09
4.1851E-10 5.2843E-10 5.7545E-10 6.4525E-10 6.8844E-10 1.0184E-09 1.2776E-09 1.3690E-09 1.4757E-09 1.9447E-09 2.1687E-09 2.3063E-09 2.4475E-09 2.6800E-09 3.2498E-09 3.4348E-09 3.6249E-09 3.9122E-09 4.2583E-09 4.4531E-09 4.6492E-09 4.8490E-09 5.0510E-09 5.2539E-09 5.4600E-09 5.6662E-09 5.8727E-09 6.0792E-09 6.2850E-09 6.4911E-09 6.6938E-09 6.8931E-09 7.0897E-09 7.2813E-09 7.4709E-09 7.6566E-09 7.8352E-09 8.0057E-09 8.1718E-09 8.3296E-09 8.4809E-09 8.6250E-09 8.7579E-09 8.8770E-09 8.9861E-09 9.0791E-09 9.1607E-09 9.2256E-09 9.2734E-09 9.3038E-09 9.3139E-09 9.3059E-09 9.2806E-09 9.2377E-09 9.1776E-09 9.1000E-09 9.0045E-09
5.2726E-10 5.7465E-10 6.2231E-10 6.7656E-10 1.0222E-09 1.2789E-09 1.3719E-09 1.4803E-09 1.8668E-09 2.1808E-09 2.3214E-09 2.4675E-09 2.7510E-09 3.2836E-09 3.4749E-09 3.6722E-09 3.9656E-09 4.3232E-09 4.5249E-09 4.7312E-09 4.9400E-09 5.1523E-09 5.3688E-09 5.5845E-09 5.8028E-09 6.0211E-09 6.2417E-09 6.4626E-09 6.6822E-09 6.8986E-09 7.1121E-09 7.3239E-09 7.5336E-09 7.7402E-09 7.9408E-09 8.1340E-09 8.3236E-09 8.5057E-09 8.6818E-09 8.8514E-09 9.0108E-09 9.1604E-09 9.2996E-09 9.4267E-09 9.5410E-09 9.6410E-09 9.7251E-09 9.7909E-09 9.8409E-09 9.8713E-09 9.8821E-09 9.8743E-09 9.8487E-09 9.8049E-09 9.7434E-09 9.6632E-09 9.5647E-09
5.5032E-10 6.2060E-10 8.2600E-10 1.0223E-09 1.2314E-09 1.3719E-09 1.4696E-09 1.8480E-09 2.1872E-09 2.3310E-09 2.4808E-09 2.9599E-09 3.3089E-09 3.5072E-09 3.7113E-09 4.0099E-09 4.3767E-09 4.5867E-09 4.8008E-09 5.0209E-09 5.2425E-09 5.4696E-09 5.6969E-09 5.9271E-09 6.1588E-09 6.3924E-09 6.6272E-09 6.8602E-09 7.0913E-09 7.3209E-09 7.5487E-09 7.7753E-09 7.9968E-09 8.2133E-09 8.4259E-09 8.6343E-09 8.8381E-09 9.0357E-09 9.2228E-09 9.4019E-09 9.5722E-09 9.7321E-09 9.8790E-09 1.0015E-08 1.0132E-08 1.0235E-08 1.0321E-08 1.0388E-08 1.0437E-08 1.0464E-08 1.0476E-08 1.0470E-08 1.0444E-08 1.0401E-08 1.0338E-08 1.0256E-08 1.0155E-08
6.1839E-10 8.2335E-10 9.7724E-10 1.2280E-09 1.3688E-09 1.4685E-09 1.8505E-09 2.1402E-09 2.3363E-09 2.4883E-09 2.9199E-09 3.3268E-09 3.5301E-09 3.7413E-09 4.0146E-09 4.4195E-09 4.6374E-09 4.8615E-09 5.0898E-09 5.3237E-09 5.5587E-09 5.7980E-09 6.0391E-09 6.2841E-09 6.5324E-09 6.7790E-09 7.0253E-09 7.2714E-09 7.5175E-09 7.7619E-09 8.0050E-09 8.2446E-09 8.4821E-09 8.7125E-09 8.9409E-09 9.1636E-09 9.3794E-09 9.5868E-09 9.7872E-09 9.9782E-09 1.0158E-08 1.0326E-08 1.0479E-08 1.0618E-08 1.0740E-08 1.0848E-08 1.0939E-08 1.1014E-08 1.1068E-08 1.1101E-08 1.1115E-08 1.1110E-08 1.1083E-08 1.1030E-08 1.0963E-08 1.0880E-08 1.0777E-08
8.1974E-10 9.3804E-10 1.1718E-09 1.3628E-09 1.5689E-09 1.8027E-09 2.1383E-09 2.3350E-09 2.4899E-09 2.8806E-09 3.2863E-09 3.5443E-09 3.7611E-09 4.0099E-09 4.4518E-09 4.6773E-09 4.9093E-09 5.1455E-09 5.3890E-09 5.6352E-09 5.8852E-09 6.1396E-09 6.3968E-09 6.6568E-09 6.9164E-09 7.1766E-09 7.4374E-09 7.6990E-09 7.9604E-09 8.2199E-09 8.4811E-09 8.7398E-09 8.9936E-09 9.2437E-09 9.4867E-09 9.7221E-09 9.9506E-09 1.0171E-08 1.0384E-08 1.0589E-08 1.0778E-08 1.0955E-08 1.1118E-08 1.1266E-08 1.1399E-08 1.1513E-08 1.1609E-08 1.1685E-08 1.1739E-08 1.1766E-08 1.1772E-08 1.1765E-08 1.1743E-08 1.1701E-08 1.1638E-08 1.1554E-08 1.1445E-08
9.3280E-10 1.1091E-09 1.3077E-09 1.6133E-09 1.7960E-09 2.1020E-09 2.3281E-09 2.4863E-09 2.8821E-09 3.2881E-09 3.5516E-09 3.7716E-09 4.0006E-09 4.4422E-09 4.7057E-09 4.9464E-09 5.1915E-09 5.4432E-09 5.6981E-09 5.9588E-09 6.2243E-09 6.4958E-09 6.7659E-09 7.0395E-09 7.3130E-09 7.5894E-09 7.8671E-09 8.1456E-09 8.4231E-09 8.7035E-09 8.9871E-09 9.2637E-09 9.5393E-09 9.8041E-09 1.0064E-08 1.0315E-08 1.0559E-08 1.0795E-08 1.1019E-08 1.1233E-08 1.1434E-08 1.1622E-08 1.1793E-08 1.1947E-08 1.2086E-08 1.2203E-08 1.2301E-08 1.2376E-08 1.2430E-08 1.2470E-08 1.2490E-08 1.2490E-08 1.2470E-08 1.2424E-08 1.2337E-08 1.2249E-08 1.2144E-08
1.0581E-09 1.2970E-09 1.5499E-09 1.7734E-09 2.0372E-09 2.2684E-09 2.4775E-09 2.8754E-09 3.2828E-09 3.5483E-09 3.7735E-09 4.0076E-09 4.4526E-09 4.7213E-09 4.9691E-09 5.2229E-09 5.4834E-09 5.7485E-09 6.0178E-09 6.2942E-09 6.5762E-09 6.8596E-09 7.1450E-09 7.4340E-09 7.7288E-09 8.0246E-09 8.3193E-09 8.6161E-09 8.9185E-09 9.2190E-09 9.5200E-09 9.8201E-09 1.0112E-08 1.0395E-08 1.0672E-08 1.0942E-08 1.1198E-08 1.1446E-08 1.1683E-08 1.1907E-08 1.2120E-08 1.2319E-08 1.2499E-08 1.2663E-08 1.2807E-08 1.2934E-08 1.3042E-08 1.3127E-08 1.3191E-08 1.3232E-08 1.3246E-08 1.3231E-08 1.3201E-08 1.3164E-08 1.3103E-08 1.3019E-08 1.2912E-08
1.2338E-09 1.5352E-09 1.7588E-09 1.9478E-09 2.2518E-09 2.5709E-09 2.8617E-09 3.1841E-09 3.5361E-09 3.7660E-09 4.0048E-09 4.4510E-09 4.7268E-09 4.9804E-09 5.2425E-09 5.5089E-09 5.7837E-09 6.0644E-09 6.3514E-09 6.6427E-09 6.9367E-09 7.2349E-09 7.5429E-09 7.8561E-09 8.1679E-09 8.4819E-09 8.7996E-09 9.1226E-09 9.4467E-09 9.7687E-09 1.0086E-08 1.0402E-08 1.0712E-08 1.1013E-08 1.1307E-08 1.1591E-08 1.1865E-08 1.2129E-08 1.2379E-08 1.2618E-08 1.2844E-08 1.3052E-08 1.3246E-08 1.3422E-08 1.3576E-08 1.3711E-08 1.3821E-08 1.3909E-08 1.3968E-08 1.4007E-08 1.4037E-08 1.4045E-08 1.4031E-08 1.3995E-08 1.3921E-08 1.3802E-08 1.3692E-08
1.3432E-09 1.7175E-09 1.9168E-09 2.1776E-09 2.5489E-09 2.8410E-09 3.1332E-09 3.4655E-09 3.7492E-09 3.9920E-09 4.3822E-09 4.7196E-09 4.9788E-09 5.2475E-09 5.5214E-09 5.8032E-09 6.0927E-09 6.3911E-09 6.6920E-09 6.9971E-09 7.3140E-09 7.6400E-09 7.9679E-09 8.3027E-09 8.6388E-09 8.9744E-09 9.3160E-09 9.6544E-09 9.9927E-09 1.0331E-08 1.0668E-08 1.1003E-08 1.1334E-08 1.1657E-08 1.1971E-08 1.2273E-08 1.2565E-08 1.2844E-08 1.3110E-08 1.3363E-08 1.3600E-08 1.3819E-08 1.4026E-08 1.4212E-08 1.4376E-08 1.4518E-08 1.4639E-08 1.4738E-08 1.4816E-08 1.4870E-08 1.4900E-08 1.4903E-08 1.4864E-08 1.4820E-08 1.4764E-08 1.4682E-08 1.4575E-08
1.6949E-09 1.8494E-09 2.1238E-09 2.3634E-09 2.7897E-09 3.0599E-09 3.4383E-09 3.7222E-09 3.9682E-09 4.2976E-09 4.6699E-09 4.9646E-09 5.2395E-09 5.5196E-09 5.8097E-09 6.1076E-09 6.4139E-09 6.7235E-09 7.0449E-09 7.3796E-09 7.7266E-09 8.0742E-09 8.4209E-09 8.7731E-09 9.1290E-09 9.4869E-09 9.8437E-09 1.0203E-08 1.0564E-08 1.0929E-08 1.1295E-08 1.1652E-08 1.2005E-08 1.2349E-08 1.2682E-08 1.3003E-08 1.3312E-08 1.3607E-08 1.3890E-08 1.4160E-08 1.4413E-08 1.4648E-08 1.4866E-08 1.5059E-08 1.5232E-08 1.5382E-08 1.5512E-08 1.5617E-08 1.5698E-08 1.5750E-08 1.5781E-08 1.5801E-08 1.5797E-08 1.5767E-08 1.5707E-08 1.5604E-08 1.5460E-08
1.8233E-09 2.0412E-09 2.3081E-09 2.7567E-09 2.9792E-09 3.3180E-09 3.6357E-09 3.9345E-09 4.2172E-09 4.6387E-09 4.9371E-09 5.2171E-09 5.5041E-09 5.7997E-09 6.1076E-09 6.4202E-09 6.7406E-09 7.0776E-09 7.4314E-09 7.7963E-09 8.1548E-09 8.5134E-09 8.8826E-09 9.2613E-09 9.6425E-09 1.0025E-08 1.0411E-08 1.0794E-08 1.1178E-08 1.1560E-08 1.1939E-08 1.2316E-08 1.2688E-08 1.3052E-08 1.3407E-08 1.3752E-08 1.4082E-08 1.4399E-08 1.4701E-08 1.4986E-08 1.5255E-08 1.5505E-08 1.5735E-08 1.5943E-08 1.6129E-08 1.6291E-08 1.6428E-08 1.6546E-08 1.6632E-08 1.6702E-08 1.6752E-08 1.6775E-08 1.6769E-08 1.6714E-08 1.6652E-08 1.6574E-08 1.6467E-08
1.9534E-09 2.2208E-09 2.6151E-09 2.9401E-09 3.2455E-09 3.5672E-09 3.8666E-09 4.1264E-09 4.5414E-09 4.8990E-09 5.1816E-09 5.4747E-09 5.7760E-09 6.0901E-09 6.4103E-09 6.7430E-09 7.0972E-09 7.4692E-09 7.8389E-09 8.2065E-09 8.5840E-09 8.9764E-09 9.3821E-09 9.7860E-09 1.0188E-08 1.0589E-08 1.0994E-08 1.1401E-08 1.1803E-08 1.2207E-08 1.2615E-08 1.3020E-08 1.3421E-08 1.3814E-08 1.4196E-08 1.4562E-08 1.4913E-08 1.5250E-08 1.5566E-08 1.5868E-08 1.6152E-08 1.6418E-08 1.6661E-08 1.6882E-08 1.7079E-08 1.7249E-08 1.7397E-08 1.7524E-08 1.7627E-08 1.7703E-08 1.7749E-08 1.7763E-08 1.7772E-08 1.7753E-08 1.7705E-08 1.7622E-08 1.7496E-08
2.1246E-09 2.5717E-09 2.8675E-09 3.1263E-09 3.4617E-09 3.8147E-09 4.0758E-09 4.4262E-09 4.8180E-09 5.1342E-09 5.4304E-09 5.7375E-09 6.0564E-09 6.3832E-09 6.7314E-09 7.1016E-09 7.4809E-09 7.8545E-09 8.2355E-09 8.6361E-09 9.0534E-09 9.4809E-09 9.8964E-09 1.0312E-08 1.0737E-08 1.1172E-08 1.1608E-08 1.2046E-08 1.2484E-08 1.2918E-08 1.3351E-08 1.3779E-08 1.4200E-08 1.4614E-08 1.5016E-08 1.5404E-08 1.5781E-08 1.6136E-08 1.6471E-08 1.6790E-08 1.7091E-08 1.7368E-08 1.7620E-08 1.7848E-08 1.8057E-08 1.8244E-08 1.8406E-08 1.8546E-08 1.8663E-08 1.8747E-08 1.8814E-08 1.8856E-08 1.8872E-08 1.8857E-08 1.8780E-08 1.8698E-08 1.8592E-08
2.4463E-09 2.7433E-09 3.0256E-09 3.3760E-09 3.7056E-09 4.0157E-09 4.3168E-09 4.6981E-09 5.0732E-09 5.3737E-09 5.6848E-09 6.0092E-09 6.3416E-09 6.7038E-09 7.0842E-09 7.4676E-09 7.8477E-09 8.2496E-09 8.6709E-09 9.1088E-09 9.5425E-09 9.9713E-09 1.0412E-08 1.0871E-08 1.1343E-08 1.1809E-08 1.2270E-08 1.2728E-08 1.3187E-08 1.3644E-08 1.4098E-08 1.4551E-08 1.5005E-08 1.5454E-08 1.5886E-08 1.6302E-08 1.6697E-08 1.7071E-08 1.7423E-08 1.7757E-08 1.8072E-08 1.8367E-08 1.8640E-08 1.8889E-08 1.9113E-08 1.9313E-08 1.9483E-08 1.9626E-08 1.9757E-08 1.9864E-08 1.9943E-08 1.9989E-08 1.9997E-08 1.9991E-08 1.9953E-08 1.9881E-08 1.9755E-08
2.6870E-09 2.9665E-09 3.2356E-09 3.5575E-09 3.9235E-09 4.1977E-09 4.5951E-09 4.9708E-09 5.3030E-09 5.6182E-09 5.9453E-09 6.2860E-09 6.6583E-09 7.0462E-09 7.4327E-09 7.8249E-09 8.2426E-09 8.6822E-09 9.1305E-09 9.5721E-09 1.0025E-08 1.0498E-08 1.0989E-08 1.1485E-08 1.1965E-08 1.2445E-08 1.2934E-08 1.3430E-08 1.3923E-08 1.4421E-08 1.4915E-08 1.5402E-08 1.5880E-08 1.6347E-08 1.6801E-08 1.7230E-08 1.7644E-08 1.8038E-08 1.8414E-08 1.8769E-08 1.9104E-08 1.9417E-08 1.9706E-08 1.9968E-08 2.0206E-08 2.0424E-08 2.0619E-08 2.0789E-08 2.0934E-08 2.1049E-08 2.1121E-08 2.1184E-08 2.1218E-08 2.1219E-08 2.1182E-08 2.1092E-08 2.0985E-08
2.8032E-09 3.1423E-09 3.4568E-09 3.7973E-09 4.1208E-09 4.4823E-09 4.8874E-09 5.2199E-09 5.5391E-09 5.8670E-09 6.2140E-09 6.5929E-09 6.9861E-09 7.3784E-09 7.7809E-09 8.2140E-09 8.6670E-09 9.1254E-09 9.5815E-09 1.0061E-08 1.0560E-08 1.1071E-08 1.1578E-08 1.2080E-08 1.2593E-08 1.3125E-08 1.3666E-08 1.4199E-08 1.4724E-08 1.5243E-08 1.5754E-08 1.6261E-08 1.6760E-08 1.7252E-08 1.7728E-08 1.8190E-08 1.8633E-08 1.9056E-08 1.9458E-08 1.9838E-08 2.0196E-08 2.0530E-08 2.0841E-08 2.1127E-08 2.1388E-08 2.1623E-08 2.1831E-08 2.2007E-08 2.2158E-08 2.2291E-08 2.2397E-08 2.2472E-08 2.2502E-08 2.2498E-08 2.2471E-08 2.2404E-08 2.2296E-08
3.0230E-09 3.3486E-09 3.6601E-09 4.0057E-09 4.3446E-09 4.7063E-09 5.0956E-09 5.4442E-09 5.7749E-09 6.1267E-09 6.5085E-09 6.9047E-09 7.3013E-09 7.7161E-09 8.1633E-09 8.6270E-09 9.0955E-09 9.5652E-09 1.0064E-08 1.0586E-08 1.1114E-08 1.1636E-08 1.2168E-08 1.2723E-08 1.3294E-08 1.3866E-08 1.4422E-08 1.4979E-08 1.5533E-08 1.6084E-08 1.6634E-08 1.7178E-08 1.7714E-08 1.8238E-08 1.8746E-08 1.9238E-08 1.9708E-08 2.0157E-08 2.0580E-08 2.0980E-08 2.1356E-08 2.1713E-08 2.2045E-08 2.2351E-08 2.2628E-08 2.2878E-08 2.3108E-08 2.3312E-08 2.3490E-08 2.3637E-08 2.3750E-08 2.3816E-08 2.3868E-08 2.3884E-08 2.3847E-08 2.3778E-08 2.3661E-08
3.1933E-09 3.5164E-09 3.8656E-09 4.1999E-09 4.5735E-09 4.9344E-09 5.3382E-09 5.6696E-09 6.0233E-09 6.4078E-09 6.8051E-09 7.2025E-09 7.6253E-09 8.0852E-09 8.5631E-09 9.0387E-09 9.5213E-09 1.0041E-08 1.0580E-08 1.1124E-08 1.1667E-08 1.2233E-08 1.2822E-08 1.3425E-08 1.4023E-08 1.4615E-08 1.5210E-08 1.5806E-08 1.6400E-08 1.6988E-08 1.7566E-08 1.8137E-08 1.8698E-08 1.9248E-08 1.9788E-08 2.0313E-08 2.0816E-08 2.1297E-08 2.1753E-08 2.2186E-08 2.2591E-08 2.2972E-08 2.3329E-08 2.3651E-08 2.3947E-08 2.4225E-08 2.4475E-08 2.4699E-08 2.4887E-08 2.5042E-08 2.5175E-08 2.5273E-08 2.5334E-08 2.5342E-08 2.5308E-08 2.5243E-08 2.5119E-08
