Assets/Resources/2015_m01_d14_1500(utc+0800)_l00_csi_1hr_conc.grd
DSAA
         159         159
     -79.000      79.000
     -79.000      79.000
  0.0000E+00  0.2246E-05
[rows 25 to 49 of 159, columns 57 to 113 of 159]
9.7084E-09 8.6775E-09 7.7261E-09 6.8590E-09 6.0713E-09 5.3597E-09 4.7163E-09 4.1421E-09 3.6241E-09 3.1730E-09 2.7815E-09 2.4355E-09 2.1359E-09 1.8748E-09 1.6415E-09 1.4409E-09 1.2752E-09 1.1404E-09 1.0205E-09 9.1096E-10 8.1208E-10 7.2234E-10 6.4228E-10 5.6978E-10 5.0427E-10 4.4523E-10 3.8953E-10 3.3879E-10 2.9702E-10 2.5879E-10 2.2069E-10 1.8597E-10 1.5199E-10 1.2380E-10 9.8716E-11 7.7429E-11 5.7934E-11 4.3978E-11 3.1099E-11 2.3735E-11 1.7179E-11 1.1751E-11 7.4073E-12 3.4553E-12 0.0000E+00 0.0000E+00 0.0000E+00 0.0000E+00 0.0000E+00 0.0000E+00 0.0000E+00 0.0000E+00 0.0000E+00 0.0000E+00 0.0000E+00 0.0000E+00 0.0000E+00
9.7518E-09 8.6999E-09 7.7318E-09 6.8467E-09 6.0423E-09 5.3205E-09 4.6650E-09 4.0824E-09 3.5619E-09 3.1062E-09 2.7062E-09 2.3619E-09 2.0591E-09 1.8029E-09 1.5758E-09 1.3797E-09 1.2208E-09 1.0887E-09 9.7377E-10 8.6913E-10 7.7566E-10 6.9076E-10 6.1427E-10 5.4499E-10 4.8239E-10 4.2596E-10 3.7178E-10 3.2325E-10 2.8238E-10 2.4267E-10 2.0621E-10 1.7181E-10 1.4153E-10 1.1558E-10 9.1544E-11 7.1140E-11 5.2442E-11 4.0011E-11 2.8920E-11 2.1627E-11 1.6284E-11 1.1037E-11 6.3959E-12 2.5633E-12 0.0000E+00 0.0000E+00 0.0000E+00 0.0000E+00 0.0000E+00 0.0000E+00 0.0000E+00 0.0000E+00 0.0000E+00 0.0000E+00 0.0000E+00 0.0000E+00 0.0000E+00
9.7963E-09 8.7284E-09 7.7403E-09 6.8402E-09 6.0182E-09 5.2754E-09 4.6082E-09 4.0145E-09 3.4937E-09 3.0380E-09 2.6395E-09 2.2859E-09 1.9855E-09 1.7279E-09 1.5081E-09 1.3176E-09 1.1650E-09 1.0365E-09 9.2664E-10 8.2706E-10 7.3925E-10 6.5897E-10 5.8608E-10 5.1646E-10 4.5671E-10 4.0006E-10 3.4827E-10 3.0577E-10 2.6673E-10 2.3089E-10 1.9520E-10 1.6235E-10 1.3345E-10 1.0868E-10 8.5725E-11 6.5682E-11 4.8808E-11 3.6325E-11 2.5269E-11 1.8524E-11 1.3335E-11 8.8533E-12 4.7652E-12 1.6040E-12 0.0000E+00 0.0000E+00 0.0000E+00 0.0000E+00 0.0000E+00 0.0000E+00 0.0000E+00 0.0000E+00 0.0000E+00 0.0000E+00 0.0000E+00 0.0000E+00 0.0000E+00
9.8608E-09 8.7683E-09 7.7648E-09 6.8421E-09 6.0063E-09 5.2430E-09 4.5648E-09 3.9654E-09 3.4350E-09 2.9660E-09 2.5690E-09 2.2159E-09 1.9080E-09 1.6561E-09 1.4390E-09 1.2551E-09 1.1084E-09 9.8475E-10 8.7957E-10 7.8579E-10 7.0030E-10 6.2392E-10 5.5455E-10 4.9170E-10 4.3489E-10 3.8102E-10 3.3176E-10 2.9131E-10 2.5415E-10 2.1793E-10 1.8278E-10 1.5058E-10 1.2300E-10 9.8440E-11 7.6490E-11 5.7301E-11 4.3584E-11 3.0934E-11 2.2660E-11 1.7175E-11 1.1773E-11 7.4347E-12 3.4752E-12 0.0000E+00 0.0000E+00 0.0000E+00 0.0000E+00 0.0000E+00 0.0000E+00 0.0000E+00 0.0000E+00 0.0000E+00 0.0000E+00 0.0000E+00 0.0000E+00 0.0000E+00 0.0000E+00
9.9531E-09 8.8449E-09 7.8151E-09 6.8724E-09 6.0064E-09 5.2262E-09 4.5274E-09 3.9204E-09 3.3846E-09 2.9044E-09 2.4973E-09 2.1420E-09 1.8372E-09 1.5821E-09 1.3699E-09 1.1922E-09 1.0507E-09 9.3306E-10 8.3247E-10 7.4480E-10 6.6481E-10 5.9241E-10 5.2664E-10 4.6704E-10 4.1316E-10 3.6112E-10 3.1437E-10 2.7504E-10 2.3972E-10 2.0444E-10 1.7102E-10 1.3836E-10 1.1318E-10 8.9787E-11 6.9345E-11 5.1044E-11 3.8077E-11 2.7215E-11 2.0337E-11 1.5367E-11 1.0784E-11 6.8273E-12 3.0083E-12 0.0000E+00 0.0000E+00 0.0000E+00 0.0000E+00 0.0000E+00 0.0000E+00 0.0000E+00 0.0000E+00 0.0000E+00 0.0000E+00 0.0000E+00 0.0000E+00 0.0000E+00 0.0000E+00
1.0075E-08 8.9415E-09 7.8873E-09 6.9159E-09 6.0291E-09 5.2266E-09 4.5035E-09 3.8791E-09 3.3373E-09 2.8461E-09 2.4261E-09 2.0697E-09 1.7646E-09 1.5086E-09 1.3026E-09 1.1288E-09 9.9301E-10 8.8180E-10 7.8620E-10 7.0154E-10 6.2627E-10 5.5771E-10 4.9541E-10 4.3894E-10 3.8513E-10 3.3573E-10 2.9527E-10 2.5796E-10 2.2238E-10 1.8797E-10 1.5414E-10 1.2623E-10 1.0271E-10 8.0440E-11 6.0959E-11 4.4491E-11 3.2855E-11 2.3568E-11 1.8339E-11 1.2826E-11 8.3876E-12 4.7467E-12 1.5986E-12 0.0000E+00 0.0000E+00 0.0000E+00 0.0000E+00 0.0000E+00 0.0000E+00 0.0000E+00 0.0000E+00 0.0000E+00 0.0000E+00 0.0000E+00 0.0000E+00 0.0000E+00 0.0000E+00
1.0216E-08 9.0590E-09 7.9766E-09 6.9719E-09 6.0578E-09 5.2277E-09 4.4933E-09 3.8459E-09 3.2901E-09 2.7918E-09 2.3614E-09 1.9973E-09 1.6939E-09 1.4382E-09 1.2322E-09 1.0655E-09 9.3584E-10 8.3085E-10 7.4133E-10 6.6273E-10 5.9175E-10 5.2709E-10 4.6832E-10 4.1505E-10 3.6427E-10 3.1765E-10 2.7849E-10 2.4416E-10 2.0880E-10 1.7517E-10 1.4222E-10 1.1577E-10 9.2174E-11 7.0435E-11 5.1874E-11 3.9610E-11 2.8638E-11 2.2295E-11 1.6933E-11 1.1634E-11 7.3601E-12 3.4484E-12 0.0000E+00 0.0000E+00 0.0000E+00 0.0000E+00 0.0000E+00 0.0000E+00 0.0000E+00 0.0000E+00 0.0000E+00 0.0000E+00 0.0000E+00 0.0000E+00 0.0000E+00 0.0000E+00 0.0000E+00
1.0398E-08 9.2119E-09 8.0941E-09 7.0588E-09 6.1140E-09 5.2615E-09 4.5034E-09 3.8296E-09 3.2499E-09 2.7477E-09 2.3046E-09 1.9321E-09 1.6216E-09 1.3691E-09 1.1658E-09 1.0022E-09 8.7929E-10 7.8084E-10 6.9436E-10 6.2116E-10 5.5782E-10 4.9698E-10 4.4169E-10 3.8873E-10 3.3995E-10 2.9597E-10 2.5895E-10 2.2667E-10 1.9233E-10 1.5941E-10 1.2953E-10 1.0467E-10 8.2302E-11 6.2718E-11 4.7312E-11 3.5550E-11 2.5713E-11 1.9035E-11 1.3858E-11 9.3501E-12 5.2174E-12 1.9992E-12 0.0000E+00 0.0000E+00 0.0000E+00 0.0000E+00 0.0000E+00 0.0000E+00 0.0000E+00 0.0000E+00 0.0000E+00 0.0000E+00 0.0000E+00 0.0000E+00 0.0000E+00 0.0000E+00 0.0000E+00
1.0613E-08 9.3997E-09 8.2547E-09 7.1805E-09 6.1971E-09 5.3127E-09 4.5289E-09 3.8332E-09 3.2230E-09 2.7032E-09 2.2504E-09 1.8660E-09 1.5582E-09 1.2999E-09 1.0999E-09 9.4004E-10 8.2381E-10 7.3283E-10 6.5275E-10 5.8408E-10 5.2133E-10 4.6415E-10 4.1215E-10 3.6233E-10 3.1642E-10 2.7882E-10 2.4401E-10 2.0894E-10 1.7547E-10 1.4354E-10 1.1815E-10 9.4660E-11 7.2948E-11 5.4391E-11 4.0015E-11 2.9624E-11 2.2630E-11 1.7215E-11 1.1849E-11 7.5069E-12 3.5229E-12 4.1009E-13 0.0000E+00 0.0000E+00 0.0000E+00 0.0000E+00 0.0000E+00 0.0000E+00 0.0000E+00 0.0000E+00 0.0000E+00 0.0000E+00 0.0000E+00 0.0000E+00 0.0000E+00 0.0000E+00 0.0000E+00
1.0876E-08 9.6300E-09 8.4458E-09 7.3370E-09 6.3182E-09 5.3968E-09 4.5745E-09 3.8540E-09 3.2140E-09 2.6679E-09 2.2012E-09 1.8128E-09 1.4922E-09 1.2363E-09 1.0332E-09 8.8362E-10 7.6999E-10 6.8311E-10 6.1218E-10 5.4792E-10 4.8920E-10 4.3568E-10 3.8699E-10 3.3942E-10 2.9640E-10 2.6022E-10 2.2649E-10 1.9239E-10 1.5907E-10 1.2806E-10 1.0465E-10 8.2424E-11 6.3928E-11 4.6371E-11 3.4652E-11 2.6714E-11 2.0021E-11 1.4818E-11 1.0272E-11 6.6243E-12 3.3758E-12 0.0000E+00 0.0000E+00 0.0000E+00 0.0000E+00 0.0000E+00 0.0000E+00 0.0000E+00 0.0000E+00 0.0000E+00 0.0000E+00 0.0000E+00 0.0000E+00 0.0000E+00 0.0000E+00 0.0000E+00 0.0000E+00
1.1195E-08 9.9149E-09 8.6895E-09 7.5419E-09 6.4794E-09 5.5160E-09 4.6540E-09 3.8950E-09 3.2251E-09 2.6446E-09 2.1530E-09 1.7585E-09 1.4369E-09 1.1737E-09 9.7128E-10 8.2710E-10 7.2093E-10 6.3901E-10 5.6963E-10 5.0955E-10 4.5463E-10 4.0453E-10 3.5628E-10 3.1165E-10 2.7512E-10 2.4119E-10 2.0775E-10 1.7383E-10 1.4245E-10 1.1746E-10 9.4287E-11 7.2801E-11 5.4410E-11 4.0120E-11 2.9194E-11 2.2811E-11 1.7381E-11 1.1985E-11 7.6042E-12 4.3575E-12 1.5963E-12 0.0000E+00 0.0000E+00 0.0000E+00 0.0000E+00 0.0000E+00 0.0000E+00 0.0000E+00 0.0000E+00 0.0000E+00 0.0000E+00 0.0000E+00 0.0000E+00 0.0000E+00 0.0000E+00 0.0000E+00 0.0000E+00
1.1555E-08 1.0244E-08 8.9836E-09 7.7892E-09 6.6776E-09 5.6634E-09 4.7529E-09 3.9498E-09 3.2503E-09 2.6381E-09 2.1192E-09 1.7081E-09 1.3810E-09 1.1161E-09 9.1155E-10 7.7498E-10 6.7233E-10 5.9278E-10 5.2828E-10 4.7586E-10 4.2472E-10 3.7807E-10 3.3220E-10 2.9059E-10 2.5657E-10 2.2287E-10 1.8962E-10 1.5586E-10 1.2539E-10 1.0126E-10 7.9357E-11 6.2599E-11 4.6253E-11 3.3788E-11 2.5789E-11 2.0136E-11 1.4932E-11 1.0888E-11 6.6962E-12 3.4163E-12 0.0000E+00 0.0000E+00 0.0000E+00 0.0000E+00 0.0000E+00 0.0000E+00 0.0000E+00 0.0000E+00 0.0000E+00 0.0000E+00 0.0000E+00 0.0000E+00 0.0000E+00 0.0000E+00 0.0000E+00 0.0000E+00 0.0000E+00
1.2008E-08 1.0666E-08 9.3574E-09 8.1113E-09 6.9445E-09 5.8705E-09 4.9043E-09 4.0506E-09 3.3078E-09 2.6586E-09 2.1109E-09 1.6672E-09 1.3279E-09 1.0628E-09 8.5557E-10 7.2706E-10 6.2841E-10 5.5340E-10 4.9213E-10 4.4008E-10 3.9246E-10 3.4633E-10 3.0350E-10 2.6846E-10 2.3367E-10 2.0163E-10 1.6944E-10 1.3779E-10 1.1155E-10 8.9992E-11 7.1992E-11 5.3972E-11 3.9924E-11 2.9164E-11 2.2220E-11 1.7427E-11 1.2799E-11 8.4242E-12 4.7709E-12 1.9672E-12 0.0000E+00 0.0000E+00 0.0000E+00 0.0000E+00 0.0000E+00 0.0000E+00 0.0000E+00 0.0000E+00 0.0000E+00 0.0000E+00 0.0000E+00 0.0000E+00 0.0000E+00 0.0000E+00 0.0000E+00 0.0000E+00 0.0000E+00
1.2534E-08 1.1156E-08 9.8043E-09 8.5013E-09 7.2657E-09 6.1260E-09 5.0931E-09 4.1782E-09 3.3870E-09 2.7008E-09 2.1115E-09 1.6382E-09 1.2776E-09 1.0124E-09 8.0788E-10 6.7704E-10 5.8677E-10 5.1173E-10 4.5389E-10 4.0553E-10 3.6225E-10 3.1850E-10 2.8171E-10 2.4824E-10 2.1691E-10 1.8398E-10 1.5132E-10 1.2269E-10 9.8118E-11 7.6809E-11 5.8042E-11 4.4701E-11 3.2483E-11 2.5715E-11 2.0113E-11 1.4945E-11 1.0912E-11 6.7232E-12 3.4341E-12 0.0000E+00 0.0000E+00 0.0000E+00 0.0000E+00 0.0000E+00 0.0000E+00 0.0000E+00 0.0000E+00 0.0000E+00 0.0000E+00 0.0000E+00 0.0000E+00 0.0000E+00 0.0000E+00 0.0000E+00 0.0000E+00 0.0000E+00 0.0000E+00
1.3155E-08 1.1749E-08 1.0348E-08 8.9767E-09 7.6714E-09 6.4532E-09 5.3436E-09 4.3576E-09 3.5066E-09 2.7758E-09 2.1387E-09 1.6313E-09 1.2418E-09 9.6634E-10 7.6115E-10 6.3220E-10 5.4705E-10 4.7687E-10 4.2156E-10 3.7633E-10 3.3282E-10 2.9225E-10 2.5810E-10 2.2593E-10 1.9297E-10 1.5925E-10 1.2862E-10 1.0677E-10 8.6837E-11 6.6385E-11 4.8797E-11 3.6745E-11 2.8399E-11 2.2096E-11 1.6737E-11 1.2419E-11 8.4184E-12 5.1277E-12 1.9721E-12 0.0000E+00 0.0000E+00 0.0000E+00 0.0000E+00 0.0000E+00 0.0000E+00 0.0000E+00 0.0000E+00 0.0000E+00 0.0000E+00 0.0000E+00 0.0000E+00 0.0000E+00 0.0000E+00 0.0000E+00 0.0000E+00 0.0000E+00 0.0000E+00
1.3879E-08 1.2441E-08 1.0981E-08 9.5420E-09 8.1540E-09 6.8484E-09 5.6543E-09 4.5871E-09 3.6602E-09 2.8717E-09 2.1849E-09 1.6335E-09 1.2188E-09 9.2507E-10 7.2206E-10 5.8545E-10 5.0569E-10 4.4024E-10 3.8706E-10 3.4207E-10 3.0082E-10 2.6710E-10 2.3332E-10 2.0479E-10 1.7251E-10 1.4323E-10 1.1481E-10 9.3247E-11 7.4290E-11 5.6223E-11 4.2072E-11 3.2086E-11 2.5463E-11 1.9952E-11 1.4857E-11 1.0349E-11 6.1795E-12 3.4288E-12 0.0000E+00 0.0000E+00 0.0000E+00 0.0000E+00 0.0000E+00 0.0000E+00 0.0000E+00 0.0000E+00 0.0000E+00 0.0000E+00 0.0000E+00 0.0000E+00 0.0000E+00 0.0000E+00 0.0000E+00 0.0000E+00 0.0000E+00 0.0000E+00 0.0000E+00
1.4713E-08 1.3240E-08 1.1728E-08 1.0212E-08 8.7336E-09 7.3317E-09 6.0368E-09 4.8751E-09 3.8619E-09 3.0018E-09 2.2684E-09 1.6602E-09 1.2158E-09 8.9273E-10 6.8012E-10 5.4104E-10 4.6548E-10 4.0488E-10 3.5833E-10 3.1524E-10 2.7826E-10 2.4627E-10 2.1512E-10 1.8186E-10 1.5091E-10 1.2384E-10 9.9653E-11 7.8612E-11 5.9900E-11 4.6615E-11 3.3324E-11 2.6982E-11 2.1288E-11 1.6014E-11 1.1339E-11 7.9987E-12 4.3750E-12 1.9639E-12 0.0000E+00 0.0000E+00 0.0000E+00 0.0000E+00 0.0000E+00 0.0000E+00 0.0000E+00 0.0000E+00 0.0000E+00 0.0000E+00 0.0000E+00 0.0000E+00 0.0000E+00 0.0000E+00 0.0000E+00 0.0000E+00 0.0000E+00 0.0000E+00 0.0000E+00
1.5665E-08 1.4168E-08 1.2601E-08 1.1006E-08 9.4331E-09 7.9234E-09 6.5164E-09 5.2431E-09 4.1299E-09 3.1854E-09 2.3957E-09 1.7285E-09 1.2264E-09 8.7530E-10 6.3919E-10 5.0407E-10 4.3055E-10 3.7484E-10 3.2495E-10 2.8448E-10 2.5315E-10 2.2164E-10 1.8998E-10 1.5732E-10 1.2844E-10 1.0371E-10 8.3415E-11 6.5610E-11 4.9319E-11 3.6150E-11 3.0222E-11 2.4439E-11 1.9037E-11 1.4669E-11 1.0235E-11 6.1250E-12 2.8711E-12 0.0000E+00 0.0000E+00 0.0000E+00 0.0000E+00 0.0000E+00 0.0000E+00 0.0000E+00 0.0000E+00 0.0000E+00 0.0000E+00 0.0000E+00 0.0000E+00 0.0000E+00 0.0000E+00 0.0000E+00 0.0000E+00 0.0000E+00 0.0000E+00 0.0000E+00 0.0000E+00
1.6724E-08 1.5208E-08 1.3589E-08 1.1917E-08 1.0244E-08 8.6161E-09 7.0833E-09 5.6886E-09 4.4609E-09 3.4133E-09 2.5457E-09 1.8310E-09 1.2733E-09 8.7808E-10 6.1057E-10 4.6759E-10 3.9410E-10 3.3983E-10 2.9216E-10 2.5812E-10 2.2944E-10 1.9844E-10 1.6540E-10 1.3620E-10 1.1115E-10 9.0206E-11 7.0651E-11 5.5125E-11 4.2381E-11 3.1944E-11 2.5937E-11 2.0386E-11 1.5744E-11 1.1165E-11 6.9136E-12 3.9625E-12 8.4232E-13 0.0000E+00 0.0000E+00 0.0000E+00 0.0000E+00 0.0000E+00 0.0000E+00 0.0000E+00 0.0000E+00 0.0000E+00 0.0000E+00 0.0000E+00 0.0000E+00 0.0000E+00 0.0000E+00 0.0000E+00 0.0000E+00 0.0000E+00 0.0000E+00 0.0000E+00 0.0000E+00
1.7909E-08 1.6387E-08 1.4728E-08 1.2984E-08 1.1202E-08 9.4496E-09 7.7799E-09 6.2459E-09 4.8849E-09 3.7232E-09 2.7552E-09 1.9694E-09 1.3515E-09 9.0218E-10 5.9820E-10 4.3157E-10 3.5665E-10 3.0841E-10 2.6795E-10 2.3437E-10 2.0322E-10 1.7102E-10 1.4360E-10 1.1769E-10 9.4467E-11 7.5775E-11 5.7818E-11 4.5297E-11 3.4057E-11 2.7292E-11 2.1599E-11 1.7410E-11 1.4021E-11 1.0053E-11 6.0305E-12 2.8327E-12 0.0000E+00 0.0000E+00 0.0000E+00 0.0000E+00 0.0000E+00 0.0000E+00 0.0000E+00 0.0000E+00 0.0000E+00 0.0000E+00 0.0000E+00 0.0000E+00 0.0000E+00 0.0000E+00 0.0000E+00 0.0000E+00 0.0000E+00 0.0000E+00 0.0000E+00 0.0000E+00 0.0000E+00
1.9192E-08 1.7689E-08 1.6007E-08 1.4189E-08 1.2308E-08 1.0421E-08 8.6064E-09 6.9195E-09 5.4085E-09 4.1100E-09 3.0185E-09 2.1438E-09 1.4580E-09 9.5212E-10 6.0295E-10 3.9786E-10 3.2768E-10 2.8081E-10 2.4026E-10 2.0617E-10 1.7882E-10 1.4911E-10 1.2087E-10 9.9544E-11 8.0226E-11 6.0883E-11 4.6493E-11 3.5025E-11 2.9463E-11 2.4636E-11 1.9256E-11 1.4878E-11 1.0410E-11 6.2530E-12 2.9407E-12 0.0000E+00 0.0000E+00 0.0000E+00 0.0000E+00 0.0000E+00 0.0000E+00 0.0000E+00 0.0000E+00 0.0000E+00 0.0000E+00 0.0000E+00 0.0000E+00 0.0000E+00 0.0000E+00 0.0000E+00 0.0000E+00 0.0000E+00 0.0000E+00 0.0000E+00 0.0000E+00 0.0000E+00 0.0000E+00
2.0569E-08 1.9108E-08 1.7411E-08 1.5541E-08 1.3558E-08 1.1543E-08 9.5740E-09 7.7175E-09 6.0440E-09 4.5796E-09 3.3608E-09 2.3752E-09 1.6074E-09 1.0426E-09 6.4047E-10 3.9557E-10 2.9410E-10 2.5054E-10 2.1493E-10 1.8195E-10 1.5112E-10 1.2811E-10 1.0233E-10 8.1727E-11 6.2152E-11 4.7570E-11 3.6454E-11 3.0820E-11 2.5344E-11 1.9837E-11 1.5857E-11 1.1684E-11 7.4233E-12 5.5254E-12 2.3946E-12 0.0000E+00 0.0000E+00 0.0000E+00 0.0000E+00 0.0000E+00 0.0000E+00 0.0000E+00 0.0000E+00 0.0000E+00 0.0000E+00 0.0000E+00 0.0000E+00 0.0000E+00 0.0000E+00 0.0000E+00 0.0000E+00 0.0000E+00 0.0000E+00 0.0000E+00 0.0000E+00 0.0000E+00 0.0000E+00
2.2039E-08 2.0641E-08 1.8965E-08 1.7059E-08 1.4997E-08 1.2859E-08 1.0729E-08 8.7001E-09 6.8293E-09 5.1882E-09 3.8060E-09 2.6866E-09 1.8119E-09 1.1661E-09 7.1253E-10 4.1123E-10 2.7256E-10 2.2366E-10 1.8891E-10 1.5675E-10 1.3062E-10 1.0474E-10 8.2945E-11 6.3229E-11 5.1863E-11 3.9456E-11 3.1576E-11 2.6500E-11 2.2939E-11 1.7755E-11 1.3513E-11 9.5446E-12 6.0911E-12 2.8711E-12 0.0000E+00 0.0000E+00 0.0000E+00 0.0000E+00 0.0000E+00 0.0000E+00 0.0000E+00 0.0000E+00 0.0000E+00 0.0000E+00 0.0000E+00 0.0000E+00 0.0000E+00 0.0000E+00 0.0000E+00 0.0000E+00 0.0000E+00 0.0000E+00 0.0000E+00 0.0000E+00 0.0000E+00 0.0000E+00 0.0000E+00
2.3536E-08 2.2249E-08 2.0628E-08 1.8719E-08 1.6601E-08 1.4349E-08 1.2066E-08 9.8396E-09 7.7728E-09 5.9345E-09 4.3600E-09 3.0831E-09 2.0920E-09 1.3322E-09 8.0439E-10 4.5921E-10 2.6373E-10 2.0464E-10 1.6063E-10 1.3155E-10 1.0567E-10 8.3868E-11 6.6192E-11 5.2709E-11 4.0218E-11 3.3796E-11 2.8739E-11 2.3860E-11 1.8584E-11 1.4827E-11 1.0404E-11 6.2738E-12 2.9610E-12 8.3842E-13 0.0000E+00 0.0000E+00 0.0000E+00 0.0000E+00 0.0000E+00 0.0000E+00 0.0000E+00 0.0000E+00 0.0000E+00 0.0000E+00 0.0000E+00 0.0000E+00 0.0000E+00 0.0000E+00 0.0000E+00 0.0000E+00 0.0000E+00 0.0000E+00 0.0000E+00 0.0000E+00 0.0000E+00 0.0000E+00 0.0000E+00
2.5025E-08 2.3889E-08 2.2366E-08 2.0500E-08 1.8349E-08 1.6011E-08 1.3581E-08 1.1176E-08 8.9036E-09 6.8399E-09 5.0588E-09 3.5930E-09 2.4324E-09 1.5587E-09 9.4471E-10 5.3225E-10 2.8216E-10 1.9209E-10 1.3644E-10 1.0620E-10 8.5549E-11 6.6883E-11 5.3394E-11 4.1945E-11 3.5035E-11 2.9679E-11 2.4927E-11 1.9581E-11 1.5190E-11 1.1083E-11 8.1613E-12 5.5244E-12 2.4054E-12 0.0000E+00 0.0000E+00 0.0000E+00 0.0000E+00 0.0000E+00 0.0000E+00 0.0000E+00 0.0000E+00 0.0000E+00 0.0000E+00 0.0000E+00 0.0000E+00 0.0000E+00 0.0000E+00 0.0000E+00 0.0000E+00 0.0000E+00 0.0000E+00 0.0000E+00 0.0000E+00 0.0000E+00 0.0000E+00 0.0000E+00 0.0000E+00
