Assets/Resources/2015_m01_d06_2200(utc+0800)_l00_csi_1hr_conc.grd
DSAA
         159         159
     -79.000      79.000
     -79.000      79.000
  0.0000E+00  0.3266E-04
[rows 75 to 99 of 159, columns 57 to 113 of 159]
1.9510E-10 2.4933E-10 3.2333E-10 4.1143E-10 4.9211E-10 5.8824E-10 7.3439E-10 8.7233E-10 1.0367E-09 1.2233E-09 1.4697E-09 1.8017E-09 2.4794E-09 3.4117E-09 5.2181E-09 7.9353E-09 1.0079E-08 1.2926E-08 1.6724E-08 2.0038E-08 2.5858E-08 3.2857E-08 4.2313E-08 6.8461E-08 1.1733E-06 1.1961E-06 1.1282E-06 1.0559E-06 6.6637E-07 1.5984E-07 1.0791E-07 9.7996E-08 8.6531E-08 7.6864E-08 6.7494E-08 5.8732E-08 5.0638E-08 4.3395E-08 3.6667E-08 3.0682E-08 2.5518E-08 2.0934E-08 1.6804E-08 1.3501E-08 1.0297E-08 8.2827E-09 6.6733E-09 4.8384E-09 3.9121E-09 3.2268E-09 2.2260E-09 1.8855E-09 1.5653E-09 1.4122E-09 1.2669E-09 1.1581E-09 1.0126E-09
1.5241E-10 1.7685E-10 2.3988E-10 3.0275E-10 3.8706E-10 4.6160E-10 5.5092E-10 6.8764E-10 8.2391E-10 9.6117E-10 1.2047E-09 1.5156E-09 2.1797E-09 3.1147E-09 4.6004E-09 6.3453E-09 8.3727E-09 1.0179E-08 1.2399E-08 1.5206E-08 1.9051E-08 2.4853E-08 3.1726E-08 2.7256E-07 1.3826E-06 1.2640E-06 1.1720E-06 1.0508E-06 3.6397E-07 9.0842E-08 8.4318E-08 7.8378E-08 7.1233E-08 6.3517E-08 5.6118E-08 4.9342E-08 4.3046E-08 3.7000E-08 3.1438E-08 2.6659E-08 2.2159E-08 1.8072E-08 1.4734E-08 1.1265E-08 9.1391E-09 7.3791E-09 5.9676E-09 4.3076E-09 3.5101E-09 2.9219E-09 2.0012E-09 1.7046E-09 1.4291E-09 1.2941E-09 1.1566E-09 9.9469E-10 9.3974E-10
1.3126E-10 1.5305E-10 1.8330E-10 2.5276E-10 3.0501E-10 3.6211E-10 4.2933E-10 5.0818E-10 6.3192E-10 7.5754E-10 9.1466E-10 1.1617E-09 1.5808E-09 2.0813E-09 2.8897E-09 4.1198E-09 5.6474E-09 7.4675E-09 9.2760E-09 1.1493E-08 1.4140E-08 1.8562E-08 2.3379E-08 1.4841E-06 1.4781E-06 1.3253E-06 1.2206E-06 9.2306E-07 1.2135E-07 6.9770E-08 6.7681E-08 6.3652E-08 5.8624E-08 5.2918E-08 4.7307E-08 4.1654E-08 3.6214E-08 3.1339E-08 2.6826E-08 2.2582E-08 1.8781E-08 1.5600E-08 1.2825E-08 9.8264E-09 7.9995E-09 6.4981E-09 4.6803E-09 3.7887E-09 3.1212E-09 2.6230E-09 1.7765E-09 1.4525E-09 1.3048E-09 1.1772E-09 1.0552E-09 9.1742E-10 8.7559E-10
1.1219E-10 1.3110E-10 1.5192E-10 1.9134E-10 2.5219E-10 2.9132E-10 3.4354E-10 4.1604E-10 4.7468E-10 5.6278E-10 6.5762E-10 7.5856E-10 9.4735E-10 1.2189E-09 1.5861E-09 2.1797E-09 3.1263E-09 4.5513E-09 6.3074E-09 8.2414E-09 1.0578E-08 1.3020E-08 1.7041E-08 1.9512E-06 1.6271E-06 1.4409E-06 1.3003E-06 5.3167E-07 5.3595E-08 5.4206E-08 5.3233E-08 5.1025E-08 4.7603E-08 4.3365E-08 3.8889E-08 3.4452E-08 3.0201E-08 2.6131E-08 2.2277E-08 1.8956E-08 1.5990E-08 1.3331E-08 1.0260E-08 8.4491E-09 6.9077E-09 5.6513E-09 4.0501E-09 3.3147E-09 2.7696E-09 1.8401E-09 1.4762E-09 1.2986E-09 1.1835E-09 1.0568E-09 8.9396E-10 8.4662E-10 8.0948E-10
9.6472E-11 1.1142E-10 1.2937E-10 1.4905E-10 1.9783E-10 2.3858E-10 2.7261E-10 3.1922E-10 3.8586E-10 4.3833E-10 5.2182E-10 6.0542E-10 7.1337E-10 8.3782E-10 1.0819E-09 1.4731E-09 2.1126E-09 2.8197E-09 3.8517E-09 5.3284E-09 7.0507E-09 9.0970E-09 1.1199E-08 3.2663E-05 9.3919E-06 3.4243E-06 1.0445E-06 7.5304E-08 3.9519E-08 4.1006E-08 4.1086E-08 3.9797E-08 3.7543E-08 3.4805E-08 3.1524E-08 2.8030E-08 2.4537E-08 2.1397E-08 1.8484E-08 1.5843E-08 1.3418E-08 1.1237E-08 8.6738E-09 7.1728E-09 5.9132E-09 4.2362E-09 3.4637E-09 2.8819E-09 2.4342E-09 1.5117E-09 1.3011E-09 1.1707E-09 1.0587E-09 8.6824E-10 8.1501E-10 7.7882E-10 7.4480E-10
8.2755E-11 9.5313E-11 1.0938E-10 1.2610E-10 1.5290E-10 1.9178E-10 2.2139E-10 2.5124E-10 3.0396E-10 3.5538E-10 4.1300E-10 4.8966E-10 5.6592E-10 6.5072E-10 7.9053E-10 1.0767E-09 1.4930E-09 2.1594E-09 2.8166E-09 3.6379E-09 4.6418E-09 5.9598E-09 7.6593E-09 9.4315E-09 1.2390E-08 1.6457E-08 2.0885E-08 2.5013E-08 2.8188E-08 3.0128E-08 3.0845E-08 3.0256E-08 2.9070E-08 2.7114E-08 2.4838E-08 2.2418E-08 1.9916E-08 1.7489E-08 1.5183E-08 1.3063E-08 1.1111E-08 8.6337E-09 7.2390E-09 6.0247E-09 4.9908E-09 3.5453E-09 2.9631E-09 2.5036E-09 1.5280E-09 1.2927E-09 1.1426E-09 1.0467E-09 8.5265E-10 7.7901E-10 7.4536E-10 7.1891E-10 6.1557E-10
7.0631E-11 8.1308E-11 9.3124E-11 1.0611E-10 1.2140E-10 1.5297E-10 1.8381E-10 2.1127E-10 2.3850E-10 2.8774E-10 3.3445E-10 3.8590E-10 4.4461E-10 5.1099E-10 5.9284E-10 7.6860E-10 1.0577E-09 1.5288E-09 2.1177E-09 2.7250E-09 3.4676E-09 4.3436E-09 5.3594E-09 6.4885E-09 7.6917E-09 1.0354E-08 1.3655E-08 1.6741E-08 1.9394E-08 2.1280E-08 2.2289E-08 2.2475E-08 2.1981E-08 2.0939E-08 1.9524E-08 1.7796E-08 1.5951E-08 1.4092E-08 1.2307E-08 1.0637E-08 8.3256E-09 7.0887E-09 5.9716E-09 5.0121E-09 3.5555E-09 2.9840E-09 2.5253E-09 2.0574E-09 1.2677E-09 1.1195E-09 1.0192E-09 8.3608E-10 7.4136E-10 7.0789E-10 6.8490E-10 5.8663E-10 5.6468E-10
5.8875E-11 6.9016E-11 7.9006E-11 8.9980E-11 1.0195E-10 1.2013E-10 1.4647E-10 1.7335E-10 1.9877E-10 2.3184E-10 2.6878E-10 3.1030E-10 3.5622E-10 4.1833E-10 4.6528E-10 5.6134E-10 7.3353E-10 1.0201E-09 1.4590E-09 2.0093E-09 2.5422E-09 3.1735E-09 3.8953E-09 4.7019E-09 5.5638E-09 6.4369E-09 9.1055E-09 1.1257E-08 1.3305E-08 1.4943E-08 1.6008E-08 1.6473E-08 1.6402E-08 1.5887E-08 1.5054E-08 1.3874E-08 1.2585E-08 1.1207E-08 9.8563E-09 7.7704E-09 6.7296E-09 5.7520E-09 4.8899E-09 3.4641E-09 2.9395E-09 2.4992E-09 2.0544E-09 1.2387E-09 1.0853E-09 9.7922E-10 8.1027E-10 7.0401E-10 6.7110E-10 6.4295E-10 5.5028E-10 5.3542E-10 5.1349E-10
4.1405E-11 5.6145E-11 6.6699E-11 7.5925E-11 8.5983E-11 9.6864E-11 1.1399E-10 1.3599E-10 1.6087E-10 1.8452E-10 2.1443E-10 2.4766E-10 2.8381E-10 3.2403E-10 3.7726E-10 4.1790E-10 5.1204E-10 6.7737E-10 9.5408E-10 1.3723E-09 1.8359E-09 2.2835E-09 2.7903E-09 3.3536E-09 3.9566E-09 4.5714E-09 5.5484E-09 7.4375E-09 8.9121E-09 1.0226E-08 1.1210E-08 1.1791E-08 1.1978E-08 1.1818E-08 1.1387E-08 1.0648E-08 9.7825E-09 8.7899E-09 7.0061E-09 6.1826E-09 5.3690E-09 4.6277E-09 3.2815E-09 2.8260E-09 2.4207E-09 2.0051E-09 1.1793E-09 1.0391E-09 9.3322E-10 7.7083E-10 6.6721E-10 6.2964E-10 6.0931E-10 5.1563E-10 5.0109E-10 4.8289E-10 4.7119E-10
2.4634E-11 3.7588E-11 5.1803E-11 6.3756E-11 7.2166E-11 8.1261E-11 9.1214E-11 1.0559E-10 1.2500E-10 1.4656E-10 1.6863E-10 1.9544E-10 2.2796E-10 2.5592E-10 2.9872E-10 3.3294E-10 3.8014E-10 4.5563E-10 5.9713E-10 8.3519E-10 1.2361E-09 1.5990E-09 1.9759E-09 2.3621E-09 2.7764E-09 3.2019E-09 3.6156E-09 4.6413E-09 5.8624E-09 6.8428E-09 7.6701E-09 8.2531E-09 8.5607E-09 8.6292E-09 8.4599E-09 8.0345E-09 7.4724E-09 6.0467E-09 5.4659E-09 4.8579E-09 4.2274E-09 3.0173E-09 2.6500E-09 2.2928E-09 1.9072E-09 1.0960E-09 9.7721E-10 8.7561E-10 7.2681E-10 6.2576E-10 5.8878E-10 5.6907E-10 4.8201E-10 4.7049E-10 4.4922E-10 4.3963E-10 4.2869E-10
1.3165E-11 2.1778E-11 3.3281E-11 4.6296E-11 5.9032E-11 6.7845E-11 7.5961E-11 8.4599E-11 9.6968E-11 1.1320E-10 1.3042E-10 1.4938E-10 1.7624E-10 2.0115E-10 2.2454E-10 2.6142E-10 2.9435E-10 3.3031E-10 3.8966E-10 5.1016E-10 6.9558E-10 1.0288E-09 1.3255E-09 1.6389E-09 1.9277E-09 2.2169E-09 2.5016E-09 2.7647E-09 3.5765E-09 4.4885E-09 5.1198E-09 5.6200E-09 5.9523E-09 6.1165E-09 6.1270E-09 5.1249E-09 4.9258E-09 4.6109E-09 4.1872E-09 3.7450E-09 2.7049E-09 2.4047E-09 2.0309E-09 1.7600E-09 9.9049E-10 9.0365E-10 8.1127E-10 6.7054E-10 5.7331E-10 5.4666E-10 5.2876E-10 4.4428E-10 4.3426E-10 4.2185E-10 4.1359E-10 4.0014E-10 3.9015E-10
9.8509E-12 1.1726E-11 1.8488E-11 2.9121E-11 3.9711E-11 5.1428E-11 6.2854E-11 7.0237E-11 7.7777E-11 8.7599E-11 1.0050E-10 1.1493E-10 1.2981E-10 1.5363E-10 1.8057E-10 2.0263E-10 2.2431E-10 2.5258E-10 2.7971E-10 3.2746E-10 4.0754E-10 5.4421E-10 8.1426E-10 1.0162E-09 1.2331E-09 1.4860E-09 1.7063E-09 1.8862E-09 2.0363E-09 2.8861E-09 3.3358E-09 3.7468E-09 3.5125E-09 3.6621E-09 3.7177E-09 3.6884E-09 3.5997E-09 3.4178E-09 2.5222E-09 2.3487E-09 2.0303E-09 1.8075E-09 1.5718E-09 8.8777E-10 8.1154E-10 6.5965E-10 5.9325E-10 5.1315E-10 5.0083E-10 4.8756E-10 4.1026E-10 4.0106E-10 3.9357E-10 3.8577E-10 3.7432E-10 3.6159E-10 3.5364E-10
8.4742E-12 9.4328E-12 1.0533E-11 1.5384E-11 2.3879E-11 3.3389E-11 4.3109E-11 5.3961E-11 6.4169E-11 7.0738E-11 7.7803E-11 8.8426E-11 9.9770E-11 1.1230E-10 1.3389E-10 1.4876E-10 1.6715E-10 1.9048E-10 2.0545E-10 2.2526E-10 2.5975E-10 3.0942E-10 4.0295E-10 6.1449E-10 7.7848E-10 9.3202E-10 1.0576E-09 1.1722E-09 1.2798E-09 1.3773E-09 1.8851E-09 2.1335E-09 2.3179E-09 2.4733E-09 2.5723E-09 2.6214E-09 2.0038E-09 1.9715E-09 1.9068E-09 1.7088E-09 1.5330E-09 1.3797E-09 7.6501E-10 7.0502E-10 5.7247E-10 5.0396E-10 4.6702E-10 4.5787E-10 3.7697E-10 3.7399E-10 3.6735E-10 3.6407E-10 3.5367E-10 3.4770E-10 3.4076E-10 3.3217E-10 3.2030E-10
7.2609E-12 8.0825E-12 8.9608E-12 9.8950E-12 1.2129E-11 1.8939E-11 2.6797E-11 3.5824E-11 4.3508E-11 5.3087E-11 6.2984E-11 6.9311E-11 7.6440E-11 8.6250E-11 9.4586E-11 1.1067E-10 1.2581E-10 1.4047E-10 1.5028E-10 1.6313E-10 1.8182E-10 1.9368E-10 2.1697E-10 2.7825E-10 4.5000E-10 5.4472E-10 6.2589E-10 7.3906E-10 8.5763E-10 9.2902E-10 9.7773E-10 1.3799E-09 1.2749E-09 1.3612E-09 1.4184E-09 1.4427E-09 1.3525E-09 1.3392E-09 1.2969E-09 1.2677E-09 6.7316E-10 6.4202E-10 5.2121E-10 4.6494E-10 4.2367E-10 4.1995E-10 4.1366E-10 3.3870E-10 3.3506E-10 3.3393E-10 3.3143E-10 3.2720E-10 3.2162E-10 3.1444E-10 3.0939E-10 3.0352E-10 2.9083E-10
4.8462E-12 6.8980E-12 7.6479E-12 8.4454E-12 9.2888E-12 1.0176E-11 1.3983E-11 2.1095E-11 2.7305E-11 3.5790E-11 4.2254E-11 4.8746E-11 5.8010E-11 6.5621E-11 7.2293E-11 8.4592E-11 9.1539E-11 9.8369E-11 1.1183E-10 1.2093E-10 1.2749E-10 1.3533E-10 1.4365E-10 1.5024E-10 1.6689E-10 2.9214E-10 3.8700E-10 4.6722E-10 5.2546E-10 5.7075E-10 6.0980E-10 6.4043E-10 8.2398E-10 8.2988E-10 8.8353E-10 9.2276E-10 9.5020E-10 5.4819E-10 5.4096E-10 5.2656E-10 4.2225E-10 3.9934E-10 3.7893E-10 3.7720E-10 3.7427E-10 2.9987E-10 3.0034E-10 2.9994E-10 3.0015E-10 2.9778E-10 2.9771E-10 2.9524E-10 2.9178E-10 2.8435E-10 2.8025E-10 2.7517E-10 2.6702E-10
9.4004E-13 3.3723E-12 5.9102E-12 7.1797E-12 7.8967E-12 8.6509E-12 9.4398E-12 1.0422E-11 1.4773E-11 2.1453E-11 2.6000E-11 3.3064E-11 3.9877E-11 4.3940E-11 4.9037E-11 5.5667E-11 6.2336E-11 7.0953E-11 7.8395E-11 8.2057E-11 8.7876E-11 9.3934E-11 9.9786E-11 1.0743E-10 1.1378E-10 1.2748E-10 2.1446E-10 2.4529E-10 2.7030E-10 2.6504E-10 3.0664E-10 3.3223E-10 3.5690E-10 3.6480E-10 3.7333E-10 3.8848E-10 3.9613E-10 3.3369E-10 3.2116E-10 3.1704E-10 3.2298E-10 3.2934E-10 3.3133E-10 2.5784E-10 2.5972E-10 2.6227E-10 2.6508E-10 2.6661E-10 2.6849E-10 2.6736E-10 2.6638E-10 2.6572E-10 2.6427E-10 2.6026E-10 2.5254E-10 2.4589E-10 2.3844E-10
0.0000E+00 3.3707E-13 1.8000E-12 4.1691E-12 6.3830E-12 7.3255E-12 7.9934E-12 8.6878E-12 9.4051E-12 1.0261E-11 1.3818E-11 2.0231E-11 2.3998E-11 2.7772E-11 3.3933E-11 3.9547E-11 4.3091E-11 4.5456E-11 4.8771E-11 5.2531E-11 5.8514E-11 6.4917E-11 6.7050E-11 6.8950E-11 7.2322E-11 7.5846E-11 8.6846E-11 1.4515E-10 1.6795E-10 1.8217E-10 2.0103E-10 2.2118E-10 2.3950E-10 2.5588E-10 2.1814E-10 2.3050E-10 2.3765E-10 2.4750E-10 2.5883E-10 2.6849E-10 2.7678E-10 2.1359E-10 2.1888E-10 2.2340E-10 2.2861E-10 2.3051E-10 2.3473E-10 2.3637E-10 2.3798E-10 2.4000E-10 2.3824E-10 2.3852E-10 2.3725E-10 2.3287E-10 2.2410E-10 2.1677E-10 2.1321E-10
0.0000E+00 0.0000E+00 0.0000E+00 6.8789E-13 2.4180E-12 4.5088E-12 6.4891E-12 7.3277E-12 7.9327E-12 8.5536E-12 9.1866E-12 9.8275E-12 1.1723E-11 1.6670E-11 2.1616E-11 2.3933E-11 2.6224E-11 3.0009E-11 3.4018E-11 3.6956E-11 3.9943E-11 4.2404E-11 4.4453E-11 4.5420E-11 4.6170E-11 4.6694E-11 4.7750E-11 5.8908E-11 8.9183E-11 1.0432E-10 1.1552E-10 1.2813E-10 1.4068E-10 1.5570E-10 1.7001E-10 1.8136E-10 1.9588E-10 2.0682E-10 1.5995E-10 1.6937E-10 1.7632E-10 1.8390E-10 1.8949E-10 1.9502E-10 1.9917E-10 2.0299E-10 2.0600E-10 2.0903E-10 2.1231E-10 2.1215E-10 2.1158E-10 2.0998E-10 2.0592E-10 2.0462E-10 1.9476E-10 1.9241E-10 1.7219E-10
0.0000E+00 0.0000E+00 0.0000E+00 0.0000E+00 0.0000E+00 8.6006E-13 2.5214E-12 4.2510E-12 6.1509E-12 7.1862E-12 7.7180E-12 8.2564E-12 8.7974E-12 9.3366E-12 9.8697E-12 1.1766E-11 1.5573E-11 1.9432E-11 2.2328E-11 2.3866E-11 2.4762E-11 2.6142E-11 2.7835E-11 2.9348E-11 2.9879E-11 3.0274E-11 3.0529E-11 3.3645E-11 4.0479E-11 7.4568E-11 8.7929E-11 9.8174E-11 1.0786E-10 1.2172E-10 9.5139E-11 1.0591E-10 1.1623E-10 1.2411E-10 1.3415E-10 1.4173E-10 1.4978E-10 1.5706E-10 1.6239E-10 1.6892E-10 1.7303E-10 1.7581E-10 1.7908E-10 1.8314E-10 1.8592E-10 1.8476E-10 1.8568E-10 1.8104E-10 1.8160E-10 1.7451E-10 1.6357E-10 1.5247E-10 1.3663E-10
0.0000E+00 0.0000E+00 0.0000E+00 0.0000E+00 0.0000E+00 0.0000E+00 0.0000E+00 7.8900E-13 2.1943E-12 3.4421E-12 5.3166E-12 6.8785E-12 7.3621E-12 7.8133E-12 8.2595E-12 8.6965E-12 9.1205E-12 9.5273E-12 1.0089E-11 1.1556E-11 1.4022E-11 1.5973E-11 1.7572E-11 1.9069E-11 1.9614E-11 1.9886E-11 2.0071E-11 2.0168E-11 2.3110E-11 3.2353E-11 4.3015E-11 4.9949E-11 5.6023E-11 6.4195E-11 7.4019E-11 8.1876E-11 9.2229E-11 1.0237E-10 1.0973E-10 1.1764E-10 1.2612E-10 1.3364E-10 1.3931E-10 1.4425E-10 1.4780E-10 1.5301E-10 1.5506E-10 1.5858E-10 1.5818E-10 1.5921E-10 1.5810E-10 1.5678E-10 1.4306E-10 1.3970E-10 1.2917E-10 1.1332E-10 1.0242E-10
0.0000E+00 0.0000E+00 0.0000E+00 0.0000E+00 0.0000E+00 0.0000E+00 0.0000E+00 0.0000E+00 0.0000E+00 4.2180E-13 1.5323E-12 2.6230E-12 3.8560E-12 5.2054E-12 6.6162E-12 7.2493E-12 7.6028E-12 7.9419E-12 8.2634E-12 8.5638E-12 8.8402E-12 9.0893E-12 9.3086E-12 9.4955E-12 9.6479E-12 9.7641E-12 1.0089E-11 1.0499E-11 1.0649E-11 1.3043E-11 2.1626E-11 3.4369E-11 4.0857E-11 4.6796E-11 5.4526E-11 6.3952E-11 7.3564E-11 8.3270E-11 9.1835E-11 9.7908E-11 1.0553E-10 1.1262E-10 1.1942E-10 1.2209E-10 1.2544E-10 1.2932E-10 1.3093E-10 1.3166E-10 1.3529E-10 1.3175E-10 1.2512E-10 1.2574E-10 1.0455E-10 1.0529E-10 8.9605E-11 7.8268E-11 7.2865E-11
0.0000E+00 0.0000E+00 0.0000E+00 0.0000E+00 0.0000E+00 0.0000E+00 0.0000E+00 0.0000E+00 0.0000E+00 0.0000E+00 0.0000E+00 0.0000E+00 6.5792E-13 1.7724E-12 2.3380E-12 3.4338E-12 4.3797E-12 4.9461E-12 6.1027E-12 7.1111E-12 7.3406E-12 7.5476E-12 7.7298E-12 7.8851E-12 8.0118E-12 8.1084E-12 8.1738E-12 8.2072E-12 8.2083E-12 8.1770E-12 1.0877E-11 2.1910E-11 3.3998E-11 3.7733E-11 4.2605E-11 4.8359E-11 5.7254E-11 6.6306E-11 7.4233E-11 8.2130E-11 8.7058E-11 9.3117E-11 9.7254E-11 1.0101E-10 1.0375E-10 1.0746E-10 1.0840E-10 1.0408E-10 1.0456E-10 1.0730E-10 9.1131E-11 8.9460E-11 7.9303E-11 6.7160E-11 6.4576E-11 5.9762E-11 3.8291E-11
0.0000E+00 0.0000E+00 0.0000E+00 0.0000E+00 0.0000E+00 0.0000E+00 0.0000E+00 0.0000E+00 0.0000E+00 0.0000E+00 0.0000E+00 0.0000E+00 0.0000E+00 0.0000E+00 0.0000E+00 2.0707E-13 1.1738E-12 2.0368E-12 2.1222E-12 2.6960E-12 3.6616E-12 4.3679E-12 4.4786E-12 4.5745E-12 4.6544E-12 4.7174E-12 4.7629E-12 4.7902E-12 4.7991E-12 4.7895E-12 4.7614E-12 7.3813E-12 2.0360E-11 2.9639E-11 3.3106E-11 3.7053E-11 4.3144E-11 5.1532E-11 5.8787E-11 6.5426E-11 6.8373E-11 7.4067E-11 7.8981E-11 8.1946E-11 7.9684E-11 8.3486E-11 8.5954E-11 7.1747E-11 7.4165E-11 7.6361E-11 6.3437E-11 5.6685E-11 5.3567E-11 4.2370E-11 3.4864E-11 3.1611E-11 3.1565E-11
0.0000E+00 0.0000E+00 0.0000E+00 0.0000E+00 0.0000E+00 0.0000E+00 0.0000E+00 0.0000E+00 0.0000E+00 0.0000E+00 0.0000E+00 0.0000E+00 0.0000E+00 0.0000E+00 0.0000E+00 0.0000E+00 0.0000E+00 0.0000E+00 0.0000E+00 0.0000E+00 7.2769E-14 8.6249E-13 1.7373E-12 2.0365E-12 2.0732E-12 2.1024E-12 2.1237E-12 2.1370E-12 2.1420E-12 2.1388E-12 2.1273E-12 2.1077E-12 4.6451E-12 1.7144E-11 2.4672E-11 2.8669E-11 3.2202E-11 3.8676E-11 4.5266E-11 4.7557E-11 5.2781E-11 5.6433E-11 6.0425E-11 5.7855E-11 5.4676E-11 5.7509E-11 5.7524E-11 5.2121E-11 4.7092E-11 4.2841E-11 4.4080E-11 2.9987E-11 2.7635E-11 2.8187E-11 1.6800E-11 1.7052E-11 1.2880E-11
0.0000E+00 0.0000E+00 0.0000E+00 0.0000E+00 0.0000E+00 0.0000E+00 0.0000E+00 0.0000E+00 0.0000E+00 0.0000E+00 0.0000E+00 0.0000E+00 0.0000E+00 0.0000E+00 0.0000E+00 0.0000E+00 0.0000E+00 0.0000E+00 0.0000E+00 0.0000E+00 0.0000E+00 0.0000E+00 0.0000E+00 0.0000E+00 0.0000E+00 0.0000E+00 0.0000E+00 0.0000E+00 0.0000E+00 0.0000E+00 0.0000E+00 0.0000E+00 0.0000E+00 2.4614E-12 1.2273E-11 2.0460E-11 2.2020E-11 2.4630E-11 3.0055E-11 3.0067E-11 3.3997E-11 3.6840E-11 3.9614E-11 3.6313E-11 3.0792E-11 3.2561E-11 3.4239E-11 3.3641E-11 2.2168E-11 2.3018E-11 2.3800E-11 2.1427E-11 1.4716E-11 1.1303E-11 1.1517E-11 0.0000E+00 0.0000E+00
