Assets/Resources/2015_m01_d22_1800(utc+0800)_l00_csi_1hr_conc.grd
DSAA
         159         159
     -79.000      79.000
     -79.000      79.000
  0.0000E+00  0.3393E-05
[rows 25 to 49 of 159, columns 57 to 113 of 159]
1.6733E-08 1.6089E-08 1.5444E-08 1.4807E-08 1.4183E-08 1.3577E-08 1.2992E-08 1.2431E-08 1.1895E-08 1.1388E-08 1.0907E-08 1.0459E-08 1.0037E-08 9.6422E-09 9.2711E-09 8.9249E-09 8.5966E-09 8.2845E-09 7.9963E-09 7.7201E-09 7.4629E-09 7.2155E-09 6.9802E-09 6.7611E-09 6.5556E-09 6.3602E-09 6.1719E-09 5.9895E-09 5.8171E-09 5.6474E-09 5.4876E-09 5.3333E-09 5.1820E-09 5.0383E-09 4.8927E-09 4.7577E-09 4.6220E-09 4.4935E-09 4.3670E-09 4.2426E-09 4.1221E-09 4.0024E-09 3.8869E-09 3.7729E-09 3.6620E-09 3.5412E-09 3.4241E-09 3.3070E-09 3.1976E-09 3.1003E-09 2.9819E-09 2.8903E-09 2.7771E-09 2.6898E-09 2.5876E-09 2.4945E-09 2.3989E-09
1.6548E-08 1.5896E-08 1.5253E-08 1.4615E-08 1.3993E-08 1.3389E-08 1.2807E-08 1.2248E-08 1.1719E-08 1.1213E-08 1.0738E-08 1.0293E-08 9.8759E-09 9.4859E-09 9.1217E-09 8.7815E-09 8.4570E-09 8.1550E-09 7.8689E-09 7.6057E-09 7.3482E-09 7.1117E-09 6.8768E-09 6.6658E-09 6.4637E-09 6.2723E-09 6.0871E-09 5.9083E-09 5.7388E-09 5.5709E-09 5.4159E-09 5.2624E-09 5.1157E-09 4.9723E-09 4.8316E-09 4.6981E-09 4.5653E-09 4.4388E-09 4.3139E-09 4.1921E-09 4.0732E-09 3.9563E-09 3.8420E-09 3.7301E-09 3.6211E-09 3.5018E-09 3.3870E-09 3.2720E-09 3.1641E-09 3.0586E-09 2.9527E-09 2.8638E-09 2.7518E-09 2.6489E-09 2.5658E-09 2.4739E-09 2.3792E-09
1.6333E-08 1.5686E-08 1.5038E-08 1.4404E-08 1.3779E-08 1.3178E-08 1.2599E-08 1.2047E-08 1.1522E-08 1.1022E-08 1.0552E-08 1.0112E-08 9.7003E-09 9.3167E-09 8.9599E-09 8.6252E-09 8.3033E-09 8.0126E-09 7.7330E-09 7.4772E-09 7.2273E-09 6.9937E-09 6.7675E-09 6.5596E-09 6.3630E-09 6.1747E-09 5.9934E-09 5.8186E-09 5.6534E-09 5.4888E-09 5.3379E-09 5.1852E-09 5.0435E-09 4.8996E-09 4.7646E-09 4.6324E-09 4.5032E-09 4.3793E-09 4.2558E-09 4.1370E-09 4.0194E-09 3.9052E-09 3.7930E-09 3.6833E-09 3.5759E-09 3.4469E-09 3.3460E-09 3.2335E-09 3.1273E-09 3.0236E-09 2.9208E-09 2.8223E-09 2.7239E-09 2.6224E-09 2.5415E-09 2.4507E-09 2.3572E-09
1.6098E-08 1.5450E-08 1.4805E-08 1.4169E-08 1.3552E-08 1.2951E-08 1.2377E-08 1.1830E-08 1.1310E-08 1.0815E-08 1.0351E-08 9.9169E-09 9.5119E-09 9.1360E-09 8.7850E-09 8.4566E-09 8.1426E-09 7.8555E-09 7.5860E-09 7.3359E-09 7.0943E-09 6.8644E-09 6.6476E-09 6.4454E-09 6.2524E-09 6.0687E-09 5.8903E-09 5.7211E-09 5.5573E-09 5.4007E-09 5.2514E-09 5.1038E-09 4.9647E-09 4.8232E-09 4.6923E-09 4.5609E-09 4.4362E-09 4.3140E-09 4.1932E-09 4.0769E-09 3.9614E-09 3.8499E-09 3.7395E-09 3.6325E-09 3.5268E-09 3.4005E-09 3.3015E-09 3.1797E-09 3.0868E-09 2.9857E-09 2.8846E-09 2.7888E-09 2.6923E-09 2.5931E-09 2.5050E-09 2.4079E-09 2.3329E-09
1.5850E-08 1.5198E-08 1.4556E-08 1.3922E-08 1.3307E-08 1.2712E-08 1.2142E-08 1.1601E-08 1.1085E-08 1.0597E-08 1.0138E-08 9.7102E-09 9.3128E-09 8.9424E-09 8.5993E-09 8.2717E-09 7.9725E-09 7.6879E-09 7.4299E-09 7.1815E-09 6.9513E-09 6.7243E-09 6.5175E-09 6.3210E-09 6.1329E-09 5.9540E-09 5.7798E-09 5.6168E-09 5.4535E-09 5.3052E-09 5.1566E-09 5.0160E-09 4.8772E-09 4.7421E-09 4.6132E-09 4.4855E-09 4.3638E-09 4.2438E-09 4.1262E-09 4.0119E-09 3.8993E-09 3.7898E-09 3.6820E-09 3.5773E-09 3.4617E-09 3.3508E-09 3.2537E-09 3.1345E-09 3.0434E-09 2.9332E-09 2.8455E-09 2.7411E-09 2.6577E-09 2.5608E-09 2.4745E-09 2.3798E-09 2.2977E-09
1.5594E-08 1.4940E-08 1.4296E-08 1.3667E-08 1.3051E-08 1.2460E-08 1.1893E-08 1.1354E-08 1.0846E-08 1.0365E-08 9.9129E-09 9.4929E-09 9.1022E-09 8.7395E-09 8.4025E-09 8.0807E-09 7.7903E-09 7.5120E-09 7.2614E-09 7.0190E-09 6.7958E-09 6.5753E-09 6.3778E-09 6.1866E-09 6.0040E-09 5.8292E-09 5.6627E-09 5.5030E-09 5.3466E-09 5.2025E-09 5.0572E-09 4.9218E-09 4.7839E-09 4.6553E-09 4.5279E-09 4.4052E-09 4.2866E-09 4.1687E-09 4.0547E-09 3.9424E-09 3.8330E-09 3.7259E-09 3.6207E-09 3.5183E-09 3.4055E-09 3.2967E-09 3.1911E-09 3.0856E-09 2.9857E-09 2.8892E-09 2.8033E-09 2.7012E-09 2.6201E-09 2.5252E-09 2.4415E-09 2.3485E-09 2.2690E-09
1.5333E-08 1.4678E-08 1.4033E-08 1.3404E-08 1.2794E-08 1.2203E-08 1.1639E-08 1.1102E-08 1.0599E-08 1.0126E-08 9.6798E-09 9.2651E-09 8.8817E-09 8.5260E-09 8.1953E-09 7.8809E-09 7.5965E-09 7.3270E-09 7.0818E-09 6.8482E-09 6.6284E-09 6.4193E-09 6.2257E-09 6.0438E-09 5.8665E-09 5.6960E-09 5.5367E-09 5.3792E-09 5.2323E-09 5.0906E-09 4.9525E-09 4.8200E-09 4.6870E-09 4.5629E-09 4.4384E-09 4.3200E-09 4.2039E-09 4.0892E-09 3.9784E-09 3.8687E-09 3.7629E-09 3.6575E-09 3.5558E-09 3.4551E-09 3.3335E-09 3.2394E-09 3.1366E-09 3.0334E-09 2.9364E-09 2.8420E-09 2.7478E-09 2.6585E-09 2.5611E-09 2.4873E-09 2.4050E-09 2.3150E-09 2.2282E-09
1.5068E-08 1.4412E-08 1.3765E-08 1.3134E-08 1.2523E-08 1.1934E-08 1.1373E-08 1.0844E-08 1.0344E-08 9.8764E-09 9.4378E-09 9.0286E-09 8.6504E-09 8.3032E-09 7.9762E-09 7.6734E-09 7.3915E-09 7.1330E-09 6.8926E-09 6.6666E-09 6.4520E-09 6.2545E-09 6.0666E-09 5.8911E-09 5.7212E-09 5.5569E-09 5.4032E-09 5.2502E-09 5.1117E-09 4.9716E-09 4.8419E-09 4.7093E-09 4.5855E-09 4.4631E-09 4.3444E-09 4.2299E-09 4.1165E-09 4.0059E-09 3.8973E-09 3.7913E-09 3.6879E-09 3.5856E-09 3.4868E-09 3.3764E-09 3.2707E-09 3.1789E-09 3.0675E-09 2.9782E-09 2.8726E-09 2.7921E-09 2.7001E-09 2.6130E-09 2.5182E-09 2.4368E-09 2.3491E-09 2.2781E-09 2.1774E-09
1.4803E-08 1.4152E-08 1.3505E-08 1.2870E-08 1.2256E-08 1.1668E-08 1.1108E-08 1.0578E-08 1.0082E-08 9.6176E-09 9.1837E-09 8.7834E-09 8.4132E-09 8.0698E-09 7.7467E-09 7.4550E-09 7.1793E-09 6.9285E-09 6.6954E-09 6.4768E-09 6.2675E-09 6.0817E-09 5.8978E-09 5.7313E-09 5.5653E-09 5.4110E-09 5.2596E-09 5.1169E-09 4.9823E-09 4.8499E-09 4.7240E-09 4.5969E-09 4.4782E-09 4.3593E-09 4.2456E-09 4.1348E-09 4.0248E-09 3.9180E-09 3.8127E-09 3.7101E-09 3.6092E-09 3.5105E-09 3.4141E-09 3.3072E-09 3.2041E-09 3.1041E-09 3.0067E-09 2.9092E-09 2.8177E-09 2.7391E-09 2.6392E-09 2.5650E-09 2.4724E-09 2.3934E-09 2.3077E-09 2.2307E-09 2.1409E-09
1.4544E-08 1.3894E-08 1.3243E-08 1.2603E-08 1.1986E-08 1.1395E-08 1.0836E-08 1.0308E-08 9.8134E-09 9.3524E-09 8.9242E-09 8.5302E-09 8.1668E-09 7.8286E-09 7.5118E-09 7.2273E-09 6.9607E-09 6.7151E-09 6.4917E-09 6.2781E-09 6.0784E-09 5.8987E-09 5.7246E-09 5.5611E-09 5.4036E-09 5.2576E-09 5.1105E-09 4.9781E-09 4.8450E-09 4.7226E-09 4.5967E-09 4.4794E-09 4.3633E-09 4.2509E-09 4.1423E-09 4.0345E-09 3.9288E-09 3.8254E-09 3.7236E-09 3.6253E-09 3.5267E-09 3.4320E-09 3.3376E-09 3.2225E-09 3.1345E-09 3.0378E-09 2.9429E-09 2.8488E-09 2.7598E-09 2.6734E-09 2.5865E-09 2.5145E-09 2.4244E-09 2.3474E-09 2.2641E-09 2.1808E-09 2.1020E-09
1.4293E-08 1.3643E-08 1.2988E-08 1.2345E-08 1.1722E-08 1.1126E-08 1.0561E-08 1.0034E-08 9.5400E-09 9.0846E-09 8.6597E-09 8.2710E-09 7.9101E-09 7.5782E-09 7.2708E-09 6.9915E-09 6.7345E-09 6.4952E-09 6.2792E-09 6.0727E-09 5.8830E-09 5.7088E-09 5.5445E-09 5.3823E-09 5.2358E-09 5.0928E-09 4.9591E-09 4.8305E-09 4.7067E-09 4.5878E-09 4.4689E-09 4.3568E-09 4.2454E-09 4.1383E-09 4.0341E-09 3.9304E-09 3.8293E-09 3.7295E-09 3.6317E-09 3.5362E-09 3.4415E-09 3.3497E-09 3.2463E-09 3.1474E-09 3.0623E-09 2.9572E-09 2.8766E-09 2.7745E-09 2.6996E-09 2.6047E-09 2.5315E-09 2.4436E-09 2.3650E-09 2.2819E-09 2.2183E-09 2.1372E-09 2.0612E-09
1.4062E-08 1.3401E-08 1.2742E-08 1.2091E-08 1.1462E-08 1.0860E-08 1.0292E-08 9.7591E-09 9.2664E-09 8.8116E-09 8.3898E-09 8.0049E-09 7.6490E-09 7.3212E-09 7.0239E-09 6.7491E-09 6.5030E-09 6.2714E-09 6.0584E-09 5.8635E-09 5.6827E-09 5.5135E-09 5.3574E-09 5.2026E-09 5.0614E-09 4.9250E-09 4.8013E-09 4.6776E-09 4.5630E-09 4.4456E-09 4.3360E-09 4.2274E-09 4.1226E-09 4.0215E-09 3.9206E-09 3.8219E-09 3.7246E-09 3.6293E-09 3.5364E-09 3.4431E-09 3.3534E-09 3.2637E-09 3.1652E-09 3.0688E-09 2.9761E-09 2.8851E-09 2.7971E-09 2.7092E-09 2.6261E-09 2.5450E-09 2.4741E-09 2.3889E-09 2.3128E-09 2.2320E-09 2.1619E-09 2.0753E-09 2.0095E-09
1.3848E-08 1.3176E-08 1.2506E-08 1.1846E-08 1.1208E-08 1.0599E-08 1.0025E-08 9.4903E-09 8.9938E-09 8.5382E-09 8.1164E-09 7.7346E-09 7.3823E-09 7.0640E-09 6.7714E-09 6.5066E-09 6.2623E-09 6.0437E-09 5.8341E-09 5.6481E-09 5.4778E-09 5.3124E-09 5.1614E-09 5.0182E-09 4.8768E-09 4.7547E-09 4.6350E-09 4.5231E-09 4.4116E-09 4.3027E-09 4.1983E-09 4.0958E-09 3.9968E-09 3.9000E-09 3.8043E-09 3.7100E-09 3.6176E-09 3.5262E-09 3.4372E-09 3.3480E-09 3.2618E-09 3.1756E-09 3.0689E-09 2.9884E-09 2.8872E-09 2.8110E-09 2.7150E-09 2.6416E-09 2.5614E-09 2.4830E-09 2.4145E-09 2.3321E-09 2.2583E-09 2.1802E-09 2.1037E-09 2.0283E-09 1.9564E-09
1.3668E-08 1.2980E-08 1.2294E-08 1.1621E-08 1.0968E-08 1.0350E-08 9.7682E-09 9.2261E-09 8.7258E-09 8.2658E-09 7.8423E-09 7.4630E-09 7.1117E-09 6.8043E-09 6.5175E-09 6.2621E-09 6.0212E-09 5.8088E-09 5.6111E-09 5.4293E-09 5.2674E-09 5.1092E-09 4.9647E-09 4.8291E-09 4.6944E-09 4.5806E-09 4.4679E-09 4.3646E-09 4.2573E-09 4.1566E-09 4.0565E-09 3.9602E-09 3.8673E-09 3.7744E-09 3.6834E-09 3.5940E-09 3.5060E-09 3.4203E-09 3.3337E-09 3.2504E-09 3.1664E-09 3.0732E-09 2.9821E-09 2.8940E-09 2.8076E-09 2.7239E-09 2.6425E-09 2.5719E-09 2.4839E-09 2.4190E-09 2.3352E-09 2.2643E-09 2.1850E-09 2.1265E-09 2.0358E-09 1.9797E-09 1.9100E-09
1.3503E-08 1.2798E-08 1.2095E-08 1.1407E-08 1.0740E-08 1.0108E-08 9.5161E-09 8.9670E-09 8.4607E-09 7.9964E-09 7.5705E-09 7.1931E-09 6.8478E-09 6.5414E-09 6.2655E-09 6.0134E-09 5.7817E-09 5.5686E-09 5.3845E-09 5.2077E-09 5.0538E-09 4.9014E-09 4.7656E-09 4.6331E-09 4.5112E-09 4.3981E-09 4.2992E-09 4.1966E-09 4.1007E-09 4.0048E-09 3.9121E-09 3.8223E-09 3.7335E-09 3.6465E-09 3.5599E-09 3.4758E-09 3.3924E-09 3.3109E-09 3.2289E-09 3.1496E-09 3.0696E-09 2.9686E-09 2.8936E-09 2.7976E-09 2.7262E-09 2.6461E-09 2.5681E-09 2.4898E-09 2.4156E-09 2.3531E-09 2.2723E-09 2.2041E-09 2.1273E-09 2.0629E-09 1.9834E-09 1.9212E-09 1.8380E-09
1.3367E-08 1.2642E-08 1.1920E-08 1.1213E-08 1.0531E-08 9.8829E-09 9.2776E-09 8.7194E-09 8.2075E-09 7.7381E-09 7.3069E-09 6.9243E-09 6.5868E-09 6.2822E-09 6.0111E-09 5.7656E-09 5.5406E-09 5.3315E-09 5.1542E-09 4.9857E-09 4.8336E-09 4.6946E-09 4.5569E-09 4.4400E-09 4.3203E-09 4.2205E-09 4.1244E-09 4.0320E-09 3.9416E-09 3.8530E-09 3.7662E-09 3.6817E-09 3.5975E-09 3.5150E-09 3.4339E-09 3.3539E-09 3.2764E-09 3.1974E-09 3.1218E-09 3.0449E-09 2.9588E-09 2.8738E-09 2.7915E-09 2.7107E-09 2.6321E-09 2.5556E-09 2.4917E-09 2.4062E-09 2.3455E-09 2.2675E-09 2.2078E-09 2.1247E-09 2.0683E-09 1.9977E-09 1.9297E-09 1.8615E-09 1.7893E-09
1.3259E-08 1.2513E-08 1.1769E-08 1.1041E-08 1.0340E-08 9.6743E-09 9.0499E-09 8.4778E-09 7.9585E-09 7.4863E-09 7.0532E-09 6.6689E-09 6.3268E-09 6.0263E-09 5.7573E-09 5.5173E-09 5.2991E-09 5.0946E-09 4.9226E-09 4.7610E-09 4.6156E-09 4.4832E-09 4.3547E-09 4.2433E-09 4.1337E-09 4.0410E-09 3.9498E-09 3.8653E-09 3.7804E-09 3.6983E-09 3.6182E-09 3.5378E-09 3.4594E-09 3.3812E-09 3.3059E-09 3.2311E-09 3.1573E-09 3.0838E-09 3.0121E-09 2.9398E-09 2.8459E-09 2.7777E-09 2.6879E-09 2.6223E-09 2.5365E-09 2.4749E-09 2.4035E-09 2.3319E-09 2.2740E-09 2.1990E-09 2.1331E-09 2.0619E-09 1.9994E-09 1.9235E-09 1.8663E-09 1.7846E-09 1.7394E-09
1.3172E-08 1.2402E-08 1.1638E-08 1.0890E-08 1.0169E-08 9.4855E-09 8.8463E-09 8.2571E-09 7.7231E-09 7.2452E-09 6.8099E-09 6.4215E-09 6.0760E-09 5.7711E-09 5.5099E-09 5.2694E-09 5.0601E-09 4.8596E-09 4.6919E-09 4.5365E-09 4.3986E-09 4.2699E-09 4.1540E-09 4.0438E-09 3.9480E-09 3.8556E-09 3.7754E-09 3.6957E-09 3.6186E-09 3.5433E-09 3.4679E-09 3.3938E-09 3.3193E-09 3.2472E-09 3.1757E-09 3.1066E-09 3.0357E-09 2.9683E-09 2.8992E-09 2.8210E-09 2.7434E-09 2.6684E-09 2.5939E-09 2.5218E-09 2.4512E-09 2.3821E-09 2.3142E-09 2.2564E-09 2.1828E-09 2.1293E-09 2.0662E-09 1.9979E-09 1.9295E-09 1.8651E-09 1.8019E-09 1.7317E-09 1.6725E-09
1.3114E-08 1.2320E-08 1.1530E-08 1.0758E-08 1.0017E-08 9.3140E-09 8.6595E-09 8.0546E-09 7.5083E-09 7.0159E-09 6.5769E-09 6.1815E-09 5.8369E-09 5.5252E-09 5.2637E-09 5.0288E-09 4.8210E-09 4.6262E-09 4.4607E-09 4.3151E-09 4.1761E-09 4.0610E-09 3.9477E-09 3.8493E-09 3.7566E-09 3.6758E-09 3.5995E-09 3.5286E-09 3.4576E-09 3.3878E-09 3.3176E-09 3.2478E-09 3.1790E-09 3.1111E-09 3.0454E-09 2.9788E-09 2.9147E-09 2.8501E-09 2.7868E-09 2.7007E-09 2.6404E-09 2.5579E-09 2.4995E-09 2.4204E-09 2.3646E-09 2.2882E-09 2.2347E-09 2.1798E-09 2.1094E-09 2.0496E-09 1.9811E-09 1.9243E-09 1.8508E-09 1.7974E-09 1.7208E-09 1.6777E-09 1.6130E-09
1.3070E-08 1.2259E-08 1.1448E-08 1.0657E-08 9.8932E-09 9.1743E-09 8.5001E-09 7.8799E-09 7.3126E-09 6.8072E-09 6.3555E-09 5.9544E-09 5.6049E-09 5.2933E-09 5.0239E-09 4.7904E-09 4.5842E-09 4.3930E-09 4.2331E-09 4.0891E-09 3.9633E-09 3.8474E-09 3.7488E-09 3.6510E-09 3.5723E-09 3.4941E-09 3.4275E-09 3.3615E-09 3.2970E-09 3.2315E-09 3.1670E-09 3.1018E-09 3.0387E-09 2.9758E-09 2.9144E-09 2.8521E-09 2.7927E-09 2.7317E-09 2.6616E-09 2.5920E-09 2.5249E-09 2.4579E-09 2.3931E-09 2.3293E-09 2.2667E-09 2.2046E-09 2.1542E-09 2.1023E-09 2.0352E-09 1.9782E-09 1.9129E-09 1.8502E-09 1.7884E-09 1.7291E-09 1.6639E-09 1.6071E-09 1.5608E-09
1.3065E-08 1.2230E-08 1.1399E-08 1.0583E-08 9.8007E-09 9.0606E-09 8.3692E-09 7.7318E-09 7.1468E-09 6.6189E-09 6.1554E-09 5.7428E-09 5.3894E-09 5.0751E-09 4.8017E-09 4.5603E-09 4.3510E-09 4.1664E-09 4.0027E-09 3.8718E-09 3.7467E-09 3.6433E-09 3.5460E-09 3.4610E-09 3.3855E-09 3.3175E-09 3.2556E-09 3.1965E-09 3.1361E-09 3.0772E-09 3.0159E-09 2.9576E-09 2.8983E-09 2.8408E-09 2.7816E-09 2.7258E-09 2.6683E-09 2.6018E-09 2.5353E-09 2.4717E-09 2.4081E-09 2.3579E-09 2.2863E-09 2.2375E-09 2.1681E-09 2.1205E-09 2.0728E-09 2.0064E-09 1.9515E-09 1.8891E-09 1.8354E-09 1.7677E-09 1.7171E-09 1.6444E-09 1.5984E-09 1.5442E-09 1.5001E-09
1.3079E-08 1.2227E-08 1.1378E-08 1.0545E-08 9.7415E-09 8.9767E-09 8.2632E-09 7.6029E-09 6.9996E-09 6.4547E-09 5.9685E-09 5.5442E-09 5.1808E-09 4.8612E-09 4.5860E-09 4.3363E-09 4.1259E-09 3.9389E-09 3.7854E-09 3.6517E-09 3.5403E-09 3.4366E-09 3.3535E-09 3.2698E-09 3.2057E-09 3.1420E-09 3.0872E-09 3.0320E-09 2.9782E-09 2.9218E-09 2.8682E-09 2.8133E-09 2.7599E-09 2.7042E-09 2.6518E-09 2.5979E-09 2.5466E-09 2.4726E-09 2.4230E-09 2.3522E-09 2.3044E-09 2.2367E-09 2.1909E-09 2.1354E-09 2.0804E-09 2.0358E-09 1.9728E-09 1.9282E-09 1.8765E-09 1.8173E-09 1.7579E-09 1.7018E-09 1.6456E-09 1.5844E-09 1.5327E-09 1.4890E-09 1.4394E-09
1.3131E-08 1.2264E-08 1.1397E-08 1.0547E-08 9.7278E-09 8.9358E-09 8.2011E-09 7.5136E-09 6.8923E-09 6.3274E-09 5.8202E-09 5.3764E-09 4.9978E-09 4.6663E-09 4.3831E-09 4.1322E-09 3.9088E-09 3.7285E-09 3.5694E-09 3.4448E-09 3.3320E-09 3.2419E-09 3.1598E-09 3.0869E-09 3.0276E-09 2.9712E-09 2.9201E-09 2.8716E-09 2.8201E-09 2.7713E-09 2.7209E-09 2.6720E-09 2.6214E-09 2.5717E-09 2.5224E-09 2.4729E-09 2.4149E-09 2.3567E-09 2.3010E-09 2.2449E-09 2.1912E-09 2.1381E-09 2.0862E-09 2.0344E-09 1.9927E-09 1.9509E-09 1.8916E-09 1.8409E-09 1.7840E-09 1.7367E-09 1.6724E-09 1.6275E-09 1.5581E-09 1.5162E-09 1.4670E-09 1.4256E-09 1.3785E-09
1.3209E-08 1.2335E-08 1.1450E-08 1.0585E-08 9.7377E-09 8.9335E-09 8.1663E-09 7.4553E-09 6.8052E-09 6.2184E-09 5.6912E-09 5.2230E-09 4.8225E-09 4.4770E-09 4.1835E-09 3.9301E-09 3.7061E-09 3.5201E-09 3.3690E-09 3.2430E-09 3.1361E-09 3.0481E-09 2.9753E-09 2.9073E-09 2.8545E-09 2.8029E-09 2.7581E-09 2.7118E-09 2.6677E-09 2.6223E-09 2.5776E-09 2.5323E-09 2.4857E-09 2.4409E-09 2.3941E-09 2.3396E-09 2.2849E-09 2.2328E-09 2.1802E-09 2.1298E-09 2.0799E-09 2.0402E-09 1.9828E-09 1.9441E-09 1.9051E-09 1.8481E-09 1.8012E-09 1.7455E-09 1.7091E-09 1.6394E-09 1.6040E-09 1.5534E-09 1.4956E-09 1.4481E-09 1.4094E-09 1.3626E-09 1.3255E-09
1.3349E-08 1.2466E-08 1.1568E-08 1.0683E-08 9.8163E-09 8.9875E-09 8.1971E-09 7.4573E-09 6.7736E-09 6.1623E-09 5.6066E-09 5.1147E-09 4.6846E-09 4.3194E-09 4.0076E-09 3.7474E-09 3.5266E-09 3.3301E-09 3.1766E-09 3.0568E-09 2.9497E-09 2.8659E-09 2.7942E-09 2.7342E-09 2.6852E-09 2.6405E-09 2.5978E-09 2.5583E-09 2.5181E-09 2.4774E-09 2.4370E-09 2.3941E-09 2.3535E-09 2.3105E-09 2.2600E-09 2.2088E-09 2.1692E-09 2.1105E-09 2.0726E-09 2.0172E-09 1.9802E-09 1.9262E-09 1.8901E-09 1.8540E-09 1.8181E-09 1.7644E-09 1.7208E-09 1.6681E-09 1.6177E-09 1.5685E-09 1.5193E-09 1.4641E-09 1.4173E-09 1.3805E-09 1.3440E-09 1.2999E-09 1.2649E-09
