Assets/Resources/2015_m01_d10_1500(utc+0800)_l00_csi_1hr_conc.grd
DSAA
         159         159
     -79.000      79.000
     -79.000      79.000
  0.2104E-09  0.5309E-05
[rows 100 to 124 of 159, columns 57 to 113 of 159]
3.3435E-09 3.4484E-09 3.5606E-09 3.6791E-09 3.7937E-09 3.9114E-09 4.0322E-09 4.1676E-09 4.3060E-09 4.4435E-09 4.5825E-09 4.7300E-09 4.8693E-09 5.0089E-09 5.1486E-09 5.2884E-09 5.4289E-09 5.5709E-09 5.7131E-09 5.8561E-09 5.9985E-09 6.1409E-09 6.2841E-09 6.4264E-09 6.5683E-09 6.7109E-09 6.8529E-09 6.9955E-09 7.1370E-09 7.2775E-09 7.4171E-09 7.5566E-09 7.6967E-09 7.8359E-09 7.9758E-09 8.1162E-09 8.2633E-09 8.4169E-09 8.5671E-09 8.7215E-09 8.9299E-09 9.3424E-09 9.9585E-09 1.0794E-08 1.1922E-08 1.3424E-08 1.5292E-08 1.7473E-08 1.9988E-08 2.2769E-08 2.5753E-08 2.8810E-08 3.1826E-08 3.4766E-08 3.7515E-08 4.0030E-08 4.2234E-08
3.3571E-09 3.4622E-09 3.5745E-09 3.6930E-09 3.8078E-09 3.9256E-09 4.0468E-09 4.1822E-09 4.3191E-09 4.4565E-09 4.5965E-09 4.7434E-09 4.8820E-09 5.0208E-09 5.1598E-09 5.2988E-09 5.4376E-09 5.5787E-09 5.7206E-09 5.8618E-09 6.0038E-09 6.1452E-09 6.2873E-09 6.4274E-09 6.5688E-09 6.7100E-09 6.8505E-09 6.9916E-09 7.1313E-09 7.2706E-09 7.4076E-09 7.5460E-09 7.6834E-09 7.8216E-09 7.9597E-09 8.0985E-09 8.2442E-09 8.4006E-09 8.5451E-09 8.6919E-09 8.8671E-09 9.1919E-09 9.7751E-09 1.0434E-08 1.1371E-08 1.2637E-08 1.4256E-08 1.6238E-08 1.8566E-08 2.1219E-08 2.4139E-08 2.7178E-08 3.0324E-08 3.3458E-08 3.6525E-08 3.9435E-08 4.2133E-08
3.3686E-09 3.4737E-09 3.5844E-09 3.7031E-09 3.8204E-09 3.9383E-09 4.0597E-09 4.1907E-09 4.3318E-09 4.4676E-09 4.6052E-09 4.7515E-09 4.8924E-09 5.0305E-09 5.1687E-09 5.3068E-09 5.4447E-09 5.5847E-09 5.7248E-09 5.8657E-09 6.0058E-09 6.1467E-09 6.2868E-09 6.4263E-09 6.5662E-09 6.7060E-09 6.8450E-09 6.9843E-09 7.1221E-09 7.2594E-09 7.3954E-09 7.5310E-09 7.6672E-09 7.8028E-09 7.9398E-09 8.0770E-09 8.2257E-09 8.3760E-09 8.5191E-09 8.6647E-09 8.8361E-09 9.1078E-09 9.6330E-09 1.0245E-08 1.1010E-08 1.2084E-08 1.3508E-08 1.5281E-08 1.7442E-08 1.9946E-08 2.2727E-08 2.5730E-08 2.8915E-08 3.2191E-08 3.5505E-08 3.8743E-08 4.1824E-08
3.3796E-09 3.4848E-09 3.5948E-09 3.7142E-09 3.8314E-09 3.9494E-09 4.0709E-09 4.2020E-09 4.3414E-09 4.4782E-09 4.6153E-09 4.7607E-09 4.9007E-09 5.0379E-09 5.1753E-09 5.3124E-09 5.4494E-09 5.5876E-09 5.7273E-09 5.8662E-09 6.0059E-09 6.1447E-09 6.2835E-09 6.4224E-09 6.5608E-09 6.6990E-09 6.8365E-09 6.9740E-09 7.1104E-09 7.2448E-09 7.3796E-09 7.5134E-09 7.6467E-09 7.7812E-09 7.9155E-09 8.0569E-09 8.2039E-09 8.3475E-09 8.4892E-09 8.6394E-09 8.8121E-09 9.0605E-09 9.5102E-09 1.0083E-08 1.0789E-08 1.1706E-08 1.2936E-08 1.4529E-08 1.6522E-08 1.8845E-08 2.1473E-08 2.4408E-08 2.7593E-08 3.0949E-08 3.4424E-08 3.7904E-08 4.1330E-08
3.3885E-09 3.4945E-09 3.6037E-09 3.7214E-09 3.8409E-09 3.9590E-09 4.0805E-09 4.2086E-09 4.3493E-09 4.4855E-09 4.6234E-09 4.7646E-09 4.9069E-09 5.0432E-09 5.1796E-09 5.3158E-09 5.4517E-09 5.5881E-09 5.7265E-09 5.8650E-09 6.0034E-09 6.1409E-09 6.2783E-09 6.4156E-09 6.5525E-09 6.6891E-09 6.8249E-09 6.9605E-09 7.0948E-09 7.2271E-09 7.3599E-09 7.4923E-09 7.6236E-09 7.7561E-09 7.8884E-09 8.0274E-09 8.1730E-09 8.3152E-09 8.4553E-09 8.6101E-09 8.7892E-09 9.0230E-09 9.3781E-09 9.9267E-09 1.0579E-08 1.1428E-08 1.2513E-08 1.3939E-08 1.5749E-08 1.7892E-08 2.0371E-08 2.3192E-08 2.6318E-08 2.9693E-08 3.3267E-08 3.6923E-08 4.0636E-08
3.3968E-09 3.5028E-09 3.6120E-09 3.7270E-09 3.8488E-09 3.9670E-09 4.0887E-09 4.2136E-09 4.3568E-09 4.4909E-09 4.6295E-09 4.7665E-09 4.9110E-09 5.0464E-09 5.1817E-09 5.3169E-09 5.4517E-09 5.5862E-09 5.7233E-09 5.8605E-09 5.9969E-09 6.1339E-09 6.2704E-09 6.4055E-09 6.5408E-09 6.6758E-09 6.8104E-09 6.9439E-09 7.0759E-09 7.2070E-09 7.3377E-09 7.4671E-09 7.5972E-09 7.7269E-09 7.8581E-09 8.0004E-09 8.1435E-09 8.2796E-09 8.4181E-09 8.5796E-09 8.7591E-09 8.9784E-09 9.2443E-09 9.7845E-09 1.0387E-08 1.1157E-08 1.2162E-08 1.3466E-08 1.5088E-08 1.7062E-08 1.9399E-08 2.2081E-08 2.5109E-08 2.8445E-08 3.2026E-08 3.5807E-08 3.9719E-08
3.4031E-09 3.5098E-09 3.6182E-09 3.7312E-09 3.8553E-09 3.9734E-09 4.0952E-09 4.2200E-09 4.3583E-09 4.4960E-09 4.6323E-09 4.7664E-09 4.9130E-09 5.0474E-09 5.1817E-09 5.3158E-09 5.4495E-09 5.5828E-09 5.7180E-09 5.8538E-09 5.9895E-09 6.1250E-09 6.2592E-09 6.3935E-09 6.5271E-09 6.6604E-09 6.7931E-09 6.9244E-09 7.0542E-09 7.1832E-09 7.3117E-09 7.4397E-09 7.5677E-09 7.6953E-09 7.8245E-09 7.9644E-09 8.1061E-09 8.2405E-09 8.3835E-09 8.5438E-09 8.7180E-09 8.9289E-09 9.1754E-09 9.6598E-09 1.0197E-08 1.0907E-08 1.1829E-08 1.3041E-08 1.4504E-08 1.6290E-08 1.8456E-08 2.0998E-08 2.3889E-08 2.7137E-08 3.0687E-08 3.4538E-08 3.8594E-08
3.4081E-09 3.5155E-09 3.6229E-09 3.7357E-09 3.8579E-09 3.9784E-09 4.1001E-09 4.2249E-09 4.3580E-09 4.4979E-09 4.6332E-09 4.7677E-09 4.9099E-09 5.0464E-09 5.1795E-09 5.3125E-09 5.4451E-09 5.5772E-09 5.7103E-09 5.8448E-09 5.9791E-09 6.1130E-09 6.2463E-09 6.3789E-09 6.5109E-09 6.6425E-09 6.7731E-09 6.9021E-09 7.0296E-09 7.1565E-09 7.2828E-09 7.4085E-09 7.5344E-09 7.6606E-09 7.7930E-09 7.9309E-09 8.0655E-09 8.1982E-09 8.3396E-09 8.5066E-09 8.6785E-09 8.8638E-09 9.1122E-09 9.4761E-09 1.0029E-08 1.0667E-08 1.1527E-08 1.2623E-08 1.3954E-08 1.5592E-08 1.7587E-08 1.9945E-08 2.2695E-08 2.5807E-08 2.9301E-08 3.3160E-08 3.7229E-08
3.4126E-09 3.5191E-09 3.6271E-09 3.7388E-09 3.8591E-09 3.9819E-09 4.1035E-09 4.2281E-09 4.3576E-09 4.4979E-09 4.6323E-09 4.7672E-09 4.9048E-09 5.0433E-09 5.1754E-09 5.3071E-09 5.4386E-09 5.5694E-09 5.7005E-09 5.8335E-09 5.9663E-09 6.0986E-09 6.2303E-09 6.3613E-09 6.4915E-09 6.6218E-09 6.7503E-09 6.8770E-09 7.0024E-09 7.1271E-09 7.2510E-09 7.3745E-09 7.4982E-09 7.6223E-09 7.7528E-09 7.8889E-09 8.0219E-09 8.1528E-09 8.2984E-09 8.4665E-09 8.6314E-09 8.8011E-09 9.0259E-09 9.3225E-09 9.8756E-09 1.0460E-08 1.1239E-08 1.2217E-08 1.3423E-08 1.4917E-08 1.6740E-08 1.8929E-08 2.1496E-08 2.4450E-08 2.7860E-08 3.1634E-08 3.5625E-08
3.4158E-09 3.5213E-09 3.6299E-09 3.7405E-09 3.8589E-09 3.9840E-09 4.1055E-09 4.2297E-09 4.3555E-09 4.4963E-09 4.6295E-09 4.7647E-09 4.8979E-09 5.0383E-09 5.1692E-09 5.2998E-09 5.4300E-09 5.5595E-09 5.6885E-09 5.8201E-09 5.9513E-09 6.0819E-09 6.2119E-09 6.3414E-09 6.4704E-09 6.5981E-09 6.7249E-09 6.8493E-09 6.9725E-09 7.0950E-09 7.2166E-09 7.3379E-09 7.4593E-09 7.5813E-09 7.7099E-09 7.8491E-09 7.9757E-09 8.1048E-09 8.2567E-09 8.4236E-09 8.5817E-09 8.7384E-09 8.9361E-09 9.2335E-09 9.7255E-09 1.0269E-08 1.0974E-08 1.1836E-08 1.2917E-08 1.4273E-08 1.5936E-08 1.7937E-08 2.0310E-08 2.3123E-08 2.6395E-08 3.0000E-08 3.3884E-08
3.4179E-09 3.5223E-09 3.6313E-09 3.7408E-09 3.8573E-09 3.9847E-09 4.1059E-09 4.2296E-09 4.3548E-09 4.4900E-09 4.6265E-09 4.7576E-09 4.8892E-09 5.0313E-09 5.1611E-09 5.2904E-09 5.4193E-09 5.5476E-09 5.6753E-09 5.8047E-09 5.9343E-09 6.0632E-09 6.1914E-09 6.3191E-09 6.4458E-09 6.5727E-09 6.6965E-09 6.8185E-09 6.9395E-09 7.0604E-09 7.1796E-09 7.2988E-09 7.4179E-09 7.5395E-09 7.6702E-09 7.8020E-09 7.9267E-09 8.0540E-09 8.2100E-09 8.3723E-09 8.5290E-09 8.6800E-09 8.8547E-09 9.1067E-09 9.5160E-09 1.0071E-08 1.0710E-08 1.1476E-08 1.2446E-08 1.3665E-08 1.5162E-08 1.6979E-08 1.9164E-08 2.1817E-08 2.4888E-08 2.8289E-08 3.2032E-08
3.4187E-09 3.5220E-09 3.6314E-09 3.7408E-09 3.8562E-09 3.9816E-09 4.1049E-09 4.2281E-09 4.3526E-09 4.4837E-09 4.6203E-09 4.7502E-09 4.8820E-09 5.0195E-09 5.1510E-09 5.2792E-09 5.4068E-09 5.5338E-09 5.6601E-09 5.7865E-09 5.9151E-09 6.0424E-09 6.1689E-09 6.2947E-09 6.4196E-09 6.5436E-09 6.6657E-09 6.7861E-09 6.9049E-09 7.0234E-09 7.1403E-09 7.2572E-09 7.3757E-09 7.4935E-09 7.6222E-09 7.7524E-09 7.8751E-09 8.0064E-09 8.1627E-09 8.3234E-09 8.4714E-09 8.6205E-09 8.7751E-09 8.9924E-09 9.2916E-09 9.9060E-09 1.0460E-08 1.1140E-08 1.2002E-08 1.3082E-08 1.4423E-08 1.6063E-08 1.8076E-08 2.0551E-08 2.3383E-08 2.6564E-08 3.0127E-08
3.4175E-09 3.5212E-09 3.6286E-09 3.7394E-09 3.8539E-09 3.9747E-09 4.1025E-09 4.2250E-09 4.3487E-09 4.4727E-09 4.6125E-09 4.7412E-09 4.8731E-09 5.0027E-09 5.1392E-09 5.2661E-09 5.3923E-09 5.5180E-09 5.6430E-09 5.7672E-09 5.8933E-09 6.0195E-09 6.1443E-09 6.2683E-09 6.3919E-09 6.5129E-09 6.6326E-09 6.7508E-09 6.8680E-09 6.9834E-09 7.0988E-09 7.2134E-09 7.3297E-09 7.4453E-09 7.5722E-09 7.7007E-09 7.8215E-09 7.9508E-09 8.1058E-09 8.2668E-09 8.4109E-09 8.5597E-09 8.7127E-09 8.8783E-09 9.1458E-09 9.6666E-09 1.0227E-08 1.0835E-08 1.1594E-08 1.2553E-08 1.3748E-08 1.5212E-08 1.7068E-08 1.9325E-08 2.1912E-08 2.4869E-08 2.8222E-08
3.4151E-09 3.5192E-09 3.6253E-09 3.7367E-09 3.8494E-09 3.9689E-09 4.0986E-09 4.2204E-09 4.3433E-09 4.4663E-09 4.5986E-09 4.7320E-09 4.8597E-09 4.9874E-09 5.1256E-09 5.2512E-09 5.3761E-09 5.5005E-09 5.6240E-09 5.7467E-09 5.8697E-09 5.9941E-09 6.1178E-09 6.2399E-09 6.3616E-09 6.4809E-09 6.5975E-09 6.7135E-09 6.8284E-09 6.9413E-09 7.0552E-09 7.1675E-09 7.2817E-09 7.3951E-09 7.5258E-09 7.6468E-09 7.7658E-09 7.8930E-09 8.0535E-09 8.2058E-09 8.3495E-09 8.4964E-09 8.6456E-09 8.8013E-09 9.0385E-09 9.4201E-09 9.9853E-09 1.0544E-08 1.1217E-08 1.2060E-08 1.3110E-08 1.4426E-08 1.6129E-08 1.8156E-08 2.0506E-08 2.3229E-08 2.6355E-08
3.4107E-09 3.5159E-09 3.6209E-09 3.7328E-09 3.8454E-09 3.9638E-09 4.0909E-09 4.2144E-09 4.3362E-09 4.4582E-09 4.5863E-09 4.7197E-09 4.8446E-09 4.9739E-09 5.1073E-09 5.2345E-09 5.3581E-09 5.4811E-09 5.6033E-09 5.7244E-09 5.8442E-09 5.9668E-09 6.0887E-09 6.2098E-09 6.3286E-09 6.4456E-09 6.5611E-09 6.6742E-09 6.7867E-09 6.8980E-09 7.0097E-09 7.1196E-09 7.2317E-09 7.3480E-09 7.4718E-09 7.5909E-09 7.7078E-09 7.8329E-09 7.9991E-09 8.1422E-09 8.2836E-09 8.4284E-09 8.5757E-09 8.7296E-09 8.9280E-09 9.2039E-09 9.6766E-09 1.0281E-08 1.0881E-08 1.1623E-08 1.2548E-08 1.3736E-08 1.5279E-08 1.7088E-08 1.9206E-08 2.1696E-08 2.4585E-08
3.4068E-09 3.5107E-09 3.6162E-09 3.7270E-09 3.8401E-09 3.9573E-09 4.0795E-09 4.2069E-09 4.3277E-09 4.4487E-09 4.5696E-09 4.7044E-09 4.8309E-09 4.9574E-09 5.0808E-09 5.2163E-09 5.3385E-09 5.4600E-09 5.5808E-09 5.7004E-09 5.8186E-09 5.9387E-09 6.0579E-09 6.1769E-09 6.2943E-09 6.4083E-09 6.5223E-09 6.6338E-09 6.7432E-09 6.8529E-09 6.9608E-09 7.0700E-09 7.1798E-09 7.2947E-09 7.4160E-09 7.5332E-09 7.6480E-09 7.7844E-09 7.9355E-09 8.0780E-09 8.2153E-09 8.3579E-09 8.5031E-09 8.6658E-09 8.8635E-09 9.0697E-09 9.4276E-09 9.9378E-09 1.0566E-08 1.1219E-08 1.2028E-08 1.3100E-08 1.4478E-08 1.6096E-08 1.7998E-08 2.0259E-08 2.2907E-08
3.4017E-09 3.5043E-09 3.6103E-09 3.7193E-09 3.8337E-09 3.9488E-09 4.0692E-09 4.1980E-09 4.3178E-09 4.4377E-09 4.5575E-09 4.6863E-09 4.8158E-09 4.9379E-09 5.0629E-09 5.1964E-09 5.3173E-09 5.4374E-09 5.5567E-09 5.6747E-09 5.7913E-09 5.9074E-09 6.0263E-09 6.1432E-09 6.2574E-09 6.3699E-09 6.4810E-09 6.5909E-09 6.6986E-09 6.8047E-09 6.9118E-09 7.0188E-09 7.1264E-09 7.2393E-09 7.3586E-09 7.4739E-09 7.5866E-09 7.7208E-09 7.8698E-09 8.0098E-09 8.1464E-09 8.2849E-09 8.4297E-09 8.5889E-09 8.7909E-09 8.9950E-09 9.2299E-09 9.6350E-09 1.0191E-08 1.0864E-08 1.1576E-08 1.2550E-08 1.3774E-08 1.5219E-08 1.6921E-08 1.8962E-08 2.1375E-08
3.3955E-09 3.4960E-09 3.6033E-09 3.7113E-09 3.8261E-09 3.9407E-09 4.0595E-09 4.1829E-09 4.3064E-09 4.4252E-09 4.5439E-09 4.6654E-09 4.7962E-09 4.9184E-09 5.0434E-09 5.1655E-09 5.2945E-09 5.4132E-09 5.5310E-09 5.6474E-09 5.7624E-09 5.8761E-09 5.9916E-09 6.1072E-09 6.2197E-09 6.3292E-09 6.4382E-09 6.5458E-09 6.6518E-09 6.7564E-09 6.8612E-09 6.9660E-09 7.0714E-09 7.1823E-09 7.2998E-09 7.4130E-09 7.5234E-09 7.6553E-09 7.8039E-09 7.9396E-09 8.0737E-09 8.2098E-09 8.3521E-09 8.5166E-09 8.7157E-09 8.9140E-09 9.1010E-09 9.4089E-09 9.8590E-09 1.0493E-08 1.1166E-08 1.2055E-08 1.3140E-08 1.4426E-08 1.5946E-08 1.7782E-08 1.9968E-08
3.3871E-09 3.4884E-09 3.5945E-09 3.7031E-09 3.8159E-09 3.9314E-09 4.0476E-09 4.1664E-09 4.2936E-09 4.4113E-09 4.5289E-09 4.6462E-09 4.7753E-09 4.8991E-09 5.0196E-09 5.1398E-09 5.2702E-09 5.3875E-09 5.5037E-09 5.6186E-09 5.7321E-09 5.8441E-09 5.9563E-09 6.0696E-09 6.1789E-09 6.2878E-09 6.3939E-09 6.4998E-09 6.6028E-09 6.7059E-09 6.8076E-09 6.9110E-09 7.0149E-09 7.1239E-09 7.2393E-09 7.3506E-09 7.4587E-09 7.5883E-09 7.7344E-09 7.8674E-09 7.9989E-09 8.1325E-09 8.2724E-09 8.4348E-09 8.6422E-09 8.8294E-09 9.0150E-09 9.2345E-09 9.5757E-09 1.0104E-08 1.0793E-08 1.1629E-08 1.2596E-08 1.3745E-08 1.5102E-08 1.6747E-08 1.8720E-08
3.3776E-09 3.4798E-09 3.5840E-09 3.6938E-09 3.8045E-09 3.9209E-09 4.0354E-09 4.1539E-09 4.2772E-09 4.3961E-09 4.5126E-09 4.6287E-09 4.7503E-09 4.8769E-09 4.9945E-09 5.1162E-09 5.2382E-09 5.3604E-09 5.4750E-09 5.5883E-09 5.7002E-09 5.8107E-09 5.9194E-09 6.0289E-09 6.1374E-09 6.2441E-09 6.3483E-09 6.4510E-09 6.5533E-09 6.6533E-09 6.7543E-09 6.8548E-09 6.9565E-09 7.0644E-09 7.1779E-09 7.2870E-09 7.3928E-09 7.5198E-09 7.6701E-09 7.7935E-09 7.9223E-09 8.0532E-09 8.1905E-09 8.3608E-09 8.5564E-09 8.7417E-09 8.9253E-09 9.1293E-09 9.3640E-09 9.7585E-09 1.0353E-08 1.1225E-08 1.2093E-08 1.3118E-08 1.4336E-08 1.5808E-08 1.7582E-08
3.3684E-09 3.4695E-09 3.5733E-09 3.6835E-09 3.7937E-09 3.9084E-09 4.0228E-09 4.1385E-09 4.2545E-09 4.3796E-09 4.4949E-09 4.6098E-09 4.7242E-09 4.8505E-09 4.9711E-09 5.0884E-09 5.2051E-09 5.3319E-09 5.4450E-09 5.5567E-09 5.6670E-09 5.7759E-09 5.8828E-09 5.9885E-09 6.0946E-09 6.1984E-09 6.3013E-09 6.4025E-09 6.5018E-09 6.6004E-09 6.6985E-09 6.7982E-09 6.8979E-09 7.0038E-09 7.1153E-09 7.2222E-09 7.3255E-09 7.4499E-09 7.5973E-09 7.7179E-09 7.8440E-09 7.9722E-09 8.1067E-09 8.2745E-09 8.4679E-09 8.6508E-09 8.8319E-09 9.0261E-09 9.2467E-09 9.5097E-09 9.9858E-09 1.0794E-08 1.1659E-08 1.2587E-08 1.3678E-08 1.4994E-08 1.6586E-08
3.3577E-09 3.4577E-09 3.5625E-09 3.6707E-09 3.7818E-09 3.8932E-09 4.0089E-09 4.1218E-09 4.2383E-09 4.3619E-09 4.4759E-09 4.5896E-09 4.7028E-09 4.8215E-09 4.9464E-09 5.0593E-09 5.1775E-09 5.2989E-09 5.4136E-09 5.5237E-09 5.6325E-09 5.7398E-09 5.8448E-09 5.9469E-09 6.0492E-09 6.1523E-09 6.2521E-09 6.3507E-09 6.4493E-09 6.5463E-09 6.6415E-09 6.7390E-09 6.8367E-09 6.9421E-09 7.0515E-09 7.1561E-09 7.2570E-09 7.3786E-09 7.5232E-09 7.6410E-09 7.7642E-09 7.8895E-09 8.0211E-09 8.1862E-09 8.3768E-09 8.5570E-09 8.7353E-09 8.9267E-09 9.1363E-09 9.3662E-09 9.6929E-09 1.0382E-08 1.1229E-08 1.2102E-08 1.3078E-08 1.4253E-08 1.5687E-08
3.3449E-09 3.4458E-09 3.5508E-09 3.6569E-09 3.7690E-09 3.8794E-09 3.9939E-09 4.1057E-09 4.2193E-09 4.3331E-09 4.4558E-09 4.5683E-09 4.6803E-09 4.7916E-09 4.9147E-09 5.0320E-09 5.1457E-09 5.2585E-09 5.3809E-09 5.4896E-09 5.5968E-09 5.7023E-09 5.8055E-09 5.9055E-09 6.0027E-09 6.1044E-09 6.2027E-09 6.2994E-09 6.3950E-09 6.4898E-09 6.5843E-09 6.6788E-09 6.7753E-09 6.8787E-09 6.9868E-09 7.0891E-09 7.1876E-09 7.3063E-09 7.4390E-09 7.5626E-09 7.6829E-09 7.8053E-09 7.9340E-09 8.0941E-09 8.2834E-09 8.4604E-09 8.6355E-09 8.8238E-09 9.0267E-09 9.2499E-09 9.4892E-09 1.0048E-08 1.0779E-08 1.1666E-08 1.2554E-08 1.3613E-08 1.4909E-08
3.3331E-09 3.4337E-09 3.5371E-09 3.6439E-09 3.7542E-09 3.8645E-09 3.9754E-09 4.0885E-09 4.1993E-09 4.3134E-09 4.4345E-09 4.5458E-09 4.6566E-09 4.7666E-09 4.8850E-09 5.0036E-09 5.1129E-09 5.2270E-09 5.3408E-09 5.4542E-09 5.5599E-09 5.6637E-09 5.7648E-09 5.8629E-09 5.9584E-09 6.0548E-09 6.1516E-09 6.2453E-09 6.3400E-09 6.4333E-09 6.5257E-09 6.6189E-09 6.7134E-09 6.8095E-09 6.9213E-09 7.0213E-09 7.1172E-09 7.2329E-09 7.3624E-09 7.4831E-09 7.5987E-09 7.7198E-09 7.8453E-09 8.0021E-09 8.1877E-09 8.3612E-09 8.5328E-09 8.7174E-09 8.9167E-09 9.1325E-09 9.3694E-09 9.7964E-09 1.0384E-08 1.1174E-08 1.2084E-08 1.3039E-08 1.4192E-08
3.3198E-09 3.4190E-09 3.5225E-09 3.6299E-09 3.7369E-09 3.8485E-09 3.9575E-09 4.0701E-09 4.1798E-09 4.2910E-09 4.4022E-09 4.5221E-09 4.6317E-09 4.7405E-09 4.8486E-09 4.9683E-09 5.0819E-09 5.1899E-09 5.2998E-09 5.4178E-09 5.5219E-09 5.6239E-09 5.7231E-09 5.8192E-09 5.9130E-09 6.0044E-09 6.0997E-09 6.1922E-09 6.2835E-09 6.3754E-09 6.4663E-09 6.5568E-09 6.6500E-09 6.7448E-09 6.8550E-09 6.9525E-09 7.0460E-09 7.1454E-09 7.2850E-09 7.4026E-09 7.5151E-09 7.6331E-09 7.7537E-09 7.8929E-09 8.0851E-09 8.2595E-09 8.4274E-09 8.6079E-09 8.8030E-09 9.0144E-09 9.2439E-09 9.6423E-09 1.0069E-08 1.0743E-08 1.1603E-08 1.2519E-08 1.3552E-08
