Assets/Resources/2015_m01_d29_1200(utc+0800)_l00_csi_1hr_conc.grd
DSAA
         159         159
     -79.000      79.000
     -79.000      79.000
  0.0000E+00  0.3322E-05
[rows 25 to 49 of 159, columns 57 to 113 of 159]
1.1174E-09 1.1516E-09 1.1860E-09 1.2202E-09 1.2548E-09 1.2891E-09 1.3234E-09 1.3573E-09 1.3918E-09 1.4261E-09 1.4601E-09 1.4937E-09 1.5275E-09 1.5608E-09 1.5936E-09 1.6258E-09 1.6582E-09 1.6898E-09 1.7209E-09 1.7514E-09 1.7814E-09 1.8106E-09 1.8410E-09 1.8706E-09 1.8992E-09 1.9270E-09 1.9539E-09 1.9800E-09 2.0048E-09 2.0286E-09 2.0498E-09 2.0698E-09 2.0887E-09 2.1063E-09 2.1226E-09 2.1382E-09 2.1525E-09 2.1655E-09 2.1778E-09 2.1881E-09 2.1972E-09 2.2061E-09 2.2133E-09 2.2187E-09 2.2235E-09 2.2272E-09 2.2292E-09 2.2300E-09 2.2296E-09 2.2285E-09 2.2274E-09 2.2235E-09 2.2184E-09 2.2121E-09 2.2045E-09 2.1956E-09 2.1854E-09
1.1321E-09 1.1671E-09 1.2020E-09 1.2371E-09 1.2720E-09 1.3074E-09 1.3426E-09 1.3782E-09 1.4136E-09 1.4487E-09 1.4836E-09 1.5187E-09 1.5533E-09 1.5873E-09 1.6212E-09 1.6553E-09 1.6885E-09 1.7213E-09 1.7535E-09 1.7853E-09 1.8164E-09 1.8487E-09 1.8803E-09 1.9110E-09 1.9408E-09 1.9699E-09 1.9982E-09 2.0252E-09 2.0513E-09 2.0747E-09 2.0970E-09 2.1181E-09 2.1380E-09 2.1572E-09 2.1751E-09 2.1917E-09 2.2075E-09 2.2215E-09 2.2353E-09 2.2471E-09 2.2577E-09 2.2665E-09 2.2740E-09 2.2808E-09 2.2859E-09 2.2899E-09 2.2937E-09 2.2957E-09 2.2966E-09 2.2957E-09 2.2935E-09 2.2901E-09 2.2855E-09 2.2795E-09 2.2722E-09 2.2636E-09 2.2536E-09
1.1460E-09 1.1813E-09 1.2170E-09 1.2532E-09 1.2894E-09 1.3255E-09 1.3620E-09 1.3984E-09 1.4346E-09 1.4706E-09 1.5070E-09 1.5425E-09 1.5782E-09 1.6136E-09 1.6492E-09 1.6840E-09 1.7184E-09 1.7523E-09 1.7858E-09 1.8188E-09 1.8530E-09 1.8867E-09 1.9193E-09 1.9513E-09 1.9826E-09 2.0130E-09 2.0423E-09 2.0706E-09 2.0963E-09 2.1209E-09 2.1443E-09 2.1671E-09 2.1887E-09 2.2090E-09 2.2280E-09 2.2463E-09 2.2633E-09 2.2793E-09 2.2937E-09 2.3061E-09 2.3170E-09 2.3273E-09 2.3364E-09 2.3442E-09 2.3507E-09 2.3554E-09 2.3590E-09 2.3619E-09 2.3630E-09 2.3627E-09 2.3611E-09 2.3583E-09 2.3541E-09 2.3487E-09 2.3424E-09 2.3341E-09 2.3243E-09
1.1590E-09 1.1954E-09 1.2321E-09 1.2691E-09 1.3060E-09 1.3433E-09 1.3807E-09 1.4178E-09 1.4547E-09 1.4919E-09 1.5292E-09 1.5662E-09 1.6030E-09 1.6399E-09 1.6763E-09 1.7122E-09 1.7483E-09 1.7830E-09 1.8196E-09 1.8556E-09 1.8912E-09 1.9259E-09 1.9582E-09 1.9916E-09 2.0243E-09 2.0558E-09 2.0864E-09 2.1144E-09 2.1413E-09 2.1677E-09 2.1929E-09 2.2169E-09 2.2397E-09 2.2618E-09 2.2825E-09 2.3020E-09 2.3207E-09 2.3369E-09 2.3524E-09 2.3670E-09 2.3792E-09 2.3905E-09 2.4000E-09 2.4081E-09 2.4151E-09 2.4209E-09 2.4253E-09 2.4284E-09 2.4308E-09 2.4318E-09 2.4303E-09 2.4288E-09 2.4253E-09 2.4203E-09 2.4139E-09 2.4065E-09 2.3969E-09
1.1717E-09 1.2090E-09 1.2466E-09 1.2841E-09 1.3220E-09 1.3600E-09 1.3979E-09 1.4360E-09 1.4746E-09 1.5131E-09 1.5512E-09 1.5893E-09 1.6276E-09 1.6653E-09 1.7028E-09 1.7404E-09 1.7773E-09 1.8155E-09 1.8534E-09 1.8905E-09 1.9271E-09 1.9632E-09 1.9987E-09 2.0335E-09 2.0671E-09 2.0985E-09 2.1288E-09 2.1581E-09 2.1869E-09 2.2146E-09 2.2411E-09 2.2669E-09 2.2921E-09 2.3155E-09 2.3375E-09 2.3583E-09 2.3784E-09 2.3965E-09 2.4132E-09 2.4279E-09 2.4411E-09 2.4529E-09 2.4635E-09 2.4729E-09 2.4814E-09 2.4887E-09 2.4946E-09 2.4980E-09 2.5007E-09 2.5021E-09 2.5020E-09 2.5005E-09 2.4976E-09 2.4932E-09 2.4878E-09 2.4816E-09 2.4725E-09
1.1837E-09 1.2216E-09 1.2597E-09 1.2984E-09 1.3370E-09 1.3761E-09 1.4151E-09 1.4546E-09 1.4941E-09 1.5334E-09 1.5726E-09 1.6122E-09 1.6513E-09 1.6901E-09 1.7289E-09 1.7677E-09 1.8076E-09 1.8473E-09 1.8866E-09 1.9247E-09 1.9628E-09 2.0003E-09 2.0373E-09 2.0731E-09 2.1067E-09 2.1394E-09 2.1716E-09 2.2028E-09 2.2330E-09 2.2626E-09 2.2910E-09 2.3183E-09 2.3443E-09 2.3697E-09 2.3933E-09 2.4155E-09 2.4368E-09 2.4557E-09 2.4731E-09 2.4890E-09 2.5041E-09 2.5178E-09 2.5295E-09 2.5405E-09 2.5496E-09 2.5567E-09 2.5632E-09 2.5682E-09 2.5718E-09 2.5740E-09 2.5747E-09 2.5739E-09 2.5731E-09 2.5700E-09 2.5661E-09 2.5604E-09 2.5532E-09
1.1948E-09 1.2336E-09 1.2725E-09 1.3121E-09 1.3519E-09 1.3917E-09 1.4320E-09 1.4724E-09 1.5127E-09 1.5530E-09 1.5934E-09 1.6337E-09 1.6739E-09 1.7144E-09 1.7547E-09 1.7962E-09 1.8375E-09 1.8786E-09 1.9186E-09 1.9586E-09 1.9981E-09 2.0371E-09 2.0752E-09 2.1110E-09 2.1459E-09 2.1805E-09 2.2142E-09 2.2469E-09 2.2790E-09 2.3107E-09 2.3406E-09 2.3700E-09 2.3981E-09 2.4244E-09 2.4494E-09 2.4731E-09 2.4948E-09 2.5156E-09 2.5350E-09 2.5523E-09 2.5687E-09 2.5830E-09 2.5960E-09 2.6070E-09 2.6167E-09 2.6255E-09 2.6331E-09 2.6398E-09 2.6443E-09 2.6482E-09 2.6505E-09 2.6513E-09 2.6522E-09 2.6508E-09 2.6476E-09 2.6434E-09 2.6368E-09
1.2054E-09 1.2450E-09 1.2851E-09 1.3252E-09 1.3658E-09 1.4067E-09 1.4479E-09 1.4889E-09 1.5302E-09 1.5716E-09 1.6134E-09 1.6548E-09 1.6966E-09 1.7383E-09 1.7813E-09 1.8242E-09 1.8669E-09 1.9087E-09 1.9505E-09 1.9920E-09 2.0330E-09 2.0732E-09 2.1112E-09 2.1489E-09 2.1859E-09 2.2220E-09 2.2577E-09 2.2924E-09 2.3262E-09 2.3594E-09 2.3915E-09 2.4219E-09 2.4511E-09 2.4790E-09 2.5057E-09 2.5309E-09 2.5547E-09 2.5770E-09 2.5972E-09 2.6159E-09 2.6330E-09 2.6481E-09 2.6617E-09 2.6749E-09 2.6867E-09 2.6970E-09 2.7059E-09 2.7151E-09 2.7215E-09 2.7266E-09 2.7302E-09 2.7336E-09 2.7356E-09 2.7358E-09 2.7329E-09 2.7288E-09 2.7296E-09
1.2153E-09 1.2555E-09 1.2964E-09 1.3375E-09 1.3788E-09 1.4208E-09 1.4625E-09 1.5047E-09 1.5474E-09 1.5902E-09 1.6327E-09 1.6756E-09 1.7186E-09 1.7630E-09 1.8073E-09 1.8508E-09 1.8950E-09 1.9386E-09 1.9819E-09 2.0249E-09 2.0671E-09 2.1072E-09 2.1472E-09 2.1865E-09 2.2250E-09 2.2632E-09 2.3005E-09 2.3373E-09 2.3739E-09 2.4087E-09 2.4420E-09 2.4741E-09 2.5050E-09 2.5346E-09 2.5629E-09 2.5898E-09 2.6146E-09 2.6380E-09 2.6600E-09 2.6799E-09 2.6979E-09 2.7151E-09 2.7308E-09 2.7459E-09 2.7595E-09 2.7723E-09 2.7824E-09 2.7918E-09 2.8004E-09 2.8075E-09 2.8139E-09 2.8179E-09 2.8234E-09 2.8303E-09 2.8340E-09 2.8322E-09 2.8284E-09
1.2246E-09 1.2654E-09 1.3070E-09 1.3487E-09 1.3912E-09 1.4340E-09 1.4769E-09 1.5204E-09 1.5641E-09 1.6076E-09 1.6516E-09 1.6957E-09 1.7413E-09 1.7862E-09 1.8320E-09 1.8777E-09 1.9229E-09 1.9680E-09 2.0128E-09 2.0569E-09 2.0991E-09 2.1412E-09 2.1828E-09 2.2241E-09 2.2648E-09 2.3046E-09 2.3442E-09 2.3828E-09 2.4204E-09 2.4566E-09 2.4921E-09 2.5261E-09 2.5588E-09 2.5902E-09 2.6200E-09 2.6488E-09 2.6753E-09 2.6997E-09 2.7224E-09 2.7448E-09 2.7657E-09 2.7844E-09 2.8023E-09 2.8189E-09 2.8335E-09 2.8474E-09 2.8600E-09 2.8735E-09 2.8839E-09 2.8932E-09 2.9061E-09 2.9182E-09 2.9242E-09 2.9276E-09 2.9319E-09 2.9284E-09 2.9246E-09
1.2327E-09 1.2746E-09 1.3167E-09 1.3596E-09 1.4030E-09 1.4466E-09 1.4905E-09 1.5349E-09 1.5796E-09 1.6242E-09 1.6689E-09 1.7156E-09 1.7625E-09 1.8096E-09 1.8567E-09 1.9034E-09 1.9501E-09 1.9951E-09 2.0410E-09 2.0867E-09 2.1310E-09 2.1746E-09 2.2183E-09 2.2614E-09 2.3042E-09 2.3464E-09 2.3877E-09 2.4280E-09 2.4676E-09 2.5061E-09 2.5431E-09 2.5792E-09 2.6136E-09 2.6462E-09 2.6774E-09 2.7071E-09 2.7361E-09 2.7628E-09 2.7879E-09 2.8120E-09 2.8342E-09 2.8553E-09 2.8751E-09 2.8940E-09 2.9122E-09 2.9301E-09 2.9457E-09 2.9619E-09 2.9798E-09 2.9931E-09 3.0050E-09 3.0145E-09 3.0214E-09 3.0285E-09 3.0303E-09 3.0288E-09 3.0250E-09
1.2404E-09 1.2830E-09 1.3262E-09 1.3696E-09 1.4137E-09 1.4585E-09 1.5032E-09 1.5482E-09 1.5939E-09 1.6395E-09 1.6876E-09 1.7356E-09 1.7838E-09 1.8321E-09 1.8803E-09 1.9268E-09 1.9750E-09 2.0227E-09 2.0702E-09 2.1164E-09 2.1621E-09 2.2080E-09 2.2533E-09 2.2987E-09 2.3433E-09 2.3872E-09 2.4303E-09 2.4727E-09 2.5144E-09 2.5553E-09 2.5943E-09 2.6314E-09 2.6672E-09 2.7024E-09 2.7356E-09 2.7672E-09 2.7987E-09 2.8283E-09 2.8561E-09 2.8814E-09 2.9052E-09 2.9291E-09 2.9517E-09 2.9745E-09 2.9944E-09 3.0156E-09 3.0402E-09 3.0581E-09 3.0745E-09 3.0895E-09 3.1032E-09 3.1163E-09 3.1232E-09 3.1277E-09 3.1308E-09 3.1293E-09 3.1250E-09
1.2469E-09 1.2906E-09 1.3342E-09 1.3784E-09 1.4234E-09 1.4690E-09 1.5150E-09 1.5610E-09 1.6077E-09 1.6566E-09 1.7055E-09 1.7547E-09 1.8042E-09 1.8519E-09 1.9014E-09 1.9511E-09 2.0003E-09 2.0501E-09 2.0976E-09 2.1458E-09 2.1938E-09 2.2407E-09 2.2884E-09 2.3355E-09 2.3819E-09 2.4283E-09 2.4738E-09 2.5185E-09 2.5615E-09 2.6034E-09 2.6436E-09 2.6834E-09 2.7219E-09 2.7594E-09 2.7958E-09 2.8306E-09 2.8627E-09 2.8940E-09 2.9239E-09 2.9512E-09 2.9786E-09 3.0056E-09 3.0315E-09 3.0592E-09 3.0883E-09 3.1121E-09 3.1356E-09 3.1553E-09 3.1758E-09 3.1934E-09 3.2062E-09 3.2169E-09 3.2263E-09 3.2312E-09 3.2328E-09 3.2330E-09 3.2319E-09
1.2530E-09 1.2971E-09 1.3418E-09 1.3866E-09 1.4326E-09 1.4790E-09 1.5259E-09 1.5729E-09 1.6224E-09 1.6724E-09 1.7204E-09 1.7709E-09 1.8217E-09 1.8721E-09 1.9230E-09 1.9741E-09 2.0254E-09 2.0745E-09 2.1246E-09 2.1745E-09 2.2247E-09 2.2745E-09 2.3233E-09 2.3722E-09 2.4210E-09 2.4693E-09 2.5166E-09 2.5624E-09 2.6073E-09 2.6513E-09 2.6950E-09 2.7380E-09 2.7788E-09 2.8176E-09 2.8556E-09 2.8922E-09 2.9273E-09 2.9617E-09 2.9953E-09 3.0286E-09 3.0596E-09 3.0922E-09 3.1238E-09 3.1524E-09 3.1797E-09 3.2061E-09 3.2310E-09 3.2576E-09 3.2764E-09 3.2932E-09 3.3080E-09 3.3205E-09 3.3306E-09 3.3379E-09 3.3435E-09 3.3452E-09 3.3430E-09
1.2582E-09 1.3030E-09 1.3483E-09 1.3945E-09 1.4408E-09 1.4881E-09 1.5355E-09 1.5838E-09 1.6345E-09 1.6853E-09 1.7362E-09 1.7879E-09 1.8397E-09 1.8917E-09 1.9441E-09 1.9962E-09 2.0474E-09 2.0992E-09 2.1509E-09 2.2029E-09 2.2548E-09 2.3059E-09 2.3580E-09 2.4099E-09 2.4605E-09 2.5099E-09 2.5585E-09 2.6066E-09 2.6553E-09 2.7027E-09 2.7477E-09 2.7912E-09 2.8343E-09 2.8760E-09 2.9175E-09 2.9588E-09 2.9988E-09 3.0360E-09 3.0724E-09 3.1108E-09 3.1466E-09 3.1805E-09 3.2127E-09 3.2479E-09 3.2818E-09 3.3081E-09 3.3328E-09 3.3557E-09 3.3769E-09 3.3960E-09 3.4129E-09 3.4286E-09 3.4404E-09 3.4494E-09 3.4543E-09 3.4561E-09 3.4558E-09
1.2623E-09 1.3077E-09 1.3542E-09 1.4006E-09 1.4478E-09 1.4963E-09 1.5450E-09 1.5957E-09 1.6470E-09 1.6990E-09 1.7514E-09 1.8040E-09 1.8570E-09 1.9104E-09 1.9622E-09 2.0164E-09 2.0696E-09 2.1229E-09 2.1768E-09 2.2306E-09 2.2838E-09 2.3383E-09 2.3924E-09 2.4454E-09 2.4979E-09 2.5490E-09 2.6015E-09 2.6528E-09 2.7025E-09 2.7505E-09 2.7982E-09 2.8451E-09 2.8928E-09 2.9401E-09 2.9852E-09 3.0287E-09 3.0700E-09 3.1097E-09 3.1547E-09 3.1976E-09 3.2384E-09 3.2748E-09 3.3114E-09 3.3448E-09 3.3754E-09 3.4045E-09 3.4320E-09 3.4575E-09 3.4814E-09 3.5041E-09 3.5233E-09 3.5400E-09 3.5527E-09 3.5622E-09 3.5707E-09 3.5748E-09 3.5854E-09
1.2658E-09 1.3118E-09 1.3587E-09 1.4063E-09 1.4541E-09 1.5031E-09 1.5545E-09 1.6066E-09 1.6586E-09 1.7116E-09 1.7636E-09 1.8175E-09 1.8714E-09 1.9262E-09 1.9815E-09 2.0361E-09 2.0908E-09 2.1463E-09 2.2013E-09 2.2572E-09 2.3137E-09 2.3698E-09 2.4251E-09 2.4803E-09 2.5354E-09 2.5908E-09 2.6444E-09 2.6970E-09 2.7490E-09 2.8010E-09 2.8536E-09 2.9052E-09 2.9555E-09 3.0036E-09 3.0505E-09 3.1040E-09 3.1513E-09 3.2000E-09 3.2434E-09 3.2885E-09 3.3277E-09 3.3655E-09 3.4022E-09 3.4387E-09 3.4735E-09 3.5045E-09 3.5350E-09 3.5636E-09 3.5913E-09 3.6155E-09 3.6361E-09 3.6550E-09 3.6741E-09 3.6980E-09 3.7132E-09 3.7217E-09 3.7268E-09
1.2682E-09 1.3152E-09 1.3627E-09 1.4106E-09 1.4596E-09 1.5111E-09 1.5634E-09 1.6145E-09 1.6679E-09 1.7217E-09 1.7761E-09 1.8312E-09 1.8868E-09 1.9430E-09 1.9987E-09 2.0547E-09 2.1111E-09 2.1683E-09 2.2260E-09 2.2842E-09 2.3418E-09 2.3999E-09 2.4579E-09 2.5158E-09 2.5734E-09 2.6295E-09 2.6854E-09 2.7415E-09 2.7990E-09 2.8551E-09 2.9098E-09 2.9637E-09 3.0195E-09 3.0778E-09 3.1318E-09 3.1832E-09 3.2325E-09 3.2837E-09 3.3287E-09 3.3735E-09 3.4172E-09 3.4585E-09 3.4985E-09 3.5361E-09 3.5732E-09 3.6086E-09 3.6423E-09 3.6740E-09 3.7035E-09 3.7341E-09 3.7657E-09 3.7956E-09 3.8168E-09 3.8378E-09 3.8487E-09 3.8557E-09 3.8588E-09
1.2699E-09 1.3172E-09 1.3654E-09 1.4147E-09 1.4641E-09 1.5161E-09 1.5693E-09 1.6230E-09 1.6771E-09 1.7324E-09 1.7879E-09 1.8441E-09 1.8996E-09 1.9578E-09 2.0143E-09 2.0724E-09 2.1312E-09 2.1905E-09 2.2496E-09 2.3094E-09 2.3699E-09 2.4299E-09 2.4905E-09 2.5503E-09 2.6094E-09 2.6696E-09 2.7299E-09 2.7901E-09 2.8491E-09 2.9074E-09 2.9681E-09 3.0316E-09 3.0910E-09 3.1488E-09 3.2049E-09 3.2604E-09 3.3146E-09 3.3657E-09 3.4142E-09 3.4624E-09 3.5076E-09 3.5514E-09 3.5950E-09 3.6373E-09 3.6780E-09 3.7168E-09 3.7576E-09 3.7966E-09 3.8370E-09 3.8715E-09 3.9032E-09 3.9341E-09 3.9548E-09 3.9715E-09 3.9841E-09 3.9925E-09 3.9967E-09
1.2709E-09 1.3188E-09 1.3671E-09 1.4171E-09 1.4690E-09 1.5222E-09 1.5760E-09 1.6306E-09 1.6860E-09 1.7404E-09 1.7967E-09 1.8547E-09 1.9130E-09 1.9709E-09 2.0295E-09 2.0895E-09 2.1506E-09 2.2117E-09 2.2727E-09 2.3347E-09 2.3972E-09 2.4597E-09 2.5219E-09 2.5841E-09 2.6473E-09 2.7102E-09 2.7738E-09 2.8361E-09 2.9024E-09 2.9705E-09 3.0347E-09 3.0984E-09 3.1601E-09 3.2226E-09 3.2831E-09 3.3393E-09 3.3952E-09 3.4488E-09 3.5000E-09 3.5499E-09 3.5987E-09 3.6487E-09 3.6974E-09 3.7436E-09 3.7909E-09 3.8413E-09 3.8866E-09 3.9299E-09 3.9710E-09 4.0082E-09 4.0424E-09 4.0695E-09 4.0926E-09 4.1114E-09 4.1257E-09 4.1356E-09 4.1408E-09
1.2706E-09 1.3190E-09 1.3686E-09 1.4206E-09 1.4733E-09 1.5256E-09 1.5799E-09 1.6354E-09 1.6916E-09 1.7485E-09 1.8068E-09 1.8651E-09 1.9237E-09 1.9836E-09 2.0446E-09 2.1066E-09 2.1683E-09 2.2311E-09 2.2953E-09 2.3597E-09 2.4245E-09 2.4892E-09 2.5541E-09 2.6205E-09 2.6867E-09 2.7522E-09 2.8214E-09 2.8905E-09 2.9590E-09 3.0272E-09 3.0989E-09 3.1663E-09 3.2323E-09 3.2947E-09 3.3560E-09 3.4171E-09 3.4747E-09 3.5311E-09 3.5887E-09 3.6450E-09 3.6991E-09 3.7511E-09 3.8057E-09 3.8641E-09 3.9175E-09 3.9691E-09 4.0190E-09 4.0658E-09 4.1099E-09 4.1475E-09 4.1815E-09 4.2114E-09 4.2369E-09 4.2578E-09 4.2739E-09 4.2852E-09 4.2915E-09
1.2698E-09 1.3187E-09 1.3685E-09 1.4212E-09 1.4745E-09 1.5290E-09 1.5845E-09 1.6409E-09 1.6979E-09 1.7543E-09 1.8134E-09 1.8739E-09 1.9345E-09 1.9961E-09 2.0584E-09 2.1212E-09 2.1848E-09 2.2505E-09 2.3171E-09 2.3838E-09 2.4508E-09 2.5185E-09 2.5863E-09 2.6547E-09 2.7267E-09 2.7990E-09 2.8715E-09 2.9436E-09 3.0168E-09 3.0895E-09 3.1613E-09 3.2321E-09 3.2992E-09 3.3655E-09 3.4308E-09 3.4950E-09 3.5591E-09 3.6209E-09 3.6816E-09 3.7401E-09 3.8017E-09 3.8626E-09 3.9274E-09 3.9896E-09 4.0470E-09 4.1026E-09 4.1562E-09 4.2041E-09 4.2488E-09 4.2899E-09 4.3271E-09 4.3599E-09 4.3879E-09 4.4110E-09 4.4289E-09 4.4416E-09 4.4491E-09
1.2676E-09 1.3173E-09 1.3691E-09 1.4225E-09 1.4769E-09 1.5304E-09 1.5863E-09 1.6433E-09 1.7012E-09 1.7608E-09 1.8214E-09 1.8818E-09 1.9439E-09 2.0057E-09 2.0700E-09 2.1356E-09 2.2024E-09 2.2703E-09 2.3386E-09 2.4073E-09 2.4775E-09 2.5473E-09 2.6180E-09 2.6927E-09 2.7679E-09 2.8436E-09 2.9191E-09 2.9961E-09 3.0739E-09 3.1492E-09 3.2245E-09 3.2963E-09 3.3675E-09 3.4381E-09 3.5090E-09 3.5775E-09 3.6449E-09 3.7101E-09 3.7786E-09 3.8487E-09 3.9170E-09 3.9848E-09 4.0504E-09 4.1182E-09 4.1811E-09 4.2384E-09 4.2932E-09 4.3456E-09 4.3943E-09 4.4391E-09 4.4797E-09 4.5155E-09 4.5461E-09 4.5713E-09 4.5910E-09 4.6052E-09 4.6136E-09
1.2650E-09 1.3151E-09 1.3675E-09 1.4210E-09 1.4758E-09 1.5317E-09 1.5888E-09 1.6465E-09 1.7059E-09 1.7639E-09 1.8260E-09 1.8883E-09 1.9515E-09 2.0164E-09 2.0828E-09 2.1503E-09 2.2193E-09 2.2889E-09 2.3585E-09 2.4308E-09 2.5030E-09 2.5792E-09 2.6562E-09 2.7333E-09 2.8119E-09 2.8917E-09 2.9721E-09 3.0525E-09 3.1318E-09 3.2084E-09 3.2847E-09 3.3620E-09 3.4378E-09 3.5139E-09 3.5881E-09 3.6602E-09 3.7367E-09 3.8125E-09 3.8891E-09 3.9667E-09 4.0435E-09 4.1161E-09 4.1841E-09 4.2503E-09 4.3149E-09 4.3772E-09 4.4369E-09 4.4938E-09 4.5468E-09 4.5955E-09 4.6396E-09 4.6784E-09 4.7116E-09 4.7391E-09 4.7606E-09 4.7761E-09 4.7856E-09
1.2614E-09 1.3130E-09 1.3663E-09 1.4208E-09 1.4761E-09 1.5307E-09 1.5881E-09 1.6467E-09 1.7070E-09 1.7688E-09 1.8312E-09 1.8945E-09 1.9597E-09 2.0265E-09 2.0941E-09 2.1631E-09 2.2341E-09 2.3058E-09 2.3781E-09 2.4524E-09 2.5310E-09 2.6101E-09 2.6903E-09 2.7708E-09 2.8535E-09 2.9372E-09 3.0222E-09 3.1052E-09 3.1858E-09 3.2677E-09 3.3486E-09 3.4293E-09 3.5097E-09 3.5895E-09 3.6728E-09 3.7597E-09 3.8470E-09 3.9280E-09 4.0120E-09 4.0887E-09 4.1645E-09 4.2395E-09 4.3131E-09 4.3851E-09 4.4551E-09 4.5228E-09 4.5877E-09 4.6493E-09 4.7067E-09 4.7594E-09 4.8070E-09 4.8490E-09 4.8849E-09 4.9146E-09 4.9379E-09 4.9547E-09 4.9650E-09
