Assets/Resources/2015_m01_d31_1800(utc+0800)_l00_csi_1hr_conc.grd
DSAA
         159         159
     -79.000      79.000
     -79.000      79.000
  0.0000E+00  0.5727E-05
[rows 25 to 49 of 159, columns 0 to 56 of 159]
3.5243E-09 3.8199E-09 4.1312E-09 4.4524E-09 4.7850E-09 5.1321E-09 5.4932E-09 5.8580E-09 6.2244E-09 6.5910E-09 6.9524E-09 7.3072E-09 7.6541E-09 7.9885E-09 8.3085E-09 8.6116E-09 8.8958E-09 9.1565E-09 9.3913E-09 9.5979E-09 9.7748E-09 9.9163E-09 1.0022E-08 1.0090E-08 1.0119E-08 1.0106E-08 1.0050E-08 9.9528E-09 9.8115E-09 9.6324E-09 9.4138E-09 9.1563E-09 8.8624E-09 8.5367E-09 8.1815E-09 7.8002E-09 7.3976E-09 6.9771E-09 6.5462E-09 6.1096E-09 5.6723E-09 5.2382E-09 4.8111E-09 4.3946E-09 3.9919E-09 3.6055E-09 3.2381E-09 2.8917E-09 2.5678E-09 2.2676E-09 1.9913E-09 1.7390E-09 1.5099E-09 1.3021E-09 1.1156E-09 9.5101E-10 8.0283E-10
3.4353E-09 3.7244E-09 4.0424E-09 4.3632E-09 4.6944E-09 5.0392E-09 5.3984E-09 5.7650E-09 6.1361E-09 6.5067E-09 6.8750E-09 7.2400E-09 7.5963E-09 7.9422E-09 8.2755E-09 8.5932E-09 8.8914E-09 9.1670E-09 9.4182E-09 9.6421E-09 9.8338E-09 9.9925E-09 1.0116E-08 1.0199E-08 1.0243E-08 1.0246E-08 1.0203E-08 1.0120E-08 9.9947E-09 9.8303E-09 9.6204E-09 9.3713E-09 9.0841E-09 8.7608E-09 8.4054E-09 8.0214E-09 7.6151E-09 7.1920E-09 6.7570E-09 6.3150E-09 5.8706E-09 5.4283E-09 4.9917E-09 4.5648E-09 4.1510E-09 3.7534E-09 3.3748E-09 3.0172E-09 2.6823E-09 2.3706E-09 2.0823E-09 1.8183E-09 1.5787E-09 1.3606E-09 1.1665E-09 9.9415E-10 8.3765E-10
3.3431E-09 3.6338E-09 3.9362E-09 4.2533E-09 4.5916E-09 4.9344E-09 5.2908E-09 5.6581E-09 6.0303E-09 6.4044E-09 6.7794E-09 7.1504E-09 7.5154E-09 7.8721E-09 8.2174E-09 8.5474E-09 8.8589E-09 9.1503E-09 9.4170E-09 9.6556E-09 9.8644E-09 1.0041E-08 1.0179E-08 1.0280E-08 1.0341E-08 1.0359E-08 1.0335E-08 1.0273E-08 1.0162E-08 1.0007E-08 9.8090E-09 9.5675E-09 9.2871E-09 8.9666E-09 8.6135E-09 8.2324E-09 7.8285E-09 7.4049E-09 6.9676E-09 6.5216E-09 6.0714E-09 5.6218E-09 5.1768E-09 4.7405E-09 4.3165E-09 3.9080E-09 3.5178E-09 3.1484E-09 2.8012E-09 2.4778E-09 2.1784E-09 1.9032E-09 1.6521E-09 1.4241E-09 1.2204E-09 1.0382E-09 8.7645E-10
3.2482E-09 3.5284E-09 3.8246E-09 4.1441E-09 4.4710E-09 4.8090E-09 5.1702E-09 5.5361E-09 5.9085E-09 6.2853E-09 6.6635E-09 7.0401E-09 7.4125E-09 7.7785E-09 8.1334E-09 8.4745E-09 8.7997E-09 9.1040E-09 9.3850E-09 9.6397E-09 9.8655E-09 1.0057E-08 1.0215E-08 1.0332E-08 1.0411E-08 1.0454E-08 1.0450E-08 1.0400E-08 1.0305E-08 1.0165E-08 9.9787E-09 9.7475E-09 9.4728E-09 9.1590E-09 8.8131E-09 8.4362E-09 8.0342E-09 7.6121E-09 7.1744E-09 6.7259E-09 6.2714E-09 5.8160E-09 5.3640E-09 4.9196E-09 4.4862E-09 4.0678E-09 3.6675E-09 3.2869E-09 2.9280E-09 2.5921E-09 2.2809E-09 1.9944E-09 1.7321E-09 1.4934E-09 1.2797E-09 1.0864E-09 9.1688E-10
3.1430E-09 3.4179E-09 3.7110E-09 4.0194E-09 4.3423E-09 4.6824E-09 5.0307E-09 5.3999E-09 5.7712E-09 6.1491E-09 6.5291E-09 6.9092E-09 7.2880E-09 7.6600E-09 8.0234E-09 8.3754E-09 8.7111E-09 9.0283E-09 9.3234E-09 9.5937E-09 9.8343E-09 1.0044E-08 1.0219E-08 1.0359E-08 1.0462E-08 1.0521E-08 1.0535E-08 1.0504E-08 1.0426E-08 1.0298E-08 1.0122E-08 9.8992E-09 9.6379E-09 9.3345E-09 8.9958E-09 8.6260E-09 8.2308E-09 7.8123E-09 7.3757E-09 6.9265E-09 6.4696E-09 6.0097E-09 5.5519E-09 5.1003E-09 4.6585E-09 4.2304E-09 3.8189E-09 3.4269E-09 3.0565E-09 2.7088E-09 2.3855E-09 2.0881E-09 1.8142E-09 1.5663E-09 1.3411E-09 1.1406E-09 9.6032E-10
3.0303E-09 3.3024E-09 3.5871E-09 3.8885E-09 4.2090E-09 4.5395E-09 4.8828E-09 5.2406E-09 5.6198E-09 5.9955E-09 6.3756E-09 6.7594E-09 7.1405E-09 7.5182E-09 7.8891E-09 8.2488E-09 8.5948E-09 8.9236E-09 9.2323E-09 9.5165E-09 9.7736E-09 1.0002E-08 1.0201E-08 1.0362E-08 1.0481E-08 1.0560E-08 1.0594E-08 1.0579E-08 1.0515E-08 1.0401E-08 1.0241E-08 1.0034E-08 9.7855E-09 9.4952E-09 9.1681E-09 8.8097E-09 8.4206E-09 8.0072E-09 7.5741E-09 7.1263E-09 6.6686E-09 6.2060E-09 5.7438E-09 5.2860E-09 4.8365E-09 4.3998E-09 3.9786E-09 3.5759E-09 3.1941E-09 2.8344E-09 2.4991E-09 2.1891E-09 1.9047E-09 1.6443E-09 1.4100E-09 1.1988E-09 1.0098E-09
2.9138E-09 3.1764E-09 3.4543E-09 3.7509E-09 4.0623E-09 4.3883E-09 4.7286E-09 5.0793E-09 5.4437E-09 5.8260E-09 6.2061E-09 6.5888E-09 6.9726E-09 7.3539E-09 7.7295E-09 8.0962E-09 8.4506E-09 8.7904E-09 9.1110E-09 9.4099E-09 9.6863E-09 9.9360E-09 1.0152E-08 1.0330E-08 1.0470E-08 1.0569E-08 1.0619E-08 1.0620E-08 1.0572E-08 1.0477E-08 1.0334E-08 1.0145E-08 9.9119E-09 9.6395E-09 9.3260E-09 8.9776E-09 8.5984E-09 8.1926E-09 7.7668E-09 7.3222E-09 6.8659E-09 6.4029E-09 5.9380E-09 5.4756E-09 5.0207E-09 4.5768E-09 4.1468E-09 3.7334E-09 3.3396E-09 2.9690E-09 2.6223E-09 2.3001E-09 2.0016E-09 1.7285E-09 1.4829E-09 1.2629E-09 1.0636E-09
2.7886E-09 3.0436E-09 3.3172E-09 3.6039E-09 3.9068E-09 4.2286E-09 4.5600E-09 4.9057E-09 5.2646E-09 5.6330E-09 6.0187E-09 6.4005E-09 6.7838E-09 7.1671E-09 7.5460E-09 7.9177E-09 8.2805E-09 8.6293E-09 8.9633E-09 9.2796E-09 9.5729E-09 9.8373E-09 1.0071E-08 1.0269E-08 1.0427E-08 1.0541E-08 1.0607E-08 1.0628E-08 1.0601E-08 1.0525E-08 1.0404E-08 1.0237E-08 1.0023E-08 9.7660E-09 9.4686E-09 9.1366E-09 8.7716E-09 8.3760E-09 7.9564E-09 7.5176E-09 7.0647E-09 6.6028E-09 6.1371E-09 5.6725E-09 5.2127E-09 4.7607E-09 4.3212E-09 3.8977E-09 3.4920E-09 3.1084E-09 2.7483E-09 2.4123E-09 2.1015E-09 1.8171E-09 1.5604E-09 1.3266E-09 1.1214E-09
2.6607E-09 2.9080E-09 3.1703E-09 3.4492E-09 3.7461E-09 4.0567E-09 4.3815E-09 4.7194E-09 5.0721E-09 5.4364E-09 5.8078E-09 6.1905E-09 6.5768E-09 6.9594E-09 7.3398E-09 7.7164E-09 8.0854E-09 8.4453E-09 8.7924E-09 9.1216E-09 9.4273E-09 9.7084E-09 9.9585E-09 1.0172E-08 1.0345E-08 1.0476E-08 1.0565E-08 1.0606E-08 1.0602E-08 1.0551E-08 1.0452E-08 1.0304E-08 1.0111E-08 9.8772E-09 9.6003E-09 9.2830E-09 8.9308E-09 8.5476E-09 8.1402E-09 7.7092E-09 7.2619E-09 6.8046E-09 6.3409E-09 5.8744E-09 5.4097E-09 4.9509E-09 4.5027E-09 4.0684E-09 3.6523E-09 3.2583E-09 2.8853E-09 2.5350E-09 2.2107E-09 1.9150E-09 1.6442E-09 1.4018E-09 1.1862E-09
2.5280E-09 2.7663E-09 3.0199E-09 3.2904E-09 3.5742E-09 3.8756E-09 4.1957E-09 4.5255E-09 4.8711E-09 5.2253E-09 5.5911E-09 5.9650E-09 6.3478E-09 6.7320E-09 7.1136E-09 7.4942E-09 7.8702E-09 8.2383E-09 8.5946E-09 8.9332E-09 9.2536E-09 9.5471E-09 9.8098E-09 1.0037E-08 1.0229E-08 1.0382E-08 1.0491E-08 1.0557E-08 1.0576E-08 1.0549E-08 1.0473E-08 1.0351E-08 1.0183E-08 9.9692E-09 9.7109E-09 9.4126E-09 9.0813E-09 8.7131E-09 8.3161E-09 7.8960E-09 7.4588E-09 7.0078E-09 6.5455E-09 6.0777E-09 5.6087E-09 5.1458E-09 4.6886E-09 4.2446E-09 3.8183E-09 3.4119E-09 3.0246E-09 2.6605E-09 2.3232E-09 2.0148E-09 1.7340E-09 1.4819E-09 1.2552E-09
2.3908E-09 2.6198E-09 2.8640E-09 3.1249E-09 3.3994E-09 3.6902E-09 3.9980E-09 4.3184E-09 4.6561E-09 5.0047E-09 5.3611E-09 5.7285E-09 6.1016E-09 6.4845E-09 6.8706E-09 7.2531E-09 7.6325E-09 8.0068E-09 8.3692E-09 8.7190E-09 9.0466E-09 9.3514E-09 9.6262E-09 9.8724E-09 1.0083E-08 1.0257E-08 1.0390E-08 1.0479E-08 1.0523E-08 1.0522E-08 1.0474E-08 1.0377E-08 1.0233E-08 1.0042E-08 9.8102E-09 9.5335E-09 9.2176E-09 8.8665E-09 8.4860E-09 8.0811E-09 7.6542E-09 7.2086E-09 6.7512E-09 6.2831E-09 5.8101E-09 5.3383E-09 4.8735E-09 4.4210E-09 3.9867E-09 3.5683E-09 3.1716E-09 2.7986E-09 2.4482E-09 2.1259E-09 1.8336E-09 1.5688E-09 1.3323E-09
2.2505E-09 2.4695E-09 2.7032E-09 2.9541E-09 3.2184E-09 3.4979E-09 3.7953E-09 4.1066E-09 4.4308E-09 4.7702E-09 5.1211E-09 5.4783E-09 5.8467E-09 6.2227E-09 6.6032E-09 6.9915E-09 7.3742E-09 7.7510E-09 8.1194E-09 8.4723E-09 8.8105E-09 9.1248E-09 9.4165E-09 9.6790E-09 9.9096E-09 1.0105E-08 1.0260E-08 1.0374E-08 1.0445E-08 1.0471E-08 1.0449E-08 1.0379E-08 1.0263E-08 1.0100E-08 9.8904E-09 9.6369E-09 9.3453E-09 9.0170E-09 8.6573E-09 8.2676E-09 7.8542E-09 7.4166E-09 6.9613E-09 6.4923E-09 6.0164E-09 5.5460E-09 5.0759E-09 4.6164E-09 4.1695E-09 3.7393E-09 3.3307E-09 2.9443E-09 2.5842E-09 2.2505E-09 1.9446E-09 1.6684E-09 1.4111E-09
2.1079E-09 2.3161E-09 2.5392E-09 2.7793E-09 3.0322E-09 3.3004E-09 3.5858E-09 3.8866E-09 4.2002E-09 4.5267E-09 4.8679E-09 5.2172E-09 5.5792E-09 5.9494E-09 6.3253E-09 6.7081E-09 7.0948E-09 7.4720E-09 7.8416E-09 8.2032E-09 8.5473E-09 8.8750E-09 9.1803E-09 9.4594E-09 9.7090E-09 9.9244E-09 1.0105E-08 1.0244E-08 1.0341E-08 1.0394E-08 1.0402E-08 1.0362E-08 1.0274E-08 1.0137E-08 9.9560E-09 9.7305E-09 9.4651E-09 9.1619E-09 8.8230E-09 8.4509E-09 8.0481E-09 7.6178E-09 7.1681E-09 6.7064E-09 6.2320E-09 5.7553E-09 5.2815E-09 4.8149E-09 4.3613E-09 3.9247E-09 3.5069E-09 3.1097E-09 2.7402E-09 2.3969E-09 2.0803E-09 1.7899E-09 1.5213E-09
1.9640E-09 2.1614E-09 2.3729E-09 2.6013E-09 2.8428E-09 3.0992E-09 3.3712E-09 3.6602E-09 3.9626E-09 4.2784E-09 4.6061E-09 4.9482E-09 5.2998E-09 5.6633E-09 6.0353E-09 6.4101E-09 6.7898E-09 7.1724E-09 7.5468E-09 7.9103E-09 8.2642E-09 8.6018E-09 8.9202E-09 9.2156E-09 9.4827E-09 9.7212E-09 9.9234E-09 1.0088E-08 1.0214E-08 1.0296E-08 1.0333E-08 1.0322E-08 1.0264E-08 1.0160E-08 1.0009E-08 9.8150E-09 9.5786E-09 9.3021E-09 8.9835E-09 8.6278E-09 8.2393E-09 7.8212E-09 7.3779E-09 6.9165E-09 6.4448E-09 5.9733E-09 5.4964E-09 5.0273E-09 4.5653E-09 4.1186E-09 3.6880E-09 3.2812E-09 2.8994E-09 2.5442E-09 2.2167E-09 1.9088E-09 1.6338E-09
1.8170E-09 2.0020E-09 2.2056E-09 2.4223E-09 2.6512E-09 2.8950E-09 3.1539E-09 3.4297E-09 3.7202E-09 4.0234E-09 4.3396E-09 4.6688E-09 5.0134E-09 5.3663E-09 5.7318E-09 6.1016E-09 6.4751E-09 6.8541E-09 7.2295E-09 7.6020E-09 7.9610E-09 8.3087E-09 8.6393E-09 8.9485E-09 9.2362E-09 9.4934E-09 9.7195E-09 9.9108E-09 1.0064E-08 1.0176E-08 1.0242E-08 1.0263E-08 1.0238E-08 1.0167E-08 1.0052E-08 9.8913E-09 9.6849E-09 9.4319E-09 9.1379E-09 8.7993E-09 8.4259E-09 8.0174E-09 7.5864E-09 7.1361E-09 6.6694E-09 6.1965E-09 5.7194E-09 5.2435E-09 4.7777E-09 4.3247E-09 3.8882E-09 3.4726E-09 3.0795E-09 2.7117E-09 2.3631E-09 2.0487E-09 1.7654E-09
1.6749E-09 1.8485E-09 2.0356E-09 2.2390E-09 2.4592E-09 2.6900E-09 2.9353E-09 3.1968E-09 3.4746E-09 3.7641E-09 4.0678E-09 4.3863E-09 4.7176E-09 5.0641E-09 5.4175E-09 5.7824E-09 6.1512E-09 6.5257E-09 6.9028E-09 7.2716E-09 7.6431E-09 7.9978E-09 8.3387E-09 8.6650E-09 8.9677E-09 9.2458E-09 9.4952E-09 9.7123E-09 9.8934E-09 1.0033E-08 1.0132E-08 1.0186E-08 1.0198E-08 1.0165E-08 1.0085E-08 9.9561E-09 9.7784E-09 9.5536E-09 9.2797E-09 8.9622E-09 8.6062E-09 8.2174E-09 7.8013E-09 7.3615E-09 6.9062E-09 6.4401E-09 5.9649E-09 5.4929E-09 5.0236E-09 4.5641E-09 4.1215E-09 3.6972E-09 3.2958E-09 2.9097E-09 2.5564E-09 2.2316E-09 1.9278E-09
1.5350E-09 1.6970E-09 1.8715E-09 2.0624E-09 2.2646E-09 2.4809E-09 2.7121E-09 2.9637E-09 3.2274E-09 3.5030E-09 3.7939E-09 4.1001E-09 4.4200E-09 4.7542E-09 5.1009E-09 5.4564E-09 5.8229E-09 6.1908E-09 6.5630E-09 6.9371E-09 7.3058E-09 7.6725E-09 8.0255E-09 8.3630E-09 8.6830E-09 8.9803E-09 9.2532E-09 9.4954E-09 9.7024E-09 9.8736E-09 1.0005E-08 1.0097E-08 1.0146E-08 1.0149E-08 1.0103E-08 1.0008E-08 9.8593E-09 9.6588E-09 9.4126E-09 9.1193E-09 8.7861E-09 8.4171E-09 8.0184E-09 7.5934E-09 7.1475E-09 6.6865E-09 6.2154E-09 5.7416E-09 5.2702E-09 4.8093E-09 4.3627E-09 3.9235E-09 3.5107E-09 3.1198E-09 2.7538E-09 2.4088E-09 2.0923E-09
1.3983E-09 1.5481E-09 1.7101E-09 1.8877E-09 2.0761E-09 2.2791E-09 2.4965E-09 2.7288E-09 2.9815E-09 3.2431E-09 3.5204E-09 3.8135E-09 4.1227E-09 4.4449E-09 4.7802E-09 5.1301E-09 5.4859E-09 5.8514E-09 6.2200E-09 6.5922E-09 6.9627E-09 7.3331E-09 7.6989E-09 8.0490E-09 8.3832E-09 8.7012E-09 8.9942E-09 9.2600E-09 9.4957E-09 9.6984E-09 9.8664E-09 9.9943E-09 1.0079E-08 1.0117E-08 1.0107E-08 1.0040E-08 9.9222E-09 9.7528E-09 9.5342E-09 9.2698E-09 8.9621E-09 8.6187E-09 8.2405E-09 7.8330E-09 7.4031E-09 6.9524E-09 6.4931E-09 6.0250E-09 5.5584E-09 5.0975E-09 4.6391E-09 4.2007E-09 3.7807E-09 3.3805E-09 2.9968E-09 2.6405E-09 2.3151E-09
1.2654E-09 1.4030E-09 1.5521E-09 1.7165E-09 1.8918E-09 2.0810E-09 2.2841E-09 2.5025E-09 2.7366E-09 2.9868E-09 3.2507E-09 3.5300E-09 3.8269E-09 4.1371E-09 4.4623E-09 4.8002E-09 5.1486E-09 5.5069E-09 5.8742E-09 6.2437E-09 6.6166E-09 6.9894E-09 7.3595E-09 7.7186E-09 8.0743E-09 8.4070E-09 8.7207E-09 9.0114E-09 9.2764E-09 9.5122E-09 9.7130E-09 9.8755E-09 9.9957E-09 1.0069E-08 1.0086E-08 1.0055E-08 9.9700E-09 9.8334E-09 9.6476E-09 9.4148E-09 9.1365E-09 8.8203E-09 8.4626E-09 8.0760E-09 7.6627E-09 7.2262E-09 6.7743E-09 6.3158E-09 5.8535E-09 5.3857E-09 4.9316E-09 4.4890E-09 4.0532E-09 3.6422E-09 3.2495E-09 2.8872E-09 2.5465E-09
1.1370E-09 1.2625E-09 1.3993E-09 1.5512E-09 1.7128E-09 1.8881E-09 2.0777E-09 2.2826E-09 2.5026E-09 2.7339E-09 2.9861E-09 3.2518E-09 3.5346E-09 3.8335E-09 4.1468E-09 4.4745E-09 4.8134E-09 5.1645E-09 5.5258E-09 5.8926E-09 6.2676E-09 6.6429E-09 7.0160E-09 7.3883E-09 7.7490E-09 8.1029E-09 8.4363E-09 8.7530E-09 9.0462E-09 9.3110E-09 9.5436E-09 9.7399E-09 9.8923E-09 9.9936E-09 1.0048E-08 1.0052E-08 1.0003E-08 9.9019E-09 9.7522E-09 9.5531E-09 9.3077E-09 9.0169E-09 8.6893E-09 8.3240E-09 7.9302E-09 7.5148E-09 7.0802E-09 6.6331E-09 6.1724E-09 5.7166E-09 5.2638E-09 4.8112E-09 4.3788E-09 3.9607E-09 3.5601E-09 3.1804E-09 2.8203E-09
1.0142E-09 1.1284E-09 1.2532E-09 1.3920E-09 1.5409E-09 1.7033E-09 1.8796E-09 2.0704E-09 2.2762E-09 2.4931E-09 2.7266E-09 2.9812E-09 3.2497E-09 3.5367E-09 3.8366E-09 4.1546E-09 4.4837E-09 4.8266E-09 5.1802E-09 5.5448E-09 5.9164E-09 6.2935E-09 6.6703E-09 7.0491E-09 7.4203E-09 7.7868E-09 8.1457E-09 8.4842E-09 8.8020E-09 9.0940E-09 9.3576E-09 9.5823E-09 9.7624E-09 9.9011E-09 9.9917E-09 1.0031E-08 1.0021E-08 9.9584E-09 9.8467E-09 9.6836E-09 9.4701E-09 9.2150E-09 8.9134E-09 8.5788E-09 8.2102E-09 7.8151E-09 7.3927E-09 6.9612E-09 6.5181E-09 6.0687E-09 5.6142E-09 5.1678E-09 4.7309E-09 4.3057E-09 3.8937E-09 3.5017E-09 3.1209E-09
8.9828E-10 1.0015E-09 1.1142E-09 1.2417E-09 1.3783E-09 1.5278E-09 1.6904E-09 1.8672E-09 2.0590E-09 2.2620E-09 2.4812E-09 2.7168E-09 2.9741E-09 3.2486E-09 3.5352E-09 3.8415E-09 4.1605E-09 4.4940E-09 4.8408E-09 5.1986E-09 5.5686E-09 5.9431E-09 6.3258E-09 6.7073E-09 7.0901E-09 7.4696E-09 7.8422E-09 8.1993E-09 8.5431E-09 8.8613E-09 9.1489E-09 9.4004E-09 9.6157E-09 9.7872E-09 9.9152E-09 9.9935E-09 1.0023E-08 1.0001E-08 9.9283E-09 9.8020E-09 9.6279E-09 9.4049E-09 9.1411E-09 8.8359E-09 8.4971E-09 8.1224E-09 7.7302E-09 7.3171E-09 6.8820E-09 6.4491E-09 6.0038E-09 5.5613E-09 5.1281E-09 4.6965E-09 4.2683E-09 3.8647E-09 3.4718E-09
7.8969E-10 8.8252E-10 9.8487E-10 1.1009E-09 1.2254E-09 1.3622E-09 1.5116E-09 1.6748E-09 1.8527E-09 2.0416E-09 2.2465E-09 2.4675E-09 2.7078E-09 2.9711E-09 3.2447E-09 3.5381E-09 3.8459E-09 4.1691E-09 4.5083E-09 4.8582E-09 5.2231E-09 5.5970E-09 5.9785E-09 6.3669E-09 6.7569E-09 7.1473E-09 7.5304E-09 7.9054E-09 8.2661E-09 8.6078E-09 8.9187E-09 9.2005E-09 9.4471E-09 9.6563E-09 9.8201E-09 9.9383E-09 1.0008E-08 1.0027E-08 9.9948E-09 9.9099E-09 9.7742E-09 9.5934E-09 9.3640E-09 9.0920E-09 8.7857E-09 8.4486E-09 8.0830E-09 7.6891E-09 7.2843E-09 6.8598E-09 6.4335E-09 5.9983E-09 5.5585E-09 5.1255E-09 4.6950E-09 4.2788E-09 3.8781E-09
6.8882E-10 7.7220E-10 8.6457E-10 9.6976E-10 1.0828E-09 1.2073E-09 1.3440E-09 1.4938E-09 1.6583E-09 1.8332E-09 2.0246E-09 2.2316E-09 2.4582E-09 2.7044E-09 2.9662E-09 3.2464E-09 3.5416E-09 3.8534E-09 4.1836E-09 4.5245E-09 4.8835E-09 5.2526E-09 5.6329E-09 6.0242E-09 6.4193E-09 6.8166E-09 7.2108E-09 7.5978E-09 7.9729E-09 8.3333E-09 8.6683E-09 8.9828E-09 9.2602E-09 9.5032E-09 9.7073E-09 9.8619E-09 9.9764E-09 1.0034E-08 1.0045E-08 1.0002E-08 9.9125E-09 9.7659E-09 9.5812E-09 9.3526E-09 9.0856E-09 8.7793E-09 8.4480E-09 8.0863E-09 7.7056E-09 7.3081E-09 6.8939E-09 6.4724E-09 6.0430E-09 5.6078E-09 5.1743E-09 4.7556E-09 4.3403E-09
5.9688E-10 6.7116E-10 7.5366E-10 8.4828E-10 9.4996E-10 1.0629E-09 1.1874E-09 1.3250E-09 1.4769E-09 1.6385E-09 1.8166E-09 2.0097E-09 2.2222E-09 2.4547E-09 2.6982E-09 2.9639E-09 3.2490E-09 3.5485E-09 3.8676E-09 4.1984E-09 4.5497E-09 4.9137E-09 5.2903E-09 5.6801E-09 6.0778E-09 6.4788E-09 6.8813E-09 7.2774E-09 7.6689E-09 8.0463E-09 8.4088E-09 8.7439E-09 9.0535E-09 9.3311E-09 9.5717E-09 9.7675E-09 9.9198E-09 1.0024E-08 1.0076E-08 1.0078E-08 1.0030E-08 9.9356E-09 9.7949E-09 9.6079E-09 9.3825E-09 9.1210E-09 8.8268E-09 8.5065E-09 8.1545E-09 7.7791E-09 7.3979E-09 6.9889E-09 6.5730E-09 6.1502E-09 5.7215E-09 5.2949E-09 4.8675E-09
