Assets/Resources/2015_m01_d09_1100(utc+0800)_l00_csi_1hr_conc.grd
DSAA
         159         159
     -79.000      79.000
     -79.000      79.000
  0.4367E-09  0.5735E-05
[rows 75 to 99 of 159, columns 0 to 56 of 159]
9.3951E-10 9.6744E-10 9.9368E-10 1.0227E-09 1.0524E-09 1.0812E-09 1.1114E-09 1.1419E-09 1.1718E-09 1.2033E-09 1.2373E-09 1.2715E-09 1.3055E-09 1.3415E-09 1.3796E-09 1.4190E-09 1.4587E-09 1.5000E-09 1.5440E-09 1.5895E-09 1.6351E-09 1.6859E-09 1.7366E-09 1.7892E-09 1.8438E-09 1.9002E-09 1.9587E-09 2.0195E-09 2.0822E-09 2.1495E-09 2.2269E-09 2.3150E-09 2.4065E-09 2.4905E-09 2.5686E-09 2.6492E-09 2.7323E-09 2.8180E-09 2.9063E-09 2.9973E-09 3.0909E-09 3.1871E-09 3.2861E-09 3.3877E-09 3.4921E-09 3.5991E-09 3.7089E-09 3.8212E-09 3.9362E-09 4.1203E-09 4.3221E-09 4.5491E-09 4.7692E-09 4.9769E-09 5.1735E-09 5.3697E-09 5.5573E-09
9.4837E-10 9.7538E-10 1.0032E-09 1.0327E-09 1.0622E-09 1.0919E-09 1.1215E-09 1.1520E-09 1.1824E-09 1.2152E-09 1.2497E-09 1.2839E-09 1.3185E-09 1.3562E-09 1.3951E-09 1.4352E-09 1.4747E-09 1.5183E-09 1.5633E-09 1.6097E-09 1.6584E-09 1.7086E-09 1.7604E-09 1.8146E-09 1.8705E-09 1.9282E-09 1.9886E-09 2.0509E-09 2.1174E-09 2.1847E-09 2.2740E-09 2.3649E-09 2.4570E-09 2.5349E-09 2.6153E-09 2.6983E-09 2.7840E-09 2.8723E-09 2.9633E-09 3.0571E-09 3.1537E-09 3.2530E-09 3.3552E-09 3.4602E-09 3.5679E-09 3.6785E-09 3.7919E-09 3.9080E-09 4.0690E-09 4.2867E-09 4.4990E-09 4.7368E-09 4.9687E-09 5.1534E-09 5.3531E-09 5.5444E-09 5.7490E-09
9.5759E-10 9.8374E-10 1.0123E-09 1.0426E-09 1.0715E-09 1.1015E-09 1.1320E-09 1.1620E-09 1.1936E-09 1.2269E-09 1.2620E-09 1.2962E-09 1.3324E-09 1.3708E-09 1.4114E-09 1.4504E-09 1.4921E-09 1.5366E-09 1.5838E-09 1.6286E-09 1.6800E-09 1.7313E-09 1.7846E-09 1.8401E-09 1.8973E-09 1.9568E-09 2.0187E-09 2.0825E-09 2.1511E-09 2.2299E-09 2.3218E-09 2.4133E-09 2.4994E-09 2.5795E-09 2.6623E-09 2.7477E-09 2.8359E-09 2.9269E-09 3.0207E-09 3.1174E-09 3.2170E-09 3.3194E-09 3.4248E-09 3.5331E-09 3.6444E-09 3.7586E-09 3.8757E-09 4.0287E-09 4.2312E-09 4.4591E-09 4.6825E-09 4.9317E-09 5.1257E-09 5.3284E-09 5.5229E-09 5.7241E-09 5.9318E-09
9.6475E-10 9.9276E-10 1.0221E-09 1.0518E-09 1.0808E-09 1.1109E-09 1.1414E-09 1.1719E-09 1.2047E-09 1.2393E-09 1.2737E-09 1.3084E-09 1.3463E-09 1.3854E-09 1.4258E-09 1.4656E-09 1.5095E-09 1.5561E-09 1.6017E-09 1.6492E-09 1.7016E-09 1.7541E-09 1.8089E-09 1.8656E-09 1.9241E-09 1.9854E-09 2.0488E-09 2.1164E-09 2.1849E-09 2.2757E-09 2.3682E-09 2.4622E-09 2.5419E-09 2.6243E-09 2.7094E-09 2.7974E-09 2.8882E-09 2.9819E-09 3.0785E-09 3.1781E-09 3.2807E-09 3.3863E-09 3.4950E-09 3.6068E-09 3.7216E-09 3.8395E-09 3.9846E-09 4.1861E-09 4.3989E-09 4.6376E-09 4.8727E-09 5.0906E-09 5.2957E-09 5.4930E-09 5.6973E-09 5.9087E-09 6.1271E-09
9.7292E-10 1.0017E-09 1.0316E-09 1.0606E-09 1.0897E-09 1.1203E-09 1.1507E-09 1.1817E-09 1.2158E-09 1.2509E-09 1.2852E-09 1.3205E-09 1.3600E-09 1.4008E-09 1.4401E-09 1.4820E-09 1.5267E-09 1.5743E-09 1.6196E-09 1.6713E-09 1.7232E-09 1.7753E-09 1.8331E-09 1.8911E-09 1.9514E-09 2.0141E-09 2.0808E-09 2.1486E-09 2.2286E-09 2.3218E-09 2.4149E-09 2.5027E-09 2.5846E-09 2.6693E-09 2.7568E-09 2.8473E-09 2.9407E-09 3.0371E-09 3.1366E-09 3.2392E-09 3.3449E-09 3.4538E-09 3.5658E-09 3.6810E-09 3.7994E-09 3.9209E-09 4.1292E-09 4.3485E-09 4.5869E-09 4.8223E-09 5.0484E-09 5.2552E-09 5.4547E-09 5.6617E-09 5.8760E-09 6.0980E-09 6.3275E-09
9.8075E-10 1.0109E-09 1.0403E-09 1.0684E-09 1.0985E-09 1.1295E-09 1.1600E-09 1.1921E-09 1.2267E-09 1.2618E-09 1.2966E-09 1.3335E-09 1.3737E-09 1.4143E-09 1.4543E-09 1.4984E-09 1.5440E-09 1.5912E-09 1.6390E-09 1.6918E-09 1.7447E-09 1.8000E-09 1.8573E-09 1.9166E-09 1.9786E-09 2.0446E-09 2.1114E-09 2.1808E-09 2.2726E-09 2.3753E-09 2.4621E-09 2.5433E-09 2.6274E-09 2.7144E-09 2.8044E-09 2.8974E-09 2.9934E-09 3.0927E-09 3.1951E-09 3.3006E-09 3.4095E-09 3.5216E-09 3.6370E-09 3.7557E-09 3.8776E-09 4.0445E-09 4.2862E-09 4.5162E-09 4.7658E-09 4.9991E-09 5.2072E-09 5.4084E-09 5.6174E-09 5.8342E-09 6.0590E-09 6.3027E-09 6.5362E-09
9.8906E-10 1.0196E-09 1.0483E-09 1.0767E-09 1.1077E-09 1.1382E-09 1.1690E-09 1.2024E-09 1.2376E-09 1.2725E-09 1.3079E-09 1.3465E-09 1.3873E-09 1.4277E-09 1.4684E-09 1.5146E-09 1.5624E-09 1.6079E-09 1.6583E-09 1.7122E-09 1.7647E-09 1.8230E-09 1.8815E-09 1.9424E-09 2.0058E-09 2.0733E-09 2.1419E-09 2.2227E-09 2.3170E-09 2.4201E-09 2.5006E-09 2.5840E-09 2.6704E-09 2.7597E-09 2.8522E-09 2.9477E-09 3.0465E-09 3.1485E-09 3.2538E-09 3.3624E-09 3.4744E-09 3.5897E-09 3.7085E-09 3.8307E-09 3.9805E-09 4.1884E-09 4.4479E-09 4.6892E-09 4.9364E-09 5.1520E-09 5.3544E-09 5.5647E-09 5.7834E-09 6.0104E-09 6.2490E-09 6.4902E-09 6.7610E-09
9.9811E-10 1.0278E-09 1.0555E-09 1.0849E-09 1.1163E-09 1.1467E-09 1.1780E-09 1.2133E-09 1.2483E-09 1.2831E-09 1.3191E-09 1.3602E-09 1.4008E-09 1.4409E-09 1.4837E-09 1.5308E-09 1.5782E-09 1.6245E-09 1.6776E-09 1.7325E-09 1.7864E-09 1.8458E-09 1.9056E-09 1.9681E-09 2.0348E-09 2.1001E-09 2.1725E-09 2.2650E-09 2.3687E-09 2.4567E-09 2.5393E-09 2.6249E-09 2.7135E-09 2.8052E-09 2.9001E-09 2.9983E-09 3.0998E-09 3.2046E-09 3.3128E-09 3.4244E-09 3.5395E-09 3.6581E-09 3.7802E-09 3.9058E-09 4.1188E-09 4.3521E-09 4.6144E-09 4.8673E-09 5.0900E-09 5.2929E-09 5.5041E-09 5.7240E-09 5.9526E-09 6.1902E-09 6.4369E-09 6.6928E-09 7.0040E-09
1.0063E-09 1.0348E-09 1.0626E-09 1.0935E-09 1.1243E-09 1.1551E-09 1.1876E-09 1.2233E-09 1.2582E-09 1.2936E-09 1.3321E-09 1.3729E-09 1.4133E-09 1.4540E-09 1.4989E-09 1.5468E-09 1.5938E-09 1.6444E-09 1.6984E-09 1.7512E-09 1.8080E-09 1.8687E-09 1.9280E-09 1.9939E-09 2.0620E-09 2.1291E-09 2.2032E-09 2.3076E-09 2.4117E-09 2.4934E-09 2.5781E-09 2.6658E-09 2.7567E-09 2.8508E-09 2.9482E-09 3.0490E-09 3.1531E-09 3.2607E-09 3.3718E-09 3.4865E-09 3.6047E-09 3.7265E-09 3.8520E-09 4.0143E-09 4.2685E-09 4.5124E-09 4.7857E-09 5.0215E-09 5.2244E-09 5.4360E-09 5.6564E-09 5.8859E-09 6.1248E-09 6.3732E-09 6.6314E-09 6.9098E-09 7.2661E-09
1.0139E-09 1.0415E-09 1.0696E-09 1.1014E-09 1.1321E-09 1.1633E-09 1.1977E-09 1.2333E-09 1.2680E-09 1.3039E-09 1.3440E-09 1.3854E-09 1.4255E-09 1.4669E-09 1.5154E-09 1.5628E-09 1.6093E-09 1.6625E-09 1.7175E-09 1.7698E-09 1.8313E-09 1.8915E-09 1.9524E-09 2.0196E-09 2.0874E-09 2.1583E-09 2.2532E-09 2.3486E-09 2.4465E-09 2.5301E-09 2.6169E-09 2.7068E-09 2.8000E-09 2.8965E-09 2.9964E-09 3.0997E-09 3.2065E-09 3.3169E-09 3.4309E-09 3.5485E-09 3.6699E-09 3.7949E-09 3.9237E-09 4.1505E-09 4.4219E-09 4.6770E-09 4.9401E-09 5.1494E-09 5.3606E-09 5.5810E-09 5.8109E-09 6.0504E-09 6.2998E-09 6.5594E-09 6.8344E-09 7.1505E-09 7.5599E-09
1.0204E-09 1.0480E-09 1.0775E-09 1.1092E-09 1.1398E-09 1.1715E-09 1.2070E-09 1.2424E-09 1.2777E-09 1.3141E-09 1.3557E-09 1.3969E-09 1.4377E-09 1.4812E-09 1.5304E-09 1.5774E-09 1.6264E-09 1.6805E-09 1.7351E-09 1.7920E-09 1.8529E-09 1.9126E-09 1.9787E-09 2.0455E-09 2.1128E-09 2.1895E-09 2.2941E-09 2.3987E-09 2.4813E-09 2.5669E-09 2.6558E-09 2.7479E-09 2.8433E-09 2.9421E-09 3.0445E-09 3.1504E-09 3.2599E-09 3.3730E-09 3.4898E-09 3.6104E-09 3.7348E-09 3.8630E-09 4.0458E-09 4.3132E-09 4.5792E-09 4.8457E-09 5.0683E-09 5.2787E-09 5.4985E-09 5.7280E-09 5.9674E-09 6.2171E-09 6.4773E-09 6.7483E-09 7.0507E-09 7.4150E-09 7.8973E-09
1.0265E-09 1.0543E-09 1.0854E-09 1.1164E-09 1.1474E-09 1.1801E-09 1.2162E-09 1.2514E-09 1.2872E-09 1.3261E-09 1.3674E-09 1.4083E-09 1.4497E-09 1.4967E-09 1.5454E-09 1.5919E-09 1.6434E-09 1.6986E-09 1.7526E-09 1.8124E-09 1.8745E-09 1.9337E-09 2.0032E-09 2.0713E-09 2.1426E-09 2.2283E-09 2.3332E-09 2.4316E-09 2.5161E-09 2.6037E-09 2.6946E-09 2.7888E-09 2.8865E-09 2.9877E-09 3.0925E-09 3.2009E-09 3.3130E-09 3.4288E-09 3.5485E-09 3.6720E-09 3.7995E-09 3.9308E-09 4.1786E-09 4.4633E-09 4.7403E-09 4.9817E-09 5.1907E-09 5.4093E-09 5.6377E-09 5.8764E-09 6.1257E-09 6.3858E-09 6.6571E-09 6.9448E-09 7.2623E-09 7.7050E-09 8.2679E-09
1.0324E-09 1.0606E-09 1.0925E-09 1.1234E-09 1.1548E-09 1.1887E-09 1.2253E-09 1.2603E-09 1.2966E-09 1.3370E-09 1.3790E-09 1.4197E-09 1.4617E-09 1.5108E-09 1.5590E-09 1.6064E-09 1.6605E-09 1.7166E-09 1.7701E-09 1.8329E-09 1.8945E-09 1.9588E-09 2.0277E-09 2.0953E-09 2.1703E-09 2.2674E-09 2.3727E-09 2.4644E-09 2.5508E-09 2.6404E-09 2.7333E-09 2.8297E-09 2.9296E-09 3.0331E-09 3.1402E-09 3.2511E-09 3.3658E-09 3.4843E-09 3.6068E-09 3.7332E-09 3.8637E-09 4.0575E-09 4.3141E-09 4.6168E-09 4.8833E-09 5.0972E-09 5.3140E-09 5.5408E-09 5.7782E-09 6.0263E-09 6.2856E-09 6.5563E-09 6.8412E-09 7.1525E-09 7.5072E-09 8.0131E-09 8.6527E-09
1.0382E-09 1.0673E-09 1.0996E-09 1.1304E-09 1.1621E-09 1.1979E-09 1.2336E-09 1.2691E-09 1.3059E-09 1.3480E-09 1.3897E-09 1.4309E-09 1.4750E-09 1.5249E-09 1.5727E-09 1.6225E-09 1.6791E-09 1.7332E-09 1.7912E-09 1.8534E-09 1.9144E-09 1.9820E-09 2.0522E-09 2.1193E-09 2.1979E-09 2.3048E-09 2.4123E-09 2.4972E-09 2.5853E-09 2.6769E-09 2.7718E-09 2.8703E-09 2.9723E-09 3.0781E-09 3.1876E-09 3.3009E-09 3.4182E-09 3.5394E-09 3.6646E-09 3.7939E-09 3.9273E-09 4.1862E-09 4.4902E-09 4.7806E-09 4.9987E-09 5.2132E-09 5.4379E-09 5.6732E-09 5.9196E-09 6.1772E-09 6.4467E-09 6.7285E-09 7.0350E-09 7.3685E-09 7.7701E-09 8.3603E-09 9.0420E-09
1.0439E-09 1.0744E-09 1.1061E-09 1.1372E-09 1.1694E-09 1.2064E-09 1.2419E-09 1.2779E-09 1.3161E-09 1.3598E-09 1.4002E-09 1.4421E-09 1.4896E-09 1.5390E-09 1.5863E-09 1.6386E-09 1.6962E-09 1.7497E-09 1.8106E-09 1.8739E-09 1.9343E-09 2.0052E-09 2.0748E-09 2.1477E-09 2.2256E-09 2.3511E-09 2.4431E-09 2.5297E-09 2.6197E-09 2.7131E-09 2.8100E-09 2.9105E-09 3.0147E-09 3.1227E-09 3.2345E-09 3.3503E-09 3.4701E-09 3.5939E-09 3.7218E-09 3.8540E-09 4.0497E-09 4.3322E-09 4.6461E-09 4.8891E-09 5.1076E-09 5.3296E-09 5.5623E-09 5.8062E-09 6.0616E-09 6.3290E-09 6.6088E-09 6.9082E-09 7.2389E-09 7.5849E-09 8.0651E-09 8.7088E-09 9.4472E-09
1.0495E-09 1.0809E-09 1.1125E-09 1.1440E-09 1.1766E-09 1.2148E-09 1.2501E-09 1.2866E-09 1.3264E-09 1.3697E-09 1.4108E-09 1.4533E-09 1.5030E-09 1.5519E-09 1.5999E-09 1.6563E-09 1.7118E-09 1.7661E-09 1.8299E-09 1.8927E-09 1.9562E-09 2.0301E-09 2.0973E-09 2.1737E-09 2.2725E-09 2.3886E-09 2.4736E-09 2.5619E-09 2.6537E-09 2.7490E-09 2.8478E-09 2.9504E-09 3.0567E-09 3.1669E-09 3.2810E-09 3.3991E-09 3.5214E-09 3.6478E-09 3.7784E-09 3.9133E-09 4.1816E-09 4.4732E-09 4.7760E-09 4.9978E-09 5.2166E-09 5.4462E-09 5.6870E-09 5.9395E-09 6.2041E-09 6.4814E-09 6.7736E-09 7.0972E-09 7.4461E-09 7.8113E-09 8.3715E-09 9.0598E-09 9.8793E-09
1.0551E-09 1.0880E-09 1.1188E-09 1.1507E-09 1.1859E-09 1.2225E-09 1.2583E-09 1.2953E-09 1.3376E-09 1.3797E-09 1.4214E-09 1.4645E-09 1.5176E-09 1.5647E-09 1.6135E-09 1.6725E-09 1.7273E-09 1.7844E-09 1.8510E-09 1.9113E-09 1.9800E-09 2.0513E-09 2.1197E-09 2.2016E-09 2.3078E-09 2.4172E-09 2.5038E-09 2.5938E-09 2.6873E-09 2.7844E-09 2.8852E-09 2.9897E-09 3.0981E-09 3.2104E-09 3.3268E-09 3.4473E-09 3.5719E-09 3.7009E-09 3.8342E-09 4.0227E-09 4.3223E-09 4.6312E-09 4.8776E-09 5.0996E-09 5.3255E-09 5.5627E-09 5.8117E-09 6.0729E-09 6.3468E-09 6.6341E-09 6.9469E-09 7.2929E-09 7.6539E-09 8.0361E-09 8.6946E-09 9.4080E-09 1.0293E-08
1.0606E-09 1.0939E-09 1.1251E-09 1.1574E-09 1.1938E-09 1.2302E-09 1.2664E-09 1.3039E-09 1.3488E-09 1.3896E-09 1.4319E-09 1.4785E-09 1.5297E-09 1.5775E-09 1.6287E-09 1.6886E-09 1.7428E-09 1.8044E-09 1.8685E-09 1.9299E-09 2.0016E-09 2.0723E-09 2.1440E-09 2.2273E-09 2.3520E-09 2.4455E-09 2.5337E-09 2.6253E-09 2.7206E-09 2.8194E-09 2.9220E-09 3.0285E-09 3.1389E-09 3.2534E-09 3.3720E-09 3.4947E-09 3.6218E-09 3.7532E-09 3.8891E-09 4.1412E-09 4.4646E-09 4.7549E-09 4.9793E-09 5.2010E-09 5.4341E-09 5.6789E-09 5.9362E-09 6.2062E-09 6.4896E-09 6.7907E-09 7.1287E-09 7.4895E-09 7.8572E-09 8.2946E-09 8.9938E-09 9.7755E-09 1.0688E-08
1.0666E-09 1.0998E-09 1.1314E-09 1.1641E-09 1.2024E-09 1.2378E-09 1.2746E-09 1.3126E-09 1.3582E-09 1.3996E-09 1.4424E-09 1.4924E-09 1.5417E-09 1.5902E-09 1.6455E-09 1.7031E-09 1.7581E-09 1.8225E-09 1.8859E-09 1.9482E-09 2.0249E-09 2.0930E-09 2.1702E-09 2.2604E-09 2.3871E-09 2.4734E-09 2.5631E-09 2.6564E-09 2.7533E-09 2.8539E-09 2.9583E-09 3.0667E-09 3.1791E-09 3.2957E-09 3.4164E-09 3.5414E-09 3.6708E-09 3.8047E-09 3.9770E-09 4.2846E-09 4.6015E-09 4.8494E-09 5.0735E-09 5.3020E-09 5.5423E-09 5.7949E-09 6.0603E-09 6.3393E-09 6.6321E-09 6.9556E-09 7.3140E-09 7.6825E-09 8.0492E-09 8.5697E-09 9.2934E-09 1.0142E-08 1.1067E-08
1.0738E-09 1.1057E-09 1.1377E-09 1.1708E-09 1.2096E-09 1.2455E-09 1.2827E-09 1.3233E-09 1.3675E-09 1.4095E-09 1.4529E-09 1.5049E-09 1.5537E-09 1.6029E-09 1.6622E-09 1.7175E-09 1.7733E-09 1.8421E-09 1.9031E-09 1.9703E-09 2.0443E-09 2.1134E-09 2.1941E-09 2.3027E-09 2.4131E-09 2.5009E-09 2.5921E-09 2.6869E-09 2.7854E-09 2.8878E-09 2.9940E-09 3.1043E-09 3.2186E-09 3.3372E-09 3.4600E-09 3.5873E-09 3.7190E-09 3.8552E-09 4.0820E-09 4.4056E-09 4.7110E-09 4.9437E-09 5.1671E-09 5.4024E-09 5.6499E-09 5.9103E-09 6.1841E-09 6.4719E-09 6.7791E-09 7.1283E-09 7.4973E-09 7.8353E-09 8.2609E-09 8.8529E-09 9.5956E-09 1.0497E-08 1.1440E-08
1.0804E-09 1.1116E-09 1.1440E-09 1.1775E-09 1.2168E-09 1.2532E-09 1.2909E-09 1.3339E-09 1.3768E-09 1.4193E-09 1.4633E-09 1.5174E-09 1.5655E-09 1.6154E-09 1.6771E-09 1.7317E-09 1.7900E-09 1.8581E-09 1.9200E-09 1.9921E-09 2.0634E-09 2.1335E-09 2.2196E-09 2.3444E-09 2.4387E-09 2.5279E-09 2.6206E-09 2.7169E-09 2.8170E-09 2.9211E-09 3.0290E-09 3.1411E-09 3.2574E-09 3.3779E-09 3.5029E-09 3.6322E-09 3.7662E-09 3.9215E-09 4.2037E-09 4.5502E-09 4.7983E-09 5.0304E-09 5.2602E-09 5.5022E-09 5.7571E-09 6.0253E-09 6.3075E-09 6.6042E-09 6.9344E-09 7.3024E-09 7.6760E-09 8.0586E-09 8.4713E-09 9.1225E-09 9.9056E-09 1.0825E-08 1.1801E-08
1.0859E-09 1.1175E-09 1.1503E-09 1.1871E-09 1.2239E-09 1.2608E-09 1.2989E-09 1.3444E-09 1.3859E-09 1.4290E-09 1.4736E-09 1.5285E-09 1.5772E-09 1.6277E-09 1.6904E-09 1.7457E-09 1.8084E-09 1.8739E-09 1.9366E-09 2.0117E-09 2.0822E-09 2.1555E-09 2.2407E-09 2.3768E-09 2.4638E-09 2.5544E-09 2.6485E-09 2.7463E-09 2.8480E-09 2.9537E-09 3.0634E-09 3.1773E-09 3.2954E-09 3.4179E-09 3.5449E-09 3.6764E-09 3.8125E-09 4.0128E-09 4.3492E-09 4.6380E-09 4.8854E-09 5.1166E-09 5.3529E-09 5.6017E-09 5.8638E-09 6.1398E-09 6.4308E-09 6.7407E-09 7.0978E-09 7.4726E-09 7.8500E-09 8.2479E-09 8.6945E-09 9.3813E-09 1.0206E-08 1.1145E-08 1.2151E-08
1.0914E-09 1.1234E-09 1.1565E-09 1.1951E-09 1.2310E-09 1.2683E-09 1.3069E-09 1.3530E-09 1.3950E-09 1.4386E-09 1.4879E-09 1.5393E-09 1.5887E-09 1.6448E-09 1.7034E-09 1.7594E-09 1.8265E-09 1.8894E-09 1.9530E-09 2.0311E-09 2.1006E-09 2.1793E-09 2.2614E-09 2.4002E-09 2.4885E-09 2.5803E-09 2.6759E-09 2.7752E-09 2.8784E-09 2.9857E-09 3.0970E-09 3.2127E-09 3.3327E-09 3.4570E-09 3.5860E-09 3.7197E-09 3.8582E-09 4.1210E-09 4.4731E-09 4.7337E-09 4.9725E-09 5.2025E-09 5.4450E-09 5.7011E-09 5.9708E-09 6.2548E-09 6.5538E-09 6.8857E-09 7.2607E-09 7.6373E-09 8.0240E-09 8.4331E-09 8.9171E-09 9.6386E-09 1.0487E-08 1.1449E-08 1.2494E-08
1.0969E-09 1.1292E-09 1.1626E-09 1.2017E-09 1.2381E-09 1.2757E-09 1.3148E-09 1.3614E-09 1.4040E-09 1.4480E-09 1.5019E-09 1.5501E-09 1.6000E-09 1.6600E-09 1.7162E-09 1.7729E-09 1.8426E-09 1.9047E-09 1.9690E-09 2.0482E-09 2.1186E-09 2.2027E-09 2.3105E-09 2.4230E-09 2.5126E-09 2.6058E-09 2.7027E-09 2.8034E-09 2.9082E-09 3.0170E-09 3.1300E-09 3.2474E-09 3.3692E-09 3.4957E-09 3.6268E-09 3.7628E-09 3.9205E-09 4.2384E-09 4.5615E-09 4.8144E-09 5.0524E-09 5.2886E-09 5.5376E-09 5.8001E-09 6.0773E-09 6.3693E-09 6.6782E-09 7.0382E-09 7.4172E-09 7.7978E-09 8.1984E-09 8.6170E-09 9.1435E-09 9.8813E-09 1.0761E-08 1.1717E-08 1.3067E-08
1.1022E-09 1.1349E-09 1.1687E-09 1.2082E-09 1.2450E-09 1.2831E-09 1.3225E-09 1.3697E-09 1.4127E-09 1.4573E-09 1.5119E-09 1.5606E-09 1.6111E-09 1.6735E-09 1.7288E-09 1.7861E-09 1.8568E-09 1.9196E-09 1.9907E-09 2.0650E-09 2.1363E-09 2.2236E-09 2.3494E-09 2.4454E-09 2.5362E-09 2.6307E-09 2.7289E-09 2.8311E-09 2.9374E-09 3.0478E-09 3.1626E-09 3.2819E-09 3.4058E-09 3.5343E-09 3.6675E-09 3.8055E-09 4.0083E-09 4.3416E-09 4.6361E-09 4.9028E-09 5.1320E-09 5.3743E-09 5.6297E-09 5.8991E-09 6.1831E-09 6.4827E-09 6.8093E-09 7.1891E-09 7.5679E-09 7.9556E-09 8.3723E-09 8.8062E-09 9.3614E-09 1.0112E-08 1.1016E-08 1.1985E-08 1.3446E-08
