Assets/Resources/2015_m01_d26_0800(utc+0800)_l00_csi_1hr_conc.grd
DSAA
         159         159
     -79.000      79.000
     -79.000      79.000
  0.0000E+00  0.1029E-04
[rows 25 to 49 of 159, columns 0 to 56 of 159]
5.1961E-10 5.4977E-10 5.7759E-10 6.0655E-10 6.3667E-10 6.7096E-10 7.0377E-10 7.5681E-10 7.9401E-10 8.5199E-10 8.9402E-10 9.5416E-10 1.0046E-09 1.0639E-09 1.1359E-09 1.2035E-09 1.2844E-09 1.3505E-09 1.4376E-09 1.5216E-09 1.5998E-09 1.6916E-09 1.7781E-09 1.8802E-09 1.9759E-09 2.0798E-09 2.1970E-09 2.3287E-09 2.4537E-09 2.5936E-09 2.7415E-09 2.8882E-09 3.0610E-09 3.2255E-09 3.3993E-09 3.6040E-09 3.8021E-09 4.0113E-09 4.2514E-09 4.4819E-09 4.7265E-09 5.0020E-09 5.2705E-09 5.5514E-09 5.8424E-09 6.1432E-09 6.4536E-09 6.7730E-09 7.1003E-09 7.4344E-09 7.7744E-09 8.1191E-09 8.4665E-09 8.8146E-09 9.1615E-09 9.5057E-09 9.8441E-09
5.2734E-10 5.5656E-10 5.8478E-10 6.1415E-10 6.4471E-10 6.7952E-10 7.1282E-10 7.6677E-10 8.0454E-10 8.6358E-10 9.0628E-10 9.7081E-10 1.0189E-09 1.0893E-09 1.1531E-09 1.2289E-09 1.3052E-09 1.3828E-09 1.4711E-09 1.5475E-09 1.6273E-09 1.7214E-09 1.8098E-09 1.9148E-09 2.0129E-09 2.1295E-09 2.2488E-09 2.3766E-09 2.5058E-09 2.6585E-09 2.8041E-09 2.9652E-09 3.1358E-09 3.3082E-09 3.5068E-09 3.7028E-09 3.9111E-09 4.1489E-09 4.3828E-09 4.6264E-09 4.9053E-09 5.1762E-09 5.4610E-09 5.7577E-09 6.0656E-09 6.3846E-09 6.7150E-09 7.0559E-09 7.4057E-09 7.7632E-09 8.1280E-09 8.4981E-09 8.8711E-09 9.2462E-09 9.6207E-09 9.9923E-09 1.0358E-08
5.3565E-10 5.6311E-10 5.9172E-10 6.2150E-10 6.5249E-10 6.8779E-10 7.3072E-10 7.7639E-10 8.2409E-10 8.7478E-10 9.2129E-10 9.8384E-10 1.0359E-09 1.1045E-09 1.1698E-09 1.2506E-09 1.3251E-09 1.4113E-09 1.4948E-09 1.5726E-09 1.6641E-09 1.7504E-09 1.8502E-09 1.9483E-09 2.0486E-09 2.1685E-09 2.3001E-09 2.4238E-09 2.5655E-09 2.7142E-09 2.8655E-09 3.0411E-09 3.2102E-09 3.3988E-09 3.5955E-09 3.8022E-09 4.0287E-09 4.2678E-09 4.5155E-09 4.7813E-09 5.0660E-09 5.3529E-09 5.6536E-09 5.9665E-09 6.2919E-09 6.6307E-09 6.9821E-09 7.3451E-09 7.7189E-09 8.1020E-09 8.4924E-09 8.8890E-09 9.2905E-09 9.6945E-09 1.0098E-08 1.0497E-08 1.0891E-08
5.4159E-10 5.6941E-10 5.9840E-10 6.2857E-10 6.5996E-10 6.9575E-10 7.3930E-10 7.8564E-10 8.3408E-10 8.8555E-10 9.3932E-10 9.9639E-10 1.0560E-09 1.1277E-09 1.1893E-09 1.2683E-09 1.3443E-09 1.4323E-09 1.5175E-09 1.5969E-09 1.6903E-09 1.7784E-09 1.8809E-09 1.9809E-09 2.0932E-09 2.2063E-09 2.3422E-09 2.4697E-09 2.6238E-09 2.7689E-09 2.9346E-09 3.1073E-09 3.2832E-09 3.4876E-09 3.6846E-09 3.9102E-09 4.1455E-09 4.3877E-09 4.6587E-09 4.9371E-09 5.2280E-09 5.5311E-09 5.8470E-09 6.1766E-09 6.5214E-09 6.8808E-09 7.2540E-09 7.6403E-09 8.0382E-09 8.4460E-09 8.8633E-09 9.2889E-09 9.7198E-09 1.0152E-08 1.0584E-08 1.1015E-08 1.1440E-08
5.4729E-10 5.7545E-10 6.0479E-10 6.3534E-10 6.6713E-10 7.0338E-10 7.5367E-10 7.9451E-10 8.4997E-10 8.9588E-10 9.5694E-10 1.0084E-09 1.0756E-09 1.1423E-09 1.2116E-09 1.2947E-09 1.3732E-09 1.4619E-09 1.5395E-09 1.6202E-09 1.7157E-09 1.8054E-09 1.9101E-09 2.0123E-09 2.1274E-09 2.2522E-09 2.3831E-09 2.5138E-09 2.6722E-09 2.8227E-09 3.0022E-09 3.1723E-09 3.3639E-09 3.5662E-09 3.7725E-09 4.0160E-09 4.2528E-09 4.5075E-09 4.8009E-09 5.0837E-09 5.3905E-09 5.7080E-09 6.0405E-09 6.3886E-09 6.7535E-09 7.1341E-09 7.5299E-09 7.9397E-09 8.3620E-09 8.7975E-09 9.2442E-09 9.6986E-09 1.0158E-08 1.0621E-08 1.1087E-08 1.1550E-08 1.2008E-08
5.5271E-10 5.8121E-10 6.1090E-10 6.4181E-10 6.7398E-10 7.1067E-10 7.6468E-10 8.0298E-10 8.6237E-10 9.0573E-10 9.7095E-10 1.0199E-09 1.0914E-09 1.1562E-09 1.2368E-09 1.3115E-09 1.3980E-09 1.4819E-09 1.5603E-09 1.6526E-09 1.7399E-09 1.8411E-09 1.9382E-09 2.0423E-09 2.1601E-09 2.2965E-09 2.4227E-09 2.5655E-09 2.7193E-09 2.8836E-09 3.0592E-09 3.2358E-09 3.4427E-09 3.6436E-09 3.8680E-09 4.1108E-09 4.3596E-09 4.6362E-09 4.9327E-09 5.2302E-09 5.5509E-09 5.8834E-09 6.2339E-09 6.6017E-09 6.9869E-09 7.3891E-09 7.8076E-09 8.2416E-09 8.6929E-09 9.1581E-09 9.6336E-09 1.0117E-08 1.0611E-08 1.1109E-08 1.1609E-08 1.2105E-08 1.2598E-08
5.5787E-10 5.8668E-10 6.1670E-10 6.4796E-10 6.8348E-10 7.1760E-10 7.7228E-10 8.1102E-10 8.7121E-10 9.1509E-10 9.8126E-10 1.0308E-09 1.1034E-09 1.1694E-09 1.2514E-09 1.3273E-09 1.4153E-09 1.5007E-09 1.5803E-09 1.6744E-09 1.7630E-09 1.8665E-09 1.9650E-09 2.0815E-09 2.1913E-09 2.3313E-09 2.4604E-09 2.6155E-09 2.7647E-09 2.9424E-09 3.1147E-09 3.3066E-09 3.5103E-09 3.7193E-09 3.9609E-09 4.2045E-09 4.4750E-09 4.7631E-09 5.0637E-09 5.3744E-09 5.7092E-09 6.0576E-09 6.4264E-09 6.8147E-09 7.2199E-09 7.6442E-09 8.0864E-09 8.5482E-09 9.0271E-09 9.5194E-09 1.0024E-08 1.0543E-08 1.1070E-08 1.1601E-08 1.2136E-08 1.2671E-08 1.3202E-08
5.6274E-10 5.9185E-10 6.2219E-10 6.5378E-10 6.8967E-10 7.2415E-10 7.7946E-10 8.2172E-10 8.7957E-10 9.2713E-10 9.9100E-10 1.0511E-09 1.1148E-09 1.1921E-09 1.2652E-09 1.3456E-09 1.4317E-09 1.5185E-09 1.5993E-09 1.6950E-09 1.7850E-09 1.8903E-09 1.9904E-09 2.1093E-09 2.2210E-09 2.3645E-09 2.4961E-09 2.6549E-09 2.8082E-09 2.9904E-09 3.1681E-09 3.3749E-09 3.5762E-09 3.8025E-09 4.0421E-09 4.2961E-09 4.5873E-09 4.8779E-09 5.1928E-09 5.5151E-09 5.8645E-09 6.2300E-09 6.6166E-09 7.0253E-09 7.4518E-09 7.8983E-09 8.3665E-09 8.8552E-09 9.3608E-09 9.8821E-09 1.0421E-08 1.0973E-08 1.1533E-08 1.2102E-08 1.2676E-08 1.3250E-08 1.3821E-08
5.6732E-10 5.9671E-10 6.2734E-10 6.5924E-10 6.9549E-10 7.3032E-10 7.8622E-10 8.3525E-10 8.8742E-10 9.4207E-10 1.0002E-09 1.0610E-09 1.1255E-09 1.2041E-09 1.2781E-09 1.3669E-09 1.4564E-09 1.5353E-09 1.6266E-09 1.7144E-09 1.8056E-09 1.9128E-09 2.0143E-09 2.1355E-09 2.2581E-09 2.3955E-09 2.5393E-09 2.6921E-09 2.8588E-09 3.0360E-09 3.2191E-09 3.4315E-09 3.6397E-09 3.8825E-09 4.1210E-09 4.3955E-09 4.6867E-09 4.9900E-09 5.3176E-09 5.6517E-09 6.0169E-09 6.3991E-09 6.8034E-09 7.2333E-09 7.6804E-09 8.1511E-09 8.6455E-09 9.1597E-09 9.6929E-09 1.0248E-08 1.0819E-08 1.1405E-08 1.2004E-08 1.2614E-08 1.3228E-08 1.3843E-08 1.4454E-08
5.7159E-10 6.0124E-10 6.3216E-10 6.6435E-10 7.0094E-10 7.3912E-10 7.9251E-10 8.4204E-10 8.9475E-10 9.5642E-10 1.0087E-09 1.0768E-09 1.1442E-09 1.2254E-09 1.2995E-09 1.3871E-09 1.4713E-09 1.5507E-09 1.6439E-09 1.7322E-09 1.8351E-09 1.9336E-09 2.0470E-09 2.1599E-09 2.2931E-09 2.4248E-09 2.5800E-09 2.7274E-09 2.8977E-09 3.0794E-09 3.2773E-09 3.4854E-09 3.6998E-09 3.9499E-09 4.1969E-09 4.4909E-09 4.7828E-09 5.0982E-09 5.4376E-09 5.7837E-09 6.1652E-09 6.5635E-09 6.9860E-09 7.4364E-09 7.9047E-09 8.4011E-09 8.9197E-09 9.4596E-09 1.0026E-08 1.0612E-08 1.1217E-08 1.1840E-08 1.2478E-08 1.3127E-08 1.3781E-08 1.4438E-08 1.5096E-08
5.7554E-10 6.0545E-10 6.3663E-10 6.6909E-10 7.0598E-10 7.5071E-10 7.9835E-10 8.4833E-10 9.0152E-10 9.6702E-10 1.0166E-09 1.0888E-09 1.1537E-09 1.2357E-09 1.3111E-09 1.3994E-09 1.4851E-09 1.5649E-09 1.6597E-09 1.7488E-09 1.8535E-09 1.9529E-09 2.0684E-09 2.1825E-09 2.3180E-09 2.4520E-09 2.6099E-09 2.7603E-09 2.9434E-09 3.1201E-09 3.3322E-09 3.5364E-09 3.7669E-09 4.0136E-09 4.2685E-09 4.5723E-09 4.8750E-09 5.2006E-09 5.5516E-09 5.9110E-09 6.3079E-09 6.7219E-09 7.1631E-09 7.6334E-09 8.1240E-09 8.6447E-09 9.1869E-09 9.7578E-09 1.0354E-08 1.0972E-08 1.1613E-08 1.2274E-08 1.2951E-08 1.3639E-08 1.4341E-08 1.5049E-08 1.5758E-08
5.7917E-10 6.0931E-10 6.4072E-10 6.7345E-10 7.1062E-10 7.5569E-10 8.0371E-10 8.6043E-10 9.0774E-10 9.7386E-10 1.0238E-09 1.0968E-09 1.1624E-09 1.2452E-09 1.3216E-09 1.4107E-09 1.4974E-09 1.5781E-09 1.6740E-09 1.7640E-09 1.8701E-09 1.9706E-09 2.0878E-09 2.2033E-09 2.3408E-09 2.4766E-09 2.6376E-09 2.7904E-09 2.9774E-09 3.1576E-09 3.3745E-09 3.5836E-09 3.8299E-09 4.0735E-09 4.3470E-09 4.6489E-09 4.9617E-09 5.2968E-09 5.6598E-09 6.0320E-09 6.4435E-09 6.8739E-09 7.3328E-09 7.8236E-09 8.3363E-09 8.8795E-09 9.4490E-09 1.0049E-08 1.0674E-08 1.1327E-08 1.2004E-08 1.2703E-08 1.3419E-08 1.4156E-08 1.4905E-08 1.5659E-08 1.6408E-08
5.8246E-10 6.1281E-10 6.4446E-10 6.7741E-10 7.1484E-10 7.6022E-10 8.0857E-10 8.6886E-10 9.1338E-10 9.8005E-10 1.0304E-09 1.1040E-09 1.1736E-09 1.2537E-09 1.3415E-09 1.4210E-09 1.5086E-09 1.5899E-09 1.6868E-09 1.7777E-09 1.8850E-09 1.9866E-09 2.1053E-09 2.2221E-09 2.3613E-09 2.4990E-09 2.6625E-09 2.8177E-09 3.0078E-09 3.1914E-09 3.4128E-09 3.6267E-09 3.8789E-09 4.1287E-09 4.4202E-09 4.7204E-09 5.0420E-09 5.3862E-09 5.7614E-09 6.1456E-09 6.5711E-09 7.0174E-09 7.4932E-09 8.0056E-09 8.5384E-09 9.1051E-09 9.7025E-09 1.0330E-08 1.0987E-08 1.1673E-08 1.2386E-08 1.3124E-08 1.3886E-08 1.4669E-08 1.5461E-08 1.6259E-08 1.7067E-08
5.8542E-10 6.1596E-10 6.4780E-10 6.8097E-10 7.1863E-10 7.6429E-10 8.1293E-10 8.7361E-10 9.1842E-10 9.8558E-10 1.0362E-09 1.1104E-09 1.1874E-09 1.2612E-09 1.3499E-09 1.4300E-09 1.5184E-09 1.6003E-09 1.6982E-09 1.7997E-09 1.8983E-09 2.0110E-09 2.1208E-09 2.2389E-09 2.3794E-09 2.5189E-09 2.6843E-09 2.8516E-09 3.0348E-09 3.2320E-09 3.4474E-09 3.6759E-09 3.9226E-09 4.1894E-09 4.4775E-09 4.7857E-09 5.1160E-09 5.4691E-09 5.8561E-09 6.2509E-09 6.6905E-09 7.1518E-09 7.6451E-09 8.1774E-09 8.7283E-09 9.3215E-09 9.9450E-09 1.0598E-08 1.1287E-08 1.2008E-08 1.2757E-08 1.3538E-08 1.4345E-08 1.5168E-08 1.6009E-08 1.6868E-08 1.7734E-08
5.8801E-10 6.1873E-10 6.5076E-10 6.8412E-10 7.2198E-10 7.6788E-10 8.1678E-10 8.7779E-10 9.2279E-10 9.9029E-10 1.0512E-09 1.1159E-09 1.1935E-09 1.2676E-09 1.3641E-09 1.4377E-09 1.5268E-09 1.6188E-09 1.7078E-09 1.8105E-09 1.9094E-09 2.0238E-09 2.1340E-09 2.2534E-09 2.3949E-09 2.5452E-09 2.7031E-09 2.8725E-09 3.0585E-09 3.2678E-09 3.4772E-09 3.7199E-09 3.9616E-09 4.2339E-09 4.5285E-09 4.8440E-09 5.1801E-09 5.5415E-09 5.9393E-09 6.3441E-09 6.7977E-09 7.2727E-09 7.7836E-09 8.3335E-09 8.9062E-09 9.5242E-09 1.0169E-08 1.0853E-08 1.1574E-08 1.2326E-08 1.3117E-08 1.3940E-08 1.4785E-08 1.5656E-08 1.6555E-08 1.7468E-08 1.8381E-08
5.9026E-10 6.2114E-10 6.5332E-10 6.8685E-10 7.2489E-10 7.7097E-10 8.2001E-10 8.8122E-10 9.2641E-10 9.9426E-10 1.0554E-09 1.1204E-09 1.2052E-09 1.2729E-09 1.3702E-09 1.4441E-09 1.5337E-09 1.6266E-09 1.7157E-09 1.8196E-09 1.9187E-09 2.0344E-09 2.1449E-09 2.2649E-09 2.4075E-09 2.5593E-09 2.7188E-09 2.8989E-09 3.0777E-09 3.2898E-09 3.5025E-09 3.7489E-09 3.9947E-09 4.2830E-09 4.5727E-09 4.8929E-09 5.2357E-09 5.6055E-09 6.0133E-09 6.4275E-09 6.8937E-09 7.3823E-09 7.9091E-09 8.4766E-09 9.0717E-09 9.7095E-09 1.0380E-08 1.1093E-08 1.1840E-08 1.2631E-08 1.3459E-08 1.4317E-08 1.5209E-08 1.6137E-08 1.7085E-08 1.8045E-08 1.9028E-08
5.9214E-10 6.2314E-10 6.5547E-10 6.8913E-10 7.2725E-10 7.7341E-10 8.2259E-10 8.8401E-10 9.2933E-10 9.9737E-10 1.0587E-09 1.1240E-09 1.2092E-09 1.2771E-09 1.3749E-09 1.4491E-09 1.5390E-09 1.6326E-09 1.7218E-09 1.8266E-09 1.9257E-09 2.0422E-09 2.1533E-09 2.2739E-09 2.4173E-09 2.5696E-09 2.7304E-09 2.9122E-09 3.0928E-09 3.3075E-09 3.5221E-09 3.7725E-09 4.0214E-09 4.3147E-09 4.6086E-09 4.9329E-09 5.2804E-09 5.6581E-09 6.0741E-09 6.4970E-09 6.9743E-09 7.4763E-09 8.0163E-09 8.6015E-09 9.2155E-09 9.8726E-09 1.0570E-08 1.1306E-08 1.2088E-08 1.2914E-08 1.3774E-08 1.4676E-08 1.5621E-08 1.6594E-08 1.7590E-08 1.8620E-08 1.9665E-08
5.9365E-10 6.2475E-10 6.5712E-10 6.9083E-10 7.2903E-10 7.7530E-10 8.2454E-10 8.8602E-10 9.3140E-10 9.9961E-10 1.0612E-09 1.1265E-09 1.2153E-09 1.2800E-09 1.3782E-09 1.4618E-09 1.5426E-09 1.6367E-09 1.7257E-09 1.8310E-09 1.9305E-09 2.0477E-09 2.1592E-09 2.2797E-09 2.4235E-09 2.5767E-09 2.7387E-09 2.9215E-09 3.1031E-09 3.3200E-09 3.5365E-09 3.7895E-09 4.0409E-09 4.3382E-09 4.6364E-09 4.9638E-09 5.3149E-09 5.6976E-09 6.1218E-09 6.5526E-09 7.0397E-09 7.5550E-09 8.1063E-09 8.7107E-09 9.3392E-09 1.0018E-08 1.0737E-08 1.1500E-08 1.2313E-08 1.3167E-08 1.4066E-08 1.5015E-08 1.6001E-08 1.7020E-08 1.8084E-08 1.9174E-08 2.0281E-08
5.9470E-10 6.2581E-10 6.5825E-10 6.9204E-10 7.3027E-10 7.7651E-10 8.2575E-10 8.8726E-10 9.3270E-10 1.0009E-09 1.0625E-09 1.1279E-09 1.2168E-09 1.2815E-09 1.3800E-09 1.4636E-09 1.5442E-09 1.6385E-09 1.7276E-09 1.8334E-09 1.9329E-09 2.0503E-09 2.1619E-09 2.2826E-09 2.4268E-09 2.5801E-09 2.7426E-09 2.9264E-09 3.1088E-09 3.3271E-09 3.5554E-09 3.7995E-09 4.0650E-09 4.3543E-09 4.6553E-09 4.9844E-09 5.3387E-09 5.7257E-09 6.1549E-09 6.5919E-09 7.0878E-09 7.6115E-09 8.1743E-09 8.7955E-09 9.4366E-09 1.0138E-08 1.0877E-08 1.1668E-08 1.2507E-08 1.3392E-08 1.4333E-08 1.5319E-08 1.6348E-08 1.7429E-08 1.8549E-08 1.9696E-08 2.0872E-08
5.9526E-10 6.2643E-10 6.5887E-10 6.9263E-10 7.3083E-10 7.7704E-10 8.2625E-10 8.8764E-10 9.3298E-10 1.0012E-09 1.0627E-09 1.1281E-09 1.2169E-09 1.2816E-09 1.3799E-09 1.4633E-09 1.5440E-09 1.6385E-09 1.7272E-09 1.8329E-09 1.9324E-09 2.0502E-09 2.1620E-09 2.2825E-09 2.4263E-09 2.5797E-09 2.7426E-09 2.9267E-09 3.1090E-09 3.3280E-09 3.5577E-09 3.8034E-09 4.0700E-09 4.3617E-09 4.6646E-09 4.9953E-09 5.3517E-09 5.7410E-09 6.1729E-09 6.6144E-09 7.1203E-09 7.6508E-09 8.2245E-09 8.8579E-09 9.5136E-09 1.0232E-08 1.0990E-08 1.1804E-08 1.2667E-08 1.3587E-08 1.4563E-08 1.5587E-08 1.6669E-08 1.7801E-08 1.8974E-08 2.0189E-08 2.1438E-08
5.9536E-10 6.2647E-10 6.5888E-10 6.9262E-10 7.3077E-10 7.7681E-10 8.2583E-10 8.8709E-10 9.3231E-10 1.0003E-09 1.0617E-09 1.1269E-09 1.2152E-09 1.2798E-09 1.3780E-09 1.4612E-09 1.5417E-09 1.6358E-09 1.7243E-09 1.8302E-09 1.9295E-09 2.0471E-09 2.1587E-09 2.2792E-09 2.4225E-09 2.5755E-09 2.7378E-09 2.9216E-09 3.1042E-09 3.3237E-09 3.5535E-09 3.7996E-09 4.0782E-09 4.3610E-09 4.6647E-09 4.9953E-09 5.3530E-09 5.7432E-09 6.1766E-09 6.6210E-09 7.1305E-09 7.6656E-09 8.2495E-09 8.8921E-09 9.5613E-09 1.0294E-08 1.1074E-08 1.1907E-08 1.2795E-08 1.3746E-08 1.4753E-08 1.5819E-08 1.6948E-08 1.8130E-08 1.9362E-08 2.0645E-08 2.1967E-08
5.9491E-10 6.2597E-10 6.5830E-10 6.9189E-10 7.2986E-10 7.6647E-10 8.2455E-10 8.8551E-10 9.3054E-10 9.9823E-10 1.0592E-09 1.1241E-09 1.2120E-09 1.2765E-09 1.3742E-09 1.4475E-09 1.5370E-09 1.6309E-09 1.7192E-09 1.8247E-09 1.9338E-09 2.0411E-09 2.1529E-09 2.2731E-09 2.4145E-09 2.5573E-09 2.7287E-09 2.9121E-09 3.0942E-09 3.3129E-09 3.5426E-09 3.7892E-09 4.0680E-09 4.3506E-09 4.6547E-09 4.9851E-09 5.3424E-09 5.7324E-09 6.1660E-09 6.6111E-09 7.1224E-09 7.6612E-09 8.2532E-09 8.9026E-09 9.5824E-09 1.0327E-08 1.1122E-08 1.1971E-08 1.2885E-08 1.3862E-08 1.4899E-08 1.6008E-08 1.7180E-08 1.8410E-08 1.9704E-08 2.1054E-08 2.2445E-08
5.9390E-10 6.2479E-10 6.5694E-10 6.9041E-10 7.2817E-10 7.6455E-10 8.2226E-10 8.7963E-10 9.2741E-10 9.9468E-10 1.0554E-09 1.1199E-09 1.1983E-09 1.2712E-09 1.3682E-09 1.4412E-09 1.5305E-09 1.6236E-09 1.7113E-09 1.8167E-09 1.9257E-09 2.0325E-09 2.1438E-09 2.2634E-09 2.4030E-09 2.5456E-09 2.7154E-09 2.8971E-09 3.0787E-09 3.2968E-09 3.5255E-09 3.7712E-09 4.0495E-09 4.3317E-09 4.6357E-09 4.9638E-09 5.3198E-09 5.7089E-09 6.1399E-09 6.5850E-09 7.0955E-09 7.6350E-09 8.2281E-09 8.8853E-09 9.5703E-09 1.0326E-08 1.1133E-08 1.1998E-08 1.2934E-08 1.3932E-08 1.5003E-08 1.6147E-08 1.7358E-08 1.8642E-08 1.9996E-08 2.1405E-08 2.2871E-08
5.9217E-10 6.2291E-10 6.5489E-10 6.8813E-10 7.2270E-10 7.6174E-10 8.1872E-10 8.6928E-10 9.2306E-10 9.8990E-10 1.0501E-09 1.1142E-09 1.1922E-09 1.2643E-09 1.3603E-09 1.4327E-09 1.5215E-09 1.6139E-09 1.7015E-09 1.8063E-09 1.9146E-09 2.0208E-09 2.1319E-09 2.2510E-09 2.3809E-09 2.5298E-09 2.6976E-09 2.8777E-09 3.0583E-09 3.2745E-09 3.5015E-09 3.7462E-09 4.0235E-09 4.3043E-09 4.6062E-09 4.9321E-09 5.2862E-09 5.6714E-09 6.0988E-09 6.5432E-09 7.0492E-09 7.5874E-09 8.1791E-09 8.8419E-09 9.5277E-09 1.0292E-08 1.1106E-08 1.1984E-08 1.2936E-08 1.3953E-08 1.5055E-08 1.6226E-08 1.7477E-08 1.8813E-08 2.0217E-08 2.1693E-08 2.3237E-08
5.8980E-10 6.2028E-10 6.5201E-10 6.8504E-10 7.1941E-10 7.5813E-10 8.1410E-10 8.6422E-10 9.1746E-10 9.8365E-10 1.0434E-09 1.1070E-09 1.1845E-09 1.2555E-09 1.3500E-09 1.4225E-09 1.5107E-09 1.6021E-09 1.6891E-09 1.7931E-09 1.9009E-09 2.0068E-09 2.1171E-09 2.2352E-09 2.3566E-09 2.5105E-09 2.6758E-09 2.8442E-09 3.0322E-09 3.2466E-09 3.4718E-09 3.7148E-09 3.9896E-09 4.2680E-09 4.5679E-09 4.8904E-09 5.2400E-09 5.6211E-09 6.0444E-09 6.4839E-09 6.9836E-09 7.5190E-09 8.1058E-09 8.7660E-09 9.4529E-09 1.0221E-08 1.1038E-08 1.1927E-08 1.2890E-08 1.3925E-08 1.5048E-08 1.6249E-08 1.7539E-08 1.8915E-08 2.0372E-08 2.1913E-08 2.3528E-08
