Assets/Resources/2015_m01_d08_0600(utc+0800)_l00_csi_1hr_conc.grd
DSAA
         159         159
     -79.000      79.000
     -79.000      79.000
  0.0000E+00  0.2265E-04
[rows 125 to 149 of 159, columns 0 to 56 of 159]
2.8901E-11 3.2413E-11 3.4431E-11 3.8149E-11 4.0317E-11 4.4186E-11 4.7327E-11 5.0962E-11 5.3872E-11 5.8002E-11 6.1170E-11 6.4269E-11 6.8147E-11 7.1479E-11 7.5104E-11 7.8707E-11 8.1971E-11 8.4971E-11 8.8407E-11 9.1974E-11 9.5257E-11 1.0172E-10 1.0728E-10 1.1625E-10 1.2281E-10 1.2965E-10 1.3882E-10 1.4620E-10 1.5590E-10 1.6381E-10 1.7315E-10 1.8281E-10 1.9138E-10 2.0066E-10 2.0853E-10 2.1617E-10 2.2473E-10 2.3357E-10 2.4234E-10 2.5079E-10 2.6105E-10 2.7174E-10 2.8197E-10 2.9184E-10 3.0405E-10 3.1616E-10 3.2682E-10 3.3846E-10 3.5022E-10 3.6376E-10 3.7742E-10 3.8990E-10 4.0414E-10 4.1748E-10 4.3214E-10 4.4721E-10 4.6262E-10
2.6307E-11 2.8825E-11 3.2457E-11 3.4333E-11 3.8040E-11 4.0193E-11 4.4258E-11 4.7171E-11 5.0788E-11 5.3674E-11 5.7779E-11 6.0917E-11 6.3983E-11 6.7823E-11 7.1114E-11 7.4484E-11 7.8250E-11 8.1466E-11 8.4414E-11 8.7795E-11 9.1303E-11 9.4525E-11 1.0092E-10 1.0618E-10 1.1465E-10 1.2171E-10 1.2821E-10 1.3680E-10 1.4375E-10 1.5377E-10 1.6196E-10 1.6955E-10 1.7943E-10 1.8816E-10 1.9719E-10 2.0511E-10 2.1295E-10 2.2074E-10 2.2900E-10 2.3775E-10 2.4641E-10 2.5501E-10 2.6455E-10 2.7532E-10 2.8482E-10 2.9526E-10 3.0563E-10 3.1669E-10 3.2898E-10 3.3974E-10 3.5099E-10 3.6418E-10 3.7688E-10 3.9037E-10 4.0350E-10 4.1635E-10 4.2881E-10
2.4198E-11 2.6229E-11 2.8729E-11 3.2153E-11 3.4009E-11 3.8124E-11 4.0040E-11 4.4347E-11 4.6981E-11 5.0576E-11 5.3712E-11 5.7029E-11 6.0617E-11 6.3647E-11 6.7446E-11 7.0695E-11 7.4018E-11 7.7457E-11 8.0897E-11 8.3792E-11 8.7115E-11 9.0563E-11 9.3720E-11 1.0003E-10 1.0521E-10 1.1199E-10 1.2029E-10 1.2580E-10 1.3532E-10 1.4190E-10 1.4999E-10 1.5901E-10 1.6651E-10 1.7700E-10 1.8505E-10 1.9361E-10 2.0195E-10 2.0932E-10 2.1686E-10 2.2457E-10 2.3271E-10 2.4155E-10 2.4983E-10 2.5826E-10 2.6760E-10 2.7665E-10 2.8737E-10 2.9678E-10 3.0681E-10 3.1730E-10 3.2868E-10 3.4050E-10 3.5167E-10 3.6272E-10 3.7444E-10 3.8588E-10 4.0050E-10
2.1571E-11 2.4115E-11 2.6135E-11 2.9295E-11 3.1825E-11 3.3483E-11 3.7963E-11 3.9859E-11 4.3948E-11 4.6757E-11 5.0326E-11 5.3434E-11 5.6720E-11 6.0272E-11 6.3264E-11 6.7018E-11 7.0222E-11 7.3244E-11 7.6615E-11 8.0267E-11 8.3107E-11 8.6016E-11 8.9754E-11 9.2846E-11 9.8698E-11 1.0416E-10 1.1047E-10 1.1805E-10 1.2417E-10 1.3292E-10 1.4016E-10 1.4745E-10 1.5578E-10 1.6346E-10 1.7346E-10 1.8130E-10 1.8986E-10 1.9839E-10 2.0553E-10 2.1280E-10 2.2024E-10 2.2782E-10 2.3581E-10 2.4396E-10 2.5258E-10 2.6080E-10 2.6913E-10 2.7869E-10 2.8814E-10 2.9819E-10 3.0707E-10 3.1693E-10 3.2714E-10 3.3797E-10 3.5014E-10 3.6145E-10 3.7164E-10
2.0092E-11 2.1492E-11 2.3722E-11 2.6023E-11 2.8891E-11 3.1681E-11 3.4193E-11 3.7776E-11 3.9650E-11 4.3934E-11 4.6499E-11 5.0040E-11 5.2841E-11 5.6369E-11 5.9881E-11 6.2833E-11 6.6282E-11 6.9696E-11 7.2186E-11 7.5984E-11 7.9577E-11 8.2360E-11 8.5209E-11 8.8878E-11 9.1903E-11 9.7666E-11 1.0303E-10 1.0861E-10 1.1600E-10 1.2170E-10 1.3123E-10 1.3735E-10 1.4389E-10 1.5354E-10 1.6057E-10 1.6909E-10 1.7746E-10 1.8550E-10 1.9378E-10 2.0156E-10 2.0859E-10 2.1574E-10 2.2304E-10 2.3046E-10 2.3803E-10 2.4600E-10 2.5461E-10 2.6233E-10 2.7042E-10 2.7888E-10 2.8825E-10 2.9749E-10 3.0699E-10 3.1616E-10 3.2487E-10 3.3501E-10 3.4615E-10
1.7280E-11 2.0012E-11 2.1399E-11 2.3610E-11 2.5803E-11 2.8450E-11 3.1515E-11 3.4008E-11 3.7563E-11 3.9215E-11 4.3383E-11 4.6208E-11 4.9718E-11 5.2218E-11 5.5977E-11 5.9446E-11 6.2355E-11 6.5755E-11 6.9118E-11 7.1559E-11 7.5296E-11 7.8828E-11 8.1552E-11 8.4339E-11 8.7938E-11 9.0894E-11 9.5951E-11 1.0160E-10 1.0599E-10 1.1432E-10 1.2011E-10 1.2714E-10 1.3430E-10 1.4104E-10 1.5081E-10 1.5706E-10 1.6436E-10 1.7417E-10 1.8124E-10 1.8927E-10 1.9726E-10 2.0422E-10 2.1111E-10 2.1812E-10 2.2524E-10 2.3248E-10 2.3960E-10 2.4732E-10 2.5514E-10 2.6337E-10 2.7118E-10 2.7932E-10 2.8729E-10 2.9558E-10 3.0451E-10 3.1351E-10 3.2272E-10
1.5861E-11 1.7203E-11 1.9918E-11 2.1292E-11 2.3484E-11 2.5255E-11 2.7800E-11 3.1031E-11 3.4016E-11 3.6759E-11 3.8954E-11 4.2834E-11 4.5884E-11 4.9109E-11 5.1826E-11 5.5329E-11 5.8968E-11 6.1832E-11 6.4971E-11 6.7735E-11 7.0881E-11 7.4554E-11 7.8022E-11 8.0686E-11 8.3410E-11 8.6935E-11 8.9821E-11 9.3795E-11 9.9597E-11 1.0460E-10 1.1240E-10 1.1821E-10 1.2354E-10 1.3227E-10 1.3838E-10 1.4596E-10 1.5374E-10 1.6033E-10 1.6944E-10 1.7692E-10 1.8418E-10 1.9233E-10 1.9974E-10 2.0634E-10 2.1283E-10 2.1989E-10 2.2682E-10 2.3385E-10 2.4074E-10 2.4795E-10 2.5499E-10 2.6287E-10 2.7034E-10 2.7842E-10 2.8627E-10 2.9393E-10 3.0162E-10
1.3811E-11 1.5785E-11 1.6828E-11 1.9516E-11 2.1083E-11 2.2779E-11 2.5097E-11 2.7532E-11 3.0826E-11 3.3787E-11 3.5660E-11 3.8667E-11 4.2298E-11 4.5332E-11 4.8235E-11 5.1398E-11 5.4857E-11 5.8189E-11 6.1265E-11 6.3621E-11 6.7064E-11 7.0152E-11 7.3502E-11 7.6809E-11 7.9763E-11 8.2423E-11 8.5500E-11 8.8686E-11 9.1955E-11 9.7602E-11 1.0243E-10 1.0847E-10 1.1550E-10 1.2050E-10 1.2976E-10 1.3513E-10 1.4152E-10 1.5017E-10 1.5662E-10 1.6405E-10 1.7296E-10 1.7967E-10 1.8638E-10 1.9492E-10 2.0147E-10 2.0790E-10 2.1420E-10 2.2106E-10 2.2754E-10 2.3455E-10 2.4119E-10 2.4788E-10 2.5487E-10 2.6190E-10 2.6928E-10 2.7645E-10 2.8365E-10
1.2637E-11 1.3440E-11 1.5612E-11 1.6731E-11 1.9401E-11 2.0858E-11 2.2332E-11 2.4924E-11 2.7249E-11 3.0126E-11 3.2827E-11 3.5096E-11 3.8354E-11 4.1950E-11 4.4948E-11 4.7813E-11 5.0933E-11 5.3478E-11 5.7629E-11 6.0654E-11 6.2962E-11 6.6345E-11 6.9374E-11 7.2170E-11 7.5357E-11 7.8786E-11 8.1380E-11 8.4384E-11 8.7493E-11 9.0289E-11 9.5834E-11 1.0070E-10 1.0598E-10 1.1302E-10 1.1832E-10 1.2483E-10 1.3209E-10 1.3779E-10 1.4576E-10 1.5268E-10 1.5921E-10 1.6779E-10 1.7448E-10 1.8130E-10 1.8861E-10 1.9628E-10 2.0242E-10 2.0866E-10 2.1498E-10 2.2136E-10 2.2784E-10 2.3436E-10 2.4094E-10 2.4734E-10 2.5378E-10 2.6025E-10 2.6721E-10
1.1678E-11 1.2566E-11 1.3159E-11 1.5517E-11 1.6625E-11 1.9075E-11 2.0311E-11 2.1681E-11 2.4439E-11 2.7040E-11 2.9591E-11 3.2558E-11 3.4616E-11 3.7447E-11 4.1167E-11 4.3760E-11 4.7359E-11 5.0434E-11 5.2936E-11 5.6364E-11 5.9247E-11 6.2261E-11 6.5323E-11 6.8550E-11 7.0833E-11 7.4402E-11 7.7757E-11 8.0284E-11 8.2863E-11 8.6244E-11 8.8963E-11 9.4386E-11 9.8405E-11 1.0319E-10 1.1054E-10 1.1533E-10 1.2129E-10 1.2884E-10 1.3443E-10 1.4075E-10 1.4874E-10 1.5491E-10 1.6108E-10 1.6984E-10 1.7644E-10 1.8296E-10 1.9030E-10 1.9687E-10 2.0304E-10 2.0906E-10 2.1514E-10 2.2128E-10 2.2725E-10 2.3350E-10 2.3978E-10 2.4610E-10 2.5221E-10
1.0870E-11 1.1522E-11 1.2284E-11 1.2983E-11 1.5118E-11 1.6509E-11 1.7729E-11 2.0157E-11 2.1510E-11 2.4238E-11 2.6318E-11 2.8848E-11 3.1974E-11 3.4298E-11 3.7092E-11 4.0034E-11 4.3056E-11 4.6462E-11 4.9643E-11 5.2359E-11 5.5241E-11 5.8562E-11 6.1305E-11 6.4519E-11 6.7680E-11 6.9906E-11 7.3140E-11 7.6678E-11 7.9137E-11 8.1646E-11 8.4942E-11 8.7583E-11 9.1296E-11 9.6133E-11 1.0051E-10 1.0629E-10 1.1258E-10 1.1749E-10 1.2464E-10 1.3086E-10 1.3653E-10 1.4400E-10 1.5040E-10 1.5608E-10 1.6371E-10 1.7153E-10 1.7726E-10 1.8362E-10 1.9078E-10 1.9714E-10 2.0263E-10 2.0864E-10 2.1448E-10 2.2035E-10 2.2626E-10 2.3198E-10 2.3771E-10
1.0380E-11 1.0803E-11 1.1239E-11 1.2201E-11 1.2891E-11 1.5008E-11 1.6095E-11 1.7386E-11 1.9697E-11 2.1236E-11 2.3255E-11 2.5992E-11 2.7945E-11 3.0799E-11 3.3464E-11 3.6133E-11 3.9615E-11 4.2394E-11 4.5663E-11 4.9080E-11 5.1747E-11 5.4577E-11 5.7838E-11 6.0524E-11 6.2736E-11 6.6018E-11 6.8935E-11 7.1857E-11 7.4656E-11 7.7942E-11 8.0380E-11 8.3219E-11 8.6152E-11 8.8761E-11 9.4101E-11 9.7998E-11 1.0304E-10 1.0985E-10 1.1446E-10 1.1927E-10 1.2753E-10 1.3265E-10 1.3758E-10 1.4564E-10 1.5130E-10 1.5663E-10 1.6498E-10 1.7183E-10 1.7761E-10 1.8355E-10 1.9050E-10 1.9665E-10 2.0212E-10 2.0764E-10 2.1297E-10 2.1880E-10 2.2441E-10
9.9884E-12 1.0313E-11 1.0730E-11 1.1160E-11 1.2022E-11 1.2791E-11 1.4406E-11 1.5759E-11 1.6861E-11 1.9433E-11 2.0840E-11 2.2544E-11 2.5444E-11 2.7483E-11 2.9714E-11 3.2894E-11 3.5646E-11 3.8699E-11 4.1907E-11 4.4262E-11 4.7132E-11 5.0352E-11 5.3880E-11 5.6821E-11 5.9706E-11 6.1863E-11 6.5074E-11 6.7922E-11 7.0075E-11 7.3499E-11 7.6702E-11 7.9068E-11 8.1476E-11 8.4674E-11 8.7201E-11 9.1413E-11 9.5520E-11 9.9753E-11 1.0598E-10 1.1125E-10 1.1544E-10 1.2155E-10 1.2881E-10 1.3347E-10 1.3869E-10 1.4665E-10 1.5248E-10 1.5740E-10 1.6546E-10 1.7189E-10 1.7748E-10 1.8320E-10 1.8949E-10 1.9560E-10 2.0083E-10 2.0608E-10 2.1135E-10
8.6956E-12 9.6893E-12 1.0240E-11 1.0566E-11 1.1074E-11 1.1721E-11 1.2685E-11 1.4108E-11 1.5620E-11 1.6707E-11 1.8478E-11 2.0252E-11 2.2317E-11 2.5181E-11 2.6604E-11 2.8899E-11 3.2228E-11 3.4095E-11 3.7440E-11 4.1138E-11 4.3706E-11 4.6237E-11 4.9686E-11 5.2067E-11 5.4872E-11 5.8100E-11 6.0738E-11 6.3597E-11 6.6870E-11 6.8960E-11 7.2044E-11 7.5419E-11 7.7713E-11 8.0047E-11 8.2778E-11 8.5597E-11 8.8476E-11 9.3295E-11 9.7044E-11 1.0097E-10 1.0780E-10 1.1270E-10 1.1689E-10 1.2352E-10 1.2941E-10 1.3396E-10 1.4082E-10 1.4764E-10 1.5260E-10 1.5736E-10 1.6567E-10 1.7125E-10 1.7664E-10 1.8141E-10 1.8840E-10 1.9402E-10 1.9875E-10
7.7871E-12 8.6343E-12 9.1547E-12 1.0161E-11 1.0482E-11 1.0896E-11 1.1620E-11 1.2279E-11 1.3143E-11 1.5089E-11 1.6453E-11 1.8293E-11 1.9834E-11 2.1351E-11 2.4138E-11 2.6212E-11 2.8562E-11 3.1075E-11 3.3381E-11 3.6004E-11 3.9892E-11 4.2385E-11 4.5607E-11 4.8535E-11 5.1319E-11 5.4063E-11 5.7222E-11 5.9797E-11 6.1888E-11 6.5035E-11 6.7809E-11 6.9874E-11 7.3210E-11 7.6318E-11 7.8577E-11 8.0872E-11 8.3951E-11 8.6350E-11 9.0428E-11 9.4381E-11 9.7706E-11 1.0315E-10 1.0950E-10 1.1323E-10 1.1773E-10 1.2490E-10 1.2968E-10 1.3390E-10 1.4085E-10 1.4730E-10 1.5210E-10 1.5669E-10 1.6369E-10 1.7016E-10 1.7532E-10 1.7986E-10 1.8516E-10
6.8088E-12 7.4975E-12 8.0908E-12 9.0820E-12 1.0078E-11 1.0393E-11 1.0800E-11 1.1220E-11 1.2162E-11 1.2924E-11 1.4453E-11 1.5880E-11 1.7612E-11 1.9436E-11 2.0906E-11 2.2502E-11 2.5386E-11 2.7279E-11 3.0193E-11 3.2651E-11 3.5429E-11 3.7943E-11 4.1579E-11 4.4537E-11 4.6799E-11 5.0001E-11 5.3225E-11 5.5818E-11 5.8823E-11 6.0855E-11 6.3666E-11 6.6622E-11 6.8623E-11 7.1611E-11 7.4886E-11 7.7070E-11 7.9288E-11 8.1895E-11 8.4584E-11 8.6930E-11 9.1979E-11 9.4894E-11 9.8159E-11 1.0417E-10 1.0985E-10 1.1350E-10 1.1852E-10 1.2536E-10 1.2942E-10 1.3372E-10 1.3980E-10 1.4610E-10 1.5143E-10 1.5562E-10 1.6167E-10 1.6792E-10 1.7288E-10
5.7374E-12 6.5201E-12 7.2088E-12 7.9122E-12 9.0047E-12 9.9890E-12 1.0298E-11 1.0613E-11 1.1111E-11 1.1834E-11 1.2789E-11 1.4124E-11 1.5616E-11 1.7413E-11 1.8442E-11 2.0271E-11 2.2223E-11 2.4296E-11 2.6449E-11 2.9577E-11 3.1435E-11 3.3711E-11 3.7208E-11 4.0233E-11 4.3001E-11 4.5651E-11 4.8800E-11 5.1276E-11 5.3971E-11 5.7072E-11 5.9578E-11 6.1591E-11 6.4655E-11 6.7339E-11 6.9307E-11 7.2536E-11 7.5529E-11 7.7670E-11 7.9841E-11 8.2784E-11 8.5043E-11 8.7731E-11 9.2731E-11 9.5870E-11 9.8795E-11 1.0505E-10 1.0996E-10 1.1350E-10 1.1841E-10 1.2513E-10 1.2906E-10 1.3321E-10 1.3891E-10 1.4502E-10 1.4950E-10 1.5414E-10 1.5923E-10
4.8323E-12 5.6923E-12 6.4667E-12 6.9137E-12 7.8429E-12 8.6854E-12 9.4345E-12 1.0198E-11 1.0507E-11 1.0910E-11 1.1621E-11 1.2355E-11 1.3765E-11 1.5053E-11 1.6283E-11 1.7727E-11 1.9630E-11 2.1733E-11 2.3484E-11 2.5703E-11 2.8004E-11 3.0278E-11 3.2499E-11 3.6138E-11 3.8883E-11 4.1775E-11 4.4709E-11 4.7446E-11 5.0203E-11 5.3029E-11 5.5796E-11 5.8489E-11 6.0441E-11 6.2925E-11 6.6024E-11 6.7926E-11 7.0566E-11 7.3416E-11 7.6022E-11 7.8114E-11 8.0232E-11 8.3128E-11 8.5327E-11 8.9196E-11 9.2911E-11 9.5978E-11 9.8824E-11 1.0578E-10 1.0980E-10 1.1324E-10 1.1769E-10 1.2439E-10 1.2838E-10 1.3216E-10 1.3716E-10 1.4289E-10 1.4786E-10
3.7226E-12 4.5548E-12 5.4124E-12 5.9348E-12 6.8510E-12 7.7695E-12 8.6013E-12 9.1064E-12 1.0093E-11 1.0396E-11 1.0791E-11 1.1197E-11 1.2123E-11 1.3603E-11 1.4299E-11 1.5787E-11 1.7499E-11 1.8514E-11 2.0419E-11 2.3157E-11 2.4567E-11 2.7298E-11 2.9822E-11 3.1437E-11 3.4203E-11 3.7151E-11 4.0401E-11 4.2864E-11 4.5469E-11 4.8275E-11 5.1849E-11 5.3604E-11 5.6628E-11 5.9051E-11 6.0976E-11 6.3940E-11 6.6518E-11 6.8380E-11 7.1225E-11 7.4347E-11 7.6360E-11 7.8398E-11 8.0814E-11 8.3300E-11 8.5433E-11 8.9245E-11 9.2891E-11 9.5876E-11 9.8635E-11 1.0479E-10 1.0939E-10 1.1271E-10 1.1642E-10 1.2249E-10 1.2718E-10 1.3100E-10 1.3438E-10
2.8912E-12 3.6914E-12 4.5150E-12 4.9004E-12 5.7681E-12 6.5469E-12 7.4605E-12 7.9269E-12 9.0102E-12 9.9839E-12 1.0281E-11 1.0583E-11 1.1066E-11 1.1772E-11 1.2708E-11 1.3829E-11 1.5196E-11 1.7063E-11 1.7768E-11 1.9655E-11 2.1748E-11 2.3494E-11 2.5390E-11 2.8857E-11 3.0443E-11 3.2530E-11 3.6028E-11 3.8959E-11 4.1630E-11 4.4446E-11 4.7122E-11 4.9811E-11 5.2563E-11 5.5011E-11 5.7587E-11 5.9716E-11 6.1605E-11 6.4547E-11 6.6880E-11 6.8907E-11 7.1764E-11 7.4585E-11 7.6542E-11 7.8520E-11 8.1253E-11 8.3297E-11 8.5360E-11 8.9103E-11 9.2669E-11 9.5564E-11 9.8230E-11 1.0289E-10 1.0780E-10 1.1192E-10 1.1488E-10 1.1908E-10 1.2496E-10
1.8524E-12 2.8659E-12 3.4255E-12 3.9961E-12 4.8532E-12 5.7110E-12 6.4799E-12 6.9198E-12 7.8413E-12 8.6728E-12 9.4101E-12 1.0160E-11 1.0456E-11 1.0843E-11 1.1329E-11 1.2250E-11 1.3645E-11 1.4329E-11 1.5895E-11 1.7511E-11 1.8509E-11 2.0916E-11 2.3127E-11 2.4513E-11 2.6918E-11 2.9715E-11 3.1004E-11 3.4498E-11 3.6717E-11 3.9627E-11 4.3392E-11 4.4864E-11 4.7800E-11 5.1094E-11 5.2966E-11 5.5897E-11 5.8223E-11 6.0051E-11 6.2642E-11 6.5360E-11 6.7107E-11 6.9087E-11 7.1898E-11 7.4668E-11 7.6565E-11 7.8479E-11 8.1147E-11 8.3120E-11 8.5503E-11 8.8771E-11 9.2247E-11 9.4382E-11 9.7611E-11 1.0106E-10 1.0690E-10 1.1022E-10 1.1370E-10
1.0906E-12 1.8358E-12 2.6024E-12 3.1638E-12 3.7360E-12 4.8036E-12 5.4187E-12 5.8226E-12 6.8430E-12 7.7520E-12 8.0939E-12 9.0639E-12 1.0035E-11 1.0324E-11 1.0618E-11 1.1093E-11 1.1790E-11 1.3455E-11 1.3836E-11 1.4981E-11 1.7048E-11 1.7735E-11 1.9300E-11 2.2348E-11 2.3620E-11 2.4790E-11 2.8612E-11 3.0250E-11 3.1818E-11 3.5350E-11 3.8371E-11 4.0929E-11 4.3964E-11 4.6129E-11 4.8345E-11 5.1638E-11 5.3696E-11 5.6179E-11 5.8477E-11 6.0266E-11 6.3081E-11 6.5500E-11 6.7197E-11 6.9622E-11 7.2239E-11 7.4597E-11 7.6429E-11 7.8275E-11 8.0872E-11 8.2769E-11 8.4677E-11 8.8250E-11 9.1626E-11 9.3666E-11 9.6387E-11 1.0011E-10 1.0362E-10
1.1901E-13 1.0803E-12 1.8184E-12 2.0985E-12 2.8982E-12 3.6971E-12 4.5157E-12 4.8956E-12 5.7566E-12 6.5257E-12 7.1990E-12 7.8834E-12 8.9497E-12 9.4442E-12 1.0188E-11 1.0475E-11 1.0854E-11 1.1330E-11 1.2330E-11 1.3631E-11 1.4302E-11 1.6374E-11 1.7451E-11 1.8425E-11 2.0716E-11 2.2996E-11 2.3862E-11 2.7292E-11 2.8976E-11 3.0519E-11 3.3685E-11 3.5721E-11 3.9156E-11 4.1499E-11 4.4241E-11 4.6632E-11 4.9136E-11 5.1869E-11 5.4394E-11 5.6565E-11 5.8829E-11 6.0571E-11 6.3135E-11 6.5507E-11 6.7150E-11 6.9519E-11 7.2078E-11 7.4371E-11 7.6134E-11 7.7909E-11 8.0428E-11 8.2246E-11 8.4071E-11 8.7544E-11 9.0435E-11 9.2752E-11 9.4695E-11
1.1436E-13 1.1777E-13 8.3196E-13 1.3391E-12 1.8556E-12 2.8670E-12 3.6564E-12 3.7668E-12 4.8385E-12 5.6879E-12 5.9680E-12 6.8752E-12 7.7822E-12 8.5969E-12 9.0830E-12 1.0048E-11 1.0328E-11 1.0613E-11 1.1077E-11 1.1556E-11 1.3217E-11 1.3789E-11 1.4825E-11 1.6759E-11 1.7628E-11 1.8689E-11 2.1888E-11 2.3425E-11 2.4557E-11 2.7738E-11 2.9718E-11 3.0948E-11 3.4408E-11 3.6461E-11 3.9587E-11 4.2586E-11 4.4653E-11 4.7069E-11 5.0163E-11 5.1998E-11 5.4731E-11 5.7170E-11 5.8849E-11 6.0544E-11 6.3060E-11 6.5380E-11 6.6965E-11 6.9274E-11 7.1767E-11 7.3991E-11 7.5683E-11 7.7383E-11 7.9444E-11 8.1554E-11 8.3294E-11 8.5437E-11 8.8454E-11
0.0000E+00 1.1314E-13 1.1647E-13 8.2304E-13 1.0906E-12 1.8353E-12 2.5979E-12 2.9197E-12 3.7221E-12 4.5416E-12 5.1562E-12 5.7804E-12 6.7849E-12 7.2163E-12 7.8956E-12 8.9555E-12 9.4422E-12 1.0177E-11 1.0455E-11 1.0737E-11 1.1288E-11 1.2801E-11 1.3563E-11 1.4129E-11 1.5879E-11 1.7117E-11 1.7779E-11 2.1099E-11 2.2363E-11 2.3599E-11 2.6325E-11 2.8014E-11 3.0097E-11 3.1113E-11 3.4778E-11 3.7357E-11 4.0280E-11 4.2940E-11 4.4976E-11 4.7369E-11 5.0227E-11 5.2025E-11 5.4720E-11 5.7119E-11 5.8749E-11 6.0394E-11 6.2857E-11 6.5120E-11 6.6644E-11 6.8643E-11 7.0957E-11 7.3460E-11 7.5077E-11 7.6700E-11 7.8325E-11 8.0697E-11 8.2349E-11
