Assets/Resources/2015_m01_d05_0600(utc+0800)_l00_csi_1hr_conc.grd
DSAA
         159         159
     -79.000      79.000
     -79.000      79.000
  0.2071E-09  0.1238E-04
[rows 125 to 149 of 159, columns 57 to 113 of 159]
1.1815E-09 1.1742E-09 1.1667E-09 1.1590E-09 1.1511E-09 1.1431E-09 1.1290E-09 1.1207E-09 1.1123E-09 1.1037E-09 1.0950E-09 1.0862E-09 1.0772E-09 1.0682E-09 1.0590E-09 1.0497E-09 1.0404E-09 1.0309E-09 1.0213E-09 1.0117E-09 1.0020E-09 9.9220E-10 9.8235E-10 9.7244E-10 9.6247E-10 9.5245E-10 9.4238E-10 9.3227E-10 9.2212E-10 9.1195E-10 9.0174E-10 8.9151E-10 8.8055E-10 8.6960E-10 8.5867E-10 8.4850E-10 8.3831E-10 8.2813E-10 8.1795E-10 8.0777E-10 7.9761E-10 7.8746E-10 7.7733E-10 7.6722E-10 7.5713E-10 7.4707E-10 7.3705E-10 7.2705E-10 7.1710E-10 7.0719E-10 6.9732E-10 6.8749E-10 6.7772E-10 6.6799E-10 6.5833E-10 6.4871E-10 6.3916E-10
1.1629E-09 1.1558E-09 1.1485E-09 1.1359E-09 1.1282E-09 1.1205E-09 1.1125E-09 1.1045E-09 1.0962E-09 1.0879E-09 1.0794E-09 1.0708E-09 1.0621E-09 1.0532E-09 1.0443E-09 1.0352E-09 1.0260E-09 1.0168E-09 1.0074E-09 9.9802E-10 9.8852E-10 9.7895E-10 9.6931E-10 9.5960E-10 9.4984E-10 9.4003E-10 9.3017E-10 9.2027E-10 9.1032E-10 9.0035E-10 8.9034E-10 8.7960E-10 8.6886E-10 8.5814E-10 8.4816E-10 8.3818E-10 8.2818E-10 8.1818E-10 8.0818E-10 7.9819E-10 7.8820E-10 7.7823E-10 7.6827E-10 7.5833E-10 7.4842E-10 7.3853E-10 7.2867E-10 7.1884E-10 7.0905E-10 6.9930E-10 6.8959E-10 6.7992E-10 6.7030E-10 6.6073E-10 6.5121E-10 6.4175E-10 6.3234E-10
1.1402E-09 1.1333E-09 1.1262E-09 1.1189E-09 1.1115E-09 1.1040E-09 1.0962E-09 1.0884E-09 1.0804E-09 1.0722E-09 1.0639E-09 1.0555E-09 1.0470E-09 1.0384E-09 1.0296E-09 1.0208E-09 1.0118E-09 1.0028E-09 9.9364E-10 9.8443E-10 9.7514E-10 9.6577E-10 9.5634E-10 9.4684E-10 9.3728E-10 9.2768E-10 9.1802E-10 9.0832E-10 8.9857E-10 8.8880E-10 8.7828E-10 8.6776E-10 8.5725E-10 8.4748E-10 8.3769E-10 8.2788E-10 8.1807E-10 8.0825E-10 7.9844E-10 7.8862E-10 7.7881E-10 7.6901E-10 7.5923E-10 7.4946E-10 7.3972E-10 7.3000E-10 7.2030E-10 7.1064E-10 7.0101E-10 6.9142E-10 6.8186E-10 6.7235E-10 6.6288E-10 6.5346E-10 6.4409E-10 6.3478E-10 6.2384E-10
1.1229E-09 1.1161E-09 1.1092E-09 1.1022E-09 1.0950E-09 1.0876E-09 1.0801E-09 1.0724E-09 1.0646E-09 1.0567E-09 1.0486E-09 1.0404E-09 1.0321E-09 1.0236E-09 1.0151E-09 1.0064E-09 9.9770E-10 9.8886E-10 9.7993E-10 9.7092E-10 9.6183E-10 9.5267E-10 9.4344E-10 9.3415E-10 9.2479E-10 9.1539E-10 9.0593E-10 8.9642E-10 8.8688E-10 8.7659E-10 8.6629E-10 8.5600E-10 8.4644E-10 8.3685E-10 8.2724E-10 8.1762E-10 8.0799E-10 7.9835E-10 7.8871E-10 7.7908E-10 7.6944E-10 7.5982E-10 7.5020E-10 7.4061E-10 7.3103E-10 7.2147E-10 7.1194E-10 7.0244E-10 6.9297E-10 6.8354E-10 6.7414E-10 6.6478E-10 6.5546E-10 6.4619E-10 6.3697E-10 6.2780E-10 6.1457E-10
1.1057E-09 1.0992E-09 1.0925E-09 1.0856E-09 1.0786E-09 1.0714E-09 1.0641E-09 1.0566E-09 1.0490E-09 1.0412E-09 1.0333E-09 1.0253E-09 1.0172E-09 1.0090E-09 1.0007E-09 9.9221E-10 9.8367E-10 9.7504E-10 9.6631E-10 9.5750E-10 9.4861E-10 9.3965E-10 9.3062E-10 9.2153E-10 9.1237E-10 9.0316E-10 8.9390E-10 8.8459E-10 8.7453E-10 8.6446E-10 8.5440E-10 8.4504E-10 8.3566E-10 8.2626E-10 8.1683E-10 8.0739E-10 7.9794E-10 7.8848E-10 7.7902E-10 7.6955E-10 7.6009E-10 7.5064E-10 7.4120E-10 7.3177E-10 7.2235E-10 7.1296E-10 7.0359E-10 6.9425E-10 6.8494E-10 6.7566E-10 6.6642E-10 6.5721E-10 6.4805E-10 6.3892E-10 6.2985E-10 6.1837E-10 6.0707E-10
1.0887E-09 1.0823E-09 1.0758E-09 1.0691E-09 1.0623E-09 1.0553E-09 1.0482E-09 1.0409E-09 1.0335E-09 1.0259E-09 1.0182E-09 1.0104E-09 1.0025E-09 9.9448E-10 9.8634E-10 9.7809E-10 9.6975E-10 9.6131E-10 9.5278E-10 9.4417E-10 9.3548E-10 9.2672E-10 9.1788E-10 9.0898E-10 9.0002E-10 8.9101E-10 8.8194E-10 8.7212E-10 8.6228E-10 8.5244E-10 8.4330E-10 8.3413E-10 8.2493E-10 8.1571E-10 8.0646E-10 7.9720E-10 7.8793E-10 7.7864E-10 7.6935E-10 7.6006E-10 7.5077E-10 7.4149E-10 7.3221E-10 7.2295E-10 7.1370E-10 7.0447E-10 6.9526E-10 6.8607E-10 6.7692E-10 6.6780E-10 6.5870E-10 6.4965E-10 6.4063E-10 6.3166E-10 6.2110E-10 6.0904E-10 5.9879E-10
1.0718E-09 1.0657E-09 1.0593E-09 1.0528E-09 1.0462E-09 1.0394E-09 1.0324E-09 1.0253E-09 1.0181E-09 1.0107E-09 1.0033E-09 9.9565E-10 9.8792E-10 9.8008E-10 9.7213E-10 9.6408E-10 9.5593E-10 9.4768E-10 9.3935E-10 9.3093E-10 9.2244E-10 9.1386E-10 9.0522E-10 8.9652E-10 8.8775E-10 8.7819E-10 8.6934E-10 8.5974E-10 8.5013E-10 8.4121E-10 8.3226E-10 8.2327E-10 8.1425E-10 8.0520E-10 7.9614E-10 7.8705E-10 7.7795E-10 7.6884E-10 7.5972E-10 7.5060E-10 7.4147E-10 7.3236E-10 7.2325E-10 7.1414E-10 7.0506E-10 6.9599E-10 6.8694E-10 6.7791E-10 6.6891E-10 6.5994E-10 6.5100E-10 6.4209E-10 6.3322E-10 6.2276E-10 6.1078E-10 6.0145E-10 5.9179E-10
1.0552E-09 1.0492E-09 1.0430E-09 1.0367E-09 1.0302E-09 1.0236E-09 1.0168E-09 1.0099E-09 1.0029E-09 9.9571E-10 9.8841E-10 9.8098E-10 9.7344E-10 9.6579E-10 9.5803E-10 9.5017E-10 9.4221E-10 9.3416E-10 9.2601E-10 9.1779E-10 9.0948E-10 9.0110E-10 8.9265E-10 8.8413E-10 8.7482E-10 8.6621E-10 8.5685E-10 8.4748E-10 8.3878E-10 8.3005E-10 8.2127E-10 8.1246E-10 8.0361E-10 7.9474E-10 7.8585E-10 7.7694E-10 7.6801E-10 7.5907E-10 7.5012E-10 7.4116E-10 7.3221E-10 7.2325E-10 7.1431E-10 7.0537E-10 6.9644E-10 6.8753E-10 6.7864E-10 6.6976E-10 6.6092E-10 6.5210E-10 6.4331E-10 6.3455E-10 6.2418E-10 6.1313E-10 6.0305E-10 5.9348E-10 5.8481E-10
1.0387E-09 1.0328E-09 1.0269E-09 1.0207E-09 1.0144E-09 1.0080E-09 1.0014E-09 9.9465E-10 9.8779E-10 9.8080E-10 9.7368E-10 9.6644E-10 9.5909E-10 9.5162E-10 9.4405E-10 9.3637E-10 9.2860E-10 9.2073E-10 9.1278E-10 9.0474E-10 8.9662E-10 8.8842E-10 8.8016E-10 8.7110E-10 8.6274E-10 8.5290E-10 8.4448E-10 8.3601E-10 8.2750E-10 8.1894E-10 8.1033E-10 8.0170E-10 7.9303E-10 7.8433E-10 7.7561E-10 7.6687E-10 7.5811E-10 7.4933E-10 7.4055E-10 7.3176E-10 7.2297E-10 7.1418E-10 7.0539E-10 6.9661E-10 6.8785E-10 6.7909E-10 6.7035E-10 6.6163E-10 6.5294E-10 6.4427E-10 6.3563E-10 6.2536E-10 6.1441E-10 6.0443E-10 5.9495E-10 5.8637E-10 5.7784E-10
1.0223E-09 1.0167E-09 1.0109E-09 1.0049E-09 9.9876E-10 9.9249E-10 9.8608E-10 9.7953E-10 9.7284E-10 9.6603E-10 9.5909E-10 9.5203E-10 9.4486E-10 9.3757E-10 9.3018E-10 9.2269E-10 9.1510E-10 9.0741E-10 8.9964E-10 8.9178E-10 8.8385E-10 8.7583E-10 8.6704E-10 8.5820E-10 8.4933E-10 8.4115E-10 8.3291E-10 8.2461E-10 8.1627E-10 8.0789E-10 7.9946E-10 7.9099E-10 7.8249E-10 7.7397E-10 7.6541E-10 7.5684E-10 7.4825E-10 7.3964E-10 7.3102E-10 7.2240E-10 7.1377E-10 7.0514E-10 6.9651E-10 6.8789E-10 6.7928E-10 6.7068E-10 6.6209E-10 6.5353E-10 6.4498E-10 6.3646E-10 6.2630E-10 6.1545E-10 6.0558E-10 5.9620E-10 5.8771E-10 5.7928E-10 5.7089E-10
1.0062E-09 1.0007E-09 9.9503E-10 9.8923E-10 9.8327E-10 9.7716E-10 9.7092E-10 9.6454E-10 9.5803E-10 9.5139E-10 9.4463E-10 9.3775E-10 9.3075E-10 9.2364E-10 9.1643E-10 9.0912E-10 9.0171E-10 8.9420E-10 8.8661E-10 8.7893E-10 8.7044E-10 8.6263E-10 8.5405E-10 8.4543E-10 8.3748E-10 8.2947E-10 8.2141E-10 8.1328E-10 8.0511E-10 7.9690E-10 7.8864E-10 7.8035E-10 7.7202E-10 7.6366E-10 7.5527E-10 7.4686E-10 7.3843E-10 7.2999E-10 7.2153E-10 7.1307E-10 7.0460E-10 6.9613E-10 6.8766E-10 6.7919E-10 6.7074E-10 6.6229E-10 6.5385E-10 6.4544E-10 6.3704E-10 6.2700E-10 6.1626E-10 6.0649E-10 5.9722E-10 5.8884E-10 5.8050E-10 5.7220E-10 5.6396E-10
9.9020E-10 9.8486E-10 9.7937E-10 9.7372E-10 9.6793E-10 9.6199E-10 9.5591E-10 9.4970E-10 9.4336E-10 9.3689E-10 9.3030E-10 9.2359E-10 9.1677E-10 9.0984E-10 9.0280E-10 8.9566E-10 8.8842E-10 8.8109E-10 8.7368E-10 8.6545E-10 8.5790E-10 8.4957E-10 8.4120E-10 8.3349E-10 8.2571E-10 8.1787E-10 8.0998E-10 8.0202E-10 7.9402E-10 7.8597E-10 7.7788E-10 7.6976E-10 7.6159E-10 7.5340E-10 7.4518E-10 7.3693E-10 7.2867E-10 7.2038E-10 7.1209E-10 7.0378E-10 6.9547E-10 6.8716E-10 6.7884E-10 6.7053E-10 6.6222E-10 6.5393E-10 6.4564E-10 6.3737E-10 6.2746E-10 6.1684E-10 6.0718E-10 5.9802E-10 5.8974E-10 5.8150E-10 5.7330E-10 5.6515E-10 5.5705E-10
9.7440E-10 9.6921E-10 9.6387E-10 9.5838E-10 9.5275E-10 9.4697E-10 9.4106E-10 9.3501E-10 9.2883E-10 9.2253E-10 9.1611E-10 9.0957E-10 9.0292E-10 8.9615E-10 8.8929E-10 8.8232E-10 8.7525E-10 8.6810E-10 8.6014E-10 8.5212E-10 8.4405E-10 8.3665E-10 8.2917E-10 8.2163E-10 8.1402E-10 8.0635E-10 7.9862E-10 7.9084E-10 7.8300E-10 7.7512E-10 7.6719E-10 7.5923E-10 7.5123E-10 7.4320E-10 7.3514E-10 7.2705E-10 7.1895E-10 7.1082E-10 7.0268E-10 6.9454E-10 6.8638E-10 6.7822E-10 6.7006E-10 6.6190E-10 6.5374E-10 6.4559E-10 6.3746E-10 6.2767E-10 6.1717E-10 6.0763E-10 5.9859E-10 5.9041E-10 5.8228E-10 5.7419E-10 5.6613E-10 5.5812E-10 5.5016E-10
9.5876E-10 9.5373E-10 9.4854E-10 9.4320E-10 9.3773E-10 9.3211E-10 9.2635E-10 9.2047E-10 9.1445E-10 9.0831E-10 9.0205E-10 8.9568E-10 8.8919E-10 8.8259E-10 8.7589E-10 8.6909E-10 8.6146E-10 8.5451E-10 8.4675E-10 8.3894E-10 8.3178E-10 8.2455E-10 8.1724E-10 8.0986E-10 8.0241E-10 7.9491E-10 7.8734E-10 7.7972E-10 7.7205E-10 7.6433E-10 7.5656E-10 7.4876E-10 7.4092E-10 7.3305E-10 7.2515E-10 7.1722E-10 7.0928E-10 7.0131E-10 6.9333E-10 6.8533E-10 6.7733E-10 6.6932E-10 6.6131E-10 6.5330E-10 6.4529E-10 6.3729E-10 6.2764E-10 6.1727E-10 6.0786E-10 5.9893E-10 5.9087E-10 5.8285E-10 5.7486E-10 5.6691E-10 5.5899E-10 5.5112E-10 5.4249E-10
9.4330E-10 9.3841E-10 9.3337E-10 9.2819E-10 9.2286E-10 9.1740E-10 9.1180E-10 9.0607E-10 9.0021E-10 8.9423E-10 8.8813E-10 8.8192E-10 8.7559E-10 8.6916E-10 8.6262E-10 8.5527E-10 8.4856E-10 8.4034E-10 8.3352E-10 8.2660E-10 8.1961E-10 8.1254E-10 8.0539E-10 7.9817E-10 7.9089E-10 7.8354E-10 7.7614E-10 7.6868E-10 7.6117E-10 7.5361E-10 7.4600E-10 7.3836E-10 7.3068E-10 7.2296E-10 7.1522E-10 7.0745E-10 6.9966E-10 6.9185E-10 6.8402E-10 6.7617E-10 6.6832E-10 6.6046E-10 6.5260E-10 6.4474E-10 6.3688E-10 6.2737E-10 6.1713E-10 6.0784E-10 5.9904E-10 5.9110E-10 5.8319E-10 5.7531E-10 5.6747E-10 5.5965E-10 5.5147E-10 5.4253E-10 5.3315E-10
9.2801E-10 9.2327E-10 9.1837E-10 9.1333E-10 9.0816E-10 9.0284E-10 8.9739E-10 8.9182E-10 8.8611E-10 8.8029E-10 8.7435E-10 8.6829E-10 8.6212E-10 8.5585E-10 8.4877E-10 8.4160E-10 8.3438E-10 8.2780E-10 8.2113E-10 8.1437E-10 8.0754E-10 8.0062E-10 7.9363E-10 7.8658E-10 7.7945E-10 7.7226E-10 7.6502E-10 7.5771E-10 7.5036E-10 7.4296E-10 7.3551E-10 7.2802E-10 7.2050E-10 7.1294E-10 7.0535E-10 6.9773E-10 6.9009E-10 6.8243E-10 6.7475E-10 6.6706E-10 6.5936E-10 6.5165E-10 6.4393E-10 6.3622E-10 6.2685E-10 6.1675E-10 6.0760E-10 5.9892E-10 5.9110E-10 5.8331E-10 5.7555E-10 5.6781E-10 5.5969E-10 5.5203E-10 5.4319E-10 5.3391E-10 5.2580E-10
9.1290E-10 9.0829E-10 9.0354E-10 8.9865E-10 8.9361E-10 8.8844E-10 8.8314E-10 8.7771E-10 8.7216E-10 8.6649E-10 8.6070E-10 8.5480E-10 8.4806E-10 8.4197E-10 8.3508E-10 8.2812E-10 8.2178E-10 8.1536E-10 8.0884E-10 8.0224E-10 7.9556E-10 7.8880E-10 7.8197E-10 7.7507E-10 7.6810E-10 7.6107E-10 7.5397E-10 7.4683E-10 7.3963E-10 7.3238E-10 7.2509E-10 7.1775E-10 7.1038E-10 7.0298E-10 6.9554E-10 6.8807E-10 6.8058E-10 6.7307E-10 6.6554E-10 6.5800E-10 6.5044E-10 6.4288E-10 6.3531E-10 6.2609E-10 6.1613E-10 6.0712E-10 5.9858E-10 5.9088E-10 5.8321E-10 5.7556E-10 5.6753E-10 5.5994E-10 5.5238E-10 5.4283E-10 5.3447E-10 5.2646E-10 5.1799E-10
8.9796E-10 8.9349E-10 8.8887E-10 8.8412E-10 8.7923E-10 8.7420E-10 8.6904E-10 8.6376E-10 8.5836E-10 8.5283E-10 8.4646E-10 8.4073E-10 8.3419E-10 8.2756E-10 8.2157E-10 8.1549E-10 8.0930E-10 8.0303E-10 7.9666E-10 7.9022E-10 7.8369E-10 7.7708E-10 7.7040E-10 7.6365E-10 7.5683E-10 7.4995E-10 7.4301E-10 7.3602E-10 7.2897E-10 7.2188E-10 7.1474E-10 7.0755E-10 7.0033E-10 6.9307E-10 6.8579E-10 6.7847E-10 6.7113E-10 6.6377E-10 6.5638E-10 6.4898E-10 6.4157E-10 6.3415E-10 6.2508E-10 6.1445E-10 6.0558E-10 5.9800E-10 5.9044E-10 5.8289E-10 5.7495E-10 5.6745E-10 5.5997E-10 5.5170E-10 5.4309E-10 5.3484E-10 5.2640E-10 5.1856E-10 5.1130E-10
8.8320E-10 8.7886E-10 8.7438E-10 8.6976E-10 8.6500E-10 8.6011E-10 8.5510E-10 8.4996E-10 8.4469E-10 8.3860E-10 8.3241E-10 8.2613E-10 8.2050E-10 8.1475E-10 8.0891E-10 8.0297E-10 7.9693E-10 7.9081E-10 7.8459E-10 7.7829E-10 7.7191E-10 7.6545E-10 7.5892E-10 7.5232E-10 7.4565E-10 7.3893E-10 7.3214E-10 7.2529E-10 7.1839E-10 7.1145E-10 7.0446E-10 6.9742E-10 6.9035E-10 6.8324E-10 6.7610E-10 6.6893E-10 6.6173E-10 6.5452E-10 6.4728E-10 6.4002E-10 6.3275E-10 6.2301E-10 6.1253E-10 6.0464E-10 5.9720E-10 5.8936E-10 5.8194E-10 5.7454E-10 5.6716E-10 5.5980E-10 5.5164E-10 5.4315E-10 5.3446E-10 5.2614E-10 5.1894E-10 5.1178E-10 5.0465E-10
8.6861E-10 8.6440E-10 8.6004E-10 8.5556E-10 8.5093E-10 8.4618E-10 8.4130E-10 8.3558E-10 8.3048E-10 8.2456E-10 8.1855E-10 8.1317E-10 8.0767E-10 8.0207E-10 7.9637E-10 7.9057E-10 7.8468E-10 7.7870E-10 7.7262E-10 7.6647E-10 7.6024E-10 7.5393E-10 7.4754E-10 7.4109E-10 7.3457E-10 7.2799E-10 7.2134E-10 7.1465E-10 7.0790E-10 7.0110E-10 6.9425E-10 6.8736E-10 6.8044E-10 6.7347E-10 6.6648E-10 6.5945E-10 6.5240E-10 6.4532E-10 6.3823E-10 6.3111E-10 6.2153E-10 6.1122E-10 6.0348E-10 5.9576E-10 5.8847E-10 5.8118E-10 5.7391E-10 5.6665E-10 5.5941E-10 5.5138E-10 5.4300E-10 5.3444E-10 5.2623E-10 5.1913E-10 5.1207E-10 5.0503E-10 4.9854E-10
8.5419E-10 8.5011E-10 8.4588E-10 8.4152E-10 8.3703E-10 8.3168E-10 8.2696E-10 8.2140E-10 8.1575E-10 8.1072E-10 8.0558E-10 8.0033E-10 7.9497E-10 7.8951E-10 7.8395E-10 7.7829E-10 7.7254E-10 7.6670E-10 7.6077E-10 7.5476E-10 7.4867E-10 7.4250E-10 7.3626E-10 7.2995E-10 7.2357E-10 7.1713E-10 7.1064E-10 7.0408E-10 6.9748E-10 6.9082E-10 6.8412E-10 6.7738E-10 6.7059E-10 6.6377E-10 6.5692E-10 6.5003E-10 6.4312E-10 6.3619E-10 6.2923E-10 6.1815E-10 6.0968E-10 6.0168E-10 5.9452E-10 5.8736E-10 5.8021E-10 5.7307E-10 5.6593E-10 5.5882E-10 5.5091E-10 5.4130E-10 5.3368E-10 5.2612E-10 5.1913E-10 5.1217E-10 5.0523E-10 4.9883E-10 4.9244E-10
8.3995E-10 8.3598E-10 8.3188E-10 8.2765E-10 8.2257E-10 8.1738E-10 8.1210E-10 8.0743E-10 8.0265E-10 7.9775E-10 7.9274E-10 7.8763E-10 7.8240E-10 7.7707E-10 7.7165E-10 7.6613E-10 7.6051E-10 7.5481E-10 7.4902E-10 7.4315E-10 7.3720E-10 7.3117E-10 7.2507E-10 7.1890E-10 7.1267E-10 7.0637E-10 7.0002E-10 6.9361E-10 6.8714E-10 6.8063E-10 6.7407E-10 6.6746E-10 6.6082E-10 6.5414E-10 6.4743E-10 6.4068E-10 6.3391E-10 6.2545E-10 6.1622E-10 6.0792E-10 6.0006E-10 5.9305E-10 5.8603E-10 5.7902E-10 5.7201E-10 5.6501E-10 5.5760E-10 5.4942E-10 5.4077E-10 5.3273E-10 5.2529E-10 5.1841E-10 5.1155E-10 5.0524E-10 4.9894E-10 4.9264E-10 4.8635E-10
8.2588E-10 8.2203E-10 8.1733E-10 8.1252E-10 8.0760E-10 8.0331E-10 7.9889E-10 7.9435E-10 7.8969E-10 7.8492E-10 7.8004E-10 7.7505E-10 7.6996E-10 7.6476E-10 7.5947E-10 7.5408E-10 7.4860E-10 7.4303E-10 7.3738E-10 7.3165E-10 7.2583E-10 7.1994E-10 7.1398E-10 7.0795E-10 7.0186E-10 6.9570E-10 6.8949E-10 6.8321E-10 6.7689E-10 6.7051E-10 6.6409E-10 6.5763E-10 6.5112E-10 6.4458E-10 6.3800E-10 6.3140E-10 6.2311E-10 6.1406E-10 6.0509E-10 5.9823E-10 5.9136E-10 5.8448E-10 5.7720E-10 5.7033E-10 5.6346E-10 5.5578E-10 5.4774E-10 5.3949E-10 5.3159E-10 5.2481E-10 5.1804E-10 5.1129E-10 5.0508E-10 4.9887E-10 4.9266E-10 4.8646E-10 4.8026E-10
8.1126E-10 8.0683E-10 8.0228E-10 7.9836E-10 7.9430E-10 7.9012E-10 7.8582E-10 7.8140E-10 7.7687E-10 7.7222E-10 7.6747E-10 7.6261E-10 7.5764E-10 7.5258E-10 7.4741E-10 7.4216E-10 7.3681E-10 7.3137E-10 7.2585E-10 7.2025E-10 7.1457E-10 7.0882E-10 7.0300E-10 6.9710E-10 6.9114E-10 6.8512E-10 6.7904E-10 6.7291E-10 6.6672E-10 6.6048E-10 6.5419E-10 6.4787E-10 6.4150E-10 6.3509E-10 6.2865E-10 6.1971E-10 6.1002E-10 6.0288E-10 5.9576E-10 5.8904E-10 5.8231E-10 5.7558E-10 5.6885E-10 5.6211E-10 5.5457E-10 5.4667E-10 5.3803E-10 5.3080E-10 5.2414E-10 5.1748E-10 5.1083E-10 5.0472E-10 4.9861E-10 4.9250E-10 4.8639E-10 4.7977E-10 4.7318E-10
7.9616E-10 7.9260E-10 7.8891E-10 7.8509E-10 7.8115E-10 7.7709E-10 7.7291E-10 7.6861E-10 7.6419E-10 7.5967E-10 7.5503E-10 7.5029E-10 7.4545E-10 7.4051E-10 7.3548E-10 7.3035E-10 7.2513E-10 7.1983E-10 7.1444E-10 7.0897E-10 7.0342E-10 6.9780E-10 6.9211E-10 6.8635E-10 6.8052E-10 6.7463E-10 6.6869E-10 6.6269E-10 6.5663E-10 6.5053E-10 6.4438E-10 6.3818E-10 6.3195E-10 6.2567E-10 6.1525E-10 6.0742E-10 6.0004E-10 5.9349E-10 5.8692E-10 5.8034E-10 5.7375E-10 5.6716E-10 5.6056E-10 5.5235E-10 5.4406E-10 5.3638E-10 5.2929E-10 5.2274E-10 5.1620E-10 5.1020E-10 5.0419E-10 4.9818E-10 4.9216E-10 4.8615E-10 4.7963E-10 4.7313E-10 4.6716E-10
