Assets/Resources/2015_m01_d17_1900(utc+0800)_l00_csi_1hr_conc.grd
DSAA
         159         159
     -79.000      79.000
     -79.000      79.000
  0.0000E+00  0.1335E-04
[rows 100 to 124 of 159, columns 0 to 56 of 159]
1.2025E-10 1.3657E-10 1.5933E-10 1.8093E-10 1.9898E-10 2.2673E-10 2.5829E-10 2.8905E-10 3.1898E-10 3.4187E-10 3.8998E-10 4.2117E-10 4.6697E-10 4.9958E-10 5.3468E-10 5.6846E-10 6.0462E-10 6.3428E-10 6.5849E-10 6.8785E-10 7.1597E-10 7.3470E-10 7.5018E-10 7.7781E-10 7.9047E-10 8.0618E-10 8.1612E-10 8.2567E-10 8.2877E-10 8.3550E-10 8.4223E-10 8.4706E-10 8.4428E-10 8.4626E-10 8.4681E-10 8.4721E-10 8.4632E-10 8.4391E-10 8.4120E-10 8.3649E-10 8.3044E-10 7.9719E-10 7.8044E-10 7.6880E-10 7.5678E-10 7.4424E-10 7.3299E-10 7.0901E-10 6.9771E-10 6.8791E-10 6.5246E-10 6.3412E-10 6.1222E-10 5.9312E-10 5.7678E-10 5.6016E-10 5.2652E-10
1.0432E-10 1.1921E-10 1.3220E-10 1.4936E-10 1.7467E-10 1.9229E-10 2.1548E-10 2.2906E-10 2.6795E-10 2.9427E-10 3.3436E-10 3.5828E-10 3.8515E-10 4.2905E-10 4.5699E-10 4.9405E-10 5.3479E-10 5.6112E-10 5.9132E-10 6.1894E-10 6.4440E-10 6.6002E-10 6.7389E-10 6.8680E-10 7.1099E-10 7.2114E-10 7.3074E-10 7.3854E-10 7.4561E-10 7.5175E-10 7.5608E-10 7.5994E-10 7.6202E-10 7.6325E-10 7.5825E-10 7.5766E-10 7.5052E-10 7.4279E-10 7.3172E-10 7.2786E-10 7.1900E-10 7.0964E-10 6.9577E-10 6.7931E-10 6.7016E-10 6.6362E-10 6.5695E-10 6.2967E-10 6.1017E-10 5.9093E-10 5.7427E-10 5.5933E-10 5.5127E-10 5.2117E-10 5.0165E-10 4.7415E-10 4.5252E-10
9.4998E-11 1.0402E-10 1.1364E-10 1.2984E-10 1.4268E-10 1.5768E-10 1.8060E-10 1.9965E-10 2.1851E-10 2.4251E-10 2.7100E-10 3.0050E-10 3.2574E-10 3.6426E-10 3.8688E-10 4.2001E-10 4.4888E-10 4.8278E-10 5.0248E-10 5.2750E-10 5.4991E-10 5.6391E-10 5.8051E-10 6.1182E-10 6.3193E-10 6.4341E-10 6.5022E-10 6.5619E-10 6.5583E-10 6.6125E-10 6.5672E-10 6.6007E-10 6.6247E-10 6.5886E-10 6.5955E-10 6.5422E-10 6.5421E-10 6.4979E-10 6.4747E-10 6.4186E-10 6.3792E-10 6.3395E-10 6.2956E-10 6.1232E-10 5.8537E-10 5.7624E-10 5.6155E-10 5.4684E-10 5.4171E-10 5.2172E-10 5.0578E-10 4.9279E-10 4.6464E-10 4.4268E-10 4.1936E-10 4.0405E-10 3.9066E-10
7.8089E-11 9.2571E-11 1.0385E-10 1.1319E-10 1.2313E-10 1.4019E-10 1.5288E-10 1.6504E-10 1.8487E-10 2.0627E-10 2.2580E-10 2.4554E-10 2.6918E-10 2.9209E-10 3.1700E-10 3.4055E-10 3.8075E-10 4.0617E-10 4.2395E-10 4.5135E-10 4.7034E-10 4.9175E-10 5.0697E-10 5.2900E-10 5.4490E-10 5.5279E-10 5.5994E-10 5.6606E-10 5.7086E-10 5.8259E-10 5.8569E-10 5.8798E-10 5.8972E-10 5.9115E-10 5.8431E-10 5.8479E-10 5.8450E-10 5.7889E-10 5.7769E-10 5.7100E-10 5.5407E-10 5.4689E-10 5.3436E-10 5.2590E-10 5.1001E-10 4.9582E-10 4.9174E-10 4.7835E-10 4.7080E-10 4.4606E-10 4.2147E-10 4.0537E-10 3.9154E-10 3.7972E-10 3.7475E-10 3.4868E-10 3.4107E-10
6.7885E-11 7.7269E-11 8.5198E-11 9.8928E-11 1.1182E-10 1.2192E-10 1.3209E-10 1.4642E-10 1.5819E-10 1.7190E-10 1.8385E-10 2.0881E-10 2.2786E-10 2.4804E-10 2.6829E-10 2.8586E-10 3.0282E-10 3.3259E-10 3.5045E-10 3.6755E-10 3.8681E-10 4.0228E-10 4.2425E-10 4.5585E-10 4.6308E-10 4.7245E-10 4.8106E-10 4.8897E-10 5.0514E-10 5.0911E-10 5.1261E-10 5.1533E-10 5.1724E-10 5.1268E-10 5.0467E-10 5.0509E-10 4.9615E-10 4.9614E-10 4.8317E-10 4.8197E-10 4.7735E-10 4.7244E-10 4.6387E-10 4.5850E-10 4.5557E-10 4.4409E-10 4.0566E-10 3.9795E-10 3.8543E-10 3.7326E-10 3.6963E-10 3.5870E-10 3.3779E-10 3.2764E-10 3.2118E-10 3.1098E-10 3.0143E-10
5.3348E-11 6.2869E-11 7.4002E-11 8.3481E-11 8.9573E-11 1.0044E-10 1.1590E-10 1.2755E-10 1.3712E-10 1.5076E-10 1.6364E-10 1.7157E-10 1.8716E-10 2.0104E-10 2.2343E-10 2.3681E-10 2.5550E-10 2.7962E-10 2.8843E-10 3.0442E-10 3.1908E-10 3.3324E-10 3.5269E-10 3.7131E-10 3.8688E-10 3.9474E-10 3.9955E-10 4.0413E-10 4.1539E-10 4.1831E-10 4.2068E-10 4.2259E-10 4.2397E-10 4.2493E-10 4.2552E-10 4.2591E-10 4.2597E-10 4.2586E-10 4.1806E-10 4.1773E-10 4.0583E-10 3.9931E-10 3.8814E-10 3.7714E-10 3.6602E-10 3.6357E-10 3.5646E-10 3.3259E-10 3.2984E-10 3.2427E-10 3.1258E-10 3.0597E-10 2.9433E-10 2.9152E-10 2.8114E-10 2.7382E-10 2.6750E-10
4.5271E-11 5.3278E-11 5.8137E-11 6.6776E-11 7.6348E-11 8.9746E-11 9.5342E-11 1.0111E-10 1.1865E-10 1.2931E-10 1.4448E-10 1.5515E-10 1.6575E-10 1.7896E-10 1.8655E-10 1.9467E-10 2.0967E-10 2.3374E-10 2.4579E-10 2.5278E-10 2.5913E-10 2.6870E-10 2.9863E-10 3.0626E-10 3.1069E-10 3.1749E-10 3.2392E-10 3.4156E-10 3.4743E-10 3.5295E-10 3.5530E-10 3.5725E-10 3.5871E-10 3.5967E-10 3.6033E-10 3.6069E-10 3.5552E-10 3.4710E-10 3.4674E-10 3.4176E-10 3.3670E-10 3.2415E-10 3.2066E-10 3.1984E-10 3.1008E-10 3.0876E-10 3.0427E-10 2.9871E-10 2.8802E-10 2.8575E-10 2.7588E-10 2.6906E-10 2.6638E-10 2.5656E-10 2.4697E-10 2.3828E-10 2.3536E-10
3.3339E-11 3.8692E-11 4.7359E-11 5.5592E-11 6.2735E-11 6.6906E-11 8.0343E-11 9.0079E-11 1.0116E-10 1.0683E-10 1.1482E-10 1.3246E-10 1.4241E-10 1.5768E-10 1.6851E-10 1.7906E-10 1.8641E-10 1.9868E-10 2.0555E-10 2.1142E-10 2.2070E-10 2.3249E-10 2.5081E-10 2.5966E-10 2.6347E-10 2.6694E-10 2.6997E-10 2.7266E-10 2.7497E-10 2.7694E-10 2.7860E-10 2.7993E-10 2.8104E-10 2.8195E-10 2.8266E-10 2.8640E-10 2.8988E-10 2.9013E-10 2.9013E-10 2.8990E-10 2.8944E-10 2.8517E-10 2.8133E-10 2.7463E-10 2.7341E-10 2.6745E-10 2.6289E-10 2.5693E-10 2.5513E-10 2.4914E-10 2.4034E-10 2.3832E-10 2.3053E-10 2.2162E-10 2.1947E-10 2.1184E-10 2.0531E-10
2.2049E-11 2.7493E-11 3.5377E-11 3.9877E-11 5.1112E-11 5.9249E-11 6.5925E-11 7.1240E-11 8.1451E-11 9.2433E-11 1.0234E-10 1.1146E-10 1.1704E-10 1.2510E-10 1.4031E-10 1.4913E-10 1.6318E-10 1.7423E-10 1.8885E-10 1.9398E-10 1.9926E-10 2.0350E-10 2.1408E-10 2.1766E-10 2.2092E-10 2.2382E-10 2.3052E-10 2.3983E-10 2.4183E-10 2.4357E-10 2.4500E-10 2.5057E-10 2.5162E-10 2.5250E-10 2.5320E-10 2.5372E-10 2.5408E-10 2.5425E-10 2.4992E-10 2.4977E-10 2.4945E-10 2.4895E-10 2.4830E-10 2.4341E-10 2.3561E-10 2.3459E-10 2.3342E-10 2.2637E-10 2.2500E-10 2.1675E-10 2.1522E-10 2.0819E-10 2.0215E-10 1.9630E-10 1.9458E-10 1.8884E-10 1.8393E-10
1.4146E-11 1.8278E-11 2.4010E-11 2.9811E-11 3.7260E-11 4.1469E-11 5.0929E-11 6.0702E-11 6.8119E-11 7.3446E-11 7.8882E-11 8.7910E-11 9.8131E-11 1.1160E-10 1.1767E-10 1.2612E-10 1.3209E-10 1.4541E-10 1.5374E-10 1.5928E-10 1.6716E-10 1.7496E-10 1.9162E-10 1.9928E-10 2.0297E-10 2.0554E-10 2.0861E-10 2.1059E-10 2.1233E-10 2.1379E-10 2.1502E-10 2.2195E-10 2.2290E-10 2.2371E-10 2.2438E-10 2.2489E-10 2.2526E-10 2.2547E-10 2.1975E-10 2.1970E-10 2.1950E-10 2.1916E-10 2.1868E-10 2.1806E-10 2.1058E-10 2.0430E-10 2.0341E-10 2.0240E-10 1.9695E-10 1.9164E-10 1.9042E-10 1.8517E-10 1.8072E-10 1.7930E-10 1.7228E-10 1.6745E-10 1.6280E-10
8.1770E-12 1.1905E-11 1.5396E-11 1.9000E-11 2.4022E-11 2.9920E-11 3.5514E-11 4.2023E-11 4.6938E-11 5.7781E-11 6.7265E-11 7.5550E-11 8.1046E-11 8.7238E-11 9.5316E-11 1.0254E-10 1.1085E-10 1.2496E-10 1.2926E-10 1.3581E-10 1.4338E-10 1.4934E-10 1.6079E-10 1.6432E-10 1.6672E-10 1.6886E-10 1.7553E-10 1.7719E-10 1.7864E-10 1.8483E-10 1.8594E-10 1.9135E-10 1.9300E-10 1.9377E-10 1.9442E-10 1.9495E-10 1.9535E-10 1.9563E-10 1.9578E-10 1.9580E-10 1.9133E-10 1.9114E-10 1.8667E-10 1.8627E-10 1.8577E-10 1.8514E-10 1.8051E-10 1.7661E-10 1.7575E-10 1.6923E-10 1.6825E-10 1.6383E-10 1.5958E-10 1.5322E-10 1.5209E-10 1.4943E-10 1.4816E-10
4.1678E-12 6.8696E-12 8.8891E-12 1.1087E-11 1.3688E-11 1.9403E-11 2.2418E-11 2.9773E-11 3.7184E-11 4.2076E-11 4.7071E-11 5.3019E-11 6.4820E-11 7.3348E-11 7.8952E-11 8.7440E-11 9.0573E-11 9.7408E-11 1.0806E-10 1.1157E-10 1.1502E-10 1.2252E-10 1.3449E-10 1.3672E-10 1.4114E-10 1.4495E-10 1.5160E-10 1.5377E-10 1.5810E-10 1.6562E-10 1.6661E-10 1.6750E-10 1.6910E-10 1.6980E-10 1.7039E-10 1.7166E-10 1.7206E-10 1.7234E-10 1.7252E-10 1.6949E-10 1.7024E-10 1.7012E-10 1.6433E-10 1.6406E-10 1.6369E-10 1.6322E-10 1.5612E-10 1.5554E-10 1.4963E-10 1.4895E-10 1.4818E-10 1.4589E-10 1.4499E-10 1.4401E-10 1.3996E-10 1.3888E-10 1.3774E-10
2.7089E-12 3.5147E-12 3.7437E-12 6.6530E-12 9.5730E-12 1.1893E-11 1.4630E-11 1.8633E-11 2.1722E-11 2.8464E-11 3.6678E-11 3.8939E-11 4.6138E-11 4.9954E-11 5.6282E-11 6.5919E-11 7.4151E-11 8.3891E-11 8.6296E-11 9.1012E-11 9.7782E-11 1.0333E-10 1.1118E-10 1.1373E-10 1.1769E-10 1.1914E-10 1.2290E-10 1.2400E-10 1.2493E-10 1.2655E-10 1.2901E-10 1.3176E-10 1.4152E-10 1.4424E-10 1.4480E-10 1.4528E-10 1.4648E-10 1.4679E-10 1.4701E-10 1.4186E-10 1.4194E-10 1.4193E-10 1.4184E-10 1.4247E-10 1.4222E-10 1.4044E-10 1.4004E-10 1.3956E-10 1.3901E-10 1.3838E-10 1.3469E-10 1.3316E-10 1.3235E-10 1.3147E-10 1.2428E-10 1.2202E-10 1.2027E-10
0.0000E+00 7.1860E-13 2.2697E-12 3.1298E-12 4.0328E-12 7.1391E-12 8.4219E-12 1.1831E-11 1.3305E-11 1.6288E-11 2.0629E-11 2.3905E-11 3.1778E-11 3.8973E-11 4.2279E-11 4.8268E-11 5.2324E-11 5.5467E-11 6.6476E-11 7.1411E-11 7.5739E-11 8.3573E-11 9.0433E-11 9.1945E-11 9.7371E-11 1.0051E-10 1.0651E-10 1.1119E-10 1.1375E-10 1.1534E-10 1.1606E-10 1.1672E-10 1.1810E-10 1.2033E-10 1.2081E-10 1.2197E-10 1.2231E-10 1.2258E-10 1.2278E-10 1.2365E-10 1.2537E-10 1.2536E-10 1.2225E-10 1.2212E-10 1.2192E-10 1.2164E-10 1.2130E-10 1.2089E-10 1.2042E-10 1.1194E-10 1.1007E-10 1.0950E-10 1.0888E-10 1.0512E-10 1.0441E-10 9.9410E-11 9.4509E-11
0.0000E+00 0.0000E+00 0.0000E+00 7.7691E-13 2.4444E-12 3.3563E-12 4.3074E-12 4.5377E-12 7.9909E-12 1.0441E-11 1.3089E-11 1.4638E-11 1.9030E-11 2.1285E-11 2.4736E-11 3.1829E-11 4.1907E-11 4.5097E-11 4.7876E-11 4.9785E-11 5.5685E-11 6.0902E-11 6.6835E-11 7.1659E-11 7.4890E-11 7.7086E-11 8.1486E-11 8.2158E-11 8.3990E-11 8.9828E-11 9.2022E-11 9.7803E-11 1.0575E-10 1.0624E-10 1.0666E-10 1.0703E-10 1.0814E-10 1.0838E-10 1.0857E-10 1.0869E-10 1.0239E-10 1.0184E-10 1.0182E-10 1.0174E-10 1.0161E-10 1.0142E-10 1.0118E-10 1.0087E-10 9.7369E-11 9.4426E-11 9.1604E-11 9.1157E-11 8.7760E-11 8.7257E-11 8.6710E-11 8.6119E-11 8.1746E-11
0.0000E+00 0.0000E+00 0.0000E+00 0.0000E+00 0.0000E+00 0.0000E+00 8.7864E-13 2.7498E-12 3.7535E-12 4.7908E-12 6.2614E-12 8.7952E-12 1.0251E-11 1.4257E-11 1.5866E-11 1.7788E-11 2.2884E-11 2.3681E-11 3.0821E-11 3.8015E-11 4.0835E-11 4.6078E-11 4.9683E-11 5.1183E-11 5.1906E-11 5.6535E-11 6.2731E-11 6.8030E-11 7.0242E-11 7.1530E-11 7.2004E-11 7.2439E-11 7.3600E-11 7.5615E-11 7.5945E-11 7.6978E-11 7.7228E-11 7.7434E-11 7.9209E-11 8.0062E-11 8.0145E-11 8.0183E-11 8.2132E-11 8.2082E-11 8.1986E-11 7.8917E-11 7.8754E-11 7.8547E-11 7.8298E-11 7.8007E-11 7.5726E-11 7.2368E-11 7.0680E-11 6.8689E-11 6.8269E-11 6.7814E-11 6.4350E-11
0.0000E+00 0.0000E+00 0.0000E+00 0.0000E+00 0.0000E+00 0.0000E+00 0.0000E+00 0.0000E+00 9.3029E-13 1.8955E-12 3.9481E-12 5.0236E-12 5.2440E-12 6.8265E-12 9.5367E-12 1.1059E-11 1.5318E-11 1.5839E-11 1.8846E-11 1.9314E-11 2.4304E-11 2.6168E-11 2.9190E-11 3.6458E-11 3.9108E-11 4.0745E-11 4.3925E-11 4.5041E-11 5.0934E-11 5.2019E-11 5.3938E-11 5.6179E-11 6.3750E-11 6.4070E-11 6.4354E-11 6.5382E-11 6.5600E-11 6.5781E-11 6.5926E-11 6.7710E-11 6.8545E-11 6.8582E-11 6.8582E-11 6.8542E-11 6.5468E-11 6.4054E-11 6.4674E-11 6.2853E-11 6.2669E-11 6.2452E-11 6.0833E-11 5.8866E-11 5.6104E-11 5.3477E-11 5.0350E-11 4.9321E-11 4.9007E-11
0.0000E+00 0.0000E+00 0.0000E+00 0.0000E+00 0.0000E+00 0.0000E+00 0.0000E+00 0.0000E+00 0.0000E+00 0.0000E+00 0.0000E+00 1.0224E-12 2.0736E-12 4.2995E-12 4.4734E-12 5.6589E-12 5.8699E-12 7.6065E-12 1.0464E-11 1.3445E-11 1.3720E-11 1.6440E-11 1.9345E-11 1.9566E-11 1.9758E-11 2.3169E-11 2.8912E-11 3.3108E-11 3.5010E-11 3.6032E-11 3.6278E-11 3.6505E-11 3.9064E-11 4.0540E-11 4.0726E-11 4.2999E-11 4.3145E-11 4.6071E-11 4.6884E-11 4.5589E-11 4.6331E-11 4.6373E-11 4.7962E-11 4.9941E-11 4.9919E-11 4.9871E-11 4.9795E-11 4.9693E-11 4.6732E-11 4.6602E-11 4.6448E-11 4.6270E-11 4.4103E-11 4.1857E-11 3.8933E-11 3.7420E-11 3.7173E-11
0.0000E+00 0.0000E+00 0.0000E+00 0.0000E+00 0.0000E+00 0.0000E+00 0.0000E+00 0.0000E+00 0.0000E+00 0.0000E+00 0.0000E+00 0.0000E+00 0.0000E+00 0.0000E+00 0.0000E+00 1.1499E-12 2.3198E-12 4.7838E-12 6.0066E-12 6.1421E-12 7.8562E-12 7.9570E-12 8.0445E-12 1.0971E-11 1.2440E-11 1.3768E-11 1.6625E-11 1.6760E-11 1.9334E-11 1.9466E-11 2.1129E-11 2.4797E-11 2.9648E-11 2.9805E-11 2.9946E-11 3.0832E-11 3.0945E-11 3.2677E-11 3.2762E-11 3.3572E-11 3.3625E-11 3.3658E-11 3.3674E-11 3.3671E-11 3.4375E-11 3.4337E-11 3.4281E-11 3.4207E-11 3.2833E-11 3.2732E-11 3.2614E-11 3.2479E-11 3.0712E-11 2.9231E-11 2.6198E-11 2.2586E-11 2.2455E-11
0.0000E+00 0.0000E+00 0.0000E+00 0.0000E+00 0.0000E+00 0.0000E+00 0.0000E+00 0.0000E+00 0.0000E+00 0.0000E+00 0.0000E+00 0.0000E+00 0.0000E+00 0.0000E+00 0.0000E+00 0.0000E+00 0.0000E+00 0.0000E+00 0.0000E+00 1.2227E-12 2.4220E-12 4.8661E-12 6.0305E-12 6.0922E-12 6.1508E-12 7.8439E-12 7.9117E-12 7.9755E-12 9.6309E-12 9.6998E-12 9.7635E-12 1.1059E-11 1.4026E-11 1.4092E-11 1.5355E-11 1.5409E-11 1.6621E-11 1.8195E-11 1.8230E-11 2.0123E-11 2.2909E-11 2.4860E-11 2.4873E-11 2.4873E-11 2.3525E-11 2.2344E-11 1.9897E-11 1.9868E-11 1.9829E-11 1.9780E-11 1.9720E-11 1.9650E-11 1.9571E-11 1.9481E-11 1.9381E-11 1.9272E-11 1.7237E-11
0.0000E+00 0.0000E+00 0.0000E+00 0.0000E+00 0.0000E+00 0.0000E+00 0.0000E+00 0.0000E+00 0.0000E+00 0.0000E+00 0.0000E+00 0.0000E+00 0.0000E+00 0.0000E+00 0.0000E+00 0.0000E+00 0.0000E+00 0.0000E+00 0.0000E+00 0.0000E+00 0.0000E+00 0.0000E+00 0.0000E+00 1.2071E-12 1.2184E-12 2.4087E-12 3.5713E-12 4.8612E-12 6.0098E-12 6.0498E-12 6.0864E-12 7.7490E-12 7.7888E-12 7.8243E-12 7.8555E-12 7.8821E-12 9.4985E-12 9.5227E-12 9.5415E-12 9.5550E-12 9.5630E-12 9.5655E-12 9.5626E-12 1.1109E-11 1.1097E-11 1.1078E-11 1.1054E-11 1.1023E-11 1.0986E-11 1.0944E-11 9.3454E-12 8.0530E-12 8.0080E-12 7.9587E-12 7.9054E-12 6.2736E-12 6.2216E-12
0.0000E+00 0.0000E+00 0.0000E+00 0.0000E+00 0.0000E+00 0.0000E+00 0.0000E+00 0.0000E+00 0.0000E+00 0.0000E+00 0.0000E+00 0.0000E+00 0.0000E+00 0.0000E+00 0.0000E+00 0.0000E+00 0.0000E+00 0.0000E+00 0.0000E+00 0.0000E+00 0.0000E+00 0.0000E+00 0.0000E+00 0.0000E+00 0.0000E+00 0.0000E+00 0.0000E+00 0.0000E+00 0.0000E+00 0.0000E+00 0.0000E+00 1.2081E-12 2.3821E-12 2.3919E-12 3.5361E-12 3.5471E-12 3.5560E-12 4.6678E-12 4.6752E-12 4.6799E-12 4.6819E-12 4.6812E-12 4.6777E-12 4.6716E-12 4.6628E-12 4.6512E-12 4.6371E-12 4.6203E-12 3.5012E-12 1.1609E-12 0.0000E+00 0.0000E+00 0.0000E+00 0.0000E+00 0.0000E+00 0.0000E+00 0.0000E+00
0.0000E+00 0.0000E+00 0.0000E+00 0.0000E+00 0.0000E+00 0.0000E+00 0.0000E+00 0.0000E+00 0.0000E+00 0.0000E+00 0.0000E+00 0.0000E+00 0.0000E+00 0.0000E+00 0.0000E+00 0.0000E+00 0.0000E+00 0.0000E+00 0.0000E+00 0.0000E+00 0.0000E+00 0.0000E+00 0.0000E+00 0.0000E+00 0.0000E+00 0.0000E+00 0.0000E+00 0.0000E+00 0.0000E+00 0.0000E+00 0.0000E+00 0.0000E+00 0.0000E+00 0.0000E+00 0.0000E+00 0.0000E+00 0.0000E+00 0.0000E+00 0.0000E+00 0.0000E+00 0.0000E+00 0.0000E+00 0.0000E+00 0.0000E+00 0.0000E+00 0.0000E+00 0.0000E+00 0.0000E+00 0.0000E+00 0.0000E+00 0.0000E+00 0.0000E+00 0.0000E+00 0.0000E+00 0.0000E+00 0.0000E+00 0.0000E+00
0.0000E+00 0.0000E+00 0.0000E+00 0.0000E+00 0.0000E+00 0.0000E+00 0.0000E+00 0.0000E+00 0.0000E+00 0.0000E+00 0.0000E+00 0.0000E+00 0.0000E+00 0.0000E+00 0.0000E+00 0.0000E+00 0.0000E+00 0.0000E+00 0.0000E+00 0.0000E+00 0.0000E+00 0.0000E+00 0.0000E+00 0.0000E+00 0.0000E+00 0.0000E+00 0.0000E+00 0.0000E+00 0.0000E+00 0.0000E+00 0.0000E+00 0.0000E+00 0.0000E+00 0.0000E+00 0.0000E+00 0.0000E+00 0.0000E+00 0.0000E+00 0.0000E+00 0.0000E+00 0.0000E+00 0.0000E+00 0.0000E+00 0.0000E+00 0.0000E+00 0.0000E+00 0.0000E+00 0.0000E+00 0.0000E+00 0.0000E+00 0.0000E+00 0.0000E+00 0.0000E+00 0.0000E+00 0.0000E+00 0.0000E+00 0.0000E+00
0.0000E+00 0.0000E+00 0.0000E+00 0.0000E+00 0.0000E+00 0.0000E+00 0.0000E+00 0.0000E+00 0.0000E+00 0.0000E+00 0.0000E+00 0.0000E+00 0.0000E+00 0.0000E+00 0.0000E+00 0.0000E+00 0.0000E+00 0.0000E+00 0.0000E+00 0.0000E+00 0.0000E+00 0.0000E+00 0.0000E+00 0.0000E+00 0.0000E+00 0.0000E+00 0.0000E+00 0.0000E+00 0.0000E+00 0.0000E+00 0.0000E+00 0.0000E+00 0.0000E+00 0.0000E+00 0.0000E+00 0.0000E+00 0.0000E+00 0.0000E+00 0.0000E+00 0.0000E+00 0.0000E+00 0.0000E+00 0.0000E+00 0.0000E+00 0.0000E+00 0.0000E+00 0.0000E+00 0.0000E+00 0.0000E+00 0.0000E+00 0.0000E+00 0.0000E+00 0.0000E+00 0.0000E+00 0.0000E+00 0.0000E+00 0.0000E+00
