Assets/Resources/2015_m01_d23_0200(utc+0800)_l00_csi_1hr_conc.grd
DSAA
         159         159
     -79.000      79.000
     -79.000      79.000
  0.0000E+00  0.4719E-04
[rows 25 to 49 of 159, columns 57 to 113 of 159]
4.7087E-09 5.1737E-09 5.6381E-09 6.0831E-09 6.5162E-09 6.9208E-09 7.3021E-09 7.6624E-09 7.9876E-09 8.2853E-09 8.5488E-09 8.7817E-09 8.9805E-09 9.1472E-09 9.2860E-09 9.3918E-09 9.4776E-09 9.5324E-09 9.5675E-09 9.5785E-09 9.5680E-09 9.5425E-09 9.4954E-09 9.4405E-09 9.3661E-09 9.2845E-09 9.1911E-09 9.0899E-09 8.9835E-09 8.8697E-09 8.7488E-09 8.6294E-09 8.5060E-09 8.3778E-09 8.2485E-09 8.1191E-09 7.9950E-09 7.8641E-09 7.7384E-09 7.6038E-09 7.4710E-09 7.3479E-09 7.2155E-09 7.0839E-09 6.9531E-09 6.8233E-09 6.6945E-09 6.5664E-09 6.4393E-09 6.3129E-09 6.1884E-09 6.0656E-09 5.9464E-09 5.8314E-09 5.7207E-09 5.6135E-09 5.5091E-09
4.5698E-09 5.0386E-09 5.4957E-09 5.9456E-09 6.3775E-09 6.7859E-09 7.1784E-09 7.5382E-09 7.8696E-09 8.1773E-09 8.4461E-09 8.6892E-09 8.8929E-09 9.0689E-09 9.2131E-09 9.3278E-09 9.4182E-09 9.4787E-09 9.5222E-09 9.5361E-09 9.5344E-09 9.5120E-09 9.4721E-09 9.4200E-09 9.3499E-09 9.2748E-09 9.1872E-09 9.0878E-09 8.9876E-09 8.8752E-09 8.7674E-09 8.6453E-09 8.5243E-09 8.3994E-09 8.2809E-09 8.1539E-09 8.0311E-09 7.9002E-09 7.7707E-09 7.6469E-09 7.5151E-09 7.3836E-09 7.2526E-09 7.1223E-09 6.9928E-09 6.8643E-09 6.7366E-09 6.6097E-09 6.4837E-09 6.3582E-09 6.2347E-09 6.1128E-09 5.9941E-09 5.8796E-09 5.7694E-09 5.6625E-09 5.5586E-09
4.4337E-09 4.8931E-09 5.3484E-09 5.8018E-09 6.2333E-09 6.6518E-09 7.0425E-09 7.4074E-09 7.7523E-09 8.0608E-09 8.3394E-09 8.5881E-09 8.7985E-09 8.9852E-09 9.1343E-09 9.2585E-09 9.3535E-09 9.4219E-09 9.4696E-09 9.4923E-09 9.4967E-09 9.4774E-09 9.4454E-09 9.3959E-09 9.3334E-09 9.2637E-09 9.1793E-09 9.0888E-09 8.9909E-09 8.8870E-09 8.7768E-09 8.6607E-09 8.5472E-09 8.4312E-09 8.3095E-09 8.1881E-09 8.0612E-09 7.9408E-09 7.8110E-09 7.6810E-09 7.5509E-09 7.4212E-09 7.2919E-09 7.1632E-09 7.0353E-09 6.9081E-09 6.7819E-09 6.6564E-09 6.5317E-09 6.4074E-09 6.2850E-09 6.1641E-09 6.0462E-09 5.9324E-09 5.8228E-09 5.7164E-09 5.9063E-09
4.2888E-09 4.7439E-09 5.2040E-09 5.6512E-09 6.0885E-09 6.5064E-09 6.9006E-09 7.2752E-09 7.6227E-09 7.9380E-09 8.2289E-09 8.4804E-09 8.7012E-09 8.8938E-09 9.0523E-09 9.1843E-09 9.2828E-09 9.3603E-09 9.4131E-09 9.4443E-09 9.4528E-09 9.4417E-09 9.4148E-09 9.3701E-09 9.3161E-09 9.2505E-09 9.1695E-09 9.0900E-09 8.9939E-09 8.8956E-09 8.7862E-09 8.6850E-09 8.5719E-09 8.4597E-09 8.3380E-09 8.2230E-09 8.0989E-09 7.9721E-09 7.8446E-09 7.7167E-09 7.5888E-09 7.4611E-09 7.3337E-09 7.2069E-09 7.0807E-09 6.9553E-09 6.8307E-09 6.7068E-09 6.5836E-09 6.4609E-09 6.3398E-09 6.2202E-09 6.1032E-09 5.9902E-09 5.8814E-09 5.7758E-09 6.0264E-09
4.1412E-09 4.5983E-09 5.0497E-09 5.4967E-09 5.9380E-09 6.3559E-09 6.7578E-09 7.1365E-09 7.4873E-09 7.8139E-09 8.1080E-09 8.3671E-09 8.6012E-09 8.7969E-09 8.9653E-09 9.1020E-09 9.2096E-09 9.2951E-09 9.3519E-09 9.3925E-09 9.4051E-09 9.4014E-09 9.3812E-09 9.3422E-09 9.2985E-09 9.2343E-09 9.1665E-09 9.0859E-09 8.9969E-09 8.9031E-09 8.8090E-09 8.7049E-09 8.5966E-09 8.4846E-09 8.3731E-09 8.2519E-09 8.1290E-09 8.0049E-09 7.8800E-09 7.7546E-09 7.6291E-09 7.5036E-09 7.3785E-09 7.2538E-09 7.1297E-09 7.0063E-09 6.8836E-09 6.7616E-09 6.6402E-09 6.5193E-09 6.3997E-09 6.2816E-09 6.1658E-09 6.0538E-09 5.9460E-09 6.1750E-09 6.1638E-09
3.9940E-09 4.4442E-09 4.8927E-09 5.3458E-09 5.7809E-09 6.2048E-09 6.6094E-09 6.9902E-09 7.3511E-09 7.6826E-09 7.9816E-09 8.2534E-09 8.4914E-09 8.6945E-09 8.8729E-09 9.0145E-09 9.1326E-09 9.2230E-09 9.2890E-09 9.3347E-09 9.3526E-09 9.3610E-09 9.3451E-09 9.3177E-09 9.2757E-09 9.2218E-09 9.1583E-09 9.0818E-09 9.0017E-09 8.9169E-09 8.8237E-09 8.7235E-09 8.6236E-09 8.5138E-09 8.3984E-09 8.2805E-09 8.1608E-09 8.0396E-09 7.9176E-09 7.7949E-09 7.6721E-09 7.5492E-09 7.4265E-09 7.3042E-09 7.1825E-09 7.0614E-09 6.9409E-09 6.8211E-09 6.7018E-09 6.5829E-09 6.4652E-09 6.3488E-09 6.2345E-09 6.1238E-09 6.0170E-09 6.3175E-09 6.3207E-09
3.8479E-09 4.2883E-09 4.7404E-09 5.1855E-09 5.6198E-09 6.0489E-09 6.4539E-09 6.8435E-09 7.2082E-09 7.5436E-09 7.8550E-09 8.1332E-09 8.3764E-09 8.5941E-09 8.7733E-09 8.9229E-09 9.0515E-09 9.1466E-09 9.2223E-09 9.2720E-09 9.3020E-09 9.3159E-09 9.3064E-09 9.2902E-09 9.2548E-09 9.2065E-09 9.1474E-09 9.0838E-09 9.0098E-09 8.9294E-09 8.8385E-09 8.7480E-09 8.6432E-09 8.5366E-09 8.4250E-09 8.3107E-09 8.1943E-09 8.0765E-09 7.9576E-09 7.8380E-09 7.7180E-09 7.5980E-09 7.4782E-09 7.3587E-09 7.2396E-09 7.1211E-09 7.0032E-09 6.8859E-09 6.7690E-09 6.6525E-09 6.5368E-09 6.4225E-09 6.3100E-09 6.2008E-09 6.4742E-09 6.4806E-09 6.4997E-09
3.6973E-09 4.1334E-09 4.5799E-09 5.0220E-09 5.4632E-09 5.8868E-09 6.2944E-09 6.6909E-09 7.0581E-09 7.4049E-09 7.7225E-09 8.0056E-09 8.2635E-09 8.4821E-09 8.6695E-09 8.8347E-09 8.9640E-09 9.0658E-09 9.1512E-09 9.2085E-09 9.2491E-09 9.2682E-09 9.2700E-09 9.2599E-09 9.2299E-09 9.1906E-09 9.1434E-09 9.0825E-09 9.0171E-09 8.9402E-09 8.8578E-09 8.7628E-09 8.6625E-09 8.5605E-09 8.4530E-09 8.3426E-09 8.2300E-09 8.1157E-09 8.0002E-09 7.8840E-09 7.7673E-09 7.6505E-09 7.5339E-09 7.4174E-09 7.3014E-09 7.1859E-09 7.0709E-09 6.9564E-09 6.8423E-09 6.7284E-09 6.6151E-09 6.5032E-09 6.3927E-09 6.5244E-09 6.6424E-09 6.6669E-09 6.7036E-09
3.5464E-09 3.9801E-09 4.4176E-09 4.8634E-09 5.2973E-09 5.7214E-09 6.1388E-09 6.5315E-09 6.9062E-09 7.2606E-09 7.5827E-09 7.8803E-09 8.1391E-09 8.3659E-09 8.5692E-09 8.7354E-09 8.8720E-09 8.9883E-09 9.0766E-09 9.1421E-09 9.1937E-09 9.2193E-09 9.2319E-09 9.2268E-09 9.2039E-09 9.1785E-09 9.1353E-09 9.0843E-09 9.0236E-09 8.9500E-09 8.8684E-09 8.7784E-09 8.6852E-09 8.5859E-09 8.4827E-09 8.3766E-09 8.2680E-09 8.1576E-09 8.0459E-09 7.9333E-09 7.8203E-09 7.7070E-09 7.5939E-09 7.4809E-09 7.3683E-09 7.2561E-09 7.1444E-09 7.0331E-09 6.9221E-09 6.8112E-09 6.7007E-09 6.5914E-09 6.4834E-09 6.8060E-09 6.8346E-09 6.8792E-09 6.9353E-09
3.4026E-09 3.8221E-09 4.2584E-09 4.6968E-09 5.1291E-09 5.5606E-09 5.9726E-09 6.3684E-09 6.7541E-09 7.1095E-09 7.4428E-09 7.7436E-09 8.0104E-09 8.2532E-09 8.4579E-09 8.6317E-09 8.7830E-09 8.9021E-09 8.9994E-09 9.0811E-09 9.1341E-09 9.1677E-09 9.1919E-09 9.1924E-09 9.1843E-09 9.1630E-09 9.1276E-09 9.0859E-09 9.0260E-09 8.9574E-09 8.8795E-09 8.7949E-09 8.7072E-09 8.6127E-09 8.5143E-09 8.4126E-09 8.3084E-09 8.2022E-09 8.0946E-09 7.9861E-09 7.8771E-09 7.7678E-09 7.6585E-09 7.5494E-09 7.4406E-09 7.3322E-09 7.2242E-09 7.1165E-09 7.0089E-09 6.9014E-09 6.7941E-09 6.6877E-09 6.8513E-09 7.0026E-09 7.0540E-09 7.1209E-09 7.1978E-09
3.2532E-09 3.6636E-09 4.0969E-09 4.5287E-09 4.9660E-09 5.3900E-09 5.8030E-09 6.2099E-09 6.5932E-09 6.9540E-09 7.2970E-09 7.6025E-09 7.8826E-09 8.1296E-09 8.3422E-09 8.5309E-09 8.6847E-09 8.8136E-09 8.9272E-09 9.0104E-09 9.0719E-09 9.1227E-09 9.1482E-09 9.1604E-09 9.1626E-09 9.1479E-09 9.1221E-09 9.0808E-09 9.0254E-09 8.9633E-09 8.8914E-09 8.8146E-09 8.7305E-09 8.6413E-09 8.5479E-09 8.4510E-09 8.3515E-09 8.2499E-09 8.1468E-09 8.0427E-09 7.9380E-09 7.8331E-09 7.7281E-09 7.6233E-09 7.5187E-09 7.4145E-09 7.3105E-09 7.2068E-09 7.1032E-09 6.9994E-09 6.8956E-09 6.7925E-09 7.1708E-09 7.2272E-09 7.3039E-09 7.3951E-09 7.4945E-09
3.1045E-09 3.5125E-09 3.9331E-09 4.3596E-09 4.7945E-09 5.2172E-09 5.6384E-09 6.0416E-09 6.4286E-09 6.8022E-09 7.1444E-09 7.4576E-09 7.7494E-09 8.0016E-09 8.2265E-09 8.4200E-09 8.5846E-09 8.7297E-09 8.8451E-09 8.9368E-09 9.0133E-09 9.0689E-09 9.1054E-09 9.1291E-09 9.1389E-09 9.1338E-09 9.1112E-09 9.0734E-09 9.0248E-09 8.9696E-09 8.9039E-09 8.8335E-09 8.7552E-09 8.6715E-09 8.5835E-09 8.4918E-09 8.3973E-09 8.3006E-09 8.2024E-09 8.1032E-09 8.0033E-09 7.9031E-09 7.8029E-09 7.7028E-09 7.6029E-09 7.5033E-09 7.4039E-09 7.3046E-09 7.2053E-09 7.1057E-09 7.0058E-09 7.2060E-09 7.3980E-09 7.4831E-09 7.5878E-09 7.7055E-09 7.8288E-09
2.9568E-09 3.3561E-09 3.7691E-09 4.1972E-09 4.6214E-09 5.0424E-09 5.4650E-09 5.8704E-09 6.2678E-09 6.6396E-09 6.9882E-09 7.3172E-09 7.6095E-09 7.8689E-09 8.1054E-09 8.3070E-09 8.4856E-09 8.6359E-09 8.7594E-09 8.8669E-09 8.9516E-09 9.0144E-09 9.0640E-09 9.0976E-09 9.1152E-09 9.1122E-09 9.0961E-09 9.0658E-09 9.0268E-09 8.9764E-09 8.9172E-09 8.8536E-09 8.7813E-09 8.7036E-09 8.6212E-09 8.5351E-09 8.4460E-09 8.3547E-09 8.2617E-09 8.1677E-09 8.0730E-09 7.9781E-09 7.8830E-09 7.7881E-09 7.6934E-09 7.5988E-09 7.5044E-09 7.4100E-09 7.3155E-09 7.2205E-09 7.1249E-09 7.5637E-09 7.6569E-09 7.7741E-09 7.9094E-09 8.0557E-09 8.2041E-09
2.8176E-09 3.2010E-09 3.6102E-09 4.0274E-09 4.4470E-09 4.8739E-09 5.2892E-09 5.6986E-09 6.0967E-09 6.4734E-09 6.8363E-09 7.1657E-09 7.4650E-09 7.7401E-09 7.9799E-09 8.1911E-09 8.3827E-09 8.5379E-09 8.6724E-09 8.7935E-09 8.8846E-09 8.9580E-09 9.0213E-09 9.0640E-09 9.0849E-09 9.0908E-09 9.0804E-09 9.0579E-09 9.0268E-09 8.9835E-09 8.9337E-09 8.8746E-09 8.8088E-09 8.7373E-09 8.6610E-09 8.5808E-09 8.4975E-09 8.4119E-09 8.3246E-09 8.2363E-09 8.1473E-09 8.0580E-09 7.9687E-09 7.8795E-09 7.7903E-09 7.7014E-09 7.6125E-09 7.5234E-09 7.4341E-09 7.3441E-09 7.5829E-09 7.8221E-09 7.9515E-09 8.1041E-09 8.2728E-09 8.4495E-09 8.6242E-09
2.6743E-09 3.0474E-09 3.4499E-09 3.8574E-09 4.2770E-09 4.6974E-09 5.1114E-09 5.5266E-09 5.9224E-09 6.3065E-09 6.6735E-09 7.0098E-09 7.3238E-09 7.6010E-09 7.8515E-09 8.0804E-09 8.2719E-09 8.4375E-09 8.5907E-09 8.7140E-09 8.8162E-09 8.9072E-09 8.9767E-09 9.0245E-09 9.0536E-09 9.0660E-09 9.0640E-09 9.0523E-09 9.0266E-09 8.9909E-09 8.9487E-09 8.8967E-09 8.8377E-09 8.7727E-09 8.7028E-09 8.6289E-09 8.5519E-09 8.4724E-09 8.3912E-09 8.3091E-09 8.2262E-09 8.1431E-09 8.0599E-09 7.9768E-09 7.8939E-09 7.8110E-09 7.7281E-09 7.6449E-09 7.5612E-09 7.4767E-09 7.9767E-09 8.1160E-09 8.2857E-09 8.4775E-09 8.6820E-09 8.8909E-09 9.0926E-09
2.5334E-09 2.9002E-09 3.2881E-09 3.6876E-09 4.1048E-09 4.5196E-09 4.9368E-09 5.3474E-09 5.7454E-09 6.1396E-09 6.5071E-09 6.8521E-09 7.1716E-09 7.4594E-09 7.7272E-09 7.9575E-09 8.1582E-09 8.3439E-09 8.4994E-09 8.6322E-09 8.7530E-09 8.8506E-09 8.9272E-09 8.9823E-09 9.0186E-09 9.0400E-09 9.0493E-09 9.0438E-09 9.0263E-09 9.0009E-09 8.9642E-09 8.9195E-09 8.8676E-09 8.8096E-09 8.7465E-09 8.6794E-09 8.6089E-09 8.5360E-09 8.4615E-09 8.3859E-09 8.3097E-09 8.2333E-09 8.1567E-09 8.0803E-09 8.0040E-09 7.9278E-09 7.8513E-09 7.7745E-09 7.6970E-09 7.9748E-09 8.2653E-09 8.4496E-09 8.6642E-09 8.8985E-09 9.1413E-09 9.3838E-09 9.6128E-09
2.3951E-09 2.7528E-09 3.1278E-09 3.5236E-09 3.9306E-09 4.3407E-09 4.7582E-09 5.1659E-09 5.5713E-09 5.9648E-09 6.3368E-09 6.6932E-09 7.0170E-09 7.3166E-09 7.5915E-09 7.8292E-09 8.0511E-09 8.2397E-09 8.4034E-09 8.5547E-09 8.6833E-09 8.7904E-09 8.8730E-09 8.9359E-09 8.9817E-09 9.0151E-09 9.0313E-09 9.0346E-09 9.0280E-09 9.0087E-09 8.9799E-09 8.9429E-09 8.8985E-09 8.8478E-09 8.7920E-09 8.7319E-09 8.6685E-09 8.6026E-09 8.5352E-09 8.4666E-09 8.3976E-09 8.3283E-09 8.2590E-09 8.1899E-09 8.1207E-09 8.0516E-09 7.9821E-09 7.9121E-09 7.8413E-09 8.3991E-09 8.5928E-09 8.8275E-09 9.0914E-09 9.3716E-09 9.6550E-09 9.9319E-09 1.0188E-08
2.2622E-09 2.6054E-09 2.9691E-09 3.3587E-09 3.7566E-09 4.1661E-09 4.5759E-09 4.9827E-09 5.3926E-09 5.7864E-09 6.1675E-09 6.5263E-09 6.8597E-09 7.1737E-09 7.4499E-09 7.6985E-09 7.9322E-09 8.1304E-09 8.3075E-09 8.4695E-09 8.6094E-09 8.7233E-09 8.8140E-09 8.8870E-09 8.9453E-09 8.9863E-09 9.0120E-09 9.0269E-09 9.0268E-09 9.0160E-09 8.9954E-09 8.9665E-09 8.9300E-09 8.8871E-09 8.8388E-09 8.7862E-09 8.7304E-09 8.6721E-09 8.6121E-09 8.5512E-09 8.4898E-09 8.4282E-09 8.3666E-09 8.3052E-09 8.2438E-09 8.1823E-09 8.1204E-09 8.0577E-09 8.1963E-09 8.7146E-09 8.9637E-09 9.2544E-09 9.5723E-09 9.9015E-09 1.0227E-08 1.0539E-08 1.0823E-08
2.1348E-09 2.4605E-09 2.8152E-09 3.1931E-09 3.5829E-09 3.9887E-09 4.3926E-09 4.8032E-09 5.2094E-09 5.6045E-09 5.9924E-09 6.3566E-09 6.7032E-09 7.0204E-09 7.3048E-09 7.5738E-09 7.8095E-09 8.0165E-09 8.2118E-09 8.3834E-09 8.5287E-09 8.6508E-09 8.7519E-09 8.8354E-09 8.9044E-09 8.9554E-09 8.9908E-09 9.0155E-09 9.0245E-09 9.0226E-09 9.0105E-09 8.9900E-09 8.9618E-09 8.9270E-09 8.8867E-09 8.8421E-09 8.7943E-09 8.7439E-09 8.6920E-09 8.6392E-09 8.5859E-09 8.5325E-09 8.4792E-09 8.4261E-09 8.3729E-09 8.3196E-09 8.2657E-09 8.2110E-09 8.8159E-09 9.0716E-09 9.3829E-09 9.7354E-09 1.0112E-08 1.0493E-08 1.0862E-08 1.1209E-08 1.1518E-08
2.0061E-09 2.3185E-09 2.6662E-09 3.0294E-09 3.4127E-09 3.8092E-09 4.2088E-09 4.6199E-09 5.0235E-09 5.4245E-09 5.8128E-09 6.1844E-09 6.5406E-09 6.8607E-09 7.1597E-09 7.4376E-09 7.6805E-09 7.9056E-09 8.1096E-09 8.2908E-09 8.4441E-09 8.5746E-09 8.6865E-09 8.7835E-09 8.8606E-09 8.9219E-09 8.9704E-09 9.0022E-09 9.0205E-09 9.0278E-09 9.0246E-09 9.0129E-09 8.9934E-09 8.9671E-09 8.9353E-09 8.8992E-09 8.8597E-09 8.8178E-09 8.7744E-09 8.7301E-09 8.6855E-09 8.6410E-09 8.5965E-09 8.5521E-09 8.5077E-09 8.4631E-09 8.4178E-09 8.5814E-09 9.1519E-09 9.4747E-09 9.8555E-09 1.0276E-08 1.0714E-08 1.1150E-08 1.1564E-08 1.1944E-08 1.2278E-08
1.8810E-09 2.1799E-09 2.5158E-09 2.8678E-09 3.2459E-09 3.6301E-09 4.0274E-09 4.4334E-09 4.8351E-09 5.2395E-09 5.6306E-09 6.0136E-09 6.3702E-09 6.6982E-09 7.0131E-09 7.2949E-09 7.5478E-09 7.7878E-09 8.0023E-09 8.1906E-09 8.3529E-09 8.4943E-09 8.6198E-09 8.7255E-09 8.8134E-09 8.8881E-09 8.9446E-09 8.9865E-09 9.0145E-09 9.0313E-09 9.0372E-09 9.0349E-09 9.0243E-09 9.0069E-09 8.9841E-09 8.9568E-09 8.9262E-09 8.8933E-09 8.8589E-09 8.8236E-09 8.7883E-09 8.7530E-09 8.7178E-09 8.6827E-09 8.6476E-09 8.6122E-09 8.5761E-09 9.0273E-09 9.5305E-09 9.9292E-09 1.0387E-08 1.0880E-08 1.1385E-08 1.1876E-08 1.2335E-08 1.2748E-08 1.3119E-08
1.7597E-09 2.0476E-09 2.3685E-09 2.7085E-09 3.0763E-09 3.4522E-09 3.8484E-09 4.2456E-09 4.6472E-09 5.0508E-09 5.4461E-09 5.8360E-09 6.1942E-09 6.5357E-09 6.8580E-09 7.1454E-09 7.4176E-09 7.6670E-09 7.8874E-09 8.0836E-09 8.2569E-09 8.4093E-09 8.5465E-09 8.6633E-09 8.7649E-09 8.8483E-09 8.9155E-09 8.9676E-09 9.0057E-09 9.0323E-09 9.0479E-09 9.0551E-09 9.0539E-09 9.0460E-09 9.0325E-09 9.0145E-09 8.9932E-09 8.9697E-09 8.9447E-09 8.9192E-09 8.8936E-09 8.8679E-09 8.8426E-09 8.8173E-09 8.7920E-09 8.7664E-09 8.7399E-09 9.5554E-09 9.9568E-09 1.0440E-08 1.0982E-08 1.1554E-08 1.2127E-08 1.2676E-08 1.3179E-08 1.3703E-08 1.4087E-08
1.6423E-09 1.9195E-09 2.2245E-09 2.5543E-09 2.9088E-09 3.2757E-09 3.6654E-09 4.0569E-09 4.4602E-09 4.8606E-09 5.2614E-09 5.6513E-09 6.0153E-09 6.3713E-09 6.6957E-09 6.9927E-09 7.2784E-09 7.5374E-09 7.7662E-09 7.9712E-09 8.1555E-09 8.3219E-09 8.4681E-09 8.5962E-09 8.7097E-09 8.8042E-09 8.8824E-09 8.9451E-09 8.9935E-09 9.0302E-09 9.0558E-09 9.0729E-09 9.0817E-09 9.0836E-09 9.0797E-09 9.0715E-09 9.0601E-09 9.0463E-09 9.0315E-09 9.0160E-09 9.0005E-09 8.9851E-09 8.9700E-09 8.9551E-09 8.9402E-09 8.9248E-09 9.1754E-09 9.9439E-09 1.0436E-08 1.1013E-08 1.1646E-08 1.2301E-08 1.2946E-08 1.3552E-08 1.4196E-08 1.4682E-08 1.5168E-08
1.5294E-09 1.7954E-09 2.0840E-09 2.4034E-09 2.7439E-09 3.1039E-09 3.4827E-09 3.8675E-09 4.2681E-09 4.6694E-09 5.0732E-09 5.4616E-09 5.8338E-09 6.1981E-09 6.5264E-09 6.8416E-09 7.1358E-09 7.3997E-09 7.6368E-09 7.8528E-09 8.0506E-09 8.2264E-09 8.3842E-09 8.5265E-09 8.6493E-09 8.7550E-09 8.8445E-09 8.9180E-09 8.9772E-09 9.0244E-09 9.0602E-09 9.0877E-09 9.1069E-09 9.1189E-09 9.1252E-09 9.1272E-09 9.1259E-09 9.1226E-09 9.1182E-09 9.1132E-09 9.1083E-09 9.1036E-09 9.0994E-09 9.0953E-09 9.0911E-09 9.0865E-09 9.6890E-09 1.0379E-08 1.0972E-08 1.1652E-08 1.2383E-08 1.3126E-08 1.3844E-08 1.4626E-08 1.5325E-08 1.5853E-08 1.6284E-08
1.4209E-09 1.6735E-09 1.9474E-09 2.2561E-09 2.5820E-09 2.9342E-09 3.3012E-09 3.6810E-09 4.0759E-09 4.4762E-09 4.8816E-09 5.2700E-09 5.6540E-09 6.0180E-09 6.3538E-09 6.6814E-09 6.9836E-09 7.2557E-09 7.5011E-09 7.7280E-09 7.9371E-09 8.1246E-09 8.2939E-09 8.4484E-09 8.5829E-09 8.7001E-09 8.8011E-09 8.8857E-09 8.9561E-09 9.0140E-09 9.0603E-09 9.0987E-09 9.1285E-09 9.1511E-09 9.1681E-09 9.1806E-09 9.1901E-09 9.1976E-09 9.2040E-09 9.2099E-09 9.2161E-09 9.2226E-09 9.2296E-09 9.2368E-09 9.2439E-09 9.5036E-09 1.0283E-08 1.0865E-08 1.1570E-08 1.2363E-08 1.3198E-08 1.4148E-08 1.4962E-08 1.5823E-08 1.6488E-08 1.7150E-08 1.7674E-08
