Assets/Resources/2015_m01_d16_1800(utc+0800)_l00_csi_1hr_conc.grd
DSAA
         159         159
     -79.000      79.000
     -79.000      79.000
  0.0000E+00  0.2942E-05
[rows 50 to 74 of 159, columns 57 to 113 of 159]
0.0000E+00 0.0000E+00 0.0000E+00 0.0000E+00 0.0000E+00 0.0000E+00 0.0000E+00 0.0000E+00 0.0000E+00 0.0000E+00 0.0000E+00 0.0000E+00 0.0000E+00 0.0000E+00 0.0000E+00 0.0000E+00 0.0000E+00 0.0000E+00 1.0408E-12 6.1523E-12 1.4777E-11 4.1315E-11 1.8808E-10 1.1636E-09 4.0929E-09 1.0343E-08 2.1718E-08 3.8919E-08 6.0298E-08 8.1845E-08 9.8541E-08 1.0488E-07 9.9113E-08 8.3941E-08 6.3841E-08 4.4410E-08 2.9096E-08 1.8617E-08 1.1697E-08 7.2679E-09 4.5313E-09 2.8510E-09 1.8709E-09 1.3275E-09 1.0912E-09 1.0358E-09 1.0401E-09 1.0878E-09 1.1432E-09 1.2030E-09 1.2644E-09 1.3240E-09 1.3932E-09 1.4516E-09 1.4993E-09 1.5588E-09 1.6080E-09
0.0000E+00 0.0000E+00 0.0000E+00 0.0000E+00 0.0000E+00 0.0000E+00 0.0000E+00 0.0000E+00 0.0000E+00 0.0000E+00 0.0000E+00 0.0000E+00 0.0000E+00 0.0000E+00 0.0000E+00 0.0000E+00 0.0000E+00 0.0000E+00 0.0000E+00 1.1676E-12 5.9057E-12 1.2847E-11 2.2117E-10 1.6238E-09 5.3705E-09 1.3347E-08 2.7250E-08 4.6878E-08 6.9802E-08 9.0504E-08 1.0366E-07 1.0596E-07 9.6504E-08 7.8734E-08 5.7566E-08 3.8041E-08 2.3307E-08 1.3901E-08 8.2951E-09 4.9672E-09 3.0284E-09 1.8809E-09 1.2430E-09 9.1070E-10 7.9975E-10 7.8888E-10 8.2477E-10 8.7815E-10 9.3403E-10 9.9211E-10 1.0488E-09 1.1079E-09 1.1717E-09 1.2272E-09 1.2817E-09 1.3333E-09 1.3814E-09
0.0000E+00 0.0000E+00 0.0000E+00 0.0000E+00 0.0000E+00 0.0000E+00 0.0000E+00 0.0000E+00 0.0000E+00 0.0000E+00 0.0000E+00 0.0000E+00 0.0000E+00 0.0000E+00 0.0000E+00 0.0000E+00 0.0000E+00 0.0000E+00 0.0000E+00 0.0000E+00 7.3948E-13 2.9819E-11 3.8346E-10 2.3731E-09 7.3224E-09 1.7533E-08 3.4326E-08 5.6445E-08 7.9758E-08 9.8436E-08 1.0737E-07 1.0495E-07 9.2518E-08 7.3001E-08 5.0845E-08 3.1536E-08 1.8020E-08 9.9273E-09 5.5580E-09 3.2220E-09 1.9449E-09 1.2077E-09 8.0493E-10 6.3021E-10 5.9106E-10 6.0772E-10 6.5659E-10 7.0786E-10 7.6072E-10 8.1291E-10 8.6571E-10 9.2658E-10 9.8066E-10 1.0287E-09 1.0860E-09 1.1360E-09 1.1857E-09
0.0000E+00 0.0000E+00 0.0000E+00 0.0000E+00 0.0000E+00 0.0000E+00 0.0000E+00 0.0000E+00 0.0000E+00 0.0000E+00 0.0000E+00 0.0000E+00 0.0000E+00 0.0000E+00 0.0000E+00 0.0000E+00 0.0000E+00 0.0000E+00 0.0000E+00 0.0000E+00 0.0000E+00 4.3245E-11 6.4033E-10 3.4168E-09 9.9850E-09 2.2985E-08 4.2841E-08 6.6957E-08 8.9720E-08 1.0483E-07 1.0876E-07 1.0216E-07 8.7134E-08 6.6196E-08 4.3843E-08 2.5362E-08 1.3249E-08 6.7405E-09 3.5429E-09 1.9833E-09 1.1756E-09 7.2391E-10 4.9802E-10 4.3637E-10 4.4106E-10 4.7712E-10 5.2336E-10 5.7145E-10 6.1904E-10 6.6681E-10 7.1666E-10 7.7014E-10 8.1969E-10 8.6932E-10 9.1654E-10 9.6453E-10 1.0061E-09
0.0000E+00 0.0000E+00 0.0000E+00 0.0000E+00 0.0000E+00 0.0000E+00 0.0000E+00 0.0000E+00 0.0000E+00 0.0000E+00 0.0000E+00 0.0000E+00 0.0000E+00 0.0000E+00 0.0000E+00 0.0000E+00 0.0000E+00 0.0000E+00 0.0000E+00 0.0000E+00 0.0000E+00 8.0072E-11 1.2003E-09 4.9506E-09 1.3787E-08 2.9994E-08 5.3041E-08 7.8293E-08 9.8805E-08 1.0917E-07 1.0808E-07 9.8138E-08 8.1256E-08 5.9099E-08 3.6655E-08 1.9435E-08 9.1932E-09 4.2453E-09 2.0896E-09 1.1390E-09 6.6717E-10 4.1480E-10 3.1681E-10 3.0700E-10 3.3564E-10 3.7546E-10 4.1791E-10 4.5970E-10 5.0129E-10 5.4327E-10 5.9157E-10 6.3625E-10 6.7803E-10 7.2633E-10 7.7063E-10 8.1375E-10 8.5311E-10
0.0000E+00 0.0000E+00 0.0000E+00 0.0000E+00 0.0000E+00 0.0000E+00 0.0000E+00 0.0000E+00 0.0000E+00 0.0000E+00 0.0000E+00 0.0000E+00 0.0000E+00 0.0000E+00 0.0000E+00 0.0000E+00 0.0000E+00 0.0000E+00 0.0000E+00 0.0000E+00 0.0000E+00 1.6928E-10 1.9807E-09 7.1358E-09 1.8812E-08 3.8702E-08 6.4342E-08 8.9471E-08 1.0618E-07 1.1076E-07 1.0551E-07 9.3643E-08 7.5058E-08 5.1508E-08 2.9257E-08 1.3863E-08 5.8495E-09 2.4683E-09 1.1306E-09 6.0067E-10 3.4281E-10 2.3054E-10 2.0312E-10 2.2769E-10 2.6124E-10 2.9587E-10 3.3223E-10 3.6748E-10 4.0402E-10 4.4305E-10 4.8414E-10 5.2355E-10 5.6414E-10 6.0492E-10 6.4513E-10 6.8306E-10 7.2257E-10
0.0000E+00 0.0000E+00 0.0000E+00 0.0000E+00 0.0000E+00 0.0000E+00 0.0000E+00 0.0000E+00 0.0000E+00 0.0000E+00 0.0000E+00 0.0000E+00 0.0000E+00 0.0000E+00 0.0000E+00 0.0000E+00 0.0000E+00 0.0000E+00 0.0000E+00 0.0000E+00 1.3658E-11 4.0152E-10 2.9436E-09 1.0113E-08 2.5307E-08 4.9044E-08 7.6594E-08 9.9431E-08 1.1055E-07 1.0971E-07 1.0211E-07 8.9127E-08 6.8610E-08 4.3478E-08 2.2006E-08 9.1390E-09 3.3578E-09 1.2544E-09 5.3063E-10 2.8111E-10 1.6279E-10 1.2923E-10 1.5034E-10 1.7601E-10 2.0248E-10 2.3068E-10 2.6082E-10 2.9248E-10 3.2453E-10 3.6012E-10 3.9494E-10 4.2895E-10 4.6632E-10 5.0149E-10 5.3906E-10 5.7512E-10 6.1022E-10
0.0000E+00 0.0000E+00 0.0000E+00 0.0000E+00 0.0000E+00 0.0000E+00 0.0000E+00 0.0000E+00 0.0000E+00 0.0000E+00 0.0000E+00 0.0000E+00 0.0000E+00 0.0000E+00 0.0000E+00 0.0000E+00 0.0000E+00 0.0000E+00 0.0000E+00 0.0000E+00 4.6560E-11 7.8055E-10 4.4873E-09 1.4352E-08 3.3734E-08 6.0904E-08 8.8570E-08 1.0709E-07 1.1179E-07 1.0711E-07 9.9266E-08 8.5311E-08 6.1632E-08 3.4803E-08 1.5179E-08 5.3193E-09 1.6681E-09 4.8327E-10 2.1903E-10 1.0662E-10 7.9680E-11 9.8336E-11 1.1878E-10 1.4023E-10 1.6340E-10 1.8704E-10 2.1222E-10 2.3727E-10 2.6570E-10 2.9548E-10 3.2455E-10 3.5440E-10 3.8518E-10 4.1756E-10 4.5008E-10 4.8141E-10 5.1241E-10
0.0000E+00 0.0000E+00 0.0000E+00 0.0000E+00 0.0000E+00 0.0000E+00 0.0000E+00 0.0000E+00 0.0000E+00 0.0000E+00 0.0000E+00 0.0000E+00 0.0000E+00 0.0000E+00 0.0000E+00 0.0000E+00 0.0000E+00 0.0000E+00 0.0000E+00 0.0000E+00 6.5595E-11 1.4227E-09 6.6109E-09 2.0030E-08 4.3828E-08 7.3658E-08 9.9211E-08 1.1095E-07 1.0967E-07 1.0407E-07 9.7435E-08 8.1354E-08 5.3438E-08 2.5914E-08 9.3533E-09 2.6348E-09 6.3608E-10 1.6450E-10 6.4569E-11 4.6931E-11 6.0912E-11 7.6556E-11 9.3073E-11 1.1091E-10 1.2975E-10 1.5022E-10 1.7145E-10 1.9329E-10 2.1789E-10 2.4156E-10 2.6698E-10 2.9317E-10 3.1979E-10 3.4900E-10 3.7696E-10 4.0480E-10 4.3120E-10
0.0000E+00 0.0000E+00 0.0000E+00 0.0000E+00 0.0000E+00 0.0000E+00 0.0000E+00 0.0000E+00 0.0000E+00 0.0000E+00 0.0000E+00 0.0000E+00 0.0000E+00 0.0000E+00 0.0000E+00 0.0000E+00 0.0000E+00 0.0000E+00 0.0000E+00 0.0000E+00 1.7989E-10 2.3192E-09 9.7964E-09 2.7617E-08 5.5796E-08 8.6162E-08 1.0708E-07 1.1099E-07 1.0636E-07 1.0330E-07 9.7989E-08 7.6516E-08 4.3442E-08 1.7256E-08 4.9240E-09 1.0495E-09 1.0972E-10 2.5181E-11 2.5740E-11 3.5384E-11 4.6261E-11 5.8537E-11 7.1595E-11 8.5567E-11 1.0132E-10 1.1813E-10 1.3655E-10 1.5674E-10 1.7712E-10 1.9853E-10 2.2033E-10 2.4242E-10 2.6711E-10 2.9110E-10 3.1497E-10 3.3843E-10 3.6172E-10
0.0000E+00 0.0000E+00 0.0000E+00 0.0000E+00 0.0000E+00 0.0000E+00 0.0000E+00 0.0000E+00 0.0000E+00 0.0000E+00 0.0000E+00 0.0000E+00 0.0000E+00 0.0000E+00 0.0000E+00 0.0000E+00 0.0000E+00 0.0000E+00 0.0000E+00 0.0000E+00 3.8345E-10 3.5131E-09 1.4179E-08 3.6902E-08 6.8685E-08 9.7512E-08 1.1083E-07 1.0829E-07 1.0390E-07 1.0585E-07 9.8866E-08 6.8519E-08 3.1898E-08 9.8866E-09 2.0792E-09 7.8029E-11 7.0241E-12 1.1717E-11 1.8606E-11 2.6163E-11 3.5147E-11 4.5138E-11 5.5738E-11 6.7755E-11 8.0608E-11 9.5172E-11 1.1064E-10 1.2871E-10 1.4623E-10 1.6429E-10 1.8301E-10 2.0166E-10 2.2240E-10 2.4200E-10 2.6141E-10 2.8205E-10 3.0146E-10
0.0000E+00 0.0000E+00 0.0000E+00 0.0000E+00 0.0000E+00 0.0000E+00 0.0000E+00 0.0000E+00 0.0000E+00 0.0000E+00 0.0000E+00 0.0000E+00 0.0000E+00 0.0000E+00 0.0000E+00 0.0000E+00 0.0000E+00 0.0000E+00 0.0000E+00 4.2337E-11 7.9726E-10 5.5797E-09 2.0306E-08 4.8322E-08 8.1410E-08 1.0515E-07 1.0970E-07 1.0363E-07 1.0498E-07 1.1298E-07 9.8482E-08 5.6400E-08 2.0077E-08 4.5353E-09 5.7877E-10 2.7111E-12 4.3895E-12 7.7141E-12 1.2846E-11 1.9255E-11 2.6707E-11 3.4531E-11 4.3534E-11 5.3538E-11 6.4665E-11 7.6546E-11 9.0703E-11 1.0483E-10 1.1971E-10 1.3539E-10 1.5158E-10 1.6857E-10 1.8517E-10 2.0164E-10 2.1850E-10 2.3479E-10 2.5094E-10
0.0000E+00 0.0000E+00 0.0000E+00 0.0000E+00 0.0000E+00 0.0000E+00 0.0000E+00 0.0000E+00 0.0000E+00 0.0000E+00 0.0000E+00 0.0000E+00 0.0000E+00 0.0000E+00 0.0000E+00 0.0000E+00 0.0000E+00 0.0000E+00 0.0000E+00 4.1241E-11 1.3322E-09 8.1438E-09 2.7707E-08 5.9992E-08 9.2477E-08 1.0871E-07 1.0567E-07 1.0179E-07 1.1302E-07 1.2239E-07 9.1298E-08 4.0184E-08 1.0351E-08 1.5268E-09 7.9477E-13 1.6307E-12 2.8322E-12 4.4499E-12 8.3931E-12 1.3760E-11 1.9632E-11 2.6435E-11 3.3787E-11 4.2270E-11 5.1425E-11 6.1554E-11 7.3377E-11 8.5091E-11 9.8175E-11 1.1116E-10 1.2469E-10 1.3925E-10 1.5333E-10 1.6755E-10 1.8139E-10 1.9513E-10 2.0862E-10
0.0000E+00 0.0000E+00 0.0000E+00 0.0000E+00 0.0000E+00 0.0000E+00 0.0000E+00 0.0000E+00 0.0000E+00 0.0000E+00 0.0000E+00 0.0000E+00 0.0000E+00 0.0000E+00 0.0000E+00 0.0000E+00 0.0000E+00 0.0000E+00 0.0000E+00 1.5522E-10 2.1741E-09 1.1806E-08 3.6636E-08 7.1903E-08 1.0025E-07 1.0739E-07 1.0006E-07 1.0431E-07 1.2889E-07 1.3021E-07 7.5605E-08 2.3374E-08 3.9124E-09 1.7173E-11 3.0595E-13 8.4251E-13 1.6688E-12 2.8434E-12 4.8994E-12 8.9174E-12 1.3964E-11 1.9360E-11 2.5644E-11 3.2531E-11 4.0513E-11 4.9581E-11 5.9127E-11 6.9025E-11 7.9486E-11 9.0594E-11 1.0271E-10 1.1456E-10 1.2634E-10 1.3803E-10 1.4990E-10 1.6130E-10 1.7195E-10
0.0000E+00 0.0000E+00 0.0000E+00 0.0000E+00 0.0000E+00 0.0000E+00 0.0000E+00 0.0000E+00 0.0000E+00 0.0000E+00 0.0000E+00 0.0000E+00 0.0000E+00 0.0000E+00 0.0000E+00 0.0000E+00 0.0000E+00 0.0000E+00 0.0000E+00 2.2279E-10 2.7287E-09 1.5179E-08 4.4711E-08 8.1861E-08 1.0435E-07 1.0423E-07 1.0021E-07 1.1714E-07 1.5252E-07 1.2580E-07 5.1022E-08 1.0209E-08 8.9299E-10 0.0000E+00 6.3765E-14 3.1714E-13 8.3659E-13 1.6500E-12 2.7468E-12 5.4062E-12 9.0589E-12 1.3578E-11 1.8785E-11 2.4648E-11 3.1073E-11 3.8972E-11 4.6803E-11 5.4968E-11 6.3684E-11 7.3035E-11 8.2571E-11 9.2319E-11 1.0205E-10 1.1205E-10 1.2158E-10 1.3100E-10 1.4018E-10
0.0000E+00 0.0000E+00 0.0000E+00 0.0000E+00 0.0000E+00 0.0000E+00 0.0000E+00 0.0000E+00 0.0000E+00 0.0000E+00 0.0000E+00 0.0000E+00 0.0000E+00 0.0000E+00 0.0000E+00 0.0000E+00 0.0000E+00 0.0000E+00 0.0000E+00 1.6677E-10 2.9514E-09 1.7652E-08 5.2437E-08 9.0807E-08 1.0631E-07 1.0171E-07 1.0383E-07 1.4140E-07 1.7499E-07 1.0355E-07 2.6064E-08 2.8460E-09 0.0000E+00 0.0000E+00 0.0000E+00 5.7900E-14 2.9815E-13 7.6964E-13 1.5498E-12 2.5874E-12 5.4535E-12 8.9976E-12 1.3262E-11 1.7986E-11 2.3838E-11 2.9898E-11 3.6151E-11 4.3436E-11 5.0513E-11 5.7954E-11 6.5871E-11 7.3898E-11 8.2402E-11 9.0532E-11 9.8814E-11 1.0660E-10 1.1483E-10
0.0000E+00 0.0000E+00 0.0000E+00 0.0000E+00 0.0000E+00 0.0000E+00 0.0000E+00 0.0000E+00 0.0000E+00 0.0000E+00 0.0000E+00 0.0000E+00 0.0000E+00 0.0000E+00 0.0000E+00 0.0000E+00 0.0000E+00 0.0000E+00 0.0000E+00 2.9132E-11 2.2078E-09 1.7582E-08 5.8296E-08 9.8230E-08 1.0597E-07 1.0270E-07 1.1705E-07 1.8426E-07 1.7899E-07 6.4148E-08 8.7205E-09 1.0906E-11 0.0000E+00 0.0000E+00 0.0000E+00 0.0000E+00 3.8520E-14 2.5043E-13 6.6178E-13 1.3906E-12 2.5556E-12 5.4977E-12 8.7623E-12 1.2679E-11 1.7255E-11 2.2427E-11 2.8160E-11 3.3795E-11 3.9710E-11 4.6158E-11 5.2518E-11 5.9039E-11 6.5528E-11 7.2198E-11 7.8779E-11 8.4955E-11 9.1127E-11
0.0000E+00 0.0000E+00 0.0000E+00 0.0000E+00 0.0000E+00 0.0000E+00 0.0000E+00 0.0000E+00 0.0000E+00 0.0000E+00 0.0000E+00 0.0000E+00 0.0000E+00 0.0000E+00 0.0000E+00 0.0000E+00 0.0000E+00 0.0000E+00 0.0000E+00 1.8153E-12 1.0091E-09 1.4762E-08 6.3058E-08 1.0574E-07 1.0810E-07 1.0622E-07 1.4414E-07 2.3540E-07 1.4518E-07 2.6476E-08 8.8686E-11 0.0000E+00 0.0000E+00 0.0000E+00 0.0000E+00 0.0000E+00 0.0000E+00 6.6963E-15 1.7641E-13 5.3229E-13 1.1738E-12 2.6558E-12 5.3592E-12 8.6217E-12 1.2027E-11 1.6056E-11 2.0887E-11 2.5465E-11 3.0371E-11 3.5284E-11 4.0469E-11 4.5700E-11 5.1071E-11 5.6332E-11 6.1267E-11 6.7203E-11 7.1629E-11
0.0000E+00 0.0000E+00 0.0000E+00 0.0000E+00 0.0000E+00 0.0000E+00 0.0000E+00 0.0000E+00 0.0000E+00 0.0000E+00 0.0000E+00 0.0000E+00 0.0000E+00 0.0000E+00 0.0000E+00 0.0000E+00 0.0000E+00 0.0000E+00 0.0000E+00 0.0000E+00 2.0943E-10 1.0869E-08 6.9037E-08 1.0995E-07 1.1164E-07 1.1632E-07 2.0499E-07 2.6389E-07 7.8816E-08 5.7243E-09 0.0000E+00 0.0000E+00 0.0000E+00 0.0000E+00 0.0000E+00 0.0000E+00 0.0000E+00 0.0000E+00 0.0000E+00 1.1348E-13 3.9765E-13 8.7950E-13 2.6489E-12 5.1032E-12 8.1200E-12 1.1290E-11 1.4715E-11 1.8737E-11 2.2212E-11 2.6248E-11 3.0418E-11 3.4765E-11 3.8886E-11 4.3294E-11 4.7446E-11 5.1434E-11 5.5067E-11
0.0000E+00 0.0000E+00 0.0000E+00 0.0000E+00 0.0000E+00 0.0000E+00 0.0000E+00 0.0000E+00 0.0000E+00 0.0000E+00 0.0000E+00 0.0000E+00 0.0000E+00 0.0000E+00 0.0000E+00 0.0000E+00 0.0000E+00 0.0000E+00 0.0000E+00 0.0000E+00 0.0000E+00 7.6113E-09 7.5655E-08 1.1733E-07 1.1817E-07 1.3509E-07 3.0876E-07 2.1090E-07 2.2564E-08 0.0000E+00 0.0000E+00 0.0000E+00 0.0000E+00 0.0000E+00 0.0000E+00 0.0000E+00 0.0000E+00 0.0000E+00 0.0000E+00 0.0000E+00 4.4520E-14 2.4510E-13 6.1991E-13 2.5523E-12 4.7590E-12 7.2647E-12 9.8731E-12 1.2903E-11 1.6083E-11 1.9171E-11 2.2615E-11 2.5868E-11 2.9311E-11 3.2585E-11 3.6105E-11 3.8865E-11 4.1801E-11
0.0000E+00 0.0000E+00 0.0000E+00 0.0000E+00 0.0000E+00 0.0000E+00 0.0000E+00 0.0000E+00 0.0000E+00 0.0000E+00 0.0000E+00 0.0000E+00 0.0000E+00 0.0000E+00 0.0000E+00 0.0000E+00 0.0000E+00 0.0000E+00 0.0000E+00 0.0000E+00 0.0000E+00 5.6922E-09 7.8410E-08 1.2351E-07 1.2358E-07 1.9472E-07 4.0403E-07 9.0705E-08 5.9804E-11 0.0000E+00 0.0000E+00 0.0000E+00 0.0000E+00 0.0000E+00 0.0000E+00 0.0000E+00 0.0000E+00 0.0000E+00 0.0000E+00 0.0000E+00 0.0000E+00 0.0000E+00 9.6804E-14 4.9779E-13 2.2433E-12 4.3443E-12 6.4874E-12 9.0006E-12 1.1218E-11 1.3737E-11 1.6200E-11 1.8623E-11 2.1105E-11 2.3465E-11 2.6027E-11 2.8617E-11 3.0874E-11
0.0000E+00 0.0000E+00 0.0000E+00 0.0000E+00 0.0000E+00 0.0000E+00 0.0000E+00 0.0000E+00 0.0000E+00 0.0000E+00 0.0000E+00 0.0000E+00 0.0000E+00 0.0000E+00 0.0000E+00 0.0000E+00 0.0000E+00 0.0000E+00 0.0000E+00 0.0000E+00 0.0000E+00 3.6330E-09 8.4679E-08 1.3348E-07 1.3200E-07 3.6051E-07 3.2241E-07 1.4690E-08 0.0000E+00 0.0000E+00 0.0000E+00 0.0000E+00 0.0000E+00 0.0000E+00 0.0000E+00 0.0000E+00 0.0000E+00 0.0000E+00 0.0000E+00 0.0000E+00 0.0000E+00 0.0000E+00 0.0000E+00 0.0000E+00 4.0507E-13 1.6587E-12 3.1602E-12 4.6054E-12 6.2945E-12 8.0388E-12 9.8106E-12 1.1666E-11 1.3488E-11 1.5803E-11 1.7519E-11 1.9297E-11 2.0164E-11
0.0000E+00 0.0000E+00 0.0000E+00 0.0000E+00 0.0000E+00 0.0000E+00 0.0000E+00 0.0000E+00 0.0000E+00 0.0000E+00 0.0000E+00 0.0000E+00 0.0000E+00 0.0000E+00 0.0000E+00 0.0000E+00 0.0000E+00 0.0000E+00 0.0000E+00 0.0000E+00 0.0000E+00 1.9959E-09 8.8632E-08 1.4125E-07 1.6520E-07 6.1682E-07 1.0358E-07 0.0000E+00 0.0000E+00 0.0000E+00 0.0000E+00 0.0000E+00 0.0000E+00 0.0000E+00 0.0000E+00 0.0000E+00 0.0000E+00 0.0000E+00 0.0000E+00 0.0000E+00 0.0000E+00 0.0000E+00 0.0000E+00 0.0000E+00 0.0000E+00 3.5492E-13 1.0448E-12 2.1056E-12 3.1827E-12 4.4625E-12 5.6821E-12 7.2628E-12 8.5799E-12 9.9508E-12 1.1267E-11 1.2560E-11 1.3351E-11
0.0000E+00 0.0000E+00 0.0000E+00 0.0000E+00 0.0000E+00 0.0000E+00 0.0000E+00 0.0000E+00 0.0000E+00 0.0000E+00 0.0000E+00 0.0000E+00 0.0000E+00 0.0000E+00 0.0000E+00 0.0000E+00 0.0000E+00 0.0000E+00 0.0000E+00 0.0000E+00 0.0000E+00 6.0256E-10 9.8079E-08 1.5569E-07 3.2743E-07 5.3649E-07 1.7472E-10 0.0000E+00 0.0000E+00 0.0000E+00 0.0000E+00 0.0000E+00 0.0000E+00 0.0000E+00 0.0000E+00 0.0000E+00 0.0000E+00 0.0000E+00 0.0000E+00 0.0000E+00 0.0000E+00 0.0000E+00 0.0000E+00 0.0000E+00 0.0000E+00 0.0000E+00 4.3946E-13 9.2566E-13 1.5453E-12 2.1490E-12 2.9201E-12 3.6492E-12 4.6620E-12 5.3712E-12 6.4678E-12 7.0908E-12 7.9144E-12
0.0000E+00 0.0000E+00 0.0000E+00 0.0000E+00 0.0000E+00 0.0000E+00 0.0000E+00 0.0000E+00 0.0000E+00 0.0000E+00 0.0000E+00 0.0000E+00 0.0000E+00 0.0000E+00 0.0000E+00 0.0000E+00 0.0000E+00 0.0000E+00 0.0000E+00 0.0000E+00 0.0000E+00 8.1057E-13 1.0279E-07 1.6540E-07 9.1958E-07 9.7814E-08 0.0000E+00 0.0000E+00 0.0000E+00 0.0000E+00 0.0000E+00 0.0000E+00 0.0000E+00 0.0000E+00 0.0000E+00 0.0000E+00 0.0000E+00 0.0000E+00 0.0000E+00 0.0000E+00 0.0000E+00 0.0000E+00 0.0000E+00 0.0000E+00 0.0000E+00 0.0000E+00 0.0000E+00 2.6137E-13 5.5367E-13 8.6563E-13 1.1574E-12 1.3972E-12 2.0174E-12 2.5654E-12 3.1217E-12 3.4142E-12 4.0037E-12
