Assets/Resources/2015_m01_d08_1900(utc+0800)_l00_csi_1hr_conc.grd
DSAA
         159         159
     -79.000      79.000
     -79.000      79.000
  0.2059E-09  0.3204E-04
[rows 100 to 124 of 159, columns 0 to 56 of 159]
7.3562E-10 7.5691E-10 7.7862E-10 8.0077E-10 8.2335E-10 8.4636E-10 8.6981E-10 8.9368E-10 9.1798E-10 9.4271E-10 9.6786E-10 9.9343E-10 1.0206E-09 1.0483E-09 1.0753E-09 1.1028E-09 1.1386E-09 1.1772E-09 1.2111E-09 1.2460E-09 1.2858E-09 1.3395E-09 1.4067E-09 1.4586E-09 1.5256E-09 1.5968E-09 1.6684E-09 1.7529E-09 1.8410E-09 1.9402E-09 2.0509E-09 2.1557E-09 2.2627E-09 2.3781E-09 2.5027E-09 2.6360E-09 2.7802E-09 2.9356E-09 3.1023E-09 3.2801E-09 3.4695E-09 3.6717E-09 3.8919E-09 4.1230E-09 4.3716E-09 4.6338E-09 4.9260E-09 5.2360E-09 5.5464E-09 5.8731E-09 6.2139E-09 6.5678E-09 6.9355E-09 7.3155E-09 7.7070E-09 8.1092E-09 8.5494E-09
7.2553E-10 7.4652E-10 7.6794E-10 7.8978E-10 8.1205E-10 8.3475E-10 8.5787E-10 8.8141E-10 9.0538E-10 9.2977E-10 9.5457E-10 9.7980E-10 1.0066E-09 1.0339E-09 1.0606E-09 1.0877E-09 1.1228E-09 1.1608E-09 1.1941E-09 1.2284E-09 1.2676E-09 1.3112E-09 1.3736E-09 1.4369E-09 1.5026E-09 1.5725E-09 1.6429E-09 1.7177E-09 1.7957E-09 1.8970E-09 2.0094E-09 2.1162E-09 2.2193E-09 2.3311E-09 2.4517E-09 2.5816E-09 2.7199E-09 2.8693E-09 3.0301E-09 3.2022E-09 3.3861E-09 3.5813E-09 3.7888E-09 4.0123E-09 4.2486E-09 4.4988E-09 4.7717E-09 5.0617E-09 5.3754E-09 5.6882E-09 6.0142E-09 6.3542E-09 6.7083E-09 7.0730E-09 7.4491E-09 7.8356E-09 8.2315E-09
7.1537E-10 7.3606E-10 7.5718E-10 7.7872E-10 8.0067E-10 8.2305E-10 8.4584E-10 8.6906E-10 8.9269E-10 9.1673E-10 9.4119E-10 9.6606E-10 9.9248E-10 1.0194E-09 1.0457E-09 1.0724E-09 1.1055E-09 1.1413E-09 1.1742E-09 1.2079E-09 1.2459E-09 1.2915E-09 1.3528E-09 1.4220E-09 1.4793E-09 1.5477E-09 1.6168E-09 1.6858E-09 1.7614E-09 1.8564E-09 1.9654E-09 2.0688E-09 2.1758E-09 2.2833E-09 2.3995E-09 2.5247E-09 2.6594E-09 2.8027E-09 2.9574E-09 3.1233E-09 3.3001E-09 3.4890E-09 3.6885E-09 3.9004E-09 4.1269E-09 4.3666E-09 4.6202E-09 4.9045E-09 5.2056E-09 5.5057E-09 5.8183E-09 6.1445E-09 6.4824E-09 6.8322E-09 7.1931E-09 7.5647E-09 7.9452E-09
7.0469E-10 7.2554E-10 7.4635E-10 7.6758E-10 7.8922E-10 8.1127E-10 8.3374E-10 8.5662E-10 8.7991E-10 9.0361E-10 9.2772E-10 9.5223E-10 9.7826E-10 1.0048E-09 1.0307E-09 1.0570E-09 1.0837E-09 1.1190E-09 1.1570E-09 1.1902E-09 1.2263E-09 1.2754E-09 1.3319E-09 1.3991E-09 1.4553E-09 1.5170E-09 1.5872E-09 1.6545E-09 1.7284E-09 1.8153E-09 1.9232E-09 2.0253E-09 2.1318E-09 2.2350E-09 2.3468E-09 2.4675E-09 2.5971E-09 2.7362E-09 2.8839E-09 3.0429E-09 3.2129E-09 3.3943E-09 3.5873E-09 3.7915E-09 4.0074E-09 4.2361E-09 4.4784E-09 4.7503E-09 5.0216E-09 5.3241E-09 5.6240E-09 5.9369E-09 6.2606E-09 6.5957E-09 6.9416E-09 7.2971E-09 7.6612E-09
6.9441E-10 7.1496E-10 7.3546E-10 7.5638E-10 7.7770E-10 7.9943E-10 8.2157E-10 8.4411E-10 8.6706E-10 8.9041E-10 9.1416E-10 9.3831E-10 9.6285E-10 9.8899E-10 1.0156E-09 1.0416E-09 1.0679E-09 1.1024E-09 1.1397E-09 1.1723E-09 1.2059E-09 1.2532E-09 1.3107E-09 1.3673E-09 1.4304E-09 1.4915E-09 1.5600E-09 1.6253E-09 1.6970E-09 1.7788E-09 1.8831E-09 1.9816E-09 2.0874E-09 2.1870E-09 2.2939E-09 2.4095E-09 2.5341E-09 2.6678E-09 2.8110E-09 2.9630E-09 3.1258E-09 3.2996E-09 3.4850E-09 3.6816E-09 3.8899E-09 4.1088E-09 4.3396E-09 4.5829E-09 4.8573E-09 5.1460E-09 5.4329E-09 5.7311E-09 6.0408E-09 6.3620E-09 6.6934E-09 7.0335E-09 7.3822E-09
6.8409E-10 7.0432E-10 7.2452E-10 7.4512E-10 7.6612E-10 7.8753E-10 8.0933E-10 8.3153E-10 8.5414E-10 8.7714E-10 9.0053E-10 9.2432E-10 9.4850E-10 9.7424E-10 1.0005E-09 1.0260E-09 1.0519E-09 1.0844E-09 1.1209E-09 1.1529E-09 1.1873E-09 1.2316E-09 1.2830E-09 1.3409E-09 1.3993E-09 1.4601E-09 1.5239E-09 1.5955E-09 1.6653E-09 1.7370E-09 1.8377E-09 1.9376E-09 2.0393E-09 2.1381E-09 2.2413E-09 2.3519E-09 2.4712E-09 2.5994E-09 2.7369E-09 2.8837E-09 3.0398E-09 3.2060E-09 3.3832E-09 3.5718E-09 3.7713E-09 3.9821E-09 4.2039E-09 4.4362E-09 4.6967E-09 4.9550E-09 5.2442E-09 5.5291E-09 5.8252E-09 6.1319E-09 6.4479E-09 6.7732E-09 7.1068E-09
6.7372E-10 6.9364E-10 7.1353E-10 7.3381E-10 7.5449E-10 7.7557E-10 7.9704E-10 8.1890E-10 8.4116E-10 8.6381E-10 8.8684E-10 9.1027E-10 9.3407E-10 9.5941E-10 9.8522E-10 1.0104E-09 1.0359E-09 1.0677E-09 1.0963E-09 1.1335E-09 1.1658E-09 1.2088E-09 1.2531E-09 1.3116E-09 1.3733E-09 1.4293E-09 1.4955E-09 1.5654E-09 1.6263E-09 1.6958E-09 1.7806E-09 1.8840E-09 1.9914E-09 2.0892E-09 2.1886E-09 2.2950E-09 2.4089E-09 2.5314E-09 2.6630E-09 2.8040E-09 2.9541E-09 3.1140E-09 3.2828E-09 3.4629E-09 3.6536E-09 3.8555E-09 4.0677E-09 4.2910E-09 4.5245E-09 4.7863E-09 5.0605E-09 5.3312E-09 5.6133E-09 5.9055E-09 6.2073E-09 6.5179E-09 6.8366E-09
6.6286E-10 6.8247E-10 7.0250E-10 7.2247E-10 7.4282E-10 7.6357E-10 7.8470E-10 8.0622E-10 8.2813E-10 8.5043E-10 8.7310E-10 8.9616E-10 9.1959E-10 9.4452E-10 9.6992E-10 9.9468E-10 1.0198E-09 1.0453E-09 1.0790E-09 1.1155E-09 1.1492E-09 1.1859E-09 1.2300E-09 1.2874E-09 1.3403E-09 1.4015E-09 1.4665E-09 1.5278E-09 1.5913E-09 1.6612E-09 1.7385E-09 1.8382E-09 1.9437E-09 2.0378E-09 2.1358E-09 2.2381E-09 2.3476E-09 2.4647E-09 2.5901E-09 2.7248E-09 2.8688E-09 3.0217E-09 3.1844E-09 3.3561E-09 3.5377E-09 3.7301E-09 3.9329E-09 4.1462E-09 4.3694E-09 4.6195E-09 4.8656E-09 5.1392E-09 5.4073E-09 5.6850E-09 5.9717E-09 6.2674E-09 6.5709E-09
6.5243E-10 6.7173E-10 6.9144E-10 7.1108E-10 7.3112E-10 7.5153E-10 7.7233E-10 7.9351E-10 8.1506E-10 8.3700E-10 8.5932E-10 8.8200E-10 9.0506E-10 9.2849E-10 9.5348E-10 9.7893E-10 1.0037E-09 1.0287E-09 1.0618E-09 1.0959E-09 1.1289E-09 1.1635E-09 1.2063E-09 1.2556E-09 1.3143E-09 1.3733E-09 1.4367E-09 1.4976E-09 1.5589E-09 1.6267E-09 1.7015E-09 1.7954E-09 1.8862E-09 1.9867E-09 2.0807E-09 2.1815E-09 2.2866E-09 2.3989E-09 2.5189E-09 2.6468E-09 2.7841E-09 2.9302E-09 3.0858E-09 3.2504E-09 3.4246E-09 3.6074E-09 3.8004E-09 4.0034E-09 4.2163E-09 4.4390E-09 4.6886E-09 4.9490E-09 5.2052E-09 5.4700E-09 5.7432E-09 6.0243E-09 6.3128E-09
6.4198E-10 6.6096E-10 6.8035E-10 6.9968E-10 7.1938E-10 7.3947E-10 7.5992E-10 7.8076E-10 8.0196E-10 8.2354E-10 8.4549E-10 8.6781E-10 8.9050E-10 9.1354E-10 9.3811E-10 9.6314E-10 9.8746E-10 1.0121E-09 1.0430E-09 1.0707E-09 1.1084E-09 1.1417E-09 1.1812E-09 1.2322E-09 1.2868E-09 1.3429E-09 1.4018E-09 1.4633E-09 1.5267E-09 1.5869E-09 1.6541E-09 1.7499E-09 1.8355E-09 1.9339E-09 2.0262E-09 2.1253E-09 2.2261E-09 2.3337E-09 2.4486E-09 2.5710E-09 2.7013E-09 2.8404E-09 2.9884E-09 3.1457E-09 3.3117E-09 3.4870E-09 3.6712E-09 3.8640E-09 4.0663E-09 4.2780E-09 4.5065E-09 4.7470E-09 5.0052E-09 5.2573E-09 5.5177E-09 5.7858E-09 6.0608E-09
6.3152E-10 6.5018E-10 6.6924E-10 6.8825E-10 7.0763E-10 7.2738E-10 7.4750E-10 7.6799E-10 7.8884E-10 8.1006E-10 8.3165E-10 8.5360E-10 8.7590E-10 8.9856E-10 9.2272E-10 9.4732E-10 9.7123E-10 9.9550E-10 1.0201E-09 1.0529E-09 1.0882E-09 1.1207E-09 1.1567E-09 1.2034E-09 1.2458E-09 1.3046E-09 1.3726E-09 1.4317E-09 1.4938E-09 1.5513E-09 1.6162E-09 1.7008E-09 1.7852E-09 1.8819E-09 1.9724E-09 2.0673E-09 2.1661E-09 2.2692E-09 2.3790E-09 2.4960E-09 2.6205E-09 2.7528E-09 2.8931E-09 3.0425E-09 3.2006E-09 3.3677E-09 3.5432E-09 3.7276E-09 3.9204E-09 4.1212E-09 4.3305E-09 4.5653E-09 4.7942E-09 5.0489E-09 5.2963E-09 5.5509E-09 5.8121E-09
6.2104E-10 6.3894E-10 6.5768E-10 6.7682E-10 6.9587E-10 7.1528E-10 7.3506E-10 7.5520E-10 7.7570E-10 7.9657E-10 8.1779E-10 8.3936E-10 8.6129E-10 8.8357E-10 9.0619E-10 9.3037E-10 9.5498E-10 9.7884E-10 1.0030E-09 1.0336E-09 1.0681E-09 1.0990E-09 1.1323E-09 1.1719E-09 1.2217E-09 1.2764E-09 1.3368E-09 1.4009E-09 1.4576E-09 1.5142E-09 1.5801E-09 1.6590E-09 1.7406E-09 1.8333E-09 1.9200E-09 2.0103E-09 2.1047E-09 2.2054E-09 2.3104E-09 2.4221E-09 2.5409E-09 2.6670E-09 2.8007E-09 2.9423E-09 3.0921E-09 3.2505E-09 3.4173E-09 3.5928E-09 3.7762E-09 3.9678E-09 4.1674E-09 4.3741E-09 4.6058E-09 4.8301E-09 5.0804E-09 5.3218E-09 5.5696E-09
6.1056E-10 6.2815E-10 6.4657E-10 6.6537E-10 6.8410E-10 7.0318E-10 7.2262E-10 7.4241E-10 7.6256E-10 7.8306E-10 8.0392E-10 8.2512E-10 8.4667E-10 8.6856E-10 8.9080E-10 9.1455E-10 9.3872E-10 9.6216E-10 9.8594E-10 1.0100E-09 1.0424E-09 1.0775E-09 1.1102E-09 1.1479E-09 1.1959E-09 1.2498E-09 1.2989E-09 1.3649E-09 1.4213E-09 1.4797E-09 1.5435E-09 1.6030E-09 1.6935E-09 1.7829E-09 1.8660E-09 1.9541E-09 2.0465E-09 2.1426E-09 2.2428E-09 2.3494E-09 2.4626E-09 2.5827E-09 2.7100E-09 2.8447E-09 2.9869E-09 3.1368E-09 3.2947E-09 3.4609E-09 3.6350E-09 3.8170E-09 4.0064E-09 4.2031E-09 4.4070E-09 4.6357E-09 4.8714E-09 5.0998E-09 5.3342E-09
6.0009E-10 6.1737E-10 6.3546E-10 6.5394E-10 6.7233E-10 6.9108E-10 7.1017E-10 7.2962E-10 7.4942E-10 7.6956E-10 7.9005E-10 8.1088E-10 8.3205E-10 8.5356E-10 8.7540E-10 8.9872E-10 9.2246E-10 9.4548E-10 9.6884E-10 9.9252E-10 1.0241E-09 1.0567E-09 1.0880E-09 1.1265E-09 1.1662E-09 1.2134E-09 1.2646E-09 1.3271E-09 1.3866E-09 1.4455E-09 1.4977E-09 1.5630E-09 1.6451E-09 1.7309E-09 1.8154E-09 1.8972E-09 1.9873E-09 2.0789E-09 2.1763E-09 2.2779E-09 2.3857E-09 2.5000E-09 2.6211E-09 2.7491E-09 2.8842E-09 3.0265E-09 3.1762E-09 3.3332E-09 3.4977E-09 3.6699E-09 3.8494E-09 4.0359E-09 4.2292E-09 4.4449E-09 4.6532E-09 4.8841E-09 5.1065E-09
5.8963E-10 6.0660E-10 6.2437E-10 6.4205E-10 6.6057E-10 6.7899E-10 6.9774E-10 7.1684E-10 7.3628E-10 7.5607E-10 7.7619E-10 7.9665E-10 8.1744E-10 8.3856E-10 8.6001E-10 8.8291E-10 9.0510E-10 9.2882E-10 9.5175E-10 9.7501E-10 1.0044E-09 1.0305E-09 1.0664E-09 1.0966E-09 1.1358E-09 1.1815E-09 1.2352E-09 1.2896E-09 1.3521E-09 1.4071E-09 1.4626E-09 1.5248E-09 1.6011E-09 1.6796E-09 1.7655E-09 1.8439E-09 1.9275E-09 2.0163E-09 2.1101E-09 2.2076E-09 2.3104E-09 2.4191E-09 2.5341E-09 2.6556E-09 2.7839E-09 2.9189E-09 3.0608E-09 3.2096E-09 3.3653E-09 3.5279E-09 3.6972E-09 3.8736E-09 4.0564E-09 4.2453E-09 4.4565E-09 4.6593E-09 4.8837E-09
5.7918E-10 5.9584E-10 6.1284E-10 6.3065E-10 6.4883E-10 6.6691E-10 6.8533E-10 7.0408E-10 7.2317E-10 7.4259E-10 7.6235E-10 7.8243E-10 8.0285E-10 8.2359E-10 8.4465E-10 8.6603E-10 8.8890E-10 9.1217E-10 9.3468E-10 9.5751E-10 9.8065E-10 1.0117E-09 1.0438E-09 1.0742E-09 1.1119E-09 1.1572E-09 1.2005E-09 1.2564E-09 1.3152E-09 1.3687E-09 1.4257E-09 1.4824E-09 1.5485E-09 1.6303E-09 1.7113E-09 1.7916E-09 1.8690E-09 1.9544E-09 2.0448E-09 2.1380E-09 2.2363E-09 2.3399E-09 2.4491E-09 2.5644E-09 2.6860E-09 2.8139E-09 2.9483E-09 3.0893E-09 3.2367E-09 3.3906E-09 3.5508E-09 3.7173E-09 3.8897E-09 4.0679E-09 4.2518E-09 4.4573E-09 4.6534E-09
5.6875E-10 5.8511E-10 6.0179E-10 6.1928E-10 6.3712E-10 6.5486E-10 6.7294E-10 6.9134E-10 7.1008E-10 7.2914E-10 7.4853E-10 7.6825E-10 7.8828E-10 8.0864E-10 8.2931E-10 8.5029E-10 8.7273E-10 8.9555E-10 9.1764E-10 9.4005E-10 9.6275E-10 9.9162E-10 1.0171E-09 1.0525E-09 1.0872E-09 1.1258E-09 1.1719E-09 1.2194E-09 1.2718E-09 1.3342E-09 1.3891E-09 1.4406E-09 1.5092E-09 1.5778E-09 1.6620E-09 1.7397E-09 1.8141E-09 1.8936E-09 1.9804E-09 2.0694E-09 2.1634E-09 2.2620E-09 2.3662E-09 2.4755E-09 2.5907E-09 2.7118E-09 2.8390E-09 2.9723E-09 3.1117E-09 3.2572E-09 3.4087E-09 3.5660E-09 3.7290E-09 3.8972E-09 4.0704E-09 4.2484E-09 4.4476E-09
5.5835E-10 5.7440E-10 5.9077E-10 6.0793E-10 6.2498E-10 6.4284E-10 6.6058E-10 6.7864E-10 6.9702E-10 7.1572E-10 7.3475E-10 7.5409E-10 7.7375E-10 7.9372E-10 8.1400E-10 8.3459E-10 8.5548E-10 8.7787E-10 9.0064E-10 9.2262E-10 9.4489E-10 9.6746E-10 9.9798E-10 1.0294E-09 1.0606E-09 1.0957E-09 1.1404E-09 1.1839E-09 1.2379E-09 1.2975E-09 1.3515E-09 1.4026E-09 1.4692E-09 1.5307E-09 1.6114E-09 1.6904E-09 1.7614E-09 1.8366E-09 1.9171E-09 2.0022E-09 2.0915E-09 2.1859E-09 2.2846E-09 2.3888E-09 2.4980E-09 2.6126E-09 2.7329E-09 2.8589E-09 2.9906E-09 3.1280E-09 3.2710E-09 3.4195E-09 3.5730E-09 3.7317E-09 3.8952E-09 4.0632E-09 4.2352E-09
5.4798E-10 5.6373E-10 5.7979E-10 5.9617E-10 6.1334E-10 6.3086E-10 6.4825E-10 6.6597E-10 6.8400E-10 7.0235E-10 7.2101E-10 7.3998E-10 7.5927E-10 7.7886E-10 7.9875E-10 8.1894E-10 8.3943E-10 8.6138E-10 8.8369E-10 9.0525E-10 9.2709E-10 9.4922E-10 9.7748E-10 1.0038E-09 1.0370E-09 1.0725E-09 1.1123E-09 1.1567E-09 1.1974E-09 1.2511E-09 1.3112E-09 1.3664E-09 1.4152E-09 1.4823E-09 1.5617E-09 1.6332E-09 1.7080E-09 1.7789E-09 1.8535E-09 1.9342E-09 2.0190E-09 2.1082E-09 2.2020E-09 2.3007E-09 2.4041E-09 2.5128E-09 2.6261E-09 2.7448E-09 2.8689E-09 2.9983E-09 3.1327E-09 3.2722E-09 3.4167E-09 3.5661E-09 3.7198E-09 3.8778E-09 4.0398E-09
5.3766E-10 5.5310E-10 5.6885E-10 5.8491E-10 6.0175E-10 6.1892E-10 6.3598E-10 6.5335E-10 6.7103E-10 6.8902E-10 7.0732E-10 7.2593E-10 7.4483E-10 7.6404E-10 7.8355E-10 8.0335E-10 8.2343E-10 8.4494E-10 8.6569E-10 8.8793E-10 9.0935E-10 9.3104E-10 9.5301E-10 9.8287E-10 1.0136E-09 1.0441E-09 1.0842E-09 1.1219E-09 1.1644E-09 1.2177E-09 1.2676E-09 1.3262E-09 1.3773E-09 1.4427E-09 1.5126E-09 1.5799E-09 1.6568E-09 1.7224E-09 1.7935E-09 1.8693E-09 1.9492E-09 2.0330E-09 2.1219E-09 2.2150E-09 2.3131E-09 2.4155E-09 2.5228E-09 2.6350E-09 2.7517E-09 2.8732E-09 2.9996E-09 3.1308E-09 3.2666E-09 3.4068E-09 3.5513E-09 3.7000E-09 3.8522E-09
5.2737E-10 5.4251E-10 5.5795E-10 5.7370E-10 5.9020E-10 6.0658E-10 6.2376E-10 6.4078E-10 6.5812E-10 6.7575E-10 6.9369E-10 7.1193E-10 7.3046E-10 7.4929E-10 7.6841E-10 7.8781E-10 8.0750E-10 8.2747E-10 8.4891E-10 8.7069E-10 8.9167E-10 9.1293E-10 9.3446E-10 9.6205E-10 9.8771E-10 1.0201E-09 1.0549E-09 1.0952E-09 1.1366E-09 1.1785E-09 1.2340E-09 1.2856E-09 1.3393E-09 1.3968E-09 1.4534E-09 1.5297E-09 1.5983E-09 1.6710E-09 1.7380E-09 1.8087E-09 1.8840E-09 1.9638E-09 2.0473E-09 2.1355E-09 2.2279E-09 2.3250E-09 2.4267E-09 2.5323E-09 2.6426E-09 2.7575E-09 2.8765E-09 2.9998E-09 3.1275E-09 3.2595E-09 3.3955E-09 3.5351E-09 3.6783E-09
5.1714E-10 5.3198E-10 5.4711E-10 5.6254E-10 5.7827E-10 5.9477E-10 6.1159E-10 6.2828E-10 6.4526E-10 6.6255E-10 6.8012E-10 6.9799E-10 7.1615E-10 7.3460E-10 7.5334E-10 7.7235E-10 7.9165E-10 8.1122E-10 8.3220E-10 8.5353E-10 8.7409E-10 8.9491E-10 9.1600E-10 9.3735E-10 9.6647E-10 9.9062E-10 1.0279E-09 1.0655E-09 1.1021E-09 1.1432E-09 1.1939E-09 1.2425E-09 1.2980E-09 1.3529E-09 1.4114E-09 1.4812E-09 1.5458E-09 1.6194E-09 1.6819E-09 1.7486E-09 1.8190E-09 1.8938E-09 1.9727E-09 2.0556E-09 2.1427E-09 2.2339E-09 2.3292E-09 2.4289E-09 2.5329E-09 2.6406E-09 2.7526E-09 2.8688E-09 2.9887E-09 3.1124E-09 3.2398E-09 3.3708E-09 3.5052E-09
5.0696E-10 5.2150E-10 5.3633E-10 5.5144E-10 5.6685E-10 5.8301E-10 5.9949E-10 6.1584E-10 6.3248E-10 6.4941E-10 6.6663E-10 6.8413E-10 7.0192E-10 7.2000E-10 7.3835E-10 7.5698E-10 7.7588E-10 7.9504E-10 8.1448E-10 8.3537E-10 8.5659E-10 8.7699E-10 8.9764E-10 9.1855E-10 9.3970E-10 9.6892E-10 1.0018E-09 1.0359E-09 1.0753E-09 1.1152E-09 1.1547E-09 1.2076E-09 1.2509E-09 1.3147E-09 1.3647E-09 1.4250E-09 1.4990E-09 1.5594E-09 1.6282E-09 1.6906E-09 1.7569E-09 1.8268E-09 1.9009E-09 1.9789E-09 2.0606E-09 2.1461E-09 2.2358E-09 2.3293E-09 2.4266E-09 2.5281E-09 2.6334E-09 2.7423E-09 2.8549E-09 2.9712E-09 3.0910E-09 3.2139E-09 3.3400E-09
4.9684E-10 5.1108E-10 5.2561E-10 5.4041E-10 5.5550E-10 5.7088E-10 5.8702E-10 6.0347E-10 6.1977E-10 6.3635E-10 6.5321E-10 6.7035E-10 6.8778E-10 7.0547E-10 7.2345E-10 7.4169E-10 7.6020E-10 7.7897E-10 7.9799E-10 8.1843E-10 8.3919E-10 8.5916E-10 8.7938E-10 8.9985E-10 9.2056E-10 9.4742E-10 9.7228E-10 1.0072E-09 1.0454E-09 1.0888E-09 1.1200E-09 1.1615E-09 1.2152E-09 1.2723E-09 1.3217E-09 1.3823E-09 1.4385E-09 1.5056E-09 1.5760E-09 1.6350E-09 1.6971E-09 1.7628E-09 1.8319E-09 1.9048E-09 1.9815E-09 2.0620E-09 2.1458E-09 2.2333E-09 2.3247E-09 2.4196E-09 2.5181E-09 2.6203E-09 2.7261E-09 2.8351E-09 2.9473E-09 3.0628E-09 3.1813E-09
4.8679E-10 5.0073E-10 5.1495E-10 5.2945E-10 5.4423E-10 5.5928E-10 5.7508E-10 5.9118E-10 6.0713E-10 6.2337E-10 6.3988E-10 6.5666E-10 6.7372E-10 6.9104E-10 7.0864E-10 7.2649E-10 7.4461E-10 7.6299E-10 7.8161E-10 8.0160E-10 8.2082E-10 8.4145E-10 8.6124E-10 8.8127E-10 9.0154E-10 9.2203E-10 9.5037E-10 9.8088E-10 1.0155E-09 1.0540E-09 1.0921E-09 1.1297E-09 1.1793E-09 1.2207E-09 1.2812E-09 1.3362E-09 1.3885E-09 1.4604E-09 1.5179E-09 1.5835E-09 1.6423E-09 1.7040E-09 1.7689E-09 1.8373E-09 1.9091E-09 1.9845E-09 2.0634E-09 2.1458E-09 2.2313E-09 2.3204E-09 2.4130E-09 2.5087E-09 2.6078E-09 2.7103E-09 2.8160E-09 2.9244E-09 3.0357E-09
