Assets/Resources/2015_m01_d20_1500(utc+0800)_l00_csi_1hr_conc.grd
DSAA
         159         159
     -79.000      79.000
     -79.000      79.000
  0.4781E-09  0.9446E-06
[rows 0 to 24 of 159, columns 57 to 113 of 159]
1.6597E-09 1.6627E-09 1.6654E-09 1.6674E-09 1.6692E-09 1.6703E-09 1.6709E-09 1.6713E-09 1.6709E-09 1.6702E-09 1.6688E-09 1.6671E-09 1.6647E-09 1.6620E-09 1.6586E-09 1.6549E-09 1.6504E-09 1.6455E-09 1.6402E-09 1.6336E-09 1.6271E-09 1.6201E-09 1.6125E-09 1.6045E-09 1.5960E-09 1.5871E-09 1.5776E-09 1.5677E-09 1.5574E-09 1.5467E-09 1.5355E-09 1.5240E-09 1.5121E-09 1.4998E-09 1.4872E-09 1.4743E-09 1.4611E-09 1.4476E-09 1.4338E-09 1.4198E-09 1.4056E-09 1.3911E-09 1.3764E-09 1.3615E-09 1.3464E-09 1.3310E-09 1.3154E-09 1.2999E-09 1.2841E-09 1.2681E-09 1.2521E-09 1.2362E-09 1.2200E-09 1.2038E-09 1.1875E-09 1.1714E-09 1.1549E-09
1.6917E-09 1.6949E-09 1.6978E-09 1.7000E-09 1.7020E-09 1.7032E-09 1.7042E-09 1.7045E-09 1.7042E-09 1.7036E-09 1.7026E-09 1.7008E-09 1.6987E-09 1.6958E-09 1.6927E-09 1.6887E-09 1.6843E-09 1.6796E-09 1.6741E-09 1.6683E-09 1.6618E-09 1.6550E-09 1.6474E-09 1.6396E-09 1.6310E-09 1.6219E-09 1.6126E-09 1.6023E-09 1.5918E-09 1.5807E-09 1.5689E-09 1.5569E-09 1.5443E-09 1.5316E-09 1.5187E-09 1.5056E-09 1.4920E-09 1.4783E-09 1.4642E-09 1.4499E-09 1.4353E-09 1.4205E-09 1.4054E-09 1.3902E-09 1.3747E-09 1.3591E-09 1.3433E-09 1.3274E-09 1.3111E-09 1.2948E-09 1.2785E-09 1.2620E-09 1.2454E-09 1.2288E-09 1.2123E-09 1.1956E-09 1.1788E-09
1.7241E-09 1.7275E-09 1.7306E-09 1.7330E-09 1.7351E-09 1.7365E-09 1.7376E-09 1.7382E-09 1.7381E-09 1.7377E-09 1.7365E-09 1.7350E-09 1.7327E-09 1.7302E-09 1.7269E-09 1.7230E-09 1.7188E-09 1.7139E-09 1.7087E-09 1.7026E-09 1.6963E-09 1.6892E-09 1.6819E-09 1.6737E-09 1.6651E-09 1.6561E-09 1.6465E-09 1.6363E-09 1.6257E-09 1.6146E-09 1.6031E-09 1.5911E-09 1.5788E-09 1.5658E-09 1.5524E-09 1.5387E-09 1.5247E-09 1.5104E-09 1.4958E-09 1.4808E-09 1.4657E-09 1.4503E-09 1.4349E-09 1.4193E-09 1.4035E-09 1.3875E-09 1.3713E-09 1.3550E-09 1.3385E-09 1.3219E-09 1.3052E-09 1.2883E-09 1.2713E-09 1.2544E-09 1.2373E-09 1.2201E-09 1.2030E-09
1.7567E-09 1.7603E-09 1.7636E-09 1.7662E-09 1.7687E-09 1.7703E-09 1.7716E-09 1.7721E-09 1.7724E-09 1.7718E-09 1.7707E-09 1.7694E-09 1.7672E-09 1.7647E-09 1.7615E-09 1.7579E-09 1.7535E-09 1.7489E-09 1.7434E-09 1.7377E-09 1.7311E-09 1.7240E-09 1.7166E-09 1.7084E-09 1.6996E-09 1.6904E-09 1.6806E-09 1.6703E-09 1.6595E-09 1.6483E-09 1.6366E-09 1.6244E-09 1.6119E-09 1.5989E-09 1.5855E-09 1.5718E-09 1.5577E-09 1.5431E-09 1.5281E-09 1.5129E-09 1.4976E-09 1.4818E-09 1.4658E-09 1.4496E-09 1.4332E-09 1.4165E-09 1.3997E-09 1.3830E-09 1.3661E-09 1.3491E-09 1.3320E-09 1.3148E-09 1.2976E-09 1.2801E-09 1.2627E-09 1.2451E-09 1.2275E-09
1.7896E-09 1.7937E-09 1.7972E-09 1.8000E-09 1.8025E-09 1.8042E-09 1.8057E-09 1.8063E-09 1.8067E-09 1.8063E-09 1.8056E-09 1.8041E-09 1.8023E-09 1.7997E-09 1.7967E-09 1.7930E-09 1.7886E-09 1.7840E-09 1.7786E-09 1.7728E-09 1.7662E-09 1.7591E-09 1.7514E-09 1.7431E-09 1.7343E-09 1.7250E-09 1.7151E-09 1.7047E-09 1.6938E-09 1.6824E-09 1.6705E-09 1.6582E-09 1.6454E-09 1.6322E-09 1.6186E-09 1.6046E-09 1.5903E-09 1.5756E-09 1.5605E-09 1.5452E-09 1.5296E-09 1.5135E-09 1.4971E-09 1.4807E-09 1.4639E-09 1.4468E-09 1.4296E-09 1.4122E-09 1.3949E-09 1.3772E-09 1.3594E-09 1.3416E-09 1.3239E-09 1.3061E-09 1.2883E-09 1.2705E-09 1.2524E-09
1.8228E-09 1.8274E-09 1.8308E-09 1.8341E-09 1.8365E-09 1.8387E-09 1.8401E-09 1.8409E-09 1.8415E-09 1.8412E-09 1.8406E-09 1.8392E-09 1.8375E-09 1.8350E-09 1.8321E-09 1.8284E-09 1.8244E-09 1.8196E-09 1.8141E-09 1.8081E-09 1.8015E-09 1.7944E-09 1.7866E-09 1.7783E-09 1.7694E-09 1.7600E-09 1.7500E-09 1.7395E-09 1.7285E-09 1.7169E-09 1.7049E-09 1.6924E-09 1.6794E-09 1.6660E-09 1.6521E-09 1.6379E-09 1.6233E-09 1.6083E-09 1.5929E-09 1.5773E-09 1.5613E-09 1.5451E-09 1.5286E-09 1.5118E-09 1.4946E-09 1.4774E-09 1.4597E-09 1.4419E-09 1.4239E-09 1.4061E-09 1.3879E-09 1.3695E-09 1.3511E-09 1.3329E-09 1.3144E-09 1.2959E-09 1.2776E-09
1.8566E-09 1.8611E-09 1.8648E-09 1.8682E-09 1.8709E-09 1.8732E-09 1.8748E-09 1.8761E-09 1.8765E-09 1.8763E-09 1.8759E-09 1.8746E-09 1.8731E-09 1.8706E-09 1.8679E-09 1.8645E-09 1.8603E-09 1.8557E-09 1.8503E-09 1.8445E-09 1.8379E-09 1.8307E-09 1.8232E-09 1.8148E-09 1.8062E-09 1.7964E-09 1.7861E-09 1.7747E-09 1.7636E-09 1.7519E-09 1.7397E-09 1.7270E-09 1.7138E-09 1.7002E-09 1.6861E-09 1.6716E-09 1.6567E-09 1.6414E-09 1.6258E-09 1.6098E-09 1.5935E-09 1.5769E-09 1.5601E-09 1.5429E-09 1.5256E-09 1.5079E-09 1.4901E-09 1.4721E-09 1.4537E-09 1.4352E-09 1.4165E-09 1.3980E-09 1.3792E-09 1.3602E-09 1.3413E-09 1.3225E-09 1.3035E-09
1.8903E-09 1.8951E-09 1.8990E-09 1.9027E-09 1.9055E-09 1.9081E-09 1.9098E-09 1.9113E-09 1.9118E-09 1.9118E-09 1.9116E-09 1.9104E-09 1.9092E-09 1.9069E-09 1.9042E-09 1.9006E-09 1.8967E-09 1.8920E-09 1.8868E-09 1.8809E-09 1.8743E-09 1.8673E-09 1.8596E-09 1.8514E-09 1.8424E-09 1.8331E-09 1.8230E-09 1.8125E-09 1.8012E-09 1.7894E-09 1.7773E-09 1.7644E-09 1.7508E-09 1.7367E-09 1.7221E-09 1.7071E-09 1.6917E-09 1.6758E-09 1.6594E-09 1.6428E-09 1.6262E-09 1.6092E-09 1.5920E-09 1.5745E-09 1.5567E-09 1.5387E-09 1.5205E-09 1.5021E-09 1.4835E-09 1.4648E-09 1.4459E-09 1.4267E-09 1.4074E-09 1.3880E-09 1.3688E-09 1.3493E-09 1.3298E-09
1.9243E-09 1.9293E-09 1.9334E-09 1.9373E-09 1.9404E-09 1.9432E-09 1.9451E-09 1.9468E-09 1.9475E-09 1.9479E-09 1.9478E-09 1.9471E-09 1.9455E-09 1.9435E-09 1.9406E-09 1.9374E-09 1.9333E-09 1.9286E-09 1.9236E-09 1.9176E-09 1.9113E-09 1.9041E-09 1.8966E-09 1.8882E-09 1.8794E-09 1.8698E-09 1.8599E-09 1.8490E-09 1.8376E-09 1.8257E-09 1.8132E-09 1.8001E-09 1.7866E-09 1.7725E-09 1.7580E-09 1.7430E-09 1.7275E-09 1.7114E-09 1.6949E-09 1.6780E-09 1.6607E-09 1.6434E-09 1.6255E-09 1.6074E-09 1.5889E-09 1.5703E-09 1.5514E-09 1.5325E-09 1.5135E-09 1.4943E-09 1.4750E-09 1.4556E-09 1.4361E-09 1.4162E-09 1.3965E-09 1.3766E-09 1.3566E-09
1.9585E-09 1.9638E-09 1.9681E-09 1.9723E-09 1.9755E-09 1.9786E-09 1.9810E-09 1.9825E-09 1.9841E-09 1.9844E-09 1.9844E-09 1.9835E-09 1.9820E-09 1.9802E-09 1.9774E-09 1.9743E-09 1.9703E-09 1.9660E-09 1.9607E-09 1.9551E-09 1.9485E-09 1.9416E-09 1.9338E-09 1.9254E-09 1.9166E-09 1.9069E-09 1.8966E-09 1.8857E-09 1.8742E-09 1.8621E-09 1.8495E-09 1.8363E-09 1.8226E-09 1.8083E-09 1.7935E-09 1.7783E-09 1.7626E-09 1.7464E-09 1.7298E-09 1.7129E-09 1.6956E-09 1.6776E-09 1.6594E-09 1.6411E-09 1.6223E-09 1.6032E-09 1.5838E-09 1.5643E-09 1.5445E-09 1.5249E-09 1.5048E-09 1.4847E-09 1.4647E-09 1.4446E-09 1.4245E-09 1.4043E-09 1.3838E-09
1.9929E-09 1.9985E-09 2.0031E-09 2.0071E-09 2.0113E-09 2.0142E-09 2.0172E-09 2.0189E-09 2.0203E-09 2.0208E-09 2.0210E-09 2.0202E-09 2.0192E-09 2.0172E-09 2.0149E-09 2.0116E-09 2.0076E-09 2.0034E-09 1.9982E-09 1.9926E-09 1.9861E-09 1.9793E-09 1.9714E-09 1.9630E-09 1.9539E-09 1.9442E-09 1.9338E-09 1.9228E-09 1.9112E-09 1.8990E-09 1.8862E-09 1.8729E-09 1.8590E-09 1.8445E-09 1.8295E-09 1.8141E-09 1.7981E-09 1.7817E-09 1.7648E-09 1.7475E-09 1.7299E-09 1.7118E-09 1.6935E-09 1.6748E-09 1.6559E-09 1.6363E-09 1.6166E-09 1.5966E-09 1.5766E-09 1.5563E-09 1.5358E-09 1.5151E-09 1.4943E-09 1.4738E-09 1.4529E-09 1.4319E-09 1.4112E-09
2.0276E-09 2.0333E-09 2.0386E-09 2.0429E-09 2.0473E-09 2.0504E-09 2.0533E-09 2.0552E-09 2.0568E-09 2.0575E-09 2.0579E-09 2.0573E-09 2.0564E-09 2.0545E-09 2.0523E-09 2.0492E-09 2.0457E-09 2.0412E-09 2.0360E-09 2.0306E-09 2.0241E-09 2.0169E-09 2.0091E-09 2.0007E-09 1.9915E-09 1.9818E-09 1.9714E-09 1.9603E-09 1.9486E-09 1.9363E-09 1.9234E-09 1.9099E-09 1.8958E-09 1.8812E-09 1.8660E-09 1.8503E-09 1.8341E-09 1.8174E-09 1.8002E-09 1.7826E-09 1.7647E-09 1.7463E-09 1.7276E-09 1.7085E-09 1.6892E-09 1.6695E-09 1.6496E-09 1.6294E-09 1.6088E-09 1.5879E-09 1.5672E-09 1.5461E-09 1.5248E-09 1.5035E-09 1.4824E-09 1.4609E-09 1.4394E-09
2.0628E-09 2.0688E-09 2.0743E-09 2.0792E-09 2.0832E-09 2.0865E-09 2.0896E-09 2.0917E-09 2.0936E-09 2.0945E-09 2.0951E-09 2.0946E-09 2.0939E-09 2.0922E-09 2.0902E-09 2.0871E-09 2.0837E-09 2.0796E-09 2.0745E-09 2.0691E-09 2.0626E-09 2.0555E-09 2.0480E-09 2.0395E-09 2.0307E-09 2.0209E-09 2.0107E-09 1.9996E-09 1.9881E-09 1.9757E-09 1.9623E-09 1.9487E-09 1.9339E-09 1.9188E-09 1.9029E-09 1.8870E-09 1.8705E-09 1.8535E-09 1.8361E-09 1.8182E-09 1.7999E-09 1.7812E-09 1.7621E-09 1.7427E-09 1.7230E-09 1.7029E-09 1.6826E-09 1.6619E-09 1.6411E-09 1.6201E-09 1.5989E-09 1.5773E-09 1.5555E-09 1.5340E-09 1.5121E-09 1.4901E-09 1.4680E-09
2.0982E-09 2.1045E-09 2.1099E-09 2.1147E-09 2.1193E-09 2.1229E-09 2.1262E-09 2.1286E-09 2.1307E-09 2.1317E-09 2.1325E-09 2.1323E-09 2.1318E-09 2.1302E-09 2.1286E-09 2.1257E-09 2.1224E-09 2.1181E-09 2.1134E-09 2.1077E-09 2.1013E-09 2.0945E-09 2.0868E-09 2.0786E-09 2.0695E-09 2.0600E-09 2.0495E-09 2.0386E-09 2.0267E-09 2.0142E-09 2.0014E-09 1.9876E-09 1.9735E-09 1.9585E-09 1.9430E-09 1.9268E-09 1.9098E-09 1.8923E-09 1.8743E-09 1.8558E-09 1.8369E-09 1.8175E-09 1.7978E-09 1.7777E-09 1.7572E-09 1.7368E-09 1.7160E-09 1.6950E-09 1.6737E-09 1.6522E-09 1.6306E-09 1.6087E-09 1.5868E-09 1.5647E-09 1.5423E-09 1.5198E-09 1.4975E-09
2.1334E-09 2.1397E-09 2.1457E-09 2.1508E-09 2.1556E-09 2.1595E-09 2.1631E-09 2.1657E-09 2.1680E-09 2.1693E-09 2.1703E-09 2.1705E-09 2.1702E-09 2.1691E-09 2.1670E-09 2.1642E-09 2.1611E-09 2.1569E-09 2.1523E-09 2.1467E-09 2.1407E-09 2.1341E-09 2.1267E-09 2.1178E-09 2.1090E-09 2.0992E-09 2.0887E-09 2.0778E-09 2.0659E-09 2.0536E-09 2.0403E-09 2.0264E-09 2.0119E-09 1.9968E-09 1.9810E-09 1.9646E-09 1.9477E-09 1.9302E-09 1.9122E-09 1.8937E-09 1.8747E-09 1.8550E-09 1.8349E-09 1.8144E-09 1.7936E-09 1.7727E-09 1.7512E-09 1.7294E-09 1.7074E-09 1.6851E-09 1.6627E-09 1.6404E-09 1.6179E-09 1.5954E-09 1.5727E-09 1.5500E-09 1.5269E-09
2.1688E-09 2.1753E-09 2.1817E-09 2.1870E-09 2.1922E-09 2.1963E-09 2.2001E-09 2.2030E-09 2.2055E-09 2.2074E-09 2.2086E-09 2.2091E-09 2.2086E-09 2.2077E-09 2.2057E-09 2.2034E-09 2.2001E-09 2.1968E-09 2.1920E-09 2.1873E-09 2.1811E-09 2.1741E-09 2.1672E-09 2.1588E-09 2.1505E-09 2.1407E-09 2.1309E-09 2.1197E-09 2.1077E-09 2.0955E-09 2.0821E-09 2.0686E-09 2.0535E-09 2.0382E-09 2.0218E-09 2.0048E-09 1.9867E-09 1.9680E-09 1.9498E-09 1.9310E-09 1.9117E-09 1.8920E-09 1.8718E-09 1.8512E-09 1.8303E-09 1.8087E-09 1.7867E-09 1.7645E-09 1.7420E-09 1.7196E-09 1.6966E-09 1.6735E-09 1.6502E-09 1.6268E-09 1.6036E-09 1.5801E-09 1.5567E-09
2.2043E-09 2.2112E-09 2.2178E-09 2.2235E-09 2.2289E-09 2.2333E-09 2.2378E-09 2.2408E-09 2.2440E-09 2.2458E-09 2.2468E-09 2.2475E-09 2.2472E-09 2.2465E-09 2.2452E-09 2.2431E-09 2.2404E-09 2.2373E-09 2.2326E-09 2.2285E-09 2.2224E-09 2.2169E-09 2.2093E-09 2.2018E-09 2.1931E-09 2.1838E-09 2.1737E-09 2.1624E-09 2.1514E-09 2.1382E-09 2.1248E-09 2.1102E-09 2.0945E-09 2.0790E-09 2.0629E-09 2.0461E-09 2.0287E-09 2.0107E-09 1.9917E-09 1.9722E-09 1.9521E-09 1.9315E-09 1.9105E-09 1.8891E-09 1.8673E-09 1.8451E-09 1.8225E-09 1.8001E-09 1.7772E-09 1.7539E-09 1.7308E-09 1.7072E-09 1.6834E-09 1.6595E-09 1.6358E-09 1.6117E-09 1.5875E-09
2.2400E-09 2.2472E-09 2.2541E-09 2.2601E-09 2.2657E-09 2.2708E-09 2.2752E-09 2.2790E-09 2.2820E-09 2.2840E-09 2.2857E-09 2.2868E-09 2.2866E-09 2.2862E-09 2.2856E-09 2.2837E-09 2.2817E-09 2.2783E-09 2.2748E-09 2.2699E-09 2.2649E-09 2.2585E-09 2.2515E-09 2.2437E-09 2.2347E-09 2.2259E-09 2.2154E-09 2.2051E-09 2.1931E-09 2.1814E-09 2.1678E-09 2.1536E-09 2.1392E-09 2.1236E-09 2.1073E-09 2.0898E-09 2.0717E-09 2.0530E-09 2.0337E-09 2.0138E-09 1.9934E-09 1.9724E-09 1.9505E-09 1.9282E-09 1.9064E-09 1.8838E-09 1.8608E-09 1.8375E-09 1.8139E-09 1.7900E-09 1.7658E-09 1.7417E-09 1.7172E-09 1.6927E-09 1.6682E-09 1.6435E-09 1.6191E-09
2.2754E-09 2.2833E-09 2.2905E-09 2.2972E-09 2.3032E-09 2.3086E-09 2.3133E-09 2.3169E-09 2.3202E-09 2.3230E-09 2.3249E-09 2.3268E-09 2.3269E-09 2.3278E-09 2.3264E-09 2.3258E-09 2.3232E-09 2.3200E-09 2.3167E-09 2.3123E-09 2.3075E-09 2.3011E-09 2.2947E-09 2.2868E-09 2.2789E-09 2.2694E-09 2.2600E-09 2.2484E-09 2.2364E-09 2.2236E-09 2.2096E-09 2.1953E-09 2.1802E-09 2.1645E-09 2.1480E-09 2.1309E-09 2.1131E-09 2.0946E-09 2.0755E-09 2.0558E-09 2.0351E-09 2.0138E-09 1.9920E-09 1.9697E-09 1.9470E-09 1.9244E-09 1.9005E-09 1.8761E-09 1.8515E-09 1.8271E-09 1.8024E-09 1.7775E-09 1.7525E-09 1.7273E-09 1.7021E-09 1.6764E-09 1.6509E-09
2.3117E-09 2.3199E-09 2.3275E-09 2.3345E-09 2.3409E-09 2.3461E-09 2.3511E-09 2.3556E-09 2.3598E-09 2.3629E-09 2.3647E-09 2.3673E-09 2.3677E-09 2.3691E-09 2.3680E-09 2.3679E-09 2.3653E-09 2.3635E-09 2.3595E-09 2.3552E-09 2.3503E-09 2.3443E-09 2.3378E-09 2.3297E-09 2.3223E-09 2.3126E-09 2.3027E-09 2.2917E-09 2.2796E-09 2.2670E-09 2.2534E-09 2.2393E-09 2.2241E-09 2.2080E-09 2.1914E-09 2.1739E-09 2.1556E-09 2.1367E-09 2.1171E-09 2.0966E-09 2.0758E-09 2.0544E-09 2.0328E-09 2.0106E-09 1.9875E-09 1.9640E-09 1.9400E-09 1.9157E-09 1.8915E-09 1.8661E-09 1.8404E-09 1.8149E-09 1.7888E-09 1.7630E-09 1.7365E-09 1.7110E-09 1.6849E-09
2.3481E-09 2.3563E-09 2.3647E-09 2.3716E-09 2.3788E-09 2.3844E-09 2.3903E-09 2.3952E-09 2.3993E-09 2.4031E-09 2.4061E-09 2.4085E-09 2.4091E-09 2.4109E-09 2.4100E-09 2.4103E-09 2.4079E-09 2.4062E-09 2.4025E-09 2.3990E-09 2.3934E-09 2.3879E-09 2.3813E-09 2.3739E-09 2.3654E-09 2.3558E-09 2.3456E-09 2.3344E-09 2.3226E-09 2.3097E-09 2.2961E-09 2.2816E-09 2.2664E-09 2.2504E-09 2.2337E-09 2.2163E-09 2.1981E-09 2.1792E-09 2.1594E-09 2.1389E-09 2.1180E-09 2.0963E-09 2.0741E-09 2.0513E-09 2.0280E-09 2.0043E-09 1.9801E-09 1.9551E-09 1.9299E-09 1.9049E-09 1.8792E-09 1.8532E-09 1.8264E-09 1.8006E-09 1.7735E-09 1.7464E-09 1.7191E-09
2.3842E-09 2.3932E-09 2.4017E-09 2.4094E-09 2.4166E-09 2.4236E-09 2.4294E-09 2.4351E-09 2.4398E-09 2.4440E-09 2.4474E-09 2.4501E-09 2.4520E-09 2.4532E-09 2.4529E-09 2.4530E-09 2.4511E-09 2.4497E-09 2.4459E-09 2.4432E-09 2.4378E-09 2.4328E-09 2.4257E-09 2.4181E-09 2.4097E-09 2.4004E-09 2.3903E-09 2.3791E-09 2.3670E-09 2.3539E-09 2.3403E-09 2.3255E-09 2.3097E-09 2.2931E-09 2.2763E-09 2.2587E-09 2.2404E-09 2.2213E-09 2.2015E-09 2.1810E-09 2.1599E-09 2.1382E-09 2.1156E-09 2.0924E-09 2.0690E-09 2.0449E-09 2.0203E-09 1.9953E-09 1.9699E-09 1.9444E-09 1.9178E-09 1.8910E-09 1.8644E-09 1.8375E-09 1.8103E-09 1.7825E-09 1.7551E-09
2.4204E-09 2.4304E-09 2.4393E-09 2.4480E-09 2.4556E-09 2.4633E-09 2.4696E-09 2.4756E-09 2.4808E-09 2.4854E-09 2.4891E-09 2.4922E-09 2.4947E-09 2.4958E-09 2.4960E-09 2.4963E-09 2.4949E-09 2.4936E-09 2.4906E-09 2.4869E-09 2.4823E-09 2.4762E-09 2.4693E-09 2.4621E-09 2.4535E-09 2.4443E-09 2.4340E-09 2.4231E-09 2.4111E-09 2.3986E-09 2.3849E-09 2.3703E-09 2.3550E-09 2.3388E-09 2.3216E-09 2.3036E-09 2.2849E-09 2.2653E-09 2.2451E-09 2.2241E-09 2.2024E-09 2.1801E-09 2.1572E-09 2.1340E-09 2.1102E-09 2.0857E-09 2.0610E-09 2.0355E-09 2.0096E-09 1.9834E-09 1.9571E-09 1.9302E-09 1.9031E-09 1.8752E-09 1.8474E-09 1.8192E-09 1.7915E-09
2.4580E-09 2.4685E-09 2.4778E-09 2.4873E-09 2.4953E-09 2.5035E-09 2.5101E-09 2.5160E-09 2.5221E-09 2.5269E-09 2.5315E-09 2.5348E-09 2.5367E-09 2.5391E-09 2.5394E-09 2.5406E-09 2.5392E-09 2.5375E-09 2.5350E-09 2.5309E-09 2.5267E-09 2.5208E-09 2.5146E-09 2.5068E-09 2.4978E-09 2.4884E-09 2.4785E-09 2.4674E-09 2.4555E-09 2.4426E-09 2.4289E-09 2.4144E-09 2.3990E-09 2.3828E-09 2.3658E-09 2.3479E-09 2.3293E-09 2.3098E-09 2.2894E-09 2.2684E-09 2.2465E-09 2.2239E-09 2.2007E-09 2.1769E-09 2.1525E-09 2.1278E-09 2.1023E-09 2.0764E-09 2.0498E-09 2.0233E-09 1.9962E-09 1.9688E-09 1.9412E-09 1.9135E-09 1.8854E-09 1.8566E-09 1.8284E-09
2.4959E-09 2.5066E-09 2.5169E-09 2.5263E-09 2.5353E-09 2.5434E-09 2.5513E-09 2.5576E-09 2.5634E-09 2.5694E-09 2.5731E-09 2.5768E-09 2.5801E-09 2.5822E-09 2.5836E-09 2.5844E-09 2.5834E-09 2.5817E-09 2.5790E-09 2.5757E-09 2.5708E-09 2.5657E-09 2.5592E-09 2.5520E-09 2.5439E-09 2.5347E-09 2.5248E-09 2.5138E-09 2.5022E-09 2.4894E-09 2.4757E-09 2.4609E-09 2.4452E-09 2.4287E-09 2.4113E-09 2.3931E-09 2.3738E-09 2.3539E-09 2.3335E-09 2.3124E-09 2.2905E-09 2.2679E-09 2.2444E-09 2.2202E-09 2.1957E-09 2.1704E-09 2.1445E-09 2.1181E-09 2.0913E-09 2.0644E-09 2.0368E-09 2.0085E-09 1.9803E-09 1.9518E-09 1.9231E-09 1.8942E-09 1.8654E-09
