Assets/Resources/2015_m01_d18_1000(utc+0800)_l00_csi_1hr_conc.grd
DSAA
         159         159
     -79.000      79.000
     -79.000      79.000
  0.6503E-11  0.1432E-05
[rows 75 to 99 of 159, columns 57 to 113 of 159]
7.7789E-10 8.0505E-10 8.3266E-10 8.6106E-10 8.9005E-10 9.1943E-10 9.4955E-10 9.8018E-10 1.0114E-09 1.0432E-09 1.0754E-09 1.1082E-09 1.1417E-09 1.1755E-09 1.2099E-09 1.2447E-09 1.2800E-09 1.3157E-09 1.3518E-09 1.3884E-09 1.4253E-09 1.4625E-09 1.5001E-09 1.5379E-09 1.5761E-09 1.6144E-09 1.6529E-09 1.6916E-09 1.7304E-09 1.7692E-09 1.8081E-09 1.8469E-09 1.8857E-09 1.9244E-09 1.9630E-09 2.0014E-09 2.0396E-09 2.0775E-09 2.1152E-09 2.1525E-09 2.1894E-09 2.2259E-09 2.2619E-09 2.2974E-09 2.3324E-09 2.3668E-09 2.4006E-09 2.4337E-09 2.4661E-09 2.4977E-09 2.5286E-09 2.5587E-09 2.5880E-09 2.6163E-09 2.6438E-09 2.6703E-09 2.6958E-09
7.8766E-10 8.1506E-10 8.4329E-10 8.7185E-10 9.0126E-10 9.3120E-10 9.6160E-10 9.9275E-10 1.0244E-09 1.0566E-09 1.0893E-09 1.1227E-09 1.1565E-09 1.1908E-09 1.2256E-09 1.2610E-09 1.2968E-09 1.3330E-09 1.3697E-09 1.4067E-09 1.4442E-09 1.4819E-09 1.5201E-09 1.5585E-09 1.5971E-09 1.6360E-09 1.6751E-09 1.7143E-09 1.7536E-09 1.7930E-09 1.8324E-09 1.8718E-09 1.9111E-09 1.9503E-09 1.9895E-09 2.0284E-09 2.0671E-09 2.1055E-09 2.1437E-09 2.1815E-09 2.2189E-09 2.2559E-09 2.2924E-09 2.3284E-09 2.3638E-09 2.3987E-09 2.4329E-09 2.4664E-09 2.4993E-09 2.5313E-09 2.5626E-09 2.5931E-09 2.6227E-09 2.6515E-09 2.6793E-09 2.7061E-09 2.7320E-09
7.9719E-10 8.2495E-10 8.5350E-10 8.8268E-10 9.1226E-10 9.4262E-10 9.7352E-10 1.0050E-09 1.0371E-09 1.0697E-09 1.1029E-09 1.1367E-09 1.1710E-09 1.2058E-09 1.2411E-09 1.2770E-09 1.3133E-09 1.3500E-09 1.3872E-09 1.4248E-09 1.4627E-09 1.5010E-09 1.5397E-09 1.5786E-09 1.6178E-09 1.6573E-09 1.6969E-09 1.7366E-09 1.7764E-09 1.8163E-09 1.8563E-09 1.8962E-09 1.9360E-09 1.9758E-09 2.0154E-09 2.0549E-09 2.0941E-09 2.1330E-09 2.1717E-09 2.2100E-09 2.2479E-09 2.2853E-09 2.3223E-09 2.3588E-09 2.3947E-09 2.4300E-09 2.4646E-09 2.4986E-09 2.5319E-09 2.5643E-09 2.5960E-09 2.6269E-09 2.6569E-09 2.6860E-09 2.7141E-09 2.7413E-09 2.7675E-09
8.0645E-10 8.3480E-10 8.6350E-10 8.9307E-10 9.2319E-10 9.5380E-10 9.8519E-10 1.0171E-09 1.0496E-09 1.0826E-09 1.1163E-09 1.1505E-09 1.1853E-09 1.2205E-09 1.2564E-09 1.2927E-09 1.3294E-09 1.3667E-09 1.4044E-09 1.4425E-09 1.4809E-09 1.5198E-09 1.5590E-09 1.5984E-09 1.6382E-09 1.6781E-09 1.7182E-09 1.7585E-09 1.7988E-09 1.8392E-09 1.8797E-09 1.9201E-09 1.9611E-09 2.0030E-09 2.0436E-09 2.0817E-09 2.1206E-09 2.1600E-09 2.1991E-09 2.2379E-09 2.2763E-09 2.3142E-09 2.3517E-09 2.3887E-09 2.4251E-09 2.4608E-09 2.4959E-09 2.5302E-09 2.5638E-09 2.5967E-09 2.6288E-09 2.6600E-09 2.6904E-09 2.7198E-09 2.7483E-09 2.7758E-09 2.8024E-09
8.1556E-10 8.4421E-10 8.7350E-10 9.0323E-10 9.3375E-10 9.6483E-10 9.9655E-10 1.0289E-09 1.0618E-09 1.0952E-09 1.1294E-09 1.1640E-09 1.1992E-09 1.2350E-09 1.2712E-09 1.3080E-09 1.3453E-09 1.3830E-09 1.4212E-09 1.4598E-09 1.4988E-09 1.5382E-09 1.5778E-09 2.1268E-09 1.7258E-09 1.6990E-09 1.7391E-09 1.7816E-09 1.8208E-09 1.8617E-09 1.9170E-09 1.9936E-09 2.1048E-09 2.2004E-09 2.2571E-09 2.2495E-09 2.2303E-09 2.2295E-09 2.2261E-09 2.2656E-09 2.3046E-09 2.3545E-09 2.3934E-09 2.4315E-09 2.4687E-09 2.4931E-09 2.5287E-09 2.5635E-09 2.5974E-09 2.6301E-09 2.6618E-09 2.6925E-09 2.7232E-09 2.7530E-09 2.7818E-09 2.8097E-09 2.8365E-09
8.2463E-10 8.5340E-10 8.8306E-10 9.1330E-10 9.4405E-10 9.7561E-10 1.0077E-09 1.0404E-09 1.0737E-09 1.1077E-09 1.1422E-09 1.1772E-09 1.2129E-09 1.2491E-09 1.2858E-09 1.3231E-09 1.3608E-09 1.3990E-09 1.4377E-09 1.4768E-09 1.5163E-09 1.5561E-09 1.5963E-09 1.4316E-06 2.4621E-07 9.4760E-08 4.0168E-08 1.6700E-08 8.5234E-09 5.5308E-09 4.4593E-09 3.9540E-09 3.8178E-09 3.7227E-09 3.5067E-09 3.1503E-09 2.8428E-09 2.5973E-09 2.4159E-09 2.3646E-09 2.3644E-09 2.4088E-09 2.4490E-09 2.4869E-09 2.5240E-09 2.5610E-09 2.5963E-09 2.6297E-09 2.6501E-09 2.6826E-09 2.7011E-09 2.7321E-09 2.7616E-09 2.7887E-09 2.8156E-09 2.8431E-09 2.8699E-09
8.3324E-10 8.6258E-10 8.9237E-10 9.2298E-10 9.5418E-10 9.8603E-10 1.0185E-09 1.0516E-09 1.0853E-09 1.1197E-09 1.1546E-09 1.1901E-09 1.2262E-09 1.2628E-09 1.3000E-09 1.3377E-09 1.3759E-09 1.4146E-09 1.4538E-09 1.4934E-09 1.5333E-09 1.5737E-09 1.6143E-09 1.6553E-09 4.2739E-07 1.1256E-06 1.4755E-07 9.4180E-08 5.9349E-08 3.4586E-08 2.2560E-08 1.5325E-08 1.1602E-08 9.4996E-09 7.8249E-09 6.2973E-09 5.0350E-09 3.9854E-09 3.3531E-09 2.9259E-09 2.6521E-09 2.5277E-09 2.5481E-09 2.5765E-09 2.6115E-09 2.6410E-09 2.6709E-09 2.7039E-09 2.7359E-09 2.7653E-09 2.7930E-09 2.8088E-09 2.8344E-09 2.8469E-09 2.8609E-09 2.8843E-09 2.9070E-09
8.4161E-10 8.7129E-10 9.0150E-10 9.3239E-10 9.6403E-10 9.9626E-10 1.0291E-09 1.0625E-09 1.0967E-09 1.1314E-09 1.1667E-09 1.2027E-09 1.2392E-09 1.2763E-09 1.3139E-09 1.3520E-09 1.3907E-09 1.4298E-09 1.4695E-09 1.5095E-09 1.5499E-09 1.5908E-09 1.6319E-09 1.6733E-09 1.7150E-09 1.9612E-07 1.2419E-06 2.5117E-07 1.0905E-07 8.0296E-08 5.6263E-08 3.9889E-08 2.9079E-08 2.2237E-08 1.7343E-08 1.3420E-08 1.0388E-08 7.6824E-09 5.8006E-09 4.5710E-09 3.7692E-09 3.2754E-09 2.9811E-09 2.8145E-09 2.7505E-09 2.7773E-09 2.7974E-09 2.8094E-09 2.8435E-09 2.8716E-09 2.8862E-09 2.9082E-09 2.9291E-09 2.9373E-09 2.9563E-09 2.9619E-09 2.9581E-09
8.4988E-10 8.7975E-10 9.1037E-10 9.4161E-10 9.7353E-10 1.0061E-09 1.0393E-09 1.0731E-09 1.1077E-09 1.1428E-09 1.1785E-09 1.2149E-09 1.2518E-09 1.2893E-09 1.3273E-09 1.3659E-09 1.4050E-09 1.4446E-09 1.4847E-09 1.5252E-09 1.5661E-09 1.6074E-09 1.6489E-09 1.6908E-09 1.7330E-09 1.7753E-09 1.0980E-07 8.4454E-07 4.0422E-07 1.3506E-07 8.7823E-08 6.8185E-08 5.2238E-08 4.0664E-08 3.1838E-08 2.5504E-08 1.9462E-08 1.4745E-08 1.1169E-08 8.2302E-09 6.3458E-09 5.0308E-09 4.1912E-09 3.6635E-09 3.3484E-09 3.1383E-09 3.0365E-09 3.0129E-09 3.0042E-09 3.0073E-09 3.0220E-09 3.0400E-09 3.0542E-09 3.0666E-09 3.0673E-09 3.0776E-09 3.0766E-09
8.5783E-10 8.8801E-10 9.1889E-10 9.5054E-10 9.8281E-10 1.0157E-09 1.0492E-09 1.0835E-09 1.1183E-09 1.1538E-09 1.1900E-09 1.2267E-09 1.2640E-09 1.3019E-09 1.3404E-09 1.3794E-09 1.4190E-09 1.4590E-09 1.4995E-09 1.5404E-09 1.5818E-09 1.6235E-09 1.6655E-09 1.7078E-09 1.7504E-09 1.7932E-09 1.8362E-09 6.8879E-08 5.2349E-07 4.5861E-07 1.8081E-07 9.8004E-08 7.5901E-08 6.1312E-08 5.0271E-08 4.0303E-08 3.2716E-08 2.5887E-08 1.9468E-08 1.5064E-08 1.1202E-08 8.5740E-09 6.7626E-09 5.4803E-09 4.6781E-09 4.1009E-09 3.7245E-09 3.4786E-09 3.3382E-09 3.2456E-09 3.2225E-09 3.2087E-09 3.2113E-09 3.2150E-09 3.2164E-09 3.2161E-09 3.2058E-09
8.6543E-10 8.9600E-10 9.2720E-10 9.5910E-10 9.9170E-10 1.0249E-09 1.0588E-09 1.0934E-09 1.1287E-09 1.1645E-09 1.2010E-09 1.2381E-09 1.2759E-09 1.3142E-09 1.3531E-09 1.3925E-09 1.4325E-09 1.4729E-09 1.5138E-09 1.5552E-09 1.5969E-09 1.6391E-09 1.6815E-09 1.7243E-09 1.7673E-09 1.8105E-09 1.8539E-09 1.8975E-09 4.5843E-08 3.2513E-07 4.1737E-07 2.2527E-07 1.1924E-07 8.5050E-08 6.9087E-08 5.8111E-08 4.7823E-08 3.8846E-08 3.1617E-08 2.4487E-08 1.9270E-08 1.4837E-08 1.1266E-08 8.9341E-09 7.1549E-09 5.9351E-09 5.0993E-09 4.5057E-09 4.0972E-09 3.8011E-09 3.6080E-09 3.4948E-09 3.4494E-09 3.4182E-09 3.4012E-09 3.3882E-09 3.3753E-09
8.7275E-10 9.0362E-10 9.3521E-10 9.6743E-10 1.0003E-09 1.0338E-09 1.0680E-09 1.1030E-09 1.1386E-09 1.1748E-09 1.2117E-09 1.2492E-09 1.2873E-09 1.3260E-09 1.3653E-09 1.4051E-09 1.4455E-09 1.4863E-09 1.5277E-09 1.5694E-09 1.6116E-09 1.6541E-09 1.6970E-09 1.7401E-09 1.7836E-09 1.8272E-09 1.8710E-09 1.9150E-09 1.9591E-09 3.2346E-08 2.0810E-07 3.2887E-07 2.3950E-07 1.4238E-07 9.6833E-08 7.7398E-08 6.4629E-08 5.4999E-08 4.5126E-08 3.7449E-08 3.0052E-08 2.3303E-08 1.8597E-08 1.4361E-08 1.1467E-08 9.1385E-09 7.4489E-09 6.3238E-09 5.4799E-09 4.8521E-09 4.4141E-09 4.0945E-09 3.8702E-09 3.7519E-09 3.6817E-09 3.6294E-09 3.5929E-09
8.7993E-10 9.1094E-10 9.4283E-10 9.7536E-10 1.0085E-09 1.0424E-09 1.0770E-09 1.1123E-09 1.1482E-09 1.1847E-09 1.2220E-09 1.2598E-09 1.2983E-09 1.3374E-09 1.3770E-09 1.4173E-09 1.4580E-09 1.4993E-09 1.5410E-09 1.5831E-09 1.6257E-09 1.6686E-09 1.7119E-09 1.7554E-09 1.7992E-09 1.8433E-09 1.8875E-09 1.9319E-09 1.9872E-09 2.0471E-09 2.7080E-08 1.4065E-07 2.4667E-07 2.2442E-07 1.5597E-07 1.0976E-07 8.6634E-08 7.1868E-08 6.1577E-08 5.1278E-08 4.2534E-08 3.5147E-08 2.7847E-08 2.2688E-08 1.7944E-08 1.4067E-08 1.1501E-08 9.3345E-09 7.7464E-09 6.6214E-09 5.7719E-09 5.1607E-09 4.6795E-09 4.3703E-09 4.1342E-09 3.9883E-09 3.8894E-09
8.8667E-10 9.1804E-10 9.5014E-10 9.8296E-10 1.0164E-09 1.0506E-09 1.0855E-09 1.1211E-09 1.1573E-09 1.1943E-09 1.2318E-09 1.2700E-09 1.3089E-09 1.3483E-09 1.3883E-09 1.4289E-09 1.4700E-09 1.5117E-09 1.5537E-09 1.5963E-09 1.6392E-09 1.6825E-09 1.7262E-09 1.7701E-09 1.8143E-09 1.8587E-09 1.9034E-09 1.9482E-09 2.0076E-09 2.0718E-09 2.1537E-09 2.3675E-08 9.9880E-08 1.8374E-07 1.9557E-07 1.5732E-07 1.1909E-07 9.4818E-08 7.9027E-08 6.7773E-08 5.7536E-08 4.7779E-08 4.0417E-08 3.3028E-08 2.6784E-08 2.1631E-08 1.7101E-08 1.4011E-08 1.1385E-08 9.3820E-09 7.9667E-09 6.8789E-09 6.0302E-09 5.4092E-09 4.9535E-09 4.6233E-09 4.3673E-09
8.9310E-10 9.2482E-10 9.5720E-10 9.9022E-10 1.0240E-09 1.0585E-09 1.0937E-09 1.1296E-09 1.1661E-09 1.2034E-09 1.2413E-09 1.2798E-09 1.3190E-09 1.3588E-09 1.3991E-09 1.4401E-09 1.4815E-09 1.5235E-09 1.5660E-09 1.6089E-09 1.6521E-09 1.6958E-09 1.7398E-09 1.7841E-09 1.8287E-09 1.8735E-09 1.9185E-09 1.9753E-09 2.0284E-09 2.0992E-09 2.1879E-09 2.4411E-09 2.0824E-08 7.3869E-08 1.3819E-07 1.6389E-07 1.4894E-07 1.2299E-07 1.0134E-07 8.5990E-08 7.3216E-08 6.3548E-08 5.3404E-08 4.5428E-08 3.7727E-08 3.0566E-08 2.5397E-08 2.0574E-08 1.6747E-08 1.3769E-08 1.1380E-08 9.5655E-09 8.1976E-09 7.1014E-09 6.2987E-09 5.6520E-09 5.1872E-09
8.9929E-10 9.3119E-10 9.6383E-10 9.9713E-10 1.0312E-09 1.0660E-09 1.1015E-09 1.1376E-09 1.1745E-09 1.2120E-09 1.2503E-09 1.2891E-09 1.3286E-09 1.3687E-09 1.4095E-09 1.4507E-09 1.4925E-09 1.5348E-09 1.5776E-09 1.6209E-09 1.6645E-09 1.7085E-09 1.7529E-09 1.7975E-09 1.8425E-09 1.8876E-09 1.9330E-09 1.9934E-09 2.0597E-09 2.1273E-09 2.2293E-09 2.3989E-09 4.3743E-09 1.8652E-08 5.7310E-08 1.0626E-07 1.3537E-07 1.3569E-07 1.2126E-07 1.0482E-07 9.1047E-08 7.8821E-08 6.9053E-08 5.9282E-08 4.9667E-08 4.2654E-08 3.5355E-08 2.9301E-08 2.4215E-08 1.9651E-08 1.6484E-08 1.3788E-08 1.1605E-08 9.9310E-09 8.6192E-09 7.3207E-09 6.5091E-09
9.0516E-10 9.3723E-10 9.7012E-10 1.0037E-09 1.0380E-09 1.0731E-09 1.1088E-09 1.1453E-09 1.1824E-09 1.2203E-09 1.2588E-09 1.2980E-09 1.3378E-09 1.3782E-09 1.4192E-09 1.4608E-09 1.5030E-09 1.5456E-09 1.5887E-09 1.6323E-09 1.6762E-09 1.7206E-09 1.7653E-09 1.8103E-09 1.8555E-09 1.9010E-09 1.9575E-09 2.0112E-09 2.0829E-09 2.1652E-09 2.2713E-09 2.4535E-09 2.8194E-09 5.3841E-09 1.7235E-08 4.6023E-08 8.3880E-08 1.1153E-07 1.2077E-07 1.1544E-07 1.0512E-07 9.4556E-08 8.3848E-08 7.3938E-08 6.4554E-08 5.4914E-08 4.7166E-08 3.9720E-08 3.3210E-08 2.8083E-08 2.3566E-08 1.9723E-08 1.6765E-08 1.4297E-08 1.1567E-08 1.0038E-08 8.4191E-09
9.1061E-10 9.4300E-10 9.7606E-10 1.0099E-09 1.0445E-09 1.0798E-09 1.1158E-09 1.1525E-09 1.1899E-09 1.2281E-09 1.2669E-09 1.3063E-09 1.3464E-09 1.3872E-09 1.4285E-09 1.4704E-09 1.5128E-09 1.5558E-09 1.5992E-09 1.6430E-09 1.6873E-09 1.7320E-09 1.7770E-09 1.8223E-09 1.8679E-09 1.9137E-09 1.9727E-09 2.0383E-09 2.1058E-09 2.1955E-09 2.3212E-09 2.5059E-09 2.8583E-09 3.4893E-09 6.4583E-09 1.6693E-08 3.8638E-08 6.8175E-08 9.3109E-08 1.0597E-07 1.0804E-07 1.0317E-07 9.5622E-08 8.6893E-08 7.6998E-08 6.8526E-08 5.9576E-08 5.1601E-08 4.4375E-08 3.8007E-08 3.2334E-08 2.7945E-08 2.2923E-08 1.9053E-08 1.6312E-08 1.3095E-08 1.1273E-08
9.1573E-10 9.4834E-10 9.8162E-10 1.0157E-09 1.0505E-09 1.0861E-09 1.1223E-09 1.1593E-09 1.1970E-09 1.2354E-09 1.2745E-09 1.3142E-09 1.3546E-09 1.3956E-09 1.4372E-09 1.4794E-09 1.5221E-09 1.5653E-09 1.6090E-09 1.6532E-09 1.6978E-09 1.7427E-09 1.7880E-09 1.8336E-09 1.8795E-09 1.9257E-09 1.9871E-09 2.0564E-09 2.1279E-09 2.2256E-09 2.3614E-09 2.5535E-09 2.9098E-09 3.4918E-09 4.4519E-09 7.8022E-09 1.6729E-08 3.4094E-08 5.7144E-08 7.9181E-08 9.2987E-08 9.9262E-08 9.8761E-08 9.4076E-08 8.7673E-08 7.9437E-08 7.1209E-08 6.3297E-08 5.5760E-08 4.8659E-08 4.2948E-08 3.5379E-08 3.0483E-08 2.6469E-08 2.0744E-08 1.7812E-08 1.5046E-08
9.2050E-10 9.5332E-10 9.8682E-10 1.0211E-09 1.0562E-09 1.0919E-09 1.1284E-09 1.1656E-09 1.2036E-09 1.2422E-09 1.2816E-09 1.3216E-09 1.3622E-09 1.4035E-09 1.4454E-09 1.4878E-09 1.5308E-09 1.5743E-09 1.6183E-09 1.6627E-09 1.7076E-09 1.7528E-09 1.7984E-09 1.8442E-09 1.8904E-09 1.9370E-09 2.0007E-09 2.0736E-09 2.1591E-09 2.2542E-09 2.3953E-09 2.6134E-09 2.9578E-09 3.5201E-09 4.3914E-09 5.7383E-09 9.4119E-09 1.7226E-08 3.1199E-08 4.9655E-08 6.8158E-08 8.2197E-08 9.0109E-08 9.2259E-08 9.0118E-08 8.5303E-08 7.9231E-08 7.2312E-08 6.5523E-08 5.9627E-08 5.0463E-08 4.4991E-08 4.0164E-08 3.1726E-08 2.7682E-08 2.2977E-08 1.8426E-08
9.2499E-10 9.5793E-10 9.9163E-10 1.0262E-09 1.0614E-09 1.0974E-09 1.1341E-09 1.1716E-09 1.2097E-09 1.2486E-09 1.2882E-09 1.3284E-09 1.3693E-09 1.4108E-09 1.4529E-09 1.4956E-09 1.5389E-09 1.5826E-09 1.6269E-09 1.6716E-09 1.7167E-09 1.7622E-09 1.8080E-09 1.8541E-09 1.9005E-09 1.9475E-09 2.0133E-09 2.0893E-09 2.1795E-09 2.2898E-09 2.4283E-09 2.6530E-09 3.0034E-09 3.5406E-09 4.3602E-09 5.5693E-09 7.2901E-09 1.1183E-08 1.8240E-08 2.9601E-08 4.4593E-08 5.9630E-08 7.2336E-08 7.9833E-08 8.3337E-08 8.3102E-08 8.0548E-08 7.6776E-08 7.2697E-08 6.4221E-08 5.9429E-08 5.4968E-08 4.4586E-08 3.9909E-08 3.1940E-08 2.7348E-08 2.3794E-08
9.2905E-10 9.6216E-10 9.9605E-10 1.0308E-09 1.0662E-09 1.1024E-09 1.1393E-09 1.1770E-09 1.2154E-09 1.2545E-09 1.2943E-09 1.3347E-09 1.3759E-09 1.4176E-09 1.4600E-09 1.5029E-09 1.5463E-09 1.5903E-09 1.6348E-09 1.6797E-09 1.7251E-09 1.7708E-09 1.8169E-09 1.8633E-09 1.9099E-09 1.9681E-09 2.0245E-09 2.1031E-09 2.1974E-09 2.3135E-09 2.4654E-09 2.6863E-09 3.0274E-09 3.5534E-09 4.3213E-09 5.4398E-09 6.9826E-09 9.0861E-09 1.3054E-08 1.9411E-08 2.8713E-08 4.0506E-08 5.2532E-08 6.2567E-08 6.9569E-08 7.3470E-08 7.5382E-08 7.5726E-08 7.1119E-08 6.8883E-08 6.1702E-08 5.6247E-08 5.2082E-08 4.2694E-08 3.7926E-08 3.3633E-08 2.5732E-08
9.3273E-10 9.6602E-10 1.0001E-09 1.0350E-09 1.0706E-09 1.1070E-09 1.1441E-09 1.1820E-09 1.2206E-09 1.2599E-09 1.2999E-09 1.3405E-09 1.3819E-09 1.4238E-09 1.4664E-09 1.5095E-09 1.5532E-09 1.5974E-09 1.6421E-09 1.6872E-09 1.7328E-09 1.7787E-09 1.8250E-09 1.8717E-09 1.9185E-09 1.9772E-09 2.0343E-09 2.1148E-09 2.2121E-09 2.3327E-09 2.4875E-09 2.7050E-09 3.0445E-09 3.5446E-09 4.2782E-09 5.3002E-09 6.7026E-09 8.5595E-09 1.1101E-08 1.4930E-08 2.0534E-08 2.8062E-08 3.7086E-08 4.6171E-08 5.4011E-08 6.0607E-08 6.4983E-08 6.6738E-08 6.8291E-08 6.4704E-08 6.2702E-08 6.0497E-08 5.1696E-08 4.7863E-08 4.4149E-08 3.4189E-08 2.9651E-08
9.3604E-10 9.6949E-10 1.0038E-09 1.0388E-09 1.0746E-09 1.1111E-09 1.1484E-09 1.1865E-09 1.2252E-09 1.2647E-09 1.3049E-09 1.3458E-09 1.3873E-09 1.4294E-09 1.4722E-09 1.5155E-09 1.5594E-09 1.6038E-09 1.6487E-09 1.6940E-09 1.7398E-09 1.7860E-09 1.8325E-09 1.8793E-09 1.9263E-09 1.9852E-09 2.0426E-09 2.1241E-09 2.2234E-09 2.3469E-09 2.5048E-09 2.7263E-09 3.0467E-09 3.5273E-09 4.2034E-09 5.1512E-09 6.4419E-09 8.1096E-09 1.0210E-08 1.2966E-08 1.6634E-08 2.1491E-08 2.7489E-08 3.4351E-08 4.1361E-08 4.7458E-08 5.3166E-08 5.8184E-08 5.9356E-08 6.1097E-08 6.1662E-08 5.6179E-08 5.4287E-08 4.8138E-08 4.1862E-08 3.7449E-08 3.2563E-08
9.3898E-10 9.7256E-10 1.0070E-09 1.0422E-09 1.0781E-09 1.1148E-09 1.1523E-09 1.1905E-09 1.2294E-09 1.2691E-09 1.3094E-09 1.3505E-09 1.3921E-09 1.4345E-09 1.4774E-09 1.5209E-09 1.5650E-09 1.6095E-09 1.6546E-09 1.7001E-09 1.7461E-09 1.7924E-09 1.8391E-09 1.8861E-09 1.9334E-09 1.9814E-09 2.0495E-09 2.1310E-09 2.2308E-09 2.3554E-09 2.5134E-09 2.7290E-09 3.0427E-09 3.4881E-09 4.1242E-09 5.0022E-09 6.1625E-09 7.6694E-09 9.5537E-09 1.1840E-08 1.4629E-08 1.8089E-08 2.2309E-08 2.7196E-08 3.2563E-08 3.8249E-08 4.4032E-08 4.8030E-08 5.2520E-08 5.5942E-08 5.4469E-08 5.5196E-08 5.0284E-08 4.6939E-08 4.3592E-08 3.9110E-08 3.5248E-08
