Assets/Resources/2015_m01_d19_1200(utc+0800)_l00_csi_1hr_conc.grd
DSAA
         159         159
     -79.000      79.000
     -79.000      79.000
  0.0000E+00  0.6428E-05
[rows 75 to 99 of 159, columns 57 to 113 of 159]
1.0480E-08 1.2861E-08 1.5730E-08 1.9131E-08 2.3129E-08 2.7861E-08 3.3319E-08 3.9440E-08 4.6096E-08 5.2686E-08 5.8809E-08 6.3437E-08 6.5652E-08 6.4256E-08 5.7950E-08 4.7011E-08 3.1157E-08 1.4319E-08 3.1049E-09 5.3151E-10 5.2367E-10 5.2646E-10 5.2721E-10 5.2869E-10 5.2944E-10 5.2807E-10 5.2748E-10 5.2614E-10 5.2336E-10 5.1998E-10 5.1658E-10 5.1178E-10 5.0573E-10 5.0052E-10 4.9467E-10 4.8819E-10 4.8045E-10 4.7161E-10 4.6370E-10 4.5496E-10 4.4570E-10 4.3620E-10 4.2631E-10 4.1552E-10 4.0411E-10 3.9353E-10 3.8052E-10 3.7042E-10 3.5456E-10 3.4471E-10 3.3198E-10 3.2226E-10 3.1129E-10 3.0326E-10 2.9554E-10 2.8817E-10 2.7928E-10
7.2644E-09 9.0790E-09 1.1346E-08 1.4130E-08 1.7510E-08 2.1660E-08 2.6616E-08 3.2479E-08 3.9161E-08 4.6556E-08 5.4236E-08 6.1583E-08 6.7847E-08 7.1673E-08 7.2315E-08 6.8397E-08 5.8295E-08 4.1666E-08 1.9230E-08 2.6086E-09 4.8528E-10 4.8640E-10 4.8826E-10 4.8943E-10 4.8862E-10 4.8856E-10 4.8782E-10 4.8505E-10 4.8308E-10 4.8046E-10 4.7648E-10 4.7131E-10 4.6699E-10 4.6203E-10 4.5651E-10 4.4968E-10 4.4147E-10 4.3426E-10 4.2648E-10 4.1839E-10 4.1036E-10 4.0112E-10 3.9088E-10 3.8052E-10 3.7014E-10 3.5924E-10 3.4801E-10 3.3575E-10 3.2587E-10 3.1390E-10 3.0423E-10 2.9377E-10 2.8726E-10 2.8012E-10 2.7243E-10 2.6509E-10 2.5814E-10
4.7564E-09 6.0355E-09 7.6567E-09 9.7208E-09 1.2318E-08 1.5533E-08 1.9481E-08 2.4278E-08 2.9962E-08 3.6595E-08 4.4159E-08 5.2550E-08 6.1717E-08 6.9996E-08 7.7868E-08 8.2204E-08 8.1615E-08 7.6449E-08 6.8646E-08 3.8188E-08 4.8351E-09 4.5030E-10 4.5183E-10 4.5147E-10 4.5189E-10 4.5166E-10 4.4950E-10 4.4817E-10 4.4619E-10 4.4227E-10 4.3859E-10 4.3503E-10 4.3068E-10 4.2567E-10 4.1956E-10 4.1228E-10 4.0593E-10 3.9930E-10 3.9232E-10 3.8489E-10 3.7645E-10 3.6722E-10 3.5832E-10 3.4865E-10 3.3941E-10 3.2891E-10 3.1670E-10 3.0766E-10 2.9584E-10 2.8687E-10 2.7811E-10 2.7173E-10 2.6516E-10 2.5805E-10 2.5178E-10 2.4489E-10 2.3749E-10
2.9184E-09 3.7778E-09 4.8521E-09 6.2371E-09 7.9751E-09 1.0132E-08 1.2813E-08 1.6049E-08 2.0091E-08 2.5064E-08 3.1388E-08 3.9205E-08 4.9058E-08 6.0484E-08 7.5342E-08 9.1384E-08 1.0898E-07 1.2337E-07 1.3143E-07 1.4155E-07 1.3448E-07 1.3142E-08 4.1661E-10 4.1739E-10 4.1761E-10 4.1600E-10 4.1518E-10 4.1365E-10 4.0931E-10 4.0702E-10 4.0407E-10 4.0030E-10 3.9624E-10 3.9085E-10 3.8447E-10 3.7888E-10 3.7320E-10 3.6700E-10 3.6043E-10 3.5294E-10 3.4484E-10 3.3648E-10 3.2741E-10 3.1897E-10 3.0972E-10 2.9836E-10 2.8948E-10 2.7837E-10 2.7059E-10 2.6254E-10 2.5669E-10 2.5067E-10 2.4410E-10 2.3836E-10 2.3201E-10 2.2515E-10 2.1865E-10
1.6995E-09 2.2348E-09 2.8719E-09 3.6806E-09 4.7038E-09 5.9027E-09 7.3619E-09 9.1788E-09 1.1503E-08 1.4621E-08 1.8870E-08 2.4784E-08 3.2875E-08 4.3940E-08 6.0562E-08 8.3672E-08 1.2124E-07 1.8357E-07 3.2308E-07 6.3290E-07 1.5354E-06 6.4283E-06 3.8449E-10 3.8443E-10 3.8396E-10 3.8350E-10 3.8221E-10 3.7891E-10 3.7719E-10 3.7462E-10 3.7152E-10 3.6766E-10 3.6325E-10 3.5776E-10 3.5326E-10 3.4824E-10 3.4282E-10 3.3694E-10 3.3039E-10 3.2301E-10 3.1478E-10 3.0839E-10 2.9981E-10 2.9116E-10 2.8019E-10 2.7205E-10 2.6210E-10 2.5502E-10 2.4753E-10 2.4217E-10 2.3666E-10 2.3105E-10 2.2535E-10 2.1951E-10 2.1316E-10 2.0716E-10 2.0119E-10
9.5068E-10 1.2349E-09 1.5701E-09 1.9871E-09 2.4544E-09 3.0032E-09 3.6160E-09 4.4480E-09 5.5166E-09 7.0468E-09 9.3067E-09 1.2494E-08 1.7382E-08 2.4062E-08 3.4292E-08 4.5928E-08 5.9753E-08 6.7557E-08 6.1274E-08 4.0730E-08 4.4863E-10 3.5369E-10 3.5285E-10 3.5331E-10 3.5296E-10 3.5183E-10 3.4978E-10 3.4835E-10 3.4627E-10 3.4377E-10 3.4120E-10 3.3682E-10 3.3261E-10 3.2850E-10 3.2402E-10 3.1959E-10 3.1457E-10 3.0878E-10 3.0143E-10 2.9465E-10 2.8900E-10 2.8102E-10 2.7170E-10 2.6292E-10 2.5587E-10 2.4663E-10 2.4005E-10 2.3310E-10 2.2820E-10 2.2316E-10 2.1802E-10 2.1278E-10 2.0741E-10 2.0154E-10 1.9633E-10 1.8945E-10 1.8352E-10
5.2569E-10 6.4932E-10 8.0048E-10 9.6852E-10 1.1367E-09 1.3273E-09 1.5437E-09 1.8182E-09 2.2058E-09 2.7361E-09 3.5410E-09 4.7578E-09 6.8262E-09 9.0948E-09 1.2113E-08 1.2796E-08 1.0710E-08 4.5827E-09 3.9246E-10 3.2301E-10 3.2400E-10 3.2397E-10 3.2440E-10 3.2471E-10 3.2282E-10 3.2216E-10 3.2111E-10 3.1954E-10 3.1787E-10 3.1583E-10 3.1123E-10 3.0829E-10 3.0502E-10 3.0166E-10 2.9765E-10 2.9335E-10 2.8714E-10 2.8135E-10 2.7534E-10 2.7045E-10 2.6185E-10 2.5483E-10 2.4697E-10 2.3923E-10 2.3180E-10 2.2572E-10 2.1927E-10 2.1479E-10 2.0972E-10 2.0548E-10 2.0067E-10 1.9529E-10 1.9020E-10 1.8445E-10 1.7881E-10 1.7367E-10 1.6844E-10
2.8347E-10 3.3525E-10 3.9546E-10 4.5072E-10 4.9252E-10 5.2191E-10 5.9217E-10 6.5570E-10 7.2820E-10 8.4139E-10 1.0486E-09 1.3840E-09 2.0270E-09 2.4337E-09 2.8501E-09 2.1308E-09 4.6273E-10 3.1873E-10 2.9406E-10 2.9477E-10 2.9646E-10 2.9755E-10 2.9787E-10 2.9640E-10 2.9638E-10 2.9561E-10 2.9475E-10 2.9359E-10 2.9202E-10 2.8800E-10 2.8522E-10 2.8278E-10 2.7978E-10 2.7638E-10 2.7264E-10 2.6760E-10 2.6184E-10 2.5704E-10 2.5181E-10 2.4538E-10 2.3900E-10 2.3054E-10 2.2455E-10 2.1764E-10 2.1082E-10 2.0603E-10 2.0150E-10 1.9730E-10 1.9344E-10 1.8859E-10 1.8393E-10 1.7875E-10 1.7364E-10 1.6888E-10 1.6414E-10 1.5932E-10 1.5441E-10
1.8073E-10 1.9633E-10 2.0905E-10 2.2125E-10 2.2885E-10 2.3914E-10 2.4530E-10 2.5106E-10 2.5493E-10 2.6677E-10 3.1210E-10 4.0344E-10 6.0773E-10 6.2890E-10 5.3262E-10 3.0205E-10 2.7164E-10 2.6789E-10 2.6899E-10 2.7078E-10 2.7202E-10 2.7114E-10 2.7180E-10 2.7209E-10 2.7202E-10 2.7157E-10 2.7078E-10 2.6861E-10 2.6552E-10 2.6384E-10 2.6185E-10 2.5954E-10 2.5669E-10 2.5353E-10 2.4926E-10 2.4363E-10 2.4031E-10 2.3560E-10 2.2972E-10 2.2272E-10 2.1602E-10 2.0934E-10 2.0296E-10 1.9779E-10 1.9341E-10 1.8925E-10 1.8542E-10 1.8191E-10 1.7718E-10 1.7253E-10 1.6793E-10 1.6364E-10 1.5933E-10 1.5496E-10 1.5051E-10 1.4598E-10 1.4220E-10
1.3746E-10 1.5083E-10 1.6348E-10 1.7172E-10 1.8476E-10 1.9326E-10 2.0011E-10 2.0647E-10 2.1182E-10 2.1728E-10 2.2349E-10 2.2835E-10 2.6773E-10 2.3643E-10 2.3944E-10 2.4210E-10 2.4335E-10 2.4567E-10 2.4768E-10 2.4912E-10 2.4853E-10 2.4939E-10 2.4990E-10 2.5008E-10 2.4981E-10 2.4893E-10 2.4644E-10 2.4548E-10 2.4419E-10 2.4262E-10 2.4072E-10 2.3854E-10 2.3610E-10 2.3173E-10 2.2727E-10 2.2438E-10 2.2016E-10 2.1365E-10 2.0726E-10 2.0220E-10 1.9604E-10 1.9013E-10 1.8424E-10 1.8097E-10 1.7757E-10 1.7391E-10 1.6993E-10 1.6584E-10 1.6179E-10 1.5799E-10 1.5411E-10 1.5015E-10 1.4612E-10 1.4202E-10 1.3785E-10 1.3440E-10 1.3081E-10
1.1688E-10 1.2717E-10 1.3752E-10 1.5294E-10 1.5915E-10 1.6886E-10 1.8114E-10 1.8763E-10 1.9364E-10 1.9926E-10 2.0505E-10 2.0987E-10 2.1315E-10 2.1660E-10 2.2015E-10 2.2210E-10 2.2430E-10 2.2619E-10 2.2665E-10 2.2800E-10 2.2899E-10 2.2970E-10 2.3009E-10 2.3017E-10 2.2996E-10 2.2783E-10 2.2717E-10 2.2621E-10 2.2495E-10 2.2343E-10 2.2162E-10 2.1900E-10 2.1512E-10 2.1171E-10 2.0925E-10 2.0434E-10 1.9837E-10 1.9366E-10 1.8793E-10 1.8232E-10 1.7681E-10 1.7251E-10 1.6930E-10 1.6558E-10 1.6253E-10 1.5891E-10 1.5502E-10 1.5204E-10 1.4855E-10 1.4458E-10 1.4136E-10 1.3765E-10 1.3387E-10 1.3003E-10 1.2688E-10 1.2360E-10 1.1950E-10
9.3085E-11 1.0906E-10 1.1759E-10 1.2655E-10 1.3738E-10 1.4678E-10 1.5556E-10 1.6424E-10 1.7582E-10 1.8192E-10 1.8704E-10 1.9118E-10 1.9537E-10 1.9838E-10 2.0159E-10 2.0463E-10 2.0664E-10 2.0783E-10 2.0927E-10 2.1044E-10 2.1128E-10 2.1185E-10 2.1214E-10 2.1050E-10 2.1037E-10 2.0995E-10 2.0926E-10 2.0831E-10 2.0709E-10 2.0564E-10 2.0339E-10 1.9885E-10 1.9698E-10 1.9486E-10 1.9045E-10 1.8389E-10 1.7967E-10 1.7329E-10 1.7007E-10 1.6373E-10 1.6079E-10 1.5744E-10 1.5408E-10 1.5183E-10 1.4848E-10 1.4505E-10 1.4275E-10 1.3955E-10 1.3589E-10 1.3295E-10 1.2953E-10 1.2566E-10 1.2252E-10 1.1966E-10 1.1666E-10 1.1248E-10 1.0863E-10
8.0588E-11 8.8156E-11 9.5700E-11 1.0743E-10 1.1610E-10 1.2552E-10 1.3196E-10 1.4342E-10 1.5140E-10 1.5581E-10 1.6364E-10 1.7273E-10 1.7867E-10 1.8225E-10 1.8513E-10 1.8768E-10 1.8980E-10 1.9134E-10 1.9259E-10 1.9369E-10 1.9467E-10 1.9525E-10 1.9392E-10 1.9397E-10 1.9379E-10 1.9333E-10 1.9264E-10 1.9172E-10 1.9054E-10 1.8759E-10 1.8458E-10 1.8293E-10 1.8078E-10 1.7465E-10 1.7083E-10 1.6594E-10 1.6100E-10 1.5707E-10 1.5140E-10 1.4965E-10 1.4640E-10 1.4399E-10 1.4219E-10 1.3913E-10 1.3599E-10 1.3392E-10 1.3060E-10 1.2722E-10 1.2493E-10 1.2140E-10 1.1781E-10 1.1533E-10 1.1272E-10 1.0963E-10 1.0610E-10 1.0255E-10 9.9335E-11
6.0313E-11 7.2069E-11 7.8485E-11 8.5528E-11 9.5594E-11 1.0588E-10 1.1327E-10 1.1984E-10 1.2804E-10 1.3456E-10 1.4160E-10 1.4720E-10 1.5453E-10 1.6138E-10 1.6721E-10 1.7026E-10 1.7232E-10 1.7460E-10 1.7654E-10 1.7771E-10 1.7749E-10 1.7797E-10 1.7819E-10 1.7818E-10 1.7796E-10 1.7748E-10 1.7680E-10 1.7590E-10 1.7176E-10 1.7051E-10 1.6895E-10 1.6646E-10 1.5981E-10 1.5849E-10 1.5189E-10 1.4932E-10 1.4398E-10 1.4083E-10 1.3924E-10 1.3602E-10 1.3462E-10 1.3268E-10 1.2949E-10 1.2740E-10 1.2516E-10 1.2209E-10 1.1936E-10 1.1729E-10 1.1403E-10 1.1072E-10 1.0847E-10 1.0609E-10 1.0324E-10 9.9985E-11 9.6328E-11 9.3745E-11 9.1067E-11
4.9130E-11 5.5484E-11 5.9318E-11 6.9168E-11 7.9103E-11 8.3227E-11 9.0996E-11 1.0027E-10 1.0817E-10 1.1273E-10 1.2234E-10 1.2673E-10 1.3292E-10 1.3928E-10 1.4289E-10 1.4595E-10 1.5247E-10 1.5623E-10 1.6033E-10 1.6172E-10 1.6238E-10 1.6279E-10 1.6298E-10 1.6296E-10 1.6273E-10 1.6229E-10 1.6015E-10 1.5813E-10 1.5720E-10 1.5619E-10 1.5300E-10 1.4794E-10 1.4589E-10 1.3990E-10 1.3798E-10 1.3208E-10 1.3125E-10 1.2913E-10 1.2695E-10 1.2575E-10 1.2365E-10 1.2076E-10 1.1924E-10 1.1722E-10 1.1365E-10 1.1191E-10 1.0967E-10 1.0665E-10 1.0396E-10 1.0192E-10 9.9759E-11 9.7143E-11 9.3770E-11 9.0741E-11 8.8379E-11 8.5928E-11 8.3394E-11
3.2234E-11 3.9150E-11 4.7865E-11 5.2987E-11 6.0270E-11 6.8767E-11 7.3524E-11 8.1317E-11 8.7497E-11 9.4639E-11 1.0230E-10 1.0853E-10 1.1297E-10 1.1696E-10 1.2126E-10 1.2687E-10 1.3110E-10 1.3722E-10 1.3915E-10 1.4049E-10 1.4277E-10 1.4330E-10 1.4364E-10 1.4446E-10 1.4878E-10 1.4646E-10 1.4603E-10 1.4542E-10 1.4461E-10 1.3787E-10 1.3717E-10 1.3050E-10 1.2992E-10 1.2629E-10 1.2284E-10 1.2217E-10 1.1922E-10 1.1836E-10 1.1734E-10 1.1475E-10 1.1283E-10 1.1152E-10 1.0898E-10 1.0641E-10 1.0484E-10 1.0244E-10 9.9288E-11 9.7545E-11 9.5689E-11 9.3724E-11 9.1321E-11 8.7833E-11 8.5398E-11 8.3241E-11 8.0998E-11 7.8340E-11 7.5325E-11
2.1406E-11 2.8557E-11 3.1475E-11 3.8267E-11 4.5031E-11 5.1809E-11 5.7065E-11 6.3361E-11 6.9534E-11 7.7938E-11 8.4354E-11 8.9948E-11 9.4162E-11 9.7158E-11 1.0427E-10 1.0952E-10 1.1451E-10 1.1698E-10 1.1928E-10 1.2146E-10 1.2353E-10 1.2498E-10 1.2688E-10 1.2862E-10 1.2997E-10 1.3053E-10 1.3030E-10 1.2797E-10 1.2482E-10 1.2447E-10 1.1940E-10 1.1907E-10 1.1401E-10 1.1370E-10 1.1253E-10 1.1092E-10 1.1025E-10 1.0904E-10 1.0635E-10 1.0535E-10 1.0418E-10 1.0083E-10 9.9548E-11 9.8146E-11 9.5593E-11 9.3032E-11 9.1453E-11 8.9769E-11 8.7983E-11 8.5439E-11 8.2183E-11 8.0300E-11 7.8330E-11 7.6279E-11 7.3825E-11 7.1026E-11 6.7894E-11
1.0731E-11 1.5638E-11 1.9094E-11 2.4996E-11 3.2277E-11 3.5759E-11 3.9844E-11 4.6291E-11 5.4354E-11 6.0621E-11 6.4131E-11 7.1234E-11 7.5343E-11 8.0692E-11 8.9615E-11 9.2277E-11 9.5246E-11 9.9682E-11 1.0169E-10 1.0397E-10 1.0672E-10 1.0866E-10 1.0980E-10 1.1236E-10 1.1405E-10 1.1421E-10 1.1153E-10 1.1224E-10 1.0851E-10 1.0858E-10 1.0479E-10 1.0481E-10 1.0467E-10 1.0304E-10 1.0270E-10 1.0218E-10 9.9803E-11 9.9097E-11 9.8248E-11 9.6919E-11 9.4165E-11 9.3057E-11 9.1803E-11 8.8442E-11 8.7113E-11 8.5683E-11 8.4155E-11 8.2531E-11 7.9847E-11 7.7160E-11 7.5444E-11 7.3646E-11 7.1771E-11 6.9507E-11 6.6581E-11 6.3995E-11 6.2041E-11
8.1136E-12 9.3466E-12 1.0890E-11 1.4570E-11 1.8037E-11 2.3045E-11 2.9818E-11 3.5218E-11 3.9098E-11 4.4462E-11 4.8197E-11 5.2847E-11 6.0219E-11 6.7934E-11 7.2123E-11 7.5984E-11 7.9673E-11 8.2994E-11 8.5796E-11 8.8629E-11 9.0847E-11 9.2551E-11 9.6944E-11 9.8556E-11 9.8011E-11 9.8498E-11 9.9454E-11 9.7112E-11 9.7381E-11 9.5545E-11 9.5705E-11 9.4735E-11 9.4692E-11 9.4504E-11 9.4181E-11 9.2399E-11 9.1870E-11 9.1178E-11 8.8710E-11 8.7873E-11 8.6898E-11 8.5150E-11 8.2700E-11 8.1520E-11 8.0224E-11 7.8838E-11 7.7363E-11 7.4213E-11 7.2391E-11 7.0827E-11 6.9186E-11 6.7472E-11 6.5065E-11 6.2335E-11 6.0266E-11 5.8473E-11 5.5727E-11
3.6404E-12 6.2965E-12 8.6737E-12 9.9102E-12 1.2555E-11 1.5127E-11 1.8268E-11 2.1349E-11 2.6161E-11 2.9580E-11 3.4527E-11 4.1164E-11 4.7578E-11 5.1073E-11 5.4327E-11 5.9484E-11 6.4371E-11 6.6950E-11 7.1488E-11 7.3520E-11 7.6257E-11 8.0023E-11 8.1867E-11 8.3743E-11 8.4919E-11 8.5235E-11 8.6620E-11 8.5365E-11 8.6384E-11 8.6716E-11 8.6269E-11 8.6385E-11 8.6357E-11 8.5228E-11 8.5008E-11 8.4623E-11 8.3795E-11 8.2233E-11 8.1549E-11 8.0736E-11 7.8206E-11 7.7277E-11 7.6220E-11 7.5068E-11 7.3810E-11 7.1835E-11 6.9219E-11 6.7870E-11 6.6445E-11 6.4947E-11 6.3382E-11 6.1149E-11 5.8293E-11 5.6705E-11 5.4756E-11 5.2183E-11 4.9950E-11
2.5320E-12 3.0969E-12 4.7892E-12 7.2596E-12 8.4369E-12 1.0397E-11 1.3071E-11 1.6112E-11 1.8766E-11 2.1020E-11 2.5034E-11 2.9162E-11 3.2127E-11 3.6600E-11 4.0904E-11 4.4785E-11 4.7689E-11 5.3599E-11 5.7362E-11 6.0633E-11 6.3298E-11 6.7184E-11 6.9714E-11 7.1460E-11 7.4009E-11 7.5148E-11 7.5399E-11 7.6490E-11 7.8054E-11 7.8419E-11 7.8646E-11 7.8770E-11 7.8155E-11 7.8063E-11 7.7854E-11 7.6557E-11 7.6149E-11 7.5594E-11 7.4613E-11 7.2950E-11 7.2132E-11 7.1217E-11 7.0183E-11 6.9062E-11 6.6292E-11 6.4817E-11 6.3589E-11 6.2291E-11 6.0925E-11 5.9495E-11 5.6808E-11 5.4765E-11 5.3311E-11 5.1510E-11 4.8802E-11 4.7040E-11 4.4963E-11
0.0000E+00 1.3262E-12 3.0014E-12 3.5644E-12 4.8196E-12 7.2972E-12 8.9288E-12 1.0874E-11 1.3995E-11 1.6539E-11 1.8419E-11 2.1123E-11 2.4990E-11 2.9708E-11 3.1438E-11 3.4564E-11 3.9422E-11 4.2918E-11 4.5170E-11 5.0331E-11 5.3148E-11 5.6605E-11 5.9598E-11 6.2601E-11 6.4258E-11 6.4939E-11 6.7920E-11 6.8893E-11 6.9770E-11 7.0925E-11 7.0864E-11 7.1032E-11 7.1074E-11 7.0381E-11 7.0709E-11 7.0404E-11 7.0000E-11 6.8557E-11 6.7973E-11 6.7276E-11 6.6469E-11 6.5571E-11 6.4563E-11 6.1708E-11 6.0660E-11 5.9543E-11 5.8360E-11 5.7114E-11 5.5510E-11 5.2691E-11 5.1413E-11 5.0083E-11 4.8125E-11 4.5587E-11 4.4262E-11 4.2030E-11 3.9828E-11
0.0000E+00 0.0000E+00 0.0000E+00 1.7921E-12 3.0100E-12 3.5725E-12 5.9162E-12 7.0324E-12 9.3489E-12 1.0125E-11 1.3955E-11 1.5736E-11 1.8729E-11 2.0554E-11 2.4618E-11 2.7807E-11 3.0542E-11 3.3169E-11 3.7923E-11 4.0673E-11 4.3057E-11 4.5430E-11 4.9978E-11 5.2535E-11 5.5370E-11 5.8605E-11 6.0042E-11 6.0959E-11 6.2602E-11 6.2937E-11 6.3612E-11 6.4575E-11 6.4338E-11 6.4751E-11 6.4600E-11 6.3709E-11 6.3367E-11 6.2893E-11 6.2325E-11 6.1651E-11 6.0876E-11 5.8530E-11 5.7671E-11 5.6739E-11 5.5723E-11 5.4645E-11 5.3509E-11 5.1738E-11 4.9402E-11 4.8234E-11 4.7017E-11 4.4611E-11 4.2831E-11 4.1617E-11 3.9238E-11 3.7480E-11 3.6087E-11
0.0000E+00 0.0000E+00 0.0000E+00 0.0000E+00 0.0000E+00 1.7928E-12 3.0033E-12 4.0018E-12 5.2446E-12 7.0114E-12 9.3112E-12 1.0483E-11 1.3469E-11 1.6334E-11 1.8832E-11 2.0136E-11 2.3382E-11 2.6443E-11 2.8924E-11 3.2238E-11 3.4861E-11 3.7981E-11 3.9920E-11 4.2118E-11 4.5156E-11 4.8286E-11 5.1582E-11 5.2897E-11 5.4606E-11 5.6135E-11 5.7353E-11 5.7937E-11 5.7977E-11 5.9145E-11 5.8721E-11 5.8467E-11 5.8128E-11 5.7665E-11 5.7116E-11 5.6467E-11 5.4607E-11 5.3863E-11 5.3024E-11 5.2120E-11 5.1139E-11 5.0102E-11 4.7308E-11 4.6290E-11 4.5223E-11 4.3825E-11 4.1286E-11 4.0214E-11 3.8820E-11 3.6300E-11 3.5243E-11 3.3751E-11 3.1862E-11
0.0000E+00 0.0000E+00 0.0000E+00 0.0000E+00 0.0000E+00 0.0000E+00 0.0000E+00 1.7845E-12 2.3041E-12 3.9770E-12 4.5425E-12 6.9508E-12 8.5125E-12 1.0761E-11 1.1877E-11 1.5329E-11 1.7427E-11 1.9915E-11 2.1861E-11 2.4366E-11 2.7234E-11 2.9734E-11 3.1628E-11 3.4392E-11 3.8234E-11 3.9962E-11 4.1182E-11 4.1920E-11 4.6519E-11 4.8137E-11 4.9754E-11 5.1093E-11 5.1952E-11 5.2334E-11 5.2635E-11 5.3188E-11 5.2870E-11 5.2844E-11 5.1474E-11 5.0904E-11 5.0249E-11 4.9521E-11 4.8707E-11 4.7833E-11 4.6607E-11 4.4279E-11 4.3349E-11 4.2374E-11 4.0523E-11 3.8713E-11 3.7731E-11 3.5887E-11 3.4085E-11 3.3117E-11 3.1327E-11 2.9970E-11 2.8804E-11
