Assets/Resources/2015_m01_d04_1800(utc+0800)_l00_csi_1hr_conc.grd
DSAA
         159         159
     -79.000      79.000
     -79.000      79.000
  0.1577E-09  0.3604E-05
[rows 125 to 149 of 159, columns 57 to 113 of 159]
1.5190E-09 1.5178E-09 1.5162E-09 1.5144E-09 1.5123E-09 1.5100E-09 1.5073E-09 1.5043E-09 1.5011E-09 1.4976E-09 1.4939E-09 1.4899E-09 1.4856E-09 1.4810E-09 1.4762E-09 1.4697E-09 1.4601E-09 1.4500E-09 1.4430E-09 1.4359E-09 1.4293E-09 1.4232E-09 1.4165E-09 1.4095E-09 1.4023E-09 1.3937E-09 1.3839E-09 1.3741E-09 1.3647E-09 1.3558E-09 1.3466E-09 1.3376E-09 1.3282E-09 1.3198E-09 1.3110E-09 1.3008E-09 1.2902E-09 1.2797E-09 1.2692E-09 1.2583E-09 1.2465E-09 1.2339E-09 1.2209E-09 1.2084E-09 1.1955E-09 1.1821E-09 1.1684E-09 1.1537E-09 1.1390E-09 1.1236E-09 1.1085E-09 1.0931E-09 1.0774E-09 1.0613E-09 1.0450E-09 1.0278E-09 1.0102E-09
1.4920E-09 1.4909E-09 1.4896E-09 1.4880E-09 1.4861E-09 1.4839E-09 1.4814E-09 1.4787E-09 1.4757E-09 1.4725E-09 1.4690E-09 1.4652E-09 1.4611E-09 1.4568E-09 1.4523E-09 1.4439E-09 1.4333E-09 1.4260E-09 1.4190E-09 1.4133E-09 1.4074E-09 1.4016E-09 1.3947E-09 1.3880E-09 1.3807E-09 1.3717E-09 1.3622E-09 1.3530E-09 1.3441E-09 1.3355E-09 1.3270E-09 1.3182E-09 1.3100E-09 1.3017E-09 1.2926E-09 1.2826E-09 1.2723E-09 1.2624E-09 1.2521E-09 1.2413E-09 1.2293E-09 1.2169E-09 1.2046E-09 1.1923E-09 1.1796E-09 1.1665E-09 1.1527E-09 1.1382E-09 1.1234E-09 1.1089E-09 1.0941E-09 1.0789E-09 1.0635E-09 1.0477E-09 1.0310E-09 1.0142E-09 9.9741E-10
1.4655E-09 1.4646E-09 1.4634E-09 1.4620E-09 1.4602E-09 1.4583E-09 1.4560E-09 1.4535E-09 1.4507E-09 1.4477E-09 1.4444E-09 1.4408E-09 1.4370E-09 1.4330E-09 1.4272E-09 1.4171E-09 1.4086E-09 1.4024E-09 1.3965E-09 1.3910E-09 1.3853E-09 1.3794E-09 1.3735E-09 1.3667E-09 1.3589E-09 1.3496E-09 1.3407E-09 1.3323E-09 1.3237E-09 1.3158E-09 1.3076E-09 1.2994E-09 1.2918E-09 1.2837E-09 1.2743E-09 1.2641E-09 1.2548E-09 1.2451E-09 1.2349E-09 1.2239E-09 1.2117E-09 1.2000E-09 1.1883E-09 1.1762E-09 1.1637E-09 1.1508E-09 1.1369E-09 1.1227E-09 1.1085E-09 1.0942E-09 1.0796E-09 1.0647E-09 1.0495E-09 1.0337E-09 1.0173E-09 1.0007E-09 9.8454E-10
1.4394E-09 1.4387E-09 1.4377E-09 1.4364E-09 1.4348E-09 1.4330E-09 1.4310E-09 1.4287E-09 1.4261E-09 1.4232E-09 1.4202E-09 1.4168E-09 1.4132E-09 1.4094E-09 1.4004E-09 1.3908E-09 1.3850E-09 1.3792E-09 1.3742E-09 1.3690E-09 1.3635E-09 1.3581E-09 1.3518E-09 1.3452E-09 1.3360E-09 1.3275E-09 1.3198E-09 1.3118E-09 1.3039E-09 1.2962E-09 1.2882E-09 1.2811E-09 1.2736E-09 1.2652E-09 1.2555E-09 1.2464E-09 1.2373E-09 1.2278E-09 1.2178E-09 1.2061E-09 1.1946E-09 1.1835E-09 1.1720E-09 1.1601E-09 1.1478E-09 1.1348E-09 1.1212E-09 1.1072E-09 1.0935E-09 1.0795E-09 1.0651E-09 1.0504E-09 1.0352E-09 1.0196E-09 1.0035E-09 9.8753E-10 9.7160E-10
1.4138E-09 1.4132E-09 1.4124E-09 1.4112E-09 1.4099E-09 1.4082E-09 1.4063E-09 1.4042E-09 1.4018E-09 1.3992E-09 1.3963E-09 1.3932E-09 1.3898E-09 1.3833E-09 1.3734E-09 1.3672E-09 1.3614E-09 1.3569E-09 1.3521E-09 1.3471E-09 1.3419E-09 1.3364E-09 1.3309E-09 1.3225E-09 1.3143E-09 1.3064E-09 1.2992E-09 1.2914E-09 1.2842E-09 1.2767E-09 1.2697E-09 1.2628E-09 1.2549E-09 1.2463E-09 1.2373E-09 1.2288E-09 1.2198E-09 1.2104E-09 1.1998E-09 1.1888E-09 1.1778E-09 1.1669E-09 1.1556E-09 1.1439E-09 1.1318E-09 1.1188E-09 1.1054E-09 1.0919E-09 1.0785E-09 1.0647E-09 1.0506E-09 1.0361E-09 1.0211E-09 1.0055E-09 9.8973E-10 9.7428E-10 9.5859E-10
1.3887E-09 1.3882E-09 1.3875E-09 1.3865E-09 1.3853E-09 1.3838E-09 1.3821E-09 1.3801E-09 1.3779E-09 1.3755E-09 1.3728E-09 1.3698E-09 1.3652E-09 1.3563E-09 1.3491E-09 1.3440E-09 1.3392E-09 1.3349E-09 1.3303E-09 1.3255E-09 1.3208E-09 1.3155E-09 1.3086E-09 1.3005E-09 1.2928E-09 1.2857E-09 1.2784E-09 1.2717E-09 1.2647E-09 1.2578E-09 1.2514E-09 1.2445E-09 1.2364E-09 1.2275E-09 1.2195E-09 1.2111E-09 1.2023E-09 1.1927E-09 1.1822E-09 1.1714E-09 1.1611E-09 1.1504E-09 1.1393E-09 1.1278E-09 1.1156E-09 1.1027E-09 1.0896E-09 1.0767E-09 1.0634E-09 1.0499E-09 1.0360E-09 1.0215E-09 1.0067E-09 9.9141E-10 9.7617E-10 9.6097E-10 9.4554E-10
1.3639E-09 1.3636E-09 1.3630E-09 1.3622E-09 1.3611E-09 1.3598E-09 1.3582E-09 1.3564E-09 1.3544E-09 1.3521E-09 1.3496E-09 1.3468E-09 1.3390E-09 1.3313E-09 1.3259E-09 1.3212E-09 1.3173E-09 1.3131E-09 1.3088E-09 1.3042E-09 1.2993E-09 1.2939E-09 1.2865E-09 1.2791E-09 1.2721E-09 1.2648E-09 1.2582E-09 1.2521E-09 1.2452E-09 1.2393E-09 1.2330E-09 1.2259E-09 1.2175E-09 1.2096E-09 1.2018E-09 1.1935E-09 1.1849E-09 1.1750E-09 1.1643E-09 1.1546E-09 1.1444E-09 1.1339E-09 1.1229E-09 1.1116E-09 1.0993E-09 1.0867E-09 1.0741E-09 1.0614E-09 1.0484E-09 1.0350E-09 1.0213E-09 1.0071E-09 9.9230E-10 9.7728E-10 9.6258E-10 9.4763E-10 9.3190E-10
1.3396E-09 1.3394E-09 1.3390E-09 1.3382E-09 1.3373E-09 1.3361E-09 1.3347E-09 1.3331E-09 1.3312E-09 1.3290E-09 1.3267E-09 1.3213E-09 1.3126E-09 1.3075E-09 1.3028E-09 1.2993E-09 1.2956E-09 1.2916E-09 1.2875E-09 1.2830E-09 1.2783E-09 1.2714E-09 1.2644E-09 1.2572E-09 1.2512E-09 1.2446E-09 1.2390E-09 1.2326E-09 1.2268E-09 1.2210E-09 1.2147E-09 1.2069E-09 1.1991E-09 1.1918E-09 1.1841E-09 1.1760E-09 1.1670E-09 1.1569E-09 1.1473E-09 1.1377E-09 1.1277E-09 1.1173E-09 1.1065E-09 1.0951E-09 1.0830E-09 1.0707E-09 1.0585E-09 1.0461E-09 1.0333E-09 1.0201E-09 1.0064E-09 9.9242E-10 9.7790E-10 9.6341E-10 9.4896E-10 9.3398E-10 9.1880E-10
1.3158E-09 1.3156E-09 1.3153E-09 1.3147E-09 1.3139E-09 1.3128E-09 1.3116E-09 1.3101E-09 1.3083E-09 1.3063E-09 1.3028E-09 1.2950E-09 1.2889E-09 1.2849E-09 1.2811E-09 1.2777E-09 1.2742E-09 1.2704E-09 1.2664E-09 1.2621E-09 1.2566E-09 1.2490E-09 1.2427E-09 1.2367E-09 1.2305E-09 1.2254E-09 1.2195E-09 1.2137E-09 1.2084E-09 1.2027E-09 1.1957E-09 1.1880E-09 1.1812E-09 1.1741E-09 1.1665E-09 1.1580E-09 1.1489E-09 1.1394E-09 1.1303E-09 1.1209E-09 1.1110E-09 1.1008E-09 1.0902E-09 1.0784E-09 1.0665E-09 1.0550E-09 1.0430E-09 1.0308E-09 1.0182E-09 1.0053E-09 9.9149E-10 9.7775E-10 9.6349E-10 9.4953E-10 9.3532E-10 9.2033E-10 9.0542E-10
1.2923E-09 1.2923E-09 1.2920E-09 1.2916E-09 1.2909E-09 1.2899E-09 1.2888E-09 1.2874E-09 1.2858E-09 1.2840E-09 1.2772E-09 1.2707E-09 1.2663E-09 1.2625E-09 1.2596E-09 1.2564E-09 1.2530E-09 1.2494E-09 1.2455E-09 1.2408E-09 1.2342E-09 1.2274E-09 1.2218E-09 1.2160E-09 1.2109E-09 1.2059E-09 1.2001E-09 1.1953E-09 1.1900E-09 1.1840E-09 1.1764E-09 1.1701E-09 1.1634E-09 1.1563E-09 1.1489E-09 1.1402E-09 1.1308E-09 1.1223E-09 1.1134E-09 1.1041E-09 1.0944E-09 1.0843E-09 1.0733E-09 1.0620E-09 1.0507E-09 1.0393E-09 1.0275E-09 1.0155E-09 1.0031E-09 9.9012E-10 9.7659E-10 9.6282E-10 9.4936E-10 9.3564E-10 9.2140E-10 9.0694E-10 8.9203E-10
1.2692E-09 1.2693E-09 1.2692E-09 1.2688E-09 1.2682E-09 1.2674E-09 1.2664E-09 1.2651E-09 1.2636E-09 1.2593E-09 1.2516E-09 1.2476E-09 1.2438E-09 1.2408E-09 1.2384E-09 1.2354E-09 1.2321E-09 1.2286E-09 1.2249E-09 1.2191E-09 1.2124E-09 1.2070E-09 1.2012E-09 1.1960E-09 1.1918E-09 1.1861E-09 1.1817E-09 1.1770E-09 1.1718E-09 1.1647E-09 1.1584E-09 1.1523E-09 1.1457E-09 1.1387E-09 1.1309E-09 1.1220E-09 1.1136E-09 1.1052E-09 1.0965E-09 1.0873E-09 1.0778E-09 1.0676E-09 1.0568E-09 1.0457E-09 1.0348E-09 1.0236E-09 1.0121E-09 1.0002E-09 9.8802E-10 9.7500E-10 9.6172E-10 9.4848E-10 9.3524E-10 9.2175E-10 9.0749E-10 8.9330E-10 8.7865E-10
1.2466E-09 1.2467E-09 1.2467E-09 1.2464E-09 1.2459E-09 1.2452E-09 1.2443E-09 1.2431E-09 1.2404E-09 1.2338E-09 1.2279E-09 1.2248E-09 1.2222E-09 1.2201E-09 1.2171E-09 1.2146E-09 1.2115E-09 1.2081E-09 1.2036E-09 1.1971E-09 1.1918E-09 1.1864E-09 1.1812E-09 1.1774E-09 1.1721E-09 1.1678E-09 1.1634E-09 1.1587E-09 1.1525E-09 1.1463E-09 1.1406E-09 1.1345E-09 1.1280E-09 1.1211E-09 1.1127E-09 1.1044E-09 1.0965E-09 1.0882E-09 1.0796E-09 1.0706E-09 1.0612E-09 1.0509E-09 1.0400E-09 1.0297E-09 1.0190E-09 1.0080E-09 9.9663E-10 9.8496E-10 9.7271E-10 9.5992E-10 9.4688E-10 9.3414E-10 9.2113E-10 9.0761E-10 8.9360E-10 8.7940E-10 8.6555E-10
1.2243E-09 1.2245E-09 1.2245E-09 1.2243E-09 1.2240E-09 1.2233E-09 1.2225E-09 1.2215E-09 1.2144E-09 1.2089E-09 1.2061E-09 1.2035E-09 1.2017E-09 1.1990E-09 1.1968E-09 1.1937E-09 1.1911E-09 1.1866E-09 1.1810E-09 1.1759E-09 1.1708E-09 1.1660E-09 1.1623E-09 1.1578E-09 1.1534E-09 1.1495E-09 1.1453E-09 1.1398E-09 1.1337E-09 1.1284E-09 1.1228E-09 1.1168E-09 1.1104E-09 1.1028E-09 1.0946E-09 1.0872E-09 1.0795E-09 1.0713E-09 1.0628E-09 1.0539E-09 1.0444E-09 1.0340E-09 1.0239E-09 1.0137E-09 1.0032E-09 9.9239E-10 9.8122E-10 9.6975E-10 9.5744E-10 9.4489E-10 9.3236E-10 9.1983E-10 9.0704E-10 8.9349E-10 8.7974E-10 8.6606E-10 8.5219E-10
1.2024E-09 1.2027E-09 1.2028E-09 1.2027E-09 1.2024E-09 1.2018E-09 1.2011E-09 1.1963E-09 1.1903E-09 1.1871E-09 1.1845E-09 1.1827E-09 1.1807E-09 1.1788E-09 1.1761E-09 1.1738E-09 1.1700E-09 1.1647E-09 1.1597E-09 1.1550E-09 1.1506E-09 1.1468E-09 1.1431E-09 1.1387E-09 1.1352E-09 1.1314E-09 1.1268E-09 1.1206E-09 1.1158E-09 1.1106E-09 1.1051E-09 1.0992E-09 1.0925E-09 1.0847E-09 1.0774E-09 1.0701E-09 1.0625E-09 1.0545E-09 1.0461E-09 1.0373E-09 1.0274E-09 1.0175E-09 1.0079E-09 9.9785E-10 9.8751E-10 9.7684E-10 9.6586E-10 9.5431E-10 9.4224E-10 9.2991E-10 9.1787E-10 9.0556E-10 8.9273E-10 8.7942E-10 8.6592E-10 8.5275E-10 8.3912E-10
1.1808E-09 1.1812E-09 1.1814E-09 1.1813E-09 1.1811E-09 1.1807E-09 1.1774E-09 1.1711E-09 1.1681E-09 1.1655E-09 1.1637E-09 1.1623E-09 1.1604E-09 1.1583E-09 1.1563E-09 1.1531E-09 1.1489E-09 1.1433E-09 1.1389E-09 1.1349E-09 1.1310E-09 1.1281E-09 1.1237E-09 1.1206E-09 1.1172E-09 1.1133E-09 1.1076E-09 1.1028E-09 1.0981E-09 1.0930E-09 1.0875E-09 1.0816E-09 1.0739E-09 1.0671E-09 1.0603E-09 1.0531E-09 1.0456E-09 1.0377E-09 1.0294E-09 1.0203E-09 1.0106E-09 1.0014E-09 9.9187E-10 9.8202E-10 9.7184E-10 9.6135E-10 9.5056E-10 9.3895E-10 9.2683E-10 9.1526E-10 9.0342E-10 8.9131E-10 8.7846E-10 8.6540E-10 8.5240E-10 8.3920E-10 8.2583E-10
1.1596E-09 1.1601E-09 1.1603E-09 1.1603E-09 1.1602E-09 1.1585E-09 1.1517E-09 1.1491E-09 1.1464E-09 1.1448E-09 1.1437E-09 1.1418E-09 1.1403E-09 1.1383E-09 1.1361E-09 1.1322E-09 1.1269E-09 1.1231E-09 1.1189E-09 1.1150E-09 1.1128E-09 1.1084E-09 1.1057E-09 1.1026E-09 1.0992E-09 1.0943E-09 1.0895E-09 1.0852E-09 1.0805E-09 1.0754E-09 1.0700E-09 1.0631E-09 1.0563E-09 1.0500E-09 1.0432E-09 1.0362E-09 1.0287E-09 1.0210E-09 1.0126E-09 1.0033E-09 9.9435E-10 9.8531E-10 9.7595E-10 9.6625E-10 9.5625E-10 9.4593E-10 9.3506E-10 9.2340E-10 9.1203E-10 9.0066E-10 8.8902E-10 8.7687E-10 8.6425E-10 8.5143E-10 8.3892E-10 8.2571E-10 8.1258E-10
1.1388E-09 1.1393E-09 1.1396E-09 1.1397E-09 1.1396E-09 1.1337E-09 1.1299E-09 1.1268E-09 1.1259E-09 1.1251E-09 1.1231E-09 1.1222E-09 1.1202E-09 1.1186E-09 1.1153E-09 1.1103E-09 1.1066E-09 1.1031E-09 1.0992E-09 1.0969E-09 1.0929E-09 1.0905E-09 1.0878E-09 1.0847E-09 1.0806E-09 1.0758E-09 1.0719E-09 1.0676E-09 1.0629E-09 1.0579E-09 1.0519E-09 1.0451E-09 1.0392E-09 1.0329E-09 1.0263E-09 1.0193E-09 1.0120E-09 1.0044E-09 9.9558E-10 9.8678E-10 9.7821E-10 9.6932E-10 9.6010E-10 9.5056E-10 9.4072E-10 9.3031E-10 9.1938E-10 9.0820E-10 8.9729E-10 8.8611E-10 8.7467E-10 8.6249E-10 8.5010E-10 8.3777E-10 8.2524E-10 8.1227E-10 7.9913E-10
1.1183E-09 1.1188E-09 1.1192E-09 1.1193E-09 1.1156E-09 1.1101E-09 1.1079E-09 1.1069E-09 1.1060E-09 1.1047E-09 1.1041E-09 1.1020E-09 1.1010E-09 1.0983E-09 1.0936E-09 1.0900E-09 1.0868E-09 1.0831E-09 1.0808E-09 1.0775E-09 1.0751E-09 1.0727E-09 1.0700E-09 1.0666E-09 1.0618E-09 1.0583E-09 1.0544E-09 1.0501E-09 1.0455E-09 1.0402E-09 1.0339E-09 1.0280E-09 1.0222E-09 1.0160E-09 1.0095E-09 1.0026E-09 9.9540E-10 9.8733E-10 9.7870E-10 9.7059E-10 9.6216E-10 9.5341E-10 9.4433E-10 9.3496E-10 9.2527E-10 9.1479E-10 9.0406E-10 8.9335E-10 8.8262E-10 8.7163E-10 8.6014E-10 8.4819E-10 8.3603E-10 8.2418E-10 8.1162E-10 7.9889E-10 7.8625E-10
1.0982E-09 1.0987E-09 1.0991E-09 1.0968E-09 1.0910E-09 1.0890E-09 1.0879E-09 1.0870E-09 1.0862E-09 1.0855E-09 1.0837E-09 1.0833E-09 1.0812E-09 1.0774E-09 1.0732E-09 1.0703E-09 1.0669E-09 1.0646E-09 1.0619E-09 1.0594E-09 1.0574E-09 1.0551E-09 1.0524E-09 1.0476E-09 1.0444E-09 1.0408E-09 1.0370E-09 1.0328E-09 1.0282E-09 1.0223E-09 1.0165E-09 1.0110E-09 1.0053E-09 9.9918E-10 9.9275E-10 9.8598E-10 9.7862E-10 9.7042E-10 9.6249E-10 9.5451E-10 9.4620E-10 9.3759E-10 9.2866E-10 9.1943E-10 9.0966E-10 8.9937E-10 8.8884E-10 8.7857E-10 8.6803E-10 8.5722E-10 8.4570E-10 8.3371E-10 8.2229E-10 8.1039E-10 7.9807E-10 7.8558E-10 7.7342E-10
1.0783E-09 1.0790E-09 1.0781E-09 1.0719E-09 1.0701E-09 1.0689E-09 1.0679E-09 1.0677E-09 1.0669E-09 1.0660E-09 1.0652E-09 1.0633E-09 1.0604E-09 1.0563E-09 1.0537E-09 1.0506E-09 1.0481E-09 1.0462E-09 1.0436E-09 1.0419E-09 1.0399E-09 1.0376E-09 1.0334E-09 1.0302E-09 1.0271E-09 1.0236E-09 1.0197E-09 1.0156E-09 1.0104E-09 1.0046E-09 9.9954E-10 9.9419E-10 9.8850E-10 9.8248E-10 9.7614E-10 9.6947E-10 9.6170E-10 9.5393E-10 9.4638E-10 9.3852E-10 9.3035E-10 9.2187E-10 9.1309E-10 9.0401E-10 8.9390E-10 8.8381E-10 8.7398E-10 8.6387E-10 8.5351E-10 8.4241E-10 8.3110E-10 8.1984E-10 8.0861E-10 7.9669E-10 7.8459E-10 7.7259E-10 7.6054E-10
1.0589E-09 1.0595E-09 1.0528E-09 1.0512E-09 1.0497E-09 1.0489E-09 1.0494E-09 1.0483E-09 1.0480E-09 1.0471E-09 1.0455E-09 1.0434E-09 1.0390E-09 1.0366E-09 1.0342E-09 1.0316E-09 1.0307E-09 1.0277E-09 1.0263E-09 1.0246E-09 1.0225E-09 1.0195E-09 1.0158E-09 1.0130E-09 1.0099E-09 1.0064E-09 1.0026E-09 9.9815E-10 9.9234E-10 9.8770E-10 9.8274E-10 9.7746E-10 9.7184E-10 9.6591E-10 9.5965E-10 9.5256E-10 9.4493E-10 9.3782E-10 9.3039E-10 9.2264E-10 9.1460E-10 9.0625E-10 8.9761E-10 8.8819E-10 8.7852E-10 8.6887E-10 8.5920E-10 8.4927E-10 8.3884E-10 8.2794E-10 8.1685E-10 8.0604E-10 7.9477E-10 7.8307E-10 7.7121E-10 7.5966E-10 7.4774E-10
1.0397E-09 1.0338E-09 1.0324E-09 1.0305E-09 1.0299E-09 1.0306E-09 1.0298E-09 1.0299E-09 1.0290E-09 1.0282E-09 1.0264E-09 1.0222E-09 1.0195E-09 1.0173E-09 1.0150E-09 1.0143E-09 1.0116E-09 1.0105E-09 1.0091E-09 1.0073E-09 1.0050E-09 1.0013E-09 9.9877E-10 9.9595E-10 9.9283E-10 9.8939E-10 9.8528E-10 9.7983E-10 9.7556E-10 9.7098E-10 9.6607E-10 9.6085E-10 9.5531E-10 9.4945E-10 9.4303E-10 9.3554E-10 9.2884E-10 9.2182E-10 9.1450E-10 9.0688E-10 8.9896E-10 8.9075E-10 8.8200E-10 8.7275E-10 8.6327E-10 8.5403E-10 8.4452E-10 8.3476E-10 8.2428E-10 8.1359E-10 8.0294E-10 7.9232E-10 7.8102E-10 7.6955E-10 7.5815E-10 7.4660E-10 7.3489E-10
1.0149E-09 1.0131E-09 1.0113E-09 1.0112E-09 1.0119E-09 1.0112E-09 1.0119E-09 1.0109E-09 1.0106E-09 1.0093E-09 1.0059E-09 1.0027E-09 1.0004E-09 9.9831E-10 9.9789E-10 9.9543E-10 9.9457E-10 9.9343E-10 9.9200E-10 9.9028E-10 9.8653E-10 9.8433E-10 9.8184E-10 9.7904E-10 9.7593E-10 9.7252E-10 9.6742E-10 9.6314E-10 9.5892E-10 9.5439E-10 9.4954E-10 9.4438E-10 9.3891E-10 9.3313E-10 9.2604E-10 9.1947E-10 9.1287E-10 9.0595E-10 8.9874E-10 8.9124E-10 8.8344E-10 8.7536E-10 8.6652E-10 8.5720E-10 8.4838E-10 8.3929E-10 8.2995E-10 8.2011E-10 8.0958E-10 7.9934E-10 7.8913E-10 7.7846E-10 7.6713E-10 7.5613E-10 7.4507E-10 7.3374E-10 7.2224E-10
9.9387E-10 9.9228E-10 9.9295E-10 9.9322E-10 9.9274E-10 9.9356E-10 9.9279E-10 9.9299E-10 9.9218E-10 9.8901E-10 9.8622E-10 9.8338E-10 9.8157E-10 9.8140E-10 9.7919E-10 9.7858E-10 9.7770E-10 9.7655E-10 9.7510E-10 9.7164E-10 9.6974E-10 9.6754E-10 9.6505E-10 9.6227E-10 9.5919E-10 9.5477E-10 9.5048E-10 9.4660E-10 9.4242E-10 9.3794E-10 9.3314E-10 9.2805E-10 9.2265E-10 9.1620E-10 9.0975E-10 9.0354E-10 8.9702E-10 8.9021E-10 8.8311E-10 8.7572E-10 8.6805E-10 8.5961E-10 8.5094E-10 8.4227E-10 8.3360E-10 8.2467E-10 8.1548E-10 8.0535E-10 7.9526E-10 7.8545E-10 7.7541E-10 7.6448E-10 7.5360E-10 7.4304E-10 7.3208E-10 7.2096E-10 7.0979E-10
9.7334E-10 9.7446E-10 9.7462E-10 9.7432E-10 9.7532E-10 9.7474E-10 9.7542E-10 9.7454E-10 9.7214E-10 9.6938E-10 9.6603E-10 9.6482E-10 9.6487E-10 9.6290E-10 9.6253E-10 9.6190E-10 9.6099E-10 9.5982E-10 9.5663E-10 9.5501E-10 9.5310E-10 9.5091E-10 9.4843E-10 9.4566E-10 9.4190E-10 9.3759E-10 9.3405E-10 9.3020E-10 9.2607E-10 9.2163E-10 9.1689E-10 9.1186E-10 9.0603E-10 8.9970E-10 8.9386E-10 8.8773E-10 8.8131E-10 8.7460E-10 8.6761E-10 8.6033E-10 8.5253E-10 8.4425E-10 8.3574E-10 8.2747E-10 8.1894E-10 8.1016E-10 8.0066E-10 7.9096E-10 7.8130E-10 7.7166E-10 7.6134E-10 7.5085E-10 7.4042E-10 7.2994E-10 7.1919E-10 7.0827E-10 6.9731E-10
