Assets/Resources/2015_m01_d27_2300(utc+0800)_l00_csi_1hr_conc.grd
DSAA
         159         159
     -79.000      79.000
     -79.000      79.000
  0.0000E+00  0.1417E-05
[rows 0 to 24 of 159, columns 57 to 113 of 159]
7.2256E-09 7.6960E-09 8.1267E-09 8.5144E-09 8.8452E-09 9.1062E-09 9.2899E-09 9.3926E-09 9.4077E-09 9.3356E-09 9.1754E-09 8.9308E-09 8.6057E-09 8.2075E-09 7.7462E-09 7.2333E-09 6.6815E-09 6.1042E-09 5.5150E-09 4.9268E-09 4.3507E-09 3.7976E-09 3.2763E-09 2.7923E-09 2.3520E-09 1.9580E-09 1.6104E-09 1.3058E-09 1.0419E-09 8.1860E-10 6.3691E-10 4.8662E-10 3.6543E-10 2.7027E-10 1.9582E-10 1.3151E-10 8.5013E-11 5.1482E-11 2.9398E-11 1.0774E-11 1.1870E-12 0.0000E+00 0.0000E+00 0.0000E+00 0.0000E+00 0.0000E+00 0.0000E+00 0.0000E+00 0.0000E+00 0.0000E+00 0.0000E+00 0.0000E+00 0.0000E+00 0.0000E+00 0.0000E+00 0.0000E+00 0.0000E+00
7.6833E-09 8.2102E-09 8.7016E-09 9.1401E-09 9.5149E-09 9.8149E-09 1.0033E-08 1.0165E-08 1.0203E-08 1.0140E-08 9.9775E-09 9.7182E-09 9.3675E-09 8.9338E-09 8.4283E-09 7.8642E-09 7.2558E-09 6.6181E-09 5.9671E-09 5.3175E-09 4.6834E-09 4.0755E-09 3.5038E-09 2.9753E-09 2.4951E-09 2.0663E-09 1.6892E-09 1.3632E-09 1.0801E-09 8.4044E-10 6.4683E-10 4.9053E-10 3.6688E-10 2.6712E-10 1.9020E-10 1.2296E-10 7.6867E-11 4.3334E-11 2.2585E-11 6.1060E-12 0.0000E+00 0.0000E+00 0.0000E+00 0.0000E+00 0.0000E+00 0.0000E+00 0.0000E+00 0.0000E+00 0.0000E+00 0.0000E+00 0.0000E+00 0.0000E+00 0.0000E+00 0.0000E+00 0.0000E+00 0.0000E+00 0.0000E+00
8.1330E-09 8.7232E-09 9.2685E-09 9.7593E-09 1.0188E-08 1.0542E-08 1.0808E-08 1.0972E-08 1.1029E-08 1.0975E-08 1.0810E-08 1.0536E-08 1.0160E-08 9.6916E-09 9.1419E-09 8.5259E-09 7.8595E-09 7.1601E-09 6.4450E-09 5.7310E-09 5.0331E-09 4.3666E-09 3.7412E-09 3.1648E-09 2.6429E-09 2.1763E-09 1.7681E-09 1.4162E-09 1.1180E-09 8.6315E-10 6.5603E-10 4.9217E-10 3.6578E-10 2.6317E-10 1.7816E-10 1.1421E-10 6.8216E-11 3.6138E-11 1.7221E-11 1.7297E-12 0.0000E+00 0.0000E+00 0.0000E+00 0.0000E+00 0.0000E+00 0.0000E+00 0.0000E+00 0.0000E+00 0.0000E+00 0.0000E+00 0.0000E+00 0.0000E+00 0.0000E+00 0.0000E+00 0.0000E+00 0.0000E+00 0.0000E+00
8.5644E-09 9.2091E-09 9.8187E-09 1.0377E-08 1.0871E-08 1.1276E-08 1.1581E-08 1.1780E-08 1.1861E-08 1.1822E-08 1.1660E-08 1.1377E-08 1.0978E-08 1.0474E-08 9.8784E-09 9.2078E-09 8.4805E-09 7.7158E-09 6.9341E-09 6.1533E-09 5.3910E-09 4.6630E-09 3.9809E-09 3.3558E-09 2.7908E-09 2.2875E-09 1.8478E-09 1.4691E-09 1.1484E-09 8.8106E-10 6.6483E-10 4.9144E-10 3.6175E-10 2.5927E-10 1.6766E-10 1.0394E-10 6.2122E-11 2.8145E-11 1.1801E-11 0.0000E+00 0.0000E+00 0.0000E+00 0.0000E+00 0.0000E+00 0.0000E+00 0.0000E+00 0.0000E+00 0.0000E+00 0.0000E+00 0.0000E+00 0.0000E+00 0.0000E+00 0.0000E+00 0.0000E+00 0.0000E+00 0.0000E+00 0.0000E+00
8.9585E-09 9.6723E-09 1.0356E-08 1.0982E-08 1.1529E-08 1.1990E-08 1.2349E-08 1.2595E-08 1.2712E-08 1.2694E-08 1.2538E-08 1.2246E-08 1.1826E-08 1.1287E-08 1.0646E-08 9.9198E-09 9.1293E-09 8.2962E-09 7.4428E-09 6.5913E-09 5.7622E-09 4.9703E-09 4.2286E-09 3.5474E-09 2.9349E-09 2.3937E-09 1.9227E-09 1.5223E-09 1.1800E-09 8.9690E-10 6.7309E-10 4.9240E-10 3.5624E-10 2.4800E-10 1.5999E-10 9.3489E-11 5.3477E-11 2.4333E-11 5.8153E-12 0.0000E+00 0.0000E+00 0.0000E+00 0.0000E+00 0.0000E+00 0.0000E+00 0.0000E+00 0.0000E+00 0.0000E+00 0.0000E+00 0.0000E+00 0.0000E+00 0.0000E+00 0.0000E+00 0.0000E+00 0.0000E+00 0.0000E+00 0.0000E+00
9.3172E-09 1.0106E-08 1.0851E-08 1.1541E-08 1.2162E-08 1.2696E-08 1.3116E-08 1.3408E-08 1.3559E-08 1.3564E-08 1.3418E-08 1.3122E-08 1.2683E-08 1.2113E-08 1.1424E-08 1.0644E-08 9.7917E-09 8.8909E-09 7.9680E-09 7.0452E-09 6.1449E-09 5.2853E-09 4.4810E-09 3.7453E-09 3.0817E-09 2.4986E-09 1.9961E-09 1.5701E-09 1.2095E-09 9.1062E-10 6.7752E-10 4.9429E-10 3.5420E-10 2.3642E-10 1.4789E-10 8.6330E-11 4.6933E-11 1.8755E-11 3.9557E-12 0.0000E+00 0.0000E+00 0.0000E+00 0.0000E+00 0.0000E+00 0.0000E+00 0.0000E+00 0.0000E+00 0.0000E+00 0.0000E+00 0.0000E+00 0.0000E+00 0.0000E+00 0.0000E+00 0.0000E+00 0.0000E+00 0.0000E+00 0.0000E+00
9.6280E-09 1.0478E-08 1.1296E-08 1.2070E-08 1.2768E-08 1.3364E-08 1.3842E-08 1.4186E-08 1.4382E-08 1.4417E-08 1.4289E-08 1.3996E-08 1.3544E-08 1.2946E-08 1.2218E-08 1.1382E-08 1.0467E-08 9.4964E-09 8.5012E-09 7.5054E-09 6.5326E-09 5.6036E-09 4.7339E-09 3.9402E-09 3.2273E-09 2.6029E-09 2.0688E-09 1.6168E-09 1.2406E-09 9.2767E-10 6.8592E-10 4.9716E-10 3.4650E-10 2.2662E-10 1.4009E-10 8.0306E-11 4.0881E-11 1.5670E-11 3.4707E-12 0.0000E+00 0.0000E+00 0.0000E+00 0.0000E+00 0.0000E+00 0.0000E+00 0.0000E+00 0.0000E+00 0.0000E+00 0.0000E+00 0.0000E+00 0.0000E+00 0.0000E+00 0.0000E+00 0.0000E+00 0.0000E+00 0.0000E+00 0.0000E+00
9.8703E-09 1.0793E-08 1.1695E-08 1.2539E-08 1.3306E-08 1.3974E-08 1.4527E-08 1.4938E-08 1.5189E-08 1.5266E-08 1.5162E-08 1.4878E-08 1.4418E-08 1.3792E-08 1.3028E-08 1.2144E-08 1.1170E-08 1.0132E-08 9.0618E-09 7.9872E-09 6.9357E-09 5.9320E-09 4.9966E-09 4.1418E-09 3.3786E-09 2.7117E-09 2.1411E-09 1.6634E-09 1.2693E-09 9.4727E-10 6.9779E-10 5.0193E-10 3.4135E-10 2.2069E-10 1.3346E-10 7.5619E-11 3.4513E-11 1.5153E-11 3.1476E-12 0.0000E+00 0.0000E+00 0.0000E+00 0.0000E+00 0.0000E+00 0.0000E+00 0.0000E+00 0.0000E+00 0.0000E+00 0.0000E+00 0.0000E+00 0.0000E+00 0.0000E+00 0.0000E+00 0.0000E+00 0.0000E+00 0.0000E+00 0.0000E+00
1.0050E-08 1.1046E-08 1.2011E-08 1.2929E-08 1.3782E-08 1.4539E-08 1.5168E-08 1.5646E-08 1.5951E-08 1.6074E-08 1.6004E-08 1.5736E-08 1.5278E-08 1.4641E-08 1.3846E-08 1.2918E-08 1.1885E-08 1.0779E-08 9.6329E-09 8.4789E-09 7.3476E-09 6.2662E-09 5.2594E-09 4.3429E-09 3.5280E-09 2.8200E-09 2.2211E-09 1.7194E-09 1.3056E-09 9.7111E-10 7.1258E-10 5.0338E-10 3.3594E-10 2.1742E-10 1.2789E-10 7.1088E-11 3.1530E-11 1.5462E-11 3.3653E-12 0.0000E+00 0.0000E+00 0.0000E+00 0.0000E+00 0.0000E+00 0.0000E+00 0.0000E+00 0.0000E+00 0.0000E+00 0.0000E+00 0.0000E+00 0.0000E+00 0.0000E+00 0.0000E+00 0.0000E+00 0.0000E+00 0.0000E+00 0.0000E+00
1.0154E-08 1.1204E-08 1.2244E-08 1.3253E-08 1.4188E-08 1.5022E-08 1.5730E-08 1.6286E-08 1.6667E-08 1.6851E-08 1.6826E-08 1.6588E-08 1.6138E-08 1.5498E-08 1.4680E-08 1.3711E-08 1.2620E-08 1.1445E-08 1.0219E-08 8.9827E-09 7.7709E-09 6.6158E-09 5.5374E-09 4.5559E-09 3.6880E-09 2.9374E-09 2.3041E-09 1.7807E-09 1.3481E-09 1.0006E-09 7.2540E-10 5.0507E-10 3.3787E-10 2.1734E-10 1.2309E-10 6.7723E-11 3.1621E-11 1.5095E-11 4.2616E-12 0.0000E+00 0.0000E+00 0.0000E+00 0.0000E+00 0.0000E+00 0.0000E+00 0.0000E+00 0.0000E+00 0.0000E+00 0.0000E+00 0.0000E+00 0.0000E+00 0.0000E+00 0.0000E+00 0.0000E+00 0.0000E+00 0.0000E+00 0.0000E+00
1.0165E-08 1.1282E-08 1.2401E-08 1.3481E-08 1.4497E-08 1.5422E-08 1.6225E-08 1.6871E-08 1.7327E-08 1.7581E-08 1.7613E-08 1.7420E-08 1.6998E-08 1.6362E-08 1.5526E-08 1.4519E-08 1.3373E-08 1.2128E-08 1.0824E-08 9.5038E-09 8.2070E-09 6.9684E-09 5.8190E-09 4.7780E-09 3.8595E-09 3.0680E-09 2.4003E-09 1.8509E-09 1.3985E-09 1.0331E-09 7.4346E-10 5.1686E-10 3.4023E-10 2.1807E-10 1.2388E-10 6.5578E-11 3.2622E-11 1.4911E-11 5.4032E-12 0.0000E+00 0.0000E+00 0.0000E+00 0.0000E+00 0.0000E+00 0.0000E+00 0.0000E+00 0.0000E+00 0.0000E+00 0.0000E+00 0.0000E+00 0.0000E+00 0.0000E+00 0.0000E+00 0.0000E+00 0.0000E+00 0.0000E+00 0.0000E+00
1.0102E-08 1.1280E-08 1.2457E-08 1.3612E-08 1.4721E-08 1.5745E-08 1.6642E-08 1.7382E-08 1.7933E-08 1.8275E-08 1.8380E-08 1.8241E-08 1.7856E-08 1.7235E-08 1.6388E-08 1.5349E-08 1.4150E-08 1.2836E-08 1.1453E-08 1.0047E-08 8.6646E-09 7.3444E-09 6.1203E-09 5.0183E-09 4.0497E-09 3.2159E-09 2.5135E-09 1.9339E-09 1.4608E-09 1.0756E-09 7.6599E-10 5.2750E-10 3.4693E-10 2.2190E-10 1.2353E-10 6.9264E-11 3.3192E-11 1.3863E-11 6.3713E-12 0.0000E+00 0.0000E+00 0.0000E+00 0.0000E+00 0.0000E+00 0.0000E+00 0.0000E+00 0.0000E+00 0.0000E+00 0.0000E+00 0.0000E+00 0.0000E+00 0.0000E+00 0.0000E+00 0.0000E+00 0.0000E+00 0.0000E+00 0.0000E+00
9.9634E-09 1.1182E-08 1.2424E-08 1.3666E-08 1.4862E-08 1.5978E-08 1.6977E-08 1.7822E-08 1.8485E-08 1.8929E-08 1.9124E-08 1.9059E-08 1.8722E-08 1.8120E-08 1.7268E-08 1.6197E-08 1.4947E-08 1.3562E-08 1.2099E-08 1.0607E-08 9.1397E-09 7.7421E-09 6.4478E-09 5.2825E-09 4.2583E-09 3.3800E-09 2.6406E-09 2.0293E-09 1.5209E-09 1.1214E-09 7.9385E-10 5.4283E-10 3.5915E-10 2.2676E-10 1.2736E-10 7.1383E-11 3.2754E-11 1.3932E-11 6.9193E-12 0.0000E+00 0.0000E+00 0.0000E+00 0.0000E+00 0.0000E+00 0.0000E+00 0.0000E+00 0.0000E+00 0.0000E+00 0.0000E+00 0.0000E+00 0.0000E+00 0.0000E+00 0.0000E+00 0.0000E+00 0.0000E+00 0.0000E+00 0.0000E+00
9.7417E-09 1.1009E-08 1.2318E-08 1.3627E-08 1.4907E-08 1.6125E-08 1.7245E-08 1.8217E-08 1.8998E-08 1.9554E-08 1.9850E-08 1.9863E-08 1.9581E-08 1.9006E-08 1.8154E-08 1.7055E-08 1.5754E-08 1.4299E-08 1.2755E-08 1.1179E-08 9.6309E-09 8.1566E-09 6.7929E-09 5.5655E-09 4.4844E-09 3.5573E-09 2.7766E-09 2.1300E-09 1.5913E-09 1.1570E-09 8.1805E-10 5.6451E-10 3.6630E-10 2.3209E-10 1.3200E-10 7.1094E-11 3.1289E-11 1.3814E-11 7.0023E-12 0.0000E+00 0.0000E+00 0.0000E+00 0.0000E+00 0.0000E+00 0.0000E+00 0.0000E+00 0.0000E+00 0.0000E+00 0.0000E+00 0.0000E+00 0.0000E+00 0.0000E+00 0.0000E+00 0.0000E+00 0.0000E+00 0.0000E+00 0.0000E+00
9.4610E-09 1.0770E-08 1.2125E-08 1.3504E-08 1.4881E-08 1.6213E-08 1.7449E-08 1.8545E-08 1.9456E-08 2.0136E-08 2.0543E-08 2.0645E-08 2.0426E-08 1.9885E-08 1.9038E-08 1.7915E-08 1.6565E-08 1.5048E-08 1.3430E-08 1.1777E-08 1.0150E-08 8.6002E-09 7.1652E-09 5.8705E-09 4.7295E-09 3.7462E-09 2.9159E-09 2.2251E-09 1.6551E-09 1.1978E-09 8.4285E-10 5.7981E-10 3.7138E-10 2.3598E-10 1.3484E-10 7.1176E-11 3.0212E-11 1.3512E-11 6.5464E-12 0.0000E+00 0.0000E+00 0.0000E+00 0.0000E+00 0.0000E+00 0.0000E+00 0.0000E+00 0.0000E+00 0.0000E+00 0.0000E+00 0.0000E+00 0.0000E+00 0.0000E+00 0.0000E+00 0.0000E+00 0.0000E+00 0.0000E+00 0.0000E+00
9.1236E-09 1.0456E-08 1.1860E-08 1.3317E-08 1.4785E-08 1.6219E-08 1.7580E-08 1.8814E-08 1.9866E-08 2.0675E-08 2.1196E-08 2.1392E-08 2.1242E-08 2.0741E-08 1.9902E-08 1.8763E-08 1.7374E-08 1.5803E-08 1.4117E-08 1.2391E-08 1.0688E-08 9.0593E-09 7.5490E-09 6.1841E-09 4.9793E-09 3.9390E-09 3.0565E-09 2.3208E-09 1.7151E-09 1.2386E-09 8.6320E-10 5.9213E-10 3.8152E-10 2.3514E-10 1.3542E-10 7.0033E-11 3.0226E-11 1.3213E-11 5.4218E-12 0.0000E+00 0.0000E+00 0.0000E+00 0.0000E+00 0.0000E+00 0.0000E+00 0.0000E+00 0.0000E+00 0.0000E+00 0.0000E+00 0.0000E+00 0.0000E+00 0.0000E+00 0.0000E+00 0.0000E+00 0.0000E+00 0.0000E+00 0.0000E+00
8.7301E-09 1.0084E-08 1.1540E-08 1.3058E-08 1.4611E-08 1.6155E-08 1.7648E-08 1.9016E-08 2.0199E-08 2.1139E-08 2.1779E-08 2.2080E-08 2.2005E-08 2.1555E-08 2.0733E-08 1.9591E-08 1.8173E-08 1.6555E-08 1.4815E-08 1.3022E-08 1.1243E-08 9.5373E-09 7.9470E-09 6.5023E-09 5.2248E-09 4.1213E-09 3.1838E-09 2.4016E-09 1.7655E-09 1.2774E-09 8.8778E-10 5.9956E-10 3.8284E-10 2.3638E-10 1.3566E-10 6.7676E-11 2.8863E-11 1.3124E-11 3.3459E-12 0.0000E+00 0.0000E+00 0.0000E+00 0.0000E+00 0.0000E+00 0.0000E+00 0.0000E+00 0.0000E+00 0.0000E+00 0.0000E+00 0.0000E+00 0.0000E+00 0.0000E+00 0.0000E+00 0.0000E+00 0.0000E+00 0.0000E+00 0.0000E+00
8.2939E-09 9.6705E-09 1.1159E-08 1.2734E-08 1.4372E-08 1.6026E-08 1.7629E-08 1.9126E-08 2.0447E-08 2.1529E-08 2.2295E-08 2.2705E-08 2.2713E-08 2.2324E-08 2.1540E-08 2.0406E-08 1.8976E-08 1.7323E-08 1.5526E-08 1.3664E-08 1.1807E-08 1.0014E-08 8.3358E-09 6.8088E-09 5.4597E-09 4.2908E-09 3.3031E-09 2.4810E-09 1.8138E-09 1.3018E-09 8.9954E-10 6.0241E-10 3.8695E-10 2.3562E-10 1.3213E-10 6.7180E-11 2.6860E-11 1.2633E-11 1.0134E-12 0.0000E+00 0.0000E+00 0.0000E+00 0.0000E+00 0.0000E+00 0.0000E+00 0.0000E+00 0.0000E+00 0.0000E+00 0.0000E+00 0.0000E+00 0.0000E+00 0.0000E+00 0.0000E+00 0.0000E+00 0.0000E+00 0.0000E+00 0.0000E+00
7.8286E-09 9.2100E-09 1.0721E-08 1.2352E-08 1.4063E-08 1.5802E-08 1.7517E-08 1.9148E-08 2.0609E-08 2.1827E-08 2.2725E-08 2.3251E-08 2.3358E-08 2.3036E-08 2.2297E-08 2.1188E-08 1.9759E-08 1.8081E-08 1.6235E-08 1.4301E-08 1.2359E-08 1.0477E-08 8.7096E-09 7.0993E-09 5.6708E-09 4.4371E-09 3.3945E-09 2.5479E-09 1.8590E-09 1.3202E-09 9.0779E-10 6.0393E-10 3.8349E-10 2.3579E-10 1.2702E-10 6.4911E-11 2.5647E-11 1.1730E-11 0.0000E+00 0.0000E+00 0.0000E+00 0.0000E+00 0.0000E+00 0.0000E+00 0.0000E+00 0.0000E+00 0.0000E+00 0.0000E+00 0.0000E+00 0.0000E+00 0.0000E+00 0.0000E+00 0.0000E+00 0.0000E+00 0.0000E+00 0.0000E+00 0.0000E+00
7.3308E-09 8.7032E-09 1.0236E-08 1.1903E-08 1.3666E-08 1.5490E-08 1.7321E-08 1.9071E-08 2.0661E-08 2.2010E-08 2.3044E-08 2.3696E-08 2.3917E-08 2.3687E-08 2.3018E-08 2.1941E-08 2.0514E-08 1.8812E-08 1.6914E-08 1.4909E-08 1.2880E-08 1.0906E-08 9.0503E-09 7.3575E-09 5.8595E-09 4.5683E-09 3.4852E-09 2.5970E-09 1.8840E-09 1.3240E-09 9.0955E-10 6.0361E-10 3.7481E-10 2.2781E-10 1.2500E-10 6.2722E-11 2.5467E-11 9.9924E-12 0.0000E+00 0.0000E+00 0.0000E+00 0.0000E+00 0.0000E+00 0.0000E+00 0.0000E+00 0.0000E+00 0.0000E+00 0.0000E+00 0.0000E+00 0.0000E+00 0.0000E+00 0.0000E+00 0.0000E+00 0.0000E+00 0.0000E+00 0.0000E+00 0.0000E+00
6.8000E-09 8.1617E-09 9.6955E-09 1.1378E-08 1.3193E-08 1.5095E-08 1.7013E-08 1.8874E-08 2.0597E-08 2.2089E-08 2.3261E-08 2.4039E-08 2.4382E-08 2.4258E-08 2.3666E-08 2.2636E-08 2.1220E-08 1.9492E-08 1.7543E-08 1.5468E-08 1.3359E-08 1.1298E-08 9.3542E-09 7.5838E-09 6.0186E-09 4.6689E-09 3.5460E-09 2.6332E-09 1.9075E-09 1.3311E-09 9.0574E-10 5.9972E-10 3.7086E-10 2.2563E-10 1.2231E-10 5.9215E-11 2.5268E-11 5.8208E-12 0.0000E+00 0.0000E+00 0.0000E+00 0.0000E+00 0.0000E+00 0.0000E+00 0.0000E+00 0.0000E+00 0.0000E+00 0.0000E+00 0.0000E+00 0.0000E+00 0.0000E+00 0.0000E+00 0.0000E+00 0.0000E+00 0.0000E+00 0.0000E+00 0.0000E+00
6.2479E-09 7.5836E-09 9.1010E-09 1.0799E-08 1.2650E-08 1.4600E-08 1.6595E-08 1.8566E-08 2.0414E-08 2.2037E-08 2.3350E-08 2.4275E-08 2.4751E-08 2.4739E-08 2.4234E-08 2.3255E-08 2.1853E-08 2.0107E-08 1.8111E-08 1.5971E-08 1.3783E-08 1.1638E-08 9.6174E-09 7.7784E-09 6.1527E-09 4.7592E-09 3.6004E-09 2.6585E-09 1.9128E-09 1.3298E-09 9.0139E-10 5.9084E-10 3.6973E-10 2.2103E-10 1.1959E-10 5.2837E-11 2.5566E-11 2.2508E-12 0.0000E+00 0.0000E+00 0.0000E+00 0.0000E+00 0.0000E+00 0.0000E+00 0.0000E+00 0.0000E+00 0.0000E+00 0.0000E+00 0.0000E+00 0.0000E+00 0.0000E+00 0.0000E+00 0.0000E+00 0.0000E+00 0.0000E+00 0.0000E+00 0.0000E+00
5.6827E-09 6.9752E-09 8.4700E-09 1.0164E-08 1.2025E-08 1.4018E-08 1.6090E-08 1.8143E-08 2.0096E-08 2.1854E-08 2.3322E-08 2.4401E-08 2.5013E-08 2.5116E-08 2.4695E-08 2.3769E-08 2.2391E-08 2.0639E-08 1.8609E-08 1.6413E-08 1.4156E-08 1.1941E-08 9.8510E-09 7.9440E-09 6.2589E-09 4.8208E-09 3.6344E-09 2.6778E-09 1.9166E-09 1.3270E-09 9.0119E-10 5.8659E-10 3.6087E-10 2.1370E-10 1.1524E-10 4.6961E-11 2.2336E-11 0.0000E+00 0.0000E+00 0.0000E+00 0.0000E+00 0.0000E+00 0.0000E+00 0.0000E+00 0.0000E+00 0.0000E+00 0.0000E+00 0.0000E+00 0.0000E+00 0.0000E+00 0.0000E+00 0.0000E+00 0.0000E+00 0.0000E+00 0.0000E+00 0.0000E+00 0.0000E+00
5.1104E-09 6.3546E-09 7.8171E-09 9.4840E-09 1.1341E-08 1.3361E-08 1.5471E-08 1.7600E-08 1.9663E-08 2.1550E-08 2.3151E-08 2.4366E-08 2.5116E-08 2.5342E-08 2.5021E-08 2.4163E-08 2.2819E-08 2.1069E-08 1.9017E-08 1.6778E-08 1.4470E-08 1.2197E-08 1.0044E-08 8.0841E-09 6.3613E-09 4.8960E-09 3.6749E-09 2.6992E-09 1.9198E-09 1.3267E-09 8.9123E-10 5.7556E-10 3.5402E-10 2.0291E-10 1.0578E-10 4.2502E-11 1.8988E-11 0.0000E+00 0.0000E+00 0.0000E+00 0.0000E+00 0.0000E+00 0.0000E+00 0.0000E+00 0.0000E+00 0.0000E+00 0.0000E+00 0.0000E+00 0.0000E+00 0.0000E+00 0.0000E+00 0.0000E+00 0.0000E+00 0.0000E+00 0.0000E+00 0.0000E+00 0.0000E+00
4.5493E-09 5.7358E-09 7.1393E-09 8.7629E-09 1.0608E-08 1.2622E-08 1.4759E-08 1.6955E-08 1.9101E-08 2.1095E-08 2.2822E-08 2.4177E-08 2.5063E-08 2.5418E-08 2.5205E-08 2.4432E-08 2.3144E-08 2.1418E-08 1.9364E-08 1.7104E-08 1.4759E-08 1.2437E-08 1.0234E-08 8.2234E-09 6.4534E-09 4.9490E-09 3.7055E-09 2.7023E-09 1.9197E-09 1.3176E-09 8.7684E-10 5.5772E-10 3.4039E-10 1.9015E-10 9.3249E-11 3.6727E-11 1.0092E-11 0.0000E+00 0.0000E+00 0.0000E+00 0.0000E+00 0.0000E+00 0.0000E+00 0.0000E+00 0.0000E+00 0.0000E+00 0.0000E+00 0.0000E+00 0.0000E+00 0.0000E+00 0.0000E+00 0.0000E+00 0.0000E+00 0.0000E+00 0.0000E+00 0.0000E+00 0.0000E+00
