Assets/Resources/2015_m01_d19_1400(utc+0800)_l00_csi_1hr_conc.grd
DSAA
         159         159
     -79.000      79.000
     -79.000      79.000
  0.0000E+00  0.1091E-04
[rows 75 to 99 of 159, columns 0 to 56 of 159]
5.5461E-11 6.7251E-11 1.4412E-10 2.2850E-10 2.5143E-10 2.8696E-10 3.8556E-10 4.5131E-10 5.1092E-10 5.7565E-10 7.1740E-10 8.1762E-10 9.1047E-10 9.8539E-10 1.0703E-09 1.1979E-09 1.3080E-09 1.4223E-09 1.5451E-09 1.6732E-09 1.8090E-09 1.9705E-09 2.1439E-09 2.3413E-09 2.5590E-09 2.8037E-09 3.0777E-09 3.3736E-09 3.7124E-09 4.0940E-09 4.5147E-09 4.9916E-09 5.5180E-09 6.0901E-09 6.7197E-09 7.4193E-09 8.1611E-09 8.9745E-09 9.8424E-09 1.0753E-08 1.1744E-08 1.2762E-08 1.3816E-08 1.4863E-08 1.5995E-08 1.7129E-08 1.8225E-08 1.9265E-08 2.0243E-08 2.1092E-08 2.1806E-08 2.2379E-08 2.2787E-08 2.3032E-08 2.3140E-08 2.3098E-08 2.2869E-08
4.2654E-11 5.4939E-11 6.6318E-11 1.4269E-10 2.2579E-10 2.4783E-10 2.7931E-10 3.0587E-10 4.2200E-10 5.1249E-10 5.6881E-10 6.3134E-10 7.9571E-10 8.8894E-10 9.7035E-10 1.0432E-09 1.1724E-09 1.2726E-09 1.3832E-09 1.4970E-09 1.6148E-09 1.7558E-09 1.9067E-09 2.0769E-09 2.2593E-09 2.4698E-09 2.7174E-09 2.9720E-09 3.2674E-09 3.6037E-09 3.9708E-09 4.3938E-09 4.8621E-09 5.3721E-09 5.9434E-09 6.5827E-09 7.2671E-09 8.0269E-09 8.8450E-09 9.7120E-09 1.0669E-08 1.1663E-08 1.2659E-08 1.3772E-08 1.4922E-08 1.6092E-08 1.7243E-08 1.8369E-08 1.9441E-08 2.0417E-08 2.1295E-08 2.2066E-08 2.2704E-08 2.3218E-08 2.3641E-08 2.3899E-08 2.4006E-08
3.3186E-11 4.2331E-11 5.4207E-11 6.4772E-11 7.7890E-11 2.2177E-10 2.4310E-10 2.7289E-10 3.0614E-10 4.1166E-10 5.0798E-10 5.5746E-10 6.1569E-10 6.9394E-10 8.6707E-10 9.4352E-10 1.0162E-09 1.1127E-09 1.2313E-09 1.3377E-09 1.4441E-09 1.5658E-09 1.6939E-09 1.8466E-09 1.9977E-09 2.1759E-09 2.3888E-09 2.6133E-09 2.8699E-09 3.1610E-09 3.4781E-09 3.8489E-09 4.2590E-09 4.7111E-09 5.2190E-09 5.7984E-09 6.4177E-09 7.1147E-09 7.8745E-09 8.6847E-09 9.5949E-09 1.0546E-08 1.1520E-08 1.2615E-08 1.3756E-08 1.4932E-08 1.6108E-08 1.7286E-08 1.8432E-08 1.9504E-08 2.0520E-08 2.1475E-08 2.2336E-08 2.3120E-08 2.3833E-08 2.4408E-08 2.4868E-08
2.8438E-11 3.2913E-11 4.1554E-11 5.3061E-11 6.2615E-11 7.6390E-11 2.1422E-10 2.3899E-10 2.6459E-10 2.9756E-10 3.2648E-10 4.8941E-10 5.4092E-10 5.9694E-10 6.6805E-10 7.5998E-10 9.1591E-10 9.7814E-10 1.0592E-09 1.1885E-09 1.2886E-09 1.3980E-09 1.5053E-09 1.6332E-09 1.7716E-09 1.9239E-09 2.0983E-09 2.2891E-09 2.5155E-09 2.7661E-09 3.0361E-09 3.3564E-09 3.7150E-09 4.1083E-09 4.5501E-09 5.0671E-09 5.6203E-09 6.2532E-09 6.9443E-09 7.6896E-09 8.5383E-09 9.3850E-09 1.0346E-08 1.1415E-08 1.2521E-08 1.3674E-08 1.4854E-08 1.6041E-08 1.7226E-08 1.8380E-08 1.9503E-08 2.0611E-08 2.1666E-08 2.2672E-08 2.3662E-08 2.4547E-08 2.5349E-08
2.4481E-11 2.5722E-11 3.2490E-11 4.0481E-11 5.1792E-11 5.7003E-11 7.3411E-11 1.4627E-10 2.4025E-10 2.5695E-10 2.8468E-10 3.2096E-10 4.7014E-10 5.3168E-10 5.6958E-10 6.4211E-10 7.3461E-10 7.9984E-10 9.5137E-10 1.0235E-09 1.1396E-09 1.2484E-09 1.3456E-09 1.4493E-09 1.5629E-09 1.7010E-09 1.8485E-09 2.0055E-09 2.1975E-09 2.4151E-09 2.6444E-09 2.9165E-09 3.2252E-09 3.5631E-09 3.9483E-09 4.4010E-09 4.8844E-09 5.4476E-09 6.0657E-09 6.7412E-09 7.5163E-09 8.3009E-09 9.1938E-09 1.0204E-08 1.1251E-08 1.2356E-08 1.3505E-08 1.4674E-08 1.5867E-08 1.7062E-08 1.8255E-08 1.9483E-08 2.0686E-08 2.1865E-08 2.3077E-08 2.4248E-08 2.5383E-08
1.8609E-11 2.4308E-11 2.5392E-11 3.1971E-11 3.6180E-11 5.0504E-11 5.5246E-11 6.7625E-11 7.8433E-11 1.6759E-10 2.4872E-10 2.7278E-10 3.0709E-10 3.8409E-10 5.0737E-10 5.4693E-10 6.1554E-10 6.9475E-10 7.7192E-10 8.3851E-10 9.7449E-10 1.0988E-09 1.1998E-09 1.2936E-09 1.3903E-09 1.4993E-09 1.6278E-09 1.7607E-09 1.9151E-09 2.1033E-09 2.2995E-09 2.5302E-09 2.7917E-09 3.0792E-09 3.4049E-09 3.7967E-09 4.2179E-09 4.7084E-09 5.2554E-09 5.8512E-09 6.5509E-09 7.2476E-09 8.0746E-09 9.0044E-09 9.9761E-09 1.1012E-08 1.2101E-08 1.3223E-08 1.4391E-08 1.5588E-08 1.6815E-08 1.8092E-08 1.9384E-08 2.0700E-08 2.2098E-08 2.3486E-08 2.4937E-08
1.7204E-11 1.8345E-11 2.4089E-11 2.5025E-11 3.1375E-11 3.3912E-11 4.6051E-11 5.3058E-11 6.0786E-11 7.3777E-11 9.7600E-11 2.4730E-10 2.6004E-10 3.0479E-10 3.5707E-10 4.1584E-10 4.5100E-10 5.8715E-10 6.5747E-10 7.4541E-10 8.0781E-10 8.6896E-10 9.5679E-10 1.0639E-09 1.2338E-09 1.3248E-09 1.4304E-09 1.5427E-09 1.6695E-09 1.8207E-09 1.9884E-09 2.1808E-09 2.4052E-09 2.6472E-09 2.9225E-09 3.2579E-09 3.6134E-09 4.0407E-09 4.5126E-09 5.0320E-09 5.6125E-09 6.2708E-09 7.0074E-09 7.8439E-09 8.7235E-09 9.6739E-09 1.0678E-08 1.1729E-08 1.2832E-08 1.3995E-08 1.5199E-08 1.6500E-08 1.7829E-08 1.9193E-08 2.0727E-08 2.2295E-08 2.3996E-08
1.1117E-11 1.4352E-11 1.8015E-11 2.3826E-11 2.4716E-11 2.8414E-11 3.2599E-11 4.0755E-11 5.1017E-11 5.7607E-11 6.8474E-11 8.7774E-11 1.1115E-10 2.4972E-10 2.8952E-10 3.2727E-10 3.9738E-10 4.3899E-10 4.8902E-10 6.1808E-10 6.9824E-10 7.7607E-10 8.3603E-10 9.0300E-10 1.0072E-09 1.1026E-09 1.1856E-09 1.2795E-09 1.3935E-09 1.5787E-09 1.7153E-09 1.8795E-09 2.0652E-09 2.2649E-09 2.4951E-09 2.7757E-09 3.0762E-09 3.4406E-09 3.8401E-09 4.2838E-09 4.7875E-09 5.3585E-09 6.0012E-09 6.7409E-09 7.5094E-09 8.3570E-09 9.2625E-09 1.0218E-08 1.1250E-08 1.2345E-08 1.3481E-08 1.4736E-08 1.6053E-08 1.7437E-08 1.9029E-08 2.0703E-08 2.2536E-08
1.0634E-11 1.1010E-11 1.3993E-11 1.7625E-11 2.1132E-11 2.4372E-11 2.5297E-11 3.1780E-11 3.4475E-11 4.8603E-11 5.2488E-11 6.1148E-11 8.1719E-11 1.0004E-10 1.1544E-10 2.1417E-10 3.0065E-10 3.8038E-10 4.1895E-10 4.6989E-10 5.1714E-10 6.0241E-10 6.6825E-10 7.9149E-10 8.5482E-10 9.4705E-10 1.0378E-09 1.1202E-09 1.2093E-09 1.3093E-09 1.4229E-09 1.5627E-09 1.7265E-09 1.8971E-09 2.0862E-09 2.3240E-09 2.5769E-09 2.8801E-09 3.2225E-09 3.5729E-09 4.0248E-09 4.5181E-09 5.0665E-09 5.6992E-09 6.3743E-09 7.1110E-09 7.9078E-09 8.7439E-09 9.6699E-09 1.0667E-08 1.1719E-08 1.2901E-08 1.4145E-08 1.5490E-08 1.7072E-08 1.8769E-08 2.0635E-08
7.8832E-12 1.0523E-11 1.0885E-11 1.1312E-11 1.7245E-11 1.8137E-11 2.3987E-11 2.4809E-11 3.0712E-11 3.2587E-11 4.1893E-11 4.9694E-11 6.7060E-11 7.5328E-11 8.9691E-11 1.0266E-10 1.4401E-10 1.6310E-10 3.5732E-10 3.9848E-10 4.5024E-10 4.9783E-10 5.6427E-10 6.2665E-10 6.8696E-10 7.4164E-10 8.1712E-10 9.0315E-10 1.0415E-09 1.1353E-09 1.2286E-09 1.3310E-09 1.4588E-09 1.6039E-09 1.7560E-09 1.9539E-09 2.1614E-09 2.4093E-09 2.6895E-09 2.9800E-09 3.3548E-09 3.7679E-09 4.2283E-09 4.7475E-09 5.3177E-09 5.9446E-09 6.6220E-09 7.3545E-09 8.1645E-09 9.0431E-09 9.9707E-09 1.1047E-08 1.2191E-08 1.3463E-08 1.4951E-08 1.6575E-08 1.8376E-08
0.0000E+00 7.7894E-12 8.0569E-12 1.0742E-11 1.1092E-11 1.4136E-11 1.7708E-11 2.3343E-11 2.4343E-11 2.7584E-11 3.1396E-11 3.3023E-11 4.5301E-11 6.1260E-11 6.9939E-11 8.2975E-11 9.8085E-11 1.3284E-10 1.5488E-10 2.0387E-10 2.5040E-10 3.0184E-10 4.7178E-10 5.1040E-10 5.8021E-10 6.4455E-10 7.0474E-10 7.6060E-10 8.4101E-10 9.1356E-10 1.0069E-09 1.1064E-09 1.2068E-09 1.3194E-09 1.4432E-09 1.6026E-09 1.7726E-09 1.9786E-09 2.1949E-09 2.4395E-09 2.7583E-09 3.0963E-09 3.4661E-09 3.9100E-09 4.3799E-09 4.8968E-09 5.4626E-09 6.0716E-09 6.7551E-09 7.5008E-09 8.3228E-09 9.2644E-09 1.0277E-08 1.1411E-08 1.2776E-08 1.4243E-08 1.5877E-08
0.0000E+00 0.0000E+00 5.2768E-12 7.9393E-12 1.0582E-11 1.0917E-11 1.3597E-11 1.7163E-11 1.7937E-11 2.3656E-11 2.4584E-11 3.0107E-11 3.1806E-11 3.5834E-11 5.6326E-11 6.1545E-11 7.9249E-11 9.4889E-11 1.1888E-10 1.4457E-10 1.7043E-10 2.2842E-10 2.9077E-10 3.2628E-10 3.6711E-10 4.3056E-10 4.8417E-10 6.4619E-10 7.0462E-10 7.6769E-10 8.3534E-10 9.2134E-10 1.0169E-09 1.1062E-09 1.2139E-09 1.3381E-09 1.4706E-09 1.6249E-09 1.8043E-09 1.9977E-09 2.2568E-09 2.5208E-09 2.8133E-09 3.1716E-09 3.5456E-09 3.9616E-09 4.4203E-09 4.9288E-09 5.4947E-09 6.1110E-09 6.8022E-09 7.6033E-09 8.4803E-09 9.4441E-09 1.0623E-08 1.1885E-08 1.3290E-08
0.0000E+00 0.0000E+00 0.0000E+00 0.0000E+00 7.8093E-12 8.0554E-12 1.0725E-11 1.1045E-11 1.3849E-11 1.7488E-11 2.2887E-11 2.3791E-11 2.4705E-11 3.0217E-11 3.1905E-11 4.9538E-11 5.4935E-11 6.8575E-11 9.1270E-11 1.1525E-10 1.3166E-10 1.6015E-10 2.0046E-10 2.5940E-10 3.1442E-10 3.4638E-10 3.9881E-10 4.4767E-10 5.0147E-10 5.6595E-10 6.2555E-10 6.9604E-10 7.6805E-10 8.5848E-10 9.5180E-10 1.0569E-09 1.1802E-09 1.3110E-09 1.4587E-09 1.6173E-09 1.8219E-09 2.0355E-09 2.2724E-09 2.5483E-09 2.8454E-09 3.1710E-09 3.5250E-09 3.9309E-09 4.3939E-09 4.8914E-09 5.4562E-09 6.1175E-09 6.8273E-09 7.6264E-09 8.5905E-09 9.6263E-09 1.0762E-08
0.0000E+00 0.0000E+00 0.0000E+00 0.0000E+00 0.0000E+00 5.2586E-12 7.9018E-12 1.0518E-11 1.0822E-11 1.1124E-11 1.4025E-11 1.7620E-11 2.2984E-11 2.3730E-11 2.4686E-11 3.0182E-11 3.9105E-11 5.1988E-11 6.0856E-11 7.6918E-11 1.1009E-10 1.2574E-10 1.4905E-10 1.8689E-10 2.4073E-10 2.6952E-10 3.2120E-10 3.5314E-10 4.0019E-10 4.5445E-10 5.1106E-10 5.6577E-10 6.3476E-10 6.9962E-10 7.6908E-10 8.6213E-10 9.4599E-10 1.0581E-09 1.1760E-09 1.3164E-09 1.4584E-09 1.6296E-09 1.8155E-09 2.0268E-09 2.2533E-09 2.5042E-09 2.7826E-09 3.1029E-09 3.4660E-09 3.8580E-09 4.2936E-09 4.8173E-09 5.3761E-09 6.0058E-09 6.7523E-09 7.5573E-09 8.4381E-09
0.0000E+00 0.0000E+00 0.0000E+00 0.0000E+00 0.0000E+00 0.0000E+00 0.0000E+00 7.7370E-12 7.9591E-12 1.0584E-11 1.0871E-11 1.3492E-11 1.6600E-11 1.7619E-11 2.2973E-11 2.3553E-11 2.4355E-11 3.7439E-11 4.2632E-11 5.9371E-11 7.2691E-11 8.4800E-11 1.1384E-10 1.4259E-10 1.6347E-10 2.1052E-10 2.5004E-10 2.9299E-10 3.2352E-10 3.6737E-10 4.1265E-10 4.5410E-10 5.0326E-10 5.5178E-10 6.0605E-10 6.8315E-10 7.5981E-10 8.3312E-10 9.2933E-10 1.0298E-09 1.1597E-09 1.2927E-09 1.4383E-09 1.6108E-09 1.7832E-09 1.9717E-09 2.1776E-09 2.4185E-09 2.7002E-09 2.9999E-09 3.3302E-09 3.7295E-09 4.1424E-09 4.6078E-09 5.1686E-09 5.7585E-09 6.4105E-09
0.0000E+00 0.0000E+00 0.0000E+00 0.0000E+00 0.0000E+00 0.0000E+00 0.0000E+00 0.0000E+00 0.0000E+00 7.7719E-12 7.9805E-12 1.0604E-11 1.0871E-11 1.3482E-11 1.3834E-11 1.7392E-11 2.2854E-11 2.3387E-11 3.1319E-11 4.0953E-11 4.9667E-11 5.5912E-11 8.2819E-11 1.0263E-10 1.2533E-10 1.4939E-10 1.7536E-10 2.1578E-10 2.6656E-10 2.8292E-10 3.2421E-10 3.7208E-10 4.1476E-10 4.5242E-10 4.9529E-10 5.3923E-10 6.0314E-10 6.6560E-10 7.4287E-10 8.1543E-10 9.0612E-10 1.0115E-09 1.1139E-09 1.2313E-09 1.3753E-09 1.5298E-09 1.6961E-09 1.8692E-09 2.0829E-09 2.3045E-09 2.5403E-09 2.8309E-09 3.1311E-09 3.4546E-09 3.8541E-09 4.2677E-09 4.7265E-09
0.0000E+00 0.0000E+00 0.0000E+00 0.0000E+00 0.0000E+00 0.0000E+00 0.0000E+00 0.0000E+00 0.0000E+00 0.0000E+00 0.0000E+00 7.7715E-12 1.0325E-11 1.0576E-11 1.0823E-11 1.3412E-11 1.3707E-11 1.6923E-11 2.2624E-11 2.3114E-11 3.5078E-11 5.0298E-11 5.3715E-11 6.4650E-11 9.7015E-11 1.2167E-10 1.2860E-10 1.5066E-10 1.9008E-10 2.3434E-10 2.6096E-10 2.8834E-10 3.2129E-10 3.6162E-10 4.0694E-10 4.3966E-10 4.7708E-10 5.2932E-10 5.8521E-10 6.4968E-10 7.1607E-10 7.9212E-10 8.8034E-10 9.6590E-10 1.0705E-09 1.1754E-09 1.2962E-09 1.4267E-09 1.5802E-09 1.7500E-09 1.9133E-09 2.1106E-09 2.3088E-09 2.5307E-09 2.7962E-09 3.0828E-09 3.3786E-09
0.0000E+00 0.0000E+00 0.0000E+00 0.0000E+00 0.0000E+00 0.0000E+00 0.0000E+00 0.0000E+00 0.0000E+00 0.0000E+00 0.0000E+00 0.0000E+00 0.0000E+00 7.7358E-12 7.9145E-12 1.0501E-11 1.0727E-11 1.3285E-11 1.3552E-11 1.6401E-11 1.9344E-11 3.4113E-11 4.4508E-11 5.2137E-11 6.4676E-11 8.5735E-11 1.1082E-10 1.2191E-10 1.4072E-10 1.6083E-10 1.9790E-10 2.2688E-10 2.5676E-10 2.8410E-10 3.1152E-10 3.5755E-10 3.8810E-10 4.3223E-10 4.7327E-10 5.1091E-10 5.6827E-10 6.1747E-10 6.7363E-10 7.4270E-10 8.1528E-10 8.9992E-10 9.7982E-10 1.0680E-09 1.1796E-09 1.2956E-09 1.4088E-09 1.5286E-09 1.6673E-09 1.8097E-09 1.9777E-09 2.1668E-09 2.3657E-09
0.0000E+00 0.0000E+00 0.0000E+00 0.0000E+00 0.0000E+00 0.0000E+00 0.0000E+00 0.0000E+00 0.0000E+00 0.0000E+00 0.0000E+00 0.0000E+00 0.0000E+00 0.0000E+00 0.0000E+00 0.0000E+00 7.8281E-12 1.0380E-11 1.0585E-11 1.0785E-11 1.3341E-11 1.3574E-11 2.7726E-11 3.5112E-11 4.8391E-11 5.8487E-11 7.6428E-11 1.0114E-10 1.1480E-10 1.3032E-10 1.4105E-10 1.7916E-10 2.0514E-10 2.2575E-10 2.4796E-10 2.8433E-10 3.0457E-10 3.3951E-10 3.7515E-10 4.1224E-10 4.3800E-10 4.9244E-10 5.3159E-10 5.8754E-10 6.3467E-10 6.8584E-10 7.4306E-10 8.0128E-10 8.7841E-10 9.4970E-10 1.0190E-09 1.0972E-09 1.1861E-09 1.2776E-09 1.3665E-09 1.4819E-09 1.6084E-09
0.0000E+00 0.0000E+00 0.0000E+00 0.0000E+00 0.0000E+00 0.0000E+00 0.0000E+00 0.0000E+00 0.0000E+00 0.0000E+00 0.0000E+00 0.0000E+00 0.0000E+00 0.0000E+00 0.0000E+00 0.0000E+00 0.0000E+00 0.0000E+00 5.0268E-12 1.0215E-11 1.0398E-11 1.0575E-11 1.0746E-11 2.0715E-11 2.9312E-11 3.9412E-11 5.3876E-11 6.4000E-11 8.8631E-11 1.0726E-10 1.1483E-10 1.3290E-10 1.5972E-10 1.7934E-10 2.0673E-10 2.3261E-10 2.4970E-10 2.7058E-10 2.8838E-10 3.2505E-10 3.5079E-10 3.7518E-10 4.1661E-10 4.4886E-10 4.8637E-10 5.2445E-10 5.5853E-10 6.0758E-10 6.5096E-10 6.9649E-10 7.4283E-10 7.9294E-10 8.4466E-10 9.0623E-10 9.6457E-10 1.0278E-09 1.1011E-09
0.0000E+00 0.0000E+00 0.0000E+00 0.0000E+00 0.0000E+00 0.0000E+00 0.0000E+00 0.0000E+00 0.0000E+00 0.0000E+00 0.0000E+00 0.0000E+00 0.0000E+00 0.0000E+00 0.0000E+00 0.0000E+00 0.0000E+00 0.0000E+00 0.0000E+00 0.0000E+00 0.0000E+00 2.4598E-12 1.0170E-11 1.0316E-11 1.0381E-11 2.6189E-11 3.8463E-11 4.0620E-11 5.2554E-11 7.5318E-11 9.5922E-11 1.0713E-10 1.2460E-10 1.4018E-10 1.6394E-10 1.8837E-10 2.0658E-10 2.2544E-10 2.5196E-10 2.6594E-10 2.8195E-10 3.0803E-10 3.3241E-10 3.6052E-10 3.8114E-10 4.0562E-10 4.2704E-10 4.5655E-10 4.8867E-10 5.1620E-10 5.4374E-10 5.7390E-10 6.0159E-10 6.3999E-10 6.7711E-10 7.1285E-10 7.5319E-10
0.0000E+00 0.0000E+00 0.0000E+00 0.0000E+00 0.0000E+00 0.0000E+00 0.0000E+00 0.0000E+00 0.0000E+00 0.0000E+00 0.0000E+00 0.0000E+00 0.0000E+00 0.0000E+00 0.0000E+00 0.0000E+00 0.0000E+00 0.0000E+00 0.0000E+00 0.0000E+00 0.0000E+00 0.0000E+00 0.0000E+00 0.0000E+00 0.0000E+00 2.4737E-12 1.9211E-11 2.5507E-11 3.7200E-11 4.8953E-11 6.3423E-11 8.5308E-11 1.0188E-10 1.0792E-10 1.2554E-10 1.5454E-10 1.6637E-10 1.8492E-10 2.0714E-10 2.2886E-10 2.4223E-10 2.5703E-10 2.7064E-10 2.8548E-10 3.0984E-10 3.2602E-10 3.4446E-10 3.6593E-10 3.8326E-10 3.9866E-10 4.1976E-10 4.3768E-10 4.5695E-10 4.7027E-10 4.9216E-10 5.2056E-10 5.5332E-10
0.0000E+00 0.0000E+00 0.0000E+00 0.0000E+00 0.0000E+00 0.0000E+00 0.0000E+00 0.0000E+00 0.0000E+00 0.0000E+00 0.0000E+00 0.0000E+00 0.0000E+00 0.0000E+00 0.0000E+00 0.0000E+00 0.0000E+00 0.0000E+00 0.0000E+00 0.0000E+00 0.0000E+00 0.0000E+00 0.0000E+00 0.0000E+00 0.0000E+00 0.0000E+00 0.0000E+00 7.4139E-12 1.8064E-11 2.7508E-11 4.1535E-11 4.8352E-11 7.3805E-11 8.4348E-11 1.0218E-10 1.1733E-10 1.3764E-10 1.5595E-10 1.7593E-10 1.8379E-10 2.0891E-10 2.2900E-10 2.4128E-10 2.5273E-10 2.6515E-10 2.7562E-10 2.9288E-10 3.0671E-10 3.1785E-10 3.2511E-10 3.3777E-10 3.4642E-10 3.5887E-10 3.7040E-10 3.8069E-10 3.9785E-10 4.2220E-10
0.0000E+00 0.0000E+00 0.0000E+00 0.0000E+00 0.0000E+00 0.0000E+00 0.0000E+00 0.0000E+00 0.0000E+00 0.0000E+00 0.0000E+00 0.0000E+00 0.0000E+00 0.0000E+00 0.0000E+00 0.0000E+00 0.0000E+00 0.0000E+00 0.0000E+00 0.0000E+00 0.0000E+00 0.0000E+00 0.0000E+00 0.0000E+00 0.0000E+00 0.0000E+00 0.0000E+00 0.0000E+00 0.0000E+00 1.4094E-11 1.9868E-11 3.1775E-11 4.1412E-11 5.8713E-11 7.3688E-11 8.8867E-11 1.0072E-10 1.2094E-10 1.3940E-10 1.5540E-10 1.7550E-10 1.8390E-10 2.0482E-10 2.2831E-10 2.3563E-10 2.4872E-10 2.5726E-10 2.7184E-10 2.8141E-10 2.9649E-10 3.0339E-10 3.1573E-10 3.2232E-10 3.3290E-10 3.3953E-10 3.4614E-10 3.5684E-10
0.0000E+00 0.0000E+00 0.0000E+00 0.0000E+00 0.0000E+00 0.0000E+00 0.0000E+00 0.0000E+00 0.0000E+00 0.0000E+00 0.0000E+00 0.0000E+00 0.0000E+00 0.0000E+00 0.0000E+00 0.0000E+00 0.0000E+00 0.0000E+00 0.0000E+00 0.0000E+00 0.0000E+00 0.0000E+00 0.0000E+00 0.0000E+00 0.0000E+00 0.0000E+00 0.0000E+00 0.0000E+00 0.0000E+00 0.0000E+00 4.4473E-12 1.5835E-11 2.9037E-11 3.2177E-11 4.6521E-11 6.3567E-11 7.6077E-11 9.5205E-11 1.0517E-10 1.3041E-10 1.4349E-10 1.6066E-10 1.7672E-10 1.8918E-10 2.1269E-10 2.2700E-10 2.3903E-10 2.4665E-10 2.5539E-10 2.6163E-10 2.7056E-10 2.7714E-10 2.8610E-10 2.9596E-10 3.0630E-10 3.1328E-10 3.1798E-10
