Assets/Resources/2015_m01_d19_1400(utc+0800)_l00_csi_1hr_conc.grd
DSAA
         159         159
     -79.000      79.000
     -79.000      79.000
  0.0000E+00  0.1091E-04
[rows 25 to 49 of 159, columns 57 to 113 of 159]
6.8309E-09 6.7718E-09 6.7229E-09 6.6844E-09 6.6536E-09 6.6301E-09 6.6141E-09 6.6062E-09 6.6058E-09 6.6089E-09 6.6188E-09 6.6281E-09 6.6315E-09 6.6295E-09 6.6073E-09 6.5759E-09 6.5280E-09 6.4531E-09 6.3506E-09 6.1951E-09 6.0035E-09 5.7896E-09 5.5686E-09 5.3351E-09 5.1295E-09 4.9402E-09 4.7805E-09 4.6314E-09 4.4956E-09 4.3593E-09 4.2187E-09 4.0925E-09 3.9551E-09 3.8274E-09 3.7029E-09 3.5667E-09 3.4317E-09 3.2809E-09 3.1286E-09 2.9691E-09 2.8141E-09 2.6738E-09 2.5453E-09 2.4212E-09 2.3198E-09 2.2337E-09 2.1440E-09 2.0714E-09 1.9904E-09 1.9235E-09 1.8531E-09 1.7957E-09 1.7399E-09 1.6826E-09 1.6363E-09 1.5863E-09 1.5425E-09
6.9886E-09 6.9151E-09 6.8504E-09 6.7973E-09 6.7539E-09 6.7188E-09 6.6937E-09 6.6733E-09 6.6635E-09 6.6577E-09 6.6600E-09 6.6630E-09 6.6593E-09 6.6533E-09 6.6296E-09 6.5955E-09 6.5501E-09 6.4754E-09 6.3769E-09 6.2332E-09 6.0463E-09 5.8281E-09 5.6114E-09 5.3838E-09 5.1783E-09 4.9894E-09 4.8309E-09 4.6840E-09 4.5486E-09 4.4154E-09 4.2763E-09 4.1507E-09 4.0139E-09 3.8862E-09 3.7628E-09 3.6262E-09 3.4911E-09 3.3398E-09 3.1859E-09 3.0250E-09 2.8661E-09 2.7227E-09 2.5902E-09 2.4624E-09 2.3572E-09 2.2682E-09 2.1758E-09 2.1015E-09 2.0247E-09 1.9498E-09 1.8842E-09 1.8189E-09 1.7621E-09 1.7034E-09 1.6591E-09 1.6062E-09 1.5617E-09
7.1383E-09 7.0472E-09 6.9674E-09 6.8999E-09 6.8416E-09 6.7935E-09 6.7574E-09 6.7255E-09 6.7058E-09 6.6931E-09 6.6844E-09 6.6807E-09 6.6707E-09 6.6580E-09 6.6303E-09 6.5947E-09 6.5492E-09 6.4759E-09 6.3801E-09 6.2455E-09 6.0671E-09 5.8455E-09 5.6323E-09 5.4100E-09 5.2071E-09 5.0210E-09 4.8643E-09 4.7200E-09 4.5872E-09 4.4561E-09 4.3194E-09 4.1951E-09 4.0594E-09 3.9320E-09 3.8101E-09 3.6737E-09 3.5426E-09 3.3881E-09 3.2330E-09 3.0711E-09 2.9128E-09 2.7630E-09 2.6271E-09 2.5000E-09 2.3875E-09 2.2961E-09 2.2051E-09 2.1258E-09 2.0475E-09 1.9708E-09 1.9100E-09 1.8373E-09 1.7860E-09 1.7200E-09 1.6754E-09 1.6220E-09 1.5768E-09
7.2791E-09 7.1701E-09 7.0735E-09 6.9892E-09 6.9178E-09 6.8548E-09 6.8057E-09 6.7632E-09 6.7319E-09 6.7104E-09 6.6924E-09 6.6811E-09 6.6622E-09 6.6442E-09 6.6119E-09 6.5743E-09 6.5280E-09 6.4556E-09 6.3619E-09 6.2328E-09 6.0634E-09 5.8532E-09 5.6321E-09 5.4157E-09 5.2160E-09 5.0337E-09 4.8784E-09 4.7390E-09 4.6093E-09 4.4811E-09 4.3474E-09 4.2250E-09 4.0916E-09 3.9569E-09 3.8446E-09 3.7089E-09 3.5783E-09 3.4247E-09 3.2692E-09 3.1068E-09 2.9461E-09 2.7943E-09 2.6556E-09 2.5260E-09 2.4110E-09 2.3171E-09 2.2247E-09 2.1439E-09 2.0704E-09 1.9863E-09 1.9250E-09 1.8507E-09 1.7993E-09 1.7322E-09 1.6873E-09 1.6334E-09 1.5878E-09
7.4089E-09 7.2818E-09 7.1676E-09 7.0670E-09 6.9794E-09 6.9028E-09 6.8400E-09 6.7849E-09 6.7433E-09 6.7112E-09 6.6843E-09 6.6647E-09 6.6381E-09 6.6121E-09 6.5752E-09 6.5349E-09 6.4873E-09 6.4152E-09 6.3232E-09 6.1977E-09 6.0384E-09 5.8317E-09 5.6120E-09 5.4012E-09 5.2066E-09 5.0287E-09 4.8765E-09 4.7409E-09 4.6132E-09 4.4908E-09 4.3523E-09 4.2330E-09 4.1097E-09 3.9766E-09 3.8658E-09 3.7316E-09 3.6017E-09 3.4495E-09 3.2976E-09 3.1317E-09 2.9696E-09 2.8161E-09 2.6760E-09 2.5438E-09 2.4272E-09 2.3308E-09 2.2407E-09 2.1555E-09 2.0815E-09 1.9961E-09 1.9347E-09 1.8594E-09 1.8077E-09 1.7397E-09 1.6946E-09 1.6431E-09 1.5946E-09
7.5333E-09 7.3806E-09 7.2490E-09 7.1316E-09 7.0283E-09 6.9364E-09 6.8595E-09 6.7943E-09 6.7380E-09 6.6960E-09 6.6595E-09 6.6309E-09 6.5949E-09 6.5627E-09 6.5208E-09 6.4796E-09 6.4280E-09 6.3557E-09 6.2650E-09 6.1425E-09 5.9923E-09 5.7912E-09 5.5790E-09 5.3674E-09 5.1769E-09 5.0063E-09 4.8555E-09 4.7262E-09 4.6009E-09 4.4849E-09 4.3506E-09 4.2342E-09 4.1137E-09 3.9829E-09 3.8737E-09 3.7415E-09 3.6124E-09 3.4622E-09 3.3072E-09 3.1456E-09 2.9833E-09 2.8282E-09 2.6875E-09 2.5532E-09 2.4356E-09 2.3371E-09 2.2466E-09 2.1607E-09 2.0867E-09 2.0004E-09 1.9389E-09 1.8629E-09 1.8112E-09 1.7425E-09 1.6974E-09 1.6461E-09 1.5973E-09
7.6678E-09 7.4725E-09 7.3165E-09 7.1821E-09 7.0632E-09 6.9565E-09 6.8647E-09 6.7863E-09 6.7183E-09 6.6653E-09 6.6182E-09 6.5803E-09 6.5354E-09 6.4966E-09 6.4498E-09 6.4051E-09 6.3513E-09 6.2784E-09 6.1885E-09 6.0689E-09 5.9245E-09 5.7333E-09 5.5251E-09 5.3163E-09 5.1321E-09 4.9669E-09 4.8210E-09 4.6961E-09 4.5757E-09 4.4563E-09 4.3342E-09 4.2141E-09 4.1039E-09 3.9757E-09 3.8648E-09 3.7385E-09 3.6070E-09 3.4628E-09 3.3092E-09 3.1484E-09 2.9866E-09 2.8306E-09 2.6897E-09 2.5541E-09 2.4360E-09 2.3361E-09 2.2458E-09 2.1594E-09 2.0858E-09 1.9990E-09 1.9376E-09 1.8613E-09 1.8096E-09 1.7409E-09 1.6957E-09 1.6447E-09 1.5958E-09
7.7817E-09 7.5734E-09 7.3827E-09 7.2232E-09 7.0835E-09 6.9623E-09 6.8558E-09 6.7644E-09 6.6830E-09 6.6195E-09 6.5612E-09 6.5142E-09 6.4604E-09 6.4151E-09 6.3632E-09 6.3146E-09 6.2582E-09 6.1843E-09 6.0949E-09 5.9776E-09 5.8412E-09 5.6562E-09 5.4479E-09 5.2484E-09 5.0696E-09 4.9116E-09 4.7694E-09 4.6509E-09 4.5360E-09 4.4137E-09 4.3039E-09 4.1802E-09 4.0806E-09 3.9560E-09 3.8469E-09 3.7233E-09 3.5932E-09 3.4516E-09 3.2999E-09 3.1404E-09 2.9795E-09 2.8232E-09 2.6830E-09 2.5466E-09 2.4292E-09 2.3281E-09 2.2381E-09 2.1519E-09 2.0786E-09 1.9920E-09 1.9309E-09 1.8546E-09 1.8031E-09 1.7347E-09 1.6894E-09 1.6390E-09 1.5900E-09
7.8968E-09 7.6454E-09 7.4376E-09 7.2519E-09 7.0937E-09 6.9529E-09 6.8320E-09 6.7277E-09 6.6342E-09 6.5580E-09 6.4898E-09 6.4322E-09 6.3697E-09 6.3177E-09 6.2610E-09 6.2064E-09 6.1497E-09 6.0746E-09 5.9858E-09 5.8707E-09 5.7367E-09 5.5626E-09 5.3589E-09 5.1657E-09 4.9920E-09 4.8424E-09 4.7056E-09 4.5884E-09 4.4824E-09 4.3584E-09 4.2608E-09 4.1418E-09 4.0375E-09 3.9238E-09 3.8129E-09 3.6962E-09 3.5642E-09 3.4288E-09 3.2756E-09 3.1216E-09 2.9627E-09 2.8067E-09 2.6681E-09 2.5316E-09 2.4150E-09 2.3134E-09 2.2238E-09 2.1381E-09 2.0655E-09 1.9794E-09 1.9188E-09 1.8433E-09 1.7919E-09 1.7241E-09 1.6788E-09 1.6266E-09 1.5802E-09
7.9980E-09 7.7326E-09 7.4965E-09 7.2862E-09 7.0897E-09 6.9317E-09 6.7922E-09 6.6754E-09 6.5699E-09 6.4826E-09 6.4036E-09 6.3366E-09 6.2654E-09 6.2071E-09 6.1457E-09 6.0873E-09 6.0281E-09 5.9517E-09 5.8633E-09 5.7502E-09 5.6184E-09 5.4607E-09 5.2525E-09 5.0686E-09 4.9031E-09 4.7586E-09 4.6289E-09 4.5150E-09 4.4163E-09 4.2992E-09 4.1981E-09 4.0914E-09 3.9745E-09 3.8798E-09 3.7672E-09 3.6575E-09 3.5238E-09 3.3949E-09 3.2446E-09 3.0927E-09 2.9330E-09 2.7817E-09 2.6446E-09 2.5088E-09 2.3933E-09 2.2918E-09 2.1997E-09 2.1182E-09 2.0466E-09 1.9616E-09 1.9016E-09 1.8271E-09 1.7760E-09 1.7091E-09 1.6639E-09 1.6126E-09 1.5666E-09
8.0717E-09 7.7966E-09 7.5338E-09 7.2986E-09 7.0916E-09 6.9069E-09 6.7449E-09 6.6095E-09 6.4929E-09 6.3947E-09 6.3057E-09 6.2289E-09 6.1495E-09 6.0847E-09 6.0188E-09 5.9567E-09 5.8948E-09 5.8171E-09 5.7272E-09 5.6179E-09 5.4880E-09 5.3369E-09 5.1385E-09 4.9587E-09 4.8028E-09 4.6612E-09 4.5413E-09 4.4328E-09 4.3239E-09 4.2287E-09 4.1163E-09 4.0300E-09 3.9174E-09 3.8247E-09 3.7148E-09 3.6080E-09 3.4771E-09 3.3507E-09 3.2000E-09 3.0543E-09 2.8940E-09 2.7481E-09 2.6129E-09 2.4748E-09 2.3645E-09 2.2637E-09 2.1727E-09 2.0926E-09 2.0223E-09 1.9388E-09 1.8795E-09 1.8064E-09 1.7557E-09 1.6902E-09 1.6452E-09 1.5947E-09 1.5493E-09
8.1346E-09 7.8344E-09 7.5638E-09 7.3110E-09 7.0727E-09 6.8707E-09 6.6891E-09 6.5341E-09 6.4032E-09 6.2949E-09 6.1967E-09 6.1101E-09 6.0237E-09 5.9519E-09 5.8819E-09 5.8139E-09 5.7499E-09 5.6727E-09 5.5813E-09 5.4756E-09 5.3498E-09 5.2043E-09 5.0164E-09 4.8352E-09 4.6924E-09 4.5576E-09 4.4403E-09 4.3408E-09 4.2304E-09 4.1479E-09 4.0413E-09 3.9508E-09 3.8501E-09 3.7562E-09 3.6526E-09 3.5485E-09 3.4207E-09 3.2968E-09 3.1503E-09 3.0072E-09 2.8505E-09 2.7064E-09 2.5736E-09 2.4375E-09 2.3292E-09 2.2298E-09 2.1367E-09 2.0618E-09 1.9869E-09 1.9113E-09 1.8469E-09 1.7814E-09 1.7313E-09 1.6674E-09 1.6228E-09 1.5732E-09 1.5283E-09
8.1853E-09 7.8607E-09 7.5670E-09 7.3005E-09 7.0536E-09 6.8353E-09 6.6325E-09 6.4540E-09 6.3033E-09 6.1844E-09 6.0774E-09 5.9824E-09 5.8861E-09 5.8099E-09 5.7317E-09 5.6649E-09 5.5966E-09 5.5200E-09 5.4270E-09 5.3250E-09 5.2031E-09 5.0602E-09 4.8828E-09 4.7082E-09 4.5697E-09 4.4458E-09 4.3331E-09 4.2400E-09 4.1367E-09 4.0507E-09 3.9576E-09 3.8547E-09 3.7736E-09 3.6747E-09 3.5815E-09 3.4726E-09 3.3556E-09 3.2306E-09 3.0919E-09 2.9517E-09 2.7992E-09 2.6575E-09 2.5273E-09 2.3945E-09 2.2878E-09 2.1905E-09 2.0988E-09 2.0260E-09 1.9528E-09 1.8793E-09 1.8163E-09 1.7527E-09 1.6975E-09 1.6410E-09 1.5969E-09 1.5482E-09 1.5041E-09
8.2252E-09 7.8761E-09 7.5586E-09 7.2712E-09 7.0127E-09 6.7748E-09 6.5617E-09 6.3704E-09 6.2047E-09 6.0638E-09 5.9486E-09 5.8459E-09 5.7407E-09 5.6545E-09 5.5767E-09 5.5087E-09 5.4363E-09 5.3604E-09 5.2680E-09 5.1641E-09 5.0496E-09 4.9031E-09 4.7342E-09 4.5740E-09 4.4420E-09 4.3233E-09 4.2208E-09 4.1100E-09 4.0353E-09 3.9391E-09 3.8658E-09 3.7680E-09 3.6891E-09 3.5936E-09 3.5023E-09 3.3926E-09 3.2826E-09 3.1566E-09 3.0259E-09 2.8854E-09 2.7407E-09 2.6025E-09 2.4714E-09 2.3456E-09 2.2409E-09 2.1462E-09 2.0562E-09 1.9858E-09 1.9085E-09 1.8435E-09 1.7759E-09 1.7203E-09 1.6603E-09 1.6112E-09 1.5656E-09 1.5200E-09 1.4769E-09
8.2560E-09 7.8800E-09 7.5388E-09 7.2309E-09 6.9539E-09 6.7068E-09 6.4864E-09 6.2743E-09 6.0939E-09 5.9410E-09 5.8109E-09 5.7024E-09 5.5899E-09 5.4982E-09 5.4110E-09 5.3469E-09 5.2729E-09 5.1922E-09 5.1042E-09 5.0005E-09 4.8875E-09 4.7532E-09 4.5858E-09 4.4363E-09 4.3109E-09 4.1975E-09 4.1023E-09 3.9990E-09 3.9201E-09 3.8375E-09 3.7521E-09 3.6742E-09 3.5940E-09 3.5053E-09 3.4159E-09 3.3098E-09 3.2025E-09 3.0760E-09 2.9531E-09 2.8090E-09 2.6760E-09 2.5415E-09 2.4101E-09 2.2915E-09 2.1891E-09 2.0942E-09 2.0094E-09 1.9415E-09 1.8604E-09 1.8041E-09 1.7323E-09 1.6847E-09 1.6199E-09 1.5785E-09 1.5316E-09 1.4891E-09 1.4449E-09
8.2757E-09 7.8742E-09 7.5099E-09 7.1812E-09 6.8853E-09 6.6225E-09 6.3881E-09 6.1783E-09 5.9826E-09 5.8147E-09 5.6704E-09 5.5517E-09 5.4288E-09 5.3299E-09 5.2484E-09 5.1776E-09 5.1058E-09 5.0225E-09 4.9349E-09 4.8352E-09 4.7239E-09 4.5896E-09 4.4352E-09 4.2913E-09 4.1701E-09 4.0693E-09 3.9579E-09 3.8831E-09 3.7936E-09 3.7305E-09 3.6420E-09 3.5745E-09 3.4896E-09 3.4109E-09 3.3165E-09 3.2208E-09 3.1127E-09 2.9936E-09 2.8744E-09 2.7352E-09 2.6058E-09 2.4753E-09 2.3441E-09 2.2329E-09 2.1331E-09 2.0387E-09 1.9592E-09 1.8940E-09 1.8160E-09 1.7615E-09 1.6924E-09 1.6462E-09 1.5836E-09 1.5431E-09 1.4951E-09 1.4556E-09 1.4104E-09
8.2866E-09 7.8595E-09 7.4716E-09 7.1232E-09 6.8099E-09 6.5307E-09 6.2832E-09 6.0629E-09 5.8668E-09 5.6823E-09 5.5273E-09 5.3962E-09 5.2624E-09 5.1618E-09 5.0819E-09 5.0072E-09 4.9336E-09 4.8521E-09 4.7613E-09 4.6656E-09 4.5598E-09 4.4287E-09 4.2793E-09 4.1455E-09 4.0346E-09 3.9224E-09 3.8345E-09 3.7394E-09 3.6796E-09 3.6037E-09 3.5359E-09 3.4663E-09 3.3884E-09 3.3113E-09 3.2165E-09 3.1267E-09 3.0147E-09 2.9065E-09 2.7872E-09 2.6566E-09 2.5310E-09 2.4016E-09 2.2779E-09 2.1712E-09 2.0742E-09 1.9802E-09 1.9064E-09 1.8375E-09 1.7689E-09 1.7104E-09 1.6500E-09 1.5992E-09 1.5450E-09 1.5053E-09 1.4588E-09 1.4199E-09 1.3738E-09
8.2874E-09 7.8357E-09 7.4251E-09 7.0559E-09 6.7250E-09 6.4311E-09 6.1701E-09 5.9393E-09 5.7380E-09 5.5492E-09 5.3819E-09 5.2382E-09 5.0977E-09 4.9828E-09 4.9108E-09 4.8365E-09 4.7579E-09 4.6781E-09 4.5903E-09 4.4931E-09 4.3888E-09 4.2684E-09 4.1221E-09 3.9965E-09 3.8946E-09 3.7825E-09 3.7085E-09 3.6200E-09 3.5621E-09 3.4835E-09 3.4258E-09 3.3511E-09 3.2831E-09 3.2003E-09 3.1164E-09 3.0285E-09 2.9208E-09 2.8153E-09 2.6929E-09 2.5740E-09 2.4525E-09 2.3214E-09 2.2089E-09 2.1062E-09 2.0124E-09 1.9226E-09 1.8510E-09 1.7724E-09 1.7193E-09 1.6508E-09 1.6055E-09 1.5441E-09 1.5045E-09 1.4612E-09 1.4205E-09 1.3822E-09 1.3378E-09
8.2754E-09 7.8001E-09 7.3687E-09 6.9806E-09 6.6329E-09 6.3241E-09 6.0490E-09 5.8089E-09 5.6011E-09 5.4095E-09 5.2348E-09 5.0651E-09 4.9187E-09 4.8143E-09 4.7363E-09 4.6626E-09 4.5854E-09 4.5020E-09 4.4133E-09 4.3243E-09 4.2238E-09 4.1061E-09 3.9700E-09 3.8469E-09 3.7532E-09 3.6502E-09 3.5735E-09 3.4985E-09 3.4199E-09 3.3690E-09 3.3010E-09 3.2413E-09 3.1749E-09 3.0912E-09 3.0130E-09 2.9161E-09 2.8237E-09 2.7173E-09 2.6033E-09 2.4886E-09 2.3712E-09 2.2462E-09 2.1374E-09 2.0388E-09 1.9423E-09 1.8627E-09 1.7935E-09 1.7190E-09 1.6679E-09 1.6031E-09 1.5593E-09 1.5007E-09 1.4622E-09 1.4178E-09 1.3807E-09 1.3389E-09 1.3002E-09
8.2578E-09 7.7578E-09 7.3034E-09 6.8972E-09 6.5344E-09 6.2117E-09 5.9247E-09 5.6752E-09 5.4561E-09 5.2648E-09 5.0809E-09 4.9089E-09 4.7484E-09 4.6443E-09 4.5652E-09 4.4869E-09 4.4071E-09 4.3302E-09 4.2432E-09 4.1545E-09 4.0594E-09 3.9375E-09 3.8092E-09 3.7010E-09 3.6117E-09 3.5171E-09 3.4383E-09 3.3755E-09 3.3021E-09 3.2525E-09 3.1877E-09 3.1291E-09 3.0531E-09 2.9837E-09 2.9074E-09 2.8140E-09 2.7241E-09 2.6139E-09 2.5113E-09 2.4009E-09 2.2812E-09 2.1689E-09 2.0638E-09 1.9695E-09 1.8740E-09 1.8013E-09 1.7289E-09 1.6642E-09 1.6094E-09 1.5539E-09 1.5059E-09 1.4560E-09 1.4186E-09 1.3756E-09 1.3396E-09 1.2968E-09 1.2613E-09
8.2267E-09 7.7037E-09 7.2308E-09 6.8070E-09 6.4279E-09 6.0938E-09 5.7968E-09 5.5374E-09 5.3113E-09 5.1142E-09 4.9314E-09 4.7352E-09 4.5717E-09 4.4694E-09 4.3910E-09 4.3161E-09 4.2365E-09 4.1579E-09 4.0744E-09 3.9860E-09 3.8964E-09 3.7814E-09 3.6555E-09 3.5556E-09 3.4644E-09 3.3841E-09 3.3109E-09 3.2445E-09 3.1832E-09 3.1313E-09 3.0730E-09 3.0156E-09 2.9427E-09 2.8747E-09 2.7898E-09 2.7103E-09 2.6193E-09 2.5173E-09 2.4178E-09 2.3118E-09 2.1940E-09 2.0901E-09 1.9891E-09 1.8960E-09 1.8086E-09 1.7386E-09 1.6580E-09 1.6083E-09 1.5443E-09 1.5037E-09 1.4459E-09 1.4101E-09 1.3675E-09 1.3325E-09 1.2954E-09 1.2561E-09 1.2214E-09
8.1948E-09 7.6411E-09 7.1485E-09 6.7084E-09 6.3165E-09 5.9666E-09 5.6631E-09 5.3945E-09 5.1637E-09 4.9585E-09 4.7566E-09 4.5631E-09 4.4066E-09 4.3024E-09 4.2204E-09 4.1470E-09 4.0678E-09 3.9899E-09 3.9079E-09 3.8222E-09 3.7358E-09 3.6158E-09 3.5020E-09 3.4100E-09 3.3188E-09 3.2518E-09 3.1770E-09 3.1217E-09 3.0638E-09 3.0101E-09 2.9575E-09 2.8944E-09 2.8315E-09 2.7612E-09 2.6834E-09 2.6057E-09 2.5108E-09 2.4198E-09 2.3234E-09 2.2114E-09 2.1097E-09 2.0104E-09 1.9141E-09 1.8191E-09 1.7425E-09 1.6754E-09 1.5999E-09 1.5519E-09 1.4919E-09 1.4527E-09 1.3986E-09 1.3636E-09 1.3229E-09 1.2887E-09 1.2484E-09 1.2146E-09 1.1765E-09
8.1598E-09 7.5681E-09 7.0573E-09 6.6014E-09 6.1964E-09 5.8380E-09 5.5244E-09 5.2495E-09 5.0134E-09 4.8047E-09 4.5988E-09 4.4058E-09 4.2451E-09 4.1368E-09 4.0532E-09 3.9779E-09 3.9012E-09 3.8226E-09 3.7442E-09 3.6594E-09 3.5780E-09 3.4615E-09 3.3546E-09 3.2669E-09 3.1833E-09 3.1209E-09 3.0518E-09 2.9925E-09 2.9447E-09 2.8931E-09 2.8421E-09 2.7812E-09 2.7200E-09 2.6485E-09 2.5768E-09 2.4938E-09 2.4102E-09 2.3220E-09 2.2289E-09 2.1227E-09 2.0253E-09 1.9306E-09 1.8358E-09 1.7490E-09 1.6761E-09 1.5944E-09 1.5415E-09 1.4777E-09 1.4391E-09 1.3842E-09 1.3507E-09 1.3101E-09 1.2777E-09 1.2444E-09 1.2057E-09 1.1727E-09 1.1337E-09
8.1095E-09 7.5022E-09 6.9587E-09 6.4874E-09 6.0683E-09 5.7015E-09 5.3798E-09 5.1004E-09 4.8553E-09 4.6476E-09 4.4230E-09 4.2309E-09 4.0865E-09 3.9721E-09 3.8878E-09 3.8111E-09 3.7371E-09 3.6601E-09 3.5835E-09 3.5019E-09 3.4149E-09 3.3102E-09 3.2065E-09 3.1264E-09 3.0434E-09 2.9857E-09 2.9280E-09 2.8723E-09 2.8265E-09 2.7734E-09 2.7273E-09 2.6648E-09 2.6090E-09 2.5362E-09 2.4706E-09 2.3906E-09 2.3098E-09 2.2246E-09 2.1249E-09 2.0342E-09 1.9414E-09 1.8511E-09 1.7552E-09 1.6791E-09 1.6100E-09 1.5335E-09 1.4833E-09 1.4232E-09 1.3805E-09 1.3350E-09 1.3026E-09 1.2638E-09 1.2323E-09 1.1936E-09 1.1628E-09 1.1263E-09 1.0930E-09
8.0662E-09 7.4377E-09 6.8713E-09 6.3651E-09 5.9370E-09 5.5589E-09 5.2324E-09 4.9487E-09 4.7003E-09 4.4675E-09 4.2660E-09 4.0774E-09 3.9097E-09 3.8100E-09 3.7249E-09 3.6484E-09 3.5755E-09 3.4989E-09 3.4244E-09 3.3476E-09 3.2627E-09 3.1622E-09 3.0609E-09 2.9889E-09 2.9136E-09 2.8535E-09 2.8061E-09 2.7473E-09 2.7096E-09 2.6588E-09 2.6136E-09 2.5534E-09 2.4989E-09 2.4292E-09 2.3652E-09 2.2847E-09 2.2103E-09 2.1282E-09 2.0332E-09 1.9466E-09 1.8583E-09 1.7626E-09 1.6824E-09 1.6099E-09 1.5275E-09 1.4732E-09 1.4087E-09 1.3693E-09 1.3173E-09 1.2859E-09 1.2482E-09 1.2175E-09 1.1825E-09 1.1499E-09 1.1198E-09 1.0826E-09 1.0523E-09
