Assets/Resources/2015_m01_d11_1100(utc+0800)_l00_csi_1hr_conc.grd
DSAA
         159         159
     -79.000      79.000
     -79.000      79.000
  0.0000E+00  0.1337E-05
[rows 50 to 74 of 159, columns 57 to 113 of 159]
1.8138E-08 1.6180E-08 1.3999E-08 1.1766E-08 9.6006E-09 7.6434E-09 6.0084E-09 4.7293E-09 3.8282E-09 3.2672E-09 2.9684E-09 2.8626E-09 2.8809E-09 2.9730E-09 3.0994E-09 3.2259E-09 3.3499E-09 3.4707E-09 3.5879E-09 3.7011E-09 3.8098E-09 3.9138E-09 4.0125E-09 4.1059E-09 4.1936E-09 4.2753E-09 4.3508E-09 4.4201E-09 4.4832E-09 4.5397E-09 4.5900E-09 4.6334E-09 4.6704E-09 4.7007E-09 4.7246E-09 4.7419E-09 4.7529E-09 4.7578E-09 4.7564E-09 4.7494E-09 4.7364E-09 4.7176E-09 4.6935E-09 4.6637E-09 4.6289E-09 4.5887E-09 4.5436E-09 4.4939E-09 4.4395E-09 4.3806E-09 4.3176E-09 4.2504E-09 4.1793E-09 4.1045E-09 4.0258E-09 3.9440E-09 3.8587E-09
1.9087E-08 1.7196E-08 1.5019E-08 1.2696E-08 1.0409E-08 8.2803E-09 6.4349E-09 4.9772E-09 3.9129E-09 3.2297E-09 2.8545E-09 2.6990E-09 2.6879E-09 2.7655E-09 2.8882E-09 3.0111E-09 3.1319E-09 3.2503E-09 3.3654E-09 3.4775E-09 3.5854E-09 3.6893E-09 3.7885E-09 3.8830E-09 3.9724E-09 4.0563E-09 4.1346E-09 4.2073E-09 4.2741E-09 4.3349E-09 4.3894E-09 4.4377E-09 4.4798E-09 4.5156E-09 4.5451E-09 4.5682E-09 4.5855E-09 4.5964E-09 4.6017E-09 4.6008E-09 4.5943E-09 4.5820E-09 4.5640E-09 4.5409E-09 4.5122E-09 4.4782E-09 4.4394E-09 4.3956E-09 4.3471E-09 4.2940E-09 4.2365E-09 4.1748E-09 4.1089E-09 4.0388E-09 3.9653E-09 3.8879E-09 3.8069E-09
2.0110E-08 1.8312E-08 1.6155E-08 1.3795E-08 1.1365E-08 9.0537E-09 7.0028E-09 5.3196E-09 4.0711E-09 3.2425E-09 2.7726E-09 2.5621E-09 2.5123E-09 2.5690E-09 2.6869E-09 2.8058E-09 2.9230E-09 3.0385E-09 3.1513E-09 3.2614E-09 3.3681E-09 3.4713E-09 3.5706E-09 3.6654E-09 3.7558E-09 3.8413E-09 3.9220E-09 3.9973E-09 4.0671E-09 4.1312E-09 4.1895E-09 4.2420E-09 4.2886E-09 4.3292E-09 4.3636E-09 4.3924E-09 4.4149E-09 4.4318E-09 4.4427E-09 4.4478E-09 4.4472E-09 4.4408E-09 4.4292E-09 4.4118E-09 4.3891E-09 4.3612E-09 4.3281E-09 4.2903E-09 4.2474E-09 4.1999E-09 4.1480E-09 4.0914E-09 4.0306E-09 3.9657E-09 3.8968E-09 3.8239E-09 3.7474E-09
2.1167E-08 1.9494E-08 1.7416E-08 1.5016E-08 1.2484E-08 9.9936E-09 7.7062E-09 5.7867E-09 4.3217E-09 3.3177E-09 2.7208E-09 2.4380E-09 2.3579E-09 2.3878E-09 2.4956E-09 2.6102E-09 2.7237E-09 2.8357E-09 2.9457E-09 3.0534E-09 3.1586E-09 3.2605E-09 3.3592E-09 3.4540E-09 3.5450E-09 3.6316E-09 3.7137E-09 3.7908E-09 3.8629E-09 3.9297E-09 3.9913E-09 4.0472E-09 4.0977E-09 4.1423E-09 4.1815E-09 4.2148E-09 4.2425E-09 4.2644E-09 4.2806E-09 4.2912E-09 4.2960E-09 4.2955E-09 4.2892E-09 4.2775E-09 4.2605E-09 4.2382E-09 4.2110E-09 4.1784E-09 4.1412E-09 4.0991E-09 4.0523E-09 4.0010E-09 3.9451E-09 3.8851E-09 3.8208E-09 3.7525E-09 3.6804E-09
2.2216E-08 2.0726E-08 1.8744E-08 1.6367E-08 1.3758E-08 1.1095E-08 8.5827E-09 6.3982E-09 4.6764E-09 3.4611E-09 2.7234E-09 2.3430E-09 2.2122E-09 2.2220E-09 2.3144E-09 2.4244E-09 2.5339E-09 2.6421E-09 2.7491E-09 2.8542E-09 2.9573E-09 3.0577E-09 3.1553E-09 3.2497E-09 3.3405E-09 3.4275E-09 3.5102E-09 3.5886E-09 3.6623E-09 3.7314E-09 3.7953E-09 3.8543E-09 3.9079E-09 3.9564E-09 3.9993E-09 4.0369E-09 4.0689E-09 4.0954E-09 4.1164E-09 4.1317E-09 4.1419E-09 4.1463E-09 4.1453E-09 4.1388E-09 4.1271E-09 4.1103E-09 4.0881E-09 4.0611E-09 4.0289E-09 3.9920E-09 3.9503E-09 3.9038E-09 3.8530E-09 3.7977E-09 3.7379E-09 3.6742E-09 3.6063E-09
2.3255E-08 2.1984E-08 2.0151E-08 1.7853E-08 1.5194E-08 1.2389E-08 9.6485E-09 7.1753E-09 5.1710E-09 3.7050E-09 2.7743E-09 2.2802E-09 2.0836E-09 2.0672E-09 2.1431E-09 2.2485E-09 2.3538E-09 2.4583E-09 2.5621E-09 2.6643E-09 2.7648E-09 2.8633E-09 2.9592E-09 3.0525E-09 3.1425E-09 3.2292E-09 3.3121E-09 3.3913E-09 3.4662E-09 3.5367E-09 3.6026E-09 3.6639E-09 3.7203E-09 3.7718E-09 3.8181E-09 3.8592E-09 3.8950E-09 3.9255E-09 3.9507E-09 3.9707E-09 3.9852E-09 3.9943E-09 3.9980E-09 3.9965E-09 3.9899E-09 3.9777E-09 3.9608E-09 3.9385E-09 3.9115E-09 3.8794E-09 3.8424E-09 3.8009E-09 3.7547E-09 3.7039E-09 3.6487E-09 3.5892E-09 3.5256E-09
2.4209E-08 2.3238E-08 2.1626E-08 1.9450E-08 1.6809E-08 1.3907E-08 1.0939E-08 8.1786E-09 5.8317E-09 4.0655E-09 2.8998E-09 2.2542E-09 1.9821E-09 1.9241E-09 1.9825E-09 2.0833E-09 2.1841E-09 2.2846E-09 2.3846E-09 2.4835E-09 2.5811E-09 2.6771E-09 2.7710E-09 2.8627E-09 2.9515E-09 3.0375E-09 3.1203E-09 3.1995E-09 3.2750E-09 3.3465E-09 3.4139E-09 3.4769E-09 3.5356E-09 3.5893E-09 3.6385E-09 3.6824E-09 3.7216E-09 3.7556E-09 3.7847E-09 3.8084E-09 3.8270E-09 3.8403E-09 3.8484E-09 3.8514E-09 3.8491E-09 3.8419E-09 3.8292E-09 3.8119E-09 3.7893E-09 3.7618E-09 3.7296E-09 3.6925E-09 3.6508E-09 3.6044E-09 3.5535E-09 3.4983E-09 3.4388E-09
2.5039E-08 2.4461E-08 2.3152E-08 2.1166E-08 1.8628E-08 1.5645E-08 1.2510E-08 9.4408E-09 6.7240E-09 4.5945E-09 3.1335E-09 2.2861E-09 1.9010E-09 1.7997E-09 1.8319E-09 1.9278E-09 2.0240E-09 2.1202E-09 2.2163E-09 2.3117E-09 2.4062E-09 2.4994E-09 2.5909E-09 2.6805E-09 2.7680E-09 2.8528E-09 2.9348E-09 3.0137E-09 3.0893E-09 3.1614E-09 3.2297E-09 3.2941E-09 3.3540E-09 3.4099E-09 3.4609E-09 3.5075E-09 3.5493E-09 3.5866E-09 3.6186E-09 3.6458E-09 3.6679E-09 3.6850E-09 3.6972E-09 3.7040E-09 3.7060E-09 3.7027E-09 3.6947E-09 3.6814E-09 3.6632E-09 3.6401E-09 3.6121E-09 3.5795E-09 3.5419E-09 3.4998E-09 3.4531E-09 3.4019E-09 3.3465E-09
2.5674E-08 2.5581E-08 2.4647E-08 2.2990E-08 2.0612E-08 1.7677E-08 1.4388E-08 1.1024E-08 7.9249E-09 5.3373E-09 3.5097E-09 2.3991E-09 1.8626E-09 1.6847E-09 1.6930E-09 1.7815E-09 1.8731E-09 1.9652E-09 2.0572E-09 2.1488E-09 2.2399E-09 2.3301E-09 2.4190E-09 2.5064E-09 2.5919E-09 2.6752E-09 2.7561E-09 2.8344E-09 2.9098E-09 2.9819E-09 3.0505E-09 3.1155E-09 3.1766E-09 3.2335E-09 3.2864E-09 3.3350E-09 3.3792E-09 3.4186E-09 3.4534E-09 3.4836E-09 3.5088E-09 3.5293E-09 3.5446E-09 3.5554E-09 3.5608E-09 3.5616E-09 3.5572E-09 3.5480E-09 3.5338E-09 3.5148E-09 3.4909E-09 3.4621E-09 3.4287E-09 3.3906E-09 3.3477E-09 3.3007E-09 3.2492E-09
2.5921E-08 2.6472E-08 2.6090E-08 2.4801E-08 2.2744E-08 1.9960E-08 1.6630E-08 1.3017E-08 9.4642E-09 6.4116E-09 4.0858E-09 2.6111E-09 1.8736E-09 1.5983E-09 1.5657E-09 1.6443E-09 1.7314E-09 1.8191E-09 1.9069E-09 1.9947E-09 2.0824E-09 2.1694E-09 2.2554E-09 2.3402E-09 2.4235E-09 2.5051E-09 2.5848E-09 2.6619E-09 2.7364E-09 2.8080E-09 2.8766E-09 2.9417E-09 3.0033E-09 3.0612E-09 3.1154E-09 3.1654E-09 3.2112E-09 3.2526E-09 3.2899E-09 3.3223E-09 3.3504E-09 3.3734E-09 3.3921E-09 3.4057E-09 3.4148E-09 3.4187E-09 3.4179E-09 3.4123E-09 3.4018E-09 3.3865E-09 3.3662E-09 3.3414E-09 3.3117E-09 3.2773E-09 3.2384E-09 3.1950E-09 3.1474E-09
2.5692E-08 2.6979E-08 2.7253E-08 2.6570E-08 2.4920E-08 2.2433E-08 1.9199E-08 1.5422E-08 1.1499E-08 7.8409E-09 4.9575E-09 3.0106E-09 1.9436E-09 1.5348E-09 1.4546E-09 1.5158E-09 1.5984E-09 1.6816E-09 1.7654E-09 1.8495E-09 1.9335E-09 2.0171E-09 2.1002E-09 2.1823E-09 2.2634E-09 2.3429E-09 2.4205E-09 2.4962E-09 2.5695E-09 2.6403E-09 2.7082E-09 2.7733E-09 2.8350E-09 2.8936E-09 2.9481E-09 2.9992E-09 3.0462E-09 3.0894E-09 3.1282E-09 3.1628E-09 3.1928E-09 3.2185E-09 3.2396E-09 3.2561E-09 3.2679E-09 3.2749E-09 3.2773E-09 3.2749E-09 3.2678E-09 3.2557E-09 3.2391E-09 3.2177E-09 3.1915E-09 3.1608E-09 3.1254E-09 3.0858E-09 3.0417E-09
2.4767E-08 2.6892E-08 2.8008E-08 2.8021E-08 2.7023E-08 2.4989E-08 2.2028E-08 1.8278E-08 1.4053E-08 9.8371E-09 6.2256E-09 3.6435E-09 2.1640E-09 1.5154E-09 1.3582E-09 1.3960E-09 1.4741E-09 1.5531E-09 1.6329E-09 1.7130E-09 1.7933E-09 1.8736E-09 1.9535E-09 2.0326E-09 2.1109E-09 2.1879E-09 2.2634E-09 2.3373E-09 2.4091E-09 2.4788E-09 2.5459E-09 2.6104E-09 2.6718E-09 2.7302E-09 2.7852E-09 2.8369E-09 2.8848E-09 2.9289E-09 2.9690E-09 3.0052E-09 3.0370E-09 3.0648E-09 3.0879E-09 3.1068E-09 3.1210E-09 3.1309E-09 3.1359E-09 3.1365E-09 3.1322E-09 3.1235E-09 3.1099E-09 3.0916E-09 3.0689E-09 3.0414E-09 3.0096E-09 2.9733E-09 2.9328E-09
2.3035E-08 2.6063E-08 2.8098E-08 2.9010E-08 2.8767E-08 2.7423E-08 2.4988E-08 2.1494E-08 1.7183E-08 1.2476E-08 8.1004E-09 4.6926E-09 2.5820E-09 1.5946E-09 1.2795E-09 1.2876E-09 1.3584E-09 1.4333E-09 1.5087E-09 1.5849E-09 1.6615E-09 1.7381E-09 1.8145E-09 1.8906E-09 1.9660E-09 2.0405E-09 2.1137E-09 2.1856E-09 2.2556E-09 2.3238E-09 2.3896E-09 2.4531E-09 2.5140E-09 2.5719E-09 2.6271E-09 2.6787E-09 2.7271E-09 2.7717E-09 2.8130E-09 2.8501E-09 2.8836E-09 2.9125E-09 2.9378E-09 2.9583E-09 2.9750E-09 2.9868E-09 2.9946E-09 2.9974E-09 2.9960E-09 2.9900E-09 2.9792E-09 2.9641E-09 2.9442E-09 2.9201E-09 2.8913E-09 2.8583E-09 2.8212E-09
2.0494E-08 2.4283E-08 2.7355E-08 2.9249E-08 2.9964E-08 2.9448E-08 2.7758E-08 2.4863E-08 2.0783E-08 1.5872E-08 1.0795E-08 6.4362E-09 3.4102E-09 1.8381E-09 1.2694E-09 1.1840E-09 1.2504E-09 1.3209E-09 1.3923E-09 1.4647E-09 1.5374E-09 1.6104E-09 1.6835E-09 1.7565E-09 1.8289E-09 1.9006E-09 1.9713E-09 2.0408E-09 2.1089E-09 2.1751E-09 2.2396E-09 2.3018E-09 2.3618E-09 2.4191E-09 2.4736E-09 2.5250E-09 2.5735E-09 2.6186E-09 2.6602E-09 2.6983E-09 2.7324E-09 2.7629E-09 2.7892E-09 2.8117E-09 2.8298E-09 2.8438E-09 2.8534E-09 2.8586E-09 2.8596E-09 2.8558E-09 2.8479E-09 2.8352E-09 2.8184E-09 2.7970E-09 2.7714E-09 2.7415E-09 2.7073E-09
1.7189E-08 2.1601E-08 2.5546E-08 2.8560E-08 3.0346E-08 3.0803E-08 3.0060E-08 2.7984E-08 2.4599E-08 1.9896E-08 1.4471E-08 9.0919E-09 4.9341E-09 2.4170E-09 1.3623E-09 1.0977E-09 1.1500E-09 1.2164E-09 1.2839E-09 1.3523E-09 1.4213E-09 1.4907E-09 1.5604E-09 1.6299E-09 1.6991E-09 1.7680E-09 1.8360E-09 1.9030E-09 1.9689E-09 2.0331E-09 2.0959E-09 2.1566E-09 2.2152E-09 2.2715E-09 2.3251E-09 2.3763E-09 2.4243E-09 2.4695E-09 2.5110E-09 2.5497E-09 2.5843E-09 2.6158E-09 2.6430E-09 2.6668E-09 2.6862E-09 2.7020E-09 2.7132E-09 2.7206E-09 2.7232E-09 2.7220E-09 2.7161E-09 2.7062E-09 2.6917E-09 2.6731E-09 2.6502E-09 2.6231E-09 2.5921E-09
1.3451E-08 1.8034E-08 2.2680E-08 2.6752E-08 2.9717E-08 3.1331E-08 3.1578E-08 3.0529E-08 2.8099E-08 2.4235E-08 1.8902E-08 1.2956E-08 7.4713E-09 3.6305E-09 1.7126E-09 1.1012E-09 1.0567E-09 1.1191E-09 1.1827E-09 1.2471E-09 1.3124E-09 1.3782E-09 1.4443E-09 1.5105E-09 1.5767E-09 1.6425E-09 1.7077E-09 1.7721E-09 1.8356E-09 1.8977E-09 1.9584E-09 2.0173E-09 2.0744E-09 2.1295E-09 2.1821E-09 2.2324E-09 2.2798E-09 2.3245E-09 2.3662E-09 2.4047E-09 2.4400E-09 2.4715E-09 2.4999E-09 2.5242E-09 2.5451E-09 2.5617E-09 2.5747E-09 2.5833E-09 2.5881E-09 2.5885E-09 2.5848E-09 2.5770E-09 2.5649E-09 2.5488E-09 2.5283E-09 2.5041E-09 2.4756E-09
9.6401E-09 1.3960E-08 1.8873E-08 2.3759E-08 2.7931E-08 3.0819E-08 3.2233E-08 3.2226E-08 3.0946E-08 2.8072E-08 2.3773E-08 1.7872E-08 1.1407E-08 5.9481E-09 2.6071E-09 1.2466E-09 9.7022E-10 1.0288E-09 1.0885E-09 1.1493E-09 1.2109E-09 1.2730E-09 1.3356E-09 1.3985E-09 1.4613E-09 1.5239E-09 1.5863E-09 1.6480E-09 1.7088E-09 1.7686E-09 1.8271E-09 1.8843E-09 1.9396E-09 1.9931E-09 2.0444E-09 2.0935E-09 2.1402E-09 2.1842E-09 2.2256E-09 2.2636E-09 2.2990E-09 2.3308E-09 2.3595E-09 2.3845E-09 2.4061E-09 2.4237E-09 2.4378E-09 2.4478E-09 2.4541E-09 2.4561E-09 2.4544E-09 2.4484E-09 2.4386E-09 2.4244E-09 2.4067E-09 2.3846E-09 2.3589E-09
6.2008E-09 9.8098E-09 1.4450E-08 1.9703E-08 2.4872E-08 2.9162E-08 3.1946E-08 3.3151E-08 3.2826E-08 3.1304E-08 2.8130E-08 2.3302E-08 1.6812E-08 9.8809E-09 4.5163E-09 1.7835E-09 9.8062E-10 9.4475E-10 1.0007E-09 1.0578E-09 1.1157E-09 1.1743E-09 1.2335E-09 1.2930E-09 1.3526E-09 1.4122E-09 1.4716E-09 1.5304E-09 1.5886E-09 1.6460E-09 1.7022E-09 1.7571E-09 1.8105E-09 1.8622E-09 1.9122E-09 1.9600E-09 2.0056E-09 2.0486E-09 2.0892E-09 2.1270E-09 2.1619E-09 2.1939E-09 2.2225E-09 2.2481E-09 2.2699E-09 2.2886E-09 2.3032E-09 2.3146E-09 2.3218E-09 2.3256E-09 2.3251E-09 2.3211E-09 2.3129E-09 2.3011E-09 2.2851E-09 2.2656E-09 2.2422E-09
3.5278E-09 6.1546E-09 9.9873E-09 1.4918E-08 2.0551E-08 2.6062E-08 3.0576E-08 3.3375E-08 3.4322E-08 3.3719E-08 3.1813E-08 2.8374E-08 2.3032E-08 1.5677E-08 8.3119E-09 3.2431E-09 1.2007E-09 8.6710E-10 9.1935E-10 9.7279E-10 1.0272E-09 1.0823E-09 1.1380E-09 1.1942E-09 1.2506E-09 1.3070E-09 1.3633E-09 1.4193E-09 1.4747E-09 1.5295E-09 1.5833E-09 1.6360E-09 1.6874E-09 1.7373E-09 1.7855E-09 1.8317E-09 1.8760E-09 1.9181E-09 1.9576E-09 1.9949E-09 2.0291E-09 2.0609E-09 2.0893E-09 2.1149E-09 2.1371E-09 2.1561E-09 2.1716E-09 2.1836E-09 2.1920E-09 2.1967E-09 2.1978E-09 2.1952E-09 2.1888E-09 2.1786E-09 2.1647E-09 2.1473E-09 2.1260E-09
1.7821E-09 3.4146E-09 6.1266E-09 1.0098E-08 1.5353E-08 2.1432E-08 2.7547E-08 3.2534E-08 3.5428E-08 3.6163E-08 3.5091E-08 3.2842E-08 2.8929E-08 2.2958E-08 1.4576E-08 6.5581E-09 2.1332E-09 8.6136E-10 8.4345E-10 8.9348E-10 9.4445E-10 9.9612E-10 1.0485E-09 1.1013E-09 1.1546E-09 1.2079E-09 1.2612E-09 1.3143E-09 1.3670E-09 1.4192E-09 1.4705E-09 1.5208E-09 1.5700E-09 1.6178E-09 1.6642E-09 1.7089E-09 1.7517E-09 1.7924E-09 1.8309E-09 1.8672E-09 1.9008E-09 1.9319E-09 1.9602E-09 1.9854E-09 2.0080E-09 2.0269E-09 2.0431E-09 2.0554E-09 2.0648E-09 2.0703E-09 2.0728E-09 2.0712E-09 2.0664E-09 2.0577E-09 2.0458E-09 2.0301E-09 2.0111E-09
7.9490E-10 1.6673E-09 3.2457E-09 5.9426E-09 9.9700E-09 1.5462E-08 2.2304E-08 2.9318E-08 3.5422E-08 3.8856E-08 3.9192E-08 3.7423E-08 3.4532E-08 3.0119E-08 2.3041E-08 1.3267E-08 4.7970E-09 1.2545E-09 7.7311E-10 8.1983E-10 8.6747E-10 9.1596E-10 9.6504E-10 1.0147E-09 1.0647E-09 1.1149E-09 1.1652E-09 1.2154E-09 1.2653E-09 1.3147E-09 1.3635E-09 1.4114E-09 1.4584E-09 1.5042E-09 1.5485E-09 1.5914E-09 1.6325E-09 1.6718E-09 1.7092E-09 1.7443E-09 1.7772E-09 1.8073E-09 1.8352E-09 1.8601E-09 1.8825E-09 1.9016E-09 1.9177E-09 1.9308E-09 1.9405E-09 1.9471E-09 1.9501E-09 1.9499E-09 1.9461E-09 1.9392E-09 1.9285E-09 1.9147E-09 1.8975E-09
3.3585E-10 7.0853E-10 1.4567E-09 2.8970E-09 5.3252E-09 9.3022E-09 1.4995E-08 2.2548E-08 3.1326E-08 3.9239E-08 4.4309E-08 4.4569E-08 4.1474E-08 3.7335E-08 3.2115E-08 2.3549E-08 1.1493E-08 3.0172E-09 7.4661E-10 7.5142E-10 7.9580E-10 8.4101E-10 8.8696E-10 9.3352E-10 9.8045E-10 1.0277E-09 1.0750E-09 1.1224E-09 1.1695E-09 1.2162E-09 1.2624E-09 1.3078E-09 1.3524E-09 1.3960E-09 1.4383E-09 1.4793E-09 1.5188E-09 1.5565E-09 1.5924E-09 1.6262E-09 1.6581E-09 1.6875E-09 1.7146E-09 1.7391E-09 1.7609E-09 1.7801E-09 1.7962E-09 1.8096E-09 1.8195E-09 1.8267E-09 1.8305E-09 1.8313E-09 1.8286E-09 1.8228E-09 1.8137E-09 1.8015E-09 1.7860E-09
1.5921E-10 2.8933E-10 5.8363E-10 1.1542E-09 2.2489E-09 4.2592E-09 7.7025E-09 1.3337E-08 2.1612E-08 3.2464E-08 4.4128E-08 5.2576E-08 5.4074E-08 4.8900E-08 4.2054E-08 3.5191E-08 2.4344E-08 9.1606E-09 1.5352E-09 6.8781E-10 7.2915E-10 7.7132E-10 8.1421E-10 8.5768E-10 9.0165E-10 9.4587E-10 9.9030E-10 1.0348E-09 1.0791E-09 1.1232E-09 1.1668E-09 1.2098E-09 1.2520E-09 1.2934E-09 1.3336E-09 1.3726E-09 1.4102E-09 1.4463E-09 1.4807E-09 1.5133E-09 1.5439E-09 1.5723E-09 1.5985E-09 1.6225E-09 1.6438E-09 1.6627E-09 1.6786E-09 1.6919E-09 1.7023E-09 1.7098E-09 1.7143E-09 1.7156E-09 1.7140E-09 1.7093E-09 1.7016E-09 1.6906E-09 1.6768E-09
1.0489E-10 1.3700E-10 2.2320E-10 3.8998E-10 7.5689E-10 1.4475E-09 2.7908E-09 5.4085E-09 1.0140E-08 1.8472E-08 3.1312E-08 4.8383E-08 6.4374E-08 7.0594E-08 6.2831E-08 5.0402E-08 4.0094E-08 2.4945E-08 5.8695E-09 6.3373E-10 6.6746E-10 7.0666E-10 7.4656E-10 7.8711E-10 8.2813E-10 8.6953E-10 9.1112E-10 9.5274E-10 9.9431E-10 1.0356E-09 1.0767E-09 1.1172E-09 1.1570E-09 1.1961E-09 1.2342E-09 1.2711E-09 1.3070E-09 1.3413E-09 1.3741E-09 1.4052E-09 1.4345E-09 1.4619E-09 1.4872E-09 1.5104E-09 1.5311E-09 1.5494E-09 1.5652E-09 1.5784E-09 1.5890E-09 1.5966E-09 1.6015E-09 1.6035E-09 1.6027E-09 1.5990E-09 1.5923E-09 1.5827E-09 1.5703E-09
9.2350E-11 1.0735E-10 1.2249E-10 1.4472E-10 1.7937E-10 3.9703E-10 7.3281E-10 1.4166E-09 2.9514E-09 6.1554E-09 1.2737E-08 2.5791E-08 4.7711E-08 7.7115E-08 9.9259E-08 9.1929E-08 6.5848E-08 4.6941E-08 2.4744E-08 2.7132E-09 6.1020E-10 6.4655E-10 6.8360E-10 7.2125E-10 7.5940E-10 7.9794E-10 8.3673E-10 8.7573E-10 9.1464E-10 9.5340E-10 9.9188E-10 1.0299E-09 1.0674E-09 1.1042E-09 1.1401E-09 1.1751E-09 1.2089E-09 1.2415E-09 1.2726E-09 1.3023E-09 1.3303E-09 1.3565E-09 1.3807E-09 1.4029E-09 1.4229E-09 1.4407E-09 1.4562E-09 1.4691E-09 1.4796E-09 1.4874E-09 1.4927E-09 1.4952E-09 1.4949E-09 1.4920E-09 1.4863E-09 1.4780E-09 1.4668E-09
