Assets/Resources/2015_m01_d10_0200(utc+0800)_l00_csi_1hr_conc.grd
DSAA
         159         159
     -79.000      79.000
     -79.000      79.000
  0.1938E-08  0.1069E-04
[rows 125 to 149 of 159, columns 57 to 113 of 159]
9.5322E-09 9.5736E-09 9.6111E-09 9.6446E-09 9.6740E-09 9.6995E-09 9.7208E-09 9.7381E-09 9.7514E-09 9.7606E-09 9.7658E-09 9.7670E-09 9.7643E-09 9.7576E-09 9.7470E-09 9.7325E-09 9.7143E-09 9.6872E-09 9.6617E-09 9.6327E-09 9.6003E-09 9.5644E-09 9.5251E-09 9.4827E-09 9.4371E-09 9.3884E-09 9.3368E-09 9.2824E-09 9.2252E-09 9.1654E-09 9.0983E-09 9.0337E-09 8.9669E-09 8.8978E-09 8.8267E-09 8.7535E-09 8.6785E-09 8.5971E-09 8.5189E-09 8.4391E-09 8.3579E-09 8.2754E-09 8.1871E-09 8.1024E-09 8.0167E-09 7.9299E-09 7.8424E-09 7.7499E-09 7.6611E-09 7.5717E-09 7.4818E-09 7.3875E-09 7.2971E-09 7.2064E-09 7.1115E-09 7.0206E-09 6.9297E-09
9.3405E-09 9.3814E-09 9.4184E-09 9.4516E-09 9.4809E-09 9.5064E-09 9.5279E-09 9.5454E-09 9.5591E-09 9.5688E-09 9.5747E-09 9.5766E-09 9.5695E-09 9.5639E-09 9.5546E-09 9.5415E-09 9.5248E-09 9.5044E-09 9.4805E-09 9.4531E-09 9.4224E-09 9.3883E-09 9.3509E-09 9.3104E-09 9.2669E-09 9.2203E-09 9.1709E-09 9.1138E-09 9.0591E-09 9.0019E-09 8.9421E-09 8.8800E-09 8.8155E-09 8.7490E-09 8.6803E-09 8.6050E-09 8.5328E-09 8.4588E-09 8.3831E-09 8.3059E-09 8.2272E-09 8.1429E-09 8.0619E-09 7.9797E-09 7.8965E-09 7.8080E-09 7.7232E-09 7.6375E-09 7.5512E-09 7.4601E-09 7.3728E-09 7.2851E-09 7.1970E-09 7.1046E-09 7.0162E-09 6.9276E-09 6.8295E-09
9.1469E-09 9.1872E-09 9.2239E-09 9.2568E-09 9.2860E-09 9.3114E-09 9.3331E-09 9.3509E-09 9.3650E-09 9.3753E-09 9.3818E-09 9.3846E-09 9.3836E-09 9.3790E-09 9.3707E-09 9.3588E-09 9.3433E-09 9.3243E-09 9.3019E-09 9.2761E-09 9.2469E-09 9.2146E-09 9.1791E-09 9.1405E-09 9.0940E-09 9.0496E-09 9.0025E-09 8.9526E-09 8.9001E-09 8.8451E-09 8.7876E-09 8.7278E-09 8.6657E-09 8.5969E-09 8.5308E-09 8.4629E-09 8.3931E-09 8.3215E-09 8.2483E-09 8.1692E-09 8.0933E-09 8.0160E-09 7.9374E-09 7.8577E-09 7.7728E-09 7.6913E-09 7.6088E-09 7.5256E-09 7.4376E-09 7.3532E-09 7.2683E-09 7.1829E-09 7.0932E-09 7.0073E-09 6.9210E-09 6.8253E-09 6.7394E-09
8.9625E-09 9.0023E-09 9.0385E-09 9.0711E-09 9.1002E-09 9.1255E-09 9.1472E-09 9.1653E-09 9.1797E-09 9.1904E-09 9.1975E-09 9.2009E-09 9.2007E-09 9.1969E-09 9.1896E-09 9.1788E-09 9.1646E-09 9.1469E-09 9.1259E-09 9.1016E-09 9.0740E-09 9.0385E-09 9.0048E-09 8.9682E-09 8.9287E-09 8.8863E-09 8.8411E-09 8.7933E-09 8.7429E-09 8.6900E-09 8.6347E-09 8.5726E-09 8.5130E-09 8.4513E-09 8.3876E-09 8.3220E-09 8.2546E-09 8.1810E-09 8.1104E-09 8.0383E-09 7.9648E-09 7.8899E-09 7.8095E-09 7.7324E-09 7.6543E-09 7.5751E-09 7.4909E-09 7.4102E-09 7.3288E-09 7.2467E-09 7.1601E-09 7.0771E-09 6.9938E-09 6.9002E-09 6.8168E-09 6.7331E-09 6.6222E-09
8.7814E-09 8.8207E-09 8.8564E-09 8.8888E-09 8.9176E-09 8.9428E-09 8.9646E-09 8.9828E-09 8.9975E-09 9.0086E-09 9.0162E-09 9.0202E-09 9.0208E-09 9.0178E-09 9.0115E-09 9.0017E-09 8.9836E-09 8.9673E-09 8.9478E-09 8.9250E-09 8.8991E-09 8.8701E-09 8.8382E-09 8.8033E-09 8.7655E-09 8.7250E-09 8.6818E-09 8.6359E-09 8.5829E-09 8.5323E-09 8.4793E-09 8.4241E-09 8.3667E-09 8.3072E-09 8.2458E-09 8.1781E-09 8.1131E-09 8.0465E-09 7.9782E-09 7.9085E-09 7.8330E-09 7.7606E-09 7.6870E-09 7.6123E-09 7.5364E-09 7.4555E-09 7.3780E-09 7.2996E-09 7.2204E-09 7.1367E-09 7.0565E-09 6.9758E-09 6.8849E-09 6.8039E-09 6.7226E-09 6.6142E-09 6.5256E-09
8.6036E-09 8.6423E-09 8.6776E-09 8.7096E-09 8.7382E-09 8.7634E-09 8.7851E-09 8.8035E-09 8.8184E-09 8.8299E-09 8.8329E-09 8.8377E-09 8.8390E-09 8.8369E-09 8.8316E-09 8.8229E-09 8.8110E-09 8.7958E-09 8.7775E-09 8.7561E-09 8.7316E-09 8.7042E-09 8.6738E-09 8.6406E-09 8.6045E-09 8.5611E-09 8.5199E-09 8.4762E-09 8.4299E-09 8.3813E-09 8.3304E-09 8.2772E-09 8.2220E-09 8.1603E-09 8.1012E-09 8.0403E-09 7.9776E-09 7.9132E-09 7.8428E-09 7.7755E-09 7.7068E-09 7.6367E-09 7.5654E-09 7.4887E-09 7.4154E-09 7.3410E-09 7.2657E-09 7.1895E-09 7.1087E-09 7.0313E-09 6.9533E-09 6.8653E-09 6.7868E-09 6.6985E-09 6.5931E-09 6.5158E-09 6.4382E-09
8.4243E-09 8.4624E-09 8.4973E-09 8.5290E-09 8.5573E-09 8.5824E-09 8.6042E-09 8.6227E-09 8.6379E-09 8.6497E-09 8.6583E-09 8.6635E-09 8.6655E-09 8.6641E-09 8.6596E-09 8.6519E-09 8.6410E-09 8.6269E-09 8.6098E-09 8.5897E-09 8.5666E-09 8.5406E-09 8.5071E-09 8.4756E-09 8.4414E-09 8.4045E-09 8.3651E-09 8.3232E-09 8.2788E-09 8.2321E-09 8.1787E-09 8.1278E-09 8.0747E-09 8.0197E-09 7.9627E-09 7.9039E-09 7.8390E-09 7.7769E-09 7.7133E-09 7.6482E-09 7.5816E-09 7.5137E-09 7.4406E-09 7.3705E-09 7.2993E-09 7.2271E-09 7.1501E-09 7.0763E-09 7.0017E-09 6.9167E-09 6.8413E-09 6.7654E-09 6.6798E-09 6.5771E-09 6.5021E-09 6.4266E-09 6.3423E-09
8.2535E-09 8.2910E-09 8.3255E-09 8.3567E-09 8.3849E-09 8.4098E-09 8.4316E-09 8.4501E-09 8.4655E-09 8.4776E-09 8.4865E-09 8.4923E-09 8.4948E-09 8.4942E-09 8.4904E-09 8.4836E-09 8.4737E-09 8.4607E-09 8.4401E-09 8.4213E-09 8.3997E-09 8.3752E-09 8.3479E-09 8.3179E-09 8.2853E-09 8.2500E-09 8.2123E-09 8.1676E-09 8.1253E-09 8.0806E-09 8.0337E-09 7.9847E-09 7.9336E-09 7.8805E-09 7.8213E-09 7.7647E-09 7.7064E-09 7.6465E-09 7.5849E-09 7.5219E-09 7.4535E-09 7.3879E-09 7.3211E-09 7.2532E-09 7.1801E-09 7.1102E-09 7.0394E-09 6.9677E-09 6.8857E-09 6.8131E-09 6.7398E-09 6.6386E-09 6.5571E-09 6.4844E-09 6.4022E-09 6.3291E-09 6.2556E-09
8.0858E-09 8.1228E-09 8.1567E-09 8.1876E-09 8.2155E-09 8.2403E-09 8.2620E-09 8.2806E-09 8.2961E-09 8.3085E-09 8.3178E-09 8.3239E-09 8.3224E-09 8.3225E-09 8.3195E-09 8.3136E-09 8.3047E-09 8.2928E-09 8.2781E-09 8.2605E-09 8.2400E-09 8.2168E-09 8.1910E-09 8.1624E-09 8.1268E-09 8.0933E-09 8.0574E-09 8.0190E-09 7.9784E-09 7.9355E-09 7.8904E-09 7.8433E-09 7.7899E-09 7.7389E-09 7.6861E-09 7.6315E-09 7.5752E-09 7.5172E-09 7.4537E-09 7.3930E-09 7.3308E-09 7.2673E-09 7.2026E-09 7.1328E-09 7.0660E-09 6.9982E-09 6.9295E-09 6.8506E-09 6.7807E-09 6.7007E-09 6.6121E-09 6.5332E-09 6.4628E-09 6.3831E-09 6.3121E-09 6.2407E-09 6.1689E-09
7.9167E-09 7.9530E-09 7.9865E-09 8.0170E-09 8.0446E-09 8.0693E-09 8.0909E-09 8.1096E-09 8.1253E-09 8.1379E-09 8.1476E-09 8.1543E-09 8.1579E-09 8.1586E-09 8.1564E-09 8.1512E-09 8.1432E-09 8.1323E-09 8.1185E-09 8.1020E-09 8.0828E-09 8.0564E-09 8.0320E-09 8.0050E-09 7.9755E-09 7.9435E-09 7.9091E-09 7.8724E-09 7.8334E-09 7.7879E-09 7.7448E-09 7.6996E-09 7.6524E-09 7.6033E-09 7.5524E-09 7.4997E-09 7.4413E-09 7.3855E-09 7.3282E-09 7.2694E-09 7.2092E-09 7.1438E-09 7.0813E-09 7.0176E-09 6.9528E-09 6.8775E-09 6.8113E-09 6.7442E-09 6.6672E-09 6.5726E-09 6.5053E-09 6.4373E-09 6.3601E-09 6.2914E-09 6.2222E-09 6.1524E-09 6.0823E-09
7.7556E-09 7.7914E-09 7.8244E-09 7.8546E-09 7.8819E-09 7.9063E-09 7.9279E-09 7.9466E-09 7.9623E-09 7.9752E-09 7.9851E-09 7.9921E-09 7.9963E-09 7.9976E-09 7.9960E-09 7.9915E-09 7.9798E-09 7.9699E-09 7.9573E-09 7.9419E-09 7.9239E-09 7.9033E-09 7.8801E-09 7.8544E-09 7.8263E-09 7.7957E-09 7.7585E-09 7.7235E-09 7.6863E-09 7.6469E-09 7.6054E-09 7.5619E-09 7.5165E-09 7.4651E-09 7.4161E-09 7.3655E-09 7.3131E-09 7.2592E-09 7.2038E-09 7.1430E-09 7.0849E-09 7.0256E-09 6.9650E-09 6.8936E-09 6.8313E-09 6.7680E-09 6.6943E-09 6.6115E-09 6.5383E-09 6.4736E-09 6.3992E-09 6.3334E-09 6.2670E-09 6.2000E-09 6.1324E-09 6.0644E-09 5.9959E-09
7.5976E-09 7.6328E-09 7.6653E-09 7.6950E-09 7.7221E-09 7.7463E-09 7.7678E-09 7.7864E-09 7.8022E-09 7.8107E-09 7.8210E-09 7.8284E-09 7.8331E-09 7.8349E-09 7.8340E-09 7.8304E-09 7.8240E-09 7.8149E-09 7.8032E-09 7.7888E-09 7.7719E-09 7.7524E-09 7.7304E-09 7.7017E-09 7.6751E-09 7.6460E-09 7.6147E-09 7.5812E-09 7.5455E-09 7.5077E-09 7.4678E-09 7.4219E-09 7.3784E-09 7.3330E-09 7.2858E-09 7.2369E-09 7.1864E-09 7.1303E-09 7.0770E-09 7.0221E-09 6.9659E-09 6.8987E-09 6.8405E-09 6.7811E-09 6.7207E-09 6.6501E-09 6.5617E-09 6.5003E-09 6.4381E-09 6.3664E-09 6.3030E-09 6.2389E-09 6.1742E-09 6.1088E-09 6.0429E-09 5.9765E-09 5.9097E-09
7.4383E-09 7.4729E-09 7.5049E-09 7.5343E-09 7.5610E-09 7.5850E-09 7.6064E-09 7.6250E-09 7.6409E-09 7.6541E-09 7.6646E-09 7.6723E-09 7.6774E-09 7.6797E-09 7.6794E-09 7.6764E-09 7.6707E-09 7.6624E-09 7.6516E-09 7.6339E-09 7.6181E-09 7.5998E-09 7.5791E-09 7.5560E-09 7.5306E-09 7.5028E-09 7.4729E-09 7.4408E-09 7.4024E-09 7.3663E-09 7.3282E-09 7.2881E-09 7.2462E-09 7.2024E-09 7.1569E-09 7.1059E-09 7.0573E-09 7.0071E-09 6.9555E-09 6.9025E-09 6.8387E-09 6.7835E-09 6.7271E-09 6.6604E-09 6.5842E-09 6.5173E-09 6.4586E-09 6.3900E-09 6.3299E-09 6.2690E-09 6.2073E-09 6.1448E-09 6.0817E-09 6.0180E-09 5.9537E-09 5.8889E-09 5.8238E-09
7.2866E-09 7.3206E-09 7.3521E-09 7.3810E-09 7.4074E-09 7.4312E-09 7.4524E-09 7.4710E-09 7.4870E-09 7.5003E-09 7.5109E-09 7.5190E-09 7.5244E-09 7.5272E-09 7.5230E-09 7.5207E-09 7.5158E-09 7.5084E-09 7.4985E-09 7.4861E-09 7.4712E-09 7.4539E-09 7.4343E-09 7.4124E-09 7.3882E-09 7.3576E-09 7.3291E-09 7.2985E-09 7.2658E-09 7.2311E-09 7.1945E-09 7.1560E-09 7.1156E-09 7.0696E-09 7.0259E-09 6.9806E-09 6.9337E-09 6.8852E-09 6.8259E-09 6.7751E-09 6.7229E-09 6.6601E-09 6.5876E-09 6.5243E-09 6.4693E-09 6.4132E-09 6.3475E-09 6.2899E-09 6.2314E-09 6.1721E-09 6.1120E-09 6.0511E-09 5.9896E-09 5.9275E-09 5.8649E-09 5.8017E-09 5.7381E-09
7.1377E-09 7.1711E-09 7.2021E-09 7.2263E-09 7.2524E-09 7.2760E-09 7.2970E-09 7.3156E-09 7.3316E-09 7.3450E-09 7.3559E-09 7.3642E-09 7.3700E-09 7.3733E-09 7.3740E-09 7.3723E-09 7.3680E-09 7.3613E-09 7.3521E-09 7.3406E-09 7.3266E-09 7.3104E-09 7.2877E-09 7.2670E-09 7.2440E-09 7.2189E-09 7.1917E-09 7.1624E-09 7.1311E-09 7.0978E-09 7.0586E-09 7.0217E-09 6.9830E-09 6.9426E-09 6.9005E-09 6.8470E-09 6.8021E-09 6.7557E-09 6.7079E-09 6.6493E-09 6.5993E-09 6.5213E-09 6.4701E-09 6.4178E-09 6.3556E-09 6.3015E-09 6.2464E-09 6.1904E-09 6.1335E-09 6.0757E-09 6.0172E-09 5.9579E-09 5.8980E-09 5.8375E-09 5.7764E-09 5.7149E-09 5.6529E-09
6.9877E-09 7.0205E-09 7.0510E-09 7.0792E-09 7.1049E-09 7.1282E-09 7.1491E-09 7.1675E-09 7.1835E-09 7.1970E-09 7.2081E-09 7.2166E-09 7.2227E-09 7.2264E-09 7.2275E-09 7.2263E-09 7.2226E-09 7.2125E-09 7.2041E-09 7.1935E-09 7.1805E-09 7.1652E-09 7.1478E-09 7.1281E-09 7.1062E-09 7.0823E-09 7.0563E-09 7.0243E-09 6.9944E-09 6.9626E-09 6.9289E-09 6.8934E-09 6.8562E-09 6.8075E-09 6.7673E-09 6.7255E-09 6.6822E-09 6.6280E-09 6.5822E-09 6.5172E-09 6.4610E-09 6.4125E-09 6.3540E-09 6.3036E-09 6.2521E-09 6.1996E-09 6.1460E-09 6.0915E-09 6.0361E-09 5.9799E-09 5.9229E-09 5.8652E-09 5.8069E-09 5.7479E-09 5.6884E-09 5.6284E-09 5.5680E-09
6.8448E-09 6.8770E-09 6.9070E-09 6.9347E-09 6.9601E-09 6.9832E-09 7.0039E-09 7.0222E-09 7.0381E-09 7.0517E-09 7.0628E-09 7.0675E-09 7.0739E-09 7.0779E-09 7.0796E-09 7.0789E-09 7.0759E-09 7.0706E-09 7.0629E-09 7.0530E-09 7.0409E-09 7.0265E-09 7.0100E-09 6.9913E-09 6.9666E-09 6.9438E-09 6.9191E-09 6.8924E-09 6.8637E-09 6.8332E-09 6.8009E-09 6.7573E-09 6.7218E-09 6.6846E-09 6.6459E-09 6.5961E-09 6.5547E-09 6.4940E-09 6.4418E-09 6.3974E-09 6.3428E-09 6.2962E-09 6.2484E-09 6.1995E-09 6.1494E-09 6.0984E-09 6.0463E-09 5.9933E-09 5.9394E-09 5.8847E-09 5.8293E-09 5.7731E-09 5.7163E-09 5.6589E-09 5.6009E-09 5.5424E-09 5.4835E-09
6.7005E-09 6.7322E-09 6.7617E-09 6.7890E-09 6.8141E-09 6.8369E-09 6.8574E-09 6.8756E-09 6.8915E-09 6.9051E-09 6.9164E-09 6.9254E-09 6.9321E-09 6.9365E-09 6.9385E-09 6.9383E-09 6.9358E-09 6.9311E-09 6.9241E-09 6.9149E-09 6.8996E-09 6.8861E-09 6.8706E-09 6.8530E-09 6.8333E-09 6.8116E-09 6.7880E-09 6.7624E-09 6.7254E-09 6.6964E-09 6.6657E-09 6.6332E-09 6.5991E-09 6.5540E-09 6.5170E-09 6.4516E-09 6.4128E-09 6.3725E-09 6.3219E-09 6.2792E-09 6.2353E-09 6.1901E-09 6.1437E-09 6.0962E-09 6.0476E-09 5.9979E-09 5.9473E-09 5.8958E-09 5.8434E-09 5.7902E-09 5.7363E-09 5.6816E-09 5.6263E-09 5.5704E-09 5.5139E-09 5.4570E-09 5.3996E-09
6.5634E-09 6.5945E-09 6.6235E-09 6.6503E-09 6.6750E-09 6.6975E-09 6.7178E-09 6.7359E-09 6.7518E-09 6.7654E-09 6.7768E-09 6.7859E-09 6.7928E-09 6.7974E-09 6.7999E-09 6.7961E-09 6.7941E-09 6.7900E-09 6.7838E-09 6.7753E-09 6.7648E-09 6.7522E-09 6.7375E-09 6.7208E-09 6.7021E-09 6.6718E-09 6.6495E-09 6.6254E-09 6.5994E-09 6.5716E-09 6.5326E-09 6.5017E-09 6.4508E-09 6.4085E-09 6.3739E-09 6.3377E-09 6.2913E-09 6.2527E-09 6.2127E-09 6.1713E-09 6.1287E-09 6.0849E-09 6.0399E-09 5.9937E-09 5.9465E-09 5.8983E-09 5.8491E-09 5.7991E-09 5.7481E-09 5.6964E-09 5.6439E-09 5.5907E-09 5.5369E-09 5.4825E-09 5.4275E-09 5.3720E-09 5.3161E-09
6.4288E-09 6.4593E-09 6.4878E-09 6.5142E-09 6.5385E-09 6.5608E-09 6.5768E-09 6.5948E-09 6.6106E-09 6.6242E-09 6.6357E-09 6.6450E-09 6.6522E-09 6.6571E-09 6.6599E-09 6.6606E-09 6.6591E-09 6.6555E-09 6.6498E-09 6.6421E-09 6.6322E-09 6.6107E-09 6.5970E-09 6.5815E-09 6.5639E-09 6.5445E-09 6.5232E-09 6.5001E-09 6.4659E-09 6.4396E-09 6.3935E-09 6.3556E-09 6.3253E-09 6.2934E-09 6.2513E-09 6.2167E-09 6.1807E-09 6.1433E-09 6.1045E-09 6.0645E-09 6.0231E-09 5.9806E-09 5.9370E-09 5.8922E-09 5.8464E-09 5.7995E-09 5.7518E-09 5.7031E-09 5.6536E-09 5.6033E-09 5.5523E-09 5.5005E-09 5.4482E-09 5.3952E-09 5.3417E-09 5.2877E-09 5.2332E-09
6.2931E-09 6.3230E-09 6.3510E-09 6.3770E-09 6.4010E-09 6.4229E-09 6.4428E-09 6.4606E-09 6.4763E-09 6.4899E-09 6.5014E-09 6.5108E-09 6.5181E-09 6.5233E-09 6.5264E-09 6.5275E-09 6.5166E-09 6.5137E-09 6.5088E-09 6.5018E-09 6.4929E-09 6.4819E-09 6.4691E-09 6.4543E-09 6.4376E-09 6.4098E-09 6.3898E-09 6.3497E-09 6.3178E-09 6.2935E-09 6.2674E-09 6.2309E-09 6.2020E-09 6.1715E-09 6.1395E-09 6.1061E-09 6.0712E-09 6.0350E-09 5.9975E-09 5.9587E-09 5.9186E-09 5.8774E-09 5.8350E-09 5.7916E-09 5.7471E-09 5.7017E-09 5.6553E-09 5.6080E-09 5.5599E-09 5.5110E-09 5.4614E-09 5.4111E-09 5.3601E-09 5.3086E-09 5.2565E-09 5.2039E-09 5.1509E-09
6.1639E-09 6.1933E-09 6.2208E-09 6.2463E-09 6.2699E-09 6.2915E-09 6.3112E-09 6.3288E-09 6.3444E-09 6.3580E-09 6.3598E-09 6.3694E-09 6.3770E-09 6.3826E-09 6.3861E-09 6.3876E-09 6.3872E-09 6.3847E-09 6.3802E-09 6.3738E-09 6.3655E-09 6.3459E-09 6.3340E-09 6.3202E-09 6.2864E-09 6.2606E-09 6.2423E-09 6.2222E-09 6.2004E-09 6.1683E-09 6.1436E-09 6.1172E-09 6.0893E-09 6.0599E-09 6.0290E-09 5.9967E-09 5.9630E-09 5.9279E-09 5.8916E-09 5.8540E-09 5.8152E-09 5.7752E-09 5.7341E-09 5.6920E-09 5.6488E-09 5.6047E-09 5.5597E-09 5.5138E-09 5.4670E-09 5.4195E-09 5.3713E-09 5.3224E-09 5.2728E-09 5.2227E-09 5.1720E-09 5.1208E-09 5.0692E-09
6.0279E-09 6.0567E-09 6.0837E-09 6.1089E-09 6.1321E-09 6.1535E-09 6.1729E-09 6.1904E-09 6.2060E-09 6.2196E-09 6.2312E-09 6.2409E-09 6.2486E-09 6.2544E-09 6.2582E-09 6.2600E-09 6.2599E-09 6.2485E-09 6.2447E-09 6.2391E-09 6.2315E-09 6.2042E-09 6.1845E-09 6.1722E-09 6.1581E-09 6.1334E-09 6.1161E-09 6.0971E-09 6.0765E-09 6.0542E-09 6.0303E-09 6.0049E-09 5.9780E-09 5.9496E-09 5.9198E-09 5.8885E-09 5.8559E-09 5.8220E-09 5.7868E-09 5.7504E-09 5.7128E-09 5.6741E-09 5.6342E-09 5.5934E-09 5.5515E-09 5.5087E-09 5.4650E-09 5.4204E-09 5.3750E-09 5.3289E-09 5.2820E-09 5.2344E-09 5.1862E-09 5.1375E-09 5.0882E-09 5.0383E-09 4.9881E-09
5.9045E-09 5.9328E-09 5.9593E-09 5.9840E-09 6.0069E-09 6.0279E-09 6.0471E-09 6.0644E-09 6.0798E-09 6.0933E-09 6.0955E-09 6.1054E-09 6.1133E-09 6.1194E-09 6.1235E-09 6.1258E-09 6.1079E-09 6.1068E-09 6.0949E-09 6.0904E-09 6.0840E-09 6.0758E-09 6.0571E-09 6.0456E-09 6.0324E-09 6.0175E-09 6.0010E-09 5.9827E-09 5.9629E-09 5.9415E-09 5.9185E-09 5.8940E-09 5.8681E-09 5.8406E-09 5.8118E-09 5.7816E-09 5.7501E-09 5.7173E-09 5.6832E-09 5.6480E-09 5.6116E-09 5.5740E-09 5.5355E-09 5.4958E-09 5.4552E-09 5.4137E-09 5.3712E-09 5.3280E-09 5.2839E-09 5.2390E-09 5.1935E-09 5.1473E-09 5.1004E-09 5.0530E-09 5.0051E-09 4.9566E-09 4.9077E-09
5.7743E-09 5.8021E-09 5.8281E-09 5.8524E-09 5.8749E-09 5.8957E-09 5.9147E-09 5.9318E-09 5.9472E-09 5.9607E-09 5.9541E-09 5.9642E-09 5.9634E-09 5.9701E-09 5.9749E-09 5.9779E-09 5.9791E-09 5.9695E-09 5.9673E-09 5.9634E-09 5.9576E-09 5.9502E-09 5.9410E-09 5.9301E-09 5.9175E-09 5.9032E-09 5.8874E-09 5.8699E-09 5.8508E-09 5.8302E-09 5.8081E-09 5.7845E-09 5.7595E-09 5.7330E-09 5.7052E-09 5.6760E-09 5.6456E-09 5.6138E-09 5.5809E-09 5.5468E-09 5.5115E-09 5.4751E-09 5.4377E-09 5.3993E-09 5.3600E-09 5.3197E-09 5.2785E-09 5.2365E-09 5.1937E-09 5.1501E-09 5.1059E-09 5.0610E-09 5.0155E-09 4.9693E-09 4.9227E-09 4.8756E-09 4.8280E-09
