Assets/Resources/2015_m01_d04_0000(utc+0800)_l00_csi_1hr_conc.grd
DSAA
         159         159
     -79.000      79.000
     -79.000      79.000
  0.1748E-10  0.4467E-05
[rows 50 to 74 of 159, columns 57 to 113 of 159]
2.5814E-10 2.6376E-10 2.6944E-10 2.7520E-10 2.8103E-10 2.8692E-10 2.9287E-10 2.9888E-10 3.0496E-10 3.1110E-10 3.1729E-10 3.2353E-10 3.3054E-10 3.4266E-10 3.5409E-10 3.6767E-10 3.9082E-10 4.1035E-10 4.2507E-10 4.5184E-10 4.7124E-10 5.3128E-10 5.8659E-10 6.6154E-10 7.6387E-10 8.7534E-10 9.8702E-10 1.1105E-09 1.2453E-09 1.3878E-09 1.5697E-09 1.7534E-09 1.9236E-09 2.1740E-09 2.4210E-09 2.6852E-09 3.0405E-09 3.4304E-09 3.8266E-09 4.4858E-09 5.1928E-09 5.9005E-09 6.7042E-09 7.4789E-09 8.0890E-09 8.6647E-09 9.1868E-09 9.6379E-09 1.0003E-08 1.0273E-08 1.0441E-08 1.0504E-08 1.0452E-08 1.0315E-08 1.0082E-08 9.8011E-09 9.4947E-09
2.6162E-10 2.6731E-10 2.7307E-10 2.7889E-10 2.8479E-10 2.9076E-10 2.9679E-10 3.0289E-10 3.0904E-10 3.1526E-10 3.2153E-10 3.2785E-10 3.4043E-10 3.4787E-10 3.6255E-10 3.8240E-10 4.0054E-10 4.2080E-10 4.4672E-10 4.6595E-10 5.2188E-10 5.7868E-10 6.5083E-10 7.4992E-10 8.7330E-10 9.8912E-10 1.1146E-09 1.2577E-09 1.4033E-09 1.5961E-09 1.7774E-09 1.9664E-09 2.2242E-09 2.4924E-09 2.7930E-09 3.1734E-09 3.6190E-09 4.0523E-09 4.8321E-09 5.8511E-09 6.5442E-09 7.5713E-09 8.7569E-09 9.8204E-09 1.0642E-08 1.1404E-08 1.2079E-08 1.2638E-08 1.3048E-08 1.3315E-08 1.3431E-08 1.3395E-08 1.3236E-08 1.2982E-08 1.2634E-08 1.2200E-08 1.1700E-08
2.6507E-10 2.7082E-10 2.7665E-10 2.8255E-10 2.8852E-10 2.9456E-10 3.0067E-10 3.0684E-10 3.1307E-10 3.1937E-10 3.2573E-10 3.3558E-10 3.4544E-10 3.5947E-10 3.7441E-10 3.9554E-10 4.1603E-10 4.3159E-10 4.5988E-10 5.0960E-10 5.6689E-10 6.3491E-10 7.4179E-10 8.6333E-10 9.8031E-10 1.1120E-09 1.2580E-09 1.4104E-09 1.6007E-09 1.7909E-09 1.9964E-09 2.2445E-09 2.5458E-09 2.8625E-09 3.2766E-09 3.7512E-09 4.2328E-09 5.3536E-09 6.3367E-09 7.1569E-09 8.7111E-09 1.0569E-08 1.1728E-08 1.2874E-08 1.3966E-08 1.4965E-08 1.5833E-08 1.6537E-08 1.7035E-08 1.7312E-08 1.7386E-08 1.7263E-08 1.6927E-08 1.6467E-08 1.5865E-08 1.5203E-08 1.4487E-08
2.6849E-10 2.7431E-10 2.8020E-10 2.8617E-10 2.9221E-10 2.9832E-10 3.0450E-10 3.1075E-10 3.1707E-10 3.2344E-10 3.3034E-10 3.4281E-10 3.5043E-10 3.6722E-10 3.9058E-10 4.0748E-10 4.2609E-10 4.5316E-10 4.9246E-10 5.3624E-10 6.1966E-10 7.2872E-10 8.3554E-10 9.6459E-10 1.1026E-09 1.2497E-09 1.4087E-09 1.5932E-09 1.7966E-09 2.0109E-09 2.2420E-09 2.5799E-09 2.9016E-09 3.3354E-09 3.8343E-09 4.3591E-09 5.5906E-09 6.7338E-09 7.7017E-09 1.0342E-08 1.2061E-08 1.3591E-08 1.5148E-08 1.7352E-08 1.8810E-08 2.0112E-08 2.1205E-08 2.2015E-08 2.2648E-08 2.2853E-08 2.2773E-08 2.2377E-08 2.1756E-08 2.0980E-08 2.0042E-08 1.9036E-08 1.7940E-08
2.7187E-10 2.7775E-10 2.8371E-10 2.8975E-10 2.9586E-10 3.0204E-10 3.0830E-10 3.1462E-10 3.2100E-10 3.2745E-10 3.3850E-10 3.4761E-10 3.6194E-10 3.7805E-10 3.9901E-10 4.2016E-10 4.3642E-10 4.7115E-10 5.2532E-10 6.0751E-10 7.1065E-10 8.0218E-10 9.4202E-10 1.0863E-09 1.2325E-09 1.3987E-09 1.5827E-09 1.7899E-09 2.0058E-09 2.2316E-09 2.5861E-09 2.9082E-09 3.3431E-09 3.8765E-09 4.4180E-09 5.9941E-09 7.0162E-09 9.0469E-09 1.1550E-08 1.3967E-08 1.5961E-08 1.9233E-08 2.1360E-08 2.3402E-08 2.5282E-08 2.6963E-08 2.8266E-08 2.9205E-08 2.9772E-08 2.9916E-08 2.9666E-08 2.9003E-08 2.8041E-08 2.6800E-08 2.5361E-08 2.3859E-08 2.2293E-08
2.7521E-10 2.8116E-10 2.8718E-10 2.9329E-10 2.9946E-10 3.0571E-10 3.1204E-10 3.1843E-10 3.2489E-10 3.3297E-10 3.4460E-10 3.5237E-10 3.7032E-10 3.9373E-10 4.1066E-10 4.2971E-10 4.5747E-10 5.1508E-10 5.7868E-10 6.7541E-10 7.7030E-10 9.1620E-10 1.0632E-09 1.2067E-09 1.3789E-09 1.5615E-09 1.7560E-09 1.9875E-09 2.2258E-09 2.6197E-09 3.0422E-09 3.7108E-09 4.7272E-09 5.3795E-09 7.3926E-09 9.5813E-09 1.1121E-08 1.4176E-08 1.6441E-08 2.0230E-08 2.2998E-08 2.6135E-08 2.8911E-08 3.1786E-08 3.4096E-08 3.6055E-08 3.7585E-08 3.8653E-08 3.9128E-08 3.9053E-08 3.8481E-08 3.7406E-08 3.5954E-08 3.4111E-08 3.2090E-08 2.9869E-08 2.7648E-08
2.7851E-10 2.8452E-10 2.9061E-10 2.9678E-10 3.0302E-10 3.0934E-10 3.1573E-10 3.2220E-10 3.2873E-10 3.3948E-10 3.4917E-10 3.6392E-10 3.8003E-10 4.0121E-10 4.2268E-10 4.3943E-10 5.0414E-10 5.5273E-10 6.2581E-10 7.4269E-10 8.7886E-10 1.0336E-09 1.1724E-09 1.3500E-09 1.5316E-09 1.7268E-09 2.0471E-09 2.4189E-09 2.8581E-09 3.4207E-09 4.4732E-09 5.6430E-09 6.7292E-09 9.0835E-09 1.1705E-08 1.3917E-08 1.7421E-08 2.2027E-08 2.5401E-08 2.8940E-08 3.2572E-08 3.6181E-08 3.9606E-08 4.2723E-08 4.5490E-08 4.7811E-08 4.9514E-08 5.0576E-08 5.0911E-08 5.0569E-08 4.9529E-08 4.7879E-08 4.5719E-08 4.3142E-08 4.0286E-08 3.7259E-08 3.4206E-08
2.8177E-10 2.8784E-10 2.9399E-10 3.0022E-10 3.0653E-10 3.1291E-10 3.1937E-10 3.2590E-10 3.3423E-10 3.4581E-10 3.5370E-10 3.7158E-10 3.8834E-10 4.0875E-10 4.3161E-10 4.6828E-10 5.2102E-10 5.8770E-10 7.2112E-10 8.5103E-10 9.7473E-10 1.1302E-09 1.3140E-09 1.4940E-09 1.7066E-09 2.0505E-09 2.4324E-09 2.8929E-09 3.6124E-09 5.4790E-09 6.5720E-09 8.4144E-09 1.1770E-08 1.4412E-08 1.7088E-08 2.2094E-08 2.5849E-08 2.9989E-08 3.4414E-08 3.9013E-08 4.3670E-08 4.8237E-08 5.2555E-08 5.6497E-08 5.9905E-08 6.2610E-08 6.4526E-08 6.5603E-08 6.5685E-08 6.4881E-08 6.3181E-08 6.0741E-08 5.7620E-08 5.4050E-08 5.0137E-08 4.6095E-08 4.1987E-08
2.8498E-10 2.9111E-10 2.9732E-10 3.0361E-10 3.0999E-10 3.1643E-10 3.2296E-10 3.2956E-10 3.4039E-10 3.5014E-10 3.6492E-10 3.7885E-10 4.0212E-10 4.2359E-10 4.4060E-10 5.0715E-10 5.7189E-10 6.8649E-10 7.9349E-10 9.1283E-10 1.0868E-09 1.2712E-09 1.4460E-09 1.6739E-09 1.9913E-09 2.4072E-09 2.9103E-09 4.8337E-09 5.9116E-09 7.4577E-09 1.0670E-08 1.3842E-08 1.6528E-08 2.1174E-08 2.5504E-08 2.9962E-08 3.4909E-08 4.0327E-08 4.6081E-08 5.1999E-08 5.7935E-08 6.3721E-08 6.9137E-08 7.3944E-08 7.7980E-08 8.1142E-08 8.3211E-08 8.4066E-08 8.3790E-08 8.2278E-08 7.9696E-08 7.6149E-08 7.1849E-08 6.6964E-08 6.1746E-08 5.6381E-08 5.1072E-08
2.8815E-10 2.9434E-10 3.0061E-10 3.0696E-10 3.1339E-10 3.1990E-10 3.2649E-10 3.3428E-10 3.4645E-10 3.5442E-10 3.7217E-10 3.8680E-10 4.0907E-10 4.3177E-10 4.8074E-10 5.4690E-10 6.0782E-10 7.3525E-10 8.7167E-10 1.0293E-09 1.2202E-09 1.3863E-09 1.6204E-09 1.9366E-09 2.3437E-09 3.4201E-09 5.0038E-09 6.6342E-09 8.3178E-09 1.2423E-08 1.5554E-08 1.9601E-08 2.4111E-08 2.9238E-08 3.4604E-08 4.0511E-08 4.6969E-08 5.3933E-08 6.1262E-08 6.8745E-08 7.6150E-08 8.3255E-08 8.9814E-08 9.5556E-08 1.0028E-07 1.0372E-07 1.0580E-07 1.0638E-07 1.0538E-07 1.0297E-07 9.9175E-08 9.4242E-08 8.8407E-08 8.1943E-08 7.5103E-08 6.8135E-08 6.1247E-08
2.9127E-10 2.9751E-10 3.0384E-10 3.1025E-10 3.1674E-10 3.2331E-10 3.2996E-10 3.3924E-10 3.5053E-10 3.5865E-10 3.7901E-10 4.0176E-10 4.1906E-10 4.3997E-10 5.0720E-10 5.7412E-10 6.8799E-10 8.3759E-10 9.8780E-10 1.1495E-09 1.3184E-09 1.5458E-09 1.8515E-09 2.2142E-09 3.9878E-09 5.0959E-09 6.6761E-09 9.4234E-09 1.3540E-08 1.7500E-08 2.1790E-08 2.7222E-08 3.3039E-08 3.9495E-08 4.6615E-08 5.4350E-08 6.2655E-08 7.1470E-08 8.0613E-08 8.9860E-08 9.8882E-08 1.0741E-07 1.1513E-07 1.2173E-07 1.2699E-07 1.3065E-07 1.3251E-07 1.3249E-07 1.3061E-07 1.2686E-07 1.2157E-07 1.1490E-07 1.0721E-07 9.8825E-08 9.0046E-08 8.1038E-08 7.2422E-08
2.9434E-10 3.0064E-10 3.0702E-10 3.1349E-10 3.2004E-10 3.2667E-10 3.3449E-10 3.4455E-10 3.5456E-10 3.7058E-10 3.8640E-10 4.0810E-10 4.3031E-10 4.8340E-10 5.5546E-10 6.2714E-10 7.6601E-10 8.9889E-10 1.0517E-09 1.2538E-09 1.4510E-09 1.7453E-09 3.0276E-09 3.8824E-09 5.0564E-09 7.1981E-09 1.0553E-08 1.4046E-08 1.8266E-08 2.3369E-08 2.9595E-08 3.6542E-08 4.4235E-08 5.2759E-08 6.2054E-08 7.2019E-08 8.2550E-08 9.3507E-08 1.0470E-07 1.1583E-07 1.2655E-07 1.3650E-07 1.4532E-07 1.5267E-07 1.5824E-07 1.6181E-07 1.6320E-07 1.6227E-07 1.5907E-07 1.5377E-07 1.4651E-07 1.3782E-07 1.2791E-07 1.1730E-07 1.0600E-07 9.4840E-08 8.4087E-08
2.9736E-10 3.0371E-10 3.1015E-10 3.1667E-10 3.2327E-10 3.2996E-10 3.3922E-10 3.5037E-10 3.5853E-10 3.7667E-10 3.9170E-10 4.1439E-10 4.3764E-10 4.9476E-10 5.7579E-10 6.9114E-10 8.4115E-10 9.9869E-10 1.1772E-09 1.3690E-09 1.9150E-09 2.8856E-09 3.7062E-09 4.8769E-09 7.6818E-09 1.0502E-08 1.4127E-08 1.8575E-08 2.4291E-08 3.1191E-08 3.9201E-08 4.8280E-08 5.8363E-08 6.9413E-08 8.1322E-08 9.3922E-08 1.0702E-07 1.2041E-07 1.3381E-07 1.4690E-07 1.5929E-07 1.7055E-07 1.8030E-07 1.8815E-07 1.9377E-07 1.9687E-07 1.9734E-07 1.9517E-07 1.9028E-07 1.8297E-07 1.7354E-07 1.6234E-07 1.5008E-07 1.3643E-07 1.2252E-07 1.0870E-07 9.5619E-08
3.0032E-10 3.0673E-10 3.1322E-10 3.1980E-10 3.2646E-10 3.3320E-10 3.4418E-10 3.5415E-10 3.6366E-10 3.8310E-10 3.9738E-10 4.2060E-10 4.8030E-10 5.4918E-10 6.2464E-10 7.4991E-10 9.2719E-10 1.0996E-09 1.2891E-09 2.0940E-09 2.6505E-09 3.4287E-09 5.3572E-09 7.3265E-09 9.9437E-09 1.3587E-08 1.8324E-08 2.4316E-08 3.1777E-08 4.0677E-08 5.0967E-08 6.2683E-08 7.5607E-08 8.9641E-08 1.0458E-07 1.2018E-07 1.3614E-07 1.5214E-07 1.6787E-07 1.8291E-07 1.9682E-07 2.0913E-07 2.1950E-07 2.2755E-07 2.3282E-07 2.3506E-07 2.3419E-07 2.3020E-07 2.2332E-07 2.1361E-07 2.0165E-07 1.8780E-07 1.7226E-07 1.5552E-07 1.3864E-07 1.2181E-07 1.0659E-07
3.0323E-10 3.0969E-10 3.1623E-10 3.2286E-10 3.2958E-10 3.3753E-10 3.4775E-10 3.5787E-10 3.7257E-10 3.8779E-10 4.1159E-10 4.3385E-10 4.9040E-10 5.7983E-10 7.0276E-10 8.5261E-10 1.0079E-09 1.3650E-09 1.8572E-09 2.4162E-09 3.1535E-09 4.7942E-09 6.6352E-09 9.0940E-09 1.2707E-08 1.7410E-08 2.3358E-08 3.1125E-08 4.0697E-08 5.1932E-08 6.4998E-08 7.9764E-08 9.5928E-08 1.1332E-07 1.3164E-07 1.5051E-07 1.6951E-07 1.8821E-07 2.0623E-07 2.2313E-07 2.3832E-07 2.5133E-07 2.6186E-07 2.6965E-07 2.7417E-07 2.7511E-07 2.7239E-07 2.6625E-07 2.5683E-07 2.4456E-07 2.2971E-07 2.1276E-07 1.9342E-07 1.7360E-07 1.5299E-07 1.3392E-07 1.1668E-07
3.0609E-10 3.1259E-10 3.1919E-10 3.2587E-10 3.3264E-10 3.4203E-10 3.5281E-10 3.6151E-10 3.7959E-10 3.9470E-10 4.1710E-10 4.7508E-10 5.3588E-10 6.1766E-10 7.4288E-10 9.2348E-10 1.1189E-09 1.6069E-09 2.1733E-09 2.8890E-09 4.1817E-09 5.8450E-09 8.1202E-09 1.1301E-08 1.5788E-08 2.1634E-08 2.9266E-08 3.9044E-08 5.0893E-08 6.4911E-08 8.1137E-08 9.9260E-08 1.1897E-07 1.3997E-07 1.6184E-07 1.8413E-07 2.0623E-07 2.2752E-07 2.4765E-07 2.6613E-07 2.8233E-07 2.9563E-07 3.0579E-07 3.1274E-07 3.1605E-07 3.1527E-07 3.1041E-07 3.0160E-07 2.8942E-07 2.7421E-07 2.5625E-07 2.3529E-07 2.1278E-07 1.8883E-07 1.6563E-07 1.4457E-07 1.2572E-07
3.0889E-10 3.1544E-10 3.2209E-10 3.2882E-10 3.3564E-10 3.4522E-10 3.5669E-10 3.6631E-10 3.8418E-10 3.9932E-10 4.2247E-10 4.8389E-10 5.5825E-10 6.6764E-10 8.4104E-10 1.0164E-09 1.3597E-09 1.8387E-09 2.4340E-09 3.4733E-09 4.9723E-09 6.9052E-09 9.7281E-09 1.3694E-08 1.9124E-08 2.6334E-08 3.5836E-08 4.7704E-08 6.2150E-08 7.9219E-08 9.8855E-08 1.2057E-07 1.4398E-07 1.6862E-07 1.9407E-07 2.1969E-07 2.4474E-07 2.6838E-07 2.9027E-07 3.0992E-07 3.2670E-07 3.3991E-07 3.4913E-07 3.5476E-07 3.5632E-07 3.5347E-07 3.4612E-07 3.3459E-07 3.1936E-07 3.0105E-07 2.7914E-07 2.5478E-07 2.2818E-07 2.0107E-07 1.7624E-07 1.5351E-07 1.3386E-07
3.1163E-10 3.1823E-10 3.2493E-10 3.3171E-10 3.3973E-10 3.4997E-10 3.6007E-10 3.6988E-10 3.8964E-10 4.0382E-10 4.2769E-10 5.2736E-10 5.9686E-10 7.2960E-10 8.7467E-10 1.0985E-09 1.4962E-09 2.0501E-09 2.8514E-09 4.0944E-09 5.7279E-09 8.1021E-09 1.1418E-08 1.6314E-08 2.2746E-08 3.1294E-08 4.2658E-08 5.9622E-08 7.7591E-08 9.8589E-08 1.2219E-07 1.4730E-07 1.6981E-07 1.9802E-07 2.2672E-07 2.5531E-07 2.8300E-07 3.0857E-07 3.3172E-07 3.5201E-07 3.6886E-07 3.8147E-07 3.8950E-07 3.9325E-07 3.9261E-07 3.8740E-07 3.7747E-07 3.6311E-07 3.4498E-07 3.2280E-07 2.9726E-07 2.6916E-07 2.3914E-07 2.1057E-07 1.8433E-07 1.6080E-07 1.4102E-07
3.1432E-10 3.2096E-10 3.2770E-10 3.3453E-10 3.4297E-10 3.5309E-10 3.6337E-10 3.7442E-10 3.9368E-10 4.0995E-10 4.6873E-10 5.3838E-10 6.4525E-10 8.2334E-10 9.7915E-10 1.3166E-09 1.7608E-09 2.3054E-09 3.2342E-09 4.6516E-09 9.3553E-09 1.2956E-08 1.8199E-08 2.5490E-08 3.5387E-08 4.8811E-08 6.6311E-08 8.8700E-08 1.1635E-07 1.4917E-07 1.8608E-07 2.2380E-07 2.5754E-07 2.8182E-07 2.9628E-07 3.0760E-07 3.2434E-07 3.4548E-07 3.6929E-07 3.8960E-07 4.0591E-07 4.1761E-07 4.2406E-07 4.2558E-07 4.2265E-07 4.1486E-07 4.0235E-07 3.8540E-07 3.6408E-07 3.3819E-07 3.0961E-07 2.7756E-07 2.4632E-07 2.1685E-07 1.8989E-07 1.6665E-07 1.4583E-07
3.1694E-10 3.2363E-10 3.3042E-10 3.3729E-10 3.4686E-10 3.5615E-10 3.6660E-10 3.8152E-10 3.9760E-10 4.1847E-10 4.7910E-10 5.8390E-10 6.6805E-10 8.5242E-10 1.0394E-09 2.3569E-09 3.0952E-09 4.0206E-09 7.4118E-09 1.0053E-08 1.3755E-08 1.8929E-08 2.6213E-08 3.6376E-08 5.0148E-08 6.8773E-08 9.3259E-08 1.2487E-07 1.6454E-07 2.1276E-07 2.6883E-07 3.2937E-07 3.8762E-07 4.3279E-07 4.5300E-07 4.4321E-07 4.1613E-07 3.9919E-07 4.0024E-07 4.1998E-07 4.3526E-07 4.4555E-07 4.5024E-07 4.4972E-07 4.4417E-07 4.3394E-07 4.1906E-07 3.9959E-07 3.7497E-07 3.4669E-07 3.1434E-07 2.8124E-07 2.4940E-07 2.1954E-07 1.9245E-07 1.6903E-07 1.4754E-07
3.1950E-10 3.2624E-10 3.3307E-10 3.4085E-10 3.4971E-10 3.6020E-10 3.7097E-10 3.8740E-10 4.0246E-10 4.2499E-10 5.2398E-10 5.9692E-10 7.6053E-10 9.5087E-10 1.1029E-09 3.1872E-09 4.1528E-09 5.3664E-09 1.0495E-08 1.4022E-08 1.8822E-08 2.5472E-08 3.4686E-08 4.7319E-08 6.4235E-08 8.6808E-08 1.1619E-07 1.5368E-07 2.0030E-07 2.5657E-07 3.2203E-07 3.9389E-07 4.6621E-07 5.2960E-07 5.7146E-07 5.8020E-07 5.5334E-07 5.0532E-07 4.6465E-07 4.4874E-07 4.5454E-07 4.6309E-07 4.6605E-07 4.6343E-07 4.5569E-07 4.4323E-07 4.2633E-07 4.0424E-07 3.7776E-07 3.4674E-07 3.1315E-07 2.7963E-07 2.4728E-07 2.1811E-07 1.9138E-07 1.6755E-07 1.4623E-07
3.2200E-10 3.2878E-10 3.3565E-10 3.4378E-10 3.5253E-10 3.6394E-10 3.7407E-10 3.9170E-10 4.0685E-10 4.6602E-10 5.3413E-10 6.4418E-10 8.0990E-10 9.8465E-10 3.3424E-09 4.1514E-09 5.3325E-09 1.0538E-08 1.3588E-08 1.7835E-08 2.3473E-08 3.1169E-08 4.1647E-08 5.5750E-08 7.4318E-08 9.8670E-08 1.2984E-07 1.6890E-07 2.1662E-07 2.7318E-07 3.3797E-07 4.0871E-07 4.8084E-07 5.4949E-07 6.0049E-07 6.2639E-07 6.2276E-07 5.8973E-07 5.4134E-07 4.9881E-07 4.7648E-07 4.6900E-07 4.7017E-07 4.6581E-07 4.5630E-07 4.4215E-07 4.2321E-07 3.9963E-07 3.7152E-07 3.3884E-07 3.0541E-07 2.7239E-07 2.4043E-07 2.1248E-07 1.8675E-07 1.6368E-07 1.4304E-07
3.2444E-10 3.3126E-10 3.3817E-10 3.4638E-10 3.5617E-10 3.6702E-10 3.7707E-10 3.9582E-10 4.1080E-10 4.7177E-10 5.7887E-10 6.8238E-10 8.7790E-10 1.0546E-09 4.1526E-09 5.1072E-09 6.4079E-09 1.2833E-08 1.6245E-08 2.0922E-08 2.7039E-08 3.5228E-08 4.6209E-08 6.0762E-08 7.9610E-08 1.0394E-07 1.3460E-07 1.7235E-07 2.1766E-07 2.7040E-07 3.3275E-07 4.4528E-07 6.8783E-07 9.7416E-07 6.8537E-07 6.0804E-07 6.2032E-07 6.0907E-07 5.7772E-07 5.3728E-07 5.0105E-07 4.7764E-07 4.6225E-07 4.5664E-07 4.4601E-07 4.3037E-07 4.1019E-07 3.8565E-07 3.5619E-07 3.2424E-07 2.9149E-07 2.5977E-07 2.3056E-07 2.0407E-07 1.7969E-07 1.5809E-07 1.3882E-07
3.2681E-10 3.3367E-10 3.4062E-10 3.4918E-10 3.5936E-10 3.6979E-10 3.8023E-10 3.9947E-10 4.1428E-10 5.1258E-10 6.2237E-10 7.2559E-10 9.4049E-10 1.0896E-09 4.8804E-09 5.9561E-09 7.3383E-09 1.4627E-08 1.8226E-08 2.3053E-08 2.9291E-08 3.7503E-08 4.8373E-08 6.2596E-08 8.0759E-08 1.0393E-07 1.3274E-07 1.6771E-07 2.1145E-07 5.3241E-07 1.2551E-06 2.0215E-06 2.6318E-06 2.3088E-06 7.8192E-07 5.6095E-07 5.8077E-07 5.8315E-07 5.6866E-07 5.4160E-07 5.0912E-07 4.7919E-07 4.5651E-07 4.3678E-07 4.2534E-07 4.0875E-07 3.8824E-07 3.6268E-07 3.3401E-07 3.0384E-07 2.7329E-07 2.4456E-07 2.1803E-07 1.9358E-07 1.7109E-07 1.5120E-07 1.3349E-07
3.2912E-10 3.3601E-10 3.4300E-10 3.5228E-10 3.6204E-10 3.7247E-10 3.8360E-10 4.0278E-10 4.1740E-10 5.1950E-10 6.3432E-10 7.9518E-10 9.6708E-10 1.1601E-09 5.4500E-09 6.5809E-09 8.0106E-09 1.5785E-08 1.9465E-08 2.4238E-08 3.0308E-08 3.8207E-08 4.8539E-08 6.1928E-08 7.8846E-08 1.0019E-07 1.2648E-07 1.6168E-07 8.6177E-07 2.5953E-06 3.1601E-06 3.2242E-06 3.1225E-06 1.8274E-06 5.7631E-07 5.0480E-07 5.2680E-07 5.3588E-07 5.3178E-07 5.1634E-07 4.9285E-07 4.6597E-07 4.4018E-07 4.1823E-07 3.9567E-07 3.7896E-07 3.5820E-07 3.3395E-07 3.0742E-07 2.7974E-07 2.5284E-07 2.2757E-07 2.0355E-07 1.8145E-07 1.6113E-07 1.4318E-07 1.2723E-07
