Assets/Resources/2015_m01_d03_1400(utc+0800)_l00_csi_1hr_conc.grd
DSAA
         159         159
     -79.000      79.000
     -79.000      79.000
  0.1036E-10  0.1193E-05
[rows 0 to 24 of 159, columns 0 to 56 of 159]
1.0356E-11 1.1042E-11 1.1747E-11 1.2528E-11 1.3294E-11 1.4040E-11 1.4902E-11 1.5750E-11 1.6628E-11 1.7541E-11 1.8487E-11 1.9469E-11 2.0446E-11 2.1496E-11 2.2546E-11 2.3630E-11 2.4751E-11 2.5948E-11 2.7180E-11 2.8375E-11 2.9643E-11 3.0954E-11 3.2261E-11 3.3760E-11 3.5147E-11 3.6687E-11 3.8272E-11 3.9901E-11 4.1647E-11 4.3366E-11 4.5314E-11 4.7083E-11 4.9170E-11 5.0913E-11 5.3085E-11 5.4988E-11 5.7024E-11 5.9281E-11 6.1234E-11 6.3352E-11 6.5727E-11 6.7811E-11 7.0149E-11 7.2527E-11 7.4718E-11 7.7160E-11 7.9578E-11 8.1862E-11 8.4283E-11 8.6783E-11 8.9145E-11 9.1691E-11 9.4146E-11 9.6568E-11 9.9058E-11 1.0151E-10 1.0402E-10
1.0887E-11 1.1550E-11 1.2331E-11 1.3092E-11 1.3874E-11 1.4698E-11 1.5544E-11 1.6459E-11 1.7372E-11 1.8318E-11 1.9302E-11 2.0282E-11 2.1334E-11 2.2388E-11 2.3514E-11 2.4679E-11 2.5844E-11 2.7047E-11 2.8289E-11 2.9569E-11 3.0889E-11 3.2209E-11 3.3721E-11 3.5124E-11 3.6796E-11 3.8285E-11 4.0161E-11 4.1823E-11 4.3675E-11 4.5387E-11 4.7392E-11 4.9308E-11 5.1235E-11 5.3405E-11 5.5324E-11 5.7583E-11 5.9612E-11 6.1774E-11 6.4158E-11 6.6256E-11 6.8609E-11 7.1007E-11 7.3222E-11 7.5743E-11 7.8142E-11 8.0462E-11 8.3032E-11 8.5468E-11 8.7878E-11 9.0478E-11 9.2991E-11 9.5474E-11 9.8030E-11 1.0060E-10 1.0319E-10 1.0580E-10 1.0836E-10
1.1384E-11 1.2161E-11 1.2918E-11 1.3697E-11 1.4519E-11 1.5363E-11 1.6277E-11 1.7189E-11 1.8135E-11 1.9119E-11 2.0100E-11 2.1155E-11 2.2212E-11 2.3341E-11 2.4511E-11 2.5720E-11 2.6890E-11 2.8140E-11 2.9429E-11 3.0758E-11 3.2089E-11 3.3614E-11 3.5069E-11 3.6720E-11 3.8380E-11 4.0124E-11 4.1807E-11 4.3799E-11 4.5578E-11 4.7680E-11 4.9556E-11 5.1638E-11 5.3569E-11 5.5691E-11 5.7937E-11 6.0098E-11 6.2482E-11 6.4587E-11 6.6844E-11 6.9360E-11 7.1592E-11 7.3973E-11 7.6556E-11 7.8905E-11 8.1558E-11 8.3980E-11 8.6431E-11 8.9077E-11 9.1639E-11 9.4177E-11 9.6792E-11 9.9427E-11 1.0209E-10 1.0477E-10 1.0741E-10 1.1012E-10 1.1279E-10
1.1897E-11 1.2687E-11 1.3473E-11 1.4330E-11 1.5170E-11 1.6045E-11 1.6992E-11 1.7938E-11 1.8921E-11 1.9903E-11 2.0958E-11 2.2055E-11 2.3149E-11 2.4322E-11 2.5535E-11 2.6711E-11 2.7967E-11 2.9302E-11 3.0600E-11 3.2016E-11 3.3515E-11 3.4944E-11 3.6648E-11 3.8288E-11 4.0169E-11 4.1909E-11 4.3771E-11 4.5781E-11 4.7706E-11 4.9700E-11 5.1837E-11 5.3894E-11 5.6179E-11 5.8169E-11 6.0496E-11 6.2763E-11 6.5076E-11 6.7595E-11 6.9838E-11 7.2232E-11 7.4831E-11 7.7201E-11 7.9879E-11 8.2329E-11 8.4864E-11 8.7546E-11 9.0101E-11 9.2685E-11 9.5351E-11 9.8041E-11 1.0076E-10 1.0351E-10 1.0622E-10 1.0900E-10 1.1180E-10 1.1462E-10 1.1745E-10
1.2459E-11 1.3278E-11 1.4093E-11 1.4967E-11 1.5838E-11 1.6747E-11 1.7727E-11 1.8709E-11 1.9689E-11 2.0744E-11 2.1843E-11 2.2937E-11 2.4113E-11 2.5329E-11 2.6508E-11 2.7770E-11 2.9148E-11 3.0453E-11 3.1955E-11 3.3389E-11 3.5057E-11 3.6547E-11 3.8429E-11 4.0102E-11 4.2085E-11 4.3862E-11 4.5963E-11 4.7806E-11 4.9936E-11 5.1880E-11 5.4134E-11 5.6291E-11 5.8482E-11 6.0902E-11 6.3045E-11 6.5617E-11 6.7970E-11 7.0370E-11 7.2977E-11 7.5360E-11 7.7896E-11 8.0526E-11 8.3035E-11 8.5798E-11 8.8387E-11 9.1059E-11 9.3766E-11 9.6506E-11 9.9228E-11 1.0203E-10 1.0480E-10 1.0765E-10 1.1052E-10 1.1342E-10 1.1634E-10 1.1921E-10 1.2216E-10
1.3038E-11 1.3884E-11 1.4717E-11 1.5620E-11 1.6525E-11 1.7463E-11 1.8482E-11 1.9461E-11 2.0515E-11 2.1612E-11 2.2708E-11 2.3884E-11 2.5103E-11 2.6324E-11 2.7587E-11 2.8933E-11 3.0284E-11 3.1791E-11 3.3195E-11 3.4874E-11 3.6492E-11 3.8273E-11 4.0077E-11 4.1964E-11 4.3813E-11 4.5885E-11 4.7841E-11 5.0020E-11 5.2086E-11 5.4384E-11 5.6505E-11 5.8851E-11 6.1093E-11 6.3437E-11 6.5948E-11 6.8399E-11 7.0844E-11 7.3395E-11 7.5939E-11 7.8582E-11 8.1109E-11 8.3891E-11 8.6506E-11 8.9207E-11 9.1948E-11 9.4727E-11 9.7542E-11 1.0034E-10 1.0322E-10 1.0608E-10 1.0901E-10 1.1198E-10 1.1497E-10 1.1792E-10 1.2095E-10 1.2399E-10 1.2700E-10
1.3627E-11 1.4493E-11 1.5318E-11 1.6292E-11 1.7191E-11 1.8203E-11 1.9217E-11 2.0269E-11 2.1365E-11 2.2460E-11 2.3636E-11 2.4855E-11 2.6079E-11 2.7380E-11 2.8693E-11 3.0049E-11 3.1562E-11 3.2972E-11 3.4662E-11 3.6328E-11 3.8202E-11 3.9941E-11 4.1923E-11 4.3826E-11 4.5882E-11 4.7897E-11 4.9949E-11 5.2093E-11 5.4370E-11 5.6625E-11 5.9012E-11 6.1344E-11 6.3781E-11 6.6168E-11 6.8660E-11 7.1264E-11 7.3862E-11 7.6456E-11 7.9044E-11 8.1735E-11 8.4470E-11 8.7143E-11 8.9960E-11 9.2717E-11 9.5618E-11 9.8454E-11 1.0138E-10 1.0433E-10 1.0733E-10 1.1035E-10 1.1335E-10 1.1638E-10 1.1948E-10 1.2260E-10 1.2575E-10 1.2892E-10 1.3204E-10
1.4223E-11 1.5079E-11 1.6010E-11 1.6942E-11 1.7950E-11 1.8960E-11 2.0009E-11 2.1102E-11 2.2195E-11 2.3370E-11 2.4589E-11 2.5850E-11 2.7115E-11 2.8469E-11 2.9789E-11 3.1307E-11 3.2761E-11 3.4419E-11 3.6095E-11 3.7981E-11 3.9957E-11 4.1783E-11 4.3873E-11 4.5725E-11 4.7981E-11 5.0003E-11 5.2226E-11 5.4422E-11 5.6706E-11 5.9067E-11 6.1430E-11 6.3963E-11 6.6443E-11 6.9032E-11 7.1514E-11 7.4267E-11 7.6804E-11 7.9551E-11 8.2293E-11 8.4979E-11 8.7812E-11 9.0590E-11 9.3516E-11 9.6383E-11 9.9339E-11 1.0234E-10 1.0537E-10 1.0845E-10 1.1150E-10 1.1464E-10 1.1781E-10 1.2101E-10 1.2418E-10 1.2743E-10 1.3064E-10 1.3393E-10 1.3723E-10
1.4795E-11 1.5756E-11 1.6645E-11 1.7645E-11 1.8653E-11 1.9734E-11 2.0785E-11 2.1913E-11 2.3086E-11 2.4303E-11 2.5563E-11 2.6828E-11 2.8183E-11 2.9504E-11 3.1026E-11 3.2484E-11 3.4185E-11 3.6059E-11 3.7767E-11 3.9753E-11 4.1594E-11 4.3661E-11 4.5620E-11 4.7805E-11 4.9938E-11 5.2205E-11 5.4457E-11 5.6845E-11 5.9183E-11 6.1631E-11 6.4035E-11 6.6660E-11 6.9183E-11 7.1866E-11 7.4504E-11 7.7247E-11 7.9936E-11 8.2678E-11 8.5415E-11 8.8309E-11 9.1145E-11 9.4138E-11 9.7069E-11 1.0015E-10 1.0317E-10 1.0633E-10 1.0943E-10 1.1262E-10 1.1585E-10 1.1911E-10 1.2234E-10 1.2567E-10 1.2901E-10 1.3233E-10 1.3572E-10 1.3908E-10 1.4256E-10
1.5417E-11 1.6374E-11 1.7331E-11 1.8370E-11 1.9409E-11 2.0492E-11 2.1616E-11 2.2785E-11 2.3999E-11 2.5257E-11 2.6521E-11 2.7875E-11 2.9197E-11 3.0720E-11 3.2409E-11 3.3886E-11 3.5804E-11 3.7598E-11 3.9596E-11 4.1446E-11 4.3528E-11 4.5499E-11 4.7703E-11 4.9853E-11 5.2029E-11 5.4416E-11 5.6718E-11 5.9135E-11 6.1673E-11 6.4164E-11 6.6769E-11 6.9436E-11 7.2055E-11 7.4677E-11 7.7463E-11 8.0202E-11 8.2991E-11 8.5834E-11 8.8731E-11 9.1680E-11 9.4681E-11 9.7729E-11 1.0082E-10 1.0391E-10 1.0716E-10 1.1033E-10 1.1366E-10 1.1692E-10 1.2026E-10 1.2365E-10 1.2706E-10 1.3051E-10 1.3398E-10 1.3743E-10 1.4095E-10 1.4444E-10 1.4794E-10
1.6055E-11 1.7043E-11 1.8036E-11 1.9108E-11 2.0185E-11 2.1303E-11 2.2467E-11 2.3678E-11 2.4932E-11 2.6194E-11 2.7546E-11 2.8866E-11 3.0389E-11 3.2080E-11 3.3716E-11 3.5602E-11 3.7283E-11 3.9289E-11 4.1186E-11 4.3242E-11 4.5264E-11 4.7499E-11 4.9612E-11 5.1975E-11 5.4217E-11 5.6709E-11 5.9097E-11 6.1606E-11 6.4235E-11 6.6767E-11 6.9466E-11 7.2125E-11 7.4896E-11 7.7618E-11 8.0399E-11 8.3233E-11 8.6130E-11 8.9132E-11 9.2139E-11 9.5144E-11 9.8308E-11 1.0142E-10 1.0468E-10 1.0789E-10 1.1125E-10 1.1455E-10 1.1794E-10 1.2138E-10 1.2486E-10 1.2831E-10 1.3191E-10 1.3543E-10 1.3898E-10 1.4267E-10 1.4626E-10 1.4994E-10 1.5358E-10
1.6708E-11 1.7730E-11 1.8756E-11 1.9864E-11 2.0938E-11 2.2135E-11 2.3340E-11 2.4552E-11 2.5847E-11 2.7196E-11 2.8514E-11 3.0036E-11 3.1727E-11 3.3364E-11 3.5253E-11 3.6938E-11 3.9004E-11 4.0855E-11 4.2973E-11 4.5175E-11 4.7254E-11 4.9550E-11 5.1800E-11 5.4190E-11 5.6590E-11 5.9114E-11 6.1597E-11 6.4200E-11 6.6869E-11 6.9497E-11 7.2133E-11 7.4940E-11 7.7705E-11 8.0526E-11 8.3461E-11 8.6401E-11 8.9406E-11 9.2465E-11 9.5581E-11 9.8753E-11 1.0198E-10 1.0526E-10 1.0854E-10 1.1198E-10 1.1535E-10 1.1888E-10 1.2235E-10 1.2591E-10 1.2952E-10 1.3316E-10 1.3678E-10 1.4054E-10 1.4422E-10 1.4799E-10 1.5178E-10 1.5548E-10 1.5941E-10
1.7377E-11 1.8392E-11 1.9494E-11 2.0598E-11 2.1750E-11 2.2986E-11 2.4192E-11 2.5482E-11 2.6826E-11 2.8140E-11 2.9697E-11 3.1349E-11 3.2985E-11 3.4876E-11 3.6601E-11 3.8634E-11 4.0713E-11 4.2616E-11 4.4828E-11 4.6957E-11 4.9228E-11 5.1605E-11 5.3900E-11 5.6430E-11 5.8866E-11 6.1424E-11 6.4001E-11 6.6751E-11 6.9358E-11 7.2189E-11 7.4924E-11 7.7724E-11 8.0582E-11 8.3562E-11 8.6496E-11 8.9603E-11 9.2711E-11 9.5886E-11 9.9114E-11 1.0241E-10 1.0575E-10 1.0915E-10 1.1261E-10 1.1606E-10 1.1967E-10 1.2327E-10 1.2693E-10 1.3062E-10 1.3425E-10 1.3813E-10 1.4189E-10 1.4568E-10 1.4961E-10 1.5340E-10 1.5744E-10 1.6139E-10 1.6525E-10
1.8021E-11 1.9110E-11 2.0245E-11 2.1350E-11 2.2617E-11 2.3777E-11 2.5063E-11 2.6438E-11 2.7747E-11 2.9261E-11 3.0948E-11 3.2582E-11 3.4472E-11 3.6198E-11 3.8233E-11 4.0317E-11 4.2378E-11 4.4559E-11 4.6696E-11 4.8978E-11 5.1254E-11 5.3732E-11 5.6113E-11 5.8733E-11 6.1258E-11 6.3966E-11 6.6634E-11 6.9212E-11 7.2072E-11 7.4841E-11 7.7724E-11 8.0574E-11 8.3590E-11 8.6626E-11 8.9722E-11 9.2883E-11 9.6108E-11 9.9395E-11 1.0275E-10 1.0615E-10 1.0967E-10 1.1314E-10 1.1678E-10 1.2036E-10 1.2410E-10 1.2778E-10 1.3151E-10 1.3540E-10 1.3927E-10 1.4307E-10 1.4713E-10 1.5101E-10 1.5497E-10 1.5917E-10 1.6314E-10 1.6734E-10 1.7140E-10
1.8717E-11 1.9844E-11 2.0977E-11 2.2158E-11 2.3386E-11 2.4626E-11 2.5993E-11 2.7335E-11 2.8843E-11 3.0524E-11 3.2155E-11 3.4043E-11 3.5881E-11 3.7803E-11 4.0005E-11 4.1953E-11 4.4140E-11 4.6283E-11 4.8628E-11 5.0861E-11 5.3456E-11 5.5963E-11 5.8488E-11 6.1038E-11 6.3712E-11 6.6352E-11 6.9169E-11 7.1842E-11 7.4694E-11 7.7557E-11 8.0545E-11 8.3496E-11 8.6624E-11 8.9762E-11 9.2973E-11 9.6246E-11 9.9643E-11 1.0305E-10 1.0652E-10 1.1005E-10 1.1364E-10 1.1729E-10 1.2095E-10 1.2477E-10 1.2853E-10 1.3240E-10 1.3633E-10 1.4024E-10 1.4431E-10 1.4830E-10 1.5234E-10 1.5663E-10 1.6069E-10 1.6503E-10 1.6915E-10 1.7329E-10 1.7776E-10
1.9432E-11 2.0591E-11 2.1763E-11 2.2981E-11 2.4212E-11 2.5570E-11 2.6904E-11 2.8405E-11 3.0079E-11 3.1704E-11 3.3588E-11 3.5423E-11 3.7459E-11 3.9547E-11 4.1496E-11 4.3792E-11 4.5834E-11 4.8237E-11 5.0645E-11 5.3033E-11 5.5553E-11 5.8093E-11 6.0659E-11 6.3403E-11 6.6012E-11 6.8904E-11 7.1551E-11 7.4530E-11 7.7322E-11 8.0394E-11 8.3383E-11 8.6547E-11 8.9729E-11 9.3032E-11 9.6305E-11 9.9749E-11 1.0315E-10 1.0674E-10 1.1027E-10 1.1399E-10 1.1771E-10 1.2149E-10 1.2533E-10 1.2912E-10 1.3319E-10 1.3714E-10 1.4126E-10 1.4531E-10 1.4936E-10 1.5377E-10 1.5790E-10 1.6213E-10 1.6655E-10 1.7078E-10 1.7541E-10 1.7971E-10 1.8402E-10
2.0118E-11 2.1277E-11 2.2562E-11 2.3784E-11 2.5132E-11 2.6457E-11 2.7948E-11 2.9615E-11 3.1232E-11 3.3110E-11 3.5057E-11 3.6973E-11 3.9059E-11 4.1007E-11 4.3304E-11 4.5459E-11 4.7757E-11 5.0171E-11 5.2678E-11 5.5210E-11 5.7760E-11 6.0340E-11 6.3100E-11 6.5780E-11 6.8530E-11 7.1305E-11 7.4203E-11 7.7127E-11 8.0123E-11 8.3198E-11 8.6394E-11 8.9616E-11 9.2909E-11 9.6279E-11 9.9769E-11 1.0328E-10 1.0686E-10 1.1046E-10 1.1424E-10 1.1797E-10 1.2188E-10 1.2574E-10 1.2982E-10 1.3381E-10 1.3790E-10 1.4205E-10 1.4615E-10 1.5056E-10 1.5481E-10 1.5905E-10 1.6360E-10 1.6792E-10 1.7249E-10 1.7705E-10 1.8147E-10 1.8624E-10 1.9071E-10
2.0859E-11 2.2056E-11 2.3342E-11 2.4642E-11 2.5953E-11 2.7475E-11 2.9018E-11 3.0740E-11 3.2609E-11 3.4550E-11 3.6460E-11 3.8595E-11 4.0487E-11 4.2784E-11 4.5048E-11 4.7239E-11 4.9770E-11 5.2171E-11 5.4710E-11 5.7270E-11 5.9968E-11 6.2636E-11 6.5435E-11 6.8098E-11 7.0995E-11 7.3812E-11 7.6812E-11 7.9782E-11 8.2991E-11 8.6115E-11 8.9426E-11 9.2704E-11 9.6221E-11 9.9651E-11 1.0327E-10 1.0685E-10 1.1061E-10 1.1439E-10 1.1829E-10 1.2216E-10 1.2609E-10 1.3025E-10 1.3426E-10 1.3855E-10 1.4268E-10 1.4697E-10 1.5143E-10 1.5572E-10 1.6034E-10 1.6473E-10 1.6922E-10 1.7402E-10 1.7854E-10 1.8341E-10 1.8800E-10 1.9261E-10 1.9767E-10
2.1615E-11 2.2849E-11 2.4136E-11 2.5474E-11 2.6984E-11 2.8516E-11 3.0188E-11 3.2087E-11 3.4020E-11 3.5922E-11 3.8051E-11 3.9938E-11 4.2232E-11 4.4608E-11 4.6836E-11 4.9219E-11 5.1622E-11 5.4323E-11 5.6734E-11 5.9544E-11 6.2120E-11 6.4983E-11 6.7609E-11 7.0573E-11 7.3358E-11 7.6431E-11 7.9373E-11 8.2659E-11 8.5763E-11 8.9157E-11 9.2474E-11 9.6026E-11 9.9501E-11 1.0316E-10 1.0673E-10 1.1065E-10 1.1438E-10 1.1840E-10 1.2228E-10 1.2638E-10 1.3051E-10 1.3470E-10 1.3896E-10 1.4318E-10 1.4777E-10 1.5211E-10 1.5667E-10 1.6123E-10 1.6573E-10 1.7065E-10 1.7525E-10 1.7995E-10 1.8489E-10 1.8961E-10 1.9478E-10 1.9957E-10 2.0437E-10
2.2346E-11 2.3657E-11 2.4945E-11 2.6441E-11 2.7843E-11 2.9658E-11 3.1545E-11 3.3429E-11 3.5361E-11 3.7481E-11 3.9361E-11 4.1650E-11 4.4023E-11 4.6248E-11 4.8629E-11 5.1034E-11 5.3738E-11 5.6261E-11 5.8970E-11 6.1553E-11 6.4427E-11 6.7064E-11 7.0043E-11 7.2843E-11 7.5935E-11 7.9006E-11 8.2208E-11 8.5444E-11 8.8760E-11 9.2216E-11 9.5697E-11 9.9317E-11 1.0291E-10 1.0669E-10 1.1050E-10 1.1433E-10 1.1836E-10 1.2234E-10 1.2657E-10 1.3066E-10 1.3503E-10 1.3926E-10 1.4372E-10 1.4824E-10 1.5267E-10 1.5743E-10 1.6198E-10 1.6675E-10 1.7162E-10 1.7634E-10 1.8142E-10 1.8623E-10 1.9118E-10 1.9639E-10 2.0131E-10 2.0663E-10 2.1161E-10
2.3089E-11 2.4441E-11 2.5922E-11 2.7311E-11 2.9074E-11 3.0947E-11 3.2742E-11 3.4777E-11 3.6887E-11 3.8758E-11 4.1039E-11 4.3406E-11 4.5626E-11 4.8108E-11 5.0407E-11 5.3112E-11 5.5637E-11 5.8350E-11 6.1049E-11 6.3820E-11 6.6465E-11 6.9456E-11 7.2374E-11 7.5375E-11 7.8567E-11 8.1687E-11 8.5049E-11 8.8288E-11 9.1825E-11 9.5286E-11 9.8992E-11 1.0257E-10 1.0645E-10 1.1025E-10 1.1429E-10 1.1821E-10 1.2236E-10 1.2654E-10 1.3080E-10 1.3514E-10 1.3944E-10 1.4413E-10 1.4858E-10 1.5326E-10 1.5795E-10 1.6270E-10 1.6768E-10 1.7245E-10 1.7760E-10 1.8248E-10 1.8746E-10 1.9281E-10 1.9784E-10 2.0316E-10 2.0837E-10 2.1350E-10 2.1901E-10
2.3887E-11 2.5200E-11 2.6725E-11 2.8511E-11 3.0369E-11 3.2151E-11 3.4171E-11 3.6269E-11 3.8130E-11 4.0401E-11 4.2759E-11 4.4972E-11 4.7449E-11 4.9743E-11 5.2447E-11 5.5082E-11 5.7796E-11 6.0387E-11 6.3163E-11 6.5968E-11 6.8812E-11 7.1843E-11 7.4753E-11 7.8011E-11 8.1097E-11 8.4480E-11 8.7740E-11 9.1354E-11 9.4792E-11 9.8532E-11 1.0215E-10 1.0611E-10 1.0990E-10 1.1400E-10 1.1796E-10 1.2221E-10 1.2640E-10 1.3078E-10 1.3513E-10 1.3966E-10 1.4427E-10 1.4890E-10 1.5366E-10 1.5834E-10 1.6334E-10 1.6826E-10 1.7319E-10 1.7839E-10 1.8339E-10 1.8875E-10 1.9397E-10 1.9913E-10 2.0469E-10 2.0994E-10 2.1557E-10 2.2100E-10 2.2634E-10
2.4659E-11 2.6166E-11 2.7818E-11 2.9663E-11 3.1424E-11 3.3431E-11 3.5630E-11 3.7478E-11 3.9737E-11 4.2084E-11 4.4288E-11 4.6757E-11 4.9154E-11 5.1744E-11 5.4376E-11 5.7088E-11 5.9679E-11 6.2456E-11 6.5369E-11 6.8114E-11 7.1152E-11 7.4071E-11 7.7341E-11 8.0440E-11 8.3840E-11 8.7119E-11 9.0756E-11 9.4327E-11 9.7987E-11 1.0174E-10 1.0564E-10 1.0957E-10 1.1360E-10 1.1771E-10 1.2197E-10 1.2621E-10 1.3064E-10 1.3499E-10 1.3965E-10 1.4427E-10 1.4904E-10 1.5383E-10 1.5869E-10 1.6379E-10 1.6870E-10 1.7399E-10 1.7904E-10 1.8425E-10 1.8974E-10 1.9497E-10 2.0062E-10 2.0596E-10 2.1139E-10 2.1713E-10 2.2270E-10 2.2851E-10 2.3415E-10
2.5559E-11 2.7191E-11 2.9016E-11 3.0760E-11 3.2788E-11 3.4807E-11 3.6804E-11 3.9049E-11 4.1383E-11 4.3575E-11 4.6034E-11 4.8534E-11 5.1115E-11 5.3631E-11 5.6339E-11 5.9080E-11 6.1703E-11 6.4617E-11 6.7363E-11 7.0405E-11 7.3330E-11 7.6609E-11 7.9718E-11 8.3132E-11 8.6532E-11 9.0083E-11 9.3778E-11 9.7359E-11 1.0124E-10 1.0507E-10 1.0914E-10 1.1310E-10 1.1736E-10 1.2156E-10 1.2595E-10 1.3033E-10 1.3490E-10 1.3957E-10 1.4421E-10 1.4910E-10 1.5386E-10 1.5886E-10 1.6399E-10 1.6909E-10 1.7438E-10 1.7958E-10 1.8506E-10 1.9045E-10 1.9606E-10 2.0158E-10 2.0705E-10 2.1293E-10 2.1861E-10 2.2442E-10 2.3019E-10 2.3599E-10 2.4201E-10
2.6478E-11 2.8281E-11 3.0120E-11 3.2129E-11 3.4092E-11 3.6071E-11 3.8338E-11 4.0548E-11 4.2797E-11 4.5282E-11 4.7771E-11 5.0342E-11 5.2849E-11 5.5550E-11 5.8286E-11 6.0904E-11 6.3816E-11 6.6560E-11 6.9605E-11 7.2531E-11 7.5817E-11 7.9088E-11 8.2357E-11 8.5927E-11 8.9335E-11 9.3049E-11 9.6649E-11 1.0061E-10 1.0441E-10 1.0852E-10 1.1251E-10 1.1680E-10 1.2105E-10 1.2548E-10 1.2991E-10 1.3454E-10 1.3926E-10 1.4402E-10 1.4892E-10 1.5386E-10 1.5904E-10 1.6404E-10 1.6934E-10 1.7462E-10 1.7997E-10 1.8561E-10 1.9100E-10 1.9684E-10 2.0237E-10 2.0822E-10 2.1398E-10 2.1980E-10 2.2587E-10 2.3179E-10 2.3794E-10 2.4394E-10 2.4986E-10
