Assets/Resources/2015_m01_d12_1700(utc+0800)_l00_csi_1hr_conc.grd
DSAA
         159         159
     -79.000      79.000
     -79.000      79.000
  0.0000E+00  0.1757E-05
[rows 25 to 49 of 159, columns 0 to 56 of 159]
3.7400E-09 3.9512E-09 4.1577E-09 4.3594E-09 4.5551E-09 4.7406E-09 4.9166E-09 5.0813E-09 5.2310E-09 5.3669E-09 5.4864E-09 5.5871E-09 5.6701E-09 5.7330E-09 5.7746E-09 5.7962E-09 5.7962E-09 5.7734E-09 5.7301E-09 5.6640E-09 5.5743E-09 5.4631E-09 5.3310E-09 5.1773E-09 5.0045E-09 4.8162E-09 4.6130E-09 4.3965E-09 4.1717E-09 3.9417E-09 3.7071E-09 3.4703E-09 3.2344E-09 3.0016E-09 2.7731E-09 2.5505E-09 2.3368E-09 2.1305E-09 1.9330E-09 1.7436E-09 1.5617E-09 1.3889E-09 1.2254E-09 1.0728E-09 9.3141E-10 8.0247E-10 6.8624E-10 5.8053E-10 4.8659E-10 4.0320E-10 3.2728E-10 2.5477E-10 1.8932E-10 1.2956E-10 7.6439E-11 9.3200E-12 4.7160E-12
3.9452E-09 4.1717E-09 4.3938E-09 4.6131E-09 4.8248E-09 5.0273E-09 5.2213E-09 5.4029E-09 5.5706E-09 5.7246E-09 5.8607E-09 5.9801E-09 6.0802E-09 6.1589E-09 6.2175E-09 6.2544E-09 6.2680E-09 6.2598E-09 6.2293E-09 6.1729E-09 6.0939E-09 5.9912E-09 5.8635E-09 5.7137E-09 5.5437E-09 5.3540E-09 5.1464E-09 4.9258E-09 4.6938E-09 4.4527E-09 4.2056E-09 3.9566E-09 3.7054E-09 3.4547E-09 3.2068E-09 2.9664E-09 2.7320E-09 2.5048E-09 2.2844E-09 2.0730E-09 1.8708E-09 1.6764E-09 1.4910E-09 1.3163E-09 1.1527E-09 1.0025E-09 8.6475E-10 7.3960E-10 6.2582E-10 5.2392E-10 4.3219E-10 3.4772E-10 2.7025E-10 2.0044E-10 1.4232E-10 7.8738E-11 8.0234E-12
4.1353E-09 4.3764E-09 4.6146E-09 4.8497E-09 5.0766E-09 5.2972E-09 5.5082E-09 5.7065E-09 5.8928E-09 6.0642E-09 6.2184E-09 6.3563E-09 6.4734E-09 6.5703E-09 6.6464E-09 6.6992E-09 6.7297E-09 6.7375E-09 6.7203E-09 6.6784E-09 6.6120E-09 6.5188E-09 6.3999E-09 6.2583E-09 6.0925E-09 5.9042E-09 5.6984E-09 5.4756E-09 5.2381E-09 4.9902E-09 4.7358E-09 4.4743E-09 4.2101E-09 3.9449E-09 3.6818E-09 3.4224E-09 3.1679E-09 2.9216E-09 2.6813E-09 2.4487E-09 2.2233E-09 2.0059E-09 1.7978E-09 1.5992E-09 1.4122E-09 1.2382E-09 1.0761E-09 9.2871E-10 7.9266E-10 6.6969E-10 5.5827E-10 4.5798E-10 3.6615E-10 2.8404E-10 2.1085E-10 1.4855E-10 8.2339E-11
4.3075E-09 4.5619E-09 4.8151E-09 5.0652E-09 5.3077E-09 5.5447E-09 5.7716E-09 5.9872E-09 6.1911E-09 6.3792E-09 6.5528E-09 6.7084E-09 6.8436E-09 6.9593E-09 7.0531E-09 7.1236E-09 7.1724E-09 7.1969E-09 7.1960E-09 7.1713E-09 7.1183E-09 7.0381E-09 6.9326E-09 6.8001E-09 6.6419E-09 6.4612E-09 6.2592E-09 6.0372E-09 5.7996E-09 5.5495E-09 5.2884E-09 5.0197E-09 4.7467E-09 4.4695E-09 4.1920E-09 3.9172E-09 3.6472E-09 3.3830E-09 3.1222E-09 2.8689E-09 2.6235E-09 2.3855E-09 2.1555E-09 1.9337E-09 1.7234E-09 1.5248E-09 1.3393E-09 1.1674E-09 1.0082E-09 8.6170E-10 7.2753E-10 6.0714E-10 4.9644E-10 3.9718E-10 3.0778E-10 2.3079E-10 1.6406E-10
4.4579E-09 4.7255E-09 4.9924E-09 5.2552E-09 5.5129E-09 5.7651E-09 6.0070E-09 6.2394E-09 6.4596E-09 6.6652E-09 6.8568E-09 7.0291E-09 7.1841E-09 7.3178E-09 7.4296E-09 7.5197E-09 7.5874E-09 7.6293E-09 7.6481E-09 7.6408E-09 7.6035E-09 7.5413E-09 7.4501E-09 7.3299E-09 7.1849E-09 7.0139E-09 6.8189E-09 6.6037E-09 6.3701E-09 6.1204E-09 5.8581E-09 5.5873E-09 5.3079E-09 5.0224E-09 4.7359E-09 4.4497E-09 4.1655E-09 3.8844E-09 3.6082E-09 3.3360E-09 3.0705E-09 2.8102E-09 2.5571E-09 2.3128E-09 2.0783E-09 1.8546E-09 1.6435E-09 1.4446E-09 1.2601E-09 1.0872E-09 9.2835E-10 7.8297E-10 6.5091E-10 5.3033E-10 4.2250E-10 3.2821E-10 2.4606E-10
4.5842E-09 4.8632E-09 5.1420E-09 5.4171E-09 5.6885E-09 5.9536E-09 6.2101E-09 6.4579E-09 6.6926E-09 6.9156E-09 7.1235E-09 7.3135E-09 7.4868E-09 7.6382E-09 7.7696E-09 7.8786E-09 7.9650E-09 8.0276E-09 8.0663E-09 8.0767E-09 8.0603E-09 8.0159E-09 7.9414E-09 7.8391E-09 7.7094E-09 7.5519E-09 7.3693E-09 7.1647E-09 6.9383E-09 6.6947E-09 6.4376E-09 6.1671E-09 5.8868E-09 5.5996E-09 5.3075E-09 5.0131E-09 4.7187E-09 4.4261E-09 4.1364E-09 3.8480E-09 3.5649E-09 3.2866E-09 3.0125E-09 2.7458E-09 2.4858E-09 2.2360E-09 1.9980E-09 1.7718E-09 1.5586E-09 1.3572E-09 1.1702E-09 9.9603E-10 8.3801E-10 6.9242E-10 5.6211E-10 4.4582E-10 3.4617E-10
4.6835E-09 4.9728E-09 5.2615E-09 5.5466E-09 5.8303E-09 6.1068E-09 6.3766E-09 6.6374E-09 6.8867E-09 7.1252E-09 7.3477E-09 7.5552E-09 7.7451E-09 7.9140E-09 8.0641E-09 8.1926E-09 8.2981E-09 8.3820E-09 8.4403E-09 8.4715E-09 8.4773E-09 8.4518E-09 8.3983E-09 8.3159E-09 8.2043E-09 8.0648E-09 7.8989E-09 7.7084E-09 7.4950E-09 7.2637E-09 7.0147E-09 6.7510E-09 6.4763E-09 6.1913E-09 5.8981E-09 5.6020E-09 5.3030E-09 5.0036E-09 4.7033E-09 4.4042E-09 4.1066E-09 3.8115E-09 3.5197E-09 3.2332E-09 2.9516E-09 2.6780E-09 2.4139E-09 2.1613E-09 1.9186E-09 1.6893E-09 1.4711E-09 1.2680E-09 1.0794E-09 9.0564E-10 7.4772E-10 6.0533E-10 4.8135E-10
4.7543E-09 5.0511E-09 5.3478E-09 5.6421E-09 5.9355E-09 6.2211E-09 6.5028E-09 6.7744E-09 7.0369E-09 7.2884E-09 7.5249E-09 7.7481E-09 7.9529E-09 8.1397E-09 8.3072E-09 8.4537E-09 8.5793E-09 8.6839E-09 8.7619E-09 8.8164E-09 8.8432E-09 8.8396E-09 8.8099E-09 8.7492E-09 8.6591E-09 8.5417E-09 8.3955E-09 8.2240E-09 8.0299E-09 7.8142E-09 7.5797E-09 7.3296E-09 7.0651E-09 6.7875E-09 6.5011E-09 6.2082E-09 5.9110E-09 5.6091E-09 5.3050E-09 4.9993E-09 4.6929E-09 4.3857E-09 4.0801E-09 3.7760E-09 3.4746E-09 3.1783E-09 2.8892E-09 2.6093E-09 2.3380E-09 2.0784E-09 1.8276E-09 1.5918E-09 1.3696E-09 1.1645E-09 9.7398E-10 8.0156E-10 6.4855E-10
4.7947E-09 5.0975E-09 5.3998E-09 5.7003E-09 6.0011E-09 6.2948E-09 6.5853E-09 6.8656E-09 7.1398E-09 7.4018E-09 7.6506E-09 7.8874E-09 8.1059E-09 8.3086E-09 8.4922E-09 8.6564E-09 8.8014E-09 8.9251E-09 9.0252E-09 9.1017E-09 9.1498E-09 9.1714E-09 9.1648E-09 9.1287E-09 9.0636E-09 8.9702E-09 8.8482E-09 8.7009E-09 8.5295E-09 8.3350E-09 8.1214E-09 7.8898E-09 7.6412E-09 7.3790E-09 7.1052E-09 6.8223E-09 6.5330E-09 6.2362E-09 5.9349E-09 5.6288E-09 5.3192E-09 5.0058E-09 4.6905E-09 4.3740E-09 4.0570E-09 3.7413E-09 3.4305E-09 3.1240E-09 2.8246E-09 2.5320E-09 2.2491E-09 1.9764E-09 1.7178E-09 1.4756E-09 1.2483E-09 1.0419E-09 8.5254E-10
4.8042E-09 5.1097E-09 5.4157E-09 5.7210E-09 6.0264E-09 6.3252E-09 6.6224E-09 6.9093E-09 7.1919E-09 7.4621E-09 7.7220E-09 7.9695E-09 8.1998E-09 8.4168E-09 8.6143E-09 8.7956E-09 8.9586E-09 9.1000E-09 9.2220E-09 9.3187E-09 9.3901E-09 9.4369E-09 9.4545E-09 9.4451E-09 9.4067E-09 9.3402E-09 9.2463E-09 9.1261E-09 8.9820E-09 8.8147E-09 8.6270E-09 8.4192E-09 8.1939E-09 7.9531E-09 7.6986E-09 7.4335E-09 7.1587E-09 6.8752E-09 6.5840E-09 6.2848E-09 5.9783E-09 5.6662E-09 5.3475E-09 5.0237E-09 4.6955E-09 4.3660E-09 4.0366E-09 3.7075E-09 3.3818E-09 3.0588E-09 2.7435E-09 2.4341E-09 2.1386E-09 1.8553E-09 1.5897E-09 1.3404E-09 1.1124E-09
4.7819E-09 5.0885E-09 5.3956E-09 5.7025E-09 6.0100E-09 6.3119E-09 6.6127E-09 6.9036E-09 7.1926E-09 7.4684E-09 7.7359E-09 7.9920E-09 8.2323E-09 8.4612E-09 8.6700E-09 8.8669E-09 9.0454E-09 9.2046E-09 9.3463E-09 9.4627E-09 9.5580E-09 9.6281E-09 9.6711E-09 9.6894E-09 9.6787E-09 9.6419E-09 9.5788E-09 9.4894E-09 9.3763E-09 9.2407E-09 9.0831E-09 8.9056E-09 8.7099E-09 8.4972E-09 8.2693E-09 8.0290E-09 7.7773E-09 7.5151E-09 7.2412E-09 6.9573E-09 6.6636E-09 6.3594E-09 6.0451E-09 5.7218E-09 5.3905E-09 5.0527E-09 4.7090E-09 4.3626E-09 4.0138E-09 3.6653E-09 3.3162E-09 2.9715E-09 2.6357E-09 2.3107E-09 2.0006E-09 1.7061E-09 1.4354E-09
4.7286E-09 5.0333E-09 5.3391E-09 5.6455E-09 5.9525E-09 6.2544E-09 6.5565E-09 6.8487E-09 7.1407E-09 7.4193E-09 7.6929E-09 7.9535E-09 8.2020E-09 8.4394E-09 8.6582E-09 8.8680E-09 9.0588E-09 9.2349E-09 9.3934E-09 9.5296E-09 9.6468E-09 9.7398E-09 9.8090E-09 9.8538E-09 9.8730E-09 9.8665E-09 9.8356E-09 9.7796E-09 9.7016E-09 9.6016E-09 9.4787E-09 9.3365E-09 9.1762E-09 8.9975E-09 8.8033E-09 8.5958E-09 8.3753E-09 8.1419E-09 7.8945E-09 7.6356E-09 7.3621E-09 7.0750E-09 6.7752E-09 6.4615E-09 6.1339E-09 5.7951E-09 5.4478E-09 5.0908E-09 4.7241E-09 4.3521E-09 3.9735E-09 3.5967E-09 3.2215E-09 2.8539E-09 2.4954E-09 2.1545E-09 1.8308E-09
4.6446E-09 4.9456E-09 5.2474E-09 5.5504E-09 5.8544E-09 6.1542E-09 6.4542E-09 6.7451E-09 7.0375E-09 7.3162E-09 7.5923E-09 7.8550E-09 8.1088E-09 8.3509E-09 8.5783E-09 8.7973E-09 8.9989E-09 9.1890E-09 9.3617E-09 9.5169E-09 9.6532E-09 9.7682E-09 9.8625E-09 9.9336E-09 9.9823E-09 1.0007E-08 1.0010E-08 9.9893E-09 9.9480E-09 9.8858E-09 9.8023E-09 9.7005E-09 9.5799E-09 9.4417E-09 9.2880E-09 9.1199E-09 8.9385E-09 8.7418E-09 8.5314E-09 8.3050E-09 8.0614E-09 7.8031E-09 7.5265E-09 7.2314E-09 6.9198E-09 6.5914E-09 6.2461E-09 5.8831E-09 5.5076E-09 5.1179E-09 4.7163E-09 4.3077E-09 3.8931E-09 3.4820E-09 3.0772E-09 2.6818E-09 2.3034E-09
4.5318E-09 4.8266E-09 5.1222E-09 5.4195E-09 5.7178E-09 6.0124E-09 6.3081E-09 6.5950E-09 6.8845E-09 7.1605E-09 7.4360E-09 7.6980E-09 7.9540E-09 8.1983E-09 8.4311E-09 8.6554E-09 8.8662E-09 9.0670E-09 9.2516E-09 9.4224E-09 9.5762E-09 9.7117E-09 9.8291E-09 9.9257E-09 1.0003E-08 1.0058E-08 1.0095E-08 1.0111E-08 1.0108E-08 1.0086E-08 1.0044E-08 9.9856E-09 9.9095E-09 9.8167E-09 9.7094E-09 9.5883E-09 9.4521E-09 9.3010E-09 9.1347E-09 8.9499E-09 8.7489E-09 8.5272E-09 8.2848E-09 8.0219E-09 7.7366E-09 7.4268E-09 7.0944E-09 6.7405E-09 6.3658E-09 5.9661E-09 5.5483E-09 5.1133E-09 4.6684E-09 4.2157E-09 3.7606E-09 3.3115E-09 2.8766E-09
4.3922E-09 4.6788E-09 4.9657E-09 5.2548E-09 5.5453E-09 5.8322E-09 6.1205E-09 6.4007E-09 6.6846E-09 6.9556E-09 7.2270E-09 7.4859E-09 7.7404E-09 7.9842E-09 8.2190E-09 8.4462E-09 8.6626E-09 8.8709E-09 9.0650E-09 9.2480E-09 9.4166E-09 9.5701E-09 9.7084E-09 9.8280E-09 9.9323E-09 1.0018E-08 1.0087E-08 1.0139E-08 1.0175E-08 1.0193E-08 1.0197E-08 1.0183E-08 1.0155E-08 1.0112E-08 1.0055E-08 9.9854E-09 9.9025E-09 9.8044E-09 9.6890E-09 9.5570E-09 9.4054E-09 9.2317E-09 9.0365E-09 8.8158E-09 8.5663E-09 8.2897E-09 7.9860E-09 7.6518E-09 7.2853E-09 6.8886E-09 6.4643E-09 6.0140E-09 5.5422E-09 5.0534E-09 4.5556E-09 4.0569E-09 3.5589E-09
4.2283E-09 4.5044E-09 4.7810E-09 5.0598E-09 5.3398E-09 5.6168E-09 5.8955E-09 6.1665E-09 6.4417E-09 6.7048E-09 6.9695E-09 7.2223E-09 7.4726E-09 7.7131E-09 7.9465E-09 8.1739E-09 8.3922E-09 8.6045E-09 8.8049E-09 8.9974E-09 9.1778E-09 9.3459E-09 9.5021E-09 9.6421E-09 9.7714E-09 9.8854E-09 9.9851E-09 1.0072E-08 1.0145E-08 1.0205E-08 1.0253E-08 1.0286E-08 1.0307E-08 1.0316E-08 1.0314E-08 1.0301E-08 1.0275E-08 1.0235E-08 1.0180E-08 1.0108E-08 1.0014E-08 9.9008E-09 9.7619E-09 9.5932E-09 9.3952E-09 9.1667E-09 8.9019E-09 8.5991E-09 8.2576E-09 7.8785E-09 7.4572E-09 7.0014E-09 6.5130E-09 5.9979E-09 5.4635E-09 4.9096E-09 4.3560E-09
4.0432E-09 4.3070E-09 4.5711E-09 4.8376E-09 5.1054E-09 5.3703E-09 5.6370E-09 5.8967E-09 6.1609E-09 6.4137E-09 6.6684E-09 6.9130E-09 7.1560E-09 7.3904E-09 7.6194E-09 7.8439E-09 8.0609E-09 8.2740E-09 8.4772E-09 8.6757E-09 8.8644E-09 9.0440E-09 9.2145E-09 9.3724E-09 9.5235E-09 9.6617E-09 9.7902E-09 9.9089E-09 1.0020E-08 1.0118E-08 1.0209E-08 1.0289E-08 1.0360E-08 1.0422E-08 1.0476E-08 1.0522E-08 1.0558E-08 1.0580E-08 1.0591E-08 1.0585E-08 1.0559E-08 1.0514E-08 1.0440E-08 1.0337E-08 1.0204E-08 1.0033E-08 9.8219E-09 9.5687E-09 9.2677E-09 8.9174E-09 8.5179E-09 8.0741E-09 7.5843E-09 7.0517E-09 6.4839E-09 5.8896E-09 5.2787E-09
3.8398E-09 4.0898E-09 4.3402E-09 4.5925E-09 4.8463E-09 5.0971E-09 5.3502E-09 5.5963E-09 5.8473E-09 6.0877E-09 6.3304E-09 6.5640E-09 6.7967E-09 7.0228E-09 7.2444E-09 7.4629E-09 7.6758E-09 7.8864E-09 8.0895E-09 8.2900E-09 8.4835E-09 8.6710E-09 8.8520E-09 9.0247E-09 9.1932E-09 9.3528E-09 9.5067E-09 9.6539E-09 9.7986E-09 9.9335E-09 1.0066E-08 1.0190E-08 1.0310E-08 1.0426E-08 1.0535E-08 1.0642E-08 1.0739E-08 1.0829E-08 1.0908E-08 1.0972E-08 1.1022E-08 1.1049E-08 1.1051E-08 1.1027E-08 1.0967E-08 1.0869E-08 1.0731E-08 1.0543E-08 1.0301E-08 1.0002E-08 9.6482E-09 9.2331E-09 8.7576E-09 8.2297E-09 7.6488E-09 7.0260E-09 6.3653E-09
3.6218E-09 3.8567E-09 4.0919E-09 4.3288E-09 4.5672E-09 4.8024E-09 5.0402E-09 5.2709E-09 5.5072E-09 5.7329E-09 5.9617E-09 6.1822E-09 6.4028E-09 6.6178E-09 6.8292E-09 7.0394E-09 7.2450E-09 7.4502E-09 7.6499E-09 7.8490E-09 8.0439E-09 8.2354E-09 8.4233E-09 8.6060E-09 8.7883E-09 8.9652E-09 9.1405E-09 9.3127E-09 9.4869E-09 9.6542E-09 9.8255E-09 9.9908E-09 1.0156E-08 1.0323E-08 1.0485E-08 1.0653E-08 1.0812E-08 1.0969E-08 1.1118E-08 1.1257E-08 1.1384E-08 1.1491E-08 1.1578E-08 1.1636E-08 1.1662E-08 1.1652E-08 1.1597E-08 1.1489E-08 1.1320E-08 1.1095E-08 1.0800E-08 1.0433E-08 9.9973E-09 9.4882E-09 8.9096E-09 8.2675E-09 7.5723E-09
3.3928E-09 3.6119E-09 3.8306E-09 4.0511E-09 4.2728E-09 4.4914E-09 4.7124E-09 4.9268E-09 5.1465E-09 5.3562E-09 5.5697E-09 5.7750E-09 5.9816E-09 6.1833E-09 6.3827E-09 6.5819E-09 6.7779E-09 6.9748E-09 7.1679E-09 7.3626E-09 7.5555E-09 7.7474E-09 7.9383E-09 8.1267E-09 8.3187E-09 8.5084E-09 8.7004E-09 8.8931E-09 9.0915E-09 9.2876E-09 9.4923E-09 9.6939E-09 9.9018E-09 1.0116E-08 1.0327E-08 1.0552E-08 1.0770E-08 1.0995E-08 1.1212E-08 1.1427E-08 1.1631E-08 1.1823E-08 1.1996E-08 1.2145E-08 1.2268E-08 1.2352E-08 1.2394E-08 1.2381E-08 1.2316E-08 1.2181E-08 1.1969E-08 1.1684E-08 1.1313E-08 1.0851E-08 1.0305E-08 9.6686E-09 8.9580E-09
3.1562E-09 3.3587E-09 3.5606E-09 3.7640E-09 3.9681E-09 4.1695E-09 4.3727E-09 4.5697E-09 4.7718E-09 4.9646E-09 5.1610E-09 5.3503E-09 5.5414E-09 5.7280E-09 5.9138E-09 6.0995E-09 6.2837E-09 6.4699E-09 6.6540E-09 6.8416E-09 7.0288E-09 7.2178E-09 7.4078E-09 7.5983E-09 7.7958E-09 7.9931E-09 8.1973E-09 8.4052E-09 8.6231E-09 8.8420E-09 9.0746E-09 9.3071E-09 9.5518E-09 9.8067E-09 1.0064E-08 1.0340E-08 1.0613E-08 1.0900E-08 1.1183E-08 1.1471E-08 1.1752E-08 1.2029E-08 1.2289E-08 1.2536E-08 1.2757E-08 1.2946E-08 1.3093E-08 1.3197E-08 1.3246E-08 1.3220E-08 1.3130E-08 1.2950E-08 1.2675E-08 1.2298E-08 1.1808E-08 1.1215E-08 1.0514E-08
2.9160E-09 3.1013E-09 3.2862E-09 3.4717E-09 3.6583E-09 3.8414E-09 4.0266E-09 4.2056E-09 4.3895E-09 4.5647E-09 4.7432E-09 4.9154E-09 5.0897E-09 5.2606E-09 5.4309E-09 5.6022E-09 5.7727E-09 5.9460E-09 6.1191E-09 6.2964E-09 6.4755E-09 6.6580E-09 6.8440E-09 7.0325E-09 7.2313E-09 7.4322E-09 7.6433E-09 7.8611E-09 8.0928E-09 8.3287E-09 8.5823E-09 8.8405E-09 9.1150E-09 9.4044E-09 9.6999E-09 1.0021E-08 1.0343E-08 1.0685E-08 1.1028E-08 1.1385E-08 1.1739E-08 1.2096E-08 1.2443E-08 1.2788E-08 1.3111E-08 1.3408E-08 1.3676E-08 1.3906E-08 1.4075E-08 1.4194E-08 1.4233E-08 1.4183E-08 1.4033E-08 1.3765E-08 1.3374E-08 1.2851E-08 1.2187E-08
2.6750E-09 2.8431E-09 3.0111E-09 3.1786E-09 3.3476E-09 3.5124E-09 3.6797E-09 3.8400E-09 4.0060E-09 4.1627E-09 4.3235E-09 4.4780E-09 4.6351E-09 4.7892E-09 4.9429E-09 5.0987E-09 5.2541E-09 5.4134E-09 5.5732E-09 5.7386E-09 5.9070E-09 6.0803E-09 6.2592E-09 6.4424E-09 6.6379E-09 6.8384E-09 7.0513E-09 7.2742E-09 7.5137E-09 7.7605E-09 8.0289E-09 8.3051E-09 8.6024E-09 8.9190E-09 9.2441E-09 9.6025E-09 9.9638E-09 1.0355E-08 1.0749E-08 1.1167E-08 1.1586E-08 1.2018E-08 1.2447E-08 1.2887E-08 1.3307E-08 1.3721E-08 1.4113E-08 1.4470E-08 1.4789E-08 1.5060E-08 1.5254E-08 1.5370E-08 1.5375E-08 1.5261E-08 1.5004E-08 1.4582E-08 1.4005E-08
2.4369E-09 2.5878E-09 2.7389E-09 2.8890E-09 3.0402E-09 3.1873E-09 3.3365E-09 3.4788E-09 3.6264E-09 3.7650E-09 3.9078E-09 4.0446E-09 4.1845E-09 4.3213E-09 4.4584E-09 4.5978E-09 4.7374E-09 4.8816E-09 5.0265E-09 5.1788E-09 5.3343E-09 5.4965E-09 5.6655E-09 5.8400E-09 6.0292E-09 6.2247E-09 6.4358E-09 6.6579E-09 6.9001E-09 7.1509E-09 7.4280E-09 7.7147E-09 8.0271E-09 8.3623E-09 8.7083E-09 9.0950E-09 9.4875E-09 9.9164E-09 1.0353E-08 1.0821E-08 1.1295E-08 1.1793E-08 1.2297E-08 1.2822E-08 1.3340E-08 1.3867E-08 1.4378E-08 1.4875E-08 1.5350E-08 1.5779E-08 1.6158E-08 1.6449E-08 1.6651E-08 1.6720E-08 1.6636E-08 1.6378E-08 1.5926E-08
2.2041E-09 2.3379E-09 2.4733E-09 2.6061E-09 2.7400E-09 2.8702E-09 3.0013E-09 3.1269E-09 3.2559E-09 3.3777E-09 3.5023E-09 3.6220E-09 3.7443E-09 3.8642E-09 3.9847E-09 4.1074E-09 4.2312E-09 4.3594E-09 4.4891E-09 4.6267E-09 4.7682E-09 4.9176E-09 5.0742E-09 5.2380E-09 5.4174E-09 5.6050E-09 5.8093E-09 6.0263E-09 6.2655E-09 6.5150E-09 6.7940E-09 7.0848E-09 7.4039E-09 7.7490E-09 8.1075E-09 8.5113E-09 8.9249E-09 9.3806E-09 9.8479E-09 1.0354E-08 1.0872E-08 1.1426E-08 1.1989E-08 1.2594E-08 1.3197E-08 1.3827E-08 1.4460E-08 1.5095E-08 1.5723E-08 1.6331E-08 1.6896E-08 1.7409E-08 1.7828E-08 1.8119E-08 1.8256E-08 1.8200E-08 1.7922E-08
