Assets/Resources/2015_m01_d31_2300(utc+0800)_l00_csi_1hr_conc.grd
DSAA
         159         159
     -79.000      79.000
     -79.000      79.000
  0.0000E+00  0.2029E-04
[rows 75 to 99 of 159, columns 0 to 56 of 159]
1.2729E-10 1.3943E-10 1.5425E-10 1.6783E-10 1.8320E-10 1.9742E-10 2.1246E-10 2.3041E-10 2.4772E-10 2.6800E-10 2.8784E-10 3.1070E-10 3.3332E-10 3.5729E-10 3.8469E-10 4.1184E-10 4.4243E-10 4.7311E-10 5.0547E-10 5.4278E-10 5.7921E-10 6.1752E-10 6.6158E-10 7.0448E-10 7.5325E-10 8.0110E-10 8.5486E-10 9.0802E-10 9.6361E-10 1.0258E-09 1.0873E-09 1.1560E-09 1.2240E-09 1.2948E-09 1.3738E-09 1.4519E-09 1.5333E-09 1.6180E-09 1.7125E-09 1.8058E-09 1.9029E-09 2.0040E-09 2.1158E-09 2.2268E-09 2.3425E-09 2.4630E-09 2.5997E-09 2.7334E-09 2.8847E-09 3.0345E-09 3.1921E-09 3.3740E-09 3.5532E-09 3.7556E-09 3.9609E-09 4.1796E-09 4.4129E-09
1.1442E-10 1.2586E-10 1.3968E-10 1.5223E-10 1.6559E-10 1.8048E-10 1.9431E-10 2.1088E-10 2.2682E-10 2.4557E-10 2.6387E-10 2.8329E-10 3.0593E-10 3.2810E-10 3.5358E-10 3.7881E-10 4.0549E-10 4.3572E-10 4.6578E-10 4.9745E-10 5.3446E-10 5.7014E-10 6.1129E-10 6.5133E-10 6.9696E-10 7.4170E-10 7.9208E-10 8.4187E-10 8.9400E-10 9.5242E-10 1.0101E-09 1.0704E-09 1.1388E-09 1.2055E-09 1.2801E-09 1.3538E-09 1.4307E-09 1.5108E-09 1.6003E-09 1.6886E-09 1.7807E-09 1.8766E-09 1.9828E-09 2.0884E-09 2.1984E-09 2.3131E-09 2.4435E-09 2.5710E-09 2.7155E-09 2.8587E-09 3.0093E-09 3.1834E-09 3.3550E-09 3.5490E-09 3.7458E-09 3.9555E-09 4.1795E-09
1.0121E-10 1.1337E-10 1.2413E-10 1.3807E-10 1.5008E-10 1.6459E-10 1.7737E-10 1.9263E-10 2.0729E-10 2.2287E-10 2.4142E-10 2.5932E-10 2.8030E-10 3.0082E-10 3.2441E-10 3.4775E-10 3.7245E-10 4.0049E-10 4.2836E-10 4.5774E-10 4.9216E-10 5.2532E-10 5.6367E-10 6.0094E-10 6.4352E-10 6.8525E-10 7.2901E-10 7.7887E-10 8.2761E-10 8.8235E-10 9.3642E-10 9.9293E-10 1.0572E-09 1.1199E-09 1.1853E-09 1.2594E-09 1.3318E-09 1.4073E-09 1.4918E-09 1.5752E-09 1.6622E-09 1.7528E-09 1.8534E-09 1.9534E-09 2.0577E-09 2.1664E-09 2.2903E-09 2.4114E-09 2.5381E-09 2.6851E-09 2.8283E-09 2.9941E-09 3.1576E-09 3.3426E-09 3.5303E-09 3.7291E-09 3.9429E-09
8.8972E-11 9.9914E-11 1.1045E-10 1.2423E-10 1.3581E-10 1.4972E-10 1.6160E-10 1.7396E-10 1.8907E-10 2.0337E-10 2.2051E-10 2.3702E-10 2.5637E-10 2.7528E-10 2.9532E-10 3.1861E-10 3.4141E-10 3.6736E-10 3.9314E-10 4.2034E-10 4.5228E-10 4.8303E-10 5.1867E-10 5.5329E-10 5.8966E-10 6.3175E-10 6.7248E-10 7.1901E-10 7.6446E-10 8.1204E-10 8.6613E-10 9.1896E-10 9.7915E-10 1.0378E-09 1.0991E-09 1.1687E-09 1.2367E-09 1.3076E-09 1.3871E-09 1.4656E-09 1.5475E-09 1.6330E-09 1.7221E-09 1.8222E-09 1.9207E-09 2.0235E-09 2.1406E-09 2.2551E-09 2.3752E-09 2.5143E-09 2.6500E-09 2.8072E-09 2.9608E-09 3.1250E-09 3.3145E-09 3.5031E-09 3.7061E-09
7.2809E-11 8.7715E-11 9.7446E-11 1.1030E-10 1.2157E-10 1.3230E-10 1.4543E-10 1.5825E-10 1.7216E-10 1.8530E-10 2.0105E-10 2.1621E-10 2.3230E-10 2.5141E-10 2.6985E-10 2.9133E-10 3.1234E-10 3.3456E-10 3.6009E-10 3.8520E-10 4.1167E-10 4.4322E-10 4.7316E-10 5.0833E-10 5.4206E-10 5.8116E-10 6.1900E-10 6.6229E-10 7.0457E-10 7.4885E-10 7.9930E-10 8.4855E-10 9.0477E-10 9.5958E-10 1.0169E-09 1.0820E-09 1.1456E-09 1.2120E-09 1.2866E-09 1.3602E-09 1.4371E-09 1.5174E-09 1.6011E-09 1.6952E-09 1.7879E-09 1.8847E-09 1.9856E-09 2.1029E-09 2.2161E-09 2.3459E-09 2.4738E-09 2.6222E-09 2.7670E-09 2.9220E-09 3.1010E-09 3.2790E-09 3.4708E-09
6.1682E-11 6.9943E-11 8.4987E-11 9.5891E-11 1.0760E-10 1.1791E-10 1.3153E-10 1.4242E-10 1.5522E-10 1.6720E-10 1.7996E-10 1.9684E-10 2.1159E-10 2.2915E-10 2.4608E-10 2.6584E-10 2.8516E-10 3.0560E-10 3.2914E-10 3.5228E-10 3.7668E-10 4.0584E-10 4.3348E-10 4.6604E-10 4.9722E-10 5.3347E-10 5.6851E-10 6.0528E-10 6.4791E-10 6.8902E-10 7.3593E-10 7.8172E-10 8.2961E-10 8.8511E-10 9.3848E-10 9.9926E-10 1.0586E-09 1.1206E-09 1.1854E-09 1.2591E-09 1.3311E-09 1.4062E-09 1.4846E-09 1.5728E-09 1.6583E-09 1.7491E-09 1.8438E-09 1.9539E-09 2.0602E-09 2.1819E-09 2.3020E-09 2.4285E-09 2.5772E-09 2.7228E-09 2.8909E-09 3.0580E-09 3.2380E-09
4.9520E-11 5.8760E-11 7.0045E-11 8.3955E-11 9.4940E-11 1.0450E-10 1.1569E-10 1.2776E-10 1.3791E-10 1.5042E-10 1.6341E-10 1.7763E-10 1.9109E-10 2.0717E-10 2.2265E-10 2.3907E-10 2.5847E-10 2.7858E-10 2.9842E-10 3.2150E-10 3.4394E-10 3.7082E-10 3.9629E-10 4.2308E-10 4.5511E-10 4.8534E-10 5.2098E-10 5.5497E-10 5.9446E-10 6.3252E-10 6.7238E-10 7.1847E-10 7.6290E-10 8.1446E-10 8.6404E-10 9.1587E-10 9.7578E-10 1.0335E-09 1.0938E-09 1.1612E-09 1.2283E-09 1.2984E-09 1.3715E-09 1.4539E-09 1.5351E-09 1.6185E-09 1.7071E-09 1.8100E-09 1.9093E-09 2.0120E-09 2.1353E-09 2.2535E-09 2.3924E-09 2.5285E-09 2.6854E-09 2.8410E-09 3.0090E-09
3.8432E-11 4.7878E-11 5.7032E-11 6.7475E-11 8.1498E-11 9.3371E-11 1.0281E-10 1.1381E-10 1.2341E-10 1.3489E-10 1.4686E-10 1.5812E-10 1.7208E-10 1.8511E-10 2.0089E-10 2.1589E-10 2.3504E-10 2.5220E-10 2.7036E-10 2.9153E-10 3.1211E-10 3.3381E-10 3.6021E-10 3.8484E-10 4.1434E-10 4.4218E-10 4.7505E-10 5.0639E-10 5.4286E-10 5.7800E-10 6.1482E-10 6.5748E-10 6.9858E-10 7.4636E-10 7.9229E-10 8.4032E-10 8.9592E-10 9.4950E-10 1.0055E-09 1.0680E-09 1.1303E-09 1.1955E-09 1.2636E-09 1.3346E-09 1.4158E-09 1.4934E-09 1.5759E-09 1.6619E-09 1.7640E-09 1.8594E-09 1.9741E-09 2.0842E-09 2.2131E-09 2.3398E-09 2.4850E-09 2.6294E-09 2.7853E-09
8.5483E-12 3.4996E-11 4.5163E-11 5.3792E-11 6.9395E-11 8.2042E-11 9.0523E-11 9.9304E-11 1.1003E-10 1.2035E-10 1.3157E-10 1.4178E-10 1.5449E-10 1.6634E-10 1.8073E-10 1.9579E-10 2.1030E-10 2.2770E-10 2.4429E-10 2.6182E-10 2.8249E-10 3.0235E-10 3.2657E-10 3.4915E-10 3.7626E-10 4.0181E-10 4.2866E-10 4.6087E-10 4.9111E-10 5.2683E-10 5.6075E-10 6.0011E-10 6.3803E-10 6.7770E-10 7.2458E-10 7.6897E-10 8.2041E-10 8.6997E-10 9.2181E-10 9.7597E-10 1.0373E-09 1.0977E-09 1.1608E-09 1.2267E-09 1.3019E-09 1.3737E-09 1.4503E-09 1.5300E-09 1.6246E-09 1.7129E-09 1.8191E-09 1.9211E-09 2.0418E-09 2.1568E-09 2.2802E-09 2.4236E-09 2.5675E-09
0.0000E+00 0.0000E+00 1.1934E-11 4.0073E-11 5.3235E-11 6.8286E-11 7.9296E-11 8.7450E-11 9.8761E-11 1.0729E-10 1.1746E-10 1.2670E-10 1.3653E-10 1.4899E-10 1.6184E-10 1.7594E-10 1.8913E-10 2.0500E-10 2.2011E-10 2.3609E-10 2.5498E-10 2.7311E-10 2.9221E-10 3.1593E-10 3.3765E-10 3.6417E-10 3.8877E-10 4.1834E-10 4.4609E-10 4.7892E-10 5.1009E-10 5.4274E-10 5.8118E-10 6.1769E-10 6.6089E-10 7.0179E-10 7.4455E-10 7.9493E-10 8.4275E-10 8.9274E-10 9.4919E-10 1.0050E-09 1.0633E-09 1.1242E-09 1.1877E-09 1.2614E-09 1.3306E-09 1.4042E-09 1.4914E-09 1.5729E-09 1.6597E-09 1.7648E-09 1.8613E-09 1.9803E-09 2.0918E-09 2.2252E-09 2.3553E-09
0.0000E+00 0.0000E+00 0.0000E+00 1.9296E-12 1.7336E-11 5.1062E-11 6.5268E-11 7.6296E-11 8.5492E-11 9.5185E-11 1.0284E-10 1.1280E-10 1.2168E-10 1.3444E-10 1.4480E-10 1.5761E-10 1.6958E-10 1.8227E-10 1.9774E-10 2.1227E-10 2.2763E-10 2.4600E-10 2.6341E-10 2.8641E-10 3.0633E-10 3.3050E-10 3.5307E-10 3.8006E-10 4.0554E-10 4.3216E-10 4.6417E-10 4.9268E-10 5.2796E-10 5.6147E-10 5.9650E-10 6.3872E-10 6.7802E-10 7.2433E-10 7.6832E-10 8.1430E-10 8.6232E-10 9.1743E-10 9.7112E-10 1.0272E-09 1.0857E-09 1.1535E-09 1.2169E-09 1.2847E-09 1.3554E-09 1.4390E-09 1.5189E-09 1.6129E-09 1.7027E-09 1.8094E-09 1.9133E-09 2.0214E-09 2.1536E-09
0.0000E+00 0.0000E+00 0.0000E+00 0.0000E+00 3.0242E-12 7.3504E-12 2.6954E-11 4.7112E-11 7.0935E-11 8.3703E-11 9.1034E-11 1.0003E-10 1.0951E-10 1.1805E-10 1.2911E-10 1.3906E-10 1.5155E-10 1.6304E-10 1.7709E-10 1.9027E-10 2.0420E-10 2.2237E-10 2.3821E-10 2.5488E-10 2.7567E-10 2.9489E-10 3.1854E-10 3.4016E-10 3.6643E-10 3.9083E-10 4.2001E-10 4.4746E-10 4.7608E-10 5.0894E-10 5.4101E-10 5.7968E-10 6.1569E-10 6.5331E-10 6.9846E-10 7.4063E-10 7.8468E-10 8.3505E-10 8.8431E-10 9.3576E-10 9.8945E-10 1.0495E-09 1.1091E-09 1.1712E-09 1.2340E-09 1.3123E-09 1.3833E-09 1.4700E-09 1.5498E-09 1.6361E-09 1.7434E-09 1.8414E-09 1.9612E-09
0.0000E+00 0.0000E+00 0.0000E+00 0.0000E+00 9.3314E-13 5.9247E-12 8.9640E-12 1.8447E-11 3.9981E-11 5.6721E-11 6.7131E-11 8.0149E-11 9.3046E-11 1.0272E-10 1.1470E-10 1.2366E-10 1.3496E-10 1.4533E-10 1.5633E-10 1.7147E-10 1.8410E-10 1.9743E-10 2.1363E-10 2.2875E-10 2.4734E-10 2.6485E-10 2.8597E-10 3.0593E-10 3.2673E-10 3.5237E-10 3.7566E-10 4.0399E-10 4.3019E-10 4.6114E-10 4.9064E-10 5.1986E-10 5.5748E-10 5.9186E-10 6.3311E-10 6.7166E-10 7.1193E-10 7.5199E-10 8.0239E-10 8.4946E-10 8.9657E-10 9.4761E-10 1.0055E-09 1.0623E-09 1.1215E-09 1.1811E-09 1.2562E-09 1.3248E-09 1.4071E-09 1.4855E-09 1.5801E-09 1.6708E-09 1.7787E-09
0.0000E+00 0.0000E+00 0.0000E+00 0.0000E+00 0.0000E+00 2.0143E-12 6.8716E-12 1.0191E-11 1.5253E-11 2.8918E-11 5.0454E-11 6.1121E-11 6.9246E-11 7.9794E-11 8.9125E-11 1.0308E-10 1.1366E-10 1.2666E-10 1.3654E-10 1.5091E-10 1.6229E-10 1.7432E-10 1.9098E-10 2.0467E-10 2.1907E-10 2.3705E-10 2.5347E-10 2.7420E-10 2.9325E-10 3.1611E-10 3.3761E-10 3.6315E-10 3.8520E-10 4.1032E-10 4.4036E-10 4.6848E-10 5.0286E-10 5.3213E-10 5.6486E-10 6.0491E-10 6.4165E-10 6.7791E-10 7.2384E-10 7.6679E-10 8.1161E-10 8.5588E-10 9.1037E-10 9.6208E-10 1.0138E-09 1.0692E-09 1.1340E-09 1.1967E-09 1.2723E-09 1.3409E-09 1.4156E-09 1.5090E-09 1.5933E-09
0.0000E+00 0.0000E+00 0.0000E+00 0.0000E+00 0.0000E+00 0.0000E+00 3.7398E-12 8.3123E-12 1.1426E-11 1.6319E-11 1.9261E-11 4.3485E-11 5.5047E-11 6.4650E-11 7.3168E-11 8.3579E-11 9.3624E-11 1.0151E-10 1.1426E-10 1.2579E-10 1.3761E-10 1.5058E-10 1.6196E-10 1.7820E-10 1.9117E-10 2.0480E-10 2.2184E-10 2.3769E-10 2.5744E-10 2.7540E-10 2.9792E-10 3.1838E-10 3.4292E-10 3.6592E-10 3.9273E-10 4.1845E-10 4.4545E-10 4.7876E-10 5.0637E-10 5.4275E-10 5.7616E-10 6.1104E-10 6.4520E-10 6.8958E-10 7.3023E-10 7.7231E-10 8.1391E-10 8.6632E-10 9.1474E-10 9.6205E-10 1.0136E-09 1.0774E-09 1.1364E-09 1.2066E-09 1.2738E-09 1.3566E-09 1.4314E-09
0.0000E+00 0.0000E+00 0.0000E+00 0.0000E+00 0.0000E+00 0.0000E+00 0.0000E+00 6.3464E-12 9.3730E-12 1.2388E-11 1.7124E-11 1.9897E-11 2.8674E-11 4.9538E-11 5.8280E-11 6.6520E-11 7.7034E-11 8.6388E-11 9.5613E-11 1.0623E-10 1.1732E-10 1.2868E-10 1.3882E-10 1.5184E-10 1.6534E-10 1.7756E-10 1.9258E-10 2.0899E-10 2.2612E-10 2.4261E-10 2.6235E-10 2.8138E-10 3.0307E-10 3.2469E-10 3.4614E-10 3.7222E-10 3.9658E-10 4.2727E-10 4.5202E-10 4.8022E-10 5.1532E-10 5.4693E-10 5.7988E-10 6.1998E-10 6.5435E-10 6.9243E-10 7.3207E-10 7.7305E-10 8.2193E-10 8.6433E-10 9.1072E-10 9.6679E-10 1.0168E-09 1.0718E-09 1.1407E-09 1.2030E-09 1.2792E-09
0.0000E+00 0.0000E+00 0.0000E+00 0.0000E+00 0.0000E+00 0.0000E+00 0.0000E+00 0.0000E+00 7.6143E-12 1.0433E-11 1.4926E-11 1.7520E-11 2.2180E-11 2.6898E-11 3.2004E-11 5.3175E-11 6.2407E-11 7.2632E-11 7.9100E-11 9.0467E-11 9.8162E-11 1.1070E-10 1.1970E-10 1.2922E-10 1.4371E-10 1.5464E-10 1.6611E-10 1.8255E-10 1.9578E-10 2.1254E-10 2.2772E-10 2.4655E-10 2.6465E-10 2.8581E-10 3.0598E-10 3.2896E-10 3.5109E-10 3.7424E-10 4.0367E-10 4.2954E-10 4.6116E-10 4.8979E-10 5.1718E-10 5.4816E-10 5.8613E-10 6.2055E-10 6.5624E-10 6.8982E-10 7.3276E-10 7.7319E-10 8.1510E-10 8.5815E-10 9.0801E-10 9.5681E-10 1.0153E-09 1.0715E-09 1.1280E-09
0.0000E+00 0.0000E+00 0.0000E+00 0.0000E+00 0.0000E+00 0.0000E+00 0.0000E+00 0.0000E+00 0.0000E+00 7.3219E-12 1.1222E-11 1.5755E-11 1.8018E-11 2.2377E-11 2.4981E-11 3.3645E-11 4.1502E-11 5.4963E-11 6.6323E-11 7.4315E-11 8.2776E-11 9.2573E-11 1.0220E-10 1.1315E-10 1.2210E-10 1.3360E-10 1.4381E-10 1.5705E-10 1.7042E-10 1.8282E-10 1.9813E-10 2.1265E-10 2.3104E-10 2.4767E-10 2.7013E-10 2.8886E-10 3.1117E-10 3.2958E-10 3.5663E-10 3.7999E-10 4.0396E-10 4.3474E-10 4.6163E-10 4.8937E-10 5.2302E-10 5.5411E-10 5.8304E-10 6.1521E-10 6.4853E-10 6.8880E-10 7.2626E-10 7.6217E-10 8.0205E-10 8.5038E-10 8.9475E-10 9.4944E-10 9.9819E-10
0.0000E+00 0.0000E+00 0.0000E+00 0.0000E+00 0.0000E+00 0.0000E+00 0.0000E+00 0.0000E+00 0.0000E+00 0.0000E+00 8.2379E-12 1.1853E-11 1.6212E-11 1.8388E-11 2.2396E-11 2.4941E-11 3.1561E-11 3.6991E-11 4.9179E-11 5.8533E-11 6.8234E-11 7.8309E-11 8.5028E-11 9.6192E-11 1.0407E-10 1.1498E-10 1.2594E-10 1.3549E-10 1.4674E-10 1.5814E-10 1.7356E-10 1.8679E-10 2.0177E-10 2.1705E-10 2.3442E-10 2.5227E-10 2.7016E-10 2.9089E-10 3.1089E-10 3.3556E-10 3.5826E-10 3.8110E-10 4.1014E-10 4.3529E-10 4.6091E-10 4.8946E-10 5.1735E-10 5.4651E-10 5.7624E-10 6.0685E-10 6.4392E-10 6.7564E-10 7.1083E-10 7.4719E-10 7.9174E-10 8.3186E-10 8.8033E-10
0.0000E+00 0.0000E+00 0.0000E+00 0.0000E+00 0.0000E+00 0.0000E+00 0.0000E+00 0.0000E+00 0.0000E+00 0.0000E+00 2.1843E-12 7.6274E-12 1.2453E-11 1.6277E-11 1.8367E-11 2.2302E-11 2.4775E-11 2.9334E-11 3.4579E-11 4.2058E-11 4.8271E-11 6.1859E-11 7.1863E-11 7.8067E-11 8.8850E-11 9.8190E-11 1.0787E-10 1.1630E-10 1.2717E-10 1.3775E-10 1.4841E-10 1.6015E-10 1.7496E-10 1.8939E-10 2.0392E-10 2.2032E-10 2.3651E-10 2.5328E-10 2.7299E-10 2.9166E-10 3.1530E-10 3.3647E-10 3.6221E-10 3.8489E-10 4.0537E-10 4.2851E-10 4.5681E-10 4.8264E-10 5.0925E-10 5.3692E-10 5.6916E-10 5.9696E-10 6.2795E-10 6.5924E-10 6.9606E-10 7.3278E-10 7.6862E-10
0.0000E+00 0.0000E+00 0.0000E+00 0.0000E+00 0.0000E+00 0.0000E+00 0.0000E+00 0.0000E+00 0.0000E+00 0.0000E+00 0.0000E+00 3.3620E-12 8.1093E-12 1.4424E-11 1.6265E-11 1.8194E-11 2.2097E-11 2.4486E-11 2.8987E-11 3.4009E-11 4.1264E-11 4.5320E-11 5.3518E-11 6.3219E-11 7.2947E-11 8.1451E-11 9.0317E-11 9.9435E-11 1.0932E-10 1.1787E-10 1.2850E-10 1.3928E-10 1.5033E-10 1.6212E-10 1.7491E-10 1.8783E-10 2.0351E-10 2.2139E-10 2.3825E-10 2.5539E-10 2.7241E-10 2.9444E-10 3.1221E-10 3.3610E-10 3.5689E-10 3.7772E-10 3.9854E-10 4.2486E-10 4.4880E-10 4.7257E-10 4.9556E-10 5.2510E-10 5.5188E-10 5.7953E-10 6.0808E-10 6.3978E-10 6.7373E-10
0.0000E+00 0.0000E+00 0.0000E+00 0.0000E+00 0.0000E+00 0.0000E+00 0.0000E+00 0.0000E+00 0.0000E+00 0.0000E+00 0.0000E+00 0.0000E+00 3.4983E-12 7.3501E-12 1.3135E-11 1.6176E-11 1.7931E-11 2.1783E-11 2.4078E-11 2.8500E-11 3.1408E-11 3.8483E-11 4.4144E-11 5.0196E-11 5.6753E-11 6.6015E-11 7.4028E-11 8.2405E-11 9.3116E-11 1.0030E-10 1.0992E-10 1.1854E-10 1.2824E-10 1.3787E-10 1.5106E-10 1.6293E-10 1.7588E-10 1.8977E-10 2.0433E-10 2.1956E-10 2.3560E-10 2.5552E-10 2.7258E-10 2.9028E-10 3.1098E-10 3.2997E-10 3.4951E-10 3.7213E-10 3.9305E-10 4.1262E-10 4.3419E-10 4.5637E-10 4.8250E-10 5.0729E-10 5.3212E-10 5.5677E-10 5.8789E-10
0.0000E+00 0.0000E+00 0.0000E+00 0.0000E+00 0.0000E+00 0.0000E+00 0.0000E+00 0.0000E+00 0.0000E+00 0.0000E+00 0.0000E+00 0.0000E+00 0.0000E+00 3.7287E-12 7.6196E-12 1.3065E-11 1.5901E-11 1.9327E-11 2.1364E-11 2.3556E-11 2.7878E-11 3.0647E-11 3.5576E-11 4.0999E-11 4.6729E-11 5.2995E-11 5.9555E-11 6.6659E-11 7.4504E-11 8.4721E-11 9.1249E-11 1.0032E-10 1.0788E-10 1.1853E-10 1.2822E-10 1.3812E-10 1.4889E-10 1.6038E-10 1.7562E-10 1.8945E-10 2.0372E-10 2.1849E-10 2.3611E-10 2.5088E-10 2.6672E-10 2.8617E-10 3.0329E-10 3.1934E-10 3.4071E-10 3.5889E-10 3.7884E-10 3.9812E-10 4.1781E-10 4.4096E-10 4.6308E-10 4.8563E-10 5.0913E-10
0.0000E+00 0.0000E+00 0.0000E+00 0.0000E+00 0.0000E+00 0.0000E+00 0.0000E+00 0.0000E+00 0.0000E+00 0.0000E+00 0.0000E+00 0.0000E+00 0.0000E+00 0.0000E+00 2.8818E-12 6.2966E-12 1.1703E-11 1.4323E-11 1.8907E-11 2.0847E-11 2.2928E-11 2.7132E-11 2.9752E-11 3.4524E-11 3.7743E-11 4.5126E-11 4.9118E-11 5.7241E-11 6.2041E-11 6.7085E-11 7.6385E-11 8.2261E-11 9.0745E-11 9.9854E-11 1.0764E-10 1.1567E-10 1.2696E-10 1.3758E-10 1.4787E-10 1.6059E-10 1.7265E-10 1.8547E-10 1.9824E-10 2.1451E-10 2.2791E-10 2.4194E-10 2.5994E-10 2.7578E-10 2.9179E-10 3.1099E-10 3.2748E-10 3.4466E-10 3.6246E-10 3.7920E-10 3.9984E-10 4.2094E-10 4.4150E-10
0.0000E+00 0.0000E+00 0.0000E+00 0.0000E+00 0.0000E+00 0.0000E+00 0.0000E+00 0.0000E+00 0.0000E+00 0.0000E+00 0.0000E+00 0.0000E+00 0.0000E+00 0.0000E+00 0.0000E+00 2.9969E-12 6.2793E-12 1.0108E-11 1.3969E-11 1.6648E-11 2.0239E-11 2.2203E-11 2.6271E-11 2.8737E-11 3.3333E-11 3.6351E-11 4.1525E-11 4.5143E-11 5.2863E-11 5.7326E-11 6.3862E-11 7.0697E-11 7.6135E-11 8.3583E-11 8.9810E-11 9.5854E-11 1.0413E-10 1.1474E-10 1.2397E-10 1.3294E-10 1.4619E-10 1.5644E-10 1.6797E-10 1.7936E-10 1.9405E-10 2.0663E-10 2.1993E-10 2.3574E-10 2.4972E-10 2.6328E-10 2.8037E-10 2.9365E-10 3.1041E-10 3.2672E-10 3.4376E-10 3.6195E-10 3.7976E-10
