Assets/Resources/2015_m01_d17_0200(utc+0800)_l00_csi_1hr_conc.grd
DSAA
         159         159
     -79.000      79.000
     -79.000      79.000
  0.0000E+00  0.1087E-04
[rows 0 to 24 of 159, columns 57 to 113 of 159]
3.1874E-10 3.8599E-10 4.5341E-10 5.3071E-10 6.2761E-10 7.2404E-10 8.2984E-10 9.5434E-10 1.0856E-09 1.2210E-09 1.3640E-09 1.5202E-09 1.6817E-09 1.8419E-09 2.0036E-09 2.1647E-09 2.3234E-09 2.4798E-09 2.6266E-09 2.7616E-09 2.8825E-09 2.9878E-09 3.0753E-09 3.1434E-09 3.1907E-09 3.2162E-09 3.2195E-09 3.2005E-09 3.1598E-09 3.0982E-09 3.0172E-09 2.9182E-09 2.8030E-09 2.6742E-09 2.5343E-09 2.3858E-09 2.2320E-09 2.0754E-09 1.9162E-09 1.7576E-09 1.6017E-09 1.4506E-09 1.3044E-09 1.1652E-09 1.0355E-09 9.1363E-10 8.0219E-10 6.9915E-10 6.0405E-10 5.2045E-10 4.4550E-10 3.7984E-10 3.2209E-10 2.7144E-10 2.2704E-10 1.9046E-10 1.5889E-10
3.3625E-10 4.0259E-10 4.7378E-10 5.6809E-10 6.6093E-10 7.6388E-10 8.9026E-10 1.0183E-09 1.1549E-09 1.3027E-09 1.4686E-09 1.6330E-09 1.8034E-09 1.9780E-09 2.1569E-09 2.3387E-09 2.5138E-09 2.6819E-09 2.8411E-09 2.9885E-09 3.1221E-09 3.2383E-09 3.3347E-09 3.4096E-09 3.4614E-09 3.4893E-09 3.4925E-09 3.4712E-09 3.4258E-09 3.3575E-09 3.2677E-09 3.1584E-09 3.0319E-09 2.8907E-09 2.7376E-09 2.5745E-09 2.4044E-09 2.2306E-09 2.0558E-09 1.8844E-09 1.7150E-09 1.5504E-09 1.3927E-09 1.2418E-09 1.0996E-09 9.6851E-10 8.4711E-10 7.3746E-10 6.3696E-10 5.4525E-10 4.6553E-10 3.9524E-10 3.3383E-10 2.8042E-10 2.3397E-10 1.9467E-10 1.6196E-10
3.5257E-10 4.1843E-10 5.0735E-10 5.9534E-10 6.9398E-10 8.1875E-10 9.4311E-10 1.0789E-09 1.2339E-09 1.3973E-09 1.5670E-09 1.7453E-09 1.9324E-09 2.1297E-09 2.3237E-09 2.5172E-09 2.7074E-09 2.8916E-09 3.0677E-09 3.2302E-09 3.3763E-09 3.5035E-09 3.6093E-09 3.6915E-09 3.7484E-09 3.7787E-09 3.7819E-09 3.7580E-09 3.7076E-09 3.6320E-09 3.5327E-09 3.4121E-09 3.2726E-09 3.1171E-09 2.9487E-09 2.7705E-09 2.5856E-09 2.3967E-09 2.2057E-09 2.0161E-09 1.8307E-09 1.6529E-09 1.4821E-09 1.3203E-09 1.1682E-09 1.0251E-09 8.9429E-10 7.7520E-10 6.6883E-10 5.7218E-10 4.8536E-10 4.1032E-10 3.4546E-10 2.8924E-10 2.4032E-10 1.9813E-10 1.6447E-10
3.6442E-10 4.4325E-10 5.2902E-10 6.2203E-10 7.4208E-10 8.6214E-10 9.9489E-10 1.1521E-09 1.3130E-09 1.4854E-09 1.6688E-09 1.8703E-09 2.0736E-09 2.2816E-09 2.4926E-09 2.7037E-09 2.9145E-09 3.1171E-09 3.3086E-09 3.4861E-09 3.6463E-09 3.7866E-09 3.9034E-09 3.9937E-09 4.0561E-09 4.0893E-09 4.0926E-09 4.0661E-09 4.0103E-09 3.9267E-09 3.8172E-09 3.6842E-09 3.5306E-09 3.3597E-09 3.1747E-09 2.9791E-09 2.7764E-09 2.5698E-09 2.3626E-09 2.1573E-09 1.9558E-09 1.7612E-09 1.5763E-09 1.4012E-09 1.2370E-09 1.0848E-09 9.4334E-10 8.1486E-10 6.9993E-10 5.9796E-10 5.0663E-10 4.2580E-10 3.5617E-10 2.9706E-10 2.4618E-10 2.0266E-10 1.6626E-10
3.8399E-10 4.6361E-10 5.4994E-10 6.6290E-10 7.7767E-10 9.0542E-10 1.0598E-09 1.2181E-09 1.3904E-09 1.5803E-09 1.7842E-09 1.9946E-09 2.2141E-09 2.4400E-09 2.6725E-09 2.9041E-09 3.1314E-09 3.3517E-09 3.5610E-09 3.7567E-09 3.9334E-09 4.0868E-09 4.2143E-09 4.3134E-09 4.3818E-09 4.4180E-09 4.4214E-09 4.3919E-09 4.3304E-09 4.2382E-09 4.1177E-09 3.9714E-09 3.8027E-09 3.6150E-09 3.4122E-09 3.1981E-09 2.9766E-09 2.7513E-09 2.5259E-09 2.3031E-09 2.0857E-09 1.8750E-09 1.6735E-09 1.4838E-09 1.3079E-09 1.1448E-09 9.9431E-10 8.5655E-10 7.3261E-10 6.2320E-10 5.2692E-10 4.4154E-10 3.6805E-10 3.0514E-10 2.5143E-10 2.0559E-10 1.6761E-10
4.0058E-10 4.7943E-10 5.8125E-10 6.9196E-10 8.1293E-10 9.6162E-10 1.1154E-09 1.2847E-09 1.4770E-09 1.6800E-09 1.8951E-09 2.1226E-09 2.3614E-09 2.6096E-09 2.8596E-09 3.1104E-09 3.3581E-09 3.6005E-09 3.8311E-09 4.0443E-09 4.2368E-09 4.4047E-09 4.5450E-09 4.6542E-09 4.7295E-09 4.7693E-09 4.7730E-09 4.7406E-09 4.6729E-09 4.5716E-09 4.4392E-09 4.2787E-09 4.0936E-09 3.8879E-09 3.6659E-09 3.4318E-09 3.1899E-09 2.9441E-09 2.6983E-09 2.4560E-09 2.2201E-09 1.9934E-09 1.7777E-09 1.5723E-09 1.3809E-09 1.2059E-09 1.0455E-09 8.9931E-10 7.6638E-10 6.4916E-10 5.4690E-10 4.5738E-10 3.7865E-10 3.1220E-10 2.5652E-10 2.0886E-10 1.6923E-10
4.1195E-10 5.0357E-10 6.0709E-10 7.1980E-10 8.6067E-10 1.0075E-09 1.1713E-09 1.3606E-09 1.5615E-09 1.7778E-09 2.0094E-09 2.2585E-09 2.5163E-09 2.7823E-09 3.0535E-09 3.3277E-09 3.5999E-09 3.8623E-09 4.1121E-09 4.3445E-09 4.5558E-09 4.7410E-09 4.8945E-09 5.0137E-09 5.0960E-09 5.1396E-09 5.1437E-09 5.1081E-09 5.0339E-09 4.9229E-09 4.7778E-09 4.6020E-09 4.3995E-09 4.1746E-09 3.9321E-09 3.6766E-09 3.4129E-09 3.1456E-09 2.8787E-09 2.6161E-09 2.3607E-09 2.1153E-09 1.8822E-09 1.6631E-09 1.4578E-09 1.2686E-09 1.0978E-09 9.4180E-10 8.0216E-10 6.7639E-10 5.6633E-10 4.7207E-10 3.8990E-10 3.2062E-10 2.6095E-10 2.1089E-10 1.6980E-10
4.2715E-10 5.2487E-10 6.2820E-10 7.5837E-10 8.9754E-10 1.0532E-09 1.2361E-09 1.4321E-09 1.6459E-09 1.8785E-09 2.1311E-09 2.3960E-09 2.6738E-09 2.9614E-09 3.2594E-09 3.5556E-09 3.8489E-09 4.1342E-09 4.4074E-09 4.6637E-09 4.8942E-09 5.0952E-09 5.2629E-09 5.3933E-09 5.4835E-09 5.5313E-09 5.5359E-09 5.4971E-09 5.4160E-09 5.2947E-09 5.1361E-09 4.9440E-09 4.7231E-09 4.4778E-09 4.2134E-09 3.9352E-09 3.6482E-09 3.3575E-09 3.0676E-09 2.7824E-09 2.5057E-09 2.2408E-09 1.9899E-09 1.7553E-09 1.5364E-09 1.3341E-09 1.1502E-09 9.8492E-10 8.3642E-10 7.0412E-10 5.8822E-10 4.8648E-10 3.9957E-10 3.2664E-10 2.6551E-10 2.1372E-10 1.7053E-10
4.4467E-10 5.3998E-10 6.5703E-10 7.8793E-10 9.3359E-10 1.1073E-09 1.2954E-09 1.5031E-09 1.7329E-09 1.9842E-09 2.2520E-09 2.5368E-09 2.8381E-09 3.1511E-09 3.4693E-09 3.7900E-09 4.1082E-09 4.4222E-09 4.7188E-09 4.9952E-09 5.2457E-09 5.4649E-09 5.6488E-09 5.7919E-09 5.8906E-09 5.9432E-09 5.9485E-09 5.9068E-09 5.8191E-09 5.6874E-09 5.5149E-09 5.3058E-09 5.0650E-09 4.7979E-09 4.5102E-09 4.2079E-09 3.8962E-09 3.5809E-09 3.2669E-09 2.9585E-09 2.6599E-09 2.3742E-09 2.1038E-09 1.8507E-09 1.6160E-09 1.4010E-09 1.2048E-09 1.0293E-09 8.7139E-10 7.3127E-10 6.0872E-10 5.0252E-10 4.1025E-10 3.3328E-10 2.6977E-10 2.1486E-10 1.7030E-10
4.5670E-10 5.5996E-10 6.8109E-10 8.1508E-10 9.7725E-10 1.1548E-09 1.3533E-09 1.5757E-09 1.8221E-09 2.0883E-09 2.3752E-09 2.6841E-09 3.0076E-09 3.3427E-09 3.6861E-09 4.0362E-09 4.3820E-09 4.7186E-09 5.0402E-09 5.3405E-09 5.6151E-09 5.8550E-09 6.0547E-09 6.2104E-09 6.3187E-09 6.3774E-09 6.3843E-09 6.3391E-09 6.2436E-09 6.1002E-09 5.9125E-09 5.6852E-09 5.4235E-09 5.1336E-09 4.8215E-09 4.4936E-09 4.1557E-09 3.8143E-09 3.4744E-09 3.1413E-09 2.8189E-09 2.5111E-09 2.2209E-09 1.9500E-09 1.7000E-09 1.4693E-09 1.2612E-09 1.0737E-09 9.0632E-10 7.5847E-10 6.2935E-10 5.1836E-10 4.2051E-10 3.3865E-10 2.7239E-10 2.1720E-10 1.7073E-10
4.6511E-10 5.7933E-10 7.0039E-10 8.4793E-10 1.0139E-09 1.2002E-09 1.4118E-09 1.6493E-09 1.9092E-09 2.1930E-09 2.5035E-09 2.8324E-09 3.1786E-09 3.5395E-09 3.9135E-09 4.2882E-09 4.6610E-09 5.0251E-09 5.3760E-09 5.7027E-09 5.9990E-09 6.2588E-09 6.4765E-09 6.6473E-09 6.7662E-09 6.8304E-09 6.8385E-09 6.7902E-09 6.6870E-09 6.5324E-09 6.3299E-09 6.0841E-09 5.8011E-09 5.4870E-09 5.1490E-09 4.7937E-09 4.4283E-09 4.0589E-09 3.6915E-09 3.3321E-09 2.9847E-09 2.6538E-09 2.3423E-09 2.0521E-09 1.7848E-09 1.5394E-09 1.3184E-09 1.1207E-09 9.4391E-10 7.8582E-10 6.4828E-10 5.3241E-10 4.3178E-10 3.4605E-10 2.7519E-10 2.1802E-10 1.6998E-10
4.8138E-10 5.9235E-10 7.2520E-10 8.7628E-10 1.0482E-09 1.2459E-09 1.4707E-09 1.7197E-09 1.9961E-09 2.3011E-09 2.6299E-09 2.9808E-09 3.3537E-09 3.7431E-09 4.1415E-09 4.5449E-09 4.9484E-09 5.3434E-09 5.7206E-09 6.0736E-09 6.3947E-09 6.6788E-09 6.9160E-09 7.1013E-09 7.2306E-09 7.3006E-09 7.3111E-09 7.2609E-09 7.1507E-09 6.9838E-09 6.7645E-09 6.4985E-09 6.1923E-09 5.8529E-09 5.4878E-09 5.1042E-09 4.7100E-09 4.3120E-09 3.9171E-09 3.5304E-09 3.1576E-09 2.8025E-09 2.4683E-09 2.1577E-09 1.8725E-09 1.6130E-09 1.3766E-09 1.1665E-09 9.8161E-10 8.1612E-10 6.6926E-10 5.4581E-10 4.4216E-10 3.5150E-10 2.7807E-10 2.1771E-10 1.6954E-10
4.9297E-10 6.0534E-10 7.4452E-10 9.0114E-10 1.0824E-09 1.2900E-09 1.5256E-09 1.7890E-09 2.0836E-09 2.4061E-09 2.7548E-09 3.1316E-09 3.5297E-09 3.9442E-09 4.3712E-09 4.8075E-09 5.2402E-09 5.6641E-09 6.0709E-09 6.4541E-09 6.8029E-09 7.1088E-09 7.3655E-09 7.5667E-09 7.7100E-09 7.7885E-09 7.8002E-09 7.7461E-09 7.6277E-09 7.4482E-09 7.2124E-09 6.9267E-09 6.5978E-09 6.2330E-09 5.8399E-09 5.4275E-09 5.0036E-09 4.5756E-09 4.1511E-09 3.7360E-09 3.3364E-09 2.9563E-09 2.5996E-09 2.2681E-09 1.9634E-09 1.6866E-09 1.4361E-09 1.2134E-09 1.0179E-09 8.4582E-10 6.9104E-10 5.5956E-10 4.5065E-10 3.5889E-10 2.8088E-10 2.1800E-10 1.6743E-10
4.9988E-10 6.2289E-10 7.6244E-10 9.2416E-10 1.1149E-09 1.3323E-09 1.5782E-09 1.8581E-09 2.1680E-09 2.5077E-09 2.8804E-09 3.2795E-09 3.7018E-09 4.1443E-09 4.6032E-09 5.0673E-09 5.5310E-09 5.9862E-09 6.4268E-09 6.8377E-09 7.2127E-09 7.5430E-09 7.8235E-09 8.0430E-09 8.1970E-09 8.2823E-09 8.2968E-09 8.2405E-09 8.1163E-09 7.9267E-09 7.6760E-09 7.3700E-09 7.0171E-09 6.6253E-09 6.2037E-09 5.7610E-09 5.3060E-09 4.8472E-09 4.3922E-09 3.9479E-09 3.5204E-09 3.1143E-09 2.7336E-09 2.3805E-09 2.0570E-09 1.7638E-09 1.4991E-09 1.2617E-09 1.0539E-09 8.7402E-10 7.1430E-10 5.7521E-10 4.5945E-10 3.6367E-10 2.8223E-10 2.1739E-10 1.6462E-10
5.0877E-10 6.3400E-10 7.7749E-10 9.4729E-10 1.1451E-09 1.3706E-09 1.6309E-09 1.9229E-09 2.2474E-09 2.6084E-09 3.0006E-09 3.4218E-09 3.8709E-09 4.3424E-09 4.8283E-09 5.3228E-09 5.8196E-09 6.3082E-09 6.7771E-09 7.2179E-09 7.6226E-09 7.9803E-09 8.2805E-09 8.5173E-09 8.6848E-09 8.7801E-09 8.8016E-09 8.7454E-09 8.6139E-09 8.4117E-09 8.1442E-09 7.8180E-09 7.4415E-09 7.0235E-09 6.5738E-09 6.1014E-09 5.6159E-09 5.1264E-09 4.6405E-09 4.1663E-09 3.7099E-09 3.2769E-09 2.8710E-09 2.4956E-09 2.1520E-09 1.8408E-09 1.5625E-09 1.3125E-09 1.0919E-09 9.0088E-10 7.3485E-10 5.8956E-10 4.6841E-10 3.6748E-10 2.8374E-10 2.1634E-10 1.6177E-10
5.1892E-10 6.4357E-10 7.9206E-10 9.6732E-10 1.1712E-09 1.4072E-09 1.6783E-09 1.9821E-09 2.3235E-09 2.7024E-09 3.1136E-09 3.5590E-09 4.0336E-09 4.5308E-09 5.0457E-09 5.5733E-09 6.1009E-09 6.6196E-09 7.1199E-09 7.5941E-09 8.0261E-09 8.4080E-09 8.7307E-09 8.9886E-09 9.1738E-09 9.2785E-09 9.3018E-09 9.2443E-09 9.1072E-09 8.8946E-09 8.6135E-09 8.2702E-09 7.8721E-09 7.4289E-09 6.9510E-09 6.4484E-09 5.9320E-09 5.4107E-09 4.8940E-09 4.3897E-09 3.9046E-09 3.4447E-09 3.0134E-09 2.6144E-09 2.2492E-09 1.9196E-09 1.6252E-09 1.3626E-09 1.1304E-09 9.2959E-10 7.5550E-10 6.0375E-10 4.7627E-10 3.7110E-10 2.8589E-10 2.1541E-10 1.5973E-10
5.2355E-10 6.5076E-10 8.0446E-10 9.8462E-10 1.1956E-09 1.4399E-09 1.7199E-09 2.0374E-09 2.3946E-09 2.7880E-09 3.2202E-09 3.6876E-09 4.1850E-09 4.7085E-09 5.2547E-09 5.8104E-09 6.3681E-09 6.9194E-09 7.4529E-09 7.9546E-09 8.4148E-09 8.8248E-09 9.1737E-09 9.4503E-09 9.6481E-09 9.7629E-09 9.7920E-09 9.7371E-09 9.5989E-09 9.3791E-09 9.0835E-09 8.7209E-09 8.3003E-09 7.8320E-09 7.3266E-09 6.7952E-09 6.2486E-09 5.6973E-09 5.1508E-09 4.6166E-09 4.1028E-09 3.6153E-09 3.1584E-09 2.7358E-09 2.3491E-09 1.9998E-09 1.6880E-09 1.4135E-09 1.1696E-09 9.5880E-10 7.7614E-10 6.1827E-10 4.8491E-10 3.7558E-10 2.8759E-10 2.1527E-10 1.5790E-10
5.2713E-10 6.5750E-10 8.1404E-10 9.9808E-10 1.2164E-09 1.4681E-09 1.7573E-09 2.0863E-09 2.4558E-09 2.8662E-09 3.3167E-09 3.8032E-09 4.3234E-09 4.8739E-09 5.4461E-09 6.0300E-09 6.6192E-09 7.2015E-09 7.7636E-09 8.2954E-09 8.7874E-09 9.2238E-09 9.5939E-09 9.8895E-09 1.0104E-08 1.0233E-08 1.0273E-08 1.0219E-08 1.0076E-08 9.8481E-09 9.5405E-09 9.1618E-09 8.7223E-09 8.2325E-09 7.7028E-09 7.1447E-09 6.5693E-09 5.9883E-09 5.4112E-09 4.8473E-09 4.3047E-09 3.7894E-09 3.3067E-09 2.8598E-09 2.4512E-09 2.0829E-09 1.7544E-09 1.4647E-09 1.2096E-09 9.8885E-10 7.9994E-10 6.3488E-10 4.9599E-10 3.8171E-10 2.8953E-10 2.1517E-10 1.5714E-10
5.2913E-10 6.6248E-10 8.2116E-10 1.0100E-09 1.2325E-09 1.4900E-09 1.7887E-09 2.1277E-09 2.5077E-09 2.9339E-09 3.3993E-09 3.9045E-09 4.4475E-09 5.0212E-09 5.6169E-09 6.2293E-09 6.8468E-09 7.4565E-09 8.0496E-09 8.6118E-09 9.1303E-09 9.5911E-09 9.9847E-09 1.0304E-08 1.0537E-08 1.0679E-08 1.0725E-08 1.0676E-08 1.0532E-08 1.0301E-08 9.9872E-09 9.5977E-09 9.1413E-09 8.6304E-09 8.0773E-09 7.4933E-09 6.8903E-09 6.2805E-09 5.6737E-09 5.0803E-09 4.5083E-09 3.9650E-09 3.4560E-09 2.9851E-09 2.5556E-09 2.1684E-09 1.8232E-09 1.5188E-09 1.2546E-09 1.0220E-09 8.2403E-10 6.5173E-10 5.0791E-10 3.8915E-10 2.9248E-10 2.1797E-10 1.5618E-10
5.3008E-10 6.6440E-10 8.2543E-10 1.0182E-09 1.2441E-09 1.5078E-09 1.8127E-09 2.1592E-09 2.5516E-09 2.9879E-09 3.4674E-09 3.9906E-09 4.5521E-09 5.1450E-09 5.7650E-09 6.4018E-09 7.0435E-09 7.6819E-09 8.3025E-09 8.8919E-09 9.4352E-09 9.9230E-09 1.0342E-08 1.0682E-08 1.0931E-08 1.1087E-08 1.1145E-08 1.1106E-08 1.0969E-08 1.0736E-08 1.0416E-08 1.0016E-08 9.5459E-09 9.0185E-09 8.4447E-09 7.8378E-09 7.2096E-09 6.5723E-09 5.9372E-09 5.3152E-09 4.7150E-09 4.1448E-09 3.6104E-09 3.1158E-09 2.6642E-09 2.2576E-09 1.8957E-09 1.5769E-09 1.2988E-09 1.0573E-09 8.5025E-10 6.7293E-10 5.2161E-10 3.9760E-10 2.9803E-10 2.1924E-10 1.5559E-10
5.2808E-10 6.6424E-10 8.2694E-10 1.0215E-09 1.2503E-09 1.5191E-09 1.8285E-09 2.1825E-09 2.5825E-09 3.0277E-09 3.5205E-09 4.0574E-09 4.6331E-09 5.2451E-09 5.8847E-09 6.5412E-09 7.2077E-09 7.8701E-09 8.5153E-09 9.1283E-09 9.6981E-09 1.0210E-08 1.0652E-08 1.1012E-08 1.1283E-08 1.1458E-08 1.1534E-08 1.1505E-08 1.1373E-08 1.1145E-08 1.0825E-08 1.0422E-08 9.9457E-09 9.4055E-09 8.8139E-09 8.1849E-09 7.5322E-09 6.8686E-09 6.2067E-09 5.5573E-09 4.9302E-09 4.3336E-09 3.7740E-09 3.2562E-09 2.7836E-09 2.3576E-09 1.9778E-09 1.6436E-09 1.3523E-09 1.1022E-09 8.8479E-10 6.9859E-10 5.4019E-10 4.1077E-10 3.0593E-10 2.2253E-10 1.5638E-10
5.2356E-10 6.6048E-10 8.2466E-10 1.0200E-09 1.2511E-09 1.5222E-09 1.8348E-09 2.1947E-09 2.5993E-09 3.0534E-09 3.5539E-09 4.1013E-09 4.6893E-09 5.3170E-09 5.9712E-09 6.6476E-09 7.3334E-09 8.0163E-09 8.6829E-09 9.3199E-09 9.9127E-09 1.0448E-08 1.0913E-08 1.1299E-08 1.1594E-08 1.1790E-08 1.1883E-08 1.1868E-08 1.1750E-08 1.1532E-08 1.1217E-08 1.0809E-08 1.0322E-08 9.7689E-09 9.1616E-09 8.5142E-09 7.8406E-09 7.1544E-09 6.4688E-09 5.7945E-09 5.1424E-09 4.5212E-09 3.9378E-09 3.3970E-09 2.9029E-09 2.4572E-09 2.0602E-09 1.7112E-09 1.4071E-09 1.1446E-09 9.1944E-10 7.2649E-10 5.6082E-10 4.2791E-10 3.1638E-10 2.2912E-10 1.5995E-10
5.1628E-10 6.5418E-10 8.1726E-10 1.0129E-09 1.2455E-09 1.5169E-09 1.8320E-09 2.1934E-09 2.6014E-09 3.0604E-09 3.5683E-09 4.1217E-09 4.7204E-09 5.3573E-09 6.0258E-09 6.7163E-09 7.4179E-09 8.1186E-09 8.8052E-09 9.4632E-09 1.0079E-08 1.0639E-08 1.1132E-08 1.1543E-08 1.1860E-08 1.2078E-08 1.2191E-08 1.2199E-08 1.2095E-08 1.1882E-08 1.1568E-08 1.1161E-08 1.0671E-08 1.0111E-08 9.4949E-09 8.8348E-09 8.1452E-09 7.4401E-09 6.7328E-09 6.0358E-09 5.3601E-09 4.7151E-09 4.1082E-09 3.5450E-09 3.0298E-09 2.5647E-09 2.1496E-09 1.7840E-09 1.4657E-09 1.1932E-09 9.6005E-10 7.5807E-10 5.8583E-10 4.4503E-10 3.2837E-10 2.3761E-10 1.6483E-10
5.0619E-10 6.4314E-10 8.0500E-10 1.0008E-09 1.2314E-09 1.5030E-09 1.8188E-09 2.1791E-09 2.5899E-09 3.0500E-09 3.5600E-09 4.1192E-09 4.7233E-09 5.3679E-09 6.0451E-09 6.7465E-09 7.4616E-09 8.1773E-09 8.8812E-09 9.5601E-09 1.0200E-08 1.0785E-08 1.1301E-08 1.1735E-08 1.2075E-08 1.2319E-08 1.2454E-08 1.2477E-08 1.2386E-08 1.2186E-08 1.1884E-08 1.1487E-08 1.1002E-08 1.0441E-08 9.8189E-09 9.1495E-09 8.4474E-09 7.7270E-09 7.0029E-09 6.2869E-09 5.5906E-09 4.9239E-09 4.2949E-09 3.7096E-09 3.1726E-09 2.6868E-09 2.2530E-09 1.8714E-09 1.5389E-09 1.2524E-09 1.0078E-09 7.9745E-10 6.1669E-10 4.6578E-10 3.4384E-10 2.4883E-10 1.7249E-10
4.9316E-10 6.2850E-10 7.8815E-10 9.8178E-10 1.2101E-09 1.4805E-09 1.7934E-09 2.1524E-09 2.5610E-09 3.0207E-09 3.5299E-09 4.0902E-09 4.6974E-09 5.3462E-09 6.0283E-09 6.7392E-09 7.4627E-09 8.1927E-09 8.9130E-09 9.6108E-09 1.0270E-08 1.0875E-08 1.1411E-08 1.1868E-08 1.2233E-08 1.2502E-08 1.2657E-08 1.2699E-08 1.2631E-08 1.2453E-08 1.2165E-08 1.1777E-08 1.1298E-08 1.0741E-08 1.0121E-08 9.4492E-09 8.7409E-09 8.0102E-09 7.2713E-09 6.5378E-09 5.8220E-09 5.1346E-09 4.4843E-09 3.8782E-09 3.3214E-09 2.8169E-09 2.3650E-09 1.9655E-09 1.6170E-09 1.3164E-09 1.0607E-09 8.4359E-10 6.5085E-10 4.9209E-10 3.6299E-10 2.6200E-10 1.8232E-10
