Assets/Resources/2015_m01_d28_1800(utc+0800)_l00_csi_1hr_conc.grd
DSAA
         159         159
     -79.000      79.000
     -79.000      79.000
  0.0000E+00  0.6345E-05
[rows 25 to 49 of 159, columns 0 to 56 of 159]
2.4253E-11 4.2892E-11 6.0838E-11 9.2235E-11 1.2383E-10 1.7076E-10 2.2784E-10 3.0754E-10 4.0416E-10 5.1443E-10 6.5456E-10 8.2265E-10 1.0193E-09 1.2503E-09 1.5182E-09 1.8215E-09 2.1771E-09 2.5814E-09 3.0451E-09 3.5629E-09 4.1443E-09 4.7853E-09 5.4903E-09 6.2534E-09 7.0690E-09 7.9353E-09 8.8384E-09 9.7662E-09 1.0708E-08 1.1641E-08 1.2548E-08 1.3410E-08 1.4203E-08 1.4903E-08 1.5492E-08 1.5947E-08 1.6248E-08 1.6384E-08 1.6347E-08 1.6128E-08 1.5731E-08 1.5165E-08 1.4445E-08 1.3591E-08 1.2628E-08 1.1581E-08 1.0480E-08 9.3596E-09 8.2440E-09 7.1626E-09 6.1378E-09 5.1850E-09 4.3186E-09 3.5424E-09 2.8577E-09 2.2707E-09 1.7747E-09
2.0647E-11 3.5316E-11 5.2016E-11 8.1120E-11 1.0814E-10 1.5155E-10 1.9933E-10 2.6825E-10 3.5377E-10 4.6001E-10 5.8583E-10 7.3281E-10 9.1202E-10 1.1255E-09 1.3750E-09 1.6561E-09 1.9856E-09 2.3598E-09 2.7912E-09 3.2762E-09 3.8238E-09 4.4289E-09 5.0997E-09 5.8271E-09 6.6129E-09 7.4500E-09 8.3265E-09 9.2387E-09 1.0168E-08 1.1096E-08 1.2012E-08 1.2890E-08 1.3707E-08 1.4446E-08 1.5079E-08 1.5583E-08 1.5946E-08 1.6148E-08 1.6173E-08 1.6022E-08 1.5693E-08 1.5193E-08 1.4535E-08 1.3733E-08 1.2813E-08 1.1802E-08 1.0730E-08 9.6263E-09 8.5222E-09 7.4426E-09 6.4122E-09 5.4476E-09 4.5593E-09 3.7585E-09 3.0508E-09 2.4387E-09 1.9169E-09
1.5835E-11 2.7744E-11 4.5185E-11 6.8089E-11 9.4169E-11 1.3243E-10 1.7318E-10 2.3382E-10 3.0841E-10 4.0011E-10 5.1459E-10 6.5109E-10 8.1120E-10 9.9894E-10 1.2291E-09 1.4903E-09 1.7941E-09 2.1409E-09 2.5408E-09 2.9926E-09 3.5024E-09 4.0715E-09 4.7035E-09 5.3928E-09 6.1434E-09 6.9453E-09 7.7944E-09 8.6818E-09 9.5910E-09 1.0513E-08 1.1427E-08 1.2313E-08 1.3151E-08 1.3917E-08 1.4588E-08 1.5144E-08 1.5560E-08 1.5823E-08 1.5920E-08 1.5840E-08 1.5587E-08 1.5159E-08 1.4566E-08 1.3830E-08 1.2971E-08 1.2010E-08 1.0980E-08 9.9089E-09 8.8248E-09 7.7565E-09 6.7246E-09 5.7494E-09 4.8434E-09 4.0215E-09 3.2891E-09 2.6500E-09 2.1001E-09
8.7805E-12 2.3800E-11 3.5648E-11 5.7009E-11 8.1021E-11 1.1203E-10 1.5095E-10 2.0297E-10 2.6380E-10 3.4748E-10 4.4807E-10 5.6593E-10 7.1156E-10 8.8287E-10 1.0889E-09 1.3258E-09 1.6083E-09 1.9254E-09 2.2928E-09 2.7096E-09 3.1821E-09 3.7127E-09 4.3026E-09 4.9528E-09 5.6629E-09 6.4253E-09 7.2411E-09 8.0967E-09 8.9821E-09 9.8879E-09 1.0793E-08 1.1679E-08 1.2529E-08 1.3316E-08 1.4019E-08 1.4617E-08 1.5088E-08 1.5411E-08 1.5580E-08 1.5579E-08 1.5400E-08 1.5052E-08 1.4543E-08 1.3881E-08 1.3089E-08 1.2191E-08 1.1211E-08 1.0182E-08 9.1294E-09 8.0772E-09 7.0516E-09 6.0711E-09 5.1538E-09 4.3133E-09 3.5576E-09 2.8886E-09 2.3072E-09
4.3520E-12 1.4947E-11 2.5736E-11 4.7956E-11 6.4730E-11 9.5697E-11 1.2830E-10 1.7225E-10 2.2980E-10 2.9472E-10 3.8618E-10 4.9216E-10 6.1788E-10 7.6836E-10 9.5192E-10 1.1655E-09 1.4238E-09 1.7128E-09 2.0481E-09 2.4297E-09 2.8643E-09 3.3546E-09 3.9016E-09 4.5094E-09 5.1738E-09 5.8954E-09 6.6707E-09 7.4876E-09 8.3448E-09 9.2242E-09 1.0111E-08 1.0992E-08 1.1842E-08 1.2643E-08 1.3374E-08 1.4007E-08 1.4528E-08 1.4917E-08 1.5153E-08 1.5227E-08 1.5137E-08 1.4877E-08 1.4453E-08 1.3878E-08 1.3166E-08 1.2346E-08 1.1436E-08 1.0462E-08 9.4518E-09 8.4291E-09 7.4185E-09 6.4421E-09 5.5187E-09 4.6594E-09 3.8783E-09 3.1772E-09 2.5620E-09
0.0000E+00 4.0515E-12 1.7011E-11 3.3545E-11 5.1323E-11 7.8092E-11 1.0331E-10 1.4729E-10 1.9376E-10 2.5258E-10 3.2772E-10 4.1810E-10 5.2751E-10 6.5991E-10 8.2063E-10 1.0084E-09 1.2382E-09 1.5053E-09 1.8091E-09 2.1559E-09 2.5520E-09 3.0009E-09 3.5037E-09 4.0660E-09 4.6832E-09 5.3592E-09 6.0873E-09 6.8636E-09 7.6821E-09 8.5275E-09 9.3909E-09 1.0254E-08 1.1098E-08 1.1907E-08 1.2654E-08 1.3322E-08 1.3889E-08 1.4333E-08 1.4639E-08 1.4795E-08 1.4792E-08 1.4625E-08 1.4297E-08 1.3820E-08 1.3208E-08 1.2474E-08 1.1641E-08 1.0735E-08 9.7781E-09 8.7953E-09 7.8101E-09 6.8426E-09 5.9133E-09 5.0400E-09 4.2307E-09 3.4982E-09 2.8462E-09
0.0000E+00 0.0000E+00 6.9317E-12 1.8810E-11 3.6782E-11 5.7097E-11 8.2756E-11 1.1803E-10 1.5745E-10 2.1500E-10 2.7754E-10 3.5487E-10 4.4654E-10 5.6130E-10 7.0209E-10 8.6700E-10 1.0656E-09 1.3005E-09 1.5795E-09 1.8900E-09 2.2475E-09 2.6536E-09 3.1126E-09 3.6277E-09 4.1949E-09 4.8217E-09 5.4990E-09 6.2292E-09 7.0022E-09 7.8083E-09 8.6389E-09 9.4770E-09 1.0309E-08 1.1115E-08 1.1874E-08 1.2567E-08 1.3173E-08 1.3671E-08 1.4046E-08 1.4284E-08 1.4369E-08 1.4300E-08 1.4082E-08 1.3713E-08 1.3204E-08 1.2572E-08 1.1836E-08 1.1015E-08 1.0127E-08 9.1979E-09 8.2468E-09 7.2987E-09 6.3717E-09 5.4839E-09 4.6508E-09 3.8842E-09 3.1893E-09
0.0000E+00 0.0000E+00 0.0000E+00 8.4981E-12 1.9942E-11 3.6400E-11 6.1777E-11 8.7170E-11 1.2494E-10 1.7359E-10 2.2988E-10 3.0119E-10 3.7797E-10 4.7356E-10 5.9189E-10 7.3345E-10 9.0739E-10 1.1085E-09 1.3529E-09 1.6343E-09 1.9541E-09 2.3184E-09 2.7320E-09 3.1977E-09 3.7142E-09 4.2889E-09 4.9137E-09 5.5928E-09 6.3143E-09 7.0760E-09 7.8672E-09 8.6741E-09 9.4853E-09 1.0280E-08 1.1044E-08 1.1757E-08 1.2394E-08 1.2943E-08 1.3385E-08 1.3697E-08 1.3877E-08 1.3917E-08 1.3809E-08 1.3555E-08 1.3167E-08 1.2653E-08 1.2024E-08 1.1295E-08 1.0484E-08 9.6151E-09 8.7077E-09 7.7831E-09 6.8620E-09 5.9656E-09 5.1077E-09 4.3043E-09 3.5673E-09
0.0000E+00 0.0000E+00 0.0000E+00 5.7452E-13 8.8608E-12 2.1883E-11 3.5138E-11 6.1191E-11 9.3814E-11 1.2938E-10 1.8320E-10 2.4316E-10 3.1740E-10 3.9773E-10 4.9534E-10 6.1487E-10 7.6070E-10 9.3478E-10 1.1458E-09 1.3889E-09 1.6752E-09 1.9984E-09 2.3669E-09 2.7831E-09 3.2478E-09 3.7681E-09 4.3394E-09 4.9634E-09 5.6309E-09 6.3434E-09 7.0895E-09 7.8594E-09 8.6405E-09 9.4201E-09 1.0180E-08 1.0901E-08 1.1569E-08 1.2163E-08 1.2662E-08 1.3057E-08 1.3333E-08 1.3478E-08 1.3487E-08 1.3363E-08 1.3104E-08 1.2712E-08 1.2196E-08 1.1571E-08 1.0855E-08 1.0061E-08 9.2098E-09 8.3200E-09 7.4138E-09 6.5121E-09 5.6346E-09 4.7986E-09 4.0143E-09
0.0000E+00 0.0000E+00 0.0000E+00 0.0000E+00 3.1204E-12 9.1029E-12 1.9810E-11 3.5646E-11 6.0636E-11 9.5787E-11 1.3420E-10 1.8625E-10 2.5602E-10 3.2945E-10 4.1274E-10 5.1097E-10 6.3246E-10 7.8072E-10 9.5798E-10 1.1643E-09 1.4095E-09 1.6943E-09 2.0212E-09 2.3905E-09 2.8051E-09 3.2701E-09 3.7859E-09 4.3532E-09 4.9645E-09 5.6238E-09 6.3193E-09 7.0480E-09 7.7955E-09 8.5525E-09 9.3015E-09 1.0029E-08 1.0719E-08 1.1349E-08 1.1906E-08 1.2379E-08 1.2747E-08 1.2999E-08 1.3132E-08 1.3137E-08 1.3007E-08 1.2743E-08 1.2356E-08 1.1850E-08 1.1234E-08 1.0521E-08 9.7305E-09 8.8817E-09 7.9962E-09 7.0949E-09 6.1998E-09 5.3280E-09 4.4988E-09
0.0000E+00 0.0000E+00 0.0000E+00 0.0000E+00 0.0000E+00 4.5325E-12 1.0052E-11 1.8887E-11 3.4676E-11 5.8408E-11 9.5947E-11 1.3692E-10 1.8984E-10 2.5905E-10 3.3498E-10 4.2175E-10 5.2234E-10 6.4399E-10 7.9291E-10 9.6816E-10 1.1766E-09 1.4188E-09 1.7013E-09 2.0228E-09 2.3877E-09 2.8031E-09 3.2637E-09 3.7744E-09 4.3298E-09 4.9342E-09 5.5788E-09 6.2608E-09 6.9701E-09 7.6970E-09 8.4304E-09 9.1570E-09 9.8586E-09 1.0522E-08 1.1135E-08 1.1676E-08 1.2130E-08 1.2492E-08 1.2744E-08 1.2873E-08 1.2876E-08 1.2754E-08 1.2500E-08 1.2115E-08 1.1606E-08 1.0989E-08 1.0277E-08 9.4860E-09 8.6349E-09 7.7455E-09 6.8387E-09 5.9421E-09 5.0735E-09
0.0000E+00 0.0000E+00 0.0000E+00 0.0000E+00 0.0000E+00 0.0000E+00 5.0544E-12 1.1269E-11 1.7683E-11 3.3200E-11 5.7846E-11 9.2351E-11 1.3743E-10 1.9087E-10 2.5959E-10 3.3514E-10 4.2536E-10 5.2785E-10 6.5058E-10 7.9579E-10 9.6953E-10 1.1729E-09 1.4132E-09 1.6924E-09 2.0124E-09 2.3747E-09 2.7778E-09 3.2320E-09 3.7327E-09 4.2833E-09 4.8753E-09 5.5090E-09 6.1779E-09 6.8717E-09 7.5837E-09 8.3024E-09 9.0106E-09 9.7015E-09 1.0357E-08 1.0957E-08 1.1497E-08 1.1957E-08 1.2319E-08 1.2575E-08 1.2718E-08 1.2733E-08 1.2611E-08 1.2356E-08 1.1973E-08 1.1464E-08 1.0839E-08 1.0112E-08 9.3019E-09 8.4319E-09 7.5254E-09 6.6073E-09 5.7007E-09
0.0000E+00 0.0000E+00 0.0000E+00 0.0000E+00 0.0000E+00 0.0000E+00 0.0000E+00 4.4927E-12 1.0566E-11 1.8027E-11 3.2264E-11 5.5116E-11 8.5817E-11 1.3056E-10 1.8790E-10 2.5464E-10 3.3045E-10 4.2409E-10 5.2768E-10 6.5035E-10 7.9469E-10 9.6310E-10 1.1634E-09 1.3974E-09 1.6701E-09 1.9862E-09 2.3433E-09 2.7467E-09 3.1945E-09 3.6894E-09 4.2282E-09 4.8124E-09 5.4345E-09 6.0918E-09 6.7768E-09 7.4773E-09 8.1856E-09 8.8934E-09 9.5790E-09 1.0236E-08 1.0849E-08 1.1395E-08 1.1865E-08 1.2246E-08 1.2518E-08 1.2665E-08 1.2686E-08 1.2573E-08 1.2320E-08 1.1925E-08 1.1397E-08 1.0752E-08 1.0004E-08 9.1729E-09 8.2803E-09 7.3530E-09 6.4235E-09
0.0000E+00 0.0000E+00 0.0000E+00 0.0000E+00 0.0000E+00 0.0000E+00 0.0000E+00 1.2897E-13 4.0077E-12 1.0428E-11 1.8165E-11 3.1304E-11 5.2099E-11 8.1896E-11 1.2339E-10 1.7485E-10 2.4164E-10 3.2248E-10 4.1529E-10 5.2367E-10 6.4576E-10 7.8641E-10 9.5477E-10 1.1504E-09 1.3782E-09 1.6445E-09 1.9505E-09 2.3042E-09 2.7013E-09 3.1453E-09 3.6333E-09 4.1676E-09 4.7430E-09 5.3607E-09 6.0122E-09 6.6903E-09 7.3931E-09 8.1038E-09 8.8139E-09 9.5151E-09 1.0185E-08 1.0810E-08 1.1380E-08 1.1872E-08 1.2266E-08 1.2554E-08 1.2720E-08 1.2746E-08 1.2627E-08 1.2359E-08 1.1952E-08 1.1405E-08 1.0732E-08 9.9491E-09 9.0835E-09 8.1631E-09 7.2137E-09
0.0000E+00 0.0000E+00 0.0000E+00 0.0000E+00 0.0000E+00 0.0000E+00 0.0000E+00 0.0000E+00 0.0000E+00 3.9098E-12 8.5303E-12 1.7048E-11 2.8751E-11 5.0527E-11 7.8221E-11 1.1639E-10 1.6378E-10 2.2936E-10 3.0502E-10 3.9700E-10 5.1155E-10 6.3513E-10 7.7567E-10 9.4002E-10 1.1334E-09 1.3614E-09 1.6235E-09 1.9278E-09 2.2707E-09 2.6594E-09 3.0947E-09 3.5789E-09 4.1059E-09 4.6815E-09 5.2950E-09 5.9474E-09 6.6333E-09 7.3382E-09 8.0647E-09 8.7940E-09 9.5088E-09 1.0206E-08 1.0861E-08 1.1452E-08 1.1969E-08 1.2388E-08 1.2692E-08 1.2860E-08 1.2887E-08 1.2765E-08 1.2486E-08 1.2048E-08 1.1469E-08 1.0763E-08 9.9508E-09 9.0548E-09 8.1025E-09
0.0000E+00 0.0000E+00 0.0000E+00 0.0000E+00 0.0000E+00 0.0000E+00 0.0000E+00 0.0000E+00 0.0000E+00 0.0000E+00 3.7482E-12 8.1211E-12 1.5529E-11 2.8239E-11 4.9872E-11 7.5448E-11 1.0881E-10 1.5516E-10 2.1731E-10 2.9264E-10 3.8229E-10 4.9493E-10 6.2215E-10 7.5849E-10 9.2409E-10 1.1171E-09 1.3401E-09 1.6017E-09 1.8998E-09 2.2423E-09 2.6261E-09 3.0594E-09 3.5355E-09 4.0648E-09 4.6342E-09 5.2559E-09 5.9137E-09 6.6082E-09 7.3363E-09 8.0775E-09 8.8307E-09 9.5805E-09 1.0303E-08 1.0988E-08 1.1613E-08 1.2155E-08 1.2592E-08 1.2911E-08 1.3093E-08 1.3118E-08 1.2978E-08 1.2680E-08 1.2221E-08 1.1611E-08 1.0865E-08 1.0005E-08 9.0600E-09
0.0000E+00 0.0000E+00 0.0000E+00 0.0000E+00 0.0000E+00 0.0000E+00 0.0000E+00 0.0000E+00 0.0000E+00 0.0000E+00 0.0000E+00 1.9381E-12 6.0831E-12 1.2823E-11 2.7977E-11 4.7428E-11 7.2677E-11 1.0471E-10 1.4842E-10 2.0789E-10 2.7992E-10 3.6601E-10 4.7835E-10 5.9747E-10 7.4095E-10 9.0825E-10 1.0968E-09 1.3200E-09 1.5753E-09 1.8732E-09 2.2082E-09 2.5936E-09 3.0189E-09 3.5026E-09 4.0280E-09 4.6110E-09 5.2340E-09 5.9093E-09 6.6238E-09 7.3685E-09 8.1447E-09 8.9296E-09 9.7091E-09 1.0473E-08 1.1194E-08 1.1847E-08 1.2422E-08 1.2890E-08 1.3222E-08 1.3406E-08 1.3433E-08 1.3287E-08 1.2965E-08 1.2470E-08 1.1815E-08 1.1022E-08 1.0108E-08
0.0000E+00 0.0000E+00 0.0000E+00 0.0000E+00 0.0000E+00 0.0000E+00 0.0000E+00 0.0000E+00 0.0000E+00 0.0000E+00 0.0000E+00 0.0000E+00 1.8040E-12 4.1847E-12 1.1057E-11 2.5514E-11 4.5144E-11 7.0358E-11 1.0299E-10 1.4357E-10 1.9673E-10 2.6238E-10 3.5114E-10 4.5515E-10 5.7896E-10 7.2220E-10 8.8838E-10 1.0764E-09 1.2929E-09 1.5493E-09 1.8392E-09 2.1778E-09 2.5552E-09 2.9902E-09 3.4682E-09 4.0082E-09 4.5934E-09 5.2405E-09 5.9304E-09 6.6715E-09 7.4526E-09 8.2554E-09 9.0820E-09 9.9083E-09 1.0708E-08 1.1473E-08 1.2176E-08 1.2780E-08 1.3271E-08 1.3631E-08 1.3829E-08 1.3849E-08 1.3687E-08 1.3337E-08 1.2804E-08 1.2094E-08 1.1223E-08
0.0000E+00 0.0000E+00 0.0000E+00 0.0000E+00 0.0000E+00 0.0000E+00 0.0000E+00 0.0000E+00 0.0000E+00 0.0000E+00 0.0000E+00 0.0000E+00 0.0000E+00 0.0000E+00 1.9148E-12 9.8446E-12 2.2941E-11 4.0794E-11 6.6011E-11 9.8645E-11 1.4002E-10 1.9043E-10 2.5532E-10 3.3525E-10 4.3266E-10 5.4893E-10 6.8789E-10 8.5965E-10 1.0468E-09 1.2664E-09 1.5155E-09 1.8088E-09 2.1384E-09 2.5263E-09 2.9561E-09 3.4497E-09 3.9918E-09 4.6027E-09 5.2600E-09 5.9843E-09 6.7544E-09 7.5709E-09 8.4264E-09 9.2947E-09 1.0170E-08 1.1031E-08 1.1842E-08 1.2586E-08 1.3242E-08 1.3769E-08 1.4145E-08 1.4354E-08 1.4375E-08 1.4192E-08 1.3797E-08 1.3193E-08 1.2398E-08
0.0000E+00 0.0000E+00 0.0000E+00 0.0000E+00 0.0000E+00 0.0000E+00 0.0000E+00 0.0000E+00 0.0000E+00 0.0000E+00 0.0000E+00 0.0000E+00 0.0000E+00 0.0000E+00 0.0000E+00 8.4732E-13 6.7638E-12 1.7150E-11 3.4954E-11 6.1470E-11 9.2783E-11 1.3083E-10 1.8326E-10 2.4534E-10 3.2411E-10 4.1448E-10 5.2176E-10 6.5468E-10 8.1207E-10 1.0024E-09 1.2167E-09 1.4715E-09 1.7584E-09 2.1008E-09 2.4830E-09 2.9294E-09 3.4260E-09 3.9945E-09 4.6156E-09 5.3145E-09 6.0647E-09 6.8819E-09 7.7471E-09 8.6484E-09 9.5821E-09 1.0516E-08 1.1430E-08 1.2309E-08 1.3113E-08 1.3809E-08 1.4380E-08 1.4787E-08 1.5001E-08 1.5001E-08 1.4774E-08 1.4315E-08 1.3626E-08
0.0000E+00 0.0000E+00 0.0000E+00 0.0000E+00 0.0000E+00 0.0000E+00 0.0000E+00 0.0000E+00 0.0000E+00 0.0000E+00 0.0000E+00 0.0000E+00 0.0000E+00 0.0000E+00 0.0000E+00 0.0000E+00 0.0000E+00 5.4591E-12 1.2162E-11 2.8404E-11 5.3511E-11 8.4626E-11 1.2198E-10 1.7167E-10 2.3547E-10 3.0907E-10 3.9684E-10 5.0157E-10 6.2469E-10 7.7822E-10 9.5899E-10 1.1770E-09 1.4219E-09 1.7215E-09 2.0576E-09 2.4593E-09 2.9081E-09 3.4298E-09 4.0110E-09 4.6721E-09 5.3940E-09 6.1970E-09 7.0559E-09 7.9775E-09 8.9461E-09 9.9376E-09 1.0947E-08 1.1940E-08 1.2882E-08 1.3751E-08 1.4509E-08 1.5116E-08 1.5538E-08 1.5747E-08 1.5716E-08 1.5426E-08 1.4868E-08
0.0000E+00 0.0000E+00 0.0000E+00 0.0000E+00 0.0000E+00 0.0000E+00 0.0000E+00 0.0000E+00 0.0000E+00 0.0000E+00 0.0000E+00 0.0000E+00 0.0000E+00 0.0000E+00 0.0000E+00 0.0000E+00 0.0000E+00 0.0000E+00 4.4450E-12 7.0455E-12 2.2209E-11 4.5085E-11 7.5040E-11 1.0801E-10 1.5835E-10 2.1912E-10 2.9039E-10 3.7683E-10 4.7452E-10 5.9848E-10 7.4348E-10 9.2556E-10 1.1327E-09 1.3908E-09 1.6834E-09 2.0375E-09 2.4372E-09 2.9121E-09 3.4442E-09 4.0620E-09 4.7475E-09 5.5214E-09 6.3623E-09 7.2875E-09 8.2731E-09 9.3128E-09 1.0392E-08 1.1479E-08 1.2551E-08 1.3578E-08 1.4515E-08 1.5320E-08 1.5962E-08 1.6396E-08 1.6580E-08 1.6487E-08 1.6111E-08
0.0000E+00 0.0000E+00 0.0000E+00 0.0000E+00 0.0000E+00 0.0000E+00 0.0000E+00 0.0000E+00 0.0000E+00 0.0000E+00 0.0000E+00 0.0000E+00 0.0000E+00 0.0000E+00 0.0000E+00 0.0000E+00 0.0000E+00 0.0000E+00 0.0000E+00 3.0493E-12 4.9957E-12 1.7232E-11 3.7957E-11 6.5245E-11 9.7587E-11 1.4372E-10 2.0179E-10 2.7088E-10 3.5589E-10 4.5515E-10 5.6870E-10 7.1589E-10 8.8422E-10 1.1038E-09 1.3535E-09 1.6625E-09 2.0163E-09 2.4391E-09 2.9216E-09 3.4917E-09 4.1323E-09 4.8682E-09 5.6832E-09 6.5937E-09 7.5778E-09 8.6445E-09 9.7690E-09 1.0930E-08 1.2112E-08 1.3275E-08 1.4376E-08 1.5383E-08 1.6245E-08 1.6907E-08 1.7329E-08 1.7478E-08 1.7316E-08
0.0000E+00 0.0000E+00 0.0000E+00 0.0000E+00 0.0000E+00 0.0000E+00 0.0000E+00 0.0000E+00 0.0000E+00 0.0000E+00 0.0000E+00 0.0000E+00 0.0000E+00 0.0000E+00 0.0000E+00 0.0000E+00 0.0000E+00 0.0000E+00 0.0000E+00 0.0000E+00 0.0000E+00 4.4760E-12 1.3048E-11 3.0397E-11 5.3303E-11 8.7297E-11 1.3031E-10 1.8595E-10 2.5072E-10 3.3635E-10 4.3080E-10 5.5214E-10 6.9017E-10 8.7150E-10 1.0799E-09 1.3440E-09 1.6478E-09 2.0219E-09 2.4535E-09 2.9698E-09 3.5628E-09 4.2500E-09 5.0247E-09 5.9036E-09 6.8721E-09 7.9408E-09 9.0837E-09 1.0297E-08 1.1560E-08 1.2832E-08 1.4085E-08 1.5279E-08 1.6351E-08 1.7252E-08 1.7937E-08 1.8345E-08 1.8420E-08
0.0000E+00 0.0000E+00 0.0000E+00 0.0000E+00 0.0000E+00 0.0000E+00 0.0000E+00 0.0000E+00 0.0000E+00 0.0000E+00 0.0000E+00 0.0000E+00 0.0000E+00 0.0000E+00 0.0000E+00 0.0000E+00 0.0000E+00 0.0000E+00 0.0000E+00 0.0000E+00 0.0000E+00 0.0000E+00 1.9096E-12 6.5001E-12 2.2877E-11 4.5182E-11 7.6831E-11 1.1864E-10 1.6759E-10 2.4050E-10 3.2008E-10 4.2578E-10 5.3612E-10 6.8707E-10 8.5992E-10 1.0824E-09 1.3435E-09 1.6687E-09 2.0447E-09 2.5068E-09 3.0424E-09 3.6715E-09 4.3962E-09 5.2246E-09 6.1582E-09 7.2024E-09 8.3416E-09 9.5821E-09 1.0893E-08 1.2250E-08 1.3633E-08 1.4986E-08 1.6256E-08 1.7403E-08 1.8349E-08 1.9025E-08 1.9386E-08
