Assets/Resources/2015_m01_d08_2300(utc+0800)_l00_csi_1hr_conc.grd
DSAA
         159         159
     -79.000      79.000
     -79.000      79.000
  0.2835E-09  0.3523E-04
[rows 50 to 74 of 159, columns 0 to 56 of 159]
1.0007E-09 1.0273E-09 1.0527E-09 1.0806E-09 1.1072E-09 1.1356E-09 1.1675E-09 1.1991E-09 1.2315E-09 1.2632E-09 1.2972E-09 1.3388E-09 1.3809E-09 1.4230E-09 1.4678E-09 1.5177E-09 1.5642E-09 1.6094E-09 1.6601E-09 1.7073E-09 1.7548E-09 1.8052E-09 1.8580E-09 1.9112E-09 1.9676E-09 2.0272E-09 2.0876E-09 2.1513E-09 2.2199E-09 2.2901E-09 2.3610E-09 2.4379E-09 2.5258E-09 2.6181E-09 2.7081E-09 2.8088E-09 2.9206E-09 3.0402E-09 3.1613E-09 3.2870E-09 3.4186E-09 3.5689E-09 3.7249E-09 3.8958E-09 4.1063E-09 4.3392E-09 4.5972E-09 4.8576E-09 5.1209E-09 5.4244E-09 5.7497E-09 6.1167E-09 6.5565E-09 7.0737E-09 7.6228E-09 8.1937E-09 8.7787E-09
1.0014E-09 1.0281E-09 1.0561E-09 1.0828E-09 1.1096E-09 1.1369E-09 1.1691E-09 1.2023E-09 1.2352E-09 1.2686E-09 1.3010E-09 1.3431E-09 1.3869E-09 1.4302E-09 1.4761E-09 1.5255E-09 1.5716E-09 1.6190E-09 1.6686E-09 1.7160E-09 1.7643E-09 1.8161E-09 1.8694E-09 1.9235E-09 1.9816E-09 2.0420E-09 2.1034E-09 2.1698E-09 2.2397E-09 2.3103E-09 2.3840E-09 2.4691E-09 2.5542E-09 2.6480E-09 2.7485E-09 2.8563E-09 2.9747E-09 3.0943E-09 3.2198E-09 3.3518E-09 3.4976E-09 3.6533E-09 3.8154E-09 4.0139E-09 4.2501E-09 4.5145E-09 4.7788E-09 5.0430E-09 5.3501E-09 5.6841E-09 6.0367E-09 6.4627E-09 6.9615E-09 7.5238E-09 8.1349E-09 8.7532E-09 9.3620E-09
1.0025E-09 1.0293E-09 1.0568E-09 1.0837E-09 1.1117E-09 1.1413E-09 1.1731E-09 1.2039E-09 1.2379E-09 1.2715E-09 1.3065E-09 1.3484E-09 1.3904E-09 1.4366E-09 1.4860E-09 1.5332E-09 1.5787E-09 1.6274E-09 1.6767E-09 1.7241E-09 1.7738E-09 1.8266E-09 1.8799E-09 1.9357E-09 1.9953E-09 2.0560E-09 2.1192E-09 2.1879E-09 2.2588E-09 2.3301E-09 2.4072E-09 2.4958E-09 2.5892E-09 2.6828E-09 2.7887E-09 2.9015E-09 3.0242E-09 3.1506E-09 3.2826E-09 3.4210E-09 3.5738E-09 3.7391E-09 3.9258E-09 4.1543E-09 4.4150E-09 4.6814E-09 4.9496E-09 5.2577E-09 5.5956E-09 5.9471E-09 6.3549E-09 6.8299E-09 7.3849E-09 8.0157E-09 8.6721E-09 9.3308E-09 9.9744E-09
1.0052E-09 1.0303E-09 1.0579E-09 1.0844E-09 1.1125E-09 1.1442E-09 1.1757E-09 1.2087E-09 1.2395E-09 1.2735E-09 1.3099E-09 1.3541E-09 1.3959E-09 1.4404E-09 1.4938E-09 1.5405E-09 1.5847E-09 1.6367E-09 1.6842E-09 1.7321E-09 1.7831E-09 1.8364E-09 1.8903E-09 1.9477E-09 2.0082E-09 2.0695E-09 2.1353E-09 2.2055E-09 2.2765E-09 2.3501E-09 2.4354E-09 2.5211E-09 2.6158E-09 2.7197E-09 2.8289E-09 2.9521E-09 3.0787E-09 3.2053E-09 3.3417E-09 3.4905E-09 3.6539E-09 3.8326E-09 4.0395E-09 4.2961E-09 4.5718E-09 4.8423E-09 5.1448E-09 5.4839E-09 5.8405E-09 6.2357E-09 6.6899E-09 7.2276E-09 7.8459E-09 8.5289E-09 9.2396E-09 9.9284E-09 1.0603E-08
1.0053E-09 1.0329E-09 1.0595E-09 1.0853E-09 1.1130E-09 1.1450E-09 1.1780E-09 1.2115E-09 1.2448E-09 1.2770E-09 1.3118E-09 1.3589E-09 1.4018E-09 1.4496E-09 1.5003E-09 1.5464E-09 1.5937E-09 1.6434E-09 1.6912E-09 1.7398E-09 1.7919E-09 1.8457E-09 1.9004E-09 1.9593E-09 2.0205E-09 2.0830E-09 2.1509E-09 2.2221E-09 2.2937E-09 2.3700E-09 2.4586E-09 2.5530E-09 2.6495E-09 2.7561E-09 2.8748E-09 3.0008E-09 3.1255E-09 3.2605E-09 3.4038E-09 3.5652E-09 3.7357E-09 3.9273E-09 4.1747E-09 4.4490E-09 4.7231E-09 5.0184E-09 5.3516E-09 5.7091E-09 6.1039E-09 6.5401E-09 7.0525E-09 7.6444E-09 8.3298E-09 9.0753E-09 9.8139E-09 1.0549E-08 1.1258E-08
1.0058E-09 1.0329E-09 1.0596E-09 1.0873E-09 1.1166E-09 1.1481E-09 1.1787E-09 1.2125E-09 1.2460E-09 1.2808E-09 1.3182E-09 1.3623E-09 1.4069E-09 1.4557E-09 1.5065E-09 1.5510E-09 1.6003E-09 1.6497E-09 1.6976E-09 1.7472E-09 1.8003E-09 1.8541E-09 1.9103E-09 1.9705E-09 2.0319E-09 2.0962E-09 2.1661E-09 2.2376E-09 2.3104E-09 2.3901E-09 2.4809E-09 2.5762E-09 2.6828E-09 2.7944E-09 2.9210E-09 3.0457E-09 3.1779E-09 3.3167E-09 3.4725E-09 3.6415E-09 3.8217E-09 4.0435E-09 4.2998E-09 4.5920E-09 4.8806E-09 5.2006E-09 5.5579E-09 5.9488E-09 6.3756E-09 6.8689E-09 7.4256E-09 8.0949E-09 8.8467E-09 9.6272E-09 1.0412E-08 1.1177E-08 1.1924E-08
1.0061E-09 1.0333E-09 1.0594E-09 1.0873E-09 1.1187E-09 1.1498E-09 1.1827E-09 1.2140E-09 1.2470E-09 1.2832E-09 1.3197E-09 1.3655E-09 1.4105E-09 1.4610E-09 1.5124E-09 1.5562E-09 1.6078E-09 1.6555E-09 1.7035E-09 1.7543E-09 1.8080E-09 1.8622E-09 1.9199E-09 1.9808E-09 2.0427E-09 2.1093E-09 2.1804E-09 2.2522E-09 2.3272E-09 2.4147E-09 2.5095E-09 2.6064E-09 2.7172E-09 2.8334E-09 2.9613E-09 3.0935E-09 3.2260E-09 3.3754E-09 3.5390E-09 3.7139E-09 3.9070E-09 4.1495E-09 4.4469E-09 4.7317E-09 5.0406E-09 5.3863E-09 5.7746E-09 6.1895E-09 6.6676E-09 7.2000E-09 7.8253E-09 8.5582E-09 9.3664E-09 1.0196E-08 1.1014E-08 1.1822E-08 1.2598E-08
1.0055E-09 1.0341E-09 1.0591E-09 1.0870E-09 1.1186E-09 1.1513E-09 1.1845E-09 1.2176E-09 1.2519E-09 1.2853E-09 1.3239E-09 1.3695E-09 1.4149E-09 1.4649E-09 1.5168E-09 1.5636E-09 1.6127E-09 1.6607E-09 1.7093E-09 1.7610E-09 1.8151E-09 1.8700E-09 1.9289E-09 1.9905E-09 2.0534E-09 2.1218E-09 2.1937E-09 2.2660E-09 2.3435E-09 2.4338E-09 2.5319E-09 2.6382E-09 2.7490E-09 2.8730E-09 3.0050E-09 3.1366E-09 3.2794E-09 3.4365E-09 3.6071E-09 3.7815E-09 4.0011E-09 4.2776E-09 4.5725E-09 4.8664E-09 5.2036E-09 5.5820E-09 5.9859E-09 6.4486E-09 6.9624E-09 7.5513E-09 8.2369E-09 9.0427E-09 9.8992E-09 1.0764E-08 1.1629E-08 1.2465E-08 1.3279E-08
1.0072E-09 1.0335E-09 1.0597E-09 1.0892E-09 1.1183E-09 1.1512E-09 1.1846E-09 1.2179E-09 1.2524E-09 1.2895E-09 1.3261E-09 1.3739E-09 1.4191E-09 1.4696E-09 1.5198E-09 1.5683E-09 1.6171E-09 1.6655E-09 1.7145E-09 1.7672E-09 1.8217E-09 1.8773E-09 1.9374E-09 1.9994E-09 2.0635E-09 2.1337E-09 2.2060E-09 2.2793E-09 2.3646E-09 2.4543E-09 2.5560E-09 2.6687E-09 2.7852E-09 2.9133E-09 3.0428E-09 3.1804E-09 3.3291E-09 3.4956E-09 3.6723E-09 3.8566E-09 4.0876E-09 4.4026E-09 4.6969E-09 5.0134E-09 5.3713E-09 5.7690E-09 6.2075E-09 6.7059E-09 7.2693E-09 7.9040E-09 8.6667E-09 9.5294E-09 1.0432E-08 1.1342E-08 1.2236E-08 1.3113E-08 1.3951E-08
1.0063E-09 1.0326E-09 1.0601E-09 1.0899E-09 1.1212E-09 1.1516E-09 1.1844E-09 1.2179E-09 1.2538E-09 1.2900E-09 1.3280E-09 1.3751E-09 1.4247E-09 1.4740E-09 1.5236E-09 1.5728E-09 1.6211E-09 1.6696E-09 1.7194E-09 1.7728E-09 1.8274E-09 1.8842E-09 1.9453E-09 2.0074E-09 2.0734E-09 2.1448E-09 2.2171E-09 2.2922E-09 2.3801E-09 2.4808E-09 2.5867E-09 2.6977E-09 2.8210E-09 2.9501E-09 3.0841E-09 3.2271E-09 3.3836E-09 3.5535E-09 3.7313E-09 3.9289E-09 4.1992E-09 4.5134E-09 4.8191E-09 5.1545E-09 5.5387E-09 5.9566E-09 6.4313E-09 6.9725E-09 7.5702E-09 8.2729E-09 9.1012E-09 1.0014E-08 1.0961E-08 1.1910E-08 1.2844E-08 1.3745E-08 1.4622E-08
1.0058E-09 1.0316E-09 1.0591E-09 1.0902E-09 1.1218E-09 1.1544E-09 1.1871E-09 1.2218E-09 1.2537E-09 1.2914E-09 1.3307E-09 1.3793E-09 1.4282E-09 1.4779E-09 1.5258E-09 1.5768E-09 1.6246E-09 1.6732E-09 1.7238E-09 1.7779E-09 1.8326E-09 1.8906E-09 1.9523E-09 2.0149E-09 2.0826E-09 2.1547E-09 2.2275E-09 2.3043E-09 2.3996E-09 2.5018E-09 2.6106E-09 2.7268E-09 2.8526E-09 2.9847E-09 3.1245E-09 3.2728E-09 3.4334E-09 3.6115E-09 3.7863E-09 4.0114E-09 4.3141E-09 4.6205E-09 4.9378E-09 5.2992E-09 5.6990E-09 6.1475E-09 6.6559E-09 7.2322E-09 7.8773E-09 8.6439E-09 9.5342E-09 1.0493E-08 1.1485E-08 1.2471E-08 1.3433E-08 1.4372E-08 1.5271E-08
1.0056E-09 1.0302E-09 1.0578E-09 1.0891E-09 1.1214E-09 1.1544E-09 1.1872E-09 1.2214E-09 1.2580E-09 1.2942E-09 1.3321E-09 1.3822E-09 1.4314E-09 1.4804E-09 1.5311E-09 1.5792E-09 1.6276E-09 1.6764E-09 1.7278E-09 1.7822E-09 1.8375E-09 1.8964E-09 1.9585E-09 2.0220E-09 2.0910E-09 2.1637E-09 2.2370E-09 2.3210E-09 2.4159E-09 2.5240E-09 2.6356E-09 2.7569E-09 2.8847E-09 3.0220E-09 3.1623E-09 3.3166E-09 3.4853E-09 3.6618E-09 3.8399E-09 4.0895E-09 4.4194E-09 4.7259E-09 5.0574E-09 5.4368E-09 5.8639E-09 6.3318E-09 6.8818E-09 7.4866E-09 8.1861E-09 9.0151E-09 9.9550E-09 1.0963E-08 1.1992E-08 1.3015E-08 1.4011E-08 1.4973E-08 1.5901E-08
1.0041E-09 1.0299E-09 1.0590E-09 1.0885E-09 1.1210E-09 1.1533E-09 1.1863E-09 1.2218E-09 1.2575E-09 1.2951E-09 1.3331E-09 1.3836E-09 1.4343E-09 1.4815E-09 1.5336E-09 1.5812E-09 1.6300E-09 1.6790E-09 1.7312E-09 1.7860E-09 1.8417E-09 1.9013E-09 1.9641E-09 2.0283E-09 2.0986E-09 2.1718E-09 2.2457E-09 2.3345E-09 2.4358E-09 2.5488E-09 2.6608E-09 2.7811E-09 2.9147E-09 3.0548E-09 3.2012E-09 3.3587E-09 3.5322E-09 3.7088E-09 3.8919E-09 4.1785E-09 4.5105E-09 4.8222E-09 5.1744E-09 5.5731E-09 6.0145E-09 6.5227E-09 7.0953E-09 7.7387E-09 8.4908E-09 9.3752E-09 1.0366E-08 1.1415E-08 1.2482E-08 1.3535E-08 1.4558E-08 1.5548E-08 1.6506E-08
1.0023E-09 1.0287E-09 1.0587E-09 1.0896E-09 1.1203E-09 1.1551E-09 1.1862E-09 1.2208E-09 1.2578E-09 1.2945E-09 1.3346E-09 1.3847E-09 1.4347E-09 1.4833E-09 1.5358E-09 1.5827E-09 1.6319E-09 1.6811E-09 1.7339E-09 1.7891E-09 1.8453E-09 1.9055E-09 1.9689E-09 2.0339E-09 2.1054E-09 2.1787E-09 2.2538E-09 2.3519E-09 2.4573E-09 2.5676E-09 2.6844E-09 2.8067E-09 2.9470E-09 3.0889E-09 3.2350E-09 3.4007E-09 3.5745E-09 3.7536E-09 3.9533E-09 4.2697E-09 4.5974E-09 4.9192E-09 5.2848E-09 5.7050E-09 6.1644E-09 6.6995E-09 7.3067E-09 7.9794E-09 8.7883E-09 9.7240E-09 1.0758E-08 1.1848E-08 1.2945E-08 1.4024E-08 1.5075E-08 1.6094E-08 1.7081E-08
1.0003E-09 1.0274E-09 1.0574E-09 1.0885E-09 1.1213E-09 1.1543E-09 1.1879E-09 1.2206E-09 1.2568E-09 1.2947E-09 1.3339E-09 1.3871E-09 1.4358E-09 1.4836E-09 1.5376E-09 1.5838E-09 1.6333E-09 1.6827E-09 1.7360E-09 1.7916E-09 1.8483E-09 1.9090E-09 1.9727E-09 2.0387E-09 2.1113E-09 2.1846E-09 2.2706E-09 2.3614E-09 2.4734E-09 2.5874E-09 2.7054E-09 2.8344E-09 2.9742E-09 3.1199E-09 3.2715E-09 3.4370E-09 3.6143E-09 3.7964E-09 4.0034E-09 4.3505E-09 4.6764E-09 5.0093E-09 5.3953E-09 5.8249E-09 6.3105E-09 6.8727E-09 7.4979E-09 8.2191E-09 9.0702E-09 1.0054E-08 1.1129E-08 1.2253E-08 1.3376E-08 1.4482E-08 1.5559E-08 1.6605E-08 1.7621E-08
9.9810E-10 1.0252E-09 1.0553E-09 1.0871E-09 1.1201E-09 1.1525E-09 1.1862E-09 1.2225E-09 1.2577E-09 1.2958E-09 1.3352E-09 1.3875E-09 1.4365E-09 1.4858E-09 1.5378E-09 1.5843E-09 1.6341E-09 1.6837E-09 1.7375E-09 1.7935E-09 1.8506E-09 1.9118E-09 1.9759E-09 2.0426E-09 2.1160E-09 2.1897E-09 2.2795E-09 2.3818E-09 2.4869E-09 2.6056E-09 2.7252E-09 2.8608E-09 3.0022E-09 3.1475E-09 3.3027E-09 3.4712E-09 3.6519E-09 3.8370E-09 4.0611E-09 4.4247E-09 4.7480E-09 5.0933E-09 5.4973E-09 5.9404E-09 6.4448E-09 7.0320E-09 7.6820E-09 8.4395E-09 9.3394E-09 1.0360E-08 1.1475E-08 1.2624E-08 1.3773E-08 1.4904E-08 1.6006E-08 1.7078E-08 1.8123E-08
9.9625E-10 1.0227E-09 1.0535E-09 1.0856E-09 1.1180E-09 1.1504E-09 1.1854E-09 1.2207E-09 1.2571E-09 1.2954E-09 1.3361E-09 1.3887E-09 1.4368E-09 1.4864E-09 1.5376E-09 1.5843E-09 1.6344E-09 1.6842E-09 1.7384E-09 1.7947E-09 1.8522E-09 1.9139E-09 1.9782E-09 2.0457E-09 2.1197E-09 2.1984E-09 2.2852E-09 2.3947E-09 2.5124E-09 2.6214E-09 2.7450E-09 2.8842E-09 3.0274E-09 3.1765E-09 3.3298E-09 3.5034E-09 3.6860E-09 3.8751E-09 4.1206E-09 4.4936E-09 4.8175E-09 5.1771E-09 5.5875E-09 6.0466E-09 6.5741E-09 7.1771E-09 7.8501E-09 8.6495E-09 9.5830E-09 1.0645E-08 1.1787E-08 1.2961E-08 1.4133E-08 1.5285E-08 1.6412E-08 1.7509E-08 1.8581E-08
9.9477E-10 1.0227E-09 1.0517E-09 1.0837E-09 1.1186E-09 1.1492E-09 1.1832E-09 1.2187E-09 1.2559E-09 1.2948E-09 1.3357E-09 1.3896E-09 1.4356E-09 1.4865E-09 1.5369E-09 1.5839E-09 1.6341E-09 1.6842E-09 1.7387E-09 1.7952E-09 1.8532E-09 1.9151E-09 1.9798E-09 2.0479E-09 2.1224E-09 2.2040E-09 2.2995E-09 2.4086E-09 2.5220E-09 2.6375E-09 2.7644E-09 2.9072E-09 3.0490E-09 3.1979E-09 3.3550E-09 3.5333E-09 3.7176E-09 3.9117E-09 4.1652E-09 4.5523E-09 4.8776E-09 5.2518E-09 5.6747E-09 6.1435E-09 6.6892E-09 7.3109E-09 8.0049E-09 8.8369E-09 9.8108E-09 1.0899E-08 1.2066E-08 1.3260E-08 1.4452E-08 1.5625E-08 1.6773E-08 1.7895E-08 1.8994E-08
9.9190E-10 1.0213E-09 1.0515E-09 1.0817E-09 1.1160E-09 1.1497E-09 1.1819E-09 1.2174E-09 1.2536E-09 1.2927E-09 1.3348E-09 1.3879E-09 1.4352E-09 1.4863E-09 1.5357E-09 1.5829E-09 1.6333E-09 1.6836E-09 1.7383E-09 1.7950E-09 1.8534E-09 1.9156E-09 1.9806E-09 2.0493E-09 2.1265E-09 2.2114E-09 2.3059E-09 2.4223E-09 2.5340E-09 2.6512E-09 2.7819E-09 2.9253E-09 3.0721E-09 3.2173E-09 3.3780E-09 3.5600E-09 3.7465E-09 3.9456E-09 4.2260E-09 4.6023E-09 4.9344E-09 5.3164E-09 5.7505E-09 6.2302E-09 6.7918E-09 7.4222E-09 8.1452E-09 9.0049E-09 1.0006E-08 1.1122E-08 1.2309E-08 1.3520E-08 1.4728E-08 1.5920E-08 1.7089E-08 1.8234E-08 1.9359E-08
9.8882E-10 1.0188E-09 1.0493E-09 1.0787E-09 1.1139E-09 1.1469E-09 1.1814E-09 1.2159E-09 1.2522E-09 1.2909E-09 1.3337E-09 1.3869E-09 1.4333E-09 1.4857E-09 1.5341E-09 1.5814E-09 1.6319E-09 1.6824E-09 1.7374E-09 1.7943E-09 1.8529E-09 1.9153E-09 1.9806E-09 2.0496E-09 2.1320E-09 2.2200E-09 2.3164E-09 2.4273E-09 2.5447E-09 2.6668E-09 2.7949E-09 2.9406E-09 3.0874E-09 3.2348E-09 3.3987E-09 3.5838E-09 3.7727E-09 3.9763E-09 4.2608E-09 4.6462E-09 4.9847E-09 5.3759E-09 5.8126E-09 6.3057E-09 6.8831E-09 7.5214E-09 8.2622E-09 9.1529E-09 1.0175E-08 1.1313E-08 1.2515E-08 1.3739E-08 1.4961E-08 1.6169E-08 1.7356E-08 1.8523E-08 1.9672E-08
9.8551E-10 1.0155E-09 1.0466E-09 1.0789E-09 1.1107E-09 1.1438E-09 1.1795E-09 1.2141E-09 1.2516E-09 1.2904E-09 1.3328E-09 1.3844E-09 1.4332E-09 1.4835E-09 1.5320E-09 1.5793E-09 1.6300E-09 1.6806E-09 1.7357E-09 1.7928E-09 1.8516E-09 1.9143E-09 1.9798E-09 2.0490E-09 2.1322E-09 2.2233E-09 2.3299E-09 2.4406E-09 2.5533E-09 2.6804E-09 2.8116E-09 2.9595E-09 3.1007E-09 3.2501E-09 3.4170E-09 3.6049E-09 3.7960E-09 4.0037E-09 4.2939E-09 4.6812E-09 5.0282E-09 5.4269E-09 5.8703E-09 6.3696E-09 6.9539E-09 7.6012E-09 8.3672E-09 9.2725E-09 1.0317E-08 1.1470E-08 1.2683E-08 1.3916E-08 1.5150E-08 1.6372E-08 1.7575E-08 1.8761E-08 1.9931E-08
9.8198E-10 1.0120E-09 1.0439E-09 1.0755E-09 1.1073E-09 1.1416E-09 1.1762E-09 1.2120E-09 1.2496E-09 1.2896E-09 1.3310E-09 1.3826E-09 1.4305E-09 1.4809E-09 1.5294E-09 1.5768E-09 1.6274E-09 1.6783E-09 1.7335E-09 1.7907E-09 1.8497E-09 1.9124E-09 1.9781E-09 2.0521E-09 2.1336E-09 2.2259E-09 2.3315E-09 2.4466E-09 2.5672E-09 2.6862E-09 2.8228E-09 2.9694E-09 3.1121E-09 3.2632E-09 3.4326E-09 3.6231E-09 3.8163E-09 4.0320E-09 4.3245E-09 4.7131E-09 5.0620E-09 5.4692E-09 5.9154E-09 6.4213E-09 7.0142E-09 7.6635E-09 8.4470E-09 9.3717E-09 1.0430E-08 1.1593E-08 1.2812E-08 1.4052E-08 1.5294E-08 1.6526E-08 1.7744E-08 1.8947E-08 2.0138E-08
9.7823E-10 1.0090E-09 1.0402E-09 1.0748E-09 1.1047E-09 1.1380E-09 1.1727E-09 1.2085E-09 1.2461E-09 1.2873E-09 1.3300E-09 1.3794E-09 1.4273E-09 1.4778E-09 1.5263E-09 1.5736E-09 1.6244E-09 1.6754E-09 1.7305E-09 1.7879E-09 1.8469E-09 1.9099E-09 1.9756E-09 2.0523E-09 2.1387E-09 2.2273E-09 2.3355E-09 2.4514E-09 2.5736E-09 2.6993E-09 2.8302E-09 2.9774E-09 3.1214E-09 3.2742E-09 3.4454E-09 3.6384E-09 3.8335E-09 4.0565E-09 4.3493E-09 4.7124E-09 5.0914E-09 5.5019E-09 5.9478E-09 6.4606E-09 7.0572E-09 7.7139E-09 8.5048E-09 9.4474E-09 1.0515E-08 1.1682E-08 1.2902E-08 1.4145E-08 1.5393E-08 1.6634E-08 1.7864E-08 1.9081E-08 2.0288E-08
9.7486E-10 1.0050E-09 1.0370E-09 1.0709E-09 1.1039E-09 1.1340E-09 1.1699E-09 1.2047E-09 1.2435E-09 1.2837E-09 1.3286E-09 1.3768E-09 1.4248E-09 1.4742E-09 1.5228E-09 1.5700E-09 1.6207E-09 1.6719E-09 1.7270E-09 1.7844E-09 1.8435E-09 1.9065E-09 1.9723E-09 2.0495E-09 2.1412E-09 2.2347E-09 2.3370E-09 2.4565E-09 2.5788E-09 2.7046E-09 2.8412E-09 2.9833E-09 3.1286E-09 3.2828E-09 3.4556E-09 3.6506E-09 3.8474E-09 4.0732E-09 4.3717E-09 4.7163E-09 5.1083E-09 5.5258E-09 5.9727E-09 6.4877E-09 7.0830E-09 7.7446E-09 8.5449E-09 9.4977E-09 1.0571E-08 1.1738E-08 1.2956E-08 1.4198E-08 1.5448E-08 1.6695E-08 1.7933E-08 1.9162E-08 2.0384E-08
9.7146E-10 1.0008E-09 1.0328E-09 1.0667E-09 1.0997E-09 1.1333E-09 1.1658E-09 1.2017E-09 1.2394E-09 1.2796E-09 1.3247E-09 1.3728E-09 1.4208E-09 1.4702E-09 1.5187E-09 1.5658E-09 1.6164E-09 1.6679E-09 1.7228E-09 1.7801E-09 1.8393E-09 1.9023E-09 1.9750E-09 2.0479E-09 2.1400E-09 2.2349E-09 2.3395E-09 2.4653E-09 2.5836E-09 2.7075E-09 2.8442E-09 2.9872E-09 3.1337E-09 3.2890E-09 3.4632E-09 3.6597E-09 3.8581E-09 4.0901E-09 4.3865E-09 4.6989E-09 5.1233E-09 5.5408E-09 5.9875E-09 6.5023E-09 7.0993E-09 7.7592E-09 8.5645E-09 9.5249E-09 1.0598E-08 1.1760E-08 1.2973E-08 1.4212E-08 1.5461E-08 1.6710E-08 1.7954E-08 1.9192E-08 2.0425E-08
