Assets/Resources/2015_m01_d20_1800(utc+0800)_l00_csi_1hr_conc.grd
DSAA
         159         159
     -79.000      79.000
     -79.000      79.000
  0.0000E+00  0.1251E-04
[rows 0 to 24 of 159, columns 0 to 56 of 159]
8.6183E-10 8.9164E-10 9.2230E-10 9.5377E-10 9.8579E-10 1.0182E-09 1.0507E-09 1.0878E-09 1.1191E-09 1.1487E-09 1.1758E-09 1.1993E-09 1.2181E-09 1.2305E-09 1.2349E-09 1.2294E-09 1.2122E-09 1.1816E-09 1.1365E-09 1.0723E-09 1.0067E-09 9.1777E-10 8.2485E-10 7.3799E-10 6.6466E-10 5.7661E-10 5.5683E-10 5.6131E-10 5.6448E-10 5.6977E-10 5.7460E-10 5.7808E-10 5.8352E-10 5.8840E-10 6.0479E-10 6.0987E-10 6.1309E-10 6.1928E-10 6.2179E-10 6.2783E-10 6.3189E-10 6.3476E-10 6.4018E-10 6.4269E-10 6.4717E-10 6.5040E-10 6.5845E-10 6.6156E-10 6.6688E-10 6.7122E-10 6.7648E-10 6.7714E-10 6.7755E-10 6.6499E-10 6.4149E-10 6.0958E-10 5.6653E-10
8.6240E-10 8.9273E-10 9.2405E-10 9.5630E-10 9.8929E-10 1.0229E-09 1.0618E-09 1.0955E-09 1.1287E-09 1.1607E-09 1.1906E-09 1.2175E-09 1.2401E-09 1.2569E-09 1.2663E-09 1.2662E-09 1.2548E-09 1.2301E-09 1.1906E-09 1.1444E-09 1.0699E-09 9.8564E-10 8.8715E-10 7.9219E-10 7.0833E-10 6.1944E-10 5.7084E-10 5.6927E-10 5.7376E-10 5.7777E-10 5.8297E-10 5.8612E-10 6.0450E-10 6.1004E-10 6.1403E-10 6.1967E-10 6.2401E-10 6.2979E-10 6.3440E-10 6.3904E-10 6.4367E-10 6.4768E-10 6.5264E-10 6.5473E-10 6.6194E-10 6.6510E-10 6.7187E-10 6.7693E-10 6.8481E-10 7.0009E-10 7.0422E-10 7.0587E-10 7.0209E-10 6.9254E-10 6.7219E-10 6.4391E-10 6.0261E-10
8.6263E-10 8.9343E-10 9.2536E-10 9.5832E-10 9.9221E-10 1.0319E-09 1.0671E-09 1.1024E-09 1.1375E-09 1.1717E-09 1.2043E-09 1.2343E-09 1.2606E-09 1.2817E-09 1.2960E-09 1.3015E-09 1.2961E-09 1.2860E-09 1.2528E-09 1.2036E-09 1.1339E-09 1.0501E-09 9.5399E-10 8.5215E-10 7.5898E-10 6.5838E-10 5.8740E-10 5.7718E-10 5.8189E-10 5.8683E-10 6.0349E-10 6.0893E-10 6.1328E-10 6.1935E-10 6.2306E-10 6.2934E-10 6.3614E-10 6.4014E-10 6.4677E-10 6.5007E-10 6.5538E-10 6.5936E-10 6.6504E-10 6.7112E-10 6.7482E-10 6.8028E-10 6.9658E-10 7.0544E-10 7.0994E-10 7.1619E-10 7.2162E-10 7.2718E-10 7.2459E-10 7.2026E-10 7.0351E-10 6.8513E-10 6.4690E-10
8.6252E-10 8.9375E-10 9.2623E-10 9.6494E-10 9.9967E-10 1.0353E-09 1.0717E-09 1.1084E-09 1.1453E-09 1.1816E-09 1.2167E-09 1.2498E-09 1.2797E-09 1.3050E-09 1.3241E-09 1.3431E-09 1.3439E-09 1.3322E-09 1.3056E-09 1.2625E-09 1.2001E-09 1.1210E-09 1.0251E-09 9.1664E-10 8.1702E-10 7.2581E-10 6.1271E-10 5.9206E-10 6.0200E-10 6.0559E-10 6.1201E-10 6.1785E-10 6.2188E-10 6.2855E-10 6.3453E-10 6.4036E-10 6.4650E-10 6.5026E-10 6.5788E-10 6.6303E-10 6.6846E-10 6.7366E-10 6.7730E-10 6.8423E-10 6.9988E-10 7.0567E-10 7.1224E-10 7.1998E-10 7.2416E-10 7.3532E-10 7.4185E-10 7.4657E-10 7.6255E-10 7.5682E-10 7.4569E-10 7.2668E-10 6.9076E-10
8.6209E-10 8.9372E-10 9.3179E-10 9.6602E-10 1.0015E-09 1.0380E-09 1.0755E-09 1.1137E-09 1.1521E-09 1.1905E-09 1.2280E-09 1.2640E-09 1.2973E-09 1.3267E-09 1.3584E-09 1.3749E-09 1.3819E-09 1.3767E-09 1.3571E-09 1.3209E-09 1.2667E-09 1.1906E-09 1.0988E-09 9.9174E-10 8.7924E-10 7.7965E-10 6.6642E-10 6.1306E-10 6.1041E-10 6.1575E-10 6.2039E-10 6.2791E-10 6.3381E-10 6.3891E-10 6.4545E-10 6.4993E-10 6.5673E-10 6.6402E-10 6.6885E-10 6.7596E-10 6.8015E-10 6.9875E-10 7.0368E-10 7.1005E-10 7.1263E-10 7.2170E-10 7.2810E-10 7.3422E-10 7.4089E-10 7.6749E-10 7.7449E-10 7.8079E-10 7.9724E-10 7.9269E-10 7.8457E-10 7.6146E-10 7.3037E-10
8.6135E-10 8.9845E-10 9.3187E-10 9.6667E-10 1.0028E-09 1.0402E-09 1.0787E-09 1.1181E-09 1.1581E-09 1.1983E-09 1.2382E-09 1.2768E-09 1.3209E-09 1.3544E-09 1.3830E-09 1.4049E-09 1.4179E-09 1.4196E-09 1.4072E-09 1.3783E-09 1.3310E-09 1.2591E-09 1.1724E-09 1.0654E-09 9.5008E-10 8.4881E-10 7.5298E-10 6.4383E-10 6.1998E-10 6.2574E-10 6.3004E-10 6.3693E-10 6.4322E-10 6.4803E-10 6.5520E-10 6.6168E-10 6.6829E-10 6.7495E-10 6.7960E-10 7.0043E-10 7.0444E-10 7.1267E-10 7.1856E-10 7.2328E-10 7.3089E-10 7.3544E-10 7.4232E-10 7.6662E-10 7.7765E-10 7.9926E-10 8.0650E-10 8.1267E-10 8.1994E-10 8.1887E-10 8.1725E-10 8.0205E-10 7.7134E-10
8.6542E-10 8.9776E-10 9.3157E-10 9.6688E-10 1.0036E-09 1.0418E-09 1.0813E-09 1.1218E-09 1.1632E-09 1.2052E-09 1.2472E-09 1.2958E-09 1.3356E-09 1.3728E-09 1.4059E-09 1.4330E-09 1.4520E-09 1.4604E-09 1.4555E-09 1.4344E-09 1.3947E-09 1.3349E-09 1.2494E-09 1.1586E-09 1.0397E-09 9.1924E-10 8.0873E-10 6.9571E-10 6.3622E-10 6.3464E-10 6.4043E-10 6.4583E-10 6.5259E-10 6.5692E-10 6.6606E-10 6.7311E-10 6.7845E-10 6.9832E-10 7.0434E-10 7.1222E-10 7.1866E-10 7.2528E-10 7.3185E-10 7.3783E-10 7.6484E-10 7.6866E-10 7.9762E-10 8.0223E-10 8.1110E-10 8.1790E-10 8.2827E-10 8.4158E-10 8.4773E-10 8.5078E-10 8.4747E-10 8.3647E-10 8.1150E-10
8.6414E-10 8.9675E-10 9.3090E-10 9.6666E-10 1.0040E-09 1.0428E-09 1.0831E-09 1.1248E-09 1.1675E-09 1.2111E-09 1.2625E-09 1.3062E-09 1.3489E-09 1.3896E-09 1.4269E-09 1.4591E-09 1.4840E-09 1.4992E-09 1.5018E-09 1.4888E-09 1.4574E-09 1.4144E-09 1.3361E-09 1.2380E-09 1.1216E-09 9.9416E-10 8.7367E-10 7.4410E-10 6.5568E-10 6.4349E-10 6.4952E-10 6.5594E-10 6.6332E-10 6.7009E-10 6.7575E-10 6.9562E-10 7.0077E-10 7.0912E-10 7.1800E-10 7.2380E-10 7.3260E-10 7.3765E-10 7.6531E-10 7.7125E-10 7.9974E-10 8.0782E-10 8.1331E-10 8.2058E-10 8.3554E-10 8.4659E-10 8.5290E-10 8.6124E-10 8.6893E-10 8.7675E-10 8.7510E-10 8.7081E-10 8.5077E-10
8.6259E-10 8.9543E-10 9.2989E-10 9.6604E-10 1.0038E-09 1.0433E-09 1.0844E-09 1.1271E-09 1.1784E-09 1.2235E-09 1.2693E-09 1.3153E-09 1.3607E-09 1.4048E-09 1.4462E-09 1.4832E-09 1.5139E-09 1.5358E-09 1.5459E-09 1.5413E-09 1.5274E-09 1.4840E-09 1.4157E-09 1.3247E-09 1.2138E-09 1.0797E-09 9.4821E-10 8.2833E-10 6.8624E-10 6.6060E-10 6.6026E-10 6.6476E-10 6.7277E-10 6.9178E-10 6.9723E-10 7.0591E-10 7.1494E-10 7.2147E-10 7.2962E-10 7.3661E-10 7.6529E-10 7.9359E-10 8.0150E-10 8.0887E-10 8.1451E-10 8.3367E-10 8.3841E-10 8.4597E-10 8.5450E-10 8.6436E-10 8.7023E-10 8.8436E-10 8.9037E-10 9.0344E-10 9.0823E-10 9.0369E-10 8.9137E-10
8.6078E-10 8.9382E-10 9.2856E-10 9.6504E-10 1.0033E-09 1.0433E-09 1.0851E-09 1.1361E-09 1.1812E-09 1.2276E-09 1.2751E-09 1.3232E-09 1.3713E-09 1.4185E-09 1.4637E-09 1.5054E-09 1.5416E-09 1.5700E-09 1.5961E-09 1.6001E-09 1.5867E-09 1.5526E-09 1.4953E-09 1.4094E-09 1.3013E-09 1.1722E-09 1.0282E-09 8.9774E-10 7.5362E-10 6.7298E-10 6.6965E-10 6.8745E-10 6.9361E-10 7.0309E-10 7.1066E-10 7.1751E-10 7.2598E-10 7.5159E-10 7.6091E-10 7.9160E-10 7.9902E-10 8.0883E-10 8.1538E-10 8.3429E-10 8.4129E-10 8.4982E-10 8.5385E-10 8.6536E-10 8.7069E-10 8.8886E-10 8.9665E-10 9.0885E-10 9.1839E-10 9.2782E-10 9.3635E-10 9.3558E-10 9.2891E-10
8.5873E-10 8.9193E-10 9.2690E-10 9.6366E-10 1.0023E-09 1.0428E-09 1.0927E-09 1.1370E-09 1.1832E-09 1.2308E-09 1.2799E-09 1.3300E-09 1.3805E-09 1.4306E-09 1.4795E-09 1.5256E-09 1.5671E-09 1.6101E-09 1.6354E-09 1.6478E-09 1.6437E-09 1.6194E-09 1.5717E-09 1.4923E-09 1.3920E-09 1.2630E-09 1.1188E-09 9.7459E-10 8.4682E-10 7.2052E-10 6.9146E-10 6.9870E-10 7.0438E-10 7.1320E-10 7.2122E-10 7.2766E-10 7.5614E-10 7.8543E-10 7.9493E-10 8.0437E-10 8.1159E-10 8.3363E-10 8.3984E-10 8.5087E-10 8.5894E-10 8.6579E-10 8.7561E-10 8.9097E-10 8.9922E-10 9.0910E-10 9.1991E-10 9.2769E-10 9.3884E-10 9.5102E-10 9.6209E-10 9.6546E-10 9.6358E-10
8.5644E-10 8.8979E-10 9.2494E-10 9.6194E-10 1.0083E-09 1.0493E-09 1.0923E-09 1.1374E-09 1.1844E-09 1.2333E-09 1.2838E-09 1.3356E-09 1.3883E-09 1.4412E-09 1.4935E-09 1.5518E-09 1.5985E-09 1.6395E-09 1.6720E-09 1.6928E-09 1.6982E-09 1.6841E-09 1.6467E-09 1.5833E-09 1.4861E-09 1.3688E-09 1.2202E-09 1.0656E-09 9.2972E-10 7.8383E-10 7.1037E-10 7.0871E-10 7.1602E-10 7.2314E-10 7.5026E-10 7.7775E-10 7.8879E-10 7.9865E-10 8.1748E-10 8.2795E-10 8.3662E-10 8.4753E-10 8.5651E-10 8.6588E-10 8.8533E-10 8.9342E-10 9.0246E-10 9.0778E-10 9.1985E-10 9.2671E-10 9.4414E-10 9.5008E-10 9.6704E-10 9.7808E-10 9.8970E-10 9.9698E-10 9.9934E-10
8.5393E-10 8.8739E-10 9.2269E-10 9.6730E-10 1.0066E-09 1.0480E-09 1.0915E-09 1.1371E-09 1.1850E-09 1.2349E-09 1.2867E-09 1.3402E-09 1.3949E-09 1.4504E-09 1.5139E-09 1.5681E-09 1.6196E-09 1.6664E-09 1.7060E-09 1.7351E-09 1.7499E-09 1.7463E-09 1.7199E-09 1.6672E-09 1.5802E-09 1.4657E-09 1.3339E-09 1.1750E-09 1.0144E-09 8.4479E-10 7.3339E-10 7.2002E-10 7.4550E-10 7.7178E-10 7.8203E-10 7.9149E-10 8.1047E-10 8.2134E-10 8.2900E-10 8.4218E-10 8.5249E-10 8.7223E-10 8.8403E-10 8.9152E-10 9.0307E-10 9.0947E-10 9.1978E-10 9.3551E-10 9.4565E-10 9.5449E-10 9.6310E-10 9.7749E-10 9.8741E-10 1.0000E-09 1.0132E-09 1.0258E-09 1.0316E-09
8.5123E-10 8.8475E-10 9.2755E-10 9.6498E-10 1.0045E-09 1.0462E-09 1.0901E-09 1.1364E-09 1.1849E-09 1.2357E-09 1.2887E-09 1.3437E-09 1.4003E-09 1.4662E-09 1.5246E-09 1.5825E-09 1.6385E-09 1.6909E-09 1.7372E-09 1.7743E-09 1.7986E-09 1.8056E-09 1.7907E-09 1.7497E-09 1.6792E-09 1.5821E-09 1.4494E-09 1.2839E-09 1.1116E-09 9.5119E-10 7.8756E-10 7.6591E-10 7.7495E-10 7.8173E-10 8.0307E-10 8.1333E-10 8.2135E-10 8.3322E-10 8.4535E-10 8.6607E-10 8.7736E-10 8.8739E-10 8.9905E-10 9.0600E-10 9.1936E-10 9.3892E-10 9.4803E-10 9.5742E-10 9.6399E-10 9.7360E-10 9.8488E-10 1.0012E-09 1.0094E-09 1.0278E-09 1.0370E-09 1.0549E-09 1.0644E-09
8.4832E-10 8.8928E-10 9.2479E-10 9.6236E-10 1.0020E-09 1.0440E-09 1.0883E-09 1.1350E-09 1.1842E-09 1.2358E-09 1.2899E-09 1.3542E-09 1.4126E-09 1.4726E-09 1.5337E-09 1.5950E-09 1.6553E-09 1.7129E-09 1.7657E-09 1.8106E-09 1.8440E-09 1.8617E-09 1.8586E-09 1.8393E-09 1.7812E-09 1.6857E-09 1.5587E-09 1.4002E-09 1.2321E-09 1.0762E-09 8.8892E-10 7.8876E-10 7.9551E-10 8.0477E-10 8.1368E-10 8.2633E-10 8.3670E-10 8.5769E-10 8.6939E-10 8.7854E-10 8.9093E-10 9.0069E-10 9.2494E-10 9.3727E-10 9.4605E-10 9.5642E-10 9.6557E-10 9.7623E-10 9.9164E-10 1.0021E-09 1.0084E-09 1.0217E-09 1.0371E-09 1.0495E-09 1.0629E-09 1.0799E-09 1.0949E-09
8.5263E-10 8.8623E-10 9.2180E-10 9.5945E-10 9.9927E-10 1.0415E-09 1.0860E-09 1.1332E-09 1.1829E-09 1.2353E-09 1.2983E-09 1.3558E-09 1.4158E-09 1.4777E-09 1.5413E-09 1.6058E-09 1.6700E-09 1.7325E-09 1.7914E-09 1.8438E-09 1.8862E-09 1.9144E-09 1.9324E-09 1.9170E-09 1.8720E-09 1.7862E-09 1.6712E-09 1.5312E-09 1.3666E-09 1.1776E-09 1.0054E-09 8.4250E-10 8.0785E-10 8.1766E-10 8.2593E-10 8.4876E-10 8.5987E-10 8.6944E-10 8.8218E-10 8.9378E-10 9.1773E-10 9.2980E-10 9.3957E-10 9.5354E-10 9.6189E-10 9.8530E-10 9.9162E-10 1.0031E-09 1.0143E-09 1.0221E-09 1.0321E-09 1.0449E-09 1.0587E-09 1.0705E-09 1.0850E-09 1.1049E-09 1.1224E-09
8.4939E-10 8.8297E-10 9.1857E-10 9.5626E-10 9.9621E-10 1.0385E-09 1.0834E-09 1.1308E-09 1.1810E-09 1.2421E-09 1.2979E-09 1.3565E-09 1.4178E-09 1.4816E-09 1.5474E-09 1.6148E-09 1.6827E-09 1.7498E-09 1.8143E-09 1.8738E-09 1.9337E-09 1.9723E-09 1.9934E-09 1.9913E-09 1.9604E-09 1.9106E-09 1.8184E-09 1.6805E-09 1.4969E-09 1.3062E-09 1.1119E-09 9.2016E-10 8.2997E-10 8.3958E-10 8.4694E-10 8.6021E-10 8.7206E-10 8.9383E-10 9.0800E-10 9.2054E-10 9.3129E-10 9.4448E-10 9.6692E-10 9.8048E-10 9.9322E-10 1.0032E-09 1.0138E-09 1.0240E-09 1.0347E-09 1.0416E-09 1.0560E-09 1.0689E-09 1.0827E-09 1.0904E-09 1.1141E-09 1.1268E-09 1.1519E-09
8.4598E-10 8.7954E-10 9.1511E-10 9.5283E-10 9.9285E-10 1.0353E-09 1.0803E-09 1.1280E-09 1.1867E-09 1.2402E-09 1.2968E-09 1.3563E-09 1.4189E-09 1.4842E-09 1.5521E-09 1.6221E-09 1.6933E-09 1.7647E-09 1.8346E-09 1.9096E-09 1.9690E-09 2.0176E-09 2.0505E-09 2.0620E-09 2.0602E-09 2.0266E-09 1.9331E-09 1.8140E-09 1.6406E-09 1.4358E-09 1.2224E-09 1.0080E-09 8.6769E-10 8.5263E-10 8.6330E-10 8.8442E-10 8.9751E-10 9.0952E-10 9.2075E-10 9.3432E-10 9.5604E-10 9.7245E-10 9.8526E-10 9.9649E-10 1.0109E-09 1.0206E-09 1.0345E-09 1.0527E-09 1.0637E-09 1.0714E-09 1.0830E-09 1.0931E-09 1.1043E-09 1.1203E-09 1.1360E-09 1.1537E-09 1.1766E-09
8.4242E-10 8.7592E-10 9.1145E-10 9.4916E-10 9.8920E-10 1.0317E-09 1.0849E-09 1.1329E-09 1.1838E-09 1.2378E-09 1.2949E-09 1.3553E-09 1.4189E-09 1.4857E-09 1.5554E-09 1.6277E-09 1.7021E-09 1.7862E-09 1.8611E-09 1.9336E-09 2.0008E-09 2.0591E-09 2.1175E-09 2.1575E-09 2.1571E-09 2.1241E-09 2.0612E-09 1.9421E-09 1.7844E-09 1.5869E-09 1.3611E-09 1.1436E-09 9.1347E-10 8.7523E-10 8.8662E-10 8.9566E-10 9.0989E-10 9.2260E-10 9.4492E-10 9.6148E-10 9.7484E-10 9.8724E-10 1.0011E-09 1.0140E-09 1.0419E-09 1.0502E-09 1.0655E-09 1.0758E-09 1.0865E-09 1.0968E-09 1.1045E-09 1.1186E-09 1.1293E-09 1.1451E-09 1.1569E-09 1.1834E-09 1.2013E-09
8.3871E-10 8.7213E-10 9.0759E-10 9.4527E-10 9.8530E-10 1.0359E-09 1.0812E-09 1.1293E-09 1.1804E-09 1.2347E-09 1.2924E-09 1.3535E-09 1.4180E-09 1.4861E-09 1.5575E-09 1.6319E-09 1.7178E-09 1.7968E-09 1.8762E-09 1.9546E-09 2.0292E-09 2.1106E-09 2.1808E-09 2.2196E-09 2.2425E-09 2.2263E-09 2.1720E-09 2.0690E-09 1.9313E-09 1.7368E-09 1.4995E-09 1.2752E-09 1.0278E-09 9.0393E-10 8.9895E-10 9.1034E-10 9.3552E-10 9.4944E-10 9.6241E-10 9.7536E-10 9.8970E-10 1.0015E-09 1.0321E-09 1.0441E-09 1.0597E-09 1.0741E-09 1.0848E-09 1.0965E-09 1.1073E-09 1.1190E-09 1.1289E-09 1.1415E-09 1.1505E-09 1.1676E-09 1.1822E-09 1.2062E-09 1.2276E-09
8.3487E-10 8.6817E-10 9.0355E-10 9.4116E-10 9.8919E-10 1.0318E-09 1.0771E-09 1.1253E-09 1.1766E-09 1.2312E-09 1.2893E-09 1.3510E-09 1.4163E-09 1.4854E-09 1.5582E-09 1.6434E-09 1.7230E-09 1.8052E-09 1.8889E-09 1.9726E-09 2.0826E-09 2.1588E-09 2.2253E-09 2.2847E-09 2.3151E-09 2.3160E-09 2.2886E-09 2.2001E-09 2.0714E-09 1.8865E-09 1.6666E-09 1.4111E-09 1.1349E-09 9.5503E-10 9.2461E-10 9.3681E-10 9.4774E-10 9.6286E-10 9.7642E-10 1.0050E-09 1.0206E-09 1.0311E-09 1.0502E-09 1.0646E-09 1.0788E-09 1.0932E-09 1.1035E-09 1.1193E-09 1.1274E-09 1.1411E-09 1.1549E-09 1.1678E-09 1.1764E-09 1.1935E-09 1.2091E-09 1.2281E-09 1.2557E-09
8.3090E-10 8.6406E-10 8.9935E-10 9.4490E-10 9.8484E-10 1.0274E-09 1.0727E-09 1.1209E-09 1.1724E-09 1.2272E-09 1.2856E-09 1.3477E-09 1.4137E-09 1.4838E-09 1.5667E-09 1.6447E-09 1.7265E-09 1.8117E-09 1.9131E-09 2.0163E-09 2.1043E-09 2.1962E-09 2.2729E-09 2.3372E-09 2.3910E-09 2.4095E-09 2.3924E-09 2.3320E-09 2.2237E-09 2.0620E-09 1.8331E-09 1.5701E-09 1.3142E-09 1.0611E-09 9.5029E-10 9.5006E-10 9.5942E-10 9.9233E-10 1.0087E-09 1.0201E-09 1.0374E-09 1.0524E-09 1.0660E-09 1.0818E-09 1.0958E-09 1.1121E-09 1.1349E-09 1.1502E-09 1.1611E-09 1.1724E-09 1.1833E-09 1.1908E-09 1.2064E-09 1.2159E-09 1.2349E-09 1.2486E-09 1.2812E-09
8.2680E-10 8.5983E-10 9.0303E-10 9.4044E-10 9.8028E-10 1.0227E-09 1.0680E-09 1.1162E-09 1.1677E-09 1.2227E-09 1.2813E-09 1.3438E-09 1.4192E-09 1.4900E-09 1.5652E-09 1.6447E-09 1.7285E-09 1.8302E-09 1.9357E-09 2.0289E-09 2.1303E-09 2.2222E-09 2.3085E-09 2.3929E-09 2.4531E-09 2.4890E-09 2.5005E-09 2.4608E-09 2.3637E-09 2.2184E-09 2.0173E-09 1.7526E-09 1.4631E-09 1.1422E-09 9.7266E-10 9.8130E-10 9.9442E-10 1.0074E-09 1.0234E-09 1.0379E-09 1.0522E-09 1.0685E-09 1.0811E-09 1.1008E-09 1.1305E-09 1.1440E-09 1.1599E-09 1.1711E-09 1.1859E-09 1.1948E-09 1.2074E-09 1.2172E-09 1.2309E-09 1.2375E-09 1.2579E-09 1.2798E-09 1.3038E-09
8.2258E-10 8.6352E-10 8.9854E-10 9.3580E-10 9.7553E-10 1.0179E-09 1.0630E-09 1.1112E-09 1.1627E-09 1.2177E-09 1.2765E-09 1.3481E-09 1.4151E-09 1.4866E-09 1.5627E-09 1.6435E-09 1.7574E-09 1.8475E-09 1.9492E-09 2.0465E-09 2.1456E-09 2.2522E-09 2.3477E-09 2.4354E-09 2.5096E-09 2.5715E-09 2.5939E-09 2.5757E-09 2.5181E-09 2.3875E-09 2.2004E-09 1.9385E-09 1.6381E-09 1.3499E-09 1.0550E-09 9.9502E-10 1.0087E-09 1.0203E-09 1.0377E-09 1.0530E-09 1.0663E-09 1.1027E-09 1.1183E-09 1.1335E-09 1.1493E-09 1.1648E-09 1.1807E-09 1.1911E-09 1.2088E-09 1.2163E-09 1.2376E-09 1.2478E-09 1.2552E-09 1.2718E-09 1.2851E-09 1.3061E-09 1.3252E-09
8.2633E-10 8.5907E-10 8.9391E-10 9.3102E-10 9.7058E-10 1.0128E-09 1.0578E-09 1.1059E-09 1.1574E-09 1.2124E-09 1.2800E-09 1.3430E-09 1.4104E-09 1.4823E-09 1.5592E-09 1.6695E-09 1.7565E-09 1.8562E-09 1.9530E-09 2.0540E-09 2.1656E-09 2.2709E-09 2.3746E-09 2.4813E-09 2.5692E-09 2.6390E-09 2.6906E-09 2.6948E-09 2.6507E-09 2.5432E-09 2.3742E-09 2.1484E-09 1.8372E-09 1.5131E-09 1.1829E-09 1.0285E-09 1.0230E-09 1.0367E-09 1.0537E-09 1.0875E-09 1.0992E-09 1.1191E-09 1.1358E-09 1.1503E-09 1.1700E-09 1.1828E-09 1.2012E-09 1.2274E-09 1.2392E-09 1.2505E-09 1.2623E-09 1.2737E-09 1.2829E-09 1.2974E-09 1.3079E-09 1.3299E-09 1.3518E-09
