Assets/Resources/2015_m01_d17_2200(utc+0800)_l00_csi_1hr_conc.grd
DSAA
         159         159
     -79.000      79.000
     -79.000      79.000
  0.0000E+00  0.3125E-04
[rows 100 to 124 of 159, columns 57 to 113 of 159]
1.5515E-09 1.5794E-09 1.6080E-09 1.6214E-09 1.6446E-09 1.6659E-09 1.6849E-09 1.7013E-09 1.7148E-09 1.7253E-09 1.7360E-09 1.7442E-09 1.7465E-09 1.7458E-09 1.7428E-09 1.7274E-09 1.7239E-09 1.7090E-09 1.7151E-09 1.7337E-09 1.7999E-09 1.8613E-09 1.8368E-09 1.8285E-09 1.7297E-09 1.5916E-09 1.4959E-09 1.4287E-09 1.3746E-09 1.3280E-09 1.2802E-09 1.2383E-09 1.1883E-09 1.1380E-09 1.0902E-09 1.0334E-09 9.7942E-10 9.2717E-10 8.7513E-10 8.1726E-10 7.6900E-10 7.2531E-10 6.5786E-10 6.1016E-10 5.6377E-10 5.0864E-10 4.6876E-10 4.2341E-10 3.8383E-10 3.3742E-10 3.0733E-10 2.7443E-10 2.4580E-10 2.2248E-10 1.9517E-10 1.7809E-10 1.6186E-10
1.4092E-09 1.4371E-09 1.4637E-09 1.4873E-09 1.5094E-09 1.5187E-09 1.5368E-09 1.5525E-09 1.5653E-09 1.5755E-09 1.5827E-09 1.5869E-09 1.5918E-09 1.5945E-09 1.5874E-09 1.5809E-09 1.5581E-09 1.5500E-09 1.5342E-09 1.5167E-09 1.5010E-09 1.4839E-09 1.4647E-09 1.4302E-09 1.3952E-09 1.3609E-09 1.3297E-09 1.2810E-09 1.2374E-09 1.1976E-09 1.1504E-09 1.1039E-09 1.0543E-09 1.0092E-09 9.5707E-10 9.1092E-10 8.6843E-10 8.2133E-10 7.6766E-10 7.1921E-10 6.7487E-10 6.1711E-10 5.7721E-10 5.3601E-10 4.8866E-10 4.4347E-10 3.9981E-10 3.6282E-10 3.2686E-10 2.9873E-10 2.6736E-10 2.4090E-10 2.1687E-10 1.9516E-10 1.7528E-10 1.5970E-10 1.4756E-10
1.2793E-09 1.3077E-09 1.3309E-09 1.3550E-09 1.3761E-09 1.3957E-09 1.4025E-09 1.4176E-09 1.4300E-09 1.4400E-09 1.4472E-09 1.4516E-09 1.4533E-09 1.4523E-09 1.4523E-09 1.4462E-09 1.4333E-09 1.4258E-09 1.4116E-09 1.3995E-09 1.3848E-09 1.3637E-09 1.3334E-09 1.3053E-09 1.2750E-09 1.2341E-09 1.1954E-09 1.1455E-09 1.1201E-09 1.0692E-09 1.0205E-09 9.8418E-10 9.3648E-10 8.8890E-10 8.4187E-10 8.0488E-10 7.5340E-10 7.0896E-10 6.7375E-10 6.3060E-10 5.7911E-10 5.3898E-10 5.0445E-10 4.5578E-10 4.2066E-10 3.8092E-10 3.4547E-10 3.1525E-10 2.8940E-10 2.5552E-10 2.3393E-10 2.1210E-10 1.9050E-10 1.7189E-10 1.5808E-10 1.4641E-10 1.3469E-10
1.1604E-09 1.1846E-09 1.2116E-09 1.2330E-09 1.2550E-09 1.2738E-09 1.2906E-09 1.3053E-09 1.3177E-09 1.3277E-09 1.3352E-09 1.3401E-09 1.3423E-09 1.3422E-09 1.3396E-09 1.3344E-09 1.3268E-09 1.3165E-09 1.3037E-09 1.2924E-09 1.2711E-09 1.2477E-09 1.2216E-09 1.1889E-09 1.1450E-09 1.1101E-09 1.0806E-09 1.0419E-09 9.9716E-10 9.5242E-10 9.2415E-10 8.7482E-10 8.3340E-10 7.9285E-10 7.4840E-10 7.0198E-10 6.6410E-10 6.2792E-10 5.8202E-10 5.4129E-10 5.0783E-10 4.7310E-10 4.3575E-10 4.0373E-10 3.6526E-10 3.3029E-10 2.9860E-10 2.7550E-10 2.4907E-10 2.2747E-10 2.0564E-10 1.8167E-10 1.6862E-10 1.5664E-10 1.4512E-10 1.3353E-10 1.2580E-10
1.0595E-09 1.0825E-09 1.1046E-09 1.1295E-09 1.1502E-09 1.1709E-09 1.1874E-09 1.2018E-09 1.2140E-09 1.2241E-09 1.2317E-09 1.2370E-09 1.2400E-09 1.2405E-09 1.2389E-09 1.2347E-09 1.2284E-09 1.2192E-09 1.2061E-09 1.1824E-09 1.1552E-09 1.1338E-09 1.1074E-09 1.0806E-09 1.0422E-09 1.0093E-09 9.6511E-10 9.3372E-10 8.9300E-10 8.6396E-10 8.1197E-10 7.7170E-10 7.4220E-10 7.0450E-10 6.6370E-10 6.2807E-10 5.9129E-10 5.4785E-10 5.1138E-10 4.7411E-10 4.4292E-10 4.0522E-10 3.7862E-10 3.4911E-10 3.1443E-10 2.8781E-10 2.6615E-10 2.4021E-10 2.2113E-10 1.9998E-10 1.7742E-10 1.6654E-10 1.5494E-10 1.4139E-10 1.2793E-10 1.2464E-10 1.2175E-10
9.6654E-10 9.8910E-10 1.0104E-09 1.0305E-09 1.0534E-09 1.0721E-09 1.0902E-09 1.1059E-09 1.1183E-09 1.1284E-09 1.1363E-09 1.1404E-09 1.1423E-09 1.1437E-09 1.1424E-09 1.1385E-09 1.1322E-09 1.1238E-09 1.1035E-09 1.0846E-09 1.0622E-09 1.0315E-09 9.9597E-10 9.7447E-10 9.4578E-10 9.0979E-10 8.7470E-10 8.4092E-10 8.0642E-10 7.5796E-10 7.2299E-10 6.9749E-10 6.5650E-10 6.1738E-10 5.9021E-10 5.5780E-10 5.1606E-10 4.8158E-10 4.5476E-10 4.1874E-10 3.9017E-10 3.5642E-10 3.2661E-10 3.0083E-10 2.7318E-10 2.5453E-10 2.2893E-10 2.0464E-10 1.9445E-10 1.7395E-10 1.6423E-10 1.5298E-10 1.3989E-10 1.2648E-10 1.2340E-10 1.1825E-10 1.1221E-10
8.8190E-10 9.0264E-10 9.2215E-10 9.4237E-10 9.6148E-10 9.8257E-10 9.9820E-10 1.0150E-09 1.0276E-09 1.0364E-09 1.0432E-09 1.0495E-09 1.0510E-09 1.0527E-09 1.0513E-09 1.0493E-09 1.0380E-09 1.0215E-09 1.0061E-09 9.8783E-10 9.6656E-10 9.3924E-10 9.1456E-10 8.8265E-10 8.4925E-10 8.1770E-10 7.9653E-10 7.5007E-10 7.1166E-10 6.7965E-10 6.4575E-10 6.0720E-10 5.7827E-10 5.5103E-10 5.1683E-10 4.8172E-10 4.5315E-10 4.2579E-10 3.9419E-10 3.6494E-10 3.4011E-10 3.1306E-10 2.8518E-10 2.6208E-10 2.4086E-10 2.2127E-10 1.9915E-10 1.9019E-10 1.7095E-10 1.6213E-10 1.4697E-10 1.3403E-10 1.2486E-10 1.2207E-10 1.1471E-10 1.0998E-10 1.0750E-10
8.0135E-10 8.2253E-10 8.4233E-10 8.5905E-10 8.7664E-10 8.9300E-10 9.1037E-10 9.2397E-10 9.3862E-10 9.4872E-10 9.5684E-10 9.6323E-10 9.6775E-10 9.7040E-10 9.6665E-10 9.5324E-10 9.4449E-10 9.3109E-10 9.1563E-10 8.9288E-10 8.7327E-10 8.4906E-10 8.2316E-10 7.9580E-10 7.6907E-10 7.3536E-10 7.0437E-10 6.6880E-10 6.4347E-10 6.0356E-10 5.6930E-10 5.4188E-10 5.2148E-10 4.8032E-10 4.5150E-10 4.3199E-10 4.0148E-10 3.7379E-10 3.4371E-10 3.2384E-10 2.9700E-10 2.7124E-10 2.4944E-10 2.2981E-10 2.1099E-10 1.9355E-10 1.8032E-10 1.6412E-10 1.5338E-10 1.4465E-10 1.3095E-10 1.2326E-10 1.2063E-10 1.1339E-10 1.0875E-10 1.0635E-10 1.0395E-10
7.2543E-10 7.4392E-10 7.6059E-10 7.8089E-10 7.9960E-10 8.1487E-10 8.2975E-10 8.4452E-10 8.5639E-10 8.6767E-10 8.7816E-10 8.8734E-10 8.9196E-10 8.8336E-10 8.7403E-10 8.6605E-10 8.6355E-10 8.4450E-10 8.2653E-10 8.0885E-10 7.9064E-10 7.6122E-10 7.4203E-10 7.1930E-10 6.8245E-10 6.5190E-10 6.2501E-10 5.9686E-10 5.6178E-10 5.3579E-10 5.1509E-10 4.7826E-10 4.5103E-10 4.2215E-10 4.0407E-10 3.7209E-10 3.5032E-10 3.2738E-10 3.0026E-10 2.7715E-10 2.5647E-10 2.4041E-10 2.1983E-10 2.0478E-10 1.8812E-10 1.6931E-10 1.6112E-10 1.5030E-10 1.4239E-10 1.2880E-10 1.2162E-10 1.1910E-10 1.1087E-10 1.0745E-10 1.0512E-10 1.0056E-10 9.5182E-11
6.5134E-10 6.7538E-10 6.9203E-10 7.1193E-10 7.2397E-10 7.4169E-10 7.5684E-10 7.7351E-10 7.8622E-10 7.9744E-10 8.0600E-10 8.0445E-10 7.9873E-10 7.9335E-10 7.9450E-10 7.8084E-10 7.6798E-10 7.5512E-10 7.4456E-10 7.2260E-10 7.0435E-10 6.8967E-10 6.6261E-10 6.3314E-10 6.0635E-10 5.8480E-10 5.5543E-10 5.2534E-10 5.0230E-10 4.8250E-10 4.4291E-10 4.1949E-10 4.0038E-10 3.7469E-10 3.5073E-10 3.2616E-10 3.0738E-10 2.8727E-10 2.6287E-10 2.4231E-10 2.2687E-10 2.0856E-10 1.9192E-10 1.8279E-10 1.6530E-10 1.5761E-10 1.4721E-10 1.3099E-10 1.2225E-10 1.1988E-10 1.1747E-10 1.0938E-10 1.0606E-10 1.0382E-10 9.8309E-11 9.4061E-11 9.0995E-11
5.9121E-10 6.0847E-10 6.2720E-10 6.4475E-10 6.6263E-10 6.7809E-10 6.9079E-10 7.0555E-10 7.1801E-10 7.1820E-10 7.1876E-10 7.1962E-10 7.2071E-10 7.1581E-10 7.0319E-10 6.9514E-10 6.9071E-10 6.7397E-10 6.6070E-10 6.4638E-10 6.3082E-10 5.9872E-10 5.8167E-10 5.6241E-10 5.3336E-10 5.0599E-10 4.8778E-10 4.7029E-10 4.4264E-10 4.1233E-10 3.8918E-10 3.7342E-10 3.4808E-10 3.2867E-10 3.0654E-10 2.8233E-10 2.6315E-10 2.4664E-10 2.3083E-10 2.1349E-10 1.9805E-10 1.8259E-10 1.7010E-10 1.5766E-10 1.4761E-10 1.4031E-10 1.2817E-10 1.2023E-10 1.1801E-10 1.1573E-10 1.0780E-10 1.0458E-10 1.0244E-10 9.5946E-11 9.1859E-11 8.9884E-11 8.6941E-11
5.3657E-10 5.5545E-10 5.6984E-10 5.8873E-10 6.0347E-10 6.1918E-10 6.3413E-10 6.3145E-10 6.3592E-10 6.3748E-10 6.4479E-10 6.4739E-10 6.4057E-10 6.2919E-10 6.2999E-10 6.1725E-10 6.1127E-10 6.0296E-10 5.8591E-10 5.6030E-10 5.4889E-10 5.3433E-10 5.0796E-10 4.8022E-10 4.7019E-10 4.5096E-10 4.2554E-10 3.9986E-10 3.8024E-10 3.6500E-10 3.4552E-10 3.2394E-10 3.0124E-10 2.8510E-10 2.6571E-10 2.4726E-10 2.2938E-10 2.1787E-10 2.0001E-10 1.8689E-10 1.7241E-10 1.6021E-10 1.5324E-10 1.4389E-10 1.3282E-10 1.1998E-10 1.1804E-10 1.1601E-10 1.0926E-10 1.0504E-10 1.0302E-10 1.0097E-10 9.4607E-11 9.0613E-11 8.7722E-11 8.4834E-11 7.9991E-11
4.8913E-10 5.0558E-10 5.2319E-10 5.3646E-10 5.4634E-10 5.4826E-10 5.5515E-10 5.5903E-10 5.6840E-10 5.6650E-10 5.6998E-10 5.6460E-10 5.6430E-10 5.5881E-10 5.5110E-10 5.3986E-10 5.3841E-10 5.2034E-10 5.0917E-10 4.9807E-10 4.7698E-10 4.4846E-10 4.4121E-10 4.2735E-10 4.0900E-10 3.8618E-10 3.6752E-10 3.5510E-10 3.3519E-10 3.0998E-10 2.9505E-10 2.8305E-10 2.6247E-10 2.4526E-10 2.2706E-10 2.1706E-10 2.0257E-10 1.8848E-10 1.7466E-10 1.6310E-10 1.5168E-10 1.4533E-10 1.3603E-10 1.2022E-10 1.1744E-10 1.1568E-10 1.1383E-10 1.0620E-10 1.0327E-10 1.0136E-10 9.6135E-11 9.2133E-11 8.9302E-11 8.6494E-11 8.1669E-11 7.6532E-11 7.3503E-11
4.4451E-10 4.6252E-10 4.5965E-10 4.6956E-10 4.7872E-10 4.8957E-10 5.0000E-10 4.9280E-10 4.8984E-10 4.8913E-10 5.0026E-10 4.9912E-10 4.9254E-10 4.8436E-10 4.7915E-10 4.7120E-10 4.6037E-10 4.5471E-10 4.3849E-10 4.1344E-10 4.1128E-10 3.9865E-10 3.8008E-10 3.6251E-10 3.4584E-10 3.3526E-10 3.2589E-10 3.0131E-10 2.8723E-10 2.7378E-10 2.6174E-10 2.3895E-10 2.2457E-10 2.1349E-10 1.9791E-10 1.8855E-10 1.6623E-10 1.6332E-10 1.5291E-10 1.4709E-10 1.3416E-10 1.2345E-10 1.1613E-10 1.1470E-10 1.1316E-10 1.0914E-10 1.0302E-10 1.0136E-10 9.9600E-11 9.3434E-11 8.9633E-11 8.7912E-11 8.5205E-11 7.9449E-11 7.5445E-11 7.1534E-11 6.6741E-11
3.8561E-10 3.9483E-10 4.0841E-10 4.1938E-10 4.1762E-10 4.1939E-10 4.2437E-10 4.3096E-10 4.3787E-10 4.3436E-10 4.2386E-10 4.2919E-10 4.2061E-10 4.1851E-10 4.0961E-10 3.9831E-10 3.9225E-10 3.7757E-10 3.7762E-10 3.6755E-10 3.5181E-10 3.3891E-10 3.2320E-10 3.1206E-10 3.0734E-10 2.8447E-10 2.7239E-10 2.5528E-10 2.4375E-10 2.3072E-10 2.1915E-10 2.0638E-10 1.9841E-10 1.8157E-10 1.6612E-10 1.5926E-10 1.5427E-10 1.4414E-10 1.3389E-10 1.2128E-10 1.1529E-10 1.1301E-10 1.1179E-10 1.1045E-10 1.0327E-10 1.0078E-10 9.9296E-11 9.7704E-11 9.1736E-11 8.8072E-11 8.5468E-11 8.1868E-11 7.5804E-11 7.2909E-11 6.9116E-11 6.4438E-11 5.6349E-11
3.4273E-10 3.3929E-10 3.4355E-10 3.5293E-10 3.6135E-10 3.7299E-10 3.7475E-10 3.6558E-10 3.6594E-10 3.7188E-10 3.7110E-10 3.6972E-10 3.5823E-10 3.5205E-10 3.3958E-10 3.3510E-10 3.3464E-10 3.2636E-10 3.1982E-10 3.0490E-10 2.9640E-10 2.8772E-10 2.8235E-10 2.6537E-10 2.5260E-10 2.4046E-10 2.3324E-10 2.1958E-10 2.0625E-10 1.9676E-10 1.8800E-10 1.6559E-10 1.6036E-10 1.5410E-10 1.4968E-10 1.3938E-10 1.2594E-10 1.1853E-10 1.1758E-10 1.1073E-10 1.0975E-10 1.0872E-10 1.0522E-10 9.9582E-11 9.8389E-11 9.7071E-11 9.2404E-11 8.7847E-11 8.6416E-11 8.3937E-11 7.9401E-11 7.4529E-11 7.0772E-11 6.6102E-11 5.7616E-11 5.2498E-11 4.9138E-11
2.8618E-10 2.9300E-10 3.0456E-10 3.0622E-10 3.0393E-10 3.0508E-10 3.1254E-10 3.1530E-10 3.2272E-10 3.0814E-10 3.0520E-10 2.9919E-10 2.9052E-10 2.9228E-10 2.8858E-10 2.8625E-10 2.7653E-10 2.6950E-10 2.6462E-10 2.6046E-10 2.5584E-10 2.4172E-10 2.3033E-10 2.1731E-10 2.1561E-10 2.0489E-10 1.9265E-10 1.8394E-10 1.7124E-10 1.5765E-10 1.5741E-10 1.4772E-10 1.4323E-10 1.3322E-10 1.1835E-10 1.1521E-10 1.1455E-10 1.0904E-10 1.0718E-10 1.0640E-10 1.0550E-10 9.8825E-11 9.6836E-11 9.5833E-11 9.4708E-11 8.9167E-11 8.5912E-11 8.3652E-11 8.0341E-11 7.5490E-11 7.1802E-11 6.8184E-11 6.1903E-11 5.4060E-11 4.9362E-11 4.6399E-11 3.7648E-11
2.3334E-10 2.3904E-10 2.4613E-10 2.5155E-10 2.5691E-10 2.6639E-10 2.4749E-10 2.5347E-10 2.5393E-10 2.5148E-10 2.5008E-10 2.5257E-10 2.4801E-10 2.4530E-10 2.3850E-10 2.3188E-10 2.3139E-10 2.3105E-10 2.2650E-10 2.0900E-10 2.0516E-10 1.9979E-10 1.9702E-10 1.8580E-10 1.7438E-10 1.6069E-10 1.5798E-10 1.4905E-10 1.4572E-10 1.3926E-10 1.3208E-10 1.1780E-10 1.1424E-10 1.1389E-10 1.1097E-10 1.0569E-10 1.0408E-10 1.0355E-10 1.0291E-10 9.7559E-11 9.4661E-11 9.3950E-11 9.3121E-11 8.7837E-11 8.4834E-11 8.2837E-11 8.0786E-11 7.6139E-11 7.1586E-11 6.8087E-11 6.1879E-11 5.5058E-11 5.0391E-11 4.5875E-11 3.9466E-11 3.3145E-11 3.0505E-11
1.9337E-10 1.9766E-10 1.9676E-10 1.9460E-10 2.0081E-10 1.9907E-10 2.0229E-10 2.0562E-10 2.0557E-10 2.0803E-10 2.0866E-10 2.0372E-10 1.9989E-10 2.0269E-10 1.9896E-10 1.9309E-10 1.8532E-10 1.7973E-10 1.8061E-10 1.7689E-10 1.7098E-10 1.6458E-10 1.5205E-10 1.4571E-10 1.4462E-10 1.3878E-10 1.3439E-10 1.2284E-10 1.1733E-10 1.1206E-10 1.0962E-10 1.0954E-10 1.0687E-10 1.0664E-10 1.0047E-10 1.0019E-10 9.9813E-11 9.9337E-11 9.2001E-11 9.1528E-11 9.0929E-11 8.6993E-11 8.3151E-11 8.2445E-11 8.0635E-11 7.7752E-11 7.0917E-11 6.7630E-11 6.3541E-11 5.7282E-11 5.0286E-11 4.5847E-11 4.2177E-11 3.4134E-11 3.0576E-11 2.6476E-11 2.2539E-11
1.5370E-10 1.5160E-10 1.5616E-10 1.5738E-10 1.5815E-10 1.6200E-10 1.6749E-10 1.6778E-10 1.6627E-10 1.6411E-10 1.6832E-10 1.6892E-10 1.6970E-10 1.6471E-10 1.6076E-10 1.5709E-10 1.5331E-10 1.5214E-10 1.4316E-10 1.4048E-10 1.3519E-10 1.2858E-10 1.3008E-10 1.2266E-10 1.1473E-10 1.0820E-10 1.0871E-10 1.0660E-10 1.0447E-10 1.0469E-10 1.0228E-10 1.0232E-10 9.6374E-11 9.6353E-11 9.6217E-11 9.5990E-11 8.9964E-11 8.8615E-11 8.8269E-11 8.7845E-11 8.2989E-11 8.0468E-11 7.8924E-11 7.6324E-11 7.3153E-11 6.7656E-11 6.2829E-11 5.6776E-11 5.1306E-11 4.7282E-11 4.2962E-11 3.5409E-11 3.1869E-11 2.7784E-11 2.3466E-11 1.8865E-11 1.4989E-11
1.2092E-10 1.2358E-10 1.2949E-10 1.3163E-10 1.2996E-10 1.3248E-10 1.3245E-10 1.3241E-10 1.3690E-10 1.3510E-10 1.3341E-10 1.3196E-10 1.3116E-10 1.2773E-10 1.2875E-10 1.2710E-10 1.2510E-10 1.1937E-10 1.1631E-10 1.1644E-10 1.0871E-10 1.0564E-10 1.0291E-10 1.0136E-10 1.0226E-10 9.8092E-11 9.8764E-11 9.9302E-11 9.7199E-11 9.7519E-11 9.1827E-11 9.2054E-11 9.2155E-11 9.2182E-11 8.6369E-11 8.5255E-11 8.5149E-11 8.4943E-11 8.0308E-11 7.7983E-11 7.6667E-11 7.5344E-11 7.1400E-11 6.6181E-11 5.9889E-11 5.6797E-11 5.1881E-11 4.6788E-11 4.2622E-11 3.5156E-11 3.1961E-11 2.7948E-11 2.4689E-11 1.8832E-11 1.4979E-11 1.2153E-11 9.4455E-12
9.9123E-11 1.0183E-10 1.0215E-10 1.0468E-10 1.0795E-10 1.1145E-10 1.1280E-10 1.0983E-10 1.0861E-10 1.1114E-10 1.0739E-10 1.0881E-10 1.0786E-10 1.0768E-10 1.0176E-10 9.9850E-11 9.9232E-11 9.7261E-11 9.6382E-11 9.4164E-11 9.5414E-11 9.4183E-11 9.5283E-11 9.1496E-11 9.2448E-11 9.0826E-11 9.1585E-11 9.2210E-11 8.6828E-11 8.7314E-11 8.7666E-11 8.7931E-11 8.2340E-11 8.1466E-11 8.1581E-11 8.1609E-11 7.7190E-11 7.5070E-11 7.3987E-11 7.2859E-11 6.7730E-11 6.4149E-11 5.8167E-11 5.4664E-11 4.9553E-11 4.5882E-11 4.0182E-11 3.5609E-11 3.1592E-11 2.7109E-11 2.4515E-11 1.8699E-11 1.4882E-11 1.2097E-11 9.4217E-12 4.7923E-12 2.5290E-12
8.4509E-11 8.5511E-11 8.3766E-11 8.4983E-11 8.5335E-11 8.8081E-11 8.8995E-11 8.9743E-11 8.9441E-11 8.9630E-11 8.9759E-11 8.8892E-11 8.8778E-11 8.8575E-11 8.7161E-11 8.8809E-11 8.4968E-11 8.6422E-11 8.5575E-11 8.6880E-11 8.8122E-11 8.4760E-11 8.5850E-11 8.4513E-11 8.5472E-11 8.1645E-11 8.1329E-11 8.2104E-11 8.2744E-11 8.3258E-11 7.7920E-11 7.7268E-11 7.7602E-11 7.7861E-11 7.3652E-11 7.1757E-11 7.0891E-11 6.9970E-11 6.6139E-11 6.1684E-11 5.4559E-11 5.1120E-11 4.8037E-11 4.3204E-11 3.7404E-11 3.4051E-11 2.9709E-11 2.6663E-11 2.2901E-11 1.6868E-11 1.4043E-11 1.0769E-11 9.3499E-12 4.7422E-12 2.4946E-12 1.2139E-12 0.0000E+00
6.7357E-11 6.9960E-11 7.2574E-11 7.3645E-11 7.3918E-11 7.4629E-11 7.5287E-11 7.5044E-11 7.5449E-11 7.5711E-11 7.7697E-11 7.6812E-11 7.6686E-11 7.5480E-11 7.7099E-11 7.6621E-11 7.8100E-11 7.9521E-11 7.6676E-11 7.7943E-11 7.6956E-11 7.8093E-11 7.9175E-11 7.4665E-11 7.5609E-11 7.6502E-11 7.7345E-11 7.5794E-11 7.3101E-11 7.2686E-11 7.3254E-11 7.3722E-11 6.9733E-11 6.8058E-11 6.7396E-11 6.5297E-11 6.1851E-11 5.4610E-11 5.0557E-11 4.8625E-11 4.4863E-11 4.1550E-11 3.6084E-11 3.2337E-11 2.8253E-11 2.5894E-11 2.0599E-11 1.6429E-11 1.3150E-11 1.0623E-11 9.2305E-12 4.6476E-12 2.4253E-12 5.7186E-13 0.0000E+00 0.0000E+00 0.0000E+00
5.7803E-11 5.8778E-11 5.9026E-11 5.9843E-11 6.2010E-11 6.2640E-11 6.2457E-11 6.4463E-11 6.6428E-11 6.6623E-11 6.5882E-11 6.7623E-11 6.7484E-11 6.9097E-11 7.0662E-11 6.8329E-11 6.9743E-11 6.9094E-11 7.0383E-11 7.1622E-11 6.8668E-11 6.8759E-11 6.9807E-11 7.0806E-11 7.1757E-11 6.8280E-11 6.7009E-11 6.7790E-11 6.8526E-11 6.8192E-11 6.4481E-11 6.3048E-11 6.2641E-11 6.0489E-11 5.4603E-11 4.7900E-11 4.7153E-11 4.5006E-11 4.2830E-11 3.5445E-11 3.2522E-11 2.9510E-11 2.7174E-11 2.3598E-11 1.8257E-11 1.5215E-11 1.1631E-11 1.0312E-11 9.0198E-12 2.9546E-12 1.7022E-12 0.0000E+00 0.0000E+00 0.0000E+00 0.0000E+00 0.0000E+00 0.0000E+00
