Assets/Resources/2015_m01_d23_0600(utc+0800)_l00_csi_1hr_conc.grd
DSAA
         159         159
     -79.000      79.000
     -79.000      79.000
  0.0000E+00  0.5725E-05
[rows 125 to 149 of 159, columns 57 to 113 of 159]
2.6614E-10 2.8280E-10 2.9853E-10 3.1217E-10 3.2168E-10 3.3933E-10 3.4774E-10 3.5786E-10 3.7220E-10 3.8312E-10 3.9702E-10 4.0913E-10 4.2700E-10 4.3959E-10 4.5114E-10 4.6345E-10 4.7703E-10 4.8810E-10 5.0231E-10 5.2196E-10 5.3559E-10 5.4466E-10 5.6268E-10 5.8230E-10 5.9477E-10 6.1948E-10 6.4697E-10 6.5971E-10 6.8622E-10 7.4164E-10 7.6135E-10 8.7813E-10 9.5898E-10 1.1050E-09 1.1463E-09 1.2301E-09 1.2750E-09 1.4714E-09 1.5269E-09 1.5824E-09 1.6379E-09 1.6929E-09 1.7499E-09 1.8038E-09 1.8569E-09 1.9088E-09 1.9592E-09 2.0080E-09 2.0531E-09 2.0965E-09 2.1384E-09 2.1752E-09 2.2126E-09 2.2489E-09 2.2833E-09 2.3164E-09 2.3442E-09
2.4715E-10 2.5849E-10 2.7347E-10 2.8840E-10 3.0436E-10 3.1928E-10 3.2889E-10 3.4055E-10 3.5266E-10 3.6447E-10 3.7244E-10 3.8793E-10 4.0108E-10 4.1435E-10 4.2524E-10 4.4219E-10 4.5646E-10 4.7006E-10 4.7830E-10 4.8868E-10 5.0394E-10 5.1491E-10 5.2900E-10 5.4801E-10 5.6914E-10 5.8109E-10 6.0647E-10 6.3265E-10 6.4824E-10 6.7852E-10 7.3689E-10 7.5393E-10 8.7707E-10 9.6156E-10 9.9212E-10 1.1548E-09 1.2345E-09 1.2778E-09 1.4792E-09 1.5323E-09 1.5853E-09 1.6379E-09 1.6900E-09 1.7414E-09 1.7917E-09 1.8408E-09 1.8874E-09 1.9310E-09 1.9734E-09 2.0140E-09 2.0518E-09 2.0885E-09 2.1241E-09 2.1573E-09 2.1899E-09 2.2196E-09 2.2506E-09
2.3105E-10 2.4336E-10 2.5431E-10 2.6193E-10 2.7721E-10 2.9715E-10 3.0988E-10 3.1947E-10 3.3185E-10 3.4134E-10 3.6091E-10 3.6866E-10 3.7935E-10 3.9134E-10 4.0447E-10 4.1630E-10 4.3176E-10 4.4116E-10 4.5699E-10 4.7151E-10 4.8033E-10 4.9571E-10 5.0382E-10 5.1407E-10 5.2854E-10 5.4899E-10 5.5928E-10 5.9083E-10 6.2227E-10 6.3392E-10 6.6558E-10 7.2671E-10 7.4306E-10 8.7333E-10 9.5801E-10 9.8978E-10 1.1607E-09 1.2418E-09 1.2833E-09 1.4889E-09 1.5407E-09 1.5910E-09 1.6405E-09 1.6891E-09 1.7365E-09 1.7807E-09 1.8231E-09 1.8643E-09 1.9018E-09 1.9374E-09 1.9733E-09 2.0073E-09 2.0399E-09 2.0697E-09 2.1010E-09 2.1315E-09 2.1612E-09
1.9121E-10 2.1276E-10 2.3793E-10 2.5004E-10 2.5850E-10 2.6968E-10 2.7958E-10 3.0065E-10 3.1252E-10 3.2273E-10 3.3334E-10 3.4729E-10 3.5660E-10 3.7493E-10 3.8463E-10 3.9511E-10 4.0560E-10 4.1990E-10 4.3125E-10 4.4256E-10 4.5647E-10 4.6368E-10 4.8349E-10 4.9239E-10 5.0333E-10 5.2973E-10 5.3850E-10 5.4937E-10 5.7590E-10 6.0363E-10 6.1467E-10 6.2565E-10 7.0688E-10 7.3140E-10 8.6944E-10 9.5719E-10 9.8554E-10 1.1596E-09 1.2014E-09 1.2835E-09 1.4923E-09 1.5401E-09 1.5869E-09 1.6321E-09 1.6742E-09 1.7152E-09 1.7551E-09 1.7939E-09 1.8297E-09 1.8645E-09 1.8970E-09 1.9288E-09 1.9600E-09 1.9906E-09 2.0173E-09 2.0442E-09 2.0727E-09
1.6143E-10 1.7205E-10 1.9346E-10 2.1686E-10 2.4089E-10 2.5060E-10 2.6266E-10 2.7144E-10 2.8279E-10 2.9734E-10 3.1645E-10 3.2559E-10 3.3745E-10 3.4787E-10 3.5972E-10 3.7180E-10 3.8747E-10 4.0021E-10 4.1089E-10 4.1733E-10 4.3295E-10 4.4341E-10 4.5137E-10 4.6796E-10 4.7954E-10 4.8661E-10 5.0526E-10 5.2531E-10 5.3346E-10 5.4497E-10 5.9354E-10 6.0513E-10 6.1553E-10 7.0086E-10 7.1571E-10 8.5863E-10 9.1982E-10 9.7393E-10 1.1525E-09 1.1879E-09 1.2688E-09 1.3052E-09 1.5217E-09 1.5666E-09 1.6108E-09 1.6482E-09 1.6837E-09 1.7184E-09 1.7515E-09 1.7828E-09 1.8137E-09 1.8442E-09 1.8741E-09 1.9035E-09 1.9322E-09 1.9603E-09 1.9832E-09
1.4023E-10 1.5663E-10 1.6478E-10 1.7569E-10 1.9659E-10 2.1653E-10 2.4274E-10 2.5363E-10 2.6594E-10 2.7437E-10 2.8358E-10 2.9708E-10 3.1980E-10 3.2785E-10 3.3938E-10 3.4907E-10 3.6229E-10 3.7412E-10 3.8423E-10 3.9892E-10 4.0980E-10 4.2437E-10 4.3327E-10 4.3964E-10 4.5446E-10 4.6409E-10 4.7198E-10 4.8372E-10 5.0876E-10 5.2080E-10 5.2834E-10 5.7725E-10 5.9155E-10 6.0133E-10 6.8718E-10 7.0346E-10 8.5185E-10 8.7402E-10 9.6676E-10 1.1485E-09 1.1828E-09 1.2614E-09 1.2969E-09 1.5078E-09 1.5429E-09 1.5770E-09 1.6105E-09 1.6404E-09 1.6707E-09 1.7007E-09 1.7304E-09 1.7595E-09 1.7882E-09 1.8163E-09 1.8439E-09 1.8708E-09 1.8970E-09
1.0604E-10 1.2042E-10 1.4349E-10 1.6181E-10 1.6762E-10 1.8119E-10 1.9054E-10 2.1422E-10 2.4165E-10 2.5775E-10 2.6720E-10 2.7956E-10 2.8567E-10 2.9647E-10 3.1321E-10 3.3293E-10 3.4135E-10 3.5310E-10 3.5831E-10 3.7264E-10 3.8410E-10 3.9640E-10 4.0977E-10 4.2258E-10 4.2856E-10 4.4043E-10 4.5407E-10 4.6031E-10 4.6637E-10 4.9712E-10 5.0432E-10 5.1134E-10 5.6159E-10 5.7088E-10 5.8123E-10 5.9567E-10 6.8807E-10 8.4224E-10 8.6305E-10 9.5977E-10 9.8292E-10 1.1752E-09 1.2041E-09 1.2775E-09 1.3050E-09 1.5121E-09 1.5416E-09 1.5709E-09 1.5999E-09 1.6287E-09 1.6570E-09 1.6849E-09 1.7123E-09 1.7357E-09 1.7621E-09 1.7879E-09 1.8130E-09
8.6721E-11 9.5506E-11 1.0119E-10 1.2144E-10 1.4027E-10 1.6437E-10 1.7124E-10 1.8428E-10 1.9091E-10 2.0894E-10 2.2753E-10 2.5240E-10 2.6579E-10 2.7995E-10 2.8713E-10 2.9829E-10 3.0463E-10 3.2143E-10 3.4112E-10 3.5218E-10 3.6165E-10 3.7149E-10 3.8162E-10 3.9063E-10 4.0407E-10 4.1657E-10 4.2202E-10 4.3806E-10 4.4811E-10 4.5375E-10 4.8285E-10 4.9072E-10 4.9965E-10 5.5109E-10 5.5974E-10 5.7039E-10 5.7870E-10 6.7239E-10 8.2959E-10 8.4877E-10 9.1141E-10 9.6059E-10 1.1499E-09 1.1749E-09 1.2438E-09 1.2671E-09 1.4675E-09 1.4955E-09 1.5233E-09 1.5507E-09 1.5778E-09 1.6045E-09 1.6308E-09 1.6566E-09 1.6818E-09 1.7064E-09 1.7292E-09
7.1702E-11 8.5783E-11 9.1126E-11 9.4087E-11 1.0589E-10 1.2173E-10 1.3970E-10 1.6088E-10 1.7825E-10 1.8434E-10 1.9616E-10 2.0307E-10 2.1895E-10 2.3538E-10 2.6457E-10 2.7404E-10 2.8998E-10 2.9721E-10 3.1029E-10 3.1896E-10 3.2852E-10 3.5148E-10 3.6346E-10 3.7074E-10 3.7939E-10 3.9289E-10 4.0078E-10 4.0584E-10 4.1980E-10 4.2949E-10 4.4022E-10 4.6572E-10 4.7589E-10 4.8194E-10 4.9212E-10 5.4662E-10 5.5442E-10 5.6190E-10 6.5591E-10 6.6646E-10 8.3436E-10 8.5162E-10 9.4143E-10 1.1240E-09 1.1451E-09 1.1661E-09 1.2353E-09 1.2572E-09 1.4573E-09 1.4836E-09 1.5095E-09 1.5350E-09 1.5601E-09 1.5847E-09 1.6088E-09 1.6324E-09 1.6553E-09
4.9934E-11 6.0094E-11 7.0533E-11 8.5835E-11 9.1255E-11 9.8388E-11 1.0824E-10 1.1387E-10 1.3218E-10 1.5697E-10 1.7803E-10 1.8276E-10 1.9580E-10 2.0252E-10 2.1690E-10 2.2641E-10 2.4699E-10 2.6513E-10 2.7977E-10 2.9527E-10 3.0976E-10 3.1952E-10 3.2871E-10 3.3841E-10 3.5056E-10 3.6019E-10 3.8143E-10 3.8854E-10 3.9604E-10 4.1004E-10 4.1817E-10 4.2300E-10 4.4879E-10 4.5842E-10 4.6398E-10 4.6940E-10 5.2407E-10 5.3236E-10 5.4338E-10 5.9195E-10 6.4732E-10 8.1629E-10 8.3401E-10 8.9110E-10 9.3460E-10 1.1183E-09 1.1381E-09 1.1578E-09 1.2237E-09 1.2441E-09 1.4432E-09 1.4653E-09 1.4892E-09 1.5127E-09 1.5358E-09 1.5583E-09 1.5802E-09
4.3946E-11 4.6082E-11 4.9957E-11 5.4947E-11 7.0516E-11 8.0891E-11 9.1158E-11 1.0117E-10 1.0641E-10 1.1837E-10 1.2441E-10 1.5103E-10 1.7017E-10 1.8686E-10 1.9380E-10 2.0471E-10 2.1187E-10 2.2332E-10 2.3375E-10 2.5307E-10 2.6372E-10 2.7644E-10 2.9898E-10 3.1261E-10 3.2545E-10 3.3420E-10 3.4425E-10 3.5704E-10 3.6699E-10 3.7688E-10 3.8840E-10 3.9936E-10 4.0970E-10 4.1403E-10 4.4324E-10 4.5234E-10 4.5735E-10 5.0656E-10 5.1778E-10 5.2368E-10 5.3076E-10 6.0617E-10 7.9148E-10 8.0425E-10 8.1689E-10 8.7353E-10 9.1618E-10 1.0989E-09 1.1175E-09 1.1358E-09 1.2003E-09 1.2192E-09 1.4165E-09 1.4389E-09 1.4597E-09 1.4811E-09 1.4982E-09
3.9723E-11 4.3455E-11 4.3969E-11 4.6087E-11 5.0436E-11 5.7084E-11 6.8887E-11 7.5669E-11 8.7440E-11 1.0098E-10 1.0616E-10 1.1638E-10 1.2156E-10 1.3254E-10 1.4958E-10 1.7491E-10 1.8335E-10 2.0229E-10 2.0728E-10 2.2226E-10 2.3158E-10 2.3978E-10 2.5260E-10 2.6963E-10 2.8026E-10 2.9595E-10 3.0217E-10 3.2244E-10 3.4161E-10 3.5105E-10 3.5870E-10 3.6536E-10 3.8069E-10 3.8918E-10 3.9312E-10 4.2265E-10 4.2708E-10 4.3547E-10 4.4257E-10 4.9205E-10 5.0276E-10 5.0816E-10 5.5509E-10 5.9187E-10 7.7877E-10 7.9072E-10 8.0250E-10 8.5581E-10 1.0637E-09 1.0812E-09 1.0984E-09 1.1154E-09 1.1783E-09 1.1957E-09 1.3903E-09 1.4081E-09 1.4268E-09
3.7298E-11 3.7746E-11 3.9744E-11 4.1822E-11 4.3953E-11 4.6051E-11 5.2597E-11 5.7046E-11 6.2075E-11 7.3912E-11 8.8123E-11 1.0066E-10 1.0644E-10 1.1595E-10 1.2148E-10 1.2947E-10 1.4342E-10 1.5761E-10 1.6973E-10 1.8923E-10 2.0783E-10 2.1505E-10 2.2664E-10 2.3549E-10 2.5018E-10 2.5760E-10 2.6832E-10 2.8477E-10 2.9331E-10 3.0222E-10 3.1829E-10 3.2808E-10 3.3153E-10 3.4842E-10 3.6747E-10 3.7810E-10 3.9927E-10 4.0831E-10 4.1632E-10 4.2321E-10 4.5331E-10 4.7665E-10 4.8689E-10 4.9297E-10 5.3986E-10 5.9275E-10 7.6134E-10 7.7127E-10 7.8218E-10 8.3741E-10 1.0445E-09 1.0607E-09 1.0766E-09 1.0921E-09 1.1533E-09 1.1690E-09 1.3604E-09
3.1867E-11 3.2249E-11 3.5715E-11 3.7747E-11 3.9729E-11 4.1788E-11 4.3897E-11 4.8127E-11 5.0889E-11 5.5281E-11 6.1970E-11 6.6404E-11 7.1748E-11 9.3165E-11 1.0243E-10 1.1154E-10 1.2149E-10 1.2488E-10 1.3979E-10 1.4417E-10 1.6795E-10 1.7167E-10 1.9009E-10 2.0426E-10 2.1888E-10 2.2982E-10 2.4184E-10 2.4682E-10 2.6046E-10 2.7076E-10 2.8173E-10 2.8830E-10 3.0188E-10 3.1219E-10 3.2810E-10 3.3515E-10 3.4204E-10 3.4967E-10 3.7065E-10 3.7931E-10 3.8689E-10 3.9255E-10 4.4462E-10 4.4917E-10 4.5892E-10 4.6332E-10 5.1382E-10 7.0544E-10 7.3505E-10 7.4528E-10 7.9870E-10 8.0955E-10 1.0151E-09 1.0288E-09 1.0432E-09 1.0548E-09 1.0685E-09
2.1056E-11 2.7258E-11 3.1880E-11 3.2250E-11 3.5701E-11 3.7714E-11 3.9679E-11 4.1717E-11 4.3801E-11 4.6428E-11 5.2885E-11 5.5133E-11 6.0124E-11 6.4779E-11 7.1499E-11 7.6974E-11 9.4657E-11 1.0414E-10 1.1902E-10 1.2446E-10 1.3472E-10 1.4033E-10 1.5194E-10 1.6290E-10 1.7958E-10 1.8786E-10 1.9691E-10 2.0902E-10 2.1612E-10 2.4089E-10 2.5662E-10 2.6191E-10 2.6453E-10 2.7740E-10 2.9078E-10 2.9985E-10 3.1028E-10 3.1974E-10 3.2266E-10 3.4625E-10 3.5664E-10 3.5995E-10 3.6982E-10 3.7301E-10 4.2119E-10 4.2891E-10 4.3817E-10 4.8364E-10 4.8850E-10 6.8011E-10 7.0874E-10 7.1810E-10 7.2457E-10 7.7767E-10 7.8728E-10 9.9321E-10 1.0063E-09
2.0575E-11 2.0821E-11 2.1065E-11 2.5695E-11 3.1864E-11 3.2223E-11 3.5655E-11 3.7648E-11 3.8053E-11 4.0012E-11 4.2042E-11 4.8474E-11 5.2716E-11 5.5532E-11 5.9892E-11 6.2839E-11 6.7293E-11 7.6596E-11 8.1699E-11 8.9045E-11 1.0091E-10 1.1466E-10 1.2716E-10 1.3729E-10 1.4368E-10 1.5156E-10 1.6249E-10 1.7655E-10 1.8102E-10 1.9961E-10 2.0599E-10 2.1832E-10 2.2658E-10 2.3632E-10 2.4348E-10 2.5411E-10 2.6714E-10 2.8431E-10 2.9705E-10 3.0347E-10 3.0998E-10 3.3337E-10 3.4408E-10 3.4704E-10 3.4988E-10 3.8274E-10 4.0454E-10 4.0820E-10 4.1697E-10 4.6206E-10 4.6641E-10 6.5731E-10 6.8489E-10 6.9340E-10 7.0166E-10 7.5344E-10 7.6084E-10
1.3024E-11 1.7393E-11 1.9117E-11 2.0819E-11 2.1056E-11 2.5673E-11 3.1821E-11 3.2168E-11 3.5578E-11 3.5954E-11 3.7939E-11 3.9877E-11 4.1880E-11 4.6658E-11 4.8794E-11 5.5284E-11 5.7959E-11 6.2509E-11 6.5227E-11 7.4482E-11 7.6958E-11 8.6728E-11 8.7695E-11 9.7287E-11 1.0380E-10 1.1716E-10 1.3769E-10 1.4567E-10 1.5409E-10 1.6283E-10 1.7599E-10 1.8029E-10 1.8947E-10 2.0121E-10 2.1253E-10 2.1925E-10 2.3009E-10 2.3771E-10 2.4598E-10 2.5981E-10 2.6713E-10 2.7600E-10 2.7825E-10 3.0135E-10 3.1091E-10 3.1712E-10 3.1960E-10 3.5209E-10 3.7340E-10 3.7663E-10 3.7973E-10 4.2948E-10 4.3333E-10 6.2286E-10 6.2971E-10 6.5630E-10 6.6172E-10
8.5276E-12 1.0099E-11 1.3028E-11 1.7391E-11 1.9106E-11 2.0800E-11 2.1029E-11 2.2769E-11 3.1750E-11 3.2085E-11 3.2418E-11 3.5832E-11 3.7792E-11 3.8164E-11 4.0090E-11 4.6435E-11 4.6906E-11 5.3385E-11 5.5542E-11 6.0476E-11 6.2747E-11 7.2260E-11 7.4700E-11 8.1800E-11 8.6880E-11 9.2545E-11 9.5184E-11 1.0514E-10 1.0965E-10 1.1776E-10 1.2794E-10 1.5473E-10 1.6238E-10 1.6633E-10 1.7563E-10 1.8814E-10 1.9739E-10 2.0436E-10 2.0979E-10 2.1946E-10 2.2392E-10 2.3221E-10 2.4159E-10 2.5710E-10 2.5907E-10 2.7867E-10 2.8411E-10 2.9134E-10 2.9350E-10 3.2512E-10 3.3166E-10 3.5270E-10 3.5542E-10 3.9926E-10 4.0785E-10 5.6834E-10 6.0215E-10
6.9156E-12 8.4319E-12 8.5301E-12 8.6280E-12 1.3020E-11 1.7374E-11 1.7566E-11 2.0762E-11 2.0984E-11 2.2710E-11 2.7288E-11 3.1974E-11 3.2295E-11 3.5678E-11 3.6023E-11 3.7969E-11 3.9868E-11 4.4572E-11 4.6615E-11 5.1404E-11 5.3554E-11 6.0017E-11 6.0611E-11 6.3510E-11 7.2345E-11 7.5413E-11 8.0154E-11 8.9175E-11 9.2408E-11 9.3282E-11 1.0119E-10 1.0601E-10 1.1599E-10 1.2529E-10 1.3387E-10 1.3964E-10 1.4806E-10 1.5377E-10 1.6812E-10 1.8798E-10 1.9683E-10 2.0092E-10 2.0931E-10 2.1822E-10 2.1979E-10 2.2508E-10 2.4226E-10 2.6392E-10 2.6583E-10 2.7590E-10 2.7776E-10 2.7953E-10 3.0760E-10 3.3198E-10 3.3338E-10 3.3559E-10 3.7934E-10
0.0000E+00 6.8376E-12 6.9170E-12 8.4300E-12 8.5253E-12 8.6202E-12 1.3002E-11 1.7343E-11 1.7528E-11 2.0706E-11 2.0920E-11 2.1133E-11 2.5728E-11 3.1835E-11 3.2143E-11 3.2448E-11 3.5825E-11 3.6152E-11 3.8079E-11 3.9960E-11 4.4686E-11 4.6699E-11 5.1493E-11 5.1970E-11 6.0047E-11 6.2897E-11 6.3476E-11 7.0905E-11 7.5264E-11 7.8266E-11 8.1380E-11 8.9990E-11 9.5238E-11 1.0065E-10 1.0605E-10 1.1399E-10 1.1925E-10 1.2474E-10 1.3109E-10 1.3942E-10 1.4854E-10 1.5703E-10 1.6841E-10 1.7219E-10 1.7651E-10 1.8507E-10 1.8638E-10 1.8762E-10 1.9521E-10 2.2182E-10 2.2933E-10 2.3349E-10 2.4556E-10 2.4706E-10 2.7457E-10 2.7635E-10 2.9631E-10
0.0000E+00 0.0000E+00 0.0000E+00 6.8355E-12 6.9126E-12 8.4210E-12 8.5133E-12 8.6051E-12 1.2973E-11 1.7297E-11 1.7475E-11 1.9117E-11 2.0839E-11 2.1044E-11 2.1246E-11 2.7312E-11 3.1964E-11 3.2256E-11 3.2545E-11 3.5908E-11 3.6217E-11 3.8122E-11 4.4320E-11 4.4707E-11 4.7320E-11 5.1464E-11 5.4179E-11 5.4647E-11 6.2750E-11 6.3280E-11 6.8431E-11 7.1238E-11 8.0225E-11 8.0879E-11 8.6313E-11 8.9187E-11 1.0063E-10 1.0752E-10 1.1340E-10 1.1429E-10 1.2059E-10 1.2365E-10 1.2454E-10 1.2796E-10 1.4871E-10 1.4977E-10 1.5318E-10 1.6200E-10 1.6747E-10 1.6849E-10 1.6945E-10 1.7666E-10 1.9527E-10 2.0602E-10 2.0964E-10 2.1377E-10 2.2046E-10
0.0000E+00 0.0000E+00 0.0000E+00 0.0000E+00 0.0000E+00 6.8277E-12 6.9025E-12 6.9768E-12 8.4941E-12 8.5828E-12 1.0143E-11 1.7236E-11 1.7408E-11 1.7578E-11 2.0740E-11 2.0936E-11 2.1131E-11 2.5697E-11 3.0205E-11 3.2038E-11 3.2313E-11 3.4086E-11 3.5928E-11 3.6218E-11 3.6504E-11 4.2736E-11 4.4635E-11 4.7226E-11 5.1316E-11 5.4000E-11 5.4427E-11 5.7168E-11 6.2922E-11 6.5755E-11 6.8512E-11 7.3638E-11 7.6482E-11 8.3145E-11 8.8247E-11 9.5778E-11 1.0145E-10 1.0437E-10 1.1210E-10 1.1288E-10 1.1611E-10 1.1851E-10 1.2484E-10 1.3799E-10 1.4110E-10 1.4192E-10 1.5056E-10 1.5140E-10 1.5219E-10 1.5292E-10 1.7485E-10 1.7581E-10 1.7670E-10
0.0000E+00 0.0000E+00 0.0000E+00 0.0000E+00 0.0000E+00 0.0000E+00 0.0000E+00 2.7461E-12 6.8865E-12 6.9583E-12 8.4677E-12 8.5533E-12 8.6382E-12 1.3007E-11 1.7325E-11 1.7489E-11 1.7651E-11 2.0812E-11 2.0997E-11 2.1181E-11 2.5742E-11 3.0241E-11 3.2054E-11 3.2313E-11 3.2568E-11 3.5885E-11 3.6155E-11 3.6421E-11 3.8875E-11 4.4471E-11 4.7027E-11 4.7371E-11 5.2094E-11 5.4077E-11 5.6769E-11 5.7162E-11 5.9904E-11 6.3979E-11 6.8423E-11 7.1120E-11 7.3987E-11 7.8959E-11 9.1107E-11 9.4062E-11 9.6299E-11 1.0424E-10 1.0486E-10 1.0788E-10 1.0845E-10 1.1263E-10 1.2080E-10 1.2378E-10 1.2832E-10 1.4153E-10 1.4218E-10 1.4278E-10 1.4332E-10
0.0000E+00 0.0000E+00 0.0000E+00 0.0000E+00 0.0000E+00 0.0000E+00 0.0000E+00 0.0000E+00 0.0000E+00 2.7387E-12 6.8648E-12 6.9340E-12 8.4342E-12 8.5165E-12 8.5982E-12 8.6792E-12 1.7229E-11 1.7386E-11 1.7541E-11 1.7695E-11 2.0847E-11 2.1022E-11 2.1195E-11 2.5742E-11 3.0224E-11 3.0458E-11 3.2256E-11 3.2494E-11 3.4231E-11 3.6028E-11 3.6274E-11 3.6515E-11 4.1096E-11 4.3588E-11 4.7037E-11 4.9597E-11 4.9915E-11 5.4634E-11 5.6577E-11 5.9253E-11 5.9600E-11 5.9934E-11 6.2660E-11 6.4589E-11 6.9418E-11 8.1425E-11 8.3536E-11 8.6253E-11 8.9646E-11 9.0105E-11 9.2840E-11 9.3249E-11 9.9612E-11 1.0002E-10 1.0543E-10 1.0828E-10 1.1578E-10
0.0000E+00 0.0000E+00 0.0000E+00 0.0000E+00 0.0000E+00 0.0000E+00 0.0000E+00 0.0000E+00 0.0000E+00 0.0000E+00 0.0000E+00 2.7290E-12 6.8374E-12 6.9040E-12 6.9702E-12 8.4728E-12 8.5511E-12 8.6287E-12 1.2976E-11 1.7268E-11 1.7416E-11 1.7563E-11 1.7707E-11 2.0846E-11 2.1010E-11 2.1172E-11 2.4197E-11 2.7349E-11 3.0372E-11 3.0585E-11 3.2363E-11 3.2578E-11 3.4294E-11 3.4510E-11 3.6284E-11 3.6500E-11 3.8902E-11 4.1270E-11 4.3734E-11 4.7129E-11 4.9650E-11 5.2202E-11 5.2472E-11 5.5063E-11 5.7434E-11 5.9302E-11 6.1946E-11 6.2205E-11 6.9669E-11 7.4664E-11 7.7191E-11 8.0470E-11 8.2419E-11 8.2750E-11 8.3054E-11 8.6947E-11 8.7244E-11
