Assets/Resources/2015_m01_d06_1300(utc+0800)_l00_csi_1hr_conc.grd
DSAA
         159         159
     -79.000      79.000
     -79.000      79.000
  0.0000E+00  0.3206E-05
[rows 0 to 24 of 159, columns 57 to 113 of 159]
8.7244E-11 1.2290E-10 1.5500E-10 1.9205E-10 2.3762E-10 2.9168E-10 3.5420E-10 4.2861E-10 5.1610E-10 6.1527E-10 7.2847E-10 8.5959E-10 1.0036E-09 1.1666E-09 1.3428E-09 1.5346E-09 1.7447E-09 1.9652E-09 2.1964E-09 2.4401E-09 2.6915E-09 2.9462E-09 3.2013E-09 3.4533E-09 3.6981E-09 3.9328E-09 4.1532E-09 4.3554E-09 4.5360E-09 4.6908E-09 4.8180E-09 4.9144E-09 4.9779E-09 5.0080E-09 5.0038E-09 4.9654E-09 4.8944E-09 4.7918E-09 4.6597E-09 4.5009E-09 4.3185E-09 4.1161E-09 3.8972E-09 3.6660E-09 3.4258E-09 3.1802E-09 2.9327E-09 2.6867E-09 2.4456E-09 2.2120E-09 1.9866E-09 1.7719E-09 1.5707E-09 1.3846E-09 1.2133E-09 1.0554E-09 9.1166E-10
9.1024E-11 1.2704E-10 1.6171E-10 2.0153E-10 2.4805E-10 3.0462E-10 3.7130E-10 4.5050E-10 5.4005E-10 6.4556E-10 7.6774E-10 9.0321E-10 1.0591E-09 1.2286E-09 1.4164E-09 1.6229E-09 1.8417E-09 2.0761E-09 2.3256E-09 2.5848E-09 2.8503E-09 3.1204E-09 3.3912E-09 3.6592E-09 3.9213E-09 4.1726E-09 4.4083E-09 4.6247E-09 4.8174E-09 4.9835E-09 5.1194E-09 5.2218E-09 5.2902E-09 5.3225E-09 5.3180E-09 5.2773E-09 5.2009E-09 5.0906E-09 4.9490E-09 4.7789E-09 4.5834E-09 4.3661E-09 4.1313E-09 3.8829E-09 3.6254E-09 3.3626E-09 3.0983E-09 2.8362E-09 2.5783E-09 2.3286E-09 2.0897E-09 1.8628E-09 1.6482E-09 1.4486E-09 1.2658E-09 1.1001E-09 9.4954E-10
9.5977E-11 1.3149E-10 1.6805E-10 2.0951E-10 2.5903E-10 3.1794E-10 3.8626E-10 4.6903E-10 5.6508E-10 6.7548E-10 8.0261E-10 9.4946E-10 1.1099E-09 1.2905E-09 1.4901E-09 1.7039E-09 1.9383E-09 2.1887E-09 2.4502E-09 2.7247E-09 3.0085E-09 3.2964E-09 3.5856E-09 3.8724E-09 4.1520E-09 4.4197E-09 4.6716E-09 4.9029E-09 5.1095E-09 5.2876E-09 5.4331E-09 5.5439E-09 5.6176E-09 5.6520E-09 5.6477E-09 5.6038E-09 5.5219E-09 5.4041E-09 5.2522E-09 5.0697E-09 4.8599E-09 4.6270E-09 4.3755E-09 4.1095E-09 3.8335E-09 3.5517E-09 3.2686E-09 2.9878E-09 2.7125E-09 2.4456E-09 2.1896E-09 1.9486E-09 1.7234E-09 1.5128E-09 1.3179E-09 1.1411E-09 9.8317E-10
9.8683E-11 1.3449E-10 1.7525E-10 2.1696E-10 2.6823E-10 3.2933E-10 4.0276E-10 4.8878E-10 5.8624E-10 7.0362E-10 8.4005E-10 9.8895E-10 1.1606E-09 1.3508E-09 1.5571E-09 1.7865E-09 2.0331E-09 2.2941E-09 2.5729E-09 2.8637E-09 3.1643E-09 3.4697E-09 3.7762E-09 4.0804E-09 4.3772E-09 4.6628E-09 4.9312E-09 5.1784E-09 5.3993E-09 5.5890E-09 5.7454E-09 5.8645E-09 5.9431E-09 5.9810E-09 5.9767E-09 5.9304E-09 5.8436E-09 5.7173E-09 5.5552E-09 5.3599E-09 5.1357E-09 4.8869E-09 4.6179E-09 4.3338E-09 4.0391E-09 3.7390E-09 3.4372E-09 3.1380E-09 2.8451E-09 2.5616E-09 2.2898E-09 2.0327E-09 1.7930E-09 1.5727E-09 1.3693E-09 1.1825E-09 1.0144E-09
1.0276E-10 1.3858E-10 1.8083E-10 2.2496E-10 2.7823E-10 3.4004E-10 4.1581E-10 5.0474E-10 6.0956E-10 7.3099E-10 8.6979E-10 1.0304E-09 1.2088E-09 1.4044E-09 1.6260E-09 1.8641E-09 2.1221E-09 2.3992E-09 2.6921E-09 2.9978E-09 3.3133E-09 3.6358E-09 3.9601E-09 4.2823E-09 4.5977E-09 4.9002E-09 5.1861E-09 5.4494E-09 5.6843E-09 5.8878E-09 6.0550E-09 6.1821E-09 6.2671E-09 6.3077E-09 6.3038E-09 6.2554E-09 6.1629E-09 6.0290E-09 5.8562E-09 5.6483E-09 5.4095E-09 5.1443E-09 4.8577E-09 4.5550E-09 4.2416E-09 3.9220E-09 3.6011E-09 3.2835E-09 2.9729E-09 2.6735E-09 2.3875E-09 2.1169E-09 1.8627E-09 1.6281E-09 1.4153E-09 1.2219E-09 1.0458E-09
1.0698E-10 1.4175E-10 1.8610E-10 2.3191E-10 2.8621E-10 3.5236E-10 4.3044E-10 5.2271E-10 6.2764E-10 7.5302E-10 9.0219E-10 1.0669E-09 1.2507E-09 1.4608E-09 1.6873E-09 1.9380E-09 2.2093E-09 2.4988E-09 2.8050E-09 3.1274E-09 3.4611E-09 3.8016E-09 4.1445E-09 4.4858E-09 4.8200E-09 5.1420E-09 5.4461E-09 5.7262E-09 5.9777E-09 6.1950E-09 6.3731E-09 6.5098E-09 6.6012E-09 6.6460E-09 6.6428E-09 6.5913E-09 6.4934E-09 6.3512E-09 6.1674E-09 5.9460E-09 5.6914E-09 5.4088E-09 5.1036E-09 4.7814E-09 4.4478E-09 4.1081E-09 3.7672E-09 3.4296E-09 3.0995E-09 2.7820E-09 2.4801E-09 2.1961E-09 1.9308E-09 1.6840E-09 1.4582E-09 1.2560E-09 1.0749E-09
1.1056E-10 1.4426E-10 1.9002E-10 2.3790E-10 2.9348E-10 3.6103E-10 4.4119E-10 5.3677E-10 6.4639E-10 7.7675E-10 9.3105E-10 1.1001E-09 1.2954E-09 1.5079E-09 1.7474E-09 2.0087E-09 2.2899E-09 2.5926E-09 2.9146E-09 3.2531E-09 3.6024E-09 3.9597E-09 4.3207E-09 4.6808E-09 5.0344E-09 5.3754E-09 5.6971E-09 5.9951E-09 6.2626E-09 6.4939E-09 6.6850E-09 6.8314E-09 6.9296E-09 6.9783E-09 6.9755E-09 6.9222E-09 6.8191E-09 6.6684E-09 6.4735E-09 6.2385E-09 5.9683E-09 5.6685E-09 5.3448E-09 5.0029E-09 4.6491E-09 4.2893E-09 3.9290E-09 3.5729E-09 3.2252E-09 2.8896E-09 2.5704E-09 2.2709E-09 1.9933E-09 1.7373E-09 1.5018E-09 1.2879E-09 1.0988E-09
1.1363E-10 1.4628E-10 1.9399E-10 2.4401E-10 3.0191E-10 3.7106E-10 4.5399E-10 5.4947E-10 6.6030E-10 7.9757E-10 9.5566E-10 1.1339E-09 1.3316E-09 1.5561E-09 1.8031E-09 2.0717E-09 2.3661E-09 2.6834E-09 3.0187E-09 3.3704E-09 3.7373E-09 4.1139E-09 4.4941E-09 4.8741E-09 5.2478E-09 5.6078E-09 5.9495E-09 6.2658E-09 6.5497E-09 6.7965E-09 7.0000E-09 7.1568E-09 7.2628E-09 7.3154E-09 7.3142E-09 7.2586E-09 7.1500E-09 6.9907E-09 6.7842E-09 6.5353E-09 6.2488E-09 5.9308E-09 5.5874E-09 5.2251E-09 4.8503E-09 4.4689E-09 4.0872E-09 3.7110E-09 3.3457E-09 2.9944E-09 2.6597E-09 2.3444E-09 2.0521E-09 1.7846E-09 1.5415E-09 1.3202E-09 1.1211E-09
1.1602E-10 1.4878E-10 1.9561E-10 2.4743E-10 3.0651E-10 3.7717E-10 4.6196E-10 5.6012E-10 6.7599E-10 8.1426E-10 9.7996E-10 1.1615E-09 1.3685E-09 1.5986E-09 1.8522E-09 2.1340E-09 2.4418E-09 2.7687E-09 3.1185E-09 3.4895E-09 3.8746E-09 4.2688E-09 4.6693E-09 5.0693E-09 5.4637E-09 5.8456E-09 6.2079E-09 6.5427E-09 6.8451E-09 7.1075E-09 7.3254E-09 7.4932E-09 7.6072E-09 7.6648E-09 7.6646E-09 7.6065E-09 7.4922E-09 7.3239E-09 7.1053E-09 6.8414E-09 6.5376E-09 6.2004E-09 5.8364E-09 5.4527E-09 5.0562E-09 4.6533E-09 4.2498E-09 3.8518E-09 3.4654E-09 3.0953E-09 2.7451E-09 2.4157E-09 2.1099E-09 1.8290E-09 1.5755E-09 1.3484E-09 1.1436E-09
1.1742E-10 1.5033E-10 1.9625E-10 2.5052E-10 3.1172E-10 3.8360E-10 4.6853E-10 5.6680E-10 6.8446E-10 8.2664E-10 1.0005E-09 1.1869E-09 1.3994E-09 1.6352E-09 1.9012E-09 2.1925E-09 2.5066E-09 2.8497E-09 3.2148E-09 3.5980E-09 3.9975E-09 4.4099E-09 4.8295E-09 5.2501E-09 5.6648E-09 6.0666E-09 6.4485E-09 6.8035E-09 7.1240E-09 7.4032E-09 7.6346E-09 7.8130E-09 7.9353E-09 7.9980E-09 7.9996E-09 7.9398E-09 7.8201E-09 7.6431E-09 7.4129E-09 7.1345E-09 6.8140E-09 6.4582E-09 6.0742E-09 5.6696E-09 5.2516E-09 4.8277E-09 4.4045E-09 3.9877E-09 3.5823E-09 3.1930E-09 2.8256E-09 2.4827E-09 2.1648E-09 1.8726E-09 1.6073E-09 1.3710E-09 1.1623E-09
1.1804E-10 1.5113E-10 1.9520E-10 2.5134E-10 3.1326E-10 3.8665E-10 4.7251E-10 5.7435E-10 6.9234E-10 8.3632E-10 1.0113E-09 1.2095E-09 1.4243E-09 1.6723E-09 1.9433E-09 2.2418E-09 2.5709E-09 2.9238E-09 3.2999E-09 3.7010E-09 4.1212E-09 4.5541E-09 4.9933E-09 5.4344E-09 5.8712E-09 6.2955E-09 6.6991E-09 7.0742E-09 7.4135E-09 7.7098E-09 7.9561E-09 8.1470E-09 8.2781E-09 8.3459E-09 8.3487E-09 8.2865E-09 8.1608E-09 7.9744E-09 7.7314E-09 7.4374E-09 7.0988E-09 6.7230E-09 6.3176E-09 5.8902E-09 5.4485E-09 5.0006E-09 4.5543E-09 4.1172E-09 3.6941E-09 3.2884E-09 2.9038E-09 2.5448E-09 2.2146E-09 1.9129E-09 1.6385E-09 1.3920E-09 1.1756E-09
1.1751E-10 1.5131E-10 1.9268E-10 2.4916E-10 3.1315E-10 3.8657E-10 4.7260E-10 5.7499E-10 6.9387E-10 8.4414E-10 1.0273E-09 1.2216E-09 1.4508E-09 1.6989E-09 1.9788E-09 2.2916E-09 2.6282E-09 2.9941E-09 3.3891E-09 3.8057E-09 4.2418E-09 4.6922E-09 5.1528E-09 5.6153E-09 6.0736E-09 6.5196E-09 6.9453E-09 7.3417E-09 7.7008E-09 8.0145E-09 8.2759E-09 8.4792E-09 8.6189E-09 8.6917E-09 8.6960E-09 8.6322E-09 8.5006E-09 8.3045E-09 8.0486E-09 7.7388E-09 7.3820E-09 6.9860E-09 6.5588E-09 6.1092E-09 5.6457E-09 5.1760E-09 4.7073E-09 4.2471E-09 3.8026E-09 3.3790E-09 2.9789E-09 2.6050E-09 2.2604E-09 1.9479E-09 1.6662E-09 1.4127E-09 1.1874E-09
1.1583E-10 1.5013E-10 1.8938E-10 2.4569E-10 3.1097E-10 3.8465E-10 4.7161E-10 5.7352E-10 6.9250E-10 8.4284E-10 1.0322E-09 1.2396E-09 1.4644E-09 1.7225E-09 2.0129E-09 2.3283E-09 2.6807E-09 3.0627E-09 3.4693E-09 3.9021E-09 4.3574E-09 4.8288E-09 5.3101E-09 5.7954E-09 6.2774E-09 6.7465E-09 7.1949E-09 7.6125E-09 7.9914E-09 8.3235E-09 8.6005E-09 8.8158E-09 8.9645E-09 9.0432E-09 9.0492E-09 8.9822E-09 8.8437E-09 8.6382E-09 8.3689E-09 8.0427E-09 7.6668E-09 7.2494E-09 6.7994E-09 6.3260E-09 5.8384E-09 5.3459E-09 4.8560E-09 4.3754E-09 3.9097E-09 3.4655E-09 3.0486E-09 2.6615E-09 2.3044E-09 1.9793E-09 1.6887E-09 1.4300E-09 1.1993E-09
1.1326E-10 1.4752E-10 1.8553E-10 2.3959E-10 3.0480E-10 3.7932E-10 4.6640E-10 5.6806E-10 6.8762E-10 8.3964E-10 1.0333E-09 1.2429E-09 1.4767E-09 1.7415E-09 2.0335E-09 2.3676E-09 2.7300E-09 3.1215E-09 3.5450E-09 3.9980E-09 4.4719E-09 4.9636E-09 5.4675E-09 5.9762E-09 6.4813E-09 6.9742E-09 7.4460E-09 7.8866E-09 8.2863E-09 8.6363E-09 8.9289E-09 9.1568E-09 9.3144E-09 9.3977E-09 9.4045E-09 9.3350E-09 9.1897E-09 8.9725E-09 8.6886E-09 8.3445E-09 7.9498E-09 7.5108E-09 7.0382E-09 6.5410E-09 6.0287E-09 5.5111E-09 4.9977E-09 4.4957E-09 4.0112E-09 3.5494E-09 3.1149E-09 2.7128E-09 2.3444E-09 2.0090E-09 1.7076E-09 1.4420E-09 1.2082E-09
1.0944E-10 1.4367E-10 1.8109E-10 2.3212E-10 2.9713E-10 3.7193E-10 4.5813E-10 5.5971E-10 6.7704E-10 8.2743E-10 1.0337E-09 1.2450E-09 1.4833E-09 1.7491E-09 2.0592E-09 2.3955E-09 2.7667E-09 3.1775E-09 3.6174E-09 4.0853E-09 4.5785E-09 5.0918E-09 5.6184E-09 6.1509E-09 6.6806E-09 7.1986E-09 7.6939E-09 8.1567E-09 8.5773E-09 8.9464E-09 9.2548E-09 9.4952E-09 9.6618E-09 9.7502E-09 9.7573E-09 9.6835E-09 9.5312E-09 9.3034E-09 9.0047E-09 8.6431E-09 8.2268E-09 7.7655E-09 7.2702E-09 6.7493E-09 6.2141E-09 5.6736E-09 5.1364E-09 4.6112E-09 4.1065E-09 3.6278E-09 3.1778E-09 2.7606E-09 2.3793E-09 2.0348E-09 1.7251E-09 1.4505E-09 1.2122E-09
1.0492E-10 1.3874E-10 1.7569E-10 2.2420E-10 2.8652E-10 3.6117E-10 4.4736E-10 5.4820E-10 6.6692E-10 8.1468E-10 1.0274E-09 1.2422E-09 1.4795E-09 1.7618E-09 2.0692E-09 2.4169E-09 2.8060E-09 3.2264E-09 3.6816E-09 4.1692E-09 4.6842E-09 5.2203E-09 5.7713E-09 6.3291E-09 6.8846E-09 7.4284E-09 7.9485E-09 8.4351E-09 8.8775E-09 9.2656E-09 9.5902E-09 9.8431E-09 1.0018E-08 1.0110E-08 1.0117E-08 1.0040E-08 9.8773E-09 9.6356E-09 9.3202E-09 8.9403E-09 8.5040E-09 8.0193E-09 7.4981E-09 6.9517E-09 6.3915E-09 5.8279E-09 5.2684E-09 4.7224E-09 4.1973E-09 3.7000E-09 3.2349E-09 2.8043E-09 2.4105E-09 2.0556E-09 1.7390E-09 1.4580E-09 1.2123E-09
9.9412E-11 1.3260E-10 1.6895E-10 2.1495E-10 2.7415E-10 3.4749E-10 4.3334E-10 5.3248E-10 6.4965E-10 7.9700E-10 1.0120E-09 1.2283E-09 1.4811E-09 1.7576E-09 2.0785E-09 2.4371E-09 2.8312E-09 3.2677E-09 3.7421E-09 4.2479E-09 4.7834E-09 5.3428E-09 5.9187E-09 6.5035E-09 7.0857E-09 7.6555E-09 8.2024E-09 8.7145E-09 9.1800E-09 9.5882E-09 9.9290E-09 1.0194E-08 1.0377E-08 1.0473E-08 1.0479E-08 1.0395E-08 1.0223E-08 9.9681E-09 9.6369E-09 9.2352E-09 8.7745E-09 8.2676E-09 7.7236E-09 7.1525E-09 6.5666E-09 5.9767E-09 5.3936E-09 4.8270E-09 4.2825E-09 3.7670E-09 3.2859E-09 2.8423E-09 2.4375E-09 2.0725E-09 1.7483E-09 1.4628E-09 1.2122E-09
9.3429E-11 1.2563E-10 1.6118E-10 2.0530E-10 2.6150E-10 3.3171E-10 4.1675E-10 5.1679E-10 6.3060E-10 7.7356E-10 9.9591E-10 1.2228E-09 1.4662E-09 1.7560E-09 2.0803E-09 2.4435E-09 2.8543E-09 3.3035E-09 3.7913E-09 4.3160E-09 4.8731E-09 5.4563E-09 6.0578E-09 6.6698E-09 7.2813E-09 7.8798E-09 8.4533E-09 8.9896E-09 9.4771E-09 9.9044E-09 1.0261E-08 1.0538E-08 1.0728E-08 1.0827E-08 1.0833E-08 1.0744E-08 1.0562E-08 1.0293E-08 9.9444E-09 9.5241E-09 9.0424E-09 8.5097E-09 7.9383E-09 7.3414E-09 6.7325E-09 6.1202E-09 5.5139E-09 4.9248E-09 4.3606E-09 3.8277E-09 3.3316E-09 2.8748E-09 2.4594E-09 2.0857E-09 1.7538E-09 1.4636E-09 1.2106E-09
8.5992E-11 1.1775E-10 1.5248E-10 1.9495E-10 2.4828E-10 3.1494E-10 3.9720E-10 4.9597E-10 6.1037E-10 7.3889E-10 9.8289E-10 1.2003E-09 1.4564E-09 1.7437E-09 2.0725E-09 2.4518E-09 2.8708E-09 3.3340E-09 3.8395E-09 4.3848E-09 4.9650E-09 5.5738E-09 6.2067E-09 6.8481E-09 7.4879E-09 8.1148E-09 8.7164E-09 9.2803E-09 9.7929E-09 1.0242E-08 1.0616E-08 1.0905E-08 1.1103E-08 1.1204E-08 1.1206E-08 1.1107E-08 1.0913E-08 1.0628E-08 1.0260E-08 9.8163E-09 9.3102E-09 8.7532E-09 8.1552E-09 7.5321E-09 6.8938E-09 6.2546E-09 5.6254E-09 5.0158E-09 4.4325E-09 3.8821E-09 3.3710E-09 2.9019E-09 2.4768E-09 2.0956E-09 1.7573E-09 1.4610E-09 1.2062E-09
7.8020E-11 1.0939E-10 1.4292E-10 1.8367E-10 2.3434E-10 2.9679E-10 3.7556E-10 4.7138E-10 5.8419E-10 7.1646E-10 9.5536E-10 1.1836E-09 1.4333E-09 1.7252E-09 2.0669E-09 2.4487E-09 2.8794E-09 3.3578E-09 3.8807E-09 4.4477E-09 5.0547E-09 5.6928E-09 6.3526E-09 7.0233E-09 7.6960E-09 8.3573E-09 8.9918E-09 9.5844E-09 1.0122E-08 1.0592E-08 1.0983E-08 1.1284E-08 1.1488E-08 1.1591E-08 1.1590E-08 1.1483E-08 1.1275E-08 1.0972E-08 1.0581E-08 1.0112E-08 9.5777E-09 8.9901E-09 8.3646E-09 7.7143E-09 7.0498E-09 6.3845E-09 5.7287E-09 5.0967E-09 4.4952E-09 3.9295E-09 3.4043E-09 2.9236E-09 2.4891E-09 2.1015E-09 1.7588E-09 1.4585E-09 1.2003E-09
6.9168E-11 9.9789E-11 1.3266E-10 1.7154E-10 2.1996E-10 2.7897E-10 3.5241E-10 4.4621E-10 5.6115E-10 6.8549E-10 9.3323E-10 1.1552E-09 1.4083E-09 1.7076E-09 2.0473E-09 2.4398E-09 2.8806E-09 3.3725E-09 3.9131E-09 4.5048E-09 5.1339E-09 5.7982E-09 6.4906E-09 7.1986E-09 7.9054E-09 8.5976E-09 9.2618E-09 9.8840E-09 1.0448E-08 1.0941E-08 1.1350E-08 1.1665E-08 1.1876E-08 1.1979E-08 1.1971E-08 1.1854E-08 1.1630E-08 1.1308E-08 1.0896E-08 1.0402E-08 9.8396E-09 9.2214E-09 8.5647E-09 7.8831E-09 7.1921E-09 6.5030E-09 5.8254E-09 5.1697E-09 4.5492E-09 3.9684E-09 3.4309E-09 2.9401E-09 2.4973E-09 2.1033E-09 1.7573E-09 1.4551E-09 1.1943E-09
6.0952E-11 8.7515E-11 1.2186E-10 1.5876E-10 2.0476E-10 2.6103E-10 3.2926E-10 4.1873E-10 5.3108E-10 6.5607E-10 9.0284E-10 1.1243E-09 1.3822E-09 1.6782E-09 2.0269E-09 2.4243E-09 2.8748E-09 3.3835E-09 3.9478E-09 4.5592E-09 5.2172E-09 5.9178E-09 6.6427E-09 7.3808E-09 8.1235E-09 8.8533E-09 9.5547E-09 1.0210E-08 1.0803E-08 1.1320E-08 1.1747E-08 1.2073E-08 1.2290E-08 1.2393E-08 1.2378E-08 1.2247E-08 1.2004E-08 1.1657E-08 1.1215E-08 1.0690E-08 1.0096E-08 9.4494E-09 8.7615E-09 8.0475E-09 7.3238E-09 6.6078E-09 5.9091E-09 5.2348E-09 4.5949E-09 3.9985E-09 3.4502E-09 2.9511E-09 2.5019E-09 2.1033E-09 1.7536E-09 1.4503E-09 1.1878E-09
5.2452E-11 7.6930E-11 1.0877E-10 1.4521E-10 1.8899E-10 2.4271E-10 3.0621E-10 3.9024E-10 4.9951E-10 6.2349E-10 8.5477E-10 1.0952E-09 1.3468E-09 1.6480E-09 1.9970E-09 2.4026E-09 2.8674E-09 3.3920E-09 3.9703E-09 4.6088E-09 5.2984E-09 6.0251E-09 6.7852E-09 7.5648E-09 8.3473E-09 9.1150E-09 9.8521E-09 1.0540E-08 1.1163E-08 1.1704E-08 1.2150E-08 1.2489E-08 1.2711E-08 1.2810E-08 1.2787E-08 1.2642E-08 1.2379E-08 1.2007E-08 1.1534E-08 1.0974E-08 1.0345E-08 9.6612E-09 8.9420E-09 8.2005E-09 7.4489E-09 6.7027E-09 5.9775E-09 5.2869E-09 4.6326E-09 4.0214E-09 3.4616E-09 2.9559E-09 2.5028E-09 2.0999E-09 1.7477E-09 1.4443E-09 1.1808E-09
3.4058E-11 6.6710E-11 9.6175E-11 1.3165E-10 1.7289E-10 2.2365E-10 2.8321E-10 3.6198E-10 4.7135E-10 5.8759E-10 8.2059E-10 1.0559E-09 1.3111E-09 1.6104E-09 1.9658E-09 2.3777E-09 2.8535E-09 3.3893E-09 3.9958E-09 4.6580E-09 5.3739E-09 6.1382E-09 6.9365E-09 7.7539E-09 8.5754E-09 9.3839E-09 1.0162E-08 1.0888E-08 1.1543E-08 1.2111E-08 1.2576E-08 1.2926E-08 1.3151E-08 1.3246E-08 1.3209E-08 1.3043E-08 1.2754E-08 1.2350E-08 1.1846E-08 1.1253E-08 1.0590E-08 9.8699E-09 9.1123E-09 8.3346E-09 7.5564E-09 6.7877E-09 6.0382E-09 5.3242E-09 4.6575E-09 4.0375E-09 3.4670E-09 2.9535E-09 2.4976E-09 2.0938E-09 1.7390E-09 1.4340E-09 1.1700E-09
1.7507E-11 5.0858E-11 8.1455E-11 1.1716E-10 1.5668E-10 2.0414E-10 2.6036E-10 3.3413E-10 4.4065E-10 5.5974E-10 7.7810E-10 1.0181E-09 1.2689E-09 1.5730E-09 1.9290E-09 2.3508E-09 2.8343E-09 3.3926E-09 4.0125E-09 4.7015E-09 5.4539E-09 6.2518E-09 7.0888E-09 7.9503E-09 8.8176E-09 9.6709E-09 1.0489E-08 1.1253E-08 1.1941E-08 1.2535E-08 1.3019E-08 1.3379E-08 1.3605E-08 1.3693E-08 1.3643E-08 1.3456E-08 1.3138E-08 1.2700E-08 1.2155E-08 1.1523E-08 1.0818E-08 1.0063E-08 9.2718E-09 8.4606E-09 7.6482E-09 6.8533E-09 6.0874E-09 5.3555E-09 4.6700E-09 4.0417E-09 3.4671E-09 2.9466E-09 2.4864E-09 2.0820E-09 1.7268E-09 1.4230E-09 1.1568E-09
