Assets/Resources/2015_m01_d30_1500(utc+0800)_l00_csi_1hr_conc.grd
DSAA
         159         159
     -79.000      79.000
     -79.000      79.000
  0.0000E+00  0.3383E-05
[rows 25 to 49 of 159, columns 57 to 113 of 159]
0.0000E+00 0.0000E+00 0.0000E+00 0.0000E+00 0.0000E+00 0.0000E+00 0.0000E+00 0.0000E+00 0.0000E+00 0.0000E+00 0.0000E+00 0.0000E+00 0.0000E+00 0.0000E+00 0.0000E+00 0.0000E+00 0.0000E+00 0.0000E+00 1.4708E-12 4.4516E-12 8.7439E-12 1.3885E-11 2.6114E-11 4.6261E-11 7.1488E-11 1.0222E-10 1.4136E-10 1.8959E-10 2.4605E-10 3.1815E-10 4.0118E-10 5.0467E-10 6.2098E-10 7.5847E-10 9.1189E-10 1.0831E-09 1.2788E-09 1.4947E-09 1.7313E-09 1.9915E-09 2.2769E-09 2.5766E-09 2.9026E-09 3.2512E-09 3.6231E-09 4.0187E-09 4.4387E-09 4.8813E-09 5.3436E-09 5.8241E-09 6.3164E-09 6.8164E-09 7.3202E-09 7.8222E-09 8.3169E-09 8.8015E-09 9.2724E-09
0.0000E+00 0.0000E+00 0.0000E+00 0.0000E+00 0.0000E+00 0.0000E+00 0.0000E+00 0.0000E+00 0.0000E+00 0.0000E+00 0.0000E+00 0.0000E+00 0.0000E+00 0.0000E+00 0.0000E+00 0.0000E+00 0.0000E+00 4.0959E-13 3.4195E-12 8.0963E-12 1.3833E-11 2.3061E-11 4.3009E-11 6.7808E-11 9.8871E-11 1.3549E-10 1.8098E-10 2.3594E-10 3.0210E-10 3.8219E-10 4.7641E-10 5.9102E-10 7.1937E-10 8.6931E-10 1.0337E-09 1.2194E-09 1.4280E-09 1.6550E-09 1.9039E-09 2.1810E-09 2.4771E-09 2.7909E-09 3.1280E-09 3.4877E-09 3.8698E-09 4.2747E-09 4.7023E-09 5.1500E-09 5.6163E-09 6.0972E-09 6.5918E-09 7.0933E-09 7.5956E-09 8.0944E-09 8.5826E-09 9.0571E-09 9.5150E-09
0.0000E+00 0.0000E+00 0.0000E+00 0.0000E+00 0.0000E+00 0.0000E+00 0.0000E+00 0.0000E+00 0.0000E+00 0.0000E+00 0.0000E+00 0.0000E+00 0.0000E+00 0.0000E+00 0.0000E+00 0.0000E+00 0.0000E+00 2.0731E-12 6.0789E-12 1.1880E-11 2.0676E-11 3.4746E-11 5.8602E-11 8.8024E-11 1.2377E-10 1.6710E-10 2.1989E-10 2.8234E-10 3.5865E-10 4.4759E-10 5.5417E-10 6.8020E-10 8.2156E-10 9.7988E-10 1.1600E-09 1.3602E-09 1.5796E-09 1.8238E-09 2.0900E-09 2.3788E-09 2.6860E-09 3.0188E-09 3.3677E-09 3.7390E-09 4.1334E-09 4.5437E-09 4.9762E-09 5.4279E-09 5.8991E-09 6.3806E-09 6.8717E-09 7.3694E-09 7.8673E-09 8.3596E-09 8.8406E-09 9.3031E-09 9.7455E-09
0.0000E+00 0.0000E+00 0.0000E+00 0.0000E+00 0.0000E+00 0.0000E+00 0.0000E+00 0.0000E+00 0.0000E+00 0.0000E+00 0.0000E+00 0.0000E+00 0.0000E+00 0.0000E+00 0.0000E+00 0.0000E+00 7.8409E-13 4.0093E-12 1.0719E-11 1.9986E-11 3.3054E-11 5.4086E-11 8.4763E-11 1.1881E-10 1.6283E-10 2.1406E-10 2.7588E-10 3.4828E-10 4.3507E-10 5.3445E-10 6.5525E-10 7.9435E-10 9.4789E-10 1.1213E-09 1.3158E-09 1.5278E-09 1.7643E-09 2.0224E-09 2.3019E-09 2.6010E-09 2.9228E-09 3.2704E-09 3.6301E-09 4.0106E-09 4.4131E-09 4.8307E-09 5.2646E-09 5.7190E-09 6.1878E-09 6.6675E-09 7.1540E-09 7.6438E-09 8.1322E-09 8.6135E-09 9.0815E-09 9.5311E-09 9.9552E-09
0.0000E+00 0.0000E+00 0.0000E+00 0.0000E+00 0.0000E+00 0.0000E+00 0.0000E+00 0.0000E+00 0.0000E+00 0.0000E+00 0.0000E+00 0.0000E+00 0.0000E+00 0.0000E+00 0.0000E+00 6.8444E-14 2.2448E-12 7.7712E-12 1.6849E-11 2.9729E-11 4.7096E-11 7.2646E-11 1.0741E-10 1.4982E-10 2.0263E-10 2.6349E-10 3.3682E-10 4.2010E-10 5.1949E-10 6.3401E-10 7.6871E-10 9.2054E-10 1.0888E-09 1.2780E-09 1.4856E-09 1.7131E-09 1.9656E-09 2.2377E-09 2.5300E-09 2.8436E-09 3.1777E-09 3.5325E-09 3.9082E-09 4.2976E-09 4.7063E-09 5.1292E-09 5.5654E-09 6.0164E-09 6.4821E-09 6.9554E-09 7.4338E-09 7.9129E-09 8.3886E-09 8.8543E-09 9.3073E-09 9.7388E-09 1.0144E-08
0.0000E+00 0.0000E+00 0.0000E+00 0.0000E+00 0.0000E+00 0.0000E+00 0.0000E+00 0.0000E+00 0.0000E+00 0.0000E+00 0.0000E+00 0.0000E+00 0.0000E+00 0.0000E+00 0.0000E+00 8.2441E-13 5.4575E-12 1.4269E-11 2.5712E-11 4.0940E-11 6.4582E-11 9.7929E-11 1.3857E-10 1.9014E-10 2.5071E-10 3.2337E-10 4.0947E-10 5.0643E-10 6.2008E-10 7.5029E-10 8.9906E-10 1.0660E-09 1.2505E-09 1.4552E-09 1.6769E-09 1.9205E-09 2.1862E-09 2.4750E-09 2.7819E-09 3.1070E-09 3.4526E-09 3.8143E-09 4.2008E-09 4.5966E-09 5.0124E-09 5.4400E-09 5.8787E-09 6.3263E-09 6.7823E-09 7.2466E-09 7.7126E-09 8.1774E-09 8.6356E-09 9.0828E-09 9.5126E-09 9.9240E-09 1.0307E-08
0.0000E+00 0.0000E+00 0.0000E+00 0.0000E+00 0.0000E+00 0.0000E+00 0.0000E+00 0.0000E+00 0.0000E+00 0.0000E+00 0.0000E+00 0.0000E+00 0.0000E+00 0.0000E+00 1.0564E-13 3.7380E-12 1.0913E-11 2.1197E-11 3.5507E-11 5.6420E-11 8.7289E-11 1.2443E-10 1.7365E-10 2.3755E-10 3.0916E-10 3.9591E-10 4.9659E-10 6.1027E-10 7.4056E-10 8.8684E-10 1.0526E-09 1.2378E-09 1.4411E-09 1.6595E-09 1.8993E-09 2.1576E-09 2.4417E-09 2.7435E-09 3.0653E-09 3.4028E-09 3.7563E-09 4.1284E-09 4.5128E-09 4.9111E-09 5.3319E-09 5.7592E-09 6.1999E-09 6.6399E-09 7.0882E-09 7.5391E-09 7.9889E-09 8.4340E-09 8.8714E-09 9.2955E-09 9.7013E-09 1.0082E-08 1.0440E-08
0.0000E+00 0.0000E+00 0.0000E+00 0.0000E+00 0.0000E+00 0.0000E+00 0.0000E+00 0.0000E+00 0.0000E+00 0.0000E+00 0.0000E+00 0.0000E+00 0.0000E+00 0.0000E+00 2.3228E-12 8.0429E-12 1.6867E-11 3.0031E-11 4.8735E-11 7.6381E-11 1.1388E-10 1.5897E-10 2.1702E-10 2.8979E-10 3.7664E-10 4.7862E-10 5.9584E-10 7.3135E-10 8.7860E-10 1.0448E-09 1.2315E-09 1.4370E-09 1.6568E-09 1.8951E-09 2.1522E-09 2.4312E-09 2.7285E-09 3.0437E-09 3.3770E-09 3.7289E-09 4.0931E-09 4.4705E-09 4.8577E-09 5.2599E-09 5.6711E-09 6.0903E-09 6.5243E-09 6.9618E-09 7.3980E-09 7.8314E-09 8.2620E-09 8.6834E-09 9.0945E-09 9.4907E-09 9.8667E-09 1.0219E-08 1.0541E-08
0.0000E+00 0.0000E+00 0.0000E+00 0.0000E+00 0.0000E+00 0.0000E+00 0.0000E+00 0.0000E+00 0.0000E+00 0.0000E+00 0.0000E+00 0.0000E+00 0.0000E+00 1.2495E-12 5.9695E-12 1.2146E-11 2.3792E-11 4.1747E-11 6.6813E-11 1.0287E-10 1.4607E-10 2.0071E-10 2.7188E-10 3.5581E-10 4.5918E-10 5.7926E-10 7.1647E-10 8.7302E-10 1.0433E-09 1.2331E-09 1.4421E-09 1.6661E-09 1.9035E-09 2.1624E-09 2.4406E-09 2.7346E-09 3.0480E-09 3.3786E-09 3.7267E-09 4.0835E-09 4.4550E-09 4.8360E-09 5.2292E-09 5.6259E-09 6.0288E-09 6.4410E-09 6.8559E-09 7.2772E-09 7.7015E-09 8.1188E-09 8.5261E-09 8.9220E-09 9.3033E-09 9.6670E-09 1.0009E-08 1.0326E-08 1.0615E-08
0.0000E+00 0.0000E+00 0.0000E+00 0.0000E+00 0.0000E+00 0.0000E+00 0.0000E+00 0.0000E+00 0.0000E+00 0.0000E+00 0.0000E+00 0.0000E+00 5.4911E-13 4.2526E-12 9.4769E-12 1.7353E-11 3.4536E-11 5.7292E-11 8.9765E-11 1.3327E-10 1.8512E-10 2.5263E-10 3.3545E-10 4.3553E-10 5.5725E-10 6.9913E-10 8.6128E-10 1.0420E-09 1.2411E-09 1.4569E-09 1.6908E-09 1.9366E-09 2.1998E-09 2.4817E-09 2.7789E-09 3.0895E-09 3.4170E-09 3.7594E-09 4.1129E-09 4.4809E-09 4.8578E-09 5.2418E-09 5.6310E-09 6.0218E-09 6.4170E-09 6.8131E-09 7.2077E-09 7.6044E-09 7.9974E-09 8.3904E-09 8.7757E-09 9.1450E-09 9.4946E-09 9.8213E-09 1.0127E-08 1.0405E-08 1.0652E-08
0.0000E+00 0.0000E+00 0.0000E+00 0.0000E+00 0.0000E+00 0.0000E+00 0.0000E+00 0.0000E+00 0.0000E+00 0.0000E+00 0.0000E+00 0.0000E+00 2.9769E-12 7.3887E-12 1.1932E-11 2.7008E-11 4.8829E-11 7.7501E-11 1.1981E-10 1.6984E-10 2.3508E-10 3.1557E-10 4.1139E-10 5.3089E-10 6.7071E-10 8.3626E-10 1.0240E-09 1.2306E-09 1.4602E-09 1.7079E-09 1.9660E-09 2.2379E-09 2.5264E-09 2.8305E-09 3.1479E-09 3.4799E-09 3.8228E-09 4.1758E-09 4.5386E-09 4.9070E-09 5.2847E-09 5.6644E-09 6.0500E-09 6.4353E-09 6.8159E-09 7.1955E-09 7.5728E-09 7.9435E-09 8.3060E-09 8.6613E-09 9.0071E-09 9.3389E-09 9.6557E-09 9.9479E-09 1.0215E-08 1.0453E-08 1.0659E-08
0.0000E+00 0.0000E+00 0.0000E+00 0.0000E+00 0.0000E+00 0.0000E+00 0.0000E+00 0.0000E+00 0.0000E+00 0.0000E+00 0.0000E+00 1.7502E-12 5.5870E-12 9.4009E-12 1.8648E-11 3.9782E-11 6.5910E-11 1.0389E-10 1.5484E-10 2.1512E-10 2.9326E-10 3.8757E-10 5.0450E-10 6.4363E-10 8.0746E-10 9.9897E-10 1.2170E-09 1.4564E-09 1.7198E-09 2.0003E-09 2.2886E-09 2.5885E-09 2.9010E-09 3.2310E-09 3.5695E-09 3.9172E-09 4.2739E-09 4.6355E-09 5.0044E-09 5.3742E-09 5.7471E-09 6.1225E-09 6.4959E-09 6.8676E-09 7.2326E-09 7.5902E-09 7.9405E-09 8.2823E-09 8.6155E-09 8.9329E-09 9.2362E-09 9.5260E-09 9.7917E-09 1.0041E-08 1.0266E-08 1.0463E-08 1.0630E-08
0.0000E+00 0.0000E+00 0.0000E+00 0.0000E+00 0.0000E+00 0.0000E+00 0.0000E+00 0.0000E+00 0.0000E+00 0.0000E+00 2.5529E-13 4.0399E-12 7.4429E-12 1.2042E-11 2.8443E-11 5.3495E-11 8.8027E-11 1.3717E-10 1.9593E-10 2.7136E-10 3.6589E-10 4.7792E-10 6.1816E-10 7.7971E-10 9.7052E-10 1.1876E-09 1.4352E-09 1.7117E-09 2.0092E-09 2.3222E-09 2.6454E-09 2.9773E-09 3.3215E-09 3.6734E-09 4.0347E-09 4.3988E-09 4.7704E-09 5.1395E-09 5.5088E-09 5.8776E-09 6.2430E-09 6.6057E-09 6.9618E-09 7.3127E-09 7.6588E-09 7.9916E-09 8.3116E-09 8.6214E-09 8.9162E-09 9.1967E-09 9.4589E-09 9.7010E-09 9.9203E-09 1.0116E-08 1.0286E-08 1.0433E-08 1.0550E-08
0.0000E+00 0.0000E+00 0.0000E+00 0.0000E+00 0.0000E+00 0.0000E+00 0.0000E+00 0.0000E+00 0.0000E+00 0.0000E+00 2.2485E-12 6.2605E-12 9.3539E-12 2.0051E-11 4.3091E-11 7.3554E-11 1.2220E-10 1.8207E-10 2.5439E-10 3.4707E-10 4.5742E-10 5.9397E-10 7.5425E-10 9.4344E-10 1.1674E-09 1.4173E-09 1.6971E-09 2.0137E-09 2.3450E-09 2.6936E-09 3.0563E-09 3.4246E-09 3.7994E-09 4.1770E-09 4.5604E-09 4.9441E-09 5.3236E-09 5.6970E-09 6.0633E-09 6.4245E-09 6.7759E-09 7.1202E-09 7.4564E-09 7.7820E-09 8.0964E-09 8.3955E-09 8.6830E-09 8.9526E-09 9.2071E-09 9.4431E-09 9.6596E-09 9.8554E-09 1.0028E-08 1.0172E-08 1.0290E-08 1.0379E-08 1.0445E-08
0.0000E+00 0.0000E+00 0.0000E+00 0.0000E+00 0.0000E+00 0.0000E+00 0.0000E+00 0.0000E+00 0.0000E+00 2.8393E-13 4.3486E-12 8.6887E-12 1.6442E-11 3.1696E-11 5.8085E-11 9.9156E-11 1.6174E-10 2.3578E-10 3.2903E-10 4.4372E-10 5.7983E-10 7.4434E-10 9.3303E-10 1.1565E-09 1.4107E-09 1.6920E-09 2.0071E-09 2.3556E-09 2.7278E-09 3.1191E-09 3.5195E-09 3.9259E-09 4.3296E-09 4.7370E-09 5.1405E-09 5.5370E-09 5.9223E-09 6.2967E-09 6.6595E-09 7.0093E-09 7.3433E-09 7.6625E-09 7.9700E-09 8.2613E-09 8.5385E-09 8.8041E-09 9.0472E-09 9.2750E-09 9.4820E-09 9.6718E-09 9.8395E-09 9.9846E-09 1.0106E-08 1.0201E-08 1.0265E-08 1.0305E-08 1.0313E-08
0.0000E+00 0.0000E+00 0.0000E+00 0.0000E+00 0.0000E+00 0.0000E+00 0.0000E+00 0.0000E+00 0.0000E+00 2.5382E-12 8.3611E-12 1.4056E-11 2.5249E-11 4.4661E-11 8.3018E-11 1.4278E-10 2.2129E-10 3.1939E-10 4.4200E-10 5.8244E-10 7.4840E-10 9.4269E-10 1.1687E-09 1.4301E-09 1.7205E-09 2.0408E-09 2.3911E-09 2.7661E-09 3.1737E-09 3.5997E-09 4.0384E-09 4.4805E-09 4.9185E-09 5.3528E-09 5.7741E-09 6.1819E-09 6.5765E-09 6.9517E-09 7.3047E-09 7.6326E-09 7.9399E-09 8.2302E-09 8.5011E-09 8.7558E-09 8.9883E-09 9.2064E-09 9.4062E-09 9.5841E-09 9.7403E-09 9.8763E-09 9.9931E-09 1.0084E-08 1.0152E-08 1.0194E-08 1.0211E-08 1.0196E-08 1.0156E-08
0.0000E+00 0.0000E+00 0.0000E+00 0.0000E+00 0.0000E+00 0.0000E+00 0.0000E+00 0.0000E+00 9.1167E-13 6.5163E-12 1.3333E-11 2.1171E-11 4.0378E-11 7.2965E-11 1.2941E-10 2.0941E-10 3.0819E-10 4.3129E-10 5.7987E-10 7.5224E-10 9.5364E-10 1.1850E-09 1.4493E-09 1.7490E-09 2.0776E-09 2.4449E-09 2.8394E-09 3.2605E-09 3.7074E-09 4.1711E-09 4.6416E-09 5.1137E-09 5.5777E-09 6.0325E-09 6.4716E-09 6.8885E-09 7.2821E-09 7.6488E-09 7.9823E-09 8.2931E-09 8.5714E-09 8.8209E-09 9.0486E-09 9.2546E-09 9.4399E-09 9.6022E-09 9.7498E-09 9.8746E-09 9.9783E-09 1.0056E-08 1.0115E-08 1.0153E-08 1.0165E-08 1.0155E-08 1.0117E-08 1.0054E-08 9.9637E-09
0.0000E+00 0.0000E+00 0.0000E+00 0.0000E+00 0.0000E+00 0.0000E+00 0.0000E+00 9.4396E-13 3.8796E-12 1.1429E-11 1.9589E-11 3.8994E-11 7.0212E-11 1.1953E-10 1.9284E-10 2.8699E-10 4.1185E-10 5.6989E-10 7.5633E-10 9.7784E-10 1.2279E-09 1.5097E-09 1.8249E-09 2.1686E-09 2.5457E-09 2.9543E-09 3.3869E-09 3.8448E-09 4.3268E-09 4.8305E-09 5.3422E-09 5.8381E-09 6.3197E-09 6.7861E-09 7.2340E-09 7.6548E-09 8.0393E-09 8.3901E-09 8.7068E-09 8.9825E-09 9.2247E-09 9.4310E-09 9.6066E-09 9.7592E-09 9.8845E-09 9.9910E-09 1.0074E-08 1.0142E-08 1.0185E-08 1.0209E-08 1.0206E-08 1.0185E-08 1.0143E-08 1.0078E-08 9.9902E-09 9.8748E-09 9.7369E-09
0.0000E+00 0.0000E+00 0.0000E+00 0.0000E+00 0.0000E+00 0.0000E+00 6.6975E-13 3.0140E-12 7.5974E-12 1.8024E-11 3.6244E-11 6.9522E-11 1.1376E-10 1.8088E-10 2.7225E-10 3.9854E-10 5.6602E-10 7.7230E-10 1.0123E-09 1.2929E-09 1.6033E-09 1.9420E-09 2.3101E-09 2.7057E-09 3.1330E-09 3.5839E-09 4.0588E-09 4.5540E-09 5.0679E-09 5.5989E-09 6.1300E-09 6.6508E-09 7.1521E-09 7.6154E-09 8.0633E-09 8.4734E-09 8.8451E-09 9.1743E-09 9.4594E-09 9.7007E-09 9.8945E-09 1.0053E-08 1.0171E-08 1.0258E-08 1.0324E-08 1.0359E-08 1.0381E-08 1.0379E-08 1.0363E-08 1.0323E-08 1.0263E-08 1.0182E-08 1.0082E-08 9.9637E-09 9.8256E-09 9.6612E-09 9.4803E-09
0.0000E+00 0.0000E+00 0.0000E+00 0.0000E+00 0.0000E+00 6.9557E-14 2.5550E-12 5.2642E-12 1.3586E-11 3.2904E-11 6.5646E-11 1.0967E-10 1.7274E-10 2.6641E-10 3.9025E-10 5.5868E-10 7.7414E-10 1.0300E-09 1.3349E-09 1.6821E-09 2.0664E-09 2.4813E-09 2.9185E-09 3.3753E-09 3.8550E-09 4.3482E-09 4.8589E-09 5.3940E-09 5.9393E-09 6.4939E-09 7.0426E-09 7.5734E-09 8.0743E-09 8.5333E-09 8.9589E-09 9.3508E-09 9.6941E-09 9.9924E-09 1.0238E-08 1.0430E-08 1.0579E-08 1.0675E-08 1.0733E-08 1.0751E-08 1.0742E-08 1.0713E-08 1.0658E-08 1.0590E-08 1.0502E-08 1.0402E-08 1.0280E-08 1.0141E-08 9.9838E-09 9.8117E-09 9.6227E-09 9.4145E-09 9.1902E-09
0.0000E+00 0.0000E+00 0.0000E+00 0.0000E+00 0.0000E+00 1.7354E-12 4.7319E-12 7.6173E-12 2.7182E-11 5.7981E-11 1.0115E-10 1.6196E-10 2.5801E-10 3.8529E-10 5.5309E-10 7.6622E-10 1.0414E-09 1.3753E-09 1.7708E-09 2.2143E-09 2.6973E-09 3.2070E-09 3.7278E-09 4.2582E-09 4.7902E-09 5.3310E-09 5.8718E-09 6.4203E-09 6.9755E-09 7.5353E-09 8.0837E-09 8.6061E-09 9.0945E-09 9.5317E-09 9.9199E-09 1.0278E-08 1.0586E-08 1.0834E-08 1.1034E-08 1.1173E-08 1.1255E-08 1.1291E-08 1.1277E-08 1.1227E-08 1.1142E-08 1.1032E-08 1.0907E-08 1.0761E-08 1.0604E-08 1.0436E-08 1.0253E-08 1.0056E-08 9.8480E-09 9.6221E-09 9.3861E-09 9.1314E-09 8.8694E-09
0.0000E+00 0.0000E+00 0.0000E+00 0.0000E+00 5.5604E-13 3.5787E-12 6.3379E-12 1.7498E-11 4.7945E-11 8.6654E-11 1.4864E-10 2.3879E-10 3.7175E-10 5.3941E-10 7.6382E-10 1.0482E-09 1.4067E-09 1.8460E-09 2.3547E-09 2.9134E-09 3.5141E-09 4.1353E-09 4.7562E-09 5.3624E-09 5.9520E-09 6.5247E-09 7.0947E-09 7.6518E-09 8.2082E-09 8.7477E-09 9.2717E-09 9.7706E-09 1.0218E-08 1.0612E-08 1.0943E-08 1.1253E-08 1.1502E-08 1.1704E-08 1.1833E-08 1.1911E-08 1.1921E-08 1.1884E-08 1.1799E-08 1.1669E-08 1.1507E-08 1.1319E-08 1.1110E-08 1.0892E-08 1.0663E-08 1.0425E-08 1.0183E-08 9.9304E-09 9.6679E-09 9.3975E-09 9.1145E-09 8.8165E-09 8.5217E-09
0.0000E+00 0.0000E+00 0.0000E+00 0.0000E+00 2.0752E-12 5.2861E-12 9.2276E-12 3.1790E-11 7.0747E-11 1.2462E-10 2.1200E-10 3.3832E-10 5.1110E-10 7.3656E-10 1.0424E-09 1.4220E-09 1.8901E-09 2.4450E-09 3.0900E-09 3.7989E-09 4.5538E-09 5.3205E-09 6.0675E-09 6.7725E-09 7.4230E-09 8.0293E-09 8.6051E-09 9.1433E-09 9.6573E-09 1.0150E-08 1.0630E-08 1.1071E-08 1.1457E-08 1.1781E-08 1.2035E-08 1.2260E-08 1.2447E-08 1.2564E-08 1.2632E-08 1.2621E-08 1.2566E-08 1.2446E-08 1.2280E-08 1.2071E-08 1.1827E-08 1.1557E-08 1.1273E-08 1.0977E-08 1.0677E-08 1.0370E-08 1.0065E-08 9.7570E-09 9.4454E-09 9.1319E-09 8.8097E-09 8.4746E-09 8.1461E-09
0.0000E+00 0.0000E+00 0.0000E+00 0.0000E+00 3.6788E-12 6.6297E-12 1.8847E-11 5.1421E-11 9.7775E-11 1.7569E-10 2.9229E-10 4.5611E-10 6.8166E-10 9.9240E-10 1.3915E-09 1.8913E-09 2.4960E-09 3.2084E-09 4.0338E-09 4.9459E-09 5.9002E-09 6.8487E-09 7.7457E-09 8.5649E-09 9.2890E-09 9.9158E-09 1.0465E-08 1.0947E-08 1.1393E-08 1.1790E-08 1.2162E-08 1.2510E-08 1.2803E-08 1.3029E-08 1.3179E-08 1.3318E-08 1.3390E-08 1.3424E-08 1.3398E-08 1.3309E-08 1.3161E-08 1.2964E-08 1.2712E-08 1.2419E-08 1.2091E-08 1.1744E-08 1.1381E-08 1.1008E-08 1.0638E-08 1.0267E-08 9.9039E-09 9.5430E-09 9.1824E-09 8.8283E-09 8.4715E-09 8.1056E-09 7.7512E-09
0.0000E+00 0.0000E+00 0.0000E+00 0.0000E+00 5.0798E-12 8.0872E-12 3.0232E-11 6.9449E-11 1.3296E-10 2.3707E-10 3.8169E-10 5.9611E-10 8.9483E-10 1.2990E-09 1.8125E-09 2.4602E-09 3.2486E-09 4.1726E-09 5.2179E-09 6.3622E-09 7.5583E-09 8.7252E-09 9.8073E-09 1.0764E-08 1.1556E-08 1.2188E-08 1.2690E-08 1.3096E-08 1.3405E-08 1.3670E-08 1.3901E-08 1.4096E-08 1.4255E-08 1.4343E-08 1.4370E-08 1.4376E-08 1.4340E-08 1.4264E-08 1.4129E-08 1.3947E-08 1.3707E-08 1.3414E-08 1.3071E-08 1.2702E-08 1.2297E-08 1.1867E-08 1.1424E-08 1.0987E-08 1.0545E-08 1.0119E-08 9.6958E-09 9.2842E-09 8.8827E-09 8.4889E-09 8.1020E-09 7.7105E-09 7.3368E-09
