Assets/Resources/2015_m01_d04_1600(utc+0800)_l00_csi_1hr_conc.grd
DSAA
         159         159
     -79.000      79.000
     -79.000      79.000
  0.2028E-09  0.5904E-05
[rows 75 to 99 of 159, columns 57 to 113 of 159]
7.8099E-09 1.0728E-08 1.1354E-08 9.8531E-09 8.7926E-09 8.6400E-09 7.7575E-09 7.8876E-09 7.8074E-09 9.4841E-09 1.0025E-08 1.3205E-08 1.0671E-08 1.0120E-08 7.6695E-09 1.5676E-08 2.8477E-07 1.4356E-06 1.2119E-06 1.0609E-07 2.3418E-09 2.3152E-09 2.2830E-09 2.2483E-09 2.2207E-09 2.1998E-09 2.1783E-09 2.1556E-09 2.1325E-09 2.1092E-09 2.0851E-09 2.0604E-09 2.0356E-09 2.0105E-09 1.9847E-09 1.9588E-09 1.9326E-09 1.9062E-09 1.8795E-09 1.8491E-09 1.8226E-09 1.7926E-09 1.7659E-09 1.7391E-09 1.7121E-09 1.6848E-09 1.6575E-09 1.6300E-09 1.6003E-09 1.5707E-09 1.5434E-09 1.5159E-09 1.4883E-09 1.4606E-09 1.4328E-09 1.4050E-09 1.3772E-09
6.0102E-09 7.9878E-09 7.3210E-09 6.7576E-09 5.8698E-09 5.2192E-09 4.4493E-09 4.1681E-09 3.6564E-09 3.8693E-09 3.6239E-09 4.1201E-09 4.9701E-09 4.5948E-09 3.9604E-09 3.3026E-09 2.8191E-09 6.5603E-08 1.2283E-06 1.9294E-06 1.7172E-07 2.3110E-09 2.2838E-09 2.2514E-09 2.2322E-09 2.2118E-09 2.1906E-09 2.1690E-09 2.1469E-09 2.1237E-09 2.1002E-09 2.0764E-09 2.0520E-09 2.0271E-09 2.0019E-09 1.9765E-09 1.9505E-09 1.9243E-09 1.8979E-09 1.8680E-09 1.8382E-09 1.8118E-09 1.7852E-09 1.7583E-09 1.7311E-09 1.7038E-09 1.6763E-09 1.6485E-09 1.6187E-09 1.5890E-09 1.5612E-09 1.5334E-09 1.5054E-09 1.4772E-09 1.4490E-09 1.4207E-09 1.3923E-09
4.6563E-09 5.1568E-09 4.7250E-09 4.5297E-09 4.0145E-09 3.5602E-09 3.2410E-09 3.0311E-09 3.0037E-09 2.8875E-09 2.9444E-09 2.8197E-09 2.8859E-09 2.7421E-09 2.8463E-09 2.6609E-09 2.5172E-09 2.4241E-09 2.4002E-09 4.7856E-07 3.0590E-06 5.8073E-07 2.2860E-09 2.2620E-09 2.2429E-09 2.2234E-09 2.2034E-09 2.1822E-09 2.1605E-09 2.1383E-09 2.1156E-09 2.0920E-09 2.0681E-09 2.0439E-09 2.0191E-09 1.9938E-09 1.9683E-09 1.9425E-09 1.9129E-09 1.8834E-09 1.8574E-09 1.8310E-09 1.8043E-09 1.7774E-09 1.7502E-09 1.7226E-09 1.6949E-09 1.6650E-09 1.6350E-09 1.6071E-09 1.5790E-09 1.5507E-09 1.5223E-09 1.4938E-09 1.4650E-09 1.4363E-09 1.4076E-09
3.9266E-09 3.8859E-09 3.6743E-09 3.4304E-09 3.1088E-09 2.8941E-09 2.7731E-09 2.7129E-09 2.6874E-09 2.6305E-09 2.5965E-09 2.5399E-09 2.5276E-09 2.4941E-09 2.4773E-09 2.4618E-09 2.4302E-09 2.4082E-09 2.3845E-09 2.3668E-09 2.3340E-09 5.9037E-06 2.2915E-09 2.2716E-09 2.2540E-09 2.2353E-09 2.2155E-09 2.1953E-09 2.1746E-09 2.1528E-09 2.1305E-09 2.1077E-09 2.0844E-09 2.0604E-09 2.0360E-09 2.0114E-09 1.9861E-09 1.9570E-09 1.9315E-09 1.9025E-09 1.8764E-09 1.8500E-09 1.8234E-09 1.7964E-09 1.7690E-09 1.7414E-09 1.7114E-09 1.6834E-09 1.6533E-09 1.6251E-09 1.5966E-09 1.5680E-09 1.5391E-09 1.5101E-09 1.4810E-09 1.4518E-09 1.4209E-09
2.9395E-09 2.8976E-09 2.8223E-09 2.7675E-09 2.7214E-09 2.6817E-09 2.6653E-09 2.6258E-09 2.5967E-09 2.5576E-09 2.5249E-09 2.5107E-09 2.4935E-09 2.4792E-09 2.4579E-09 2.4400E-09 2.4225E-09 2.4006E-09 2.3853E-09 2.3547E-09 2.3340E-09 2.3129E-09 2.2978E-09 2.2820E-09 2.2646E-09 2.2466E-09 2.2281E-09 2.2086E-09 2.1881E-09 2.1672E-09 2.1458E-09 2.1233E-09 2.1004E-09 2.0771E-09 2.0532E-09 2.0286E-09 2.0002E-09 1.9755E-09 1.9468E-09 1.9212E-09 1.8954E-09 1.8691E-09 1.8423E-09 1.8152E-09 1.7879E-09 1.7600E-09 1.7299E-09 1.6997E-09 1.6714E-09 1.6429E-09 1.6141E-09 1.5850E-09 1.5557E-09 1.5263E-09 1.4967E-09 1.4671E-09 1.4359E-09
2.7635E-09 2.7184E-09 2.6817E-09 2.6724E-09 2.6443E-09 2.6189E-09 2.5943E-09 2.5736E-09 2.5443E-09 2.5178E-09 2.5073E-09 2.4935E-09 2.4814E-09 2.4631E-09 2.4481E-09 2.4327E-09 2.4133E-09 2.4006E-09 2.3724E-09 2.3531E-09 2.3343E-09 2.3213E-09 2.3070E-09 2.2915E-09 2.2754E-09 2.2586E-09 2.2402E-09 2.2214E-09 2.2020E-09 2.1816E-09 2.1605E-09 2.1388E-09 2.1167E-09 2.0935E-09 2.0699E-09 2.0460E-09 2.0183E-09 1.9902E-09 1.9654E-09 1.9402E-09 1.9142E-09 1.8878E-09 1.8612E-09 1.8340E-09 1.8064E-09 1.7764E-09 1.7462E-09 1.7180E-09 1.6894E-09 1.6605E-09 1.6313E-09 1.6018E-09 1.5721E-09 1.5423E-09 1.5123E-09 1.4807E-09 1.4491E-09
2.6457E-09 2.6276E-09 2.6093E-09 2.5910E-09 2.5735E-09 2.5614E-09 2.5523E-09 2.5293E-09 2.5208E-09 2.5002E-09 2.4888E-09 2.4799E-09 2.4648E-09 2.4526E-09 2.4394E-09 2.4228E-09 2.4128E-09 2.3863E-09 2.3694E-09 2.3529E-09 2.3420E-09 2.3292E-09 2.3158E-09 2.3017E-09 2.2862E-09 2.2697E-09 2.2525E-09 2.2347E-09 2.2155E-09 2.1958E-09 2.1756E-09 2.1543E-09 2.1324E-09 2.1100E-09 2.0871E-09 2.0600E-09 2.0327E-09 2.0087E-09 1.9840E-09 1.9586E-09 1.9329E-09 1.9068E-09 1.8798E-09 1.8525E-09 1.8228E-09 1.7948E-09 1.7646E-09 1.7361E-09 1.7072E-09 1.6779E-09 1.6483E-09 1.6184E-09 1.5883E-09 1.5581E-09 1.5260E-09 1.4957E-09 1.4638E-09
2.5762E-09 2.5615E-09 2.5492E-09 2.5414E-09 2.5362E-09 2.5306E-09 2.5115E-09 2.5065E-09 2.4891E-09 2.4804E-09 2.4749E-09 2.4629E-09 2.4529E-09 2.4427E-09 2.4290E-09 2.4149E-09 2.3971E-09 2.3827E-09 2.3686E-09 2.3592E-09 2.3488E-09 2.3375E-09 2.3252E-09 2.3113E-09 2.2967E-09 2.2815E-09 2.2648E-09 2.2473E-09 2.2292E-09 2.2103E-09 2.1903E-09 2.1696E-09 2.1485E-09 2.1264E-09 2.1003E-09 2.0741E-09 2.0510E-09 2.0269E-09 2.0023E-09 1.9773E-09 1.9515E-09 1.9251E-09 1.8984E-09 1.8711E-09 1.8412E-09 1.8111E-09 1.7828E-09 1.7539E-09 1.7246E-09 1.6949E-09 1.6650E-09 1.6347E-09 1.6043E-09 1.5737E-09 1.5413E-09 1.5090E-09 1.4784E-09
2.5087E-09 2.5088E-09 2.5086E-09 2.5077E-09 2.5054E-09 2.4901E-09 2.4751E-09 2.4738E-09 2.4686E-09 2.4630E-09 2.4571E-09 2.4466E-09 2.4426E-09 2.4319E-09 2.4198E-09 2.4048E-09 2.3931E-09 2.3810E-09 2.3736E-09 2.3655E-09 2.3565E-09 2.3456E-09 2.3339E-09 2.3213E-09 2.3077E-09 2.2927E-09 2.2769E-09 2.2606E-09 2.2428E-09 2.2243E-09 2.2052E-09 2.1852E-09 2.1642E-09 2.1394E-09 2.1142E-09 2.0918E-09 2.0687E-09 2.0451E-09 2.0208E-09 1.9955E-09 1.9698E-09 1.9437E-09 1.9167E-09 1.8872E-09 1.8574E-09 1.8293E-09 1.8005E-09 1.7713E-09 1.7418E-09 1.7118E-09 1.6814E-09 1.6508E-09 1.6200E-09 1.5872E-09 1.5546E-09 1.5237E-09 1.4927E-09
2.4698E-09 2.4734E-09 2.4755E-09 2.4769E-09 2.4654E-09 2.4536E-09 2.4520E-09 2.4535E-09 2.4480E-09 2.4476E-09 2.4403E-09 2.4393E-09 2.4309E-09 2.4215E-09 2.4095E-09 2.3941E-09 2.3901E-09 2.3852E-09 2.3794E-09 2.3722E-09 2.3634E-09 2.3538E-09 2.3434E-09 2.3311E-09 2.3181E-09 2.3043E-09 2.2894E-09 2.2732E-09 2.2563E-09 2.2388E-09 2.2199E-09 2.2003E-09 2.1768E-09 2.1527E-09 2.1313E-09 2.1093E-09 2.0868E-09 2.0630E-09 2.0387E-09 2.0138E-09 1.9882E-09 1.9618E-09 1.9328E-09 1.9034E-09 1.8754E-09 1.8469E-09 1.8179E-09 1.7885E-09 1.7585E-09 1.7281E-09 1.6975E-09 1.6665E-09 1.6353E-09 1.6024E-09 1.5694E-09 1.5381E-09 1.5068E-09
2.4349E-09 2.4404E-09 2.4454E-09 2.4378E-09 2.4288E-09 2.4306E-09 2.4353E-09 2.4324E-09 2.4350E-09 2.4309E-09 2.4328E-09 2.4265E-09 2.4108E-09 2.4111E-09 2.3979E-09 2.3964E-09 2.3939E-09 2.3905E-09 2.3848E-09 2.3784E-09 2.3710E-09 2.3622E-09 2.3520E-09 2.3410E-09 2.3292E-09 2.3156E-09 2.3013E-09 2.2862E-09 2.2700E-09 2.2526E-09 2.2346E-09 2.2127E-09 2.1894E-09 2.1693E-09 2.1486E-09 2.1269E-09 2.1041E-09 2.0808E-09 2.0569E-09 2.0318E-09 2.0061E-09 1.9778E-09 1.9508E-09 1.9211E-09 1.8929E-09 1.8644E-09 1.8350E-09 1.8051E-09 1.7749E-09 1.7443E-09 1.7132E-09 1.6820E-09 1.6488E-09 1.6156E-09 1.5840E-09 1.5523E-09 1.5206E-09
2.4028E-09 2.3981E-09 2.4067E-09 2.4012E-09 2.4064E-09 2.4108E-09 2.4138E-09 2.4130E-09 2.4185E-09 2.4161E-09 2.4129E-09 2.4068E-09 2.4034E-09 2.3987E-09 2.3997E-09 2.3997E-09 2.3979E-09 2.3947E-09 2.3906E-09 2.3854E-09 2.3782E-09 2.3702E-09 2.3614E-09 2.3510E-09 2.3394E-09 2.3271E-09 2.3139E-09 2.2989E-09 2.2833E-09 2.2670E-09 2.2462E-09 2.2244E-09 2.2058E-09 2.1864E-09 2.1655E-09 2.1439E-09 2.1218E-09 2.0985E-09 2.0744E-09 2.0496E-09 2.0242E-09 1.9953E-09 1.9661E-09 1.9385E-09 1.9102E-09 1.8811E-09 1.8515E-09 1.8216E-09 1.7909E-09 1.7599E-09 1.7287E-09 1.6954E-09 1.6619E-09 1.6302E-09 1.5983E-09 1.5662E-09 1.5340E-09
2.3620E-09 2.3732E-09 2.3681E-09 2.3796E-09 2.3832E-09 2.3925E-09 2.3949E-09 2.4029E-09 2.4030E-09 2.3968E-09 2.4000E-09 2.3923E-09 2.3967E-09 2.4002E-09 2.4023E-09 2.4025E-09 2.4017E-09 2.4000E-09 2.3964E-09 2.3915E-09 2.3858E-09 2.3789E-09 2.3703E-09 2.3608E-09 2.3505E-09 2.3386E-09 2.3256E-09 2.3118E-09 2.2971E-09 2.2776E-09 2.2575E-09 2.2405E-09 2.2220E-09 2.2025E-09 2.1824E-09 2.1613E-09 2.1389E-09 2.1159E-09 2.0921E-09 2.0670E-09 2.0389E-09 2.0104E-09 1.9836E-09 1.9554E-09 1.9267E-09 1.8976E-09 1.8678E-09 1.8373E-09 1.8065E-09 1.7753E-09 1.7436E-09 1.7101E-09 1.6765E-09 1.6444E-09 1.6121E-09 1.5797E-09 1.5472E-09
2.3211E-09 2.3362E-09 2.3469E-09 2.3565E-09 2.3623E-09 2.3742E-09 2.3779E-09 2.3811E-09 2.3813E-09 2.3837E-09 2.3851E-09 2.3920E-09 2.3979E-09 2.4016E-09 2.4042E-09 2.4059E-09 2.4061E-09 2.4046E-09 2.4020E-09 2.3987E-09 2.3933E-09 2.3869E-09 2.3796E-09 2.3711E-09 2.3609E-09 2.3499E-09 2.3381E-09 2.3212E-09 2.3070E-09 2.2887E-09 2.2731E-09 2.2558E-09 2.2379E-09 2.2192E-09 2.1990E-09 2.1779E-09 2.1561E-09 2.1332E-09 2.1087E-09 2.0815E-09 2.0539E-09 2.0273E-09 1.9997E-09 1.9717E-09 1.9431E-09 1.9134E-09 1.8833E-09 1.8528E-09 1.8217E-09 1.7901E-09 1.7565E-09 1.7229E-09 1.6907E-09 1.6582E-09 1.6256E-09 1.5929E-09 1.5599E-09
2.2991E-09 2.3122E-09 2.3245E-09 2.3366E-09 2.3474E-09 2.3507E-09 2.3542E-09 2.3602E-09 2.3649E-09 2.3752E-09 2.3844E-09 2.3922E-09 2.3982E-09 2.4032E-09 2.4073E-09 2.4091E-09 2.4099E-09 2.4098E-09 2.4082E-09 2.4050E-09 2.4008E-09 2.3958E-09 2.3887E-09 2.3806E-09 2.3718E-09 2.3616E-09 2.3464E-09 2.3342E-09 2.3179E-09 2.3033E-09 2.2878E-09 2.2715E-09 2.2539E-09 2.2351E-09 2.2154E-09 2.1949E-09 2.1724E-09 2.1491E-09 2.1230E-09 2.0961E-09 2.0700E-09 2.0433E-09 2.0160E-09 1.9876E-09 1.9584E-09 1.9288E-09 1.8986E-09 1.8676E-09 1.8362E-09 1.8028E-09 1.7692E-09 1.7369E-09 1.7044E-09 1.6717E-09 1.6387E-09 1.6055E-09 1.5708E-09
2.2758E-09 2.2910E-09 2.3056E-09 2.3059E-09 2.3221E-09 2.3345E-09 2.3365E-09 2.3501E-09 2.3627E-09 2.3743E-09 2.3836E-09 2.3920E-09 2.3994E-09 2.4051E-09 2.4093E-09 2.4125E-09 2.4148E-09 2.4148E-09 2.4139E-09 2.4120E-09 2.4086E-09 2.4037E-09 2.3978E-09 2.3911E-09 2.3823E-09 2.3693E-09 2.3591E-09 2.3442E-09 2.3314E-09 2.3177E-09 2.3031E-09 2.2866E-09 2.2694E-09 2.2512E-09 2.2315E-09 2.2101E-09 2.1880E-09 2.1632E-09 2.1367E-09 2.1115E-09 2.0858E-09 2.0592E-09 2.0311E-09 2.0026E-09 1.9736E-09 1.9437E-09 1.9130E-09 1.8819E-09 1.8488E-09 1.8168E-09 1.7829E-09 1.7505E-09 1.7177E-09 1.6846E-09 1.6513E-09 1.6163E-09 1.5828E-09
2.2559E-09 2.2601E-09 2.2761E-09 2.2884E-09 2.3005E-09 2.3171E-09 2.3329E-09 2.3477E-09 2.3607E-09 2.3724E-09 2.3831E-09 2.3928E-09 2.4002E-09 2.4068E-09 2.4124E-09 2.4162E-09 2.4186E-09 2.4200E-09 2.4204E-09 2.4187E-09 2.4160E-09 2.4124E-09 2.4072E-09 2.3971E-09 2.3898E-09 2.3782E-09 2.3681E-09 2.3572E-09 2.3455E-09 2.3320E-09 2.3173E-09 2.3018E-09 2.2852E-09 2.2661E-09 2.2462E-09 2.2254E-09 2.2014E-09 2.1758E-09 2.1518E-09 2.1271E-09 2.1008E-09 2.0737E-09 2.0460E-09 2.0176E-09 1.9878E-09 1.9577E-09 1.9271E-09 1.8942E-09 1.8623E-09 1.8286E-09 1.7964E-09 1.7635E-09 1.7304E-09 1.6972E-09 1.6635E-09 1.6282E-09 1.5930E-09
2.2265E-09 2.2355E-09 2.2570E-09 2.2768E-09 2.2955E-09 2.3133E-09 2.3300E-09 2.3448E-09 2.3587E-09 2.3717E-09 2.3828E-09 2.3927E-09 2.4016E-09 2.4092E-09 2.4149E-09 2.4196E-09 2.4235E-09 2.4254E-09 2.4259E-09 2.4256E-09 2.4241E-09 2.4205E-09 2.4128E-09 2.4078E-09 2.3976E-09 2.3896E-09 2.3808E-09 2.3707E-09 2.3588E-09 2.3459E-09 2.3321E-09 2.3162E-09 2.2987E-09 2.2804E-09 2.2612E-09 2.2377E-09 2.2134E-09 2.1907E-09 2.1667E-09 2.1412E-09 2.1150E-09 2.0882E-09 2.0601E-09 2.0311E-09 2.0016E-09 1.9716E-09 1.9405E-09 1.9073E-09 1.8740E-09 1.8417E-09 1.8090E-09 1.7761E-09 1.7428E-09 1.7090E-09 1.6737E-09 1.6382E-09 1.6040E-09
2.2070E-09 2.2298E-09 2.2512E-09 2.2719E-09 2.2917E-09 2.3096E-09 2.3266E-09 2.3426E-09 2.3574E-09 2.3704E-09 2.3825E-09 2.3937E-09 2.4029E-09 2.4109E-09 2.4180E-09 2.4237E-09 2.4276E-09 2.4305E-09 2.4325E-09 2.4325E-09 2.4279E-09 2.4260E-09 2.4193E-09 2.4144E-09 2.4086E-09 2.4019E-09 2.3931E-09 2.3832E-09 2.3723E-09 2.3599E-09 2.3451E-09 2.3293E-09 2.3127E-09 2.2920E-09 2.2721E-09 2.2493E-09 2.2280E-09 2.2044E-09 2.1801E-09 2.1550E-09 2.1289E-09 2.1014E-09 2.0733E-09 2.0446E-09 2.0148E-09 1.9842E-09 1.9516E-09 1.9186E-09 1.8865E-09 1.8542E-09 1.8215E-09 1.7880E-09 1.7544E-09 1.7190E-09 1.6833E-09 1.6488E-09 1.6137E-09
2.2007E-09 2.2239E-09 2.2463E-09 2.2674E-09 2.2872E-09 2.3061E-09 2.3243E-09 2.3404E-09 2.3556E-09 2.3699E-09 2.3827E-09 2.3940E-09 2.4042E-09 2.4137E-09 2.4209E-09 2.4271E-09 2.4323E-09 2.4362E-09 2.4347E-09 2.4360E-09 2.4330E-09 2.4314E-09 2.4287E-09 2.4251E-09 2.4199E-09 2.4130E-09 2.4052E-09 2.3962E-09 2.3846E-09 2.3717E-09 2.3578E-09 2.3426E-09 2.3229E-09 2.3046E-09 2.2834E-09 2.2627E-09 2.2404E-09 2.2174E-09 2.1936E-09 2.1679E-09 2.1414E-09 2.1143E-09 2.0863E-09 2.0569E-09 2.0271E-09 1.9951E-09 1.9622E-09 1.9307E-09 1.8987E-09 1.8661E-09 1.8329E-09 1.7995E-09 1.7641E-09 1.7297E-09 1.6933E-09 1.6580E-09 1.6221E-09
2.1948E-09 2.2189E-09 2.2411E-09 2.2627E-09 2.2836E-09 2.3030E-09 2.3211E-09 2.3383E-09 2.3548E-09 2.3691E-09 2.3825E-09 2.3950E-09 2.4060E-09 2.4154E-09 2.4239E-09 2.4315E-09 2.4333E-09 2.4379E-09 2.4415E-09 2.4402E-09 2.4407E-09 2.4403E-09 2.4389E-09 2.4351E-09 2.4304E-09 2.4246E-09 2.4169E-09 2.4069E-09 2.3959E-09 2.3840E-09 2.3695E-09 2.3516E-09 2.3350E-09 2.3153E-09 2.2953E-09 2.2746E-09 2.2530E-09 2.2298E-09 2.2053E-09 2.1799E-09 2.1539E-09 2.1262E-09 2.0978E-09 2.0688E-09 2.0373E-09 2.0049E-09 1.9740E-09 1.9425E-09 1.9100E-09 1.8773E-09 1.8441E-09 1.8102E-09 1.7741E-09 1.7376E-09 1.7019E-09 1.6660E-09 1.6299E-09
2.1892E-09 2.2131E-09 2.2364E-09 2.2589E-09 2.2797E-09 2.2997E-09 2.3189E-09 2.3366E-09 2.3530E-09 2.3685E-09 2.3831E-09 2.3957E-09 2.4073E-09 2.4181E-09 2.4237E-09 2.4315E-09 2.4383E-09 2.4409E-09 2.4446E-09 2.4474E-09 2.4493E-09 2.4492E-09 2.4477E-09 2.4452E-09 2.4415E-09 2.4346E-09 2.4267E-09 2.4177E-09 2.4070E-09 2.3918E-09 2.3780E-09 2.3612E-09 2.3443E-09 2.3260E-09 2.3068E-09 2.2866E-09 2.2641E-09 2.2409E-09 2.2168E-09 2.1915E-09 2.1647E-09 2.1373E-09 2.1093E-09 2.0782E-09 2.0466E-09 2.0164E-09 1.9851E-09 1.9532E-09 1.9209E-09 1.8879E-09 1.8540E-09 1.8180E-09 1.7813E-09 1.7456E-09 1.7097E-09 1.6736E-09 1.6356E-09
2.1835E-09 2.2084E-09 2.2318E-09 2.2544E-09 2.2762E-09 2.2970E-09 2.3162E-09 2.3346E-09 2.3522E-09 2.3681E-09 2.3828E-09 2.3931E-09 2.4061E-09 2.4169E-09 2.4235E-09 2.4328E-09 2.4402E-09 2.4462E-09 2.4513E-09 2.4551E-09 2.4568E-09 2.4576E-09 2.4572E-09 2.4544E-09 2.4496E-09 2.4438E-09 2.4370E-09 2.4270E-09 2.4140E-09 2.4021E-09 2.3866E-09 2.3709E-09 2.3544E-09 2.3369E-09 2.3173E-09 2.2964E-09 2.2746E-09 2.2520E-09 2.2271E-09 2.2016E-09 2.1754E-09 2.1478E-09 2.1177E-09 2.0871E-09 2.0574E-09 2.0266E-09 1.9954E-09 1.9636E-09 1.9307E-09 1.8971E-09 1.8611E-09 1.8243E-09 1.7888E-09 1.7530E-09 1.7168E-09 1.6788E-09 1.6421E-09
2.1784E-09 2.2031E-09 2.2273E-09 2.2508E-09 2.2727E-09 2.2937E-09 2.3140E-09 2.3332E-09 2.3508E-09 2.3642E-09 2.3803E-09 2.3945E-09 2.4042E-09 2.4166E-09 2.4277E-09 2.4369E-09 2.4452E-09 2.4525E-09 2.4577E-09 2.4617E-09 2.4647E-09 2.4660E-09 2.4645E-09 2.4620E-09 2.4584E-09 2.4524E-09 2.4423E-09 2.4335E-09 2.4216E-09 2.4089E-09 2.3952E-09 2.3805E-09 2.3643E-09 2.3459E-09 2.3266E-09 2.3064E-09 2.2843E-09 2.2608E-09 2.2367E-09 2.2115E-09 2.1847E-09 2.1557E-09 2.1261E-09 2.0968E-09 2.0670E-09 2.0365E-09 2.0050E-09 1.9725E-09 1.9391E-09 1.9032E-09 1.8667E-09 1.8315E-09 1.7959E-09 1.7596E-09 1.7230E-09 1.6849E-09 1.6464E-09
2.1728E-09 2.1985E-09 2.2231E-09 2.2465E-09 2.2693E-09 2.2880E-09 2.3084E-09 2.3280E-09 2.3469E-09 2.3611E-09 2.3773E-09 2.3926E-09 2.4072E-09 2.4195E-09 2.4309E-09 2.4414E-09 2.4504E-09 2.4576E-09 2.4638E-09 2.4690E-09 2.4711E-09 2.4719E-09 2.4715E-09 2.4698E-09 2.4650E-09 2.4572E-09 2.4505E-09 2.4395E-09 2.4288E-09 2.4171E-09 2.4043E-09 2.3888E-09 2.3721E-09 2.3545E-09 2.3356E-09 2.3145E-09 2.2926E-09 2.2699E-09 2.2454E-09 2.2199E-09 2.1922E-09 2.1631E-09 2.1349E-09 2.1060E-09 2.0762E-09 2.0451E-09 2.0130E-09 1.9801E-09 1.9443E-09 1.9083E-09 1.8735E-09 1.8379E-09 1.8018E-09 1.7655E-09 1.7272E-09 1.6887E-09 1.6514E-09
