Assets/Resources/2015_m01_d22_0600(utc+0800)_l00_csi_1hr_conc.grd
DSAA
         159         159
     -79.000      79.000
     -79.000      79.000
  0.0000E+00  0.8712E-04
[rows 75 to 99 of 159, columns 57 to 113 of 159]
0.0000E+00 0.0000E+00 0.0000E+00 0.0000E+00 0.0000E+00 0.0000E+00 0.0000E+00 0.0000E+00 0.0000E+00 0.0000E+00 0.0000E+00 0.0000E+00 0.0000E+00 0.0000E+00 0.0000E+00 4.3304E-12 1.8362E-11 5.9429E-11 8.6985E-11 1.3590E-10 2.5414E-10 5.5523E-10 1.0873E-09 2.4709E-09 5.4023E-09 1.1263E-08 2.3422E-08 4.1253E-07 3.4705E-07 2.6863E-07 2.0053E-07 1.5467E-07 1.2563E-07 1.0729E-07 9.4123E-08 8.4511E-08 7.4104E-08 6.6962E-08 6.1372E-08 5.6709E-08 5.2673E-08 4.9128E-08 4.5929E-08 4.3329E-08 4.0762E-08 3.8147E-08 3.5573E-08 3.3048E-08 3.0591E-08 2.8240E-08 2.6050E-08 2.4030E-08 2.2279E-08 2.0727E-08 1.9352E-08 1.8140E-08 1.7107E-08
0.0000E+00 0.0000E+00 0.0000E+00 0.0000E+00 0.0000E+00 0.0000E+00 0.0000E+00 0.0000E+00 0.0000E+00 0.0000E+00 0.0000E+00 0.0000E+00 0.0000E+00 0.0000E+00 0.0000E+00 0.0000E+00 1.3362E-11 5.6409E-11 8.2600E-11 1.2984E-10 2.4715E-10 5.5666E-10 1.1015E-09 2.5103E-09 5.5164E-09 5.3513E-08 7.7296E-07 8.3475E-07 5.2829E-07 2.9591E-07 2.1375E-07 1.6408E-07 1.3376E-07 1.1438E-07 1.0030E-07 8.9532E-08 7.8344E-08 7.0319E-08 6.3887E-08 5.8561E-08 5.4015E-08 5.0084E-08 4.6601E-08 4.3710E-08 4.0939E-08 3.8161E-08 3.5433E-08 3.2774E-08 3.0226E-08 2.7787E-08 2.5529E-08 2.3466E-08 2.1656E-08 2.0090E-08 1.8718E-08 1.7515E-08 1.6502E-08
0.0000E+00 0.0000E+00 0.0000E+00 0.0000E+00 0.0000E+00 0.0000E+00 0.0000E+00 0.0000E+00 0.0000E+00 0.0000E+00 0.0000E+00 0.0000E+00 0.0000E+00 0.0000E+00 0.0000E+00 0.0000E+00 1.2560E-11 4.9085E-11 7.3741E-11 1.2259E-10 2.1237E-10 5.3012E-10 1.0400E-09 5.3272E-09 1.0820E-07 1.4369E-06 1.2624E-06 7.2292E-07 4.2183E-07 2.5349E-07 1.8206E-07 1.4687E-07 1.2523E-07 1.0997E-07 9.8257E-08 8.8433E-08 7.8825E-08 7.0484E-08 6.3780E-08 5.8188E-08 5.3408E-08 4.9266E-08 4.5620E-08 4.2524E-08 3.9757E-08 3.7067E-08 3.4383E-08 3.1783E-08 2.9276E-08 2.6887E-08 2.4654E-08 2.2611E-08 2.0790E-08 1.9241E-08 1.7897E-08 1.6732E-08 1.5759E-08
0.0000E+00 0.0000E+00 0.0000E+00 0.0000E+00 0.0000E+00 0.0000E+00 0.0000E+00 0.0000E+00 0.0000E+00 0.0000E+00 0.0000E+00 0.0000E+00 0.0000E+00 0.0000E+00 0.0000E+00 0.0000E+00 4.8930E-12 3.0057E-11 6.8402E-11 1.1079E-10 1.9624E-10 5.8366E-10 2.4520E-06 2.5762E-06 2.9898E-06 1.2117E-06 5.9973E-07 3.3119E-07 2.0849E-07 1.5437E-07 1.3036E-07 1.1496E-07 1.0491E-07 9.6462E-08 8.8966E-08 8.1695E-08 7.5069E-08 6.7357E-08 6.1128E-08 5.5798E-08 5.1189E-08 4.7140E-08 4.3569E-08 4.0443E-08 3.7741E-08 3.5161E-08 3.2579E-08 3.0095E-08 2.7701E-08 2.5445E-08 2.3333E-08 2.1400E-08 1.9692E-08 1.8207E-08 1.6940E-08 1.5838E-08 1.4924E-08
0.0000E+00 0.0000E+00 0.0000E+00 0.0000E+00 0.0000E+00 0.0000E+00 0.0000E+00 0.0000E+00 0.0000E+00 0.0000E+00 0.0000E+00 0.0000E+00 0.0000E+00 0.0000E+00 0.0000E+00 0.0000E+00 4.5371E-12 1.9160E-11 6.2742E-11 1.0204E-10 1.8169E-10 2.4781E-06 8.7116E-05 4.7901E-06 8.3562E-07 3.7402E-07 1.9964E-07 1.2696E-07 9.2757E-08 8.1849E-08 8.1908E-08 8.2177E-08 8.0920E-08 7.8484E-08 7.5287E-08 7.1083E-08 6.7757E-08 6.1519E-08 5.6249E-08 5.1625E-08 4.7531E-08 4.3852E-08 4.0566E-08 3.7587E-08 3.5069E-08 3.2660E-08 3.0291E-08 2.7985E-08 2.5775E-08 2.3696E-08 2.1757E-08 1.9978E-08 1.8409E-08 1.7031E-08 1.5870E-08 1.4865E-08 1.4032E-08
0.0000E+00 0.0000E+00 0.0000E+00 0.0000E+00 0.0000E+00 0.0000E+00 0.0000E+00 0.0000E+00 0.0000E+00 0.0000E+00 0.0000E+00 0.0000E+00 0.0000E+00 0.0000E+00 0.0000E+00 0.0000E+00 0.0000E+00 1.7561E-11 5.6914E-11 8.2639E-11 1.6556E-10 7.4524E-08 2.8492E-06 3.1276E-07 1.6012E-07 8.5681E-08 5.3998E-08 4.2201E-08 3.9379E-08 4.2574E-08 4.8701E-08 5.5527E-08 5.8960E-08 6.0520E-08 6.0357E-08 5.9097E-08 5.7816E-08 5.3768E-08 4.9780E-08 4.6131E-08 4.2762E-08 3.9668E-08 3.6821E-08 3.4163E-08 3.1899E-08 2.9739E-08 2.7634E-08 2.5548E-08 2.3582E-08 2.1718E-08 1.9988E-08 1.8396E-08 1.6993E-08 1.5759E-08 1.4711E-08 1.3814E-08 1.3074E-08
0.0000E+00 0.0000E+00 0.0000E+00 0.0000E+00 0.0000E+00 0.0000E+00 0.0000E+00 0.0000E+00 0.0000E+00 0.0000E+00 0.0000E+00 0.0000E+00 0.0000E+00 0.0000E+00 0.0000E+00 0.0000E+00 0.0000E+00 5.0713E-12 3.9061E-11 7.0294E-11 7.9410E-10 6.5522E-09 2.0617E-08 1.9927E-08 1.7209E-08 1.3093E-08 1.1818E-08 1.3757E-08 1.7442E-08 2.2976E-08 2.9515E-08 3.6293E-08 4.1659E-08 4.4822E-08 4.6440E-08 4.7083E-08 4.7055E-08 4.5106E-08 4.2480E-08 3.9889E-08 3.7355E-08 3.4920E-08 3.2603E-08 3.0370E-08 2.8411E-08 2.6553E-08 2.4729E-08 2.2930E-08 2.1219E-08 1.9598E-08 1.8096E-08 1.6713E-08 1.5490E-08 1.4417E-08 1.3497E-08 1.2716E-08 1.2076E-08
0.0000E+00 0.0000E+00 0.0000E+00 0.0000E+00 0.0000E+00 0.0000E+00 0.0000E+00 0.0000E+00 0.0000E+00 0.0000E+00 0.0000E+00 0.0000E+00 0.0000E+00 0.0000E+00 0.0000E+00 0.0000E+00 0.0000E+00 4.5821E-12 1.9201E-11 6.2320E-11 1.1585E-10 1.9003E-10 4.4749E-10 7.5473E-10 1.6816E-09 2.7788E-09 4.2879E-09 6.3794E-09 9.5710E-09 1.3739E-08 1.8687E-08 2.3919E-08 2.8732E-08 3.2326E-08 3.4658E-08 3.6205E-08 3.6919E-08 3.6449E-08 3.5060E-08 3.3441E-08 3.1727E-08 2.9958E-08 2.8188E-08 2.6427E-08 2.4799E-08 2.3262E-08 2.1736E-08 2.0229E-08 1.8787E-08 1.7419E-08 1.6134E-08 1.4983E-08 1.3951E-08 1.3044E-08 1.2263E-08 1.1601E-08 1.1060E-08
0.0000E+00 0.0000E+00 0.0000E+00 0.0000E+00 0.0000E+00 0.0000E+00 0.0000E+00 0.0000E+00 0.0000E+00 0.0000E+00 0.0000E+00 0.0000E+00 0.0000E+00 0.0000E+00 0.0000E+00 0.0000E+00 0.0000E+00 0.0000E+00 1.2928E-11 5.4661E-11 9.0277E-11 1.6473E-10 3.5178E-10 5.7010E-10 1.0698E-09 1.6820E-09 2.6157E-09 4.0526E-09 6.1700E-09 8.9822E-09 1.2440E-08 1.6152E-08 1.9784E-08 2.2963E-08 2.5389E-08 2.7088E-08 2.8122E-08 2.8460E-08 2.8044E-08 2.7279E-08 2.6254E-08 2.5086E-08 2.3813E-08 2.2519E-08 2.1233E-08 2.0013E-08 1.8767E-08 1.7556E-08 1.6377E-08 1.5259E-08 1.4207E-08 1.3264E-08 1.2419E-08 1.1677E-08 1.1025E-08 1.0493E-08 1.0050E-08
0.0000E+00 0.0000E+00 0.0000E+00 0.0000E+00 0.0000E+00 0.0000E+00 0.0000E+00 0.0000E+00 0.0000E+00 0.0000E+00 0.0000E+00 0.0000E+00 0.0000E+00 0.0000E+00 0.0000E+00 0.0000E+00 0.0000E+00 0.0000E+00 4.8210E-12 2.8980E-11 6.4491E-11 1.2659E-10 2.7742E-10 5.1368E-10 8.0677E-10 1.2436E-09 1.8755E-09 2.7963E-09 4.1860E-09 6.0276E-09 8.3169E-09 1.0954E-08 1.3672E-08 1.6208E-08 1.8294E-08 1.9842E-08 2.0936E-08 2.1555E-08 2.1845E-08 2.1696E-08 2.1215E-08 2.0542E-08 1.9717E-08 1.8816E-08 1.7857E-08 1.6927E-08 1.5960E-08 1.5004E-08 1.4071E-08 1.3185E-08 1.2352E-08 1.1603E-08 1.0935E-08 1.0349E-08 9.8346E-09 9.4152E-09 9.0636E-09
0.0000E+00 0.0000E+00 0.0000E+00 0.0000E+00 0.0000E+00 0.0000E+00 0.0000E+00 0.0000E+00 0.0000E+00 0.0000E+00 0.0000E+00 0.0000E+00 0.0000E+00 0.0000E+00 0.0000E+00 0.0000E+00 0.0000E+00 0.0000E+00 0.0000E+00 1.7573E-11 5.5314E-11 9.1875E-11 2.1406E-10 3.9848E-10 6.1136E-10 9.2517E-10 1.3597E-09 1.9683E-09 2.8798E-09 4.0970E-09 5.6202E-09 7.4335E-09 9.4464E-09 1.1388E-08 1.3011E-08 1.4292E-08 1.5318E-08 1.6022E-08 1.6615E-08 1.6876E-08 1.6780E-08 1.6469E-08 1.6012E-08 1.5436E-08 1.4779E-08 1.4082E-08 1.3373E-08 1.2646E-08 1.1927E-08 1.1240E-08 1.0612E-08 1.0041E-08 9.5300E-09 9.0719E-09 8.6981E-09 8.3826E-09 8.1189E-09
0.0000E+00 0.0000E+00 0.0000E+00 0.0000E+00 0.0000E+00 0.0000E+00 0.0000E+00 0.0000E+00 0.0000E+00 0.0000E+00 0.0000E+00 0.0000E+00 0.0000E+00 0.0000E+00 0.0000E+00 0.0000E+00 0.0000E+00 0.0000E+00 0.0000E+00 4.8581E-12 2.0034E-11 6.7190E-11 1.6209E-10 3.0467E-10 4.6047E-10 6.9355E-10 1.0108E-09 1.4324E-09 1.9940E-09 2.8119E-09 3.8579E-09 5.0923E-09 6.4928E-09 7.9610E-09 9.1615E-09 1.0226E-08 1.1100E-08 1.1771E-08 1.2403E-08 1.2849E-08 1.3014E-08 1.2976E-08 1.2775E-08 1.2455E-08 1.2027E-08 1.1563E-08 1.1054E-08 1.0525E-08 9.9795E-09 9.4843E-09 9.0229E-09 8.6037E-09 8.2291E-09 7.8993E-09 7.6331E-09 7.4093E-09 7.2268E-09
0.0000E+00 0.0000E+00 0.0000E+00 0.0000E+00 0.0000E+00 0.0000E+00 0.0000E+00 0.0000E+00 0.0000E+00 0.0000E+00 0.0000E+00 0.0000E+00 0.0000E+00 0.0000E+00 0.0000E+00 0.0000E+00 0.0000E+00 0.0000E+00 0.0000E+00 0.0000E+00 1.7234E-11 4.4787E-11 1.1742E-10 2.4608E-10 3.6578E-10 5.1603E-10 7.4679E-10 1.0402E-09 1.4339E-09 1.9713E-09 2.6803E-09 3.5192E-09 4.5197E-09 5.5682E-09 6.4533E-09 7.2737E-09 7.9903E-09 8.5768E-09 9.1184E-09 9.6464E-09 9.9415E-09 1.0058E-08 1.0034E-08 9.8842E-09 9.6661E-09 9.3749E-09 9.0305E-09 8.6622E-09 8.2810E-09 7.9229E-09 7.6028E-09 7.3085E-09 7.0381E-09 6.8247E-09 6.6505E-09 6.5058E-09 6.3794E-09
0.0000E+00 0.0000E+00 0.0000E+00 0.0000E+00 0.0000E+00 0.0000E+00 0.0000E+00 0.0000E+00 0.0000E+00 0.0000E+00 0.0000E+00 0.0000E+00 0.0000E+00 0.0000E+00 0.0000E+00 0.0000E+00 0.0000E+00 0.0000E+00 0.0000E+00 0.0000E+00 4.6886E-12 1.9118E-11 8.5748E-11 1.8093E-10 2.7244E-10 4.0211E-10 5.5561E-10 7.7404E-10 1.0492E-09 1.3962E-09 1.8852E-09 2.4726E-09 3.1629E-09 3.8741E-09 4.5092E-09 5.1259E-09 5.6931E-09 6.1872E-09 6.6419E-09 7.1553E-09 7.4966E-09 7.6902E-09 7.7608E-09 7.7582E-09 7.6702E-09 7.5189E-09 7.2975E-09 7.0507E-09 6.8088E-09 6.5701E-09 6.3547E-09 6.1489E-09 5.9915E-09 5.8587E-09 5.7569E-09 5.6637E-09 5.6098E-09
0.0000E+00 0.0000E+00 0.0000E+00 0.0000E+00 0.0000E+00 0.0000E+00 0.0000E+00 0.0000E+00 0.0000E+00 0.0000E+00 0.0000E+00 0.0000E+00 0.0000E+00 0.0000E+00 0.0000E+00 0.0000E+00 0.0000E+00 0.0000E+00 0.0000E+00 0.0000E+00 0.0000E+00 5.1399E-12 2.5276E-11 1.2985E-10 2.0040E-10 2.9564E-10 4.2215E-10 5.7532E-10 7.6596E-10 1.0124E-09 1.3381E-09 1.7512E-09 2.2361E-09 2.7007E-09 3.1735E-09 3.6483E-09 4.0820E-09 4.4749E-09 4.8236E-09 5.2415E-09 5.5785E-09 5.8055E-09 5.9401E-09 6.0110E-09 6.0143E-09 5.9677E-09 5.8359E-09 5.7018E-09 5.5586E-09 5.4123E-09 5.2786E-09 5.1593E-09 5.0713E-09 5.0034E-09 4.9558E-09 4.9189E-09 4.9062E-09
0.0000E+00 0.0000E+00 0.0000E+00 0.0000E+00 0.0000E+00 0.0000E+00 0.0000E+00 0.0000E+00 0.0000E+00 0.0000E+00 0.0000E+00 0.0000E+00 0.0000E+00 0.0000E+00 0.0000E+00 0.0000E+00 0.0000E+00 0.0000E+00 0.0000E+00 0.0000E+00 0.0000E+00 0.0000E+00 1.7443E-11 3.6034E-11 1.4264E-10 2.1126E-10 3.0990E-10 4.1449E-10 5.7069E-10 7.4664E-10 9.6381E-10 1.2435E-09 1.5760E-09 1.9078E-09 2.2471E-09 2.5931E-09 2.9264E-09 3.2201E-09 3.4954E-09 3.8085E-09 4.1042E-09 4.3436E-09 4.5075E-09 4.6149E-09 4.6585E-09 4.6850E-09 4.6458E-09 4.5790E-09 4.5073E-09 4.4328E-09 4.3526E-09 4.3072E-09 4.2735E-09 4.2538E-09 4.2374E-09 4.2505E-09 4.2718E-09
0.0000E+00 0.0000E+00 0.0000E+00 0.0000E+00 0.0000E+00 0.0000E+00 0.0000E+00 0.0000E+00 0.0000E+00 0.0000E+00 0.0000E+00 0.0000E+00 0.0000E+00 0.0000E+00 0.0000E+00 0.0000E+00 0.0000E+00 0.0000E+00 0.0000E+00 0.0000E+00 0.0000E+00 0.0000E+00 4.6294E-12 1.8496E-11 6.9834E-11 1.5183E-10 2.1999E-10 3.1089E-10 4.1215E-10 5.3198E-10 7.0004E-10 8.9517E-10 1.1257E-09 1.3545E-09 1.5959E-09 1.8429E-09 2.0930E-09 2.3315E-09 2.5557E-09 2.7810E-09 3.0216E-09 3.2249E-09 3.3714E-09 3.5028E-09 3.5964E-09 3.6542E-09 3.6716E-09 3.6601E-09 3.6290E-09 3.6102E-09 3.5918E-09 3.5844E-09 3.5877E-09 3.5941E-09 3.6201E-09 3.6568E-09 3.7018E-09
0.0000E+00 0.0000E+00 0.0000E+00 0.0000E+00 0.0000E+00 0.0000E+00 0.0000E+00 0.0000E+00 0.0000E+00 0.0000E+00 0.0000E+00 0.0000E+00 0.0000E+00 0.0000E+00 0.0000E+00 0.0000E+00 0.0000E+00 0.0000E+00 0.0000E+00 0.0000E+00 0.0000E+00 0.0000E+00 0.0000E+00 4.8605E-12 2.3739E-11 9.6556E-11 1.5347E-10 2.1867E-10 3.0603E-10 3.9408E-10 5.0289E-10 6.3506E-10 7.8818E-10 9.6426E-10 1.1462E-09 1.3251E-09 1.5102E-09 1.6866E-09 1.8582E-09 2.0343E-09 2.1979E-09 2.3646E-09 2.5192E-09 2.6511E-09 2.7612E-09 2.8423E-09 2.8950E-09 2.9038E-09 2.9241E-09 2.9394E-09 2.9549E-09 2.9710E-09 2.9976E-09 3.0382E-09 3.0838E-09 3.1332E-09 3.1802E-09
0.0000E+00 0.0000E+00 0.0000E+00 0.0000E+00 0.0000E+00 0.0000E+00 0.0000E+00 0.0000E+00 0.0000E+00 0.0000E+00 0.0000E+00 0.0000E+00 0.0000E+00 0.0000E+00 0.0000E+00 0.0000E+00 0.0000E+00 0.0000E+00 0.0000E+00 0.0000E+00 0.0000E+00 0.0000E+00 0.0000E+00 0.0000E+00 5.0159E-12 2.4430E-11 6.0799E-11 1.5479E-10 2.1522E-10 2.7988E-10 3.6937E-10 4.5900E-10 5.7942E-10 6.9841E-10 8.2240E-10 9.5565E-10 1.0899E-09 1.2271E-09 1.3625E-09 1.4922E-09 1.6211E-09 1.7582E-09 1.8790E-09 1.9930E-09 2.1003E-09 2.1939E-09 2.2666E-09 2.3110E-09 2.3513E-09 2.3869E-09 2.4126E-09 2.4519E-09 2.4981E-09 2.5523E-09 2.6109E-09 2.6651E-09 2.7337E-09
0.0000E+00 0.0000E+00 0.0000E+00 0.0000E+00 0.0000E+00 0.0000E+00 0.0000E+00 0.0000E+00 0.0000E+00 0.0000E+00 0.0000E+00 0.0000E+00 0.0000E+00 0.0000E+00 0.0000E+00 0.0000E+00 0.0000E+00 0.0000E+00 0.0000E+00 0.0000E+00 0.0000E+00 0.0000E+00 0.0000E+00 0.0000E+00 0.0000E+00 9.6022E-12 2.8975E-11 4.4178E-11 1.4878E-10 1.9467E-10 2.6046E-10 3.2650E-10 4.0837E-10 5.1270E-10 6.0718E-10 7.0208E-10 8.0351E-10 9.0673E-10 1.0061E-09 1.1066E-09 1.2043E-09 1.2974E-09 1.4037E-09 1.5037E-09 1.6016E-09 1.6912E-09 1.7801E-09 1.8345E-09 1.8804E-09 1.9235E-09 1.9751E-09 2.0252E-09 2.0766E-09 2.1406E-09 2.1969E-09 2.2650E-09 2.3366E-09
0.0000E+00 0.0000E+00 0.0000E+00 0.0000E+00 0.0000E+00 0.0000E+00 0.0000E+00 0.0000E+00 0.0000E+00 0.0000E+00 0.0000E+00 0.0000E+00 0.0000E+00 0.0000E+00 0.0000E+00 0.0000E+00 0.0000E+00 0.0000E+00 0.0000E+00 0.0000E+00 0.0000E+00 0.0000E+00 0.0000E+00 0.0000E+00 0.0000E+00 0.0000E+00 9.6554E-12 2.9001E-11 4.4341E-11 1.1522E-10 1.8108E-10 2.2870E-10 2.9295E-10 3.7008E-10 4.4032E-10 5.1382E-10 5.8863E-10 6.6666E-10 7.4762E-10 8.2885E-10 9.0519E-10 9.8384E-10 1.0578E-09 1.1429E-09 1.2263E-09 1.3066E-09 1.3849E-09 1.4500E-09 1.5056E-09 1.5582E-09 1.6143E-09 1.6695E-09 1.7224E-09 1.7843E-09 1.8515E-09 1.9192E-09 1.9869E-09
0.0000E+00 0.0000E+00 0.0000E+00 0.0000E+00 0.0000E+00 0.0000E+00 0.0000E+00 0.0000E+00 0.0000E+00 0.0000E+00 0.0000E+00 0.0000E+00 0.0000E+00 0.0000E+00 0.0000E+00 0.0000E+00 0.0000E+00 0.0000E+00 0.0000E+00 0.0000E+00 0.0000E+00 0.0000E+00 0.0000E+00 0.0000E+00 0.0000E+00 0.0000E+00 0.0000E+00 9.5481E-12 2.1222E-11 4.3831E-11 9.0340E-11 1.5729E-10 2.0609E-10 2.6155E-10 3.1776E-10 3.7363E-10 4.3952E-10 5.0057E-10 5.6021E-10 6.2408E-10 6.8858E-10 7.4772E-10 8.1176E-10 8.7337E-10 9.4440E-10 1.0163E-09 1.0871E-09 1.1499E-09 1.2088E-09 1.2628E-09 1.3155E-09 1.3739E-09 1.4338E-09 1.4945E-09 1.5582E-09 1.5809E-09 1.6564E-09
0.0000E+00 0.0000E+00 0.0000E+00 0.0000E+00 0.0000E+00 0.0000E+00 0.0000E+00 0.0000E+00 0.0000E+00 0.0000E+00 0.0000E+00 0.0000E+00 0.0000E+00 0.0000E+00 0.0000E+00 0.0000E+00 0.0000E+00 0.0000E+00 0.0000E+00 0.0000E+00 0.0000E+00 0.0000E+00 0.0000E+00 0.0000E+00 0.0000E+00 0.0000E+00 0.0000E+00 0.0000E+00 0.0000E+00 2.4831E-11 4.6492E-11 5.9916E-11 1.0949E-10 1.6733E-10 2.3944E-10 2.8156E-10 3.2747E-10 3.7389E-10 4.2307E-10 4.7305E-10 5.2513E-10 5.7825E-10 6.3071E-10 6.8365E-10 7.3590E-10 7.9450E-10 8.5406E-10 9.1751E-10 9.6804E-10 1.0231E-09 1.0787E-09 1.1345E-09 1.1925E-09 1.2098E-09 1.2751E-09 1.3423E-09 1.4079E-09
0.0000E+00 0.0000E+00 0.0000E+00 0.0000E+00 0.0000E+00 0.0000E+00 0.0000E+00 0.0000E+00 0.0000E+00 0.0000E+00 0.0000E+00 0.0000E+00 0.0000E+00 0.0000E+00 0.0000E+00 0.0000E+00 0.0000E+00 0.0000E+00 0.0000E+00 0.0000E+00 0.0000E+00 0.0000E+00 0.0000E+00 0.0000E+00 0.0000E+00 0.0000E+00 0.0000E+00 0.0000E+00 0.0000E+00 0.0000E+00 2.3406E-11 4.4129E-11 6.0547E-11 7.9218E-11 1.2587E-10 1.8954E-10 2.3216E-10 2.7924E-10 3.1748E-10 3.5890E-10 4.0458E-10 4.4697E-10 4.9002E-10 5.3478E-10 5.8238E-10 6.2861E-10 6.7759E-10 7.3499E-10 7.8264E-10 8.3300E-10 8.6534E-10 9.0304E-10 9.6009E-10 1.0214E-09 1.0818E-09 1.1426E-09 1.2007E-09
0.0000E+00 0.0000E+00 0.0000E+00 0.0000E+00 0.0000E+00 0.0000E+00 0.0000E+00 0.0000E+00 0.0000E+00 0.0000E+00 0.0000E+00 0.0000E+00 0.0000E+00 0.0000E+00 0.0000E+00 0.0000E+00 0.0000E+00 0.0000E+00 0.0000E+00 0.0000E+00 0.0000E+00 0.0000E+00 0.0000E+00 0.0000E+00 0.0000E+00 0.0000E+00 0.0000E+00 0.0000E+00 0.0000E+00 0.0000E+00 0.0000E+00 2.1164E-11 3.3704E-11 5.5898E-11 7.4750E-11 1.0999E-10 1.3226E-10 1.6583E-10 2.1447E-10 2.4490E-10 3.0548E-10 3.4184E-10 3.7912E-10 4.1885E-10 4.5798E-10 4.9965E-10 5.2670E-10 5.7190E-10 6.0227E-10 6.5250E-10 7.0195E-10 7.5440E-10 8.0942E-10 8.6334E-10 9.1409E-10 9.6932E-10 1.0222E-09
