Assets/Resources/2015_m01_d12_1900(utc+0800)_l00_csi_1hr_conc.grd
DSAA
         159         159
     -79.000      79.000
     -79.000      79.000
  0.0000E+00  0.3461E-05
[rows 50 to 74 of 159, columns 0 to 56 of 159]
3.1164E-09 3.3248E-09 3.5461E-09 3.7646E-09 3.9932E-09 4.2260E-09 4.4574E-09 4.7068E-09 4.9478E-09 5.2059E-09 5.4573E-09 5.7214E-09 5.9832E-09 6.2677E-09 6.5447E-09 6.8511E-09 7.1476E-09 7.4763E-09 7.7997E-09 8.1422E-09 8.4987E-09 8.8637E-09 9.2457E-09 9.6373E-09 1.0045E-08 1.0443E-08 1.0861E-08 1.1283E-08 1.1694E-08 1.2115E-08 1.2518E-08 1.2903E-08 1.3263E-08 1.3584E-08 1.3855E-08 1.4054E-08 1.4169E-08 1.4186E-08 1.4098E-08 1.3901E-08 1.3593E-08 1.3174E-08 1.2646E-08 1.2016E-08 1.1304E-08 1.0531E-08 9.6817E-09 8.7743E-09 7.8287E-09 6.8686E-09 5.9198E-09 5.0089E-09 4.1624E-09 3.3921E-09 2.7094E-09 2.1116E-09 1.5909E-09
2.9523E-09 3.1520E-09 3.3654E-09 3.5761E-09 3.7977E-09 4.0238E-09 4.2498E-09 4.4939E-09 4.7309E-09 4.9867E-09 5.2361E-09 5.5009E-09 5.7643E-09 6.0535E-09 6.3363E-09 6.6522E-09 6.9590E-09 7.3017E-09 7.6409E-09 8.0016E-09 8.3822E-09 8.7735E-09 9.1895E-09 9.6166E-09 1.0069E-08 1.0512E-08 1.0986E-08 1.1468E-08 1.1945E-08 1.2441E-08 1.2918E-08 1.3385E-08 1.3826E-08 1.4233E-08 1.4581E-08 1.4856E-08 1.5042E-08 1.5124E-08 1.5098E-08 1.4951E-08 1.4683E-08 1.4290E-08 1.3777E-08 1.3178E-08 1.2474E-08 1.1659E-08 1.0753E-08 9.7700E-09 8.7385E-09 7.6800E-09 6.6252E-09 5.6089E-09 4.6565E-09 3.7857E-09 2.9948E-09 2.3053E-09 1.7176E-09
2.7814E-09 2.9717E-09 3.1761E-09 3.3782E-09 3.5914E-09 3.8096E-09 4.0289E-09 4.2662E-09 4.4981E-09 4.7495E-09 4.9953E-09 5.2582E-09 5.5219E-09 5.8130E-09 6.0998E-09 6.4220E-09 6.7362E-09 7.0891E-09 7.4416E-09 7.8172E-09 8.2198E-09 8.6347E-09 9.0813E-09 9.5422E-09 1.0035E-08 1.0525E-08 1.1050E-08 1.1593E-08 1.2134E-08 1.2700E-08 1.3257E-08 1.3801E-08 1.4328E-08 1.4814E-08 1.5247E-08 1.5602E-08 1.5863E-08 1.6015E-08 1.6054E-08 1.5966E-08 1.5749E-08 1.5422E-08 1.4970E-08 1.4391E-08 1.3677E-08 1.2835E-08 1.1893E-08 1.0851E-08 9.7305E-09 8.5655E-09 7.3922E-09 6.2557E-09 5.1726E-09 4.1721E-09 3.2755E-09 2.4924E-09 1.8321E-09
2.6056E-09 2.7860E-09 2.9806E-09 3.1732E-09 3.3771E-09 3.5864E-09 3.7976E-09 4.0268E-09 4.2524E-09 4.4972E-09 4.7385E-09 4.9968E-09 5.2591E-09 5.5492E-09 5.8375E-09 6.1631E-09 6.4815E-09 6.8420E-09 7.2040E-09 7.5926E-09 8.0136E-09 8.4485E-09 8.9228E-09 9.4130E-09 9.9468E-09 1.0476E-08 1.1052E-08 1.1650E-08 1.2251E-08 1.2890E-08 1.3517E-08 1.4142E-08 1.4750E-08 1.5322E-08 1.5831E-08 1.6267E-08 1.6606E-08 1.6837E-08 1.6958E-08 1.6976E-08 1.6854E-08 1.6602E-08 1.6212E-08 1.5660E-08 1.4979E-08 1.4142E-08 1.3153E-08 1.2037E-08 1.0815E-08 9.5259E-09 8.2237E-09 6.9425E-09 5.7160E-09 4.5788E-09 3.5599E-09 2.6732E-09 1.9305E-09
2.4272E-09 2.5971E-09 2.7813E-09 2.9636E-09 3.1574E-09 3.3571E-09 3.5588E-09 3.7791E-09 3.9966E-09 4.2334E-09 4.4684E-09 4.7211E-09 4.9790E-09 5.2669E-09 5.5526E-09 5.8795E-09 6.1980E-09 6.5637E-09 6.9322E-09 7.3304E-09 7.7655E-09 8.2173E-09 8.7143E-09 9.2324E-09 9.7988E-09 1.0366E-08 1.0984E-08 1.1635E-08 1.2292E-08 1.2997E-08 1.3695E-08 1.4395E-08 1.5080E-08 1.5728E-08 1.6317E-08 1.6836E-08 1.7271E-08 1.7623E-08 1.7862E-08 1.7970E-08 1.7954E-08 1.7791E-08 1.7497E-08 1.7032E-08 1.6376E-08 1.5533E-08 1.4510E-08 1.3322E-08 1.1993E-08 1.0583E-08 9.1352E-09 7.6903E-09 6.3000E-09 5.0081E-09 3.8469E-09 2.8411E-09 2.0126E-09
2.2481E-09 2.4072E-09 2.5805E-09 2.7520E-09 2.9351E-09 3.1241E-09 3.3155E-09 3.5257E-09 3.7340E-09 3.9618E-09 4.1886E-09 4.4341E-09 4.6854E-09 4.9688E-09 5.2492E-09 5.5747E-09 5.8903E-09 6.2582E-09 6.6299E-09 7.0335E-09 7.4791E-09 7.9429E-09 8.4598E-09 8.9979E-09 9.5951E-09 1.0191E-08 1.0849E-08 1.1544E-08 1.2253E-08 1.3018E-08 1.3781E-08 1.4548E-08 1.5304E-08 1.6025E-08 1.6704E-08 1.7334E-08 1.7891E-08 1.8352E-08 1.8697E-08 1.8938E-08 1.9087E-08 1.9077E-08 1.8888E-08 1.8497E-08 1.7888E-08 1.7070E-08 1.6030E-08 1.4753E-08 1.3320E-08 1.1767E-08 1.0148E-08 8.5192E-09 6.9377E-09 5.4579E-09 4.1295E-09 2.9943E-09 2.0712E-09
2.0702E-09 2.2183E-09 2.3803E-09 2.5404E-09 2.7126E-09 2.8901E-09 3.0707E-09 3.2697E-09 3.4677E-09 3.6853E-09 3.9028E-09 4.1398E-09 4.3822E-09 4.6587E-09 4.9313E-09 5.2527E-09 5.5630E-09 5.9297E-09 6.3009E-09 6.7059E-09 7.1580E-09 7.6288E-09 8.1608E-09 8.7136E-09 9.3339E-09 9.9539E-09 1.0642E-08 1.1379E-08 1.2132E-08 1.2948E-08 1.3767E-08 1.4592E-08 1.5417E-08 1.6234E-08 1.7012E-08 1.7746E-08 1.8413E-08 1.8992E-08 1.9525E-08 1.9966E-08 2.0263E-08 2.0397E-08 2.0327E-08 2.0059E-08 1.9568E-08 1.8782E-08 1.7687E-08 1.6354E-08 1.4811E-08 1.3106E-08 1.1290E-08 9.4389E-09 7.6238E-09 5.9226E-09 4.4049E-09 3.1259E-09 2.1065E-09
1.8954E-09 2.0324E-09 2.1830E-09 2.3315E-09 2.4922E-09 2.6577E-09 2.8268E-09 3.0143E-09 3.2011E-09 3.4073E-09 3.6145E-09 3.8410E-09 4.0732E-09 4.3408E-09 4.6032E-09 4.9182E-09 5.2201E-09 5.5822E-09 5.9497E-09 6.3518E-09 6.8061E-09 7.2812E-09 7.8200E-09 8.3834E-09 9.0176E-09 9.6558E-09 1.0368E-08 1.1138E-08 1.1923E-08 1.2787E-08 1.3649E-08 1.4541E-08 1.5443E-08 1.6333E-08 1.7211E-08 1.8046E-08 1.8859E-08 1.9640E-08 2.0358E-08 2.0965E-08 2.1443E-08 2.1774E-08 2.1926E-08 2.1834E-08 2.1422E-08 2.0649E-08 1.9566E-08 1.8184E-08 1.6523E-08 1.4632E-08 1.2582E-08 1.0455E-08 8.3594E-09 6.3999E-09 4.6667E-09 3.2321E-09 2.1184E-09
1.7252E-09 1.8508E-09 1.9904E-09 2.1269E-09 2.2761E-09 2.4293E-09 2.5862E-09 2.7622E-09 2.9371E-09 3.1313E-09 3.3273E-09 3.5416E-09 3.7618E-09 4.0185E-09 4.2689E-09 4.5753E-09 4.8659E-09 5.2203E-09 5.5805E-09 5.9759E-09 6.4285E-09 6.9012E-09 7.4422E-09 8.0082E-09 8.6500E-09 9.3002E-09 1.0027E-08 1.0821E-08 1.1630E-08 1.2531E-08 1.3442E-08 1.4386E-08 1.5346E-08 1.6318E-08 1.7303E-08 1.8282E-08 1.9267E-08 2.0228E-08 2.1126E-08 2.1961E-08 2.2702E-08 2.3285E-08 2.3653E-08 2.3706E-08 2.3389E-08 2.2723E-08 2.1680E-08 2.0256E-08 1.8465E-08 1.6359E-08 1.4020E-08 1.1563E-08 9.1315E-09 6.8724E-09 4.9078E-09 3.3172E-09 2.1177E-09
1.5613E-09 1.6756E-09 1.8041E-09 1.9284E-09 2.0660E-09 2.2071E-09 2.3518E-09 2.5157E-09 2.6781E-09 2.8594E-09 3.0434E-09 3.2447E-09 3.4520E-09 3.6959E-09 3.9327E-09 4.2275E-09 4.5047E-09 4.8479E-09 5.1984E-09 5.5829E-09 6.0306E-09 6.4945E-09 7.0315E-09 7.5936E-09 8.2381E-09 8.8900E-09 9.6230E-09 1.0427E-08 1.1258E-08 1.2187E-08 1.3130E-08 1.4116E-08 1.5145E-08 1.6210E-08 1.7300E-08 1.8436E-08 1.9585E-08 2.0738E-08 2.1896E-08 2.2998E-08 2.4000E-08 2.4849E-08 2.5433E-08 2.5673E-08 2.5562E-08 2.5041E-08 2.4062E-08 2.2589E-08 2.0641E-08 1.8269E-08 1.5578E-08 1.2734E-08 9.9223E-09 7.3335E-09 5.1297E-09 3.3914E-09 2.1129E-09
1.4045E-09 1.5078E-09 1.6254E-09 1.7380E-09 1.8637E-09 1.9930E-09 2.1253E-09 2.2767E-09 2.4268E-09 2.5947E-09 2.7658E-09 2.9535E-09 3.1461E-09 3.3764E-09 3.5977E-09 3.8793E-09 4.1408E-09 4.4702E-09 4.8082E-09 5.1781E-09 5.6166E-09 6.0664E-09 6.5938E-09 7.1470E-09 7.7795E-09 8.4250E-09 9.1553E-09 9.9680E-09 1.0807E-08 1.1751E-08 1.2715E-08 1.3752E-08 1.4839E-08 1.5984E-08 1.7200E-08 1.8485E-08 1.9825E-08 2.1216E-08 2.2612E-08 2.3986E-08 2.5279E-08 2.6386E-08 2.7224E-08 2.7755E-08 2.7889E-08 2.7546E-08 2.6634E-08 2.5112E-08 2.2977E-08 2.0296E-08 1.7208E-08 1.3926E-08 1.0703E-08 7.7781E-09 5.3329E-09 3.4582E-09 2.1306E-09
1.2560E-09 1.3482E-09 1.4549E-09 1.5569E-09 1.6707E-09 1.7888E-09 1.9086E-09 2.0471E-09 2.1853E-09 2.3392E-09 2.4972E-09 2.6707E-09 2.8478E-09 3.0628E-09 3.2676E-09 3.5336E-09 3.7788E-09 4.0912E-09 4.4145E-09 4.7667E-09 5.1906E-09 5.6232E-09 6.1319E-09 6.6605E-09 7.2796E-09 7.9162E-09 8.6372E-09 9.4450E-09 1.0274E-08 1.1224E-08 1.2211E-08 1.3280E-08 1.4419E-08 1.5658E-08 1.6998E-08 1.8435E-08 1.9966E-08 2.1569E-08 2.3214E-08 2.4875E-08 2.6442E-08 2.7838E-08 2.9021E-08 2.9882E-08 3.0299E-08 3.0144E-08 2.9311E-08 2.7724E-08 2.5370E-08 2.2336E-08 1.8813E-08 1.5074E-08 1.1437E-08 8.1892E-09 5.5395E-09 3.5701E-09 2.1664E-09
1.1163E-09 1.1981E-09 1.2944E-09 1.3862E-09 1.4881E-09 1.5948E-09 1.7037E-09 1.8288E-09 1.9551E-09 2.0953E-09 2.2389E-09 2.3979E-09 2.5588E-09 2.7581E-09 2.9456E-09 3.1948E-09 3.4229E-09 3.7155E-09 4.0222E-09 4.3533E-09 4.7553E-09 5.1593E-09 5.6460E-09 6.1530E-09 6.7547E-09 7.3704E-09 8.0639E-09 8.8507E-09 9.6715E-09 1.0621E-08 1.1615E-08 1.2700E-08 1.3903E-08 1.5221E-08 1.6667E-08 1.8242E-08 1.9944E-08 2.1750E-08 2.3656E-08 2.5561E-08 2.7416E-08 2.9172E-08 3.0714E-08 3.1920E-08 3.2628E-08 3.2670E-08 3.1912E-08 3.0246E-08 2.7663E-08 2.4274E-08 2.0326E-08 1.6158E-08 1.2132E-08 8.6170E-09 5.8362E-09 3.8062E-09 2.3097E-09
9.8540E-10 1.0583E-09 1.1440E-09 1.2265E-09 1.3175E-09 1.4128E-09 1.5111E-09 1.6229E-09 1.7370E-09 1.8645E-09 1.9931E-09 2.1372E-09 2.2818E-09 2.4646E-09 2.6354E-09 2.8660E-09 3.0761E-09 3.3477E-09 3.6312E-09 3.9334E-09 4.3121E-09 4.6907E-09 5.1537E-09 5.6316E-09 6.1998E-09 6.7822E-09 7.4471E-09 8.2072E-09 9.0121E-09 9.9334E-09 1.0923E-08 1.2034E-08 1.3275E-08 1.4647E-08 1.6185E-08 1.7871E-08 1.9723E-08 2.1725E-08 2.3824E-08 2.5972E-08 2.8142E-08 3.0233E-08 3.2124E-08 3.3649E-08 3.4623E-08 3.4840E-08 3.4131E-08 3.2371E-08 2.9560E-08 2.5848E-08 2.1503E-08 1.6949E-08 1.2673E-08 9.0504E-09 6.2416E-09 4.1569E-09 2.6269E-09
8.6437E-10 9.2904E-10 1.0046E-09 1.0776E-09 1.1592E-09 1.2433E-09 1.3313E-09 1.4317E-09 1.5323E-09 1.6470E-09 1.7608E-09 1.8899E-09 2.0193E-09 2.1850E-09 2.3395E-09 2.5501E-09 2.7395E-09 2.9836E-09 3.2440E-09 3.5220E-09 3.8751E-09 4.2256E-09 4.6516E-09 5.0912E-09 5.6239E-09 6.1742E-09 6.8011E-09 7.5184E-09 8.2858E-09 9.1764E-09 1.0163E-08 1.1270E-08 1.2525E-08 1.3937E-08 1.5527E-08 1.7299E-08 1.9271E-08 2.1395E-08 2.3662E-08 2.6051E-08 2.8488E-08 3.0871E-08 3.3051E-08 3.4843E-08 3.6032E-08 3.6388E-08 3.5703E-08 3.3856E-08 3.0856E-08 2.6847E-08 2.2229E-08 1.7532E-08 1.3265E-08 9.7335E-09 6.9534E-09 4.7570E-09 3.1634E-09
7.5286E-10 8.0993E-10 8.7670E-10 9.4067E-10 1.0135E-09 1.0869E-09 1.1647E-09 1.2542E-09 1.3420E-09 1.4438E-09 1.5438E-09 1.6578E-09 1.7727E-09 1.9212E-09 2.0581E-09 2.2444E-09 2.4133E-09 2.6350E-09 2.8716E-09 3.1233E-09 3.4439E-09 3.7579E-09 4.1507E-09 4.5508E-09 5.0408E-09 5.5458E-09 6.1163E-09 6.7891E-09 7.5175E-09 8.3748E-09 9.3260E-09 1.0416E-08 1.1660E-08 1.3075E-08 1.4680E-08 1.6509E-08 1.8520E-08 2.0742E-08 2.3148E-08 2.5709E-08 2.8333E-08 3.0917E-08 3.3291E-08 3.5254E-08 3.6570E-08 3.6968E-08 3.6274E-08 3.4317E-08 3.1144E-08 2.7033E-08 2.2476E-08 1.8020E-08 1.4047E-08 1.0693E-08 7.9062E-09 5.6072E-09 3.8870E-09
6.5167E-10 7.0119E-10 7.6012E-10 8.1546E-10 8.7971E-10 9.4489E-10 1.0117E-09 1.0904E-09 1.1668E-09 1.2546E-09 1.3422E-09 1.4418E-09 1.5423E-09 1.6698E-09 1.7915E-09 1.9580E-09 2.1063E-09 2.3043E-09 2.5154E-09 2.7358E-09 3.0258E-09 3.3030E-09 3.6581E-09 4.0143E-09 4.4441E-09 4.9052E-09 5.4200E-09 6.0388E-09 6.7185E-09 7.5212E-09 8.4253E-09 9.4782E-09 1.0677E-08 1.2065E-08 1.3660E-08 1.5465E-08 1.7496E-08 1.9763E-08 2.2235E-08 2.4871E-08 2.7583E-08 3.0252E-08 3.2697E-08 3.4704E-08 3.6019E-08 3.6399E-08 3.5626E-08 3.3625E-08 3.0524E-08 2.6712E-08 2.2654E-08 1.8726E-08 1.5142E-08 1.1948E-08 9.1009E-09 6.6581E-09 4.7582E-09
5.6044E-10 6.0271E-10 6.5469E-10 7.0244E-10 7.5818E-10 8.1514E-10 8.7241E-10 9.4048E-10 1.0057E-09 1.0798E-09 1.1543E-09 1.2394E-09 1.3285E-09 1.4390E-09 1.5442E-09 1.6919E-09 1.8201E-09 1.9905E-09 2.1780E-09 2.3674E-09 2.6265E-09 2.8656E-09 3.1704E-09 3.4862E-09 3.8567E-09 4.2702E-09 4.7318E-09 5.2886E-09 5.9080E-09 6.6341E-09 7.4703E-09 8.4485E-09 9.5909E-09 1.0926E-08 1.2456E-08 1.4216E-08 1.6218E-08 1.8457E-08 2.0911E-08 2.3520E-08 2.6209E-08 2.8829E-08 3.1212E-08 3.3127E-08 3.4370E-08 3.4677E-08 3.3919E-08 3.2114E-08 2.9483E-08 2.6356E-08 2.3045E-08 1.9737E-08 1.6532E-08 1.3467E-08 1.0543E-08 8.0373E-09 5.9038E-09
4.7839E-10 5.1442E-10 5.5944E-10 6.0127E-10 6.4883E-10 6.9709E-10 7.4557E-10 8.0125E-10 8.5742E-10 9.2208E-10 9.8682E-10 1.0560E-09 1.1326E-09 1.2261E-09 1.3168E-09 1.4440E-09 1.5544E-09 1.6986E-09 1.8651E-09 2.0231E-09 2.2428E-09 2.4478E-09 2.7024E-09 2.9780E-09 3.2943E-09 3.6556E-09 4.0625E-09 4.5434E-09 5.0937E-09 5.7361E-09 6.4955E-09 7.3829E-09 8.4371E-09 9.6662E-09 1.1113E-08 1.2786E-08 1.4706E-08 1.6852E-08 1.9204E-08 2.1697E-08 2.4251E-08 2.6714E-08 2.8951E-08 3.0747E-08 3.1893E-08 3.2221E-08 3.1688E-08 3.0380E-08 2.8488E-08 2.6202E-08 2.3657E-08 2.0930E-08 1.8087E-08 1.5126E-08 1.2195E-08 9.5958E-09 7.2261E-09
4.0490E-10 4.3573E-10 4.7396E-10 5.0983E-10 5.4907E-10 5.8892E-10 6.3101E-10 6.7886E-10 7.2498E-10 7.7812E-10 8.3386E-10 8.9183E-10 9.5639E-10 1.0362E-09 1.1109E-09 1.2177E-09 1.3114E-09 1.4279E-09 1.5699E-09 1.7024E-09 1.8841E-09 2.0594E-09 2.2666E-09 2.4995E-09 2.7642E-09 3.0688E-09 3.4139E-09 3.8208E-09 4.2967E-09 4.8535E-09 5.5210E-09 6.3082E-09 7.2521E-09 8.3684E-09 9.6950E-09 1.1231E-08 1.3002E-08 1.4990E-08 1.7169E-08 1.9483E-08 2.1841E-08 2.4132E-08 2.6206E-08 2.7878E-08 2.9015E-08 2.9521E-08 2.9415E-08 2.8778E-08 2.7694E-08 2.6223E-08 2.4389E-08 2.2205E-08 1.9686E-08 1.6862E-08 1.4122E-08 1.1422E-08 8.8680E-09
3.3655E-10 3.6324E-10 3.9435E-10 4.2537E-10 4.6007E-10 4.9239E-10 5.2696E-10 5.6751E-10 6.0767E-10 6.5063E-10 6.9713E-10 7.4532E-10 7.9821E-10 8.6570E-10 9.2790E-10 1.0125E-09 1.0919E-09 1.1842E-09 1.3010E-09 1.4114E-09 1.5557E-09 1.6978E-09 1.8662E-09 2.0569E-09 2.2713E-09 2.5193E-09 2.8042E-09 3.1404E-09 3.5370E-09 4.0092E-09 4.5756E-09 5.2550E-09 6.0815E-09 7.0723E-09 8.2465E-09 9.6257E-09 1.1206E-08 1.2995E-08 1.4952E-08 1.7037E-08 1.9183E-08 2.1293E-08 2.3223E-08 2.4855E-08 2.6088E-08 2.6918E-08 2.7337E-08 2.7383E-08 2.7052E-08 2.6290E-08 2.5078E-08 2.3389E-08 2.1249E-08 1.8773E-08 1.6177E-08 1.3476E-08 1.0815E-08
2.7382E-10 2.9671E-10 3.2352E-10 3.4849E-10 3.7806E-10 4.0705E-10 4.3586E-10 4.6868E-10 5.0259E-10 5.3743E-10 5.7559E-10 6.1688E-10 6.5994E-10 7.1202E-10 7.6413E-10 8.3011E-10 8.9466E-10 9.6710E-10 1.0608E-09 1.1503E-09 1.2623E-09 1.3748E-09 1.5048E-09 1.6539E-09 1.8209E-09 2.0164E-09 2.2452E-09 2.5132E-09 2.8346E-09 3.2207E-09 3.6889E-09 4.2660E-09 4.9673E-09 5.8153E-09 6.8201E-09 8.0088E-09 9.3857E-09 1.0952E-08 1.2688E-08 1.4577E-08 1.6520E-08 1.8442E-08 2.0255E-08 2.1912E-08 2.3347E-08 2.4538E-08 2.5476E-08 2.6110E-08 2.6385E-08 2.6227E-08 2.5574E-08 2.4403E-08 2.2688E-08 2.0677E-08 1.8337E-08 1.5778E-08 1.3139E-08
2.2096E-10 2.3908E-10 2.6187E-10 2.8229E-10 3.0447E-10 3.2849E-10 3.5299E-10 3.7915E-10 4.0764E-10 4.3685E-10 4.6758E-10 5.0167E-10 5.3727E-10 5.7714E-10 6.2010E-10 6.6922E-10 7.2118E-10 7.7738E-10 8.5039E-10 9.1985E-10 1.0042E-09 1.0919E-09 1.1879E-09 1.3002E-09 1.4257E-09 1.5735E-09 1.7477E-09 1.9558E-09 2.2045E-09 2.5102E-09 2.8910E-09 3.3606E-09 3.9310E-09 4.6371E-09 5.4788E-09 6.4855E-09 7.6583E-09 9.0172E-09 1.0535E-08 1.2198E-08 1.3963E-08 1.5775E-08 1.7571E-08 1.9298E-08 2.0938E-08 2.2444E-08 2.3765E-08 2.4846E-08 2.5596E-08 2.5941E-08 2.5809E-08 2.5142E-08 2.4013E-08 2.2462E-08 2.0503E-08 1.8227E-08 1.5763E-08
1.7594E-10 1.9033E-10 2.0823E-10 2.2577E-10 2.4426E-10 2.6309E-10 2.8276E-10 3.0267E-10 3.2390E-10 3.4799E-10 3.7301E-10 3.9981E-10 4.2835E-10 4.5876E-10 4.9200E-10 5.2899E-10 5.6939E-10 6.1329E-10 6.6681E-10 7.2162E-10 7.8158E-10 8.4706E-10 9.1510E-10 9.9690E-10 1.0895E-09 1.1978E-09 1.3259E-09 1.4780E-09 1.6672E-09 1.9048E-09 2.2024E-09 2.5733E-09 3.0280E-09 3.5963E-09 4.2770E-09 5.1086E-09 6.0978E-09 7.2656E-09 8.5977E-09 1.0095E-08 1.1720E-08 1.3431E-08 1.5210E-08 1.7002E-08 1.8787E-08 2.0493E-08 2.2084E-08 2.3481E-08 2.4604E-08 2.5370E-08 2.5708E-08 2.5576E-08 2.5030E-08 2.4000E-08 2.2516E-08 2.0703E-08 1.8640E-08
1.3805E-10 1.5027E-10 1.6308E-10 1.7672E-10 1.9131E-10 2.0585E-10 2.2172E-10 2.3857E-10 2.5490E-10 2.7268E-10 2.9278E-10 3.1382E-10 3.3584E-10 3.5888E-10 3.8513E-10 4.1267E-10 4.4149E-10 4.7353E-10 5.0881E-10 5.4862E-10 5.9093E-10 6.3710E-10 6.8774E-10 7.4318E-10 8.0790E-10 8.8404E-10 9.7642E-10 1.0882E-09 1.2317E-09 1.4096E-09 1.6342E-09 1.9162E-09 2.2673E-09 2.7163E-09 3.2708E-09 3.9648E-09 4.8008E-09 5.8062E-09 6.9730E-09 8.3116E-09 9.8163E-09 1.1449E-08 1.3197E-08 1.4990E-08 1.6825E-08 1.8632E-08 2.0370E-08 2.1987E-08 2.3377E-08 2.4488E-08 2.5237E-08 2.5646E-08 2.5603E-08 2.5116E-08 2.4270E-08 2.3083E-08 2.1612E-08
