Assets/Resources/2015_m01_d11_2200(utc+0800)_l00_csi_1hr_conc.grd
DSAA
         159         159
     -79.000      79.000
     -79.000      79.000
  0.0000E+00  0.7070E-05
[rows 0 to 24 of 159, columns 57 to 113 of 159]
2.3573E-09 2.2076E-09 2.0590E-09 1.9118E-09 1.7668E-09 1.6254E-09 1.4878E-09 1.3555E-09 1.2290E-09 1.1088E-09 9.9488E-10 8.8640E-10 7.8456E-10 6.8836E-10 6.0031E-10 5.1844E-10 4.4506E-10 3.7688E-10 3.1467E-10 2.6015E-10 2.1242E-10 1.7332E-10 1.4014E-10 1.1208E-10 8.9098E-11 6.9713E-11 5.1880E-11 3.8429E-11 2.7339E-11 1.8152E-11 1.1993E-11 6.6918E-12 2.9551E-12 1.5646E-12 2.1665E-13 0.0000E+00 0.0000E+00 0.0000E+00 0.0000E+00 0.0000E+00 0.0000E+00 0.0000E+00 0.0000E+00 0.0000E+00 0.0000E+00 0.0000E+00 0.0000E+00 0.0000E+00 0.0000E+00 0.0000E+00 0.0000E+00 0.0000E+00 0.0000E+00 0.0000E+00 0.0000E+00 0.0000E+00 0.0000E+00
2.5547E-09 2.3965E-09 2.2382E-09 2.0813E-09 1.9266E-09 1.7750E-09 1.6276E-09 1.4850E-09 1.3477E-09 1.2164E-09 1.0914E-09 9.7348E-10 8.6294E-10 7.5833E-10 6.6246E-10 5.7173E-10 4.8954E-10 4.1765E-10 3.5055E-10 2.9041E-10 2.3670E-10 1.9256E-10 1.5659E-10 1.2601E-10 9.8633E-11 7.8424E-11 5.9094E-11 4.3326E-11 3.1258E-11 2.0981E-11 1.3743E-11 8.2218E-12 3.6816E-12 2.0245E-12 6.7032E-13 0.0000E+00 0.0000E+00 0.0000E+00 0.0000E+00 0.0000E+00 0.0000E+00 0.0000E+00 0.0000E+00 0.0000E+00 0.0000E+00 0.0000E+00 0.0000E+00 0.0000E+00 0.0000E+00 0.0000E+00 0.0000E+00 0.0000E+00 0.0000E+00 0.0000E+00 0.0000E+00 0.0000E+00 0.0000E+00
2.8076E-09 2.6407E-09 2.4730E-09 2.3058E-09 2.1400E-09 1.9769E-09 1.8178E-09 1.6631E-09 1.5142E-09 1.3700E-09 1.2317E-09 1.1000E-09 9.7540E-10 8.5808E-10 7.4979E-10 6.4839E-10 5.5360E-10 4.6974E-10 3.9437E-10 3.2754E-10 2.6551E-10 2.1274E-10 1.7339E-10 1.4110E-10 1.1079E-10 8.6183E-11 6.6842E-11 4.9063E-11 3.5422E-11 2.4408E-11 1.5790E-11 9.7762E-12 4.6454E-12 2.2505E-12 1.1607E-12 0.0000E+00 0.0000E+00 0.0000E+00 0.0000E+00 0.0000E+00 0.0000E+00 0.0000E+00 0.0000E+00 0.0000E+00 0.0000E+00 0.0000E+00 0.0000E+00 0.0000E+00 0.0000E+00 0.0000E+00 0.0000E+00 0.0000E+00 0.0000E+00 0.0000E+00 0.0000E+00 0.0000E+00 0.0000E+00
3.0415E-09 2.8658E-09 2.6890E-09 2.5114E-09 2.3346E-09 2.1599E-09 1.9883E-09 1.8208E-09 1.6591E-09 1.4995E-09 1.3528E-09 1.2094E-09 1.0721E-09 9.4430E-10 8.2447E-10 7.1581E-10 6.1322E-10 5.1988E-10 4.3586E-10 3.6248E-10 2.9669E-10 2.3777E-10 1.9095E-10 1.5544E-10 1.2435E-10 9.6611E-11 7.4101E-11 5.5145E-11 4.0227E-11 2.7831E-11 1.8322E-11 1.1593E-11 5.6325E-12 2.3940E-12 1.6498E-12 1.6215E-13 0.0000E+00 0.0000E+00 0.0000E+00 0.0000E+00 0.0000E+00 0.0000E+00 0.0000E+00 0.0000E+00 0.0000E+00 0.0000E+00 0.0000E+00 0.0000E+00 0.0000E+00 0.0000E+00 0.0000E+00 0.0000E+00 0.0000E+00 0.0000E+00 0.0000E+00 0.0000E+00 0.0000E+00
3.2895E-09 3.1055E-09 2.9101E-09 2.7308E-09 2.5433E-09 2.3571E-09 2.1728E-09 1.9923E-09 1.8162E-09 1.6458E-09 1.4819E-09 1.3245E-09 1.1784E-09 1.0386E-09 9.0720E-10 7.8603E-10 6.7571E-10 5.7460E-10 4.8262E-10 4.0055E-10 3.2809E-10 2.6563E-10 2.1136E-10 1.7031E-10 1.3774E-10 1.0800E-10 8.2819E-11 6.2088E-11 4.5370E-11 3.2151E-11 2.1173E-11 1.2959E-11 6.5983E-12 2.7027E-12 2.0437E-12 5.6936E-13 0.0000E+00 0.0000E+00 0.0000E+00 0.0000E+00 0.0000E+00 0.0000E+00 0.0000E+00 0.0000E+00 0.0000E+00 0.0000E+00 0.0000E+00 0.0000E+00 0.0000E+00 0.0000E+00 0.0000E+00 0.0000E+00 0.0000E+00 0.0000E+00 0.0000E+00 0.0000E+00 0.0000E+00
3.6174E-09 3.4253E-09 3.2290E-09 3.0303E-09 2.8303E-09 2.6300E-09 2.4315E-09 2.2361E-09 2.0441E-09 1.8560E-09 1.6722E-09 1.5002E-09 1.3327E-09 1.1753E-09 1.0286E-09 8.9009E-10 7.6387E-10 6.4857E-10 5.4577E-10 4.5162E-10 3.7009E-10 2.9835E-10 2.3567E-10 1.8827E-10 1.5074E-10 1.1993E-10 9.2775E-11 6.9712E-11 5.1035E-11 3.6142E-11 2.4415E-11 1.4701E-11 7.8510E-12 3.2752E-12 2.1831E-12 9.6798E-13 0.0000E+00 0.0000E+00 0.0000E+00 0.0000E+00 0.0000E+00 0.0000E+00 0.0000E+00 0.0000E+00 0.0000E+00 0.0000E+00 0.0000E+00 0.0000E+00 0.0000E+00 0.0000E+00 0.0000E+00 0.0000E+00 0.0000E+00 0.0000E+00 0.0000E+00 0.0000E+00 0.0000E+00
3.9151E-09 3.7148E-09 3.5088E-09 3.2993E-09 3.0858E-09 2.8716E-09 2.6580E-09 2.4465E-09 2.2387E-09 2.0327E-09 1.8389E-09 1.6486E-09 1.4658E-09 1.2927E-09 1.1323E-09 9.8156E-10 8.4391E-10 7.1634E-10 6.0269E-10 5.0020E-10 4.0887E-10 3.3059E-10 2.6191E-10 2.0817E-10 1.6641E-10 1.3207E-10 1.0290E-10 7.8025E-11 5.7579E-11 4.0529E-11 2.7848E-11 1.6613E-11 8.8332E-12 4.0557E-12 2.2888E-12 1.3550E-12 0.0000E+00 0.0000E+00 0.0000E+00 0.0000E+00 0.0000E+00 0.0000E+00 0.0000E+00 0.0000E+00 0.0000E+00 0.0000E+00 0.0000E+00 0.0000E+00 0.0000E+00 0.0000E+00 0.0000E+00 0.0000E+00 0.0000E+00 0.0000E+00 0.0000E+00 0.0000E+00 0.0000E+00
4.3017E-09 4.0946E-09 3.8804E-09 3.6588E-09 3.4320E-09 3.2032E-09 2.9726E-09 2.7435E-09 2.5126E-09 2.2914E-09 2.0730E-09 1.8607E-09 1.6569E-09 1.4623E-09 1.2795E-09 1.1087E-09 9.5420E-10 8.1090E-10 6.8074E-10 5.6541E-10 4.6337E-10 3.7239E-10 2.9429E-10 2.2964E-10 1.8343E-10 1.4597E-10 1.1405E-10 8.6908E-11 6.5116E-11 4.5301E-11 3.0996E-11 1.9017E-11 1.0213E-11 4.9596E-12 2.3879E-12 1.7271E-12 8.9634E-14 0.0000E+00 0.0000E+00 0.0000E+00 0.0000E+00 0.0000E+00 0.0000E+00 0.0000E+00 0.0000E+00 0.0000E+00 0.0000E+00 0.0000E+00 0.0000E+00 0.0000E+00 0.0000E+00 0.0000E+00 0.0000E+00 0.0000E+00 0.0000E+00 0.0000E+00 0.0000E+00
4.6581E-09 4.4405E-09 4.2195E-09 3.9783E-09 3.7449E-09 3.5005E-09 3.2542E-09 3.0047E-09 2.7612E-09 2.5181E-09 2.2807E-09 2.0482E-09 1.8253E-09 1.6136E-09 1.4121E-09 1.2254E-09 1.0540E-09 8.9750E-10 7.5372E-10 6.2622E-10 5.1240E-10 4.1441E-10 3.2903E-10 2.5381E-10 2.0162E-10 1.6092E-10 1.2672E-10 9.6803E-11 7.2856E-11 5.1653E-11 3.5295E-11 2.4824E-11 1.3014E-11 5.8116E-12 2.8227E-12 2.0171E-12 3.7194E-13 0.0000E+00 0.0000E+00 0.0000E+00 0.0000E+00 0.0000E+00 0.0000E+00 0.0000E+00 0.0000E+00 0.0000E+00 0.0000E+00 0.0000E+00 0.0000E+00 0.0000E+00 0.0000E+00 0.0000E+00 0.0000E+00 0.0000E+00 0.0000E+00 0.0000E+00 0.0000E+00
5.0407E-09 4.8188E-09 4.5822E-09 4.3356E-09 4.0819E-09 3.8221E-09 3.5571E-09 3.2927E-09 3.0277E-09 2.7650E-09 2.5069E-09 2.2528E-09 2.0107E-09 1.7778E-09 1.5586E-09 1.3542E-09 1.1651E-09 9.9013E-10 8.3366E-10 6.9302E-10 5.6796E-10 4.5849E-10 3.6609E-10 2.8458E-10 2.2248E-10 1.7754E-10 1.4056E-10 1.0826E-10 8.2249E-11 6.1659E-11 5.0673E-11 4.2940E-11 1.7094E-11 6.5188E-12 3.6171E-12 2.0841E-12 6.3703E-13 0.0000E+00 0.0000E+00 0.0000E+00 0.0000E+00 0.0000E+00 0.0000E+00 0.0000E+00 0.0000E+00 0.0000E+00 0.0000E+00 0.0000E+00 0.0000E+00 0.0000E+00 0.0000E+00 0.0000E+00 0.0000E+00 0.0000E+00 0.0000E+00 0.0000E+00 0.0000E+00
5.5304E-09 5.3014E-09 5.0568E-09 4.8001E-09 4.5332E-09 4.2572E-09 3.9748E-09 3.6893E-09 3.4013E-09 3.1145E-09 2.8280E-09 2.5510E-09 2.2773E-09 2.0165E-09 1.7683E-09 1.5386E-09 1.3237E-09 1.1262E-09 9.4871E-10 7.8798E-10 6.4614E-10 5.2179E-10 4.1432E-10 3.2177E-10 2.4851E-10 1.9693E-10 1.5729E-10 1.2501E-10 1.0898E-10 9.1794E-11 9.6897E-11 6.6424E-11 2.3306E-11 7.0258E-12 4.3797E-12 2.1428E-12 8.7802E-13 0.0000E+00 0.0000E+00 0.0000E+00 0.0000E+00 0.0000E+00 0.0000E+00 0.0000E+00 0.0000E+00 0.0000E+00 0.0000E+00 0.0000E+00 0.0000E+00 0.0000E+00 0.0000E+00 0.0000E+00 0.0000E+00 0.0000E+00 0.0000E+00 0.0000E+00 0.0000E+00
5.9853E-09 5.7489E-09 5.4961E-09 5.2286E-09 4.9474E-09 4.6551E-09 4.3551E-09 4.0487E-09 3.7385E-09 3.4253E-09 3.1203E-09 2.8166E-09 2.5181E-09 2.2329E-09 1.9610E-09 1.7055E-09 1.4684E-09 1.2509E-09 1.0534E-09 8.7602E-10 7.1948E-10 5.8331E-10 4.6432E-10 3.6331E-10 2.8000E-10 2.2348E-10 2.0049E-10 1.7055E-10 1.8929E-10 1.6004E-10 1.3815E-10 9.3919E-11 2.8795E-11 7.8325E-12 5.0297E-12 2.4086E-12 1.0917E-12 0.0000E+00 0.0000E+00 0.0000E+00 0.0000E+00 0.0000E+00 0.0000E+00 0.0000E+00 0.0000E+00 0.0000E+00 0.0000E+00 0.0000E+00 0.0000E+00 0.0000E+00 0.0000E+00 0.0000E+00 0.0000E+00 0.0000E+00 0.0000E+00 0.0000E+00 0.0000E+00
6.5338E-09 6.2957E-09 6.0373E-09 5.7607E-09 5.4668E-09 5.1591E-09 4.8400E-09 4.5116E-09 4.1738E-09 3.8402E-09 3.5021E-09 3.1681E-09 2.8368E-09 2.5174E-09 2.2137E-09 1.9259E-09 1.6596E-09 1.4149E-09 1.1912E-09 9.9170E-10 8.1227E-10 6.5876E-10 5.2485E-10 4.1526E-10 3.4655E-10 2.9216E-10 3.2904E-10 2.8761E-10 2.7880E-10 2.4362E-10 1.7654E-10 1.1916E-10 3.2532E-11 8.7637E-12 5.6979E-12 2.7754E-12 1.2747E-12 0.0000E+00 0.0000E+00 0.0000E+00 0.0000E+00 0.0000E+00 0.0000E+00 0.0000E+00 0.0000E+00 0.0000E+00 0.0000E+00 0.0000E+00 0.0000E+00 0.0000E+00 0.0000E+00 0.0000E+00 0.0000E+00 0.0000E+00 0.0000E+00 0.0000E+00 0.0000E+00
7.0683E-09 6.8282E-09 6.5639E-09 6.2781E-09 5.9723E-09 5.6490E-09 5.3114E-09 4.9604E-09 4.6038E-09 4.2402E-09 3.8749E-09 3.5114E-09 3.1526E-09 2.8016E-09 2.4670E-09 2.1499E-09 1.8542E-09 1.5807E-09 1.3324E-09 1.1122E-09 9.1310E-10 7.4589E-10 6.1473E-10 5.2796E-10 5.6039E-10 4.8314E-10 4.6944E-10 4.4609E-10 3.8406E-10 3.0878E-10 2.1378E-10 1.1467E-10 2.8835E-11 9.7348E-12 6.1297E-12 3.1470E-12 1.4237E-12 0.0000E+00 0.0000E+00 0.0000E+00 0.0000E+00 0.0000E+00 0.0000E+00 0.0000E+00 0.0000E+00 0.0000E+00 0.0000E+00 0.0000E+00 0.0000E+00 0.0000E+00 0.0000E+00 0.0000E+00 0.0000E+00 0.0000E+00 0.0000E+00 0.0000E+00 0.0000E+00
7.6397E-09 7.3988E-09 7.1311E-09 6.8381E-09 6.5226E-09 6.1866E-09 5.8323E-09 5.4622E-09 5.0793E-09 4.6880E-09 4.2922E-09 3.8990E-09 3.5108E-09 3.1264E-09 2.7584E-09 2.4074E-09 2.0789E-09 1.7765E-09 1.5000E-09 1.2552E-09 1.0504E-09 9.1897E-10 8.3270E-10 8.3217E-10 7.8504E-10 7.4750E-10 6.7438E-10 5.8459E-10 4.9762E-10 3.5800E-10 2.2392E-10 1.0240E-10 2.5888E-11 1.0809E-11 6.8048E-12 3.5444E-12 1.5609E-12 5.9687E-15 0.0000E+00 0.0000E+00 0.0000E+00 0.0000E+00 0.0000E+00 0.0000E+00 0.0000E+00 0.0000E+00 0.0000E+00 0.0000E+00 0.0000E+00 0.0000E+00 0.0000E+00 0.0000E+00 0.0000E+00 0.0000E+00 0.0000E+00 0.0000E+00 0.0000E+00
8.3128E-09 8.0778E-09 7.8143E-09 7.5205E-09 7.1983E-09 6.8487E-09 6.4762E-09 6.0828E-09 5.6733E-09 5.2512E-09 4.8218E-09 4.3925E-09 3.9671E-09 3.5409E-09 3.1287E-09 2.7365E-09 2.3677E-09 2.0304E-09 1.7324E-09 1.5317E-09 1.3478E-09 1.3571E-09 1.2254E-09 1.2588E-09 1.1291E-09 9.9373E-10 9.0163E-10 7.1597E-10 5.4786E-10 3.6623E-10 2.1326E-10 1.0199E-10 2.1850E-11 1.1816E-11 7.4766E-12 3.9071E-12 1.8333E-12 3.0245E-14 0.0000E+00 0.0000E+00 0.0000E+00 0.0000E+00 0.0000E+00 0.0000E+00 0.0000E+00 0.0000E+00 0.0000E+00 0.0000E+00 0.0000E+00 0.0000E+00 0.0000E+00 0.0000E+00 0.0000E+00 0.0000E+00 0.0000E+00 0.0000E+00 0.0000E+00
8.9833E-09 8.7595E-09 8.4982E-09 8.2015E-09 7.8720E-09 7.5141E-09 7.1267E-09 6.7159E-09 6.2849E-09 5.8376E-09 5.3782E-09 4.9146E-09 4.4504E-09 3.9879E-09 3.5321E-09 3.1003E-09 2.7030E-09 2.4273E-09 2.1411E-09 2.1636E-09 1.9422E-09 1.9683E-09 1.7831E-09 1.6608E-09 1.5333E-09 1.2636E-09 1.0353E-09 7.7349E-10 5.5566E-10 3.5247E-10 2.0261E-10 9.5624E-11 1.9941E-11 1.2722E-11 8.2448E-12 4.0109E-12 2.0578E-12 3.9214E-14 0.0000E+00 0.0000E+00 0.0000E+00 0.0000E+00 0.0000E+00 0.0000E+00 0.0000E+00 0.0000E+00 0.0000E+00 0.0000E+00 0.0000E+00 0.0000E+00 0.0000E+00 0.0000E+00 0.0000E+00 0.0000E+00 0.0000E+00 0.0000E+00 0.0000E+00
9.7475E-09 9.5363E-09 9.2862E-09 8.9961E-09 8.6691E-09 8.3073E-09 7.9095E-09 7.4820E-09 7.0264E-09 6.5493E-09 6.0585E-09 5.5568E-09 5.0513E-09 4.5490E-09 4.0570E-09 3.6974E-09 3.3014E-09 3.3529E-09 3.0210E-09 2.9449E-09 2.7696E-09 2.6826E-09 2.4847E-09 2.1298E-09 1.8174E-09 1.4183E-09 1.1002E-09 7.8879E-10 5.3886E-10 3.5013E-10 1.9717E-10 9.9887E-11 2.1691E-11 1.3556E-11 8.9332E-12 4.1730E-12 2.2281E-12 3.1081E-14 0.0000E+00 0.0000E+00 0.0000E+00 0.0000E+00 0.0000E+00 0.0000E+00 0.0000E+00 0.0000E+00 0.0000E+00 0.0000E+00 0.0000E+00 0.0000E+00 0.0000E+00 0.0000E+00 0.0000E+00 0.0000E+00 0.0000E+00 0.0000E+00 0.0000E+00
1.0531E-08 1.0341E-08 1.0106E-08 9.8285E-09 9.5064E-09 9.1419E-09 8.7389E-09 8.3011E-09 7.8298E-09 7.3307E-09 6.8096E-09 6.2739E-09 5.7377E-09 5.2570E-09 4.8589E-09 4.9766E-09 4.5398E-09 4.4393E-09 4.2538E-09 4.0043E-09 3.6729E-09 3.4433E-09 3.0181E-09 2.4596E-09 1.9810E-09 1.4935E-09 1.1114E-09 7.6965E-10 5.2052E-10 3.4323E-10 1.9094E-10 9.6148E-11 2.3036E-11 1.4462E-11 9.4757E-12 4.4754E-12 2.3378E-12 3.6914E-15 0.0000E+00 0.0000E+00 0.0000E+00 0.0000E+00 0.0000E+00 0.0000E+00 0.0000E+00 0.0000E+00 0.0000E+00 0.0000E+00 0.0000E+00 0.0000E+00 0.0000E+00 0.0000E+00 0.0000E+00 0.0000E+00 0.0000E+00 0.0000E+00 0.0000E+00
1.1372E-08 1.1212E-08 1.1002E-08 1.0743E-08 1.0436E-08 1.0087E-08 9.6892E-09 9.2441E-09 8.7587E-09 8.2410E-09 7.7024E-09 7.1818E-09 6.7957E-09 6.5538E-09 6.5495E-09 6.4685E-09 6.2955E-09 5.9782E-09 5.5489E-09 5.2716E-09 4.6288E-09 4.0310E-09 3.3758E-09 2.6688E-09 2.0763E-09 1.5289E-09 1.0922E-09 7.6788E-10 5.0618E-10 3.5358E-10 1.8547E-10 1.1028E-10 2.4474E-11 1.5378E-11 9.7378E-12 4.7173E-12 2.3790E-12 0.0000E+00 0.0000E+00 0.0000E+00 0.0000E+00 0.0000E+00 0.0000E+00 0.0000E+00 0.0000E+00 0.0000E+00 0.0000E+00 0.0000E+00 0.0000E+00 0.0000E+00 0.0000E+00 0.0000E+00 0.0000E+00 0.0000E+00 0.0000E+00 0.0000E+00 0.0000E+00
1.2320E-08 1.2201E-08 1.2029E-08 1.1807E-08 1.1532E-08 1.1198E-08 1.0805E-08 1.0364E-08 9.8865E-09 9.3958E-09 9.0638E-09 8.7094E-09 8.9423E-09 8.6768E-09 8.9801E-09 8.6585E-09 8.1578E-09 7.8673E-09 7.0112E-09 6.3114E-09 5.4051E-09 4.4604E-09 3.6115E-09 2.7942E-09 2.1201E-09 1.5342E-09 1.0940E-09 7.5699E-10 5.0531E-10 3.5202E-10 1.9261E-10 1.1413E-10 2.5598E-11 1.6143E-11 1.0062E-11 4.8920E-12 2.3421E-12 0.0000E+00 0.0000E+00 0.0000E+00 0.0000E+00 0.0000E+00 0.0000E+00 0.0000E+00 0.0000E+00 0.0000E+00 0.0000E+00 0.0000E+00 0.0000E+00 0.0000E+00 0.0000E+00 0.0000E+00 0.0000E+00 0.0000E+00 0.0000E+00 0.0000E+00 0.0000E+00
1.3320E-08 1.3255E-08 1.3139E-08 1.2961E-08 1.2723E-08 1.2423E-08 1.2074E-08 1.1687E-08 1.1480E-08 1.1145E-08 1.1651E-08 1.1347E-08 1.2008E-08 1.1637E-08 1.1518E-08 1.1336E-08 1.0310E-08 9.4746E-09 8.2239E-09 7.1346E-09 5.9270E-09 4.7599E-09 3.7878E-09 2.8789E-09 2.1406E-09 1.5463E-09 1.0969E-09 7.6487E-10 5.0149E-10 3.6059E-10 1.9557E-10 1.1389E-10 2.6827E-11 1.6721E-11 1.0418E-11 5.0517E-12 2.2950E-12 0.0000E+00 0.0000E+00 0.0000E+00 0.0000E+00 0.0000E+00 0.0000E+00 0.0000E+00 0.0000E+00 0.0000E+00 0.0000E+00 0.0000E+00 0.0000E+00 0.0000E+00 0.0000E+00 0.0000E+00 0.0000E+00 0.0000E+00 0.0000E+00 0.0000E+00 0.0000E+00
1.4431E-08 1.4445E-08 1.4394E-08 1.4286E-08 1.4120E-08 1.3903E-08 1.3887E-08 1.3665E-08 1.4547E-08 1.4346E-08 1.4942E-08 1.5040E-08 1.5526E-08 1.5501E-08 1.4556E-08 1.3712E-08 1.2178E-08 1.0799E-08 9.1927E-09 7.6971E-09 6.2866E-09 4.9804E-09 3.9185E-09 2.9621E-09 2.1915E-09 1.5820E-09 1.1292E-09 7.8953E-10 5.2340E-10 3.6102E-10 1.9680E-10 1.0922E-10 2.7760E-11 1.7060E-11 1.0478E-11 5.1685E-12 2.1576E-12 0.0000E+00 0.0000E+00 0.0000E+00 0.0000E+00 0.0000E+00 0.0000E+00 0.0000E+00 0.0000E+00 0.0000E+00 0.0000E+00 0.0000E+00 0.0000E+00 0.0000E+00 0.0000E+00 0.0000E+00 0.0000E+00 0.0000E+00 0.0000E+00 0.0000E+00 0.0000E+00
1.5648E-08 1.5751E-08 1.5803E-08 1.5807E-08 1.5856E-08 1.6015E-08 1.7335E-08 1.7344E-08 1.8274E-08 1.8795E-08 1.9289E-08 1.9267E-08 1.9566E-08 1.8915E-08 1.7247E-08 1.5735E-08 1.3733E-08 1.1826E-08 9.9629E-09 8.1253E-09 6.5699E-09 5.1927E-09 4.0426E-09 3.0629E-09 2.2748E-09 1.6456E-09 1.1708E-09 8.2470E-10 5.4623E-10 3.7147E-10 1.9842E-10 9.9639E-11 2.8371E-11 1.7592E-11 1.0367E-11 5.2184E-12 1.8718E-12 0.0000E+00 0.0000E+00 0.0000E+00 0.0000E+00 0.0000E+00 0.0000E+00 0.0000E+00 0.0000E+00 0.0000E+00 0.0000E+00 0.0000E+00 0.0000E+00 0.0000E+00 0.0000E+00 0.0000E+00 0.0000E+00 0.0000E+00 0.0000E+00 0.0000E+00 0.0000E+00
1.6999E-08 1.7248E-08 1.7510E-08 1.7980E-08 1.8804E-08 2.0064E-08 2.1463E-08 2.2497E-08 2.3393E-08 2.3757E-08 2.4618E-08 2.3979E-08 2.3240E-08 2.1797E-08 1.9557E-08 1.7343E-08 1.4954E-08 1.2659E-08 1.0534E-08 8.5434E-09 6.8460E-09 5.4212E-09 4.2432E-09 3.1980E-09 2.4087E-09 1.7361E-09 1.2618E-09 8.7268E-10 5.8413E-10 3.9645E-10 2.1395E-10 9.4657E-11 2.8461E-11 1.7892E-11 1.0255E-11 5.0670E-12 1.6848E-12 0.0000E+00 0.0000E+00 0.0000E+00 0.0000E+00 0.0000E+00 0.0000E+00 0.0000E+00 0.0000E+00 0.0000E+00 0.0000E+00 0.0000E+00 0.0000E+00 0.0000E+00 0.0000E+00 0.0000E+00 0.0000E+00 0.0000E+00 0.0000E+00 0.0000E+00 0.0000E+00
