Assets/Resources/2015_m01_d27_0200(utc+0800)_l00_csi_1hr_conc.grd
DSAA
         159         159
     -79.000      79.000
     -79.000      79.000
  0.0000E+00  0.6265E-05
[rows 25 to 49 of 159, columns 57 to 113 of 159]
8.4565E-11 1.3218E-10 1.7773E-10 2.4343E-10 3.2492E-10 4.3171E-10 5.6497E-10 7.3028E-10 9.3154E-10 1.1778E-09 1.4713E-09 1.8182E-09 2.2230E-09 2.6886E-09 3.2117E-09 3.7895E-09 4.4177E-09 5.0844E-09 5.7786E-09 6.4831E-09 7.1767E-09 7.8371E-09 8.4419E-09 8.9697E-09 9.4009E-09 9.7166E-09 9.9047E-09 9.9569E-09 9.8717E-09 9.6530E-09 9.3102E-09 8.8562E-09 8.3101E-09 7.6902E-09 7.0209E-09 6.3181E-09 5.6137E-09 4.9178E-09 4.2492E-09 3.6209E-09 3.0423E-09 2.5185E-09 2.0551E-09 1.6421E-09 1.3044E-09 1.0231E-09 7.8924E-10 5.9985E-10 4.4829E-10 3.3096E-10 2.3623E-10 1.5995E-10 9.8350E-11 4.4932E-11 1.0612E-11 0.0000E+00 0.0000E+00
4.1358E-11 9.3662E-11 1.4308E-10 2.0462E-10 2.7896E-10 3.7987E-10 5.0576E-10 6.6033E-10 8.5254E-10 1.0904E-09 1.3771E-09 1.7216E-09 2.1294E-09 2.5999E-09 3.1346E-09 3.7309E-09 4.3840E-09 5.0847E-09 5.8182E-09 6.5670E-09 7.3083E-09 8.0195E-09 8.6774E-09 9.2553E-09 9.7308E-09 1.0085E-08 1.0303E-08 1.0376E-08 1.0302E-08 1.0084E-08 9.7323E-09 9.2601E-09 8.6899E-09 8.0427E-09 7.3409E-09 6.6110E-09 5.8686E-09 5.1416E-09 4.4415E-09 3.7830E-09 3.1758E-09 2.6277E-09 2.1451E-09 1.7094E-09 1.3599E-09 1.0660E-09 8.2397E-10 6.2729E-10 4.6799E-10 3.4593E-10 2.4919E-10 1.6787E-10 1.0478E-10 5.1694E-11 1.1828E-11 0.0000E+00 0.0000E+00
2.2062E-11 5.0783E-11 1.0407E-10 1.6509E-10 2.3485E-10 3.3170E-10 4.5151E-10 5.9927E-10 7.8474E-10 1.0141E-09 1.2973E-09 1.6414E-09 2.0498E-09 2.5277E-09 3.0763E-09 3.6936E-09 4.3754E-09 5.1131E-09 5.8895E-09 6.6872E-09 7.4849E-09 8.2534E-09 8.9662E-09 9.5961E-09 1.0117E-08 1.0510E-08 1.0756E-08 1.0847E-08 1.0779E-08 1.0557E-08 1.0190E-08 9.6968E-09 9.0989E-09 8.4129E-09 7.6750E-09 6.9031E-09 6.1247E-09 5.3556E-09 4.6233E-09 3.9402E-09 3.3063E-09 2.7360E-09 2.2300E-09 1.7744E-09 1.4101E-09 1.1053E-09 8.5370E-10 6.4974E-10 4.8648E-10 3.5801E-10 2.5780E-10 1.7455E-10 1.0909E-10 5.6994E-11 1.3090E-11 0.0000E+00 0.0000E+00
1.0053E-11 2.9052E-11 6.2185E-11 1.2492E-10 1.9080E-10 2.8498E-10 4.0115E-10 5.4462E-10 7.2335E-10 9.4746E-10 1.2296E-09 1.5718E-09 1.9836E-09 2.4724E-09 3.0396E-09 3.6828E-09 4.3989E-09 5.1765E-09 6.0029E-09 6.8561E-09 7.7123E-09 8.5429E-09 9.3164E-09 1.0004E-08 1.0576E-08 1.1009E-08 1.1285E-08 1.1391E-08 1.1324E-08 1.1092E-08 1.0705E-08 1.0179E-08 9.5403E-09 8.8159E-09 8.0266E-09 7.2092E-09 6.3889E-09 5.5810E-09 4.8060E-09 4.0845E-09 3.4241E-09 2.8295E-09 2.3063E-09 1.8326E-09 1.4525E-09 1.1370E-09 8.7764E-10 6.6574E-10 4.9989E-10 3.6816E-10 2.6567E-10 1.7831E-10 1.1108E-10 5.9903E-11 1.4673E-11 0.0000E+00 0.0000E+00
2.3160E-12 1.5124E-11 3.8645E-11 8.7220E-11 1.4905E-10 2.4048E-10 3.5253E-10 4.9244E-10 6.6551E-10 8.8956E-10 1.1688E-09 1.5108E-09 1.9304E-09 2.4321E-09 3.0197E-09 3.6891E-09 4.4404E-09 5.2634E-09 6.1451E-09 7.0608E-09 7.9824E-09 8.8825E-09 9.7230E-09 1.0471E-08 1.1094E-08 1.1563E-08 1.1865E-08 1.1985E-08 1.1916E-08 1.1667E-08 1.1248E-08 1.0683E-08 1.0001E-08 9.2218E-09 8.3837E-09 7.5133E-09 6.6361E-09 5.7856E-09 4.9739E-09 4.2217E-09 3.5317E-09 2.9135E-09 2.3695E-09 1.8794E-09 1.4857E-09 1.1609E-09 8.9602E-10 6.7904E-10 5.0886E-10 3.7355E-10 2.7003E-10 1.7968E-10 1.1351E-10 5.9790E-11 1.6658E-11 0.0000E+00 0.0000E+00
7.7180E-13 5.3282E-12 2.2225E-11 6.3376E-11 1.1448E-10 2.0050E-10 3.0866E-10 4.4388E-10 6.1471E-10 8.3610E-10 1.1115E-09 1.4586E-09 1.8864E-09 2.4016E-09 3.0105E-09 3.7144E-09 4.5079E-09 5.3865E-09 6.3279E-09 7.3129E-09 8.3092E-09 9.2768E-09 1.0193E-08 1.1009E-08 1.1693E-08 1.2211E-08 1.2541E-08 1.2669E-08 1.2590E-08 1.2316E-08 1.1860E-08 1.1245E-08 1.0499E-08 9.6622E-09 8.7595E-09 7.8264E-09 6.9007E-09 5.9920E-09 5.1357E-09 4.3400E-09 3.6229E-09 2.9820E-09 2.4194E-09 1.9199E-09 1.5101E-09 1.1783E-09 9.0793E-10 6.8668E-10 5.1321E-10 3.7464E-10 2.7210E-10 1.8079E-10 1.1187E-10 6.0057E-11 1.8015E-11 0.0000E+00 0.0000E+00
0.0000E+00 2.1369E-12 1.0443E-11 4.6251E-11 8.7363E-11 1.6921E-10 2.6953E-10 4.0149E-10 5.6841E-10 7.8727E-10 1.0631E-09 1.4154E-09 1.8485E-09 2.3794E-09 3.0168E-09 3.7547E-09 4.5955E-09 5.5237E-09 6.5335E-09 7.5959E-09 8.6786E-09 9.7385E-09 1.0738E-08 1.1632E-08 1.2376E-08 1.2933E-08 1.3289E-08 1.3422E-08 1.3330E-08 1.3021E-08 1.2513E-08 1.1836E-08 1.1026E-08 1.0111E-08 9.1347E-09 8.1394E-09 7.1402E-09 6.1811E-09 5.2782E-09 4.4511E-09 3.6993E-09 3.0369E-09 2.4540E-09 1.9441E-09 1.5219E-09 1.1864E-09 9.0841E-10 6.8600E-10 5.1254E-10 3.7219E-10 2.7028E-10 1.7852E-10 1.0847E-10 5.8705E-11 2.0032E-11 0.0000E+00 0.0000E+00
0.0000E+00 5.0138E-13 5.7855E-12 3.4443E-11 6.8324E-11 1.4305E-10 2.4122E-10 3.6692E-10 5.2804E-10 7.4447E-10 1.0234E-09 1.3769E-09 1.8178E-09 2.3698E-09 3.0326E-09 3.8090E-09 4.7052E-09 5.7085E-09 6.8048E-09 7.9580E-09 9.1385E-09 1.0294E-08 1.1391E-08 1.2371E-08 1.3186E-08 1.3798E-08 1.4178E-08 1.4308E-08 1.4185E-08 1.3826E-08 1.3251E-08 1.2493E-08 1.1593E-08 1.0594E-08 9.5369E-09 8.4527E-09 7.3974E-09 6.3679E-09 5.4113E-09 4.5405E-09 3.7513E-09 3.0664E-09 2.4694E-09 1.9565E-09 1.5186E-09 1.1809E-09 9.0387E-10 6.8126E-10 5.0640E-10 3.6540E-10 2.6421E-10 1.7189E-10 1.0439E-10 5.6310E-11 2.1330E-11 0.0000E+00 0.0000E+00
0.0000E+00 0.0000E+00 3.1674E-12 3.0293E-11 5.4926E-11 1.2158E-10 2.1783E-10 3.4151E-10 4.9479E-10 7.0897E-10 9.9234E-10 1.3456E-09 1.7966E-09 2.3661E-09 3.0605E-09 3.8852E-09 4.8404E-09 5.9169E-09 7.0984E-09 8.3562E-09 9.6459E-09 1.0923E-08 1.2125E-08 1.3199E-08 1.4091E-08 1.4749E-08 1.5153E-08 1.5278E-08 1.5122E-08 1.4702E-08 1.4047E-08 1.3195E-08 1.2195E-08 1.1092E-08 9.9310E-09 8.7658E-09 7.6169E-09 6.5353E-09 5.5212E-09 4.6051E-09 3.7876E-09 3.0797E-09 2.4691E-09 1.9508E-09 1.5059E-09 1.1664E-09 8.8865E-10 6.6916E-10 4.9216E-10 3.5503E-10 2.5346E-10 1.6347E-10 9.8809E-11 5.2912E-11 2.0508E-11 0.0000E+00 0.0000E+00
0.0000E+00 0.0000E+00 1.0423E-12 2.7353E-11 5.0133E-11 1.0628E-10 1.9551E-10 3.2165E-10 4.7098E-10 6.8373E-10 9.6211E-10 1.3186E-09 1.7791E-09 2.3723E-09 3.1012E-09 3.9713E-09 4.9950E-09 6.1619E-09 7.4497E-09 8.8318E-09 1.0254E-08 1.1657E-08 1.2989E-08 1.4178E-08 1.5161E-08 1.5884E-08 1.6310E-08 1.6419E-08 1.6209E-08 1.5710E-08 1.4951E-08 1.3979E-08 1.2851E-08 1.1622E-08 1.0353E-08 9.0767E-09 7.8506E-09 6.6826E-09 5.6142E-09 4.6516E-09 3.7890E-09 3.0672E-09 2.4496E-09 1.9298E-09 1.4789E-09 1.1415E-09 8.6451E-10 6.4843E-10 4.7420E-10 3.3737E-10 2.3803E-10 1.5281E-10 9.1628E-11 4.9047E-11 1.8535E-11 0.0000E+00 0.0000E+00
0.0000E+00 0.0000E+00 6.4562E-13 2.5677E-11 4.7830E-11 1.0062E-10 1.7713E-10 2.9587E-10 4.4541E-10 6.5934E-10 9.3993E-10 1.3008E-09 1.7685E-09 2.3807E-09 3.1455E-09 4.0731E-09 5.1698E-09 6.4311E-09 7.8414E-09 9.3578E-09 1.0927E-08 1.2484E-08 1.3959E-08 1.5272E-08 1.6341E-08 1.7126E-08 1.7574E-08 1.7665E-08 1.7400E-08 1.6803E-08 1.5921E-08 1.4811E-08 1.3540E-08 1.2172E-08 1.0761E-08 9.3746E-09 8.0427E-09 6.8023E-09 5.6737E-09 4.6667E-09 3.7724E-09 3.0359E-09 2.4102E-09 1.8888E-09 1.4362E-09 1.1041E-09 8.2952E-10 6.2001E-10 4.4870E-10 3.1624E-10 2.2055E-10 1.4086E-10 8.3642E-11 4.3879E-11 1.5753E-11 0.0000E+00 0.0000E+00
0.0000E+00 0.0000E+00 0.0000E+00 2.2898E-11 3.9400E-11 9.2480E-11 1.6952E-10 2.7393E-10 4.1976E-10 6.3432E-10 9.1315E-10 1.2781E-09 1.7536E-09 2.3942E-09 3.1964E-09 4.1796E-09 5.3616E-09 6.7360E-09 8.2807E-09 9.9510E-09 1.1693E-08 1.3418E-08 1.5060E-08 1.6518E-08 1.7709E-08 1.8564E-08 1.9032E-08 1.9088E-08 1.8735E-08 1.8020E-08 1.6989E-08 1.5712E-08 1.4267E-08 1.2728E-08 1.1172E-08 9.6482E-09 8.2178E-09 6.8981E-09 5.7083E-09 4.6392E-09 3.7194E-09 2.9761E-09 2.3524E-09 1.8339E-09 1.3829E-09 1.0563E-09 7.8976E-10 5.8336E-10 4.1524E-10 2.9224E-10 2.0073E-10 1.2711E-10 7.4736E-11 3.8442E-11 1.3043E-11 0.0000E+00 0.0000E+00
0.0000E+00 0.0000E+00 0.0000E+00 1.9876E-11 3.4460E-11 8.2492E-11 1.5590E-10 2.5700E-10 3.8879E-10 6.0348E-10 8.8608E-10 1.2510E-09 1.7393E-09 2.3972E-09 3.2405E-09 4.2916E-09 5.5670E-09 7.0597E-09 8.7531E-09 1.0598E-08 1.2530E-08 1.4459E-08 1.6280E-08 1.7897E-08 1.9202E-08 2.0131E-08 2.0622E-08 2.0647E-08 2.0209E-08 1.9352E-08 1.8147E-08 1.6673E-08 1.5029E-08 1.3303E-08 1.1571E-08 9.9069E-09 8.3554E-09 6.9439E-09 5.6948E-09 4.5927E-09 3.6507E-09 2.8937E-09 2.2735E-09 1.7617E-09 1.3174E-09 9.9494E-10 7.3786E-10 5.3792E-10 3.7960E-10 2.6659E-10 1.7922E-10 1.1284E-10 6.5038E-11 3.2046E-11 1.0227E-11 0.0000E+00 0.0000E+00
0.0000E+00 0.0000E+00 0.0000E+00 1.5865E-11 2.9952E-11 7.0779E-11 1.4128E-10 2.3961E-10 3.6756E-10 5.6703E-10 8.4731E-10 1.2123E-09 1.7080E-09 2.3933E-09 3.2837E-09 4.4008E-09 5.7739E-09 7.4061E-09 9.2694E-09 1.1316E-08 1.3461E-08 1.5603E-08 1.7635E-08 1.9436E-08 2.0900E-08 2.1917E-08 2.2426E-08 2.2396E-08 2.1840E-08 2.0818E-08 1.9402E-08 1.7703E-08 1.5829E-08 1.3884E-08 1.1968E-08 1.0146E-08 8.4852E-09 7.0156E-09 5.6531E-09 4.5059E-09 3.5398E-09 2.7825E-09 2.1690E-09 1.6711E-09 1.2373E-09 9.2598E-10 6.7783E-10 4.9065E-10 3.4086E-10 2.3710E-10 1.5689E-10 9.7686E-11 5.5085E-11 2.5424E-11 7.6412E-12 0.0000E+00 0.0000E+00
0.0000E+00 0.0000E+00 0.0000E+00 1.0939E-11 2.4104E-11 6.0691E-11 1.2053E-10 2.1034E-10 3.3531E-10 5.2832E-10 8.0241E-10 1.1672E-09 1.6659E-09 2.3706E-09 3.3056E-09 4.5013E-09 5.9901E-09 7.7757E-09 9.8269E-09 1.2094E-08 1.4480E-08 1.6877E-08 1.9150E-08 2.1154E-08 2.2749E-08 2.3848E-08 2.4379E-08 2.4309E-08 2.3643E-08 2.2438E-08 2.0801E-08 1.8854E-08 1.6759E-08 1.4784E-08 1.2536E-08 1.0458E-08 8.5984E-09 6.9829E-09 5.5639E-09 4.3929E-09 3.4075E-09 2.6499E-09 2.0511E-09 1.5636E-09 1.1452E-09 8.4739E-10 6.1258E-10 4.3766E-10 3.0231E-10 2.0679E-10 1.3391E-10 8.2505E-11 4.5155E-11 1.9447E-11 5.2097E-12 0.0000E+00 0.0000E+00
0.0000E+00 0.0000E+00 0.0000E+00 7.8223E-12 1.8278E-11 4.9638E-11 1.0292E-10 1.8563E-10 2.9618E-10 4.8473E-10 7.4327E-10 1.1000E-09 1.6022E-09 2.3367E-09 3.3191E-09 4.5990E-09 6.2110E-09 8.1721E-09 1.0452E-08 1.2979E-08 1.5646E-08 1.8310E-08 2.0827E-08 2.3060E-08 2.4851E-08 2.6077E-08 2.6652E-08 2.6560E-08 2.5814E-08 2.5304E-08 2.3170E-08 2.0704E-08 1.8077E-08 1.5465E-08 1.2987E-08 1.0804E-08 9.1412E-09 7.0176E-09 5.4395E-09 4.2387E-09 3.2414E-09 2.4887E-09 1.9095E-09 1.4458E-09 1.0432E-09 7.6142E-10 5.4678E-10 3.8392E-10 2.6238E-10 1.7542E-10 1.1096E-10 6.7411E-11 3.4974E-11 1.3710E-11 2.9185E-12 0.0000E+00 0.0000E+00
0.0000E+00 0.0000E+00 0.0000E+00 0.0000E+00 1.3077E-11 3.8880E-11 8.3413E-11 1.5688E-10 2.5226E-10 4.2708E-10 6.8022E-10 1.0215E-09 1.5164E-09 2.2697E-09 3.3082E-09 4.6858E-09 6.4510E-09 8.6305E-09 1.1170E-08 1.3998E-08 1.6999E-08 2.0000E-08 2.2845E-08 2.5369E-08 2.7434E-08 2.9499E-08 3.0959E-08 3.0631E-08 2.9479E-08 2.7724E-08 2.5356E-08 2.2851E-08 2.2981E-08 1.8389E-08 1.4535E-08 1.1401E-08 8.8169E-09 6.8238E-09 5.2790E-09 4.0602E-09 3.0503E-09 2.3104E-09 1.7542E-09 1.3076E-09 9.3617E-10 6.7359E-10 4.7922E-10 3.3016E-10 2.2402E-10 1.4577E-10 8.9464E-11 5.2900E-11 2.5201E-11 8.7041E-12 1.1138E-12 0.0000E+00 0.0000E+00
0.0000E+00 0.0000E+00 0.0000E+00 0.0000E+00 0.0000E+00 1.8968E-11 6.2943E-11 1.2784E-10 2.1028E-10 3.6462E-10 5.9329E-10 9.1831E-10 1.4048E-09 2.1886E-09 3.2908E-09 4.7907E-09 6.7420E-09 9.1747E-09 1.2055E-08 1.5288E-08 1.8739E-08 2.2390E-08 2.6927E-08 2.9889E-08 3.2221E-08 3.3831E-08 3.4808E-08 3.5080E-08 4.4803E-08 3.9423E-08 3.3631E-08 2.7945E-08 2.2747E-08 1.8229E-08 1.4599E-08 1.2289E-08 9.1125E-09 6.7599E-09 5.0905E-09 3.8415E-09 2.8322E-09 2.1054E-09 1.5792E-09 1.1637E-09 8.2745E-10 5.8456E-10 4.1160E-10 2.7792E-10 1.8554E-10 1.1645E-10 6.9158E-11 3.9826E-11 1.6908E-11 4.3828E-12 1.4202E-13 0.0000E+00 0.0000E+00
0.0000E+00 0.0000E+00 0.0000E+00 0.0000E+00 0.0000E+00 7.2432E-12 2.8743E-11 9.3667E-11 1.6532E-10 2.9969E-10 5.0286E-10 8.0501E-10 1.2839E-09 2.0861E-09 3.2692E-09 4.9143E-09 7.1253E-09 9.9668E-09 1.3972E-08 1.7892E-08 2.2041E-08 2.6230E-08 3.0436E-08 3.4415E-08 4.1184E-08 5.3411E-08 5.2036E-08 4.8912E-08 4.4521E-08 3.9471E-08 3.4250E-08 3.4662E-08 2.6979E-08 2.0932E-08 1.5854E-08 1.1789E-08 8.6829E-09 6.5580E-09 4.8844E-09 3.5929E-09 2.5910E-09 1.8852E-09 1.3973E-09 1.0165E-09 7.1583E-10 4.9824E-10 3.4482E-10 2.2774E-10 1.4882E-10 9.0255E-11 5.1299E-11 2.7088E-11 9.2347E-12 7.6778E-13 0.0000E+00 0.0000E+00 0.0000E+00
0.0000E+00 0.0000E+00 0.0000E+00 0.0000E+00 0.0000E+00 8.6508E-13 1.5256E-11 5.1411E-11 1.0063E-10 2.3479E-10 4.0889E-10 6.7953E-10 1.1580E-09 2.0036E-09 3.4420E-09 5.3749E-09 8.0000E-09 1.1358E-08 1.5494E-08 2.0135E-08 2.6344E-08 4.0641E-08 4.5782E-08 4.9669E-08 5.2039E-08 5.2964E-08 5.2366E-08 5.5602E-08 5.7213E-08 4.9646E-08 4.1263E-08 3.3331E-08 2.6372E-08 2.0619E-08 1.7769E-08 1.2760E-08 8.9756E-09 6.3585E-09 4.6122E-09 3.3485E-09 2.3526E-09 1.6591E-09 1.2120E-09 8.7007E-10 6.0679E-10 4.1516E-10 2.8199E-10 1.8113E-10 1.1505E-10 6.6482E-11 3.5043E-11 1.5843E-11 3.1863E-12 3.4483E-13 0.0000E+00 0.0000E+00 0.0000E+00
0.0000E+00 0.0000E+00 0.0000E+00 0.0000E+00 0.0000E+00 0.0000E+00 5.7639E-12 2.0489E-11 5.5162E-11 1.4640E-10 3.0749E-10 6.2155E-10 1.0847E-09 1.9789E-09 3.4546E-09 5.6295E-09 8.8655E-09 1.5970E-08 2.1489E-08 2.7597E-08 3.3882E-08 4.0038E-08 4.5353E-08 5.1875E-08 6.6529E-08 6.6526E-08 6.4935E-08 6.0482E-08 5.4628E-08 4.7978E-08 5.1997E-08 3.9750E-08 3.0929E-08 2.3080E-08 1.6810E-08 1.2013E-08 8.5070E-09 6.5694E-09 4.3605E-09 3.0705E-09 2.0868E-09 1.4355E-09 1.0307E-09 7.2684E-10 5.0299E-10 3.3881E-10 2.2312E-10 1.3976E-10 8.4835E-11 4.5681E-11 2.1046E-11 6.8358E-12 9.0318E-13 8.7376E-14 0.0000E+00 0.0000E+00 0.0000E+00
0.0000E+00 0.0000E+00 0.0000E+00 0.0000E+00 0.0000E+00 0.0000E+00 1.7729E-12 1.2736E-11 3.0493E-11 8.4315E-11 2.0814E-10 4.8050E-10 1.0085E-09 2.2849E-09 4.1727E-09 6.8657E-09 1.0687E-08 1.5604E-08 2.1523E-08 2.8392E-08 4.1100E-08 4.8222E-08 5.5090E-08 5.9701E-08 6.2550E-08 6.3435E-08 6.5288E-08 7.3019E-08 6.5935E-08 5.6616E-08 4.6882E-08 3.7662E-08 2.9548E-08 2.6722E-08 1.9059E-08 1.3081E-08 8.7789E-09 5.8683E-09 4.0647E-09 2.8077E-09 1.8282E-09 1.2258E-09 8.5376E-10 5.9252E-10 4.0627E-10 2.6802E-10 1.7100E-10 1.0227E-10 5.8265E-11 2.8466E-11 1.0058E-11 1.6248E-12 3.6910E-13 0.0000E+00 0.0000E+00 0.0000E+00 0.0000E+00
0.0000E+00 0.0000E+00 0.0000E+00 0.0000E+00 0.0000E+00 0.0000E+00 0.0000E+00 3.5143E-12 1.9881E-11 4.3083E-11 1.2999E-10 3.7781E-10 8.6330E-10 1.8623E-09 3.8325E-09 6.8059E-09 1.2139E-08 1.8056E-08 2.5244E-08 3.2861E-08 4.0548E-08 4.7398E-08 5.4421E-08 6.9093E-08 7.2950E-08 7.3399E-08 7.1204E-08 6.6907E-08 6.0887E-08 5.7709E-08 5.6511E-08 4.4588E-08 3.3740E-08 2.4679E-08 1.7503E-08 1.2251E-08 9.5147E-09 6.0762E-09 3.7807E-09 2.5225E-09 1.5758E-09 1.0214E-09 6.8901E-10 4.7237E-10 3.1910E-10 2.0459E-10 1.2466E-10 7.0770E-11 3.6333E-11 1.4299E-11 2.0782E-12 6.7612E-13 7.6910E-14 0.0000E+00 0.0000E+00 0.0000E+00 0.0000E+00
0.0000E+00 0.0000E+00 0.0000E+00 0.0000E+00 0.0000E+00 0.0000E+00 0.0000E+00 0.0000E+00 7.6609E-12 2.6133E-11 9.0110E-11 3.2376E-10 8.1762E-10 1.9023E-09 3.9644E-09 7.2680E-09 1.2490E-08 1.8676E-08 2.6263E-08 3.7317E-08 4.6312E-08 5.4011E-08 6.0312E-08 6.4876E-08 6.7351E-08 7.0013E-08 8.2579E-08 7.7625E-08 7.0020E-08 6.0653E-08 5.0705E-08 4.0908E-08 3.7487E-08 2.9097E-08 1.9918E-08 1.3223E-08 8.4647E-09 5.2905E-09 3.4878E-09 2.2756E-09 1.3458E-09 8.2431E-10 5.4111E-10 3.6766E-10 2.4203E-10 1.4965E-10 8.6600E-11 4.3625E-11 1.7641E-11 3.7810E-12 1.0287E-12 2.4776E-13 0.0000E+00 0.0000E+00 0.0000E+00 0.0000E+00 0.0000E+00
0.0000E+00 0.0000E+00 0.0000E+00 0.0000E+00 0.0000E+00 0.0000E+00 0.0000E+00 0.0000E+00 1.0793E-12 1.1845E-11 6.4485E-11 2.9672E-10 8.3166E-10 1.9698E-09 4.0897E-09 7.7848E-09 1.3288E-08 2.0981E-08 2.9772E-08 3.8645E-08 4.7276E-08 5.4622E-08 6.6598E-08 7.2287E-08 7.4858E-08 7.5128E-08 7.3270E-08 6.9387E-08 6.7343E-08 7.1724E-08 5.9578E-08 4.7095E-08 3.5499E-08 2.5778E-08 1.8671E-08 1.5302E-08 9.2785E-09 5.4555E-09 3.1630E-09 1.9472E-09 1.1322E-09 6.4008E-10 4.1553E-10 2.7817E-10 1.7740E-10 1.0305E-10 5.4459E-11 2.2641E-11 5.6712E-12 1.2822E-12 3.7564E-13 0.0000E+00 0.0000E+00 0.0000E+00 0.0000E+00 0.0000E+00 0.0000E+00
