Assets/Resources/2015_m01_d17_1700(utc+0800)_l00_csi_1hr_conc.grd
DSAA
         159         159
     -79.000      79.000
     -79.000      79.000
  0.0000E+00  0.5812E-05
[rows 25 to 49 of 159, columns 0 to 56 of 159]
5.6825E-09 6.1587E-09 6.6370E-09 7.1170E-09 7.5938E-09 8.0632E-09 8.5208E-09 8.9641E-09 9.3907E-09 9.7965E-09 1.0182E-08 1.0542E-08 1.0875E-08 1.1181E-08 1.1458E-08 1.1702E-08 1.1913E-08 1.2095E-08 1.2246E-08 1.2366E-08 1.2455E-08 1.2515E-08 1.2545E-08 1.2543E-08 1.2513E-08 1.2455E-08 1.2369E-08 1.2257E-08 1.2119E-08 1.1958E-08 1.1777E-08 1.1578E-08 1.1361E-08 1.1127E-08 1.0879E-08 1.0618E-08 1.0346E-08 1.0064E-08 9.7747E-09 9.4796E-09 9.1794E-09 8.8771E-09 8.5736E-09 8.2690E-09 7.9664E-09 7.6664E-09 7.3679E-09 7.0742E-09 6.7862E-09 6.5014E-09 6.2233E-09 5.9551E-09 5.6946E-09 5.4420E-09 5.1993E-09 4.9637E-09 4.7386E-09
5.8633E-09 6.3609E-09 6.8642E-09 7.3688E-09 7.8703E-09 8.3638E-09 8.8462E-09 9.3142E-09 9.7630E-09 1.0192E-08 1.0598E-08 1.0978E-08 1.1331E-08 1.1654E-08 1.1944E-08 1.2201E-08 1.2427E-08 1.2617E-08 1.2775E-08 1.2902E-08 1.2995E-08 1.3056E-08 1.3085E-08 1.3084E-08 1.3053E-08 1.2990E-08 1.2900E-08 1.2782E-08 1.2639E-08 1.2470E-08 1.2278E-08 1.2064E-08 1.1833E-08 1.1584E-08 1.1321E-08 1.1044E-08 1.0756E-08 1.0457E-08 1.0151E-08 9.8377E-09 9.5201E-09 9.1992E-09 8.8777E-09 8.5575E-09 8.2377E-09 7.9199E-09 7.6054E-09 7.2954E-09 6.9909E-09 6.6946E-09 6.4014E-09 6.1177E-09 5.8441E-09 5.5785E-09 5.3240E-09 5.0764E-09 4.8393E-09
6.0403E-09 6.5636E-09 7.0920E-09 7.6216E-09 8.1478E-09 8.6667E-09 9.1749E-09 9.6668E-09 1.0141E-08 1.0593E-08 1.1021E-08 1.1422E-08 1.1794E-08 1.2134E-08 1.2440E-08 1.2714E-08 1.2950E-08 1.3151E-08 1.3318E-08 1.3451E-08 1.3546E-08 1.3613E-08 1.3644E-08 1.3641E-08 1.3606E-08 1.3541E-08 1.3446E-08 1.3321E-08 1.3169E-08 1.2991E-08 1.2789E-08 1.2565E-08 1.2319E-08 1.2055E-08 1.1775E-08 1.1482E-08 1.1176E-08 1.0859E-08 1.0535E-08 1.0204E-08 9.8677E-09 9.5293E-09 9.1897E-09 8.8496E-09 8.5120E-09 8.1761E-09 7.8431E-09 7.5166E-09 7.1956E-09 6.8823E-09 6.5776E-09 6.2781E-09 5.9896E-09 5.7093E-09 5.4425E-09 5.1867E-09 4.9383E-09
6.2144E-09 6.7637E-09 7.3181E-09 7.8733E-09 8.4256E-09 8.9713E-09 9.5042E-09 1.0023E-08 1.0522E-08 1.0998E-08 1.1448E-08 1.1871E-08 1.2263E-08 1.2621E-08 1.2946E-08 1.3234E-08 1.3485E-08 1.3696E-08 1.3872E-08 1.4010E-08 1.4114E-08 1.4181E-08 1.4211E-08 1.4210E-08 1.4173E-08 1.4102E-08 1.4001E-08 1.3870E-08 1.3711E-08 1.3525E-08 1.3312E-08 1.3075E-08 1.2817E-08 1.2538E-08 1.2241E-08 1.1931E-08 1.1607E-08 1.1274E-08 1.0931E-08 1.0582E-08 1.0226E-08 9.8672E-09 9.5076E-09 9.1486E-09 8.7914E-09 8.4372E-09 8.0884E-09 7.7441E-09 7.4081E-09 7.0805E-09 6.7595E-09 6.4469E-09 6.1429E-09 5.8482E-09 5.5660E-09 5.2979E-09 5.0387E-09
6.3826E-09 6.9562E-09 7.5395E-09 8.1210E-09 8.7022E-09 9.2738E-09 9.8351E-09 1.0379E-08 1.0905E-08 1.1405E-08 1.1880E-08 1.2323E-08 1.2735E-08 1.3115E-08 1.3457E-08 1.3763E-08 1.4026E-08 1.4250E-08 1.4435E-08 1.4581E-08 1.4688E-08 1.4758E-08 1.4792E-08 1.4789E-08 1.4749E-08 1.4677E-08 1.4571E-08 1.4432E-08 1.4264E-08 1.4068E-08 1.3846E-08 1.3597E-08 1.3326E-08 1.3033E-08 1.2722E-08 1.2395E-08 1.2054E-08 1.1702E-08 1.1339E-08 1.0970E-08 1.0596E-08 1.0218E-08 9.8400E-09 9.4625E-09 9.0861E-09 8.7118E-09 8.3435E-09 7.9818E-09 7.6279E-09 7.2821E-09 6.9460E-09 6.6181E-09 6.2996E-09 5.9903E-09 5.6927E-09 5.4102E-09 5.1412E-09
6.5405E-09 7.1447E-09 7.7529E-09 8.3656E-09 8.9733E-09 9.5748E-09 1.0163E-08 1.0735E-08 1.1286E-08 1.1813E-08 1.2311E-08 1.2777E-08 1.3212E-08 1.3610E-08 1.3974E-08 1.4293E-08 1.4573E-08 1.4811E-08 1.5006E-08 1.5158E-08 1.5272E-08 1.5345E-08 1.5379E-08 1.5376E-08 1.5337E-08 1.5259E-08 1.5147E-08 1.5003E-08 1.4826E-08 1.4621E-08 1.4388E-08 1.4128E-08 1.3844E-08 1.3541E-08 1.3217E-08 1.2873E-08 1.2514E-08 1.2143E-08 1.1763E-08 1.1376E-08 1.0983E-08 1.0586E-08 1.0187E-08 9.7891E-09 9.3913E-09 8.9979E-09 8.6108E-09 8.2312E-09 7.8604E-09 7.4964E-09 7.1420E-09 6.7996E-09 6.4665E-09 6.1418E-09 5.8316E-09 5.5310E-09 5.2489E-09
6.6917E-09 7.3203E-09 7.9595E-09 8.5996E-09 9.2384E-09 9.8685E-09 1.0487E-08 1.1087E-08 1.1665E-08 1.2218E-08 1.2740E-08 1.3233E-08 1.3688E-08 1.4110E-08 1.4488E-08 1.4829E-08 1.5124E-08 1.5376E-08 1.5581E-08 1.5743E-08 1.5861E-08 1.5936E-08 1.5974E-08 1.5971E-08 1.5928E-08 1.5849E-08 1.5733E-08 1.5581E-08 1.5395E-08 1.5180E-08 1.4935E-08 1.4666E-08 1.4372E-08 1.4053E-08 1.3712E-08 1.3355E-08 1.2981E-08 1.2592E-08 1.2193E-08 1.1784E-08 1.1370E-08 1.0954E-08 1.0535E-08 1.0118E-08 9.7013E-09 9.2893E-09 8.8829E-09 8.4835E-09 8.0920E-09 7.7096E-09 7.3382E-09 6.9781E-09 6.6299E-09 6.2905E-09 5.9674E-09 5.6534E-09 5.3542E-09
6.8271E-09 7.4856E-09 8.1522E-09 8.8236E-09 9.4920E-09 1.0154E-08 1.0802E-08 1.1432E-08 1.2039E-08 1.2618E-08 1.3168E-08 1.3684E-08 1.4165E-08 1.4603E-08 1.5006E-08 1.5362E-08 1.5675E-08 1.5940E-08 1.6158E-08 1.6328E-08 1.6450E-08 1.6533E-08 1.6571E-08 1.6567E-08 1.6525E-08 1.6443E-08 1.6322E-08 1.6164E-08 1.5971E-08 1.5746E-08 1.5494E-08 1.5211E-08 1.4902E-08 1.4572E-08 1.4220E-08 1.3850E-08 1.3461E-08 1.3055E-08 1.2638E-08 1.2212E-08 1.1781E-08 1.1345E-08 1.0906E-08 1.0467E-08 1.0031E-08 9.5995E-09 9.1724E-09 8.7537E-09 8.3423E-09 7.9406E-09 7.5514E-09 7.1750E-09 6.8095E-09 6.4564E-09 6.1185E-09 5.7936E-09 5.4791E-09
6.9484E-09 7.6343E-09 8.3301E-09 9.0324E-09 9.7333E-09 1.0426E-08 1.1106E-08 1.1767E-08 1.2403E-08 1.3013E-08 1.3590E-08 1.4133E-08 1.4633E-08 1.5097E-08 1.5515E-08 1.5892E-08 1.6221E-08 1.6502E-08 1.6731E-08 1.6911E-08 1.7044E-08 1.7127E-08 1.7167E-08 1.7166E-08 1.7122E-08 1.7037E-08 1.6913E-08 1.6749E-08 1.6550E-08 1.6320E-08 1.6055E-08 1.5760E-08 1.5442E-08 1.5098E-08 1.4734E-08 1.4348E-08 1.3944E-08 1.3523E-08 1.3091E-08 1.2646E-08 1.2193E-08 1.1736E-08 1.1278E-08 1.0820E-08 1.0365E-08 9.9132E-09 9.4668E-09 9.0274E-09 8.5952E-09 8.1742E-09 7.7654E-09 7.3696E-09 6.9856E-09 6.6168E-09 6.2615E-09 5.9233E-09 5.5957E-09
7.0527E-09 7.7650E-09 8.4917E-09 9.2237E-09 9.9568E-09 1.0682E-08 1.1393E-08 1.2087E-08 1.2756E-08 1.3396E-08 1.4002E-08 1.4569E-08 1.5097E-08 1.5579E-08 1.6020E-08 1.6413E-08 1.6760E-08 1.7055E-08 1.7299E-08 1.7491E-08 1.7629E-08 1.7720E-08 1.7763E-08 1.7762E-08 1.7717E-08 1.7630E-08 1.7502E-08 1.7336E-08 1.7133E-08 1.6892E-08 1.6620E-08 1.6317E-08 1.5987E-08 1.5631E-08 1.5254E-08 1.4855E-08 1.4439E-08 1.4003E-08 1.3555E-08 1.3095E-08 1.2627E-08 1.2153E-08 1.1676E-08 1.1198E-08 1.0723E-08 1.0250E-08 9.7825E-09 9.3224E-09 8.8704E-09 8.4297E-09 8.0022E-09 7.5876E-09 7.1852E-09 6.8009E-09 6.4313E-09 6.0740E-09 5.7344E-09
7.1355E-09 7.8761E-09 8.6312E-09 9.3957E-09 1.0160E-08 1.0917E-08 1.1662E-08 1.2389E-08 1.3092E-08 1.3761E-08 1.4398E-08 1.4992E-08 1.5546E-08 1.6051E-08 1.6513E-08 1.6923E-08 1.7287E-08 1.7598E-08 1.7857E-08 1.8059E-08 1.8209E-08 1.8305E-08 1.8351E-08 1.8351E-08 1.8306E-08 1.8218E-08 1.8089E-08 1.7920E-08 1.7710E-08 1.7466E-08 1.7184E-08 1.6875E-08 1.6535E-08 1.6167E-08 1.5779E-08 1.5366E-08 1.4935E-08 1.4486E-08 1.4024E-08 1.3548E-08 1.3063E-08 1.2571E-08 1.2074E-08 1.1576E-08 1.1080E-08 1.0587E-08 1.0100E-08 9.6182E-09 9.1480E-09 8.6888E-09 8.2413E-09 7.8067E-09 7.3845E-09 6.9809E-09 6.5936E-09 6.2195E-09 5.8625E-09
7.1952E-09 7.9626E-09 8.7477E-09 9.5419E-09 1.0338E-08 1.1129E-08 1.1908E-08 1.2670E-08 1.3404E-08 1.4109E-08 1.4773E-08 1.5400E-08 1.5977E-08 1.6510E-08 1.6990E-08 1.7422E-08 1.7800E-08 1.8127E-08 1.8398E-08 1.8616E-08 1.8775E-08 1.8878E-08 1.8929E-08 1.8931E-08 1.8886E-08 1.8798E-08 1.8668E-08 1.8495E-08 1.8284E-08 1.8031E-08 1.7749E-08 1.7431E-08 1.7081E-08 1.6707E-08 1.6306E-08 1.5880E-08 1.5439E-08 1.4977E-08 1.4499E-08 1.4008E-08 1.3509E-08 1.3002E-08 1.2489E-08 1.1974E-08 1.1457E-08 1.0946E-08 1.0439E-08 9.9380E-09 9.4465E-09 8.9666E-09 8.4986E-09 8.0438E-09 7.6026E-09 7.1805E-09 6.7734E-09 6.3834E-09 6.0080E-09
7.2296E-09 8.0221E-09 8.8355E-09 9.6596E-09 1.0489E-08 1.1314E-08 1.2126E-08 1.2923E-08 1.3691E-08 1.4427E-08 1.5128E-08 1.5779E-08 1.6390E-08 1.6945E-08 1.7450E-08 1.7900E-08 1.8296E-08 1.8636E-08 1.8924E-08 1.9152E-08 1.9323E-08 1.9436E-08 1.9492E-08 1.9497E-08 1.9455E-08 1.9367E-08 1.9235E-08 1.9061E-08 1.8844E-08 1.8594E-08 1.8304E-08 1.7982E-08 1.7629E-08 1.7245E-08 1.6836E-08 1.6403E-08 1.5946E-08 1.5471E-08 1.4982E-08 1.4480E-08 1.3966E-08 1.3443E-08 1.2914E-08 1.2383E-08 1.1851E-08 1.1320E-08 1.0792E-08 1.0271E-08 9.7608E-09 9.2620E-09 8.7744E-09 8.3009E-09 7.8418E-09 7.4000E-09 6.9728E-09 6.5628E-09 6.1668E-09
7.2360E-09 8.0534E-09 8.8920E-09 9.7468E-09 1.0608E-08 1.1465E-08 1.2312E-08 1.3143E-08 1.3946E-08 1.4718E-08 1.5447E-08 1.6134E-08 1.6771E-08 1.7355E-08 1.7883E-08 1.8354E-08 1.8766E-08 1.9125E-08 1.9424E-08 1.9666E-08 1.9848E-08 1.9970E-08 2.0034E-08 2.0046E-08 2.0006E-08 1.9919E-08 1.9786E-08 1.9609E-08 1.9396E-08 1.9141E-08 1.8853E-08 1.8526E-08 1.8168E-08 1.7780E-08 1.7361E-08 1.6918E-08 1.6453E-08 1.5967E-08 1.5464E-08 1.4949E-08 1.4421E-08 1.3885E-08 1.3345E-08 1.2797E-08 1.2247E-08 1.1699E-08 1.1154E-08 1.0615E-08 1.0087E-08 9.5688E-09 9.0612E-09 8.5644E-09 8.0854E-09 7.6214E-09 7.1727E-09 6.7415E-09 6.3265E-09
7.2124E-09 8.0511E-09 8.9155E-09 9.7983E-09 1.0690E-08 1.1580E-08 1.2461E-08 1.3327E-08 1.4163E-08 1.4969E-08 1.5733E-08 1.6449E-08 1.7116E-08 1.7729E-08 1.8282E-08 1.8776E-08 1.9209E-08 1.9584E-08 1.9898E-08 2.0151E-08 2.0345E-08 2.0478E-08 2.0551E-08 2.0570E-08 2.0534E-08 2.0448E-08 2.0316E-08 2.0144E-08 1.9928E-08 1.9679E-08 1.9386E-08 1.9059E-08 1.8698E-08 1.8302E-08 1.7880E-08 1.7432E-08 1.6958E-08 1.6463E-08 1.5951E-08 1.5425E-08 1.4889E-08 1.4341E-08 1.3785E-08 1.3225E-08 1.2664E-08 1.2100E-08 1.1541E-08 1.0986E-08 1.0438E-08 9.9005E-09 9.3743E-09 8.8584E-09 8.3608E-09 7.8757E-09 7.4065E-09 6.9521E-09 6.5155E-09
7.1574E-09 8.0152E-09 8.9020E-09 9.8107E-09 1.0731E-08 1.1653E-08 1.2566E-08 1.3467E-08 1.4341E-08 1.5177E-08 1.5974E-08 1.6724E-08 1.7421E-08 1.8064E-08 1.8644E-08 1.9161E-08 1.9618E-08 2.0009E-08 2.0338E-08 2.0604E-08 2.0810E-08 2.0953E-08 2.1039E-08 2.1062E-08 2.1034E-08 2.0950E-08 2.0824E-08 2.0651E-08 2.0444E-08 2.0193E-08 1.9903E-08 1.9574E-08 1.9209E-08 1.8814E-08 1.8389E-08 1.7934E-08 1.7454E-08 1.6953E-08 1.6434E-08 1.5901E-08 1.5353E-08 1.4795E-08 1.4231E-08 1.3658E-08 1.3085E-08 1.2508E-08 1.1935E-08 1.1366E-08 1.0802E-08 1.0248E-08 9.7026E-09 9.1666E-09 8.6461E-09 8.1380E-09 7.6462E-09 7.1692E-09 6.7114E-09
7.0709E-09 7.9431E-09 8.8488E-09 9.7807E-09 1.0728E-08 1.1680E-08 1.2626E-08 1.3559E-08 1.4467E-08 1.5339E-08 1.6169E-08 1.6951E-08 1.7680E-08 1.8352E-08 1.8959E-08 1.9504E-08 1.9981E-08 2.0393E-08 2.0738E-08 2.1019E-08 2.1235E-08 2.1392E-08 2.1486E-08 2.1521E-08 2.1496E-08 2.1421E-08 2.1301E-08 2.1137E-08 2.0932E-08 2.0683E-08 2.0395E-08 2.0067E-08 1.9704E-08 1.9307E-08 1.8879E-08 1.8422E-08 1.7940E-08 1.7436E-08 1.6914E-08 1.6373E-08 1.5821E-08 1.5255E-08 1.4679E-08 1.4100E-08 1.3517E-08 1.2929E-08 1.2344E-08 1.1763E-08 1.1184E-08 1.0612E-08 1.0048E-08 9.4951E-09 8.9553E-09 8.4280E-09 7.9125E-09 7.4118E-09 6.9307E-09
6.9534E-09 7.8339E-09 8.7541E-09 9.7054E-09 1.0676E-08 1.1656E-08 1.2631E-08 1.3598E-08 1.4540E-08 1.5444E-08 1.6308E-08 1.7124E-08 1.7884E-08 1.8586E-08 1.9223E-08 1.9794E-08 2.0296E-08 2.0727E-08 2.1091E-08 2.1387E-08 2.1618E-08 2.1785E-08 2.1892E-08 2.1935E-08 2.1922E-08 2.1859E-08 2.1747E-08 2.1590E-08 2.1388E-08 2.1143E-08 2.0859E-08 2.0534E-08 2.0171E-08 1.9775E-08 1.9348E-08 1.8892E-08 1.8413E-08 1.7909E-08 1.7383E-08 1.6843E-08 1.6285E-08 1.5715E-08 1.5137E-08 1.4549E-08 1.3957E-08 1.3363E-08 1.2768E-08 1.2175E-08 1.1585E-08 1.1004E-08 1.0427E-08 9.8541E-09 9.2911E-09 8.7403E-09 8.2001E-09 7.6767E-09 7.1733E-09
6.8163E-09 7.6914E-09 8.6172E-09 9.5831E-09 1.0575E-08 1.1578E-08 1.2581E-08 1.3578E-08 1.4553E-08 1.5491E-08 1.6386E-08 1.7236E-08 1.8027E-08 1.8760E-08 1.9427E-08 2.0024E-08 2.0551E-08 2.1006E-08 2.1389E-08 2.1702E-08 2.1949E-08 2.2130E-08 2.2248E-08 2.2303E-08 2.2307E-08 2.2256E-08 2.2153E-08 2.2002E-08 2.1805E-08 2.1567E-08 2.1286E-08 2.0963E-08 2.0605E-08 2.0215E-08 1.9793E-08 1.9343E-08 1.8865E-08 1.8363E-08 1.7843E-08 1.7301E-08 1.6747E-08 1.6176E-08 1.5592E-08 1.5003E-08 1.4408E-08 1.3808E-08 1.3207E-08 1.2609E-08 1.2012E-08 1.1415E-08 1.0821E-08 1.0229E-08 9.6489E-09 9.0773E-09 8.5159E-09 7.9697E-09 7.4418E-09
6.6642E-09 7.5254E-09 8.4443E-09 9.4132E-09 1.0420E-08 1.1443E-08 1.2470E-08 1.3496E-08 1.4499E-08 1.5469E-08 1.6398E-08 1.7279E-08 1.8102E-08 1.8866E-08 1.9563E-08 2.0188E-08 2.0741E-08 2.1219E-08 2.1624E-08 2.1958E-08 2.2220E-08 2.2415E-08 2.2550E-08 2.2624E-08 2.2641E-08 2.2604E-08 2.2510E-08 2.2366E-08 2.2178E-08 2.1945E-08 2.1666E-08 2.1351E-08 2.1004E-08 2.0622E-08 2.0208E-08 1.9765E-08 1.9295E-08 1.8801E-08 1.8283E-08 1.7752E-08 1.7197E-08 1.6629E-08 1.6052E-08 1.5462E-08 1.4865E-08 1.4265E-08 1.3663E-08 1.3058E-08 1.2451E-08 1.1846E-08 1.1244E-08 1.0637E-08 1.0039E-08 9.4445E-09 8.8642E-09 8.2962E-09 7.7446E-09
6.5044E-09 7.3420E-09 8.2441E-09 9.2050E-09 1.0211E-08 1.1249E-08 1.2297E-08 1.3347E-08 1.4377E-08 1.5376E-08 1.6336E-08 1.7249E-08 1.8104E-08 1.8899E-08 1.9625E-08 2.0278E-08 2.0857E-08 2.1361E-08 2.1788E-08 2.2143E-08 2.2425E-08 2.2638E-08 2.2793E-08 2.2885E-08 2.2918E-08 2.2893E-08 2.2810E-08 2.2679E-08 2.2495E-08 2.2267E-08 2.1998E-08 2.1697E-08 2.1361E-08 2.0989E-08 2.0588E-08 2.0155E-08 1.9696E-08 1.9210E-08 1.8709E-08 1.8179E-08 1.7637E-08 1.7077E-08 1.6503E-08 1.5921E-08 1.5329E-08 1.4731E-08 1.4128E-08 1.3525E-08 1.2918E-08 1.2304E-08 1.1687E-08 1.1066E-08 1.0458E-08 9.8488E-09 9.2482E-09 8.6603E-09 8.0857E-09
6.3408E-09 7.1487E-09 8.0239E-09 8.9662E-09 9.9629E-09 1.0999E-08 1.2058E-08 1.3126E-08 1.4182E-08 1.5208E-08 1.6196E-08 1.7139E-08 1.8024E-08 1.8851E-08 1.9606E-08 2.0287E-08 2.0893E-08 2.1422E-08 2.1875E-08 2.2251E-08 2.2557E-08 2.2794E-08 2.2972E-08 2.3081E-08 2.3127E-08 2.3117E-08 2.3052E-08 2.2924E-08 2.2750E-08 2.2531E-08 2.2278E-08 2.1992E-08 2.1669E-08 2.1315E-08 2.0925E-08 2.0509E-08 2.0061E-08 1.9596E-08 1.9101E-08 1.8591E-08 1.8057E-08 1.7508E-08 1.6948E-08 1.6377E-08 1.5793E-08 1.5205E-08 1.4612E-08 1.4007E-08 1.3395E-08 1.2778E-08 1.2162E-08 1.1537E-08 1.0909E-08 1.0283E-08 9.6758E-09 9.0737E-09 8.4783E-09
6.1652E-09 6.9480E-09 7.7916E-09 8.7047E-09 9.6783E-09 1.0702E-08 1.1759E-08 1.2836E-08 1.3910E-08 1.4959E-08 1.5973E-08 1.6944E-08 1.7859E-08 1.8715E-08 1.9499E-08 2.0208E-08 2.0841E-08 2.1396E-08 2.1875E-08 2.2281E-08 2.2613E-08 2.2871E-08 2.3069E-08 2.3199E-08 2.3264E-08 2.3268E-08 2.3212E-08 2.3099E-08 2.2939E-08 2.2735E-08 2.2500E-08 2.2229E-08 2.1926E-08 2.1586E-08 2.1218E-08 2.0815E-08 2.0392E-08 1.9940E-08 1.9467E-08 1.8969E-08 1.8455E-08 1.7924E-08 1.7381E-08 1.6827E-08 1.6258E-08 1.5684E-08 1.5096E-08 1.4498E-08 1.3895E-08 1.3284E-08 1.2658E-08 1.2024E-08 1.1397E-08 1.0776E-08 1.0150E-08 9.5282E-09 8.9161E-09
5.9783E-09 6.7330E-09 7.5478E-09 8.4281E-09 9.3694E-09 1.0368E-08 1.1410E-08 1.2483E-08 1.3563E-08 1.4628E-08 1.5664E-08 1.6661E-08 1.7602E-08 1.8486E-08 1.9299E-08 2.0035E-08 2.0695E-08 2.1278E-08 2.1788E-08 2.2222E-08 2.2579E-08 2.2864E-08 2.3083E-08 2.3233E-08 2.3316E-08 2.3333E-08 2.3293E-08 2.3199E-08 2.3056E-08 2.2873E-08 2.2657E-08 2.2405E-08 2.2120E-08 2.1803E-08 2.1452E-08 2.1074E-08 2.0672E-08 2.0247E-08 1.9790E-08 1.9318E-08 1.8824E-08 1.8318E-08 1.7800E-08 1.7265E-08 1.6717E-08 1.6158E-08 1.5589E-08 1.5009E-08 1.4413E-08 1.3799E-08 1.3182E-08 1.2569E-08 1.1935E-08 1.1298E-08 1.0667E-08 1.0055E-08 9.4339E-09
5.7734E-09 6.5041E-09 7.2883E-09 8.1364E-09 9.0442E-09 1.0008E-08 1.1020E-08 1.2076E-08 1.3150E-08 1.4218E-08 1.5268E-08 1.6286E-08 1.7251E-08 1.8160E-08 1.9000E-08 1.9763E-08 2.0451E-08 2.1067E-08 2.1607E-08 2.2068E-08 2.2450E-08 2.2757E-08 2.3002E-08 2.3174E-08 2.3272E-08 2.3308E-08 2.3290E-08 2.3216E-08 2.3095E-08 2.2938E-08 2.2743E-08 2.2514E-08 2.2252E-08 2.1955E-08 2.1630E-08 2.1278E-08 2.0903E-08 2.0498E-08 2.0073E-08 1.9625E-08 1.9164E-08 1.8688E-08 1.8196E-08 1.7685E-08 1.7162E-08 1.6631E-08 1.6087E-08 1.5519E-08 1.4938E-08 1.4346E-08 1.3747E-08 1.3123E-08 1.2497E-08 1.1885E-08 1.1259E-08 1.0634E-08 1.0008E-08
