Assets/Resources/2015_m01_d01_1800(utc+0800)_l00_csi_1hr_conc.grd
DSAA
         159         159
     -79.000      79.000
     -79.000      79.000
  0.0000E+00  0.2755E-05
[rows 75 to 99 of 159, columns 57 to 113 of 159]
0.0000E+00 0.0000E+00 0.0000E+00 0.0000E+00 0.0000E+00 0.0000E+00 0.0000E+00 0.0000E+00 0.0000E+00 0.0000E+00 0.0000E+00 0.0000E+00 0.0000E+00 0.0000E+00 0.0000E+00 0.0000E+00 5.5930E-10 1.6515E-09 1.1135E-10 3.5392E-10 7.9406E-10 1.6407E-09 3.1420E-09 1.1313E-08 2.0226E-08 3.3723E-08 7.5496E-08 9.3981E-08 1.0897E-07 1.1875E-07 1.2356E-07 1.2307E-07 1.1714E-07 1.0629E-07 9.4018E-08 8.2588E-08 7.4460E-08 6.0264E-08 5.1264E-08 4.2675E-08 3.7311E-08 3.2962E-08 2.9827E-08 2.7415E-08 2.5512E-08 2.4022E-08 2.2853E-08 2.1981E-08 2.1318E-08 2.0789E-08 2.0404E-08 2.0105E-08 1.9872E-08 1.9697E-08 1.9573E-08 1.9463E-08 1.9365E-08
0.0000E+00 0.0000E+00 0.0000E+00 0.0000E+00 0.0000E+00 0.0000E+00 0.0000E+00 0.0000E+00 0.0000E+00 0.0000E+00 0.0000E+00 0.0000E+00 0.0000E+00 0.0000E+00 0.0000E+00 3.9594E-10 2.1427E-09 6.0874E-09 1.5653E-08 3.5989E-08 7.4162E-08 1.4186E-07 1.6347E-07 6.0872E-07 5.9304E-07 4.7195E-07 2.7664E-07 2.5515E-07 2.3143E-07 2.1121E-07 1.9470E-07 1.7242E-07 1.5725E-07 1.3648E-07 1.1656E-07 9.9000E-08 8.6321E-08 6.8171E-08 5.7040E-08 4.7388E-08 4.1103E-08 3.6203E-08 3.2578E-08 2.9809E-08 2.7611E-08 2.5882E-08 2.4531E-08 2.3522E-08 2.2734E-08 2.2094E-08 2.1615E-08 2.1230E-08 2.0916E-08 2.0666E-08 2.0470E-08 2.0300E-08 2.0143E-08
0.0000E+00 0.0000E+00 0.0000E+00 0.0000E+00 0.0000E+00 0.0000E+00 0.0000E+00 0.0000E+00 0.0000E+00 0.0000E+00 0.0000E+00 0.0000E+00 0.0000E+00 0.0000E+00 1.7176E-10 5.8988E-10 3.2058E-09 9.5206E-09 2.5165E-08 6.0039E-08 1.3021E-07 2.5477E-07 4.3925E-07 1.2700E-06 1.1595E-06 8.8417E-07 6.6329E-07 5.0038E-07 3.8794E-07 3.1660E-07 2.6956E-07 2.3382E-07 2.0080E-07 1.6586E-07 1.3711E-07 1.1320E-07 9.1406E-08 7.4313E-08 6.0516E-08 5.1076E-08 4.3913E-08 3.8732E-08 3.4741E-08 3.1716E-08 2.9350E-08 2.7399E-08 2.5932E-08 2.4811E-08 2.3926E-08 2.3197E-08 2.2640E-08 2.2181E-08 2.1798E-08 2.1509E-08 2.1221E-08 2.0991E-08 2.0782E-08
0.0000E+00 0.0000E+00 0.0000E+00 0.0000E+00 0.0000E+00 0.0000E+00 0.0000E+00 0.0000E+00 0.0000E+00 0.0000E+00 0.0000E+00 0.0000E+00 0.0000E+00 0.0000E+00 2.1802E-10 1.2879E-09 4.2358E-09 1.2525E-08 3.3555E-08 8.2483E-08 1.8727E-07 3.8966E-07 7.1621E-07 2.2005E-06 1.8995E-06 1.3934E-06 9.8992E-07 7.0736E-07 5.1718E-07 4.0149E-07 3.2746E-07 2.7481E-07 2.3062E-07 1.8558E-07 1.5054E-07 1.2244E-07 9.5032E-08 7.7650E-08 6.2758E-08 5.3147E-08 4.5655E-08 4.0311E-08 3.6155E-08 3.3003E-08 3.0532E-08 2.8485E-08 2.6970E-08 2.5784E-08 2.4838E-08 2.4049E-08 2.3436E-08 2.2923E-08 2.2485E-08 2.2138E-08 2.1798E-08 2.1518E-08 2.1259E-08
0.0000E+00 0.0000E+00 0.0000E+00 0.0000E+00 0.0000E+00 0.0000E+00 0.0000E+00 0.0000E+00 0.0000E+00 0.0000E+00 0.0000E+00 0.0000E+00 0.0000E+00 0.0000E+00 2.3825E-10 1.4226E-09 4.6842E-09 1.3954E-08 3.7741E-08 9.4148E-08 2.1895E-07 4.7187E-07 9.0867E-07 2.7554E-06 2.3623E-06 1.7057E-06 1.1951E-06 8.2780E-07 5.8487E-07 4.4007E-07 3.4943E-07 2.8774E-07 2.3936E-07 1.9059E-07 1.5357E-07 1.2221E-07 9.4328E-08 7.6621E-08 6.2713E-08 5.3221E-08 4.6037E-08 4.0782E-08 3.6699E-08 3.3580E-08 3.1129E-08 2.9098E-08 2.7592E-08 2.6394E-08 2.5429E-08 2.4614E-08 2.3971E-08 2.3423E-08 2.2949E-08 2.2558E-08 2.2179E-08 2.1859E-08 2.1561E-08
0.0000E+00 0.0000E+00 0.0000E+00 0.0000E+00 0.0000E+00 0.0000E+00 0.0000E+00 0.0000E+00 0.0000E+00 0.0000E+00 0.0000E+00 0.0000E+00 0.0000E+00 0.0000E+00 4.7737E-11 7.3788E-10 2.5402E-09 7.8134E-09 2.1751E-08 5.5781E-08 1.3337E-07 2.9884E-07 2.4656E-06 2.3810E-06 2.0840E-06 1.5513E-06 1.1203E-06 7.7972E-07 5.4968E-07 4.1121E-07 3.2454E-07 2.6661E-07 2.2244E-07 1.7893E-07 1.4520E-07 1.1187E-07 8.8958E-08 7.1909E-08 6.0256E-08 5.1446E-08 4.5019E-08 4.0150E-08 3.6353E-08 3.3425E-08 3.1112E-08 2.9214E-08 2.7773E-08 2.6615E-08 2.5670E-08 2.4867E-08 2.4220E-08 2.3661E-08 2.3170E-08 2.2720E-08 2.2348E-08 2.2001E-08 2.1675E-08
0.0000E+00 0.0000E+00 0.0000E+00 0.0000E+00 0.0000E+00 0.0000E+00 0.0000E+00 0.0000E+00 0.0000E+00 0.0000E+00 0.0000E+00 0.0000E+00 0.0000E+00 0.0000E+00 3.8388E-11 6.1615E-10 2.1122E-09 6.4493E-09 1.7740E-08 4.4648E-08 1.0365E-07 2.2229E-07 1.3584E-06 1.4819E-06 1.3492E-06 1.0741E-06 8.2211E-07 5.9307E-07 4.3046E-07 3.2834E-07 2.6303E-07 2.1926E-07 1.8570E-07 1.5385E-07 1.2757E-07 9.8283E-08 7.9822E-08 6.5273E-08 5.5750E-08 4.8229E-08 4.2747E-08 3.8516E-08 3.5178E-08 3.2579E-08 3.0506E-08 2.8824E-08 2.7508E-08 2.6439E-08 2.5557E-08 2.4795E-08 2.4173E-08 2.3626E-08 2.3138E-08 2.2678E-08 2.2296E-08 2.1936E-08 2.1595E-08
0.0000E+00 0.0000E+00 0.0000E+00 0.0000E+00 0.0000E+00 0.0000E+00 0.0000E+00 0.0000E+00 0.0000E+00 0.0000E+00 0.0000E+00 0.0000E+00 0.0000E+00 0.0000E+00 0.0000E+00 9.0443E-11 1.4588E-09 4.5467E-09 1.2397E-08 3.0433E-08 6.8002E-08 1.3781E-07 6.4679E-07 7.4977E-07 7.0786E-07 6.1134E-07 4.9561E-07 3.7763E-07 2.8781E-07 2.2816E-07 1.8884E-07 1.6210E-07 1.4083E-07 1.2211E-07 1.0284E-07 8.2170E-08 6.7573E-08 5.7113E-08 4.9673E-08 4.3848E-08 3.9504E-08 3.6072E-08 3.3309E-08 3.1131E-08 2.9362E-08 2.7971E-08 2.6825E-08 2.5884E-08 2.5097E-08 2.4407E-08 2.3831E-08 2.3318E-08 2.2852E-08 2.2399E-08 2.2023E-08 2.1663E-08 2.1319E-08
0.0000E+00 0.0000E+00 0.0000E+00 0.0000E+00 0.0000E+00 0.0000E+00 0.0000E+00 0.0000E+00 0.0000E+00 0.0000E+00 0.0000E+00 0.0000E+00 0.0000E+00 0.0000E+00 0.0000E+00 5.3631E-11 9.1534E-10 2.8140E-09 7.5196E-09 1.8003E-08 3.8647E-08 7.4635E-08 2.8676E-07 3.4287E-07 3.3168E-07 3.0644E-07 2.6163E-07 2.1144E-07 1.7055E-07 1.4211E-07 1.2301E-07 1.1000E-07 9.9431E-08 9.0591E-08 7.7219E-08 6.5783E-08 5.5110E-08 4.8416E-08 4.3011E-08 3.8897E-08 3.5662E-08 3.3013E-08 3.0925E-08 2.9211E-08 2.7837E-08 2.6712E-08 2.5772E-08 2.4984E-08 2.4283E-08 2.3720E-08 2.3212E-08 2.2748E-08 2.2322E-08 2.1892E-08 2.1535E-08 2.1189E-08 2.0854E-08
0.0000E+00 0.0000E+00 0.0000E+00 0.0000E+00 0.0000E+00 0.0000E+00 0.0000E+00 0.0000E+00 0.0000E+00 0.0000E+00 0.0000E+00 0.0000E+00 0.0000E+00 0.0000E+00 0.0000E+00 0.0000E+00 8.0289E-11 1.4523E-09 3.9753E-09 9.3464E-09 1.9559E-08 3.6087E-08 1.1992E-07 1.4549E-07 1.4641E-07 1.4211E-07 1.2696E-07 1.0857E-07 9.2948E-08 8.1992E-08 7.4872E-08 7.0312E-08 6.6586E-08 6.3856E-08 5.6499E-08 5.0912E-08 4.4024E-08 4.0031E-08 3.6460E-08 3.3770E-08 3.1561E-08 2.9707E-08 2.8209E-08 2.6958E-08 2.5982E-08 2.5132E-08 2.4408E-08 2.3791E-08 2.3230E-08 2.2766E-08 2.2339E-08 2.1941E-08 2.1564E-08 2.1174E-08 2.0847E-08 2.0525E-08 2.0211E-08
0.0000E+00 0.0000E+00 0.0000E+00 0.0000E+00 0.0000E+00 0.0000E+00 0.0000E+00 0.0000E+00 0.0000E+00 0.0000E+00 0.0000E+00 0.0000E+00 0.0000E+00 0.0000E+00 0.0000E+00 0.0000E+00 0.0000E+00 6.8728E-10 1.8747E-09 4.3031E-09 8.5794E-09 1.5591E-08 4.5845E-08 5.5713E-08 6.0260E-08 6.1658E-08 5.7686E-08 5.2264E-08 4.7836E-08 4.5043E-08 4.3699E-08 4.3217E-08 4.3253E-08 4.2200E-08 4.0321E-08 3.7774E-08 3.4654E-08 3.2350E-08 3.0353E-08 2.8808E-08 2.7423E-08 2.6309E-08 2.5341E-08 2.4500E-08 2.3900E-08 2.3317E-08 2.2807E-08 2.2359E-08 2.1942E-08 2.1588E-08 2.1248E-08 2.0924E-08 2.0577E-08 2.0266E-08 1.9981E-08 1.9693E-08 1.9407E-08
0.0000E+00 0.0000E+00 0.0000E+00 0.0000E+00 0.0000E+00 0.0000E+00 0.0000E+00 0.0000E+00 0.0000E+00 0.0000E+00 0.0000E+00 0.0000E+00 0.0000E+00 0.0000E+00 0.0000E+00 0.0000E+00 0.0000E+00 0.0000E+00 6.5675E-10 1.5700E-09 3.2975E-09 5.8191E-09 1.6187E-08 2.0958E-08 2.3834E-08 2.5290E-08 2.4922E-08 2.4414E-08 2.4052E-08 2.4372E-08 2.4878E-08 2.6486E-08 2.7395E-08 2.7593E-08 2.8397E-08 2.7580E-08 2.6922E-08 2.5807E-08 2.4990E-08 2.4252E-08 2.3565E-08 2.2987E-08 2.2418E-08 2.2017E-08 2.1692E-08 2.1351E-08 2.1037E-08 2.0726E-08 2.0474E-08 2.0229E-08 1.9983E-08 1.9735E-08 1.9455E-08 1.9201E-08 1.8961E-08 1.8715E-08 1.8447E-08
0.0000E+00 0.0000E+00 0.0000E+00 0.0000E+00 0.0000E+00 0.0000E+00 0.0000E+00 0.0000E+00 0.0000E+00 0.0000E+00 0.0000E+00 0.0000E+00 0.0000E+00 0.0000E+00 0.0000E+00 0.0000E+00 0.0000E+00 0.0000E+00 3.1282E-11 8.3561E-11 9.0265E-10 1.7065E-09 4.3371E-09 6.5291E-09 8.4334E-09 9.6692E-09 1.0427E-08 1.1358E-08 1.1781E-08 1.3081E-08 1.4561E-08 1.5959E-08 1.7813E-08 1.8303E-08 1.9944E-08 2.0226E-08 2.0689E-08 2.0537E-08 2.0404E-08 2.0191E-08 2.0035E-08 1.9811E-08 1.9652E-08 1.9544E-08 1.9451E-08 1.9314E-08 1.9135E-08 1.9015E-08 1.8884E-08 1.8739E-08 1.8583E-08 1.8387E-08 1.8204E-08 1.8008E-08 1.7819E-08 1.7618E-08 1.7396E-08
0.0000E+00 0.0000E+00 0.0000E+00 0.0000E+00 0.0000E+00 0.0000E+00 0.0000E+00 0.0000E+00 0.0000E+00 0.0000E+00 0.0000E+00 0.0000E+00 0.0000E+00 0.0000E+00 0.0000E+00 0.0000E+00 0.0000E+00 0.0000E+00 2.0481E-11 7.1142E-11 1.1759E-10 2.4925E-10 5.1357E-10 1.2538E-09 2.4689E-09 3.1689E-09 4.0419E-09 5.0642E-09 6.2045E-09 7.1092E-09 8.6565E-09 1.0224E-08 1.1398E-08 1.2493E-08 1.3794E-08 1.4859E-08 1.5819E-08 1.6267E-08 1.6498E-08 1.6725E-08 1.6824E-08 1.6964E-08 1.7060E-08 1.7158E-08 1.7242E-08 1.7270E-08 1.7250E-08 1.7246E-08 1.7220E-08 1.7171E-08 1.7096E-08 1.6982E-08 1.6860E-08 1.6724E-08 1.6588E-08 1.6433E-08 1.6256E-08
0.0000E+00 0.0000E+00 0.0000E+00 0.0000E+00 0.0000E+00 0.0000E+00 0.0000E+00 0.0000E+00 0.0000E+00 0.0000E+00 0.0000E+00 0.0000E+00 0.0000E+00 0.0000E+00 0.0000E+00 0.0000E+00 0.0000E+00 0.0000E+00 0.0000E+00 3.5430E-11 9.8506E-11 1.6263E-10 3.0847E-10 5.0884E-10 7.5693E-10 1.2789E-09 1.8559E-09 2.5435E-09 3.3721E-09 4.4179E-09 5.5420E-09 6.7821E-09 7.6917E-09 8.8474E-09 9.7799E-09 1.0970E-08 1.2038E-08 1.2850E-08 1.3330E-08 1.3724E-08 1.4087E-08 1.4396E-08 1.4670E-08 1.4913E-08 1.5126E-08 1.5251E-08 1.5379E-08 1.5474E-08 1.5534E-08 1.5565E-08 1.5542E-08 1.5524E-08 1.5463E-08 1.5382E-08 1.5296E-08 1.5176E-08 1.5058E-08
0.0000E+00 0.0000E+00 0.0000E+00 0.0000E+00 0.0000E+00 0.0000E+00 0.0000E+00 0.0000E+00 0.0000E+00 0.0000E+00 0.0000E+00 0.0000E+00 0.0000E+00 0.0000E+00 0.0000E+00 0.0000E+00 0.0000E+00 0.0000E+00 0.0000E+00 2.9686E-11 5.3637E-11 1.2827E-10 2.4162E-10 3.6595E-10 5.3644E-10 8.3058E-10 1.1667E-09 1.6048E-09 2.2570E-09 2.9779E-09 3.7783E-09 4.6893E-09 5.4518E-09 6.4711E-09 7.1982E-09 8.2601E-09 9.2561E-09 1.0156E-08 1.0729E-08 1.1260E-08 1.1725E-08 1.2125E-08 1.2504E-08 1.2839E-08 1.3111E-08 1.3363E-08 1.3568E-08 1.3737E-08 1.3870E-08 1.3938E-08 1.4013E-08 1.4054E-08 1.4046E-08 1.4019E-08 1.3960E-08 1.3906E-08 1.3828E-08
0.0000E+00 0.0000E+00 0.0000E+00 0.0000E+00 0.0000E+00 0.0000E+00 0.0000E+00 0.0000E+00 0.0000E+00 0.0000E+00 0.0000E+00 0.0000E+00 0.0000E+00 0.0000E+00 0.0000E+00 0.0000E+00 0.0000E+00 0.0000E+00 0.0000E+00 0.0000E+00 4.4508E-11 9.6122E-11 1.5846E-10 2.7160E-10 4.0665E-10 5.8628E-10 8.6955E-10 1.1911E-09 1.6061E-09 2.1077E-09 2.7056E-09 3.3088E-09 4.0684E-09 4.7522E-09 5.4627E-09 6.2720E-09 7.1588E-09 8.0352E-09 8.6277E-09 9.1743E-09 9.6709E-09 1.0123E-08 1.0522E-08 1.0928E-08 1.1283E-08 1.1590E-08 1.1853E-08 1.2073E-08 1.2232E-08 1.2392E-08 1.2512E-08 1.2600E-08 1.2642E-08 1.2660E-08 1.2650E-08 1.2632E-08 1.2594E-08
0.0000E+00 0.0000E+00 0.0000E+00 0.0000E+00 0.0000E+00 0.0000E+00 0.0000E+00 0.0000E+00 0.0000E+00 0.0000E+00 0.0000E+00 0.0000E+00 0.0000E+00 0.0000E+00 0.0000E+00 0.0000E+00 0.0000E+00 0.0000E+00 0.0000E+00 0.0000E+00 2.9221E-11 6.0373E-11 1.2452E-10 1.8739E-10 2.8198E-10 4.3676E-10 6.1334E-10 8.3958E-10 1.1746E-09 1.5488E-09 2.0022E-09 2.4930E-09 3.1385E-09 3.6471E-09 4.2380E-09 4.8486E-09 5.5868E-09 6.3541E-09 6.9190E-09 7.4422E-09 7.9232E-09 8.4014E-09 8.8421E-09 9.2517E-09 9.6235E-09 9.9588E-09 1.0255E-08 1.0488E-08 1.0718E-08 1.0912E-08 1.1070E-08 1.1193E-08 1.1276E-08 1.1319E-08 1.1363E-08 1.1382E-08 1.1374E-08
0.0000E+00 0.0000E+00 0.0000E+00 0.0000E+00 0.0000E+00 0.0000E+00 0.0000E+00 0.0000E+00 0.0000E+00 0.0000E+00 0.0000E+00 0.0000E+00 0.0000E+00 0.0000E+00 0.0000E+00 0.0000E+00 0.0000E+00 0.0000E+00 0.0000E+00 0.0000E+00 0.0000E+00 4.1727E-11 7.6467E-11 1.4399E-10 2.1498E-10 3.0880E-10 4.5003E-10 6.2771E-10 8.3671E-10 1.1073E-09 1.4447E-09 1.8831E-09 2.4178E-09 2.8234E-09 3.3251E-09 3.7706E-09 4.3646E-09 5.0110E-09 5.5239E-09 6.0187E-09 6.4999E-09 6.9491E-09 7.3693E-09 7.7643E-09 8.1406E-09 8.4843E-09 8.7746E-09 9.0586E-09 9.3079E-09 9.5214E-09 9.7049E-09 9.8567E-09 9.9559E-09 1.0053E-08 1.0123E-08 1.0170E-08 1.0191E-08
0.0000E+00 0.0000E+00 0.0000E+00 0.0000E+00 0.0000E+00 0.0000E+00 0.0000E+00 0.0000E+00 0.0000E+00 0.0000E+00 0.0000E+00 0.0000E+00 0.0000E+00 0.0000E+00 0.0000E+00 0.0000E+00 0.0000E+00 0.0000E+00 0.0000E+00 0.0000E+00 0.0000E+00 8.5458E-12 5.3985E-11 9.2809E-11 1.5805E-10 2.3228E-10 3.2905E-10 4.4623E-10 6.1555E-10 8.1543E-10 1.0712E-09 1.4274E-09 1.7993E-09 2.1863E-09 2.5875E-09 2.9986E-09 3.4409E-09 3.9632E-09 4.4256E-09 4.8684E-09 5.2972E-09 5.7057E-09 6.0984E-09 6.4713E-09 6.8090E-09 7.1536E-09 7.4705E-09 7.7560E-09 8.0121E-09 8.2390E-09 8.4355E-09 8.5906E-09 8.7371E-09 8.8540E-09 8.9481E-09 9.0163E-09 9.0637E-09
0.0000E+00 0.0000E+00 0.0000E+00 0.0000E+00 0.0000E+00 0.0000E+00 0.0000E+00 0.0000E+00 0.0000E+00 0.0000E+00 0.0000E+00 0.0000E+00 0.0000E+00 0.0000E+00 0.0000E+00 0.0000E+00 0.0000E+00 0.0000E+00 0.0000E+00 0.0000E+00 0.0000E+00 0.0000E+00 2.5973E-11 6.4930E-11 1.0561E-10 1.7080E-10 2.4608E-10 3.3912E-10 4.5399E-10 6.0243E-10 8.0531E-10 1.0838E-09 1.3734E-09 1.7036E-09 2.0147E-09 2.3624E-09 2.7312E-09 3.1287E-09 3.5300E-09 3.9140E-09 4.2917E-09 4.6540E-09 5.0052E-09 5.3516E-09 5.6816E-09 6.0029E-09 6.3084E-09 6.5863E-09 6.8402E-09 7.0698E-09 7.2600E-09 7.4441E-09 7.6052E-09 7.7377E-09 7.8477E-09 7.9353E-09 7.9916E-09
0.0000E+00 0.0000E+00 0.0000E+00 0.0000E+00 0.0000E+00 0.0000E+00 0.0000E+00 0.0000E+00 0.0000E+00 0.0000E+00 0.0000E+00 0.0000E+00 0.0000E+00 0.0000E+00 0.0000E+00 0.0000E+00 0.0000E+00 0.0000E+00 0.0000E+00 0.0000E+00 0.0000E+00 0.0000E+00 0.0000E+00 3.4491E-11 7.3508E-11 1.1614E-10 1.6913E-10 2.4733E-10 3.3723E-10 4.5259E-10 5.9423E-10 8.0832E-10 1.0488E-09 1.3144E-09 1.5644E-09 1.8586E-09 2.1587E-09 2.4753E-09 2.8019E-09 3.1403E-09 3.4633E-09 3.7862E-09 4.1024E-09 4.4070E-09 4.7044E-09 4.9984E-09 5.2843E-09 5.5500E-09 5.7762E-09 6.0062E-09 6.2148E-09 6.4036E-09 6.5699E-09 6.7142E-09 6.8320E-09 6.9238E-09 7.0037E-09
0.0000E+00 0.0000E+00 0.0000E+00 0.0000E+00 0.0000E+00 0.0000E+00 0.0000E+00 0.0000E+00 0.0000E+00 0.0000E+00 0.0000E+00 0.0000E+00 0.0000E+00 0.0000E+00 0.0000E+00 0.0000E+00 0.0000E+00 0.0000E+00 0.0000E+00 0.0000E+00 0.0000E+00 0.0000E+00 0.0000E+00 0.0000E+00 3.5464E-11 7.9597E-11 1.2219E-10 1.7571E-10 2.4358E-10 3.2783E-10 4.3808E-10 5.9030E-10 7.7652E-10 9.8970E-10 1.2072E-09 1.4477E-09 1.6996E-09 1.9610E-09 2.2335E-09 2.5092E-09 2.7843E-09 3.0606E-09 3.3363E-09 3.6075E-09 3.8714E-09 4.1331E-09 4.3740E-09 4.6255E-09 4.8617E-09 5.0797E-09 5.2807E-09 5.4674E-09 5.6371E-09 5.7830E-09 5.9005E-09 6.0071E-09 6.0975E-09
0.0000E+00 0.0000E+00 0.0000E+00 0.0000E+00 0.0000E+00 0.0000E+00 0.0000E+00 0.0000E+00 0.0000E+00 0.0000E+00 0.0000E+00 0.0000E+00 0.0000E+00 0.0000E+00 0.0000E+00 0.0000E+00 0.0000E+00 0.0000E+00 0.0000E+00 0.0000E+00 0.0000E+00 0.0000E+00 0.0000E+00 0.0000E+00 7.7226E-12 4.2217E-11 7.8715E-11 1.2543E-10 1.7654E-10 2.4296E-10 3.1842E-10 4.2354E-10 5.6646E-10 7.4385E-10 9.2446E-10 1.1171E-09 1.3256E-09 1.5408E-09 1.7701E-09 1.9974E-09 2.2288E-09 2.4637E-09 2.6964E-09 2.9311E-09 3.1436E-09 3.3827E-09 3.6191E-09 3.8446E-09 4.0615E-09 4.2662E-09 4.4558E-09 4.6362E-09 4.7928E-09 4.9404E-09 5.0678E-09 5.1790E-09 5.2715E-09
0.0000E+00 0.0000E+00 0.0000E+00 0.0000E+00 0.0000E+00 0.0000E+00 0.0000E+00 0.0000E+00 0.0000E+00 0.0000E+00 0.0000E+00 0.0000E+00 0.0000E+00 0.0000E+00 0.0000E+00 0.0000E+00 0.0000E+00 0.0000E+00 0.0000E+00 0.0000E+00 0.0000E+00 0.0000E+00 0.0000E+00 0.0000E+00 0.0000E+00 8.0879E-12 4.7871E-11 8.2994E-11 1.2526E-10 1.7571E-10 2.3411E-10 3.1238E-10 4.1521E-10 5.4134E-10 6.8848E-10 8.4196E-10 1.0243E-09 1.2062E-09 1.3935E-09 1.5627E-09 1.7526E-09 1.9523E-09 2.1552E-09 2.3584E-09 2.5608E-09 2.7654E-09 2.9742E-09 3.1765E-09 3.3702E-09 3.5576E-09 3.7351E-09 3.8974E-09 4.0586E-09 4.2027E-09 4.3248E-09 4.4345E-09 4.5216E-09
