Assets/Resources/2015_m01_d14_0900(utc+0800)_l00_csi_1hr_conc.grd
DSAA
         159         159
     -79.000      79.000
     -79.000      79.000
  0.0000E+00  0.3556E-05
[rows 0 to 24 of 159, columns 0 to 56 of 159]
1.6881E-09 1.7204E-09 1.7524E-09 1.7836E-09 1.8173E-09 1.8460E-09 1.8771E-09 1.9092E-09 1.9390E-09 1.9683E-09 1.9976E-09 2.0299E-09 2.0600E-09 2.0848E-09 2.1106E-09 2.1382E-09 2.1670E-09 2.1919E-09 2.2124E-09 2.2318E-09 2.2573E-09 2.2779E-09 2.2938E-09 2.3120E-09 2.3277E-09 2.3457E-09 2.3563E-09 2.3655E-09 2.3772E-09 2.3861E-09 2.3941E-09 2.3968E-09 2.4019E-09 2.4014E-09 2.3991E-09 2.3982E-09 2.3918E-09 2.3878E-09 2.3781E-09 2.3667E-09 2.3530E-09 2.3372E-09 2.3192E-09 2.2994E-09 2.2777E-09 2.2541E-09 2.2282E-09 2.2008E-09 2.1717E-09 2.1412E-09 2.1090E-09 2.0748E-09 2.0385E-09 2.0008E-09 1.9615E-09 1.9207E-09 1.8779E-09
1.7348E-09 1.7682E-09 1.8010E-09 1.8363E-09 1.8667E-09 1.8995E-09 1.9334E-09 1.9650E-09 1.9939E-09 2.0275E-09 2.0597E-09 2.0940E-09 2.1210E-09 2.1470E-09 2.1812E-09 2.2083E-09 2.2372E-09 2.2602E-09 2.2883E-09 2.3117E-09 2.3350E-09 2.3537E-09 2.3747E-09 2.3958E-09 2.4142E-09 2.4277E-09 2.4437E-09 2.4546E-09 2.4665E-09 2.4774E-09 2.4832E-09 2.4915E-09 2.4940E-09 2.4982E-09 2.4966E-09 2.4933E-09 2.4924E-09 2.4858E-09 2.4770E-09 2.4659E-09 2.4526E-09 2.4374E-09 2.4201E-09 2.4008E-09 2.3790E-09 2.3559E-09 2.3309E-09 2.3042E-09 2.2754E-09 2.2443E-09 2.2113E-09 2.1764E-09 2.1402E-09 2.1024E-09 2.0630E-09 2.0217E-09 1.9779E-09
1.7791E-09 1.8139E-09 1.8529E-09 1.8849E-09 1.9193E-09 1.9550E-09 1.9884E-09 2.0192E-09 2.0523E-09 2.0890E-09 2.1232E-09 2.1544E-09 2.1827E-09 2.2170E-09 2.2485E-09 2.2780E-09 2.3052E-09 2.3343E-09 2.3619E-09 2.3878E-09 2.4090E-09 2.4352E-09 2.4566E-09 2.4778E-09 2.4940E-09 2.5130E-09 2.5294E-09 2.5451E-09 2.5553E-09 2.5680E-09 2.5753E-09 2.5807E-09 2.5876E-09 2.5889E-09 2.5928E-09 2.5910E-09 2.5871E-09 2.5808E-09 2.5721E-09 2.5616E-09 2.5489E-09 2.5340E-09 2.5166E-09 2.4978E-09 2.4770E-09 2.4544E-09 2.4292E-09 2.4018E-09 2.3720E-09 2.3408E-09 2.3077E-09 2.2728E-09 2.2360E-09 2.1971E-09 2.1564E-09 2.1138E-09 2.0689E-09
1.8265E-09 1.8643E-09 1.9006E-09 1.9367E-09 1.9719E-09 2.0092E-09 2.0418E-09 2.0768E-09 2.1129E-09 2.1517E-09 2.1827E-09 2.2155E-09 2.2521E-09 2.2837E-09 2.3178E-09 2.3455E-09 2.3790E-09 2.4074E-09 2.4377E-09 2.4616E-09 2.4905E-09 2.5147E-09 2.5387E-09 2.5579E-09 2.5797E-09 2.5991E-09 2.6177E-09 2.6308E-09 2.6467E-09 2.6570E-09 2.6690E-09 2.6753E-09 2.6798E-09 2.6868E-09 2.6882E-09 2.6869E-09 2.6833E-09 2.6778E-09 2.6700E-09 2.6601E-09 2.6474E-09 2.6332E-09 2.6172E-09 2.5990E-09 2.5782E-09 2.5549E-09 2.5293E-09 2.5021E-09 2.4728E-09 2.4414E-09 2.4076E-09 2.3717E-09 2.3338E-09 2.2943E-09 2.2534E-09 2.2105E-09 2.1740E-09
1.8759E-09 1.9137E-09 1.9513E-09 1.9883E-09 2.0273E-09 2.0617E-09 2.0986E-09 2.1366E-09 2.1746E-09 2.2105E-09 2.2429E-09 2.2842E-09 2.3181E-09 2.3521E-09 2.3846E-09 2.4186E-09 2.4517E-09 2.4827E-09 2.5111E-09 2.5428E-09 2.5698E-09 2.5966E-09 2.6188E-09 2.6436E-09 2.6660E-09 2.6876E-09 2.7038E-09 2.7229E-09 2.7363E-09 2.7513E-09 2.7607E-09 2.7727E-09 2.7791E-09 2.7834E-09 2.7852E-09 2.7846E-09 2.7822E-09 2.7774E-09 2.7701E-09 2.7608E-09 2.7497E-09 2.7366E-09 2.7207E-09 2.7021E-09 2.6812E-09 2.6585E-09 2.6335E-09 2.6063E-09 2.5763E-09 2.5441E-09 2.5098E-09 2.4741E-09 2.4363E-09 2.4056E-09 2.3643E-09 2.3206E-09 2.2744E-09
1.9241E-09 1.9633E-09 2.0019E-09 2.0426E-09 2.0787E-09 2.1175E-09 2.1574E-09 2.1973E-09 2.2323E-09 2.2697E-09 2.3106E-09 2.3494E-09 2.3857E-09 2.4180E-09 2.4570E-09 2.4904E-09 2.5263E-09 2.5554E-09 2.5943E-09 2.6252E-09 2.6514E-09 2.6765E-09 2.7070E-09 2.7334E-09 2.7544E-09 2.7739E-09 2.7962E-09 2.8128E-09 2.8310E-09 2.8437E-09 2.8591E-09 2.8689E-09 2.8764E-09 2.8812E-09 2.8841E-09 2.8849E-09 2.8832E-09 2.8790E-09 2.8732E-09 2.8654E-09 2.8551E-09 2.8417E-09 2.8258E-09 2.8081E-09 2.7880E-09 2.7656E-09 2.7401E-09 2.7123E-09 2.6826E-09 2.6509E-09 2.6259E-09 2.5903E-09 2.5520E-09 2.5116E-09 2.4692E-09 2.4252E-09 2.3788E-09
1.9699E-09 2.0106E-09 2.0550E-09 2.0929E-09 2.1333E-09 2.1751E-09 2.2146E-09 2.2539E-09 2.2903E-09 2.3364E-09 2.3745E-09 2.4160E-09 2.4507E-09 2.4894E-09 2.5280E-09 2.5641E-09 2.5983E-09 2.6378E-09 2.6737E-09 2.7028E-09 2.7308E-09 2.7643E-09 2.7938E-09 2.8180E-09 2.8446E-09 2.8662E-09 2.8898E-09 2.9076E-09 2.9278E-09 2.9428E-09 2.9559E-09 2.9667E-09 2.9749E-09 2.9813E-09 2.9854E-09 2.9869E-09 2.9864E-09 2.9842E-09 2.9797E-09 2.9722E-09 2.9616E-09 2.9494E-09 2.9347E-09 2.9175E-09 2.8973E-09 2.8744E-09 2.8497E-09 2.8228E-09 2.8024E-09 2.7711E-09 2.7369E-09 2.7005E-09 2.6621E-09 2.6219E-09 2.5796E-09 2.5543E-09 2.5078E-09
2.0186E-09 2.0623E-09 2.1040E-09 2.1462E-09 2.1876E-09 2.2311E-09 2.2723E-09 2.3108E-09 2.3533E-09 2.3992E-09 2.4399E-09 2.4799E-09 2.5210E-09 2.5592E-09 2.6008E-09 2.6350E-09 2.6799E-09 2.7162E-09 2.7505E-09 2.7814E-09 2.8180E-09 2.8506E-09 2.8779E-09 2.9078E-09 2.9327E-09 2.9597E-09 2.9808E-09 3.0046E-09 3.0232E-09 3.0397E-09 3.0539E-09 3.0658E-09 3.0757E-09 3.0834E-09 3.0881E-09 3.0916E-09 3.0931E-09 3.0918E-09 3.0874E-09 3.0806E-09 3.0717E-09 3.0603E-09 3.0458E-09 3.0286E-09 3.0092E-09 2.9876E-09 2.9725E-09 2.9461E-09 2.9169E-09 2.8851E-09 2.8515E-09 2.8158E-09 2.7964E-09 2.7567E-09 2.7143E-09 2.6696E-09 2.6228E-09
2.0689E-09 2.1122E-09 2.1560E-09 2.1991E-09 2.2444E-09 2.2875E-09 2.3279E-09 2.3724E-09 2.4169E-09 2.4600E-09 2.5024E-09 2.5491E-09 2.5897E-09 2.6306E-09 2.6706E-09 2.7153E-09 2.7537E-09 2.7919E-09 2.8282E-09 2.8678E-09 2.9035E-09 2.9340E-09 2.9672E-09 2.9954E-09 3.0258E-09 3.0503E-09 3.0776E-09 3.0999E-09 3.1200E-09 3.1377E-09 3.1533E-09 3.1669E-09 3.1781E-09 3.1868E-09 3.1941E-09 3.1994E-09 3.2015E-09 3.2005E-09 3.1977E-09 3.1923E-09 3.1843E-09 3.1729E-09 3.1592E-09 3.1435E-09 3.1340E-09 3.1134E-09 3.0896E-09 3.0632E-09 3.0350E-09 3.0042E-09 2.9902E-09 2.9550E-09 2.9171E-09 2.8773E-09 2.8358E-09 2.7922E-09 2.7652E-09
2.1173E-09 2.1599E-09 2.2053E-09 2.2522E-09 2.2993E-09 2.3416E-09 2.3881E-09 2.4323E-09 2.4761E-09 2.5244E-09 2.5699E-09 2.6163E-09 2.6597E-09 2.6989E-09 2.7470E-09 2.7877E-09 2.8317E-09 2.8682E-09 2.9135E-09 2.9524E-09 2.9860E-09 3.0225E-09 3.0540E-09 3.0878E-09 3.1158E-09 3.1467E-09 3.1727E-09 3.1964E-09 3.2176E-09 3.2372E-09 3.2544E-09 3.2694E-09 3.2821E-09 3.2934E-09 3.3025E-09 3.3081E-09 3.3111E-09 3.3122E-09 3.3106E-09 3.3060E-09 3.2983E-09 3.2886E-09 3.2852E-09 3.2709E-09 3.2532E-09 3.2327E-09 3.2103E-09 3.1853E-09 3.1768E-09 3.1471E-09 3.1145E-09 3.0803E-09 3.0442E-09 3.0054E-09 2.9840E-09 2.9403E-09 2.8935E-09
2.1635E-09 2.2105E-09 2.2590E-09 2.3055E-09 2.3520E-09 2.3981E-09 2.4464E-09 2.4923E-09 2.5388E-09 2.5881E-09 2.6355E-09 2.6849E-09 2.7267E-09 2.7737E-09 2.8207E-09 2.8642E-09 2.9067E-09 2.9520E-09 2.9968E-09 3.0337E-09 3.0733E-09 3.1082E-09 3.1454E-09 3.1770E-09 3.2114E-09 3.2411E-09 3.2685E-09 3.2934E-09 3.3168E-09 3.3380E-09 3.3567E-09 3.3735E-09 3.3889E-09 3.4019E-09 3.4113E-09 3.4185E-09 3.4236E-09 3.4260E-09 3.4250E-09 3.4214E-09 3.4158E-09 3.4166E-09 3.4056E-09 3.3917E-09 3.3752E-09 3.3566E-09 3.3542E-09 3.3306E-09 3.3042E-09 3.2760E-09 3.2456E-09 3.2320E-09 3.1968E-09 3.1581E-09 3.1168E-09 3.0734E-09 3.0274E-09
2.2125E-09 2.2603E-09 2.3106E-09 2.3588E-09 2.4067E-09 2.4569E-09 2.5048E-09 2.5533E-09 2.6006E-09 2.6544E-09 2.6988E-09 2.7503E-09 2.7962E-09 2.8456E-09 2.8956E-09 2.9374E-09 2.9890E-09 3.0337E-09 3.0768E-09 3.1157E-09 3.1578E-09 3.1984E-09 3.2335E-09 3.2715E-09 3.3048E-09 3.3360E-09 3.3647E-09 3.3920E-09 3.4172E-09 3.4398E-09 3.4608E-09 3.4802E-09 3.4972E-09 3.5107E-09 3.5221E-09 3.5315E-09 3.5378E-09 3.5409E-09 3.5417E-09 3.5402E-09 3.5453E-09 3.5381E-09 3.5282E-09 3.5162E-09 3.5201E-09 3.5035E-09 3.4835E-09 3.4616E-09 3.4378E-09 3.4305E-09 3.4016E-09 3.3690E-09 3.3338E-09 3.2964E-09 3.2562E-09 3.2334E-09 3.1882E-09
2.2605E-09 2.3123E-09 2.3621E-09 2.4096E-09 2.4615E-09 2.5135E-09 2.5607E-09 2.6134E-09 2.6625E-09 2.7159E-09 2.7656E-09 2.8181E-09 2.8699E-09 2.9185E-09 2.9671E-09 3.0177E-09 3.0654E-09 3.1120E-09 3.1572E-09 3.2025E-09 3.2466E-09 3.2852E-09 3.3266E-09 3.3637E-09 3.3987E-09 3.4311E-09 3.4624E-09 3.4915E-09 3.5181E-09 3.5433E-09 3.5669E-09 3.5881E-09 3.6057E-09 3.6215E-09 3.6351E-09 3.6456E-09 3.6530E-09 3.6584E-09 3.6700E-09 3.6706E-09 3.6676E-09 3.6623E-09 3.6546E-09 3.6634E-09 3.6506E-09 3.6352E-09 3.6183E-09 3.6178E-09 3.5959E-09 3.5702E-09 3.5418E-09 3.5110E-09 3.4773E-09 3.4612E-09 3.4220E-09 3.3799E-09 3.3350E-09
2.3085E-09 2.3597E-09 2.4111E-09 2.4647E-09 2.5162E-09 2.5676E-09 2.6198E-09 2.6734E-09 2.7243E-09 2.7808E-09 2.8289E-09 2.8898E-09 2.9409E-09 2.9880E-09 3.0427E-09 3.0920E-09 3.1455E-09 3.1904E-09 3.2423E-09 3.2897E-09 3.3318E-09 3.3766E-09 3.4173E-09 3.4561E-09 3.4924E-09 3.5276E-09 3.5607E-09 3.5914E-09 3.6206E-09 3.6485E-09 3.6740E-09 3.6959E-09 3.7161E-09 3.7341E-09 3.7490E-09 3.7608E-09 3.7709E-09 3.7871E-09 3.7920E-09 3.7935E-09 3.7931E-09 3.8084E-09 3.8035E-09 3.7951E-09 3.7851E-09 3.7728E-09 3.7774E-09 3.7593E-09 3.7380E-09 3.7145E-09 3.6880E-09 3.6790E-09 3.6468E-09 3.6116E-09 3.5740E-09 3.5343E-09 3.4916E-09
2.3562E-09 2.4090E-09 2.4619E-09 2.5173E-09 2.5706E-09 2.6247E-09 2.6801E-09 2.7332E-09 2.7869E-09 2.8421E-09 2.8945E-09 2.9553E-09 3.0084E-09 3.0574E-09 3.1176E-09 3.1700E-09 3.2220E-09 3.2731E-09 3.3274E-09 3.3731E-09 3.4213E-09 3.4654E-09 3.5081E-09 3.5482E-09 3.5872E-09 3.6244E-09 3.6592E-09 3.6925E-09 3.7247E-09 3.7545E-09 3.7808E-09 3.8054E-09 3.8280E-09 3.8474E-09 3.8637E-09 3.8786E-09 3.8996E-09 3.9090E-09 3.9152E-09 3.9197E-09 3.9402E-09 3.9397E-09 3.9366E-09 3.9318E-09 3.9436E-09 3.9340E-09 3.9202E-09 3.9044E-09 3.8856E-09 3.8842E-09 3.8598E-09 3.8322E-09 3.8025E-09 3.7705E-09 3.7353E-09 3.7186E-09 3.6769E-09
2.4034E-09 2.4556E-09 2.5125E-09 2.5697E-09 2.6222E-09 2.6804E-09 2.7354E-09 2.7903E-09 2.8458E-09 2.9055E-09 2.9638E-09 3.0241E-09 3.0757E-09 3.1335E-09 3.1934E-09 3.2441E-09 3.3024E-09 3.3521E-09 3.4089E-09 3.4564E-09 3.5079E-09 3.5544E-09 3.5984E-09 3.6412E-09 3.6823E-09 3.7212E-09 3.7585E-09 3.7950E-09 3.8292E-09 3.8600E-09 3.8891E-09 3.9162E-09 3.9402E-09 3.9613E-09 3.9809E-09 4.0067E-09 4.0209E-09 4.0322E-09 4.0415E-09 4.0673E-09 4.0716E-09 4.0739E-09 4.0745E-09 4.0918E-09 4.0867E-09 4.0784E-09 4.0679E-09 4.0542E-09 4.0583E-09 4.0389E-09 4.0172E-09 3.9935E-09 3.9666E-09 3.9581E-09 3.9242E-09 3.8871E-09 3.8479E-09
2.4479E-09 2.5062E-09 2.5626E-09 2.6192E-09 2.6767E-09 2.7358E-09 2.7927E-09 2.8503E-09 2.9067E-09 2.9724E-09 3.0300E-09 3.0891E-09 3.1492E-09 3.2067E-09 3.2654E-09 3.3179E-09 3.3790E-09 3.4349E-09 3.4899E-09 3.5446E-09 3.5947E-09 3.6426E-09 3.6891E-09 3.7342E-09 3.7772E-09 3.8184E-09 3.8592E-09 3.8979E-09 3.9331E-09 3.9667E-09 3.9984E-09 4.0272E-09 4.0529E-09 4.0774E-09 4.1081E-09 4.1271E-09 4.1436E-09 4.1579E-09 4.1891E-09 4.1984E-09 4.2064E-09 4.2123E-09 4.2351E-09 4.2352E-09 4.2327E-09 4.2276E-09 4.2399E-09 4.2292E-09 4.2155E-09 4.2007E-09 4.1825E-09 4.1828E-09 4.1578E-09 4.1293E-09 4.0992E-09 4.0661E-09 4.0405E-09
2.4940E-09 2.5540E-09 2.6121E-09 2.6680E-09 2.7296E-09 2.7907E-09 2.8468E-09 2.9063E-09 2.9672E-09 3.0326E-09 3.0923E-09 3.1535E-09 3.2162E-09 3.2760E-09 3.3366E-09 3.3955E-09 3.4594E-09 3.5132E-09 3.5752E-09 3.6289E-09 3.6807E-09 3.7308E-09 3.7798E-09 3.8269E-09 3.8721E-09 3.9169E-09 3.9600E-09 3.9999E-09 4.0378E-09 4.0741E-09 4.1077E-09 4.1382E-09 4.1675E-09 4.2032E-09 4.2272E-09 4.2488E-09 4.2683E-09 4.3047E-09 4.3194E-09 4.3331E-09 4.3541E-09 4.3729E-09 4.3784E-09 4.3819E-09 4.3825E-09 4.4009E-09 4.3960E-09 4.3893E-09 4.3805E-09 4.3898E-09 4.3744E-09 4.3554E-09 4.3344E-09 4.3107E-09 4.2948E-09 4.2637E-09 4.2287E-09
2.5395E-09 2.5989E-09 2.6586E-09 2.7217E-09 2.7820E-09 2.8424E-09 2.9038E-09 2.9642E-09 3.0282E-09 3.0957E-09 3.1539E-09 3.2240E-09 3.2864E-09 3.3444E-09 3.4113E-09 3.4728E-09 3.5351E-09 3.5951E-09 3.6569E-09 3.7125E-09 3.7660E-09 3.8189E-09 3.8701E-09 3.9193E-09 3.9678E-09 4.0152E-09 4.0598E-09 4.1020E-09 4.1429E-09 4.1815E-09 4.2167E-09 4.2508E-09 4.2914E-09 4.3206E-09 4.3473E-09 4.3721E-09 4.4138E-09 4.4339E-09 4.4533E-09 4.4896E-09 4.5044E-09 4.5159E-09 4.5253E-09 4.5519E-09 4.5564E-09 4.5576E-09 4.5582E-09 4.5557E-09 4.5715E-09 4.5621E-09 4.5505E-09 4.5368E-09 4.5197E-09 4.5102E-09 4.4848E-09 4.4571E-09 4.4276E-09
2.5842E-09 2.6453E-09 2.7074E-09 2.7716E-09 2.8337E-09 2.8967E-09 2.9590E-09 3.0213E-09 3.0883E-09 3.1547E-09 3.2172E-09 3.2877E-09 3.3522E-09 3.4118E-09 3.4819E-09 3.5457E-09 3.6100E-09 3.6736E-09 3.7378E-09 3.7950E-09 3.8514E-09 3.9065E-09 3.9597E-09 4.0118E-09 4.0634E-09 4.1128E-09 4.1591E-09 4.2046E-09 4.2481E-09 4.2881E-09 4.3269E-09 4.3724E-09 4.4068E-09 4.4386E-09 4.4687E-09 4.5158E-09 4.5414E-09 4.5663E-09 4.6084E-09 4.6290E-09 4.6465E-09 4.6621E-09 4.6950E-09 4.7056E-09 4.7138E-09 4.7210E-09 4.7462E-09 4.7474E-09 4.7449E-09 4.7414E-09 4.7348E-09 4.7360E-09 4.7215E-09 4.7040E-09 4.6854E-09 4.6633E-09 4.6371E-09
2.6257E-09 2.6883E-09 2.7546E-09 2.8181E-09 2.8819E-09 2.9468E-09 3.0109E-09 3.0787E-09 3.1443E-09 3.2126E-09 3.2814E-09 3.3543E-09 3.4167E-09 3.4830E-09 3.5556E-09 3.6173E-09 3.6890E-09 3.7511E-09 3.8173E-09 3.8771E-09 3.9359E-09 3.9931E-09 4.0487E-09 4.1044E-09 4.1584E-09 4.2092E-09 4.2588E-09 4.3070E-09 4.3520E-09 4.3953E-09 4.4457E-09 4.4853E-09 4.5222E-09 4.5576E-09 4.6100E-09 4.6411E-09 4.6716E-09 4.7195E-09 4.7460E-09 4.7696E-09 4.7913E-09 4.8306E-09 4.8476E-09 4.8629E-09 4.8767E-09 4.9092E-09 4.9169E-09 4.9221E-09 4.9263E-09 4.9381E-09 4.9351E-09 4.9286E-09 4.9206E-09 4.9099E-09 4.8955E-09 4.8753E-09 4.8509E-09
2.6686E-09 2.7303E-09 2.8008E-09 2.8660E-09 2.9325E-09 2.9982E-09 3.0642E-09 3.1352E-09 3.1990E-09 3.2758E-09 3.3446E-09 3.4159E-09 3.4842E-09 3.5531E-09 3.6242E-09 3.6881E-09 3.7633E-09 3.8275E-09 3.8959E-09 3.9583E-09 4.0194E-09 4.0788E-09 4.1379E-09 4.1963E-09 4.2516E-09 4.3053E-09 4.3581E-09 4.4081E-09 4.4558E-09 4.5025E-09 4.5559E-09 4.5979E-09 4.6384E-09 4.6959E-09 4.7328E-09 4.7686E-09 4.8128E-09 4.8548E-09 4.8843E-09 4.9124E-09 4.9580E-09 4.9815E-09 5.0038E-09 5.0245E-09 5.0639E-09 5.0787E-09 5.0921E-09 5.1038E-09 5.1237E-09 5.1277E-09 5.1302E-09 5.1313E-09 5.1289E-09 5.1216E-09 5.1095E-09 5.0958E-09 5.0785E-09
2.7079E-09 2.7770E-09 2.8435E-09 2.9104E-09 2.9786E-09 3.0461E-09 3.1177E-09 3.1869E-09 3.2524E-09 3.3322E-09 3.4030E-09 3.4762E-09 3.5473E-09 3.6182E-09 3.6916E-09 3.7626E-09 3.8363E-09 3.9023E-09 3.9736E-09 4.0384E-09 4.1016E-09 4.1639E-09 4.2262E-09 4.2864E-09 4.3439E-09 4.4011E-09 4.4561E-09 4.5082E-09 4.5597E-09 4.6181E-09 4.6652E-09 4.7107E-09 4.7731E-09 4.8157E-09 4.8567E-09 4.8972E-09 4.9548E-09 4.9902E-09 5.0245E-09 5.0765E-09 5.1066E-09 5.1357E-09 5.1634E-09 5.2098E-09 5.2320E-09 5.2534E-09 5.2728E-09 5.3004E-09 5.3128E-09 5.3247E-09 5.3345E-09 5.3404E-09 5.3410E-09 5.3391E-09 5.3355E-09 5.3272E-09 5.3148E-09
2.7461E-09 2.8193E-09 2.8874E-09 2.9569E-09 3.0259E-09 3.0953E-09 3.1697E-09 3.2372E-09 3.3075E-09 3.3909E-09 3.4598E-09 3.5393E-09 3.6127E-09 3.6819E-09 3.7618E-09 3.8317E-09 3.9078E-09 3.9758E-09 4.0500E-09 4.1171E-09 4.1825E-09 4.2484E-09 4.3132E-09 4.3748E-09 4.4359E-09 4.4956E-09 4.5525E-09 4.6083E-09 4.6713E-09 4.7237E-09 4.7741E-09 4.8322E-09 4.8897E-09 4.9356E-09 4.9818E-09 5.0454E-09 5.0866E-09 5.1272E-09 5.1854E-09 5.2220E-09 5.2578E-09 5.2925E-09 5.3461E-09 5.3756E-09 5.4049E-09 5.4323E-09 5.4677E-09 5.4887E-09 5.5100E-09 5.5286E-09 5.5427E-09 5.5531E-09 5.5617E-09 5.5680E-09 5.5695E-09 5.5650E-09 5.5589E-09
2.7886E-09 2.8578E-09 2.9276E-09 2.9986E-09 3.0693E-09 3.1442E-09 3.2169E-09 3.2889E-09 3.3626E-09 3.4444E-09 3.5152E-09 3.5973E-09 3.6730E-09 3.7440E-09 3.8272E-09 3.8996E-09 3.9774E-09 4.0480E-09 4.1250E-09 4.1940E-09 4.2627E-09 4.3315E-09 4.3977E-09 4.4624E-09 4.5265E-09 4.5882E-09 4.6482E-09 4.7071E-09 4.7732E-09 4.8283E-09 4.8825E-09 4.9541E-09 5.0051E-09 5.0567E-09 5.1260E-09 5.1732E-09 5.2197E-09 5.2840E-09 5.3273E-09 5.3696E-09 5.4112E-09 5.4719E-09 5.5088E-09 5.5458E-09 5.5811E-09 5.6246E-09 5.6543E-09 5.6847E-09 5.7123E-09 5.7349E-09 5.7558E-09 5.7749E-09 5.7911E-09 5.8022E-09 5.8082E-09 5.8148E-09 5.8170E-09
