Assets/Resources/2015_m01_d29_1400(utc+0800)_l00_csi_1hr_conc.grd
DSAA
         159         159
     -79.000      79.000
     -79.000      79.000
  0.0000E+00  0.1276E-05
[rows 25 to 49 of 159, columns 57 to 113 of 159]
4.6493E-10 4.8960E-10 5.1516E-10 5.4158E-10 5.6898E-10 5.9580E-10 6.2346E-10 6.5102E-10 6.7935E-10 7.0739E-10 7.3618E-10 7.6453E-10 7.9296E-10 8.2145E-10 8.5004E-10 8.7860E-10 9.0704E-10 9.3601E-10 9.6418E-10 9.9279E-10 1.0199E-09 1.0476E-09 1.0783E-09 1.1084E-09 1.1390E-09 1.1700E-09 1.2003E-09 1.2308E-09 1.2609E-09 1.2906E-09 1.3198E-09 1.3484E-09 1.3765E-09 1.4033E-09 1.4305E-09 1.4559E-09 1.4817E-09 1.5058E-09 1.5309E-09 1.5544E-09 1.5772E-09 1.5992E-09 1.6205E-09 1.6418E-09 1.6745E-09 1.6938E-09 1.7122E-09 1.7297E-09 1.7480E-09 1.7733E-09 1.7934E-09 1.8112E-09 1.8451E-09 1.8712E-09 1.8888E-09 1.9074E-09 1.9237E-09
4.6910E-10 4.9408E-10 5.2000E-10 5.4684E-10 5.7433E-10 6.0226E-10 6.3062E-10 6.5875E-10 6.8724E-10 7.1595E-10 7.4548E-10 7.7453E-10 8.0365E-10 8.3348E-10 8.6276E-10 8.9204E-10 9.2187E-10 9.5096E-10 9.7988E-10 1.0086E-09 1.0372E-09 1.0655E-09 1.0956E-09 1.1267E-09 1.1581E-09 1.1900E-09 1.2206E-09 1.2521E-09 1.2832E-09 1.3139E-09 1.3441E-09 1.3737E-09 1.4027E-09 1.4311E-09 1.4587E-09 1.4856E-09 1.5117E-09 1.5376E-09 1.5628E-09 1.5881E-09 1.6109E-09 1.6347E-09 1.6568E-09 1.6824E-09 1.7126E-09 1.7327E-09 1.7519E-09 1.7702E-09 1.7930E-09 1.8188E-09 1.8373E-09 1.8598E-09 1.9022E-09 1.9216E-09 1.9404E-09 1.9645E-09 1.9842E-09
4.7290E-10 4.9819E-10 5.2444E-10 5.5211E-10 5.7967E-10 6.0816E-10 6.3718E-10 6.6605E-10 6.9521E-10 7.2521E-10 7.5486E-10 7.8461E-10 8.1508E-10 8.4503E-10 8.7503E-10 9.0503E-10 9.3502E-10 9.6488E-10 9.9525E-10 1.0248E-09 1.0542E-09 1.0840E-09 1.1134E-09 1.1447E-09 1.1775E-09 1.2091E-09 1.2412E-09 1.2742E-09 1.3052E-09 1.3375E-09 1.3681E-09 1.3993E-09 1.4288E-09 1.4587E-09 1.4868E-09 1.5146E-09 1.5417E-09 1.5694E-09 1.5956E-09 1.6218E-09 1.6456E-09 1.6703E-09 1.6933E-09 1.7227E-09 1.7510E-09 1.7720E-09 1.7920E-09 1.8111E-09 1.8397E-09 1.8633E-09 1.8818E-09 1.9239E-09 1.9559E-09 1.9783E-09 2.0008E-09 2.0209E-09 2.0403E-09
4.7585E-10 5.0191E-10 5.2845E-10 5.5600E-10 5.8449E-10 6.1365E-10 6.4327E-10 6.7278E-10 7.0257E-10 7.3270E-10 7.6304E-10 7.9352E-10 8.2476E-10 8.5546E-10 8.8617E-10 9.1760E-10 9.4836E-10 9.7965E-10 1.0102E-09 1.0406E-09 1.0714E-09 1.1008E-09 1.1305E-09 1.1629E-09 1.1954E-09 1.2285E-09 1.2626E-09 1.2948E-09 1.3274E-09 1.3607E-09 1.3924E-09 1.4241E-09 1.4552E-09 1.4856E-09 1.5147E-09 1.5441E-09 1.5725E-09 1.6012E-09 1.6275E-09 1.6548E-09 1.6804E-09 1.7053E-09 1.7301E-09 1.7635E-09 1.7897E-09 1.8116E-09 1.8325E-09 1.8552E-09 1.8845E-09 1.9075E-09 1.9308E-09 1.9846E-09 2.0090E-09 2.0318E-09 2.0555E-09 2.0792E-09 2.1002E-09
4.7936E-10 5.0522E-10 5.3254E-10 5.5991E-10 5.8875E-10 6.1848E-10 6.4820E-10 6.7831E-10 7.0941E-10 7.4019E-10 7.7123E-10 8.0309E-10 8.3448E-10 8.6592E-10 8.9806E-10 9.2962E-10 9.6115E-10 9.9262E-10 1.0240E-09 1.0552E-09 1.0869E-09 1.1177E-09 1.1487E-09 1.1801E-09 1.2135E-09 1.2480E-09 1.2819E-09 1.3151E-09 1.3492E-09 1.3830E-09 1.4157E-09 1.4491E-09 1.4807E-09 1.5128E-09 1.5429E-09 1.5734E-09 1.6022E-09 1.6321E-09 1.6603E-09 1.6878E-09 1.7153E-09 1.7402E-09 1.7705E-09 1.8048E-09 1.8286E-09 1.8514E-09 1.8733E-09 1.9019E-09 1.9309E-09 1.9522E-09 2.0011E-09 2.0347E-09 2.0637E-09 2.0882E-09 2.1136E-09 2.1369E-09 2.1617E-09
4.8200E-10 5.0810E-10 5.3524E-10 5.6337E-10 5.9264E-10 6.2285E-10 6.5313E-10 6.8443E-10 7.1558E-10 7.4704E-10 7.7814E-10 8.1078E-10 8.4292E-10 8.7576E-10 9.0809E-10 9.4043E-10 9.7341E-10 1.0057E-09 1.0379E-09 1.0707E-09 1.1025E-09 1.1341E-09 1.1661E-09 1.1976E-09 1.2312E-09 1.2666E-09 1.3009E-09 1.3355E-09 1.3712E-09 1.4049E-09 1.4393E-09 1.4732E-09 1.5065E-09 1.5391E-09 1.5709E-09 1.6019E-09 1.6327E-09 1.6628E-09 1.6930E-09 1.7207E-09 1.7493E-09 1.7762E-09 1.8105E-09 1.8429E-09 1.8677E-09 1.8915E-09 1.9153E-09 1.9474E-09 1.9752E-09 2.0005E-09 2.0553E-09 2.0901E-09 2.1180E-09 2.1459E-09 2.1765E-09 2.2040E-09 2.2289E-09
4.8425E-10 5.1059E-10 5.3797E-10 5.6637E-10 5.9593E-10 6.2606E-10 6.5683E-10 6.8876E-10 7.2051E-10 7.5261E-10 7.8568E-10 8.1841E-10 8.5133E-10 8.8499E-10 9.1812E-10 9.5125E-10 9.8508E-10 1.0182E-09 1.0519E-09 1.0848E-09 1.1175E-09 1.1506E-09 1.1824E-09 1.2145E-09 1.2492E-09 1.2842E-09 1.3199E-09 1.3568E-09 1.3917E-09 1.4263E-09 1.4630E-09 1.4969E-09 1.5313E-09 1.5650E-09 1.5979E-09 1.6301E-09 1.6630E-09 1.6942E-09 1.7256E-09 1.7543E-09 1.7841E-09 1.8121E-09 1.8507E-09 1.8810E-09 1.9069E-09 1.9318E-09 1.9587E-09 1.9935E-09 2.0198E-09 2.0715E-09 2.1114E-09 2.1441E-09 2.1795E-09 2.2082E-09 2.2384E-09 2.2660E-09 2.2993E-09
4.8560E-10 5.1264E-10 5.4024E-10 5.6901E-10 5.9884E-10 6.2924E-10 6.6114E-10 6.9301E-10 7.2536E-10 7.5811E-10 7.9188E-10 8.2532E-10 8.5963E-10 8.9351E-10 9.2678E-10 9.6140E-10 9.9542E-10 1.0294E-09 1.0640E-09 1.0978E-09 1.1314E-09 1.1654E-09 1.1987E-09 1.2328E-09 1.2659E-09 1.3018E-09 1.3397E-09 1.3758E-09 1.4116E-09 1.4491E-09 1.4851E-09 1.5200E-09 1.5568E-09 1.5905E-09 1.6252E-09 1.6589E-09 1.6920E-09 1.7245E-09 1.7570E-09 1.7879E-09 1.8179E-09 1.8516E-09 1.8912E-09 1.9192E-09 1.9463E-09 1.9723E-09 2.0055E-09 2.0393E-09 2.0659E-09 2.1247E-09 2.1657E-09 2.2021E-09 2.2373E-09 2.2731E-09 2.3058E-09 2.3360E-09 2.3654E-09
4.8750E-10 5.1426E-10 5.4206E-10 5.7058E-10 6.0066E-10 6.3131E-10 6.6362E-10 6.9602E-10 7.2891E-10 7.6293E-10 7.9673E-10 8.3087E-10 8.6597E-10 9.0062E-10 9.3600E-10 9.7085E-10 1.0057E-09 1.0412E-09 1.0760E-09 1.1106E-09 1.1457E-09 1.1801E-09 1.2143E-09 1.2490E-09 1.2829E-09 1.3195E-09 1.3572E-09 1.3942E-09 1.4322E-09 1.4702E-09 1.5067E-09 1.5439E-09 1.5807E-09 1.6161E-09 1.6515E-09 1.6863E-09 1.7216E-09 1.7553E-09 1.7882E-09 1.8212E-09 1.8524E-09 1.8876E-09 1.9282E-09 1.9575E-09 1.9857E-09 2.0139E-09 2.0518E-09 2.0834E-09 2.1305E-09 2.1830E-09 2.2214E-09 2.2673E-09 2.3013E-09 2.3348E-09 2.3738E-09 2.4090E-09 2.4412E-09
4.8851E-10 5.1495E-10 5.4354E-10 5.7273E-10 6.0254E-10 6.3344E-10 6.6607E-10 6.9893E-10 7.3239E-10 7.6700E-10 8.0146E-10 8.3691E-10 8.7213E-10 9.0757E-10 9.4381E-10 9.7951E-10 1.0152E-09 1.0515E-09 1.0872E-09 1.1233E-09 1.1582E-09 1.1936E-09 1.2299E-09 1.2644E-09 1.2992E-09 1.3364E-09 1.3741E-09 1.4126E-09 1.4524E-09 1.4902E-09 1.5276E-09 1.5673E-09 1.6040E-09 1.6406E-09 1.6778E-09 1.7142E-09 1.7499E-09 1.7858E-09 1.8200E-09 1.8534E-09 1.8868E-09 1.9265E-09 1.9651E-09 1.9956E-09 2.0251E-09 2.0577E-09 2.0967E-09 2.1279E-09 2.1898E-09 2.2343E-09 2.2796E-09 2.3290E-09 2.3677E-09 2.4042E-09 2.4401E-09 2.4752E-09 2.5176E-09
4.8861E-10 5.1567E-10 5.4395E-10 5.7333E-10 6.0331E-10 6.3503E-10 6.6730E-10 7.0057E-10 7.3516E-10 7.6973E-10 8.0477E-10 8.4094E-10 8.7684E-10 9.1369E-10 9.5015E-10 9.8669E-10 1.0239E-09 1.0605E-09 1.0970E-09 1.1341E-09 1.1705E-09 1.2080E-09 1.2436E-09 1.2797E-09 1.3167E-09 1.3524E-09 1.3909E-09 1.4317E-09 1.4707E-09 1.5095E-09 1.5505E-09 1.5889E-09 1.6267E-09 1.6664E-09 1.7030E-09 1.7407E-09 1.7787E-09 1.8150E-09 1.8505E-09 1.8861E-09 1.9199E-09 1.9653E-09 2.0018E-09 2.0337E-09 2.0645E-09 2.1018E-09 2.1419E-09 2.1818E-09 2.2488E-09 2.2928E-09 2.3498E-09 2.3895E-09 2.4288E-09 2.4742E-09 2.5131E-09 2.5512E-09 2.5883E-09
4.8878E-10 5.1655E-10 5.4495E-10 5.7342E-10 6.0417E-10 6.3609E-10 6.6795E-10 7.0218E-10 7.3722E-10 7.7230E-10 8.0858E-10 8.4476E-10 8.8137E-10 9.1898E-10 9.5626E-10 9.9364E-10 1.0317E-09 1.0692E-09 1.1071E-09 1.1446E-09 1.1820E-09 1.2199E-09 1.2571E-09 1.2947E-09 1.3317E-09 1.3679E-09 1.4077E-09 1.4483E-09 1.4883E-09 1.5300E-09 1.5704E-09 1.6098E-09 1.6500E-09 1.6898E-09 1.7276E-09 1.7685E-09 1.8059E-09 1.8446E-09 1.8815E-09 1.9175E-09 1.9576E-09 2.0040E-09 2.0383E-09 2.0716E-09 2.1037E-09 2.1462E-09 2.1852E-09 2.2492E-09 2.3005E-09 2.3522E-09 2.4123E-09 2.4552E-09 2.4977E-09 2.5397E-09 2.5811E-09 2.6216E-09 2.6611E-09
4.8850E-10 5.1591E-10 5.4444E-10 5.7360E-10 6.0450E-10 6.3600E-10 6.6863E-10 7.0308E-10 7.3797E-10 7.7350E-10 8.1035E-10 8.4714E-10 8.8500E-10 9.2276E-10 9.6080E-10 9.9970E-10 1.0380E-09 1.0763E-09 1.1153E-09 1.1537E-09 1.1931E-09 1.2309E-09 1.2692E-09 1.3085E-09 1.3459E-09 1.3837E-09 1.4237E-09 1.4642E-09 1.5059E-09 1.5487E-09 1.5895E-09 1.6300E-09 1.6727E-09 1.7125E-09 1.7534E-09 1.7939E-09 1.8336E-09 1.8726E-09 1.9109E-09 1.9494E-09 1.9951E-09 2.0388E-09 2.0746E-09 2.1092E-09 2.1461E-09 2.1919E-09 2.2297E-09 2.3068E-09 2.3583E-09 2.4258E-09 2.4714E-09 2.5170E-09 2.5622E-09 2.6069E-09 2.6508E-09 2.6939E-09 2.7359E-09
4.8731E-10 5.1481E-10 5.4343E-10 5.7328E-10 6.0372E-10 6.3534E-10 6.6874E-10 7.0338E-10 7.3795E-10 7.7459E-10 8.1194E-10 8.4929E-10 8.8784E-10 9.2625E-10 9.6507E-10 1.0047E-09 1.0439E-09 1.0837E-09 1.1230E-09 1.1623E-09 1.2023E-09 1.2416E-09 1.2820E-09 1.3207E-09 1.3598E-09 1.4000E-09 1.4385E-09 1.4793E-09 1.5239E-09 1.5660E-09 1.6079E-09 1.6520E-09 1.6935E-09 1.7344E-09 1.7787E-09 1.8185E-09 1.8605E-09 1.9000E-09 1.9408E-09 1.9807E-09 2.0275E-09 2.0731E-09 2.1104E-09 2.1466E-09 2.1885E-09 2.2356E-09 2.2947E-09 2.3600E-09 2.4155E-09 2.4832E-09 2.5317E-09 2.5801E-09 2.6281E-09 2.6757E-09 2.7224E-09 2.7682E-09 2.8128E-09
4.8680E-10 5.1434E-10 5.4253E-10 5.7188E-10 6.0301E-10 6.3472E-10 6.6826E-10 7.0246E-10 7.3787E-10 7.7490E-10 8.1212E-10 8.4995E-10 8.8913E-10 9.2820E-10 9.6836E-10 1.0082E-09 1.0482E-09 1.0895E-09 1.1292E-09 1.1706E-09 1.2110E-09 1.2507E-09 1.2922E-09 1.3319E-09 1.3727E-09 1.4135E-09 1.4529E-09 1.4962E-09 1.5393E-09 1.5824E-09 1.6279E-09 1.6708E-09 1.7134E-09 1.7584E-09 1.8013E-09 1.8424E-09 1.8869E-09 1.9278E-09 1.9690E-09 2.0105E-09 2.0634E-09 2.1070E-09 2.1458E-09 2.1836E-09 2.2320E-09 2.2771E-09 2.3519E-09 2.4149E-09 2.4901E-09 2.5416E-09 2.5931E-09 2.6445E-09 2.6956E-09 2.7461E-09 2.7959E-09 2.8446E-09 2.8920E-09
4.8479E-10 5.1235E-10 5.4057E-10 5.7057E-10 6.0118E-10 6.3295E-10 6.6661E-10 7.0092E-10 7.3710E-10 7.7448E-10 8.1144E-10 8.5110E-10 8.9017E-10 9.2984E-10 9.7063E-10 1.0112E-09 1.0526E-09 1.0937E-09 1.1349E-09 1.1767E-09 1.2180E-09 1.2605E-09 1.3014E-09 1.3427E-09 1.3853E-09 1.4260E-09 1.4671E-09 1.5102E-09 1.5538E-09 1.5986E-09 1.6448E-09 1.6888E-09 1.7344E-09 1.7800E-09 1.8230E-09 1.8695E-09 1.9115E-09 1.9548E-09 1.9975E-09 2.0448E-09 2.0948E-09 2.1402E-09 2.1807E-09 2.2224E-09 2.2733E-09 2.3262E-09 2.4088E-09 2.4706E-09 2.5463E-09 2.6009E-09 2.6557E-09 2.7103E-09 2.7647E-09 2.8184E-09 2.8712E-09 2.9230E-09 2.9733E-09
4.8235E-10 5.0992E-10 5.3875E-10 5.6877E-10 5.9880E-10 6.3127E-10 6.6500E-10 6.9938E-10 7.3569E-10 7.7269E-10 8.1062E-10 8.5009E-10 8.8969E-10 9.3055E-10 9.7136E-10 1.0126E-09 1.0554E-09 1.0974E-09 1.1400E-09 1.1823E-09 1.2246E-09 1.2676E-09 1.3100E-09 1.3536E-09 1.3956E-09 1.4374E-09 1.4816E-09 1.5235E-09 1.5673E-09 1.6152E-09 1.6606E-09 1.7058E-09 1.7547E-09 1.7996E-09 1.8459E-09 1.8919E-09 1.9352E-09 1.9820E-09 2.0252E-09 2.0733E-09 2.1297E-09 2.1729E-09 2.2150E-09 2.2597E-09 2.3156E-09 2.3842E-09 2.4611E-09 2.5407E-09 2.6032E-09 2.6613E-09 2.7195E-09 2.7775E-09 2.8353E-09 2.8924E-09 2.9486E-09 3.0036E-09 3.0570E-09
4.8056E-10 5.0762E-10 5.3586E-10 5.6589E-10 5.9652E-10 6.2901E-10 6.6219E-10 6.9662E-10 7.3303E-10 7.7014E-10 8.0967E-10 8.4889E-10 8.8826E-10 9.3028E-10 9.7164E-10 1.0141E-09 1.0566E-09 1.0994E-09 1.1430E-09 1.1862E-09 1.2306E-09 1.2735E-09 1.3169E-09 1.3617E-09 1.4047E-09 1.4483E-09 1.4932E-09 1.5361E-09 1.5827E-09 1.6290E-09 1.6755E-09 1.7258E-09 1.7722E-09 1.8192E-09 1.8681E-09 1.9134E-09 1.9590E-09 2.0064E-09 2.0511E-09 2.1064E-09 2.1598E-09 2.2047E-09 2.2486E-09 2.3002E-09 2.3552E-09 2.4431E-09 2.5142E-09 2.5998E-09 2.6610E-09 2.7226E-09 2.7844E-09 2.8462E-09 2.9075E-09 2.9682E-09 3.0280E-09 3.0864E-09 3.1431E-09
4.7730E-10 5.0430E-10 5.3309E-10 5.6251E-10 5.9374E-10 6.2562E-10 6.5880E-10 6.9391E-10 7.3037E-10 7.6753E-10 8.0668E-10 8.4622E-10 8.8662E-10 9.2846E-10 9.7039E-10 1.0141E-09 1.0567E-09 1.1014E-09 1.1454E-09 1.1895E-09 1.2343E-09 1.2787E-09 1.3244E-09 1.3685E-09 1.4132E-09 1.4593E-09 1.5035E-09 1.5476E-09 1.5948E-09 1.6416E-09 1.6922E-09 1.7411E-09 1.7886E-09 1.8400E-09 1.8872E-09 1.9339E-09 1.9842E-09 2.0299E-09 2.0781E-09 2.1335E-09 2.1890E-09 2.2358E-09 2.2815E-09 2.3403E-09 2.4088E-09 2.4967E-09 2.5805E-09 2.6546E-09 2.7195E-09 2.7850E-09 2.8506E-09 2.9162E-09 2.9815E-09 3.0460E-09 3.1094E-09 3.1715E-09 3.2317E-09
4.7363E-10 5.0117E-10 5.2989E-10 5.5864E-10 5.8984E-10 6.2231E-10 6.5546E-10 6.9058E-10 7.2645E-10 7.6364E-10 8.0293E-10 8.4270E-10 8.8468E-10 9.2628E-10 9.6867E-10 1.0124E-09 1.0563E-09 1.1012E-09 1.1459E-09 1.1921E-09 1.2368E-09 1.2822E-09 1.3290E-09 1.3741E-09 1.4217E-09 1.4672E-09 1.5125E-09 1.5605E-09 1.6060E-09 1.6532E-09 1.7061E-09 1.7551E-09 1.8070E-09 1.8569E-09 1.9054E-09 1.9576E-09 2.0053E-09 2.0523E-09 2.1033E-09 2.1685E-09 2.2173E-09 2.2659E-09 2.3172E-09 2.3764E-09 2.4594E-09 2.5465E-09 2.6419E-09 2.7100E-09 2.7789E-09 2.8483E-09 2.9181E-09 2.9878E-09 3.0571E-09 3.1256E-09 3.1930E-09 3.2589E-09 3.3228E-09
4.6956E-10 4.9700E-10 5.2565E-10 5.5490E-10 5.8543E-10 6.1786E-10 6.5159E-10 6.8605E-10 7.2189E-10 7.6039E-10 7.9907E-10 8.3904E-10 8.8066E-10 9.2262E-10 9.6599E-10 1.0097E-09 1.0553E-09 1.1004E-09 1.1459E-09 1.1924E-09 1.2386E-09 1.2862E-09 1.3322E-09 1.3790E-09 1.4272E-09 1.4737E-09 1.5209E-09 1.5695E-09 1.6163E-09 1.6679E-09 1.7178E-09 1.7681E-09 1.8224E-09 1.8725E-09 1.9254E-09 1.9762E-09 2.0253E-09 2.0781E-09 2.1396E-09 2.1944E-09 2.2448E-09 2.2950E-09 2.3485E-09 2.4142E-09 2.5142E-09 2.5986E-09 2.6937E-09 2.7659E-09 2.8390E-09 2.9127E-09 2.9868E-09 3.0608E-09 3.1345E-09 3.2073E-09 3.2788E-09 3.3487E-09 3.4166E-09
4.6568E-10 4.9242E-10 5.2096E-10 5.5072E-10 5.8114E-10 6.1287E-10 6.4654E-10 6.8158E-10 7.1736E-10 7.5522E-10 7.9389E-10 8.3513E-10 8.7580E-10 9.1802E-10 9.6239E-10 1.0065E-09 1.0521E-09 1.0978E-09 1.1452E-09 1.1915E-09 1.2385E-09 1.2871E-09 1.3341E-09 1.3837E-09 1.4312E-09 1.4789E-09 1.5292E-09 1.5772E-09 1.6271E-09 1.6777E-09 1.7282E-09 1.7839E-09 1.8357E-09 1.8871E-09 1.9426E-09 1.9936E-09 2.0473E-09 2.1029E-09 2.1674E-09 2.2192E-09 2.2711E-09 2.3230E-09 2.3839E-09 2.4642E-09 2.5643E-09 2.6653E-09 2.7458E-09 2.8223E-09 2.8998E-09 2.9781E-09 3.0567E-09 3.1354E-09 3.2136E-09 3.2909E-09 3.3669E-09 3.4411E-09 3.5164E-09
4.6145E-10 4.8803E-10 5.1584E-10 5.4548E-10 5.7639E-10 6.0799E-10 6.4156E-10 6.7590E-10 7.1224E-10 7.4941E-10 7.8802E-10 8.2931E-10 8.7065E-10 9.1364E-10 9.5723E-10 1.0018E-09 1.0484E-09 1.0941E-09 1.1423E-09 1.1898E-09 1.2389E-09 1.2867E-09 1.3353E-09 1.3853E-09 1.4339E-09 1.4839E-09 1.5342E-09 1.5834E-09 1.6367E-09 1.6865E-09 1.7405E-09 1.7945E-09 1.8475E-09 1.9045E-09 1.9574E-09 2.0108E-09 2.0663E-09 2.1365E-09 2.1897E-09 2.2431E-09 2.2965E-09 2.3500E-09 2.4172E-09 2.5107E-09 2.6116E-09 2.7185E-09 2.7981E-09 2.8792E-09 2.9614E-09 3.0445E-09 3.1280E-09 3.2115E-09 3.2946E-09 3.3766E-09 3.4573E-09 3.5359E-09 3.6229E-09
4.5626E-10 4.8327E-10 5.1029E-10 5.3979E-10 5.7055E-10 6.0263E-10 6.3545E-10 6.6966E-10 7.0653E-10 7.4362E-10 7.8214E-10 8.2275E-10 8.6415E-10 9.0788E-10 9.5170E-10 9.9711E-10 1.0430E-09 1.0904E-09 1.1380E-09 1.1863E-09 1.2363E-09 1.2849E-09 1.3356E-09 1.3855E-09 1.4351E-09 1.4875E-09 1.5377E-09 1.5919E-09 1.6429E-09 1.6939E-09 1.7498E-09 1.8037E-09 1.8611E-09 1.9167E-09 1.9709E-09 2.0291E-09 2.1008E-09 2.1562E-09 2.2110E-09 2.2658E-09 2.3207E-09 2.3771E-09 2.4484E-09 2.5596E-09 2.6700E-09 2.7664E-09 2.8506E-09 2.9365E-09 3.0237E-09 3.1119E-09 3.2006E-09 3.2892E-09 3.3774E-09 3.4675E-09 3.5532E-09 3.6472E-09 3.7336E-09
4.5070E-10 4.7753E-10 5.0557E-10 5.3366E-10 5.6425E-10 5.9617E-10 6.2946E-10 6.6286E-10 6.9962E-10 7.3658E-10 7.7553E-10 8.1549E-10 8.5686E-10 9.0071E-10 9.4469E-10 9.9038E-10 1.0366E-09 1.0850E-09 1.1332E-09 1.1821E-09 1.2323E-09 1.2823E-09 1.3340E-09 1.3843E-09 1.4361E-09 1.4883E-09 1.5396E-09 1.5953E-09 1.6474E-09 1.7038E-09 1.7568E-09 1.8115E-09 1.8714E-09 1.9274E-09 1.9873E-09 2.0514E-09 2.1176E-09 2.1746E-09 2.2311E-09 2.2873E-09 2.3437E-09 2.4084E-09 2.4946E-09 2.6048E-09 2.7213E-09 2.8142E-09 2.9033E-09 2.9943E-09 3.0868E-09 3.1803E-09 3.2744E-09 3.3716E-09 3.4656E-09 3.5613E-09 3.6555E-09 3.7564E-09 3.8766E-09
