Assets/Resources/2015_m01_d07_0700(utc+0800)_l00_csi_1hr_conc.grd
DSAA
         159         159
     -79.000      79.000
     -79.000      79.000
  0.0000E+00  0.2282E-04
[rows 25 to 49 of 159, columns 57 to 113 of 159]
3.0660E-09 3.3309E-09 3.6060E-09 3.9151E-09 4.2340E-09 4.5958E-09 4.9762E-09 5.3919E-09 5.8910E-09 6.4978E-09 7.2118E-09 7.8852E-09 8.5884E-09 9.3077E-09 1.0029E-08 1.0745E-08 1.1447E-08 1.2126E-08 1.2841E-08 1.3482E-08 1.4075E-08 1.4609E-08 1.5066E-08 1.5375E-08 1.5614E-08 1.5770E-08 1.5864E-08 1.5891E-08 1.5863E-08 1.5781E-08 1.5650E-08 1.5476E-08 1.5261E-08 1.5012E-08 1.4726E-08 1.4413E-08 1.4073E-08 1.3711E-08 1.3331E-08 1.2935E-08 1.2526E-08 1.2106E-08 1.1678E-08 1.1245E-08 1.0809E-08 1.0373E-08 9.9393E-09 9.5106E-09 9.0882E-09 8.6735E-09 8.2681E-09 7.8732E-09 7.4898E-09 7.1190E-09 6.7636E-09 6.4244E-09 6.0096E-09
3.1034E-09 3.3776E-09 3.6597E-09 3.9798E-09 4.3109E-09 4.6802E-09 5.0720E-09 5.4953E-09 6.0115E-09 6.6074E-09 7.3621E-09 8.0772E-09 8.8158E-09 9.5729E-09 1.0334E-08 1.1084E-08 1.1822E-08 1.2536E-08 1.3290E-08 1.3966E-08 1.4601E-08 1.5162E-08 1.5663E-08 1.6025E-08 1.6283E-08 1.6461E-08 1.6561E-08 1.6596E-08 1.6570E-08 1.6486E-08 1.6352E-08 1.6169E-08 1.5945E-08 1.5683E-08 1.5385E-08 1.5056E-08 1.4698E-08 1.4318E-08 1.3918E-08 1.3502E-08 1.3070E-08 1.2628E-08 1.2177E-08 1.1720E-08 1.1260E-08 1.0800E-08 1.0342E-08 9.8897E-09 9.4435E-09 9.0057E-09 8.5778E-09 8.1610E-09 7.7567E-09 7.3658E-09 6.9893E-09 6.6311E-09 6.2897E-09
3.1382E-09 3.4187E-09 3.7108E-09 4.0404E-09 4.3829E-09 4.7648E-09 5.1627E-09 5.6041E-09 6.0921E-09 6.7373E-09 7.5153E-09 8.2601E-09 9.0344E-09 9.8303E-09 1.0631E-08 1.1421E-08 1.2194E-08 1.2943E-08 1.3738E-08 1.4449E-08 1.5121E-08 1.5725E-08 1.6251E-08 1.6687E-08 1.6964E-08 1.7166E-08 1.7275E-08 1.7317E-08 1.7292E-08 1.7208E-08 1.7069E-08 1.6879E-08 1.6646E-08 1.6370E-08 1.6059E-08 1.5712E-08 1.5338E-08 1.4939E-08 1.4518E-08 1.4079E-08 1.3626E-08 1.3161E-08 1.2687E-08 1.2206E-08 1.1721E-08 1.1236E-08 1.0753E-08 1.0276E-08 9.8053E-09 9.3436E-09 8.8924E-09 8.4532E-09 8.0273E-09 7.6157E-09 7.2188E-09 6.8399E-09 6.4799E-09
3.1680E-09 3.4568E-09 3.7563E-09 4.0965E-09 4.4498E-09 4.8440E-09 5.2527E-09 5.7145E-09 6.2035E-09 6.8664E-09 7.6460E-09 8.4328E-09 9.2427E-09 1.0078E-08 1.0920E-08 1.1753E-08 1.2560E-08 1.3346E-08 1.4182E-08 1.4930E-08 1.5638E-08 1.6294E-08 1.6850E-08 1.7333E-08 1.7663E-08 1.7880E-08 1.8009E-08 1.8052E-08 1.8030E-08 1.7946E-08 1.7801E-08 1.7606E-08 1.7361E-08 1.7074E-08 1.6747E-08 1.6385E-08 1.5993E-08 1.5572E-08 1.5130E-08 1.4671E-08 1.4195E-08 1.3706E-08 1.3207E-08 1.2701E-08 1.2191E-08 1.1681E-08 1.1173E-08 1.0670E-08 1.0174E-08 9.6876E-09 9.2125E-09 8.7501E-09 8.3018E-09 7.8682E-09 7.4508E-09 7.0508E-09 6.6720E-09
3.1950E-09 3.4896E-09 3.7989E-09 4.1465E-09 4.5092E-09 4.9199E-09 5.3385E-09 5.8118E-09 6.3089E-09 6.9834E-09 7.8159E-09 8.5942E-09 9.4370E-09 1.0312E-08 1.1196E-08 1.2071E-08 1.2921E-08 1.3740E-08 1.4618E-08 1.5404E-08 1.6148E-08 1.6845E-08 1.7453E-08 1.7964E-08 1.8370E-08 1.8608E-08 1.8758E-08 1.8806E-08 1.8784E-08 1.8694E-08 1.8547E-08 1.8343E-08 1.8089E-08 1.7790E-08 1.7447E-08 1.7069E-08 1.6656E-08 1.6216E-08 1.5752E-08 1.5268E-08 1.4768E-08 1.4255E-08 1.3731E-08 1.3200E-08 1.2665E-08 1.2128E-08 1.1594E-08 1.1065E-08 1.0543E-08 1.0032E-08 9.5321E-09 9.0458E-09 8.5741E-09 8.1187E-09 7.6808E-09 7.2610E-09 6.8609E-09
3.2178E-09 3.5207E-09 3.8351E-09 4.1908E-09 4.5632E-09 4.9845E-09 5.4213E-09 5.9008E-09 6.4058E-09 7.1016E-09 7.9557E-09 8.7461E-09 9.6165E-09 1.0531E-08 1.1458E-08 1.2377E-08 1.3270E-08 1.4123E-08 1.5046E-08 1.5869E-08 1.6651E-08 1.7384E-08 1.8055E-08 1.8599E-08 1.9058E-08 1.9349E-08 1.9517E-08 1.9580E-08 1.9555E-08 1.9459E-08 1.9306E-08 1.9093E-08 1.8830E-08 1.8517E-08 1.8161E-08 1.7764E-08 1.7332E-08 1.6871E-08 1.6383E-08 1.5875E-08 1.5351E-08 1.4814E-08 1.4264E-08 1.3707E-08 1.3145E-08 1.2582E-08 1.2020E-08 1.1464E-08 1.0916E-08 1.0379E-08 9.8539E-09 9.3428E-09 8.8478E-09 8.3703E-09 7.9113E-09 7.4718E-09 7.0532E-09
3.2375E-09 3.5450E-09 3.8671E-09 4.2299E-09 4.6103E-09 5.0451E-09 5.4938E-09 5.9805E-09 6.5017E-09 7.2098E-09 8.0834E-09 8.8848E-09 9.7739E-09 1.0724E-08 1.1693E-08 1.2655E-08 1.3590E-08 1.4484E-08 1.5447E-08 1.6308E-08 1.7125E-08 1.7894E-08 1.8605E-08 1.9210E-08 1.9698E-08 2.0066E-08 2.0258E-08 2.0344E-08 2.0317E-08 2.0217E-08 2.0047E-08 1.9826E-08 1.9550E-08 1.9225E-08 1.8854E-08 1.8439E-08 1.7988E-08 1.7505E-08 1.6995E-08 1.6465E-08 1.5915E-08 1.5353E-08 1.4779E-08 1.4197E-08 1.3609E-08 1.3021E-08 1.2433E-08 1.1851E-08 1.1278E-08 1.0715E-08 1.0165E-08 9.6301E-09 9.1125E-09 8.6135E-09 8.1342E-09 7.6762E-09 7.2395E-09
3.2482E-09 3.5656E-09 3.8927E-09 4.2630E-09 4.6504E-09 5.0962E-09 5.5560E-09 6.0621E-09 6.5847E-09 7.3101E-09 8.1983E-09 9.0127E-09 9.9157E-09 1.0894E-08 1.1904E-08 1.2910E-08 1.3888E-08 1.4825E-08 1.5828E-08 1.6729E-08 1.7582E-08 1.8385E-08 1.9131E-08 1.9802E-08 2.0326E-08 2.0749E-08 2.0993E-08 2.1103E-08 2.1089E-08 2.0981E-08 2.0805E-08 2.0569E-08 2.0280E-08 1.9940E-08 1.9553E-08 1.9121E-08 1.8648E-08 1.8142E-08 1.7609E-08 1.7052E-08 1.6478E-08 1.5891E-08 1.5292E-08 1.4684E-08 1.4071E-08 1.3456E-08 1.2843E-08 1.2235E-08 1.1635E-08 1.1046E-08 1.0472E-08 9.9138E-09 9.3736E-09 8.8532E-09 8.3543E-09 7.8772E-09 7.4225E-09
3.2589E-09 3.5800E-09 3.9141E-09 4.2887E-09 4.6831E-09 5.1372E-09 5.6122E-09 6.1276E-09 6.7475E-09 7.4741E-09 8.3086E-09 9.1351E-09 1.0049E-08 1.1050E-08 1.2100E-08 1.3150E-08 1.4173E-08 1.5153E-08 1.6207E-08 1.7146E-08 1.8041E-08 1.8882E-08 1.9662E-08 2.0376E-08 2.0961E-08 2.1418E-08 2.1746E-08 2.1886E-08 2.1906E-08 2.1797E-08 2.1611E-08 2.1355E-08 2.1048E-08 2.0690E-08 2.0283E-08 1.9834E-08 1.9341E-08 1.8813E-08 1.8256E-08 1.7673E-08 1.7073E-08 1.6455E-08 1.5827E-08 1.5189E-08 1.4548E-08 1.3905E-08 1.3264E-08 1.2628E-08 1.2000E-08 1.1385E-08 1.0785E-08 1.0201E-08 9.6377E-09 9.0954E-09 8.5751E-09 8.0780E-09 7.6023E-09
3.2655E-09 3.5906E-09 3.9286E-09 4.3081E-09 4.7084E-09 5.1702E-09 5.6546E-09 6.1803E-09 6.8521E-09 7.6135E-09 8.4023E-09 9.2351E-09 1.0160E-08 1.1174E-08 1.2253E-08 1.3348E-08 1.4418E-08 1.5441E-08 1.6551E-08 1.7524E-08 1.8460E-08 1.9337E-08 2.0152E-08 2.0903E-08 2.1558E-08 2.2047E-08 2.2426E-08 2.2615E-08 2.2668E-08 2.2580E-08 2.2389E-08 2.2123E-08 2.1794E-08 2.1415E-08 2.0987E-08 2.0512E-08 2.0000E-08 1.9449E-08 1.8867E-08 1.8261E-08 1.7633E-08 1.6990E-08 1.6337E-08 1.5675E-08 1.5006E-08 1.4333E-08 1.3664E-08 1.3001E-08 1.2348E-08 1.1707E-08 1.1082E-08 1.0476E-08 9.8897E-09 9.3258E-09 8.7852E-09 8.2688E-09 7.7774E-09
3.2661E-09 3.5908E-09 3.9369E-09 4.3160E-09 4.7207E-09 5.1928E-09 5.6859E-09 6.2258E-09 6.9062E-09 7.7061E-09 8.4749E-09 9.3162E-09 1.0252E-08 1.1276E-08 1.2376E-08 1.3510E-08 1.4623E-08 1.5691E-08 1.6859E-08 1.7879E-08 1.8852E-08 1.9776E-08 2.0627E-08 2.1403E-08 2.2099E-08 2.2643E-08 2.3056E-08 2.3320E-08 2.3401E-08 2.3357E-08 2.3171E-08 2.2901E-08 2.2554E-08 2.2149E-08 2.1697E-08 2.1198E-08 2.0661E-08 2.0086E-08 1.9478E-08 1.8844E-08 1.8186E-08 1.7516E-08 1.6834E-08 1.6146E-08 1.5452E-08 1.4756E-08 1.4059E-08 1.3367E-08 1.2686E-08 1.2020E-08 1.1371E-08 1.0742E-08 1.0133E-08 9.5482E-09 8.9875E-09 8.4520E-09 7.9424E-09
3.2622E-09 3.5840E-09 3.9381E-09 4.3210E-09 4.7301E-09 5.2013E-09 5.7062E-09 6.2487E-09 6.9456E-09 7.7537E-09 8.5275E-09 9.3762E-09 1.0318E-08 1.1350E-08 1.2465E-08 1.3630E-08 1.4788E-08 1.5903E-08 1.7129E-08 1.8210E-08 1.9221E-08 2.0183E-08 2.1071E-08 2.1888E-08 2.2613E-08 2.3229E-08 2.3656E-08 2.3973E-08 2.4097E-08 2.4089E-08 2.3935E-08 2.3668E-08 2.3317E-08 2.2893E-08 2.2410E-08 2.1884E-08 2.1314E-08 2.0711E-08 2.0075E-08 1.9416E-08 1.8734E-08 1.8037E-08 1.7324E-08 1.6606E-08 1.5885E-08 1.5162E-08 1.4441E-08 1.3725E-08 1.3018E-08 1.2323E-08 1.1650E-08 1.0998E-08 1.0367E-08 9.7610E-09 9.1801E-09 8.6257E-09 8.0988E-09
3.2510E-09 3.5704E-09 3.9316E-09 4.3129E-09 4.7299E-09 5.1991E-09 5.7131E-09 6.2576E-09 6.9669E-09 7.7272E-09 8.5609E-09 9.4135E-09 1.0358E-08 1.1396E-08 1.2520E-08 1.3706E-08 1.4906E-08 1.6065E-08 1.7360E-08 1.8488E-08 1.9551E-08 2.0562E-08 2.1494E-08 2.2342E-08 2.3097E-08 2.3763E-08 2.4252E-08 2.4588E-08 2.4776E-08 2.4788E-08 2.4678E-08 2.4421E-08 2.4073E-08 2.3641E-08 2.3135E-08 2.2579E-08 2.1978E-08 2.1339E-08 2.0672E-08 1.9980E-08 1.9269E-08 1.8539E-08 1.7802E-08 1.7057E-08 1.6308E-08 1.5555E-08 1.4806E-08 1.4066E-08 1.3336E-08 1.2619E-08 1.1919E-08 1.1241E-08 1.0589E-08 9.9619E-09 9.3614E-09 8.7890E-09 8.2457E-09
3.2334E-09 3.5548E-09 3.9172E-09 4.2959E-09 4.7199E-09 5.1674E-09 5.7072E-09 6.2576E-09 6.9692E-09 7.7344E-09 8.5701E-09 9.4215E-09 1.0367E-08 1.1411E-08 1.2540E-08 1.3738E-08 1.4974E-08 1.6181E-08 1.7530E-08 1.8728E-08 1.9845E-08 2.0895E-08 2.1875E-08 2.2780E-08 2.3574E-08 2.4266E-08 2.4825E-08 2.5175E-08 2.5403E-08 2.5447E-08 2.5363E-08 2.5139E-08 2.4796E-08 2.4364E-08 2.3850E-08 2.3264E-08 2.2634E-08 2.1963E-08 2.1261E-08 2.0538E-08 1.9794E-08 1.9036E-08 1.8268E-08 1.7490E-08 1.6712E-08 1.5937E-08 1.5161E-08 1.4390E-08 1.3635E-08 1.2896E-08 1.2175E-08 1.1474E-08 1.0796E-08 1.0149E-08 9.5304E-09 8.9410E-09 8.3817E-09
3.2093E-09 3.5319E-09 3.8860E-09 4.2748E-09 4.6949E-09 5.1475E-09 5.6881E-09 6.2351E-09 6.9539E-09 7.7201E-09 8.5540E-09 9.4041E-09 1.0345E-08 1.1389E-08 1.2521E-08 1.3736E-08 1.4988E-08 1.6231E-08 1.7649E-08 1.8904E-08 2.0087E-08 2.1208E-08 2.2236E-08 2.3172E-08 2.4006E-08 2.4733E-08 2.5348E-08 2.5752E-08 2.5994E-08 2.6088E-08 2.6016E-08 2.5821E-08 2.5495E-08 2.5066E-08 2.4551E-08 2.3954E-08 2.3294E-08 2.2589E-08 2.1849E-08 2.1083E-08 2.0304E-08 1.9517E-08 1.8717E-08 1.7911E-08 1.7102E-08 1.6297E-08 1.5494E-08 1.4702E-08 1.3919E-08 1.3154E-08 1.2410E-08 1.1690E-08 1.0992E-08 1.0322E-08 9.6858E-09 9.0800E-09 8.5061E-09
3.1786E-09 3.5015E-09 3.8511E-09 4.2444E-09 4.6597E-09 5.1125E-09 5.6291E-09 6.2032E-09 6.8863E-09 7.6205E-09 8.5132E-09 9.3609E-09 1.0294E-08 1.1328E-08 1.2468E-08 1.3680E-08 1.4948E-08 1.6230E-08 1.7696E-08 1.9033E-08 2.0291E-08 2.1460E-08 2.2540E-08 2.3539E-08 2.4416E-08 2.5177E-08 2.5815E-08 2.6296E-08 2.6558E-08 2.6692E-08 2.6642E-08 2.6470E-08 2.6159E-08 2.5739E-08 2.5221E-08 2.4622E-08 2.3940E-08 2.3206E-08 2.2434E-08 2.1632E-08 2.0812E-08 1.9982E-08 1.9144E-08 1.8311E-08 1.7471E-08 1.6637E-08 1.5811E-08 1.4990E-08 1.4185E-08 1.3395E-08 1.2626E-08 1.1885E-08 1.1171E-08 1.0484E-08 9.8259E-09 9.2053E-09 8.6176E-09
3.1411E-09 3.4634E-09 3.8127E-09 4.2000E-09 4.6140E-09 5.0703E-09 5.5642E-09 6.1558E-09 6.8290E-09 7.5632E-09 8.4458E-09 9.2886E-09 1.0213E-08 1.1234E-08 1.2369E-08 1.3583E-08 1.4856E-08 1.6154E-08 1.7693E-08 1.9083E-08 2.0420E-08 2.1678E-08 2.2818E-08 2.3861E-08 2.4787E-08 2.5597E-08 2.6276E-08 2.6809E-08 2.7118E-08 2.7260E-08 2.7254E-08 2.7086E-08 2.6797E-08 2.6386E-08 2.5872E-08 2.5266E-08 2.4582E-08 2.3825E-08 2.3019E-08 2.2176E-08 2.1307E-08 2.0435E-08 1.9564E-08 1.8686E-08 1.7817E-08 1.6956E-08 1.6102E-08 1.5258E-08 1.4428E-08 1.3615E-08 1.2826E-08 1.2061E-08 1.1328E-08 1.0626E-08 9.9545E-09 9.3154E-09 8.7147E-09
3.0969E-09 3.4178E-09 3.7657E-09 4.1465E-09 4.5627E-09 5.0116E-09 5.4888E-09 6.0926E-09 6.7169E-09 7.4494E-09 8.3433E-09 9.1889E-09 1.0102E-08 1.1115E-08 1.2224E-08 1.3439E-08 1.4722E-08 1.6098E-08 1.7605E-08 1.9073E-08 2.0494E-08 2.1826E-08 2.3053E-08 2.4167E-08 2.5151E-08 2.5998E-08 2.6702E-08 2.7259E-08 2.7642E-08 2.7800E-08 2.7826E-08 2.7673E-08 2.7401E-08 2.6988E-08 2.6475E-08 2.5870E-08 2.5189E-08 2.4426E-08 2.3597E-08 2.2719E-08 2.1808E-08 2.0883E-08 1.9962E-08 1.9046E-08 1.8144E-08 1.7247E-08 1.6369E-08 1.5501E-08 1.4647E-08 1.3814E-08 1.3002E-08 1.2220E-08 1.1465E-08 1.0748E-08 1.0064E-08 9.4123E-09 8.7961E-09
3.0461E-09 3.3645E-09 3.7100E-09 4.0837E-09 4.4963E-09 4.9362E-09 5.4191E-09 5.9753E-09 6.5818E-09 7.3535E-09 8.2025E-09 9.0623E-09 9.9621E-09 1.0959E-08 1.2056E-08 1.3264E-08 1.4591E-08 1.6042E-08 1.7466E-08 1.8985E-08 2.0496E-08 2.1947E-08 2.3255E-08 2.4426E-08 2.5467E-08 2.6376E-08 2.7120E-08 2.7708E-08 2.8142E-08 2.8342E-08 2.8371E-08 2.8252E-08 2.7980E-08 2.7583E-08 2.7068E-08 2.6460E-08 2.5762E-08 2.4986E-08 2.4143E-08 2.3241E-08 2.2301E-08 2.1329E-08 2.0353E-08 1.9396E-08 1.8446E-08 1.7520E-08 1.6609E-08 1.5717E-08 1.4843E-08 1.3986E-08 1.3158E-08 1.2355E-08 1.1586E-08 1.0849E-08 1.0152E-08 9.4913E-09 8.8637E-09
2.9886E-09 3.3037E-09 3.6459E-09 4.0160E-09 4.4150E-09 4.8593E-09 5.3319E-09 5.8413E-09 6.4827E-09 7.2273E-09 8.0101E-09 8.9098E-09 9.8062E-09 1.0774E-08 1.1848E-08 1.3089E-08 1.4432E-08 1.5865E-08 1.7297E-08 1.8856E-08 2.0452E-08 2.1993E-08 2.3412E-08 2.4667E-08 2.5773E-08 2.6736E-08 2.7525E-08 2.8147E-08 2.8606E-08 2.8874E-08 2.8912E-08 2.8815E-08 2.8547E-08 2.8166E-08 2.7645E-08 2.7019E-08 2.6307E-08 2.5522E-08 2.4661E-08 2.3730E-08 2.2762E-08 2.1760E-08 2.0742E-08 1.9733E-08 1.8741E-08 1.7772E-08 1.6824E-08 1.5908E-08 1.5008E-08 1.4134E-08 1.3284E-08 1.2468E-08 1.1681E-08 1.0932E-08 1.0220E-08 9.5491E-09 8.9154E-09
2.9248E-09 3.2356E-09 3.5733E-09 3.9389E-09 4.3331E-09 4.7665E-09 5.2272E-09 5.7309E-09 6.3620E-09 7.0557E-09 7.8264E-09 8.7325E-09 9.6134E-09 1.0576E-08 1.1639E-08 1.2844E-08 1.4247E-08 1.5647E-08 1.7129E-08 1.8649E-08 2.0340E-08 2.1992E-08 2.3539E-08 2.4893E-08 2.6071E-08 2.7096E-08 2.7938E-08 2.8597E-08 2.9078E-08 2.9395E-08 2.9467E-08 2.9378E-08 2.9134E-08 2.8743E-08 2.8218E-08 2.7571E-08 2.6833E-08 2.6017E-08 2.5131E-08 2.4195E-08 2.3195E-08 2.2162E-08 2.1111E-08 2.0056E-08 1.9024E-08 1.8007E-08 1.7025E-08 1.6070E-08 1.5150E-08 1.4253E-08 1.3387E-08 1.2552E-08 1.1755E-08 1.0992E-08 1.0269E-08 9.5870E-09 8.9465E-09
2.8548E-09 3.1604E-09 3.4927E-09 3.8526E-09 4.2409E-09 4.6583E-09 5.1204E-09 5.6105E-09 6.1698E-09 6.8691E-09 7.6150E-09 8.5351E-09 9.3951E-09 1.0340E-08 1.1438E-08 1.2647E-08 1.4000E-08 1.5419E-08 1.6909E-08 1.8467E-08 2.0179E-08 2.1943E-08 2.3633E-08 2.5107E-08 2.6378E-08 2.7475E-08 2.8378E-08 2.9078E-08 2.9587E-08 2.9921E-08 3.0058E-08 2.9967E-08 2.9738E-08 2.9342E-08 2.8811E-08 2.8141E-08 2.7359E-08 2.6498E-08 2.5580E-08 2.4608E-08 2.3588E-08 2.2536E-08 2.1455E-08 2.0358E-08 1.9277E-08 1.8227E-08 1.7202E-08 1.6212E-08 1.5262E-08 1.4346E-08 1.3460E-08 1.2612E-08 1.1801E-08 1.1030E-08 1.0297E-08 9.6041E-09 8.9576E-09
2.7789E-09 3.0785E-09 3.4043E-09 3.7574E-09 4.1387E-09 4.5488E-09 4.9929E-09 5.4725E-09 5.9890E-09 6.6574E-09 7.4177E-09 8.2368E-09 9.1703E-09 1.0112E-08 1.1172E-08 1.2423E-08 1.3734E-08 1.5155E-08 1.6680E-08 1.8282E-08 1.9976E-08 2.1862E-08 2.3689E-08 2.5331E-08 2.6714E-08 2.7878E-08 2.8836E-08 2.9583E-08 3.0130E-08 3.0484E-08 3.0657E-08 3.0582E-08 3.0343E-08 2.9942E-08 2.9393E-08 2.8710E-08 2.7901E-08 2.7011E-08 2.6039E-08 2.5009E-08 2.3953E-08 2.2867E-08 2.1756E-08 2.0639E-08 1.9514E-08 1.8417E-08 1.7353E-08 1.6329E-08 1.5350E-08 1.4410E-08 1.3508E-08 1.2645E-08 1.1821E-08 1.1042E-08 1.0302E-08 9.6032E-09 8.9484E-09
2.6976E-09 2.9901E-09 3.3085E-09 3.6539E-09 4.0271E-09 4.4287E-09 4.8589E-09 5.3274E-09 5.8268E-09 6.4468E-09 7.1956E-09 7.9667E-09 8.9000E-09 9.8853E-09 1.0957E-08 1.2172E-08 1.3449E-08 1.4885E-08 1.6433E-08 1.8089E-08 1.9827E-08 2.1759E-08 2.3721E-08 2.5532E-08 2.7050E-08 2.8320E-08 2.9370E-08 3.0186E-08 3.0773E-08 3.1146E-08 3.1328E-08 3.1294E-08 3.1027E-08 3.0598E-08 3.0006E-08 2.9288E-08 2.8445E-08 2.7510E-08 2.6497E-08 2.5428E-08 2.4321E-08 2.3174E-08 2.2021E-08 2.0869E-08 1.9716E-08 1.8581E-08 1.7477E-08 1.6420E-08 1.5400E-08 1.4446E-08 1.3526E-08 1.2650E-08 1.1816E-08 1.1026E-08 1.0284E-08 9.5794E-09 8.9198E-09
2.6109E-09 2.8957E-09 3.2059E-09 3.5427E-09 3.9067E-09 4.2985E-09 4.7185E-09 5.1665E-09 5.6524E-09 6.2028E-09 6.8752E-09 7.6999E-09 8.5761E-09 9.5971E-09 1.0663E-08 1.1883E-08 1.3172E-08 1.4605E-08 1.6187E-08 1.7900E-08 1.9695E-08 2.1613E-08 2.3747E-08 2.5749E-08 2.7467E-08 2.8852E-08 2.9975E-08 3.0851E-08 3.1483E-08 3.1882E-08 3.2065E-08 3.2048E-08 3.1773E-08 3.1327E-08 3.0710E-08 2.9940E-08 2.9043E-08 2.8027E-08 2.6962E-08 2.5835E-08 2.4677E-08 2.3483E-08 2.2276E-08 2.1062E-08 1.9873E-08 1.8708E-08 1.7574E-08 1.6476E-08 1.5437E-08 1.4447E-08 1.3515E-08 1.2625E-08 1.1782E-08 1.0986E-08 1.0238E-08 9.5344E-09 8.8728E-09
