Assets/Resources/2015_m01_d25_0600(utc+0800)_l00_csi_1hr_conc.grd
DSAA
         159         159
     -79.000      79.000
     -79.000      79.000
  0.0000E+00  0.3083E-05
[rows 0 to 24 of 159, columns 57 to 113 of 159]
7.0409E-09 7.4824E-09 7.9212E-09 8.5161E-09 1.1674E-08 1.1569E-08 1.1383E-08 1.1124E-08 1.0814E-08 1.0478E-08 1.0114E-08 9.7245E-09 9.3099E-09 8.8705E-09 8.4078E-09 7.9245E-09 7.4252E-09 6.9125E-09 6.3922E-09 5.8686E-09 5.3483E-09 4.8364E-09 4.3375E-09 3.8161E-09 3.3723E-09 2.9477E-09 2.5615E-09 2.2027E-09 1.8756E-09 1.5808E-09 1.3169E-09 1.0809E-09 8.7475E-10 6.9698E-10 5.4979E-10 4.2555E-10 3.2727E-10 2.4711E-10 1.8035E-10 1.2913E-10 9.0812E-11 5.8944E-11 3.4479E-11 1.7083E-11 4.8002E-12 2.1500E-13 0.0000E+00 0.0000E+00 0.0000E+00 0.0000E+00 0.0000E+00 0.0000E+00 0.0000E+00 0.0000E+00 0.0000E+00 0.0000E+00 0.0000E+00
7.3862E-09 7.8710E-09 8.4141E-09 1.0319E-08 1.2064E-08 1.1986E-08 1.1827E-08 1.1596E-08 1.1325E-08 1.1021E-08 1.0684E-08 1.0313E-08 9.9101E-09 9.4762E-09 9.0138E-09 8.5242E-09 8.0106E-09 7.4779E-09 6.9322E-09 6.3786E-09 5.8244E-09 5.2757E-09 4.7362E-09 4.1823E-09 3.7019E-09 3.2448E-09 2.8170E-09 2.4219E-09 2.0630E-09 1.7402E-09 1.4513E-09 1.1926E-09 9.6472E-10 7.6986E-10 6.0816E-10 4.7174E-10 3.6126E-10 2.7221E-10 1.9902E-10 1.4357E-10 9.9099E-11 6.3337E-11 3.7670E-11 1.8513E-11 4.7851E-12 6.3874E-13 0.0000E+00 0.0000E+00 0.0000E+00 0.0000E+00 0.0000E+00 0.0000E+00 0.0000E+00 0.0000E+00 0.0000E+00 0.0000E+00 0.0000E+00
7.7026E-09 8.2565E-09 9.0892E-09 1.2349E-08 1.2390E-08 1.2346E-08 1.2221E-08 1.2032E-08 1.1804E-08 1.1537E-08 1.1232E-08 1.0889E-08 1.0506E-08 1.0084E-08 9.6242E-09 9.1306E-09 8.6058E-09 8.0567E-09 7.4879E-09 6.9069E-09 6.3210E-09 5.7362E-09 5.1444E-09 4.5654E-09 4.0278E-09 3.5473E-09 3.0840E-09 2.6549E-09 2.2619E-09 1.9078E-09 1.5920E-09 1.3094E-09 1.0613E-09 8.4770E-10 6.6682E-10 5.1974E-10 3.9877E-10 2.9835E-10 2.1886E-10 1.5821E-10 1.0813E-10 6.9186E-11 4.1278E-11 1.9738E-11 4.8619E-12 1.0101E-12 0.0000E+00 0.0000E+00 0.0000E+00 0.0000E+00 0.0000E+00 0.0000E+00 0.0000E+00 0.0000E+00 0.0000E+00 0.0000E+00 0.0000E+00
7.9928E-09 8.6740E-09 1.1637E-08 1.2571E-08 1.2650E-08 1.2644E-08 1.2559E-08 1.2426E-08 1.2251E-08 1.2034E-08 1.1770E-08 1.1459E-08 1.1101E-08 1.0697E-08 1.0247E-08 9.7545E-09 9.2233E-09 8.6597E-09 8.0695E-09 7.4610E-09 6.8372E-09 6.2219E-09 5.5583E-09 4.9770E-09 4.4128E-09 3.8749E-09 3.3690E-09 2.9012E-09 2.4742E-09 2.0882E-09 1.7421E-09 1.4323E-09 1.1613E-09 9.2887E-10 7.3042E-10 5.6847E-10 4.3590E-10 3.2681E-10 2.4005E-10 1.7199E-10 1.1718E-10 7.5599E-11 4.3982E-11 2.0726E-11 5.2839E-12 1.3160E-12 0.0000E+00 0.0000E+00 0.0000E+00 0.0000E+00 0.0000E+00 0.0000E+00 0.0000E+00 0.0000E+00 0.0000E+00 0.0000E+00 0.0000E+00
8.2784E-09 9.4524E-09 1.2519E-08 1.2719E-08 1.2837E-08 1.2878E-08 1.2852E-08 1.2782E-08 1.2666E-08 1.2501E-08 1.2284E-08 1.2015E-08 1.1689E-08 1.1308E-08 1.0874E-08 1.0387E-08 9.8538E-09 9.2792E-09 8.7942E-09 8.0372E-09 7.3863E-09 6.7303E-09 6.0293E-09 5.4041E-09 4.7974E-09 4.2187E-09 3.6716E-09 3.1624E-09 2.6961E-09 2.2755E-09 1.8985E-09 1.5634E-09 1.2668E-09 1.0121E-09 7.9764E-10 6.2143E-10 4.7356E-10 3.5515E-10 2.6201E-10 1.8604E-10 1.2711E-10 8.2594E-11 4.6993E-11 2.1327E-11 5.5703E-12 1.5408E-12 0.0000E+00 0.0000E+00 0.0000E+00 0.0000E+00 0.0000E+00 0.0000E+00 0.0000E+00 0.0000E+00 0.0000E+00 0.0000E+00 0.0000E+00
8.6064E-09 1.2235E-08 1.2550E-08 1.2791E-08 1.2958E-08 1.3051E-08 1.3097E-08 1.3098E-08 1.3048E-08 1.2944E-08 1.2783E-08 1.2559E-08 1.2273E-08 1.1924E-08 1.1510E-08 1.1035E-08 1.0503E-08 9.9207E-09 9.2956E-09 8.6321E-09 7.9576E-09 7.2668E-09 6.5312E-09 5.8620E-09 5.2100E-09 4.5835E-09 3.9918E-09 3.4413E-09 2.9351E-09 2.4751E-09 2.0616E-09 1.6971E-09 1.3771E-09 1.1017E-09 8.6801E-10 6.7433E-10 5.1361E-10 3.8524E-10 2.8288E-10 2.0056E-10 1.3702E-10 8.8266E-11 5.0436E-11 2.1643E-11 6.0388E-12 1.5473E-12 0.0000E+00 0.0000E+00 0.0000E+00 0.0000E+00 0.0000E+00 0.0000E+00 0.0000E+00 0.0000E+00 0.0000E+00 0.0000E+00 0.0000E+00
9.8072E-09 1.2150E-08 1.2504E-08 1.2791E-08 1.3009E-08 1.3176E-08 1.3299E-08 1.3373E-08 1.3396E-08 1.3360E-08 1.3259E-08 1.3091E-08 1.2851E-08 1.2538E-08 1.2150E-08 1.1691E-08 1.1165E-08 1.0577E-08 9.9390E-09 9.2588E-09 8.5363E-09 7.8224E-09 7.0494E-09 6.3361E-09 5.6396E-09 4.9672E-09 4.3281E-09 3.7319E-09 3.1838E-09 2.6860E-09 2.2379E-09 1.8398E-09 1.4888E-09 1.1930E-09 9.4274E-10 7.2815E-10 5.5442E-10 4.1566E-10 3.0300E-10 2.1562E-10 1.4746E-10 9.3456E-11 5.2077E-11 2.2301E-11 6.1125E-12 1.4503E-12 0.0000E+00 0.0000E+00 0.0000E+00 0.0000E+00 0.0000E+00 0.0000E+00 0.0000E+00 0.0000E+00 0.0000E+00 0.0000E+00 0.0000E+00
1.1544E-08 1.1991E-08 1.2386E-08 1.2720E-08 1.3006E-08 1.3253E-08 1.3457E-08 1.3613E-08 1.3711E-08 1.3748E-08 1.3716E-08 1.3609E-08 1.3420E-08 1.3147E-08 1.2791E-08 1.2353E-08 1.1837E-08 1.1250E-08 1.0602E-08 9.9041E-09 9.1677E-09 8.3326E-09 7.5966E-09 6.8368E-09 6.0894E-09 5.3667E-09 4.6813E-09 4.0390E-09 3.4447E-09 2.9047E-09 2.4196E-09 1.9889E-09 1.6094E-09 1.2870E-09 1.0160E-09 7.8457E-10 5.9789E-10 4.4566E-10 3.2367E-10 2.2946E-10 1.5716E-10 9.8852E-11 5.4138E-11 2.3085E-11 6.6438E-12 1.2134E-12 0.0000E+00 0.0000E+00 0.0000E+00 0.0000E+00 0.0000E+00 0.0000E+00 0.0000E+00 0.0000E+00 0.0000E+00 0.0000E+00 0.0000E+00
1.1281E-08 1.1763E-08 1.2200E-08 1.2595E-08 1.2958E-08 1.3288E-08 1.3576E-08 1.3815E-08 1.4000E-08 1.4118E-08 1.4157E-08 1.4115E-08 1.3986E-08 1.3763E-08 1.3445E-08 1.3034E-08 1.2534E-08 1.1952E-08 1.1297E-08 1.0581E-08 9.8172E-09 8.9749E-09 8.1740E-09 7.3682E-09 6.5709E-09 5.7961E-09 5.0567E-09 4.3626E-09 3.7209E-09 3.1368E-09 2.6095E-09 2.1402E-09 1.7336E-09 1.3840E-09 1.0906E-09 8.4210E-10 6.4018E-10 4.7520E-10 3.4517E-10 2.4407E-10 1.6421E-10 1.0298E-10 5.5894E-11 2.2436E-11 7.1999E-12 1.0503E-12 0.0000E+00 0.0000E+00 0.0000E+00 0.0000E+00 0.0000E+00 0.0000E+00 0.0000E+00 0.0000E+00 0.0000E+00 0.0000E+00 0.0000E+00
1.0957E-08 1.1474E-08 1.1959E-08 1.2424E-08 1.2869E-08 1.3283E-08 1.3658E-08 1.3987E-08 1.4255E-08 1.4454E-08 1.4575E-08 1.4607E-08 1.4538E-08 1.4370E-08 1.4098E-08 1.3884E-08 1.3242E-08 1.2669E-08 1.2010E-08 1.1279E-08 1.0483E-08 9.6182E-09 8.7737E-09 7.9176E-09 7.0675E-09 6.2407E-09 5.4490E-09 4.7014E-09 4.0083E-09 3.3761E-09 2.8075E-09 2.2990E-09 1.8566E-09 1.4829E-09 1.1683E-09 9.0285E-10 6.8185E-10 5.0448E-10 3.6551E-10 2.5691E-10 1.7213E-10 1.0636E-10 5.5606E-11 2.2999E-11 7.4861E-12 1.2970E-12 0.0000E+00 0.0000E+00 0.0000E+00 0.0000E+00 0.0000E+00 0.0000E+00 0.0000E+00 0.0000E+00 0.0000E+00 0.0000E+00 0.0000E+00
1.0581E-08 1.1134E-08 1.1680E-08 1.2220E-08 1.2744E-08 1.3242E-08 1.3708E-08 1.4126E-08 1.4486E-08 1.4773E-08 1.4974E-08 1.5084E-08 1.5090E-08 1.4985E-08 1.4763E-08 1.4424E-08 1.3965E-08 1.3411E-08 1.2753E-08 1.2009E-08 1.1148E-08 1.0296E-08 9.4077E-09 8.5017E-09 7.5969E-09 6.7111E-09 5.8593E-09 5.0555E-09 4.3102E-09 3.6263E-09 3.0105E-09 2.4646E-09 1.9897E-09 1.5821E-09 1.2441E-09 9.6291E-10 7.2322E-10 5.3318E-10 3.8594E-10 2.6848E-10 1.7751E-10 1.0790E-10 5.6863E-11 2.3999E-11 7.5403E-12 1.4558E-12 0.0000E+00 0.0000E+00 0.0000E+00 0.0000E+00 0.0000E+00 0.0000E+00 0.0000E+00 0.0000E+00 0.0000E+00 0.0000E+00 0.0000E+00
1.0164E-08 1.0757E-08 1.1372E-08 1.1984E-08 1.2587E-08 1.3173E-08 1.3724E-08 1.4233E-08 1.4682E-08 1.5060E-08 1.5356E-08 1.5551E-08 1.5631E-08 1.5593E-08 1.5595E-08 1.5135E-08 1.4716E-08 1.4166E-08 1.3519E-08 1.2765E-08 1.1888E-08 1.1001E-08 1.0067E-08 9.1081E-09 8.1469E-09 7.2016E-09 6.2888E-09 5.4245E-09 4.6220E-09 3.8859E-09 3.2209E-09 2.6334E-09 2.1215E-09 1.6867E-09 1.3209E-09 1.0176E-09 7.6382E-10 5.6169E-10 4.0335E-10 2.7989E-10 1.8222E-10 1.0906E-10 5.6187E-11 2.3624E-11 8.4770E-12 1.0727E-12 0.0000E+00 0.0000E+00 0.0000E+00 0.0000E+00 0.0000E+00 0.0000E+00 0.0000E+00 0.0000E+00 0.0000E+00 0.0000E+00 0.0000E+00
9.7158E-09 1.0369E-08 1.1043E-08 1.1724E-08 1.2403E-08 1.3068E-08 1.3711E-08 1.4312E-08 1.4860E-08 1.5336E-08 1.5722E-08 1.6003E-08 1.6171E-08 1.6209E-08 1.6108E-08 1.5861E-08 1.5484E-08 1.4966E-08 1.4320E-08 1.3511E-08 1.2667E-08 1.1743E-08 1.0762E-08 9.7494E-09 8.7273E-09 7.7168E-09 6.7395E-09 5.8130E-09 4.9467E-09 4.1539E-09 3.4379E-09 2.8048E-09 2.2555E-09 1.7904E-09 1.4008E-09 1.0745E-09 8.0331E-10 5.9056E-10 4.2007E-10 2.8833E-10 1.8697E-10 1.1062E-10 5.6233E-11 2.5191E-11 8.6579E-12 9.6361E-13 0.0000E+00 0.0000E+00 0.0000E+00 0.0000E+00 0.0000E+00 0.0000E+00 0.0000E+00 0.0000E+00 0.0000E+00 0.0000E+00 0.0000E+00
9.2591E-09 9.9666E-09 1.0695E-08 1.1440E-08 1.2194E-08 1.2943E-08 1.3670E-08 1.4364E-08 1.5009E-08 1.5580E-08 1.6068E-08 1.6448E-08 1.6701E-08 1.6819E-08 1.6792E-08 1.6611E-08 1.6257E-08 1.5778E-08 1.5128E-08 1.4336E-08 1.3470E-08 1.2511E-08 1.1484E-08 1.0417E-08 9.3312E-09 8.2542E-09 7.2085E-09 6.2147E-09 5.2859E-09 4.4312E-09 3.6620E-09 2.9817E-09 2.3947E-09 1.8949E-09 1.4766E-09 1.1315E-09 8.4224E-10 6.1583E-10 4.3749E-10 2.9488E-10 1.9061E-10 1.1121E-10 5.6594E-11 2.5454E-11 8.2942E-12 1.0429E-12 0.0000E+00 0.0000E+00 0.0000E+00 0.0000E+00 0.0000E+00 0.0000E+00 0.0000E+00 0.0000E+00 0.0000E+00 0.0000E+00 0.0000E+00
8.8044E-09 9.5533E-09 1.0333E-08 1.1141E-08 1.1963E-08 1.2788E-08 1.3604E-08 1.4394E-08 1.5137E-08 1.5815E-08 1.6400E-08 1.6879E-08 1.7234E-08 1.7443E-08 1.7488E-08 1.7370E-08 1.7081E-08 1.6603E-08 1.5960E-08 1.5205E-08 1.4319E-08 1.3324E-08 1.2249E-08 1.1121E-08 9.9686E-09 8.8202E-09 7.7026E-09 6.6344E-09 5.6348E-09 4.7168E-09 3.8917E-09 3.1642E-09 2.5349E-09 2.0007E-09 1.5536E-09 1.1863E-09 8.8397E-10 6.3925E-10 4.4921E-10 3.0244E-10 1.9140E-10 1.1289E-10 5.7615E-11 2.4910E-11 9.1999E-12 1.0108E-12 0.0000E+00 0.0000E+00 0.0000E+00 0.0000E+00 0.0000E+00 0.0000E+00 0.0000E+00 0.0000E+00 0.0000E+00 0.0000E+00 0.0000E+00
8.3521E-09 9.1347E-09 9.9621E-09 1.0824E-08 1.1712E-08 1.2615E-08 1.3516E-08 1.4399E-08 1.5243E-08 1.6019E-08 1.6715E-08 1.7302E-08 1.7754E-08 1.8055E-08 1.8190E-08 1.8143E-08 1.7910E-08 1.7450E-08 1.6855E-08 1.6101E-08 1.5198E-08 1.4170E-08 1.3047E-08 1.1857E-08 1.0636E-08 9.4136E-09 8.2189E-09 7.0746E-09 5.9998E-09 5.0170E-09 4.1286E-09 3.3518E-09 2.6791E-09 2.1083E-09 1.6323E-09 1.2405E-09 9.2115E-10 6.6274E-10 4.6067E-10 3.0962E-10 1.9460E-10 1.1246E-10 5.7493E-11 2.5437E-11 9.4246E-12 6.7116E-13 0.0000E+00 0.0000E+00 0.0000E+00 0.0000E+00 0.0000E+00 0.0000E+00 0.0000E+00 0.0000E+00 0.0000E+00 0.0000E+00 0.0000E+00
7.8987E-09 8.7132E-09 9.5821E-09 1.0495E-08 1.1446E-08 1.2421E-08 1.3406E-08 1.4380E-08 1.5320E-08 1.6208E-08 1.7012E-08 1.7828E-08 1.8267E-08 1.8668E-08 1.8894E-08 1.8928E-08 1.8733E-08 1.8346E-08 1.7784E-08 1.7032E-08 1.6115E-08 1.5054E-08 1.3881E-08 1.2630E-08 1.1336E-08 1.0036E-08 8.7584E-09 7.5322E-09 6.3821E-09 5.3256E-09 4.3777E-09 3.5447E-09 2.8241E-09 2.2169E-09 1.7118E-09 1.2968E-09 9.5453E-10 6.8481E-10 4.7323E-10 3.1236E-10 1.9752E-10 1.1292E-10 5.8368E-11 2.6011E-11 8.8061E-12 5.7226E-14 0.0000E+00 0.0000E+00 0.0000E+00 0.0000E+00 0.0000E+00 0.0000E+00 0.0000E+00 0.0000E+00 0.0000E+00 0.0000E+00 0.0000E+00
7.4555E-09 8.2951E-09 9.1967E-09 1.0156E-08 1.1162E-08 1.2208E-08 1.3271E-08 1.4335E-08 1.5377E-08 1.6368E-08 1.7283E-08 1.8095E-08 1.8762E-08 1.9279E-08 1.9604E-08 1.9704E-08 1.9583E-08 1.9275E-08 1.8745E-08 1.8008E-08 1.7081E-08 1.5989E-08 1.4765E-08 1.3449E-08 1.2081E-08 1.0696E-08 9.3305E-09 8.0145E-09 6.7821E-09 5.6488E-09 4.6355E-09 3.7432E-09 2.9754E-09 2.3258E-09 1.7907E-09 1.3516E-09 9.8876E-10 7.0165E-10 4.8321E-10 3.1808E-10 1.9835E-10 1.1242E-10 5.8543E-11 2.5717E-11 8.8145E-12 0.0000E+00 0.0000E+00 0.0000E+00 0.0000E+00 0.0000E+00 0.0000E+00 0.0000E+00 0.0000E+00 0.0000E+00 0.0000E+00 0.0000E+00 0.0000E+00
7.0150E-09 7.8745E-09 8.8076E-09 9.8055E-09 1.0865E-08 1.1971E-08 1.3110E-08 1.4261E-08 1.5402E-08 1.6504E-08 1.7630E-08 1.8456E-08 1.9251E-08 1.9868E-08 2.0293E-08 2.0486E-08 2.0483E-08 2.0239E-08 1.9747E-08 1.9027E-08 1.8092E-08 1.6972E-08 1.5700E-08 1.4318E-08 1.2869E-08 1.1394E-08 9.9341E-09 8.5297E-09 7.2054E-09 5.9920E-09 4.9047E-09 3.9494E-09 3.1299E-09 2.4411E-09 1.8711E-09 1.4006E-09 1.0220E-09 7.1908E-10 4.9240E-10 3.2257E-10 1.9775E-10 1.1290E-10 5.4576E-11 2.5021E-11 8.8332E-12 0.0000E+00 0.0000E+00 0.0000E+00 0.0000E+00 0.0000E+00 0.0000E+00 0.0000E+00 0.0000E+00 0.0000E+00 0.0000E+00 0.0000E+00 0.0000E+00
6.5856E-09 7.4611E-09 8.4131E-09 9.4412E-09 1.0547E-08 1.1714E-08 1.2922E-08 1.4160E-08 1.5396E-08 1.6601E-08 1.7748E-08 1.8801E-08 1.9716E-08 2.0444E-08 2.0977E-08 2.1313E-08 2.1404E-08 2.1229E-08 2.0791E-08 2.0096E-08 1.9163E-08 1.8016E-08 1.6697E-08 1.5248E-08 1.3714E-08 1.2141E-08 1.0578E-08 9.0682E-09 7.6519E-09 6.3567E-09 5.1891E-09 4.1659E-09 3.2877E-09 2.5554E-09 1.9514E-09 1.4521E-09 1.0478E-09 7.3467E-10 4.9650E-10 3.2317E-10 1.9656E-10 1.0900E-10 5.1717E-11 2.5105E-11 8.6545E-12 0.0000E+00 0.0000E+00 0.0000E+00 0.0000E+00 0.0000E+00 0.0000E+00 0.0000E+00 0.0000E+00 0.0000E+00 0.0000E+00 0.0000E+00 0.0000E+00
6.1661E-09 7.0431E-09 8.0115E-09 9.0717E-09 1.0216E-08 1.1430E-08 1.2707E-08 1.4022E-08 1.5353E-08 1.6667E-08 1.7933E-08 1.9103E-08 2.0118E-08 2.0998E-08 2.1693E-08 2.2148E-08 2.2342E-08 2.2254E-08 2.1882E-08 2.1227E-08 2.0303E-08 1.9138E-08 1.7772E-08 1.6250E-08 1.4623E-08 1.2946E-08 1.1276E-08 9.6575E-09 8.1334E-09 6.7329E-09 5.4845E-09 4.3922E-09 3.4568E-09 2.6714E-09 2.0267E-09 1.4996E-09 1.0708E-09 7.4544E-10 4.9934E-10 3.1828E-10 1.8939E-10 1.0014E-10 4.8016E-11 2.4569E-11 8.2472E-12 0.0000E+00 0.0000E+00 0.0000E+00 0.0000E+00 0.0000E+00 0.0000E+00 0.0000E+00 0.0000E+00 0.0000E+00 0.0000E+00 0.0000E+00 0.0000E+00
5.7522E-09 6.6322E-09 7.6066E-09 8.6843E-09 9.8593E-09 1.1122E-08 1.2459E-08 1.3851E-08 1.5269E-08 1.6689E-08 1.8058E-08 1.9342E-08 2.0527E-08 2.1551E-08 2.2395E-08 2.2988E-08 2.3310E-08 2.3329E-08 2.3031E-08 2.2421E-08 2.1510E-08 2.0332E-08 1.8921E-08 1.7325E-08 1.5600E-08 1.3813E-08 1.2022E-08 1.0288E-08 8.6547E-09 7.1501E-09 5.7989E-09 4.6230E-09 3.6271E-09 2.7910E-09 2.1007E-09 1.5361E-09 1.0933E-09 7.5000E-10 4.9796E-10 3.1249E-10 1.8229E-10 9.2819E-11 4.7185E-11 2.3482E-11 5.5863E-12 0.0000E+00 0.0000E+00 0.0000E+00 0.0000E+00 0.0000E+00 0.0000E+00 0.0000E+00 0.0000E+00 0.0000E+00 0.0000E+00 0.0000E+00 0.0000E+00
5.3458E-09 6.2172E-09 7.1951E-09 8.2918E-09 9.4890E-09 1.0786E-08 1.2176E-08 1.3634E-08 1.5137E-08 1.6638E-08 1.8122E-08 1.9569E-08 2.0918E-08 2.2108E-08 2.3105E-08 2.3849E-08 2.4299E-08 2.4438E-08 2.4243E-08 2.3702E-08 2.2826E-08 2.1637E-08 2.0177E-08 1.8504E-08 1.6682E-08 1.4775E-08 1.2855E-08 1.0982E-08 9.2084E-09 7.5880E-09 6.1418E-09 4.8750E-09 3.7960E-09 2.9011E-09 2.1685E-09 1.5689E-09 1.1055E-09 7.5044E-10 4.8840E-10 2.9937E-10 1.6573E-10 8.5648E-11 4.6026E-11 2.0243E-11 8.7532E-13 0.0000E+00 0.0000E+00 0.0000E+00 0.0000E+00 0.0000E+00 0.0000E+00 0.0000E+00 0.0000E+00 0.0000E+00 0.0000E+00 0.0000E+00 0.0000E+00
4.9507E-09 5.8095E-09 6.7844E-09 7.8781E-09 9.0912E-09 1.0424E-08 1.1851E-08 1.3415E-08 1.4928E-08 1.6548E-08 1.8179E-08 1.9776E-08 2.1269E-08 2.2634E-08 2.3794E-08 2.4710E-08 2.5336E-08 2.5624E-08 2.5539E-08 2.5074E-08 2.4242E-08 2.3056E-08 2.1558E-08 1.9804E-08 1.7867E-08 1.5835E-08 1.3775E-08 1.1755E-08 9.8377E-09 8.0695E-09 6.4929E-09 5.1334E-09 3.9743E-09 3.0090E-09 2.2267E-09 1.5991E-09 1.1074E-09 7.4344E-10 4.7188E-10 2.8400E-10 1.5137E-10 8.0306E-11 4.3985E-11 1.4765E-11 0.0000E+00 0.0000E+00 0.0000E+00 0.0000E+00 0.0000E+00 0.0000E+00 0.0000E+00 0.0000E+00 0.0000E+00 0.0000E+00 0.0000E+00 0.0000E+00 0.0000E+00
4.5572E-09 5.3997E-09 6.3649E-09 7.4582E-09 8.6653E-09 1.0000E-08 1.1458E-08 1.3035E-08 1.4704E-08 1.6432E-08 1.8192E-08 1.9919E-08 2.1594E-08 2.3130E-08 2.4489E-08 2.5597E-08 2.6405E-08 2.6860E-08 2.6927E-08 2.6578E-08 2.5806E-08 2.4634E-08 2.3106E-08 2.1277E-08 1.9225E-08 1.7034E-08 1.4794E-08 1.2595E-08 1.0513E-08 8.6006E-09 6.8840E-09 5.3947E-09 4.1436E-09 3.1137E-09 2.2745E-09 1.6157E-09 1.1091E-09 7.2710E-10 4.5577E-10 2.5994E-10 1.4108E-10 7.7483E-11 3.6897E-11 1.0824E-11 0.0000E+00 0.0000E+00 0.0000E+00 0.0000E+00 0.0000E+00 0.0000E+00 0.0000E+00 0.0000E+00 0.0000E+00 0.0000E+00 0.0000E+00 0.0000E+00 0.0000E+00
