Assets/Resources/2015_m01_d06_2000(utc+0800)_l00_csi_1hr_conc.grd
DSAA
         159         159
     -79.000      79.000
     -79.000      79.000
  0.0000E+00  0.1424E-04
[rows 0 to 24 of 159, columns 0 to 56 of 159]
0.0000E+00 0.0000E+00 0.0000E+00 0.0000E+00 0.0000E+00 0.0000E+00 0.0000E+00 0.0000E+00 0.0000E+00 0.0000E+00 0.0000E+00 0.0000E+00 0.0000E+00 0.0000E+00 0.0000E+00 0.0000E+00 0.0000E+00 0.0000E+00 0.0000E+00 0.0000E+00 0.0000E+00 0.0000E+00 0.0000E+00 7.1667E-13 2.2707E-12 8.0521E-12 1.6513E-11 2.2874E-11 2.6669E-11 3.2573E-11 4.0276E-11 4.8646E-11 5.6638E-11 6.6590E-11 7.7831E-11 8.7452E-11 9.9342E-11 1.1117E-10 1.2479E-10 1.3908E-10 1.5466E-10 1.7252E-10 1.9106E-10 2.1182E-10 2.3547E-10 2.5915E-10 2.9613E-10 3.2983E-10 3.7536E-10 4.2395E-10 4.8063E-10 5.4281E-10 6.1556E-10 6.9916E-10 7.8880E-10 8.8259E-10 9.8502E-10
0.0000E+00 0.0000E+00 0.0000E+00 0.0000E+00 0.0000E+00 0.0000E+00 0.0000E+00 0.0000E+00 0.0000E+00 0.0000E+00 0.0000E+00 0.0000E+00 0.0000E+00 0.0000E+00 0.0000E+00 0.0000E+00 0.0000E+00 0.0000E+00 0.0000E+00 0.0000E+00 0.0000E+00 0.0000E+00 0.0000E+00 7.1515E-13 2.2673E-12 7.9547E-12 1.6335E-11 2.2678E-11 2.6493E-11 3.3488E-11 4.0819E-11 4.9533E-11 5.9727E-11 6.8567E-11 7.9146E-11 9.0255E-11 1.0131E-10 1.1411E-10 1.2755E-10 1.4226E-10 1.5921E-10 1.7683E-10 1.9596E-10 2.1934E-10 2.4207E-10 2.6901E-10 3.0320E-10 3.4041E-10 3.8172E-10 4.3163E-10 4.8884E-10 5.5271E-10 6.2729E-10 7.0872E-10 8.0344E-10 9.0075E-10 1.0061E-09
0.0000E+00 0.0000E+00 0.0000E+00 0.0000E+00 0.0000E+00 0.0000E+00 0.0000E+00 0.0000E+00 0.0000E+00 0.0000E+00 0.0000E+00 0.0000E+00 0.0000E+00 0.0000E+00 0.0000E+00 0.0000E+00 0.0000E+00 0.0000E+00 0.0000E+00 0.0000E+00 0.0000E+00 0.0000E+00 0.0000E+00 7.1209E-13 2.2590E-12 7.8404E-12 1.6122E-11 2.2434E-11 2.6259E-11 3.3707E-11 4.2823E-11 5.0470E-11 6.0432E-11 7.1221E-11 8.0579E-11 9.1824E-11 1.0317E-10 1.1636E-10 1.3018E-10 1.4532E-10 1.6283E-10 1.8098E-10 2.0333E-10 2.2505E-10 2.5094E-10 2.7857E-10 3.0928E-10 3.5054E-10 3.8889E-10 4.4203E-10 4.9845E-10 5.6471E-10 6.3814E-10 7.1999E-10 8.1553E-10 9.1883E-10 1.0277E-09
0.0000E+00 0.0000E+00 0.0000E+00 0.0000E+00 0.0000E+00 0.0000E+00 0.0000E+00 0.0000E+00 0.0000E+00 0.0000E+00 0.0000E+00 0.0000E+00 0.0000E+00 0.0000E+00 0.0000E+00 0.0000E+00 0.0000E+00 0.0000E+00 0.0000E+00 0.0000E+00 0.0000E+00 0.0000E+00 0.0000E+00 7.0752E-13 2.2458E-12 7.7093E-12 1.5873E-11 2.2140E-11 2.5967E-11 3.3507E-11 4.3527E-11 5.2636E-11 6.2216E-11 7.2129E-11 8.2756E-11 9.3282E-11 1.0557E-10 1.1848E-10 1.3267E-10 1.4918E-10 1.6630E-10 1.8662E-10 2.0820E-10 2.3227E-10 2.5950E-10 2.8624E-10 3.1707E-10 3.6267E-10 4.0100E-10 4.5186E-10 5.0992E-10 5.7189E-10 6.4647E-10 7.3123E-10 8.2593E-10 9.3484E-10 1.0463E-09
0.0000E+00 0.0000E+00 0.0000E+00 0.0000E+00 0.0000E+00 0.0000E+00 0.0000E+00 0.0000E+00 0.0000E+00 0.0000E+00 0.0000E+00 0.0000E+00 0.0000E+00 0.0000E+00 0.0000E+00 0.0000E+00 0.0000E+00 0.0000E+00 0.0000E+00 0.0000E+00 0.0000E+00 0.0000E+00 0.0000E+00 7.0146E-13 2.2279E-12 7.5619E-12 1.5590E-11 2.1796E-11 2.6376E-11 3.3766E-11 4.3530E-11 5.4326E-11 6.3769E-11 7.3770E-11 8.3859E-11 9.5181E-11 1.0724E-10 1.2046E-10 1.3594E-10 1.5201E-10 1.7059E-10 1.9164E-10 2.1408E-10 2.4058E-10 2.6615E-10 2.9608E-10 3.2829E-10 3.6926E-10 4.1344E-10 4.6041E-10 5.1708E-10 5.8267E-10 6.5841E-10 7.4362E-10 8.3733E-10 9.4685E-10 1.0642E-09
0.0000E+00 0.0000E+00 0.0000E+00 0.0000E+00 0.0000E+00 0.0000E+00 0.0000E+00 0.0000E+00 0.0000E+00 0.0000E+00 0.0000E+00 0.0000E+00 0.0000E+00 0.0000E+00 0.0000E+00 0.0000E+00 0.0000E+00 0.0000E+00 0.0000E+00 0.0000E+00 0.0000E+00 0.0000E+00 0.0000E+00 6.9394E-13 2.2053E-12 7.3986E-12 1.5273E-11 2.1404E-11 2.5972E-11 3.4372E-11 4.3775E-11 5.4990E-11 6.4900E-11 7.4947E-11 8.4846E-11 9.6518E-11 1.0877E-10 1.2319E-10 1.3820E-10 1.5467E-10 1.7548E-10 1.9554E-10 2.2094E-10 2.4625E-10 2.7495E-10 3.0585E-10 3.3717E-10 3.7633E-10 4.2536E-10 4.6909E-10 5.2767E-10 5.9491E-10 6.6945E-10 7.5168E-10 8.4859E-10 9.5746E-10 1.0821E-09
0.0000E+00 0.0000E+00 0.0000E+00 0.0000E+00 0.0000E+00 0.0000E+00 0.0000E+00 0.0000E+00 0.0000E+00 0.0000E+00 0.0000E+00 0.0000E+00 0.0000E+00 0.0000E+00 0.0000E+00 0.0000E+00 0.0000E+00 0.0000E+00 0.0000E+00 0.0000E+00 0.0000E+00 0.0000E+00 0.0000E+00 6.8502E-13 2.1782E-12 7.2200E-12 1.4922E-11 2.0965E-11 2.5510E-11 3.4025E-11 4.4636E-11 5.5183E-11 6.6377E-11 7.5631E-11 8.6361E-11 9.7647E-11 1.1015E-10 1.2494E-10 1.4028E-10 1.5983E-10 1.7866E-10 2.0174E-10 2.2669E-10 2.5324E-10 2.8355E-10 3.1353E-10 3.4775E-10 3.8594E-10 4.3466E-10 4.8225E-10 5.3988E-10 6.0269E-10 6.7742E-10 7.6328E-10 8.6205E-10 9.6955E-10 1.0948E-09
0.0000E+00 0.0000E+00 0.0000E+00 0.0000E+00 0.0000E+00 0.0000E+00 0.0000E+00 0.0000E+00 0.0000E+00 0.0000E+00 0.0000E+00 0.0000E+00 0.0000E+00 0.0000E+00 0.0000E+00 0.0000E+00 0.0000E+00 0.0000E+00 0.0000E+00 0.0000E+00 0.0000E+00 0.0000E+00 0.0000E+00 6.7476E-13 1.4593E-12 7.0269E-12 1.3838E-11 2.0479E-11 2.4990E-11 3.3605E-11 4.4660E-11 5.6468E-11 6.7009E-11 7.6198E-11 8.7147E-11 9.8633E-11 1.1232E-10 1.2652E-10 1.4421E-10 1.6235E-10 1.8313E-10 2.0761E-10 2.3195E-10 2.6084E-10 2.9011E-10 3.2289E-10 3.5849E-10 3.9491E-10 4.4433E-10 4.9618E-10 5.4681E-10 6.1620E-10 6.9022E-10 7.7610E-10 8.7047E-10 9.8249E-10 1.1048E-09
0.0000E+00 0.0000E+00 0.0000E+00 0.0000E+00 0.0000E+00 0.0000E+00 0.0000E+00 0.0000E+00 0.0000E+00 0.0000E+00 0.0000E+00 0.0000E+00 0.0000E+00 0.0000E+00 0.0000E+00 0.0000E+00 0.0000E+00 0.0000E+00 0.0000E+00 0.0000E+00 0.0000E+00 0.0000E+00 0.0000E+00 0.0000E+00 7.6168E-13 6.8201E-12 1.3434E-11 1.9242E-11 2.6064E-11 3.3113E-11 4.4398E-11 5.6990E-11 6.7329E-11 7.7308E-11 8.7797E-11 1.0038E-10 1.1345E-10 1.2873E-10 1.4676E-10 1.6568E-10 1.8917E-10 2.1138E-10 2.3838E-10 2.6714E-10 2.9836E-10 3.3241E-10 3.6730E-10 4.0695E-10 4.5256E-10 5.0816E-10 5.6032E-10 6.2667E-10 7.0195E-10 7.8451E-10 8.8332E-10 9.9538E-10 1.1180E-09
0.0000E+00 0.0000E+00 0.0000E+00 0.0000E+00 0.0000E+00 0.0000E+00 0.0000E+00 0.0000E+00 0.0000E+00 0.0000E+00 0.0000E+00 0.0000E+00 0.0000E+00 0.0000E+00 0.0000E+00 0.0000E+00 0.0000E+00 0.0000E+00 0.0000E+00 0.0000E+00 0.0000E+00 0.0000E+00 0.0000E+00 0.0000E+00 7.4703E-13 5.9238E-12 1.2319E-11 1.8681E-11 2.5490E-11 3.4294E-11 4.4044E-11 5.6968E-11 6.7531E-11 7.7669E-11 8.8295E-11 1.0112E-10 1.1439E-10 1.3153E-10 1.4937E-10 1.7102E-10 1.9206E-10 2.1744E-10 2.4458E-10 2.7415E-10 3.0654E-10 3.3978E-10 3.7815E-10 4.1772E-10 4.6104E-10 5.1830E-10 5.7571E-10 6.3399E-10 7.1342E-10 7.9742E-10 8.9623E-10 1.0040E-09 1.1312E-09
0.0000E+00 0.0000E+00 0.0000E+00 0.0000E+00 0.0000E+00 0.0000E+00 0.0000E+00 0.0000E+00 0.0000E+00 0.0000E+00 0.0000E+00 0.0000E+00 0.0000E+00 0.0000E+00 0.0000E+00 0.0000E+00 0.0000E+00 0.0000E+00 0.0000E+00 0.0000E+00 0.0000E+00 0.0000E+00 0.0000E+00 0.0000E+00 7.3108E-13 5.7063E-12 1.1879E-11 1.8083E-11 2.4863E-11 3.3725E-11 4.5414E-11 5.6808E-11 6.7581E-11 7.7861E-11 8.8604E-11 1.0165E-10 1.1704E-10 1.3303E-10 1.5172E-10 1.7359E-10 1.9623E-10 2.2208E-10 2.4986E-10 2.8052E-10 3.1277E-10 3.4868E-10 3.8719E-10 4.2747E-10 4.7149E-10 5.2766E-10 5.8876E-10 6.4873E-10 7.2441E-10 8.1063E-10 9.0490E-10 1.0172E-09 1.1429E-09
0.0000E+00 0.0000E+00 0.0000E+00 0.0000E+00 0.0000E+00 0.0000E+00 0.0000E+00 0.0000E+00 0.0000E+00 0.0000E+00 0.0000E+00 0.0000E+00 0.0000E+00 0.0000E+00 0.0000E+00 0.0000E+00 0.0000E+00 0.0000E+00 0.0000E+00 0.0000E+00 0.0000E+00 0.0000E+00 0.0000E+00 0.0000E+00 7.1393E-13 3.8850E-12 1.1418E-11 1.7449E-11 2.4186E-11 3.3088E-11 4.4916E-11 5.6538E-11 6.7505E-11 7.7909E-11 8.8749E-11 1.0200E-10 1.1816E-10 1.3493E-10 1.5589E-10 1.7651E-10 2.0098E-10 2.2703E-10 2.5583E-10 2.8626E-10 3.1978E-10 3.5692E-10 3.9533E-10 4.3790E-10 4.8383E-10 5.3652E-10 6.0126E-10 6.6547E-10 7.3234E-10 8.2278E-10 9.1853E-10 1.0293E-09 1.1514E-09
0.0000E+00 0.0000E+00 0.0000E+00 0.0000E+00 0.0000E+00 0.0000E+00 0.0000E+00 0.0000E+00 0.0000E+00 0.0000E+00 0.0000E+00 0.0000E+00 0.0000E+00 0.0000E+00 0.0000E+00 0.0000E+00 0.0000E+00 0.0000E+00 0.0000E+00 0.0000E+00 0.0000E+00 0.0000E+00 0.0000E+00 0.0000E+00 6.9567E-13 2.2184E-12 9.2408E-12 1.6784E-11 2.2721E-11 3.2385E-11 4.4298E-11 5.6127E-11 6.7273E-11 7.7781E-11 8.8694E-11 1.0213E-10 1.1988E-10 1.3791E-10 1.5729E-10 1.8009E-10 2.0420E-10 2.3211E-10 2.6063E-10 2.9208E-10 3.2735E-10 3.6376E-10 4.0434E-10 4.4829E-10 4.9447E-10 5.4549E-10 6.1281E-10 6.7955E-10 7.4875E-10 8.3347E-10 9.3104E-10 1.0386E-09 1.1646E-09
0.0000E+00 0.0000E+00 0.0000E+00 0.0000E+00 0.0000E+00 0.0000E+00 0.0000E+00 0.0000E+00 0.0000E+00 0.0000E+00 0.0000E+00 0.0000E+00 0.0000E+00 0.0000E+00 0.0000E+00 0.0000E+00 0.0000E+00 0.0000E+00 0.0000E+00 0.0000E+00 0.0000E+00 0.0000E+00 0.0000E+00 0.0000E+00 6.7641E-13 2.1581E-12 5.5839E-12 1.6091E-11 2.1965E-11 3.0877E-11 4.3592E-11 5.5619E-11 6.6926E-11 7.7520E-11 8.8483E-11 1.0235E-10 1.2026E-10 1.4004E-10 1.5942E-10 1.8267E-10 2.0855E-10 2.3510E-10 2.6428E-10 2.9790E-10 3.3281E-10 3.7125E-10 4.1307E-10 4.5713E-10 5.0459E-10 5.5820E-10 6.2199E-10 6.9370E-10 7.6508E-10 8.4142E-10 9.4508E-10 1.0520E-09 1.1766E-09
0.0000E+00 0.0000E+00 0.0000E+00 0.0000E+00 0.0000E+00 0.0000E+00 0.0000E+00 0.0000E+00 0.0000E+00 0.0000E+00 0.0000E+00 0.0000E+00 0.0000E+00 0.0000E+00 0.0000E+00 0.0000E+00 0.0000E+00 0.0000E+00 0.0000E+00 0.0000E+00 0.0000E+00 0.0000E+00 0.0000E+00 0.0000E+00 0.0000E+00 1.4386E-12 3.7946E-12 1.1180E-11 2.0449E-11 3.0070E-11 4.2063E-11 5.4920E-11 6.6364E-11 7.7018E-11 8.8003E-11 1.0249E-10 1.2037E-10 1.4169E-10 1.6267E-10 1.8591E-10 2.1150E-10 2.3861E-10 2.6984E-10 3.0278E-10 3.3867E-10 3.7856E-10 4.2034E-10 4.6553E-10 5.1689E-10 5.6962E-10 6.2961E-10 7.0563E-10 7.7986E-10 8.5975E-10 9.5465E-10 1.0646E-09 1.1851E-09
0.0000E+00 0.0000E+00 0.0000E+00 0.0000E+00 0.0000E+00 0.0000E+00 0.0000E+00 0.0000E+00 0.0000E+00 0.0000E+00 0.0000E+00 0.0000E+00 0.0000E+00 0.0000E+00 0.0000E+00 0.0000E+00 0.0000E+00 0.0000E+00 0.0000E+00 0.0000E+00 0.0000E+00 0.0000E+00 0.0000E+00 0.0000E+00 0.0000E+00 7.2810E-13 2.3246E-12 5.9556E-12 1.8946E-11 2.8500E-11 4.1210E-11 5.4130E-11 6.5687E-11 7.6379E-11 8.7360E-11 1.0193E-10 1.2145E-10 1.4195E-10 1.6459E-10 1.8827E-10 2.1373E-10 2.4316E-10 2.7386E-10 3.0669E-10 3.4501E-10 3.8428E-10 4.2705E-10 4.7597E-10 5.2629E-10 5.8043E-10 6.4166E-10 7.1478E-10 7.9535E-10 8.7588E-10 9.6273E-10 1.0774E-09 1.1973E-09
0.0000E+00 0.0000E+00 0.0000E+00 0.0000E+00 0.0000E+00 0.0000E+00 0.0000E+00 0.0000E+00 0.0000E+00 0.0000E+00 0.0000E+00 0.0000E+00 0.0000E+00 0.0000E+00 0.0000E+00 0.0000E+00 0.0000E+00 0.0000E+00 0.0000E+00 0.0000E+00 0.0000E+00 0.0000E+00 0.0000E+00 0.0000E+00 0.0000E+00 7.0337E-13 2.2467E-12 4.0795E-12 1.6347E-11 2.7575E-11 4.0245E-11 5.3149E-11 6.4759E-11 7.5463E-11 8.7026E-11 1.0103E-10 1.2121E-10 1.4294E-10 1.6723E-10 1.9011E-10 2.1774E-10 2.4523E-10 2.7653E-10 3.1238E-10 3.4929E-10 3.8954E-10 4.3520E-10 4.8365E-10 5.3525E-10 5.9235E-10 6.5219E-10 7.2539E-10 8.0879E-10 8.9116E-10 9.8020E-10 1.0868E-09 1.2063E-09
0.0000E+00 0.0000E+00 0.0000E+00 0.0000E+00 0.0000E+00 0.0000E+00 0.0000E+00 0.0000E+00 0.0000E+00 0.0000E+00 0.0000E+00 0.0000E+00 0.0000E+00 0.0000E+00 0.0000E+00 0.0000E+00 0.0000E+00 0.0000E+00 0.0000E+00 0.0000E+00 0.0000E+00 0.0000E+00 0.0000E+00 0.0000E+00 0.0000E+00 6.7801E-13 2.1666E-12 3.9392E-12 1.2293E-11 2.8485E-11 3.9124E-11 5.1979E-11 6.3622E-11 7.4313E-11 8.5975E-11 1.0053E-10 1.2025E-10 1.4313E-10 1.6723E-10 1.9161E-10 2.1876E-10 2.4768E-10 2.8106E-10 3.1546E-10 3.5300E-10 3.9535E-10 4.4169E-10 4.9040E-10 5.4473E-10 6.0187E-10 6.6476E-10 7.3443E-10 8.1776E-10 9.0550E-10 9.9662E-10 1.0948E-09 1.2242E-09
0.0000E+00 0.0000E+00 0.0000E+00 0.0000E+00 0.0000E+00 0.0000E+00 0.0000E+00 0.0000E+00 0.0000E+00 0.0000E+00 0.0000E+00 0.0000E+00 0.0000E+00 0.0000E+00 0.0000E+00 0.0000E+00 0.0000E+00 0.0000E+00 0.0000E+00 0.0000E+00 0.0000E+00 0.0000E+00 0.0000E+00 0.0000E+00 0.0000E+00 0.0000E+00 1.4382E-12 3.7954E-12 1.0243E-11 2.3740E-11 3.9936E-11 5.0617E-11 6.2169E-11 7.2935E-11 8.4410E-11 9.9769E-11 1.1917E-10 1.4274E-10 1.6765E-10 1.9353E-10 2.1931E-10 2.5081E-10 2.8262E-10 3.1748E-10 3.5704E-10 4.0049E-10 4.4651E-10 4.9794E-10 5.5223E-10 6.1230E-10 6.7529E-10 7.4470E-10 8.2643E-10 9.1853E-10 1.0115E-09 1.1121E-09 1.2427E-09
0.0000E+00 0.0000E+00 0.0000E+00 0.0000E+00 0.0000E+00 0.0000E+00 0.0000E+00 0.0000E+00 0.0000E+00 0.0000E+00 0.0000E+00 0.0000E+00 0.0000E+00 0.0000E+00 0.0000E+00 0.0000E+00 0.0000E+00 0.0000E+00 0.0000E+00 0.0000E+00 0.0000E+00 0.0000E+00 0.0000E+00 0.0000E+00 0.0000E+00 0.0000E+00 7.1575E-13 2.2886E-12 6.8031E-12 1.8007E-11 3.7882E-11 4.9112E-11 6.0537E-11 7.1673E-11 8.2599E-11 9.7907E-11 1.1853E-10 1.4126E-10 1.6788E-10 1.9279E-10 2.1992E-10 2.5103E-10 2.8330E-10 3.2005E-10 3.6040E-10 4.0345E-10 4.5165E-10 5.0285E-10 5.5833E-10 6.1973E-10 6.8439E-10 7.5373E-10 8.3420E-10 9.2633E-10 1.0252E-09 1.1282E-09 1.2552E-09
0.0000E+00 0.0000E+00 0.0000E+00 0.0000E+00 0.0000E+00 0.0000E+00 0.0000E+00 0.0000E+00 0.0000E+00 0.0000E+00 0.0000E+00 0.0000E+00 0.0000E+00 0.0000E+00 0.0000E+00 0.0000E+00 0.0000E+00 0.0000E+00 0.0000E+00 0.0000E+00 0.0000E+00 0.0000E+00 0.0000E+00 0.0000E+00 0.0000E+00 0.0000E+00 6.8548E-13 2.1927E-12 5.9211E-12 1.3212E-11 3.0306E-11 4.6845E-11 5.8829E-11 6.9978E-11 8.1439E-11 9.5817E-11 1.1667E-10 1.3990E-10 1.6699E-10 1.9168E-10 2.2105E-10 2.5052E-10 2.8432E-10 3.2030E-10 3.6147E-10 4.0518E-10 4.5451E-10 5.0671E-10 5.6500E-10 6.2628E-10 6.9245E-10 7.6348E-10 8.4130E-10 9.3330E-10 1.0375E-09 1.1432E-09 1.2708E-09
0.0000E+00 0.0000E+00 0.0000E+00 0.0000E+00 0.0000E+00 0.0000E+00 0.0000E+00 0.0000E+00 0.0000E+00 0.0000E+00 0.0000E+00 0.0000E+00 0.0000E+00 0.0000E+00 0.0000E+00 0.0000E+00 0.0000E+00 0.0000E+00 0.0000E+00 0.0000E+00 0.0000E+00 0.0000E+00 0.0000E+00 0.0000E+00 0.0000E+00 0.0000E+00 0.0000E+00 1.4508E-12 5.7549E-12 1.2958E-11 2.5669E-11 4.3388E-11 5.7123E-11 6.8121E-11 8.0103E-11 9.4329E-11 1.1507E-10 1.3797E-10 1.6515E-10 1.9198E-10 2.1984E-10 2.4949E-10 2.8370E-10 3.2160E-10 3.6202E-10 4.0788E-10 4.5642E-10 5.1110E-10 5.6881E-10 6.3143E-10 6.9897E-10 7.7154E-10 8.4923E-10 9.4033E-10 1.0448E-09 1.1579E-09 1.2852E-09
0.0000E+00 0.0000E+00 0.0000E+00 0.0000E+00 0.0000E+00 0.0000E+00 0.0000E+00 0.0000E+00 0.0000E+00 0.0000E+00 0.0000E+00 0.0000E+00 0.0000E+00 0.0000E+00 0.0000E+00 0.0000E+00 0.0000E+00 0.0000E+00 0.0000E+00 0.0000E+00 0.0000E+00 0.0000E+00 0.0000E+00 0.0000E+00 0.0000E+00 0.0000E+00 0.0000E+00 7.1277E-13 4.9194E-12 1.2031E-11 2.2730E-11 3.8398E-11 5.5766E-11 6.6275E-11 7.8129E-11 9.3122E-11 1.1297E-10 1.3639E-10 1.6324E-10 1.9037E-10 2.1844E-10 2.4951E-10 2.8280E-10 3.2094E-10 3.6289E-10 4.0821E-10 4.5909E-10 5.1320E-10 5.7205E-10 6.3583E-10 7.0469E-10 7.7854E-10 8.5900E-10 9.4947E-10 1.0540E-09 1.1720E-09 1.3028E-09
0.0000E+00 0.0000E+00 0.0000E+00 0.0000E+00 0.0000E+00 0.0000E+00 0.0000E+00 0.0000E+00 0.0000E+00 0.0000E+00 0.0000E+00 0.0000E+00 0.0000E+00 0.0000E+00 0.0000E+00 0.0000E+00 0.0000E+00 0.0000E+00 0.0000E+00 0.0000E+00 0.0000E+00 0.0000E+00 0.0000E+00 0.0000E+00 0.0000E+00 0.0000E+00 0.0000E+00 6.7821E-13 5.2583E-12 1.0384E-11 2.1599E-11 3.3165E-11 5.1633E-11 6.4889E-11 7.6123E-11 9.1248E-11 1.1128E-10 1.3418E-10 1.6165E-10 1.8850E-10 2.1797E-10 2.4805E-10 2.8278E-10 3.2003E-10 3.6274E-10 4.0826E-10 4.5991E-10 5.1455E-10 5.7421E-10 6.3895E-10 7.0894E-10 7.8572E-10 8.6769E-10 9.5795E-10 1.0620E-09 1.1835E-09 1.3222E-09
0.0000E+00 0.0000E+00 0.0000E+00 0.0000E+00 0.0000E+00 0.0000E+00 0.0000E+00 0.0000E+00 0.0000E+00 0.0000E+00 0.0000E+00 0.0000E+00 0.0000E+00 0.0000E+00 0.0000E+00 0.0000E+00 0.0000E+00 0.0000E+00 0.0000E+00 0.0000E+00 0.0000E+00 0.0000E+00 0.0000E+00 0.0000E+00 0.0000E+00 0.0000E+00 0.0000E+00 0.0000E+00 5.1745E-12 1.2120E-11 1.9779E-11 3.1829E-11 4.4767E-11 6.3589E-11 7.4397E-11 8.9476E-11 1.0918E-10 1.3167E-10 1.5953E-10 1.8622E-10 2.1592E-10 2.4646E-10 2.8114E-10 3.2007E-10 3.6174E-10 4.0929E-10 4.5999E-10 5.1529E-10 5.7574E-10 6.4141E-10 7.1387E-10 7.9171E-10 8.7600E-10 9.6696E-10 1.0696E-09 1.1958E-09 1.3395E-09
