Assets/Resources/2015_m01_d04_0100(utc+0800)_l00_csi_1hr_conc.grd
DSAA
         159         159
     -79.000      79.000
     -79.000      79.000
  0.1241E-10  0.7007E-05
[rows 25 to 49 of 159, columns 57 to 113 of 159]
1.4092E-10 1.4407E-10 1.4725E-10 1.5046E-10 1.5370E-10 1.5698E-10 1.6028E-10 1.6362E-10 1.6698E-10 1.7037E-10 1.7379E-10 1.7723E-10 1.8069E-10 1.8418E-10 1.8768E-10 1.9121E-10 1.9475E-10 1.9831E-10 2.0188E-10 2.0547E-10 2.0906E-10 2.1267E-10 2.1629E-10 2.1991E-10 2.2354E-10 2.2717E-10 2.3080E-10 2.3443E-10 2.3806E-10 2.4169E-10 2.4531E-10 2.4892E-10 2.5252E-10 2.5611E-10 2.5968E-10 2.6324E-10 2.6678E-10 2.7030E-10 2.7379E-10 2.7727E-10 2.8071E-10 2.8413E-10 2.8752E-10 2.9087E-10 2.9419E-10 2.9747E-10 3.0072E-10 3.0392E-10 3.0708E-10 3.1019E-10 3.1326E-10 3.1628E-10 3.1924E-10 3.2215E-10 3.2501E-10 3.2781E-10 3.3055E-10
1.4380E-10 1.4701E-10 1.5026E-10 1.5354E-10 1.5685E-10 1.6020E-10 1.6357E-10 1.6698E-10 1.7041E-10 1.7388E-10 1.7736E-10 1.8088E-10 1.8441E-10 1.8797E-10 1.9155E-10 1.9515E-10 1.9877E-10 2.0240E-10 2.0605E-10 2.0972E-10 2.1339E-10 2.1708E-10 2.2077E-10 2.2447E-10 2.2818E-10 2.3188E-10 2.3559E-10 2.3930E-10 2.4301E-10 2.4671E-10 2.5041E-10 2.5410E-10 2.5778E-10 2.6144E-10 2.6509E-10 2.6873E-10 2.7234E-10 2.7594E-10 2.7951E-10 2.8306E-10 2.8658E-10 2.9007E-10 2.9354E-10 2.9696E-10 3.0035E-10 3.0371E-10 3.0702E-10 3.1029E-10 3.1352E-10 3.1670E-10 3.1984E-10 3.2292E-10 3.2595E-10 3.2893E-10 3.3184E-10 3.3471E-10 3.3750E-10
1.4671E-10 1.4999E-10 1.5330E-10 1.5665E-10 1.6003E-10 1.6345E-10 1.6690E-10 1.7037E-10 1.7388E-10 1.7741E-10 1.8097E-10 1.8456E-10 1.8817E-10 1.9181E-10 1.9546E-10 1.9914E-10 2.0283E-10 2.0654E-10 2.1027E-10 2.1401E-10 2.1776E-10 2.2153E-10 2.2530E-10 2.2908E-10 2.3286E-10 2.3665E-10 2.4044E-10 2.4423E-10 2.4801E-10 2.5179E-10 2.5557E-10 2.5934E-10 2.6309E-10 2.6684E-10 2.7056E-10 2.7428E-10 2.7797E-10 2.8164E-10 2.8529E-10 2.8892E-10 2.9251E-10 2.9608E-10 2.9962E-10 3.0312E-10 3.0658E-10 3.1001E-10 3.1339E-10 3.1677E-10 3.2015E-10 3.2351E-10 3.2690E-10 3.3021E-10 3.3345E-10 3.3661E-10 3.3968E-10 3.4265E-10 3.4553E-10
1.4964E-10 1.5299E-10 1.5637E-10 1.5979E-10 1.6325E-10 1.6673E-10 1.7025E-10 1.7380E-10 1.7738E-10 1.8098E-10 1.8462E-10 1.8828E-10 1.9197E-10 1.9568E-10 1.9941E-10 2.0316E-10 2.0693E-10 2.1072E-10 2.1453E-10 2.1834E-10 2.2218E-10 2.2602E-10 2.2987E-10 2.3373E-10 2.3759E-10 2.4146E-10 2.4533E-10 2.4920E-10 2.5306E-10 2.5692E-10 2.6078E-10 2.6462E-10 2.6846E-10 2.7228E-10 2.7609E-10 2.7988E-10 2.8365E-10 2.8741E-10 2.9113E-10 2.9483E-10 2.9851E-10 3.0215E-10 3.0579E-10 3.0949E-10 3.1329E-10 3.1716E-10 3.2117E-10 3.2528E-10 3.2961E-10 3.3400E-10 3.3845E-10 3.4288E-10 3.4723E-10 3.5137E-10 3.5523E-10 3.5886E-10 3.6222E-10
1.5261E-10 1.5602E-10 1.5947E-10 1.6296E-10 1.6649E-10 1.7004E-10 1.7363E-10 1.7726E-10 1.8091E-10 1.8459E-10 1.8830E-10 1.9204E-10 1.9580E-10 1.9959E-10 2.0339E-10 2.0722E-10 2.1107E-10 2.1494E-10 2.1882E-10 2.2272E-10 2.2663E-10 2.3055E-10 2.3449E-10 2.3842E-10 2.4237E-10 2.4632E-10 2.5027E-10 2.5421E-10 2.5816E-10 2.6210E-10 2.6604E-10 2.6997E-10 2.7388E-10 2.7778E-10 2.8167E-10 2.8554E-10 2.8939E-10 2.9322E-10 2.9703E-10 3.0090E-10 3.0487E-10 3.0905E-10 3.1343E-10 3.1833E-10 3.2342E-10 3.2895E-10 3.3442E-10 3.3985E-10 3.4512E-10 3.5016E-10 3.5486E-10 3.5927E-10 3.6332E-10 3.6700E-10 3.7048E-10 3.7367E-10 3.7658E-10
1.5560E-10 1.5908E-10 1.6260E-10 1.6616E-10 1.6976E-10 1.7339E-10 1.7705E-10 1.8074E-10 1.8447E-10 1.8823E-10 1.9201E-10 1.9583E-10 1.9967E-10 2.0353E-10 2.0742E-10 2.1132E-10 2.1525E-10 2.1920E-10 2.2316E-10 2.2714E-10 2.3113E-10 2.3513E-10 2.3914E-10 2.4316E-10 2.4719E-10 2.5122E-10 2.5525E-10 2.5928E-10 2.6331E-10 2.6733E-10 2.7135E-10 2.7536E-10 2.7935E-10 2.8334E-10 2.8731E-10 2.9126E-10 2.9524E-10 2.9939E-10 3.0379E-10 3.0858E-10 3.1403E-10 3.1994E-10 3.2606E-10 3.3222E-10 3.3865E-10 3.4473E-10 3.5074E-10 3.5641E-10 3.6210E-10 3.6758E-10 3.7305E-10 3.7835E-10 3.8339E-10 3.8814E-10 3.9257E-10 3.9665E-10 4.0032E-10
1.5861E-10 1.6216E-10 1.6576E-10 1.6939E-10 1.7305E-10 1.7676E-10 1.8049E-10 1.8426E-10 1.8806E-10 1.9190E-10 1.9576E-10 1.9965E-10 2.0356E-10 2.0751E-10 2.1147E-10 2.1546E-10 2.1947E-10 2.2349E-10 2.2754E-10 2.3160E-10 2.3567E-10 2.3975E-10 2.4384E-10 2.4795E-10 2.5205E-10 2.5616E-10 2.6028E-10 2.6439E-10 2.6850E-10 2.7261E-10 2.7671E-10 2.8080E-10 2.8488E-10 2.8894E-10 2.9312E-10 2.9754E-10 3.0231E-10 3.0800E-10 3.1419E-10 3.2080E-10 3.2788E-10 3.3478E-10 3.4202E-10 3.4887E-10 3.5589E-10 3.6274E-10 3.6927E-10 3.7577E-10 3.8198E-10 3.8769E-10 3.9311E-10 3.9800E-10 4.0261E-10 4.0672E-10 4.1053E-10 4.1412E-10 4.1749E-10
1.6165E-10 1.6527E-10 1.6894E-10 1.7264E-10 1.7638E-10 1.8015E-10 1.8396E-10 1.8781E-10 1.9169E-10 1.9560E-10 1.9953E-10 2.0350E-10 2.0750E-10 2.1152E-10 2.1556E-10 2.1963E-10 2.2372E-10 2.2782E-10 2.3195E-10 2.3609E-10 2.4024E-10 2.4441E-10 2.4859E-10 2.5277E-10 2.5696E-10 2.6115E-10 2.6535E-10 2.6955E-10 2.7374E-10 2.7793E-10 2.8211E-10 2.8628E-10 2.9061E-10 2.9525E-10 3.0047E-10 3.0658E-10 3.1344E-10 3.2079E-10 3.2837E-10 3.3633E-10 3.4403E-10 3.5190E-10 3.5952E-10 3.6687E-10 3.7424E-10 3.8100E-10 3.8749E-10 3.9340E-10 3.9888E-10 4.0393E-10 4.0879E-10 4.1345E-10 4.1789E-10 4.2211E-10 4.2610E-10 4.2983E-10 4.3331E-10
1.6471E-10 1.6840E-10 1.7214E-10 1.7592E-10 1.7973E-10 1.8358E-10 1.8746E-10 1.9138E-10 1.9534E-10 1.9932E-10 2.0334E-10 2.0739E-10 2.1146E-10 2.1556E-10 2.1969E-10 2.2383E-10 2.2800E-10 2.3219E-10 2.3640E-10 2.4062E-10 2.4486E-10 2.4911E-10 2.5336E-10 2.5763E-10 2.6191E-10 2.6618E-10 2.7046E-10 2.7474E-10 2.7902E-10 2.8329E-10 2.8769E-10 2.9245E-10 2.9791E-10 3.0430E-10 3.1158E-10 3.1962E-10 3.2773E-10 3.3610E-10 3.4483E-10 3.5301E-10 3.6109E-10 3.6933E-10 3.7688E-10 3.8412E-10 3.9091E-10 3.9704E-10 4.0294E-10 4.0868E-10 4.1426E-10 4.1965E-10 4.2483E-10 4.2978E-10 4.3448E-10 4.3893E-10 4.4310E-10 4.4699E-10 4.5059E-10
1.6779E-10 1.7156E-10 1.7537E-10 1.7922E-10 1.8310E-10 1.8703E-10 1.9099E-10 1.9499E-10 1.9902E-10 2.0308E-10 2.0718E-10 2.1130E-10 2.1546E-10 2.1964E-10 2.2384E-10 2.2807E-10 2.3232E-10 2.3659E-10 2.4088E-10 2.4519E-10 2.4951E-10 2.5384E-10 2.5818E-10 2.6253E-10 2.6689E-10 2.7125E-10 2.7562E-10 2.7998E-10 2.8441E-10 2.8917E-10 2.9462E-10 3.0117E-10 3.0864E-10 3.1708E-10 3.2569E-10 3.3451E-10 3.4365E-10 3.5260E-10 3.6116E-10 3.6978E-10 3.7805E-10 3.8559E-10 3.9271E-10 3.9942E-10 4.0604E-10 4.1254E-10 4.1965E-10 4.2661E-10 4.3401E-10 4.4110E-10 4.4834E-10 4.5515E-10 4.6172E-10 4.6776E-10 4.7335E-10 4.7864E-10 4.8278E-10
1.7090E-10 1.7474E-10 1.7862E-10 1.8254E-10 1.8650E-10 1.9050E-10 1.9454E-10 1.9862E-10 2.0272E-10 2.0687E-10 2.1104E-10 2.1524E-10 2.1948E-10 2.2374E-10 2.2803E-10 2.3234E-10 2.3667E-10 2.4102E-10 2.4540E-10 2.4979E-10 2.5419E-10 2.5861E-10 2.6304E-10 2.6747E-10 2.7192E-10 2.7636E-10 2.8081E-10 2.8553E-10 2.9078E-10 2.9725E-10 3.0466E-10 3.1326E-10 3.2220E-10 3.3149E-10 3.4105E-10 3.5053E-10 3.5963E-10 3.6876E-10 3.7749E-10 3.8570E-10 3.9324E-10 4.0064E-10 4.0908E-10 4.1787E-10 4.2736E-10 4.3736E-10 4.4760E-10 4.5912E-10 4.7075E-10 4.8233E-10 4.9324E-10 5.0384E-10 5.1333E-10 5.2204E-10 5.2944E-10 5.3599E-10 5.4117E-10
1.7403E-10 1.7794E-10 1.8189E-10 1.8589E-10 1.8993E-10 1.9400E-10 1.9812E-10 2.0227E-10 2.0646E-10 2.1068E-10 2.1493E-10 2.1922E-10 2.2353E-10 2.2787E-10 2.3224E-10 2.3664E-10 2.4105E-10 2.4549E-10 2.4995E-10 2.5442E-10 2.5891E-10 2.6341E-10 2.6792E-10 2.7245E-10 2.7698E-10 2.8158E-10 2.8663E-10 2.9265E-10 2.9985E-10 3.0826E-10 3.1738E-10 3.2716E-10 3.3708E-10 3.4691E-10 3.5648E-10 3.6623E-10 3.7556E-10 3.8437E-10 3.9250E-10 4.0168E-10 4.1162E-10 4.2261E-10 4.3465E-10 4.4795E-10 4.6267E-10 4.7707E-10 4.9146E-10 5.0568E-10 5.1894E-10 5.2950E-10 5.3896E-10 5.4758E-10 5.5486E-10 5.6139E-10 5.6723E-10 5.7237E-10 5.7676E-10
1.7717E-10 1.8116E-10 1.8519E-10 1.8926E-10 1.9337E-10 1.9752E-10 2.0172E-10 2.0594E-10 2.1021E-10 2.1451E-10 2.1885E-10 2.2321E-10 2.2761E-10 2.3203E-10 2.3648E-10 2.4096E-10 2.4546E-10 2.4998E-10 2.5452E-10 2.5908E-10 2.6366E-10 2.6825E-10 2.7285E-10 2.7745E-10 2.8228E-10 2.8773E-10 2.9452E-10 3.0240E-10 3.1176E-10 3.2147E-10 3.3166E-10 3.4170E-10 3.5194E-10 3.6224E-10 3.7225E-10 3.8155E-10 3.9061E-10 4.0089E-10 4.1247E-10 4.2518E-10 4.4016E-10 4.5691E-10 4.7340E-10 4.9031E-10 5.0724E-10 5.2101E-10 5.3411E-10 5.4600E-10 5.5681E-10 5.6668E-10 5.7596E-10 5.8458E-10 5.9249E-10 5.9964E-10 6.0599E-10 6.1149E-10 6.1613E-10
1.8034E-10 1.8440E-10 1.8850E-10 1.9265E-10 1.9684E-10 2.0107E-10 2.0534E-10 2.0964E-10 2.1399E-10 2.1837E-10 2.2278E-10 2.2723E-10 2.3171E-10 2.3622E-10 2.4075E-10 2.4531E-10 2.4990E-10 2.5451E-10 2.5913E-10 2.6378E-10 2.6844E-10 2.7311E-10 2.7780E-10 2.8289E-10 2.8877E-10 2.9617E-10 3.0480E-10 3.1449E-10 3.2491E-10 3.3548E-10 3.4615E-10 3.5672E-10 3.6721E-10 3.7728E-10 3.8714E-10 3.9810E-10 4.1071E-10 4.2502E-10 4.4247E-10 4.6103E-10 4.7996E-10 4.9846E-10 5.1492E-10 5.3070E-10 5.4519E-10 5.5885E-10 5.7149E-10 5.8369E-10 5.9537E-10 6.0933E-10 6.1983E-10 6.2954E-10 6.4123E-10 6.4928E-10 6.5634E-10 6.6239E-10 6.7015E-10
1.8352E-10 1.8765E-10 1.9183E-10 1.9605E-10 2.0032E-10 2.0463E-10 2.0898E-10 2.1336E-10 2.1779E-10 2.2225E-10 2.2675E-10 2.3128E-10 2.3584E-10 2.4043E-10 2.4505E-10 2.4969E-10 2.5436E-10 2.5906E-10 2.6377E-10 2.6850E-10 2.7325E-10 2.7802E-10 2.8337E-10 2.8977E-10 2.9763E-10 3.0697E-10 3.1707E-10 3.2781E-10 3.3867E-10 3.4966E-10 3.6077E-10 3.7164E-10 3.8197E-10 3.9336E-10 4.0634E-10 4.2200E-10 4.4082E-10 4.6088E-10 4.8171E-10 5.0037E-10 5.1849E-10 5.3607E-10 5.5267E-10 5.6810E-10 5.8309E-10 6.0066E-10 6.1513E-10 6.2908E-10 6.4533E-10 6.5809E-10 6.7278E-10 6.8392E-10 6.9403E-10 7.0578E-10 7.1374E-10 7.2048E-10 7.2714E-10
1.8672E-10 1.9093E-10 1.9518E-10 1.9948E-10 2.0382E-10 2.0821E-10 2.1264E-10 2.1710E-10 2.2161E-10 2.2615E-10 2.3073E-10 2.3534E-10 2.3999E-10 2.4466E-10 2.4937E-10 2.5410E-10 2.5885E-10 2.6363E-10 2.6843E-10 2.7325E-10 2.7813E-10 2.8370E-10 2.9053E-10 2.9878E-10 3.0868E-10 3.1919E-10 3.3036E-10 3.4151E-10 3.5271E-10 3.6421E-10 3.7528E-10 3.8680E-10 3.9952E-10 4.1520E-10 4.3537E-10 4.5657E-10 4.7858E-10 4.9799E-10 5.1791E-10 5.3738E-10 5.5601E-10 5.7353E-10 5.9369E-10 6.1112E-10 6.3111E-10 6.4819E-10 6.6747E-10 6.8366E-10 6.9911E-10 7.1701E-10 7.3086E-10 7.4844E-10 7.6092E-10 7.7181E-10 7.8094E-10 7.8886E-10 7.9494E-10
1.8993E-10 1.9422E-10 1.9855E-10 2.0292E-10 2.0734E-10 2.1181E-10 2.1631E-10 2.2086E-10 2.2545E-10 2.3007E-10 2.3473E-10 2.3943E-10 2.4416E-10 2.4892E-10 2.5371E-10 2.5852E-10 2.6336E-10 2.6823E-10 2.7311E-10 2.7809E-10 2.8384E-10 2.9099E-10 2.9953E-10 3.0978E-10 3.2075E-10 3.3212E-10 3.4373E-10 3.5542E-10 3.6713E-10 3.7844E-10 3.9117E-10 4.0572E-10 4.2635E-10 4.4796E-10 4.7077E-10 4.9186E-10 5.1310E-10 5.3447E-10 5.5488E-10 5.7465E-10 5.9708E-10 6.1698E-10 6.3978E-10 6.5984E-10 6.8265E-10 7.0433E-10 7.2943E-10 7.5250E-10 7.7994E-10 8.0270E-10 8.2485E-10 8.4547E-10 8.6403E-10 8.8153E-10 8.9546E-10 9.0665E-10 9.1366E-10
1.9316E-10 1.9752E-10 2.0193E-10 2.0638E-10 2.1088E-10 2.1542E-10 2.2001E-10 2.2464E-10 2.2931E-10 2.3401E-10 2.3876E-10 2.4354E-10 2.4835E-10 2.5319E-10 2.5807E-10 2.6297E-10 2.6790E-10 2.7285E-10 2.7790E-10 2.8378E-10 2.9116E-10 2.9989E-10 3.1038E-10 3.2167E-10 3.3333E-10 3.4523E-10 3.5737E-10 3.6950E-10 3.8148E-10 3.9493E-10 4.1354E-10 4.3577E-10 4.5947E-10 4.8214E-10 5.0391E-10 5.2670E-10 5.4921E-10 5.7125E-10 5.9559E-10 6.1772E-10 6.4307E-10 6.6645E-10 6.9502E-10 7.2586E-10 7.5608E-10 7.9153E-10 8.2274E-10 8.5458E-10 8.8369E-10 9.1287E-10 9.3954E-10 9.6401E-10 9.8453E-10 1.0028E-09 1.0175E-09 1.0287E-09 1.0367E-09
1.9640E-10 2.0084E-10 2.0532E-10 2.0985E-10 2.1443E-10 2.1905E-10 2.2372E-10 2.2843E-10 2.3318E-10 2.3797E-10 2.4280E-10 2.4766E-10 2.5256E-10 2.5749E-10 2.6245E-10 2.6743E-10 2.7245E-10 2.7755E-10 2.8352E-10 2.9100E-10 2.9987E-10 3.1054E-10 3.2207E-10 3.3400E-10 3.4620E-10 3.5866E-10 3.7112E-10 3.8402E-10 3.9884E-10 4.2054E-10 4.4411E-10 4.6856E-10 4.9107E-10 5.1480E-10 5.3921E-10 5.6298E-10 5.8915E-10 6.1311E-10 6.4060E-10 6.6763E-10 7.0058E-10 7.3638E-10 7.7417E-10 8.1404E-10 8.5357E-10 8.9065E-10 9.2844E-10 9.6461E-10 9.9931E-10 1.0319E-09 1.0609E-09 1.0858E-09 1.1070E-09 1.1239E-09 1.1362E-09 1.1482E-09 1.1569E-09
1.9965E-10 2.0416E-10 2.0872E-10 2.1333E-10 2.1799E-10 2.2269E-10 2.2744E-10 2.3223E-10 2.3707E-10 2.4194E-10 2.4685E-10 2.5180E-10 2.5678E-10 2.6180E-10 2.6684E-10 2.7192E-10 2.7704E-10 2.8305E-10 2.9052E-10 2.9948E-10 3.1025E-10 3.2195E-10 3.3413E-10 3.4661E-10 3.5938E-10 3.7216E-10 3.8572E-10 4.0316E-10 4.2649E-10 4.5137E-10 4.7487E-10 4.9876E-10 5.2409E-10 5.4974E-10 5.7520E-10 6.0327E-10 6.3235E-10 6.6136E-10 6.9718E-10 7.3733E-10 7.7933E-10 8.2547E-10 8.6890E-10 9.1486E-10 9.6337E-10 1.0140E-09 1.0630E-09 1.1136E-09 1.1594E-09 1.2050E-09 1.2462E-09 1.2849E-09 1.3188E-09 1.3476E-09 1.3705E-09 1.3858E-09 1.3892E-09
2.0292E-10 2.0750E-10 2.1214E-10 2.1683E-10 2.2157E-10 2.2635E-10 2.3118E-10 2.3605E-10 2.4097E-10 2.4592E-10 2.5092E-10 2.5595E-10 2.6102E-10 2.6612E-10 2.7125E-10 2.7642E-10 2.8241E-10 2.8976E-10 2.9871E-10 3.0953E-10 3.2133E-10 3.3372E-10 3.4645E-10 3.5950E-10 3.7263E-10 3.8665E-10 4.0628E-10 4.3071E-10 4.5670E-10 4.8007E-10 5.0506E-10 5.3190E-10 5.5885E-10 5.8860E-10 6.1598E-10 6.4795E-10 6.8470E-10 7.2506E-10 7.7272E-10 8.2267E-10 8.7120E-10 9.2705E-10 9.8780E-10 1.0500E-09 1.1171E-09 1.1802E-09 1.2423E-09 1.3025E-09 1.3611E-09 1.4164E-09 1.4657E-09 1.5098E-09 1.5468E-09 1.5772E-09 1.6002E-09 1.6154E-09 1.6241E-09
2.0619E-10 2.1085E-10 2.1557E-10 2.2034E-10 2.2515E-10 2.3002E-10 2.3493E-10 2.3988E-10 2.4488E-10 2.4992E-10 2.5500E-10 2.6012E-10 2.6527E-10 2.7046E-10 2.7568E-10 2.8159E-10 2.8870E-10 2.9758E-10 3.0832E-10 3.2013E-10 3.3277E-10 3.4572E-10 3.5903E-10 3.7251E-10 3.8683E-10 4.0813E-10 4.3354E-10 4.5920E-10 4.8378E-10 5.0996E-10 5.3806E-10 5.6634E-10 5.9763E-10 6.2979E-10 6.6331E-10 7.0541E-10 7.5383E-10 8.0743E-10 8.6148E-10 9.2230E-10 9.9108E-10 1.0652E-09 1.1416E-09 1.2194E-09 1.3038E-09 1.3887E-09 1.4788E-09 1.5620E-09 1.6385E-09 1.7049E-09 1.7575E-09 1.7961E-09 1.8208E-09 1.8283E-09 1.8412E-09 1.8573E-09 1.8666E-09
2.0947E-10 2.1421E-10 2.1900E-10 2.2385E-10 2.2875E-10 2.3369E-10 2.3868E-10 2.4372E-10 2.4880E-10 2.5393E-10 2.5909E-10 2.6429E-10 2.6953E-10 2.7481E-10 2.8058E-10 2.8748E-10 2.9620E-10 3.0657E-10 3.1837E-10 3.3131E-10 3.4445E-10 3.5798E-10 3.7180E-10 3.8681E-10 4.0866E-10 4.3489E-10 4.6035E-10 4.8585E-10 5.1313E-10 5.4243E-10 5.7203E-10 6.0487E-10 6.3902E-10 6.7950E-10 7.2390E-10 7.7865E-10 8.3633E-10 9.0001E-10 9.7299E-10 1.0552E-09 1.1442E-09 1.2488E-09 1.3671E-09 1.4991E-09 1.6482E-09 1.7997E-09 1.9476E-09 2.0926E-09 2.2252E-09 2.3507E-09 2.4581E-09 2.5480E-09 2.6167E-09 2.6645E-09 2.6894E-09 2.6695E-09 2.5857E-09
2.1275E-10 2.1757E-10 2.2244E-10 2.2737E-10 2.3235E-10 2.3737E-10 2.4245E-10 2.4757E-10 2.5273E-10 2.5794E-10 2.6319E-10 2.6848E-10 2.7381E-10 2.7941E-10 2.8614E-10 2.9464E-10 3.0455E-10 3.1621E-10 3.2911E-10 3.4242E-10 3.5613E-10 3.7030E-10 3.8570E-10 4.0787E-10 4.3476E-10 4.6013E-10 4.8623E-10 5.1446E-10 5.4493E-10 5.7860E-10 6.1013E-10 6.4629E-10 6.9042E-10 7.3964E-10 7.9728E-10 8.6386E-10 9.3671E-10 1.0207E-09 1.1160E-09 1.2405E-09 1.3926E-09 1.5738E-09 1.7701E-09 1.9831E-09 2.2002E-09 2.4110E-09 2.6244E-09 2.8149E-09 2.9900E-09 3.1380E-09 3.2550E-09 3.3356E-09 3.3838E-09 3.3977E-09 3.3818E-09 3.3497E-09 3.3019E-09
2.1604E-10 2.2094E-10 2.2589E-10 2.3090E-10 2.3595E-10 2.4106E-10 2.4622E-10 2.5142E-10 2.5667E-10 2.6196E-10 2.6730E-10 2.7267E-10 2.7811E-10 2.8460E-10 2.9270E-10 3.0235E-10 3.1386E-10 3.2660E-10 3.4005E-10 3.5390E-10 3.6819E-10 3.8354E-10 4.0579E-10 4.3279E-10 4.5821E-10 4.8493E-10 5.1399E-10 5.4549E-10 5.8041E-10 6.1332E-10 6.5139E-10 6.9788E-10 7.5424E-10 8.1238E-10 8.8597E-10 9.6779E-10 1.0642E-09 1.1764E-09 1.3515E-09 1.5671E-09 1.8060E-09 2.0779E-09 2.3559E-09 2.6399E-09 2.9262E-09 3.2003E-09 3.4521E-09 3.6687E-09 3.8572E-09 4.0079E-09 4.1269E-09 4.2104E-09 4.2703E-09 4.3006E-09 4.2985E-09 4.2642E-09 4.1795E-09
