Assets/Resources/2015_m01_d30_2100(utc+0800)_l00_csi_1hr_conc.grd
DSAA
         159         159
     -79.000      79.000
     -79.000      79.000
  0.0000E+00  0.7954E-05
[rows 0 to 24 of 159, columns 57 to 113 of 159]
1.0731E-09 1.2088E-09 1.3674E-09 1.6059E-09 1.8712E-09 2.0420E-09 2.1797E-09 2.3639E-09 2.5880E-09 2.8425E-09 3.1133E-09 3.3992E-09 3.6965E-09 4.0053E-09 4.3260E-09 4.6552E-09 4.9895E-09 5.3256E-09 5.6629E-09 5.9977E-09 6.3268E-09 6.6481E-09 6.9584E-09 7.2527E-09 7.5275E-09 7.7800E-09 8.0069E-09 8.2053E-09 8.3740E-09 8.5133E-09 8.6213E-09 8.6966E-09 8.7391E-09 8.7485E-09 8.7233E-09 8.6647E-09 8.5763E-09 8.4616E-09 8.3215E-09 8.1566E-09 7.9667E-09 7.7568E-09 7.5300E-09 7.2897E-09 7.0395E-09 6.7766E-09 6.5020E-09 6.2213E-09 5.9398E-09 5.6541E-09 5.3680E-09 5.0866E-09 4.8071E-09 4.5329E-09 4.2671E-09 4.0085E-09 3.7567E-09
1.1105E-09 1.2507E-09 1.4441E-09 1.6913E-09 1.9932E-09 2.2541E-09 2.3835E-09 2.5068E-09 2.7174E-09 2.9776E-09 3.2613E-09 3.5612E-09 3.8754E-09 4.2044E-09 4.5441E-09 4.8916E-09 5.2460E-09 5.6039E-09 5.9628E-09 6.3190E-09 6.6713E-09 7.0148E-09 7.3450E-09 7.6575E-09 7.9501E-09 8.2181E-09 8.4582E-09 8.6681E-09 8.8459E-09 8.9898E-09 9.0991E-09 9.1742E-09 9.2141E-09 9.2184E-09 9.1864E-09 9.1198E-09 9.0214E-09 8.8930E-09 8.7367E-09 8.5556E-09 8.3526E-09 8.1293E-09 7.8860E-09 7.6261E-09 7.3520E-09 7.0702E-09 6.7811E-09 6.4818E-09 6.1782E-09 5.8770E-09 5.5742E-09 5.2729E-09 4.9795E-09 4.6898E-09 4.4078E-09 4.1359E-09 3.8718E-09
1.1449E-09 1.2950E-09 1.5477E-09 1.7720E-09 2.0843E-09 2.4319E-09 2.6784E-09 2.7820E-09 2.8868E-09 3.1206E-09 3.4136E-09 3.7278E-09 4.0593E-09 4.4051E-09 4.7633E-09 5.1318E-09 5.5082E-09 5.8889E-09 6.2713E-09 6.6512E-09 7.0247E-09 7.3877E-09 7.7384E-09 8.0710E-09 8.3815E-09 8.6652E-09 8.9202E-09 9.1424E-09 9.3292E-09 9.4782E-09 9.5884E-09 9.6605E-09 9.6946E-09 9.6920E-09 9.6521E-09 9.5766E-09 9.4694E-09 9.3315E-09 9.1626E-09 8.9652E-09 8.7427E-09 8.4979E-09 8.2362E-09 7.9607E-09 7.6685E-09 7.3634E-09 7.0511E-09 6.7369E-09 6.4159E-09 6.0918E-09 5.7736E-09 5.4562E-09 5.1432E-09 4.8399E-09 4.5428E-09 4.2564E-09 3.9799E-09
1.1764E-09 1.3738E-09 1.6058E-09 1.8687E-09 2.1870E-09 2.5533E-09 2.8678E-09 3.1774E-09 3.2404E-09 3.3164E-09 3.5746E-09 3.8994E-09 4.2456E-09 4.6087E-09 4.9872E-09 5.3776E-09 5.7765E-09 6.1809E-09 6.5864E-09 6.9887E-09 7.3846E-09 7.7710E-09 8.1433E-09 8.4964E-09 8.8268E-09 9.1294E-09 9.3998E-09 9.6342E-09 9.8301E-09 9.9844E-09 1.0096E-08 1.0166E-08 1.0194E-08 1.0180E-08 1.0130E-08 1.0043E-08 9.9211E-09 9.7667E-09 9.5838E-09 9.3746E-09 9.1372E-09 8.8738E-09 8.5888E-09 8.2862E-09 7.9766E-09 7.6557E-09 7.3217E-09 6.9810E-09 6.6443E-09 6.3042E-09 5.9629E-09 5.6304E-09 5.3017E-09 4.9806E-09 4.6706E-09 4.3695E-09 4.0800E-09
1.2080E-09 1.4529E-09 1.6687E-09 1.9840E-09 2.2920E-09 2.7052E-09 3.0836E-09 3.3542E-09 3.4860E-09 3.6400E-09 3.7992E-09 4.0782E-09 4.4374E-09 4.8187E-09 5.2165E-09 5.6288E-09 6.0510E-09 6.4787E-09 6.9072E-09 7.3348E-09 7.7560E-09 8.1665E-09 8.5610E-09 8.9356E-09 9.2851E-09 9.6040E-09 9.8891E-09 1.0136E-08 1.0341E-08 1.0500E-08 1.0613E-08 1.0680E-08 1.0702E-08 1.0681E-08 1.0619E-08 1.0520E-08 1.0384E-08 1.0214E-08 1.0012E-08 9.7804E-09 9.5226E-09 9.2435E-09 8.9420E-09 8.6180E-09 8.2799E-09 7.9337E-09 7.5851E-09 7.2261E-09 6.8619E-09 6.5038E-09 6.1477E-09 5.7931E-09 5.4507E-09 5.1134E-09 4.7877E-09 4.4740E-09 4.1715E-09
1.2566E-09 1.5017E-09 1.7621E-09 2.0582E-09 2.4138E-09 2.8292E-09 3.3118E-09 3.6941E-09 3.9578E-09 4.0033E-09 4.0488E-09 4.2879E-09 4.6383E-09 5.0354E-09 5.4532E-09 5.8864E-09 6.3306E-09 6.7826E-09 7.2383E-09 7.6916E-09 8.1366E-09 8.5703E-09 8.9873E-09 9.3829E-09 9.7516E-09 1.0089E-08 1.0390E-08 1.0649E-08 1.0862E-08 1.1026E-08 1.1141E-08 1.1204E-08 1.1218E-08 1.1185E-08 1.1111E-08 1.0998E-08 1.0848E-08 1.0663E-08 1.0445E-08 1.0195E-08 9.9145E-09 9.6090E-09 9.2811E-09 8.9397E-09 8.5829E-09 8.2115E-09 7.8325E-09 7.4569E-09 7.0766E-09 6.6929E-09 6.3184E-09 5.9495E-09 5.5856E-09 5.2367E-09 4.8946E-09 4.5674E-09 4.2534E-09
1.3195E-09 1.5417E-09 1.8531E-09 2.1451E-09 2.5470E-09 2.9660E-09 3.5064E-09 4.0183E-09 4.4263E-09 4.6689E-09 4.6129E-09 4.5881E-09 4.8643E-09 5.2636E-09 5.6977E-09 6.1505E-09 6.6190E-09 7.0964E-09 7.5766E-09 8.0549E-09 8.5257E-09 8.9840E-09 9.4245E-09 9.8429E-09 1.0233E-08 1.0590E-08 1.0907E-08 1.1178E-08 1.1399E-08 1.1568E-08 1.1684E-08 1.1744E-08 1.1750E-08 1.1707E-08 1.1617E-08 1.1486E-08 1.1317E-08 1.1112E-08 1.0872E-08 1.0602E-08 1.0304E-08 9.9768E-09 9.6240E-09 9.2526E-09 8.8692E-09 8.4800E-09 8.0800E-09 7.6745E-09 7.2741E-09 6.8757E-09 6.4760E-09 6.0906E-09 5.7127E-09 5.3449E-09 4.9916E-09 4.6497E-09 4.3244E-09
1.3719E-09 1.6050E-09 1.9119E-09 2.2581E-09 2.6437E-09 3.1180E-09 3.6572E-09 4.2207E-09 4.7529E-09 5.2907E-09 5.4910E-09 5.3128E-09 5.2080E-09 5.5119E-09 5.9536E-09 6.4269E-09 6.9168E-09 7.4175E-09 7.9232E-09 8.4279E-09 8.9262E-09 9.4114E-09 9.8777E-09 1.0319E-08 1.0729E-08 1.1104E-08 1.1434E-08 1.1717E-08 1.1947E-08 1.2121E-08 1.2236E-08 1.2292E-08 1.2290E-08 1.2237E-08 1.2134E-08 1.1986E-08 1.1796E-08 1.1568E-08 1.1306E-08 1.1010E-08 1.0684E-08 1.0333E-08 9.9593E-09 9.5637E-09 9.1515E-09 8.7304E-09 8.3109E-09 7.8868E-09 7.4580E-09 7.0388E-09 6.6265E-09 6.2157E-09 5.8246E-09 5.4417E-09 5.0740E-09 4.7208E-09 4.3832E-09
1.4035E-09 1.6771E-09 1.9671E-09 2.3647E-09 2.7576E-09 3.2658E-09 3.8310E-09 4.4940E-09 5.0816E-09 5.5712E-09 5.8868E-09 6.0433E-09 6.0979E-09 5.8944E-09 6.2323E-09 6.7161E-09 7.2255E-09 7.7493E-09 8.2817E-09 8.8146E-09 9.3402E-09 9.8513E-09 1.0342E-08 1.0806E-08 1.1236E-08 1.1629E-08 1.1976E-08 1.2271E-08 1.2510E-08 1.2687E-08 1.2801E-08 1.2853E-08 1.2844E-08 1.2777E-08 1.2658E-08 1.2489E-08 1.2277E-08 1.2027E-08 1.1741E-08 1.1420E-08 1.1066E-08 1.0685E-08 1.0280E-08 9.8604E-09 9.4266E-09 8.9778E-09 8.5252E-09 8.0780E-09 7.6342E-09 7.1875E-09 6.7548E-09 6.3333E-09 5.9179E-09 5.5243E-09 5.1423E-09 4.7777E-09 4.4297E-09
1.4266E-09 1.7353E-09 2.0461E-09 2.4355E-09 2.8919E-09 3.3980E-09 4.0317E-09 4.7387E-09 5.4719E-09 6.1154E-09 6.6014E-09 6.8093E-09 6.5900E-09 6.4370E-09 6.6305E-09 7.0257E-09 7.5505E-09 8.0977E-09 8.6544E-09 9.2130E-09 9.7650E-09 1.0303E-08 1.0818E-08 1.1308E-08 1.1762E-08 1.2174E-08 1.2536E-08 1.2842E-08 1.3089E-08 1.3270E-08 1.3383E-08 1.3429E-08 1.3411E-08 1.3332E-08 1.3195E-08 1.3006E-08 1.2769E-08 1.2490E-08 1.2174E-08 1.1822E-08 1.1440E-08 1.1032E-08 1.0598E-08 1.0145E-08 9.6795E-09 9.2100E-09 8.7329E-09 8.2542E-09 7.7849E-09 7.3262E-09 6.8674E-09 6.4290E-09 6.0027E-09 5.5902E-09 5.1975E-09 4.8211E-09 4.4631E-09
1.4643E-09 1.7706E-09 2.1287E-09 2.5060E-09 3.0153E-09 3.5422E-09 4.2085E-09 4.9554E-09 5.8328E-09 6.6299E-09 7.3365E-09 7.8198E-09 7.9102E-09 7.4470E-09 7.1294E-09 7.3972E-09 7.9002E-09 8.4632E-09 9.0416E-09 9.6246E-09 1.0204E-08 1.0771E-08 1.1317E-08 1.1831E-08 1.2307E-08 1.2736E-08 1.3113E-08 1.3431E-08 1.3684E-08 1.3866E-08 1.3978E-08 1.4019E-08 1.3991E-08 1.3897E-08 1.3742E-08 1.3531E-08 1.3268E-08 1.2960E-08 1.2612E-08 1.2226E-08 1.1810E-08 1.1366E-08 1.0902E-08 1.0423E-08 9.9251E-09 9.4214E-09 8.9193E-09 8.4199E-09 7.9214E-09 7.4377E-09 6.9698E-09 6.5048E-09 6.0675E-09 5.6417E-09 5.2360E-09 4.8497E-09 4.4789E-09
1.5000E-09 1.8019E-09 2.1913E-09 2.6010E-09 3.1003E-09 3.6985E-09 4.3613E-09 5.2030E-09 6.0720E-09 6.9476E-09 7.9039E-09 8.7835E-09 9.2200E-09 9.1576E-09 8.4417E-09 7.9807E-09 8.2958E-09 8.8514E-09 9.4490E-09 1.0059E-08 1.0667E-08 1.1261E-08 1.1833E-08 1.2371E-08 1.2869E-08 1.3318E-08 1.3710E-08 1.4038E-08 1.4297E-08 1.4484E-08 1.4594E-08 1.4627E-08 1.4588E-08 1.4479E-08 1.4303E-08 1.4066E-08 1.3774E-08 1.3433E-08 1.3049E-08 1.2628E-08 1.2175E-08 1.1696E-08 1.1195E-08 1.0677E-08 1.0154E-08 9.6220E-09 9.0874E-09 8.5602E-09 8.0458E-09 7.5344E-09 7.0440E-09 6.5723E-09 6.1094E-09 5.6754E-09 5.2585E-09 4.8626E-09 4.4808E-09
1.5396E-09 1.8419E-09 2.2278E-09 2.6940E-09 3.1852E-09 3.8356E-09 4.5385E-09 5.4082E-09 6.3447E-09 7.3675E-09 8.3480E-09 9.2031E-09 9.8349E-09 1.0428E-08 1.0561E-08 9.5527E-09 8.9351E-09 9.2921E-09 9.8955E-09 1.0526E-08 1.1157E-08 1.1777E-08 1.2377E-08 1.2944E-08 1.3467E-08 1.3935E-08 1.4343E-08 1.4683E-08 1.4948E-08 1.5134E-08 1.5240E-08 1.5267E-08 1.5215E-08 1.5087E-08 1.4888E-08 1.4623E-08 1.4299E-08 1.3920E-08 1.3495E-08 1.3031E-08 1.2536E-08 1.2016E-08 1.1478E-08 1.0925E-08 1.0363E-08 9.8001E-09 9.2420E-09 8.6845E-09 8.1410E-09 7.6177E-09 7.1014E-09 6.6128E-09 6.1422E-09 5.6912E-09 5.2653E-09 4.8583E-09 4.4685E-09
1.5593E-09 1.8850E-09 2.2682E-09 2.7552E-09 3.2932E-09 3.9346E-09 4.7198E-09 5.5860E-09 6.5657E-09 7.7175E-09 8.9230E-09 1.0020E-08 1.0886E-08 1.1357E-08 1.1292E-08 1.0645E-08 1.0589E-08 9.9925E-09 1.0376E-08 1.1013E-08 1.1668E-08 1.2317E-08 1.2945E-08 1.3537E-08 1.4084E-08 1.4573E-08 1.4996E-08 1.5344E-08 1.5613E-08 1.5800E-08 1.5903E-08 1.5919E-08 1.5852E-08 1.5704E-08 1.5479E-08 1.5185E-08 1.4825E-08 1.4408E-08 1.3941E-08 1.3432E-08 1.2891E-08 1.2327E-08 1.1746E-08 1.1157E-08 1.0560E-08 9.9625E-09 9.3698E-09 8.7925E-09 8.2220E-09 7.6709E-09 7.1454E-09 6.6314E-09 6.1516E-09 5.6895E-09 5.2539E-09 4.8398E-09 4.4405E-09
1.5743E-09 1.9202E-09 2.3082E-09 2.7931E-09 3.3915E-09 4.0372E-09 4.8679E-09 5.7494E-09 6.7736E-09 7.9645E-09 9.3512E-09 1.0776E-08 1.1970E-08 1.2818E-08 1.3137E-08 1.2776E-08 1.1624E-08 1.0853E-08 1.0993E-08 1.1550E-08 1.2219E-08 1.2889E-08 1.3541E-08 1.4158E-08 1.4728E-08 1.5237E-08 1.5675E-08 1.6035E-08 1.6309E-08 1.6496E-08 1.6592E-08 1.6599E-08 1.6514E-08 1.6342E-08 1.6089E-08 1.5759E-08 1.5360E-08 1.4898E-08 1.4384E-08 1.3829E-08 1.3243E-08 1.2632E-08 1.2006E-08 1.1373E-08 1.0738E-08 1.0110E-08 9.4841E-09 8.8713E-09 8.2834E-09 7.7095E-09 7.1609E-09 6.6396E-09 6.1382E-09 5.6706E-09 5.2257E-09 4.7988E-09 4.4009E-09
1.5686E-09 1.9373E-09 2.3530E-09 2.8367E-09 3.4518E-09 4.1547E-09 4.9746E-09 5.8944E-09 6.9607E-09 8.1938E-09 9.6337E-09 1.1158E-08 1.2806E-08 1.4210E-08 1.4994E-08 1.5125E-08 1.4449E-08 1.2902E-08 1.1932E-08 1.2185E-08 1.2819E-08 1.3505E-08 1.4180E-08 1.4824E-08 1.5419E-08 1.5951E-08 1.6408E-08 1.6779E-08 1.7057E-08 1.7243E-08 1.7331E-08 1.7321E-08 1.7216E-08 1.7016E-08 1.6728E-08 1.6359E-08 1.5913E-08 1.5403E-08 1.4839E-08 1.4231E-08 1.3590E-08 1.2931E-08 1.2258E-08 1.1579E-08 1.0902E-08 1.0233E-08 9.5797E-09 8.9390E-09 8.3171E-09 7.7285E-09 7.1595E-09 6.6228E-09 6.1126E-09 5.6329E-09 5.1837E-09 4.7448E-09 4.3449E-09
1.5690E-09 1.9429E-09 2.3802E-09 2.8758E-09 3.4889E-09 4.2509E-09 5.0660E-09 6.0139E-09 7.1166E-09 8.4043E-09 9.8842E-09 1.1594E-08 1.3310E-08 1.4759E-08 1.5854E-08 1.6996E-08 1.7292E-08 1.6271E-08 1.4324E-08 1.3173E-08 1.3490E-08 1.4167E-08 1.4861E-08 1.5528E-08 1.6147E-08 1.6700E-08 1.7171E-08 1.7553E-08 1.7837E-08 1.8018E-08 1.8096E-08 1.8068E-08 1.7936E-08 1.7707E-08 1.7382E-08 1.6967E-08 1.6473E-08 1.5910E-08 1.5292E-08 1.4631E-08 1.3937E-08 1.3223E-08 1.2497E-08 1.1773E-08 1.1052E-08 1.0343E-08 9.6515E-09 8.9843E-09 8.3390E-09 7.7205E-09 7.1415E-09 6.5863E-09 6.0679E-09 5.5854E-09 5.1358E-09 4.6754E-09 4.2756E-09
1.5598E-09 1.9336E-09 2.3894E-09 2.9178E-09 3.5305E-09 4.3030E-09 5.1348E-09 6.1049E-09 7.2494E-09 8.5756E-09 1.0100E-08 1.1860E-08 1.3875E-08 1.5806E-08 1.7237E-08 1.8082E-08 1.8249E-08 1.7755E-08 1.7400E-08 1.5864E-08 1.4546E-08 1.4903E-08 1.5596E-08 1.6282E-08 1.6918E-08 1.7491E-08 1.7980E-08 1.8374E-08 1.8663E-08 1.8841E-08 1.8905E-08 1.8856E-08 1.8696E-08 1.8428E-08 1.8058E-08 1.7594E-08 1.7044E-08 1.6428E-08 1.5753E-08 1.5032E-08 1.4281E-08 1.3512E-08 1.2732E-08 1.1954E-08 1.1188E-08 1.0438E-08 9.7088E-09 9.0085E-09 8.3412E-09 7.7030E-09 7.1028E-09 6.5518E-09 6.0314E-09 5.5316E-09 5.0616E-09 4.5713E-09 4.1911E-09
1.5586E-09 1.9248E-09 2.3776E-09 2.9326E-09 3.5645E-09 4.3322E-09 5.1780E-09 6.1757E-09 7.3481E-09 8.7022E-09 1.0279E-08 1.2084E-08 1.4134E-08 1.6482E-08 1.8624E-08 2.0017E-08 2.0636E-08 2.0404E-08 1.9283E-08 1.7359E-08 1.6157E-08 1.6035E-08 1.6409E-08 1.7101E-08 1.7761E-08 1.8354E-08 1.8860E-08 1.9263E-08 1.9555E-08 1.9729E-08 1.9780E-08 1.9706E-08 1.9511E-08 1.9201E-08 1.8780E-08 1.8261E-08 1.7654E-08 1.6971E-08 1.6230E-08 1.5448E-08 1.4633E-08 1.3799E-08 1.2961E-08 1.2128E-08 1.1311E-08 1.0519E-08 9.7542E-09 9.0215E-09 8.3294E-09 7.6998E-09 7.0925E-09 6.5085E-09 5.9745E-09 5.5414E-09 5.0232E-09 4.4744E-09 4.0929E-09
1.5421E-09 1.9047E-09 2.3588E-09 2.9262E-09 3.5892E-09 4.3412E-09 5.1964E-09 6.2186E-09 7.4057E-09 8.7975E-09 1.0408E-08 1.2247E-08 1.4348E-08 1.6743E-08 1.9420E-08 2.1750E-08 2.3048E-08 2.3400E-08 2.2783E-08 2.1192E-08 1.8742E-08 1.7275E-08 1.7380E-08 1.7994E-08 1.8663E-08 1.9270E-08 1.9791E-08 2.0205E-08 2.0499E-08 2.0663E-08 2.0693E-08 2.0591E-08 2.0358E-08 2.0003E-08 1.9530E-08 1.8953E-08 1.8282E-08 1.7535E-08 1.6725E-08 1.5868E-08 1.4985E-08 1.4087E-08 1.3187E-08 1.2299E-08 1.1430E-08 1.0593E-08 9.7984E-09 9.0832E-09 8.3759E-09 7.6875E-09 7.0668E-09 6.5984E-09 5.9857E-09 5.4319E-09 4.9196E-09 4.3610E-09 3.9804E-09
1.5184E-09 1.8907E-09 2.3403E-09 2.8918E-09 3.5859E-09 4.3237E-09 5.1965E-09 6.2267E-09 7.4325E-09 8.8491E-09 1.0478E-08 1.2359E-08 1.4506E-08 1.6919E-08 1.9656E-08 2.2165E-08 2.4045E-08 2.5978E-08 2.6301E-08 2.5274E-08 2.3260E-08 2.0419E-08 1.8813E-08 1.9018E-08 1.9651E-08 2.0270E-08 2.0802E-08 2.1225E-08 2.1519E-08 2.1674E-08 2.1686E-08 2.1555E-08 2.1280E-08 2.0870E-08 2.0335E-08 1.9692E-08 1.8953E-08 1.8131E-08 1.7247E-08 1.6315E-08 1.5354E-08 1.4381E-08 1.3418E-08 1.2475E-08 1.1567E-08 1.0775E-08 9.9340E-09 9.1348E-09 8.4134E-09 7.9285E-09 7.1714E-09 6.4888E-09 5.8973E-09 5.3815E-09 4.6438E-09 4.2346E-09 3.8646E-09
1.4837E-09 1.8588E-09 2.3024E-09 2.8609E-09 3.5555E-09 4.2915E-09 5.1698E-09 6.1982E-09 7.4257E-09 8.8482E-09 1.0501E-08 1.2409E-08 1.4575E-08 1.7034E-08 1.9800E-08 2.2886E-08 2.5471E-08 2.6908E-08 2.7367E-08 2.7107E-08 2.7147E-08 2.5403E-08 2.2215E-08 2.0492E-08 2.0735E-08 2.1337E-08 2.1879E-08 2.2306E-08 2.2599E-08 2.2748E-08 2.2740E-08 2.2575E-08 2.2258E-08 2.1797E-08 2.1199E-08 2.0480E-08 1.9658E-08 1.8756E-08 1.7790E-08 1.6781E-08 1.5749E-08 1.4709E-08 1.3692E-08 1.2850E-08 1.1854E-08 1.0920E-08 1.0097E-08 9.6101E-09 8.6794E-09 7.8354E-09 7.1265E-09 6.5005E-09 5.8217E-09 5.2211E-09 4.5053E-09 4.1022E-09 3.7325E-09
1.4373E-09 1.8161E-09 2.2688E-09 2.8220E-09 3.4927E-09 4.2373E-09 5.1110E-09 6.1536E-09 7.3772E-09 8.8030E-09 1.0474E-08 1.2387E-08 1.4577E-08 1.7068E-08 1.9853E-08 2.2952E-08 2.6383E-08 2.9050E-08 3.0159E-08 3.0063E-08 2.8979E-08 2.7106E-08 2.4811E-08 2.3970E-08 2.2287E-08 2.2522E-08 2.3053E-08 2.3487E-08 2.3778E-08 2.3910E-08 2.3878E-08 2.3680E-08 2.3315E-08 2.2789E-08 2.2121E-08 2.1327E-08 2.0426E-08 1.9435E-08 1.8381E-08 1.7296E-08 1.6210E-08 1.5326E-08 1.4201E-08 1.3130E-08 1.2211E-08 1.1760E-08 1.0613E-08 9.5763E-09 8.7375E-09 7.9720E-09 7.0998E-09 6.3436E-09 5.7514E-09 5.0228E-09 4.3579E-09 3.9553E-09 3.5905E-09
1.3254E-09 1.7589E-09 2.2159E-09 2.7668E-09 3.4247E-09 4.1620E-09 5.0317E-09 6.0725E-09 7.2855E-09 8.7244E-09 1.0387E-08 1.2305E-08 1.4514E-08 1.7010E-08 1.9812E-08 2.2928E-08 2.6377E-08 3.0118E-08 3.2800E-08 3.3550E-08 3.2977E-08 3.1376E-08 2.8940E-08 2.5934E-08 2.4183E-08 2.3985E-08 2.4356E-08 2.4779E-08 2.5068E-08 2.5194E-08 2.5139E-08 2.4896E-08 2.4474E-08 2.3883E-08 2.3137E-08 2.2256E-08 2.1270E-08 2.0205E-08 1.9104E-08 1.8222E-08 1.6999E-08 1.5824E-08 1.4849E-08 1.4482E-08 1.3091E-08 1.1829E-08 1.0875E-08 9.9294E-09 8.8016E-09 7.8285E-09 7.1081E-09 6.2707E-09 5.5492E-09 4.7342E-09 4.1975E-09 3.7996E-09 3.4371E-09
1.2630E-09 1.6952E-09 2.1429E-09 2.6961E-09 3.3362E-09 4.0592E-09 4.9306E-09 5.9576E-09 7.1698E-09 8.5970E-09 1.0243E-08 1.2173E-08 1.4374E-08 1.6870E-08 1.9688E-08 2.2819E-08 2.6255E-08 3.0019E-08 3.3260E-08 3.6687E-08 3.7003E-08 3.5927E-08 3.3853E-08 3.1024E-08 2.7707E-08 2.5862E-08 2.5824E-08 2.6186E-08 2.6464E-08 2.6569E-08 2.6486E-08 2.6207E-08 2.5731E-08 2.5071E-08 2.4252E-08 2.3302E-08 2.2276E-08 2.1478E-08 2.0241E-08 1.9020E-08 1.8051E-08 1.7826E-08 1.6207E-08 1.4721E-08 1.3718E-08 1.2516E-08 1.1079E-08 9.8312E-09 8.9680E-09 7.8449E-09 6.8869E-09 6.0988E-09 5.4413E-09 4.4906E-09 4.0282E-09 3.6374E-09 3.2943E-09
