Assets/Resources/2015_m01_d05_0000(utc+0800)_l00_csi_1hr_conc.grd
DSAA
         159         159
     -79.000      79.000
     -79.000      79.000
  0.2915E-09  0.6504E-04
[rows 25 to 49 of 159, columns 57 to 113 of 159]
6.3592E-09 6.2338E-09 6.1143E-09 5.9835E-09 5.8503E-09 5.7149E-09 5.5776E-09 5.4388E-09 5.2989E-09 5.1582E-09 5.0170E-09 4.8759E-09 4.7352E-09 4.5952E-09 4.4564E-09 4.3188E-09 4.1828E-09 4.0387E-09 3.9074E-09 3.7789E-09 3.6534E-09 3.5165E-09 3.3987E-09 3.2824E-09 3.1702E-09 3.0448E-09 2.9423E-09 2.8421E-09 2.7486E-09 2.6418E-09 2.5606E-09 2.4811E-09 2.4052E-09 2.3159E-09 2.2337E-09 2.1572E-09 2.0969E-09 2.0211E-09 1.9694E-09 1.9112E-09 1.8646E-09 1.8070E-09 1.7576E-09 1.7067E-09 1.6726E-09 1.6391E-09 1.6049E-09 1.5713E-09 1.5395E-09 1.5071E-09 1.4763E-09 1.4450E-09 1.4142E-09 1.3852E-09 1.3565E-09 1.3273E-09 1.2997E-09
6.6088E-09 6.4807E-09 6.3491E-09 6.2142E-09 6.0764E-09 5.9360E-09 5.7933E-09 5.6487E-09 5.5026E-09 5.3554E-09 5.2075E-09 5.0594E-09 4.9115E-09 4.7641E-09 4.6177E-09 4.4725E-09 4.3288E-09 4.1871E-09 4.0355E-09 3.8995E-09 3.7668E-09 3.6374E-09 3.4947E-09 3.3719E-09 3.2534E-09 3.1392E-09 3.0104E-09 2.9069E-09 2.8092E-09 2.7160E-09 2.6077E-09 2.5245E-09 2.4444E-09 2.3501E-09 2.2819E-09 2.2001E-09 2.1362E-09 2.0607E-09 1.9989E-09 1.9373E-09 1.8884E-09 1.8343E-09 1.7780E-09 1.7263E-09 1.6831E-09 1.6494E-09 1.6151E-09 1.5813E-09 1.5493E-09 1.5167E-09 1.4858E-09 1.4543E-09 1.4245E-09 1.3941E-09 1.3654E-09 1.3360E-09 1.3082E-09
6.8626E-09 6.7314E-09 6.5962E-09 6.4573E-09 6.3149E-09 6.1694E-09 6.0212E-09 5.8807E-09 5.7286E-09 5.5750E-09 5.4203E-09 5.2650E-09 5.1096E-09 4.9545E-09 4.8000E-09 4.6466E-09 4.4946E-09 4.3344E-09 4.1871E-09 4.0426E-09 3.8870E-09 3.7501E-09 3.6170E-09 3.4663E-09 3.3410E-09 3.2204E-09 3.1045E-09 2.9731E-09 2.8705E-09 2.7724E-09 2.6788E-09 2.5691E-09 2.4831E-09 2.3871E-09 2.3142E-09 2.2448E-09 2.1767E-09 2.1007E-09 2.0218E-09 1.9681E-09 1.9046E-09 1.8566E-09 1.8036E-09 1.7546E-09 1.6981E-09 1.6593E-09 1.6248E-09 1.5909E-09 1.5587E-09 1.5259E-09 1.4949E-09 1.4633E-09 1.4333E-09 1.4028E-09 1.3739E-09 1.3443E-09 1.3165E-09
7.1285E-09 6.9945E-09 6.8658E-09 6.7236E-09 6.5774E-09 6.4275E-09 6.2743E-09 6.1183E-09 5.9599E-09 5.7995E-09 5.6377E-09 5.4748E-09 5.3115E-09 5.1484E-09 4.9856E-09 4.8237E-09 4.6631E-09 4.5044E-09 4.3353E-09 4.1822E-09 4.0325E-09 3.8695E-09 3.7285E-09 3.5895E-09 3.4553E-09 3.3058E-09 3.1835E-09 3.0673E-09 2.9344E-09 2.8312E-09 2.7328E-09 2.6361E-09 2.5458E-09 2.4229E-09 2.3471E-09 2.2750E-09 2.2064E-09 2.1394E-09 2.0552E-09 1.9983E-09 1.9340E-09 1.8836E-09 1.8276E-09 1.7763E-09 1.7173E-09 1.6733E-09 1.6341E-09 1.6012E-09 1.5677E-09 1.5348E-09 1.5036E-09 1.4719E-09 1.4418E-09 1.4111E-09 1.3820E-09 1.3524E-09 1.3244E-09
7.4178E-09 7.2821E-09 7.1412E-09 6.9954E-09 6.8450E-09 6.6903E-09 6.5318E-09 6.3699E-09 6.2050E-09 6.0735E-09 5.9052E-09 5.7352E-09 5.5643E-09 5.3930E-09 5.2215E-09 5.0503E-09 4.8800E-09 4.7112E-09 4.5093E-09 4.3465E-09 4.1721E-09 4.0171E-09 3.8465E-09 3.6993E-09 3.5572E-09 3.4203E-09 3.2671E-09 3.1443E-09 3.0278E-09 2.9166E-09 2.7864E-09 2.6862E-09 2.5897E-09 2.4811E-09 2.3806E-09 2.3056E-09 2.2346E-09 2.1651E-09 2.1012E-09 2.0311E-09 1.9624E-09 1.9092E-09 1.8499E-09 1.7953E-09 1.7422E-09 1.6879E-09 1.6430E-09 1.6100E-09 1.5764E-09 1.5433E-09 1.5120E-09 1.4801E-09 1.4499E-09 1.4190E-09 1.3899E-09 1.3612E-09 1.3320E-09
7.7117E-09 7.5740E-09 7.4304E-09 7.2812E-09 7.1636E-09 7.0067E-09 6.8451E-09 6.6793E-09 6.5097E-09 6.3368E-09 6.1613E-09 5.9835E-09 5.8046E-09 5.6247E-09 5.4441E-09 5.2633E-09 5.0832E-09 4.9044E-09 4.7274E-09 4.5530E-09 4.3817E-09 4.1962E-09 4.0338E-09 3.8407E-09 3.6671E-09 3.5202E-09 3.3821E-09 3.2250E-09 3.1019E-09 2.9828E-09 2.8669E-09 2.7360E-09 2.6347E-09 2.5215E-09 2.4366E-09 2.3387E-09 2.2630E-09 2.1932E-09 2.1250E-09 2.0555E-09 1.9963E-09 1.9290E-09 1.8770E-09 1.8192E-09 1.7637E-09 1.7032E-09 1.6658E-09 1.6183E-09 1.5846E-09 1.5514E-09 1.5200E-09 1.4879E-09 1.4576E-09 1.4267E-09 1.3974E-09 1.3686E-09 1.3392E-09
8.0535E-09 7.9175E-09 7.7749E-09 7.6260E-09 7.4710E-09 7.3103E-09 7.1442E-09 6.9731E-09 6.7976E-09 6.6597E-09 6.4781E-09 6.2938E-09 6.1075E-09 5.9190E-09 5.7288E-09 5.5378E-09 5.3468E-09 5.1564E-09 4.9673E-09 4.7395E-09 4.5572E-09 4.3785E-09 4.1828E-09 4.0146E-09 3.8497E-09 3.6675E-09 3.4819E-09 3.3419E-09 3.2056E-09 3.0499E-09 2.9297E-09 2.8141E-09 2.6565E-09 2.5629E-09 2.4742E-09 2.3924E-09 2.3131E-09 2.2194E-09 2.1510E-09 2.0771E-09 2.0160E-09 1.9581E-09 1.9031E-09 1.8416E-09 1.7931E-09 1.7268E-09 1.6751E-09 1.6263E-09 1.5924E-09 1.5591E-09 1.5276E-09 1.4954E-09 1.4650E-09 1.4339E-09 1.4046E-09 1.3757E-09 1.3462E-09
8.3840E-09 8.2478E-09 8.1043E-09 7.9537E-09 7.8378E-09 7.6768E-09 7.5094E-09 7.3360E-09 7.1571E-09 6.9730E-09 6.7844E-09 6.5934E-09 6.3987E-09 6.2009E-09 6.0008E-09 5.7993E-09 5.5971E-09 5.3950E-09 5.1940E-09 4.9949E-09 4.7984E-09 4.6053E-09 4.4164E-09 4.2322E-09 3.9885E-09 3.8199E-09 3.6307E-09 3.4781E-09 3.3276E-09 3.1508E-09 2.9928E-09 2.8711E-09 2.7310E-09 2.6299E-09 2.5146E-09 2.4273E-09 2.3448E-09 2.2671E-09 2.1750E-09 2.1038E-09 2.0357E-09 1.9761E-09 1.9195E-09 1.8658E-09 1.8060E-09 1.7528E-09 1.6902E-09 1.6534E-09 1.5998E-09 1.5664E-09 1.5348E-09 1.5026E-09 1.4720E-09 1.4409E-09 1.4114E-09 1.3824E-09 1.3529E-09
8.7303E-09 8.6369E-09 8.4973E-09 8.3498E-09 8.1944E-09 8.0315E-09 7.8613E-09 7.6840E-09 7.5002E-09 7.3103E-09 7.1600E-09 6.9629E-09 6.7607E-09 6.5543E-09 6.3443E-09 6.1318E-09 5.9175E-09 5.7024E-09 5.4875E-09 5.2738E-09 5.0193E-09 4.8126E-09 4.6101E-09 4.4127E-09 4.2196E-09 4.0061E-09 3.8289E-09 3.5847E-09 3.4242E-09 3.2722E-09 3.1280E-09 2.9302E-09 2.7830E-09 2.6769E-09 2.5788E-09 2.4628E-09 2.3770E-09 2.2962E-09 2.2181E-09 2.1301E-09 2.0583E-09 1.9969E-09 1.9388E-09 1.8838E-09 1.8315E-09 1.7787E-09 1.7101E-09 1.6680E-09 1.6068E-09 1.5733E-09 1.5416E-09 1.5093E-09 1.4787E-09 1.4475E-09 1.4179E-09 1.3888E-09 1.3592E-09
9.1422E-09 9.0134E-09 8.8757E-09 8.7292E-09 8.5739E-09 8.4533E-09 8.2844E-09 8.1072E-09 7.9220E-09 7.7302E-09 7.5331E-09 7.3289E-09 7.1186E-09 6.9026E-09 6.6821E-09 6.4579E-09 6.2310E-09 6.0025E-09 5.7735E-09 5.5451E-09 5.3183E-09 5.0398E-09 4.8224E-09 4.6107E-09 4.4029E-09 4.2021E-09 3.9753E-09 3.7872E-09 3.6074E-09 3.3650E-09 3.2117E-09 3.0242E-09 2.8363E-09 2.7270E-09 2.6224E-09 2.5239E-09 2.4095E-09 2.3256E-09 2.2467E-09 2.1705E-09 2.0779E-09 2.0147E-09 1.9550E-09 1.8986E-09 1.8450E-09 1.7942E-09 1.7359E-09 1.6770E-09 1.6383E-09 1.5798E-09 1.5481E-09 1.5157E-09 1.4850E-09 1.4537E-09 1.4241E-09 1.3949E-09 1.3652E-09
9.5354E-09 9.4107E-09 9.3198E-09 9.1800E-09 9.0305E-09 8.8711E-09 8.7021E-09 8.5236E-09 8.3357E-09 8.1421E-09 7.9397E-09 7.7289E-09 7.5103E-09 7.2849E-09 7.0534E-09 6.8170E-09 6.5768E-09 6.3340E-09 6.0897E-09 5.8453E-09 5.6020E-09 5.3610E-09 5.0556E-09 4.8277E-09 4.6038E-09 4.3857E-09 4.1716E-09 3.9311E-09 3.7375E-09 3.5540E-09 3.3490E-09 3.1475E-09 2.9251E-09 2.8062E-09 2.6669E-09 2.5640E-09 2.4673E-09 2.3551E-09 2.2733E-09 2.1945E-09 2.1181E-09 2.0477E-09 1.9710E-09 1.9131E-09 1.8583E-09 1.8063E-09 1.7497E-09 1.6930E-09 1.6528E-09 1.5859E-09 1.5541E-09 1.5216E-09 1.4909E-09 1.4595E-09 1.4298E-09 1.4007E-09 1.3709E-09
9.9946E-09 9.8811E-09 9.7571E-09 9.6224E-09 9.4768E-09 9.3201E-09 9.1525E-09 8.9738E-09 8.7868E-09 8.6392E-09 8.4352E-09 8.2208E-09 7.9966E-09 7.7634E-09 7.5221E-09 7.2740E-09 7.0200E-09 6.7617E-09 6.5003E-09 6.2374E-09 5.9743E-09 5.7126E-09 5.4009E-09 5.1496E-09 4.8238E-09 4.5846E-09 4.3532E-09 4.1305E-09 3.9175E-09 3.6821E-09 3.4958E-09 3.2323E-09 3.0468E-09 2.8615E-09 2.7423E-09 2.6047E-09 2.5038E-09 2.4094E-09 2.3212E-09 2.2206E-09 2.1395E-09 2.0698E-09 2.0014E-09 1.9273E-09 1.8712E-09 1.8181E-09 1.7666E-09 1.7058E-09 1.6612E-09 1.6119E-09 1.5597E-09 1.5272E-09 1.4964E-09 1.4650E-09 1.4353E-09 1.4060E-09 1.3762E-09
1.0443E-08 1.0338E-08 1.0222E-08 1.0095E-08 9.9552E-09 9.8504E-09 9.6904E-09 9.5191E-09 9.3384E-09 9.1446E-09 8.9379E-09 8.7188E-09 8.4877E-09 8.2456E-09 7.9934E-09 7.7323E-09 7.4636E-09 7.1888E-09 6.9094E-09 6.6272E-09 6.3437E-09 6.0604E-09 5.7797E-09 5.4362E-09 5.1637E-09 4.8032E-09 4.5526E-09 4.3114E-09 4.0813E-09 3.8636E-09 3.6207E-09 3.4315E-09 3.1265E-09 2.9182E-09 2.7931E-09 2.6761E-09 2.5427E-09 2.4445E-09 2.3507E-09 2.2650E-09 2.1654E-09 2.0889E-09 2.0214E-09 1.9581E-09 1.8869E-09 1.8327E-09 1.7803E-09 1.7228E-09 1.6693E-09 1.6295E-09 1.5650E-09 1.5324E-09 1.5016E-09 1.4701E-09 1.4404E-09 1.4111E-09 1.3812E-09
1.0916E-08 1.0823E-08 1.0763E-08 1.0651E-08 1.0525E-08 1.0386E-08 1.0233E-08 1.0070E-08 9.8923E-09 9.6995E-09 9.4916E-09 9.2687E-09 9.0316E-09 8.7808E-09 8.5176E-09 8.2432E-09 7.9589E-09 7.6664E-09 7.3676E-09 7.0642E-09 6.7576E-09 6.4505E-09 6.1455E-09 5.8418E-09 5.4551E-09 5.1648E-09 4.7717E-09 4.5104E-09 4.2612E-09 4.0249E-09 3.8017E-09 3.5524E-09 3.3266E-09 3.0932E-09 2.8449E-09 2.7223E-09 2.6098E-09 2.5032E-09 2.3803E-09 2.2913E-09 2.2084E-09 2.1077E-09 2.0383E-09 1.9733E-09 1.9122E-09 1.8548E-09 1.7904E-09 1.7316E-09 1.6771E-09 1.6368E-09 1.5861E-09 1.5372E-09 1.5064E-09 1.4749E-09 1.4451E-09 1.4158E-09 1.3859E-09
1.1462E-08 1.1390E-08 1.1305E-08 1.1207E-08 1.1094E-08 1.0966E-08 1.0826E-08 1.0671E-08 1.0499E-08 1.0310E-08 1.0102E-08 9.8768E-09 9.6344E-09 9.3756E-09 9.1014E-09 8.8132E-09 8.5125E-09 8.2012E-09 7.8813E-09 7.5543E-09 7.2220E-09 6.8886E-09 6.5552E-09 6.2222E-09 5.8910E-09 5.4630E-09 5.1550E-09 4.7294E-09 4.4584E-09 4.2016E-09 3.9590E-09 3.7336E-09 3.5250E-09 3.1769E-09 2.9345E-09 2.7693E-09 2.6515E-09 2.5402E-09 2.4367E-09 2.3177E-09 2.2318E-09 2.1450E-09 2.0706E-09 1.9881E-09 1.9255E-09 1.8667E-09 1.8103E-09 1.7499E-09 1.6845E-09 1.6437E-09 1.6015E-09 1.5416E-09 1.5108E-09 1.4793E-09 1.4494E-09 1.4201E-09 1.3902E-09
1.2005E-08 1.1952E-08 1.1886E-08 1.1805E-08 1.1708E-08 1.1596E-08 1.1472E-08 1.1328E-08 1.1165E-08 1.0981E-08 1.0776E-08 1.0550E-08 1.0303E-08 1.0037E-08 9.7519E-09 9.4497E-09 9.1317E-09 8.8003E-09 8.4574E-09 8.1032E-09 7.7433E-09 7.3805E-09 7.0154E-09 6.6507E-09 6.2874E-09 5.9303E-09 5.4588E-09 5.1341E-09 4.6747E-09 4.3950E-09 4.1330E-09 3.8880E-09 3.6621E-09 3.4105E-09 3.0980E-09 2.8535E-09 2.6937E-09 2.5775E-09 2.4697E-09 2.3677E-09 2.2550E-09 2.1682E-09 2.0886E-09 2.0172E-09 1.9383E-09 1.8782E-09 1.8206E-09 1.7676E-09 1.6953E-09 1.6503E-09 1.6119E-09 1.5456E-09 1.5148E-09 1.4833E-09 1.4534E-09 1.4241E-09 1.3942E-09
1.2580E-08 1.2551E-08 1.2508E-08 1.2448E-08 1.2372E-08 1.2284E-08 1.2176E-08 1.2047E-08 1.1895E-08 1.1719E-08 1.1519E-08 1.1294E-08 1.1045E-08 1.0772E-08 1.0477E-08 1.0160E-08 9.8243E-09 9.4712E-09 9.1015E-09 8.7188E-09 8.3285E-09 7.9331E-09 7.5336E-09 7.1335E-09 6.7339E-09 6.3414E-09 5.9586E-09 5.4404E-09 5.0983E-09 4.6081E-09 4.3236E-09 4.0574E-09 3.8121E-09 3.5356E-09 3.2243E-09 3.0150E-09 2.7722E-09 2.6455E-09 2.5026E-09 2.3967E-09 2.3006E-09 2.1883E-09 2.1063E-09 2.0328E-09 1.9644E-09 1.8892E-09 1.8336E-09 1.7764E-09 1.7187E-09 1.6564E-09 1.6176E-09 1.5709E-09 1.5184E-09 1.4869E-09 1.4571E-09 1.4277E-09 1.3978E-09
1.3191E-08 1.3190E-08 1.3174E-08 1.3141E-08 1.3093E-08 1.3030E-08 1.2944E-08 1.2833E-08 1.2696E-08 1.2532E-08 1.2339E-08 1.2118E-08 1.1868E-08 1.1590E-08 1.1284E-08 1.0953E-08 1.0598E-08 1.0221E-08 9.8218E-09 9.4085E-09 8.9861E-09 8.5544E-09 8.1167E-09 7.6745E-09 7.2373E-09 6.8043E-09 6.3809E-09 5.9707E-09 5.5773E-09 5.0513E-09 4.5320E-09 4.2432E-09 3.9756E-09 3.7279E-09 3.4991E-09 3.1367E-09 2.8200E-09 2.6874E-09 2.5650E-09 2.4275E-09 2.3258E-09 2.2293E-09 2.1443E-09 2.0480E-09 1.9807E-09 1.9154E-09 1.8431E-09 1.7869E-09 1.7260E-09 1.6697E-09 1.6229E-09 1.5801E-09 1.5216E-09 1.4901E-09 1.4603E-09 1.4310E-09 1.4011E-09
1.3839E-08 1.3871E-08 1.3887E-08 1.3886E-08 1.3875E-08 1.3840E-08 1.3780E-08 1.3692E-08 1.3574E-08 1.3425E-08 1.3243E-08 1.3028E-08 1.2779E-08 1.2497E-08 1.2182E-08 1.1836E-08 1.1461E-08 1.1055E-08 1.0627E-08 1.0182E-08 9.7237E-09 9.2519E-09 8.7717E-09 8.2853E-09 7.8032E-09 7.3243E-09 6.8554E-09 6.4003E-09 5.9669E-09 5.5543E-09 4.9911E-09 4.6480E-09 4.1555E-09 3.8853E-09 3.6361E-09 3.4090E-09 3.0427E-09 2.7657E-09 2.6017E-09 2.4842E-09 2.3507E-09 2.2510E-09 2.1632E-09 2.0821E-09 1.9937E-09 1.9268E-09 1.8634E-09 1.8042E-09 1.7393E-09 1.6756E-09 1.6346E-09 1.5888E-09 1.5356E-09 1.4930E-09 1.4633E-09 1.4339E-09 1.4041E-09
1.4526E-08 1.4595E-08 1.4649E-08 1.4693E-08 1.4718E-08 1.4717E-08 1.4688E-08 1.4628E-08 1.4535E-08 1.4405E-08 1.4238E-08 1.4032E-08 1.3786E-08 1.3501E-08 1.3178E-08 1.2817E-08 1.2418E-08 1.1984E-08 1.1526E-08 1.1049E-08 1.0549E-08 1.0033E-08 9.5054E-09 8.9704E-09 8.4350E-09 7.9072E-09 7.3870E-09 6.8852E-09 6.4032E-09 5.9755E-09 5.5155E-09 4.9161E-09 4.5678E-09 4.0558E-09 3.7841E-09 3.5370E-09 3.1704E-09 2.9450E-09 2.6733E-09 2.5160E-09 2.4016E-09 2.2745E-09 2.1815E-09 2.0981E-09 2.0211E-09 1.9364E-09 1.8729E-09 1.8126E-09 1.7542E-09 1.6811E-09 1.6396E-09 1.5929E-09 1.5439E-09 1.4955E-09 1.4658E-09 1.4365E-09 1.4067E-09
1.5252E-08 1.5366E-08 1.5469E-08 1.5559E-08 1.5626E-08 1.5665E-08 1.5674E-08 1.5647E-08 1.5583E-08 1.5478E-08 1.5329E-08 1.5136E-08 1.4897E-08 1.4611E-08 1.4280E-08 1.3904E-08 1.3478E-08 1.3017E-08 1.2531E-08 1.2014E-08 1.1470E-08 1.0905E-08 1.0325E-08 9.7355E-09 9.1437E-09 8.6236E-09 8.0427E-09 7.4796E-09 6.9389E-09 6.4256E-09 5.9405E-09 5.4870E-09 4.8266E-09 4.4692E-09 3.9436E-09 3.6745E-09 3.4276E-09 3.0637E-09 2.7545E-09 2.5807E-09 2.4287E-09 2.3219E-09 2.2195E-09 2.1134E-09 2.0344E-09 1.9602E-09 1.8818E-09 1.8204E-09 1.7643E-09 1.6973E-09 1.6442E-09 1.6031E-09 1.5517E-09 1.4976E-09 1.4680E-09 1.4387E-09 1.4089E-09
1.6019E-08 1.6185E-08 1.6346E-08 1.6486E-08 1.6602E-08 1.6688E-08 1.6740E-08 1.6754E-08 1.6725E-08 1.6789E-08 1.6677E-08 1.6346E-08 1.6116E-08 1.5832E-08 1.5495E-08 1.5097E-08 1.4648E-08 1.4168E-08 1.3646E-08 1.3086E-08 1.2493E-08 1.1993E-08 1.1350E-08 1.0693E-08 1.0031E-08 9.3730E-09 8.7306E-09 8.1037E-09 7.5025E-09 6.9291E-09 6.3884E-09 5.8813E-09 5.4114E-09 4.7438E-09 4.3459E-09 3.8200E-09 3.5538E-09 3.3109E-09 2.9535E-09 2.6542E-09 2.4865E-09 2.3703E-09 2.2390E-09 2.1466E-09 2.0470E-09 1.9711E-09 1.9023E-09 1.8375E-09 1.7706E-09 1.7072E-09 1.6483E-09 1.6069E-09 1.5589E-09 1.5052E-09 1.4698E-09 1.4406E-09 1.4108E-09
1.6827E-08 1.7059E-08 1.7278E-08 1.7476E-08 1.7648E-08 1.7788E-08 1.8021E-08 1.8097E-08 1.8126E-08 1.8103E-08 1.8023E-08 1.7866E-08 1.7450E-08 1.7170E-08 1.6822E-08 1.6407E-08 1.5947E-08 1.5438E-08 1.5051E-08 1.4443E-08 1.3793E-08 1.3110E-08 1.2402E-08 1.1676E-08 1.0942E-08 1.0213E-08 9.4978E-09 8.8022E-09 8.1308E-09 7.4910E-09 6.8862E-09 6.3192E-09 5.7938E-09 5.3006E-09 4.5954E-09 3.9769E-09 3.6879E-09 3.4249E-09 3.0252E-09 2.6949E-09 2.5544E-09 2.3957E-09 2.2813E-09 2.1625E-09 2.0755E-09 1.9813E-09 1.9110E-09 1.8450E-09 1.7851E-09 1.7120E-09 1.6519E-09 1.6101E-09 1.5614E-09 1.5123E-09 1.4712E-09 1.4421E-09 1.4124E-09
1.7681E-08 1.7981E-08 1.8358E-08 1.8637E-08 1.8891E-08 1.9111E-08 1.9292E-08 1.9427E-08 1.9509E-08 1.9531E-08 1.9490E-08 1.9375E-08 1.9133E-08 1.8628E-08 1.8481E-08 1.8072E-08 1.7603E-08 1.7066E-08 1.6465E-08 1.5807E-08 1.5098E-08 1.4349E-08 1.3570E-08 1.2766E-08 1.1956E-08 1.1146E-08 1.0351E-08 9.5776E-09 8.8281E-09 8.1131E-09 7.4370E-09 6.8032E-09 6.2108E-09 5.6517E-09 5.1403E-09 4.1780E-09 3.8575E-09 3.5453E-09 3.2897E-09 2.9035E-09 2.5886E-09 2.4539E-09 2.3021E-09 2.1991E-09 2.0883E-09 2.0056E-09 1.9309E-09 1.8518E-09 1.7909E-09 1.7197E-09 1.6613E-09 1.6129E-09 1.5699E-09 1.5188E-09 1.4723E-09 1.4421E-09 1.4136E-09
1.8659E-08 1.9047E-08 1.9423E-08 1.9780E-08 2.0110E-08 2.0404E-08 2.0656E-08 2.0857E-08 2.1000E-08 2.1076E-08 2.1275E-08 2.1226E-08 2.1041E-08 2.0738E-08 2.0129E-08 1.9724E-08 1.9236E-08 1.8667E-08 1.8022E-08 1.7309E-08 1.6537E-08 1.5717E-08 1.4858E-08 1.3973E-08 1.3076E-08 1.2180E-08 1.1296E-08 1.0519E-08 9.6723E-09 8.8625E-09 8.0967E-09 7.3761E-09 6.6924E-09 6.0365E-09 5.4486E-09 4.6679E-09 4.2686E-09 3.7006E-09 3.3959E-09 2.9672E-09 2.7789E-09 2.4821E-09 2.3529E-09 2.2406E-09 2.1195E-09 2.0156E-09 1.9393E-09 1.8683E-09 1.7949E-09 1.7379E-09 1.6644E-09 1.6152E-09 1.5750E-09 1.5202E-09 1.4730E-09 1.4430E-09 1.4145E-09
