Assets/Resources/2015_m01_d19_2100(utc+0800)_l00_csi_1hr_conc.grd
DSAA
         159         159
     -79.000      79.000
     -79.000      79.000
  0.0000E+00  0.1261E-04
[rows 75 to 99 of 159, columns 0 to 56 of 159]
6.9843E-11 7.8750E-11 8.9031E-11 1.0045E-10 1.1275E-10 1.2639E-10 1.4631E-10 1.6776E-10 1.8566E-10 2.1082E-10 2.3867E-10 2.6317E-10 2.9599E-10 3.3207E-10 3.6468E-10 4.0073E-10 4.4033E-10 4.8293E-10 5.2761E-10 5.7649E-10 6.2874E-10 7.0079E-10 7.7937E-10 8.4529E-10 9.1573E-10 9.9319E-10 1.0765E-09 1.1962E-09 1.3603E-09 1.5648E-09 1.8255E-09 2.1247E-09 2.4305E-09 2.7755E-09 3.1526E-09 3.4936E-09 3.8295E-09 4.1485E-09 4.4512E-09 4.7429E-09 5.0204E-09 5.2776E-09 5.5246E-09 5.7574E-09 5.9844E-09 6.2117E-09 6.4393E-09 6.6713E-09 6.9075E-09 7.1509E-09 7.4006E-09 7.6565E-09 7.9204E-09 8.1893E-09 8.4655E-09 8.7519E-09 9.0484E-09
6.7427E-11 7.5800E-11 8.5720E-11 9.6563E-11 1.0848E-10 1.2162E-10 1.4114E-10 1.6188E-10 1.7917E-10 2.0351E-10 2.3044E-10 2.5411E-10 2.8585E-10 3.2075E-10 3.5226E-10 3.8681E-10 4.2506E-10 4.6596E-10 5.0919E-10 5.5624E-10 6.0657E-10 6.7666E-10 7.5253E-10 8.1614E-10 8.8390E-10 9.5797E-10 1.0383E-09 1.1239E-09 1.2520E-09 1.4191E-09 1.6288E-09 1.8856E-09 2.1704E-09 2.4604E-09 2.7768E-09 3.1347E-09 3.4598E-09 3.7730E-09 4.0735E-09 4.3656E-09 4.6434E-09 4.9082E-09 5.1579E-09 5.3937E-09 5.6231E-09 5.8485E-09 6.0746E-09 6.3019E-09 6.5338E-09 6.7676E-09 7.0063E-09 7.2501E-09 7.4976E-09 7.7488E-09 8.0055E-09 8.2690E-09 8.5400E-09
6.4950E-11 7.2785E-11 8.2185E-11 9.2586E-11 1.0409E-10 1.1674E-10 1.3575E-10 1.5584E-10 1.7248E-10 1.9597E-10 2.2195E-10 2.4475E-10 2.7539E-10 3.0906E-10 3.3943E-10 3.7243E-10 4.0900E-10 4.4839E-10 4.9012E-10 5.3509E-10 5.8357E-10 6.5157E-10 7.2455E-10 7.8578E-10 8.5088E-10 9.2133E-10 9.9853E-10 1.0805E-09 1.1719E-09 1.3023E-09 1.4608E-09 1.6816E-09 1.9243E-09 2.1963E-09 2.4698E-09 2.7661E-09 3.1110E-09 3.4167E-09 3.7091E-09 3.9974E-09 4.2749E-09 4.5405E-09 4.7928E-09 5.0291E-09 5.2589E-09 5.4825E-09 5.7043E-09 5.9285E-09 6.1531E-09 6.3784E-09 6.6073E-09 6.8367E-09 7.0689E-09 7.3026E-09 7.5402E-09 7.7838E-09 8.0307E-09
6.2424E-11 6.9723E-11 7.8578E-11 8.8549E-11 9.9638E-11 1.1177E-10 1.2999E-10 1.4965E-10 1.6564E-10 1.8825E-10 2.1325E-10 2.3516E-10 2.6465E-10 2.9705E-10 3.2625E-10 3.5768E-10 3.9253E-10 4.3035E-10 4.7063E-10 5.1338E-10 5.5990E-10 6.2550E-10 6.9564E-10 7.5440E-10 8.1667E-10 8.8347E-10 9.5677E-10 1.0356E-09 1.1184E-09 1.2163E-09 1.3490E-09 1.5094E-09 1.7195E-09 1.9533E-09 2.2029E-09 2.4676E-09 2.7392E-09 3.0779E-09 3.3630E-09 3.6426E-09 3.9152E-09 4.1784E-09 4.4308E-09 4.6674E-09 4.8948E-09 5.1156E-09 5.3345E-09 5.5510E-09 5.7701E-09 5.9863E-09 6.2037E-09 6.4204E-09 6.6362E-09 6.8558E-09 7.0750E-09 7.2974E-09 7.5232E-09
5.9862E-11 6.6742E-11 7.4940E-11 8.4477E-11 9.5091E-11 1.0653E-10 1.2417E-10 1.4337E-10 1.5868E-10 1.8039E-10 2.0439E-10 2.2539E-10 2.5371E-10 2.8481E-10 3.1281E-10 3.4281E-10 3.7573E-10 4.1195E-10 4.5055E-10 4.9120E-10 5.3564E-10 5.9833E-10 6.6598E-10 7.2198E-10 7.8153E-10 8.4489E-10 9.1441E-10 9.8962E-10 1.0695E-09 1.1511E-09 1.2499E-09 1.3889E-09 1.5438E-09 1.7479E-09 1.9775E-09 2.2152E-09 2.4663E-09 2.7174E-09 3.0347E-09 3.3069E-09 3.5687E-09 3.8267E-09 4.0768E-09 4.3099E-09 4.5349E-09 4.7522E-09 4.9644E-09 5.1770E-09 5.3835E-09 5.5953E-09 5.7981E-09 6.0040E-09 6.2061E-09 6.4096E-09 6.6127E-09 6.8145E-09 7.0186E-09
5.7252E-11 6.3749E-11 7.1291E-11 8.0364E-11 9.0268E-11 1.0142E-10 1.1830E-10 1.3701E-10 1.5165E-10 1.7244E-10 1.9542E-10 2.1550E-10 2.4262E-10 2.7239E-10 2.9918E-10 3.2764E-10 3.5870E-10 3.9307E-10 4.2978E-10 4.6869E-10 5.1053E-10 5.7061E-10 6.3568E-10 6.8892E-10 7.4568E-10 8.0605E-10 8.7133E-10 9.4272E-10 1.0184E-09 1.0972E-09 1.1790E-09 1.2780E-09 1.4173E-09 1.5758E-09 1.7740E-09 1.9823E-09 2.2061E-09 2.4471E-09 2.6859E-09 2.9767E-09 3.2394E-09 3.4874E-09 3.7306E-09 3.9623E-09 4.1812E-09 4.3947E-09 4.6015E-09 4.8036E-09 5.0065E-09 5.2002E-09 5.4002E-09 5.5873E-09 5.7809E-09 5.9663E-09 6.1557E-09 6.3388E-09 6.5243E-09
5.4554E-11 6.0748E-11 6.7653E-11 7.6090E-11 8.5641E-11 9.6314E-11 1.1244E-10 1.3031E-10 1.4457E-10 1.6444E-10 1.8639E-10 2.0554E-10 2.3145E-10 2.5988E-10 2.8525E-10 3.1233E-10 3.4155E-10 3.7379E-10 4.0883E-10 4.4592E-10 4.8538E-10 5.4261E-10 6.0483E-10 6.5541E-10 7.0934E-10 7.6668E-10 8.2772E-10 8.9470E-10 9.6668E-10 1.0425E-09 1.1200E-09 1.2014E-09 1.3060E-09 1.4449E-09 1.5970E-09 1.7784E-09 1.9784E-09 2.1915E-09 2.4205E-09 2.6479E-09 2.9054E-09 3.1652E-09 3.3984E-09 3.6223E-09 3.8386E-09 4.0443E-09 4.2457E-09 4.4407E-09 4.6301E-09 4.8195E-09 4.9984E-09 5.1846E-09 5.3566E-09 5.5359E-09 5.7028E-09 5.8757E-09 6.0366E-09
5.1863E-11 5.7752E-11 6.4194E-11 7.1988E-11 8.1051E-11 9.1148E-11 1.0638E-10 1.2354E-10 1.3749E-10 1.5643E-10 1.7733E-10 1.9556E-10 2.2025E-10 2.4732E-10 2.7122E-10 2.9696E-10 3.2441E-10 3.5460E-10 3.8783E-10 4.2303E-10 4.6013E-10 5.1435E-10 5.7320E-10 6.2166E-10 6.7272E-10 7.2697E-10 7.8442E-10 8.4683E-10 9.1477E-10 9.8647E-10 1.0605E-09 1.1374E-09 1.2181E-09 1.3275E-09 1.4581E-09 1.6057E-09 1.7775E-09 1.9665E-09 2.1654E-09 2.3868E-09 2.5960E-09 2.8374E-09 3.0749E-09 3.2955E-09 3.5056E-09 3.7062E-09 3.8986E-09 4.0861E-09 4.2676E-09 4.4420E-09 4.6166E-09 4.7804E-09 4.9512E-09 5.1069E-09 5.2694E-09 5.4170E-09 5.5710E-09
4.9189E-11 5.4775E-11 6.0887E-11 6.7939E-11 7.6404E-11 8.5774E-11 1.0054E-10 1.1683E-10 1.3044E-10 1.4845E-10 1.6831E-10 1.8561E-10 2.0908E-10 2.3455E-10 2.5721E-10 2.8159E-10 3.0736E-10 3.3547E-10 3.6645E-10 3.9974E-10 4.3493E-10 4.8564E-10 5.4150E-10 5.8786E-10 6.3602E-10 6.8711E-10 7.4125E-10 7.9904E-10 8.6226E-10 9.3002E-10 1.0011E-09 1.0734E-09 1.1491E-09 1.2293E-09 1.3369E-09 1.4633E-09 1.6100E-09 1.7670E-09 1.9389E-09 2.1321E-09 2.3372E-09 2.5339E-09 2.7554E-09 2.9775E-09 3.1770E-09 3.3692E-09 3.5552E-09 3.7427E-09 3.9151E-09 4.0811E-09 4.2403E-09 4.3997E-09 4.5474E-09 4.6950E-09 4.8398E-09 4.9841E-09 5.1115E-09
4.6543E-11 5.1831E-11 5.7615E-11 6.3962E-11 7.1814E-11 8.0725E-11 9.4779E-11 1.1018E-10 1.2300E-10 1.4054E-10 1.5936E-10 1.7573E-10 1.9791E-10 2.2186E-10 2.4328E-10 2.6608E-10 2.9041E-10 3.1648E-10 3.4527E-10 3.7664E-10 4.0992E-10 4.5737E-10 5.1001E-10 5.5387E-10 5.9938E-10 6.4734E-10 6.9822E-10 7.5204E-10 8.1059E-10 8.7416E-10 9.4102E-10 1.0097E-09 1.0806E-09 1.1545E-09 1.2339E-09 1.3387E-09 1.4655E-09 1.5991E-09 1.7450E-09 1.9138E-09 2.0959E-09 2.2805E-09 2.4563E-09 2.6492E-09 2.8640E-09 3.0568E-09 3.2344E-09 3.4044E-09 3.5662E-09 3.7211E-09 3.8708E-09 4.0268E-09 4.1644E-09 4.3009E-09 4.4306E-09 4.5575E-09 4.6832E-09
4.3937E-11 4.8929E-11 5.4390E-11 6.0350E-11 6.7401E-11 7.5793E-11 8.8772E-11 1.0346E-10 1.1569E-10 1.3272E-10 1.5052E-10 1.6598E-10 1.8671E-10 2.0931E-10 2.2943E-10 2.5073E-10 2.7363E-10 2.9790E-10 3.2440E-10 3.5382E-10 3.8470E-10 4.2943E-10 4.7858E-10 5.1973E-10 5.6300E-10 6.0793E-10 6.5557E-10 7.0596E-10 7.5972E-10 8.1847E-10 8.8115E-10 9.4675E-10 1.0129E-09 1.0819E-09 1.1543E-09 1.2315E-09 1.3323E-09 1.4534E-09 1.5760E-09 1.7193E-09 1.8699E-09 2.0434E-09 2.2094E-09 2.3759E-09 2.5392E-09 2.7503E-09 2.9175E-09 3.0812E-09 3.2344E-09 3.3908E-09 3.5304E-09 3.6644E-09 3.7903E-09 3.9098E-09 4.0277E-09 4.1549E-09 4.2635E-09
4.1379E-11 4.6082E-11 5.1227E-11 5.6840E-11 6.3107E-11 7.0757E-11 8.3051E-11 9.7054E-11 1.0854E-10 1.2472E-10 1.4182E-10 1.5624E-10 1.7568E-10 1.9696E-10 2.1561E-10 2.3561E-10 2.5701E-10 2.7959E-10 3.0391E-10 3.3079E-10 3.5984E-10 4.0211E-10 4.4778E-10 4.8610E-10 5.2689E-10 5.6907E-10 6.1353E-10 6.6064E-10 7.1043E-10 7.6425E-10 8.2256E-10 8.8352E-10 9.4638E-10 1.0105E-09 1.0770E-09 1.1475E-09 1.2221E-09 1.3181E-09 1.4322E-09 1.5472E-09 1.6777E-09 1.8208E-09 1.9814E-09 2.1278E-09 2.2840E-09 2.4346E-09 2.6288E-09 2.7807E-09 2.9291E-09 3.0666E-09 3.1971E-09 3.3201E-09 3.4492E-09 3.5591E-09 3.6621E-09 3.7636E-09 3.8505E-09
3.8880E-11 4.3299E-11 4.8134E-11 5.3409E-11 5.9150E-11 6.6040E-11 7.7607E-11 9.0512E-11 1.0137E-10 1.1671E-10 1.3330E-10 1.4661E-10 1.6487E-10 1.8470E-10 2.0207E-10 2.2079E-10 2.4054E-10 2.6164E-10 2.8413E-10 3.0852E-10 3.3556E-10 3.7505E-10 4.1758E-10 4.5289E-10 4.9094E-10 5.3097E-10 5.7240E-10 6.1632E-10 6.6261E-10 7.1143E-10 7.6477E-10 8.2155E-10 8.8105E-10 9.4068E-10 1.0023E-09 1.0660E-09 1.1340E-09 1.2051E-09 1.2961E-09 1.3996E-09 1.5097E-09 1.6249E-09 1.7623E-09 1.9065E-09 2.0417E-09 2.1834E-09 2.3218E-09 2.4819E-09 2.6361E-09 2.7697E-09 2.8920E-09 3.0074E-09 3.1151E-09 3.2167E-09 3.3099E-09 3.3956E-09 3.4873E-09
3.6446E-11 4.0590E-11 4.5122E-11 5.0068E-11 5.5450E-11 6.1493E-11 7.2128E-11 8.4162E-11 9.4572E-11 1.0896E-10 1.2450E-10 1.3721E-10 1.5433E-10 1.7264E-10 1.8885E-10 2.0616E-10 2.2447E-10 2.4412E-10 2.6476E-10 2.8686E-10 3.1158E-10 3.4846E-10 3.8831E-10 4.2074E-10 4.5598E-10 4.9347E-10 5.3239E-10 5.7312E-10 6.1600E-10 6.6103E-10 7.0917E-10 7.6112E-10 8.1599E-10 8.7280E-10 9.2963E-10 9.8834E-10 1.0493E-09 1.1139E-09 1.1809E-09 1.2665E-09 1.3623E-09 1.4681E-09 1.5692E-09 1.6869E-09 1.8220E-09 1.9472E-09 2.0773E-09 2.2023E-09 2.3470E-09 2.4846E-09 2.6030E-09 2.7095E-09 2.8121E-09 2.9051E-09 2.9921E-09 3.0707E-09 3.1419E-09
3.4085E-11 3.7961E-11 4.2201E-11 4.6826E-11 5.1860E-11 5.7325E-11 6.7007E-11 7.8261E-11 8.7653E-11 1.0124E-10 1.1567E-10 1.2808E-10 1.4387E-10 1.6091E-10 1.7601E-10 1.9185E-10 2.0885E-10 2.2691E-10 2.4594E-10 2.6626E-10 2.8850E-10 3.2264E-10 3.5956E-10 3.8962E-10 4.2189E-10 4.5674E-10 4.9358E-10 5.3121E-10 5.7080E-10 6.1236E-10 6.5583E-10 7.0299E-10 7.5344E-10 8.0582E-10 8.5936E-10 9.1328E-10 9.6875E-10 1.0265E-09 1.0874E-09 1.1498E-09 1.2291E-09 1.3168E-09 1.4112E-09 1.5033E-09 1.6127E-09 1.7324E-09 1.8463E-09 1.9645E-09 2.0751E-09 2.2051E-09 2.3244E-09 2.4310E-09 2.5250E-09 2.6135E-09 2.6926E-09 2.7662E-09 2.8316E-09
3.1803E-11 3.5420E-11 3.9377E-11 4.3693E-11 4.8391E-11 5.3490E-11 6.2108E-11 7.2382E-11 8.1038E-11 9.3771E-11 1.0720E-10 1.1882E-10 1.3373E-10 1.4956E-10 1.6336E-10 1.7800E-10 1.9374E-10 2.1017E-10 2.2773E-10 2.4639E-10 2.6620E-10 2.9749E-10 3.3178E-10 3.5976E-10 3.8931E-10 4.2146E-10 4.5541E-10 4.9075E-10 5.2719E-10 5.6540E-10 6.0537E-10 6.4729E-10 6.9291E-10 7.4107E-10 7.9110E-10 8.4110E-10 8.9183E-10 9.4377E-10 9.9798E-10 1.0544E-09 1.1114E-09 1.1843E-09 1.2642E-09 1.3503E-09 1.4338E-09 1.5306E-09 1.6383E-09 1.7411E-09 1.8458E-09 1.9428E-09 2.0366E-09 2.1633E-09 2.2534E-09 2.3387E-09 2.4142E-09 2.4810E-09 2.5417E-09
2.9605E-11 3.2973E-11 3.6656E-11 4.0675E-11 4.5048E-11 4.9795E-11 5.7705E-11 6.6918E-11 7.4854E-11 8.6090E-11 9.8857E-11 1.0952E-10 1.2395E-10 1.3859E-10 1.5114E-10 1.6465E-10 1.7894E-10 1.9404E-10 2.1013E-10 2.2719E-10 2.4532E-10 2.7357E-10 3.0491E-10 3.3075E-10 3.5818E-10 3.8733E-10 4.1861E-10 4.5167E-10 4.8530E-10 5.2033E-10 5.5693E-10 5.9507E-10 6.3548E-10 6.7900E-10 7.2454E-10 7.7194E-10 8.1826E-10 8.6556E-10 9.1356E-10 9.6330E-10 1.0147E-09 1.0666E-09 1.1331E-09 1.2060E-09 1.2843E-09 1.3592E-09 1.4422E-09 1.5349E-09 1.6317E-09 1.7181E-09 1.8062E-09 1.8872E-09 2.0015E-09 2.0773E-09 2.1502E-09 2.2164E-09 2.2727E-09
2.7495E-11 3.0624E-11 3.4045E-11 3.7778E-11 4.1840E-11 4.6249E-11 5.3626E-11 6.1729E-11 6.8667E-11 7.9049E-11 9.0809E-11 1.0062E-10 1.1395E-10 1.2787E-10 1.3942E-10 1.5181E-10 1.6472E-10 1.7853E-10 1.9319E-10 2.0876E-10 2.2536E-10 2.5093E-10 2.7947E-10 3.0322E-10 3.2840E-10 3.5499E-10 3.8334E-10 4.1356E-10 4.4526E-10 4.7725E-10 5.1067E-10 5.4547E-10 5.8159E-10 6.2021E-10 6.6140E-10 7.0409E-10 7.4826E-10 7.9111E-10 8.3440E-10 8.7782E-10 9.2296E-10 9.6983E-10 1.0166E-09 1.0773E-09 1.1402E-09 1.2100E-09 1.2796E-09 1.3472E-09 1.4333E-09 1.5187E-09 1.5883E-09 1.6642E-09 1.7385E-09 1.8257E-09 1.9043E-09 1.9650E-09 2.0194E-09
2.4193E-11 2.8377E-11 3.1548E-11 3.5007E-11 3.8771E-11 4.2857E-11 4.9721E-11 5.7104E-11 6.2943E-11 7.2365E-11 8.2580E-11 9.2048E-11 1.0433E-10 1.1737E-10 1.2822E-10 1.3934E-10 1.5113E-10 1.6366E-10 1.7698E-10 1.9119E-10 2.0632E-10 2.2985E-10 2.5541E-10 2.7681E-10 2.9988E-10 3.2434E-10 3.4996E-10 3.7747E-10 4.0631E-10 4.3629E-10 4.6670E-10 4.9834E-10 5.3116E-10 5.6508E-10 6.0166E-10 6.4037E-10 6.7998E-10 7.2054E-10 7.5931E-10 7.9826E-10 8.3758E-10 8.7856E-10 9.2099E-10 9.6334E-10 1.0177E-09 1.0739E-09 1.1354E-09 1.1961E-09 1.2548E-09 1.3264E-09 1.4029E-09 1.4636E-09 1.5272E-09 1.5880E-09 1.6671E-09 1.7381E-09 1.7852E-09
2.2390E-11 2.4907E-11 2.9166E-11 3.2365E-11 3.5845E-11 3.9623E-11 4.5996E-11 5.2657E-11 5.7724E-11 6.6024E-11 7.5346E-11 8.3523E-11 9.4953E-11 1.0695E-10 1.1746E-10 1.2748E-10 1.3815E-10 1.4948E-10 1.6159E-10 1.7451E-10 1.8827E-10 2.0992E-10 2.3317E-10 2.5201E-10 2.7278E-10 2.9499E-10 3.1847E-10 3.4312E-10 3.6939E-10 3.9695E-10 4.2509E-10 4.5376E-10 4.8349E-10 5.1420E-10 5.4580E-10 5.8011E-10 6.1585E-10 6.5197E-10 6.8850E-10 7.2345E-10 7.5871E-10 7.9439E-10 8.3133E-10 8.6946E-10 9.0657E-10 9.5175E-10 1.0018E-09 1.0575E-09 1.1101E-09 1.1606E-09 1.2190E-09 1.2798E-09 1.3367E-09 1.3939E-09 1.4413E-09 1.5102E-09 1.5707E-09
1.9405E-11 2.1563E-11 2.5539E-11 2.9854E-11 3.3065E-11 3.6550E-11 4.2307E-11 4.8432E-11 5.3092E-11 6.0022E-11 6.8352E-11 7.5517E-11 8.5955E-11 9.7145E-11 1.0648E-10 1.1619E-10 1.2579E-10 1.3606E-10 1.4703E-10 1.5873E-10 1.7129E-10 1.9114E-10 2.1232E-10 2.2895E-10 2.4735E-10 2.6746E-10 2.8861E-10 3.1102E-10 3.3454E-10 3.5944E-10 3.8556E-10 4.1180E-10 4.3864E-10 4.6635E-10 4.9484E-10 5.2407E-10 5.5560E-10 5.8772E-10 6.2019E-10 6.5344E-10 6.8511E-10 7.1736E-10 7.4945E-10 7.8180E-10 8.1488E-10 8.4674E-10 8.8067E-10 9.2910E-10 9.7585E-10 1.0212E-09 1.0644E-09 1.1149E-09 1.1638E-09 1.2147E-09 1.2664E-09 1.3051E-09 1.3398E-09
1.7850E-11 1.9896E-11 2.2071E-11 2.6082E-11 3.0431E-11 3.3613E-11 3.8802E-11 4.4432E-11 4.8552E-11 5.4841E-11 6.1929E-11 6.8120E-11 7.7120E-11 8.7642E-11 9.6100E-11 1.0506E-10 1.1415E-10 1.2342E-10 1.3333E-10 1.4396E-10 1.5537E-10 1.7345E-10 1.9270E-10 2.0773E-10 2.2361E-10 2.4146E-10 2.6063E-10 2.8077E-10 3.0203E-10 3.2432E-10 3.4774E-10 3.7231E-10 3.9663E-10 4.2155E-10 4.4716E-10 4.7325E-10 4.9950E-10 5.2770E-10 5.5669E-10 5.8608E-10 6.1672E-10 6.4577E-10 6.7443E-10 7.0248E-10 7.2982E-10 7.5790E-10 7.8557E-10 8.1040E-10 8.5234E-10 8.9121E-10 9.2986E-10 9.6997E-10 1.0112E-09 1.0521E-09 1.0976E-09 1.1334E-09 1.1749E-09
1.5953E-11 1.8318E-11 2.0321E-11 2.2503E-11 2.6529E-11 2.9129E-11 3.5495E-11 4.0629E-11 4.4265E-11 5.0020E-11 5.6068E-11 6.1292E-11 6.9380E-11 7.8063E-11 8.6231E-11 9.4303E-11 1.0301E-10 1.1158E-10 1.2053E-10 1.3017E-10 1.4046E-10 1.5687E-10 1.7431E-10 1.8785E-10 2.0216E-10 2.1739E-10 2.3441E-10 2.5254E-10 2.7160E-10 2.9164E-10 3.1259E-10 3.3445E-10 3.5738E-10 3.7980E-10 4.0273E-10 4.2591E-10 4.4905E-10 4.7241E-10 4.9787E-10 5.2438E-10 5.5116E-10 5.7924E-10 6.0503E-10 6.2982E-10 6.5375E-10 6.7656E-10 6.9953E-10 7.2194E-10 7.4263E-10 7.7575E-10 8.1167E-10 8.4597E-10 8.8015E-10 9.1173E-10 9.5035E-10 9.8797E-10 1.0149E-09
1.4219E-11 1.6519E-11 1.8669E-11 2.0674E-11 2.2797E-11 2.4924E-11 3.0780E-11 3.6943E-11 4.0242E-11 4.5460E-11 5.0622E-11 5.5102E-11 6.2036E-11 6.9640E-11 7.6452E-11 8.4252E-11 9.2031E-11 1.0049E-10 1.0864E-10 1.1732E-10 1.2654E-10 1.4141E-10 1.5715E-10 1.6932E-10 1.8216E-10 1.9569E-10 2.1019E-10 2.2629E-10 2.4330E-10 2.6120E-10 2.7999E-10 2.9954E-10 3.1977E-10 3.4099E-10 3.6142E-10 3.8183E-10 4.0236E-10 4.2312E-10 4.4418E-10 4.6729E-10 4.9173E-10 5.1577E-10 5.4008E-10 5.6297E-10 5.8398E-10 6.0388E-10 6.2273E-10 6.4027E-10 6.5856E-10 6.7637E-10 7.0128E-10 7.3392E-10 7.6413E-10 7.9426E-10 8.2106E-10 8.4898E-10 8.8175E-10
1.1124E-11 1.4663E-11 1.7023E-11 1.8952E-11 2.0779E-11 2.2717E-11 2.6327E-11 3.1423E-11 3.6480E-11 4.1089E-11 4.5158E-11 4.9755E-11 5.5238E-11 6.1398E-11 6.7662E-11 7.4417E-11 8.1892E-11 8.9422E-11 9.7613E-11 1.0537E-10 1.1362E-10 1.2704E-10 1.4120E-10 1.5210E-10 1.6360E-10 1.7571E-10 1.8841E-10 2.0210E-10 2.1721E-10 2.3306E-10 2.4973E-10 2.6724E-10 2.8534E-10 3.0386E-10 3.2300E-10 3.4116E-10 3.5933E-10 3.7776E-10 3.9660E-10 4.1595E-10 4.3675E-10 4.5854E-10 4.7918E-10 4.9989E-10 5.2013E-10 5.3743E-10 5.5376E-10 5.6866E-10 5.8264E-10 5.9670E-10 6.1096E-10 6.3367E-10 6.6022E-10 6.8526E-10 7.0857E-10 7.3537E-10 7.5667E-10
