Assets/Resources/2015_m01_d23_0500(utc+0800)_l00_csi_1hr_conc.grd
DSAA
         159         159
     -79.000      79.000
     -79.000      79.000
  0.0000E+00  0.3184E-04
[rows 25 to 49 of 159, columns 0 to 56 of 159]
0.0000E+00 0.0000E+00 0.0000E+00 0.0000E+00 0.0000E+00 0.0000E+00 0.0000E+00 0.0000E+00 0.0000E+00 0.0000E+00 0.0000E+00 0.0000E+00 4.2369E-12 1.2039E-11 1.7410E-11 2.5685E-11 3.4443E-11 4.8567E-11 5.8700E-11 7.0146E-11 8.7871E-11 1.1479E-10 1.3248E-10 1.4872E-10 1.6786E-10 1.8724E-10 2.0709E-10 2.2908E-10 2.5195E-10 2.7759E-10 3.0493E-10 3.3470E-10 3.6609E-10 4.0156E-10 4.3831E-10 4.7951E-10 5.2232E-10 5.6997E-10 6.2015E-10 6.7398E-10 7.3146E-10 7.9351E-10 8.5983E-10 9.2979E-10 1.0063E-09 1.0882E-09 1.1766E-09 1.2718E-09 1.3740E-09 1.4823E-09 1.5984E-09 1.7192E-09 1.8463E-09 1.9779E-09 2.1148E-09 2.2563E-09 2.4009E-09
0.0000E+00 0.0000E+00 0.0000E+00 0.0000E+00 0.0000E+00 0.0000E+00 0.0000E+00 0.0000E+00 0.0000E+00 0.0000E+00 0.0000E+00 0.0000E+00 2.1293E-12 1.0809E-11 1.6093E-11 2.2799E-11 3.2856E-11 4.5334E-11 5.7530E-11 6.5536E-11 8.3998E-11 1.0669E-10 1.2888E-10 1.4508E-10 1.6354E-10 1.8318E-10 2.0296E-10 2.2423E-10 2.4739E-10 2.7185E-10 2.9869E-10 3.2793E-10 3.5942E-10 3.9363E-10 4.2972E-10 4.7027E-10 5.1313E-10 5.5926E-10 6.0935E-10 6.6162E-10 7.1932E-10 7.7994E-10 8.4485E-10 9.1465E-10 9.9016E-10 1.0723E-09 1.1599E-09 1.2554E-09 1.3572E-09 1.4658E-09 1.5801E-09 1.7013E-09 1.8269E-09 1.9576E-09 2.0936E-09 2.2333E-09 2.3768E-09
0.0000E+00 0.0000E+00 0.0000E+00 0.0000E+00 0.0000E+00 0.0000E+00 0.0000E+00 0.0000E+00 0.0000E+00 0.0000E+00 0.0000E+00 0.0000E+00 0.0000E+00 1.0578E-11 1.4758E-11 2.1346E-11 2.9894E-11 4.1276E-11 5.5248E-11 6.2141E-11 8.0464E-11 9.9777E-11 1.2585E-10 1.4134E-10 1.5974E-10 1.7900E-10 1.9838E-10 2.1957E-10 2.4194E-10 2.6591E-10 2.9299E-10 3.2092E-10 3.5259E-10 3.8541E-10 4.2231E-10 4.6067E-10 5.0351E-10 5.4812E-10 5.9740E-10 6.4988E-10 7.0555E-10 7.6520E-10 8.2931E-10 8.9913E-10 9.7411E-10 1.0560E-09 1.1438E-09 1.2385E-09 1.3394E-09 1.4479E-09 1.5614E-09 1.6813E-09 1.8064E-09 1.9360E-09 2.0711E-09 2.2096E-09 2.3526E-09
0.0000E+00 0.0000E+00 0.0000E+00 0.0000E+00 0.0000E+00 0.0000E+00 0.0000E+00 0.0000E+00 0.0000E+00 0.0000E+00 0.0000E+00 0.0000E+00 0.0000E+00 7.4304E-12 1.3411E-11 1.9906E-11 2.8755E-11 3.7856E-11 5.3286E-11 6.0194E-11 7.5563E-11 9.3599E-11 1.2097E-10 1.3695E-10 1.5525E-10 1.7471E-10 1.9400E-10 2.1444E-10 2.3634E-10 2.6049E-10 2.8636E-10 3.1440E-10 3.4478E-10 3.7692E-10 4.1315E-10 4.5148E-10 4.9282E-10 5.3735E-10 5.8557E-10 6.3658E-10 6.9127E-10 7.5057E-10 8.1448E-10 8.8326E-10 9.5784E-10 1.0387E-09 1.1268E-09 1.2206E-09 1.3222E-09 1.4288E-09 1.5425E-09 1.6608E-09 1.7843E-09 1.9135E-09 2.0466E-09 2.1845E-09 2.3258E-09
0.0000E+00 0.0000E+00 0.0000E+00 0.0000E+00 0.0000E+00 0.0000E+00 0.0000E+00 0.0000E+00 0.0000E+00 0.0000E+00 0.0000E+00 0.0000E+00 0.0000E+00 4.2587E-12 1.2132E-11 1.7518E-11 2.5303E-11 3.4526E-11 4.9855E-11 5.8820E-11 6.8699E-11 8.6851E-11 1.1429E-10 1.3248E-10 1.5095E-10 1.7032E-10 1.8919E-10 2.0917E-10 2.3092E-10 2.5424E-10 2.7955E-10 3.0700E-10 3.3674E-10 3.6892E-10 4.0372E-10 4.4129E-10 4.8258E-10 5.2605E-10 5.7280E-10 6.2285E-10 6.7707E-10 7.3557E-10 7.9833E-10 8.6649E-10 9.4122E-10 1.0218E-09 1.1096E-09 1.2028E-09 1.3037E-09 1.4095E-09 1.5217E-09 1.6388E-09 1.7617E-09 1.8898E-09 2.0216E-09 2.1583E-09 2.2983E-09
0.0000E+00 0.0000E+00 0.0000E+00 0.0000E+00 0.0000E+00 0.0000E+00 0.0000E+00 0.0000E+00 0.0000E+00 0.0000E+00 0.0000E+00 0.0000E+00 0.0000E+00 2.1255E-12 1.1835E-11 1.6123E-11 2.1822E-11 3.2346E-11 4.5236E-11 5.7421E-11 6.3852E-11 8.3502E-11 1.0251E-10 1.2892E-10 1.4599E-10 1.6553E-10 1.8428E-10 2.0380E-10 2.2506E-10 2.4784E-10 2.7258E-10 2.9942E-10 3.2851E-10 3.6000E-10 3.9405E-10 4.3083E-10 4.7129E-10 5.1387E-10 5.5968E-10 6.0982E-10 6.6264E-10 7.1968E-10 7.8243E-10 8.5012E-10 9.2447E-10 1.0047E-09 1.0914E-09 1.1847E-09 1.2841E-09 1.3895E-09 1.5006E-09 1.6166E-09 1.7384E-09 1.8643E-09 1.9954E-09 2.1309E-09 2.2695E-09
0.0000E+00 0.0000E+00 0.0000E+00 0.0000E+00 0.0000E+00 0.0000E+00 0.0000E+00 0.0000E+00 0.0000E+00 0.0000E+00 0.0000E+00 0.0000E+00 0.0000E+00 0.0000E+00 1.0565E-11 1.4725E-11 2.0288E-11 2.9249E-11 4.0602E-11 5.4914E-11 6.1120E-11 7.7726E-11 9.3305E-11 1.2291E-10 1.4102E-10 1.6069E-10 1.7929E-10 1.9834E-10 2.1909E-10 2.4133E-10 2.6548E-10 2.9170E-10 3.2011E-10 3.5088E-10 3.8493E-10 4.2013E-10 4.5975E-10 5.0212E-10 5.4677E-10 5.9537E-10 6.4731E-10 7.0428E-10 7.6642E-10 8.3367E-10 9.0699E-10 9.8729E-10 1.0735E-09 1.1660E-09 1.2645E-09 1.3689E-09 1.4782E-09 1.5935E-09 1.7140E-09 1.8386E-09 1.9683E-09 2.1017E-09 2.2388E-09
0.0000E+00 0.0000E+00 0.0000E+00 0.0000E+00 0.0000E+00 0.0000E+00 0.0000E+00 0.0000E+00 0.0000E+00 0.0000E+00 0.0000E+00 0.0000E+00 0.0000E+00 0.0000E+00 6.3409E-12 1.3333E-11 1.8760E-11 2.7083E-11 3.5861E-11 5.2011E-11 5.9549E-11 6.9424E-11 8.7658E-11 1.1686E-10 1.3537E-10 1.5576E-10 1.7423E-10 1.9280E-10 2.1303E-10 2.3471E-10 2.5899E-10 2.8384E-10 3.1231E-10 3.4160E-10 3.7487E-10 4.1073E-10 4.4797E-10 4.8941E-10 5.3364E-10 5.8073E-10 6.3289E-10 6.8877E-10 7.4977E-10 8.1709E-10 8.8997E-10 9.6979E-10 1.0554E-09 1.1470E-09 1.2438E-09 1.3476E-09 1.4558E-09 1.5697E-09 1.6881E-09 1.8113E-09 1.9396E-09 2.0721E-09 2.2082E-09
0.0000E+00 0.0000E+00 0.0000E+00 0.0000E+00 0.0000E+00 0.0000E+00 0.0000E+00 0.0000E+00 0.0000E+00 0.0000E+00 0.0000E+00 0.0000E+00 0.0000E+00 0.0000E+00 4.2009E-12 1.2003E-11 1.7306E-11 2.3035E-11 3.3559E-11 4.7203E-11 5.7962E-11 6.3798E-11 8.4002E-11 1.0593E-10 1.2999E-10 1.4957E-10 1.6848E-10 1.8719E-10 2.0761E-10 2.2801E-10 2.5169E-10 2.7587E-10 3.0365E-10 3.3218E-10 3.6466E-10 3.9967E-10 4.3599E-10 4.7704E-10 5.1969E-10 5.6643E-10 6.1742E-10 6.7261E-10 7.3365E-10 8.0054E-10 8.7296E-10 9.5160E-10 1.0363E-09 1.1269E-09 1.2239E-09 1.3252E-09 1.4319E-09 1.5446E-09 1.6621E-09 1.7844E-09 1.9105E-09 2.0407E-09 2.1753E-09
0.0000E+00 0.0000E+00 0.0000E+00 0.0000E+00 0.0000E+00 0.0000E+00 0.0000E+00 0.0000E+00 0.0000E+00 0.0000E+00 0.0000E+00 0.0000E+00 0.0000E+00 0.0000E+00 0.0000E+00 1.0678E-11 1.4868E-11 2.0457E-11 2.9902E-11 4.1253E-11 5.6361E-11 6.1453E-11 7.6562E-11 9.3382E-11 1.2338E-10 1.4462E-10 1.6333E-10 1.8154E-10 2.0142E-10 2.2124E-10 2.4431E-10 2.6782E-10 2.9489E-10 3.2335E-10 3.5432E-10 3.8847E-10 4.2459E-10 4.6392E-10 5.0565E-10 5.5210E-10 6.0188E-10 6.5703E-10 7.1763E-10 7.8342E-10 8.5526E-10 9.3373E-10 1.0182E-09 1.1071E-09 1.2022E-09 1.3029E-09 1.4089E-09 1.5193E-09 1.6347E-09 1.7554E-09 1.8805E-09 2.0097E-09 2.1420E-09
0.0000E+00 0.0000E+00 0.0000E+00 0.0000E+00 0.0000E+00 0.0000E+00 0.0000E+00 0.0000E+00 0.0000E+00 0.0000E+00 0.0000E+00 0.0000E+00 0.0000E+00 0.0000E+00 0.0000E+00 6.3815E-12 1.3426E-11 1.8863E-11 2.6700E-11 3.7229E-11 5.3672E-11 5.9697E-11 6.8023E-11 8.7530E-11 1.1381E-10 1.3815E-10 1.5816E-10 1.7585E-10 1.9519E-10 2.1443E-10 2.3687E-10 2.6039E-10 2.8605E-10 3.1451E-10 3.4387E-10 3.7714E-10 4.1232E-10 4.5065E-10 4.9202E-10 5.3730E-10 5.8637E-10 6.4157E-10 7.0109E-10 7.6633E-10 8.3875E-10 9.1576E-10 9.9855E-10 1.0863E-09 1.1808E-09 1.2794E-09 1.3840E-09 1.4929E-09 1.6072E-09 1.7263E-09 1.8491E-09 1.9765E-09 2.1070E-09
0.0000E+00 0.0000E+00 0.0000E+00 0.0000E+00 0.0000E+00 0.0000E+00 0.0000E+00 0.0000E+00 0.0000E+00 0.0000E+00 0.0000E+00 0.0000E+00 0.0000E+00 0.0000E+00 0.0000E+00 4.2056E-12 1.2042E-11 1.7341E-11 2.3049E-11 3.3080E-11 4.9162E-11 5.7935E-11 6.3106E-11 8.3037E-11 9.9931E-11 1.3136E-10 1.5266E-10 1.7015E-10 1.8894E-10 2.0759E-10 2.2939E-10 2.5223E-10 2.7715E-10 3.0483E-10 3.3334E-10 3.6572E-10 3.9995E-10 4.3738E-10 4.7844E-10 5.2252E-10 5.7215E-10 6.2567E-10 6.8520E-10 7.4987E-10 8.2094E-10 8.9710E-10 9.7867E-10 1.0664E-09 1.1584E-09 1.2561E-09 1.3591E-09 1.4664E-09 1.5792E-09 1.6959E-09 1.8174E-09 1.9430E-09 2.0718E-09
0.0000E+00 0.0000E+00 0.0000E+00 0.0000E+00 0.0000E+00 0.0000E+00 0.0000E+00 0.0000E+00 0.0000E+00 0.0000E+00 0.0000E+00 0.0000E+00 0.0000E+00 0.0000E+00 0.0000E+00 0.0000E+00 1.0675E-11 1.4851E-11 2.0407E-11 2.9318E-11 4.1503E-11 5.6169E-11 6.1183E-11 7.2570E-11 9.0106E-11 1.2198E-10 1.4687E-10 1.6444E-10 1.8267E-10 2.0073E-10 2.2189E-10 2.4404E-10 2.6822E-10 2.9511E-10 3.2350E-10 3.5424E-10 3.8807E-10 4.2407E-10 4.6448E-10 5.0785E-10 5.5693E-10 6.0993E-10 6.6949E-10 7.3357E-10 8.0307E-10 8.7872E-10 9.5923E-10 1.0450E-09 1.1361E-09 1.2324E-09 1.3332E-09 1.4388E-09 1.5498E-09 1.6653E-09 1.7851E-09 1.9082E-09 2.0350E-09
0.0000E+00 0.0000E+00 0.0000E+00 0.0000E+00 0.0000E+00 0.0000E+00 0.0000E+00 0.0000E+00 0.0000E+00 0.0000E+00 0.0000E+00 0.0000E+00 0.0000E+00 0.0000E+00 0.0000E+00 0.0000E+00 6.3525E-12 1.3375E-11 1.8764E-11 2.5560E-11 3.6099E-11 5.3319E-11 5.9260E-11 6.4486E-11 8.5865E-11 1.0558E-10 1.4019E-10 1.5874E-10 1.7570E-10 1.9387E-10 2.1438E-10 2.3584E-10 2.5928E-10 2.8537E-10 3.1290E-10 3.4272E-10 3.7569E-10 4.1084E-10 4.5061E-10 4.9450E-10 5.4193E-10 5.9492E-10 6.5333E-10 7.1659E-10 7.8581E-10 8.6029E-10 9.3885E-10 1.0240E-09 1.1130E-09 1.2077E-09 1.3068E-09 1.4113E-09 1.5206E-09 1.6335E-09 1.7514E-09 1.8732E-09 1.9982E-09
0.0000E+00 0.0000E+00 0.0000E+00 0.0000E+00 0.0000E+00 0.0000E+00 0.0000E+00 0.0000E+00 0.0000E+00 0.0000E+00 0.0000E+00 0.0000E+00 0.0000E+00 0.0000E+00 0.0000E+00 0.0000E+00 2.1194E-12 1.1951E-11 1.6216E-11 2.1861E-11 3.1809E-11 4.7559E-11 5.7341E-11 6.2398E-11 7.5075E-11 9.5258E-11 1.2872E-10 1.5306E-10 1.6946E-10 1.8703E-10 2.0689E-10 2.2766E-10 2.5034E-10 2.7563E-10 3.0230E-10 3.3120E-10 3.6334E-10 3.9837E-10 4.3693E-10 4.8025E-10 5.2715E-10 5.8018E-10 6.3735E-10 7.0022E-10 7.6843E-10 8.4118E-10 9.1962E-10 1.0021E-09 1.0901E-09 1.1827E-09 1.2806E-09 1.3834E-09 1.4901E-09 1.6018E-09 1.7177E-09 1.8370E-09 1.9607E-09
0.0000E+00 0.0000E+00 0.0000E+00 0.0000E+00 0.0000E+00 0.0000E+00 0.0000E+00 0.0000E+00 0.0000E+00 0.0000E+00 0.0000E+00 0.0000E+00 0.0000E+00 0.0000E+00 0.0000E+00 0.0000E+00 0.0000E+00 9.5480E-12 1.3670E-11 1.9155E-11 2.7020E-11 3.9735E-11 5.5431E-11 6.0318E-11 6.6800E-11 8.7139E-11 1.1292E-10 1.4641E-10 1.6325E-10 1.8022E-10 1.9944E-10 2.1950E-10 2.4144E-10 2.6591E-10 2.9172E-10 3.1979E-10 3.5112E-10 3.8610E-10 4.2350E-10 4.6627E-10 5.1314E-10 5.6504E-10 6.2136E-10 6.8401E-10 7.5040E-10 8.2184E-10 8.9903E-10 9.8000E-10 1.0664E-09 1.1579E-09 1.2535E-09 1.3544E-09 1.4598E-09 1.5696E-09 1.6829E-09 1.8001E-09 1.9219E-09
0.0000E+00 0.0000E+00 0.0000E+00 0.0000E+00 0.0000E+00 0.0000E+00 0.0000E+00 0.0000E+00 0.0000E+00 0.0000E+00 0.0000E+00 0.0000E+00 0.0000E+00 0.0000E+00 0.0000E+00 0.0000E+00 0.0000E+00 6.2549E-12 1.3180E-11 1.7507E-11 2.3212E-11 3.4134E-11 5.2448E-11 5.8251E-11 6.3325E-11 7.6098E-11 9.8599E-11 1.3669E-10 1.5676E-10 1.7346E-10 1.9130E-10 2.1140E-10 2.3258E-10 2.5624E-10 2.8119E-10 3.0847E-10 3.3916E-10 3.7349E-10 4.1031E-10 4.5258E-10 4.9944E-10 5.5013E-10 6.0672E-10 6.6709E-10 7.3296E-10 8.0312E-10 8.7823E-10 9.5830E-10 1.0432E-09 1.1323E-09 1.2266E-09 1.3257E-09 1.4285E-09 1.5363E-09 1.6475E-09 1.7633E-09 1.8831E-09
0.0000E+00 0.0000E+00 0.0000E+00 0.0000E+00 0.0000E+00 0.0000E+00 0.0000E+00 0.0000E+00 0.0000E+00 0.0000E+00 0.0000E+00 0.0000E+00 0.0000E+00 0.0000E+00 0.0000E+00 0.0000E+00 0.0000E+00 0.0000E+00 1.0739E-11 1.3897E-11 1.9450E-11 2.9744E-11 4.3113E-11 5.6200E-11 6.1095E-11 6.8788E-11 8.8585E-11 1.1976E-10 1.5067E-10 1.6677E-10 1.8396E-10 2.0267E-10 2.2378E-10 2.4664E-10 2.7081E-10 2.9733E-10 3.2741E-10 3.6118E-10 3.9745E-10 4.3915E-10 4.8543E-10 5.3528E-10 5.9105E-10 6.5023E-10 7.1544E-10 7.8373E-10 8.5804E-10 9.3584E-10 1.0190E-09 1.1070E-09 1.1996E-09 1.2961E-09 1.3968E-09 1.5025E-09 1.6123E-09 1.7262E-09 1.8431E-09
0.0000E+00 0.0000E+00 0.0000E+00 0.0000E+00 0.0000E+00 0.0000E+00 0.0000E+00 0.0000E+00 0.0000E+00 0.0000E+00 0.0000E+00 0.0000E+00 0.0000E+00 0.0000E+00 0.0000E+00 0.0000E+00 0.0000E+00 0.0000E+00 8.3272E-12 1.3371E-11 1.8711E-11 2.4444E-11 3.5805E-11 5.4169E-11 5.8886E-11 6.3951E-11 7.6744E-11 1.0526E-10 1.3984E-10 1.6014E-10 1.7669E-10 1.9471E-10 2.1507E-10 2.3635E-10 2.5982E-10 2.8648E-10 3.1593E-10 3.4914E-10 3.8546E-10 4.2603E-10 4.7170E-10 5.2178E-10 5.7536E-10 6.3405E-10 6.9742E-10 7.6488E-10 8.3708E-10 9.1389E-10 9.9481E-10 1.0809E-09 1.1716E-09 1.2661E-09 1.3654E-09 1.4691E-09 1.5761E-09 1.6879E-09 1.8035E-09
0.0000E+00 0.0000E+00 0.0000E+00 0.0000E+00 0.0000E+00 0.0000E+00 0.0000E+00 0.0000E+00 0.0000E+00 0.0000E+00 0.0000E+00 0.0000E+00 0.0000E+00 0.0000E+00 0.0000E+00 0.0000E+00 0.0000E+00 0.0000E+00 0.0000E+00 1.1872E-11 1.4052E-11 1.9644E-11 3.0467E-11 4.7798E-11 5.6702E-11 6.1578E-11 7.0427E-11 8.9681E-11 1.2458E-10 1.5291E-10 1.6952E-10 1.8685E-10 2.0571E-10 2.2703E-10 2.4978E-10 2.7586E-10 3.0477E-10 3.3745E-10 3.7381E-10 4.1321E-10 4.5808E-10 5.0736E-10 5.5979E-10 6.1788E-10 6.7939E-10 7.4605E-10 8.1607E-10 8.9121E-10 9.7109E-10 1.0548E-09 1.1435E-09 1.2365E-09 1.3338E-09 1.4347E-09 1.5403E-09 1.6499E-09 1.7627E-09
0.0000E+00 0.0000E+00 0.0000E+00 0.0000E+00 0.0000E+00 0.0000E+00 0.0000E+00 0.0000E+00 0.0000E+00 0.0000E+00 0.0000E+00 0.0000E+00 0.0000E+00 0.0000E+00 0.0000E+00 0.0000E+00 0.0000E+00 0.0000E+00 0.0000E+00 8.4115E-12 1.3491E-11 1.8856E-11 2.4605E-11 3.8159E-11 5.4545E-11 5.9236E-11 6.4268E-11 7.8062E-11 1.1067E-10 1.3972E-10 1.6170E-10 1.7910E-10 1.9724E-10 2.1715E-10 2.4005E-10 2.6554E-10 2.9391E-10 3.2611E-10 3.6190E-10 4.0071E-10 4.4471E-10 4.9297E-10 5.4491E-10 6.0124E-10 6.6135E-10 7.2657E-10 7.9567E-10 8.6855E-10 9.4661E-10 1.0290E-09 1.1152E-09 1.2062E-09 1.3014E-09 1.4001E-09 1.5035E-09 1.6110E-09 1.7216E-09
0.0000E+00 0.0000E+00 0.0000E+00 0.0000E+00 0.0000E+00 0.0000E+00 0.0000E+00 0.0000E+00 0.0000E+00 0.0000E+00 0.0000E+00 0.0000E+00 0.0000E+00 0.0000E+00 0.0000E+00 0.0000E+00 0.0000E+00 0.0000E+00 0.0000E+00 0.0000E+00 1.2937E-11 1.4133E-11 1.9733E-11 3.1025E-11 5.0591E-11 5.6928E-11 6.1763E-11 7.1701E-11 9.2508E-11 1.2878E-10 1.5273E-10 1.7147E-10 1.8896E-10 2.0822E-10 2.3057E-10 2.5555E-10 2.8285E-10 3.1509E-10 3.5033E-10 3.8835E-10 4.3157E-10 4.7876E-10 5.3012E-10 5.8465E-10 6.4403E-10 7.0714E-10 7.7461E-10 8.4651E-10 9.2214E-10 1.0026E-09 1.0873E-09 1.1756E-09 1.2688E-09 1.3660E-09 1.4673E-09 1.5719E-09 1.6810E-09
0.0000E+00 0.0000E+00 0.0000E+00 0.0000E+00 0.0000E+00 0.0000E+00 0.0000E+00 0.0000E+00 0.0000E+00 0.0000E+00 0.0000E+00 0.0000E+00 0.0000E+00 0.0000E+00 0.0000E+00 0.0000E+00 0.0000E+00 0.0000E+00 0.0000E+00 0.0000E+00 8.4509E-12 1.3538E-11 1.8902E-11 2.4636E-11 4.0283E-11 5.4656E-11 5.9298E-11 6.4270E-11 7.9993E-11 1.1200E-10 1.4002E-10 1.6259E-10 1.8085E-10 1.9960E-10 2.2140E-10 2.4586E-10 2.7272E-10 3.0328E-10 3.3794E-10 3.7628E-10 4.1852E-10 4.6472E-10 5.1493E-10 5.6813E-10 6.2612E-10 6.8777E-10 7.5366E-10 8.2380E-10 8.9819E-10 9.7609E-10 1.0589E-09 1.1457E-09 1.2367E-09 1.3312E-09 1.4303E-09 1.5326E-09 1.6395E-09
0.0000E+00 0.0000E+00 0.0000E+00 0.0000E+00 0.0000E+00 0.0000E+00 0.0000E+00 0.0000E+00 0.0000E+00 0.0000E+00 0.0000E+00 0.0000E+00 0.0000E+00 0.0000E+00 0.0000E+00 0.0000E+00 0.0000E+00 0.0000E+00 0.0000E+00 0.0000E+00 0.0000E+00 1.2955E-11 1.4137E-11 1.9717E-11 3.0934E-11 5.1697E-11 5.6876E-11 6.1645E-11 7.0385E-11 9.2540E-11 1.2792E-10 1.5060E-10 1.7223E-10 1.9124E-10 2.1181E-10 2.3578E-10 2.6292E-10 2.9297E-10 3.2688E-10 3.6446E-10 4.0569E-10 4.5076E-10 4.9985E-10 5.5178E-10 6.0834E-10 6.6905E-10 7.3273E-10 8.0116E-10 8.7367E-10 9.5025E-10 1.0303E-09 1.1151E-09 1.2040E-09 1.2962E-09 1.3931E-09 1.4940E-09 1.5986E-09
0.0000E+00 0.0000E+00 0.0000E+00 0.0000E+00 0.0000E+00 0.0000E+00 0.0000E+00 0.0000E+00 0.0000E+00 0.0000E+00 0.0000E+00 0.0000E+00 0.0000E+00 0.0000E+00 0.0000E+00 0.0000E+00 0.0000E+00 0.0000E+00 0.0000E+00 0.0000E+00 0.0000E+00 8.4447E-12 1.3513E-11 1.8846E-11 2.4536E-11 4.2178E-11 5.4500E-11 5.9070E-11 6.3960E-11 8.2367E-11 1.0852E-10 1.3920E-10 1.6332E-10 1.8247E-10 2.0330E-10 2.2684E-10 2.5272E-10 2.8298E-10 3.1611E-10 3.5278E-10 3.9306E-10 4.3705E-10 4.8489E-10 5.3607E-10 5.9066E-10 6.4989E-10 7.1186E-10 7.7852E-10 8.4917E-10 9.2382E-10 1.0018E-09 1.0845E-09 1.1713E-09 1.2619E-09 1.3560E-09 1.4546E-09 1.5570E-09
