Assets/Resources/2015_m01_d16_0100(utc+0800)_l00_csi_1hr_conc.grd
DSAA
         159         159
     -79.000      79.000
     -79.000      79.000
  0.1311E-09  0.8193E-05
[rows 75 to 99 of 159, columns 57 to 113 of 159]
1.1603E-08 1.1960E-08 1.2317E-08 1.2672E-08 1.3024E-08 1.3375E-08 1.3733E-08 1.4077E-08 1.4416E-08 1.4750E-08 1.5077E-08 1.5397E-08 1.5709E-08 1.6012E-08 1.6305E-08 1.6597E-08 1.6883E-08 1.7152E-08 1.7411E-08 1.7661E-08 1.7913E-08 1.8157E-08 1.8384E-08 1.8601E-08 1.8811E-08 1.9042E-08 1.9283E-08 1.9501E-08 1.9741E-08 2.0101E-08 2.0679E-08 2.1442E-08 2.2320E-08 2.3287E-08 2.4308E-08 2.5385E-08 2.6513E-08 2.7662E-08 2.8801E-08 2.9920E-08 3.1002E-08 3.1981E-08 3.2737E-08 3.3095E-08 3.3320E-08 3.3263E-08 3.2978E-08 3.2426E-08 3.1549E-08 3.0519E-08 2.9307E-08 2.7912E-08 2.6344E-08 2.4676E-08 2.2961E-08 2.1229E-08 1.9560E-08
1.1446E-08 1.1796E-08 1.2144E-08 1.2491E-08 1.2835E-08 1.3181E-08 1.3529E-08 1.3866E-08 1.4198E-08 1.4525E-08 1.4846E-08 1.5160E-08 1.5466E-08 1.5764E-08 1.6053E-08 1.6348E-08 1.6629E-08 1.6899E-08 1.7159E-08 1.7412E-08 1.7673E-08 1.7918E-08 1.8150E-08 1.8376E-08 1.8600E-08 1.8863E-08 1.9108E-08 1.9375E-08 1.9763E-08 2.0416E-08 2.1290E-08 2.2298E-08 2.3442E-08 2.4705E-08 2.6089E-08 2.7592E-08 2.9165E-08 3.0748E-08 3.2290E-08 3.3761E-08 3.5225E-08 3.6502E-08 3.7470E-08 3.8048E-08 3.8239E-08 3.8163E-08 3.7776E-08 3.7023E-08 3.5981E-08 3.4613E-08 3.3010E-08 3.1255E-08 2.9305E-08 2.7305E-08 2.5261E-08 2.3229E-08 2.1253E-08
1.1280E-08 1.1620E-08 1.1960E-08 1.2299E-08 1.2635E-08 1.2974E-08 1.3312E-08 1.3641E-08 1.3966E-08 1.4286E-08 1.4600E-08 1.4907E-08 1.5208E-08 1.5501E-08 1.5788E-08 1.6084E-08 1.6360E-08 1.6629E-08 1.6890E-08 1.7147E-08 1.7413E-08 1.7657E-08 1.7896E-08 1.8129E-08 1.8376E-08 1.8655E-08 1.8932E-08 1.9329E-08 1.9991E-08 2.0941E-08 2.2071E-08 2.3409E-08 2.4999E-08 2.6824E-08 2.8834E-08 3.0945E-08 3.2953E-08 3.5001E-08 3.7030E-08 3.9015E-08 4.0848E-08 4.2406E-08 4.3516E-08 4.4164E-08 4.4375E-08 4.4088E-08 4.3451E-08 4.2460E-08 4.1045E-08 3.9354E-08 3.7371E-08 3.5163E-08 3.2793E-08 3.0343E-08 2.7867E-08 2.5476E-08 2.3149E-08
1.1103E-08 1.1435E-08 1.1766E-08 1.2096E-08 1.2423E-08 1.2756E-08 1.3084E-08 1.3405E-08 1.3722E-08 1.4034E-08 1.4341E-08 1.4642E-08 1.4937E-08 1.5225E-08 1.5510E-08 1.5802E-08 1.6076E-08 1.6343E-08 1.6603E-08 1.6865E-08 1.7129E-08 1.7378E-08 1.7621E-08 1.7861E-08 1.8134E-08 1.8427E-08 1.8812E-08 1.9434E-08 2.0399E-08 2.1624E-08 2.3150E-08 2.5082E-08 2.7403E-08 3.0051E-08 3.2907E-08 3.5820E-08 3.8649E-08 4.1426E-08 4.4007E-08 4.6340E-08 4.8319E-08 4.9906E-08 5.1086E-08 5.1660E-08 5.1702E-08 5.1256E-08 5.0282E-08 4.8837E-08 4.7007E-08 4.4770E-08 4.2301E-08 3.9557E-08 3.6693E-08 3.3753E-08 3.0818E-08 2.7968E-08 2.5258E-08
1.0918E-08 1.1242E-08 1.1564E-08 1.1884E-08 1.2202E-08 1.2528E-08 1.2846E-08 1.3159E-08 1.3467E-08 1.3772E-08 1.4071E-08 1.4365E-08 1.4654E-08 1.4936E-08 1.5220E-08 1.5507E-08 1.5778E-08 1.6042E-08 1.6301E-08 1.6568E-08 1.6829E-08 1.7080E-08 1.7327E-08 1.7572E-08 1.7874E-08 1.8226E-08 1.8794E-08 1.9672E-08 2.0934E-08 2.2567E-08 2.4751E-08 2.7570E-08 3.0989E-08 3.4857E-08 3.8913E-08 4.2856E-08 4.6851E-08 5.0493E-08 5.3686E-08 5.6240E-08 5.8012E-08 5.9446E-08 6.0226E-08 6.0673E-08 6.0395E-08 5.9509E-08 5.8048E-08 5.6114E-08 5.3706E-08 5.0927E-08 4.7817E-08 4.4468E-08 4.0990E-08 3.7490E-08 3.4037E-08 3.0708E-08 2.7533E-08
1.0726E-08 1.1040E-08 1.1353E-08 1.1664E-08 1.1973E-08 1.2290E-08 1.2599E-08 1.2903E-08 1.3203E-08 1.3499E-08 1.3791E-08 1.4078E-08 1.4361E-08 1.4638E-08 1.4919E-08 1.5200E-08 1.5467E-08 1.5728E-08 1.5985E-08 1.6255E-08 1.6513E-08 1.6765E-08 1.7015E-08 3.6513E-06 2.4919E-07 1.8092E-08 1.8856E-08 2.0011E-08 2.1646E-08 2.3896E-08 2.7032E-08 3.1164E-08 3.6256E-08 4.1971E-08 4.7745E-08 5.4018E-08 5.9379E-08 6.3656E-08 6.6435E-08 6.8628E-08 7.0226E-08 7.1069E-08 7.1393E-08 7.1092E-08 7.0252E-08 6.8831E-08 6.6766E-08 6.4150E-08 6.1064E-08 5.7608E-08 5.3766E-08 4.9790E-08 4.5672E-08 4.1542E-08 3.7516E-08 3.3598E-08 2.9940E-08
1.0527E-08 1.0831E-08 1.1135E-08 1.1436E-08 1.1737E-08 1.2045E-08 1.2345E-08 1.2640E-08 1.2931E-08 1.3219E-08 1.3503E-08 1.3783E-08 1.4059E-08 1.4330E-08 1.4608E-08 1.4882E-08 1.5145E-08 1.5402E-08 1.5657E-08 1.5928E-08 1.6183E-08 1.6435E-08 1.6687E-08 3.1538E-06 3.2338E-06 3.3431E-06 1.3518E-07 4.5626E-08 5.4583E-08 5.7244E-08 5.6655E-08 3.6318E-08 4.3624E-08 5.1959E-08 6.3998E-08 7.2938E-08 7.7926E-08 8.0650E-08 8.2611E-08 8.3665E-08 8.4366E-08 8.4446E-08 8.3923E-08 8.2879E-08 8.1244E-08 7.9004E-08 7.6163E-08 7.2779E-08 6.8922E-08 6.4675E-08 6.0133E-08 5.5360E-08 5.0585E-08 4.5790E-08 4.1130E-08 3.6683E-08 3.2449E-08
1.0322E-08 1.0617E-08 1.0911E-08 1.1203E-08 1.1494E-08 1.1793E-08 1.2084E-08 1.2369E-08 1.2652E-08 1.2932E-08 1.3208E-08 1.3481E-08 1.3750E-08 1.4015E-08 1.4288E-08 1.4555E-08 1.4813E-08 1.5066E-08 1.5318E-08 1.5586E-08 1.5839E-08 1.6090E-08 1.6343E-08 1.6626E-08 8.1930E-06 2.9039E-06 3.0786E-06 2.0743E-06 1.7274E-06 1.3823E-06 1.0565E-06 3.6898E-07 1.1502E-07 9.2002E-08 9.6597E-08 9.9971E-08 1.0162E-07 1.0155E-07 1.0126E-07 1.0105E-07 1.0026E-07 9.9163E-08 9.7387E-08 9.5211E-08 9.2735E-08 8.9648E-08 8.5959E-08 8.1712E-08 7.7050E-08 7.1949E-08 6.6631E-08 6.1163E-08 5.5617E-08 5.0138E-08 4.4821E-08 3.9721E-08 3.4965E-08
1.0112E-08 1.0397E-08 1.0682E-08 1.0965E-08 1.1247E-08 1.1536E-08 1.1817E-08 1.2094E-08 1.2368E-08 1.2640E-08 1.2908E-08 1.3173E-08 1.3435E-08 1.3693E-08 1.3959E-08 1.4220E-08 1.4472E-08 1.4720E-08 1.4969E-08 1.5233E-08 1.5483E-08 1.5734E-08 1.5986E-08 1.6302E-08 6.0573E-07 3.1028E-06 2.7152E-06 2.5639E-06 1.7780E-06 1.5679E-06 1.4137E-06 1.1902E-06 5.8161E-07 2.0661E-07 1.4593E-07 1.3448E-07 1.2773E-07 1.2497E-07 1.2200E-07 1.1940E-07 1.1709E-07 1.1421E-07 1.1105E-07 1.0772E-07 1.0418E-07 1.0020E-07 9.5733E-08 9.0659E-08 8.5043E-08 7.9215E-08 7.3110E-08 6.6827E-08 6.0596E-08 5.4386E-08 4.8372E-08 4.2695E-08 3.7397E-08
9.8980E-09 1.0174E-08 1.0449E-08 1.0722E-08 1.0995E-08 1.1274E-08 1.1547E-08 1.1815E-08 1.2080E-08 1.2343E-08 1.2603E-08 1.2860E-08 1.3114E-08 1.3364E-08 1.3624E-08 1.3878E-08 1.4124E-08 1.4366E-08 1.4611E-08 1.4870E-08 1.5118E-08 1.5365E-08 1.5616E-08 1.5993E-08 1.6752E-08 2.5247E-06 2.4661E-06 2.5104E-06 1.9513E-06 1.6028E-06 1.4296E-06 1.3491E-06 1.0812E-06 4.4274E-07 2.4060E-07 1.8144E-07 1.6131E-07 1.4981E-07 1.4295E-07 1.3762E-07 1.3283E-07 1.2852E-07 1.2401E-07 1.1958E-07 1.1504E-07 1.1025E-07 1.0493E-07 9.9069E-08 9.2713E-08 8.6062E-08 7.9207E-08 7.2170E-08 6.5184E-08 5.8306E-08 5.1645E-08 4.5404E-08 3.9620E-08
9.6810E-09 9.9477E-09 1.0213E-08 1.0477E-08 1.0740E-08 1.1009E-08 1.1273E-08 1.1532E-08 1.1788E-08 1.2043E-08 1.2295E-08 1.2544E-08 1.2789E-08 1.3032E-08 1.3284E-08 1.3531E-08 1.3770E-08 1.4007E-08 1.4247E-08 1.4499E-08 1.4743E-08 1.4987E-08 1.5235E-08 1.5679E-08 1.6502E-08 1.2190E-07 1.8843E-06 2.2995E-06 2.2641E-06 1.6379E-06 1.4673E-06 1.3584E-06 1.3308E-06 7.6415E-07 3.8155E-07 2.5922E-07 2.0251E-07 1.7764E-07 1.6292E-07 1.5339E-07 1.4630E-07 1.4073E-07 1.3544E-07 1.3008E-07 1.2464E-07 1.1909E-07 1.1313E-07 1.0656E-07 9.9528E-08 9.2118E-08 8.4504E-08 7.6863E-08 6.9150E-08 6.1627E-08 5.4485E-08 4.7730E-08 4.1512E-08
9.4617E-09 9.7190E-09 9.9751E-09 1.0230E-08 1.0484E-08 1.0742E-08 1.0998E-08 1.1247E-08 1.1495E-08 1.1740E-08 1.1984E-08 1.2224E-08 1.2462E-08 1.2696E-08 1.2940E-08 1.3180E-08 1.3412E-08 1.3642E-08 1.3876E-08 1.4122E-08 1.4361E-08 1.4601E-08 1.4846E-08 1.5363E-08 1.6218E-08 1.7434E-08 1.3759E-07 1.0427E-06 1.9911E-06 1.8979E-06 1.4884E-06 1.3741E-06 1.3851E-06 1.1085E-06 5.8123E-07 3.4581E-07 2.4997E-07 2.0106E-07 1.7729E-07 1.6445E-07 1.5645E-07 1.5011E-07 1.4434E-07 1.3847E-07 1.3236E-07 1.2624E-07 1.1970E-07 1.1261E-07 1.0492E-07 9.6916E-08 8.8723E-08 8.0420E-08 7.2237E-08 6.4249E-08 5.6632E-08 4.9523E-08 4.2956E-08
9.2402E-09 9.4889E-09 9.7356E-09 9.9808E-09 1.0225E-08 1.0474E-08 1.0721E-08 1.0962E-08 1.1200E-08 1.1437E-08 1.1671E-08 1.1903E-08 1.2132E-08 1.2359E-08 1.2593E-08 1.2826E-08 1.3051E-08 1.3273E-08 1.3502E-08 1.3739E-08 1.3974E-08 1.4209E-08 1.4454E-08 1.5020E-08 1.5890E-08 1.7158E-08 1.9135E-08 3.5440E-08 3.5612E-07 1.2536E-06 1.4560E-06 1.3392E-06 1.3265E-06 1.2517E-06 7.0573E-07 4.0076E-07 2.6909E-07 2.1204E-07 1.8363E-07 1.7011E-07 1.6204E-07 1.5595E-07 1.5004E-07 1.4406E-07 1.3762E-07 1.3108E-07 1.2415E-07 1.1666E-07 1.0860E-07 1.0011E-07 9.1452E-08 8.2810E-08 7.4217E-08 6.5929E-08 5.8024E-08 5.0611E-08 4.3838E-08
9.0178E-09 9.2580E-09 9.4955E-09 9.7315E-09 9.9668E-09 1.0205E-08 1.0443E-08 1.0675E-08 1.0905E-08 1.1133E-08 1.1359E-08 1.1582E-08 1.1802E-08 1.2020E-08 1.2245E-08 1.2469E-08 1.2688E-08 1.2903E-08 1.3124E-08 1.3353E-08 1.3583E-08 1.3811E-08 1.4058E-08 1.4630E-08 1.5521E-08 1.6790E-08 1.8761E-08 2.1837E-08 2.6565E-08 1.0047E-07 3.8560E-07 5.4429E-07 6.5875E-07 7.7632E-07 5.6902E-07 3.5703E-07 2.5369E-07 2.0492E-07 1.8155E-07 1.6987E-07 1.6303E-07 1.5755E-07 1.5213E-07 1.4632E-07 1.3998E-07 1.3320E-07 1.2613E-07 1.1842E-07 1.1011E-07 1.0151E-07 9.2598E-08 8.3727E-08 7.5025E-08 6.6542E-08 5.8491E-08 5.0983E-08 4.4045E-08
8.7952E-09 9.0271E-09 9.2555E-09 9.4824E-09 9.7084E-09 9.9375E-09 1.0166E-08 1.0390E-08 1.0611E-08 1.0829E-08 1.1046E-08 1.1260E-08 1.1472E-08 1.1682E-08 1.1897E-08 1.2112E-08 1.2324E-08 1.2532E-08 1.2745E-08 1.2965E-08 1.3190E-08 1.3411E-08 1.3657E-08 1.4211E-08 1.5097E-08 1.6342E-08 1.8233E-08 2.1146E-08 2.5632E-08 3.2338E-08 4.2965E-08 6.7143E-08 1.1873E-07 2.7713E-07 3.2548E-07 2.6171E-07 2.1438E-07 1.8671E-07 1.7176E-07 1.6408E-07 1.5931E-07 1.5501E-07 1.5035E-07 1.4513E-07 1.3913E-07 1.3246E-07 1.2536E-07 1.1775E-07 1.0952E-07 1.0088E-07 9.2054E-08 8.3177E-08 7.4459E-08 6.6059E-08 5.7986E-08 5.0483E-08 4.3607E-08
8.5730E-09 8.7967E-09 9.0163E-09 9.2343E-09 9.4510E-09 9.6707E-09 9.8894E-09 1.0106E-08 1.0317E-08 1.0527E-08 1.0735E-08 1.0940E-08 1.1144E-08 1.1344E-08 1.1550E-08 1.1756E-08 1.1962E-08 1.2162E-08 1.2366E-08 1.2578E-08 1.2793E-08 1.3009E-08 1.3251E-08 1.3779E-08 1.4592E-08 1.5814E-08 1.7616E-08 2.0324E-08 2.4397E-08 3.0391E-08 3.9304E-08 5.2955E-08 7.5884E-08 1.3677E-07 1.8832E-07 1.8695E-07 1.7325E-07 1.6333E-07 1.5691E-07 1.5374E-07 1.5139E-07 1.4866E-07 1.4494E-07 1.4054E-07 1.3518E-07 1.2888E-07 1.2207E-07 1.1470E-07 1.0678E-07 9.8411E-08 8.9769E-08 8.1135E-08 7.2642E-08 6.4369E-08 5.6530E-08 4.9215E-08 4.2492E-08
8.3517E-09 8.5673E-09 8.7784E-09 8.9876E-09 9.1951E-09 9.4054E-09 9.6151E-09 9.8231E-09 1.0026E-08 1.0227E-08 1.0426E-08 1.0623E-08 1.0817E-08 1.1010E-08 1.1206E-08 1.1402E-08 1.1600E-08 1.1793E-08 1.1988E-08 1.2191E-08 1.2396E-08 1.2606E-08 1.2841E-08 1.3325E-08 1.4092E-08 1.5225E-08 1.6859E-08 1.9306E-08 2.2941E-08 2.8210E-08 3.5926E-08 4.7004E-08 6.6218E-08 9.8822E-08 1.2842E-07 1.3867E-07 1.4006E-07 1.3984E-07 1.4000E-07 1.4037E-07 1.4033E-07 1.3905E-07 1.3652E-07 1.3293E-07 1.2841E-07 1.2278E-07 1.1640E-07 1.0954E-07 1.0207E-07 9.4141E-08 8.5980E-08 7.7690E-08 6.9571E-08 6.1697E-08 5.4200E-08 4.7212E-08 4.0809E-08
8.1324E-09 8.3382E-09 8.5423E-09 8.7430E-09 8.9419E-09 9.1427E-09 9.3426E-09 9.5424E-09 9.7373E-09 9.9295E-09 1.0120E-08 1.0308E-08 1.0494E-08 1.0678E-08 1.0865E-08 1.1053E-08 1.1240E-08 1.1428E-08 1.1613E-08 1.1806E-08 1.2004E-08 1.2205E-08 1.2426E-08 1.2863E-08 1.3519E-08 1.4537E-08 1.6089E-08 1.8241E-08 2.1388E-08 2.5909E-08 3.2157E-08 4.1707E-08 5.5169E-08 7.7532E-08 9.7517E-08 1.0805E-07 1.1446E-07 1.1905E-07 1.2273E-07 1.2552E-07 1.2713E-07 1.2712E-07 1.2571E-07 1.2304E-07 1.1935E-07 1.1456E-07 1.0884E-07 1.0253E-07 9.5731E-08 8.8383E-08 8.0758E-08 7.3091E-08 6.5503E-08 5.8131E-08 5.1151E-08 4.4619E-08 3.8642E-08
7.9146E-09 8.1126E-09 8.3086E-09 8.5009E-09 8.6914E-09 8.8827E-09 9.0746E-09 9.2639E-09 9.4521E-09 9.6357E-09 9.8174E-09 9.9971E-09 1.0175E-08 1.0351E-08 1.0528E-08 1.0707E-08 1.0887E-08 1.1065E-08 1.1241E-08 1.1426E-08 1.1611E-08 1.1800E-08 1.2009E-08 1.2396E-08 1.3007E-08 1.3899E-08 1.5188E-08 1.7097E-08 1.9785E-08 2.3583E-08 2.8883E-08 3.6415E-08 4.6854E-08 6.2732E-08 7.7078E-08 8.6961E-08 9.4614E-08 1.0106E-07 1.0621E-07 1.1015E-07 1.1276E-07 1.1385E-07 1.1336E-07 1.1153E-07 1.0865E-07 1.0474E-07 9.9815E-08 9.4189E-08 8.8064E-08 8.1451E-08 7.4564E-08 6.7568E-08 6.0649E-08 5.3930E-08 4.7558E-08 4.1569E-08 3.6095E-08
7.6994E-09 7.8887E-09 8.0777E-09 8.2618E-09 8.4441E-09 8.6264E-09 8.8089E-09 8.9912E-09 9.1708E-09 9.3461E-09 9.5194E-09 9.6908E-09 9.8603E-09 1.0028E-08 1.0195E-08 1.0366E-08 1.0534E-08 1.0704E-08 1.0875E-08 1.1048E-08 1.1226E-08 1.1405E-08 1.1598E-08 1.1922E-08 1.2422E-08 1.3177E-08 1.4358E-08 1.5978E-08 1.8221E-08 2.1359E-08 2.5713E-08 3.1831E-08 4.0418E-08 5.1735E-08 6.2443E-08 7.1243E-08 7.8740E-08 8.5204E-08 9.0697E-08 9.5049E-08 9.8200E-08 1.0001E-07 1.0026E-07 9.9146E-08 9.6999E-08 9.3930E-08 8.9838E-08 8.4950E-08 7.9590E-08 7.3773E-08 6.7682E-08 6.1474E-08 5.5297E-08 4.9304E-08 4.3585E-08 3.8197E-08 3.3278E-08
7.4872E-09 7.6683E-09 7.8478E-09 8.0261E-09 8.2004E-09 8.3737E-09 8.5483E-09 8.7204E-09 8.8919E-09 9.0612E-09 9.2264E-09 9.3897E-09 9.5512E-09 9.7107E-09 9.8683E-09 1.0031E-08 1.0192E-08 1.0353E-08 1.0514E-08 1.0677E-08 1.0842E-08 1.1011E-08 1.1183E-08 1.1471E-08 1.1922E-08 1.2566E-08 1.3456E-08 1.4821E-08 1.6689E-08 1.9229E-08 2.2727E-08 2.7664E-08 3.4335E-08 4.3031E-08 5.1181E-08 5.8512E-08 6.5252E-08 7.1285E-08 7.6501E-08 8.0832E-08 8.4159E-08 8.6290E-08 8.7077E-08 8.6565E-08 8.5044E-08 8.2674E-08 7.9429E-08 7.5331E-08 7.0713E-08 6.5750E-08 6.0495E-08 5.5093E-08 4.9698E-08 4.4453E-08 3.9402E-08 3.4660E-08 3.0304E-08
7.2773E-09 7.4514E-09 7.6237E-09 7.7942E-09 7.9608E-09 8.1254E-09 8.2919E-09 8.4571E-09 8.6199E-09 8.7816E-09 8.9389E-09 9.0942E-09 9.2477E-09 9.3993E-09 9.5491E-09 9.7006E-09 9.8519E-09 1.0003E-08 1.0156E-08 1.0312E-08 1.0468E-08 1.0627E-08 1.0789E-08 1.1006E-08 1.1366E-08 1.1911E-08 1.2683E-08 1.3780E-08 1.5308E-08 1.7336E-08 2.0062E-08 2.4036E-08 2.9156E-08 3.5824E-08 4.2227E-08 4.8237E-08 5.3906E-08 5.9185E-08 6.3859E-08 6.7813E-08 7.1037E-08 7.3293E-08 7.4409E-08 7.4351E-08 7.3342E-08 7.1560E-08 6.9073E-08 6.5745E-08 6.1892E-08 5.7745E-08 5.3297E-08 4.8688E-08 4.4078E-08 3.9554E-08 3.5182E-08 3.1090E-08 2.7276E-08
7.0722E-09 7.2374E-09 7.4015E-09 7.5642E-09 7.7256E-09 7.8827E-09 8.0402E-09 8.1967E-09 8.3524E-09 8.5060E-09 8.6571E-09 8.8047E-09 8.9505E-09 9.0943E-09 9.2361E-09 9.3793E-09 9.5225E-09 9.6653E-09 9.8083E-09 9.9524E-09 1.0099E-08 1.0247E-08 1.0395E-08 1.0579E-08 1.0894E-08 1.1343E-08 1.1943E-08 1.2773E-08 1.3994E-08 1.5611E-08 1.7719E-08 2.0904E-08 2.4807E-08 2.9824E-08 3.4778E-08 3.9642E-08 4.4349E-08 4.8755E-08 5.2769E-08 5.6284E-08 5.9207E-08 6.1414E-08 6.2679E-08 6.2932E-08 6.2326E-08 6.1031E-08 5.9151E-08 5.6569E-08 5.3452E-08 5.0029E-08 4.6341E-08 4.2497E-08 3.8617E-08 3.4777E-08 3.1079E-08 2.7583E-08 2.4307E-08
6.8694E-09 7.0287E-09 7.1856E-09 7.3410E-09 7.4950E-09 7.6449E-09 7.7947E-09 7.9437E-09 8.0910E-09 8.2368E-09 8.3815E-09 8.5216E-09 8.6597E-09 8.7958E-09 8.9299E-09 9.0621E-09 9.1974E-09 9.3312E-09 9.4648E-09 9.5992E-09 9.7387E-09 9.8756E-09 1.0015E-08 1.0156E-08 1.0396E-08 1.0752E-08 1.1272E-08 1.1929E-08 1.2864E-08 1.4109E-08 1.5749E-08 1.8175E-08 2.1405E-08 2.5007E-08 2.8758E-08 3.2560E-08 3.6366E-08 3.9981E-08 4.3329E-08 4.6335E-08 4.8888E-08 5.0882E-08 5.2148E-08 5.2594E-08 5.2303E-08 5.1396E-08 5.0001E-08 4.8067E-08 4.5600E-08 4.2828E-08 3.9833E-08 3.6683E-08 3.3462E-08 3.0272E-08 2.7192E-08 2.4239E-08 2.1485E-08
6.6713E-09 6.8223E-09 6.9723E-09 7.1207E-09 7.2670E-09 7.4123E-09 7.5531E-09 7.6953E-09 7.8360E-09 7.9745E-09 8.1094E-09 8.2449E-09 8.3757E-09 8.5043E-09 8.6309E-09 8.7554E-09 8.8819E-09 9.0078E-09 9.1332E-09 9.2585E-09 9.3816E-09 9.5139E-09 9.6379E-09 9.7682E-09 9.9489E-09 1.0252E-08 1.0645E-08 1.1166E-08 1.1855E-08 1.2789E-08 1.4040E-08 1.5943E-08 1.8313E-08 2.1010E-08 2.3896E-08 2.6878E-08 2.9864E-08 3.2737E-08 3.5456E-08 3.7919E-08 4.0054E-08 4.1770E-08 4.2964E-08 4.3514E-08 4.3439E-08 4.2836E-08 4.1816E-08 4.0382E-08 3.8493E-08 3.6300E-08 3.3911E-08 3.1357E-08 2.8737E-08 2.6140E-08 2.3590E-08 2.1138E-08 1.8870E-08
