Assets/Resources/2015_m01_d07_2100(utc+0800)_l00_csi_1hr_conc.grd
DSAA
         159         159
     -79.000      79.000
     -79.000      79.000
  0.0000E+00  0.2616E-04
[rows 25 to 49 of 159, columns 57 to 113 of 159]
1.1603E-08 1.1831E-08 1.2024E-08 1.2185E-08 1.2314E-08 1.2413E-08 1.2481E-08 1.2522E-08 1.2534E-08 1.2520E-08 1.2481E-08 1.2418E-08 1.2332E-08 1.2226E-08 1.2101E-08 1.1960E-08 1.1806E-08 1.1639E-08 1.1462E-08 1.1275E-08 1.1082E-08 1.0883E-08 1.0678E-08 1.0471E-08 1.0260E-08 1.0048E-08 9.8353E-09 9.6196E-09 9.4056E-09 9.1916E-09 8.9817E-09 8.7738E-09 8.5673E-09 8.3662E-09 8.1679E-09 7.9710E-09 7.7780E-09 7.5899E-09 7.4053E-09 7.2229E-09 7.0448E-09 6.8715E-09 6.6771E-09 6.5107E-09 6.3474E-09 6.1427E-09 5.9900E-09 5.8404E-09 5.6723E-09 5.5110E-09 5.3736E-09 5.2394E-09 5.0892E-09 4.9612E-09 4.8353E-09 4.7120E-09 4.5909E-09
1.1992E-08 1.2229E-08 1.2429E-08 1.2595E-08 1.2726E-08 1.2826E-08 1.2895E-08 1.2933E-08 1.2944E-08 1.2926E-08 1.2882E-08 1.2814E-08 1.2721E-08 1.2607E-08 1.2474E-08 1.2323E-08 1.2157E-08 1.1979E-08 1.1790E-08 1.1592E-08 1.1386E-08 1.1175E-08 1.0959E-08 1.0740E-08 1.0518E-08 1.0294E-08 1.0070E-08 9.8443E-09 9.6184E-09 9.3952E-09 9.1736E-09 8.9572E-09 8.7421E-09 8.5309E-09 8.3253E-09 8.1223E-09 7.9216E-09 7.7251E-09 7.5345E-09 7.3474E-09 7.1619E-09 6.9812E-09 6.7818E-09 6.6106E-09 6.4429E-09 6.2554E-09 6.0748E-09 5.9204E-09 5.7697E-09 5.5823E-09 5.4418E-09 5.3044E-09 5.1504E-09 5.0199E-09 4.8918E-09 4.7656E-09 4.6424E-09
1.2396E-08 1.2642E-08 1.2851E-08 1.3021E-08 1.3158E-08 1.3258E-08 1.3327E-08 1.3364E-08 1.3369E-08 1.3348E-08 1.3298E-08 1.3224E-08 1.3125E-08 1.3003E-08 1.2861E-08 1.2699E-08 1.2522E-08 1.2332E-08 1.2130E-08 1.1919E-08 1.1701E-08 1.1477E-08 1.1248E-08 1.1016E-08 1.0782E-08 1.0547E-08 1.0311E-08 1.0076E-08 9.8395E-09 9.6042E-09 9.3712E-09 9.1427E-09 8.9197E-09 8.6986E-09 8.4837E-09 8.2732E-09 8.0642E-09 7.8608E-09 7.6615E-09 7.4689E-09 7.2793E-09 7.0922E-09 6.9096E-09 6.7087E-09 6.5358E-09 6.3666E-09 6.1577E-09 5.9996E-09 5.8442E-09 5.6519E-09 5.5082E-09 5.3675E-09 5.2101E-09 5.0769E-09 4.9460E-09 4.8179E-09 4.6920E-09
1.2810E-08 1.3067E-08 1.3284E-08 1.3460E-08 1.3598E-08 1.3701E-08 1.3767E-08 1.3802E-08 1.3804E-08 1.3778E-08 1.3725E-08 1.3644E-08 1.3538E-08 1.3409E-08 1.3257E-08 1.3085E-08 1.2897E-08 1.2693E-08 1.2479E-08 1.2255E-08 1.2023E-08 1.1785E-08 1.1542E-08 1.1296E-08 1.1048E-08 1.0800E-08 1.0551E-08 1.0304E-08 1.0058E-08 9.8128E-09 9.5696E-09 9.3302E-09 9.0955E-09 8.8665E-09 8.6408E-09 8.4223E-09 8.2078E-09 7.9958E-09 7.7892E-09 7.5886E-09 7.3935E-09 7.2009E-09 7.0127E-09 6.8049E-09 6.6274E-09 6.4532E-09 6.2613E-09 6.0767E-09 5.9167E-09 5.7628E-09 5.5731E-09 5.4289E-09 5.2885E-09 5.1320E-09 4.9985E-09 4.8681E-09 4.7400E-09
1.3237E-08 1.3504E-08 1.3728E-08 1.3911E-08 1.4053E-08 1.4157E-08 1.4225E-08 1.4256E-08 1.4256E-08 1.4223E-08 1.4162E-08 1.4074E-08 1.3959E-08 1.3820E-08 1.3658E-08 1.3476E-08 1.3275E-08 1.3060E-08 1.2832E-08 1.2595E-08 1.2350E-08 1.2098E-08 1.1841E-08 1.1582E-08 1.1321E-08 1.1059E-08 1.0797E-08 1.0536E-08 1.0278E-08 1.0022E-08 9.7671E-09 9.5180E-09 9.2734E-09 9.0347E-09 8.8000E-09 8.5702E-09 8.3484E-09 8.1301E-09 7.9159E-09 7.7071E-09 7.5053E-09 7.3079E-09 7.1137E-09 6.9242E-09 6.7167E-09 6.5368E-09 6.3627E-09 6.1507E-09 5.9875E-09 5.8290E-09 5.6353E-09 5.4885E-09 5.3449E-09 5.1852E-09 5.0491E-09 4.9159E-09 4.7860E-09
1.3674E-08 1.3951E-08 1.4185E-08 1.4376E-08 1.4523E-08 1.4628E-08 1.4693E-08 1.4722E-08 1.4716E-08 1.4679E-08 1.4610E-08 1.4514E-08 1.4391E-08 1.4242E-08 1.4070E-08 1.3877E-08 1.3665E-08 1.3437E-08 1.3196E-08 1.2944E-08 1.2685E-08 1.2417E-08 1.2146E-08 1.1871E-08 1.1596E-08 1.1320E-08 1.1044E-08 1.0771E-08 1.0500E-08 1.0233E-08 9.9684E-09 9.7062E-09 9.4510E-09 9.2014E-09 8.9586E-09 8.7203E-09 8.4875E-09 8.2624E-09 8.0404E-09 7.8251E-09 7.6148E-09 7.4111E-09 7.2117E-09 7.0167E-09 6.8038E-09 6.6194E-09 6.4393E-09 6.2220E-09 6.0561E-09 5.8936E-09 5.6950E-09 5.5459E-09 5.3990E-09 5.2362E-09 5.0980E-09 4.9620E-09 4.8298E-09
1.4122E-08 1.4412E-08 1.4654E-08 1.4850E-08 1.5001E-08 1.5109E-08 1.5174E-08 1.5203E-08 1.5193E-08 1.5151E-08 1.5077E-08 1.4971E-08 1.4837E-08 1.4676E-08 1.4493E-08 1.4288E-08 1.4064E-08 1.3825E-08 1.3571E-08 1.3305E-08 1.3029E-08 1.2748E-08 1.2460E-08 1.2170E-08 1.1878E-08 1.1586E-08 1.1295E-08 1.1008E-08 1.0723E-08 1.0443E-08 1.0169E-08 9.8969E-09 9.6295E-09 9.3693E-09 9.1157E-09 8.8681E-09 8.6272E-09 8.3928E-09 8.1638E-09 7.9392E-09 7.7232E-09 7.5118E-09 7.3066E-09 7.1062E-09 6.8876E-09 6.6994E-09 6.5135E-09 6.3137E-09 6.1212E-09 5.9556E-09 5.7961E-09 5.6006E-09 5.4513E-09 5.3053E-09 5.1443E-09 5.0062E-09 4.8714E-09
1.4582E-08 1.4882E-08 1.5134E-08 1.5339E-08 1.5497E-08 1.5608E-08 1.5675E-08 1.5700E-08 1.5687E-08 1.5636E-08 1.5554E-08 1.5437E-08 1.5291E-08 1.5120E-08 1.4924E-08 1.4708E-08 1.4473E-08 1.4220E-08 1.3953E-08 1.3672E-08 1.3382E-08 1.3084E-08 1.2781E-08 1.2474E-08 1.2166E-08 1.1858E-08 1.1552E-08 1.1248E-08 1.0950E-08 1.0656E-08 1.0368E-08 1.0086E-08 9.8081E-09 9.5368E-09 9.2733E-09 9.0153E-09 8.7649E-09 8.5208E-09 8.2853E-09 8.0532E-09 7.8273E-09 7.6113E-09 7.3990E-09 7.1915E-09 6.9928E-09 6.7758E-09 6.5855E-09 6.4031E-09 6.1829E-09 6.0148E-09 5.8520E-09 5.6525E-09 5.5008E-09 5.3524E-09 5.1882E-09 5.0481E-09 4.9108E-09
1.5049E-08 1.5362E-08 1.5625E-08 1.5837E-08 1.6000E-08 1.6113E-08 1.6181E-08 1.6203E-08 1.6185E-08 1.6130E-08 1.6037E-08 1.5912E-08 1.5755E-08 1.5572E-08 1.5365E-08 1.5137E-08 1.4890E-08 1.4624E-08 1.4342E-08 1.4047E-08 1.3740E-08 1.3425E-08 1.3105E-08 1.2781E-08 1.2456E-08 1.2132E-08 1.1810E-08 1.1492E-08 1.1178E-08 1.0871E-08 1.0569E-08 1.0276E-08 9.9868E-09 9.7030E-09 9.4284E-09 9.1617E-09 8.9006E-09 8.6477E-09 8.4026E-09 8.1647E-09 7.9303E-09 7.7058E-09 7.4889E-09 7.2745E-09 7.0696E-09 6.8479E-09 6.6556E-09 6.4673E-09 6.2421E-09 6.0707E-09 5.9048E-09 5.7018E-09 5.5476E-09 5.3966E-09 5.2298E-09 5.0875E-09 4.9481E-09
1.5525E-08 1.5851E-08 1.6125E-08 1.6344E-08 1.6512E-08 1.6630E-08 1.6700E-08 1.6724E-08 1.6703E-08 1.6640E-08 1.6537E-08 1.6399E-08 1.6232E-08 1.6035E-08 1.5816E-08 1.5576E-08 1.5316E-08 1.5037E-08 1.4741E-08 1.4431E-08 1.4109E-08 1.3778E-08 1.3440E-08 1.3100E-08 1.2758E-08 1.2415E-08 1.2074E-08 1.1738E-08 1.1408E-08 1.1086E-08 1.0772E-08 1.0463E-08 1.0164E-08 9.8699E-09 9.5816E-09 9.3049E-09 9.0354E-09 8.7719E-09 8.5186E-09 8.2727E-09 8.0317E-09 7.7977E-09 7.5749E-09 7.3561E-09 7.1430E-09 6.9167E-09 6.7210E-09 6.5287E-09 6.2975E-09 6.1232E-09 5.9541E-09 5.7698E-09 5.5917E-09 5.4380E-09 5.2687E-09 5.1243E-09 4.9828E-09
1.6009E-08 1.6347E-08 1.6631E-08 1.6860E-08 1.7036E-08 1.7159E-08 1.7230E-08 1.7252E-08 1.7228E-08 1.7156E-08 1.7044E-08 1.6896E-08 1.6716E-08 1.6510E-08 1.6278E-08 1.6025E-08 1.5750E-08 1.5457E-08 1.5146E-08 1.4819E-08 1.4481E-08 1.4133E-08 1.3777E-08 1.3418E-08 1.3058E-08 1.2698E-08 1.2342E-08 1.1989E-08 1.1643E-08 1.1304E-08 1.0973E-08 1.0652E-08 1.0338E-08 1.0034E-08 9.7348E-09 9.4450E-09 9.1670E-09 8.8951E-09 8.6305E-09 8.3775E-09 8.1303E-09 7.8882E-09 7.6564E-09 7.4334E-09 7.2145E-09 7.0055E-09 6.7818E-09 6.5871E-09 6.3977E-09 6.1719E-09 5.9999E-09 5.8348E-09 5.6326E-09 5.4769E-09 5.3250E-09 5.1584E-09 5.0149E-09
1.6494E-08 1.6847E-08 1.7145E-08 1.7383E-08 1.7564E-08 1.7691E-08 1.7764E-08 1.7786E-08 1.7758E-08 1.7681E-08 1.7561E-08 1.7404E-08 1.7212E-08 1.6995E-08 1.6752E-08 1.6485E-08 1.6198E-08 1.5889E-08 1.5563E-08 1.5221E-08 1.4866E-08 1.4500E-08 1.4127E-08 1.3747E-08 1.3366E-08 1.2988E-08 1.2612E-08 1.2243E-08 1.1880E-08 1.1526E-08 1.1178E-08 1.0844E-08 1.0512E-08 1.0195E-08 9.8859E-09 9.5833E-09 9.2936E-09 9.0149E-09 8.7414E-09 8.4783E-09 8.2250E-09 7.9766E-09 7.7357E-09 7.5053E-09 7.2836E-09 7.0680E-09 6.8379E-09 6.6404E-09 6.4487E-09 6.2179E-09 6.0423E-09 5.8747E-09 5.6700E-09 5.5126E-09 5.3584E-09 5.1894E-09 5.0445E-09
1.6987E-08 1.7354E-08 1.7661E-08 1.7908E-08 1.8097E-08 1.8230E-08 1.8307E-08 1.8329E-08 1.8295E-08 1.8212E-08 1.8085E-08 1.7917E-08 1.7720E-08 1.7492E-08 1.7237E-08 1.6954E-08 1.6649E-08 1.6324E-08 1.5980E-08 1.5621E-08 1.5249E-08 1.4865E-08 1.4474E-08 1.4078E-08 1.3680E-08 1.3282E-08 1.2888E-08 1.2499E-08 1.2119E-08 1.1747E-08 1.1386E-08 1.1061E-08 1.0696E-08 1.0354E-08 1.0034E-08 9.7214E-09 9.4173E-09 9.1292E-09 8.8494E-09 8.5765E-09 8.3156E-09 8.0608E-09 7.8137E-09 7.5745E-09 7.3467E-09 7.1278E-09 6.8907E-09 6.6894E-09 6.4947E-09 6.2609E-09 6.0811E-09 5.9110E-09 5.7036E-09 5.5449E-09 5.3887E-09 5.2174E-09 5.0709E-09
1.7474E-08 1.7856E-08 1.8176E-08 1.8436E-08 1.8633E-08 1.8770E-08 1.8849E-08 1.8867E-08 1.8830E-08 1.8744E-08 1.8612E-08 1.8438E-08 1.8230E-08 1.7990E-08 1.7720E-08 1.7424E-08 1.7102E-08 1.6761E-08 1.6403E-08 1.6029E-08 1.5642E-08 1.5242E-08 1.4832E-08 1.4417E-08 1.4000E-08 1.3583E-08 1.3170E-08 1.2763E-08 1.2365E-08 1.1974E-08 1.1598E-08 1.1289E-08 1.0936E-08 1.0544E-08 1.0177E-08 9.8556E-09 9.5419E-09 9.2390E-09 8.9520E-09 8.6723E-09 8.4019E-09 8.1422E-09 7.8868E-09 7.6406E-09 7.4063E-09 7.1822E-09 6.9416E-09 6.7341E-09 6.5370E-09 6.2996E-09 6.1171E-09 5.9437E-09 5.7336E-09 5.5733E-09 5.4158E-09 5.2424E-09 5.0941E-09
1.7961E-08 1.8362E-08 1.8695E-08 1.8964E-08 1.9170E-08 1.9314E-08 1.9393E-08 1.9412E-08 1.9375E-08 1.9284E-08 1.9146E-08 1.8967E-08 1.8751E-08 1.8503E-08 1.8222E-08 1.7914E-08 1.7579E-08 1.7219E-08 1.6842E-08 1.6448E-08 1.6041E-08 1.5622E-08 1.5194E-08 1.4759E-08 1.4324E-08 1.3887E-08 1.3454E-08 1.3029E-08 1.2611E-08 1.2205E-08 1.1836E-08 1.1536E-08 1.1191E-08 1.0761E-08 1.0362E-08 9.9859E-09 9.6627E-09 9.3497E-09 9.0498E-09 8.7629E-09 8.4849E-09 8.2168E-09 7.9588E-09 7.7043E-09 7.4621E-09 7.2326E-09 7.0127E-09 6.7761E-09 6.5733E-09 6.3566E-09 6.1488E-09 5.9722E-09 5.7599E-09 5.5978E-09 5.4391E-09 5.2641E-09 5.1143E-09
1.8451E-08 1.8861E-08 1.9207E-08 1.9488E-08 1.9703E-08 1.9851E-08 1.9934E-08 1.9952E-08 1.9912E-08 1.9819E-08 1.9680E-08 1.9500E-08 1.9281E-08 1.9021E-08 1.8726E-08 1.8399E-08 1.8046E-08 1.7671E-08 1.7274E-08 1.6863E-08 1.6437E-08 1.6002E-08 1.5558E-08 1.5106E-08 1.4651E-08 1.4196E-08 1.3744E-08 1.3298E-08 1.2863E-08 1.2524E-08 1.2242E-08 1.1818E-08 1.1467E-08 1.1010E-08 1.0570E-08 1.0157E-08 9.7808E-09 9.4584E-09 9.1467E-09 8.8489E-09 8.5633E-09 8.2872E-09 8.0223E-09 7.7650E-09 7.5141E-09 7.2778E-09 7.0531E-09 6.8136E-09 6.6055E-09 6.4084E-09 6.1766E-09 5.9978E-09 5.8039E-09 5.6187E-09 5.4584E-09 5.2820E-09 5.1312E-09
1.8933E-08 1.9355E-08 1.9714E-08 2.0006E-08 2.0234E-08 2.0386E-08 2.0468E-08 2.0488E-08 2.0451E-08 2.0358E-08 2.0223E-08 2.0037E-08 1.9807E-08 1.9537E-08 1.9229E-08 1.8891E-08 1.8525E-08 1.8136E-08 1.7723E-08 1.7292E-08 1.6849E-08 1.6393E-08 1.5929E-08 1.5458E-08 1.4984E-08 1.4509E-08 1.4038E-08 1.3573E-08 1.3138E-08 1.2821E-08 1.2546E-08 1.2130E-08 1.1763E-08 1.1268E-08 1.0802E-08 1.0366E-08 9.9331E-09 9.5618E-09 9.2414E-09 8.9334E-09 8.6382E-09 8.3529E-09 8.0805E-09 7.8176E-09 7.5634E-09 7.3183E-09 7.0892E-09 6.8465E-09 6.6357E-09 6.4338E-09 6.1991E-09 6.0195E-09 5.8440E-09 5.6354E-09 5.4741E-09 5.3163E-09 5.1444E-09
1.9407E-08 1.9843E-08 2.0213E-08 2.0520E-08 2.0752E-08 2.0907E-08 2.0999E-08 2.1022E-08 2.0989E-08 2.0899E-08 2.0758E-08 2.0571E-08 2.0337E-08 2.0063E-08 1.9745E-08 1.9391E-08 1.9008E-08 1.8598E-08 1.8169E-08 1.7720E-08 1.7261E-08 1.6790E-08 1.6309E-08 1.5821E-08 1.5329E-08 1.4837E-08 1.4345E-08 1.3862E-08 1.3444E-08 1.3142E-08 1.2895E-08 1.2683E-08 1.2103E-08 1.1536E-08 1.1039E-08 1.0576E-08 1.0140E-08 9.6919E-09 9.3298E-09 9.0133E-09 8.7092E-09 8.4183E-09 8.1346E-09 7.8644E-09 7.6069E-09 7.3573E-09 7.1213E-09 6.8740E-09 6.6614E-09 6.4552E-09 6.2166E-09 6.0364E-09 5.8595E-09 5.6479E-09 5.4857E-09 5.3267E-09 5.1537E-09
1.9869E-08 2.0324E-08 2.0706E-08 2.1019E-08 2.1257E-08 2.1423E-08 2.1517E-08 2.1550E-08 2.1518E-08 2.1436E-08 2.1296E-08 2.1109E-08 2.0868E-08 2.0582E-08 2.0253E-08 1.9887E-08 1.9489E-08 1.9071E-08 1.8630E-08 1.8167E-08 1.7687E-08 1.7195E-08 1.6694E-08 1.6186E-08 1.5675E-08 1.5165E-08 1.4657E-08 1.4159E-08 1.3774E-08 1.3564E-08 1.3481E-08 1.3117E-08 1.2477E-08 1.1874E-08 1.1291E-08 1.0790E-08 1.0333E-08 9.8885E-09 9.4311E-09 9.0863E-09 8.7753E-09 8.4763E-09 8.1891E-09 7.9092E-09 7.6438E-09 7.3910E-09 7.1484E-09 6.8972E-09 6.6813E-09 6.4736E-09 6.2305E-09 6.0475E-09 5.8707E-09 5.6563E-09 5.4931E-09 5.3333E-09 5.1591E-09
2.0320E-08 2.0787E-08 2.1183E-08 2.1504E-08 2.1748E-08 2.1926E-08 2.2028E-08 2.2068E-08 2.2045E-08 2.1968E-08 2.1829E-08 2.1635E-08 2.1390E-08 2.1096E-08 2.0764E-08 2.0399E-08 1.9990E-08 1.9553E-08 1.9092E-08 1.8611E-08 1.8114E-08 1.7602E-08 1.7084E-08 1.6558E-08 1.6029E-08 1.5499E-08 1.4974E-08 1.4481E-08 1.4153E-08 1.4406E-08 1.3983E-08 1.3600E-08 1.2898E-08 1.2231E-08 1.1624E-08 1.1023E-08 1.0523E-08 1.0078E-08 9.6096E-09 9.1601E-09 8.8343E-09 8.5286E-09 8.2337E-09 7.9519E-09 7.6784E-09 7.4196E-09 7.1731E-09 6.9148E-09 6.6964E-09 6.4860E-09 6.2394E-09 6.0542E-09 5.8769E-09 5.6613E-09 5.4962E-09 5.3356E-09 5.1608E-09
2.0748E-08 2.1232E-08 2.1642E-08 2.1968E-08 2.2226E-08 2.2412E-08 2.2525E-08 2.2579E-08 2.2564E-08 2.2487E-08 2.2350E-08 2.2159E-08 2.1914E-08 2.1624E-08 2.1283E-08 2.0900E-08 2.0481E-08 2.0032E-08 1.9562E-08 1.9068E-08 1.8555E-08 1.8027E-08 1.7487E-08 1.6942E-08 1.6391E-08 1.5842E-08 1.5301E-08 1.5058E-08 1.4931E-08 1.4978E-08 1.4560E-08 1.4175E-08 1.3360E-08 1.2632E-08 1.1968E-08 1.1338E-08 1.0726E-08 1.0238E-08 9.7960E-09 9.3029E-09 8.8982E-09 8.5780E-09 8.2733E-09 7.9850E-09 7.7083E-09 7.4440E-09 7.1930E-09 6.9284E-09 6.7065E-09 6.4942E-09 6.2445E-09 6.0565E-09 5.8778E-09 5.6620E-09 5.4953E-09 5.3338E-09 5.1584E-09
2.1154E-08 2.1656E-08 2.2074E-08 2.2423E-08 2.2688E-08 2.2880E-08 2.3011E-08 2.3074E-08 2.3068E-08 2.3002E-08 2.2869E-08 2.2684E-08 2.2437E-08 2.2137E-08 2.1790E-08 2.1404E-08 2.0983E-08 2.0524E-08 2.0037E-08 1.9526E-08 1.8995E-08 1.8451E-08 1.7893E-08 1.7328E-08 1.6760E-08 1.6193E-08 1.5674E-08 1.5458E-08 1.5413E-08 1.5605E-08 1.5762E-08 1.4818E-08 1.3934E-08 1.3072E-08 1.2336E-08 1.1673E-08 1.1018E-08 1.0400E-08 9.9381E-09 9.4907E-09 9.0175E-09 8.6297E-09 8.3147E-09 8.0132E-09 7.7303E-09 7.4635E-09 7.2091E-09 6.9399E-09 6.7107E-09 6.5549E-09 6.2668E-09 6.0534E-09 5.8743E-09 5.6577E-09 5.4900E-09 5.3279E-09 5.1518E-09
2.1531E-08 2.2049E-08 2.2492E-08 2.2849E-08 2.3133E-08 2.3340E-08 2.3480E-08 2.3553E-08 2.3563E-08 2.3499E-08 2.3378E-08 2.3189E-08 2.2941E-08 2.2647E-08 2.2300E-08 2.1908E-08 2.1476E-08 2.1010E-08 2.0513E-08 1.9991E-08 1.9451E-08 1.8891E-08 1.8318E-08 1.7734E-08 1.7147E-08 1.6562E-08 1.6038E-08 1.5895E-08 1.5977E-08 1.6814E-08 1.6550E-08 1.5560E-08 1.4562E-08 1.3638E-08 1.2746E-08 1.2012E-08 1.1350E-08 1.0657E-08 1.0083E-08 9.6301E-09 9.1998E-09 8.7419E-09 8.3524E-09 8.0454E-09 7.7490E-09 7.4751E-09 7.2169E-09 6.9470E-09 6.8252E-09 6.5571E-09 6.2633E-09 6.0465E-09 5.8656E-09 5.6493E-09 5.4803E-09 5.3176E-09 5.1411E-09
2.1876E-08 2.2419E-08 2.2874E-08 2.3253E-08 2.3548E-08 2.3771E-08 2.3930E-08 2.4013E-08 2.4036E-08 2.3982E-08 2.3861E-08 2.3680E-08 2.3442E-08 2.3145E-08 2.2796E-08 2.2403E-08 2.1974E-08 2.1508E-08 2.1005E-08 2.0472E-08 1.9916E-08 1.9340E-08 1.8749E-08 1.8150E-08 1.7545E-08 1.6945E-08 1.6429E-08 1.6447E-08 1.7911E-08 1.7682E-08 1.7442E-08 1.6343E-08 1.5282E-08 1.4253E-08 1.3281E-08 1.2376E-08 1.1657E-08 1.0980E-08 1.0314E-08 9.7655E-09 9.3267E-09 8.9137E-09 8.4632E-09 8.0689E-09 7.7694E-09 7.4833E-09 7.4871E-09 7.1347E-09 6.8288E-09 6.5565E-09 6.2572E-09 6.0354E-09 5.8519E-09 5.6355E-09 5.4667E-09 5.3026E-09 5.1263E-09
2.2183E-08 2.2739E-08 2.3220E-08 2.3613E-08 2.3929E-08 2.4178E-08 2.4346E-08 2.4449E-08 2.4476E-08 2.4433E-08 2.4332E-08 2.4158E-08 2.3921E-08 2.3628E-08 2.3294E-08 2.2905E-08 2.2472E-08 2.1999E-08 2.1491E-08 2.0952E-08 2.0385E-08 1.9797E-08 1.9192E-08 1.8577E-08 1.7959E-08 1.7347E-08 1.6887E-08 1.7957E-08 1.8835E-08 1.8680E-08 1.8457E-08 1.7236E-08 1.6048E-08 1.4927E-08 1.3895E-08 1.2872E-08 1.1987E-08 1.1280E-08 1.0629E-08 9.9873E-09 9.4460E-09 9.0217E-09 8.6130E-09 8.1690E-09 7.8247E-09 7.8871E-09 7.5000E-09 7.1331E-09 6.8225E-09 6.5462E-09 6.2429E-09 6.0190E-09 5.8343E-09 5.6165E-09 5.4485E-09 5.2833E-09 5.1070E-09
