Assets/Resources/2015_m01_d18_0700(utc+0800)_l00_csi_1hr_conc.grd
DSAA
         159         159
     -79.000      79.000
     -79.000      79.000
  0.5150E-10  0.3909E-05
[rows 75 to 99 of 159, columns 57 to 113 of 159]
2.3324E-09 2.3987E-09 2.4654E-09 2.5334E-09 2.6014E-09 2.6705E-09 2.7403E-09 2.8099E-09 2.8806E-09 2.9509E-09 3.0221E-09 3.0930E-09 3.1646E-09 3.2356E-09 3.3073E-09 3.3784E-09 3.4499E-09 3.5208E-09 3.5920E-09 3.6623E-09 3.7322E-09 3.8022E-09 3.8711E-09 3.9399E-09 4.0075E-09 4.0743E-09 4.1403E-09 4.2060E-09 4.2696E-09 4.3334E-09 4.3955E-09 4.4559E-09 4.5162E-09 4.5741E-09 4.6318E-09 4.6876E-09 4.7411E-09 4.7936E-09 4.8444E-09 4.8940E-09 4.9402E-09 4.9855E-09 5.0277E-09 5.0687E-09 5.1084E-09 5.1455E-09 5.1808E-09 5.2143E-09 5.2445E-09 5.2736E-09 5.2995E-09 5.3221E-09 5.3418E-09 5.3569E-09 5.3712E-09 5.3810E-09 5.3897E-09
2.3469E-09 2.4129E-09 2.4808E-09 2.5493E-09 2.6179E-09 2.6877E-09 2.7574E-09 2.8283E-09 2.8990E-09 2.9705E-09 3.0418E-09 3.1138E-09 3.1855E-09 3.2578E-09 3.3297E-09 3.4020E-09 3.4737E-09 3.5458E-09 3.6171E-09 3.6887E-09 3.7594E-09 3.8372E-09 3.9236E-09 3.9686E-09 4.0375E-09 4.1051E-09 4.1714E-09 4.2380E-09 4.3036E-09 4.3671E-09 4.4301E-09 4.4919E-09 4.5526E-09 4.6127E-09 4.6701E-09 4.7266E-09 4.7814E-09 4.8345E-09 4.8857E-09 4.9355E-09 4.9830E-09 5.0280E-09 5.0720E-09 5.1143E-09 5.1542E-09 5.1927E-09 5.2281E-09 5.2624E-09 5.2948E-09 5.3227E-09 5.3462E-09 5.3681E-09 5.3863E-09 5.4028E-09 5.4155E-09 5.4278E-09 5.4368E-09
2.3595E-09 2.4266E-09 2.4949E-09 2.5634E-09 2.6332E-09 2.7029E-09 2.7739E-09 2.8453E-09 2.9165E-09 2.9886E-09 3.0606E-09 3.1332E-09 3.2055E-09 3.2784E-09 3.3509E-09 3.4239E-09 3.4963E-09 3.5690E-09 3.6410E-09 3.7128E-09 7.3483E-09 2.3511E-08 4.3031E-08 3.2471E-08 1.2205E-08 4.4242E-09 4.2660E-09 4.2680E-09 4.3345E-09 4.3994E-09 4.4627E-09 4.5261E-09 4.5876E-09 4.6477E-09 4.7063E-09 4.7626E-09 4.8179E-09 4.8725E-09 4.9243E-09 4.9738E-09 5.0224E-09 5.0689E-09 5.1127E-09 5.1568E-09 5.1982E-09 5.2364E-09 5.2740E-09 5.3069E-09 5.3368E-09 5.3624E-09 5.3874E-09 5.4076E-09 5.4270E-09 5.4432E-09 5.4590E-09 5.4712E-09 5.4816E-09
2.3709E-09 2.4390E-09 2.5073E-09 2.5769E-09 2.6465E-09 2.7175E-09 2.7889E-09 2.8603E-09 2.9326E-09 3.0047E-09 3.0778E-09 3.1505E-09 3.2239E-09 3.2969E-09 3.3705E-09 3.4435E-09 3.5170E-09 3.5898E-09 3.6629E-09 3.7468E-09 2.7170E-08 1.4099E-07 2.9478E-07 2.3650E-07 7.9551E-08 1.9182E-08 7.5413E-09 5.9851E-09 4.7667E-09 4.5802E-09 4.5928E-09 4.5884E-09 4.6253E-09 4.6797E-09 4.7388E-09 4.7965E-09 4.8523E-09 4.9065E-09 4.9595E-09 5.0104E-09 5.0587E-09 5.1062E-09 5.1530E-09 5.1960E-09 5.2385E-09 5.2774E-09 5.3110E-09 5.3430E-09 5.3716E-09 5.3983E-09 5.4215E-09 5.4443E-09 5.4640E-09 5.4829E-09 5.4987E-09 5.5128E-09 5.5246E-09
2.3818E-09 2.4498E-09 2.5191E-09 2.5891E-09 2.6593E-09 2.7306E-09 2.8020E-09 2.8744E-09 2.9467E-09 3.0200E-09 3.0929E-09 3.1666E-09 3.2405E-09 3.3141E-09 3.3877E-09 3.4618E-09 3.5353E-09 3.6092E-09 3.6824E-09 3.8200E-09 6.5874E-08 3.8975E-07 8.9968E-07 6.2395E-07 2.6837E-07 9.6749E-08 3.6684E-08 1.2462E-08 9.1215E-09 7.1192E-09 5.9441E-09 5.1746E-09 4.9254E-09 4.7813E-09 4.7866E-09 4.8285E-09 4.8839E-09 4.9389E-09 4.9923E-09 5.0434E-09 5.0934E-09 5.1421E-09 5.1888E-09 5.2322E-09 5.2718E-09 5.3074E-09 5.3422E-09 5.3725E-09 5.4006E-09 5.4286E-09 5.4548E-09 5.4775E-09 5.4999E-09 5.5193E-09 5.5365E-09 5.5519E-09 5.5656E-09
2.3908E-09 2.4598E-09 2.5295E-09 2.5994E-09 2.6706E-09 2.7419E-09 2.8143E-09 2.8871E-09 2.9598E-09 3.0335E-09 3.1070E-09 3.1807E-09 3.2550E-09 3.3291E-09 3.4037E-09 3.4782E-09 3.5523E-09 3.6268E-09 3.7007E-09 3.9225E-09 7.4939E-08 4.0339E-07 7.2469E-07 6.5773E-07 4.0479E-07 2.0344E-07 9.5603E-08 4.3724E-08 2.3789E-08 1.3221E-08 1.0014E-08 8.0137E-09 6.6287E-09 5.8663E-09 5.4143E-09 5.0580E-09 4.9611E-09 4.9916E-09 5.0381E-09 5.0800E-09 5.1246E-09 5.1732E-09 5.2172E-09 5.2575E-09 5.2970E-09 5.3331E-09 5.3662E-09 5.3977E-09 5.4288E-09 5.4564E-09 5.4840E-09 5.5098E-09 5.5323E-09 5.5530E-09 5.5720E-09 5.5891E-09 5.6045E-09
2.3993E-09 2.4680E-09 2.5381E-09 2.6090E-09 2.6800E-09 2.7522E-09 2.8245E-09 2.8978E-09 2.9715E-09 3.0450E-09 3.1193E-09 3.1934E-09 3.2682E-09 3.3427E-09 3.4178E-09 3.4924E-09 3.5676E-09 3.6421E-09 3.7183E-09 3.9837E-09 6.5430E-08 2.6061E-07 4.8605E-07 3.9093E-06 4.2746E-07 2.7883E-07 1.6210E-07 8.8135E-08 5.1371E-08 3.0141E-08 1.9303E-08 1.3339E-08 1.0405E-08 8.5427E-09 7.2524E-09 6.5413E-09 6.0138E-09 5.6503E-09 5.2536E-09 5.2669E-09 5.2511E-09 5.2189E-09 5.2386E-09 5.2783E-09 5.3160E-09 5.3534E-09 5.3879E-09 5.4218E-09 5.4527E-09 5.4835E-09 5.5109E-09 5.5382E-09 5.5624E-09 5.5847E-09 5.6051E-09 5.6246E-09 5.6469E-09
2.4065E-09 2.4756E-09 2.5460E-09 2.6167E-09 2.6886E-09 2.7606E-09 2.8337E-09 2.9068E-09 2.9809E-09 3.0548E-09 3.1295E-09 3.2044E-09 3.2792E-09 3.3546E-09 3.4297E-09 3.5053E-09 3.5804E-09 3.6559E-09 3.7381E-09 4.0681E-09 5.0730E-08 1.6810E-07 3.1772E-07 9.7466E-07 7.7133E-07 2.9789E-07 2.0565E-07 1.3231E-07 8.4430E-08 5.2921E-08 3.5421E-08 2.4031E-08 1.7357E-08 1.3231E-08 1.0797E-08 9.1292E-09 8.0073E-09 7.2597E-09 6.6658E-09 6.3051E-09 5.9713E-09 5.5875E-09 5.4057E-09 5.3227E-09 5.3364E-09 5.3710E-09 5.4066E-09 5.4422E-09 5.4757E-09 5.5063E-09 5.5369E-09 5.5643E-09 5.5898E-09 5.6138E-09 5.6372E-09 5.6641E-09 5.6892E-09
2.4119E-09 2.4818E-09 2.5520E-09 2.6236E-09 2.6958E-09 2.7681E-09 2.8415E-09 2.9148E-09 2.9892E-09 3.0634E-09 3.1384E-09 3.2133E-09 3.2890E-09 3.3643E-09 3.4403E-09 3.5158E-09 3.5919E-09 3.6679E-09 3.7590E-09 6.4228E-09 3.9081E-08 1.1198E-07 2.1134E-07 3.3969E-07 9.1538E-07 3.1277E-07 2.1135E-07 1.5631E-07 1.1042E-07 7.6225E-08 5.3755E-08 3.7928E-08 2.7533E-08 2.1123E-08 1.6525E-08 1.3535E-08 1.1427E-08 9.9412E-09 8.8287E-09 7.9711E-09 7.2879E-09 6.7734E-09 6.2453E-09 5.7317E-09 5.4903E-09 5.4178E-09 5.4256E-09 5.4595E-09 5.4948E-09 5.5283E-09 5.5588E-09 5.5877E-09 5.6151E-09 5.6425E-09 5.6735E-09 5.7023E-09 5.7288E-09
2.4161E-09 2.4862E-09 2.5566E-09 2.6284E-09 2.7009E-09 2.7735E-09 2.8471E-09 2.9213E-09 2.9954E-09 3.0703E-09 3.1457E-09 3.2210E-09 3.2970E-09 3.3727E-09 3.4485E-09 3.5250E-09 3.6009E-09 3.6773E-09 3.7798E-09 7.7445E-09 2.7965E-08 7.5877E-08 1.4026E-07 2.0112E-07 4.5658E-07 3.6067E-07 1.9543E-07 1.5540E-07 1.2187E-07 9.2520E-08 7.0272E-08 5.2975E-08 4.0809E-08 3.1454E-08 2.4764E-08 2.0207E-08 1.6841E-08 1.4279E-08 1.2320E-08 1.0744E-08 9.4769E-09 8.4248E-09 7.5939E-09 6.9584E-09 6.2879E-09 5.8664E-09 5.5725E-09 5.5112E-09 5.5357E-09 5.5718E-09 5.6047E-09 5.6345E-09 5.6640E-09 5.6951E-09 5.7256E-09 5.7520E-09 5.7740E-09
2.4195E-09 2.4899E-09 2.5605E-09 2.6324E-09 2.7045E-09 2.7778E-09 2.8512E-09 2.9256E-09 2.9999E-09 3.0752E-09 3.1509E-09 3.2264E-09 3.3027E-09 3.3792E-09 3.4554E-09 3.5322E-09 3.6085E-09 3.6851E-09 3.7943E-09 7.0653E-09 2.3080E-08 5.2369E-08 9.2335E-08 1.3022E-07 2.0368E-07 2.5649E-07 1.7514E-07 1.4022E-07 1.1790E-07 9.8925E-08 8.1407E-08 6.5809E-08 5.3510E-08 4.3182E-08 3.5031E-08 2.9114E-08 2.4422E-08 2.0667E-08 1.7597E-08 1.5055E-08 1.2864E-08 1.1084E-08 9.6333E-09 8.4738E-09 7.6219E-09 6.8374E-09 6.2231E-09 5.8854E-09 5.6887E-09 5.6586E-09 5.6867E-09 5.7144E-09 5.7464E-09 5.7774E-09 5.7981E-09 5.8214E-09 5.8471E-09
2.4216E-09 2.4915E-09 2.5629E-09 2.6350E-09 2.7073E-09 2.7807E-09 2.8548E-09 2.9288E-09 3.0034E-09 3.0789E-09 3.1543E-09 3.2305E-09 3.3066E-09 3.3834E-09 3.4598E-09 3.5367E-09 3.6135E-09 3.6896E-09 3.7952E-09 7.6421E-09 1.6611E-08 3.6467E-08 6.0807E-08 8.4724E-08 1.1433E-07 1.3797E-07 1.2817E-07 1.1497E-07 1.0553E-07 9.6246E-08 8.4769E-08 7.4245E-08 6.3452E-08 5.4540E-08 4.6140E-08 3.9551E-08 3.3921E-08 2.9082E-08 2.4875E-08 2.1153E-08 1.7876E-08 1.5079E-08 1.2710E-08 1.0821E-08 9.3514E-09 8.2459E-09 7.3221E-09 6.5862E-09 6.1276E-09 5.9100E-09 5.8250E-09 5.8256E-09 5.8540E-09 5.8670E-09 5.8906E-09 5.9115E-09 5.9314E-09
2.4218E-09 2.4919E-09 2.5633E-09 2.6356E-09 2.7080E-09 2.7816E-09 2.8558E-09 2.9300E-09 3.0052E-09 3.0808E-09 3.1565E-09 3.2329E-09 3.3092E-09 3.3860E-09 3.4624E-09 3.5387E-09 3.6155E-09 3.6917E-09 3.7944E-09 6.2992E-09 1.3447E-08 2.4253E-08 3.8280E-08 5.3159E-08 6.8965E-08 8.1806E-08 8.6558E-08 8.8680E-08 8.8919E-08 8.7122E-08 8.2710E-08 7.7408E-08 7.0355E-08 6.3791E-08 5.6617E-08 5.0430E-08 4.4616E-08 3.9170E-08 3.4046E-08 2.9153E-08 2.4635E-08 2.0565E-08 1.7069E-08 1.4161E-08 1.1846E-08 1.0069E-08 8.7647E-09 7.6812E-09 6.9121E-09 6.4200E-09 6.1425E-09 6.0403E-09 5.9885E-09 6.0008E-09 6.0200E-09 6.0325E-09 6.0663E-09
2.4207E-09 2.4908E-09 2.5624E-09 2.6347E-09 2.7073E-09 2.7809E-09 2.8553E-09 2.9295E-09 3.0049E-09 3.0807E-09 3.1564E-09 3.2328E-09 3.3094E-09 3.3857E-09 3.4625E-09 3.5394E-09 3.6155E-09 3.6912E-09 3.7772E-09 5.9386E-09 9.3591E-09 1.6945E-08 2.5349E-08 3.4559E-08 4.3977E-08 5.2919E-08 6.0384E-08 6.6513E-08 7.1402E-08 7.4420E-08 7.6080E-08 7.5571E-08 7.3141E-08 6.9830E-08 6.5202E-08 6.0575E-08 5.5564E-08 5.0238E-08 4.4536E-08 3.8739E-08 3.2987E-08 2.7608E-08 2.2784E-08 1.8631E-08 1.5271E-08 1.2599E-08 1.0632E-08 9.1274E-09 8.0614E-09 7.3143E-09 6.6923E-09 6.3904E-09 6.2509E-09 6.2215E-09 6.2118E-09 6.2383E-09 6.2476E-09
2.4189E-09 2.4897E-09 2.5613E-09 2.6331E-09 2.7061E-09 2.7792E-09 2.8531E-09 2.9275E-09 3.0028E-09 3.0786E-09 3.1541E-09 3.2304E-09 3.3070E-09 3.3831E-09 3.4598E-09 3.5366E-09 3.6130E-09 3.6895E-09 3.7690E-09 5.4682E-09 7.7336E-09 1.1264E-08 1.6943E-08 2.2650E-08 2.8887E-08 3.5437E-08 4.2144E-08 4.8478E-08 5.5449E-08 6.1648E-08 6.6652E-08 6.9806E-08 7.1981E-08 7.2453E-08 7.1101E-08 6.9020E-08 6.5696E-08 6.1130E-08 5.5605E-08 4.9278E-08 4.2592E-08 3.6004E-08 2.9810E-08 2.4343E-08 1.9748E-08 1.6012E-08 1.3157E-08 1.0996E-08 9.4774E-09 8.3894E-09 7.5225E-09 6.9498E-09 6.6736E-09 6.5297E-09 6.5163E-09 6.5167E-09 6.5423E-09
2.4153E-09 2.4860E-09 2.5576E-09 2.6294E-09 2.7024E-09 2.7761E-09 2.8499E-09 2.9246E-09 2.9997E-09 3.0748E-09 3.1507E-09 3.2264E-09 3.3022E-09 3.3788E-09 3.4550E-09 3.5316E-09 3.6078E-09 3.6845E-09 3.7610E-09 4.5680E-09 6.4397E-09 8.4916E-09 1.1270E-08 1.4684E-08 1.8745E-08 2.3651E-08 2.9332E-08 3.5596E-08 4.2424E-08 4.9489E-08 5.5992E-08 6.2580E-08 6.7993E-08 7.1512E-08 7.4149E-08 7.4964E-08 7.3884E-08 7.0978E-08 6.6162E-08 5.9959E-08 5.2814E-08 4.5280E-08 3.7909E-08 3.1129E-08 2.5245E-08 2.0360E-08 1.6453E-08 1.3486E-08 1.1286E-08 9.7125E-09 8.6908E-09 7.8467E-09 7.3315E-09 7.0332E-09 6.9113E-09 6.8761E-09 6.8780E-09
2.4103E-09 2.4809E-09 2.5525E-09 2.6242E-09 2.6971E-09 2.7707E-09 2.8442E-09 2.9187E-09 2.9937E-09 3.0685E-09 3.1442E-09 3.2203E-09 3.2960E-09 3.3724E-09 3.4489E-09 3.5251E-09 3.6006E-09 3.6772E-09 3.7533E-09 4.3633E-09 5.0201E-09 6.0276E-09 8.3398E-09 1.0422E-08 1.3072E-08 1.6409E-08 2.0717E-08 2.5870E-08 3.1986E-08 3.8627E-08 4.6525E-08 5.4562E-08 6.2197E-08 6.8739E-08 7.4304E-08 7.8035E-08 7.9606E-08 7.8646E-08 7.5355E-08 6.9881E-08 6.2839E-08 5.4853E-08 4.6617E-08 3.8713E-08 3.1618E-08 2.5497E-08 2.0595E-08 1.6687E-08 1.3781E-08 1.1646E-08 1.0119E-08 9.0481E-09 8.2718E-09 7.7128E-09 7.4558E-09 7.3338E-09 7.2828E-09
2.4040E-09 2.4745E-09 2.5459E-09 2.6175E-09 2.6902E-09 2.7634E-09 2.8367E-09 2.9110E-09 2.9856E-09 3.0604E-09 3.1359E-09 3.2116E-09 3.2872E-09 3.3635E-09 3.4398E-09 3.5158E-09 3.5919E-09 3.6665E-09 3.7390E-09 3.8113E-09 4.6229E-09 5.1942E-09 6.0124E-09 7.1640E-09 8.7757E-09 1.1020E-08 1.4207E-08 1.8461E-08 2.3799E-08 3.0398E-08 3.8135E-08 4.6693E-08 5.5317E-08 6.4132E-08 7.2014E-08 7.8318E-08 8.2364E-08 8.3835E-08 8.2353E-08 7.8253E-08 7.1941E-08 6.4068E-08 5.5433E-08 4.6690E-08 3.8643E-08 3.1480E-08 2.5452E-08 2.0631E-08 1.6878E-08 1.4123E-08 1.2048E-08 1.0594E-08 9.6222E-09 8.8995E-09 8.3723E-09 8.0006E-09 7.8140E-09
2.3975E-09 2.4679E-09 2.5384E-09 2.6096E-09 2.6820E-09 2.7544E-09 2.8274E-09 2.9014E-09 2.9759E-09 3.0502E-09 3.1255E-09 3.2011E-09 3.2764E-09 3.3525E-09 3.4283E-09 3.5023E-09 3.5760E-09 3.6492E-09 3.7210E-09 3.7919E-09 3.8625E-09 4.5879E-09 5.0853E-09 5.7930E-09 6.8053E-09 8.2977E-09 1.0570E-08 1.3850E-08 1.8237E-08 2.3989E-08 3.1113E-08 3.9222E-08 4.8663E-08 5.8428E-08 6.7830E-08 7.6091E-08 8.2440E-08 8.6100E-08 8.6823E-08 8.4527E-08 7.9488E-08 7.2361E-08 6.3883E-08 5.4944E-08 4.6066E-08 3.8068E-08 3.1030E-08 2.5255E-08 2.0643E-08 1.7118E-08 1.4492E-08 1.2559E-08 1.1222E-08 1.0192E-08 9.4806E-09 9.0276E-09 8.7172E-09
2.3884E-09 2.4584E-09 2.5287E-09 2.6000E-09 2.6721E-09 2.7442E-09 2.8174E-09 2.8910E-09 2.9648E-09 3.0394E-09 3.1143E-09 3.1892E-09 3.2634E-09 3.3375E-09 3.4111E-09 3.4838E-09 3.5562E-09 3.6280E-09 3.6990E-09 3.7697E-09 3.8403E-09 3.9452E-09 4.1286E-09 4.9470E-09 5.5715E-09 6.5811E-09 8.1634E-09 1.0649E-08 1.4261E-08 1.8773E-08 2.5175E-08 3.3071E-08 4.2210E-08 5.2190E-08 6.2391E-08 7.1973E-08 7.9992E-08 8.5757E-08 8.8647E-08 8.8395E-08 8.5082E-08 7.9339E-08 7.1574E-08 6.2769E-08 5.3722E-08 4.4947E-08 3.7128E-08 3.0384E-08 2.4934E-08 2.0616E-08 1.7346E-08 1.4918E-08 1.3142E-08 1.1844E-08 1.0944E-08 1.0266E-08 9.7935E-09
2.3779E-09 2.4475E-09 2.5174E-09 2.5884E-09 2.6602E-09 2.7319E-09 2.8047E-09 2.8781E-09 2.9515E-09 3.0258E-09 3.1000E-09 3.1731E-09 3.2461E-09 3.3190E-09 3.3908E-09 3.4621E-09 3.5338E-09 3.6048E-09 3.6752E-09 3.7452E-09 3.8156E-09 3.8862E-09 4.0065E-09 4.2287E-09 4.5935E-09 5.2452E-09 6.3918E-09 8.2922E-09 1.1221E-08 1.5310E-08 2.0785E-08 2.7785E-08 3.6244E-08 4.5917E-08 5.6256E-08 6.6433E-08 7.5691E-08 8.3112E-08 8.7921E-08 8.9891E-08 8.8715E-08 8.4511E-08 7.8005E-08 6.9703E-08 6.0660E-08 5.1591E-08 4.3131E-08 3.5718E-08 2.9474E-08 2.4476E-08 2.0549E-08 1.7577E-08 1.5378E-08 1.3721E-08 1.2561E-08 1.1668E-08 1.1062E-08
2.3659E-09 2.4352E-09 2.5047E-09 2.5753E-09 2.6467E-09 2.7181E-09 2.7905E-09 2.8636E-09 2.9361E-09 3.0087E-09 3.0810E-09 3.1529E-09 3.2247E-09 3.2962E-09 3.3672E-09 3.4386E-09 3.5096E-09 3.5799E-09 3.6495E-09 3.7197E-09 3.7895E-09 3.8584E-09 3.9496E-09 4.0763E-09 4.3227E-09 4.7828E-09 5.6117E-09 7.0024E-09 9.3249E-09 1.2695E-08 1.7278E-08 2.3341E-08 3.0893E-08 3.9904E-08 4.9841E-08 6.0163E-08 7.0049E-08 7.8650E-08 8.5275E-08 8.9125E-08 9.0002E-08 8.7621E-08 8.2378E-08 7.4998E-08 6.6333E-08 5.7301E-08 4.8575E-08 4.0717E-08 3.3960E-08 2.8355E-08 2.3907E-08 2.0433E-08 1.7813E-08 1.5825E-08 1.4387E-08 1.3288E-08 1.2487E-08
2.3532E-09 2.4215E-09 2.4906E-09 2.5609E-09 2.6318E-09 2.7028E-09 2.7744E-09 2.8458E-09 2.9166E-09 2.9881E-09 3.0591E-09 3.1296E-09 3.2006E-09 3.2717E-09 3.3419E-09 3.4126E-09 3.4832E-09 3.5530E-09 3.6224E-09 3.6921E-09 3.7610E-09 3.8294E-09 3.9036E-09 3.9943E-09 4.1553E-09 4.4801E-09 5.0721E-09 6.1238E-09 7.9462E-09 1.0697E-08 1.4521E-08 1.9632E-08 2.6238E-08 3.4339E-08 4.3606E-08 5.3525E-08 6.3631E-08 7.3029E-08 8.0896E-08 8.6478E-08 8.8944E-08 8.8205E-08 8.4347E-08 7.8084E-08 7.0182E-08 6.1577E-08 5.2991E-08 4.5007E-08 3.7969E-08 3.2000E-08 2.7157E-08 2.3297E-08 2.0340E-08 1.8053E-08 1.6352E-08 1.5041E-08 1.4058E-08
2.3387E-09 2.4066E-09 2.4758E-09 2.5456E-09 2.6151E-09 2.6846E-09 2.7551E-09 2.8250E-09 2.8945E-09 2.9646E-09 3.0349E-09 3.1048E-09 3.1750E-09 3.2453E-09 3.3151E-09 3.3851E-09 3.4550E-09 3.5242E-09 3.5931E-09 3.6622E-09 3.7306E-09 3.7986E-09 3.8662E-09 3.9443E-09 4.0439E-09 4.2882E-09 4.7393E-09 5.5291E-09 6.9365E-09 9.1552E-09 1.2308E-08 1.6587E-08 2.2236E-08 2.9359E-08 3.7722E-08 4.7094E-08 5.6914E-08 6.6703E-08 7.5246E-08 8.1902E-08 8.5711E-08 8.6292E-08 8.3887E-08 7.8834E-08 7.1973E-08 6.4116E-08 5.6020E-08 4.8247E-08 4.1206E-08 3.5130E-08 3.0092E-08 2.6005E-08 2.2812E-08 2.0294E-08 1.8382E-08 1.6881E-08 1.5741E-08
2.3230E-09 2.3910E-09 2.4588E-09 2.5272E-09 2.5958E-09 2.6642E-09 2.7331E-09 2.8021E-09 2.8709E-09 2.9403E-09 3.0098E-09 3.0788E-09 3.1485E-09 3.2175E-09 3.2870E-09 3.3565E-09 3.4253E-09 3.4937E-09 3.5620E-09 3.6307E-09 3.6986E-09 3.7662E-09 3.8335E-09 3.9011E-09 3.9780E-09 4.1428E-09 4.4675E-09 5.0744E-09 6.1777E-09 7.9671E-09 1.0566E-08 1.4086E-08 1.8823E-08 2.5015E-08 3.2428E-08 4.1035E-08 5.0485E-08 5.9985E-08 6.8842E-08 7.5924E-08 8.0587E-08 8.2326E-08 8.1147E-08 7.7398E-08 7.1731E-08 6.4881E-08 5.7508E-08 5.0234E-08 4.3495E-08 3.7578E-08 3.2545E-08 2.8417E-08 2.5101E-08 2.2448E-08 2.0388E-08 1.8749E-08 1.7440E-08
