Assets/Resources/2015_m01_d13_1800(utc+0800)_l00_csi_1hr_conc.grd
DSAA
         159         159
     -79.000      79.000
     -79.000      79.000
  0.0000E+00  0.9649E-05
[rows 50 to 74 of 159, columns 0 to 56 of 159]
9.5513E-09 1.0069E-08 1.0609E-08 1.1169E-08 1.1743E-08 1.2332E-08 1.2961E-08 1.3593E-08 1.4256E-08 1.4913E-08 1.5564E-08 1.6240E-08 1.6883E-08 1.7536E-08 1.8179E-08 1.8803E-08 1.9441E-08 2.0042E-08 2.0628E-08 2.1205E-08 2.1742E-08 2.2258E-08 2.2737E-08 2.3161E-08 2.3544E-08 2.3884E-08 2.4165E-08 2.4412E-08 2.4599E-08 2.4727E-08 2.4807E-08 2.4816E-08 2.4743E-08 2.4600E-08 2.4347E-08 2.3993E-08 2.3542E-08 2.2981E-08 2.2319E-08 2.1559E-08 2.0699E-08 1.9743E-08 1.8695E-08 1.7555E-08 1.6329E-08 1.5018E-08 1.3631E-08 1.2185E-08 1.0697E-08 9.2146E-09 7.7745E-09 6.4351E-09 5.2387E-09 4.1760E-09 3.2630E-09 2.5101E-09 1.8939E-09
9.7134E-09 1.0244E-08 1.0796E-08 1.1367E-08 1.1952E-08 1.2553E-08 1.3199E-08 1.3853E-08 1.4539E-08 1.5222E-08 1.5902E-08 1.6605E-08 1.7272E-08 1.7952E-08 1.8621E-08 1.9272E-08 1.9940E-08 2.0571E-08 2.1188E-08 2.1797E-08 2.2365E-08 2.2921E-08 2.3432E-08 2.3896E-08 2.4322E-08 2.4695E-08 2.5029E-08 2.5317E-08 2.5545E-08 2.5742E-08 2.5874E-08 2.5953E-08 2.5978E-08 2.5917E-08 2.5753E-08 2.5509E-08 2.5150E-08 2.4685E-08 2.4115E-08 2.3436E-08 2.2639E-08 2.1723E-08 2.0688E-08 1.9544E-08 1.8287E-08 1.6916E-08 1.5445E-08 1.3889E-08 1.2273E-08 1.0639E-08 9.0306E-09 7.5243E-09 6.1607E-09 4.9458E-09 3.8909E-09 3.0101E-09 2.2946E-09
9.8471E-09 1.0389E-08 1.0952E-08 1.1535E-08 1.2129E-08 1.2738E-08 1.3397E-08 1.4066E-08 1.4771E-08 1.5470E-08 1.6171E-08 1.6902E-08 1.7592E-08 1.8294E-08 1.8986E-08 1.9660E-08 2.0353E-08 2.1007E-08 2.1649E-08 2.2284E-08 2.2882E-08 2.3468E-08 2.4005E-08 2.4507E-08 2.4966E-08 2.5379E-08 2.5755E-08 2.6076E-08 2.6357E-08 2.6601E-08 2.6788E-08 2.6941E-08 2.7041E-08 2.7067E-08 2.7022E-08 2.6888E-08 2.6642E-08 2.6298E-08 2.5843E-08 2.5272E-08 2.4570E-08 2.3726E-08 2.2744E-08 2.1618E-08 2.0348E-08 1.8939E-08 1.7397E-08 1.5739E-08 1.3992E-08 1.2211E-08 1.0436E-08 8.7538E-09 7.2148E-09 5.8308E-09 4.6246E-09 3.5995E-09 2.7618E-09
9.9513E-09 1.0502E-08 1.1073E-08 1.1666E-08 1.2268E-08 1.2888E-08 1.3554E-08 1.4231E-08 1.4948E-08 1.5658E-08 1.6373E-08 1.7122E-08 1.7832E-08 1.8557E-08 1.9270E-08 1.9961E-08 2.0672E-08 2.1343E-08 2.2005E-08 2.2659E-08 2.3281E-08 2.3889E-08 2.4449E-08 2.4980E-08 2.5465E-08 2.5918E-08 2.6330E-08 2.6685E-08 2.7012E-08 2.7293E-08 2.7533E-08 2.7758E-08 2.7921E-08 2.8042E-08 2.8108E-08 2.8090E-08 2.7987E-08 2.7784E-08 2.7462E-08 2.7027E-08 2.6450E-08 2.5714E-08 2.4812E-08 2.3732E-08 2.2479E-08 2.1051E-08 1.9455E-08 1.7716E-08 1.5852E-08 1.3921E-08 1.1984E-08 1.0129E-08 8.4114E-09 6.8504E-09 5.4731E-09 4.2972E-09 3.3229E-09
1.0024E-08 1.0581E-08 1.1157E-08 1.1759E-08 1.2368E-08 1.2997E-08 1.3670E-08 1.4351E-08 1.5073E-08 1.5788E-08 1.6509E-08 1.7268E-08 1.7989E-08 1.8730E-08 1.9461E-08 2.0168E-08 2.0892E-08 2.1576E-08 2.2249E-08 2.2916E-08 2.3554E-08 2.4177E-08 2.4754E-08 2.5305E-08 2.5819E-08 2.6296E-08 2.6736E-08 2.7134E-08 2.7490E-08 2.7811E-08 2.8102E-08 2.8372E-08 2.8609E-08 2.8824E-08 2.8986E-08 2.9096E-08 2.9139E-08 2.9094E-08 2.8933E-08 2.8655E-08 2.8226E-08 2.7627E-08 2.6832E-08 2.5833E-08 2.4624E-08 2.3201E-08 2.1578E-08 1.9774E-08 1.7817E-08 1.5755E-08 1.3663E-08 1.1632E-08 9.7321E-09 7.9924E-09 6.4376E-09 5.0983E-09 3.9714E-09
1.0066E-08 1.0626E-08 1.1206E-08 1.1811E-08 1.2426E-08 1.3061E-08 1.3741E-08 1.4424E-08 1.5148E-08 1.5862E-08 1.6581E-08 1.7342E-08 1.8066E-08 1.8813E-08 1.9555E-08 2.0274E-08 2.1010E-08 2.1701E-08 2.2380E-08 2.3052E-08 2.3697E-08 2.4328E-08 2.4918E-08 2.5476E-08 2.6013E-08 2.6511E-08 2.6972E-08 2.7404E-08 2.7787E-08 2.8140E-08 2.8477E-08 2.8786E-08 2.9087E-08 2.9381E-08 2.9641E-08 2.9881E-08 3.0068E-08 3.0181E-08 3.0205E-08 3.0102E-08 2.9843E-08 2.9398E-08 2.8745E-08 2.7852E-08 2.6717E-08 2.5331E-08 2.3705E-08 2.1866E-08 1.9829E-08 1.7659E-08 1.5438E-08 1.3248E-08 1.1175E-08 9.2546E-09 7.5249E-09 6.0109E-09 4.7210E-09
1.0074E-08 1.0636E-08 1.1217E-08 1.1823E-08 1.2439E-08 1.3078E-08 1.3760E-08 1.4444E-08 1.5168E-08 1.5881E-08 1.6593E-08 1.7347E-08 1.8067E-08 1.8811E-08 1.9552E-08 2.0274E-08 2.1017E-08 2.1713E-08 2.2393E-08 2.3065E-08 2.3708E-08 2.4341E-08 2.4934E-08 2.5497E-08 2.6045E-08 2.6552E-08 2.7034E-08 2.7481E-08 2.7889E-08 2.8274E-08 2.8634E-08 2.8990E-08 2.9350E-08 2.9705E-08 3.0058E-08 3.0417E-08 3.0742E-08 3.1025E-08 3.1224E-08 3.1309E-08 3.1233E-08 3.0966E-08 3.0468E-08 2.9712E-08 2.8677E-08 2.7358E-08 2.5764E-08 2.3911E-08 2.1837E-08 1.9596E-08 1.7258E-08 1.4937E-08 1.2709E-08 1.0625E-08 8.7245E-09 7.0412E-09 5.5912E-09
1.0050E-08 1.0609E-08 1.1190E-08 1.1794E-08 1.2409E-08 1.3046E-08 1.3729E-08 1.4410E-08 1.5130E-08 1.5840E-08 1.6543E-08 1.7286E-08 1.7995E-08 1.8727E-08 1.9461E-08 2.0174E-08 2.0914E-08 2.1607E-08 2.2284E-08 2.2955E-08 2.3586E-08 2.4216E-08 2.4805E-08 2.5362E-08 2.5916E-08 2.6422E-08 2.6909E-08 2.7371E-08 2.7788E-08 2.8193E-08 2.8581E-08 2.8967E-08 2.9376E-08 2.9785E-08 3.0230E-08 3.0682E-08 3.1139E-08 3.1573E-08 3.1952E-08 3.2220E-08 3.2334E-08 3.2249E-08 3.1925E-08 3.1321E-08 3.0420E-08 2.9199E-08 2.7661E-08 2.5842E-08 2.3765E-08 2.1488E-08 1.9083E-08 1.6663E-08 1.4311E-08 1.2087E-08 1.0032E-08 8.1884E-09 6.5671E-09
9.9948E-09 1.0549E-08 1.1126E-08 1.1725E-08 1.2336E-08 1.2968E-08 1.3646E-08 1.4321E-08 1.5033E-08 1.5735E-08 1.6431E-08 1.7158E-08 1.7853E-08 1.8568E-08 1.9285E-08 1.9984E-08 2.0707E-08 2.1388E-08 2.2054E-08 2.2716E-08 2.3338E-08 2.3954E-08 2.4532E-08 2.5077E-08 2.5621E-08 2.6124E-08 2.6604E-08 2.7060E-08 2.7488E-08 2.7899E-08 2.8300E-08 2.8721E-08 2.9154E-08 2.9615E-08 3.0127E-08 3.0671E-08 3.1242E-08 3.1809E-08 3.2338E-08 3.2778E-08 3.3080E-08 3.3178E-08 3.3030E-08 3.2602E-08 3.1849E-08 3.0750E-08 2.9316E-08 2.7563E-08 2.5530E-08 2.3264E-08 2.0835E-08 1.8364E-08 1.5936E-08 1.3605E-08 1.1414E-08 9.4309E-09 7.6505E-09
9.9076E-09 1.0455E-08 1.1025E-08 1.1616E-08 1.2220E-08 1.2842E-08 1.3513E-08 1.4179E-08 1.4879E-08 1.5567E-08 1.6250E-08 1.6963E-08 1.7641E-08 1.8336E-08 1.9030E-08 1.9705E-08 2.0406E-08 2.1064E-08 2.1708E-08 2.2352E-08 2.2957E-08 2.3561E-08 2.4116E-08 2.4645E-08 2.5170E-08 2.5654E-08 2.6124E-08 2.6561E-08 2.6980E-08 2.7391E-08 2.7796E-08 2.8231E-08 2.8687E-08 2.9186E-08 2.9748E-08 3.0359E-08 3.1019E-08 3.1698E-08 3.2355E-08 3.2946E-08 3.3407E-08 3.3681E-08 3.3719E-08 3.3460E-08 3.2872E-08 3.1932E-08 3.0629E-08 2.8995E-08 2.7041E-08 2.4842E-08 2.2453E-08 1.9983E-08 1.7529E-08 1.5139E-08 1.2869E-08 1.0758E-08 8.8373E-09
9.7898E-09 1.0327E-08 1.0888E-08 1.1468E-08 1.2063E-08 1.2675E-08 1.3331E-08 1.3985E-08 1.4669E-08 1.5339E-08 1.6006E-08 1.6699E-08 1.7358E-08 1.8030E-08 1.8701E-08 1.9347E-08 2.0017E-08 2.0644E-08 2.1260E-08 2.1876E-08 2.2455E-08 2.3035E-08 2.3571E-08 2.4069E-08 2.4567E-08 2.5027E-08 2.5465E-08 2.5880E-08 2.6278E-08 2.6670E-08 2.7074E-08 2.7506E-08 2.7969E-08 2.8493E-08 2.9086E-08 2.9746E-08 3.0468E-08 3.1220E-08 3.1979E-08 3.2687E-08 3.3285E-08 3.3714E-08 3.3913E-08 3.3830E-08 3.3419E-08 3.2650E-08 3.1523E-08 3.0039E-08 2.8232E-08 2.6146E-08 2.3853E-08 2.1465E-08 1.9060E-08 1.6673E-08 1.4361E-08 1.2171E-08 1.0125E-08
9.6423E-09 1.0167E-08 1.0716E-08 1.1283E-08 1.1866E-08 1.2465E-08 1.3103E-08 1.3741E-08 1.4406E-08 1.5054E-08 1.5699E-08 1.6369E-08 1.7005E-08 1.7653E-08 1.8296E-08 1.8912E-08 1.9547E-08 2.0139E-08 2.0717E-08 2.1299E-08 2.1846E-08 2.2388E-08 2.2893E-08 2.3361E-08 2.3821E-08 2.4249E-08 2.4649E-08 2.5024E-08 2.5392E-08 2.5756E-08 2.6135E-08 2.6557E-08 2.7012E-08 2.7542E-08 2.8145E-08 2.8828E-08 2.9580E-08 3.0378E-08 3.1198E-08 3.1987E-08 3.2686E-08 3.3242E-08 3.3585E-08 3.3660E-08 3.3428E-08 3.2851E-08 3.1919E-08 3.0639E-08 2.9020E-08 2.7109E-08 2.4994E-08 2.2764E-08 2.0470E-08 1.8155E-08 1.5866E-08 1.3642E-08 1.1510E-08
9.4667E-09 9.9768E-09 1.0512E-08 1.1063E-08 1.1631E-08 1.2215E-08 1.2831E-08 1.3449E-08 1.4092E-08 1.4715E-08 1.5335E-08 1.5979E-08 1.6588E-08 1.7206E-08 1.7819E-08 1.8405E-08 1.9003E-08 1.9555E-08 2.0094E-08 2.0632E-08 2.1139E-08 2.1635E-08 2.2097E-08 2.2529E-08 2.2946E-08 2.3326E-08 2.3685E-08 2.4013E-08 2.4336E-08 2.4663E-08 2.5007E-08 2.5399E-08 2.5830E-08 2.6346E-08 2.6937E-08 2.7613E-08 2.8366E-08 2.9173E-08 3.0024E-08 3.0849E-08 3.1615E-08 3.2259E-08 3.2714E-08 3.2938E-08 3.2872E-08 3.2494E-08 3.1786E-08 3.0730E-08 2.9345E-08 2.7695E-08 2.5826E-08 2.3814E-08 2.1730E-08 1.9559E-08 1.7356E-08 1.5153E-08 1.2985E-08
9.2645E-09 9.7592E-09 1.0278E-08 1.0812E-08 1.1360E-08 1.1927E-08 1.2521E-08 1.3113E-08 1.3731E-08 1.4327E-08 1.4917E-08 1.5532E-08 1.6111E-08 1.6697E-08 1.7277E-08 1.7825E-08 1.8387E-08 1.8900E-08 1.9395E-08 1.9888E-08 2.0345E-08 2.0793E-08 2.1207E-08 2.1584E-08 2.1953E-08 2.2281E-08 2.2587E-08 2.2862E-08 2.3136E-08 2.3409E-08 2.3711E-08 2.4056E-08 2.4448E-08 2.4927E-08 2.5484E-08 2.6126E-08 2.6850E-08 2.7638E-08 2.8473E-08 2.9305E-08 3.0096E-08 3.0786E-08 3.1331E-08 3.1669E-08 3.1764E-08 3.1585E-08 3.1103E-08 3.0303E-08 2.9214E-08 2.7860E-08 2.6310E-08 2.4613E-08 2.2784E-08 2.0851E-08 1.8823E-08 1.6723E-08 1.4576E-08
9.0379E-09 9.5155E-09 1.0015E-08 1.0531E-08 1.1058E-08 1.1603E-08 1.2174E-08 1.2738E-08 1.3327E-08 1.3894E-08 1.4453E-08 1.5035E-08 1.5581E-08 1.6132E-08 1.6674E-08 1.7186E-08 1.7705E-08 1.8178E-08 1.8631E-08 1.9073E-08 1.9481E-08 1.9875E-08 2.0230E-08 2.0555E-08 2.0860E-08 2.1130E-08 2.1378E-08 2.1595E-08 2.1812E-08 2.2028E-08 2.2273E-08 2.2562E-08 2.2899E-08 2.3321E-08 2.3821E-08 2.4405E-08 2.5072E-08 2.5809E-08 2.6598E-08 2.7397E-08 2.8176E-08 2.8883E-08 2.9477E-08 2.9911E-08 3.0147E-08 3.0149E-08 2.9899E-08 2.9380E-08 2.8606E-08 2.7615E-08 2.6437E-08 2.5117E-08 2.3643E-08 2.2008E-08 2.0222E-08 1.8300E-08 1.6255E-08
8.7888E-09 9.2487E-09 9.7274E-09 1.0223E-08 1.0727E-08 1.1248E-08 1.1793E-08 1.2328E-08 1.2885E-08 1.3422E-08 1.3947E-08 1.4493E-08 1.5005E-08 1.5519E-08 1.6021E-08 1.6492E-08 1.6969E-08 1.7397E-08 1.7807E-08 1.8199E-08 1.8556E-08 1.8895E-08 1.9187E-08 1.9452E-08 1.9695E-08 1.9897E-08 2.0081E-08 2.0238E-08 2.0391E-08 2.0550E-08 2.0729E-08 2.0955E-08 2.1219E-08 2.1571E-08 2.1996E-08 2.2500E-08 2.3089E-08 2.3745E-08 2.4460E-08 2.5199E-08 2.5932E-08 2.6627E-08 2.7242E-08 2.7740E-08 2.8093E-08 2.8268E-08 2.8239E-08 2.8002E-08 2.7583E-08 2.6973E-08 2.6224E-08 2.5320E-08 2.4247E-08 2.2996E-08 2.1556E-08 1.9903E-08 1.8037E-08
8.5198E-09 8.9602E-09 9.4175E-09 9.8907E-09 1.0371E-08 1.0865E-08 1.1381E-08 1.1887E-08 1.2411E-08 1.2915E-08 1.3405E-08 1.3914E-08 1.4389E-08 1.4864E-08 1.5324E-08 1.5755E-08 1.6185E-08 1.6571E-08 1.6933E-08 1.7275E-08 1.7580E-08 1.7860E-08 1.8094E-08 1.8294E-08 1.8473E-08 1.8608E-08 1.8731E-08 1.8814E-08 1.8910E-08 1.9001E-08 1.9117E-08 1.9268E-08 1.9456E-08 1.9725E-08 2.0061E-08 2.0473E-08 2.0964E-08 2.1520E-08 2.2141E-08 2.2793E-08 2.3458E-08 2.4113E-08 2.4723E-08 2.5263E-08 2.5707E-08 2.6028E-08 2.6216E-08 2.6263E-08 2.6173E-08 2.5982E-08 2.5658E-08 2.5207E-08 2.4600E-08 2.3800E-08 2.2765E-08 2.1484E-08 1.9930E-08
8.2341E-09 8.6532E-09 9.0880E-09 9.5370E-09 9.9940E-09 1.0459E-08 1.0945E-08 1.1421E-08 1.1908E-08 1.2378E-08 1.2834E-08 1.3303E-08 1.3740E-08 1.4175E-08 1.4593E-08 1.4981E-08 1.5366E-08 1.5707E-08 1.6020E-08 1.6313E-08 1.6563E-08 1.6789E-08 1.6961E-08 1.7100E-08 1.7214E-08 1.7284E-08 1.7341E-08 1.7367E-08 1.7392E-08 1.7420E-08 1.7469E-08 1.7546E-08 1.7655E-08 1.7837E-08 1.8076E-08 1.8386E-08 1.8768E-08 1.9214E-08 1.9728E-08 2.0278E-08 2.0861E-08 2.1458E-08 2.2042E-08 2.2596E-08 2.3106E-08 2.3558E-08 2.3932E-08 2.4239E-08 2.4485E-08 2.4658E-08 2.4763E-08 2.4779E-08 2.4655E-08 2.4349E-08 2.3833E-08 2.3055E-08 2.1957E-08
7.9336E-09 8.3302E-09 8.7423E-09 9.1663E-09 9.5970E-09 1.0034E-08 1.0487E-08 1.0932E-08 1.1384E-08 1.1817E-08 1.2239E-08 1.2667E-08 1.3067E-08 1.3461E-08 1.3836E-08 1.4181E-08 1.4521E-08 1.4815E-08 1.5081E-08 1.5324E-08 1.5520E-08 1.5690E-08 1.5806E-08 1.5886E-08 1.5942E-08 1.5953E-08 1.5946E-08 1.5916E-08 1.5878E-08 1.5845E-08 1.5825E-08 1.5830E-08 1.5864E-08 1.5955E-08 1.6100E-08 1.6305E-08 1.6579E-08 1.6909E-08 1.7310E-08 1.7756E-08 1.8250E-08 1.8771E-08 1.9311E-08 1.9863E-08 2.0421E-08 2.0966E-08 2.1499E-08 2.2026E-08 2.2538E-08 2.3057E-08 2.3559E-08 2.4011E-08 2.4378E-08 2.4633E-08 2.4717E-08 2.4568E-08 2.4109E-08
7.6208E-09 7.9950E-09 8.3826E-09 8.7813E-09 9.1850E-09 9.5943E-09 1.0014E-08 1.0427E-08 1.0842E-08 1.1239E-08 1.1626E-08 1.2015E-08 1.2374E-08 1.2728E-08 1.3062E-08 1.3365E-08 1.3657E-08 1.3907E-08 1.4126E-08 1.4320E-08 1.4464E-08 1.4580E-08 1.4645E-08 1.4669E-08 1.4673E-08 1.4631E-08 1.4572E-08 1.4486E-08 1.4395E-08 1.4303E-08 1.4221E-08 1.4160E-08 1.4120E-08 1.4132E-08 1.4186E-08 1.4293E-08 1.4461E-08 1.4685E-08 1.4974E-08 1.5314E-08 1.5715E-08 1.6159E-08 1.6646E-08 1.7180E-08 1.7754E-08 1.8359E-08 1.8995E-08 1.9690E-08 2.0427E-08 2.1213E-08 2.2050E-08 2.2900E-08 2.3755E-08 2.4590E-08 2.5353E-08 2.5987E-08 2.6390E-08
7.2983E-09 7.6498E-09 8.0127E-09 8.3855E-09 8.7619E-09 9.1423E-09 9.5292E-09 9.9079E-09 1.0288E-08 1.0650E-08 1.1000E-08 1.1351E-08 1.1672E-08 1.1984E-08 1.2278E-08 1.2539E-08 1.2787E-08 1.2993E-08 1.3166E-08 1.3312E-08 1.3408E-08 1.3473E-08 1.3489E-08 1.3470E-08 1.3423E-08 1.3340E-08 1.3231E-08 1.3103E-08 1.2964E-08 1.2822E-08 1.2688E-08 1.2566E-08 1.2464E-08 1.2404E-08 1.2378E-08 1.2401E-08 1.2474E-08 1.2598E-08 1.2791E-08 1.3034E-08 1.3338E-08 1.3709E-08 1.4135E-08 1.4631E-08 1.5199E-08 1.5825E-08 1.6528E-08 1.7318E-08 1.8185E-08 1.9169E-08 2.0264E-08 2.1445E-08 2.2758E-08 2.4173E-08 2.5671E-08 2.7229E-08 2.8708E-08
6.9680E-09 7.2975E-09 7.6360E-09 7.9813E-09 8.3305E-09 8.6814E-09 9.0366E-09 9.3819E-09 9.7258E-09 1.0054E-08 1.0368E-08 1.0680E-08 1.0966E-08 1.1235E-08 1.1491E-08 1.1712E-08 1.1916E-08 1.2081E-08 1.2211E-08 1.2310E-08 1.2364E-08 1.2381E-08 1.2359E-08 1.2298E-08 1.2212E-08 1.2090E-08 1.1947E-08 1.1780E-08 1.1606E-08 1.1424E-08 1.1247E-08 1.1076E-08 1.0922E-08 1.0803E-08 1.0711E-08 1.0665E-08 1.0662E-08 1.0702E-08 1.0808E-08 1.0965E-08 1.1188E-08 1.1476E-08 1.1845E-08 1.2294E-08 1.2823E-08 1.3423E-08 1.4135E-08 1.4945E-08 1.5887E-08 1.6981E-08 1.8232E-08 1.9684E-08 2.1382E-08 2.3324E-08 2.5591E-08 2.8126E-08 3.0817E-08
6.6335E-09 6.9398E-09 7.2546E-09 7.5725E-09 7.8946E-09 8.2168E-09 8.5390E-09 8.8528E-09 9.1608E-09 9.4552E-09 9.7362E-09 1.0009E-08 1.0261E-08 1.0492E-08 1.0708E-08 1.0892E-08 1.1055E-08 1.1180E-08 1.1269E-08 1.1328E-08 1.1341E-08 1.1321E-08 1.1263E-08 1.1169E-08 1.1050E-08 1.0899E-08 1.0729E-08 1.0535E-08 1.0335E-08 1.0123E-08 9.9137E-09 9.7084E-09 9.5127E-09 9.3517E-09 9.2120E-09 9.1088E-09 9.0484E-09 9.0225E-09 9.0540E-09 9.1400E-09 9.2880E-09 9.5117E-09 9.8087E-09 1.0191E-08 1.0654E-08 1.1202E-08 1.1862E-08 1.2649E-08 1.3581E-08 1.4696E-08 1.6026E-08 1.7657E-08 1.9633E-08 2.2025E-08 2.4959E-08 2.8412E-08 3.2363E-08
6.2970E-09 6.5787E-09 6.8716E-09 7.1624E-09 7.4567E-09 7.7503E-09 8.0413E-09 8.3235E-09 8.5972E-09 8.8594E-09 9.1071E-09 9.3436E-09 9.5610E-09 9.7553E-09 9.9345E-09 1.0082E-08 1.0206E-08 1.0299E-08 1.0352E-08 1.0372E-08 1.0353E-08 1.0298E-08 1.0213E-08 1.0094E-08 9.9485E-09 9.7783E-09 9.5868E-09 9.3775E-09 9.1597E-09 8.9305E-09 8.6990E-09 8.4676E-09 8.2514E-09 8.0577E-09 7.8865E-09 7.7429E-09 7.6407E-09 7.5696E-09 7.5403E-09 7.5679E-09 7.6551E-09 7.8110E-09 8.0367E-09 8.3311E-09 8.7138E-09 9.1781E-09 9.7603E-09 1.0464E-08 1.1324E-08 1.2402E-08 1.3735E-08 1.5427E-08 1.7541E-08 2.0231E-08 2.3633E-08 2.7813E-08 3.2861E-08
5.9602E-09 6.2187E-09 6.4875E-09 6.7542E-09 7.0203E-09 7.2858E-09 7.5464E-09 7.7981E-09 8.0388E-09 8.2700E-09 8.4864E-09 8.6871E-09 8.8725E-09 9.0334E-09 9.1768E-09 9.2915E-09 9.3769E-09 9.4351E-09 9.4582E-09 9.4449E-09 9.4001E-09 9.3201E-09 9.2111E-09 9.0753E-09 8.9121E-09 8.7296E-09 8.5277E-09 8.3106E-09 8.0824E-09 7.8456E-09 7.6044E-09 7.3642E-09 7.1328E-09 6.9210E-09 6.7332E-09 6.5650E-09 6.4307E-09 6.3238E-09 6.2609E-09 6.2418E-09 6.2719E-09 6.3633E-09 6.5135E-09 6.7286E-09 7.0131E-09 7.3739E-09 7.8445E-09 8.4390E-09 9.2073E-09 1.0190E-08 1.1437E-08 1.3067E-08 1.5169E-08 1.7935E-08 2.1553E-08 2.6123E-08 3.1819E-08
