Assets/Resources/2015_m01_d20_0000(utc+0800)_l00_csi_1hr_conc.grd
DSAA
         159         159
     -79.000      79.000
     -79.000      79.000
  0.0000E+00  0.1552E-04
[rows 50 to 74 of 159, columns 0 to 56 of 159]
0.0000E+00 0.0000E+00 0.0000E+00 0.0000E+00 0.0000E+00 0.0000E+00 1.1887E-12 4.4899E-11 1.5888E-10 2.8393E-10 4.2954E-10 6.0557E-10 8.0771E-10 1.0302E-09 1.2753E-09 1.5366E-09 1.8120E-09 2.1025E-09 2.3974E-09 2.7001E-09 3.0021E-09 3.3034E-09 3.5954E-09 3.8895E-09 4.1706E-09 4.4616E-09 4.7383E-09 5.0052E-09 5.2518E-09 5.4747E-09 5.6803E-09 5.8638E-09 6.0288E-09 6.1774E-09 6.3010E-09 6.4255E-09 6.5230E-09 6.6256E-09 6.7039E-09 6.7741E-09 6.8440E-09 6.8933E-09 6.9575E-09 7.0002E-09 7.0485E-09 7.0944E-09 7.1328E-09 7.1815E-09 7.2178E-09 7.2476E-09 7.2954E-09 7.3265E-09 7.3756E-09 7.4147E-09 7.4627E-09 7.5235E-09 7.5869E-09
0.0000E+00 0.0000E+00 0.0000E+00 0.0000E+00 0.0000E+00 0.0000E+00 1.0838E-12 1.6584E-11 1.3466E-10 2.5783E-10 3.8624E-10 5.5545E-10 7.4365E-10 9.4510E-10 1.1817E-09 1.4294E-09 1.6908E-09 1.9679E-09 2.2409E-09 2.5412E-09 2.8333E-09 3.1269E-09 3.4128E-09 3.7024E-09 3.9815E-09 4.2707E-09 4.5482E-09 4.8161E-09 5.0646E-09 5.2928E-09 5.5041E-09 5.6938E-09 5.8652E-09 6.0210E-09 6.1607E-09 6.2883E-09 6.3939E-09 6.5065E-09 6.5903E-09 6.6805E-09 6.7533E-09 6.8194E-09 6.8873E-09 6.9387E-09 7.0048E-09 7.0528E-09 7.1077E-09 7.1592E-09 7.2041E-09 7.2499E-09 7.3002E-09 7.3386E-09 7.4005E-09 7.4464E-09 7.5172E-09 7.5800E-09 7.6552E-09
0.0000E+00 0.0000E+00 0.0000E+00 0.0000E+00 0.0000E+00 0.0000E+00 0.0000E+00 1.1179E-11 1.2196E-10 2.3440E-10 3.4642E-10 5.0758E-10 6.8322E-10 8.7147E-10 1.0934E-09 1.3270E-09 1.5740E-09 1.8384E-09 2.0994E-09 2.3785E-09 2.6646E-09 2.9541E-09 3.2330E-09 3.5181E-09 3.7987E-09 4.0800E-09 4.3542E-09 4.6220E-09 4.8763E-09 5.1075E-09 5.3287E-09 5.5171E-09 5.7031E-09 5.8599E-09 6.0135E-09 6.1410E-09 6.2649E-09 6.3801E-09 6.4722E-09 6.5732E-09 6.6532E-09 6.7384E-09 6.8087E-09 6.8757E-09 6.9465E-09 7.0032E-09 7.0757E-09 7.1292E-09 7.1815E-09 7.2467E-09 7.2980E-09 7.3644E-09 7.4191E-09 7.4841E-09 7.5589E-09 7.6310E-09 7.7297E-09
0.0000E+00 0.0000E+00 0.0000E+00 0.0000E+00 0.0000E+00 0.0000E+00 0.0000E+00 5.6932E-12 9.4101E-11 2.1264E-10 3.1009E-10 4.6276E-10 6.2641E-10 8.0122E-10 1.0098E-09 1.2297E-09 1.4632E-09 1.7142E-09 1.9625E-09 2.2259E-09 2.5048E-09 2.7807E-09 3.0571E-09 3.3365E-09 3.6125E-09 3.8875E-09 4.1635E-09 4.4307E-09 4.6893E-09 4.9194E-09 5.1445E-09 5.3360E-09 5.5306E-09 5.6917E-09 5.8547E-09 5.9904E-09 6.1284E-09 6.2431E-09 6.3538E-09 6.4578E-09 6.5461E-09 6.6429E-09 6.7204E-09 6.8066E-09 6.8795E-09 6.9518E-09 7.0273E-09 7.0906E-09 7.1686E-09 7.2275E-09 7.2976E-09 7.3652E-09 7.4300E-09 7.5165E-09 7.5938E-09 7.6978E-09 7.7879E-09
0.0000E+00 0.0000E+00 0.0000E+00 0.0000E+00 0.0000E+00 0.0000E+00 0.0000E+00 3.3191E-12 5.7760E-11 1.8481E-10 2.7329E-10 4.1858E-10 5.6728E-10 7.3595E-10 9.3077E-10 1.1297E-09 1.3578E-09 1.5889E-09 1.8321E-09 2.0837E-09 2.3411E-09 2.6172E-09 2.8848E-09 3.1587E-09 3.4232E-09 3.6972E-09 3.9705E-09 4.2362E-09 4.4977E-09 4.7292E-09 4.9557E-09 5.1530E-09 5.3534E-09 5.5187E-09 5.6884E-09 5.8297E-09 5.9786E-09 6.1019E-09 6.2275E-09 6.3312E-09 6.4385E-09 6.5388E-09 6.6245E-09 6.7222E-09 6.8035E-09 6.8938E-09 6.9711E-09 7.0420E-09 7.1311E-09 7.1994E-09 7.2886E-09 7.3581E-09 7.4434E-09 7.5322E-09 7.6311E-09 7.7363E-09 7.8395E-09
0.0000E+00 0.0000E+00 0.0000E+00 0.0000E+00 0.0000E+00 0.0000E+00 0.0000E+00 2.0103E-12 4.4863E-11 1.6699E-10 2.4805E-10 3.7779E-10 5.1814E-10 6.7402E-10 8.5641E-10 1.0431E-09 1.2578E-09 1.4757E-09 1.7073E-09 1.9432E-09 2.1891E-09 2.4544E-09 2.7172E-09 2.9848E-09 3.2434E-09 3.5125E-09 3.7822E-09 4.0455E-09 4.3057E-09 4.5377E-09 4.7647E-09 4.9673E-09 5.1716E-09 5.3486E-09 5.5183E-09 5.6664E-09 5.8225E-09 5.9505E-09 6.0877E-09 6.2000E-09 6.3223E-09 6.4259E-09 6.5264E-09 6.6285E-09 6.7178E-09 6.8186E-09 6.9039E-09 6.9944E-09 7.0848E-09 7.1713E-09 7.2630E-09 7.3413E-09 7.4482E-09 7.5380E-09 7.6603E-09 7.7659E-09 7.8933E-09
0.0000E+00 0.0000E+00 0.0000E+00 0.0000E+00 0.0000E+00 0.0000E+00 0.0000E+00 9.7779E-13 1.4733E-11 1.2802E-10 2.2393E-10 3.4035E-10 4.7241E-10 6.1690E-10 7.8062E-10 9.6081E-10 1.1631E-09 1.3689E-09 1.5885E-09 1.8124E-09 2.0481E-09 2.2927E-09 2.5555E-09 2.8154E-09 3.0668E-09 3.3308E-09 3.5961E-09 3.8560E-09 4.1139E-09 4.3447E-09 4.5739E-09 4.7793E-09 4.9851E-09 5.1673E-09 5.3407E-09 5.5049E-09 5.6606E-09 5.7957E-09 5.9408E-09 6.0578E-09 6.1921E-09 6.3032E-09 6.4205E-09 6.5254E-09 6.6293E-09 6.7345E-09 6.8275E-09 6.9356E-09 7.0279E-09 7.1340E-09 7.2253E-09 7.3247E-09 7.4340E-09 7.5341E-09 7.6702E-09 7.7854E-09 7.9371E-09
0.0000E+00 0.0000E+00 0.0000E+00 0.0000E+00 0.0000E+00 0.0000E+00 0.0000E+00 0.0000E+00 9.8515E-12 1.0780E-10 2.0252E-10 2.9517E-10 4.2356E-10 5.6366E-10 7.1587E-10 8.8424E-10 1.0739E-09 1.2672E-09 1.4718E-09 1.6876E-09 1.9131E-09 2.1466E-09 2.3948E-09 2.6460E-09 2.8953E-09 3.1527E-09 3.4100E-09 3.6662E-09 3.9204E-09 4.1521E-09 4.3824E-09 4.5954E-09 4.7981E-09 4.9843E-09 5.1624E-09 5.3315E-09 5.4900E-09 5.6420E-09 5.7870E-09 5.9114E-09 6.0538E-09 6.1729E-09 6.2994E-09 6.4126E-09 6.5312E-09 6.6398E-09 6.7485E-09 6.8598E-09 6.9594E-09 7.0776E-09 7.1772E-09 7.2972E-09 7.4080E-09 7.5297E-09 7.6675E-09 7.8031E-09 7.9587E-09
0.0000E+00 0.0000E+00 0.0000E+00 0.0000E+00 0.0000E+00 0.0000E+00 0.0000E+00 0.0000E+00 4.0705E-12 8.2658E-11 1.8284E-10 2.5996E-10 3.8421E-10 5.1417E-10 6.5475E-10 8.1249E-10 9.8992E-10 1.1657E-09 1.3652E-09 1.5698E-09 1.7842E-09 2.0019E-09 2.2354E-09 2.4815E-09 2.7287E-09 2.9791E-09 3.2222E-09 3.4792E-09 3.7240E-09 3.9620E-09 4.1913E-09 4.3980E-09 4.6082E-09 4.7988E-09 4.9791E-09 5.1539E-09 5.3176E-09 5.4754E-09 5.6266E-09 5.7654E-09 5.9077E-09 6.0331E-09 6.1693E-09 6.2892E-09 6.4180E-09 6.5346E-09 6.6506E-09 6.7727E-09 6.8892E-09 7.0084E-09 7.1168E-09 7.2492E-09 7.3684E-09 7.5126E-09 7.6501E-09 7.7981E-09 7.9656E-09
0.0000E+00 0.0000E+00 0.0000E+00 0.0000E+00 0.0000E+00 0.0000E+00 0.0000E+00 0.0000E+00 2.8897E-12 4.9941E-11 1.5790E-10 2.2788E-10 3.4863E-10 4.6829E-10 5.9222E-10 7.4544E-10 9.0473E-10 1.0766E-09 1.2645E-09 1.4539E-09 1.6578E-09 1.8692E-09 2.0926E-09 2.3284E-09 2.5673E-09 2.8049E-09 3.0470E-09 3.2987E-09 3.5386E-09 3.7738E-09 4.0013E-09 4.2078E-09 4.4189E-09 4.6114E-09 4.7933E-09 4.9714E-09 5.1380E-09 5.3036E-09 5.4578E-09 5.6055E-09 5.7542E-09 5.8941E-09 6.0302E-09 6.1576E-09 6.2948E-09 6.4189E-09 6.5512E-09 6.6731E-09 6.7982E-09 6.9278E-09 7.0542E-09 7.1884E-09 7.3161E-09 7.4731E-09 7.6187E-09 7.7886E-09 7.9562E-09
0.0000E+00 0.0000E+00 0.0000E+00 0.0000E+00 0.0000E+00 0.0000E+00 0.0000E+00 0.0000E+00 9.3113E-13 3.8483E-11 1.3497E-10 2.0607E-10 3.1588E-10 4.2587E-10 5.4074E-10 6.8293E-10 8.3101E-10 9.9290E-10 1.1689E-09 1.3486E-09 1.5411E-09 1.7429E-09 1.9560E-09 2.1772E-09 2.4117E-09 2.6411E-09 2.8766E-09 3.1221E-09 3.3568E-09 3.5880E-09 3.8115E-09 4.0172E-09 4.2296E-09 4.4230E-09 4.6072E-09 4.7877E-09 4.9586E-09 5.1275E-09 5.2845E-09 5.4395E-09 5.5916E-09 5.7401E-09 5.8828E-09 6.0236E-09 6.1617E-09 6.2928E-09 6.4325E-09 6.5620E-09 6.7045E-09 6.8338E-09 6.9688E-09 7.1131E-09 7.2603E-09 7.4187E-09 7.5709E-09 7.7538E-09 7.9288E-09
0.0000E+00 0.0000E+00 0.0000E+00 0.0000E+00 0.0000E+00 0.0000E+00 0.0000E+00 0.0000E+00 8.4318E-13 9.2228E-12 1.0816E-10 1.8539E-10 2.7805E-10 3.8111E-10 4.9304E-10 6.2479E-10 7.5697E-10 9.1448E-10 1.0791E-09 1.2458E-09 1.4314E-09 1.6228E-09 1.8252E-09 2.0375E-09 2.2574E-09 2.4786E-09 2.7115E-09 2.9423E-09 3.1710E-09 3.4028E-09 3.6192E-09 3.8296E-09 4.0411E-09 4.2332E-09 4.4192E-09 4.5994E-09 4.7764E-09 4.9477E-09 5.1098E-09 5.2682E-09 5.4234E-09 5.5791E-09 5.7273E-09 5.8748E-09 6.0194E-09 6.1557E-09 6.3041E-09 6.4405E-09 6.5909E-09 6.7279E-09 6.8807E-09 7.0248E-09 7.1793E-09 7.3481E-09 7.5184E-09 7.7020E-09 7.8837E-09
0.0000E+00 0.0000E+00 0.0000E+00 0.0000E+00 0.0000E+00 0.0000E+00 0.0000E+00 0.0000E+00 0.0000E+00 4.6717E-12 7.7046E-11 1.6716E-10 2.4024E-10 3.4569E-10 4.4894E-10 5.7016E-10 6.9418E-10 8.4115E-10 9.8999E-10 1.1527E-09 1.3232E-09 1.5053E-09 1.6962E-09 1.9041E-09 2.1089E-09 2.3273E-09 2.5519E-09 2.7677E-09 2.9955E-09 3.2216E-09 3.4368E-09 3.6444E-09 3.8544E-09 4.0384E-09 4.2323E-09 4.4117E-09 4.5923E-09 4.7624E-09 4.9313E-09 5.0924E-09 5.2527E-09 5.4118E-09 5.5659E-09 5.7179E-09 5.8690E-09 6.0171E-09 6.1653E-09 6.3079E-09 6.4645E-09 6.6093E-09 6.7703E-09 6.9214E-09 7.0935E-09 7.2623E-09 7.4386E-09 7.6322E-09 7.8188E-09
0.0000E+00 0.0000E+00 0.0000E+00 0.0000E+00 0.0000E+00 0.0000E+00 0.0000E+00 0.0000E+00 0.0000E+00 2.6854E-12 6.2327E-11 1.5052E-10 2.0384E-10 3.0774E-10 4.0825E-10 5.1478E-10 6.3579E-10 7.7212E-10 9.1232E-10 1.0653E-09 1.2260E-09 1.3981E-09 1.5792E-09 1.7771E-09 1.9721E-09 2.1821E-09 2.3929E-09 2.6071E-09 2.8277E-09 3.0425E-09 3.2532E-09 3.4623E-09 3.6634E-09 3.8526E-09 4.0460E-09 4.2255E-09 4.4071E-09 4.5786E-09 4.7501E-09 4.9103E-09 5.0774E-09 5.2391E-09 5.3972E-09 5.5537E-09 5.7096E-09 5.8629E-09 6.0174E-09 6.1637E-09 6.3276E-09 6.4785E-09 6.6458E-09 6.8049E-09 6.9842E-09 7.1600E-09 7.3418E-09 7.5433E-09 7.7353E-09
0.0000E+00 0.0000E+00 0.0000E+00 0.0000E+00 0.0000E+00 0.0000E+00 0.0000E+00 0.0000E+00 0.0000E+00 1.6365E-12 3.5390E-11 1.2950E-10 1.8357E-10 2.7853E-10 3.7079E-10 4.6405E-10 5.8162E-10 7.0786E-10 8.3430E-10 9.7953E-10 1.1313E-09 1.2971E-09 1.4685E-09 1.6564E-09 1.8424E-09 2.0431E-09 2.2451E-09 2.4522E-09 2.6656E-09 2.8684E-09 3.0796E-09 3.2826E-09 3.4810E-09 3.6693E-09 3.8610E-09 4.0323E-09 4.2205E-09 4.3915E-09 4.5669E-09 4.7289E-09 4.8984E-09 5.0593E-09 5.2240E-09 5.3832E-09 5.5438E-09 5.7005E-09 5.8605E-09 6.0205E-09 6.1796E-09 6.3360E-09 6.5095E-09 6.6748E-09 6.8600E-09 7.0413E-09 7.2294E-09 7.4366E-09 7.6438E-09
0.0000E+00 0.0000E+00 0.0000E+00 0.0000E+00 0.0000E+00 0.0000E+00 0.0000E+00 0.0000E+00 0.0000E+00 7.7959E-13 1.1391E-11 9.8163E-11 1.6503E-10 2.5178E-10 3.3571E-10 4.2267E-10 5.3144E-10 6.4382E-10 7.6729E-10 9.0270E-10 1.0460E-09 1.1977E-09 1.3602E-09 1.5370E-09 1.7191E-09 1.9105E-09 2.1041E-09 2.3032E-09 2.5067E-09 2.7032E-09 2.9084E-09 3.1022E-09 3.2983E-09 3.4892E-09 3.6714E-09 3.8477E-09 4.0333E-09 4.2002E-09 4.3828E-09 4.5434E-09 4.7167E-09 4.8795E-09 5.0462E-09 5.2075E-09 5.3707E-09 5.5308E-09 5.6945E-09 5.8575E-09 6.0219E-09 6.1817E-09 6.3606E-09 6.5315E-09 6.7207E-09 6.9079E-09 7.1004E-09 7.3114E-09 7.5226E-09
0.0000E+00 0.0000E+00 0.0000E+00 0.0000E+00 0.0000E+00 0.0000E+00 0.0000E+00 0.0000E+00 0.0000E+00 0.0000E+00 4.2580E-12 6.9648E-11 1.4877E-10 2.1306E-10 2.9977E-10 3.8456E-10 4.8444E-10 5.8959E-10 7.0490E-10 8.3155E-10 9.6270E-10 1.1083E-09 1.2621E-09 1.4288E-09 1.6021E-09 1.7837E-09 1.9694E-09 2.1603E-09 2.3492E-09 2.5438E-09 2.7426E-09 2.9339E-09 3.1256E-09 3.3126E-09 3.4907E-09 3.6669E-09 3.8491E-09 4.0170E-09 4.1985E-09 4.3527E-09 4.5333E-09 4.6946E-09 4.8650E-09 5.0270E-09 5.1933E-09 5.3552E-09 5.5222E-09 5.6777E-09 5.8560E-09 6.0174E-09 6.2022E-09 6.3761E-09 6.5681E-09 6.7599E-09 6.9551E-09 7.1700E-09 7.3727E-09
0.0000E+00 0.0000E+00 0.0000E+00 0.0000E+00 0.0000E+00 0.0000E+00 0.0000E+00 0.0000E+00 0.0000E+00 0.0000E+00 2.4381E-12 6.2525E-11 1.3396E-10 1.7797E-10 2.6620E-10 3.4950E-10 4.4107E-10 5.3468E-10 6.4633E-10 7.6524E-10 8.8537E-10 1.0219E-09 1.1699E-09 1.3233E-09 1.4915E-09 1.6633E-09 1.8362E-09 2.0226E-09 2.2054E-09 2.3929E-09 2.5850E-09 2.7707E-09 2.9576E-09 3.1339E-09 3.3094E-09 3.4889E-09 3.6623E-09 3.8353E-09 4.0126E-09 4.1694E-09 4.3490E-09 4.5036E-09 4.6812E-09 4.8357E-09 5.0115E-09 5.1671E-09 5.3430E-09 5.5007E-09 5.6820E-09 5.8452E-09 6.0336E-09 6.2094E-09 6.4051E-09 6.5984E-09 6.7958E-09 7.0125E-09 7.2171E-09
0.0000E+00 0.0000E+00 0.0000E+00 0.0000E+00 0.0000E+00 0.0000E+00 0.0000E+00 0.0000E+00 0.0000E+00 0.0000E+00 1.4915E-12 2.0177E-11 1.1512E-10 1.6025E-10 2.4089E-10 3.1731E-10 3.9749E-10 4.8881E-10 5.9200E-10 6.9902E-10 8.1580E-10 9.4436E-10 1.0792E-09 1.2283E-09 1.3870E-09 1.5499E-09 1.7145E-09 1.8923E-09 2.0678E-09 2.2481E-09 2.4332E-09 2.6078E-09 2.7930E-09 2.9657E-09 3.1383E-09 3.3148E-09 3.4774E-09 3.6552E-09 3.8222E-09 3.9872E-09 4.1625E-09 4.3196E-09 4.4958E-09 4.6510E-09 4.8265E-09 4.9824E-09 5.1597E-09 5.3189E-09 5.5003E-09 5.6644E-09 5.8561E-09 6.0321E-09 6.2215E-09 6.4247E-09 6.6233E-09 6.8405E-09 7.0454E-09
0.0000E+00 0.0000E+00 0.0000E+00 0.0000E+00 0.0000E+00 0.0000E+00 0.0000E+00 0.0000E+00 0.0000E+00 0.0000E+00 7.0600E-13 7.5106E-12 8.7045E-11 1.4409E-10 2.1777E-10 2.8720E-10 3.5740E-10 4.4645E-10 5.4225E-10 6.3745E-10 7.4813E-10 8.6882E-10 9.9476E-10 1.1390E-09 1.2881E-09 1.4385E-09 1.5991E-09 1.7684E-09 1.9366E-09 2.1073E-09 2.2852E-09 2.4540E-09 2.6339E-09 2.8037E-09 2.9717E-09 3.1429E-09 3.3036E-09 3.4769E-09 3.6370E-09 3.8071E-09 3.9708E-09 4.1363E-09 4.3078E-09 4.4652E-09 4.6395E-09 4.7950E-09 4.9726E-09 5.1325E-09 5.3131E-09 5.4779E-09 5.6702E-09 5.8461E-09 6.0381E-09 6.2402E-09 6.4297E-09 6.6554E-09 6.8603E-09
0.0000E+00 0.0000E+00 0.0000E+00 0.0000E+00 0.0000E+00 0.0000E+00 0.0000E+00 0.0000E+00 0.0000E+00 0.0000E+00 0.0000E+00 3.0936E-12 6.1619E-11 1.2995E-10 1.8371E-10 2.5965E-10 3.2515E-10 4.0682E-10 4.9194E-10 5.8533E-10 6.8871E-10 7.9884E-10 9.1981E-10 1.0514E-09 1.1912E-09 1.3379E-09 1.4889E-09 1.6508E-09 1.8111E-09 1.9731E-09 2.1389E-09 2.3064E-09 2.4817E-09 2.6472E-09 2.8100E-09 2.9704E-09 3.1351E-09 3.3037E-09 3.4623E-09 3.6295E-09 3.7837E-09 3.9543E-09 4.1139E-09 4.2797E-09 4.4435E-09 4.6069E-09 4.7829E-09 4.9419E-09 5.1224E-09 5.2877E-09 5.4699E-09 5.6543E-09 5.8362E-09 6.0458E-09 6.2369E-09 6.4591E-09 6.6634E-09
0.0000E+00 0.0000E+00 0.0000E+00 0.0000E+00 0.0000E+00 0.0000E+00 0.0000E+00 0.0000E+00 0.0000E+00 0.0000E+00 0.0000E+00 1.4733E-12 3.9365E-11 1.1172E-10 1.5317E-10 2.3136E-10 2.9555E-10 3.7034E-10 4.4552E-10 5.3648E-10 6.3346E-10 7.3305E-10 8.4656E-10 9.7335E-10 1.1048E-09 1.2431E-09 1.3859E-09 1.5394E-09 1.6877E-09 1.8474E-09 2.0064E-09 2.1673E-09 2.3354E-09 2.4962E-09 2.6520E-09 2.8099E-09 2.9713E-09 3.1358E-09 3.2914E-09 3.4527E-09 3.6070E-09 3.7741E-09 3.9242E-09 4.0950E-09 4.2478E-09 4.4187E-09 4.5848E-09 4.7492E-09 4.9202E-09 5.0936E-09 5.2638E-09 5.4575E-09 5.6390E-09 5.8439E-09 6.0356E-09 6.2527E-09 6.4565E-09
0.0000E+00 0.0000E+00 0.0000E+00 0.0000E+00 0.0000E+00 0.0000E+00 0.0000E+00 0.0000E+00 0.0000E+00 0.0000E+00 0.0000E+00 6.9476E-13 1.5451E-11 9.5336E-11 1.3739E-10 2.0563E-10 2.6841E-10 3.3337E-10 4.0732E-10 4.9127E-10 5.7785E-10 6.7237E-10 7.7878E-10 8.9659E-10 1.0239E-09 1.1500E-09 1.2888E-09 1.4301E-09 1.5758E-09 1.7279E-09 1.8779E-09 2.0323E-09 2.1952E-09 2.3452E-09 2.5021E-09 2.6546E-09 2.8125E-09 2.9703E-09 3.1235E-09 3.2798E-09 3.4335E-09 3.5945E-09 3.7444E-09 3.9119E-09 4.0626E-09 4.2309E-09 4.3856E-09 4.5569E-09 4.7163E-09 4.8963E-09 5.0652E-09 5.2564E-09 5.4359E-09 5.6379E-09 5.8275E-09 6.0300E-09 6.2407E-09
0.0000E+00 0.0000E+00 0.0000E+00 0.0000E+00 0.0000E+00 0.0000E+00 0.0000E+00 0.0000E+00 0.0000E+00 0.0000E+00 0.0000E+00 0.0000E+00 4.3430E-12 6.5895E-11 1.2414E-10 1.8290E-10 2.4302E-10 2.9953E-10 3.7209E-10 4.4998E-10 5.2641E-10 6.1923E-10 7.1868E-10 8.2477E-10 9.4456E-10 1.0661E-09 1.1975E-09 1.3308E-09 1.4696E-09 1.6147E-09 1.7560E-09 1.9037E-09 2.0570E-09 2.2053E-09 2.3580E-09 2.5049E-09 2.6577E-09 2.8062E-09 2.9593E-09 3.1137E-09 3.2639E-09 3.4185E-09 3.5677E-09 3.7292E-09 3.8795E-09 4.0442E-09 4.1959E-09 4.3649E-09 4.5223E-09 4.6977E-09 4.8655E-09 5.0433E-09 5.2294E-09 5.4186E-09 5.6143E-09 5.8015E-09 6.0181E-09
0.0000E+00 0.0000E+00 0.0000E+00 0.0000E+00 0.0000E+00 0.0000E+00 0.0000E+00 0.0000E+00 0.0000E+00 0.0000E+00 0.0000E+00 0.0000E+00 2.7339E-12 5.3712E-11 1.1207E-10 1.5204E-10 2.1980E-10 2.7265E-10 3.3913E-10 4.0789E-10 4.8289E-10 5.6751E-10 6.5738E-10 7.5884E-10 8.7101E-10 9.8839E-10 1.1117E-09 1.2373E-09 1.3694E-09 1.5066E-09 1.6381E-09 1.7836E-09 1.9252E-09 2.0721E-09 2.2199E-09 2.3600E-09 2.5077E-09 2.6539E-09 2.8014E-09 2.9462E-09 3.0987E-09 3.2489E-09 3.3946E-09 3.5496E-09 3.6991E-09 3.8591E-09 4.0088E-09 4.1741E-09 4.3281E-09 4.5005E-09 4.6644E-09 4.8385E-09 5.0217E-09 5.2062E-09 5.3967E-09 5.5805E-09 5.7906E-09
