Assets/Resources/2015_m01_d09_1100(utc+0800)_l00_csi_1hr_conc.grd
DSAA
         159         159
     -79.000      79.000
     -79.000      79.000
  0.4367E-09  0.5735E-05
[rows 25 to 49 of 159, columns 57 to 113 of 159]
1.4283E-09 1.4465E-09 1.4647E-09 1.4831E-09 1.5011E-09 1.5189E-09 1.5371E-09 1.5555E-09 1.5729E-09 1.5903E-09 1.6078E-09 1.6252E-09 1.6423E-09 1.6594E-09 1.6763E-09 1.6921E-09 1.7088E-09 1.7250E-09 1.7408E-09 1.7560E-09 1.7716E-09 1.7872E-09 1.8013E-09 1.8151E-09 1.8295E-09 1.8427E-09 1.8559E-09 1.8696E-09 1.8818E-09 1.8939E-09 1.9054E-09 1.9165E-09 1.9272E-09 1.9379E-09 1.9478E-09 1.9574E-09 1.9666E-09 1.9753E-09 1.9837E-09 1.9916E-09 1.9991E-09 2.0062E-09 2.0128E-09 2.0189E-09 2.0246E-09 2.0290E-09 2.0339E-09 2.0376E-09 2.0416E-09 2.0452E-09 2.0474E-09 2.0501E-09 2.0517E-09 2.0536E-09 2.0547E-09 2.0551E-09 2.0552E-09
1.4567E-09 1.4760E-09 1.4942E-09 1.5130E-09 1.5325E-09 1.5508E-09 1.5689E-09 1.5878E-09 1.6064E-09 1.6243E-09 1.6423E-09 1.6598E-09 1.6775E-09 1.6946E-09 1.7120E-09 1.7286E-09 1.7465E-09 1.7626E-09 1.7789E-09 1.7945E-09 1.8111E-09 1.8259E-09 1.8404E-09 1.8555E-09 1.8693E-09 1.8831E-09 1.8973E-09 1.9101E-09 1.9226E-09 1.9348E-09 1.9465E-09 1.9579E-09 1.9689E-09 1.9795E-09 1.9897E-09 1.9995E-09 2.0088E-09 2.0177E-09 2.0262E-09 2.0342E-09 2.0417E-09 2.0488E-09 2.0555E-09 2.0617E-09 2.0675E-09 2.0728E-09 2.0777E-09 2.0812E-09 2.0852E-09 2.0880E-09 2.0911E-09 2.0938E-09 2.0950E-09 2.0961E-09 2.0974E-09 2.0973E-09 2.0971E-09
1.4862E-09 1.5056E-09 1.5256E-09 1.5444E-09 1.5638E-09 1.5835E-09 1.6023E-09 1.6212E-09 1.6399E-09 1.6588E-09 1.6773E-09 1.6948E-09 1.7143E-09 1.7324E-09 1.7494E-09 1.7674E-09 1.7845E-09 1.8015E-09 1.8178E-09 1.8345E-09 1.8503E-09 1.8655E-09 1.8803E-09 1.8949E-09 1.9092E-09 1.9240E-09 1.9389E-09 1.9521E-09 1.9650E-09 1.9774E-09 1.9895E-09 2.0011E-09 2.0124E-09 2.0232E-09 2.0336E-09 2.0445E-09 2.0539E-09 2.0630E-09 2.0715E-09 2.0797E-09 2.0864E-09 2.0937E-09 2.1004E-09 2.1067E-09 2.1125E-09 2.1178E-09 2.1227E-09 2.1271E-09 2.1297E-09 2.1322E-09 2.1353E-09 2.1378E-09 2.1399E-09 2.1406E-09 2.1417E-09 2.1418E-09 2.1411E-09
1.5169E-09 1.5368E-09 1.5573E-09 1.5771E-09 1.5970E-09 1.6163E-09 1.6358E-09 1.6556E-09 1.6755E-09 1.6945E-09 1.7136E-09 1.7329E-09 1.7514E-09 1.7698E-09 1.7873E-09 1.8060E-09 1.8230E-09 1.8398E-09 1.8563E-09 1.8735E-09 1.8907E-09 1.9064E-09 1.9217E-09 1.9368E-09 1.9523E-09 1.9680E-09 1.9819E-09 1.9955E-09 2.0087E-09 2.0215E-09 2.0339E-09 2.0467E-09 2.0582E-09 2.0692E-09 2.0811E-09 2.0913E-09 2.1025E-09 2.1118E-09 2.1205E-09 2.1288E-09 2.1365E-09 2.1422E-09 2.1477E-09 2.1541E-09 2.1590E-09 2.1644E-09 2.1692E-09 2.1736E-09 2.1775E-09 2.1809E-09 2.1824E-09 2.1840E-09 2.1859E-09 2.1874E-09 2.1871E-09 2.1867E-09 2.1868E-09
1.5486E-09 1.5692E-09 1.5895E-09 1.6097E-09 1.6301E-09 1.6505E-09 1.6717E-09 1.6912E-09 1.7118E-09 1.7317E-09 1.7505E-09 1.7703E-09 1.7890E-09 1.8073E-09 1.8262E-09 1.8440E-09 1.8629E-09 1.8802E-09 1.8981E-09 1.9148E-09 1.9326E-09 1.9488E-09 1.9646E-09 1.9809E-09 1.9974E-09 2.0121E-09 2.0281E-09 2.0421E-09 2.0557E-09 2.0688E-09 2.0814E-09 2.0949E-09 2.1067E-09 2.1196E-09 2.1305E-09 2.1408E-09 2.1507E-09 2.1619E-09 2.1708E-09 2.1792E-09 2.1871E-09 2.1945E-09 2.2014E-09 2.2077E-09 2.2136E-09 2.2143E-09 2.2191E-09 2.2234E-09 2.2272E-09 2.2305E-09 2.2333E-09 2.2355E-09 2.2344E-09 2.2348E-09 2.2357E-09 2.2347E-09 2.2337E-09
1.5805E-09 1.6013E-09 1.6225E-09 1.6441E-09 1.6651E-09 1.6867E-09 1.7076E-09 1.7274E-09 1.7485E-09 1.7681E-09 1.7874E-09 1.8075E-09 1.8279E-09 1.8467E-09 1.8662E-09 1.8859E-09 1.9040E-09 1.9219E-09 1.9404E-09 1.9590E-09 1.9776E-09 1.9943E-09 2.0106E-09 2.0266E-09 2.0434E-09 2.0602E-09 2.0750E-09 2.0911E-09 2.1051E-09 2.1186E-09 2.1329E-09 2.1470E-09 2.1591E-09 2.1708E-09 2.1836E-09 2.1943E-09 2.2044E-09 2.2160E-09 2.2251E-09 2.2336E-09 2.2417E-09 2.2492E-09 2.2561E-09 2.2625E-09 2.2683E-09 2.2736E-09 2.2784E-09 2.2826E-09 2.2817E-09 2.2829E-09 2.2856E-09 2.2877E-09 2.2892E-09 2.2890E-09 2.2862E-09 2.2863E-09 2.2859E-09
1.6129E-09 1.6354E-09 1.6568E-09 1.6797E-09 1.7005E-09 1.7226E-09 1.7431E-09 1.7635E-09 1.7848E-09 1.8062E-09 1.8263E-09 1.8470E-09 1.8680E-09 1.8874E-09 1.9076E-09 1.9279E-09 1.9482E-09 1.9667E-09 1.9849E-09 2.0041E-09 2.0232E-09 2.0405E-09 2.0591E-09 2.0769E-09 2.0945E-09 2.1102E-09 2.1255E-09 2.1421E-09 2.1564E-09 2.1736E-09 2.1886E-09 2.2016E-09 2.2141E-09 2.2278E-09 2.2393E-09 2.2521E-09 2.2647E-09 2.2746E-09 2.2839E-09 2.2926E-09 2.3008E-09 2.3084E-09 2.3247E-09 2.3312E-09 2.3371E-09 2.3424E-09 2.3471E-09 2.3511E-09 2.3547E-09 2.3483E-09 2.3479E-09 2.3480E-09 2.3474E-09 2.3461E-09 2.3463E-09 2.3432E-09 2.3407E-09
1.6478E-09 1.6700E-09 1.6917E-09 1.7144E-09 1.7358E-09 1.7580E-09 1.7805E-09 1.8016E-09 1.8235E-09 1.8457E-09 1.8673E-09 1.8878E-09 1.9095E-09 1.9312E-09 1.9511E-09 1.9721E-09 1.9931E-09 2.0123E-09 2.0341E-09 2.0527E-09 2.0724E-09 2.0902E-09 2.1106E-09 2.1277E-09 2.1479E-09 2.1642E-09 2.1817E-09 2.1971E-09 2.2140E-09 2.2321E-09 2.2461E-09 2.2595E-09 2.2834E-09 2.2960E-09 2.3099E-09 2.3234E-09 2.3342E-09 2.3445E-09 2.3542E-09 2.3723E-09 2.3808E-09 2.3886E-09 2.3959E-09 2.4024E-09 2.4084E-09 2.4136E-09 2.4183E-09 2.4223E-09 2.4256E-09 2.4284E-09 2.4304E-09 2.4319E-09 2.4327E-09 2.4207E-09 2.4186E-09 2.4157E-09 2.4143E-09
1.6820E-09 1.7042E-09 1.7264E-09 1.7494E-09 1.7729E-09 1.7958E-09 1.8191E-09 1.8418E-09 1.8636E-09 1.8865E-09 1.9095E-09 1.9321E-09 1.9532E-09 1.9756E-09 1.9975E-09 2.0197E-09 2.0414E-09 2.0613E-09 2.0838E-09 2.1045E-09 2.1254E-09 2.1456E-09 2.1638E-09 2.1849E-09 2.2023E-09 2.2230E-09 2.2395E-09 2.2667E-09 2.2839E-09 2.3013E-09 2.3160E-09 2.3318E-09 2.3547E-09 2.3697E-09 2.3843E-09 2.3963E-09 2.4076E-09 2.4183E-09 2.4373E-09 2.4468E-09 2.4571E-09 2.4652E-09 2.4726E-09 2.4793E-09 2.4891E-09 2.4925E-09 2.4955E-09 2.4994E-09 2.5006E-09 2.5031E-09 2.5049E-09 2.5061E-09 2.5066E-09 2.5063E-09 2.5040E-09 2.4918E-09 2.4879E-09
1.7159E-09 1.7389E-09 1.7641E-09 1.7870E-09 1.8112E-09 1.8349E-09 1.8590E-09 1.8816E-09 1.9057E-09 1.9294E-09 1.9532E-09 1.9766E-09 2.0002E-09 2.0235E-09 2.0462E-09 2.0691E-09 2.0915E-09 2.1141E-09 2.1362E-09 2.1577E-09 2.1793E-09 2.2024E-09 2.2213E-09 2.2525E-09 2.2729E-09 2.2925E-09 2.3100E-09 2.3380E-09 2.3567E-09 2.3728E-09 2.3899E-09 2.4138E-09 2.4301E-09 2.4459E-09 2.4591E-09 2.4716E-09 2.4834E-09 2.5034E-09 2.5139E-09 2.5255E-09 2.5345E-09 2.5448E-09 2.5524E-09 2.5592E-09 2.5653E-09 2.5706E-09 2.5751E-09 2.5789E-09 2.5819E-09 2.5842E-09 2.5857E-09 2.5847E-09 2.5848E-09 2.5821E-09 2.5807E-09 2.5787E-09 2.5759E-09
1.7523E-09 1.7760E-09 1.8020E-09 1.8258E-09 1.8508E-09 1.8761E-09 1.9009E-09 1.9260E-09 1.9506E-09 1.9739E-09 2.0003E-09 2.0245E-09 2.0490E-09 2.0731E-09 2.0973E-09 2.1226E-09 2.1463E-09 2.1695E-09 2.1929E-09 2.2171E-09 2.2471E-09 2.2713E-09 2.2914E-09 2.3221E-09 2.3452E-09 2.3642E-09 2.3844E-09 2.4115E-09 2.4311E-09 2.4480E-09 2.4643E-09 2.4907E-09 2.5079E-09 2.5224E-09 2.5362E-09 2.5493E-09 2.5704E-09 2.5821E-09 2.5930E-09 2.6050E-09 2.6144E-09 2.6229E-09 2.6307E-09 2.6376E-09 2.6438E-09 2.6576E-09 2.6621E-09 2.6658E-09 2.6686E-09 2.6706E-09 2.6718E-09 2.6637E-09 2.6634E-09 2.6623E-09 2.6604E-09 2.6578E-09 2.6525E-09
1.7898E-09 1.8157E-09 1.8403E-09 1.8666E-09 1.8925E-09 1.9186E-09 1.9444E-09 1.9721E-09 1.9976E-09 2.0235E-09 2.0491E-09 2.0749E-09 2.1018E-09 2.1254E-09 2.1522E-09 2.1789E-09 2.2036E-09 2.2371E-09 2.2617E-09 2.2858E-09 2.3185E-09 2.3423E-09 2.3654E-09 2.3953E-09 2.4179E-09 2.4380E-09 2.4681E-09 2.4892E-09 2.5077E-09 2.5256E-09 2.5514E-09 2.5681E-09 2.5860E-09 2.6012E-09 2.6156E-09 2.6378E-09 2.6508E-09 2.6630E-09 2.6743E-09 2.6848E-09 2.6944E-09 2.7032E-09 2.7111E-09 2.7182E-09 2.7243E-09 2.7296E-09 2.7339E-09 2.7374E-09 2.7401E-09 2.7419E-09 2.7429E-09 2.7430E-09 2.7423E-09 2.7407E-09 2.7384E-09 2.7353E-09 2.7314E-09
1.8276E-09 1.8560E-09 1.8816E-09 1.9088E-09 1.9356E-09 1.9644E-09 1.9911E-09 2.0197E-09 2.0451E-09 2.0739E-09 2.1005E-09 2.1273E-09 2.1552E-09 2.1820E-09 2.2099E-09 2.2457E-09 2.2718E-09 2.3065E-09 2.3325E-09 2.3579E-09 2.3923E-09 2.4153E-09 2.4396E-09 2.4707E-09 2.4944E-09 2.5156E-09 2.5449E-09 2.5670E-09 2.5865E-09 2.6053E-09 2.6320E-09 2.6495E-09 2.6661E-09 2.6820E-09 2.6971E-09 2.7113E-09 2.7247E-09 2.7372E-09 2.7488E-09 2.7596E-09 2.7694E-09 2.7783E-09 2.7863E-09 2.7933E-09 2.7994E-09 2.8046E-09 2.8089E-09 2.8123E-09 2.8147E-09 2.8163E-09 2.8170E-09 2.8168E-09 2.8157E-09 2.8137E-09 2.8110E-09 2.8073E-09 2.8029E-09
1.8683E-09 1.8977E-09 1.9242E-09 1.9553E-09 1.9819E-09 2.0118E-09 2.0383E-09 2.0699E-09 2.0963E-09 2.1277E-09 2.1539E-09 2.1841E-09 2.2209E-09 2.2510E-09 2.2786E-09 2.3158E-09 2.3434E-09 2.3779E-09 2.4053E-09 2.4321E-09 2.4676E-09 2.4920E-09 2.5245E-09 2.5500E-09 2.5730E-09 2.5953E-09 2.6257E-09 2.6469E-09 2.6674E-09 2.6871E-09 2.7060E-09 2.7241E-09 2.7414E-09 2.7579E-09 2.7735E-09 2.7881E-09 2.8019E-09 2.8148E-09 2.8267E-09 2.8376E-09 2.8476E-09 2.8566E-09 2.8647E-09 2.8718E-09 2.8779E-09 2.8830E-09 2.8872E-09 2.8904E-09 2.8927E-09 2.8940E-09 2.8944E-09 2.8938E-09 2.8923E-09 2.8899E-09 2.8866E-09 2.8825E-09 2.8775E-09
1.9103E-09 1.9424E-09 1.9701E-09 2.0010E-09 2.0287E-09 2.0616E-09 2.0893E-09 2.1221E-09 2.1518E-09 2.1829E-09 2.2218E-09 2.2531E-09 2.2899E-09 2.3215E-09 2.3491E-09 2.3877E-09 2.4168E-09 2.4548E-09 2.4817E-09 2.5168E-09 2.5450E-09 2.5708E-09 2.6045E-09 2.6294E-09 2.6535E-09 2.6771E-09 2.6999E-09 2.7219E-09 2.7432E-09 2.7637E-09 2.7834E-09 2.8022E-09 2.8201E-09 2.8372E-09 2.8533E-09 2.8684E-09 2.8826E-09 2.8957E-09 2.9079E-09 2.9191E-09 2.9293E-09 2.9385E-09 2.9467E-09 2.9538E-09 2.9599E-09 2.9650E-09 2.9690E-09 2.9721E-09 2.9741E-09 2.9751E-09 2.9751E-09 2.9742E-09 2.9723E-09 2.9694E-09 2.9656E-09 2.9609E-09 2.9553E-09
1.9556E-09 1.9876E-09 2.0164E-09 2.0504E-09 2.0793E-09 2.1134E-09 2.1445E-09 2.1770E-09 2.2174E-09 2.2502E-09 2.2908E-09 2.3221E-09 2.3605E-09 2.3938E-09 2.4319E-09 2.4632E-09 2.4921E-09 2.5315E-09 2.5600E-09 2.5965E-09 2.6243E-09 2.6514E-09 2.6780E-09 2.7039E-09 2.7291E-09 2.7536E-09 2.7774E-09 2.8003E-09 2.8225E-09 2.8438E-09 2.8643E-09 2.8838E-09 2.9023E-09 2.9199E-09 2.9366E-09 2.9522E-09 2.9668E-09 2.9804E-09 2.9929E-09 3.0044E-09 3.0148E-09 3.0241E-09 3.0324E-09 3.0395E-09 3.0456E-09 3.0506E-09 3.0545E-09 3.0574E-09 3.0591E-09 3.0599E-09 3.0595E-09 3.0582E-09 3.0558E-09 3.0524E-09 3.0480E-09 3.0427E-09 3.0364E-09
2.0012E-09 2.0363E-09 2.0664E-09 2.1017E-09 2.1319E-09 2.1679E-09 2.2097E-09 2.2440E-09 2.2861E-09 2.3191E-09 2.3613E-09 2.3945E-09 2.4365E-09 2.4678E-09 2.5075E-09 2.5405E-09 2.5711E-09 2.6101E-09 2.6402E-09 2.6697E-09 2.6986E-09 2.7270E-09 2.7547E-09 2.7817E-09 2.8081E-09 2.8336E-09 2.8584E-09 2.8823E-09 2.9054E-09 2.9275E-09 2.9487E-09 2.9689E-09 2.9882E-09 3.0064E-09 3.0236E-09 3.0398E-09 3.0549E-09 3.0688E-09 3.0817E-09 3.0935E-09 3.1041E-09 3.1136E-09 3.1220E-09 3.1292E-09 3.1352E-09 3.1401E-09 3.1439E-09 3.1465E-09 3.1480E-09 3.1484E-09 3.1477E-09 3.1458E-09 3.1430E-09 3.1390E-09 3.1340E-09 3.1280E-09 3.1211E-09
2.0505E-09 2.0869E-09 2.1183E-09 2.1556E-09 2.1872E-09 2.2343E-09 2.2779E-09 2.3125E-09 2.3564E-09 2.3913E-09 2.4353E-09 2.4685E-09 2.5122E-09 2.5454E-09 2.5868E-09 2.6196E-09 2.6519E-09 2.6838E-09 2.7152E-09 2.7461E-09 2.7763E-09 2.8059E-09 2.8349E-09 2.8631E-09 2.8905E-09 2.9172E-09 2.9429E-09 2.9678E-09 2.9918E-09 3.0148E-09 3.0369E-09 3.0579E-09 3.0779E-09 3.0968E-09 3.1147E-09 3.1314E-09 3.1470E-09 3.1614E-09 3.1746E-09 3.1867E-09 3.1975E-09 3.2072E-09 3.2156E-09 3.2229E-09 3.2289E-09 3.2337E-09 3.2373E-09 3.2397E-09 3.2409E-09 3.2409E-09 3.2397E-09 3.2374E-09 3.2340E-09 3.2295E-09 3.2238E-09 3.2171E-09 3.2093E-09
2.1016E-09 2.1400E-09 2.1729E-09 2.2212E-09 2.2549E-09 2.3022E-09 2.3476E-09 2.3842E-09 2.4299E-09 2.4650E-09 2.5108E-09 2.5460E-09 2.5896E-09 2.6246E-09 2.6593E-09 2.6936E-09 2.7274E-09 2.7607E-09 2.7935E-09 2.8258E-09 2.8574E-09 2.8883E-09 2.9185E-09 2.9480E-09 2.9766E-09 3.0043E-09 3.0312E-09 3.0572E-09 3.0822E-09 3.1061E-09 3.1291E-09 3.1509E-09 3.1717E-09 3.1914E-09 3.2098E-09 3.2271E-09 3.2432E-09 3.2581E-09 3.2717E-09 3.2841E-09 3.2952E-09 3.3050E-09 3.3136E-09 3.3208E-09 3.3268E-09 3.3315E-09 3.3349E-09 3.3370E-09 3.3379E-09 3.3375E-09 3.3359E-09 3.3331E-09 3.3291E-09 3.3238E-09 3.3173E-09 3.3097E-09 3.3010E-09
2.1553E-09 2.2045E-09 2.2395E-09 2.2881E-09 2.3239E-09 2.3731E-09 2.4204E-09 2.4574E-09 2.5050E-09 2.5422E-09 2.5879E-09 2.6251E-09 2.6620E-09 2.6986E-09 2.7349E-09 2.7707E-09 2.8061E-09 2.8410E-09 2.8753E-09 2.9089E-09 2.9419E-09 2.9742E-09 3.0058E-09 3.0365E-09 3.0664E-09 3.0954E-09 3.1234E-09 3.1505E-09 3.1766E-09 3.2016E-09 3.2254E-09 3.2482E-09 3.2698E-09 3.2902E-09 3.3094E-09 3.3273E-09 3.3439E-09 3.3593E-09 3.3733E-09 3.3860E-09 3.3973E-09 3.4073E-09 3.4160E-09 3.4233E-09 3.4292E-09 3.4337E-09 3.4369E-09 3.4388E-09 3.4393E-09 3.4385E-09 3.4363E-09 3.4328E-09 3.4280E-09 3.4220E-09 3.4148E-09 3.4064E-09 3.3968E-09
2.2206E-09 2.2702E-09 2.3074E-09 2.3579E-09 2.3960E-09 2.4454E-09 2.4948E-09 2.5339E-09 2.5816E-09 2.6209E-09 2.6600E-09 2.6989E-09 2.7375E-09 2.7758E-09 2.8137E-09 2.8512E-09 2.8881E-09 2.9246E-09 2.9604E-09 2.9956E-09 3.0301E-09 3.0639E-09 3.0968E-09 3.1289E-09 3.1602E-09 3.1905E-09 3.2198E-09 3.2480E-09 3.2752E-09 3.3013E-09 3.3262E-09 3.3499E-09 3.3723E-09 3.3935E-09 3.4134E-09 3.4320E-09 3.4492E-09 3.4650E-09 3.4795E-09 3.4925E-09 3.5041E-09 3.5143E-09 3.5230E-09 3.5303E-09 3.5362E-09 3.5406E-09 3.5435E-09 3.5450E-09 3.5450E-09 3.5436E-09 3.5409E-09 3.5368E-09 3.5313E-09 3.5245E-09 3.5165E-09 3.5072E-09 3.4966E-09
2.2872E-09 2.3388E-09 2.3783E-09 2.4291E-09 2.4800E-09 2.5209E-09 2.5705E-09 2.6118E-09 2.6530E-09 2.6941E-09 2.7350E-09 2.7757E-09 2.8161E-09 2.8561E-09 2.8957E-09 2.9349E-09 2.9736E-09 3.0117E-09 3.0492E-09 3.0860E-09 3.1221E-09 3.1574E-09 3.1919E-09 3.2255E-09 3.2581E-09 3.2898E-09 3.3204E-09 3.3499E-09 3.3783E-09 3.4054E-09 3.4314E-09 3.4561E-09 3.4795E-09 3.5015E-09 3.5221E-09 3.5414E-09 3.5592E-09 3.5756E-09 3.5905E-09 3.6039E-09 3.6157E-09 3.6261E-09 3.6349E-09 3.6422E-09 3.6479E-09 3.6520E-09 3.6546E-09 3.6557E-09 3.6553E-09 3.6534E-09 3.6501E-09 3.6453E-09 3.6391E-09 3.6315E-09 3.6226E-09 3.6123E-09 3.6007E-09
2.3565E-09 2.4085E-09 2.4504E-09 2.5034E-09 2.5546E-09 2.5978E-09 2.6410E-09 2.6842E-09 2.7273E-09 2.7703E-09 2.8131E-09 2.8556E-09 2.8978E-09 2.9397E-09 2.9811E-09 3.0221E-09 3.0626E-09 3.1025E-09 3.1417E-09 3.1803E-09 3.2180E-09 3.2550E-09 3.2911E-09 3.3262E-09 3.3603E-09 3.3934E-09 3.4254E-09 3.4563E-09 3.4859E-09 3.5143E-09 3.5413E-09 3.5671E-09 3.5914E-09 3.6143E-09 3.6358E-09 3.6558E-09 3.6742E-09 3.6911E-09 3.7065E-09 3.7202E-09 3.7324E-09 3.7428E-09 3.7516E-09 3.7588E-09 3.7643E-09 3.7683E-09 3.7706E-09 3.7713E-09 3.7705E-09 3.7680E-09 3.7640E-09 3.7586E-09 3.7516E-09 3.7430E-09 3.7331E-09 3.7217E-09 3.7090E-09
2.4270E-09 2.4813E-09 2.5256E-09 2.5789E-09 2.6240E-09 2.6691E-09 2.7143E-09 2.7594E-09 2.8045E-09 2.8494E-09 2.8941E-09 2.9386E-09 2.9828E-09 3.0267E-09 3.0701E-09 3.1130E-09 3.1554E-09 3.1971E-09 3.2382E-09 3.2786E-09 3.3181E-09 3.3568E-09 3.3946E-09 3.4313E-09 3.4670E-09 3.5017E-09 3.5351E-09 3.5673E-09 3.5983E-09 3.6279E-09 3.6562E-09 3.6830E-09 3.7084E-09 3.7322E-09 3.7545E-09 3.7753E-09 3.7944E-09 3.8118E-09 3.8275E-09 3.8416E-09 3.8539E-09 3.8645E-09 3.8733E-09 3.8805E-09 3.8860E-09 3.8897E-09 3.8917E-09 3.8920E-09 3.8907E-09 3.8876E-09 3.8829E-09 3.8766E-09 3.8687E-09 3.8592E-09 3.8483E-09 3.8358E-09 3.8220E-09
2.5005E-09 2.5552E-09 2.6019E-09 2.6489E-09 2.6960E-09 2.7432E-09 2.7904E-09 2.8376E-09 2.8847E-09 2.9317E-09 2.9785E-09 3.0251E-09 3.0713E-09 3.1172E-09 3.1627E-09 3.2076E-09 3.2520E-09 3.2958E-09 3.3388E-09 3.3810E-09 3.4225E-09 3.4630E-09 3.5025E-09 3.5410E-09 3.5784E-09 3.6146E-09 3.6496E-09 3.6833E-09 3.7156E-09 3.7466E-09 3.7761E-09 3.8041E-09 3.8305E-09 3.8553E-09 3.8861E-09 3.9077E-09 3.9275E-09 3.9456E-09 3.9619E-09 3.9764E-09 3.9891E-09 4.0000E-09 4.0164E-09 4.0237E-09 4.0290E-09 4.0325E-09 4.0342E-09 4.0340E-09 4.0319E-09 4.0207E-09 4.0151E-09 4.0079E-09 3.9990E-09 3.9884E-09 3.9762E-09 3.9625E-09 3.9398E-09
