Assets/Resources/2015_m01_d16_0200(utc+0800)_l00_csi_1hr_conc.grd
DSAA
         159         159
     -79.000      79.000
     -79.000      79.000
  0.0000E+00  0.5206E-04
[rows 25 to 49 of 159, columns 0 to 56 of 159]
1.5504E-10 1.6317E-10 1.7190E-10 1.8048E-10 1.8991E-10 1.9947E-10 2.0915E-10 2.2011E-10 2.3060E-10 2.4213E-10 2.5384E-10 2.6573E-10 2.7867E-10 2.9178E-10 3.0500E-10 3.1861E-10 3.3326E-10 3.4799E-10 3.6277E-10 3.7789E-10 3.9432E-10 4.1013E-10 4.2623E-10 4.4327E-10 4.6029E-10 4.7721E-10 4.9981E-10 5.2349E-10 5.6671E-10 6.0464E-10 6.3919E-10 6.7348E-10 7.0928E-10 7.4564E-10 7.7941E-10 8.1507E-10 8.6070E-10 9.0555E-10 9.4196E-10 9.7969E-10 1.0186E-09 1.0587E-09 1.1052E-09 1.1744E-09 1.2323E-09 1.3085E-09 1.3831E-09 1.4583E-09 1.5423E-09 1.6300E-09 1.7206E-09 1.8142E-09 1.9124E-09 2.0222E-09 2.1322E-09 2.2469E-09 2.3672E-09
1.5529E-10 1.6370E-10 1.7221E-10 1.8081E-10 1.9053E-10 1.9988E-10 2.0989E-10 2.2060E-10 2.3113E-10 2.4300E-10 2.5447E-10 2.6641E-10 2.7972E-10 2.9259E-10 3.0587E-10 3.1987E-10 3.3460E-10 3.4910E-10 3.6397E-10 3.7950E-10 3.9572E-10 4.1163E-10 4.2783E-10 4.4533E-10 4.6214E-10 4.7919E-10 5.0580E-10 5.4071E-10 5.8290E-10 6.1657E-10 6.5382E-10 6.8892E-10 7.2448E-10 7.5838E-10 7.9353E-10 8.3900E-10 8.8296E-10 9.2299E-10 9.6073E-10 9.9987E-10 1.0403E-09 1.0861E-09 1.1538E-09 1.2080E-09 1.2815E-09 1.3575E-09 1.4295E-09 1.5114E-09 1.5999E-09 1.6913E-09 1.7856E-09 1.8821E-09 1.9873E-09 2.1014E-09 2.2168E-09 2.3391E-09 2.4635E-09
1.5546E-10 1.6414E-10 1.7243E-10 1.8131E-10 1.9081E-10 2.0019E-10 2.1053E-10 2.2099E-10 2.3185E-10 2.4347E-10 2.5498E-10 2.6727E-10 2.8034E-10 2.9326E-10 3.0660E-10 3.2067E-10 3.3548E-10 3.5005E-10 3.6500E-10 3.8095E-10 3.9694E-10 4.1294E-10 4.2958E-10 4.4687E-10 4.6380E-10 4.8474E-10 5.1064E-10 5.6183E-10 5.9781E-10 6.3218E-10 6.6629E-10 7.0296E-10 7.3893E-10 7.7303E-10 8.1316E-10 8.5693E-10 9.0307E-10 9.4076E-10 9.7989E-10 1.0205E-09 1.0667E-09 1.1335E-09 1.1845E-09 1.2533E-09 1.3285E-09 1.4013E-09 1.4796E-09 1.5674E-09 1.6589E-09 1.7543E-09 1.8516E-09 1.9531E-09 2.0676E-09 2.1840E-09 2.3070E-09 2.4355E-09 2.5638E-09
1.5581E-10 1.6426E-10 1.7257E-10 1.8172E-10 1.9100E-10 2.0040E-10 2.1107E-10 2.2127E-10 2.3246E-10 2.4383E-10 2.5537E-10 2.6801E-10 2.8083E-10 2.9379E-10 3.0718E-10 3.2163E-10 3.3620E-10 3.5084E-10 3.6585E-10 3.8221E-10 3.9798E-10 4.1407E-10 4.3115E-10 4.4822E-10 4.6525E-10 4.9009E-10 5.3928E-10 5.7653E-10 6.1073E-10 6.4381E-10 6.8039E-10 7.1689E-10 7.5036E-10 7.8647E-10 8.3331E-10 8.7850E-10 9.1982E-10 9.5886E-10 9.9943E-10 1.0458E-09 1.1128E-09 1.1630E-09 1.2283E-09 1.2992E-09 1.3720E-09 1.4480E-09 1.5325E-09 1.6248E-09 1.7210E-09 1.8203E-09 1.9206E-09 2.0312E-09 2.1481E-09 2.2703E-09 2.4014E-09 2.5341E-09 2.6682E-09
1.5607E-10 1.6430E-10 1.7262E-10 1.8180E-10 1.9110E-10 2.0081E-10 2.1122E-10 2.2144E-10 2.3266E-10 2.4406E-10 2.5563E-10 2.6861E-10 2.8118E-10 2.9419E-10 3.0762E-10 3.2244E-10 3.3676E-10 3.5146E-10 3.6687E-10 3.8300E-10 3.9884E-10 4.1501E-10 4.3251E-10 4.4936E-10 4.6923E-10 5.1359E-10 5.5299E-10 5.9018E-10 6.2301E-10 6.5615E-10 6.9285E-10 7.2934E-10 7.6375E-10 8.0628E-10 8.5050E-10 8.9724E-10 9.3684E-10 9.7729E-10 1.0235E-09 1.0887E-09 1.1410E-09 1.2037E-09 1.2700E-09 1.3404E-09 1.4166E-09 1.4977E-09 1.5889E-09 1.6843E-09 1.7846E-09 1.8871E-09 1.9926E-09 2.1110E-09 2.2321E-09 2.3622E-09 2.4998E-09 2.6369E-09 2.7787E-09
1.5602E-10 1.6426E-10 1.7284E-10 1.8203E-10 1.9110E-10 2.0113E-10 2.1127E-10 2.2150E-10 2.3305E-10 2.4418E-10 2.5608E-10 2.6880E-10 2.8139E-10 2.9444E-10 3.0823E-10 3.2280E-10 3.3716E-10 3.5192E-10 3.6772E-10 3.8360E-10 3.9951E-10 4.1610E-10 4.3337E-10 4.5030E-10 4.8330E-10 5.2573E-10 5.6565E-10 5.9983E-10 6.3407E-10 6.6796E-10 7.0644E-10 7.3947E-10 7.8088E-10 8.2440E-10 8.6996E-10 9.1377E-10 9.5414E-10 1.0002E-09 1.0613E-09 1.1173E-09 1.1802E-09 1.2437E-09 1.3098E-09 1.3846E-09 1.4625E-09 1.5508E-09 1.6482E-09 1.7469E-09 1.8513E-09 1.9568E-09 2.0718E-09 2.1926E-09 2.3196E-09 2.4582E-09 2.6005E-09 2.7437E-09 2.8956E-09
1.5614E-10 1.6414E-10 1.7273E-10 1.8194E-10 1.9101E-10 2.0106E-10 2.1121E-10 2.2176E-10 2.3303E-10 2.4418E-10 2.5610E-10 2.6885E-10 2.8147E-10 2.9454E-10 3.0870E-10 3.2299E-10 3.3740E-10 3.5221E-10 3.6839E-10 3.8402E-10 3.9999E-10 4.1699E-10 4.3402E-10 4.5206E-10 4.9929E-10 5.4180E-10 5.7558E-10 6.0845E-10 6.4412E-10 6.8035E-10 7.1748E-10 7.5592E-10 7.9533E-10 8.4074E-10 8.8785E-10 9.2992E-10 9.7579E-10 1.0337E-09 1.0921E-09 1.1549E-09 1.2169E-09 1.2842E-09 1.3536E-09 1.4290E-09 1.5147E-09 1.6075E-09 1.7057E-09 1.8132E-09 1.9185E-09 2.0315E-09 2.1525E-09 2.2776E-09 2.4129E-09 2.5584E-09 2.7052E-09 2.8640E-09 3.0323E-09
1.5594E-10 1.6394E-10 1.7279E-10 1.8175E-10 1.9112E-10 2.0118E-10 2.1105E-10 2.2191E-10 2.3290E-10 2.4406E-10 2.5630E-10 2.6877E-10 2.8141E-10 2.9451E-10 3.0901E-10 3.2304E-10 3.3748E-10 3.5266E-10 3.6858E-10 3.8426E-10 4.0029E-10 4.1769E-10 4.3447E-10 4.7508E-10 5.1287E-10 5.5291E-10 5.8555E-10 6.2082E-10 6.5517E-10 6.9249E-10 7.3056E-10 7.6802E-10 8.1340E-10 8.5603E-10 9.0467E-10 9.5029E-10 9.9684E-10 1.0656E-09 1.1281E-09 1.1917E-09 1.2600E-09 1.3238E-09 1.3978E-09 1.4788E-09 1.5689E-09 1.6661E-09 1.7734E-09 1.8779E-09 1.9886E-09 2.1094E-09 2.2350E-09 2.3661E-09 2.5102E-09 2.6606E-09 2.8251E-09 2.9954E-09 3.1823E-09
1.5567E-10 1.6366E-10 1.7251E-10 1.8148E-10 1.9085E-10 2.0092E-10 2.1079E-10 2.2166E-10 2.3266E-10 2.4382E-10 2.5638E-10 2.6857E-10 2.8122E-10 2.9465E-10 3.0887E-10 3.2292E-10 3.3740E-10 3.5261E-10 3.6859E-10 3.8432E-10 4.0074E-10 4.1788E-10 4.4633E-10 4.8496E-10 5.2683E-10 5.6043E-10 5.9421E-10 6.2916E-10 6.6574E-10 7.0378E-10 7.4171E-10 7.8083E-10 8.2752E-10 8.7609E-10 9.2251E-10 9.6720E-10 1.0380E-09 1.0986E-09 1.1649E-09 1.2343E-09 1.2973E-09 1.3678E-09 1.4471E-09 1.5317E-09 1.6224E-09 1.7313E-09 1.8353E-09 1.9452E-09 2.0635E-09 2.1910E-09 2.3208E-09 2.4604E-09 2.6115E-09 2.7841E-09 2.9580E-09 3.1438E-09 3.3224E-09
1.5531E-10 1.6355E-10 1.7240E-10 1.8111E-10 1.9078E-10 2.0056E-10 2.1072E-10 2.2160E-10 2.3230E-10 2.4377E-10 2.5604E-10 2.6823E-10 2.8088E-10 2.9465E-10 3.0858E-10 3.2265E-10 3.3715E-10 3.5273E-10 3.6843E-10 3.8419E-10 4.0066E-10 4.2247E-10 4.5833E-10 4.9762E-10 5.3616E-10 5.6867E-10 6.0388E-10 6.3854E-10 6.7547E-10 7.1577E-10 7.5324E-10 7.9574E-10 8.4175E-10 8.9186E-10 9.3939E-10 1.0050E-09 1.0644E-09 1.1334E-09 1.2043E-09 1.2698E-09 1.3379E-09 1.4162E-09 1.4963E-09 1.5817E-09 1.6890E-09 1.7912E-09 1.8997E-09 2.0192E-09 2.1442E-09 2.2739E-09 2.4100E-09 2.5607E-09 2.7325E-09 2.9140E-09 3.0993E-09 3.2819E-09 3.4668E-09
1.5489E-10 1.6312E-10 1.7196E-10 1.8066E-10 1.9033E-10 2.0010E-10 2.1026E-10 2.2114E-10 2.3183E-10 2.4360E-10 2.5557E-10 2.6776E-10 2.8041E-10 2.9420E-10 3.0814E-10 3.2223E-10 3.3674E-10 3.5268E-10 3.6809E-10 3.8389E-10 4.0074E-10 4.3618E-10 4.6455E-10 5.0948E-10 5.4355E-10 5.7764E-10 6.1242E-10 6.4827E-10 6.8931E-10 7.2545E-10 7.6360E-10 8.1217E-10 8.5942E-10 9.1067E-10 9.6735E-10 1.0308E-09 1.1028E-09 1.1729E-09 1.2399E-09 1.3062E-09 1.3862E-09 1.4625E-09 1.5464E-09 1.6467E-09 1.7461E-09 1.8527E-09 1.9729E-09 2.0949E-09 2.2239E-09 2.3619E-09 2.5091E-09 2.6787E-09 2.8653E-09 3.0468E-09 3.2350E-09 3.4241E-09 3.6264E-09
1.5438E-10 1.6285E-10 1.7143E-10 1.8012E-10 1.9007E-10 1.9954E-10 2.0999E-10 2.2056E-10 2.3125E-10 2.4301E-10 2.5498E-10 2.6716E-10 2.7981E-10 2.9391E-10 3.0756E-10 3.2165E-10 3.3650E-10 3.5214E-10 3.6757E-10 3.8339E-10 4.0533E-10 4.3923E-10 4.7819E-10 5.1663E-10 5.4937E-10 5.8552E-10 6.2094E-10 6.5770E-10 6.9869E-10 7.3511E-10 7.7676E-10 8.2530E-10 8.7932E-10 9.2798E-10 9.9854E-10 1.0729E-09 1.1400E-09 1.2074E-09 1.2750E-09 1.3561E-09 1.4297E-09 1.5146E-09 1.6075E-09 1.7010E-09 1.8064E-09 1.9229E-09 2.0433E-09 2.1714E-09 2.3107E-09 2.4559E-09 2.6239E-09 2.8085E-09 2.9887E-09 3.1797E-09 3.3764E-09 3.5790E-09 3.7894E-09
1.5381E-10 1.6226E-10 1.7083E-10 1.7979E-10 1.8944E-10 1.9888E-10 2.0933E-10 2.1989E-10 2.3055E-10 2.4261E-10 2.5426E-10 2.6643E-10 2.7939E-10 2.9318E-10 3.0682E-10 3.2091E-10 3.3610E-10 3.5144E-10 3.6688E-10 3.8306E-10 4.1880E-10 4.4659E-10 4.8836E-10 5.2524E-10 5.5757E-10 5.9392E-10 6.2979E-10 6.6944E-10 7.0648E-10 7.4533E-10 7.9199E-10 8.3988E-10 8.9430E-10 9.6186E-10 1.0389E-09 1.1041E-09 1.1712E-09 1.2422E-09 1.3206E-09 1.3948E-09 1.4839E-09 1.5694E-09 1.6582E-09 1.7603E-09 1.8716E-09 1.9899E-09 2.1163E-09 2.2568E-09 2.3994E-09 2.5671E-09 2.7502E-09 2.9300E-09 3.1185E-09 3.3180E-09 3.5286E-09 3.7392E-09 3.9605E-09
1.5316E-10 1.6184E-10 1.7014E-10 1.7908E-10 1.8871E-10 1.9814E-10 2.0886E-10 2.1910E-10 2.3006E-10 2.4179E-10 2.5342E-10 2.6557E-10 2.7883E-10 2.9231E-10 3.0594E-10 3.2002E-10 3.3522E-10 3.5056E-10 3.6601E-10 3.9407E-10 4.2140E-10 4.5529E-10 4.9570E-10 5.3034E-10 5.6406E-10 6.0065E-10 6.3959E-10 6.7786E-10 7.1515E-10 7.5553E-10 8.0421E-10 8.5920E-10 9.2034E-10 9.9823E-10 1.0662E-09 1.1351E-09 1.2080E-09 1.2834E-09 1.3579E-09 1.4486E-09 1.5313E-09 1.6175E-09 1.7166E-09 1.8204E-09 1.9352E-09 2.0594E-09 2.1982E-09 2.3398E-09 2.5065E-09 2.6894E-09 2.8701E-09 3.0544E-09 3.2531E-09 3.4685E-09 3.6833E-09 3.9077E-09 4.1405E-09
1.5269E-10 1.6110E-10 1.6937E-10 1.7859E-10 1.8790E-10 1.9760E-10 2.0800E-10 2.1822E-10 2.2915E-10 2.4086E-10 2.5246E-10 2.6458E-10 2.7783E-10 2.9129E-10 3.0491E-10 3.1898E-10 3.3450E-10 3.4952E-10 3.6497E-10 4.0047E-10 4.2744E-10 4.6426E-10 5.0235E-10 5.3614E-10 5.7125E-10 6.0895E-10 6.4664E-10 6.8552E-10 7.2374E-10 7.6754E-10 8.1945E-10 8.7289E-10 9.5717E-10 1.0266E-09 1.0977E-09 1.1698E-09 1.2445E-09 1.3184E-09 1.4085E-09 1.4909E-09 1.5767E-09 1.6730E-09 1.7716E-09 1.8806E-09 2.0010E-09 2.1377E-09 2.2774E-09 2.4426E-09 2.6206E-09 2.8074E-09 2.9884E-09 3.1849E-09 3.3997E-09 3.6195E-09 3.8506E-09 4.0867E-09 4.3240E-09
1.5190E-10 1.6028E-10 1.6852E-10 1.7771E-10 1.8700E-10 1.9666E-10 2.0704E-10 2.1722E-10 2.2843E-10 2.3982E-10 2.5138E-10 2.6347E-10 2.7701E-10 2.9014E-10 3.0373E-10 3.1811E-10 3.3330E-10 3.4832E-10 3.7531E-10 4.0294E-10 4.3386E-10 4.7134E-10 5.0915E-10 5.4179E-10 5.7873E-10 6.1871E-10 6.5427E-10 6.9290E-10 7.3279E-10 7.8233E-10 8.3293E-10 9.1117E-10 9.8470E-10 1.0576E-09 1.1231E-09 1.2042E-09 1.2772E-09 1.3674E-09 1.4482E-09 1.5336E-09 1.6294E-09 1.7250E-09 1.8285E-09 1.9429E-09 2.0755E-09 2.2128E-09 2.3650E-09 2.5500E-09 2.7379E-09 2.9190E-09 3.1145E-09 3.3271E-09 3.5464E-09 3.7843E-09 4.0259E-09 4.2660E-09 4.5097E-09
1.5103E-10 1.5939E-10 1.6759E-10 1.7705E-10 1.8600E-10 1.9594E-10 2.0598E-10 2.1613E-10 2.2730E-10 2.3866E-10 2.5018E-10 2.6255E-10 2.7575E-10 2.8885E-10 3.0241E-10 3.1677E-10 3.3195E-10 3.4695E-10 3.8161E-10 4.0850E-10 4.3889E-10 4.7771E-10 5.1254E-10 5.4816E-10 5.8552E-10 6.2453E-10 6.6161E-10 7.0041E-10 7.4123E-10 7.9568E-10 8.5965E-10 9.4024E-10 1.0167E-09 1.0826E-09 1.1625E-09 1.2345E-09 1.3237E-09 1.4036E-09 1.4882E-09 1.5833E-09 1.6783E-09 1.7786E-09 1.8872E-09 2.0135E-09 2.1465E-09 2.2903E-09 2.4676E-09 2.6609E-09 2.8447E-09 3.0403E-09 3.2517E-09 3.4711E-09 3.7068E-09 3.9515E-09 4.1997E-09 4.4478E-09 4.7027E-09
1.5035E-10 1.5842E-10 1.6688E-10 1.7601E-10 1.8493E-10 1.9483E-10 2.0483E-10 2.1493E-10 2.2637E-10 2.3738E-10 2.4887E-10 2.6120E-10 2.7436E-10 2.8743E-10 3.0095E-10 3.1561E-10 3.3044E-10 3.5689E-10 3.8332E-10 4.1185E-10 4.4485E-10 4.8386E-10 5.1745E-10 5.5314E-10 5.9343E-10 6.2932E-10 6.6879E-10 7.0777E-10 7.5274E-10 8.1176E-10 8.9501E-10 9.7267E-10 1.0413E-09 1.1197E-09 1.1905E-09 1.2737E-09 1.3573E-09 1.4408E-09 1.5311E-09 1.6291E-09 1.7286E-09 1.8338E-09 1.9540E-09 2.0804E-09 2.2197E-09 2.3877E-09 2.5799E-09 2.7659E-09 2.9607E-09 3.1721E-09 3.3927E-09 3.6243E-09 3.8664E-09 4.1211E-09 4.3769E-09 4.6366E-09 4.9023E-09
1.4935E-10 1.5738E-10 1.6580E-10 1.7489E-10 1.8376E-10 1.9392E-10 2.0359E-10 2.1395E-10 2.2504E-10 2.3600E-10 2.4743E-10 2.6003E-10 2.7285E-10 2.8587E-10 2.9935E-10 3.1398E-10 3.2878E-10 3.6240E-10 3.8657E-10 4.1472E-10 4.5026E-10 4.8955E-10 5.2222E-10 5.5994E-10 5.9892E-10 6.3580E-10 6.7426E-10 7.1497E-10 7.7006E-10 8.3832E-10 9.2274E-10 9.9445E-10 1.0752E-09 1.1446E-09 1.2246E-09 1.3094E-09 1.3916E-09 1.4788E-09 1.5774E-09 1.6760E-09 1.7802E-09 1.8968E-09 2.0168E-09 2.1492E-09 2.3064E-09 2.4979E-09 2.6829E-09 2.8764E-09 3.0828E-09 3.3097E-09 3.5380E-09 3.7785E-09 4.0331E-09 4.2928E-09 4.5606E-09 4.8315E-09 5.1155E-09
1.4829E-10 1.5627E-10 1.6465E-10 1.7369E-10 1.8282E-10 1.9263E-10 2.0225E-10 2.1256E-10 2.2361E-10 2.3451E-10 2.4589E-10 2.5844E-10 2.7121E-10 2.8418E-10 2.9761E-10 3.1252E-10 3.3167E-10 3.6368E-10 3.9154E-10 4.1847E-10 4.5681E-10 4.9307E-10 5.2697E-10 5.6695E-10 6.0362E-10 6.4122E-10 6.8117E-10 7.2704E-10 7.8672E-10 8.7114E-10 9.4805E-10 1.0293E-09 1.0979E-09 1.1770E-09 1.2600E-09 1.3409E-09 1.4266E-09 1.5237E-09 1.6210E-09 1.7241E-09 1.8393E-09 1.9556E-09 2.0813E-09 2.2198E-09 2.4085E-09 2.5969E-09 2.7874E-09 2.9904E-09 3.2180E-09 3.4463E-09 3.6863E-09 3.9391E-09 4.1987E-09 4.4705E-09 4.7500E-09 5.0393E-09 5.3273E-09
1.4740E-10 1.5509E-10 1.6372E-10 1.7242E-10 1.8149E-10 1.9125E-10 2.0082E-10 2.1108E-10 2.2207E-10 2.3292E-10 2.4423E-10 2.5673E-10 2.6944E-10 2.8235E-10 2.9606E-10 3.1060E-10 3.3687E-10 3.6499E-10 3.9259E-10 4.2121E-10 4.6107E-10 4.9706E-10 5.3129E-10 5.7120E-10 6.0816E-10 6.4627E-10 6.8719E-10 7.4062E-10 8.0911E-10 8.9324E-10 9.7658E-10 1.0505E-09 1.1270E-09 1.2096E-09 1.2888E-09 1.3729E-09 1.4682E-09 1.5639E-09 1.6655E-09 1.7793E-09 1.8941E-09 2.0158E-09 2.1474E-09 2.3108E-09 2.5048E-09 2.6952E-09 2.8951E-09 3.1190E-09 3.3478E-09 3.5879E-09 3.8381E-09 4.0978E-09 4.3697E-09 4.6536E-09 4.9517E-09 5.2453E-09 5.5456E-09
1.4621E-10 1.5384E-10 1.6242E-10 1.7107E-10 1.8009E-10 1.8980E-10 1.9930E-10 2.0980E-10 2.2043E-10 2.3122E-10 2.4247E-10 2.5521E-10 2.6756E-10 2.8040E-10 2.9406E-10 3.1314E-10 3.4206E-10 3.6774E-10 3.9325E-10 4.2636E-10 4.6448E-10 5.0002E-10 5.3783E-10 5.7556E-10 6.1341E-10 6.5131E-10 6.9877E-10 7.5491E-10 8.3686E-10 9.2134E-10 1.0036E-09 1.0772E-09 1.1537E-09 1.2357E-09 1.3179E-09 1.4094E-09 1.5051E-09 1.6048E-09 1.7148E-09 1.8300E-09 1.9500E-09 2.0773E-09 2.2272E-09 2.4092E-09 2.5968E-09 2.7963E-09 3.0146E-09 3.2433E-09 3.4820E-09 3.7306E-09 3.9916E-09 4.2614E-09 4.5457E-09 4.8482E-09 5.1509E-09 5.4570E-09 5.7702E-09
1.4495E-10 1.5253E-10 1.6105E-10 1.6964E-10 1.7890E-10 1.8825E-10 1.9769E-10 2.0814E-10 2.1870E-10 2.2941E-10 2.4091E-10 2.5328E-10 2.6555E-10 2.7833E-10 2.9192E-10 3.1788E-10 3.4288E-10 3.7006E-10 3.9490E-10 4.2843E-10 4.6758E-10 5.0398E-10 5.4188E-10 5.8001E-10 6.1666E-10 6.5773E-10 7.1241E-10 7.7749E-10 8.5768E-10 9.5110E-10 1.0279E-09 1.0997E-09 1.1818E-09 1.2620E-09 1.3474E-09 1.4447E-09 1.5424E-09 1.6463E-09 1.7633E-09 1.8816E-09 2.0069E-09 2.1463E-09 2.3138E-09 2.4984E-09 2.6912E-09 2.9066E-09 3.1333E-09 3.3697E-09 3.6150E-09 3.8783E-09 4.1471E-09 4.4296E-09 4.7303E-09 5.0401E-09 5.3551E-09 5.6743E-09 6.0053E-09
1.4363E-10 1.5115E-10 1.5991E-10 1.6815E-10 1.7734E-10 1.8663E-10 1.9600E-10 2.0638E-10 2.1688E-10 2.2751E-10 2.3894E-10 2.5123E-10 2.6343E-10 2.7613E-10 2.8998E-10 3.2257E-10 3.4489E-10 3.7131E-10 3.9640E-10 4.3383E-10 4.7163E-10 5.0829E-10 5.4598E-10 5.8241E-10 6.2058E-10 6.6980E-10 7.2480E-10 7.9728E-10 8.8664E-10 9.7387E-10 1.0480E-09 1.1251E-09 1.2053E-09 1.2884E-09 1.3832E-09 1.4786E-09 1.5802E-09 1.6946E-09 1.8106E-09 1.9339E-09 2.0690E-09 2.2165E-09 2.3993E-09 2.5862E-09 2.7923E-09 3.0157E-09 3.2515E-09 3.4949E-09 3.7547E-09 4.0252E-09 4.3065E-09 4.6013E-09 4.9160E-09 5.2357E-09 5.5640E-09 5.8989E-09 6.2422E-09
1.4225E-10 1.5001E-10 1.5841E-10 1.6658E-10 1.7571E-10 1.8493E-10 1.9423E-10 2.0484E-10 2.1496E-10 2.2551E-10 2.3686E-10 2.4908E-10 2.6120E-10 2.7382E-10 2.9223E-10 3.2300E-10 3.4678E-10 3.7167E-10 3.9831E-10 4.3616E-10 4.7326E-10 5.1145E-10 5.4823E-10 5.8551E-10 6.2694E-10 6.8088E-10 7.3802E-10 8.2128E-10 9.1249E-10 9.9558E-10 1.0684E-09 1.1483E-09 1.2289E-09 1.3190E-09 1.4136E-09 1.5127E-09 1.6224E-09 1.7377E-09 1.8584E-09 1.9869E-09 2.1301E-09 2.2936E-09 2.4838E-09 2.6771E-09 2.8952E-09 3.1291E-09 3.3681E-09 3.6219E-09 3.8945E-09 4.1753E-09 4.4692E-09 4.7825E-09 5.1024E-09 5.4353E-09 5.7769E-09 6.1296E-09 6.4799E-09
