Assets/Resources/2015_m01_d12_1800(utc+0800)_l00_csi_1hr_conc.grd
DSAA
         159         159
     -79.000      79.000
     -79.000      79.000
  0.0000E+00  0.1509E-04
[rows 50 to 74 of 159, columns 0 to 56 of 159]
1.8554E-09 1.9753E-09 2.0910E-09 2.2173E-09 2.3383E-09 2.4607E-09 2.5957E-09 2.7248E-09 2.8636E-09 2.9991E-09 3.1401E-09 3.2932E-09 3.4449E-09 3.6120E-09 3.7840E-09 3.9685E-09 4.1653E-09 4.3663E-09 4.5945E-09 4.8257E-09 5.0751E-09 5.3482E-09 5.6321E-09 5.9474E-09 6.2736E-09 6.6300E-09 7.0263E-09 7.4305E-09 7.9017E-09 8.3723E-09 8.8768E-09 9.4606E-09 1.0045E-08 1.0708E-08 1.1385E-08 1.2116E-08 1.2902E-08 1.3704E-08 1.4573E-08 1.5429E-08 1.6302E-08 1.7178E-08 1.8004E-08 1.8794E-08 1.9496E-08 2.0100E-08 2.0566E-08 2.0876E-08 2.0970E-08 2.0844E-08 2.0459E-08 1.9821E-08 1.8899E-08 1.7739E-08 1.6337E-08 1.4768E-08 1.3041E-08
1.6535E-09 1.7596E-09 1.8615E-09 1.9735E-09 2.0807E-09 2.1891E-09 2.3095E-09 2.4248E-09 2.5496E-09 2.6716E-09 2.7999E-09 2.9400E-09 3.0795E-09 3.2347E-09 3.3951E-09 3.5687E-09 3.7545E-09 3.9453E-09 4.1635E-09 4.3847E-09 4.6248E-09 4.8890E-09 5.1641E-09 5.4718E-09 5.7917E-09 6.1412E-09 6.5356E-09 6.9356E-09 7.4098E-09 7.8837E-09 8.3949E-09 8.9995E-09 9.6031E-09 1.0303E-08 1.1018E-08 1.1801E-08 1.2656E-08 1.3533E-08 1.4499E-08 1.5458E-08 1.6457E-08 1.7474E-08 1.8447E-08 1.9421E-08 2.0308E-08 2.1113E-08 2.1785E-08 2.2290E-08 2.2573E-08 2.2628E-08 2.2384E-08 2.1852E-08 2.0998E-08 1.9855E-08 1.8409E-08 1.6751E-08 1.4895E-08
1.4629E-09 1.5558E-09 1.6450E-09 1.7431E-09 1.8372E-09 1.9326E-09 2.0388E-09 2.1410E-09 2.2522E-09 2.3613E-09 2.4767E-09 2.6040E-09 2.7311E-09 2.8739E-09 3.0221E-09 3.1834E-09 3.3568E-09 3.5357E-09 3.7421E-09 3.9513E-09 4.1794E-09 4.4319E-09 4.6945E-09 4.9909E-09 5.2991E-09 5.6376E-09 6.0232E-09 6.4133E-09 6.8835E-09 7.3532E-09 7.8634E-09 8.4794E-09 9.0934E-09 9.8192E-09 1.0563E-08 1.1385E-08 1.2298E-08 1.3234E-08 1.4285E-08 1.5338E-08 1.6440E-08 1.7601E-08 1.8728E-08 1.9887E-08 2.0968E-08 2.1977E-08 2.2874E-08 2.3605E-08 2.4111E-08 2.4375E-08 2.4312E-08 2.3936E-08 2.3182E-08 2.2097E-08 2.0663E-08 1.8922E-08 1.6905E-08
1.2846E-09 1.3653E-09 1.4425E-09 1.5279E-09 1.6097E-09 1.6927E-09 1.7857E-09 1.8753E-09 1.9734E-09 2.0705E-09 2.1734E-09 2.2878E-09 2.4027E-09 2.5328E-09 2.6683E-09 2.8163E-09 2.9774E-09 3.1428E-09 3.3361E-09 3.5306E-09 3.7447E-09 3.9827E-09 4.2303E-09 4.5116E-09 4.8047E-09 5.1271E-09 5.4985E-09 5.8724E-09 6.3330E-09 6.7909E-09 7.2927E-09 7.9100E-09 8.5261E-09 9.2655E-09 1.0026E-08 1.0874E-08 1.1827E-08 1.2811E-08 1.3927E-08 1.5060E-08 1.6266E-08 1.7558E-08 1.8837E-08 2.0163E-08 2.1454E-08 2.2685E-08 2.3832E-08 2.4823E-08 2.5588E-08 2.6087E-08 2.6271E-08 2.6087E-08 2.5501E-08 2.4501E-08 2.3080E-08 2.1265E-08 1.9124E-08
1.1195E-09 1.1891E-09 1.2552E-09 1.3284E-09 1.3994E-09 1.4709E-09 1.5517E-09 1.6294E-09 1.7152E-09 1.8005E-09 1.8916E-09 1.9938E-09 2.0966E-09 2.2139E-09 2.3365E-09 2.4712E-09 2.6188E-09 2.7700E-09 2.9487E-09 3.1279E-09 3.3261E-09 3.5480E-09 3.7777E-09 4.0415E-09 4.3148E-09 4.6173E-09 4.9684E-09 5.3237E-09 5.7668E-09 6.2077E-09 6.6913E-09 7.3031E-09 7.9100E-09 8.6531E-09 9.4167E-09 1.0276E-08 1.1252E-08 1.2266E-08 1.3439E-08 1.4634E-08 1.5932E-08 1.7335E-08 1.8759E-08 2.0274E-08 2.1772E-08 2.3232E-08 2.4659E-08 2.5924E-08 2.6994E-08 2.7795E-08 2.8261E-08 2.8331E-08 2.7953E-08 2.7080E-08 2.5710E-08 2.3873E-08 2.1587E-08
9.6815E-10 1.0272E-09 1.0837E-09 1.1456E-09 1.2067E-09 1.2680E-09 1.3370E-09 1.4043E-09 1.4782E-09 1.5529E-09 1.6332E-09 1.7234E-09 1.8143E-09 1.9187E-09 2.0290E-09 2.1503E-09 2.2844E-09 2.4211E-09 2.5834E-09 2.7470E-09 2.9282E-09 3.1315E-09 3.3425E-09 3.5850E-09 3.8369E-09 4.1150E-09 4.4437E-09 4.7751E-09 5.1960E-09 5.6128E-09 6.0728E-09 6.6696E-09 7.2584E-09 7.9923E-09 8.7471E-09 9.6000E-09 1.0587E-08 1.1613E-08 1.2822E-08 1.4062E-08 1.5435E-08 1.6950E-08 1.8516E-08 2.0209E-08 2.1915E-08 2.3620E-08 2.5347E-08 2.6931E-08 2.8355E-08 2.9501E-08 3.0320E-08 3.0711E-08 3.0600E-08 2.9921E-08 2.8673E-08 2.6794E-08 2.4393E-08
8.3086E-10 8.8000E-10 9.2811E-10 9.7993E-10 1.0318E-09 1.0844E-09 1.1423E-09 1.2003E-09 1.2629E-09 1.3279E-09 1.3978E-09 1.4770E-09 1.5569E-09 1.6489E-09 1.7475E-09 1.8546E-09 1.9755E-09 2.0973E-09 2.2432E-09 2.3917E-09 2.5536E-09 2.7385E-09 2.9285E-09 3.1467E-09 3.3755E-09 3.6276E-09 3.9308E-09 4.2353E-09 4.6283E-09 5.0168E-09 5.4477E-09 6.0219E-09 6.5855E-09 7.2953E-09 8.0281E-09 8.8589E-09 9.8380E-09 1.0860E-08 1.2086E-08 1.3364E-08 1.4789E-08 1.6408E-08 1.8092E-08 1.9949E-08 2.1880E-08 2.3855E-08 2.5893E-08 2.7844E-08 2.9656E-08 3.1224E-08 3.2473E-08 3.3247E-08 3.3498E-08 3.3089E-08 3.1987E-08 3.0147E-08 2.7626E-08
7.0726E-10 7.4767E-10 7.8815E-10 8.3124E-10 8.7467E-10 9.1934E-10 9.6768E-10 1.0169E-09 1.0702E-09 1.1260E-09 1.1860E-09 1.2547E-09 1.3245E-09 1.4047E-09 1.4922E-09 1.5857E-09 1.6932E-09 1.8012E-09 1.9301E-09 2.0623E-09 2.2065E-09 2.3706E-09 2.5395E-09 2.7319E-09 2.9370E-09 3.1617E-09 3.4374E-09 3.7116E-09 4.0746E-09 4.4303E-09 4.8307E-09 5.3719E-09 5.8988E-09 6.5721E-09 7.2688E-09 8.0650E-09 9.0186E-09 1.0021E-08 1.1247E-08 1.2536E-08 1.4000E-08 1.5691E-08 1.7478E-08 1.9515E-08 2.1651E-08 2.3904E-08 2.6287E-08 2.8634E-08 3.0891E-08 3.2961E-08 3.4694E-08 3.5974E-08 3.6660E-08 3.6606E-08 3.5753E-08 3.4019E-08 3.1409E-08
5.9696E-10 6.2986E-10 6.6330E-10 6.9919E-10 7.3522E-10 7.7239E-10 8.1301E-10 8.5393E-10 8.9863E-10 9.4610E-10 9.9696E-10 1.0565E-09 1.1172E-09 1.1862E-09 1.2624E-09 1.3440E-09 1.4377E-09 1.5329E-09 1.6453E-09 1.7613E-09 1.8878E-09 2.0289E-09 2.1765E-09 2.3448E-09 2.5236E-09 2.7238E-09 2.9670E-09 3.2116E-09 3.5425E-09 3.8654E-09 4.2263E-09 4.7252E-09 5.2062E-09 5.8358E-09 6.4804E-09 7.2300E-09 8.1386E-09 9.1062E-09 1.0306E-08 1.1587E-08 1.3061E-08 1.4802E-08 1.6678E-08 1.8867E-08 2.1196E-08 2.3732E-08 2.6452E-08 2.9223E-08 3.1986E-08 3.4598E-08 3.6919E-08 3.8777E-08 3.9983E-08 4.0407E-08 3.9886E-08 3.8362E-08 3.5895E-08
4.9908E-10 5.2609E-10 5.5327E-10 5.8245E-10 6.1255E-10 6.4314E-10 6.7676E-10 7.1091E-10 7.4771E-10 7.8802E-10 8.3090E-10 8.8108E-10 9.3366E-10 9.9277E-10 1.0579E-09 1.1294E-09 1.2094E-09 1.2922E-09 1.3888E-09 1.4874E-09 1.5960E-09 1.7158E-09 1.8432E-09 1.9881E-09 2.1410E-09 2.3137E-09 2.5265E-09 2.7442E-09 3.0417E-09 3.3234E-09 3.6402E-09 4.0933E-09 4.5182E-09 5.0916E-09 5.6759E-09 6.3634E-09 7.2133E-09 8.1277E-09 9.2745E-09 1.0523E-08 1.1973E-08 1.3735E-08 1.5666E-08 1.7955E-08 2.0463E-08 2.3231E-08 2.6293E-08 2.9507E-08 3.2770E-08 3.5982E-08 3.8921E-08 4.1400E-08 4.3259E-08 4.4295E-08 4.5086E-08 4.3996E-08 4.3321E-08
4.1301E-10 4.3485E-10 4.5734E-10 4.8063E-10 5.0542E-10 5.3076E-10 5.5764E-10 5.8634E-10 6.1632E-10 6.4975E-10 6.8644E-10 7.2777E-10 7.7259E-10 8.2330E-10 8.7851E-10 9.3987E-10 1.0078E-09 1.0767E-09 1.1585E-09 1.2396E-09 1.3320E-09 1.4328E-09 1.5394E-09 1.6603E-09 1.7869E-09 1.9405E-09 2.1270E-09 2.3133E-09 2.5710E-09 2.8138E-09 3.0837E-09 3.4792E-09 3.8487E-09 4.3564E-09 4.8723E-09 5.4859E-09 6.2631E-09 7.0995E-09 8.1680E-09 9.3474E-09 1.0738E-08 1.2470E-08 1.4399E-08 1.6740E-08 1.9355E-08 2.2317E-08 2.5677E-08 2.9270E-08 3.3015E-08 3.6789E-08 4.0388E-08 4.3692E-08 4.8119E-08 5.0459E-08 5.6016E-08 5.9526E-08 5.3278E-08
3.3722E-10 3.5459E-10 3.7338E-10 3.9240E-10 4.1236E-10 4.3342E-10 4.5506E-10 4.7865E-10 5.0358E-10 5.3060E-10 5.6115E-10 5.9613E-10 6.3295E-10 6.7606E-10 7.2250E-10 7.7297E-10 8.2870E-10 8.8457E-10 9.5211E-10 1.0164E-09 1.0931E-09 1.1755E-09 1.2626E-09 1.3692E-09 1.4822E-09 1.6099E-09 1.7656E-09 1.9202E-09 2.1369E-09 2.3341E-09 2.5622E-09 2.8970E-09 3.2093E-09 3.6459E-09 4.0903E-09 4.6184E-09 5.3021E-09 6.0434E-09 6.9993E-09 8.0780E-09 9.3650E-09 1.1000E-08 1.2874E-08 1.5172E-08 1.7815E-08 2.0878E-08 2.4431E-08 2.8312E-08 3.2524E-08 3.7009E-08 4.4276E-08 5.0110E-08 6.3333E-08 7.4873E-08 7.1497E-08 7.2797E-08 7.5863E-08
2.7163E-10 2.8501E-10 2.9916E-10 3.1449E-10 3.3070E-10 3.4805E-10 3.6670E-10 3.8576E-10 4.0653E-10 4.2910E-10 4.5336E-10 4.8328E-10 5.1282E-10 5.4588E-10 5.8326E-10 6.2293E-10 6.6891E-10 7.1091E-10 7.6513E-10 8.2074E-10 8.8181E-10 9.5512E-10 1.0316E-09 1.1198E-09 1.2117E-09 1.3152E-09 1.4411E-09 1.5645E-09 1.7392E-09 1.9002E-09 2.0844E-09 2.3624E-09 2.6166E-09 2.9741E-09 3.3445E-09 3.7730E-09 4.3516E-09 4.9795E-09 5.7972E-09 6.7372E-09 7.8837E-09 9.3494E-09 1.1087E-08 1.3243E-08 1.5819E-08 1.8889E-08 2.2548E-08 2.6854E-08 3.5070E-08 4.3351E-08 6.2691E-08 8.0464E-08 8.3359E-08 8.8896E-08 9.8977E-08 1.0616E-07 8.9588E-08
2.1486E-10 2.2569E-10 2.3644E-10 2.4817E-10 2.6095E-10 2.7392E-10 2.8851E-10 3.0391E-10 3.2120E-10 3.3927E-10 3.5803E-10 3.8012E-10 4.0367E-10 4.3104E-10 4.5878E-10 4.8803E-10 5.2389E-10 5.6295E-10 6.0716E-10 6.5628E-10 7.0989E-10 7.6875E-10 8.3106E-10 9.0097E-10 9.7320E-10 1.0540E-09 1.1535E-09 1.2514E-09 1.3827E-09 1.5114E-09 1.6560E-09 1.8742E-09 2.0780E-09 2.3533E-09 2.6492E-09 2.9875E-09 3.4441E-09 3.9519E-09 4.6036E-09 5.3824E-09 6.3487E-09 7.5895E-09 9.1209E-09 1.1055E-08 1.3498E-08 1.6638E-08 2.3605E-08 3.2166E-08 5.1583E-08 7.0450E-08 8.1250E-08 8.9124E-08 1.0483E-07 1.1585E-07 1.0697E-07 8.7171E-08 6.9677E-08
1.6765E-10 1.7513E-10 1.8342E-10 1.9230E-10 2.0197E-10 2.1218E-10 2.2330E-10 2.3299E-10 2.4419E-10 2.5505E-10 2.7060E-10 2.8728E-10 3.0262E-10 3.2014E-10 3.4563E-10 3.7496E-10 4.0711E-10 4.4188E-10 4.7980E-10 5.1827E-10 5.6076E-10 6.0694E-10 6.5539E-10 7.0952E-10 7.6638E-10 8.2791E-10 8.9928E-10 9.7522E-10 1.0690E-09 1.1740E-09 1.2852E-09 1.4422E-09 1.6005E-09 1.7963E-09 2.0237E-09 2.2804E-09 2.6126E-09 2.9968E-09 3.4763E-09 4.0826E-09 4.8438E-09 5.8383E-09 7.1410E-09 8.9363E-09 1.3421E-08 2.0076E-08 3.3957E-08 4.7999E-08 6.5342E-08 7.1091E-08 8.8983E-08 1.0318E-07 1.0267E-07 8.7724E-08 7.3767E-08 6.1536E-08 5.1294E-08
1.2788E-10 1.3325E-10 1.3966E-10 1.4606E-10 1.5158E-10 1.5718E-10 1.6195E-10 1.6655E-10 1.7468E-10 1.8256E-10 1.9174E-10 2.0008E-10 2.1687E-10 2.3614E-10 2.5803E-10 2.8264E-10 3.0928E-10 3.3534E-10 3.6716E-10 3.9893E-10 4.3250E-10 4.6685E-10 5.0373E-10 5.4256E-10 5.8835E-10 6.3450E-10 6.8540E-10 7.4521E-10 8.0577E-10 8.8270E-10 9.6941E-10 1.0751E-09 1.1900E-09 1.3206E-09 1.4811E-09 1.6626E-09 1.8817E-09 2.1529E-09 2.4882E-09 2.9246E-09 3.5023E-09 4.3187E-09 6.5409E-09 1.0537E-08 1.7490E-08 2.4880E-08 3.4580E-08 4.4167E-08 5.8570E-08 7.1507E-08 7.6542E-08 7.1086E-08 6.4318E-08 5.7038E-08 5.0337E-08 4.4661E-08 3.9963E-08
9.4011E-11 9.5775E-11 9.6959E-11 9.8979E-11 1.0086E-10 1.0251E-10 1.0659E-10 1.1046E-10 1.1522E-10 1.2098E-10 1.3121E-10 1.4412E-10 1.5769E-10 1.7139E-10 1.8821E-10 2.0589E-10 2.2700E-10 2.4749E-10 2.6796E-10 2.9288E-10 3.1704E-10 3.4361E-10 3.7373E-10 4.0404E-10 4.3689E-10 4.7402E-10 5.1192E-10 5.5618E-10 6.0398E-10 6.5299E-10 7.0942E-10 7.6947E-10 8.4770E-10 9.3640E-10 1.0377E-09 1.1547E-09 1.2930E-09 1.4662E-09 1.6923E-09 2.0050E-09 2.8096E-09 4.7894E-09 7.0965E-09 9.9353E-09 1.4414E-08 2.1141E-08 2.8777E-08 3.7598E-08 4.2825E-08 4.4648E-08 4.4787E-08 4.3342E-08 4.1312E-08 3.9061E-08 3.7096E-08 3.5242E-08 3.3855E-08
5.7096E-11 5.7699E-11 5.7917E-11 5.8286E-11 5.9559E-11 6.1185E-11 6.3963E-11 6.7296E-11 7.4412E-11 8.3135E-11 9.1330E-11 1.0026E-10 1.1045E-10 1.2114E-10 1.3344E-10 1.4447E-10 1.5762E-10 1.7381E-10 1.9017E-10 2.0689E-10 2.2569E-10 2.4326E-10 2.6192E-10 2.8729E-10 3.1113E-10 3.3895E-10 3.6842E-10 3.9864E-10 4.3229E-10 4.6952E-10 5.0903E-10 5.5182E-10 5.9553E-10 6.4357E-10 6.9516E-10 7.6207E-10 8.4614E-10 9.5693E-10 1.2086E-09 2.0573E-09 2.3906E-09 2.9420E-09 4.3572E-09 7.9056E-09 1.0208E-08 1.4509E-08 1.8116E-08 2.1079E-08 2.3774E-08 2.5751E-08 2.6904E-08 2.7596E-08 2.8307E-08 2.8957E-08 2.8948E-08 2.9153E-08 3.0237E-08
2.7879E-11 2.7764E-11 2.7649E-11 2.8352E-11 2.9812E-11 2.9989E-11 3.4406E-11 4.0599E-11 4.6289E-11 5.2849E-11 5.9360E-11 6.5771E-11 7.3333E-11 8.1137E-11 8.8828E-11 9.8262E-11 1.0718E-10 1.1606E-10 1.2687E-10 1.3768E-10 1.5058E-10 1.6569E-10 1.8020E-10 1.9549E-10 2.1244E-10 2.2945E-10 2.5026E-10 2.7192E-10 2.9497E-10 3.1884E-10 3.4497E-10 3.7224E-10 3.9999E-10 4.3095E-10 4.6418E-10 4.9813E-10 5.4026E-10 5.9311E-10 6.6240E-10 7.6693E-10 1.1100E-09 1.8001E-09 2.4414E-09 3.8354E-09 5.5339E-09 7.4506E-09 9.2085E-09 1.1411E-08 1.3551E-08 1.5428E-08 1.7194E-08 1.9046E-08 2.0675E-08 2.2118E-08 2.4196E-08 2.6872E-08 2.9347E-08
7.4847E-12 7.1661E-12 7.1379E-12 9.1315E-12 1.1710E-11 1.4724E-11 1.7894E-11 2.1676E-11 2.5284E-11 2.9736E-11 3.5250E-11 4.0494E-11 4.5725E-11 5.1394E-11 5.6168E-11 6.1256E-11 6.7813E-11 7.4526E-11 8.1452E-11 9.0033E-11 9.7070E-11 1.0519E-10 1.1594E-10 1.2506E-10 1.3703E-10 1.4941E-10 1.6214E-10 1.7485E-10 1.8829E-10 2.0173E-10 2.1921E-10 2.3622E-10 2.5365E-10 2.7070E-10 2.9286E-10 3.1607E-10 3.4461E-10 3.8112E-10 4.2816E-10 4.9253E-10 5.8078E-10 7.0129E-10 9.3587E-10 1.7286E-09 2.6992E-09 3.5240E-09 4.5985E-09 6.0513E-09 7.7076E-09 9.4821E-09 1.1381E-08 1.3356E-08 1.5977E-08 1.9136E-08 2.2340E-08 2.5420E-08 2.8233E-08
4.2613E-13 5.0484E-13 6.0466E-13 1.2386E-12 2.5821E-12 4.3899E-12 6.3358E-12 8.7873E-12 1.1461E-11 1.3947E-11 1.7317E-11 2.0803E-11 2.4182E-11 2.7564E-11 3.1612E-11 3.5220E-11 3.9619E-11 4.3954E-11 4.8300E-11 5.4177E-11 6.0324E-11 6.5805E-11 7.1136E-11 7.6420E-11 8.1030E-11 8.6389E-11 9.2962E-11 9.9823E-11 1.0766E-10 1.1530E-10 1.2370E-10 1.3487E-10 1.4594E-10 1.5873E-10 1.7538E-10 1.9390E-10 2.1444E-10 2.3944E-10 2.6495E-10 3.0751E-10 3.6536E-10 4.5222E-10 5.7663E-10 7.7711E-10 1.0918E-09 1.5571E-09 2.2599E-09 3.2538E-09 4.5874E-09 6.3252E-09 8.4584E-09 1.1010E-08 1.3897E-08 1.7038E-08 2.0291E-08 2.3526E-08 2.6627E-08
0.0000E+00 0.0000E+00 0.0000E+00 0.0000E+00 0.0000E+00 0.0000E+00 5.8210E-14 5.0506E-13 1.6624E-12 3.2796E-12 5.1706E-12 7.4895E-12 1.0330E-11 1.1969E-11 1.4657E-11 1.6856E-11 1.9750E-11 2.2554E-11 2.5689E-11 2.8486E-11 3.2196E-11 3.5778E-11 3.8221E-11 4.2355E-11 4.5348E-11 4.8284E-11 5.0755E-11 5.2131E-11 5.5250E-11 5.8553E-11 6.3007E-11 7.0583E-11 7.5384E-11 8.7571E-11 9.9611E-11 1.1273E-10 1.2847E-10 1.4303E-10 1.6092E-10 1.7883E-10 2.1196E-10 2.6921E-10 3.5644E-10 4.9718E-10 7.2738E-10 1.0817E-09 1.6234E-09 2.4064E-09 3.5033E-09 4.9618E-09 6.8161E-09 9.0942E-09 1.1749E-08 1.4703E-08 1.7896E-08 2.1211E-08 2.4530E-08
0.0000E+00 0.0000E+00 0.0000E+00 0.0000E+00 0.0000E+00 0.0000E+00 0.0000E+00 0.0000E+00 0.0000E+00 0.0000E+00 5.9626E-14 3.7389E-13 6.7987E-13 1.8299E-12 3.1291E-12 4.9509E-12 6.7768E-12 8.1856E-12 9.7595E-12 1.1289E-11 1.2430E-11 1.4841E-11 1.7210E-11 1.8566E-11 2.0191E-11 2.1215E-11 2.2613E-11 2.2035E-11 2.4875E-11 2.7502E-11 2.9908E-11 3.2714E-11 3.6521E-11 4.1968E-11 5.0054E-11 5.8807E-11 6.9067E-11 7.8965E-11 8.8622E-11 1.0199E-10 1.1909E-10 1.5247E-10 2.0662E-10 3.0653E-10 4.7337E-10 7.2400E-10 1.1302E-09 1.7271E-09 2.5812E-09 3.7628E-09 5.3047E-09 7.2417E-09 9.5704E-09 1.2254E-08 1.5263E-08 1.8496E-08 2.1926E-08
0.0000E+00 0.0000E+00 0.0000E+00 0.0000E+00 0.0000E+00 0.0000E+00 0.0000E+00 0.0000E+00 0.0000E+00 0.0000E+00 0.0000E+00 0.0000E+00 0.0000E+00 2.9347E-13 5.3591E-13 8.2308E-13 1.0392E-12 1.4184E-12 1.7124E-12 2.0069E-12 2.3193E-12 3.1269E-12 3.8632E-12 4.6444E-12 5.9802E-12 6.4401E-12 7.6543E-12 9.2576E-12 9.2937E-12 1.0811E-11 1.0738E-11 1.4086E-11 1.6715E-11 1.9752E-11 2.5221E-11 2.9804E-11 3.5609E-11 4.3937E-11 5.2443E-11 6.0508E-11 6.8725E-11 8.4720E-11 1.1910E-10 1.7764E-10 2.8860E-10 4.6317E-10 7.4842E-10 1.1831E-09 1.8273E-09 2.7320E-09 3.9464E-09 5.5262E-09 7.4733E-09 9.7886E-09 1.2485E-08 1.5481E-08 1.8833E-08
0.0000E+00 0.0000E+00 0.0000E+00 0.0000E+00 0.0000E+00 0.0000E+00 0.0000E+00 0.0000E+00 0.0000E+00 0.0000E+00 0.0000E+00 0.0000E+00 0.0000E+00 0.0000E+00 5.8883E-14 2.7620E-13 5.0239E-13 7.6361E-13 8.3241E-13 8.7029E-13 9.0208E-13 9.2700E-13 1.0541E-12 1.3481E-12 1.6069E-12 1.7254E-12 2.1671E-12 2.6927E-12 3.5591E-12 4.5037E-12 5.0938E-12 6.3078E-12 7.8392E-12 9.9667E-12 1.2507E-11 1.5555E-11 2.1166E-11 2.6255E-11 3.1302E-11 3.6671E-11 4.1679E-11 4.5901E-11 5.9287E-11 9.2178E-11 1.5930E-10 2.7243E-10 4.6781E-10 7.6575E-10 1.2230E-09 1.8968E-09 2.7997E-09 4.0239E-09 5.5578E-09 7.4364E-09 9.6950E-09 1.2344E-08 1.5416E-08
