Assets/Resources/2015_m01_d10_1200(utc+0800)_l00_csi_1hr_conc.grd
DSAA
         159         159
     -79.000      79.000
     -79.000      79.000
  0.1042E-08  0.2650E-05
[rows 25 to 49 of 159, columns 57 to 113 of 159]
6.3816E-09 6.5558E-09 6.7175E-09 6.8939E-09 7.0620E-09 7.2503E-09 7.4249E-09 7.6141E-09 7.8001E-09 7.9943E-09 8.1855E-09 8.3789E-09 8.5737E-09 8.7762E-09 8.9695E-09 9.1741E-09 9.3687E-09 9.5740E-09 9.7749E-09 9.9747E-09 1.0174E-08 1.0366E-08 1.0567E-08 1.0762E-08 1.0947E-08 1.1141E-08 1.1320E-08 1.1499E-08 1.1674E-08 1.1845E-08 1.2004E-08 1.2161E-08 1.2313E-08 1.2451E-08 1.2587E-08 1.2714E-08 1.2827E-08 1.2931E-08 1.3032E-08 1.3122E-08 1.3195E-08 1.3258E-08 1.3316E-08 1.3362E-08 1.3391E-08 1.3409E-08 1.3415E-08 1.3408E-08 1.3391E-08 1.3368E-08 1.3328E-08 1.3277E-08 1.3214E-08 1.3141E-08 1.3057E-08 1.2963E-08 1.2860E-08
6.6000E-09 6.7662E-09 6.9477E-09 7.1212E-09 7.3152E-09 7.5020E-09 7.6917E-09 7.8898E-09 8.0862E-09 8.2907E-09 8.4869E-09 8.6959E-09 8.9025E-09 9.1107E-09 9.3204E-09 9.5308E-09 9.7483E-09 9.9554E-09 1.0173E-08 1.0380E-08 1.0596E-08 1.0806E-08 1.1009E-08 1.1220E-08 1.1418E-08 1.1617E-08 1.1813E-08 1.2006E-08 1.2192E-08 1.2368E-08 1.2543E-08 1.2712E-08 1.2873E-08 1.3021E-08 1.3167E-08 1.3298E-08 1.3425E-08 1.3537E-08 1.3644E-08 1.3740E-08 1.3820E-08 1.3888E-08 1.3951E-08 1.3995E-08 1.4027E-08 1.4047E-08 1.4054E-08 1.4049E-08 1.4037E-08 1.4008E-08 1.3972E-08 1.3918E-08 1.3852E-08 1.3774E-08 1.3686E-08 1.3587E-08 1.3471E-08
6.8074E-09 6.9935E-09 7.1720E-09 7.3714E-09 7.5693E-09 7.7599E-09 7.9703E-09 8.1682E-09 8.3804E-09 8.5845E-09 8.8078E-09 9.0180E-09 9.2411E-09 9.4552E-09 9.6875E-09 9.9053E-09 1.0129E-08 1.0354E-08 1.0578E-08 1.0809E-08 1.1027E-08 1.1255E-08 1.1470E-08 1.1689E-08 1.1905E-08 1.2118E-08 1.2326E-08 1.2530E-08 1.2723E-08 1.2916E-08 1.3103E-08 1.3283E-08 1.3450E-08 1.3614E-08 1.3763E-08 1.3910E-08 1.4046E-08 1.4165E-08 1.4281E-08 1.4379E-08 1.4464E-08 1.4538E-08 1.4611E-08 1.4660E-08 1.4695E-08 1.4717E-08 1.4726E-08 1.4727E-08 1.4716E-08 1.4685E-08 1.4641E-08 1.4584E-08 1.4515E-08 1.4434E-08 1.4340E-08 1.4236E-08 1.4119E-08
7.0313E-09 7.2144E-09 7.4189E-09 7.6223E-09 7.8187E-09 8.0355E-09 8.2400E-09 8.4595E-09 8.6715E-09 8.9029E-09 9.1219E-09 9.3541E-09 9.5781E-09 9.8208E-09 1.0050E-08 1.0290E-08 1.0522E-08 1.0764E-08 1.1003E-08 1.1240E-08 1.1477E-08 1.1713E-08 1.1947E-08 1.2180E-08 1.2409E-08 1.2634E-08 1.2850E-08 1.3067E-08 1.3278E-08 1.3485E-08 1.3683E-08 1.3869E-08 1.4053E-08 1.4228E-08 1.4388E-08 1.4544E-08 1.4684E-08 1.4819E-08 1.4942E-08 1.5047E-08 1.5140E-08 1.5219E-08 1.5298E-08 1.5351E-08 1.5389E-08 1.5414E-08 1.5424E-08 1.5427E-08 1.5409E-08 1.5377E-08 1.5330E-08 1.5271E-08 1.5198E-08 1.5112E-08 1.5013E-08 1.4902E-08 1.4779E-08
7.2483E-09 7.4575E-09 7.6659E-09 7.8678E-09 8.0905E-09 8.3014E-09 8.5277E-09 8.7520E-09 8.9863E-09 9.2188E-09 9.4548E-09 9.6987E-09 9.9411E-09 1.0186E-08 1.0433E-08 1.0681E-08 1.0937E-08 1.1182E-08 1.1439E-08 1.1685E-08 1.1941E-08 1.2192E-08 1.2434E-08 1.2686E-08 1.2923E-08 1.3162E-08 1.3404E-08 1.3629E-08 1.3853E-08 1.4072E-08 1.4278E-08 1.4482E-08 1.4678E-08 1.4859E-08 1.5036E-08 1.5203E-08 1.5352E-08 1.5491E-08 1.5628E-08 1.5741E-08 1.5841E-08 1.5927E-08 1.6005E-08 1.6061E-08 1.6103E-08 1.6130E-08 1.6142E-08 1.6145E-08 1.6133E-08 1.6100E-08 1.6052E-08 1.5989E-08 1.5912E-08 1.5821E-08 1.5717E-08 1.5605E-08 1.5475E-08
7.4871E-09 7.7002E-09 7.9071E-09 8.1353E-09 8.3521E-09 8.5849E-09 8.8160E-09 9.0578E-09 9.3037E-09 9.5426E-09 9.8015E-09 1.0048E-08 1.0308E-08 1.0560E-08 1.0826E-08 1.1088E-08 1.1352E-08 1.1618E-08 1.1883E-08 1.2155E-08 1.2415E-08 1.2685E-08 1.2942E-08 1.3202E-08 1.3465E-08 1.3714E-08 1.3964E-08 1.4208E-08 1.4442E-08 1.4674E-08 1.4899E-08 1.5117E-08 1.5325E-08 1.5518E-08 1.5707E-08 1.5885E-08 1.6045E-08 1.6193E-08 1.6334E-08 1.6455E-08 1.6562E-08 1.6660E-08 1.6743E-08 1.6804E-08 1.6850E-08 1.6879E-08 1.6899E-08 1.6903E-08 1.6884E-08 1.6849E-08 1.6799E-08 1.6733E-08 1.6652E-08 1.6556E-08 1.6445E-08 1.6321E-08 1.6184E-08
7.7198E-09 7.9367E-09 8.1699E-09 8.3921E-09 8.6308E-09 8.8737E-09 9.1171E-09 9.3706E-09 9.6174E-09 9.8850E-09 1.0141E-08 1.0411E-08 1.0674E-08 1.0956E-08 1.1225E-08 1.1507E-08 1.1779E-08 1.2064E-08 1.2345E-08 1.2626E-08 1.2907E-08 1.3186E-08 1.3464E-08 1.3740E-08 1.4013E-08 1.4282E-08 1.4541E-08 1.4806E-08 1.5054E-08 1.5302E-08 1.5541E-08 1.5766E-08 1.5988E-08 1.6200E-08 1.6395E-08 1.6584E-08 1.6755E-08 1.6920E-08 1.7070E-08 1.7200E-08 1.7314E-08 1.7418E-08 1.7507E-08 1.7573E-08 1.7622E-08 1.7654E-08 1.7676E-08 1.7673E-08 1.7654E-08 1.7618E-08 1.7565E-08 1.7496E-08 1.7410E-08 1.7309E-08 1.7193E-08 1.7068E-08 1.6923E-08
7.9564E-09 8.1941E-09 8.4214E-09 8.6654E-09 8.9142E-09 9.1640E-09 9.4245E-09 9.6787E-09 9.9546E-09 1.0219E-08 1.0499E-08 1.0776E-08 1.1064E-08 1.1345E-08 1.1639E-08 1.1929E-08 1.2228E-08 1.2518E-08 1.2820E-08 1.3110E-08 1.3412E-08 1.3707E-08 1.4002E-08 1.4293E-08 1.4576E-08 1.4867E-08 1.5148E-08 1.5418E-08 1.5686E-08 1.5949E-08 1.6197E-08 1.6442E-08 1.6678E-08 1.6898E-08 1.7112E-08 1.7313E-08 1.7496E-08 1.7671E-08 1.7830E-08 1.7969E-08 1.8091E-08 1.8202E-08 1.8290E-08 1.8361E-08 1.8413E-08 1.8455E-08 1.8478E-08 1.8476E-08 1.8456E-08 1.8419E-08 1.8363E-08 1.8291E-08 1.8207E-08 1.8101E-08 1.7978E-08 1.7840E-08 1.7687E-08
8.2080E-09 8.4398E-09 8.6888E-09 8.9429E-09 9.1986E-09 9.4655E-09 9.7266E-09 1.0010E-08 1.0283E-08 1.0571E-08 1.0858E-08 1.1156E-08 1.1453E-08 1.1753E-08 1.2062E-08 1.2368E-08 1.2677E-08 1.2988E-08 1.3300E-08 1.3618E-08 1.3925E-08 1.4243E-08 1.4548E-08 1.4856E-08 1.5167E-08 1.5464E-08 1.5760E-08 1.6052E-08 1.6337E-08 1.6609E-08 1.6879E-08 1.7140E-08 1.7390E-08 1.7624E-08 1.7852E-08 1.8066E-08 1.8260E-08 1.8446E-08 1.8609E-08 1.8756E-08 1.8893E-08 1.9011E-08 1.9105E-08 1.9180E-08 1.9237E-08 1.9287E-08 1.9305E-08 1.9304E-08 1.9284E-08 1.9245E-08 1.9187E-08 1.9111E-08 1.9017E-08 1.8912E-08 1.8783E-08 1.8638E-08 1.8477E-08
8.4476E-09 8.7009E-09 8.9545E-09 9.2208E-09 9.4934E-09 9.7609E-09 1.0051E-08 1.0331E-08 1.0628E-08 1.0929E-08 1.1232E-08 1.1544E-08 1.1849E-08 1.2176E-08 1.2489E-08 1.2817E-08 1.3136E-08 1.3469E-08 1.3798E-08 1.4127E-08 1.4457E-08 1.4786E-08 1.5113E-08 1.5440E-08 1.5763E-08 1.6082E-08 1.6390E-08 1.6704E-08 1.7001E-08 1.7296E-08 1.7582E-08 1.7858E-08 1.8118E-08 1.8372E-08 1.8614E-08 1.8835E-08 1.9048E-08 1.9238E-08 1.9418E-08 1.9574E-08 1.9718E-08 1.9844E-08 1.9944E-08 2.0025E-08 2.0085E-08 2.0132E-08 2.0152E-08 2.0152E-08 2.0131E-08 2.0090E-08 2.0030E-08 1.9957E-08 1.9858E-08 1.9741E-08 1.9605E-08 1.9453E-08 1.9283E-08
8.7019E-09 8.9547E-09 9.2306E-09 9.5084E-09 9.7816E-09 1.0078E-08 1.0371E-08 1.0669E-08 1.0985E-08 1.1290E-08 1.1612E-08 1.1928E-08 1.2265E-08 1.2591E-08 1.2931E-08 1.3264E-08 1.3617E-08 1.3955E-08 1.4307E-08 1.4648E-08 1.5001E-08 1.5348E-08 1.5694E-08 1.6038E-08 1.6373E-08 1.6710E-08 1.7049E-08 1.7370E-08 1.7689E-08 1.8001E-08 1.8298E-08 1.8590E-08 1.8872E-08 1.9142E-08 1.9391E-08 1.9632E-08 1.9857E-08 2.0059E-08 2.0249E-08 2.0415E-08 2.0568E-08 2.0695E-08 2.0801E-08 2.0894E-08 2.0964E-08 2.1008E-08 2.1030E-08 2.1030E-08 2.1010E-08 2.0968E-08 2.0918E-08 2.0835E-08 2.0731E-08 2.0609E-08 2.0466E-08 2.0306E-08 2.0122E-08
8.9482E-09 9.2284E-09 9.5107E-09 9.7889E-09 1.0091E-08 1.0384E-08 1.0695E-08 1.1018E-08 1.1331E-08 1.1662E-08 1.1987E-08 1.2335E-08 1.2672E-08 1.3025E-08 1.3376E-08 1.3737E-08 1.4090E-08 1.4458E-08 1.4821E-08 1.5192E-08 1.5552E-08 1.5924E-08 1.6282E-08 1.6644E-08 1.7004E-08 1.7361E-08 1.7712E-08 1.8057E-08 1.8394E-08 1.8718E-08 1.9039E-08 1.9350E-08 1.9647E-08 1.9925E-08 2.0196E-08 2.0450E-08 2.0682E-08 2.0901E-08 2.1097E-08 2.1279E-08 2.1441E-08 2.1575E-08 2.1688E-08 2.1786E-08 2.1861E-08 2.1908E-08 2.1932E-08 2.1934E-08 2.1913E-08 2.1877E-08 2.1811E-08 2.1725E-08 2.1616E-08 2.1487E-08 2.1339E-08 2.1155E-08 2.0936E-08
9.2142E-09 9.5003E-09 9.7830E-09 1.0090E-08 1.0388E-08 1.0705E-08 1.1035E-08 1.1355E-08 1.1694E-08 1.2028E-08 1.2386E-08 1.2738E-08 1.3097E-08 1.3466E-08 1.3834E-08 1.4213E-08 1.4584E-08 1.4969E-08 1.5352E-08 1.5736E-08 1.6120E-08 1.6499E-08 1.6889E-08 1.7271E-08 1.7651E-08 1.8026E-08 1.8390E-08 1.8760E-08 1.9118E-08 1.9461E-08 1.9799E-08 2.0127E-08 2.0435E-08 2.0735E-08 2.1020E-08 2.1289E-08 2.1534E-08 2.1766E-08 2.1972E-08 2.2165E-08 2.2336E-08 2.2478E-08 2.2598E-08 2.2702E-08 2.2776E-08 2.2826E-08 2.2852E-08 2.2862E-08 2.2847E-08 2.2803E-08 2.2736E-08 2.2645E-08 2.2532E-08 2.2397E-08 2.2218E-08 2.2010E-08 2.1796E-08
9.4667E-09 9.7640E-09 1.0075E-08 1.0378E-08 1.0700E-08 1.1036E-08 1.1362E-08 1.1709E-08 1.2050E-08 1.2417E-08 1.2785E-08 1.3147E-08 1.3534E-08 1.3909E-08 1.4301E-08 1.4685E-08 1.5092E-08 1.5485E-08 1.5892E-08 1.6289E-08 1.6693E-08 1.7104E-08 1.7503E-08 1.7911E-08 1.8305E-08 1.8700E-08 1.9097E-08 1.9475E-08 1.9852E-08 2.0220E-08 2.0577E-08 2.0922E-08 2.1247E-08 2.1564E-08 2.1864E-08 2.2141E-08 2.2406E-08 2.2651E-08 2.2869E-08 2.3072E-08 2.3245E-08 2.3403E-08 2.3531E-08 2.3640E-08 2.3719E-08 2.3773E-08 2.3802E-08 2.3813E-08 2.3799E-08 2.3754E-08 2.3710E-08 2.3616E-08 2.3499E-08 2.3326E-08 2.3134E-08 2.2932E-08 2.2680E-08
9.7325E-09 1.0047E-08 1.0353E-08 1.0680E-08 1.1020E-08 1.1353E-08 1.1705E-08 1.2054E-08 1.2428E-08 1.2805E-08 1.3177E-08 1.3574E-08 1.3960E-08 1.4364E-08 1.4762E-08 1.5183E-08 1.5591E-08 1.6015E-08 1.6430E-08 1.6865E-08 1.7284E-08 1.7709E-08 1.8134E-08 1.8557E-08 1.8984E-08 1.9395E-08 1.9806E-08 2.0211E-08 2.0608E-08 2.0995E-08 2.1371E-08 2.1728E-08 2.2077E-08 2.2410E-08 2.2720E-08 2.3018E-08 2.3297E-08 2.3556E-08 2.3786E-08 2.3999E-08 2.4183E-08 2.4350E-08 2.4485E-08 2.4628E-08 2.4713E-08 2.4772E-08 2.4811E-08 2.4818E-08 2.4798E-08 2.4778E-08 2.4706E-08 2.4609E-08 2.4446E-08 2.4279E-08 2.4087E-08 2.3846E-08 2.3605E-08
9.9995E-09 1.0315E-08 1.0645E-08 1.0984E-08 1.1327E-08 1.1685E-08 1.2040E-08 1.2420E-08 1.2805E-08 1.3185E-08 1.3591E-08 1.3987E-08 1.4403E-08 1.4818E-08 1.5247E-08 1.5676E-08 1.6109E-08 1.6546E-08 1.6994E-08 1.7432E-08 1.7884E-08 1.8325E-08 1.8776E-08 1.9222E-08 1.9664E-08 2.0102E-08 2.0529E-08 2.0961E-08 2.1378E-08 2.1779E-08 2.2174E-08 2.2556E-08 2.2922E-08 2.3272E-08 2.3606E-08 2.3914E-08 2.4207E-08 2.4472E-08 2.4721E-08 2.4967E-08 2.5169E-08 2.5346E-08 2.5491E-08 2.5635E-08 2.5727E-08 2.5790E-08 2.5833E-08 2.5842E-08 2.5848E-08 2.5802E-08 2.5723E-08 2.5580E-08 2.5433E-08 2.5250E-08 2.5029E-08 2.4803E-08 2.4541E-08
1.0264E-08 1.0597E-08 1.0927E-08 1.1285E-08 1.1647E-08 1.2007E-08 1.2394E-08 1.2784E-08 1.3172E-08 1.3586E-08 1.3992E-08 1.4417E-08 1.4844E-08 1.5285E-08 1.5727E-08 1.6175E-08 1.6633E-08 1.7092E-08 1.7554E-08 1.8020E-08 1.8487E-08 1.8962E-08 1.9424E-08 1.9897E-08 2.0355E-08 2.0822E-08 2.1277E-08 2.1718E-08 2.2162E-08 2.2583E-08 2.2997E-08 2.3398E-08 2.3784E-08 2.4146E-08 2.4495E-08 2.4852E-08 2.5155E-08 2.5441E-08 2.5705E-08 2.5964E-08 2.6172E-08 2.6353E-08 2.6513E-08 2.6666E-08 2.6764E-08 2.6833E-08 2.6880E-08 2.6916E-08 2.6898E-08 2.6836E-08 2.6720E-08 2.6593E-08 2.6422E-08 2.6223E-08 2.6015E-08 2.5786E-08 2.5518E-08
1.0534E-08 1.0867E-08 1.1228E-08 1.1593E-08 1.1957E-08 1.2349E-08 1.2745E-08 1.3139E-08 1.3560E-08 1.3973E-08 1.4408E-08 1.4850E-08 1.5296E-08 1.5756E-08 1.6211E-08 1.6691E-08 1.7159E-08 1.7644E-08 1.8122E-08 1.8615E-08 1.9105E-08 1.9595E-08 2.0087E-08 2.0576E-08 2.1070E-08 2.1547E-08 2.2030E-08 2.2492E-08 2.2951E-08 2.3406E-08 2.3834E-08 2.4248E-08 2.4659E-08 2.5067E-08 2.5435E-08 2.5782E-08 2.6128E-08 2.6425E-08 2.6703E-08 2.6975E-08 2.7196E-08 2.7388E-08 2.7558E-08 2.7718E-08 2.7824E-08 2.7899E-08 2.7944E-08 2.7983E-08 2.7940E-08 2.7856E-08 2.7756E-08 2.7603E-08 2.7429E-08 2.7245E-08 2.7002E-08 2.6753E-08 2.6485E-08
1.0794E-08 1.1156E-08 1.1518E-08 1.1891E-08 1.2286E-08 1.2680E-08 1.3085E-08 1.3512E-08 1.3932E-08 1.4374E-08 1.4832E-08 1.5281E-08 1.5752E-08 1.6219E-08 1.6712E-08 1.7194E-08 1.7695E-08 1.8190E-08 1.8708E-08 1.9211E-08 1.9730E-08 2.0237E-08 2.0764E-08 2.1272E-08 2.1782E-08 2.2287E-08 2.2780E-08 2.3283E-08 2.3758E-08 2.4226E-08 2.4709E-08 2.5145E-08 2.5570E-08 2.6003E-08 2.6384E-08 2.6750E-08 2.7113E-08 2.7426E-08 2.7714E-08 2.8006E-08 2.8239E-08 2.8444E-08 2.8619E-08 2.8787E-08 2.8900E-08 2.8981E-08 2.9031E-08 2.9045E-08 2.8995E-08 2.8927E-08 2.8794E-08 2.8649E-08 2.8485E-08 2.8263E-08 2.8035E-08 2.7777E-08 2.7483E-08
1.1070E-08 1.1428E-08 1.1808E-08 1.2206E-08 1.2597E-08 1.3012E-08 1.3444E-08 1.3869E-08 1.4318E-08 1.4783E-08 1.5240E-08 1.5720E-08 1.6198E-08 1.6703E-08 1.7198E-08 1.7713E-08 1.8229E-08 1.8759E-08 1.9287E-08 1.9819E-08 2.0355E-08 2.0899E-08 2.1431E-08 2.1974E-08 2.2501E-08 2.3035E-08 2.3557E-08 2.4064E-08 2.4600E-08 2.5087E-08 2.5571E-08 2.6055E-08 2.6496E-08 2.6948E-08 2.7349E-08 2.7728E-08 2.8114E-08 2.8445E-08 2.8749E-08 2.9049E-08 2.9296E-08 2.9513E-08 2.9730E-08 2.9886E-08 3.0007E-08 3.0095E-08 3.0104E-08 3.0125E-08 3.0087E-08 2.9984E-08 2.9871E-08 2.9724E-08 2.9533E-08 2.9331E-08 2.9086E-08 2.8813E-08 2.8512E-08
1.1329E-08 1.1711E-08 1.2110E-08 1.2503E-08 1.2921E-08 1.3356E-08 1.3785E-08 1.4239E-08 1.4710E-08 1.5174E-08 1.5662E-08 1.6148E-08 1.6664E-08 1.7177E-08 1.7699E-08 1.8235E-08 1.8774E-08 1.9326E-08 1.9870E-08 2.0439E-08 2.0992E-08 2.1554E-08 2.2116E-08 2.2675E-08 2.3239E-08 2.3785E-08 2.4363E-08 2.4894E-08 2.5428E-08 2.5963E-08 2.6460E-08 2.6971E-08 2.7433E-08 2.7875E-08 2.8328E-08 2.8727E-08 2.9101E-08 2.9474E-08 2.9825E-08 3.0118E-08 3.0382E-08 3.0612E-08 3.0840E-08 3.1006E-08 3.1133E-08 3.1177E-08 3.1236E-08 3.1228E-08 3.1165E-08 3.1090E-08 3.0966E-08 3.0807E-08 3.0634E-08 3.0436E-08 3.0189E-08 2.9903E-08 2.9576E-08
1.1599E-08 1.1981E-08 1.2393E-08 1.2812E-08 1.3249E-08 1.3682E-08 1.4139E-08 1.4608E-08 1.5084E-08 1.5579E-08 1.6072E-08 1.6596E-08 1.7119E-08 1.7652E-08 1.8208E-08 1.8754E-08 1.9321E-08 1.9882E-08 2.0470E-08 2.1044E-08 2.1634E-08 2.2212E-08 2.2811E-08 2.3388E-08 2.4002E-08 2.4573E-08 2.5143E-08 2.5732E-08 2.6278E-08 2.6844E-08 2.7363E-08 2.7872E-08 2.8381E-08 2.8846E-08 2.9314E-08 2.9764E-08 3.0159E-08 3.0529E-08 3.0898E-08 3.1207E-08 3.1486E-08 3.1730E-08 3.1969E-08 3.2131E-08 3.2223E-08 3.2297E-08 3.2348E-08 3.2329E-08 3.2295E-08 3.2199E-08 3.2077E-08 3.1938E-08 3.1762E-08 3.1545E-08 3.1278E-08 3.0965E-08 3.0628E-08
1.1855E-08 1.2267E-08 1.2686E-08 1.3107E-08 1.3559E-08 1.4018E-08 1.4478E-08 1.4971E-08 1.5470E-08 1.5970E-08 1.6501E-08 1.7038E-08 1.7574E-08 1.8140E-08 1.8699E-08 1.9280E-08 1.9857E-08 2.0461E-08 2.1054E-08 2.1663E-08 2.2264E-08 2.2887E-08 2.3490E-08 2.4132E-08 2.4732E-08 2.5367E-08 2.5958E-08 2.6571E-08 2.7142E-08 2.7706E-08 2.8275E-08 2.8801E-08 2.9334E-08 2.9854E-08 3.0321E-08 3.0764E-08 3.1210E-08 3.1600E-08 3.1957E-08 3.2312E-08 3.2607E-08 3.2866E-08 3.3090E-08 3.3233E-08 3.3356E-08 3.3415E-08 3.3471E-08 3.3480E-08 3.3418E-08 3.3338E-08 3.3231E-08 3.3062E-08 3.2875E-08 3.2631E-08 3.2340E-08 3.2020E-08 3.1662E-08
1.2127E-08 1.2533E-08 1.2966E-08 1.3418E-08 1.3878E-08 1.4340E-08 1.4835E-08 1.5338E-08 1.5842E-08 1.6378E-08 1.6922E-08 1.7466E-08 1.8041E-08 1.8610E-08 1.9203E-08 1.9793E-08 2.0412E-08 2.1034E-08 2.1649E-08 2.2290E-08 2.2915E-08 2.3582E-08 2.4212E-08 2.4879E-08 2.5506E-08 2.6160E-08 2.6777E-08 2.7384E-08 2.8011E-08 2.8595E-08 2.9188E-08 2.9772E-08 3.0306E-08 3.0851E-08 3.1341E-08 3.1807E-08 3.2274E-08 3.2682E-08 3.3060E-08 3.3433E-08 3.3743E-08 3.3978E-08 3.4202E-08 3.4377E-08 3.4476E-08 3.4555E-08 3.4610E-08 3.4588E-08 3.4553E-08 3.4477E-08 3.4347E-08 3.4192E-08 3.3983E-08 3.3717E-08 3.3420E-08 3.3081E-08 3.2706E-08
1.2378E-08 1.2809E-08 1.3260E-08 1.3708E-08 1.4183E-08 1.4678E-08 1.5183E-08 1.5690E-08 1.6230E-08 1.6778E-08 1.7328E-08 1.7911E-08 1.8488E-08 1.9091E-08 1.9711E-08 2.0325E-08 2.0961E-08 2.1593E-08 2.2252E-08 2.2896E-08 2.3587E-08 2.4241E-08 2.4935E-08 2.5591E-08 2.6276E-08 2.6925E-08 2.7599E-08 2.8232E-08 2.8879E-08 2.9521E-08 3.0117E-08 3.0729E-08 3.1288E-08 3.1828E-08 3.2372E-08 3.2860E-08 3.3349E-08 3.3779E-08 3.4175E-08 3.4566E-08 3.4845E-08 3.5097E-08 3.5323E-08 3.5470E-08 3.5603E-08 3.5694E-08 3.5727E-08 3.5741E-08 3.5700E-08 3.5617E-08 3.5493E-08 3.5321E-08 3.5090E-08 3.4816E-08 3.4501E-08 3.4156E-08 3.3775E-08
