Assets/Resources/2015_m01_d15_0800(utc+0800)_l00_csi_1hr_conc.grd
DSAA
         159         159
     -79.000      79.000
     -79.000      79.000
  0.0000E+00  0.3993E-05
[rows 0 to 24 of 159, columns 57 to 113 of 159]
1.3780E-09 1.4177E-09 1.4573E-09 1.4963E-09 1.5355E-09 1.5745E-09 1.6127E-09 1.6505E-09 1.6883E-09 1.7252E-09 1.7614E-09 1.7974E-09 1.8327E-09 1.8668E-09 1.9001E-09 1.9325E-09 1.9643E-09 1.9947E-09 2.0237E-09 2.0518E-09 2.0791E-09 2.1048E-09 2.1292E-09 2.1522E-09 2.1743E-09 2.1946E-09 2.2134E-09 2.2301E-09 2.2463E-09 2.2610E-09 2.2735E-09 2.2838E-09 2.2929E-09 2.3011E-09 2.3070E-09 2.3105E-09 2.3130E-09 2.3137E-09 2.3120E-09 2.3092E-09 2.3041E-09 2.2982E-09 2.2905E-09 2.2804E-09 2.2694E-09 2.2560E-09 2.2419E-09 2.2254E-09 2.2083E-09 2.1889E-09 2.1692E-09 2.1471E-09 2.1247E-09 2.1001E-09 2.0743E-09 2.0484E-09 2.0205E-09
1.3959E-09 1.4359E-09 1.4758E-09 1.5158E-09 1.5558E-09 1.5951E-09 1.6341E-09 1.6730E-09 1.7112E-09 1.7489E-09 1.7863E-09 1.8232E-09 1.8590E-09 1.8939E-09 1.9285E-09 1.9618E-09 1.9941E-09 2.0254E-09 2.0560E-09 2.0851E-09 2.1126E-09 2.1392E-09 2.1649E-09 2.1889E-09 2.2115E-09 2.2327E-09 2.2529E-09 2.2710E-09 2.2876E-09 2.3026E-09 2.3159E-09 2.3283E-09 2.3377E-09 2.3461E-09 2.3527E-09 2.3576E-09 2.3601E-09 2.3614E-09 2.3603E-09 2.3583E-09 2.3546E-09 2.3483E-09 2.3410E-09 2.3313E-09 2.3207E-09 2.3084E-09 2.2938E-09 2.2775E-09 2.2608E-09 2.2426E-09 2.2219E-09 2.2008E-09 2.1775E-09 2.1528E-09 2.1279E-09 2.1008E-09 2.0736E-09
1.4123E-09 1.4529E-09 1.4938E-09 1.5346E-09 1.5748E-09 1.6149E-09 1.6549E-09 1.6944E-09 1.7333E-09 1.7722E-09 1.8104E-09 1.8478E-09 1.8844E-09 1.9206E-09 1.9557E-09 1.9899E-09 2.0231E-09 2.0557E-09 2.0868E-09 2.1168E-09 2.1456E-09 2.1733E-09 2.2000E-09 2.2250E-09 2.2480E-09 2.2707E-09 2.2918E-09 2.3109E-09 2.3279E-09 2.3437E-09 2.3586E-09 2.3713E-09 2.3822E-09 2.3907E-09 2.3981E-09 2.4037E-09 2.4068E-09 2.4090E-09 2.4094E-09 2.4072E-09 2.4040E-09 2.3990E-09 2.3915E-09 2.3830E-09 2.3720E-09 2.3604E-09 2.3460E-09 2.3311E-09 2.3136E-09 2.2955E-09 2.2750E-09 2.2539E-09 2.2306E-09 2.2081E-09 2.1822E-09 2.1551E-09 2.1280E-09
1.4279E-09 1.4695E-09 1.5110E-09 1.5521E-09 1.5931E-09 1.6342E-09 1.6747E-09 1.7152E-09 1.7553E-09 1.7946E-09 1.8333E-09 1.8715E-09 1.9093E-09 1.9461E-09 1.9820E-09 2.0171E-09 2.0516E-09 2.0848E-09 2.1168E-09 2.1477E-09 2.1780E-09 2.2066E-09 2.2339E-09 2.2598E-09 2.2848E-09 2.3080E-09 2.3296E-09 2.3496E-09 2.3687E-09 2.3856E-09 2.4002E-09 2.4137E-09 2.4255E-09 2.4354E-09 2.4430E-09 2.4496E-09 2.4543E-09 2.4564E-09 2.4575E-09 2.4567E-09 2.4533E-09 2.4489E-09 2.4419E-09 2.4341E-09 2.4246E-09 2.4124E-09 2.3994E-09 2.3838E-09 2.3675E-09 2.3486E-09 2.3304E-09 2.3086E-09 2.2866E-09 2.2620E-09 2.2373E-09 2.2101E-09 2.1818E-09
1.4427E-09 1.4852E-09 1.5271E-09 1.5688E-09 1.6108E-09 1.6523E-09 1.6939E-09 1.7351E-09 1.7757E-09 1.8158E-09 1.8554E-09 1.8947E-09 1.9331E-09 1.9707E-09 2.0075E-09 2.0439E-09 2.0789E-09 2.1130E-09 2.1460E-09 2.1784E-09 2.2092E-09 2.2387E-09 2.2676E-09 2.2950E-09 2.3200E-09 2.3441E-09 2.3667E-09 2.3883E-09 2.4079E-09 2.4257E-09 2.4418E-09 2.4556E-09 2.4682E-09 2.4793E-09 2.4877E-09 2.4950E-09 2.5006E-09 2.5034E-09 2.5052E-09 2.5051E-09 2.5024E-09 2.4988E-09 2.4934E-09 2.4852E-09 2.4762E-09 2.4644E-09 2.4518E-09 2.4374E-09 2.4218E-09 2.4033E-09 2.3844E-09 2.3639E-09 2.3409E-09 2.3175E-09 2.2944E-09 2.2684E-09 2.2402E-09
1.4570E-09 1.4998E-09 1.5423E-09 1.5851E-09 1.6274E-09 1.6699E-09 1.7122E-09 1.7539E-09 1.7952E-09 1.8361E-09 1.8769E-09 1.9167E-09 1.9559E-09 1.9944E-09 2.0325E-09 2.0694E-09 2.1054E-09 2.1408E-09 2.1753E-09 2.2078E-09 2.2395E-09 2.2706E-09 2.3005E-09 2.3284E-09 2.3550E-09 2.3807E-09 2.4037E-09 2.4258E-09 2.4463E-09 2.4651E-09 2.4822E-09 2.4969E-09 2.5106E-09 2.5226E-09 2.5326E-09 2.5401E-09 2.5464E-09 2.5508E-09 2.5526E-09 2.5535E-09 2.5525E-09 2.5486E-09 2.5438E-09 2.5371E-09 2.5277E-09 2.5173E-09 2.5055E-09 2.4919E-09 2.4754E-09 2.4584E-09 2.4387E-09 2.4184E-09 2.3984E-09 2.3778E-09 2.3524E-09 2.3280E-09 2.3000E-09
1.4702E-09 1.5136E-09 1.5570E-09 1.6001E-09 1.6431E-09 1.6867E-09 1.7294E-09 1.7718E-09 1.8138E-09 1.8559E-09 1.8971E-09 1.9378E-09 1.9781E-09 2.0175E-09 2.0562E-09 2.0939E-09 2.1313E-09 2.1678E-09 2.2028E-09 2.2367E-09 2.2700E-09 2.3017E-09 2.3320E-09 2.3610E-09 2.3892E-09 2.4154E-09 2.4401E-09 2.4626E-09 2.4840E-09 2.5038E-09 2.5212E-09 2.5377E-09 2.5524E-09 2.5653E-09 2.5763E-09 2.5853E-09 2.5918E-09 2.5973E-09 2.5999E-09 2.6016E-09 2.6013E-09 2.5991E-09 2.5940E-09 2.5880E-09 2.5804E-09 2.5709E-09 2.5584E-09 2.5453E-09 2.5304E-09 2.5154E-09 2.4972E-09 2.4789E-09 2.4566E-09 2.4353E-09 2.4101E-09 2.3888E-09 2.3611E-09
1.4829E-09 1.5269E-09 1.5706E-09 1.6143E-09 1.6586E-09 1.7022E-09 1.7456E-09 1.7887E-09 1.8319E-09 1.8744E-09 1.9164E-09 1.9582E-09 1.9991E-09 2.0398E-09 2.0792E-09 2.1184E-09 2.1564E-09 2.1934E-09 2.2294E-09 2.2648E-09 2.2987E-09 2.3313E-09 2.3627E-09 2.3933E-09 2.4221E-09 2.4493E-09 2.4750E-09 2.4991E-09 2.5210E-09 2.5420E-09 2.5612E-09 2.5787E-09 2.5936E-09 2.6074E-09 2.6193E-09 2.6286E-09 2.6370E-09 2.6434E-09 2.6478E-09 2.6493E-09 2.6499E-09 2.6484E-09 2.6453E-09 2.6403E-09 2.6321E-09 2.6233E-09 2.6125E-09 2.6015E-09 2.5872E-09 2.5728E-09 2.5566E-09 2.5364E-09 2.5197E-09 2.4965E-09 2.4769E-09 2.4510E-09 2.4262E-09
1.4948E-09 1.5390E-09 1.5833E-09 1.6279E-09 1.6726E-09 1.7168E-09 1.7609E-09 1.8051E-09 1.8487E-09 1.8919E-09 1.9350E-09 1.9774E-09 2.0195E-09 2.0606E-09 2.1015E-09 2.1412E-09 2.1801E-09 2.2180E-09 2.2556E-09 2.2916E-09 2.3264E-09 2.3600E-09 2.3931E-09 2.4243E-09 2.4540E-09 2.4823E-09 2.5091E-09 2.5336E-09 2.5573E-09 2.5794E-09 2.5997E-09 2.6182E-09 2.6348E-09 2.6489E-09 2.6620E-09 2.6733E-09 2.6816E-09 2.6890E-09 2.6943E-09 2.6976E-09 2.6993E-09 2.6990E-09 2.6955E-09 2.6912E-09 2.6849E-09 2.6783E-09 2.6684E-09 2.6582E-09 2.6461E-09 2.6298E-09 2.6170E-09 2.5998E-09 2.5815E-09 2.5590E-09 2.5376E-09 2.5146E-09 2.4877E-09
1.5055E-09 1.5502E-09 1.5950E-09 1.6407E-09 1.6856E-09 1.7305E-09 1.7756E-09 1.8202E-09 1.8645E-09 1.9088E-09 1.9524E-09 1.9955E-09 2.0385E-09 2.0809E-09 2.1224E-09 2.1630E-09 2.2028E-09 2.2423E-09 2.2803E-09 2.3173E-09 2.3531E-09 2.3885E-09 2.4220E-09 2.4543E-09 2.4851E-09 2.5144E-09 2.5416E-09 2.5681E-09 2.5929E-09 2.6160E-09 2.6373E-09 2.6569E-09 2.6738E-09 2.6899E-09 2.7041E-09 2.7164E-09 2.7267E-09 2.7340E-09 2.7415E-09 2.7449E-09 2.7475E-09 2.7481E-09 2.7465E-09 2.7447E-09 2.7393E-09 2.7337E-09 2.7261E-09 2.7141E-09 2.7056E-09 2.6926E-09 2.6784E-09 2.6623E-09 2.6421E-09 2.6227E-09 2.5993E-09 2.5799E-09 2.5537E-09
1.5153E-09 1.5605E-09 1.6063E-09 1.6522E-09 1.6977E-09 1.7436E-09 1.7890E-09 1.8343E-09 1.8793E-09 1.9244E-09 1.9688E-09 2.0131E-09 2.0570E-09 2.0999E-09 2.1422E-09 2.1837E-09 2.2250E-09 2.2650E-09 2.3046E-09 2.3425E-09 2.3795E-09 2.4154E-09 2.4500E-09 2.4833E-09 2.5152E-09 2.5458E-09 2.5749E-09 2.6016E-09 2.6275E-09 2.6517E-09 2.6741E-09 2.6940E-09 2.7131E-09 2.7303E-09 2.7456E-09 2.7589E-09 2.7701E-09 2.7798E-09 2.7874E-09 2.7930E-09 2.7954E-09 2.7968E-09 2.7991E-09 2.7983E-09 2.7954E-09 2.7882E-09 2.7843E-09 2.7758E-09 2.7660E-09 2.7543E-09 2.7383E-09 2.7230E-09 2.7090E-09 2.6881E-09 2.6685E-09 2.6445E-09 2.6218E-09
1.5242E-09 1.5704E-09 1.6163E-09 1.6628E-09 1.7093E-09 1.7554E-09 1.8015E-09 1.8474E-09 1.8935E-09 1.9390E-09 1.9841E-09 2.0297E-09 2.0741E-09 2.1178E-09 2.1610E-09 2.2040E-09 2.2458E-09 2.2872E-09 2.3272E-09 2.3663E-09 2.4044E-09 2.4413E-09 2.4769E-09 2.5113E-09 2.5444E-09 2.5762E-09 2.6064E-09 2.6350E-09 2.6620E-09 2.6866E-09 2.7104E-09 2.7324E-09 2.7526E-09 2.7699E-09 2.7863E-09 2.8007E-09 2.8134E-09 2.8242E-09 2.8328E-09 2.8394E-09 2.8467E-09 2.8509E-09 2.8506E-09 2.8508E-09 2.8518E-09 2.8482E-09 2.8432E-09 2.8362E-09 2.8248E-09 2.8140E-09 2.8044E-09 2.7878E-09 2.7724E-09 2.7552E-09 2.7337E-09 2.7132E-09 2.6886E-09
1.5327E-09 1.5790E-09 1.6255E-09 1.6724E-09 1.7195E-09 1.7663E-09 1.8130E-09 1.8599E-09 1.9064E-09 1.9526E-09 1.9988E-09 2.0449E-09 2.0901E-09 2.1347E-09 2.1793E-09 2.2228E-09 2.2660E-09 2.3078E-09 2.3490E-09 2.3891E-09 2.4288E-09 2.4667E-09 2.5028E-09 2.5385E-09 2.5727E-09 2.6055E-09 2.6369E-09 2.6666E-09 2.6940E-09 2.7208E-09 2.7457E-09 2.7689E-09 2.7902E-09 2.8097E-09 2.8275E-09 2.8434E-09 2.8572E-09 2.8679E-09 2.8777E-09 2.8882E-09 2.8957E-09 2.9011E-09 2.9044E-09 2.9063E-09 2.9087E-09 2.9067E-09 2.9002E-09 2.8944E-09 2.8895E-09 2.8777E-09 2.8669E-09 2.8542E-09 2.8371E-09 2.8209E-09 2.8029E-09 2.7834E-09 2.7621E-09
1.5400E-09 1.5867E-09 1.6337E-09 1.6812E-09 1.7289E-09 1.7762E-09 1.8239E-09 1.8711E-09 1.9182E-09 1.9651E-09 2.0122E-09 2.0591E-09 2.1050E-09 2.1511E-09 2.1961E-09 2.2404E-09 2.2846E-09 2.3276E-09 2.3697E-09 2.4114E-09 2.4515E-09 2.4899E-09 2.5279E-09 2.5646E-09 2.5999E-09 2.6339E-09 2.6664E-09 2.6965E-09 2.7261E-09 2.7540E-09 2.7802E-09 2.8046E-09 2.8271E-09 2.8480E-09 2.8671E-09 2.8841E-09 2.8992E-09 2.9148E-09 2.9275E-09 2.9358E-09 2.9445E-09 2.9540E-09 2.9588E-09 2.9622E-09 2.9635E-09 2.9628E-09 2.9601E-09 2.9563E-09 2.9505E-09 2.9427E-09 2.9304E-09 2.9189E-09 2.9080E-09 2.8905E-09 2.8737E-09 2.8529E-09 2.8326E-09
1.5464E-09 1.5936E-09 1.6414E-09 1.6891E-09 1.7372E-09 1.7851E-09 1.8334E-09 1.8813E-09 1.9290E-09 1.9771E-09 2.0246E-09 2.0722E-09 2.1195E-09 2.1659E-09 2.2118E-09 2.2575E-09 2.3022E-09 2.3462E-09 2.3892E-09 2.4320E-09 2.4725E-09 2.5127E-09 2.5518E-09 2.5896E-09 2.6261E-09 2.6612E-09 2.6941E-09 2.7264E-09 2.7572E-09 2.7863E-09 2.8137E-09 2.8393E-09 2.8634E-09 2.8856E-09 2.9059E-09 2.9242E-09 2.9432E-09 2.9593E-09 2.9733E-09 2.9853E-09 2.9982E-09 3.0070E-09 3.0137E-09 3.0159E-09 3.0186E-09 3.0224E-09 3.0219E-09 3.0166E-09 3.0122E-09 3.0058E-09 2.9999E-09 2.9874E-09 2.9755E-09 2.9616E-09 2.9438E-09 2.9264E-09 2.9051E-09
1.5519E-09 1.5999E-09 1.6478E-09 1.6960E-09 1.7446E-09 1.7931E-09 1.8420E-09 1.8904E-09 1.9393E-09 1.9877E-09 2.0364E-09 2.0848E-09 2.1325E-09 2.1797E-09 2.2263E-09 2.2732E-09 2.3188E-09 2.3636E-09 2.4083E-09 2.4508E-09 2.4932E-09 2.5344E-09 2.5746E-09 2.6135E-09 2.6512E-09 2.6866E-09 2.7217E-09 2.7553E-09 2.7873E-09 2.8176E-09 2.8462E-09 2.8734E-09 2.8988E-09 2.9223E-09 2.9438E-09 2.9663E-09 2.9857E-09 3.0032E-09 3.0187E-09 3.0352E-09 3.0475E-09 3.0577E-09 3.0660E-09 3.0723E-09 3.0778E-09 3.0812E-09 3.0826E-09 3.0819E-09 3.0766E-09 3.0745E-09 3.0684E-09 3.0602E-09 3.0479E-09 3.0358E-09 3.0200E-09 3.0070E-09 2.9875E-09
1.5566E-09 1.6050E-09 1.6534E-09 1.7019E-09 1.7511E-09 1.8001E-09 1.8495E-09 1.8991E-09 1.9482E-09 1.9973E-09 2.0466E-09 2.0959E-09 2.1443E-09 2.1923E-09 2.2405E-09 2.2877E-09 2.3342E-09 2.3800E-09 2.4250E-09 2.4693E-09 2.5127E-09 2.5550E-09 2.5963E-09 2.6363E-09 2.6743E-09 2.7120E-09 2.7483E-09 2.7831E-09 2.8163E-09 2.8479E-09 2.8781E-09 2.9066E-09 2.9333E-09 2.9581E-09 2.9839E-09 3.0067E-09 3.0277E-09 3.0495E-09 3.0694E-09 3.0861E-09 3.0991E-09 3.1136E-09 3.1299E-09 3.1422E-09 3.1531E-09 3.1594E-09 3.1665E-09 3.1738E-09 3.1771E-09 3.1760E-09 3.1751E-09 3.1722E-09 3.1696E-09 3.1597E-09 3.1496E-09 3.1344E-09 3.1184E-09
1.5605E-09 1.6092E-09 1.6580E-09 1.7070E-09 1.7567E-09 1.8061E-09 1.8560E-09 1.9063E-09 1.9561E-09 2.0057E-09 2.0559E-09 2.1059E-09 2.1550E-09 2.2045E-09 2.2530E-09 2.3010E-09 2.3484E-09 2.3952E-09 2.4405E-09 2.4866E-09 2.5310E-09 2.5745E-09 2.6168E-09 2.6572E-09 2.6974E-09 2.7363E-09 2.7738E-09 2.8098E-09 2.8442E-09 2.8786E-09 2.9102E-09 2.9399E-09 2.9706E-09 2.9985E-09 3.0246E-09 3.0489E-09 3.0755E-09 3.0995E-09 3.1229E-09 3.1456E-09 3.1674E-09 3.1885E-09 3.2074E-09 3.2239E-09 3.2387E-09 3.2544E-09 3.2645E-09 3.2756E-09 3.2842E-09 3.2905E-09 3.2944E-09 3.2950E-09 3.2930E-09 3.2879E-09 3.2774E-09 3.2661E-09 3.2504E-09
1.5635E-09 1.6125E-09 1.6617E-09 1.7111E-09 1.7612E-09 1.8112E-09 1.8618E-09 1.9126E-09 1.9629E-09 2.0138E-09 2.0641E-09 2.1148E-09 2.1646E-09 2.2150E-09 2.2644E-09 2.3132E-09 2.3615E-09 2.4085E-09 2.4556E-09 2.5028E-09 2.5482E-09 2.5927E-09 2.6354E-09 2.6779E-09 2.7193E-09 2.7594E-09 2.7981E-09 2.8353E-09 2.8726E-09 2.9071E-09 2.9399E-09 2.9738E-09 3.0049E-09 3.0349E-09 3.0651E-09 3.0983E-09 3.1294E-09 3.1604E-09 3.1899E-09 3.2171E-09 3.2429E-09 3.2674E-09 3.2910E-09 3.3143E-09 3.3399E-09 3.3619E-09 3.3817E-09 3.3966E-09 3.4128E-09 3.4224E-09 3.4286E-09 3.4312E-09 3.4277E-09 3.4236E-09 3.4162E-09 3.4066E-09 3.3908E-09
1.5656E-09 1.6150E-09 1.6645E-09 1.7143E-09 1.7649E-09 1.8158E-09 1.8665E-09 1.9178E-09 1.9692E-09 2.0203E-09 2.0712E-09 2.1226E-09 2.1733E-09 2.2245E-09 2.2746E-09 2.3243E-09 2.3728E-09 2.4216E-09 2.4696E-09 2.5177E-09 2.5642E-09 2.6090E-09 2.6538E-09 2.6975E-09 2.7400E-09 2.7813E-09 2.8212E-09 2.8601E-09 2.8986E-09 2.9344E-09 2.9713E-09 3.0066E-09 3.0426E-09 3.0794E-09 3.1197E-09 3.1576E-09 3.1941E-09 3.2286E-09 3.2643E-09 3.2970E-09 3.3302E-09 3.3617E-09 3.3961E-09 3.4319E-09 3.4623E-09 3.4888E-09 3.5115E-09 3.5326E-09 3.5482E-09 3.5603E-09 3.5665E-09 3.5720E-09 3.5741E-09 3.5742E-09 3.5680E-09 3.5616E-09 3.5517E-09
1.5669E-09 1.6162E-09 1.6664E-09 1.7166E-09 1.7675E-09 1.8190E-09 1.8702E-09 1.9220E-09 1.9741E-09 2.0257E-09 2.0778E-09 2.1295E-09 2.1809E-09 2.2328E-09 2.2837E-09 2.3336E-09 2.3838E-09 2.4334E-09 2.4824E-09 2.5315E-09 2.5783E-09 2.6251E-09 2.6710E-09 2.7158E-09 2.7595E-09 2.8020E-09 2.8435E-09 2.8848E-09 2.9235E-09 2.9640E-09 3.0049E-09 3.0473E-09 3.0910E-09 3.1375E-09 3.1806E-09 3.2224E-09 3.2628E-09 3.3060E-09 3.3488E-09 3.3928E-09 3.4370E-09 3.4819E-09 3.5212E-09 3.5575E-09 3.5876E-09 3.6185E-09 3.6466E-09 3.6672E-09 3.6871E-09 3.7034E-09 3.7163E-09 3.7266E-09 3.7332E-09 3.7337E-09 3.7333E-09 3.7266E-09 3.7190E-09
1.5673E-09 1.6170E-09 1.6675E-09 1.7180E-09 1.7694E-09 1.8213E-09 1.8729E-09 1.9253E-09 1.9780E-09 2.0301E-09 2.0823E-09 2.1352E-09 2.1874E-09 2.2400E-09 2.2910E-09 2.3416E-09 2.3935E-09 2.4441E-09 2.4948E-09 2.5433E-09 2.5910E-09 2.6400E-09 2.6869E-09 2.7329E-09 2.7778E-09 2.8218E-09 2.8646E-09 2.9072E-09 2.9500E-09 2.9995E-09 3.0485E-09 3.0978E-09 3.1496E-09 3.1983E-09 3.2461E-09 3.2937E-09 3.3466E-09 3.3990E-09 3.4523E-09 3.5050E-09 3.5577E-09 3.6046E-09 3.6485E-09 3.6883E-09 3.7281E-09 3.7627E-09 3.7932E-09 3.8203E-09 3.8410E-09 3.8636E-09 3.8800E-09 3.8901E-09 3.8994E-09 3.9050E-09 3.9043E-09 3.9056E-09 3.8967E-09
1.5670E-09 1.6169E-09 1.6677E-09 1.7185E-09 1.7704E-09 1.8226E-09 1.8752E-09 1.9276E-09 1.9808E-09 2.0335E-09 2.0864E-09 2.1399E-09 2.1928E-09 2.2454E-09 2.2971E-09 2.3494E-09 2.4021E-09 2.4536E-09 2.5045E-09 2.5539E-09 2.6036E-09 2.6536E-09 2.7017E-09 2.7488E-09 2.7951E-09 2.8404E-09 2.8868E-09 2.9347E-09 2.9899E-09 3.0444E-09 3.0991E-09 3.1563E-09 3.2107E-09 3.2645E-09 3.3211E-09 3.3831E-09 3.4459E-09 3.5088E-09 3.5700E-09 3.6312E-09 3.6854E-09 3.7353E-09 3.7842E-09 3.8297E-09 3.8670E-09 3.9028E-09 3.9354E-09 3.9679E-09 3.9950E-09 4.0160E-09 4.0364E-09 4.0532E-09 4.0672E-09 4.0768E-09 4.0834E-09 4.0829E-09 4.0815E-09
1.5658E-09 1.6159E-09 1.6670E-09 1.7182E-09 1.7704E-09 1.8230E-09 1.8761E-09 1.9290E-09 1.9826E-09 2.0359E-09 2.0894E-09 2.1435E-09 2.1970E-09 2.2497E-09 2.3030E-09 2.3560E-09 2.4096E-09 2.4619E-09 2.5128E-09 2.5642E-09 2.6160E-09 2.6660E-09 2.7151E-09 2.7636E-09 2.8112E-09 2.8608E-09 2.9150E-09 2.9730E-09 3.0349E-09 3.0946E-09 3.1572E-09 3.2170E-09 3.2784E-09 3.3435E-09 3.4166E-09 3.4894E-09 3.5615E-09 3.6298E-09 3.6960E-09 3.7548E-09 3.8100E-09 3.8641E-09 3.9148E-09 3.9608E-09 4.0043E-09 4.0471E-09 4.0867E-09 4.1244E-09 4.1579E-09 4.1877E-09 4.2141E-09 4.2358E-09 4.2542E-09 4.2756E-09 4.2828E-09 4.2955E-09 4.3024E-09
1.5635E-09 1.6142E-09 1.6655E-09 1.7171E-09 1.7696E-09 1.8226E-09 1.8755E-09 1.9293E-09 1.9828E-09 2.0374E-09 2.0914E-09 2.1461E-09 2.1995E-09 2.2528E-09 2.3077E-09 2.3623E-09 2.4158E-09 2.4682E-09 2.5210E-09 2.5734E-09 2.6260E-09 2.6771E-09 2.7263E-09 2.7777E-09 2.8314E-09 2.8891E-09 2.9531E-09 3.0173E-09 3.0844E-09 3.1521E-09 3.2174E-09 3.2870E-09 3.3622E-09 3.4453E-09 3.5273E-09 3.6057E-09 3.6786E-09 3.7483E-09 3.8120E-09 3.8720E-09 3.9328E-09 3.9946E-09 4.0520E-09 4.1067E-09 4.1621E-09 4.2126E-09 4.2598E-09 4.3009E-09 4.3442E-09 4.3796E-09 4.4119E-09 4.4476E-09 4.4687E-09 4.5041E-09 4.5199E-09 4.5432E-09 4.5561E-09
