Assets/Resources/2015_m01_d28_0900(utc+0800)_l00_csi_1hr_conc.grd
DSAA
         159         159
     -79.000      79.000
     -79.000      79.000
  0.0000E+00  0.4323E-05
[rows 0 to 24 of 159, columns 57 to 113 of 159]
4.4333E-09 4.8879E-09 5.3211E-09 5.7210E-09 6.0757E-09 6.3750E-09 6.6087E-09 6.7705E-09 6.8548E-09 6.8596E-09 6.7854E-09 6.6364E-09 6.4170E-09 6.1355E-09 5.8016E-09 5.4255E-09 5.0170E-09 4.5890E-09 4.1526E-09 3.7180E-09 3.2940E-09 2.8872E-09 2.5044E-09 2.1500E-09 1.8273E-09 1.5378E-09 1.2810E-09 1.0560E-09 8.6150E-10 6.9538E-10 5.5331E-10 4.3563E-10 3.4201E-10 2.6666E-10 2.0097E-10 1.4417E-10 1.0006E-10 6.5004E-11 3.3344E-11 1.3307E-11 1.6917E-12 0.0000E+00 0.0000E+00 0.0000E+00 0.0000E+00 0.0000E+00 0.0000E+00 0.0000E+00 0.0000E+00 0.0000E+00 0.0000E+00 0.0000E+00 0.0000E+00 0.0000E+00 0.0000E+00 0.0000E+00 0.0000E+00
4.7542E-09 5.2512E-09 5.7254E-09 6.1636E-09 6.5527E-09 6.8807E-09 7.1364E-09 7.3124E-09 7.4037E-09 7.4086E-09 7.3248E-09 7.1575E-09 6.9137E-09 6.6014E-09 6.2314E-09 5.8162E-09 5.3688E-09 4.9013E-09 4.4255E-09 3.9519E-09 3.4910E-09 3.0512E-09 2.6391E-09 2.2590E-09 1.9132E-09 1.6040E-09 1.3306E-09 1.0925E-09 8.8713E-10 7.1232E-10 5.6551E-10 4.4226E-10 3.4530E-10 2.6748E-10 2.0035E-10 1.4211E-10 9.7394E-11 6.2285E-11 3.1356E-11 1.2348E-11 1.5365E-12 0.0000E+00 0.0000E+00 0.0000E+00 0.0000E+00 0.0000E+00 0.0000E+00 0.0000E+00 0.0000E+00 0.0000E+00 0.0000E+00 0.0000E+00 0.0000E+00 0.0000E+00 0.0000E+00 0.0000E+00 0.0000E+00
5.0653E-09 5.6056E-09 6.1230E-09 6.6020E-09 7.0268E-09 7.3844E-09 7.6645E-09 7.8564E-09 7.9541E-09 7.9553E-09 7.8610E-09 7.6760E-09 7.4070E-09 7.0641E-09 6.6593E-09 6.2050E-09 5.7157E-09 5.2052E-09 4.6875E-09 4.1750E-09 3.6779E-09 3.2051E-09 2.7624E-09 2.3551E-09 1.9871E-09 1.6588E-09 1.3710E-09 1.1213E-09 9.0715E-10 7.2476E-10 5.7252E-10 4.4536E-10 3.4308E-10 2.6393E-10 1.9609E-10 1.3728E-10 9.2774E-11 5.8544E-11 2.9710E-11 1.1311E-11 8.5742E-13 0.0000E+00 0.0000E+00 0.0000E+00 0.0000E+00 0.0000E+00 0.0000E+00 0.0000E+00 0.0000E+00 0.0000E+00 0.0000E+00 0.0000E+00 0.0000E+00 0.0000E+00 0.0000E+00 0.0000E+00 0.0000E+00
5.3605E-09 5.9463E-09 6.5064E-09 7.0257E-09 7.4877E-09 7.8766E-09 8.1794E-09 8.3868E-09 8.4927E-09 8.4924E-09 8.3875E-09 8.1834E-09 7.8885E-09 7.5131E-09 7.0708E-09 6.5767E-09 6.0465E-09 5.4955E-09 4.9372E-09 4.3852E-09 3.8506E-09 3.3437E-09 2.8719E-09 2.4405E-09 2.0514E-09 1.7050E-09 1.4017E-09 1.1399E-09 9.1683E-10 7.2896E-10 5.7234E-10 4.4444E-10 3.3775E-10 2.5841E-10 1.9017E-10 1.3148E-10 8.7502E-11 5.4153E-11 2.6964E-11 7.9867E-12 0.0000E+00 0.0000E+00 0.0000E+00 0.0000E+00 0.0000E+00 0.0000E+00 0.0000E+00 0.0000E+00 0.0000E+00 0.0000E+00 0.0000E+00 0.0000E+00 0.0000E+00 0.0000E+00 0.0000E+00 0.0000E+00 0.0000E+00
5.6354E-09 6.2646E-09 6.8688E-09 7.4296E-09 7.9292E-09 8.3492E-09 8.6771E-09 8.9014E-09 9.0149E-09 9.0139E-09 8.8997E-09 8.6782E-09 8.3582E-09 7.9515E-09 7.4722E-09 6.9382E-09 6.3649E-09 5.7697E-09 5.1688E-09 4.5771E-09 4.0071E-09 3.4681E-09 2.9671E-09 2.5100E-09 2.0998E-09 1.7378E-09 1.4223E-09 1.1510E-09 9.2104E-10 7.2776E-10 5.6730E-10 4.3717E-10 3.2813E-10 2.4850E-10 1.8099E-10 1.2341E-10 8.1180E-11 4.9417E-11 2.1192E-11 3.3684E-12 0.0000E+00 0.0000E+00 0.0000E+00 0.0000E+00 0.0000E+00 0.0000E+00 0.0000E+00 0.0000E+00 0.0000E+00 0.0000E+00 0.0000E+00 0.0000E+00 0.0000E+00 0.0000E+00 0.0000E+00 0.0000E+00 0.0000E+00
5.8810E-09 6.5544E-09 7.2025E-09 7.8039E-09 8.3404E-09 8.7940E-09 9.1479E-09 9.3911E-09 9.5131E-09 9.5121E-09 9.3889E-09 9.1492E-09 8.8033E-09 8.3647E-09 7.8491E-09 7.2750E-09 6.6602E-09 6.0238E-09 5.3825E-09 4.7521E-09 4.1452E-09 3.5735E-09 3.0454E-09 2.5661E-09 2.1377E-09 1.7598E-09 1.4314E-09 1.1510E-09 9.1503E-10 7.1854E-10 5.5741E-10 4.2528E-10 3.1680E-10 2.3681E-10 1.7057E-10 1.1455E-10 7.4309E-11 4.2929E-11 1.4098E-11 5.3300E-13 0.0000E+00 0.0000E+00 0.0000E+00 0.0000E+00 0.0000E+00 0.0000E+00 0.0000E+00 0.0000E+00 0.0000E+00 0.0000E+00 0.0000E+00 0.0000E+00 0.0000E+00 0.0000E+00 0.0000E+00 0.0000E+00 0.0000E+00
6.0946E-09 6.8101E-09 7.4996E-09 8.1428E-09 8.7177E-09 9.2035E-09 9.5835E-09 9.8443E-09 9.9766E-09 9.9767E-09 9.8460E-09 9.5913E-09 9.2224E-09 8.7532E-09 8.2018E-09 7.5885E-09 6.9326E-09 6.2545E-09 5.5725E-09 4.9040E-09 4.2633E-09 3.6612E-09 3.1071E-09 2.6050E-09 2.1589E-09 1.7688E-09 1.4315E-09 1.1447E-09 9.0411E-10 7.0423E-10 5.4176E-10 4.0909E-10 3.0093E-10 2.2148E-10 1.5763E-10 1.0456E-10 6.7061E-11 3.2123E-11 6.3322E-12 0.0000E+00 0.0000E+00 0.0000E+00 0.0000E+00 0.0000E+00 0.0000E+00 0.0000E+00 0.0000E+00 0.0000E+00 0.0000E+00 0.0000E+00 0.0000E+00 0.0000E+00 0.0000E+00 0.0000E+00 0.0000E+00 0.0000E+00 0.0000E+00
6.2689E-09 7.0235E-09 7.7548E-09 8.4378E-09 9.0498E-09 9.5685E-09 9.9762E-09 1.0258E-08 1.0403E-08 1.0406E-08 1.0270E-08 1.0001E-08 9.6090E-09 9.1117E-09 8.5268E-09 7.8758E-09 7.1802E-09 6.4615E-09 5.7411E-09 5.0360E-09 4.3620E-09 3.7311E-09 3.1521E-09 2.6307E-09 2.1685E-09 1.7664E-09 1.4206E-09 1.1277E-09 8.8374E-10 6.8357E-10 5.2154E-10 3.9037E-10 2.8314E-10 2.0485E-10 1.4388E-10 9.4070E-11 5.3908E-11 1.9731E-11 2.4456E-12 0.0000E+00 0.0000E+00 0.0000E+00 0.0000E+00 0.0000E+00 0.0000E+00 0.0000E+00 0.0000E+00 0.0000E+00 0.0000E+00 0.0000E+00 0.0000E+00 0.0000E+00 0.0000E+00 0.0000E+00 0.0000E+00 0.0000E+00 0.0000E+00
6.3999E-09 7.1920E-09 7.9618E-09 8.6828E-09 9.3313E-09 9.8838E-09 1.0319E-08 1.0622E-08 1.0781E-08 1.0789E-08 1.0649E-08 1.0368E-08 9.9562E-09 9.4318E-09 8.8150E-09 8.1285E-09 7.3968E-09 6.6413E-09 5.8843E-09 5.1452E-09 4.4395E-09 3.7821E-09 3.1808E-09 2.6412E-09 2.1654E-09 1.7534E-09 1.4017E-09 1.1049E-09 8.5879E-10 6.5807E-10 4.9726E-10 3.6782E-10 2.6229E-10 1.8573E-10 1.2909E-10 8.1237E-11 3.6968E-11 9.8901E-12 4.0917E-13 0.0000E+00 0.0000E+00 0.0000E+00 0.0000E+00 0.0000E+00 0.0000E+00 0.0000E+00 0.0000E+00 0.0000E+00 0.0000E+00 0.0000E+00 0.0000E+00 0.0000E+00 0.0000E+00 0.0000E+00 0.0000E+00 0.0000E+00 0.0000E+00
6.4875E-09 7.3121E-09 8.1156E-09 8.8724E-09 9.5563E-09 1.0142E-08 1.0607E-08 1.0932E-08 1.1105E-08 1.1122E-08 1.0981E-08 1.0691E-08 1.0264E-08 9.7165E-09 9.0718E-09 8.3532E-09 7.5852E-09 6.7936E-09 6.0019E-09 5.2318E-09 4.4988E-09 3.8164E-09 3.1947E-09 2.6391E-09 2.1519E-09 1.7316E-09 1.3752E-09 1.0748E-09 8.2798E-10 6.2865E-10 4.7017E-10 3.4308E-10 2.4010E-10 1.6605E-10 1.1378E-10 6.0580E-11 2.2967E-11 3.1530E-12 0.0000E+00 0.0000E+00 0.0000E+00 0.0000E+00 0.0000E+00 0.0000E+00 0.0000E+00 0.0000E+00 0.0000E+00 0.0000E+00 0.0000E+00 0.0000E+00 0.0000E+00 0.0000E+00 0.0000E+00 0.0000E+00 0.0000E+00 0.0000E+00 0.0000E+00
6.5275E-09 7.3786E-09 8.2141E-09 9.0055E-09 9.7228E-09 1.0339E-08 1.0831E-08 1.1180E-08 1.1373E-08 1.1402E-08 1.1265E-08 1.0971E-08 1.0531E-08 9.9645E-09 9.2948E-09 8.5473E-09 7.7493E-09 6.9274E-09 6.1047E-09 5.3033E-09 4.5428E-09 3.8372E-09 3.1975E-09 2.6274E-09 2.1292E-09 1.7023E-09 1.3434E-09 1.0430E-09 7.9543E-10 5.9715E-10 4.4051E-10 3.1670E-10 2.1627E-10 1.4681E-10 8.9096E-11 4.0459E-11 1.0583E-11 1.8584E-12 0.0000E+00 0.0000E+00 0.0000E+00 0.0000E+00 0.0000E+00 0.0000E+00 0.0000E+00 0.0000E+00 0.0000E+00 0.0000E+00 0.0000E+00 0.0000E+00 0.0000E+00 0.0000E+00 0.0000E+00 0.0000E+00 0.0000E+00 0.0000E+00 0.0000E+00
6.5179E-09 7.3944E-09 8.2575E-09 9.0764E-09 9.8236E-09 1.0471E-08 1.0994E-08 1.1370E-08 1.1583E-08 1.1624E-08 1.1493E-08 1.1198E-08 1.0751E-08 1.0170E-08 9.4814E-09 8.7099E-09 7.8839E-09 7.0326E-09 6.1819E-09 5.3557E-09 4.5733E-09 3.8477E-09 3.1906E-09 2.6082E-09 2.1011E-09 1.6693E-09 1.3070E-09 1.0069E-09 7.6138E-10 5.6547E-10 4.1077E-10 2.8982E-10 1.9374E-10 1.2367E-10 6.2799E-11 2.1960E-11 3.6979E-12 5.2482E-13 0.0000E+00 0.0000E+00 0.0000E+00 0.0000E+00 0.0000E+00 0.0000E+00 0.0000E+00 0.0000E+00 0.0000E+00 0.0000E+00 0.0000E+00 0.0000E+00 0.0000E+00 0.0000E+00 0.0000E+00 0.0000E+00 0.0000E+00 0.0000E+00 0.0000E+00
6.4630E-09 7.3566E-09 8.2403E-09 9.0862E-09 9.8638E-09 1.0542E-08 1.1092E-08 1.1493E-08 1.1728E-08 1.1789E-08 1.1673E-08 1.1384E-08 1.0935E-08 1.0347E-08 9.6434E-09 8.8528E-09 8.0047E-09 7.1291E-09 6.2531E-09 5.4012E-09 4.5949E-09 3.8507E-09 3.1789E-09 2.5851E-09 2.0707E-09 1.6349E-09 1.2719E-09 9.7273E-10 7.2717E-10 5.3362E-10 3.8230E-10 2.6499E-10 1.6894E-10 9.1586E-11 3.9190E-11 7.9802E-12 2.6495E-12 0.0000E+00 0.0000E+00 0.0000E+00 0.0000E+00 0.0000E+00 0.0000E+00 0.0000E+00 0.0000E+00 0.0000E+00 0.0000E+00 0.0000E+00 0.0000E+00 0.0000E+00 0.0000E+00 0.0000E+00 0.0000E+00 0.0000E+00 0.0000E+00 0.0000E+00 0.0000E+00
6.3613E-09 7.2664E-09 8.1687E-09 9.0379E-09 9.8394E-09 1.0544E-08 1.1125E-08 1.1557E-08 1.1821E-08 1.1904E-08 1.1803E-08 1.1525E-08 1.1080E-08 1.0489E-08 9.7767E-09 8.9729E-09 8.1070E-09 7.2105E-09 6.3130E-09 5.4413E-09 4.6174E-09 3.8556E-09 3.1693E-09 2.5642E-09 2.0425E-09 1.6013E-09 1.2369E-09 9.4021E-10 6.9605E-10 5.0561E-10 3.5695E-10 2.3821E-10 1.3814E-10 6.3547E-11 1.9095E-11 3.9893E-12 1.1157E-12 0.0000E+00 0.0000E+00 0.0000E+00 0.0000E+00 0.0000E+00 0.0000E+00 0.0000E+00 0.0000E+00 0.0000E+00 0.0000E+00 0.0000E+00 0.0000E+00 0.0000E+00 0.0000E+00 0.0000E+00 0.0000E+00 0.0000E+00 0.0000E+00 0.0000E+00 0.0000E+00
6.2145E-09 7.1274E-09 8.0423E-09 8.9280E-09 9.7541E-09 1.0488E-08 1.1100E-08 1.1562E-08 1.1853E-08 1.1963E-08 1.1886E-08 1.1625E-08 1.1191E-08 1.0605E-08 9.8904E-09 9.0780E-09 8.1994E-09 7.2875E-09 6.3733E-09 5.4826E-09 4.6397E-09 3.8624E-09 3.1630E-09 2.5497E-09 2.0218E-09 1.5767E-09 1.2086E-09 9.1088E-10 6.6854E-10 4.7770E-10 3.2910E-10 2.0800E-10 1.0921E-10 4.0067E-11 5.7387E-12 2.5372E-12 4.4189E-14 0.0000E+00 0.0000E+00 0.0000E+00 0.0000E+00 0.0000E+00 0.0000E+00 0.0000E+00 0.0000E+00 0.0000E+00 0.0000E+00 0.0000E+00 0.0000E+00 0.0000E+00 0.0000E+00 0.0000E+00 0.0000E+00 0.0000E+00 0.0000E+00 0.0000E+00 0.0000E+00
6.0284E-09 6.9426E-09 7.8646E-09 8.7655E-09 9.6137E-09 1.0373E-08 1.1013E-08 1.1508E-08 1.1834E-08 1.1978E-08 1.1931E-08 1.1695E-08 1.1281E-08 1.0707E-08 9.9982E-09 9.1849E-09 8.2999E-09 7.3760E-09 6.4462E-09 5.5391E-09 4.6796E-09 3.8879E-09 3.1743E-09 2.5472E-09 2.0094E-09 1.5588E-09 1.1892E-09 8.9038E-10 6.4906E-10 4.5518E-10 3.0273E-10 1.8009E-10 8.4436E-11 2.3512E-11 4.8760E-12 1.0562E-12 0.0000E+00 0.0000E+00 0.0000E+00 0.0000E+00 0.0000E+00 0.0000E+00 0.0000E+00 0.0000E+00 0.0000E+00 0.0000E+00 0.0000E+00 0.0000E+00 0.0000E+00 0.0000E+00 0.0000E+00 0.0000E+00 0.0000E+00 0.0000E+00 0.0000E+00 0.0000E+00 0.0000E+00
5.8061E-09 6.7153E-09 7.6404E-09 8.5526E-09 9.4171E-09 1.0202E-08 1.0874E-08 1.1405E-08 1.1769E-08 1.1950E-08 1.1938E-08 1.1733E-08 1.1345E-08 1.0790E-08 1.0093E-08 9.2841E-09 8.3969E-09 7.4659E-09 6.5255E-09 5.6058E-09 4.7319E-09 3.9246E-09 3.1983E-09 2.5606E-09 2.0140E-09 1.5547E-09 1.1791E-09 8.7858E-10 6.3345E-10 4.3412E-10 2.7784E-10 1.5792E-10 6.8010E-11 1.9805E-11 5.7165E-12 1.0191E-13 0.0000E+00 0.0000E+00 0.0000E+00 0.0000E+00 0.0000E+00 0.0000E+00 0.0000E+00 0.0000E+00 0.0000E+00 0.0000E+00 0.0000E+00 0.0000E+00 0.0000E+00 0.0000E+00 0.0000E+00 0.0000E+00 0.0000E+00 0.0000E+00 0.0000E+00 0.0000E+00 0.0000E+00
5.5523E-09 6.4526E-09 7.3765E-09 8.2939E-09 9.1737E-09 9.9827E-09 1.0687E-08 1.1255E-08 1.1660E-08 1.1883E-08 1.1914E-08 1.1750E-08 1.1396E-08 1.0870E-08 1.0193E-08 9.3965E-09 8.5141E-09 7.5807E-09 6.6313E-09 5.6981E-09 4.8090E-09 3.9864E-09 3.2442E-09 2.5925E-09 2.0339E-09 1.5664E-09 1.1836E-09 8.7582E-10 6.2364E-10 4.1721E-10 2.5974E-10 1.3889E-10 5.6861E-11 2.3835E-11 7.1031E-12 2.7965E-13 0.0000E+00 0.0000E+00 0.0000E+00 0.0000E+00 0.0000E+00 0.0000E+00 0.0000E+00 0.0000E+00 0.0000E+00 0.0000E+00 0.0000E+00 0.0000E+00 0.0000E+00 0.0000E+00 0.0000E+00 0.0000E+00 0.0000E+00 0.0000E+00 0.0000E+00 0.0000E+00 0.0000E+00
5.2738E-09 6.1595E-09 7.0759E-09 7.9955E-09 8.8892E-09 9.7206E-09 1.0456E-08 1.1063E-08 1.1514E-08 1.1787E-08 1.1869E-08 1.1752E-08 1.1440E-08 1.0948E-08 1.0298E-08 9.5198E-09 8.6463E-09 7.7141E-09 6.7595E-09 5.8171E-09 4.9142E-09 4.0751E-09 3.3164E-09 2.6482E-09 2.0749E-09 1.5943E-09 1.2008E-09 8.8080E-10 6.2259E-10 4.1078E-10 2.5016E-10 1.3243E-10 6.5809E-11 2.9698E-11 1.0305E-11 1.7023E-12 0.0000E+00 0.0000E+00 0.0000E+00 0.0000E+00 0.0000E+00 0.0000E+00 0.0000E+00 0.0000E+00 0.0000E+00 0.0000E+00 0.0000E+00 0.0000E+00 0.0000E+00 0.0000E+00 0.0000E+00 0.0000E+00 0.0000E+00 0.0000E+00 0.0000E+00 0.0000E+00 0.0000E+00
4.9743E-09 5.8410E-09 6.7461E-09 7.6666E-09 8.5689E-09 9.4205E-09 1.0187E-08 1.0837E-08 1.1338E-08 1.1666E-08 1.1801E-08 1.1737E-08 1.1476E-08 1.1028E-08 1.0413E-08 9.6590E-09 8.8004E-09 7.8744E-09 6.9166E-09 5.9633E-09 5.0459E-09 4.1896E-09 3.4130E-09 2.7276E-09 2.1386E-09 1.6420E-09 1.2300E-09 8.9455E-10 6.2982E-10 4.1234E-10 2.4812E-10 1.3812E-10 7.6006E-11 3.5572E-11 1.5767E-11 3.9070E-12 0.0000E+00 0.0000E+00 0.0000E+00 0.0000E+00 0.0000E+00 0.0000E+00 0.0000E+00 0.0000E+00 0.0000E+00 0.0000E+00 0.0000E+00 0.0000E+00 0.0000E+00 0.0000E+00 0.0000E+00 0.0000E+00 0.0000E+00 0.0000E+00 0.0000E+00 0.0000E+00 0.0000E+00
4.6618E-09 5.5041E-09 6.3956E-09 7.3100E-09 8.2181E-09 9.0901E-09 9.8903E-09 1.0582E-08 1.1134E-08 1.1518E-08 1.1718E-08 1.1719E-08 1.1518E-08 1.1122E-08 1.0552E-08 9.8308E-09 8.9929E-09 8.0752E-09 7.1165E-09 6.1539E-09 5.2204E-09 4.3437E-09 3.5441E-09 2.8347E-09 2.2218E-09 1.7032E-09 1.2718E-09 9.2315E-10 6.4609E-10 4.2224E-10 2.5684E-10 1.5617E-10 8.8380E-11 4.5321E-11 2.0916E-11 6.2700E-12 0.0000E+00 0.0000E+00 0.0000E+00 0.0000E+00 0.0000E+00 0.0000E+00 0.0000E+00 0.0000E+00 0.0000E+00 0.0000E+00 0.0000E+00 0.0000E+00 0.0000E+00 0.0000E+00 0.0000E+00 0.0000E+00 0.0000E+00 0.0000E+00 0.0000E+00 0.0000E+00 0.0000E+00
4.3382E-09 5.1553E-09 6.0277E-09 6.9329E-09 7.8474E-09 8.7367E-09 9.5661E-09 1.0300E-08 1.0909E-08 1.1360E-08 1.1627E-08 1.1696E-08 1.1560E-08 1.1223E-08 1.0701E-08 1.0016E-08 9.2040E-09 8.2996E-09 7.3434E-09 6.3728E-09 5.4238E-09 4.5270E-09 3.7032E-09 2.9678E-09 2.3278E-09 1.7849E-09 1.3328E-09 9.6853E-10 6.7796E-10 4.4718E-10 2.8480E-10 1.7585E-10 1.0212E-10 5.5360E-11 2.7290E-11 8.5070E-12 0.0000E+00 0.0000E+00 0.0000E+00 0.0000E+00 0.0000E+00 0.0000E+00 0.0000E+00 0.0000E+00 0.0000E+00 0.0000E+00 0.0000E+00 0.0000E+00 0.0000E+00 0.0000E+00 0.0000E+00 0.0000E+00 0.0000E+00 0.0000E+00 0.0000E+00 0.0000E+00 0.0000E+00
4.0125E-09 4.8003E-09 5.6493E-09 6.5450E-09 7.4598E-09 8.3627E-09 9.2221E-09 1.0004E-08 1.0669E-08 1.1185E-08 1.1524E-08 1.1668E-08 1.1605E-08 1.1336E-08 1.0873E-08 1.0236E-08 9.4556E-09 8.5678E-09 7.6144E-09 6.6359E-09 5.6687E-09 4.7459E-09 3.8926E-09 3.1265E-09 2.4562E-09 1.8839E-09 1.4097E-09 1.0272E-09 7.2341E-10 4.8632E-10 3.1918E-10 2.0000E-10 1.1751E-10 6.6178E-11 3.2655E-11 1.0949E-11 0.0000E+00 0.0000E+00 0.0000E+00 0.0000E+00 0.0000E+00 0.0000E+00 0.0000E+00 0.0000E+00 0.0000E+00 0.0000E+00 0.0000E+00 0.0000E+00 0.0000E+00 0.0000E+00 0.0000E+00 0.0000E+00 0.0000E+00 0.0000E+00 0.0000E+00 0.0000E+00 0.0000E+00
3.6868E-09 4.4413E-09 5.2683E-09 6.1492E-09 7.0603E-09 7.9773E-09 8.8675E-09 9.6916E-09 1.0412E-08 1.0997E-08 1.1416E-08 1.1643E-08 1.1662E-08 1.1468E-08 1.1068E-08 1.0479E-08 9.7337E-09 8.8672E-09 7.9196E-09 6.9339E-09 5.9491E-09 4.9996E-09 4.1147E-09 3.3136E-09 2.6082E-09 2.0054E-09 1.5061E-09 1.1033E-09 7.8193E-10 5.4043E-10 3.5536E-10 2.2335E-10 1.3473E-10 7.6822E-11 3.9336E-11 1.3547E-11 0.0000E+00 0.0000E+00 0.0000E+00 0.0000E+00 0.0000E+00 0.0000E+00 0.0000E+00 0.0000E+00 0.0000E+00 0.0000E+00 0.0000E+00 0.0000E+00 0.0000E+00 0.0000E+00 0.0000E+00 0.0000E+00 0.0000E+00 0.0000E+00 0.0000E+00 0.0000E+00 0.0000E+00
3.3635E-09 4.0857E-09 4.8862E-09 5.7481E-09 6.6568E-09 7.5853E-09 8.4991E-09 9.3637E-09 1.0146E-08 1.0805E-08 1.1305E-08 1.1615E-08 1.1716E-08 1.1600E-08 1.1270E-08 1.0741E-08 1.0039E-08 9.1974E-09 8.2588E-09 7.2659E-09 6.2621E-09 5.2852E-09 4.3664E-09 3.5300E-09 2.7888E-09 2.1509E-09 1.6206E-09 1.1937E-09 8.5746E-10 5.9718E-10 3.9731E-10 2.5536E-10 1.5513E-10 9.0060E-11 4.6611E-11 1.5308E-11 0.0000E+00 0.0000E+00 0.0000E+00 0.0000E+00 0.0000E+00 0.0000E+00 0.0000E+00 0.0000E+00 0.0000E+00 0.0000E+00 0.0000E+00 0.0000E+00 0.0000E+00 0.0000E+00 0.0000E+00 0.0000E+00 0.0000E+00 0.0000E+00 0.0000E+00 0.0000E+00 0.0000E+00
