Assets/Resources/2015_m01_d03_1100(utc+0800)_l00_csi_1hr_conc.grd
DSAA
         159         159
     -79.000      79.000
     -79.000      79.000
  0.3478E-10  0.1350E-05
[rows 25 to 49 of 159, columns 57 to 113 of 159]
9.4088E-10 9.6175E-10 9.8207E-10 1.0021E-09 1.0221E-09 1.0412E-09 1.0604E-09 1.0787E-09 1.0971E-09 1.1148E-09 1.1319E-09 1.1489E-09 1.1647E-09 1.1805E-09 1.1951E-09 1.2097E-09 1.2234E-09 1.2363E-09 1.2486E-09 1.2601E-09 1.2709E-09 1.2812E-09 1.2905E-09 1.2989E-09 1.3063E-09 1.3131E-09 1.3191E-09 1.3248E-09 1.3291E-09 1.3328E-09 1.3351E-09 1.3368E-09 1.3380E-09 1.3383E-09 1.3375E-09 1.3361E-09 1.3339E-09 1.3303E-09 1.3265E-09 1.3218E-09 1.3158E-09 1.3091E-09 1.3026E-09 1.2943E-09 1.2853E-09 1.2756E-09 1.2652E-09 1.2547E-09 1.2437E-09 1.2314E-09 1.2185E-09 1.2050E-09 1.1915E-09 1.1770E-09 1.1626E-09 1.1471E-09 1.1311E-09
9.6284E-10 9.8420E-10 1.0047E-09 1.0255E-09 1.0457E-09 1.0655E-09 1.0853E-09 1.1040E-09 1.1229E-09 1.1410E-09 1.1587E-09 1.1758E-09 1.1923E-09 1.2085E-09 1.2239E-09 1.2386E-09 1.2526E-09 1.2660E-09 1.2786E-09 1.2908E-09 1.3019E-09 1.3123E-09 1.3216E-09 1.3303E-09 1.3382E-09 1.3459E-09 1.3521E-09 1.3578E-09 1.3620E-09 1.3662E-09 1.3693E-09 1.3712E-09 1.3725E-09 1.3729E-09 1.3720E-09 1.3706E-09 1.3685E-09 1.3650E-09 1.3611E-09 1.3565E-09 1.3505E-09 1.3437E-09 1.3366E-09 1.3283E-09 1.3198E-09 1.3100E-09 1.2995E-09 1.2888E-09 1.2776E-09 1.2651E-09 1.2519E-09 1.2382E-09 1.2239E-09 1.2142E-09 1.1989E-09 1.1839E-09 1.1677E-09
9.8490E-10 1.0065E-09 1.0277E-09 1.0490E-09 1.0694E-09 1.0900E-09 1.1100E-09 1.1295E-09 1.1489E-09 1.1675E-09 1.1856E-09 1.2032E-09 1.2201E-09 1.2369E-09 1.2527E-09 1.2678E-09 1.2822E-09 1.2960E-09 1.3093E-09 1.3213E-09 1.3328E-09 1.3435E-09 1.3533E-09 1.3630E-09 1.3712E-09 1.3788E-09 1.3853E-09 1.3912E-09 1.3962E-09 1.4001E-09 1.4034E-09 1.4057E-09 1.4072E-09 1.4078E-09 1.4069E-09 1.4057E-09 1.4037E-09 1.4002E-09 1.3958E-09 1.3912E-09 1.3858E-09 1.3790E-09 1.3714E-09 1.3635E-09 1.3550E-09 1.3451E-09 1.3344E-09 1.3230E-09 1.3138E-09 1.3035E-09 1.2910E-09 1.2772E-09 1.2635E-09 1.2535E-09 1.2388E-09 1.2236E-09 1.2073E-09
1.0071E-09 1.0288E-09 1.0509E-09 1.0727E-09 1.0936E-09 1.1147E-09 1.1352E-09 1.1552E-09 1.1751E-09 1.1939E-09 1.2127E-09 1.2311E-09 1.2483E-09 1.2654E-09 1.2814E-09 1.2972E-09 1.3121E-09 1.3263E-09 1.3397E-09 1.3524E-09 1.3642E-09 1.3758E-09 1.3861E-09 1.3957E-09 1.4043E-09 1.4122E-09 1.4195E-09 1.4257E-09 1.4310E-09 1.4348E-09 1.4382E-09 1.4408E-09 1.4424E-09 1.4432E-09 1.4424E-09 1.4408E-09 1.4388E-09 1.4361E-09 1.4318E-09 1.4272E-09 1.4218E-09 1.4150E-09 1.4073E-09 1.3989E-09 1.3902E-09 1.3847E-09 1.3749E-09 1.3643E-09 1.3557E-09 1.3453E-09 1.3329E-09 1.3190E-09 1.3053E-09 1.2958E-09 1.2810E-09 1.2650E-09 1.2484E-09
1.0293E-09 1.0516E-09 1.0742E-09 1.0962E-09 1.1179E-09 1.1395E-09 1.1605E-09 1.1811E-09 1.2011E-09 1.2207E-09 1.2401E-09 1.2587E-09 1.2766E-09 1.2940E-09 1.3110E-09 1.3270E-09 1.3423E-09 1.3569E-09 1.3707E-09 1.3843E-09 1.3966E-09 1.4082E-09 1.4188E-09 1.4288E-09 1.4383E-09 1.4465E-09 1.4539E-09 1.4598E-09 1.4658E-09 1.4699E-09 1.4736E-09 1.4763E-09 1.4776E-09 1.4785E-09 1.4786E-09 1.4771E-09 1.4752E-09 1.4725E-09 1.4683E-09 1.4632E-09 1.4579E-09 1.4511E-09 1.4479E-09 1.4404E-09 1.4333E-09 1.4279E-09 1.4181E-09 1.4076E-09 1.3991E-09 1.3888E-09 1.3763E-09 1.3632E-09 1.3493E-09 1.3391E-09 1.3242E-09 1.3080E-09 1.2913E-09
1.0510E-09 1.0744E-09 1.0975E-09 1.1198E-09 1.1423E-09 1.1645E-09 1.1857E-09 1.2071E-09 1.2280E-09 1.2478E-09 1.2677E-09 1.2868E-09 1.3052E-09 1.3233E-09 1.3405E-09 1.3570E-09 1.3727E-09 1.3883E-09 1.4026E-09 1.4163E-09 1.4289E-09 1.4410E-09 1.4525E-09 1.4628E-09 1.4723E-09 1.4809E-09 1.4886E-09 1.4948E-09 1.5006E-09 1.5054E-09 1.5088E-09 1.5118E-09 1.5139E-09 1.5144E-09 1.5146E-09 1.5139E-09 1.5116E-09 1.5090E-09 1.5049E-09 1.5044E-09 1.5000E-09 1.4949E-09 1.4919E-09 1.4846E-09 1.4777E-09 1.4724E-09 1.4629E-09 1.4525E-09 1.4420E-09 1.4338E-09 1.4214E-09 1.4083E-09 1.3938E-09 1.3835E-09 1.3686E-09 1.3523E-09 1.3355E-09
1.0734E-09 1.0973E-09 1.1210E-09 1.1438E-09 1.1669E-09 1.1893E-09 1.2113E-09 1.2333E-09 1.2544E-09 1.2751E-09 1.2955E-09 1.3150E-09 1.3340E-09 1.3523E-09 1.3699E-09 1.3871E-09 1.4036E-09 1.4191E-09 1.4343E-09 1.4479E-09 1.4615E-09 1.4745E-09 1.4862E-09 1.4964E-09 1.5062E-09 1.5151E-09 1.5231E-09 1.5302E-09 1.5357E-09 1.5408E-09 1.5451E-09 1.5483E-09 1.5507E-09 1.5514E-09 1.5512E-09 1.5507E-09 1.5485E-09 1.5500E-09 1.5490E-09 1.5466E-09 1.5442E-09 1.5400E-09 1.5373E-09 1.5303E-09 1.5237E-09 1.5185E-09 1.5092E-09 1.4991E-09 1.4881E-09 1.4800E-09 1.4677E-09 1.4546E-09 1.4402E-09 1.4298E-09 1.4148E-09 1.3985E-09 1.3822E-09
1.0958E-09 1.1203E-09 1.1440E-09 1.1679E-09 1.1916E-09 1.2145E-09 1.2371E-09 1.2596E-09 1.2810E-09 1.3024E-09 1.3234E-09 1.3435E-09 1.3629E-09 1.3817E-09 1.4004E-09 1.4178E-09 1.4347E-09 1.4506E-09 1.4660E-09 1.4809E-09 1.4947E-09 1.5076E-09 1.5196E-09 1.5307E-09 1.5409E-09 1.5502E-09 1.5580E-09 1.5653E-09 1.5719E-09 1.5773E-09 1.5818E-09 1.5848E-09 1.5874E-09 1.5884E-09 1.5906E-09 1.5926E-09 1.5931E-09 1.5950E-09 1.5944E-09 1.5924E-09 1.5903E-09 1.5865E-09 1.5820E-09 1.5775E-09 1.5706E-09 1.5636E-09 1.5566E-09 1.5467E-09 1.5360E-09 1.5279E-09 1.5157E-09 1.5028E-09 1.4891E-09 1.4740E-09 1.4583E-09 1.4418E-09 1.4247E-09
1.1184E-09 1.1434E-09 1.1676E-09 1.1921E-09 1.2163E-09 1.2396E-09 1.2630E-09 1.2860E-09 1.3079E-09 1.3299E-09 1.3514E-09 1.3717E-09 1.3919E-09 1.4118E-09 1.4301E-09 1.4486E-09 1.4660E-09 1.4829E-09 1.4988E-09 1.5138E-09 1.5280E-09 1.5414E-09 1.5538E-09 1.5653E-09 1.5754E-09 1.5850E-09 1.5938E-09 1.6015E-09 1.6084E-09 1.6136E-09 1.6184E-09 1.6217E-09 1.6261E-09 1.6311E-09 1.6331E-09 1.6378E-09 1.6388E-09 1.6411E-09 1.6411E-09 1.6375E-09 1.6372E-09 1.6339E-09 1.6298E-09 1.6256E-09 1.6191E-09 1.6125E-09 1.6057E-09 1.5961E-09 1.5856E-09 1.5737E-09 1.5609E-09 1.5473E-09 1.5330E-09 1.5179E-09 1.5020E-09 1.4854E-09 1.4681E-09
1.1409E-09 1.1659E-09 1.1913E-09 1.2164E-09 1.2408E-09 1.2649E-09 1.2889E-09 1.3125E-09 1.3349E-09 1.3575E-09 1.3792E-09 1.4003E-09 1.4213E-09 1.4414E-09 1.4605E-09 1.4795E-09 1.4974E-09 1.5145E-09 1.5314E-09 1.5470E-09 1.5616E-09 1.5754E-09 1.5877E-09 1.5996E-09 1.6107E-09 1.6208E-09 1.6300E-09 1.6375E-09 1.6447E-09 1.6503E-09 1.6548E-09 1.6643E-09 1.6686E-09 1.6756E-09 1.6790E-09 1.6842E-09 1.6858E-09 1.6866E-09 1.6872E-09 1.6855E-09 1.6857E-09 1.6829E-09 1.6792E-09 1.6747E-09 1.6687E-09 1.6611E-09 1.6519E-09 1.6418E-09 1.6309E-09 1.6190E-09 1.6063E-09 1.5928E-09 1.5784E-09 1.5632E-09 1.5472E-09 1.5305E-09 1.5131E-09
1.1634E-09 1.1890E-09 1.2150E-09 1.2406E-09 1.2654E-09 1.2903E-09 1.3149E-09 1.3384E-09 1.3620E-09 1.3851E-09 1.4076E-09 1.4292E-09 1.4508E-09 1.4713E-09 1.4910E-09 1.5107E-09 1.5292E-09 1.5468E-09 1.5637E-09 1.5797E-09 1.5948E-09 1.6090E-09 1.6218E-09 1.6348E-09 1.6457E-09 1.6563E-09 1.6658E-09 1.6738E-09 1.6808E-09 1.6925E-09 1.6992E-09 1.7086E-09 1.7144E-09 1.7219E-09 1.7260E-09 1.7291E-09 1.7335E-09 1.7349E-09 1.7354E-09 1.7349E-09 1.7356E-09 1.7328E-09 1.7283E-09 1.7222E-09 1.7152E-09 1.7072E-09 1.6982E-09 1.6883E-09 1.6775E-09 1.6658E-09 1.6532E-09 1.6404E-09 1.6260E-09 1.6109E-09 1.5949E-09 1.5781E-09 1.5612E-09
1.1854E-09 1.2122E-09 1.2387E-09 1.2643E-09 1.2902E-09 1.3157E-09 1.3408E-09 1.3649E-09 1.3890E-09 1.4129E-09 1.4359E-09 1.4581E-09 1.4802E-09 1.5014E-09 1.5218E-09 1.5421E-09 1.5611E-09 1.5792E-09 1.5966E-09 1.6125E-09 1.6281E-09 1.6429E-09 1.6567E-09 1.6697E-09 1.6810E-09 1.6920E-09 1.7014E-09 1.7126E-09 1.7247E-09 1.7343E-09 1.7446E-09 1.7525E-09 1.7612E-09 1.7668E-09 1.7736E-09 1.7775E-09 1.7818E-09 1.7825E-09 1.7857E-09 1.7859E-09 1.7833E-09 1.7795E-09 1.7748E-09 1.7691E-09 1.7624E-09 1.7547E-09 1.7460E-09 1.7370E-09 1.7264E-09 1.7149E-09 1.7031E-09 1.6905E-09 1.6762E-09 1.6611E-09 1.6458E-09 1.6297E-09 1.6121E-09
1.2079E-09 1.2352E-09 1.2623E-09 1.2885E-09 1.3149E-09 1.3410E-09 1.3661E-09 1.3913E-09 1.4163E-09 1.4404E-09 1.4637E-09 1.4870E-09 1.5100E-09 1.5317E-09 1.5527E-09 1.5729E-09 1.5924E-09 1.6111E-09 1.6290E-09 1.6454E-09 1.6622E-09 1.6775E-09 1.6913E-09 1.7047E-09 1.7166E-09 1.7280E-09 1.7438E-09 1.7545E-09 1.7687E-09 1.7798E-09 1.7910E-09 1.7991E-09 1.8085E-09 1.8150E-09 1.8225E-09 1.8252E-09 1.8309E-09 1.8337E-09 1.8336E-09 1.8324E-09 1.8302E-09 1.8269E-09 1.8226E-09 1.8173E-09 1.8117E-09 1.8043E-09 1.7967E-09 1.7880E-09 1.7785E-09 1.7672E-09 1.7557E-09 1.7432E-09 1.7298E-09 1.7148E-09 1.6996E-09 1.6836E-09 1.6666E-09
1.2303E-09 1.2582E-09 1.2852E-09 1.3126E-09 1.3396E-09 1.3662E-09 1.3919E-09 1.4179E-09 1.4434E-09 1.4681E-09 1.4920E-09 1.5162E-09 1.5391E-09 1.5614E-09 1.5835E-09 1.6043E-09 1.6238E-09 1.6431E-09 1.6616E-09 1.6791E-09 1.6959E-09 1.7111E-09 1.7260E-09 1.7399E-09 1.7552E-09 1.7711E-09 1.7849E-09 1.7993E-09 1.8137E-09 1.8237E-09 1.8371E-09 1.8448E-09 1.8557E-09 1.8623E-09 1.8714E-09 1.8763E-09 1.8788E-09 1.8803E-09 1.8807E-09 1.8800E-09 1.8783E-09 1.8763E-09 1.8725E-09 1.8684E-09 1.8639E-09 1.8571E-09 1.8506E-09 1.8417E-09 1.8361E-09 1.8252E-09 1.8141E-09 1.8019E-09 1.7889E-09 1.7748E-09 1.7591E-09 1.7459E-09 1.7290E-09
1.2525E-09 1.2807E-09 1.3086E-09 1.3365E-09 1.3641E-09 1.3907E-09 1.4178E-09 1.4444E-09 1.4705E-09 1.4952E-09 1.5205E-09 1.5452E-09 1.5688E-09 1.5916E-09 1.6138E-09 1.6351E-09 1.6552E-09 1.6757E-09 1.6947E-09 1.7123E-09 1.7296E-09 1.7454E-09 1.7608E-09 1.7777E-09 1.7953E-09 1.8143E-09 1.8297E-09 1.8445E-09 1.8576E-09 1.8707E-09 1.8843E-09 1.8936E-09 1.9054E-09 1.9130E-09 1.9183E-09 1.9226E-09 1.9257E-09 1.9279E-09 1.9289E-09 1.9296E-09 1.9292E-09 1.9278E-09 1.9254E-09 1.9226E-09 1.9217E-09 1.9155E-09 1.9096E-09 1.9013E-09 1.8962E-09 1.8859E-09 1.8752E-09 1.8641E-09 1.8507E-09 1.8369E-09 1.8249E-09 1.8084E-09 1.7916E-09
1.2743E-09 1.3031E-09 1.3319E-09 1.3603E-09 1.3887E-09 1.4159E-09 1.4435E-09 1.4707E-09 1.4971E-09 1.5230E-09 1.5489E-09 1.5742E-09 1.5978E-09 1.6212E-09 1.6439E-09 1.6654E-09 1.6872E-09 1.7077E-09 1.7268E-09 1.7456E-09 1.7634E-09 1.7805E-09 1.8019E-09 1.8205E-09 1.8390E-09 1.8583E-09 1.8720E-09 1.8905E-09 1.9040E-09 1.9187E-09 1.9306E-09 1.9436E-09 1.9518E-09 1.9589E-09 1.9649E-09 1.9699E-09 1.9738E-09 1.9773E-09 1.9798E-09 1.9820E-09 1.9860E-09 1.9855E-09 1.9839E-09 1.9819E-09 1.9811E-09 1.9763E-09 1.9712E-09 1.9636E-09 1.9590E-09 1.9493E-09 1.9392E-09 1.9286E-09 1.9156E-09 1.9022E-09 1.8903E-09 1.8742E-09 1.8569E-09
1.2959E-09 1.3255E-09 1.3549E-09 1.3842E-09 1.4123E-09 1.4409E-09 1.4691E-09 1.4971E-09 1.5236E-09 1.5506E-09 1.5771E-09 1.6025E-09 1.6267E-09 1.6507E-09 1.6747E-09 1.6967E-09 1.7187E-09 1.7398E-09 1.7594E-09 1.7788E-09 1.7996E-09 1.8212E-09 1.8442E-09 1.8639E-09 1.8829E-09 1.9004E-09 1.9179E-09 1.9367E-09 1.9500E-09 1.9678E-09 1.9788E-09 1.9888E-09 1.9977E-09 2.0056E-09 2.0124E-09 2.0189E-09 2.0251E-09 2.0303E-09 2.0367E-09 2.0392E-09 2.0420E-09 2.0453E-09 2.0447E-09 2.0436E-09 2.0430E-09 2.0398E-09 2.0354E-09 2.0286E-09 2.0247E-09 2.0157E-09 2.0062E-09 1.9955E-09 1.9830E-09 1.9726E-09 1.9579E-09 1.9420E-09 1.9249E-09
1.3176E-09 1.3478E-09 1.3779E-09 1.4069E-09 1.4365E-09 1.4657E-09 1.4947E-09 1.5223E-09 1.5504E-09 1.5781E-09 1.6047E-09 1.6301E-09 1.6554E-09 1.6807E-09 1.7042E-09 1.7275E-09 1.7501E-09 1.7712E-09 1.7921E-09 1.8150E-09 1.8384E-09 1.8624E-09 1.8838E-09 1.9046E-09 1.9267E-09 1.9460E-09 1.9647E-09 1.9819E-09 1.9990E-09 2.0119E-09 2.0238E-09 2.0347E-09 2.0445E-09 2.0540E-09 2.0632E-09 2.0744E-09 2.0817E-09 2.0880E-09 2.0955E-09 2.0992E-09 2.1024E-09 2.1067E-09 2.1079E-09 2.1079E-09 2.1081E-09 2.1059E-09 2.1018E-09 2.0966E-09 2.0928E-09 2.0846E-09 2.0751E-09 2.0650E-09 2.0531E-09 2.0425E-09 2.0281E-09 2.0125E-09 1.9957E-09
1.3390E-09 1.3694E-09 1.3998E-09 1.4303E-09 1.4604E-09 1.4905E-09 1.5195E-09 1.5483E-09 1.5771E-09 1.6048E-09 1.6320E-09 1.6581E-09 1.6847E-09 1.7101E-09 1.7342E-09 1.7582E-09 1.7813E-09 1.8031E-09 1.8284E-09 1.8532E-09 1.8791E-09 1.9043E-09 1.9268E-09 1.9487E-09 1.9719E-09 1.9898E-09 2.0123E-09 2.0281E-09 2.0429E-09 2.0568E-09 2.0696E-09 2.0814E-09 2.0944E-09 2.1087E-09 2.1192E-09 2.1315E-09 2.1395E-09 2.1471E-09 2.1564E-09 2.1614E-09 2.1658E-09 2.1713E-09 2.1736E-09 2.1747E-09 2.1761E-09 2.1743E-09 2.1706E-09 2.1663E-09 2.1627E-09 2.1553E-09 2.1466E-09 2.1366E-09 2.1252E-09 2.1126E-09 2.0986E-09 2.0833E-09 2.0668E-09
1.3598E-09 1.3910E-09 1.4223E-09 1.4533E-09 1.4843E-09 1.5150E-09 1.5442E-09 1.5741E-09 1.6030E-09 1.6313E-09 1.6586E-09 1.6865E-09 1.7132E-09 1.7387E-09 1.7640E-09 1.7887E-09 1.8126E-09 1.8387E-09 1.8673E-09 1.8934E-09 1.9197E-09 1.9440E-09 1.9684E-09 1.9929E-09 2.0153E-09 2.0372E-09 2.0549E-09 2.0716E-09 2.0875E-09 2.1023E-09 2.1183E-09 2.1350E-09 2.1494E-09 2.1643E-09 2.1762E-09 2.1871E-09 2.1999E-09 2.2082E-09 2.2195E-09 2.2258E-09 2.2317E-09 2.2384E-09 2.2414E-09 2.2432E-09 2.2456E-09 2.2444E-09 2.2418E-09 2.2378E-09 2.2326E-09 2.2260E-09 2.2180E-09 2.2087E-09 2.1980E-09 2.1858E-09 2.1724E-09 2.1575E-09 2.1412E-09
1.3805E-09 1.4126E-09 1.4445E-09 1.4763E-09 1.5074E-09 1.5381E-09 1.5691E-09 1.5990E-09 1.6286E-09 1.6570E-09 1.6861E-09 1.7142E-09 1.7409E-09 1.7677E-09 1.7937E-09 1.8197E-09 1.8468E-09 1.8770E-09 1.9047E-09 1.9334E-09 1.9594E-09 1.9870E-09 2.0120E-09 2.0383E-09 2.0595E-09 2.0792E-09 2.0979E-09 2.1158E-09 2.1326E-09 2.1545E-09 2.1713E-09 2.1901E-09 2.2052E-09 2.2222E-09 2.2357E-09 2.2481E-09 2.2623E-09 2.2722E-09 2.2843E-09 2.2927E-09 2.2994E-09 2.3069E-09 2.3106E-09 2.3131E-09 2.3143E-09 2.3141E-09 2.3126E-09 2.3097E-09 2.3054E-09 2.2997E-09 2.2926E-09 2.2840E-09 2.2740E-09 2.2625E-09 2.2495E-09 2.2351E-09 2.2193E-09
1.4012E-09 1.4339E-09 1.4666E-09 1.4985E-09 1.5302E-09 1.5621E-09 1.5931E-09 1.6237E-09 1.6539E-09 1.6836E-09 1.7129E-09 1.7416E-09 1.7690E-09 1.7964E-09 1.8239E-09 1.8524E-09 1.8849E-09 1.9135E-09 1.9445E-09 1.9737E-09 2.0010E-09 2.0285E-09 2.0562E-09 2.0793E-09 2.1009E-09 2.1216E-09 2.1415E-09 2.1633E-09 2.1847E-09 2.2079E-09 2.2250E-09 2.2439E-09 2.2627E-09 2.2793E-09 2.2964E-09 2.3105E-09 2.3263E-09 2.3385E-09 2.3489E-09 2.3603E-09 2.3679E-09 2.3742E-09 2.3793E-09 2.3831E-09 2.3855E-09 2.3866E-09 2.3863E-09 2.3845E-09 2.3813E-09 2.3766E-09 2.3704E-09 2.3627E-09 2.3535E-09 2.3427E-09 2.3303E-09 2.3165E-09 2.3010E-09
1.4215E-09 1.4544E-09 1.4877E-09 1.5203E-09 1.5532E-09 1.5852E-09 1.6168E-09 1.6481E-09 1.6790E-09 1.7094E-09 1.7393E-09 1.7681E-09 1.7969E-09 1.8257E-09 1.8569E-09 1.8896E-09 1.9219E-09 1.9525E-09 1.9834E-09 2.0131E-09 2.0438E-09 2.0721E-09 2.0964E-09 2.1199E-09 2.1427E-09 2.1646E-09 2.1916E-09 2.2136E-09 2.2379E-09 2.2600E-09 2.2815E-09 2.3021E-09 2.3220E-09 2.3403E-09 2.3597E-09 2.3756E-09 2.3925E-09 2.4052E-09 2.4167E-09 2.4270E-09 2.4361E-09 2.4440E-09 2.4505E-09 2.4557E-09 2.4595E-09 2.4619E-09 2.4629E-09 2.4624E-09 2.4603E-09 2.4568E-09 2.4516E-09 2.4449E-09 2.4365E-09 2.4265E-09 2.4149E-09 2.4016E-09 2.3867E-09
1.4412E-09 1.4752E-09 1.5086E-09 1.5424E-09 1.5753E-09 1.6079E-09 1.6402E-09 1.6722E-09 1.7038E-09 1.7349E-09 1.7649E-09 1.7949E-09 1.8251E-09 1.8577E-09 1.8919E-09 1.9257E-09 1.9578E-09 1.9910E-09 2.0218E-09 2.0544E-09 2.0845E-09 2.1107E-09 2.1362E-09 2.1609E-09 2.1855E-09 2.2141E-09 2.2427E-09 2.2651E-09 2.2924E-09 2.3149E-09 2.3395E-09 2.3613E-09 2.3836E-09 2.4038E-09 2.4245E-09 2.4410E-09 2.4565E-09 2.4708E-09 2.4840E-09 2.4960E-09 2.5067E-09 2.5162E-09 2.5243E-09 2.5311E-09 2.5364E-09 2.5403E-09 2.5427E-09 2.5435E-09 2.5427E-09 2.5404E-09 2.5364E-09 2.5307E-09 2.5233E-09 2.5142E-09 2.5033E-09 2.4907E-09 2.4764E-09
1.4604E-09 1.4951E-09 1.5297E-09 1.5635E-09 1.5970E-09 1.6302E-09 1.6633E-09 1.6959E-09 1.7282E-09 1.7594E-09 1.7907E-09 1.8222E-09 1.8561E-09 1.8916E-09 1.9247E-09 1.9605E-09 1.9953E-09 2.0279E-09 2.0628E-09 2.0941E-09 2.1221E-09 2.1495E-09 2.1762E-09 2.2073E-09 2.2337E-09 2.2646E-09 2.2948E-09 2.3192E-09 2.3482E-09 2.3713E-09 2.3991E-09 2.4222E-09 2.4471E-09 2.4675E-09 2.4868E-09 2.5051E-09 2.5224E-09 2.5385E-09 2.5535E-09 2.5673E-09 2.5798E-09 2.5910E-09 2.6008E-09 2.6093E-09 2.6162E-09 2.6217E-09 2.6256E-09 2.6279E-09 2.6286E-09 2.6276E-09 2.6248E-09 2.6203E-09 2.6140E-09 2.6059E-09 2.5959E-09 2.5840E-09 2.5703E-09
