Assets/Resources/2015_m01_d19_2100(utc+0800)_l00_csi_1hr_conc.grd
DSAA
         159         159
     -79.000      79.000
     -79.000      79.000
  0.0000E+00  0.1261E-04
[rows 25 to 49 of 159, columns 57 to 113 of 159]
6.3014E-09 6.2000E-09 6.1024E-09 6.0026E-09 5.9109E-09 5.8147E-09 5.7182E-09 5.6194E-09 5.5195E-09 5.4178E-09 5.3122E-09 5.2046E-09 5.0938E-09 4.9833E-09 4.8715E-09 4.7577E-09 4.6477E-09 4.5372E-09 4.4254E-09 4.3115E-09 4.1954E-09 4.0844E-09 3.9730E-09 3.8619E-09 3.7509E-09 3.6396E-09 3.5292E-09 3.4180E-09 3.3078E-09 3.2009E-09 3.0989E-09 3.0024E-09 2.9077E-09 2.8166E-09 2.7285E-09 2.6426E-09 2.5575E-09 2.4424E-09 2.3574E-09 2.2773E-09 2.1820E-09 2.0748E-09 1.9386E-09 1.8516E-09 1.7804E-09 1.6919E-09 1.6102E-09 1.5436E-09 1.4908E-09 1.4450E-09 1.4056E-09 1.3353E-09 1.2677E-09 1.1873E-09 1.1416E-09 1.0826E-09 1.0260E-09
6.3757E-09 6.2773E-09 6.1819E-09 6.0826E-09 5.9856E-09 5.8955E-09 5.8015E-09 5.7034E-09 5.6037E-09 5.5018E-09 5.3944E-09 5.2859E-09 5.1744E-09 5.0622E-09 4.9500E-09 4.8373E-09 4.7191E-09 4.6055E-09 4.4921E-09 4.3768E-09 4.2576E-09 4.1379E-09 4.0228E-09 3.9103E-09 3.7988E-09 3.6877E-09 3.5757E-09 3.4651E-09 3.3555E-09 3.2485E-09 3.1401E-09 3.0327E-09 2.9308E-09 2.8378E-09 2.7483E-09 2.6600E-09 2.5729E-09 2.4897E-09 2.3682E-09 2.2838E-09 2.2059E-09 2.1036E-09 1.9485E-09 1.8607E-09 1.7821E-09 1.6932E-09 1.6112E-09 1.5442E-09 1.4914E-09 1.4455E-09 1.4060E-09 1.3356E-09 1.2680E-09 1.1875E-09 1.1418E-09 1.0828E-09 1.0260E-09
6.4586E-09 6.3562E-09 6.2707E-09 6.1747E-09 6.0774E-09 5.9834E-09 5.8877E-09 5.7913E-09 5.6906E-09 5.5889E-09 5.4822E-09 5.3707E-09 5.2572E-09 5.1463E-09 5.0328E-09 4.9185E-09 4.8020E-09 4.6814E-09 4.5650E-09 4.4479E-09 4.3302E-09 4.2091E-09 4.0838E-09 3.9642E-09 3.8471E-09 3.7322E-09 3.6195E-09 3.5081E-09 3.3963E-09 3.2862E-09 3.1818E-09 3.0775E-09 2.9688E-09 2.8604E-09 2.7638E-09 2.6751E-09 2.5868E-09 2.5003E-09 2.3866E-09 2.2926E-09 2.2108E-09 2.1075E-09 1.9980E-09 1.8621E-09 1.7900E-09 1.6938E-09 1.6179E-09 1.5442E-09 1.4913E-09 1.4454E-09 1.4057E-09 1.3354E-09 1.2678E-09 1.1873E-09 1.1416E-09 1.0825E-09 1.0258E-09
6.5480E-09 6.4504E-09 6.3528E-09 6.2591E-09 6.1669E-09 6.0731E-09 5.9784E-09 5.8825E-09 5.7829E-09 5.6790E-09 5.5709E-09 5.4589E-09 5.3450E-09 5.2305E-09 5.1169E-09 5.0025E-09 4.8847E-09 4.7648E-09 4.6405E-09 4.5209E-09 4.4010E-09 4.2800E-09 4.1571E-09 4.0303E-09 3.9060E-09 3.7845E-09 3.6648E-09 3.5461E-09 3.4316E-09 3.3208E-09 3.2119E-09 3.1062E-09 3.0020E-09 2.8981E-09 2.7932E-09 2.6902E-09 2.5993E-09 2.5130E-09 2.4209E-09 2.3092E-09 2.2260E-09 2.1109E-09 2.0159E-09 1.8625E-09 1.7902E-09 1.7003E-09 1.6174E-09 1.5436E-09 1.4906E-09 1.4446E-09 1.4049E-09 1.3347E-09 1.2509E-09 1.1866E-09 1.1410E-09 1.0818E-09 1.0099E-09
6.6366E-09 6.5486E-09 6.4525E-09 6.3632E-09 6.2700E-09 6.1761E-09 6.0837E-09 5.9883E-09 5.8892E-09 5.7876E-09 5.6783E-09 5.5660E-09 5.4527E-09 5.3386E-09 5.2229E-09 5.1060E-09 4.9875E-09 4.8654E-09 4.7400E-09 4.6101E-09 4.4854E-09 4.3608E-09 4.2373E-09 4.1122E-09 3.9854E-09 3.8606E-09 3.7359E-09 3.6121E-09 3.4858E-09 3.3634E-09 3.2474E-09 3.1405E-09 3.0335E-09 2.9258E-09 2.8242E-09 2.7243E-09 2.6208E-09 2.5236E-09 2.4385E-09 2.3165E-09 2.2324E-09 2.1244E-09 2.0181E-09 1.9181E-09 1.7895E-09 1.7099E-09 1.6228E-09 1.5485E-09 1.4892E-09 1.4432E-09 1.4035E-09 1.3333E-09 1.2497E-09 1.1778E-09 1.1399E-09 1.0808E-09 1.0089E-09
6.7361E-09 6.6460E-09 6.5539E-09 6.4633E-09 6.3758E-09 6.2827E-09 6.1910E-09 6.0970E-09 5.9995E-09 5.9003E-09 5.7941E-09 5.6812E-09 5.5644E-09 5.4469E-09 5.3297E-09 5.2102E-09 5.0883E-09 4.9634E-09 4.8360E-09 4.7059E-09 4.5698E-09 4.4396E-09 4.3113E-09 4.1834E-09 4.0554E-09 3.9273E-09 3.7985E-09 3.6726E-09 3.5501E-09 3.4242E-09 3.2959E-09 3.1741E-09 3.0625E-09 2.9525E-09 2.8455E-09 2.7466E-09 2.6499E-09 2.5495E-09 2.4513E-09 2.3484E-09 2.2379E-09 2.1401E-09 2.0297E-09 1.9332E-09 1.7951E-09 1.7151E-09 1.6316E-09 1.5464E-09 1.4871E-09 1.4411E-09 1.4015E-09 1.2988E-09 1.2480E-09 1.1762E-09 1.1383E-09 1.0488E-09 1.0076E-09
6.8341E-09 6.7483E-09 6.6618E-09 6.5714E-09 6.4875E-09 6.3977E-09 6.3062E-09 6.2177E-09 6.1222E-09 6.0212E-09 5.9155E-09 5.8034E-09 5.6859E-09 5.5659E-09 5.4457E-09 5.3242E-09 5.2012E-09 5.0738E-09 4.9428E-09 4.8101E-09 4.6763E-09 4.5366E-09 4.4005E-09 4.2666E-09 4.1342E-09 4.0022E-09 3.8704E-09 3.7385E-09 3.6066E-09 3.4778E-09 3.3530E-09 3.2272E-09 3.1037E-09 2.9832E-09 2.8720E-09 2.7668E-09 2.6679E-09 2.5730E-09 2.4770E-09 2.3793E-09 2.2508E-09 2.1517E-09 2.0443E-09 1.9360E-09 1.8216E-09 1.7126E-09 1.6288E-09 1.5544E-09 1.4792E-09 1.4384E-09 1.3988E-09 1.2965E-09 1.2296E-09 1.1742E-09 1.1055E-09 1.0471E-09 9.9074E-10
6.9392E-09 6.8584E-09 6.7764E-09 6.6916E-09 6.6111E-09 6.5283E-09 6.4394E-09 6.3500E-09 6.2568E-09 6.1578E-09 6.0528E-09 5.9405E-09 5.8258E-09 5.7064E-09 5.5855E-09 5.4612E-09 5.3332E-09 5.2014E-09 5.0663E-09 4.9291E-09 4.7906E-09 4.6509E-09 4.5092E-09 4.3656E-09 4.2232E-09 4.0846E-09 3.9470E-09 3.8110E-09 3.6756E-09 3.5401E-09 3.4052E-09 3.2757E-09 3.1545E-09 3.0308E-09 2.9040E-09 2.7906E-09 2.6886E-09 2.5894E-09 2.4948E-09 2.4017E-09 2.2744E-09 2.1545E-09 2.0471E-09 1.9437E-09 1.8450E-09 1.7100E-09 1.6321E-09 1.5520E-09 1.4757E-09 1.4350E-09 1.3629E-09 1.2936E-09 1.2268E-09 1.1640E-09 1.1032E-09 1.0449E-09 9.8875E-10
7.0521E-09 6.9784E-09 6.9017E-09 6.8280E-09 6.7491E-09 6.6703E-09 6.5855E-09 6.4982E-09 6.4082E-09 6.3191E-09 6.2185E-09 6.1076E-09 5.9892E-09 5.8653E-09 5.7409E-09 5.6122E-09 5.4800E-09 5.3442E-09 5.2045E-09 5.0621E-09 4.9183E-09 4.7738E-09 4.6283E-09 4.4812E-09 4.3318E-09 4.1822E-09 4.0355E-09 3.8918E-09 3.7499E-09 3.6091E-09 3.4667E-09 3.3272E-09 3.1995E-09 3.0788E-09 2.9554E-09 2.8259E-09 2.7089E-09 2.6085E-09 2.5105E-09 2.4168E-09 2.3176E-09 2.1692E-09 2.0551E-09 1.9524E-09 1.8530E-09 1.7409E-09 1.6284E-09 1.5477E-09 1.4716E-09 1.4310E-09 1.3591E-09 1.2901E-09 1.2156E-09 1.1609E-09 1.1004E-09 1.0423E-09 9.7884E-10
7.1769E-09 7.1117E-09 7.0441E-09 6.9740E-09 6.9030E-09 6.8377E-09 6.7594E-09 6.6831E-09 6.5978E-09 6.5058E-09 6.4064E-09 6.2952E-09 6.1762E-09 6.0515E-09 5.9248E-09 5.7951E-09 5.6639E-09 5.5244E-09 5.3780E-09 5.2279E-09 5.0751E-09 4.9212E-09 4.7676E-09 4.6131E-09 4.4580E-09 4.3008E-09 4.1410E-09 3.9857E-09 3.8355E-09 3.6870E-09 3.5409E-09 3.3925E-09 3.2491E-09 3.1208E-09 2.9984E-09 2.8743E-09 2.7488E-09 2.6291E-09 2.5276E-09 2.4312E-09 2.3379E-09 2.1915E-09 2.0685E-09 1.9525E-09 1.8538E-09 1.7554E-09 1.6258E-09 1.5428E-09 1.4666E-09 1.4262E-09 1.3547E-09 1.2860E-09 1.2118E-09 1.1573E-09 1.0971E-09 1.0392E-09 9.7604E-10
7.3263E-09 7.2665E-09 7.2086E-09 7.1461E-09 7.0859E-09 7.0227E-09 6.9540E-09 6.8767E-09 6.7957E-09 6.7086E-09 6.6127E-09 6.5028E-09 6.3913E-09 6.2663E-09 6.1374E-09 6.0036E-09 5.8647E-09 5.7194E-09 5.5685E-09 5.4136E-09 5.2553E-09 5.0937E-09 4.9287E-09 4.7622E-09 4.5964E-09 4.4309E-09 4.2658E-09 4.0985E-09 3.9320E-09 3.7732E-09 3.6188E-09 3.4682E-09 3.3169E-09 3.1748E-09 3.0424E-09 2.9128E-09 2.7888E-09 2.6681E-09 2.5492E-09 2.4461E-09 2.3510E-09 2.2183E-09 2.0808E-09 1.9634E-09 1.8528E-09 1.7624E-09 1.6466E-09 1.5393E-09 1.4610E-09 1.4207E-09 1.3496E-09 1.2812E-09 1.1996E-09 1.1532E-09 1.0934E-09 1.0358E-09 9.6544E-10
7.4808E-09 7.4309E-09 7.3818E-09 7.3358E-09 7.2828E-09 7.2312E-09 7.1729E-09 7.1061E-09 7.0301E-09 6.9526E-09 6.8648E-09 6.7587E-09 6.6410E-09 6.5150E-09 6.3822E-09 6.2430E-09 6.0975E-09 5.9440E-09 5.7847E-09 5.6226E-09 5.4577E-09 5.2884E-09 5.1162E-09 4.9418E-09 4.7624E-09 4.5819E-09 4.4026E-09 4.2263E-09 4.0498E-09 3.8754E-09 3.7092E-09 3.5497E-09 3.3905E-09 3.2384E-09 3.0949E-09 2.9604E-09 2.8280E-09 2.7047E-09 2.5850E-09 2.4678E-09 2.3656E-09 2.2376E-09 2.0943E-09 1.9675E-09 1.8615E-09 1.7678E-09 1.6603E-09 1.5364E-09 1.4563E-09 1.4145E-09 1.3438E-09 1.2759E-09 1.1947E-09 1.1486E-09 1.0890E-09 1.0318E-09 9.5457E-10
7.6639E-09 7.6271E-09 7.5914E-09 7.5539E-09 7.5122E-09 7.4648E-09 7.4102E-09 7.3587E-09 7.2941E-09 7.2201E-09 7.1342E-09 7.0325E-09 6.9161E-09 6.7896E-09 6.6551E-09 6.5150E-09 6.3736E-09 6.2171E-09 6.0519E-09 5.8780E-09 5.6980E-09 5.5137E-09 5.3296E-09 5.1415E-09 4.9513E-09 4.7604E-09 4.5657E-09 4.3718E-09 4.1826E-09 3.9971E-09 3.8162E-09 3.6438E-09 3.4766E-09 3.3120E-09 3.1587E-09 3.0117E-09 2.8728E-09 2.7406E-09 2.6186E-09 2.5000E-09 2.3836E-09 2.2587E-09 2.0971E-09 1.9790E-09 1.8694E-09 1.7809E-09 1.6523E-09 1.5323E-09 1.4513E-09 1.4086E-09 1.3048E-09 1.2537E-09 1.1815E-09 1.1435E-09 1.0537E-09 1.0122E-09 9.5066E-10
7.8624E-09 7.8384E-09 7.8135E-09 7.7851E-09 7.7582E-09 7.7268E-09 7.6873E-09 7.6400E-09 7.5841E-09 7.5172E-09 7.4376E-09 7.3414E-09 7.2318E-09 7.1097E-09 6.9740E-09 6.8305E-09 6.6778E-09 6.5145E-09 6.3411E-09 6.1594E-09 5.9706E-09 5.7754E-09 5.5729E-09 5.3664E-09 5.1606E-09 4.9535E-09 4.7464E-09 4.5411E-09 4.3363E-09 4.1357E-09 3.9417E-09 3.7515E-09 3.5705E-09 3.3966E-09 3.2308E-09 3.0762E-09 2.9248E-09 2.7826E-09 2.6506E-09 2.5319E-09 2.4143E-09 2.2762E-09 2.1164E-09 1.9777E-09 1.8718E-09 1.7814E-09 1.6689E-09 1.5403E-09 1.4453E-09 1.3703E-09 1.2982E-09 1.2472E-09 1.1680E-09 1.1072E-09 1.0487E-09 1.0074E-09 9.3921E-10
8.0832E-09 8.0706E-09 8.0582E-09 8.0500E-09 8.0354E-09 8.0185E-09 7.9896E-09 7.9517E-09 7.9083E-09 7.8500E-09 7.7824E-09 7.6973E-09 7.5888E-09 7.4640E-09 7.3270E-09 7.1809E-09 7.0227E-09 6.8522E-09 6.6694E-09 6.4798E-09 6.2836E-09 6.0758E-09 5.8613E-09 5.6416E-09 5.4145E-09 5.1854E-09 4.9598E-09 4.7361E-09 4.5158E-09 4.2995E-09 4.0872E-09 3.8812E-09 3.6832E-09 3.4930E-09 3.3127E-09 3.1454E-09 2.9870E-09 2.8336E-09 2.6908E-09 2.5610E-09 2.4437E-09 2.3030E-09 2.1440E-09 1.9859E-09 1.8731E-09 1.7841E-09 1.6810E-09 1.5465E-09 1.4406E-09 1.3641E-09 1.2924E-09 1.2240E-09 1.1615E-09 1.1012E-09 1.0432E-09 9.8708E-10 9.3233E-10
8.3254E-09 8.3259E-09 8.3355E-09 8.3431E-09 8.3455E-09 8.3406E-09 8.3255E-09 8.3025E-09 8.2703E-09 8.2301E-09 8.1681E-09 8.0876E-09 7.9845E-09 7.8621E-09 7.7244E-09 7.5767E-09 7.4240E-09 7.2468E-09 7.0548E-09 6.8503E-09 6.6349E-09 6.4101E-09 6.1784E-09 5.9401E-09 5.6972E-09 5.4508E-09 5.2025E-09 4.9568E-09 4.7182E-09 4.4831E-09 4.2530E-09 4.0282E-09 3.8105E-09 3.6055E-09 3.4083E-09 3.2247E-09 3.0548E-09 2.8911E-09 2.7367E-09 2.5961E-09 2.4687E-09 2.3290E-09 2.1698E-09 1.9940E-09 1.8776E-09 1.7840E-09 1.6785E-09 1.5639E-09 1.4351E-09 1.3576E-09 1.2861E-09 1.2092E-09 1.1544E-09 1.0946E-09 1.0371E-09 9.6661E-10 9.2716E-10
8.5886E-09 8.6144E-09 8.6416E-09 8.6642E-09 8.6856E-09 8.6972E-09 8.7036E-09 8.6970E-09 8.6782E-09 8.6449E-09 8.5926E-09 8.5213E-09 8.4248E-09 8.3113E-09 8.1825E-09 8.0331E-09 7.8652E-09 7.6796E-09 7.4766E-09 7.2585E-09 7.0270E-09 6.7850E-09 6.5336E-09 6.2776E-09 6.0169E-09 5.7517E-09 5.4853E-09 5.2163E-09 4.9502E-09 4.6933E-09 4.4438E-09 4.2007E-09 3.9629E-09 3.7342E-09 3.5180E-09 3.3152E-09 3.1317E-09 2.9593E-09 2.7915E-09 2.6359E-09 2.4979E-09 2.3515E-09 2.1877E-09 2.0279E-09 1.8829E-09 1.7786E-09 1.6869E-09 1.5659E-09 1.4519E-09 1.3516E-09 1.2785E-09 1.1872E-09 1.1467E-09 1.0875E-09 1.0305E-09 9.5341E-10 9.2154E-10
8.8799E-09 8.9276E-09 8.9726E-09 9.0183E-09 9.0575E-09 9.0949E-09 9.1214E-09 9.1290E-09 9.1219E-09 9.1026E-09 9.0630E-09 9.0049E-09 8.9255E-09 8.8148E-09 8.6821E-09 8.5306E-09 8.3573E-09 8.1629E-09 7.9480E-09 7.7245E-09 7.4832E-09 7.2246E-09 6.9531E-09 6.6732E-09 6.3866E-09 6.0958E-09 5.8030E-09 5.5113E-09 5.2209E-09 4.9342E-09 4.6557E-09 4.3904E-09 4.1361E-09 3.8893E-09 3.6501E-09 3.4255E-09 3.2202E-09 3.0329E-09 2.8534E-09 2.6833E-09 2.5305E-09 2.3578E-09 2.2184E-09 2.0481E-09 1.8939E-09 1.7704E-09 1.6805E-09 1.5730E-09 1.4194E-09 1.3141E-09 1.2553E-09 1.1727E-09 1.1090E-09 1.0494E-09 1.0083E-09 9.3994E-10 9.1550E-10
9.1933E-09 9.2622E-09 9.3314E-09 9.4030E-09 9.4692E-09 9.5265E-09 9.5727E-09 9.6024E-09 9.6124E-09 9.6103E-09 9.5911E-09 9.5442E-09 9.4658E-09 9.3622E-09 9.2339E-09 9.0809E-09 8.9108E-09 8.7175E-09 8.4923E-09 8.2461E-09 7.9816E-09 7.7009E-09 7.4074E-09 7.1036E-09 6.7917E-09 6.4751E-09 6.1556E-09 5.8359E-09 5.5192E-09 5.2068E-09 4.9007E-09 4.6063E-09 4.3263E-09 4.0591E-09 3.8004E-09 3.5528E-09 3.3235E-09 3.1174E-09 2.9223E-09 2.7377E-09 2.5633E-09 2.3809E-09 2.2391E-09 2.0766E-09 1.8953E-09 1.7693E-09 1.6691E-09 1.5703E-09 1.4272E-09 1.3135E-09 1.2485E-09 1.1645E-09 1.1021E-09 1.0417E-09 9.8562E-10 9.3105E-10 9.0904E-10
9.5240E-09 9.6195E-09 9.7200E-09 9.8175E-09 9.9098E-09 9.9929E-09 1.0062E-08 1.0118E-08 1.0154E-08 1.0170E-08 1.0158E-08 1.0121E-08 1.0059E-08 9.9666E-09 9.8506E-09 9.7050E-09 9.5249E-09 9.3154E-09 9.0782E-09 8.8165E-09 8.5329E-09 8.2309E-09 7.9137E-09 7.5908E-09 7.2594E-09 6.9156E-09 6.5674E-09 6.2175E-09 5.8698E-09 5.5252E-09 5.1884E-09 4.8614E-09 4.5496E-09 4.2545E-09 3.9729E-09 3.7026E-09 3.4437E-09 3.2106E-09 2.9995E-09 2.8000E-09 2.5994E-09 2.4063E-09 2.2505E-09 2.0932E-09 1.9129E-09 1.7762E-09 1.6706E-09 1.5676E-09 1.4255E-09 1.3206E-09 1.2270E-09 1.1568E-09 1.0945E-09 1.0343E-09 9.7027E-10 9.2383E-10 9.0211E-10
9.8728E-09 1.0001E-08 1.0129E-08 1.0256E-08 1.0378E-08 1.0487E-08 1.0590E-08 1.0675E-08 1.0734E-08 1.0770E-08 1.0775E-08 1.0753E-08 1.0706E-08 1.0636E-08 1.0521E-08 1.0371E-08 1.0189E-08 9.9712E-09 9.7219E-09 9.4524E-09 9.1636E-09 8.8418E-09 8.5016E-09 8.1464E-09 7.7788E-09 7.4030E-09 7.0219E-09 6.6384E-09 6.2568E-09 5.8804E-09 5.5124E-09 5.1523E-09 4.8025E-09 4.4737E-09 4.1637E-09 3.8713E-09 3.5863E-09 3.3221E-09 3.0849E-09 2.8704E-09 2.6511E-09 2.4418E-09 2.2763E-09 2.1003E-09 1.9233E-09 1.7862E-09 1.6741E-09 1.5690E-09 1.3970E-09 1.3279E-09 1.1935E-09 1.1492E-09 1.0549E-09 1.0268E-09 9.4039E-10 9.1614E-10 8.9472E-10
1.0240E-08 1.0398E-08 1.0559E-08 1.0717E-08 1.0868E-08 1.1016E-08 1.1151E-08 1.1263E-08 1.1350E-08 1.1407E-08 1.1445E-08 1.1446E-08 1.1410E-08 1.1340E-08 1.1240E-08 1.1095E-08 1.0919E-08 1.0696E-08 1.0449E-08 1.0159E-08 9.8404E-09 9.4962E-09 9.1301E-09 8.7465E-09 8.3475E-09 7.9385E-09 7.5222E-09 7.1033E-09 6.6904E-09 6.2796E-09 5.8750E-09 5.4810E-09 5.0986E-09 4.7284E-09 4.3795E-09 4.0554E-09 3.7455E-09 3.4494E-09 3.1849E-09 2.9514E-09 2.7160E-09 2.4854E-09 2.3100E-09 2.1404E-09 1.9475E-09 1.7974E-09 1.6823E-09 1.5363E-09 1.3936E-09 1.3084E-09 1.1913E-09 1.1119E-09 1.0467E-09 1.0035E-09 9.3055E-10 9.0797E-10 8.8688E-10
1.0613E-08 1.0809E-08 1.1001E-08 1.1193E-08 1.1383E-08 1.1566E-08 1.1731E-08 1.1876E-08 1.1999E-08 1.2091E-08 1.2151E-08 1.2173E-08 1.2153E-08 1.2098E-08 1.2016E-08 1.1887E-08 1.1714E-08 1.1487E-08 1.1221E-08 1.0917E-08 1.0579E-08 1.0212E-08 9.8200E-09 9.4152E-09 9.0022E-09 8.5618E-09 8.1108E-09 7.6534E-09 7.1954E-09 6.7415E-09 6.2948E-09 5.8580E-09 5.4345E-09 5.0253E-09 4.6385E-09 4.2737E-09 3.9278E-09 3.6027E-09 3.3015E-09 3.0439E-09 2.7766E-09 2.5440E-09 2.3525E-09 2.1684E-09 1.9604E-09 1.8140E-09 1.6931E-09 1.5379E-09 1.3914E-09 1.2885E-09 1.1894E-09 1.1074E-09 1.0382E-09 9.7927E-10 9.2287E-10 8.9934E-10 8.7857E-10
1.0998E-08 1.1225E-08 1.1454E-08 1.1684E-08 1.1912E-08 1.2127E-08 1.2327E-08 1.2515E-08 1.2672E-08 1.2804E-08 1.2887E-08 1.2930E-08 1.2936E-08 1.2912E-08 1.2851E-08 1.2730E-08 1.2558E-08 1.2329E-08 1.2052E-08 1.1735E-08 1.1394E-08 1.1021E-08 1.0607E-08 1.0167E-08 9.7061E-09 9.2284E-09 8.7387E-09 8.2416E-09 7.7421E-09 7.2439E-09 6.7528E-09 6.2738E-09 5.8101E-09 5.3598E-09 4.9267E-09 4.5149E-09 4.1320E-09 3.7771E-09 3.4462E-09 3.1529E-09 2.8529E-09 2.6122E-09 2.4056E-09 2.2067E-09 1.9785E-09 1.8379E-09 1.7080E-09 1.5433E-09 1.3891E-09 1.2608E-09 1.1864E-09 1.0733E-09 1.0296E-09 9.4058E-10 9.1461E-10 8.9070E-10 8.6983E-10
1.1380E-08 1.1644E-08 1.1913E-08 1.2182E-08 1.2444E-08 1.2696E-08 1.2942E-08 1.3164E-08 1.3367E-08 1.3526E-08 1.3643E-08 1.3725E-08 1.3757E-08 1.3765E-08 1.3720E-08 1.3620E-08 1.3449E-08 1.3231E-08 1.2959E-08 1.2646E-08 1.2280E-08 1.1876E-08 1.1437E-08 1.0969E-08 1.0475E-08 9.9613E-09 9.4315E-09 8.8920E-09 8.3475E-09 7.8040E-09 7.2665E-09 6.7381E-09 6.2241E-09 5.7304E-09 5.2566E-09 4.7957E-09 4.3662E-09 3.9740E-09 3.6131E-09 3.2784E-09 2.9409E-09 2.6934E-09 2.4717E-09 2.2304E-09 2.0022E-09 1.8958E-09 1.7128E-09 1.5124E-09 1.3799E-09 1.2568E-09 1.1597E-09 1.0702E-09 1.0074E-09 9.2958E-10 9.0562E-10 8.8204E-10 8.6063E-10
