Assets/Resources/2015_m01_d15_0400(utc+0800)_l00_csi_1hr_conc.grd
DSAA
         159         159
     -79.000      79.000
     -79.000      79.000
  0.0000E+00  0.2149E-04
[rows 0 to 24 of 159, columns 0 to 56 of 159]
9.2996E-10 9.6108E-10 9.9220E-10 1.0219E-09 1.0561E-09 1.0881E-09 1.1196E-09 1.1557E-09 1.1893E-09 1.2225E-09 1.2611E-09 1.2955E-09 1.3304E-09 1.3707E-09 1.4069E-09 1.4438E-09 1.4861E-09 1.5245E-09 1.5635E-09 1.6072E-09 1.6492E-09 1.6912E-09 1.7361E-09 1.7831E-09 1.8283E-09 1.8764E-09 1.9266E-09 1.9748E-09 2.0261E-09 2.0795E-09 2.1319E-09 2.1852E-09 2.2414E-09 2.2966E-09 2.3536E-09 2.4118E-09 2.4696E-09 2.5296E-09 2.5904E-09 2.6522E-09 2.7148E-09 2.7773E-09 2.8403E-09 2.9054E-09 2.9713E-09 3.0357E-09 3.1037E-09 3.1716E-09 3.2378E-09 3.3045E-09 3.3768E-09 3.4444E-09 3.5122E-09 3.5801E-09 3.6535E-09 3.7217E-09 3.7899E-09
9.3262E-10 9.6593E-10 9.9521E-10 1.0260E-09 1.0606E-09 1.0917E-09 1.1243E-09 1.1606E-09 1.1934E-09 1.2268E-09 1.2658E-09 1.3003E-09 1.3355E-09 1.3762E-09 1.4128E-09 1.4500E-09 1.4928E-09 1.5316E-09 1.5711E-09 1.6164E-09 1.6580E-09 1.7006E-09 1.7491E-09 1.7940E-09 1.8398E-09 1.8915E-09 1.9395E-09 1.9894E-09 2.0435E-09 2.0946E-09 2.1488E-09 2.2048E-09 2.2599E-09 2.3168E-09 2.3749E-09 2.4328E-09 2.4927E-09 2.5536E-09 2.6144E-09 2.6772E-09 2.7408E-09 2.8042E-09 2.8696E-09 2.9359E-09 3.0007E-09 3.0692E-09 3.1378E-09 3.2047E-09 3.2721E-09 3.3453E-09 3.4138E-09 3.4827E-09 3.5517E-09 3.6264E-09 3.6960E-09 3.7656E-09 3.8351E-09
9.3663E-10 9.6844E-10 9.9783E-10 1.0308E-09 1.0635E-09 1.0948E-09 1.1297E-09 1.1641E-09 1.1971E-09 1.2356E-09 1.2699E-09 1.3047E-09 1.3450E-09 1.3813E-09 1.4182E-09 1.4605E-09 1.4990E-09 1.5381E-09 1.5829E-09 1.6241E-09 1.6663E-09 1.7143E-09 1.7588E-09 1.8042E-09 1.8555E-09 1.9031E-09 1.9526E-09 2.0064E-09 2.0572E-09 2.1101E-09 2.1649E-09 2.2218E-09 2.2776E-09 2.3354E-09 2.3942E-09 2.4540E-09 2.5139E-09 2.5756E-09 2.6386E-09 2.7023E-09 2.7658E-09 2.8315E-09 2.8981E-09 2.9632E-09 3.0322E-09 3.1012E-09 3.1687E-09 3.2367E-09 3.3107E-09 3.3800E-09 3.4498E-09 3.5228E-09 3.5956E-09 3.6664E-09 3.7373E-09 3.8134E-09 3.8845E-09
9.4158E-10 9.7055E-10 1.0000E-09 1.0353E-09 1.0661E-09 1.0975E-09 1.1345E-09 1.1672E-09 1.2003E-09 1.2391E-09 1.2736E-09 1.3086E-09 1.3493E-09 1.3859E-09 1.4230E-09 1.4659E-09 1.5046E-09 1.5443E-09 1.5896E-09 1.6314E-09 1.6741E-09 1.7228E-09 1.7679E-09 1.8148E-09 1.8658E-09 1.9140E-09 1.9653E-09 2.0188E-09 2.0713E-09 2.1248E-09 2.1813E-09 2.2379E-09 2.2944E-09 2.3542E-09 2.4128E-09 2.4735E-09 2.5353E-09 2.5981E-09 2.6619E-09 2.7254E-09 2.7912E-09 2.8579E-09 2.9233E-09 2.9926E-09 3.0620E-09 3.1299E-09 3.1994E-09 3.2731E-09 3.3430E-09 3.4135E-09 3.4886E-09 3.5612E-09 3.6332E-09 3.7052E-09 3.7826E-09 3.8551E-09 3.9275E-09
9.4321E-10 9.7226E-10 1.0029E-09 1.0373E-09 1.0682E-09 1.1018E-09 1.1370E-09 1.1698E-09 1.2063E-09 1.2421E-09 1.2768E-09 1.3169E-09 1.3531E-09 1.3899E-09 1.4322E-09 1.4706E-09 1.5098E-09 1.5546E-09 1.5958E-09 1.6381E-09 1.6862E-09 1.7308E-09 1.7763E-09 1.8278E-09 1.8755E-09 1.9253E-09 1.9793E-09 2.0314E-09 2.0846E-09 2.1407E-09 2.1960E-09 2.2533E-09 2.3116E-09 2.3711E-09 2.4316E-09 2.4932E-09 2.5558E-09 2.6185E-09 2.6830E-09 2.7489E-09 2.8156E-09 2.8812E-09 2.9506E-09 3.0203E-09 3.0885E-09 3.1594E-09 3.2325E-09 3.3031E-09 3.3742E-09 3.4511E-09 3.5235E-09 3.5963E-09 3.6694E-09 3.7479E-09 3.8217E-09 3.8954E-09 3.9692E-09
9.4445E-10 9.7358E-10 1.0084E-09 1.0389E-09 1.0699E-09 1.1066E-09 1.1390E-09 1.1719E-09 1.2104E-09 1.2446E-09 1.2795E-09 1.3199E-09 1.3564E-09 1.3934E-09 1.4362E-09 1.4748E-09 1.5145E-09 1.5598E-09 1.6016E-09 1.6443E-09 1.6931E-09 1.7381E-09 1.7851E-09 1.8362E-09 1.8855E-09 1.9359E-09 1.9896E-09 2.0433E-09 2.0970E-09 2.1539E-09 2.2098E-09 2.2678E-09 2.3280E-09 2.3871E-09 2.4496E-09 2.5109E-09 2.5745E-09 2.6389E-09 2.7046E-09 2.7702E-09 2.8369E-09 2.9064E-09 2.9762E-09 3.0446E-09 3.1158E-09 3.1893E-09 3.2603E-09 3.3318E-09 3.4094E-09 3.4825E-09 3.5560E-09 3.6300E-09 3.7095E-09 3.7844E-09 3.8593E-09 3.9344E-09 4.0148E-09
9.4531E-10 9.7450E-10 1.0095E-09 1.0401E-09 1.0712E-09 1.1080E-09 1.1405E-09 1.1746E-09 1.2122E-09 1.2467E-09 1.2856E-09 1.3225E-09 1.3591E-09 1.4013E-09 1.4395E-09 1.4786E-09 1.5233E-09 1.5645E-09 1.6067E-09 1.6548E-09 1.6993E-09 1.7448E-09 1.7963E-09 1.8440E-09 1.8938E-09 1.9479E-09 2.0001E-09 2.0534E-09 2.1097E-09 2.1663E-09 2.2228E-09 2.2826E-09 2.3424E-09 2.4023E-09 2.4655E-09 2.5277E-09 2.5921E-09 2.6574E-09 2.7241E-09 2.7906E-09 2.8601E-09 2.9288E-09 2.9984E-09 3.0697E-09 3.1434E-09 3.2147E-09 3.2867E-09 3.3646E-09 3.4383E-09 3.5124E-09 3.5871E-09 3.6675E-09 3.7433E-09 3.8193E-09 3.8997E-09 3.9773E-09 4.0538E-09
9.4578E-10 9.7706E-10 1.0102E-09 1.0408E-09 1.0770E-09 1.1090E-09 1.1416E-09 1.1797E-09 1.2137E-09 1.2482E-09 1.2884E-09 1.3246E-09 1.3614E-09 1.4039E-09 1.4424E-09 1.4819E-09 1.5271E-09 1.5687E-09 1.6113E-09 1.6600E-09 1.7049E-09 1.7537E-09 1.8029E-09 1.8521E-09 1.9055E-09 1.9571E-09 2.0099E-09 2.0657E-09 2.1207E-09 2.1778E-09 2.2370E-09 2.2955E-09 2.3559E-09 2.4188E-09 2.4806E-09 2.5447E-09 2.6097E-09 2.6761E-09 2.7425E-09 2.8118E-09 2.8804E-09 2.9500E-09 3.0194E-09 3.0951E-09 3.1665E-09 3.2388E-09 3.3171E-09 3.3911E-09 3.4657E-09 3.5410E-09 3.6222E-09 3.6986E-09 3.7756E-09 3.8569E-09 3.9357E-09 4.0134E-09 4.0912E-09
9.4585E-10 9.8028E-10 1.0104E-09 1.0411E-09 1.0775E-09 1.1096E-09 1.1422E-09 1.1805E-09 1.2146E-09 1.2493E-09 1.2898E-09 1.3261E-09 1.3679E-09 1.4060E-09 1.4448E-09 1.4893E-09 1.5303E-09 1.5723E-09 1.6202E-09 1.6645E-09 1.7098E-09 1.7612E-09 1.8088E-09 1.8595E-09 1.9125E-09 1.9646E-09 2.0189E-09 2.0752E-09 2.1308E-09 2.1884E-09 2.2484E-09 2.3074E-09 2.3697E-09 2.4321E-09 2.4947E-09 2.5605E-09 2.6254E-09 2.6926E-09 2.7606E-09 2.8301E-09 2.8995E-09 2.9689E-09 3.0434E-09 3.1160E-09 3.1884E-09 3.2669E-09 3.3411E-09 3.4161E-09 3.4918E-09 3.5735E-09 3.6506E-09 3.7282E-09 3.8105E-09 3.8901E-09 3.9690E-09 4.0478E-09 4.1313E-09
9.4554E-10 9.8010E-10 1.0103E-09 1.0420E-09 1.0775E-09 1.1096E-09 1.1473E-09 1.1809E-09 1.2150E-09 1.2548E-09 1.2906E-09 1.3271E-09 1.3693E-09 1.4075E-09 1.4467E-09 1.4916E-09 1.5330E-09 1.5754E-09 1.6238E-09 1.6684E-09 1.7160E-09 1.7659E-09 1.8149E-09 1.8682E-09 1.9197E-09 1.9723E-09 2.0290E-09 2.0840E-09 2.1400E-09 2.1993E-09 2.2588E-09 2.3195E-09 2.3814E-09 2.4445E-09 2.5099E-09 2.5743E-09 2.6401E-09 2.7088E-09 2.7780E-09 2.8472E-09 2.9163E-09 2.9907E-09 3.0633E-09 3.1356E-09 3.2129E-09 3.2885E-09 3.3637E-09 3.4397E-09 3.5217E-09 3.5993E-09 3.6775E-09 3.7605E-09 3.8408E-09 3.9206E-09 4.0005E-09 4.0850E-09 4.1665E-09
9.4687E-10 9.7950E-10 1.0097E-09 1.0455E-09 1.0771E-09 1.1093E-09 1.1471E-09 1.1807E-09 1.2150E-09 1.2550E-09 1.2910E-09 1.3277E-09 1.3701E-09 1.4086E-09 1.4528E-09 1.4934E-09 1.5351E-09 1.5827E-09 1.6267E-09 1.6716E-09 1.7227E-09 1.7700E-09 1.8204E-09 1.8732E-09 1.9261E-09 1.9791E-09 2.0353E-09 2.0918E-09 2.1493E-09 2.2082E-09 2.2682E-09 2.3307E-09 2.3921E-09 2.4558E-09 2.5220E-09 2.5872E-09 2.6536E-09 2.7231E-09 2.7931E-09 2.8620E-09 2.9361E-09 3.0084E-09 3.0806E-09 3.1579E-09 3.2334E-09 3.3087E-09 3.3849E-09 3.4671E-09 3.5450E-09 3.6236E-09 3.7071E-09 3.7881E-09 3.8685E-09 3.9493E-09 4.0347E-09 4.1173E-09 4.1988E-09
9.4887E-10 9.7850E-10 1.0087E-09 1.0446E-09 1.0762E-09 1.1084E-09 1.1464E-09 1.1801E-09 1.2194E-09 1.2548E-09 1.2908E-09 1.3325E-09 1.3704E-09 1.4092E-09 1.4537E-09 1.4947E-09 1.5367E-09 1.5846E-09 1.6289E-09 1.6752E-09 1.7257E-09 1.7743E-09 1.8272E-09 1.8784E-09 1.9307E-09 1.9871E-09 2.0418E-09 2.0987E-09 2.1579E-09 2.2162E-09 2.2768E-09 2.3398E-09 2.4018E-09 2.4673E-09 2.5330E-09 2.5989E-09 2.6679E-09 2.7363E-09 2.8059E-09 2.8796E-09 2.9517E-09 3.0236E-09 3.1006E-09 3.1761E-09 3.2513E-09 3.3275E-09 3.4097E-09 3.4879E-09 3.5667E-09 3.6505E-09 3.7320E-09 3.8129E-09 3.8944E-09 3.9806E-09 4.0641E-09 4.1466E-09 4.2315E-09
9.4747E-10 9.7710E-10 1.0073E-09 1.0433E-09 1.0749E-09 1.1121E-09 1.1453E-09 1.1790E-09 1.2185E-09 1.2540E-09 1.2902E-09 1.3321E-09 1.3702E-09 1.4092E-09 1.4541E-09 1.4954E-09 1.5424E-09 1.5860E-09 1.6305E-09 1.6811E-09 1.7279E-09 1.7780E-09 1.8303E-09 1.8828E-09 1.9354E-09 1.9913E-09 2.0474E-09 2.1047E-09 2.1644E-09 2.2242E-09 2.2855E-09 2.3468E-09 2.4126E-09 2.4766E-09 2.5418E-09 2.6114E-09 2.6793E-09 2.7484E-09 2.8204E-09 2.8932E-09 2.9648E-09 3.0374E-09 3.1166E-09 3.1916E-09 3.2677E-09 3.3499E-09 3.4280E-09 3.5070E-09 3.5909E-09 3.6727E-09 3.7540E-09 3.8360E-09 3.9228E-09 4.0070E-09 4.0904E-09 4.1762E-09 4.2612E-09
9.4568E-10 9.7528E-10 1.0105E-09 1.0415E-09 1.0732E-09 1.1105E-09 1.1436E-09 1.1775E-09 1.2172E-09 1.2527E-09 1.2938E-09 1.3312E-09 1.3695E-09 1.4135E-09 1.4540E-09 1.4954E-09 1.5429E-09 1.5866E-09 1.6324E-09 1.6823E-09 1.7305E-09 1.7819E-09 1.8335E-09 1.8854E-09 1.9414E-09 1.9957E-09 2.0521E-09 2.1110E-09 2.1700E-09 2.2304E-09 2.2920E-09 2.3549E-09 2.4203E-09 2.4848E-09 2.5526E-09 2.6209E-09 2.6894E-09 2.7589E-09 2.8319E-09 2.9042E-09 2.9765E-09 3.0552E-09 3.1300E-09 3.2057E-09 3.2877E-09 3.3657E-09 3.4447E-09 3.5286E-09 3.6105E-09 3.6921E-09 3.7743E-09 3.8616E-09 3.9463E-09 4.0304E-09 4.1169E-09 4.2029E-09 4.2904E-09
9.4350E-10 9.7307E-10 1.0083E-09 1.0394E-09 1.0710E-09 1.1084E-09 1.1416E-09 1.1804E-09 1.2153E-09 1.2510E-09 1.2923E-09 1.3299E-09 1.3683E-09 1.4126E-09 1.4533E-09 1.4968E-09 1.5427E-09 1.5866E-09 1.6366E-09 1.6829E-09 1.7323E-09 1.7840E-09 1.8360E-09 1.8881E-09 1.9445E-09 1.9991E-09 2.0559E-09 2.1152E-09 2.1746E-09 2.2355E-09 2.2985E-09 2.3621E-09 2.4258E-09 2.4920E-09 2.5603E-09 2.6281E-09 2.6971E-09 2.7704E-09 2.8421E-09 2.9139E-09 2.9921E-09 3.0664E-09 3.1418E-09 3.2234E-09 3.3012E-09 3.3799E-09 3.4596E-09 3.5456E-09 3.6273E-09 3.7097E-09 3.7972E-09 3.8822E-09 3.9668E-09 4.0540E-09 4.1405E-09 4.2289E-09 4.3149E-09
9.4093E-10 9.7045E-10 1.0058E-09 1.0368E-09 1.0733E-09 1.1059E-09 1.1392E-09 1.1781E-09 1.2131E-09 1.2487E-09 1.2903E-09 1.3279E-09 1.3703E-09 1.4111E-09 1.4520E-09 1.4987E-09 1.5418E-09 1.5869E-09 1.6362E-09 1.6837E-09 1.7324E-09 1.7854E-09 1.8366E-09 1.8920E-09 1.9457E-09 2.0016E-09 2.0599E-09 2.1184E-09 2.1783E-09 2.2395E-09 2.3031E-09 2.3671E-09 2.4313E-09 2.4999E-09 2.5669E-09 2.6352E-09 2.7077E-09 2.7787E-09 2.8498E-09 2.9262E-09 3.0011E-09 3.0760E-09 3.1551E-09 3.2346E-09 3.3130E-09 3.3924E-09 3.4782E-09 3.5598E-09 3.6422E-09 3.7287E-09 3.8150E-09 3.8998E-09 3.9863E-09 4.0745E-09 4.1635E-09 4.2502E-09 4.3384E-09
9.3797E-10 9.6743E-10 1.0028E-09 1.0337E-09 1.0704E-09 1.1030E-09 1.1362E-09 1.1753E-09 1.2103E-09 1.2497E-09 1.2877E-09 1.3255E-09 1.3691E-09 1.4091E-09 1.4501E-09 1.4970E-09 1.5403E-09 1.5875E-09 1.6351E-09 1.6828E-09 1.7347E-09 1.7860E-09 1.8373E-09 1.8931E-09 1.9470E-09 2.0043E-09 2.0618E-09 2.1218E-09 2.1821E-09 2.2435E-09 2.3077E-09 2.3709E-09 2.4376E-09 2.5036E-09 2.5722E-09 2.6428E-09 2.7130E-09 2.7845E-09 2.8581E-09 2.9344E-09 3.0087E-09 3.0841E-09 3.1661E-09 3.2441E-09 3.3231E-09 3.4086E-09 3.4899E-09 3.5722E-09 3.6585E-09 3.7449E-09 3.8298E-09 3.9154E-09 4.0050E-09 4.0944E-09 4.1818E-09 4.2705E-09 4.3609E-09
9.3463E-10 9.6909E-10 9.9939E-10 1.0303E-09 1.0670E-09 1.0996E-09 1.1346E-09 1.1720E-09 1.2070E-09 1.2477E-09 1.2847E-09 1.3226E-09 1.3664E-09 1.4065E-09 1.4514E-09 1.4947E-09 1.5390E-09 1.5875E-09 1.6342E-09 1.6821E-09 1.7343E-09 1.7847E-09 1.8373E-09 1.8922E-09 1.9474E-09 2.0050E-09 2.0628E-09 2.1221E-09 2.1826E-09 2.2456E-09 2.3090E-09 2.3726E-09 2.4408E-09 2.5073E-09 2.5752E-09 2.6474E-09 2.7181E-09 2.7889E-09 2.8663E-09 2.9399E-09 3.0147E-09 3.0959E-09 3.1734E-09 3.2519E-09 3.3358E-09 3.4178E-09 3.4998E-09 3.5859E-09 3.6710E-09 3.7570E-09 3.8426E-09 3.9323E-09 4.0219E-09 4.1097E-09 4.1989E-09 4.2899E-09 4.3817E-09
9.3091E-10 9.6536E-10 9.9561E-10 1.0265E-09 1.0632E-09 1.0958E-09 1.1340E-09 1.1682E-09 1.2033E-09 1.2441E-09 1.2812E-09 1.3229E-09 1.3631E-09 1.4033E-09 1.4493E-09 1.4918E-09 1.5362E-09 1.5848E-09 1.6317E-09 1.6817E-09 1.7321E-09 1.7826E-09 1.8385E-09 1.8926E-09 1.9480E-09 2.0058E-09 2.0640E-09 2.1235E-09 2.1853E-09 2.2477E-09 2.3103E-09 2.3774E-09 2.4429E-09 2.5097E-09 2.5810E-09 2.6507E-09 2.7207E-09 2.7959E-09 2.8699E-09 2.9439E-09 3.0243E-09 3.1011E-09 3.1790E-09 3.2622E-09 3.3437E-09 3.4252E-09 3.5078E-09 3.5957E-09 3.6815E-09 3.7670E-09 3.8567E-09 3.9450E-09 4.0343E-09 4.1239E-09 4.2151E-09 4.3076E-09 4.3973E-09
9.2682E-10 9.6126E-10 9.9144E-10 1.0272E-09 1.0590E-09 1.0915E-09 1.1298E-09 1.1640E-09 1.2009E-09 1.2400E-09 1.2772E-09 1.3200E-09 1.3592E-09 1.3995E-09 1.4456E-09 1.4881E-09 1.5355E-09 1.5824E-09 1.6293E-09 1.6806E-09 1.7300E-09 1.7817E-09 1.8357E-09 1.8899E-09 1.9456E-09 2.0036E-09 2.0620E-09 2.1226E-09 2.1839E-09 2.2465E-09 2.3113E-09 2.3768E-09 2.4426E-09 2.5127E-09 2.5815E-09 2.6516E-09 2.7258E-09 2.7988E-09 2.8720E-09 2.9464E-09 3.0274E-09 3.1046E-09 3.1829E-09 3.2679E-09 3.3488E-09 3.4308E-09 3.5182E-09 3.6037E-09 3.6889E-09 3.7772E-09 3.8665E-09 3.9558E-09 4.0455E-09 4.1358E-09 4.2297E-09 4.3200E-09 4.4116E-09
9.2235E-10 9.5679E-10 9.8686E-10 1.0227E-09 1.0544E-09 1.0869E-09 1.1251E-09 1.1594E-09 1.1993E-09 1.2355E-09 1.2726E-09 1.3155E-09 1.3548E-09 1.3979E-09 1.4413E-09 1.4848E-09 1.5324E-09 1.5783E-09 1.6253E-09 1.6766E-09 1.7261E-09 1.7799E-09 1.8330E-09 1.8875E-09 1.9454E-09 2.0026E-09 2.0611E-09 2.1221E-09 2.1835E-09 2.2452E-09 2.3115E-09 2.3762E-09 2.4423E-09 2.5128E-09 2.5818E-09 2.6510E-09 2.7269E-09 2.7991E-09 2.8725E-09 2.9525E-09 3.0289E-09 3.1064E-09 3.1905E-09 3.2707E-09 3.3521E-09 3.4378E-09 3.5237E-09 3.6085E-09 3.6964E-09 3.7843E-09 3.8745E-09 3.9630E-09 4.0545E-09 4.1484E-09 4.2390E-09 4.3310E-09 4.4236E-09
9.2258E-10 9.5193E-10 9.8194E-10 1.0177E-09 1.0494E-09 1.0845E-09 1.1200E-09 1.1543E-09 1.1942E-09 1.2304E-09 1.2694E-09 1.3105E-09 1.3498E-09 1.3949E-09 1.4364E-09 1.4798E-09 1.5275E-09 1.5734E-09 1.6245E-09 1.6728E-09 1.7234E-09 1.7763E-09 1.8296E-09 1.8841E-09 1.9411E-09 1.9984E-09 2.0580E-09 2.1183E-09 2.1799E-09 2.2438E-09 2.3083E-09 2.3732E-09 2.4425E-09 2.5103E-09 2.5796E-09 2.6531E-09 2.7254E-09 2.7978E-09 2.8767E-09 2.9521E-09 3.0286E-09 3.1107E-09 3.1912E-09 3.2717E-09 3.3556E-09 3.4408E-09 3.5261E-09 3.6113E-09 3.7009E-09 3.7908E-09 3.8790E-09 3.9703E-09 4.0626E-09 4.1548E-09 4.2458E-09 4.3398E-09 4.4349E-09
9.1747E-10 9.4671E-10 9.7663E-10 1.0124E-09 1.0440E-09 1.0812E-09 1.1145E-09 1.1487E-09 1.1887E-09 1.2249E-09 1.2667E-09 1.3050E-09 1.3442E-09 1.3893E-09 1.4307E-09 1.4761E-09 1.5229E-09 1.5688E-09 1.6189E-09 1.6673E-09 1.7179E-09 1.7708E-09 1.8242E-09 1.8809E-09 1.9369E-09 1.9944E-09 2.0553E-09 2.1156E-09 2.1763E-09 2.2415E-09 2.3051E-09 2.3702E-09 2.4397E-09 2.5078E-09 2.5761E-09 2.6511E-09 2.7224E-09 2.7950E-09 2.8744E-09 2.9500E-09 3.0267E-09 3.1104E-09 3.1900E-09 3.2709E-09 3.3574E-09 3.4419E-09 3.5265E-09 3.6154E-09 3.7048E-09 3.7925E-09 3.8823E-09 3.9742E-09 4.0675E-09 4.1586E-09 4.2526E-09 4.3479E-09 4.4423E-09
9.1201E-10 9.4115E-10 9.7270E-10 1.0066E-09 1.0381E-09 1.0753E-09 1.1086E-09 1.1445E-09 1.1827E-09 1.2188E-09 1.2606E-09 1.2988E-09 1.3398E-09 1.3831E-09 1.4254E-09 1.4718E-09 1.5166E-09 1.5624E-09 1.6126E-09 1.6619E-09 1.7146E-09 1.7666E-09 1.8199E-09 1.8757E-09 1.9318E-09 1.9903E-09 2.0493E-09 2.1097E-09 2.1724E-09 2.2358E-09 2.2996E-09 2.3678E-09 2.4345E-09 2.5027E-09 2.5753E-09 2.6465E-09 2.7180E-09 2.7960E-09 2.8704E-09 2.9462E-09 3.0286E-09 3.1072E-09 3.1871E-09 3.2715E-09 3.3562E-09 3.4400E-09 3.5270E-09 3.6154E-09 3.7040E-09 3.7932E-09 3.8846E-09 3.9776E-09 4.0685E-09 4.1612E-09 4.2576E-09 4.3521E-09 4.4454E-09
9.0620E-10 9.3522E-10 9.6986E-10 1.0005E-09 1.0319E-09 1.0690E-09 1.1022E-09 1.1410E-09 1.1762E-09 1.2122E-09 1.2540E-09 1.2921E-09 1.3359E-09 1.3762E-09 1.4185E-09 1.4649E-09 1.5095E-09 1.5583E-09 1.6064E-09 1.6558E-09 1.7074E-09 1.7595E-09 1.8138E-09 1.8696E-09 1.9247E-09 1.9843E-09 2.0434E-09 2.1038E-09 2.1678E-09 2.2302E-09 2.2940E-09 2.3624E-09 2.4292E-09 2.5003E-09 2.5703E-09 2.6405E-09 2.7171E-09 2.7903E-09 2.8649E-09 2.9449E-09 3.0235E-09 3.1023E-09 3.1845E-09 3.2682E-09 3.3521E-09 3.4361E-09 3.5246E-09 3.6135E-09 3.7010E-09 3.7918E-09 3.8853E-09 3.9758E-09 4.0682E-09 4.1628E-09 4.2588E-09 4.3521E-09 4.4471E-09
