Assets/Resources/2015_m01_d25_0800(utc+0800)_l00_csi_1hr_conc.grd
DSAA
         159         159
     -79.000      79.000
     -79.000      79.000
  0.0000E+00  0.3709E-05
[rows 0 to 24 of 159, columns 57 to 113 of 159]
2.8175E-11 5.0014E-11 8.5520E-11 1.3992E-10 2.1780E-10 3.2574E-10 4.6490E-10 6.4573E-10 8.7925E-10 1.1757E-09 1.5511E-09 2.0142E-09 2.5818E-09 3.2610E-09 4.0678E-09 5.0059E-09 6.0758E-09 7.2749E-09 8.5939E-09 1.0015E-08 1.1510E-08 1.3041E-08 1.4567E-08 1.6041E-08 1.7411E-08 1.8624E-08 1.9633E-08 2.0393E-08 2.0868E-08 2.1037E-08 2.0892E-08 2.0443E-08 1.9705E-08 1.8714E-08 1.7511E-08 1.6140E-08 1.4656E-08 1.3113E-08 1.1561E-08 1.0043E-08 8.5989E-09 7.2571E-09 6.0335E-09 4.9446E-09 3.9908E-09 3.1756E-09 2.4921E-09 1.9200E-09 1.4582E-09 1.0861E-09 7.9459E-10 5.6531E-10 3.8971E-10 2.5758E-10 1.4456E-10 7.1743E-11 3.8892E-11
2.5978E-11 4.8083E-11 8.4127E-11 1.3796E-10 2.1525E-10 3.2379E-10 4.6889E-10 6.5643E-10 8.9813E-10 1.2098E-09 1.6028E-09 2.0925E-09 2.6937E-09 3.4200E-09 4.2851E-09 5.2938E-09 6.4531E-09 7.7597E-09 9.2028E-09 1.0760E-08 1.2403E-08 1.4095E-08 1.5790E-08 1.7433E-08 1.8964E-08 2.0322E-08 2.1454E-08 2.2311E-08 2.2856E-08 2.3062E-08 2.2920E-08 2.2433E-08 2.1622E-08 2.0525E-08 1.9190E-08 1.7672E-08 1.6030E-08 1.4325E-08 1.2610E-08 1.0935E-08 9.3416E-09 7.8621E-09 6.5219E-09 5.3281E-09 4.2897E-09 3.4010E-09 2.6552E-09 2.0441E-09 1.5480E-09 1.1492E-09 8.3659E-10 5.9271E-10 4.0840E-10 2.6555E-10 1.4805E-10 7.4234E-11 3.8016E-11
2.3192E-11 4.4401E-11 8.1372E-11 1.3445E-10 2.1110E-10 3.1742E-10 4.6515E-10 6.5742E-10 9.0579E-10 1.2301E-09 1.6381E-09 2.1509E-09 2.7820E-09 3.5516E-09 4.4693E-09 5.5491E-09 6.7953E-09 8.2053E-09 9.7660E-09 1.1463E-08 1.3263E-08 1.5122E-08 1.6988E-08 1.8799E-08 2.0494E-08 2.2008E-08 2.3278E-08 2.4247E-08 2.4866E-08 2.5110E-08 2.4966E-08 2.4440E-08 2.3557E-08 2.2359E-08 2.0896E-08 1.9226E-08 1.7418E-08 1.5540E-08 1.3655E-08 1.1817E-08 1.0074E-08 8.4594E-09 6.9947E-09 5.6996E-09 4.5720E-09 3.6143E-09 2.8114E-09 2.1552E-09 1.6204E-09 1.1958E-09 8.6975E-10 6.1344E-10 4.1553E-10 2.7250E-10 1.5488E-10 6.7981E-11 3.5478E-11
2.0118E-11 3.8106E-11 7.4959E-11 1.2804E-10 2.0458E-10 3.0765E-10 4.5509E-10 6.5012E-10 9.0495E-10 1.2365E-09 1.6554E-09 2.1867E-09 2.8453E-09 3.6499E-09 4.6192E-09 5.7635E-09 7.0890E-09 8.5957E-09 1.0277E-08 1.2110E-08 1.4061E-08 1.6081E-08 1.8120E-08 2.0113E-08 2.1985E-08 2.3662E-08 2.5073E-08 2.6155E-08 2.6857E-08 2.7149E-08 2.7015E-08 2.6457E-08 2.5501E-08 2.4194E-08 2.2594E-08 2.0771E-08 1.8797E-08 1.6746E-08 1.4686E-08 1.2681E-08 1.0783E-08 9.0297E-09 7.4486E-09 6.0487E-09 4.8367E-09 3.8067E-09 2.9532E-09 2.2519E-09 1.6932E-09 1.2410E-09 8.9774E-10 6.3152E-10 4.2492E-10 2.7531E-10 1.6153E-10 7.0283E-11 3.3814E-11
1.5527E-11 2.9586E-11 6.6288E-11 1.1896E-10 1.9443E-10 2.9494E-10 4.3894E-10 6.3310E-10 8.9139E-10 1.2263E-09 1.6553E-09 2.2008E-09 2.8794E-09 3.7163E-09 4.7278E-09 5.9273E-09 7.3260E-09 8.9269E-09 1.0720E-08 1.2682E-08 1.4781E-08 1.6970E-08 1.9189E-08 2.1365E-08 2.3415E-08 2.5260E-08 2.6824E-08 2.8032E-08 2.8826E-08 2.9169E-08 2.9042E-08 2.8452E-08 2.7426E-08 2.6013E-08 2.4276E-08 2.2291E-08 2.0142E-08 1.7913E-08 1.5681E-08 1.3512E-08 1.1463E-08 9.5721E-09 7.8681E-09 6.3708E-09 5.0779E-09 3.9839E-09 3.0708E-09 2.3374E-09 1.7429E-09 1.2722E-09 9.1592E-10 6.3606E-10 4.3070E-10 2.7487E-10 1.6048E-10 6.7733E-11 3.2799E-11
8.2629E-12 2.2113E-11 5.1969E-11 1.0566E-10 1.7978E-10 2.7902E-10 4.1793E-10 6.0928E-10 8.6541E-10 1.2034E-09 1.6387E-09 2.1923E-09 2.8876E-09 3.7492E-09 4.7928E-09 6.0406E-09 7.5057E-09 9.1898E-09 1.1081E-08 1.3167E-08 1.5411E-08 1.7763E-08 2.0155E-08 2.2508E-08 2.4740E-08 2.6760E-08 2.8480E-08 2.9820E-08 3.0714E-08 3.1118E-08 3.1008E-08 3.0390E-08 2.9295E-08 2.7776E-08 2.5905E-08 2.3766E-08 2.1449E-08 1.9044E-08 1.6633E-08 1.4295E-08 1.2093E-08 1.0069E-08 8.2533E-09 6.6574E-09 5.2864E-09 4.1322E-09 3.1748E-09 2.4014E-09 1.7860E-09 1.2882E-09 9.2493E-10 6.4121E-10 4.2792E-10 2.7284E-10 1.5984E-10 6.6343E-11 3.1630E-11
1.1472E-12 1.4065E-11 3.4688E-11 8.8074E-11 1.6252E-10 2.5928E-10 3.9484E-10 5.8125E-10 8.3187E-10 1.1688E-09 1.6051E-09 2.1617E-09 2.8667E-09 3.7430E-09 4.8142E-09 6.1020E-09 7.6197E-09 9.3723E-09 1.1360E-08 1.3562E-08 1.5942E-08 1.8442E-08 2.1003E-08 2.3541E-08 2.5959E-08 2.8158E-08 3.0040E-08 3.1515E-08 3.2511E-08 3.2978E-08 3.2891E-08 3.2253E-08 3.1096E-08 2.9477E-08 2.7471E-08 2.5171E-08 2.2679E-08 2.0097E-08 1.7518E-08 1.5021E-08 1.2670E-08 1.0518E-08 8.5904E-09 6.9069E-09 5.4645E-09 4.2517E-09 3.2562E-09 2.4464E-09 1.8139E-09 1.3095E-09 9.2690E-10 6.4278E-10 4.2272E-10 2.6568E-10 1.5702E-10 6.2295E-11 3.0697E-11
7.1172E-14 7.2995E-12 1.9506E-11 6.2040E-11 1.3793E-10 2.3515E-10 3.6765E-10 5.4819E-10 7.9161E-10 1.1198E-09 1.5536E-09 2.1103E-09 2.8184E-09 3.7030E-09 4.7919E-09 6.1067E-09 7.6648E-09 9.4808E-09 1.1549E-08 1.3851E-08 1.6352E-08 1.9003E-08 2.1730E-08 2.4443E-08 2.7037E-08 2.9409E-08 3.1452E-08 3.3070E-08 3.4180E-08 3.4723E-08 3.4667E-08 3.4012E-08 3.2793E-08 3.1073E-08 2.8939E-08 2.6491E-08 2.3836E-08 2.1084E-08 1.8333E-08 1.5676E-08 1.3185E-08 1.0907E-08 8.8773E-09 7.1079E-09 5.6032E-09 4.3447E-09 3.3050E-09 2.4782E-09 1.8129E-09 1.3085E-09 9.1195E-10 6.3143E-10 4.1347E-10 2.6005E-10 1.4644E-10 6.0971E-11 2.7638E-11
0.0000E+00 1.5038E-12 1.1583E-11 4.3562E-11 1.0242E-10 2.0570E-10 3.3423E-10 5.1054E-10 7.4699E-10 1.0624E-09 1.4879E-09 2.0384E-09 2.7428E-09 3.6303E-09 4.7252E-09 6.0543E-09 7.6461E-09 9.5090E-09 1.1639E-08 1.4029E-08 1.6645E-08 1.9430E-08 2.2304E-08 2.5179E-08 2.7952E-08 3.0503E-08 3.2717E-08 3.4480E-08 3.5703E-08 3.6323E-08 3.6302E-08 3.5641E-08 3.4374E-08 3.2567E-08 3.0308E-08 2.7709E-08 2.4891E-08 2.1972E-08 1.9060E-08 1.6251E-08 1.3624E-08 1.1234E-08 9.1099E-09 7.2676E-09 5.7016E-09 4.4012E-09 3.3354E-09 2.4821E-09 1.8095E-09 1.2941E-09 8.9714E-10 6.1434E-10 3.9846E-10 2.4360E-10 1.3631E-10 5.5441E-11 2.4188E-11
0.0000E+00 0.0000E+00 4.0270E-12 2.5690E-11 7.9154E-11 1.6779E-10 2.9709E-10 4.6730E-10 6.9598E-10 9.9782E-10 1.4098E-09 1.9471E-09 2.6456E-09 3.5251E-09 4.6149E-09 5.9530E-09 7.5612E-09 9.4508E-09 1.1636E-08 1.4100E-08 1.6811E-08 1.9709E-08 2.2729E-08 2.5770E-08 2.8716E-08 3.1440E-08 3.3817E-08 3.5727E-08 3.7076E-08 3.7784E-08 3.7809E-08 3.7145E-08 3.5830E-08 3.3934E-08 3.1556E-08 2.8815E-08 2.5840E-08 2.2762E-08 1.9695E-08 1.6745E-08 1.3991E-08 1.1491E-08 9.2802E-09 7.3712E-09 5.7610E-09 4.4258E-09 3.3378E-09 2.4654E-09 1.7901E-09 1.2630E-09 8.7186E-10 5.9175E-10 3.8019E-10 2.2607E-10 1.2243E-10 5.0543E-11 2.0279E-11
0.0000E+00 0.0000E+00 2.2734E-12 8.6316E-12 5.3838E-11 1.3308E-10 2.4883E-10 4.1990E-10 6.4011E-10 9.2980E-10 1.3236E-09 1.8428E-09 2.5253E-09 3.3889E-09 4.4703E-09 5.8025E-09 7.4083E-09 9.3200E-09 1.1540E-08 1.4058E-08 1.6843E-08 1.9850E-08 2.2997E-08 2.6181E-08 2.9283E-08 3.2176E-08 3.4721E-08 3.6787E-08 3.8262E-08 3.9061E-08 3.9137E-08 3.8483E-08 3.7134E-08 3.5165E-08 3.2678E-08 2.9803E-08 2.6679E-08 2.3446E-08 2.0230E-08 1.7143E-08 1.4272E-08 1.1677E-08 9.3922E-09 7.4281E-09 5.7731E-09 4.4169E-09 3.3028E-09 2.4283E-09 1.7485E-09 1.2233E-09 8.3293E-10 5.6259E-10 3.5306E-10 2.0336E-10 1.0910E-10 4.4439E-11 1.6056E-11
0.0000E+00 0.0000E+00 0.0000E+00 5.1832E-12 3.0640E-11 9.6038E-11 2.0269E-10 3.6126E-10 5.7903E-10 8.5715E-10 1.2298E-09 1.7280E-09 2.3840E-09 3.2301E-09 4.2903E-09 5.6012E-09 7.2022E-09 9.1179E-09 1.1353E-08 1.3906E-08 1.6756E-08 1.9851E-08 2.3106E-08 2.6423E-08 2.9684E-08 3.2743E-08 3.5454E-08 3.7670E-08 3.9273E-08 4.0176E-08 4.0313E-08 3.9675E-08 3.8297E-08 3.6257E-08 3.3666E-08 3.0664E-08 2.7398E-08 2.4021E-08 2.0668E-08 1.7457E-08 1.4476E-08 1.1791E-08 9.4382E-09 7.4250E-09 5.7439E-09 4.3653E-09 3.2507E-09 2.3601E-09 1.6931E-09 1.1633E-09 7.8411E-10 5.2312E-10 3.2082E-10 1.8232E-10 9.6177E-11 3.6242E-11 1.2360E-11
0.0000E+00 0.0000E+00 0.0000E+00 3.5625E-12 9.3988E-12 6.8054E-11 1.5888E-10 3.0041E-10 5.0786E-10 7.7638E-10 1.1312E-09 1.6048E-09 2.2299E-09 3.0527E-09 4.0825E-09 5.3662E-09 6.9465E-09 8.8441E-09 1.1080E-08 1.3658E-08 1.6552E-08 1.9706E-08 2.3057E-08 2.6498E-08 2.9898E-08 3.3112E-08 3.5981E-08 3.8355E-08 4.0098E-08 4.1106E-08 4.1314E-08 4.0705E-08 3.9310E-08 3.7213E-08 3.4531E-08 3.1410E-08 2.8010E-08 2.4493E-08 2.1006E-08 1.7675E-08 1.4597E-08 1.1835E-08 9.4248E-09 7.3743E-09 5.6712E-09 4.2851E-09 3.1604E-09 2.2731E-09 1.6163E-09 1.0912E-09 7.2862E-10 4.7830E-10 2.8683E-10 1.5785E-10 7.9217E-11 2.8396E-11 8.6146E-12
0.0000E+00 0.0000E+00 0.0000E+00 6.1478E-13 6.0051E-12 3.5086E-11 1.1814E-10 2.4492E-10 4.2884E-10 6.8879E-10 1.0276E-09 1.4754E-09 2.0698E-09 2.8519E-09 3.8467E-09 5.0953E-09 6.6394E-09 8.5106E-09 1.0738E-08 1.3318E-08 1.6226E-08 1.9437E-08 2.2870E-08 2.6416E-08 2.9943E-08 3.3301E-08 3.6328E-08 3.8858E-08 4.0739E-08 4.1860E-08 4.2146E-08 4.1573E-08 4.0171E-08 3.8025E-08 3.5259E-08 3.2028E-08 2.8505E-08 2.4861E-08 2.1253E-08 1.7814E-08 1.4644E-08 1.1811E-08 9.3513E-09 7.2715E-09 5.5527E-09 4.1644E-09 3.0429E-09 2.1825E-09 1.5141E-09 1.0136E-09 6.6243E-10 4.2586E-10 2.4946E-10 1.3629E-10 6.3503E-11 2.0795E-11 5.5330E-12
0.0000E+00 0.0000E+00 0.0000E+00 0.0000E+00 2.1200E-12 9.3965E-12 7.5387E-11 1.8822E-10 3.5991E-10 5.9049E-10 9.1778E-10 1.3389E-09 1.9018E-09 2.6380E-09 3.5984E-09 4.8010E-09 6.2971E-09 8.1326E-09 1.0328E-08 1.2886E-08 1.5811E-08 1.9055E-08 2.2542E-08 2.6170E-08 2.9816E-08 3.3314E-08 3.6492E-08 3.9174E-08 4.1200E-08 4.2442E-08 4.2815E-08 4.2289E-08 4.0891E-08 3.8704E-08 3.5865E-08 3.2535E-08 2.8894E-08 2.5128E-08 2.1404E-08 1.7863E-08 1.4611E-08 1.1719E-08 9.2214E-09 7.1233E-09 5.4052E-09 4.0229E-09 2.9068E-09 2.0533E-09 1.4079E-09 9.3233E-10 5.8869E-10 3.7346E-10 2.1467E-10 1.0927E-10 4.6509E-11 1.3871E-11 2.8695E-12
0.0000E+00 0.0000E+00 0.0000E+00 0.0000E+00 4.4948E-13 4.4151E-12 3.4451E-11 1.3426E-10 2.8469E-10 5.0003E-10 7.9610E-10 1.2012E-09 1.7290E-09 2.4203E-09 3.3303E-09 4.4761E-09 5.9233E-09 7.7074E-09 9.8534E-09 1.2391E-08 1.5304E-08 1.8553E-08 2.2082E-08 2.5792E-08 2.9542E-08 3.3167E-08 3.6485E-08 3.9316E-08 4.1482E-08 4.2843E-08 4.3309E-08 4.2844E-08 4.1465E-08 3.9251E-08 3.6344E-08 3.2919E-08 2.9170E-08 2.5291E-08 2.1463E-08 1.7834E-08 1.4514E-08 1.1573E-08 9.0454E-09 6.9347E-09 5.2151E-09 3.8498E-09 2.7451E-09 1.9153E-09 1.2847E-09 8.4115E-10 5.1497E-10 3.1825E-10 1.7708E-10 8.4725E-11 3.2653E-11 8.2811E-12 1.0096E-12
0.0000E+00 0.0000E+00 0.0000E+00 0.0000E+00 0.0000E+00 1.3741E-12 6.8835E-12 7.9124E-11 2.2159E-10 4.0795E-10 6.7897E-10 1.0512E-09 1.5500E-09 2.1996E-09 3.0506E-09 4.1457E-09 5.5309E-09 7.2471E-09 9.3410E-09 1.1832E-08 1.4708E-08 1.7958E-08 2.1518E-08 2.5284E-08 2.9113E-08 3.2850E-08 3.6308E-08 3.9293E-08 4.1612E-08 4.3113E-08 4.3685E-08 4.3281E-08 4.1919E-08 3.9684E-08 3.6720E-08 3.3213E-08 2.9365E-08 2.5380E-08 2.1449E-08 1.7731E-08 1.4342E-08 1.1360E-08 8.8161E-09 6.7082E-09 5.0055E-09 3.6578E-09 2.5772E-09 1.7627E-09 1.1535E-09 7.4473E-10 4.4041E-10 2.6756E-10 1.4196E-10 6.3189E-11 2.0623E-11 3.2678E-12 3.7217E-14
0.0000E+00 0.0000E+00 0.0000E+00 0.0000E+00 0.0000E+00 0.0000E+00 1.6494E-12 3.3146E-11 1.4176E-10 3.2594E-10 5.6792E-10 9.0374E-10 1.3647E-09 1.9761E-09 2.7684E-09 3.7986E-09 5.1098E-09 6.7574E-09 8.7851E-09 1.1211E-08 1.4052E-08 1.7284E-08 2.0847E-08 2.4645E-08 2.8560E-08 3.2414E-08 3.6011E-08 3.9144E-08 4.1611E-08 4.3244E-08 4.3921E-08 4.3589E-08 4.2264E-08 4.0023E-08 3.7012E-08 3.3424E-08 2.9472E-08 2.5384E-08 2.1361E-08 1.7571E-08 1.4133E-08 1.1116E-08 8.5583E-09 6.4527E-09 4.7713E-09 3.4365E-09 2.3890E-09 1.5883E-09 1.0250E-09 6.4349E-10 3.6631E-10 2.1601E-10 1.0682E-10 4.2383E-11 1.1404E-11 1.0386E-12 0.0000E+00
0.0000E+00 0.0000E+00 0.0000E+00 0.0000E+00 0.0000E+00 0.0000E+00 4.2538E-13 6.4795E-12 7.8260E-11 2.2392E-10 4.5462E-10 7.6283E-10 1.1757E-09 1.7463E-09 2.4865E-09 3.4499E-09 4.6865E-09 6.2563E-09 8.1972E-09 1.0550E-08 1.3334E-08 1.6527E-08 2.0081E-08 2.3919E-08 2.7901E-08 3.1852E-08 3.5570E-08 3.8848E-08 4.1475E-08 4.3262E-08 4.4071E-08 4.3827E-08 4.2538E-08 4.0288E-08 3.7226E-08 3.3562E-08 2.9525E-08 2.5343E-08 2.1226E-08 1.7358E-08 1.3863E-08 1.0822E-08 8.2615E-09 6.1734E-09 4.5149E-09 3.2043E-09 2.1817E-09 1.4334E-09 9.0836E-10 5.4696E-10 3.0117E-10 1.6845E-10 7.8960E-11 2.7309E-11 4.9334E-12 0.0000E+00 0.0000E+00
0.0000E+00 0.0000E+00 0.0000E+00 0.0000E+00 0.0000E+00 0.0000E+00 0.0000E+00 8.0126E-13 2.6627E-11 1.4119E-10 3.2714E-10 6.1503E-10 1.0031E-09 1.5171E-09 2.2043E-09 3.0940E-09 4.2497E-09 5.7290E-09 7.5800E-09 9.8566E-09 1.2571E-08 1.5712E-08 1.9253E-08 2.3105E-08 2.7137E-08 3.1186E-08 3.5046E-08 3.8485E-08 4.1276E-08 4.3209E-08 4.4141E-08 4.3984E-08 4.2743E-08 4.0498E-08 3.7401E-08 3.3663E-08 2.9529E-08 2.5248E-08 2.1045E-08 1.7110E-08 1.3576E-08 1.0513E-08 7.9555E-09 5.8827E-09 4.2470E-09 2.9547E-09 1.9809E-09 1.2732E-09 7.8845E-10 4.5149E-10 2.4599E-10 1.2666E-10 5.2424E-11 1.4726E-11 8.8465E-13 0.0000E+00 0.0000E+00
0.0000E+00 0.0000E+00 0.0000E+00 0.0000E+00 0.0000E+00 0.0000E+00 0.0000E+00 0.0000E+00 1.0878E-11 6.8231E-11 2.2046E-10 4.5755E-10 8.1672E-10 1.2929E-09 1.9192E-09 2.7430E-09 3.8202E-09 5.2047E-09 6.9623E-09 9.1400E-09 1.1760E-08 1.4844E-08 1.8352E-08 2.2203E-08 2.6293E-08 3.0439E-08 3.4426E-08 3.8017E-08 4.0972E-08 4.3078E-08 4.4159E-08 4.4114E-08 4.2931E-08 4.0689E-08 3.7548E-08 3.3735E-08 2.9511E-08 2.5137E-08 2.0848E-08 1.6841E-08 1.3256E-08 1.0177E-08 7.6216E-09 5.5670E-09 3.9677E-09 2.7169E-09 1.7756E-09 1.1137E-09 6.7073E-10 3.6761E-10 1.9080E-10 8.7694E-11 3.2696E-11 5.9141E-12 0.0000E+00 0.0000E+00 0.0000E+00
0.0000E+00 0.0000E+00 0.0000E+00 0.0000E+00 0.0000E+00 0.0000E+00 0.0000E+00 0.0000E+00 0.0000E+00 2.9096E-11 1.2935E-10 3.2546E-10 6.2448E-10 1.0696E-09 1.6472E-09 2.3988E-09 3.3842E-09 4.6700E-09 6.3278E-09 8.3972E-09 1.0933E-08 1.3942E-08 1.7398E-08 2.1252E-08 2.5381E-08 2.9614E-08 3.3732E-08 3.7495E-08 4.0643E-08 4.2929E-08 4.4161E-08 4.4230E-08 4.3110E-08 4.0882E-08 3.7709E-08 3.3822E-08 2.9498E-08 2.5015E-08 2.0630E-08 1.6554E-08 1.2934E-08 9.8373E-09 7.2895E-09 5.2641E-09 3.6875E-09 2.4665E-09 1.5803E-09 9.6433E-10 5.6056E-10 2.8723E-10 1.4056E-10 5.7540E-11 1.6322E-11 7.3452E-13 0.0000E+00 0.0000E+00 0.0000E+00
0.0000E+00 0.0000E+00 0.0000E+00 0.0000E+00 0.0000E+00 0.0000E+00 0.0000E+00 0.0000E+00 0.0000E+00 1.0785E-11 4.9724E-11 2.0973E-10 4.4929E-10 8.2708E-10 1.3718E-09 2.0593E-09 2.9639E-09 4.1529E-09 5.7003E-09 7.6579E-09 1.0083E-08 1.2992E-08 1.6399E-08 2.0240E-08 2.4398E-08 2.8718E-08 3.2978E-08 3.6912E-08 4.0253E-08 4.2736E-08 4.4152E-08 4.4361E-08 4.3327E-08 4.1119E-08 3.7903E-08 3.3935E-08 2.9506E-08 2.4918E-08 2.0441E-08 1.6285E-08 1.2605E-08 9.4860E-09 6.9387E-09 4.9423E-09 3.4108E-09 2.2234E-09 1.3967E-09 8.2827E-10 4.5230E-10 2.1947E-10 9.6608E-11 3.3592E-11 5.1584E-12 0.0000E+00 0.0000E+00 0.0000E+00 0.0000E+00
0.0000E+00 0.0000E+00 0.0000E+00 0.0000E+00 0.0000E+00 0.0000E+00 0.0000E+00 0.0000E+00 0.0000E+00 0.0000E+00 2.7108E-11 1.0315E-10 3.0328E-10 6.0922E-10 1.0725E-09 1.7252E-09 2.5476E-09 3.6360E-09 5.0627E-09 6.9030E-09 9.2098E-09 1.2032E-08 1.5372E-08 1.9178E-08 2.3360E-08 2.7763E-08 3.2163E-08 3.6285E-08 3.9839E-08 4.2545E-08 4.4152E-08 4.4508E-08 4.3566E-08 4.1387E-08 3.8148E-08 3.4104E-08 2.9565E-08 2.4849E-08 2.0252E-08 1.6010E-08 1.2281E-08 9.1455E-09 6.6174E-09 4.6388E-09 3.1364E-09 1.9924E-09 1.2098E-09 6.9096E-10 3.5803E-10 1.6549E-10 5.8563E-11 1.4412E-11 8.3514E-13 0.0000E+00 0.0000E+00 0.0000E+00 0.0000E+00
0.0000E+00 0.0000E+00 0.0000E+00 0.0000E+00 0.0000E+00 0.0000E+00 0.0000E+00 0.0000E+00 0.0000E+00 0.0000E+00 6.4136E-12 4.5302E-11 1.8199E-10 4.3097E-10 8.0415E-10 1.3877E-09 2.1382E-09 3.1315E-09 4.4481E-09 6.1640E-09 8.3416E-09 1.1049E-08 1.4296E-08 1.8066E-08 2.2271E-08 2.6757E-08 3.1296E-08 3.5614E-08 3.9395E-08 4.2337E-08 4.4178E-08 4.4727E-08 4.3906E-08 4.1769E-08 3.8497E-08 3.4356E-08 2.9688E-08 2.4840E-08 2.0125E-08 1.5782E-08 1.1984E-08 8.8165E-09 6.2848E-09 4.3377E-09 2.8736E-09 1.7634E-09 1.0440E-09 5.7431E-10 2.6972E-10 1.0947E-10 3.0106E-11 4.1643E-12 0.0000E+00 0.0000E+00 0.0000E+00 0.0000E+00 0.0000E+00
