Assets/Resources/2015_m01_d23_2300(utc+0800)_l00_csi_1hr_conc.grd
DSAA
         159         159
     -79.000      79.000
     -79.000      79.000
  0.3836E-10  0.2494E-04
[rows 50 to 74 of 159, columns 57 to 113 of 159]
4.1453E-10 4.2426E-10 4.3412E-10 4.4410E-10 4.5421E-10 4.6444E-10 4.7479E-10 4.8526E-10 4.9584E-10 5.0746E-10 5.2527E-10 5.4376E-10 5.6021E-10 5.8709E-10 6.0890E-10 6.2856E-10 6.4993E-10 6.6980E-10 6.9050E-10 7.1202E-10 7.3743E-10 7.6671E-10 7.9228E-10 8.1963E-10 8.5562E-10 8.8560E-10 9.1628E-10 9.4773E-10 9.7978E-10 1.0123E-09 1.0450E-09 1.0778E-09 1.1817E-09 1.3134E-09 1.3622E-09 1.4099E-09 1.4612E-09 1.5334E-09 1.5948E-09 1.6503E-09 1.8803E-09 1.9373E-09 1.9856E-09 2.0276E-09 2.0627E-09 2.0623E-09 2.0329E-09 1.9853E-09 1.9662E-09 1.9729E-09 1.9746E-09 1.9715E-09 1.9655E-09 1.9548E-09 1.9410E-09 1.9249E-09 1.8487E-09
4.1728E-10 4.2708E-10 4.3701E-10 4.4707E-10 4.5725E-10 4.6756E-10 4.7798E-10 4.8852E-10 5.0029E-10 5.1790E-10 5.3609E-10 5.5370E-10 5.8009E-10 6.0215E-10 6.2229E-10 6.4395E-10 6.6433E-10 6.8564E-10 7.0789E-10 7.3531E-10 7.6481E-10 7.9168E-10 8.2376E-10 8.5926E-10 8.9125E-10 9.2440E-10 9.5859E-10 9.9369E-10 1.0295E-09 1.0659E-09 1.2185E-09 1.3194E-09 1.3776E-09 1.4360E-09 1.5308E-09 1.7316E-09 1.8232E-09 1.9128E-09 1.9909E-09 2.0652E-09 2.1345E-09 2.1975E-09 2.2518E-09 2.2976E-09 2.3345E-09 2.3621E-09 2.3785E-09 2.3865E-09 2.3869E-09 2.3779E-09 2.3607E-09 2.2698E-09 2.1540E-09 2.1225E-09 2.1015E-09 2.0766E-09 2.0497E-09
4.1996E-10 4.2983E-10 4.3983E-10 4.4996E-10 4.6021E-10 4.7058E-10 4.8108E-10 4.9273E-10 5.0998E-10 5.2780E-10 5.4642E-10 5.7202E-10 5.9486E-10 6.1514E-10 6.3724E-10 6.5807E-10 6.7992E-10 7.0283E-10 7.3155E-10 7.6171E-10 7.8980E-10 8.2607E-10 8.6120E-10 8.9534E-10 9.3094E-10 9.6792E-10 1.0061E-09 1.0454E-09 1.1832E-09 1.3079E-09 1.3748E-09 1.4780E-09 1.6963E-09 1.7878E-09 1.8793E-09 1.9670E-09 2.0914E-09 2.2133E-09 2.3086E-09 2.4022E-09 2.4907E-09 2.5639E-09 2.6259E-09 2.6744E-09 2.7128E-09 2.7386E-09 2.7518E-09 2.7512E-09 2.7343E-09 2.7018E-09 2.6640E-09 2.6240E-09 2.5775E-09 2.5273E-09 2.4027E-09 2.2545E-09 2.2169E-09
4.2256E-10 4.3250E-10 4.4257E-10 4.5276E-10 4.6308E-10 4.7353E-10 4.8481E-10 5.0148E-10 5.1887E-10 5.3881E-10 5.6304E-10 5.8702E-10 6.0713E-10 6.2980E-10 6.5098E-10 6.7330E-10 6.9678E-10 7.2609E-10 7.5729E-10 7.8718E-10 8.2599E-10 8.6137E-10 8.9757E-10 9.3556E-10 9.7528E-10 1.0166E-09 1.1052E-09 1.2786E-09 1.3520E-09 1.5052E-09 1.7011E-09 1.8114E-09 1.9218E-09 2.0444E-09 2.1711E-09 2.2958E-09 2.4402E-09 2.5664E-09 2.6820E-09 2.7898E-09 2.8877E-09 2.9722E-09 3.0430E-09 3.0987E-09 3.1367E-09 3.1607E-09 3.1686E-09 3.1610E-09 3.1373E-09 3.1013E-09 3.0547E-09 2.9933E-09 2.9140E-09 2.8397E-09 2.7661E-09 2.6871E-09 2.5572E-09
4.2509E-10 4.3509E-10 4.4522E-10 4.5548E-10 4.6587E-10 4.7658E-10 4.9276E-10 5.0957E-10 5.3057E-10 5.5328E-10 5.7851E-10 5.9837E-10 6.2162E-10 6.4307E-10 6.6575E-10 6.8971E-10 7.1896E-10 7.5149E-10 7.8285E-10 8.2325E-10 8.5956E-10 8.9765E-10 9.3789E-10 9.8025E-10 1.0246E-09 1.1830E-09 1.3099E-09 1.4483E-09 1.6721E-09 1.7966E-09 1.9242E-09 2.0728E-09 2.2246E-09 2.3737E-09 2.5155E-09 2.6785E-09 2.8437E-09 2.9908E-09 3.1370E-09 3.2672E-09 3.3821E-09 3.4789E-09 3.5602E-09 3.6222E-09 3.6638E-09 3.6828E-09 3.6835E-09 3.6647E-09 3.6269E-09 3.5690E-09 3.4971E-09 3.4184E-09 3.3293E-09 3.2305E-09 3.1171E-09 3.0081E-09 2.9092E-09
4.2753E-10 4.3760E-10 4.4779E-10 4.5811E-10 4.6857E-10 4.8387E-10 4.9997E-10 5.2114E-10 5.4286E-10 5.6864E-10 5.8888E-10 6.1237E-10 6.3434E-10 6.5728E-10 6.8160E-10 7.1029E-10 7.4425E-10 7.7640E-10 8.1773E-10 8.5560E-10 8.9539E-10 9.3768E-10 9.8247E-10 1.0477E-09 1.2436E-09 1.3412E-09 1.5890E-09 1.7432E-09 1.8841E-09 2.0426E-09 2.2245E-09 2.3973E-09 2.5706E-09 2.7461E-09 2.9274E-09 3.1647E-09 3.3650E-09 3.5481E-09 3.7206E-09 3.8786E-09 4.0171E-09 4.1342E-09 4.2274E-09 4.2930E-09 4.3342E-09 4.3486E-09 4.3367E-09 4.2884E-09 4.2123E-09 4.1349E-09 4.0410E-09 3.9343E-09 3.8144E-09 3.6830E-09 3.5464E-09 3.4064E-09 3.2570E-09
4.2989E-10 4.4002E-10 4.5027E-10 4.6066E-10 4.7470E-10 4.9061E-10 5.1081E-10 5.3264E-10 5.5727E-10 5.7889E-10 6.0178E-10 6.2483E-10 6.4791E-10 6.7247E-10 7.0024E-10 7.3559E-10 7.6787E-10 8.0954E-10 8.4940E-10 8.9062E-10 9.3470E-10 9.8167E-10 1.0706E-09 1.2632E-09 1.4156E-09 1.6556E-09 1.8039E-09 1.9631E-09 2.1618E-09 2.3586E-09 2.5575E-09 2.7685E-09 3.0055E-09 3.2383E-09 3.4725E-09 3.7243E-09 3.9636E-09 4.1878E-09 4.3978E-09 4.5889E-09 4.7548E-09 4.8932E-09 5.0010E-09 5.0761E-09 5.1155E-09 5.1231E-09 5.0978E-09 5.0412E-09 4.9545E-09 4.8427E-09 4.6997E-09 4.5413E-09 4.3840E-09 4.2169E-09 4.0443E-09 3.8687E-09 3.6960E-09
4.3217E-10 4.4235E-10 4.5267E-10 4.6533E-10 4.8144E-10 4.9932E-10 5.2282E-10 5.4473E-10 5.6899E-10 5.9056E-10 6.1458E-10 6.3768E-10 6.6235E-10 6.8891E-10 7.2361E-10 7.5758E-10 7.9888E-10 8.4092E-10 8.8328E-10 9.2882E-10 9.7764E-10 1.0787E-09 1.2688E-09 1.4691E-09 1.6900E-09 1.8515E-09 2.0361E-09 2.2603E-09 2.4756E-09 2.7107E-09 2.9754E-09 3.2488E-09 3.5194E-09 3.7947E-09 4.1003E-09 4.4048E-09 4.6910E-09 4.9649E-09 5.2203E-09 5.6997E-09 5.9286E-09 6.2516E-09 6.3953E-09 6.4677E-09 6.8147E-09 6.7007E-09 6.4869E-09 6.1431E-09 5.8144E-09 5.6648E-09 5.4926E-09 5.2980E-09 5.0785E-09 4.8509E-09 4.6329E-09 4.4091E-09 4.1917E-09
4.3437E-10 4.4460E-10 4.5583E-10 4.7210E-10 4.8738E-10 5.1140E-10 5.3190E-10 5.5756E-10 5.7888E-10 6.0360E-10 6.2666E-10 6.5130E-10 6.7768E-10 7.1019E-10 7.4638E-10 7.8603E-10 8.3019E-10 8.7335E-10 9.1999E-10 9.7029E-10 1.0717E-09 1.2670E-09 1.4979E-09 1.7106E-09 1.8846E-09 2.0934E-09 2.3329E-09 2.5779E-09 2.8507E-09 3.1591E-09 3.4658E-09 3.7874E-09 4.1201E-09 4.4614E-09 4.8369E-09 5.2068E-09 5.7833E-09 6.3773E-09 6.7866E-09 7.1572E-09 7.4753E-09 7.7273E-09 8.9617E-09 9.0102E-09 8.9304E-09 8.6802E-09 8.2855E-09 7.9999E-09 7.6464E-09 7.1492E-09 6.5205E-09 6.1709E-09 5.9033E-09 5.6185E-09 5.3165E-09 5.0343E-09 4.7560E-09
4.3647E-10 4.4676E-10 4.6180E-10 4.7672E-10 4.9906E-10 5.2006E-10 5.4410E-10 5.6699E-10 5.9053E-10 6.1490E-10 6.3938E-10 6.6567E-10 6.9582E-10 7.3371E-10 7.7134E-10 8.1731E-10 8.6091E-10 9.0827E-10 9.5960E-10 1.0519E-09 1.2576E-09 1.4999E-09 1.7162E-09 1.9035E-09 2.1280E-09 2.3852E-09 2.6575E-09 2.9652E-09 3.3050E-09 3.6563E-09 4.0304E-09 4.4236E-09 4.8310E-09 5.2598E-09 5.9108E-09 6.6932E-09 7.2789E-09 7.8583E-09 8.4110E-09 8.9118E-09 1.1582E-08 1.1952E-08 1.2126E-08 1.2078E-08 1.1782E-08 1.1330E-08 1.0877E-08 1.0322E-08 9.6396E-09 8.9514E-09 8.3834E-09 7.6836E-09 6.8553E-09 6.5024E-09 6.1431E-09 5.7716E-09 5.4147E-09
4.3849E-10 4.5148E-10 4.6706E-10 4.8539E-10 5.0862E-10 5.2990E-10 5.5511E-10 5.7720E-10 6.0251E-10 6.2671E-10 6.5276E-10 6.8081E-10 7.1703E-10 7.5518E-10 8.0076E-10 8.4611E-10 8.9378E-10 9.4569E-10 1.0203E-09 1.2241E-09 1.4767E-09 1.7069E-09 1.9048E-09 2.1378E-09 2.4147E-09 2.7060E-09 3.0459E-09 3.4169E-09 3.8110E-09 4.2366E-09 4.6907E-09 5.1689E-09 5.7040E-09 6.6941E-09 7.4360E-09 8.2047E-09 8.9964E-09 9.8892E-09 1.4317E-08 1.5863E-08 1.6620E-08 1.7010E-08 1.7090E-08 1.7366E-08 1.6756E-08 1.5788E-08 1.4480E-08 1.3347E-08 1.2355E-08 1.1388E-08 1.0373E-08 9.4888E-09 8.6934E-09 7.7340E-09 7.0832E-09 6.6589E-09 6.2747E-09
4.4120E-10 4.5728E-10 4.7254E-10 4.9627E-10 5.1607E-10 5.4059E-10 5.6365E-10 5.8835E-10 6.1337E-10 6.3905E-10 6.6677E-10 6.9939E-10 7.3896E-10 7.8130E-10 8.2915E-10 8.7672E-10 9.2876E-10 9.8558E-10 1.1691E-09 1.4317E-09 1.6829E-09 1.8876E-09 2.1248E-09 2.4155E-09 2.7245E-09 3.0876E-09 3.4888E-09 3.9215E-09 4.3952E-09 4.9078E-09 5.4560E-09 6.1303E-09 7.1953E-09 8.1019E-09 9.0842E-09 1.0433E-08 1.6181E-08 1.8930E-08 2.0874E-08 2.2491E-08 2.3676E-08 2.5974E-08 2.5933E-08 2.5238E-08 2.3856E-08 2.2108E-08 2.0395E-08 1.8475E-08 1.6314E-08 1.4435E-08 1.3063E-08 1.1742E-08 1.0526E-08 9.5960E-09 8.6038E-09 7.8470E-09 7.4150E-09
4.4617E-10 4.6085E-10 4.8158E-10 5.0360E-10 5.2565E-10 5.5038E-10 5.7342E-10 5.9948E-10 6.2466E-10 6.5190E-10 6.8141E-10 7.1975E-10 7.6091E-10 8.1006E-10 8.5737E-10 9.0907E-10 9.6578E-10 1.1060E-09 1.3696E-09 1.6452E-09 1.8524E-09 2.0914E-09 2.3847E-09 2.7117E-09 3.0885E-09 3.5168E-09 3.9819E-09 4.4976E-09 5.0634E-09 5.6772E-09 6.4439E-09 7.6214E-09 8.6620E-09 9.9802E-09 1.3297E-08 2.0319E-08 2.3645E-08 2.6923E-08 2.9921E-08 3.6211E-08 3.7979E-08 3.8685E-08 3.8250E-08 3.6704E-08 3.4487E-08 3.1727E-08 2.8490E-08 2.5136E-08 2.2211E-08 1.9321E-08 1.6487E-08 1.4642E-08 1.3083E-08 1.1714E-08 1.0688E-08 9.5683E-09 8.7024E-09
4.5125E-10 4.6751E-10 4.9039E-10 5.1069E-10 5.3493E-10 5.5859E-10 5.8378E-10 6.0973E-10 6.3635E-10 6.6524E-10 6.9909E-10 7.4061E-10 7.8587E-10 8.3604E-10 8.8697E-10 9.4306E-10 1.0398E-09 1.2963E-09 1.5921E-09 1.8004E-09 2.0408E-09 2.3289E-09 2.6681E-09 3.0499E-09 3.4992E-09 3.9888E-09 4.5382E-09 5.1488E-09 5.8202E-09 6.6262E-09 7.8892E-09 9.0749E-09 1.1855E-08 1.8098E-08 2.3840E-08 2.8564E-08 3.3607E-08 4.4946E-08 5.0626E-08 5.4627E-08 5.6969E-08 5.8081E-08 5.6965E-08 5.4222E-08 5.0131E-08 4.5217E-08 4.0040E-08 3.4888E-08 2.9850E-08 2.5640E-08 2.1993E-08 1.8553E-08 1.6262E-08 1.4426E-08 1.2837E-08 1.1618E-08 1.0330E-08
4.5459E-10 4.7572E-10 4.9684E-10 5.1908E-10 5.4377E-10 5.6751E-10 5.9438E-10 6.2027E-10 6.4840E-10 6.7901E-10 7.1788E-10 7.6147E-10 8.1274E-10 8.6286E-10 9.1785E-10 9.7854E-10 1.1663E-09 1.4804E-09 1.7341E-09 1.9716E-09 2.2511E-09 2.5916E-09 2.9752E-09 3.4368E-09 3.9417E-09 4.5147E-09 5.1592E-09 5.8770E-09 1.0623E-08 1.4559E-08 1.8937E-08 2.4099E-08 2.1396E-08 2.6860E-08 3.4684E-08 5.0209E-08 6.1773E-08 7.0550E-08 7.8595E-08 8.4139E-08 8.7031E-08 8.7208E-08 8.4560E-08 7.9290E-08 7.2562E-08 6.4630E-08 5.6193E-08 4.8036E-08 4.0687E-08 3.4040E-08 2.8565E-08 2.4100E-08 2.0075E-08 1.7484E-08 1.5401E-08 1.3701E-08 1.2309E-08
4.6093E-10 4.8294E-10 5.0353E-10 5.2712E-10 5.5183E-10 5.7678E-10 6.0380E-10 6.3107E-10 6.6078E-10 6.9468E-10 7.3764E-10 7.8434E-10 8.3713E-10 8.9061E-10 9.4984E-10 1.0722E-09 1.3647E-09 1.6559E-09 1.8860E-09 2.1581E-09 2.4837E-09 2.8691E-09 3.3225E-09 3.8432E-09 4.4285E-09 5.0942E-09 5.8447E-09 9.5303E-09 1.4292E-08 2.0467E-08 3.0462E-08 3.9514E-08 5.1827E-08 6.1122E-08 7.9078E-08 8.0494E-08 9.4292E-08 1.0715E-07 1.1814E-07 1.2561E-07 1.2937E-07 1.2867E-07 1.2365E-07 1.1516E-07 1.0387E-07 9.1185E-08 7.8298E-08 6.5806E-08 5.4513E-08 4.4923E-08 3.6749E-08 3.0342E-08 2.5236E-08 2.0924E-08 1.8223E-08 1.5996E-08 1.4291E-08
4.6787E-10 4.8845E-10 5.1087E-10 5.3535E-10 5.5943E-10 5.8640E-10 6.1340E-10 6.4209E-10 6.7342E-10 7.1138E-10 7.5653E-10 8.0839E-10 8.6183E-10 9.1915E-10 9.8502E-10 1.2068E-09 1.5416E-09 1.7888E-09 2.0512E-09 2.3588E-09 2.7365E-09 3.1742E-09 3.6986E-09 4.2844E-09 5.0427E-09 6.6357E-09 7.9962E-09 1.6804E-08 3.1789E-08 4.3261E-08 5.3055E-08 6.3661E-08 8.0301E-08 9.8133E-08 1.1515E-07 1.3350E-07 1.5215E-07 1.5907E-07 1.7423E-07 1.8504E-07 1.8880E-07 1.8615E-07 1.7730E-07 1.6330E-07 1.4590E-07 1.2650E-07 1.0685E-07 8.8544E-08 7.2089E-08 5.8124E-08 4.6817E-08 3.7646E-08 3.0837E-08 2.5383E-08 2.1250E-08 1.8505E-08 1.6264E-08
4.7380E-10 4.9476E-10 5.1743E-10 5.4232E-10 5.6750E-10 5.9555E-10 6.2312E-10 6.5326E-10 6.8625E-10 7.2864E-10 7.7668E-10 8.3198E-10 8.8702E-10 9.4840E-10 1.0740E-09 1.3880E-09 1.6835E-09 1.9323E-09 2.2250E-09 2.5752E-09 3.0009E-09 3.6551E-09 4.6115E-09 5.8730E-09 7.5134E-09 1.5690E-08 2.0953E-08 4.4271E-08 6.3126E-08 8.0934E-08 9.7329E-08 9.9628E-08 1.1863E-07 1.4379E-07 1.7154E-07 1.9726E-07 2.2338E-07 2.4630E-07 2.5321E-07 2.6508E-07 2.6812E-07 2.6190E-07 2.4729E-07 2.2565E-07 1.9921E-07 1.7087E-07 1.4257E-07 1.1627E-07 9.3336E-08 7.3973E-08 5.8427E-08 4.6293E-08 3.6950E-08 3.0144E-08 2.4620E-08 2.1089E-08 1.8390E-08
4.7862E-10 5.0080E-10 5.2440E-10 5.4936E-10 5.7572E-10 6.0405E-10 6.3291E-10 6.6453E-10 7.0063E-10 7.4627E-10 7.9741E-10 8.5399E-10 9.1252E-10 9.7975E-10 1.1909E-09 1.5426E-09 1.8044E-09 2.0818E-09 2.4042E-09 2.8045E-09 3.3984E-09 5.3456E-09 9.4683E-09 1.3060E-08 1.7519E-08 2.5416E-08 4.3611E-08 6.9320E-08 9.7028E-08 1.2213E-07 1.5911E-07 1.8225E-07 2.0540E-07 2.1484E-07 2.4777E-07 2.8197E-07 3.1569E-07 3.4501E-07 3.6695E-07 3.6748E-07 3.6833E-07 3.5663E-07 3.3358E-07 3.0163E-07 2.6385E-07 2.2373E-07 1.8471E-07 1.4877E-07 1.1772E-07 9.2034E-08 7.1466E-08 5.5720E-08 4.3702E-08 3.5010E-08 2.8510E-08 2.3697E-08 2.0537E-08
4.8382E-10 5.0711E-10 5.3119E-10 5.5621E-10 5.8400E-10 6.1254E-10 6.4270E-10 6.7583E-10 7.1519E-10 7.6349E-10 8.1845E-10 8.7609E-10 9.3912E-10 1.0467E-09 1.3566E-09 1.6732E-09 1.9309E-09 2.2335E-09 2.9785E-09 4.5027E-09 6.4233E-09 9.2347E-09 1.3162E-08 1.8957E-08 2.6896E-08 3.9270E-08 8.2281E-08 1.3210E-07 1.7342E-07 2.0615E-07 2.3470E-07 2.6189E-07 2.9201E-07 3.2681E-07 3.6575E-07 3.9094E-07 4.3270E-07 4.6841E-07 4.9306E-07 5.0353E-07 4.8737E-07 4.6778E-07 4.3382E-07 3.8867E-07 3.3712E-07 2.8329E-07 2.3148E-07 1.8464E-07 1.4428E-07 1.1142E-07 8.5385E-08 6.5547E-08 5.0783E-08 3.9915E-08 3.2229E-08 2.6394E-08 2.2596E-08
4.8910E-10 5.1230E-10 5.3698E-10 5.6303E-10 5.9228E-10 6.2097E-10 6.5245E-10 6.8708E-10 7.2980E-10 7.8067E-10 8.3950E-10 8.9813E-10 9.6645E-10 1.1248E-09 1.4897E-09 1.7793E-09 2.0594E-09 2.5741E-09 3.8414E-09 5.7342E-09 8.4127E-09 1.2776E-08 1.9197E-08 3.2269E-08 5.4546E-08 7.6570E-08 1.4923E-07 2.1317E-07 2.6339E-07 3.0242E-07 3.3605E-07 3.6945E-07 4.0648E-07 4.4863E-07 4.9556E-07 5.4319E-07 5.7270E-07 6.1259E-07 6.3797E-07 6.4465E-07 6.3142E-07 5.8923E-07 5.4165E-07 4.8173E-07 4.1428E-07 3.4551E-07 2.7982E-07 2.2130E-07 1.7141E-07 1.3089E-07 9.9305E-08 7.5279E-08 5.7662E-08 4.4660E-08 3.5717E-08 2.9030E-08 2.4531E-08
4.9426E-10 5.1382E-10 5.4270E-10 5.6974E-10 5.9951E-10 6.2929E-10 6.6207E-10 6.9820E-10 7.4426E-10 7.9776E-10 8.5819E-10 9.2129E-10 9.9587E-10 1.2519E-09 1.6276E-09 1.8879E-09 2.2428E-09 3.2254E-09 4.8338E-09 7.3651E-09 1.3912E-08 2.2750E-08 3.6555E-08 5.6788E-08 8.4302E-08 1.4665E-07 2.4400E-07 3.3004E-07 3.8931E-07 4.3286E-07 4.6999E-07 5.0792E-07 5.5017E-07 5.9690E-07 6.4897E-07 7.0034E-07 7.4712E-07 7.6900E-07 7.9171E-07 7.9186E-07 7.6796E-07 7.2143E-07 6.4822E-07 5.7208E-07 4.8866E-07 4.0471E-07 3.2569E-07 2.5560E-07 1.9661E-07 1.4886E-07 1.1206E-07 8.4222E-08 6.3878E-08 4.9055E-08 3.8618E-08 3.1227E-08 2.6121E-08
4.9867E-10 5.1808E-10 5.4828E-10 5.7633E-10 6.0654E-10 6.3743E-10 6.7150E-10 7.0983E-10 7.5840E-10 8.1450E-10 8.7677E-10 9.4770E-10 1.0606E-09 1.3879E-09 1.7234E-09 1.9930E-09 2.5516E-09 3.8446E-09 6.4435E-09 1.1246E-08 1.9241E-08 3.2457E-08 5.3184E-08 8.3766E-08 1.2544E-07 2.3928E-07 3.8595E-07 4.9256E-07 5.5646E-07 5.9921E-07 6.3625E-07 6.7467E-07 7.1830E-07 7.6481E-07 8.1660E-07 8.6683E-07 9.1030E-07 9.4115E-07 9.4004E-07 9.2989E-07 8.9293E-07 8.3177E-07 7.4180E-07 6.4995E-07 5.5203E-07 4.5450E-07 3.6391E-07 2.8400E-07 2.1736E-07 1.6372E-07 1.2248E-07 9.1361E-08 6.8234E-08 5.1912E-08 4.0621E-08 3.2866E-08 2.7382E-08
5.0211E-10 5.2229E-10 5.5368E-10 5.8272E-10 6.1335E-10 6.4534E-10 6.8066E-10 7.2121E-10 7.7205E-10 8.3069E-10 9.0088E-10 9.7779E-10 1.1276E-09 1.5012E-09 1.8075E-09 2.1347E-09 3.0090E-09 4.7235E-09 8.2478E-09 1.4651E-08 2.5733E-08 4.4465E-08 7.4259E-08 1.1810E-07 1.8922E-07 3.8227E-07 5.8478E-07 7.0134E-07 7.6019E-07 7.9756E-07 8.2786E-07 8.5981E-07 8.9712E-07 9.3390E-07 9.7440E-07 1.0102E-06 1.0380E-06 1.0526E-06 1.0339E-06 1.0121E-06 9.6522E-07 8.9275E-07 8.0337E-07 6.9688E-07 5.9062E-07 4.8509E-07 3.8846E-07 3.0332E-07 2.3105E-07 1.7275E-07 1.2778E-07 9.4671E-08 7.0686E-08 5.3786E-08 4.1967E-08 3.3907E-08 2.8303E-08
5.0526E-10 5.2631E-10 5.5905E-10 5.8883E-10 6.1988E-10 6.5293E-10 6.8946E-10 7.3204E-10 7.8561E-10 8.5319E-10 9.2704E-10 1.0089E-09 1.2072E-09 1.5988E-09 1.8895E-09 2.3084E-09 3.3736E-09 5.6609E-09 1.0150E-08 1.8461E-08 3.3031E-08 5.8228E-08 9.8506E-08 1.5787E-07 2.8076E-07 5.9223E-07 8.4242E-07 9.4903E-07 9.8864E-07 1.0103E-06 1.0281E-06 1.0463E-06 1.0709E-06 1.0925E-06 1.1154E-06 1.1316E-06 1.1406E-06 1.1323E-06 1.1049E-06 1.0440E-06 9.7570E-07 8.8658E-07 7.8469E-07 6.6771E-07 5.6106E-07 4.5952E-07 3.6645E-07 2.8471E-07 2.1699E-07 1.6351E-07 1.2243E-07 9.1891E-08 6.9222E-08 5.3353E-08 4.2107E-08 3.4352E-08 2.8825E-08
