Assets/Resources/2015_m01_d05_0700(utc+0800)_l00_csi_1hr_conc.grd
DSAA
         159         159
     -79.000      79.000
     -79.000      79.000
  0.1962E-09  0.1360E-04
[rows 25 to 49 of 159, columns 0 to 56 of 159]
3.8484E-09 3.9059E-09 3.9914E-09 4.0505E-09 4.1095E-09 4.1861E-09 4.2458E-09 4.3053E-09 4.3829E-09 4.4429E-09 4.5026E-09 4.5715E-09 4.6412E-09 4.7003E-09 4.7687E-09 4.8268E-09 4.8958E-09 4.9529E-09 5.0095E-09 5.0906E-09 5.1480E-09 5.2035E-09 5.2582E-09 5.3117E-09 5.3639E-09 5.4144E-09 5.4637E-09 5.5123E-09 5.5593E-09 5.6044E-09 5.6486E-09 5.6905E-09 5.7294E-09 5.7673E-09 5.8115E-09 5.8528E-09 5.8903E-09 5.9254E-09 5.9563E-09 5.9855E-09 6.0141E-09 6.0409E-09 6.0643E-09 6.0861E-09 6.1046E-09 6.1173E-09 6.1242E-09 6.1241E-09 6.1193E-09 6.1080E-09 6.0917E-09 6.0703E-09 6.0480E-09 6.0221E-09 5.9906E-09 5.9540E-09 5.9120E-09
3.9223E-09 4.0094E-09 4.0704E-09 4.1314E-09 4.2099E-09 4.2719E-09 4.3338E-09 4.4137E-09 4.4761E-09 4.5382E-09 4.6096E-09 4.6714E-09 4.7439E-09 4.8153E-09 4.8766E-09 4.9486E-09 5.0089E-09 5.0687E-09 5.1531E-09 5.2138E-09 5.2730E-09 5.3314E-09 5.3890E-09 5.4450E-09 5.4993E-09 5.5526E-09 5.6057E-09 5.6571E-09 5.7066E-09 5.7553E-09 5.8017E-09 5.8453E-09 5.8887E-09 5.9302E-09 5.9767E-09 6.0219E-09 6.0649E-09 6.1056E-09 6.1454E-09 6.1843E-09 6.2198E-09 6.2535E-09 6.2828E-09 6.3065E-09 6.3239E-09 6.3381E-09 6.3485E-09 6.3518E-09 6.3507E-09 6.3428E-09 6.3289E-09 6.3085E-09 6.2851E-09 6.2596E-09 6.2284E-09 6.1913E-09 6.1488E-09
4.0050E-09 4.0873E-09 4.1504E-09 4.2219E-09 4.2948E-09 4.3589E-09 4.4408E-09 4.5057E-09 4.5704E-09 4.6445E-09 4.7090E-09 4.7841E-09 4.8483E-09 4.9225E-09 4.9975E-09 5.0609E-09 5.1241E-09 5.2120E-09 5.2760E-09 5.3388E-09 5.4006E-09 5.4621E-09 5.5220E-09 5.5801E-09 5.6376E-09 5.6954E-09 5.7514E-09 5.8051E-09 5.8584E-09 5.9097E-09 5.9577E-09 6.0064E-09 6.0531E-09 6.0979E-09 6.1469E-09 6.1998E-09 6.2524E-09 6.3053E-09 6.3539E-09 6.3994E-09 6.4380E-09 6.4730E-09 6.5025E-09 6.5293E-09 6.5544E-09 6.5760E-09 6.5933E-09 6.6041E-09 6.6069E-09 6.6014E-09 6.5889E-09 6.5700E-09 6.5455E-09 6.5205E-09 6.4892E-09 6.4514E-09 6.4071E-09
4.1010E-09 4.1660E-09 4.2311E-09 4.3143E-09 4.3807E-09 4.4557E-09 4.5321E-09 4.5992E-09 4.6660E-09 4.7427E-09 4.8204E-09 4.8876E-09 4.9647E-09 5.0427E-09 5.1094E-09 5.1756E-09 5.2666E-09 5.3339E-09 5.4004E-09 5.4657E-09 5.5313E-09 5.5952E-09 5.6571E-09 5.7186E-09 5.7808E-09 5.8411E-09 5.8988E-09 5.9575E-09 6.0136E-09 6.0673E-09 6.1205E-09 6.1718E-09 6.2214E-09 6.2759E-09 6.3345E-09 6.3967E-09 6.4580E-09 6.5151E-09 6.5681E-09 6.6164E-09 6.6628E-09 6.7046E-09 6.7450E-09 6.7818E-09 6.8146E-09 6.8396E-09 6.8589E-09 6.8702E-09 6.8746E-09 6.8720E-09 6.8617E-09 6.8457E-09 6.8220E-09 6.7979E-09 6.7679E-09 6.7311E-09 6.6875E-09
4.1784E-09 4.2455E-09 4.3305E-09 4.3989E-09 4.4674E-09 4.5545E-09 4.6241E-09 4.6936E-09 4.7729E-09 4.8532E-09 4.9230E-09 5.0030E-09 5.0838E-09 5.1535E-09 5.2229E-09 5.3048E-09 5.3877E-09 5.4580E-09 5.5266E-09 5.5960E-09 5.6637E-09 5.7293E-09 5.7951E-09 5.8616E-09 5.9263E-09 5.9887E-09 6.0523E-09 6.1133E-09 6.1717E-09 6.2296E-09 6.2869E-09 6.3451E-09 6.4116E-09 6.4735E-09 6.5346E-09 6.6003E-09 6.6654E-09 6.7312E-09 6.7954E-09 6.8550E-09 6.9118E-09 6.9619E-09 7.0062E-09 7.0439E-09 7.0771E-09 7.1047E-09 7.1266E-09 7.1464E-09 7.1584E-09 7.1642E-09 7.1599E-09 7.1470E-09 7.1284E-09 7.1073E-09 7.0808E-09 7.0461E-09 7.0021E-09
4.2563E-09 4.3342E-09 4.4136E-09 4.4843E-09 4.5735E-09 4.6454E-09 4.7173E-09 4.7990E-09 4.8711E-09 4.9543E-09 5.0371E-09 5.1209E-09 5.1937E-09 5.2660E-09 5.3511E-09 5.4369E-09 5.5109E-09 5.5826E-09 5.6559E-09 5.7279E-09 5.7973E-09 5.8671E-09 5.9377E-09 6.0067E-09 6.0734E-09 6.1417E-09 6.2082E-09 6.2711E-09 6.3342E-09 6.3979E-09 6.4730E-09 6.5442E-09 6.6107E-09 6.6755E-09 6.7393E-09 6.8120E-09 6.8923E-09 6.9707E-09 7.0414E-09 7.1056E-09 7.1662E-09 7.2226E-09 7.2740E-09 7.3206E-09 7.3660E-09 7.4084E-09 7.4429E-09 7.4713E-09 7.4912E-09 7.5016E-09 7.5039E-09 7.4980E-09 7.4828E-09 7.4613E-09 7.4363E-09 7.4027E-09 7.3578E-09
4.3434E-09 4.4246E-09 4.4974E-09 4.5792E-09 4.6627E-09 4.7371E-09 4.8211E-09 4.8960E-09 4.9816E-09 5.0670E-09 5.1425E-09 5.2293E-09 5.3046E-09 5.3812E-09 5.4815E-09 5.5592E-09 5.6345E-09 5.7109E-09 5.7871E-09 5.8602E-09 5.9340E-09 6.0085E-09 6.0823E-09 6.1532E-09 6.2262E-09 6.2974E-09 6.3650E-09 6.4332E-09 6.5108E-09 6.5943E-09 6.6703E-09 6.7408E-09 6.8102E-09 6.8889E-09 6.9690E-09 7.0477E-09 7.1297E-09 7.2109E-09 7.2885E-09 7.3663E-09 7.4416E-09 7.5116E-09 7.5812E-09 7.6411E-09 7.6957E-09 7.7476E-09 7.7884E-09 7.8224E-09 7.8478E-09 7.8614E-09 7.8684E-09 7.8680E-09 7.8562E-09 7.8353E-09 7.8121E-09 7.7775E-09 7.7323E-09
4.4317E-09 4.5066E-09 4.5818E-09 4.6760E-09 4.7527E-09 4.8295E-09 4.9164E-09 5.0044E-09 5.0925E-09 5.1709E-09 5.2605E-09 5.3390E-09 5.4183E-09 5.5217E-09 5.6023E-09 5.6815E-09 5.7608E-09 5.8412E-09 5.9185E-09 5.9960E-09 6.0741E-09 6.1525E-09 6.2278E-09 6.3048E-09 6.3809E-09 6.4534E-09 6.5267E-09 6.6195E-09 6.7088E-09 6.7864E-09 6.8630E-09 6.9446E-09 7.0375E-09 7.1239E-09 7.2043E-09 7.2853E-09 7.3726E-09 7.4720E-09 7.5666E-09 7.6606E-09 7.7508E-09 7.8322E-09 7.9112E-09 7.9815E-09 8.0458E-09 8.1048E-09 8.1574E-09 8.2018E-09 8.2389E-09 8.2656E-09 8.2814E-09 8.2880E-09 8.2825E-09 8.2651E-09 8.3776E-09 8.3462E-09 8.3021E-09
4.5119E-09 4.5891E-09 4.6850E-09 4.7640E-09 4.8432E-09 4.9325E-09 5.0125E-09 5.1035E-09 5.1947E-09 5.2869E-09 5.3684E-09 5.4504E-09 5.5447E-09 5.6403E-09 5.7237E-09 5.8057E-09 5.8901E-09 5.9717E-09 6.0524E-09 6.1343E-09 6.2169E-09 6.2967E-09 6.3776E-09 6.4587E-09 6.5361E-09 6.6178E-09 6.7202E-09 6.8134E-09 6.8932E-09 6.9775E-09 7.0799E-09 7.1794E-09 7.2700E-09 7.3561E-09 7.4452E-09 7.5481E-09 7.6518E-09 7.7616E-09 7.8675E-09 7.9687E-09 8.0716E-09 8.1725E-09 8.2667E-09 8.3523E-09 8.4354E-09 8.5102E-09 8.5781E-09 8.6341E-09 8.6780E-09 8.8471E-09 8.8718E-09 8.8856E-09 8.8856E-09 8.8729E-09 8.8529E-09 8.8219E-09 8.7787E-09
4.5923E-09 4.6809E-09 4.7711E-09 4.8526E-09 4.9440E-09 5.0264E-09 5.1198E-09 5.2135E-09 5.2974E-09 5.3929E-09 5.4774E-09 5.5752E-09 5.6730E-09 5.7605E-09 5.8453E-09 5.9330E-09 6.0192E-09 6.1032E-09 6.1893E-09 6.2755E-09 6.3599E-09 6.4450E-09 6.5305E-09 6.6127E-09 6.7027E-09 6.8122E-09 6.9078E-09 6.9931E-09 7.0924E-09 7.2065E-09 7.3090E-09 7.4039E-09 7.4990E-09 7.6131E-09 7.7263E-09 7.8360E-09 7.9452E-09 8.0605E-09 8.1794E-09 8.3062E-09 8.4296E-09 8.5489E-09 8.6640E-09 8.7684E-09 8.8637E-09 9.0832E-09 9.1626E-09 9.2286E-09 9.2832E-09 9.3299E-09 9.3627E-09 9.3861E-09 9.3960E-09 9.3894E-09 9.3727E-09 9.3467E-09 9.3041E-09
4.6728E-09 4.7736E-09 4.8573E-09 4.9414E-09 5.0358E-09 5.1209E-09 5.2276E-09 5.3142E-09 5.4123E-09 5.4995E-09 5.5884E-09 5.6883E-09 5.7911E-09 5.8801E-09 5.9696E-09 6.0610E-09 6.1484E-09 6.2380E-09 6.3279E-09 6.4169E-09 6.5059E-09 6.5959E-09 6.6830E-09 6.7802E-09 6.8959E-09 6.9948E-09 7.0853E-09 7.2005E-09 7.3239E-09 7.4268E-09 7.5277E-09 7.6435E-09 7.7729E-09 7.8935E-09 8.0122E-09 8.1300E-09 8.2569E-09 8.3965E-09 8.5332E-09 8.6786E-09 8.8218E-09 8.9565E-09 9.0840E-09 9.3429E-09 9.4584E-09 9.5597E-09 9.6572E-09 9.7407E-09 9.8114E-09 9.8727E-09 9.9195E-09 9.9518E-09 1.0116E-08 1.0120E-08 1.0109E-08 1.0086E-08 1.0046E-08
4.7625E-09 4.8574E-09 4.9437E-09 5.0402E-09 5.1277E-09 5.2265E-09 5.3258E-09 5.4152E-09 5.5165E-09 5.6077E-09 5.7111E-09 5.8159E-09 5.9092E-09 6.0008E-09 6.0963E-09 6.1881E-09 6.2800E-09 6.3738E-09 6.4676E-09 6.5598E-09 6.6544E-09 6.7468E-09 6.8497E-09 6.9689E-09 7.0743E-09 7.1717E-09 7.2980E-09 7.4269E-09 7.5329E-09 7.6443E-09 7.7833E-09 7.9215E-09 8.0484E-09 8.1763E-09 8.3087E-09 8.4619E-09 8.6130E-09 8.7643E-09 8.9147E-09 9.0709E-09 9.3680E-09 9.5294E-09 9.6809E-09 9.8280E-09 9.9659E-09 1.0090E-08 1.0206E-08 1.0306E-08 1.0541E-08 1.0617E-08 1.0677E-08 1.0721E-08 1.0753E-08 1.0765E-08 1.0759E-08 1.0737E-08 1.0697E-08
4.8527E-09 4.9411E-09 5.0300E-09 5.1295E-09 5.2198E-09 5.3320E-09 5.4242E-09 5.5280E-09 5.6213E-09 5.7282E-09 5.8348E-09 5.9321E-09 6.0271E-09 6.1245E-09 6.2217E-09 6.3163E-09 6.4144E-09 6.5114E-09 6.6079E-09 6.7056E-09 6.8036E-09 6.9109E-09 7.0329E-09 7.1457E-09 7.2513E-09 7.3852E-09 7.5184E-09 7.6305E-09 7.7572E-09 7.9115E-09 8.0530E-09 8.1885E-09 8.3287E-09 8.4914E-09 8.6592E-09 8.8210E-09 8.9861E-09 9.1500E-09 9.3204E-09 9.6358E-09 9.8204E-09 1.0009E-08 1.0188E-08 1.0359E-08 1.0520E-08 1.0816E-08 1.0956E-08 1.1079E-08 1.1186E-08 1.1281E-08 1.1359E-08 1.1418E-08 1.1463E-08 1.1488E-08 1.1490E-08 1.1473E-08 1.1436E-08
4.9335E-09 5.0246E-09 5.1260E-09 5.2187E-09 5.3227E-09 5.4275E-09 5.5337E-09 5.6297E-09 5.7273E-09 5.8365E-09 5.9480E-09 6.0474E-09 6.1459E-09 6.2487E-09 6.3467E-09 6.4474E-09 6.5481E-09 6.6492E-09 6.7507E-09 6.8529E-09 6.9646E-09 7.0884E-09 7.2083E-09 7.3223E-09 7.4610E-09 7.5985E-09 7.7177E-09 7.8605E-09 8.0266E-09 8.1701E-09 8.3150E-09 8.4770E-09 8.6602E-09 8.8381E-09 9.0143E-09 9.1949E-09 9.3813E-09 9.7098E-09 9.9056E-09 1.0107E-08 1.0316E-08 1.0528E-08 1.0882E-08 1.1087E-08 1.1278E-08 1.1460E-08 1.1625E-08 1.1776E-08 1.1908E-08 1.2022E-08 1.2272E-08 1.2351E-08 1.2414E-08 1.2451E-08 1.2464E-08 1.2453E-08 1.2417E-08
5.0138E-09 5.1075E-09 5.2121E-09 5.3075E-09 5.4251E-09 5.5228E-09 5.6323E-09 5.7319E-09 5.8445E-09 5.9574E-09 6.0612E-09 6.1626E-09 6.2676E-09 6.3708E-09 6.4730E-09 6.5789E-09 6.6833E-09 6.7878E-09 6.8948E-09 7.0095E-09 7.1353E-09 7.2616E-09 7.3835E-09 7.5262E-09 7.6687E-09 7.7954E-09 7.9515E-09 8.1243E-09 8.2738E-09 8.4288E-09 8.6145E-09 8.8130E-09 9.0009E-09 9.1913E-09 9.3909E-09 9.7344E-09 9.9514E-09 1.0168E-08 1.0391E-08 1.0618E-08 1.0999E-08 1.1246E-08 1.1489E-08 1.1731E-08 1.1957E-08 1.2172E-08 1.2368E-08 1.2706E-08 1.2867E-08 1.3006E-08 1.3124E-08 1.3222E-08 1.3297E-08 1.3347E-08 1.3371E-08 1.3365E-08 1.3331E-08
5.0935E-09 5.1999E-09 5.2976E-09 5.4067E-09 5.5170E-09 5.6288E-09 5.7305E-09 5.8345E-09 5.9494E-09 6.0674E-09 6.1731E-09 6.2786E-09 6.3880E-09 6.4930E-09 6.6020E-09 6.7095E-09 6.8185E-09 6.9283E-09 7.0457E-09 7.1745E-09 7.3055E-09 7.4351E-09 7.5809E-09 7.7283E-09 7.8629E-09 8.0283E-09 8.2066E-09 8.3654E-09 8.5348E-09 8.7370E-09 8.9454E-09 9.1422E-09 9.3499E-09 9.5706E-09 9.9372E-09 1.0172E-08 1.0415E-08 1.0664E-08 1.1065E-08 1.1330E-08 1.1595E-08 1.1878E-08 1.2163E-08 1.2440E-08 1.2860E-08 1.3114E-08 1.3347E-08 1.3559E-08 1.3748E-08 1.3915E-08 1.4058E-08 1.4175E-08 1.4265E-08 1.4492E-08 1.4527E-08 1.4529E-08 1.4498E-08
5.1724E-09 5.2818E-09 5.3823E-09 5.5051E-09 5.6082E-09 5.7234E-09 5.8290E-09 5.9475E-09 6.0539E-09 6.1766E-09 6.2846E-09 6.3965E-09 6.5065E-09 6.6165E-09 6.7293E-09 6.8414E-09 6.9547E-09 7.0735E-09 7.2060E-09 7.3387E-09 7.4754E-09 7.6247E-09 7.7762E-09 7.9207E-09 8.0930E-09 8.2764E-09 8.4435E-09 8.6279E-09 8.8419E-09 9.0560E-09 9.2663E-09 9.4946E-09 9.7317E-09 1.0116E-08 1.0373E-08 1.0642E-08 1.0921E-08 1.1355E-08 1.1651E-08 1.1954E-08 1.2262E-08 1.2575E-08 1.3051E-08 1.3373E-08 1.3678E-08 1.3971E-08 1.4244E-08 1.4492E-08 1.4713E-08 1.5072E-08 1.5244E-08 1.5386E-08 1.5499E-08 1.5582E-08 1.5629E-08 1.5641E-08 1.5615E-08
5.2601E-09 5.3627E-09 5.4768E-09 5.5925E-09 5.6986E-09 5.8171E-09 5.9271E-09 6.0479E-09 6.1719E-09 6.2842E-09 6.3960E-09 6.5126E-09 6.6247E-09 6.7415E-09 6.8559E-09 6.9729E-09 7.0914E-09 7.2282E-09 7.3628E-09 7.5047E-09 7.6597E-09 7.8133E-09 7.9667E-09 8.1440E-09 8.3320E-09 8.5084E-09 8.7059E-09 8.9304E-09 9.1505E-09 9.3729E-09 9.6184E-09 1.0007E-08 1.0273E-08 1.0553E-08 1.0849E-08 1.1299E-08 1.1620E-08 1.1950E-08 1.2290E-08 1.2633E-08 1.3136E-08 1.3493E-08 1.3854E-08 1.4221E-08 1.4576E-08 1.4910E-08 1.5388E-08 1.5679E-08 1.5941E-08 1.6172E-08 1.6373E-08 1.6542E-08 1.6677E-08 1.6778E-08 1.6839E-08 1.6860E-08 1.6840E-08
5.3369E-09 5.4424E-09 5.5701E-09 5.6786E-09 5.7991E-09 5.9105E-09 6.0349E-09 6.1475E-09 6.2763E-09 6.3909E-09 6.5091E-09 6.6264E-09 6.7436E-09 6.8639E-09 6.9835E-09 7.1052E-09 7.2400E-09 7.3805E-09 7.5222E-09 7.6841E-09 7.8399E-09 8.0017E-09 8.1838E-09 8.3750E-09 8.5602E-09 8.7670E-09 8.9991E-09 9.2268E-09 9.4621E-09 9.7231E-09 1.0125E-08 1.0410E-08 1.0710E-08 1.1028E-08 1.1507E-08 1.1856E-08 1.2221E-08 1.2596E-08 1.3132E-08 1.3529E-08 1.3925E-08 1.4329E-08 1.4736E-08 1.5145E-08 1.5716E-08 1.6104E-08 1.6469E-08 1.6804E-08 1.7108E-08 1.7374E-08 1.7607E-08 1.7805E-08 1.7964E-08 1.8084E-08 1.8162E-08 1.8195E-08 1.8180E-08
5.4122E-09 5.5205E-09 5.6518E-09 5.7633E-09 5.8873E-09 6.0030E-09 6.1298E-09 6.2593E-09 6.3785E-09 6.4966E-09 6.6204E-09 6.7396E-09 6.8637E-09 6.9851E-09 7.1106E-09 7.2437E-09 7.3886E-09 7.5326E-09 7.6956E-09 7.8593E-09 8.0229E-09 8.2095E-09 8.4038E-09 8.5971E-09 8.8120E-09 9.0503E-09 9.2863E-09 9.5344E-09 9.8064E-09 1.0219E-08 1.0521E-08 1.0842E-08 1.1181E-08 1.1684E-08 1.2062E-08 1.2461E-08 1.2868E-08 1.3448E-08 1.3886E-08 1.4332E-08 1.4785E-08 1.5239E-08 1.5863E-08 1.6327E-08 1.6787E-08 1.7228E-08 1.7643E-08 1.8027E-08 1.8374E-08 1.8683E-08 1.8952E-08 1.9181E-08 1.9368E-08 1.9509E-08 1.9604E-08 1.9648E-08 1.9639E-08
5.4857E-09 5.6181E-09 5.7318E-09 5.8575E-09 5.9741E-09 6.0929E-09 6.2232E-09 6.3578E-09 6.4792E-09 6.6030E-09 6.7285E-09 6.8522E-09 6.9808E-09 7.1075E-09 7.2376E-09 7.3885E-09 7.5340E-09 7.6945E-09 7.8687E-09 8.0331E-09 8.2212E-09 8.4234E-09 8.6216E-09 8.8399E-09 9.0851E-09 9.3261E-09 9.5862E-09 9.8683E-09 1.0291E-08 1.0607E-08 1.0948E-08 1.1304E-08 1.1828E-08 1.2234E-08 1.2662E-08 1.3102E-08 1.3724E-08 1.4203E-08 1.4699E-08 1.5203E-08 1.5878E-08 1.6396E-08 1.6915E-08 1.7432E-08 1.7946E-08 1.8446E-08 1.8917E-08 1.9353E-08 1.9749E-08 2.0102E-08 2.0411E-08 2.0675E-08 2.0892E-08 2.1057E-08 2.1171E-08 2.1228E-08 2.1226E-08
5.5570E-09 5.6929E-09 5.8096E-09 5.9387E-09 6.0598E-09 6.1926E-09 6.3147E-09 6.4535E-09 6.5781E-09 6.7082E-09 6.8353E-09 6.9659E-09 7.0956E-09 7.2290E-09 7.3748E-09 7.5270E-09 7.6801E-09 7.8660E-09 8.0329E-09 8.2172E-09 8.4303E-09 8.6294E-09 8.8513E-09 9.1052E-09 9.3486E-09 9.6176E-09 9.9094E-09 1.0203E-08 1.0667E-08 1.1023E-08 1.1396E-08 1.1941E-08 1.2371E-08 1.2824E-08 1.3451E-08 1.3955E-08 1.4475E-08 1.5016E-08 1.5733E-08 1.6305E-08 1.6885E-08 1.7468E-08 1.8050E-08 1.8629E-08 1.9201E-08 1.9761E-08 2.0293E-08 2.0785E-08 2.1235E-08 2.1637E-08 2.1990E-08 2.2292E-08 2.2543E-08 2.2736E-08 2.2869E-08 2.2940E-08 2.2945E-08
5.6361E-09 5.7653E-09 5.8849E-09 6.0175E-09 6.1424E-09 6.2784E-09 6.4180E-09 6.5467E-09 6.6759E-09 6.8097E-09 6.9403E-09 7.0770E-09 7.2102E-09 7.3516E-09 7.5102E-09 7.6652E-09 7.8439E-09 8.0250E-09 8.2001E-09 8.4203E-09 8.6248E-09 8.8448E-09 9.1066E-09 9.3552E-09 9.6267E-09 9.9278E-09 1.0231E-08 1.0702E-08 1.1070E-08 1.1457E-08 1.2018E-08 1.2468E-08 1.2944E-08 1.3601E-08 1.4137E-08 1.4696E-08 1.5280E-08 1.6048E-08 1.6674E-08 1.7314E-08 1.7963E-08 1.8616E-08 1.9268E-08 1.9915E-08 2.0554E-08 2.1177E-08 2.1775E-08 2.2330E-08 2.2837E-08 2.3292E-08 2.3693E-08 2.4037E-08 2.4322E-08 2.4546E-08 2.4698E-08 2.4786E-08 2.4807E-08
5.7130E-09 5.8347E-09 5.9687E-09 6.0945E-09 6.2334E-09 6.3615E-09 6.5061E-09 6.6374E-09 6.7723E-09 6.9084E-09 7.0448E-09 7.1841E-09 7.3237E-09 7.4807E-09 7.6405E-09 7.8076E-09 8.0037E-09 8.1805E-09 8.3913E-09 8.6106E-09 8.8242E-09 9.0883E-09 9.3462E-09 9.6159E-09 9.9246E-09 1.0237E-08 1.0709E-08 1.1087E-08 1.1485E-08 1.2058E-08 1.2527E-08 1.3022E-08 1.3704E-08 1.4269E-08 1.4862E-08 1.5484E-08 1.6300E-08 1.6977E-08 1.7675E-08 1.8388E-08 1.9112E-08 1.9842E-08 2.0571E-08 2.1294E-08 2.2006E-08 2.2698E-08 2.3364E-08 2.3988E-08 2.4556E-08 2.5066E-08 2.5518E-08 2.5928E-08 2.6275E-08 2.6558E-08 2.6756E-08 2.6878E-08 2.6912E-08
5.7761E-09 5.9006E-09 6.0380E-09 6.1682E-09 6.3098E-09 6.4414E-09 6.5900E-09 6.7250E-09 6.8656E-09 7.0042E-09 7.1474E-09 7.2889E-09 7.4386E-09 7.6059E-09 7.7698E-09 7.9623E-09 8.1522E-09 8.3446E-09 8.5815E-09 8.7938E-09 9.0509E-09 9.3218E-09 9.5868E-09 9.9003E-09 1.0219E-08 1.0689E-08 1.1075E-08 1.1484E-08 1.2063E-08 1.2545E-08 1.3057E-08 1.3758E-08 1.4348E-08 1.4971E-08 1.5627E-08 1.6486E-08 1.7210E-08 1.7961E-08 1.8735E-08 1.9527E-08 2.0333E-08 2.1145E-08 2.1957E-08 2.2762E-08 2.3555E-08 2.4325E-08 2.5064E-08 2.5760E-08 2.6410E-08 2.7017E-08 2.7568E-08 2.8051E-08 2.8441E-08 2.8750E-08 2.8966E-08 2.9099E-08 2.9134E-08
