Assets/Resources/2015_m01_d20_2000(utc+0800)_l00_csi_1hr_conc.grd
DSAA
         159         159
     -79.000      79.000
     -79.000      79.000
  0.4875E-09  0.5444E-05
[rows 0 to 24 of 159, columns 57 to 113 of 159]
1.3412E-09 1.3377E-09 1.3341E-09 1.3303E-09 1.3264E-09 1.3225E-09 1.3200E-09 1.3157E-09 1.3112E-09 1.3066E-09 1.3018E-09 1.2968E-09 1.2917E-09 1.2864E-09 1.2809E-09 1.2753E-09 1.2695E-09 1.2635E-09 1.2574E-09 1.2511E-09 1.2447E-09 1.2381E-09 1.2314E-09 1.2245E-09 1.2175E-09 1.2103E-09 1.2030E-09 1.1956E-09 1.1880E-09 1.1803E-09 1.1725E-09 1.1646E-09 1.1565E-09 1.1467E-09 1.1385E-09 1.1301E-09 1.1216E-09 1.1130E-09 1.1043E-09 1.0955E-09 1.0867E-09 1.0761E-09 1.0671E-09 1.0580E-09 1.0465E-09 1.0372E-09 1.0279E-09 1.0185E-09 1.0091E-09 9.9960E-10 9.9005E-10 9.8048E-10 9.7086E-10 9.5968E-10 9.5002E-10 9.3694E-10 9.2728E-10
1.3624E-09 1.3588E-09 1.3551E-09 1.3513E-09 1.3486E-09 1.3445E-09 1.3403E-09 1.3359E-09 1.3331E-09 1.3284E-09 1.3235E-09 1.3185E-09 1.3133E-09 1.3080E-09 1.3024E-09 1.2967E-09 1.2909E-09 1.2848E-09 1.2786E-09 1.2723E-09 1.2658E-09 1.2591E-09 1.2523E-09 1.2453E-09 1.2382E-09 1.2309E-09 1.2235E-09 1.2159E-09 1.2083E-09 1.1988E-09 1.1909E-09 1.1828E-09 1.1747E-09 1.1652E-09 1.1568E-09 1.1482E-09 1.1396E-09 1.1309E-09 1.1220E-09 1.1115E-09 1.1025E-09 1.0934E-09 1.0842E-09 1.0749E-09 1.0656E-09 1.0561E-09 1.0451E-09 1.0355E-09 1.0236E-09 1.0139E-09 1.0042E-09 9.9449E-10 9.8470E-10 9.7488E-10 9.6503E-10 9.5514E-10 9.4372E-10
1.3852E-09 1.3816E-09 1.3778E-09 1.3739E-09 1.3698E-09 1.3657E-09 1.3614E-09 1.3569E-09 1.3524E-09 1.3476E-09 1.3427E-09 1.3377E-09 1.3341E-09 1.3287E-09 1.3231E-09 1.3173E-09 1.3114E-09 1.3053E-09 1.2990E-09 1.2925E-09 1.2859E-09 1.2792E-09 1.2723E-09 1.2652E-09 1.2580E-09 1.2489E-09 1.2414E-09 1.2338E-09 1.2260E-09 1.2181E-09 1.2100E-09 1.2018E-09 1.1935E-09 1.1851E-09 1.1765E-09 1.1678E-09 1.1591E-09 1.1486E-09 1.1396E-09 1.1293E-09 1.1202E-09 1.1109E-09 1.1015E-09 1.0921E-09 1.0810E-09 1.0714E-09 1.0618E-09 1.0520E-09 1.0423E-09 1.0324E-09 1.0210E-09 1.0110E-09 9.9871E-10 9.8871E-10 9.7869E-10 9.6864E-10 9.5855E-10
1.4056E-09 1.4019E-09 1.3997E-09 1.3957E-09 1.3915E-09 1.3872E-09 1.3828E-09 1.3783E-09 1.3753E-09 1.3705E-09 1.3656E-09 1.3604E-09 1.3551E-09 1.3497E-09 1.3440E-09 1.3382E-09 1.3322E-09 1.3260E-09 1.3196E-09 1.3131E-09 1.3064E-09 1.2996E-09 1.2926E-09 1.2854E-09 1.2781E-09 1.2706E-09 1.2630E-09 1.2552E-09 1.2456E-09 1.2376E-09 1.2294E-09 1.2211E-09 1.2126E-09 1.2040E-09 1.1937E-09 1.1849E-09 1.1760E-09 1.1670E-09 1.1578E-09 1.1486E-09 1.1393E-09 1.1298E-09 1.1187E-09 1.1091E-09 1.0983E-09 1.0885E-09 1.0787E-09 1.0688E-09 1.0572E-09 1.0472E-09 1.0372E-09 1.0271E-09 1.0169E-09 1.0051E-09 9.9485E-10 9.8228E-10 9.7202E-10
1.4298E-09 1.4259E-09 1.4220E-09 1.4195E-09 1.4153E-09 1.4109E-09 1.4064E-09 1.4018E-09 1.3970E-09 1.3921E-09 1.3870E-09 1.3819E-09 1.3765E-09 1.3710E-09 1.3652E-09 1.3593E-09 1.3533E-09 1.3470E-09 1.3406E-09 1.3340E-09 1.3272E-09 1.3203E-09 1.3132E-09 1.3059E-09 1.2985E-09 1.2909E-09 1.2831E-09 1.2753E-09 1.2672E-09 1.2591E-09 1.2507E-09 1.2406E-09 1.2320E-09 1.2233E-09 1.2145E-09 1.2056E-09 1.1948E-09 1.1856E-09 1.1764E-09 1.1670E-09 1.1558E-09 1.1462E-09 1.1366E-09 1.1268E-09 1.1170E-09 1.1070E-09 1.0954E-09 1.0854E-09 1.0740E-09 1.0639E-09 1.0536E-09 1.0433E-09 1.0314E-09 1.0210E-09 1.0105E-09 1.0001E-09 9.8802E-10
1.4526E-09 1.4487E-09 1.4446E-09 1.4404E-09 1.4361E-09 1.4316E-09 1.4287E-09 1.4240E-09 1.4191E-09 1.4141E-09 1.4089E-09 1.4036E-09 1.3982E-09 1.3926E-09 1.3868E-09 1.3808E-09 1.3747E-09 1.3683E-09 1.3618E-09 1.3551E-09 1.3483E-09 1.3413E-09 1.3341E-09 1.3267E-09 1.3192E-09 1.3115E-09 1.3036E-09 1.2956E-09 1.2858E-09 1.2775E-09 1.2690E-09 1.2605E-09 1.2517E-09 1.2429E-09 1.2339E-09 1.2248E-09 1.2156E-09 1.2063E-09 1.1952E-09 1.1856E-09 1.1760E-09 1.1645E-09 1.1547E-09 1.1448E-09 1.1331E-09 1.1230E-09 1.1128E-09 1.1026E-09 1.0923E-09 1.0819E-09 1.0699E-09 1.0594E-09 1.0477E-09 1.0371E-09 1.0265E-09 1.0142E-09 1.0035E-09
1.4759E-09 1.4719E-09 1.4703E-09 1.4678E-09 1.4634E-09 1.4588E-09 1.4541E-09 1.4493E-09 1.4443E-09 1.4392E-09 1.4339E-09 1.4285E-09 1.4229E-09 1.4173E-09 1.4114E-09 1.4054E-09 1.3992E-09 1.3927E-09 1.3862E-09 1.3794E-09 1.3724E-09 1.3653E-09 1.3580E-09 1.3505E-09 1.3429E-09 1.3351E-09 1.3271E-09 1.3190E-09 1.3107E-09 1.3022E-09 1.2919E-09 1.2806E-09 1.2717E-09 1.2627E-09 1.2536E-09 1.2444E-09 1.2333E-09 1.2238E-09 1.2142E-09 1.2045E-09 1.1947E-09 1.1848E-09 1.1731E-09 1.1630E-09 1.1528E-09 1.1409E-09 1.1305E-09 1.1201E-09 1.1079E-09 1.0974E-09 1.0868E-09 1.0761E-09 1.0654E-09 1.0530E-09 1.0422E-09 1.0302E-09 1.0193E-09
1.5024E-09 1.4983E-09 1.4940E-09 1.4896E-09 1.4851E-09 1.4805E-09 1.4756E-09 1.4707E-09 1.4656E-09 1.4603E-09 1.4549E-09 1.4494E-09 1.4437E-09 1.4379E-09 1.4319E-09 1.4258E-09 1.4195E-09 1.4130E-09 1.4064E-09 1.3995E-09 1.3925E-09 1.3853E-09 1.3779E-09 1.3703E-09 1.3625E-09 1.3546E-09 1.3465E-09 1.3383E-09 1.3299E-09 1.3213E-09 1.3126E-09 1.3037E-09 1.2947E-09 1.2856E-09 1.2763E-09 1.2669E-09 1.2573E-09 1.2433E-09 1.2336E-09 1.2237E-09 1.2137E-09 1.2019E-09 1.1918E-09 1.1815E-09 1.1711E-09 1.1607E-09 1.1485E-09 1.1378E-09 1.1272E-09 1.1147E-09 1.1039E-09 1.0931E-09 1.0805E-09 1.0696E-09 1.0586E-09 1.0475E-09 1.0348E-09
1.5248E-09 1.5206E-09 1.5208E-09 1.5163E-09 1.5117E-09 1.5069E-09 1.5020E-09 1.4996E-09 1.4944E-09 1.4908E-09 1.4854E-09 1.4797E-09 1.4739E-09 1.4680E-09 1.4619E-09 1.4556E-09 1.4493E-09 1.4427E-09 1.4359E-09 1.4290E-09 1.4218E-09 1.4145E-09 1.4070E-09 1.3975E-09 1.3869E-09 1.3789E-09 1.3707E-09 1.3623E-09 1.3511E-09 1.3424E-09 1.3318E-09 1.3228E-09 1.3137E-09 1.3044E-09 1.2950E-09 1.2854E-09 1.2757E-09 1.2659E-09 1.2559E-09 1.2459E-09 1.2357E-09 1.2254E-09 1.2107E-09 1.2002E-09 1.1897E-09 1.1774E-09 1.1666E-09 1.1558E-09 1.1450E-09 1.1340E-09 1.1214E-09 1.1103E-09 1.0975E-09 1.0864E-09 1.0751E-09 1.0623E-09 1.0510E-09
1.5565E-09 1.5543E-09 1.5499E-09 1.5454E-09 1.5426E-09 1.5378E-09 1.5327E-09 1.5276E-09 1.5223E-09 1.5168E-09 1.5131E-09 1.5074E-09 1.4995E-09 1.4935E-09 1.4873E-09 1.4809E-09 1.4743E-09 1.4677E-09 1.4608E-09 1.4537E-09 1.4465E-09 1.4372E-09 1.4296E-09 1.4218E-09 1.4138E-09 1.4056E-09 1.3954E-09 1.3869E-09 1.3782E-09 1.3693E-09 1.3603E-09 1.3511E-09 1.3400E-09 1.3279E-09 1.3183E-09 1.3059E-09 1.2943E-09 1.2843E-09 1.2742E-09 1.2640E-09 1.2536E-09 1.2432E-09 1.2326E-09 1.2220E-09 1.2112E-09 1.2003E-09 1.1851E-09 1.1741E-09 1.1613E-09 1.1502E-09 1.1390E-09 1.1278E-09 1.1164E-09 1.1034E-09 1.0920E-09 1.0789E-09 1.0674E-09
1.5857E-09 1.5816E-09 1.5786E-09 1.5741E-09 1.5694E-09 1.5644E-09 1.5593E-09 1.5540E-09 1.5486E-09 1.5458E-09 1.5401E-09 1.5342E-09 1.5281E-09 1.5219E-09 1.5155E-09 1.5090E-09 1.5023E-09 1.4940E-09 1.4871E-09 1.4799E-09 1.4698E-09 1.4622E-09 1.4545E-09 1.4465E-09 1.4384E-09 1.4282E-09 1.4198E-09 1.4111E-09 1.4022E-09 1.3914E-09 1.3822E-09 1.3729E-09 1.3634E-09 1.3519E-09 1.3421E-09 1.3322E-09 1.3221E-09 1.3119E-09 1.2972E-09 1.2841E-09 1.2736E-09 1.2612E-09 1.2505E-09 1.2396E-09 1.2287E-09 1.2177E-09 1.2065E-09 1.1953E-09 1.1840E-09 1.1683E-09 1.1569E-09 1.1454E-09 1.1322E-09 1.1207E-09 1.1091E-09 1.0974E-09 1.0840E-09
1.6139E-09 1.6098E-09 1.6096E-09 1.6051E-09 1.6021E-09 1.5972E-09 1.5920E-09 1.5866E-09 1.5830E-09 1.5773E-09 1.5714E-09 1.5654E-09 1.5592E-09 1.5514E-09 1.5449E-09 1.5382E-09 1.5314E-09 1.5225E-09 1.5153E-09 1.5080E-09 1.5005E-09 1.4929E-09 1.4850E-09 1.4769E-09 1.4686E-09 1.4587E-09 1.4482E-09 1.4367E-09 1.4277E-09 1.4185E-09 1.4064E-09 1.3950E-09 1.3854E-09 1.3756E-09 1.3638E-09 1.3537E-09 1.3434E-09 1.3330E-09 1.3207E-09 1.3101E-09 1.2993E-09 1.2884E-09 1.2730E-09 1.2593E-09 1.2481E-09 1.2352E-09 1.2239E-09 1.2125E-09 1.2010E-09 1.1894E-09 1.1778E-09 1.1660E-09 1.1500E-09 1.1382E-09 1.1247E-09 1.1128E-09 1.1009E-09
1.6485E-09 1.6463E-09 1.6419E-09 1.6374E-09 1.6340E-09 1.6290E-09 1.6238E-09 1.6184E-09 1.6113E-09 1.6054E-09 1.5994E-09 1.5933E-09 1.5870E-09 1.5805E-09 1.5738E-09 1.5670E-09 1.5600E-09 1.5528E-09 1.5455E-09 1.5360E-09 1.5283E-09 1.5205E-09 1.5125E-09 1.5028E-09 1.4925E-09 1.4839E-09 1.4751E-09 1.4661E-09 1.4551E-09 1.4457E-09 1.4362E-09 1.4250E-09 1.4151E-09 1.4033E-09 1.3904E-09 1.3773E-09 1.3650E-09 1.3545E-09 1.3438E-09 1.3311E-09 1.3201E-09 1.3090E-09 1.2960E-09 1.2848E-09 1.2733E-09 1.2618E-09 1.2458E-09 1.2316E-09 1.2181E-09 1.2064E-09 1.1945E-09 1.1826E-09 1.1707E-09 1.1586E-09 1.1465E-09 1.1301E-09 1.1180E-09
1.6789E-09 1.6747E-09 1.6703E-09 1.6685E-09 1.6637E-09 1.6586E-09 1.6534E-09 1.6479E-09 1.6422E-09 1.6390E-09 1.6329E-09 1.6266E-09 1.6202E-09 1.6135E-09 1.6067E-09 1.5997E-09 1.5925E-09 1.5851E-09 1.5748E-09 1.5671E-09 1.5563E-09 1.5483E-09 1.5401E-09 1.5317E-09 1.5203E-09 1.5116E-09 1.5026E-09 1.4915E-09 1.4822E-09 1.4712E-09 1.4596E-09 1.4497E-09 1.4396E-09 1.4294E-09 1.4172E-09 1.4052E-09 1.3945E-09 1.3837E-09 1.3682E-09 1.3552E-09 1.3413E-09 1.3300E-09 1.3168E-09 1.3053E-09 1.2937E-09 1.2801E-09 1.2683E-09 1.2564E-09 1.2445E-09 1.2280E-09 1.2133E-09 1.1994E-09 1.1872E-09 1.1750E-09 1.1627E-09 1.1504E-09 1.1380E-09
1.7136E-09 1.7095E-09 1.7070E-09 1.7024E-09 1.6975E-09 1.6924E-09 1.6891E-09 1.6835E-09 1.6777E-09 1.6717E-09 1.6655E-09 1.6590E-09 1.6524E-09 1.6456E-09 1.6386E-09 1.6294E-09 1.6221E-09 1.6131E-09 1.6039E-09 1.5960E-09 1.5880E-09 1.5797E-09 1.5694E-09 1.5608E-09 1.5521E-09 1.5431E-09 1.5325E-09 1.5217E-09 1.5121E-09 1.4996E-09 1.4897E-09 1.4768E-09 1.4646E-09 1.4527E-09 1.4422E-09 1.4295E-09 1.4186E-09 1.4076E-09 1.3945E-09 1.3818E-09 1.3703E-09 1.3588E-09 1.3425E-09 1.3289E-09 1.3143E-09 1.3005E-09 1.2885E-09 1.2764E-09 1.2624E-09 1.2501E-09 1.2378E-09 1.2253E-09 1.2084E-09 1.1933E-09 1.1791E-09 1.1665E-09 1.1539E-09
1.7543E-09 1.7501E-09 1.7457E-09 1.7410E-09 1.7361E-09 1.7325E-09 1.7271E-09 1.7214E-09 1.7125E-09 1.7048E-09 1.6985E-09 1.6919E-09 1.6851E-09 1.6781E-09 1.6694E-09 1.6621E-09 1.6515E-09 1.6438E-09 1.6359E-09 1.6278E-09 1.6195E-09 1.6091E-09 1.6005E-09 1.5917E-09 1.5797E-09 1.5686E-09 1.5593E-09 1.5498E-09 1.5401E-09 1.5282E-09 1.5181E-09 1.5048E-09 1.4944E-09 1.4837E-09 1.4700E-09 1.4591E-09 1.4432E-09 1.4305E-09 1.4191E-09 1.4056E-09 1.3940E-09 1.3822E-09 1.3669E-09 1.3549E-09 1.3428E-09 1.3305E-09 1.3118E-09 1.2967E-09 1.2824E-09 1.2699E-09 1.2573E-09 1.2429E-09 1.2301E-09 1.2173E-09 1.2018E-09 1.1846E-09 1.1718E-09
1.7883E-09 1.7840E-09 1.7795E-09 1.7748E-09 1.7699E-09 1.7647E-09 1.7592E-09 1.7535E-09 1.7476E-09 1.7414E-09 1.7349E-09 1.7267E-09 1.7198E-09 1.7126E-09 1.7053E-09 1.6977E-09 1.6899E-09 1.6789E-09 1.6707E-09 1.6624E-09 1.6539E-09 1.6452E-09 1.6303E-09 1.6213E-09 1.6121E-09 1.6027E-09 1.5902E-09 1.5805E-09 1.5671E-09 1.5555E-09 1.5451E-09 1.5327E-09 1.5220E-09 1.5111E-09 1.4966E-09 1.4840E-09 1.4726E-09 1.4610E-09 1.4493E-09 1.4328E-09 1.4166E-09 1.4046E-09 1.3905E-09 1.3782E-09 1.3658E-09 1.3500E-09 1.3374E-09 1.3247E-09 1.3101E-09 1.2927E-09 1.2772E-09 1.2624E-09 1.2495E-09 1.2346E-09 1.2216E-09 1.2085E-09 1.1953E-09
1.8279E-09 1.8236E-09 1.8191E-09 1.8164E-09 1.8114E-09 1.8061E-09 1.8006E-09 1.7948E-09 1.7856E-09 1.7793E-09 1.7728E-09 1.7660E-09 1.7589E-09 1.7475E-09 1.7399E-09 1.7322E-09 1.7242E-09 1.7160E-09 1.7076E-09 1.6940E-09 1.6852E-09 1.6763E-09 1.6641E-09 1.6548E-09 1.6434E-09 1.6337E-09 1.6238E-09 1.6078E-09 1.5977E-09 1.5873E-09 1.5768E-09 1.5660E-09 1.5487E-09 1.5361E-09 1.5248E-09 1.5114E-09 1.4998E-09 1.4880E-09 1.4726E-09 1.4591E-09 1.4469E-09 1.4345E-09 1.4192E-09 1.4033E-09 1.3878E-09 1.3732E-09 1.3603E-09 1.3460E-09 1.3311E-09 1.3180E-09 1.3048E-09 1.2896E-09 1.2691E-09 1.2540E-09 1.2407E-09 1.2273E-09 1.2121E-09
1.8662E-09 1.8619E-09 1.8573E-09 1.8525E-09 1.8474E-09 1.8420E-09 1.8364E-09 1.8306E-09 1.8244E-09 1.8180E-09 1.8113E-09 1.8012E-09 1.7940E-09 1.7866E-09 1.7788E-09 1.7693E-09 1.7595E-09 1.7480E-09 1.7394E-09 1.7285E-09 1.7195E-09 1.7103E-09 1.7009E-09 1.6893E-09 1.6795E-09 1.6665E-09 1.6544E-09 1.6410E-09 1.6306E-09 1.6200E-09 1.6041E-09 1.5916E-09 1.5790E-09 1.5676E-09 1.5560E-09 1.5443E-09 1.5260E-09 1.5125E-09 1.5003E-09 1.4860E-09 1.4735E-09 1.4594E-09 1.4433E-09 1.4305E-09 1.4175E-09 1.4010E-09 1.3850E-09 1.3690E-09 1.3538E-09 1.3404E-09 1.3255E-09 1.3102E-09 1.2966E-09 1.2810E-09 1.2628E-09 1.2464E-09 1.2310E-09
1.9046E-09 1.9002E-09 1.8956E-09 1.8907E-09 1.8855E-09 1.8800E-09 1.8721E-09 1.8662E-09 1.8599E-09 1.8534E-09 1.8466E-09 1.8373E-09 1.8284E-09 1.8208E-09 1.8114E-09 1.8032E-09 1.7948E-09 1.7862E-09 1.7741E-09 1.7651E-09 1.7558E-09 1.7463E-09 1.7366E-09 1.7206E-09 1.7084E-09 1.6982E-09 1.6878E-09 1.6772E-09 1.6644E-09 1.6519E-09 1.6362E-09 1.6249E-09 1.6115E-09 1.5998E-09 1.5834E-09 1.5680E-09 1.5559E-09 1.5435E-09 1.5295E-09 1.5149E-09 1.4978E-09 1.4849E-09 1.4699E-09 1.4553E-09 1.4405E-09 1.4253E-09 1.4118E-09 1.3982E-09 1.3811E-09 1.3618E-09 1.3481E-09 1.3324E-09 1.3171E-09 1.3013E-09 1.2873E-09 1.2714E-09 1.2574E-09
1.9411E-09 1.9366E-09 1.9319E-09 1.9270E-09 1.9217E-09 1.9162E-09 1.9103E-09 1.9042E-09 1.8963E-09 1.8896E-09 1.8827E-09 1.8755E-09 1.8648E-09 1.8570E-09 1.8468E-09 1.8385E-09 1.8299E-09 1.8189E-09 1.8098E-09 1.8005E-09 1.7878E-09 1.7780E-09 1.7681E-09 1.7548E-09 1.7445E-09 1.7339E-09 1.7232E-09 1.7055E-09 1.6929E-09 1.6817E-09 1.6702E-09 1.6586E-09 1.6453E-09 1.6267E-09 1.6146E-09 1.6023E-09 1.5878E-09 1.5722E-09 1.5579E-09 1.5415E-09 1.5285E-09 1.5137E-09 1.4969E-09 1.4834E-09 1.4670E-09 1.4514E-09 1.4361E-09 1.4208E-09 1.4049E-09 1.3909E-09 1.3734E-09 1.3564E-09 1.3394E-09 1.3233E-09 1.3076E-09 1.2914E-09 1.2771E-09
1.9816E-09 1.9787E-09 1.9723E-09 1.9625E-09 1.9572E-09 1.9516E-09 1.9456E-09 1.9394E-09 1.9330E-09 1.9262E-09 1.9191E-09 1.9118E-09 1.9041E-09 1.8929E-09 1.8847E-09 1.8762E-09 1.8675E-09 1.8584E-09 1.8443E-09 1.8347E-09 1.8227E-09 1.8105E-09 1.8003E-09 1.7899E-09 1.7792E-09 1.7668E-09 1.7542E-09 1.7398E-09 1.7284E-09 1.7168E-09 1.6998E-09 1.6864E-09 1.6728E-09 1.6605E-09 1.6481E-09 1.6339E-09 1.6160E-09 1.6015E-09 1.5884E-09 1.5701E-09 1.5553E-09 1.5417E-09 1.5246E-09 1.5108E-09 1.4954E-09 1.4780E-09 1.4638E-09 1.4468E-09 1.4291E-09 1.4133E-09 1.3969E-09 1.3824E-09 1.3664E-09 1.3499E-09 1.3297E-09 1.3132E-09 1.2971E-09
2.0191E-09 2.0145E-09 2.0096E-09 2.0044E-09 1.9989E-09 1.9932E-09 1.9871E-09 1.9808E-09 1.9741E-09 1.9649E-09 1.9577E-09 1.9502E-09 1.9377E-09 1.9296E-09 1.9213E-09 1.9110E-09 1.9020E-09 1.8928E-09 1.8833E-09 1.8702E-09 1.8602E-09 1.8498E-09 1.8393E-09 1.8237E-09 1.8106E-09 1.7972E-09 1.7859E-09 1.7744E-09 1.7627E-09 1.7491E-09 1.7323E-09 1.7201E-09 1.7076E-09 1.6929E-09 1.6755E-09 1.6611E-09 1.6480E-09 1.6347E-09 1.6197E-09 1.5994E-09 1.5857E-09 1.5718E-09 1.5528E-09 1.5372E-09 1.5215E-09 1.5052E-09 1.4892E-09 1.4732E-09 1.4566E-09 1.4390E-09 1.4209E-09 1.4060E-09 1.3897E-09 1.3729E-09 1.3564E-09 1.3395E-09 1.3217E-09
2.0604E-09 2.0556E-09 2.0506E-09 2.0453E-09 2.0397E-09 2.0338E-09 2.0243E-09 2.0178E-09 2.0110E-09 2.0039E-09 1.9965E-09 1.9888E-09 1.9808E-09 1.9692E-09 1.9607E-09 1.9495E-09 1.9403E-09 1.9285E-09 1.9165E-09 1.9065E-09 1.8962E-09 1.8840E-09 1.8732E-09 1.8589E-09 1.8476E-09 1.8362E-09 1.8244E-09 1.8071E-09 1.7913E-09 1.7791E-09 1.7666E-09 1.7540E-09 1.7397E-09 1.7220E-09 1.7088E-09 1.6956E-09 1.6769E-09 1.6618E-09 1.6480E-09 1.6325E-09 1.6184E-09 1.5996E-09 1.5817E-09 1.5672E-09 1.5496E-09 1.5314E-09 1.5166E-09 1.4983E-09 1.4818E-09 1.4653E-09 1.4482E-09 1.4330E-09 1.4114E-09 1.3962E-09 1.3794E-09 1.3622E-09 1.3453E-09
2.1007E-09 2.0958E-09 2.0906E-09 2.0852E-09 2.0794E-09 2.0734E-09 2.0622E-09 2.0556E-09 2.0487E-09 2.0415E-09 2.0340E-09 2.0261E-09 2.0179E-09 2.0095E-09 1.9973E-09 1.9883E-09 1.9789E-09 1.9692E-09 1.9592E-09 1.9456E-09 1.9328E-09 1.9196E-09 1.9062E-09 1.8949E-09 1.8833E-09 1.8699E-09 1.8579E-09 1.8424E-09 1.8299E-09 1.8173E-09 1.7991E-09 1.7823E-09 1.7692E-09 1.7559E-09 1.7424E-09 1.7271E-09 1.7086E-09 1.6947E-09 1.6784E-09 1.6610E-09 1.6451E-09 1.6290E-09 1.6142E-09 1.5948E-09 1.5798E-09 1.5612E-09 1.5430E-09 1.5242E-09 1.5089E-09 1.4920E-09 1.4731E-09 1.4575E-09 1.4385E-09 1.4228E-09 1.4028E-09 1.3852E-09 1.3680E-09
