Assets/Resources/2015_m01_d19_2100(utc+0800)_l00_csi_1hr_conc.grd
DSAA
         159         159
     -79.000      79.000
     -79.000      79.000
  0.0000E+00  0.1261E-04
[rows 100 to 124 of 159, columns 0 to 56 of 159]
9.2748E-12 1.1586E-11 1.3623E-11 1.5740E-11 1.7271E-11 2.0651E-11 2.3834E-11 2.6239E-11 3.1126E-11 3.4912E-11 4.0152E-11 4.4082E-11 4.9522E-11 5.3779E-11 5.9642E-11 6.5116E-11 7.2064E-11 7.9339E-11 8.6558E-11 9.4320E-11 1.0166E-10 1.1374E-10 1.2646E-10 1.3618E-10 1.4644E-10 1.5724E-10 1.6857E-10 1.8042E-10 1.9321E-10 2.0729E-10 2.2195E-10 2.3735E-10 2.5359E-10 2.7005E-10 2.8643E-10 3.0342E-10 3.1987E-10 3.3630E-10 3.5318E-10 3.7048E-10 3.8791E-10 4.0587E-10 4.2446E-10 4.4225E-10 4.5927E-10 4.7607E-10 4.9106E-10 5.0384E-10 5.1582E-10 5.2728E-10 5.3786E-10 5.4870E-10 5.6767E-10 5.9015E-10 6.1208E-10 6.3016E-10 6.4909E-10
7.7434E-12 9.8073E-12 1.2031E-11 1.3879E-11 1.5727E-11 1.7158E-11 1.9398E-11 2.1643E-11 2.5736E-11 3.0827E-11 3.4065E-11 3.8792E-11 4.3383E-11 4.7553E-11 5.1723E-11 5.7613E-11 6.2669E-11 6.8239E-11 7.6437E-11 8.2352E-11 9.0656E-11 1.0150E-10 1.1287E-10 1.2152E-10 1.3065E-10 1.4026E-10 1.5033E-10 1.6086E-10 1.7184E-10 1.8366E-10 1.9669E-10 2.1014E-10 2.2419E-10 2.3882E-10 2.5337E-10 2.6794E-10 2.8322E-10 2.9848E-10 3.1363E-10 3.2905E-10 3.4446E-10 3.5978E-10 3.7444E-10 3.9004E-10 4.0544E-10 4.1861E-10 4.3221E-10 4.4500E-10 4.5561E-10 4.6526E-10 4.7454E-10 4.8289E-10 4.9077E-10 5.0196E-10 5.1885E-10 5.4108E-10 5.5608E-10
6.1903E-12 8.0475E-12 1.0189E-11 1.2104E-11 1.3965E-11 1.5483E-11 1.7016E-11 1.9157E-11 2.0992E-11 2.3383E-11 2.6353E-11 2.8927E-11 3.5541E-11 4.1871E-11 4.5460E-11 4.9685E-11 5.5280E-11 6.0067E-11 6.4589E-11 7.1206E-11 7.8778E-11 8.8244E-11 1.0042E-10 1.0809E-10 1.1618E-10 1.2470E-10 1.3363E-10 1.4297E-10 1.5270E-10 1.6280E-10 1.7360E-10 1.8555E-10 1.9765E-10 2.1001E-10 2.2310E-10 2.3614E-10 2.4932E-10 2.6333E-10 2.7780E-10 2.9141E-10 3.0502E-10 3.1854E-10 3.3144E-10 3.4359E-10 3.5581E-10 3.6811E-10 3.7966E-10 3.8923E-10 3.9948E-10 4.0973E-10 4.1759E-10 4.2489E-10 4.3144E-10 4.3723E-10 4.4202E-10 4.5789E-10 4.7148E-10
4.6748E-12 6.4885E-12 8.2252E-12 1.0325E-11 1.2026E-11 1.3726E-11 1.5082E-11 1.6603E-11 1.8638E-11 2.0264E-11 2.2552E-11 2.5299E-11 2.7575E-11 3.2470E-11 3.6609E-11 4.1649E-11 4.7547E-11 5.1661E-11 5.7276E-11 6.1500E-11 6.5960E-11 7.8244E-11 8.7034E-11 9.3562E-11 1.0298E-10 1.1051E-10 1.1840E-10 1.2666E-10 1.3526E-10 1.4419E-10 1.5343E-10 1.6308E-10 1.7366E-10 1.8429E-10 1.9522E-10 2.0705E-10 2.1907E-10 2.3131E-10 2.4397E-10 2.5708E-10 2.6936E-10 2.8128E-10 2.9262E-10 3.0323E-10 3.1319E-10 3.2226E-10 3.3190E-10 3.4118E-10 3.4918E-10 3.5666E-10 3.6456E-10 3.7257E-10 3.7843E-10 3.8332E-10 3.8719E-10 3.9007E-10 4.0303E-10
3.7307E-12 4.8024E-12 6.5274E-12 8.2572E-12 1.0109E-11 1.1738E-11 1.3329E-11 1.4387E-11 1.6027E-11 1.7755E-11 1.9250E-11 2.1632E-11 2.4151E-11 2.6151E-11 2.9372E-11 3.4995E-11 3.9775E-11 4.3589E-11 4.7279E-11 5.0738E-11 5.8253E-11 6.5368E-11 7.4751E-11 8.2705E-11 8.8769E-11 9.7623E-11 1.0458E-10 1.1186E-10 1.1944E-10 1.2732E-10 1.3545E-10 1.4368E-10 1.5192E-10 1.6121E-10 1.7099E-10 1.8057E-10 1.9116E-10 2.0271E-10 2.1405E-10 2.2486E-10 2.3633E-10 2.4775E-10 2.5770E-10 2.6695E-10 2.7566E-10 2.8347E-10 2.9077E-10 2.9701E-10 3.0432E-10 3.1160E-10 3.1783E-10 3.2278E-10 3.2856E-10 3.3389E-10 3.3834E-10 3.4053E-10 3.4170E-10
1.8429E-12 2.5536E-12 3.1999E-12 6.2223E-12 7.6179E-12 9.6901E-12 1.1134E-11 1.2721E-11 1.3624E-11 1.5142E-11 1.6639E-11 1.8166E-11 2.0611E-11 2.2918E-11 2.4754E-11 2.7993E-11 3.3168E-11 3.7769E-11 4.1391E-11 4.4764E-11 4.7968E-11 5.4050E-11 6.1415E-11 6.7096E-11 7.5836E-11 8.3813E-11 8.9683E-11 9.8487E-11 1.0516E-10 1.1208E-10 1.1916E-10 1.2629E-10 1.3343E-10 1.4072E-10 1.4885E-10 1.5775E-10 1.6661E-10 1.7614E-10 1.8663E-10 1.9667E-10 2.0630E-10 2.1611E-10 2.2584E-10 2.3446E-10 2.4207E-10 2.4879E-10 2.5518E-10 2.6044E-10 2.6547E-10 2.7006E-10 2.7572E-10 2.8119E-10 2.8589E-10 2.8880E-10 2.9125E-10 2.9382E-10 2.9575E-10
1.0717E-12 1.8200E-12 2.4611E-12 3.1029E-12 4.1143E-12 4.9976E-12 5.7242E-12 6.0983E-12 6.4363E-12 6.9737E-12 8.1227E-12 1.0580E-11 1.1856E-11 1.4069E-11 2.1612E-11 2.3362E-11 2.6497E-11 3.1272E-11 3.3888E-11 3.9069E-11 4.2162E-11 4.7566E-11 5.1086E-11 5.8070E-11 6.3312E-11 6.7768E-11 7.4847E-11 8.2978E-11 8.8543E-11 9.7095E-11 1.0313E-10 1.0917E-10 1.1559E-10 1.2233E-10 1.2931E-10 1.3693E-10 1.4521E-10 1.5352E-10 1.6152E-10 1.7025E-10 1.7977E-10 1.8868E-10 1.9628E-10 2.0409E-10 2.1169E-10 2.1800E-10 2.2345E-10 2.2806E-10 2.3222E-10 2.3623E-10 2.3975E-10 2.4299E-10 2.4635E-10 2.4982E-10 2.5289E-10 2.5340E-10 2.5287E-10
0.0000E+00 0.0000E+00 0.0000E+00 0.0000E+00 0.0000E+00 3.2470E-12 4.5708E-12 5.3669E-12 5.6576E-12 5.9595E-12 6.5582E-12 7.6884E-12 8.4980E-12 9.7075E-12 1.1823E-11 1.3491E-11 1.4854E-11 1.7549E-11 2.1662E-11 2.3795E-11 2.8337E-11 3.2341E-11 3.5734E-11 3.8717E-11 4.2943E-11 4.9592E-11 6.3552E-11 7.0151E-11 7.7453E-11 8.2466E-11 8.7465E-11 9.5433E-11 1.0084E-10 1.0640E-10 1.1221E-10 1.1830E-10 1.2452E-10 1.3168E-10 1.3938E-10 1.4658E-10 1.5409E-10 1.6232E-10 1.7044E-10 1.7737E-10 1.8268E-10 1.8888E-10 1.9454E-10 1.9883E-10 2.0220E-10 2.0524E-10 2.0786E-10 2.1032E-10 2.1248E-10 2.1410E-10 2.1494E-10 2.1552E-10 2.1572E-10
0.0000E+00 0.0000E+00 0.0000E+00 0.0000E+00 0.0000E+00 0.0000E+00 0.0000E+00 0.0000E+00 0.0000E+00 0.0000E+00 0.0000E+00 3.6167E-13 1.1816E-12 1.5823E-12 4.0551E-12 5.9224E-12 7.2554E-12 1.4090E-11 1.6699E-11 1.9065E-11 2.2599E-11 2.7215E-11 3.0866E-11 3.4002E-11 3.6795E-11 4.0792E-11 4.4928E-11 5.0659E-11 5.4359E-11 6.0637E-11 6.4755E-11 6.8974E-11 7.6064E-11 8.0772E-11 8.5700E-11 9.3878E-11 9.9365E-11 1.0494E-10 1.1745E-10 1.2347E-10 1.2970E-10 1.3753E-10 1.4280E-10 1.4864E-10 1.5436E-10 1.5849E-10 1.6104E-10 1.6344E-10 1.6672E-10 1.7060E-10 1.7326E-10 1.7546E-10 1.7723E-10 1.7843E-10 1.7905E-10 1.7905E-10 1.7874E-10
0.0000E+00 0.0000E+00 0.0000E+00 0.0000E+00 0.0000E+00 0.0000E+00 0.0000E+00 0.0000E+00 0.0000E+00 0.0000E+00 0.0000E+00 0.0000E+00 4.1018E-13 1.2340E-12 1.5902E-12 2.4715E-12 4.2823E-12 5.5078E-12 6.4847E-12 8.7227E-12 1.0788E-11 1.3781E-11 1.7905E-11 2.1223E-11 2.3905E-11 2.6218E-11 2.9737E-11 3.3497E-11 3.6363E-11 4.6366E-11 5.2119E-11 5.8137E-11 6.1912E-11 6.8451E-11 7.5366E-11 7.9901E-11 8.7314E-11 9.2227E-11 9.7199E-11 1.0221E-10 1.0758E-10 1.1354E-10 1.1934E-10 1.2368E-10 1.2756E-10 1.3197E-10 1.3719E-10 1.4056E-10 1.4337E-10 1.4587E-10 1.4716E-10 1.4859E-10 1.4995E-10 1.5077E-10 1.5101E-10 1.5055E-10 1.4942E-10
0.0000E+00 0.0000E+00 0.0000E+00 0.0000E+00 0.0000E+00 0.0000E+00 0.0000E+00 0.0000E+00 0.0000E+00 0.0000E+00 0.0000E+00 0.0000E+00 0.0000E+00 4.2873E-13 1.2466E-12 1.5906E-12 2.4189E-12 4.2236E-12 5.4722E-12 6.3388E-12 8.4999E-12 1.0653E-11 1.3387E-11 1.5831E-11 2.0608E-11 2.3199E-11 2.5289E-11 2.8613E-11 3.2341E-11 3.5029E-11 3.7850E-11 4.0802E-11 4.3880E-11 4.9632E-11 5.3134E-11 5.9361E-11 6.5931E-11 7.0113E-11 7.7097E-11 8.1606E-11 9.0704E-11 9.4381E-11 9.8415E-11 1.0254E-10 1.0621E-10 1.1034E-10 1.1198E-10 1.1398E-10 1.1695E-10 1.2022E-10 1.2202E-10 1.2315E-10 1.2398E-10 1.2448E-10 1.2466E-10 1.2449E-10 1.2398E-10
0.0000E+00 0.0000E+00 0.0000E+00 0.0000E+00 0.0000E+00 0.0000E+00 0.0000E+00 0.0000E+00 0.0000E+00 0.0000E+00 0.0000E+00 0.0000E+00 0.0000E+00 0.0000E+00 4.1575E-13 1.2179E-12 1.5837E-12 2.3185E-12 4.0221E-12 5.3973E-12 6.1022E-12 8.1611E-12 1.0461E-11 1.1611E-11 1.5176E-11 1.9862E-11 2.2413E-11 2.4343E-11 2.6377E-11 2.8513E-11 3.0748E-11 3.3078E-11 3.5500E-11 3.8009E-11 4.2957E-11 4.5786E-11 4.8682E-11 5.6627E-11 5.9958E-11 6.3325E-11 6.9327E-11 7.2877E-11 7.6156E-11 7.8938E-11 8.1621E-11 8.4307E-11 8.6869E-11 8.8295E-11 8.8999E-11 8.9484E-11 9.0209E-11 9.1009E-11 9.1680E-11 9.1683E-11 9.1082E-11 9.0222E-11 8.9105E-11
0.0000E+00 0.0000E+00 0.0000E+00 0.0000E+00 0.0000E+00 0.0000E+00 0.0000E+00 0.0000E+00 0.0000E+00 0.0000E+00 0.0000E+00 0.0000E+00 0.0000E+00 0.0000E+00 0.0000E+00 3.7075E-13 1.1478E-12 1.5694E-12 2.1726E-12 3.7274E-12 5.1992E-12 5.9077E-12 7.7140E-12 1.0009E-11 1.1209E-11 1.3713E-11 1.7989E-11 2.1367E-11 2.3358E-11 2.5252E-11 2.7234E-11 2.9301E-11 3.1450E-11 3.3676E-11 3.5974E-11 3.8336E-11 4.3068E-11 4.5685E-11 5.0708E-11 5.5836E-11 5.8827E-11 6.1823E-11 6.7037E-11 6.9448E-11 7.1616E-11 7.3198E-11 7.4526E-11 7.5591E-11 7.6708E-11 7.7754E-11 7.8113E-11 7.7995E-11 7.7664E-11 7.7117E-11 7.6354E-11 7.5377E-11 7.4190E-11
0.0000E+00 0.0000E+00 0.0000E+00 0.0000E+00 0.0000E+00 0.0000E+00 0.0000E+00 0.0000E+00 0.0000E+00 0.0000E+00 0.0000E+00 0.0000E+00 0.0000E+00 0.0000E+00 0.0000E+00 0.0000E+00 2.9431E-13 1.0373E-12 1.5481E-12 1.9853E-12 3.3468E-12 4.9404E-12 5.7161E-12 7.1700E-12 9.3795E-12 1.0879E-11 1.2252E-11 1.4343E-11 1.6751E-11 1.8990E-11 2.1127E-11 2.2763E-11 2.4379E-11 2.6046E-11 2.7759E-11 2.9513E-11 3.1301E-11 3.3117E-11 3.7182E-11 3.9158E-11 4.3415E-11 4.7650E-11 4.9630E-11 5.3322E-11 5.4726E-11 5.5575E-11 5.6188E-11 5.6143E-11 5.5847E-11 5.5384E-11 5.4751E-11 5.3948E-11 5.2974E-11 5.1831E-11 5.0526E-11 4.9063E-11 4.7453E-11
0.0000E+00 0.0000E+00 0.0000E+00 0.0000E+00 0.0000E+00 0.0000E+00 0.0000E+00 0.0000E+00 0.0000E+00 0.0000E+00 0.0000E+00 0.0000E+00 0.0000E+00 0.0000E+00 0.0000E+00 0.0000E+00 0.0000E+00 1.8822E-13 8.8883E-13 1.5199E-12 1.7621E-12 2.8911E-12 4.6268E-12 5.5559E-12 6.5440E-12 8.5637E-12 1.0496E-11 1.1418E-11 1.2380E-11 1.3389E-11 1.4579E-11 1.6303E-11 1.8221E-11 2.0249E-11 2.1837E-11 2.3181E-11 2.4548E-11 2.5933E-11 2.7330E-11 2.8732E-11 3.2250E-11 3.3751E-11 3.7207E-11 4.0141E-11 4.1006E-11 4.3320E-11 4.3632E-11 4.3581E-11 4.3322E-11 4.2936E-11 4.2422E-11 4.1777E-11 4.1004E-11 4.0104E-11 3.9083E-11 3.7945E-11 3.6698E-11
0.0000E+00 0.0000E+00 0.0000E+00 0.0000E+00 0.0000E+00 0.0000E+00 0.0000E+00 0.0000E+00 0.0000E+00 0.0000E+00 0.0000E+00 0.0000E+00 0.0000E+00 0.0000E+00 0.0000E+00 0.0000E+00 0.0000E+00 0.0000E+00 5.5407E-14 7.0623E-13 1.4854E-12 1.6256E-12 2.3739E-12 4.0043E-12 5.3740E-12 6.0409E-12 7.6712E-12 9.6892E-12 1.0946E-11 1.1838E-11 1.2771E-11 1.3744E-11 1.4754E-11 1.5800E-11 1.6933E-11 1.8579E-11 2.0297E-11 2.2062E-11 2.3859E-11 2.5289E-11 2.6526E-11 2.9643E-11 3.0783E-11 3.1521E-11 3.4559E-11 3.5200E-11 3.5742E-11 3.6594E-11 3.6676E-11 3.6673E-11 3.6511E-11 3.5873E-11 3.5128E-11 3.4277E-11 3.3326E-11 2.5054E-11 2.3767E-11
0.0000E+00 0.0000E+00 0.0000E+00 0.0000E+00 0.0000E+00 0.0000E+00 0.0000E+00 0.0000E+00 0.0000E+00 0.0000E+00 0.0000E+00 0.0000E+00 0.0000E+00 0.0000E+00 0.0000E+00 0.0000E+00 0.0000E+00 0.0000E+00 0.0000E+00 0.0000E+00 4.9463E-13 1.2484E-12 1.5776E-12 1.9285E-12 3.2630E-12 4.9170E-12 5.6179E-12 6.6602E-12 7.9321E-12 8.7595E-12 9.4389E-12 1.0146E-11 1.0880E-11 1.1639E-11 1.2421E-11 1.3223E-11 1.4043E-11 1.4877E-11 1.5723E-11 1.6576E-11 1.7440E-11 1.8464E-11 1.9361E-11 2.1663E-11 2.2180E-11 2.3905E-11 2.4311E-11 2.4131E-11 2.3722E-11 2.3372E-11 2.3058E-11 2.2610E-11 2.2020E-11 2.1485E-11 1.7995E-11 1.7640E-11 1.7135E-11
0.0000E+00 0.0000E+00 0.0000E+00 0.0000E+00 0.0000E+00 0.0000E+00 0.0000E+00 0.0000E+00 0.0000E+00 0.0000E+00 0.0000E+00 0.0000E+00 0.0000E+00 0.0000E+00 0.0000E+00 0.0000E+00 0.0000E+00 0.0000E+00 0.0000E+00 0.0000E+00 0.0000E+00 2.6033E-13 9.3881E-13 1.5239E-12 1.6561E-12 1.9881E-12 2.8006E-12 3.6572E-12 3.9505E-12 4.2572E-12 4.5770E-12 4.9093E-12 5.2533E-12 5.6081E-12 5.9729E-12 6.3463E-12 6.7272E-12 7.1142E-12 7.5057E-12 7.9000E-12 8.2955E-12 8.6902E-12 9.0564E-12 9.2249E-12 9.3454E-12 9.9316E-12 1.0220E-11 1.0914E-11 1.1291E-11 1.1543E-11 1.1782E-11 1.1626E-11 1.1391E-11 1.1124E-11 1.0827E-11 1.0500E-11 1.0147E-11
0.0000E+00 0.0000E+00 0.0000E+00 0.0000E+00 0.0000E+00 0.0000E+00 0.0000E+00 0.0000E+00 0.0000E+00 0.0000E+00 0.0000E+00 0.0000E+00 0.0000E+00 0.0000E+00 0.0000E+00 0.0000E+00 0.0000E+00 0.0000E+00 0.0000E+00 0.0000E+00 0.0000E+00 0.0000E+00 1.0708E-14 6.0982E-13 1.3556E-12 1.5886E-12 1.7184E-12 1.8546E-12 1.9968E-12 2.1450E-12 2.2989E-12 2.4580E-12 2.6221E-12 2.7906E-12 2.9631E-12 3.1389E-12 3.3174E-12 3.4979E-12 3.6796E-12 3.8618E-12 4.0436E-12 4.2241E-12 4.3805E-12 4.3549E-12 4.2912E-12 4.2162E-12 4.1298E-12 4.0320E-12 3.9230E-12 3.8959E-12 4.0115E-12 4.1097E-12 4.2031E-12 4.4541E-12 4.6518E-12 1.8923E-12 2.1164E-12
0.0000E+00 0.0000E+00 0.0000E+00 0.0000E+00 0.0000E+00 0.0000E+00 0.0000E+00 0.0000E+00 0.0000E+00 0.0000E+00 0.0000E+00 0.0000E+00 0.0000E+00 0.0000E+00 0.0000E+00 0.0000E+00 0.0000E+00 0.0000E+00 0.0000E+00 0.0000E+00 0.0000E+00 0.0000E+00 0.0000E+00 0.0000E+00 0.0000E+00 0.0000E+00 0.0000E+00 0.0000E+00 0.0000E+00 0.0000E+00 0.0000E+00 0.0000E+00 0.0000E+00 0.0000E+00 0.0000E+00 0.0000E+00 0.0000E+00 0.0000E+00 0.0000E+00 0.0000E+00 0.0000E+00 0.0000E+00 0.0000E+00 0.0000E+00 0.0000E+00 0.0000E+00 0.0000E+00 0.0000E+00 0.0000E+00 0.0000E+00 0.0000E+00 0.0000E+00 0.0000E+00 0.0000E+00 0.0000E+00 0.0000E+00 0.0000E+00
0.0000E+00 0.0000E+00 0.0000E+00 0.0000E+00 0.0000E+00 0.0000E+00 0.0000E+00 0.0000E+00 0.0000E+00 0.0000E+00 0.0000E+00 0.0000E+00 0.0000E+00 0.0000E+00 0.0000E+00 0.0000E+00 0.0000E+00 0.0000E+00 0.0000E+00 0.0000E+00 0.0000E+00 0.0000E+00 0.0000E+00 0.0000E+00 0.0000E+00 0.0000E+00 0.0000E+00 0.0000E+00 0.0000E+00 0.0000E+00 0.0000E+00 0.0000E+00 0.0000E+00 0.0000E+00 0.0000E+00 0.0000E+00 0.0000E+00 0.0000E+00 0.0000E+00 0.0000E+00 0.0000E+00 0.0000E+00 0.0000E+00 0.0000E+00 0.0000E+00 0.0000E+00 0.0000E+00 0.0000E+00 0.0000E+00 0.0000E+00 0.0000E+00 0.0000E+00 0.0000E+00 0.0000E+00 0.0000E+00 0.0000E+00 0.0000E+00
0.0000E+00 0.0000E+00 0.0000E+00 0.0000E+00 0.0000E+00 0.0000E+00 0.0000E+00 0.0000E+00 0.0000E+00 0.0000E+00 0.0000E+00 0.0000E+00 0.0000E+00 0.0000E+00 0.0000E+00 0.0000E+00 0.0000E+00 0.0000E+00 0.0000E+00 0.0000E+00 0.0000E+00 0.0000E+00 0.0000E+00 0.0000E+00 0.0000E+00 0.0000E+00 0.0000E+00 0.0000E+00 0.0000E+00 0.0000E+00 0.0000E+00 0.0000E+00 0.0000E+00 0.0000E+00 0.0000E+00 0.0000E+00 0.0000E+00 0.0000E+00 0.0000E+00 0.0000E+00 0.0000E+00 0.0000E+00 0.0000E+00 0.0000E+00 0.0000E+00 0.0000E+00 0.0000E+00 0.0000E+00 0.0000E+00 0.0000E+00 0.0000E+00 0.0000E+00 0.0000E+00 0.0000E+00 0.0000E+00 0.0000E+00 0.0000E+00
0.0000E+00 0.0000E+00 0.0000E+00 0.0000E+00 0.0000E+00 0.0000E+00 0.0000E+00 0.0000E+00 0.0000E+00 0.0000E+00 0.0000E+00 0.0000E+00 0.0000E+00 0.0000E+00 0.0000E+00 0.0000E+00 0.0000E+00 0.0000E+00 0.0000E+00 0.0000E+00 0.0000E+00 0.0000E+00 0.0000E+00 0.0000E+00 0.0000E+00 0.0000E+00 0.0000E+00 0.0000E+00 0.0000E+00 0.0000E+00 0.0000E+00 0.0000E+00 0.0000E+00 0.0000E+00 0.0000E+00 0.0000E+00 0.0000E+00 0.0000E+00 0.0000E+00 0.0000E+00 0.0000E+00 0.0000E+00 0.0000E+00 0.0000E+00 0.0000E+00 0.0000E+00 0.0000E+00 0.0000E+00 0.0000E+00 0.0000E+00 0.0000E+00 0.0000E+00 0.0000E+00 0.0000E+00 0.0000E+00 0.0000E+00 0.0000E+00
0.0000E+00 0.0000E+00 0.0000E+00 0.0000E+00 0.0000E+00 0.0000E+00 0.0000E+00 0.0000E+00 0.0000E+00 0.0000E+00 0.0000E+00 0.0000E+00 0.0000E+00 0.0000E+00 0.0000E+00 0.0000E+00 0.0000E+00 0.0000E+00 0.0000E+00 0.0000E+00 0.0000E+00 0.0000E+00 0.0000E+00 0.0000E+00 0.0000E+00 0.0000E+00 0.0000E+00 0.0000E+00 0.0000E+00 0.0000E+00 0.0000E+00 0.0000E+00 0.0000E+00 0.0000E+00 0.0000E+00 0.0000E+00 0.0000E+00 0.0000E+00 0.0000E+00 0.0000E+00 0.0000E+00 0.0000E+00 0.0000E+00 0.0000E+00 0.0000E+00 0.0000E+00 0.0000E+00 0.0000E+00 0.0000E+00 0.0000E+00 0.0000E+00 0.0000E+00 0.0000E+00 0.0000E+00 0.0000E+00 0.0000E+00 0.0000E+00
0.0000E+00 0.0000E+00 0.0000E+00 0.0000E+00 0.0000E+00 0.0000E+00 0.0000E+00 0.0000E+00 0.0000E+00 0.0000E+00 0.0000E+00 0.0000E+00 0.0000E+00 0.0000E+00 0.0000E+00 0.0000E+00 0.0000E+00 0.0000E+00 0.0000E+00 0.0000E+00 0.0000E+00 0.0000E+00 0.0000E+00 0.0000E+00 0.0000E+00 0.0000E+00 0.0000E+00 0.0000E+00 0.0000E+00 0.0000E+00 0.0000E+00 0.0000E+00 0.0000E+00 0.0000E+00 0.0000E+00 0.0000E+00 0.0000E+00 0.0000E+00 0.0000E+00 0.0000E+00 0.0000E+00 0.0000E+00 0.0000E+00 0.0000E+00 0.0000E+00 0.0000E+00 0.0000E+00 0.0000E+00 0.0000E+00 0.0000E+00 0.0000E+00 0.0000E+00 0.0000E+00 0.0000E+00 0.0000E+00 0.0000E+00 0.0000E+00
