Assets/Resources/2015_m01_d15_1200(utc+0800)_l00_csi_1hr_conc.grd
DSAA
         159         159
     -79.000      79.000
     -79.000      79.000
  0.0000E+00  0.6258E-05
[rows 50 to 74 of 159, columns 0 to 56 of 159]
2.4743E-10 2.5658E-10 2.6726E-10 2.7701E-10 2.8700E-10 2.9768E-10 3.0917E-10 3.2005E-10 3.3119E-10 3.4405E-10 3.5587E-10 3.6796E-10 3.8184E-10 3.9465E-10 4.0775E-10 4.2276E-10 4.3663E-10 4.5080E-10 4.6702E-10 4.8202E-10 4.9734E-10 5.1483E-10 5.3104E-10 5.4758E-10 5.6644E-10 5.8394E-10 6.0181E-10 6.2147E-10 6.4102E-10 6.6031E-10 6.8125E-10 7.0217E-10 7.2293E-10 7.4474E-10 7.6779E-10 7.9009E-10 8.1283E-10 8.3744E-10 8.6201E-10 8.8639E-10 9.1263E-10 9.3886E-10 9.6492E-10 9.9216E-10 1.0207E-09 1.0485E-09 1.0768E-09 1.1070E-09 1.1372E-09 1.1671E-09 1.1975E-09 1.2300E-09 1.2624E-09 1.2991E-09 1.3516E-09 1.4132E-09 1.4801E-09
2.4829E-10 2.5863E-10 2.6805E-10 2.7771E-10 2.8846E-10 2.9916E-10 3.0967E-10 3.2043E-10 3.3289E-10 3.4432E-10 3.5600E-10 3.6946E-10 3.8184E-10 3.9450E-10 4.0906E-10 4.2247E-10 4.3618E-10 4.5191E-10 4.6642E-10 4.8124E-10 4.9822E-10 5.1390E-10 5.2991E-10 5.4823E-10 5.6518E-10 5.8247E-10 6.0223E-10 6.2053E-10 6.3921E-10 6.5955E-10 6.7985E-10 6.9997E-10 7.2114E-10 7.4354E-10 7.6518E-10 7.8788E-10 8.1183E-10 8.3504E-10 8.5870E-10 8.8424E-10 9.0976E-10 9.3507E-10 9.6226E-10 9.8944E-10 1.0164E-09 1.0439E-09 1.0734E-09 1.1028E-09 1.1320E-09 1.1624E-09 1.1941E-09 1.2250E-09 1.2622E-09 1.3169E-09 1.3786E-09 1.4435E-09 1.4995E-09
2.5029E-10 2.5940E-10 2.6872E-10 2.7955E-10 2.8947E-10 2.9963E-10 3.1047E-10 3.2211E-10 3.3315E-10 3.4443E-10 3.5748E-10 3.6945E-10 3.8218E-10 3.9580E-10 4.0877E-10 4.2255E-10 4.3728E-10 4.5131E-10 4.6620E-10 4.8212E-10 4.9729E-10 5.1339E-10 5.3058E-10 5.4698E-10 5.6436E-10 5.8292E-10 6.0064E-10 6.1873E-10 6.3907E-10 6.5817E-10 6.7766E-10 6.9882E-10 7.1997E-10 7.4093E-10 7.6297E-10 7.8626E-10 8.0877E-10 8.3238E-10 8.5724E-10 8.8137E-10 9.0594E-10 9.3241E-10 9.5885E-10 9.8509E-10 1.0125E-09 1.0413E-09 1.0692E-09 1.0976E-09 1.1272E-09 1.1582E-09 1.1882E-09 1.2253E-09 1.2799E-09 1.3413E-09 1.4055E-09 1.4613E-09 1.5138E-09
2.5103E-10 2.6004E-10 2.7053E-10 2.8012E-10 2.8993E-10 3.0041E-10 3.1168E-10 3.2234E-10 3.3371E-10 3.4589E-10 3.5746E-10 3.6978E-10 3.8298E-10 3.9551E-10 4.0935E-10 4.2312E-10 4.3669E-10 4.5165E-10 4.6654E-10 4.8121E-10 4.9738E-10 5.1347E-10 5.2934E-10 5.4680E-10 5.6419E-10 5.8135E-10 5.9943E-10 6.1862E-10 6.3711E-10 6.5657E-10 6.7714E-10 6.9705E-10 7.1737E-10 7.3938E-10 7.6138E-10 7.8321E-10 8.0675E-10 8.3030E-10 8.5370E-10 8.7820E-10 9.0396E-10 9.2899E-10 9.5447E-10 9.8181E-10 1.0091E-09 1.0363E-09 1.0639E-09 1.0934E-09 1.1229E-09 1.1522E-09 1.1894E-09 1.2422E-09 1.3019E-09 1.3656E-09 1.4221E-09 1.4742E-09 1.5281E-09
2.5164E-10 2.6181E-10 2.7107E-10 2.8055E-10 2.9111E-10 3.0160E-10 3.1190E-10 3.2289E-10 3.3469E-10 3.4587E-10 3.5826E-10 3.7057E-10 3.8268E-10 3.9609E-10 4.0942E-10 4.2253E-10 4.3703E-10 4.5145E-10 4.6564E-10 4.8131E-10 4.9690E-10 5.1225E-10 5.2919E-10 5.4604E-10 5.6264E-10 5.8072E-10 5.9878E-10 6.1669E-10 6.3554E-10 6.5551E-10 6.7480E-10 6.9506E-10 7.1645E-10 7.3719E-10 7.5834E-10 7.8121E-10 8.0407E-10 8.2676E-10 8.5117E-10 8.7560E-10 8.9988E-10 9.2461E-10 9.5186E-10 9.7777E-10 1.0041E-09 1.0316E-09 1.0604E-09 1.0884E-09 1.1169E-09 1.1536E-09 1.2032E-09 1.2618E-09 1.3251E-09 1.3821E-09 1.4340E-09 1.4882E-09 1.5480E-09
2.5339E-10 2.6233E-10 2.7150E-10 2.8212E-10 2.9185E-10 3.0181E-10 3.1287E-10 3.2386E-10 3.3467E-10 3.4712E-10 3.5857E-10 3.7028E-10 3.8375E-10 3.9616E-10 4.0884E-10 4.2341E-10 4.3684E-10 4.5057E-10 4.6632E-10 4.8085E-10 4.9570E-10 5.1272E-10 5.2845E-10 5.4451E-10 5.6257E-10 5.7955E-10 5.9688E-10 6.1570E-10 6.3453E-10 6.5320E-10 6.7283E-10 6.9360E-10 7.1369E-10 7.3477E-10 7.5699E-10 7.7856E-10 8.0055E-10 8.2427E-10 8.4798E-10 8.7153E-10 8.9616E-10 9.2204E-10 9.4718E-10 9.7276E-10 9.9948E-10 1.0275E-09 1.0547E-09 1.0823E-09 1.1174E-09 1.1644E-09 1.2207E-09 1.2837E-09 1.3403E-09 1.3932E-09 1.4474E-09 1.5081E-09 1.5721E-09
2.5389E-10 2.6274E-10 2.7304E-10 2.8244E-10 2.9206E-10 3.0319E-10 3.1340E-10 3.2384E-10 3.3590E-10 3.4697E-10 3.5829E-10 3.7135E-10 3.8335E-10 3.9560E-10 4.0973E-10 4.2272E-10 4.3598E-10 4.5127E-10 4.6532E-10 4.7968E-10 4.9620E-10 5.1142E-10 5.2695E-10 5.4448E-10 5.6091E-10 5.7767E-10 5.9647E-10 6.1417E-10 6.3224E-10 6.5184E-10 6.7143E-10 6.9088E-10 7.1131E-10 7.3288E-10 7.5378E-10 7.7508E-10 7.9872E-10 8.2111E-10 8.4394E-10 8.6846E-10 8.9299E-10 9.1737E-10 9.4218E-10 9.6881E-10 9.9542E-10 1.0218E-09 1.0494E-09 1.0824E-09 1.1259E-09 1.1782E-09 1.2409E-09 1.2981E-09 1.3513E-09 1.4057E-09 1.4671E-09 1.5302E-09 1.5969E-09
2.5429E-10 2.6426E-10 2.7335E-10 2.8264E-10 2.9342E-10 3.0329E-10 3.1338E-10 3.2507E-10 3.3577E-10 3.4670E-10 3.5936E-10 3.7095E-10 3.8280E-10 3.9650E-10 4.0905E-10 4.2240E-10 4.3670E-10 4.5029E-10 4.6474E-10 4.8021E-10 4.9492E-10 5.1046E-10 5.2696E-10 5.4285E-10 5.5907E-10 5.7731E-10 5.9444E-10 6.1193E-10 6.3093E-10 6.4991E-10 6.6874E-10 6.8910E-10 7.0948E-10 7.2971E-10 7.5092E-10 7.7330E-10 7.9500E-10 8.1711E-10 8.4091E-10 8.6472E-10 8.8835E-10 9.1241E-10 9.3894E-10 9.6412E-10 9.8973E-10 1.0173E-09 1.0469E-09 1.0872E-09 1.1377E-09 1.1982E-09 1.2548E-09 1.3085E-09 1.3642E-09 1.4241E-09 1.4869E-09 1.5535E-09 1.6227E-09
2.5578E-10 2.6456E-10 2.7354E-10 2.8399E-10 2.9352E-10 3.0327E-10 3.1459E-10 3.2493E-10 3.3550E-10 3.4777E-10 3.5898E-10 3.7091E-10 3.8371E-10 3.9584E-10 4.0876E-10 4.2261E-10 4.3575E-10 4.5028E-10 4.6474E-10 4.7896E-10 4.9400E-10 5.1000E-10 5.2536E-10 5.4156E-10 5.5875E-10 5.7532E-10 5.9224E-10 6.1121E-10 6.2906E-10 6.4727E-10 6.6702E-10 6.8676E-10 7.0634E-10 7.2747E-10 7.4862E-10 7.6963E-10 7.9104E-10 8.1475E-10 8.3723E-10 8.6013E-10 8.8407E-10 9.0923E-10 9.3364E-10 9.5847E-10 9.8532E-10 1.0130E-09 1.0496E-09 1.0967E-09 1.1538E-09 1.2106E-09 1.2650E-09 1.3219E-09 1.3802E-09 1.4422E-09 1.5085E-09 1.5775E-09 1.6534E-09
2.5608E-10 2.6476E-10 2.7487E-10 2.8409E-10 2.9351E-10 3.0448E-10 3.1447E-10 3.2512E-10 3.3657E-10 3.4740E-10 3.5894E-10 3.7134E-10 3.8307E-10 3.9607E-10 4.0899E-10 4.2170E-10 4.3577E-10 4.4976E-10 4.6352E-10 4.7856E-10 4.9358E-10 5.0844E-10 5.2412E-10 5.4078E-10 5.5681E-10 5.7369E-10 5.9157E-10 6.0884E-10 6.2647E-10 6.4616E-10 6.6473E-10 6.8368E-10 7.0417E-10 7.2466E-10 7.4500E-10 7.6631E-10 7.8875E-10 8.1052E-10 8.3270E-10 8.5652E-10 8.8034E-10 9.0399E-10 9.2805E-10 9.5490E-10 9.8011E-10 1.0132E-09 1.0570E-09 1.1095E-09 1.1671E-09 1.2204E-09 1.2777E-09 1.3356E-09 1.3964E-09 1.4621E-09 1.5306E-09 1.6071E-09 1.6868E-09
2.5627E-10 2.6607E-10 2.7497E-10 2.8408E-10 2.9471E-10 3.0436E-10 3.1467E-10 3.2575E-10 3.3622E-10 3.4785E-10 3.5939E-10 3.7073E-10 3.8381E-10 3.9582E-10 4.0810E-10 4.2227E-10 4.3529E-10 4.4859E-10 4.6363E-10 4.7769E-10 4.9206E-10 5.0773E-10 5.2338E-10 5.3889E-10 5.5522E-10 5.7256E-10 5.8926E-10 6.0683E-10 6.2541E-10 6.4338E-10 6.6172E-10 6.8212E-10 7.0142E-10 7.2111E-10 7.4230E-10 7.6351E-10 7.8459E-10 8.0606E-10 8.2975E-10 8.5226E-10 8.7517E-10 8.9920E-10 9.2457E-10 9.4901E-10 9.7740E-10 1.0187E-09 1.0665E-09 1.1221E-09 1.1766E-09 1.2325E-09 1.2901E-09 1.3496E-09 1.4142E-09 1.4829E-09 1.5578E-09 1.6370E-09 1.7223E-09
2.5757E-10 2.6617E-10 2.7537E-10 2.8527E-10 2.9460E-10 3.0499E-10 3.1530E-10 3.2541E-10 3.3712E-10 3.4784E-10 3.5880E-10 3.7148E-10 3.8310E-10 3.9497E-10 4.0870E-10 4.2129E-10 4.3414E-10 4.4872E-10 4.6232E-10 4.7622E-10 4.9187E-10 5.0655E-10 5.2154E-10 5.3785E-10 5.5414E-10 5.7030E-10 5.8780E-10 6.0531E-10 6.2270E-10 6.4095E-10 6.6023E-10 6.7890E-10 6.9794E-10 7.1848E-10 7.3903E-10 7.5943E-10 7.8021E-10 8.0320E-10 8.2499E-10 8.4717E-10 8.7117E-10 8.9510E-10 9.1877E-10 9.4469E-10 9.8115E-10 1.0247E-09 1.0771E-09 1.1325E-09 1.1861E-09 1.2428E-09 1.3023E-09 1.3651E-09 1.4339E-09 1.5067E-09 1.5848E-09 1.6695E-09 1.7610E-09
2.5768E-10 2.6657E-10 2.7615E-10 2.8517E-10 2.9564E-10 3.0520E-10 3.1498E-10 3.2632E-10 3.3669E-10 3.4728E-10 3.5957E-10 3.7080E-10 3.8227E-10 3.9559E-10 4.0775E-10 4.2018E-10 4.3432E-10 4.4746E-10 4.6089E-10 4.7607E-10 4.9026E-10 5.0475E-10 5.2103E-10 5.3633E-10 5.5195E-10 5.6890E-10 5.8585E-10 6.0266E-10 6.2033E-10 6.3901E-10 6.5707E-10 6.7549E-10 6.9593E-10 7.1529E-10 7.3503E-10 7.5569E-10 7.7744E-10 7.9853E-10 8.2000E-10 8.4327E-10 8.6647E-10 8.8938E-10 9.1412E-10 9.4548E-10 9.8400E-10 1.0312E-09 1.0876E-09 1.1407E-09 1.1960E-09 1.2542E-09 1.3154E-09 1.3839E-09 1.4541E-09 1.5307E-09 1.6140E-09 1.7046E-09 1.8056E-09
2.5845E-10 2.6735E-10 2.7607E-10 2.8621E-10 2.9545E-10 3.0490E-10 3.1589E-10 3.2591E-10 3.3615E-10 3.4806E-10 3.5891E-10 3.7048E-10 3.8291E-10 3.9467E-10 4.0712E-10 4.2039E-10 4.3310E-10 4.4608E-10 4.6079E-10 4.7451E-10 4.8852E-10 5.0429E-10 5.1909E-10 5.3419E-10 5.5061E-10 5.6701E-10 5.8327E-10 6.0086E-10 6.1846E-10 6.3593E-10 6.5374E-10 6.7356E-10 6.9229E-10 7.1138E-10 7.3138E-10 7.5246E-10 7.7286E-10 7.9363E-10 8.1688E-10 8.3868E-10 8.6086E-10 8.8486E-10 9.1084E-10 9.4630E-10 9.8893E-10 1.0427E-09 1.0944E-09 1.1475E-09 1.2048E-09 1.2662E-09 1.3325E-09 1.4006E-09 1.4750E-09 1.5564E-09 1.6461E-09 1.7450E-09 1.8507E-09
2.5885E-10 2.6728E-10 2.7710E-10 2.8604E-10 2.9517E-10 3.0582E-10 3.1550E-10 3.2539E-10 3.3694E-10 3.4743E-10 3.5862E-10 3.7066E-10 3.8203E-10 3.9408E-10 4.0692E-10 4.1921E-10 4.3220E-10 4.4601E-10 4.5928E-10 4.7282E-10 4.8811E-10 5.0241E-10 5.1701E-10 5.3339E-10 5.4879E-10 5.6450E-10 5.8154E-10 5.9857E-10 6.1546E-10 6.3319E-10 6.5190E-10 6.7001E-10 6.8847E-10 7.0836E-10 7.2825E-10 7.4799E-10 7.6807E-10 7.9063E-10 8.1172E-10 8.3319E-10 8.5713E-10 8.7963E-10 9.1048E-10 9.4868E-10 9.9613E-10 1.0492E-09 1.1007E-09 1.1563E-09 1.2153E-09 1.2798E-09 1.3464E-09 1.4183E-09 1.4971E-09 1.5853E-09 1.6812E-09 1.7852E-09 1.9001E-09
2.5879E-10 2.6831E-10 2.7694E-10 2.8577E-10 2.9609E-10 3.0545E-10 3.1544E-10 3.2620E-10 3.3634E-10 3.4763E-10 3.5883E-10 3.6982E-10 3.8189E-10 3.9391E-10 4.0579E-10 4.1835E-10 4.3173E-10 4.4455E-10 4.5809E-10 4.7246E-10 4.8629E-10 5.0040E-10 5.1627E-10 5.3116E-10 5.4635E-10 5.6332E-10 5.7933E-10 5.9565E-10 6.1280E-10 6.3093E-10 6.4844E-10 6.6628E-10 6.8606E-10 7.0480E-10 7.2388E-10 7.4395E-10 7.6519E-10 7.8559E-10 8.0635E-10 8.2959E-10 8.5136E-10 8.7585E-10 9.1094E-10 9.5356E-10 1.0032E-09 1.0528E-09 1.1064E-09 1.1653E-09 1.2269E-09 1.2922E-09 1.3610E-09 1.4369E-09 1.5229E-09 1.6152E-09 1.7164E-09 1.8283E-09 1.9549E-09
2.5982E-10 2.6817E-10 2.7670E-10 2.8670E-10 2.9574E-10 3.0541E-10 3.1583E-10 3.2563E-10 3.3656E-10 3.4740E-10 3.5803E-10 3.7011E-10 3.8134E-10 3.9282E-10 4.0539E-10 4.1793E-10 4.3033E-10 4.4341E-10 4.5733E-10 4.7070E-10 4.8478E-10 4.9972E-10 5.1411E-10 5.2879E-10 5.4524E-10 5.6071E-10 5.7649E-10 5.9356E-10 6.1063E-10 6.2756E-10 6.4481E-10 6.6398E-10 6.8209E-10 7.0054E-10 7.2057E-10 7.4054E-10 7.6027E-10 7.8099E-10 8.0288E-10 8.2394E-10 8.4536E-10 8.7597E-10 9.1260E-10 9.5666E-10 1.0084E-09 1.0579E-09 1.1150E-09 1.1738E-09 1.2374E-09 1.3038E-09 1.3762E-09 1.4587E-09 1.5475E-09 1.6453E-09 1.7531E-09 1.8774E-09 2.0115E-09
2.5969E-10 2.6794E-10 2.7763E-10 2.8637E-10 2.9614E-10 3.0581E-10 3.1529E-10 3.2631E-10 3.3636E-10 3.4663E-10 3.5834E-10 3.6920E-10 3.8030E-10 3.9246E-10 4.0459E-10 4.1658E-10 4.2966E-10 4.4271E-10 4.5563E-10 4.6925E-10 4.8371E-10 4.9762E-10 5.1181E-10 5.2775E-10 5.4270E-10 5.5796E-10 5.7495E-10 5.9099E-10 6.0735E-10 6.2403E-10 6.4260E-10 6.6011E-10 6.7795E-10 6.9794E-10 7.1667E-10 7.3575E-10 7.5641E-10 7.7701E-10 7.9738E-10 8.1810E-10 8.4299E-10 8.7544E-10 9.1455E-10 9.6065E-10 1.0100E-09 1.0651E-09 1.1210E-09 1.1809E-09 1.2471E-09 1.3165E-09 1.3943E-09 1.4789E-09 1.5727E-09 1.6762E-09 1.7954E-09 1.9254E-09 2.0688E-09
2.5948E-10 2.6887E-10 2.7732E-10 2.8678E-10 2.9614E-10 3.0530E-10 3.1599E-10 3.2570E-10 3.3563E-10 3.4697E-10 3.5747E-10 3.6820E-10 3.8037E-10 3.9171E-10 4.0329E-10 4.1595E-10 4.2858E-10 4.4107E-10 4.5467E-10 4.6824E-10 4.8169E-10 4.9584E-10 5.1084E-10 5.2529E-10 5.4003E-10 5.5649E-10 5.7200E-10 5.8781E-10 6.0441E-10 6.2192E-10 6.3885E-10 6.5609E-10 6.7546E-10 6.9357E-10 7.1201E-10 7.3202E-10 7.5196E-10 7.7165E-10 7.9168E-10 8.1405E-10 8.4078E-10 8.7431E-10 9.1629E-10 9.6540E-10 1.0146E-09 1.0692E-09 1.1279E-09 1.1896E-09 1.2568E-09 1.3303E-09 1.4104E-09 1.4994E-09 1.5990E-09 1.7111E-09 1.8360E-09 1.9745E-09 2.1340E-09
2.6041E-10 2.6859E-10 2.7814E-10 2.8680E-10 2.9566E-10 3.0601E-10 3.1540E-10 3.2500E-10 3.3599E-10 3.4614E-10 3.5651E-10 3.6830E-10 3.7926E-10 3.9046E-10 4.0311E-10 4.1493E-10 4.2700E-10 4.4016E-10 4.5330E-10 4.6629E-10 4.7998E-10 4.9450E-10 5.0846E-10 5.2271E-10 5.3865E-10 5.5364E-10 5.6892E-10 5.8497E-10 6.0192E-10 6.1828E-10 6.3494E-10 6.5371E-10 6.7122E-10 6.8904E-10 7.0900E-10 7.2771E-10 7.4675E-10 7.6611E-10 7.8779E-10 8.0852E-10 8.3848E-10 8.7380E-10 9.1769E-10 9.6863E-10 1.0179E-09 1.0725E-09 1.1322E-09 1.1991E-09 1.2673E-09 1.3426E-09 1.4264E-09 1.5206E-09 1.6264E-09 1.7454E-09 1.8775E-09 2.0295E-09 2.1948E-09
2.6015E-10 2.6941E-10 2.7778E-10 2.8634E-10 2.9638E-10 3.0546E-10 3.1474E-10 3.2538E-10 3.3519E-10 3.4522E-10 3.5665E-10 3.6724E-10 3.7806E-10 3.9032E-10 4.0175E-10 4.1341E-10 4.2655E-10 4.3885E-10 4.5141E-10 4.6507E-10 4.7870E-10 4.9220E-10 5.0597E-10 5.2140E-10 5.3589E-10 5.5066E-10 5.6663E-10 5.8258E-10 5.9839E-10 6.1449E-10 6.3267E-10 6.4959E-10 6.6682E-10 6.8616E-10 7.0424E-10 7.2264E-10 7.4196E-10 7.6237E-10 7.8199E-10 8.0489E-10 8.3668E-10 8.7519E-10 9.2036E-10 9.6836E-10 1.0217E-09 1.0761E-09 1.1386E-09 1.2060E-09 1.2761E-09 1.3545E-09 1.4437E-09 1.5425E-09 1.6531E-09 1.7782E-09 1.9231E-09 2.0815E-09 2.2624E-09
2.6098E-10 2.6908E-10 2.7735E-10 2.8708E-10 2.9586E-10 3.0483E-10 3.1514E-10 3.2463E-10 3.3432E-10 3.4539E-10 3.5563E-10 3.6609E-10 3.7797E-10 3.8901E-10 4.0028E-10 4.1301E-10 4.2490E-10 4.3704E-10 4.5025E-10 4.6344E-10 4.7648E-10 4.8979E-10 5.0474E-10 5.1874E-10 5.3301E-10 5.4890E-10 5.6389E-10 5.7917E-10 5.9526E-10 6.1234E-10 6.2869E-10 6.4534E-10 6.6407E-10 6.8154E-10 6.9933E-10 7.1801E-10 7.3777E-10 7.5674E-10 7.7601E-10 8.0169E-10 8.3561E-10 8.7569E-10 9.2219E-10 9.6845E-10 1.0225E-09 1.0819E-09 1.1442E-09 1.2117E-09 1.2845E-09 1.3682E-09 1.4598E-09 1.5623E-09 1.6819E-09 1.8185E-09 1.9724E-09 2.1565E-09 2.3719E-09
2.6067E-10 2.6868E-10 2.7810E-10 2.8659E-10 2.9526E-10 3.0525E-10 3.1442E-10 3.2379E-10 3.3452E-10 3.4442E-10 3.5453E-10 3.6603E-10 3.7670E-10 3.8760E-10 3.9993E-10 4.1142E-10 4.2315E-10 4.3634E-10 4.4869E-10 4.6130E-10 4.7457E-10 4.8863E-10 5.0216E-10 5.1595E-10 5.3134E-10 5.4583E-10 5.6059E-10 5.7615E-10 5.9268E-10 6.0848E-10 6.2456E-10 6.4271E-10 6.5959E-10 6.7678E-10 6.9542E-10 7.1398E-10 7.3231E-10 7.5094E-10 7.6994E-10 8.0027E-10 8.3370E-10 8.7421E-10 9.2239E-10 9.6948E-10 1.0248E-09 1.0844E-09 1.1485E-09 1.2169E-09 1.2944E-09 1.3793E-09 1.4745E-09 1.5850E-09 1.7114E-09 1.8575E-09 2.0398E-09 2.2364E-09 2.4835E-09
2.6030E-10 2.6943E-10 2.7764E-10 2.8602E-10 2.9570E-10 3.0457E-10 3.1363E-10 3.2402E-10 3.3359E-10 3.4336E-10 3.5450E-10 3.6482E-10 3.7536E-10 3.8729E-10 3.9840E-10 4.0974E-10 4.2251E-10 4.3445E-10 4.4664E-10 4.5947E-10 4.7308E-10 4.8615E-10 4.9948E-10 5.1437E-10 5.2837E-10 5.4263E-10 5.5819E-10 5.7368E-10 5.8895E-10 6.0502E-10 6.2206E-10 6.3838E-10 6.5499E-10 6.7357E-10 6.9097E-10 7.0868E-10 7.2669E-10 7.4499E-10 7.6763E-10 7.9686E-10 8.3164E-10 8.7294E-10 9.2038E-10 9.7170E-10 1.0261E-09 1.0859E-09 1.1514E-09 1.2235E-09 1.3015E-09 1.3893E-09 1.4909E-09 1.6078E-09 1.7432E-09 1.9162E-09 2.1013E-09 2.3225E-09 2.5988E-09
2.6106E-10 2.6900E-10 2.7744E-10 2.8648E-10 2.9506E-10 3.0382E-10 3.1388E-10 3.2313E-10 3.3258E-10 3.4337E-10 3.5335E-10 3.6353E-10 3.7509E-10 3.8583E-10 3.9679E-10 4.0915E-10 4.2070E-10 4.3247E-10 4.4528E-10 4.5805E-10 4.7068E-10 4.8356E-10 4.9798E-10 5.1151E-10 5.2529E-10 5.4034E-10 5.5532E-10 5.7007E-10 5.8561E-10 6.0210E-10 6.1787E-10 6.3392E-10 6.5191E-10 6.6873E-10 6.8585E-10 7.0325E-10 7.2093E-10 7.4076E-10 7.6402E-10 7.9336E-10 8.2911E-10 8.7177E-10 9.1946E-10 9.7079E-10 1.0268E-09 1.0872E-09 1.1557E-09 1.2274E-09 1.3077E-09 1.4024E-09 1.5049E-09 1.6312E-09 1.7939E-09 1.9636E-09 2.1743E-09 2.4218E-09 2.7270E-09
