Assets/Resources/2015_m01_d16_1600(utc+0800)_l00_csi_1hr_conc.grd
DSAA
         159         159
     -79.000      79.000
     -79.000      79.000
  0.0000E+00  0.1913E-05
[rows 25 to 49 of 159, columns 57 to 113 of 159]
0.0000E+00 0.0000E+00 0.0000E+00 0.0000E+00 0.0000E+00 0.0000E+00 0.0000E+00 0.0000E+00 0.0000E+00 0.0000E+00 0.0000E+00 0.0000E+00 0.0000E+00 0.0000E+00 0.0000E+00 0.0000E+00 0.0000E+00 0.0000E+00 0.0000E+00 0.0000E+00 0.0000E+00 0.0000E+00 0.0000E+00 0.0000E+00 0.0000E+00 0.0000E+00 0.0000E+00 0.0000E+00 0.0000E+00 0.0000E+00 0.0000E+00 0.0000E+00 0.0000E+00 0.0000E+00 0.0000E+00 0.0000E+00 4.1032E-13 2.1155E-12 3.1079E-12 4.8941E-12 6.8340E-12 2.1205E-11 2.8061E-11 3.7812E-11 4.6712E-11 5.5719E-11 7.6721E-11 9.3833E-11 1.2871E-10 1.6468E-10 2.1238E-10 2.6280E-10 3.2220E-10 3.9035E-10 4.5102E-10 5.1833E-10 5.9661E-10
0.0000E+00 0.0000E+00 0.0000E+00 0.0000E+00 0.0000E+00 0.0000E+00 0.0000E+00 0.0000E+00 0.0000E+00 0.0000E+00 0.0000E+00 0.0000E+00 0.0000E+00 0.0000E+00 0.0000E+00 0.0000E+00 0.0000E+00 0.0000E+00 0.0000E+00 0.0000E+00 0.0000E+00 0.0000E+00 0.0000E+00 0.0000E+00 0.0000E+00 0.0000E+00 0.0000E+00 0.0000E+00 0.0000E+00 0.0000E+00 0.0000E+00 0.0000E+00 0.0000E+00 0.0000E+00 0.0000E+00 1.0149E-12 2.6661E-12 4.5158E-12 6.6785E-12 8.1340E-12 2.3095E-11 4.0422E-11 5.2601E-11 6.4148E-11 7.6862E-11 9.4283E-11 1.1983E-10 1.4496E-10 1.9254E-10 2.2856E-10 2.8126E-10 3.3517E-10 4.0287E-10 4.7136E-10 5.3507E-10 6.0860E-10 6.9299E-10
0.0000E+00 0.0000E+00 0.0000E+00 0.0000E+00 0.0000E+00 0.0000E+00 0.0000E+00 0.0000E+00 0.0000E+00 0.0000E+00 0.0000E+00 0.0000E+00 0.0000E+00 0.0000E+00 0.0000E+00 0.0000E+00 0.0000E+00 0.0000E+00 0.0000E+00 0.0000E+00 0.0000E+00 0.0000E+00 0.0000E+00 0.0000E+00 0.0000E+00 0.0000E+00 0.0000E+00 0.0000E+00 0.0000E+00 0.0000E+00 0.0000E+00 0.0000E+00 0.0000E+00 0.0000E+00 1.3969E-12 3.4100E-12 5.8774E-12 7.7592E-12 1.0702E-11 2.3216E-11 4.4425E-11 6.0589E-11 7.6203E-11 9.3022E-11 1.1231E-10 1.4004E-10 1.6574E-10 2.0602E-10 2.5157E-10 3.0043E-10 3.5306E-10 4.1456E-10 4.8748E-10 5.5900E-10 6.2997E-10 7.1049E-10 8.0063E-10
0.0000E+00 0.0000E+00 0.0000E+00 0.0000E+00 0.0000E+00 0.0000E+00 0.0000E+00 0.0000E+00 0.0000E+00 0.0000E+00 0.0000E+00 0.0000E+00 0.0000E+00 0.0000E+00 0.0000E+00 0.0000E+00 0.0000E+00 0.0000E+00 0.0000E+00 0.0000E+00 0.0000E+00 0.0000E+00 0.0000E+00 0.0000E+00 0.0000E+00 0.0000E+00 0.0000E+00 0.0000E+00 0.0000E+00 0.0000E+00 0.0000E+00 0.0000E+00 0.0000E+00 1.5742E-12 4.1338E-12 6.5795E-12 9.6469E-12 1.2716E-11 2.0148E-11 4.9269E-11 7.6300E-11 9.7897E-11 1.2017E-10 1.4501E-10 1.7202E-10 2.0833E-10 2.4090E-10 3.0033E-10 3.4252E-10 3.9560E-10 4.5398E-10 5.2281E-10 5.9995E-10 6.7142E-10 7.4695E-10 8.3496E-10 9.3383E-10
0.0000E+00 0.0000E+00 0.0000E+00 0.0000E+00 0.0000E+00 0.0000E+00 0.0000E+00 0.0000E+00 0.0000E+00 0.0000E+00 0.0000E+00 0.0000E+00 0.0000E+00 0.0000E+00 0.0000E+00 0.0000E+00 0.0000E+00 0.0000E+00 0.0000E+00 0.0000E+00 0.0000E+00 0.0000E+00 0.0000E+00 0.0000E+00 0.0000E+00 0.0000E+00 0.0000E+00 0.0000E+00 0.0000E+00 0.0000E+00 0.0000E+00 0.0000E+00 1.3133E-12 4.4961E-12 7.5026E-12 1.1081E-11 1.6318E-11 2.4665E-11 5.5280E-11 8.9115E-11 1.1837E-10 1.4547E-10 1.7735E-10 2.1201E-10 2.4912E-10 2.8858E-10 3.3485E-10 3.9590E-10 4.4707E-10 5.0547E-10 5.6896E-10 6.4705E-10 7.2875E-10 8.0187E-10 8.8443E-10 9.7712E-10 1.0833E-09
0.0000E+00 0.0000E+00 0.0000E+00 0.0000E+00 0.0000E+00 0.0000E+00 0.0000E+00 0.0000E+00 0.0000E+00 0.0000E+00 0.0000E+00 0.0000E+00 0.0000E+00 0.0000E+00 0.0000E+00 0.0000E+00 0.0000E+00 0.0000E+00 0.0000E+00 0.0000E+00 0.0000E+00 0.0000E+00 0.0000E+00 0.0000E+00 0.0000E+00 0.0000E+00 0.0000E+00 0.0000E+00 0.0000E+00 0.0000E+00 0.0000E+00 1.2800E-12 4.5576E-12 8.1715E-12 1.3355E-11 1.9535E-11 2.9076E-11 4.8758E-11 9.6796E-11 1.3921E-10 1.7861E-10 2.1807E-10 2.6037E-10 3.0430E-10 3.5418E-10 4.0203E-10 4.7140E-10 5.2640E-10 5.8417E-10 6.5097E-10 7.2074E-10 8.0504E-10 8.8312E-10 9.6428E-10 1.0538E-09 1.1542E-09 1.2671E-09
0.0000E+00 0.0000E+00 0.0000E+00 0.0000E+00 0.0000E+00 0.0000E+00 0.0000E+00 0.0000E+00 0.0000E+00 0.0000E+00 0.0000E+00 0.0000E+00 0.0000E+00 0.0000E+00 0.0000E+00 0.0000E+00 0.0000E+00 0.0000E+00 0.0000E+00 0.0000E+00 0.0000E+00 0.0000E+00 0.0000E+00 0.0000E+00 0.0000E+00 0.0000E+00 0.0000E+00 0.0000E+00 0.0000E+00 0.0000E+00 1.2138E-12 4.1618E-12 8.3822E-12 1.6065E-11 2.2105E-11 3.7057E-11 5.5221E-11 1.0819E-10 1.6147E-10 2.1569E-10 2.5914E-10 3.2059E-10 3.7840E-10 4.3281E-10 4.9334E-10 5.4934E-10 6.2776E-10 6.9075E-10 7.5512E-10 8.2806E-10 9.0698E-10 9.8999E-10 1.0726E-09 1.1562E-09 1.2510E-09 1.3579E-09 1.4792E-09
0.0000E+00 0.0000E+00 0.0000E+00 0.0000E+00 0.0000E+00 0.0000E+00 0.0000E+00 0.0000E+00 0.0000E+00 0.0000E+00 0.0000E+00 0.0000E+00 0.0000E+00 0.0000E+00 0.0000E+00 0.0000E+00 0.0000E+00 0.0000E+00 0.0000E+00 0.0000E+00 0.0000E+00 0.0000E+00 0.0000E+00 0.0000E+00 0.0000E+00 0.0000E+00 0.0000E+00 0.0000E+00 0.0000E+00 1.0372E-12 3.9301E-12 9.0189E-12 1.6724E-11 2.5761E-11 3.8179E-11 6.2005E-11 1.0178E-10 1.7070E-10 2.3779E-10 3.0492E-10 3.7347E-10 4.4491E-10 5.1805E-10 5.8782E-10 6.5813E-10 7.4245E-10 8.1536E-10 8.8586E-10 9.6343E-10 1.0417E-09 1.1244E-09 1.2065E-09 1.2967E-09 1.3869E-09 1.4869E-09 1.6001E-09 1.7276E-09
0.0000E+00 0.0000E+00 0.0000E+00 0.0000E+00 0.0000E+00 0.0000E+00 0.0000E+00 0.0000E+00 0.0000E+00 0.0000E+00 0.0000E+00 0.0000E+00 0.0000E+00 0.0000E+00 0.0000E+00 0.0000E+00 0.0000E+00 0.0000E+00 0.0000E+00 0.0000E+00 0.0000E+00 0.0000E+00 0.0000E+00 0.0000E+00 0.0000E+00 0.0000E+00 0.0000E+00 0.0000E+00 0.0000E+00 3.1500E-12 9.1112E-12 1.6766E-11 3.0190E-11 4.2155E-11 7.6565E-11 1.0959E-10 1.9065E-10 2.7402E-10 3.6244E-10 4.3448E-10 5.4157E-10 6.3450E-10 7.2249E-10 8.1101E-10 8.8841E-10 9.8604E-10 1.0689E-09 1.1436E-09 1.2280E-09 1.3102E-09 1.3928E-09 1.4755E-09 1.5676E-09 1.6614E-09 1.7665E-09 1.8854E-09 2.0193E-09
0.0000E+00 0.0000E+00 0.0000E+00 0.0000E+00 0.0000E+00 0.0000E+00 0.0000E+00 0.0000E+00 0.0000E+00 0.0000E+00 0.0000E+00 0.0000E+00 0.0000E+00 0.0000E+00 0.0000E+00 0.0000E+00 0.0000E+00 0.0000E+00 0.0000E+00 0.0000E+00 0.0000E+00 0.0000E+00 0.0000E+00 0.0000E+00 0.0000E+00 0.0000E+00 0.0000E+00 0.0000E+00 1.5475E-12 8.5960E-12 1.6972E-11 3.1591E-11 4.6790E-11 7.7205E-11 1.1757E-10 1.8269E-10 2.8518E-10 3.8668E-10 4.9604E-10 6.0789E-10 7.2467E-10 8.4315E-10 9.5036E-10 1.0544E-09 1.1639E-09 1.2608E-09 1.3564E-09 1.4444E-09 1.5315E-09 1.6180E-09 1.7005E-09 1.7919E-09 1.8856E-09 1.9823E-09 2.0917E-09 2.2158E-09 2.3574E-09
0.0000E+00 0.0000E+00 0.0000E+00 0.0000E+00 0.0000E+00 0.0000E+00 0.0000E+00 0.0000E+00 0.0000E+00 0.0000E+00 0.0000E+00 0.0000E+00 0.0000E+00 0.0000E+00 0.0000E+00 0.0000E+00 0.0000E+00 0.0000E+00 0.0000E+00 0.0000E+00 0.0000E+00 0.0000E+00 0.0000E+00 0.0000E+00 0.0000E+00 0.0000E+00 0.0000E+00 9.8194E-14 5.0502E-12 1.6404E-11 3.1231E-11 5.0558E-11 6.9411E-11 1.3702E-10 1.9568E-10 3.1549E-10 4.3913E-10 5.7521E-10 6.9195E-10 8.6084E-10 1.0070E-09 1.1497E-09 1.2851E-09 1.3989E-09 1.5230E-09 1.6333E-09 1.7326E-09 1.8252E-09 1.9136E-09 1.9949E-09 2.0783E-09 2.1707E-09 2.2658E-09 2.3640E-09 2.4748E-09 2.6012E-09 2.7472E-09
0.0000E+00 0.0000E+00 0.0000E+00 0.0000E+00 0.0000E+00 0.0000E+00 0.0000E+00 0.0000E+00 0.0000E+00 0.0000E+00 0.0000E+00 0.0000E+00 0.0000E+00 0.0000E+00 0.0000E+00 0.0000E+00 0.0000E+00 0.0000E+00 0.0000E+00 0.0000E+00 0.0000E+00 0.0000E+00 0.0000E+00 0.0000E+00 0.0000E+00 0.0000E+00 0.0000E+00 2.4227E-12 1.4686E-11 3.0131E-11 5.0371E-11 7.3863E-11 1.4075E-10 2.1157E-10 3.2430E-10 4.7055E-10 6.2309E-10 7.9163E-10 9.6586E-10 1.1491E-09 1.3323E-09 1.5003E-09 1.6561E-09 1.8063E-09 1.9383E-09 2.0606E-09 2.1688E-09 2.2649E-09 2.3553E-09 2.4367E-09 2.5219E-09 2.6128E-09 2.7056E-09 2.8044E-09 2.9169E-09 3.0456E-09 3.1938E-09
0.0000E+00 0.0000E+00 0.0000E+00 0.0000E+00 0.0000E+00 0.0000E+00 0.0000E+00 0.0000E+00 0.0000E+00 0.0000E+00 0.0000E+00 0.0000E+00 0.0000E+00 0.0000E+00 0.0000E+00 0.0000E+00 0.0000E+00 0.0000E+00 0.0000E+00 0.0000E+00 0.0000E+00 0.0000E+00 0.0000E+00 0.0000E+00 0.0000E+00 0.0000E+00 3.3661E-14 9.6755E-12 2.8058E-11 4.8440E-11 7.5458E-11 1.2531E-10 2.2498E-10 3.2840E-10 5.0061E-10 6.8278E-10 8.8413E-10 1.0687E-09 1.3216E-09 1.5481E-09 1.7697E-09 1.9784E-09 2.1505E-09 2.3159E-09 2.4666E-09 2.5970E-09 2.7084E-09 2.8020E-09 2.8863E-09 2.9647E-09 3.0468E-09 3.1318E-09 3.2211E-09 3.3159E-09 3.4246E-09 3.5505E-09 3.6953E-09
0.0000E+00 0.0000E+00 0.0000E+00 0.0000E+00 0.0000E+00 0.0000E+00 0.0000E+00 0.0000E+00 0.0000E+00 0.0000E+00 0.0000E+00 0.0000E+00 0.0000E+00 0.0000E+00 0.0000E+00 0.0000E+00 0.0000E+00 0.0000E+00 0.0000E+00 0.0000E+00 0.0000E+00 0.0000E+00 0.0000E+00 0.0000E+00 0.0000E+00 0.0000E+00 3.5488E-12 2.3417E-11 4.5010E-11 7.2076E-11 1.0622E-10 2.2226E-10 3.4920E-10 5.3035E-10 7.5010E-10 9.8462E-10 1.2389E-09 1.5040E-09 1.7809E-09 2.0595E-09 2.3110E-09 2.5408E-09 2.7565E-09 2.9330E-09 3.0901E-09 3.2236E-09 3.3326E-09 3.4231E-09 3.5023E-09 3.5735E-09 3.6519E-09 3.7272E-09 3.8080E-09 3.8974E-09 3.9989E-09 4.1168E-09 4.2533E-09
0.0000E+00 0.0000E+00 0.0000E+00 0.0000E+00 0.0000E+00 0.0000E+00 0.0000E+00 0.0000E+00 0.0000E+00 0.0000E+00 0.0000E+00 0.0000E+00 0.0000E+00 0.0000E+00 0.0000E+00 0.0000E+00 0.0000E+00 0.0000E+00 0.0000E+00 0.0000E+00 0.0000E+00 0.0000E+00 0.0000E+00 0.0000E+00 0.0000E+00 0.0000E+00 1.3737E-11 4.0219E-11 6.7051E-11 1.0312E-10 1.9262E-10 3.3750E-10 5.0871E-10 7.6305E-10 1.0360E-09 1.3386E-09 1.6343E-09 1.9964E-09 2.3324E-09 2.6648E-09 2.9763E-09 3.2289E-09 3.4560E-09 3.6630E-09 3.8308E-09 3.9671E-09 4.0692E-09 4.1529E-09 4.2222E-09 4.2819E-09 4.3484E-09 4.4090E-09 4.4753E-09 4.5505E-09 4.6396E-09 4.7433E-09 4.8671E-09
0.0000E+00 0.0000E+00 0.0000E+00 0.0000E+00 0.0000E+00 0.0000E+00 0.0000E+00 0.0000E+00 0.0000E+00 0.0000E+00 0.0000E+00 0.0000E+00 0.0000E+00 0.0000E+00 0.0000E+00 0.0000E+00 0.0000E+00 0.0000E+00 0.0000E+00 0.0000E+00 0.0000E+00 0.0000E+00 0.0000E+00 0.0000E+00 0.0000E+00 2.4464E-12 3.1250E-11 6.0036E-11 9.4879E-11 1.5864E-10 3.1980E-10 5.1110E-10 7.8371E-10 1.1078E-09 1.4595E-09 1.8409E-09 2.2372E-09 2.6485E-09 3.0582E-09 3.4331E-09 3.7708E-09 4.0812E-09 4.3166E-09 4.5247E-09 4.6929E-09 4.8183E-09 4.9086E-09 4.9812E-09 5.0360E-09 5.0835E-09 5.1293E-09 5.1688E-09 5.2174E-09 5.2769E-09 5.3434E-09 5.4261E-09 5.5305E-09
0.0000E+00 0.0000E+00 0.0000E+00 0.0000E+00 0.0000E+00 0.0000E+00 0.0000E+00 0.0000E+00 0.0000E+00 0.0000E+00 0.0000E+00 0.0000E+00 0.0000E+00 0.0000E+00 0.0000E+00 0.0000E+00 0.0000E+00 0.0000E+00 0.0000E+00 0.0000E+00 0.0000E+00 0.0000E+00 0.0000E+00 0.0000E+00 0.0000E+00 1.5791E-11 5.1461E-11 8.5079E-11 1.3198E-10 2.6969E-10 4.7123E-10 7.4937E-10 1.1158E-09 1.5238E-09 1.9716E-09 2.4282E-09 2.9317E-09 3.4297E-09 3.9027E-09 4.3576E-09 4.7216E-09 5.0386E-09 5.3118E-09 5.5253E-09 5.6849E-09 5.7970E-09 5.8713E-09 5.9276E-09 5.9581E-09 5.9805E-09 5.9962E-09 6.0125E-09 6.0357E-09 6.0697E-09 6.1075E-09 6.1639E-09 6.2423E-09
0.0000E+00 0.0000E+00 0.0000E+00 0.0000E+00 0.0000E+00 0.0000E+00 0.0000E+00 0.0000E+00 0.0000E+00 0.0000E+00 0.0000E+00 0.0000E+00 0.0000E+00 0.0000E+00 0.0000E+00 0.0000E+00 0.0000E+00 0.0000E+00 0.0000E+00 0.0000E+00 0.0000E+00 0.0000E+00 0.0000E+00 0.0000E+00 4.1520E-13 3.6422E-11 7.3460E-11 1.1658E-10 2.0943E-10 4.3224E-10 7.2764E-10 1.1270E-09 1.6032E-09 2.1216E-09 2.6783E-09 3.2546E-09 3.8471E-09 4.4378E-09 4.9652E-09 5.4473E-09 5.8799E-09 6.1936E-09 6.4644E-09 6.6686E-09 6.8063E-09 6.8958E-09 6.9476E-09 6.9743E-09 6.9785E-09 6.9663E-09 6.9497E-09 6.9359E-09 6.9248E-09 6.9190E-09 6.9235E-09 6.9480E-09 6.9967E-09
0.0000E+00 0.0000E+00 0.0000E+00 0.0000E+00 0.0000E+00 0.0000E+00 0.0000E+00 0.0000E+00 0.0000E+00 0.0000E+00 0.0000E+00 0.0000E+00 0.0000E+00 0.0000E+00 0.0000E+00 0.0000E+00 0.0000E+00 0.0000E+00 0.0000E+00 0.0000E+00 0.0000E+00 0.0000E+00 0.0000E+00 0.0000E+00 1.2077E-11 5.9125E-11 1.0062E-10 1.6981E-10 3.5584E-10 6.5303E-10 1.0755E-09 1.6063E-09 2.2032E-09 2.8520E-09 3.5278E-09 4.2317E-09 4.9339E-09 5.5903E-09 6.2189E-09 6.7260E-09 7.1597E-09 7.5111E-09 7.7755E-09 7.9551E-09 8.0628E-09 8.1191E-09 8.1401E-09 8.1264E-09 8.0880E-09 8.0359E-09 7.9771E-09 7.9226E-09 7.8691E-09 7.8172E-09 7.7806E-09 7.7700E-09 7.7835E-09
0.0000E+00 0.0000E+00 0.0000E+00 0.0000E+00 0.0000E+00 0.0000E+00 0.0000E+00 0.0000E+00 0.0000E+00 0.0000E+00 0.0000E+00 0.0000E+00 0.0000E+00 0.0000E+00 0.0000E+00 0.0000E+00 0.0000E+00 0.0000E+00 0.0000E+00 0.0000E+00 0.0000E+00 0.0000E+00 0.0000E+00 0.0000E+00 3.4993E-11 8.8957E-11 1.5265E-10 2.8766E-10 5.9594E-10 1.0414E-09 1.6209E-09 2.3133E-09 3.0652E-09 3.8660E-09 4.6851E-09 5.5110E-09 6.3179E-09 7.0276E-09 7.6815E-09 8.2541E-09 8.6715E-09 9.0127E-09 9.2461E-09 9.3814E-09 9.4468E-09 9.4547E-09 9.4247E-09 9.3629E-09 9.2712E-09 9.1718E-09 9.0637E-09 8.9546E-09 8.8455E-09 8.7452E-09 8.6661E-09 8.6149E-09 8.5948E-09
0.0000E+00 0.0000E+00 0.0000E+00 0.0000E+00 0.0000E+00 0.0000E+00 0.0000E+00 0.0000E+00 0.0000E+00 0.0000E+00 0.0000E+00 0.0000E+00 0.0000E+00 0.0000E+00 0.0000E+00 0.0000E+00 0.0000E+00 0.0000E+00 0.0000E+00 0.0000E+00 0.0000E+00 0.0000E+00 0.0000E+00 7.1490E-12 7.2663E-11 1.4452E-10 2.5252E-10 5.1884E-10 9.7345E-10 1.5773E-09 2.3515E-09 3.2193E-09 4.1574E-09 5.1306E-09 6.0945E-09 7.0301E-09 7.8942E-09 8.7064E-09 9.3683E-09 9.9251E-09 1.0358E-08 1.0672E-08 1.0860E-08 1.0936E-08 1.0941E-08 1.0885E-08 1.0789E-08 1.0667E-08 1.0517E-08 1.0358E-08 1.0190E-08 1.0016E-08 9.8446E-09 9.6911E-09 9.5663E-09 9.4734E-09 9.4189E-09
0.0000E+00 0.0000E+00 0.0000E+00 0.0000E+00 0.0000E+00 0.0000E+00 0.0000E+00 0.0000E+00 0.0000E+00 0.0000E+00 0.0000E+00 0.0000E+00 0.0000E+00 0.0000E+00 0.0000E+00 0.0000E+00 0.0000E+00 0.0000E+00 0.0000E+00 0.0000E+00 0.0000E+00 0.0000E+00 4.9737E-12 4.0938E-11 1.4092E-10 2.5252E-10 4.6647E-10 9.0436E-10 1.6334E-09 2.4225E-09 3.4264E-09 4.5274E-09 5.6648E-09 6.8007E-09 7.8910E-09 8.9363E-09 9.8280E-09 1.0633E-08 1.1329E-08 1.1835E-08 1.2230E-08 1.2481E-08 1.2593E-08 1.2600E-08 1.2521E-08 1.2383E-08 1.2215E-08 1.2014E-08 1.1799E-08 1.1565E-08 1.1325E-08 1.1081E-08 1.0848E-08 1.0639E-08 1.0468E-08 1.0336E-08 1.0239E-08
0.0000E+00 0.0000E+00 0.0000E+00 0.0000E+00 0.0000E+00 0.0000E+00 0.0000E+00 0.0000E+00 0.0000E+00 0.0000E+00 0.0000E+00 0.0000E+00 0.0000E+00 0.0000E+00 0.0000E+00 0.0000E+00 0.0000E+00 0.0000E+00 0.0000E+00 0.0000E+00 0.0000E+00 5.3884E-12 1.2914E-11 1.2426E-10 2.5833E-10 4.4891E-10 8.5608E-10 1.7727E-09 2.5730E-09 3.6037E-09 4.8865E-09 6.2361E-09 7.5885E-09 8.8654E-09 1.0052E-08 1.1109E-08 1.2075E-08 1.2822E-08 1.3443E-08 1.3915E-08 1.4239E-08 1.4405E-08 1.4420E-08 1.4335E-08 1.4157E-08 1.3923E-08 1.3667E-08 1.3375E-08 1.3083E-08 1.2771E-08 1.2445E-08 1.2130E-08 1.1834E-08 1.1570E-08 1.1351E-08 1.1182E-08 1.1042E-08
0.0000E+00 0.0000E+00 0.0000E+00 0.0000E+00 0.0000E+00 0.0000E+00 0.0000E+00 0.0000E+00 0.0000E+00 0.0000E+00 0.0000E+00 0.0000E+00 0.0000E+00 0.0000E+00 0.0000E+00 0.0000E+00 0.0000E+00 0.0000E+00 0.0000E+00 0.0000E+00 4.9929E-12 1.4941E-11 8.6081E-11 2.4952E-10 4.6335E-10 8.3027E-10 1.8888E-09 3.1341E-09 4.0704E-09 5.3921E-09 6.9760E-09 8.5782E-09 1.0102E-08 1.1467E-08 1.2716E-08 1.3723E-08 1.4584E-08 1.5298E-08 1.5789E-08 1.6154E-08 1.6357E-08 1.6396E-08 1.6300E-08 1.6096E-08 1.5807E-08 1.5463E-08 1.5103E-08 1.4722E-08 1.4336E-08 1.3933E-08 1.3519E-08 1.3137E-08 1.2781E-08 1.2464E-08 1.2204E-08 1.1992E-08 1.1811E-08
0.0000E+00 0.0000E+00 0.0000E+00 0.0000E+00 0.0000E+00 0.0000E+00 0.0000E+00 0.0000E+00 0.0000E+00 0.0000E+00 0.0000E+00 0.0000E+00 0.0000E+00 0.0000E+00 0.0000E+00 0.0000E+00 0.0000E+00 0.0000E+00 0.0000E+00 8.8887E-13 1.3782E-11 5.5216E-11 2.1165E-10 4.5295E-10 8.1883E-10 1.4980E-09 3.4594E-09 5.5323E-09 6.2347E-09 7.8521E-09 9.7247E-09 1.1570E-08 1.3186E-08 1.4562E-08 1.5716E-08 1.6682E-08 1.7373E-08 1.7897E-08 1.8268E-08 1.8471E-08 1.8516E-08 1.8404E-08 1.8179E-08 1.7829E-08 1.7420E-08 1.6959E-08 1.6484E-08 1.6007E-08 1.5519E-08 1.5023E-08 1.4529E-08 1.4077E-08 1.3667E-08 1.3306E-08 1.3008E-08 1.2752E-08 1.2531E-08
