Assets/Resources/2015_m01_d31_0700(utc+0800)_l00_csi_1hr_conc.grd
DSAA
         159         159
     -79.000      79.000
     -79.000      79.000
  0.0000E+00  0.7841E-05
[rows 0 to 24 of 159, columns 57 to 113 of 159]
2.2339E-09 2.5521E-09 2.8957E-09 3.2631E-09 3.6510E-09 4.0597E-09 4.4855E-09 4.9203E-09 5.3571E-09 5.7927E-09 6.2206E-09 6.6319E-09 7.0155E-09 7.3632E-09 7.6677E-09 7.9227E-09 8.1216E-09 8.2587E-09 8.3302E-09 8.3324E-09 8.2641E-09 8.1264E-09 7.9222E-09 7.6562E-09 7.3388E-09 6.9757E-09 6.5804E-09 6.1546E-09 5.7090E-09 5.2445E-09 4.7705E-09 4.2929E-09 3.8207E-09 3.3649E-09 2.9329E-09 2.5293E-09 2.1562E-09 1.8200E-09 1.5233E-09 1.2600E-09 1.0304E-09 8.2997E-10 6.6435E-10 5.2540E-10 4.0478E-10 3.1172E-10 2.3802E-10 1.7141E-10 1.2476E-10 7.4764E-11 2.5638E-11 1.0121E-11 4.7613E-12 1.5702E-12 0.0000E+00 0.0000E+00 0.0000E+00
2.3780E-09 2.7218E-09 3.0947E-09 3.4935E-09 3.9193E-09 4.3704E-09 4.8379E-09 5.3164E-09 5.8034E-09 6.2918E-09 6.7704E-09 7.2291E-09 7.6595E-09 8.0547E-09 8.4055E-09 8.7027E-09 8.9374E-09 9.1022E-09 9.1924E-09 9.2050E-09 9.1388E-09 8.9950E-09 8.7752E-09 8.4922E-09 8.1506E-09 7.7634E-09 7.3317E-09 6.8700E-09 6.3762E-09 5.8624E-09 5.3337E-09 4.7979E-09 4.2663E-09 3.7493E-09 3.2583E-09 2.8065E-09 2.3955E-09 2.0229E-09 1.6908E-09 1.3957E-09 1.1450E-09 9.2541E-10 7.3350E-10 5.7887E-10 4.5035E-10 3.4666E-10 2.5530E-10 1.9291E-10 1.3482E-10 7.6010E-11 2.5383E-11 1.0329E-11 5.0065E-12 1.7911E-12 0.0000E+00 0.0000E+00 0.0000E+00
2.5170E-09 2.8878E-09 3.2895E-09 3.7234E-09 4.1899E-09 4.6804E-09 5.1907E-09 5.7198E-09 6.2600E-09 6.8000E-09 7.3299E-09 7.8427E-09 8.3292E-09 8.7782E-09 9.1773E-09 9.5160E-09 9.7857E-09 9.9796E-09 1.0093E-08 1.0119E-08 1.0060E-08 9.9147E-09 9.6890E-09 9.3915E-09 9.0313E-09 8.6135E-09 8.1502E-09 7.6371E-09 7.0938E-09 6.5221E-09 5.9316E-09 5.3349E-09 4.7421E-09 4.1672E-09 3.6197E-09 3.1114E-09 2.6456E-09 2.2348E-09 1.8704E-09 1.5448E-09 1.2581E-09 1.0203E-09 8.1422E-10 6.3625E-10 4.9709E-10 3.7395E-10 2.8404E-10 2.0942E-10 1.4195E-10 7.6612E-11 2.5176E-11 1.1471E-11 5.8289E-12 2.0138E-12 0.0000E+00 0.0000E+00 0.0000E+00
2.6504E-09 3.0469E-09 3.4788E-09 3.9502E-09 4.4536E-09 4.9851E-09 5.5452E-09 6.1267E-09 6.7176E-09 7.3106E-09 7.8989E-09 8.4718E-09 9.0163E-09 9.5187E-09 9.9674E-09 1.0351E-08 1.0663E-08 1.0894E-08 1.1037E-08 1.1086E-08 1.1038E-08 1.0895E-08 1.0668E-08 1.0356E-08 9.9791E-09 9.5384E-09 9.0336E-09 8.4804E-09 7.8800E-09 7.2435E-09 6.5824E-09 5.9095E-09 5.2437E-09 4.6037E-09 3.9998E-09 3.4394E-09 2.9239E-09 2.4590E-09 2.0509E-09 1.6996E-09 1.3880E-09 1.1154E-09 8.9412E-10 7.0067E-10 5.3732E-10 4.1194E-10 3.1244E-10 2.2706E-10 1.4604E-10 7.8543E-11 2.6919E-11 1.1994E-11 6.2936E-12 1.9180E-12 0.0000E+00 0.0000E+00 0.0000E+00
2.7755E-09 3.1967E-09 3.6624E-09 4.1677E-09 4.7078E-09 5.2856E-09 5.8950E-09 6.5247E-09 7.1698E-09 7.8233E-09 8.4741E-09 9.1057E-09 9.7073E-09 1.0266E-08 1.0772E-08 1.1212E-08 1.1575E-08 1.1848E-08 1.2022E-08 1.2090E-08 1.2051E-08 1.1921E-08 1.1693E-08 1.1383E-08 1.0990E-08 1.0518E-08 9.9793E-09 9.3736E-09 8.7150E-09 8.0118E-09 7.2769E-09 6.5302E-09 5.7894E-09 5.0740E-09 4.3981E-09 3.7772E-09 3.2148E-09 2.7066E-09 2.2501E-09 1.8505E-09 1.5141E-09 1.2218E-09 9.6793E-10 7.6513E-10 5.8633E-10 4.5223E-10 3.3904E-10 2.3893E-10 1.5057E-10 7.8898E-11 3.8918E-11 1.2578E-11 6.3174E-12 1.5832E-12 0.0000E+00 0.0000E+00 0.0000E+00
2.8882E-09 3.3372E-09 3.8337E-09 4.3704E-09 4.9523E-09 5.5761E-09 6.2304E-09 6.9120E-09 7.6160E-09 8.3301E-09 9.0397E-09 9.7330E-09 1.0399E-08 1.1025E-08 1.1595E-08 1.2090E-08 1.2500E-08 1.2815E-08 1.3024E-08 1.3120E-08 1.3114E-08 1.2996E-08 1.2786E-08 1.2471E-08 1.2062E-08 1.1567E-08 1.0985E-08 1.0328E-08 9.5996E-09 8.8167E-09 8.0007E-09 7.1751E-09 6.3607E-09 5.5759E-09 4.8318E-09 4.1416E-09 3.5115E-09 2.9531E-09 2.4598E-09 2.0211E-09 1.6394E-09 1.3250E-09 1.0548E-09 8.2487E-10 6.3815E-10 4.8895E-10 3.6388E-10 2.4894E-10 1.5464E-10 9.5971E-11 4.1761E-11 1.2827E-11 6.0467E-12 1.2723E-12 0.0000E+00 0.0000E+00 0.0000E+00
2.9891E-09 3.4659E-09 3.9879E-09 4.5597E-09 5.1827E-09 5.8460E-09 6.5480E-09 7.2858E-09 8.0478E-09 8.8197E-09 9.5916E-09 1.0353E-08 1.1087E-08 1.1780E-08 1.2412E-08 1.2968E-08 1.3435E-08 1.3801E-08 1.4055E-08 1.4199E-08 1.4214E-08 1.4136E-08 1.3936E-08 1.3629E-08 1.3211E-08 1.2686E-08 1.2066E-08 1.1345E-08 1.0542E-08 9.6764E-09 8.7726E-09 7.8576E-09 6.9544E-09 6.0878E-09 5.2765E-09 4.5260E-09 3.8382E-09 3.2153E-09 2.6660E-09 2.1939E-09 1.7798E-09 1.4222E-09 1.1349E-09 8.8931E-10 6.8552E-10 5.2885E-10 3.8343E-10 2.6754E-10 1.7354E-10 9.7894E-11 4.3379E-11 1.2618E-11 5.5943E-12 1.0081E-12 0.0000E+00 0.0000E+00 0.0000E+00
3.0779E-09 3.5761E-09 4.1249E-09 4.7320E-09 5.3896E-09 6.0945E-09 6.8469E-09 7.6373E-09 8.4516E-09 9.2835E-09 1.0123E-08 1.0956E-08 1.1761E-08 1.2521E-08 1.3220E-08 1.3843E-08 1.4372E-08 1.4797E-08 1.5110E-08 1.5296E-08 1.5372E-08 1.5315E-08 1.5140E-08 1.4834E-08 1.4400E-08 1.3855E-08 1.3181E-08 1.2400E-08 1.1518E-08 1.0568E-08 9.5784E-09 8.5760E-09 7.5886E-09 6.6378E-09 5.7414E-09 4.9129E-09 4.1644E-09 3.4915E-09 2.8879E-09 2.3598E-09 1.9187E-09 1.5361E-09 1.2096E-09 9.5314E-10 7.3189E-10 5.6129E-10 4.0732E-10 2.8683E-10 1.8298E-10 9.9330E-11 4.4471E-11 1.2509E-11 4.9242E-12 6.2440E-13 0.0000E+00 0.0000E+00 0.0000E+00
3.1490E-09 3.6652E-09 4.2428E-09 4.8798E-09 5.5705E-09 6.3187E-09 7.1173E-09 7.9548E-09 8.8260E-09 9.7232E-09 1.0631E-08 1.1530E-08 1.2402E-08 1.3233E-08 1.4011E-08 1.4710E-08 1.5310E-08 1.5801E-08 1.6168E-08 1.6423E-08 1.6536E-08 1.6532E-08 1.6383E-08 1.6095E-08 1.5665E-08 1.5081E-08 1.4360E-08 1.3497E-08 1.2531E-08 1.1488E-08 1.0401E-08 9.3083E-09 8.2341E-09 7.2040E-09 6.2311E-09 5.3257E-09 4.4990E-09 3.7628E-09 3.1168E-09 2.5457E-09 2.0498E-09 1.6436E-09 1.2962E-09 1.0068E-09 7.8187E-10 5.8852E-10 4.3932E-10 3.0085E-10 1.8678E-10 1.0023E-10 4.4936E-11 1.1897E-11 4.0613E-12 2.9634E-13 0.0000E+00 0.0000E+00 0.0000E+00
3.1997E-09 3.7360E-09 4.3381E-09 4.9991E-09 5.7240E-09 6.5112E-09 7.3500E-09 8.2365E-09 9.1659E-09 1.0125E-08 1.1094E-08 1.2061E-08 1.3010E-08 1.3925E-08 1.4779E-08 1.5548E-08 1.6218E-08 1.6781E-08 1.7239E-08 1.7563E-08 1.7761E-08 1.7798E-08 1.7689E-08 1.7417E-08 1.6969E-08 1.6359E-08 1.5568E-08 1.4637E-08 1.3585E-08 1.2450E-08 1.1270E-08 1.0076E-08 8.9049E-09 7.7794E-09 6.7230E-09 5.7472E-09 4.8549E-09 4.0485E-09 3.3362E-09 2.7266E-09 2.1982E-09 1.7433E-09 1.3792E-09 1.0678E-09 8.2036E-10 6.2230E-10 4.6374E-10 3.1105E-10 1.8987E-10 9.8970E-11 4.5021E-11 1.7271E-11 3.1275E-12 0.0000E+00 0.0000E+00 0.0000E+00 0.0000E+00
3.2282E-09 3.7827E-09 4.4028E-09 5.0884E-09 5.8449E-09 6.6655E-09 7.5430E-09 8.4788E-09 9.4625E-09 1.0476E-08 1.1509E-08 1.2550E-08 1.3579E-08 1.4565E-08 1.5493E-08 1.6345E-08 1.7113E-08 1.7777E-08 1.8319E-08 1.8735E-08 1.8988E-08 1.9085E-08 1.9012E-08 1.8755E-08 1.8305E-08 1.7643E-08 1.6799E-08 1.5787E-08 1.4651E-08 1.3426E-08 1.2151E-08 1.0867E-08 9.6031E-09 8.3856E-09 7.2355E-09 6.1685E-09 5.2035E-09 4.3419E-09 3.5731E-09 2.9006E-09 2.3373E-09 1.8575E-09 1.4504E-09 1.1315E-09 8.5657E-10 6.5158E-10 4.7845E-10 3.1872E-10 1.9052E-10 9.5891E-11 5.1386E-11 1.6896E-11 2.0505E-12 0.0000E+00 0.0000E+00 0.0000E+00 0.0000E+00
3.2362E-09 3.8053E-09 4.4395E-09 5.1478E-09 5.9285E-09 6.7753E-09 7.6925E-09 8.6736E-09 9.7027E-09 1.0772E-08 1.1873E-08 1.2985E-08 1.4083E-08 1.5147E-08 1.6164E-08 1.7120E-08 1.7987E-08 1.8747E-08 1.9387E-08 1.9878E-08 2.0228E-08 2.0397E-08 2.0376E-08 2.0140E-08 1.9667E-08 1.8975E-08 1.8060E-08 1.6977E-08 1.5752E-08 1.4429E-08 1.3053E-08 1.1665E-08 1.0304E-08 8.9953E-09 7.7615E-09 6.6133E-09 5.5636E-09 4.6249E-09 3.8047E-09 3.0899E-09 2.4697E-09 1.9606E-09 1.5323E-09 1.1786E-09 9.0221E-10 6.7235E-10 4.9581E-10 3.2268E-10 1.8912E-10 1.0561E-10 5.5389E-11 1.6465E-11 9.2531E-13 0.0000E+00 0.0000E+00 0.0000E+00 0.0000E+00
3.2233E-09 3.7982E-09 4.4450E-09 5.1705E-09 5.9689E-09 6.8444E-09 7.7961E-09 8.8116E-09 9.8841E-09 1.1012E-08 1.2175E-08 1.3349E-08 1.4520E-08 1.5673E-08 1.6791E-08 1.7841E-08 1.8814E-08 1.9685E-08 2.0435E-08 2.1052E-08 2.1486E-08 2.1740E-08 2.1758E-08 2.1530E-08 2.1047E-08 2.0303E-08 1.9342E-08 1.8182E-08 1.6873E-08 1.5458E-08 1.3985E-08 1.2498E-08 1.1032E-08 9.6189E-09 8.2853E-09 7.0529E-09 5.9317E-09 4.9228E-09 4.0297E-09 3.2655E-09 2.6129E-09 2.0549E-09 1.6067E-09 1.2290E-09 9.3405E-10 6.9269E-10 5.0625E-10 3.2324E-10 2.0013E-10 1.0521E-10 5.3825E-11 1.4425E-11 2.0988E-13 0.0000E+00 0.0000E+00 0.0000E+00 0.0000E+00
3.1858E-09 3.7634E-09 4.4217E-09 5.1564E-09 5.9686E-09 6.8661E-09 7.8432E-09 8.8895E-09 1.0009E-08 1.1187E-08 1.2400E-08 1.3639E-08 1.4894E-08 1.6141E-08 1.7346E-08 1.8510E-08 1.9606E-08 2.0606E-08 2.1482E-08 2.2198E-08 2.2745E-08 2.3057E-08 2.3121E-08 2.2906E-08 2.2404E-08 2.1640E-08 2.0616E-08 1.9389E-08 1.7994E-08 1.6488E-08 1.4920E-08 1.3336E-08 1.1774E-08 1.0264E-08 8.8320E-09 7.5005E-09 6.2913E-09 5.2146E-09 4.2652E-09 3.4365E-09 2.7401E-09 2.1562E-09 1.6662E-09 1.2817E-09 9.5794E-10 7.1230E-10 5.1220E-10 3.3399E-10 2.0145E-10 1.0505E-10 5.0732E-11 1.1377E-11 0.0000E+00 0.0000E+00 0.0000E+00 0.0000E+00 0.0000E+00
3.1259E-09 3.7036E-09 4.3632E-09 5.1014E-09 5.9262E-09 6.8402E-09 7.8349E-09 8.9111E-09 1.0069E-08 1.1284E-08 1.2550E-08 1.3865E-08 1.5200E-08 1.6523E-08 1.7842E-08 1.9128E-08 2.0354E-08 2.1484E-08 2.2477E-08 2.3328E-08 2.3963E-08 2.4368E-08 2.4478E-08 2.4281E-08 2.3786E-08 2.2981E-08 2.1919E-08 2.0620E-08 1.9150E-08 1.7556E-08 1.5890E-08 1.4199E-08 1.2525E-08 1.0908E-08 9.3786E-09 7.9591E-09 6.6628E-09 5.5010E-09 4.4862E-09 3.6117E-09 2.8615E-09 2.2431E-09 1.7314E-09 1.3154E-09 9.8630E-10 7.2108E-10 5.1493E-10 3.4189E-10 1.8882E-10 1.0255E-10 4.5804E-11 8.0958E-12 0.0000E+00 0.0000E+00 0.0000E+00 0.0000E+00 0.0000E+00
3.0410E-09 3.6162E-09 4.2739E-09 5.0124E-09 5.8429E-09 6.7627E-09 7.7703E-09 8.8748E-09 1.0056E-08 1.1308E-08 1.2634E-08 1.4010E-08 1.5408E-08 1.6842E-08 1.8276E-08 1.9692E-08 2.1038E-08 2.2293E-08 2.3446E-08 2.4416E-08 2.5176E-08 2.5648E-08 2.5811E-08 2.5648E-08 2.5144E-08 2.4336E-08 2.3221E-08 2.1872E-08 2.0329E-08 1.8654E-08 1.6894E-08 1.5101E-08 1.3318E-08 1.1587E-08 9.9427E-09 8.4180E-09 7.0335E-09 5.7952E-09 4.7049E-09 3.7716E-09 2.9828E-09 2.3204E-09 1.7870E-09 1.3477E-09 1.0039E-09 7.2695E-10 5.1099E-10 3.3169E-10 1.7739E-10 9.8481E-11 3.9571E-11 5.2338E-12 0.0000E+00 0.0000E+00 0.0000E+00 0.0000E+00 0.0000E+00
2.9372E-09 3.5050E-09 4.1523E-09 4.8870E-09 5.7166E-09 6.6351E-09 7.6554E-09 8.7736E-09 9.9722E-09 1.1267E-08 1.2640E-08 1.4065E-08 1.5556E-08 1.7086E-08 1.8637E-08 2.0157E-08 2.1645E-08 2.3069E-08 2.4355E-08 2.5470E-08 2.6312E-08 2.6866E-08 2.7089E-08 2.6961E-08 2.6493E-08 2.5657E-08 2.4526E-08 2.3129E-08 2.1527E-08 1.9770E-08 1.7912E-08 1.6009E-08 1.4114E-08 1.2272E-08 1.0521E-08 8.8909E-09 7.4047E-09 6.0827E-09 4.9259E-09 3.9284E-09 3.0914E-09 2.3975E-09 1.8296E-09 1.3783E-09 1.0137E-09 7.2863E-10 5.0318E-10 3.1459E-10 1.7404E-10 9.2678E-11 3.1178E-11 3.1693E-12 0.0000E+00 0.0000E+00 0.0000E+00 0.0000E+00 0.0000E+00
2.8143E-09 3.3687E-09 4.0023E-09 4.7292E-09 5.5489E-09 6.4644E-09 7.4894E-09 8.6060E-09 9.8269E-09 1.1153E-08 1.2555E-08 1.4048E-08 1.5621E-08 1.7249E-08 1.8889E-08 2.0559E-08 2.2202E-08 2.3767E-08 2.5197E-08 2.6411E-08 2.7377E-08 2.8031E-08 2.8335E-08 2.8276E-08 2.7821E-08 2.7013E-08 2.5863E-08 2.4435E-08 2.2774E-08 2.0934E-08 1.8977E-08 1.6960E-08 1.4939E-08 1.2970E-08 1.1099E-08 9.3635E-09 7.7837E-09 6.3710E-09 5.1386E-09 4.0843E-09 3.1938E-09 2.4641E-09 1.8695E-09 1.3971E-09 1.0188E-09 7.2387E-10 4.8928E-10 2.9393E-10 1.6838E-10 8.4195E-11 2.4363E-11 1.3227E-12 0.0000E+00 0.0000E+00 0.0000E+00 0.0000E+00 0.0000E+00
2.6755E-09 3.2125E-09 3.8294E-09 4.5400E-09 5.3421E-09 6.2510E-09 7.2662E-09 8.3814E-09 9.6217E-09 1.0959E-08 1.2402E-08 1.3960E-08 1.5602E-08 1.7300E-08 1.9083E-08 2.0884E-08 2.2662E-08 2.4364E-08 2.5925E-08 2.7293E-08 2.8384E-08 2.9158E-08 2.9564E-08 2.9559E-08 2.9164E-08 2.8367E-08 2.7228E-08 2.5779E-08 2.4067E-08 2.2148E-08 2.0089E-08 1.7955E-08 1.5809E-08 1.3711E-08 1.1710E-08 9.8478E-09 8.1588E-09 6.6588E-09 5.3492E-09 4.2317E-09 3.2959E-09 2.5234E-09 1.9044E-09 1.4075E-09 1.0195E-09 7.1740E-10 4.6996E-10 2.7430E-10 1.6118E-10 7.4196E-11 1.8588E-11 0.0000E+00 0.0000E+00 0.0000E+00 0.0000E+00 0.0000E+00 0.0000E+00
2.5212E-09 3.0362E-09 3.6331E-09 4.3223E-09 5.1039E-09 5.9993E-09 6.9937E-09 8.1116E-09 9.3507E-09 1.0697E-08 1.2186E-08 1.3787E-08 1.5479E-08 1.7298E-08 1.9183E-08 2.1102E-08 2.3011E-08 2.4866E-08 2.6588E-08 2.8087E-08 2.9315E-08 3.0204E-08 3.0711E-08 3.0818E-08 3.0491E-08 2.9759E-08 2.8643E-08 2.7177E-08 2.5411E-08 2.3411E-08 2.1243E-08 1.8980E-08 1.6697E-08 1.4462E-08 1.2333E-08 1.0352E-08 8.5471E-09 6.9445E-09 5.5563E-09 4.3727E-09 3.3884E-09 2.5810E-09 1.9320E-09 1.4156E-09 1.0138E-09 7.0491E-10 4.3596E-10 2.6658E-10 1.5096E-10 6.2880E-11 1.3640E-11 0.0000E+00 0.0000E+00 0.0000E+00 0.0000E+00 0.0000E+00 0.0000E+00
2.3555E-09 2.8459E-09 3.4175E-09 4.0796E-09 4.8375E-09 5.7085E-09 6.6809E-09 7.7942E-09 9.0157E-09 1.0386E-08 1.1896E-08 1.3520E-08 1.5301E-08 1.7195E-08 1.9177E-08 2.1212E-08 2.3270E-08 2.5265E-08 2.7114E-08 2.8769E-08 3.0151E-08 3.1200E-08 3.1851E-08 3.2067E-08 3.1843E-08 3.1185E-08 3.0105E-08 2.8635E-08 2.6825E-08 2.4743E-08 2.2464E-08 2.0069E-08 1.7642E-08 1.5255E-08 1.2974E-08 1.0857E-08 8.9406E-09 7.2398E-09 5.7625E-09 4.5135E-09 3.4744E-09 2.6331E-09 1.9529E-09 1.4225E-09 1.0027E-09 6.9005E-10 4.0265E-10 2.5626E-10 1.3416E-10 5.1953E-11 7.6069E-12 0.0000E+00 0.0000E+00 0.0000E+00 0.0000E+00 0.0000E+00 0.0000E+00
2.1820E-09 2.6444E-09 3.1872E-09 3.8172E-09 4.5488E-09 5.3833E-09 6.3392E-09 7.4244E-09 8.6371E-09 1.0016E-08 1.1524E-08 1.3197E-08 1.5030E-08 1.6990E-08 1.9058E-08 2.1224E-08 2.3401E-08 2.5519E-08 2.7537E-08 2.9361E-08 3.0923E-08 3.2134E-08 3.2948E-08 3.3318E-08 3.3228E-08 3.2662E-08 3.1629E-08 3.0159E-08 2.8308E-08 2.6146E-08 2.3753E-08 2.1222E-08 1.8644E-08 1.6102E-08 1.3669E-08 1.1401E-08 9.3447E-09 7.5337E-09 5.9735E-09 4.6520E-09 3.5623E-09 2.6783E-09 1.9775E-09 1.4233E-09 9.9854E-10 6.5999E-10 3.8785E-10 2.4256E-10 1.1628E-10 4.1526E-11 3.2698E-12 0.0000E+00 0.0000E+00 0.0000E+00 0.0000E+00 0.0000E+00 0.0000E+00
2.0020E-09 2.4354E-09 2.9467E-09 3.5420E-09 4.2405E-09 5.0358E-09 5.9662E-09 7.0148E-09 8.2199E-09 9.5794E-09 1.1091E-08 1.2800E-08 1.4664E-08 1.6676E-08 1.8849E-08 2.1101E-08 2.3382E-08 2.5659E-08 2.7843E-08 2.9859E-08 3.1597E-08 3.3005E-08 3.4011E-08 3.4571E-08 3.4637E-08 3.4190E-08 3.3227E-08 3.1775E-08 2.9888E-08 2.7641E-08 2.5125E-08 2.2443E-08 1.9694E-08 1.6977E-08 1.4380E-08 1.1968E-08 9.7815E-09 7.8455E-09 6.1860E-09 4.7938E-09 3.6486E-09 2.7252E-09 1.9954E-09 1.4224E-09 9.9124E-10 6.2125E-10 3.7213E-10 2.2089E-10 1.0165E-10 2.9210E-11 3.0799E-13 0.0000E+00 0.0000E+00 0.0000E+00 0.0000E+00 0.0000E+00 0.0000E+00
1.8195E-09 2.2209E-09 2.6977E-09 3.2536E-09 3.9144E-09 4.6697E-09 5.5650E-09 6.5733E-09 7.7609E-09 9.0837E-09 1.0611E-08 1.2321E-08 1.4196E-08 1.6281E-08 1.8505E-08 2.0835E-08 2.3254E-08 2.5679E-08 2.8038E-08 3.0223E-08 3.2184E-08 3.3826E-08 3.5071E-08 3.5844E-08 3.6090E-08 3.5771E-08 3.4885E-08 3.3457E-08 3.1541E-08 2.9215E-08 2.6579E-08 2.3747E-08 2.0827E-08 1.7927E-08 1.5143E-08 1.2555E-08 1.0226E-08 8.1791E-09 6.4149E-09 4.9376E-09 3.7354E-09 2.7721E-09 2.0123E-09 1.4277E-09 9.7670E-10 5.9878E-10 3.5514E-10 1.9566E-10 8.4335E-11 1.8842E-11 0.0000E+00 0.0000E+00 0.0000E+00 0.0000E+00 0.0000E+00 0.0000E+00 0.0000E+00
1.6316E-09 2.0047E-09 2.4448E-09 2.9616E-09 3.5755E-09 4.2933E-09 5.1357E-09 6.1143E-09 7.2540E-09 8.5501E-09 1.0070E-08 1.1755E-08 1.3668E-08 1.5773E-08 1.8033E-08 2.0463E-08 2.2995E-08 2.5566E-08 2.8089E-08 3.0512E-08 3.2714E-08 3.4613E-08 3.6110E-08 3.7119E-08 3.7570E-08 3.7415E-08 3.6634E-08 3.5248E-08 3.3313E-08 3.0906E-08 2.8139E-08 2.5136E-08 2.2029E-08 1.8943E-08 1.5976E-08 1.3209E-08 1.0709E-08 8.5148E-09 6.6550E-09 5.0972E-09 3.8261E-09 2.8173E-09 2.0311E-09 1.4285E-09 9.5288E-10 5.7878E-10 3.3561E-10 1.7602E-10 6.5939E-11 9.6172E-12 0.0000E+00 0.0000E+00 0.0000E+00 0.0000E+00 0.0000E+00 0.0000E+00 0.0000E+00
