Assets/Resources/2015_m01_d01_2300(utc+0800)_l00_csi_1hr_conc.grd
DSAA
         159         159
     -79.000      79.000
     -79.000      79.000
  0.0000E+00  0.4746E-05
[rows 75 to 99 of 159, columns 57 to 113 of 159]
0.0000E+00 0.0000E+00 0.0000E+00 0.0000E+00 0.0000E+00 0.0000E+00 0.0000E+00 0.0000E+00 0.0000E+00 0.0000E+00 0.0000E+00 0.0000E+00 0.0000E+00 0.0000E+00 0.0000E+00 0.0000E+00 6.9249E-12 3.4841E-11 8.4338E-11 1.5730E-10 2.5414E-10 3.6854E-10 4.9336E-10 7.2615E-10 9.9048E-10 1.2941E-09 1.6450E-09 2.0120E-09 2.6285E-09 3.3003E-09 4.1435E-09 5.0939E-09 6.0976E-09 7.2776E-09 8.4779E-09 9.8206E-09 1.1181E-08 1.2660E-08 1.4140E-08 1.5628E-08 1.7092E-08 1.8499E-08 1.9822E-08 2.1037E-08 2.2127E-08 2.3076E-08 2.3870E-08 2.4476E-08 2.4946E-08 2.5305E-08 2.5571E-08 2.5780E-08 2.5933E-08 2.6060E-08 2.6146E-08 2.6203E-08 2.6245E-08
0.0000E+00 0.0000E+00 0.0000E+00 0.0000E+00 0.0000E+00 0.0000E+00 0.0000E+00 0.0000E+00 0.0000E+00 0.0000E+00 0.0000E+00 0.0000E+00 0.0000E+00 0.0000E+00 0.0000E+00 1.7072E-12 1.7446E-11 5.8184E-11 1.2248E-10 2.1046E-10 3.2043E-10 4.4455E-10 6.6603E-10 9.2142E-10 1.2185E-09 1.5663E-09 1.9293E-09 2.4331E-09 3.1912E-09 4.0555E-09 5.0494E-09 6.1179E-09 7.3988E-09 8.7907E-09 1.0239E-08 1.1848E-08 1.3501E-08 1.5226E-08 1.7007E-08 1.8793E-08 2.0535E-08 2.2200E-08 2.3751E-08 2.5161E-08 2.6405E-08 2.7431E-08 2.8226E-08 2.8837E-08 2.9262E-08 2.9553E-08 2.9751E-08 2.9871E-08 2.9936E-08 2.9944E-08 2.9913E-08 2.9847E-08 2.9762E-08
0.0000E+00 0.0000E+00 0.0000E+00 0.0000E+00 0.0000E+00 0.0000E+00 0.0000E+00 0.0000E+00 0.0000E+00 0.0000E+00 0.0000E+00 0.0000E+00 0.0000E+00 0.0000E+00 0.0000E+00 6.6059E-12 3.5921E-11 8.8485E-11 1.6643E-10 2.6785E-10 3.8853E-10 5.2052E-10 8.3961E-10 1.1249E-09 1.4106E-09 1.8181E-09 2.3015E-09 3.0259E-09 3.8815E-09 4.9015E-09 6.0775E-09 7.3670E-09 8.8730E-09 1.0464E-08 1.2254E-08 1.4130E-08 1.6116E-08 1.8189E-08 2.0320E-08 2.2445E-08 2.4512E-08 2.6473E-08 2.8286E-08 2.9910E-08 3.1228E-08 3.2317E-08 3.3149E-08 3.3709E-08 3.4079E-08 3.4289E-08 3.4378E-08 3.4384E-08 3.4316E-08 3.4197E-08 3.4016E-08 3.3796E-08 3.3549E-08
0.0000E+00 0.0000E+00 0.0000E+00 0.0000E+00 0.0000E+00 0.0000E+00 0.0000E+00 0.0000E+00 0.0000E+00 0.0000E+00 0.0000E+00 0.0000E+00 0.0000E+00 0.0000E+00 1.8503E-13 1.5711E-11 5.7330E-11 1.2279E-10 2.1410E-10 3.2751E-10 4.5559E-10 6.8826E-10 9.6395E-10 1.2907E-09 1.6814E-09 2.1482E-09 2.8257E-09 3.6389E-09 4.6486E-09 5.7765E-09 7.1707E-09 8.7581E-09 1.0518E-08 1.2411E-08 1.4484E-08 1.6719E-08 1.9087E-08 2.1562E-08 2.4091E-08 2.6610E-08 2.9046E-08 3.1345E-08 3.3372E-08 3.5123E-08 3.6613E-08 3.7738E-08 3.8535E-08 3.9072E-08 3.9352E-08 3.9454E-08 3.9413E-08 3.9269E-08 3.9055E-08 3.8759E-08 3.8406E-08 3.8001E-08 3.7575E-08
0.0000E+00 0.0000E+00 0.0000E+00 0.0000E+00 0.0000E+00 0.0000E+00 0.0000E+00 0.0000E+00 0.0000E+00 0.0000E+00 0.0000E+00 0.0000E+00 0.0000E+00 0.0000E+00 3.8988E-12 3.0428E-11 8.2834E-11 1.6161E-10 2.6372E-10 3.8567E-10 5.2208E-10 8.5326E-10 1.1578E-09 1.5245E-09 1.9671E-09 2.5013E-09 3.2617E-09 4.2328E-09 5.4243E-09 6.8229E-09 8.4486E-09 1.0288E-08 1.2297E-08 1.4525E-08 1.6972E-08 1.9617E-08 2.2418E-08 2.5341E-08 2.8326E-08 3.1287E-08 3.4103E-08 3.6627E-08 3.8917E-08 4.0870E-08 4.2383E-08 4.3560E-08 4.4356E-08 4.4805E-08 4.4993E-08 4.4958E-08 4.4768E-08 4.4460E-08 4.4063E-08 4.3581E-08 4.3023E-08 4.2423E-08 4.1785E-08
0.0000E+00 0.0000E+00 0.0000E+00 0.0000E+00 0.0000E+00 0.0000E+00 0.0000E+00 0.0000E+00 0.0000E+00 0.0000E+00 0.0000E+00 0.0000E+00 0.0000E+00 0.0000E+00 1.0155E-11 4.7381E-11 1.1233E-10 2.0272E-10 3.1386E-10 4.4368E-10 6.7758E-10 9.6094E-10 1.3034E-09 1.7290E-09 2.2246E-09 2.9571E-09 3.8420E-09 4.9695E-09 6.3411E-09 7.9570E-09 9.8272E-09 1.1903E-08 1.4235E-08 1.6843E-08 1.9709E-08 2.2806E-08 2.6088E-08 2.9517E-08 3.3003E-08 3.6311E-08 3.9447E-08 4.2349E-08 4.4802E-08 4.6841E-08 4.8493E-08 4.9665E-08 5.0427E-08 5.0805E-08 5.0862E-08 5.0695E-08 5.0334E-08 4.9844E-08 4.9256E-08 4.8569E-08 4.7803E-08 4.6972E-08 4.6106E-08
0.0000E+00 0.0000E+00 0.0000E+00 0.0000E+00 0.0000E+00 0.0000E+00 0.0000E+00 0.0000E+00 0.0000E+00 0.0000E+00 0.0000E+00 0.0000E+00 0.0000E+00 0.0000E+00 1.8834E-11 6.7637E-11 1.4532E-10 2.4281E-10 3.6200E-10 4.9911E-10 7.5634E-10 1.1353E-09 1.5141E-09 3.0145E-06 1.8452E-07 3.4306E-09 4.4515E-09 5.7484E-09 7.3148E-09 9.1619E-09 1.1252E-08 1.3628E-08 1.6322E-08 1.9338E-08 2.2661E-08 2.6253E-08 3.0062E-08 3.3962E-08 3.7813E-08 4.1593E-08 4.5097E-08 4.8128E-08 5.0823E-08 5.3002E-08 5.4682E-08 5.5897E-08 5.6602E-08 5.6887E-08 5.6834E-08 5.6510E-08 5.5986E-08 5.5305E-08 5.4514E-08 5.3615E-08 5.2629E-08 5.1579E-08 5.0474E-08
0.0000E+00 0.0000E+00 0.0000E+00 0.0000E+00 0.0000E+00 0.0000E+00 0.0000E+00 0.0000E+00 0.0000E+00 0.0000E+00 0.0000E+00 0.0000E+00 0.0000E+00 2.4589E-12 3.0657E-11 9.1530E-11 1.7690E-10 2.8231E-10 4.0903E-10 5.5384E-10 9.1279E-10 1.2542E-09 1.7251E-09 2.2405E-09 4.7462E-06 1.3946E-07 5.0216E-09 6.5018E-09 8.2780E-09 1.0375E-08 1.2738E-08 1.5444E-08 1.8521E-08 2.1978E-08 2.5786E-08 2.9900E-08 3.4104E-08 3.8458E-08 4.2811E-08 4.6858E-08 5.0603E-08 5.3965E-08 5.6761E-08 5.9079E-08 6.0831E-08 6.2019E-08 6.2706E-08 6.2898E-08 6.2720E-08 6.2263E-08 6.1566E-08 6.0701E-08 5.9715E-08 5.8615E-08 5.7414E-08 5.6134E-08 5.4792E-08
0.0000E+00 0.0000E+00 0.0000E+00 0.0000E+00 0.0000E+00 0.0000E+00 0.0000E+00 0.0000E+00 0.0000E+00 0.0000E+00 0.0000E+00 0.0000E+00 0.0000E+00 6.3427E-12 4.4934E-11 1.1733E-10 2.0823E-10 3.2002E-10 4.5360E-10 6.9598E-10 1.0601E-09 1.4321E-09 1.8936E-09 2.4641E-09 7.9982E-07 2.0142E-06 1.1375E-07 7.3402E-09 9.3324E-09 1.1616E-08 1.4263E-08 1.7311E-08 2.0795E-08 2.4706E-08 2.8933E-08 3.3433E-08 3.8176E-08 4.2935E-08 4.7551E-08 5.2009E-08 5.6101E-08 5.9787E-08 6.2940E-08 6.5382E-08 6.7112E-08 6.8191E-08 6.8702E-08 6.8718E-08 6.8369E-08 6.7769E-08 6.6930E-08 6.5899E-08 6.4735E-08 6.3445E-08 6.2037E-08 6.0539E-08 5.8974E-08
0.0000E+00 0.0000E+00 0.0000E+00 0.0000E+00 0.0000E+00 0.0000E+00 0.0000E+00 0.0000E+00 0.0000E+00 0.0000E+00 0.0000E+00 0.0000E+00 0.0000E+00 1.1565E-11 6.0962E-11 1.4167E-10 2.3834E-10 3.5600E-10 4.9613E-10 7.5441E-10 1.1495E-09 1.6033E-09 2.1062E-09 2.6850E-09 3.6554E-09 1.8806E-06 1.1315E-06 9.6476E-08 1.0328E-08 1.2854E-08 1.5792E-08 1.9195E-08 2.3060E-08 2.7309E-08 3.1966E-08 3.6948E-08 4.2051E-08 4.7487E-08 5.2938E-08 5.8123E-08 6.2897E-08 6.6966E-08 7.0227E-08 7.2589E-08 7.3984E-08 7.4699E-08 7.4776E-08 7.4439E-08 7.3856E-08 7.2969E-08 7.1937E-08 7.0763E-08 6.9440E-08 6.7987E-08 6.6400E-08 6.4706E-08 6.2935E-08
0.0000E+00 0.0000E+00 0.0000E+00 0.0000E+00 0.0000E+00 0.0000E+00 0.0000E+00 0.0000E+00 0.0000E+00 0.0000E+00 0.0000E+00 0.0000E+00 0.0000E+00 1.8813E-11 7.7424E-11 1.6544E-10 2.6495E-10 3.8825E-10 5.3512E-10 8.8547E-10 1.2900E-09 1.7260E-09 2.2715E-09 3.0076E-09 4.0405E-09 2.9477E-07 1.5967E-06 7.6164E-07 8.7872E-08 1.4090E-08 1.7311E-08 2.0984E-08 2.5178E-08 2.9842E-08 3.5355E-08 4.1850E-08 4.8474E-08 5.4917E-08 6.1339E-08 6.7361E-08 7.2675E-08 7.7171E-08 8.0281E-08 8.1975E-08 8.2537E-08 8.2144E-08 8.1333E-08 8.0333E-08 7.9161E-08 7.7967E-08 7.6659E-08 7.5223E-08 7.3732E-08 7.2145E-08 7.0407E-08 6.8546E-08 6.6597E-08
0.0000E+00 0.0000E+00 0.0000E+00 0.0000E+00 0.0000E+00 0.0000E+00 0.0000E+00 0.0000E+00 0.0000E+00 0.0000E+00 0.0000E+00 0.0000E+00 0.0000E+00 2.6827E-11 9.4751E-11 1.8756E-10 2.8906E-10 4.1843E-10 5.7120E-10 9.4139E-10 1.3733E-09 1.8858E-09 2.4263E-09 3.2172E-09 4.3377E-09 2.0166E-08 6.7371E-07 1.2259E-06 5.6065E-07 8.3804E-08 2.5969E-08 2.7164E-08 3.0583E-08 3.6249E-08 4.4410E-08 5.3328E-08 6.2273E-08 7.0131E-08 7.7249E-08 8.3707E-08 8.9518E-08 9.3537E-08 9.5643E-08 9.5729E-08 9.4133E-08 9.1708E-08 8.9114E-08 8.6690E-08 8.4585E-08 8.2790E-08 8.1062E-08 7.9372E-08 7.7659E-08 7.5859E-08 7.3978E-08 7.1985E-08 6.9888E-08
0.0000E+00 0.0000E+00 0.0000E+00 0.0000E+00 0.0000E+00 0.0000E+00 0.0000E+00 0.0000E+00 0.0000E+00 0.0000E+00 0.0000E+00 0.0000E+00 0.0000E+00 3.5323E-11 1.1159E-10 2.0573E-10 3.1041E-10 4.4561E-10 6.0321E-10 1.0561E-09 1.4988E-09 1.9940E-09 2.5666E-09 3.4990E-09 4.6802E-09 6.1623E-09 1.1431E-07 7.8783E-07 1.0031E-06 4.7548E-07 1.7450E-07 9.0105E-08 6.8389E-08 6.6641E-08 7.4089E-08 8.4960E-08 9.4628E-08 1.0219E-07 1.0817E-07 1.1351E-07 1.1773E-07 1.1988E-07 1.1914E-07 1.1551E-07 1.1012E-07 1.0420E-07 9.8597E-08 9.3946E-08 9.0350E-08 8.7503E-08 8.5179E-08 8.3098E-08 8.1101E-08 7.9146E-08 7.7118E-08 7.4969E-08 7.2753E-08
0.0000E+00 0.0000E+00 0.0000E+00 0.0000E+00 0.0000E+00 0.0000E+00 0.0000E+00 0.0000E+00 0.0000E+00 0.0000E+00 0.0000E+00 0.0000E+00 0.0000E+00 4.4660E-11 1.2673E-10 2.2125E-10 3.2824E-10 4.6899E-10 6.3052E-10 1.1021E-09 1.5673E-09 2.0883E-09 2.6887E-09 3.6690E-09 4.9227E-09 6.5599E-09 1.4887E-08 2.3685E-07 7.5184E-07 7.7814E-07 5.0146E-07 3.0367E-07 2.0026E-07 1.5815E-07 1.4999E-07 1.5518E-07 1.5995E-07 1.6081E-07 1.5963E-07 1.5899E-07 1.5872E-07 1.5640E-07 1.5068E-07 1.4146E-07 1.3067E-07 1.1975E-07 1.1007E-07 1.0235E-07 9.6559E-08 9.2285E-08 8.9091E-08 8.6432E-08 8.4146E-08 8.1952E-08 7.9750E-08 7.7507E-08 7.5162E-08
0.0000E+00 0.0000E+00 0.0000E+00 0.0000E+00 0.0000E+00 0.0000E+00 0.0000E+00 0.0000E+00 0.0000E+00 0.0000E+00 0.0000E+00 0.0000E+00 0.0000E+00 5.3274E-11 1.3943E-10 2.3455E-10 3.4345E-10 4.8839E-10 6.5299E-10 1.1959E-09 1.6691E-09 2.1661E-09 2.7893E-09 3.8066E-09 5.1837E-09 6.8424E-09 8.9031E-09 6.8312E-08 3.7134E-07 6.6534E-07 6.8515E-07 5.4179E-07 4.0421E-07 3.2144E-07 2.8386E-07 2.6831E-07 2.5666E-07 2.4348E-07 2.2934E-07 2.1738E-07 2.0788E-07 1.9834E-07 1.8617E-07 1.7066E-07 1.5368E-07 1.3737E-07 1.2318E-07 1.1180E-07 1.0340E-07 9.7319E-08 9.2885E-08 8.9479E-08 8.6699E-08 8.4222E-08 8.1861E-08 7.9520E-08 7.7101E-08
0.0000E+00 0.0000E+00 0.0000E+00 0.0000E+00 0.0000E+00 0.0000E+00 0.0000E+00 0.0000E+00 0.0000E+00 0.0000E+00 0.0000E+00 0.0000E+00 0.0000E+00 6.1021E-11 1.5027E-10 2.4456E-10 3.5541E-10 5.0355E-10 6.7029E-10 1.2256E-09 1.7146E-09 2.2252E-09 2.8655E-09 3.9936E-09 5.3365E-09 7.0566E-09 9.1793E-09 2.7750E-08 1.6738E-07 4.2486E-07 6.0205E-07 6.2181E-07 5.5889E-07 4.8318E-07 4.3202E-07 3.9601E-07 3.6452E-07 3.3107E-07 3.0090E-07 2.7634E-07 2.5656E-07 2.3891E-07 2.1995E-07 1.9832E-07 1.7607E-07 1.5495E-07 1.3651E-07 1.2166E-07 1.1049E-07 1.0236E-07 9.6557E-08 9.2211E-08 8.8869E-08 8.6051E-08 8.3503E-08 8.1021E-08 7.8502E-08
0.0000E+00 0.0000E+00 0.0000E+00 0.0000E+00 0.0000E+00 0.0000E+00 0.0000E+00 0.0000E+00 0.0000E+00 0.0000E+00 0.0000E+00 0.0000E+00 0.0000E+00 6.7003E-11 1.5778E-10 2.5126E-10 3.6392E-10 5.1386E-10 6.8188E-10 1.2441E-09 1.7447E-09 2.2664E-09 2.9220E-09 4.0632E-09 5.4375E-09 7.2098E-09 9.3786E-09 1.6527E-08 8.0648E-08 2.3837E-07 4.2866E-07 5.5332E-07 5.8358E-07 5.6432E-07 5.2996E-07 4.9098E-07 4.4677E-07 4.0072E-07 3.5883E-07 3.2341E-07 2.9478E-07 2.7014E-07 2.4612E-07 2.2060E-07 1.9459E-07 1.6998E-07 1.4852E-07 1.3091E-07 1.1731E-07 1.0721E-07 9.9924E-08 9.4573E-08 9.0563E-08 8.7347E-08 8.4590E-08 8.2003E-08 7.9434E-08
0.0000E+00 0.0000E+00 0.0000E+00 0.0000E+00 0.0000E+00 0.0000E+00 0.0000E+00 0.0000E+00 0.0000E+00 0.0000E+00 0.0000E+00 0.0000E+00 0.0000E+00 7.1538E-11 1.6239E-10 2.5492E-10 3.6853E-10 5.1950E-10 6.8802E-10 1.3034E-09 1.7637E-09 2.2920E-09 2.9535E-09 4.1023E-09 5.5614E-09 7.2973E-09 9.4913E-09 1.3379E-08 4.4609E-08 1.3593E-07 2.8081E-07 4.2055E-07 5.1232E-07 5.4791E-07 5.4829E-07 5.2451E-07 4.8574E-07 4.3905E-07 3.9263E-07 3.5238E-07 3.1864E-07 2.8928E-07 2.6195E-07 2.3448E-07 2.0699E-07 1.8087E-07 1.5772E-07 1.3834E-07 1.2302E-07 1.1129E-07 1.0277E-07 9.6433E-08 9.1789E-08 8.8149E-08 8.5172E-08 8.2438E-08 7.9844E-08
0.0000E+00 0.0000E+00 0.0000E+00 0.0000E+00 0.0000E+00 0.0000E+00 0.0000E+00 0.0000E+00 0.0000E+00 0.0000E+00 0.0000E+00 0.0000E+00 0.0000E+00 7.3210E-11 1.6373E-10 2.5584E-10 3.6947E-10 5.2045E-10 6.8877E-10 1.3071E-09 1.7690E-09 2.3008E-09 2.9636E-09 4.1108E-09 5.5810E-09 7.3253E-09 9.5139E-09 1.2314E-08 2.9651E-08 8.1858E-08 1.7711E-07 2.9700E-07 4.0353E-07 4.7241E-07 5.0305E-07 5.0414E-07 4.8211E-07 4.4487E-07 4.0293E-07 3.6297E-07 3.2763E-07 2.9630E-07 2.6770E-07 2.3990E-07 2.1261E-07 1.8652E-07 1.6309E-07 1.4308E-07 1.2685E-07 1.1418E-07 1.0466E-07 9.7542E-08 9.2358E-08 8.8349E-08 8.5186E-08 8.2369E-08 7.9747E-08
0.0000E+00 0.0000E+00 0.0000E+00 0.0000E+00 0.0000E+00 0.0000E+00 0.0000E+00 0.0000E+00 0.0000E+00 0.0000E+00 0.0000E+00 0.0000E+00 0.0000E+00 7.1696E-11 1.6145E-10 2.5391E-10 3.6662E-10 5.1659E-10 7.6518E-10 1.3005E-09 1.7647E-09 2.2921E-09 2.9521E-09 4.0090E-09 5.5538E-09 7.2845E-09 9.4559E-09 1.2150E-08 2.2439E-08 5.2639E-08 1.1439E-07 2.0399E-07 2.9847E-07 3.7725E-07 4.2715E-07 4.4992E-07 4.4658E-07 4.2511E-07 3.9262E-07 3.5693E-07 3.2343E-07 2.9266E-07 2.6434E-07 2.3743E-07 2.1149E-07 1.8668E-07 1.6406E-07 1.4448E-07 1.2818E-07 1.1528E-07 1.0524E-07 9.7738E-08 9.2161E-08 8.7947E-08 8.4639E-08 8.1800E-08 7.9180E-08
0.0000E+00 0.0000E+00 0.0000E+00 0.0000E+00 0.0000E+00 0.0000E+00 0.0000E+00 0.0000E+00 0.0000E+00 0.0000E+00 0.0000E+00 0.0000E+00 0.0000E+00 6.6465E-11 1.5521E-10 2.4906E-10 3.5994E-10 5.0763E-10 7.5486E-10 1.3324E-09 1.7471E-09 2.2700E-09 2.9178E-09 3.9638E-09 5.4892E-09 7.1789E-09 9.3099E-09 1.1856E-08 1.8489E-08 3.7528E-08 7.6663E-08 1.3769E-07 2.1390E-07 2.8668E-07 3.4393E-07 3.7816E-07 3.9169E-07 3.8483E-07 3.6434E-07 3.3638E-07 3.0734E-07 2.7913E-07 2.5281E-07 2.2777E-07 2.0399E-07 1.8135E-07 1.6049E-07 1.4218E-07 1.2671E-07 1.1421E-07 1.0428E-07 9.6786E-08 9.1093E-08 8.6853E-08 8.3521E-08 8.0711E-08 7.8128E-08
0.0000E+00 0.0000E+00 0.0000E+00 0.0000E+00 0.0000E+00 0.0000E+00 0.0000E+00 0.0000E+00 0.0000E+00 0.0000E+00 0.0000E+00 0.0000E+00 0.0000E+00 5.7244E-11 1.4467E-10 2.4126E-10 3.4944E-10 4.9371E-10 7.3835E-10 1.3106E-09 1.7193E-09 2.2302E-09 2.8647E-09 3.9751E-09 5.3755E-09 7.0212E-09 9.0922E-09 1.1516E-08 1.6133E-08 2.8811E-08 5.3155E-08 9.4627E-08 1.5041E-07 2.1077E-07 2.6432E-07 3.0348E-07 3.2607E-07 3.3145E-07 3.2234E-07 3.0364E-07 2.8042E-07 2.5677E-07 2.3372E-07 2.1165E-07 1.9077E-07 1.7098E-07 1.5263E-07 1.3633E-07 1.2238E-07 1.1092E-07 1.0167E-07 9.4589E-08 8.9134E-08 8.5057E-08 8.1806E-08 7.9127E-08 7.6690E-08
0.0000E+00 0.0000E+00 0.0000E+00 0.0000E+00 0.0000E+00 0.0000E+00 0.0000E+00 0.0000E+00 0.0000E+00 0.0000E+00 0.0000E+00 0.0000E+00 0.0000E+00 4.6841E-11 1.3385E-10 2.3178E-10 3.3644E-10 4.7593E-10 7.8273E-10 1.2791E-09 1.6805E-09 2.1775E-09 2.8768E-09 3.8741E-09 5.2264E-09 6.7985E-09 8.8091E-09 1.1062E-08 1.4471E-08 2.3106E-08 3.8966E-08 6.6202E-08 1.0476E-07 1.5100E-07 1.9605E-07 2.3352E-07 2.5889E-07 2.7208E-07 2.7171E-07 2.6182E-07 2.4566E-07 2.2734E-07 2.0867E-07 1.9036E-07 1.7296E-07 1.5651E-07 1.4123E-07 1.2745E-07 1.1555E-07 1.0565E-07 9.7565E-08 9.1244E-08 8.6292E-08 8.2567E-08 7.9595E-08 7.7108E-08 7.4813E-08
0.0000E+00 0.0000E+00 0.0000E+00 0.0000E+00 0.0000E+00 0.0000E+00 0.0000E+00 0.0000E+00 0.0000E+00 0.0000E+00 0.0000E+00 0.0000E+00 0.0000E+00 3.6378E-11 1.2198E-10 2.2070E-10 3.2120E-10 4.5463E-10 7.5544E-10 1.1952E-09 1.6311E-09 2.1113E-09 2.7852E-09 3.8181E-09 5.0443E-09 6.5300E-09 8.4570E-09 1.0565E-08 1.3439E-08 1.9494E-08 2.9685E-08 4.7051E-08 7.3321E-08 1.0637E-07 1.4135E-07 1.7280E-07 1.9742E-07 2.1307E-07 2.1911E-07 2.1582E-07 2.0648E-07 1.9365E-07 1.7976E-07 1.6575E-07 1.5214E-07 1.3933E-07 1.2735E-07 1.1644E-07 1.0689E-07 9.8882E-08 9.2205E-08 8.6914E-08 8.2732E-08 7.9523E-08 7.6892E-08 7.4648E-08 7.1480E-08
0.0000E+00 0.0000E+00 0.0000E+00 0.0000E+00 0.0000E+00 0.0000E+00 0.0000E+00 0.0000E+00 0.0000E+00 0.0000E+00 0.0000E+00 0.0000E+00 0.0000E+00 2.8279E-11 1.0416E-10 2.0133E-10 3.0217E-10 4.2910E-10 7.2148E-10 1.0987E-09 1.5746E-09 2.0335E-09 2.6772E-09 3.6718E-09 4.8368E-09 6.2109E-09 8.0486E-09 1.0038E-08 1.2501E-08 1.6782E-08 2.3593E-08 3.4930E-08 5.2169E-08 7.4505E-08 9.9754E-08 1.2437E-07 1.4529E-07 1.6039E-07 1.6922E-07 1.7073E-07 1.6674E-07 1.5907E-07 1.4976E-07 1.3998E-07 1.3025E-07 1.2102E-07 1.1231E-07 1.0433E-07 9.7229E-08 9.1139E-08 8.6046E-08 8.1956E-08 7.8621E-08 7.5973E-08 7.3777E-08 7.1864E-08 6.8147E-08
