Assets/Resources/2015_m01_d14_1100(utc+0800)_l00_csi_1hr_conc.grd
DSAA
         159         159
     -79.000      79.000
     -79.000      79.000
  0.0000E+00  0.2206E-05
[rows 50 to 74 of 159, columns 0 to 56 of 159]
2.4328E-09 2.5129E-09 2.5940E-09 2.6785E-09 2.7703E-09 2.8586E-09 2.9504E-09 3.0501E-09 3.1473E-09 3.2485E-09 3.3481E-09 3.4543E-09 3.5799E-09 3.7110E-09 3.8385E-09 3.9838E-09 4.1267E-09 4.3120E-09 4.4801E-09 4.6672E-09 4.8590E-09 5.0675E-09 5.2858E-09 5.4954E-09 5.7381E-09 5.9738E-09 6.2497E-09 6.5178E-09 6.8030E-09 7.1058E-09 7.4251E-09 7.7638E-09 8.1225E-09 8.5265E-09 8.9687E-09 9.4577E-09 9.9973E-09 1.0602E-08 1.1286E-08 1.2061E-08 1.2971E-08 1.4017E-08 1.5236E-08 1.6649E-08 1.8311E-08 2.0273E-08 2.2558E-08 2.5213E-08 2.8278E-08 3.1744E-08 3.5647E-08 3.9925E-08 4.4535E-08 4.9381E-08 5.4298E-08 5.9110E-08 6.3581E-08
2.3667E-09 2.4438E-09 2.5190E-09 2.6051E-09 2.6888E-09 2.7745E-09 2.8685E-09 2.9594E-09 3.0529E-09 3.1573E-09 3.2529E-09 3.3556E-09 3.4730E-09 3.5847E-09 3.7262E-09 3.8672E-09 4.0044E-09 4.1613E-09 4.3292E-09 4.5251E-09 4.7089E-09 4.9103E-09 5.1199E-09 5.3208E-09 5.5541E-09 5.7801E-09 6.0440E-09 6.3017E-09 6.5751E-09 6.8640E-09 7.1705E-09 7.4952E-09 7.8375E-09 8.2085E-09 8.6271E-09 9.0885E-09 9.5911E-09 1.0159E-08 1.0797E-08 1.1516E-08 1.2357E-08 1.3318E-08 1.4440E-08 1.5729E-08 1.7247E-08 1.9043E-08 2.1128E-08 2.3574E-08 2.6404E-08 2.9638E-08 3.3306E-08 3.7370E-08 4.1823E-08 4.6565E-08 5.1479E-08 5.6402E-08 6.1103E-08
2.2982E-09 2.3689E-09 2.4462E-09 2.5249E-09 2.6051E-09 2.6932E-09 2.7790E-09 2.8660E-09 2.9622E-09 3.0574E-09 3.1535E-09 3.2544E-09 3.3668E-09 3.4732E-09 3.6062E-09 3.7461E-09 3.8768E-09 4.0280E-09 4.1887E-09 4.3719E-09 4.5531E-09 4.7455E-09 4.9258E-09 5.1390E-09 5.3613E-09 5.5767E-09 5.8294E-09 6.0752E-09 6.3351E-09 6.6111E-09 6.9029E-09 7.2112E-09 7.5379E-09 7.8827E-09 8.2654E-09 8.6928E-09 9.1693E-09 9.6985E-09 1.0280E-08 1.0950E-08 1.1718E-08 1.2589E-08 1.3618E-08 1.4779E-08 1.6147E-08 1.7767E-08 1.9645E-08 2.1862E-08 2.4430E-08 2.7401E-08 3.0790E-08 3.4602E-08 3.8829E-08 4.3408E-08 4.8256E-08 5.3213E-08 5.8087E-08
2.2273E-09 2.2966E-09 2.3713E-09 2.4466E-09 2.5248E-09 2.6096E-09 2.6911E-09 2.7763E-09 2.8688E-09 2.9585E-09 3.0525E-09 3.1503E-09 3.2428E-09 3.3596E-09 3.4817E-09 3.6004E-09 3.7414E-09 3.8905E-09 4.0430E-09 4.2007E-09 4.3740E-09 4.5737E-09 4.7466E-09 4.9498E-09 5.1614E-09 5.3666E-09 5.6062E-09 5.8392E-09 6.0864E-09 6.3472E-09 6.6232E-09 6.9154E-09 7.2242E-09 7.5508E-09 7.8957E-09 8.2969E-09 8.7295E-09 9.2116E-09 9.7562E-09 1.0367E-08 1.1058E-08 1.1850E-08 1.2782E-08 1.3815E-08 1.5036E-08 1.6475E-08 1.8141E-08 2.0118E-08 2.2413E-08 2.5096E-08 2.8176E-08 3.1691E-08 3.5641E-08 3.9997E-08 4.4698E-08 4.9616E-08 5.4611E-08
2.1554E-09 2.2226E-09 2.2938E-09 2.3633E-09 2.4425E-09 2.5186E-09 2.5982E-09 2.6845E-09 2.7676E-09 2.8535E-09 2.9497E-09 3.0368E-09 3.1312E-09 3.2439E-09 3.3590E-09 3.4704E-09 3.6014E-09 3.7278E-09 3.8781E-09 4.0433E-09 4.2074E-09 4.3786E-09 4.5617E-09 4.7545E-09 4.9356E-09 5.1489E-09 5.3761E-09 5.5965E-09 5.8283E-09 6.0742E-09 6.3341E-09 6.6087E-09 6.8993E-09 7.2068E-09 7.5325E-09 7.8850E-09 8.2859E-09 8.7251E-09 9.2221E-09 9.7665E-09 1.0391E-08 1.1103E-08 1.1930E-08 1.2856E-08 1.3931E-08 1.5191E-08 1.6649E-08 1.8384E-08 2.0405E-08 2.2782E-08 2.5533E-08 2.8719E-08 3.2340E-08 3.6415E-08 4.0890E-08 4.5703E-08 5.0729E-08
2.0823E-09 2.1465E-09 2.2118E-09 2.2826E-09 2.3547E-09 2.4279E-09 2.5082E-09 2.5857E-09 2.6656E-09 2.7530E-09 2.8390E-09 2.9262E-09 3.0187E-09 3.1212E-09 3.2159E-09 3.3357E-09 3.4633E-09 3.5822E-09 3.7218E-09 3.8824E-09 4.0206E-09 4.1985E-09 4.3722E-09 4.5345E-09 4.7253E-09 4.9267E-09 5.1186E-09 5.3462E-09 5.5640E-09 5.7939E-09 6.0368E-09 6.2938E-09 6.5661E-09 6.8546E-09 7.1592E-09 7.4820E-09 7.8399E-09 8.2358E-09 8.6804E-09 9.1641E-09 9.7284E-09 1.0356E-08 1.1077E-08 1.1911E-08 1.2843E-08 1.3937E-08 1.5201E-08 1.6695E-08 1.8443E-08 2.0517E-08 2.2930E-08 2.5757E-08 2.9019E-08 3.2753E-08 3.6938E-08 4.1554E-08 4.6498E-08
2.0074E-09 2.0689E-09 2.1325E-09 2.2004E-09 2.2654E-09 2.3399E-09 2.4117E-09 2.4864E-09 2.5674E-09 2.6460E-09 2.7305E-09 2.8163E-09 2.9043E-09 2.9862E-09 3.0917E-09 3.2003E-09 3.3039E-09 3.4310E-09 3.5667E-09 3.6875E-09 3.8442E-09 4.0166E-09 4.1790E-09 4.3319E-09 4.5117E-09 4.7002E-09 4.8787E-09 5.0917E-09 5.2942E-09 5.5082E-09 5.7341E-09 5.9738E-09 6.2275E-09 6.4958E-09 6.7802E-09 7.0800E-09 7.3969E-09 7.7587E-09 8.1490E-09 8.5883E-09 9.0672E-09 9.6147E-09 1.0245E-08 1.0973E-08 1.1788E-08 1.2730E-08 1.3806E-08 1.5081E-08 1.6570E-08 1.8342E-08 2.0419E-08 2.2879E-08 2.5754E-08 2.9100E-08 3.2933E-08 3.7258E-08 4.2030E-08
1.9312E-09 1.9912E-09 2.0522E-09 2.1131E-09 2.1796E-09 2.2477E-09 2.3157E-09 2.3908E-09 2.4634E-09 2.5417E-09 2.6191E-09 2.7046E-09 2.7805E-09 2.8666E-09 2.9624E-09 3.0502E-09 3.1611E-09 3.2797E-09 3.4055E-09 3.5238E-09 3.6706E-09 3.8140E-09 3.9675E-09 4.1275E-09 4.2952E-09 4.4511E-09 4.6362E-09 4.8338E-09 5.0214E-09 5.2192E-09 5.4291E-09 5.6507E-09 5.8857E-09 6.1344E-09 6.3967E-09 6.6745E-09 6.9671E-09 7.2747E-09 7.6284E-09 8.0197E-09 8.4431E-09 8.9112E-09 9.4373E-09 1.0058E-08 1.0768E-08 1.1579E-08 1.2489E-08 1.3558E-08 1.4810E-08 1.6298E-08 1.8047E-08 2.0138E-08 2.2622E-08 2.5544E-08 2.8972E-08 3.2920E-08 3.7405E-08
1.8553E-09 1.9125E-09 1.9699E-09 2.0295E-09 2.0902E-09 2.1540E-09 2.2199E-09 2.2894E-09 2.3590E-09 2.4341E-09 2.5073E-09 2.5850E-09 2.6645E-09 2.7460E-09 2.8223E-09 2.9185E-09 3.0226E-09 3.1323E-09 3.2350E-09 3.3571E-09 3.4842E-09 3.6156E-09 3.7717E-09 3.9205E-09 4.0610E-09 4.2223E-09 4.3927E-09 4.5539E-09 4.7474E-09 4.9302E-09 5.1229E-09 5.3274E-09 5.5437E-09 5.7717E-09 6.0132E-09 6.2674E-09 6.5356E-09 6.8179E-09 7.1136E-09 7.4462E-09 7.8287E-09 8.2437E-09 8.7006E-09 9.1976E-09 9.7856E-09 1.0478E-08 1.1245E-08 1.2142E-08 1.3175E-08 1.4402E-08 1.5850E-08 1.7595E-08 1.9671E-08 2.2171E-08 2.5152E-08 2.8642E-08 3.2738E-08
1.7780E-09 1.8325E-09 1.8884E-09 1.9454E-09 2.0022E-09 2.0637E-09 2.1269E-09 2.1897E-09 2.2571E-09 2.3249E-09 2.3978E-09 2.4689E-09 2.5471E-09 2.6175E-09 2.6960E-09 2.7836E-09 2.8756E-09 2.9684E-09 3.0778E-09 3.1943E-09 3.2969E-09 3.4294E-09 3.5765E-09 3.6989E-09 3.8421E-09 3.9933E-09 4.1322E-09 4.2978E-09 4.4749E-09 4.6420E-09 4.8190E-09 5.0056E-09 5.2029E-09 5.4115E-09 5.6308E-09 5.8628E-09 6.1068E-09 6.3631E-09 6.6324E-09 6.9138E-09 7.2161E-09 7.5775E-09 7.9765E-09 8.4138E-09 8.8965E-09 9.4570E-09 1.0081E-08 1.0818E-08 1.1677E-08 1.2670E-08 1.3849E-08 1.5261E-08 1.6966E-08 1.9040E-08 2.1537E-08 2.4549E-08 2.8159E-08
1.7010E-09 1.7534E-09 1.8065E-09 1.8597E-09 1.9150E-09 1.9711E-09 2.0302E-09 2.0905E-09 2.1540E-09 2.2178E-09 2.2864E-09 2.3516E-09 2.4240E-09 2.4961E-09 2.5702E-09 2.6398E-09 2.7267E-09 2.8209E-09 2.9205E-09 3.0130E-09 3.1231E-09 3.2390E-09 3.3556E-09 3.4951E-09 3.6256E-09 3.7495E-09 3.8936E-09 4.0441E-09 4.2048E-09 4.3574E-09 4.5177E-09 4.6875E-09 4.8666E-09 5.0548E-09 5.2538E-09 5.4630E-09 5.6834E-09 5.9150E-09 6.1574E-09 6.4116E-09 6.6757E-09 6.9492E-09 7.2697E-09 7.6435E-09 8.0492E-09 8.5168E-09 9.0353E-09 9.6182E-09 1.0292E-08 1.1103E-08 1.2046E-08 1.3168E-08 1.4538E-08 1.6192E-08 1.8241E-08 2.0729E-08 2.3783E-08
1.6245E-09 1.6731E-09 1.7239E-09 1.7755E-09 1.8280E-09 1.8801E-09 1.9365E-09 1.9917E-09 2.0515E-09 2.1098E-09 2.1742E-09 2.2403E-09 2.3046E-09 2.3722E-09 2.4381E-09 2.5092E-09 2.5877E-09 2.6699E-09 2.7530E-09 2.8509E-09 2.9553E-09 3.0461E-09 3.1629E-09 3.2828E-09 3.4011E-09 3.5262E-09 3.6567E-09 3.7788E-09 3.9232E-09 4.0770E-09 4.2223E-09 4.3750E-09 4.5358E-09 4.7054E-09 4.8835E-09 5.0717E-09 5.2692E-09 5.4766E-09 5.6941E-09 5.9203E-09 6.1554E-09 6.3986E-09 6.6485E-09 6.9139E-09 7.2385E-09 7.6242E-09 8.0470E-09 8.5399E-09 9.0857E-09 9.6977E-09 1.0424E-08 1.1314E-08 1.2378E-08 1.3682E-08 1.5287E-08 1.7263E-08 1.9758E-08
1.5448E-09 1.5945E-09 1.6426E-09 1.6907E-09 1.7400E-09 1.7906E-09 1.8418E-09 1.8955E-09 1.9501E-09 2.0073E-09 2.0629E-09 2.1246E-09 2.1849E-09 2.2497E-09 2.3133E-09 2.3794E-09 2.4413E-09 2.5193E-09 2.6010E-09 2.6893E-09 2.7709E-09 2.8678E-09 2.9700E-09 3.0854E-09 3.1931E-09 3.3054E-09 3.4129E-09 3.5360E-09 3.6653E-09 3.8033E-09 3.9330E-09 4.0699E-09 4.2137E-09 4.3647E-09 4.5241E-09 4.6912E-09 4.8672E-09 5.0516E-09 5.2438E-09 5.4441E-09 5.6510E-09 5.8645E-09 6.0837E-09 6.3072E-09 6.5345E-09 6.7925E-09 7.1112E-09 7.5088E-09 7.9706E-09 8.4805E-09 9.0324E-09 9.6897E-09 1.0496E-08 1.1498E-08 1.2701E-08 1.4228E-08 1.6161E-08
1.4695E-09 1.5129E-09 1.5607E-09 1.6070E-09 1.6540E-09 1.7015E-09 1.7487E-09 1.7978E-09 1.8497E-09 1.9009E-09 1.9553E-09 2.0108E-09 2.0667E-09 2.1268E-09 2.1854E-09 2.2460E-09 2.3087E-09 2.3775E-09 2.4489E-09 2.5185E-09 2.6061E-09 2.6964E-09 2.7880E-09 2.8677E-09 2.9801E-09 3.0814E-09 3.1882E-09 3.2988E-09 3.4020E-09 3.5230E-09 3.6526E-09 3.7740E-09 3.9015E-09 4.0357E-09 4.1763E-09 4.3247E-09 4.4799E-09 4.6420E-09 4.8108E-09 4.9856E-09 5.1659E-09 5.3511E-09 5.5412E-09 5.7345E-09 5.9302E-09 6.1352E-09 6.3366E-09 6.5780E-09 6.8859E-09 7.2879E-09 7.7608E-09 8.2697E-09 8.8635E-09 9.6031E-09 1.0503E-08 1.1634E-08 1.3038E-08
1.3931E-09 1.4359E-09 1.4809E-09 1.5237E-09 1.5675E-09 1.6125E-09 1.6581E-09 1.7042E-09 1.7515E-09 1.7987E-09 1.8492E-09 1.8984E-09 1.9528E-09 2.0063E-09 2.0602E-09 2.1181E-09 2.1757E-09 2.2313E-09 2.2980E-09 2.3650E-09 2.4398E-09 2.5100E-09 2.5969E-09 2.6836E-09 2.7757E-09 2.8663E-09 2.9601E-09 3.0590E-09 3.1609E-09 3.2680E-09 3.3683E-09 3.4891E-09 3.6016E-09 3.7195E-09 3.8437E-09 3.9734E-09 4.1090E-09 4.2503E-09 4.3966E-09 4.5475E-09 4.7029E-09 4.8622E-09 5.0247E-09 5.1907E-09 5.3577E-09 5.5298E-09 5.7030E-09 5.8784E-09 6.0629E-09 6.2955E-09 6.5865E-09 6.9674E-09 7.4185E-09 7.9319E-09 8.5563E-09 9.3725E-09 1.0411E-08
1.3164E-09 1.3581E-09 1.3990E-09 1.4420E-09 1.4836E-09 1.5258E-09 1.5671E-09 1.6104E-09 1.6541E-09 1.7001E-09 1.7453E-09 1.7929E-09 1.8390E-09 1.8901E-09 1.9399E-09 1.9928E-09 2.0421E-09 2.0940E-09 2.1452E-09 2.2069E-09 2.2738E-09 2.3480E-09 2.4247E-09 2.4925E-09 2.5709E-09 2.6585E-09 2.7348E-09 2.8301E-09 2.9195E-09 3.0125E-09 3.1113E-09 3.2164E-09 3.3150E-09 3.4184E-09 3.5262E-09 3.6390E-09 3.7564E-09 3.8779E-09 4.0035E-09 4.1325E-09 4.2646E-09 4.4005E-09 4.5387E-09 4.6788E-09 4.8206E-09 4.9617E-09 5.1021E-09 5.2507E-09 5.3965E-09 5.5400E-09 5.7307E-09 5.9518E-09 6.2218E-09 6.5705E-09 6.9846E-09 7.5119E-09 8.1575E-09
1.2445E-09 1.2835E-09 1.3218E-09 1.3588E-09 1.3997E-09 1.4392E-09 1.4792E-09 1.5196E-09 1.5593E-09 1.6001E-09 1.6417E-09 1.6856E-09 1.7282E-09 1.7752E-09 1.8187E-09 1.8661E-09 1.9132E-09 1.9602E-09 2.0087E-09 2.0604E-09 2.1169E-09 2.1693E-09 2.2392E-09 2.3158E-09 2.3897E-09 2.4672E-09 2.5348E-09 2.6053E-09 2.6767E-09 2.7724E-09 2.8565E-09 2.9468E-09 3.0430E-09 3.1323E-09 3.2256E-09 3.3226E-09 3.4231E-09 3.5266E-09 3.6329E-09 3.7422E-09 3.8539E-09 3.9683E-09 4.0849E-09 4.2026E-09 4.3209E-09 4.4391E-09 4.5561E-09 4.6717E-09 4.7836E-09 4.8919E-09 5.0044E-09 5.1373E-09 5.2982E-09 5.5254E-09 5.7857E-09 6.1168E-09 6.4927E-09
1.1725E-09 1.2075E-09 1.2446E-09 1.2807E-09 1.3188E-09 1.3543E-09 1.3915E-09 1.4292E-09 1.4672E-09 1.5055E-09 1.5439E-09 1.5814E-09 1.6187E-09 1.6617E-09 1.7013E-09 1.7473E-09 1.7901E-09 1.8313E-09 1.8747E-09 1.9178E-09 1.9700E-09 2.0179E-09 2.0726E-09 2.1284E-09 2.1970E-09 2.2696E-09 2.3422E-09 2.4053E-09 2.4693E-09 2.5332E-09 2.5969E-09 2.6624E-09 2.7678E-09 2.8627E-09 2.9424E-09 3.0250E-09 3.1100E-09 3.1974E-09 3.2866E-09 3.3781E-09 3.4723E-09 3.5678E-09 3.6650E-09 3.7632E-09 3.8610E-09 3.9595E-09 4.0564E-09 4.1517E-09 4.2455E-09 4.3352E-09 4.4207E-09 4.4999E-09 4.5750E-09 4.6908E-09 4.8129E-09 4.9940E-09 5.2405E-09
1.1036E-09 1.1362E-09 1.1693E-09 1.2015E-09 1.2369E-09 1.2727E-09 1.3073E-09 1.3409E-09 1.3761E-09 1.4116E-09 1.4473E-09 1.4832E-09 1.5177E-09 1.5521E-09 1.5863E-09 1.6205E-09 1.6644E-09 1.7008E-09 1.7455E-09 1.7828E-09 1.8210E-09 1.8591E-09 1.9115E-09 1.9656E-09 2.0256E-09 2.0889E-09 2.1421E-09 2.2127E-09 2.2705E-09 2.3288E-09 2.3857E-09 2.4425E-09 2.5010E-09 2.5611E-09 2.6521E-09 2.7291E-09 2.8089E-09 2.8907E-09 2.9657E-09 3.0418E-09 3.1201E-09 3.1997E-09 3.2799E-09 3.3610E-09 3.4423E-09 3.5225E-09 3.6030E-09 3.6825E-09 3.7599E-09 3.8351E-09 3.9059E-09 3.9724E-09 4.0324E-09 4.0857E-09 4.1368E-09 4.2002E-09 4.2994E-09
1.0352E-09 1.0655E-09 1.0962E-09 1.1273E-09 1.1574E-09 1.1876E-09 1.2193E-09 1.2563E-09 1.2889E-09 1.3217E-09 1.3532E-09 1.3863E-09 1.4195E-09 1.4512E-09 1.4826E-09 1.5138E-09 1.5445E-09 1.5748E-09 1.6129E-09 1.6470E-09 1.6876E-09 1.7220E-09 1.7551E-09 1.7873E-09 1.8450E-09 1.9013E-09 1.9670E-09 2.0258E-09 2.0792E-09 2.1333E-09 2.1864E-09 2.2352E-09 2.2852E-09 2.3364E-09 2.3888E-09 2.4422E-09 2.5065E-09 2.5836E-09 2.6534E-09 2.7158E-09 2.7891E-09 2.8544E-09 2.9198E-09 2.9962E-09 3.0627E-09 3.1292E-09 3.1956E-09 3.2618E-09 3.3262E-09 3.3885E-09 3.4475E-09 3.5024E-09 3.5526E-09 3.5960E-09 3.6328E-09 3.6596E-09 3.6834E-09
9.6990E-10 9.9801E-10 1.0254E-09 1.0541E-09 1.0831E-09 1.1111E-09 1.1391E-09 1.1686E-09 1.1983E-09 1.2315E-09 1.2635E-09 1.2939E-09 1.3228E-09 1.3534E-09 1.3823E-09 1.4106E-09 1.4387E-09 1.4660E-09 1.4930E-09 1.5191E-09 1.5490E-09 1.5787E-09 1.6128E-09 1.6474E-09 1.6796E-09 1.7144E-09 1.7520E-09 1.8320E-09 1.8906E-09 1.9469E-09 1.9940E-09 2.0406E-09 2.0830E-09 2.1264E-09 2.1705E-09 2.2154E-09 2.2610E-09 2.3073E-09 2.3542E-09 2.4129E-09 2.4736E-09 2.5244E-09 2.5875E-09 2.6389E-09 2.7019E-09 2.7772E-09 2.8325E-09 2.8872E-09 2.9409E-09 2.9921E-09 3.0413E-09 3.0863E-09 3.1274E-09 3.1631E-09 3.1912E-09 3.2130E-09 3.2233E-09
9.0401E-10 9.2890E-10 9.5786E-10 9.8437E-10 1.0100E-09 1.0369E-09 1.0628E-09 1.0886E-09 1.1159E-09 1.1433E-09 1.1708E-09 1.1983E-09 1.2294E-09 1.2590E-09 1.2853E-09 1.3111E-09 1.3365E-09 1.3613E-09 1.3856E-09 1.4092E-09 1.4322E-09 1.4545E-09 1.4782E-09 1.5061E-09 1.5316E-09 1.5618E-09 1.5969E-09 1.6350E-09 1.6719E-09 1.7389E-09 1.7909E-09 1.8500E-09 1.8947E-09 1.9311E-09 1.9683E-09 2.0060E-09 2.0440E-09 2.0827E-09 2.1220E-09 2.1616E-09 2.2018E-09 2.2416E-09 2.2810E-09 2.3333E-09 2.3740E-09 2.4276E-09 2.4693E-09 2.5455E-09 2.5994E-09 2.6421E-09 2.6817E-09 2.7189E-09 2.7518E-09 2.7796E-09 2.8022E-09 2.8151E-09 2.8225E-09
8.4312E-10 8.6610E-10 8.8923E-10 9.1244E-10 9.3969E-10 9.6540E-10 9.8913E-10 1.0129E-09 1.0366E-09 1.0616E-09 1.0867E-09 1.1119E-09 1.1370E-09 1.1623E-09 1.1871E-09 1.2139E-09 1.2385E-09 1.2610E-09 1.2827E-09 1.3039E-09 1.3245E-09 1.3445E-09 1.3638E-09 1.3844E-09 1.4045E-09 1.4241E-09 1.4480E-09 1.4756E-09 1.5136E-09 1.5466E-09 1.5838E-09 1.6229E-09 1.6754E-09 1.7156E-09 1.7615E-09 1.8065E-09 1.8454E-09 1.8774E-09 1.9102E-09 1.9428E-09 1.9754E-09 2.0085E-09 2.0413E-09 2.0741E-09 2.1077E-09 2.1408E-09 2.1742E-09 2.2058E-09 2.2364E-09 2.3136E-09 2.3555E-09 2.3940E-09 2.4200E-09 2.4418E-09 2.4552E-09 2.4656E-09 2.4670E-09
7.8440E-10 8.0560E-10 8.2687E-10 8.4824E-10 8.6964E-10 8.9104E-10 9.1244E-10 9.3907E-10 9.6177E-10 9.8329E-10 1.0062E-09 1.0290E-09 1.0519E-09 1.0747E-09 1.0972E-09 1.1197E-09 1.1399E-09 1.1599E-09 1.1810E-09 1.2017E-09 1.2220E-09 1.2398E-09 1.2570E-09 1.2734E-09 1.2911E-09 1.3083E-09 1.3249E-09 1.3410E-09 1.3652E-09 1.3922E-09 1.4234E-09 1.4538E-09 1.4871E-09 1.5152E-09 1.5492E-09 1.5866E-09 1.6174E-09 1.6566E-09 1.6891E-09 1.7307E-09 1.7564E-09 1.7935E-09 1.8257E-09 1.8531E-09 1.8807E-09 1.9084E-09 1.9353E-09 1.9614E-09 1.9854E-09 2.0081E-09 2.0280E-09 2.0712E-09 2.0998E-09 2.1232E-09 2.1332E-09 2.1376E-09 2.1474E-09
7.2804E-10 7.4746E-10 7.6703E-10 7.8660E-10 8.0623E-10 8.2584E-10 8.4540E-10 8.6492E-10 8.8428E-10 9.0678E-10 9.2821E-10 9.4999E-10 9.7068E-10 9.9131E-10 1.0118E-09 1.0318E-09 1.0518E-09 1.0694E-09 1.0867E-09 1.1034E-09 1.1196E-09 1.1352E-09 1.1522E-09 1.1666E-09 1.1823E-09 1.1970E-09 1.2137E-09 1.2276E-09 1.2410E-09 1.2614E-09 1.2867E-09 1.3105E-09 1.3355E-09 1.3629E-09 1.3874E-09 1.4095E-09 1.4259E-09 1.4539E-09 1.4874E-09 1.5081E-09 1.5465E-09 1.5680E-09 1.5871E-09 1.6459E-09 1.6730E-09 1.7005E-09 1.7222E-09 1.7427E-09 1.7619E-09 1.7794E-09 1.7956E-09 1.8076E-09 1.8172E-09 1.8232E-09 1.8396E-09 1.8512E-09 1.8488E-09
