Assets/Resources/2015_m01_d27_0500(utc+0800)_l00_csi_1hr_conc.grd
DSAA
         159         159
     -79.000      79.000
     -79.000      79.000
  0.0000E+00  0.2097E-05
[rows 0 to 24 of 159, columns 57 to 113 of 159]
1.5205E-08 1.5371E-08 1.5321E-08 1.5059E-08 1.4615E-08 1.4008E-08 1.3279E-08 1.2455E-08 1.1576E-08 1.0666E-08 9.7439E-09 8.8318E-09 7.9362E-09 7.0785E-09 6.2500E-09 5.5286E-09 4.8936E-09 4.5945E-09 4.0060E-09 3.4785E-09 3.0114E-09 2.6136E-09 2.3130E-09 2.1408E-09 3.2035E-09 2.5956E-09 2.0632E-09 1.6070E-09 1.2302E-09 9.2957E-10 6.8153E-10 4.9720E-10 3.5094E-10 2.4808E-10 1.4361E-10 7.1002E-11 5.2032E-11 3.0742E-11 1.7634E-11 3.2958E-12 0.0000E+00 0.0000E+00 0.0000E+00 0.0000E+00 0.0000E+00 0.0000E+00 0.0000E+00 0.0000E+00 0.0000E+00 0.0000E+00 0.0000E+00 0.0000E+00 0.0000E+00 0.0000E+00 0.0000E+00 0.0000E+00 0.0000E+00
1.6909E-08 1.7050E-08 1.6957E-08 1.6637E-08 1.6103E-08 1.5396E-08 1.4543E-08 1.3590E-08 1.2575E-08 1.1534E-08 1.0499E-08 9.4917E-09 8.5512E-09 8.0414E-09 7.1456E-09 6.3721E-09 5.6605E-09 5.0158E-09 4.5155E-09 4.1348E-09 6.3033E-09 5.3965E-09 4.5493E-09 3.7696E-09 3.0692E-09 2.4548E-09 1.9241E-09 1.4787E-09 1.1139E-09 8.3099E-10 6.0212E-10 4.3468E-10 3.0659E-10 2.0301E-10 1.0181E-10 7.0774E-11 5.1754E-11 3.0428E-11 1.7514E-11 2.9449E-12 0.0000E+00 0.0000E+00 0.0000E+00 0.0000E+00 0.0000E+00 0.0000E+00 0.0000E+00 0.0000E+00 0.0000E+00 0.0000E+00 0.0000E+00 0.0000E+00 0.0000E+00 0.0000E+00 0.0000E+00 0.0000E+00 0.0000E+00
1.8938E-08 1.8909E-08 1.8672E-08 1.8262E-08 1.7624E-08 1.6797E-08 1.5818E-08 1.4742E-08 1.3615E-08 1.2614E-08 1.1726E-08 1.0646E-08 9.6178E-09 8.6751E-09 7.8514E-09 7.2353E-09 7.5335E-09 9.3038E-09 8.2331E-09 7.1875E-09 6.1852E-09 5.2396E-09 4.3692E-09 3.5743E-09 2.8725E-09 2.2667E-09 1.7500E-09 1.3260E-09 9.8445E-10 7.2587E-10 5.2278E-10 3.7413E-10 2.6216E-10 1.3256E-10 1.0036E-10 6.9808E-11 5.1066E-11 2.9785E-11 1.7016E-11 2.4495E-12 0.0000E+00 0.0000E+00 0.0000E+00 0.0000E+00 0.0000E+00 0.0000E+00 0.0000E+00 0.0000E+00 0.0000E+00 0.0000E+00 0.0000E+00 0.0000E+00 0.0000E+00 0.0000E+00 0.0000E+00 0.0000E+00 0.0000E+00
2.1922E-08 2.1124E-08 2.0746E-08 1.9994E-08 1.9223E-08 1.8309E-08 1.7479E-08 1.6299E-08 1.5072E-08 1.3850E-08 1.2740E-08 1.1622E-08 1.1228E-08 1.3820E-08 1.2605E-08 1.1474E-08 1.0336E-08 9.1893E-09 8.0626E-09 6.9751E-09 5.9406E-09 4.9754E-09 4.0956E-09 3.3083E-09 2.6211E-09 2.0383E-09 1.5506E-09 1.1586E-09 8.5098E-10 6.2120E-10 4.4800E-10 3.1848E-10 1.6941E-10 1.2922E-10 9.7842E-11 6.8028E-11 4.9525E-11 2.8590E-11 1.6217E-11 1.8510E-12 0.0000E+00 0.0000E+00 0.0000E+00 0.0000E+00 0.0000E+00 0.0000E+00 0.0000E+00 0.0000E+00 0.0000E+00 0.0000E+00 0.0000E+00 0.0000E+00 0.0000E+00 0.0000E+00 0.0000E+00 0.0000E+00 0.0000E+00
2.5350E-08 2.4406E-08 2.4226E-08 2.2379E-08 2.1337E-08 2.0117E-08 1.8958E-08 1.7737E-08 1.6703E-08 1.8887E-08 1.7629E-08 1.6359E-08 1.5090E-08 1.3819E-08 1.2518E-08 1.1288E-08 1.0086E-08 8.8919E-09 7.7298E-09 6.6156E-09 5.5699E-09 4.6075E-09 3.7417E-09 2.9810E-09 2.3274E-09 1.7842E-09 1.3402E-09 9.8836E-10 7.2272E-10 5.2322E-10 3.7830E-10 2.4364E-10 1.6262E-10 1.2405E-10 9.4217E-11 6.5332E-11 4.7557E-11 2.6813E-11 1.5053E-11 1.2043E-12 0.0000E+00 0.0000E+00 0.0000E+00 0.0000E+00 0.0000E+00 0.0000E+00 0.0000E+00 0.0000E+00 0.0000E+00 0.0000E+00 0.0000E+00 0.0000E+00 0.0000E+00 0.0000E+00 0.0000E+00 0.0000E+00 0.0000E+00
2.9061E-08 2.9139E-08 2.6854E-08 2.5853E-08 2.3812E-08 2.4165E-08 2.3392E-08 2.2041E-08 2.0649E-08 1.9227E-08 1.7797E-08 1.6376E-08 1.4975E-08 1.3592E-08 1.2225E-08 1.0889E-08 9.6422E-09 8.4168E-09 7.2375E-09 6.1218E-09 5.0887E-09 4.1515E-09 3.3267E-09 2.6114E-09 2.0108E-09 1.5215E-09 1.1307E-09 8.9398E-10 6.7043E-10 4.9783E-10 3.5911E-10 2.0659E-10 1.5364E-10 1.1731E-10 8.9288E-11 6.1802E-11 4.5116E-11 2.4806E-11 1.3421E-11 8.2169E-13 0.0000E+00 0.0000E+00 0.0000E+00 0.0000E+00 0.0000E+00 0.0000E+00 0.0000E+00 0.0000E+00 0.0000E+00 0.0000E+00 0.0000E+00 0.0000E+00 0.0000E+00 0.0000E+00 0.0000E+00 0.0000E+00 0.0000E+00
3.2094E-08 3.2807E-08 3.3059E-08 3.1615E-08 2.9041E-08 2.7547E-08 2.4642E-08 2.2945E-08 2.1048E-08 1.9394E-08 1.7768E-08 1.6183E-08 1.4649E-08 1.3158E-08 1.1704E-08 1.0292E-08 9.0137E-09 7.7811E-09 6.6077E-09 5.5175E-09 4.5244E-09 3.6399E-09 2.8774E-09 2.2281E-09 1.8232E-09 1.4069E-09 1.0701E-09 8.0380E-10 6.0314E-10 4.4865E-10 3.0065E-10 1.8373E-10 1.4288E-10 1.0900E-10 8.3382E-11 5.7702E-11 4.1920E-11 2.2268E-11 1.1632E-11 4.2805E-13 0.0000E+00 0.0000E+00 0.0000E+00 0.0000E+00 0.0000E+00 0.0000E+00 0.0000E+00 0.0000E+00 0.0000E+00 0.0000E+00 0.0000E+00 0.0000E+00 0.0000E+00 0.0000E+00 0.0000E+00 0.0000E+00 0.0000E+00
3.5513E-08 3.6631E-08 3.6619E-08 3.5438E-08 3.3324E-08 2.9431E-08 2.7051E-08 2.3891E-08 2.1615E-08 1.9464E-08 1.7579E-08 1.5811E-08 1.4127E-08 1.2532E-08 1.1003E-08 9.5310E-09 8.2391E-09 7.0224E-09 5.8855E-09 4.8465E-09 4.0704E-09 3.2979E-09 2.6374E-09 2.0816E-09 1.6203E-09 1.2494E-09 9.4913E-10 7.1300E-10 5.3561E-10 3.9228E-10 2.4554E-10 1.6818E-10 1.3062E-10 1.0001E-10 7.6609E-11 5.2798E-11 3.7810E-11 1.9338E-11 9.7920E-12 3.8169E-14 0.0000E+00 0.0000E+00 0.0000E+00 0.0000E+00 0.0000E+00 0.0000E+00 0.0000E+00 0.0000E+00 0.0000E+00 0.0000E+00 0.0000E+00 0.0000E+00 0.0000E+00 0.0000E+00 0.0000E+00 0.0000E+00 0.0000E+00
3.6555E-08 3.8206E-08 3.9325E-08 3.7812E-08 3.6218E-08 3.2977E-08 2.9784E-08 2.5752E-08 2.3160E-08 1.9703E-08 1.7493E-08 1.5318E-08 1.3477E-08 1.1767E-08 1.0181E-08 8.6615E-09 7.5060E-09 6.3771E-09 5.3465E-09 4.4241E-09 3.6154E-09 2.9204E-09 2.3277E-09 1.8322E-09 1.4233E-09 1.0960E-09 8.3158E-10 6.2483E-10 4.6900E-10 3.1725E-10 1.9866E-10 1.5208E-10 1.1740E-10 8.9974E-11 6.9061E-11 4.7418E-11 3.3343E-11 1.6368E-11 7.6337E-12 0.0000E+00 0.0000E+00 0.0000E+00 0.0000E+00 0.0000E+00 0.0000E+00 0.0000E+00 0.0000E+00 0.0000E+00 0.0000E+00 0.0000E+00 0.0000E+00 0.0000E+00 0.0000E+00 0.0000E+00 0.0000E+00 0.0000E+00 0.0000E+00
3.6642E-08 3.8830E-08 3.9655E-08 3.9979E-08 3.8709E-08 3.6144E-08 3.2935E-08 2.8848E-08 2.4214E-08 2.0883E-08 1.7484E-08 1.4963E-08 1.2921E-08 1.1112E-08 9.5061E-09 8.0126E-09 6.7961E-09 5.7268E-09 4.7665E-09 3.9194E-09 3.1867E-09 2.5608E-09 2.0344E-09 1.5948E-09 1.2370E-09 9.4910E-10 7.1900E-10 5.4013E-10 3.8967E-10 2.5090E-10 1.7644E-10 1.3448E-10 1.0395E-10 7.9328E-11 6.1164E-11 4.1796E-11 2.8181E-11 1.2333E-11 5.9019E-12 0.0000E+00 0.0000E+00 0.0000E+00 0.0000E+00 0.0000E+00 0.0000E+00 0.0000E+00 0.0000E+00 0.0000E+00 0.0000E+00 0.0000E+00 0.0000E+00 0.0000E+00 0.0000E+00 0.0000E+00 0.0000E+00 0.0000E+00 0.0000E+00
3.6389E-08 3.8575E-08 4.0139E-08 4.0737E-08 3.9579E-08 3.8564E-08 3.4503E-08 3.1080E-08 2.6223E-08 2.2468E-08 1.8283E-08 1.5572E-08 1.2585E-08 1.0622E-08 8.8537E-09 7.3620E-09 6.1308E-09 5.1189E-09 4.2263E-09 3.4482E-09 2.7857E-09 2.2265E-09 1.7594E-09 1.3731E-09 1.0623E-09 8.1174E-10 6.1369E-10 4.5653E-10 3.0608E-10 2.0065E-10 1.5397E-10 1.1704E-10 8.9751E-11 6.8476E-11 5.3050E-11 3.4971E-11 2.2027E-11 8.7970E-12 4.0352E-12 0.0000E+00 0.0000E+00 0.0000E+00 0.0000E+00 0.0000E+00 0.0000E+00 0.0000E+00 0.0000E+00 0.0000E+00 0.0000E+00 0.0000E+00 0.0000E+00 0.0000E+00 0.0000E+00 0.0000E+00 0.0000E+00 0.0000E+00 0.0000E+00
3.6020E-08 3.8056E-08 3.9835E-08 4.0169E-08 4.0079E-08 3.8390E-08 3.6218E-08 3.2831E-08 2.8510E-08 2.4451E-08 1.9932E-08 1.6153E-08 1.2902E-08 1.0325E-08 8.3655E-09 6.8098E-09 5.5246E-09 4.5585E-09 3.7287E-09 3.0145E-09 2.4179E-09 1.9182E-09 1.5051E-09 1.1683E-09 9.0016E-10 6.8518E-10 5.1710E-10 3.5621E-10 2.3377E-10 1.7286E-10 1.3218E-10 9.9541E-11 7.5624E-11 5.7187E-11 4.3143E-11 2.8412E-11 1.6648E-11 5.6740E-12 2.7397E-12 0.0000E+00 0.0000E+00 0.0000E+00 0.0000E+00 0.0000E+00 0.0000E+00 0.0000E+00 0.0000E+00 0.0000E+00 0.0000E+00 0.0000E+00 0.0000E+00 0.0000E+00 0.0000E+00 0.0000E+00 0.0000E+00 0.0000E+00 0.0000E+00
3.5727E-08 3.7665E-08 3.8913E-08 3.9497E-08 3.9354E-08 3.8398E-08 3.6534E-08 3.3100E-08 3.0192E-08 2.5185E-08 2.1575E-08 1.6726E-08 1.3466E-08 1.0314E-08 8.3031E-09 6.3693E-09 5.0378E-09 4.0488E-09 3.2750E-09 2.6189E-09 2.0811E-09 1.6370E-09 1.2749E-09 9.8248E-10 7.5292E-10 5.7047E-10 4.0064E-10 2.7103E-10 1.9403E-10 1.4598E-10 1.1032E-10 8.2139E-11 6.1388E-11 4.6155E-11 3.4005E-11 2.1401E-11 1.1089E-11 3.1838E-12 1.6888E-12 0.0000E+00 0.0000E+00 0.0000E+00 0.0000E+00 0.0000E+00 0.0000E+00 0.0000E+00 0.0000E+00 0.0000E+00 0.0000E+00 0.0000E+00 0.0000E+00 0.0000E+00 0.0000E+00 0.0000E+00 0.0000E+00 0.0000E+00 0.0000E+00
3.5609E-08 3.7419E-08 3.8478E-08 3.8781E-08 3.8364E-08 3.7315E-08 3.5447E-08 3.3139E-08 2.9548E-08 2.5889E-08 2.1934E-08 1.7644E-08 1.4212E-08 1.0804E-08 8.3818E-09 6.2321E-09 4.7020E-09 3.6266E-09 2.8738E-09 2.2630E-09 1.7785E-09 1.3832E-09 1.0665E-09 8.1531E-10 6.1837E-10 4.3940E-10 3.0222E-10 2.1527E-10 1.6132E-10 1.1997E-10 8.9173E-11 6.6006E-11 4.8609E-11 3.5977E-11 2.5616E-11 1.5476E-11 6.6256E-12 1.6905E-12 9.2042E-13 0.0000E+00 0.0000E+00 0.0000E+00 0.0000E+00 0.0000E+00 0.0000E+00 0.0000E+00 0.0000E+00 0.0000E+00 0.0000E+00 0.0000E+00 0.0000E+00 0.0000E+00 0.0000E+00 0.0000E+00 0.0000E+00 0.0000E+00 0.0000E+00
3.5494E-08 3.7297E-08 3.8265E-08 3.8366E-08 3.7651E-08 3.6230E-08 3.4244E-08 3.1798E-08 2.8864E-08 2.5601E-08 2.1567E-08 1.8322E-08 1.4295E-08 1.1345E-08 8.2417E-09 6.2626E-09 4.4197E-09 3.3924E-09 2.5375E-09 1.9614E-09 1.5078E-09 1.1570E-09 8.8219E-10 6.5616E-10 4.7232E-10 3.2846E-10 2.3496E-10 1.7519E-10 1.2970E-10 9.5420E-11 7.0172E-11 5.1195E-11 3.7129E-11 2.6960E-11 1.7730E-11 9.5407E-12 3.2422E-12 7.9011E-13 1.4524E-13 0.0000E+00 0.0000E+00 0.0000E+00 0.0000E+00 0.0000E+00 0.0000E+00 0.0000E+00 0.0000E+00 0.0000E+00 0.0000E+00 0.0000E+00 0.0000E+00 0.0000E+00 0.0000E+00 0.0000E+00 0.0000E+00 0.0000E+00 0.0000E+00
3.5373E-08 3.7282E-08 3.8255E-08 3.8247E-08 3.7318E-08 3.5583E-08 3.3226E-08 3.0453E-08 2.7465E-08 2.4196E-08 2.1083E-08 1.7589E-08 1.4187E-08 1.1262E-08 8.3699E-09 6.3185E-09 4.3882E-09 3.2207E-09 2.3229E-09 1.7636E-09 1.2786E-09 9.5921E-10 6.9691E-10 4.9785E-10 3.5038E-10 2.5339E-10 1.8694E-10 1.3724E-10 1.0152E-10 7.3876E-11 5.3311E-11 3.8437E-11 2.7115E-11 1.8144E-11 1.1150E-11 4.8134E-12 9.5590E-13 4.3448E-14 0.0000E+00 0.0000E+00 0.0000E+00 0.0000E+00 0.0000E+00 0.0000E+00 0.0000E+00 0.0000E+00 0.0000E+00 0.0000E+00 0.0000E+00 0.0000E+00 0.0000E+00 0.0000E+00 0.0000E+00 0.0000E+00 0.0000E+00 0.0000E+00 0.0000E+00
3.5316E-08 3.7322E-08 3.8378E-08 3.8370E-08 3.7321E-08 3.5355E-08 3.2681E-08 2.9540E-08 2.6190E-08 2.2836E-08 1.9623E-08 1.6477E-08 1.3594E-08 1.0604E-08 8.4354E-09 6.1796E-09 4.4199E-09 2.9698E-09 2.2009E-09 1.5171E-09 1.1019E-09 7.5297E-10 5.2816E-10 3.6711E-10 2.7044E-10 1.9744E-10 1.4323E-10 1.0558E-10 7.6421E-11 5.4923E-11 3.9126E-11 2.7152E-11 1.8258E-11 1.1138E-11 4.9217E-12 6.8707E-13 0.0000E+00 0.0000E+00 0.0000E+00 0.0000E+00 0.0000E+00 0.0000E+00 0.0000E+00 0.0000E+00 0.0000E+00 0.0000E+00 0.0000E+00 0.0000E+00 0.0000E+00 0.0000E+00 0.0000E+00 0.0000E+00 0.0000E+00 0.0000E+00 0.0000E+00 0.0000E+00 0.0000E+00
3.5252E-08 3.7485E-08 3.8659E-08 3.8692E-08 3.7597E-08 3.5483E-08 3.2570E-08 2.9123E-08 2.5423E-08 2.1738E-08 1.8281E-08 1.5171E-08 1.2342E-08 1.0020E-08 7.8764E-09 5.7970E-09 4.2764E-09 2.8081E-09 2.0358E-09 1.3450E-09 9.2759E-10 5.8854E-10 4.0476E-10 2.8404E-10 2.0655E-10 1.4744E-10 1.0644E-10 7.7601E-11 5.5255E-11 3.9271E-11 2.6646E-11 1.7591E-11 1.0597E-11 4.6172E-12 9.8238E-13 0.0000E+00 0.0000E+00 0.0000E+00 0.0000E+00 0.0000E+00 0.0000E+00 0.0000E+00 0.0000E+00 0.0000E+00 0.0000E+00 0.0000E+00 0.0000E+00 0.0000E+00 0.0000E+00 0.0000E+00 0.0000E+00 0.0000E+00 0.0000E+00 0.0000E+00 0.0000E+00 0.0000E+00 0.0000E+00
3.5099E-08 3.7634E-08 3.9056E-08 3.9239E-08 3.8160E-08 3.5943E-08 3.2827E-08 2.9094E-08 2.5085E-08 2.1085E-08 1.7344E-08 1.4023E-08 1.1196E-08 8.8582E-09 6.8597E-09 5.2424E-09 3.7319E-09 2.6239E-09 1.8508E-09 1.2062E-09 7.5994E-10 4.8829E-10 3.1036E-10 2.1190E-10 1.5083E-10 1.0464E-10 7.6669E-11 5.4305E-11 3.7814E-11 2.5796E-11 1.6289E-11 9.6181E-12 4.2029E-12 1.4968E-12 0.0000E+00 0.0000E+00 0.0000E+00 0.0000E+00 0.0000E+00 0.0000E+00 0.0000E+00 0.0000E+00 0.0000E+00 0.0000E+00 0.0000E+00 0.0000E+00 0.0000E+00 0.0000E+00 0.0000E+00 0.0000E+00 0.0000E+00 0.0000E+00 0.0000E+00 0.0000E+00 0.0000E+00 0.0000E+00 0.0000E+00
3.4843E-08 3.7721E-08 3.9468E-08 3.9903E-08 3.8954E-08 3.6731E-08 3.3470E-08 2.9494E-08 2.5167E-08 2.0841E-08 1.6808E-08 1.3244E-08 1.0247E-08 7.8314E-09 5.9304E-09 4.4201E-09 3.2328E-09 2.2410E-09 1.5109E-09 1.0826E-09 6.4809E-10 4.1656E-10 2.3179E-10 1.5238E-10 1.0305E-10 7.2568E-11 5.1476E-11 3.5006E-11 2.3122E-11 1.4543E-11 8.0348E-12 4.4991E-12 1.8019E-12 0.0000E+00 0.0000E+00 0.0000E+00 0.0000E+00 0.0000E+00 0.0000E+00 0.0000E+00 0.0000E+00 0.0000E+00 0.0000E+00 0.0000E+00 0.0000E+00 0.0000E+00 0.0000E+00 0.0000E+00 0.0000E+00 0.0000E+00 0.0000E+00 0.0000E+00 0.0000E+00 0.0000E+00 0.0000E+00 0.0000E+00 0.0000E+00
3.4484E-08 3.7758E-08 3.9883E-08 4.0629E-08 3.9887E-08 3.7740E-08 3.4410E-08 3.0232E-08 2.5631E-08 2.0990E-08 1.6648E-08 1.2828E-08 9.6526E-09 7.1192E-09 5.1779E-09 3.7319E-09 2.6391E-09 1.7384E-09 1.2319E-09 8.3022E-10 5.5588E-10 3.4634E-10 1.7945E-10 1.0529E-10 6.7041E-11 4.6913E-11 3.0775E-11 1.9303E-11 1.1236E-11 7.5407E-12 4.3610E-12 1.8909E-12 1.4283E-13 0.0000E+00 0.0000E+00 0.0000E+00 0.0000E+00 0.0000E+00 0.0000E+00 0.0000E+00 0.0000E+00 0.0000E+00 0.0000E+00 0.0000E+00 0.0000E+00 0.0000E+00 0.0000E+00 0.0000E+00 0.0000E+00 0.0000E+00 0.0000E+00 0.0000E+00 0.0000E+00 0.0000E+00 0.0000E+00 0.0000E+00 0.0000E+00
3.4005E-08 3.7694E-08 4.0266E-08 4.1404E-08 4.0950E-08 3.8943E-08 3.5597E-08 3.1272E-08 2.6411E-08 2.1462E-08 1.6811E-08 1.2717E-08 9.3178E-09 6.6472E-09 4.6516E-09 3.1909E-09 2.1335E-09 1.3222E-09 8.7021E-10 6.2598E-10 4.1216E-10 2.2362E-10 1.3349E-10 6.0574E-11 3.9498E-11 2.5612E-11 1.5459E-11 9.6859E-12 6.8814E-12 3.8883E-12 1.7724E-12 1.7056E-13 0.0000E+00 0.0000E+00 0.0000E+00 0.0000E+00 0.0000E+00 0.0000E+00 0.0000E+00 0.0000E+00 0.0000E+00 0.0000E+00 0.0000E+00 0.0000E+00 0.0000E+00 0.0000E+00 0.0000E+00 0.0000E+00 0.0000E+00 0.0000E+00 0.0000E+00 0.0000E+00 0.0000E+00 0.0000E+00 0.0000E+00 0.0000E+00 0.0000E+00
3.3389E-08 3.7526E-08 4.0584E-08 4.2175E-08 4.2087E-08 4.0306E-08 3.7008E-08 3.2563E-08 2.7474E-08 2.2224E-08 1.7254E-08 1.2866E-08 9.2514E-09 6.4221E-09 4.3226E-09 2.8120E-09 1.7728E-09 1.0091E-09 5.9232E-10 3.9126E-10 2.3679E-10 1.3651E-10 5.9333E-11 3.2643E-11 2.1964E-11 1.3521E-11 8.7538E-12 5.8958E-12 3.1869E-12 1.4696E-12 1.2040E-13 0.0000E+00 0.0000E+00 0.0000E+00 0.0000E+00 0.0000E+00 0.0000E+00 0.0000E+00 0.0000E+00 0.0000E+00 0.0000E+00 0.0000E+00 0.0000E+00 0.0000E+00 0.0000E+00 0.0000E+00 0.0000E+00 0.0000E+00 0.0000E+00 0.0000E+00 0.0000E+00 0.0000E+00 0.0000E+00 0.0000E+00 0.0000E+00 0.0000E+00 0.0000E+00
3.2616E-08 3.7201E-08 4.0775E-08 4.2889E-08 4.3245E-08 4.1750E-08 3.8573E-08 3.4085E-08 2.8797E-08 2.3251E-08 1.7955E-08 1.3263E-08 9.3766E-09 6.3596E-09 4.1504E-09 2.5768E-09 1.5354E-09 8.2135E-10 3.6331E-10 2.2123E-10 1.1614E-10 5.3066E-11 3.0025E-11 1.9592E-11 1.2128E-11 7.7207E-12 4.4706E-12 2.4715E-12 1.0188E-12 0.0000E+00 0.0000E+00 0.0000E+00 0.0000E+00 0.0000E+00 0.0000E+00 0.0000E+00 0.0000E+00 0.0000E+00 0.0000E+00 0.0000E+00 0.0000E+00 0.0000E+00 0.0000E+00 0.0000E+00 0.0000E+00 0.0000E+00 0.0000E+00 0.0000E+00 0.0000E+00 0.0000E+00 0.0000E+00 0.0000E+00 0.0000E+00 0.0000E+00 0.0000E+00 0.0000E+00 0.0000E+00
3.1635E-08 3.6695E-08 4.0831E-08 4.3518E-08 4.4388E-08 4.3274E-08 4.0289E-08 3.5794E-08 3.0340E-08 2.4517E-08 1.8890E-08 1.3864E-08 9.7149E-09 6.4777E-09 4.1029E-09 2.4557E-09 1.3871E-09 6.9341E-10 2.2246E-10 1.1114E-10 5.7227E-11 2.7765E-11 1.7166E-11 1.0233E-11 5.8728E-12 3.0095E-12 1.6501E-12 4.6213E-13 0.0000E+00 0.0000E+00 0.0000E+00 0.0000E+00 0.0000E+00 0.0000E+00 0.0000E+00 0.0000E+00 0.0000E+00 0.0000E+00 0.0000E+00 0.0000E+00 0.0000E+00 0.0000E+00 0.0000E+00 0.0000E+00 0.0000E+00 0.0000E+00 0.0000E+00 0.0000E+00 0.0000E+00 0.0000E+00 0.0000E+00 0.0000E+00 0.0000E+00 0.0000E+00 0.0000E+00 0.0000E+00 0.0000E+00
