Assets/Resources/2015_m01_d25_1300(utc+0800)_l00_csi_1hr_conc.grd
DSAA
         159         159
     -79.000      79.000
     -79.000      79.000
  0.0000E+00  0.4981E-05
[rows 25 to 49 of 159, columns 57 to 113 of 159]
0.0000E+00 0.0000E+00 0.0000E+00 1.5736E-13 9.9875E-13 1.4815E-12 2.5027E-12 7.0585E-12 1.5634E-11 2.6028E-11 4.0880E-11 6.4065E-11 9.1117E-11 1.2748E-10 1.7124E-10 2.2723E-10 2.9433E-10 3.7340E-10 4.6992E-10 5.7548E-10 7.0130E-10 8.4161E-10 1.0040E-09 1.1882E-09 1.3963E-09 1.6311E-09 1.8906E-09 2.1767E-09 2.4908E-09 2.8298E-09 3.1935E-09 3.5799E-09 3.9861E-09 4.4086E-09 4.8432E-09 5.2851E-09 5.7287E-09 6.1680E-09 6.5967E-09 7.0082E-09 7.3961E-09 7.7537E-09 8.0749E-09 8.3539E-09 8.5856E-09 8.7657E-09 8.8908E-09 8.9584E-09 8.9674E-09 8.9168E-09 8.8069E-09 8.6405E-09 8.4226E-09 8.1581E-09 7.8503E-09 7.5032E-09 7.1245E-09
0.0000E+00 0.0000E+00 0.0000E+00 0.0000E+00 5.6569E-13 1.3500E-12 1.5987E-12 3.7858E-12 1.2554E-11 2.3147E-11 3.7465E-11 6.0705E-11 8.6182E-11 1.2408E-10 1.6709E-10 2.2155E-10 2.9416E-10 3.7177E-10 4.6877E-10 5.7840E-10 7.0144E-10 8.5054E-10 1.0125E-09 1.2016E-09 1.4127E-09 1.6492E-09 1.9143E-09 2.2052E-09 2.5232E-09 2.8674E-09 3.2364E-09 3.6280E-09 4.0395E-09 4.4669E-09 4.9058E-09 5.3510E-09 5.7970E-09 6.2376E-09 6.6664E-09 7.0767E-09 7.4617E-09 7.8151E-09 8.1305E-09 8.4024E-09 8.6258E-09 8.7965E-09 8.9113E-09 8.9679E-09 8.9656E-09 8.9038E-09 8.7841E-09 8.6083E-09 8.3792E-09 8.1018E-09 7.7836E-09 7.4304E-09 7.0453E-09
0.0000E+00 0.0000E+00 0.0000E+00 0.0000E+00 1.3824E-13 9.4415E-13 1.4507E-12 1.8872E-12 9.7928E-12 1.9984E-11 3.5494E-11 5.8046E-11 8.2963E-11 1.2148E-10 1.6559E-10 2.2019E-10 2.9141E-10 3.7443E-10 4.6999E-10 5.8210E-10 7.0943E-10 8.5632E-10 1.0271E-09 1.2163E-09 1.4338E-09 1.6750E-09 1.9435E-09 2.2395E-09 2.5627E-09 2.9125E-09 3.2871E-09 3.6841E-09 4.1003E-09 4.5318E-09 4.9740E-09 5.4219E-09 5.8692E-09 6.3099E-09 6.7370E-09 7.1442E-09 7.5244E-09 7.8714E-09 8.1790E-09 8.4416E-09 8.6543E-09 8.8134E-09 8.9157E-09 8.9595E-09 8.9440E-09 8.8695E-09 8.7373E-09 8.5494E-09 8.3105E-09 8.0241E-09 7.6957E-09 7.3325E-09 6.9426E-09
0.0000E+00 0.0000E+00 0.0000E+00 0.0000E+00 0.0000E+00 4.8088E-13 1.2913E-12 1.5457E-12 7.6831E-12 1.7784E-11 3.3043E-11 5.6195E-11 8.1120E-11 1.2054E-10 1.6499E-10 2.2042E-10 2.9349E-10 3.7613E-10 4.7632E-10 5.8627E-10 7.1896E-10 8.6939E-10 1.0415E-09 1.2366E-09 1.4554E-09 1.7027E-09 1.9762E-09 2.2777E-09 2.6066E-09 2.9619E-09 3.3417E-09 3.7436E-09 4.1642E-09 4.5996E-09 5.0448E-09 5.4941E-09 5.9415E-09 6.3808E-09 6.8051E-09 7.2075E-09 7.5812E-09 7.9199E-09 8.2176E-09 8.4690E-09 8.6692E-09 8.8148E-09 8.9030E-09 8.9323E-09 8.9022E-09 8.8136E-09 8.6682E-09 8.4690E-09 8.2189E-09 7.9227E-09 7.5867E-09 7.2167E-09 6.8189E-09
0.0000E+00 0.0000E+00 0.0000E+00 0.0000E+00 0.0000E+00 2.6387E-14 7.9142E-13 1.3907E-12 6.8215E-12 1.6261E-11 3.1670E-11 5.4411E-11 8.0704E-11 1.1956E-10 1.6618E-10 2.2240E-10 2.9644E-10 3.8318E-10 4.8110E-10 5.9773E-10 7.2788E-10 8.8453E-10 1.0610E-09 1.2627E-09 1.4868E-09 1.7382E-09 2.0190E-09 2.3265E-09 2.6615E-09 3.0227E-09 3.4084E-09 3.8157E-09 4.2409E-09 4.6796E-09 5.1268E-09 5.5768E-09 6.0236E-09 6.4603E-09 6.8800E-09 7.2758E-09 7.6412E-09 7.9698E-09 8.2556E-09 8.4932E-09 8.6785E-09 8.8083E-09 8.8803E-09 8.8932E-09 8.8468E-09 8.7425E-09 8.5817E-09 8.3678E-09 8.1056E-09 7.8008E-09 7.4572E-09 7.0816E-09 6.6800E-09
0.0000E+00 0.0000E+00 0.0000E+00 0.0000E+00 0.0000E+00 0.0000E+00 3.0416E-13 1.0683E-12 6.8662E-12 1.5540E-11 3.0449E-11 5.5272E-11 8.1171E-11 1.2004E-10 1.6926E-10 2.2577E-10 3.0113E-10 3.9067E-10 4.9016E-10 6.0883E-10 7.4413E-10 9.0059E-10 1.0835E-09 1.2889E-09 1.5207E-09 1.7779E-09 2.0638E-09 2.3785E-09 2.7200E-09 3.0876E-09 3.4790E-09 3.8914E-09 4.3207E-09 4.7626E-09 5.2116E-09 5.6617E-09 6.1066E-09 6.5395E-09 6.9533E-09 7.3414E-09 7.6969E-09 8.0138E-09 8.2856E-09 8.5081E-09 8.6773E-09 8.7901E-09 8.8441E-09 8.8390E-09 8.7752E-09 8.6542E-09 8.4786E-09 8.2519E-09 7.9774E-09 7.6608E-09 7.3094E-09 6.9291E-09 6.5249E-09
0.0000E+00 0.0000E+00 0.0000E+00 0.0000E+00 0.0000E+00 0.0000E+00 0.0000E+00 5.4825E-13 7.0165E-12 1.6299E-11 3.1785E-11 5.5281E-11 8.3667E-11 1.2243E-10 1.7211E-10 2.3101E-10 3.0661E-10 4.0095E-10 5.0329E-10 6.2194E-10 7.6165E-10 9.2212E-10 1.1101E-09 1.3214E-09 1.5599E-09 1.8269E-09 2.1197E-09 2.4406E-09 2.7890E-09 3.1633E-09 3.5609E-09 3.9787E-09 4.4125E-09 4.8573E-09 5.3076E-09 5.7572E-09 6.1995E-09 6.6275E-09 7.0341E-09 7.4127E-09 7.7566E-09 8.0594E-09 8.3159E-09 8.5214E-09 8.6724E-09 8.7658E-09 8.8004E-09 8.7761E-09 8.6938E-09 8.5551E-09 8.3627E-09 8.1205E-09 7.8338E-09 7.5083E-09 7.1485E-09 6.7618E-09 6.3556E-09
0.0000E+00 0.0000E+00 0.0000E+00 0.0000E+00 0.0000E+00 0.0000E+00 0.0000E+00 4.3082E-14 7.0708E-12 1.8866E-11 3.2955E-11 5.7002E-11 8.6663E-11 1.2538E-10 1.7561E-10 2.3809E-10 3.1791E-10 4.1157E-10 5.1737E-10 6.3964E-10 7.8279E-10 9.4831E-10 1.1390E-09 1.3593E-09 1.6042E-09 1.8787E-09 2.1796E-09 2.5084E-09 2.8662E-09 3.2481E-09 3.6527E-09 4.0765E-09 4.5150E-09 4.9629E-09 5.4145E-09 5.8635E-09 6.3027E-09 6.7251E-09 7.1238E-09 7.4919E-09 7.8228E-09 8.1102E-09 8.3493E-09 8.5360E-09 8.6668E-09 8.7393E-09 8.7530E-09 8.7078E-09 8.6053E-09 8.4473E-09 8.2379E-09 7.9814E-09 7.6816E-09 7.3440E-09 6.9762E-09 6.5848E-09 6.1749E-09
0.0000E+00 0.0000E+00 0.0000E+00 0.0000E+00 0.0000E+00 0.0000E+00 0.0000E+00 1.1560E-13 8.3466E-12 2.0258E-11 3.6356E-11 6.1009E-11 8.9521E-11 1.3046E-10 1.8169E-10 2.4744E-10 3.2892E-10 4.2461E-10 5.3379E-10 6.5858E-10 8.0662E-10 9.7766E-10 1.1749E-09 1.3996E-09 1.6531E-09 1.9344E-09 2.2458E-09 2.5838E-09 2.9485E-09 3.3380E-09 3.7496E-09 4.1792E-09 4.6224E-09 5.0737E-09 5.5265E-09 5.9741E-09 6.4095E-09 6.8254E-09 7.2149E-09 7.5710E-09 7.8871E-09 8.1578E-09 8.3782E-09 8.5445E-09 8.6533E-09 8.7037E-09 8.6951E-09 8.6283E-09 8.5047E-09 8.3275E-09 8.1007E-09 7.8289E-09 7.5171E-09 7.1712E-09 6.7960E-09 6.3989E-09 5.9871E-09
0.0000E+00 0.0000E+00 0.0000E+00 0.0000E+00 0.0000E+00 0.0000E+00 0.0000E+00 1.4601E-12 9.2546E-12 2.1996E-11 4.1517E-11 6.4882E-11 9.4760E-11 1.3647E-10 1.9024E-10 2.5731E-10 3.3963E-10 4.4024E-10 5.5328E-10 6.8074E-10 8.3323E-10 1.0110E-09 1.2145E-09 1.4453E-09 1.7058E-09 1.9974E-09 2.3167E-09 2.6638E-09 3.0379E-09 3.4368E-09 3.8569E-09 4.2932E-09 4.7420E-09 5.1967E-09 5.6506E-09 6.0971E-09 6.5286E-09 6.9378E-09 7.3173E-09 7.6606E-09 7.9613E-09 8.2140E-09 8.4140E-09 8.5577E-09 8.6428E-09 8.6687E-09 8.6356E-09 8.5449E-09 8.3992E-09 8.2017E-09 7.9567E-09 7.6690E-09 7.3440E-09 6.9881E-09 6.6072E-09 6.2072E-09 5.7925E-09
0.0000E+00 0.0000E+00 0.0000E+00 0.0000E+00 0.0000E+00 0.0000E+00 2.9302E-13 2.5960E-12 1.0725E-11 2.6195E-11 4.4442E-11 7.0431E-11 1.0225E-10 1.4399E-10 1.9962E-10 2.6917E-10 3.5531E-10 4.5648E-10 5.7350E-10 7.0676E-10 8.6420E-10 1.0477E-09 1.2569E-09 1.4969E-09 1.7654E-09 2.0644E-09 2.3937E-09 2.7521E-09 3.1358E-09 3.5445E-09 3.9732E-09 4.4170E-09 4.8717E-09 5.3298E-09 5.7852E-09 6.2307E-09 6.6582E-09 7.0597E-09 7.4286E-09 7.7582E-09 8.0423E-09 8.2758E-09 8.4545E-09 8.5756E-09 8.6374E-09 8.6388E-09 8.5806E-09 8.4641E-09 8.2935E-09 8.0730E-09 7.8085E-09 7.5043E-09 7.1658E-09 6.7994E-09 6.4112E-09 6.0068E-09 5.5927E-09
0.0000E+00 0.0000E+00 0.0000E+00 0.0000E+00 0.0000E+00 0.0000E+00 1.6506E-12 3.6395E-12 1.3360E-11 2.9675E-11 4.8239E-11 7.6981E-11 1.1056E-10 1.5539E-10 2.1134E-10 2.8152E-10 3.7156E-10 4.7485E-10 5.9428E-10 7.3526E-10 8.9868E-10 1.0870E-09 1.3051E-09 1.5514E-09 1.8291E-09 2.1383E-09 2.4773E-09 2.8471E-09 3.2412E-09 3.6595E-09 4.0973E-09 4.5492E-09 5.0118E-09 5.4741E-09 5.9306E-09 6.3743E-09 6.7970E-09 7.1910E-09 7.5490E-09 7.8643E-09 8.1310E-09 8.3442E-09 8.5003E-09 8.5965E-09 8.6321E-09 8.6071E-09 8.5232E-09 8.3832E-09 8.1905E-09 7.9481E-09 7.6613E-09 7.3376E-09 6.9842E-09 6.6066E-09 6.2103E-09 5.8015E-09 5.3864E-09
0.0000E+00 0.0000E+00 0.0000E+00 0.0000E+00 0.0000E+00 9.1835E-13 2.5898E-12 5.6448E-12 1.6823E-11 3.2594E-11 5.4270E-11 8.3499E-11 1.1856E-10 1.6729E-10 2.2498E-10 2.9702E-10 3.8931E-10 4.9437E-10 6.1974E-10 7.6581E-10 9.3453E-10 1.1318E-09 1.3558E-09 1.6118E-09 1.8985E-09 2.2185E-09 2.5674E-09 2.9469E-09 3.3536E-09 3.7826E-09 4.2311E-09 4.6917E-09 5.1587E-09 5.6248E-09 6.0836E-09 6.5261E-09 6.9441E-09 7.3309E-09 7.6781E-09 7.9792E-09 8.2284E-09 8.4213E-09 8.5545E-09 8.6261E-09 8.6356E-09 8.5836E-09 8.4719E-09 8.3039E-09 8.0845E-09 7.8194E-09 7.5145E-09 7.1737E-09 6.8031E-09 6.4116E-09 6.0070E-09 5.5942E-09 5.1777E-09
0.0000E+00 0.0000E+00 0.0000E+00 0.0000E+00 2.5785E-14 1.4182E-12 3.7661E-12 9.5082E-12 1.9807E-11 3.6931E-11 6.0306E-11 8.9954E-11 1.2845E-10 1.7913E-10 2.4023E-10 3.1551E-10 4.0627E-10 5.1713E-10 6.4691E-10 7.9752E-10 9.7427E-10 1.1788E-09 1.4121E-09 1.6753E-09 1.9724E-09 2.3010E-09 2.6639E-09 3.0538E-09 3.4727E-09 3.9133E-09 4.3698E-09 4.8390E-09 5.3122E-09 5.7828E-09 6.2442E-09 6.6854E-09 7.0990E-09 7.4770E-09 7.8121E-09 8.0978E-09 8.3286E-09 8.5002E-09 8.6097E-09 8.6559E-09 8.6386E-09 8.5596E-09 8.4216E-09 8.2287E-09 7.9847E-09 7.6944E-09 7.3658E-09 7.0059E-09 6.6231E-09 6.2204E-09 5.8048E-09 5.3849E-09 4.9679E-09
0.0000E+00 0.0000E+00 0.0000E+00 0.0000E+00 1.0674E-12 1.6714E-12 5.5053E-12 1.2000E-11 2.2783E-11 4.3234E-11 6.5000E-11 9.8643E-11 1.3896E-10 1.9015E-10 2.5704E-10 3.3296E-10 4.2718E-10 5.4115E-10 6.7415E-10 8.3279E-10 1.0173E-09 1.2273E-09 1.4701E-09 1.7441E-09 2.0520E-09 2.3915E-09 2.7626E-09 3.1672E-09 3.5950E-09 4.0470E-09 4.5139E-09 4.9926E-09 5.4736E-09 5.9491E-09 6.4107E-09 6.8499E-09 7.2585E-09 7.6287E-09 7.9524E-09 8.2234E-09 8.4364E-09 8.5871E-09 8.6729E-09 8.6931E-09 8.6485E-09 8.5409E-09 8.3732E-09 8.1511E-09 7.8807E-09 7.5685E-09 7.2212E-09 6.8428E-09 6.4419E-09 6.0269E-09 5.6060E-09 5.1804E-09 4.7589E-09
0.0000E+00 0.0000E+00 0.0000E+00 1.0023E-13 1.4429E-12 2.2942E-12 9.0574E-12 1.4192E-11 2.7546E-11 4.7752E-11 7.0275E-11 1.0882E-10 1.4811E-10 2.0498E-10 2.7184E-10 3.5062E-10 4.4982E-10 5.6603E-10 7.0540E-10 8.6934E-10 1.0595E-09 1.2802E-09 1.5295E-09 1.8160E-09 2.1326E-09 2.4861E-09 2.8688E-09 3.2828E-09 3.7230E-09 4.1838E-09 4.6637E-09 5.1508E-09 5.6370E-09 6.1174E-09 6.5808E-09 7.0187E-09 7.4232E-09 7.7849E-09 8.0957E-09 8.3505E-09 8.5442E-09 8.6725E-09 8.7343E-09 8.7290E-09 8.6575E-09 8.5225E-09 8.3284E-09 8.0801E-09 7.7835E-09 7.4449E-09 7.0733E-09 6.6769E-09 6.2641E-09 5.8377E-09 5.4061E-09 4.9772E-09 4.5541E-09
0.0000E+00 0.0000E+00 0.0000E+00 9.1903E-13 1.6234E-12 3.9570E-12 1.1002E-11 1.6750E-11 3.3727E-11 5.1380E-11 7.9604E-11 1.1626E-10 1.5822E-10 2.1914E-10 2.8659E-10 3.7169E-10 4.7135E-10 5.9222E-10 7.3854E-10 9.0655E-10 1.1045E-09 1.3321E-09 1.5943E-09 1.8868E-09 2.2180E-09 2.5791E-09 2.9762E-09 3.4006E-09 3.8547E-09 4.3268E-09 4.8132E-09 5.3096E-09 5.8033E-09 6.2897E-09 6.7554E-09 7.1919E-09 7.5910E-09 7.9440E-09 8.2433E-09 8.4828E-09 8.6570E-09 8.7639E-09 8.8012E-09 8.7687E-09 8.6689E-09 8.5046E-09 8.2811E-09 8.0043E-09 7.6819E-09 7.3217E-09 6.9310E-09 6.5151E-09 6.0840E-09 5.6459E-09 5.2092E-09 4.7748E-09 4.3515E-09
0.0000E+00 0.0000E+00 0.0000E+00 1.4102E-12 1.8117E-12 6.9026E-12 1.2984E-11 2.0952E-11 3.7772E-11 5.5615E-11 8.8604E-11 1.2337E-10 1.7227E-10 2.3209E-10 3.0300E-10 3.8998E-10 4.9321E-10 6.2079E-10 7.7006E-10 9.4710E-10 1.1510E-09 1.3880E-09 1.6580E-09 1.9627E-09 2.3012E-09 2.6767E-09 3.0819E-09 3.5212E-09 3.9837E-09 4.4689E-09 4.9668E-09 5.4715E-09 5.9729E-09 6.4625E-09 6.9289E-09 7.3650E-09 7.7595E-09 8.1038E-09 8.3916E-09 8.6170E-09 8.7737E-09 8.8586E-09 8.8710E-09 8.8125E-09 8.6849E-09 8.4921E-09 8.2404E-09 7.9362E-09 7.5864E-09 7.1998E-09 6.7852E-09 6.3525E-09 5.9096E-09 5.4596E-09 5.0128E-09 4.5754E-09 4.1506E-09
0.0000E+00 0.0000E+00 0.0000E+00 1.5612E-12 2.3317E-12 9.1762E-12 1.5270E-11 2.5365E-11 4.1795E-11 6.2812E-11 9.5608E-11 1.3175E-10 1.8314E-10 2.4466E-10 3.1983E-10 4.0782E-10 5.1877E-10 6.4776E-10 8.0272E-10 9.8610E-10 1.1986E-09 1.4425E-09 1.7215E-09 2.0372E-09 2.3865E-09 2.7716E-09 3.1914E-09 3.6398E-09 4.1150E-09 4.6085E-09 5.1201E-09 5.6320E-09 6.1396E-09 6.6338E-09 7.1021E-09 7.5382E-09 7.9292E-09 8.2679E-09 8.5451E-09 8.7548E-09 8.8926E-09 8.9556E-09 8.9439E-09 8.8580E-09 8.7013E-09 8.4797E-09 8.1990E-09 7.8662E-09 7.4912E-09 7.0822E-09 6.6471E-09 6.1941E-09 5.7332E-09 5.2730E-09 4.8204E-09 4.3778E-09 3.9533E-09
0.0000E+00 0.0000E+00 0.0000E+00 1.7146E-12 3.2632E-12 1.1271E-11 1.7796E-11 2.8739E-11 4.5950E-11 6.8459E-11 1.0181E-10 1.4061E-10 1.9338E-10 2.5835E-10 3.3431E-10 4.2709E-10 5.4081E-10 6.7615E-10 8.3650E-10 1.0248E-09 1.2450E-09 1.4959E-09 1.7856E-09 2.1094E-09 2.4695E-09 2.8659E-09 3.2980E-09 3.7572E-09 4.2456E-09 4.7497E-09 5.2666E-09 5.7889E-09 6.3045E-09 6.8051E-09 7.2779E-09 7.7147E-09 8.1023E-09 8.4336E-09 8.7000E-09 8.8962E-09 9.0172E-09 9.0601E-09 9.0248E-09 8.9130E-09 8.7287E-09 8.4776E-09 8.1668E-09 7.8052E-09 7.4015E-09 6.9658E-09 6.5082E-09 6.0386E-09 5.5647E-09 5.0916E-09 4.6295E-09 4.1852E-09 3.7596E-09
0.0000E+00 0.0000E+00 0.0000E+00 1.8679E-12 3.8984E-12 1.3125E-11 2.0085E-11 3.2157E-11 5.1477E-11 7.3156E-11 1.0851E-10 1.4771E-10 2.0301E-10 2.7111E-10 3.4946E-10 4.4544E-10 5.6195E-10 7.0290E-10 8.6688E-10 1.0624E-09 1.2880E-09 1.5507E-09 1.8462E-09 2.1793E-09 2.5509E-09 2.9598E-09 3.3980E-09 3.8722E-09 4.3693E-09 4.8879E-09 5.4156E-09 5.9472E-09 6.4731E-09 6.9790E-09 7.4563E-09 7.8939E-09 8.2792E-09 8.6078E-09 8.8669E-09 9.0497E-09 9.1528E-09 9.1745E-09 9.1149E-09 8.9766E-09 8.7641E-09 8.4838E-09 8.1441E-09 7.7539E-09 7.3230E-09 6.8624E-09 6.3808E-09 5.8892E-09 5.3979E-09 4.9157E-09 4.4473E-09 3.9971E-09 3.5723E-09
0.0000E+00 0.0000E+00 0.0000E+00 2.0186E-12 4.7195E-12 1.4505E-11 2.1551E-11 3.5622E-11 5.5481E-11 7.8166E-11 1.1422E-10 1.5402E-10 2.1272E-10 2.8150E-10 3.6317E-10 4.6208E-10 5.8361E-10 7.2721E-10 8.9809E-10 1.0980E-09 1.3324E-09 1.6009E-09 1.9048E-09 2.2483E-09 2.6288E-09 3.0464E-09 3.4990E-09 3.9811E-09 4.4915E-09 5.0198E-09 5.5642E-09 6.1049E-09 6.6419E-09 7.1557E-09 7.6382E-09 8.0816E-09 8.4689E-09 8.7917E-09 9.0422E-09 9.2140E-09 9.3028E-09 9.3059E-09 9.2240E-09 9.0600E-09 8.8191E-09 8.5089E-09 8.1384E-09 7.7178E-09 7.2585E-09 6.7715E-09 6.2680E-09 5.7588E-09 5.2514E-09 4.7539E-09 4.2747E-09 3.8206E-09 3.3918E-09
0.0000E+00 0.0000E+00 0.0000E+00 2.1640E-12 5.8746E-12 1.5677E-11 2.2779E-11 3.9075E-11 5.8375E-11 8.3174E-11 1.1886E-10 1.6053E-10 2.2081E-10 2.9192E-10 3.7535E-10 4.7754E-10 6.0193E-10 7.4935E-10 9.2558E-10 1.1317E-09 1.3725E-09 1.6469E-09 1.9608E-09 2.3115E-09 2.6998E-09 3.1289E-09 3.5935E-09 4.0873E-09 4.6105E-09 5.1524E-09 5.7058E-09 6.2598E-09 6.8031E-09 7.3324E-09 7.8237E-09 8.2696E-09 8.6582E-09 8.9797E-09 9.2261E-09 9.3888E-09 9.4638E-09 9.4494E-09 9.3454E-09 9.1564E-09 8.8881E-09 8.5484E-09 8.1471E-09 7.6960E-09 7.2070E-09 6.6925E-09 6.1643E-09 5.6335E-09 5.1102E-09 4.6029E-09 4.1159E-09 3.6555E-09 3.2256E-09
0.0000E+00 0.0000E+00 0.0000E+00 2.3013E-12 7.0232E-12 1.6476E-11 2.4110E-11 4.1395E-11 6.1009E-11 8.7838E-11 1.2276E-10 1.6609E-10 2.2800E-10 3.0008E-10 3.8636E-10 4.9229E-10 6.1730E-10 7.7062E-10 9.5012E-10 1.1619E-09 1.4073E-09 1.6885E-09 2.0094E-09 2.3675E-09 2.7670E-09 3.2057E-09 3.6798E-09 4.1896E-09 4.7242E-09 5.2819E-09 5.8491E-09 6.4217E-09 6.9803E-09 7.5149E-09 8.0142E-09 8.4675E-09 8.8621E-09 9.1856E-09 9.4284E-09 9.5835E-09 9.6467E-09 9.6162E-09 9.4922E-09 9.2789E-09 8.9824E-09 8.6120E-09 8.1792E-09 7.6963E-09 7.1764E-09 6.6329E-09 6.0786E-09 5.5252E-09 4.9833E-09 4.4602E-09 3.9639E-09 3.5002E-09 3.0688E-09
0.0000E+00 0.0000E+00 0.0000E+00 2.4278E-12 7.8925E-12 1.7004E-11 2.5620E-11 4.2977E-11 6.3254E-11 9.1339E-11 1.2599E-10 1.7019E-10 2.3403E-10 3.0640E-10 3.9657E-10 5.0245E-10 6.3071E-10 7.8798E-10 9.6938E-10 1.1874E-09 1.4369E-09 1.7245E-09 2.0506E-09 2.4164E-09 2.8264E-09 3.2764E-09 3.7609E-09 4.2797E-09 4.8336E-09 5.4016E-09 5.9890E-09 6.5730E-09 7.1453E-09 7.6994E-09 8.2148E-09 8.6786E-09 9.0796E-09 9.4065E-09 9.6504E-09 9.8024E-09 9.8572E-09 9.8124E-09 9.6692E-09 9.4316E-09 9.1073E-09 8.7066E-09 8.2413E-09 7.7253E-09 7.1729E-09 6.5984E-09 6.0156E-09 5.4373E-09 4.8746E-09 4.3363E-09 3.8282E-09 3.3550E-09 2.9224E-09
