Assets/Resources/2015_m01_d18_0000(utc+0800)_l00_csi_1hr_conc.grd
DSAA
         159         159
     -79.000      79.000
     -79.000      79.000
  0.0000E+00  0.9317E-05
[rows 0 to 24 of 159, columns 0 to 56 of 159]
6.4522E-10 6.8358E-10 7.2361E-10 7.6545E-10 8.0865E-10 8.5367E-10 9.0037E-10 9.4857E-10 9.9818E-10 1.0500E-09 1.1030E-09 1.1577E-09 1.2139E-09 1.2714E-09 1.3308E-09 1.3910E-09 1.4531E-09 1.5155E-09 1.5803E-09 1.6448E-09 1.7112E-09 1.7778E-09 1.8457E-09 1.9138E-09 1.9820E-09 2.0510E-09 2.1197E-09 2.1886E-09 2.2570E-09 2.3252E-09 2.3931E-09 2.4597E-09 2.5257E-09 2.5897E-09 2.6527E-09 2.7136E-09 2.7723E-09 2.8294E-09 2.8822E-09 2.9319E-09 2.9788E-09 3.0223E-09 3.0628E-09 3.1004E-09 3.1346E-09 3.1656E-09 3.1936E-09 3.2183E-09 3.2398E-09 3.2583E-09 3.2729E-09 3.2846E-09 3.2930E-09 3.2983E-09 3.3004E-09 3.2994E-09 3.2953E-09
6.6825E-10 7.0822E-10 7.5006E-10 7.9334E-10 8.3851E-10 8.8545E-10 9.3428E-10 9.8427E-10 1.0363E-09 1.0900E-09 1.1455E-09 1.2029E-09 1.2613E-09 1.3218E-09 1.3833E-09 1.4466E-09 1.5111E-09 1.5771E-09 1.6444E-09 1.7120E-09 1.7817E-09 1.8510E-09 1.9220E-09 1.9926E-09 2.0650E-09 2.1364E-09 2.2088E-09 2.2808E-09 2.3528E-09 2.4239E-09 2.4949E-09 2.5644E-09 2.6331E-09 2.7000E-09 2.7657E-09 2.8291E-09 2.8907E-09 2.9485E-09 3.0031E-09 3.0547E-09 3.1029E-09 3.1480E-09 3.1899E-09 3.2290E-09 3.2644E-09 3.2966E-09 3.3258E-09 3.3512E-09 3.3732E-09 3.3918E-09 3.4068E-09 3.4185E-09 3.4267E-09 3.4315E-09 3.4330E-09 3.4313E-09 3.4258E-09
6.9182E-10 7.3356E-10 7.7680E-10 8.2230E-10 8.6908E-10 9.1811E-10 9.6840E-10 1.0208E-09 1.0753E-09 1.1311E-09 1.1893E-09 1.2485E-09 1.3101E-09 1.3731E-09 1.4373E-09 1.5039E-09 1.5708E-09 1.6400E-09 1.7097E-09 1.7813E-09 1.8538E-09 1.9264E-09 2.0005E-09 2.0748E-09 2.1501E-09 2.2248E-09 2.3005E-09 2.3757E-09 2.4509E-09 2.5253E-09 2.5993E-09 2.6722E-09 2.7439E-09 2.8137E-09 2.8820E-09 2.9481E-09 3.0110E-09 3.0709E-09 3.1271E-09 3.1806E-09 3.2306E-09 3.2774E-09 3.3212E-09 3.3614E-09 3.3981E-09 3.4317E-09 3.4614E-09 3.4875E-09 3.5104E-09 3.5288E-09 3.5443E-09 3.5558E-09 3.5634E-09 3.5683E-09 3.5691E-09 3.5661E-09 3.5603E-09
7.1600E-10 7.5911E-10 8.0454E-10 8.5132E-10 9.0045E-10 9.5119E-10 1.0036E-09 1.0585E-09 1.1150E-09 1.1735E-09 1.2338E-09 1.2960E-09 1.3602E-09 1.4253E-09 1.4933E-09 1.5619E-09 1.6324E-09 1.7048E-09 1.7775E-09 1.8522E-09 1.9271E-09 2.0041E-09 2.0811E-09 2.1590E-09 2.2373E-09 2.3162E-09 2.3950E-09 2.4736E-09 2.5522E-09 2.6303E-09 2.7070E-09 2.7831E-09 2.8574E-09 2.9305E-09 3.0015E-09 3.0698E-09 3.1345E-09 3.1962E-09 3.2549E-09 3.3100E-09 3.3619E-09 3.4108E-09 3.4558E-09 3.4979E-09 3.5358E-09 3.5701E-09 3.6006E-09 3.6277E-09 3.6506E-09 3.6698E-09 3.6849E-09 3.6963E-09 3.7043E-09 3.7082E-09 3.7079E-09 3.7043E-09 3.6968E-09
7.4034E-10 7.8559E-10 8.3226E-10 8.8135E-10 9.3214E-10 9.8471E-10 1.0401E-09 1.0967E-09 1.1557E-09 1.2168E-09 1.2794E-09 1.3445E-09 1.4109E-09 1.4797E-09 1.5503E-09 1.6216E-09 1.6958E-09 1.7702E-09 1.8469E-09 1.9249E-09 2.0035E-09 2.0837E-09 2.1638E-09 2.2454E-09 2.3271E-09 2.4097E-09 2.4918E-09 2.5742E-09 2.6563E-09 2.7373E-09 2.8177E-09 2.8966E-09 2.9745E-09 3.0507E-09 3.1239E-09 3.1942E-09 3.2613E-09 3.3248E-09 3.3853E-09 3.4429E-09 3.4967E-09 3.5474E-09 3.5942E-09 3.6376E-09 3.6768E-09 3.7124E-09 3.7439E-09 3.7711E-09 3.7944E-09 3.8137E-09 3.8292E-09 3.8404E-09 3.8471E-09 3.8503E-09 3.8500E-09 3.8451E-09 3.8365E-09
7.6555E-10 8.1199E-10 8.6092E-10 9.1163E-10 9.6446E-10 1.0197E-09 1.0765E-09 1.1358E-09 1.1974E-09 1.2605E-09 1.3263E-09 1.3938E-09 1.4633E-09 1.5350E-09 1.6077E-09 1.6833E-09 1.7600E-09 1.8380E-09 1.9184E-09 1.9989E-09 2.0815E-09 2.1648E-09 2.2492E-09 2.3342E-09 2.4195E-09 2.5053E-09 2.5915E-09 2.6775E-09 2.7627E-09 2.8475E-09 2.9313E-09 3.0135E-09 3.0947E-09 3.1732E-09 3.2488E-09 3.3213E-09 3.3903E-09 3.4567E-09 3.5194E-09 3.5792E-09 3.6350E-09 3.6875E-09 3.7358E-09 3.7807E-09 3.8211E-09 3.8578E-09 3.8899E-09 3.9177E-09 3.9412E-09 3.9606E-09 3.9762E-09 3.9871E-09 3.9936E-09 3.9961E-09 3.9943E-09 3.9878E-09 3.9782E-09
7.9059E-10 8.3925E-10 8.8975E-10 9.4245E-10 9.9768E-10 1.0545E-09 1.1139E-09 1.1758E-09 1.2394E-09 1.3057E-09 1.3738E-09 1.4442E-09 1.5169E-09 1.5909E-09 1.6676E-09 1.7461E-09 1.8255E-09 1.9078E-09 1.9906E-09 2.0752E-09 2.1614E-09 2.2481E-09 2.3360E-09 2.4247E-09 2.5141E-09 2.6038E-09 2.6933E-09 2.7829E-09 2.8720E-09 2.9600E-09 3.0473E-09 3.1333E-09 3.2175E-09 3.2982E-09 3.3762E-09 3.4509E-09 3.5229E-09 3.5917E-09 3.6568E-09 3.7187E-09 3.7765E-09 3.8309E-09 3.8809E-09 3.9271E-09 3.9687E-09 4.0062E-09 4.0390E-09 4.0672E-09 4.0917E-09 4.1106E-09 4.1260E-09 4.1365E-09 4.1425E-09 4.1439E-09 4.1411E-09 4.1338E-09 4.1224E-09
8.1643E-10 8.6660E-10 9.1878E-10 9.7408E-10 1.0308E-09 1.0902E-09 1.1522E-09 1.2160E-09 1.2827E-09 1.3516E-09 1.4223E-09 1.4958E-09 1.5711E-09 1.6486E-09 1.7284E-09 1.8093E-09 1.8933E-09 1.9783E-09 2.0647E-09 2.1532E-09 2.2425E-09 2.3335E-09 2.4252E-09 2.5174E-09 2.6106E-09 2.7042E-09 2.7977E-09 2.8911E-09 2.9834E-09 3.0755E-09 3.1663E-09 3.2558E-09 3.3419E-09 3.4256E-09 3.5059E-09 3.5841E-09 3.6584E-09 3.7298E-09 3.7972E-09 3.8613E-09 3.9213E-09 3.9774E-09 4.0290E-09 4.0764E-09 4.1191E-09 4.1576E-09 4.1910E-09 4.2197E-09 4.2443E-09 4.2632E-09 4.2783E-09 4.2883E-09 4.2936E-09 4.2941E-09 4.2901E-09 4.2815E-09 4.2682E-09
8.4201E-10 8.9408E-10 9.4875E-10 1.0056E-09 1.0648E-09 1.1268E-09 1.1906E-09 1.2575E-09 1.3267E-09 1.3978E-09 1.4719E-09 1.5480E-09 1.6264E-09 1.7073E-09 1.7897E-09 1.8749E-09 1.9620E-09 2.0500E-09 2.1406E-09 2.2325E-09 2.3259E-09 2.4203E-09 2.5160E-09 2.6125E-09 2.7096E-09 2.8066E-09 2.9040E-09 3.0011E-09 3.0977E-09 3.1934E-09 3.2877E-09 3.3796E-09 3.4689E-09 3.5553E-09 3.6386E-09 3.7192E-09 3.7963E-09 3.8706E-09 3.9406E-09 4.0069E-09 4.0688E-09 4.1266E-09 4.1797E-09 4.2285E-09 4.2722E-09 4.3115E-09 4.3456E-09 4.3747E-09 4.3989E-09 4.4182E-09 4.4330E-09 4.4423E-09 4.4467E-09 4.4458E-09 4.4410E-09 4.4307E-09 4.4169E-09
8.6821E-10 9.2242E-10 9.7885E-10 1.0378E-09 1.0995E-09 1.1633E-09 1.2301E-09 1.2995E-09 1.3709E-09 1.4453E-09 1.5222E-09 1.6011E-09 1.6829E-09 1.7667E-09 1.8529E-09 1.9414E-09 2.0314E-09 2.1240E-09 2.2180E-09 2.3134E-09 2.4105E-09 2.5090E-09 2.6086E-09 2.7090E-09 2.8101E-09 2.9114E-09 3.0127E-09 3.1134E-09 3.2142E-09 3.3135E-09 3.4109E-09 3.5058E-09 3.5980E-09 3.6871E-09 3.7738E-09 3.8574E-09 3.9377E-09 4.0139E-09 4.0866E-09 4.1550E-09 4.2189E-09 4.2785E-09 4.3330E-09 4.3830E-09 4.4277E-09 4.4674E-09 4.5019E-09 4.5319E-09 4.5561E-09 4.5752E-09 4.5890E-09 4.5977E-09 4.6012E-09 4.6003E-09 4.5939E-09 4.5828E-09 4.5670E-09
8.9462E-10 9.5054E-10 1.0093E-09 1.0703E-09 1.1341E-09 1.2007E-09 1.2697E-09 1.3415E-09 1.4162E-09 1.4931E-09 1.5728E-09 1.6553E-09 1.7399E-09 1.8271E-09 1.9169E-09 2.0086E-09 2.1026E-09 2.1985E-09 2.2960E-09 2.3959E-09 2.4970E-09 2.5995E-09 2.7031E-09 2.8073E-09 2.9123E-09 3.0177E-09 3.1230E-09 3.2281E-09 3.3326E-09 3.4349E-09 3.5359E-09 3.6333E-09 3.7291E-09 3.8212E-09 3.9114E-09 3.9977E-09 4.0806E-09 4.1598E-09 4.2349E-09 4.3047E-09 4.3712E-09 4.4320E-09 4.4884E-09 4.5392E-09 4.5848E-09 4.6257E-09 4.6607E-09 4.6908E-09 4.7145E-09 4.7333E-09 4.7466E-09 4.7551E-09 4.7578E-09 4.7558E-09 4.7478E-09 4.7358E-09 4.7180E-09
9.2131E-10 9.7945E-10 1.0400E-09 1.1033E-09 1.1696E-09 1.2383E-09 1.3099E-09 1.3846E-09 1.4617E-09 1.5416E-09 1.6245E-09 1.7098E-09 1.7978E-09 1.8886E-09 1.9815E-09 2.0769E-09 2.1745E-09 2.2742E-09 2.3759E-09 2.4794E-09 2.5846E-09 2.6911E-09 2.7989E-09 2.9074E-09 3.0166E-09 3.1260E-09 3.2352E-09 3.3448E-09 3.4523E-09 3.5587E-09 3.6618E-09 3.7631E-09 3.8619E-09 3.9582E-09 4.0511E-09 4.1404E-09 4.2261E-09 4.3074E-09 4.3848E-09 4.4571E-09 4.5250E-09 4.5874E-09 4.6452E-09 4.6971E-09 4.7441E-09 4.7851E-09 4.8205E-09 4.8502E-09 4.8749E-09 4.8933E-09 4.9066E-09 4.9139E-09 4.9152E-09 4.9122E-09 4.9029E-09 4.8902E-09 4.8710E-09
9.4813E-10 1.0080E-09 1.0709E-09 1.1367E-09 1.2047E-09 1.2763E-09 1.3507E-09 1.4274E-09 1.5077E-09 1.5908E-09 1.6765E-09 1.7650E-09 1.8566E-09 1.9504E-09 2.0470E-09 2.1460E-09 2.2473E-09 2.3509E-09 2.4565E-09 2.5641E-09 2.6733E-09 2.7840E-09 2.8959E-09 3.0086E-09 3.1219E-09 3.2356E-09 3.3494E-09 3.4623E-09 3.5736E-09 3.6827E-09 3.7894E-09 3.8946E-09 3.9967E-09 4.0961E-09 4.1920E-09 4.2849E-09 4.3725E-09 4.4572E-09 4.5368E-09 4.6111E-09 4.6804E-09 4.7449E-09 4.8034E-09 4.8569E-09 4.9042E-09 4.9457E-09 4.9820E-09 5.0118E-09 5.0362E-09 5.0543E-09 5.0666E-09 5.0732E-09 5.0736E-09 5.0702E-09 5.0598E-09 5.0452E-09 5.0245E-09
9.7508E-10 1.0372E-09 1.1020E-09 1.1697E-09 1.2407E-09 1.3148E-09 1.3909E-09 1.4713E-09 1.5544E-09 1.6399E-09 1.7290E-09 1.8211E-09 1.9153E-09 2.0131E-09 2.1131E-09 2.2158E-09 2.3210E-09 2.4285E-09 2.5381E-09 2.6497E-09 2.7632E-09 2.8780E-09 2.9941E-09 3.1110E-09 3.2287E-09 3.3467E-09 3.4643E-09 3.5807E-09 3.6953E-09 3.8080E-09 3.9188E-09 4.0274E-09 4.1334E-09 4.2361E-09 4.3350E-09 4.4304E-09 4.5212E-09 4.6083E-09 4.6892E-09 4.7659E-09 4.8374E-09 4.9034E-09 4.9632E-09 5.0171E-09 5.0651E-09 5.1077E-09 5.1436E-09 5.1740E-09 5.1978E-09 5.2156E-09 5.2273E-09 5.2338E-09 5.2334E-09 5.2285E-09 5.2169E-09 5.2010E-09 5.1789E-09
1.0021E-09 1.0660E-09 1.1329E-09 1.2035E-09 1.2763E-09 1.3526E-09 1.4325E-09 1.5154E-09 1.6005E-09 1.6899E-09 1.7818E-09 1.8768E-09 1.9752E-09 2.0761E-09 2.1798E-09 2.2863E-09 2.3953E-09 2.5068E-09 2.6205E-09 2.7363E-09 2.8538E-09 2.9729E-09 3.0936E-09 3.2145E-09 3.3365E-09 3.4587E-09 3.5799E-09 3.7001E-09 3.8179E-09 3.9345E-09 4.0492E-09 4.1615E-09 4.2707E-09 4.3764E-09 4.4792E-09 4.5774E-09 4.6708E-09 4.7594E-09 4.8434E-09 4.9215E-09 4.9947E-09 5.0615E-09 5.1230E-09 5.1784E-09 5.2271E-09 5.2701E-09 5.3057E-09 5.3362E-09 5.3593E-09 5.3778E-09 5.3886E-09 5.3944E-09 5.3932E-09 5.3873E-09 5.3752E-09 5.3581E-09 5.3345E-09
1.0289E-09 1.0951E-09 1.1645E-09 1.2365E-09 1.3123E-09 1.3916E-09 1.4734E-09 1.5587E-09 1.6480E-09 1.7398E-09 1.8347E-09 1.9333E-09 2.0351E-09 2.1392E-09 2.2470E-09 2.3572E-09 2.4702E-09 2.5856E-09 2.7035E-09 2.8234E-09 2.9452E-09 3.0689E-09 3.1932E-09 3.3189E-09 3.4456E-09 3.5710E-09 3.6963E-09 3.8193E-09 3.9420E-09 4.0624E-09 4.1806E-09 4.2963E-09 4.4086E-09 4.5184E-09 4.6237E-09 4.7242E-09 4.8205E-09 4.9119E-09 4.9980E-09 5.0780E-09 5.1522E-09 5.2210E-09 5.2830E-09 5.3393E-09 5.3886E-09 5.4315E-09 5.4679E-09 5.4989E-09 5.5219E-09 5.5397E-09 5.5501E-09 5.5556E-09 5.5546E-09 5.5480E-09 5.5351E-09 5.5163E-09 5.4916E-09
1.0562E-09 1.1241E-09 1.1954E-09 1.2703E-09 1.3485E-09 1.4295E-09 1.5146E-09 1.6030E-09 1.6946E-09 1.7896E-09 1.8882E-09 1.9899E-09 2.0949E-09 2.2032E-09 2.3144E-09 2.4285E-09 2.5454E-09 2.6650E-09 2.7869E-09 2.9110E-09 3.0370E-09 3.1648E-09 3.2939E-09 3.4243E-09 3.5540E-09 3.6840E-09 3.8124E-09 3.9400E-09 4.0662E-09 4.1907E-09 4.3128E-09 4.4322E-09 4.5479E-09 4.6602E-09 4.7679E-09 4.8722E-09 4.9705E-09 5.0641E-09 5.1517E-09 5.2339E-09 5.3102E-09 5.3796E-09 5.4433E-09 5.4998E-09 5.5497E-09 5.5936E-09 5.6303E-09 5.6609E-09 5.6838E-09 5.7014E-09 5.7123E-09 5.7175E-09 5.7159E-09 5.7082E-09 5.6946E-09 5.6751E-09 5.6499E-09
1.0827E-09 1.1531E-09 1.2269E-09 1.3034E-09 1.3841E-09 1.4683E-09 1.5560E-09 1.6467E-09 1.7416E-09 1.8399E-09 1.9415E-09 2.0466E-09 2.1550E-09 2.2671E-09 2.3816E-09 2.4999E-09 2.6209E-09 2.7445E-09 2.8705E-09 2.9989E-09 3.1293E-09 3.2614E-09 3.3952E-09 3.5289E-09 3.6632E-09 3.7963E-09 3.9290E-09 4.0606E-09 4.1908E-09 4.3191E-09 4.4449E-09 4.5673E-09 4.6871E-09 4.8020E-09 4.9131E-09 5.0189E-09 5.1201E-09 5.2159E-09 5.3053E-09 5.3893E-09 5.4670E-09 5.5377E-09 5.6017E-09 5.6590E-09 5.7107E-09 5.7545E-09 5.7915E-09 5.8222E-09 5.8453E-09 5.8636E-09 5.8737E-09 5.8784E-09 5.8757E-09 5.8679E-09 5.8537E-09 5.8342E-09 5.8083E-09
1.1094E-09 1.1816E-09 1.2572E-09 1.3370E-09 1.4201E-09 1.5062E-09 1.5967E-09 1.6909E-09 1.7883E-09 1.8896E-09 1.9948E-09 2.1031E-09 2.2151E-09 2.3305E-09 2.4491E-09 2.5710E-09 2.6963E-09 2.8240E-09 2.9543E-09 3.0869E-09 3.2216E-09 3.3585E-09 3.4956E-09 3.6340E-09 3.7714E-09 3.9088E-09 4.0455E-09 4.1812E-09 4.3154E-09 4.4474E-09 4.5763E-09 4.7029E-09 4.8249E-09 4.9433E-09 5.0571E-09 5.1659E-09 5.2690E-09 5.3668E-09 5.4581E-09 5.5442E-09 5.6222E-09 5.6945E-09 5.7601E-09 5.8183E-09 5.8701E-09 5.9138E-09 5.9517E-09 5.9824E-09 6.0068E-09 6.0245E-09 6.0344E-09 6.0387E-09 6.0362E-09 6.0279E-09 6.0131E-09 5.9920E-09 5.9653E-09
1.1356E-09 1.2101E-09 1.2882E-09 1.3697E-09 1.4550E-09 1.5447E-09 1.6375E-09 1.7341E-09 1.8350E-09 1.9393E-09 2.0477E-09 2.1592E-09 2.2750E-09 2.3940E-09 2.5165E-09 2.6423E-09 2.7715E-09 2.9033E-09 3.0378E-09 3.1748E-09 3.3138E-09 3.4545E-09 3.5963E-09 3.7378E-09 3.8795E-09 4.0209E-09 4.1618E-09 4.3015E-09 4.4395E-09 4.5747E-09 4.7079E-09 4.8368E-09 4.9624E-09 5.0836E-09 5.2001E-09 5.3108E-09 5.4166E-09 5.5163E-09 5.6100E-09 5.6965E-09 5.7763E-09 5.8499E-09 5.9159E-09 5.9755E-09 6.0280E-09 6.0723E-09 6.1114E-09 6.1426E-09 6.1666E-09 6.1837E-09 6.1946E-09 6.1988E-09 6.1960E-09 6.1867E-09 6.1711E-09 6.1502E-09 6.1230E-09
1.1621E-09 1.2383E-09 1.3183E-09 1.4024E-09 1.4904E-09 1.5820E-09 1.6776E-09 1.7774E-09 1.8812E-09 1.9886E-09 2.1000E-09 2.2152E-09 2.3345E-09 2.4572E-09 2.5835E-09 2.7132E-09 2.8460E-09 2.9823E-09 3.1210E-09 3.2622E-09 3.4055E-09 3.5504E-09 3.6955E-09 3.8411E-09 3.9869E-09 4.1326E-09 4.2775E-09 4.4211E-09 4.5623E-09 4.7019E-09 4.8375E-09 4.9700E-09 5.0990E-09 5.2225E-09 5.3410E-09 5.4546E-09 5.5624E-09 5.6641E-09 5.7589E-09 5.8468E-09 5.9291E-09 6.0038E-09 6.0704E-09 6.1308E-09 6.1836E-09 6.2299E-09 6.2691E-09 6.3000E-09 6.3248E-09 6.3427E-09 6.3537E-09 6.3573E-09 6.3541E-09 6.3451E-09 6.3292E-09 6.3080E-09 6.2803E-09
1.1872E-09 1.2661E-09 1.3486E-09 1.4346E-09 1.5248E-09 1.6193E-09 1.7174E-09 1.8202E-09 1.9267E-09 2.0371E-09 2.1521E-09 2.2707E-09 2.3932E-09 2.5199E-09 2.6496E-09 2.7835E-09 2.9204E-09 3.0604E-09 3.2036E-09 3.3491E-09 3.4961E-09 3.6444E-09 3.7934E-09 3.9436E-09 4.0936E-09 4.2433E-09 4.3921E-09 4.5390E-09 4.6846E-09 4.8266E-09 4.9659E-09 5.1020E-09 5.2329E-09 5.3594E-09 5.4809E-09 5.5962E-09 5.7061E-09 5.8095E-09 5.9053E-09 5.9959E-09 6.0789E-09 6.1538E-09 6.2225E-09 6.2845E-09 6.3378E-09 6.3850E-09 6.4242E-09 6.4567E-09 6.4818E-09 6.4995E-09 6.5100E-09 6.5141E-09 6.5116E-09 6.5019E-09 6.4866E-09 6.4638E-09 6.4364E-09
1.2128E-09 1.2931E-09 1.3774E-09 1.4664E-09 1.5589E-09 1.6559E-09 1.7569E-09 1.8620E-09 1.9717E-09 2.0854E-09 2.2032E-09 2.3255E-09 2.4511E-09 2.5815E-09 2.7152E-09 2.8531E-09 2.9939E-09 3.1380E-09 3.2854E-09 3.4346E-09 3.5855E-09 3.7375E-09 3.8911E-09 4.0450E-09 4.1991E-09 4.3527E-09 4.5048E-09 4.6561E-09 4.8042E-09 4.9500E-09 5.0929E-09 5.2309E-09 5.3649E-09 5.4941E-09 5.6178E-09 5.7353E-09 5.8470E-09 5.9517E-09 6.0501E-09 6.1416E-09 6.2249E-09 6.3021E-09 6.3726E-09 6.4348E-09 6.4896E-09 6.5375E-09 6.5775E-09 6.6110E-09 6.6363E-09 6.6543E-09 6.6656E-09 6.6695E-09 6.6671E-09 6.6575E-09 6.6421E-09 6.6192E-09 6.5916E-09
1.2372E-09 1.3198E-09 1.4065E-09 1.4972E-09 1.5921E-09 1.6916E-09 1.7955E-09 1.9034E-09 2.0157E-09 2.1328E-09 2.2538E-09 2.3791E-09 2.5086E-09 2.6425E-09 2.7800E-09 2.9213E-09 3.0665E-09 3.2146E-09 3.3654E-09 3.5184E-09 3.6732E-09 3.8294E-09 3.9867E-09 4.1445E-09 4.3024E-09 4.4598E-09 4.6163E-09 4.7702E-09 4.9220E-09 5.0709E-09 5.2163E-09 5.3576E-09 5.4943E-09 5.6252E-09 5.7512E-09 5.8712E-09 5.9848E-09 6.0911E-09 6.1912E-09 6.2842E-09 6.3689E-09 6.4480E-09 6.5187E-09 6.5821E-09 6.6385E-09 6.6873E-09 6.7286E-09 6.7618E-09 6.7876E-09 6.8073E-09 6.8186E-09 6.8235E-09 6.8207E-09 6.8114E-09 6.7957E-09 6.7742E-09 6.7459E-09
1.2613E-09 1.3456E-09 1.4344E-09 1.5276E-09 1.6248E-09 1.7268E-09 1.8330E-09 1.9436E-09 2.0592E-09 2.1793E-09 2.3031E-09 2.4320E-09 2.5650E-09 2.7021E-09 2.8436E-09 2.9887E-09 3.1374E-09 3.2897E-09 3.4442E-09 3.6006E-09 3.7596E-09 3.9197E-09 4.0808E-09 4.2421E-09 4.4043E-09 4.5656E-09 4.7246E-09 4.8822E-09 5.0372E-09 5.1891E-09 5.3368E-09 5.4812E-09 5.6198E-09 5.7536E-09 5.8817E-09 6.0035E-09 6.1183E-09 6.2270E-09 6.3287E-09 6.4221E-09 6.5099E-09 6.5900E-09 6.6616E-09 6.7273E-09 6.7842E-09 6.8339E-09 6.8762E-09 6.9102E-09 6.9375E-09 6.9573E-09 6.9692E-09 6.9744E-09 6.9718E-09 6.9643E-09 6.9488E-09 6.9271E-09 6.8992E-09
