Assets/Resources/2015_m01_d28_0700(utc+0800)_l00_csi_1hr_conc.grd
DSAA
         159         159
     -79.000      79.000
     -79.000      79.000
  0.0000E+00  0.1145E-05
[rows 0 to 24 of 159, columns 57 to 113 of 159]
5.0556E-09 5.6114E-09 6.1383E-09 6.6244E-09 7.0467E-09 7.3878E-09 7.6350E-09 7.7790E-09 7.8116E-09 7.7302E-09 7.5363E-09 7.2365E-09 6.8418E-09 6.3675E-09 5.8324E-09 5.2555E-09 4.6572E-09 4.0581E-09 3.4761E-09 2.9266E-09 2.4213E-09 1.9679E-09 1.5722E-09 1.2294E-09 9.4016E-10 7.0404E-10 5.1551E-10 3.6435E-10 2.5320E-10 1.6171E-10 9.6334E-11 5.7784E-11 3.1405E-11 1.4435E-11 5.2776E-12 1.6009E-12 2.9586E-13 0.0000E+00 0.0000E+00 0.0000E+00 0.0000E+00 0.0000E+00 0.0000E+00 0.0000E+00 0.0000E+00 0.0000E+00 0.0000E+00 0.0000E+00 0.0000E+00 0.0000E+00 0.0000E+00 0.0000E+00 0.0000E+00 0.0000E+00 0.0000E+00 0.0000E+00 0.0000E+00
5.3724E-09 5.9880E-09 6.5805E-09 7.1244E-09 7.6013E-09 7.9973E-09 8.2940E-09 8.4770E-09 8.5364E-09 8.4674E-09 8.2721E-09 7.9578E-09 7.5366E-09 7.0244E-09 6.4409E-09 5.8090E-09 5.1519E-09 4.4926E-09 3.8502E-09 3.2426E-09 2.6820E-09 2.1791E-09 1.7384E-09 1.3609E-09 1.0402E-09 7.8147E-10 5.7384E-10 4.0883E-10 2.8237E-10 1.7699E-10 1.1433E-10 6.9935E-11 3.8743E-11 2.0345E-11 9.0723E-12 2.3117E-12 1.0647E-12 0.0000E+00 0.0000E+00 0.0000E+00 0.0000E+00 0.0000E+00 0.0000E+00 0.0000E+00 0.0000E+00 0.0000E+00 0.0000E+00 0.0000E+00 0.0000E+00 0.0000E+00 0.0000E+00 0.0000E+00 0.0000E+00 0.0000E+00 0.0000E+00 0.0000E+00 0.0000E+00
5.6407E-09 6.3188E-09 6.9695E-09 7.5769E-09 8.1208E-09 8.5759E-09 8.9201E-09 9.1415E-09 9.2297E-09 9.1785E-09 8.9880E-09 8.6642E-09 8.2195E-09 7.6721E-09 7.0439E-09 6.3604E-09 5.6462E-09 4.9269E-09 4.2256E-09 3.5614E-09 2.9491E-09 2.3997E-09 1.9168E-09 1.5034E-09 1.1503E-09 8.6309E-10 6.3658E-10 4.5702E-10 3.0752E-10 2.0149E-10 1.3363E-10 8.4324E-11 4.8340E-11 2.6634E-11 1.3788E-11 3.6542E-12 1.9121E-12 3.7282E-13 0.0000E+00 0.0000E+00 0.0000E+00 0.0000E+00 0.0000E+00 0.0000E+00 0.0000E+00 0.0000E+00 0.0000E+00 0.0000E+00 0.0000E+00 0.0000E+00 0.0000E+00 0.0000E+00 0.0000E+00 0.0000E+00 0.0000E+00 0.0000E+00 0.0000E+00
5.8518E-09 6.5815E-09 7.2983E-09 7.9732E-09 8.5772E-09 9.0899E-09 9.4934E-09 9.7674E-09 9.8963E-09 9.8725E-09 9.6946E-09 9.3692E-09 8.9086E-09 8.3327E-09 7.6645E-09 6.9312E-09 6.1611E-09 5.3826E-09 4.6204E-09 3.8971E-09 3.2293E-09 2.6280E-09 2.1022E-09 1.6526E-09 1.2698E-09 9.5532E-10 7.0442E-10 5.0328E-10 3.4039E-10 2.3303E-10 1.5399E-10 9.9220E-11 5.9798E-11 3.3246E-11 1.8723E-11 7.3382E-12 2.4069E-12 1.0902E-12 0.0000E+00 0.0000E+00 0.0000E+00 0.0000E+00 0.0000E+00 0.0000E+00 0.0000E+00 0.0000E+00 0.0000E+00 0.0000E+00 0.0000E+00 0.0000E+00 0.0000E+00 0.0000E+00 0.0000E+00 0.0000E+00 0.0000E+00 0.0000E+00 0.0000E+00
5.9853E-09 6.7765E-09 7.5525E-09 8.2863E-09 8.9592E-09 9.5407E-09 1.0006E-08 1.0333E-08 1.0505E-08 1.0514E-08 1.0355E-08 1.0035E-08 9.5655E-09 8.9667E-09 8.2644E-09 7.4889E-09 6.6690E-09 5.8367E-09 5.0198E-09 4.2422E-09 3.5215E-09 2.8717E-09 2.3005E-09 1.8100E-09 1.3940E-09 1.0538E-09 7.8073E-10 5.4658E-10 3.8230E-10 2.6715E-10 1.7891E-10 1.1436E-10 7.2606E-11 4.2398E-11 2.2534E-11 1.1681E-11 2.9095E-12 1.8541E-12 0.0000E+00 0.0000E+00 0.0000E+00 0.0000E+00 0.0000E+00 0.0000E+00 0.0000E+00 0.0000E+00 0.0000E+00 0.0000E+00 0.0000E+00 0.0000E+00 0.0000E+00 0.0000E+00 0.0000E+00 0.0000E+00 0.0000E+00 0.0000E+00 0.0000E+00
6.0479E-09 6.8831E-09 7.7121E-09 8.5156E-09 9.2561E-09 9.9034E-09 1.0433E-08 1.0820E-08 1.1046E-08 1.1095E-08 1.0966E-08 1.0661E-08 1.0192E-08 9.5804E-09 8.8518E-09 8.0382E-09 7.1732E-09 6.2901E-09 5.4197E-09 4.5896E-09 3.8194E-09 3.1235E-09 2.5097E-09 1.9795E-09 1.5284E-09 1.1550E-09 8.4725E-10 6.0608E-10 4.3102E-10 3.0084E-10 2.0504E-10 1.3399E-10 8.4080E-11 5.2032E-11 2.8149E-11 1.5884E-11 4.7040E-12 2.3042E-12 0.0000E+00 0.0000E+00 0.0000E+00 0.0000E+00 0.0000E+00 0.0000E+00 0.0000E+00 0.0000E+00 0.0000E+00 0.0000E+00 0.0000E+00 0.0000E+00 0.0000E+00 0.0000E+00 0.0000E+00 0.0000E+00 0.0000E+00 0.0000E+00 0.0000E+00
6.0243E-09 6.9024E-09 7.7898E-09 8.6491E-09 9.4502E-09 1.0170E-08 1.0775E-08 1.1234E-08 1.1525E-08 1.1630E-08 1.1543E-08 1.1265E-08 1.0808E-08 1.0192E-08 9.4465E-09 8.6023E-09 7.6967E-09 6.7655E-09 5.8418E-09 4.9556E-09 4.1305E-09 3.3817E-09 2.7221E-09 2.1560E-09 1.6718E-09 1.2655E-09 9.2021E-10 6.7505E-10 4.8537E-10 3.3820E-10 2.3096E-10 1.5412E-10 9.7425E-11 6.0751E-11 3.5617E-11 1.8991E-11 7.1308E-12 2.6270E-12 0.0000E+00 0.0000E+00 0.0000E+00 0.0000E+00 0.0000E+00 0.0000E+00 0.0000E+00 0.0000E+00 0.0000E+00 0.0000E+00 0.0000E+00 0.0000E+00 0.0000E+00 0.0000E+00 0.0000E+00 0.0000E+00 0.0000E+00 0.0000E+00 0.0000E+00
5.9203E-09 6.8371E-09 7.7624E-09 8.6779E-09 9.5522E-09 1.0345E-08 1.1023E-08 1.1554E-08 1.1913E-08 1.2078E-08 1.2042E-08 1.1802E-08 1.1368E-08 1.0758E-08 1.0003E-08 9.1372E-09 8.1987E-09 7.2267E-09 6.2602E-09 5.3265E-09 4.4521E-09 3.6557E-09 2.9492E-09 2.3381E-09 1.8176E-09 1.3666E-09 1.0185E-09 7.4701E-10 5.3786E-10 3.7961E-10 2.6045E-10 1.7298E-10 1.1360E-10 6.8660E-11 4.3170E-11 2.2007E-11 1.0175E-11 2.9454E-12 0.0000E+00 0.0000E+00 0.0000E+00 0.0000E+00 0.0000E+00 0.0000E+00 0.0000E+00 0.0000E+00 0.0000E+00 0.0000E+00 0.0000E+00 0.0000E+00 0.0000E+00 0.0000E+00 0.0000E+00 0.0000E+00 0.0000E+00 0.0000E+00 0.0000E+00
5.7550E-09 6.6869E-09 7.6560E-09 8.6246E-09 9.5527E-09 1.0412E-08 1.1169E-08 1.1784E-08 1.2225E-08 1.2467E-08 1.2495E-08 1.2305E-08 1.1904E-08 1.1313E-08 1.0560E-08 9.6785E-09 8.7120E-09 7.7009E-09 6.6850E-09 5.7007E-09 4.7758E-09 3.9341E-09 3.1843E-09 2.5302E-09 1.9562E-09 1.4854E-09 1.1171E-09 8.2107E-10 5.9237E-10 4.2074E-10 2.8981E-10 1.9395E-10 1.2924E-10 7.9599E-11 4.9386E-11 2.4544E-11 1.2296E-11 3.2477E-12 0.0000E+00 0.0000E+00 0.0000E+00 0.0000E+00 0.0000E+00 0.0000E+00 0.0000E+00 0.0000E+00 0.0000E+00 0.0000E+00 0.0000E+00 0.0000E+00 0.0000E+00 0.0000E+00 0.0000E+00 0.0000E+00 0.0000E+00 0.0000E+00 0.0000E+00
5.5181E-09 6.4738E-09 7.4711E-09 8.4778E-09 9.4700E-09 1.0407E-08 1.1246E-08 1.1946E-08 1.2471E-08 1.2793E-08 1.2894E-08 1.2765E-08 1.2409E-08 1.1844E-08 1.1097E-08 1.0208E-08 9.2211E-09 8.1801E-09 7.1245E-09 6.0916E-09 5.1150E-09 4.2193E-09 3.4191E-09 2.7165E-09 2.1126E-09 1.6173E-09 1.2135E-09 8.9776E-10 6.4874E-10 4.5773E-10 3.1958E-10 2.1665E-10 1.4220E-10 9.1557E-11 5.4960E-11 2.7518E-11 1.4097E-11 3.5217E-12 0.0000E+00 0.0000E+00 0.0000E+00 0.0000E+00 0.0000E+00 0.0000E+00 0.0000E+00 0.0000E+00 0.0000E+00 0.0000E+00 0.0000E+00 0.0000E+00 0.0000E+00 0.0000E+00 0.0000E+00 0.0000E+00 0.0000E+00 0.0000E+00 0.0000E+00
5.2506E-09 6.2103E-09 7.2238E-09 8.2745E-09 9.3205E-09 1.0324E-08 1.1241E-08 1.2029E-08 1.2648E-08 1.3060E-08 1.3242E-08 1.3183E-08 1.2883E-08 1.2357E-08 1.1632E-08 1.0744E-08 9.7393E-09 8.6647E-09 7.5672E-09 6.4880E-09 5.4632E-09 4.5160E-09 3.6538E-09 2.9017E-09 2.2766E-09 1.7485E-09 1.3125E-09 9.6793E-10 7.0402E-10 5.0016E-10 3.4649E-10 2.3716E-10 1.5301E-10 1.0118E-10 5.9280E-11 2.9730E-11 1.5328E-11 3.8592E-12 0.0000E+00 0.0000E+00 0.0000E+00 0.0000E+00 0.0000E+00 0.0000E+00 0.0000E+00 0.0000E+00 0.0000E+00 0.0000E+00 0.0000E+00 0.0000E+00 0.0000E+00 0.0000E+00 0.0000E+00 0.0000E+00 0.0000E+00 0.0000E+00 0.0000E+00
4.9403E-09 5.8971E-09 6.9351E-09 8.0177E-09 9.1124E-09 1.0187E-08 1.1190E-08 1.2073E-08 1.2791E-08 1.3306E-08 1.3584E-08 1.3606E-08 1.3370E-08 1.2886E-08 1.2182E-08 1.1295E-08 1.0274E-08 9.1668E-09 8.0234E-09 6.8920E-09 5.8113E-09 4.8078E-09 3.8928E-09 3.1094E-09 2.4394E-09 1.8752E-09 1.4119E-09 1.0387E-09 7.5220E-10 5.3699E-10 3.7122E-10 2.5424E-10 1.6783E-10 1.0876E-10 6.3186E-11 3.1699E-11 1.5809E-11 3.7006E-12 0.0000E+00 0.0000E+00 0.0000E+00 0.0000E+00 0.0000E+00 0.0000E+00 0.0000E+00 0.0000E+00 0.0000E+00 0.0000E+00 0.0000E+00 0.0000E+00 0.0000E+00 0.0000E+00 0.0000E+00 0.0000E+00 0.0000E+00 0.0000E+00 0.0000E+00
4.6128E-09 5.5728E-09 6.6121E-09 7.7200E-09 8.8667E-09 1.0008E-08 1.1094E-08 1.2073E-08 1.2896E-08 1.3513E-08 1.3888E-08 1.3997E-08 1.3832E-08 1.3397E-08 1.2723E-08 1.1844E-08 1.0809E-08 9.6716E-09 8.4878E-09 7.3040E-09 6.1667E-09 5.0936E-09 4.1399E-09 3.3119E-09 2.5961E-09 1.9913E-09 1.4989E-09 1.1093E-09 8.0153E-10 5.6825E-10 3.9592E-10 2.6734E-10 1.7934E-10 1.1240E-10 6.4189E-11 3.1334E-11 1.6156E-11 3.4790E-12 0.0000E+00 0.0000E+00 0.0000E+00 0.0000E+00 0.0000E+00 0.0000E+00 0.0000E+00 0.0000E+00 0.0000E+00 0.0000E+00 0.0000E+00 0.0000E+00 0.0000E+00 0.0000E+00 0.0000E+00 0.0000E+00 0.0000E+00 0.0000E+00 0.0000E+00
4.2788E-09 5.2180E-09 6.2705E-09 7.4098E-09 8.6006E-09 9.8050E-09 1.0971E-08 1.2047E-08 1.2975E-08 1.3705E-08 1.4186E-08 1.4390E-08 1.4301E-08 1.3922E-08 1.3275E-08 1.2402E-08 1.1353E-08 1.0184E-08 8.9506E-09 7.7147E-09 6.5123E-09 5.3869E-09 4.3842E-09 3.4996E-09 2.7429E-09 2.1059E-09 1.5804E-09 1.1638E-09 8.4123E-10 5.9288E-10 4.1648E-10 2.7954E-10 1.8791E-10 1.1500E-10 6.3379E-11 3.0324E-11 1.5195E-11 3.2009E-12 0.0000E+00 0.0000E+00 0.0000E+00 0.0000E+00 0.0000E+00 0.0000E+00 0.0000E+00 0.0000E+00 0.0000E+00 0.0000E+00 0.0000E+00 0.0000E+00 0.0000E+00 0.0000E+00 0.0000E+00 0.0000E+00 0.0000E+00 0.0000E+00 0.0000E+00
3.9375E-09 4.8714E-09 5.9234E-09 7.0744E-09 8.3086E-09 9.5793E-09 1.0835E-08 1.2016E-08 1.3057E-08 1.3900E-08 1.4490E-08 1.4791E-08 1.4782E-08 1.4459E-08 1.3845E-08 1.2975E-08 1.1905E-08 1.0697E-08 9.4138E-09 8.1109E-09 6.8434E-09 5.6752E-09 4.6141E-09 3.6733E-09 2.8698E-09 2.2029E-09 1.6533E-09 1.2136E-09 8.7848E-10 6.1896E-10 4.2589E-10 2.8861E-10 1.8823E-10 1.1173E-10 6.1771E-11 2.8834E-11 1.3611E-11 2.8768E-12 0.0000E+00 0.0000E+00 0.0000E+00 0.0000E+00 0.0000E+00 0.0000E+00 0.0000E+00 0.0000E+00 0.0000E+00 0.0000E+00 0.0000E+00 0.0000E+00 0.0000E+00 0.0000E+00 0.0000E+00 0.0000E+00 0.0000E+00 0.0000E+00 0.0000E+00
3.6060E-09 4.5211E-09 5.5713E-09 6.7513E-09 8.0294E-09 9.3597E-09 1.0693E-08 1.1971E-08 1.3125E-08 1.4085E-08 1.4790E-08 1.5190E-08 1.5260E-08 1.4991E-08 1.4406E-08 1.3544E-08 1.2457E-08 1.1211E-08 9.8704E-09 8.4999E-09 7.1788E-09 5.9439E-09 4.8210E-09 3.8379E-09 2.9881E-09 2.2774E-09 1.7087E-09 1.2510E-09 8.9438E-10 6.3329E-10 4.3234E-10 2.9415E-10 1.8801E-10 1.0897E-10 5.8500E-11 2.6243E-11 1.1705E-11 1.0936E-12 0.0000E+00 0.0000E+00 0.0000E+00 0.0000E+00 0.0000E+00 0.0000E+00 0.0000E+00 0.0000E+00 0.0000E+00 0.0000E+00 0.0000E+00 0.0000E+00 0.0000E+00 0.0000E+00 0.0000E+00 0.0000E+00 0.0000E+00 0.0000E+00 0.0000E+00
3.2860E-09 4.1793E-09 5.2288E-09 6.4216E-09 7.7339E-09 9.1330E-09 1.0561E-08 1.1948E-08 1.3223E-08 1.4305E-08 1.5124E-08 1.5627E-08 1.5777E-08 1.5562E-08 1.4999E-08 1.4128E-08 1.3008E-08 1.1706E-08 1.0301E-08 8.8794E-09 7.4935E-09 6.1862E-09 5.0016E-09 3.9617E-09 3.0778E-09 2.3410E-09 1.7450E-09 1.2809E-09 9.0973E-10 6.3808E-10 4.3186E-10 2.8974E-10 1.7992E-10 1.0075E-10 5.1772E-11 2.2510E-11 9.0387E-12 0.0000E+00 0.0000E+00 0.0000E+00 0.0000E+00 0.0000E+00 0.0000E+00 0.0000E+00 0.0000E+00 0.0000E+00 0.0000E+00 0.0000E+00 0.0000E+00 0.0000E+00 0.0000E+00 0.0000E+00 0.0000E+00 0.0000E+00 0.0000E+00 0.0000E+00 0.0000E+00
2.9789E-09 3.8606E-09 4.9044E-09 6.1165E-09 7.4709E-09 8.9314E-09 1.0440E-08 1.1935E-08 1.3328E-08 1.4533E-08 1.5469E-08 1.6071E-08 1.6296E-08 1.6131E-08 1.5590E-08 1.4709E-08 1.3554E-08 1.2197E-08 1.0729E-08 9.2315E-09 7.7678E-09 6.3973E-09 5.1561E-09 4.0664E-09 3.1396E-09 2.3757E-09 1.7602E-09 1.2789E-09 9.0985E-10 6.2999E-10 4.2761E-10 2.8173E-10 1.6830E-10 8.9952E-11 4.6480E-11 1.9846E-11 1.5155E-12 0.0000E+00 0.0000E+00 0.0000E+00 0.0000E+00 0.0000E+00 0.0000E+00 0.0000E+00 0.0000E+00 0.0000E+00 0.0000E+00 0.0000E+00 0.0000E+00 0.0000E+00 0.0000E+00 0.0000E+00 0.0000E+00 0.0000E+00 0.0000E+00 0.0000E+00 0.0000E+00
2.6980E-09 3.5485E-09 4.5925E-09 5.8208E-09 7.2153E-09 8.7449E-09 1.0352E-08 1.1958E-08 1.3470E-08 1.4798E-08 1.5852E-08 1.6555E-08 1.6854E-08 1.6727E-08 1.6189E-08 1.5284E-08 1.4078E-08 1.2663E-08 1.1128E-08 9.5482E-09 8.0021E-09 6.5578E-09 5.2611E-09 4.1284E-09 3.1701E-09 2.3864E-09 1.7585E-09 1.2706E-09 8.9649E-10 6.1338E-10 4.0843E-10 2.6133E-10 1.5252E-10 7.8853E-11 3.9546E-11 1.1485E-11 0.0000E+00 0.0000E+00 0.0000E+00 0.0000E+00 0.0000E+00 0.0000E+00 0.0000E+00 0.0000E+00 0.0000E+00 0.0000E+00 0.0000E+00 0.0000E+00 0.0000E+00 0.0000E+00 0.0000E+00 0.0000E+00 0.0000E+00 0.0000E+00 0.0000E+00 0.0000E+00 0.0000E+00
2.4298E-09 3.2744E-09 4.3145E-09 5.5551E-09 6.9926E-09 8.5880E-09 1.0286E-08 1.2007E-08 1.3650E-08 1.5108E-08 1.6278E-08 1.7073E-08 1.7435E-08 1.7344E-08 1.6805E-08 1.5867E-08 1.4602E-08 1.3105E-08 1.1476E-08 9.8086E-09 8.1899E-09 6.6803E-09 5.3238E-09 4.1519E-09 3.1636E-09 2.3551E-09 1.7256E-09 1.2348E-09 8.6527E-10 5.8565E-10 3.8376E-10 2.4094E-10 1.3419E-10 6.7222E-11 2.9335E-11 1.7807E-12 0.0000E+00 0.0000E+00 0.0000E+00 0.0000E+00 0.0000E+00 0.0000E+00 0.0000E+00 0.0000E+00 0.0000E+00 0.0000E+00 0.0000E+00 0.0000E+00 0.0000E+00 0.0000E+00 0.0000E+00 0.0000E+00 0.0000E+00 0.0000E+00 0.0000E+00 0.0000E+00 0.0000E+00
2.1896E-09 3.0091E-09 4.0446E-09 5.3122E-09 6.7979E-09 8.4694E-09 1.0269E-08 1.2105E-08 1.3872E-08 1.5456E-08 1.6741E-08 1.7629E-08 1.8049E-08 1.7973E-08 1.7415E-08 1.6424E-08 1.5085E-08 1.3500E-08 1.1772E-08 1.0009E-08 8.3058E-09 6.7329E-09 5.3299E-09 4.1215E-09 3.1206E-09 2.3112E-09 1.6695E-09 1.1881E-09 8.1891E-10 5.4572E-10 3.4688E-10 2.1178E-10 1.1312E-10 5.3247E-11 5.9366E-12 1.5108E-12 0.0000E+00 0.0000E+00 0.0000E+00 0.0000E+00 0.0000E+00 0.0000E+00 0.0000E+00 0.0000E+00 0.0000E+00 0.0000E+00 0.0000E+00 0.0000E+00 0.0000E+00 0.0000E+00 0.0000E+00 0.0000E+00 0.0000E+00 0.0000E+00 0.0000E+00 0.0000E+00 0.0000E+00
1.9774E-09 2.7833E-09 3.8251E-09 5.1073E-09 6.6326E-09 8.3789E-09 1.0282E-08 1.2246E-08 1.4152E-08 1.5869E-08 1.7267E-08 1.8234E-08 1.8699E-08 1.8627E-08 1.8032E-08 1.6967E-08 1.5527E-08 1.3832E-08 1.2002E-08 1.0145E-08 8.3635E-09 6.7255E-09 5.2790E-09 4.0436E-09 3.0252E-09 2.2167E-09 1.5852E-09 1.1150E-09 7.6200E-10 4.9765E-10 3.0852E-10 1.7857E-10 9.2572E-11 2.9508E-11 3.4698E-12 0.0000E+00 0.0000E+00 0.0000E+00 0.0000E+00 0.0000E+00 0.0000E+00 0.0000E+00 0.0000E+00 0.0000E+00 0.0000E+00 0.0000E+00 0.0000E+00 0.0000E+00 0.0000E+00 0.0000E+00 0.0000E+00 0.0000E+00 0.0000E+00 0.0000E+00 0.0000E+00 0.0000E+00 0.0000E+00
1.7873E-09 2.5799E-09 3.6153E-09 4.9266E-09 6.5145E-09 8.3483E-09 1.0362E-08 1.2451E-08 1.4490E-08 1.6335E-08 1.7841E-08 1.8880E-08 1.9371E-08 1.9278E-08 1.8617E-08 1.7460E-08 1.5911E-08 1.4097E-08 1.2149E-08 1.0195E-08 8.3346E-09 6.6404E-09 5.1628E-09 3.9187E-09 2.9032E-09 2.1005E-09 1.4869E-09 1.0242E-09 6.8622E-10 4.3512E-10 2.6140E-10 1.4760E-10 6.2895E-11 6.7732E-12 1.5333E-12 0.0000E+00 0.0000E+00 0.0000E+00 0.0000E+00 0.0000E+00 0.0000E+00 0.0000E+00 0.0000E+00 0.0000E+00 0.0000E+00 0.0000E+00 0.0000E+00 0.0000E+00 0.0000E+00 0.0000E+00 0.0000E+00 0.0000E+00 0.0000E+00 0.0000E+00 0.0000E+00 0.0000E+00 0.0000E+00
1.6297E-09 2.4079E-09 3.4516E-09 4.7893E-09 6.4291E-09 8.3462E-09 1.0471E-08 1.2698E-08 1.4878E-08 1.6849E-08 1.8453E-08 1.9553E-08 2.0058E-08 1.9929E-08 1.9187E-08 1.7914E-08 1.6233E-08 1.4287E-08 1.2221E-08 1.0168E-08 8.2331E-09 6.4914E-09 4.9821E-09 3.7334E-09 2.7291E-09 1.9474E-09 1.3629E-09 9.1790E-10 6.0362E-10 3.7342E-10 2.1670E-10 1.0834E-10 1.6946E-11 3.4422E-12 7.2957E-14 0.0000E+00 0.0000E+00 0.0000E+00 0.0000E+00 0.0000E+00 0.0000E+00 0.0000E+00 0.0000E+00 0.0000E+00 0.0000E+00 0.0000E+00 0.0000E+00 0.0000E+00 0.0000E+00 0.0000E+00 0.0000E+00 0.0000E+00 0.0000E+00 0.0000E+00 0.0000E+00 0.0000E+00 0.0000E+00
1.4867E-09 2.2592E-09 3.3087E-09 4.6779E-09 6.3819E-09 8.3974E-09 1.0646E-08 1.3009E-08 1.5332E-08 1.7431E-08 1.9126E-08 2.0268E-08 2.0757E-08 2.0559E-08 1.9711E-08 1.8304E-08 1.6481E-08 1.4393E-08 1.2200E-08 1.0046E-08 8.0434E-09 6.2678E-09 4.7580E-09 3.5139E-09 2.5371E-09 1.7816E-09 1.2177E-09 7.9561E-10 5.1273E-10 3.0776E-10 1.6874E-10 4.6265E-11 5.8860E-12 1.1978E-12 0.0000E+00 0.0000E+00 0.0000E+00 0.0000E+00 0.0000E+00 0.0000E+00 0.0000E+00 0.0000E+00 0.0000E+00 0.0000E+00 0.0000E+00 0.0000E+00 0.0000E+00 0.0000E+00 0.0000E+00 0.0000E+00 0.0000E+00 0.0000E+00 0.0000E+00 0.0000E+00 0.0000E+00 0.0000E+00 0.0000E+00
