Assets/Resources/2015_m01_d27_1400(utc+0800)_l00_csi_1hr_conc.grd
DSAA
         159         159
     -79.000      79.000
     -79.000      79.000
  0.0000E+00  0.1669E-05
[rows 0 to 24 of 159, columns 57 to 113 of 159]
4.4248E-09 4.7817E-09 5.1180E-09 5.4234E-09 5.6897E-09 5.9066E-09 6.0676E-09 6.1658E-09 6.1969E-09 6.1587E-09 6.0509E-09 5.8760E-09 5.6396E-09 5.3494E-09 5.0140E-09 4.6446E-09 4.2515E-09 3.8456E-09 3.4376E-09 3.0368E-09 2.6519E-09 2.2881E-09 1.9504E-09 1.6428E-09 1.3661E-09 1.1233E-09 9.1141E-10 7.2799E-10 5.7234E-10 4.3904E-10 3.3106E-10 2.4244E-10 1.7400E-10 1.2037E-10 7.9969E-11 4.8099E-11 2.6712E-11 1.2211E-11 1.8213E-12 0.0000E+00 0.0000E+00 0.0000E+00 0.0000E+00 0.0000E+00 0.0000E+00 0.0000E+00 0.0000E+00 0.0000E+00 0.0000E+00 0.0000E+00 0.0000E+00 0.0000E+00 0.0000E+00 0.0000E+00 0.0000E+00 0.0000E+00 0.0000E+00
4.6860E-09 5.0799E-09 5.4535E-09 5.7965E-09 6.0986E-09 6.3491E-09 6.5396E-09 6.6627E-09 6.7121E-09 6.6848E-09 6.5815E-09 6.4049E-09 6.1601E-09 5.8557E-09 5.5007E-09 5.1058E-09 4.6836E-09 4.2456E-09 3.8037E-09 3.3678E-09 2.9472E-09 2.5483E-09 2.1765E-09 1.8385E-09 1.5326E-09 1.2618E-09 1.0267E-09 8.2289E-10 6.4856E-10 5.0068E-10 3.7880E-10 2.7809E-10 2.0052E-10 1.4030E-10 9.2559E-11 5.8318E-11 3.2059E-11 1.5919E-11 3.8544E-12 0.0000E+00 0.0000E+00 0.0000E+00 0.0000E+00 0.0000E+00 0.0000E+00 0.0000E+00 0.0000E+00 0.0000E+00 0.0000E+00 0.0000E+00 0.0000E+00 0.0000E+00 0.0000E+00 0.0000E+00 0.0000E+00 0.0000E+00 0.0000E+00
4.9236E-09 5.3550E-09 5.7675E-09 6.1492E-09 6.4882E-09 6.7741E-09 6.9959E-09 7.1444E-09 7.2145E-09 7.2019E-09 7.1079E-09 6.9338E-09 6.6842E-09 6.3687E-09 5.9963E-09 5.5787E-09 5.1298E-09 4.6616E-09 4.1869E-09 3.7160E-09 3.2578E-09 2.8233E-09 2.4167E-09 2.0438E-09 1.7089E-09 1.4108E-09 1.1500E-09 9.2352E-10 7.3130E-10 5.6726E-10 4.3141E-10 3.1842E-10 2.2997E-10 1.6182E-10 1.0671E-10 6.8182E-11 3.8894E-11 1.8963E-11 5.4481E-12 0.0000E+00 0.0000E+00 0.0000E+00 0.0000E+00 0.0000E+00 0.0000E+00 0.0000E+00 0.0000E+00 0.0000E+00 0.0000E+00 0.0000E+00 0.0000E+00 0.0000E+00 0.0000E+00 0.0000E+00 0.0000E+00 0.0000E+00 0.0000E+00
5.1329E-09 5.6010E-09 6.0513E-09 6.4719E-09 6.8495E-09 7.1712E-09 7.4270E-09 7.6070E-09 7.7053E-09 7.7161E-09 7.6366E-09 7.4705E-09 7.2224E-09 6.8998E-09 6.5157E-09 6.0809E-09 5.6090E-09 5.1128E-09 4.6047E-09 4.0980E-09 3.6034E-09 3.1307E-09 2.6872E-09 2.2782E-09 1.9082E-09 1.5764E-09 1.2868E-09 1.0360E-09 8.2087E-10 6.3943E-10 4.8851E-10 3.6253E-10 2.6008E-10 1.8451E-10 1.2256E-10 7.8786E-11 4.5283E-11 2.2138E-11 7.9106E-12 7.6482E-13 0.0000E+00 0.0000E+00 0.0000E+00 0.0000E+00 0.0000E+00 0.0000E+00 0.0000E+00 0.0000E+00 0.0000E+00 0.0000E+00 0.0000E+00 0.0000E+00 0.0000E+00 0.0000E+00 0.0000E+00 0.0000E+00 0.0000E+00
5.3070E-09 5.8099E-09 6.2978E-09 6.7571E-09 7.1737E-09 7.5341E-09 7.8272E-09 8.0414E-09 8.1672E-09 8.2005E-09 8.1382E-09 7.9831E-09 7.7406E-09 7.4174E-09 7.0257E-09 6.5775E-09 6.0849E-09 5.5623E-09 5.0240E-09 4.4841E-09 3.9526E-09 3.4426E-09 2.9623E-09 2.5167E-09 2.1119E-09 1.7512E-09 1.4321E-09 1.1541E-09 9.1798E-10 7.1630E-10 5.4899E-10 4.0988E-10 2.9479E-10 2.0892E-10 1.3997E-10 8.9336E-11 5.3191E-11 2.6271E-11 9.3946E-12 1.7150E-12 0.0000E+00 0.0000E+00 0.0000E+00 0.0000E+00 0.0000E+00 0.0000E+00 0.0000E+00 0.0000E+00 0.0000E+00 0.0000E+00 0.0000E+00 0.0000E+00 0.0000E+00 0.0000E+00 0.0000E+00 0.0000E+00 0.0000E+00
5.4399E-09 5.9768E-09 6.5018E-09 6.9986E-09 7.4546E-09 7.8544E-09 8.1858E-09 8.4348E-09 8.5930E-09 8.6577E-09 8.6229E-09 8.4880E-09 8.2603E-09 7.9442E-09 7.5521E-09 7.0953E-09 6.5865E-09 6.0416E-09 5.4745E-09 4.9004E-09 4.3342E-09 3.7857E-09 3.2654E-09 2.7816E-09 2.3384E-09 1.9415E-09 1.5898E-09 1.2833E-09 1.0213E-09 7.9874E-10 6.1322E-10 4.5943E-10 3.3153E-10 2.3228E-10 1.5738E-10 1.0002E-10 5.9804E-11 3.0482E-11 1.0824E-11 2.5888E-12 0.0000E+00 0.0000E+00 0.0000E+00 0.0000E+00 0.0000E+00 0.0000E+00 0.0000E+00 0.0000E+00 0.0000E+00 0.0000E+00 0.0000E+00 0.0000E+00 0.0000E+00 0.0000E+00 0.0000E+00 0.0000E+00 0.0000E+00
5.5288E-09 6.0986E-09 6.6566E-09 7.1905E-09 7.6855E-09 8.1246E-09 8.4956E-09 8.7864E-09 8.9849E-09 9.0825E-09 9.0776E-09 8.9679E-09 8.7587E-09 8.4565E-09 8.0678E-09 7.6062E-09 7.0853E-09 6.5202E-09 5.9279E-09 5.3237E-09 4.7226E-09 4.1360E-09 3.5773E-09 3.0550E-09 2.5749E-09 2.1431E-09 1.7574E-09 1.4205E-09 1.1328E-09 8.8704E-10 6.7983E-10 5.0989E-10 3.6919E-10 2.5797E-10 1.7592E-10 1.1209E-10 6.6881E-11 3.4806E-11 1.2415E-11 3.1582E-12 0.0000E+00 0.0000E+00 0.0000E+00 0.0000E+00 0.0000E+00 0.0000E+00 0.0000E+00 0.0000E+00 0.0000E+00 0.0000E+00 0.0000E+00 0.0000E+00 0.0000E+00 0.0000E+00 0.0000E+00 0.0000E+00 0.0000E+00
5.5732E-09 6.1690E-09 6.7589E-09 7.3281E-09 7.8609E-09 8.3428E-09 8.7565E-09 9.0897E-09 9.3297E-09 9.4670E-09 9.5002E-09 9.4255E-09 9.2421E-09 8.9578E-09 8.5787E-09 8.1183E-09 7.5904E-09 7.0106E-09 6.3965E-09 5.7625E-09 5.1264E-09 4.5030E-09 3.9042E-09 3.3427E-09 2.8244E-09 2.3537E-09 1.9346E-09 1.5662E-09 1.2478E-09 9.7866E-10 7.5040E-10 5.6332E-10 4.0876E-10 2.8581E-10 1.9380E-10 1.2380E-10 7.3534E-11 3.9103E-11 1.3395E-11 3.4551E-12 1.0864E-13 0.0000E+00 0.0000E+00 0.0000E+00 0.0000E+00 0.0000E+00 0.0000E+00 0.0000E+00 0.0000E+00 0.0000E+00 0.0000E+00 0.0000E+00 0.0000E+00 0.0000E+00 0.0000E+00 0.0000E+00 0.0000E+00
5.5681E-09 6.1878E-09 6.8062E-09 7.4096E-09 7.9801E-09 8.5034E-09 8.9622E-09 9.3407E-09 9.6304E-09 9.8196E-09 9.9016E-09 9.8696E-09 9.7210E-09 9.4631E-09 9.1032E-09 8.6513E-09 8.1234E-09 7.5334E-09 6.8987E-09 6.2380E-09 5.5683E-09 4.9077E-09 4.2685E-09 3.6634E-09 3.1011E-09 2.5878E-09 2.1284E-09 1.7243E-09 1.3723E-09 1.0740E-09 8.2468E-10 6.1845E-10 4.4846E-10 3.1390E-10 2.1125E-10 1.3710E-10 8.0761E-11 4.3643E-11 1.5065E-11 3.6539E-12 3.5322E-13 0.0000E+00 0.0000E+00 0.0000E+00 0.0000E+00 0.0000E+00 0.0000E+00 0.0000E+00 0.0000E+00 0.0000E+00 0.0000E+00 0.0000E+00 0.0000E+00 0.0000E+00 0.0000E+00 0.0000E+00 0.0000E+00
5.5154E-09 6.1549E-09 6.7994E-09 7.4339E-09 8.0429E-09 8.6071E-09 9.1138E-09 9.5458E-09 9.8917E-09 1.0136E-08 1.0264E-08 1.0277E-08 1.0171E-08 9.9443E-09 9.6096E-09 9.1728E-09 8.6483E-09 8.0520E-09 7.4012E-09 6.7162E-09 6.0154E-09 5.3171E-09 4.6369E-09 3.9883E-09 3.3834E-09 2.8273E-09 2.3263E-09 1.8856E-09 1.5008E-09 1.1734E-09 9.0166E-10 6.7606E-10 4.8812E-10 3.4199E-10 2.2918E-10 1.4917E-10 8.7577E-11 4.8721E-11 1.7180E-11 3.7469E-12 5.1976E-13 0.0000E+00 0.0000E+00 0.0000E+00 0.0000E+00 0.0000E+00 0.0000E+00 0.0000E+00 0.0000E+00 0.0000E+00 0.0000E+00 0.0000E+00 0.0000E+00 0.0000E+00 0.0000E+00 0.0000E+00 0.0000E+00
5.4162E-09 6.0730E-09 6.7402E-09 7.4050E-09 8.0490E-09 8.6573E-09 9.2161E-09 9.7053E-09 1.0105E-08 1.0405E-08 1.0593E-08 1.0663E-08 1.0608E-08 1.0427E-08 1.0125E-08 9.7109E-09 9.1963E-09 8.5990E-09 7.9367E-09 7.2304E-09 6.4997E-09 5.7634E-09 5.0418E-09 4.3460E-09 3.6918E-09 3.0873E-09 2.5407E-09 2.0570E-09 1.6378E-09 1.2784E-09 9.8074E-10 7.3410E-10 5.2925E-10 3.7079E-10 2.4750E-10 1.6093E-10 9.4199E-11 5.2818E-11 1.9807E-11 3.7253E-12 6.0056E-13 0.0000E+00 0.0000E+00 0.0000E+00 0.0000E+00 0.0000E+00 0.0000E+00 0.0000E+00 0.0000E+00 0.0000E+00 0.0000E+00 0.0000E+00 0.0000E+00 0.0000E+00 0.0000E+00 0.0000E+00 0.0000E+00
5.2770E-09 5.9455E-09 6.6332E-09 7.3241E-09 8.0048E-09 8.6601E-09 9.2690E-09 9.8114E-09 1.0274E-08 1.0639E-08 1.0893E-08 1.1021E-08 1.1022E-08 1.0889E-08 1.0624E-08 1.0238E-08 9.7390E-09 9.1461E-09 8.4775E-09 7.7525E-09 6.9937E-09 6.2203E-09 5.4540E-09 4.7104E-09 4.0050E-09 3.3536E-09 2.7624E-09 2.2350E-09 1.7768E-09 1.3869E-09 1.0610E-09 7.9422E-10 5.7009E-10 4.0057E-10 2.6679E-10 1.7419E-10 1.0232E-10 5.7368E-11 2.2408E-11 4.1074E-12 5.8508E-13 0.0000E+00 0.0000E+00 0.0000E+00 0.0000E+00 0.0000E+00 0.0000E+00 0.0000E+00 0.0000E+00 0.0000E+00 0.0000E+00 0.0000E+00 0.0000E+00 0.0000E+00 0.0000E+00 0.0000E+00 0.0000E+00
5.0997E-09 5.7768E-09 6.4818E-09 7.1987E-09 7.9155E-09 8.6121E-09 9.2694E-09 9.8737E-09 1.0402E-08 1.0833E-08 1.1154E-08 1.1351E-08 1.1415E-08 1.1342E-08 1.1126E-08 1.0777E-08 1.0305E-08 9.7234E-09 9.0522E-09 8.3115E-09 7.5240E-09 6.7120E-09 5.8978E-09 5.1039E-09 4.3439E-09 3.6368E-09 2.9929E-09 2.4219E-09 1.9230E-09 1.4970E-09 1.1441E-09 8.5592E-10 6.1319E-10 4.2770E-10 2.8424E-10 1.8552E-10 1.0960E-10 6.0405E-11 2.4819E-11 5.2205E-12 4.5716E-13 0.0000E+00 0.0000E+00 0.0000E+00 0.0000E+00 0.0000E+00 0.0000E+00 0.0000E+00 0.0000E+00 0.0000E+00 0.0000E+00 0.0000E+00 0.0000E+00 0.0000E+00 0.0000E+00 0.0000E+00 0.0000E+00
4.8905E-09 5.5752E-09 6.2918E-09 7.0324E-09 7.7789E-09 8.5170E-09 9.2279E-09 9.8911E-09 1.0483E-08 1.0987E-08 1.1384E-08 1.1658E-08 1.1791E-08 1.1779E-08 1.1618E-08 1.1312E-08 1.0871E-08 1.0305E-08 9.6350E-09 8.8805E-09 8.0650E-09 7.2147E-09 6.3528E-09 5.5046E-09 4.6900E-09 3.9301E-09 3.2354E-09 2.6121E-09 2.0735E-09 1.6129E-09 1.2273E-09 9.1742E-10 6.5594E-10 4.5804E-10 3.0497E-10 1.9647E-10 1.1838E-10 6.5398E-11 2.7119E-11 5.9996E-12 1.8909E-13 0.0000E+00 0.0000E+00 0.0000E+00 0.0000E+00 0.0000E+00 0.0000E+00 0.0000E+00 0.0000E+00 0.0000E+00 0.0000E+00 0.0000E+00 0.0000E+00 0.0000E+00 0.0000E+00 0.0000E+00 0.0000E+00
4.6554E-09 5.3406E-09 6.0689E-09 6.8265E-09 7.6029E-09 8.3815E-09 9.1420E-09 9.8613E-09 1.0525E-08 1.1106E-08 1.1581E-08 1.1931E-08 1.2139E-08 1.2198E-08 1.2102E-08 1.1847E-08 1.1444E-08 1.0901E-08 1.0235E-08 9.4676E-09 8.6242E-09 7.7338E-09 6.8216E-09 5.9189E-09 5.0488E-09 4.2284E-09 3.4815E-09 2.8112E-09 2.2260E-09 1.7296E-09 1.3166E-09 9.8220E-10 6.9936E-10 4.8713E-10 3.2649E-10 2.1035E-10 1.2695E-10 7.0238E-11 2.8319E-11 7.6061E-12 2.9343E-13 0.0000E+00 0.0000E+00 0.0000E+00 0.0000E+00 0.0000E+00 0.0000E+00 0.0000E+00 0.0000E+00 0.0000E+00 0.0000E+00 0.0000E+00 0.0000E+00 0.0000E+00 0.0000E+00 0.0000E+00 0.0000E+00
4.4000E-09 5.0843E-09 5.8155E-09 6.5883E-09 7.3913E-09 8.2050E-09 9.0126E-09 9.7952E-09 1.0528E-08 1.1183E-08 1.1735E-08 1.2172E-08 1.2471E-08 1.2615E-08 1.2592E-08 1.2401E-08 1.2041E-08 1.1525E-08 1.0867E-08 1.0090E-08 9.2207E-09 8.2888E-09 7.3276E-09 6.3650E-09 5.4337E-09 4.5521E-09 3.7411E-09 3.0219E-09 2.3906E-09 1.8515E-09 1.4040E-09 1.0476E-09 7.4879E-10 5.1943E-10 3.4825E-10 2.2484E-10 1.3537E-10 7.4573E-11 3.1407E-11 8.3903E-12 7.2723E-13 0.0000E+00 0.0000E+00 0.0000E+00 0.0000E+00 0.0000E+00 0.0000E+00 0.0000E+00 0.0000E+00 0.0000E+00 0.0000E+00 0.0000E+00 0.0000E+00 0.0000E+00 0.0000E+00 0.0000E+00 0.0000E+00
4.1285E-09 4.8045E-09 5.5381E-09 6.3229E-09 7.1452E-09 7.9922E-09 8.8476E-09 9.6874E-09 1.0483E-08 1.1216E-08 1.1862E-08 1.2391E-08 1.2779E-08 1.3006E-08 1.3061E-08 1.2935E-08 1.2624E-08 1.2139E-08 1.1494E-08 1.0709E-08 9.8149E-09 8.8430E-09 7.8300E-09 6.8105E-09 5.8145E-09 4.8740E-09 4.0078E-09 3.2297E-09 2.5505E-09 1.9800E-09 1.5020E-09 1.1155E-09 7.9939E-10 5.5372E-10 3.6956E-10 2.4061E-10 1.4254E-10 8.0646E-11 3.3831E-11 1.1171E-11 9.8131E-13 0.0000E+00 0.0000E+00 0.0000E+00 0.0000E+00 0.0000E+00 0.0000E+00 0.0000E+00 0.0000E+00 0.0000E+00 0.0000E+00 0.0000E+00 0.0000E+00 0.0000E+00 0.0000E+00 0.0000E+00 0.0000E+00
3.8457E-09 4.5109E-09 5.2408E-09 6.0304E-09 6.8693E-09 7.7473E-09 8.6423E-09 9.5331E-09 1.0400E-08 1.1217E-08 1.1949E-08 1.2567E-08 1.3052E-08 1.3376E-08 1.3520E-08 1.3469E-08 1.3215E-08 1.2767E-08 1.2139E-08 1.1351E-08 1.0433E-08 9.4238E-09 8.3597E-09 7.2790E-09 6.2201E-09 5.2129E-09 4.2841E-09 3.4540E-09 2.7289E-09 2.1095E-09 1.6039E-09 1.1902E-09 8.4854E-10 5.9117E-10 3.9216E-10 2.5568E-10 1.5439E-10 8.5714E-11 3.8311E-11 1.2709E-11 1.1931E-12 0.0000E+00 0.0000E+00 0.0000E+00 0.0000E+00 0.0000E+00 0.0000E+00 0.0000E+00 0.0000E+00 0.0000E+00 0.0000E+00 0.0000E+00 0.0000E+00 0.0000E+00 0.0000E+00 0.0000E+00 0.0000E+00
3.5555E-09 4.2048E-09 4.9273E-09 5.7176E-09 6.5682E-09 7.4680E-09 8.3986E-09 9.3443E-09 1.0279E-08 1.1169E-08 1.1989E-08 1.2710E-08 1.3296E-08 1.3717E-08 1.3946E-08 1.3969E-08 1.3777E-08 1.3372E-08 1.2764E-08 1.1977E-08 1.1043E-08 9.9969E-09 8.8833E-09 7.7447E-09 6.6232E-09 5.5572E-09 4.5701E-09 3.6820E-09 2.9094E-09 2.2523E-09 1.7058E-09 1.2677E-09 9.0508E-10 6.2772E-10 4.1841E-10 2.7050E-10 1.6246E-10 9.0544E-11 3.9915E-11 1.3576E-11 1.6479E-12 0.0000E+00 0.0000E+00 0.0000E+00 0.0000E+00 0.0000E+00 0.0000E+00 0.0000E+00 0.0000E+00 0.0000E+00 0.0000E+00 0.0000E+00 0.0000E+00 0.0000E+00 0.0000E+00 0.0000E+00 0.0000E+00
3.2612E-09 3.8926E-09 4.5999E-09 5.3845E-09 6.2420E-09 7.1573E-09 8.1221E-09 9.1146E-09 1.0106E-08 1.1075E-08 1.1987E-08 1.2804E-08 1.3485E-08 1.4003E-08 1.4328E-08 1.4436E-08 1.4314E-08 1.3958E-08 1.3378E-08 1.2598E-08 1.1648E-08 1.0571E-08 9.4122E-09 8.2217E-09 7.0415E-09 5.9104E-09 4.8641E-09 3.9214E-09 3.0967E-09 2.3956E-09 1.8147E-09 1.3453E-09 9.6225E-10 6.6541E-10 4.4396E-10 2.8652E-10 1.7206E-10 9.4628E-11 4.2952E-11 1.4874E-11 1.5059E-12 0.0000E+00 0.0000E+00 0.0000E+00 0.0000E+00 0.0000E+00 0.0000E+00 0.0000E+00 0.0000E+00 0.0000E+00 0.0000E+00 0.0000E+00 0.0000E+00 0.0000E+00 0.0000E+00 0.0000E+00 0.0000E+00
2.9679E-09 3.5748E-09 4.2650E-09 5.0380E-09 5.8928E-09 6.8195E-09 7.8103E-09 8.8390E-09 9.8900E-09 1.0932E-08 1.1923E-08 1.2830E-08 1.3616E-08 1.4243E-08 1.4667E-08 1.4866E-08 1.4817E-08 1.4519E-08 1.3977E-08 1.3211E-08 1.2257E-08 1.1156E-08 9.9583E-09 8.7136E-09 7.4739E-09 6.2811E-09 5.1697E-09 4.1678E-09 3.2898E-09 2.5418E-09 1.9254E-09 1.4231E-09 1.0184E-09 7.0513E-10 4.7004E-10 3.0133E-10 1.7866E-10 1.0089E-10 4.6285E-11 1.6033E-11 1.6687E-12 0.0000E+00 0.0000E+00 0.0000E+00 0.0000E+00 0.0000E+00 0.0000E+00 0.0000E+00 0.0000E+00 0.0000E+00 0.0000E+00 0.0000E+00 0.0000E+00 0.0000E+00 0.0000E+00 0.0000E+00 0.0000E+00
2.6776E-09 3.2568E-09 3.9235E-09 4.6763E-09 5.5243E-09 6.4568E-09 7.4586E-09 8.5220E-09 9.6211E-09 1.0721E-08 1.1792E-08 1.2796E-08 1.3682E-08 1.4407E-08 1.4933E-08 1.5226E-08 1.5264E-08 1.5033E-08 1.4536E-08 1.3796E-08 1.2845E-08 1.1727E-08 1.0494E-08 9.2036E-09 7.9064E-09 6.6511E-09 5.4806E-09 4.4196E-09 3.4908E-09 2.6959E-09 2.0380E-09 1.5035E-09 1.0759E-09 7.4287E-10 4.9352E-10 3.1669E-10 1.9129E-10 1.0510E-10 4.7634E-11 1.7246E-11 1.2191E-12 0.0000E+00 0.0000E+00 0.0000E+00 0.0000E+00 0.0000E+00 0.0000E+00 0.0000E+00 0.0000E+00 0.0000E+00 0.0000E+00 0.0000E+00 0.0000E+00 0.0000E+00 0.0000E+00 0.0000E+00 0.0000E+00
2.3917E-09 2.9405E-09 3.5779E-09 4.3088E-09 5.1372E-09 6.0612E-09 7.0724E-09 8.1583E-09 9.2902E-09 1.0449E-08 1.1595E-08 1.2680E-08 1.3661E-08 1.4494E-08 1.5132E-08 1.5531E-08 1.5660E-08 1.5504E-08 1.5067E-08 1.4364E-08 1.3425E-08 1.2300E-08 1.1039E-08 9.7019E-09 8.3490E-09 7.0347E-09 5.7988E-09 4.6778E-09 3.6928E-09 2.8511E-09 2.1540E-09 1.5877E-09 1.1322E-09 7.8145E-10 5.1930E-10 3.3012E-10 1.9771E-10 1.1110E-10 5.2411E-11 1.7616E-11 9.9256E-13 0.0000E+00 0.0000E+00 0.0000E+00 0.0000E+00 0.0000E+00 0.0000E+00 0.0000E+00 0.0000E+00 0.0000E+00 0.0000E+00 0.0000E+00 0.0000E+00 0.0000E+00 0.0000E+00 0.0000E+00 0.0000E+00
2.1121E-09 2.6281E-09 3.2308E-09 3.9333E-09 4.7344E-09 5.6451E-09 6.6522E-09 7.7425E-09 8.9074E-09 1.0111E-08 1.1315E-08 1.2482E-08 1.3565E-08 1.4504E-08 1.5247E-08 1.5754E-08 1.5984E-08 1.5920E-08 1.5556E-08 1.4900E-08 1.3987E-08 1.2860E-08 1.1578E-08 1.0203E-08 8.7989E-09 7.4224E-09 6.1243E-09 4.9424E-09 3.8988E-09 3.0107E-09 2.2703E-09 1.6677E-09 1.1946E-09 8.1771E-10 5.4002E-10 3.4470E-10 2.0736E-10 1.1500E-10 5.5041E-11 1.8462E-11 7.0474E-13 0.0000E+00 0.0000E+00 0.0000E+00 0.0000E+00 0.0000E+00 0.0000E+00 0.0000E+00 0.0000E+00 0.0000E+00 0.0000E+00 0.0000E+00 0.0000E+00 0.0000E+00 0.0000E+00 0.0000E+00 0.0000E+00
1.8421E-09 2.3203E-09 2.8855E-09 3.5492E-09 4.3187E-09 5.2019E-09 6.1933E-09 7.2887E-09 8.4672E-09 9.7031E-09 1.0966E-08 1.2210E-08 1.3381E-08 1.4422E-08 1.5282E-08 1.5907E-08 1.6254E-08 1.6289E-08 1.6003E-08 1.5408E-08 1.4529E-08 1.3412E-08 1.2116E-08 1.0705E-08 9.2503E-09 7.8177E-09 6.4568E-09 5.2131E-09 4.1157E-09 3.1711E-09 2.3854E-09 1.7518E-09 1.2469E-09 8.5699E-10 5.6327E-10 3.5465E-10 2.1311E-10 1.1802E-10 5.7551E-11 1.8790E-11 4.1084E-13 0.0000E+00 0.0000E+00 0.0000E+00 0.0000E+00 0.0000E+00 0.0000E+00 0.0000E+00 0.0000E+00 0.0000E+00 0.0000E+00 0.0000E+00 0.0000E+00 0.0000E+00 0.0000E+00 0.0000E+00 0.0000E+00
