Assets/Resources/2015_m01_d15_1400(utc+0800)_l00_csi_1hr_conc.grd
DSAA
         159         159
     -79.000      79.000
     -79.000      79.000
  0.0000E+00  0.2146E-04
[rows 75 to 99 of 159, columns 57 to 113 of 159]
3.4798E-08 3.7901E-08 4.1359E-08 4.5290E-08 4.9846E-08 5.5111E-08 6.1274E-08 6.8365E-08 7.6454E-08 8.5394E-08 9.4830E-08 1.0320E-07 1.0887E-07 1.0972E-07 1.0520E-07 1.0331E-07 1.4530E-07 7.4973E-07 2.0907E-06 1.2619E-07 3.6782E-08 3.3363E-08 3.0972E-08 2.9175E-08 2.7658E-08 2.6416E-08 2.5344E-08 2.4329E-08 2.3364E-08 2.2433E-08 2.1527E-08 2.0635E-08 1.9805E-08 1.9015E-08 1.8263E-08 1.7552E-08 1.6887E-08 1.6261E-08 1.5676E-08 1.5117E-08 1.4605E-08 1.4130E-08 1.3685E-08 1.3271E-08 1.2887E-08 1.2524E-08 1.2188E-08 1.1869E-08 1.1568E-08 1.1284E-08 1.0988E-08 1.0717E-08 1.0463E-08 1.0221E-08 9.9747E-09 9.7300E-09 9.4758E-09
3.5888E-08 3.9021E-08 4.2487E-08 4.6359E-08 5.0683E-08 5.5646E-08 6.1218E-08 6.7442E-08 7.4376E-08 8.1775E-08 8.9094E-08 9.5306E-08 9.8710E-08 9.7723E-08 9.1747E-08 8.1731E-08 7.0261E-08 7.9567E-08 5.9445E-07 3.7684E-06 3.8244E-08 3.4310E-08 3.1616E-08 2.9577E-08 2.7959E-08 2.6595E-08 2.5436E-08 2.4378E-08 2.3385E-08 2.2437E-08 2.1522E-08 2.0622E-08 1.9785E-08 1.8991E-08 1.8231E-08 1.7522E-08 1.6854E-08 1.6231E-08 1.5645E-08 1.5087E-08 1.4573E-08 1.4099E-08 1.3654E-08 1.3239E-08 1.2854E-08 1.2490E-08 1.2154E-08 1.1835E-08 1.1533E-08 1.1241E-08 1.0952E-08 1.0680E-08 1.0425E-08 1.0182E-08 9.9348E-09 9.6891E-09 9.4353E-09
3.6776E-08 3.9963E-08 4.3413E-08 4.7227E-08 5.1428E-08 5.6083E-08 6.1214E-08 6.6827E-08 7.2791E-08 7.8973E-08 8.4829E-08 8.9610E-08 9.2112E-08 9.1213E-08 8.6482E-08 7.8555E-08 6.8992E-08 5.9432E-08 5.2112E-08 2.3464E-07 7.6298E-06 3.5104E-08 3.2194E-08 2.9914E-08 2.8180E-08 2.6690E-08 2.5445E-08 2.4339E-08 2.3328E-08 2.2365E-08 2.1440E-08 2.0539E-08 1.9699E-08 1.8902E-08 1.8150E-08 1.7441E-08 1.6776E-08 1.6156E-08 1.5573E-08 1.5018E-08 1.4506E-08 1.4033E-08 1.3591E-08 1.3176E-08 1.2793E-08 1.2431E-08 1.2095E-08 1.1777E-08 1.1475E-08 1.1184E-08 1.0896E-08 1.0624E-08 1.0369E-08 1.0126E-08 9.8777E-09 9.6315E-09 9.3790E-09
3.7413E-08 4.0636E-08 4.4116E-08 4.7838E-08 5.1944E-08 5.6375E-08 6.1174E-08 6.6276E-08 7.1590E-08 7.6853E-08 8.1723E-08 8.5468E-08 8.7290E-08 8.6412E-08 8.2526E-08 7.6055E-08 6.8000E-08 5.9606E-08 5.1830E-08 4.5210E-08 4.3234E-08 2.1458E-05 3.2602E-08 3.0167E-08 2.8299E-08 2.6695E-08 2.5371E-08 2.4215E-08 2.3186E-08 2.2217E-08 2.1285E-08 2.0387E-08 1.9549E-08 1.8760E-08 1.8016E-08 1.7312E-08 1.6650E-08 1.6036E-08 1.5460E-08 1.4910E-08 1.4403E-08 1.3934E-08 1.3496E-08 1.3084E-08 1.2705E-08 1.2345E-08 1.2011E-08 1.1696E-08 1.1395E-08 1.1106E-08 1.0819E-08 1.0549E-08 1.0295E-08 1.0052E-08 9.8027E-09 9.5573E-09 9.3070E-09
3.7770E-08 4.1026E-08 4.4466E-08 4.8192E-08 5.2153E-08 5.6417E-08 6.0949E-08 6.5648E-08 7.0443E-08 7.5073E-08 7.9169E-08 8.2208E-08 8.3590E-08 8.2727E-08 7.9421E-08 7.3938E-08 6.6978E-08 5.9461E-08 5.2201E-08 4.5769E-08 4.0429E-08 3.6154E-08 3.2854E-08 3.0292E-08 2.8286E-08 2.6591E-08 2.5195E-08 2.4014E-08 2.2961E-08 2.1991E-08 2.1059E-08 2.0167E-08 1.9336E-08 1.8557E-08 1.7827E-08 1.7133E-08 1.6478E-08 1.5872E-08 1.5305E-08 1.4762E-08 1.4265E-08 1.3801E-08 1.3370E-08 1.2963E-08 1.2588E-08 1.2233E-08 1.1902E-08 1.1591E-08 1.1293E-08 1.1006E-08 1.0722E-08 1.0454E-08 1.0202E-08 9.9596E-09 9.7101E-09 9.4661E-09 9.2194E-09
3.7846E-08 4.1072E-08 4.4489E-08 4.8145E-08 5.2004E-08 5.6090E-08 6.0391E-08 6.4812E-08 6.9179E-08 7.3379E-08 7.6937E-08 7.9492E-08 8.0537E-08 7.9661E-08 7.6713E-08 7.1889E-08 6.5720E-08 5.8862E-08 5.2094E-08 4.5904E-08 4.0600E-08 3.6297E-08 3.2872E-08 3.0220E-08 2.8128E-08 2.6383E-08 2.4927E-08 2.3717E-08 2.2655E-08 2.1683E-08 2.0761E-08 1.9880E-08 1.9062E-08 1.8300E-08 1.7585E-08 1.6902E-08 1.6261E-08 1.5665E-08 1.5110E-08 1.4577E-08 1.4090E-08 1.3635E-08 1.3212E-08 1.2812E-08 1.2444E-08 1.2095E-08 1.1770E-08 1.1462E-08 1.1169E-08 1.0878E-08 1.0597E-08 1.0341E-08 1.0090E-08 9.8492E-09 9.6002E-09 9.3589E-09 9.1160E-09
3.7588E-08 4.0792E-08 4.4161E-08 4.7692E-08 5.1423E-08 5.5325E-08 5.9403E-08 6.3521E-08 6.7595E-08 7.1340E-08 7.4523E-08 7.6687E-08 7.7472E-08 7.6592E-08 7.3898E-08 6.9603E-08 6.4011E-08 5.7782E-08 5.1432E-08 4.5521E-08 4.0371E-08 3.6082E-08 3.2670E-08 2.9963E-08 2.7817E-08 2.6061E-08 2.4567E-08 2.3332E-08 2.2275E-08 2.1299E-08 2.0395E-08 1.9529E-08 1.8731E-08 1.7988E-08 1.7291E-08 1.6623E-08 1.6000E-08 1.5417E-08 1.4875E-08 1.4356E-08 1.3882E-08 1.3437E-08 1.3024E-08 1.2634E-08 1.2274E-08 1.1932E-08 1.1613E-08 1.1311E-08 1.1023E-08 1.0737E-08 1.0461E-08 1.0208E-08 9.9607E-09 9.7210E-09 9.4733E-09 9.2356E-09 8.9973E-09
3.7029E-08 4.0147E-08 4.3423E-08 4.6844E-08 5.0419E-08 5.4137E-08 5.7933E-08 6.1785E-08 6.5498E-08 6.8879E-08 7.1648E-08 7.3465E-08 7.4075E-08 7.3193E-08 7.0761E-08 6.6866E-08 6.1843E-08 5.6095E-08 5.0206E-08 4.4629E-08 3.9674E-08 3.5544E-08 3.2169E-08 2.9492E-08 2.7341E-08 2.5586E-08 2.4113E-08 2.2877E-08 2.1824E-08 2.0845E-08 1.9962E-08 1.9118E-08 1.8344E-08 1.7624E-08 1.6948E-08 1.6299E-08 1.5697E-08 1.5129E-08 1.4604E-08 1.4100E-08 1.3640E-08 1.3208E-08 1.2807E-08 1.2428E-08 1.2077E-08 1.1745E-08 1.1433E-08 1.1138E-08 1.0849E-08 1.0577E-08 1.0306E-08 1.0057E-08 9.8132E-09 9.5752E-09 9.3303E-09 9.0968E-09 8.8636E-09
3.6153E-08 3.9170E-08 4.2303E-08 4.5578E-08 4.8983E-08 5.2481E-08 5.6047E-08 5.9592E-08 6.2970E-08 6.6005E-08 6.8406E-08 6.9938E-08 7.0346E-08 6.9468E-08 6.7209E-08 6.3680E-08 5.9105E-08 5.3841E-08 4.8388E-08 4.3194E-08 3.8572E-08 3.4630E-08 3.1413E-08 2.8802E-08 2.6695E-08 2.4975E-08 2.3533E-08 2.2352E-08 2.1286E-08 2.0325E-08 1.9466E-08 1.8650E-08 1.7907E-08 1.7212E-08 1.6559E-08 1.5933E-08 1.5354E-08 1.4804E-08 1.4298E-08 1.3811E-08 1.3368E-08 1.2950E-08 1.2563E-08 1.2195E-08 1.1856E-08 1.1534E-08 1.1231E-08 1.0944E-08 1.0663E-08 1.0388E-08 1.0123E-08 9.8883E-09 9.6483E-09 9.4121E-09 9.1715E-09 8.9436E-09 8.7158E-09
3.4981E-08 3.7861E-08 4.0841E-08 4.3931E-08 4.7115E-08 5.0380E-08 5.3669E-08 5.6890E-08 5.9931E-08 6.2578E-08 6.4642E-08 6.5885E-08 6.6143E-08 6.5272E-08 6.3167E-08 6.0000E-08 5.5791E-08 5.1042E-08 4.6070E-08 4.1311E-08 3.7057E-08 3.3416E-08 3.0385E-08 2.7905E-08 2.5887E-08 2.4235E-08 2.2857E-08 2.1702E-08 2.0668E-08 1.9743E-08 1.8913E-08 1.8132E-08 1.7422E-08 1.6756E-08 1.6130E-08 1.5529E-08 1.4975E-08 1.4446E-08 1.3961E-08 1.3492E-08 1.3066E-08 1.2665E-08 1.2293E-08 1.1939E-08 1.1612E-08 1.1301E-08 1.1008E-08 1.0729E-08 1.0449E-08 1.0190E-08 9.9323E-09 9.7026E-09 9.4666E-09 9.2330E-09 8.9979E-09 8.7760E-09 8.5543E-09
3.3555E-08 3.6258E-08 3.9060E-08 4.1940E-08 4.4881E-08 4.7876E-08 5.0852E-08 5.3742E-08 5.6412E-08 5.8697E-08 6.0427E-08 6.1411E-08 6.1538E-08 6.0617E-08 5.8744E-08 5.5781E-08 5.2047E-08 4.7759E-08 4.3297E-08 3.9071E-08 3.5239E-08 3.1917E-08 2.9127E-08 2.6821E-08 2.4934E-08 2.3377E-08 2.2074E-08 2.0974E-08 2.0001E-08 1.9105E-08 1.8309E-08 1.7569E-08 1.6895E-08 1.6261E-08 1.5663E-08 1.5090E-08 1.4563E-08 1.4057E-08 1.3594E-08 1.3146E-08 1.2739E-08 1.2355E-08 1.1999E-08 1.1660E-08 1.1346E-08 1.1047E-08 1.0765E-08 1.0496E-08 1.0225E-08 9.9654E-09 9.7246E-09 9.5008E-09 9.2687E-09 9.0389E-09 8.8109E-09 8.5953E-09 8.3801E-09
3.1899E-08 3.4417E-08 3.7005E-08 3.9644E-08 4.2332E-08 4.5014E-08 4.7665E-08 5.0193E-08 5.2497E-08 5.4437E-08 5.5843E-08 5.6618E-08 5.6575E-08 5.5733E-08 5.3906E-08 5.1276E-08 4.7935E-08 4.4133E-08 4.0268E-08 3.6554E-08 3.3170E-08 3.0210E-08 2.7693E-08 2.5592E-08 2.3860E-08 2.2420E-08 2.1210E-08 2.0180E-08 1.9263E-08 1.8416E-08 1.7662E-08 1.6966E-08 1.6331E-08 1.5730E-08 1.5164E-08 1.4620E-08 1.4120E-08 1.3640E-08 1.3201E-08 1.2775E-08 1.2388E-08 1.2023E-08 1.1683E-08 1.1360E-08 1.1060E-08 1.0774E-08 1.0503E-08 1.0238E-08 9.9844E-09 9.7337E-09 9.5014E-09 9.2836E-09 9.0557E-09 8.8315E-09 8.6116E-09 8.4025E-09 8.1936E-09
3.0065E-08 3.2382E-08 3.4741E-08 3.7130E-08 3.9519E-08 4.1886E-08 4.4175E-08 4.6344E-08 4.8278E-08 4.9865E-08 5.0997E-08 5.1535E-08 5.1424E-08 5.0541E-08 4.8894E-08 4.6551E-08 4.3610E-08 4.0374E-08 3.7046E-08 3.3870E-08 3.0943E-08 2.8357E-08 2.6133E-08 2.4262E-08 2.2703E-08 2.1392E-08 2.0287E-08 1.9334E-08 1.8477E-08 1.7687E-08 1.6979E-08 1.6331E-08 1.5736E-08 1.5170E-08 1.4636E-08 1.4125E-08 1.3653E-08 1.3200E-08 1.2786E-08 1.2383E-08 1.2016E-08 1.1671E-08 1.1349E-08 1.1043E-08 1.0756E-08 1.0483E-08 1.0225E-08 9.9704E-09 9.7203E-09 9.4874E-09 9.2641E-09 9.0520E-09 8.8291E-09 8.6123E-09 8.4013E-09 8.1986E-09 7.9965E-09
2.8101E-08 3.0201E-08 3.2316E-08 3.4442E-08 3.6528E-08 3.8577E-08 4.0526E-08 4.2319E-08 4.3901E-08 4.5162E-08 4.6018E-08 4.6367E-08 4.6157E-08 4.5286E-08 4.3815E-08 4.1759E-08 3.9289E-08 3.6567E-08 3.3802E-08 3.1119E-08 2.8639E-08 2.6425E-08 2.4503E-08 2.2870E-08 2.1489E-08 2.0317E-08 1.9321E-08 1.8448E-08 1.7654E-08 1.6924E-08 1.6268E-08 1.5669E-08 1.5114E-08 1.4585E-08 1.4086E-08 1.3607E-08 1.3165E-08 1.2740E-08 1.2351E-08 1.1972E-08 1.1627E-08 1.1302E-08 1.0997E-08 1.0708E-08 1.0437E-08 1.0178E-08 9.9242E-09 9.6819E-09 9.4504E-09 9.2196E-09 9.0136E-09 8.8070E-09 8.5902E-09 8.3824E-09 8.1806E-09 7.9850E-09 7.7897E-09
2.6056E-08 2.7933E-08 2.9802E-08 3.1650E-08 3.3456E-08 3.5182E-08 3.6802E-08 3.8260E-08 3.9506E-08 4.0476E-08 4.1071E-08 4.1283E-08 4.0977E-08 4.0169E-08 3.8867E-08 3.7133E-08 3.5102E-08 3.2887E-08 3.0612E-08 2.8401E-08 2.6340E-08 2.4481E-08 2.2852E-08 2.1450E-08 2.0246E-08 1.9216E-08 1.8327E-08 1.7534E-08 1.6805E-08 1.6138E-08 1.5537E-08 1.4987E-08 1.4472E-08 1.3980E-08 1.3517E-08 1.3073E-08 1.2660E-08 1.2264E-08 1.1901E-08 1.1546E-08 1.1223E-08 1.0919E-08 1.0632E-08 1.0360E-08 1.0104E-08 9.8586E-09 9.6185E-09 9.3807E-09 9.1606E-09 8.9492E-09 8.7510E-09 8.5497E-09 8.3412E-09 8.1437E-09 7.9505E-09 7.7623E-09 7.5745E-09
2.3980E-08 2.5622E-08 2.7261E-08 2.8849E-08 3.0371E-08 3.1808E-08 3.3118E-08 3.4270E-08 3.5223E-08 3.5917E-08 3.6332E-08 3.6378E-08 3.6050E-08 3.5332E-08 3.4214E-08 3.2831E-08 3.1200E-08 2.9419E-08 2.7590E-08 2.5799E-08 2.4114E-08 2.2578E-08 2.1220E-08 2.0033E-08 1.9001E-08 1.8109E-08 1.7319E-08 1.6602E-08 1.5941E-08 1.5340E-08 1.4795E-08 1.4292E-08 1.3816E-08 1.3362E-08 1.2933E-08 1.2524E-08 1.2142E-08 1.1776E-08 1.1439E-08 1.1108E-08 1.0807E-08 1.0524E-08 1.0255E-08 1.0001E-08 9.7593E-09 9.5214E-09 9.2947E-09 9.0776E-09 8.8693E-09 8.6687E-09 8.4772E-09 8.2828E-09 8.0841E-09 7.8978E-09 7.7128E-09 7.5317E-09 7.3518E-09
2.1896E-08 2.3339E-08 2.4741E-08 2.6098E-08 2.7375E-08 2.8543E-08 2.9588E-08 3.0471E-08 3.1179E-08 3.1671E-08 3.1898E-08 3.1871E-08 3.1547E-08 3.0912E-08 3.0041E-08 2.8924E-08 2.7656E-08 2.6251E-08 2.4798E-08 2.3364E-08 2.2004E-08 2.0758E-08 1.9640E-08 1.8648E-08 1.7775E-08 1.7003E-08 1.6307E-08 1.5664E-08 1.5073E-08 1.4537E-08 1.4048E-08 1.3590E-08 1.3152E-08 1.2736E-08 1.2341E-08 1.1966E-08 1.1613E-08 1.1279E-08 1.0968E-08 1.0661E-08 1.0383E-08 1.0119E-08 9.8694E-09 9.6322E-09 9.4060E-09 9.1833E-09 8.9703E-09 8.7580E-09 8.5620E-09 8.3789E-09 8.1939E-09 8.0079E-09 7.8209E-09 7.6449E-09 7.4682E-09 7.2946E-09 7.1231E-09
1.9872E-08 2.1116E-08 2.2314E-08 2.3457E-08 2.4510E-08 2.5462E-08 2.6277E-08 2.6954E-08 2.7471E-08 2.7798E-08 2.7943E-08 2.7843E-08 2.7563E-08 2.7068E-08 2.6356E-08 2.5509E-08 2.4505E-08 2.3402E-08 2.2259E-08 2.1126E-08 2.0047E-08 1.9046E-08 1.8135E-08 1.7314E-08 1.6580E-08 1.5916E-08 1.5302E-08 1.4731E-08 1.4210E-08 1.3737E-08 1.3300E-08 1.2885E-08 1.2487E-08 1.2107E-08 1.1745E-08 1.1404E-08 1.1081E-08 1.0776E-08 1.0492E-08 1.0209E-08 9.9517E-09 9.7084E-09 9.4768E-09 9.2566E-09 9.0388E-09 8.8313E-09 8.6320E-09 8.4410E-09 8.2565E-09 8.0810E-09 7.9036E-09 7.7276E-09 7.5527E-09 7.3861E-09 7.2176E-09 7.0522E-09 6.8891E-09
1.7931E-08 1.8995E-08 2.0020E-08 2.0977E-08 2.1844E-08 2.2604E-08 2.3250E-08 2.3762E-08 2.4131E-08 2.4372E-08 2.4429E-08 2.4362E-08 2.4112E-08 2.3715E-08 2.3176E-08 2.2505E-08 2.1725E-08 2.0872E-08 1.9984E-08 1.9101E-08 1.8253E-08 1.7454E-08 1.6716E-08 1.6041E-08 1.5424E-08 1.4851E-08 1.4313E-08 1.3816E-08 1.3362E-08 1.2947E-08 1.2557E-08 1.2183E-08 1.1824E-08 1.1480E-08 1.1152E-08 1.0842E-08 1.0547E-08 1.0271E-08 1.0011E-08 9.7526E-09 9.5174E-09 9.2938E-09 9.0802E-09 8.8767E-09 8.6752E-09 8.4825E-09 8.2892E-09 8.1113E-09 7.9447E-09 7.7756E-09 7.6078E-09 7.4424E-09 7.2803E-09 7.1222E-09 6.9624E-09 6.8055E-09 6.6514E-09
1.6086E-08 1.7015E-08 1.7883E-08 1.8686E-08 1.9405E-08 2.0020E-08 2.0533E-08 2.0933E-08 2.1223E-08 2.1378E-08 2.1429E-08 2.1342E-08 2.1156E-08 2.0845E-08 2.0420E-08 1.9901E-08 1.9305E-08 1.8651E-08 1.7969E-08 1.7284E-08 1.6618E-08 1.5983E-08 1.5388E-08 1.4833E-08 1.4311E-08 1.3816E-08 1.3353E-08 1.2926E-08 1.2535E-08 1.2171E-08 1.1823E-08 1.1488E-08 1.1166E-08 1.0859E-08 1.0564E-08 1.0284E-08 1.0017E-08 9.7675E-09 9.5315E-09 9.2953E-09 9.0818E-09 8.8778E-09 8.6822E-09 8.4881E-09 8.3024E-09 8.1241E-09 7.9528E-09 7.7867E-09 7.6254E-09 7.4666E-09 7.3080E-09 7.1554E-09 7.0046E-09 6.8543E-09 6.7039E-09 6.5558E-09 6.4106E-09
1.4381E-08 1.5174E-08 1.5924E-08 1.6598E-08 1.7195E-08 1.7708E-08 1.8130E-08 1.8449E-08 1.8682E-08 1.8819E-08 1.8848E-08 1.8793E-08 1.8638E-08 1.8392E-08 1.8061E-08 1.7661E-08 1.7208E-08 1.6707E-08 1.6183E-08 1.5654E-08 1.5132E-08 1.4629E-08 1.4148E-08 1.3686E-08 1.3243E-08 1.2821E-08 1.2430E-08 1.2069E-08 1.1733E-08 1.1412E-08 1.1103E-08 1.0806E-08 1.0520E-08 1.0246E-08 9.9841E-09 9.7335E-09 9.4940E-09 9.2690E-09 9.0551E-09 8.8408E-09 8.6475E-09 8.4624E-09 8.2775E-09 8.0996E-09 7.9295E-09 7.7652E-09 7.6073E-09 7.4549E-09 7.3042E-09 7.1537E-09 7.0079E-09 6.8685E-09 6.7265E-09 6.5848E-09 6.4437E-09 6.3044E-09 6.1679E-09
1.2809E-08 1.3460E-08 1.4106E-08 1.4689E-08 1.5187E-08 1.5635E-08 1.5986E-08 1.6267E-08 1.6456E-08 1.6574E-08 1.6616E-08 1.6570E-08 1.6462E-08 1.6276E-08 1.6024E-08 1.5718E-08 1.5377E-08 1.4997E-08 1.4599E-08 1.4194E-08 1.3786E-08 1.3383E-08 1.2986E-08 1.2598E-08 1.2226E-08 1.1876E-08 1.1551E-08 1.1246E-08 1.0956E-08 1.0675E-08 1.0403E-08 1.0141E-08 9.8885E-09 9.6462E-09 9.4141E-09 9.1919E-09 8.9795E-09 8.7785E-09 8.5851E-09 8.3915E-09 8.2175E-09 8.0501E-09 7.8825E-09 7.7220E-09 7.5663E-09 7.4167E-09 7.2650E-09 7.1217E-09 6.9802E-09 6.8423E-09 6.7123E-09 6.5809E-09 6.4480E-09 6.3150E-09 6.1827E-09 6.0525E-09 5.9243E-09
1.1370E-08 1.1938E-08 1.2484E-08 1.2978E-08 1.3416E-08 1.3783E-08 1.4092E-08 1.4336E-08 1.4497E-08 1.4622E-08 1.4654E-08 1.4643E-08 1.4565E-08 1.4434E-08 1.4252E-08 1.4033E-08 1.3782E-08 1.3502E-08 1.3199E-08 1.2881E-08 1.2555E-08 1.2225E-08 1.1895E-08 1.1575E-08 1.1272E-08 1.0986E-08 1.0716E-08 1.0459E-08 1.0207E-08 9.9626E-09 9.7257E-09 9.4963E-09 9.2755E-09 9.0625E-09 8.8583E-09 8.6619E-09 8.4751E-09 8.2971E-09 8.1239E-09 7.9506E-09 7.7937E-09 7.6366E-09 7.4854E-09 7.3400E-09 7.1997E-09 7.0556E-09 6.9214E-09 6.7900E-09 6.6593E-09 6.5388E-09 6.4173E-09 6.2948E-09 6.1702E-09 6.0456E-09 5.9222E-09 5.8007E-09 5.6803E-09
1.0073E-08 1.0573E-08 1.1034E-08 1.1459E-08 1.1846E-08 1.2168E-08 1.2461E-08 1.2681E-08 1.2833E-08 1.2942E-08 1.3000E-08 1.2996E-08 1.2950E-08 1.2861E-08 1.2736E-08 1.2581E-08 1.2393E-08 1.2175E-08 1.1936E-08 1.1682E-08 1.1417E-08 1.1148E-08 1.0884E-08 1.0627E-08 1.0383E-08 1.0150E-08 9.9259E-09 9.7051E-09 9.4891E-09 9.2789E-09 9.0740E-09 8.8753E-09 8.6834E-09 8.4977E-09 8.3192E-09 8.1471E-09 7.9831E-09 7.8260E-09 7.6721E-09 7.5191E-09 7.3725E-09 7.2306E-09 7.0945E-09 6.9630E-09 6.8282E-09 6.7053E-09 6.5827E-09 6.4611E-09 6.3484E-09 6.2389E-09 6.1254E-09 6.0103E-09 5.8937E-09 5.7779E-09 5.6633E-09 5.5502E-09 5.4367E-09
8.9554E-09 9.3891E-09 9.7892E-09 1.0162E-08 1.0497E-08 1.0777E-08 1.1022E-08 1.1222E-08 1.1362E-08 1.1457E-08 1.1514E-08 1.1538E-08 1.1522E-08 1.1470E-08 1.1387E-08 1.1275E-08 1.1133E-08 1.0967E-08 1.0782E-08 1.0582E-08 1.0374E-08 1.0163E-08 9.9552E-09 9.7528E-09 9.5564E-09 9.3649E-09 9.1755E-09 8.9886E-09 8.8052E-09 8.6257E-09 8.4504E-09 8.2801E-09 8.1144E-09 7.9539E-09 7.7988E-09 7.6486E-09 7.5062E-09 7.3665E-09 7.2311E-09 7.0918E-09 6.9613E-09 6.8342E-09 6.7107E-09 6.5939E-09 6.4712E-09 6.3601E-09 6.2485E-09 6.1451E-09 6.0454E-09 5.9420E-09 5.8359E-09 5.7282E-09 5.6201E-09 5.5128E-09 5.4069E-09 5.3014E-09 5.1941E-09
