Assets/Resources/2015_m01_d25_1400(utc+0800)_l00_csi_1hr_conc.grd
DSAA
         159         159
     -79.000      79.000
     -79.000      79.000
  0.0000E+00  0.9232E-05
[rows 0 to 24 of 159, columns 57 to 113 of 159]
4.0292E-11 5.2132E-11 6.5241E-11 7.9724E-11 9.4649E-11 1.1005E-10 1.2599E-10 1.4635E-10 1.7176E-10 1.9568E-10 2.2193E-10 2.5095E-10 2.8392E-10 3.2121E-10 3.6291E-10 4.0829E-10 4.5770E-10 5.1135E-10 5.6919E-10 6.3190E-10 6.9866E-10 7.7058E-10 8.4682E-10 9.2623E-10 1.0097E-09 1.0967E-09 1.1861E-09 1.2787E-09 1.3737E-09 1.4706E-09 1.5687E-09 1.6677E-09 1.7668E-09 1.8654E-09 1.9628E-09 2.0580E-09 2.1504E-09 2.2390E-09 2.3232E-09 2.4020E-09 2.4746E-09 2.5402E-09 2.5983E-09 2.6480E-09 2.6889E-09 2.7204E-09 2.7424E-09 2.7544E-09 2.7565E-09 2.7484E-09 2.7302E-09 2.7020E-09 2.6642E-09 2.6172E-09 2.5613E-09 2.4973E-09 2.4257E-09
4.0990E-11 5.3175E-11 6.6689E-11 8.1644E-11 9.7048E-11 1.1294E-10 1.2936E-10 1.5037E-10 1.7428E-10 2.0142E-10 2.2859E-10 2.5917E-10 2.9399E-10 3.3361E-10 3.7720E-10 4.2484E-10 4.7680E-10 5.3338E-10 5.9494E-10 6.6107E-10 7.3244E-10 8.0826E-10 8.8838E-10 9.7278E-10 1.0605E-09 1.1523E-09 1.2477E-09 1.3460E-09 1.4468E-09 1.5499E-09 1.6546E-09 1.7603E-09 1.8664E-09 1.9719E-09 2.0761E-09 2.1782E-09 2.2772E-09 2.3723E-09 2.4625E-09 2.5470E-09 2.6249E-09 2.6955E-09 2.7579E-09 2.8116E-09 2.8558E-09 2.8901E-09 2.9140E-09 2.9272E-09 2.9295E-09 2.9209E-09 2.9014E-09 2.8712E-09 2.8308E-09 2.7804E-09 2.7207E-09 2.6522E-09 2.5756E-09
4.1359E-11 5.3860E-11 6.7785E-11 8.3243E-11 9.9158E-11 1.1554E-10 1.3238E-10 1.5396E-10 1.7851E-10 2.0643E-10 2.3439E-10 2.6663E-10 3.0395E-10 3.4546E-10 3.9112E-10 4.4113E-10 4.9591E-10 5.5589E-10 6.2070E-10 6.9095E-10 7.6582E-10 8.4558E-10 9.2969E-10 1.0181E-09 1.1111E-09 1.2083E-09 1.3093E-09 1.4136E-09 1.5209E-09 1.6307E-09 1.7423E-09 1.8551E-09 1.9682E-09 2.0810E-09 2.1924E-09 2.3015E-09 2.4075E-09 2.5093E-09 2.6060E-09 2.6967E-09 2.7805E-09 2.8564E-09 2.9235E-09 2.9812E-09 3.0288E-09 3.0656E-09 3.0913E-09 3.1056E-09 3.1083E-09 3.0994E-09 3.0788E-09 3.0468E-09 3.0036E-09 2.9497E-09 2.8858E-09 2.8123E-09 2.7302E-09
4.1574E-11 5.4363E-11 6.8632E-11 8.4498E-11 1.0081E-10 1.1756E-10 1.3477E-10 1.5688E-10 1.8209E-10 2.1081E-10 2.4036E-10 2.7446E-10 3.1370E-10 3.5696E-10 4.0460E-10 4.5712E-10 5.1505E-10 5.7814E-10 6.4694E-10 7.2030E-10 7.9893E-10 8.8223E-10 9.7037E-10 1.0636E-09 1.1618E-09 1.2647E-09 1.3720E-09 1.4828E-09 1.5969E-09 1.7137E-09 1.8327E-09 1.9530E-09 2.0737E-09 2.1941E-09 2.3132E-09 2.4299E-09 2.5434E-09 2.6524E-09 2.7560E-09 2.8531E-09 2.9427E-09 3.0239E-09 3.0959E-09 3.1578E-09 3.2090E-09 3.2488E-09 3.2767E-09 3.2924E-09 3.2955E-09 3.2861E-09 3.2641E-09 3.2298E-09 3.1835E-09 3.1259E-09 3.0574E-09 2.9789E-09 2.8912E-09
4.1474E-11 5.4480E-11 6.9057E-11 8.5330E-11 1.0205E-10 1.1921E-10 1.3676E-10 1.5933E-10 1.8508E-10 2.1444E-10 2.4521E-10 2.8084E-10 3.2265E-10 3.6772E-10 4.1785E-10 4.7329E-10 5.3420E-10 6.0084E-10 6.7232E-10 7.4907E-10 8.3077E-10 9.1799E-10 1.0107E-09 1.1091E-09 1.2129E-09 1.3216E-09 1.4349E-09 1.5521E-09 1.6731E-09 1.7971E-09 1.9236E-09 2.0516E-09 2.1803E-09 2.3088E-09 2.4359E-09 2.5606E-09 2.6817E-09 2.7983E-09 2.9091E-09 3.0131E-09 3.1093E-09 3.1964E-09 3.2737E-09 3.3402E-09 3.3953E-09 3.4381E-09 3.4682E-09 3.4851E-09 3.4887E-09 3.4788E-09 3.4556E-09 3.4192E-09 3.3700E-09 3.3085E-09 3.2354E-09 3.1515E-09 3.0576E-09
4.1181E-11 5.4396E-11 6.9244E-11 8.5846E-11 1.0288E-10 1.2030E-10 1.3807E-10 1.6101E-10 1.8726E-10 2.1724E-10 2.4954E-10 2.8882E-10 3.3106E-10 3.7820E-10 4.3094E-10 4.8919E-10 5.5326E-10 6.2224E-10 6.9676E-10 7.7638E-10 8.6181E-10 9.5340E-10 1.0511E-09 1.1546E-09 1.2640E-09 1.3790E-09 1.4990E-09 1.6232E-09 1.7516E-09 1.8834E-09 2.0178E-09 2.1541E-09 2.2913E-09 2.4282E-09 2.5639E-09 2.6972E-09 2.8269E-09 2.9517E-09 3.0705E-09 3.1820E-09 3.2850E-09 3.3785E-09 3.4614E-09 3.5327E-09 3.5916E-09 3.6374E-09 3.6695E-09 3.6877E-09 3.6916E-09 3.6811E-09 3.6562E-09 3.6172E-09 3.5644E-09 3.4984E-09 3.4198E-09 3.3297E-09 3.2289E-09
4.0684E-11 5.3942E-11 6.8979E-11 8.5862E-11 1.0318E-10 1.2088E-10 1.3888E-10 1.6214E-10 1.8878E-10 2.1923E-10 2.5434E-10 2.9434E-10 3.3868E-10 3.8813E-10 4.4364E-10 5.0484E-10 5.7104E-10 6.4277E-10 7.1964E-10 8.0274E-10 8.9227E-10 9.8824E-10 1.0909E-09 1.2000E-09 1.3154E-09 1.4365E-09 1.5631E-09 1.6946E-09 1.8306E-09 1.9704E-09 2.1133E-09 2.2582E-09 2.4042E-09 2.5502E-09 2.6949E-09 2.8372E-09 2.9756E-09 3.1089E-09 3.2358E-09 3.3550E-09 3.4650E-09 3.5649E-09 3.6534E-09 3.7296E-09 3.7926E-09 3.8415E-09 3.8757E-09 3.8948E-09 3.8984E-09 3.8865E-09 3.8590E-09 3.8168E-09 3.7599E-09 3.6891E-09 3.6050E-09 3.5085E-09 3.4009E-09
3.9903E-11 5.3164E-11 6.8352E-11 8.5446E-11 1.0295E-10 1.2078E-10 1.3882E-10 1.6224E-10 1.8913E-10 2.2148E-10 2.5680E-10 2.9845E-10 3.4512E-10 3.9753E-10 4.5570E-10 5.1896E-10 5.8732E-10 6.6115E-10 7.4118E-10 8.2804E-10 9.2174E-10 1.0225E-09 1.1304E-09 1.2448E-09 1.3660E-09 1.4936E-09 1.6273E-09 1.7663E-09 1.9103E-09 2.0584E-09 2.2099E-09 2.3637E-09 2.5188E-09 2.6740E-09 2.8281E-09 2.9796E-09 3.1272E-09 3.2694E-09 3.4047E-09 3.5318E-09 3.6491E-09 3.7556E-09 3.8498E-09 3.9308E-09 3.9974E-09 4.0490E-09 4.0846E-09 4.1042E-09 4.1074E-09 4.0941E-09 4.0646E-09 4.0189E-09 3.9576E-09 3.8814E-09 3.7913E-09 3.6884E-09 3.5729E-09
3.8825E-11 5.1971E-11 6.7123E-11 8.4327E-11 1.0195E-10 1.1988E-10 1.3797E-10 1.6152E-10 1.8859E-10 2.2133E-10 2.5941E-10 3.0354E-10 3.5201E-10 4.0632E-10 4.6685E-10 5.3182E-10 6.0205E-10 6.7856E-10 7.6200E-10 8.5265E-10 9.5077E-10 1.0560E-09 1.1686E-09 1.2886E-09 1.4158E-09 1.5497E-09 1.6902E-09 1.8367E-09 1.9886E-09 2.1452E-09 2.3056E-09 2.4687E-09 2.6332E-09 2.7978E-09 2.9613E-09 3.1222E-09 3.2790E-09 3.4300E-09 3.5739E-09 3.7090E-09 3.8338E-09 3.9469E-09 4.0471E-09 4.1330E-09 4.2036E-09 4.2581E-09 4.2957E-09 4.3161E-09 4.3191E-09 4.3044E-09 4.2724E-09 4.2234E-09 4.1574E-09 4.0759E-09 3.9797E-09 3.8697E-09 3.7473E-09
3.7544E-11 5.0514E-11 6.5615E-11 8.2923E-11 1.0062E-10 1.1857E-10 1.3660E-10 1.6016E-10 1.8730E-10 2.2358E-10 2.6225E-10 3.0785E-10 3.5799E-10 4.1459E-10 4.7723E-10 5.4352E-10 6.1576E-10 6.9518E-10 7.8201E-10 8.7630E-10 9.7817E-10 1.0880E-09 1.2057E-09 1.3311E-09 1.4642E-09 1.6047E-09 1.7523E-09 1.9068E-09 2.0672E-09 2.2325E-09 2.4020E-09 2.5743E-09 2.7484E-09 2.9226E-09 3.0960E-09 3.2666E-09 3.4329E-09 3.5933E-09 3.7460E-09 3.8893E-09 4.0218E-09 4.1417E-09 4.2478E-09 4.3387E-09 4.4134E-09 4.4708E-09 4.5105E-09 4.5318E-09 4.5346E-09 4.5186E-09 4.4836E-09 4.4303E-09 4.3599E-09 4.2729E-09 4.1703E-09 4.0527E-09 3.9224E-09
3.6282E-11 4.9041E-11 6.3995E-11 8.1238E-11 9.8941E-11 1.1688E-10 1.3485E-10 1.5840E-10 1.8719E-10 2.2382E-10 2.6428E-10 3.1030E-10 3.6339E-10 4.2364E-10 4.8611E-10 5.5377E-10 6.2867E-10 7.1091E-10 8.0071E-10 8.9847E-10 1.0045E-09 1.1185E-09 1.2410E-09 1.3720E-09 1.5114E-09 1.6592E-09 1.8146E-09 1.9770E-09 2.1458E-09 2.3201E-09 2.4990E-09 2.6812E-09 2.8652E-09 3.0493E-09 3.2323E-09 3.4126E-09 3.5885E-09 3.7580E-09 3.9195E-09 4.0712E-09 4.2113E-09 4.3383E-09 4.4506E-09 4.5469E-09 4.6258E-09 4.6866E-09 4.7285E-09 4.7508E-09 4.7530E-09 4.7349E-09 4.6970E-09 4.6400E-09 4.5649E-09 4.4717E-09 4.3616E-09 4.2368E-09 4.0982E-09
3.5013E-11 4.7455E-11 6.2186E-11 7.9328E-11 9.7002E-11 1.1486E-10 1.3265E-10 1.5601E-10 1.8475E-10 2.2171E-10 2.6706E-10 3.1341E-10 3.7003E-10 4.3022E-10 4.9344E-10 5.6327E-10 6.4046E-10 7.2505E-10 8.1777E-10 9.1871E-10 1.0283E-09 1.1470E-09 1.2748E-09 1.4120E-09 1.5583E-09 1.7131E-09 1.8763E-09 2.0471E-09 2.2249E-09 2.4081E-09 2.5961E-09 2.7876E-09 2.9813E-09 3.1753E-09 3.3684E-09 3.5588E-09 3.7445E-09 3.9236E-09 4.0942E-09 4.2543E-09 4.4023E-09 4.5362E-09 4.6546E-09 4.7558E-09 4.8390E-09 4.9030E-09 4.9469E-09 4.9699E-09 4.9716E-09 4.9519E-09 4.9116E-09 4.8511E-09 4.7700E-09 4.6707E-09 4.5537E-09 4.4212E-09 4.2733E-09
3.3658E-11 4.5737E-11 6.0181E-11 7.7093E-11 9.4533E-11 1.1219E-10 1.2974E-10 1.5287E-10 1.8316E-10 2.2410E-10 2.6612E-10 3.1852E-10 3.7356E-10 4.3506E-10 4.9974E-10 5.7126E-10 6.5023E-10 7.3736E-10 8.3270E-10 9.3709E-10 1.0508E-09 1.1745E-09 1.3081E-09 1.4513E-09 1.6044E-09 1.7667E-09 1.9376E-09 2.1164E-09 2.3024E-09 2.4947E-09 2.6924E-09 2.8939E-09 3.0979E-09 3.3022E-09 3.5053E-09 3.7056E-09 3.9011E-09 4.0896E-09 4.2692E-09 4.4379E-09 4.5937E-09 4.7348E-09 4.8594E-09 4.9662E-09 5.0536E-09 5.1205E-09 5.1660E-09 5.1890E-09 5.1894E-09 5.1680E-09 5.1249E-09 5.0601E-09 4.9739E-09 4.8685E-09 4.7446E-09 4.6035E-09 4.4472E-09
3.2219E-11 4.3894E-11 5.7930E-11 7.4523E-11 9.1693E-11 1.0913E-10 1.2636E-10 1.4587E-10 1.8110E-10 2.2235E-10 2.6757E-10 3.1905E-10 3.7559E-10 4.3889E-10 5.0459E-10 5.7761E-10 6.5856E-10 7.4780E-10 8.4613E-10 9.5429E-10 1.0727E-09 1.2013E-09 1.3405E-09 1.4900E-09 1.6496E-09 1.8186E-09 1.9970E-09 2.1843E-09 2.3794E-09 2.5809E-09 2.7879E-09 2.9990E-09 3.2127E-09 3.4272E-09 3.6405E-09 3.8508E-09 4.0561E-09 4.2541E-09 4.4428E-09 4.6201E-09 4.7838E-09 4.9319E-09 5.0628E-09 5.1746E-09 5.2660E-09 5.3358E-09 5.3826E-09 5.4061E-09 5.4064E-09 5.3832E-09 5.3364E-09 5.2665E-09 5.1748E-09 5.0631E-09 4.9321E-09 4.7827E-09 4.6182E-09
3.0707E-11 4.1944E-11 5.5524E-11 7.1732E-11 8.8499E-11 1.0550E-10 1.2230E-10 1.4138E-10 1.7807E-10 2.1949E-10 2.6610E-10 3.1909E-10 3.8103E-10 4.4134E-10 5.0813E-10 5.8252E-10 6.6513E-10 7.5686E-10 8.5868E-10 9.7086E-10 1.0937E-09 1.2273E-09 1.3719E-09 1.5269E-09 1.6929E-09 1.8694E-09 2.0555E-09 2.2506E-09 2.4541E-09 2.6646E-09 2.8813E-09 3.1025E-09 3.3266E-09 3.5516E-09 3.7752E-09 3.9956E-09 4.2107E-09 4.4183E-09 4.6160E-09 4.8017E-09 4.9731E-09 5.1281E-09 5.2649E-09 5.3816E-09 5.4765E-09 5.5482E-09 5.5961E-09 5.6200E-09 5.6194E-09 5.5939E-09 5.5434E-09 5.4693E-09 5.3726E-09 5.2533E-09 5.1145E-09 4.9570E-09 4.7836E-09
2.9136E-11 3.9901E-11 5.2983E-11 6.8676E-11 8.4947E-11 1.0148E-10 1.1783E-10 1.3643E-10 1.7114E-10 2.1988E-10 2.6349E-10 3.2242E-10 3.8137E-10 4.4220E-10 5.0996E-10 5.8575E-10 6.7060E-10 7.6538E-10 8.7039E-10 9.8661E-10 1.1140E-09 1.2518E-09 1.4015E-09 1.5627E-09 1.7349E-09 1.9179E-09 2.1115E-09 2.3150E-09 2.5274E-09 2.7473E-09 2.9732E-09 3.2040E-09 3.4377E-09 3.6726E-09 3.9064E-09 4.1368E-09 4.3617E-09 4.5786E-09 4.7852E-09 4.9792E-09 5.1581E-09 5.3199E-09 5.4624E-09 5.5836E-09 5.6820E-09 5.7564E-09 5.8061E-09 5.8302E-09 5.8280E-09 5.7992E-09 5.7448E-09 5.6661E-09 5.5635E-09 5.4374E-09 5.2913E-09 5.1251E-09 4.9426E-09
2.3092E-11 3.7785E-11 5.0328E-11 6.5454E-11 8.1174E-11 9.7174E-11 1.1303E-10 1.3283E-10 1.6736E-10 2.1277E-10 2.6677E-10 3.2013E-10 3.8033E-10 4.4144E-10 5.1011E-10 5.8769E-10 6.7515E-10 7.7285E-10 8.8162E-10 1.0011E-09 1.1322E-09 1.2751E-09 1.4297E-09 1.5962E-09 1.7748E-09 1.9651E-09 2.1662E-09 2.3774E-09 2.5980E-09 2.8265E-09 3.0619E-09 3.3025E-09 3.5463E-09 3.7913E-09 4.0352E-09 4.2756E-09 4.5101E-09 4.7362E-09 4.9515E-09 5.1534E-09 5.3396E-09 5.5074E-09 5.6549E-09 5.7802E-09 5.8817E-09 5.9585E-09 6.0091E-09 6.0329E-09 6.0289E-09 5.9976E-09 5.9401E-09 5.8560E-09 5.7468E-09 5.6138E-09 5.4599E-09 5.2853E-09 5.0937E-09
2.1803E-11 3.5612E-11 4.7583E-11 6.2095E-11 7.7213E-11 9.2629E-11 1.0792E-10 1.3067E-10 1.6514E-10 2.0911E-10 2.6248E-10 3.1674E-10 3.7810E-10 4.3950E-10 5.0952E-10 5.8913E-10 6.7898E-10 7.7954E-10 8.9077E-10 1.0139E-09 1.1490E-09 1.2960E-09 1.4559E-09 1.6285E-09 1.8131E-09 2.0097E-09 2.2179E-09 2.4372E-09 2.6665E-09 2.9042E-09 3.1485E-09 3.3983E-09 3.6515E-09 3.9060E-09 4.1593E-09 4.4091E-09 4.6529E-09 4.8878E-09 5.1114E-09 5.3210E-09 5.5140E-09 5.6880E-09 5.8408E-09 5.9704E-09 6.0754E-09 6.1540E-09 6.2050E-09 6.2273E-09 6.2212E-09 6.1872E-09 6.1255E-09 6.0361E-09 5.9209E-09 5.7817E-09 5.6189E-09 5.4358E-09 5.2354E-09
2.0491E-11 2.7511E-11 4.4771E-11 5.8629E-11 7.3097E-11 8.7879E-11 1.0257E-10 1.2486E-10 1.6297E-10 2.0715E-10 2.5930E-10 3.2017E-10 3.7475E-10 4.3716E-10 5.0871E-10 5.9032E-10 6.8227E-10 7.8487E-10 8.9919E-10 1.0248E-09 1.1636E-09 1.3155E-09 1.4800E-09 1.6577E-09 1.8487E-09 2.0525E-09 2.2681E-09 2.4948E-09 2.7317E-09 2.9777E-09 3.2309E-09 3.4899E-09 3.7525E-09 4.0164E-09 4.2792E-09 4.5383E-09 4.7908E-09 5.0342E-09 5.2655E-09 5.4821E-09 5.6814E-09 5.8607E-09 6.0182E-09 6.1517E-09 6.2592E-09 6.3392E-09 6.3902E-09 6.4117E-09 6.4042E-09 6.3671E-09 6.3000E-09 6.2051E-09 6.0839E-09 5.9375E-09 5.7670E-09 5.5762E-09 5.3659E-09
1.3782E-11 2.5801E-11 4.1918E-11 5.5085E-11 6.8863E-11 8.2968E-11 9.8618E-11 1.2239E-10 1.5853E-10 2.0309E-10 2.6145E-10 3.1611E-10 3.7107E-10 4.3473E-10 5.0796E-10 5.9103E-10 6.8457E-10 7.8936E-10 9.0591E-10 1.0352E-09 1.1773E-09 1.3328E-09 1.5022E-09 1.6856E-09 1.8822E-09 2.0920E-09 2.3145E-09 2.5490E-09 2.7944E-09 3.0490E-09 3.3107E-09 3.5783E-09 3.8497E-09 4.1224E-09 4.3939E-09 4.6615E-09 4.9223E-09 5.1736E-09 5.4124E-09 5.6357E-09 5.8410E-09 6.0258E-09 6.1875E-09 6.3240E-09 6.4333E-09 6.5134E-09 6.5639E-09 6.5844E-09 6.5744E-09 6.5335E-09 6.4621E-09 6.3624E-09 6.2339E-09 6.0802E-09 5.9022E-09 5.7032E-09 5.4842E-09
1.2913E-11 1.6799E-11 3.1763E-11 5.1495E-11 6.4549E-11 7.7938E-11 9.2949E-11 1.1806E-10 1.5616E-10 2.0416E-10 2.5583E-10 3.1115E-10 3.6706E-10 4.3250E-10 5.0686E-10 5.9122E-10 6.8611E-10 7.9291E-10 9.1218E-10 1.0443E-09 1.1907E-09 1.3509E-09 1.5245E-09 1.7126E-09 1.9151E-09 2.1317E-09 2.3612E-09 2.6028E-09 2.8556E-09 3.1180E-09 3.3883E-09 3.6643E-09 3.9441E-09 4.2251E-09 4.5049E-09 4.7806E-09 5.0492E-09 5.3077E-09 5.5531E-09 5.7826E-09 5.9933E-09 6.1824E-09 6.3475E-09 6.4863E-09 6.5966E-09 6.6772E-09 6.7276E-09 6.7465E-09 6.7326E-09 6.6874E-09 6.6114E-09 6.5059E-09 6.3709E-09 6.2091E-09 6.0230E-09 5.8158E-09 5.5884E-09
5.3828E-12 1.5700E-11 2.9588E-11 3.8425E-11 6.0192E-11 7.2835E-11 8.8852E-11 1.1369E-10 1.5173E-10 2.0009E-10 2.4973E-10 3.0676E-10 3.6374E-10 4.3014E-10 5.0545E-10 5.9074E-10 6.8741E-10 7.9633E-10 9.1836E-10 1.0536E-09 1.2023E-09 1.3657E-09 1.5442E-09 1.7377E-09 1.9453E-09 2.1674E-09 2.4031E-09 2.6517E-09 2.9118E-09 3.1819E-09 3.4601E-09 3.7442E-09 4.0322E-09 4.3212E-09 4.6086E-09 4.8914E-09 5.1669E-09 5.4318E-09 5.6832E-09 5.9181E-09 6.1332E-09 6.3260E-09 6.4935E-09 6.6336E-09 6.7448E-09 6.8256E-09 6.8746E-09 6.8911E-09 6.8740E-09 6.8253E-09 6.7443E-09 6.6323E-09 6.4909E-09 6.3231E-09 6.1294E-09 5.9131E-09 5.6774E-09
4.6371E-12 1.4605E-11 1.8790E-11 3.5736E-11 5.5831E-11 6.7703E-11 8.6341E-11 1.1293E-10 1.4718E-10 1.9362E-10 2.5250E-10 3.0169E-10 3.6096E-10 4.2759E-10 5.0354E-10 5.9064E-10 6.8901E-10 8.0013E-10 9.2452E-10 1.0623E-09 1.2146E-09 1.3822E-09 1.5645E-09 1.7623E-09 1.9754E-09 2.2034E-09 2.4453E-09 2.7002E-09 2.9670E-09 3.2442E-09 3.5298E-09 3.8216E-09 4.1172E-09 4.4139E-09 4.7088E-09 4.9988E-09 5.2807E-09 5.5513E-09 5.8074E-09 6.0461E-09 6.2644E-09 6.4597E-09 6.6292E-09 6.7706E-09 6.8820E-09 6.9617E-09 7.0080E-09 7.0209E-09 7.0008E-09 6.9474E-09 6.8609E-09 6.7430E-09 6.5955E-09 6.4187E-09 6.2177E-09 5.9949E-09 5.7514E-09
3.5008E-12 5.6186E-12 1.7440E-11 3.3063E-11 4.0701E-11 6.4043E-11 8.0624E-11 1.0859E-10 1.4241E-10 1.9532E-10 2.4735E-10 2.9765E-10 3.5784E-10 4.2495E-10 5.0247E-10 5.9079E-10 6.9115E-10 8.0369E-10 9.3072E-10 1.0725E-09 1.2281E-09 1.3990E-09 1.5856E-09 1.7881E-09 2.0060E-09 2.2392E-09 2.4870E-09 2.7484E-09 3.0219E-09 3.3061E-09 3.5988E-09 3.8978E-09 4.2006E-09 4.5044E-09 4.8061E-09 5.1026E-09 5.3905E-09 5.6665E-09 5.9273E-09 6.1696E-09 6.3903E-09 6.5866E-09 6.7561E-09 6.8967E-09 7.0064E-09 7.0837E-09 7.1277E-09 7.1374E-09 7.1126E-09 7.0527E-09 6.9608E-09 6.8356E-09 6.6814E-09 6.4989E-09 6.2904E-09 6.0578E-09 5.8072E-09
3.2006E-12 5.2502E-12 1.6107E-11 2.0562E-11 3.7545E-11 5.1858E-11 7.8340E-11 1.0442E-10 1.4320E-10 1.8831E-10 2.4297E-10 2.9514E-10 3.5470E-10 4.2328E-10 5.0170E-10 5.9153E-10 6.9323E-10 8.0871E-10 9.3754E-10 1.0810E-09 1.2400E-09 1.4141E-09 1.6042E-09 1.8106E-09 2.0333E-09 2.2716E-09 2.5250E-09 2.7924E-09 3.0722E-09 3.3628E-09 3.6621E-09 3.9676E-09 4.2768E-09 4.5868E-09 4.8945E-09 5.1965E-09 5.4895E-09 5.7700E-09 6.0346E-09 6.2801E-09 6.5032E-09 6.7008E-09 6.8703E-09 7.0096E-09 7.1167E-09 7.1905E-09 7.2297E-09 7.2340E-09 7.2040E-09 7.1395E-09 7.0414E-09 6.9099E-09 6.7491E-09 6.5576E-09 6.3423E-09 6.1053E-09 5.8476E-09
