Assets/Resources/2015_m01_d25_1800(utc+0800)_l00_csi_1hr_conc.grd
DSAA
         159         159
     -79.000      79.000
     -79.000      79.000
  0.0000E+00  0.4448E-05
[rows 0 to 24 of 159, columns 57 to 113 of 159]
3.4313E-10 3.6113E-10 3.7661E-10 3.9550E-10 4.1751E-10 4.2893E-10 4.5162E-10 4.6342E-10 4.8632E-10 4.9829E-10 5.1607E-10 5.3375E-10 5.4593E-10 5.5806E-10 5.7575E-10 5.8783E-10 5.9981E-10 6.1184E-10 6.2385E-10 6.4145E-10 6.5297E-10 6.6458E-10 6.7657E-10 6.8833E-10 6.9998E-10 7.1185E-10 7.2344E-10 7.3483E-10 7.4667E-10 7.5855E-10 7.7024E-10 7.8197E-10 7.9409E-10 8.0602E-10 8.1767E-10 8.2976E-10 8.4183E-10 8.5373E-10 8.6568E-10 8.7803E-10 8.9020E-10 9.0220E-10 9.1467E-10 9.2712E-10 9.3937E-10 9.5165E-10 9.6436E-10 9.7689E-10 9.8916E-10 1.0018E-09 1.0141E-09 1.0261E-09 1.0380E-09 1.0498E-09 1.0613E-09 1.0724E-09 1.0829E-09
3.5634E-10 3.7191E-10 3.9095E-10 4.1311E-10 4.3006E-10 4.4763E-10 4.6490E-10 4.8269E-10 5.0060E-10 5.1850E-10 5.3098E-10 5.4344E-10 5.6149E-10 5.7397E-10 5.8638E-10 5.9888E-10 6.1715E-10 6.2959E-10 6.4169E-10 6.5405E-10 6.6670E-10 6.7914E-10 6.9109E-10 7.0324E-10 7.1557E-10 7.2790E-10 7.4035E-10 7.5314E-10 7.6570E-10 7.7798E-10 7.9064E-10 8.0328E-10 8.1573E-10 8.2821E-10 8.4113E-10 8.5391E-10 8.6659E-10 8.7973E-10 8.9294E-10 9.0601E-10 9.1912E-10 9.3272E-10 9.4617E-10 9.5946E-10 9.7319E-10 9.8705E-10 1.0007E-09 1.0144E-09 1.0283E-09 1.0420E-09 1.0554E-09 1.0690E-09 1.0825E-09 1.0958E-09 1.1089E-09 1.1214E-09 1.1333E-09
3.6685E-10 3.9124E-10 4.0826E-10 4.2541E-10 4.4310E-10 4.6619E-10 4.7854E-10 5.0218E-10 5.1489E-10 5.2761E-10 5.4593E-10 5.5875E-10 5.7154E-10 5.8438E-10 6.0313E-10 6.1609E-10 6.2882E-10 6.4186E-10 6.5490E-10 6.6779E-10 6.8030E-10 6.9276E-10 7.0608E-10 7.1929E-10 7.3231E-10 7.4545E-10 7.5856E-10 7.7151E-10 7.8443E-10 7.9795E-10 8.1135E-10 8.2460E-10 8.3821E-10 8.5197E-10 8.6565E-10 8.7929E-10 8.9344E-10 9.0748E-10 9.2141E-10 9.3576E-10 9.5030E-10 9.6472E-10 9.7918E-10 9.9427E-10 1.0093E-09 1.0241E-09 1.0393E-09 1.0546E-09 1.0697E-09 1.0848E-09 1.1000E-09 1.1150E-09 1.1301E-09 1.1450E-09 1.1594E-09 1.1734E-09 1.1871E-09
3.8590E-10 3.9748E-10 4.2031E-10 4.3806E-10 4.6135E-10 4.7387E-10 4.9779E-10 5.1071E-10 5.2366E-10 5.4231E-10 5.5539E-10 5.6846E-10 5.8761E-10 6.0104E-10 6.1432E-10 6.2789E-10 6.4132E-10 6.5458E-10 6.6767E-10 6.8106E-10 6.9469E-10 7.0855E-10 7.2200E-10 7.3529E-10 7.4906E-10 7.6292E-10 7.7671E-10 7.9085E-10 8.0515E-10 8.1923E-10 8.3323E-10 8.4780E-10 8.6227E-10 8.7659E-10 8.9129E-10 9.0625E-10 9.2114E-10 9.3603E-10 9.5161E-10 9.6714E-10 9.8262E-10 9.9851E-10 1.0147E-09 1.0308E-09 1.0469E-09 1.0637E-09 1.0802E-09 1.0967E-09 1.1136E-09 1.1305E-09 1.1474E-09 1.1645E-09 1.1813E-09 1.1978E-09 1.2141E-09 1.2297E-09 1.2451E-09
3.9186E-10 4.1478E-10 4.3258E-10 4.5604E-10 4.6870E-10 4.9287E-10 5.0598E-10 5.2476E-10 5.3808E-10 5.5141E-10 5.7094E-10 5.8505E-10 5.9907E-10 6.1308E-10 6.2701E-10 6.4062E-10 6.5440E-10 6.6851E-10 6.8247E-10 6.9670E-10 7.1071E-10 7.2465E-10 7.3914E-10 7.5390E-10 7.6853E-10 7.8293E-10 7.9782E-10 8.1256E-10 8.2720E-10 8.4217E-10 8.5755E-10 8.7284E-10 8.8806E-10 9.0399E-10 9.1987E-10 9.3569E-10 9.5188E-10 9.6844E-10 9.8497E-10 1.0015E-09 1.0188E-09 1.0361E-09 1.0533E-09 1.0710E-09 1.0890E-09 1.1070E-09 1.1250E-09 1.1436E-09 1.1620E-09 1.1807E-09 1.1997E-09 1.2184E-09 1.2370E-09 1.2554E-09 1.2737E-09 1.2915E-09 1.3086E-09
4.0884E-10 4.3207E-10 4.5025E-10 4.6855E-10 4.8742E-10 5.0070E-10 5.1974E-10 5.3327E-10 5.5281E-10 5.6723E-10 5.8165E-10 5.9592E-10 6.1029E-10 6.2430E-10 6.3853E-10 6.5316E-10 6.6765E-10 6.8190E-10 6.9644E-10 7.1133E-10 7.2621E-10 7.4157E-10 7.5665E-10 7.7154E-10 7.8665E-10 8.0222E-10 8.1778E-10 8.3326E-10 8.4937E-10 8.6544E-10 8.8138E-10 8.9762E-10 9.1429E-10 9.3094E-10 9.4758E-10 9.6499E-10 9.8247E-10 9.9998E-10 1.0179E-09 1.0363E-09 1.0547E-09 1.0732E-09 1.0925E-09 1.1119E-09 1.1313E-09 1.1513E-09 1.1716E-09 1.1920E-09 1.2127E-09 1.2335E-09 1.2544E-09 1.2754E-09 1.2961E-09 1.3166E-09 1.3370E-09 1.3566E-09 1.3754E-09
4.2575E-10 4.4403E-10 4.6247E-10 4.8148E-10 5.0052E-10 5.1417E-10 5.2814E-10 5.4817E-10 5.6279E-10 5.7736E-10 5.9212E-10 6.0662E-10 6.2138E-10 6.3672E-10 6.5182E-10 6.6639E-10 6.8147E-10 6.9705E-10 7.1255E-10 7.2800E-10 7.4357E-10 7.5913E-10 7.7485E-10 7.9110E-10 8.0738E-10 8.2354E-10 8.3985E-10 8.5659E-10 8.7332E-10 8.9003E-10 9.0744E-10 9.2505E-10 9.4266E-10 9.6058E-10 9.7904E-10 9.9755E-10 1.0161E-09 1.0354E-09 1.0549E-09 1.0745E-09 1.0945E-09 1.1151E-09 1.1358E-09 1.1566E-09 1.1783E-09 1.2000E-09 1.2221E-09 1.2447E-09 1.2676E-09 1.2907E-09 1.3140E-09 1.3373E-09 1.3606E-09 1.3837E-09 1.4063E-09 1.4282E-09 1.4491E-09
4.3734E-10 4.5590E-10 4.7503E-10 4.9426E-10 5.0824E-10 5.2818E-10 5.4282E-10 5.5772E-10 5.7260E-10 5.8751E-10 6.0268E-10 6.1817E-10 6.3361E-10 6.4864E-10 6.6394E-10 6.8000E-10 6.9597E-10 7.1155E-10 7.2752E-10 7.4384E-10 7.6016E-10 7.7665E-10 7.9341E-10 8.1013E-10 8.2685E-10 8.4420E-10 8.6181E-10 8.7943E-10 8.9727E-10 9.1566E-10 9.3406E-10 9.5244E-10 9.7152E-10 9.9085E-10 1.0103E-09 1.0300E-09 1.0505E-09 1.0711E-09 1.0919E-09 1.1134E-09 1.1354E-09 1.1574E-09 1.1801E-09 1.2034E-09 1.2269E-09 1.2511E-09 1.2756E-09 1.3005E-09 1.3258E-09 1.3512E-09 1.3769E-09 1.4025E-09 1.4284E-09 1.4540E-09 1.4792E-09 1.5038E-09 1.5273E-09
4.4889E-10 4.6811E-10 4.8749E-10 5.0183E-10 5.2199E-10 5.3681E-10 5.5198E-10 5.6712E-10 5.8265E-10 5.9815E-10 6.1393E-10 6.2968E-10 6.4559E-10 6.6207E-10 6.7846E-10 6.9452E-10 7.1076E-10 7.2765E-10 7.4456E-10 7.6135E-10 7.7850E-10 7.9585E-10 8.1346E-10 8.3124E-10 8.4955E-10 8.6787E-10 8.8611E-10 9.0494E-10 9.2405E-10 9.4323E-10 9.6267E-10 9.8283E-10 1.0031E-09 1.0235E-09 1.0447E-09 1.0662E-09 1.0880E-09 1.1101E-09 1.1330E-09 1.1562E-09 1.1797E-09 1.2042E-09 1.2290E-09 1.2543E-09 1.2803E-09 1.3067E-09 1.3338E-09 1.3613E-09 1.3893E-09 1.4177E-09 1.4462E-09 1.4749E-09 1.5035E-09 1.5317E-09 1.5593E-09 1.5862E-09 1.6123E-09
4.6070E-10 4.8044E-10 4.9488E-10 5.1505E-10 5.3025E-10 5.4556E-10 5.6119E-10 5.7709E-10 5.9297E-10 6.0903E-10 6.2527E-10 6.4190E-10 6.5893E-10 6.7568E-10 6.9230E-10 7.0949E-10 7.2689E-10 7.4413E-10 7.6149E-10 7.7962E-10 7.9784E-10 8.1611E-10 8.3472E-10 8.5358E-10 8.7251E-10 8.9164E-10 9.1146E-10 9.3139E-10 9.5143E-10 9.7210E-10 9.9318E-10 1.0144E-09 1.0360E-09 1.0584E-09 1.0810E-09 1.1039E-09 1.1275E-09 1.1517E-09 1.1762E-09 1.2014E-09 1.2274E-09 1.2537E-09 1.2809E-09 1.3087E-09 1.3372E-09 1.3664E-09 1.3962E-09 1.4266E-09 1.4574E-09 1.4887E-09 1.5204E-09 1.5521E-09 1.5838E-09 1.6151E-09 1.6460E-09 1.6759E-09 1.7045E-09
4.7288E-10 4.9306E-10 5.0759E-10 5.2309E-10 5.3878E-10 5.5480E-10 5.7069E-10 5.8701E-10 6.0361E-10 6.2038E-10 6.3750E-10 6.5459E-10 6.7150E-10 6.8911E-10 7.0721E-10 7.2500E-10 7.4284E-10 7.6129E-10 7.8005E-10 7.9878E-10 8.1756E-10 8.3701E-10 8.5657E-10 8.7625E-10 8.9644E-10 9.1707E-10 9.3783E-10 9.5880E-10 9.8063E-10 1.0026E-09 1.0249E-09 1.0477E-09 1.0712E-09 1.0949E-09 1.1190E-09 1.1441E-09 1.1696E-09 1.1954E-09 1.2223E-09 1.2497E-09 1.2778E-09 1.3068E-09 1.3364E-09 1.3670E-09 1.3983E-09 1.4303E-09 1.4632E-09 1.4966E-09 1.5307E-09 1.5652E-09 1.6001E-09 1.6352E-09 1.6702E-09 1.7049E-09 1.7390E-09 1.7704E-09 1.7924E-09
4.8500E-10 4.9971E-10 5.1539E-10 5.3136E-10 5.4768E-10 5.6381E-10 5.8054E-10 5.9748E-10 6.1466E-10 6.3210E-10 6.4917E-10 6.6707E-10 6.8545E-10 7.0382E-10 7.2237E-10 7.4097E-10 7.6018E-10 7.7929E-10 7.9853E-10 8.1820E-10 8.3832E-10 8.5858E-10 8.7901E-10 9.0024E-10 9.2166E-10 9.4325E-10 9.6541E-10 9.8814E-10 1.0111E-09 1.0343E-09 1.0585E-09 1.0830E-09 1.1079E-09 1.1334E-09 1.1598E-09 1.1865E-09 1.2138E-09 1.2423E-09 1.2712E-09 1.3010E-09 1.3318E-09 1.3633E-09 1.3959E-09 1.4293E-09 1.4636E-09 1.4989E-09 1.5350E-09 1.5719E-09 1.6094E-09 1.6476E-09 1.6860E-09 1.7247E-09 1.7634E-09 1.8017E-09 1.8332E-09 1.8595E-09 1.8840E-09
4.9135E-10 5.0733E-10 5.2347E-10 5.3979E-10 5.5635E-10 5.7346E-10 5.9073E-10 6.0817E-10 6.2554E-10 6.4352E-10 6.6190E-10 6.8060E-10 6.9941E-10 7.1833E-10 7.3769E-10 7.5744E-10 7.7737E-10 7.9728E-10 8.1783E-10 8.3861E-10 8.5956E-10 8.8099E-10 9.0299E-10 9.2520E-10 9.4762E-10 9.7095E-10 9.9458E-10 1.0185E-09 1.0430E-09 1.0682E-09 1.0938E-09 1.1197E-09 1.1468E-09 1.1744E-09 1.2023E-09 1.2313E-09 1.2612E-09 1.2917E-09 1.3233E-09 1.3557E-09 1.3892E-09 1.4238E-09 1.4594E-09 1.4960E-09 1.5337E-09 1.5724E-09 1.6121E-09 1.6526E-09 1.6940E-09 1.7360E-09 1.7785E-09 1.8212E-09 1.8635E-09 1.8952E-09 1.9257E-09 1.9540E-09 1.9740E-09
4.9871E-10 5.1503E-10 5.3146E-10 5.4835E-10 5.6581E-10 5.8320E-10 6.0079E-10 6.1858E-10 6.3710E-10 6.5592E-10 6.7485E-10 6.9401E-10 7.1343E-10 7.3343E-10 7.5368E-10 7.7388E-10 7.9447E-10 8.1556E-10 8.3692E-10 8.5851E-10 8.8086E-10 9.0355E-10 9.2650E-10 9.4995E-10 9.7412E-10 9.9860E-10 1.0234E-09 1.0491E-09 1.0754E-09 1.1020E-09 1.1292E-09 1.1575E-09 1.1862E-09 1.2155E-09 1.2461E-09 1.2772E-09 1.3094E-09 1.3427E-09 1.3769E-09 1.4123E-09 1.4488E-09 1.4865E-09 1.5255E-09 1.5657E-09 1.6070E-09 1.6495E-09 1.6931E-09 1.7377E-09 1.7833E-09 1.8296E-09 1.8764E-09 1.9186E-09 1.9546E-09 1.9897E-09 2.0195E-09 2.0440E-09 2.0668E-09
5.0589E-10 5.2272E-10 5.3983E-10 5.5742E-10 5.7499E-10 5.9274E-10 6.1102E-10 6.2999E-10 6.4891E-10 6.6816E-10 6.8777E-10 7.0774E-10 7.2820E-10 7.4861E-10 7.6923E-10 7.9054E-10 8.1223E-10 8.3418E-10 8.5658E-10 8.7960E-10 9.0297E-10 9.2662E-10 9.5111E-10 9.7607E-10 1.0014E-09 1.0272E-09 1.0540E-09 1.0812E-09 1.1088E-09 1.1375E-09 1.1668E-09 1.1967E-09 1.2276E-09 1.2596E-09 1.2923E-09 1.3262E-09 1.3611E-09 1.3972E-09 1.4346E-09 1.4731E-09 1.5130E-09 1.5541E-09 1.5966E-09 1.6405E-09 1.6857E-09 1.7323E-09 1.7800E-09 1.8289E-09 1.8790E-09 1.9299E-09 1.9719E-09 2.0123E-09 2.0522E-09 2.0832E-09 2.1127E-09 2.1404E-09 2.1592E-09
5.1334E-10 5.3086E-10 5.4844E-10 5.6609E-10 5.8413E-10 6.0298E-10 6.2198E-10 6.4112E-10 6.6066E-10 6.8071E-10 7.0113E-10 7.2167E-10 7.4248E-10 7.6386E-10 7.8612E-10 8.0867E-10 8.3121E-10 8.5448E-10 8.7824E-10 9.0235E-10 9.2693E-10 9.5229E-10 9.7808E-10 1.0043E-09 1.0313E-09 1.0591E-09 1.0872E-09 1.1162E-09 1.1463E-09 1.1770E-09 1.2083E-09 1.2409E-09 1.2741E-09 1.3083E-09 1.3437E-09 1.3802E-09 1.4180E-09 1.4571E-09 1.4976E-09 1.5396E-09 1.5830E-09 1.6279E-09 1.6744E-09 1.7224E-09 1.7720E-09 1.8230E-09 1.8756E-09 1.9294E-09 1.9811E-09 2.0258E-09 2.0703E-09 2.1114E-09 2.1465E-09 2.1810E-09 2.2114E-09 2.2344E-09 2.2549E-09
5.2124E-10 5.3887E-10 5.5664E-10 5.7498E-10 5.9410E-10 6.1317E-10 6.3256E-10 6.5261E-10 6.7281E-10 6.9341E-10 7.1424E-10 7.3554E-10 7.5774E-10 7.8041E-10 8.0314E-10 8.2632E-10 8.5030E-10 8.7468E-10 8.9938E-10 9.2489E-10 9.5103E-10 9.7760E-10 1.0047E-09 1.0328E-09 1.0617E-09 1.0911E-09 1.1214E-09 1.1525E-09 1.1841E-09 1.2166E-09 1.2503E-09 1.2848E-09 1.3205E-09 1.3574E-09 1.3955E-09 1.4350E-09 1.4759E-09 1.5183E-09 1.5623E-09 1.6080E-09 1.6553E-09 1.7043E-09 1.7550E-09 1.8074E-09 1.8616E-09 1.9174E-09 1.9750E-09 2.0262E-09 2.0752E-09 2.1245E-09 2.1669E-09 2.2073E-09 2.2469E-09 2.2790E-09 2.3069E-09 2.3327E-09 2.3508E-09
5.2874E-10 5.4672E-10 5.6538E-10 5.8450E-10 6.0364E-10 6.2335E-10 6.4360E-10 6.6407E-10 6.8480E-10 7.0594E-10 7.2789E-10 7.5057E-10 7.7336E-10 7.9653E-10 8.2038E-10 8.4487E-10 8.6979E-10 8.9519E-10 9.2156E-10 9.4840E-10 9.7572E-10 1.0042E-09 1.0335E-09 1.0632E-09 1.0933E-09 1.1246E-09 1.1566E-09 1.1892E-09 1.2232E-09 1.2580E-09 1.2941E-09 1.3314E-09 1.3699E-09 1.4098E-09 1.4511E-09 1.4939E-09 1.5382E-09 1.5842E-09 1.6319E-09 1.6814E-09 1.7327E-09 1.7861E-09 1.8415E-09 1.8988E-09 1.9580E-09 2.0174E-09 2.0698E-09 2.1227E-09 2.1743E-09 2.2197E-09 2.2649E-09 2.3079E-09 2.3432E-09 2.3768E-09 2.4081E-09 2.4292E-09 2.4475E-09
5.3623E-10 5.5513E-10 5.7432E-10 5.9348E-10 6.1352E-10 6.3381E-10 6.5441E-10 6.7534E-10 6.9701E-10 7.1939E-10 7.4217E-10 7.6528E-10 7.8884E-10 8.1331E-10 8.3826E-10 8.6368E-10 8.8986E-10 9.1682E-10 9.4455E-10 9.7293E-10 1.0024E-09 1.0322E-09 1.0626E-09 1.0938E-09 1.1261E-09 1.1591E-09 1.1932E-09 1.2286E-09 1.2648E-09 1.3022E-09 1.3408E-09 1.3809E-09 1.4224E-09 1.4653E-09 1.5098E-09 1.5560E-09 1.6040E-09 1.6539E-09 1.7056E-09 1.7594E-09 1.8152E-09 1.8732E-09 1.9334E-09 1.9959E-09 2.0546E-09 2.1107E-09 2.1678E-09 2.2202E-09 2.2703E-09 2.3203E-09 2.3650E-09 2.4055E-09 2.4447E-09 2.4779E-09 2.5044E-09 2.5283E-09 2.5463E-09
5.4420E-10 5.6339E-10 5.8265E-10 6.0295E-10 6.2332E-10 6.4396E-10 6.6515E-10 6.8716E-10 7.0983E-10 7.3275E-10 7.5616E-10 7.8025E-10 8.0509E-10 8.3045E-10 8.5634E-10 8.8324E-10 9.1110E-10 9.3956E-10 9.6873E-10 9.9862E-10 1.0291E-09 1.0603E-09 1.0928E-09 1.1263E-09 1.1605E-09 1.1959E-09 1.2322E-09 1.2698E-09 1.3086E-09 1.3486E-09 1.3901E-09 1.4330E-09 1.4773E-09 1.5236E-09 1.5716E-09 1.6214E-09 1.6732E-09 1.7271E-09 1.7832E-09 1.8415E-09 1.9022E-09 1.9652E-09 2.0304E-09 2.0889E-09 2.1487E-09 2.2089E-09 2.2632E-09 2.3180E-09 2.3727E-09 2.4192E-09 2.4648E-09 2.5098E-09 2.5450E-09 2.5774E-09 2.6074E-09 2.6279E-09 2.6435E-09
5.5186E-10 5.7132E-10 5.9163E-10 6.1203E-10 6.3275E-10 6.5428E-10 6.7655E-10 6.9923E-10 7.2237E-10 7.4603E-10 7.7057E-10 7.9573E-10 8.2146E-10 8.4793E-10 8.7568E-10 9.0410E-10 9.3295E-10 9.6273E-10 9.9327E-10 1.0245E-09 1.0569E-09 1.0905E-09 1.1249E-09 1.1600E-09 1.1967E-09 1.2343E-09 1.2730E-09 1.3129E-09 1.3542E-09 1.3972E-09 1.4416E-09 1.4876E-09 1.5355E-09 1.5850E-09 1.6367E-09 1.6904E-09 1.7464E-09 1.8045E-09 1.8651E-09 1.9283E-09 1.9940E-09 2.0585E-09 2.1203E-09 2.1836E-09 2.2446E-09 2.3030E-09 2.3624E-09 2.4184E-09 2.4698E-09 2.5210E-09 2.5686E-09 2.6091E-09 2.6476E-09 2.6819E-09 2.7065E-09 2.7285E-09 2.7454E-09
5.5939E-10 5.7972E-10 6.0006E-10 6.2081E-10 6.4259E-10 6.6502E-10 6.8774E-10 7.1103E-10 7.3500E-10 7.5981E-10 7.8524E-10 8.1128E-10 8.3859E-10 8.6682E-10 8.9553E-10 9.2485E-10 9.5524E-10 9.8639E-10 1.0186E-09 1.0521E-09 1.0863E-09 1.1216E-09 1.1580E-09 1.1956E-09 1.2340E-09 1.2740E-09 1.3153E-09 1.3581E-09 1.4022E-09 1.4481E-09 1.4957E-09 1.5451E-09 1.5963E-09 1.6497E-09 1.7052E-09 1.7629E-09 1.8230E-09 1.8858E-09 1.9512E-09 2.0193E-09 2.0834E-09 2.1484E-09 2.2152E-09 2.2770E-09 2.3396E-09 2.4032E-09 2.4607E-09 2.5171E-09 2.5738E-09 2.6231E-09 2.6694E-09 2.7141E-09 2.7508E-09 2.7818E-09 2.8104E-09 2.8306E-09 2.8429E-09
5.6722E-10 5.8745E-10 6.0833E-10 6.3019E-10 6.5258E-10 6.7538E-10 6.9878E-10 7.2302E-10 7.4801E-10 7.7364E-10 8.0016E-10 8.2804E-10 8.5653E-10 8.8542E-10 9.1537E-10 9.4628E-10 9.7837E-10 1.0113E-09 1.0455E-09 1.0806E-09 1.1167E-09 1.1539E-09 1.1923E-09 1.2321E-09 1.2732E-09 1.3156E-09 1.3596E-09 1.4052E-09 1.4524E-09 1.5013E-09 1.5519E-09 1.6049E-09 1.6598E-09 1.7171E-09 1.7767E-09 1.8388E-09 1.9036E-09 1.9710E-09 2.0393E-09 2.1053E-09 2.1731E-09 2.2407E-09 2.3059E-09 2.3726E-09 2.4381E-09 2.4993E-09 2.5608E-09 2.6209E-09 2.6740E-09 2.7261E-09 2.7761E-09 2.8161E-09 2.8538E-09 2.8888E-09 2.9120E-09 2.9311E-09 2.9460E-09
5.7423E-10 5.9517E-10 6.1710E-10 6.3937E-10 6.6219E-10 6.8568E-10 7.1008E-10 7.3517E-10 7.6095E-10 7.8811E-10 8.1621E-10 8.4472E-10 8.7399E-10 9.0443E-10 9.3616E-10 9.6870E-10 1.0024E-09 1.0373E-09 1.0730E-09 1.1097E-09 1.1480E-09 1.1874E-09 1.2280E-09 1.2702E-09 1.3138E-09 1.3590E-09 1.4055E-09 1.4540E-09 1.5043E-09 1.5566E-09 1.6110E-09 1.6673E-09 1.7262E-09 1.7875E-09 1.8514E-09 1.9180E-09 1.9875E-09 2.0555E-09 2.1240E-09 2.1947E-09 2.2628E-09 2.3316E-09 2.4020E-09 2.4687E-09 2.5343E-09 2.6007E-09 2.6623E-09 2.7209E-09 2.7787E-09 2.8309E-09 2.8772E-09 2.9215E-09 2.9595E-09 2.9895E-09 3.0160E-09 3.0355E-09 3.0441E-09
5.8139E-10 6.0330E-10 6.2543E-10 6.4820E-10 6.7180E-10 6.9620E-10 7.2134E-10 7.4736E-10 7.7486E-10 8.0298E-10 8.3163E-10 8.6132E-10 8.9238E-10 9.2446E-10 9.5736E-10 9.9183E-10 1.0272E-09 1.0634E-09 1.1012E-09 1.1401E-09 1.1803E-09 1.2221E-09 1.2651E-09 1.3095E-09 1.3558E-09 1.4037E-09 1.4534E-09 1.5049E-09 1.5585E-09 1.6142E-09 1.6721E-09 1.7325E-09 1.7951E-09 1.8605E-09 1.9288E-09 1.9992E-09 2.0679E-09 2.1388E-09 2.2111E-09 2.2813E-09 2.3536E-09 2.4264E-09 2.4954E-09 2.5653E-09 2.6359E-09 2.6997E-09 2.7636E-09 2.8271E-09 2.8816E-09 2.9342E-09 2.9852E-09 3.0261E-09 3.0629E-09 3.0967E-09 3.1195E-09 3.1355E-09 3.1469E-09
