Assets/Resources/2015_m01_d02_0200(utc+0800)_l00_csi_1hr_conc.grd
DSAA
         159         159
     -79.000      79.000
     -79.000      79.000
  0.0000E+00  0.5463E-05
[rows 125 to 149 of 159, columns 57 to 113 of 159]
0.0000E+00 0.0000E+00 0.0000E+00 0.0000E+00 0.0000E+00 0.0000E+00 0.0000E+00 0.0000E+00 0.0000E+00 0.0000E+00 0.0000E+00 0.0000E+00 0.0000E+00 0.0000E+00 5.0106E-12 1.9434E-11 3.7502E-11 5.3575E-11 7.1126E-11 8.9436E-11 1.0826E-10 1.2833E-10 1.5103E-10 1.9730E-10 2.5272E-10 3.3578E-10 4.2329E-10 5.4392E-10 6.8692E-10 8.9046E-10 1.0978E-09 1.3910E-09 1.9300E-09 2.6857E-09 3.5583E-09 4.6095E-09 5.8493E-09 7.2763E-09 8.9605E-09 1.0915E-08 1.3140E-08 1.5625E-08 1.8376E-08 2.1359E-08 2.4529E-08 2.7834E-08 3.1207E-08 3.4580E-08 3.7873E-08 4.1006E-08 4.3903E-08 4.6500E-08 4.8742E-08 5.0578E-08 5.1966E-08 5.2896E-08 5.3367E-08
0.0000E+00 0.0000E+00 0.0000E+00 0.0000E+00 0.0000E+00 0.0000E+00 0.0000E+00 0.0000E+00 0.0000E+00 0.0000E+00 0.0000E+00 0.0000E+00 0.0000E+00 0.0000E+00 2.8816E-12 1.4989E-11 3.3362E-11 4.9408E-11 6.6363E-11 8.4636E-11 1.0296E-10 1.2246E-10 1.4412E-10 1.8767E-10 2.3990E-10 3.0209E-10 4.0077E-10 5.0681E-10 6.4552E-10 8.1181E-10 1.0282E-09 1.2599E-09 1.6153E-09 2.2576E-09 3.0861E-09 3.9836E-09 5.0536E-09 6.2601E-09 7.6856E-09 9.3427E-09 1.1228E-08 1.3344E-08 1.5685E-08 1.8231E-08 2.0949E-08 2.3800E-08 2.6726E-08 2.9668E-08 3.2562E-08 3.5334E-08 3.7925E-08 4.0268E-08 4.2326E-08 4.4039E-08 4.5387E-08 4.6344E-08 4.6910E-08
0.0000E+00 0.0000E+00 0.0000E+00 0.0000E+00 0.0000E+00 0.0000E+00 0.0000E+00 0.0000E+00 0.0000E+00 0.0000E+00 0.0000E+00 0.0000E+00 0.0000E+00 0.0000E+00 1.3857E-12 1.0662E-11 2.7867E-11 4.5016E-11 6.1289E-11 7.9520E-11 9.7374E-11 1.1641E-10 1.3700E-10 1.6060E-10 2.0906E-10 2.8517E-10 3.5430E-10 4.6971E-10 5.8310E-10 7.5875E-10 9.3777E-10 1.1762E-09 1.4359E-09 1.8498E-09 2.5690E-09 3.4361E-09 4.3495E-09 5.3862E-09 6.5811E-09 7.9737E-09 9.5750E-09 1.1362E-08 1.3341E-08 1.5505E-08 1.7822E-08 2.0264E-08 2.2783E-08 2.5331E-08 2.7852E-08 3.0287E-08 3.2580E-08 3.4680E-08 3.6548E-08 3.8132E-08 3.9418E-08 4.0374E-08 4.1000E-08
0.0000E+00 0.0000E+00 0.0000E+00 0.0000E+00 0.0000E+00 0.0000E+00 0.0000E+00 0.0000E+00 0.0000E+00 0.0000E+00 0.0000E+00 0.0000E+00 0.0000E+00 0.0000E+00 1.6062E-13 6.0376E-12 2.2256E-11 4.0199E-11 5.6136E-11 7.3907E-11 9.1614E-11 1.0999E-10 1.2972E-10 1.5207E-10 1.9723E-10 2.5126E-10 3.3270E-10 4.1820E-10 5.3651E-10 6.8194E-10 8.6884E-10 1.0698E-09 1.3244E-09 1.6122E-09 2.0823E-09 2.8490E-09 3.7444E-09 4.6228E-09 5.6311E-09 6.7959E-09 8.1428E-09 9.6551E-09 1.1329E-08 1.3156E-08 1.5121E-08 1.7196E-08 1.9355E-08 2.1547E-08 2.3730E-08 2.5855E-08 2.7871E-08 2.9737E-08 3.1414E-08 3.2871E-08 3.4080E-08 3.5016E-08 3.5678E-08
0.0000E+00 0.0000E+00 0.0000E+00 0.0000E+00 0.0000E+00 0.0000E+00 0.0000E+00 0.0000E+00 0.0000E+00 0.0000E+00 0.0000E+00 0.0000E+00 0.0000E+00 0.0000E+00 0.0000E+00 3.2107E-12 1.6310E-11 3.5007E-11 5.1031E-11 6.7889E-11 8.5591E-11 1.0345E-10 1.2236E-10 1.4344E-10 1.6750E-10 2.3551E-10 2.9516E-10 3.9065E-10 4.9279E-10 6.0186E-10 7.8268E-10 9.6163E-10 1.2066E-09 1.4632E-09 1.7822E-09 2.2928E-09 3.0906E-09 3.9200E-09 4.8013E-09 5.7757E-09 6.9023E-09 8.1789E-09 9.5926E-09 1.1128E-08 1.2786E-08 1.4548E-08 1.6387E-08 1.8266E-08 2.0148E-08 2.1993E-08 2.3758E-08 2.5407E-08 2.6909E-08 2.8236E-08 2.9362E-08 3.0266E-08 3.0945E-08
0.0000E+00 0.0000E+00 0.0000E+00 0.0000E+00 0.0000E+00 0.0000E+00 0.0000E+00 0.0000E+00 0.0000E+00 0.0000E+00 0.0000E+00 0.0000E+00 0.0000E+00 0.0000E+00 0.0000E+00 1.1691E-12 1.0508E-11 2.8286E-11 4.5391E-11 6.1576E-11 7.9334E-11 9.6628E-11 1.1497E-10 1.3477E-10 1.5738E-10 2.0306E-10 2.7504E-10 3.4026E-10 4.5040E-10 5.5697E-10 6.9440E-10 8.8646E-10 1.0836E-09 1.3415E-09 1.6000E-09 1.9358E-09 2.4645E-09 3.2045E-09 4.0239E-09 4.9049E-09 5.8405E-09 6.9101E-09 8.1070E-09 9.4077E-09 1.0807E-08 1.2298E-08 1.3859E-08 1.5469E-08 1.7084E-08 1.8682E-08 2.0222E-08 2.1676E-08 2.3015E-08 2.4217E-08 2.5257E-08 2.6121E-08 2.6797E-08
0.0000E+00 0.0000E+00 0.0000E+00 0.0000E+00 0.0000E+00 0.0000E+00 0.0000E+00 0.0000E+00 0.0000E+00 0.0000E+00 0.0000E+00 0.0000E+00 0.0000E+00 0.0000E+00 0.0000E+00 0.0000E+00 5.1545E-12 2.1027E-11 3.9400E-11 5.5244E-11 7.2680E-11 8.9714E-11 1.0732E-10 1.2614E-10 1.4730E-10 1.7135E-10 2.3941E-10 2.9890E-10 3.9494E-10 5.0496E-10 6.0800E-10 7.8809E-10 9.7106E-10 1.2005E-09 1.4503E-09 1.7244E-09 2.0707E-09 2.5996E-09 3.2837E-09 4.0825E-09 4.9223E-09 5.8405E-09 6.8420E-09 7.9550E-09 9.1374E-09 1.0397E-08 1.1724E-08 1.3095E-08 1.4484E-08 1.5863E-08 1.7203E-08 1.8480E-08 1.9670E-08 2.0754E-08 2.1706E-08 2.2515E-08 2.3176E-08
0.0000E+00 0.0000E+00 0.0000E+00 0.0000E+00 0.0000E+00 0.0000E+00 0.0000E+00 0.0000E+00 0.0000E+00 0.0000E+00 0.0000E+00 0.0000E+00 0.0000E+00 0.0000E+00 0.0000E+00 0.0000E+00 1.8410E-12 1.3952E-11 3.3098E-11 4.9083E-11 6.5503E-11 8.2735E-11 9.9695E-11 1.1761E-10 1.3734E-10 1.5976E-10 2.0482E-10 2.7613E-10 3.4037E-10 4.5007E-10 5.5592E-10 6.7130E-10 8.5684E-10 1.0729E-09 1.3146E-09 1.5522E-09 1.8277E-09 2.1762E-09 2.6734E-09 3.2990E-09 4.0792E-09 4.9035E-09 5.7672E-09 6.7195E-09 7.7456E-09 8.8204E-09 9.9473E-09 1.1119E-08 1.2312E-08 1.3502E-08 1.4668E-08 1.5784E-08 1.6836E-08 1.7805E-08 1.8682E-08 1.9444E-08 2.0085E-08
0.0000E+00 0.0000E+00 0.0000E+00 0.0000E+00 0.0000E+00 0.0000E+00 0.0000E+00 0.0000E+00 0.0000E+00 0.0000E+00 0.0000E+00 0.0000E+00 0.0000E+00 0.0000E+00 0.0000E+00 0.0000E+00 3.7553E-14 6.5983E-12 2.4165E-11 4.2296E-11 5.8008E-11 7.5294E-11 9.1855E-11 1.0913E-10 1.2756E-10 1.4838E-10 1.7194E-10 2.3829E-10 2.9617E-10 3.9041E-10 4.9919E-10 6.0698E-10 7.5150E-10 9.4649E-10 1.1702E-09 1.3999E-09 1.6383E-09 1.9187E-09 2.2614E-09 2.7209E-09 3.3058E-09 4.0436E-09 4.8276E-09 5.6698E-09 6.5388E-09 7.4759E-09 8.4478E-09 9.4496E-09 1.0475E-08 1.1505E-08 1.2521E-08 1.3506E-08 1.4444E-08 1.5318E-08 1.6109E-08 1.6805E-08 1.7407E-08
0.0000E+00 0.0000E+00 0.0000E+00 0.0000E+00 0.0000E+00 0.0000E+00 0.0000E+00 0.0000E+00 0.0000E+00 0.0000E+00 0.0000E+00 0.0000E+00 0.0000E+00 0.0000E+00 0.0000E+00 0.0000E+00 0.0000E+00 2.3456E-12 1.5693E-11 3.4996E-11 5.0964E-11 6.7444E-11 8.3966E-11 1.0054E-10 1.1801E-10 1.3728E-10 1.5908E-10 1.8363E-10 2.5405E-10 3.3304E-10 4.3968E-10 5.4217E-10 6.5315E-10 8.2840E-10 1.0309E-09 1.2600E-09 1.4740E-09 1.7153E-09 2.0028E-09 2.3270E-09 2.7507E-09 3.2749E-09 3.9815E-09 4.7203E-09 5.5123E-09 6.3082E-09 7.1614E-09 8.0450E-09 8.9361E-09 9.8265E-09 1.0710E-08 1.1573E-08 1.2401E-08 1.3187E-08 1.3913E-08 1.4568E-08 1.5141E-08
0.0000E+00 0.0000E+00 0.0000E+00 0.0000E+00 0.0000E+00 0.0000E+00 0.0000E+00 0.0000E+00 0.0000E+00 0.0000E+00 0.0000E+00 0.0000E+00 0.0000E+00 0.0000E+00 0.0000E+00 0.0000E+00 0.0000E+00 0.0000E+00 7.1431E-12 2.5429E-11 4.3344E-11 5.9123E-11 7.5934E-11 9.2005E-11 1.0874E-10 1.2652E-10 1.4661E-10 1.6924E-10 2.1467E-10 2.8719E-10 3.7740E-10 4.8281E-10 5.8314E-10 6.9856E-10 8.7592E-10 1.0872E-09 1.3214E-09 1.5330E-09 1.7800E-09 2.0579E-09 2.3715E-09 2.7668E-09 3.2489E-09 3.8890E-09 4.5725E-09 5.3124E-09 6.0283E-09 6.8388E-09 7.6287E-09 8.4196E-09 9.1993E-09 9.9518E-09 1.0680E-08 1.1372E-08 1.2011E-08 1.2601E-08 1.3137E-08
0.0000E+00 0.0000E+00 0.0000E+00 0.0000E+00 0.0000E+00 0.0000E+00 0.0000E+00 0.0000E+00 0.0000E+00 0.0000E+00 0.0000E+00 0.0000E+00 0.0000E+00 0.0000E+00 0.0000E+00 0.0000E+00 0.0000E+00 0.0000E+00 2.0002E-12 1.5591E-11 3.5185E-11 5.1152E-11 6.7493E-11 8.3387E-11 9.9355E-11 1.1616E-10 1.3461E-10 1.5538E-10 1.7867E-10 2.4446E-10 3.1882E-10 4.1998E-10 5.1578E-10 6.1994E-10 7.3573E-10 9.4702E-10 1.1594E-09 1.3705E-09 1.5835E-09 1.8297E-09 2.1004E-09 2.4082E-09 2.7851E-09 3.2190E-09 3.7964E-09 4.4256E-09 5.0812E-09 5.7585E-09 6.4480E-09 7.1428E-09 7.8277E-09 8.5027E-09 9.1569E-09 9.8046E-09 1.0394E-08 1.0938E-08 1.1433E-08
0.0000E+00 0.0000E+00 0.0000E+00 0.0000E+00 0.0000E+00 0.0000E+00 0.0000E+00 0.0000E+00 0.0000E+00 0.0000E+00 0.0000E+00 0.0000E+00 0.0000E+00 0.0000E+00 0.0000E+00 0.0000E+00 0.0000E+00 0.0000E+00 0.0000E+00 6.0149E-12 2.4381E-11 4.2653E-11 5.8326E-11 7.4680E-11 9.0198E-11 1.0619E-10 1.2311E-10 1.4211E-10 1.6341E-10 1.8718E-10 2.5518E-10 3.3216E-10 4.3835E-10 5.4051E-10 6.5111E-10 7.7087E-10 9.8664E-10 1.2196E-09 1.4097E-09 1.6247E-09 1.8681E-09 2.1394E-09 2.4426E-09 2.8018E-09 3.2137E-09 3.7148E-09 4.2954E-09 4.8899E-09 5.4763E-09 6.0908E-09 6.6946E-09 7.2923E-09 7.8785E-09 8.4628E-09 9.0112E-09 9.5178E-09 9.9826E-09
0.0000E+00 0.0000E+00 0.0000E+00 0.0000E+00 0.0000E+00 0.0000E+00 0.0000E+00 0.0000E+00 0.0000E+00 0.0000E+00 0.0000E+00 0.0000E+00 0.0000E+00 0.0000E+00 0.0000E+00 0.0000E+00 0.0000E+00 0.0000E+00 0.0000E+00 1.0012E-12 1.2807E-11 3.3226E-11 4.9648E-11 6.5577E-11 8.1011E-11 9.6205E-11 1.1216E-10 1.2947E-10 1.4888E-10 1.7054E-10 1.9460E-10 2.8241E-10 3.6921E-10 4.7252E-10 5.6969E-10 6.8020E-10 8.0186E-10 1.0182E-09 1.2517E-09 1.4416E-09 1.6561E-09 1.9037E-09 2.1766E-09 2.4787E-09 2.8194E-09 3.2107E-09 3.6575E-09 4.1886E-09 4.7042E-09 5.2311E-09 5.7632E-09 6.3145E-09 6.8561E-09 7.3827E-09 7.8761E-09 8.3315E-09 8.7550E-09
0.0000E+00 0.0000E+00 0.0000E+00 0.0000E+00 0.0000E+00 0.0000E+00 0.0000E+00 0.0000E+00 0.0000E+00 0.0000E+00 0.0000E+00 0.0000E+00 0.0000E+00 0.0000E+00 0.0000E+00 0.0000E+00 0.0000E+00 0.0000E+00 0.0000E+00 0.0000E+00 3.6436E-12 2.0500E-11 4.0136E-11 5.5655E-11 7.1553E-11 8.6515E-11 1.0160E-10 1.1750E-10 1.3512E-10 1.5478E-10 1.7662E-10 2.0077E-10 2.9007E-10 4.0406E-10 4.9598E-10 5.9294E-10 7.0060E-10 8.2499E-10 1.0616E-09 1.2755E-09 1.4684E-09 1.6835E-09 1.9273E-09 2.1980E-09 2.4976E-09 2.8253E-09 3.1906E-09 3.5858E-09 4.0481E-09 4.5115E-09 4.9644E-09 5.4622E-09 5.9549E-09 6.4346E-09 6.8817E-09 7.3122E-09 7.7029E-09
0.0000E+00 0.0000E+00 0.0000E+00 0.0000E+00 0.0000E+00 0.0000E+00 0.0000E+00 0.0000E+00 0.0000E+00 0.0000E+00 0.0000E+00 0.0000E+00 0.0000E+00 0.0000E+00 0.0000E+00 0.0000E+00 0.0000E+00 0.0000E+00 0.0000E+00 0.0000E+00 0.0000E+00 7.9085E-12 2.8324E-11 4.6354E-11 6.1562E-11 7.6816E-11 9.1257E-11 1.0624E-10 1.2217E-10 1.3994E-10 1.5969E-10 1.8152E-10 2.0555E-10 3.1303E-10 4.1456E-10 5.0778E-10 6.0626E-10 7.1993E-10 8.4808E-10 1.0617E-09 1.2951E-09 1.4887E-09 1.7050E-09 1.9481E-09 2.2167E-09 2.5115E-09 2.8288E-09 3.1669E-09 3.5321E-09 3.9285E-09 4.3283E-09 4.7630E-09 5.1993E-09 5.6163E-09 6.0291E-09 6.4218E-09 6.7910E-09
0.0000E+00 0.0000E+00 0.0000E+00 0.0000E+00 0.0000E+00 0.0000E+00 0.0000E+00 0.0000E+00 0.0000E+00 0.0000E+00 0.0000E+00 0.0000E+00 0.0000E+00 0.0000E+00 0.0000E+00 0.0000E+00 0.0000E+00 0.0000E+00 0.0000E+00 0.0000E+00 0.0000E+00 7.3800E-13 1.3602E-11 3.4852E-11 5.1248E-11 6.6523E-11 8.1106E-11 9.5230E-11 1.1003E-10 1.2604E-10 1.4383E-10 1.6350E-10 1.8514E-10 2.0885E-10 3.1632E-10 4.2841E-10 5.2383E-10 6.2087E-10 7.3436E-10 8.6148E-10 1.0556E-09 1.3099E-09 1.5031E-09 1.7200E-09 1.9610E-09 2.2249E-09 2.5098E-09 2.8132E-09 3.1327E-09 3.4655E-09 3.8083E-09 4.1882E-09 4.5442E-09 4.9209E-09 5.2854E-09 5.6394E-09 5.9791E-09
0.0000E+00 0.0000E+00 0.0000E+00 0.0000E+00 0.0000E+00 0.0000E+00 0.0000E+00 0.0000E+00 0.0000E+00 0.0000E+00 0.0000E+00 0.0000E+00 0.0000E+00 0.0000E+00 0.0000E+00 0.0000E+00 0.0000E+00 0.0000E+00 0.0000E+00 0.0000E+00 0.0000E+00 0.0000E+00 2.5672E-12 1.9949E-11 4.0363E-11 5.5799E-11 7.0729E-11 8.4718E-11 9.8589E-11 1.1309E-10 1.2905E-10 1.4670E-10 1.6613E-10 1.8740E-10 2.1058E-10 3.3551E-10 4.4217E-10 5.3210E-10 6.3292E-10 7.4508E-10 8.9857E-10 1.0653E-09 1.3205E-09 1.5133E-09 1.7290E-09 1.9642E-09 2.2194E-09 2.4910E-09 2.7776E-09 3.0773E-09 3.3870E-09 3.7037E-09 4.0244E-09 4.3456E-09 4.6644E-09 4.9762E-09 5.2811E-09
0.0000E+00 0.0000E+00 0.0000E+00 0.0000E+00 0.0000E+00 0.0000E+00 0.0000E+00 0.0000E+00 0.0000E+00 0.0000E+00 0.0000E+00 0.0000E+00 0.0000E+00 0.0000E+00 0.0000E+00 0.0000E+00 0.0000E+00 0.0000E+00 0.0000E+00 0.0000E+00 0.0000E+00 0.0000E+00 0.0000E+00 5.3043E-12 2.5607E-11 4.4951E-11 5.9649E-11 7.4036E-11 8.7397E-11 1.0108E-10 1.1535E-10 1.3113E-10 1.4849E-10 1.6751E-10 1.8824E-10 2.1072E-10 3.3593E-10 4.4594E-10 5.3722E-10 6.3973E-10 7.5122E-10 9.0669E-10 1.0961E-09 1.3267E-09 1.5184E-09 1.7286E-09 1.9564E-09 2.1987E-09 2.4551E-09 2.7240E-09 3.0029E-09 3.2892E-09 3.5801E-09 3.8725E-09 4.1639E-09 4.4502E-09 4.7292E-09
0.0000E+00 0.0000E+00 0.0000E+00 0.0000E+00 0.0000E+00 0.0000E+00 0.0000E+00 0.0000E+00 0.0000E+00 0.0000E+00 0.0000E+00 0.0000E+00 0.0000E+00 0.0000E+00 0.0000E+00 0.0000E+00 0.0000E+00 0.0000E+00 0.0000E+00 0.0000E+00 0.0000E+00 0.0000E+00 0.0000E+00 0.0000E+00 7.8358E-12 2.9875E-11 4.8183E-11 6.2602E-11 7.6644E-11 8.9386E-11 1.0271E-10 1.1676E-10 1.3223E-10 1.4917E-10 1.6763E-10 1.8766E-10 2.0927E-10 3.3613E-10 4.4637E-10 5.4069E-10 6.4260E-10 7.5529E-10 9.2903E-10 1.1222E-09 1.3293E-09 1.5162E-09 1.7185E-09 1.9345E-09 2.1634E-09 2.4040E-09 2.6544E-09 2.9123E-09 3.1754E-09 3.4409E-09 3.7063E-09 3.9684E-09 4.2251E-09
0.0000E+00 0.0000E+00 0.0000E+00 0.0000E+00 0.0000E+00 0.0000E+00 0.0000E+00 0.0000E+00 0.0000E+00 0.0000E+00 0.0000E+00 0.0000E+00 0.0000E+00 0.0000E+00 0.0000E+00 0.0000E+00 0.0000E+00 0.0000E+00 0.0000E+00 0.0000E+00 0.0000E+00 0.0000E+00 0.0000E+00 0.0000E+00 0.0000E+00 1.0065E-11 3.3317E-11 5.1042E-11 6.5046E-11 7.8364E-11 9.0691E-11 1.0358E-10 1.1730E-10 1.3233E-10 1.4871E-10 1.6648E-10 1.8566E-10 2.2782E-10 2.8371E-10 4.4029E-10 5.4201E-10 6.4023E-10 7.5069E-10 9.3182E-10 1.1218E-09 1.3248E-09 1.5048E-09 1.6964E-09 1.9005E-09 2.1152E-09 2.3393E-09 2.5710E-09 2.8082E-09 3.0486E-09 3.2895E-09 3.5287E-09 3.7642E-09
0.0000E+00 0.0000E+00 0.0000E+00 0.0000E+00 0.0000E+00 0.0000E+00 0.0000E+00 0.0000E+00 0.0000E+00 0.0000E+00 0.0000E+00 0.0000E+00 0.0000E+00 0.0000E+00 0.0000E+00 0.0000E+00 0.0000E+00 0.0000E+00 0.0000E+00 0.0000E+00 0.0000E+00 0.0000E+00 0.0000E+00 0.0000E+00 0.0000E+00 0.0000E+00 1.1981E-11 3.6354E-11 5.3195E-11 6.6669E-11 7.9287E-11 9.1280E-11 1.0366E-10 1.1694E-10 1.3142E-10 1.4713E-10 1.6409E-10 1.8230E-10 2.2521E-10 3.0354E-10 4.3912E-10 5.3966E-10 6.3448E-10 7.7192E-10 9.4816E-10 1.1357E-09 1.3133E-09 1.4835E-09 1.6645E-09 1.8555E-09 2.0556E-09 2.2632E-09 2.4764E-09 2.6933E-09 2.9116E-09 3.1293E-09 3.3445E-09
0.0000E+00 0.0000E+00 0.0000E+00 0.0000E+00 0.0000E+00 0.0000E+00 0.0000E+00 0.0000E+00 0.0000E+00 0.0000E+00 0.0000E+00 0.0000E+00 0.0000E+00 0.0000E+00 0.0000E+00 0.0000E+00 0.0000E+00 0.0000E+00 0.0000E+00 0.0000E+00 0.0000E+00 0.0000E+00 0.0000E+00 0.0000E+00 0.0000E+00 0.0000E+00 0.0000E+00 1.3217E-11 3.8453E-11 5.4235E-11 6.7393E-11 7.9439E-11 9.1137E-11 1.0295E-10 1.1570E-10 1.2954E-10 1.4447E-10 1.6051E-10 1.7765E-10 2.4013E-10 3.1882E-10 4.3847E-10 5.3837E-10 6.2925E-10 7.6767E-10 9.3489E-10 1.1221E-09 1.2931E-09 1.4531E-09 1.6231E-09 1.8012E-09 1.9866E-09 2.1777E-09 2.3728E-09 2.5700E-09 2.7676E-09 2.9636E-09
0.0000E+00 0.0000E+00 0.0000E+00 0.0000E+00 0.0000E+00 0.0000E+00 0.0000E+00 0.0000E+00 0.0000E+00 0.0000E+00 0.0000E+00 0.0000E+00 0.0000E+00 0.0000E+00 0.0000E+00 0.0000E+00 0.0000E+00 0.0000E+00 0.0000E+00 0.0000E+00 0.0000E+00 0.0000E+00 0.0000E+00 0.0000E+00 0.0000E+00 0.0000E+00 0.0000E+00 0.0000E+00 1.3038E-11 3.9289E-11 5.4431E-11 6.7399E-11 7.8942E-11 9.0258E-11 1.0148E-10 1.1362E-10 1.2672E-10 1.4079E-10 1.5583E-10 1.7182E-10 2.5446E-10 3.1653E-10 4.2709E-10 5.3546E-10 6.2318E-10 7.5722E-10 9.3886E-10 1.1233E-09 1.2654E-09 1.4157E-09 1.5737E-09 1.7389E-09 1.9097E-09 2.0847E-09 2.2624E-09 2.4412E-09 2.6195E-09
0.0000E+00 0.0000E+00 0.0000E+00 0.0000E+00 0.0000E+00 0.0000E+00 0.0000E+00 0.0000E+00 0.0000E+00 0.0000E+00 0.0000E+00 0.0000E+00 0.0000E+00 0.0000E+00 0.0000E+00 0.0000E+00 0.0000E+00 0.0000E+00 0.0000E+00 0.0000E+00 0.0000E+00 0.0000E+00 0.0000E+00 0.0000E+00 0.0000E+00 0.0000E+00 0.0000E+00 0.0000E+00 0.0000E+00 1.1364E-11 3.8706E-11 5.3966E-11 6.6716E-11 7.7800E-11 8.8658E-11 9.9281E-11 1.1073E-10 1.2303E-10 1.3618E-10 1.5016E-10 1.8359E-10 2.4868E-10 3.3776E-10 4.4016E-10 5.2884E-10 6.1745E-10 7.5973E-10 9.4234E-10 1.0977E-09 1.2309E-09 1.3712E-09 1.5179E-09 1.6703E-09 1.8269E-09 1.9864E-09 2.1478E-09 2.3094E-09
