Assets/Resources/2015_m01_d16_1900(utc+0800)_l00_csi_1hr_conc.grd
DSAA
         159         159
     -79.000      79.000
     -79.000      79.000
  0.0000E+00  0.5078E-05
[rows 25 to 49 of 159, columns 57 to 113 of 159]
0.0000E+00 0.0000E+00 0.0000E+00 0.0000E+00 0.0000E+00 0.0000E+00 0.0000E+00 0.0000E+00 0.0000E+00 0.0000E+00 0.0000E+00 0.0000E+00 0.0000E+00 0.0000E+00 0.0000E+00 0.0000E+00 0.0000E+00 0.0000E+00 0.0000E+00 0.0000E+00 0.0000E+00 0.0000E+00 0.0000E+00 0.0000E+00 1.1057E-10 4.3779E-10 1.2557E-09 2.6165E-09 4.9073E-09 8.4900E-09 1.3564E-08 2.0079E-08 2.7576E-08 3.5189E-08 4.1817E-08 4.6423E-08 4.8412E-08 4.7371E-08 4.4200E-08 3.9790E-08 3.4565E-08 2.9891E-08 2.6025E-08 2.3089E-08 1.8719E-08 1.5745E-08 1.3332E-08 1.1258E-08 9.4392E-09 7.7931E-09 6.3119E-09 5.0072E-09 3.9557E-09 3.1260E-09 2.5035E-09 2.0588E-09 1.7555E-09
0.0000E+00 0.0000E+00 0.0000E+00 0.0000E+00 0.0000E+00 0.0000E+00 0.0000E+00 0.0000E+00 0.0000E+00 0.0000E+00 0.0000E+00 0.0000E+00 0.0000E+00 0.0000E+00 0.0000E+00 0.0000E+00 0.0000E+00 0.0000E+00 0.0000E+00 0.0000E+00 0.0000E+00 0.0000E+00 0.0000E+00 0.0000E+00 9.3519E-11 3.8123E-10 1.2293E-09 2.6363E-09 5.0470E-09 8.8525E-09 1.4295E-08 2.1302E-08 2.9364E-08 3.7478E-08 4.4406E-08 4.8873E-08 5.0311E-08 4.8735E-08 4.4562E-08 3.9077E-08 3.3285E-08 2.8169E-08 2.3530E-08 2.0045E-08 1.6724E-08 1.3589E-08 1.1201E-08 9.3771E-09 7.7993E-09 6.3226E-09 5.0641E-09 3.9996E-09 3.1469E-09 2.4831E-09 1.9955E-09 1.6531E-09 1.4217E-09
0.0000E+00 0.0000E+00 0.0000E+00 0.0000E+00 0.0000E+00 0.0000E+00 0.0000E+00 0.0000E+00 0.0000E+00 0.0000E+00 0.0000E+00 0.0000E+00 0.0000E+00 0.0000E+00 0.0000E+00 0.0000E+00 0.0000E+00 0.0000E+00 0.0000E+00 0.0000E+00 0.0000E+00 0.0000E+00 0.0000E+00 0.0000E+00 7.3970E-11 3.3783E-10 1.2184E-09 2.6864E-09 5.2160E-09 9.2710E-09 1.5085E-08 2.2614E-08 3.1255E-08 3.9862E-08 4.7005E-08 5.1416E-08 5.2271E-08 4.9795E-08 4.4790E-08 3.8490E-08 3.1822E-08 2.5983E-08 2.1253E-08 1.7534E-08 1.4280E-08 1.1429E-08 9.3096E-09 7.6543E-09 6.2577E-09 5.0352E-09 3.9951E-09 3.1327E-09 2.4518E-09 1.9387E-09 1.5618E-09 1.3094E-09 1.1390E-09
0.0000E+00 0.0000E+00 0.0000E+00 0.0000E+00 0.0000E+00 0.0000E+00 0.0000E+00 0.0000E+00 0.0000E+00 0.0000E+00 0.0000E+00 0.0000E+00 0.0000E+00 0.0000E+00 0.0000E+00 0.0000E+00 0.0000E+00 0.0000E+00 0.0000E+00 0.0000E+00 0.0000E+00 0.0000E+00 0.0000E+00 0.0000E+00 5.4825E-11 2.8892E-10 1.1975E-09 2.7194E-09 5.3864E-09 9.6841E-09 1.5911E-08 2.3988E-08 3.3219E-08 4.2305E-08 4.9643E-08 5.3814E-08 5.4103E-08 5.0757E-08 4.4698E-08 3.7459E-08 3.0254E-08 2.3953E-08 1.8949E-08 1.5151E-08 1.2210E-08 9.5012E-09 7.5551E-09 6.1324E-09 4.9461E-09 3.9218E-09 3.0765E-09 2.4024E-09 1.8728E-09 1.4862E-09 1.2086E-09 1.0227E-09 9.0188E-10
0.0000E+00 0.0000E+00 0.0000E+00 0.0000E+00 0.0000E+00 0.0000E+00 0.0000E+00 0.0000E+00 0.0000E+00 0.0000E+00 0.0000E+00 0.0000E+00 0.0000E+00 0.0000E+00 0.0000E+00 0.0000E+00 0.0000E+00 0.0000E+00 0.0000E+00 0.0000E+00 0.0000E+00 0.0000E+00 0.0000E+00 0.0000E+00 4.5962E-11 2.7628E-10 1.1789E-09 2.7866E-09 5.6016E-09 1.0177E-08 1.6838E-08 2.5485E-08 3.5323E-08 4.4882E-08 5.2355E-08 5.6231E-08 5.5786E-08 5.1427E-08 4.4411E-08 3.6289E-08 2.8494E-08 2.1868E-08 1.6742E-08 1.2943E-08 1.0191E-08 7.6917E-09 6.0286E-09 4.8156E-09 3.8165E-09 2.9918E-09 2.3202E-09 1.8005E-09 1.4073E-09 1.1154E-09 9.2038E-10 7.8928E-10 7.0789E-10
0.0000E+00 0.0000E+00 0.0000E+00 0.0000E+00 0.0000E+00 0.0000E+00 0.0000E+00 0.0000E+00 0.0000E+00 0.0000E+00 0.0000E+00 0.0000E+00 0.0000E+00 0.0000E+00 0.0000E+00 0.0000E+00 0.0000E+00 0.0000E+00 0.0000E+00 0.0000E+00 0.0000E+00 0.0000E+00 0.0000E+00 0.0000E+00 4.0176E-11 2.7199E-10 1.1552E-09 2.8518E-09 5.8322E-09 1.0708E-08 1.7849E-08 2.7101E-08 3.7550E-08 4.7516E-08 5.5036E-08 5.8479E-08 5.7206E-08 5.1806E-08 4.3770E-08 3.4880E-08 2.6603E-08 1.9776E-08 1.4594E-08 1.0902E-08 8.2759E-09 6.1224E-09 4.7193E-09 3.7041E-09 2.8809E-09 2.2257E-09 1.7132E-09 1.3186E-09 1.0303E-09 8.2427E-10 6.9029E-10 6.0242E-10 5.5455E-10
0.0000E+00 0.0000E+00 0.0000E+00 0.0000E+00 0.0000E+00 0.0000E+00 0.0000E+00 0.0000E+00 0.0000E+00 0.0000E+00 0.0000E+00 0.0000E+00 0.0000E+00 0.0000E+00 0.0000E+00 0.0000E+00 0.0000E+00 0.0000E+00 0.0000E+00 0.0000E+00 0.0000E+00 0.0000E+00 0.0000E+00 0.0000E+00 3.2292E-11 2.7269E-10 1.1538E-09 2.9586E-09 6.1137E-09 1.1312E-08 1.8939E-08 2.8820E-08 3.9879E-08 5.0244E-08 5.7714E-08 6.0598E-08 5.8367E-08 5.1829E-08 4.2773E-08 3.3161E-08 2.4532E-08 1.7629E-08 1.2570E-08 9.0095E-09 6.5438E-09 4.7639E-09 3.6101E-09 2.7793E-09 2.1211E-09 1.6135E-09 1.2279E-09 9.4150E-10 7.3761E-10 5.9526E-10 5.0978E-10 4.5695E-10 4.3253E-10
0.0000E+00 0.0000E+00 0.0000E+00 0.0000E+00 0.0000E+00 0.0000E+00 0.0000E+00 0.0000E+00 0.0000E+00 0.0000E+00 0.0000E+00 0.0000E+00 0.0000E+00 0.0000E+00 0.0000E+00 0.0000E+00 0.0000E+00 0.0000E+00 0.0000E+00 0.0000E+00 0.0000E+00 0.0000E+00 0.0000E+00 0.0000E+00 2.6413E-11 2.8729E-10 1.1547E-09 3.0843E-09 6.4454E-09 1.1994E-08 2.0169E-08 3.0685E-08 4.2338E-08 5.3004E-08 6.0314E-08 6.2508E-08 5.9187E-08 5.1479E-08 4.1427E-08 3.1190E-08 2.2317E-08 1.5482E-08 1.0618E-08 7.3312E-09 5.0485E-09 3.5977E-09 2.6930E-09 2.0285E-09 1.5193E-09 1.1341E-09 8.5349E-10 6.5308E-10 5.1705E-10 4.2473E-10 3.7373E-10 3.4322E-10 3.3737E-10
0.0000E+00 0.0000E+00 0.0000E+00 0.0000E+00 0.0000E+00 0.0000E+00 0.0000E+00 0.0000E+00 0.0000E+00 0.0000E+00 0.0000E+00 0.0000E+00 0.0000E+00 0.0000E+00 0.0000E+00 0.0000E+00 0.0000E+00 0.0000E+00 0.0000E+00 0.0000E+00 0.0000E+00 0.0000E+00 0.0000E+00 0.0000E+00 3.0542E-11 3.1878E-10 1.2206E-09 3.2634E-09 6.8484E-09 1.2784E-08 2.1490E-08 3.2644E-08 4.4848E-08 5.5758E-08 6.2782E-08 6.4139E-08 5.9634E-08 5.0690E-08 3.9693E-08 2.8961E-08 1.9986E-08 1.3327E-08 8.7832E-09 5.8263E-09 3.8051E-09 2.6485E-09 1.9495E-09 1.4336E-09 1.0508E-09 7.7035E-10 5.7785E-10 4.3694E-10 3.5112E-10 2.9879E-10 2.7263E-10 2.5949E-10 2.6326E-10
0.0000E+00 0.0000E+00 0.0000E+00 0.0000E+00 0.0000E+00 0.0000E+00 0.0000E+00 0.0000E+00 0.0000E+00 0.0000E+00 0.0000E+00 0.0000E+00 0.0000E+00 0.0000E+00 0.0000E+00 0.0000E+00 0.0000E+00 0.0000E+00 0.0000E+00 0.0000E+00 0.0000E+00 0.0000E+00 0.0000E+00 0.0000E+00 3.8052E-11 3.6254E-10 1.2796E-09 3.4836E-09 7.3338E-09 1.3686E-08 2.2957E-08 3.4727E-08 4.7422E-08 5.8440E-08 6.5050E-08 6.5456E-08 5.9679E-08 4.9522E-08 3.7658E-08 2.6539E-08 1.7620E-08 1.1254E-08 7.0848E-09 4.4147E-09 2.7588E-09 1.8890E-09 1.3620E-09 9.7354E-10 7.0137E-10 5.0343E-10 3.7634E-10 2.8964E-10 2.3494E-10 2.1109E-10 1.9934E-10 1.9840E-10 2.0882E-10
0.0000E+00 0.0000E+00 0.0000E+00 0.0000E+00 0.0000E+00 0.0000E+00 0.0000E+00 0.0000E+00 0.0000E+00 0.0000E+00 0.0000E+00 0.0000E+00 0.0000E+00 0.0000E+00 0.0000E+00 0.0000E+00 0.0000E+00 0.0000E+00 0.0000E+00 0.0000E+00 0.0000E+00 0.0000E+00 0.0000E+00 0.0000E+00 6.8402E-11 4.3582E-10 1.4203E-09 3.7956E-09 7.9346E-09 1.4697E-08 2.4506E-08 3.6871E-08 4.9966E-08 6.1004E-08 6.7046E-08 6.6369E-08 5.9283E-08 4.7938E-08 3.5337E-08 2.4002E-08 1.5260E-08 9.2990E-09 5.5507E-09 3.2061E-09 1.9245E-09 1.3005E-09 9.1646E-10 6.3605E-10 4.4684E-10 3.1725E-10 2.3707E-10 1.8839E-10 1.6005E-10 1.5079E-10 1.4870E-10 1.5924E-10 1.7443E-10
0.0000E+00 0.0000E+00 0.0000E+00 0.0000E+00 0.0000E+00 0.0000E+00 0.0000E+00 0.0000E+00 0.0000E+00 0.0000E+00 0.0000E+00 0.0000E+00 0.0000E+00 0.0000E+00 0.0000E+00 0.0000E+00 0.0000E+00 0.0000E+00 0.0000E+00 0.0000E+00 0.0000E+00 0.0000E+00 0.0000E+00 4.5423E-12 1.1639E-10 5.2602E-10 1.5817E-09 4.1700E-09 8.6402E-09 1.5859E-08 2.6186E-08 3.9016E-08 5.2410E-08 6.3306E-08 6.8678E-08 6.6840E-08 5.8397E-08 4.5952E-08 3.2752E-08 2.1362E-08 1.2969E-08 7.4771E-09 4.1801E-09 2.2356E-09 1.2794E-09 8.5321E-10 5.8488E-10 3.9233E-10 2.7090E-10 1.9260E-10 1.4362E-10 1.1831E-10 1.0949E-10 1.0832E-10 1.2040E-10 1.3399E-10 1.4791E-10
0.0000E+00 0.0000E+00 0.0000E+00 0.0000E+00 0.0000E+00 0.0000E+00 0.0000E+00 0.0000E+00 0.0000E+00 0.0000E+00 0.0000E+00 0.0000E+00 0.0000E+00 0.0000E+00 0.0000E+00 0.0000E+00 0.0000E+00 0.0000E+00 0.0000E+00 0.0000E+00 0.0000E+00 0.0000E+00 0.0000E+00 1.9780E-11 1.7570E-10 6.4938E-10 1.8357E-09 4.6969E-09 9.5150E-09 1.7155E-08 2.7938E-08 4.1164E-08 5.4709E-08 6.5358E-08 6.9922E-08 6.6853E-08 5.7114E-08 4.3665E-08 3.0046E-08 1.8779E-08 1.0822E-08 5.8698E-09 3.0590E-09 1.4641E-09 8.1623E-10 5.2881E-10 3.4765E-10 2.2833E-10 1.5385E-10 1.0700E-10 8.5942E-11 7.6007E-11 7.7997E-11 8.8708E-11 1.0021E-10 1.1214E-10 1.2391E-10
0.0000E+00 0.0000E+00 0.0000E+00 0.0000E+00 0.0000E+00 0.0000E+00 0.0000E+00 0.0000E+00 0.0000E+00 0.0000E+00 0.0000E+00 0.0000E+00 0.0000E+00 0.0000E+00 0.0000E+00 0.0000E+00 0.0000E+00 0.0000E+00 0.0000E+00 0.0000E+00 0.0000E+00 0.0000E+00 0.0000E+00 4.5202E-11 2.6367E-10 8.4014E-10 2.2072E-09 5.3388E-09 1.0546E-08 1.8591E-08 2.9727E-08 4.3177E-08 5.6733E-08 6.6990E-08 7.0692E-08 6.6382E-08 5.5365E-08 4.1070E-08 2.7206E-08 1.6242E-08 8.8412E-09 4.4750E-09 2.0526E-09 8.9085E-10 4.8854E-10 3.0568E-10 1.9035E-10 1.1826E-10 7.5842E-11 5.5018E-11 4.8359E-11 5.4910E-11 6.4341E-11 7.3339E-11 8.2588E-11 9.2448E-11 1.0262E-10
0.0000E+00 0.0000E+00 0.0000E+00 0.0000E+00 0.0000E+00 0.0000E+00 0.0000E+00 0.0000E+00 0.0000E+00 0.0000E+00 0.0000E+00 0.0000E+00 0.0000E+00 0.0000E+00 0.0000E+00 0.0000E+00 0.0000E+00 0.0000E+00 0.0000E+00 0.0000E+00 0.0000E+00 0.0000E+00 0.0000E+00 8.2441E-11 3.8407E-10 1.1192E-09 2.7430E-09 6.1929E-09 1.1815E-08 2.0199E-08 3.1563E-08 4.5082E-08 5.8460E-08 6.8197E-08 7.0942E-08 6.5407E-08 5.3278E-08 3.8316E-08 2.4410E-08 1.3862E-08 7.1051E-09 3.3209E-09 1.3356E-09 4.9620E-10 2.7182E-10 1.5798E-10 8.8796E-11 4.9800E-11 3.1787E-11 2.8258E-11 3.5348E-11 4.3353E-11 5.1679E-11 6.0274E-11 6.8546E-11 7.7025E-11 8.5913E-11
0.0000E+00 0.0000E+00 0.0000E+00 0.0000E+00 0.0000E+00 0.0000E+00 0.0000E+00 0.0000E+00 0.0000E+00 0.0000E+00 0.0000E+00 0.0000E+00 0.0000E+00 0.0000E+00 0.0000E+00 0.0000E+00 0.0000E+00 0.0000E+00 0.0000E+00 0.0000E+00 0.0000E+00 0.0000E+00 3.6793E-12 1.3910E-10 5.3821E-10 1.5043E-09 3.4594E-09 7.2608E-09 1.3325E-08 2.1974E-08 3.3367E-08 4.6707E-08 5.9693E-08 6.8783E-08 7.0576E-08 6.3887E-08 5.0757E-08 3.5335E-08 2.1604E-08 1.1673E-08 5.6022E-09 2.4070E-09 8.0284E-10 2.5147E-10 1.3278E-10 6.8684E-11 3.2118E-11 1.5413E-11 1.5369E-11 2.1044E-11 2.7306E-11 3.4032E-11 4.1361E-11 4.8996E-11 5.6739E-11 6.4123E-11 7.1889E-11
0.0000E+00 0.0000E+00 0.0000E+00 0.0000E+00 0.0000E+00 0.0000E+00 0.0000E+00 0.0000E+00 0.0000E+00 0.0000E+00 0.0000E+00 0.0000E+00 0.0000E+00 0.0000E+00 0.0000E+00 0.0000E+00 0.0000E+00 0.0000E+00 0.0000E+00 0.0000E+00 0.0000E+00 0.0000E+00 2.0751E-11 2.1876E-10 7.7256E-10 2.0305E-09 4.4002E-09 8.6447E-09 1.5166E-08 2.3942E-08 3.5160E-08 4.8060E-08 6.0462E-08 6.8770E-08 6.9567E-08 6.1843E-08 4.7963E-08 3.2352E-08 1.8966E-08 9.6938E-09 4.3552E-09 1.6400E-09 4.2515E-10 1.0829E-10 5.2856E-11 2.1713E-11 7.4745E-12 6.4439E-12 1.0497E-11 1.5288E-11 2.0435E-11 2.6293E-11 3.2717E-11 3.9509E-11 4.6346E-11 5.3280E-11 5.9996E-11
0.0000E+00 0.0000E+00 0.0000E+00 0.0000E+00 0.0000E+00 0.0000E+00 0.0000E+00 0.0000E+00 0.0000E+00 0.0000E+00 0.0000E+00 0.0000E+00 0.0000E+00 0.0000E+00 0.0000E+00 0.0000E+00 0.0000E+00 0.0000E+00 0.0000E+00 0.0000E+00 0.0000E+00 0.0000E+00 5.0262E-11 3.2230E-10 1.0808E-09 2.7244E-09 5.6476E-09 1.0419E-08 1.7330E-08 2.6105E-08 3.6873E-08 4.9055E-08 6.0616E-08 6.8038E-08 6.7884E-08 5.9268E-08 4.4843E-08 2.9263E-08 1.6455E-08 7.9895E-09 3.3380E-09 1.0956E-09 1.7735E-10 3.6425E-11 1.2045E-11 4.3783E-12 2.7173E-12 3.6535E-12 6.5882E-12 1.0412E-11 1.4765E-11 1.9780E-11 2.5009E-11 3.0896E-11 3.6982E-11 4.3138E-11 4.9129E-11
0.0000E+00 0.0000E+00 0.0000E+00 0.0000E+00 0.0000E+00 0.0000E+00 0.0000E+00 0.0000E+00 0.0000E+00 0.0000E+00 0.0000E+00 0.0000E+00 0.0000E+00 0.0000E+00 0.0000E+00 0.0000E+00 0.0000E+00 0.0000E+00 0.0000E+00 0.0000E+00 0.0000E+00 0.0000E+00 9.3922E-11 4.8796E-10 1.5181E-09 3.6431E-09 7.2395E-09 1.2544E-08 1.9805E-08 2.8389E-08 3.8456E-08 4.9641E-08 6.0166E-08 6.6604E-08 6.5534E-08 5.6177E-08 4.1471E-08 2.6183E-08 1.4114E-08 6.4945E-09 2.5028E-09 6.8512E-10 5.1974E-11 6.4873E-12 2.3624E-12 1.3456E-12 1.5101E-12 2.2498E-12 3.1727E-12 6.3373E-12 1.0175E-11 1.4289E-11 1.8890E-11 2.3837E-11 2.9071E-11 3.4338E-11 3.9999E-11
0.0000E+00 0.0000E+00 0.0000E+00 0.0000E+00 0.0000E+00 0.0000E+00 0.0000E+00 0.0000E+00 0.0000E+00 0.0000E+00 0.0000E+00 0.0000E+00 0.0000E+00 0.0000E+00 0.0000E+00 0.0000E+00 0.0000E+00 0.0000E+00 0.0000E+00 0.0000E+00 0.0000E+00 2.9253E-13 1.6111E-10 7.1374E-10 2.0983E-09 4.8240E-09 9.2207E-09 1.5153E-08 2.2622E-08 3.0816E-08 3.9971E-08 4.9966E-08 5.9308E-08 6.4675E-08 6.2720E-08 5.2793E-08 3.7982E-08 2.3184E-08 1.1983E-08 5.2182E-09 1.8674E-09 3.8051E-10 3.0304E-12 5.1301E-13 1.0829E-12 8.1382E-13 7.0254E-13 1.1587E-12 1.7872E-12 3.2730E-12 6.2381E-12 9.7256E-12 1.3697E-11 1.7932E-11 2.2222E-11 2.6705E-11 3.1153E-11
0.0000E+00 0.0000E+00 0.0000E+00 0.0000E+00 0.0000E+00 0.0000E+00 0.0000E+00 0.0000E+00 0.0000E+00 0.0000E+00 0.0000E+00 0.0000E+00 0.0000E+00 0.0000E+00 0.0000E+00 0.0000E+00 0.0000E+00 0.0000E+00 0.0000E+00 0.0000E+00 0.0000E+00 1.7667E-11 2.5993E-10 1.0503E-09 2.9090E-09 6.3668E-09 1.1598E-08 1.8087E-08 2.5612E-08 3.3224E-08 4.1260E-08 4.9952E-08 5.8039E-08 6.2342E-08 5.9530E-08 4.9103E-08 3.4383E-08 2.0275E-08 1.0012E-08 4.1103E-09 1.3600E-09 1.6645E-10 4.3765E-13 4.5871E-13 9.1282E-13 5.6493E-13 2.8787E-13 4.4938E-13 8.3562E-13 1.5428E-12 3.2938E-12 6.1879E-12 9.3873E-12 1.2831E-11 1.6451E-11 2.0269E-11 2.4188E-11
0.0000E+00 0.0000E+00 0.0000E+00 0.0000E+00 0.0000E+00 0.0000E+00 0.0000E+00 0.0000E+00 0.0000E+00 0.0000E+00 0.0000E+00 0.0000E+00 0.0000E+00 0.0000E+00 0.0000E+00 0.0000E+00 0.0000E+00 0.0000E+00 0.0000E+00 0.0000E+00 0.0000E+00 5.2451E-11 4.1605E-10 1.5045E-09 3.9670E-09 8.3258E-09 1.4467E-08 2.1448E-08 2.8769E-08 3.5553E-08 4.2364E-08 4.9700E-08 5.6489E-08 5.9658E-08 5.6002E-08 4.5178E-08 3.0742E-08 1.7439E-08 8.2088E-09 3.1692E-09 9.4856E-10 6.3220E-11 3.6548E-13 6.6885E-13 7.6611E-13 4.6135E-13 1.4784E-13 1.2974E-13 2.2659E-13 5.8842E-13 1.2070E-12 3.3369E-12 5.9802E-12 9.0225E-12 1.2094E-11 1.5178E-11 1.8470E-11
0.0000E+00 0.0000E+00 0.0000E+00 0.0000E+00 0.0000E+00 0.0000E+00 0.0000E+00 0.0000E+00 0.0000E+00 0.0000E+00 0.0000E+00 0.0000E+00 0.0000E+00 0.0000E+00 0.0000E+00 0.0000E+00 0.0000E+00 0.0000E+00 0.0000E+00 0.0000E+00 0.0000E+00 9.6728E-11 6.4480E-10 2.1779E-09 5.4234E-09 1.0760E-08 1.7727E-08 2.5035E-08 3.1872E-08 3.7648E-08 4.3156E-08 4.9098E-08 5.4586E-08 5.6627E-08 5.2093E-08 4.1012E-08 2.6998E-08 1.4690E-08 6.5550E-09 2.3597E-09 5.8414E-10 1.5683E-11 2.8844E-13 6.2418E-13 6.2197E-13 3.3603E-13 1.0833E-13 6.2123E-14 0.0000E+00 1.1428E-13 3.7699E-13 8.8367E-13 3.1853E-12 5.7170E-12 8.3127E-12 1.0881E-11 1.3280E-11
0.0000E+00 0.0000E+00 0.0000E+00 0.0000E+00 0.0000E+00 0.0000E+00 0.0000E+00 0.0000E+00 0.0000E+00 0.0000E+00 0.0000E+00 0.0000E+00 0.0000E+00 0.0000E+00 0.0000E+00 0.0000E+00 0.0000E+00 0.0000E+00 0.0000E+00 0.0000E+00 0.0000E+00 1.9167E-10 9.7542E-10 3.0804E-09 7.2899E-09 1.3753E-08 2.1468E-08 2.8793E-08 3.4832E-08 3.9502E-08 4.3688E-08 4.8263E-08 5.2330E-08 5.3069E-08 4.7685E-08 3.6448E-08 2.3138E-08 1.2003E-08 5.0569E-09 1.6902E-09 2.9775E-10 2.2421E-13 2.2203E-13 4.9827E-13 5.0536E-13 2.6566E-13 3.3868E-14 3.8165E-14 0.0000E+00 0.0000E+00 3.9031E-14 2.1284E-13 8.7730E-13 2.8255E-12 4.9275E-12 7.1460E-12 9.3680E-12
0.0000E+00 0.0000E+00 0.0000E+00 0.0000E+00 0.0000E+00 0.0000E+00 0.0000E+00 0.0000E+00 0.0000E+00 0.0000E+00 0.0000E+00 0.0000E+00 0.0000E+00 0.0000E+00 0.0000E+00 0.0000E+00 0.0000E+00 0.0000E+00 0.0000E+00 0.0000E+00 1.4080E-11 3.2406E-10 1.4631E-09 4.3561E-09 9.7565E-09 1.7269E-08 2.5445E-08 3.2461E-08 3.7462E-08 4.1013E-08 4.3964E-08 4.7184E-08 4.9785E-08 4.9099E-08 4.2835E-08 3.1640E-08 1.9230E-08 9.4772E-09 3.7322E-09 1.1373E-09 1.1242E-10 1.8443E-13 1.8334E-13 3.9795E-13 3.8911E-13 2.0483E-13 1.5679E-14 2.9901E-14 0.0000E+00 0.0000E+00 0.0000E+00 0.0000E+00 6.8016E-14 9.2404E-13 2.6000E-12 4.3480E-12 6.1757E-12
