Assets/Resources/2015_m01_d12_0000(utc+0800)_l00_csi_1hr_conc.grd
DSAA
         159         159
     -79.000      79.000
     -79.000      79.000
  0.0000E+00  0.3678E-05
[rows 25 to 49 of 159, columns 0 to 56 of 159]
0.0000E+00 0.0000E+00 0.0000E+00 0.0000E+00 0.0000E+00 0.0000E+00 0.0000E+00 0.0000E+00 0.0000E+00 0.0000E+00 0.0000E+00 1.0560E-12 2.6907E-12 5.2269E-12 7.9577E-12 1.1928E-11 3.1077E-11 3.8608E-11 6.4134E-11 7.8127E-11 9.8397E-11 1.4706E-10 1.9080E-10 2.9930E-10 4.0080E-10 4.9094E-10 6.3522E-10 7.3902E-10 8.5576E-10 1.0214E-09 1.1280E-09 1.2410E-09 1.3920E-09 1.5247E-09 1.6643E-09 1.8135E-09 1.9715E-09 2.1446E-09 2.3273E-09 2.5244E-09 2.7307E-09 2.9480E-09 3.1787E-09 3.4176E-09 3.6705E-09 3.9335E-09 4.2131E-09 4.5061E-09 4.8165E-09 5.1458E-09 5.4916E-09 5.8612E-09 6.2508E-09 6.6658E-09 7.1031E-09 7.5648E-09 8.0553E-09
0.0000E+00 0.0000E+00 0.0000E+00 0.0000E+00 0.0000E+00 0.0000E+00 0.0000E+00 0.0000E+00 0.0000E+00 0.0000E+00 0.0000E+00 0.0000E+00 4.8957E-13 2.3910E-12 5.1188E-12 8.3968E-12 2.7086E-11 3.4301E-11 6.0169E-11 8.1430E-11 1.0668E-10 1.9847E-10 2.5543E-10 3.0586E-10 4.2114E-10 4.9513E-10 5.6798E-10 7.0077E-10 7.7741E-10 8.8313E-10 9.7487E-10 1.0723E-09 1.2040E-09 1.3186E-09 1.4431E-09 1.5750E-09 1.7157E-09 1.8698E-09 2.0318E-09 2.2029E-09 2.3848E-09 2.5748E-09 2.7746E-09 2.9823E-09 3.2031E-09 3.4321E-09 3.6753E-09 3.9305E-09 4.1991E-09 4.4849E-09 4.7843E-09 5.1032E-09 5.4390E-09 5.7977E-09 6.1738E-09 6.5728E-09 6.9968E-09
0.0000E+00 0.0000E+00 0.0000E+00 0.0000E+00 0.0000E+00 0.0000E+00 0.0000E+00 0.0000E+00 0.0000E+00 0.0000E+00 0.0000E+00 0.0000E+00 0.0000E+00 2.4362E-13 2.2821E-12 5.0369E-12 2.2890E-11 3.3658E-11 6.1348E-11 1.0269E-10 1.5246E-10 1.9795E-10 2.6015E-10 3.1903E-10 3.8365E-10 4.6703E-10 5.2128E-10 5.9920E-10 6.6481E-10 7.5567E-10 8.3388E-10 9.1695E-10 1.0334E-09 1.1359E-09 1.2454E-09 1.3632E-09 1.4880E-09 1.6199E-09 1.7618E-09 1.9106E-09 2.0667E-09 2.2300E-09 2.4020E-09 2.5801E-09 2.7702E-09 2.9682E-09 3.1761E-09 3.3954E-09 3.6251E-09 3.8699E-09 4.1250E-09 4.3956E-09 4.6807E-09 4.9853E-09 5.3040E-09 5.6445E-09 6.0059E-09
0.0000E+00 0.0000E+00 0.0000E+00 0.0000E+00 0.0000E+00 0.0000E+00 0.0000E+00 0.0000E+00 0.0000E+00 0.0000E+00 0.0000E+00 0.0000E+00 0.0000E+00 0.0000E+00 5.2431E-13 1.9042E-12 1.7472E-11 3.4976E-11 6.9055E-11 9.4075E-11 1.4303E-10 2.0243E-10 2.4036E-10 2.9857E-10 3.5112E-10 3.9418E-10 4.3982E-10 5.0614E-10 5.6193E-10 6.3913E-10 7.0781E-10 7.8192E-10 8.8276E-10 9.7300E-10 1.0697E-09 1.1711E-09 1.2791E-09 1.3929E-09 1.5142E-09 1.6411E-09 1.7748E-09 1.9145E-09 2.0609E-09 2.2128E-09 2.3734E-09 2.5421E-09 2.7182E-09 2.9043E-09 3.0979E-09 3.3033E-09 3.5184E-09 3.7443E-09 3.9827E-09 4.2371E-09 4.5024E-09 4.7886E-09 5.0928E-09
0.0000E+00 0.0000E+00 0.0000E+00 0.0000E+00 0.0000E+00 0.0000E+00 0.0000E+00 0.0000E+00 0.0000E+00 0.0000E+00 0.0000E+00 0.0000E+00 0.0000E+00 0.0000E+00 3.6464E-14 8.2674E-13 1.2076E-11 1.7169E-11 4.8394E-11 7.7810E-11 1.1114E-10 1.7020E-10 2.0687E-10 2.4161E-10 2.9047E-10 3.2817E-10 3.6662E-10 4.2232E-10 4.7059E-10 5.3832E-10 5.9682E-10 6.6238E-10 7.4907E-10 8.2805E-10 9.0962E-10 9.9963E-10 1.0909E-09 1.1862E-09 1.2884E-09 1.3949E-09 1.5076E-09 1.6256E-09 1.7480E-09 1.8768E-09 2.0103E-09 2.1519E-09 2.2993E-09 2.4553E-09 2.6168E-09 2.7863E-09 2.9645E-09 3.1498E-09 3.3455E-09 3.5531E-09 3.7709E-09 4.0076E-09 4.2613E-09
0.0000E+00 0.0000E+00 0.0000E+00 0.0000E+00 0.0000E+00 0.0000E+00 0.0000E+00 0.0000E+00 0.0000E+00 0.0000E+00 0.0000E+00 0.0000E+00 0.0000E+00 0.0000E+00 0.0000E+00 3.5030E-13 9.7357E-12 1.2128E-11 2.4662E-11 4.0574E-11 7.0521E-11 1.0959E-10 1.4369E-10 1.7835E-10 2.2391E-10 2.6135E-10 2.9856E-10 3.4990E-10 3.9157E-10 4.4964E-10 5.0170E-10 5.5779E-10 6.3191E-10 7.0016E-10 7.7054E-10 8.4437E-10 9.2117E-10 9.9996E-10 1.0845E-09 1.1734E-09 1.2668E-09 1.3656E-09 1.4662E-09 1.5727E-09 1.6826E-09 1.7986E-09 1.9193E-09 2.0455E-09 2.1778E-09 2.3156E-09 2.4612E-09 2.6102E-09 2.7672E-09 2.9346E-09 3.1124E-09 3.3078E-09 3.5167E-09
0.0000E+00 0.0000E+00 0.0000E+00 0.0000E+00 0.0000E+00 0.0000E+00 0.0000E+00 0.0000E+00 0.0000E+00 0.0000E+00 0.0000E+00 0.0000E+00 0.0000E+00 0.0000E+00 0.0000E+00 0.0000E+00 7.6191E-12 9.6466E-12 1.9076E-11 2.3810E-11 3.3105E-11 5.7789E-11 8.1415E-11 1.1097E-10 1.5655E-10 1.9062E-10 2.3227E-10 2.8249E-10 3.2419E-10 3.7490E-10 4.1811E-10 4.6611E-10 5.2962E-10 5.8567E-10 6.4472E-10 7.0582E-10 7.6963E-10 8.3455E-10 9.0356E-10 9.7701E-10 1.0530E-09 1.1341E-09 1.2159E-09 1.3022E-09 1.3916E-09 1.4846E-09 1.5824E-09 1.6827E-09 1.7889E-09 1.8977E-09 2.0136E-09 2.1336E-09 2.2578E-09 2.3919E-09 2.5360E-09 2.6937E-09 2.8645E-09
0.0000E+00 0.0000E+00 0.0000E+00 0.0000E+00 0.0000E+00 0.0000E+00 0.0000E+00 0.0000E+00 0.0000E+00 0.0000E+00 0.0000E+00 0.0000E+00 0.0000E+00 0.0000E+00 0.0000E+00 0.0000E+00 5.8953E-12 7.5591E-12 1.4622E-11 1.8628E-11 2.2457E-11 3.3372E-11 4.4007E-11 6.0259E-11 9.4165E-11 1.2772E-10 1.6920E-10 2.1828E-10 2.5888E-10 3.0603E-10 3.4583E-10 3.8505E-10 4.3755E-10 4.8402E-10 5.3285E-10 5.8312E-10 6.3539E-10 6.8877E-10 7.4463E-10 8.0352E-10 8.6475E-10 9.2992E-10 9.9617E-10 1.0643E-09 1.1361E-09 1.2102E-09 1.2886E-09 1.3676E-09 1.4493E-09 1.5351E-09 1.6246E-09 1.7190E-09 1.8174E-09 1.9238E-09 2.0388E-09 2.1650E-09 2.3033E-09
0.0000E+00 0.0000E+00 0.0000E+00 0.0000E+00 0.0000E+00 0.0000E+00 0.0000E+00 0.0000E+00 0.0000E+00 0.0000E+00 0.0000E+00 0.0000E+00 0.0000E+00 0.0000E+00 0.0000E+00 0.0000E+00 4.4618E-12 5.5577E-12 1.0959E-11 1.3828E-11 1.6835E-11 2.5431E-11 3.0742E-11 3.6391E-11 5.0357E-11 7.5752E-11 1.0515E-10 1.5742E-10 1.9295E-10 2.4030E-10 2.7639E-10 3.1383E-10 3.5686E-10 3.9539E-10 4.3537E-10 4.7671E-10 5.1902E-10 5.6222E-10 6.0707E-10 6.5333E-10 7.0208E-10 7.5352E-10 8.0606E-10 8.5988E-10 9.1665E-10 9.7464E-10 1.0343E-09 1.0962E-09 1.1589E-09 1.2250E-09 1.2928E-09 1.3648E-09 1.4411E-09 1.5258E-09 1.6171E-09 1.7187E-09 1.8275E-09
0.0000E+00 0.0000E+00 0.0000E+00 0.0000E+00 0.0000E+00 0.0000E+00 0.0000E+00 0.0000E+00 0.0000E+00 0.0000E+00 0.0000E+00 0.0000E+00 0.0000E+00 0.0000E+00 0.0000E+00 0.0000E+00 3.2057E-12 3.8928E-12 7.6013E-12 9.8357E-12 1.2111E-11 1.8485E-11 2.2502E-11 2.7035E-11 3.6168E-11 4.2729E-11 6.1359E-11 9.2503E-11 1.3059E-10 1.7221E-10 2.0810E-10 2.4482E-10 2.8317E-10 3.1855E-10 3.5094E-10 3.8403E-10 4.1823E-10 4.5297E-10 4.8873E-10 5.2482E-10 5.6267E-10 6.0294E-10 6.4399E-10 6.8601E-10 7.2939E-10 7.7452E-10 8.1988E-10 8.6613E-10 9.1299E-10 9.6241E-10 1.0143E-09 1.0681E-09 1.1280E-09 1.1927E-09 1.2653E-09 1.3454E-09 1.4336E-09
0.0000E+00 0.0000E+00 0.0000E+00 0.0000E+00 0.0000E+00 0.0000E+00 0.0000E+00 0.0000E+00 0.0000E+00 0.0000E+00 0.0000E+00 0.0000E+00 0.0000E+00 0.0000E+00 0.0000E+00 0.0000E+00 2.0418E-12 2.5459E-12 4.7050E-12 6.4506E-12 8.1042E-12 1.2207E-11 1.5460E-11 1.8811E-11 2.5158E-11 3.0721E-11 3.6579E-11 4.8741E-11 7.2359E-11 1.0379E-10 1.4078E-10 1.7342E-10 2.1122E-10 2.4412E-10 2.7417E-10 3.0450E-10 3.3209E-10 3.5942E-10 3.8815E-10 4.1643E-10 4.4550E-10 4.7661E-10 5.0717E-10 5.3956E-10 5.7196E-10 6.0577E-10 6.4049E-10 6.7414E-10 7.0920E-10 7.4512E-10 7.8287E-10 8.2405E-10 8.7025E-10 9.2197E-10 9.7582E-10 1.0362E-09 1.1058E-09
0.0000E+00 0.0000E+00 0.0000E+00 0.0000E+00 0.0000E+00 0.0000E+00 0.0000E+00 0.0000E+00 0.0000E+00 0.0000E+00 0.0000E+00 0.0000E+00 0.0000E+00 0.0000E+00 0.0000E+00 0.0000E+00 9.6708E-13 1.3470E-12 2.3764E-12 3.5763E-12 4.6282E-12 6.9042E-12 9.3694E-12 1.1829E-11 1.5872E-11 2.0337E-11 2.4656E-11 3.0131E-11 3.6029E-11 5.2961E-11 7.5713E-11 1.0393E-10 1.3824E-10 1.6818E-10 1.9987E-10 2.2797E-10 2.5439E-10 2.7858E-10 3.0372E-10 3.2601E-10 3.4817E-10 3.7088E-10 3.9343E-10 4.1738E-10 4.4174E-10 4.6672E-10 4.9195E-10 5.1696E-10 5.4113E-10 5.6726E-10 5.9480E-10 6.2763E-10 6.6196E-10 7.0085E-10 7.4252E-10 7.8767E-10 8.3945E-10
0.0000E+00 0.0000E+00 0.0000E+00 0.0000E+00 0.0000E+00 0.0000E+00 0.0000E+00 0.0000E+00 0.0000E+00 0.0000E+00 0.0000E+00 0.0000E+00 0.0000E+00 0.0000E+00 0.0000E+00 0.0000E+00 8.6256E-14 3.1086E-13 6.5910E-13 1.1612E-12 1.6960E-12 2.8599E-12 4.3181E-12 6.0307E-12 8.4854E-12 1.1299E-11 1.4601E-11 1.8275E-11 2.2471E-11 2.7990E-11 3.5007E-11 4.9951E-11 7.0298E-11 9.6399E-11 1.2452E-10 1.5028E-10 1.7831E-10 2.0245E-10 2.2560E-10 2.4632E-10 2.6597E-10 2.8384E-10 3.0002E-10 3.1711E-10 3.3531E-10 3.5385E-10 3.7142E-10 3.8831E-10 4.0528E-10 4.2389E-10 4.4577E-10 4.6889E-10 4.9598E-10 5.2349E-10 5.5500E-10 5.9053E-10 6.2978E-10
0.0000E+00 0.0000E+00 0.0000E+00 0.0000E+00 0.0000E+00 0.0000E+00 0.0000E+00 0.0000E+00 0.0000E+00 0.0000E+00 0.0000E+00 0.0000E+00 0.0000E+00 0.0000E+00 0.0000E+00 0.0000E+00 0.0000E+00 0.0000E+00 0.0000E+00 0.0000E+00 5.0304E-14 2.5173E-13 7.8408E-13 1.5463E-12 2.8203E-12 4.3116E-12 6.4736E-12 8.8004E-12 1.1893E-11 1.5234E-11 1.9173E-11 2.2880E-11 3.0113E-11 4.2396E-11 5.8528E-11 8.0308E-11 1.0264E-10 1.2417E-10 1.4505E-10 1.6720E-10 1.8686E-10 2.0300E-10 2.1883E-10 2.3264E-10 2.4746E-10 2.6169E-10 2.7428E-10 2.8489E-10 2.9675E-10 3.1090E-10 3.2659E-10 3.4342E-10 3.6310E-10 3.8382E-10 4.0768E-10 4.3529E-10 4.6627E-10
0.0000E+00 0.0000E+00 0.0000E+00 0.0000E+00 0.0000E+00 0.0000E+00 0.0000E+00 0.0000E+00 0.0000E+00 0.0000E+00 0.0000E+00 0.0000E+00 0.0000E+00 0.0000E+00 0.0000E+00 0.0000E+00 0.0000E+00 0.0000E+00 0.0000E+00 0.0000E+00 0.0000E+00 0.0000E+00 0.0000E+00 1.5425E-13 4.1017E-13 9.9662E-13 1.7019E-12 2.8140E-12 4.2046E-12 6.3621E-12 8.8906E-12 1.1975E-11 1.5198E-11 1.8225E-11 2.4335E-11 3.2906E-11 4.4085E-11 5.7308E-11 7.3912E-11 8.9060E-11 1.0524E-10 1.2098E-10 1.3616E-10 1.5003E-10 1.6191E-10 1.7357E-10 1.8438E-10 1.9398E-10 2.0426E-10 2.1611E-10 2.2797E-10 2.4025E-10 2.5258E-10 2.6669E-10 2.8166E-10 2.9854E-10 3.1792E-10
0.0000E+00 0.0000E+00 0.0000E+00 0.0000E+00 0.0000E+00 0.0000E+00 0.0000E+00 0.0000E+00 0.0000E+00 0.0000E+00 0.0000E+00 0.0000E+00 0.0000E+00 0.0000E+00 0.0000E+00 0.0000E+00 0.0000E+00 0.0000E+00 0.0000E+00 0.0000E+00 0.0000E+00 0.0000E+00 0.0000E+00 0.0000E+00 8.7524E-14 3.1915E-13 7.1447E-13 1.3756E-12 2.1141E-12 3.3767E-12 4.5008E-12 6.5705E-12 8.2455E-12 1.0643E-11 1.2704E-11 1.4920E-11 1.8125E-11 2.3674E-11 3.0607E-11 3.8792E-11 4.7057E-11 5.8038E-11 6.9501E-11 7.8205E-11 8.6535E-11 9.4390E-11 1.0117E-10 1.0885E-10 1.1853E-10 1.2758E-10 1.3632E-10 1.4582E-10 1.5397E-10 1.6326E-10 1.7129E-10 1.8145E-10 1.9397E-10
0.0000E+00 0.0000E+00 0.0000E+00 0.0000E+00 0.0000E+00 0.0000E+00 0.0000E+00 0.0000E+00 0.0000E+00 0.0000E+00 0.0000E+00 0.0000E+00 0.0000E+00 0.0000E+00 0.0000E+00 0.0000E+00 0.0000E+00 0.0000E+00 0.0000E+00 0.0000E+00 0.0000E+00 0.0000E+00 0.0000E+00 0.0000E+00 0.0000E+00 1.0387E-14 2.1751E-13 4.4749E-13 1.0688E-12 1.6254E-12 2.6336E-12 3.7228E-12 5.1046E-12 6.9666E-12 8.6314E-12 1.0803E-11 1.2618E-11 1.4603E-11 1.6658E-11 1.9255E-11 2.3827E-11 2.8244E-11 3.2700E-11 3.8206E-11 4.3261E-11 4.8044E-11 5.3053E-11 5.7240E-11 6.1576E-11 6.8084E-11 7.4747E-11 8.0663E-11 8.8211E-11 9.4663E-11 1.0223E-10 1.1106E-10 1.1826E-10
0.0000E+00 0.0000E+00 0.0000E+00 0.0000E+00 0.0000E+00 0.0000E+00 0.0000E+00 0.0000E+00 0.0000E+00 0.0000E+00 0.0000E+00 0.0000E+00 0.0000E+00 0.0000E+00 0.0000E+00 0.0000E+00 0.0000E+00 0.0000E+00 0.0000E+00 0.0000E+00 0.0000E+00 0.0000E+00 0.0000E+00 0.0000E+00 0.0000E+00 0.0000E+00 0.0000E+00 1.0849E-13 3.0821E-13 6.5266E-13 1.2563E-12 1.7838E-12 2.8966E-12 3.8457E-12 5.3055E-12 6.9439E-12 8.5320E-12 1.0365E-11 1.1996E-11 1.3707E-11 1.5384E-11 1.6975E-11 1.8594E-11 2.0159E-11 2.3025E-11 2.5675E-11 2.8070E-11 3.0131E-11 3.1761E-11 3.3604E-11 3.7725E-11 4.2250E-11 4.7598E-11 5.2726E-11 6.0274E-11 6.6157E-11 7.3602E-11
0.0000E+00 0.0000E+00 0.0000E+00 0.0000E+00 0.0000E+00 0.0000E+00 0.0000E+00 0.0000E+00 0.0000E+00 0.0000E+00 0.0000E+00 0.0000E+00 0.0000E+00 0.0000E+00 0.0000E+00 0.0000E+00 0.0000E+00 0.0000E+00 0.0000E+00 0.0000E+00 0.0000E+00 0.0000E+00 0.0000E+00 0.0000E+00 0.0000E+00 0.0000E+00 0.0000E+00 0.0000E+00 0.0000E+00 1.6839E-13 3.5464E-13 7.6995E-13 1.3110E-12 1.8846E-12 2.8718E-12 3.8114E-12 5.0823E-12 6.5018E-12 7.9209E-12 9.4190E-12 1.0835E-11 1.2236E-11 1.3627E-11 1.4879E-11 1.6074E-11 1.7242E-11 1.8343E-11 1.9281E-11 2.0089E-11 2.0780E-11 2.1578E-11 2.4365E-11 2.7034E-11 3.2054E-11 3.6443E-11 4.1146E-11 4.7855E-11
0.0000E+00 0.0000E+00 0.0000E+00 0.0000E+00 0.0000E+00 0.0000E+00 0.0000E+00 0.0000E+00 0.0000E+00 0.0000E+00 0.0000E+00 0.0000E+00 0.0000E+00 0.0000E+00 0.0000E+00 0.0000E+00 0.0000E+00 0.0000E+00 0.0000E+00 0.0000E+00 0.0000E+00 0.0000E+00 0.0000E+00 0.0000E+00 0.0000E+00 0.0000E+00 0.0000E+00 0.0000E+00 0.0000E+00 0.0000E+00 2.9001E-14 1.8725E-13 3.5502E-13 7.5052E-13 1.2538E-12 1.7615E-12 2.5695E-12 3.4658E-12 4.4956E-12 5.6667E-12 6.8337E-12 8.0510E-12 9.1996E-12 1.0272E-11 1.1317E-11 1.2335E-11 1.3215E-11 1.3984E-11 1.4663E-11 1.5280E-11 1.5772E-11 1.6145E-11 1.7453E-11 1.9407E-11 2.1453E-11 2.4995E-11 2.8691E-11
0.0000E+00 0.0000E+00 0.0000E+00 0.0000E+00 0.0000E+00 0.0000E+00 0.0000E+00 0.0000E+00 0.0000E+00 0.0000E+00 0.0000E+00 0.0000E+00 0.0000E+00 0.0000E+00 0.0000E+00 0.0000E+00 0.0000E+00 0.0000E+00 0.0000E+00 0.0000E+00 0.0000E+00 0.0000E+00 0.0000E+00 0.0000E+00 0.0000E+00 0.0000E+00 0.0000E+00 0.0000E+00 0.0000E+00 0.0000E+00 0.0000E+00 0.0000E+00 2.5683E-14 1.6524E-13 3.1091E-13 6.0069E-13 1.0297E-12 1.4801E-12 2.0629E-12 2.7708E-12 3.5977E-12 4.5004E-12 5.3956E-12 6.2600E-12 7.1741E-12 7.9921E-12 8.7091E-12 9.3581E-12 9.9598E-12 1.0467E-11 1.0877E-11 1.1183E-11 1.1380E-11 1.1449E-11 1.1934E-11 1.3224E-11 1.4635E-11
0.0000E+00 0.0000E+00 0.0000E+00 0.0000E+00 0.0000E+00 0.0000E+00 0.0000E+00 0.0000E+00 0.0000E+00 0.0000E+00 0.0000E+00 0.0000E+00 0.0000E+00 0.0000E+00 0.0000E+00 0.0000E+00 0.0000E+00 0.0000E+00 0.0000E+00 0.0000E+00 0.0000E+00 0.0000E+00 0.0000E+00 0.0000E+00 0.0000E+00 0.0000E+00 0.0000E+00 0.0000E+00 0.0000E+00 0.0000E+00 0.0000E+00 0.0000E+00 0.0000E+00 0.0000E+00 0.0000E+00 1.0550E-13 2.2699E-13 3.9668E-13 6.8367E-13 1.0323E-12 1.4707E-12 1.9165E-12 2.4581E-12 3.1058E-12 3.7174E-12 4.3375E-12 4.9037E-12 5.4479E-12 5.9237E-12 6.3263E-12 6.6478E-12 6.8594E-12 6.9656E-12 6.9892E-12 6.9292E-12 6.7854E-12 6.7243E-12
0.0000E+00 0.0000E+00 0.0000E+00 0.0000E+00 0.0000E+00 0.0000E+00 0.0000E+00 0.0000E+00 0.0000E+00 0.0000E+00 0.0000E+00 0.0000E+00 0.0000E+00 0.0000E+00 0.0000E+00 0.0000E+00 0.0000E+00 0.0000E+00 0.0000E+00 0.0000E+00 0.0000E+00 0.0000E+00 0.0000E+00 0.0000E+00 0.0000E+00 0.0000E+00 0.0000E+00 0.0000E+00 0.0000E+00 0.0000E+00 0.0000E+00 0.0000E+00 0.0000E+00 0.0000E+00 0.0000E+00 0.0000E+00 0.0000E+00 1.3791E-14 1.1063E-13 2.0709E-13 3.3998E-13 5.3409E-13 7.6348E-13 1.0512E-12 1.3780E-12 1.6669E-12 2.0193E-12 2.3644E-12 2.6629E-12 2.9092E-12 3.1097E-12 3.2624E-12 3.3367E-12 3.3439E-12 3.2760E-12 3.1245E-12 2.8965E-12
0.0000E+00 0.0000E+00 0.0000E+00 0.0000E+00 0.0000E+00 0.0000E+00 0.0000E+00 0.0000E+00 0.0000E+00 0.0000E+00 0.0000E+00 0.0000E+00 0.0000E+00 0.0000E+00 0.0000E+00 0.0000E+00 0.0000E+00 0.0000E+00 0.0000E+00 0.0000E+00 0.0000E+00 0.0000E+00 0.0000E+00 0.0000E+00 0.0000E+00 0.0000E+00 0.0000E+00 0.0000E+00 0.0000E+00 0.0000E+00 0.0000E+00 0.0000E+00 0.0000E+00 0.0000E+00 0.0000E+00 0.0000E+00 0.0000E+00 0.0000E+00 0.0000E+00 0.0000E+00 0.0000E+00 4.2153E-14 1.1028E-13 1.7446E-13 2.4724E-13 3.6389E-13 4.6778E-13 5.5715E-13 6.3044E-13 7.4123E-13 8.2424E-13 8.7071E-13 8.7924E-13 8.4909E-13 7.8007E-13 6.8744E-13 5.7172E-13
0.0000E+00 0.0000E+00 0.0000E+00 0.0000E+00 0.0000E+00 0.0000E+00 0.0000E+00 0.0000E+00 0.0000E+00 0.0000E+00 0.0000E+00 0.0000E+00 0.0000E+00 0.0000E+00 0.0000E+00 0.0000E+00 0.0000E+00 0.0000E+00 0.0000E+00 0.0000E+00 0.0000E+00 0.0000E+00 0.0000E+00 0.0000E+00 0.0000E+00 0.0000E+00 0.0000E+00 0.0000E+00 0.0000E+00 0.0000E+00 0.0000E+00 0.0000E+00 0.0000E+00 0.0000E+00 0.0000E+00 0.0000E+00 0.0000E+00 0.0000E+00 0.0000E+00 0.0000E+00 0.0000E+00 0.0000E+00 0.0000E+00 0.0000E+00 0.0000E+00 0.0000E+00 0.0000E+00 1.6740E-14 3.9856E-14 5.6223E-14 6.5479E-14 6.7369E-14 6.1740E-14 4.8550E-14 2.7866E-14 0.0000E+00 0.0000E+00
