Assets/Resources/2015_m01_d15_0000(utc+0800)_l00_csi_1hr_conc.grd
DSAA
         159         159
     -79.000      79.000
     -79.000      79.000
  0.0000E+00  0.3359E-05
[rows 25 to 49 of 159, columns 57 to 113 of 159]
8.0767E-09 8.0953E-09 8.1060E-09 8.1098E-09 8.1078E-09 8.0980E-09 8.0804E-09 8.0541E-09 8.0223E-09 7.9825E-09 7.9343E-09 7.8797E-09 7.8174E-09 7.7486E-09 7.6732E-09 7.5931E-09 7.5059E-09 7.4131E-09 7.3156E-09 7.2124E-09 7.1046E-09 6.9925E-09 6.8765E-09 6.7569E-09 6.6341E-09 6.5083E-09 6.3800E-09 6.2497E-09 6.1184E-09 5.9856E-09 5.8524E-09 5.7177E-09 5.5827E-09 5.4484E-09 5.3134E-09 5.1786E-09 5.0443E-09 4.9106E-09 4.7780E-09 4.6470E-09 4.5155E-09 4.3842E-09 4.2535E-09 4.1232E-09 3.9935E-09 3.8643E-09 3.7357E-09 3.6079E-09 3.4809E-09 3.3548E-09 3.2298E-09 3.1061E-09 2.9841E-09 2.8636E-09 2.7452E-09 2.6284E-09 2.5133E-09
8.0981E-09 8.1217E-09 8.1388E-09 8.1490E-09 8.1520E-09 8.1465E-09 8.1320E-09 8.1127E-09 8.0854E-09 8.0483E-09 8.0038E-09 7.9530E-09 7.8942E-09 7.8283E-09 7.7570E-09 7.6782E-09 7.5927E-09 7.5021E-09 7.4055E-09 7.3036E-09 7.1968E-09 7.0855E-09 6.9701E-09 6.8508E-09 6.7279E-09 6.6020E-09 6.4739E-09 6.3435E-09 6.2113E-09 6.0776E-09 5.9428E-09 5.8065E-09 5.6706E-09 5.5338E-09 5.3968E-09 5.2604E-09 5.1247E-09 4.9888E-09 4.8537E-09 4.7203E-09 4.5865E-09 4.4529E-09 4.3199E-09 4.1873E-09 4.0554E-09 3.9241E-09 3.7935E-09 3.6637E-09 3.5347E-09 3.4067E-09 3.2799E-09 3.1540E-09 3.0296E-09 2.9067E-09 2.7859E-09 2.6674E-09 2.5509E-09
8.1136E-09 8.1445E-09 8.1680E-09 8.1829E-09 8.1906E-09 8.1891E-09 8.1831E-09 8.1674E-09 8.1430E-09 8.1100E-09 8.0703E-09 8.0232E-09 7.9677E-09 7.9056E-09 7.8363E-09 7.7596E-09 7.6764E-09 7.5880E-09 7.4931E-09 7.3927E-09 7.2871E-09 7.1767E-09 7.0619E-09 6.9430E-09 6.8210E-09 6.6958E-09 6.5673E-09 6.4365E-09 6.3031E-09 6.1688E-09 6.0323E-09 5.8947E-09 5.7577E-09 5.6197E-09 5.4809E-09 5.3432E-09 5.2048E-09 5.0668E-09 4.9295E-09 4.7939E-09 4.6577E-09 4.5219E-09 4.3867E-09 4.2520E-09 4.1179E-09 3.9846E-09 3.8518E-09 3.7200E-09 3.5889E-09 3.4586E-09 3.3295E-09 3.2018E-09 3.0750E-09 2.9503E-09 2.8272E-09 2.7061E-09 2.5880E-09
8.1257E-09 8.1627E-09 8.1908E-09 8.2116E-09 8.2239E-09 8.2302E-09 8.2282E-09 8.2165E-09 8.1956E-09 8.1694E-09 8.1342E-09 8.0901E-09 8.0385E-09 7.9796E-09 7.9127E-09 7.8389E-09 7.7591E-09 7.6722E-09 7.5793E-09 7.4806E-09 7.3764E-09 7.2671E-09 7.1536E-09 7.0363E-09 6.9149E-09 6.7895E-09 6.6613E-09 6.5294E-09 6.3963E-09 6.2602E-09 6.1236E-09 5.9850E-09 5.8473E-09 5.7070E-09 5.5675E-09 5.4269E-09 5.2865E-09 5.1464E-09 5.0068E-09 4.8689E-09 4.7306E-09 4.5926E-09 4.4551E-09 4.3182E-09 4.1818E-09 4.0462E-09 3.9110E-09 3.7768E-09 3.6431E-09 3.5106E-09 3.3795E-09 3.2497E-09 3.1210E-09 2.9939E-09 2.8694E-09 2.7465E-09 2.6260E-09
8.1321E-09 8.1753E-09 8.2084E-09 8.2350E-09 8.2545E-09 8.2662E-09 8.2672E-09 8.2602E-09 8.2467E-09 8.2250E-09 8.1929E-09 8.1533E-09 8.1059E-09 8.0500E-09 7.9865E-09 7.9166E-09 7.8390E-09 7.7546E-09 7.6639E-09 7.5671E-09 7.4647E-09 7.3579E-09 7.2461E-09 7.1296E-09 7.0083E-09 6.8839E-09 6.7549E-09 6.6236E-09 6.4902E-09 6.3544E-09 6.2162E-09 6.0775E-09 5.9364E-09 5.7945E-09 5.6535E-09 5.5110E-09 5.3686E-09 5.2264E-09 5.0847E-09 4.9439E-09 4.8034E-09 4.6634E-09 4.5235E-09 4.3856E-09 4.2471E-09 4.1093E-09 3.9720E-09 3.8357E-09 3.7002E-09 3.5658E-09 3.4325E-09 3.3007E-09 3.1704E-09 3.0416E-09 2.9141E-09 2.7890E-09 2.6661E-09
8.1326E-09 8.1798E-09 8.2207E-09 8.2534E-09 8.2795E-09 8.2939E-09 8.3011E-09 8.3019E-09 8.2935E-09 8.2746E-09 8.2473E-09 8.2130E-09 8.1692E-09 8.1174E-09 8.0584E-09 7.9912E-09 7.9166E-09 7.8350E-09 7.7467E-09 7.6528E-09 7.5536E-09 7.4485E-09 7.3379E-09 7.2221E-09 7.1023E-09 6.9774E-09 6.8495E-09 6.7186E-09 6.5846E-09 6.4478E-09 6.3098E-09 6.1690E-09 6.0267E-09 5.8848E-09 5.7408E-09 5.5966E-09 5.4522E-09 5.3081E-09 5.1641E-09 5.0222E-09 4.8791E-09 4.7367E-09 4.5946E-09 4.4543E-09 4.3138E-09 4.1739E-09 4.0347E-09 3.8964E-09 3.7590E-09 3.6227E-09 3.4875E-09 3.3535E-09 3.2206E-09 3.0893E-09 2.9597E-09 2.8321E-09 2.7068E-09
8.1249E-09 8.1802E-09 8.2271E-09 8.2673E-09 8.2958E-09 8.3175E-09 8.3337E-09 8.3380E-09 8.3333E-09 8.3198E-09 8.2991E-09 8.2684E-09 8.2291E-09 8.1815E-09 8.1266E-09 8.0630E-09 7.9918E-09 7.9134E-09 7.8294E-09 7.7387E-09 7.6414E-09 7.5379E-09 7.4288E-09 7.3137E-09 7.1945E-09 7.0716E-09 6.9447E-09 6.8136E-09 6.6793E-09 6.5426E-09 6.4033E-09 6.2616E-09 6.1182E-09 5.9751E-09 5.8296E-09 5.6837E-09 5.5390E-09 5.3930E-09 5.2479E-09 5.1030E-09 4.9578E-09 4.8131E-09 4.6688E-09 4.5256E-09 4.3833E-09 4.2414E-09 4.1000E-09 3.9594E-09 3.8197E-09 3.6806E-09 3.5426E-09 3.4059E-09 3.2715E-09 3.1383E-09 3.0065E-09 2.8767E-09 2.7490E-09
8.1125E-09 8.1754E-09 8.2287E-09 8.2717E-09 8.3082E-09 8.3385E-09 8.3570E-09 8.3672E-09 8.3683E-09 8.3620E-09 8.3453E-09 8.3196E-09 8.2852E-09 8.2430E-09 8.1916E-09 8.1319E-09 8.0648E-09 7.9918E-09 7.9109E-09 7.8227E-09 7.7273E-09 7.6252E-09 7.5173E-09 7.4052E-09 7.2881E-09 7.1662E-09 7.0394E-09 6.9089E-09 6.7742E-09 6.6378E-09 6.4976E-09 6.3553E-09 6.2110E-09 6.0659E-09 5.9200E-09 5.7740E-09 5.6264E-09 5.4785E-09 5.3322E-09 5.1846E-09 5.0373E-09 4.8903E-09 4.7437E-09 4.5977E-09 4.4528E-09 4.3104E-09 4.1669E-09 4.0241E-09 3.8823E-09 3.7413E-09 3.6014E-09 3.4629E-09 3.3258E-09 3.1904E-09 3.0568E-09 2.9256E-09 2.7956E-09
8.0946E-09 8.1627E-09 8.2205E-09 8.2720E-09 8.3169E-09 8.3501E-09 8.3748E-09 8.3911E-09 8.3999E-09 8.3981E-09 8.3869E-09 8.3674E-09 8.3382E-09 8.3000E-09 8.2531E-09 8.1988E-09 8.1378E-09 8.0680E-09 7.9895E-09 7.9033E-09 7.8101E-09 7.7111E-09 7.6071E-09 7.4970E-09 7.3813E-09 7.2599E-09 7.1345E-09 7.0039E-09 6.8694E-09 6.7318E-09 6.5913E-09 6.4492E-09 6.3053E-09 6.1598E-09 6.0130E-09 5.8650E-09 5.7157E-09 5.5678E-09 5.4181E-09 5.2685E-09 5.1194E-09 4.9718E-09 4.8231E-09 4.6749E-09 4.5293E-09 4.3827E-09 4.2370E-09 4.0920E-09 3.9481E-09 3.8050E-09 3.6632E-09 3.5227E-09 3.3836E-09 3.2459E-09 3.1095E-09 2.9752E-09 2.8440E-09
8.0686E-09 8.1414E-09 8.2079E-09 8.2676E-09 8.3159E-09 8.3556E-09 8.3876E-09 8.4111E-09 8.4248E-09 8.4290E-09 8.4246E-09 8.4100E-09 8.3861E-09 8.3530E-09 8.3129E-09 8.2650E-09 8.2069E-09 8.1396E-09 8.0643E-09 7.9813E-09 7.8927E-09 7.7979E-09 7.6960E-09 7.5878E-09 7.4731E-09 7.3526E-09 7.2273E-09 7.0974E-09 6.9635E-09 6.8267E-09 6.6878E-09 6.5457E-09 6.4018E-09 6.2548E-09 6.1076E-09 5.9578E-09 5.8072E-09 5.6581E-09 5.5083E-09 5.3568E-09 5.2075E-09 5.0564E-09 4.9058E-09 4.7554E-09 4.6072E-09 4.4590E-09 4.3110E-09 4.1638E-09 4.0175E-09 3.8722E-09 3.7279E-09 3.5863E-09 3.4457E-09 3.3056E-09 3.1670E-09 3.0307E-09 2.9017E-09
8.0337E-09 8.1152E-09 8.1901E-09 8.2536E-09 8.3086E-09 8.3558E-09 8.3946E-09 8.4239E-09 8.4441E-09 8.4555E-09 8.4565E-09 8.4478E-09 8.4296E-09 8.4047E-09 8.3707E-09 8.3253E-09 8.2708E-09 8.2077E-09 8.1365E-09 8.0598E-09 7.9752E-09 7.8829E-09 7.7826E-09 7.6755E-09 7.5623E-09 7.4435E-09 7.3195E-09 7.1909E-09 7.0597E-09 6.9244E-09 6.7853E-09 6.6440E-09 6.4987E-09 6.3529E-09 6.2036E-09 6.0539E-09 5.9029E-09 5.7542E-09 5.6016E-09 5.4506E-09 5.2976E-09 5.1446E-09 4.9920E-09 4.8396E-09 4.6883E-09 4.5406E-09 4.3928E-09 4.2433E-09 4.0944E-09 3.9462E-09 3.7990E-09 3.6533E-09 3.5091E-09 3.3668E-09 3.2256E-09 3.0934E-09 2.9598E-09
7.9935E-09 8.0835E-09 8.1623E-09 8.2328E-09 8.2955E-09 8.3498E-09 8.3947E-09 8.4307E-09 8.4584E-09 8.4757E-09 8.4831E-09 8.4807E-09 8.4722E-09 8.4524E-09 8.4213E-09 8.3809E-09 8.3312E-09 8.2733E-09 8.2097E-09 8.1367E-09 8.0542E-09 7.9637E-09 7.8659E-09 7.7613E-09 7.6504E-09 7.5335E-09 7.4123E-09 7.2873E-09 7.1572E-09 7.0224E-09 6.8849E-09 6.7424E-09 6.5989E-09 6.4525E-09 6.3046E-09 6.1543E-09 6.0039E-09 5.8505E-09 5.6964E-09 5.5441E-09 5.3894E-09 5.2346E-09 5.0847E-09 4.9306E-09 4.7771E-09 4.6290E-09 4.4771E-09 4.3257E-09 4.1750E-09 4.0253E-09 3.8816E-09 3.7339E-09 3.5873E-09 3.4423E-09 3.2994E-09 3.1666E-09 3.0935E-09
7.9471E-09 8.0417E-09 8.1275E-09 8.2058E-09 8.2757E-09 8.3364E-09 8.3883E-09 8.4320E-09 8.4660E-09 8.4900E-09 8.5044E-09 8.5126E-09 8.5081E-09 8.4927E-09 8.4673E-09 8.4322E-09 8.3891E-09 8.3398E-09 8.2788E-09 8.2080E-09 8.1289E-09 8.0418E-09 7.9472E-09 7.8455E-09 7.7372E-09 7.6252E-09 7.5074E-09 7.3837E-09 7.2548E-09 7.1221E-09 6.9840E-09 6.8430E-09 6.7004E-09 6.5547E-09 6.4064E-09 6.2566E-09 6.1041E-09 5.9499E-09 5.7970E-09 5.6443E-09 5.4899E-09 5.3384E-09 5.1831E-09 5.0275E-09 4.8723E-09 4.7272E-09 4.5740E-09 4.4209E-09 4.2684E-09 4.1175E-09 3.9706E-09 3.8216E-09 3.6730E-09 3.5255E-09 3.3887E-09 3.2503E-09 3.1776E-09
7.8917E-09 7.9926E-09 8.0863E-09 8.1719E-09 8.2484E-09 8.3163E-09 8.3761E-09 8.4262E-09 8.4673E-09 8.4990E-09 8.5243E-09 8.5362E-09 8.5373E-09 8.5280E-09 8.5086E-09 8.4816E-09 8.4472E-09 8.3995E-09 8.3422E-09 8.2758E-09 8.2008E-09 8.1176E-09 8.0264E-09 7.9287E-09 7.8268E-09 7.7176E-09 7.6017E-09 7.4801E-09 7.3519E-09 7.2193E-09 7.0847E-09 6.9464E-09 6.8042E-09 6.6591E-09 6.5109E-09 6.3608E-09 6.2075E-09 6.0568E-09 5.9068E-09 5.7530E-09 5.5985E-09 5.4448E-09 5.2917E-09 5.1364E-09 4.9803E-09 4.8348E-09 4.6798E-09 4.5251E-09 4.3707E-09 4.2170E-09 4.0651E-09 3.9135E-09 3.7620E-09 3.6122E-09 3.4752E-09 3.4180E-09 3.2723E-09
7.8281E-09 7.9360E-09 8.0378E-09 8.1300E-09 8.2139E-09 8.2899E-09 8.3564E-09 8.4138E-09 8.4628E-09 8.5055E-09 8.5348E-09 8.5531E-09 8.5608E-09 8.5581E-09 8.5482E-09 8.5292E-09 8.4965E-09 8.4540E-09 8.4018E-09 8.3402E-09 8.2697E-09 8.1905E-09 8.1052E-09 8.0147E-09 7.9155E-09 7.8084E-09 7.6939E-09 7.5734E-09 7.4485E-09 7.3211E-09 7.1885E-09 7.0511E-09 6.9106E-09 6.7651E-09 6.6190E-09 6.4715E-09 6.3238E-09 6.1724E-09 6.0203E-09 5.8644E-09 5.7176E-09 5.5635E-09 5.4089E-09 5.2519E-09 5.1003E-09 4.9460E-09 4.7907E-09 4.6348E-09 4.4786E-09 4.3279E-09 4.1723E-09 4.0172E-09 3.8632E-09 3.7238E-09 3.5893E-09 3.5296E-09 3.4906E-09
7.7570E-09 7.8736E-09 7.9812E-09 8.0808E-09 8.1729E-09 8.2557E-09 8.3296E-09 8.3954E-09 8.4549E-09 8.5025E-09 8.5385E-09 8.5640E-09 8.5787E-09 8.5866E-09 8.5839E-09 8.5677E-09 8.5411E-09 8.5044E-09 8.4576E-09 8.4012E-09 8.3354E-09 8.2641E-09 8.1863E-09 8.0978E-09 8.0002E-09 7.8954E-09 7.7839E-09 7.6690E-09 7.5499E-09 7.4243E-09 7.2929E-09 7.1587E-09 7.0181E-09 6.8761E-09 6.7349E-09 6.5907E-09 6.4411E-09 6.2934E-09 6.1430E-09 5.9987E-09 5.8442E-09 5.6921E-09 5.5352E-09 5.3779E-09 5.2263E-09 5.0694E-09 4.9164E-09 4.7590E-09 4.6016E-09 4.4503E-09 4.2935E-09 4.1374E-09 3.9860E-09 3.8489E-09 3.8190E-09 3.6855E-09 3.6283E-09
7.6792E-09 7.8022E-09 7.9170E-09 8.0241E-09 8.1238E-09 8.2141E-09 8.2964E-09 8.3726E-09 8.4378E-09 8.4921E-09 8.5357E-09 8.5686E-09 8.5946E-09 8.6095E-09 8.6108E-09 8.6012E-09 8.5810E-09 8.5503E-09 8.5093E-09 8.4583E-09 8.4026E-09 8.3383E-09 8.2613E-09 8.1756E-09 8.0821E-09 7.9815E-09 7.8781E-09 7.7683E-09 7.6513E-09 7.5280E-09 7.3983E-09 7.2644E-09 7.1321E-09 6.9970E-09 6.8577E-09 6.7120E-09 6.5733E-09 6.4274E-09 6.2804E-09 6.1335E-09 5.9850E-09 5.8296E-09 5.6732E-09 5.5252E-09 5.3708E-09 5.2191E-09 5.0612E-09 4.9030E-09 4.7444E-09 4.5919E-09 4.4333E-09 4.2759E-09 4.1370E-09 4.1080E-09 3.9654E-09 3.9505E-09 3.8767E-09
7.5938E-09 7.7232E-09 7.8452E-09 7.9605E-09 8.0670E-09 8.1656E-09 8.2582E-09 8.3410E-09 8.4127E-09 8.4747E-09 8.5261E-09 8.5706E-09 8.6039E-09 8.6235E-09 8.6319E-09 8.6293E-09 8.6158E-09 8.5914E-09 8.5567E-09 8.5182E-09 8.4675E-09 8.4043E-09 8.3321E-09 8.2513E-09 8.1634E-09 8.0729E-09 7.9739E-09 7.8660E-09 7.7505E-09 7.6292E-09 7.5050E-09 7.3832E-09 7.2553E-09 7.1224E-09 6.9858E-09 6.8557E-09 6.7155E-09 6.5732E-09 6.4243E-09 6.2794E-09 6.1273E-09 5.9782E-09 5.8286E-09 5.6762E-09 5.5296E-09 5.3733E-09 5.2155E-09 5.0566E-09 4.8971E-09 4.7406E-09 4.5811E-09 4.4473E-09 4.2966E-09 4.2978E-09 4.3148E-09 4.1340E-09 4.1557E-09
7.5002E-09 7.6364E-09 7.7665E-09 7.8886E-09 8.0029E-09 8.1114E-09 8.2114E-09 8.3008E-09 8.3803E-09 8.4502E-09 8.5131E-09 8.5656E-09 8.6041E-09 8.6313E-09 8.6472E-09 8.6518E-09 8.6452E-09 8.6281E-09 8.6072E-09 8.5717E-09 8.5241E-09 8.4668E-09 8.4001E-09 8.3267E-09 8.2505E-09 8.1627E-09 8.0648E-09 7.9600E-09 7.8485E-09 7.7371E-09 7.6263E-09 7.5073E-09 7.3826E-09 7.2590E-09 7.1308E-09 6.9978E-09 6.8610E-09 6.7185E-09 6.5753E-09 6.4364E-09 6.2926E-09 6.1464E-09 5.9958E-09 5.8423E-09 5.6940E-09 5.5377E-09 5.3801E-09 5.2210E-09 5.0663E-09 4.9056E-09 4.7529E-09 4.6192E-09 4.6598E-09 4.4945E-09 4.5167E-09 4.5618E-09 4.3825E-09
7.3991E-09 7.5421E-09 7.6793E-09 7.8089E-09 7.9326E-09 8.0493E-09 8.1559E-09 8.2529E-09 8.3406E-09 8.4213E-09 8.4931E-09 8.5513E-09 8.5976E-09 8.6327E-09 8.6563E-09 8.6685E-09 8.6700E-09 8.6671E-09 8.6487E-09 8.6180E-09 8.5769E-09 8.5258E-09 8.4685E-09 8.4077E-09 8.3315E-09 8.2465E-09 8.1538E-09 8.0539E-09 7.9576E-09 7.8589E-09 7.7505E-09 7.6344E-09 7.5207E-09 7.4014E-09 7.2776E-09 7.1478E-09 7.0140E-09 6.8779E-09 6.7436E-09 6.6066E-09 6.4649E-09 6.3208E-09 6.1717E-09 6.0278E-09 5.8749E-09 5.7200E-09 5.5692E-09 5.4167E-09 5.2571E-09 5.0968E-09 4.9705E-09 4.8302E-09 4.8746E-09 4.9408E-09 4.7619E-09 4.8262E-09 4.8726E-09
7.2904E-09 7.4409E-09 7.5844E-09 7.7226E-09 7.8549E-09 7.9783E-09 8.0922E-09 8.1973E-09 8.2953E-09 8.3856E-09 8.4637E-09 8.5296E-09 8.5842E-09 8.6274E-09 8.6590E-09 8.6800E-09 8.6956E-09 8.6958E-09 8.6832E-09 8.6597E-09 8.6255E-09 8.5859E-09 8.5403E-09 8.4785E-09 8.4078E-09 8.3287E-09 8.2425E-09 8.1636E-09 8.0779E-09 7.9772E-09 7.8731E-09 7.7732E-09 7.6649E-09 7.5517E-09 7.4278E-09 7.3008E-09 7.1778E-09 7.0524E-09 6.9238E-09 6.7880E-09 6.6532E-09 6.5106E-09 6.3653E-09 6.2256E-09 6.0816E-09 5.9359E-09 5.7878E-09 5.6314E-09 5.4729E-09 5.3170E-09 5.1964E-09 5.2961E-09 5.1442E-09 5.2047E-09 5.2979E-09 5.1251E-09 5.1919E-09
7.1752E-09 7.3314E-09 7.4827E-09 7.6293E-09 7.7685E-09 7.8988E-09 8.0207E-09 8.1353E-09 8.2433E-09 8.3406E-09 8.4261E-09 8.5005E-09 8.5637E-09 8.6151E-09 8.6560E-09 8.6906E-09 8.7108E-09 8.7173E-09 8.7125E-09 8.6965E-09 8.6754E-09 8.6461E-09 8.6007E-09 8.5458E-09 8.4818E-09 8.4112E-09 8.3515E-09 8.2765E-09 8.1859E-09 8.0981E-09 8.0132E-09 7.9176E-09 7.8095E-09 7.6964E-09 7.5826E-09 7.4734E-09 7.3591E-09 7.2407E-09 7.1130E-09 6.9900E-09 6.8562E-09 6.7193E-09 6.5790E-09 6.4440E-09 6.3101E-09 6.1691E-09 6.0181E-09 5.8639E-09 5.7082E-09 5.5885E-09 5.4925E-09 5.5715E-09 5.6978E-09 5.5445E-09 5.6189E-09 5.7232E-09 5.6579E-09
7.0521E-09 7.2150E-09 7.3743E-09 7.5278E-09 7.6737E-09 7.8114E-09 7.9420E-09 8.0668E-09 8.1824E-09 8.2869E-09 8.3808E-09 8.4639E-09 8.5356E-09 8.5964E-09 8.6505E-09 8.6914E-09 8.7180E-09 8.7328E-09 8.7361E-09 8.7338E-09 8.7226E-09 8.6951E-09 8.6574E-09 8.6098E-09 8.5567E-09 8.5161E-09 8.4514E-09 8.3751E-09 8.3059E-09 8.2373E-09 8.1492E-09 8.0535E-09 7.9528E-09 7.8554E-09 7.7612E-09 7.6599E-09 7.5537E-09 7.4387E-09 7.3191E-09 7.1958E-09 7.0690E-09 6.9383E-09 6.8137E-09 6.6920E-09 6.5617E-09 6.4224E-09 6.2754E-09 6.1249E-09 5.9927E-09 5.8796E-09 6.0564E-09 5.9959E-09 6.0379E-09 6.1935E-09 6.0953E-09 6.1365E-09 6.0575E-09
6.9222E-09 7.0922E-09 7.2582E-09 7.4181E-09 7.5707E-09 7.7163E-09 7.8567E-09 7.9895E-09 8.1125E-09 8.2250E-09 8.3275E-09 8.4193E-09 8.5002E-09 8.5736E-09 8.6357E-09 8.6832E-09 8.7183E-09 8.7417E-09 8.7587E-09 8.7668E-09 8.7587E-09 8.7393E-09 8.7096E-09 8.6754E-09 8.6522E-09 8.6018E-09 8.5413E-09 8.4927E-09 8.4370E-09 8.3613E-09 8.2799E-09 8.1931E-09 8.1150E-09 8.0371E-09 7.9508E-09 7.8523E-09 7.7496E-09 7.6430E-09 7.5325E-09 7.4181E-09 7.2996E-09 7.1889E-09 7.0799E-09 6.9602E-09 6.8397E-09 6.7042E-09 6.5713E-09 6.4359E-09 6.3384E-09 6.5786E-09 6.4192E-09 6.6196E-09 6.8354E-09 6.6105E-09 6.7750E-09 6.7190E-09 6.5558E-09
6.7862E-09 6.9626E-09 7.1346E-09 7.3005E-09 7.4599E-09 7.6145E-09 7.7632E-09 7.9034E-09 8.0339E-09 8.1549E-09 8.2660E-09 8.3668E-09 8.4596E-09 8.5425E-09 8.6115E-09 8.6673E-09 8.7114E-09 8.7480E-09 8.7764E-09 8.7889E-09 8.7890E-09 8.7783E-09 8.7636E-09 8.7569E-09 8.7247E-09 8.6813E-09 8.6531E-09 8.6106E-09 8.5509E-09 8.4852E-09 8.4142E-09 8.3574E-09 8.2972E-09 8.2197E-09 8.1361E-09 8.0487E-09 7.9572E-09 7.8617E-09 7.7619E-09 7.6579E-09 7.5669E-09 7.4706E-09 7.3649E-09 7.2580E-09 7.1454E-09 7.0276E-09 6.9045E-09 6.8215E-09 6.7078E-09 6.9654E-09 7.2424E-09 7.0531E-09 7.2799E-09 7.5098E-09 7.2653E-09 7.2705E-09 7.2560E-09
