Assets/Resources/2015_m01_d27_1100(utc+0800)_l00_csi_1hr_conc.grd
DSAA
         159         159
     -79.000      79.000
     -79.000      79.000
  0.0000E+00  0.8947E-06
[rows 0 to 24 of 159, columns 0 to 56 of 159]
0.0000E+00 0.0000E+00 0.0000E+00 0.0000E+00 0.0000E+00 0.0000E+00 0.0000E+00 0.0000E+00 0.0000E+00 0.0000E+00 0.0000E+00 3.2485E-12 7.9014E-12 1.3382E-11 1.7923E-11 2.6224E-11 3.7989E-11 5.1832E-11 7.0276E-11 9.2234E-11 1.2023E-10 1.5346E-10 1.9370E-10 2.4222E-10 3.0066E-10 3.7011E-10 4.4977E-10 5.4213E-10 6.4728E-10 7.6479E-10 8.9788E-10 1.0488E-09 1.2197E-09 1.4114E-09 1.6210E-09 1.8511E-09 2.0999E-09 2.3695E-09 2.6577E-09 2.9675E-09 3.2979E-09 3.6463E-09 4.0165E-09 4.4010E-09 4.8028E-09 5.2169E-09 5.6384E-09 6.0651E-09 6.4886E-09 6.8997E-09 7.2931E-09 7.6572E-09 7.9799E-09 8.2485E-09 8.4501E-09 8.5790E-09 8.6225E-09
0.0000E+00 0.0000E+00 0.0000E+00 0.0000E+00 0.0000E+00 0.0000E+00 0.0000E+00 0.0000E+00 0.0000E+00 0.0000E+00 0.0000E+00 3.1600E-12 7.7390E-12 1.3183E-11 1.7658E-11 2.5869E-11 3.7537E-11 5.1265E-11 6.9595E-11 9.1419E-11 1.1929E-10 1.5239E-10 1.9247E-10 2.4085E-10 2.9919E-10 3.6864E-10 4.4836E-10 5.4101E-10 6.4667E-10 7.6507E-10 8.9900E-10 1.0513E-09 1.2238E-09 1.4173E-09 1.6310E-09 1.8669E-09 2.1216E-09 2.3982E-09 2.6960E-09 3.0165E-09 3.3601E-09 3.7271E-09 4.1158E-09 4.5267E-09 4.9574E-09 5.4022E-09 5.8629E-09 6.3328E-09 6.8028E-09 7.2692E-09 7.7201E-09 8.1427E-09 8.5242E-09 8.8541E-09 9.1167E-09 9.2976E-09 9.3847E-09
0.0000E+00 0.0000E+00 0.0000E+00 0.0000E+00 0.0000E+00 0.0000E+00 0.0000E+00 0.0000E+00 0.0000E+00 0.0000E+00 0.0000E+00 3.0405E-12 7.4983E-12 1.2848E-11 1.7212E-11 2.5247E-11 3.6698E-11 5.0167E-11 6.8192E-11 8.9652E-11 1.1711E-10 1.4972E-10 1.8924E-10 2.3692E-10 2.9450E-10 3.6321E-10 4.4220E-10 5.3414E-10 6.3919E-10 7.5731E-10 8.8929E-10 1.0427E-09 1.2146E-09 1.4081E-09 1.6229E-09 1.8592E-09 2.1179E-09 2.3988E-09 2.7034E-09 3.0330E-09 3.3865E-09 3.7672E-09 4.1709E-09 4.6036E-09 5.0573E-09 5.5348E-09 6.0330E-09 6.5443E-09 7.0641E-09 7.5843E-09 8.0926E-09 8.5781E-09 9.0271E-09 9.4228E-09 9.7477E-09 9.9833E-09 1.0121E-08
0.0000E+00 0.0000E+00 0.0000E+00 0.0000E+00 0.0000E+00 0.0000E+00 0.0000E+00 0.0000E+00 0.0000E+00 0.0000E+00 0.0000E+00 9.2841E-13 7.1869E-12 1.2388E-11 1.6598E-11 2.4377E-11 3.5496E-11 4.8572E-11 6.6111E-11 8.6990E-11 1.1374E-10 1.4545E-10 1.8392E-10 2.3043E-10 2.8673E-10 3.5402E-10 4.3144E-10 5.2175E-10 6.2501E-10 7.4150E-10 8.7181E-10 1.0231E-09 1.1921E-09 1.3831E-09 1.5959E-09 1.8320E-09 2.0913E-09 2.3732E-09 2.6799E-09 3.0129E-09 3.3738E-09 3.7630E-09 4.1809E-09 4.6315E-09 5.1067E-09 5.6125E-09 6.1403E-09 6.6922E-09 7.2599E-09 7.8317E-09 8.4011E-09 8.9531E-09 9.4705E-09 9.9351E-09 1.0331E-08 1.0637E-08 1.0836E-08
0.0000E+00 0.0000E+00 0.0000E+00 0.0000E+00 0.0000E+00 0.0000E+00 0.0000E+00 0.0000E+00 0.0000E+00 0.0000E+00 0.0000E+00 8.8647E-13 6.8142E-12 1.1816E-11 1.5834E-11 2.3287E-11 3.3971E-11 4.6530E-11 6.3359E-11 8.3375E-11 1.0910E-10 1.3968E-10 1.7680E-10 2.2167E-10 2.7608E-10 3.4126E-10 4.1635E-10 5.0417E-10 6.0456E-10 7.1807E-10 8.4511E-10 9.8866E-10 1.1573E-09 1.3437E-09 1.5515E-09 1.7830E-09 2.0392E-09 2.3192E-09 2.6250E-09 2.9592E-09 3.3234E-09 3.7161E-09 4.1440E-09 4.6020E-09 5.0972E-09 5.6244E-09 6.1838E-09 6.7749E-09 7.3838E-09 8.0097E-09 8.6387E-09 9.2557E-09 9.8442E-09 1.0385E-08 1.0856E-08 1.1233E-08 1.1497E-08
0.0000E+00 0.0000E+00 0.0000E+00 0.0000E+00 0.0000E+00 0.0000E+00 0.0000E+00 0.0000E+00 0.0000E+00 0.0000E+00 0.0000E+00 8.3799E-13 5.1044E-12 1.1151E-11 1.4944E-11 2.1990E-11 3.2091E-11 4.3954E-11 5.9953E-11 7.8996E-11 1.0351E-10 1.3261E-10 1.6798E-10 2.1083E-10 2.6289E-10 3.2537E-10 3.9747E-10 4.8182E-10 5.7840E-10 6.8776E-10 8.1033E-10 9.4884E-10 1.1023E-09 1.2904E-09 1.4913E-09 1.7156E-09 1.9660E-09 2.2410E-09 2.5418E-09 2.8702E-09 3.2331E-09 3.6274E-09 4.0577E-09 4.5252E-09 5.0332E-09 5.5762E-09 6.1610E-09 6.7798E-09 7.4317E-09 8.1077E-09 8.7935E-09 9.4773E-09 1.0139E-08 1.0758E-08 1.1309E-08 1.1766E-08 1.2106E-08
0.0000E+00 0.0000E+00 0.0000E+00 0.0000E+00 0.0000E+00 0.0000E+00 0.0000E+00 0.0000E+00 0.0000E+00 0.0000E+00 0.0000E+00 7.8426E-13 2.6085E-12 9.7077E-12 1.3881E-11 2.0449E-11 2.9933E-11 4.1065E-11 5.6077E-11 7.3942E-11 9.7020E-11 1.2447E-10 1.5786E-10 1.9836E-10 2.4768E-10 3.0696E-10 3.7533E-10 4.5547E-10 5.4727E-10 6.5147E-10 7.6824E-10 9.0051E-10 1.0471E-09 1.2245E-09 1.4170E-09 1.6315E-09 1.8717E-09 2.1380E-09 2.4312E-09 2.7511E-09 3.1083E-09 3.5000E-09 3.9263E-09 4.3960E-09 4.9064E-09 5.4645E-09 6.0674E-09 6.7150E-09 7.4054E-09 8.1242E-09 8.8659E-09 9.6151E-09 1.0350E-08 1.1047E-08 1.1682E-08 1.2224E-08 1.2643E-08
0.0000E+00 0.0000E+00 0.0000E+00 0.0000E+00 0.0000E+00 0.0000E+00 0.0000E+00 0.0000E+00 0.0000E+00 0.0000E+00 0.0000E+00 7.2667E-13 2.4237E-12 7.3704E-12 1.2735E-11 1.8795E-11 2.7568E-11 3.7856E-11 5.1817E-11 6.8430E-11 8.9955E-11 1.1561E-10 1.4684E-10 1.8472E-10 2.3087E-10 2.8651E-10 3.5066E-10 4.2588E-10 5.1164E-10 6.1032E-10 7.2018E-10 8.4502E-10 9.8344E-10 1.1367E-09 1.3309E-09 1.5316E-09 1.7610E-09 2.0157E-09 2.2976E-09 2.6060E-09 2.9492E-09 3.3338E-09 3.7533E-09 4.2195E-09 4.7325E-09 5.2963E-09 5.9099E-09 6.5790E-09 7.2957E-09 8.0565E-09 8.8510E-09 9.6612E-09 1.0469E-08 1.1248E-08 1.1968E-08 1.2597E-08 1.3103E-08
0.0000E+00 0.0000E+00 0.0000E+00 0.0000E+00 0.0000E+00 0.0000E+00 0.0000E+00 0.0000E+00 0.0000E+00 0.0000E+00 0.0000E+00 6.6658E-13 1.6598E-12 4.5073E-12 1.1513E-11 1.7039E-11 2.5087E-11 3.4519E-11 4.7388E-11 6.2714E-11 8.2612E-11 1.0628E-10 1.3514E-10 1.7018E-10 2.1296E-10 2.6394E-10 3.2409E-10 3.9328E-10 4.7351E-10 5.6538E-10 6.6763E-10 7.8396E-10 9.1305E-10 1.0564E-09 1.2147E-09 1.4224E-09 1.6351E-09 1.8759E-09 2.1431E-09 2.4361E-09 2.7657E-09 3.1366E-09 3.5455E-09 3.9989E-09 4.5063E-09 5.0674E-09 5.6903E-09 6.3732E-09 7.1166E-09 7.9129E-09 8.7522E-09 9.6209E-09 1.0498E-08 1.1356E-08 1.2162E-08 1.2881E-08 1.3476E-08
0.0000E+00 0.0000E+00 0.0000E+00 0.0000E+00 0.0000E+00 0.0000E+00 0.0000E+00 0.0000E+00 0.0000E+00 0.0000E+00 0.0000E+00 5.3668E-13 1.5175E-12 3.8389E-12 9.5474E-12 1.5286E-11 2.2031E-11 3.1205E-11 4.2340E-11 5.6885E-11 7.4464E-11 9.6718E-11 1.2286E-10 1.5521E-10 1.9420E-10 2.4117E-10 2.9589E-10 3.5982E-10 4.3301E-10 5.1730E-10 6.1188E-10 7.1899E-10 8.3797E-10 9.7019E-10 1.1161E-09 1.2982E-09 1.5006E-09 1.7240E-09 1.9741E-09 2.2488E-09 2.5588E-09 2.9105E-09 3.3051E-09 3.7435E-09 4.2412E-09 4.7957E-09 5.4182E-09 6.1063E-09 6.8657E-09 7.6895E-09 8.5700E-09 9.4931E-09 1.0436E-08 1.1369E-08 1.2261E-08 1.3071E-08 1.3758E-08
0.0000E+00 0.0000E+00 0.0000E+00 0.0000E+00 0.0000E+00 0.0000E+00 0.0000E+00 0.0000E+00 0.0000E+00 0.0000E+00 0.0000E+00 0.0000E+00 1.3733E-12 3.0367E-12 4.9749E-12 1.3415E-11 1.9678E-11 2.7634E-11 3.7976E-11 5.0637E-11 6.7032E-11 8.6498E-11 1.1046E-10 1.4006E-10 1.7500E-10 2.1804E-10 2.6699E-10 3.2555E-10 3.9146E-10 4.6838E-10 5.5421E-10 6.5166E-10 7.6005E-10 8.8064E-10 1.0136E-09 1.1578E-09 1.3570E-09 1.5620E-09 1.7934E-09 2.0468E-09 2.3360E-09 2.6668E-09 3.0410E-09 3.4611E-09 3.9382E-09 4.4823E-09 5.0959E-09 5.7873E-09 6.5569E-09 7.4031E-09 8.3188E-09 9.2882E-09 1.0290E-08 1.1297E-08 1.2272E-08 1.3173E-08 1.3955E-08
0.0000E+00 0.0000E+00 0.0000E+00 0.0000E+00 0.0000E+00 0.0000E+00 0.0000E+00 0.0000E+00 0.0000E+00 0.0000E+00 0.0000E+00 0.0000E+00 6.4606E-13 2.3291E-12 4.4648E-12 9.1123E-12 1.7418E-11 2.3818E-11 3.3751E-11 4.4504E-11 5.9649E-11 7.6644E-11 9.8602E-11 1.2438E-10 1.5643E-10 1.9415E-10 2.3846E-10 2.9069E-10 3.4983E-10 4.1850E-10 4.9534E-10 5.8385E-10 6.8113E-10 7.8958E-10 9.0947E-10 1.0394E-09 1.1813E-09 1.3944E-09 1.6056E-09 1.8378E-09 2.1039E-09 2.4105E-09 2.7593E-09 3.1581E-09 3.6132E-09 4.1414E-09 4.7416E-09 5.4273E-09 6.1980E-09 7.0580E-09 7.9989E-09 9.0086E-09 1.0068E-08 1.1143E-08 1.2196E-08 1.3184E-08 1.4057E-08
0.0000E+00 0.0000E+00 0.0000E+00 0.0000E+00 0.0000E+00 0.0000E+00 0.0000E+00 0.0000E+00 0.0000E+00 0.0000E+00 0.0000E+00 0.0000E+00 0.0000E+00 1.5298E-12 3.1929E-12 6.6430E-12 1.4529E-11 2.0709E-11 2.8967E-11 3.8989E-11 5.1939E-11 6.7499E-11 8.6920E-11 1.0943E-10 1.3765E-10 1.7114E-10 2.1015E-10 2.5595E-10 3.0874E-10 3.6944E-10 4.3794E-10 5.1601E-10 6.0305E-10 6.9926E-10 8.0569E-10 9.2139E-10 1.0468E-09 1.2147E-09 1.4135E-09 1.6258E-09 1.8674E-09 2.1492E-09 2.4707E-09 2.8441E-09 3.2753E-09 3.7776E-09 4.3615E-09 5.0335E-09 5.8026E-09 6.6722E-09 7.6326E-09 8.6761E-09 9.7803E-09 1.0915E-08 1.2042E-08 1.3116E-08 1.4081E-08
0.0000E+00 0.0000E+00 0.0000E+00 0.0000E+00 0.0000E+00 0.0000E+00 0.0000E+00 0.0000E+00 0.0000E+00 0.0000E+00 0.0000E+00 0.0000E+00 0.0000E+00 9.0356E-13 2.4394E-12 4.8103E-12 1.1439E-11 1.7503E-11 2.4279E-11 3.3334E-11 4.4374E-11 5.8281E-11 7.5059E-11 9.5700E-11 1.1924E-10 1.4929E-10 1.8292E-10 2.2318E-10 2.6923E-10 3.2194E-10 3.8251E-10 4.5003E-10 5.2681E-10 6.1156E-10 7.0495E-10 8.0615E-10 9.1608E-10 1.0334E-09 1.2225E-09 1.4147E-09 1.6336E-09 1.8889E-09 2.1824E-09 2.5260E-09 2.9311E-09 3.4075E-09 3.9696E-09 4.6240E-09 5.3838E-09 6.2496E-09 7.2221E-09 8.2928E-09 9.4372E-09 1.0627E-08 1.1822E-08 1.2973E-08 1.4024E-08
0.0000E+00 0.0000E+00 0.0000E+00 0.0000E+00 0.0000E+00 0.0000E+00 0.0000E+00 0.0000E+00 0.0000E+00 0.0000E+00 0.0000E+00 0.0000E+00 0.0000E+00 0.0000E+00 2.0492E-12 3.0325E-12 7.5324E-12 1.4034E-11 2.0652E-11 2.7724E-11 3.7826E-11 4.9427E-11 6.4058E-11 8.1839E-11 1.0283E-10 1.2822E-10 1.5751E-10 1.9216E-10 2.3134E-10 2.7761E-10 3.2886E-10 3.8844E-10 4.5352E-10 5.2797E-10 6.0878E-10 6.9627E-10 7.9126E-10 8.9247E-10 1.0079E-09 1.2056E-09 1.4027E-09 1.6359E-09 1.9018E-09 2.2143E-09 2.5913E-09 3.0383E-09 3.5726E-09 4.2075E-09 4.9530E-09 5.8146E-09 6.7933E-09 7.8794E-09 9.0550E-09 1.0290E-08 1.1548E-08 1.2771E-08 1.3903E-08
0.0000E+00 0.0000E+00 0.0000E+00 0.0000E+00 0.0000E+00 0.0000E+00 0.0000E+00 0.0000E+00 0.0000E+00 0.0000E+00 0.0000E+00 0.0000E+00 0.0000E+00 0.0000E+00 6.1291E-13 2.4279E-12 4.4765E-12 1.0542E-11 1.6683E-11 2.2843E-11 3.1622E-11 4.1267E-11 5.4370E-11 6.8936E-11 8.7337E-11 1.0816E-10 1.3372E-10 1.6249E-10 1.9650E-10 2.3523E-10 2.7962E-10 3.2974E-10 3.8576E-10 4.4890E-10 5.1881E-10 5.9311E-10 6.7431E-10 7.6039E-10 8.5443E-10 1.0046E-09 1.1778E-09 1.3908E-09 1.6331E-09 1.9157E-09 2.2623E-09 2.6809E-09 3.1861E-09 3.7961E-09 4.5198E-09 5.3694E-09 6.3482E-09 7.4453E-09 8.6457E-09 9.9206E-09 1.1228E-08 1.2516E-08 1.3723E-08
0.0000E+00 0.0000E+00 0.0000E+00 0.0000E+00 0.0000E+00 0.0000E+00 0.0000E+00 0.0000E+00 0.0000E+00 0.0000E+00 0.0000E+00 0.0000E+00 0.0000E+00 0.0000E+00 0.0000E+00 1.8998E-12 2.7085E-12 6.3095E-12 1.2715E-11 1.9221E-11 2.4806E-11 3.4909E-11 4.4212E-11 5.8181E-11 7.2286E-11 9.1134E-11 1.1080E-10 1.3608E-10 1.6396E-10 1.9651E-10 2.3392E-10 2.7564E-10 3.2358E-10 3.7517E-10 4.3541E-10 4.9856E-10 5.6650E-10 6.3852E-10 7.1534E-10 8.0539E-10 9.7139E-10 1.1556E-09 1.3806E-09 1.6365E-09 1.9510E-09 2.3394E-09 2.8167E-09 3.3998E-09 4.1025E-09 4.9367E-09 5.9060E-09 7.0065E-09 8.2228E-09 9.5318E-09 1.0883E-08 1.2227E-08 1.3499E-08
0.0000E+00 0.0000E+00 0.0000E+00 0.0000E+00 0.0000E+00 0.0000E+00 0.0000E+00 0.0000E+00 0.0000E+00 0.0000E+00 0.0000E+00 0.0000E+00 0.0000E+00 0.0000E+00 0.0000E+00 8.2272E-14 2.2960E-12 3.3511E-12 8.1047E-12 1.4223E-11 2.0506E-11 2.7142E-11 3.6557E-11 4.6898E-11 5.9696E-11 7.4592E-11 9.1766E-11 1.1169E-10 1.3537E-10 1.6263E-10 1.9238E-10 2.2815E-10 2.6627E-10 3.1083E-10 3.5834E-10 4.1278E-10 4.6938E-10 5.2870E-10 5.9182E-10 6.6232E-10 7.5726E-10 9.4230E-10 1.1396E-09 1.3781E-09 1.6648E-09 2.0239E-09 2.4707E-09 3.0231E-09 3.7005E-09 4.5165E-09 5.4737E-09 6.5728E-09 7.8007E-09 9.1298E-09 1.0518E-08 1.1915E-08 1.3247E-08
0.0000E+00 0.0000E+00 0.0000E+00 0.0000E+00 0.0000E+00 0.0000E+00 0.0000E+00 0.0000E+00 0.0000E+00 0.0000E+00 0.0000E+00 0.0000E+00 0.0000E+00 0.0000E+00 0.0000E+00 0.0000E+00 8.0162E-13 2.4840E-12 4.5706E-12 9.3181E-12 1.6086E-11 2.1353E-11 2.9342E-11 3.7249E-11 4.8881E-11 5.9556E-11 7.5339E-11 8.9959E-11 1.1048E-10 1.3084E-10 1.5755E-10 1.8395E-10 2.1743E-10 2.5173E-10 2.9216E-10 3.3487E-10 3.8306E-10 4.3148E-10 4.8252E-10 5.3650E-10 6.0794E-10 7.4973E-10 9.2311E-10 1.1366E-09 1.4027E-09 1.7342E-09 2.1531E-09 2.6780E-09 3.3293E-09 4.1204E-09 5.0628E-09 6.1563E-09 7.3922E-09 8.7385E-09 1.0156E-08 1.1591E-08 1.2972E-08
0.0000E+00 0.0000E+00 0.0000E+00 0.0000E+00 0.0000E+00 0.0000E+00 0.0000E+00 0.0000E+00 0.0000E+00 0.0000E+00 0.0000E+00 0.0000E+00 0.0000E+00 0.0000E+00 0.0000E+00 0.0000E+00 0.0000E+00 1.3893E-12 2.6330E-12 5.4715E-12 9.9399E-12 1.7071E-11 2.1612E-11 2.9879E-11 3.7091E-11 4.8269E-11 5.8464E-11 7.2823E-11 8.6440E-11 1.0545E-10 1.2439E-10 1.4788E-10 1.7266E-10 2.0131E-10 2.3306E-10 2.6720E-10 3.0614E-10 3.4631E-10 3.8731E-10 4.3019E-10 4.8129E-10 5.6702E-10 7.3383E-10 9.2115E-10 1.1684E-09 1.4732E-09 1.8641E-09 2.3608E-09 2.9862E-09 3.7545E-09 4.6790E-09 5.7624E-09 6.9950E-09 8.3528E-09 9.7990E-09 1.1269E-08 1.2695E-08
0.0000E+00 0.0000E+00 0.0000E+00 0.0000E+00 0.0000E+00 0.0000E+00 0.0000E+00 0.0000E+00 0.0000E+00 0.0000E+00 0.0000E+00 0.0000E+00 0.0000E+00 0.0000E+00 0.0000E+00 0.0000E+00 0.0000E+00 0.0000E+00 1.7147E-12 2.8255E-12 5.8520E-12 1.0115E-11 1.6804E-11 2.1896E-11 2.8903E-11 3.6346E-11 4.5971E-11 5.6415E-11 6.8503E-11 8.1821E-11 9.7575E-11 1.1563E-10 1.3506E-10 1.5858E-10 1.8151E-10 2.1047E-10 2.3866E-10 2.7306E-10 3.0536E-10 3.3911E-10 3.7394E-10 4.4301E-10 5.4674E-10 7.3698E-10 9.5904E-10 1.2432E-09 1.6084E-09 2.0800E-09 2.6783E-09 3.4231E-09 4.3296E-09 5.4041E-09 6.6352E-09 8.0014E-09 9.4619E-09 1.0959E-08 1.2421E-08
0.0000E+00 0.0000E+00 0.0000E+00 0.0000E+00 0.0000E+00 0.0000E+00 0.0000E+00 0.0000E+00 0.0000E+00 0.0000E+00 0.0000E+00 0.0000E+00 0.0000E+00 0.0000E+00 0.0000E+00 0.0000E+00 0.0000E+00 0.0000E+00 1.1976E-13 1.6918E-12 3.0084E-12 5.6715E-12 9.7051E-12 1.5369E-11 2.1067E-11 2.6986E-11 3.4226E-11 4.1994E-11 5.2163E-11 6.2306E-11 7.4919E-11 8.7746E-11 1.0412E-10 1.1980E-10 1.4027E-10 1.6006E-10 1.8400E-10 2.0816E-10 2.3599E-10 2.6228E-10 2.8914E-10 3.3374E-10 4.2523E-10 5.7514E-10 7.7411E-10 1.0377E-09 1.3826E-09 1.8313E-09 2.4052E-09 3.1263E-09 4.0127E-09 5.0725E-09 6.2984E-09 7.6735E-09 9.1501E-09 1.0673E-08 1.2168E-08
0.0000E+00 0.0000E+00 0.0000E+00 0.0000E+00 0.0000E+00 0.0000E+00 0.0000E+00 0.0000E+00 0.0000E+00 0.0000E+00 0.0000E+00 0.0000E+00 0.0000E+00 0.0000E+00 0.0000E+00 0.0000E+00 0.0000E+00 0.0000E+00 0.0000E+00 2.4155E-13 1.3596E-12 2.7414E-12 4.9237E-12 8.3542E-12 1.3178E-11 1.8626E-11 2.3747E-11 3.0640E-11 3.7100E-11 4.5997E-11 5.4236E-11 6.5437E-11 7.6242E-11 9.0150E-11 1.0401E-10 1.2000E-10 1.3727E-10 1.5558E-10 1.7713E-10 1.9777E-10 2.1834E-10 2.4842E-10 3.2097E-10 4.3224E-10 6.2051E-10 8.6188E-10 1.1900E-09 1.6140E-09 2.1653E-09 2.8685E-09 3.7383E-09 4.7850E-09 6.0069E-09 7.3824E-09 8.8712E-09 1.0415E-08 1.1944E-08
0.0000E+00 0.0000E+00 0.0000E+00 0.0000E+00 0.0000E+00 0.0000E+00 0.0000E+00 0.0000E+00 0.0000E+00 0.0000E+00 0.0000E+00 0.0000E+00 0.0000E+00 0.0000E+00 0.0000E+00 0.0000E+00 0.0000E+00 0.0000E+00 0.0000E+00 0.0000E+00 2.3970E-13 9.9853E-13 1.9961E-12 3.6841E-12 6.5812E-12 1.0113E-11 1.5051E-11 1.9691E-11 2.5460E-11 3.1048E-11 3.8289E-11 4.5192E-11 5.4046E-11 6.3522E-11 7.3964E-11 8.5841E-11 9.8154E-11 1.1290E-10 1.2651E-10 1.4379E-10 1.5945E-10 1.8211E-10 2.2777E-10 3.3295E-10 4.8195E-10 7.1324E-10 1.0208E-09 1.4258E-09 1.9581E-09 2.6378E-09 3.4890E-09 4.5248E-09 5.7478E-09 7.1290E-09 8.6315E-09 1.0198E-08 1.1749E-08
0.0000E+00 0.0000E+00 0.0000E+00 0.0000E+00 0.0000E+00 0.0000E+00 0.0000E+00 0.0000E+00 0.0000E+00 0.0000E+00 0.0000E+00 0.0000E+00 0.0000E+00 0.0000E+00 0.0000E+00 0.0000E+00 0.0000E+00 0.0000E+00 0.0000E+00 0.0000E+00 0.0000E+00 7.1089E-14 4.3040E-13 1.2301E-12 2.2260E-12 4.2210E-12 6.8920E-12 1.0576E-11 1.4503E-11 1.9264E-11 2.4202E-11 2.9392E-11 3.5187E-11 4.1694E-11 4.9399E-11 5.7493E-11 6.6909E-11 7.5713E-11 8.6725E-11 9.7538E-11 1.1030E-10 1.2708E-10 1.6623E-10 2.3673E-10 3.7915E-10 5.8500E-10 8.6941E-10 1.2604E-09 1.7795E-09 2.4418E-09 3.2805E-09 4.3088E-09 5.5252E-09 6.9114E-09 8.4316E-09 1.0025E-08 1.1606E-08
