Assets/Resources/2015_m01_d24_1700(utc+0800)_l00_csi_1hr_conc.grd
DSAA
         159         159
     -79.000      79.000
     -79.000      79.000
  0.0000E+00  0.1560E-04
[rows 125 to 149 of 159, columns 0 to 56 of 159]
2.3578E-10 2.3767E-10 2.3952E-10 2.4133E-10 2.4311E-10 2.4483E-10 2.4651E-10 2.4814E-10 2.4973E-10 2.5125E-10 2.5272E-10 2.5413E-10 2.5549E-10 2.5677E-10 2.5799E-10 2.5915E-10 2.6024E-10 2.6126E-10 2.6221E-10 2.6309E-10 2.6390E-10 2.6463E-10 2.6529E-10 2.6588E-10 2.6638E-10 2.6681E-10 2.6715E-10 2.6742E-10 2.6760E-10 2.6769E-10 2.6771E-10 2.6764E-10 2.6749E-10 2.6726E-10 2.6696E-10 2.6656E-10 2.6610E-10 2.6555E-10 2.6492E-10 2.6421E-10 2.6343E-10 2.6256E-10 2.6160E-10 2.6057E-10 2.5945E-10 2.5823E-10 2.5694E-10 2.5556E-10 2.5409E-10 2.5254E-10 2.5090E-10 2.4917E-10 2.4737E-10 2.4549E-10 2.4353E-10 2.4149E-10 2.3938E-10
2.2631E-10 2.2813E-10 2.2990E-10 2.3164E-10 2.3334E-10 2.3500E-10 2.3661E-10 2.3817E-10 2.3969E-10 2.4115E-10 2.4256E-10 2.4391E-10 2.4521E-10 2.4644E-10 2.4761E-10 2.4872E-10 2.4977E-10 2.5075E-10 2.5166E-10 2.5251E-10 2.5329E-10 2.5400E-10 2.5463E-10 2.5520E-10 2.5569E-10 2.5610E-10 2.5643E-10 2.5669E-10 2.5687E-10 2.5697E-10 2.5699E-10 2.5694E-10 2.5681E-10 2.5660E-10 2.5632E-10 2.5596E-10 2.5553E-10 2.5502E-10 2.5443E-10 2.5377E-10 2.5303E-10 2.5221E-10 2.5131E-10 2.5032E-10 2.4925E-10 2.4810E-10 2.4686E-10 2.4554E-10 2.4414E-10 2.4265E-10 2.4108E-10 2.3943E-10 2.3770E-10 2.3589E-10 2.3401E-10 2.3206E-10 2.3004E-10
2.1712E-10 2.1885E-10 2.2056E-10 2.2223E-10 2.2386E-10 2.2544E-10 2.2699E-10 2.2849E-10 2.2995E-10 2.3135E-10 2.3270E-10 2.3399E-10 2.3523E-10 2.3641E-10 2.3754E-10 2.3860E-10 2.3961E-10 2.4055E-10 2.4143E-10 2.4225E-10 2.4300E-10 2.4368E-10 2.4430E-10 2.4484E-10 2.4531E-10 2.4571E-10 2.4604E-10 2.4629E-10 2.4647E-10 2.4657E-10 2.4661E-10 2.4657E-10 2.4646E-10 2.4627E-10 2.4602E-10 2.4569E-10 2.4529E-10 2.4482E-10 2.4428E-10 2.4366E-10 2.4296E-10 2.4219E-10 2.4133E-10 2.4039E-10 2.3938E-10 2.3828E-10 2.3710E-10 2.3583E-10 2.3449E-10 2.3306E-10 2.3156E-10 2.2998E-10 2.2832E-10 2.2659E-10 2.2479E-10 2.2292E-10 2.2087E-10
2.0819E-10 2.0986E-10 2.1149E-10 2.1309E-10 2.1465E-10 2.1618E-10 2.1766E-10 2.1910E-10 2.2049E-10 2.2183E-10 2.2312E-10 2.2436E-10 2.2555E-10 2.2669E-10 2.2777E-10 2.2879E-10 2.2976E-10 2.3066E-10 2.3151E-10 2.3230E-10 2.3302E-10 2.3368E-10 2.3428E-10 2.3480E-10 2.3526E-10 2.3565E-10 2.3596E-10 2.3621E-10 2.3640E-10 2.3651E-10 2.3655E-10 2.3653E-10 2.3643E-10 2.3628E-10 2.3605E-10 2.3575E-10 2.3539E-10 2.3495E-10 2.3445E-10 2.3387E-10 2.3321E-10 2.3248E-10 2.3167E-10 2.3078E-10 2.2981E-10 2.2876E-10 2.2763E-10 2.2642E-10 2.2514E-10 2.2377E-10 2.2233E-10 2.2082E-10 2.1923E-10 2.1747E-10 2.1575E-10 2.1396E-10 2.1210E-10
1.9954E-10 2.0113E-10 2.0270E-10 2.0423E-10 2.0573E-10 2.0719E-10 2.0861E-10 2.0998E-10 2.1132E-10 2.1260E-10 2.1384E-10 2.1503E-10 2.1617E-10 2.1726E-10 2.1830E-10 2.1928E-10 2.2021E-10 2.2108E-10 2.2190E-10 2.2266E-10 2.2335E-10 2.2399E-10 2.2457E-10 2.2508E-10 2.2552E-10 2.2590E-10 2.2621E-10 2.2646E-10 2.2664E-10 2.2677E-10 2.2682E-10 2.2681E-10 2.2674E-10 2.2661E-10 2.2641E-10 2.2614E-10 2.2581E-10 2.2541E-10 2.2494E-10 2.2439E-10 2.2378E-10 2.2308E-10 2.2232E-10 2.2147E-10 2.2055E-10 2.1955E-10 2.1847E-10 2.1731E-10 2.1608E-10 2.1477E-10 2.1329E-10 2.1184E-10 2.1032E-10 2.0874E-10 2.0699E-10 2.0528E-10 2.0350E-10
1.9114E-10 1.9268E-10 1.9418E-10 1.9565E-10 1.9708E-10 1.9848E-10 1.9984E-10 2.0115E-10 2.0243E-10 2.0366E-10 2.0485E-10 2.0599E-10 2.0708E-10 2.0813E-10 2.0912E-10 2.1007E-10 2.1096E-10 2.1180E-10 2.1259E-10 2.1332E-10 2.1400E-10 2.1461E-10 2.1517E-10 2.1566E-10 2.1609E-10 2.1646E-10 2.1678E-10 2.1702E-10 2.1722E-10 2.1735E-10 2.1741E-10 2.1742E-10 2.1737E-10 2.1726E-10 2.1709E-10 2.1685E-10 2.1655E-10 2.1618E-10 2.1574E-10 2.1523E-10 2.1465E-10 2.1399E-10 2.1326E-10 2.1246E-10 2.1158E-10 2.1062E-10 2.0959E-10 2.0838E-10 2.0720E-10 2.0596E-10 2.0464E-10 2.0315E-10 2.0170E-10 2.0019E-10 1.9851E-10 1.9687E-10 1.9507E-10
1.8302E-10 1.8448E-10 1.8592E-10 1.8733E-10 1.8870E-10 1.9004E-10 1.9134E-10 1.9260E-10 1.9382E-10 1.9500E-10 1.9614E-10 1.9723E-10 1.9828E-10 1.9929E-10 2.0025E-10 2.0116E-10 2.0202E-10 2.0283E-10 2.0359E-10 2.0429E-10 2.0494E-10 2.0554E-10 2.0608E-10 2.0656E-10 2.0698E-10 2.0735E-10 2.0765E-10 2.0791E-10 2.0810E-10 2.0824E-10 2.0833E-10 2.0835E-10 2.0832E-10 2.0823E-10 2.0808E-10 2.0787E-10 2.0760E-10 2.0726E-10 2.0685E-10 2.0637E-10 2.0582E-10 2.0520E-10 2.0451E-10 2.0363E-10 2.0280E-10 2.0188E-10 2.0090E-10 1.9974E-10 1.9862E-10 1.9743E-10 1.9607E-10 1.9475E-10 1.9336E-10 1.9181E-10 1.9020E-10 1.8864E-10 1.8702E-10
1.7515E-10 1.7655E-10 1.7793E-10 1.7928E-10 1.8059E-10 1.8187E-10 1.8312E-10 1.8432E-10 1.8549E-10 1.8662E-10 1.8771E-10 1.8876E-10 1.8977E-10 1.9074E-10 1.9166E-10 1.9253E-10 1.9337E-10 1.9415E-10 1.9488E-10 1.9556E-10 1.9619E-10 1.9676E-10 1.9729E-10 1.9775E-10 1.9817E-10 1.9853E-10 1.9884E-10 1.9910E-10 1.9930E-10 1.9945E-10 1.9955E-10 1.9959E-10 1.9958E-10 1.9951E-10 1.9939E-10 1.9920E-10 1.9895E-10 1.9864E-10 1.9815E-10 1.9770E-10 1.9718E-10 1.9660E-10 1.9594E-10 1.9521E-10 1.9430E-10 1.9344E-10 1.9250E-10 1.9139E-10 1.9032E-10 1.8918E-10 1.8788E-10 1.8651E-10 1.8519E-10 1.8381E-10 1.8227E-10 1.8072E-10 1.7917E-10
1.6754E-10 1.6888E-10 1.7020E-10 1.7149E-10 1.7275E-10 1.7397E-10 1.7516E-10 1.7631E-10 1.7743E-10 1.7852E-10 1.7957E-10 1.8058E-10 1.8154E-10 1.8247E-10 1.8336E-10 1.8420E-10 1.8500E-10 1.8576E-10 1.8646E-10 1.8712E-10 1.8773E-10 1.8829E-10 1.8879E-10 1.8925E-10 1.8966E-10 1.9002E-10 1.9033E-10 1.9060E-10 1.9081E-10 1.9097E-10 1.9108E-10 1.9114E-10 1.9104E-10 1.9099E-10 1.9089E-10 1.9073E-10 1.9050E-10 1.9021E-10 1.8986E-10 1.8933E-10 1.8884E-10 1.8828E-10 1.8766E-10 1.8686E-10 1.8610E-10 1.8527E-10 1.8427E-10 1.8331E-10 1.8219E-10 1.8111E-10 1.7997E-10 1.7866E-10 1.7734E-10 1.7603E-10 1.7455E-10 1.7307E-10 1.7149E-10
1.6007E-10 1.6147E-10 1.6272E-10 1.6396E-10 1.6516E-10 1.6633E-10 1.6747E-10 1.6857E-10 1.6965E-10 1.7069E-10 1.7170E-10 1.7266E-10 1.7360E-10 1.7449E-10 1.7534E-10 1.7616E-10 1.7693E-10 1.7765E-10 1.7834E-10 1.7897E-10 1.7956E-10 1.8010E-10 1.8060E-10 1.8094E-10 1.8135E-10 1.8171E-10 1.8202E-10 1.8229E-10 1.8251E-10 1.8268E-10 1.8281E-10 1.8289E-10 1.8291E-10 1.8288E-10 1.8269E-10 1.8255E-10 1.8234E-10 1.8208E-10 1.8164E-10 1.8124E-10 1.8078E-10 1.8025E-10 1.7955E-10 1.7889E-10 1.7807E-10 1.7728E-10 1.7643E-10 1.7542E-10 1.7445E-10 1.7335E-10 1.7216E-10 1.7102E-10 1.6976E-10 1.6840E-10 1.6703E-10 1.6561E-10 1.6420E-10
1.5297E-10 1.5420E-10 1.5540E-10 1.5658E-10 1.5772E-10 1.5884E-10 1.5994E-10 1.6100E-10 1.6203E-10 1.6303E-10 1.6399E-10 1.6492E-10 1.6582E-10 1.6668E-10 1.6750E-10 1.6828E-10 1.6903E-10 1.6973E-10 1.7039E-10 1.7100E-10 1.7157E-10 1.7211E-10 1.7259E-10 1.7304E-10 1.7344E-10 1.7380E-10 1.7412E-10 1.7439E-10 1.7452E-10 1.7471E-10 1.7484E-10 1.7494E-10 1.7497E-10 1.7486E-10 1.7479E-10 1.7466E-10 1.7448E-10 1.7412E-10 1.7381E-10 1.7344E-10 1.7290E-10 1.7240E-10 1.7184E-10 1.7111E-10 1.7042E-10 1.6961E-10 1.6880E-10 1.6783E-10 1.6685E-10 1.6587E-10 1.6473E-10 1.6357E-10 1.6237E-10 1.6117E-10 1.5987E-10 1.5851E-10 1.5717E-10
1.4600E-10 1.4718E-10 1.4833E-10 1.4945E-10 1.5055E-10 1.5162E-10 1.5267E-10 1.5379E-10 1.5478E-10 1.5574E-10 1.5666E-10 1.5756E-10 1.5842E-10 1.5925E-10 1.5994E-10 1.6069E-10 1.6141E-10 1.6208E-10 1.6272E-10 1.6332E-10 1.6388E-10 1.6439E-10 1.6488E-10 1.6532E-10 1.6562E-10 1.6598E-10 1.6630E-10 1.6658E-10 1.6683E-10 1.6702E-10 1.6707E-10 1.6717E-10 1.6722E-10 1.6722E-10 1.6717E-10 1.6696E-10 1.6679E-10 1.6656E-10 1.6627E-10 1.6581E-10 1.6540E-10 1.6486E-10 1.6423E-10 1.6363E-10 1.6292E-10 1.6221E-10 1.6134E-10 1.6051E-10 1.5957E-10 1.5858E-10 1.5759E-10 1.5649E-10 1.5534E-10 1.5420E-10 1.5295E-10 1.5165E-10 1.5031E-10
1.3918E-10 1.4030E-10 1.4140E-10 1.4248E-10 1.4353E-10 1.4455E-10 1.4556E-10 1.4653E-10 1.4759E-10 1.4851E-10 1.4940E-10 1.5026E-10 1.5109E-10 1.5189E-10 1.5265E-10 1.5338E-10 1.5407E-10 1.5472E-10 1.5523E-10 1.5582E-10 1.5636E-10 1.5688E-10 1.5735E-10 1.5779E-10 1.5819E-10 1.5856E-10 1.5888E-10 1.5917E-10 1.5931E-10 1.5952E-10 1.5968E-10 1.5980E-10 1.5986E-10 1.5977E-10 1.5973E-10 1.5963E-10 1.5948E-10 1.5910E-10 1.5883E-10 1.5849E-10 1.5804E-10 1.5749E-10 1.5698E-10 1.5642E-10 1.5574E-10 1.5507E-10 1.5428E-10 1.5343E-10 1.5259E-10 1.5165E-10 1.5064E-10 1.4959E-10 1.4856E-10 1.4741E-10 1.4621E-10 1.4498E-10 1.4376E-10
1.3272E-10 1.3378E-10 1.3483E-10 1.3596E-10 1.3697E-10 1.3796E-10 1.3892E-10 1.3985E-10 1.4076E-10 1.4164E-10 1.4250E-10 1.4333E-10 1.4413E-10 1.4490E-10 1.4563E-10 1.4633E-10 1.4700E-10 1.4753E-10 1.4814E-10 1.4870E-10 1.4924E-10 1.4974E-10 1.5021E-10 1.5065E-10 1.5105E-10 1.5131E-10 1.5165E-10 1.5194E-10 1.5220E-10 1.5241E-10 1.5258E-10 1.5254E-10 1.5261E-10 1.5263E-10 1.5260E-10 1.5245E-10 1.5220E-10 1.5201E-10 1.5175E-10 1.5138E-10 1.5101E-10 1.5059E-10 1.5005E-10 1.4945E-10 1.4886E-10 1.4816E-10 1.4741E-10 1.4666E-10 1.4581E-10 1.4490E-10 1.4400E-10 1.4300E-10 1.4195E-10 1.4092E-10 1.3978E-10 1.3860E-10 1.3744E-10
1.2638E-10 1.2740E-10 1.2841E-10 1.2939E-10 1.3035E-10 1.3140E-10 1.3232E-10 1.3322E-10 1.3409E-10 1.3494E-10 1.3576E-10 1.3656E-10 1.3733E-10 1.3807E-10 1.3878E-10 1.3946E-10 1.4010E-10 1.4072E-10 1.4130E-10 1.4187E-10 1.4239E-10 1.4278E-10 1.4325E-10 1.4369E-10 1.4402E-10 1.4440E-10 1.4473E-10 1.4503E-10 1.4518E-10 1.4535E-10 1.4552E-10 1.4565E-10 1.4573E-10 1.4576E-10 1.4567E-10 1.4559E-10 1.4546E-10 1.4522E-10 1.4491E-10 1.4462E-10 1.4427E-10 1.4381E-10 1.4330E-10 1.4279E-10 1.4217E-10 1.4150E-10 1.4084E-10 1.4007E-10 1.3926E-10 1.3846E-10 1.3755E-10 1.3659E-10 1.3565E-10 1.3461E-10 1.3346E-10 1.3239E-10 1.3122E-10
1.2026E-10 1.2130E-10 1.2226E-10 1.2320E-10 1.2413E-10 1.2503E-10 1.2591E-10 1.2677E-10 1.2761E-10 1.2843E-10 1.2922E-10 1.2999E-10 1.3073E-10 1.3144E-10 1.3212E-10 1.3278E-10 1.3341E-10 1.3401E-10 1.3458E-10 1.3506E-10 1.3559E-10 1.3608E-10 1.3655E-10 1.3697E-10 1.3738E-10 1.3775E-10 1.3803E-10 1.3833E-10 1.3859E-10 1.3882E-10 1.3899E-10 1.3912E-10 1.3908E-10 1.3912E-10 1.3910E-10 1.3903E-10 1.3879E-10 1.3862E-10 1.3839E-10 1.3811E-10 1.3766E-10 1.3728E-10 1.3685E-10 1.3631E-10 1.3578E-10 1.3515E-10 1.3453E-10 1.3379E-10 1.3301E-10 1.3225E-10 1.3138E-10 1.3041E-10 1.2952E-10 1.2852E-10 1.2748E-10 1.2647E-10 1.2536E-10
1.1448E-10 1.1541E-10 1.1633E-10 1.1730E-10 1.1818E-10 1.1905E-10 1.1989E-10 1.2072E-10 1.2153E-10 1.2231E-10 1.2307E-10 1.2381E-10 1.2452E-10 1.2521E-10 1.2587E-10 1.2651E-10 1.2712E-10 1.2771E-10 1.2827E-10 1.2881E-10 1.2932E-10 1.2981E-10 1.3020E-10 1.3064E-10 1.3097E-10 1.3135E-10 1.3169E-10 1.3199E-10 1.3225E-10 1.3241E-10 1.3253E-10 1.3266E-10 1.3275E-10 1.3279E-10 1.3265E-10 1.3259E-10 1.3248E-10 1.3232E-10 1.3205E-10 1.3179E-10 1.3142E-10 1.3106E-10 1.3059E-10 1.3014E-10 1.2958E-10 1.2903E-10 1.2838E-10 1.2768E-10 1.2694E-10 1.2615E-10 1.2532E-10 1.2452E-10 1.2367E-10 1.2266E-10 1.2173E-10 1.2077E-10 1.1958E-10
1.0886E-10 1.0975E-10 1.1063E-10 1.1149E-10 1.1241E-10 1.1323E-10 1.1405E-10 1.1484E-10 1.1562E-10 1.1637E-10 1.1710E-10 1.1781E-10 1.1850E-10 1.1916E-10 1.1981E-10 1.2042E-10 1.2102E-10 1.2159E-10 1.2215E-10 1.2267E-10 1.2313E-10 1.2360E-10 1.2406E-10 1.2449E-10 1.2489E-10 1.2520E-10 1.2554E-10 1.2578E-10 1.2604E-10 1.2626E-10 1.2644E-10 1.2657E-10 1.2660E-10 1.2664E-10 1.2663E-10 1.2652E-10 1.2641E-10 1.2620E-10 1.2600E-10 1.2570E-10 1.2541E-10 1.2501E-10 1.2462E-10 1.2413E-10 1.2360E-10 1.2302E-10 1.2240E-10 1.2180E-10 1.2115E-10 1.2040E-10 1.1961E-10 1.1885E-10 1.1804E-10 1.1701E-10 1.1613E-10 1.1522E-10 1.1408E-10
1.0347E-10 1.0438E-10 1.0522E-10 1.0605E-10 1.0686E-10 1.0766E-10 1.0844E-10 1.0920E-10 1.0995E-10 1.1067E-10 1.1137E-10 1.1206E-10 1.1272E-10 1.1336E-10 1.1398E-10 1.1459E-10 1.1517E-10 1.1574E-10 1.1627E-10 1.1680E-10 1.1730E-10 1.1778E-10 1.1823E-10 1.1860E-10 1.1899E-10 1.1936E-10 1.1969E-10 1.1999E-10 1.2025E-10 1.2041E-10 1.2052E-10 1.2066E-10 1.2074E-10 1.2079E-10 1.2072E-10 1.2061E-10 1.2052E-10 1.2038E-10 1.2013E-10 1.1977E-10 1.1950E-10 1.1918E-10 1.1876E-10 1.1836E-10 1.1791E-10 1.1736E-10 1.1677E-10 1.1620E-10 1.1558E-10 1.1481E-10 1.1406E-10 1.1333E-10 1.1244E-10 1.1158E-10 1.1074E-10 1.0981E-10 1.0891E-10
9.8346E-11 9.9162E-11 9.9967E-11 1.0082E-10 1.0160E-10 1.0236E-10 1.0311E-10 1.0385E-10 1.0456E-10 1.0526E-10 1.0594E-10 1.0659E-10 1.0724E-10 1.0786E-10 1.0847E-10 1.0905E-10 1.0963E-10 1.1018E-10 1.1072E-10 1.1116E-10 1.1166E-10 1.1213E-10 1.1258E-10 1.1300E-10 1.1340E-10 1.1376E-10 1.1396E-10 1.1426E-10 1.1451E-10 1.1472E-10 1.1490E-10 1.1503E-10 1.1505E-10 1.1503E-10 1.1497E-10 1.1493E-10 1.1478E-10 1.1465E-10 1.1448E-10 1.1427E-10 1.1395E-10 1.1365E-10 1.1325E-10 1.1286E-10 1.1238E-10 1.1185E-10 1.1129E-10 1.1075E-10 1.1004E-10 1.0937E-10 1.0871E-10 1.0802E-10 1.0723E-10 1.0647E-10 1.0568E-10 1.0467E-10 1.0381E-10
9.3318E-11 9.4099E-11 9.4930E-11 9.5688E-11 9.6434E-11 9.7167E-11 9.7887E-11 9.8588E-11 9.9275E-11 9.9947E-11 1.0060E-10 1.0124E-10 1.0186E-10 1.0247E-10 1.0312E-10 1.0370E-10 1.0425E-10 1.0480E-10 1.0526E-10 1.0577E-10 1.0625E-10 1.0672E-10 1.0710E-10 1.0752E-10 1.0790E-10 1.0826E-10 1.0858E-10 1.0881E-10 1.0905E-10 1.0920E-10 1.0937E-10 1.0950E-10 1.0959E-10 1.0963E-10 1.0957E-10 1.0953E-10 1.0940E-10 1.0928E-10 1.0911E-10 1.0885E-10 1.0855E-10 1.0826E-10 1.0788E-10 1.0746E-10 1.0700E-10 1.0650E-10 1.0602E-10 1.0551E-10 1.0490E-10 1.0432E-10 1.0369E-10 1.0292E-10 1.0217E-10 1.0145E-10 1.0057E-10 9.9726E-11 9.8912E-11
8.8556E-11 8.9302E-11 9.0040E-11 9.0766E-11 9.1544E-11 9.2249E-11 9.2936E-11 9.3611E-11 9.4274E-11 9.4916E-11 9.5613E-11 9.6166E-11 9.6774E-11 9.7361E-11 9.7942E-11 9.8501E-11 9.9056E-11 9.9583E-11 1.0011E-10 1.0060E-10 1.0108E-10 1.0154E-10 1.0198E-10 1.0238E-10 1.0276E-10 1.0305E-10 1.0336E-10 1.0364E-10 1.0388E-10 1.0408E-10 1.0419E-10 1.0431E-10 1.0433E-10 1.0438E-10 1.0438E-10 1.0429E-10 1.0422E-10 1.0398E-10 1.0383E-10 1.0358E-10 1.0330E-10 1.0303E-10 1.0273E-10 1.0233E-10 1.0195E-10 1.0154E-10 1.0109E-10 1.0048E-10 9.9897E-11 9.9343E-11 9.8692E-11 9.7951E-11 9.7299E-11 9.6616E-11 9.5779E-11 9.5035E-11 9.4262E-11
8.3993E-11 8.4708E-11 8.5414E-11 8.6110E-11 8.6797E-11 8.7469E-11 8.8255E-11 8.8906E-11 8.9538E-11 9.0165E-11 9.0774E-11 9.1377E-11 9.1962E-11 9.2542E-11 9.3101E-11 9.3658E-11 9.4191E-11 9.4720E-11 9.5163E-11 9.5658E-11 9.6126E-11 9.6579E-11 9.7002E-11 9.7401E-11 9.7767E-11 9.8105E-11 9.8408E-11 9.8617E-11 9.8787E-11 9.8983E-11 9.9081E-11 9.9203E-11 9.9288E-11 9.9274E-11 9.9284E-11 9.9194E-11 9.9129E-11 9.8965E-11 9.8826E-11 9.8650E-11 9.8437E-11 9.8187E-11 9.7839E-11 9.7458E-11 9.7040E-11 9.6650E-11 9.6101E-11 9.5582E-11 9.5091E-11 9.4566E-11 9.3949E-11 9.3300E-11 9.2682E-11 9.1972E-11 9.1235E-11 9.0529E-11 8.9674E-11
7.9566E-11 8.0251E-11 8.0989E-11 8.1719E-11 8.2375E-11 8.3021E-11 8.3658E-11 8.4279E-11 8.4957E-11 8.5558E-11 8.6154E-11 8.6734E-11 8.7311E-11 8.7869E-11 8.8426E-11 8.8961E-11 8.9494E-11 9.0003E-11 9.0505E-11 9.0983E-11 9.1386E-11 9.1762E-11 9.2177E-11 9.2562E-11 9.2920E-11 9.3246E-11 9.3540E-11 9.3738E-11 9.3963E-11 9.4153E-11 9.4246E-11 9.4365E-11 9.4448E-11 9.4496E-11 9.4508E-11 9.4422E-11 9.4362E-11 9.4207E-11 9.4077E-11 9.3851E-11 9.3589E-11 9.3355E-11 9.3026E-11 9.2663E-11 9.2328E-11 9.1898E-11 9.1434E-11 9.1001E-11 9.0536E-11 8.9978E-11 8.9391E-11 8.8835E-11 8.8187E-11 8.7453E-11 8.6812E-11 8.6144E-11 8.5327E-11
7.5390E-11 7.6045E-11 7.6693E-11 7.7331E-11 7.8023E-11 7.8645E-11 7.9253E-11 7.9857E-11 8.0448E-11 8.1098E-11 8.1671E-11 8.2242E-11 8.2797E-11 8.3352E-11 8.3887E-11 8.4420E-11 8.4934E-11 8.5440E-11 8.5926E-11 8.6399E-11 8.6846E-11 8.7274E-11 8.7673E-11 8.8049E-11 8.8393E-11 8.8646E-11 8.8929E-11 8.9178E-11 8.9395E-11 8.9578E-11 8.9667E-11 8.9783E-11 8.9801E-11 8.9789E-11 8.9803E-11 8.9723E-11 8.9670E-11 8.9583E-11 8.9402E-11 8.9248E-11 8.9000E-11 8.8780E-11 8.8466E-11 8.8182E-11 8.7804E-11 8.7456E-11 8.7016E-11 8.6606E-11 8.6104E-11 8.5514E-11 8.5017E-11 8.4491E-11 8.3876E-11 8.3234E-11 8.2627E-11 8.1932E-11 8.1214E-11
