Assets/Resources/2015_m01_d27_1300(utc+0800)_l00_csi_1hr_conc.grd
DSAA
         159         159
     -79.000      79.000
     -79.000      79.000
  0.0000E+00  0.9208E-06
[rows 25 to 49 of 159, columns 57 to 113 of 159]
6.6066E-09 7.6836E-09 8.8119E-09 9.9680E-09 1.1112E-08 1.2211E-08 1.3217E-08 1.4088E-08 1.4781E-08 1.5252E-08 1.5472E-08 1.5412E-08 1.5067E-08 1.4437E-08 1.3548E-08 1.2434E-08 1.1148E-08 9.7566E-09 8.3222E-09 6.9142E-09 5.5843E-09 4.3820E-09 3.3355E-09 2.4491E-09 1.7419E-09 1.1934E-09 7.8183E-10 4.8829E-10 2.8559E-10 1.5056E-10 7.1172E-11 2.5117E-11 4.4088E-12 0.0000E+00 0.0000E+00 0.0000E+00 0.0000E+00 0.0000E+00 0.0000E+00 0.0000E+00 0.0000E+00 0.0000E+00 0.0000E+00 0.0000E+00 0.0000E+00 0.0000E+00 0.0000E+00 0.0000E+00 0.0000E+00 0.0000E+00 0.0000E+00 0.0000E+00 0.0000E+00 0.0000E+00 0.0000E+00 0.0000E+00 0.0000E+00
6.0922E-09 7.1761E-09 8.3347E-09 9.5457E-09 1.0772E-08 1.1979E-08 1.3115E-08 1.4134E-08 1.4983E-08 1.5612E-08 1.5978E-08 1.6049E-08 1.5803E-08 1.5241E-08 1.4379E-08 1.3259E-08 1.1934E-08 1.0473E-08 8.9570E-09 7.4493E-09 6.0273E-09 4.7337E-09 3.6000E-09 2.6486E-09 1.8811E-09 1.2853E-09 8.4211E-10 5.2360E-10 3.0380E-10 1.6440E-10 7.6515E-11 2.8846E-11 5.0924E-12 0.0000E+00 0.0000E+00 0.0000E+00 0.0000E+00 0.0000E+00 0.0000E+00 0.0000E+00 0.0000E+00 0.0000E+00 0.0000E+00 0.0000E+00 0.0000E+00 0.0000E+00 0.0000E+00 0.0000E+00 0.0000E+00 0.0000E+00 0.0000E+00 0.0000E+00 0.0000E+00 0.0000E+00 0.0000E+00 0.0000E+00 0.0000E+00
5.5732E-09 6.6549E-09 7.8322E-09 9.0854E-09 1.0383E-08 1.1686E-08 1.2947E-08 1.4110E-08 1.5115E-08 1.5906E-08 1.6427E-08 1.6635E-08 1.6500E-08 1.6015E-08 1.5196E-08 1.4077E-08 1.2726E-08 1.1207E-08 9.6093E-09 8.0143E-09 6.4910E-09 5.1059E-09 3.8883E-09 2.8574E-09 2.0267E-09 1.3840E-09 9.0232E-10 5.6167E-10 3.2790E-10 1.7595E-10 8.5052E-11 3.1126E-11 5.5663E-12 0.0000E+00 0.0000E+00 0.0000E+00 0.0000E+00 0.0000E+00 0.0000E+00 0.0000E+00 0.0000E+00 0.0000E+00 0.0000E+00 0.0000E+00 0.0000E+00 0.0000E+00 0.0000E+00 0.0000E+00 0.0000E+00 0.0000E+00 0.0000E+00 0.0000E+00 0.0000E+00 0.0000E+00 0.0000E+00 0.0000E+00 0.0000E+00
5.0531E-09 6.1152E-09 7.3009E-09 8.5826E-09 9.9406E-09 1.1331E-08 1.2709E-08 1.4010E-08 1.5172E-08 1.6129E-08 1.6811E-08 1.7167E-08 1.7156E-08 1.6761E-08 1.5994E-08 1.4890E-08 1.3514E-08 1.1946E-08 1.0272E-08 8.5873E-09 6.9716E-09 5.4893E-09 4.1879E-09 3.0786E-09 2.1814E-09 1.4874E-09 9.6923E-10 6.0053E-10 3.5101E-10 1.8952E-10 9.2460E-11 3.3787E-11 5.8793E-12 0.0000E+00 0.0000E+00 0.0000E+00 0.0000E+00 0.0000E+00 0.0000E+00 0.0000E+00 0.0000E+00 0.0000E+00 0.0000E+00 0.0000E+00 0.0000E+00 0.0000E+00 0.0000E+00 0.0000E+00 0.0000E+00 0.0000E+00 0.0000E+00 0.0000E+00 0.0000E+00 0.0000E+00 0.0000E+00 0.0000E+00 0.0000E+00
4.5342E-09 5.5737E-09 6.7521E-09 8.0519E-09 9.4510E-09 1.0917E-08 1.2394E-08 1.3828E-08 1.5144E-08 1.6263E-08 1.7115E-08 1.7626E-08 1.7752E-08 1.7463E-08 1.6767E-08 1.5695E-08 1.4313E-08 1.2706E-08 1.0964E-08 9.1913E-09 7.4748E-09 5.8995E-09 4.5003E-09 3.3077E-09 2.3415E-09 1.5926E-09 1.0374E-09 6.4351E-10 3.7536E-10 2.0482E-10 9.7110E-11 3.5565E-11 5.4868E-12 0.0000E+00 0.0000E+00 0.0000E+00 0.0000E+00 0.0000E+00 0.0000E+00 0.0000E+00 0.0000E+00 0.0000E+00 0.0000E+00 0.0000E+00 0.0000E+00 0.0000E+00 0.0000E+00 0.0000E+00 0.0000E+00 0.0000E+00 0.0000E+00 0.0000E+00 0.0000E+00 0.0000E+00 0.0000E+00 0.0000E+00 0.0000E+00
4.0261E-09 5.0279E-09 6.1850E-09 7.4850E-09 8.9110E-09 1.0436E-08 1.2006E-08 1.3559E-08 1.5021E-08 1.6304E-08 1.7326E-08 1.8001E-08 1.8275E-08 1.8107E-08 1.7496E-08 1.6474E-08 1.5098E-08 1.3460E-08 1.1661E-08 9.8083E-09 8.0024E-09 6.3259E-09 4.8329E-09 3.5467E-09 2.5120E-09 1.7027E-09 1.1071E-09 6.8739E-10 4.0286E-10 2.1690E-10 1.0522E-10 3.6294E-11 4.4454E-12 0.0000E+00 0.0000E+00 0.0000E+00 0.0000E+00 0.0000E+00 0.0000E+00 0.0000E+00 0.0000E+00 0.0000E+00 0.0000E+00 0.0000E+00 0.0000E+00 0.0000E+00 0.0000E+00 0.0000E+00 0.0000E+00 0.0000E+00 0.0000E+00 0.0000E+00 0.0000E+00 0.0000E+00 0.0000E+00 0.0000E+00 0.0000E+00
3.5331E-09 4.4875E-09 5.6067E-09 6.8923E-09 8.3322E-09 9.8930E-09 1.1536E-08 1.3196E-08 1.4793E-08 1.6238E-08 1.7430E-08 1.8284E-08 1.8721E-08 1.8694E-08 1.8192E-08 1.7238E-08 1.5892E-08 1.4235E-08 1.2387E-08 1.0451E-08 8.5519E-09 6.7713E-09 5.1728E-09 3.8015E-09 2.6833E-09 1.8231E-09 1.1832E-09 7.2993E-10 4.2891E-10 2.3101E-10 1.0732E-10 3.9737E-11 3.5145E-12 0.0000E+00 0.0000E+00 0.0000E+00 0.0000E+00 0.0000E+00 0.0000E+00 0.0000E+00 0.0000E+00 0.0000E+00 0.0000E+00 0.0000E+00 0.0000E+00 0.0000E+00 0.0000E+00 0.0000E+00 0.0000E+00 0.0000E+00 0.0000E+00 0.0000E+00 0.0000E+00 0.0000E+00 0.0000E+00 0.0000E+00 0.0000E+00
3.0598E-09 3.9511E-09 5.0269E-09 6.2762E-09 7.7086E-09 9.2894E-09 1.0987E-08 1.2738E-08 1.4461E-08 1.6057E-08 1.7422E-08 1.8455E-08 1.9069E-08 1.9205E-08 1.8832E-08 1.7967E-08 1.6663E-08 1.5012E-08 1.3119E-08 1.1116E-08 9.1206E-09 7.2347E-09 5.5313E-09 4.0590E-09 2.8688E-09 1.9410E-09 1.2594E-09 7.7951E-10 4.5097E-10 2.4262E-10 1.1544E-10 4.0126E-11 2.7799E-12 0.0000E+00 0.0000E+00 0.0000E+00 0.0000E+00 0.0000E+00 0.0000E+00 0.0000E+00 0.0000E+00 0.0000E+00 0.0000E+00 0.0000E+00 0.0000E+00 0.0000E+00 0.0000E+00 0.0000E+00 0.0000E+00 0.0000E+00 0.0000E+00 0.0000E+00 0.0000E+00 0.0000E+00 0.0000E+00 0.0000E+00 0.0000E+00
2.6027E-09 3.4300E-09 4.4441E-09 5.6467E-09 7.0479E-09 8.6283E-09 1.0360E-08 1.2181E-08 1.4011E-08 1.5754E-08 1.7293E-08 1.8519E-08 1.9331E-08 1.9647E-08 1.9426E-08 1.8675E-08 1.7437E-08 1.5798E-08 1.3875E-08 1.1804E-08 9.7103E-09 7.7150E-09 5.9082E-09 4.3331E-09 3.0557E-09 2.0713E-09 1.3385E-09 8.2124E-10 4.7441E-10 2.4825E-10 1.1691E-10 3.6294E-11 1.8421E-12 0.0000E+00 0.0000E+00 0.0000E+00 0.0000E+00 0.0000E+00 0.0000E+00 0.0000E+00 0.0000E+00 0.0000E+00 0.0000E+00 0.0000E+00 0.0000E+00 0.0000E+00 0.0000E+00 0.0000E+00 0.0000E+00 0.0000E+00 0.0000E+00 0.0000E+00 0.0000E+00 0.0000E+00 0.0000E+00 0.0000E+00 0.0000E+00
2.1690E-09 2.9261E-09 3.8669E-09 5.0062E-09 6.3615E-09 7.9200E-09 9.6584E-09 1.1529E-08 1.3453E-08 1.5331E-08 1.7043E-08 1.8465E-08 1.9483E-08 2.0002E-08 1.9960E-08 1.9344E-08 1.8192E-08 1.6586E-08 1.4647E-08 1.2510E-08 1.0323E-08 8.2203E-09 6.2940E-09 4.6238E-09 3.2591E-09 2.2007E-09 1.4181E-09 8.6237E-10 4.9123E-10 2.5798E-10 1.1262E-10 3.5058E-11 9.7056E-13 0.0000E+00 0.0000E+00 0.0000E+00 0.0000E+00 0.0000E+00 0.0000E+00 0.0000E+00 0.0000E+00 0.0000E+00 0.0000E+00 0.0000E+00 0.0000E+00 0.0000E+00 0.0000E+00 0.0000E+00 0.0000E+00 0.0000E+00 0.0000E+00 0.0000E+00 0.0000E+00 0.0000E+00 0.0000E+00 0.0000E+00 0.0000E+00
1.7671E-09 2.4388E-09 3.3012E-09 4.3647E-09 5.6525E-09 7.1670E-09 8.8958E-09 1.0794E-08 1.2791E-08 1.4788E-08 1.6667E-08 1.8295E-08 1.9534E-08 2.0272E-08 2.0431E-08 1.9974E-08 1.8931E-08 1.7377E-08 1.5429E-08 1.3239E-08 1.0961E-08 8.7451E-09 6.7093E-09 4.9248E-09 3.4688E-09 2.3336E-09 1.4940E-09 9.0368E-10 5.0648E-10 2.5935E-10 1.1185E-10 3.2132E-11 2.7136E-13 0.0000E+00 0.0000E+00 0.0000E+00 0.0000E+00 0.0000E+00 0.0000E+00 0.0000E+00 0.0000E+00 0.0000E+00 0.0000E+00 0.0000E+00 0.0000E+00 0.0000E+00 0.0000E+00 0.0000E+00 0.0000E+00 0.0000E+00 0.0000E+00 0.0000E+00 0.0000E+00 0.0000E+00 0.0000E+00 0.0000E+00 0.0000E+00
1.4048E-09 1.9869E-09 2.7603E-09 3.7355E-09 4.9427E-09 6.3902E-09 8.0837E-09 9.9827E-09 1.2033E-08 1.4138E-08 1.6177E-08 1.8007E-08 1.9475E-08 2.0454E-08 2.0834E-08 2.0567E-08 1.9655E-08 1.8169E-08 1.6231E-08 1.3994E-08 1.1632E-08 9.2966E-09 7.1380E-09 5.2507E-09 3.6889E-09 2.4691E-09 1.5652E-09 9.3522E-10 5.2198E-10 2.5539E-10 1.0648E-10 2.8142E-11 0.0000E+00 0.0000E+00 0.0000E+00 0.0000E+00 0.0000E+00 0.0000E+00 0.0000E+00 0.0000E+00 0.0000E+00 0.0000E+00 0.0000E+00 0.0000E+00 0.0000E+00 0.0000E+00 0.0000E+00 0.0000E+00 0.0000E+00 0.0000E+00 0.0000E+00 0.0000E+00 0.0000E+00 0.0000E+00 0.0000E+00 0.0000E+00 0.0000E+00
1.0885E-09 1.5787E-09 2.2464E-09 3.1229E-09 4.2414E-09 5.6042E-09 7.2397E-09 9.1231E-09 1.1198E-08 1.3391E-08 1.5574E-08 1.7599E-08 1.9308E-08 2.0537E-08 2.1158E-08 2.1099E-08 2.0346E-08 1.8959E-08 1.7049E-08 1.4781E-08 1.2335E-08 9.8944E-09 7.6084E-09 5.5854E-09 3.9157E-09 2.6077E-09 1.6433E-09 9.7036E-10 5.2778E-10 2.5761E-10 1.0286E-10 2.6434E-11 0.0000E+00 0.0000E+00 0.0000E+00 0.0000E+00 0.0000E+00 0.0000E+00 0.0000E+00 0.0000E+00 0.0000E+00 0.0000E+00 0.0000E+00 0.0000E+00 0.0000E+00 0.0000E+00 0.0000E+00 0.0000E+00 0.0000E+00 0.0000E+00 0.0000E+00 0.0000E+00 0.0000E+00 0.0000E+00 0.0000E+00 0.0000E+00 0.0000E+00
8.1595E-10 1.2249E-09 1.7885E-09 2.5576E-09 3.5703E-09 4.8325E-09 6.3873E-09 8.2277E-09 1.0305E-08 1.2557E-08 1.4869E-08 1.7087E-08 1.9029E-08 2.0523E-08 2.1410E-08 2.1589E-08 2.1025E-08 1.9755E-08 1.7892E-08 1.5601E-08 1.3075E-08 1.0519E-08 8.1066E-09 5.9507E-09 4.1549E-09 2.7504E-09 1.7132E-09 1.0044E-09 5.3669E-10 2.5796E-10 1.0053E-10 2.2885E-11 0.0000E+00 0.0000E+00 0.0000E+00 0.0000E+00 0.0000E+00 0.0000E+00 0.0000E+00 0.0000E+00 0.0000E+00 0.0000E+00 0.0000E+00 0.0000E+00 0.0000E+00 0.0000E+00 0.0000E+00 0.0000E+00 0.0000E+00 0.0000E+00 0.0000E+00 0.0000E+00 0.0000E+00 0.0000E+00 0.0000E+00 0.0000E+00 0.0000E+00
5.9010E-10 9.1738E-10 1.3846E-09 2.0406E-09 2.9279E-09 4.0899E-09 5.5466E-09 7.3131E-09 9.3689E-09 1.1659E-08 1.4073E-08 1.6461E-08 1.8642E-08 2.0404E-08 2.1571E-08 2.2009E-08 2.1657E-08 2.0542E-08 1.8752E-08 1.6459E-08 1.3869E-08 1.1192E-08 8.6323E-09 6.3385E-09 4.4061E-09 2.9022E-09 1.7993E-09 1.0345E-09 5.4655E-10 2.5581E-10 9.8427E-11 2.0469E-11 0.0000E+00 0.0000E+00 0.0000E+00 0.0000E+00 0.0000E+00 0.0000E+00 0.0000E+00 0.0000E+00 0.0000E+00 0.0000E+00 0.0000E+00 0.0000E+00 0.0000E+00 0.0000E+00 0.0000E+00 0.0000E+00 0.0000E+00 0.0000E+00 0.0000E+00 0.0000E+00 0.0000E+00 0.0000E+00 0.0000E+00 0.0000E+00 0.0000E+00
4.0772E-10 6.6268E-10 1.0432E-09 1.5879E-09 2.3514E-09 3.3879E-09 4.7299E-09 6.4088E-09 8.4089E-09 1.0702E-08 1.3198E-08 1.5742E-08 1.8140E-08 2.0179E-08 2.1643E-08 2.2372E-08 2.2266E-08 2.1326E-08 1.9632E-08 1.7350E-08 1.4695E-08 1.1905E-08 9.1926E-09 6.7425E-09 4.6776E-09 3.0635E-09 1.8805E-09 1.0736E-09 5.6192E-10 2.5908E-10 9.6669E-11 1.8882E-11 0.0000E+00 0.0000E+00 0.0000E+00 0.0000E+00 0.0000E+00 0.0000E+00 0.0000E+00 0.0000E+00 0.0000E+00 0.0000E+00 0.0000E+00 0.0000E+00 0.0000E+00 0.0000E+00 0.0000E+00 0.0000E+00 0.0000E+00 0.0000E+00 0.0000E+00 0.0000E+00 0.0000E+00 0.0000E+00 0.0000E+00 0.0000E+00 0.0000E+00
2.6662E-10 4.5751E-10 7.5563E-10 1.1979E-09 1.8383E-09 2.7381E-09 3.9576E-09 5.5210E-09 7.4410E-09 9.7086E-09 1.2255E-08 1.4931E-08 1.7538E-08 1.9845E-08 2.1617E-08 2.2652E-08 2.2818E-08 2.2085E-08 2.0517E-08 1.8269E-08 1.5556E-08 1.2644E-08 9.7796E-09 7.1708E-09 4.9595E-09 3.2315E-09 1.9678E-09 1.1114E-09 5.7066E-10 2.5966E-10 9.4597E-11 1.5342E-11 0.0000E+00 0.0000E+00 0.0000E+00 0.0000E+00 0.0000E+00 0.0000E+00 0.0000E+00 0.0000E+00 0.0000E+00 0.0000E+00 0.0000E+00 0.0000E+00 0.0000E+00 0.0000E+00 0.0000E+00 0.0000E+00 0.0000E+00 0.0000E+00 0.0000E+00 0.0000E+00 0.0000E+00 0.0000E+00 0.0000E+00 0.0000E+00 0.0000E+00
1.5795E-10 2.9657E-10 5.2148E-10 8.7087E-10 1.3977E-09 2.1612E-09 3.2368E-09 4.6758E-09 6.4913E-09 8.7033E-09 1.1260E-08 1.4036E-08 1.6832E-08 1.9403E-08 2.1489E-08 2.2851E-08 2.3317E-08 2.2821E-08 2.1396E-08 1.9195E-08 1.6447E-08 1.3414E-08 1.0393E-08 7.6161E-09 5.2575E-09 3.4060E-09 2.0607E-09 1.1517E-09 5.8524E-10 2.6110E-10 9.1370E-11 1.3562E-11 0.0000E+00 0.0000E+00 0.0000E+00 0.0000E+00 0.0000E+00 0.0000E+00 0.0000E+00 0.0000E+00 0.0000E+00 0.0000E+00 0.0000E+00 0.0000E+00 0.0000E+00 0.0000E+00 0.0000E+00 0.0000E+00 0.0000E+00 0.0000E+00 0.0000E+00 0.0000E+00 0.0000E+00 0.0000E+00 0.0000E+00 0.0000E+00 0.0000E+00
8.0592E-11 1.7485E-10 3.3881E-10 6.0808E-10 1.0264E-09 1.6608E-09 2.5822E-09 3.8795E-09 5.5696E-09 7.6938E-09 1.0234E-08 1.3069E-08 1.6031E-08 1.8852E-08 2.1249E-08 2.2954E-08 2.3744E-08 2.3507E-08 2.2258E-08 2.0119E-08 1.7330E-08 1.4205E-08 1.1028E-08 8.0862E-09 5.5644E-09 3.5869E-09 2.1533E-09 1.1927E-09 5.9939E-10 2.6480E-10 9.1358E-11 1.5325E-11 0.0000E+00 0.0000E+00 0.0000E+00 0.0000E+00 0.0000E+00 0.0000E+00 0.0000E+00 0.0000E+00 0.0000E+00 0.0000E+00 0.0000E+00 0.0000E+00 0.0000E+00 0.0000E+00 0.0000E+00 0.0000E+00 0.0000E+00 0.0000E+00 0.0000E+00 0.0000E+00 0.0000E+00 0.0000E+00 0.0000E+00 0.0000E+00 0.0000E+00
3.1052E-11 8.8357E-11 2.0143E-10 3.9916E-10 7.2046E-10 1.2327E-09 2.0103E-09 3.1444E-09 4.6970E-09 6.7076E-09 9.1872E-09 1.2061E-08 1.5140E-08 1.8197E-08 2.0902E-08 2.2950E-08 2.4082E-08 2.4141E-08 2.3087E-08 2.1050E-08 1.8244E-08 1.5005E-08 1.1677E-08 8.5642E-09 5.8858E-09 3.7815E-09 2.2557E-09 1.2406E-09 6.1613E-10 2.6622E-10 9.0252E-11 1.8089E-11 0.0000E+00 0.0000E+00 0.0000E+00 0.0000E+00 0.0000E+00 0.0000E+00 0.0000E+00 0.0000E+00 0.0000E+00 0.0000E+00 0.0000E+00 0.0000E+00 0.0000E+00 0.0000E+00 0.0000E+00 0.0000E+00 0.0000E+00 0.0000E+00 0.0000E+00 0.0000E+00 0.0000E+00 0.0000E+00 0.0000E+00 0.0000E+00 0.0000E+00
3.6948E-12 3.3876E-11 1.0424E-10 2.4368E-10 4.8128E-10 8.8523E-10 1.5237E-09 2.4953E-09 3.8689E-09 5.7475E-09 8.1366E-09 1.0991E-08 1.4175E-08 1.7424E-08 2.0433E-08 2.2841E-08 2.4328E-08 2.4690E-08 2.3859E-08 2.1934E-08 1.9145E-08 1.5819E-08 1.2349E-08 9.0601E-09 6.2112E-09 3.9781E-09 2.3616E-09 1.2885E-09 6.3887E-10 2.7566E-10 9.7402E-11 2.0109E-11 0.0000E+00 0.0000E+00 0.0000E+00 0.0000E+00 0.0000E+00 0.0000E+00 0.0000E+00 0.0000E+00 0.0000E+00 0.0000E+00 0.0000E+00 0.0000E+00 0.0000E+00 0.0000E+00 0.0000E+00 0.0000E+00 0.0000E+00 0.0000E+00 0.0000E+00 0.0000E+00 0.0000E+00 0.0000E+00 0.0000E+00 0.0000E+00 0.0000E+00
0.0000E+00 5.7958E-12 4.0844E-11 1.3171E-10 2.9605E-10 6.0432E-10 1.1131E-09 1.9251E-09 3.1261E-09 4.8274E-09 7.1045E-09 9.9126E-09 1.3140E-08 1.6559E-08 1.9838E-08 2.2595E-08 2.4463E-08 2.5167E-08 2.4592E-08 2.2789E-08 2.0013E-08 1.6622E-08 1.3012E-08 9.5709E-09 6.5711E-09 4.2030E-09 2.4937E-09 1.3602E-09 6.6822E-10 2.8930E-10 1.0054E-10 2.0768E-11 0.0000E+00 0.0000E+00 0.0000E+00 0.0000E+00 0.0000E+00 0.0000E+00 0.0000E+00 0.0000E+00 0.0000E+00 0.0000E+00 0.0000E+00 0.0000E+00 0.0000E+00 0.0000E+00 0.0000E+00 0.0000E+00 0.0000E+00 0.0000E+00 0.0000E+00 0.0000E+00 0.0000E+00 0.0000E+00 0.0000E+00 0.0000E+00 0.0000E+00
0.0000E+00 0.0000E+00 6.7626E-12 5.6039E-11 1.6433E-10 3.9181E-10 7.8393E-10 1.4469E-09 2.4586E-09 3.9695E-09 6.0880E-09 8.8005E-09 1.2031E-08 1.5587E-08 1.9130E-08 2.2227E-08 2.4474E-08 2.5531E-08 2.5224E-08 2.3605E-08 2.0876E-08 1.7428E-08 1.3707E-08 1.0099E-08 6.9492E-09 4.4534E-09 2.6366E-09 1.4299E-09 6.9814E-10 3.0221E-10 1.0654E-10 1.8765E-11 0.0000E+00 0.0000E+00 0.0000E+00 0.0000E+00 0.0000E+00 0.0000E+00 0.0000E+00 0.0000E+00 0.0000E+00 0.0000E+00 0.0000E+00 0.0000E+00 0.0000E+00 0.0000E+00 0.0000E+00 0.0000E+00 0.0000E+00 0.0000E+00 0.0000E+00 0.0000E+00 0.0000E+00 0.0000E+00 0.0000E+00 0.0000E+00 0.0000E+00
0.0000E+00 0.0000E+00 0.0000E+00 1.1642E-11 7.5320E-11 2.2950E-10 5.1674E-10 1.0467E-09 1.8802E-09 3.1964E-09 5.1179E-09 7.6928E-09 1.0887E-08 1.4521E-08 1.8283E-08 2.1732E-08 2.4362E-08 2.5798E-08 2.5788E-08 2.4343E-08 2.1701E-08 1.8241E-08 1.4423E-08 1.0684E-08 7.3784E-09 4.7343E-09 2.8035E-09 1.5151E-09 7.3626E-10 3.1241E-10 1.0760E-10 1.6297E-11 0.0000E+00 0.0000E+00 0.0000E+00 0.0000E+00 0.0000E+00 0.0000E+00 0.0000E+00 0.0000E+00 0.0000E+00 0.0000E+00 0.0000E+00 0.0000E+00 0.0000E+00 0.0000E+00 0.0000E+00 0.0000E+00 0.0000E+00 0.0000E+00 0.0000E+00 0.0000E+00 0.0000E+00 0.0000E+00 0.0000E+00 0.0000E+00 0.0000E+00
0.0000E+00 0.0000E+00 0.0000E+00 0.0000E+00 2.1103E-11 1.1545E-10 3.1682E-10 7.2279E-10 1.3966E-09 2.4960E-09 4.1918E-09 6.5951E-09 9.6911E-09 1.3380E-08 1.7329E-08 2.1093E-08 2.4131E-08 2.5949E-08 2.6265E-08 2.5044E-08 2.2506E-08 1.9065E-08 1.5186E-08 1.1318E-08 7.8604E-09 5.0562E-09 2.9883E-09 1.6051E-09 7.7028E-10 3.2392E-10 1.0796E-10 8.4322E-12 0.0000E+00 0.0000E+00 0.0000E+00 0.0000E+00 0.0000E+00 0.0000E+00 0.0000E+00 0.0000E+00 0.0000E+00 0.0000E+00 0.0000E+00 0.0000E+00 0.0000E+00 0.0000E+00 0.0000E+00 0.0000E+00 0.0000E+00 0.0000E+00 0.0000E+00 0.0000E+00 0.0000E+00 0.0000E+00 0.0000E+00 0.0000E+00 0.0000E+00
