Assets/Resources/2015_m01_d10_0600(utc+0800)_l00_csi_1hr_conc.grd
DSAA
         159         159
     -79.000      79.000
     -79.000      79.000
  0.2177E-08  0.1428E-03
[rows 0 to 24 of 159, columns 0 to 56 of 159]
2.2167E-09 2.2693E-09 2.3234E-09 2.3790E-09 2.4338E-09 2.4899E-09 2.5474E-09 2.6089E-09 2.6719E-09 2.7365E-09 2.8002E-09 2.8653E-09 2.9318E-09 3.0026E-09 3.0751E-09 3.1491E-09 3.2220E-09 3.2994E-09 3.3783E-09 3.4589E-09 3.5414E-09 3.6255E-09 3.7144E-09 3.8020E-09 3.8879E-09 3.9822E-09 4.0747E-09 4.1721E-09 4.2678E-09 4.3615E-09 4.4634E-09 4.5633E-09 4.6677E-09 4.7700E-09 4.8747E-09 4.9888E-09 5.1056E-09 5.2350E-09 5.3624E-09 5.4873E-09 5.5996E-09 5.7122E-09 5.8252E-09 5.9383E-09 6.0513E-09 6.1641E-09 6.2765E-09 6.3882E-09 6.4991E-09 6.6089E-09 6.7174E-09 6.8244E-09 6.9295E-09 7.0326E-09 7.1546E-09 7.2612E-09 7.3947E-09
2.2662E-09 2.3208E-09 2.3747E-09 2.4324E-09 2.4892E-09 2.5475E-09 2.6097E-09 2.6735E-09 2.7391E-09 2.8038E-09 2.8700E-09 2.9377E-09 3.0098E-09 3.0836E-09 3.1591E-09 3.2336E-09 3.3126E-09 3.3933E-09 3.4728E-09 3.5602E-09 3.6464E-09 3.7375E-09 3.8244E-09 3.9162E-09 4.0131E-09 4.1085E-09 4.2089E-09 4.3078E-09 4.4050E-09 4.5105E-09 4.6141E-09 4.7225E-09 4.8290E-09 4.9381E-09 5.0567E-09 5.1784E-09 5.3126E-09 5.4405E-09 5.5756E-09 5.6937E-09 5.8125E-09 5.9318E-09 6.0516E-09 6.1715E-09 6.2915E-09 6.4112E-09 6.5306E-09 6.6494E-09 6.7674E-09 6.8843E-09 6.9999E-09 7.1139E-09 7.2260E-09 7.3583E-09 7.4898E-09 7.6264E-09 7.7499E-09
2.3147E-09 2.3713E-09 2.4294E-09 2.4869E-09 2.5458E-09 2.6088E-09 2.6734E-09 2.7373E-09 2.8054E-09 2.8727E-09 2.9415E-09 3.0147E-09 3.0898E-09 3.1666E-09 3.2426E-09 3.3231E-09 3.4026E-09 3.4868E-09 3.5761E-09 3.6643E-09 3.7513E-09 3.8467E-09 3.9409E-09 4.0404E-09 4.1386E-09 4.2418E-09 4.3406E-09 4.4444E-09 4.5533E-09 4.6606E-09 4.7729E-09 4.8801E-09 4.9969E-09 5.1200E-09 5.2463E-09 5.3761E-09 5.5182E-09 5.6585E-09 5.7825E-09 5.9073E-09 6.0330E-09 6.1594E-09 6.2862E-09 6.4134E-09 6.5406E-09 6.6677E-09 6.7945E-09 6.9207E-09 7.0461E-09 7.1705E-09 7.2935E-09 7.4361E-09 7.5786E-09 7.7002E-09 7.8434E-09 7.9701E-09 8.0987E-09
2.3663E-09 2.4250E-09 2.4830E-09 2.5426E-09 2.6061E-09 2.6690E-09 2.7361E-09 2.8050E-09 2.8732E-09 2.9431E-09 3.0174E-09 3.0908E-09 3.1690E-09 3.2490E-09 3.3281E-09 3.4120E-09 3.4979E-09 3.5889E-09 3.6760E-09 3.7681E-09 3.8656E-09 3.9622E-09 4.0640E-09 4.1648E-09 4.2676E-09 4.3726E-09 4.4796E-09 4.5918E-09 4.7027E-09 4.8187E-09 4.9299E-09 5.0508E-09 5.1783E-09 5.3000E-09 5.4435E-09 5.5904E-09 5.7358E-09 5.8655E-09 5.9964E-09 6.1283E-09 6.2613E-09 6.3949E-09 6.5292E-09 6.6639E-09 6.7987E-09 6.9335E-09 7.0681E-09 7.2021E-09 7.3354E-09 7.4676E-09 7.6204E-09 7.7735E-09 7.9267E-09 8.0614E-09 8.1928E-09 8.3278E-09 8.4642E-09
2.4168E-09 2.4776E-09 2.5377E-09 2.5994E-09 2.6653E-09 2.7330E-09 2.8027E-09 2.8717E-09 2.9426E-09 3.0151E-09 3.0923E-09 3.1716E-09 3.2528E-09 3.3333E-09 3.4187E-09 3.5061E-09 3.5956E-09 3.6876E-09 3.7816E-09 3.8811E-09 3.9798E-09 4.0839E-09 4.1840E-09 4.2894E-09 4.4005E-09 4.5105E-09 4.6258E-09 4.7401E-09 4.8530E-09 4.9748E-09 5.0997E-09 5.2222E-09 5.3530E-09 5.5054E-09 5.6427E-09 5.7933E-09 5.9424E-09 6.0791E-09 6.2173E-09 6.3567E-09 6.4971E-09 6.6385E-09 6.7805E-09 6.9231E-09 7.0659E-09 7.2088E-09 7.3515E-09 7.4937E-09 7.6352E-09 7.7983E-09 7.9621E-09 8.1269E-09 8.2730E-09 8.4157E-09 8.5581E-09 8.7002E-09 8.8496E-09
2.4706E-09 2.5311E-09 2.5934E-09 2.6598E-09 2.7281E-09 2.7959E-09 2.8682E-09 2.9398E-09 3.0133E-09 3.0915E-09 3.1717E-09 3.2540E-09 3.3358E-09 3.4225E-09 3.5113E-09 3.5994E-09 3.6959E-09 3.7918E-09 3.8930E-09 3.9906E-09 4.0936E-09 4.2025E-09 4.3104E-09 4.4241E-09 4.5369E-09 4.6553E-09 4.7695E-09 4.8892E-09 5.0146E-09 5.1388E-09 5.2700E-09 5.4050E-09 5.5474E-09 5.7034E-09 5.8587E-09 6.0128E-09 6.1553E-09 6.2995E-09 6.4452E-09 6.5923E-09 6.7406E-09 6.8900E-09 7.0401E-09 7.1909E-09 7.3421E-09 7.4934E-09 7.6446E-09 7.8163E-09 7.9893E-09 8.1432E-09 8.3198E-09 8.4764E-09 8.6317E-09 8.7850E-09 8.9386E-09 9.0928E-09 9.2461E-09
2.5230E-09 2.5857E-09 2.6501E-09 2.7189E-09 2.7897E-09 2.8626E-09 2.9350E-09 3.0093E-09 3.0882E-09 3.1667E-09 3.2500E-09 3.3356E-09 3.4205E-09 3.5107E-09 3.6032E-09 3.7011E-09 3.7985E-09 3.8953E-09 4.0010E-09 4.1060E-09 4.2170E-09 4.3273E-09 4.4434E-09 4.5588E-09 4.6735E-09 4.7974E-09 4.9204E-09 5.0492E-09 5.1771E-09 5.3122E-09 5.4512E-09 5.5977E-09 5.7579E-09 5.9129E-09 6.0765E-09 6.2245E-09 6.3745E-09 6.5264E-09 6.6800E-09 6.8351E-09 6.9916E-09 7.1493E-09 7.3080E-09 7.4674E-09 7.6272E-09 7.7873E-09 7.9687E-09 8.1517E-09 8.3364E-09 8.5040E-09 8.6714E-09 8.8392E-09 9.0042E-09 9.1721E-09 9.3341E-09 9.5244E-09 9.7167E-09
2.5764E-09 2.6413E-09 2.7104E-09 2.7817E-09 2.8550E-09 2.9280E-09 3.0031E-09 3.0801E-09 3.1620E-09 3.2462E-09 3.3328E-09 3.4188E-09 3.5102E-09 3.6039E-09 3.7000E-09 3.7990E-09 3.9004E-09 4.0077E-09 4.1146E-09 4.2274E-09 4.3399E-09 4.4517E-09 4.5730E-09 4.6936E-09 4.8203E-09 4.9464E-09 5.0785E-09 5.2099E-09 5.3452E-09 5.4914E-09 5.6418E-09 5.7967E-09 5.9651E-09 6.1331E-09 6.2865E-09 6.4421E-09 6.6000E-09 6.7599E-09 6.9216E-09 7.0851E-09 7.2502E-09 7.4165E-09 7.5840E-09 7.7523E-09 7.9212E-09 8.1120E-09 8.3049E-09 8.5000E-09 8.6786E-09 8.8574E-09 9.0370E-09 9.2146E-09 9.3949E-09 9.5701E-09 9.7734E-09 9.9785E-09 1.0188E-08
2.6307E-09 2.7002E-09 2.7693E-09 2.8431E-09 2.9191E-09 2.9947E-09 3.0724E-09 3.1550E-09 3.2399E-09 3.3273E-09 3.4144E-09 3.5067E-09 3.6015E-09 3.6959E-09 3.7991E-09 3.9020E-09 4.0107E-09 4.1162E-09 4.2275E-09 4.3452E-09 4.4624E-09 4.5859E-09 4.7090E-09 4.8383E-09 4.9672E-09 5.1023E-09 5.2337E-09 5.3758E-09 5.5255E-09 5.6662E-09 5.8383E-09 5.9966E-09 6.1690E-09 6.3410E-09 6.5021E-09 6.6656E-09 6.8316E-09 6.9997E-09 7.1700E-09 7.3421E-09 7.5160E-09 7.6913E-09 7.8679E-09 8.0455E-09 8.2455E-09 8.4481E-09 8.6532E-09 8.8427E-09 9.0328E-09 9.2236E-09 9.4146E-09 9.6067E-09 9.8216E-09 1.0039E-08 1.0235E-08 1.0456E-08 1.0652E-08
2.6859E-09 2.7577E-09 2.8318E-09 2.9081E-09 2.9842E-09 3.0625E-09 3.1456E-09 3.2285E-09 3.3166E-09 3.4072E-09 3.4975E-09 3.5933E-09 3.6917E-09 3.7959E-09 3.8971E-09 4.0040E-09 4.1172E-09 4.2302E-09 4.3495E-09 4.4687E-09 4.5941E-09 4.7195E-09 4.8479E-09 4.9795E-09 5.1141E-09 5.2552E-09 5.3960E-09 5.5446E-09 5.6979E-09 5.8595E-09 6.0354E-09 6.2116E-09 6.3878E-09 6.5540E-09 6.7231E-09 6.8948E-09 7.0691E-09 7.2459E-09 7.4249E-09 7.6060E-09 7.7890E-09 7.9736E-09 8.1597E-09 8.3685E-09 8.5804E-09 8.7954E-09 8.9953E-09 9.1965E-09 9.3987E-09 9.6024E-09 9.8063E-09 1.0036E-08 1.0268E-08 1.0505E-08 1.0716E-08 1.0926E-08 1.1132E-08
2.7443E-09 2.8162E-09 2.8927E-09 2.9716E-09 3.0504E-09 3.1314E-09 3.2175E-09 3.3061E-09 3.3973E-09 3.4885E-09 3.5851E-09 3.6844E-09 3.7865E-09 3.8919E-09 4.0000E-09 4.1144E-09 4.2289E-09 4.3496E-09 4.4706E-09 4.5914E-09 4.7221E-09 4.8527E-09 4.9900E-09 5.1272E-09 5.2710E-09 5.4148E-09 5.5666E-09 5.7232E-09 5.8880E-09 6.0579E-09 6.2423E-09 6.4129E-09 6.5979E-09 6.7721E-09 6.9494E-09 7.1295E-09 7.3125E-09 7.4981E-09 7.6861E-09 7.8765E-09 8.0689E-09 8.2632E-09 8.4805E-09 8.7014E-09 8.9258E-09 9.1357E-09 9.3478E-09 9.5612E-09 9.7772E-09 9.9931E-09 1.0236E-08 1.0483E-08 1.0735E-08 1.0962E-08 1.1189E-08 1.1413E-08 1.1640E-08
2.8013E-09 2.8780E-09 2.9571E-09 3.0362E-09 3.1176E-09 3.2040E-09 3.2904E-09 3.3822E-09 3.4767E-09 3.5711E-09 3.6712E-09 3.7742E-09 3.8833E-09 3.9925E-09 4.1017E-09 4.2206E-09 4.3395E-09 4.4650E-09 4.5908E-09 4.7232E-09 4.8558E-09 4.9951E-09 5.1348E-09 5.2777E-09 5.4243E-09 5.5790E-09 5.7373E-09 5.8964E-09 6.0688E-09 6.2564E-09 6.4448E-09 6.6336E-09 6.8126E-09 6.9950E-09 7.1807E-09 7.3695E-09 7.5614E-09 7.7561E-09 7.9535E-09 8.1534E-09 8.3556E-09 8.5809E-09 8.8103E-09 9.0236E-09 9.2632E-09 9.4859E-09 9.7104E-09 9.9380E-09 1.0166E-08 1.0423E-08 1.0684E-08 1.0951E-08 1.1193E-08 1.1435E-08 1.1680E-08 1.1923E-08 1.2158E-08
2.8590E-09 2.9382E-09 3.0200E-09 3.1017E-09 3.1858E-09 3.2752E-09 3.3673E-09 3.4622E-09 3.5573E-09 3.6580E-09 3.7617E-09 3.8684E-09 3.9785E-09 4.0918E-09 4.2116E-09 4.3317E-09 4.4585E-09 4.5857E-09 4.7196E-09 4.8507E-09 4.9886E-09 5.1336E-09 5.2789E-09 5.4313E-09 5.5840E-09 5.7452E-09 5.9118E-09 6.0872E-09 6.2774E-09 6.4642E-09 6.6610E-09 6.8445E-09 7.0318E-09 7.2226E-09 7.4169E-09 7.6147E-09 7.8157E-09 8.0198E-09 8.2268E-09 8.4365E-09 8.6693E-09 8.8866E-09 9.1291E-09 9.3773E-09 9.6101E-09 9.8454E-09 1.0084E-08 1.0324E-08 1.0593E-08 1.0868E-08 1.1149E-08 1.1407E-08 1.1664E-08 1.1928E-08 1.2188E-08 1.2446E-08 1.2696E-08
2.9200E-09 3.0018E-09 3.0837E-09 3.1680E-09 3.2576E-09 3.3473E-09 3.4426E-09 3.5407E-09 3.6419E-09 3.7433E-09 3.8506E-09 3.9643E-09 4.0784E-09 4.1989E-09 4.3169E-09 4.4415E-09 4.5730E-09 4.7051E-09 4.8442E-09 4.9838E-09 5.1305E-09 5.2778E-09 5.4323E-09 5.5875E-09 5.7478E-09 5.9203E-09 6.0938E-09 6.2819E-09 6.4666E-09 6.6667E-09 6.8678E-09 7.0595E-09 7.2551E-09 7.4545E-09 7.6578E-09 7.8646E-09 8.0750E-09 8.2887E-09 8.5055E-09 8.7253E-09 8.9708E-09 9.2213E-09 9.4775E-09 9.7200E-09 9.9655E-09 1.0215E-08 1.0466E-08 1.0748E-08 1.1036E-08 1.1330E-08 1.1602E-08 1.1876E-08 1.2156E-08 1.2433E-08 1.2712E-08 1.2986E-08 1.3258E-08
2.9793E-09 3.0637E-09 3.1482E-09 3.2352E-09 3.3277E-09 3.4232E-09 3.5215E-09 3.6202E-09 3.7249E-09 3.8327E-09 3.9437E-09 4.0584E-09 4.1765E-09 4.3014E-09 4.4269E-09 4.5594E-09 4.6926E-09 4.8328E-09 4.9739E-09 5.1188E-09 5.2679E-09 5.4210E-09 5.5816E-09 5.7474E-09 5.9132E-09 6.0894E-09 6.2749E-09 6.4758E-09 6.6738E-09 6.8824E-09 7.0781E-09 7.2781E-09 7.4823E-09 7.6906E-09 7.9029E-09 8.1191E-09 8.3391E-09 8.5626E-09 8.7896E-09 9.0420E-09 9.2999E-09 9.5634E-09 9.8147E-09 1.0070E-08 1.0329E-08 1.0592E-08 1.0885E-08 1.1185E-08 1.1492E-08 1.1779E-08 1.2067E-08 1.2364E-08 1.2657E-08 1.2955E-08 1.3251E-08 1.3549E-08 1.3834E-08
3.0418E-09 3.1263E-09 3.2134E-09 3.3059E-09 3.3987E-09 3.4972E-09 3.5988E-09 3.7037E-09 3.8089E-09 3.9203E-09 4.0383E-09 4.1569E-09 4.2822E-09 4.4053E-09 4.5353E-09 4.6725E-09 4.8105E-09 4.9559E-09 5.1022E-09 5.2560E-09 5.4107E-09 5.5730E-09 5.7364E-09 5.9087E-09 6.0871E-09 6.2702E-09 6.4683E-09 6.6637E-09 6.8750E-09 7.0878E-09 7.2917E-09 7.5002E-09 7.7131E-09 7.9304E-09 8.1520E-09 8.3778E-09 8.6076E-09 8.8412E-09 9.0999E-09 9.3646E-09 9.6353E-09 9.8944E-09 1.0159E-08 1.0427E-08 1.0701E-08 1.1004E-08 1.1316E-08 1.1635E-08 1.1935E-08 1.2238E-08 1.2550E-08 1.2859E-08 1.3174E-08 1.3489E-08 1.3812E-08 1.4124E-08 1.4428E-08
3.1025E-09 3.1895E-09 3.2793E-09 3.3747E-09 3.4732E-09 3.5748E-09 3.6769E-09 3.7852E-09 3.8968E-09 4.0118E-09 4.1309E-09 4.2535E-09 4.3832E-09 4.5137E-09 4.6515E-09 4.7903E-09 4.9365E-09 5.0839E-09 5.2354E-09 5.3915E-09 5.5553E-09 5.7204E-09 5.8945E-09 6.0734E-09 6.2542E-09 6.4494E-09 6.6603E-09 6.8689E-09 7.0886E-09 7.2961E-09 7.5084E-09 7.7255E-09 7.9473E-09 8.1738E-09 8.4048E-09 8.6403E-09 8.8801E-09 9.1445E-09 9.4154E-09 9.6732E-09 9.9589E-09 1.0232E-08 1.0510E-08 1.0793E-08 1.1105E-08 1.1427E-08 1.1758E-08 1.2071E-08 1.2388E-08 1.2713E-08 1.3039E-08 1.3370E-08 1.3703E-08 1.4044E-08 1.4382E-08 1.4717E-08 1.5039E-08
3.1637E-09 3.2534E-09 3.3485E-09 3.4442E-09 3.5457E-09 3.6505E-09 3.7558E-09 3.8675E-09 3.9827E-09 4.1047E-09 4.2275E-09 4.3543E-09 4.4852E-09 4.6201E-09 4.7626E-09 4.9062E-09 5.0575E-09 5.2100E-09 5.3704E-09 5.5321E-09 5.7017E-09 5.8729E-09 6.0534E-09 6.2404E-09 6.4326E-09 6.6402E-09 6.8456E-09 7.0673E-09 7.2913E-09 7.5069E-09 7.7277E-09 7.9536E-09 8.1845E-09 8.4203E-09 8.6609E-09 8.9063E-09 9.1562E-09 9.4331E-09 9.7169E-09 1.0008E-08 1.0289E-08 1.0575E-08 1.0867E-08 1.1188E-08 1.1519E-08 1.1836E-08 1.2185E-08 1.2515E-08 1.2853E-08 1.3194E-08 1.3541E-08 1.3891E-08 1.4249E-08 1.4607E-08 1.4968E-08 1.5324E-08 1.5668E-08
3.2255E-09 3.3178E-09 3.4158E-09 3.5170E-09 3.6215E-09 3.7269E-09 3.8384E-09 3.9535E-09 4.0723E-09 4.1953E-09 4.3221E-09 4.4561E-09 4.5913E-09 4.7340E-09 4.8781E-09 5.0265E-09 5.1829E-09 5.3407E-09 5.5033E-09 5.6740E-09 5.8464E-09 6.0282E-09 6.2152E-09 6.4046E-09 6.6087E-09 6.8289E-09 7.0473E-09 7.2775E-09 7.4960E-09 7.7200E-09 7.9494E-09 8.1842E-09 8.4242E-09 8.6695E-09 8.9199E-09 9.1753E-09 9.4570E-09 9.7460E-09 1.0042E-08 1.0329E-08 1.0623E-08 1.0922E-08 1.1228E-08 1.1568E-08 1.1918E-08 1.2277E-08 1.2619E-08 1.2970E-08 1.3325E-08 1.3686E-08 1.4052E-08 1.4427E-08 1.4803E-08 1.5184E-08 1.5568E-08 1.5947E-08 1.6308E-08
3.2877E-09 3.3826E-09 3.4835E-09 3.5877E-09 3.6954E-09 3.8038E-09 3.9188E-09 4.0374E-09 4.1629E-09 4.2866E-09 4.4174E-09 4.5557E-09 4.6953E-09 4.8426E-09 4.9913E-09 5.1480E-09 5.3063E-09 5.4727E-09 5.6409E-09 5.8173E-09 5.9957E-09 6.1838E-09 6.3788E-09 6.5794E-09 6.7818E-09 7.0104E-09 7.2418E-09 7.4760E-09 7.7027E-09 7.9351E-09 8.1732E-09 8.4169E-09 8.6663E-09 8.9211E-09 9.1813E-09 9.4672E-09 9.7409E-09 1.0043E-08 1.0354E-08 1.0654E-08 1.0961E-08 1.1275E-08 1.1622E-08 1.1979E-08 1.2348E-08 1.2700E-08 1.3062E-08 1.3430E-08 1.3805E-08 1.4186E-08 1.4577E-08 1.4970E-08 1.5369E-08 1.5773E-08 1.6179E-08 1.6580E-08 1.6963E-08
3.3503E-09 3.4506E-09 3.5517E-09 3.6589E-09 3.7697E-09 3.8842E-09 3.9996E-09 4.1218E-09 4.2512E-09 4.3817E-09 4.5197E-09 4.6592E-09 4.8032E-09 4.9519E-09 5.1086E-09 5.2671E-09 5.4338E-09 5.6024E-09 5.7760E-09 5.9584E-09 6.1473E-09 6.3373E-09 6.5391E-09 6.7514E-09 6.9755E-09 7.2074E-09 7.4331E-09 7.6759E-09 7.9108E-09 8.1517E-09 8.3986E-09 8.6514E-09 8.9101E-09 9.1746E-09 9.4448E-09 9.7426E-09 1.0049E-08 1.0363E-08 1.0669E-08 1.0982E-08 1.1303E-08 1.1656E-08 1.2021E-08 1.2372E-08 1.2759E-08 1.3131E-08 1.3511E-08 1.3898E-08 1.4292E-08 1.4698E-08 1.5106E-08 1.5522E-08 1.5945E-08 1.6371E-08 1.6800E-08 1.7225E-08 1.7633E-08
3.4133E-09 3.5164E-09 3.6230E-09 3.7332E-09 3.8444E-09 3.9622E-09 4.0840E-09 4.2096E-09 4.3399E-09 4.4743E-09 4.6165E-09 4.7601E-09 4.9117E-09 5.0651E-09 5.2267E-09 5.3902E-09 5.5621E-09 5.7361E-09 5.9187E-09 6.1037E-09 6.2987E-09 6.5010E-09 6.7048E-09 6.9199E-09 7.1566E-09 7.3966E-09 7.6401E-09 7.8770E-09 8.1202E-09 8.3696E-09 8.6253E-09 8.8873E-09 9.1554E-09 9.4296E-09 9.7304E-09 1.0040E-08 1.0338E-08 1.0667E-08 1.0986E-08 1.1313E-08 1.1672E-08 1.2018E-08 1.2401E-08 1.2796E-08 1.3176E-08 1.3567E-08 1.3964E-08 1.4370E-08 1.4789E-08 1.5212E-08 1.5644E-08 1.6084E-08 1.6528E-08 1.6977E-08 1.7431E-08 1.7884E-08 1.8315E-08
3.4765E-09 3.5824E-09 3.6919E-09 3.8052E-09 3.9194E-09 4.0406E-09 4.1657E-09 4.2981E-09 4.4321E-09 4.5673E-09 4.7136E-09 4.8615E-09 5.0177E-09 5.1756E-09 5.3421E-09 5.5105E-09 5.6878E-09 5.8672E-09 6.0555E-09 6.2508E-09 6.4476E-09 6.6564E-09 6.8715E-09 7.1077E-09 7.3338E-09 7.5821E-09 7.8339E-09 8.0789E-09 8.3303E-09 8.5884E-09 8.8529E-09 9.1240E-09 9.4015E-09 9.6855E-09 9.9980E-09 1.0320E-08 1.0650E-08 1.0974E-08 1.1306E-08 1.1646E-08 1.2021E-08 1.2409E-08 1.2809E-08 1.3197E-08 1.3597E-08 1.4005E-08 1.4422E-08 1.4852E-08 1.5288E-08 1.5734E-08 1.6189E-08 1.6650E-08 1.7117E-08 1.7590E-08 1.8073E-08 1.8552E-08 1.9007E-08
3.5426E-09 3.6513E-09 3.7611E-09 3.8774E-09 3.9977E-09 4.1221E-09 4.2477E-09 4.3839E-09 4.5215E-09 4.6670E-09 4.8143E-09 4.9665E-09 5.1271E-09 5.2898E-09 5.4610E-09 5.6346E-09 5.8171E-09 6.0019E-09 6.1960E-09 6.3940E-09 6.6014E-09 6.8167E-09 7.0389E-09 7.2827E-09 7.5259E-09 7.7821E-09 8.0282E-09 8.2811E-09 8.5409E-09 8.8075E-09 9.0809E-09 9.3612E-09 9.6482E-09 9.9625E-09 1.0286E-08 1.0600E-08 1.0945E-08 1.1281E-08 1.1626E-08 1.2005E-08 1.2373E-08 1.2778E-08 1.3196E-08 1.3603E-08 1.4019E-08 1.4445E-08 1.4885E-08 1.5333E-08 1.5792E-08 1.6260E-08 1.6736E-08 1.7220E-08 1.7711E-08 1.8214E-08 1.8721E-08 1.9227E-08 1.9707E-08
3.6062E-09 3.7177E-09 3.8331E-09 3.9497E-09 4.0732E-09 4.2009E-09 4.3329E-09 4.4698E-09 4.6112E-09 4.7606E-09 4.9120E-09 5.0717E-09 5.2336E-09 5.4041E-09 5.5771E-09 5.7589E-09 5.9433E-09 6.1370E-09 6.3334E-09 6.5406E-09 6.7556E-09 6.9773E-09 7.2019E-09 7.4534E-09 7.7090E-09 7.9686E-09 8.2225E-09 8.4834E-09 8.7515E-09 9.0267E-09 9.3090E-09 9.5983E-09 9.8948E-09 1.0220E-08 1.0556E-08 1.0901E-08 1.1241E-08 1.1590E-08 1.1947E-08 1.2342E-08 1.2751E-08 1.3174E-08 1.3586E-08 1.4009E-08 1.4444E-08 1.4890E-08 1.5349E-08 1.5817E-08 1.6298E-08 1.6788E-08 1.7286E-08 1.7793E-08 1.8313E-08 1.8840E-08 1.9375E-08 1.9908E-08 2.0418E-08
