Assets/Resources/2015_m01_d01_1200(utc+0800)_l00_csi_1hr_conc.grd
DSAA
         159         159
     -79.000      79.000
     -79.000      79.000
  0.0000E+00  0.4282E-05
[rows 0 to 24 of 159, columns 57 to 113 of 159]
0.0000E+00 0.0000E+00 0.0000E+00 0.0000E+00 0.0000E+00 0.0000E+00 0.0000E+00 0.0000E+00 0.0000E+00 0.0000E+00 0.0000E+00 0.0000E+00 0.0000E+00 0.0000E+00 0.0000E+00 0.0000E+00 0.0000E+00 0.0000E+00 0.0000E+00 0.0000E+00 0.0000E+00 0.0000E+00 0.0000E+00 0.0000E+00 0.0000E+00 0.0000E+00 0.0000E+00 0.0000E+00 0.0000E+00 0.0000E+00 1.8124E-14 1.2116E-12 4.4604E-12 1.0928E-11 2.3157E-11 3.8658E-11 5.8385E-11 8.3198E-11 1.1383E-10 1.4567E-10 1.7983E-10 2.1644E-10 2.5603E-10 2.9927E-10 3.4703E-10 3.9995E-10 4.5874E-10 5.2374E-10 5.9522E-10 6.7355E-10 7.6014E-10 8.5436E-10 9.5453E-10 1.0611E-09 1.1742E-09 1.2937E-09 1.4194E-09
0.0000E+00 0.0000E+00 0.0000E+00 0.0000E+00 0.0000E+00 0.0000E+00 0.0000E+00 0.0000E+00 0.0000E+00 0.0000E+00 0.0000E+00 0.0000E+00 0.0000E+00 0.0000E+00 0.0000E+00 0.0000E+00 0.0000E+00 0.0000E+00 0.0000E+00 0.0000E+00 0.0000E+00 0.0000E+00 0.0000E+00 0.0000E+00 0.0000E+00 0.0000E+00 0.0000E+00 0.0000E+00 0.0000E+00 0.0000E+00 2.6081E-13 2.2760E-12 6.8498E-12 1.5843E-11 2.9214E-11 4.6821E-11 6.9586E-11 9.7014E-11 1.2834E-10 1.6095E-10 1.9702E-10 2.3561E-10 2.7759E-10 3.2393E-10 3.7522E-10 4.3206E-10 4.9507E-10 5.6521E-10 6.4422E-10 7.3049E-10 8.2198E-10 9.2027E-10 1.0262E-09 1.1399E-09 1.2604E-09 1.3870E-09 1.5193E-09
0.0000E+00 0.0000E+00 0.0000E+00 0.0000E+00 0.0000E+00 0.0000E+00 0.0000E+00 0.0000E+00 0.0000E+00 0.0000E+00 0.0000E+00 0.0000E+00 0.0000E+00 0.0000E+00 0.0000E+00 0.0000E+00 0.0000E+00 0.0000E+00 0.0000E+00 0.0000E+00 0.0000E+00 0.0000E+00 0.0000E+00 0.0000E+00 0.0000E+00 0.0000E+00 0.0000E+00 0.0000E+00 0.0000E+00 0.0000E+00 8.4151E-13 4.3428E-12 9.7926E-12 2.1092E-11 3.7074E-11 5.7248E-11 8.1578E-11 1.1053E-10 1.4226E-10 1.7651E-10 2.1447E-10 2.5530E-10 3.0023E-10 3.5000E-10 4.0508E-10 4.6707E-10 5.3742E-10 6.1453E-10 6.9686E-10 7.8650E-10 8.8493E-10 9.9155E-10 1.1048E-09 1.2247E-09 1.3515E-09 1.4850E-09 1.6248E-09
0.0000E+00 0.0000E+00 0.0000E+00 0.0000E+00 0.0000E+00 0.0000E+00 0.0000E+00 0.0000E+00 0.0000E+00 0.0000E+00 0.0000E+00 0.0000E+00 0.0000E+00 0.0000E+00 0.0000E+00 0.0000E+00 0.0000E+00 0.0000E+00 0.0000E+00 0.0000E+00 0.0000E+00 0.0000E+00 0.0000E+00 0.0000E+00 0.0000E+00 0.0000E+00 0.0000E+00 0.0000E+00 0.0000E+00 2.6490E-13 2.2616E-12 6.6006E-12 1.3859E-11 2.8007E-11 4.6306E-11 6.7790E-11 9.3314E-11 1.2355E-10 1.5634E-10 1.9236E-10 2.3212E-10 2.7590E-10 3.2404E-10 3.7840E-10 4.4014E-10 5.0825E-10 5.8172E-10 6.6246E-10 7.5268E-10 8.5102E-10 9.5531E-10 1.0668E-09 1.1863E-09 1.3137E-09 1.4485E-09 1.5894E-09 1.7363E-09
0.0000E+00 0.0000E+00 0.0000E+00 0.0000E+00 0.0000E+00 0.0000E+00 0.0000E+00 0.0000E+00 0.0000E+00 0.0000E+00 0.0000E+00 0.0000E+00 0.0000E+00 0.0000E+00 0.0000E+00 0.0000E+00 0.0000E+00 0.0000E+00 0.0000E+00 0.0000E+00 0.0000E+00 0.0000E+00 0.0000E+00 0.0000E+00 0.0000E+00 0.0000E+00 0.0000E+00 0.0000E+00 1.1804E-14 9.4614E-13 3.6291E-12 8.9531E-12 1.9160E-11 3.5608E-11 5.5848E-11 7.8513E-11 1.0525E-10 1.3633E-10 1.7034E-10 2.0806E-10 2.5055E-10 2.9809E-10 3.5168E-10 4.1170E-10 4.7693E-10 5.4904E-10 6.3018E-10 7.1873E-10 8.1307E-10 9.1535E-10 1.0269E-09 1.1470E-09 1.2745E-09 1.4090E-09 1.5506E-09 1.6985E-09 1.8528E-09
0.0000E+00 0.0000E+00 0.0000E+00 0.0000E+00 0.0000E+00 0.0000E+00 0.0000E+00 0.0000E+00 0.0000E+00 0.0000E+00 0.0000E+00 0.0000E+00 0.0000E+00 0.0000E+00 0.0000E+00 0.0000E+00 0.0000E+00 0.0000E+00 0.0000E+00 0.0000E+00 0.0000E+00 0.0000E+00 0.0000E+00 0.0000E+00 0.0000E+00 0.0000E+00 0.0000E+00 0.0000E+00 1.7925E-13 1.5354E-12 5.1972E-12 1.2625E-11 2.5196E-11 4.3522E-11 6.5135E-11 8.9139E-11 1.1656E-10 1.4913E-10 1.8445E-10 2.2448E-10 2.7129E-10 3.2406E-10 3.8157E-10 4.4557E-10 5.1724E-10 5.9592E-10 6.8073E-10 7.7356E-10 8.7635E-10 9.8809E-10 1.1065E-09 1.2326E-09 1.3667E-09 1.5090E-09 1.6589E-09 1.8150E-09 1.9769E-09
0.0000E+00 0.0000E+00 0.0000E+00 0.0000E+00 0.0000E+00 0.0000E+00 0.0000E+00 0.0000E+00 0.0000E+00 0.0000E+00 0.0000E+00 0.0000E+00 0.0000E+00 0.0000E+00 0.0000E+00 0.0000E+00 0.0000E+00 0.0000E+00 0.0000E+00 0.0000E+00 0.0000E+00 0.0000E+00 0.0000E+00 0.0000E+00 0.0000E+00 0.0000E+00 0.0000E+00 0.0000E+00 3.5992E-13 2.4775E-12 7.7003E-12 1.7009E-11 3.1638E-11 5.1766E-11 7.4458E-11 9.9091E-11 1.2810E-10 1.6179E-10 1.9946E-10 2.4360E-10 2.9448E-10 3.5114E-10 4.1407E-10 4.8357E-10 5.5910E-10 6.4226E-10 7.3557E-10 8.3719E-10 9.4512E-10 1.0616E-09 1.1876E-09 1.3226E-09 1.4654E-09 1.6156E-09 1.7727E-09 1.9364E-09 2.1061E-09
0.0000E+00 0.0000E+00 0.0000E+00 0.0000E+00 0.0000E+00 0.0000E+00 0.0000E+00 0.0000E+00 0.0000E+00 0.0000E+00 0.0000E+00 0.0000E+00 0.0000E+00 0.0000E+00 0.0000E+00 0.0000E+00 0.0000E+00 0.0000E+00 0.0000E+00 0.0000E+00 0.0000E+00 0.0000E+00 0.0000E+00 0.0000E+00 0.0000E+00 0.0000E+00 0.0000E+00 0.0000E+00 6.0309E-13 3.7567E-12 1.0728E-11 2.1499E-11 3.8201E-11 5.9993E-11 8.3542E-11 1.0912E-10 1.3935E-10 1.7512E-10 2.1643E-10 2.6419E-10 3.1964E-10 3.8120E-10 4.4781E-10 5.2187E-10 6.0481E-10 6.9544E-10 7.9301E-10 8.9930E-10 1.0163E-09 1.1429E-09 1.2769E-09 1.4190E-09 1.5693E-09 1.7275E-09 1.8933E-09 2.0654E-09 2.2428E-09
0.0000E+00 0.0000E+00 0.0000E+00 0.0000E+00 0.0000E+00 0.0000E+00 0.0000E+00 0.0000E+00 0.0000E+00 0.0000E+00 0.0000E+00 0.0000E+00 0.0000E+00 0.0000E+00 0.0000E+00 0.0000E+00 0.0000E+00 0.0000E+00 0.0000E+00 0.0000E+00 0.0000E+00 0.0000E+00 0.0000E+00 0.0000E+00 0.0000E+00 0.0000E+00 0.0000E+00 1.2672E-14 1.2198E-12 5.6256E-12 1.3923E-11 2.6445E-11 4.5098E-11 6.7763E-11 9.2289E-11 1.1888E-10 1.5129E-10 1.8979E-10 2.3462E-10 2.8704E-10 3.4623E-10 4.1179E-10 4.8449E-10 5.6476E-10 6.5194E-10 7.4826E-10 8.5596E-10 9.7231E-10 1.0957E-09 1.2280E-09 1.3702E-09 1.5218E-09 1.6816E-09 1.8485E-09 2.0222E-09 2.2020E-09 2.3871E-09
0.0000E+00 0.0000E+00 0.0000E+00 0.0000E+00 0.0000E+00 0.0000E+00 0.0000E+00 0.0000E+00 0.0000E+00 0.0000E+00 0.0000E+00 0.0000E+00 0.0000E+00 0.0000E+00 0.0000E+00 0.0000E+00 0.0000E+00 0.0000E+00 0.0000E+00 0.0000E+00 0.0000E+00 0.0000E+00 0.0000E+00 0.0000E+00 0.0000E+00 0.0000E+00 0.0000E+00 1.3705E-13 2.0166E-12 7.8197E-12 1.7476E-11 3.2057E-11 5.1974E-11 7.5590E-11 1.0098E-10 1.2993E-10 1.6439E-10 2.0601E-10 2.5462E-10 3.1025E-10 3.7437E-10 4.4543E-10 5.2243E-10 6.0866E-10 7.0526E-10 8.0991E-10 9.2195E-10 1.0437E-09 1.1768E-09 1.3200E-09 1.4713E-09 1.6311E-09 1.7990E-09 1.9746E-09 2.1568E-09 2.3449E-09 2.5379E-09
0.0000E+00 0.0000E+00 0.0000E+00 0.0000E+00 0.0000E+00 0.0000E+00 0.0000E+00 0.0000E+00 0.0000E+00 0.0000E+00 0.0000E+00 0.0000E+00 0.0000E+00 0.0000E+00 0.0000E+00 0.0000E+00 0.0000E+00 0.0000E+00 0.0000E+00 0.0000E+00 0.0000E+00 0.0000E+00 0.0000E+00 0.0000E+00 0.0000E+00 0.0000E+00 0.0000E+00 2.8153E-13 3.3191E-12 1.0487E-11 2.1625E-11 3.7672E-11 5.9103E-11 8.3866E-11 1.1111E-10 1.4208E-10 1.7899E-10 2.2368E-10 2.7567E-10 3.3560E-10 4.0353E-10 4.8065E-10 5.6653E-10 6.6022E-10 7.6081E-10 8.7129E-10 9.9401E-10 1.1272E-09 1.2679E-09 1.4182E-09 1.5777E-09 1.7464E-09 1.9232E-09 2.1077E-09 2.2987E-09 2.4954E-09 2.6965E-09
0.0000E+00 0.0000E+00 0.0000E+00 0.0000E+00 0.0000E+00 0.0000E+00 0.0000E+00 0.0000E+00 0.0000E+00 0.0000E+00 0.0000E+00 0.0000E+00 0.0000E+00 0.0000E+00 0.0000E+00 0.0000E+00 0.0000E+00 0.0000E+00 0.0000E+00 0.0000E+00 0.0000E+00 0.0000E+00 0.0000E+00 0.0000E+00 0.0000E+00 0.0000E+00 0.0000E+00 5.6320E-13 5.0874E-12 1.3604E-11 2.6250E-11 4.3916E-11 6.6933E-11 9.3037E-11 1.2217E-10 1.5544E-10 1.9525E-10 2.4284E-10 2.9822E-10 3.6260E-10 4.3814E-10 5.2198E-10 6.1156E-10 7.1032E-10 8.2131E-10 9.4204E-10 1.0707E-09 1.2097E-09 1.3591E-09 1.5187E-09 1.6878E-09 1.8660E-09 2.0524E-09 2.2463E-09 2.4464E-09 2.6518E-09 2.8610E-09
0.0000E+00 0.0000E+00 0.0000E+00 0.0000E+00 0.0000E+00 0.0000E+00 0.0000E+00 0.0000E+00 0.0000E+00 0.0000E+00 0.0000E+00 0.0000E+00 0.0000E+00 0.0000E+00 0.0000E+00 0.0000E+00 0.0000E+00 0.0000E+00 0.0000E+00 0.0000E+00 0.0000E+00 0.0000E+00 0.0000E+00 0.0000E+00 0.0000E+00 0.0000E+00 0.0000E+00 1.1056E-12 6.8393E-12 1.6992E-11 3.1327E-11 5.0238E-11 7.5068E-11 1.0280E-10 1.3401E-10 1.7011E-10 2.1324E-10 2.6384E-10 3.2436E-10 3.9495E-10 4.7333E-10 5.6123E-10 6.5996E-10 7.6828E-10 8.8486E-10 1.0110E-09 1.1481E-09 1.2962E-09 1.4551E-09 1.6244E-09 1.8035E-09 1.9917E-09 2.1880E-09 2.3915E-09 2.6010E-09 2.8153E-09 3.0327E-09
0.0000E+00 0.0000E+00 0.0000E+00 0.0000E+00 0.0000E+00 0.0000E+00 0.0000E+00 0.0000E+00 0.0000E+00 0.0000E+00 0.0000E+00 0.0000E+00 0.0000E+00 0.0000E+00 0.0000E+00 0.0000E+00 0.0000E+00 0.0000E+00 0.0000E+00 0.0000E+00 0.0000E+00 0.0000E+00 0.0000E+00 0.0000E+00 0.0000E+00 0.0000E+00 1.0135E-13 1.9526E-12 9.1606E-12 2.0913E-11 3.6170E-11 5.7143E-11 8.4037E-11 1.1350E-10 1.4710E-10 1.8663E-10 2.3373E-10 2.8941E-10 3.5324E-10 4.2629E-10 5.1138E-10 6.0783E-10 7.1219E-10 8.2481E-10 9.4831E-10 1.0836E-09 1.2304E-09 1.3882E-09 1.5572E-09 1.7367E-09 1.9262E-09 2.1248E-09 2.3314E-09 2.5449E-09 2.7640E-09 2.9871E-09 3.2128E-09
0.0000E+00 0.0000E+00 0.0000E+00 0.0000E+00 0.0000E+00 0.0000E+00 0.0000E+00 0.0000E+00 0.0000E+00 0.0000E+00 0.0000E+00 0.0000E+00 0.0000E+00 0.0000E+00 0.0000E+00 0.0000E+00 0.0000E+00 0.0000E+00 0.0000E+00 0.0000E+00 0.0000E+00 0.0000E+00 0.0000E+00 0.0000E+00 0.0000E+00 0.0000E+00 3.9281E-13 3.3389E-12 1.2211E-11 2.4464E-11 4.1463E-11 6.4451E-11 9.3376E-11 1.2510E-10 1.6219E-10 2.0639E-10 2.5794E-10 3.1549E-10 3.8337E-10 4.6398E-10 5.5470E-10 6.5455E-10 7.6400E-10 8.8489E-10 1.0177E-09 1.1618E-09 1.3176E-09 1.4853E-09 1.6645E-09 1.8546E-09 2.0549E-09 2.2641E-09 2.4813E-09 2.7049E-09 2.9335E-09 3.1656E-09 3.3995E-09
0.0000E+00 0.0000E+00 0.0000E+00 0.0000E+00 0.0000E+00 0.0000E+00 0.0000E+00 0.0000E+00 0.0000E+00 0.0000E+00 0.0000E+00 0.0000E+00 0.0000E+00 0.0000E+00 0.0000E+00 0.0000E+00 0.0000E+00 0.0000E+00 0.0000E+00 0.0000E+00 0.0000E+00 0.0000E+00 0.0000E+00 0.0000E+00 0.0000E+00 0.0000E+00 8.5978E-13 5.2159E-12 1.5135E-11 2.8212E-11 4.6993E-11 7.2424E-11 1.0340E-10 1.3831E-10 1.8020E-10 2.2810E-10 2.8240E-10 3.4529E-10 4.1866E-10 5.0214E-10 5.9603E-10 7.0225E-10 8.2097E-10 9.5016E-10 1.0907E-09 1.2439E-09 1.4096E-09 1.5877E-09 1.7777E-09 1.9789E-09 2.1901E-09 2.4105E-09 2.6384E-09 2.8724E-09 3.1107E-09 3.3518E-09 3.5936E-09
0.0000E+00 0.0000E+00 0.0000E+00 0.0000E+00 0.0000E+00 0.0000E+00 0.0000E+00 0.0000E+00 0.0000E+00 0.0000E+00 0.0000E+00 0.0000E+00 0.0000E+00 0.0000E+00 0.0000E+00 0.0000E+00 0.0000E+00 0.0000E+00 0.0000E+00 0.0000E+00 0.0000E+00 0.0000E+00 0.0000E+00 0.0000E+00 0.0000E+00 5.7971E-15 1.5576E-12 7.1536E-12 1.7748E-11 3.2270E-11 5.2925E-11 8.0806E-11 1.1508E-10 1.5418E-10 1.9931E-10 2.5106E-10 3.1068E-10 3.7745E-10 4.5309E-10 5.4080E-10 6.4214E-10 7.5599E-10 8.8098E-10 1.0179E-09 1.1675E-09 1.3303E-09 1.5062E-09 1.6949E-09 1.8960E-09 2.1084E-09 2.3311E-09 2.5627E-09 2.8016E-09 3.0462E-09 3.2947E-09 3.5452E-09 3.7953E-09
0.0000E+00 0.0000E+00 0.0000E+00 0.0000E+00 0.0000E+00 0.0000E+00 0.0000E+00 0.0000E+00 0.0000E+00 0.0000E+00 0.0000E+00 0.0000E+00 0.0000E+00 0.0000E+00 0.0000E+00 0.0000E+00 0.0000E+00 0.0000E+00 0.0000E+00 0.0000E+00 0.0000E+00 0.0000E+00 0.0000E+00 0.0000E+00 0.0000E+00 1.9602E-13 2.6954E-12 9.1484E-12 2.0377E-11 3.6948E-11 6.0088E-11 9.0744E-11 1.2836E-10 1.7100E-10 2.2034E-10 2.7719E-10 3.3927E-10 4.0926E-10 4.9023E-10 5.8406E-10 6.9040E-10 8.0986E-10 9.4284E-10 1.0888E-09 1.2478E-09 1.4205E-09 1.6068E-09 1.8064E-09 2.0188E-09 2.2428E-09 2.4772E-09 2.7210E-09 2.9721E-09 3.2280E-09 3.4867E-09 3.7460E-09 4.0039E-09
0.0000E+00 0.0000E+00 0.0000E+00 0.0000E+00 0.0000E+00 0.0000E+00 0.0000E+00 0.0000E+00 0.0000E+00 0.0000E+00 0.0000E+00 0.0000E+00 0.0000E+00 0.0000E+00 0.0000E+00 0.0000E+00 0.0000E+00 0.0000E+00 0.0000E+00 0.0000E+00 0.0000E+00 0.0000E+00 0.0000E+00 0.0000E+00 0.0000E+00 5.7022E-13 3.9639E-12 1.1203E-11 2.3398E-11 4.2081E-11 6.8081E-11 1.0191E-10 1.4318E-10 1.8972E-10 2.4299E-10 3.0218E-10 3.6854E-10 4.4408E-10 5.2965E-10 6.2761E-10 7.3992E-10 8.6689E-10 1.0083E-09 1.1636E-09 1.3325E-09 1.5156E-09 1.7128E-09 1.9237E-09 2.1482E-09 2.3856E-09 2.6333E-09 2.8891E-09 3.1512E-09 3.4177E-09 3.6862E-09 3.9544E-09 4.2201E-09
0.0000E+00 0.0000E+00 0.0000E+00 0.0000E+00 0.0000E+00 0.0000E+00 0.0000E+00 0.0000E+00 0.0000E+00 0.0000E+00 0.0000E+00 0.0000E+00 0.0000E+00 0.0000E+00 0.0000E+00 0.0000E+00 0.0000E+00 0.0000E+00 0.0000E+00 0.0000E+00 0.0000E+00 0.0000E+00 0.0000E+00 0.0000E+00 0.0000E+00 1.1166E-12 5.3211E-12 1.2983E-11 2.7461E-11 4.8774E-11 7.7655E-11 1.1381E-10 1.5930E-10 2.0964E-10 2.6552E-10 3.2884E-10 3.9977E-10 4.7919E-10 5.7039E-10 6.7324E-10 7.9226E-10 9.2910E-10 1.0772E-09 1.2423E-09 1.4217E-09 1.6156E-09 1.8256E-09 2.0506E-09 2.2883E-09 2.5371E-09 2.7960E-09 3.0632E-09 3.3368E-09 3.6147E-09 3.8940E-09 4.1717E-09 4.4452E-09
0.0000E+00 0.0000E+00 0.0000E+00 0.0000E+00 0.0000E+00 0.0000E+00 0.0000E+00 0.0000E+00 0.0000E+00 0.0000E+00 0.0000E+00 0.0000E+00 0.0000E+00 0.0000E+00 0.0000E+00 0.0000E+00 0.0000E+00 0.0000E+00 0.0000E+00 0.0000E+00 0.0000E+00 0.0000E+00 0.0000E+00 0.0000E+00 0.0000E+00 1.6688E-12 6.6874E-12 1.5480E-11 3.2267E-11 5.6155E-11 8.7796E-11 1.2782E-10 1.7624E-10 2.2914E-10 2.8900E-10 3.5603E-10 4.3061E-10 5.1469E-10 6.1101E-10 7.2124E-10 8.4740E-10 9.9013E-10 1.1494E-09 1.3245E-09 1.5172E-09 1.7254E-09 1.9472E-09 2.1825E-09 2.4313E-09 2.6922E-09 2.9643E-09 3.2450E-09 3.5311E-09 3.8200E-09 4.1092E-09 4.3955E-09 4.6765E-09
0.0000E+00 0.0000E+00 0.0000E+00 0.0000E+00 0.0000E+00 0.0000E+00 0.0000E+00 0.0000E+00 0.0000E+00 0.0000E+00 0.0000E+00 0.0000E+00 0.0000E+00 0.0000E+00 0.0000E+00 0.0000E+00 0.0000E+00 0.0000E+00 0.0000E+00 0.0000E+00 0.0000E+00 0.0000E+00 0.0000E+00 0.0000E+00 1.0662E-14 2.3750E-12 7.8819E-12 1.8423E-11 3.7908E-11 6.4167E-11 9.8859E-11 1.4179E-10 1.9367E-10 2.4961E-10 3.1241E-10 3.8278E-10 4.6164E-10 5.5135E-10 6.5423E-10 7.7152E-10 9.0497E-10 1.0568E-09 1.2267E-09 1.4153E-09 1.6178E-09 1.8368E-09 2.0699E-09 2.3185E-09 2.5818E-09 2.8575E-09 3.1422E-09 3.4345E-09 3.7320E-09 4.0317E-09 4.3306E-09 4.6258E-09 4.9139E-09
0.0000E+00 0.0000E+00 0.0000E+00 0.0000E+00 0.0000E+00 0.0000E+00 0.0000E+00 0.0000E+00 0.0000E+00 0.0000E+00 0.0000E+00 0.0000E+00 0.0000E+00 0.0000E+00 0.0000E+00 0.0000E+00 0.0000E+00 0.0000E+00 0.0000E+00 0.0000E+00 0.0000E+00 0.0000E+00 0.0000E+00 0.0000E+00 2.5275E-13 3.1732E-12 9.2904E-12 2.2178E-11 4.3377E-11 7.3765E-11 1.1067E-10 1.5635E-10 2.1066E-10 2.6947E-10 3.3515E-10 4.0930E-10 4.9350E-10 5.8928E-10 6.9889E-10 8.2386E-10 9.6655E-10 1.1287E-09 1.3089E-09 1.5068E-09 1.7207E-09 1.9524E-09 2.2011E-09 2.4645E-09 2.7400E-09 3.0272E-09 3.3244E-09 3.6290E-09 3.9385E-09 4.2499E-09 4.5595E-09 4.8636E-09 5.1592E-09
0.0000E+00 0.0000E+00 0.0000E+00 0.0000E+00 0.0000E+00 0.0000E+00 0.0000E+00 0.0000E+00 0.0000E+00 0.0000E+00 0.0000E+00 0.0000E+00 0.0000E+00 0.0000E+00 0.0000E+00 0.0000E+00 0.0000E+00 0.0000E+00 0.0000E+00 0.0000E+00 0.0000E+00 0.0000E+00 0.0000E+00 0.0000E+00 5.0894E-13 4.1149E-12 1.0978E-11 2.6286E-11 5.0448E-11 8.2961E-11 1.2303E-10 1.7128E-10 2.2709E-10 2.8823E-10 3.5708E-10 4.3598E-10 5.2590E-10 6.2805E-10 7.4550E-10 8.8015E-10 1.0322E-09 1.2023E-09 1.3913E-09 1.6009E-09 1.8304E-09 2.0760E-09 2.3359E-09 2.6087E-09 2.8996E-09 3.2006E-09 3.5122E-09 3.8310E-09 4.1527E-09 4.4746E-09 4.7934E-09 5.1055E-09 5.4074E-09
0.0000E+00 0.0000E+00 0.0000E+00 0.0000E+00 0.0000E+00 0.0000E+00 0.0000E+00 0.0000E+00 0.0000E+00 0.0000E+00 0.0000E+00 0.0000E+00 0.0000E+00 0.0000E+00 0.0000E+00 0.0000E+00 0.0000E+00 0.0000E+00 0.0000E+00 0.0000E+00 0.0000E+00 0.0000E+00 0.0000E+00 0.0000E+00 8.0330E-13 5.2960E-12 1.3659E-11 3.1547E-11 5.8730E-11 9.3507E-11 1.3542E-10 1.8549E-10 2.4292E-10 3.0619E-10 3.7876E-10 4.6263E-10 5.5867E-10 6.6875E-10 7.9473E-10 9.3771E-10 1.0981E-09 1.2781E-09 1.4798E-09 1.7011E-09 1.9410E-09 2.1984E-09 2.4709E-09 2.7618E-09 3.0666E-09 3.3825E-09 3.7071E-09 4.0376E-09 4.3711E-09 4.7038E-09 5.0321E-09 5.3525E-09 5.6612E-09
