Assets/Resources/2015_m01_d29_1100(utc+0800)_l00_csi_1hr_conc.grd
DSAA
         159         159
     -79.000      79.000
     -79.000      79.000
  0.0000E+00  0.1512E-05
[rows 25 to 49 of 159, columns 0 to 56 of 159]
9.2029E-11 9.9384E-11 1.0697E-10 1.1502E-10 1.2357E-10 1.3261E-10 1.4240E-10 1.5231E-10 1.6300E-10 1.7405E-10 1.8593E-10 1.9820E-10 2.1136E-10 2.2515E-10 2.3942E-10 2.5436E-10 2.7002E-10 2.8675E-10 3.0391E-10 3.2231E-10 3.4142E-10 3.6173E-10 3.8303E-10 4.0452E-10 4.2836E-10 4.5174E-10 4.7718E-10 5.0285E-10 5.3002E-10 5.5806E-10 5.8650E-10 6.1652E-10 6.4678E-10 6.7818E-10 7.1064E-10 7.4336E-10 7.7743E-10 8.1222E-10 8.4736E-10 8.8360E-10 9.2064E-10 9.5777E-10 9.9606E-10 1.0348E-09 1.0738E-09 1.1136E-09 1.1539E-09 1.1941E-09 1.2348E-09 1.2762E-09 1.3173E-09 1.3586E-09 1.4003E-09 1.4422E-09 1.4834E-09 1.5251E-09 1.5661E-09
9.2131E-11 9.9496E-11 1.0688E-10 1.1517E-10 1.2351E-10 1.3257E-10 1.4239E-10 1.5232E-10 1.6303E-10 1.7411E-10 1.8625E-10 1.9880E-10 2.1154E-10 2.2538E-10 2.3970E-10 2.5469E-10 2.7042E-10 2.8722E-10 3.0481E-10 3.2321E-10 3.4288E-10 3.6261E-10 3.8441E-10 4.0642E-10 4.2972E-10 4.5437E-10 4.7894E-10 5.0602E-10 5.3225E-10 5.6102E-10 5.8968E-10 6.2000E-10 6.5050E-10 6.8273E-10 7.1502E-10 7.4860E-10 7.8254E-10 8.1781E-10 8.5380E-10 8.9011E-10 9.2761E-10 9.6532E-10 1.0041E-09 1.0431E-09 1.0831E-09 1.1232E-09 1.1642E-09 1.2053E-09 1.2471E-09 1.2894E-09 1.3313E-09 1.3739E-09 1.4161E-09 1.4589E-09 1.5012E-09 1.5439E-09 1.5861E-09
9.1937E-11 9.9307E-11 1.0670E-10 1.1499E-10 1.2356E-10 1.3263E-10 1.4225E-10 1.5219E-10 1.6314E-10 1.7447E-10 1.8619E-10 1.9876E-10 2.1152E-10 2.2540E-10 2.3976E-10 2.5504E-10 2.7080E-10 2.8769E-10 3.0544E-10 3.2357E-10 3.4334E-10 3.6389E-10 3.8511E-10 4.0796E-10 4.3070E-10 4.5590E-10 4.8064E-10 5.0760E-10 5.3475E-10 5.6306E-10 5.9265E-10 6.2252E-10 6.5362E-10 6.8582E-10 7.1836E-10 7.5233E-10 7.8709E-10 8.2229E-10 8.5868E-10 8.9596E-10 9.3342E-10 9.7217E-10 1.0115E-09 1.0511E-09 1.0917E-09 1.1329E-09 1.1741E-09 1.2164E-09 1.2590E-09 1.3016E-09 1.3449E-09 1.3878E-09 1.4312E-09 1.4748E-09 1.5182E-09 1.5619E-09 1.6051E-09
9.1867E-11 9.9028E-11 1.0663E-10 1.1492E-10 1.2327E-10 1.3235E-10 1.4197E-10 1.5214E-10 1.6288E-10 1.7422E-10 1.8595E-10 1.9854E-10 2.1131E-10 2.2546E-10 2.3983E-10 2.5492E-10 2.7106E-10 2.8764E-10 3.0546E-10 3.2400E-10 3.4350E-10 3.6450E-10 3.8582E-10 4.0879E-10 4.3205E-10 4.5668E-10 4.8230E-10 5.0873E-10 5.3691E-10 5.6457E-10 5.9485E-10 6.2492E-10 6.5676E-10 6.8874E-10 7.2206E-10 7.5633E-10 7.9101E-10 8.2700E-10 8.6386E-10 9.0105E-10 9.3952E-10 9.7865E-10 1.0182E-09 1.0587E-09 1.1000E-09 1.1413E-09 1.1833E-09 1.2262E-09 1.2693E-09 1.3125E-09 1.3567E-09 1.4010E-09 1.4451E-09 1.4898E-09 1.5346E-09 1.5790E-09 1.6232E-09
9.1508E-11 9.8658E-11 1.0625E-10 1.1454E-10 1.2288E-10 1.3195E-10 1.4179E-10 1.5195E-10 1.6247E-10 1.7382E-10 1.8554E-10 1.9814E-10 2.1137E-10 2.2508E-10 2.3946E-10 2.5456E-10 2.7072E-10 2.8768E-10 3.0544E-10 3.2414E-10 3.4359E-10 3.6477E-10 3.8619E-10 4.0891E-10 4.3302E-10 4.5704E-10 4.8366E-10 5.0978E-10 5.3779E-10 5.6679E-10 5.9609E-10 6.2670E-10 6.5845E-10 6.9062E-10 7.2426E-10 7.5879E-10 7.9382E-10 8.3012E-10 8.6742E-10 9.0497E-10 9.4392E-10 9.8352E-10 1.0235E-09 1.0646E-09 1.1065E-09 1.1485E-09 1.1916E-09 1.2352E-09 1.2790E-09 1.3235E-09 1.3684E-09 1.4132E-09 1.4586E-09 1.5039E-09 1.5496E-09 1.5950E-09 1.6404E-09
9.1285E-11 9.8414E-11 1.0599E-10 1.1405E-10 1.2259E-10 1.3187E-10 1.4126E-10 1.5141E-10 1.6191E-10 1.7325E-10 1.8519E-10 1.9756E-10 2.1079E-10 2.2449E-10 2.3886E-10 2.5396E-10 2.7039E-10 2.8712E-10 3.0490E-10 3.2398E-10 3.4385E-10 3.6438E-10 3.8622E-10 4.0904E-10 4.3324E-10 4.5774E-10 4.8378E-10 5.1075E-10 5.3818E-10 5.6779E-10 5.9679E-10 6.2804E-10 6.5999E-10 6.9286E-10 7.2675E-10 7.6111E-10 7.9687E-10 8.3357E-10 8.7070E-10 9.0917E-10 9.4844E-10 9.8814E-10 1.0290E-09 1.0707E-09 1.1126E-09 1.1557E-09 1.1994E-09 1.2434E-09 1.2882E-09 1.3331E-09 1.3788E-09 1.4244E-09 1.4708E-09 1.5169E-09 1.5632E-09 1.6101E-09 1.6571E-09
9.0763E-11 9.7870E-11 1.0542E-10 1.1346E-10 1.2198E-10 1.3124E-10 1.4060E-10 1.5073E-10 1.6121E-10 1.7275E-10 1.8469E-10 1.9680E-10 2.1001E-10 2.2369E-10 2.3805E-10 2.5337E-10 2.6957E-10 2.8664E-10 3.0444E-10 3.2319E-10 3.4344E-10 3.6402E-10 3.8591E-10 4.0917E-10 4.3273E-10 4.5814E-10 4.8346E-10 5.1102E-10 5.3854E-10 5.6785E-10 5.9779E-10 6.2889E-10 6.6051E-10 6.9361E-10 7.2770E-10 7.6233E-10 7.9834E-10 8.3540E-10 8.7280E-10 9.1170E-10 9.5133E-10 9.9149E-10 1.0328E-09 1.0751E-09 1.1175E-09 1.1612E-09 1.2056E-09 1.2501E-09 1.2956E-09 1.3417E-09 1.3878E-09 1.4346E-09 1.4820E-09 1.5290E-09 1.5768E-09 1.6242E-09 1.6723E-09
9.0161E-11 9.7238E-11 1.0498E-10 1.1298E-10 1.2126E-10 1.3049E-10 1.3981E-10 1.4991E-10 1.6082E-10 1.7188E-10 1.8378E-10 1.9586E-10 2.0904E-10 2.2270E-10 2.3728E-10 2.5267E-10 2.6851E-10 2.8557E-10 3.0370E-10 3.2211E-10 3.4238E-10 3.6334E-10 3.8525E-10 4.0857E-10 4.3219E-10 4.5769E-10 4.8308E-10 5.1039E-10 5.3871E-10 5.6740E-10 5.9791E-10 6.2870E-10 6.6091E-10 6.9421E-10 7.2852E-10 7.6383E-10 8.0014E-10 8.3697E-10 8.7520E-10 9.1434E-10 9.5398E-10 9.9491E-10 1.0368E-09 1.0789E-09 1.1224E-09 1.1667E-09 1.2112E-09 1.2568E-09 1.3031E-09 1.3493E-09 1.3967E-09 1.4439E-09 1.4921E-09 1.5400E-09 1.5887E-09 1.6373E-09 1.6863E-09
8.9693E-11 9.6520E-11 1.0423E-10 1.1219E-10 1.2064E-10 1.2962E-10 1.3890E-10 1.4919E-10 1.5984E-10 1.7085E-10 1.8271E-10 1.9474E-10 2.0813E-10 2.2173E-10 2.3604E-10 2.5140E-10 2.6720E-10 2.8423E-10 3.0235E-10 3.2135E-10 3.4136E-10 3.6233E-10 3.8428E-10 4.0761E-10 4.3128E-10 4.5648E-10 4.8309E-10 5.0973E-10 5.3815E-10 5.6689E-10 5.9755E-10 6.2842E-10 6.6081E-10 6.9425E-10 7.2827E-10 7.6375E-10 8.0033E-10 8.3737E-10 8.7593E-10 9.1536E-10 9.5538E-10 9.9666E-10 1.0390E-09 1.0816E-09 1.1256E-09 1.1704E-09 1.2155E-09 1.2621E-09 1.3086E-09 1.3560E-09 1.4036E-09 1.4522E-09 1.5006E-09 1.5501E-09 1.5997E-09 1.6492E-09 1.6993E-09
8.8937E-11 9.5719E-11 1.0338E-10 1.1130E-10 1.1971E-10 1.2864E-10 1.3810E-10 1.4811E-10 1.5871E-10 1.6967E-10 1.8148E-10 1.9368E-10 2.0680E-10 2.2034E-10 2.3459E-10 2.4991E-10 2.6600E-10 2.8289E-10 3.0108E-10 3.2005E-10 3.3969E-10 3.6065E-10 3.8297E-10 4.0595E-10 4.3045E-10 4.5485E-10 4.8153E-10 5.0854E-10 5.3666E-10 5.6582E-10 5.9620E-10 6.2713E-10 6.5964E-10 6.9321E-10 7.2784E-10 7.6401E-10 8.0031E-10 8.3807E-10 8.7682E-10 9.1615E-10 9.5687E-10 9.9859E-10 1.0408E-09 1.0843E-09 1.1288E-09 1.1736E-09 1.2197E-09 1.2665E-09 1.3135E-09 1.3618E-09 1.4105E-09 1.4594E-09 1.5091E-09 1.5589E-09 1.6095E-09 1.6600E-09 1.7112E-09
8.8105E-11 9.4836E-11 1.0245E-10 1.1032E-10 1.1867E-10 1.2777E-10 1.3717E-10 1.4691E-10 1.5745E-10 1.6834E-10 1.8009E-10 1.9246E-10 2.0528E-10 2.1876E-10 2.3294E-10 2.4844E-10 2.6422E-10 2.8141E-10 2.9919E-10 3.1813E-10 3.3809E-10 3.5901E-10 3.8132E-10 4.0429E-10 4.2879E-10 4.5319E-10 4.7951E-10 5.0691E-10 5.3467E-10 5.6434E-10 5.9477E-10 6.2626E-10 6.5886E-10 6.9208E-10 7.2683E-10 7.6271E-10 7.9913E-10 8.3713E-10 8.7610E-10 9.1571E-10 9.5670E-10 9.9880E-10 1.0413E-09 1.0858E-09 1.1306E-09 1.1764E-09 1.2225E-09 1.2699E-09 1.3180E-09 1.3663E-09 1.4158E-09 1.4654E-09 1.5161E-09 1.5667E-09 1.6183E-09 1.6696E-09 1.7222E-09
8.7199E-11 9.4094E-11 1.0165E-10 1.0924E-10 1.1753E-10 1.2657E-10 1.3591E-10 1.4557E-10 1.5605E-10 1.6709E-10 1.7855E-10 1.9084E-10 2.0358E-10 2.1698E-10 2.3108E-10 2.4651E-10 2.6256E-10 2.7933E-10 2.9705E-10 3.1627E-10 3.3619E-10 3.5741E-10 3.7933E-10 4.0227E-10 4.2640E-10 4.5160E-10 4.7754E-10 5.0495E-10 5.3270E-10 5.6243E-10 5.9238E-10 6.2393E-10 6.5658E-10 6.8988E-10 7.2472E-10 7.6074E-10 7.9729E-10 8.3639E-10 8.7515E-10 9.1540E-10 9.5671E-10 9.9858E-10 1.0419E-09 1.0863E-09 1.1311E-09 1.1773E-09 1.2244E-09 1.2718E-09 1.3206E-09 1.3700E-09 1.4197E-09 1.4704E-09 1.5219E-09 1.5733E-09 1.6258E-09 1.6789E-09 1.7317E-09
8.6222E-11 9.3056E-11 1.0055E-10 1.0808E-10 1.1653E-10 1.2527E-10 1.3453E-10 1.4412E-10 1.5451E-10 1.6572E-10 1.7685E-10 1.8906E-10 2.0171E-10 2.1501E-10 2.2926E-10 2.4436E-10 2.6033E-10 2.7736E-10 2.9500E-10 3.1380E-10 3.3400E-10 3.5517E-10 3.7666E-10 4.0001E-10 4.2363E-10 4.4916E-10 4.7506E-10 5.0208E-10 5.3018E-10 5.5953E-10 5.8994E-10 6.2104E-10 6.5423E-10 6.8804E-10 7.2301E-10 7.5861E-10 7.9581E-10 8.3406E-10 8.7302E-10 9.1344E-10 9.5504E-10 9.9712E-10 1.0413E-09 1.0859E-09 1.1312E-09 1.1782E-09 1.2253E-09 1.2737E-09 1.3230E-09 1.3725E-09 1.4233E-09 1.4744E-09 1.5265E-09 1.5789E-09 1.6321E-09 1.6858E-09 1.7400E-09
8.5177E-11 9.1944E-11 9.9372E-11 1.0682E-10 1.1520E-10 1.2387E-10 1.3305E-10 1.4255E-10 1.5308E-10 1.6397E-10 1.7501E-10 1.8712E-10 1.9967E-10 2.1312E-10 2.2736E-10 2.4201E-10 2.5788E-10 2.7482E-10 2.9260E-10 3.1176E-10 3.3117E-10 3.5227E-10 3.7402E-10 3.9732E-10 4.2087E-10 4.4597E-10 4.7219E-10 4.9878E-10 5.2778E-10 5.5662E-10 5.8704E-10 6.1861E-10 6.5087E-10 6.8469E-10 7.1973E-10 7.5537E-10 7.9268E-10 8.3105E-10 8.7057E-10 9.1170E-10 9.5299E-10 9.9583E-10 1.0398E-09 1.0843E-09 1.1303E-09 1.1773E-09 1.2248E-09 1.2737E-09 1.3234E-09 1.3737E-09 1.4250E-09 1.4772E-09 1.5296E-09 1.5831E-09 1.6376E-09 1.6918E-09 1.7474E-09
8.4065E-11 9.0760E-11 9.8114E-11 1.0571E-10 1.1400E-10 1.2236E-10 1.3145E-10 1.4086E-10 1.5130E-10 1.6209E-10 1.7302E-10 1.8502E-10 1.9746E-10 2.1080E-10 2.2493E-10 2.3981E-10 2.5521E-10 2.7203E-10 2.9007E-10 3.0876E-10 3.2841E-10 3.4943E-10 3.7109E-10 3.9394E-10 4.1775E-10 4.4287E-10 4.6901E-10 4.9553E-10 5.2402E-10 5.5280E-10 5.8317E-10 6.1472E-10 6.4693E-10 6.8077E-10 7.1632E-10 7.5250E-10 7.8981E-10 8.2788E-10 8.6748E-10 9.0831E-10 9.4972E-10 9.9282E-10 1.0370E-09 1.0823E-09 1.1290E-09 1.1759E-09 1.2242E-09 1.2736E-09 1.3234E-09 1.3745E-09 1.4265E-09 1.4789E-09 1.5325E-09 1.5870E-09 1.6416E-09 1.6974E-09 1.7532E-09
8.2890E-11 8.9508E-11 9.6781E-11 1.0429E-10 1.1249E-10 1.2076E-10 1.2976E-10 1.3929E-10 1.4940E-10 1.6008E-10 1.7089E-10 1.8278E-10 1.9534E-10 2.0832E-10 2.2231E-10 2.3707E-10 2.5258E-10 2.6937E-10 2.8694E-10 3.0587E-10 3.2540E-10 3.4593E-10 3.6793E-10 3.9058E-10 4.1439E-10 4.3895E-10 4.6499E-10 4.9178E-10 5.1982E-10 5.4851E-10 5.7881E-10 6.1080E-10 6.4344E-10 6.7731E-10 7.1185E-10 7.4807E-10 7.8541E-10 8.2353E-10 8.6365E-10 9.0416E-10 9.4615E-10 9.8988E-10 1.0338E-09 1.0793E-09 1.1259E-09 1.1731E-09 1.2218E-09 1.2715E-09 1.3218E-09 1.3734E-09 1.4260E-09 1.4789E-09 1.5332E-09 1.5885E-09 1.6438E-09 1.7006E-09 1.7581E-09
8.1655E-11 8.8190E-11 9.5377E-11 1.0280E-10 1.1091E-10 1.1907E-10 1.2796E-10 1.3762E-10 1.4738E-10 1.5795E-10 1.6864E-10 1.8065E-10 1.9282E-10 2.0566E-10 2.1953E-10 2.3414E-10 2.4986E-10 2.6616E-10 2.8358E-10 3.0238E-10 3.2177E-10 3.4252E-10 3.6440E-10 3.8654E-10 4.1059E-10 4.3504E-10 4.6059E-10 4.8726E-10 5.1566E-10 5.4472E-10 5.7496E-10 6.0591E-10 6.3849E-10 6.7230E-10 7.0680E-10 7.4343E-10 7.8086E-10 8.1941E-10 8.5921E-10 8.9971E-10 9.4191E-10 9.8526E-10 1.0294E-09 1.0750E-09 1.1224E-09 1.1703E-09 1.2193E-09 1.2690E-09 1.3201E-09 1.3722E-09 1.4248E-09 1.4788E-09 1.5340E-09 1.5893E-09 1.6461E-09 1.7038E-09 1.7616E-09
8.0363E-11 8.6809E-11 9.3905E-11 1.0123E-10 1.0924E-10 1.1730E-10 1.2608E-10 1.3562E-10 1.4526E-10 1.5570E-10 1.6625E-10 1.7813E-10 1.9016E-10 2.0286E-10 2.1657E-10 2.3103E-10 2.4660E-10 2.6309E-10 2.8035E-10 2.9864E-10 3.1824E-10 3.3847E-10 3.6021E-10 3.8257E-10 4.0611E-10 4.3041E-10 4.5629E-10 4.8330E-10 5.1063E-10 5.3957E-10 5.6971E-10 6.0053E-10 6.3302E-10 6.6676E-10 7.0218E-10 7.3828E-10 7.7522E-10 8.1375E-10 8.5360E-10 8.9411E-10 9.3687E-10 9.8031E-10 1.0250E-09 1.0709E-09 1.1175E-09 1.1656E-09 1.2150E-09 1.2649E-09 1.3164E-09 1.3690E-09 1.4220E-09 1.4766E-09 1.5324E-09 1.5888E-09 1.6459E-09 1.7043E-09 1.7636E-09
7.9017E-11 8.5370E-11 9.2369E-11 9.9588E-11 1.0749E-10 1.1544E-10 1.2432E-10 1.3352E-10 1.4303E-10 1.5334E-10 1.6375E-10 1.7548E-10 1.8736E-10 1.9990E-10 2.1345E-10 2.2774E-10 2.4315E-10 2.5947E-10 2.7656E-10 2.9503E-10 3.1445E-10 3.3416E-10 3.5610E-10 3.7794E-10 4.0178E-10 4.2628E-10 4.5117E-10 4.7804E-10 5.0520E-10 5.3399E-10 5.6399E-10 5.9563E-10 6.2805E-10 6.6119E-10 6.9604E-10 7.3208E-10 7.6893E-10 8.0789E-10 8.4771E-10 8.8877E-10 9.3105E-10 9.7416E-10 1.0189E-09 1.0649E-09 1.1117E-09 1.1601E-09 1.2101E-09 1.2608E-09 1.3127E-09 1.3651E-09 1.4191E-09 1.4745E-09 1.5301E-09 1.5874E-09 1.6457E-09 1.7044E-09 1.7646E-09
7.7620E-11 8.3876E-11 9.0772E-11 9.7883E-11 1.0567E-10 1.1350E-10 1.2226E-10 1.3133E-10 1.4070E-10 1.5087E-10 1.6136E-10 1.7271E-10 1.8443E-10 1.9680E-10 2.1017E-10 2.2463E-10 2.3952E-10 2.5566E-10 2.7292E-10 2.9085E-10 3.1009E-10 3.3032E-10 3.5137E-10 3.7384E-10 3.9669E-10 4.2101E-10 4.4608E-10 4.7241E-10 4.9939E-10 5.2896E-10 5.5833E-10 5.8935E-10 6.2162E-10 6.5463E-10 6.8935E-10 7.2531E-10 7.6298E-10 8.0149E-10 8.4075E-10 8.8181E-10 9.2409E-10 9.6768E-10 1.0129E-09 1.0586E-09 1.1059E-09 1.1545E-09 1.2038E-09 1.2548E-09 1.3070E-09 1.3598E-09 1.4142E-09 1.4700E-09 1.5266E-09 1.5840E-09 1.6430E-09 1.7029E-09 1.7633E-09
7.6176E-11 8.2330E-11 8.9118E-11 9.6117E-11 1.0379E-10 1.1149E-10 1.2012E-10 1.2906E-10 1.3828E-10 1.4830E-10 1.5887E-10 1.6982E-10 1.8137E-10 1.9356E-10 2.0700E-10 2.2103E-10 2.3607E-10 2.5166E-10 2.6873E-10 2.8682E-10 3.0585E-10 3.2597E-10 3.4639E-10 3.6865E-10 3.9131E-10 4.1543E-10 4.4030E-10 4.6642E-10 4.9415E-10 5.2261E-10 5.5178E-10 5.8262E-10 6.1473E-10 6.4756E-10 6.8308E-10 7.1848E-10 7.5555E-10 7.9397E-10 8.3314E-10 8.7460E-10 9.1687E-10 9.6041E-10 1.0053E-09 1.0510E-09 1.0984E-09 1.1471E-09 1.1966E-09 1.2482E-09 1.3007E-09 1.3543E-09 1.4093E-09 1.4648E-09 1.5221E-09 1.5807E-09 1.6397E-09 1.7004E-09 1.7624E-09
7.4688E-11 8.0737E-11 8.7412E-11 9.4294E-11 1.0184E-10 1.0941E-10 1.1791E-10 1.2670E-10 1.3578E-10 1.4564E-10 1.5604E-10 1.6682E-10 1.7819E-10 1.9019E-10 2.0345E-10 2.1727E-10 2.3211E-10 2.4785E-10 2.6436E-10 2.8223E-10 3.0105E-10 3.2133E-10 3.4151E-10 3.6322E-10 3.8602E-10 4.0955E-10 4.3514E-10 4.6058E-10 4.8762E-10 5.1587E-10 5.4482E-10 5.7546E-10 6.0787E-10 6.4101E-10 6.7539E-10 7.1062E-10 7.4799E-10 7.8584E-10 8.2536E-10 8.6673E-10 9.0851E-10 9.5199E-10 9.9689E-10 1.0430E-09 1.0910E-09 1.1393E-09 1.1894E-09 1.2408E-09 1.2929E-09 1.3468E-09 1.4022E-09 1.4580E-09 1.5158E-09 1.5748E-09 1.6357E-09 1.6974E-09 1.7593E-09
7.3160E-11 7.9099E-11 8.5658E-11 9.2417E-11 9.9835E-11 1.0727E-10 1.1563E-10 1.2427E-10 1.3319E-10 1.4289E-10 1.5312E-10 1.6372E-10 1.7490E-10 1.8671E-10 1.9976E-10 2.1338E-10 2.2800E-10 2.4352E-10 2.5980E-10 2.7745E-10 2.9603E-10 3.1611E-10 3.3605E-10 3.5790E-10 3.8010E-10 4.0387E-10 4.2875E-10 4.5395E-10 4.8075E-10 5.0877E-10 5.3796E-10 5.6889E-10 6.0010E-10 6.3303E-10 6.6721E-10 7.0267E-10 7.3946E-10 7.7757E-10 8.1702E-10 8.5778E-10 8.9988E-10 9.4378E-10 9.8815E-10 1.0343E-09 1.0818E-09 1.1302E-09 1.1804E-09 1.2319E-09 1.2842E-09 1.3395E-09 1.3944E-09 1.4513E-09 1.5096E-09 1.5685E-09 1.6293E-09 1.6915E-09 1.7549E-09
7.1596E-11 7.7421E-11 8.3859E-11 9.0492E-11 9.7777E-11 1.0508E-10 1.1306E-10 1.2177E-10 1.3053E-10 1.4005E-10 1.5011E-10 1.6053E-10 1.7151E-10 1.8312E-10 1.9596E-10 2.0936E-10 2.2375E-10 2.3904E-10 2.5579E-10 2.7249E-10 2.9083E-10 3.1069E-10 3.3075E-10 3.5198E-10 3.7439E-10 3.9745E-10 4.2209E-10 4.4702E-10 4.7356E-10 5.0180E-10 5.3074E-10 5.6095E-10 5.9190E-10 6.2503E-10 6.5856E-10 6.9429E-10 7.3090E-10 7.6832E-10 8.0805E-10 8.4865E-10 8.9016E-10 9.3397E-10 9.7824E-10 1.0243E-09 1.0718E-09 1.1207E-09 1.1714E-09 1.2225E-09 1.2754E-09 1.3300E-09 1.3852E-09 1.4423E-09 1.5009E-09 1.5615E-09 1.6223E-09 1.6851E-09 1.7492E-09
6.9998E-11 7.5707E-11 8.2021E-11 8.8523E-11 9.5670E-11 1.0282E-10 1.1066E-10 1.1920E-10 1.2780E-10 1.3715E-10 1.4702E-10 1.5724E-10 1.6803E-10 1.7942E-10 1.9204E-10 2.0521E-10 2.1937E-10 2.3442E-10 2.5092E-10 2.6808E-10 2.8548E-10 3.0508E-10 3.2489E-10 3.4632E-10 3.6837E-10 3.9077E-10 4.1516E-10 4.3979E-10 4.6702E-10 4.9403E-10 5.2270E-10 5.5263E-10 5.8331E-10 6.1619E-10 6.4996E-10 6.8495E-10 7.2133E-10 7.5896E-10 7.9849E-10 8.3847E-10 8.8024E-10 9.2347E-10 9.6808E-10 1.0145E-09 1.0615E-09 1.1103E-09 1.1606E-09 1.2117E-09 1.2647E-09 1.3194E-09 1.3760E-09 1.4335E-09 1.4919E-09 1.5521E-09 1.6141E-09 1.6774E-09 1.7413E-09
