Assets/Resources/2015_m01_d12_1200(utc+0800)_l00_csi_1hr_conc.grd
DSAA
         159         159
     -79.000      79.000
     -79.000      79.000
  0.0000E+00  0.1663E-05
[rows 75 to 99 of 159, columns 0 to 56 of 159]
2.6687E-09 3.0123E-09 3.3805E-09 3.7702E-09 4.1779E-09 4.6028E-09 5.0388E-09 5.4843E-09 5.9348E-09 6.3876E-09 6.8368E-09 7.2821E-09 7.7179E-09 8.1363E-09 8.5437E-09 8.9242E-09 9.2854E-09 9.6149E-09 9.9112E-09 1.0178E-08 1.0406E-08 1.0605E-08 1.0772E-08 1.0909E-08 1.1031E-08 1.1137E-08 1.1236E-08 1.1344E-08 1.1456E-08 1.1579E-08 1.1719E-08 1.1867E-08 1.2026E-08 1.2188E-08 1.2352E-08 1.2512E-08 1.2673E-08 1.2829E-08 1.2986E-08 1.3144E-08 1.3304E-08 1.3478E-08 1.3672E-08 1.3887E-08 1.4156E-08 1.4445E-08 1.4785E-08 1.5153E-08 1.5569E-08 1.6012E-08 1.6508E-08 1.7037E-08 1.7637E-08 1.8310E-08 1.9065E-08 1.9881E-08 2.0789E-08
2.1794E-09 2.4615E-09 2.7652E-09 3.0867E-09 3.4247E-09 3.7782E-09 4.1410E-09 4.5136E-09 4.8916E-09 5.2724E-09 5.6550E-09 6.0306E-09 6.4038E-09 6.7596E-09 7.1112E-09 7.4400E-09 7.7474E-09 8.0334E-09 8.2892E-09 8.5187E-09 8.7166E-09 8.8842E-09 9.0260E-09 9.1411E-09 9.2370E-09 9.3218E-09 9.3905E-09 9.4675E-09 9.5429E-09 9.6219E-09 9.7119E-09 9.8030E-09 9.9012E-09 9.9993E-09 1.0093E-08 1.0188E-08 1.0278E-08 1.0359E-08 1.0439E-08 1.0517E-08 1.0592E-08 1.0671E-08 1.0761E-08 1.0868E-08 1.1006E-08 1.1149E-08 1.1339E-08 1.1540E-08 1.1772E-08 1.2022E-08 1.2304E-08 1.2618E-08 1.2994E-08 1.3406E-08 1.3892E-08 1.4447E-08 1.5047E-08
1.7511E-09 1.9798E-09 2.2261E-09 2.4867E-09 2.7617E-09 3.0494E-09 3.3453E-09 3.6504E-09 3.9604E-09 4.2741E-09 4.5893E-09 4.8988E-09 5.2093E-09 5.5063E-09 5.7944E-09 6.0688E-09 6.3246E-09 6.5625E-09 6.7770E-09 6.9642E-09 7.1273E-09 7.2646E-09 7.3788E-09 7.4713E-09 7.5400E-09 7.6016E-09 7.6452E-09 7.6896E-09 7.7290E-09 7.7689E-09 7.8125E-09 7.8521E-09 7.8911E-09 7.9299E-09 7.9642E-09 7.9912E-09 8.0202E-09 8.0399E-09 8.0447E-09 8.0575E-09 8.0598E-09 8.0571E-09 8.0676E-09 8.0751E-09 8.1046E-09 8.1356E-09 8.1890E-09 8.2366E-09 8.3015E-09 8.3731E-09 8.4668E-09 8.5798E-09 8.7289E-09 8.9195E-09 9.1579E-09 9.4541E-09 9.7567E-09
1.3817E-09 1.5682E-09 1.7634E-09 1.9715E-09 2.1898E-09 2.4192E-09 2.6563E-09 2.9001E-09 3.1493E-09 3.3991E-09 3.6529E-09 3.9037E-09 4.1502E-09 4.3906E-09 4.6214E-09 4.8421E-09 5.0499E-09 5.2385E-09 5.4095E-09 5.5576E-09 5.6890E-09 5.7979E-09 5.8827E-09 5.9520E-09 5.9989E-09 6.0376E-09 6.0599E-09 6.0775E-09 6.0879E-09 6.0912E-09 6.0962E-09 6.0945E-09 6.0848E-09 6.0756E-09 6.0615E-09 6.0367E-09 6.0131E-09 5.9835E-09 5.9377E-09 5.8952E-09 5.8438E-09 5.7830E-09 5.7307E-09 5.6771E-09 5.6227E-09 5.5715E-09 5.5274E-09 5.4847E-09 5.4382E-09 5.3886E-09 5.3629E-09 5.3426E-09 5.3356E-09 5.3593E-09 5.4094E-09 5.4917E-09 5.5897E-09
1.0683E-09 1.2129E-09 1.3676E-09 1.5333E-09 1.7036E-09 1.8836E-09 2.0698E-09 2.2596E-09 2.4552E-09 2.6508E-09 2.8485E-09 3.0449E-09 3.2381E-09 3.4248E-09 3.6072E-09 3.7770E-09 3.9357E-09 4.0820E-09 4.2150E-09 4.3315E-09 4.4278E-09 4.5112E-09 4.5704E-09 4.6218E-09 4.6531E-09 4.6698E-09 4.6747E-09 4.6708E-09 4.6615E-09 4.6379E-09 4.6126E-09 4.5804E-09 4.5399E-09 4.4951E-09 4.4457E-09 4.3879E-09 4.3225E-09 4.2579E-09 4.1807E-09 4.1043E-09 4.0279E-09 3.9430E-09 3.8485E-09 3.7605E-09 3.6700E-09 3.5804E-09 3.4833E-09 3.3895E-09 3.2974E-09 3.1979E-09 3.0994E-09 3.0174E-09 2.9384E-09 2.8701E-09 2.8214E-09 2.7929E-09 2.7749E-09
8.0921E-10 9.1770E-10 1.0356E-09 1.1638E-09 1.2962E-09 1.4327E-09 1.5762E-09 1.7238E-09 1.8727E-09 2.0238E-09 2.1739E-09 2.3234E-09 2.4708E-09 2.6120E-09 2.7486E-09 2.8762E-09 2.9972E-09 3.1051E-09 3.2022E-09 3.2902E-09 3.3586E-09 3.4195E-09 3.4647E-09 3.4941E-09 3.5115E-09 3.5154E-09 3.5062E-09 3.4905E-09 3.4648E-09 3.4258E-09 3.3797E-09 3.3248E-09 3.2642E-09 3.1934E-09 3.1233E-09 3.0481E-09 2.9674E-09 2.8951E-09 2.8129E-09 2.7306E-09 2.6426E-09 2.5499E-09 2.4545E-09 2.3572E-09 2.2576E-09 2.1617E-09 2.0563E-09 1.9455E-09 1.8355E-09 1.7291E-09 1.6185E-09 1.5122E-09 1.4329E-09 1.3448E-09 1.2736E-09 1.2112E-09 1.1708E-09
5.9971E-10 6.7932E-10 7.6973E-10 8.6256E-10 9.6376E-10 1.0636E-09 1.1740E-09 1.2830E-09 1.3957E-09 1.5087E-09 1.6208E-09 1.7322E-09 1.8405E-09 1.9434E-09 2.0444E-09 2.1381E-09 2.2238E-09 2.3041E-09 2.3716E-09 2.4331E-09 2.4847E-09 2.5245E-09 2.5534E-09 2.5690E-09 2.5769E-09 2.5717E-09 2.5529E-09 2.5230E-09 2.4902E-09 2.4419E-09 2.3875E-09 2.3248E-09 2.2563E-09 2.1808E-09 2.1064E-09 2.0325E-09 1.9509E-09 1.8753E-09 1.7986E-09 1.7204E-09 1.6405E-09 1.5534E-09 1.4738E-09 1.3946E-09 1.3039E-09 1.2210E-09 1.1288E-09 1.0383E-09 9.3887E-10 8.5071E-10 7.6210E-10 6.7835E-10 5.9947E-10 5.3143E-10 4.7140E-10 4.1933E-10 3.7399E-10
4.2659E-10 4.8797E-10 5.5607E-10 6.2397E-10 6.9695E-10 7.7080E-10 8.5253E-10 9.3203E-10 1.0134E-09 1.0949E-09 1.1791E-09 1.2570E-09 1.3367E-09 1.4120E-09 1.4825E-09 1.5485E-09 1.6088E-09 1.6654E-09 1.7113E-09 1.7532E-09 1.7862E-09 1.8083E-09 1.8224E-09 1.8274E-09 1.8229E-09 1.8161E-09 1.7946E-09 1.7635E-09 1.7286E-09 1.6818E-09 1.6257E-09 1.5643E-09 1.5023E-09 1.4319E-09 1.3629E-09 1.2943E-09 1.2218E-09 1.1549E-09 1.0853E-09 1.0211E-09 9.5685E-10 8.8837E-10 8.2182E-10 7.6151E-10 6.9393E-10 6.2959E-10 5.6094E-10 5.0313E-10 4.3589E-10 3.7193E-10 3.1594E-10 2.6172E-10 2.0640E-10 1.6502E-10 1.3259E-10 1.0248E-10 7.6114E-11
3.0645E-10 3.4910E-10 3.9445E-10 4.4106E-10 4.9176E-10 5.4545E-10 6.0015E-10 6.5536E-10 7.1447E-10 7.7276E-10 8.3199E-10 8.8778E-10 9.4481E-10 9.9870E-10 1.0480E-09 1.0939E-09 1.1342E-09 1.1716E-09 1.2004E-09 1.2238E-09 1.2425E-09 1.2546E-09 1.2600E-09 1.2597E-09 1.2527E-09 1.2396E-09 1.2202E-09 1.1882E-09 1.1518E-09 1.1116E-09 1.0643E-09 1.0113E-09 9.5722E-10 8.9950E-10 8.3823E-10 7.8060E-10 7.2352E-10 6.7048E-10 6.1858E-10 5.6474E-10 5.1849E-10 4.6984E-10 4.1857E-10 3.7921E-10 3.3538E-10 2.9134E-10 2.4799E-10 2.0823E-10 1.6815E-10 1.3407E-10 9.6706E-11 6.6845E-11 4.6992E-11 2.9979E-11 1.5331E-11 4.8784E-12 0.0000E+00
2.0806E-10 2.3950E-10 2.7405E-10 3.0620E-10 3.4096E-10 3.7703E-10 4.1414E-10 4.5156E-10 4.9119E-10 5.3094E-10 5.7063E-10 6.0866E-10 6.4541E-10 6.8265E-10 7.1467E-10 7.4737E-10 7.7228E-10 7.9484E-10 8.1322E-10 8.2553E-10 8.3680E-10 8.4246E-10 8.4363E-10 8.3864E-10 8.3216E-10 8.1898E-10 8.0145E-10 7.7474E-10 7.4417E-10 7.0856E-10 6.7019E-10 6.2446E-10 5.7966E-10 5.2963E-10 4.8427E-10 4.4130E-10 3.9674E-10 3.5857E-10 3.1961E-10 2.8189E-10 2.5070E-10 2.2177E-10 1.8899E-10 1.6253E-10 1.3932E-10 1.1250E-10 8.8080E-11 6.3127E-11 4.4993E-11 2.5016E-11 9.6153E-12 9.8384E-13 0.0000E+00 0.0000E+00 0.0000E+00 0.0000E+00 0.0000E+00
1.2546E-10 1.4415E-10 1.6860E-10 1.9378E-10 2.1772E-10 2.4526E-10 2.7385E-10 3.0141E-10 3.2607E-10 3.5189E-10 3.7580E-10 4.0005E-10 4.2092E-10 4.4349E-10 4.6280E-10 4.7948E-10 4.9708E-10 5.0987E-10 5.2187E-10 5.3026E-10 5.3868E-10 5.4336E-10 5.4448E-10 5.4060E-10 5.3586E-10 5.2288E-10 5.0809E-10 4.8449E-10 4.6126E-10 4.3212E-10 4.0338E-10 3.6794E-10 3.3360E-10 2.9835E-10 2.6359E-10 2.3004E-10 1.9915E-10 1.6506E-10 1.3917E-10 1.1705E-10 9.9631E-11 8.1179E-11 6.3033E-11 4.8555E-11 3.6664E-11 2.5866E-11 1.7604E-11 9.8803E-12 4.7989E-12 1.3615E-12 0.0000E+00 0.0000E+00 0.0000E+00 0.0000E+00 0.0000E+00 0.0000E+00 0.0000E+00
6.7598E-11 7.8988E-11 9.1248E-11 1.0737E-10 1.2180E-10 1.3348E-10 1.4631E-10 1.6302E-10 1.8030E-10 2.0015E-10 2.1867E-10 2.3958E-10 2.5478E-10 2.6827E-10 2.8056E-10 2.9046E-10 3.0154E-10 3.1119E-10 3.1654E-10 3.2020E-10 3.2312E-10 3.2694E-10 3.2828E-10 3.2265E-10 3.2117E-10 3.1396E-10 3.0511E-10 2.9002E-10 2.7478E-10 2.5551E-10 2.3258E-10 2.0716E-10 1.7980E-10 1.5368E-10 1.2912E-10 1.0696E-10 8.4390E-11 6.2394E-11 4.9164E-11 3.5983E-11 2.5482E-11 1.6617E-11 1.0403E-11 6.0604E-12 4.1136E-12 3.6237E-12 1.8234E-12 2.8371E-13 0.0000E+00 0.0000E+00 0.0000E+00 0.0000E+00 0.0000E+00 0.0000E+00 0.0000E+00 0.0000E+00 0.0000E+00
2.7226E-11 3.3811E-11 4.2859E-11 5.2969E-11 6.1358E-11 6.9872E-11 7.5971E-11 8.3895E-11 9.0736E-11 9.4917E-11 9.6816E-11 1.0392E-10 1.1330E-10 1.2572E-10 1.3916E-10 1.4973E-10 1.6169E-10 1.6988E-10 1.7492E-10 1.7615E-10 1.7980E-10 1.8044E-10 1.8168E-10 1.7763E-10 1.7711E-10 1.7420E-10 1.6772E-10 1.5828E-10 1.4831E-10 1.3608E-10 1.2194E-10 1.0616E-10 8.8792E-11 7.1910E-11 5.4397E-11 3.8472E-11 2.4789E-11 1.4302E-11 6.2325E-12 1.8126E-12 0.0000E+00 0.0000E+00 0.0000E+00 0.0000E+00 0.0000E+00 0.0000E+00 0.0000E+00 0.0000E+00 0.0000E+00 0.0000E+00 0.0000E+00 0.0000E+00 0.0000E+00 0.0000E+00 0.0000E+00 0.0000E+00 0.0000E+00
4.7498E-12 8.1830E-12 1.0878E-11 1.4616E-11 2.1578E-11 2.6072E-11 3.1303E-11 3.6294E-11 4.2035E-11 4.3996E-11 4.4632E-11 4.4517E-11 4.4680E-11 4.4587E-11 4.3393E-11 4.3155E-11 4.8254E-11 5.5827E-11 6.2472E-11 6.8638E-11 8.1799E-11 8.5013E-11 8.6398E-11 8.6660E-11 8.6580E-11 8.4888E-11 8.1586E-11 7.6498E-11 6.8979E-11 6.2053E-11 5.2309E-11 4.1769E-11 3.1252E-11 2.1185E-11 1.1701E-11 4.9828E-12 1.6393E-12 6.6446E-13 4.3362E-14 0.0000E+00 0.0000E+00 0.0000E+00 0.0000E+00 0.0000E+00 0.0000E+00 0.0000E+00 0.0000E+00 0.0000E+00 0.0000E+00 0.0000E+00 0.0000E+00 0.0000E+00 0.0000E+00 0.0000E+00 0.0000E+00 0.0000E+00 0.0000E+00
0.0000E+00 0.0000E+00 2.4051E-13 1.2267E-12 2.6339E-12 2.7245E-12 3.8432E-12 5.1723E-12 8.3165E-12 1.1590E-11 1.1994E-11 1.1676E-11 1.1543E-11 1.1184E-11 9.9769E-12 8.2232E-12 6.8051E-12 7.1751E-12 7.5413E-12 7.4854E-12 9.1582E-12 1.4163E-11 1.9198E-11 2.5807E-11 2.8637E-11 3.1396E-11 2.8939E-11 2.5298E-11 2.1010E-11 1.6277E-11 1.1513E-11 6.9000E-12 4.4061E-12 2.5738E-12 1.1802E-12 5.1636E-13 1.0777E-14 0.0000E+00 0.0000E+00 0.0000E+00 0.0000E+00 0.0000E+00 0.0000E+00 0.0000E+00 0.0000E+00 0.0000E+00 0.0000E+00 0.0000E+00 0.0000E+00 0.0000E+00 0.0000E+00 0.0000E+00 0.0000E+00 0.0000E+00 0.0000E+00 0.0000E+00 0.0000E+00
0.0000E+00 0.0000E+00 0.0000E+00 0.0000E+00 0.0000E+00 0.0000E+00 0.0000E+00 0.0000E+00 0.0000E+00 0.0000E+00 0.0000E+00 3.3041E-13 1.2315E-12 1.7417E-12 1.9683E-12 1.9724E-12 1.8005E-12 1.4959E-12 1.0942E-12 7.3477E-13 4.5635E-13 1.7364E-13 0.0000E+00 0.0000E+00 0.0000E+00 0.0000E+00 5.6996E-14 2.9123E-13 2.9634E-13 7.9585E-13 5.6448E-13 3.7346E-13 1.3166E-13 0.0000E+00 0.0000E+00 0.0000E+00 0.0000E+00 0.0000E+00 0.0000E+00 0.0000E+00 0.0000E+00 0.0000E+00 0.0000E+00 0.0000E+00 0.0000E+00 0.0000E+00 0.0000E+00 0.0000E+00 0.0000E+00 0.0000E+00 0.0000E+00 0.0000E+00 0.0000E+00 0.0000E+00 0.0000E+00 0.0000E+00 0.0000E+00
0.0000E+00 0.0000E+00 0.0000E+00 0.0000E+00 0.0000E+00 0.0000E+00 0.0000E+00 0.0000E+00 0.0000E+00 0.0000E+00 0.0000E+00 0.0000E+00 0.0000E+00 0.0000E+00 0.0000E+00 0.0000E+00 0.0000E+00 0.0000E+00 0.0000E+00 0.0000E+00 0.0000E+00 0.0000E+00 0.0000E+00 0.0000E+00 0.0000E+00 0.0000E+00 0.0000E+00 0.0000E+00 0.0000E+00 0.0000E+00 0.0000E+00 0.0000E+00 0.0000E+00 0.0000E+00 0.0000E+00 0.0000E+00 0.0000E+00 0.0000E+00 0.0000E+00 0.0000E+00 0.0000E+00 0.0000E+00 0.0000E+00 0.0000E+00 0.0000E+00 0.0000E+00 0.0000E+00 0.0000E+00 0.0000E+00 0.0000E+00 0.0000E+00 0.0000E+00 0.0000E+00 0.0000E+00 0.0000E+00 0.0000E+00 0.0000E+00
0.0000E+00 0.0000E+00 0.0000E+00 0.0000E+00 0.0000E+00 0.0000E+00 0.0000E+00 0.0000E+00 0.0000E+00 0.0000E+00 0.0000E+00 0.0000E+00 0.0000E+00 0.0000E+00 0.0000E+00 0.0000E+00 0.0000E+00 0.0000E+00 0.0000E+00 0.0000E+00 0.0000E+00 0.0000E+00 0.0000E+00 0.0000E+00 0.0000E+00 0.0000E+00 0.0000E+00 0.0000E+00 0.0000E+00 0.0000E+00 0.0000E+00 0.0000E+00 0.0000E+00 0.0000E+00 0.0000E+00 0.0000E+00 0.0000E+00 0.0000E+00 0.0000E+00 0.0000E+00 0.0000E+00 0.0000E+00 0.0000E+00 0.0000E+00 0.0000E+00 0.0000E+00 0.0000E+00 0.0000E+00 0.0000E+00 0.0000E+00 0.0000E+00 0.0000E+00 0.0000E+00 0.0000E+00 0.0000E+00 0.0000E+00 0.0000E+00
0.0000E+00 0.0000E+00 0.0000E+00 0.0000E+00 0.0000E+00 0.0000E+00 0.0000E+00 0.0000E+00 0.0000E+00 0.0000E+00 0.0000E+00 0.0000E+00 0.0000E+00 0.0000E+00 0.0000E+00 0.0000E+00 0.0000E+00 0.0000E+00 0.0000E+00 0.0000E+00 0.0000E+00 0.0000E+00 0.0000E+00 0.0000E+00 0.0000E+00 0.0000E+00 0.0000E+00 0.0000E+00 0.0000E+00 0.0000E+00 0.0000E+00 0.0000E+00 0.0000E+00 0.0000E+00 0.0000E+00 0.0000E+00 0.0000E+00 0.0000E+00 0.0000E+00 0.0000E+00 0.0000E+00 0.0000E+00 0.0000E+00 0.0000E+00 0.0000E+00 0.0000E+00 0.0000E+00 0.0000E+00 0.0000E+00 0.0000E+00 0.0000E+00 0.0000E+00 0.0000E+00 0.0000E+00 0.0000E+00 0.0000E+00 0.0000E+00
0.0000E+00 0.0000E+00 0.0000E+00 0.0000E+00 0.0000E+00 0.0000E+00 0.0000E+00 0.0000E+00 0.0000E+00 0.0000E+00 0.0000E+00 0.0000E+00 0.0000E+00 0.0000E+00 0.0000E+00 0.0000E+00 0.0000E+00 0.0000E+00 0.0000E+00 0.0000E+00 0.0000E+00 0.0000E+00 0.0000E+00 0.0000E+00 0.0000E+00 0.0000E+00 0.0000E+00 0.0000E+00 0.0000E+00 0.0000E+00 0.0000E+00 0.0000E+00 0.0000E+00 0.0000E+00 0.0000E+00 0.0000E+00 0.0000E+00 0.0000E+00 0.0000E+00 0.0000E+00 0.0000E+00 0.0000E+00 0.0000E+00 0.0000E+00 0.0000E+00 0.0000E+00 0.0000E+00 0.0000E+00 0.0000E+00 0.0000E+00 0.0000E+00 0.0000E+00 0.0000E+00 0.0000E+00 0.0000E+00 0.0000E+00 0.0000E+00
0.0000E+00 0.0000E+00 0.0000E+00 0.0000E+00 0.0000E+00 0.0000E+00 0.0000E+00 0.0000E+00 0.0000E+00 0.0000E+00 0.0000E+00 0.0000E+00 0.0000E+00 0.0000E+00 0.0000E+00 0.0000E+00 0.0000E+00 0.0000E+00 0.0000E+00 0.0000E+00 0.0000E+00 0.0000E+00 0.0000E+00 0.0000E+00 0.0000E+00 0.0000E+00 0.0000E+00 0.0000E+00 0.0000E+00 0.0000E+00 0.0000E+00 0.0000E+00 0.0000E+00 0.0000E+00 0.0000E+00 0.0000E+00 0.0000E+00 0.0000E+00 0.0000E+00 0.0000E+00 0.0000E+00 0.0000E+00 0.0000E+00 0.0000E+00 0.0000E+00 0.0000E+00 0.0000E+00 0.0000E+00 0.0000E+00 0.0000E+00 0.0000E+00 0.0000E+00 0.0000E+00 0.0000E+00 0.0000E+00 0.0000E+00 0.0000E+00
0.0000E+00 0.0000E+00 0.0000E+00 0.0000E+00 0.0000E+00 0.0000E+00 0.0000E+00 0.0000E+00 0.0000E+00 0.0000E+00 0.0000E+00 0.0000E+00 0.0000E+00 0.0000E+00 0.0000E+00 0.0000E+00 0.0000E+00 0.0000E+00 0.0000E+00 0.0000E+00 0.0000E+00 0.0000E+00 0.0000E+00 0.0000E+00 0.0000E+00 0.0000E+00 0.0000E+00 0.0000E+00 0.0000E+00 0.0000E+00 0.0000E+00 0.0000E+00 0.0000E+00 0.0000E+00 0.0000E+00 0.0000E+00 0.0000E+00 0.0000E+00 0.0000E+00 0.0000E+00 0.0000E+00 0.0000E+00 0.0000E+00 0.0000E+00 0.0000E+00 0.0000E+00 0.0000E+00 0.0000E+00 0.0000E+00 0.0000E+00 0.0000E+00 0.0000E+00 0.0000E+00 0.0000E+00 0.0000E+00 0.0000E+00 0.0000E+00
0.0000E+00 0.0000E+00 0.0000E+00 0.0000E+00 0.0000E+00 0.0000E+00 0.0000E+00 0.0000E+00 0.0000E+00 0.0000E+00 0.0000E+00 0.0000E+00 0.0000E+00 0.0000E+00 0.0000E+00 0.0000E+00 0.0000E+00 0.0000E+00 0.0000E+00 0.0000E+00 0.0000E+00 0.0000E+00 0.0000E+00 0.0000E+00 0.0000E+00 0.0000E+00 0.0000E+00 0.0000E+00 0.0000E+00 0.0000E+00 0.0000E+00 0.0000E+00 0.0000E+00 0.0000E+00 0.0000E+00 0.0000E+00 0.0000E+00 0.0000E+00 0.0000E+00 0.0000E+00 0.0000E+00 0.0000E+00 0.0000E+00 0.0000E+00 0.0000E+00 0.0000E+00 0.0000E+00 0.0000E+00 0.0000E+00 0.0000E+00 0.0000E+00 0.0000E+00 0.0000E+00 0.0000E+00 0.0000E+00 0.0000E+00 0.0000E+00
0.0000E+00 0.0000E+00 0.0000E+00 0.0000E+00 0.0000E+00 0.0000E+00 0.0000E+00 0.0000E+00 0.0000E+00 0.0000E+00 0.0000E+00 0.0000E+00 0.0000E+00 0.0000E+00 0.0000E+00 0.0000E+00 0.0000E+00 0.0000E+00 0.0000E+00 0.0000E+00 0.0000E+00 0.0000E+00 0.0000E+00 0.0000E+00 0.0000E+00 0.0000E+00 0.0000E+00 0.0000E+00 0.0000E+00 0.0000E+00 0.0000E+00 0.0000E+00 0.0000E+00 0.0000E+00 0.0000E+00 0.0000E+00 0.0000E+00 0.0000E+00 0.0000E+00 0.0000E+00 0.0000E+00 0.0000E+00 0.0000E+00 0.0000E+00 0.0000E+00 0.0000E+00 0.0000E+00 0.0000E+00 0.0000E+00 0.0000E+00 0.0000E+00 0.0000E+00 0.0000E+00 0.0000E+00 0.0000E+00 0.0000E+00 0.0000E+00
0.0000E+00 0.0000E+00 0.0000E+00 0.0000E+00 0.0000E+00 0.0000E+00 0.0000E+00 0.0000E+00 0.0000E+00 0.0000E+00 0.0000E+00 0.0000E+00 0.0000E+00 0.0000E+00 0.0000E+00 0.0000E+00 0.0000E+00 0.0000E+00 0.0000E+00 0.0000E+00 0.0000E+00 0.0000E+00 0.0000E+00 0.0000E+00 0.0000E+00 0.0000E+00 0.0000E+00 0.0000E+00 0.0000E+00 0.0000E+00 0.0000E+00 0.0000E+00 0.0000E+00 0.0000E+00 0.0000E+00 0.0000E+00 0.0000E+00 0.0000E+00 0.0000E+00 0.0000E+00 0.0000E+00 0.0000E+00 0.0000E+00 0.0000E+00 0.0000E+00 0.0000E+00 0.0000E+00 0.0000E+00 0.0000E+00 0.0000E+00 0.0000E+00 0.0000E+00 0.0000E+00 0.0000E+00 0.0000E+00 0.0000E+00 0.0000E+00
