Assets/Resources/2015_m01_d09_2300(utc+0800)_l00_csi_1hr_conc.grd
DSAA
         159         159
     -79.000      79.000
     -79.000      79.000
  0.1697E-08  0.8159E-05
[rows 75 to 99 of 159, columns 0 to 56 of 159]
7.3074E-09 7.6013E-09 7.9152E-09 8.2337E-09 8.5652E-09 8.9098E-09 9.2778E-09 9.6509E-09 1.0038E-08 1.0438E-08 1.0863E-08 1.1293E-08 1.1737E-08 1.2195E-08 1.2666E-08 1.3162E-08 1.3661E-08 1.4173E-08 1.4696E-08 1.5231E-08 1.5776E-08 1.6344E-08 1.6909E-08 1.7483E-08 1.8076E-08 1.8664E-08 1.9256E-08 1.9865E-08 2.0464E-08 2.1063E-08 2.1672E-08 2.2284E-08 2.2892E-08 2.3499E-08 2.4091E-08 2.4693E-08 2.5265E-08 2.5840E-08 2.6386E-08 2.6914E-08 2.7443E-08 2.7936E-08 2.8409E-08 2.8865E-08 2.9302E-08 2.9714E-08 3.0098E-08 3.0588E-08 3.0931E-08 3.1244E-08 3.1524E-08 3.1770E-08 3.1981E-08 3.2156E-08 3.2292E-08 3.2436E-08 3.2503E-08
7.2905E-09 7.5819E-09 7.8838E-09 8.2070E-09 8.5348E-09 8.8754E-09 9.2382E-09 9.6065E-09 9.9881E-09 1.0383E-08 1.0792E-08 1.1225E-08 1.1662E-08 1.2112E-08 1.2576E-08 1.3052E-08 1.3552E-08 1.4054E-08 1.4568E-08 1.5092E-08 1.5626E-08 1.6169E-08 1.6734E-08 1.7295E-08 1.7862E-08 1.8447E-08 1.9025E-08 1.9605E-08 2.0201E-08 2.0784E-08 2.1365E-08 2.1954E-08 2.2540E-08 2.3125E-08 2.3701E-08 2.4280E-08 2.4833E-08 2.5372E-08 2.5913E-08 2.6418E-08 2.6904E-08 2.7389E-08 2.7837E-08 2.8273E-08 2.8686E-08 2.9073E-08 2.9433E-08 2.9762E-08 3.0192E-08 3.0478E-08 3.0732E-08 3.0953E-08 3.1140E-08 3.1291E-08 3.1406E-08 3.1485E-08 3.1525E-08
7.2614E-09 7.5577E-09 7.8571E-09 8.1675E-09 8.4999E-09 8.8363E-09 9.1854E-09 9.5569E-09 9.9332E-09 1.0323E-08 1.0725E-08 1.1140E-08 1.1580E-08 1.2023E-08 1.2478E-08 1.2946E-08 1.3425E-08 1.3928E-08 1.4432E-08 1.4945E-08 1.5469E-08 1.6000E-08 1.6540E-08 1.7100E-08 1.7654E-08 1.8212E-08 1.8787E-08 1.9353E-08 1.9919E-08 2.0498E-08 2.1063E-08 2.1624E-08 2.2190E-08 2.2750E-08 2.3303E-08 2.3852E-08 2.4395E-08 2.4913E-08 2.5416E-08 2.5920E-08 2.6388E-08 2.6832E-08 2.7279E-08 2.7693E-08 2.8083E-08 2.8448E-08 2.8785E-08 2.9092E-08 2.9369E-08 2.9614E-08 2.9973E-08 3.0172E-08 3.0337E-08 3.0468E-08 3.0566E-08 3.0627E-08 3.0651E-08
7.2375E-09 7.5217E-09 7.8261E-09 8.1331E-09 8.4606E-09 8.7926E-09 9.1369E-09 9.4937E-09 9.8732E-09 1.0257E-08 1.0653E-08 1.1061E-08 1.1493E-08 1.1928E-08 1.2375E-08 1.2834E-08 1.3304E-08 1.3796E-08 1.4289E-08 1.4792E-08 1.5304E-08 1.5824E-08 1.6352E-08 1.6897E-08 1.7438E-08 1.7983E-08 1.8530E-08 1.9093E-08 1.9644E-08 2.0195E-08 2.0756E-08 2.1301E-08 2.1840E-08 2.2378E-08 2.2911E-08 2.3432E-08 2.3945E-08 2.4458E-08 2.4937E-08 2.5401E-08 2.5867E-08 2.6296E-08 2.6714E-08 2.7124E-08 2.7494E-08 2.7838E-08 2.8155E-08 2.8443E-08 2.8701E-08 2.8929E-08 2.9124E-08 2.9425E-08 2.9572E-08 2.9686E-08 2.9768E-08 2.9814E-08 2.9825E-08
7.2100E-09 7.4913E-09 7.7916E-09 8.0947E-09 8.4091E-09 8.7445E-09 9.0839E-09 9.4355E-09 9.7992E-09 1.0186E-08 1.0575E-08 1.0977E-08 1.1391E-08 1.1827E-08 1.2265E-08 1.2716E-08 1.3177E-08 1.3648E-08 1.4140E-08 1.4633E-08 1.5133E-08 1.5642E-08 1.6157E-08 1.6678E-08 1.7216E-08 1.7748E-08 1.8282E-08 1.8816E-08 1.9365E-08 1.9900E-08 2.0432E-08 2.0974E-08 2.1497E-08 2.2009E-08 2.2519E-08 2.3018E-08 2.3512E-08 2.3988E-08 2.4463E-08 2.4907E-08 2.5332E-08 2.5762E-08 2.6164E-08 2.6544E-08 2.6916E-08 2.7243E-08 2.7541E-08 2.7812E-08 2.8054E-08 2.8266E-08 2.8447E-08 2.8596E-08 2.8713E-08 2.8941E-08 2.9009E-08 2.9044E-08 2.9045E-08
7.1793E-09 7.4568E-09 7.7450E-09 8.0523E-09 8.3625E-09 8.6840E-09 9.0266E-09 9.3727E-09 9.7307E-09 1.0110E-08 1.0493E-08 1.0887E-08 1.1293E-08 1.1711E-08 1.2150E-08 1.2592E-08 1.3044E-08 1.3505E-08 1.3976E-08 1.4467E-08 1.4957E-08 1.5454E-08 1.5957E-08 1.6466E-08 1.6979E-08 1.7507E-08 1.8027E-08 1.8548E-08 1.9069E-08 1.9601E-08 2.0118E-08 2.0630E-08 2.1149E-08 2.1646E-08 2.2133E-08 2.2612E-08 2.3080E-08 2.3535E-08 2.3979E-08 2.4418E-08 2.4826E-08 2.5223E-08 2.5621E-08 2.5984E-08 2.6323E-08 2.6637E-08 2.6943E-08 2.7200E-08 2.7427E-08 2.7626E-08 2.7794E-08 2.7931E-08 2.8038E-08 2.8113E-08 2.8156E-08 2.8313E-08 2.8306E-08
7.1419E-09 7.4191E-09 7.7036E-09 7.9982E-09 8.3120E-09 8.6287E-09 8.9567E-09 9.3058E-09 9.6577E-09 1.0021E-08 1.0405E-08 1.0793E-08 1.1192E-08 1.1601E-08 1.2021E-08 1.2463E-08 1.2905E-08 1.3357E-08 1.3818E-08 1.4287E-08 1.4775E-08 1.5260E-08 1.5751E-08 1.6248E-08 1.6748E-08 1.7251E-08 1.7756E-08 1.8275E-08 1.8782E-08 1.9286E-08 1.9800E-08 2.0298E-08 2.0786E-08 2.1280E-08 2.1751E-08 2.2210E-08 2.2656E-08 2.3094E-08 2.3514E-08 2.3925E-08 2.4332E-08 2.4712E-08 2.5077E-08 2.5418E-08 2.5757E-08 2.6056E-08 2.6327E-08 2.6596E-08 2.6818E-08 2.7005E-08 2.7163E-08 2.7290E-08 2.7389E-08 2.7457E-08 2.7493E-08 2.7499E-08 2.7473E-08
7.1058E-09 7.3744E-09 7.6589E-09 7.9496E-09 8.2498E-09 8.5697E-09 8.8924E-09 9.2276E-09 9.5807E-09 9.9376E-09 1.0306E-08 1.0694E-08 1.1085E-08 1.1487E-08 1.1898E-08 1.2320E-08 1.2761E-08 1.3204E-08 1.3654E-08 1.4113E-08 1.4578E-08 1.5062E-08 1.5541E-08 1.6025E-08 1.6513E-08 1.7003E-08 1.7495E-08 1.7987E-08 1.8491E-08 1.8982E-08 1.9468E-08 1.9949E-08 2.0436E-08 2.0901E-08 2.1356E-08 2.1814E-08 2.2244E-08 2.2659E-08 2.3059E-08 2.3449E-08 2.3827E-08 2.4214E-08 2.4560E-08 2.4884E-08 2.5190E-08 2.5488E-08 2.5749E-08 2.5983E-08 2.6188E-08 2.6394E-08 2.6549E-08 2.6671E-08 2.6763E-08 2.6825E-08 2.6857E-08 2.6859E-08 2.6831E-08
7.0663E-09 7.3310E-09 7.6061E-09 7.8966E-09 8.1931E-09 8.4989E-09 8.8242E-09 9.1524E-09 9.4990E-09 9.8500E-09 1.0211E-08 1.0583E-08 1.0974E-08 1.1367E-08 1.1771E-08 1.2184E-08 1.2605E-08 1.3045E-08 1.3485E-08 1.3933E-08 1.4388E-08 1.4849E-08 1.5327E-08 1.5798E-08 1.6274E-08 1.6751E-08 1.7230E-08 1.7708E-08 1.8186E-08 1.8674E-08 1.9147E-08 1.9613E-08 2.0071E-08 2.0535E-08 2.0975E-08 2.1404E-08 2.1833E-08 2.2235E-08 2.2621E-08 2.2993E-08 2.3353E-08 2.3703E-08 2.4034E-08 2.4366E-08 2.4654E-08 2.4923E-08 2.5185E-08 2.5406E-08 2.5604E-08 2.5778E-08 2.5940E-08 2.6063E-08 2.6156E-08 2.6216E-08 2.6244E-08 2.6244E-08 2.6215E-08
7.0195E-09 7.2850E-09 7.5560E-09 7.8361E-09 8.1329E-09 8.4338E-09 8.7447E-09 9.0742E-09 9.4072E-09 9.7574E-09 1.0112E-08 1.0477E-08 1.0851E-08 1.1243E-08 1.1638E-08 1.2043E-08 1.2455E-08 1.2876E-08 1.3312E-08 1.3750E-08 1.4194E-08 1.4643E-08 1.5098E-08 1.5568E-08 1.6031E-08 1.6496E-08 1.6962E-08 1.7427E-08 1.7892E-08 1.8354E-08 1.8824E-08 1.9275E-08 1.9720E-08 2.0156E-08 2.0595E-08 2.1010E-08 2.1412E-08 2.1800E-08 2.2187E-08 2.2550E-08 2.2898E-08 2.3228E-08 2.3542E-08 2.3835E-08 2.4132E-08 2.4390E-08 2.4621E-08 2.4831E-08 2.5038E-08 2.5199E-08 2.5339E-08 2.5450E-08 2.5556E-08 2.5619E-08 2.5651E-08 2.5652E-08 2.5623E-08
6.9746E-09 7.2359E-09 7.5020E-09 7.7785E-09 8.0698E-09 8.3655E-09 8.6709E-09 8.9862E-09 9.3188E-09 9.6557E-09 1.0009E-08 1.0366E-08 1.0733E-08 1.1110E-08 1.1502E-08 1.1897E-08 1.2300E-08 1.2711E-08 1.3130E-08 1.3563E-08 1.3995E-08 1.4433E-08 1.4876E-08 1.5324E-08 1.5784E-08 1.6238E-08 1.6691E-08 1.7144E-08 1.7596E-08 1.8045E-08 1.8488E-08 1.8925E-08 1.9368E-08 1.9791E-08 2.0204E-08 2.0605E-08 2.1007E-08 2.1383E-08 2.1745E-08 2.2097E-08 2.2448E-08 2.2767E-08 2.3067E-08 2.3347E-08 2.3607E-08 2.3846E-08 2.4090E-08 2.4295E-08 2.4469E-08 2.4624E-08 2.4774E-08 2.4880E-08 2.4962E-08 2.5017E-08 2.5066E-08 2.5073E-08 2.5051E-08
6.9272E-09 7.1799E-09 7.4462E-09 7.7179E-09 7.9982E-09 8.2943E-09 8.5941E-09 8.9035E-09 9.2224E-09 9.5576E-09 9.8969E-09 1.0251E-08 1.0611E-08 1.0979E-08 1.1356E-08 1.1748E-08 1.2141E-08 1.2544E-08 1.2952E-08 1.3367E-08 1.3794E-08 1.4222E-08 1.4653E-08 1.5088E-08 1.5526E-08 1.5975E-08 1.6417E-08 1.6859E-08 1.7298E-08 1.7734E-08 1.8164E-08 1.8589E-08 1.9005E-08 1.9427E-08 1.9827E-08 2.0216E-08 2.0593E-08 2.0956E-08 2.1323E-08 2.1665E-08 2.1990E-08 2.2298E-08 2.2602E-08 2.2873E-08 2.3123E-08 2.3351E-08 2.3559E-08 2.3747E-08 2.3938E-08 2.4086E-08 2.4209E-08 2.4312E-08 2.4405E-08 2.4458E-08 2.4486E-08 2.4488E-08 2.4465E-08
6.8776E-09 7.1265E-09 7.3832E-09 7.6548E-09 7.9302E-09 8.2145E-09 8.5145E-09 8.8179E-09 9.1306E-09 9.4524E-09 9.7890E-09 1.0130E-08 1.0485E-08 1.0845E-08 1.1214E-08 1.1590E-08 1.1980E-08 1.2372E-08 1.2771E-08 1.3176E-08 1.3586E-08 1.4006E-08 1.4427E-08 1.4850E-08 1.5276E-08 1.5703E-08 1.6131E-08 1.6570E-08 1.6997E-08 1.7421E-08 1.7840E-08 1.8251E-08 1.8656E-08 1.9053E-08 1.9439E-08 1.9828E-08 2.0194E-08 2.0548E-08 2.0892E-08 2.1222E-08 2.1551E-08 2.1849E-08 2.2130E-08 2.2391E-08 2.2647E-08 2.2869E-08 2.3069E-08 2.3247E-08 2.3403E-08 2.3558E-08 2.3679E-08 2.3775E-08 2.3848E-08 2.3897E-08 2.3938E-08 2.3941E-08 2.3922E-08
6.8216E-09 7.0697E-09 7.3229E-09 7.5837E-09 7.8596E-09 8.1386E-09 8.4265E-09 8.7297E-09 9.0361E-09 9.3512E-09 9.6750E-09 1.0012E-08 1.0355E-08 1.0704E-08 1.1069E-08 1.1436E-08 1.1810E-08 1.2197E-08 1.2587E-08 1.2982E-08 1.3380E-08 1.3786E-08 1.4197E-08 1.4609E-08 1.5025E-08 1.5441E-08 1.5856E-08 1.6271E-08 1.6697E-08 1.7106E-08 1.7512E-08 1.7914E-08 1.8307E-08 1.8692E-08 1.9068E-08 1.9433E-08 1.9786E-08 2.0141E-08 2.0477E-08 2.0799E-08 2.1104E-08 2.1392E-08 2.1677E-08 2.1931E-08 2.2166E-08 2.2380E-08 2.2574E-08 2.2759E-08 2.2910E-08 2.3039E-08 2.3143E-08 2.3231E-08 2.3322E-08 2.3369E-08 2.3394E-08 2.3396E-08 2.3371E-08
6.7680E-09 7.0117E-09 7.2602E-09 7.5164E-09 7.7809E-09 8.0604E-09 8.3426E-09 8.6334E-09 8.9391E-09 9.2476E-09 9.5644E-09 9.8895E-09 1.0226E-08 1.0569E-08 1.0919E-08 1.1279E-08 1.1645E-08 1.2017E-08 1.2395E-08 1.2783E-08 1.3175E-08 1.3568E-08 1.3965E-08 1.4366E-08 1.4771E-08 1.5174E-08 1.5580E-08 1.5984E-08 1.6386E-08 1.6783E-08 1.7186E-08 1.7575E-08 1.7958E-08 1.8332E-08 1.8697E-08 1.9048E-08 1.9390E-08 1.9727E-08 2.0052E-08 2.0375E-08 2.0673E-08 2.0955E-08 2.1219E-08 2.1465E-08 2.1692E-08 2.1912E-08 2.2101E-08 2.2268E-08 2.2414E-08 2.2540E-08 2.2652E-08 2.2734E-08 2.2794E-08 2.2830E-08 2.2869E-08 2.2880E-08 2.2864E-08
6.7050E-09 6.9474E-09 7.1956E-09 7.4470E-09 7.7065E-09 7.9742E-09 8.2565E-09 8.5413E-09 8.8343E-09 9.1418E-09 9.4516E-09 9.7694E-09 1.0095E-08 1.0431E-08 1.0772E-08 1.1121E-08 1.1479E-08 1.1840E-08 1.2209E-08 1.2583E-08 1.2962E-08 1.3348E-08 1.3736E-08 1.4124E-08 1.4516E-08 1.4909E-08 1.5304E-08 1.5695E-08 1.6084E-08 1.6471E-08 1.6853E-08 1.7229E-08 1.7610E-08 1.7971E-08 1.8323E-08 1.8666E-08 1.9002E-08 1.9330E-08 1.9645E-08 1.9947E-08 2.0234E-08 2.0507E-08 2.0776E-08 2.1017E-08 2.1239E-08 2.1440E-08 2.1624E-08 2.1788E-08 2.1931E-08 2.2063E-08 2.2165E-08 2.2246E-08 2.2307E-08 2.2344E-08 2.2362E-08 2.2358E-08 2.2332E-08
6.6475E-09 6.8780E-09 7.1239E-09 7.3757E-09 7.6301E-09 7.8924E-09 8.1626E-09 8.4472E-09 8.7339E-09 9.0285E-09 9.3307E-09 9.6474E-09 9.9653E-09 1.0290E-08 1.0622E-08 1.0964E-08 1.1310E-08 1.1662E-08 1.2022E-08 1.2385E-08 1.2754E-08 1.3126E-08 1.3502E-08 1.3881E-08 1.4262E-08 1.4644E-08 1.5025E-08 1.5405E-08 1.5784E-08 1.6159E-08 1.6530E-08 1.6894E-08 1.7250E-08 1.7602E-08 1.7954E-08 1.8288E-08 1.8615E-08 1.8934E-08 1.9242E-08 1.9535E-08 1.9815E-08 2.0079E-08 2.0329E-08 2.0562E-08 2.0778E-08 2.0986E-08 2.1166E-08 2.1326E-08 2.1467E-08 2.1589E-08 2.1689E-08 2.1770E-08 2.1831E-08 2.1872E-08 2.1892E-08 2.1893E-08 2.1872E-08
6.5848E-09 6.8152E-09 7.0561E-09 7.2973E-09 7.5518E-09 7.8088E-09 8.0734E-09 8.3456E-09 8.6318E-09 8.9197E-09 9.2151E-09 9.5177E-09 9.8341E-09 1.0151E-08 1.0475E-08 1.0805E-08 1.1142E-08 1.1483E-08 1.1834E-08 1.2187E-08 1.2545E-08 1.2907E-08 1.3271E-08 1.3641E-08 1.4009E-08 1.4378E-08 1.4750E-08 1.5118E-08 1.5484E-08 1.5845E-08 1.6205E-08 1.6558E-08 1.6905E-08 1.7246E-08 1.7578E-08 1.7903E-08 1.8232E-08 1.8542E-08 1.8841E-08 1.9126E-08 1.9400E-08 1.9657E-08 1.9899E-08 2.0127E-08 2.0338E-08 2.0531E-08 2.0707E-08 2.0865E-08 2.1004E-08 2.1123E-08 2.1228E-08 2.1309E-08 2.1370E-08 2.1411E-08 2.1433E-08 2.1436E-08 2.1418E-08
6.5252E-09 6.7509E-09 6.9794E-09 7.2230E-09 7.4667E-09 7.7236E-09 7.9825E-09 8.2488E-09 8.5224E-09 8.8095E-09 9.0980E-09 9.3934E-09 9.6957E-09 1.0011E-08 1.0327E-08 1.0648E-08 1.0976E-08 1.1308E-08 1.1646E-08 1.1990E-08 1.2336E-08 1.2688E-08 1.3043E-08 1.3398E-08 1.3756E-08 1.4115E-08 1.4474E-08 1.4831E-08 1.5185E-08 1.5537E-08 1.5883E-08 1.6225E-08 1.6564E-08 1.6895E-08 1.7219E-08 1.7537E-08 1.7847E-08 1.8145E-08 1.8444E-08 1.8721E-08 1.8986E-08 1.9237E-08 1.9476E-08 1.9697E-08 1.9901E-08 2.0090E-08 2.0261E-08 2.0417E-08 2.0552E-08 2.0671E-08 2.0771E-08 2.0852E-08 2.0914E-08 2.0956E-08 2.0981E-08 2.0987E-08 2.0975E-08
6.4570E-09 6.6805E-09 6.9091E-09 7.1399E-09 7.3859E-09 7.6316E-09 7.8902E-09 8.1506E-09 8.4180E-09 8.6924E-09 8.9796E-09 9.2680E-09 9.5628E-09 9.8640E-09 1.0177E-08 1.0491E-08 1.0809E-08 1.1133E-08 1.1462E-08 1.1794E-08 1.2131E-08 1.2472E-08 1.2815E-08 1.3162E-08 1.3509E-08 1.3856E-08 1.4202E-08 1.4547E-08 1.4892E-08 1.5231E-08 1.5568E-08 1.5900E-08 1.6226E-08 1.6550E-08 1.6867E-08 1.7178E-08 1.7476E-08 1.7766E-08 1.8046E-08 1.8314E-08 1.8569E-08 1.8823E-08 1.9053E-08 1.9268E-08 1.9470E-08 1.9655E-08 1.9823E-08 1.9973E-08 2.0107E-08 2.0224E-08 2.0324E-08 2.0405E-08 2.0469E-08 2.0513E-08 2.0540E-08 2.0550E-08 2.0542E-08
6.3951E-09 6.6066E-09 6.8326E-09 7.0635E-09 7.2964E-09 7.5443E-09 7.7914E-09 8.0512E-09 8.3125E-09 8.5804E-09 8.8548E-09 9.1416E-09 9.4291E-09 9.7227E-09 1.0022E-08 1.0327E-08 1.0643E-08 1.0958E-08 1.1278E-08 1.1601E-08 1.1928E-08 1.2258E-08 1.2590E-08 1.2925E-08 1.3262E-08 1.3598E-08 1.3934E-08 1.4268E-08 1.4600E-08 1.4929E-08 1.5256E-08 1.5580E-08 1.5899E-08 1.6213E-08 1.6519E-08 1.6819E-08 1.7108E-08 1.7391E-08 1.7663E-08 1.7925E-08 1.8173E-08 1.8409E-08 1.8631E-08 1.8840E-08 1.9038E-08 1.9224E-08 1.9390E-08 1.9539E-08 1.9671E-08 1.9787E-08 1.9886E-08 1.9966E-08 2.0030E-08 2.0076E-08 2.0106E-08 2.0119E-08 2.0113E-08
6.3318E-09 6.5392E-09 6.7529E-09 6.9811E-09 7.2138E-09 7.4482E-09 7.6974E-09 7.9456E-09 8.2060E-09 8.4675E-09 8.7353E-09 9.0092E-09 9.2948E-09 9.5808E-09 9.8724E-09 1.0169E-08 1.0471E-08 1.0783E-08 1.1094E-08 1.1408E-08 1.1726E-08 1.2046E-08 1.2368E-08 1.2693E-08 1.3018E-08 1.3344E-08 1.3670E-08 1.3993E-08 1.4315E-08 1.4636E-08 1.4954E-08 1.5267E-08 1.5576E-08 1.5880E-08 1.6176E-08 1.6467E-08 1.6749E-08 1.7022E-08 1.7284E-08 1.7539E-08 1.7781E-08 1.8011E-08 1.8229E-08 1.8432E-08 1.8622E-08 1.8796E-08 1.8958E-08 1.9102E-08 1.9232E-08 1.9346E-08 1.9449E-08 1.9531E-08 1.9598E-08 1.9647E-08 1.9676E-08 1.9692E-08 1.9692E-08
6.2605E-09 6.4706E-09 6.6800E-09 6.8955E-09 7.1253E-09 7.3595E-09 7.5949E-09 7.8449E-09 8.0935E-09 8.3539E-09 8.6151E-09 8.8822E-09 9.1549E-09 9.4330E-09 9.7225E-09 1.0011E-08 1.0305E-08 1.0603E-08 1.0904E-08 1.1216E-08 1.1524E-08 1.1836E-08 1.2149E-08 1.2463E-08 1.2779E-08 1.3095E-08 1.3410E-08 1.3724E-08 1.4036E-08 1.4347E-08 1.4655E-08 1.4959E-08 1.5257E-08 1.5553E-08 1.5838E-08 1.6120E-08 1.6393E-08 1.6658E-08 1.6915E-08 1.7159E-08 1.7394E-08 1.7617E-08 1.7831E-08 1.8029E-08 1.8215E-08 1.8387E-08 1.8544E-08 1.8686E-08 1.8813E-08 1.8926E-08 1.9023E-08 1.9104E-08 1.9168E-08 1.9217E-08 1.9251E-08 1.9268E-08 1.9270E-08
6.1955E-09 6.3940E-09 6.6060E-09 6.8170E-09 7.0339E-09 7.2649E-09 7.4999E-09 7.7360E-09 7.9862E-09 8.2347E-09 8.4944E-09 8.7548E-09 9.0205E-09 9.2915E-09 9.5674E-09 9.8539E-09 1.0139E-08 1.0429E-08 1.0722E-08 1.1019E-08 1.1318E-08 1.1626E-08 1.1930E-08 1.2236E-08 1.2542E-08 1.2849E-08 1.3154E-08 1.3459E-08 1.3762E-08 1.4063E-08 1.4360E-08 1.4655E-08 1.4944E-08 1.5229E-08 1.5507E-08 1.5779E-08 1.6044E-08 1.6302E-08 1.6549E-08 1.6788E-08 1.7017E-08 1.7232E-08 1.7439E-08 1.7631E-08 1.7812E-08 1.7979E-08 1.8132E-08 1.8272E-08 1.8403E-08 1.8513E-08 1.8609E-08 1.8690E-08 1.8755E-08 1.8806E-08 1.8841E-08 1.8861E-08 1.8866E-08
6.1296E-09 6.3240E-09 6.5241E-09 6.7376E-09 6.9498E-09 7.1751E-09 7.3994E-09 7.6347E-09 7.8709E-09 8.1208E-09 8.3686E-09 8.6219E-09 8.8861E-09 9.1499E-09 9.4185E-09 9.6916E-09 9.9688E-09 1.0256E-08 1.0541E-08 1.0829E-08 1.1120E-08 1.1413E-08 1.1708E-08 1.2010E-08 1.2307E-08 1.2605E-08 1.2902E-08 1.3197E-08 1.3491E-08 1.3783E-08 1.4071E-08 1.4356E-08 1.4636E-08 1.4911E-08 1.5181E-08 1.5444E-08 1.5702E-08 1.5950E-08 1.6190E-08 1.6420E-08 1.6641E-08 1.6855E-08 1.7055E-08 1.7243E-08 1.7420E-08 1.7583E-08 1.7733E-08 1.7870E-08 1.7993E-08 1.8103E-08 1.8197E-08 1.8277E-08 1.8342E-08 1.8393E-08 1.8430E-08 1.8452E-08 1.8459E-08
