Assets/Resources/2015_m01_d16_1300(utc+0800)_l00_csi_1hr_conc.grd
DSAA
         159         159
     -79.000      79.000
     -79.000      79.000
  0.0000E+00  0.3668E-05
[rows 0 to 24 of 159, columns 57 to 113 of 159]
0.0000E+00 0.0000E+00 0.0000E+00 0.0000E+00 0.0000E+00 6.4198E-13 1.9639E-12 2.0839E-12 2.4258E-12 3.0980E-12 3.3344E-12 3.5982E-12 3.8928E-12 4.2213E-12 4.5684E-12 4.9346E-12 5.3199E-12 5.7246E-12 6.1490E-12 6.5930E-12 7.0568E-12 7.5403E-12 8.0434E-12 8.5660E-12 9.1080E-12 9.6691E-12 1.0249E-11 1.0847E-11 1.1463E-11 1.2097E-11 1.2748E-11 1.3415E-11 1.4098E-11 1.4796E-11 1.5508E-11 1.6234E-11 1.6972E-11 1.7722E-11 1.8484E-11 1.9255E-11 2.0035E-11 2.0824E-11 2.1619E-11 2.2420E-11 2.3227E-11 2.4037E-11 2.4850E-11 2.5665E-11 2.6480E-11 2.7296E-11 2.8109E-11 2.8921E-11 2.9728E-11 3.0531E-11 3.1328E-11 3.2119E-11 3.2902E-11
0.0000E+00 0.0000E+00 0.0000E+00 0.0000E+00 6.3211E-13 1.5267E-12 2.0539E-12 2.3881E-12 2.8219E-12 3.2263E-12 3.4586E-12 3.7221E-12 4.0209E-12 4.3548E-12 4.7131E-12 5.0911E-12 5.4888E-12 5.9066E-12 6.3445E-12 6.8028E-12 7.2813E-12 7.7802E-12 8.2993E-12 8.8385E-12 9.3976E-12 9.9764E-12 1.0574E-11 1.1191E-11 1.1827E-11 1.2480E-11 1.3151E-11 1.3838E-11 1.4542E-11 1.5261E-11 1.5995E-11 1.6742E-11 1.7503E-11 1.8275E-11 1.9059E-11 1.9853E-11 2.0656E-11 2.1467E-11 2.2285E-11 2.3109E-11 2.3938E-11 2.4771E-11 2.5607E-11 2.6444E-11 2.7281E-11 2.8118E-11 2.8954E-11 2.9786E-11 3.0615E-11 3.1439E-11 3.2256E-11 3.3067E-11 3.3869E-11
0.0000E+00 0.0000E+00 0.0000E+00 6.2162E-13 1.5014E-12 2.0218E-12 2.3527E-12 2.7814E-12 3.1602E-12 3.3582E-12 3.5891E-12 3.8584E-12 4.1578E-12 4.4910E-12 4.8608E-12 5.2508E-12 5.6612E-12 6.0923E-12 6.5442E-12 7.0170E-12 7.5107E-12 8.0254E-12 8.5608E-12 9.1170E-12 9.6936E-12 1.0290E-11 1.0907E-11 1.1543E-11 1.2198E-11 1.2871E-11 1.3563E-11 1.4271E-11 1.4996E-11 1.5737E-11 1.6493E-11 1.7262E-11 1.8045E-11 1.8841E-11 1.9647E-11 2.0464E-11 2.1290E-11 2.2124E-11 2.2966E-11 2.3813E-11 2.4665E-11 2.5521E-11 2.6380E-11 2.7239E-11 2.8100E-11 2.8959E-11 2.9817E-11 3.0671E-11 3.1521E-11 3.2366E-11 3.3204E-11 3.4035E-11 3.4857E-11
0.0000E+00 0.0000E+00 0.0000E+00 1.2031E-12 1.9877E-12 2.1117E-12 2.4578E-12 3.1135E-12 3.3023E-12 3.5003E-12 3.7337E-12 3.9986E-12 4.2977E-12 4.6350E-12 5.0114E-12 5.4138E-12 5.8372E-12 6.2819E-12 6.7480E-12 7.2356E-12 7.7449E-12 8.2757E-12 8.8279E-12 9.4013E-12 9.9958E-12 1.0611E-11 1.1247E-11 1.1902E-11 1.2577E-11 1.3271E-11 1.3984E-11 1.4713E-11 1.5460E-11 1.6223E-11 1.7001E-11 1.7794E-11 1.8600E-11 1.9418E-11 2.0248E-11 2.1088E-11 2.1938E-11 2.2796E-11 2.3661E-11 2.4532E-11 2.5408E-11 2.6287E-11 2.7169E-11 2.8052E-11 2.8936E-11 2.9818E-11 3.0698E-11 3.1574E-11 3.2446E-11 3.3312E-11 3.4171E-11 3.5022E-11 3.5864E-11
0.0000E+00 0.0000E+00 6.3712E-13 1.9517E-12 2.0748E-12 2.4168E-12 3.0636E-12 3.2514E-12 3.4485E-12 3.6553E-12 3.8822E-12 4.1449E-12 4.4507E-12 4.7893E-12 5.1649E-12 5.5799E-12 6.0166E-12 6.4752E-12 6.9559E-12 7.4587E-12 7.9838E-12 8.5311E-12 9.1004E-12 9.6915E-12 1.0304E-11 1.0938E-11 1.1594E-11 1.2269E-11 1.2965E-11 1.3680E-11 1.4413E-11 1.5165E-11 1.5934E-11 1.6719E-11 1.7520E-11 1.8336E-11 1.9166E-11 2.0008E-11 2.0861E-11 2.1726E-11 2.2600E-11 2.3482E-11 2.4371E-11 2.5266E-11 2.6166E-11 2.7069E-11 2.7975E-11 2.8882E-11 2.9789E-11 3.0694E-11 3.1597E-11 3.2496E-11 3.3390E-11 3.4278E-11 3.5158E-11 3.6030E-11 3.6893E-11
0.0000E+00 6.2459E-13 1.5086E-12 2.0360E-12 2.3736E-12 2.8090E-12 3.1973E-12 3.3933E-12 3.5990E-12 3.8148E-12 4.0411E-12 4.3074E-12 4.6084E-12 4.9468E-12 5.3263E-12 5.7492E-12 6.1994E-12 6.6722E-12 7.1678E-12 7.6862E-12 8.2274E-12 8.7915E-12 9.3783E-12 9.9876E-12 1.0619E-11 1.1273E-11 1.1947E-11 1.2643E-11 1.3360E-11 1.4096E-11 1.4852E-11 1.5626E-11 1.6417E-11 1.7226E-11 1.8050E-11 1.8890E-11 1.9743E-11 2.0610E-11 2.1488E-11 2.2377E-11 2.3275E-11 2.4182E-11 2.5095E-11 2.6015E-11 2.6940E-11 2.7868E-11 2.8798E-11 2.9729E-11 3.0659E-11 3.1588E-11 3.2514E-11 3.3436E-11 3.4353E-11 3.5262E-11 3.6165E-11 3.7058E-11 3.7941E-11
0.0000E+00 1.2062E-12 1.9954E-12 2.3282E-12 2.7566E-12 3.1401E-12 3.3347E-12 3.5391E-12 3.7537E-12 3.9788E-12 4.2148E-12 4.4740E-12 4.7717E-12 5.1178E-12 5.4994E-12 5.9215E-12 6.3856E-12 6.8729E-12 7.3837E-12 7.9179E-12 8.4757E-12 9.0570E-12 9.6616E-12 1.0289E-11 1.0940E-11 1.1613E-11 1.2308E-11 1.3025E-11 1.3763E-11 1.4521E-11 1.5299E-11 1.6096E-11 1.6911E-11 1.7743E-11 1.8591E-11 1.9455E-11 2.0333E-11 2.1224E-11 2.2127E-11 2.3040E-11 2.3964E-11 2.4896E-11 2.5835E-11 2.6780E-11 2.7729E-11 2.8682E-11 2.9637E-11 3.0592E-11 3.1547E-11 3.2500E-11 3.3450E-11 3.4395E-11 3.5334E-11 3.6267E-11 3.7191E-11 3.8106E-11 3.9010E-11
6.3698E-13 1.9531E-12 2.0789E-12 2.4261E-12 3.0801E-12 3.2730E-12 3.4758E-12 3.6889E-12 3.9126E-12 4.1472E-12 4.3931E-12 4.6508E-12 4.9536E-12 5.2944E-12 5.6760E-12 6.1016E-12 6.5751E-12 7.0772E-12 7.6034E-12 8.1539E-12 8.7286E-12 9.3274E-12 9.9502E-12 1.0597E-11 1.1267E-11 1.1960E-11 1.2676E-11 1.3414E-11 1.4174E-11 1.4954E-11 1.5755E-11 1.6575E-11 1.7414E-11 1.8270E-11 1.9142E-11 2.0031E-11 2.0934E-11 2.1850E-11 2.2778E-11 2.3717E-11 2.4666E-11 2.5624E-11 2.6588E-11 2.7559E-11 2.8534E-11 2.9512E-11 3.0492E-11 3.1472E-11 3.2452E-11 3.3429E-11 3.4403E-11 3.5372E-11 3.6335E-11 3.7290E-11 3.8237E-11 3.9174E-11 4.0099E-11
1.2285E-12 2.0336E-12 2.3752E-12 3.0174E-12 3.2084E-12 3.4094E-12 3.6207E-12 3.8426E-12 4.0756E-12 4.3200E-12 4.5762E-12 4.8446E-12 5.1396E-12 5.4762E-12 5.8664E-12 6.2950E-12 6.7678E-12 7.2850E-12 7.8271E-12 8.3940E-12 8.9859E-12 9.6026E-12 1.0244E-11 1.0910E-11 1.1600E-11 1.2314E-11 1.3051E-11 1.3810E-11 1.4592E-11 1.5396E-11 1.6220E-11 1.7063E-11 1.7926E-11 1.8807E-11 1.9704E-11 2.0618E-11 2.1546E-11 2.2488E-11 2.3442E-11 2.4407E-11 2.5382E-11 2.6366E-11 2.7357E-11 2.8353E-11 2.9354E-11 3.0358E-11 3.1364E-11 3.2370E-11 3.3374E-11 3.4377E-11 3.5375E-11 3.6368E-11 3.7354E-11 3.8333E-11 3.9302E-11 4.0261E-11 4.1208E-11
1.9868E-12 2.3225E-12 2.7526E-12 3.1412E-12 3.3400E-12 3.5492E-12 3.7692E-12 4.0002E-12 4.2428E-12 4.4972E-12 4.7639E-12 5.0433E-12 5.3357E-12 5.6788E-12 6.0634E-12 6.4921E-12 6.9679E-12 7.4962E-12 8.0544E-12 8.6382E-12 9.2477E-12 9.8827E-12 1.0543E-11 1.1228E-11 1.1939E-11 1.2673E-11 1.3432E-11 1.4214E-11 1.5018E-11 1.5845E-11 1.6693E-11 1.7561E-11 1.8448E-11 1.9353E-11 2.0276E-11 2.1216E-11 2.2170E-11 2.3138E-11 2.4118E-11 2.5110E-11 2.6111E-11 2.7122E-11 2.8139E-11 2.9162E-11 3.0189E-11 3.1220E-11 3.2251E-11 3.3283E-11 3.4314E-11 3.5341E-11 3.6364E-11 3.7382E-11 3.8392E-11 3.9395E-11 4.0387E-11 4.1368E-11 4.2338E-11
2.0661E-12 2.4156E-12 3.0715E-12 3.2680E-12 3.4749E-12 3.6925E-12 3.9213E-12 4.1617E-12 4.4140E-12 4.6787E-12 4.9562E-12 5.2468E-12 5.5510E-12 5.8858E-12 6.2651E-12 6.7034E-12 7.1833E-12 7.7108E-12 8.2854E-12 8.8864E-12 9.5137E-12 1.0167E-11 1.0847E-11 1.1552E-11 1.2283E-11 1.3039E-11 1.3820E-11 1.4624E-11 1.5452E-11 1.6302E-11 1.7174E-11 1.8067E-11 1.8979E-11 1.9910E-11 2.0859E-11 2.1824E-11 2.2805E-11 2.3799E-11 2.4807E-11 2.5825E-11 2.6854E-11 2.7891E-11 2.8936E-11 2.9986E-11 3.1040E-11 3.2097E-11 3.3155E-11 3.4213E-11 3.5270E-11 3.6323E-11 3.7371E-11 3.8414E-11 3.9449E-11 4.0475E-11 4.1491E-11 4.2495E-11 4.3486E-11
2.3576E-12 2.9996E-12 3.1935E-12 3.3978E-12 3.6129E-12 3.8391E-12 4.0770E-12 4.3270E-12 4.5893E-12 4.8645E-12 5.1530E-12 5.4552E-12 5.7715E-12 6.1023E-12 6.4897E-12 6.9223E-12 7.4023E-12 7.9324E-12 8.5200E-12 9.1384E-12 9.7840E-12 1.0457E-11 1.1156E-11 1.1882E-11 1.2634E-11 1.3411E-11 1.4214E-11 1.5042E-11 1.5893E-11 1.6767E-11 1.7664E-11 1.8581E-11 1.9519E-11 2.0476E-11 2.1451E-11 2.2443E-11 2.3451E-11 2.4473E-11 2.5507E-11 2.6553E-11 2.7609E-11 2.8674E-11 2.9746E-11 3.0824E-11 3.1905E-11 3.2989E-11 3.4075E-11 3.5159E-11 3.6242E-11 3.7322E-11 3.8396E-11 3.9464E-11 4.0523E-11 4.1574E-11 4.2613E-11 4.3641E-11 4.4655E-11
2.4490E-12 3.1168E-12 3.3183E-12 3.5305E-12 3.7540E-12 3.9891E-12 4.2363E-12 4.4960E-12 4.7686E-12 5.0546E-12 5.3543E-12 5.6683E-12 5.9969E-12 6.3406E-12 6.7190E-12 7.1452E-12 7.6358E-12 8.1712E-12 8.7580E-12 9.3942E-12 1.0058E-11 1.0750E-11 1.1469E-11 1.2216E-11 1.2990E-11 1.3789E-11 1.4615E-11 1.5466E-11 1.6341E-11 1.7240E-11 1.8161E-11 1.9105E-11 2.0069E-11 2.1052E-11 2.2054E-11 2.3073E-11 2.4108E-11 2.5157E-11 2.6219E-11 2.7293E-11 2.8378E-11 2.9470E-11 3.0570E-11 3.1676E-11 3.2785E-11 3.3897E-11 3.5010E-11 3.6122E-11 3.7231E-11 3.8337E-11 3.9438E-11 4.0531E-11 4.1616E-11 4.2691E-11 4.3755E-11 4.4806E-11 4.5843E-11
3.0381E-12 3.2365E-12 3.4457E-12 3.6661E-12 3.8982E-12 4.1423E-12 4.3990E-12 4.6687E-12 4.9517E-12 5.2487E-12 5.5600E-12 5.8860E-12 6.2273E-12 6.5842E-12 6.9571E-12 7.3931E-12 7.8779E-12 8.4137E-12 9.0023E-12 9.6535E-12 1.0336E-11 1.1048E-11 1.1788E-11 1.2555E-11 1.3351E-11 1.4173E-11 1.5022E-11 1.5896E-11 1.6796E-11 1.7720E-11 1.8667E-11 1.9636E-11 2.0627E-11 2.1637E-11 2.2666E-11 2.3713E-11 2.4775E-11 2.5853E-11 2.6943E-11 2.8046E-11 2.9158E-11 3.0280E-11 3.1408E-11 3.2542E-11 3.3680E-11 3.4820E-11 3.5960E-11 3.7100E-11 3.8237E-11 3.9369E-11 4.0496E-11 4.1616E-11 4.2726E-11 4.3827E-11 4.4915E-11 4.5990E-11 4.7050E-11
3.1528E-12 3.3587E-12 3.5758E-12 3.8045E-12 4.0454E-12 4.2987E-12 4.5651E-12 4.8449E-12 5.1387E-12 5.4469E-12 5.7699E-12 6.1082E-12 6.4624E-12 6.8328E-12 7.2198E-12 7.6461E-12 8.1240E-12 8.6706E-12 9.2659E-12 9.9163E-12 1.0618E-11 1.1350E-11 1.2110E-11 1.2899E-11 1.3717E-11 1.4562E-11 1.5435E-11 1.6333E-11 1.7258E-11 1.8207E-11 1.9180E-11 2.0176E-11 2.1193E-11 2.2231E-11 2.3288E-11 2.4362E-11 2.5453E-11 2.6559E-11 2.7679E-11 2.8810E-11 2.9952E-11 3.1102E-11 3.2259E-11 3.3422E-11 3.4588E-11 3.5757E-11 3.6926E-11 3.8093E-11 3.9258E-11 4.0418E-11 4.1572E-11 4.2718E-11 4.3854E-11 4.4980E-11 4.6093E-11 4.7192E-11 4.8275E-11
3.2698E-12 3.4834E-12 3.7085E-12 3.9457E-12 4.1955E-12 4.4582E-12 4.7345E-12 5.0247E-12 5.3294E-12 5.6490E-12 5.9840E-12 6.3349E-12 6.7022E-12 7.0863E-12 7.4877E-12 7.9072E-12 8.3958E-12 8.9373E-12 9.5332E-12 1.0185E-11 1.0904E-11 1.1656E-11 1.2437E-11 1.3248E-11 1.4088E-11 1.4957E-11 1.5853E-11 1.6777E-11 1.7726E-11 1.8701E-11 1.9701E-11 2.0723E-11 2.1768E-11 2.2834E-11 2.3919E-11 2.5022E-11 2.6142E-11 2.7277E-11 2.8425E-11 2.9586E-11 3.0757E-11 3.1936E-11 3.3123E-11 3.4315E-11 3.5511E-11 3.6708E-11 3.7906E-11 3.9102E-11 4.0295E-11 4.1482E-11 4.2664E-11 4.3836E-11 4.4999E-11 4.6150E-11 4.7288E-11 4.8412E-11 4.9519E-11
3.3890E-12 3.6103E-12 3.8437E-12 4.0896E-12 4.3484E-12 4.6208E-12 4.9071E-12 5.2079E-12 5.5237E-12 5.8549E-12 6.2022E-12 6.5659E-12 6.9465E-12 7.3446E-12 7.7607E-12 8.1952E-12 8.6737E-12 9.2079E-12 9.8147E-12 1.0474E-11 1.1193E-11 1.1965E-11 1.2768E-11 1.3601E-11 1.4464E-11 1.5356E-11 1.6277E-11 1.7226E-11 1.8201E-11 1.9202E-11 2.0229E-11 2.1279E-11 2.2351E-11 2.3445E-11 2.4559E-11 2.5691E-11 2.6840E-11 2.8004E-11 2.9182E-11 3.0373E-11 3.1574E-11 3.2783E-11 3.4000E-11 3.5221E-11 3.6447E-11 3.7674E-11 3.8900E-11 4.0125E-11 4.1347E-11 4.2563E-11 4.3771E-11 4.4971E-11 4.6161E-11 4.7338E-11 4.8501E-11 4.9650E-11 5.0781E-11
3.5104E-12 3.7396E-12 3.9813E-12 4.2360E-12 4.5041E-12 4.7862E-12 5.0828E-12 5.3944E-12 5.7215E-12 6.0646E-12 6.4242E-12 6.8009E-12 7.1952E-12 7.6076E-12 8.0386E-12 8.4886E-12 8.9588E-12 9.5045E-12 1.0107E-11 1.0768E-11 1.1488E-11 1.2278E-11 1.3103E-11 1.3959E-11 1.4845E-11 1.5761E-11 1.6706E-11 1.7680E-11 1.8682E-11 1.9710E-11 2.0763E-11 2.1841E-11 2.2942E-11 2.4064E-11 2.5207E-11 2.6369E-11 2.7547E-11 2.8742E-11 2.9950E-11 3.1171E-11 3.2402E-11 3.3642E-11 3.4888E-11 3.6140E-11 3.7396E-11 3.8653E-11 3.9909E-11 4.1163E-11 4.2413E-11 4.3658E-11 4.4895E-11 4.6122E-11 4.7338E-11 4.8542E-11 4.9731E-11 5.0905E-11 5.2061E-11
3.6338E-12 3.8711E-12 4.1213E-12 4.3849E-12 4.6625E-12 4.9545E-12 5.2615E-12 5.5840E-12 5.9226E-12 6.2778E-12 6.6501E-12 7.0400E-12 7.4482E-12 7.8751E-12 8.3212E-12 8.7871E-12 9.2732E-12 9.8085E-12 1.0404E-11 1.1075E-11 1.1804E-11 1.2595E-11 1.3441E-11 1.4320E-11 1.5230E-11 1.6170E-11 1.7141E-11 1.8140E-11 1.9168E-11 2.0223E-11 2.1305E-11 2.2410E-11 2.3540E-11 2.4692E-11 2.5864E-11 2.7055E-11 2.8264E-11 2.9489E-11 3.0728E-11 3.1979E-11 3.3241E-11 3.4512E-11 3.5789E-11 3.7072E-11 3.8358E-11 3.9645E-11 4.0931E-11 4.2215E-11 4.3494E-11 4.4768E-11 4.6033E-11 4.7288E-11 4.8532E-11 4.9762E-11 5.0978E-11 5.2177E-11 5.3357E-11
3.7592E-12 4.0047E-12 4.2635E-12 4.5362E-12 4.8234E-12 5.1255E-12 5.4431E-12 5.7767E-12 6.1270E-12 6.4944E-12 6.8796E-12 7.2830E-12 7.7052E-12 8.1468E-12 8.6083E-12 9.0903E-12 9.5932E-12 1.0119E-11 1.0726E-11 1.1394E-11 1.2124E-11 1.2916E-11 1.3783E-11 1.4685E-11 1.5619E-11 1.6584E-11 1.7580E-11 1.8606E-11 1.9660E-11 2.0743E-11 2.1852E-11 2.2987E-11 2.4145E-11 2.5326E-11 2.6528E-11 2.7750E-11 2.8990E-11 3.0245E-11 3.1515E-11 3.2798E-11 3.4091E-11 3.5393E-11 3.6701E-11 3.8015E-11 3.9332E-11 4.0649E-11 4.1966E-11 4.3280E-11 4.4589E-11 4.5892E-11 4.7186E-11 4.8470E-11 4.9741E-11 5.0998E-11 5.2240E-11 5.3465E-11 5.4670E-11
3.8865E-12 4.1403E-12 4.4079E-12 4.6898E-12 4.9867E-12 5.2990E-12 5.6274E-12 5.9723E-12 6.3344E-12 6.7143E-12 7.1125E-12 7.5296E-12 7.9661E-12 8.4226E-12 8.8998E-12 9.3980E-12 9.9180E-12 1.0460E-11 1.1057E-11 1.1717E-11 1.2458E-11 1.3260E-11 1.4128E-11 1.5053E-11 1.6011E-11 1.7001E-11 1.8023E-11 1.9075E-11 2.0157E-11 2.1268E-11 2.2405E-11 2.3569E-11 2.4757E-11 2.5968E-11 2.7201E-11 2.8453E-11 2.9724E-11 3.1010E-11 3.2312E-11 3.3626E-11 3.4951E-11 3.6284E-11 3.7624E-11 3.8970E-11 4.0318E-11 4.1666E-11 4.3014E-11 4.4358E-11 4.5698E-11 4.7030E-11 4.8353E-11 4.9665E-11 5.0965E-11 5.2250E-11 5.3518E-11 5.4768E-11 5.5999E-11
4.0156E-12 4.2778E-12 4.5543E-12 4.8456E-12 5.1523E-12 5.4750E-12 5.8143E-12 6.1707E-12 6.5448E-12 6.9373E-12 7.3487E-12 7.7796E-12 8.2307E-12 8.7024E-12 9.1953E-12 9.7102E-12 1.0247E-11 1.0807E-11 1.1393E-11 1.2066E-11 1.2805E-11 1.3608E-11 1.4477E-11 1.5424E-11 1.6407E-11 1.7423E-11 1.8471E-11 1.9550E-11 2.0659E-11 2.1798E-11 2.2964E-11 2.4157E-11 2.5375E-11 2.6617E-11 2.7880E-11 2.9163E-11 3.0465E-11 3.1784E-11 3.3117E-11 3.4463E-11 3.5820E-11 3.7186E-11 3.8558E-11 3.9935E-11 4.1315E-11 4.2695E-11 4.4074E-11 4.5449E-11 4.6819E-11 4.8181E-11 4.9534E-11 5.0875E-11 5.2203E-11 5.3515E-11 5.4811E-11 5.6087E-11 5.7343E-11
4.1463E-12 4.4171E-12 4.7026E-12 5.0034E-12 5.3201E-12 5.6533E-12 6.0036E-12 6.3716E-12 6.7579E-12 7.1632E-12 7.5880E-12 8.0329E-12 8.4987E-12 8.9857E-12 9.4948E-12 1.0026E-11 1.0581E-11 1.1159E-11 1.1762E-11 1.2425E-11 1.3156E-11 1.3969E-11 1.4849E-11 1.5799E-11 1.6806E-11 1.7847E-11 1.8922E-11 2.0028E-11 2.1166E-11 2.2333E-11 2.3528E-11 2.4751E-11 2.5999E-11 2.7271E-11 2.8566E-11 2.9881E-11 3.1215E-11 3.2565E-11 3.3931E-11 3.5309E-11 3.6698E-11 3.8097E-11 3.9501E-11 4.0911E-11 4.2322E-11 4.3735E-11 4.5145E-11 4.6552E-11 4.7952E-11 4.9345E-11 5.0727E-11 5.2098E-11 5.3454E-11 5.4794E-11 5.6117E-11 5.7420E-11 5.8702E-11
4.2787E-12 4.5581E-12 4.8527E-12 5.1631E-12 5.4899E-12 5.8337E-12 6.1952E-12 6.5749E-12 6.9736E-12 7.3918E-12 7.8302E-12 8.2893E-12 8.7699E-12 9.2725E-12 9.7978E-12 1.0346E-11 1.0919E-11 1.1516E-11 1.2137E-11 1.2788E-11 1.3531E-11 1.4345E-11 1.5227E-11 1.6176E-11 1.7208E-11 1.8275E-11 1.9376E-11 2.0510E-11 2.1676E-11 2.2872E-11 2.4097E-11 2.5350E-11 2.6629E-11 2.7932E-11 2.9258E-11 3.0605E-11 3.1971E-11 3.3354E-11 3.4752E-11 3.6163E-11 3.7586E-11 3.9016E-11 4.0454E-11 4.1896E-11 4.3340E-11 4.4785E-11 4.6227E-11 4.7665E-11 4.9097E-11 5.0520E-11 5.1933E-11 5.3333E-11 5.4718E-11 5.6087E-11 5.7437E-11 5.8767E-11 6.0075E-11
4.4125E-12 4.7006E-12 5.0044E-12 5.3245E-12 5.6615E-12 6.0161E-12 6.3889E-12 6.7805E-12 7.1916E-12 7.6229E-12 8.0750E-12 8.5485E-12 9.0441E-12 9.5624E-12 1.0104E-11 1.0670E-11 1.1260E-11 1.1876E-11 1.2517E-11 1.3184E-11 1.3918E-11 1.4724E-11 1.5616E-11 1.6577E-11 1.7612E-11 1.8706E-11 1.9834E-11 2.0995E-11 2.2190E-11 2.3415E-11 2.4670E-11 2.5953E-11 2.7263E-11 2.8598E-11 2.9956E-11 3.1335E-11 3.2734E-11 3.4150E-11 3.5581E-11 3.7025E-11 3.8480E-11 3.9945E-11 4.1415E-11 4.2890E-11 4.4368E-11 4.5845E-11 4.7319E-11 4.8789E-11 5.0253E-11 5.1707E-11 5.3150E-11 5.4580E-11 5.5995E-11 5.7392E-11 5.8770E-11 6.0127E-11 6.1461E-11
