Assets/Resources/2015_m01_d13_1100(utc+0800)_l00_csi_1hr_conc.grd
DSAA
         159         159
     -79.000      79.000
     -79.000      79.000
  0.0000E+00  0.1984E-05
[rows 100 to 124 of 159, columns 0 to 56 of 159]
2.6645E-09 2.7910E-09 2.9030E-09 3.0152E-09 3.1610E-09 3.2829E-09 3.4052E-09 3.5504E-09 3.6893E-09 3.8203E-09 3.9533E-09 4.1224E-09 4.2663E-09 4.4126E-09 4.5804E-09 4.7310E-09 4.8813E-09 5.0399E-09 5.1889E-09 5.3353E-09 5.4783E-09 5.6166E-09 5.7490E-09 5.8746E-09 5.9972E-09 6.1061E-09 6.2041E-09 6.2959E-09 6.3762E-09 6.4378E-09 6.4903E-09 6.5285E-09 6.5465E-09 6.5421E-09 6.5248E-09 6.5089E-09 6.4613E-09 6.3948E-09 6.3269E-09 6.2378E-09 6.1391E-09 6.0216E-09 5.9075E-09 5.7772E-09 5.6487E-09 5.5450E-09 5.4228E-09 5.2876E-09 5.1372E-09 4.9680E-09 4.7730E-09 4.5573E-09 4.3422E-09 4.0567E-09 3.7920E-09 3.5408E-09 3.2594E-09
2.5365E-09 2.6544E-09 2.7576E-09 2.8614E-09 2.9953E-09 3.1074E-09 3.2199E-09 3.3531E-09 3.4801E-09 3.5999E-09 3.7223E-09 3.8782E-09 4.0106E-09 4.1443E-09 4.2970E-09 4.4340E-09 4.5701E-09 4.7134E-09 4.8475E-09 4.9791E-09 5.1068E-09 5.2298E-09 5.3471E-09 5.4574E-09 5.5597E-09 5.6581E-09 5.7416E-09 5.8134E-09 5.8785E-09 5.9304E-09 5.9646E-09 5.9835E-09 5.9843E-09 5.9815E-09 5.9540E-09 5.9081E-09 5.8637E-09 5.7957E-09 5.7088E-09 5.6083E-09 5.5165E-09 5.3989E-09 5.2738E-09 5.1622E-09 5.0599E-09 4.9510E-09 4.8328E-09 4.7031E-09 4.5574E-09 4.3952E-09 4.2298E-09 4.0262E-09 3.7940E-09 3.5744E-09 3.3445E-09 3.0862E-09 2.8331E-09
2.4062E-09 2.5149E-09 2.6088E-09 2.7046E-09 2.8274E-09 2.9283E-09 3.0319E-09 3.1533E-09 3.2686E-09 3.3779E-09 3.4905E-09 3.6331E-09 3.7532E-09 3.8744E-09 4.0125E-09 4.1358E-09 4.2579E-09 4.3861E-09 4.5056E-09 4.6223E-09 4.7353E-09 4.8434E-09 4.9458E-09 5.0414E-09 5.1292E-09 5.2079E-09 5.2818E-09 5.3401E-09 5.3866E-09 5.4257E-09 5.4454E-09 5.4497E-09 5.4465E-09 5.4243E-09 5.3979E-09 5.3471E-09 5.2804E-09 5.2067E-09 5.1303E-09 5.0336E-09 4.9248E-09 4.8191E-09 4.7106E-09 4.6069E-09 4.5090E-09 4.4032E-09 4.2900E-09 4.1656E-09 4.0268E-09 3.8879E-09 3.7276E-09 3.5458E-09 3.3582E-09 3.1387E-09 2.9270E-09 2.7097E-09 2.4827E-09
2.2738E-09 2.3727E-09 2.4585E-09 2.5453E-09 2.6579E-09 2.7485E-09 2.8421E-09 2.9525E-09 3.0569E-09 3.1565E-09 3.2588E-09 3.3881E-09 3.4966E-09 3.6048E-09 3.7287E-09 3.8384E-09 3.9469E-09 4.0603E-09 4.1658E-09 4.2680E-09 4.3665E-09 4.4604E-09 4.5484E-09 4.6298E-09 4.7038E-09 4.7691E-09 4.8246E-09 4.8747E-09 4.9093E-09 4.9268E-09 4.9375E-09 4.9335E-09 4.9228E-09 4.8939E-09 4.8537E-09 4.8013E-09 4.7381E-09 4.6583E-09 4.5701E-09 4.4858E-09 4.3910E-09 4.2874E-09 4.1881E-09 4.0975E-09 4.0057E-09 3.9065E-09 3.8112E-09 3.6981E-09 3.5797E-09 3.4407E-09 3.2937E-09 3.1174E-09 2.9378E-09 2.7497E-09 2.5632E-09 2.3676E-09 2.1783E-09
2.1394E-09 2.2302E-09 2.3073E-09 2.3845E-09 2.4880E-09 2.5692E-09 2.6514E-09 2.7522E-09 2.8464E-09 2.9368E-09 3.0288E-09 3.1449E-09 3.2416E-09 3.3378E-09 3.4478E-09 3.5443E-09 3.6394E-09 3.7386E-09 3.8303E-09 3.9191E-09 4.0036E-09 4.0837E-09 4.1582E-09 4.2263E-09 4.2872E-09 4.3400E-09 4.3835E-09 4.4171E-09 4.4404E-09 4.4475E-09 4.4489E-09 4.4380E-09 4.4192E-09 4.3830E-09 4.3398E-09 4.2857E-09 4.2175E-09 4.1443E-09 4.0680E-09 3.9762E-09 3.8826E-09 3.7896E-09 3.7051E-09 3.6375E-09 3.5529E-09 3.4726E-09 3.3740E-09 3.2785E-09 3.1606E-09 3.0338E-09 2.8914E-09 2.7222E-09 2.5734E-09 2.4131E-09 2.2574E-09 2.0839E-09 1.9052E-09
2.0060E-09 2.0868E-09 2.1553E-09 2.2255E-09 2.3178E-09 2.3910E-09 2.4636E-09 2.5533E-09 2.6392E-09 2.7199E-09 2.8017E-09 2.9051E-09 2.9902E-09 3.0747E-09 3.1712E-09 3.2552E-09 3.3376E-09 3.4235E-09 3.5021E-09 3.5776E-09 3.6494E-09 3.7165E-09 3.7782E-09 3.8339E-09 3.8829E-09 3.9241E-09 3.9569E-09 3.9730E-09 3.9843E-09 3.9869E-09 3.9863E-09 3.9680E-09 3.9406E-09 3.9071E-09 3.8562E-09 3.8018E-09 3.7353E-09 3.6691E-09 3.5899E-09 3.5108E-09 3.4257E-09 3.3593E-09 3.2920E-09 3.2308E-09 3.1543E-09 3.0717E-09 2.9838E-09 2.8856E-09 2.7773E-09 2.6528E-09 2.5300E-09 2.4044E-09 2.2684E-09 2.1370E-09 1.9852E-09 1.8250E-09 1.6513E-09
1.8722E-09 1.9441E-09 2.0057E-09 2.0671E-09 2.1492E-09 2.2149E-09 2.2789E-09 2.3575E-09 2.4357E-09 2.5072E-09 2.5791E-09 2.6704E-09 2.7443E-09 2.8174E-09 2.9011E-09 2.9733E-09 3.0438E-09 3.1167E-09 3.1833E-09 3.2465E-09 3.3061E-09 3.3613E-09 3.4114E-09 3.4557E-09 3.4938E-09 3.5223E-09 3.5380E-09 3.5515E-09 3.5581E-09 3.5561E-09 3.5433E-09 3.5276E-09 3.4959E-09 3.4558E-09 3.4057E-09 3.3543E-09 3.2926E-09 3.2250E-09 3.1605E-09 3.1005E-09 3.0331E-09 2.9748E-09 2.9176E-09 2.8574E-09 2.7890E-09 2.7146E-09 2.6328E-09 2.5449E-09 2.4403E-09 2.3440E-09 2.2411E-09 2.1382E-09 2.0174E-09 1.8879E-09 1.7418E-09 1.5893E-09 1.4461E-09
1.7390E-09 1.8042E-09 1.8567E-09 1.9111E-09 1.9849E-09 2.0404E-09 2.0985E-09 2.1686E-09 2.2353E-09 2.2997E-09 2.3620E-09 2.4416E-09 2.5051E-09 2.5681E-09 2.6393E-09 2.7003E-09 2.7596E-09 2.8209E-09 2.8759E-09 2.9280E-09 2.9764E-09 3.0207E-09 3.0602E-09 3.0944E-09 3.1150E-09 3.1339E-09 3.1474E-09 3.1569E-09 3.1562E-09 3.1494E-09 3.1333E-09 3.1099E-09 3.0788E-09 3.0432E-09 2.9957E-09 2.9433E-09 2.8873E-09 2.8351E-09 2.7755E-09 2.7198E-09 2.6680E-09 2.6287E-09 2.5816E-09 2.5269E-09 2.4668E-09 2.4011E-09 2.3320E-09 2.2545E-09 2.1718E-09 2.0860E-09 1.9932E-09 1.8935E-09 1.7738E-09 1.6530E-09 1.5274E-09 1.4021E-09 1.2827E-09
1.6078E-09 1.6653E-09 1.7124E-09 1.7586E-09 1.8227E-09 1.8724E-09 1.9223E-09 1.9851E-09 2.0429E-09 2.0973E-09 2.1518E-09 2.2204E-09 2.2741E-09 2.3272E-09 2.3872E-09 2.4381E-09 2.4870E-09 2.5374E-09 2.5822E-09 2.6239E-09 2.6623E-09 2.6969E-09 2.7246E-09 2.7422E-09 2.7606E-09 2.7749E-09 2.7835E-09 2.7843E-09 2.7825E-09 2.7708E-09 2.7542E-09 2.7293E-09 2.6965E-09 2.6579E-09 2.6153E-09 2.5743E-09 2.5265E-09 2.4782E-09 2.4315E-09 2.3929E-09 2.3565E-09 2.3213E-09 2.2790E-09 2.2320E-09 2.1859E-09 2.1305E-09 2.0686E-09 2.0003E-09 1.9276E-09 1.8511E-09 1.7579E-09 1.6632E-09 1.5641E-09 1.4564E-09 1.3535E-09 1.2517E-09 1.1435E-09
1.4813E-09 1.5302E-09 1.5710E-09 1.6106E-09 1.6667E-09 1.7090E-09 1.7526E-09 1.8077E-09 1.8576E-09 1.9026E-09 1.9491E-09 2.0080E-09 2.0527E-09 2.0966E-09 2.1464E-09 2.1878E-09 2.2275E-09 2.2680E-09 2.3035E-09 2.3361E-09 2.3631E-09 2.3813E-09 2.4014E-09 2.4188E-09 2.4318E-09 2.4385E-09 2.4436E-09 2.4404E-09 2.4339E-09 2.4225E-09 2.4030E-09 2.3787E-09 2.3486E-09 2.3155E-09 2.2758E-09 2.2395E-09 2.1986E-09 2.1617E-09 2.1295E-09 2.0989E-09 2.0715E-09 2.0424E-09 2.0090E-09 1.9740E-09 1.9289E-09 1.8799E-09 1.8256E-09 1.7591E-09 1.6909E-09 1.6259E-09 1.5422E-09 1.4595E-09 1.3751E-09 1.2903E-09 1.2034E-09 1.1115E-09 1.0121E-09
1.3581E-09 1.3999E-09 1.4339E-09 1.4684E-09 1.5157E-09 1.5528E-09 1.5903E-09 1.6362E-09 1.6801E-09 1.7175E-09 1.7547E-09 1.8053E-09 1.8419E-09 1.8774E-09 1.9180E-09 1.9510E-09 1.9822E-09 2.0114E-09 2.0387E-09 2.0556E-09 2.0754E-09 2.0937E-09 2.1101E-09 2.1198E-09 2.1273E-09 2.1310E-09 2.1291E-09 2.1267E-09 2.1168E-09 2.1031E-09 2.0845E-09 2.0633E-09 2.0361E-09 2.0063E-09 1.9742E-09 1.9418E-09 1.9118E-09 1.8813E-09 1.8587E-09 1.8383E-09 1.8201E-09 1.7965E-09 1.7671E-09 1.7354E-09 1.6922E-09 1.6502E-09 1.5975E-09 1.5469E-09 1.4807E-09 1.4194E-09 1.3487E-09 1.2792E-09 1.2153E-09 1.1463E-09 1.0685E-09 9.8289E-10 8.9664E-10
1.2380E-09 1.2753E-09 1.3022E-09 1.3307E-09 1.3731E-09 1.4025E-09 1.4343E-09 1.4746E-09 1.5089E-09 1.5417E-09 1.5717E-09 1.6111E-09 1.6432E-09 1.6706E-09 1.7008E-09 1.7286E-09 1.7471E-09 1.7626E-09 1.7801E-09 1.8018E-09 1.8183E-09 1.8273E-09 1.8384E-09 1.8447E-09 1.8464E-09 1.8484E-09 1.8441E-09 1.8387E-09 1.8286E-09 1.8150E-09 1.7979E-09 1.7794E-09 1.7561E-09 1.7302E-09 1.7065E-09 1.6808E-09 1.6588E-09 1.6378E-09 1.6197E-09 1.6057E-09 1.5902E-09 1.5689E-09 1.5413E-09 1.5134E-09 1.4820E-09 1.4406E-09 1.3935E-09 1.3446E-09 1.2946E-09 1.2378E-09 1.1872E-09 1.1355E-09 1.0784E-09 1.0143E-09 9.4699E-10 8.7378E-10 7.9404E-10
1.1225E-09 1.1540E-09 1.1779E-09 1.1995E-09 1.2359E-09 1.2621E-09 1.2859E-09 1.3194E-09 1.3493E-09 1.3733E-09 1.3993E-09 1.4296E-09 1.4537E-09 1.4690E-09 1.4896E-09 1.5047E-09 1.5254E-09 1.5421E-09 1.5538E-09 1.5651E-09 1.5759E-09 1.5828E-09 1.5857E-09 1.5894E-09 1.5875E-09 1.5850E-09 1.5788E-09 1.5721E-09 1.5615E-09 1.5484E-09 1.5329E-09 1.5153E-09 1.4941E-09 1.4751E-09 1.4533E-09 1.4370E-09 1.4196E-09 1.3993E-09 1.3903E-09 1.3806E-09 1.3655E-09 1.3472E-09 1.3183E-09 1.2926E-09 1.2647E-09 1.2273E-09 1.1861E-09 1.1385E-09 1.1032E-09 1.0676E-09 1.0273E-09 9.8047E-10 9.2941E-10 8.7429E-10 8.1302E-10 7.4646E-10 6.7696E-10
1.0144E-09 1.0392E-09 1.0583E-09 1.0775E-09 1.1064E-09 1.1274E-09 1.1484E-09 1.1734E-09 1.1973E-09 1.2129E-09 1.2261E-09 1.2462E-09 1.2643E-09 1.2816E-09 1.3019E-09 1.3110E-09 1.3239E-09 1.3352E-09 1.3448E-09 1.3478E-09 1.3540E-09 1.3583E-09 1.3557E-09 1.3565E-09 1.3521E-09 1.3480E-09 1.3389E-09 1.3323E-09 1.3222E-09 1.3112E-09 1.2964E-09 1.2843E-09 1.2662E-09 1.2505E-09 1.2338E-09 1.2115E-09 1.1990E-09 1.1872E-09 1.1825E-09 1.1725E-09 1.1625E-09 1.1471E-09 1.1232E-09 1.0976E-09 1.0702E-09 1.0333E-09 1.0036E-09 9.8185E-10 9.5634E-10 9.2458E-10 8.8705E-10 8.4655E-10 7.9940E-10 7.4733E-10 6.9339E-10 6.3920E-10 5.7963E-10
9.1197E-10 9.3189E-10 9.4599E-10 9.5312E-10 9.7561E-10 9.8627E-10 1.0025E-09 1.0248E-09 1.0417E-09 1.0565E-09 1.0718E-09 1.0871E-09 1.1013E-09 1.1122E-09 1.1229E-09 1.1341E-09 1.1390E-09 1.1458E-09 1.1512E-09 1.1500E-09 1.1527E-09 1.1523E-09 1.1488E-09 1.1458E-09 1.1400E-09 1.1353E-09 1.1280E-09 1.1212E-09 1.1114E-09 1.1047E-09 1.0915E-09 1.0797E-09 1.0676E-09 1.0436E-09 1.0304E-09 1.0176E-09 1.0176E-09 1.0086E-09 1.0002E-09 9.9224E-10 9.8239E-10 9.6861E-10 9.4390E-10 9.1070E-10 8.9544E-10 8.8283E-10 8.6787E-10 8.4868E-10 8.2533E-10 7.9593E-10 7.6167E-10 7.2455E-10 6.8247E-10 6.4001E-10 5.9505E-10 5.4613E-10 4.9686E-10
8.1192E-10 8.2399E-10 8.3100E-10 8.3959E-10 8.5906E-10 8.7016E-10 8.7939E-10 8.9646E-10 9.0938E-10 9.1934E-10 9.2857E-10 9.4240E-10 9.5061E-10 9.5989E-10 9.6587E-10 9.6724E-10 9.7238E-10 9.7571E-10 9.7253E-10 9.7378E-10 9.7396E-10 9.6781E-10 9.6635E-10 9.5849E-10 9.5600E-10 9.4851E-10 9.4344E-10 9.4001E-10 9.2855E-10 9.2375E-10 9.1490E-10 8.9846E-10 8.8815E-10 8.6965E-10 8.5637E-10 8.5350E-10 8.5321E-10 8.5250E-10 8.4177E-10 8.2414E-10 8.0783E-10 7.8499E-10 7.8126E-10 7.7507E-10 7.6663E-10 7.5402E-10 7.3746E-10 7.2109E-10 6.9940E-10 6.7556E-10 6.4752E-10 6.1493E-10 5.8084E-10 5.4383E-10 5.0284E-10 4.6122E-10 4.1728E-10
7.1134E-10 7.2668E-10 7.3450E-10 7.4092E-10 7.5385E-10 7.6140E-10 7.6886E-10 7.7871E-10 7.8758E-10 7.9444E-10 7.9803E-10 8.0578E-10 8.1214E-10 8.1359E-10 8.1694E-10 8.1690E-10 8.1621E-10 8.1589E-10 8.1749E-10 8.1087E-10 8.0956E-10 8.0769E-10 7.9836E-10 7.9608E-10 7.9360E-10 7.8425E-10 7.8217E-10 7.8002E-10 7.6985E-10 7.6670E-10 7.5447E-10 7.3958E-10 7.2862E-10 7.1500E-10 7.0448E-10 7.0647E-10 7.0478E-10 7.0310E-10 6.7858E-10 6.7075E-10 6.7127E-10 6.6964E-10 6.6591E-10 6.6013E-10 6.4979E-10 6.3563E-10 6.2506E-10 6.1130E-10 5.9511E-10 5.7444E-10 5.5031E-10 5.2275E-10 4.9179E-10 4.5924E-10 4.2464E-10 3.8740E-10 3.4998E-10
6.2069E-10 6.3732E-10 6.4447E-10 6.4914E-10 6.5953E-10 6.6172E-10 6.6605E-10 6.7329E-10 6.7538E-10 6.7868E-10 6.7968E-10 6.8072E-10 6.8329E-10 6.8028E-10 6.8040E-10 6.7796E-10 6.7879E-10 6.7493E-10 6.7072E-10 6.7126E-10 6.6885E-10 6.6376E-10 6.5672E-10 6.5455E-10 6.5255E-10 6.4375E-10 6.4291E-10 6.4206E-10 6.2564E-10 6.2101E-10 6.1184E-10 5.9271E-10 5.9040E-10 5.8437E-10 5.8113E-10 5.7206E-10 5.5868E-10 5.6403E-10 5.6761E-10 5.6940E-10 5.6940E-10 5.6762E-10 5.6408E-10 5.5355E-10 5.4574E-10 5.3886E-10 5.2914E-10 5.1839E-10 5.0378E-10 4.8615E-10 4.6556E-10 4.4306E-10 4.1540E-10 3.8735E-10 3.5633E-10 3.2478E-10 2.9303E-10
5.4457E-10 5.5122E-10 5.5987E-10 5.6385E-10 5.7208E-10 5.7215E-10 5.7263E-10 5.7306E-10 5.7653E-10 5.7668E-10 5.7600E-10 5.7594E-10 5.7086E-10 5.6727E-10 5.6604E-10 5.6285E-10 5.5544E-10 5.5512E-10 5.4946E-10 5.4633E-10 5.4344E-10 5.3855E-10 5.3637E-10 5.3457E-10 5.3074E-10 5.2184E-10 5.1869E-10 5.1583E-10 5.0545E-10 4.8869E-10 4.7814E-10 4.6702E-10 4.6204E-10 4.5407E-10 4.6062E-10 4.6657E-10 4.7188E-10 4.7576E-10 4.7815E-10 4.7906E-10 4.7848E-10 4.7535E-10 4.6637E-10 4.6238E-10 4.5731E-10 4.5158E-10 4.4278E-10 4.3308E-10 4.2084E-10 4.0595E-10 3.8934E-10 3.6905E-10 3.4619E-10 3.2070E-10 2.9473E-10 2.6856E-10 2.4231E-10
4.7305E-10 4.7919E-10 4.7950E-10 4.8509E-10 4.8631E-10 4.9147E-10 4.8891E-10 4.8742E-10 4.8580E-10 4.8516E-10 4.8273E-10 4.7851E-10 4.7446E-10 4.7118E-10 4.6324E-10 4.5986E-10 4.5634E-10 4.5028E-10 4.4497E-10 4.4054E-10 4.3496E-10 4.3230E-10 4.2735E-10 4.2582E-10 4.1757E-10 4.1525E-10 4.0904E-10 3.8463E-10 3.7390E-10 3.6171E-10 3.6575E-10 3.7102E-10 3.7604E-10 3.8083E-10 3.8620E-10 3.9090E-10 3.9486E-10 3.9763E-10 3.9917E-10 3.9949E-10 3.9478E-10 3.9026E-10 3.8809E-10 3.8467E-10 3.8004E-10 3.7425E-10 3.6770E-10 3.5876E-10 3.4963E-10 3.3719E-10 3.2237E-10 3.0530E-10 2.8599E-10 2.6473E-10 2.4317E-10 2.2155E-10 2.0003E-10
4.0250E-10 4.0885E-10 4.1278E-10 4.0965E-10 4.1269E-10 4.1159E-10 4.1372E-10 4.0970E-10 4.0420E-10 4.0184E-10 3.9503E-10 3.9152E-10 3.8579E-10 3.8141E-10 3.7489E-10 3.6814E-10 3.6125E-10 3.5652E-10 3.5014E-10 3.4363E-10 3.3750E-10 3.2862E-10 3.2402E-10 3.1032E-10 2.9666E-10 2.8343E-10 2.7818E-10 2.7988E-10 2.8228E-10 2.8725E-10 2.9098E-10 2.9395E-10 2.9714E-10 3.0025E-10 2.9947E-10 3.0245E-10 3.0452E-10 3.1023E-10 3.0994E-10 3.0375E-10 3.0300E-10 3.0153E-10 2.9908E-10 2.9568E-10 2.9136E-10 2.8617E-10 2.8015E-10 2.7326E-10 2.6531E-10 2.5540E-10 2.4352E-10 2.2964E-10 2.1415E-10 1.9835E-10 1.8240E-10 1.6650E-10 1.5013E-10
3.4021E-10 3.4375E-10 3.4642E-10 3.4666E-10 3.4444E-10 3.3942E-10 3.4217E-10 3.4034E-10 3.3561E-10 3.3076E-10 3.2265E-10 3.1846E-10 3.1411E-10 3.0509E-10 3.0055E-10 2.9369E-10 2.8680E-10 2.8016E-10 2.7072E-10 2.6178E-10 2.5734E-10 2.4851E-10 2.3892E-10 2.2048E-10 2.1476E-10 2.1627E-10 2.1925E-10 2.2495E-10 2.2929E-10 2.3245E-10 2.3857E-10 2.4047E-10 2.3822E-10 2.3779E-10 2.4024E-10 2.4210E-10 2.4746E-10 2.4372E-10 2.4201E-10 2.4194E-10 2.4109E-10 2.4349E-10 2.4115E-10 2.3804E-10 2.3420E-10 2.2966E-10 2.2448E-10 2.1913E-10 2.1181E-10 2.0404E-10 1.9536E-10 1.8331E-10 1.7047E-10 1.5727E-10 1.4405E-10 1.3033E-10 1.1693E-10
2.8866E-10 2.8588E-10 2.8116E-10 2.8712E-10 2.8499E-10 2.8261E-10 2.7599E-10 2.7688E-10 2.7320E-10 2.6767E-10 2.6142E-10 2.5484E-10 2.5012E-10 2.4112E-10 2.3647E-10 2.2977E-10 2.2057E-10 2.1193E-10 2.0893E-10 1.9617E-10 1.8471E-10 1.7267E-10 1.5911E-10 1.5256E-10 1.6516E-10 1.7082E-10 1.7571E-10 1.7970E-10 1.8218E-10 1.8766E-10 1.8890E-10 1.8363E-10 1.8158E-10 1.8328E-10 1.9251E-10 1.9172E-10 1.8844E-10 1.8927E-10 1.8948E-10 1.9274E-10 1.9178E-10 1.9020E-10 1.8801E-10 1.8524E-10 1.8422E-10 1.8029E-10 1.7576E-10 1.7070E-10 1.6518E-10 1.5893E-10 1.5061E-10 1.4178E-10 1.3144E-10 1.2125E-10 1.1049E-10 9.9936E-11 8.9687E-11
2.3716E-10 2.3908E-10 2.3472E-10 2.3072E-10 2.3057E-10 2.3091E-10 2.2805E-10 2.2101E-10 2.1827E-10 2.1332E-10 2.0980E-10 2.0337E-10 1.9464E-10 1.8566E-10 1.7888E-10 1.7282E-10 1.6188E-10 1.5451E-10 1.4878E-10 1.3291E-10 1.2124E-10 1.1212E-10 1.1968E-10 1.2424E-10 1.2849E-10 1.3225E-10 1.3506E-10 1.4419E-10 1.4548E-10 1.4334E-10 1.4031E-10 1.3851E-10 1.4315E-10 1.4371E-10 1.3879E-10 1.3977E-10 1.4030E-10 1.4405E-10 1.4716E-10 1.4645E-10 1.4526E-10 1.4361E-10 1.4151E-10 1.4119E-10 1.3815E-10 1.3464E-10 1.3072E-10 1.2643E-10 1.2236E-10 1.1656E-10 1.1025E-10 1.0275E-10 9.5360E-11 8.7333E-11 7.9533E-11 7.1926E-11 6.4258E-11
1.8626E-10 1.9406E-10 1.9192E-10 1.8930E-10 1.8466E-10 1.8342E-10 1.8140E-10 1.7562E-10 1.7173E-10 1.6594E-10 1.5757E-10 1.5080E-10 1.4679E-10 1.4093E-10 1.2783E-10 1.2076E-10 1.0895E-10 9.8768E-11 8.8811E-11 7.7447E-11 8.3329E-11 8.6528E-11 8.9603E-11 9.5707E-11 9.8468E-11 1.0405E-10 1.0566E-10 1.0671E-10 1.0398E-10 1.0163E-10 9.8693E-11 1.0610E-10 1.0074E-10 1.0147E-10 1.0203E-10 1.0237E-10 1.0578E-10 1.0552E-10 1.0491E-10 1.0396E-10 1.0268E-10 1.0634E-10 1.0439E-10 1.0205E-10 9.9360E-11 9.6347E-11 9.3063E-11 8.9286E-11 8.5165E-11 8.0976E-11 7.5933E-11 7.0917E-11 6.5295E-11 5.9994E-11 5.4637E-11 4.9162E-11 4.4004E-11
