Assets/Resources/2015_m01_d19_1300(utc+0800)_l00_csi_1hr_conc.grd
DSAA
         159         159
     -79.000      79.000
     -79.000      79.000
  0.0000E+00  0.8988E-06
[rows 75 to 99 of 159, columns 0 to 56 of 159]
2.0497E-14 3.5418E-13 1.0061E-12 1.4662E-12 1.6883E-12 3.6303E-12 4.7843E-12 7.1713E-12 7.8523E-12 1.0060E-11 1.2420E-11 1.7582E-11 2.4612E-11 3.0057E-11 3.8092E-11 9.1911E-11 1.1465E-10 1.3428E-10 1.5470E-10 2.0158E-10 2.3268E-10 3.1259E-10 3.6156E-10 4.1810E-10 4.7567E-10 5.2327E-10 5.9324E-10 6.7159E-10 7.8267E-10 8.9959E-10 1.0594E-09 1.2108E-09 1.3941E-09 1.5988E-09 1.8636E-09 2.1472E-09 2.4955E-09 2.8982E-09 3.3829E-09 3.9454E-09 4.5899E-09 5.3380E-09 6.1762E-09 7.1374E-09 8.1992E-09 9.3436E-09 1.0658E-08 1.2096E-08 1.3694E-08 1.5397E-08 1.7240E-08 1.9161E-08 2.1067E-08 2.3015E-08 2.4890E-08 2.6784E-08 2.8472E-08
0.0000E+00 6.3696E-15 3.1010E-13 9.5535E-13 1.4355E-12 1.6471E-12 3.4767E-12 4.5100E-12 6.9360E-12 7.6928E-12 8.3796E-12 1.1001E-11 1.5648E-11 2.2378E-11 2.6846E-11 3.4131E-11 4.8154E-11 1.0311E-10 1.2229E-10 1.4269E-10 1.8145E-10 2.1957E-10 2.4663E-10 2.8815E-10 3.6870E-10 4.4063E-10 4.8525E-10 5.5541E-10 6.2004E-10 7.3041E-10 8.3684E-10 9.6308E-10 1.0994E-09 1.2627E-09 1.4918E-09 1.7317E-09 2.0292E-09 2.3593E-09 2.7534E-09 3.2205E-09 3.7598E-09 4.3916E-09 5.1039E-09 5.9291E-09 6.8467E-09 7.8928E-09 9.0553E-09 1.0348E-08 1.1805E-08 1.3329E-08 1.5052E-08 1.6883E-08 1.8796E-08 2.0768E-08 2.2764E-08 2.4823E-08 2.6848E-08
0.0000E+00 0.0000E+00 0.0000E+00 2.4034E-13 8.4804E-13 1.3786E-12 1.6137E-12 3.3224E-12 4.1717E-12 6.6276E-12 7.5012E-12 8.0756E-12 1.0372E-11 1.3647E-11 1.9740E-11 2.4347E-11 3.0090E-11 4.2409E-11 5.0521E-11 1.0837E-10 1.2884E-10 1.6336E-10 2.0632E-10 2.2461E-10 2.6546E-10 2.9684E-10 3.5764E-10 4.5469E-10 5.1234E-10 5.8405E-10 6.7851E-10 7.9181E-10 9.1012E-10 1.0411E-09 1.2096E-09 1.4067E-09 1.6507E-09 1.9316E-09 2.2531E-09 2.6391E-09 3.0817E-09 3.6054E-09 4.1952E-09 4.8851E-09 5.6577E-09 6.5458E-09 7.5001E-09 8.6268E-09 9.9162E-09 1.1318E-08 1.2882E-08 1.4572E-08 1.6324E-08 1.8259E-08 2.0284E-08 2.2404E-08 2.4598E-08
0.0000E+00 0.0000E+00 0.0000E+00 0.0000E+00 1.6798E-13 7.0492E-13 1.2893E-12 1.5726E-12 3.1594E-12 3.7903E-12 4.8557E-12 7.1711E-12 7.8242E-12 9.8353E-12 1.1398E-11 1.6831E-11 2.1504E-11 2.5127E-11 3.7637E-11 4.7371E-11 5.8081E-11 7.8439E-11 1.3664E-10 1.8202E-10 2.0511E-10 2.4525E-10 2.7241E-10 3.2800E-10 3.7753E-10 4.4308E-10 5.0117E-10 5.8746E-10 6.9713E-10 8.5156E-10 1.0017E-09 1.1480E-09 1.3301E-09 1.5572E-09 1.8235E-09 2.1345E-09 2.4454E-09 2.8764E-09 3.3581E-09 3.9239E-09 4.5518E-09 5.2927E-09 6.1316E-09 7.0826E-09 8.1922E-09 9.3981E-09 1.0721E-08 1.2224E-08 1.3875E-08 1.5671E-08 1.7583E-08 1.9652E-08 2.1868E-08
0.0000E+00 0.0000E+00 0.0000E+00 0.0000E+00 0.0000E+00 7.7010E-14 5.2664E-13 1.1509E-12 1.5203E-12 1.6700E-12 3.4768E-12 4.3405E-12 6.7417E-12 7.5001E-12 9.4218E-12 1.0210E-11 1.2651E-11 1.7861E-11 2.2177E-11 3.3254E-11 4.1885E-11 4.6899E-11 6.9111E-11 8.2528E-11 1.2321E-10 1.9034E-10 2.2151E-10 2.5255E-10 2.8621E-10 3.4733E-10 4.1356E-10 4.7471E-10 5.4916E-10 6.3992E-10 7.6257E-10 8.9018E-10 1.0390E-09 1.2113E-09 1.4203E-09 1.6647E-09 1.9496E-09 2.2804E-09 2.6670E-09 3.1234E-09 3.6297E-09 4.2265E-09 4.8676E-09 5.6451E-09 6.5717E-09 7.5874E-09 8.7538E-09 1.0060E-08 1.1502E-08 1.3084E-08 1.4822E-08 1.6742E-08 1.8810E-08
0.0000E+00 0.0000E+00 0.0000E+00 0.0000E+00 0.0000E+00 0.0000E+00 1.4886E-14 3.3114E-13 9.3596E-13 1.4225E-12 1.6056E-12 3.2026E-12 3.8383E-12 6.1276E-12 7.0626E-12 7.6982E-12 9.6160E-12 1.0465E-11 1.4436E-11 1.7990E-11 2.8627E-11 3.7494E-11 4.0814E-11 6.3053E-11 7.2835E-11 1.0609E-10 1.3593E-10 1.6542E-10 1.8870E-10 2.6702E-10 3.1699E-10 3.7895E-10 4.4528E-10 5.1583E-10 5.9680E-10 7.0025E-10 8.2391E-10 9.6256E-10 1.1145E-09 1.3032E-09 1.5249E-09 1.7859E-09 2.0299E-09 2.3909E-09 2.7831E-09 3.2580E-09 3.8124E-09 4.4305E-09 5.1927E-09 6.0286E-09 6.9888E-09 8.0735E-09 9.2827E-09 1.0642E-08 1.2157E-08 1.3835E-08 1.5695E-08
0.0000E+00 0.0000E+00 0.0000E+00 0.0000E+00 0.0000E+00 0.0000E+00 0.0000E+00 0.0000E+00 1.4611E-13 6.6208E-13 1.2407E-12 1.5354E-12 3.0536E-12 3.3866E-12 4.1226E-12 6.4148E-12 7.2116E-12 9.1392E-12 9.7126E-12 1.0536E-11 1.4062E-11 2.4068E-11 3.3205E-11 3.7024E-11 5.3598E-11 6.7410E-11 8.4129E-11 1.1862E-10 1.4858E-10 1.8030E-10 2.0779E-10 2.5297E-10 3.0614E-10 3.6816E-10 4.4293E-10 5.1911E-10 6.0784E-10 7.1771E-10 8.4231E-10 9.7301E-10 1.1390E-09 1.3346E-09 1.5573E-09 1.8290E-09 2.1278E-09 2.4846E-09 2.9108E-09 3.3914E-09 3.9986E-09 4.6737E-09 5.4464E-09 6.3256E-09 7.3039E-09 8.4272E-09 9.6790E-09 1.1105E-08 1.2715E-08
0.0000E+00 0.0000E+00 0.0000E+00 0.0000E+00 0.0000E+00 0.0000E+00 0.0000E+00 0.0000E+00 0.0000E+00 1.7480E-14 3.5505E-13 9.2923E-13 1.4150E-12 1.5829E-12 3.1260E-12 3.5398E-12 5.6426E-12 6.5211E-12 7.2267E-12 9.1313E-12 9.7096E-12 1.0392E-11 1.9697E-11 2.7181E-11 3.3043E-11 4.8827E-11 6.3074E-11 7.8446E-11 1.0674E-10 1.3631E-10 1.6844E-10 1.9673E-10 2.2532E-10 2.6870E-10 3.3284E-10 4.0316E-10 4.6378E-10 5.4643E-10 6.4117E-10 7.5094E-10 8.6405E-10 1.0125E-09 1.1665E-09 1.3719E-09 1.5988E-09 1.8717E-09 2.1944E-09 2.5619E-09 3.0252E-09 3.5414E-09 4.1199E-09 4.8114E-09 5.5910E-09 6.4884E-09 7.5085E-09 8.6614E-09 9.9642E-09
0.0000E+00 0.0000E+00 0.0000E+00 0.0000E+00 0.0000E+00 0.0000E+00 0.0000E+00 0.0000E+00 0.0000E+00 0.0000E+00 0.0000E+00 8.9786E-14 5.5992E-13 1.1097E-12 1.4930E-12 1.6101E-12 3.1671E-12 3.6045E-12 5.6784E-12 6.4393E-12 7.1310E-12 8.9985E-12 9.5358E-12 1.8267E-11 2.3866E-11 2.7889E-11 4.5045E-11 5.7671E-11 7.0362E-11 8.9856E-11 1.1857E-10 1.5130E-10 1.8019E-10 2.0841E-10 2.4690E-10 3.0158E-10 3.6102E-10 4.1301E-10 4.8436E-10 5.6148E-10 6.5629E-10 7.6471E-10 8.7851E-10 1.0280E-09 1.1869E-09 1.3811E-09 1.6286E-09 1.9054E-09 2.2532E-09 2.6261E-09 3.0688E-09 3.5842E-09 4.1709E-09 4.8596E-09 5.6517E-09 6.5453E-09 7.5454E-09
0.0000E+00 0.0000E+00 0.0000E+00 0.0000E+00 0.0000E+00 0.0000E+00 0.0000E+00 0.0000E+00 0.0000E+00 0.0000E+00 0.0000E+00 0.0000E+00 0.0000E+00 1.6988E-13 6.7717E-13 1.1985E-12 1.5070E-12 3.0077E-12 3.1757E-12 3.5348E-12 5.5652E-12 6.2566E-12 6.9198E-12 8.7422E-12 1.6065E-11 2.1232E-11 2.6287E-11 3.3412E-11 5.2973E-11 6.4917E-11 7.4718E-11 9.9834E-11 1.3565E-10 1.6778E-10 1.8802E-10 2.2281E-10 2.6603E-10 3.1851E-10 3.6323E-10 4.2447E-10 4.8643E-10 5.6577E-10 6.5252E-10 7.6236E-10 8.8013E-10 1.0144E-09 1.1910E-09 1.3987E-09 1.6403E-09 1.9181E-09 2.2392E-09 2.6170E-09 3.0544E-09 3.5583E-09 4.1315E-09 4.7878E-09 5.5022E-09
0.0000E+00 0.0000E+00 0.0000E+00 0.0000E+00 0.0000E+00 0.0000E+00 0.0000E+00 0.0000E+00 0.0000E+00 0.0000E+00 0.0000E+00 0.0000E+00 0.0000E+00 0.0000E+00 0.0000E+00 2.1449E-13 7.0246E-13 1.1915E-12 1.5003E-12 2.9976E-12 3.1517E-12 3.3399E-12 5.3006E-12 5.9274E-12 6.5483E-12 1.5213E-11 2.0265E-11 2.3790E-11 3.1862E-11 4.8278E-11 6.0142E-11 7.0381E-11 8.6088E-11 1.1346E-10 1.4319E-10 1.6698E-10 1.9646E-10 2.2564E-10 2.7465E-10 3.1962E-10 3.6005E-10 4.2213E-10 4.8183E-10 5.5809E-10 6.5095E-10 7.4800E-10 8.7980E-10 1.0226E-09 1.1908E-09 1.3824E-09 1.6024E-09 1.8695E-09 2.1907E-09 2.5433E-09 2.9418E-09 3.3957E-09 3.8800E-09
0.0000E+00 0.0000E+00 0.0000E+00 0.0000E+00 0.0000E+00 0.0000E+00 0.0000E+00 0.0000E+00 0.0000E+00 0.0000E+00 0.0000E+00 0.0000E+00 0.0000E+00 0.0000E+00 0.0000E+00 0.0000E+00 0.0000E+00 1.7753E-13 6.3217E-13 1.0855E-12 1.4737E-12 2.9572E-12 3.0961E-12 3.2352E-12 4.9010E-12 5.4426E-12 1.2758E-11 1.9298E-11 2.2867E-11 2.9491E-11 4.6881E-11 5.8442E-11 6.3348E-11 7.5883E-11 9.7152E-11 1.2525E-10 1.4442E-10 1.7111E-10 1.9705E-10 2.3220E-10 2.6813E-10 3.1384E-10 3.6175E-10 4.1132E-10 4.7920E-10 5.4974E-10 6.3425E-10 7.3884E-10 8.5054E-10 9.9077E-10 1.1395E-09 1.3288E-09 1.5360E-09 1.7866E-09 2.0458E-09 2.3237E-09 2.6301E-09
0.0000E+00 0.0000E+00 0.0000E+00 0.0000E+00 0.0000E+00 0.0000E+00 0.0000E+00 0.0000E+00 0.0000E+00 0.0000E+00 0.0000E+00 0.0000E+00 0.0000E+00 0.0000E+00 0.0000E+00 0.0000E+00 0.0000E+00 0.0000E+00 0.0000E+00 4.4976E-14 4.6336E-13 8.7795E-13 1.2883E-12 1.5071E-12 3.0110E-12 3.1329E-12 3.2533E-12 1.1605E-11 1.6594E-11 2.0157E-11 2.8212E-11 3.7997E-11 4.9873E-11 6.2876E-11 7.1574E-11 7.9200E-11 1.0140E-10 1.2752E-10 1.4254E-10 1.6736E-10 1.9107E-10 2.2637E-10 2.6626E-10 3.0222E-10 3.5692E-10 4.1320E-10 4.6655E-10 5.2864E-10 6.0976E-10 6.9859E-10 8.1143E-10 9.2922E-10 1.0720E-09 1.2320E-09 1.3915E-09 1.5527E-09 1.7367E-09
0.0000E+00 0.0000E+00 0.0000E+00 0.0000E+00 0.0000E+00 0.0000E+00 0.0000E+00 0.0000E+00 0.0000E+00 0.0000E+00 0.0000E+00 0.0000E+00 0.0000E+00 0.0000E+00 0.0000E+00 0.0000E+00 0.0000E+00 0.0000E+00 0.0000E+00 0.0000E+00 0.0000E+00 0.0000E+00 1.9337E-13 5.6689E-13 9.3368E-13 1.2794E-12 2.8705E-12 3.0040E-12 7.5139E-12 1.1506E-11 1.9042E-11 2.5468E-11 3.4999E-11 4.8052E-11 5.9603E-11 6.3812E-11 7.4098E-11 9.4916E-11 1.0983E-10 1.2366E-10 1.4308E-10 1.6020E-10 1.9282E-10 2.1589E-10 2.5321E-10 2.9858E-10 3.4043E-10 3.8917E-10 4.3713E-10 4.9798E-10 5.7285E-10 6.5392E-10 7.3876E-10 8.3409E-10 9.2476E-10 1.0167E-09 1.1166E-09
0.0000E+00 0.0000E+00 0.0000E+00 0.0000E+00 0.0000E+00 0.0000E+00 0.0000E+00 0.0000E+00 0.0000E+00 0.0000E+00 0.0000E+00 0.0000E+00 0.0000E+00 0.0000E+00 0.0000E+00 0.0000E+00 0.0000E+00 0.0000E+00 0.0000E+00 0.0000E+00 0.0000E+00 0.0000E+00 0.0000E+00 0.0000E+00 1.0599E-14 1.8635E-13 4.7138E-13 7.8325E-13 1.0819E-12 7.0424E-12 9.7002E-12 1.7128E-11 2.3351E-11 2.7981E-11 4.0574E-11 5.6534E-11 6.0521E-11 7.1931E-11 8.2300E-11 9.8041E-11 1.1579E-10 1.2806E-10 1.3972E-10 1.6517E-10 1.8523E-10 2.0932E-10 2.4395E-10 2.8131E-10 3.2200E-10 3.6011E-10 4.1312E-10 4.6136E-10 5.1258E-10 5.6140E-10 6.2041E-10 6.6869E-10 7.1481E-10
0.0000E+00 0.0000E+00 0.0000E+00 0.0000E+00 0.0000E+00 0.0000E+00 0.0000E+00 0.0000E+00 0.0000E+00 0.0000E+00 0.0000E+00 0.0000E+00 0.0000E+00 0.0000E+00 0.0000E+00 0.0000E+00 0.0000E+00 0.0000E+00 0.0000E+00 0.0000E+00 0.0000E+00 0.0000E+00 0.0000E+00 0.0000E+00 0.0000E+00 0.0000E+00 0.0000E+00 0.0000E+00 9.3714E-14 2.4738E-13 4.4349E-13 7.3806E-12 1.4827E-11 1.8239E-11 2.5713E-11 3.5326E-11 4.6977E-11 5.9026E-11 6.8803E-11 7.4648E-11 9.2507E-11 9.9347E-11 1.1799E-10 1.3184E-10 1.4960E-10 1.6340E-10 1.8427E-10 2.0115E-10 2.2892E-10 2.6201E-10 2.9962E-10 3.3076E-10 3.5968E-10 3.8902E-10 4.1797E-10 4.4572E-10 4.6759E-10
0.0000E+00 0.0000E+00 0.0000E+00 0.0000E+00 0.0000E+00 0.0000E+00 0.0000E+00 0.0000E+00 0.0000E+00 0.0000E+00 0.0000E+00 0.0000E+00 0.0000E+00 0.0000E+00 0.0000E+00 0.0000E+00 0.0000E+00 0.0000E+00 0.0000E+00 0.0000E+00 0.0000E+00 0.0000E+00 0.0000E+00 0.0000E+00 0.0000E+00 0.0000E+00 0.0000E+00 0.0000E+00 0.0000E+00 0.0000E+00 0.0000E+00 3.5677E-15 4.4674E-12 9.6358E-12 1.5829E-11 2.3148E-11 2.8150E-11 4.1777E-11 5.5900E-11 6.1161E-11 6.9591E-11 8.1344E-11 9.3571E-11 9.8606E-11 1.1590E-10 1.3632E-10 1.5112E-10 1.6091E-10 1.7878E-10 1.9311E-10 2.1684E-10 2.4375E-10 2.6919E-10 2.8411E-10 2.9862E-10 3.1463E-10 3.2318E-10
0.0000E+00 0.0000E+00 0.0000E+00 0.0000E+00 0.0000E+00 0.0000E+00 0.0000E+00 0.0000E+00 0.0000E+00 0.0000E+00 0.0000E+00 0.0000E+00 0.0000E+00 0.0000E+00 0.0000E+00 0.0000E+00 0.0000E+00 0.0000E+00 0.0000E+00 0.0000E+00 0.0000E+00 0.0000E+00 0.0000E+00 0.0000E+00 0.0000E+00 0.0000E+00 0.0000E+00 0.0000E+00 0.0000E+00 0.0000E+00 0.0000E+00 0.0000E+00 0.0000E+00 0.0000E+00 9.3469E-12 1.5343E-11 1.8233E-11 2.4221E-11 3.4899E-11 4.3967E-11 5.6704E-11 6.1066E-11 7.2244E-11 8.4254E-11 9.3720E-11 1.0098E-10 1.1809E-10 1.3443E-10 1.5065E-10 1.5856E-10 1.6934E-10 1.8869E-10 2.0432E-10 2.2586E-10 2.3931E-10 2.5042E-10 2.6155E-10
0.0000E+00 0.0000E+00 0.0000E+00 0.0000E+00 0.0000E+00 0.0000E+00 0.0000E+00 0.0000E+00 0.0000E+00 0.0000E+00 0.0000E+00 0.0000E+00 0.0000E+00 0.0000E+00 0.0000E+00 0.0000E+00 0.0000E+00 0.0000E+00 0.0000E+00 0.0000E+00 0.0000E+00 0.0000E+00 0.0000E+00 0.0000E+00 0.0000E+00 0.0000E+00 0.0000E+00 0.0000E+00 0.0000E+00 0.0000E+00 0.0000E+00 0.0000E+00 0.0000E+00 0.0000E+00 0.0000E+00 6.9917E-12 1.0804E-11 1.7926E-11 2.3793E-11 3.1339E-11 4.2227E-11 4.5535E-11 5.9727E-11 7.0640E-11 8.2373E-11 8.6973E-11 9.7151E-11 1.0435E-10 1.2153E-10 1.3334E-10 1.5182E-10 1.5893E-10 1.7032E-10 1.8173E-10 1.9526E-10 2.0652E-10 2.2465E-10
0.0000E+00 0.0000E+00 0.0000E+00 0.0000E+00 0.0000E+00 0.0000E+00 0.0000E+00 0.0000E+00 0.0000E+00 0.0000E+00 0.0000E+00 0.0000E+00 0.0000E+00 0.0000E+00 0.0000E+00 0.0000E+00 0.0000E+00 0.0000E+00 0.0000E+00 0.0000E+00 0.0000E+00 0.0000E+00 0.0000E+00 0.0000E+00 0.0000E+00 0.0000E+00 0.0000E+00 0.0000E+00 0.0000E+00 0.0000E+00 0.0000E+00 0.0000E+00 0.0000E+00 0.0000E+00 0.0000E+00 0.0000E+00 2.5755E-12 8.3958E-12 1.6238E-11 1.9128E-11 2.7684E-11 3.7013E-11 4.4634E-11 4.9350E-11 5.9684E-11 7.4364E-11 8.4982E-11 9.0304E-11 1.0184E-10 1.0886E-10 1.2055E-10 1.3943E-10 1.4947E-10 1.6299E-10 1.6834E-10 1.7604E-10 1.8721E-10
0.0000E+00 0.0000E+00 0.0000E+00 0.0000E+00 0.0000E+00 0.0000E+00 0.0000E+00 0.0000E+00 0.0000E+00 0.0000E+00 0.0000E+00 0.0000E+00 0.0000E+00 0.0000E+00 0.0000E+00 0.0000E+00 0.0000E+00 0.0000E+00 0.0000E+00 0.0000E+00 0.0000E+00 0.0000E+00 0.0000E+00 0.0000E+00 0.0000E+00 0.0000E+00 0.0000E+00 0.0000E+00 0.0000E+00 0.0000E+00 0.0000E+00 0.0000E+00 0.0000E+00 0.0000E+00 0.0000E+00 0.0000E+00 0.0000E+00 2.5558E-12 8.2511E-12 9.4541E-12 1.8742E-11 2.5810E-11 3.4815E-11 3.9288E-11 4.6887E-11 5.1598E-11 6.4595E-11 7.4246E-11 8.8070E-11 9.3295E-11 1.0008E-10 1.1281E-10 1.2480E-10 1.3412E-10 1.5004E-10 1.5737E-10 1.6472E-10
0.0000E+00 0.0000E+00 0.0000E+00 0.0000E+00 0.0000E+00 0.0000E+00 0.0000E+00 0.0000E+00 0.0000E+00 0.0000E+00 0.0000E+00 0.0000E+00 0.0000E+00 0.0000E+00 0.0000E+00 0.0000E+00 0.0000E+00 0.0000E+00 0.0000E+00 0.0000E+00 0.0000E+00 0.0000E+00 0.0000E+00 0.0000E+00 0.0000E+00 0.0000E+00 0.0000E+00 0.0000E+00 0.0000E+00 0.0000E+00 0.0000E+00 0.0000E+00 0.0000E+00 0.0000E+00 0.0000E+00 0.0000E+00 0.0000E+00 0.0000E+00 2.5325E-12 3.8749E-12 9.2803E-12 1.1862E-11 1.9826E-11 2.9557E-11 3.8432E-11 4.1428E-11 5.0399E-11 5.4994E-11 6.4822E-11 7.7733E-11 8.7476E-11 9.5115E-11 1.0242E-10 1.1218E-10 1.2176E-10 1.3386E-10 1.4699E-10
0.0000E+00 0.0000E+00 0.0000E+00 0.0000E+00 0.0000E+00 0.0000E+00 0.0000E+00 0.0000E+00 0.0000E+00 0.0000E+00 0.0000E+00 0.0000E+00 0.0000E+00 0.0000E+00 0.0000E+00 0.0000E+00 0.0000E+00 0.0000E+00 0.0000E+00 0.0000E+00 0.0000E+00 0.0000E+00 0.0000E+00 0.0000E+00 0.0000E+00 0.0000E+00 0.0000E+00 0.0000E+00 0.0000E+00 0.0000E+00 0.0000E+00 0.0000E+00 0.0000E+00 0.0000E+00 0.0000E+00 0.0000E+00 0.0000E+00 0.0000E+00 0.0000E+00 0.0000E+00 3.8342E-12 4.8661E-12 1.0284E-11 1.2895E-11 2.3469E-11 3.0648E-11 4.0455E-11 4.3418E-11 4.7075E-11 5.8787E-11 6.7603E-11 7.5140E-11 8.9159E-11 9.4844E-11 1.0575E-10 1.1267E-10 1.1742E-10
0.0000E+00 0.0000E+00 0.0000E+00 0.0000E+00 0.0000E+00 0.0000E+00 0.0000E+00 0.0000E+00 0.0000E+00 0.0000E+00 0.0000E+00 0.0000E+00 0.0000E+00 0.0000E+00 0.0000E+00 0.0000E+00 0.0000E+00 0.0000E+00 0.0000E+00 0.0000E+00 0.0000E+00 0.0000E+00 0.0000E+00 0.0000E+00 0.0000E+00 0.0000E+00 0.0000E+00 0.0000E+00 0.0000E+00 0.0000E+00 0.0000E+00 0.0000E+00 0.0000E+00 0.0000E+00 0.0000E+00 0.0000E+00 0.0000E+00 0.0000E+00 0.0000E+00 0.0000E+00 0.0000E+00 2.5675E-12 4.8072E-12 5.8493E-12 1.2630E-11 1.3890E-11 2.5738E-11 3.4012E-11 4.1456E-11 4.3600E-11 4.9371E-11 5.5194E-11 6.4895E-11 7.4493E-11 8.6647E-11 9.7539E-11 1.0449E-10
0.0000E+00 0.0000E+00 0.0000E+00 0.0000E+00 0.0000E+00 0.0000E+00 0.0000E+00 0.0000E+00 0.0000E+00 0.0000E+00 0.0000E+00 0.0000E+00 0.0000E+00 0.0000E+00 0.0000E+00 0.0000E+00 0.0000E+00 0.0000E+00 0.0000E+00 0.0000E+00 0.0000E+00 0.0000E+00 0.0000E+00 0.0000E+00 0.0000E+00 0.0000E+00 0.0000E+00 0.0000E+00 0.0000E+00 0.0000E+00 0.0000E+00 0.0000E+00 0.0000E+00 0.0000E+00 0.0000E+00 0.0000E+00 0.0000E+00 0.0000E+00 0.0000E+00 0.0000E+00 0.0000E+00 0.0000E+00 1.2548E-12 3.8718E-12 4.9102E-12 5.9713E-12 8.4471E-12 1.6145E-11 2.4554E-11 3.0765E-11 4.2405E-11 4.6722E-11 5.1038E-11 5.7764E-11 6.1117E-11 7.1383E-11 8.2434E-11
