Assets/Resources/2015_m01_d29_1300(utc+0800)_l00_csi_1hr_conc.grd
DSAA
         159         159
     -79.000      79.000
     -79.000      79.000
  0.0000E+00  0.1283E-05
[rows 0 to 24 of 159, columns 57 to 113 of 159]
4.2874E-10 4.4389E-10 4.5889E-10 4.7449E-10 4.8992E-10 5.0538E-10 5.2095E-10 5.3652E-10 5.5205E-10 5.6730E-10 5.8279E-10 5.9819E-10 6.1318E-10 6.2803E-10 6.4304E-10 6.5756E-10 6.7220E-10 6.8598E-10 6.9983E-10 7.1375E-10 7.2739E-10 7.4042E-10 7.5311E-10 7.6581E-10 7.7816E-10 7.8981E-10 8.0108E-10 8.1192E-10 8.2266E-10 8.3264E-10 8.4218E-10 8.5125E-10 8.5985E-10 8.6828E-10 8.7594E-10 8.8313E-10 8.8986E-10 8.9612E-10 9.0195E-10 9.0706E-10 9.1235E-10 9.1693E-10 9.2106E-10 9.2480E-10 9.2810E-10 9.3068E-10 9.3280E-10 9.3477E-10 9.3659E-10 9.3764E-10 9.3851E-10 9.3834E-10 9.3770E-10 9.3660E-10 9.3505E-10 9.3304E-10 9.3058E-10
4.4107E-10 4.5694E-10 4.7268E-10 4.8853E-10 5.0444E-10 5.2049E-10 5.3655E-10 5.5262E-10 5.6842E-10 5.8449E-10 6.0050E-10 6.1612E-10 6.3162E-10 6.4730E-10 6.6282E-10 6.7786E-10 6.9269E-10 7.0761E-10 7.2229E-10 7.3640E-10 7.5021E-10 7.6370E-10 7.7721E-10 7.9007E-10 8.0256E-10 8.1465E-10 8.2665E-10 8.3822E-10 8.4905E-10 8.5943E-10 8.6935E-10 8.7908E-10 8.8808E-10 8.9658E-10 9.0458E-10 9.1209E-10 9.1913E-10 9.2573E-10 9.3187E-10 9.3758E-10 9.4282E-10 9.4765E-10 9.5202E-10 9.5568E-10 9.5920E-10 9.6226E-10 9.6516E-10 9.6727E-10 9.6890E-10 9.6975E-10 9.7011E-10 9.6997E-10 9.6935E-10 9.6891E-10 9.6798E-10 9.6658E-10 9.6412E-10
4.5392E-10 4.7002E-10 4.8627E-10 5.0260E-10 5.1910E-10 5.3565E-10 5.5223E-10 5.6856E-10 5.8520E-10 6.0179E-10 6.1803E-10 6.3416E-10 6.5051E-10 6.6672E-10 6.8247E-10 6.9802E-10 7.1370E-10 7.2915E-10 7.4404E-10 7.5864E-10 7.7329E-10 7.8762E-10 8.0132E-10 8.1464E-10 8.2759E-10 8.4043E-10 8.5257E-10 8.6427E-10 8.7553E-10 8.8631E-10 8.9695E-10 9.0682E-10 9.1619E-10 9.2534E-10 9.3369E-10 9.4158E-10 9.4899E-10 9.5590E-10 9.6236E-10 9.6836E-10 9.7388E-10 9.7868E-10 9.8365E-10 9.8785E-10 9.9159E-10 9.9483E-10 9.9759E-10 9.9957E-10 1.0010E-09 1.0023E-09 1.0033E-09 1.0036E-09 1.0037E-09 1.0026E-09 1.0011E-09 9.9908E-10 9.9656E-10
4.6653E-10 4.8314E-10 4.9987E-10 5.1680E-10 5.3380E-10 5.5086E-10 5.6770E-10 5.8489E-10 6.0205E-10 6.1889E-10 6.3564E-10 6.5264E-10 6.6953E-10 6.8598E-10 7.0224E-10 7.1867E-10 7.3488E-10 7.5056E-10 7.6596E-10 7.8143E-10 7.9660E-10 8.1114E-10 8.2533E-10 8.3944E-10 8.5317E-10 8.6619E-10 8.7878E-10 8.9093E-10 9.0292E-10 9.1419E-10 9.2498E-10 9.3525E-10 9.4502E-10 9.5457E-10 9.6334E-10 9.7159E-10 9.7935E-10 9.8661E-10 9.9338E-10 9.9972E-10 1.0056E-09 1.0110E-09 1.0159E-09 1.0206E-09 1.0243E-09 1.0275E-09 1.0304E-09 1.0329E-09 1.0351E-09 1.0365E-09 1.0373E-09 1.0374E-09 1.0369E-09 1.0359E-09 1.0343E-09 1.0329E-09 1.0310E-09
4.7916E-10 4.9625E-10 5.1357E-10 5.3100E-10 5.4852E-10 5.6585E-10 5.8355E-10 6.0126E-10 6.1867E-10 6.3636E-10 6.5399E-10 6.7121E-10 6.8835E-10 7.0566E-10 7.2282E-10 7.3979E-10 7.5591E-10 7.7246E-10 7.8874E-10 8.0475E-10 8.1981E-10 8.3487E-10 8.4987E-10 8.6450E-10 8.7842E-10 8.9193E-10 9.0530E-10 9.1823E-10 9.3043E-10 9.4214E-10 9.5336E-10 9.6437E-10 9.7459E-10 9.8427E-10 9.9344E-10 1.0021E-09 1.0102E-09 1.0179E-09 1.0250E-09 1.0317E-09 1.0379E-09 1.0438E-09 1.0488E-09 1.0532E-09 1.0577E-09 1.0614E-09 1.0646E-09 1.0675E-09 1.0693E-09 1.0705E-09 1.0711E-09 1.0716E-09 1.0718E-09 1.0711E-09 1.0702E-09 1.0682E-09 1.0657E-09
4.9152E-10 5.0944E-10 5.2726E-10 5.4520E-10 5.6299E-10 5.8118E-10 5.9941E-10 6.1737E-10 6.3564E-10 6.5388E-10 6.7206E-10 6.8954E-10 7.0756E-10 7.2544E-10 7.4316E-10 7.6037E-10 7.7771E-10 7.9451E-10 8.1136E-10 8.2760E-10 8.4381E-10 8.5970E-10 8.7492E-10 8.8976E-10 9.0418E-10 9.1824E-10 9.3212E-10 9.4528E-10 9.5796E-10 9.7014E-10 9.8213E-10 9.9333E-10 1.0040E-09 1.0141E-09 1.0240E-09 1.0330E-09 1.0416E-09 1.0496E-09 1.0572E-09 1.0642E-09 1.0707E-09 1.0768E-09 1.0823E-09 1.0873E-09 1.0921E-09 1.0960E-09 1.0991E-09 1.1016E-09 1.1038E-09 1.1055E-09 1.1069E-09 1.1075E-09 1.1074E-09 1.1065E-09 1.1051E-09 1.1030E-09 1.1005E-09
5.0441E-10 5.2259E-10 5.4091E-10 5.5912E-10 5.7777E-10 5.9649E-10 6.1497E-10 6.3380E-10 6.5263E-10 6.7142E-10 6.8987E-10 7.0825E-10 7.2684E-10 7.4529E-10 7.6326E-10 7.8139E-10 7.9931E-10 8.1668E-10 8.3378E-10 8.5088E-10 8.6766E-10 8.8380E-10 8.9956E-10 9.1523E-10 9.3050E-10 9.4509E-10 9.5922E-10 9.7288E-10 9.8637E-10 9.9909E-10 1.0113E-09 1.0230E-09 1.0341E-09 1.0449E-09 1.0550E-09 1.0645E-09 1.0735E-09 1.0819E-09 1.0898E-09 1.0973E-09 1.1042E-09 1.1106E-09 1.1167E-09 1.1220E-09 1.1265E-09 1.1304E-09 1.1343E-09 1.1373E-09 1.1398E-09 1.1419E-09 1.1428E-09 1.1432E-09 1.1429E-09 1.1420E-09 1.1416E-09 1.1406E-09 1.1385E-09
5.1700E-10 5.3568E-10 5.5427E-10 5.7334E-10 5.9251E-10 6.1148E-10 6.3083E-10 6.5022E-10 6.6960E-10 6.8866E-10 7.0770E-10 7.2698E-10 7.4614E-10 7.6486E-10 7.8377E-10 8.0248E-10 8.2068E-10 8.3863E-10 8.5660E-10 8.7429E-10 8.9134E-10 9.0804E-10 9.2466E-10 9.4091E-10 9.5648E-10 9.7161E-10 9.8658E-10 1.0011E-09 1.0148E-09 1.0281E-09 1.0408E-09 1.0532E-09 1.0649E-09 1.0759E-09 1.0864E-09 1.0964E-09 1.1058E-09 1.1147E-09 1.1231E-09 1.1309E-09 1.1382E-09 1.1450E-09 1.1511E-09 1.1568E-09 1.1619E-09 1.1663E-09 1.1705E-09 1.1737E-09 1.1760E-09 1.1777E-09 1.1788E-09 1.1803E-09 1.1811E-09 1.1808E-09 1.1800E-09 1.1780E-09 1.1755E-09
5.2927E-10 5.4845E-10 5.6789E-10 5.8719E-10 6.0690E-10 6.2674E-10 6.4665E-10 6.6659E-10 6.8624E-10 7.0591E-10 7.2584E-10 7.4570E-10 7.6514E-10 7.8480E-10 8.0431E-10 8.2332E-10 8.4239E-10 8.6094E-10 8.7952E-10 8.9748E-10 9.1511E-10 9.3270E-10 9.4993E-10 9.6649E-10 9.8262E-10 9.9862E-10 1.0142E-09 1.0290E-09 1.0433E-09 1.0570E-09 1.0706E-09 1.0833E-09 1.0954E-09 1.1070E-09 1.1180E-09 1.1287E-09 1.1387E-09 1.1480E-09 1.1568E-09 1.1651E-09 1.1728E-09 1.1799E-09 1.1865E-09 1.1928E-09 1.1982E-09 1.2029E-09 1.2067E-09 1.2099E-09 1.2134E-09 1.2158E-09 1.2175E-09 1.2191E-09 1.2191E-09 1.2185E-09 1.2172E-09 1.2153E-09 1.2128E-09
5.4168E-10 5.6117E-10 5.8113E-10 6.0125E-10 6.2154E-10 6.4193E-10 6.6239E-10 6.8260E-10 7.0286E-10 7.2343E-10 7.4395E-10 7.6443E-10 7.8448E-10 8.0474E-10 8.2455E-10 8.4445E-10 8.6414E-10 8.8359E-10 9.0245E-10 9.2104E-10 9.3958E-10 9.5778E-10 9.7533E-10 9.9247E-10 1.0092E-09 1.0258E-09 1.0417E-09 1.0571E-09 1.0722E-09 1.0869E-09 1.1007E-09 1.1139E-09 1.1266E-09 1.1390E-09 1.1506E-09 1.1615E-09 1.1720E-09 1.1818E-09 1.1910E-09 1.1998E-09 1.2079E-09 1.2158E-09 1.2227E-09 1.2291E-09 1.2345E-09 1.2397E-09 1.2443E-09 1.2487E-09 1.2520E-09 1.2546E-09 1.2560E-09 1.2568E-09 1.2569E-09 1.2564E-09 1.2562E-09 1.2554E-09 1.2539E-09
5.5377E-10 5.7407E-10 5.9455E-10 6.1524E-10 6.3607E-10 6.5701E-10 6.7743E-10 6.9856E-10 7.1972E-10 7.4087E-10 7.6202E-10 7.8311E-10 8.0377E-10 8.2435E-10 8.4506E-10 8.6558E-10 8.8590E-10 9.0565E-10 9.2543E-10 9.4465E-10 9.6383E-10 9.8237E-10 1.0008E-09 1.0189E-09 1.0363E-09 1.0532E-09 1.0697E-09 1.0859E-09 1.1014E-09 1.1164E-09 1.1308E-09 1.1446E-09 1.1581E-09 1.1708E-09 1.1829E-09 1.1944E-09 1.2053E-09 1.2160E-09 1.2258E-09 1.2350E-09 1.2436E-09 1.2515E-09 1.2589E-09 1.2658E-09 1.2726E-09 1.2781E-09 1.2830E-09 1.2873E-09 1.2903E-09 1.2927E-09 1.2948E-09 1.2963E-09 1.2976E-09 1.2977E-09 1.2971E-09 1.2954E-09 1.2929E-09
5.6602E-10 5.8683E-10 6.0788E-10 6.2910E-10 6.5016E-10 6.7138E-10 6.9302E-10 7.1473E-10 7.3647E-10 7.5826E-10 7.8001E-10 8.0138E-10 8.2270E-10 8.4419E-10 8.6552E-10 8.8668E-10 9.0731E-10 9.2800E-10 9.4843E-10 9.6829E-10 9.8783E-10 1.0073E-09 1.0264E-09 1.0449E-09 1.0629E-09 1.0808E-09 1.0981E-09 1.1148E-09 1.1309E-09 1.1464E-09 1.1617E-09 1.1762E-09 1.1900E-09 1.2033E-09 1.2159E-09 1.2283E-09 1.2398E-09 1.2507E-09 1.2610E-09 1.2707E-09 1.2797E-09 1.2883E-09 1.2968E-09 1.3041E-09 1.3108E-09 1.3167E-09 1.3215E-09 1.3255E-09 1.3299E-09 1.3330E-09 1.3354E-09 1.3375E-09 1.3380E-09 1.3378E-09 1.3368E-09 1.3351E-09 1.3327E-09
5.7811E-10 5.9947E-10 6.2042E-10 6.4220E-10 6.6414E-10 6.8625E-10 7.0847E-10 7.3076E-10 7.5314E-10 7.7552E-10 7.9757E-10 8.1959E-10 8.4182E-10 8.6394E-10 8.8592E-10 9.0740E-10 9.2898E-10 9.5032E-10 9.7114E-10 9.9165E-10 1.0121E-09 1.0323E-09 1.0518E-09 1.0709E-09 1.0899E-09 1.1084E-09 1.1262E-09 1.1434E-09 1.1605E-09 1.1767E-09 1.1923E-09 1.2074E-09 1.2218E-09 1.2360E-09 1.2496E-09 1.2623E-09 1.2743E-09 1.2858E-09 1.2966E-09 1.3070E-09 1.3168E-09 1.3264E-09 1.3348E-09 1.3425E-09 1.3491E-09 1.3555E-09 1.3611E-09 1.3660E-09 1.3706E-09 1.3740E-09 1.3762E-09 1.3775E-09 1.3782E-09 1.3786E-09 1.3783E-09 1.3777E-09 1.3760E-09
5.8943E-10 6.1132E-10 6.3343E-10 6.5575E-10 6.7828E-10 7.0096E-10 7.2375E-10 7.4668E-10 7.6932E-10 7.9201E-10 8.1502E-10 8.3796E-10 8.6083E-10 8.8359E-10 9.0589E-10 9.2833E-10 9.5057E-10 9.7232E-10 9.9409E-10 1.0153E-09 1.0365E-09 1.0570E-09 1.0772E-09 1.0973E-09 1.1169E-09 1.1359E-09 1.1543E-09 1.1725E-09 1.1902E-09 1.2071E-09 1.2234E-09 1.2391E-09 1.2545E-09 1.2691E-09 1.2830E-09 1.2962E-09 1.3089E-09 1.3214E-09 1.3331E-09 1.3440E-09 1.3543E-09 1.3639E-09 1.3728E-09 1.3811E-09 1.3886E-09 1.3959E-09 1.4019E-09 1.4071E-09 1.4111E-09 1.4142E-09 1.4172E-09 1.4193E-09 1.4212E-09 1.4218E-09 1.4216E-09 1.4202E-09 1.4180E-09
6.0121E-10 6.2361E-10 6.4624E-10 6.6915E-10 6.9223E-10 7.1548E-10 7.3890E-10 7.6177E-10 7.8536E-10 8.0899E-10 8.3260E-10 8.5617E-10 8.7968E-10 9.0278E-10 9.2605E-10 9.4915E-10 9.7180E-10 9.9452E-10 1.0170E-09 1.0389E-09 1.0605E-09 1.0820E-09 1.1032E-09 1.1237E-09 1.1437E-09 1.1634E-09 1.1828E-09 1.2017E-09 1.2199E-09 1.2374E-09 1.2547E-09 1.2714E-09 1.2872E-09 1.3024E-09 1.3169E-09 1.3313E-09 1.3448E-09 1.3577E-09 1.3699E-09 1.3814E-09 1.3923E-09 1.4025E-09 1.4120E-09 1.4207E-09 1.4292E-09 1.4364E-09 1.4423E-09 1.4474E-09 1.4522E-09 1.4568E-09 1.4600E-09 1.4624E-09 1.4640E-09 1.4643E-09 1.4638E-09 1.4624E-09 1.4608E-09
6.1276E-10 6.3567E-10 6.5888E-10 6.8233E-10 7.0567E-10 7.2917E-10 7.5319E-10 7.7732E-10 8.0152E-10 8.2575E-10 8.4999E-10 8.7420E-10 8.9805E-10 9.2211E-10 9.4578E-10 9.6957E-10 9.9319E-10 1.0166E-09 1.0398E-09 1.0621E-09 1.0847E-09 1.1070E-09 1.1288E-09 1.1501E-09 1.1709E-09 1.1915E-09 1.2114E-09 1.2307E-09 1.2496E-09 1.2681E-09 1.2862E-09 1.3033E-09 1.3197E-09 1.3356E-09 1.3513E-09 1.3661E-09 1.3803E-09 1.3938E-09 1.4067E-09 1.4193E-09 1.4308E-09 1.4416E-09 1.4516E-09 1.4609E-09 1.4693E-09 1.4770E-09 1.4839E-09 1.4899E-09 1.4951E-09 1.4995E-09 1.5030E-09 1.5052E-09 1.5065E-09 1.5081E-09 1.5083E-09 1.5081E-09 1.5067E-09
6.2377E-10 6.4723E-10 6.7065E-10 6.9465E-10 7.1886E-10 7.4331E-10 7.6791E-10 7.9263E-10 8.1744E-10 8.4229E-10 8.6716E-10 8.9171E-10 9.1625E-10 9.4098E-10 9.6560E-10 9.9010E-10 1.0144E-09 1.0385E-09 1.0621E-09 1.0855E-09 1.1088E-09 1.1318E-09 1.1542E-09 1.1764E-09 1.1982E-09 1.2194E-09 1.2400E-09 1.2604E-09 1.2797E-09 1.2990E-09 1.3174E-09 1.3352E-09 1.3530E-09 1.3701E-09 1.3862E-09 1.4017E-09 1.4166E-09 1.4313E-09 1.4448E-09 1.4577E-09 1.4698E-09 1.4811E-09 1.4917E-09 1.5016E-09 1.5106E-09 1.5187E-09 1.5260E-09 1.5325E-09 1.5381E-09 1.5423E-09 1.5462E-09 1.5498E-09 1.5519E-09 1.5532E-09 1.5559E-09 1.5596E-09 1.5624E-09
6.3453E-10 6.5853E-10 6.8281E-10 7.0734E-10 7.3217E-10 7.5718E-10 7.8237E-10 8.0768E-10 8.3310E-10 8.5858E-10 8.8351E-10 9.0903E-10 9.3450E-10 9.5991E-10 9.8524E-10 1.0104E-09 1.0355E-09 1.0600E-09 1.0844E-09 1.1087E-09 1.1328E-09 1.1563E-09 1.1797E-09 1.2027E-09 1.2250E-09 1.2469E-09 1.2686E-09 1.2897E-09 1.3101E-09 1.3299E-09 1.3491E-09 1.3682E-09 1.3864E-09 1.4039E-09 1.4208E-09 1.4376E-09 1.4537E-09 1.4686E-09 1.4829E-09 1.4964E-09 1.5091E-09 1.5212E-09 1.5324E-09 1.5428E-09 1.5523E-09 1.5610E-09 1.5688E-09 1.5758E-09 1.5818E-09 1.5870E-09 1.5912E-09 1.5969E-09 1.6040E-09 1.6075E-09 1.6101E-09 1.6120E-09 1.6108E-09
6.4538E-10 6.6988E-10 6.9468E-10 7.1980E-10 7.4519E-10 7.7077E-10 7.9654E-10 8.2214E-10 8.4790E-10 8.7402E-10 9.0018E-10 9.2635E-10 9.5249E-10 9.7861E-10 1.0046E-09 1.0305E-09 1.0557E-09 1.0813E-09 1.1067E-09 1.1318E-09 1.1564E-09 1.1809E-09 1.2051E-09 1.2286E-09 1.2517E-09 1.2746E-09 1.2971E-09 1.3188E-09 1.3399E-09 1.3610E-09 1.3815E-09 1.4011E-09 1.4201E-09 1.4384E-09 1.4566E-09 1.4737E-09 1.4901E-09 1.5058E-09 1.5207E-09 1.5355E-09 1.5490E-09 1.5617E-09 1.5735E-09 1.5845E-09 1.5946E-09 1.6039E-09 1.6122E-09 1.6197E-09 1.6285E-09 1.6364E-09 1.6435E-09 1.6493E-09 1.6562E-09 1.6581E-09 1.6591E-09 1.6591E-09 1.6582E-09
6.5562E-10 6.8062E-10 7.0598E-10 7.3165E-10 7.5727E-10 7.8344E-10 8.0981E-10 8.3634E-10 8.6300E-10 8.8975E-10 9.1655E-10 9.4338E-10 9.7023E-10 9.9704E-10 1.0238E-09 1.0498E-09 1.0764E-09 1.1027E-09 1.1288E-09 1.1544E-09 1.1800E-09 1.2054E-09 1.2300E-09 1.2543E-09 1.2785E-09 1.3023E-09 1.3253E-09 1.3478E-09 1.3703E-09 1.3922E-09 1.4132E-09 1.4336E-09 1.4539E-09 1.4736E-09 1.4921E-09 1.5100E-09 1.5272E-09 1.5432E-09 1.5595E-09 1.5745E-09 1.5887E-09 1.6025E-09 1.6150E-09 1.6267E-09 1.6375E-09 1.6473E-09 1.6585E-09 1.6689E-09 1.6784E-09 1.6886E-09 1.6958E-09 1.7000E-09 1.7033E-09 1.7055E-09 1.7068E-09 1.7071E-09 1.7064E-09
6.6554E-10 6.9105E-10 7.1696E-10 7.4318E-10 7.6967E-10 7.9641E-10 8.2336E-10 8.5050E-10 8.7776E-10 9.0514E-10 9.3259E-10 9.6012E-10 9.8766E-10 1.0146E-09 1.0421E-09 1.0695E-09 1.0967E-09 1.1238E-09 1.1504E-09 1.1771E-09 1.2035E-09 1.2293E-09 1.2548E-09 1.2802E-09 1.3053E-09 1.3296E-09 1.3534E-09 1.3772E-09 1.4005E-09 1.4230E-09 1.4449E-09 1.4667E-09 1.4878E-09 1.5079E-09 1.5273E-09 1.5460E-09 1.5646E-09 1.5819E-09 1.5985E-09 1.6143E-09 1.6292E-09 1.6438E-09 1.6571E-09 1.6694E-09 1.6831E-09 1.6960E-09 1.7080E-09 1.7186E-09 1.7304E-09 1.7371E-09 1.7428E-09 1.7475E-09 1.7511E-09 1.7537E-09 1.7553E-09 1.7559E-09 1.7554E-09
6.7545E-10 7.0151E-10 7.2793E-10 7.5468E-10 7.8172E-10 8.0903E-10 8.3656E-10 8.6429E-10 8.9217E-10 9.1992E-10 9.4833E-10 9.7596E-10 1.0042E-09 1.0324E-09 1.0606E-09 1.0887E-09 1.1167E-09 1.1443E-09 1.1720E-09 1.1992E-09 1.2264E-09 1.2534E-09 1.2797E-09 1.3059E-09 1.3315E-09 1.3571E-09 1.3823E-09 1.4065E-09 1.4304E-09 1.4538E-09 1.4771E-09 1.4998E-09 1.5214E-09 1.5423E-09 1.5631E-09 1.5833E-09 1.6022E-09 1.6204E-09 1.6377E-09 1.6548E-09 1.6706E-09 1.6855E-09 1.7018E-09 1.7172E-09 1.7318E-09 1.7450E-09 1.7573E-09 1.7687E-09 1.7770E-09 1.7842E-09 1.7904E-09 1.7956E-09 1.7997E-09 1.8027E-09 1.8046E-09 1.8055E-09 1.8053E-09
6.8506E-10 7.1130E-10 7.3823E-10 7.6581E-10 7.9308E-10 8.2096E-10 8.4910E-10 8.7743E-10 9.0566E-10 9.3431E-10 9.6313E-10 9.9201E-10 1.0209E-09 1.0499E-09 1.0788E-09 1.1077E-09 1.1362E-09 1.1645E-09 1.1930E-09 1.2213E-09 1.2493E-09 1.2768E-09 1.3043E-09 1.3311E-09 1.3580E-09 1.3845E-09 1.4106E-09 1.4359E-09 1.4607E-09 1.4855E-09 1.5097E-09 1.5324E-09 1.5549E-09 1.5773E-09 1.5991E-09 1.6196E-09 1.6394E-09 1.6585E-09 1.6772E-09 1.6947E-09 1.7136E-09 1.7317E-09 1.7489E-09 1.7653E-09 1.7803E-09 1.7943E-09 1.8053E-09 1.8153E-09 1.8242E-09 1.8320E-09 1.8388E-09 1.8444E-09 1.8489E-09 1.8523E-09 1.8547E-09 1.8559E-09 1.8574E-09
6.9366E-10 7.2071E-10 7.4844E-10 7.7596E-10 8.0410E-10 8.3254E-10 8.6124E-10 8.9017E-10 9.1930E-10 9.4864E-10 9.7810E-10 1.0077E-09 1.0373E-09 1.0670E-09 1.0966E-09 1.1257E-09 1.1552E-09 1.1847E-09 1.2140E-09 1.2431E-09 1.2716E-09 1.3003E-09 1.3283E-09 1.3565E-09 1.3843E-09 1.4117E-09 1.4384E-09 1.4651E-09 1.4909E-09 1.5166E-09 1.5413E-09 1.5654E-09 1.5894E-09 1.6123E-09 1.6346E-09 1.6560E-09 1.6773E-09 1.6978E-09 1.7193E-09 1.7399E-09 1.7598E-09 1.7789E-09 1.7966E-09 1.8134E-09 1.8273E-09 1.8401E-09 1.8518E-09 1.8624E-09 1.8720E-09 1.8804E-09 1.8877E-09 1.8939E-09 1.8989E-09 1.9041E-09 1.9076E-09 1.9099E-09 1.9117E-09
7.0253E-10 7.3006E-10 7.5799E-10 7.8632E-10 8.1498E-10 8.4397E-10 8.7325E-10 9.0277E-10 9.3256E-10 9.6253E-10 9.9265E-10 1.0229E-09 1.0533E-09 1.0831E-09 1.1135E-09 1.1439E-09 1.1742E-09 1.2044E-09 1.2345E-09 1.2642E-09 1.2939E-09 1.3231E-09 1.3525E-09 1.3816E-09 1.4103E-09 1.4383E-09 1.4665E-09 1.4937E-09 1.5209E-09 1.5471E-09 1.5733E-09 1.5989E-09 1.6235E-09 1.6474E-09 1.6705E-09 1.6930E-09 1.7153E-09 1.7386E-09 1.7612E-09 1.7830E-09 1.8039E-09 1.8236E-09 1.8423E-09 1.8580E-09 1.8727E-09 1.8863E-09 1.8987E-09 1.9101E-09 1.9203E-09 1.9294E-09 1.9380E-09 1.9454E-09 1.9523E-09 1.9574E-09 1.9614E-09 1.9636E-09 1.9653E-09
