Assets/Resources/2015_m01_d05_2200(utc+0800)_l00_csi_1hr_conc.grd
DSAA
         159         159
     -79.000      79.000
     -79.000      79.000
  0.0000E+00  0.2025E-05
[rows 25 to 49 of 159, columns 57 to 113 of 159]
0.0000E+00 0.0000E+00 0.0000E+00 1.1164E-12 5.2639E-12 1.5161E-11 3.1773E-11 5.6087E-11 9.8394E-11 1.5567E-10 2.4053E-10 3.5996E-10 5.3018E-10 7.5896E-10 1.0742E-09 1.4801E-09 2.0012E-09 2.6472E-09 3.4125E-09 4.3066E-09 5.2892E-09 6.3476E-09 7.4363E-09 8.9162E-09 1.0807E-08 1.3401E-08 1.7107E-08 2.2109E-08 2.8148E-08 3.4400E-08 3.9637E-08 4.2626E-08 4.2637E-08 3.9796E-08 3.4913E-08 2.9047E-08 2.3144E-08 1.7762E-08 1.3088E-08 9.1676E-09 5.9897E-09 3.5327E-09 1.8410E-09 8.8547E-10 3.8033E-10 1.3058E-10 2.9096E-11 0.0000E+00 0.0000E+00 0.0000E+00 0.0000E+00 0.0000E+00 0.0000E+00 0.0000E+00 0.0000E+00 0.0000E+00 0.0000E+00
0.0000E+00 0.0000E+00 0.0000E+00 6.7795E-15 1.3917E-12 6.9336E-12 1.9136E-11 3.6321E-11 6.9120E-11 1.1238E-10 1.7940E-10 2.7688E-10 4.1759E-10 6.1276E-10 8.8563E-10 1.2444E-09 1.7200E-09 2.3137E-09 3.0390E-09 3.8952E-09 4.8604E-09 5.9241E-09 7.0856E-09 8.8225E-09 1.1029E-08 1.4176E-08 1.8618E-08 2.4399E-08 3.1024E-08 3.7365E-08 4.2008E-08 4.3863E-08 4.2548E-08 3.8527E-08 3.2916E-08 2.6912E-08 2.1281E-08 1.6368E-08 1.2159E-08 8.5858E-09 5.6244E-09 3.2933E-09 1.7451E-09 8.4899E-10 3.5340E-10 1.1838E-10 2.2708E-11 0.0000E+00 0.0000E+00 0.0000E+00 0.0000E+00 0.0000E+00 0.0000E+00 0.0000E+00 0.0000E+00 0.0000E+00 0.0000E+00
0.0000E+00 0.0000E+00 0.0000E+00 0.0000E+00 5.3453E-14 1.6395E-12 8.8317E-12 2.1557E-11 4.4493E-11 7.7160E-11 1.2783E-10 2.0564E-10 3.1767E-10 4.8107E-10 7.0932E-10 1.0185E-09 1.4397E-09 1.9733E-09 2.6484E-09 3.4569E-09 4.3997E-09 5.4543E-09 6.7683E-09 8.7363E-09 1.1369E-08 1.5177E-08 2.0454E-08 2.7038E-08 3.4092E-08 4.0246E-08 4.4047E-08 4.4536E-08 4.1774E-08 3.6740E-08 3.0695E-08 2.4774E-08 1.9585E-08 1.5195E-08 1.1434E-08 8.1621E-09 5.3242E-09 3.1426E-09 1.7002E-09 8.0721E-10 3.2401E-10 1.0080E-10 1.7276E-11 0.0000E+00 0.0000E+00 0.0000E+00 0.0000E+00 0.0000E+00 0.0000E+00 0.0000E+00 0.0000E+00 0.0000E+00 0.0000E+00
0.0000E+00 0.0000E+00 0.0000E+00 0.0000E+00 0.0000E+00 1.0458E-13 2.0764E-12 1.0148E-11 2.6005E-11 4.8834E-11 8.6667E-11 1.4493E-10 2.3241E-10 3.6298E-10 5.4972E-10 8.1276E-10 1.1720E-09 1.6403E-09 2.2556E-09 3.0049E-09 3.9091E-09 4.9537E-09 6.4975E-09 8.7040E-09 1.1853E-08 1.6437E-08 2.2617E-08 2.9954E-08 3.7278E-08 4.2928E-08 4.5503E-08 4.4514E-08 4.0438E-08 3.4554E-08 2.8331E-08 2.2738E-08 1.8104E-08 1.4266E-08 1.0916E-08 7.8584E-09 5.1576E-09 3.0942E-09 1.6609E-09 7.6868E-10 2.9538E-10 8.6060E-11 1.1380E-11 0.0000E+00 0.0000E+00 0.0000E+00 0.0000E+00 0.0000E+00 0.0000E+00 0.0000E+00 0.0000E+00 0.0000E+00 0.0000E+00
0.0000E+00 0.0000E+00 0.0000E+00 0.0000E+00 0.0000E+00 0.0000E+00 1.6184E-13 2.1783E-12 1.1954E-11 2.7394E-11 5.3598E-11 9.6281E-11 1.6131E-10 2.6272E-10 4.0966E-10 6.2541E-10 9.2444E-10 1.3334E-09 1.8717E-09 2.5541E-09 3.4101E-09 4.4480E-09 6.2375E-09 8.7561E-09 1.2543E-08 1.8018E-08 2.5153E-08 3.3132E-08 4.0405E-08 4.5236E-08 4.6388E-08 4.3759E-08 3.8482E-08 3.2093E-08 2.5978E-08 2.0894E-08 1.6879E-08 1.3576E-08 1.0577E-08 7.6653E-09 5.1039E-09 3.0717E-09 1.6135E-09 7.2259E-10 2.6694E-10 7.2939E-11 5.7522E-12 0.0000E+00 0.0000E+00 0.0000E+00 0.0000E+00 0.0000E+00 0.0000E+00 0.0000E+00 0.0000E+00 0.0000E+00 0.0000E+00
0.0000E+00 0.0000E+00 0.0000E+00 0.0000E+00 0.0000E+00 0.0000E+00 0.0000E+00 2.5855E-13 2.4168E-12 1.2010E-11 2.9498E-11 5.8773E-11 1.0590E-10 1.8124E-10 2.9332E-10 4.6210E-10 7.0391E-10 1.0473E-09 1.5122E-09 2.1220E-09 2.9069E-09 4.0044E-09 6.0113E-09 8.9543E-09 1.3494E-08 1.9958E-08 2.8018E-08 3.6460E-08 4.3387E-08 4.6967E-08 4.6451E-08 4.2319E-08 3.6089E-08 2.9489E-08 2.3745E-08 1.9299E-08 1.5922E-08 1.3106E-08 1.0351E-08 7.6054E-09 5.1277E-09 3.0547E-09 1.5655E-09 6.7968E-10 2.3935E-10 6.0082E-11 2.4618E-12 0.0000E+00 0.0000E+00 0.0000E+00 0.0000E+00 0.0000E+00 0.0000E+00 0.0000E+00 0.0000E+00 0.0000E+00 0.0000E+00
0.0000E+00 0.0000E+00 0.0000E+00 0.0000E+00 0.0000E+00 0.0000E+00 0.0000E+00 0.0000E+00 2.1556E-13 2.3734E-12 1.2648E-11 3.2035E-11 6.3759E-11 1.1722E-10 1.9895E-10 3.2778E-10 5.1559E-10 7.9580E-10 1.1813E-09 1.7155E-09 2.4184E-09 3.6821E-09 5.8736E-09 9.3576E-09 1.4769E-08 2.2288E-08 3.1206E-08 3.9790E-08 4.5931E-08 4.8005E-08 4.5710E-08 4.0192E-08 3.3359E-08 2.6893E-08 2.1737E-08 1.7994E-08 1.5230E-08 1.2819E-08 1.0274E-08 7.6674E-09 5.1679E-09 3.0331E-09 1.5240E-09 6.4127E-10 2.1589E-10 4.8137E-11 4.9346E-13 0.0000E+00 0.0000E+00 0.0000E+00 0.0000E+00 0.0000E+00 0.0000E+00 0.0000E+00 0.0000E+00 0.0000E+00 0.0000E+00
0.0000E+00 0.0000E+00 0.0000E+00 0.0000E+00 0.0000E+00 0.0000E+00 0.0000E+00 0.0000E+00 0.0000E+00 1.1300E-13 2.2809E-12 1.3524E-11 3.4094E-11 6.9302E-11 1.2712E-10 2.2039E-10 3.6186E-10 5.7869E-10 8.8976E-10 1.3407E-09 1.9670E-09 3.4413E-09 5.8922E-09 1.0021E-08 1.6428E-08 2.5002E-08 3.4559E-08 4.2957E-08 4.7893E-08 4.8131E-08 4.4119E-08 3.7552E-08 3.0484E-08 2.4447E-08 2.0008E-08 1.6975E-08 1.4763E-08 1.2636E-08 1.0325E-08 7.7901E-09 5.2014E-09 3.0041E-09 1.4731E-09 6.0124E-10 1.9473E-10 3.6928E-11 0.0000E+00 0.0000E+00 0.0000E+00 0.0000E+00 0.0000E+00 0.0000E+00 0.0000E+00 0.0000E+00 0.0000E+00 0.0000E+00 0.0000E+00
0.0000E+00 0.0000E+00 0.0000E+00 0.0000E+00 0.0000E+00 0.0000E+00 0.0000E+00 0.0000E+00 0.0000E+00 0.0000E+00 0.0000E+00 2.3772E-12 1.3843E-11 3.6086E-11 7.4043E-11 1.3863E-10 2.4090E-10 4.0325E-10 6.4441E-10 1.0064E-09 1.6282E-09 3.2754E-09 6.1077E-09 1.1025E-08 1.8488E-08 2.8061E-08 3.7968E-08 4.5644E-08 4.8987E-08 4.7332E-08 4.1765E-08 3.4504E-08 2.7624E-08 2.2270E-08 1.8618E-08 1.6260E-08 1.4476E-08 1.2635E-08 1.0485E-08 7.9044E-09 5.2308E-09 2.9758E-09 1.4290E-09 5.6676E-10 1.7542E-10 3.3645E-11 0.0000E+00 0.0000E+00 0.0000E+00 0.0000E+00 0.0000E+00 0.0000E+00 0.0000E+00 0.0000E+00 0.0000E+00 0.0000E+00 0.0000E+00
0.0000E+00 0.0000E+00 0.0000E+00 0.0000E+00 0.0000E+00 0.0000E+00 0.0000E+00 0.0000E+00 0.0000E+00 0.0000E+00 0.0000E+00 0.0000E+00 2.5188E-12 1.3852E-11 3.7589E-11 8.0225E-11 1.4977E-10 2.6390E-10 4.4424E-10 7.2210E-10 1.4655E-09 3.2757E-09 6.6152E-09 1.2424E-08 2.0984E-08 3.1317E-08 4.1143E-08 4.7690E-08 4.9070E-08 4.5471E-08 3.8778E-08 3.1324E-08 2.4956E-08 2.0421E-08 1.7556E-08 1.5774E-08 1.4326E-08 1.2754E-08 1.0670E-08 8.0053E-09 5.2463E-09 2.9432E-09 1.3864E-09 5.3252E-10 1.5848E-10 2.7936E-11 0.0000E+00 0.0000E+00 0.0000E+00 0.0000E+00 0.0000E+00 0.0000E+00 0.0000E+00 0.0000E+00 0.0000E+00 0.0000E+00 0.0000E+00
0.0000E+00 0.0000E+00 0.0000E+00 0.0000E+00 0.0000E+00 0.0000E+00 0.0000E+00 0.0000E+00 0.0000E+00 0.0000E+00 0.0000E+00 0.0000E+00 0.0000E+00 2.8498E-12 1.5607E-11 3.9997E-11 8.5070E-11 1.6139E-10 2.8601E-10 4.9776E-10 1.4741E-09 3.4719E-09 7.4527E-09 1.4247E-08 2.3819E-08 3.4625E-08 4.3788E-08 4.8604E-08 4.7953E-08 4.2722E-08 3.5311E-08 2.8138E-08 2.2587E-08 1.8948E-08 1.6820E-08 1.5473E-08 1.4359E-08 1.2986E-08 1.0861E-08 8.1078E-09 5.2736E-09 2.9237E-09 1.3560E-09 5.1299E-10 1.4851E-10 2.5700E-11 0.0000E+00 0.0000E+00 0.0000E+00 0.0000E+00 0.0000E+00 0.0000E+00 0.0000E+00 0.0000E+00 0.0000E+00 0.0000E+00 0.0000E+00
0.0000E+00 0.0000E+00 0.0000E+00 0.0000E+00 0.0000E+00 0.0000E+00 0.0000E+00 0.0000E+00 0.0000E+00 0.0000E+00 0.0000E+00 0.0000E+00 0.0000E+00 7.1794E-13 4.0702E-12 1.6423E-11 4.2132E-11 8.8707E-11 1.7077E-10 3.7930E-10 1.5521E-09 3.9336E-09 8.6802E-09 1.6496E-08 2.6849E-08 3.7564E-08 4.5550E-08 4.8329E-08 4.5564E-08 3.9159E-08 3.1677E-08 2.5192E-08 2.0615E-08 1.7854E-08 1.6322E-08 1.5359E-08 1.4534E-08 1.3220E-08 1.1047E-08 8.2241E-09 5.3110E-09 2.9096E-09 1.3255E-09 4.8943E-10 1.3723E-10 1.8668E-11 0.0000E+00 0.0000E+00 0.0000E+00 0.0000E+00 0.0000E+00 0.0000E+00 0.0000E+00 0.0000E+00 0.0000E+00 0.0000E+00 0.0000E+00
0.0000E+00 0.0000E+00 0.0000E+00 0.0000E+00 0.0000E+00 0.0000E+00 0.0000E+00 0.0000E+00 0.0000E+00 0.0000E+00 0.0000E+00 0.0000E+00 0.0000E+00 0.0000E+00 8.7178E-13 4.8170E-12 1.6488E-11 4.2549E-11 8.9960E-11 4.5694E-10 1.7825E-09 4.6811E-09 1.0292E-08 1.9032E-08 2.9824E-08 3.9888E-08 4.6003E-08 4.6544E-08 4.2122E-08 3.5109E-08 2.8077E-08 2.2610E-08 1.9064E-08 1.7100E-08 1.6026E-08 1.5430E-08 1.4786E-08 1.3455E-08 1.1237E-08 8.3425E-09 5.3554E-09 2.9024E-09 1.2957E-09 4.6508E-10 1.2842E-10 1.5363E-11 0.0000E+00 0.0000E+00 0.0000E+00 0.0000E+00 0.0000E+00 0.0000E+00 0.0000E+00 0.0000E+00 0.0000E+00 0.0000E+00 0.0000E+00
0.0000E+00 0.0000E+00 0.0000E+00 0.0000E+00 0.0000E+00 0.0000E+00 0.0000E+00 0.0000E+00 0.0000E+00 0.0000E+00 0.0000E+00 0.0000E+00 0.0000E+00 0.0000E+00 0.0000E+00 8.5501E-13 5.0380E-12 1.4126E-11 4.4796E-11 6.6015E-10 2.2125E-09 5.7444E-09 1.2238E-08 2.1710E-08 3.2351E-08 4.1058E-08 4.5025E-08 4.3409E-08 3.7816E-08 3.0916E-08 2.4813E-08 2.0504E-08 1.7948E-08 1.6586E-08 1.5941E-08 1.5632E-08 1.5039E-08 1.3700E-08 1.1440E-08 8.4713E-09 5.3972E-09 2.8843E-09 1.2645E-09 4.4325E-10 1.1134E-10 1.0157E-11 0.0000E+00 0.0000E+00 0.0000E+00 0.0000E+00 0.0000E+00 0.0000E+00 0.0000E+00 0.0000E+00 0.0000E+00 0.0000E+00 0.0000E+00
0.0000E+00 0.0000E+00 0.0000E+00 0.0000E+00 0.0000E+00 0.0000E+00 0.0000E+00 0.0000E+00 0.0000E+00 0.0000E+00 0.0000E+00 0.0000E+00 0.0000E+00 0.0000E+00 0.0000E+00 0.0000E+00 3.9404E-13 3.8358E-12 6.0133E-11 8.7991E-10 2.8159E-09 7.0497E-09 1.4359E-08 2.4164E-08 3.4126E-08 4.0934E-08 4.2524E-08 3.9243E-08 3.3225E-08 2.6969E-08 2.2082E-08 1.8936E-08 1.7218E-08 1.6346E-08 1.6053E-08 1.5878E-08 1.5292E-08 1.3933E-08 1.1626E-08 8.5652E-09 5.3919E-09 2.8302E-09 1.2068E-09 4.0770E-10 9.4906E-11 5.5109E-12 0.0000E+00 0.0000E+00 0.0000E+00 0.0000E+00 0.0000E+00 0.0000E+00 0.0000E+00 0.0000E+00 0.0000E+00 0.0000E+00 0.0000E+00
0.0000E+00 0.0000E+00 0.0000E+00 0.0000E+00 0.0000E+00 0.0000E+00 0.0000E+00 0.0000E+00 0.0000E+00 0.0000E+00 0.0000E+00 0.0000E+00 0.0000E+00 0.0000E+00 0.0000E+00 0.0000E+00 0.0000E+00 0.0000E+00 2.1560E-10 1.1686E-09 3.5613E-09 8.5079E-09 1.6448E-08 2.6133E-08 3.4718E-08 3.9347E-08 3.8898E-08 3.4532E-08 2.8754E-08 2.3605E-08 1.9989E-08 1.7881E-08 1.6757E-08 1.6310E-08 1.6287E-08 1.6142E-08 1.5565E-08 1.4203E-08 1.1820E-08 8.6183E-09 5.3261E-09 2.7167E-09 1.1210E-09 3.6038E-10 7.8500E-11 2.2805E-12 0.0000E+00 0.0000E+00 0.0000E+00 0.0000E+00 0.0000E+00 0.0000E+00 0.0000E+00 0.0000E+00 0.0000E+00 0.0000E+00 0.0000E+00
0.0000E+00 0.0000E+00 0.0000E+00 0.0000E+00 0.0000E+00 0.0000E+00 0.0000E+00 0.0000E+00 0.0000E+00 0.0000E+00 0.0000E+00 0.0000E+00 0.0000E+00 0.0000E+00 0.0000E+00 0.0000E+00 0.0000E+00 4.4185E-12 3.8807E-10 1.5267E-09 4.3930E-09 9.9514E-09 1.8141E-08 2.7180E-08 3.4105E-08 3.6532E-08 3.4498E-08 2.9880E-08 2.4908E-08 2.1031E-08 1.8584E-08 1.7258E-08 1.6604E-08 1.6490E-08 1.6564E-08 1.6456E-08 1.5912E-08 1.4521E-08 1.1977E-08 8.5597E-09 5.1276E-09 2.5104E-09 9.8116E-10 2.9506E-10 5.7597E-11 1.7814E-12 0.0000E+00 0.0000E+00 0.0000E+00 0.0000E+00 0.0000E+00 0.0000E+00 0.0000E+00 0.0000E+00 0.0000E+00 0.0000E+00 0.0000E+00
0.0000E+00 0.0000E+00 0.0000E+00 0.0000E+00 0.0000E+00 0.0000E+00 0.0000E+00 0.0000E+00 0.0000E+00 0.0000E+00 0.0000E+00 0.0000E+00 0.0000E+00 0.0000E+00 0.0000E+00 0.0000E+00 0.0000E+00 2.3416E-11 5.1750E-10 1.8960E-09 5.1758E-09 1.1113E-08 1.9203E-08 2.7122E-08 3.2119E-08 3.2836E-08 3.0023E-08 2.5770E-08 2.1928E-08 1.9272E-08 1.7746E-08 1.6927E-08 1.6693E-08 1.6778E-08 1.6867E-08 1.6830E-08 1.6367E-08 1.4909E-08 1.2098E-08 8.3519E-09 4.7670E-09 2.2086E-09 8.1200E-10 2.2491E-10 3.9243E-11 0.0000E+00 0.0000E+00 0.0000E+00 0.0000E+00 0.0000E+00 0.0000E+00 0.0000E+00 0.0000E+00 0.0000E+00 0.0000E+00 0.0000E+00 0.0000E+00
0.0000E+00 0.0000E+00 0.0000E+00 0.0000E+00 0.0000E+00 0.0000E+00 0.0000E+00 0.0000E+00 0.0000E+00 0.0000E+00 0.0000E+00 0.0000E+00 0.0000E+00 0.0000E+00 0.0000E+00 0.0000E+00 0.0000E+00 1.1325E-10 6.3892E-10 2.1993E-09 5.7461E-09 1.1747E-08 1.9236E-08 2.5859E-08 2.9244E-08 2.8801E-08 2.5939E-08 2.2560E-08 1.9889E-08 1.8243E-08 1.7324E-08 1.6934E-08 1.6954E-08 1.7096E-08 1.7273E-08 1.7402E-08 1.7011E-08 1.5348E-08 1.2067E-08 7.9263E-09 4.2442E-09 1.8115E-09 6.1075E-10 1.5235E-10 2.1238E-11 0.0000E+00 0.0000E+00 0.0000E+00 0.0000E+00 0.0000E+00 0.0000E+00 0.0000E+00 0.0000E+00 0.0000E+00 0.0000E+00 0.0000E+00 0.0000E+00
0.0000E+00 0.0000E+00 0.0000E+00 0.0000E+00 0.0000E+00 0.0000E+00 0.0000E+00 0.0000E+00 0.0000E+00 0.0000E+00 0.0000E+00 0.0000E+00 0.0000E+00 0.0000E+00 0.0000E+00 0.0000E+00 0.0000E+00 1.3206E-10 6.9829E-10 2.3520E-09 5.9278E-09 1.1675E-08 1.8363E-08 2.3643E-08 2.5847E-08 2.5063E-08 2.2721E-08 2.0362E-08 1.8705E-08 1.7753E-08 1.7209E-08 1.7164E-08 1.7194E-08 1.7446E-08 1.7788E-08 1.8160E-08 1.7829E-08 1.5754E-08 1.1799E-08 7.2228E-09 3.5468E-09 1.3788E-09 4.1547E-10 8.6673E-11 0.0000E+00 0.0000E+00 0.0000E+00 0.0000E+00 0.0000E+00 0.0000E+00 0.0000E+00 0.0000E+00 0.0000E+00 0.0000E+00 0.0000E+00 0.0000E+00 0.0000E+00
0.0000E+00 0.0000E+00 0.0000E+00 0.0000E+00 0.0000E+00 0.0000E+00 0.0000E+00 0.0000E+00 0.0000E+00 0.0000E+00 0.0000E+00 0.0000E+00 0.0000E+00 0.0000E+00 0.0000E+00 0.0000E+00 3.6144E-12 1.4508E-10 7.0488E-10 2.3077E-09 5.6873E-09 1.0894E-08 1.6676E-08 2.1020E-08 2.2642E-08 2.2023E-08 2.0470E-08 1.9045E-08 1.8120E-08 1.7542E-08 1.7417E-08 1.7446E-08 1.7582E-08 1.7911E-08 1.8568E-08 1.9283E-08 1.8813E-08 1.5992E-08 1.1190E-08 6.2654E-09 2.7576E-09 9.5248E-10 2.4755E-10 3.6235E-11 0.0000E+00 0.0000E+00 0.0000E+00 0.0000E+00 0.0000E+00 0.0000E+00 0.0000E+00 0.0000E+00 0.0000E+00 0.0000E+00 0.0000E+00 0.0000E+00 0.0000E+00
0.0000E+00 0.0000E+00 0.0000E+00 0.0000E+00 0.0000E+00 0.0000E+00 0.0000E+00 0.0000E+00 0.0000E+00 0.0000E+00 0.0000E+00 0.0000E+00 0.0000E+00 0.0000E+00 0.0000E+00 0.0000E+00 4.5876E-12 1.2694E-10 6.2922E-10 2.0687E-09 5.1019E-09 9.7518E-09 1.4797E-08 1.8552E-08 2.0129E-08 1.9992E-08 1.9194E-08 1.8458E-08 1.7946E-08 1.7709E-08 1.7689E-08 1.7722E-08 1.7965E-08 1.8541E-08 1.9672E-08 2.0693E-08 1.9785E-08 1.5847E-08 1.0117E-08 5.0572E-09 1.9693E-09 5.8821E-10 1.2450E-10 0.0000E+00 0.0000E+00 0.0000E+00 0.0000E+00 0.0000E+00 0.0000E+00 0.0000E+00 0.0000E+00 0.0000E+00 0.0000E+00 0.0000E+00 0.0000E+00 0.0000E+00 0.0000E+00
0.0000E+00 0.0000E+00 0.0000E+00 0.0000E+00 0.0000E+00 0.0000E+00 0.0000E+00 0.0000E+00 0.0000E+00 0.0000E+00 0.0000E+00 0.0000E+00 0.0000E+00 0.0000E+00 0.0000E+00 0.0000E+00 2.0505E-12 9.1425E-11 5.1127E-10 1.7606E-09 4.4407E-09 8.6155E-09 1.3263E-08 1.6842E-08 1.8582E-08 1.8900E-08 1.8624E-08 1.8289E-08 1.8006E-08 1.7965E-08 1.7984E-08 1.8019E-08 1.8445E-08 1.9462E-08 2.1280E-08 2.2416E-08 2.0507E-08 1.5082E-08 8.6299E-09 3.7934E-09 1.2663E-09 3.1399E-10 3.7804E-12 0.0000E+00 0.0000E+00 0.0000E+00 0.0000E+00 0.0000E+00 0.0000E+00 0.0000E+00 0.0000E+00 0.0000E+00 0.0000E+00 0.0000E+00 0.0000E+00 0.0000E+00 0.0000E+00
0.0000E+00 0.0000E+00 0.0000E+00 0.0000E+00 0.0000E+00 0.0000E+00 0.0000E+00 0.0000E+00 0.0000E+00 0.0000E+00 0.0000E+00 0.0000E+00 0.0000E+00 0.0000E+00 0.0000E+00 0.0000E+00 0.0000E+00 6.2788E-11 3.9909E-10 1.4665E-09 3.8895E-09 7.8119E-09 1.2320E-08 1.5945E-08 1.7906E-08 1.8536E-08 1.8555E-08 1.8370E-08 1.8301E-08 1.8272E-08 1.8302E-08 1.8448E-08 1.9124E-08 2.0864E-08 2.3419E-08 2.4224E-08 2.0646E-08 1.3602E-08 6.7951E-09 2.5623E-09 7.2240E-10 1.3314E-10 0.0000E+00 0.0000E+00 0.0000E+00 0.0000E+00 0.0000E+00 0.0000E+00 0.0000E+00 0.0000E+00 0.0000E+00 0.0000E+00 0.0000E+00 0.0000E+00 0.0000E+00 0.0000E+00 0.0000E+00
0.0000E+00 0.0000E+00 0.0000E+00 0.0000E+00 0.0000E+00 0.0000E+00 0.0000E+00 0.0000E+00 0.0000E+00 0.0000E+00 0.0000E+00 0.0000E+00 0.0000E+00 0.0000E+00 0.0000E+00 0.0000E+00 0.0000E+00 3.5265E-11 3.0649E-10 1.2483E-09 3.5273E-09 7.3957E-09 1.1980E-08 1.5742E-08 1.7845E-08 1.8598E-08 1.8709E-08 1.8629E-08 1.8578E-08 1.8574E-08 1.8617E-08 1.8943E-08 2.0095E-08 2.2902E-08 2.6088E-08 2.5703E-08 1.9822E-08 1.1441E-08 4.8986E-09 1.5567E-09 3.4756E-10 0.0000E+00 0.0000E+00 0.0000E+00 0.0000E+00 0.0000E+00 0.0000E+00 0.0000E+00 0.0000E+00 0.0000E+00 0.0000E+00 0.0000E+00 0.0000E+00 0.0000E+00 0.0000E+00 0.0000E+00 0.0000E+00
