Assets/Resources/2015_m01_d29_2000(utc+0800)_l00_csi_1hr_conc.grd
DSAA
         159         159
     -79.000      79.000
     -79.000      79.000
  0.0000E+00  0.8967E-05
[rows 75 to 99 of 159, columns 57 to 113 of 159]
1.0168E-10 1.0637E-10 1.1121E-10 1.1623E-10 1.2141E-10 1.2676E-10 1.3229E-10 1.3800E-10 1.4388E-10 1.4994E-10 1.5619E-10 1.6262E-10 1.6923E-10 1.7603E-10 1.8302E-10 1.9019E-10 1.9755E-10 2.0510E-10 2.1283E-10 2.2075E-10 2.2886E-10 2.4929E-10 3.2960E-10 4.6873E-10 7.0919E-10 1.0875E-09 1.7356E-09 1.7272E-08 3.9552E-07 1.1443E-06 1.4027E-06 1.1691E-06 8.0588E-07 5.4233E-07 3.6262E-07 2.4036E-07 1.6222E-07 1.1112E-07 7.9205E-08 5.9848E-08 4.8183E-08 4.1146E-08 3.6480E-08 3.3115E-08 3.0587E-08 2.8565E-08 2.6922E-08 2.5596E-08 2.4463E-08 2.3504E-08 2.2645E-08 2.1885E-08 2.1230E-08 2.0616E-08 2.0055E-08 1.9523E-08 1.9035E-08
9.9642E-11 1.0423E-10 1.0899E-10 1.1390E-10 1.1899E-10 1.2424E-10 1.2966E-10 1.3526E-10 1.4103E-10 1.4698E-10 1.5311E-10 1.5941E-10 1.6590E-10 1.7258E-10 1.7943E-10 1.8647E-10 1.9369E-10 2.0110E-10 2.0869E-10 2.1647E-10 2.2491E-10 2.5615E-10 3.5059E-10 5.0593E-10 7.9026E-10 1.2476E-09 1.5205E-07 1.6990E-06 2.0291E-06 1.4730E-06 1.1127E-06 8.3171E-07 6.2356E-07 4.5272E-07 3.2360E-07 2.2415E-07 1.5568E-07 1.0946E-07 7.9963E-08 6.1880E-08 5.0650E-08 4.3469E-08 3.8581E-08 3.4974E-08 3.2242E-08 3.0044E-08 2.8255E-08 2.6820E-08 2.5594E-08 2.4560E-08 2.3638E-08 2.2834E-08 2.2123E-08 2.1465E-08 2.0854E-08 2.0288E-08 1.9759E-08
9.7592E-11 1.0209E-10 1.0675E-10 1.1157E-10 1.1656E-10 1.2171E-10 1.2702E-10 1.3251E-10 1.3817E-10 1.4400E-10 1.5001E-10 1.5620E-10 1.6256E-10 1.6910E-10 1.7583E-10 1.8273E-10 1.8981E-10 1.9708E-10 2.0453E-10 2.1215E-10 2.2194E-10 2.6307E-10 3.6535E-10 5.4184E-10 8.5842E-10 1.7790E-06 3.4949E-06 1.8542E-06 1.2780E-06 9.3777E-07 6.9238E-07 5.3599E-07 4.1232E-07 3.1125E-07 2.3423E-07 1.7392E-07 1.2921E-07 9.6881E-08 7.4763E-08 6.0178E-08 5.0727E-08 4.4179E-08 3.9473E-08 3.5906E-08 3.3140E-08 3.0898E-08 2.9080E-08 2.7604E-08 2.6346E-08 2.5284E-08 2.4336E-08 2.3513E-08 2.2775E-08 2.2091E-08 2.1458E-08 2.0869E-08 2.0318E-08
9.5535E-11 9.9945E-11 1.0451E-10 1.0923E-10 1.1412E-10 1.1916E-10 1.2437E-10 1.2975E-10 1.3529E-10 1.4101E-10 1.4690E-10 1.5296E-10 1.5920E-10 1.6561E-10 1.7220E-10 1.7897E-10 1.8592E-10 1.9304E-10 2.0034E-10 2.0782E-10 2.1891E-10 2.6723E-10 3.7555E-10 5.7172E-10 8.9671E-06 2.3143E-06 1.5395E-06 9.9916E-07 7.6660E-07 6.2745E-07 4.3750E-07 3.2440E-07 2.4608E-07 1.9305E-07 1.5412E-07 1.2415E-07 1.0016E-07 8.1176E-08 6.6725E-08 5.6220E-08 4.8926E-08 4.3380E-08 3.9199E-08 3.5877E-08 3.3254E-08 3.1107E-08 2.9345E-08 2.7911E-08 2.6687E-08 2.5646E-08 2.4723E-08 2.3905E-08 2.3175E-08 2.2482E-08 2.1851E-08 2.1251E-08 2.0698E-08
9.3474E-11 9.7793E-11 1.0226E-10 1.0689E-10 1.1167E-10 1.1661E-10 1.2171E-10 1.2698E-10 1.3241E-10 1.3801E-10 1.4378E-10 1.4972E-10 1.5583E-10 1.6211E-10 1.6857E-10 1.7520E-10 1.8201E-10 1.8899E-10 1.9614E-10 2.0347E-10 2.1540E-10 2.6812E-10 3.7961E-10 3.0018E-06 1.6464E-06 1.0234E-06 8.0106E-07 6.2355E-07 4.6338E-07 3.2483E-07 2.3073E-07 1.7418E-07 1.4123E-07 1.1865E-07 1.0193E-07 8.8977E-08 7.7256E-08 6.7058E-08 5.8366E-08 5.1267E-08 4.5771E-08 4.1399E-08 3.7868E-08 3.4971E-08 3.2612E-08 3.0682E-08 2.9064E-08 2.7745E-08 2.6601E-08 2.5637E-08 2.4771E-08 2.4001E-08 2.3293E-08 2.2626E-08 2.2013E-08 2.1425E-08 2.0885E-08
9.1410E-11 9.5637E-11 1.0001E-10 1.0454E-10 1.0922E-10 1.1406E-10 1.1905E-10 1.2421E-10 1.2952E-10 1.3501E-10 1.4065E-10 1.4647E-10 1.5245E-10 1.5861E-10 1.6493E-10 1.7142E-10 1.7809E-10 1.8492E-10 1.9193E-10 1.9911E-10 2.1135E-10 2.6528E-10 3.7609E-10 5.7652E-10 9.5350E-10 1.4838E-08 6.0853E-08 1.0959E-07 1.2584E-07 1.2832E-07 1.1206E-07 9.4888E-08 8.5240E-08 7.7796E-08 7.1748E-08 6.6245E-08 6.1040E-08 5.5560E-08 5.0485E-08 4.5763E-08 4.1861E-08 3.8536E-08 3.5715E-08 3.3306E-08 3.1333E-08 2.9679E-08 2.8278E-08 2.7127E-08 2.6116E-08 2.5266E-08 2.4483E-08 2.3796E-08 2.3143E-08 2.2523E-08 2.1944E-08 2.1388E-08 2.0875E-08
8.9347E-11 9.3481E-11 9.7761E-11 1.0219E-10 1.0677E-10 1.1150E-10 1.1639E-10 1.2143E-10 1.2664E-10 1.3200E-10 1.3753E-10 1.4322E-10 1.4907E-10 1.5509E-10 1.6128E-10 1.6764E-10 1.7416E-10 1.8085E-10 1.8771E-10 1.9474E-10 2.0676E-10 2.5870E-10 3.6455E-10 5.5491E-10 9.1147E-10 1.5995E-09 2.9289E-09 5.9486E-09 2.0084E-08 4.4280E-08 5.3189E-08 5.4935E-08 5.5675E-08 5.4760E-08 5.3146E-08 5.1240E-08 4.8885E-08 4.6081E-08 4.3156E-08 4.0204E-08 3.7500E-08 3.5067E-08 3.2945E-08 3.1076E-08 2.9533E-08 2.8188E-08 2.7061E-08 2.6103E-08 2.5271E-08 2.4554E-08 2.3899E-08 2.3302E-08 2.2726E-08 2.2180E-08 2.1649E-08 2.1149E-08 2.0670E-08
8.7285E-11 9.1327E-11 9.5512E-11 9.9842E-11 1.0432E-10 1.0895E-10 1.1373E-10 1.1866E-10 1.2375E-10 1.2899E-10 1.3440E-10 1.3996E-10 1.4569E-10 1.5158E-10 1.5764E-10 1.6385E-10 1.7024E-10 1.7678E-10 1.8349E-10 1.9037E-10 2.0167E-10 2.4880E-10 3.4578E-10 5.1901E-10 8.3719E-10 1.4336E-09 2.5502E-09 4.5975E-09 8.3302E-09 1.9180E-08 2.8968E-08 3.4838E-08 3.8220E-08 3.9814E-08 4.0138E-08 3.9963E-08 3.9221E-08 3.7969E-08 3.6395E-08 3.4634E-08 3.2919E-08 3.1274E-08 2.9802E-08 2.8480E-08 2.7341E-08 2.6343E-08 2.5487E-08 2.4752E-08 2.4118E-08 2.3546E-08 2.3035E-08 2.2553E-08 2.2068E-08 2.1606E-08 2.1142E-08 2.0707E-08 2.0281E-08
8.5227E-11 8.9177E-11 9.3266E-11 9.7498E-11 1.0187E-10 1.0640E-10 1.1107E-10 1.1589E-10 1.2086E-10 1.2599E-10 1.3127E-10 1.3672E-10 1.4231E-10 1.4807E-10 1.5399E-10 1.6007E-10 1.6631E-10 1.7271E-10 1.7928E-10 1.8600E-10 1.9617E-10 2.3620E-10 3.2146E-10 4.7324E-10 7.4457E-10 1.2269E-09 2.0982E-09 3.6170E-09 6.0986E-09 1.1428E-08 1.7945E-08 2.3074E-08 2.6663E-08 2.8959E-08 3.0185E-08 3.0839E-08 3.1013E-08 3.0779E-08 3.0156E-08 2.9324E-08 2.8379E-08 2.7439E-08 2.6522E-08 2.5671E-08 2.4907E-08 2.4246E-08 2.3653E-08 2.3150E-08 2.2703E-08 2.2306E-08 2.1938E-08 2.1570E-08 2.1203E-08 2.0826E-08 2.0451E-08 2.0084E-08 1.9723E-08
8.3175E-11 8.7033E-11 9.1027E-11 9.5160E-11 9.9434E-11 1.0385E-10 1.0841E-10 1.1312E-10 1.1798E-10 1.2299E-10 1.2816E-10 1.3347E-10 1.3894E-10 1.4457E-10 1.5035E-10 1.5629E-10 1.6239E-10 1.6865E-10 1.7506E-10 1.8163E-10 1.9038E-10 2.2206E-10 2.9363E-10 4.2172E-10 6.4691E-10 1.0248E-09 1.6704E-09 2.7372E-09 4.4000E-09 7.2739E-09 1.1383E-08 1.5262E-08 1.8426E-08 2.0756E-08 2.2399E-08 2.3550E-08 2.4286E-08 2.4648E-08 2.4677E-08 2.4454E-08 2.4116E-08 2.3682E-08 2.3246E-08 2.2784E-08 2.2385E-08 2.1999E-08 2.1670E-08 2.1367E-08 2.1121E-08 2.0876E-08 2.0651E-08 2.0402E-08 2.0151E-08 1.9869E-08 1.9589E-08 1.9299E-08 1.9010E-08
8.1130E-11 8.4896E-11 8.8795E-11 9.2830E-11 9.7002E-11 1.0132E-10 1.0577E-10 1.1037E-10 1.1511E-10 1.2001E-10 1.2505E-10 1.3024E-10 1.3558E-10 1.4108E-10 1.4673E-10 1.5253E-10 1.5849E-10 1.6460E-10 1.7086E-10 1.7728E-10 1.8449E-10 2.0800E-10 2.6646E-10 3.7116E-10 5.5256E-10 8.4477E-10 1.3122E-09 2.0499E-09 3.1477E-09 4.8474E-09 7.3925E-09 1.0103E-08 1.2621E-08 1.4725E-08 1.6410E-08 1.7732E-08 1.8737E-08 1.9484E-08 1.9890E-08 2.0133E-08 2.0193E-08 2.0188E-08 2.0092E-08 1.9988E-08 1.9839E-08 1.9728E-08 1.9596E-08 1.9502E-08 1.9406E-08 1.9324E-08 1.9218E-08 1.9100E-08 1.8950E-08 1.8778E-08 1.8588E-08 1.8378E-08 1.8169E-08
7.9095E-11 8.2769E-11 8.6574E-11 9.0510E-11 9.4582E-11 9.8790E-11 1.0314E-10 1.0763E-10 1.1226E-10 1.1703E-10 1.2195E-10 1.2702E-10 1.3223E-10 1.3760E-10 1.4311E-10 1.4878E-10 1.5459E-10 1.6056E-10 1.6667E-10 1.7294E-10 1.7936E-10 1.9539E-10 2.4020E-10 3.2334E-10 4.6510E-10 6.9376E-10 1.0382E-09 1.5323E-09 2.2443E-09 3.3065E-09 4.9338E-09 6.7595E-09 8.6478E-09 1.0388E-08 1.1902E-08 1.3200E-08 1.4331E-08 1.5229E-08 1.5861E-08 1.6377E-08 1.6723E-08 1.6994E-08 1.7176E-08 1.7309E-08 1.7392E-08 1.7468E-08 1.7542E-08 1.7594E-08 1.7648E-08 1.7688E-08 1.7702E-08 1.7696E-08 1.7652E-08 1.7580E-08 1.7476E-08 1.7354E-08 1.7218E-08
7.7072E-11 8.0654E-11 8.4364E-11 8.8203E-11 9.2174E-11 9.6279E-11 1.0052E-10 1.0490E-10 1.0941E-10 1.1407E-10 1.1887E-10 1.2381E-10 1.2890E-10 1.3413E-10 1.3951E-10 1.4504E-10 1.5071E-10 1.5654E-10 1.6251E-10 1.6862E-10 1.7488E-10 1.8577E-10 2.1685E-10 2.8122E-10 3.9052E-10 5.6289E-10 8.2699E-10 1.2013E-09 1.7066E-09 2.3940E-09 3.4029E-09 4.6405E-09 5.9630E-09 7.2861E-09 8.5605E-09 9.7318E-09 1.0802E-08 1.1745E-08 1.2521E-08 1.3180E-08 1.3715E-08 1.4166E-08 1.4539E-08 1.4852E-08 1.5102E-08 1.5335E-08 1.5530E-08 1.5713E-08 1.5874E-08 1.6028E-08 1.6140E-08 1.6238E-08 1.6288E-08 1.6307E-08 1.6284E-08 1.6248E-08 1.6181E-08
7.5061E-11 7.8553E-11 8.2169E-11 8.5911E-11 8.9781E-11 9.3782E-11 9.7916E-11 1.0218E-10 1.0659E-10 1.1113E-10 1.1581E-10 1.2063E-10 1.2559E-10 1.3069E-10 1.3594E-10 1.4133E-10 1.4686E-10 1.5254E-10 1.5836E-10 1.6432E-10 1.7043E-10 1.7806E-10 1.9825E-10 2.4499E-10 3.2795E-10 4.5746E-10 6.5123E-10 9.3165E-10 1.3086E-09 1.7916E-09 2.4871E-09 3.3349E-09 4.2655E-09 5.2631E-09 6.3020E-09 7.2815E-09 8.2268E-09 9.1081E-09 9.8918E-09 1.0581E-08 1.1201E-08 1.1740E-08 1.2226E-08 1.2634E-08 1.3008E-08 1.3321E-08 1.3630E-08 1.3896E-08 1.4162E-08 1.4372E-08 1.4595E-08 1.4760E-08 1.4906E-08 1.4987E-08 1.5057E-08 1.5081E-08 1.5101E-08
7.3066E-11 7.6467E-11 7.9989E-11 8.3635E-11 8.7406E-11 9.1304E-11 9.5331E-11 9.9489E-11 1.0378E-10 1.0820E-10 1.1276E-10 1.1746E-10 1.2230E-10 1.2727E-10 1.3238E-10 1.3763E-10 1.4303E-10 1.4856E-10 1.5424E-10 1.6005E-10 1.6601E-10 1.7210E-10 1.8485E-10 2.1577E-10 2.7636E-10 3.7459E-10 5.1699E-10 7.1999E-10 9.9778E-10 1.3570E-09 1.8244E-09 2.4286E-09 3.0762E-09 3.8159E-09 4.6273E-09 5.4441E-09 6.2487E-09 7.0362E-09 7.7654E-09 8.4635E-09 9.0892E-09 9.6806E-09 1.0201E-08 1.0680E-08 1.1101E-08 1.1484E-08 1.1856E-08 1.2186E-08 1.2504E-08 1.2808E-08 1.3071E-08 1.3310E-08 1.3508E-08 1.3671E-08 1.3797E-08 1.3902E-08 1.3982E-08
7.1086E-11 7.4398E-11 7.7827E-11 8.1377E-11 8.5049E-11 8.8844E-11 9.2766E-11 9.6815E-11 1.0099E-10 1.0530E-10 1.0974E-10 1.1432E-10 1.1903E-10 1.2387E-10 1.2885E-10 1.3397E-10 1.3922E-10 1.4462E-10 1.5014E-10 1.5581E-10 1.6161E-10 1.6755E-10 1.7595E-10 1.9493E-10 2.3582E-10 3.0759E-10 4.1507E-10 5.6483E-10 7.6471E-10 1.0198E-09 1.3332E-09 1.7012E-09 2.1982E-09 2.7441E-09 3.3636E-09 4.0310E-09 4.7084E-09 5.3895E-09 6.0650E-09 6.7265E-09 7.3425E-09 7.9185E-09 8.4615E-09 8.9509E-09 9.4125E-09 9.8264E-09 1.0242E-08 1.0608E-08 1.0978E-08 1.1309E-08 1.1621E-08 1.1906E-08 1.2156E-08 1.2367E-08 1.2557E-08 1.2720E-08 1.2859E-08
6.9125E-11 7.2347E-11 7.5685E-11 7.9139E-11 8.2712E-11 8.6406E-11 9.0223E-11 9.4164E-11 9.8232E-11 1.0243E-10 1.0675E-10 1.1120E-10 1.1579E-10 1.2050E-10 1.2535E-10 1.3033E-10 1.3545E-10 1.4070E-10 1.4608E-10 1.5160E-10 1.5725E-10 1.6303E-10 1.6912E-10 1.8086E-10 2.0769E-10 2.5644E-10 3.3484E-10 4.4635E-10 5.9865E-10 7.9455E-10 1.0339E-09 1.3160E-09 1.6414E-09 2.0390E-09 2.4971E-09 3.0062E-09 3.5591E-09 4.1280E-09 4.7255E-09 5.3178E-09 5.8974E-09 6.4589E-09 6.9841E-09 7.4885E-09 7.9475E-09 8.3909E-09 8.7939E-09 9.1780E-09 9.5612E-09 9.9172E-09 1.0258E-08 1.0566E-08 1.0857E-08 1.1118E-08 1.1349E-08 1.1558E-08 1.1749E-08
6.7183E-11 7.0317E-11 7.3563E-11 7.6923E-11 8.0399E-11 8.3992E-11 8.7705E-11 9.1539E-11 9.5496E-11 9.9577E-11 1.0378E-10 1.0812E-10 1.1258E-10 1.1717E-10 1.2188E-10 1.2673E-10 1.3171E-10 1.3682E-10 1.4206E-10 1.4743E-10 1.5293E-10 1.5855E-10 1.6431E-10 1.7204E-10 1.8799E-10 2.2069E-10 2.7554E-10 3.5573E-10 4.6642E-10 6.1396E-10 8.0083E-10 1.0197E-09 1.2718E-09 1.5656E-09 1.9142E-09 2.3181E-09 2.7599E-09 3.2348E-09 3.7446E-09 4.2550E-09 4.7628E-09 5.2742E-09 5.7611E-09 6.2434E-09 6.6861E-09 7.1146E-09 7.5068E-09 7.9032E-09 8.2761E-09 8.6343E-09 8.9903E-09 9.3250E-09 9.6416E-09 9.9279E-09 1.0189E-08 1.0440E-08 1.0669E-08
6.5261E-11 6.8308E-11 7.1464E-11 7.4730E-11 7.8109E-11 8.1603E-11 8.5213E-11 8.8940E-11 9.2788E-11 9.6756E-11 1.0085E-10 1.0506E-10 1.0940E-10 1.1386E-10 1.1845E-10 1.2316E-10 1.2801E-10 1.3298E-10 1.3807E-10 1.4330E-10 1.4864E-10 1.5412E-10 1.5972E-10 1.6558E-10 1.7520E-10 1.9606E-10 2.3365E-10 2.9154E-10 3.7089E-10 4.7784E-10 6.1187E-10 7.7561E-10 9.6624E-10 1.1804E-09 1.4556E-09 1.7523E-09 2.1051E-09 2.5073E-09 2.9302E-09 3.3702E-09 3.8231E-09 4.2735E-09 4.7330E-09 5.1726E-09 5.5903E-09 6.0022E-09 6.3801E-09 6.7619E-09 7.1264E-09 7.4904E-09 7.8442E-09 8.1860E-09 8.5142E-09 8.8078E-09 9.1049E-09 9.3764E-09 9.6434E-09
6.3362E-11 6.6322E-11 6.9388E-11 7.2562E-11 7.5845E-11 7.9240E-11 8.2748E-11 8.6371E-11 9.0110E-11 9.3966E-11 9.7941E-11 1.0204E-10 1.0625E-10 1.1059E-10 1.1505E-10 1.1964E-10 1.2434E-10 1.2917E-10 1.3413E-10 1.3921E-10 1.4441E-10 1.4973E-10 1.5518E-10 1.6074E-10 1.6733E-10 1.7967E-10 2.0427E-10 2.4537E-10 3.0300E-10 3.8080E-10 4.8346E-10 6.1199E-10 7.6150E-10 9.3494E-10 1.1352E-09 1.3733E-09 1.6527E-09 1.9706E-09 2.3279E-09 2.7038E-09 3.0964E-09 3.4965E-09 3.8879E-09 4.2899E-09 4.6757E-09 5.0571E-09 5.4180E-09 5.7704E-09 6.1204E-09 6.4646E-09 6.8072E-09 7.1438E-09 7.4758E-09 7.7882E-09 8.0946E-09 8.3860E-09 8.6691E-09
6.1486E-11 6.4361E-11 6.7338E-11 7.0420E-11 7.3609E-11 7.6906E-11 8.0313E-11 8.3832E-11 8.7463E-11 9.1209E-11 9.5071E-11 9.9049E-11 1.0314E-10 1.0736E-10 1.1169E-10 1.1615E-10 1.2072E-10 1.2541E-10 1.3023E-10 1.3516E-10 1.4022E-10 1.4539E-10 1.5068E-10 1.5609E-10 1.6162E-10 1.6905E-10 1.8420E-10 2.1247E-10 2.5478E-10 3.1135E-10 3.8569E-10 4.8082E-10 5.9488E-10 7.2836E-10 8.7970E-10 1.0592E-09 1.2821E-09 1.5407E-09 1.8283E-09 2.1478E-09 2.4861E-09 2.8287E-09 3.1813E-09 3.5306E-09 3.8890E-09 4.2359E-09 4.5692E-09 4.8951E-09 5.2329E-09 5.5651E-09 5.8961E-09 6.2225E-09 6.5503E-09 6.8609E-09 7.1727E-09 7.4653E-09 7.7680E-09
5.9635E-11 6.2425E-11 6.5315E-11 6.8306E-11 7.1401E-11 7.4602E-11 7.7909E-11 8.1325E-11 8.4850E-11 8.8487E-11 9.2236E-11 9.6099E-11 1.0008E-10 1.0417E-10 1.0838E-10 1.1270E-10 1.1714E-10 1.2170E-10 1.2637E-10 1.3117E-10 1.3608E-10 1.4110E-10 1.4624E-10 1.5150E-10 1.5686E-10 1.6249E-10 1.7125E-10 1.8904E-10 2.1945E-10 2.6153E-10 3.1644E-10 3.8784E-10 4.7797E-10 5.8944E-10 7.1554E-10 8.6350E-10 1.0348E-09 1.2421E-09 1.4844E-09 1.7451E-09 2.0368E-09 2.3321E-09 2.6369E-09 2.9471E-09 3.2524E-09 3.5633E-09 3.8692E-09 4.1683E-09 4.4774E-09 4.7760E-09 5.0937E-09 5.4014E-09 5.7206E-09 6.0262E-09 6.3325E-09 6.6370E-09 6.9399E-09
5.7809E-11 6.0516E-11 6.3319E-11 6.6221E-11 6.9224E-11 7.2329E-11 7.5538E-11 7.8852E-11 8.2273E-11 8.5802E-11 8.9439E-11 9.3188E-11 9.7047E-11 1.0102E-10 1.0510E-10 1.0930E-10 1.1361E-10 1.1803E-10 1.2257E-10 1.2722E-10 1.3199E-10 1.3687E-10 1.4186E-10 1.4696E-10 1.5217E-10 1.5749E-10 1.6324E-10 1.7357E-10 1.9358E-10 2.2436E-10 2.6615E-10 3.1806E-10 3.8577E-10 4.7174E-10 5.7239E-10 6.8979E-10 8.2913E-10 9.8688E-10 1.1838E-09 1.4008E-09 1.6351E-09 1.8937E-09 2.1590E-09 2.4257E-09 2.7022E-09 2.9803E-09 3.2570E-09 3.5319E-09 3.8063E-09 4.0942E-09 4.3920E-09 4.6863E-09 4.9952E-09 5.2870E-09 5.5876E-09 5.8855E-09 6.1888E-09
5.6011E-11 5.8634E-11 6.1352E-11 6.4166E-11 6.7078E-11 7.0089E-11 7.3200E-11 7.6414E-11 7.9732E-11 8.3154E-11 8.6682E-11 9.0317E-11 9.4061E-11 9.7912E-11 1.0187E-10 1.0594E-10 1.1013E-10 1.1442E-10 1.1882E-10 1.2333E-10 1.2796E-10 1.3269E-10 1.3753E-10 1.4248E-10 1.4754E-10 1.5270E-10 1.5797E-10 1.6414E-10 1.7557E-10 1.9698E-10 2.2805E-10 2.6822E-10 3.1836E-10 3.8380E-10 4.6385E-10 5.6600E-10 6.8767E-10 8.2028E-10 9.7632E-10 1.1548E-09 1.3585E-09 1.5737E-09 1.8015E-09 2.0375E-09 2.2743E-09 2.5121E-09 2.7583E-09 3.0012E-09 3.2543E-09 3.5160E-09 3.7862E-09 4.0624E-09 4.3495E-09 4.6357E-09 4.9242E-09 5.2148E-09 5.5087E-09
5.4240E-11 5.6782E-11 5.9416E-11 6.2143E-11 6.4965E-11 6.7883E-11 7.0898E-11 7.4013E-11 7.7229E-11 8.0546E-11 8.3966E-11 8.7490E-11 9.1118E-11 9.4853E-11 9.8693E-11 1.0264E-10 1.0669E-10 1.1086E-10 1.1512E-10 1.1950E-10 1.2398E-10 1.2857E-10 1.3327E-10 1.3807E-10 1.4297E-10 1.4798E-10 1.5309E-10 1.5829E-10 1.6495E-10 1.7722E-10 1.9925E-10 2.2962E-10 2.6818E-10 3.1956E-10 3.8635E-10 4.6924E-10 5.7315E-10 6.8615E-10 8.2043E-10 9.6619E-10 1.1307E-09 1.3088E-09 1.5007E-09 1.7008E-09 1.9045E-09 2.1138E-09 2.3293E-09 2.5483E-09 2.7790E-09 3.0114E-09 3.2592E-09 3.5183E-09 3.7896E-09 4.0680E-09 4.3442E-09 4.6210E-09 4.9101E-09
