Assets/Resources/2015_m01_d31_1600(utc+0800)_l00_csi_1hr_conc.grd
DSAA
         159         159
     -79.000      79.000
     -79.000      79.000
  0.0000E+00  0.3296E-05
[rows 25 to 49 of 159, columns 0 to 56 of 159]
2.0344E-09 2.2992E-09 2.5866E-09 2.9031E-09 3.2425E-09 3.6091E-09 4.0027E-09 4.4189E-09 4.8611E-09 5.3279E-09 5.8154E-09 6.3243E-09 6.8519E-09 7.3944E-09 7.9486E-09 8.5116E-09 9.0783E-09 9.6425E-09 1.0198E-08 1.0742E-08 1.1265E-08 1.1755E-08 1.2210E-08 1.2620E-08 1.2976E-08 1.3270E-08 1.3495E-08 1.3641E-08 1.3702E-08 1.3676E-08 1.3561E-08 1.3352E-08 1.3048E-08 1.2657E-08 1.2181E-08 1.1626E-08 1.1005E-08 1.0328E-08 9.6075E-09 8.8570E-09 8.0914E-09 7.3242E-09 6.5668E-09 5.8296E-09 5.1247E-09 4.4609E-09 3.8411E-09 3.2743E-09 2.7610E-09 2.3031E-09 1.8990E-09 1.5482E-09 1.2470E-09 9.8988E-10 7.7192E-10 5.8028E-10 4.2159E-10
1.9476E-09 2.2049E-09 2.4844E-09 2.7914E-09 3.1236E-09 3.4837E-09 3.8692E-09 4.2797E-09 4.7190E-09 5.1815E-09 5.6687E-09 6.1791E-09 6.7103E-09 7.2596E-09 7.8240E-09 8.3997E-09 8.9820E-09 9.5657E-09 1.0146E-08 1.0716E-08 1.1265E-08 1.1788E-08 1.2277E-08 1.2722E-08 1.3114E-08 1.3444E-08 1.3703E-08 1.3881E-08 1.3978E-08 1.3983E-08 1.3891E-08 1.3704E-08 1.3421E-08 1.3043E-08 1.2574E-08 1.2025E-08 1.1403E-08 1.0720E-08 9.9914E-09 9.2282E-09 8.4477E-09 7.6591E-09 6.8775E-09 6.1173E-09 5.3856E-09 4.6929E-09 4.0465E-09 3.4519E-09 2.9127E-09 2.4291E-09 2.0029E-09 1.6322E-09 1.3151E-09 1.0447E-09 8.1164E-10 6.1662E-10 4.4749E-10
1.8570E-09 2.1063E-09 2.3754E-09 2.6735E-09 2.9959E-09 3.3468E-09 3.7257E-09 4.1291E-09 4.5610E-09 5.0185E-09 5.5039E-09 6.0133E-09 6.5458E-09 7.0993E-09 7.6713E-09 8.2579E-09 8.8539E-09 9.4560E-09 1.0057E-08 1.0650E-08 1.1226E-08 1.1779E-08 1.2301E-08 1.2780E-08 1.3207E-08 1.3572E-08 1.3865E-08 1.4083E-08 1.4214E-08 1.4247E-08 1.4187E-08 1.4026E-08 1.3763E-08 1.3402E-08 1.2948E-08 1.2407E-08 1.1790E-08 1.1108E-08 1.0374E-08 9.6037E-09 8.8078E-09 8.0025E-09 7.2023E-09 6.4158E-09 5.6585E-09 4.9401E-09 4.2655E-09 3.6424E-09 3.0752E-09 2.5663E-09 2.1171E-09 1.7259E-09 1.3899E-09 1.1048E-09 8.5960E-10 6.5072E-10 4.7217E-10
1.7634E-09 2.0032E-09 2.2610E-09 2.5490E-09 2.8606E-09 3.2032E-09 3.5709E-09 3.9645E-09 4.3891E-09 4.8415E-09 5.3204E-09 5.8264E-09 6.3585E-09 6.9145E-09 7.4910E-09 8.0852E-09 8.6930E-09 9.3096E-09 9.9282E-09 1.0542E-08 1.1143E-08 1.1724E-08 1.2276E-08 1.2788E-08 1.3249E-08 1.3649E-08 1.3982E-08 1.4236E-08 1.4397E-08 1.4469E-08 1.4441E-08 1.4307E-08 1.4072E-08 1.3735E-08 1.3299E-08 1.2774E-08 1.2169E-08 1.1494E-08 1.0762E-08 9.9860E-09 9.1826E-09 8.3641E-09 7.5441E-09 6.7368E-09 5.9555E-09 5.2083E-09 4.5050E-09 3.8530E-09 3.2580E-09 2.7226E-09 2.2492E-09 1.8368E-09 1.4812E-09 1.1751E-09 9.1370E-10 6.9451E-10 5.0600E-10
1.6678E-09 1.8964E-09 2.1432E-09 2.4206E-09 2.7202E-09 3.0495E-09 3.4060E-09 3.7911E-09 4.2054E-09 4.6476E-09 5.1199E-09 5.6215E-09 6.1493E-09 6.7039E-09 7.2825E-09 7.8816E-09 8.4976E-09 9.1257E-09 9.7585E-09 1.0390E-08 1.1013E-08 1.1621E-08 1.2200E-08 1.2739E-08 1.3235E-08 1.3673E-08 1.4041E-08 1.4328E-08 1.4532E-08 1.4640E-08 1.4644E-08 1.4547E-08 1.4343E-08 1.4032E-08 1.3623E-08 1.3121E-08 1.2532E-08 1.1869E-08 1.1145E-08 1.0370E-08 9.5610E-09 8.7312E-09 7.8952E-09 7.0685E-09 6.2622E-09 5.4879E-09 4.7560E-09 4.0759E-09 3.4531E-09 2.8907E-09 2.3931E-09 1.9571E-09 1.5809E-09 1.2562E-09 9.7686E-10 7.4098E-10 5.4693E-10
1.5703E-09 1.7874E-09 2.0224E-09 2.2856E-09 2.5728E-09 2.8899E-09 3.2349E-09 3.6051E-09 4.0088E-09 4.4413E-09 4.9042E-09 5.3964E-09 5.9187E-09 6.4701E-09 7.0465E-09 7.6475E-09 8.2687E-09 8.9036E-09 9.5468E-09 1.0193E-08 1.0836E-08 1.1465E-08 1.2067E-08 1.2637E-08 1.3165E-08 1.3634E-08 1.4037E-08 1.4366E-08 1.4606E-08 1.4751E-08 1.4797E-08 1.4738E-08 1.4568E-08 1.4295E-08 1.3921E-08 1.3446E-08 1.2883E-08 1.2242E-08 1.1529E-08 1.0761E-08 9.9518E-09 9.1151E-09 8.2668E-09 7.4216E-09 6.5924E-09 5.7932E-09 5.0340E-09 4.3256E-09 3.6750E-09 3.0847E-09 2.5589E-09 2.0985E-09 1.6971E-09 1.3469E-09 1.0440E-09 7.9534E-10 5.9091E-10
1.4715E-09 1.6757E-09 1.8976E-09 2.1474E-09 2.4233E-09 2.7246E-09 3.0546E-09 3.4113E-09 3.8033E-09 4.2219E-09 4.6724E-09 5.1545E-09 5.6686E-09 6.2122E-09 6.7845E-09 7.3833E-09 8.0042E-09 8.6423E-09 9.2934E-09 9.9518E-09 1.0609E-08 1.1253E-08 1.1879E-08 1.2477E-08 1.3029E-08 1.3532E-08 1.3972E-08 1.4333E-08 1.4615E-08 1.4803E-08 1.4891E-08 1.4873E-08 1.4751E-08 1.4522E-08 1.4183E-08 1.3749E-08 1.3219E-08 1.2599E-08 1.1907E-08 1.1150E-08 1.0345E-08 9.5058E-09 8.6483E-09 7.7875E-09 6.9395E-09 6.1169E-09 5.3320E-09 4.5963E-09 3.9167E-09 3.2980E-09 2.7428E-09 2.2536E-09 1.8250E-09 1.4469E-09 1.1251E-09 8.5898E-10 6.3462E-10
1.3684E-09 1.5616E-09 1.7713E-09 2.0078E-09 2.2668E-09 2.5538E-09 2.8709E-09 3.2119E-09 3.5872E-09 3.9913E-09 4.4288E-09 4.8983E-09 5.3989E-09 5.9324E-09 6.4970E-09 7.0900E-09 7.7072E-09 8.3446E-09 8.9992E-09 9.6644E-09 1.0330E-08 1.0989E-08 1.1634E-08 1.2251E-08 1.2832E-08 1.3365E-08 1.3835E-08 1.4238E-08 1.4561E-08 1.4789E-08 1.4925E-08 1.4960E-08 1.4884E-08 1.4703E-08 1.4417E-08 1.4023E-08 1.3528E-08 1.2944E-08 1.2275E-08 1.1536E-08 1.0741E-08 9.9038E-09 9.0428E-09 8.1710E-09 7.3066E-09 6.4645E-09 5.6561E-09 4.8910E-09 4.1822E-09 3.5327E-09 2.9464E-09 2.4291E-09 1.9654E-09 1.5569E-09 1.2119E-09 9.2948E-10 6.9408E-10
1.2655E-09 1.4472E-09 1.6413E-09 1.8636E-09 2.1080E-09 2.3809E-09 2.6799E-09 3.0048E-09 3.3641E-09 3.7525E-09 4.1726E-09 4.6275E-09 5.1131E-09 5.6345E-09 6.1872E-09 6.7698E-09 7.3789E-09 8.0122E-09 8.6658E-09 9.3314E-09 1.0002E-08 1.0672E-08 1.1330E-08 1.1966E-08 1.2570E-08 1.3128E-08 1.3634E-08 1.4075E-08 1.4435E-08 1.4717E-08 1.4904E-08 1.4986E-08 1.4971E-08 1.4845E-08 1.4607E-08 1.4263E-08 1.3813E-08 1.3265E-08 1.2627E-08 1.1911E-08 1.1132E-08 1.0305E-08 9.4445E-09 8.5688E-09 7.6924E-09 6.8313E-09 5.9999E-09 5.2080E-09 4.4680E-09 3.7891E-09 3.1710E-09 2.6134E-09 2.1149E-09 1.6816E-09 1.3173E-09 1.0099E-09 7.5667E-10
1.1628E-09 1.3298E-09 1.5106E-09 1.7201E-09 1.9485E-09 2.2037E-09 2.4862E-09 2.7945E-09 3.1358E-09 3.5051E-09 3.9076E-09 4.3451E-09 4.8128E-09 5.3191E-09 5.8568E-09 6.4255E-09 7.0225E-09 7.6473E-09 8.2945E-09 8.9565E-09 9.6278E-09 1.0303E-08 1.0970E-08 1.1619E-08 1.2241E-08 1.2828E-08 1.3366E-08 1.3841E-08 1.4252E-08 1.4580E-08 1.4818E-08 1.4964E-08 1.5004E-08 1.4934E-08 1.4755E-08 1.4463E-08 1.4061E-08 1.3555E-08 1.2955E-08 1.2272E-08 1.1516E-08 1.0704E-08 9.8518E-09 8.9752E-09 8.0901E-09 7.2140E-09 6.3602E-09 5.5428E-09 4.7730E-09 4.0586E-09 3.4042E-09 2.8084E-09 2.2762E-09 1.8136E-09 1.4238E-09 1.1001E-09 8.3027E-10
1.0591E-09 1.2142E-09 1.3815E-09 1.5746E-09 1.7873E-09 2.0269E-09 2.2915E-09 2.5803E-09 2.9028E-09 3.2526E-09 3.6358E-09 4.0533E-09 4.5019E-09 4.9890E-09 5.5079E-09 6.0588E-09 6.6412E-09 7.2531E-09 7.8884E-09 8.5418E-09 9.2104E-09 9.8852E-09 1.0555E-08 1.1216E-08 1.1856E-08 1.2463E-08 1.3032E-08 1.3549E-08 1.4000E-08 1.4379E-08 1.4675E-08 1.4879E-08 1.4978E-08 1.4970E-08 1.4851E-08 1.4615E-08 1.4269E-08 1.3817E-08 1.3264E-08 1.2620E-08 1.1897E-08 1.1110E-08 1.0272E-08 9.4016E-09 8.5134E-09 7.6239E-09 6.7517E-09 5.9083E-09 5.1057E-09 4.3565E-09 3.6591E-09 3.0225E-09 2.4537E-09 1.9623E-09 1.5508E-09 1.1991E-09 9.0586E-10
9.5840E-10 1.0998E-09 1.2525E-09 1.4309E-09 1.6281E-09 1.8494E-09 2.0960E-09 2.3656E-09 2.6682E-09 2.9970E-09 3.3592E-09 3.7550E-09 4.1814E-09 4.6470E-09 5.1452E-09 5.6740E-09 6.2372E-09 6.8313E-09 7.4511E-09 8.0925E-09 8.7523E-09 9.4206E-09 1.0093E-08 1.0760E-08 1.1412E-08 1.2044E-08 1.2640E-08 1.3190E-08 1.3687E-08 1.4116E-08 1.4468E-08 1.4725E-08 1.4888E-08 1.4945E-08 1.4886E-08 1.4717E-08 1.4436E-08 1.4043E-08 1.3544E-08 1.2948E-08 1.2265E-08 1.1508E-08 1.0690E-08 9.8279E-09 8.9401E-09 8.0414E-09 7.1506E-09 6.2827E-09 5.4475E-09 4.6571E-09 3.9203E-09 3.2449E-09 2.6464E-09 2.1288E-09 1.6830E-09 1.3079E-09 9.9508E-10
8.5877E-10 9.8792E-10 1.1272E-09 1.2904E-09 1.4706E-09 1.6746E-09 1.9025E-09 2.1523E-09 2.4340E-09 2.7408E-09 3.0809E-09 3.4520E-09 3.8549E-09 4.2972E-09 4.7693E-09 5.2746E-09 5.8164E-09 6.3881E-09 6.9867E-09 7.6121E-09 8.2585E-09 8.9185E-09 9.5873E-09 1.0257E-08 1.0922E-08 1.1570E-08 1.2190E-08 1.2775E-08 1.3313E-08 1.3786E-08 1.4188E-08 1.4508E-08 1.4731E-08 1.4851E-08 1.4867E-08 1.4769E-08 1.4555E-08 1.4229E-08 1.3792E-08 1.3251E-08 1.2616E-08 1.1895E-08 1.1104E-08 1.0261E-08 9.3775E-09 8.4741E-09 7.5677E-09 6.6718E-09 5.8029E-09 4.9739E-09 4.1999E-09 3.4865E-09 2.8539E-09 2.3046E-09 1.8301E-09 1.4288E-09 1.0925E-09
7.6166E-10 8.8036E-10 1.0049E-09 1.1533E-09 1.3175E-09 1.5040E-09 1.7130E-09 1.9425E-09 2.2027E-09 2.4871E-09 2.8026E-09 3.1483E-09 3.5269E-09 3.9409E-09 4.3862E-09 4.8675E-09 5.3811E-09 5.9265E-09 6.5037E-09 7.1078E-09 7.7358E-09 8.3837E-09 9.0456E-09 9.7158E-09 1.0387E-08 1.1047E-08 1.1689E-08 1.2304E-08 1.2873E-08 1.3392E-08 1.3845E-08 1.4218E-08 1.4506E-08 1.4699E-08 1.4786E-08 1.4764E-08 1.4626E-08 1.4373E-08 1.4006E-08 1.3527E-08 1.2946E-08 1.2271E-08 1.1514E-08 1.0689E-08 9.8170E-09 8.9095E-09 7.9874E-09 7.0674E-09 6.1697E-09 5.3047E-09 4.4915E-09 3.7470E-09 3.0825E-09 2.4981E-09 1.9890E-09 1.5594E-09 1.2031E-09
6.6929E-10 7.7561E-10 8.8635E-10 1.0215E-09 1.1698E-09 1.3391E-09 1.5292E-09 1.7388E-09 1.9768E-09 2.2373E-09 2.5288E-09 2.8486E-09 3.1983E-09 3.5843E-09 4.0021E-09 4.4524E-09 4.9368E-09 5.4562E-09 6.0043E-09 6.5855E-09 7.1945E-09 7.8257E-09 8.4762E-09 9.1416E-09 9.8119E-09 1.0481E-08 1.1140E-08 1.1774E-08 1.2378E-08 1.2935E-08 1.3434E-08 1.3868E-08 1.4221E-08 1.4485E-08 1.4648E-08 1.4704E-08 1.4646E-08 1.4472E-08 1.4181E-08 1.3772E-08 1.3250E-08 1.2622E-08 1.1905E-08 1.1108E-08 1.0248E-08 9.3420E-09 8.4090E-09 7.4700E-09 6.5410E-09 5.6436E-09 4.7966E-09 4.0197E-09 3.3198E-09 2.7001E-09 2.1626E-09 1.7046E-09 1.3213E-09
5.7930E-10 6.7598E-10 7.7548E-10 8.9527E-10 1.0286E-09 1.1815E-09 1.3532E-09 1.5417E-09 1.7578E-09 1.9961E-09 2.2609E-09 2.5534E-09 2.8760E-09 3.2329E-09 3.6175E-09 4.0380E-09 4.4922E-09 4.9791E-09 5.4994E-09 6.0553E-09 6.6388E-09 7.2500E-09 7.8869E-09 8.5403E-09 9.2069E-09 9.8780E-09 1.0546E-08 1.1200E-08 1.1828E-08 1.2422E-08 1.2969E-08 1.3459E-08 1.3876E-08 1.4210E-08 1.4451E-08 1.4589E-08 1.4617E-08 1.4525E-08 1.4311E-08 1.3973E-08 1.3517E-08 1.2950E-08 1.2277E-08 1.1513E-08 1.0671E-08 9.7712E-09 8.8356E-09 7.8784E-09 6.9257E-09 5.9992E-09 5.1229E-09 4.3123E-09 3.5744E-09 2.9206E-09 2.3467E-09 1.8551E-09 1.4459E-09
4.9629E-10 5.8140E-10 6.6757E-10 7.7646E-10 8.9500E-10 1.0315E-09 1.1855E-09 1.3542E-09 1.5494E-09 1.7625E-09 2.0021E-09 2.2699E-09 2.5622E-09 2.8872E-09 3.2422E-09 3.6308E-09 4.0500E-09 4.5042E-09 4.9978E-09 5.5212E-09 6.0782E-09 6.6672E-09 7.2818E-09 7.9202E-09 8.5779E-09 9.2471E-09 9.9178E-09 1.0584E-08 1.1237E-08 1.1864E-08 1.2455E-08 1.2997E-08 1.3475E-08 1.3880E-08 1.4200E-08 1.4421E-08 1.4531E-08 1.4522E-08 1.4392E-08 1.4137E-08 1.3755E-08 1.3249E-08 1.2627E-08 1.1901E-08 1.1086E-08 1.0201E-08 9.2608E-09 8.2934E-09 7.3195E-09 6.3695E-09 5.4635E-09 4.6203E-09 3.8470E-09 3.1527E-09 2.5448E-09 2.0190E-09 1.5797E-09
4.1741E-10 4.9064E-10 5.6865E-10 6.6429E-10 7.6741E-10 8.8987E-10 1.0272E-09 1.1771E-09 1.3503E-09 1.5411E-09 1.7575E-09 1.9955E-09 2.2593E-09 2.5561E-09 2.8766E-09 3.2326E-09 3.6204E-09 4.0419E-09 4.5007E-09 4.9932E-09 5.5218E-09 6.0812E-09 6.6720E-09 7.2918E-09 7.9346E-09 8.5941E-09 9.2675E-09 9.9421E-09 1.0612E-08 1.1270E-08 1.1900E-08 1.2488E-08 1.3027E-08 1.3500E-08 1.3894E-08 1.4192E-08 1.4388E-08 1.4469E-08 1.4424E-08 1.4252E-08 1.3941E-08 1.3507E-08 1.2943E-08 1.2265E-08 1.1483E-08 1.0614E-08 9.6818E-09 8.7085E-09 7.7229E-09 6.7535E-09 5.8232E-09 4.9448E-09 4.1335E-09 3.4002E-09 2.7536E-09 2.1964E-09 1.7263E-09
3.4617E-10 4.1030E-10 4.7695E-10 5.5914E-10 6.4895E-10 7.5974E-10 8.7831E-10 1.0090E-09 1.1645E-09 1.3339E-09 1.5233E-09 1.7364E-09 1.9740E-09 2.2371E-09 2.5270E-09 2.8533E-09 3.2048E-09 3.5925E-09 4.0208E-09 4.4780E-09 4.9733E-09 5.5024E-09 6.0678E-09 6.6624E-09 7.2873E-09 7.9361E-09 8.6030E-09 9.2833E-09 9.9690E-09 1.0648E-08 1.1308E-08 1.1941E-08 1.2534E-08 1.3068E-08 1.3532E-08 1.3911E-08 1.4189E-08 1.4355E-08 1.4396E-08 1.4308E-08 1.4085E-08 1.3721E-08 1.3226E-08 1.2600E-08 1.1859E-08 1.1017E-08 1.0097E-08 9.1266E-09 8.1351E-09 7.1542E-09 6.1956E-09 5.2857E-09 4.4423E-09 3.6719E-09 2.9857E-09 2.3863E-09 1.8752E-09
2.7932E-10 3.3745E-10 3.9329E-10 4.6326E-10 5.4127E-10 6.3590E-10 7.3949E-10 8.5811E-10 9.9190E-10 1.1373E-09 1.3051E-09 1.4947E-09 1.7024E-09 1.9374E-09 2.1992E-09 2.4913E-09 2.8110E-09 3.1661E-09 3.5588E-09 3.9800E-09 4.4450E-09 4.9411E-09 5.4744E-09 6.0447E-09 6.6477E-09 7.2787E-09 7.9393E-09 8.6185E-09 9.3087E-09 1.0002E-08 1.0690E-08 1.1360E-08 1.1998E-08 1.2589E-08 1.3119E-08 1.3569E-08 1.3928E-08 1.4180E-08 1.4313E-08 1.4314E-08 1.4173E-08 1.3892E-08 1.3464E-08 1.2897E-08 1.2197E-08 1.1385E-08 1.0486E-08 9.5291E-09 8.5414E-09 7.5452E-09 6.5686E-09 5.6313E-09 4.7521E-09 3.9471E-09 3.2291E-09 2.5960E-09 2.0489E-09
2.1780E-10 2.6736E-10 3.1803E-10 3.8006E-10 4.4615E-10 5.2357E-10 6.1667E-10 7.1709E-10 8.3031E-10 9.5821E-10 1.1060E-09 1.2691E-09 1.4513E-09 1.6597E-09 1.8908E-09 2.1521E-09 2.4425E-09 2.7611E-09 3.1203E-09 3.5101E-09 3.9366E-09 4.4018E-09 4.9037E-09 5.4454E-09 6.0240E-09 6.6360E-09 7.2793E-09 7.9508E-09 8.6399E-09 9.3429E-09 1.0049E-08 1.0747E-08 1.1423E-08 1.2065E-08 1.2652E-08 1.3174E-08 1.3610E-08 1.3949E-08 1.4166E-08 1.4257E-08 1.4207E-08 1.4006E-08 1.3654E-08 1.3146E-08 1.2505E-08 1.1739E-08 1.0879E-08 9.9446E-09 8.9628E-09 7.9628E-09 6.9695E-09 6.0105E-09 5.1030E-09 4.2631E-09 3.5018E-09 2.8242E-09 2.2372E-09
1.6519E-10 2.0368E-10 2.4477E-10 3.0073E-10 3.5868E-10 4.2606E-10 5.0511E-10 5.8907E-10 6.8733E-10 7.9749E-10 9.2299E-10 1.0635E-09 1.2214E-09 1.4040E-09 1.6087E-09 1.8417E-09 2.0979E-09 2.3845E-09 2.7120E-09 3.0651E-09 3.4570E-09 3.8905E-09 4.3604E-09 4.8709E-09 5.4192E-09 6.0070E-09 6.6303E-09 7.2879E-09 7.9700E-09 8.6733E-09 9.3904E-09 1.0111E-08 1.0818E-08 1.1498E-08 1.2141E-08 1.2725E-08 1.3236E-08 1.3651E-08 1.3960E-08 1.4139E-08 1.4176E-08 1.4058E-08 1.3783E-08 1.3358E-08 1.2779E-08 1.2074E-08 1.1258E-08 1.0354E-08 9.3941E-09 8.3967E-09 7.4008E-09 6.4192E-09 5.4796E-09 4.6060E-09 3.8008E-09 3.0833E-09 2.4518E-09
1.1223E-10 1.5010E-10 1.8610E-10 2.2974E-10 2.7641E-10 3.4052E-10 4.0503E-10 4.7507E-10 5.6199E-10 6.5378E-10 7.6030E-10 8.7906E-10 1.0163E-09 1.1777E-09 1.3544E-09 1.5576E-09 1.7854E-09 2.0401E-09 2.3332E-09 2.6533E-09 3.0132E-09 3.4126E-09 3.8454E-09 4.3224E-09 4.8407E-09 5.4020E-09 5.9990E-09 6.6353E-09 7.3044E-09 8.0039E-09 8.7256E-09 9.4539E-09 1.0181E-08 1.0897E-08 1.1585E-08 1.2226E-08 1.2802E-08 1.3298E-08 1.3687E-08 1.3949E-08 1.4076E-08 1.4049E-08 1.3865E-08 1.3517E-08 1.3018E-08 1.2381E-08 1.1621E-08 1.0762E-08 9.8287E-09 8.8451E-09 7.8477E-09 6.8509E-09 5.8905E-09 4.9766E-09 4.1281E-09 3.3629E-09 2.6842E-09
6.6154E-11 9.3734E-11 1.2224E-10 1.6255E-10 2.0594E-10 2.5818E-10 3.1267E-10 3.7974E-10 4.5169E-10 5.2700E-10 6.1527E-10 7.1867E-10 8.3844E-10 9.7457E-10 1.1270E-09 1.3056E-09 1.5046E-09 1.7293E-09 1.9924E-09 2.2831E-09 2.6061E-09 2.9702E-09 3.3698E-09 3.8118E-09 4.2954E-09 4.8230E-09 5.3919E-09 6.0020E-09 6.6537E-09 7.3387E-09 8.0498E-09 8.7808E-09 9.5244E-09 1.0265E-08 1.0988E-08 1.1678E-08 1.2316E-08 1.2876E-08 1.3346E-08 1.3696E-08 1.3915E-08 1.3981E-08 1.3887E-08 1.3638E-08 1.3229E-08 1.2672E-08 1.1977E-08 1.1171E-08 1.0272E-08 9.3097E-09 8.3157E-09 7.3065E-09 6.3211E-09 5.3699E-09 4.4850E-09 3.6721E-09 2.9422E-09
2.7814E-11 4.9877E-11 7.0659E-11 1.0179E-10 1.3355E-10 1.7492E-10 2.2741E-10 2.8257E-10 3.4517E-10 4.1663E-10 4.9571E-10 5.8315E-10 6.8206E-10 7.9630E-10 9.2806E-10 1.0821E-09 1.2560E-09 1.4543E-09 1.6881E-09 1.9460E-09 2.2369E-09 2.5674E-09 2.9292E-09 3.3329E-09 3.7830E-09 4.2754E-09 4.8120E-09 5.3905E-09 6.0148E-09 6.6778E-09 7.3765E-09 8.1013E-09 8.8482E-09 9.6045E-09 1.0356E-08 1.1086E-08 1.1773E-08 1.2400E-08 1.2942E-08 1.3381E-08 1.3686E-08 1.3855E-08 1.3870E-08 1.3724E-08 1.3411E-08 1.2944E-08 1.2331E-08 1.1593E-08 1.0744E-08 9.8224E-09 8.8334E-09 7.8220E-09 6.8137E-09 5.8277E-09 4.9001E-09 4.0362E-09 3.2583E-09
