Assets/Resources/2015_m01_d03_1300(utc+0800)_l00_csi_1hr_conc.grd
DSAA
         159         159
     -79.000      79.000
     -79.000      79.000
  0.2247E-10  0.2054E-05
[rows 75 to 99 of 159, columns 57 to 113 of 159]
1.2066E-09 1.2403E-09 1.2745E-09 1.3082E-09 1.3424E-09 1.3795E-09 1.4167E-09 1.4547E-09 1.4905E-09 1.5279E-09 1.5652E-09 1.6020E-09 1.6405E-09 1.6793E-09 1.7171E-09 1.7567E-09 1.7967E-09 1.8356E-09 1.8746E-09 1.9135E-09 1.9526E-09 1.9920E-09 2.0315E-09 2.0711E-09 2.1109E-09 2.1508E-09 2.1907E-09 2.2352E-09 2.2803E-09 2.3235E-09 2.3717E-09 2.4157E-09 2.4644E-09 2.5081E-09 2.5582E-09 2.6014E-09 2.6476E-09 2.6960E-09 2.7412E-09 2.7863E-09 2.8333E-09 2.8789E-09 2.9221E-09 2.9677E-09 3.0118E-09 3.0521E-09 3.0925E-09 3.1378E-09 3.1752E-09 3.2113E-09 3.2469E-09 3.2838E-09 3.3151E-09 3.3446E-09 3.3721E-09 3.3974E-09 3.4205E-09
1.2194E-09 1.2535E-09 1.2883E-09 1.3235E-09 1.3599E-09 1.3972E-09 1.4348E-09 1.4722E-09 1.5097E-09 1.5477E-09 1.5849E-09 1.6242E-09 1.6636E-09 1.7019E-09 1.7422E-09 1.7829E-09 1.8227E-09 1.8625E-09 1.9023E-09 1.9424E-09 1.9827E-09 2.0233E-09 2.0641E-09 2.1051E-09 2.1463E-09 2.1876E-09 2.2357E-09 2.2803E-09 2.3307E-09 2.3753E-09 2.4234E-09 2.4722E-09 2.5191E-09 2.5708E-09 2.6184E-09 2.6704E-09 2.7166E-09 2.7658E-09 2.8172E-09 2.8664E-09 2.9135E-09 2.9633E-09 3.0118E-09 3.0578E-09 3.1061E-09 3.1527E-09 3.1956E-09 3.2383E-09 3.2828E-09 3.3221E-09 3.3599E-09 3.3960E-09 3.4302E-09 3.4624E-09 3.4926E-09 3.5204E-09 3.5460E-09
1.2324E-09 1.2672E-09 1.3026E-09 1.3378E-09 1.3747E-09 1.4137E-09 1.4525E-09 1.4906E-09 1.5274E-09 1.5666E-09 1.6057E-09 1.6455E-09 1.6847E-09 1.7259E-09 1.7672E-09 1.8077E-09 1.8482E-09 1.8889E-09 1.9298E-09 1.9711E-09 2.0127E-09 2.0546E-09 2.0967E-09 2.1391E-09 2.1817E-09 2.2324E-09 2.2774E-09 2.3294E-09 2.3758E-09 2.4290E-09 2.4767E-09 2.5310E-09 2.5797E-09 2.6298E-09 2.6846E-09 2.7355E-09 2.7908E-09 2.8412E-09 2.8927E-09 2.9473E-09 2.9997E-09 3.0500E-09 3.1029E-09 3.1544E-09 3.2025E-09 3.2545E-09 3.3009E-09 3.3462E-09 3.3902E-09 3.4328E-09 3.4738E-09 3.5132E-09 3.5506E-09 3.5859E-09 3.6190E-09 3.6497E-09 3.6778E-09
1.2449E-09 1.2798E-09 1.3157E-09 1.3539E-09 1.3918E-09 1.4313E-09 1.4684E-09 1.5070E-09 1.5462E-09 1.5862E-09 1.6250E-09 1.6661E-09 1.7075E-09 1.7491E-09 1.7904E-09 1.8319E-09 1.8733E-09 1.9150E-09 1.9572E-09 1.9997E-09 2.0426E-09 2.0857E-09 2.1292E-09 2.1730E-09 2.2251E-09 2.2714E-09 2.3251E-09 2.3730E-09 2.4282E-09 2.4776E-09 2.5352E-09 2.5851E-09 2.6438E-09 2.6949E-09 2.7525E-09 2.8068E-09 2.8622E-09 2.9200E-09 2.9740E-09 3.0291E-09 3.0871E-09 3.1430E-09 3.1968E-09 3.2530E-09 3.3048E-09 3.3557E-09 3.4057E-09 3.4547E-09 3.5024E-09 3.5486E-09 3.5931E-09 3.6359E-09 3.6767E-09 3.7153E-09 3.7515E-09 3.7852E-09 3.8161E-09
1.2579E-09 1.2929E-09 1.3308E-09 1.3684E-09 1.4077E-09 1.4462E-09 1.4853E-09 1.5249E-09 1.5646E-09 1.6043E-09 1.6455E-09 1.6873E-09 1.7285E-09 1.7715E-09 1.8136E-09 1.8557E-09 1.8981E-09 1.9410E-09 1.9844E-09 2.0281E-09 2.0723E-09 2.1168E-09 2.1617E-09 2.2138E-09 2.2625E-09 2.3177E-09 2.3671E-09 2.4240E-09 2.4762E-09 2.5348E-09 2.5887E-09 2.6478E-09 2.7033E-09 2.7637E-09 2.8187E-09 2.8801E-09 2.9382E-09 2.9974E-09 3.0591E-09 3.1179E-09 3.1768E-09 3.2377E-09 3.2944E-09 3.3506E-09 3.4062E-09 3.4612E-09 3.5152E-09 3.5680E-09 3.6197E-09 3.6698E-09 3.7180E-09 3.7643E-09 3.8085E-09 3.8505E-09 3.8900E-09 3.9268E-09 3.9608E-09
1.2689E-09 1.3051E-09 1.3437E-09 1.3833E-09 1.4230E-09 1.4622E-09 1.5018E-09 1.5411E-09 1.5816E-09 1.6234E-09 1.6655E-09 1.7071E-09 1.7506E-09 1.7932E-09 1.8360E-09 1.8791E-09 1.9227E-09 1.9668E-09 2.0113E-09 2.0563E-09 2.1018E-09 2.1477E-09 3.3784E-09 2.2508E-09 2.3072E-09 2.3601E-09 2.4164E-09 2.4725E-09 2.5308E-09 2.5888E-09 2.6480E-09 2.7078E-09 2.7688E-09 2.8283E-09 2.8927E-09 2.9538E-09 3.0193E-09 3.0796E-09 3.1431E-09 3.2089E-09 3.2700E-09 3.3309E-09 3.3918E-09 3.4522E-09 3.5121E-09 3.5713E-09 3.6295E-09 3.6864E-09 3.7419E-09 3.7961E-09 3.8486E-09 3.8988E-09 3.9468E-09 3.9924E-09 4.0354E-09 4.0753E-09 4.1124E-09
1.2812E-09 1.3186E-09 1.3582E-09 1.3985E-09 1.4365E-09 1.4762E-09 1.5168E-09 1.5581E-09 1.5995E-09 1.6410E-09 1.6844E-09 1.7278E-09 1.7711E-09 1.8145E-09 1.8581E-09 1.9023E-09 1.9470E-09 1.9922E-09 2.0380E-09 2.0843E-09 2.1311E-09 2.1853E-09 2.2359E-09 2.0540E-06 2.3479E-09 2.4056E-09 2.4653E-09 2.5232E-09 2.5862E-09 2.6443E-09 2.7094E-09 2.7696E-09 2.8347E-09 2.8990E-09 2.9629E-09 3.0318E-09 3.0973E-09 3.1673E-09 3.2322E-09 3.2973E-09 3.3626E-09 3.4279E-09 3.4932E-09 3.5581E-09 3.6224E-09 3.6861E-09 3.7492E-09 3.8109E-09 3.8712E-09 3.9298E-09 3.9865E-09 4.0412E-09 4.0932E-09 4.1441E-09 4.1908E-09 4.2344E-09 4.2751E-09
1.2924E-09 1.3303E-09 1.3705E-09 1.4110E-09 1.4509E-09 1.4916E-09 1.5326E-09 1.5736E-09 1.6161E-09 1.6594E-09 1.7037E-09 1.7471E-09 1.7911E-09 1.8351E-09 1.8798E-09 1.9251E-09 1.9709E-09 2.0174E-09 2.0644E-09 2.1120E-09 2.1648E-09 2.2176E-09 2.2762E-09 8.9057E-07 1.7729E-07 2.4537E-09 2.5120E-09 2.5768E-09 2.6367E-09 2.7039E-09 2.7663E-09 2.8358E-09 2.9007E-09 2.9733E-09 3.0394E-09 3.1091E-09 3.1818E-09 3.2503E-09 3.3194E-09 3.3889E-09 3.4589E-09 3.5289E-09 3.5992E-09 3.6693E-09 3.7388E-09 3.8075E-09 3.8755E-09 3.9425E-09 4.0078E-09 4.0709E-09 4.1335E-09 4.1924E-09 4.2488E-09 4.3024E-09 4.3544E-09 4.4050E-09 4.4500E-09
1.3044E-09 1.3444E-09 1.3844E-09 1.4243E-09 1.4637E-09 1.5048E-09 1.5470E-09 1.5899E-09 1.6336E-09 1.6764E-09 1.7217E-09 1.7660E-09 1.8104E-09 1.8554E-09 1.9012E-09 1.9475E-09 1.9945E-09 2.0422E-09 2.0905E-09 2.1439E-09 2.1976E-09 2.2569E-09 2.3132E-09 1.7424E-07 6.7075E-07 2.6315E-08 2.5637E-09 2.6252E-09 2.6943E-09 2.7587E-09 2.8316E-09 2.8988E-09 2.9732E-09 3.0421E-09 3.1198E-09 3.1911E-09 3.2631E-09 3.3361E-09 3.4099E-09 3.4846E-09 3.5599E-09 3.6355E-09 3.7110E-09 3.7867E-09 3.8619E-09 3.9358E-09 4.0085E-09 4.0817E-09 4.1521E-09 4.2206E-09 4.2870E-09 4.3522E-09 4.4133E-09 4.4724E-09 4.5286E-09 4.5823E-09 4.6322E-09
1.3150E-09 1.3545E-09 1.3951E-09 1.4360E-09 1.4773E-09 1.5195E-09 1.5621E-09 1.6047E-09 1.6490E-09 1.6941E-09 1.7389E-09 1.7839E-09 1.8293E-09 1.8753E-09 1.9221E-09 1.9696E-09 2.0178E-09 2.0666E-09 2.1184E-09 2.1738E-09 2.2349E-09 2.2920E-09 2.3540E-09 3.7382E-08 5.4310E-07 1.8937E-07 6.3451E-09 2.6841E-09 2.7510E-09 2.8219E-09 2.8943E-09 2.9683E-09 3.0417E-09 3.1206E-09 3.1950E-09 3.2704E-09 3.3473E-09 3.4257E-09 3.5052E-09 3.5855E-09 3.6665E-09 3.7480E-09 3.8288E-09 3.9094E-09 3.9913E-09 4.0711E-09 4.1495E-09 4.2265E-09 4.3035E-09 4.3775E-09 4.4493E-09 4.5199E-09 4.5890E-09 4.6546E-09 4.7163E-09 4.7747E-09 4.8298E-09
1.3263E-09 1.3670E-09 1.4074E-09 1.4485E-09 1.4906E-09 1.5322E-09 1.5757E-09 1.6203E-09 1.6657E-09 1.7103E-09 1.7557E-09 1.8013E-09 1.8477E-09 1.8948E-09 1.9426E-09 1.9912E-09 2.0405E-09 2.0906E-09 2.1487E-09 2.2070E-09 2.2680E-09 2.3297E-09 2.3939E-09 8.9132E-09 2.6396E-07 3.5065E-07 6.1208E-08 4.3487E-09 2.8690E-09 2.9069E-09 2.9673E-09 3.0409E-09 3.1162E-09 3.1934E-09 3.2721E-09 3.3532E-09 3.4361E-09 3.5201E-09 3.6056E-09 3.6916E-09 3.7778E-09 3.8645E-09 3.9527E-09 4.0389E-09 4.1249E-09 4.2119E-09 4.2968E-09 4.3799E-09 4.4627E-09 4.5437E-09 4.6212E-09 4.6977E-09 4.7720E-09 4.8447E-09 4.9143E-09 4.9781E-09 5.0379E-09
1.3365E-09 1.3763E-09 1.4173E-09 1.4595E-09 1.5022E-09 1.5458E-09 1.5903E-09 1.6354E-09 1.6806E-09 1.7258E-09 1.7718E-09 1.8183E-09 1.8656E-09 1.9138E-09 1.9627E-09 2.0124E-09 2.0629E-09 2.1190E-09 2.1799E-09 2.2392E-09 2.3035E-09 2.3674E-09 2.4322E-09 3.0103E-09 1.1291E-07 3.1939E-07 1.6157E-07 2.8897E-08 4.8498E-09 3.2148E-09 3.1116E-09 3.1298E-09 3.1930E-09 3.2685E-09 3.3539E-09 3.4407E-09 3.5295E-09 3.6193E-09 3.7097E-09 3.8013E-09 3.8933E-09 3.9869E-09 4.0799E-09 4.1744E-09 4.2666E-09 4.3597E-09 4.4510E-09 4.5425E-09 4.6306E-09 4.7177E-09 4.8040E-09 4.8876E-09 4.9684E-09 5.0461E-09 5.1228E-09 5.1945E-09 5.2595E-09
1.3458E-09 1.3871E-09 1.4287E-09 1.4712E-09 1.5146E-09 1.5578E-09 1.6028E-09 1.6490E-09 1.6948E-09 1.7408E-09 1.7874E-09 1.8348E-09 1.8831E-09 1.9322E-09 1.9822E-09 2.0330E-09 2.0893E-09 2.1472E-09 2.2079E-09 2.2726E-09 2.3370E-09 2.4045E-09 2.4764E-09 2.7030E-09 5.2315E-08 2.1722E-07 2.1320E-07 7.8717E-08 1.8150E-08 5.3988E-09 3.7169E-09 3.3543E-09 3.3134E-09 3.3620E-09 3.4393E-09 3.5323E-09 3.6259E-09 3.7213E-09 3.8178E-09 3.9172E-09 4.0169E-09 4.1172E-09 4.2191E-09 4.3219E-09 4.4245E-09 4.5243E-09 4.6220E-09 4.7203E-09 4.8165E-09 4.9098E-09 5.0041E-09 5.0964E-09 5.1830E-09 5.2661E-09 5.3456E-09 5.4206E-09 5.4938E-09
1.3544E-09 1.3956E-09 1.4378E-09 1.4813E-09 1.5254E-09 1.5705E-09 1.6165E-09 1.6622E-09 1.7084E-09 1.7550E-09 1.8025E-09 1.8508E-09 1.9000E-09 1.9502E-09 2.0012E-09 2.0554E-09 2.1134E-09 2.1753E-09 2.2402E-09 2.3059E-09 2.3728E-09 2.4417E-09 2.5246E-09 2.7794E-09 2.7815E-08 1.3418E-07 2.0462E-07 1.2708E-07 4.5021E-08 1.4025E-08 5.7358E-09 4.1594E-09 3.6518E-09 3.5218E-09 3.5486E-09 3.6328E-09 3.7279E-09 3.8308E-09 3.9376E-09 4.0446E-09 4.1552E-09 4.2675E-09 4.3784E-09 4.4905E-09 4.6028E-09 4.7139E-09 4.8211E-09 4.9265E-09 5.0306E-09 5.1324E-09 5.2310E-09 5.3275E-09 5.4204E-09 5.5108E-09 5.5940E-09 5.6727E-09 5.7465E-09
1.3628E-09 1.4055E-09 1.4483E-09 1.4921E-09 1.5369E-09 1.5815E-09 1.6281E-09 1.6745E-09 1.7212E-09 1.7686E-09 1.8170E-09 1.8662E-09 1.9164E-09 1.9675E-09 2.0196E-09 2.0776E-09 2.1405E-09 2.2032E-09 2.2681E-09 2.3383E-09 2.4086E-09 2.4801E-09 2.5863E-09 2.9190E-09 1.7089E-08 8.2287E-08 1.6239E-07 1.4802E-07 7.7865E-08 3.0315E-08 1.2026E-08 6.1226E-09 4.4881E-09 3.9841E-09 3.7921E-09 3.7847E-09 3.8709E-09 3.9682E-09 4.0753E-09 4.1933E-09 4.3134E-09 4.4356E-09 4.5587E-09 4.6795E-09 4.8018E-09 4.9219E-09 5.0401E-09 5.1539E-09 5.2695E-09 5.3801E-09 5.4877E-09 5.5906E-09 5.6909E-09 5.7861E-09 5.8752E-09 5.9571E-09 6.0322E-09
1.3708E-09 1.4132E-09 1.4565E-09 1.5010E-09 1.5468E-09 1.5933E-09 1.6394E-09 1.6863E-09 1.7335E-09 1.7817E-09 1.8309E-09 1.8810E-09 1.9322E-09 1.9843E-09 2.0421E-09 2.1016E-09 2.1642E-09 2.2311E-09 2.3003E-09 2.3707E-09 2.4425E-09 2.5235E-09 2.6565E-09 3.1432E-09 1.2165E-08 5.3007E-08 1.2276E-07 1.4590E-07 1.0258E-07 5.1689E-08 2.2908E-08 1.0800E-08 6.4645E-09 4.9428E-09 4.3621E-09 4.1116E-09 4.0932E-09 4.1827E-09 4.2673E-09 4.3777E-09 4.5006E-09 4.6283E-09 4.7608E-09 4.8942E-09 5.0254E-09 5.1545E-09 5.2816E-09 5.4096E-09 5.5321E-09 5.6517E-09 5.7676E-09 5.8803E-09 5.9861E-09 6.0864E-09 6.1824E-09 6.2714E-09 6.3501E-09
1.3783E-09 1.4218E-09 1.4661E-09 1.5112E-09 1.5573E-09 1.6034E-09 1.6499E-09 1.6972E-09 1.7452E-09 1.7942E-09 1.8442E-09 1.8952E-09 1.9473E-09 2.0004E-09 2.0608E-09 2.1242E-09 2.1920E-09 2.2588E-09 2.3312E-09 2.4030E-09 2.4784E-09 2.5640E-09 2.7246E-09 3.2875E-09 9.6900E-09 3.6386E-08 8.9240E-08 1.2766E-07 1.1503E-07 7.3009E-08 3.7914E-08 1.9056E-08 1.0414E-08 6.8658E-09 5.4322E-09 4.8454E-09 4.5418E-09 4.4826E-09 4.5632E-09 4.6351E-09 4.7434E-09 4.8701E-09 5.0015E-09 5.1381E-09 5.2777E-09 5.4173E-09 5.5567E-09 5.6922E-09 5.8260E-09 5.9557E-09 6.0781E-09 6.1969E-09 6.3118E-09 6.4189E-09 6.5192E-09 6.6115E-09 6.6976E-09
1.3854E-09 1.4288E-09 1.4734E-09 1.5191E-09 1.5662E-09 1.6127E-09 1.6599E-09 1.7076E-09 1.7563E-09 1.8061E-09 1.8569E-09 1.9088E-09 1.9618E-09 2.0207E-09 2.0836E-09 2.1476E-09 2.2173E-09 2.2874E-09 2.3600E-09 2.4373E-09 2.5133E-09 2.5984E-09 2.7911E-09 3.5382E-09 8.3020E-09 2.6537E-08 6.6376E-08 1.0729E-07 1.1468E-07 8.8101E-08 5.4286E-08 3.0083E-08 1.6922E-08 1.0407E-08 7.4500E-09 6.0276E-09 5.3706E-09 5.0781E-09 4.9569E-09 5.0152E-09 5.0736E-09 5.1757E-09 5.3050E-09 5.4417E-09 5.5759E-09 5.7202E-09 5.8688E-09 6.0157E-09 6.1569E-09 6.2943E-09 6.4291E-09 6.5546E-09 6.6767E-09 6.7895E-09 6.8956E-09 6.9909E-09 7.0763E-09
1.3919E-09 1.4359E-09 1.4820E-09 1.5282E-09 1.5745E-09 1.6213E-09 1.6689E-09 1.7173E-09 1.7668E-09 1.8173E-09 1.8690E-09 1.9217E-09 1.9779E-09 2.0370E-09 2.1027E-09 2.1719E-09 2.2424E-09 2.3167E-09 2.3906E-09 2.4674E-09 2.5493E-09 2.6424E-09 2.8581E-09 3.6288E-09 7.3567E-09 2.0790E-08 5.0116E-08 8.7105E-08 1.0669E-07 9.6169E-08 6.8722E-08 4.2792E-08 2.5568E-08 1.5771E-08 1.0527E-08 8.0477E-09 6.6987E-09 6.0093E-09 5.6557E-09 5.5137E-09 5.5463E-09 5.5730E-09 5.6733E-09 5.8114E-09 5.9514E-09 6.0887E-09 6.2339E-09 6.3860E-09 6.5407E-09 6.6873E-09 6.8281E-09 6.9627E-09 7.0889E-09 7.2056E-09 7.3115E-09 7.4104E-09 7.4976E-09
1.3981E-09 1.4426E-09 1.4883E-09 1.5351E-09 1.5820E-09 1.6294E-09 1.6774E-09 1.7264E-09 1.7766E-09 1.8279E-09 1.8803E-09 1.9339E-09 1.9936E-09 2.0574E-09 2.1247E-09 2.1935E-09 2.2672E-09 2.3416E-09 2.4200E-09 2.5015E-09 2.5852E-09 2.6844E-09 2.9627E-09 3.7945E-09 6.9751E-09 1.7181E-08 3.9315E-08 7.0740E-08 9.4697E-08 9.6210E-08 7.8536E-08 5.4869E-08 3.5412E-08 2.2785E-08 1.5377E-08 1.1004E-08 8.7537E-09 7.4462E-09 6.7352E-09 6.3588E-09 6.1792E-09 6.1680E-09 6.1681E-09 6.2536E-09 6.4008E-09 6.5445E-09 6.6820E-09 6.8272E-09 6.9803E-09 7.1384E-09 7.2884E-09 7.4290E-09 7.5551E-09 7.6744E-09 7.7819E-09 7.8782E-09 7.9635E-09
1.4036E-09 1.4486E-09 1.4958E-09 1.5421E-09 1.5889E-09 1.6366E-09 1.6852E-09 1.7349E-09 1.7857E-09 1.8378E-09 1.8910E-09 1.9477E-09 2.0097E-09 2.0750E-09 2.1430E-09 2.2170E-09 2.2917E-09 2.3704E-09 2.4492E-09 2.5313E-09 2.6218E-09 2.7371E-09 3.0645E-09 3.9834E-09 6.5748E-09 1.4810E-08 3.1799E-08 5.7440E-08 8.1840E-08 9.1497E-08 8.3042E-08 6.4384E-08 4.5318E-08 3.0785E-08 2.1200E-08 1.5312E-08 1.1655E-08 9.5768E-09 8.2984E-09 7.5642E-09 7.1324E-09 6.9276E-09 6.8755E-09 6.8646E-09 6.9474E-09 7.0856E-09 7.2212E-09 7.3557E-09 7.5066E-09 7.6571E-09 7.8134E-09 7.9601E-09 8.0910E-09 8.2081E-09 8.3105E-09 8.4041E-09 8.4852E-09
1.4084E-09 1.4543E-09 1.5010E-09 1.5475E-09 1.5949E-09 1.6432E-09 1.6924E-09 1.7427E-09 1.7942E-09 1.8469E-09 1.9009E-09 1.9610E-09 2.0254E-09 2.0934E-09 2.1652E-09 2.2399E-09 2.3157E-09 2.3947E-09 2.4781E-09 2.5649E-09 2.6598E-09 2.7957E-09 3.1779E-09 4.1340E-09 6.6183E-09 1.3312E-08 2.6543E-08 4.7294E-08 6.9677E-08 8.3340E-08 8.2515E-08 7.0398E-08 5.3964E-08 3.9118E-08 2.8010E-08 2.0550E-08 1.5602E-08 1.2431E-08 1.0517E-08 9.2424E-09 8.4803E-09 7.9972E-09 7.7897E-09 7.6904E-09 7.6805E-09 7.7505E-09 7.8836E-09 8.0061E-09 8.1284E-09 8.2714E-09 8.4172E-09 8.5649E-09 8.6982E-09 8.8126E-09 8.9099E-09 8.9923E-09 9.0662E-09
1.4133E-09 1.4593E-09 1.5060E-09 1.5530E-09 1.6006E-09 1.6491E-09 1.6988E-09 1.7498E-09 1.8019E-09 1.8554E-09 1.9101E-09 1.9735E-09 2.0404E-09 2.1100E-09 2.1825E-09 2.2593E-09 2.3393E-09 2.4227E-09 2.5085E-09 2.5971E-09 2.7002E-09 2.8602E-09 3.3100E-09 4.3128E-09 6.5657E-09 1.2255E-08 2.2891E-08 3.9653E-08 5.9158E-08 7.4415E-08 7.9095E-08 7.2838E-08 6.0227E-08 4.6757E-08 3.5224E-08 2.6545E-08 2.0426E-08 1.6203E-08 1.3378E-08 1.1491E-08 1.0279E-08 9.4842E-09 9.0156E-09 8.7639E-09 8.6477E-09 8.6217E-09 8.6725E-09 8.7951E-09 8.8974E-09 9.0041E-09 9.1248E-09 9.2522E-09 9.3800E-09 9.4907E-09 9.5830E-09 9.6541E-09 9.7109E-09
1.4168E-09 1.4638E-09 1.5101E-09 1.5573E-09 1.6054E-09 1.6544E-09 1.7046E-09 1.7561E-09 1.8089E-09 1.8630E-09 1.9209E-09 1.9867E-09 2.0561E-09 2.1283E-09 2.2037E-09 2.2824E-09 2.3624E-09 2.4482E-09 2.5356E-09 2.6281E-09 2.7421E-09 2.9301E-09 3.4228E-09 4.4853E-09 6.6535E-09 1.1581E-08 2.0326E-08 3.3964E-08 5.0785E-08 6.5768E-08 7.3552E-08 7.2484E-08 6.4333E-08 5.3115E-08 4.2075E-08 3.2888E-08 2.5855E-08 2.0639E-08 1.6934E-08 1.4365E-08 1.2546E-08 1.1353E-08 1.0616E-08 1.0115E-08 9.8553E-09 9.7167E-09 9.6708E-09 9.7111E-09 9.8090E-09 9.8798E-09 9.9526E-09 1.0049E-08 1.0148E-08 1.0248E-08 1.0327E-08 1.0388E-08 1.0426E-08
1.4209E-09 1.4666E-09 1.5133E-09 1.5612E-09 1.6095E-09 1.6590E-09 1.7097E-09 1.7618E-09 1.8152E-09 1.8699E-09 1.9311E-09 1.9991E-09 2.0699E-09 2.1438E-09 2.2210E-09 2.3007E-09 2.3861E-09 2.4732E-09 2.5652E-09 2.6571E-09 2.7831E-09 3.0026E-09 3.5240E-09 4.6128E-09 6.7272E-09 1.1090E-08 1.8518E-08 2.9863E-08 4.4177E-08 5.8252E-08 6.7783E-08 7.0177E-08 6.5835E-08 5.7571E-08 4.8042E-08 3.9001E-08 3.1449E-08 2.5519E-08 2.1054E-08 1.7752E-08 1.5404E-08 1.3694E-08 1.2558E-08 1.1825E-08 1.1340E-08 1.1070E-08 1.0909E-08 1.0835E-08 1.0851E-08 1.0916E-08 1.0936E-08 1.0983E-08 1.1036E-08 1.1098E-08 1.1160E-08 1.1200E-08 1.1219E-08
