Assets/Resources/2015_m01_d01_1100(utc+0800)_l00_csi_1hr_conc.grd
DSAA
         159         159
     -79.000      79.000
     -79.000      79.000
  0.0000E+00  0.4056E-05
[rows 25 to 49 of 159, columns 57 to 113 of 159]
0.0000E+00 0.0000E+00 0.0000E+00 0.0000E+00 0.0000E+00 0.0000E+00 0.0000E+00 0.0000E+00 0.0000E+00 0.0000E+00 0.0000E+00 0.0000E+00 0.0000E+00 0.0000E+00 0.0000E+00 0.0000E+00 0.0000E+00 0.0000E+00 0.0000E+00 0.0000E+00 0.0000E+00 0.0000E+00 0.0000E+00 0.0000E+00 4.5863E-12 2.9299E-11 4.5072E-11 9.8629E-11 1.5579E-10 2.2231E-10 3.0230E-10 3.9281E-10 4.9791E-10 6.1656E-10 7.5523E-10 9.1560E-10 1.1024E-09 1.3149E-09 1.5540E-09 1.8220E-09 2.1201E-09 2.4472E-09 2.8002E-09 3.1761E-09 3.5715E-09 3.9817E-09 4.4023E-09 4.8283E-09 5.2543E-09 5.6747E-09 6.0835E-09 6.4751E-09 6.8430E-09 7.1824E-09 7.4890E-09 7.7592E-09 7.9914E-09
0.0000E+00 0.0000E+00 0.0000E+00 0.0000E+00 0.0000E+00 0.0000E+00 0.0000E+00 0.0000E+00 0.0000E+00 0.0000E+00 0.0000E+00 0.0000E+00 0.0000E+00 0.0000E+00 0.0000E+00 0.0000E+00 0.0000E+00 0.0000E+00 0.0000E+00 0.0000E+00 0.0000E+00 0.0000E+00 0.0000E+00 0.0000E+00 8.0426E-12 3.4164E-11 5.0796E-11 1.1474E-10 1.7751E-10 2.4577E-10 3.2724E-10 4.2632E-10 5.3868E-10 6.6682E-10 8.1683E-10 9.9123E-10 1.1898E-09 1.4175E-09 1.6759E-09 1.9633E-09 2.2795E-09 2.6258E-09 3.0000E-09 3.3983E-09 3.8158E-09 4.2479E-09 4.6886E-09 5.1327E-09 5.5743E-09 6.0076E-09 6.4258E-09 6.8228E-09 7.1928E-09 7.5307E-09 7.8310E-09 8.0903E-09 8.3060E-09
0.0000E+00 0.0000E+00 0.0000E+00 0.0000E+00 0.0000E+00 0.0000E+00 0.0000E+00 0.0000E+00 0.0000E+00 0.0000E+00 0.0000E+00 0.0000E+00 0.0000E+00 0.0000E+00 0.0000E+00 0.0000E+00 0.0000E+00 0.0000E+00 0.0000E+00 0.0000E+00 0.0000E+00 0.0000E+00 0.0000E+00 3.0982E-13 1.0872E-11 3.9253E-11 6.1945E-11 1.3550E-10 1.9101E-10 2.6573E-10 3.5555E-10 4.5993E-10 5.7995E-10 7.1902E-10 8.8088E-10 1.0669E-09 1.2829E-09 1.5281E-09 1.8035E-09 2.1096E-09 2.4465E-09 2.8138E-09 3.2092E-09 3.6291E-09 4.0688E-09 4.5225E-09 4.9836E-09 5.4460E-09 5.9035E-09 6.3489E-09 6.7761E-09 7.1783E-09 7.5486E-09 7.8821E-09 8.1740E-09 8.4209E-09 8.6194E-09
0.0000E+00 0.0000E+00 0.0000E+00 0.0000E+00 0.0000E+00 0.0000E+00 0.0000E+00 0.0000E+00 0.0000E+00 0.0000E+00 0.0000E+00 0.0000E+00 0.0000E+00 0.0000E+00 0.0000E+00 0.0000E+00 0.0000E+00 0.0000E+00 0.0000E+00 0.0000E+00 0.0000E+00 0.0000E+00 0.0000E+00 1.2188E-12 1.4938E-11 4.2168E-11 7.7369E-11 1.4425E-10 2.1374E-10 2.9024E-10 3.8285E-10 4.9316E-10 6.2213E-10 7.7229E-10 9.4608E-10 1.1483E-09 1.3794E-09 1.6413E-09 1.9360E-09 2.2632E-09 2.6212E-09 3.0104E-09 3.4280E-09 3.8708E-09 4.3324E-09 4.8079E-09 5.2899E-09 5.7705E-09 6.2432E-09 6.7010E-09 7.1361E-09 7.5419E-09 7.9122E-09 8.2405E-09 8.5225E-09 8.7545E-09 8.9335E-09
0.0000E+00 0.0000E+00 0.0000E+00 0.0000E+00 0.0000E+00 0.0000E+00 0.0000E+00 0.0000E+00 0.0000E+00 0.0000E+00 0.0000E+00 0.0000E+00 0.0000E+00 0.0000E+00 0.0000E+00 0.0000E+00 0.0000E+00 0.0000E+00 0.0000E+00 0.0000E+00 0.0000E+00 0.0000E+00 0.0000E+00 2.0949E-12 1.9507E-11 4.9265E-11 9.5805E-11 1.6542E-10 2.3406E-10 3.1248E-10 4.1054E-10 5.2664E-10 6.6528E-10 8.2688E-10 1.0144E-09 1.2307E-09 1.4785E-09 1.7590E-09 2.0730E-09 2.4229E-09 2.8040E-09 3.2155E-09 3.6558E-09 4.1206E-09 4.6051E-09 5.1024E-09 5.6042E-09 6.1032E-09 6.5911E-09 7.0593E-09 7.5012E-09 7.9094E-09 8.2767E-09 8.5982E-09 8.8688E-09 9.0846E-09 9.2441E-09
0.0000E+00 0.0000E+00 0.0000E+00 0.0000E+00 0.0000E+00 0.0000E+00 0.0000E+00 0.0000E+00 0.0000E+00 0.0000E+00 0.0000E+00 0.0000E+00 0.0000E+00 0.0000E+00 0.0000E+00 0.0000E+00 0.0000E+00 0.0000E+00 0.0000E+00 0.0000E+00 0.0000E+00 0.0000E+00 0.0000E+00 2.9516E-12 2.4653E-11 6.0512E-11 1.1168E-10 1.8396E-10 2.5101E-10 3.3536E-10 4.3682E-10 5.6188E-10 7.0936E-10 8.8248E-10 1.0840E-09 1.3152E-09 1.5802E-09 1.8803E-09 2.2159E-09 2.5866E-09 2.9909E-09 3.4269E-09 3.8909E-09 4.3802E-09 4.8871E-09 5.4051E-09 5.9268E-09 6.4430E-09 6.9447E-09 7.4238E-09 7.8714E-09 8.2804E-09 8.6443E-09 8.9562E-09 9.2125E-09 9.4101E-09 9.5456E-09
0.0000E+00 0.0000E+00 0.0000E+00 0.0000E+00 0.0000E+00 0.0000E+00 0.0000E+00 0.0000E+00 0.0000E+00 0.0000E+00 0.0000E+00 0.0000E+00 0.0000E+00 0.0000E+00 0.0000E+00 0.0000E+00 0.0000E+00 0.0000E+00 0.0000E+00 0.0000E+00 0.0000E+00 0.0000E+00 0.0000E+00 4.3798E-12 3.2404E-11 6.4880E-11 1.2985E-10 1.9522E-10 2.7197E-10 3.5579E-10 4.6560E-10 5.9599E-10 7.5350E-10 9.3991E-10 1.1543E-09 1.4015E-09 1.6852E-09 2.0045E-09 2.3602E-09 2.7543E-09 3.1838E-09 3.6449E-09 4.1332E-09 4.6446E-09 5.1740E-09 5.7135E-09 6.2533E-09 6.7862E-09 7.3020E-09 7.7898E-09 8.2420E-09 8.6509E-09 9.0088E-09 9.3109E-09 9.5520E-09 9.7289E-09 9.8407E-09
0.0000E+00 0.0000E+00 0.0000E+00 0.0000E+00 0.0000E+00 0.0000E+00 0.0000E+00 0.0000E+00 0.0000E+00 0.0000E+00 0.0000E+00 0.0000E+00 0.0000E+00 0.0000E+00 0.0000E+00 0.0000E+00 0.0000E+00 0.0000E+00 0.0000E+00 0.0000E+00 0.0000E+00 0.0000E+00 0.0000E+00 5.3936E-12 4.1742E-11 8.0335E-11 1.4676E-10 2.1292E-10 2.8821E-10 3.7867E-10 4.9171E-10 6.3067E-10 7.9918E-10 9.9586E-10 1.2247E-09 1.4893E-09 1.7893E-09 2.1298E-09 2.5081E-09 2.9255E-09 3.3785E-09 3.8641E-09 4.3776E-09 4.9136E-09 5.4657E-09 6.0254E-09 6.5847E-09 7.1325E-09 7.6589E-09 8.1547E-09 8.6103E-09 9.0164E-09 9.3671E-09 9.6555E-09 9.8788E-09 1.0034E-08 1.0119E-08
0.0000E+00 0.0000E+00 0.0000E+00 0.0000E+00 0.0000E+00 0.0000E+00 0.0000E+00 0.0000E+00 0.0000E+00 0.0000E+00 0.0000E+00 0.0000E+00 0.0000E+00 0.0000E+00 0.0000E+00 0.0000E+00 0.0000E+00 0.0000E+00 0.0000E+00 0.0000E+00 0.0000E+00 0.0000E+00 0.0000E+00 8.2321E-12 4.6190E-11 9.7496E-11 1.5623E-10 2.2770E-10 3.0585E-10 3.9974E-10 5.1890E-10 6.6704E-10 8.4312E-10 1.0516E-09 1.2962E-09 1.5757E-09 1.8958E-09 2.2565E-09 2.6562E-09 3.0957E-09 3.5738E-09 4.0851E-09 4.6253E-09 5.1860E-09 5.7601E-09 6.3403E-09 6.9162E-09 7.4780E-09 8.0157E-09 8.5174E-09 8.9741E-09 9.3767E-09 9.7176E-09 9.9919E-09 1.0195E-08 1.0324E-08 1.0381E-08
0.0000E+00 0.0000E+00 0.0000E+00 0.0000E+00 0.0000E+00 0.0000E+00 0.0000E+00 0.0000E+00 0.0000E+00 0.0000E+00 0.0000E+00 0.0000E+00 0.0000E+00 0.0000E+00 0.0000E+00 0.0000E+00 0.0000E+00 0.0000E+00 0.0000E+00 0.0000E+00 0.0000E+00 0.0000E+00 0.0000E+00 9.7892E-12 5.8590E-11 1.0404E-10 1.7215E-10 2.4012E-10 3.2347E-10 4.2231E-10 5.4749E-10 7.0096E-10 8.8630E-10 1.1077E-09 1.3650E-09 1.6620E-09 1.9997E-09 2.3799E-09 2.8027E-09 3.2665E-09 3.7697E-09 4.3065E-09 4.8713E-09 5.4563E-09 6.0535E-09 6.6530E-09 7.2458E-09 7.8209E-09 8.3670E-09 8.8729E-09 9.3293E-09 9.7264E-09 1.0057E-08 1.0314E-08 1.0496E-08 1.0601E-08 1.0627E-08
0.0000E+00 0.0000E+00 0.0000E+00 0.0000E+00 0.0000E+00 0.0000E+00 0.0000E+00 0.0000E+00 0.0000E+00 0.0000E+00 0.0000E+00 0.0000E+00 0.0000E+00 0.0000E+00 0.0000E+00 0.0000E+00 0.0000E+00 0.0000E+00 0.0000E+00 0.0000E+00 0.0000E+00 0.0000E+00 0.0000E+00 1.4294E-11 7.2762E-11 1.2054E-10 1.8363E-10 2.5092E-10 3.4016E-10 4.4333E-10 5.7256E-10 7.3465E-10 9.3021E-10 1.1624E-09 1.4331E-09 1.7463E-09 2.1019E-09 2.5031E-09 2.9479E-09 3.4355E-09 3.9624E-09 4.5237E-09 5.1138E-09 5.7238E-09 6.3440E-09 6.9643E-09 7.5735E-09 8.1599E-09 8.7128E-09 9.2216E-09 9.6748E-09 1.0063E-08 1.0380E-08 1.0619E-08 1.0777E-08 1.0852E-08 1.0848E-08
0.0000E+00 0.0000E+00 0.0000E+00 0.0000E+00 0.0000E+00 0.0000E+00 0.0000E+00 0.0000E+00 0.0000E+00 0.0000E+00 0.0000E+00 0.0000E+00 0.0000E+00 0.0000E+00 0.0000E+00 0.0000E+00 0.0000E+00 0.0000E+00 0.0000E+00 0.0000E+00 0.0000E+00 0.0000E+00 0.0000E+00 1.8909E-11 7.6754E-11 1.3361E-10 1.9370E-10 2.6291E-10 3.5648E-10 4.6579E-10 6.0090E-10 7.6889E-10 9.7323E-10 1.2149E-09 1.4994E-09 1.8266E-09 2.2010E-09 2.6223E-09 3.0883E-09 3.5982E-09 4.1507E-09 4.7376E-09 5.3534E-09 5.9873E-09 6.6299E-09 7.2690E-09 7.8928E-09 8.4908E-09 9.0499E-09 9.5591E-09 1.0007E-08 1.0387E-08 1.0689E-08 1.0907E-08 1.1039E-08 1.1085E-08 1.1045E-08
0.0000E+00 0.0000E+00 0.0000E+00 0.0000E+00 0.0000E+00 0.0000E+00 0.0000E+00 0.0000E+00 0.0000E+00 0.0000E+00 0.0000E+00 0.0000E+00 0.0000E+00 0.0000E+00 0.0000E+00 0.0000E+00 0.0000E+00 0.0000E+00 0.0000E+00 0.0000E+00 0.0000E+00 0.0000E+00 0.0000E+00 2.1347E-11 8.9911E-11 1.3935E-10 2.0144E-10 2.7429E-10 3.7415E-10 4.8773E-10 6.2774E-10 8.0051E-10 1.0128E-09 1.2665E-09 1.5625E-09 1.9054E-09 2.2963E-09 2.7355E-09 3.2241E-09 3.7578E-09 4.3347E-09 4.9457E-09 5.5846E-09 6.2418E-09 6.9057E-09 7.5643E-09 8.2051E-09 8.8133E-09 9.3770E-09 9.8862E-09 1.0328E-08 1.0694E-08 1.0978E-08 1.1174E-08 1.1280E-08 1.1295E-08 1.1221E-08
0.0000E+00 0.0000E+00 0.0000E+00 0.0000E+00 0.0000E+00 0.0000E+00 0.0000E+00 0.0000E+00 0.0000E+00 0.0000E+00 0.0000E+00 0.0000E+00 0.0000E+00 0.0000E+00 0.0000E+00 0.0000E+00 0.0000E+00 0.0000E+00 0.0000E+00 0.0000E+00 0.0000E+00 0.0000E+00 0.0000E+00 2.8536E-11 9.9337E-11 1.4910E-10 2.0888E-10 2.8352E-10 3.8686E-10 5.0621E-10 6.5290E-10 8.3312E-10 1.0543E-09 1.3151E-09 1.6229E-09 1.9805E-09 2.3869E-09 2.8450E-09 3.3544E-09 3.9104E-09 4.5089E-09 5.1437E-09 5.8073E-09 6.4884E-09 7.1750E-09 7.8526E-09 8.5069E-09 9.1247E-09 9.6928E-09 1.0199E-08 1.0632E-08 1.0984E-08 1.1247E-08 1.1418E-08 1.1493E-08 1.1476E-08 1.1367E-08
0.0000E+00 0.0000E+00 0.0000E+00 0.0000E+00 0.0000E+00 0.0000E+00 0.0000E+00 0.0000E+00 0.0000E+00 0.0000E+00 0.0000E+00 0.0000E+00 0.0000E+00 0.0000E+00 0.0000E+00 0.0000E+00 0.0000E+00 0.0000E+00 0.0000E+00 0.0000E+00 0.0000E+00 0.0000E+00 0.0000E+00 3.5526E-11 1.0220E-10 1.5528E-10 2.1486E-10 2.9426E-10 4.0104E-10 5.2669E-10 6.7713E-10 8.6486E-10 1.0882E-09 1.3598E-09 1.6801E-09 2.0497E-09 2.4727E-09 2.9494E-09 3.4772E-09 4.0536E-09 4.6763E-09 5.3358E-09 6.0229E-09 6.7251E-09 7.4310E-09 8.1267E-09 8.7965E-09 9.4246E-09 9.9973E-09 1.0501E-08 1.0925E-08 1.1261E-08 1.1503E-08 1.1646E-08 1.1691E-08 1.1636E-08 1.1488E-08
0.0000E+00 0.0000E+00 0.0000E+00 0.0000E+00 0.0000E+00 0.0000E+00 0.0000E+00 0.0000E+00 0.0000E+00 0.0000E+00 0.0000E+00 0.0000E+00 0.0000E+00 0.0000E+00 0.0000E+00 0.0000E+00 0.0000E+00 0.0000E+00 0.0000E+00 0.0000E+00 0.0000E+00 0.0000E+00 0.0000E+00 3.7948E-11 1.0838E-10 1.5777E-10 2.1912E-10 3.0287E-10 4.1341E-10 5.4394E-10 6.9801E-10 8.9016E-10 1.1234E-09 1.4044E-09 1.7331E-09 2.1162E-09 2.5537E-09 3.0459E-09 3.5935E-09 4.1912E-09 4.8366E-09 5.5169E-09 6.2267E-09 6.9525E-09 7.6785E-09 8.3905E-09 9.0719E-09 9.7081E-09 1.0283E-08 1.0783E-08 1.1197E-08 1.1515E-08 1.1734E-08 1.1849E-08 1.1860E-08 1.1770E-08 1.1585E-08
0.0000E+00 0.0000E+00 0.0000E+00 0.0000E+00 0.0000E+00 0.0000E+00 0.0000E+00 0.0000E+00 0.0000E+00 0.0000E+00 0.0000E+00 0.0000E+00 0.0000E+00 0.0000E+00 0.0000E+00 0.0000E+00 0.0000E+00 0.0000E+00 0.0000E+00 0.0000E+00 0.0000E+00 0.0000E+00 0.0000E+00 4.2844E-11 1.1155E-10 1.5953E-10 2.2311E-10 3.0761E-10 4.2129E-10 5.5555E-10 7.1874E-10 9.1610E-10 1.1570E-09 1.4423E-09 1.7816E-09 2.1773E-09 2.6289E-09 3.1368E-09 3.7042E-09 4.3221E-09 4.9864E-09 5.6921E-09 6.4236E-09 7.1679E-09 7.9126E-09 8.6413E-09 9.3363E-09 9.9801E-09 1.0558E-08 1.1054E-08 1.1457E-08 1.1758E-08 1.1952E-08 1.2035E-08 1.2010E-08 1.1880E-08 1.1653E-08
0.0000E+00 0.0000E+00 0.0000E+00 0.0000E+00 0.0000E+00 0.0000E+00 0.0000E+00 0.0000E+00 0.0000E+00 0.0000E+00 0.0000E+00 0.0000E+00 0.0000E+00 0.0000E+00 0.0000E+00 0.0000E+00 0.0000E+00 0.0000E+00 0.0000E+00 0.0000E+00 0.0000E+00 0.0000E+00 0.0000E+00 4.5435E-11 1.1082E-10 1.5963E-10 2.2572E-10 3.1273E-10 4.2782E-10 5.6858E-10 7.3650E-10 9.3758E-10 1.1834E-09 1.4787E-09 1.8281E-09 2.2332E-09 2.6984E-09 3.2201E-09 3.8064E-09 4.4467E-09 5.1326E-09 5.8580E-09 6.6114E-09 7.3778E-09 8.1410E-09 8.8831E-09 9.5877E-09 1.0237E-08 1.0815E-08 1.1305E-08 1.1696E-08 1.1979E-08 1.2148E-08 1.2201E-08 1.2141E-08 1.1971E-08 1.1702E-08
0.0000E+00 0.0000E+00 0.0000E+00 0.0000E+00 0.0000E+00 0.0000E+00 0.0000E+00 0.0000E+00 0.0000E+00 0.0000E+00 0.0000E+00 0.0000E+00 0.0000E+00 0.0000E+00 0.0000E+00 0.0000E+00 0.0000E+00 0.0000E+00 0.0000E+00 0.0000E+00 0.0000E+00 0.0000E+00 0.0000E+00 4.3808E-11 1.0916E-10 1.5886E-10 2.2644E-10 3.1414E-10 4.3074E-10 5.7419E-10 7.4551E-10 9.5587E-10 1.2083E-09 1.5109E-09 1.8667E-09 2.2837E-09 2.7591E-09 3.3042E-09 3.9072E-09 4.5640E-09 5.2723E-09 6.0191E-09 6.7919E-09 7.5769E-09 8.3570E-09 9.1144E-09 9.8295E-09 1.0484E-08 1.1060E-08 1.1543E-08 1.1920E-08 1.2183E-08 1.2325E-08 1.2346E-08 1.2248E-08 1.2039E-08 1.1728E-08
0.0000E+00 0.0000E+00 0.0000E+00 0.0000E+00 0.0000E+00 0.0000E+00 0.0000E+00 0.0000E+00 0.0000E+00 0.0000E+00 0.0000E+00 0.0000E+00 0.0000E+00 0.0000E+00 0.0000E+00 0.0000E+00 0.0000E+00 0.0000E+00 0.0000E+00 0.0000E+00 0.0000E+00 0.0000E+00 0.0000E+00 4.2886E-11 1.0654E-10 1.5714E-10 2.2633E-10 3.1371E-10 4.3056E-10 5.7760E-10 7.5631E-10 9.7020E-10 1.2273E-09 1.5355E-09 1.9019E-09 2.3266E-09 2.8198E-09 3.3795E-09 4.0011E-09 4.6788E-09 5.4055E-09 6.1739E-09 6.9693E-09 7.7744E-09 8.5726E-09 9.3440E-09 1.0067E-08 1.0725E-08 1.1298E-08 1.1773E-08 1.2133E-08 1.2373E-08 1.2487E-08 1.2475E-08 1.2339E-08 1.2088E-08 1.1732E-08
0.0000E+00 0.0000E+00 0.0000E+00 0.0000E+00 0.0000E+00 0.0000E+00 0.0000E+00 0.0000E+00 0.0000E+00 0.0000E+00 0.0000E+00 0.0000E+00 0.0000E+00 0.0000E+00 0.0000E+00 0.0000E+00 0.0000E+00 0.0000E+00 0.0000E+00 0.0000E+00 0.0000E+00 0.0000E+00 0.0000E+00 3.8758E-11 1.0084E-10 1.5418E-10 2.2333E-10 3.1257E-10 4.2847E-10 5.7723E-10 7.5899E-10 9.7535E-10 1.2409E-09 1.5568E-09 1.9283E-09 2.3676E-09 2.8775E-09 3.4524E-09 4.0909E-09 4.7885E-09 5.5385E-09 6.3294E-09 7.1452E-09 7.9700E-09 8.7850E-09 9.5687E-09 1.0301E-08 1.0963E-08 1.1532E-08 1.1994E-08 1.2337E-08 1.2553E-08 1.2636E-08 1.2587E-08 1.2412E-08 1.2119E-08 1.1720E-08
0.0000E+00 0.0000E+00 0.0000E+00 0.0000E+00 0.0000E+00 0.0000E+00 0.0000E+00 0.0000E+00 0.0000E+00 0.0000E+00 0.0000E+00 0.0000E+00 0.0000E+00 0.0000E+00 0.0000E+00 0.0000E+00 0.0000E+00 0.0000E+00 0.0000E+00 0.0000E+00 0.0000E+00 0.0000E+00 0.0000E+00 3.3567E-11 9.1914E-11 1.5039E-10 2.1878E-10 3.0789E-10 4.2330E-10 5.7244E-10 7.5651E-10 9.8173E-10 1.2504E-09 1.5694E-09 1.9481E-09 2.4024E-09 2.9280E-09 3.5223E-09 4.1789E-09 4.8994E-09 5.6712E-09 6.4832E-09 7.3211E-09 8.1677E-09 9.0011E-09 9.8002E-09 1.0542E-08 1.1204E-08 1.1768E-08 1.2218E-08 1.2541E-08 1.2728E-08 1.2777E-08 1.2689E-08 1.2472E-08 1.2134E-08 1.1690E-08
0.0000E+00 0.0000E+00 0.0000E+00 0.0000E+00 0.0000E+00 0.0000E+00 0.0000E+00 0.0000E+00 0.0000E+00 0.0000E+00 0.0000E+00 0.0000E+00 0.0000E+00 0.0000E+00 0.0000E+00 0.0000E+00 0.0000E+00 0.0000E+00 0.0000E+00 0.0000E+00 0.0000E+00 0.0000E+00 0.0000E+00 2.7825E-11 8.1754E-11 1.4475E-10 2.1296E-10 3.0102E-10 4.1668E-10 5.6510E-10 7.5180E-10 9.7904E-10 1.2489E-09 1.5757E-09 1.9664E-09 2.4346E-09 2.9814E-09 3.5901E-09 4.2677E-09 5.0078E-09 5.8048E-09 6.6442E-09 7.5074E-09 8.3752E-09 9.2275E-09 1.0040E-08 1.0790E-08 1.1459E-08 1.2023E-08 1.2459E-08 1.2761E-08 1.2920E-08 1.2933E-08 1.2801E-08 1.2536E-08 1.2149E-08 1.1656E-08
0.0000E+00 0.0000E+00 0.0000E+00 0.0000E+00 0.0000E+00 0.0000E+00 0.0000E+00 0.0000E+00 0.0000E+00 0.0000E+00 0.0000E+00 0.0000E+00 0.0000E+00 0.0000E+00 0.0000E+00 0.0000E+00 0.0000E+00 0.0000E+00 0.0000E+00 0.0000E+00 0.0000E+00 0.0000E+00 0.0000E+00 2.3454E-11 7.0899E-11 1.3643E-10 2.0696E-10 2.9426E-10 4.0698E-10 5.5351E-10 7.3971E-10 9.6810E-10 1.2453E-09 1.5798E-09 1.9877E-09 2.4702E-09 3.0274E-09 3.6563E-09 4.3573E-09 5.1257E-09 5.9475E-09 6.8117E-09 7.7011E-09 8.5942E-09 9.4672E-09 1.0297E-08 1.1062E-08 1.1732E-08 1.2286E-08 1.2708E-08 1.2986E-08 1.3111E-08 1.3084E-08 1.2907E-08 1.2594E-08 1.2155E-08 1.1611E-08
0.0000E+00 0.0000E+00 0.0000E+00 0.0000E+00 0.0000E+00 0.0000E+00 0.0000E+00 0.0000E+00 0.0000E+00 0.0000E+00 0.0000E+00 0.0000E+00 0.0000E+00 0.0000E+00 0.0000E+00 0.0000E+00 0.0000E+00 0.0000E+00 0.0000E+00 0.0000E+00 0.0000E+00 0.0000E+00 0.0000E+00 1.9162E-11 5.9762E-11 1.2539E-10 1.9910E-10 2.8580E-10 3.9595E-10 5.4016E-10 7.2475E-10 9.5488E-10 1.2318E-09 1.5743E-09 2.0007E-09 2.5001E-09 3.0767E-09 3.7298E-09 4.4533E-09 5.2459E-09 6.0983E-09 6.9937E-09 7.9126E-09 8.8335E-09 9.7353E-09 1.0594E-08 1.1375E-08 1.2052E-08 1.2603E-08 1.3009E-08 1.3260E-08 1.3349E-08 1.3275E-08 1.3045E-08 1.2674E-08 1.2178E-08 1.1578E-08
