Assets/Resources/2015_m01_d07_0900(utc+0800)_l00_csi_1hr_conc.grd
DSAA
         159         159
     -79.000      79.000
     -79.000      79.000
  0.0000E+00  0.1207E-04
[rows 25 to 49 of 159, columns 57 to 113 of 159]
2.0923E-09 2.2719E-09 2.4564E-09 2.6521E-09 2.8592E-09 3.0766E-09 3.3223E-09 3.5667E-09 3.8414E-09 4.1191E-09 4.4388E-09 4.7681E-09 5.1370E-09 5.5337E-09 6.0147E-09 6.6439E-09 7.3056E-09 8.1004E-09 9.1510E-09 1.0225E-08 1.1361E-08 1.2491E-08 1.3552E-08 1.4449E-08 1.5176E-08 1.5744E-08 1.6213E-08 1.6491E-08 1.6646E-08 1.6661E-08 1.6579E-08 1.6415E-08 1.6181E-08 1.5895E-08 1.5557E-08 1.5182E-08 1.4781E-08 1.4361E-08 1.3929E-08 1.3489E-08 1.3045E-08 1.2603E-08 1.2162E-08 1.1725E-08 1.1293E-08 1.0869E-08 1.0452E-08 1.0043E-08 9.6444E-09 9.2572E-09 8.8804E-09 8.5154E-09 8.1611E-09 7.8250E-09 7.5002E-09 7.1916E-09 6.8942E-09
2.0892E-09 2.2708E-09 2.4574E-09 2.6556E-09 2.8639E-09 3.0851E-09 3.3341E-09 3.5840E-09 3.8619E-09 4.1421E-09 4.4653E-09 4.7999E-09 5.1817E-09 5.5757E-09 6.0941E-09 6.7294E-09 7.4107E-09 8.2451E-09 9.3586E-09 1.0488E-08 1.1677E-08 1.2862E-08 1.3970E-08 1.4902E-08 1.5658E-08 1.6247E-08 1.6741E-08 1.7030E-08 1.7188E-08 1.7201E-08 1.7111E-08 1.6936E-08 1.6689E-08 1.6382E-08 1.6028E-08 1.5637E-08 1.5220E-08 1.4783E-08 1.4333E-08 1.3876E-08 1.3417E-08 1.2957E-08 1.2499E-08 1.2045E-08 1.1595E-08 1.1153E-08 1.0721E-08 1.0299E-08 9.8861E-09 9.4853E-09 9.0957E-09 8.7198E-09 8.3566E-09 8.0093E-09 7.6719E-09 7.3491E-09 7.0410E-09
2.0832E-09 2.2658E-09 2.4536E-09 2.6533E-09 2.8652E-09 3.0892E-09 3.3395E-09 3.5923E-09 3.8751E-09 4.1604E-09 4.4861E-09 4.8245E-09 5.2084E-09 5.6308E-09 6.1667E-09 6.8207E-09 7.5312E-09 8.4145E-09 9.5530E-09 1.0742E-08 1.1985E-08 1.3215E-08 1.4370E-08 1.5341E-08 1.6129E-08 1.6780E-08 1.7265E-08 1.7556E-08 1.7721E-08 1.7736E-08 1.7640E-08 1.7454E-08 1.7195E-08 1.6875E-08 1.6505E-08 1.6096E-08 1.5661E-08 1.5207E-08 1.4741E-08 1.4267E-08 1.3790E-08 1.3313E-08 1.2838E-08 1.2368E-08 1.1903E-08 1.1444E-08 1.0998E-08 1.0558E-08 1.0128E-08 9.7136E-09 9.3112E-09 8.9223E-09 8.5470E-09 8.1895E-09 7.8453E-09 7.5120E-09 7.1907E-09
2.0750E-09 2.2579E-09 2.4464E-09 2.6473E-09 2.8606E-09 3.0866E-09 3.3405E-09 3.5965E-09 3.8808E-09 4.1689E-09 4.4982E-09 4.8398E-09 5.2326E-09 5.6585E-09 6.2269E-09 6.8881E-09 7.6272E-09 8.6063E-09 9.7395E-09 1.0978E-08 1.2272E-08 1.3554E-08 1.4756E-08 1.5767E-08 1.6575E-08 1.7307E-08 1.7776E-08 1.8076E-08 1.8240E-08 1.8259E-08 1.8157E-08 1.7963E-08 1.7692E-08 1.7358E-08 1.6973E-08 1.6549E-08 1.6097E-08 1.5626E-08 1.5142E-08 1.4651E-08 1.4157E-08 1.3664E-08 1.3173E-08 1.2687E-08 1.2208E-08 1.1738E-08 1.1276E-08 1.0822E-08 1.0377E-08 9.9464E-09 9.5273E-09 9.1244E-09 8.7371E-09 8.3672E-09 8.0126E-09 7.6705E-09 7.3438E-09
2.0641E-09 2.2473E-09 2.4364E-09 2.6379E-09 2.8522E-09 3.0796E-09 3.3280E-09 3.5927E-09 3.8809E-09 4.1725E-09 4.5016E-09 4.8502E-09 5.2438E-09 5.6922E-09 6.2672E-09 6.9482E-09 7.7339E-09 8.7307E-09 9.9062E-09 1.1198E-08 1.2550E-08 1.3877E-08 1.5114E-08 1.6167E-08 1.7003E-08 1.7769E-08 1.8264E-08 1.8576E-08 1.8746E-08 1.8771E-08 1.8666E-08 1.8464E-08 1.8188E-08 1.7844E-08 1.7445E-08 1.7005E-08 1.6535E-08 1.6046E-08 1.5543E-08 1.5034E-08 1.4524E-08 1.4014E-08 1.3507E-08 1.3006E-08 1.2511E-08 1.2025E-08 1.1549E-08 1.1082E-08 1.0627E-08 1.0183E-08 9.7503E-09 9.3305E-09 8.9272E-09 8.5437E-09 8.1787E-09 7.8254E-09 7.4902E-09
2.0386E-09 2.2334E-09 2.4229E-09 2.6250E-09 2.8401E-09 3.0684E-09 3.3177E-09 3.5836E-09 3.8661E-09 4.1667E-09 4.4980E-09 4.8515E-09 5.2476E-09 5.7250E-09 6.3110E-09 6.9995E-09 7.8112E-09 8.8756E-09 1.0064E-08 1.1403E-08 1.2803E-08 1.4177E-08 1.5447E-08 1.6534E-08 1.7443E-08 1.8205E-08 1.8733E-08 1.9065E-08 1.9249E-08 1.9285E-08 1.9179E-08 1.8973E-08 1.8683E-08 1.8326E-08 1.7914E-08 1.7460E-08 1.6975E-08 1.6471E-08 1.5954E-08 1.5429E-08 1.4902E-08 1.4375E-08 1.3848E-08 1.3325E-08 1.2813E-08 1.2312E-08 1.1821E-08 1.1340E-08 1.0870E-08 1.0413E-08 9.9701E-09 9.5401E-09 9.1239E-09 8.7225E-09 8.3432E-09 7.9791E-09 7.6342E-09
2.0220E-09 2.2161E-09 2.4057E-09 2.6081E-09 2.8238E-09 3.0529E-09 3.2956E-09 3.5694E-09 3.8528E-09 4.1545E-09 4.4854E-09 4.8414E-09 5.2426E-09 5.7297E-09 6.3288E-09 7.0335E-09 7.9041E-09 9.0061E-09 1.0206E-08 1.1591E-08 1.3033E-08 1.4442E-08 1.5747E-08 1.6869E-08 1.7822E-08 1.8628E-08 1.9189E-08 1.9536E-08 1.9730E-08 1.9775E-08 1.9671E-08 1.9461E-08 1.9165E-08 1.8797E-08 1.8373E-08 1.7905E-08 1.7406E-08 1.6886E-08 1.6353E-08 1.5812E-08 1.5269E-08 1.4726E-08 1.4187E-08 1.3653E-08 1.3127E-08 1.2609E-08 1.2096E-08 1.1597E-08 1.1113E-08 1.0642E-08 1.0186E-08 9.7427E-09 9.3164E-09 8.9049E-09 8.5130E-09 8.1328E-09 7.7759E-09
1.9907E-09 2.1956E-09 2.3849E-09 2.5872E-09 2.8030E-09 3.0325E-09 3.2759E-09 3.5496E-09 3.8260E-09 4.1359E-09 4.4680E-09 4.8314E-09 5.2229E-09 5.7219E-09 6.3523E-09 7.0638E-09 7.9936E-09 9.1037E-09 1.0327E-08 1.1747E-08 1.3229E-08 1.4682E-08 1.6025E-08 1.7178E-08 1.8222E-08 1.9012E-08 1.9612E-08 1.9981E-08 2.0191E-08 2.0252E-08 2.0156E-08 1.9944E-08 1.9641E-08 1.9266E-08 1.8831E-08 1.8350E-08 1.7837E-08 1.7302E-08 1.6753E-08 1.6195E-08 1.5634E-08 1.5075E-08 1.4520E-08 1.3972E-08 1.3430E-08 1.2898E-08 1.2376E-08 1.1865E-08 1.1362E-08 1.0869E-08 1.0400E-08 9.9432E-09 9.5039E-09 9.0798E-09 8.6804E-09 8.2910E-09 7.9180E-09
1.9630E-09 2.1583E-09 2.3603E-09 2.5622E-09 2.7777E-09 3.0072E-09 3.2509E-09 3.5241E-09 3.8010E-09 4.1192E-09 4.4437E-09 4.8077E-09 5.2010E-09 5.7043E-09 6.3532E-09 7.0797E-09 8.0425E-09 9.1806E-09 1.0427E-08 1.1878E-08 1.3404E-08 1.4890E-08 1.6256E-08 1.7438E-08 1.8539E-08 1.9371E-08 2.0017E-08 2.0419E-08 2.0648E-08 2.0725E-08 2.0630E-08 2.0421E-08 2.0115E-08 1.9730E-08 1.9283E-08 1.8793E-08 1.8267E-08 1.7718E-08 1.7155E-08 1.6583E-08 1.6008E-08 1.5431E-08 1.4858E-08 1.4292E-08 1.3733E-08 1.3185E-08 1.2648E-08 1.2123E-08 1.1610E-08 1.1109E-08 1.0619E-08 1.0141E-08 9.6889E-09 9.2518E-09 8.8401E-09 8.4423E-09 8.0627E-09
1.9385E-09 2.1251E-09 2.3321E-09 2.5332E-09 2.7480E-09 2.9771E-09 3.2207E-09 3.4864E-09 3.7698E-09 4.0886E-09 4.4138E-09 4.7849E-09 5.1703E-09 5.7063E-09 6.3420E-09 7.0884E-09 8.0707E-09 9.2379E-09 1.0512E-08 1.1988E-08 1.3538E-08 1.5050E-08 1.6445E-08 1.7662E-08 1.8831E-08 1.9705E-08 2.0397E-08 2.0828E-08 2.1081E-08 2.1175E-08 2.1091E-08 2.0882E-08 2.0576E-08 2.0187E-08 1.9732E-08 1.9227E-08 1.8686E-08 1.8125E-08 1.7548E-08 1.6962E-08 1.6372E-08 1.5782E-08 1.5196E-08 1.4616E-08 1.4041E-08 1.3476E-08 1.2923E-08 1.2380E-08 1.1851E-08 1.1336E-08 1.0836E-08 1.0349E-08 9.8751E-09 9.4207E-09 8.9964E-09 8.5879E-09 8.1978E-09
1.9114E-09 2.0756E-09 2.3004E-09 2.5002E-09 2.7140E-09 2.9422E-09 3.1851E-09 3.4429E-09 3.7420E-09 4.0445E-09 4.3776E-09 4.7483E-09 5.1332E-09 5.6790E-09 6.3214E-09 7.0802E-09 8.1074E-09 9.2861E-09 1.0568E-08 1.2056E-08 1.3633E-08 1.5180E-08 1.6600E-08 1.7908E-08 1.9074E-08 1.9999E-08 2.0742E-08 2.1219E-08 2.1508E-08 2.1621E-08 2.1556E-08 2.1351E-08 2.1039E-08 2.0640E-08 2.0178E-08 1.9666E-08 1.9116E-08 1.8539E-08 1.7945E-08 1.7344E-08 1.6739E-08 1.6133E-08 1.5529E-08 1.4933E-08 1.4346E-08 1.3769E-08 1.3200E-08 1.2641E-08 1.2095E-08 1.1561E-08 1.1045E-08 1.0545E-08 1.0063E-08 9.5943E-09 9.1496E-09 8.7294E-09 8.3278E-09
1.8816E-09 2.0442E-09 2.2499E-09 2.4632E-09 2.6755E-09 2.9024E-09 3.1443E-09 3.4013E-09 3.6929E-09 4.0045E-09 4.3449E-09 4.6983E-09 5.0912E-09 5.6428E-09 6.3118E-09 7.0953E-09 8.1133E-09 9.3045E-09 1.0599E-08 1.2101E-08 1.3696E-08 1.5258E-08 1.6700E-08 1.8114E-08 1.9292E-08 2.0271E-08 2.1059E-08 2.1591E-08 2.1908E-08 2.2045E-08 2.1999E-08 2.1803E-08 2.1494E-08 2.1093E-08 2.0621E-08 2.0095E-08 1.9533E-08 1.8943E-08 1.8342E-08 1.7726E-08 1.7106E-08 1.6484E-08 1.5869E-08 1.5256E-08 1.4653E-08 1.4056E-08 1.3472E-08 1.2900E-08 1.2338E-08 1.1788E-08 1.1255E-08 1.0737E-08 1.0240E-08 9.7622E-09 9.3072E-09 8.8690E-09 8.4531E-09
1.8492E-09 2.0099E-09 2.2047E-09 2.4225E-09 2.6328E-09 2.8579E-09 3.0982E-09 3.3645E-09 3.6380E-09 3.9575E-09 4.2983E-09 4.6519E-09 5.0763E-09 5.5901E-09 6.2483E-09 7.0943E-09 8.0965E-09 9.3094E-09 1.0615E-08 1.2107E-08 1.3715E-08 1.5298E-08 1.6829E-08 1.8229E-08 1.9459E-08 2.0499E-08 2.1349E-08 2.1940E-08 2.2296E-08 2.2468E-08 2.2445E-08 2.2260E-08 2.1956E-08 2.1553E-08 2.1079E-08 2.0543E-08 1.9965E-08 1.9360E-08 1.8741E-08 1.8108E-08 1.7474E-08 1.6838E-08 1.6205E-08 1.5578E-08 1.4961E-08 1.4348E-08 1.3746E-08 1.3154E-08 1.2576E-08 1.2012E-08 1.1462E-08 1.0930E-08 1.0416E-08 9.9224E-09 9.4548E-09 9.0103E-09 8.5774E-09
1.8145E-09 1.9730E-09 2.1421E-09 2.3781E-09 2.5860E-09 2.8088E-09 3.0569E-09 3.3129E-09 3.5973E-09 3.9155E-09 4.2387E-09 4.5995E-09 5.0266E-09 5.5753E-09 6.2059E-09 7.0585E-09 8.0731E-09 9.2895E-09 1.0602E-08 1.2089E-08 1.3703E-08 1.5355E-08 1.6858E-08 1.8300E-08 1.9597E-08 2.0706E-08 2.1612E-08 2.2270E-08 2.2670E-08 2.2868E-08 2.2874E-08 2.2704E-08 2.2405E-08 2.2004E-08 2.1523E-08 2.0986E-08 2.0405E-08 1.9790E-08 1.9154E-08 1.8505E-08 1.7853E-08 1.7197E-08 1.6551E-08 1.5905E-08 1.5265E-08 1.4635E-08 1.4019E-08 1.3409E-08 1.2813E-08 1.2231E-08 1.1666E-08 1.1119E-08 1.0589E-08 1.0082E-08 9.5957E-09 9.1408E-09 8.7004E-09
1.7774E-09 1.9334E-09 2.1000E-09 2.3046E-09 2.5352E-09 2.7552E-09 3.0020E-09 3.2562E-09 3.5408E-09 3.8446E-09 4.1853E-09 4.5520E-09 4.9864E-09 5.4984E-09 6.1395E-09 7.0176E-09 8.0027E-09 9.2520E-09 1.0571E-08 1.2038E-08 1.3650E-08 1.5331E-08 1.6932E-08 1.8334E-08 1.9691E-08 2.0869E-08 2.1842E-08 2.2569E-08 2.3021E-08 2.3308E-08 2.3367E-08 2.3241E-08 2.2978E-08 2.2609E-08 2.2151E-08 2.1626E-08 2.1049E-08 2.0441E-08 1.9803E-08 1.9153E-08 1.8243E-08 1.7571E-08 1.6899E-08 1.6235E-08 1.5579E-08 1.4928E-08 1.4286E-08 1.3659E-08 1.3049E-08 1.2448E-08 1.1867E-08 1.1303E-08 1.0760E-08 1.0236E-08 9.7355E-09 9.2653E-09 8.8134E-09
1.7381E-09 1.8914E-09 2.0552E-09 2.2296E-09 2.4805E-09 2.7074E-09 2.9426E-09 3.2069E-09 3.4908E-09 3.7832E-09 4.1237E-09 4.4833E-09 4.9379E-09 5.4439E-09 6.1035E-09 6.9425E-09 7.9045E-09 9.1916E-09 1.0510E-08 1.1967E-08 1.3643E-08 1.5336E-08 1.6903E-08 1.8330E-08 1.9753E-08 2.1009E-08 2.2055E-08 2.2855E-08 2.3361E-08 2.3704E-08 2.3802E-08 2.3703E-08 2.3458E-08 2.3096E-08 2.2640E-08 2.2117E-08 2.1535E-08 2.0914E-08 2.0261E-08 1.9593E-08 1.8899E-08 1.8206E-08 1.7507E-08 1.6576E-08 1.5893E-08 1.5222E-08 1.4557E-08 1.3914E-08 1.3279E-08 1.2663E-08 1.2061E-08 1.1485E-08 1.0924E-08 1.0386E-08 9.8687E-09 9.3860E-09 8.9203E-09
1.6968E-09 1.8471E-09 2.0078E-09 2.1790E-09 2.4224E-09 2.6453E-09 2.8777E-09 3.1412E-09 3.4249E-09 3.7295E-09 4.0556E-09 4.4097E-09 4.8760E-09 5.3875E-09 6.0366E-09 6.8623E-09 7.8354E-09 9.0901E-09 1.0430E-08 1.1930E-08 1.3540E-08 1.5256E-08 1.6850E-08 1.8315E-08 1.9785E-08 2.1118E-08 2.2241E-08 2.3117E-08 2.3735E-08 2.4086E-08 2.4225E-08 2.4156E-08 2.3933E-08 2.3585E-08 2.3137E-08 2.2611E-08 2.2024E-08 2.1400E-08 2.0739E-08 2.0054E-08 1.9342E-08 1.8626E-08 1.7900E-08 1.7184E-08 1.6468E-08 1.5525E-08 1.4839E-08 1.4170E-08 1.3514E-08 1.2880E-08 1.2259E-08 1.1661E-08 1.1080E-08 1.0530E-08 9.9965E-09 9.4993E-09 9.0221E-09
1.6536E-09 1.8007E-09 1.9580E-09 2.1257E-09 2.3333E-09 2.5698E-09 2.8190E-09 3.0814E-09 3.3526E-09 3.6583E-09 3.9863E-09 4.3546E-09 4.8017E-09 5.3234E-09 5.9726E-09 6.7662E-09 7.7604E-09 8.9930E-09 1.0320E-08 1.1821E-08 1.3489E-08 1.5150E-08 1.6764E-08 1.8269E-08 1.9786E-08 2.1203E-08 2.2407E-08 2.3362E-08 2.4127E-08 2.4565E-08 2.4782E-08 2.4782E-08 2.4615E-08 2.4311E-08 2.3896E-08 2.3395E-08 2.2823E-08 2.2194E-08 2.1223E-08 2.0527E-08 1.9800E-08 1.9058E-08 1.8311E-08 1.7569E-08 1.6825E-08 1.6096E-08 1.5376E-08 1.4435E-08 1.3755E-08 1.3095E-08 1.2454E-08 1.1837E-08 1.1239E-08 1.0665E-08 1.0116E-08 9.6053E-09 9.1159E-09
1.6086E-09 1.7523E-09 1.9060E-09 2.0699E-09 2.2444E-09 2.5005E-09 2.7327E-09 3.0031E-09 3.2864E-09 3.5928E-09 3.9099E-09 4.2759E-09 4.7485E-09 5.2587E-09 5.8800E-09 6.6647E-09 7.6498E-09 8.8303E-09 1.0262E-08 1.1691E-08 1.3354E-08 1.5019E-08 1.6654E-08 1.8201E-08 1.9763E-08 2.1267E-08 2.2555E-08 2.3696E-08 2.4463E-08 2.4966E-08 2.5233E-08 2.5277E-08 2.5139E-08 2.4854E-08 2.4452E-08 2.3954E-08 2.3380E-08 2.2745E-08 2.2050E-08 2.1321E-08 2.0560E-08 1.9499E-08 1.8736E-08 1.7965E-08 1.7198E-08 1.6436E-08 1.5691E-08 1.4957E-08 1.4246E-08 1.3318E-08 1.2650E-08 1.2006E-08 1.1390E-08 1.0800E-08 1.0232E-08 9.7044E-09 9.2006E-09
1.5620E-09 1.7021E-09 1.8520E-09 2.0119E-09 2.1822E-09 2.3963E-09 2.6558E-09 2.9195E-09 3.2001E-09 3.5063E-09 3.8497E-09 4.2067E-09 4.6747E-09 5.1660E-09 5.7822E-09 6.5774E-09 7.5122E-09 8.6797E-09 1.0103E-08 1.1610E-08 1.3200E-08 1.4868E-08 1.6525E-08 1.8114E-08 1.9716E-08 2.1310E-08 2.2685E-08 2.3938E-08 2.4797E-08 2.5370E-08 2.5693E-08 2.5784E-08 2.5679E-08 2.5417E-08 2.5027E-08 2.4532E-08 2.3955E-08 2.3311E-08 2.2602E-08 2.1855E-08 2.1078E-08 2.0279E-08 1.9470E-08 1.8656E-08 1.7584E-08 1.6797E-08 1.6020E-08 1.5254E-08 1.4511E-08 1.3784E-08 1.2850E-08 1.2182E-08 1.1541E-08 1.0926E-08 1.0343E-08 9.7946E-09 9.2826E-09
1.5139E-09 1.6502E-09 1.7961E-09 1.9519E-09 2.1177E-09 2.3251E-09 2.5757E-09 2.8333E-09 3.1236E-09 3.4131E-09 3.7588E-09 4.1396E-09 4.6025E-09 5.0991E-09 5.6854E-09 6.4631E-09 7.3790E-09 8.5723E-09 9.9065E-09 1.1459E-08 1.3034E-08 1.4703E-08 1.6380E-08 1.8011E-08 1.9650E-08 2.1334E-08 2.2799E-08 2.4177E-08 2.5132E-08 2.5781E-08 2.6165E-08 2.6306E-08 2.6237E-08 2.5998E-08 2.5621E-08 2.5130E-08 2.4548E-08 2.3893E-08 2.3171E-08 2.2405E-08 2.1607E-08 2.0786E-08 1.9953E-08 1.9113E-08 1.8274E-08 1.7157E-08 1.6356E-08 1.5563E-08 1.4785E-08 1.4024E-08 1.3295E-08 1.2588E-08 1.1689E-08 1.1055E-08 1.0451E-08 9.8821E-09 9.3534E-09
1.4646E-09 1.5970E-09 1.7387E-09 1.8901E-09 2.0512E-09 2.2347E-09 2.4926E-09 2.7325E-09 3.0300E-09 3.3433E-09 3.6734E-09 4.0488E-09 4.4867E-09 5.0198E-09 5.5950E-09 6.3385E-09 7.2646E-09 8.3999E-09 9.7877E-09 1.1276E-08 1.2857E-08 1.4527E-08 1.6223E-08 1.7895E-08 1.9567E-08 2.1340E-08 2.3045E-08 2.4415E-08 2.5470E-08 2.6201E-08 2.6650E-08 2.6844E-08 2.6812E-08 2.6598E-08 2.6233E-08 2.5746E-08 2.5159E-08 2.4492E-08 2.3757E-08 2.2972E-08 2.2152E-08 2.1307E-08 2.0447E-08 1.9579E-08 1.8708E-08 1.7840E-08 1.6981E-08 1.5864E-08 1.5060E-08 1.4273E-08 1.3507E-08 1.2771E-08 1.2071E-08 1.1173E-08 1.0553E-08 9.9671E-09 9.4192E-09
1.4143E-09 1.5426E-09 1.6800E-09 1.8267E-09 1.9935E-09 2.1624E-09 2.3894E-09 2.6566E-09 2.9338E-09 3.2450E-09 3.5973E-09 3.9753E-09 4.4073E-09 4.9111E-09 5.5003E-09 6.2328E-09 7.1206E-09 8.2394E-09 9.5870E-09 1.1060E-08 1.2674E-08 1.4343E-08 1.6057E-08 1.7767E-08 1.9467E-08 2.1327E-08 2.3176E-08 2.4654E-08 2.5814E-08 2.6632E-08 2.7150E-08 2.7397E-08 2.7404E-08 2.7214E-08 2.6863E-08 2.6378E-08 2.5785E-08 2.5108E-08 2.4358E-08 2.3554E-08 2.2712E-08 2.1842E-08 2.0953E-08 2.0052E-08 1.9147E-08 1.8244E-08 1.7349E-08 1.6468E-08 1.5328E-08 1.4511E-08 1.3717E-08 1.2956E-08 1.2225E-08 1.1528E-08 1.0642E-08 1.0039E-08 9.4796E-09
1.3630E-09 1.4871E-09 1.6200E-09 1.7620E-09 1.9246E-09 2.0883E-09 2.2962E-09 2.5646E-09 2.8486E-09 3.1565E-09 3.4984E-09 3.8799E-09 4.3028E-09 4.8135E-09 5.3954E-09 6.1016E-09 6.9640E-09 8.0976E-09 9.4173E-09 1.0851E-08 1.2465E-08 1.4154E-08 1.5883E-08 1.7629E-08 1.9355E-08 2.1295E-08 2.3306E-08 2.4897E-08 2.6165E-08 2.7073E-08 2.7662E-08 2.7963E-08 2.8009E-08 2.7844E-08 2.7505E-08 2.7024E-08 2.6427E-08 2.5738E-08 2.4973E-08 2.4150E-08 2.3282E-08 2.2386E-08 2.1465E-08 2.0530E-08 1.9589E-08 1.8648E-08 1.7715E-08 1.6797E-08 1.5899E-08 1.5025E-08 1.3924E-08 1.3131E-08 1.2372E-08 1.1653E-08 1.0970E-08 1.0101E-08 9.5262E-09
1.3111E-09 1.4309E-09 1.5592E-09 1.7057E-09 1.8543E-09 2.0256E-09 2.2119E-09 2.4577E-09 2.7513E-09 3.0809E-09 3.4234E-09 3.7965E-09 4.2129E-09 4.7135E-09 5.2784E-09 5.9614E-09 6.8835E-09 7.9324E-09 9.2333E-09 1.0665E-08 1.2228E-08 1.3960E-08 1.5702E-08 1.7480E-08 1.9259E-08 2.1461E-08 2.3436E-08 2.5155E-08 2.6536E-08 2.7539E-08 2.8200E-08 2.8556E-08 2.8641E-08 2.8501E-08 2.8175E-08 2.7697E-08 2.7092E-08 2.6384E-08 2.5598E-08 2.4754E-08 2.3859E-08 2.2933E-08 2.1980E-08 2.1009E-08 2.0029E-08 1.9049E-08 1.8078E-08 1.7122E-08 1.6187E-08 1.5278E-08 1.4399E-08 1.3298E-08 1.2514E-08 1.1765E-08 1.1060E-08 1.0396E-08 9.5641E-09
