Assets/Resources/2015_m01_d05_1600(utc+0800)_l00_csi_1hr_conc.grd
DSAA
         159         159
     -79.000      79.000
     -79.000      79.000
  0.9277E-10  0.4476E-05
[rows 125 to 149 of 159, columns 0 to 56 of 159]
6.9137E-10 6.9992E-10 7.0661E-10 7.1194E-10 7.1762E-10 7.2239E-10 7.2818E-10 7.3352E-10 7.3813E-10 7.4129E-10 7.4405E-10 7.4724E-10 7.5017E-10 7.5168E-10 7.5276E-10 7.5339E-10 7.5357E-10 7.5354E-10 7.5439E-10 7.5322E-10 7.5186E-10 7.4939E-10 7.4687E-10 7.4390E-10 7.3904E-10 7.3480E-10 7.3056E-10 7.2529E-10 7.1977E-10 7.1248E-10 7.0666E-10 7.0019E-10 6.9338E-10 6.8628E-10 6.7912E-10 6.7108E-10 6.6235E-10 6.5194E-10 6.4267E-10 6.3305E-10 6.2427E-10 6.1544E-10 6.0493E-10 5.9367E-10 5.8379E-10 5.7314E-10 5.6353E-10 5.5244E-10 5.4213E-10 5.3264E-10 5.2238E-10 5.1338E-10 5.0314E-10 4.9326E-10 4.8304E-10 4.7373E-10 4.6429E-10
6.5950E-10 6.6616E-10 6.7099E-10 6.7564E-10 6.8257E-10 6.8743E-10 6.9247E-10 6.9719E-10 7.0031E-10 7.0356E-10 7.0688E-10 7.1044E-10 7.1358E-10 7.1490E-10 7.1660E-10 7.1712E-10 7.1723E-10 7.1693E-10 7.1621E-10 7.1507E-10 7.1319E-10 7.1122E-10 7.0860E-10 7.0582E-10 7.0227E-10 6.9832E-10 6.9439E-10 6.8970E-10 6.8505E-10 6.7918E-10 6.7345E-10 6.6534E-10 6.5879E-10 6.5144E-10 6.4335E-10 6.3643E-10 6.2880E-10 6.2148E-10 6.1313E-10 6.0228E-10 5.9398E-10 5.8471E-10 5.7532E-10 5.6743E-10 5.5787E-10 5.4803E-10 5.3831E-10 5.2910E-10 5.1994E-10 5.1116E-10 5.0122E-10 4.9275E-10 4.8295E-10 4.7480E-10 4.6490E-10 4.5609E-10 4.4716E-10
6.2794E-10 6.3277E-10 6.3910E-10 6.4580E-10 6.5053E-10 6.5433E-10 6.5852E-10 6.6156E-10 6.6699E-10 6.7026E-10 6.7242E-10 6.7462E-10 6.7608E-10 6.7759E-10 6.7918E-10 6.7974E-10 6.7936E-10 6.7900E-10 6.7870E-10 6.7760E-10 6.7612E-10 6.7427E-10 6.7162E-10 6.6895E-10 6.6602E-10 6.6273E-10 6.5796E-10 6.5349E-10 6.4888E-10 6.4392E-10 6.3865E-10 6.3294E-10 6.2730E-10 6.2125E-10 6.1440E-10 6.0514E-10 5.9795E-10 5.8997E-10 5.8160E-10 5.7465E-10 5.6742E-10 5.5928E-10 5.4950E-10 5.4075E-10 5.3148E-10 5.2407E-10 5.1593E-10 5.0811E-10 4.9897E-10 4.9038E-10 4.8185E-10 4.7332E-10 4.6427E-10 4.5590E-10 4.4768E-10 4.3919E-10 4.3033E-10
6.0177E-10 6.0604E-10 6.1104E-10 6.1560E-10 6.1903E-10 6.2396E-10 6.2796E-10 6.3068E-10 6.3399E-10 6.3719E-10 6.3906E-10 6.4101E-10 6.4225E-10 6.4436E-10 6.4693E-10 6.4807E-10 6.4776E-10 6.4829E-10 6.4757E-10 6.4650E-10 6.4430E-10 6.4255E-10 6.4048E-10 6.3807E-10 6.3515E-10 6.3157E-10 6.2743E-10 6.2290E-10 6.1775E-10 6.1157E-10 6.0681E-10 6.0140E-10 5.9473E-10 5.8901E-10 5.8279E-10 5.7726E-10 5.7090E-10 5.6384E-10 5.5540E-10 5.4828E-10 5.4022E-10 5.3233E-10 5.2573E-10 5.1858E-10 5.1151E-10 5.0248E-10 4.9460E-10 4.8687E-10 4.7941E-10 4.7106E-10 4.6327E-10 4.5432E-10 4.4736E-10 4.3912E-10 4.3076E-10 4.2229E-10 4.1482E-10
5.7580E-10 5.7977E-10 5.8347E-10 5.8676E-10 5.9228E-10 5.9579E-10 5.9884E-10 6.0170E-10 6.0460E-10 6.0821E-10 6.0985E-10 6.1230E-10 6.1339E-10 6.1418E-10 6.1467E-10 6.1486E-10 6.1474E-10 6.1434E-10 6.1340E-10 6.1213E-10 6.1096E-10 6.0912E-10 6.0718E-10 6.0494E-10 6.0215E-10 5.9866E-10 5.9541E-10 5.9165E-10 5.8762E-10 5.8376E-10 5.7902E-10 5.7458E-10 5.6888E-10 5.6339E-10 5.5620E-10 5.5027E-10 5.4372E-10 5.3641E-10 5.3077E-10 5.2454E-10 5.1856E-10 5.1179E-10 5.0429E-10 4.9657E-10 4.8941E-10 4.8282E-10 4.7562E-10 4.6751E-10 4.5993E-10 4.5274E-10 4.4616E-10 4.3784E-10 4.3049E-10 4.2250E-10 4.1503E-10 4.0777E-10 4.0022E-10
5.5058E-10 5.5528E-10 5.5980E-10 5.6298E-10 5.6667E-10 5.6953E-10 5.7259E-10 5.7473E-10 5.7694E-10 5.7860E-10 5.8001E-10 5.8224E-10 5.8404E-10 5.8469E-10 5.8506E-10 5.8516E-10 5.8493E-10 5.8622E-10 5.8551E-10 5.8489E-10 5.8362E-10 5.8188E-10 5.7987E-10 5.7737E-10 5.7497E-10 5.7174E-10 5.6710E-10 5.6358E-10 5.6017E-10 5.5599E-10 5.5020E-10 5.4614E-10 5.4159E-10 5.3638E-10 5.3165E-10 5.2643E-10 5.2140E-10 5.1558E-10 5.0947E-10 5.0266E-10 4.9553E-10 4.9002E-10 4.8392E-10 4.7786E-10 4.7053E-10 4.6292E-10 4.5625E-10 4.4989E-10 4.4344E-10 4.3549E-10 4.2862E-10 4.2150E-10 4.1434E-10 4.0709E-10 4.0053E-10 3.9394E-10 3.8707E-10
5.2836E-10 5.3309E-10 5.3595E-10 5.3874E-10 5.4143E-10 5.4378E-10 5.4795E-10 5.5051E-10 5.5230E-10 5.5440E-10 5.5644E-10 5.5774E-10 5.5865E-10 5.5915E-10 5.5944E-10 5.5949E-10 5.5923E-10 5.5873E-10 5.5803E-10 5.5707E-10 5.5586E-10 5.5412E-10 5.5229E-10 5.5006E-10 5.4788E-10 5.4501E-10 5.4195E-10 5.3910E-10 5.3542E-10 5.3200E-10 5.2806E-10 5.2377E-10 5.1920E-10 5.1460E-10 5.0938E-10 5.0347E-10 4.9792E-10 4.9336E-10 4.8809E-10 4.8289E-10 4.7679E-10 4.7056E-10 4.6390E-10 4.5765E-10 4.5224E-10 4.4626E-10 4.3885E-10 4.3214E-10 4.2570E-10 4.1994E-10 4.1296E-10 4.0645E-10 4.0012E-10 3.9363E-10 3.8673E-10 3.7982E-10 3.7277E-10
5.0691E-10 5.0997E-10 5.1293E-10 5.1726E-10 5.2042E-10 5.2269E-10 5.2551E-10 5.2750E-10 5.2900E-10 5.3031E-10 5.3144E-10 5.3307E-10 5.3373E-10 5.3417E-10 5.3549E-10 5.3549E-10 5.3573E-10 5.3573E-10 5.3462E-10 5.3366E-10 5.3251E-10 5.3114E-10 5.2886E-10 5.2678E-10 5.2447E-10 5.2176E-10 5.1932E-10 5.1555E-10 5.1166E-10 5.0848E-10 5.0487E-10 5.0108E-10 4.9691E-10 4.9294E-10 4.8878E-10 4.8408E-10 4.7884E-10 4.7429E-10 4.6843E-10 4.6203E-10 4.5736E-10 4.5229E-10 4.4712E-10 4.4065E-10 4.3457E-10 4.2808E-10 4.2306E-10 4.1732E-10 4.1017E-10 4.0408E-10 3.9800E-10 3.9266E-10 3.8618E-10 3.7970E-10 3.7304E-10 3.6708E-10 3.6073E-10
4.8705E-10 4.9016E-10 4.9284E-10 4.9676E-10 4.9876E-10 5.0071E-10 5.0259E-10 5.0407E-10 5.0633E-10 5.0861E-10 5.1000E-10 5.1105E-10 5.1182E-10 5.1338E-10 5.1355E-10 5.1351E-10 5.1339E-10 5.1293E-10 5.1226E-10 5.1110E-10 5.0997E-10 5.0863E-10 5.0628E-10 5.0459E-10 5.0261E-10 5.0034E-10 4.9764E-10 4.9502E-10 4.9146E-10 4.8828E-10 4.8482E-10 4.8139E-10 4.7699E-10 4.7203E-10 4.6791E-10 4.6337E-10 4.5936E-10 4.5510E-10 4.5077E-10 4.4542E-10 4.3999E-10 4.3440E-10 4.2873E-10 4.2411E-10 4.1900E-10 4.1277E-10 4.0741E-10 4.0070E-10 3.9579E-10 3.9049E-10 3.8374E-10 3.7814E-10 3.7252E-10 3.6659E-10 3.6062E-10 3.5514E-10 3.5015E-10
4.6841E-10 4.7085E-10 4.7309E-10 4.7544E-10 4.7888E-10 4.8168E-10 4.8361E-10 4.8544E-10 4.8744E-10 4.8857E-10 4.8969E-10 4.9034E-10 4.9077E-10 4.9106E-10 4.9116E-10 4.9129E-10 4.9097E-10 4.9061E-10 4.8992E-10 4.8908E-10 4.8753E-10 4.8632E-10 4.8482E-10 4.8302E-10 4.8127E-10 4.7895E-10 4.7619E-10 4.7393E-10 4.7081E-10 4.6779E-10 4.6464E-10 4.6155E-10 4.5809E-10 4.5471E-10 4.5062E-10 4.4642E-10 4.4162E-10 4.3649E-10 4.3178E-10 4.2787E-10 4.2356E-10 4.1916E-10 4.1388E-10 4.0798E-10 4.0209E-10 3.9793E-10 3.9310E-10 3.8706E-10 3.8226E-10 3.7595E-10 3.7119E-10 3.6537E-10 3.6019E-10 3.5490E-10 3.5007E-10 3.4520E-10 3.3949E-10
4.4949E-10 4.5186E-10 4.5614E-10 4.5804E-10 4.6058E-10 4.6251E-10 4.6432E-10 4.6559E-10 4.6682E-10 4.6767E-10 4.6934E-10 4.7055E-10 4.7143E-10 4.7166E-10 4.7171E-10 4.7160E-10 4.7145E-10 4.7134E-10 4.7120E-10 4.7035E-10 4.6938E-10 4.6824E-10 4.6668E-10 4.6468E-10 4.6260E-10 4.6055E-10 4.5814E-10 4.5566E-10 4.5295E-10 4.5034E-10 4.4720E-10 4.4228E-10 4.3902E-10 4.3572E-10 4.3228E-10 4.2894E-10 4.2517E-10 4.2172E-10 4.1683E-10 4.1218E-10 4.0636E-10 4.0230E-10 3.9832E-10 3.9406E-10 3.8948E-10 3.8380E-10 3.7773E-10 3.7390E-10 3.6926E-10 3.6306E-10 3.5883E-10 3.5321E-10 3.4921E-10 3.4464E-10 3.3965E-10 3.3439E-10 3.3089E-10
4.3340E-10 4.3679E-10 4.3854E-10 4.4013E-10 4.4176E-10 4.4299E-10 4.4649E-10 4.4821E-10 4.4964E-10 4.5059E-10 4.5234E-10 4.5293E-10 4.5320E-10 4.5336E-10 4.5319E-10 4.5295E-10 4.5294E-10 4.5243E-10 4.5177E-10 4.5070E-10 4.4977E-10 4.4869E-10 4.4747E-10 4.4565E-10 4.4378E-10 4.4208E-10 4.3975E-10 4.3736E-10 4.3530E-10 4.3241E-10 4.3000E-10 4.2721E-10 4.2357E-10 4.2041E-10 4.1699E-10 4.1286E-10 4.0834E-10 4.0431E-10 4.0098E-10 3.9752E-10 3.9362E-10 3.8911E-10 3.8381E-10 3.7857E-10 3.7503E-10 3.7085E-10 3.6695E-10 3.6144E-10 3.5653E-10 3.5198E-10 3.4778E-10 3.4294E-10 3.3863E-10 3.3412E-10 3.3050E-10 3.2621E-10 3.2307E-10
4.1729E-10 4.1943E-10 4.2125E-10 4.2407E-10 4.2678E-10 4.2809E-10 4.3008E-10 4.3126E-10 4.3201E-10 4.3273E-10 4.3379E-10 4.3438E-10 4.3481E-10 4.3585E-10 4.3600E-10 4.3613E-10 4.3631E-10 4.3581E-10 4.3522E-10 4.3444E-10 4.3306E-10 4.3200E-10 4.3085E-10 4.2927E-10 4.2713E-10 4.2539E-10 4.2312E-10 4.2133E-10 4.1929E-10 4.1501E-10 4.1273E-10 4.1006E-10 4.0729E-10 4.0399E-10 4.0122E-10 3.9820E-10 3.9501E-10 3.9105E-10 3.8658E-10 3.8182E-10 3.7836E-10 3.7499E-10 3.7165E-10 3.6733E-10 3.6219E-10 3.5776E-10 3.5342E-10 3.4976E-10 3.4595E-10 3.4205E-10 3.3654E-10 3.3346E-10 3.2981E-10 3.2598E-10 3.2303E-10 3.1891E-10 3.1548E-10
4.0300E-10 4.0524E-10 4.0666E-10 4.0971E-10 4.1074E-10 4.1179E-10 4.1290E-10 4.1361E-10 4.1526E-10 4.1747E-10 4.1815E-10 4.1839E-10 4.1921E-10 4.2013E-10 4.2001E-10 4.1995E-10 4.1963E-10 4.1917E-10 4.1859E-10 4.1789E-10 4.1674E-10 4.1573E-10 4.1461E-10 4.1290E-10 4.1107E-10 4.0960E-10 4.0785E-10 4.0573E-10 4.0379E-10 4.0094E-10 3.9857E-10 3.9594E-10 3.9346E-10 3.9001E-10 3.8554E-10 3.8303E-10 3.7965E-10 3.7690E-10 3.7376E-10 3.7093E-10 3.6638E-10 3.6220E-10 3.5707E-10 3.5415E-10 3.5070E-10 3.4778E-10 3.4357E-10 3.3940E-10 3.3534E-10 3.3206E-10 3.2876E-10 3.2549E-10 3.2148E-10 3.1851E-10 3.1495E-10 3.1212E-10 3.0937E-10
3.8948E-10 3.9070E-10 3.9214E-10 3.9359E-10 3.9501E-10 3.9794E-10 3.9935E-10 4.0052E-10 4.0194E-10 4.0251E-10 4.0314E-10 4.0336E-10 4.0346E-10 4.0340E-10 4.0352E-10 4.0340E-10 4.0306E-10 4.0251E-10 4.0318E-10 4.0246E-10 4.0147E-10 4.0003E-10 3.9902E-10 3.9790E-10 3.9552E-10 3.9397E-10 3.9213E-10 3.8993E-10 3.8819E-10 3.8597E-10 3.8351E-10 3.8112E-10 3.7893E-10 3.7648E-10 3.7412E-10 3.7104E-10 3.6748E-10 3.6345E-10 3.5950E-10 3.5647E-10 3.5376E-10 3.5095E-10 3.4757E-10 3.4392E-10 3.4016E-10 3.3630E-10 3.3346E-10 3.3019E-10 3.2725E-10 3.2455E-10 3.2067E-10 3.1762E-10 3.1444E-10 3.1182E-10 3.0940E-10 3.0638E-10 3.0304E-10
3.7492E-10 3.7580E-10 3.7972E-10 3.8074E-10 3.8262E-10 3.8394E-10 3.8512E-10 3.8574E-10 3.8635E-10 3.8666E-10 3.8796E-10 3.8883E-10 3.8943E-10 3.8938E-10 3.8924E-10 3.8899E-10 3.8902E-10 3.8932E-10 3.8872E-10 3.8807E-10 3.8727E-10 3.8642E-10 3.8543E-10 3.8409E-10 3.8295E-10 3.8123E-10 3.7910E-10 3.7720E-10 3.7530E-10 3.7321E-10 3.7133E-10 3.6874E-10 3.6465E-10 3.6225E-10 3.5938E-10 3.5742E-10 3.5473E-10 3.5222E-10 3.4952E-10 3.4646E-10 3.4317E-10 3.3906E-10 3.3671E-10 3.3368E-10 3.3114E-10 3.2817E-10 3.2591E-10 3.2225E-10 3.1951E-10 3.1644E-10 3.1384E-10 3.1151E-10 3.0868E-10 3.0570E-10 3.0288E-10 3.0038E-10 2.9803E-10
3.6374E-10 3.6550E-10 3.6698E-10 3.6782E-10 3.6841E-10 3.6911E-10 3.7203E-10 3.7331E-10 3.7434E-10 3.7498E-10 3.7641E-10 3.7664E-10 3.7665E-10 3.7651E-10 3.7609E-10 3.7615E-10 3.7555E-10 3.7486E-10 3.7426E-10 3.7358E-10 3.7287E-10 3.7206E-10 3.7084E-10 3.6987E-10 3.6833E-10 3.6678E-10 3.6556E-10 3.6369E-10 3.6182E-10 3.6039E-10 3.5813E-10 3.5626E-10 3.5424E-10 3.5156E-10 3.4924E-10 3.4649E-10 3.4417E-10 3.4044E-10 3.3843E-10 3.3591E-10 3.3350E-10 3.3067E-10 3.2868E-10 3.2636E-10 3.2282E-10 3.2050E-10 3.1750E-10 3.1523E-10 3.1287E-10 3.1042E-10 3.0804E-10 3.0504E-10 3.0254E-10 3.0031E-10 2.9790E-10 2.9491E-10 2.9220E-10
3.5378E-10 3.5454E-10 3.5566E-10 3.5736E-10 3.5861E-10 3.5905E-10 3.6054E-10 3.6086E-10 3.6110E-10 3.6188E-10 3.6231E-10 3.6233E-10 3.6226E-10 3.6323E-10 3.6318E-10 3.6401E-10 3.6365E-10 3.6321E-10 3.6243E-10 3.6182E-10 3.6105E-10 3.6045E-10 3.5907E-10 3.5816E-10 3.5686E-10 3.5555E-10 3.5352E-10 3.5222E-10 3.5035E-10 3.4894E-10 3.4633E-10 3.4472E-10 3.4273E-10 3.4063E-10 3.3856E-10 3.3648E-10 3.3452E-10 3.3214E-10 3.3021E-10 3.2810E-10 3.2500E-10 3.2295E-10 3.2020E-10 3.1796E-10 3.1585E-10 3.1387E-10 3.1162E-10 3.0939E-10 3.0649E-10 3.0412E-10 3.0206E-10 2.9995E-10 2.9739E-10 2.9447E-10 2.9212E-10 2.9005E-10 2.8756E-10
3.4563E-10 3.4646E-10 3.4706E-10 3.4798E-10 3.4847E-10 3.4896E-10 3.4926E-10 3.4944E-10 3.5076E-10 3.5161E-10 3.5166E-10 3.5213E-10 3.5278E-10 3.5295E-10 3.5278E-10 3.5249E-10 3.5207E-10 3.5164E-10 3.5113E-10 3.5045E-10 3.4980E-10 3.4907E-10 3.4822E-10 3.4732E-10 3.4584E-10 3.4428E-10 3.4319E-10 3.4185E-10 3.4063E-10 3.3928E-10 3.3689E-10 3.3535E-10 3.3382E-10 3.3201E-10 3.3049E-10 3.2744E-10 3.2584E-10 3.2419E-10 3.2178E-10 3.1964E-10 3.1786E-10 3.1599E-10 3.1407E-10 3.1215E-10 3.1004E-10 3.0731E-10 3.0520E-10 3.0334E-10 3.0109E-10 2.9892E-10 2.9607E-10 2.9395E-10 2.9193E-10 2.8989E-10 2.8735E-10 2.8461E-10 2.8236E-10
3.3858E-10 3.3929E-10 3.4001E-10 3.4068E-10 3.4118E-10 3.4151E-10 3.4178E-10 3.4199E-10 3.4245E-10 3.4253E-10 3.4255E-10 3.4250E-10 3.4239E-10 3.4221E-10 3.4220E-10 3.4185E-10 3.4148E-10 3.4241E-10 3.4182E-10 3.4126E-10 3.4059E-10 3.3990E-10 3.3847E-10 3.3745E-10 3.3658E-10 3.3564E-10 3.3338E-10 3.3224E-10 3.3110E-10 3.2977E-10 3.2857E-10 3.2710E-10 3.2552E-10 3.2406E-10 3.2227E-10 3.2055E-10 3.1883E-10 3.1717E-10 3.1563E-10 3.1377E-10 3.1189E-10 3.0950E-10 3.0752E-10 3.0579E-10 3.0408E-10 3.0197E-10 2.9994E-10 2.9728E-10 2.9522E-10 2.9343E-10 2.9152E-10 2.8909E-10 2.8634E-10 2.8429E-10 2.8235E-10 2.8035E-10 2.7761E-10
3.3174E-10 3.3227E-10 3.3280E-10 3.3322E-10 3.3381E-10 3.3428E-10 3.3464E-10 3.3492E-10 3.3505E-10 3.3511E-10 3.3503E-10 3.3497E-10 3.3485E-10 3.3468E-10 3.3444E-10 3.3431E-10 3.3395E-10 3.3352E-10 3.3304E-10 3.3244E-10 3.3184E-10 3.3113E-10 3.3037E-10 3.2955E-10 3.2845E-10 3.2756E-10 3.2662E-10 3.2551E-10 3.2401E-10 3.2270E-10 3.2152E-10 3.2012E-10 3.1880E-10 3.1722E-10 3.1581E-10 3.1440E-10 3.1272E-10 3.1072E-10 3.0898E-10 3.0740E-10 3.0572E-10 3.0400E-10 3.0231E-10 3.0035E-10 2.9796E-10 2.9605E-10 2.9438E-10 2.9232E-10 2.9040E-10 2.8770E-10 2.8571E-10 2.8393E-10 2.8209E-10 2.7993E-10 2.7719E-10 2.7517E-10 2.7331E-10
3.2477E-10 3.2555E-10 3.2605E-10 3.2658E-10 3.2712E-10 3.2740E-10 3.2763E-10 3.2832E-10 3.2844E-10 3.2849E-10 3.2849E-10 3.2854E-10 3.2842E-10 3.2825E-10 3.2801E-10 3.2763E-10 3.2727E-10 3.2661E-10 3.2567E-10 3.2516E-10 3.2447E-10 3.2384E-10 3.2316E-10 3.2242E-10 3.2162E-10 3.2068E-10 3.1964E-10 3.1870E-10 3.1761E-10 3.1657E-10 3.1525E-10 3.1407E-10 3.1236E-10 3.1093E-10 3.0938E-10 3.0800E-10 3.0656E-10 3.0520E-10 3.0352E-10 3.0196E-10 2.9976E-10 2.9796E-10 2.9641E-10 2.9472E-10 2.9300E-10 2.9117E-10 2.8860E-10 2.8673E-10 2.8512E-10 2.8338E-10 2.8150E-10 2.7868E-10 2.7675E-10 2.7499E-10 2.7320E-10 2.7106E-10 2.6849E-10
3.1879E-10 3.1936E-10 3.1978E-10 3.2014E-10 3.2045E-10 3.2071E-10 3.2108E-10 3.2123E-10 3.2133E-10 3.2172E-10 3.2185E-10 3.2179E-10 3.2167E-10 3.2150E-10 3.2127E-10 3.2098E-10 3.2059E-10 3.2020E-10 3.1975E-10 3.1920E-10 3.1842E-10 3.1772E-10 3.1702E-10 3.1631E-10 3.1555E-10 3.1441E-10 3.1330E-10 3.1218E-10 3.1112E-10 3.0998E-10 3.0895E-10 3.0765E-10 3.0643E-10 3.0528E-10 3.0403E-10 3.0244E-10 3.0066E-10 2.9909E-10 2.9751E-10 2.9604E-10 2.9466E-10 2.9295E-10 2.9130E-10 2.8907E-10 2.8732E-10 2.8583E-10 2.8414E-10 2.8235E-10 2.8010E-10 2.7792E-10 2.7636E-10 2.7468E-10 2.7281E-10 2.7017E-10 2.6820E-10 2.6651E-10 2.6475E-10
3.1233E-10 3.1300E-10 3.1339E-10 3.1390E-10 3.1419E-10 3.1457E-10 3.1476E-10 3.1490E-10 3.1499E-10 3.1502E-10 3.1495E-10 3.1488E-10 3.1487E-10 3.1465E-10 3.1459E-10 3.1421E-10 3.1388E-10 3.1345E-10 3.1302E-10 3.1254E-10 3.1201E-10 3.1133E-10 3.1070E-10 3.0997E-10 3.0920E-10 3.0839E-10 3.0747E-10 3.0661E-10 3.0547E-10 3.0448E-10 3.0315E-10 3.0176E-10 3.0038E-10 2.9923E-10 2.9788E-10 2.9671E-10 2.9527E-10 2.9398E-10 2.9235E-10 2.9054E-10 2.8889E-10 2.8750E-10 2.8614E-10 2.8458E-10 2.8290E-10 2.8053E-10 2.7875E-10 2.7725E-10 2.7568E-10 2.7396E-10 2.7195E-10 2.6949E-10 2.6799E-10 2.6637E-10 2.6448E-10 2.6196E-10 2.6015E-10
3.0651E-10 3.0728E-10 3.0786E-10 3.0829E-10 3.0856E-10 3.0878E-10 3.0895E-10 3.0908E-10 3.0915E-10 3.0918E-10 3.0916E-10 3.0909E-10 3.0897E-10 3.0905E-10 3.0883E-10 3.0857E-10 3.0820E-10 3.0783E-10 3.0742E-10 3.0686E-10 3.0631E-10 3.0575E-10 3.0515E-10 3.0390E-10 3.0287E-10 3.0213E-10 3.0136E-10 3.0054E-10 2.9939E-10 2.9849E-10 2.9735E-10 2.9637E-10 2.9536E-10 2.9401E-10 2.9237E-10 2.9094E-10 2.8974E-10 2.8847E-10 2.8715E-10 2.8592E-10 2.8435E-10 2.8260E-10 2.8075E-10 2.7915E-10 2.7777E-10 2.7623E-10 2.7463E-10 2.7292E-10 2.7071E-10 2.6902E-10 2.6749E-10 2.6581E-10 2.6385E-10 2.6157E-10 2.6002E-10 2.5851E-10 2.5650E-10
