Assets/Resources/2015_m01_d16_0900(utc+0800)_l00_csi_1hr_conc.grd
DSAA
         159         159
     -79.000      79.000
     -79.000      79.000
  0.2429E-10  0.2660E-05
[rows 75 to 99 of 159, columns 0 to 56 of 159]
1.3091E-10 1.3804E-10 1.4579E-10 1.5397E-10 1.6217E-10 1.7106E-10 1.8017E-10 1.8967E-10 1.9967E-10 2.0965E-10 2.2000E-10 2.3056E-10 2.4099E-10 2.5168E-10 2.6302E-10 2.7486E-10 2.8690E-10 2.9976E-10 3.1305E-10 3.2688E-10 3.4167E-10 3.5707E-10 3.7314E-10 3.9050E-10 4.0883E-10 4.2786E-10 4.4762E-10 4.6792E-10 4.8979E-10 5.1260E-10 5.3620E-10 5.6070E-10 5.8594E-10 6.1203E-10 6.3969E-10 6.6815E-10 6.9757E-10 7.2792E-10 7.5948E-10 7.9233E-10 8.2643E-10 8.6199E-10 8.9896E-10 9.3721E-10 9.7720E-10 1.0185E-09 1.0615E-09 1.1059E-09 1.1520E-09 1.1998E-09 1.2492E-09 1.3005E-09 1.3536E-09 1.4087E-09 1.4655E-09 1.5241E-09 1.5848E-09
1.3012E-10 1.3723E-10 1.4496E-10 1.5311E-10 1.6128E-10 1.7015E-10 1.7908E-10 1.8869E-10 1.9860E-10 2.0851E-10 2.1892E-10 2.2945E-10 2.3967E-10 2.5050E-10 2.6180E-10 2.7360E-10 2.8560E-10 2.9842E-10 3.1167E-10 3.2546E-10 3.4021E-10 3.5557E-10 3.7160E-10 3.8891E-10 4.0719E-10 4.2583E-10 4.4588E-10 4.6612E-10 4.8793E-10 5.1056E-10 5.3420E-10 5.5863E-10 5.8355E-10 6.0981E-10 6.3739E-10 6.6577E-10 6.9487E-10 7.2538E-10 7.5674E-10 7.8961E-10 8.2363E-10 8.5909E-10 8.9597E-10 9.3412E-10 9.7400E-10 1.0151E-09 1.0580E-09 1.1024E-09 1.1482E-09 1.1960E-09 1.2453E-09 1.2964E-09 1.3495E-09 1.4044E-09 1.4611E-09 1.5195E-09 1.5800E-09
1.2943E-10 1.3639E-10 1.4409E-10 1.5201E-10 1.6021E-10 1.6919E-10 1.7789E-10 1.8750E-10 1.9740E-10 2.0740E-10 2.1777E-10 2.2813E-10 2.3844E-10 2.4923E-10 2.6050E-10 2.7225E-10 2.8421E-10 2.9687E-10 3.1020E-10 3.2394E-10 3.3864E-10 3.5395E-10 3.6994E-10 3.8719E-10 4.0541E-10 4.2399E-10 4.4352E-10 4.6414E-10 4.8588E-10 5.0834E-10 5.3188E-10 5.5602E-10 5.8085E-10 6.0735E-10 6.3483E-10 6.6312E-10 6.9212E-10 7.2242E-10 7.5368E-10 7.8656E-10 8.2047E-10 8.5582E-10 8.9246E-10 9.3061E-10 9.7036E-10 1.0113E-09 1.0540E-09 1.0982E-09 1.1441E-09 1.1917E-09 1.2410E-09 1.2920E-09 1.3447E-09 1.3994E-09 1.4559E-09 1.5142E-09 1.5745E-09
1.2849E-10 1.3564E-10 1.4319E-10 1.5102E-10 1.5925E-10 1.6818E-10 1.7685E-10 1.8637E-10 1.9628E-10 2.0624E-10 2.1636E-10 2.2687E-10 2.3715E-10 2.4789E-10 2.5911E-10 2.7069E-10 2.8273E-10 2.9534E-10 3.0862E-10 3.2231E-10 3.3696E-10 3.5222E-10 3.6814E-10 3.8533E-10 4.0304E-10 4.2199E-10 4.4131E-10 4.6199E-10 4.8354E-10 5.0602E-10 5.2937E-10 5.5307E-10 5.7815E-10 6.0464E-10 6.3202E-10 6.6008E-10 6.8909E-10 7.1915E-10 7.5042E-10 7.8304E-10 8.1696E-10 8.5218E-10 8.8869E-10 9.2670E-10 9.6618E-10 1.0071E-09 1.0496E-09 1.0937E-09 1.1394E-09 1.1868E-09 1.2360E-09 1.2867E-09 1.3392E-09 1.3938E-09 1.4501E-09 1.5081E-09 1.5683E-09
1.2742E-10 1.3474E-10 1.4226E-10 1.5005E-10 1.5824E-10 1.6688E-10 1.7571E-10 1.8528E-10 1.9484E-10 2.0501E-10 2.1496E-10 2.2535E-10 2.3578E-10 2.4648E-10 2.5765E-10 2.6917E-10 2.8104E-10 2.9372E-10 3.0694E-10 3.2068E-10 3.3516E-10 3.5036E-10 3.6622E-10 3.8334E-10 4.0097E-10 4.1950E-10 4.3909E-10 4.5968E-10 4.8113E-10 5.0339E-10 5.2644E-10 5.5013E-10 5.7533E-10 6.0170E-10 6.2884E-10 6.5677E-10 6.8567E-10 7.1559E-10 7.4685E-10 7.7933E-10 8.1310E-10 8.4806E-10 8.8453E-10 9.2238E-10 9.6169E-10 1.0025E-09 1.0446E-09 1.0887E-09 1.1341E-09 1.1814E-09 1.2304E-09 1.2809E-09 1.3330E-09 1.3875E-09 1.4434E-09 1.5013E-09 1.5612E-09
1.2652E-10 1.3369E-10 1.4120E-10 1.4891E-10 1.5720E-10 1.6565E-10 1.7437E-10 1.8396E-10 1.9361E-10 2.0353E-10 2.1363E-10 2.2380E-10 2.3434E-10 2.4499E-10 2.5610E-10 2.6757E-10 2.7938E-10 2.9200E-10 3.0503E-10 3.1884E-10 3.3326E-10 3.4838E-10 3.6417E-10 3.8121E-10 3.9876E-10 4.1710E-10 4.3660E-10 4.5708E-10 4.7844E-10 5.0037E-10 5.2317E-10 5.4711E-10 5.7228E-10 5.9842E-10 6.2521E-10 6.5300E-10 6.8196E-10 7.1186E-10 7.4297E-10 7.7529E-10 8.0891E-10 8.4369E-10 8.7999E-10 9.1754E-10 9.5679E-10 9.9721E-10 1.0393E-09 1.0830E-09 1.1284E-09 1.1753E-09 1.2242E-09 1.2745E-09 1.3263E-09 1.3805E-09 1.4362E-09 1.4938E-09 1.5533E-09
1.2560E-10 1.3273E-10 1.4015E-10 1.4787E-10 1.5590E-10 1.6424E-10 1.7319E-10 1.8239E-10 1.9233E-10 2.0201E-10 2.1203E-10 2.2222E-10 2.3284E-10 2.4343E-10 2.5448E-10 2.6589E-10 2.7764E-10 2.9019E-10 3.0315E-10 3.1690E-10 3.3124E-10 3.4629E-10 3.6200E-10 3.7851E-10 3.9607E-10 4.1452E-10 4.3406E-10 4.5443E-10 4.7556E-10 4.9739E-10 5.1995E-10 5.4398E-10 5.6891E-10 5.9489E-10 6.2120E-10 6.4918E-10 6.7797E-10 7.0784E-10 7.3878E-10 7.7094E-10 8.0425E-10 8.3886E-10 8.7508E-10 9.1243E-10 9.5147E-10 9.9155E-10 1.0336E-09 1.0770E-09 1.1222E-09 1.1688E-09 1.2174E-09 1.2673E-09 1.3190E-09 1.3728E-09 1.4283E-09 1.4858E-09 1.5447E-09
1.2465E-10 1.3166E-10 1.3912E-10 1.4679E-10 1.5459E-10 1.6308E-10 1.7174E-10 1.8094E-10 1.9080E-10 2.0062E-10 2.1041E-10 2.2071E-10 2.3126E-10 2.4179E-10 2.5265E-10 2.6400E-10 2.7581E-10 2.8829E-10 3.0118E-10 3.1485E-10 3.2911E-10 3.4409E-10 3.5971E-10 3.7612E-10 3.9348E-10 4.1194E-10 4.3126E-10 4.5162E-10 4.7229E-10 4.9377E-10 5.1665E-10 5.4064E-10 5.6531E-10 5.9094E-10 6.1729E-10 6.4510E-10 6.7384E-10 7.0343E-10 7.3430E-10 7.6603E-10 7.9927E-10 8.3380E-10 8.6968E-10 9.0693E-10 9.4546E-10 9.8559E-10 1.0274E-09 1.0704E-09 1.1155E-09 1.1618E-09 1.2099E-09 1.2597E-09 1.3111E-09 1.3645E-09 1.4197E-09 1.4768E-09 1.5355E-09
1.2360E-10 1.3043E-10 1.3786E-10 1.4547E-10 1.5338E-10 1.6156E-10 1.7026E-10 1.7942E-10 1.8917E-10 1.9897E-10 2.0877E-10 2.1913E-10 2.2962E-10 2.4009E-10 2.5088E-10 2.6216E-10 2.7390E-10 2.8631E-10 2.9911E-10 3.1260E-10 3.2688E-10 3.4166E-10 3.5730E-10 3.7362E-10 3.9087E-10 4.0912E-10 4.2841E-10 4.4843E-10 4.6863E-10 4.9054E-10 5.1327E-10 5.3700E-10 5.6129E-10 5.8662E-10 6.1327E-10 6.4089E-10 6.6933E-10 6.9884E-10 7.2941E-10 7.6105E-10 7.9408E-10 8.2826E-10 8.6404E-10 9.0106E-10 9.3921E-10 9.7922E-10 1.0204E-09 1.0635E-09 1.1081E-09 1.1542E-09 1.2019E-09 1.2516E-09 1.3025E-09 1.3557E-09 1.4105E-09 1.4672E-09 1.5255E-09
1.2239E-10 1.2934E-10 1.3665E-10 1.4419E-10 1.5196E-10 1.6012E-10 1.6879E-10 1.7794E-10 1.8774E-10 1.9747E-10 2.0716E-10 2.1737E-10 2.2792E-10 2.3831E-10 2.4891E-10 2.6024E-10 2.7190E-10 2.8409E-10 2.9696E-10 3.1036E-10 3.2442E-10 3.3924E-10 3.5467E-10 3.7088E-10 3.8799E-10 4.0614E-10 4.2530E-10 4.4497E-10 4.6527E-10 4.8702E-10 5.0960E-10 5.3315E-10 5.5706E-10 5.8243E-10 6.0888E-10 6.3644E-10 6.6468E-10 6.9399E-10 7.2422E-10 7.5566E-10 7.8858E-10 8.2252E-10 8.5805E-10 8.9452E-10 9.3270E-10 9.7243E-10 1.0134E-09 1.0561E-09 1.1004E-09 1.1460E-09 1.1935E-09 1.2429E-09 1.2934E-09 1.3463E-09 1.4005E-09 1.4570E-09 1.5147E-09
1.2116E-10 1.2807E-10 1.3532E-10 1.4288E-10 1.5043E-10 1.5874E-10 1.6724E-10 1.7634E-10 1.8606E-10 1.9557E-10 2.0554E-10 2.1568E-10 2.2585E-10 2.3634E-10 2.4699E-10 2.5808E-10 2.6983E-10 2.8193E-10 2.9471E-10 3.0802E-10 3.2199E-10 3.3670E-10 3.5203E-10 3.6799E-10 3.8512E-10 4.0314E-10 4.2173E-10 4.4125E-10 4.6174E-10 4.8344E-10 5.0573E-10 5.2890E-10 5.5284E-10 5.7792E-10 6.0429E-10 6.3131E-10 6.5945E-10 6.8863E-10 7.1876E-10 7.5008E-10 7.8262E-10 8.1644E-10 8.5159E-10 8.8778E-10 9.2581E-10 9.6494E-10 1.0059E-09 1.0481E-09 1.0921E-09 1.1375E-09 1.1846E-09 1.2333E-09 1.2838E-09 1.3359E-09 1.3901E-09 1.4461E-09 1.5034E-09
1.2001E-10 1.2698E-10 1.3409E-10 1.4163E-10 1.4903E-10 1.5730E-10 1.6574E-10 1.7463E-10 1.8440E-10 1.9387E-10 2.0374E-10 2.1373E-10 2.2403E-10 2.3430E-10 2.4501E-10 2.5601E-10 2.6767E-10 2.7969E-10 2.9237E-10 3.0545E-10 3.1935E-10 3.3395E-10 3.4916E-10 3.6498E-10 3.8191E-10 4.0001E-10 4.1800E-10 4.3773E-10 4.5816E-10 4.7958E-10 5.0147E-10 5.2446E-10 5.4844E-10 5.7342E-10 5.9947E-10 6.2607E-10 6.5419E-10 6.8313E-10 7.1303E-10 7.4421E-10 7.7639E-10 8.1005E-10 8.4450E-10 8.8082E-10 9.1842E-10 9.5736E-10 9.9796E-10 1.0397E-09 1.0833E-09 1.1283E-09 1.1751E-09 1.2235E-09 1.2736E-09 1.3253E-09 1.3790E-09 1.4342E-09 1.4914E-09
1.1894E-10 1.2565E-10 1.3272E-10 1.3985E-10 1.4759E-10 1.5545E-10 1.6413E-10 1.7314E-10 1.8261E-10 1.9201E-10 2.0171E-10 2.1163E-10 2.2194E-10 2.3233E-10 2.4279E-10 2.5387E-10 2.6530E-10 2.7737E-10 2.8982E-10 3.0293E-10 3.1672E-10 3.3121E-10 3.4617E-10 3.6200E-10 3.7880E-10 3.9631E-10 4.1460E-10 4.3406E-10 4.5442E-10 4.7554E-10 4.9704E-10 5.1996E-10 5.4373E-10 5.6850E-10 5.9390E-10 6.2080E-10 6.4868E-10 6.7738E-10 7.0714E-10 7.3782E-10 7.6997E-10 8.0311E-10 8.3751E-10 8.7351E-10 9.1062E-10 9.4928E-10 9.8965E-10 1.0309E-09 1.0742E-09 1.1189E-09 1.1653E-09 1.2131E-09 1.2626E-09 1.3141E-09 1.3674E-09 1.4221E-09 1.4787E-09
1.1781E-10 1.2430E-10 1.3142E-10 1.3846E-10 1.4615E-10 1.5388E-10 1.6241E-10 1.7142E-10 1.8053E-10 1.9004E-10 1.9964E-10 2.0957E-10 2.1960E-10 2.3013E-10 2.4067E-10 2.5166E-10 2.6300E-10 2.7496E-10 2.8719E-10 3.0032E-10 3.1399E-10 3.2836E-10 3.4306E-10 3.5869E-10 3.7522E-10 3.9248E-10 4.1096E-10 4.3035E-10 4.5031E-10 4.7071E-10 4.9257E-10 5.1517E-10 5.3895E-10 5.6328E-10 5.8878E-10 6.1544E-10 6.4294E-10 6.7118E-10 7.0086E-10 7.3140E-10 7.6302E-10 7.9597E-10 8.3019E-10 8.6574E-10 9.0252E-10 9.4095E-10 9.8064E-10 1.0217E-09 1.0645E-09 1.1088E-09 1.1548E-09 1.2022E-09 1.2513E-09 1.3024E-09 1.3548E-09 1.4091E-09 1.4652E-09
1.1661E-10 1.2286E-10 1.2974E-10 1.3696E-10 1.4430E-10 1.5246E-10 1.6093E-10 1.6953E-10 1.7882E-10 1.8810E-10 1.9777E-10 2.0766E-10 2.1760E-10 2.2804E-10 2.3849E-10 2.4925E-10 2.6062E-10 2.7236E-10 2.8460E-10 2.9762E-10 3.1118E-10 3.2529E-10 3.3999E-10 3.5549E-10 3.7177E-10 3.8887E-10 4.0718E-10 4.2639E-10 4.4594E-10 4.6640E-10 4.8795E-10 5.1054E-10 5.3398E-10 5.5787E-10 5.8334E-10 6.0961E-10 6.3698E-10 6.6506E-10 6.9435E-10 7.2459E-10 7.5603E-10 7.8866E-10 8.2243E-10 8.5777E-10 8.9420E-10 9.3212E-10 9.7140E-10 1.0122E-09 1.0546E-09 1.0985E-09 1.1438E-09 1.1908E-09 1.2396E-09 1.2898E-09 1.3420E-09 1.3958E-09 1.4510E-09
1.1540E-10 1.2149E-10 1.2824E-10 1.3533E-10 1.4274E-10 1.5075E-10 1.5921E-10 1.6760E-10 1.7673E-10 1.8592E-10 1.9570E-10 2.0530E-10 2.1538E-10 2.2589E-10 2.3624E-10 2.4690E-10 2.5817E-10 2.6967E-10 2.8194E-10 2.9484E-10 3.0827E-10 3.2211E-10 3.3673E-10 3.5208E-10 3.6821E-10 3.8514E-10 4.0328E-10 4.2216E-10 4.4134E-10 4.6181E-10 4.8327E-10 5.0551E-10 5.2829E-10 5.5249E-10 5.7758E-10 6.0360E-10 6.3028E-10 6.5847E-10 6.8771E-10 7.1742E-10 7.4864E-10 7.8097E-10 8.1450E-10 8.4926E-10 8.8554E-10 9.2291E-10 9.6184E-10 1.0023E-09 1.0441E-09 1.0876E-09 1.1323E-09 1.1790E-09 1.2274E-09 1.2771E-09 1.3286E-09 1.3816E-09 1.4365E-09
1.1400E-10 1.1996E-10 1.2682E-10 1.3370E-10 1.4103E-10 1.4914E-10 1.5733E-10 1.6577E-10 1.7457E-10 1.8390E-10 1.9366E-10 2.0325E-10 2.1314E-10 2.2355E-10 2.3380E-10 2.4450E-10 2.5553E-10 2.6705E-10 2.7920E-10 2.9197E-10 3.0514E-10 3.1899E-10 3.3346E-10 3.4867E-10 3.6454E-10 3.8141E-10 3.9922E-10 4.1728E-10 4.3695E-10 4.5710E-10 4.7832E-10 4.9990E-10 5.2298E-10 5.4683E-10 5.7153E-10 5.9698E-10 6.2390E-10 6.5191E-10 6.8048E-10 7.1023E-10 7.4101E-10 7.7298E-10 8.0606E-10 8.4067E-10 8.7643E-10 9.1342E-10 9.5193E-10 9.9195E-10 1.0333E-09 1.0762E-09 1.1206E-09 1.1669E-09 1.2142E-09 1.2638E-09 1.3144E-09 1.3670E-09 1.4213E-09
1.1254E-10 1.1838E-10 1.2514E-10 1.3207E-10 1.3955E-10 1.4743E-10 1.5536E-10 1.6351E-10 1.7240E-10 1.8204E-10 1.9133E-10 2.0102E-10 2.1066E-10 2.2094E-10 2.3143E-10 2.4190E-10 2.5266E-10 2.6435E-10 2.7638E-10 2.8903E-10 3.0193E-10 3.1555E-10 3.3000E-10 3.4506E-10 3.6076E-10 3.7746E-10 3.9450E-10 4.1306E-10 4.3232E-10 4.5235E-10 4.7277E-10 4.9479E-10 5.1753E-10 5.4099E-10 5.6499E-10 5.9081E-10 6.1743E-10 6.4477E-10 6.7307E-10 7.0269E-10 7.3311E-10 7.6462E-10 7.9757E-10 8.3166E-10 8.6686E-10 9.0360E-10 9.4180E-10 9.8136E-10 1.0221E-09 1.0645E-09 1.1086E-09 1.1541E-09 1.2011E-09 1.2499E-09 1.3001E-09 1.3519E-09 1.4056E-09
1.1114E-10 1.1687E-10 1.2340E-10 1.3048E-10 1.3791E-10 1.4551E-10 1.5334E-10 1.6134E-10 1.7041E-10 1.7987E-10 1.8896E-10 1.9850E-10 2.0810E-10 2.1849E-10 2.2902E-10 2.3907E-10 2.5002E-10 2.6159E-10 2.7350E-10 2.8575E-10 2.9864E-10 3.1226E-10 3.2645E-10 3.4124E-10 3.5675E-10 3.7303E-10 3.9028E-10 4.0852E-10 4.2766E-10 4.4745E-10 4.6777E-10 4.8942E-10 5.1169E-10 5.3443E-10 5.5894E-10 5.8434E-10 6.1065E-10 6.3715E-10 6.6576E-10 6.9503E-10 7.2488E-10 7.5625E-10 7.8869E-10 8.2233E-10 8.5706E-10 8.9360E-10 9.3117E-10 9.7030E-10 1.0104E-09 1.0525E-09 1.0960E-09 1.1408E-09 1.1873E-09 1.2354E-09 1.2851E-09 1.3365E-09 1.3895E-09
1.0962E-10 1.1522E-10 1.2186E-10 1.2895E-10 1.3624E-10 1.4365E-10 1.5126E-10 1.5935E-10 1.6845E-10 1.7754E-10 1.8644E-10 1.9618E-10 2.0586E-10 2.1600E-10 2.2642E-10 2.3649E-10 2.4732E-10 2.5877E-10 2.7040E-10 2.8252E-10 2.9532E-10 3.0878E-10 3.2282E-10 3.3741E-10 3.5288E-10 3.6898E-10 3.8594E-10 4.0386E-10 4.2276E-10 4.4188E-10 4.6242E-10 4.8363E-10 5.0580E-10 5.2851E-10 5.5260E-10 5.7770E-10 6.0281E-10 6.2999E-10 6.5813E-10 6.8692E-10 7.1652E-10 7.4752E-10 7.7955E-10 8.1267E-10 8.4721E-10 8.8313E-10 9.2027E-10 9.5865E-10 9.9863E-10 1.0402E-09 1.0827E-09 1.1273E-09 1.1732E-09 1.2206E-09 1.2697E-09 1.3202E-09 1.3727E-09
1.0816E-10 1.1373E-10 1.2023E-10 1.2734E-10 1.3452E-10 1.4159E-10 1.4919E-10 1.5760E-10 1.6620E-10 1.7536E-10 1.8419E-10 1.9365E-10 2.0344E-10 2.1347E-10 2.2359E-10 2.3386E-10 2.4456E-10 2.5588E-10 2.6726E-10 2.7923E-10 2.9202E-10 3.0522E-10 3.1921E-10 3.3364E-10 3.4879E-10 3.6474E-10 3.8128E-10 3.9920E-10 4.1730E-10 4.3687E-10 4.5685E-10 4.7788E-10 4.9935E-10 5.2231E-10 5.4601E-10 5.7021E-10 5.9580E-10 6.2251E-10 6.5016E-10 6.7828E-10 7.0806E-10 7.3853E-10 7.7005E-10 8.0287E-10 8.3709E-10 8.7241E-10 9.0880E-10 9.4692E-10 9.8655E-10 1.0273E-09 1.0694E-09 1.1135E-09 1.1586E-09 1.2053E-09 1.2537E-09 1.3039E-09 1.3557E-09
1.0659E-10 1.1237E-10 1.1868E-10 1.2549E-10 1.3260E-10 1.3953E-10 1.4730E-10 1.5548E-10 1.6411E-10 1.7277E-10 1.8168E-10 1.9130E-10 2.0107E-10 2.1039E-10 2.2070E-10 2.3117E-10 2.4175E-10 2.5267E-10 2.6390E-10 2.7591E-10 2.8854E-10 3.0170E-10 3.1538E-10 3.2963E-10 3.4465E-10 3.6020E-10 3.7674E-10 3.9385E-10 4.1228E-10 4.3155E-10 4.5114E-10 4.7156E-10 4.9342E-10 5.1608E-10 5.3914E-10 5.6305E-10 5.8851E-10 6.1486E-10 6.4139E-10 6.7001E-10 6.9929E-10 7.2923E-10 7.6045E-10 7.9285E-10 8.2672E-10 8.6133E-10 8.9747E-10 9.3507E-10 9.7399E-10 1.0141E-09 1.0558E-09 1.0990E-09 1.1436E-09 1.1896E-09 1.2376E-09 1.2869E-09 1.3378E-09
1.0513E-10 1.1100E-10 1.1705E-10 1.2385E-10 1.3022E-10 1.3743E-10 1.4546E-10 1.5346E-10 1.6153E-10 1.6996E-10 1.7950E-10 1.8896E-10 1.9837E-10 2.0778E-10 2.1793E-10 2.2844E-10 2.3875E-10 2.4951E-10 2.6077E-10 2.7263E-10 2.8511E-10 2.9797E-10 3.1149E-10 3.2569E-10 3.4042E-10 3.5577E-10 3.7221E-10 3.8897E-10 4.0720E-10 4.2600E-10 4.4497E-10 4.6580E-10 4.8725E-10 5.0908E-10 5.3182E-10 5.5594E-10 5.8116E-10 6.0630E-10 6.3333E-10 6.6144E-10 6.9031E-10 7.1972E-10 7.5063E-10 7.8270E-10 8.1572E-10 8.4995E-10 8.8587E-10 9.2294E-10 9.6095E-10 1.0007E-09 1.0418E-09 1.0843E-09 1.1285E-09 1.1738E-09 1.2210E-09 1.2694E-09 1.3196E-09
1.0382E-10 1.0958E-10 1.1541E-10 1.2169E-10 1.2810E-10 1.3580E-10 1.4353E-10 1.5127E-10 1.5895E-10 1.6771E-10 1.7701E-10 1.8634E-10 1.9530E-10 2.0490E-10 2.1515E-10 2.2565E-10 2.3554E-10 2.4619E-10 2.5758E-10 2.6929E-10 2.8149E-10 2.9418E-10 3.0752E-10 3.2158E-10 3.3590E-10 3.5113E-10 3.6725E-10 3.8413E-10 4.0171E-10 4.1975E-10 4.3938E-10 4.5979E-10 4.8055E-10 5.0194E-10 5.2502E-10 5.4880E-10 5.7290E-10 5.9833E-10 6.2498E-10 6.5269E-10 6.8059E-10 7.1014E-10 7.4062E-10 7.7208E-10 8.0460E-10 8.3862E-10 8.7401E-10 9.1000E-10 9.4784E-10 9.8697E-10 1.0277E-09 1.0694E-09 1.1127E-09 1.1575E-09 1.2039E-09 1.2517E-09 1.3009E-09
1.0240E-10 1.0775E-10 1.1330E-10 1.1971E-10 1.2656E-10 1.3376E-10 1.4151E-10 1.4881E-10 1.5658E-10 1.6542E-10 1.7467E-10 1.8338E-10 1.9246E-10 2.0222E-10 2.1247E-10 2.2226E-10 2.3246E-10 2.4309E-10 2.5434E-10 2.6577E-10 2.7780E-10 2.9031E-10 3.0352E-10 3.1718E-10 3.3149E-10 3.4665E-10 3.6242E-10 3.7870E-10 3.9643E-10 4.1434E-10 4.3368E-10 4.5331E-10 4.7350E-10 4.9535E-10 5.1798E-10 5.4111E-10 5.6484E-10 5.9022E-10 6.1648E-10 6.4302E-10 6.7138E-10 7.0038E-10 7.3038E-10 7.6127E-10 7.9344E-10 8.2706E-10 8.6138E-10 8.9721E-10 9.3463E-10 9.7317E-10 1.0128E-09 1.0540E-09 1.0970E-09 1.1410E-09 1.1866E-09 1.2334E-09 1.2820E-09
