Assets/Resources/2015_m01_d05_0400(utc+0800)_l00_csi_1hr_conc.grd
DSAA
         159         159
     -79.000      79.000
     -79.000      79.000
  0.2418E-09  0.6153E-04
[rows 125 to 149 of 159, columns 57 to 113 of 159]
1.3888E-09 1.3815E-09 1.3738E-09 1.3656E-09 1.3570E-09 1.3479E-09 1.3383E-09 1.3283E-09 1.3178E-09 1.3068E-09 1.2915E-09 1.2758E-09 1.2645E-09 1.2486E-09 1.2370E-09 1.2253E-09 1.2126E-09 1.1989E-09 1.1836E-09 1.1672E-09 1.1504E-09 1.1353E-09 1.1218E-09 1.1100E-09 1.0987E-09 1.0873E-09 1.0759E-09 1.0644E-09 1.0529E-09 1.0414E-09 1.0298E-09 1.0182E-09 1.0065E-09 9.9487E-10 9.8291E-10 9.7095E-10 9.5903E-10 9.4740E-10 9.3521E-10 9.2318E-10 9.1135E-10 8.9893E-10 8.8748E-10 8.7469E-10 8.6336E-10 8.5114E-10 8.3991E-10 8.2825E-10 8.1711E-10 8.0601E-10 7.9495E-10 7.8393E-10 7.7297E-10 7.6205E-10 7.5119E-10 7.4038E-10 7.2964E-10
1.3568E-09 1.3498E-09 1.3423E-09 1.3342E-09 1.3257E-09 1.3166E-09 1.3071E-09 1.2970E-09 1.2838E-09 1.2695E-09 1.2591E-09 1.2485E-09 1.2367E-09 1.2244E-09 1.2114E-09 1.1974E-09 1.1824E-09 1.1670E-09 1.1531E-09 1.1400E-09 1.1281E-09 1.1172E-09 1.1063E-09 1.0953E-09 1.0843E-09 1.0731E-09 1.0620E-09 1.0507E-09 1.0395E-09 1.0281E-09 1.0168E-09 1.0054E-09 9.9402E-10 9.8230E-10 9.7088E-10 9.5889E-10 9.4749E-10 9.3552E-10 9.2369E-10 9.1206E-10 8.9984E-10 8.8857E-10 8.7596E-10 8.6480E-10 8.5275E-10 8.4168E-10 8.3064E-10 8.1919E-10 8.0824E-10 7.9732E-10 7.8643E-10 7.7559E-10 7.6480E-10 7.5405E-10 7.4336E-10 7.3272E-10 7.2214E-10
1.3251E-09 1.3183E-09 1.3109E-09 1.3029E-09 1.2942E-09 1.2850E-09 1.2732E-09 1.2633E-09 1.2531E-09 1.2421E-09 1.2304E-09 1.2183E-09 1.2054E-09 1.1921E-09 1.1794E-09 1.1667E-09 1.1552E-09 1.1440E-09 1.1336E-09 1.1232E-09 1.1127E-09 1.1021E-09 1.0915E-09 1.0807E-09 1.0699E-09 1.0590E-09 1.0481E-09 1.0371E-09 1.0261E-09 1.0150E-09 1.0039E-09 9.9273E-10 9.8127E-10 9.7009E-10 9.5834E-10 9.4716E-10 9.3541E-10 9.2380E-10 9.1238E-10 9.0035E-10 8.8929E-10 8.7686E-10 8.6589E-10 8.5447E-10 8.4311E-10 8.3223E-10 8.2094E-10 8.1013E-10 7.9936E-10 7.8862E-10 7.7791E-10 7.6724E-10 7.5662E-10 7.4605E-10 7.3552E-10 7.2505E-10 7.1463E-10
1.2896E-09 1.2827E-09 1.2754E-09 1.2675E-09 1.2592E-09 1.2504E-09 1.2407E-09 1.2306E-09 1.2201E-09 1.2094E-09 1.1984E-09 1.1880E-09 1.1776E-09 1.1671E-09 1.1575E-09 1.1478E-09 1.1379E-09 1.1279E-09 1.1179E-09 1.1077E-09 1.0975E-09 1.0871E-09 1.0767E-09 1.0662E-09 1.0556E-09 1.0450E-09 1.0343E-09 1.0235E-09 1.0127E-09 1.0019E-09 9.9101E-10 9.7980E-10 9.6888E-10 9.5736E-10 9.4643E-10 9.3490E-10 9.2351E-10 9.1260E-10 9.0049E-10 8.8962E-10 8.7739E-10 8.6660E-10 8.5536E-10 8.4418E-10 8.3347E-10 8.2234E-10 8.1170E-10 8.0107E-10 7.9048E-10 7.7991E-10 7.6938E-10 7.5889E-10 7.4844E-10 7.3803E-10 7.2767E-10 7.1736E-10 7.0711E-10
1.2573E-09 1.2505E-09 1.2433E-09 1.2359E-09 1.2281E-09 1.2201E-09 1.2119E-09 1.2036E-09 1.1951E-09 1.1864E-09 1.1776E-09 1.1686E-09 1.1595E-09 1.1503E-09 1.1409E-09 1.1314E-09 1.1218E-09 1.1121E-09 1.1022E-09 1.0923E-09 1.0823E-09 1.0722E-09 1.0620E-09 1.0517E-09 1.0414E-09 1.0310E-09 1.0205E-09 1.0100E-09 9.9946E-10 9.8886E-10 9.7791E-10 9.6724E-10 9.5597E-10 9.4528E-10 9.3399E-10 9.2283E-10 9.1213E-10 9.0023E-10 8.8958E-10 8.7754E-10 8.6695E-10 8.5590E-10 8.4490E-10 8.3437E-10 8.2341E-10 8.1292E-10 8.0246E-10 7.9202E-10 7.8160E-10 7.7121E-10 7.6085E-10 7.5053E-10 7.4025E-10 7.3001E-10 7.1981E-10 7.0967E-10 6.9957E-10
1.2380E-09 1.2312E-09 1.2243E-09 1.2169E-09 1.2093E-09 1.2015E-09 1.1935E-09 1.1854E-09 1.1772E-09 1.1687E-09 1.1601E-09 1.1514E-09 1.1425E-09 1.1335E-09 1.1244E-09 1.1151E-09 1.1058E-09 1.0963E-09 1.0867E-09 1.0770E-09 1.0672E-09 1.0574E-09 1.0474E-09 1.0374E-09 1.0273E-09 1.0171E-09 1.0069E-09 9.9661E-10 9.8627E-10 9.7559E-10 9.6518E-10 9.5417E-10 9.4372E-10 9.3267E-10 9.2174E-10 9.1127E-10 8.9960E-10 8.8916E-10 8.7732E-10 8.6693E-10 8.5607E-10 8.4526E-10 8.3491E-10 8.2413E-10 8.1381E-10 8.0351E-10 7.9323E-10 7.8297E-10 7.7272E-10 7.6251E-10 7.5233E-10 7.4217E-10 7.3206E-10 7.2199E-10 7.1195E-10 7.0197E-10 6.9203E-10
1.2187E-09 1.2121E-09 1.2052E-09 1.1980E-09 1.1906E-09 1.1831E-09 1.1753E-09 1.1675E-09 1.1594E-09 1.1512E-09 1.1429E-09 1.1344E-09 1.1257E-09 1.1169E-09 1.1080E-09 1.0990E-09 1.0899E-09 1.0806E-09 1.0713E-09 1.0618E-09 1.0523E-09 1.0427E-09 1.0329E-09 1.0231E-09 1.0133E-09 1.0033E-09 9.9332E-10 9.8327E-10 9.7285E-10 9.6271E-10 9.5196E-10 9.4176E-10 9.3095E-10 9.2027E-10 9.1003E-10 8.9858E-10 8.8835E-10 8.7673E-10 8.6655E-10 8.5589E-10 8.4527E-10 8.3511E-10 8.2450E-10 8.1437E-10 8.0424E-10 7.9412E-10 7.8401E-10 7.7392E-10 7.6386E-10 7.5381E-10 7.4380E-10 7.3382E-10 7.2387E-10 7.1396E-10 7.0409E-10 6.9426E-10 6.8448E-10
1.1996E-09 1.1930E-09 1.1863E-09 1.1793E-09 1.1721E-09 1.1648E-09 1.1573E-09 1.1497E-09 1.1418E-09 1.1339E-09 1.1257E-09 1.1175E-09 1.1090E-09 1.1005E-09 1.0918E-09 1.0830E-09 1.0741E-09 1.0651E-09 1.0560E-09 1.0468E-09 1.0374E-09 1.0280E-09 1.0185E-09 1.0090E-09 9.9933E-10 9.8962E-10 9.7984E-10 9.6970E-10 9.5983E-10 9.4934E-10 9.3940E-10 9.2884E-10 9.1839E-10 9.0839E-10 8.9717E-10 8.8717E-10 8.7577E-10 8.6580E-10 8.5535E-10 8.4493E-10 8.3496E-10 8.2454E-10 8.1458E-10 8.0463E-10 7.9468E-10 7.8474E-10 7.7481E-10 7.6489E-10 7.5500E-10 7.4513E-10 7.3528E-10 7.2547E-10 7.1568E-10 7.0593E-10 6.9622E-10 6.8655E-10 6.7693E-10
1.1805E-09 1.1741E-09 1.1676E-09 1.1608E-09 1.1539E-09 1.1468E-09 1.1395E-09 1.1320E-09 1.1244E-09 1.1167E-09 1.1088E-09 1.1007E-09 1.0925E-09 1.0842E-09 1.0758E-09 1.0672E-09 1.0585E-09 1.0497E-09 1.0408E-09 1.0318E-09 1.0227E-09 1.0135E-09 1.0043E-09 9.9492E-10 9.8549E-10 9.7600E-10 9.6614E-10 9.5654E-10 9.4631E-10 9.3663E-10 9.2633E-10 9.1614E-10 9.0637E-10 8.9539E-10 8.8562E-10 8.7445E-10 8.6469E-10 8.5444E-10 8.4423E-10 8.3446E-10 8.2423E-10 8.1446E-10 8.0469E-10 7.9491E-10 7.8514E-10 7.7537E-10 7.6562E-10 7.5588E-10 7.4615E-10 7.3645E-10 7.2677E-10 7.1712E-10 7.0750E-10 6.9791E-10 6.8836E-10 6.7885E-10 6.6938E-10
1.1616E-09 1.1554E-09 1.1491E-09 1.1425E-09 1.1358E-09 1.1289E-09 1.1218E-09 1.1146E-09 1.1072E-09 1.0997E-09 1.0920E-09 1.0841E-09 1.0762E-09 1.0681E-09 1.0598E-09 1.0515E-09 1.0430E-09 1.0344E-09 1.0258E-09 1.0170E-09 1.0081E-09 9.9915E-10 9.9009E-10 9.8096E-10 9.7175E-10 9.6218E-10 9.5285E-10 9.4290E-10 9.3348E-10 9.2296E-10 9.1349E-10 9.0397E-10 8.9323E-10 8.8370E-10 8.7275E-10 8.6321E-10 8.5318E-10 8.4318E-10 8.3361E-10 8.2358E-10 8.1400E-10 8.0441E-10 7.9481E-10 7.8522E-10 7.7562E-10 7.6603E-10 7.5645E-10 7.4688E-10 7.3732E-10 7.2779E-10 7.1827E-10 7.0878E-10 6.9932E-10 6.8990E-10 6.8050E-10 6.7114E-10 6.6183E-10
1.1429E-09 1.1369E-09 1.1308E-09 1.1244E-09 1.1179E-09 1.1112E-09 1.1043E-09 1.0973E-09 1.0901E-09 1.0828E-09 1.0753E-09 1.0677E-09 1.0600E-09 1.0521E-09 1.0441E-09 1.0359E-09 1.0277E-09 1.0193E-09 1.0108E-09 1.0023E-09 9.9362E-10 9.8486E-10 9.7603E-10 9.6711E-10 9.5782E-10 9.4847E-10 9.3909E-10 9.2993E-10 9.1968E-10 9.1047E-10 9.0091E-10 8.9070E-10 8.8140E-10 8.7069E-10 8.6138E-10 8.5111E-10 8.4177E-10 8.3241E-10 8.2258E-10 8.1320E-10 8.0380E-10 7.9439E-10 7.8497E-10 7.7555E-10 7.6613E-10 7.5671E-10 7.4730E-10 7.3789E-10 7.2851E-10 7.1914E-10 7.0979E-10 7.0046E-10 6.9116E-10 6.8189E-10 6.7265E-10 6.6345E-10 6.5428E-10
1.1245E-09 1.1187E-09 1.1127E-09 1.1065E-09 1.1002E-09 1.0937E-09 1.0871E-09 1.0802E-09 1.0733E-09 1.0661E-09 1.0589E-09 1.0514E-09 1.0439E-09 1.0362E-09 1.0284E-09 1.0205E-09 1.0125E-09 1.0043E-09 9.9605E-10 9.8769E-10 9.7924E-10 9.7070E-10 9.6207E-10 9.5306E-10 9.4400E-10 9.3489E-10 9.2601E-10 9.1603E-10 9.0706E-10 8.9776E-10 8.8781E-10 8.7874E-10 8.6828E-10 8.5919E-10 8.4915E-10 8.4003E-10 8.3087E-10 8.2125E-10 8.1207E-10 8.0286E-10 7.9364E-10 7.8441E-10 7.7516E-10 7.6591E-10 7.5666E-10 7.4741E-10 7.3817E-10 7.2893E-10 7.1971E-10 7.1050E-10 7.0131E-10 6.9215E-10 6.8300E-10 6.7389E-10 6.6480E-10 6.5575E-10 6.4674E-10
1.1062E-09 1.1006E-09 1.0948E-09 1.0889E-09 1.0827E-09 1.0764E-09 1.0700E-09 1.0633E-09 1.0566E-09 1.0496E-09 1.0426E-09 1.0353E-09 1.0280E-09 1.0205E-09 1.0129E-09 1.0052E-09 9.9737E-10 9.8943E-10 9.8138E-10 9.7323E-10 9.6498E-10 9.5634E-10 9.4793E-10 9.3886E-10 9.3032E-10 9.2170E-10 9.1200E-10 9.0329E-10 8.9331E-10 8.8454E-10 8.7572E-10 8.6550E-10 8.5664E-10 8.4683E-10 8.3793E-10 8.2899E-10 8.1958E-10 8.1060E-10 8.0160E-10 7.9257E-10 7.8352E-10 7.7446E-10 7.6539E-10 7.5631E-10 7.4723E-10 7.3814E-10 7.2907E-10 7.2000E-10 7.1094E-10 7.0189E-10 6.9286E-10 6.8385E-10 6.7486E-10 6.6590E-10 6.5697E-10 6.4807E-10 6.3811E-10
1.0882E-09 1.0828E-09 1.0772E-09 1.0714E-09 1.0654E-09 1.0593E-09 1.0530E-09 1.0466E-09 1.0400E-09 1.0333E-09 1.0264E-09 1.0194E-09 1.0123E-09 1.0050E-09 9.9758E-10 9.9006E-10 9.8243E-10 9.7469E-10 9.6684E-10 9.5889E-10 9.5054E-10 9.4242E-10 9.3364E-10 9.2537E-10 9.1674E-10 9.0760E-10 8.9916E-10 8.8944E-10 8.8092E-10 8.7235E-10 8.6238E-10 8.5375E-10 8.4418E-10 8.3550E-10 8.2632E-10 8.1758E-10 8.0881E-10 8.0000E-10 7.9117E-10 7.8231E-10 7.7344E-10 7.6455E-10 7.5565E-10 7.4674E-10 7.3782E-10 7.2891E-10 7.1999E-10 7.1108E-10 7.0218E-10 6.9330E-10 6.8443E-10 6.7557E-10 6.6674E-10 6.5793E-10 6.4915E-10 6.3930E-10 6.3010E-10
1.0704E-09 1.0651E-09 1.0597E-09 1.0541E-09 1.0483E-09 1.0424E-09 1.0363E-09 1.0301E-09 1.0237E-09 1.0171E-09 1.0104E-09 1.0036E-09 9.9667E-10 9.8959E-10 9.8239E-10 9.7506E-10 9.6763E-10 9.6008E-10 9.5243E-10 9.4438E-10 9.3654E-10 9.2805E-10 9.2007E-10 9.1142E-10 9.0284E-10 8.9466E-10 8.8522E-10 8.7695E-10 8.6723E-10 8.5890E-10 8.5051E-10 8.4118E-10 8.3272E-10 8.2377E-10 8.1525E-10 8.0668E-10 7.9808E-10 7.8945E-10 7.8079E-10 7.7211E-10 7.6340E-10 7.5468E-10 7.4594E-10 7.3720E-10 7.2845E-10 7.1970E-10 7.1095E-10 7.0220E-10 6.9346E-10 6.8473E-10 6.7601E-10 6.6731E-10 6.5863E-10 6.4998E-10 6.4025E-10 6.3115E-10 6.2101E-10
1.0528E-09 1.0477E-09 1.0424E-09 1.0370E-09 1.0314E-09 1.0257E-09 1.0198E-09 1.0137E-09 1.0075E-09 1.0011E-09 9.9464E-10 9.8801E-10 9.8125E-10 9.7436E-10 9.6734E-10 9.6021E-10 9.5297E-10 9.4561E-10 9.3786E-10 9.3002E-10 9.2211E-10 9.1440E-10 9.0557E-10 8.9773E-10 8.8982E-10 8.8065E-10 8.7263E-10 8.6318E-10 8.5509E-10 8.4694E-10 8.3784E-10 8.2962E-10 8.2089E-10 8.1258E-10 8.0423E-10 7.9584E-10 7.8741E-10 7.7895E-10 7.7046E-10 7.6194E-10 7.5341E-10 7.4485E-10 7.3628E-10 7.2770E-10 7.1911E-10 7.1052E-10 7.0193E-10 6.9334E-10 6.8476E-10 6.7619E-10 6.6762E-10 6.5908E-10 6.5055E-10 6.4094E-10 6.3197E-10 6.2193E-10 6.1283E-10
1.0354E-09 1.0305E-09 1.0254E-09 1.0201E-09 1.0147E-09 1.0091E-09 1.0034E-09 9.9753E-10 9.9150E-10 9.8532E-10 9.7901E-10 9.7256E-10 9.6598E-10 9.5928E-10 9.5245E-10 9.4550E-10 9.3814E-10 9.3099E-10 9.2315E-10 9.1582E-10 9.0839E-10 8.9984E-10 8.9228E-10 8.8341E-10 8.7573E-10 8.6797E-10 8.5878E-10 8.5094E-10 8.4211E-10 8.3418E-10 8.2618E-10 8.1768E-10 8.0960E-10 8.0146E-10 7.9328E-10 7.8506E-10 7.7680E-10 7.6851E-10 7.6018E-10 7.5183E-10 7.4346E-10 7.3507E-10 7.2666E-10 7.1824E-10 7.0982E-10 7.0139E-10 6.9295E-10 6.8452E-10 6.7609E-10 6.6767E-10 6.5926E-10 6.5086E-10 6.4138E-10 6.3253E-10 6.2261E-10 6.1362E-10 6.0384E-10
1.0182E-09 1.0135E-09 1.0086E-09 1.0035E-09 9.9822E-10 9.9281E-10 9.8725E-10 9.8154E-10 9.7568E-10 9.6968E-10 9.6355E-10 9.5728E-10 9.5088E-10 9.4435E-10 9.3771E-10 9.3064E-10 9.2378E-10 9.1624E-10 9.0919E-10 9.0175E-10 8.9378E-10 8.8649E-10 8.7790E-10 8.7048E-10 8.6252E-10 8.5406E-10 8.4646E-10 8.3789E-10 8.3019E-10 8.2242E-10 8.1416E-10 8.0629E-10 7.9838E-10 7.9041E-10 7.8239E-10 7.7434E-10 7.6625E-10 7.5812E-10 7.4996E-10 7.4177E-10 7.3356E-10 7.2533E-10 7.1709E-10 7.0883E-10 7.0056E-10 6.9228E-10 6.8401E-10 6.7573E-10 6.6745E-10 6.5918E-10 6.5092E-10 6.4158E-10 6.3285E-10 6.2306E-10 6.1418E-10 6.0564E-10 5.9551E-10
1.0013E-09 9.9668E-10 9.9192E-10 9.8699E-10 9.8191E-10 9.7667E-10 9.7127E-10 9.6573E-10 9.6004E-10 9.5422E-10 9.4825E-10 9.4216E-10 9.3593E-10 9.2958E-10 9.2282E-10 9.1595E-10 9.0900E-10 9.0224E-10 8.9433E-10 8.8740E-10 8.8037E-10 8.7207E-10 8.6491E-10 8.5628E-10 8.4901E-10 8.4166E-10 8.3334E-10 8.2588E-10 8.1789E-10 8.1031E-10 8.0267E-10 7.9498E-10 7.8722E-10 7.7942E-10 7.7157E-10 7.6368E-10 7.5575E-10 7.4779E-10 7.3979E-10 7.3177E-10 7.2372E-10 7.1565E-10 7.0756E-10 6.9946E-10 6.9134E-10 6.8322E-10 6.7510E-10 6.6697E-10 6.5885E-10 6.5073E-10 6.4152E-10 6.3293E-10 6.2326E-10 6.1451E-10 6.0608E-10 5.9606E-10 5.8778E-10
9.8454E-10 9.8010E-10 9.7549E-10 9.7072E-10 9.6580E-10 9.6071E-10 9.5548E-10 9.5010E-10 9.4458E-10 9.3892E-10 9.3313E-10 9.2720E-10 9.2084E-10 9.1468E-10 9.0782E-10 9.0145E-10 8.9496E-10 8.8735E-10 8.8069E-10 8.7272E-10 8.6591E-10 8.5901E-10 8.5067E-10 8.4365E-10 8.3562E-10 8.2848E-10 8.2125E-10 8.1351E-10 8.0616E-10 7.9875E-10 7.9127E-10 7.8374E-10 7.7615E-10 7.6851E-10 7.6082E-10 7.5309E-10 7.4532E-10 7.3752E-10 7.2968E-10 7.2181E-10 7.1392E-10 7.0601E-10 6.9808E-10 6.9013E-10 6.8217E-10 6.7420E-10 6.6623E-10 6.5825E-10 6.5028E-10 6.4121E-10 6.3275E-10 6.2322E-10 6.1459E-10 6.0629E-10 5.9639E-10 5.8822E-10 5.8010E-10
9.6802E-10 9.6373E-10 9.5927E-10 9.5465E-10 9.4988E-10 9.4495E-10 9.3988E-10 9.3466E-10 9.2930E-10 9.2380E-10 9.1817E-10 9.1211E-10 9.0624E-10 8.9968E-10 8.9359E-10 8.8633E-10 8.8006E-10 8.7367E-10 8.6599E-10 8.5945E-10 8.5189E-10 8.4474E-10 8.3797E-10 8.3021E-10 8.2331E-10 8.1632E-10 8.0882E-10 8.0170E-10 7.9452E-10 7.8726E-10 7.7995E-10 7.7257E-10 7.6514E-10 7.5766E-10 7.5014E-10 7.4257E-10 7.3495E-10 7.2731E-10 7.1963E-10 7.1192E-10 7.0418E-10 6.9642E-10 6.8864E-10 6.8085E-10 6.7304E-10 6.6522E-10 6.5740E-10 6.4957E-10 6.4065E-10 6.3233E-10 6.2294E-10 6.1445E-10 6.0626E-10 5.9649E-10 5.8844E-10 5.8043E-10 5.7245E-10
9.5172E-10 9.4756E-10 9.4325E-10 9.3878E-10 9.3416E-10 9.2938E-10 9.2446E-10 9.1940E-10 9.1420E-10 9.0855E-10 9.0309E-10 8.9693E-10 8.9124E-10 8.8543E-10 8.7848E-10 8.7247E-10 8.6543E-10 8.5897E-10 8.5269E-10 8.4494E-10 8.3852E-10 8.3154E-10 8.2450E-10 8.1784E-10 8.1064E-10 8.0383E-10 7.9695E-10 7.8999E-10 7.8296E-10 7.7586E-10 7.6871E-10 7.6149E-10 7.5422E-10 7.4689E-10 7.3952E-10 7.3211E-10 7.2465E-10 7.1716E-10 7.0963E-10 7.0208E-10 6.9450E-10 6.8689E-10 6.7926E-10 6.7162E-10 6.6396E-10 6.5629E-10 6.4862E-10 6.3928E-10 6.3111E-10 6.2242E-10 6.1406E-10 6.0489E-10 5.9637E-10 5.8816E-10 5.8027E-10 5.7268E-10 5.6430E-10
9.3562E-10 9.3161E-10 9.2744E-10 9.2311E-10 9.1863E-10 9.1401E-10 9.0923E-10 9.0432E-10 8.9897E-10 8.9322E-10 8.8793E-10 8.8253E-10 8.7595E-10 8.7033E-10 8.6460E-10 8.5756E-10 8.5165E-10 8.4472E-10 8.3817E-10 8.3200E-10 8.2483E-10 8.1850E-10 8.1208E-10 8.0513E-10 7.9856E-10 7.9190E-10 7.8517E-10 7.7837E-10 7.7149E-10 7.6455E-10 7.5755E-10 7.5049E-10 7.4337E-10 7.3620E-10 7.2898E-10 7.2172E-10 7.1442E-10 7.0708E-10 6.9971E-10 6.9230E-10 6.8487E-10 6.7741E-10 6.6993E-10 6.6244E-10 6.5493E-10 6.4740E-10 6.3823E-10 6.3021E-10 6.2166E-10 6.1344E-10 6.0413E-10 5.9601E-10 5.8793E-10 5.8016E-10 5.7269E-10 5.6443E-10 5.5648E-10
9.1974E-10 9.1586E-10 9.1182E-10 9.0764E-10 9.0330E-10 8.9882E-10 8.9389E-10 8.8913E-10 8.8367E-10 8.7867E-10 8.7307E-10 8.6726E-10 8.6192E-10 8.5553E-10 8.4971E-10 8.4406E-10 8.3694E-10 8.3112E-10 8.2475E-10 8.1830E-10 8.1221E-10 8.0558E-10 7.9933E-10 7.9299E-10 7.8657E-10 7.8007E-10 7.7349E-10 7.6684E-10 7.6011E-10 7.5332E-10 7.4647E-10 7.3956E-10 7.3260E-10 7.2558E-10 7.1852E-10 7.1141E-10 7.0425E-10 6.9706E-10 6.8984E-10 6.8258E-10 6.7530E-10 6.6799E-10 6.6066E-10 6.5331E-10 6.4594E-10 6.3693E-10 6.2906E-10 6.2066E-10 6.1258E-10 6.0342E-10 5.9543E-10 5.8748E-10 5.7983E-10 5.7221E-10 5.6434E-10 5.5651E-10 5.4801E-10
9.0407E-10 9.0032E-10 8.9641E-10 8.9236E-10 8.8816E-10 8.8352E-10 8.7847E-10 8.7388E-10 8.6915E-10 8.6326E-10 8.5831E-10 8.5278E-10 8.4685E-10 8.4158E-10 8.3529E-10 8.2936E-10 8.2380E-10 8.1723E-10 8.1149E-10 8.0565E-10 7.9927E-10 7.9326E-10 7.8716E-10 7.8096E-10 7.7469E-10 7.6834E-10 7.6190E-10 7.5540E-10 7.4883E-10 7.4219E-10 7.3549E-10 7.2873E-10 7.2191E-10 7.1504E-10 7.0812E-10 7.0116E-10 6.9416E-10 6.8712E-10 6.8004E-10 6.7293E-10 6.6579E-10 6.5863E-10 6.5144E-10 6.4423E-10 6.3539E-10 6.2767E-10 6.1859E-10 6.1094E-10 6.0247E-10 5.9463E-10 5.8681E-10 5.7929E-10 5.7179E-10 5.6404E-10 5.5597E-10 5.4795E-10 5.4026E-10
