Assets/Resources/2015_m01_d24_2000(utc+0800)_l00_csi_1hr_conc.grd
DSAA
         159         159
     -79.000      79.000
     -79.000      79.000
  0.0000E+00  0.5495E-05
[rows 25 to 49 of 159, columns 57 to 113 of 159]
1.4541E-09 1.1272E-09 8.7526E-10 6.8647E-10 5.5868E-10 4.9461E-10 4.5569E-10 4.3246E-10 4.2202E-10 4.1513E-10 4.0933E-10 4.0346E-10 3.9752E-10 3.9151E-10 3.8546E-10 3.7935E-10 3.7320E-10 3.6701E-10 3.6079E-10 3.5455E-10 3.4829E-10 3.4202E-10 3.3575E-10 3.2948E-10 3.2322E-10 3.1697E-10 3.1074E-10 3.0452E-10 2.9834E-10 2.9219E-10 2.8608E-10 2.8001E-10 2.7399E-10 2.6801E-10 2.6209E-10 2.5623E-10 2.5043E-10 2.4469E-10 2.3902E-10 2.3341E-10 2.2787E-10 2.2240E-10 2.1701E-10 2.1168E-10 2.0643E-10 2.0125E-10 1.9615E-10 1.9112E-10 1.8617E-10 1.8130E-10 1.7651E-10 1.7179E-10 1.6716E-10 1.6260E-10 1.5813E-10 1.5373E-10 1.4942E-10
1.4763E-09 1.1453E-09 8.9059E-10 6.9600E-10 5.6765E-10 5.0043E-10 4.5832E-10 4.3140E-10 4.1987E-10 4.1282E-10 4.0704E-10 4.0118E-10 3.9525E-10 3.8926E-10 3.8322E-10 3.7713E-10 3.7100E-10 3.6483E-10 3.5863E-10 3.5242E-10 3.4619E-10 3.3995E-10 3.3370E-10 3.2746E-10 3.2123E-10 3.1501E-10 3.0880E-10 3.0263E-10 2.9648E-10 2.9036E-10 2.8428E-10 2.7825E-10 2.7226E-10 2.6633E-10 2.6044E-10 2.5462E-10 2.4885E-10 2.4315E-10 2.3751E-10 2.3194E-10 2.2644E-10 2.2100E-10 2.1564E-10 2.1035E-10 2.0513E-10 1.9998E-10 1.9491E-10 1.8992E-10 1.8500E-10 1.8016E-10 1.7540E-10 1.7071E-10 1.6611E-10 1.6158E-10 1.5714E-10 1.5277E-10 1.4848E-10
1.5018E-09 1.1620E-09 9.0504E-10 7.0640E-10 5.7752E-10 5.0761E-10 4.6137E-10 4.3261E-10 4.1749E-10 4.1041E-10 4.0463E-10 3.9879E-10 3.9288E-10 3.8691E-10 3.8088E-10 3.7481E-10 3.6870E-10 3.6256E-10 3.5639E-10 3.5020E-10 3.4399E-10 3.3778E-10 3.3157E-10 3.2536E-10 3.1915E-10 3.1297E-10 3.0680E-10 3.0065E-10 2.9454E-10 2.8846E-10 2.8242E-10 2.7642E-10 2.7047E-10 2.6457E-10 2.5873E-10 2.5294E-10 2.4721E-10 2.4155E-10 2.3595E-10 2.3042E-10 2.2495E-10 2.1955E-10 2.1422E-10 2.0897E-10 2.0378E-10 1.9867E-10 1.9363E-10 1.8867E-10 1.8379E-10 1.7898E-10 1.7425E-10 1.6959E-10 1.6502E-10 1.6052E-10 1.5610E-10 1.5177E-10 1.4751E-10
1.5278E-09 1.1829E-09 9.1606E-10 7.1868E-10 5.8889E-10 5.1542E-10 4.6537E-10 4.3215E-10 4.1615E-10 4.0789E-10 4.0212E-10 3.9630E-10 3.9040E-10 3.8445E-10 3.7844E-10 3.7240E-10 3.6631E-10 3.6019E-10 3.5405E-10 3.4788E-10 3.4171E-10 3.3553E-10 3.2935E-10 3.2317E-10 3.1700E-10 3.1085E-10 3.0472E-10 2.9861E-10 2.9253E-10 2.8649E-10 2.8048E-10 2.7453E-10 2.6862E-10 2.6276E-10 2.5695E-10 2.5121E-10 2.4552E-10 2.3989E-10 2.3433E-10 2.2884E-10 2.2341E-10 2.1805E-10 2.1275E-10 2.0753E-10 2.0238E-10 1.9731E-10 1.9231E-10 1.8738E-10 1.8253E-10 1.7775E-10 1.7305E-10 1.6843E-10 1.6389E-10 1.5942E-10 1.5504E-10 1.5073E-10 1.4650E-10
1.5778E-09 1.2067E-09 9.3417E-10 7.3314E-10 6.0221E-10 5.2505E-10 4.6962E-10 4.3452E-10 4.1473E-10 4.0525E-10 3.9951E-10 3.9370E-10 3.8783E-10 3.8189E-10 3.7591E-10 3.6988E-10 3.6383E-10 3.5773E-10 3.5162E-10 3.4549E-10 3.3934E-10 3.3319E-10 3.2705E-10 3.2090E-10 3.1477E-10 3.0865E-10 3.0256E-10 2.9649E-10 2.9045E-10 2.8445E-10 2.7848E-10 2.7257E-10 2.6670E-10 2.6088E-10 2.5512E-10 2.4941E-10 2.4376E-10 2.3818E-10 2.3266E-10 2.2720E-10 2.2181E-10 2.1649E-10 2.1124E-10 2.0605E-10 2.0094E-10 1.9590E-10 1.9094E-10 1.8604E-10 1.8123E-10 1.7649E-10 1.7182E-10 1.6723E-10 1.6272E-10 1.5829E-10 1.5393E-10 1.4966E-10 1.4546E-10
1.6318E-09 1.2544E-09 9.5436E-10 7.4913E-10 6.1962E-10 5.3568E-10 4.7583E-10 4.3472E-10 4.1412E-10 4.0335E-10 3.9679E-10 3.9100E-10 3.8515E-10 3.7924E-10 3.7328E-10 3.6728E-10 3.6125E-10 3.5519E-10 3.4910E-10 3.4300E-10 3.3689E-10 3.3078E-10 3.2466E-10 3.1856E-10 3.1246E-10 3.0639E-10 3.0033E-10 2.9430E-10 2.8830E-10 2.8234E-10 2.7642E-10 2.7054E-10 2.6472E-10 2.5894E-10 2.5322E-10 2.4756E-10 2.4196E-10 2.3641E-10 2.3093E-10 2.2552E-10 2.2017E-10 2.1488E-10 2.0967E-10 2.0453E-10 1.9945E-10 1.9445E-10 1.8952E-10 1.8467E-10 1.7988E-10 1.7518E-10 1.7055E-10 1.6599E-10 1.6152E-10 1.5712E-10 1.5280E-10 1.4855E-10 1.4438E-10
1.7124E-09 1.2996E-09 9.9626E-10 7.7628E-10 6.3932E-10 5.4790E-10 4.8237E-10 4.3833E-10 4.1334E-10 4.0109E-10 3.9397E-10 3.8820E-10 3.8237E-10 3.7649E-10 3.7055E-10 3.6459E-10 3.5858E-10 3.5255E-10 3.4650E-10 3.4044E-10 3.3436E-10 3.2828E-10 3.2221E-10 3.1614E-10 3.1008E-10 3.0404E-10 2.9803E-10 2.9204E-10 2.8609E-10 2.8017E-10 2.7429E-10 2.6846E-10 2.6268E-10 2.5695E-10 2.5127E-10 2.4565E-10 2.4009E-10 2.3459E-10 2.2915E-10 2.2378E-10 2.1847E-10 2.1323E-10 2.0806E-10 2.0295E-10 1.9792E-10 1.9295E-10 1.8806E-10 1.8325E-10 1.7850E-10 1.7383E-10 1.6924E-10 1.6472E-10 1.6028E-10 1.5591E-10 1.5162E-10 1.4741E-10 1.4328E-10
1.8041E-09 1.3794E-09 1.0427E-09 8.1747E-10 6.6631E-10 5.6087E-10 4.8973E-10 4.4030E-10 4.1350E-10 3.9982E-10 3.9129E-10 3.8531E-10 3.7950E-10 3.7364E-10 3.6774E-10 3.6180E-10 3.5583E-10 3.4983E-10 3.4382E-10 3.3779E-10 3.3175E-10 3.2571E-10 3.1968E-10 3.1364E-10 3.0763E-10 3.0163E-10 2.9566E-10 2.8972E-10 2.8381E-10 2.7793E-10 2.7210E-10 2.6632E-10 2.6058E-10 2.5490E-10 2.4926E-10 2.4369E-10 2.3818E-10 2.3272E-10 2.2733E-10 2.2200E-10 2.1673E-10 2.1153E-10 2.0640E-10 2.0133E-10 1.9634E-10 1.9142E-10 1.8657E-10 1.8179E-10 1.7708E-10 1.7245E-10 1.6789E-10 1.6341E-10 1.5900E-10 1.5467E-10 1.5042E-10 1.4624E-10 1.4214E-10
1.9362E-09 1.4615E-09 1.1156E-09 8.6772E-10 6.9886E-10 5.8034E-10 4.9799E-10 4.4550E-10 4.1410E-10 3.9801E-10 3.8857E-10 3.8231E-10 3.7654E-10 3.7071E-10 3.6484E-10 3.5893E-10 3.5299E-10 3.4703E-10 3.4105E-10 3.3506E-10 3.2906E-10 3.2306E-10 3.1707E-10 3.1108E-10 3.0511E-10 2.9915E-10 2.9323E-10 2.8733E-10 2.8146E-10 2.7564E-10 2.6985E-10 2.6412E-10 2.5843E-10 2.5279E-10 2.4720E-10 2.4168E-10 2.3621E-10 2.3080E-10 2.2545E-10 2.2016E-10 2.1494E-10 2.0978E-10 2.0469E-10 1.9967E-10 1.9472E-10 1.8984E-10 1.8503E-10 1.8029E-10 1.7562E-10 1.7103E-10 1.6651E-10 1.6206E-10 1.5769E-10 1.5340E-10 1.4918E-10 1.4503E-10 1.4097E-10
2.0944E-09 1.5870E-09 1.1989E-09 9.3408E-10 7.4241E-10 6.0139E-10 5.0759E-10 4.4854E-10 4.1555E-10 3.9709E-10 3.8594E-10 3.7923E-10 3.7348E-10 3.6768E-10 3.6184E-10 3.5597E-10 3.5007E-10 3.4415E-10 3.3820E-10 3.3226E-10 3.2630E-10 3.2034E-10 3.1439E-10 3.0845E-10 3.0252E-10 2.9661E-10 2.9073E-10 2.8488E-10 2.7906E-10 2.7328E-10 2.6755E-10 2.6186E-10 2.5622E-10 2.5063E-10 2.4509E-10 2.3961E-10 2.3419E-10 2.2883E-10 2.2352E-10 2.1828E-10 2.1311E-10 2.0799E-10 2.0295E-10 1.9797E-10 1.9306E-10 1.8822E-10 1.8345E-10 1.7875E-10 1.7412E-10 1.6957E-10 1.6509E-10 1.6068E-10 1.5635E-10 1.5209E-10 1.4791E-10 1.4380E-10 1.3977E-10
2.3034E-09 1.7308E-09 1.3184E-09 1.0086E-09 7.8912E-10 6.3383E-10 5.2234E-10 4.5374E-10 4.1632E-10 3.9537E-10 3.8322E-10 3.7606E-10 3.7034E-10 3.6458E-10 3.5877E-10 3.5294E-10 3.4707E-10 3.4119E-10 3.3529E-10 3.2938E-10 3.2346E-10 3.1755E-10 3.1164E-10 3.0574E-10 2.9986E-10 2.9400E-10 2.8817E-10 2.8237E-10 2.7660E-10 2.7087E-10 2.6519E-10 2.5955E-10 2.5396E-10 2.4842E-10 2.4293E-10 2.3750E-10 2.3212E-10 2.2681E-10 2.2155E-10 2.1636E-10 2.1123E-10 2.0616E-10 2.0116E-10 1.9623E-10 1.9136E-10 1.8656E-10 1.8183E-10 1.7718E-10 1.7259E-10 1.6808E-10 1.6364E-10 1.5927E-10 1.5497E-10 1.5075E-10 1.4661E-10 1.4254E-10 1.3854E-10
2.5564E-09 1.9251E-09 1.4513E-09 1.1068E-09 8.5051E-10 6.6523E-10 5.4094E-10 4.6066E-10 4.1795E-10 3.9460E-10 3.8054E-10 3.7280E-10 3.6711E-10 3.6138E-10 3.5562E-10 3.4982E-10 3.4400E-10 3.3815E-10 3.3229E-10 3.2642E-10 3.2056E-10 3.1469E-10 3.0883E-10 3.0297E-10 2.9714E-10 2.9133E-10 2.8555E-10 2.7980E-10 2.7408E-10 2.6841E-10 2.6277E-10 2.5718E-10 2.5164E-10 2.4616E-10 2.4072E-10 2.3534E-10 2.3001E-10 2.2475E-10 2.1954E-10 2.1439E-10 2.0931E-10 2.0429E-10 1.9933E-10 1.9444E-10 1.8962E-10 1.8487E-10 1.8018E-10 1.7557E-10 1.7102E-10 1.6655E-10 1.6215E-10 1.5782E-10 1.5357E-10 1.4939E-10 1.4528E-10 1.4124E-10 1.3728E-10
2.8811E-09 2.1561E-09 1.6274E-09 1.2163E-09 9.1933E-10 7.1047E-10 5.6234E-10 4.7010E-10 4.1866E-10 3.9276E-10 3.7770E-10 3.6945E-10 3.6381E-10 3.5811E-10 3.5238E-10 3.4662E-10 3.4084E-10 3.3504E-10 3.2923E-10 3.2341E-10 3.1758E-10 3.1176E-10 3.0595E-10 3.0015E-10 2.9436E-10 2.8860E-10 2.8287E-10 2.7717E-10 2.7151E-10 2.6589E-10 2.6030E-10 2.5477E-10 2.4928E-10 2.4385E-10 2.3846E-10 2.3313E-10 2.2786E-10 2.2264E-10 2.1748E-10 2.1238E-10 2.0735E-10 2.0237E-10 1.9746E-10 1.9262E-10 1.8784E-10 1.8314E-10 1.7850E-10 1.7392E-10 1.6942E-10 1.6499E-10 1.6063E-10 1.5635E-10 1.5213E-10 1.4799E-10 1.4392E-10 1.3992E-10 1.3600E-10
3.2762E-09 2.4670E-09 1.8248E-09 1.3528E-09 1.0087E-09 7.5660E-10 5.9060E-10 4.8172E-10 4.2068E-10 3.9194E-10 3.7482E-10 3.6603E-10 3.6042E-10 3.5476E-10 3.4907E-10 3.4336E-10 3.3762E-10 3.3186E-10 3.2609E-10 3.2032E-10 3.1454E-10 3.0877E-10 3.0301E-10 2.9726E-10 2.9152E-10 2.8582E-10 2.8014E-10 2.7450E-10 2.6889E-10 2.6332E-10 2.5779E-10 2.5231E-10 2.4687E-10 2.4149E-10 2.3616E-10 2.3088E-10 2.2566E-10 2.2049E-10 2.1538E-10 2.1033E-10 2.0534E-10 2.0042E-10 1.9556E-10 1.9076E-10 1.8603E-10 1.8137E-10 1.7677E-10 1.7225E-10 1.6779E-10 1.6340E-10 1.5909E-10 1.5484E-10 1.5067E-10 1.4656E-10 1.4253E-10 1.3858E-10 1.3469E-10
3.7272E-09 2.8079E-09 2.0852E-09 1.5149E-09 1.1039E-09 8.2237E-10 6.2281E-10 4.9572E-10 4.2155E-10 3.9025E-10 3.7171E-10 3.6253E-10 3.5695E-10 3.5134E-10 3.4569E-10 3.4002E-10 3.3433E-10 3.2862E-10 3.2289E-10 3.1717E-10 3.1144E-10 3.0572E-10 3.0001E-10 2.9431E-10 2.8863E-10 2.8298E-10 2.7736E-10 2.7177E-10 2.6621E-10 2.6070E-10 2.5522E-10 2.4980E-10 2.4442E-10 2.3909E-10 2.3381E-10 2.2858E-10 2.2341E-10 2.1830E-10 2.1324E-10 2.0824E-10 2.0331E-10 1.9843E-10 1.9362E-10 1.8887E-10 1.8419E-10 1.7957E-10 1.7502E-10 1.7054E-10 1.6613E-10 1.6178E-10 1.5751E-10 1.5331E-10 1.4917E-10 1.4511E-10 1.4112E-10 1.3720E-10 1.3336E-10
4.2662E-09 3.1812E-09 2.3521E-09 1.7128E-09 1.2266E-09 8.8814E-10 6.6552E-10 5.1803E-10 4.2914E-10 3.8890E-10 3.6850E-10 3.5895E-10 3.5341E-10 3.4784E-10 3.4224E-10 3.3661E-10 3.3097E-10 3.2530E-10 3.1963E-10 3.1395E-10 3.0828E-10 3.0261E-10 2.9695E-10 2.9131E-10 2.8569E-10 2.8009E-10 2.7452E-10 2.6899E-10 2.6349E-10 2.5803E-10 2.5262E-10 2.4724E-10 2.4192E-10 2.3665E-10 2.3142E-10 2.2625E-10 2.2113E-10 2.1607E-10 2.1106E-10 2.0612E-10 2.0123E-10 1.9640E-10 1.9164E-10 1.8694E-10 1.8231E-10 1.7774E-10 1.7324E-10 1.6880E-10 1.6443E-10 1.6013E-10 1.5590E-10 1.5174E-10 1.4765E-10 1.4363E-10 1.3968E-10 1.3581E-10 1.3200E-10
4.9283E-09 3.6431E-09 2.6492E-09 1.9170E-09 1.3702E-09 9.7799E-10 7.1139E-10 5.3914E-10 4.3667E-10 3.8712E-10 3.6500E-10 3.5530E-10 3.4981E-10 3.4428E-10 3.3872E-10 3.3314E-10 3.2754E-10 3.2193E-10 3.1631E-10 3.1069E-10 3.0506E-10 2.9945E-10 2.9384E-10 2.8825E-10 2.8269E-10 2.7715E-10 2.7164E-10 2.6616E-10 2.6072E-10 2.5532E-10 2.4996E-10 2.4465E-10 2.3938E-10 2.3416E-10 2.2899E-10 2.2387E-10 2.1881E-10 2.1380E-10 2.0885E-10 2.0395E-10 1.9912E-10 1.9435E-10 1.8963E-10 1.8498E-10 1.8040E-10 1.7588E-10 1.7142E-10 1.6703E-10 1.6271E-10 1.5846E-10 1.5427E-10 1.5015E-10 1.4611E-10 1.4213E-10 1.3822E-10 1.3438E-10 1.3062E-10
5.7236E-09 4.2050E-09 3.0247E-09 2.1406E-09 1.5211E-09 1.0754E-09 7.6873E-10 5.6945E-10 4.4733E-10 3.8827E-10 3.6153E-10 3.5158E-10 3.4613E-10 3.4065E-10 3.3514E-10 3.2961E-10 3.2406E-10 3.1850E-10 3.1293E-10 3.0736E-10 3.0179E-10 2.9623E-10 2.9068E-10 2.8515E-10 2.7964E-10 2.7416E-10 2.6871E-10 2.6329E-10 2.5791E-10 2.5257E-10 2.4727E-10 2.4201E-10 2.3680E-10 2.3164E-10 2.2652E-10 2.2146E-10 2.1645E-10 2.1150E-10 2.0660E-10 2.0176E-10 1.9698E-10 1.9225E-10 1.8759E-10 1.8299E-10 1.7846E-10 1.7398E-10 1.6958E-10 1.6524E-10 1.6096E-10 1.5675E-10 1.5261E-10 1.4854E-10 1.4454E-10 1.4060E-10 1.3674E-10 1.3294E-10 1.2921E-10
6.6712E-09 4.8830E-09 3.4944E-09 2.4373E-09 1.6801E-09 1.1761E-09 8.2928E-10 5.9936E-10 4.6022E-10 3.8967E-10 3.5815E-10 3.4779E-10 3.4239E-10 3.3696E-10 3.3150E-10 3.2601E-10 3.2052E-10 3.1501E-10 3.0949E-10 3.0397E-10 2.9846E-10 2.9296E-10 2.8747E-10 2.8200E-10 2.7655E-10 2.7113E-10 2.6574E-10 2.6038E-10 2.5506E-10 2.4977E-10 2.4453E-10 2.3933E-10 2.3418E-10 2.2908E-10 2.2402E-10 2.1901E-10 2.1406E-10 2.0916E-10 2.0432E-10 1.9953E-10 1.9480E-10 1.9013E-10 1.8552E-10 1.8097E-10 1.7649E-10 1.7206E-10 1.6771E-10 1.6341E-10 1.5919E-10 1.5502E-10 1.5093E-10 1.4690E-10 1.4294E-10 1.3905E-10 1.3523E-10 1.3148E-10 1.2779E-10
7.7820E-09 5.6962E-09 4.0536E-09 2.8165E-09 1.9021E-09 1.2813E-09 8.8959E-10 6.3802E-10 4.7649E-10 3.9104E-10 3.5483E-10 3.4394E-10 3.3859E-10 3.3320E-10 3.2780E-10 3.2236E-10 3.1692E-10 3.1146E-10 3.0601E-10 3.0054E-10 2.9509E-10 2.8964E-10 2.8421E-10 2.7880E-10 2.7341E-10 2.6805E-10 2.6272E-10 2.5742E-10 2.5216E-10 2.4694E-10 2.4176E-10 2.3662E-10 2.3153E-10 2.2648E-10 2.2148E-10 2.1653E-10 2.1164E-10 2.0679E-10 2.0200E-10 1.9727E-10 1.9259E-10 1.8798E-10 1.8342E-10 1.7892E-10 1.7449E-10 1.7012E-10 1.6581E-10 1.6156E-10 1.5738E-10 1.5327E-10 1.4922E-10 1.4524E-10 1.4133E-10 1.3748E-10 1.3370E-10 1.2999E-10 1.2635E-10
9.0903E-09 6.6973E-09 4.7446E-09 3.2735E-09 2.1923E-09 1.4364E-09 9.5364E-10 6.7202E-10 4.9369E-10 3.9624E-10 3.5229E-10 3.4003E-10 3.3473E-10 3.2939E-10 3.2403E-10 3.1866E-10 3.1327E-10 3.0787E-10 3.0247E-10 2.9706E-10 2.9167E-10 2.8628E-10 2.8091E-10 2.7556E-10 2.7024E-10 2.6494E-10 2.5967E-10 2.5443E-10 2.4923E-10 2.4407E-10 2.3895E-10 2.3387E-10 2.2884E-10 2.2385E-10 2.1891E-10 2.1402E-10 2.0918E-10 2.0439E-10 1.9966E-10 1.9498E-10 1.9036E-10 1.8580E-10 1.8129E-10 1.7685E-10 1.7247E-10 1.6814E-10 1.6389E-10 1.5969E-10 1.5556E-10 1.5149E-10 1.4749E-10 1.4356E-10 1.3969E-10 1.3589E-10 1.3215E-10 1.2849E-10 1.2488E-10
1.0729E-08 7.8815E-09 5.6039E-09 3.8462E-09 2.5623E-09 1.6541E-09 1.0527E-09 7.0003E-10 5.1194E-10 3.9718E-10 3.4910E-10 3.3607E-10 3.3081E-10 3.2553E-10 3.2022E-10 3.1491E-10 3.0957E-10 3.0423E-10 2.9888E-10 2.9354E-10 2.8820E-10 2.8288E-10 2.7757E-10 2.7228E-10 2.6702E-10 2.6178E-10 2.5658E-10 2.5140E-10 2.4627E-10 2.4117E-10 2.3611E-10 2.3109E-10 2.2612E-10 2.2119E-10 2.1631E-10 2.1147E-10 2.0669E-10 2.0196E-10 1.9729E-10 1.9266E-10 1.8810E-10 1.8359E-10 1.7914E-10 1.7475E-10 1.7042E-10 1.6615E-10 1.6194E-10 1.5780E-10 1.5371E-10 1.4970E-10 1.4574E-10 1.4186E-10 1.3803E-10 1.3428E-10 1.3059E-10 1.2696E-10 1.2340E-10
1.2782E-08 9.4121E-09 6.6839E-09 4.5797E-09 3.0363E-09 1.9370E-09 1.2046E-09 7.5175E-10 5.2512E-10 4.0437E-10 3.4748E-10 3.3204E-10 3.2684E-10 3.2161E-10 3.1637E-10 3.1110E-10 3.0582E-10 3.0054E-10 2.9526E-10 2.8997E-10 2.8470E-10 2.7944E-10 2.7419E-10 2.6897E-10 2.6377E-10 2.5859E-10 2.5345E-10 2.4834E-10 2.4327E-10 2.3823E-10 2.3323E-10 2.2828E-10 2.2336E-10 2.1850E-10 2.1367E-10 2.0890E-10 2.0418E-10 1.9951E-10 1.9489E-10 1.9032E-10 1.8581E-10 1.8136E-10 1.7696E-10 1.7263E-10 1.6835E-10 1.6413E-10 1.5997E-10 1.5588E-10 1.5185E-10 1.4788E-10 1.4398E-10 1.4013E-10 1.3636E-10 1.3265E-10 1.2900E-10 1.2542E-10 1.2191E-10
1.5319E-08 1.1404E-08 8.1056E-09 5.5351E-09 3.6573E-09 2.3269E-09 1.4270E-09 8.6020E-10 5.3896E-10 4.0642E-10 3.4423E-10 3.2797E-10 3.2283E-10 3.1765E-10 3.1246E-10 3.0725E-10 3.0204E-10 2.9681E-10 2.9159E-10 2.8636E-10 2.8115E-10 2.7596E-10 2.7078E-10 2.6562E-10 2.6048E-10 2.5537E-10 2.5029E-10 2.4525E-10 2.4024E-10 2.3526E-10 2.3033E-10 2.2543E-10 2.2058E-10 2.1578E-10 2.1102E-10 2.0630E-10 2.0164E-10 1.9702E-10 1.9246E-10 1.8795E-10 1.8350E-10 1.7910E-10 1.7476E-10 1.7048E-10 1.6625E-10 1.6209E-10 1.5799E-10 1.5394E-10 1.4996E-10 1.4604E-10 1.4219E-10 1.3839E-10 1.3467E-10 1.3100E-10 1.2740E-10 1.2387E-10 1.2039E-10
1.8493E-08 1.3916E-08 1.0016E-08 6.8538E-09 4.4968E-09 2.8604E-09 1.7279E-09 1.0186E-09 6.0277E-10 4.1471E-10 3.4323E-10 3.2386E-10 3.1876E-10 3.1365E-10 3.0851E-10 3.0336E-10 2.9820E-10 2.9304E-10 2.8788E-10 2.8272E-10 2.7757E-10 2.7244E-10 2.6733E-10 2.6223E-10 2.5716E-10 2.5212E-10 2.4711E-10 2.4212E-10 2.3718E-10 2.3227E-10 2.2740E-10 2.2257E-10 2.1778E-10 2.1303E-10 2.0833E-10 2.0368E-10 1.9907E-10 1.9452E-10 1.9002E-10 1.8556E-10 1.8117E-10 1.7683E-10 1.7254E-10 1.6831E-10 1.6414E-10 1.6003E-10 1.5598E-10 1.5199E-10 1.4806E-10 1.4419E-10 1.4038E-10 1.3664E-10 1.3296E-10 1.2934E-10 1.2578E-10 1.2229E-10 1.1887E-10
