Assets/Resources/2015_m01_d13_2000(utc+0800)_l00_csi_1hr_conc.grd
DSAA
         159         159
     -79.000      79.000
     -79.000      79.000
  0.0000E+00  0.1809E-04
[rows 50 to 74 of 159, columns 0 to 56 of 159]
9.3606E-09 9.8698E-09 1.0399E-08 1.0935E-08 1.1478E-08 1.2028E-08 1.2583E-08 1.3139E-08 1.3692E-08 1.4244E-08 1.4795E-08 1.5334E-08 1.5866E-08 1.6381E-08 1.6873E-08 1.7343E-08 1.7786E-08 1.8199E-08 1.8577E-08 1.8915E-08 1.9219E-08 1.9471E-08 1.9685E-08 1.9852E-08 1.9971E-08 2.0047E-08 2.0071E-08 2.0044E-08 1.9959E-08 1.9817E-08 1.9614E-08 1.9346E-08 1.9015E-08 1.8609E-08 1.8124E-08 1.7561E-08 1.6922E-08 1.6207E-08 1.5423E-08 1.4578E-08 1.3682E-08 1.2750E-08 1.1788E-08 1.0806E-08 9.8255E-09 8.8586E-09 7.9016E-09 6.9963E-09 6.1447E-09 5.3596E-09 4.6377E-09 3.9947E-09 3.4102E-09 2.8861E-09 2.4216E-09 1.9943E-09 1.6141E-09
9.3697E-09 9.8792E-09 1.0409E-08 1.0947E-08 1.1490E-08 1.2041E-08 1.2599E-08 1.3157E-08 1.3714E-08 1.4271E-08 1.4827E-08 1.5374E-08 1.5914E-08 1.6439E-08 1.6943E-08 1.7429E-08 1.7890E-08 1.8323E-08 1.8718E-08 1.9079E-08 1.9398E-08 1.9673E-08 1.9912E-08 2.0104E-08 2.0261E-08 2.0371E-08 2.0441E-08 2.0455E-08 2.0417E-08 2.0321E-08 2.0161E-08 1.9935E-08 1.9640E-08 1.9268E-08 1.8818E-08 1.8286E-08 1.7664E-08 1.6963E-08 1.6184E-08 1.5342E-08 1.4442E-08 1.3492E-08 1.2509E-08 1.1506E-08 1.0502E-08 9.5140E-09 8.5371E-09 7.5913E-09 6.6996E-09 5.8730E-09 5.1166E-09 4.4292E-09 3.8011E-09 3.2300E-09 2.7204E-09 2.2643E-09 1.8362E-09
9.3495E-09 9.8581E-09 1.0385E-08 1.0922E-08 1.1464E-08 1.2014E-08 1.2571E-08 1.3128E-08 1.3687E-08 1.4246E-08 1.4803E-08 1.5355E-08 1.5898E-08 1.6431E-08 1.6944E-08 1.7443E-08 1.7923E-08 1.8365E-08 1.8781E-08 1.9156E-08 1.9489E-08 1.9787E-08 2.0042E-08 2.0265E-08 2.0446E-08 2.0597E-08 2.0701E-08 2.0759E-08 2.0768E-08 2.0718E-08 2.0603E-08 2.0420E-08 2.0164E-08 1.9836E-08 1.9424E-08 1.8921E-08 1.8330E-08 1.7652E-08 1.6893E-08 1.6056E-08 1.5153E-08 1.4199E-08 1.3215E-08 1.2206E-08 1.1186E-08 1.0170E-08 9.1647E-09 8.2030E-09 7.2881E-09 6.4348E-09 5.6435E-09 4.9164E-09 4.2431E-09 3.6257E-09 3.0686E-09 2.5654E-09 2.0996E-09
9.3017E-09 9.8056E-09 1.0331E-08 1.0862E-08 1.1399E-08 1.1947E-08 1.2500E-08 1.3053E-08 1.3610E-08 1.4168E-08 1.4725E-08 1.5277E-08 1.5822E-08 1.6358E-08 1.6879E-08 1.7387E-08 1.7877E-08 1.8332E-08 1.8757E-08 1.9142E-08 1.9491E-08 1.9801E-08 2.0079E-08 2.0320E-08 2.0533E-08 2.0710E-08 2.0852E-08 2.0951E-08 2.1002E-08 2.0997E-08 2.0927E-08 2.0790E-08 2.0582E-08 2.0295E-08 1.9921E-08 1.9459E-08 1.8907E-08 1.8260E-08 1.7522E-08 1.6700E-08 1.5817E-08 1.4876E-08 1.3887E-08 1.2873E-08 1.1853E-08 1.0842E-08 9.8322E-09 8.8532E-09 7.9142E-09 7.0315E-09 6.2049E-09 5.4439E-09 4.7290E-09 4.0647E-09 3.4586E-09 2.9050E-09 2.3967E-09
9.2265E-09 9.7241E-09 1.0243E-08 1.0768E-08 1.1298E-08 1.1840E-08 1.2385E-08 1.2933E-08 1.3485E-08 1.4039E-08 1.4591E-08 1.5139E-08 1.5685E-08 1.6220E-08 1.6748E-08 1.7260E-08 1.7753E-08 1.8214E-08 1.8645E-08 1.9038E-08 1.9398E-08 1.9722E-08 2.0013E-08 2.0275E-08 2.0509E-08 2.0715E-08 2.0886E-08 2.1022E-08 2.1112E-08 2.1149E-08 2.1126E-08 2.1037E-08 2.0876E-08 2.0633E-08 2.0306E-08 1.9891E-08 1.9377E-08 1.8766E-08 1.8065E-08 1.7282E-08 1.6418E-08 1.5491E-08 1.4522E-08 1.3537E-08 1.2536E-08 1.1527E-08 1.0513E-08 9.5298E-09 8.5869E-09 7.7003E-09 6.8547E-09 6.0529E-09 5.2930E-09 4.5807E-09 3.9218E-09 3.3039E-09 2.7404E-09
9.1232E-09 9.6140E-09 1.0123E-08 1.0640E-08 1.1161E-08 1.1693E-08 1.2231E-08 1.2769E-08 1.3312E-08 1.3859E-08 1.4403E-08 1.4947E-08 1.5486E-08 1.6022E-08 1.6549E-08 1.7060E-08 1.7553E-08 1.8012E-08 1.8445E-08 1.8843E-08 1.9208E-08 1.9543E-08 1.9846E-08 2.0123E-08 2.0377E-08 2.0604E-08 2.0803E-08 2.0970E-08 2.1094E-08 2.1171E-08 2.1192E-08 2.1151E-08 2.1036E-08 2.0843E-08 2.0568E-08 2.0196E-08 1.9727E-08 1.9169E-08 1.8516E-08 1.7766E-08 1.6936E-08 1.6054E-08 1.5128E-08 1.4165E-08 1.3185E-08 1.2205E-08 1.1226E-08 1.0262E-08 9.3172E-09 8.4215E-09 7.5537E-09 6.7282E-09 5.9347E-09 5.1806E-09 4.4684E-09 3.7982E-09 3.1511E-09
8.9959E-09 9.4751E-09 9.9754E-09 1.0480E-08 1.0991E-08 1.1511E-08 1.2036E-08 1.2564E-08 1.3094E-08 1.3631E-08 1.4163E-08 1.4699E-08 1.5232E-08 1.5761E-08 1.6284E-08 1.6788E-08 1.7274E-08 1.7730E-08 1.8157E-08 1.8555E-08 1.8924E-08 1.9264E-08 1.9575E-08 1.9865E-08 2.0132E-08 2.0377E-08 2.0599E-08 2.0789E-08 2.0947E-08 2.1058E-08 2.1123E-08 2.1125E-08 2.1057E-08 2.0919E-08 2.0689E-08 2.0367E-08 1.9958E-08 1.9453E-08 1.8846E-08 1.8147E-08 1.7384E-08 1.6553E-08 1.5670E-08 1.4754E-08 1.3830E-08 1.2899E-08 1.1951E-08 1.1016E-08 1.0097E-08 9.2197E-09 8.3564E-09 7.5097E-09 6.6820E-09 5.8824E-09 5.1029E-09 4.3673E-09 3.6700E-09
8.8424E-09 9.3104E-09 9.7973E-09 1.0291E-08 1.0786E-08 1.1294E-08 1.1803E-08 1.2317E-08 1.2834E-08 1.3355E-08 1.3876E-08 1.4398E-08 1.4924E-08 1.5441E-08 1.5953E-08 1.6446E-08 1.6920E-08 1.7365E-08 1.7786E-08 1.8177E-08 1.8546E-08 1.8886E-08 1.9203E-08 1.9500E-08 1.9777E-08 2.0036E-08 2.0272E-08 2.0486E-08 2.0666E-08 2.0814E-08 2.0911E-08 2.0955E-08 2.0942E-08 2.0845E-08 2.0667E-08 2.0405E-08 2.0053E-08 1.9601E-08 1.9055E-08 1.8436E-08 1.7736E-08 1.6970E-08 1.6157E-08 1.5321E-08 1.4459E-08 1.3589E-08 1.2700E-08 1.1820E-08 1.0950E-08 1.0090E-08 9.2301E-09 8.3748E-09 7.5324E-09 6.6934E-09 5.8730E-09 5.0730E-09 4.3010E-09
8.6655E-09 9.1209E-09 9.5932E-09 1.0071E-08 1.0552E-08 1.1042E-08 1.1537E-08 1.2032E-08 1.2532E-08 1.3037E-08 1.3542E-08 1.4051E-08 1.4562E-08 1.5065E-08 1.5560E-08 1.6036E-08 1.6495E-08 1.6925E-08 1.7331E-08 1.7715E-08 1.8076E-08 1.8412E-08 1.8730E-08 1.9031E-08 1.9314E-08 1.9580E-08 1.9829E-08 2.0055E-08 2.0262E-08 2.0432E-08 2.0560E-08 2.0648E-08 2.0673E-08 2.0624E-08 2.0501E-08 2.0298E-08 2.0002E-08 1.9613E-08 1.9151E-08 1.8606E-08 1.7985E-08 1.7311E-08 1.6596E-08 1.5840E-08 1.5069E-08 1.4295E-08 1.3498E-08 1.2676E-08 1.1868E-08 1.1053E-08 1.0238E-08 9.4004E-09 8.5516E-09 7.6866E-09 6.8219E-09 5.9591E-09 5.1102E-09
8.4668E-09 8.9071E-09 9.3646E-09 9.8238E-09 1.0289E-08 1.0760E-08 1.1236E-08 1.1713E-08 1.2192E-08 1.2682E-08 1.3165E-08 1.3657E-08 1.4151E-08 1.4633E-08 1.5108E-08 1.5564E-08 1.6000E-08 1.6413E-08 1.6802E-08 1.7172E-08 1.7521E-08 1.7850E-08 1.8163E-08 1.8461E-08 1.8744E-08 1.9014E-08 1.9267E-08 1.9509E-08 1.9728E-08 1.9920E-08 2.0079E-08 2.0198E-08 2.0259E-08 2.0255E-08 2.0189E-08 2.0040E-08 1.9804E-08 1.9498E-08 1.9116E-08 1.8654E-08 1.8138E-08 1.7572E-08 1.6960E-08 1.6321E-08 1.5676E-08 1.5014E-08 1.4304E-08 1.3591E-08 1.2878E-08 1.2141E-08 1.1370E-08 1.0555E-08 9.7117E-09 8.8350E-09 7.9423E-09 7.0045E-09 6.0739E-09
8.2472E-09 8.6710E-09 9.1110E-09 9.5553E-09 9.9986E-09 1.0451E-08 1.0905E-08 1.1362E-08 1.1821E-08 1.2287E-08 1.2754E-08 1.3220E-08 1.3692E-08 1.4152E-08 1.4600E-08 1.5032E-08 1.5444E-08 1.5832E-08 1.6203E-08 1.6555E-08 1.6888E-08 1.7204E-08 1.7507E-08 1.7798E-08 1.8077E-08 1.8344E-08 1.8599E-08 1.8847E-08 1.9077E-08 1.9283E-08 1.9467E-08 1.9611E-08 1.9702E-08 1.9748E-08 1.9730E-08 1.9633E-08 1.9472E-08 1.9246E-08 1.8946E-08 1.8592E-08 1.8190E-08 1.7741E-08 1.7261E-08 1.6773E-08 1.6263E-08 1.5721E-08 1.5152E-08 1.4581E-08 1.3978E-08 1.3325E-08 1.2635E-08 1.1878E-08 1.1069E-08 1.0191E-08 9.2681E-09 8.2925E-09 7.2766E-09
8.0098E-09 8.4166E-09 8.8365E-09 9.2615E-09 9.6847E-09 1.0115E-08 1.0549E-08 1.0981E-08 1.1420E-08 1.1859E-08 1.2305E-08 1.2748E-08 1.3192E-08 1.3624E-08 1.4043E-08 1.4447E-08 1.4832E-08 1.5193E-08 1.5541E-08 1.5872E-08 1.6185E-08 1.6483E-08 1.6771E-08 1.7049E-08 1.7318E-08 1.7578E-08 1.7834E-08 1.8080E-08 1.8313E-08 1.8533E-08 1.8732E-08 1.8893E-08 1.9019E-08 1.9102E-08 1.9126E-08 1.9090E-08 1.9004E-08 1.8857E-08 1.8655E-08 1.8416E-08 1.8136E-08 1.7825E-08 1.7506E-08 1.7173E-08 1.6819E-08 1.6438E-08 1.6046E-08 1.5611E-08 1.5154E-08 1.4631E-08 1.4053E-08 1.3377E-08 1.2624E-08 1.1775E-08 1.0847E-08 9.8287E-09 8.7562E-09
7.7551E-09 8.1437E-09 8.5447E-09 8.9472E-09 9.3510E-09 9.7578E-09 1.0167E-08 1.0579E-08 1.0989E-08 1.1408E-08 1.1824E-08 1.2240E-08 1.2657E-08 1.3055E-08 1.3443E-08 1.3817E-08 1.4170E-08 1.4504E-08 1.4825E-08 1.5131E-08 1.5421E-08 1.5697E-08 1.5965E-08 1.6226E-08 1.6479E-08 1.6728E-08 1.6977E-08 1.7217E-08 1.7450E-08 1.7676E-08 1.7883E-08 1.8060E-08 1.8213E-08 1.8329E-08 1.8395E-08 1.8422E-08 1.8406E-08 1.8342E-08 1.8249E-08 1.8129E-08 1.7980E-08 1.7830E-08 1.7677E-08 1.7513E-08 1.7345E-08 1.7159E-08 1.6938E-08 1.6687E-08 1.6404E-08 1.6050E-08 1.5607E-08 1.5051E-08 1.4387E-08 1.3593E-08 1.2677E-08 1.1644E-08 1.0520E-08
7.4855E-09 7.8552E-09 8.2351E-09 8.6172E-09 8.9977E-09 9.3817E-09 9.7648E-09 1.0152E-08 1.0538E-08 1.0931E-08 1.1320E-08 1.1703E-08 1.2086E-08 1.2454E-08 1.2807E-08 1.3148E-08 1.3470E-08 1.3772E-08 1.4065E-08 1.4343E-08 1.4605E-08 1.4856E-08 1.5101E-08 1.5339E-08 1.5573E-08 1.5806E-08 1.6043E-08 1.6275E-08 1.6501E-08 1.6727E-08 1.6936E-08 1.7124E-08 1.7299E-08 1.7442E-08 1.7551E-08 1.7639E-08 1.7690E-08 1.7717E-08 1.7733E-08 1.7732E-08 1.7732E-08 1.7747E-08 1.7764E-08 1.7789E-08 1.7831E-08 1.7834E-08 1.7822E-08 1.7791E-08 1.7711E-08 1.7548E-08 1.7279E-08 1.6879E-08 1.6339E-08 1.5632E-08 1.4772E-08 1.3761E-08 1.2627E-08
7.2047E-09 7.5538E-09 7.9114E-09 8.2716E-09 8.6281E-09 8.9886E-09 9.3500E-09 9.7062E-09 1.0070E-08 1.0432E-08 1.0791E-08 1.1143E-08 1.1490E-08 1.1825E-08 1.2142E-08 1.2448E-08 1.2738E-08 1.3008E-08 1.3270E-08 1.3517E-08 1.3750E-08 1.3972E-08 1.4190E-08 1.4402E-08 1.4613E-08 1.4827E-08 1.5046E-08 1.5263E-08 1.5480E-08 1.5700E-08 1.5906E-08 1.6105E-08 1.6293E-08 1.6461E-08 1.6614E-08 1.6753E-08 1.6875E-08 1.6993E-08 1.7113E-08 1.7239E-08 1.7392E-08 1.7568E-08 1.7764E-08 1.7994E-08 1.8235E-08 1.8456E-08 1.8673E-08 1.8885E-08 1.9030E-08 1.9091E-08 1.9032E-08 1.8821E-08 1.8446E-08 1.7870E-08 1.7116E-08 1.6169E-08 1.5057E-08
6.9130E-09 7.2408E-09 7.5776E-09 7.9141E-09 8.2476E-09 8.5829E-09 8.9168E-09 9.2520E-09 9.5832E-09 9.9172E-09 1.0245E-08 1.0564E-08 1.0876E-08 1.1175E-08 1.1458E-08 1.1728E-08 1.1984E-08 1.2221E-08 1.2450E-08 1.2665E-08 1.2866E-08 1.3057E-08 1.3245E-08 1.3430E-08 1.3615E-08 1.3805E-08 1.4004E-08 1.4201E-08 1.4407E-08 1.4614E-08 1.4815E-08 1.5018E-08 1.5216E-08 1.5410E-08 1.5600E-08 1.5787E-08 1.5978E-08 1.6183E-08 1.6404E-08 1.6657E-08 1.6956E-08 1.7290E-08 1.7670E-08 1.8100E-08 1.8538E-08 1.8991E-08 1.9460E-08 1.9919E-08 2.0315E-08 2.0622E-08 2.0801E-08 2.0820E-08 2.0643E-08 2.0256E-08 1.9652E-08 1.8831E-08 1.7818E-08
6.6132E-09 6.9203E-09 7.2344E-09 7.5467E-09 7.8585E-09 8.1682E-09 8.4747E-09 8.7838E-09 9.0868E-09 9.3914E-09 9.6867E-09 9.9711E-09 1.0249E-08 1.0511E-08 1.0760E-08 1.0996E-08 1.1216E-08 1.1420E-08 1.1616E-08 1.1797E-08 1.1965E-08 1.2124E-08 1.2281E-08 1.2436E-08 1.2592E-08 1.2758E-08 1.2931E-08 1.3107E-08 1.3297E-08 1.3487E-08 1.3683E-08 1.3887E-08 1.4091E-08 1.4306E-08 1.4530E-08 1.4760E-08 1.5016E-08 1.5301E-08 1.5617E-08 1.5993E-08 1.6424E-08 1.6908E-08 1.7467E-08 1.8085E-08 1.8721E-08 1.9408E-08 2.0127E-08 2.0834E-08 2.1494E-08 2.2069E-08 2.2509E-08 2.2785E-08 2.2854E-08 2.2694E-08 2.2312E-08 2.1686E-08 2.0838E-08
6.3083E-09 6.5944E-09 6.8848E-09 7.1745E-09 7.4614E-09 7.7455E-09 8.0300E-09 8.3077E-09 8.5847E-09 8.8572E-09 9.1203E-09 9.3713E-09 9.6142E-09 9.8446E-09 1.0057E-08 1.0258E-08 1.0445E-08 1.0614E-08 1.0776E-08 1.0925E-08 1.1059E-08 1.1185E-08 1.1311E-08 1.1434E-08 1.1561E-08 1.1699E-08 1.1845E-08 1.1999E-08 1.2169E-08 1.2345E-08 1.2531E-08 1.2731E-08 1.2941E-08 1.3174E-08 1.3423E-08 1.3694E-08 1.4008E-08 1.4361E-08 1.4765E-08 1.5248E-08 1.5795E-08 1.6418E-08 1.7137E-08 1.7920E-08 1.8756E-08 1.9660E-08 2.0618E-08 2.1577E-08 2.2502E-08 2.3343E-08 2.4063E-08 2.4606E-08 2.4958E-08 2.5082E-08 2.4978E-08 2.4621E-08 2.4031E-08
6.0008E-09 6.2643E-09 6.5325E-09 6.7997E-09 7.0604E-09 7.3216E-09 7.5787E-09 7.8307E-09 8.0780E-09 8.3204E-09 8.5502E-09 8.7709E-09 8.9804E-09 9.1770E-09 9.3579E-09 9.5234E-09 9.6785E-09 9.8132E-09 9.9426E-09 1.0058E-08 1.0159E-08 1.0253E-08 1.0347E-08 1.0439E-08 1.0537E-08 1.0645E-08 1.0766E-08 1.0896E-08 1.1045E-08 1.1206E-08 1.1378E-08 1.1574E-08 1.1788E-08 1.2033E-08 1.2303E-08 1.2606E-08 1.2968E-08 1.3378E-08 1.3856E-08 1.4426E-08 1.5072E-08 1.5814E-08 1.6668E-08 1.7594E-08 1.8607E-08 1.9716E-08 2.0888E-08 2.2076E-08 2.3250E-08 2.4351E-08 2.5340E-08 2.6180E-08 2.6828E-08 2.7287E-08 2.7503E-08 2.7483E-08 2.7266E-08
5.6920E-09 5.9327E-09 6.1796E-09 6.4223E-09 6.6609E-09 6.8966E-09 7.1282E-09 7.3539E-09 7.5714E-09 7.7845E-09 7.9855E-09 8.1738E-09 8.3529E-09 8.5160E-09 8.6662E-09 8.8008E-09 8.9221E-09 9.0270E-09 9.1225E-09 9.2063E-09 9.2772E-09 9.3384E-09 9.4017E-09 9.4650E-09 9.5320E-09 9.6157E-09 9.7084E-09 9.8144E-09 9.9448E-09 1.0088E-08 1.0251E-08 1.0436E-08 1.0650E-08 1.0903E-08 1.1187E-08 1.1515E-08 1.1911E-08 1.2368E-08 1.2900E-08 1.3535E-08 1.4256E-08 1.5092E-08 1.6054E-08 1.7092E-08 1.8250E-08 1.9531E-08 2.0884E-08 2.2277E-08 2.3664E-08 2.5005E-08 2.6251E-08 2.7374E-08 2.8349E-08 2.9140E-08 2.9719E-08 3.0110E-08 3.0331E-08
5.3823E-09 5.6039E-09 5.8272E-09 6.0474E-09 6.2631E-09 6.4739E-09 6.6807E-09 6.8802E-09 7.0714E-09 7.2546E-09 7.4272E-09 7.5867E-09 7.7354E-09 7.8706E-09 7.9896E-09 8.0947E-09 8.1859E-09 8.2608E-09 8.3261E-09 8.3792E-09 8.4206E-09 8.4523E-09 8.4871E-09 8.5218E-09 8.5618E-09 8.6192E-09 8.6880E-09 8.7741E-09 8.8832E-09 9.0120E-09 9.1601E-09 9.3386E-09 9.5455E-09 9.8012E-09 1.0094E-08 1.0438E-08 1.0857E-08 1.1339E-08 1.1907E-08 1.2582E-08 1.3354E-08 1.4254E-08 1.5274E-08 1.6404E-08 1.7682E-08 1.9082E-08 2.0575E-08 2.2124E-08 2.3688E-08 2.5222E-08 2.6704E-08 2.8087E-08 2.9373E-08 3.0491E-08 3.1456E-08 3.2285E-08 3.2984E-08
5.0767E-09 5.2778E-09 5.4783E-09 5.6776E-09 5.8696E-09 6.0577E-09 6.2392E-09 6.4138E-09 6.5791E-09 6.7359E-09 6.8804E-09 7.0145E-09 7.1348E-09 7.2415E-09 7.3338E-09 7.4108E-09 7.4753E-09 7.5213E-09 7.5588E-09 7.5854E-09 7.5991E-09 7.6036E-09 7.6114E-09 7.6221E-09 7.6365E-09 7.6715E-09 7.7215E-09 7.7851E-09 7.8779E-09 7.9896E-09 8.1251E-09 8.2908E-09 8.4934E-09 8.7442E-09 9.0377E-09 9.3859E-09 9.8107E-09 1.0303E-08 1.0884E-08 1.1578E-08 1.2375E-08 1.3307E-08 1.4356E-08 1.5534E-08 1.6883E-08 1.8362E-08 1.9943E-08 2.1586E-08 2.3279E-08 2.4962E-08 2.6638E-08 2.8248E-08 2.9790E-08 3.1216E-08 3.2546E-08 3.3785E-08 3.4952E-08
4.7745E-09 4.9554E-09 5.1368E-09 5.3129E-09 5.4834E-09 5.6494E-09 5.8072E-09 5.9573E-09 6.0990E-09 6.2310E-09 6.3513E-09 6.4585E-09 6.5549E-09 6.6352E-09 6.7024E-09 6.7549E-09 6.7933E-09 6.8171E-09 6.8277E-09 6.8289E-09 6.8194E-09 6.8003E-09 6.7843E-09 6.7735E-09 6.7671E-09 6.7825E-09 6.8150E-09 6.8604E-09 6.9364E-09 7.0352E-09 7.1548E-09 7.3082E-09 7.5008E-09 7.7446E-09 8.0262E-09 8.3669E-09 8.7855E-09 9.2708E-09 9.8465E-09 1.0535E-08 1.1330E-08 1.2252E-08 1.3301E-08 1.4501E-08 1.5871E-08 1.7374E-08 1.8983E-08 2.0675E-08 2.2429E-08 2.4225E-08 2.6017E-08 2.7799E-08 2.9546E-08 3.1218E-08 3.2837E-08 3.4429E-08 3.5996E-08
4.4782E-09 4.6405E-09 4.8021E-09 4.9571E-09 5.1066E-09 5.2508E-09 5.3869E-09 5.5150E-09 5.6336E-09 5.7438E-09 5.8408E-09 5.9242E-09 5.9975E-09 6.0559E-09 6.0990E-09 6.1302E-09 6.1468E-09 6.1491E-09 6.1372E-09 6.1173E-09 6.0881E-09 6.0482E-09 6.0122E-09 5.9836E-09 5.9608E-09 5.9587E-09 5.9770E-09 6.0112E-09 6.0674E-09 6.1525E-09 6.2598E-09 6.3972E-09 6.5754E-09 6.8040E-09 7.0713E-09 7.3947E-09 7.7912E-09 8.2556E-09 8.8063E-09 9.4677E-09 1.0241E-08 1.1114E-08 1.2137E-08 1.3324E-08 1.4669E-08 1.6142E-08 1.7722E-08 1.9413E-08 2.1189E-08 2.3005E-08 2.4869E-08 2.6737E-08 2.8615E-08 3.0440E-08 3.2252E-08 3.4073E-08 3.5948E-08
4.1899E-09 4.3339E-09 4.4751E-09 4.6116E-09 4.7409E-09 4.8645E-09 4.9809E-09 5.0888E-09 5.1864E-09 5.2757E-09 5.3525E-09 5.4154E-09 5.4662E-09 5.5045E-09 5.5290E-09 5.5390E-09 5.5376E-09 5.5214E-09 5.4929E-09 5.4537E-09 5.4075E-09 5.3534E-09 5.2993E-09 5.2567E-09 5.2222E-09 5.2056E-09 5.2127E-09 5.2346E-09 5.2766E-09 5.3469E-09 5.4407E-09 5.5637E-09 5.7249E-09 5.9344E-09 6.1770E-09 6.4721E-09 6.8383E-09 7.2676E-09 7.7769E-09 8.3989E-09 9.0969E-09 9.9229E-09 1.0907E-08 1.2038E-08 1.3309E-08 1.4703E-08 1.6229E-08 1.7862E-08 1.9593E-08 2.1382E-08 2.3232E-08 2.5120E-08 2.7025E-08 2.8893E-08 3.0783E-08 3.2706E-08 3.4717E-08
