Assets/Resources/2015_m01_d28_0900(utc+0800)_l00_csi_1hr_conc.grd
DSAA
         159         159
     -79.000      79.000
     -79.000      79.000
  0.0000E+00  0.4323E-05
[rows 25 to 49 of 159, columns 57 to 113 of 159]
3.0473E-09 3.7360E-09 4.5051E-09 5.3490E-09 6.2504E-09 7.1835E-09 8.1222E-09 9.0319E-09 9.8713E-09 1.0598E-08 1.1177E-08 1.1578E-08 1.1773E-08 1.1746E-08 1.1495E-08 1.1030E-08 1.0374E-08 9.5632E-09 8.6359E-09 7.6379E-09 6.6162E-09 5.6087E-09 4.6523E-09 3.7736E-09 2.9907E-09 2.3172E-09 1.7586E-09 1.3023E-09 9.4300E-10 6.6087E-10 4.4055E-10 2.8189E-10 1.7397E-10 1.0293E-10 5.4129E-11 1.6947E-11 0.0000E+00 0.0000E+00 0.0000E+00 0.0000E+00 0.0000E+00 0.0000E+00 0.0000E+00 0.0000E+00 0.0000E+00 0.0000E+00 0.0000E+00 0.0000E+00 0.0000E+00 0.0000E+00 0.0000E+00 0.0000E+00 0.0000E+00 0.0000E+00 0.0000E+00 0.0000E+00 0.0000E+00
2.7438E-09 3.3946E-09 4.1334E-09 4.9565E-09 5.8437E-09 6.7809E-09 7.7415E-09 8.6870E-09 9.5771E-09 1.0379E-08 1.1045E-08 1.1538E-08 1.1827E-08 1.1891E-08 1.1724E-08 1.1328E-08 1.0727E-08 9.9513E-09 9.0412E-09 8.0414E-09 7.0003E-09 5.9628E-09 4.9690E-09 4.0474E-09 3.2205E-09 2.5072E-09 1.9105E-09 1.4215E-09 1.0307E-09 7.2314E-10 4.8555E-10 3.1403E-10 1.9549E-10 1.1585E-10 6.1384E-11 1.9631E-11 0.0000E+00 0.0000E+00 0.0000E+00 0.0000E+00 0.0000E+00 0.0000E+00 0.0000E+00 0.0000E+00 0.0000E+00 0.0000E+00 0.0000E+00 0.0000E+00 0.0000E+00 0.0000E+00 0.0000E+00 0.0000E+00 0.0000E+00 0.0000E+00 0.0000E+00 0.0000E+00 0.0000E+00
2.4518E-09 3.0615E-09 3.7706E-09 4.5649E-09 5.4395E-09 6.3794E-09 7.3541E-09 8.3328E-09 9.2802E-09 1.0151E-08 1.0899E-08 1.1485E-08 1.1873E-08 1.2037E-08 1.1962E-08 1.1647E-08 1.1108E-08 1.0373E-08 9.4823E-09 8.4815E-09 7.4228E-09 6.3540E-09 5.3176E-09 4.3482E-09 3.4744E-09 2.7170E-09 2.0791E-09 1.5535E-09 1.1288E-09 7.9498E-10 5.3447E-10 3.4551E-10 2.1455E-10 1.2800E-10 6.5885E-11 1.9704E-11 1.5762E-12 0.0000E+00 0.0000E+00 0.0000E+00 0.0000E+00 0.0000E+00 0.0000E+00 0.0000E+00 0.0000E+00 0.0000E+00 0.0000E+00 0.0000E+00 0.0000E+00 0.0000E+00 0.0000E+00 0.0000E+00 0.0000E+00 0.0000E+00 0.0000E+00 0.0000E+00 0.0000E+00
2.1735E-09 2.7480E-09 3.4212E-09 4.1855E-09 5.0451E-09 5.9764E-09 6.9605E-09 7.9717E-09 8.9681E-09 9.9035E-09 1.0737E-08 1.1421E-08 1.1912E-08 1.2181E-08 1.2204E-08 1.1975E-08 1.1503E-08 1.0815E-08 9.9505E-09 8.9549E-09 7.8795E-09 6.7784E-09 5.7005E-09 4.6802E-09 3.7573E-09 2.9489E-09 2.2575E-09 1.6856E-09 1.2250E-09 8.6460E-10 5.8313E-10 3.7804E-10 2.3623E-10 1.3940E-10 6.9642E-11 1.8426E-11 1.5849E-12 0.0000E+00 0.0000E+00 0.0000E+00 0.0000E+00 0.0000E+00 0.0000E+00 0.0000E+00 0.0000E+00 0.0000E+00 0.0000E+00 0.0000E+00 0.0000E+00 0.0000E+00 0.0000E+00 0.0000E+00 0.0000E+00 0.0000E+00 0.0000E+00 0.0000E+00 0.0000E+00
1.9135E-09 2.4515E-09 3.0806E-09 3.8204E-09 4.6539E-09 5.5741E-09 6.5690E-09 7.6056E-09 8.6421E-09 9.6448E-09 1.0562E-08 1.1343E-08 1.1940E-08 1.2316E-08 1.2443E-08 1.2309E-08 1.1915E-08 1.1281E-08 1.0446E-08 9.4574E-09 8.3679E-09 7.2334E-09 6.1062E-09 5.0350E-09 4.0565E-09 3.1888E-09 2.4459E-09 1.8311E-09 1.3324E-09 9.3962E-10 6.3568E-10 4.1106E-10 2.5591E-10 1.4937E-10 7.0897E-11 1.4919E-11 1.5587E-12 0.0000E+00 0.0000E+00 0.0000E+00 0.0000E+00 0.0000E+00 0.0000E+00 0.0000E+00 0.0000E+00 0.0000E+00 0.0000E+00 0.0000E+00 0.0000E+00 0.0000E+00 0.0000E+00 0.0000E+00 0.0000E+00 0.0000E+00 0.0000E+00 0.0000E+00 0.0000E+00
1.6746E-09 2.1682E-09 2.7654E-09 3.4695E-09 4.2734E-09 5.1844E-09 6.1758E-09 7.2260E-09 8.3076E-09 9.3723E-09 1.0368E-08 1.1244E-08 1.1952E-08 1.2443E-08 1.2683E-08 1.2650E-08 1.2340E-08 1.1770E-08 1.0973E-08 9.9949E-09 8.8904E-09 7.7212E-09 6.5498E-09 5.4230E-09 4.3794E-09 3.4472E-09 2.6439E-09 1.9745E-09 1.4338E-09 1.0106E-09 6.8384E-10 4.4292E-10 2.7793E-10 1.5950E-10 7.0799E-11 1.2817E-11 1.1540E-12 0.0000E+00 0.0000E+00 0.0000E+00 0.0000E+00 0.0000E+00 0.0000E+00 0.0000E+00 0.0000E+00 0.0000E+00 0.0000E+00 0.0000E+00 0.0000E+00 0.0000E+00 0.0000E+00 0.0000E+00 0.0000E+00 0.0000E+00 0.0000E+00 0.0000E+00 0.0000E+00
1.4555E-09 1.9053E-09 2.4665E-09 3.1258E-09 3.9065E-09 4.7942E-09 5.7794E-09 6.8495E-09 7.9661E-09 9.0800E-09 1.0155E-08 1.1132E-08 1.1952E-08 1.2561E-08 1.2917E-08 1.2992E-08 1.2775E-08 1.2273E-08 1.1516E-08 1.0553E-08 9.4391E-09 8.2387E-09 7.0148E-09 5.8239E-09 4.7109E-09 3.7127E-09 2.8475E-09 2.1274E-09 1.5452E-09 1.0856E-09 7.3489E-10 4.7632E-10 2.9545E-10 1.6443E-10 6.9799E-11 9.5875E-12 6.1711E-13 0.0000E+00 0.0000E+00 0.0000E+00 0.0000E+00 0.0000E+00 0.0000E+00 0.0000E+00 0.0000E+00 0.0000E+00 0.0000E+00 0.0000E+00 0.0000E+00 0.0000E+00 0.0000E+00 0.0000E+00 0.0000E+00 0.0000E+00 0.0000E+00 0.0000E+00 0.0000E+00
1.2496E-09 1.6654E-09 2.1798E-09 2.8086E-09 3.5548E-09 4.4144E-09 5.3940E-09 6.4659E-09 7.6038E-09 8.7761E-09 9.9271E-09 1.0998E-08 1.1928E-08 1.2658E-08 1.3139E-08 1.3331E-08 1.3214E-08 1.2791E-08 1.2087E-08 1.1144E-08 1.0020E-08 8.7837E-09 7.5072E-09 6.2512E-09 5.0655E-09 3.9940E-09 3.0621E-09 2.2810E-09 1.6495E-09 1.1545E-09 7.7834E-10 5.0640E-10 3.1109E-10 1.6862E-10 6.8426E-11 6.4529E-12 1.2112E-13 0.0000E+00 0.0000E+00 0.0000E+00 0.0000E+00 0.0000E+00 0.0000E+00 0.0000E+00 0.0000E+00 0.0000E+00 0.0000E+00 0.0000E+00 0.0000E+00 0.0000E+00 0.0000E+00 0.0000E+00 0.0000E+00 0.0000E+00 0.0000E+00 0.0000E+00 0.0000E+00
1.0643E-09 1.4464E-09 1.9138E-09 2.5047E-09 3.2068E-09 4.0443E-09 5.0050E-09 6.0750E-09 7.2441E-09 8.4609E-09 9.6768E-09 1.0840E-08 1.1885E-08 1.2741E-08 1.3351E-08 1.3666E-08 1.3659E-08 1.3320E-08 1.2669E-08 1.1749E-08 1.0621E-08 9.3520E-09 8.0154E-09 6.6844E-09 5.4219E-09 4.2741E-09 3.2732E-09 2.4335E-09 1.7581E-09 1.2269E-09 8.2475E-10 5.3512E-10 3.2199E-10 1.6873E-10 6.0705E-11 4.2564E-12 0.0000E+00 0.0000E+00 0.0000E+00 0.0000E+00 0.0000E+00 0.0000E+00 0.0000E+00 0.0000E+00 0.0000E+00 0.0000E+00 0.0000E+00 0.0000E+00 0.0000E+00 0.0000E+00 0.0000E+00 0.0000E+00 0.0000E+00 0.0000E+00 0.0000E+00 0.0000E+00 0.0000E+00
8.9430E-10 1.2389E-09 1.6711E-09 2.2164E-09 2.8862E-09 3.6901E-09 4.6227E-09 5.6922E-09 6.8696E-09 8.1204E-09 9.4058E-09 1.0661E-08 1.1818E-08 1.2802E-08 1.3546E-08 1.3992E-08 1.4103E-08 1.3862E-08 1.3280E-08 1.2391E-08 1.1255E-08 9.9475E-09 8.5507E-09 7.1477E-09 5.8052E-09 4.5743E-09 3.4967E-09 2.5902E-09 1.8582E-09 1.2892E-09 8.6463E-10 5.5898E-10 3.2791E-10 1.6691E-10 5.3762E-11 2.8953E-12 0.0000E+00 0.0000E+00 0.0000E+00 0.0000E+00 0.0000E+00 0.0000E+00 0.0000E+00 0.0000E+00 0.0000E+00 0.0000E+00 0.0000E+00 0.0000E+00 0.0000E+00 0.0000E+00 0.0000E+00 0.0000E+00 0.0000E+00 0.0000E+00 0.0000E+00 0.0000E+00 0.0000E+00
7.4388E-10 1.0524E-09 1.4499E-09 1.9439E-09 2.5756E-09 3.3344E-09 4.2473E-09 5.3025E-09 6.4867E-09 7.7787E-09 9.1202E-09 1.0458E-08 1.1724E-08 1.2839E-08 1.3726E-08 1.4314E-08 1.4554E-08 1.4414E-08 1.3901E-08 1.3044E-08 1.1907E-08 1.0563E-08 9.1023E-09 7.6150E-09 6.1810E-09 4.8650E-09 3.7115E-09 2.7413E-09 1.9596E-09 1.3558E-09 9.0528E-10 5.8111E-10 3.3356E-10 1.6277E-10 4.9364E-11 1.4201E-12 0.0000E+00 0.0000E+00 0.0000E+00 0.0000E+00 0.0000E+00 0.0000E+00 0.0000E+00 0.0000E+00 0.0000E+00 0.0000E+00 0.0000E+00 0.0000E+00 0.0000E+00 0.0000E+00 0.0000E+00 0.0000E+00 0.0000E+00 0.0000E+00 0.0000E+00 0.0000E+00 0.0000E+00
6.0665E-10 8.7998E-10 1.2389E-09 1.6973E-09 2.2830E-09 3.0073E-09 3.8868E-09 4.9166E-09 6.1019E-09 7.4124E-09 8.8052E-09 1.0228E-08 1.1605E-08 1.2855E-08 1.3887E-08 1.4620E-08 1.4994E-08 1.4968E-08 1.4536E-08 1.3719E-08 1.2579E-08 1.1197E-08 9.6706E-09 8.1003E-09 6.5795E-09 5.1732E-09 3.9355E-09 2.8957E-09 2.0598E-09 1.4128E-09 9.3673E-10 5.9226E-10 3.3430E-10 1.5336E-10 4.0459E-11 2.0910E-13 0.0000E+00 0.0000E+00 0.0000E+00 0.0000E+00 0.0000E+00 0.0000E+00 0.0000E+00 0.0000E+00 0.0000E+00 0.0000E+00 0.0000E+00 0.0000E+00 0.0000E+00 0.0000E+00 0.0000E+00 0.0000E+00 0.0000E+00 0.0000E+00 0.0000E+00 0.0000E+00 0.0000E+00
4.8592E-10 7.2827E-10 1.0494E-09 1.4708E-09 2.0005E-09 2.6849E-09 3.5206E-09 4.5311E-09 5.7092E-09 7.0378E-09 8.4808E-09 9.9794E-09 1.1463E-08 1.2841E-08 1.4023E-08 1.4914E-08 1.5433E-08 1.5527E-08 1.5179E-08 1.4407E-08 1.3270E-08 1.1851E-08 1.0257E-08 8.5977E-09 6.9749E-09 5.4731E-09 4.1511E-09 3.0409E-09 2.1506E-09 1.4725E-09 9.7076E-10 6.0579E-10 3.3596E-10 1.4454E-10 3.5877E-11 0.0000E+00 0.0000E+00 0.0000E+00 0.0000E+00 0.0000E+00 0.0000E+00 0.0000E+00 0.0000E+00 0.0000E+00 0.0000E+00 0.0000E+00 0.0000E+00 0.0000E+00 0.0000E+00 0.0000E+00 0.0000E+00 0.0000E+00 0.0000E+00 0.0000E+00 0.0000E+00 0.0000E+00 0.0000E+00
3.8070E-10 5.8867E-10 8.7321E-10 1.2533E-09 1.7467E-09 2.3821E-09 3.1801E-09 4.1587E-09 5.3160E-09 6.6496E-09 8.1277E-09 9.6963E-09 1.1284E-08 1.2798E-08 1.4131E-08 1.5176E-08 1.5844E-08 1.6067E-08 1.5814E-08 1.5093E-08 1.3962E-08 1.2508E-08 1.0846E-08 9.0972E-09 7.3807E-09 5.7891E-09 4.3791E-09 3.1960E-09 2.2473E-09 1.5222E-09 9.9110E-10 6.1311E-10 3.3191E-10 1.3603E-10 3.2155E-11 0.0000E+00 0.0000E+00 0.0000E+00 0.0000E+00 0.0000E+00 0.0000E+00 0.0000E+00 0.0000E+00 0.0000E+00 0.0000E+00 0.0000E+00 0.0000E+00 0.0000E+00 0.0000E+00 0.0000E+00 0.0000E+00 0.0000E+00 0.0000E+00 0.0000E+00 0.0000E+00 0.0000E+00 0.0000E+00
2.9070E-10 4.6679E-10 7.1704E-10 1.0565E-09 1.5067E-09 2.0825E-09 2.8413E-09 3.7772E-09 4.9153E-09 6.2520E-09 7.7638E-09 9.3967E-09 1.1081E-08 1.2721E-08 1.4208E-08 1.5423E-08 1.6254E-08 1.6618E-08 1.6469E-08 1.5809E-08 1.4689E-08 1.3202E-08 1.1469E-08 9.6238E-09 7.7954E-09 6.0918E-09 4.5911E-09 3.3348E-09 2.3346E-09 1.5723E-09 1.0158E-09 6.2019E-10 3.2159E-10 1.2559E-10 2.8903E-11 1.1671E-12 0.0000E+00 0.0000E+00 0.0000E+00 0.0000E+00 0.0000E+00 0.0000E+00 0.0000E+00 0.0000E+00 0.0000E+00 0.0000E+00 0.0000E+00 0.0000E+00 0.0000E+00 0.0000E+00 0.0000E+00 0.0000E+00 0.0000E+00 0.0000E+00 0.0000E+00 0.0000E+00 0.0000E+00
1.6981E-10 3.6145E-10 5.7506E-10 8.7494E-10 1.2780E-09 1.8136E-09 2.5200E-09 3.4166E-09 4.5262E-09 5.8433E-09 7.3683E-09 9.0550E-09 1.0833E-08 1.2604E-08 1.4247E-08 1.5630E-08 1.6624E-08 1.7137E-08 1.7102E-08 1.6510E-08 1.5408E-08 1.3891E-08 1.2089E-08 1.0150E-08 8.2164E-09 6.4155E-09 4.8205E-09 3.4830E-09 2.4209E-09 1.6172E-09 1.0331E-09 6.2439E-10 3.1224E-10 1.2235E-10 2.9178E-11 3.5201E-12 0.0000E+00 0.0000E+00 0.0000E+00 0.0000E+00 0.0000E+00 0.0000E+00 0.0000E+00 0.0000E+00 0.0000E+00 0.0000E+00 0.0000E+00 0.0000E+00 0.0000E+00 0.0000E+00 0.0000E+00 0.0000E+00 0.0000E+00 0.0000E+00 0.0000E+00 0.0000E+00 0.0000E+00
1.0562E-10 2.6730E-10 4.5163E-10 7.1604E-10 1.0720E-09 1.5565E-09 2.2023E-09 3.0549E-09 4.1196E-09 5.4256E-09 6.9687E-09 8.7040E-09 1.0559E-08 1.2444E-08 1.4238E-08 1.5795E-08 1.6969E-08 1.7642E-08 1.7733E-08 1.7220E-08 1.6144E-08 1.4600E-08 1.2728E-08 1.0690E-08 8.6442E-09 6.7273E-09 5.0366E-09 3.6246E-09 2.5038E-09 1.6576E-09 1.0516E-09 6.2741E-10 3.0408E-10 1.1734E-10 2.8215E-11 4.5410E-12 0.0000E+00 0.0000E+00 0.0000E+00 0.0000E+00 0.0000E+00 0.0000E+00 0.0000E+00 0.0000E+00 0.0000E+00 0.0000E+00 0.0000E+00 0.0000E+00 0.0000E+00 0.0000E+00 0.0000E+00 0.0000E+00 0.0000E+00 0.0000E+00 0.0000E+00 0.0000E+00 0.0000E+00
5.4517E-11 1.1443E-10 3.4023E-10 5.6949E-10 8.8830E-10 1.3151E-09 1.9187E-09 2.7140E-09 3.7360E-09 5.0096E-09 6.5374E-09 8.2983E-09 1.0233E-08 1.2244E-08 1.4195E-08 1.5933E-08 1.7287E-08 1.8131E-08 1.8359E-08 1.7936E-08 1.6890E-08 1.5322E-08 1.3381E-08 1.1244E-08 9.0822E-09 7.0512E-09 5.2638E-09 3.7692E-09 2.5888E-09 1.7018E-09 1.0676E-09 6.1836E-10 2.9453E-10 1.1346E-10 2.8442E-11 5.5715E-12 0.0000E+00 0.0000E+00 0.0000E+00 0.0000E+00 0.0000E+00 0.0000E+00 0.0000E+00 0.0000E+00 0.0000E+00 0.0000E+00 0.0000E+00 0.0000E+00 0.0000E+00 0.0000E+00 0.0000E+00 0.0000E+00 0.0000E+00 0.0000E+00 0.0000E+00 0.0000E+00 0.0000E+00
1.5295E-11 7.3031E-11 2.3942E-10 4.3929E-10 7.2885E-10 1.0939E-09 1.6375E-09 2.3714E-09 3.3481E-09 4.5839E-09 6.1028E-09 7.8992E-09 9.8886E-09 1.2004E-08 1.4103E-08 1.6018E-08 1.7570E-08 1.8596E-08 1.8973E-08 1.8648E-08 1.7642E-08 1.6057E-08 1.4047E-08 1.1806E-08 9.5287E-09 7.3830E-09 5.4883E-09 3.9076E-09 2.6662E-09 1.7403E-09 1.0818E-09 6.1268E-10 2.9053E-10 1.1578E-10 2.8285E-11 6.6278E-12 0.0000E+00 0.0000E+00 0.0000E+00 0.0000E+00 0.0000E+00 0.0000E+00 0.0000E+00 0.0000E+00 0.0000E+00 0.0000E+00 0.0000E+00 0.0000E+00 0.0000E+00 0.0000E+00 0.0000E+00 0.0000E+00 0.0000E+00 0.0000E+00 0.0000E+00 0.0000E+00 0.0000E+00
2.4287E-12 2.5271E-11 7.6277E-11 3.1869E-10 5.7734E-10 8.9778E-10 1.3794E-09 2.0651E-09 2.9770E-09 4.1628E-09 5.6570E-09 7.4539E-09 9.5100E-09 1.1735E-08 1.3988E-08 1.6089E-08 1.7838E-08 1.9058E-08 1.9597E-08 1.9380E-08 1.8419E-08 1.6813E-08 1.4731E-08 1.2385E-08 9.9790E-09 7.7079E-09 5.7131E-09 4.0537E-09 2.7502E-09 1.7838E-09 1.0961E-09 6.0969E-10 2.8943E-10 1.1562E-10 2.6369E-11 7.6442E-12 0.0000E+00 0.0000E+00 0.0000E+00 0.0000E+00 0.0000E+00 0.0000E+00 0.0000E+00 0.0000E+00 0.0000E+00 0.0000E+00 0.0000E+00 0.0000E+00 0.0000E+00 0.0000E+00 0.0000E+00 0.0000E+00 0.0000E+00 0.0000E+00 0.0000E+00 0.0000E+00 0.0000E+00
0.0000E+00 5.6289E-12 4.0102E-11 2.1345E-10 4.3968E-10 7.2330E-10 1.1369E-09 1.7617E-09 2.6107E-09 3.7520E-09 5.2162E-09 7.0177E-09 9.1133E-09 1.1435E-08 1.3840E-08 1.6133E-08 1.8097E-08 1.9519E-08 2.0228E-08 2.0130E-08 1.9220E-08 1.7599E-08 1.5444E-08 1.2983E-08 1.0453E-08 8.0549E-09 5.9345E-09 4.1833E-09 2.8210E-09 1.8143E-09 1.1082E-09 6.0758E-10 2.9072E-10 1.1616E-10 2.5414E-11 8.5473E-12 0.0000E+00 0.0000E+00 0.0000E+00 0.0000E+00 0.0000E+00 0.0000E+00 0.0000E+00 0.0000E+00 0.0000E+00 0.0000E+00 0.0000E+00 0.0000E+00 0.0000E+00 0.0000E+00 0.0000E+00 0.0000E+00 0.0000E+00 0.0000E+00 0.0000E+00 0.0000E+00 0.0000E+00
0.0000E+00 2.4141E-13 9.8637E-12 4.3605E-11 3.1602E-10 5.6186E-10 9.1965E-10 1.4820E-09 2.2713E-09 3.3523E-09 4.7730E-09 6.5667E-09 8.7160E-09 1.1139E-08 1.3696E-08 1.6173E-08 1.8352E-08 1.9989E-08 2.0879E-08 2.0903E-08 2.0045E-08 1.8402E-08 1.6166E-08 1.3589E-08 1.0917E-08 8.3860E-09 6.1568E-09 4.3220E-09 2.8961E-09 1.8531E-09 1.1115E-09 6.0442E-10 2.8959E-10 1.1348E-10 2.7595E-11 9.9903E-12 0.0000E+00 0.0000E+00 0.0000E+00 0.0000E+00 0.0000E+00 0.0000E+00 0.0000E+00 0.0000E+00 0.0000E+00 0.0000E+00 0.0000E+00 0.0000E+00 0.0000E+00 0.0000E+00 0.0000E+00 0.0000E+00 0.0000E+00 0.0000E+00 0.0000E+00 0.0000E+00 0.0000E+00
0.0000E+00 0.0000E+00 8.1980E-13 1.5555E-11 2.0111E-10 4.1731E-10 7.2495E-10 1.2185E-09 1.9472E-09 2.9641E-09 4.3480E-09 6.1337E-09 8.3176E-09 1.0834E-08 1.3546E-08 1.6244E-08 1.8662E-08 2.0529E-08 2.1612E-08 2.1765E-08 2.0956E-08 1.9281E-08 1.6952E-08 1.4231E-08 1.1404E-08 8.7215E-09 6.3626E-09 4.4340E-09 2.9446E-09 1.8650E-09 1.1181E-09 6.0635E-10 2.9034E-10 1.1216E-10 2.5571E-11 9.1287E-12 0.0000E+00 0.0000E+00 0.0000E+00 0.0000E+00 0.0000E+00 0.0000E+00 0.0000E+00 0.0000E+00 0.0000E+00 0.0000E+00 0.0000E+00 0.0000E+00 0.0000E+00 0.0000E+00 0.0000E+00 0.0000E+00 0.0000E+00 0.0000E+00 0.0000E+00 0.0000E+00 0.0000E+00
0.0000E+00 0.0000E+00 0.0000E+00 1.9269E-12 1.7877E-11 2.8332E-10 5.4562E-10 9.8504E-10 1.6478E-09 2.6060E-09 3.9421E-09 5.7135E-09 7.9399E-09 1.0572E-08 1.3465E-08 1.6372E-08 1.9034E-08 2.1143E-08 2.2421E-08 2.2694E-08 2.1918E-08 2.0194E-08 1.7748E-08 1.4869E-08 1.1876E-08 9.0404E-09 6.5560E-09 4.5410E-09 2.9972E-09 1.8786E-09 1.1103E-09 5.8957E-10 2.7690E-10 1.0473E-10 2.5533E-11 7.9993E-12 0.0000E+00 0.0000E+00 0.0000E+00 0.0000E+00 0.0000E+00 0.0000E+00 0.0000E+00 0.0000E+00 0.0000E+00 0.0000E+00 0.0000E+00 0.0000E+00 0.0000E+00 0.0000E+00 0.0000E+00 0.0000E+00 0.0000E+00 0.0000E+00 0.0000E+00 0.0000E+00 0.0000E+00
0.0000E+00 0.0000E+00 0.0000E+00 0.0000E+00 3.6769E-12 1.7161E-10 3.8980E-10 7.7597E-10 1.3697E-09 2.2720E-09 3.5633E-09 5.3249E-09 7.6002E-09 1.0348E-08 1.3418E-08 1.6579E-08 1.9516E-08 2.1881E-08 2.3361E-08 2.3750E-08 2.2993E-08 2.1191E-08 1.8593E-08 1.5524E-08 1.2335E-08 9.3342E-09 6.7182E-09 4.6012E-09 3.0028E-09 1.8633E-09 1.0980E-09 5.8407E-10 2.7430E-10 9.6530E-11 2.2529E-11 6.6813E-12 0.0000E+00 0.0000E+00 0.0000E+00 0.0000E+00 0.0000E+00 0.0000E+00 0.0000E+00 0.0000E+00 0.0000E+00 0.0000E+00 0.0000E+00 0.0000E+00 0.0000E+00 0.0000E+00 0.0000E+00 0.0000E+00 0.0000E+00 0.0000E+00 0.0000E+00 0.0000E+00 0.0000E+00
