Assets/Resources/2015_m01_d02_0200(utc+0800)_l00_csi_1hr_conc.grd
DSAA
         159         159
     -79.000      79.000
     -79.000      79.000
  0.0000E+00  0.5463E-05
[rows 100 to 124 of 159, columns 57 to 113 of 159]
0.0000E+00 0.0000E+00 0.0000E+00 0.0000E+00 0.0000E+00 0.0000E+00 0.0000E+00 0.0000E+00 0.0000E+00 0.0000E+00 0.0000E+00 0.0000E+00 0.0000E+00 0.0000E+00 2.6680E-12 1.2474E-11 2.7603E-11 4.4636E-11 6.1493E-11 7.9332E-11 9.7998E-11 1.1686E-10 1.3751E-10 1.8001E-10 2.2993E-10 2.8837E-10 3.5822E-10 4.8535E-10 7.8392E-10 1.4363E-09 3.1756E-09 9.2144E-09 2.3133E-08 4.9351E-08 8.6533E-08 1.2965E-07 1.6971E-07 2.0077E-07 2.2077E-07 2.2798E-07 2.2484E-07 2.1224E-07 1.9347E-07 1.7091E-07 1.4752E-07 1.2540E-07 1.0599E-07 8.9893E-08 7.6970E-08 6.7038E-08 5.9637E-08 5.4074E-08 4.9993E-08 4.6954E-08 4.4641E-08 4.2840E-08 4.1347E-08
0.0000E+00 0.0000E+00 0.0000E+00 0.0000E+00 0.0000E+00 0.0000E+00 0.0000E+00 0.0000E+00 0.0000E+00 0.0000E+00 0.0000E+00 0.0000E+00 0.0000E+00 2.0635E-13 4.5218E-12 1.6019E-11 3.2334E-11 4.9038E-11 6.6433E-11 8.4629E-11 1.0352E-10 1.2290E-10 1.4463E-10 1.8988E-10 2.4304E-10 3.0529E-10 3.8139E-10 5.2952E-10 8.8073E-10 1.5969E-09 3.4447E-09 8.3922E-09 1.9594E-08 3.9308E-08 6.8342E-08 1.0252E-07 1.3680E-07 1.6579E-07 1.8676E-07 1.9880E-07 2.0163E-07 1.9644E-07 1.8450E-07 1.6843E-07 1.5023E-07 1.3170E-07 1.1453E-07 9.9605E-08 8.7142E-08 7.7227E-08 6.9466E-08 6.3462E-08 5.8881E-08 5.5297E-08 5.2482E-08 5.0182E-08 4.8200E-08
0.0000E+00 0.0000E+00 0.0000E+00 0.0000E+00 0.0000E+00 0.0000E+00 0.0000E+00 0.0000E+00 0.0000E+00 0.0000E+00 0.0000E+00 0.0000E+00 0.0000E+00 1.0024E-12 6.8409E-12 2.0098E-11 3.6952E-11 5.3550E-11 7.1013E-11 8.9779E-11 1.0887E-10 1.2876E-10 1.5152E-10 1.9947E-10 2.5582E-10 3.2183E-10 4.1110E-10 6.0708E-10 1.0065E-09 1.7907E-09 3.5095E-09 8.0038E-09 1.6892E-08 3.2546E-08 5.4691E-08 8.1800E-08 1.0974E-07 1.3567E-07 1.5639E-07 1.7084E-07 1.7800E-07 1.7825E-07 1.7255E-07 1.6216E-07 1.4889E-07 1.3432E-07 1.2024E-07 1.0716E-07 9.5880E-08 8.6597E-08 7.8982E-08 7.2883E-08 6.7995E-08 6.4035E-08 6.0790E-08 5.8022E-08 5.5591E-08
0.0000E+00 0.0000E+00 0.0000E+00 0.0000E+00 0.0000E+00 0.0000E+00 0.0000E+00 0.0000E+00 0.0000E+00 0.0000E+00 0.0000E+00 0.0000E+00 0.0000E+00 1.7775E-12 9.3853E-12 2.4141E-11 4.0862E-11 5.7729E-11 7.5423E-11 9.4514E-11 1.1374E-10 1.3437E-10 1.7666E-10 2.2666E-10 2.8556E-10 3.5468E-10 4.4690E-10 6.5482E-10 1.0819E-09 1.8970E-09 3.6607E-09 7.5638E-09 1.5188E-08 2.7495E-08 4.4929E-08 6.6097E-08 8.9207E-08 1.1141E-07 1.3112E-07 1.4630E-07 1.5637E-07 1.6046E-07 1.5936E-07 1.5383E-07 1.4515E-07 1.3465E-07 1.2359E-07 1.1301E-07 1.0344E-07 9.5097E-08 8.8022E-08 8.2079E-08 7.7135E-08 7.2930E-08 6.9358E-08 6.6210E-08 6.3353E-08
0.0000E+00 0.0000E+00 0.0000E+00 0.0000E+00 0.0000E+00 0.0000E+00 0.0000E+00 0.0000E+00 0.0000E+00 0.0000E+00 0.0000E+00 0.0000E+00 0.0000E+00 2.5212E-12 1.2161E-11 2.7365E-11 4.4362E-11 6.1276E-11 7.9439E-11 9.8634E-11 1.1824E-10 1.3968E-10 1.8405E-10 2.3652E-10 2.9834E-10 3.7092E-10 4.6609E-10 6.7446E-10 1.1235E-09 1.9962E-09 3.6867E-09 7.3416E-09 1.3857E-08 2.4009E-08 3.7811E-08 5.4994E-08 7.3819E-08 9.3150E-08 1.1113E-07 1.2634E-07 1.3760E-07 1.4443E-07 1.4674E-07 1.4503E-07 1.4020E-07 1.3331E-07 1.2558E-07 1.1744E-07 1.0979E-07 1.0267E-07 9.6374E-08 9.0879E-08 8.6003E-08 8.1739E-08 7.7966E-08 7.4517E-08 7.1305E-08
0.0000E+00 0.0000E+00 0.0000E+00 0.0000E+00 0.0000E+00 0.0000E+00 0.0000E+00 0.0000E+00 0.0000E+00 0.0000E+00 0.0000E+00 0.0000E+00 0.0000E+00 3.6145E-12 1.4375E-11 3.0727E-11 4.7346E-11 6.4611E-11 8.3125E-11 1.0244E-10 1.2244E-10 1.4464E-10 1.9096E-10 2.4575E-10 3.1034E-10 3.9437E-10 5.1692E-10 6.9624E-10 1.1633E-09 2.0479E-09 3.7928E-09 7.1674E-09 1.2812E-08 2.1306E-08 3.2744E-08 4.6773E-08 6.2798E-08 7.9481E-08 9.5841E-08 1.1030E-07 1.2221E-07 1.3045E-07 1.3519E-07 1.3641E-07 1.3496E-07 1.3131E-07 1.2632E-07 1.2073E-07 1.1488E-07 1.0921E-07 1.0388E-07 9.8928E-08 9.4370E-08 9.0231E-08 8.6388E-08 8.2745E-08 7.9271E-08
0.0000E+00 0.0000E+00 0.0000E+00 0.0000E+00 0.0000E+00 0.0000E+00 0.0000E+00 0.0000E+00 0.0000E+00 0.0000E+00 0.0000E+00 0.0000E+00 2.4071E-13 4.7826E-12 1.6836E-11 3.3556E-11 5.0080E-11 6.7673E-11 8.6477E-11 1.0594E-10 1.2629E-10 1.4920E-10 1.9731E-10 2.5426E-10 3.2142E-10 4.0889E-10 5.6028E-10 7.2758E-10 1.1177E-09 2.0874E-09 3.8730E-09 6.9360E-09 1.1958E-08 1.9153E-08 2.8839E-08 4.0736E-08 5.4486E-08 6.9143E-08 8.3898E-08 9.7618E-08 1.0938E-07 1.1858E-07 1.2490E-07 1.2849E-07 1.2948E-07 1.2859E-07 1.2617E-07 1.2278E-07 1.1882E-07 1.1457E-07 1.1033E-07 1.0611E-07 1.0207E-07 9.8186E-08 9.4397E-08 9.0697E-08 8.7015E-08
0.0000E+00 0.0000E+00 0.0000E+00 0.0000E+00 0.0000E+00 0.0000E+00 0.0000E+00 0.0000E+00 0.0000E+00 0.0000E+00 0.0000E+00 0.0000E+00 6.8130E-13 6.0264E-12 1.9163E-11 3.6209E-11 5.2695E-11 7.0444E-11 8.9505E-11 1.0909E-10 1.2976E-10 1.5330E-10 2.2047E-10 2.7894E-10 3.4801E-10 4.3822E-10 5.7982E-10 7.5533E-10 1.0956E-09 2.0506E-09 3.8583E-09 6.7758E-09 1.1081E-08 1.7399E-08 2.5704E-08 3.6072E-08 4.7976E-08 6.1013E-08 7.4301E-08 8.7123E-08 9.8631E-08 1.0827E-07 1.1575E-07 1.2098E-07 1.2411E-07 1.2536E-07 1.2514E-07 1.2375E-07 1.2152E-07 1.1879E-07 1.1564E-07 1.1234E-07 1.0891E-07 1.0541E-07 1.0180E-07 9.8141E-08 9.4346E-08
0.0000E+00 0.0000E+00 0.0000E+00 0.0000E+00 0.0000E+00 0.0000E+00 0.0000E+00 0.0000E+00 0.0000E+00 0.0000E+00 0.0000E+00 0.0000E+00 1.0677E-12 7.3307E-12 2.1342E-11 3.8250E-11 5.5027E-11 7.2889E-11 9.2068E-11 1.1185E-10 1.3281E-10 1.7539E-10 2.2612E-10 2.8632E-10 3.5745E-10 4.5046E-10 5.9997E-10 7.8779E-10 1.1482E-09 2.0256E-09 3.7402E-09 6.4484E-09 1.0365E-08 1.5780E-08 2.3072E-08 3.2074E-08 4.2685E-08 5.4243E-08 6.6366E-08 7.8287E-08 8.9397E-08 9.9261E-08 1.0751E-07 1.1395E-07 1.1864E-07 1.2171E-07 1.2330E-07 1.2370E-07 1.2312E-07 1.2178E-07 1.1985E-07 1.1749E-07 1.1475E-07 1.1172E-07 1.0842E-07 1.0487E-07 1.0106E-07
0.0000E+00 0.0000E+00 0.0000E+00 0.0000E+00 0.0000E+00 0.0000E+00 0.0000E+00 0.0000E+00 0.0000E+00 0.0000E+00 0.0000E+00 0.0000E+00 1.3932E-12 8.4414E-12 2.3208E-11 3.9910E-11 5.6830E-11 7.4934E-11 9.4207E-11 1.1412E-10 1.3540E-10 1.7898E-10 2.3092E-10 2.9260E-10 3.6551E-10 4.6109E-10 6.1682E-10 8.1718E-10 1.2111E-09 2.0530E-09 3.5946E-09 6.0442E-09 9.5800E-09 1.4435E-08 2.0739E-08 2.8746E-08 3.8063E-08 4.8491E-08 5.9504E-08 7.0616E-08 8.1317E-08 9.1208E-08 9.9901E-08 1.0728E-07 1.1319E-07 1.1763E-07 1.2079E-07 1.2274E-07 1.2367E-07 1.2366E-07 1.2292E-07 1.2148E-07 1.1947E-07 1.1697E-07 1.1406E-07 1.1069E-07 1.0694E-07
0.0000E+00 0.0000E+00 0.0000E+00 0.0000E+00 0.0000E+00 0.0000E+00 0.0000E+00 0.0000E+00 0.0000E+00 0.0000E+00 0.0000E+00 0.0000E+00 1.6522E-12 9.3425E-12 2.4524E-11 4.1276E-11 5.8161E-11 7.6501E-11 9.5873E-11 1.1595E-10 1.3751E-10 1.8188E-10 2.3482E-10 2.9770E-10 3.7207E-10 4.6979E-10 6.3893E-10 8.6146E-10 1.2587E-09 2.0640E-09 3.4055E-09 5.5976E-09 8.8056E-09 1.3173E-08 1.8775E-08 2.5730E-08 3.4079E-08 4.3426E-08 5.3480E-08 6.3857E-08 7.4094E-08 8.3851E-08 9.2853E-08 1.0081E-07 1.0760E-07 1.1324E-07 1.1769E-07 1.2098E-07 1.2320E-07 1.2441E-07 1.2473E-07 1.2420E-07 1.2296E-07 1.2107E-07 1.1852E-07 1.1544E-07 1.1180E-07
0.0000E+00 0.0000E+00 0.0000E+00 0.0000E+00 0.0000E+00 0.0000E+00 0.0000E+00 0.0000E+00 0.0000E+00 0.0000E+00 0.0000E+00 0.0000E+00 1.8397E-12 1.0012E-11 2.5475E-11 4.2332E-11 5.9169E-11 7.7696E-11 9.7133E-11 1.1729E-10 1.3910E-10 1.8407E-10 2.3775E-10 3.0155E-10 3.8507E-10 4.8431E-10 6.7106E-10 8.7878E-10 1.2404E-09 2.0165E-09 3.2891E-09 5.1789E-09 8.0318E-09 1.1983E-08 1.7008E-08 2.3182E-08 3.0537E-08 3.8987E-08 4.8175E-08 5.7791E-08 6.7567E-08 7.7134E-08 8.6201E-08 9.4540E-08 1.0207E-07 1.0859E-07 1.1403E-07 1.1844E-07 1.2172E-07 1.2401E-07 1.2530E-07 1.2565E-07 1.2514E-07 1.2381E-07 1.2171E-07 1.1894E-07 1.1548E-07
0.0000E+00 0.0000E+00 0.0000E+00 0.0000E+00 0.0000E+00 0.0000E+00 0.0000E+00 0.0000E+00 0.0000E+00 0.0000E+00 0.0000E+00 0.0000E+00 1.9519E-12 1.0432E-11 2.6119E-11 4.2940E-11 5.9843E-11 7.8508E-11 9.7936E-11 1.1819E-10 1.4017E-10 1.8551E-10 2.3968E-10 3.0410E-10 3.8851E-10 4.8891E-10 6.7806E-10 8.9675E-10 1.2135E-09 1.9428E-09 3.1321E-09 4.8644E-09 7.3390E-09 1.0862E-08 1.5377E-08 2.0900E-08 2.7482E-08 3.5053E-08 4.3460E-08 5.2414E-08 6.1648E-08 7.0901E-08 7.9917E-08 8.8497E-08 9.6436E-08 1.0357E-07 1.0981E-07 1.1504E-07 1.1930E-07 1.2244E-07 1.2463E-07 1.2574E-07 1.2591E-07 1.2516E-07 1.2354E-07 1.2106E-07 1.1785E-07
0.0000E+00 0.0000E+00 0.0000E+00 0.0000E+00 0.0000E+00 0.0000E+00 0.0000E+00 0.0000E+00 0.0000E+00 0.0000E+00 0.0000E+00 0.0000E+00 1.9859E-12 1.0610E-11 2.6437E-11 4.3241E-11 6.0151E-11 7.8913E-11 9.8327E-11 1.1863E-10 1.4069E-10 1.8619E-10 2.4059E-10 3.0531E-10 3.9021E-10 4.9123E-10 6.8848E-10 9.0047E-10 1.2223E-09 1.8112E-09 2.9634E-09 4.5649E-09 6.8010E-09 9.8596E-09 1.3900E-08 1.8845E-08 2.4743E-08 3.1582E-08 3.9229E-08 4.7522E-08 5.6221E-08 6.5131E-08 7.3995E-08 8.2591E-08 9.0763E-08 9.8302E-08 1.0508E-07 1.1093E-07 1.1585E-07 1.1976E-07 1.2266E-07 1.2448E-07 1.2528E-07 1.2504E-07 1.2385E-07 1.2174E-07 1.1884E-07
0.0000E+00 0.0000E+00 0.0000E+00 0.0000E+00 0.0000E+00 0.0000E+00 0.0000E+00 0.0000E+00 0.0000E+00 0.0000E+00 0.0000E+00 0.0000E+00 1.9402E-12 1.0531E-11 2.6424E-11 4.3266E-11 6.0119E-11 7.8920E-11 9.8302E-11 1.1862E-10 1.4067E-10 1.8610E-10 2.4046E-10 3.0518E-10 3.9014E-10 4.9126E-10 6.8739E-10 8.9697E-10 1.2216E-09 1.7565E-09 2.7240E-09 4.2522E-09 6.3044E-09 9.0494E-09 1.2557E-08 1.6991E-08 2.2307E-08 2.8471E-08 3.5440E-08 4.3078E-08 5.1207E-08 5.9652E-08 6.8242E-08 7.6752E-08 8.4964E-08 9.2711E-08 9.9761E-08 1.0608E-07 1.1149E-07 1.1601E-07 1.1945E-07 1.2188E-07 1.2321E-07 1.2346E-07 1.2270E-07 1.2098E-07 1.1836E-07
0.0000E+00 0.0000E+00 0.0000E+00 0.0000E+00 0.0000E+00 0.0000E+00 0.0000E+00 0.0000E+00 0.0000E+00 0.0000E+00 0.0000E+00 0.0000E+00 1.8144E-12 1.0194E-11 2.6078E-11 4.3012E-11 5.9757E-11 7.8543E-11 9.7861E-11 1.1814E-10 1.4011E-10 1.8524E-10 2.3929E-10 3.0369E-10 3.8830E-10 4.8897E-10 6.8222E-10 8.8654E-10 1.2059E-09 1.6881E-09 2.5989E-09 3.8882E-09 5.7968E-09 8.2829E-09 1.1440E-08 1.5332E-08 2.0080E-08 2.5657E-08 3.1986E-08 3.9003E-08 4.6560E-08 5.4511E-08 6.2701E-08 7.0948E-08 7.9016E-08 8.6749E-08 9.3976E-08 1.0053E-07 1.0628E-07 1.1118E-07 1.1509E-07 1.1798E-07 1.1979E-07 1.2046E-07 1.2010E-07 1.1875E-07 1.1649E-07
0.0000E+00 0.0000E+00 0.0000E+00 0.0000E+00 0.0000E+00 0.0000E+00 0.0000E+00 0.0000E+00 0.0000E+00 0.0000E+00 0.0000E+00 0.0000E+00 1.6090E-12 9.6079E-12 2.5397E-11 4.2482E-11 5.9052E-11 7.7750E-11 9.7007E-11 1.1718E-10 1.3900E-10 1.8362E-10 2.3711E-10 3.0088E-10 3.8473E-10 4.8442E-10 6.5213E-10 8.6967E-10 1.1776E-09 1.6166E-09 2.4551E-09 3.6450E-09 5.2735E-09 7.5426E-09 1.0373E-08 1.3868E-08 1.8074E-08 2.3072E-08 2.8794E-08 3.5178E-08 4.2157E-08 4.9575E-08 5.7316E-08 6.5167E-08 7.3012E-08 8.0585E-08 8.7781E-08 9.4367E-08 1.0032E-07 1.0546E-07 1.0970E-07 1.1293E-07 1.1508E-07 1.1612E-07 1.1615E-07 1.1516E-07 1.1328E-07
0.0000E+00 0.0000E+00 0.0000E+00 0.0000E+00 0.0000E+00 0.0000E+00 0.0000E+00 0.0000E+00 0.0000E+00 0.0000E+00 0.0000E+00 0.0000E+00 1.3262E-12 8.7586E-12 2.4392E-11 4.1537E-11 5.7988E-11 7.6524E-11 9.5700E-11 1.1574E-10 1.3736E-10 1.8127E-10 2.3394E-10 2.9678E-10 3.7946E-10 4.7765E-10 6.3522E-10 8.4528E-10 1.1324E-09 1.5605E-09 2.2935E-09 3.3956E-09 4.8670E-09 6.8144E-09 9.3858E-09 1.2491E-08 1.6244E-08 2.0678E-08 2.5813E-08 3.1601E-08 3.7976E-08 4.4827E-08 5.2031E-08 5.9447E-08 6.6902E-08 7.4209E-08 8.1202E-08 8.7772E-08 9.3730E-08 9.8967E-08 1.0337E-07 1.0686E-07 1.0927E-07 1.1066E-07 1.1099E-07 1.1037E-07 1.0883E-07
0.0000E+00 0.0000E+00 0.0000E+00 0.0000E+00 0.0000E+00 0.0000E+00 0.0000E+00 0.0000E+00 0.0000E+00 0.0000E+00 0.0000E+00 0.0000E+00 9.6902E-13 7.6690E-12 2.3032E-11 4.0208E-11 5.6593E-11 7.4881E-11 9.3981E-11 1.1385E-10 1.3522E-10 1.7821E-10 2.2982E-10 2.9145E-10 3.6465E-10 4.6899E-10 6.2201E-10 7.9942E-10 1.0816E-09 1.4881E-09 2.1325E-09 3.1347E-09 4.4699E-09 6.1976E-09 8.4437E-09 1.1211E-08 1.4542E-08 1.8492E-08 2.3068E-08 2.8255E-08 3.4011E-08 4.0280E-08 4.6908E-08 5.3803E-08 6.0779E-08 6.7725E-08 7.4439E-08 8.0799E-08 8.6636E-08 9.1869E-08 9.6334E-08 9.9938E-08 1.0254E-07 1.0418E-07 1.0480E-07 1.0452E-07 1.0335E-07
0.0000E+00 0.0000E+00 0.0000E+00 0.0000E+00 0.0000E+00 0.0000E+00 0.0000E+00 0.0000E+00 0.0000E+00 0.0000E+00 0.0000E+00 0.0000E+00 5.4176E-13 6.3492E-12 2.1049E-11 3.8563E-11 5.4885E-11 7.2862E-11 9.1875E-11 1.1153E-10 1.3259E-10 1.5664E-10 2.2481E-10 2.8495E-10 3.5643E-10 4.5065E-10 6.0585E-10 7.6679E-10 1.0027E-09 1.4017E-09 1.9654E-09 2.8675E-09 4.0673E-09 5.6186E-09 7.6018E-09 1.0011E-08 1.2954E-08 1.6451E-08 2.0507E-08 2.5144E-08 3.0310E-08 3.5952E-08 4.1988E-08 4.8296E-08 5.4764E-08 6.1240E-08 6.7576E-08 7.3624E-08 7.9278E-08 8.4368E-08 8.8784E-08 9.2404E-08 9.5139E-08 9.6947E-08 9.7846E-08 9.7845E-08 9.7008E-08
0.0000E+00 0.0000E+00 0.0000E+00 0.0000E+00 0.0000E+00 0.0000E+00 0.0000E+00 0.0000E+00 0.0000E+00 0.0000E+00 0.0000E+00 0.0000E+00 4.9748E-14 5.0727E-12 1.8789E-11 3.6613E-11 5.2887E-11 7.0454E-11 8.9340E-11 1.0879E-10 1.2951E-10 1.5301E-10 2.0174E-10 2.7738E-10 3.4685E-10 4.3845E-10 5.8850E-10 7.4130E-10 9.4899E-10 1.2844E-09 1.8008E-09 2.5964E-09 3.6655E-09 5.0374E-09 6.7845E-09 8.9114E-09 1.1457E-08 1.4519E-08 1.8104E-08 2.2191E-08 2.6791E-08 3.1827E-08 3.7263E-08 4.2986E-08 4.8900E-08 5.4861E-08 6.0758E-08 6.6437E-08 7.1784E-08 7.6646E-08 8.0936E-08 8.4494E-08 8.7283E-08 8.9208E-08 9.0304E-08 9.0573E-08 9.0021E-08
0.0000E+00 0.0000E+00 0.0000E+00 0.0000E+00 0.0000E+00 0.0000E+00 0.0000E+00 0.0000E+00 0.0000E+00 0.0000E+00 0.0000E+00 0.0000E+00 0.0000E+00 3.8452E-12 1.6276E-11 3.4195E-11 5.0318E-11 6.7625E-11 8.6424E-11 1.0559E-10 1.2601E-10 1.4887E-10 1.9588E-10 2.5221E-10 3.3603E-10 4.2464E-10 5.3886E-10 7.1491E-10 8.9996E-10 1.1799E-09 1.6312E-09 2.3359E-09 3.2988E-09 4.4962E-09 6.0430E-09 7.9213E-09 1.0138E-08 1.2798E-08 1.5912E-08 1.9500E-08 2.3546E-08 2.8010E-08 3.2840E-08 3.7973E-08 4.3299E-08 4.8726E-08 5.4125E-08 5.9377E-08 6.4353E-08 6.8937E-08 7.2993E-08 7.6440E-08 7.9189E-08 8.1205E-08 8.2436E-08 8.2920E-08 8.2649E-08
0.0000E+00 0.0000E+00 0.0000E+00 0.0000E+00 0.0000E+00 0.0000E+00 0.0000E+00 0.0000E+00 0.0000E+00 0.0000E+00 0.0000E+00 0.0000E+00 0.0000E+00 2.5015E-12 1.3725E-11 3.1251E-11 4.7647E-11 6.4530E-11 8.3321E-11 1.0204E-10 1.2213E-10 1.4429E-10 1.8940E-10 2.4353E-10 3.0806E-10 4.0942E-10 5.1902E-10 6.6512E-10 8.6078E-10 1.0836E-09 1.4749E-09 2.0843E-09 2.9228E-09 3.9919E-09 5.3348E-09 6.9900E-09 8.9059E-09 1.1208E-08 1.3905E-08 1.7017E-08 2.0534E-08 2.4452E-08 2.8701E-08 3.3250E-08 3.8004E-08 4.2878E-08 4.7758E-08 5.2550E-08 5.7122E-08 6.1361E-08 6.5167E-08 6.8446E-08 7.1126E-08 7.3143E-08 7.4475E-08 7.5128E-08 7.5109E-08
0.0000E+00 0.0000E+00 0.0000E+00 0.0000E+00 0.0000E+00 0.0000E+00 0.0000E+00 0.0000E+00 0.0000E+00 0.0000E+00 0.0000E+00 0.0000E+00 0.0000E+00 1.6368E-12 1.0885E-11 2.7478E-11 4.4655E-11 6.1065E-11 7.9622E-11 9.8177E-11 1.1791E-10 1.3930E-10 1.8240E-10 2.3416E-10 2.9592E-10 3.7750E-10 4.8992E-10 6.3626E-10 8.0222E-10 1.0143E-09 1.3147E-09 1.8444E-09 2.5857E-09 3.5199E-09 4.6739E-09 6.1205E-09 7.7768E-09 9.7486E-09 1.2074E-08 1.4756E-08 1.7789E-08 2.1181E-08 2.4894E-08 2.8881E-08 3.3078E-08 3.7409E-08 4.1779E-08 4.6084E-08 5.0228E-08 5.4103E-08 5.7620E-08 6.0691E-08 6.3256E-08 6.5241E-08 6.6641E-08 6.7417E-08 6.7601E-08
0.0000E+00 0.0000E+00 0.0000E+00 0.0000E+00 0.0000E+00 0.0000E+00 0.0000E+00 0.0000E+00 0.0000E+00 0.0000E+00 0.0000E+00 0.0000E+00 0.0000E+00 7.6668E-13 7.5674E-12 2.3718E-11 4.1396E-11 5.7459E-11 7.5594E-11 9.4014E-11 1.1323E-10 1.3397E-10 1.5765E-10 2.0658E-10 2.8303E-10 3.5285E-10 4.5310E-10 5.9836E-10 7.5948E-10 9.4447E-10 1.1894E-09 1.5957E-09 2.2575E-09 3.0900E-09 4.0937E-09 5.3281E-09 6.7637E-09 8.4454E-09 1.0432E-08 1.2727E-08 1.5337E-08 1.8257E-08 2.1461E-08 2.4923E-08 2.8590E-08 3.2388E-08 3.6244E-08 4.0075E-08 4.3788E-08 4.7292E-08 5.0503E-08 5.3343E-08 5.5751E-08 5.7683E-08 5.9086E-08 5.9963E-08 6.0305E-08
