Assets/Resources/2015_m01_d29_1600(utc+0800)_l00_csi_1hr_conc.grd
DSAA
         159         159
     -79.000      79.000
     -79.000      79.000
  0.0000E+00  0.1931E-04
[rows 50 to 74 of 159, columns 0 to 56 of 159]
0.0000E+00 0.0000E+00 0.0000E+00 0.0000E+00 0.0000E+00 0.0000E+00 0.0000E+00 0.0000E+00 0.0000E+00 0.0000E+00 0.0000E+00 1.5131E-13 4.6906E-13 9.6444E-13 1.6639E-12 2.4199E-12 2.9441E-12 3.8268E-12 4.7774E-12 5.4991E-12 6.6035E-12 7.4900E-12 8.7689E-12 9.8305E-12 1.1431E-11 1.2839E-11 1.4578E-11 1.6469E-11 1.8287E-11 2.0469E-11 2.2831E-11 2.5146E-11 2.7641E-11 3.0791E-11 3.3706E-11 3.6839E-11 4.0433E-11 4.4051E-11 4.7924E-11 5.2068E-11 5.6497E-11 6.1226E-11 6.6273E-11 7.1653E-11 7.7383E-11 8.3481E-11 8.9962E-11 9.6845E-11 1.0389E-10 1.1137E-10 1.1954E-10 1.2792E-10 1.3679E-10 1.4640E-10 1.5664E-10 1.6758E-10 1.7986E-10
0.0000E+00 0.0000E+00 0.0000E+00 0.0000E+00 0.0000E+00 0.0000E+00 0.0000E+00 0.0000E+00 0.0000E+00 0.0000E+00 0.0000E+00 0.0000E+00 3.0984E-13 9.3946E-13 1.4807E-12 2.0722E-12 2.8719E-12 3.7350E-12 4.3654E-12 5.3712E-12 6.1535E-12 7.3213E-12 8.5754E-12 9.6158E-12 1.1187E-11 1.2569E-11 1.4065E-11 1.6136E-11 1.7921E-11 1.9850E-11 2.2390E-11 2.4667E-11 2.7120E-11 3.0223E-11 3.3092E-11 3.6175E-11 3.9716E-11 4.3279E-11 4.7093E-11 5.1175E-11 5.5539E-11 6.0200E-11 6.5174E-11 7.0478E-11 7.6128E-11 8.2142E-11 8.8534E-11 9.5324E-11 1.0227E-10 1.0965E-10 1.1772E-10 1.2598E-10 1.3473E-10 1.4422E-10 1.5434E-10 1.6515E-10 1.7766E-10
0.0000E+00 0.0000E+00 0.0000E+00 0.0000E+00 0.0000E+00 0.0000E+00 0.0000E+00 0.0000E+00 0.0000E+00 0.0000E+00 0.0000E+00 0.0000E+00 1.5592E-13 6.3127E-13 1.2971E-12 2.0186E-12 2.6531E-12 3.3453E-12 4.2580E-12 5.0962E-12 6.0067E-12 7.1501E-12 8.0723E-12 9.3977E-12 1.0577E-11 1.2294E-11 1.3761E-11 1.5576E-11 1.7548E-11 1.9441E-11 2.1715E-11 2.4175E-11 2.6586E-11 2.9413E-11 3.2461E-11 3.5493E-11 3.8978E-11 4.2255E-11 4.6237E-11 5.0255E-11 5.4550E-11 5.9140E-11 6.4038E-11 6.9262E-11 7.4828E-11 8.0754E-11 8.7054E-11 9.3747E-11 1.0059E-10 1.0811E-10 1.1582E-10 1.2397E-10 1.3259E-10 1.4196E-10 1.5194E-10 1.6261E-10 1.7499E-10
0.0000E+00 0.0000E+00 0.0000E+00 0.0000E+00 0.0000E+00 0.0000E+00 0.0000E+00 0.0000E+00 0.0000E+00 0.0000E+00 0.0000E+00 0.0000E+00 1.5147E-13 4.7013E-13 1.1182E-12 1.6706E-12 2.4333E-12 3.2584E-12 3.8551E-12 4.8193E-12 5.8584E-12 6.6709E-12 7.8786E-12 9.1764E-12 1.0331E-11 1.1794E-11 1.3452E-11 1.5233E-11 1.6941E-11 1.9024E-11 2.1257E-11 2.3443E-11 2.6039E-11 2.8818E-11 3.1580E-11 3.4793E-11 3.8221E-11 4.1440E-11 4.5357E-11 4.9308E-11 5.3533E-11 5.8048E-11 6.2868E-11 6.8009E-11 7.3487E-11 7.9321E-11 8.5524E-11 9.2116E-11 9.8852E-11 1.0627E-10 1.1385E-10 1.2188E-10 1.3037E-10 1.3960E-10 1.4945E-10 1.6033E-10 1.7221E-10
0.0000E+00 0.0000E+00 0.0000E+00 0.0000E+00 0.0000E+00 0.0000E+00 0.0000E+00 0.0000E+00 0.0000E+00 0.0000E+00 0.0000E+00 0.0000E+00 0.0000E+00 3.0927E-13 9.3932E-13 1.4823E-12 2.0761E-12 2.8816E-12 3.7528E-12 4.6938E-12 5.4050E-12 6.5020E-12 7.6828E-12 8.6526E-12 1.0082E-11 1.1305E-11 1.3139E-11 1.4677E-11 1.6557E-11 1.8600E-11 2.0578E-11 2.2934E-11 2.5482E-11 2.7993E-11 3.0921E-11 3.4077E-11 3.7225E-11 4.0604E-11 4.4455E-11 4.8108E-11 5.2489E-11 5.6927E-11 6.1665E-11 6.6720E-11 7.2108E-11 7.7846E-11 8.3949E-11 9.0435E-11 9.7060E-11 1.0436E-10 1.1182E-10 1.1972E-10 1.2808E-10 1.3717E-10 1.4687E-10 1.5760E-10 1.6934E-10
0.0000E+00 0.0000E+00 0.0000E+00 0.0000E+00 0.0000E+00 0.0000E+00 0.0000E+00 0.0000E+00 0.0000E+00 0.0000E+00 0.0000E+00 0.0000E+00 0.0000E+00 1.5511E-13 6.2893E-13 1.2942E-12 2.0171E-12 2.8012E-12 3.5031E-12 4.2680E-12 5.2610E-12 6.3319E-12 7.1873E-12 8.4324E-12 9.6112E-12 1.1026E-11 1.2605E-11 1.4327E-11 1.5955E-11 1.8169E-11 2.0107E-11 2.2197E-11 2.4915E-11 2.7377E-11 3.0026E-11 3.3346E-11 3.6436E-11 3.9751E-11 4.3533E-11 4.7116E-11 5.1421E-11 5.5546E-11 6.0433E-11 6.5399E-11 7.0693E-11 7.6332E-11 8.2331E-11 8.8708E-11 9.5218E-11 1.0239E-10 1.0973E-10 1.1750E-10 1.2572E-10 1.3467E-10 1.4422E-10 1.5479E-10 1.6673E-10
0.0000E+00 0.0000E+00 0.0000E+00 0.0000E+00 0.0000E+00 0.0000E+00 0.0000E+00 0.0000E+00 0.0000E+00 0.0000E+00 0.0000E+00 0.0000E+00 0.0000E+00 1.5029E-13 4.6708E-13 1.1123E-12 1.6629E-12 2.4258E-12 3.2530E-12 4.1485E-12 4.8195E-12 5.8662E-12 6.9949E-12 8.2105E-12 9.2119E-12 1.0744E-11 1.2084E-11 1.3749E-11 1.5565E-11 1.7513E-11 1.9629E-11 2.1675E-11 2.4114E-11 2.6750E-11 2.9345E-11 3.2604E-11 3.5395E-11 3.8882E-11 4.2593E-11 4.6105E-11 5.0330E-11 5.4376E-11 5.9174E-11 6.4048E-11 6.9246E-11 7.4783E-11 8.0675E-11 8.6938E-11 9.3330E-11 1.0013E-10 1.0759E-10 1.1522E-10 1.2330E-10 1.3209E-10 1.4148E-10 1.5189E-10 1.6366E-10
0.0000E+00 0.0000E+00 0.0000E+00 0.0000E+00 0.0000E+00 0.0000E+00 0.0000E+00 0.0000E+00 0.0000E+00 0.0000E+00 0.0000E+00 0.0000E+00 0.0000E+00 0.0000E+00 3.0601E-13 7.9052E-13 1.4711E-12 2.2117E-12 2.8662E-12 3.7381E-12 4.6818E-12 5.7014E-12 6.4947E-12 7.6836E-12 8.9638E-12 1.0098E-11 1.1768E-11 1.3185E-11 1.5170E-11 1.6867E-11 1.8919E-11 2.1146E-11 2.3533E-11 2.6115E-11 2.8655E-11 3.1622E-11 3.4581E-11 3.7999E-11 4.1176E-11 4.5076E-11 4.9220E-11 5.3183E-11 5.7891E-11 6.2437E-11 6.7769E-11 7.3202E-11 7.8983E-11 8.5130E-11 9.1401E-11 9.8073E-11 1.0540E-10 1.1288E-10 1.2081E-10 1.2945E-10 1.3868E-10 1.4892E-10 1.6052E-10
0.0000E+00 0.0000E+00 0.0000E+00 0.0000E+00 0.0000E+00 0.0000E+00 0.0000E+00 0.0000E+00 0.0000E+00 0.0000E+00 0.0000E+00 0.0000E+00 0.0000E+00 0.0000E+00 1.5296E-13 6.2116E-13 1.2801E-12 1.9982E-12 2.7790E-12 3.6263E-12 4.3965E-12 5.2347E-12 6.3083E-12 7.4667E-12 8.4131E-12 9.8205E-12 1.1230E-11 1.2833E-11 1.4555E-11 1.6430E-11 1.8220E-11 2.0613E-11 2.2735E-11 2.5244E-11 2.7957E-11 3.0642E-11 3.3756E-11 3.7103E-11 4.0211E-11 4.4032E-11 4.7868E-11 5.1972E-11 5.6586E-11 6.1038E-11 6.6267E-11 7.1355E-11 7.7259E-11 8.3048E-11 8.9433E-11 9.5975E-11 1.0316E-10 1.1050E-10 1.1828E-10 1.2676E-10 1.3582E-10 1.4588E-10 1.5730E-10
0.0000E+00 0.0000E+00 0.0000E+00 0.0000E+00 0.0000E+00 0.0000E+00 0.0000E+00 0.0000E+00 0.0000E+00 0.0000E+00 0.0000E+00 0.0000E+00 0.0000E+00 0.0000E+00 0.0000E+00 3.1078E-13 9.4660E-13 1.6409E-12 2.3973E-12 3.2196E-12 4.1116E-12 4.9318E-12 5.8234E-12 6.9525E-12 8.1705E-12 9.5420E-12 1.0709E-11 1.2479E-11 1.3954E-11 1.5765E-11 1.7737E-11 1.9853E-11 2.2147E-11 2.4380E-11 2.7252E-11 2.9876E-11 3.2697E-11 3.5966E-11 3.9234E-11 4.2975E-11 4.6487E-11 5.0744E-11 5.5263E-11 5.9619E-11 6.4741E-11 6.9721E-11 7.5508E-11 8.1176E-11 8.7432E-11 9.3839E-11 1.0088E-10 1.0807E-10 1.1570E-10 1.2401E-10 1.3290E-10 1.4278E-10 1.5401E-10
0.0000E+00 0.0000E+00 0.0000E+00 0.0000E+00 0.0000E+00 0.0000E+00 0.0000E+00 0.0000E+00 0.0000E+00 0.0000E+00 0.0000E+00 0.0000E+00 0.0000E+00 0.0000E+00 0.0000E+00 1.5499E-13 6.2996E-13 1.2995E-12 2.0304E-12 2.8264E-12 3.6913E-12 4.6294E-12 5.6450E-12 6.7429E-12 7.7771E-12 8.8980E-12 1.0399E-11 1.1704E-11 1.3561E-11 1.5115E-11 1.7251E-11 1.9105E-11 2.1327E-11 2.3735E-11 2.6315E-11 2.9104E-11 3.1859E-11 3.5054E-11 3.8248E-11 4.1906E-11 4.5337E-11 4.9502E-11 5.3454E-11 5.8181E-11 6.3195E-11 6.8065E-11 7.3732E-11 7.9276E-11 8.5401E-11 9.1671E-11 9.8567E-11 1.0561E-10 1.1307E-10 1.2096E-10 1.2993E-10 1.3963E-10 1.5066E-10
0.0000E+00 0.0000E+00 0.0000E+00 0.0000E+00 0.0000E+00 0.0000E+00 0.0000E+00 0.0000E+00 0.0000E+00 0.0000E+00 0.0000E+00 0.0000E+00 0.0000E+00 0.0000E+00 0.0000E+00 0.0000E+00 4.6563E-13 1.1112E-12 1.8170E-12 2.5868E-12 3.4244E-12 4.3339E-12 5.1636E-12 6.2307E-12 7.3838E-12 8.6283E-12 9.7267E-12 1.1359E-11 1.2734E-11 1.4681E-11 1.6544E-11 1.8571E-11 2.0519E-11 2.3086E-11 2.5390E-11 2.8094E-11 3.1015E-11 3.4136E-11 3.7254E-11 4.0596E-11 4.4177E-11 4.8248E-11 5.2107E-11 5.6729E-11 6.1404E-11 6.6391E-11 7.1935E-11 7.7354E-11 8.3345E-11 8.9476E-11 9.6223E-11 1.0311E-10 1.1041E-10 1.1813E-10 1.2691E-10 1.3607E-10 1.4725E-10
0.0000E+00 0.0000E+00 0.0000E+00 0.0000E+00 0.0000E+00 0.0000E+00 0.0000E+00 0.0000E+00 0.0000E+00 0.0000E+00 0.0000E+00 0.0000E+00 0.0000E+00 0.0000E+00 0.0000E+00 0.0000E+00 1.5635E-13 7.8468E-13 1.4637E-12 2.2058E-12 3.0148E-12 3.8948E-12 4.8500E-12 5.8850E-12 6.8507E-12 8.0606E-12 9.4264E-12 1.0794E-11 1.2351E-11 1.4247E-11 1.5854E-11 1.7808E-11 1.9932E-11 2.2211E-11 2.4680E-11 2.7095E-11 3.0167E-11 3.2994E-11 3.6028E-11 3.9515E-11 4.3009E-11 4.6749E-11 5.0749E-11 5.5265E-11 5.9586E-11 6.4701E-11 6.9640E-11 7.5413E-11 8.1032E-11 8.7256E-11 9.3606E-11 1.0058E-10 1.0772E-10 1.1526E-10 1.2386E-10 1.3282E-10 1.4379E-10
0.0000E+00 0.0000E+00 0.0000E+00 0.0000E+00 0.0000E+00 0.0000E+00 0.0000E+00 0.0000E+00 0.0000E+00 0.0000E+00 0.0000E+00 0.0000E+00 0.0000E+00 0.0000E+00 0.0000E+00 0.0000E+00 1.5056E-13 4.6927E-13 1.2666E-12 1.9820E-12 2.7629E-12 3.6136E-12 4.5381E-12 5.5409E-12 6.6269E-12 7.8009E-12 8.7566E-12 1.0249E-11 1.1970E-11 1.3393E-11 1.5376E-11 1.7064E-11 1.9345E-11 2.1352E-11 2.3737E-11 2.6321E-11 2.9087E-11 3.1834E-11 3.5028E-11 3.8429E-11 4.1606E-11 4.5482E-11 4.9383E-11 5.3553E-11 5.8005E-11 6.3000E-11 6.7817E-11 7.3456E-11 7.8939E-11 8.5018E-11 9.1216E-11 9.8029E-11 1.0500E-10 1.1237E-10 1.2077E-10 1.2954E-10 1.4030E-10
0.0000E+00 0.0000E+00 0.0000E+00 0.0000E+00 0.0000E+00 0.0000E+00 0.0000E+00 0.0000E+00 0.0000E+00 0.0000E+00 0.0000E+00 0.0000E+00 0.0000E+00 0.0000E+00 0.0000E+00 0.0000E+00 0.0000E+00 3.0447E-13 7.8938E-13 1.6168E-12 2.3679E-12 3.1876E-12 4.0800E-12 5.0495E-12 6.1008E-12 7.2389E-12 8.4691E-12 9.9177E-12 1.1172E-11 1.2971E-11 1.4465E-11 1.6539E-11 1.8327E-11 2.0710E-11 2.2812E-11 2.5546E-11 2.8023E-11 3.0914E-11 3.4025E-11 3.7118E-11 4.0432E-11 4.4211E-11 4.7780E-11 5.2076E-11 5.6416E-11 6.1047E-11 6.5984E-11 7.1487E-11 7.6833E-11 8.2764E-11 8.8809E-11 9.5458E-11 1.0199E-10 1.0945E-10 1.1741E-10 1.2623E-10 1.3676E-10
0.0000E+00 0.0000E+00 0.0000E+00 0.0000E+00 0.0000E+00 0.0000E+00 0.0000E+00 0.0000E+00 0.0000E+00 0.0000E+00 0.0000E+00 0.0000E+00 0.0000E+00 0.0000E+00 0.0000E+00 0.0000E+00 0.0000E+00 1.5094E-13 6.1522E-13 1.2724E-12 1.9930E-12 2.7809E-12 3.6403E-12 4.7283E-12 5.5912E-12 6.6922E-12 7.8837E-12 9.2320E-12 1.0804E-11 1.2120E-11 1.4001E-11 1.5586E-11 1.7752E-11 1.9623E-11 2.2112E-11 2.4546E-11 2.7181E-11 2.9769E-11 3.2790E-11 3.5795E-11 3.9257E-11 4.2713E-11 4.6410E-11 5.0596E-11 5.4823E-11 5.9334E-11 6.4145E-11 6.9267E-11 7.4718E-11 8.0244E-11 8.6390E-11 9.2874E-11 9.9238E-11 1.0651E-10 1.1392E-10 1.2289E-10 1.3249E-10
0.0000E+00 0.0000E+00 0.0000E+00 0.0000E+00 0.0000E+00 0.0000E+00 0.0000E+00 0.0000E+00 0.0000E+00 0.0000E+00 0.0000E+00 0.0000E+00 0.0000E+00 0.0000E+00 0.0000E+00 0.0000E+00 0.0000E+00 0.0000E+00 3.0464E-13 7.9064E-13 1.7743E-12 2.5319E-12 3.3594E-12 4.4101E-12 5.3918E-12 6.4566E-12 7.6098E-12 8.7636E-12 1.0014E-11 1.1715E-11 1.3113E-11 1.5077E-11 1.6953E-11 1.8996E-11 2.1415E-11 2.3567E-11 2.6107E-11 2.8856E-11 3.1794E-11 3.4715E-11 3.8083E-11 4.1204E-11 4.5040E-11 4.8886E-11 5.2996E-11 5.7618E-11 6.2301E-11 6.7289E-11 7.2597E-11 7.7976E-11 8.3963E-11 9.0041E-11 9.6475E-11 1.0356E-10 1.1078E-10 1.1954E-10 1.2857E-10
0.0000E+00 0.0000E+00 0.0000E+00 0.0000E+00 0.0000E+00 0.0000E+00 0.0000E+00 0.0000E+00 0.0000E+00 0.0000E+00 0.0000E+00 0.0000E+00 0.0000E+00 0.0000E+00 0.0000E+00 0.0000E+00 0.0000E+00 0.0000E+00 1.5067E-13 6.1476E-13 1.2728E-12 1.9954E-12 2.9388E-12 3.8052E-12 4.8952E-12 5.9221E-12 7.0357E-12 8.2412E-12 9.6654E-12 1.0893E-11 1.2667E-11 1.4131E-11 1.6179E-11 1.8373E-11 2.0288E-11 2.2809E-11 2.5055E-11 2.7945E-11 3.0582E-11 3.3410E-11 3.6680E-11 3.9941E-11 4.3672E-11 4.7167E-11 5.1406E-11 5.5903E-11 6.0223E-11 6.5310E-11 7.0235E-11 7.5706E-11 8.1533E-11 8.7446E-11 9.3706E-11 1.0035E-10 1.0763E-10 1.1617E-10 1.2499E-10
0.0000E+00 0.0000E+00 0.0000E+00 0.0000E+00 0.0000E+00 0.0000E+00 0.0000E+00 0.0000E+00 0.0000E+00 0.0000E+00 0.0000E+00 0.0000E+00 0.0000E+00 0.0000E+00 0.0000E+00 0.0000E+00 0.0000E+00 0.0000E+00 0.0000E+00 3.0349E-13 7.8847E-13 1.7727E-12 2.5319E-12 3.5114E-12 4.4196E-12 5.4077E-12 6.4809E-12 7.6441E-12 8.9639E-12 1.0507E-11 1.1792E-11 1.3642E-11 1.5627E-11 1.7325E-11 1.9610E-11 2.1609E-11 2.4234E-11 2.6595E-11 2.9361E-11 3.2342E-11 3.5518E-11 3.8454E-11 4.2073E-11 4.5700E-11 4.9820E-11 5.3718E-11 5.8387E-11 6.3334E-11 6.8119E-11 7.3437E-11 7.8855E-11 8.4851E-11 9.0936E-11 9.7393E-11 1.0448E-10 1.1208E-10 1.2139E-10
0.0000E+00 0.0000E+00 0.0000E+00 0.0000E+00 0.0000E+00 0.0000E+00 0.0000E+00 0.0000E+00 0.0000E+00 0.0000E+00 0.0000E+00 0.0000E+00 0.0000E+00 0.0000E+00 0.0000E+00 0.0000E+00 0.0000E+00 0.0000E+00 0.0000E+00 0.0000E+00 4.6786E-13 1.2676E-12 2.1396E-12 2.9338E-12 3.9481E-12 4.8970E-12 6.0874E-12 7.2090E-12 8.2634E-12 9.7010E-12 1.1368E-11 1.2730E-11 1.4656E-11 1.6723E-11 1.8494E-11 2.0873E-11 2.2975E-11 2.5706E-11 2.8163E-11 3.1281E-11 3.4142E-11 3.7207E-11 4.0721E-11 4.4240E-11 4.8002E-11 5.2021E-11 5.6557E-11 6.0885E-11 6.6008E-11 7.0939E-11 7.6435E-11 8.2260E-11 8.8171E-11 9.4443E-11 1.0108E-10 1.0873E-10 1.1780E-10
0.0000E+00 0.0000E+00 0.0000E+00 0.0000E+00 0.0000E+00 0.0000E+00 0.0000E+00 0.0000E+00 0.0000E+00 0.0000E+00 0.0000E+00 0.0000E+00 0.0000E+00 0.0000E+00 0.0000E+00 0.0000E+00 0.0000E+00 0.0000E+00 0.0000E+00 0.0000E+00 1.5493E-13 7.8287E-13 1.7634E-12 2.5210E-12 3.5007E-12 4.4099E-12 5.5542E-12 6.6327E-12 7.8026E-12 9.1897E-12 1.0530E-11 1.2265E-11 1.4128E-11 1.5691E-11 1.7841E-11 1.9706E-11 2.2179E-11 2.4591E-11 2.7204E-11 2.9998E-11 3.2764E-11 3.5970E-11 3.9153E-11 4.2560E-11 4.6436E-11 5.0334E-11 5.4495E-11 5.8933E-11 6.3906E-11 6.8689E-11 7.4023E-11 7.9435E-11 8.5415E-11 9.1502E-11 9.7941E-11 1.0538E-10 1.1386E-10
0.0000E+00 0.0000E+00 0.0000E+00 0.0000E+00 0.0000E+00 0.0000E+00 0.0000E+00 0.0000E+00 0.0000E+00 0.0000E+00 0.0000E+00 0.0000E+00 0.0000E+00 0.0000E+00 0.0000E+00 0.0000E+00 0.0000E+00 0.0000E+00 0.0000E+00 0.0000E+00 0.0000E+00 4.6330E-13 1.2569E-12 2.1248E-12 2.9161E-12 4.0853E-12 5.0361E-12 6.0710E-12 7.3480E-12 8.6286E-12 1.0131E-11 1.1373E-11 1.3178E-11 1.5116E-11 1.6763E-11 1.8998E-11 2.0938E-11 2.3507E-11 2.6255E-11 2.8742E-11 3.1410E-11 3.4510E-11 3.7587E-11 4.1125E-11 4.4655E-11 4.8427E-11 5.2691E-11 5.6992E-11 6.1574E-11 6.6451E-11 7.1368E-11 7.6870E-11 8.2671E-11 8.8310E-11 9.4819E-11 1.0179E-10 1.0956E-10
0.0000E+00 0.0000E+00 0.0000E+00 0.0000E+00 0.0000E+00 0.0000E+00 0.0000E+00 0.0000E+00 0.0000E+00 0.0000E+00 0.0000E+00 0.0000E+00 0.0000E+00 0.0000E+00 0.0000E+00 0.0000E+00 0.0000E+00 0.0000E+00 0.0000E+00 0.0000E+00 0.0000E+00 1.5288E-13 7.7394E-13 1.6038E-12 2.4992E-12 3.4749E-12 4.5342E-12 5.5251E-12 6.6031E-12 7.9237E-12 9.3166E-12 1.0936E-11 1.2251E-11 1.4126E-11 1.6139E-11 1.7852E-11 2.0172E-11 2.2657E-11 2.4874E-11 2.7485E-11 3.0301E-11 3.3301E-11 3.6278E-11 3.9467E-11 4.2878E-11 4.6771E-11 5.0671E-11 5.4832E-11 5.9505E-11 6.4230E-11 6.8991E-11 7.4323E-11 7.9706E-11 8.5405E-11 9.1714E-11 9.8110E-11 1.0602E-10
0.0000E+00 0.0000E+00 0.0000E+00 0.0000E+00 0.0000E+00 0.0000E+00 0.0000E+00 0.0000E+00 0.0000E+00 0.0000E+00 0.0000E+00 0.0000E+00 0.0000E+00 0.0000E+00 0.0000E+00 0.0000E+00 0.0000E+00 0.0000E+00 0.0000E+00 0.0000E+00 0.0000E+00 0.0000E+00 3.0636E-13 1.0962E-12 1.9512E-12 2.8859E-12 4.0501E-12 4.9968E-12 6.1808E-12 7.3050E-12 8.5858E-12 1.0091E-11 1.1773E-11 1.3141E-11 1.5087E-11 1.7177E-11 1.8977E-11 2.1383E-11 2.3959E-11 2.6259E-11 2.9205E-11 3.1646E-11 3.4758E-11 3.8066E-11 4.1364E-11 4.4892E-11 4.8659E-11 5.2930E-11 5.7455E-11 6.1792E-11 6.6635E-11 7.1547E-11 7.7006E-11 8.2522E-11 8.8375E-11 9.4825E-11 1.0250E-10
0.0000E+00 0.0000E+00 0.0000E+00 0.0000E+00 0.0000E+00 0.0000E+00 0.0000E+00 0.0000E+00 0.0000E+00 0.0000E+00 0.0000E+00 0.0000E+00 0.0000E+00 0.0000E+00 0.0000E+00 0.0000E+00 0.0000E+00 0.0000E+00 0.0000E+00 0.0000E+00 0.0000E+00 0.0000E+00 0.0000E+00 6.1525E-13 1.4292E-12 2.4669E-12 3.4344E-12 4.4872E-12 5.4723E-12 6.6945E-12 7.8631E-12 9.2547E-12 1.0876E-11 1.2621E-11 1.4064E-11 1.6082E-11 1.8248E-11 2.0337E-11 2.2608E-11 2.5277E-11 2.7675E-11 3.0479E-11 3.3485E-11 3.6459E-11 3.9640E-11 4.3277E-11 4.6918E-11 5.1049E-11 5.4952E-11 5.9618E-11 6.4067E-11 6.9050E-11 7.4332E-11 7.9666E-11 8.5327E-11 9.1570E-11 9.8652E-11
