Assets/Resources/2015_m01_d13_0100(utc+0800)_l00_csi_1hr_conc.grd
DSAA
         159         159
     -79.000      79.000
     -79.000      79.000
  0.0000E+00  0.2739E-05
[rows 25 to 49 of 159, columns 0 to 56 of 159]
4.7297E-11 4.7322E-11 4.7116E-11 4.6662E-11 4.5922E-11 4.4800E-11 4.3401E-11 4.1597E-11 3.9541E-11 3.7332E-11 3.5004E-11 3.2645E-11 3.0240E-11 2.7848E-11 2.5489E-11 2.3184E-11 2.0952E-11 1.8809E-11 1.6395E-11 8.3894E-12 1.3793E-12 1.2185E-12 6.9225E-13 2.4052E-13 0.0000E+00 0.0000E+00 0.0000E+00 0.0000E+00 0.0000E+00 0.0000E+00 0.0000E+00 0.0000E+00 0.0000E+00 0.0000E+00 0.0000E+00 0.0000E+00 0.0000E+00 0.0000E+00 0.0000E+00 0.0000E+00 0.0000E+00 0.0000E+00 0.0000E+00 0.0000E+00 0.0000E+00 0.0000E+00 0.0000E+00 0.0000E+00 0.0000E+00 0.0000E+00 0.0000E+00 0.0000E+00 0.0000E+00 0.0000E+00 0.0000E+00 0.0000E+00 0.0000E+00
5.6993E-11 5.7177E-11 5.7176E-11 5.6839E-11 5.6037E-11 5.4682E-11 5.3073E-11 5.1068E-11 4.8781E-11 4.6068E-11 4.3008E-11 3.9691E-11 3.6292E-11 3.2977E-11 2.9835E-11 2.7014E-11 2.4443E-11 2.1969E-11 1.9609E-11 1.6475E-11 7.1266E-12 1.4791E-12 1.3249E-12 9.3742E-13 4.2788E-13 0.0000E+00 0.0000E+00 0.0000E+00 0.0000E+00 0.0000E+00 0.0000E+00 0.0000E+00 0.0000E+00 0.0000E+00 0.0000E+00 0.0000E+00 0.0000E+00 0.0000E+00 0.0000E+00 0.0000E+00 0.0000E+00 0.0000E+00 0.0000E+00 0.0000E+00 0.0000E+00 0.0000E+00 0.0000E+00 0.0000E+00 0.0000E+00 0.0000E+00 0.0000E+00 0.0000E+00 0.0000E+00 0.0000E+00 0.0000E+00 0.0000E+00 0.0000E+00
6.9213E-11 6.9462E-11 6.9219E-11 6.8652E-11 6.7590E-11 6.6139E-11 6.4198E-11 6.1685E-11 5.8934E-11 5.5843E-11 5.2561E-11 4.9032E-11 4.5360E-11 4.1607E-11 3.7709E-11 3.3617E-11 2.9649E-11 2.5603E-11 2.2880E-11 2.0300E-11 1.6240E-11 6.3370E-12 1.5712E-12 1.4009E-12 1.1546E-12 5.9046E-13 1.1728E-13 0.0000E+00 0.0000E+00 0.0000E+00 0.0000E+00 0.0000E+00 0.0000E+00 0.0000E+00 0.0000E+00 0.0000E+00 0.0000E+00 0.0000E+00 0.0000E+00 0.0000E+00 0.0000E+00 0.0000E+00 0.0000E+00 0.0000E+00 0.0000E+00 0.0000E+00 0.0000E+00 0.0000E+00 0.0000E+00 0.0000E+00 0.0000E+00 0.0000E+00 0.0000E+00 0.0000E+00 0.0000E+00 0.0000E+00 0.0000E+00
8.2366E-11 8.2670E-11 8.2652E-11 8.2048E-11 8.0852E-11 7.9137E-11 7.6961E-11 7.4375E-11 7.1302E-11 6.7798E-11 6.4033E-11 6.0013E-11 5.5708E-11 5.1174E-11 4.6596E-11 4.2191E-11 3.7935E-11 3.3480E-11 2.8485E-11 2.3657E-11 2.0859E-11 1.6154E-11 4.7750E-12 1.6535E-12 1.4673E-12 1.2959E-12 7.2224E-13 2.0959E-13 0.0000E+00 0.0000E+00 0.0000E+00 0.0000E+00 0.0000E+00 0.0000E+00 0.0000E+00 0.0000E+00 0.0000E+00 0.0000E+00 0.0000E+00 0.0000E+00 0.0000E+00 0.0000E+00 0.0000E+00 0.0000E+00 0.0000E+00 0.0000E+00 0.0000E+00 0.0000E+00 0.0000E+00 0.0000E+00 0.0000E+00 0.0000E+00 0.0000E+00 0.0000E+00 0.0000E+00 0.0000E+00 0.0000E+00
9.7781E-11 9.8074E-11 9.7818E-11 9.6850E-11 9.5411E-11 9.3351E-11 9.0695E-11 8.7522E-11 8.3934E-11 8.0021E-11 7.5731E-11 7.1273E-11 6.6694E-11 6.2102E-11 5.7489E-11 5.2698E-11 4.7605E-11 4.2350E-11 3.6867E-11 3.2223E-11 2.5722E-11 2.1263E-11 1.5105E-11 3.3194E-12 1.7238E-12 1.5224E-12 1.3383E-12 8.1841E-13 2.7214E-13 0.0000E+00 0.0000E+00 0.0000E+00 0.0000E+00 0.0000E+00 0.0000E+00 0.0000E+00 0.0000E+00 0.0000E+00 0.0000E+00 0.0000E+00 0.0000E+00 0.0000E+00 0.0000E+00 0.0000E+00 0.0000E+00 0.0000E+00 0.0000E+00 0.0000E+00 0.0000E+00 0.0000E+00 0.0000E+00 0.0000E+00 0.0000E+00 0.0000E+00 0.0000E+00 0.0000E+00 0.0000E+00
1.1513E-10 1.1552E-10 1.1532E-10 1.1438E-10 1.1280E-10 1.1045E-10 1.0757E-10 1.0402E-10 9.9933E-11 9.5477E-11 9.0634E-11 8.5430E-11 8.0026E-11 7.4310E-11 6.8532E-11 6.2756E-11 5.7180E-11 5.1895E-11 4.6965E-11 4.1471E-11 3.4291E-11 2.9674E-11 2.1493E-11 1.4007E-11 2.0156E-12 1.7802E-12 1.5649E-12 1.3691E-12 8.7552E-13 3.0255E-13 0.0000E+00 0.0000E+00 0.0000E+00 0.0000E+00 0.0000E+00 0.0000E+00 0.0000E+00 0.0000E+00 0.0000E+00 0.0000E+00 0.0000E+00 0.0000E+00 0.0000E+00 0.0000E+00 0.0000E+00 0.0000E+00 0.0000E+00 0.0000E+00 0.0000E+00 0.0000E+00 0.0000E+00 0.0000E+00 0.0000E+00 0.0000E+00 0.0000E+00 0.0000E+00 0.0000E+00
1.3468E-10 1.3536E-10 1.3515E-10 1.3425E-10 1.3234E-10 1.2972E-10 1.2620E-10 1.2218E-10 1.1766E-10 1.1259E-10 1.0719E-10 1.0153E-10 9.5645E-11 8.9581E-11 8.3293E-11 7.6872E-11 7.0236E-11 6.3353E-11 5.6639E-11 4.9642E-11 4.4474E-11 3.9391E-11 3.0457E-11 2.6575E-11 1.2736E-11 2.0717E-12 1.8212E-12 1.5934E-12 1.3875E-12 8.9160E-13 1.7343E-13 0.0000E+00 0.0000E+00 0.0000E+00 0.0000E+00 0.0000E+00 0.0000E+00 0.0000E+00 0.0000E+00 0.0000E+00 0.0000E+00 0.0000E+00 0.0000E+00 0.0000E+00 0.0000E+00 0.0000E+00 0.0000E+00 0.0000E+00 0.0000E+00 0.0000E+00 0.0000E+00 0.0000E+00 0.0000E+00 0.0000E+00 0.0000E+00 0.0000E+00 0.0000E+00
1.5788E-10 1.5838E-10 1.5821E-10 1.5698E-10 1.5486E-10 1.5198E-10 1.4821E-10 1.4376E-10 1.3852E-10 1.3277E-10 1.2659E-10 1.2004E-10 1.1309E-10 1.0586E-10 9.8489E-11 9.1052E-11 8.3633E-11 7.6458E-11 6.9642E-11 6.2587E-11 5.5151E-11 4.6386E-11 4.1064E-11 3.6077E-11 2.6339E-11 1.3281E-11 2.1095E-12 1.8457E-12 1.6072E-12 1.3930E-12 8.6627E-13 0.0000E+00 0.0000E+00 0.0000E+00 0.0000E+00 0.0000E+00 0.0000E+00 0.0000E+00 0.0000E+00 0.0000E+00 0.0000E+00 0.0000E+00 0.0000E+00 0.0000E+00 0.0000E+00 0.0000E+00 0.0000E+00 0.0000E+00 0.0000E+00 0.0000E+00 0.0000E+00 0.0000E+00 0.0000E+00 0.0000E+00 0.0000E+00 0.0000E+00 0.0000E+00
1.8330E-10 1.8405E-10 1.8397E-10 1.8270E-10 1.8058E-10 1.7751E-10 1.7342E-10 1.6861E-10 1.6294E-10 1.5665E-10 1.4980E-10 1.4246E-10 1.3473E-10 1.2669E-10 1.1844E-10 1.0987E-10 1.0114E-10 9.2174E-11 8.3300E-11 7.4741E-11 6.6604E-11 5.9646E-11 5.1952E-11 4.2244E-11 3.6797E-11 2.8364E-11 1.0666E-11 2.1278E-12 1.8529E-12 1.6060E-12 1.3854E-12 8.0071E-13 0.0000E+00 0.0000E+00 0.0000E+00 0.0000E+00 0.0000E+00 0.0000E+00 0.0000E+00 0.0000E+00 0.0000E+00 0.0000E+00 0.0000E+00 0.0000E+00 0.0000E+00 0.0000E+00 0.0000E+00 0.0000E+00 0.0000E+00 0.0000E+00 0.0000E+00 0.0000E+00 0.0000E+00 0.0000E+00 0.0000E+00 0.0000E+00 0.0000E+00
2.1195E-10 2.1332E-10 2.1314E-10 2.1159E-10 2.0893E-10 2.0525E-10 2.0065E-10 1.9500E-10 1.8860E-10 1.8151E-10 1.7380E-10 1.6555E-10 1.5686E-10 1.4782E-10 1.3853E-10 1.2909E-10 1.1960E-10 1.1016E-10 1.0087E-10 9.1442E-11 8.1722E-11 7.1891E-11 6.2201E-11 5.4947E-11 4.5487E-11 3.6819E-11 2.7208E-11 8.3686E-12 2.1262E-12 1.8428E-12 1.5897E-12 1.3649E-12 0.0000E+00 0.0000E+00 0.0000E+00 0.0000E+00 0.0000E+00 0.0000E+00 0.0000E+00 0.0000E+00 0.0000E+00 0.0000E+00 0.0000E+00 0.0000E+00 0.0000E+00 0.0000E+00 0.0000E+00 0.0000E+00 0.0000E+00 0.0000E+00 0.0000E+00 0.0000E+00 0.0000E+00 0.0000E+00 0.0000E+00 0.0000E+00 0.0000E+00
2.4929E-10 2.5009E-10 2.4953E-10 2.4784E-10 2.4481E-10 2.4051E-10 2.3519E-10 2.2874E-10 2.1756E-10 2.0966E-10 2.0102E-10 1.9173E-10 1.8190E-10 1.7164E-10 1.6106E-10 1.5027E-10 1.3940E-10 1.2856E-10 1.1786E-10 1.0740E-10 9.7263E-11 8.7540E-11 7.7992E-11 6.5947E-11 5.6111E-11 4.8549E-11 3.5506E-11 2.3370E-11 1.0459E-11 2.1046E-12 1.8155E-12 1.5588E-12 1.2921E-12 0.0000E+00 0.0000E+00 0.0000E+00 0.0000E+00 0.0000E+00 0.0000E+00 0.0000E+00 0.0000E+00 0.0000E+00 0.0000E+00 0.0000E+00 0.0000E+00 0.0000E+00 0.0000E+00 0.0000E+00 0.0000E+00 0.0000E+00 0.0000E+00 0.0000E+00 0.0000E+00 0.0000E+00 0.0000E+00 0.0000E+00 0.0000E+00
2.9345E-10 2.9462E-10 2.9430E-10 2.9248E-10 2.8926E-10 2.8469E-10 2.8086E-10 2.7370E-10 2.6756E-10 2.5808E-10 2.4493E-10 2.2377E-10 2.1267E-10 2.0103E-10 1.8896E-10 1.7662E-10 1.6623E-10 1.5368E-10 1.4276E-10 1.2994E-10 1.1717E-10 1.0480E-10 9.2876E-11 8.1440E-11 7.1096E-11 5.6407E-11 4.8183E-11 3.8090E-11 1.9499E-11 9.2641E-12 6.2424E-12 1.7719E-12 1.5142E-12 7.3778E-13 0.0000E+00 0.0000E+00 0.0000E+00 0.0000E+00 0.0000E+00 0.0000E+00 0.0000E+00 0.0000E+00 0.0000E+00 0.0000E+00 0.0000E+00 0.0000E+00 0.0000E+00 0.0000E+00 0.0000E+00 0.0000E+00 0.0000E+00 0.0000E+00 0.0000E+00 0.0000E+00 0.0000E+00 0.0000E+00 0.0000E+00
3.3923E-10 3.4131E-10 3.4381E-10 3.4494E-10 3.4290E-10 3.3866E-10 3.3283E-10 3.2551E-10 3.1676E-10 3.0911E-10 3.0018E-10 2.8767E-10 2.7613E-10 2.5732E-10 2.3408E-10 2.1764E-10 2.0323E-10 1.8869E-10 1.7417E-10 1.6263E-10 1.5106E-10 1.3682E-10 1.2406E-10 1.0972E-10 9.3652E-11 7.8482E-11 6.4556E-11 4.6769E-11 3.4703E-11 2.0201E-11 8.2382E-12 6.6890E-12 3.3495E-12 1.4571E-12 0.0000E+00 0.0000E+00 0.0000E+00 0.0000E+00 0.0000E+00 0.0000E+00 0.0000E+00 0.0000E+00 0.0000E+00 0.0000E+00 0.0000E+00 0.0000E+00 0.0000E+00 0.0000E+00 0.0000E+00 0.0000E+00 0.0000E+00 0.0000E+00 0.0000E+00 0.0000E+00 0.0000E+00 0.0000E+00 0.0000E+00
3.9198E-10 3.9578E-10 3.9929E-10 4.0160E-10 4.0203E-10 3.9917E-10 3.9641E-10 3.9195E-10 3.8405E-10 3.7596E-10 3.6429E-10 3.5111E-10 3.3644E-10 3.2059E-10 3.0637E-10 2.8771E-10 2.6851E-10 2.5134E-10 2.2772E-10 2.1527E-10 1.9998E-10 1.8444E-10 1.6916E-10 1.5381E-10 1.4081E-10 1.2522E-10 1.0850E-10 8.9097E-11 6.5938E-11 3.9034E-11 2.3032E-11 1.2719E-11 7.8464E-12 4.5767E-12 1.7223E-12 0.0000E+00 0.0000E+00 0.0000E+00 0.0000E+00 0.0000E+00 0.0000E+00 0.0000E+00 0.0000E+00 0.0000E+00 0.0000E+00 0.0000E+00 0.0000E+00 0.0000E+00 0.0000E+00 0.0000E+00 0.0000E+00 0.0000E+00 0.0000E+00 0.0000E+00 0.0000E+00 0.0000E+00 0.0000E+00
4.5123E-10 4.5869E-10 4.6226E-10 4.6566E-10 4.6754E-10 4.6714E-10 4.6350E-10 4.6010E-10 4.5410E-10 4.4395E-10 4.3340E-10 4.2030E-10 4.0974E-10 3.9308E-10 3.7534E-10 3.5974E-10 3.4124E-10 3.1848E-10 2.9793E-10 2.8153E-10 2.6764E-10 2.4437E-10 2.3150E-10 2.1658E-10 2.0170E-10 1.8630E-10 1.7114E-10 1.5588E-10 1.3820E-10 1.1371E-10 7.9622E-11 5.3637E-11 3.6115E-11 2.0523E-11 1.1686E-11 3.0998E-12 2.4180E-14 0.0000E+00 0.0000E+00 0.0000E+00 0.0000E+00 0.0000E+00 0.0000E+00 0.0000E+00 0.0000E+00 0.0000E+00 0.0000E+00 0.0000E+00 0.0000E+00 0.0000E+00 0.0000E+00 0.0000E+00 0.0000E+00 0.0000E+00 0.0000E+00 0.0000E+00 0.0000E+00
5.1757E-10 5.2707E-10 5.3449E-10 5.3855E-10 5.4102E-10 5.4295E-10 5.3994E-10 5.3506E-10 5.3025E-10 5.2086E-10 5.1057E-10 4.9835E-10 4.8421E-10 4.7003E-10 4.5078E-10 4.3379E-10 4.1785E-10 3.9644E-10 3.7618E-10 3.5723E-10 3.3860E-10 3.1963E-10 3.0321E-10 2.8872E-10 2.7186E-10 2.5457E-10 2.3845E-10 2.2283E-10 2.0695E-10 1.8752E-10 1.6483E-10 1.4103E-10 1.1009E-10 7.9507E-11 5.9007E-11 3.8064E-11 2.0217E-11 8.3583E-12 9.1925E-13 0.0000E+00 0.0000E+00 0.0000E+00 0.0000E+00 0.0000E+00 0.0000E+00 0.0000E+00 0.0000E+00 0.0000E+00 0.0000E+00 0.0000E+00 0.0000E+00 0.0000E+00 0.0000E+00 0.0000E+00 0.0000E+00 0.0000E+00 0.0000E+00
5.9377E-10 6.0446E-10 6.1322E-10 6.2168E-10 6.2412E-10 6.2584E-10 6.2580E-10 6.2121E-10 6.1599E-10 6.0861E-10 5.9810E-10 5.8700E-10 5.7049E-10 5.5612E-10 5.4037E-10 5.1935E-10 5.0347E-10 4.8948E-10 4.6700E-10 4.4854E-10 4.3063E-10 4.0522E-10 3.8402E-10 3.6980E-10 3.5109E-10 3.3137E-10 3.1598E-10 2.9972E-10 2.8131E-10 2.6208E-10 2.4095E-10 2.1071E-10 1.8571E-10 1.6461E-10 1.4020E-10 1.0996E-10 7.0555E-11 5.1573E-11 3.0887E-11 1.4979E-11 2.5612E-12 0.0000E+00 0.0000E+00 0.0000E+00 0.0000E+00 0.0000E+00 0.0000E+00 0.0000E+00 0.0000E+00 0.0000E+00 0.0000E+00 0.0000E+00 0.0000E+00 0.0000E+00 0.0000E+00 0.0000E+00 0.0000E+00
6.7701E-10 6.9162E-10 7.0221E-10 7.0919E-10 7.1786E-10 7.1979E-10 7.2040E-10 7.2020E-10 7.1500E-10 7.0860E-10 6.9884E-10 6.8696E-10 6.7474E-10 6.5757E-10 6.4236E-10 6.2934E-10 6.0888E-10 5.9069E-10 5.7534E-10 5.5183E-10 5.3364E-10 5.1411E-10 4.8934E-10 4.6962E-10 4.5093E-10 4.3099E-10 4.0966E-10 3.8807E-10 3.6723E-10 3.4596E-10 3.2381E-10 2.9737E-10 2.6857E-10 2.3953E-10 2.1272E-10 1.7572E-10 1.4517E-10 1.0807E-10 7.3685E-11 5.7429E-11 3.5334E-11 1.6558E-11 2.0045E-12 0.0000E+00 0.0000E+00 0.0000E+00 0.0000E+00 0.0000E+00 0.0000E+00 0.0000E+00 0.0000E+00 0.0000E+00 0.0000E+00 0.0000E+00 0.0000E+00 0.0000E+00 0.0000E+00
7.6972E-10 7.8495E-10 8.0157E-10 8.1176E-10 8.1963E-10 8.2721E-10 8.2974E-10 8.3019E-10 8.2783E-10 8.2208E-10 8.1486E-10 8.0511E-10 7.9239E-10 7.8271E-10 7.6730E-10 7.4990E-10 7.3585E-10 7.1551E-10 6.9848E-10 6.8178E-10 6.5817E-10 6.4069E-10 6.2108E-10 5.9586E-10 5.7075E-10 5.4789E-10 5.2361E-10 5.0138E-10 4.8020E-10 4.5662E-10 4.3156E-10 4.0365E-10 3.7061E-10 3.3540E-10 3.0035E-10 2.6981E-10 2.3668E-10 1.8900E-10 1.3434E-10 9.1990E-11 7.1002E-11 5.5956E-11 3.1821E-11 1.2207E-11 3.3672E-13 0.0000E+00 0.0000E+00 0.0000E+00 0.0000E+00 0.0000E+00 0.0000E+00 0.0000E+00 0.0000E+00 0.0000E+00 0.0000E+00 0.0000E+00 0.0000E+00
8.6915E-10 8.9161E-10 9.0817E-10 9.2382E-10 9.3672E-10 9.4539E-10 9.5188E-10 9.5552E-10 9.5582E-10 9.5417E-10 9.4867E-10 9.4063E-10 9.3505E-10 9.2287E-10 9.1256E-10 8.9836E-10 8.8125E-10 8.7089E-10 8.5288E-10 8.3778E-10 8.1897E-10 7.9793E-10 7.7814E-10 7.5809E-10 7.3427E-10 7.1201E-10 6.8546E-10 6.5603E-10 6.2488E-10 5.9549E-10 5.6488E-10 5.3375E-10 4.9789E-10 4.5814E-10 4.2013E-10 3.8235E-10 3.3249E-10 2.7722E-10 2.2676E-10 1.7530E-10 1.3186E-10 9.2138E-11 6.5806E-11 4.6319E-11 2.1952E-11 4.3429E-12 0.0000E+00 0.0000E+00 0.0000E+00 0.0000E+00 0.0000E+00 0.0000E+00 0.0000E+00 0.0000E+00 0.0000E+00 0.0000E+00 0.0000E+00
9.8482E-10 1.0112E-09 1.0379E-09 1.0591E-09 1.0788E-09 1.0931E-09 1.1065E-09 1.1158E-09 1.1174E-09 1.1199E-09 1.1241E-09 1.1206E-09 1.1151E-09 1.1087E-09 1.0968E-09 1.0891E-09 1.0740E-09 1.0582E-09 1.0453E-09 1.0275E-09 1.0144E-09 1.0018E-09 9.8061E-10 9.6618E-10 9.4585E-10 9.2271E-10 9.0088E-10 8.7391E-10 8.4205E-10 8.1056E-10 7.7440E-10 7.3452E-10 6.8940E-10 6.3813E-10 5.8336E-10 5.3172E-10 4.7834E-10 4.2139E-10 3.6137E-10 2.7585E-10 2.0786E-10 1.5095E-10 1.2086E-10 9.3227E-11 6.2250E-11 3.0198E-11 8.7932E-12 9.1306E-14 0.0000E+00 0.0000E+00 0.0000E+00 0.0000E+00 0.0000E+00 0.0000E+00 0.0000E+00 0.0000E+00 0.0000E+00
1.1146E-09 1.1507E-09 1.1826E-09 1.2120E-09 1.2390E-09 1.2627E-09 1.2827E-09 1.2995E-09 1.3123E-09 1.3234E-09 1.3268E-09 1.3271E-09 1.3248E-09 1.3180E-09 1.3135E-09 1.3008E-09 1.2949E-09 1.2812E-09 1.2639E-09 1.2577E-09 1.2409E-09 1.2325E-09 1.2188E-09 1.2014E-09 1.1894E-09 1.1717E-09 1.1501E-09 1.1296E-09 1.1011E-09 1.0667E-09 1.0265E-09 9.8316E-10 9.3611E-10 8.7836E-10 8.1108E-10 7.3787E-10 6.6334E-10 5.8794E-10 5.1053E-10 4.3181E-10 3.3829E-10 2.5308E-10 1.9659E-10 1.4237E-10 1.0436E-10 7.6123E-11 4.1923E-11 1.2399E-11 5.4802E-13 0.0000E+00 0.0000E+00 0.0000E+00 0.0000E+00 0.0000E+00 0.0000E+00 0.0000E+00 0.0000E+00
1.2594E-09 1.3003E-09 1.3400E-09 1.3771E-09 1.4104E-09 1.4424E-09 1.4706E-09 1.4941E-09 1.5163E-09 1.5308E-09 1.5414E-09 1.5490E-09 1.5514E-09 1.5532E-09 1.5497E-09 1.5484E-09 1.5394E-09 1.5366E-09 1.5267E-09 1.5146E-09 1.5145E-09 1.5041E-09 1.4974E-09 1.4894E-09 1.4762E-09 1.4659E-09 1.4472E-09 1.4238E-09 1.3976E-09 1.3642E-09 1.3212E-09 1.2719E-09 1.2150E-09 1.1518E-09 1.0758E-09 9.8884E-10 8.9336E-10 7.9551E-10 6.9298E-10 5.8325E-10 4.9352E-10 3.9685E-10 3.0444E-10 2.2701E-10 1.8439E-10 1.3999E-10 9.9808E-11 5.7217E-11 2.3036E-11 8.0671E-12 6.7252E-12 6.0444E-12 5.3385E-12 4.4148E-12 1.5431E-12 0.0000E+00 0.0000E+00
1.4104E-09 1.4619E-09 1.5103E-09 1.5555E-09 1.6004E-09 1.6406E-09 1.6778E-09 1.7129E-09 1.7398E-09 1.7639E-09 1.7841E-09 1.7988E-09 1.8114E-09 1.8178E-09 1.8253E-09 1.8254E-09 1.8325E-09 1.8288E-09 1.8284E-09 1.8315E-09 1.8282E-09 1.8297E-09 1.8300E-09 1.8314E-09 1.8263E-09 1.8185E-09 1.8082E-09 1.7881E-09 1.7627E-09 1.7285E-09 1.6840E-09 1.6318E-09 1.5668E-09 1.4879E-09 1.3993E-09 1.2973E-09 1.1915E-09 1.0739E-09 9.6134E-10 8.4033E-10 7.4426E-10 6.2601E-10 5.1281E-10 4.3043E-10 3.5512E-10 2.9235E-10 2.2421E-10 1.7097E-10 1.1141E-10 6.4170E-11 3.8916E-11 3.0160E-11 2.4201E-11 2.0723E-11 1.6347E-11 5.0458E-12 0.0000E+00
1.5771E-09 1.6374E-09 1.6943E-09 1.7538E-09 1.8065E-09 1.8576E-09 1.9074E-09 1.9486E-09 1.9886E-09 2.0243E-09 2.0540E-09 2.0815E-09 2.1013E-09 2.1214E-09 2.1352E-09 2.1534E-09 2.1613E-09 2.1724E-09 2.1843E-09 2.1935E-09 2.2018E-09 2.2134E-09 2.2265E-09 2.2332E-09 2.2438E-09 2.2445E-09 2.2429E-09 2.2283E-09 2.2033E-09 2.1721E-09 2.1274E-09 2.0772E-09 2.0071E-09 1.9316E-09 1.8338E-09 1.7132E-09 1.6026E-09 1.4592E-09 1.3301E-09 1.1982E-09 1.0699E-09 9.4816E-10 8.3779E-10 7.4023E-10 6.0873E-10 5.3266E-10 4.5380E-10 3.8402E-10 3.1174E-10 2.2518E-10 1.5257E-10 1.0895E-10 7.9593E-11 5.7255E-11 3.9732E-11 2.5330E-11 5.4522E-12
