Assets/Resources/2015_m01_d05_1000(utc+0800)_l00_csi_1hr_conc.grd
DSAA
         159         159
     -79.000      79.000
     -79.000      79.000
  0.1153E-09  0.1174E-04
[rows 25 to 49 of 159, columns 57 to 113 of 159]
6.9559E-09 6.5985E-09 6.2378E-09 5.8820E-09 5.5301E-09 5.1843E-09 4.8464E-09 4.5183E-09 4.2017E-09 3.8885E-09 3.5922E-09 3.3073E-09 2.9416E-09 2.7050E-09 2.5012E-09 2.3118E-09 2.1394E-09 1.9790E-09 1.8280E-09 1.6874E-09 1.5517E-09 1.4254E-09 1.3125E-09 1.2226E-09 1.1407E-09 1.0635E-09 1.0065E-09 9.6709E-10 9.2536E-10 8.9117E-10 8.5538E-10 8.1485E-10 7.6816E-10 7.2576E-10 7.0422E-10 6.8658E-10 6.6929E-10 6.5713E-10 6.4884E-10 6.4050E-10 6.3214E-10 6.2375E-10 6.1534E-10 6.0691E-10 5.9847E-10 5.9003E-10 5.8158E-10 5.7313E-10 5.6469E-10 5.5626E-10 5.4784E-10 5.3944E-10 5.3104E-10 5.2266E-10 5.1428E-10 5.0594E-10 4.9763E-10
7.3145E-09 6.9339E-09 6.5543E-09 6.1735E-09 5.8001E-09 5.4329E-09 5.0743E-09 4.7260E-09 4.3900E-09 4.0576E-09 3.7431E-09 3.4468E-09 3.0741E-09 2.8007E-09 2.5904E-09 2.3870E-09 2.2062E-09 2.0380E-09 1.8796E-09 1.7392E-09 1.6030E-09 1.4745E-09 1.3563E-09 1.2590E-09 1.1699E-09 1.0884E-09 1.0302E-09 9.8227E-10 9.4693E-10 9.0686E-10 8.7028E-10 8.2756E-10 7.7533E-10 7.3512E-10 7.1164E-10 6.9281E-10 6.7525E-10 6.6070E-10 6.5236E-10 6.4399E-10 6.3558E-10 6.2715E-10 6.1870E-10 6.1023E-10 6.0174E-10 5.9325E-10 5.8476E-10 5.7627E-10 5.6778E-10 5.5930E-10 5.5084E-10 5.4239E-10 5.3393E-10 5.2548E-10 5.1706E-10 5.0867E-10 5.0031E-10
7.6914E-09 7.2894E-09 6.8832E-09 6.4823E-09 6.0857E-09 5.6929E-09 5.3121E-09 4.9425E-09 4.5859E-09 4.2390E-09 3.8997E-09 3.5857E-09 3.2519E-09 2.9049E-09 2.6779E-09 2.4687E-09 2.2745E-09 2.1023E-09 1.9324E-09 1.7859E-09 1.6568E-09 1.5155E-09 1.3973E-09 1.2979E-09 1.2094E-09 1.1254E-09 1.0509E-09 9.9949E-10 9.6108E-10 9.2078E-10 8.8660E-10 8.5313E-10 8.0104E-10 7.5366E-10 7.1826E-10 6.9764E-10 6.8044E-10 6.6496E-10 6.5582E-10 6.4740E-10 6.3896E-10 6.3048E-10 6.2199E-10 6.1347E-10 6.0495E-10 5.9641E-10 5.8787E-10 5.7934E-10 5.7080E-10 5.6228E-10 5.5377E-10 5.4526E-10 5.3675E-10 5.2825E-10 5.1978E-10 5.1133E-10 5.0292E-10
8.1416E-09 7.6586E-09 7.2314E-09 6.8058E-09 6.3813E-09 5.9674E-09 5.5600E-09 5.1678E-09 4.7894E-09 4.4215E-09 4.0677E-09 3.7351E-09 3.3932E-09 3.0159E-09 2.7677E-09 2.5481E-09 2.3445E-09 2.1642E-09 1.9908E-09 1.8337E-09 1.6998E-09 1.5727E-09 1.4460E-09 1.3427E-09 1.2516E-09 1.1591E-09 1.0784E-09 1.0244E-09 9.7484E-10 9.3973E-10 8.9944E-10 8.6311E-10 8.2042E-10 7.6768E-10 7.2452E-10 7.0477E-10 6.8639E-10 6.6921E-10 6.5920E-10 6.5075E-10 6.4226E-10 6.3374E-10 6.2520E-10 6.1665E-10 6.0808E-10 5.9950E-10 5.9092E-10 5.8234E-10 5.7377E-10 5.6520E-10 5.5664E-10 5.4806E-10 5.3950E-10 5.3096E-10 5.2243E-10 5.1394E-10 5.0548E-10
8.6704E-09 8.0532E-09 7.5956E-09 7.1404E-09 6.6934E-09 6.2533E-09 5.8213E-09 5.4028E-09 5.0005E-09 4.6161E-09 4.2356E-09 3.8837E-09 3.5549E-09 3.1397E-09 2.8595E-09 2.6293E-09 2.4159E-09 2.2273E-09 2.0466E-09 1.8827E-09 1.7438E-09 1.6199E-09 1.4936E-09 1.3868E-09 1.2948E-09 1.2016E-09 1.1199E-09 1.0453E-09 9.9106E-10 9.5223E-10 9.1031E-10 8.8033E-10 8.4537E-10 7.8537E-10 7.3406E-10 7.1025E-10 6.9089E-10 6.7414E-10 6.6251E-10 6.5401E-10 6.4549E-10 6.3693E-10 6.2835E-10 6.1975E-10 6.1114E-10 6.0253E-10 5.9390E-10 5.8528E-10 5.7666E-10 5.6805E-10 5.5943E-10 5.5080E-10 5.4219E-10 5.3360E-10 5.2503E-10 5.1648E-10 5.0798E-10
9.1493E-09 8.4624E-09 7.9771E-09 7.4933E-09 7.0187E-09 6.5486E-09 6.0928E-09 5.6476E-09 5.2208E-09 4.8117E-09 4.4147E-09 4.0365E-09 3.6893E-09 3.2929E-09 2.9532E-09 2.7165E-09 2.4887E-09 2.2920E-09 2.1074E-09 1.9333E-09 1.7889E-09 1.6621E-09 1.5505E-09 1.4263E-09 1.3330E-09 1.2477E-09 1.1539E-09 1.0730E-09 1.0155E-09 9.6464E-10 9.2958E-10 8.9019E-10 8.5401E-10 8.1107E-10 7.5421E-10 7.1662E-10 6.9667E-10 6.7895E-10 6.6574E-10 6.5720E-10 6.4864E-10 6.4004E-10 6.3142E-10 6.2279E-10 6.1414E-10 6.0548E-10 5.9682E-10 5.8815E-10 5.7949E-10 5.7083E-10 5.6215E-10 5.5347E-10 5.4481E-10 5.3617E-10 5.2756E-10 5.1897E-10 5.1041E-10
9.7163E-09 9.0882E-09 8.3752E-09 7.8659E-09 7.3573E-09 6.8585E-09 6.3712E-09 5.9024E-09 5.4477E-09 5.0154E-09 4.5932E-09 4.1993E-09 3.8269E-09 3.4271E-09 3.0551E-09 2.8009E-09 2.5674E-09 2.3579E-09 2.1704E-09 1.9846E-09 1.8367E-09 1.7057E-09 1.5911E-09 1.4751E-09 1.3764E-09 1.2905E-09 1.2001E-09 1.1171E-09 1.0350E-09 9.7793E-10 9.4118E-10 8.9992E-10 8.6842E-10 8.2655E-10 7.6788E-10 7.2143E-10 7.0192E-10 6.8302E-10 6.6889E-10 6.6032E-10 6.5171E-10 6.4308E-10 6.3442E-10 6.2575E-10 6.1706E-10 6.0836E-10 5.9966E-10 5.9095E-10 5.8225E-10 5.7352E-10 5.6479E-10 5.5607E-10 5.4737E-10 5.3868E-10 5.3001E-10 5.2138E-10 5.1278E-10
1.0245E-08 9.6170E-09 8.7933E-09 8.2501E-09 7.7104E-09 7.1840E-09 6.6632E-09 6.1659E-09 5.6839E-09 5.2243E-09 4.7786E-09 4.3603E-09 3.9741E-09 3.5808E-09 3.1629E-09 2.8912E-09 2.6430E-09 2.4248E-09 2.2307E-09 2.0507E-09 1.8857E-09 1.7519E-09 1.6333E-09 1.5290E-09 1.4228E-09 1.3312E-09 1.2442E-09 1.1466E-09 1.0641E-09 1.0035E-09 9.5221E-10 9.1785E-10 8.7889E-10 8.4251E-10 7.8861E-10 7.3368E-10 7.0765E-10 6.8926E-10 6.7272E-10 6.6335E-10 6.5471E-10 6.4604E-10 6.3735E-10 6.2863E-10 6.1990E-10 6.1117E-10 6.0242E-10 5.9368E-10 5.8492E-10 5.7615E-10 5.6737E-10 5.5860E-10 5.4985E-10 5.4112E-10 5.3241E-10 5.2373E-10 5.1508E-10
1.0797E-08 1.0135E-08 9.3255E-09 8.6508E-09 8.0769E-09 7.5148E-09 6.9693E-09 6.4341E-09 5.9274E-09 5.4402E-09 4.9682E-09 4.5269E-09 4.1179E-09 3.7142E-09 3.2725E-09 2.9784E-09 2.7240E-09 2.4931E-09 2.2916E-09 2.1119E-09 1.9366E-09 1.7986E-09 1.6773E-09 1.5691E-09 1.4581E-09 1.3676E-09 1.2794E-09 1.1883E-09 1.1042E-09 1.0217E-09 9.6426E-10 9.2773E-10 8.8748E-10 8.5056E-10 8.0550E-10 7.4485E-10 7.1106E-10 6.9328E-10 6.7653E-10 6.6630E-10 6.5762E-10 6.4892E-10 6.4019E-10 6.3144E-10 6.2267E-10 6.1390E-10 6.0512E-10 5.9633E-10 5.8751E-10 5.7869E-10 5.6987E-10 5.6106E-10 5.5227E-10 5.4348E-10 5.3473E-10 5.2601E-10 5.1732E-10
1.1391E-08 1.0675E-08 9.9174E-09 9.0711E-09 8.4636E-09 7.8596E-09 7.2811E-09 6.7185E-09 6.1752E-09 5.6624E-09 5.1755E-09 4.7040E-09 4.2785E-09 3.8698E-09 3.4251E-09 3.0668E-09 2.8118E-09 2.5623E-09 2.3548E-09 2.1699E-09 2.0025E-09 1.8475E-09 1.7218E-09 1.6106E-09 1.5102E-09 1.4052E-09 1.3175E-09 1.2291E-09 1.1300E-09 1.0419E-09 9.8808E-10 9.3740E-10 9.0208E-10 8.6567E-10 8.2485E-10 7.5833E-10 7.1624E-10 6.9779E-10 6.8021E-10 6.6917E-10 6.6046E-10 6.5172E-10 6.4295E-10 6.3417E-10 6.2536E-10 6.1655E-10 6.0774E-10 5.9889E-10 5.9003E-10 5.8116E-10 5.7230E-10 5.6344E-10 5.5460E-10 5.4578E-10 5.3699E-10 5.2822E-10 5.1949E-10
1.2005E-08 1.1235E-08 1.0480E-08 9.5139E-09 8.8599E-09 8.2231E-09 7.5994E-09 7.0070E-09 6.4345E-09 5.8895E-09 5.3767E-09 4.8783E-09 4.4308E-09 3.9995E-09 3.5425E-09 3.1556E-09 2.8920E-09 2.6458E-09 2.4199E-09 2.2306E-09 2.0621E-09 1.8976E-09 1.7679E-09 1.6523E-09 1.5472E-09 1.4367E-09 1.3527E-09 1.2644E-09 1.1588E-09 1.0832E-09 1.0049E-09 9.4780E-10 9.1256E-10 8.7315E-10 8.3581E-10 7.7879E-10 7.2220E-10 7.0162E-10 6.8385E-10 6.7195E-10 6.6321E-10 6.5443E-10 6.4563E-10 6.3681E-10 6.2798E-10 6.1913E-10 6.1027E-10 6.0137E-10 5.9246E-10 5.8355E-10 5.7465E-10 5.6575E-10 5.5687E-10 5.4800E-10 5.3916E-10 5.3036E-10 5.2158E-10
1.2650E-08 1.1824E-08 1.1021E-08 1.0060E-08 9.2781E-09 8.5995E-09 7.9359E-09 7.2997E-09 6.6977E-09 6.1228E-09 5.5816E-09 5.0766E-09 4.5861E-09 4.1588E-09 3.6837E-09 3.2716E-09 2.9723E-09 2.7249E-09 2.4859E-09 2.2924E-09 2.1196E-09 1.9656E-09 1.8148E-09 1.6939E-09 1.5841E-09 1.4844E-09 1.3806E-09 1.2985E-09 1.2063E-09 1.1080E-09 1.0232E-09 9.6499E-10 9.2089E-10 8.8249E-10 8.4448E-10 7.9532E-10 7.3273E-10 7.0548E-10 6.8662E-10 6.7465E-10 6.6587E-10 6.5706E-10 6.4823E-10 6.3938E-10 6.3051E-10 6.2163E-10 6.1271E-10 6.0377E-10 5.9482E-10 5.8587E-10 5.7692E-10 5.6798E-10 5.5905E-10 5.5015E-10 5.4127E-10 5.3242E-10 5.2361E-10
1.3321E-08 1.2441E-08 1.1579E-08 1.0653E-08 9.7062E-09 8.9866E-09 8.2872E-09 7.6050E-09 6.9644E-09 6.3602E-09 5.7902E-09 5.2593E-09 4.7437E-09 4.2970E-09 3.7967E-09 3.3761E-09 3.0534E-09 2.8001E-09 2.5683E-09 2.3547E-09 2.1774E-09 2.0191E-09 1.8614E-09 1.7353E-09 1.6207E-09 1.5168E-09 1.4082E-09 1.3256E-09 1.2386E-09 1.1328E-09 1.0472E-09 9.8433E-10 9.2935E-10 8.9364E-10 8.5435E-10 8.1244E-10 7.4153E-10 7.0833E-10 6.9151E-10 6.7725E-10 6.6845E-10 6.5961E-10 6.5074E-10 6.4186E-10 6.3296E-10 6.2403E-10 6.1506E-10 6.0608E-10 5.9709E-10 5.8809E-10 5.7911E-10 5.7013E-10 5.6116E-10 5.5222E-10 5.4330E-10 5.3441E-10 5.2556E-10
1.4031E-08 1.3086E-08 1.2154E-08 1.1239E-08 1.0150E-08 9.3854E-09 8.6417E-09 7.9261E-09 7.2377E-09 6.5995E-09 6.0014E-09 5.4435E-09 4.9294E-09 4.4356E-09 3.9831E-09 3.4819E-09 3.1634E-09 2.8764E-09 2.6435E-09 2.4188E-09 2.2356E-09 2.0726E-09 1.9166E-09 1.7761E-09 1.6568E-09 1.5487E-09 1.4436E-09 1.3496E-09 1.2680E-09 1.1675E-09 1.0796E-09 1.0004E-09 9.3946E-10 9.0256E-10 8.6220E-10 8.2558E-10 7.5729E-10 7.1195E-10 6.9498E-10 6.7977E-10 6.7093E-10 6.6206E-10 6.5317E-10 6.4425E-10 6.3532E-10 6.2633E-10 6.1732E-10 6.0830E-10 5.9927E-10 5.9024E-10 5.8121E-10 5.7220E-10 5.6319E-10 5.5421E-10 5.4525E-10 5.3633E-10 5.2744E-10
1.4778E-08 1.3757E-08 1.2760E-08 1.1797E-08 1.0692E-08 9.7936E-09 9.0070E-09 8.2488E-09 7.5265E-09 6.8424E-09 6.2142E-09 5.6298E-09 5.0908E-09 4.5756E-09 4.1153E-09 3.6036E-09 3.2489E-09 2.9542E-09 2.7146E-09 2.4964E-09 2.2948E-09 2.1254E-09 1.9713E-09 1.8163E-09 1.6923E-09 1.5801E-09 1.4786E-09 1.3732E-09 1.2922E-09 1.2032E-09 1.1023E-09 1.0162E-09 9.5619E-10 9.0930E-10 8.7017E-10 8.3265E-10 7.6950E-10 7.1704E-10 6.9750E-10 6.8220E-10 6.7333E-10 6.6443E-10 6.5551E-10 6.4656E-10 6.3758E-10 6.2855E-10 6.1950E-10 6.1044E-10 6.0137E-10 5.9230E-10 5.8324E-10 5.7419E-10 5.6514E-10 5.5612E-10 5.4713E-10 5.3817E-10 5.2924E-10
1.5561E-08 1.4457E-08 1.3389E-08 1.2350E-08 1.1209E-08 1.0201E-08 9.3771E-09 8.5789E-09 7.8162E-09 7.0970E-09 6.4290E-09 5.8172E-09 5.2539E-09 4.7420E-09 4.2610E-09 3.7661E-09 3.3372E-09 3.0567E-09 2.7863E-09 2.5660E-09 2.3530E-09 2.1770E-09 2.0169E-09 1.8555E-09 1.7270E-09 1.6106E-09 1.5055E-09 1.3961E-09 1.3124E-09 1.2306E-09 1.1237E-09 1.0396E-09 9.7240E-10 9.1620E-10 8.7790E-10 8.3948E-10 7.9011E-10 7.2433E-10 6.9991E-10 6.8608E-10 6.7564E-10 6.6671E-10 6.5776E-10 6.4878E-10 6.3974E-10 6.3067E-10 6.2159E-10 6.1249E-10 6.0339E-10 5.9428E-10 5.8518E-10 5.7609E-10 5.6701E-10 5.5795E-10 5.4892E-10 5.3993E-10 5.3096E-10
1.6372E-08 1.5191E-08 1.4034E-08 1.2927E-08 1.1776E-08 1.0624E-08 9.7497E-09 8.9105E-09 8.1111E-09 7.3548E-09 6.6476E-09 6.0050E-09 5.4181E-09 4.8854E-09 4.3878E-09 3.8952E-09 3.4271E-09 3.1364E-09 2.8563E-09 2.6312E-09 2.4096E-09 2.2271E-09 2.0613E-09 1.9070E-09 1.7606E-09 1.6403E-09 1.5316E-09 1.4266E-09 1.3320E-09 1.2529E-09 1.1542E-09 1.0612E-09 9.8767E-10 9.2468E-10 8.8488E-10 8.4604E-10 7.9815E-10 7.2878E-10 7.0305E-10 6.8833E-10 6.7785E-10 6.6890E-10 6.5992E-10 6.5088E-10 6.4181E-10 6.3271E-10 6.2359E-10 6.1445E-10 6.0531E-10 5.9617E-10 5.8703E-10 5.7791E-10 5.6879E-10 5.5970E-10 5.5064E-10 5.4160E-10 5.3261E-10
1.7260E-08 1.5955E-08 1.4710E-08 1.3517E-08 1.2324E-08 1.1086E-08 1.0125E-08 9.2434E-09 8.4046E-09 7.6146E-09 6.8723E-09 6.1929E-09 5.5825E-09 5.0313E-09 4.5411E-09 4.0888E-09 3.5829E-09 3.2165E-09 2.9396E-09 2.6943E-09 2.4788E-09 2.2755E-09 2.1040E-09 1.9486E-09 1.7929E-09 1.6688E-09 1.5567E-09 1.4522E-09 1.3507E-09 1.2700E-09 1.1817E-09 1.0824E-09 1.0003E-09 9.3779E-10 8.9135E-10 8.5227E-10 8.1400E-10 7.4460E-10 7.0525E-10 6.9049E-10 6.7997E-10 6.7099E-10 6.6197E-10 6.5289E-10 6.4378E-10 6.3465E-10 6.2549E-10 6.1633E-10 6.0715E-10 5.9797E-10 5.8880E-10 5.7964E-10 5.7049E-10 5.6137E-10 5.5227E-10 5.4320E-10 5.3417E-10
1.8271E-08 1.6773E-08 1.5413E-08 1.4124E-08 1.2889E-08 1.1543E-08 1.0499E-08 9.5734E-09 8.6967E-09 7.8702E-09 7.0983E-09 6.3824E-09 5.7480E-09 5.1787E-09 4.6718E-09 4.2053E-09 3.7189E-09 3.2959E-09 3.0213E-09 2.7548E-09 2.5364E-09 2.3217E-09 2.1449E-09 1.9846E-09 1.8283E-09 1.6960E-09 1.5807E-09 1.4768E-09 1.3686E-09 1.2858E-09 1.2028E-09 1.1016E-09 1.0149E-09 9.5149E-10 8.9627E-10 8.5863E-10 8.2344E-10 7.4716E-10 7.0826E-10 6.9254E-10 6.8199E-10 6.7298E-10 6.6392E-10 6.5481E-10 6.4566E-10 6.3649E-10 6.2730E-10 6.1810E-10 6.0889E-10 5.9968E-10 5.9048E-10 5.8129E-10 5.7211E-10 5.6295E-10 5.5382E-10 5.4472E-10 5.3566E-10
1.9515E-08 1.7758E-08 1.6153E-08 1.4755E-08 1.3424E-08 1.2055E-08 1.0876E-08 9.9005E-09 8.9831E-09 8.1226E-09 7.3212E-09 6.5776E-09 5.9096E-09 5.3276E-09 4.8060E-09 4.3274E-09 3.9240E-09 3.4290E-09 3.0894E-09 2.8122E-09 2.5872E-09 2.3704E-09 2.1835E-09 2.0187E-09 1.8621E-09 1.7217E-09 1.6033E-09 1.4967E-09 1.3897E-09 1.3006E-09 1.2231E-09 1.1227E-09 1.0324E-09 9.6174E-10 9.0335E-10 8.6400E-10 8.2879E-10 7.6247E-10 7.1025E-10 6.9449E-10 6.8391E-10 6.7487E-10 6.6576E-10 6.5662E-10 6.4744E-10 6.3824E-10 6.2902E-10 6.1979E-10 6.1055E-10 6.0130E-10 5.9207E-10 5.8284E-10 5.7363E-10 5.6445E-10 5.5528E-10 5.4615E-10 5.3706E-10
2.1011E-08 1.8927E-08 1.7051E-08 1.5422E-08 1.3974E-08 1.2530E-08 1.1257E-08 1.0226E-08 9.2641E-09 8.3673E-09 7.5364E-09 6.7748E-09 6.0765E-09 5.4727E-09 4.9396E-09 4.4588E-09 4.0266E-09 3.5683E-09 3.1551E-09 2.8794E-09 2.6348E-09 2.4166E-09 2.2198E-09 2.0507E-09 1.8941E-09 1.7457E-09 1.6244E-09 1.5153E-09 1.4092E-09 1.3145E-09 1.2365E-09 1.1407E-09 1.0444E-09 9.7292E-10 9.1169E-10 8.6770E-10 8.3143E-10 7.6835E-10 7.1212E-10 6.9634E-10 6.8573E-10 6.7664E-10 6.6751E-10 6.5833E-10 6.4912E-10 6.3989E-10 6.3064E-10 6.2137E-10 6.1210E-10 6.0283E-10 5.9356E-10 5.8431E-10 5.7507E-10 5.6585E-10 5.5666E-10 5.4750E-10 5.3838E-10
2.2880E-08 2.0422E-08 1.8212E-08 1.6203E-08 1.4575E-08 1.3055E-08 1.1635E-08 1.0549E-08 9.5402E-09 8.6055E-09 7.7471E-09 6.9631E-09 6.2501E-09 5.6156E-09 5.0710E-09 4.5827E-09 4.1270E-09 3.7494E-09 3.2639E-09 2.9371E-09 2.6789E-09 2.4597E-09 2.2533E-09 2.0802E-09 1.9238E-09 1.7679E-09 1.6439E-09 1.5324E-09 1.4237E-09 1.3273E-09 1.2478E-09 1.1609E-09 1.0609E-09 9.8120E-10 9.1994E-10 8.7296E-10 8.3616E-10 7.7519E-10 7.1388E-10 6.9808E-10 6.8744E-10 6.7831E-10 6.6915E-10 6.5994E-10 6.5070E-10 6.4144E-10 6.3216E-10 6.2287E-10 6.1357E-10 6.0427E-10 5.9497E-10 5.8569E-10 5.7642E-10 5.6717E-10 5.5795E-10 5.4877E-10 5.3962E-10
2.5297E-08 2.2412E-08 1.9564E-08 1.7251E-08 1.5166E-08 1.3618E-08 1.2058E-08 1.0869E-08 9.8070E-09 8.8360E-09 7.9496E-09 7.1473E-09 6.4198E-09 5.7595E-09 5.1981E-09 4.6985E-09 4.2306E-09 3.8315E-09 3.3667E-09 2.9918E-09 2.7192E-09 2.4992E-09 2.2838E-09 2.1071E-09 1.9474E-09 1.7926E-09 1.6617E-09 1.5476E-09 1.4410E-09 1.3381E-09 1.2576E-09 1.1739E-09 1.0721E-09 9.8938E-10 9.2892E-10 8.7623E-10 8.3884E-10 7.8110E-10 7.1911E-10 6.9972E-10 6.8903E-10 6.7988E-10 6.7068E-10 6.6145E-10 6.5218E-10 6.4289E-10 6.3358E-10 6.2426E-10 6.1493E-10 6.0560E-10 5.9628E-10 5.8697E-10 5.7768E-10 5.6840E-10 5.5916E-10 5.4995E-10 5.4077E-10
2.8394E-08 2.4873E-08 2.1594E-08 1.8651E-08 1.6074E-08 1.4164E-08 1.2457E-08 1.1181E-08 1.0068E-08 9.0590E-09 8.1445E-09 7.3215E-09 6.5821E-09 5.9066E-09 5.3176E-09 4.8079E-09 4.3297E-09 3.9080E-09 3.5353E-09 3.0610E-09 2.7620E-09 2.5310E-09 2.3161E-09 2.1311E-09 1.9686E-09 1.8108E-09 1.6775E-09 1.5611E-09 1.4532E-09 1.3485E-09 1.2668E-09 1.1884E-09 1.0867E-09 1.0010E-09 9.3597E-10 8.8150E-10 8.4260E-10 7.9247E-10 7.2176E-10 7.0122E-10 6.9052E-10 6.8134E-10 6.7211E-10 6.6285E-10 6.5356E-10 6.4424E-10 6.3491E-10 6.2556E-10 6.1620E-10 6.0685E-10 5.9750E-10 5.8816E-10 5.7884E-10 5.6954E-10 5.6027E-10 5.5104E-10 5.4181E-10
3.2647E-08 2.8192E-08 2.4003E-08 2.0402E-08 1.7365E-08 1.4862E-08 1.3052E-08 1.1481E-08 1.0321E-08 9.2717E-09 8.3329E-09 7.4871E-09 6.7337E-09 6.0524E-09 5.4336E-09 4.9072E-09 4.4235E-09 3.9783E-09 3.5951E-09 3.1153E-09 2.8010E-09 2.5589E-09 2.3448E-09 2.1521E-09 1.9870E-09 1.8311E-09 1.6913E-09 1.5732E-09 1.4634E-09 1.3618E-09 1.2744E-09 1.1966E-09 1.0973E-09 1.0086E-09 9.4053E-10 8.8634E-10 8.4632E-10 7.9432E-10 7.2714E-10 7.0262E-10 6.9190E-10 6.8269E-10 6.7344E-10 6.6415E-10 6.5483E-10 6.4549E-10 6.3613E-10 6.2675E-10 6.1737E-10 6.0799E-10 5.9862E-10 5.8926E-10 5.7992E-10 5.7059E-10 5.6130E-10 5.5203E-10 5.4275E-10
