Assets/Resources/2015_m01_d10_1500(utc+0800)_l00_csi_1hr_conc.grd
DSAA
         159         159
     -79.000      79.000
     -79.000      79.000
  0.2104E-09  0.5309E-05
[rows 125 to 149 of 159, columns 57 to 113 of 159]
3.3047E-09 3.4047E-09 3.5084E-09 3.6138E-09 3.7211E-09 3.8315E-09 3.9394E-09 4.0483E-09 4.1592E-09 4.2676E-09 4.3791E-09 4.4973E-09 4.6057E-09 4.7133E-09 4.8202E-09 4.9321E-09 5.0498E-09 5.1549E-09 5.2646E-09 5.3673E-09 5.4828E-09 5.5830E-09 5.6802E-09 5.7745E-09 5.8666E-09 5.9562E-09 6.0463E-09 6.1375E-09 6.2259E-09 6.3161E-09 6.4056E-09 6.4948E-09 6.5858E-09 6.6794E-09 6.7871E-09 6.8831E-09 6.9740E-09 7.0706E-09 7.2067E-09 7.3211E-09 7.4306E-09 7.5435E-09 7.6627E-09 7.7982E-09 7.9858E-09 8.1558E-09 8.3194E-09 8.4956E-09 8.6860E-09 8.8925E-09 9.1167E-09 9.4980E-09 9.8610E-09 1.0374E-08 1.1113E-08 1.2034E-08 1.2978E-08
3.2908E-09 3.3898E-09 3.4911E-09 3.5969E-09 3.7044E-09 3.8103E-09 3.9202E-09 4.0272E-09 4.1376E-09 4.2448E-09 4.3534E-09 4.4618E-09 4.5786E-09 4.6851E-09 4.7907E-09 4.8953E-09 5.0110E-09 5.1204E-09 5.2226E-09 5.3296E-09 5.4426E-09 5.5410E-09 5.6362E-09 5.7289E-09 5.8193E-09 5.9071E-09 5.9925E-09 6.0791E-09 6.1678E-09 6.2558E-09 6.3438E-09 6.4318E-09 6.5207E-09 6.6127E-09 6.7147E-09 6.8131E-09 6.9014E-09 6.9952E-09 7.1185E-09 7.2372E-09 7.3434E-09 7.4550E-09 7.5708E-09 7.7006E-09 7.8796E-09 8.0456E-09 8.2093E-09 8.3807E-09 8.5661E-09 8.7670E-09 8.9855E-09 9.3421E-09 9.6936E-09 1.0091E-08 1.0698E-08 1.1513E-08 1.2459E-08
3.2738E-09 3.3729E-09 3.4754E-09 3.5803E-09 3.6861E-09 3.7915E-09 3.9001E-09 4.0060E-09 4.1118E-09 4.2211E-09 4.3268E-09 4.4355E-09 4.5506E-09 4.6559E-09 4.7602E-09 4.8636E-09 4.9655E-09 5.0835E-09 5.1857E-09 5.2910E-09 5.3889E-09 5.4980E-09 5.5914E-09 5.6825E-09 5.7711E-09 5.8572E-09 5.9410E-09 6.0228E-09 6.1094E-09 6.1953E-09 6.2818E-09 6.3685E-09 6.4545E-09 6.5456E-09 6.6466E-09 6.7425E-09 6.8282E-09 6.9136E-09 7.0339E-09 7.1544E-09 7.2574E-09 7.3657E-09 7.4763E-09 7.5932E-09 7.7633E-09 7.9385E-09 8.0973E-09 8.2636E-09 8.4435E-09 8.6386E-09 8.8506E-09 9.1745E-09 9.5215E-09 9.8985E-09 1.0354E-08 1.1049E-08 1.1902E-08
3.2586E-09 3.3573E-09 3.4584E-09 3.5605E-09 3.6658E-09 3.7718E-09 3.8759E-09 3.9838E-09 4.0884E-09 4.1963E-09 4.3009E-09 4.4050E-09 4.5120E-09 4.6257E-09 4.7288E-09 4.8309E-09 4.9315E-09 5.0429E-09 5.1480E-09 5.2458E-09 5.3477E-09 5.4507E-09 5.5458E-09 5.6352E-09 5.7222E-09 5.8065E-09 5.8889E-09 5.9691E-09 6.0499E-09 6.1345E-09 6.2181E-09 6.3033E-09 6.3887E-09 6.4774E-09 6.5765E-09 6.6714E-09 6.7547E-09 6.8375E-09 6.9468E-09 7.0693E-09 7.1690E-09 7.2758E-09 7.3830E-09 7.4944E-09 7.6589E-09 7.8251E-09 7.9837E-09 8.1446E-09 8.3187E-09 8.5075E-09 8.7127E-09 9.0012E-09 9.3422E-09 9.7017E-09 1.0114E-08 1.0668E-08 1.1436E-08
3.2428E-09 3.3386E-09 3.4395E-09 3.5424E-09 3.6464E-09 3.7500E-09 3.8541E-09 3.9607E-09 4.0642E-09 4.1675E-09 4.2741E-09 4.3770E-09 4.4826E-09 4.5921E-09 4.6965E-09 4.7972E-09 4.8966E-09 4.9944E-09 5.1035E-09 5.2057E-09 5.2997E-09 5.3970E-09 5.4993E-09 5.5871E-09 5.6724E-09 5.7552E-09 5.8360E-09 5.9148E-09 5.9918E-09 6.0711E-09 6.1553E-09 6.2374E-09 6.3220E-09 6.4082E-09 6.5004E-09 6.5999E-09 6.6807E-09 6.7611E-09 6.8616E-09 6.9857E-09 7.0823E-09 7.1839E-09 7.2874E-09 7.3970E-09 7.5505E-09 7.7158E-09 7.8688E-09 8.0241E-09 8.1920E-09 8.3742E-09 8.5721E-09 8.8244E-09 9.1675E-09 9.4932E-09 9.8921E-09 1.0375E-08 1.1031E-08
3.2240E-09 3.3216E-09 3.4216E-09 3.5210E-09 3.6238E-09 3.7274E-09 3.8316E-09 3.9336E-09 4.0390E-09 4.1412E-09 4.2464E-09 4.3481E-09 4.4492E-09 4.5531E-09 4.6633E-09 4.7627E-09 4.8608E-09 4.9574E-09 5.0613E-09 5.1647E-09 5.2570E-09 5.3522E-09 5.4394E-09 5.5384E-09 5.6220E-09 5.7034E-09 5.7827E-09 5.8600E-09 5.9356E-09 6.0097E-09 6.0893E-09 6.1692E-09 6.2538E-09 6.3367E-09 6.4248E-09 6.5282E-09 6.6065E-09 6.6846E-09 6.7686E-09 6.8931E-09 6.9952E-09 7.0916E-09 7.1915E-09 7.2992E-09 7.4304E-09 7.6008E-09 7.7529E-09 7.9024E-09 8.0639E-09 8.2391E-09 8.4294E-09 8.6517E-09 8.9780E-09 9.2939E-09 9.6528E-09 1.0132E-08 1.0666E-08
3.2071E-09 3.3039E-09 3.4007E-09 3.5014E-09 3.6030E-09 3.7052E-09 3.8057E-09 3.9089E-09 4.0115E-09 4.1140E-09 4.2147E-09 4.3184E-09 4.4184E-09 4.5209E-09 4.6194E-09 4.7274E-09 4.8242E-09 4.9195E-09 5.0133E-09 5.1174E-09 5.2135E-09 5.3011E-09 5.3926E-09 5.4823E-09 5.5710E-09 5.6510E-09 5.7288E-09 5.8047E-09 5.8790E-09 5.9518E-09 6.0237E-09 6.1037E-09 6.1822E-09 6.2667E-09 6.3511E-09 6.4507E-09 6.5322E-09 6.6079E-09 6.6893E-09 6.8075E-09 6.9062E-09 6.9993E-09 7.0974E-09 7.1995E-09 7.3154E-09 7.4809E-09 7.6316E-09 7.7798E-09 7.9348E-09 8.1028E-09 8.2852E-09 8.4869E-09 8.7762E-09 9.1007E-09 9.4347E-09 9.8637E-09 1.0373E-08
3.1897E-09 3.2833E-09 3.3816E-09 3.4786E-09 3.5790E-09 3.6800E-09 3.7816E-09 3.8835E-09 3.9832E-09 4.0861E-09 4.1856E-09 4.2846E-09 4.3867E-09 4.4847E-09 4.5851E-09 4.6913E-09 4.7868E-09 4.8809E-09 4.9734E-09 5.0636E-09 5.1635E-09 5.2554E-09 5.3392E-09 5.4268E-09 5.5195E-09 5.5980E-09 5.6744E-09 5.7490E-09 5.8219E-09 5.8935E-09 5.9641E-09 6.0353E-09 6.1146E-09 6.1955E-09 6.2761E-09 6.3731E-09 6.4577E-09 6.5311E-09 6.6042E-09 6.7041E-09 6.8172E-09 6.9068E-09 7.0034E-09 7.0998E-09 7.2005E-09 7.3661E-09 7.5101E-09 7.6568E-09 7.8051E-09 7.9657E-09 8.1401E-09 8.3296E-09 8.5733E-09 8.8966E-09 9.2184E-09 9.6175E-09 1.0081E-08
3.1716E-09 3.2646E-09 3.3593E-09 3.4576E-09 3.5567E-09 3.6565E-09 3.7544E-09 3.8550E-09 3.9559E-09 4.0542E-09 4.1557E-09 4.2536E-09 4.3543E-09 4.4511E-09 4.5468E-09 4.6449E-09 4.7487E-09 4.8416E-09 4.9326E-09 5.0213E-09 5.1128E-09 5.2060E-09 5.2914E-09 5.3741E-09 5.4550E-09 5.5447E-09 5.6197E-09 5.6930E-09 5.7646E-09 5.8351E-09 5.9044E-09 5.9726E-09 6.0418E-09 6.1204E-09 6.2016E-09 6.2938E-09 6.3833E-09 6.4544E-09 6.5252E-09 6.6082E-09 6.7284E-09 6.8166E-09 6.9077E-09 7.0003E-09 7.0988E-09 7.2407E-09 7.3887E-09 7.5336E-09 7.6752E-09 7.8283E-09 7.9944E-09 8.1749E-09 8.3838E-09 8.6784E-09 8.9902E-09 9.3696E-09 9.7802E-09
3.1506E-09 3.2451E-09 3.3388E-09 3.4359E-09 3.5314E-09 3.6299E-09 3.7289E-09 3.8283E-09 3.9272E-09 4.0250E-09 4.1251E-09 4.2219E-09 4.3179E-09 4.4168E-09 4.5113E-09 4.6070E-09 4.7001E-09 4.8015E-09 4.8913E-09 4.9784E-09 5.0625E-09 5.1565E-09 5.2431E-09 5.3214E-09 5.4021E-09 5.4781E-09 5.5647E-09 5.6367E-09 5.7071E-09 5.7764E-09 5.8445E-09 5.9112E-09 5.9767E-09 6.0456E-09 6.1220E-09 6.2086E-09 6.3088E-09 6.3778E-09 6.4464E-09 6.5207E-09 6.6329E-09 6.7265E-09 6.8123E-09 6.9012E-09 6.9975E-09 7.1041E-09 7.2680E-09 7.4107E-09 7.5454E-09 7.6910E-09 7.8489E-09 8.0202E-09 8.2081E-09 8.4584E-09 8.7659E-09 9.1096E-09 9.4963E-09
3.1315E-09 3.2227E-09 3.3177E-09 3.4112E-09 3.5078E-09 3.6027E-09 3.7004E-09 3.7985E-09 3.8968E-09 3.9951E-09 4.0907E-09 4.1894E-09 4.2843E-09 4.3793E-09 4.4750E-09 4.5671E-09 4.6612E-09 4.7557E-09 4.8492E-09 4.9348E-09 5.0176E-09 5.0980E-09 5.1885E-09 5.2712E-09 5.3461E-09 5.4250E-09 5.4995E-09 5.5800E-09 5.6493E-09 5.7174E-09 5.7842E-09 5.8496E-09 5.9136E-09 5.9763E-09 6.0445E-09 6.1258E-09 6.2290E-09 6.3014E-09 6.3677E-09 6.4337E-09 6.5399E-09 6.6351E-09 6.7154E-09 6.8044E-09 6.8932E-09 6.9860E-09 7.1438E-09 7.2790E-09 7.4162E-09 7.5543E-09 7.7038E-09 7.8660E-09 8.0421E-09 8.2508E-09 8.5324E-09 8.8616E-09 9.2213E-09
3.1120E-09 3.2021E-09 3.2959E-09 3.3883E-09 3.4813E-09 3.5774E-09 3.6738E-09 3.7693E-09 3.8651E-09 3.9621E-09 4.0590E-09 4.1530E-09 4.2501E-09 4.3430E-09 4.4382E-09 4.5290E-09 4.6185E-09 4.7100E-09 4.8064E-09 4.8905E-09 4.9720E-09 5.0512E-09 5.1279E-09 5.2148E-09 5.2943E-09 5.3658E-09 5.4417E-09 5.5165E-09 5.5913E-09 5.6582E-09 5.7238E-09 5.7878E-09 5.8505E-09 5.9117E-09 5.9719E-09 6.0386E-09 6.1427E-09 6.2251E-09 6.2894E-09 6.3532E-09 6.4348E-09 6.5424E-09 6.6230E-09 6.7064E-09 6.7894E-09 6.8818E-09 6.9977E-09 7.1482E-09 7.2878E-09 7.4185E-09 7.5598E-09 7.7129E-09 7.8789E-09 8.0620E-09 8.3026E-09 8.6078E-09 8.9446E-09
3.0912E-09 3.1810E-09 3.2713E-09 3.3648E-09 3.4567E-09 3.5508E-09 3.6443E-09 3.7397E-09 3.8354E-09 3.9304E-09 4.0254E-09 4.1196E-09 4.2144E-09 4.3069E-09 4.3975E-09 4.4903E-09 4.5787E-09 4.6662E-09 4.7533E-09 4.8456E-09 4.9259E-09 5.0039E-09 5.0793E-09 5.1553E-09 5.2377E-09 5.3125E-09 5.3824E-09 5.4540E-09 5.5265E-09 5.5990E-09 5.6631E-09 5.7259E-09 5.7872E-09 5.8469E-09 5.9056E-09 5.9643E-09 6.0283E-09 6.1491E-09 6.2113E-09 6.2730E-09 6.3404E-09 6.4452E-09 6.5312E-09 6.6073E-09 6.6902E-09 6.7767E-09 6.8635E-09 7.0247E-09 7.1510E-09 7.2840E-09 7.4171E-09 7.5613E-09 7.7175E-09 7.8868E-09 8.0879E-09 8.3560E-09 8.6767E-09
3.0689E-09 3.1593E-09 3.2484E-09 3.3383E-09 3.4315E-09 3.5226E-09 3.6166E-09 3.7084E-09 3.8028E-09 3.8971E-09 3.9915E-09 4.0855E-09 4.1766E-09 4.2702E-09 4.3596E-09 4.4478E-09 4.5383E-09 4.6237E-09 4.7091E-09 4.7905E-09 4.8794E-09 4.9562E-09 5.0303E-09 5.1023E-09 5.1781E-09 5.2559E-09 5.3263E-09 5.3934E-09 5.4627E-09 5.5395E-09 5.6023E-09 5.6638E-09 5.7238E-09 5.7821E-09 5.8386E-09 5.8957E-09 5.9523E-09 6.0543E-09 6.1336E-09 6.1933E-09 6.2525E-09 6.3358E-09 6.4365E-09 6.5111E-09 6.5920E-09 6.6707E-09 6.7570E-09 6.8926E-09 7.0163E-09 7.1511E-09 7.2763E-09 7.4117E-09 7.5582E-09 7.7170E-09 7.8955E-09 8.1237E-09 8.4144E-09
3.0478E-09 3.1347E-09 3.2250E-09 3.3138E-09 3.4045E-09 3.4957E-09 3.5860E-09 3.6790E-09 3.7702E-09 3.8627E-09 3.9557E-09 4.0485E-09 4.1408E-09 4.2298E-09 4.3212E-09 4.4083E-09 4.4957E-09 4.5814E-09 4.6630E-09 4.7453E-09 4.8274E-09 4.9079E-09 4.9809E-09 5.0519E-09 5.1206E-09 5.1964E-09 5.2683E-09 5.3361E-09 5.4038E-09 5.4705E-09 5.5414E-09 5.6016E-09 5.6603E-09 5.7172E-09 5.7723E-09 5.8272E-09 5.8823E-09 5.9494E-09 6.0533E-09 6.1141E-09 6.1713E-09 6.2401E-09 6.3427E-09 6.4176E-09 6.4893E-09 6.5679E-09 6.6517E-09 6.7321E-09 6.8942E-09 7.0104E-09 7.1376E-09 7.2644E-09 7.4015E-09 7.5510E-09 7.7177E-09 7.9129E-09 8.1651E-09
3.0262E-09 3.1120E-09 3.1988E-09 3.2888E-09 3.3771E-09 3.4676E-09 3.5574E-09 3.6467E-09 3.7386E-09 3.8291E-09 3.9208E-09 4.0117E-09 4.1021E-09 4.1923E-09 4.2799E-09 4.3683E-09 4.4527E-09 4.5377E-09 4.6187E-09 4.6965E-09 4.7757E-09 4.8542E-09 4.9312E-09 5.0011E-09 5.0689E-09 5.1346E-09 5.2107E-09 5.2801E-09 5.3421E-09 5.4083E-09 5.4741E-09 5.5394E-09 5.5967E-09 5.6523E-09 5.7061E-09 5.7589E-09 5.8125E-09 5.8656E-09 5.9524E-09 6.0346E-09 6.0905E-09 6.1452E-09 6.2247E-09 6.3215E-09 6.3916E-09 6.4681E-09 6.5423E-09 6.6239E-09 6.7548E-09 6.8729E-09 7.0014E-09 7.1199E-09 7.2479E-09 7.3883E-09 7.5457E-09 7.7229E-09 7.9422E-09
3.0041E-09 3.0888E-09 3.1745E-09 3.2621E-09 3.3504E-09 3.4379E-09 3.5282E-09 3.6164E-09 3.7058E-09 3.7952E-09 3.8850E-09 3.9752E-09 4.0642E-09 4.1531E-09 4.2399E-09 4.3269E-09 4.4110E-09 4.4921E-09 4.5741E-09 4.6508E-09 4.7253E-09 4.8008E-09 4.8786E-09 4.9501E-09 5.0168E-09 5.0816E-09 5.1444E-09 5.2196E-09 5.2848E-09 5.3465E-09 5.4135E-09 5.4772E-09 5.5332E-09 5.5875E-09 5.6401E-09 5.6908E-09 5.7429E-09 5.7937E-09 5.8628E-09 5.9421E-09 6.0104E-09 6.0631E-09 6.1390E-09 6.2266E-09 6.2970E-09 6.3643E-09 6.4382E-09 6.5173E-09 6.5927E-09 6.7438E-09 6.8478E-09 6.9785E-09 7.0977E-09 7.2294E-09 7.3778E-09 7.5445E-09 7.7428E-09
2.9804E-09 3.0652E-09 3.1497E-09 3.2350E-09 3.3226E-09 3.4096E-09 3.4963E-09 3.5857E-09 3.6727E-09 3.7608E-09 3.8488E-09 3.9377E-09 4.0253E-09 4.1129E-09 4.1997E-09 4.2837E-09 4.3680E-09 4.4486E-09 4.5259E-09 4.6047E-09 4.6780E-09 4.7498E-09 4.8214E-09 4.8961E-09 4.9646E-09 5.0284E-09 5.0903E-09 5.1564E-09 5.2259E-09 5.2862E-09 5.3498E-09 5.4149E-09 5.4697E-09 5.5228E-09 5.5741E-09 5.6236E-09 5.6729E-09 5.7230E-09 5.7712E-09 5.8529E-09 5.9231E-09 5.9817E-09 6.0321E-09 6.1078E-09 6.2000E-09 6.2657E-09 6.3376E-09 6.4050E-09 6.4836E-09 6.6081E-09 6.7195E-09 6.8401E-09 6.9515E-09 7.0755E-09 7.2153E-09 7.3745E-09 7.5613E-09
2.9564E-09 3.0405E-09 3.1245E-09 3.2086E-09 3.2933E-09 3.3802E-09 3.4664E-09 3.5521E-09 3.6403E-09 3.7261E-09 3.8134E-09 3.8993E-09 3.9863E-09 4.0725E-09 4.1580E-09 4.2419E-09 4.3230E-09 4.4046E-09 4.4807E-09 4.5549E-09 4.6304E-09 4.7003E-09 4.7690E-09 4.8376E-09 4.9121E-09 4.9750E-09 5.0360E-09 5.0977E-09 5.1669E-09 5.2273E-09 5.2847E-09 5.3497E-09 5.4063E-09 5.4581E-09 5.5082E-09 5.5566E-09 5.6039E-09 5.6526E-09 5.6994E-09 5.7697E-09 5.8317E-09 5.8969E-09 5.9497E-09 6.0217E-09 6.1046E-09 6.1705E-09 6.2312E-09 6.3023E-09 6.3763E-09 6.4466E-09 6.5740E-09 6.6865E-09 6.8095E-09 6.9260E-09 7.0575E-09 7.2095E-09 7.3877E-09
2.9331E-09 3.0144E-09 3.0982E-09 3.1818E-09 3.2654E-09 3.3494E-09 3.4355E-09 3.5206E-09 3.6058E-09 3.6922E-09 3.7766E-09 3.8630E-09 3.9463E-09 4.0312E-09 4.1154E-09 4.1986E-09 4.2801E-09 4.3570E-09 4.4353E-09 4.5084E-09 4.5800E-09 4.6514E-09 4.7184E-09 4.7857E-09 4.8521E-09 4.9215E-09 4.9815E-09 5.0391E-09 5.1050E-09 5.1669E-09 5.2245E-09 5.2847E-09 5.3429E-09 5.3936E-09 5.4426E-09 5.4898E-09 5.5353E-09 5.5819E-09 5.6280E-09 5.6724E-09 5.7486E-09 5.8054E-09 5.8673E-09 5.9144E-09 5.9862E-09 6.0694E-09 6.1343E-09 6.2013E-09 6.2639E-09 6.3372E-09 6.4140E-09 6.5521E-09 6.6515E-09 6.7810E-09 6.9045E-09 7.0498E-09 7.2192E-09
2.9093E-09 2.9895E-09 3.0706E-09 3.1540E-09 3.2370E-09 3.3199E-09 3.4031E-09 3.4888E-09 3.5723E-09 3.6568E-09 3.7412E-09 3.8239E-09 3.9084E-09 3.9909E-09 4.0733E-09 4.1545E-09 4.2345E-09 4.3125E-09 4.3871E-09 4.4615E-09 4.5312E-09 4.6006E-09 4.6683E-09 4.7329E-09 4.7998E-09 4.8653E-09 4.9268E-09 4.9834E-09 5.0433E-09 5.1066E-09 5.1630E-09 5.2230E-09 5.2797E-09 5.3293E-09 5.3772E-09 5.4233E-09 5.4676E-09 5.5116E-09 5.5564E-09 5.6001E-09 5.6665E-09 5.7227E-09 5.7782E-09 5.8320E-09 5.9000E-09 5.9478E-09 6.0389E-09 6.0950E-09 6.1611E-09 6.2261E-09 6.2951E-09 6.3919E-09 6.5204E-09 6.6302E-09 6.7578E-09 6.8965E-09 7.0572E-09
2.8852E-09 2.9643E-09 3.0442E-09 3.1248E-09 3.2083E-09 3.2901E-09 3.3721E-09 3.4548E-09 3.5389E-09 3.6211E-09 3.7049E-09 3.7870E-09 3.8691E-09 3.9504E-09 4.0321E-09 4.1119E-09 4.1899E-09 4.2660E-09 4.3405E-09 4.4119E-09 4.4831E-09 4.5498E-09 4.6180E-09 4.6808E-09 4.7441E-09 4.8092E-09 4.8720E-09 4.9275E-09 4.9860E-09 5.0464E-09 5.1016E-09 5.1585E-09 5.2137E-09 5.2651E-09 5.3119E-09 5.3570E-09 5.4003E-09 5.4432E-09 5.4861E-09 5.5277E-09 5.5689E-09 5.6388E-09 5.6907E-09 5.7439E-09 5.7931E-09 5.8606E-09 5.9383E-09 5.9983E-09 6.0530E-09 6.1181E-09 6.1861E-09 6.2508E-09 6.3631E-09 6.4876E-09 6.6062E-09 6.7486E-09 6.9006E-09
2.8586E-09 2.9387E-09 3.0175E-09 3.0970E-09 3.1770E-09 3.2599E-09 3.3408E-09 3.4218E-09 3.5052E-09 3.5862E-09 3.6682E-09 3.7498E-09 3.8306E-09 3.9108E-09 3.9900E-09 4.0685E-09 4.1451E-09 4.2206E-09 4.2939E-09 4.3639E-09 4.4339E-09 4.5005E-09 4.5660E-09 4.6294E-09 4.6909E-09 4.7555E-09 4.8171E-09 4.8715E-09 4.9260E-09 4.9877E-09 5.0403E-09 5.0929E-09 5.1510E-09 5.2012E-09 5.2470E-09 5.2910E-09 5.3333E-09 5.3738E-09 5.4161E-09 5.4565E-09 5.4965E-09 5.5583E-09 5.6082E-09 5.6575E-09 5.7101E-09 5.7747E-09 5.8187E-09 5.8961E-09 5.9550E-09 6.0140E-09 6.0725E-09 6.1408E-09 6.2123E-09 6.3393E-09 6.4624E-09 6.6056E-09 6.7491E-09
2.8339E-09 2.9112E-09 2.9905E-09 3.0689E-09 3.1478E-09 3.2288E-09 3.3091E-09 3.3890E-09 3.4700E-09 3.5511E-09 3.6313E-09 3.7122E-09 3.7913E-09 3.8703E-09 3.9489E-09 4.0260E-09 4.1007E-09 4.1745E-09 4.2465E-09 4.3166E-09 4.3847E-09 4.4511E-09 4.5146E-09 4.5779E-09 4.6376E-09 4.6994E-09 4.7621E-09 4.8153E-09 4.8661E-09 4.9251E-09 4.9805E-09 5.0307E-09 5.0857E-09 5.1375E-09 5.1823E-09 5.2253E-09 5.2667E-09 5.3062E-09 5.3460E-09 5.3852E-09 5.4240E-09 5.4619E-09 5.5244E-09 5.5725E-09 5.6213E-09 5.6688E-09 5.7320E-09 5.7743E-09 5.8551E-09 5.9092E-09 5.9692E-09 6.0262E-09 6.0982E-09 6.1788E-09 6.3233E-09 6.4533E-09 6.6034E-09
2.8088E-09 2.8845E-09 2.9621E-09 3.0404E-09 3.1182E-09 3.1969E-09 3.2771E-09 3.3559E-09 3.4352E-09 3.5157E-09 3.5941E-09 3.6738E-09 3.7517E-09 3.8301E-09 3.9069E-09 3.9827E-09 4.0562E-09 4.1287E-09 4.1995E-09 4.2685E-09 4.3354E-09 4.4007E-09 4.4641E-09 4.5255E-09 4.5843E-09 4.6425E-09 4.7047E-09 4.7592E-09 4.8091E-09 4.8627E-09 4.9197E-09 4.9687E-09 5.0208E-09 5.0741E-09 5.1179E-09 5.1600E-09 5.2004E-09 5.2390E-09 5.2765E-09 5.3152E-09 5.3522E-09 5.3889E-09 5.4450E-09 5.4911E-09 5.5361E-09 5.5828E-09 5.6244E-09 5.6870E-09 5.7427E-09 5.8102E-09 5.8614E-09 5.9228E-09 5.9872E-09 6.0609E-09 6.1705E-09 6.3172E-09 6.4581E-09
