Assets/Resources/2015_m01_d07_0500(utc+0800)_l00_csi_1hr_conc.grd
DSAA
         159         159
     -79.000      79.000
     -79.000      79.000
  0.0000E+00  0.6521E-05
[rows 50 to 74 of 159, columns 0 to 56 of 159]
0.0000E+00 0.0000E+00 0.0000E+00 0.0000E+00 0.0000E+00 0.0000E+00 0.0000E+00 0.0000E+00 0.0000E+00 0.0000E+00 4.1465E-13 5.2125E-12 1.2202E-11 2.0271E-11 2.6273E-11 3.0283E-11 3.3890E-11 3.7826E-11 4.3894E-11 5.4459E-11 6.7329E-11 8.2690E-11 9.6605E-11 1.0930E-10 1.2330E-10 1.3720E-10 1.5406E-10 1.7098E-10 1.9001E-10 2.1003E-10 2.3072E-10 2.5420E-10 2.7971E-10 3.0623E-10 3.3445E-10 3.6479E-10 3.9735E-10 4.3224E-10 4.6954E-10 5.0935E-10 5.5513E-10 6.3197E-10 6.9815E-10 7.5876E-10 8.2383E-10 8.9801E-10 9.8459E-10 1.0923E-09 1.2430E-09 1.4003E-09 1.5928E-09 1.8161E-09 2.0800E-09 2.3739E-09 2.7156E-09 3.0790E-09 3.4803E-09
0.0000E+00 0.0000E+00 0.0000E+00 0.0000E+00 0.0000E+00 0.0000E+00 0.0000E+00 0.0000E+00 0.0000E+00 0.0000E+00 0.0000E+00 1.4476E-12 9.6497E-12 1.6579E-11 2.4290E-11 2.8307E-11 3.1745E-11 3.6229E-11 4.0432E-11 4.7740E-11 6.3579E-11 7.6976E-11 9.2406E-11 1.0454E-10 1.1659E-10 1.3121E-10 1.4590E-10 1.6351E-10 1.8128E-10 2.0041E-10 2.2051E-10 2.4268E-10 2.6706E-10 2.9288E-10 3.1987E-10 3.4889E-10 3.8003E-10 4.1339E-10 4.4906E-10 4.8713E-10 5.3095E-10 5.9766E-10 6.6817E-10 7.2623E-10 7.8857E-10 8.5919E-10 9.4089E-10 1.0419E-09 1.1850E-09 1.3382E-09 1.5256E-09 1.7212E-09 1.9665E-09 2.2510E-09 2.5814E-09 2.9564E-09 3.3599E-09
0.0000E+00 0.0000E+00 0.0000E+00 0.0000E+00 0.0000E+00 0.0000E+00 0.0000E+00 0.0000E+00 0.0000E+00 0.0000E+00 0.0000E+00 2.0770E-13 5.7007E-12 1.2678E-11 2.0790E-11 2.7084E-11 3.0373E-11 3.3963E-11 3.8677E-11 4.3960E-11 5.5599E-11 6.9876E-11 8.7026E-11 9.7229E-11 1.1135E-10 1.2398E-10 1.3932E-10 1.5470E-10 1.7300E-10 1.9095E-10 2.1054E-10 2.3163E-10 2.5470E-10 2.7966E-10 3.0542E-10 3.3312E-10 3.6285E-10 3.9470E-10 4.2876E-10 4.6511E-10 5.0697E-10 5.6784E-10 6.3831E-10 6.9381E-10 7.5341E-10 8.2089E-10 8.9847E-10 9.9353E-10 1.1100E-09 1.2737E-09 1.4394E-09 1.6454E-09 1.8514E-09 2.1216E-09 2.4222E-09 2.8026E-09 3.2193E-09
0.0000E+00 0.0000E+00 0.0000E+00 0.0000E+00 0.0000E+00 0.0000E+00 0.0000E+00 0.0000E+00 0.0000E+00 0.0000E+00 0.0000E+00 0.0000E+00 2.8259E-12 9.7048E-12 1.7287E-11 2.4323E-11 2.8314E-11 3.2455E-11 3.6186E-11 4.1212E-11 5.1434E-11 6.3749E-11 7.9432E-11 9.2727E-11 1.0485E-10 1.1821E-10 1.3139E-10 1.4748E-10 1.6351E-10 1.8182E-10 2.0070E-10 2.2032E-10 2.4259E-10 2.6660E-10 2.9115E-10 3.1755E-10 3.4589E-10 3.7624E-10 4.0870E-10 4.4334E-10 4.8024E-10 5.4146E-10 5.9854E-10 6.6162E-10 7.1847E-10 7.8294E-10 8.5685E-10 9.4605E-10 1.0544E-09 1.2105E-09 1.3684E-09 1.5678E-09 1.7698E-09 1.9973E-09 2.2703E-09 2.6256E-09 3.0291E-09
0.0000E+00 0.0000E+00 0.0000E+00 0.0000E+00 0.0000E+00 0.0000E+00 0.0000E+00 0.0000E+00 0.0000E+00 0.0000E+00 0.0000E+00 0.0000E+00 0.0000E+00 5.5172E-12 1.2945E-11 2.0453E-11 2.6482E-11 3.0287E-11 3.3837E-11 3.8514E-11 4.4670E-11 5.6347E-11 7.3595E-11 8.7046E-11 9.9835E-11 1.1125E-10 1.2374E-10 1.3897E-10 1.5563E-10 1.7257E-10 1.9067E-10 2.0924E-10 2.3038E-10 2.5338E-10 2.7710E-10 3.0221E-10 3.2917E-10 3.5805E-10 3.8893E-10 4.2188E-10 4.5699E-10 5.0538E-10 5.6974E-10 6.2974E-10 6.8387E-10 7.4531E-10 8.1583E-10 8.9867E-10 1.0018E-09 1.1299E-09 1.3016E-09 1.4722E-09 1.6867E-09 1.8978E-09 2.1449E-09 2.4451E-09 2.8402E-09
0.0000E+00 0.0000E+00 0.0000E+00 0.0000E+00 0.0000E+00 0.0000E+00 0.0000E+00 0.0000E+00 0.0000E+00 0.0000E+00 0.0000E+00 0.0000E+00 0.0000E+00 3.0003E-12 9.9432E-12 1.6498E-11 2.3462E-11 2.8877E-11 3.2258E-11 3.5931E-11 4.0915E-11 5.1987E-11 6.5677E-11 7.9185E-11 9.2382E-11 1.0576E-10 1.1763E-10 1.3208E-10 1.4651E-10 1.6227E-10 1.8069E-10 1.9882E-10 2.1855E-10 2.4025E-10 2.6329E-10 2.8714E-10 3.1275E-10 3.4017E-10 3.6950E-10 4.0080E-10 4.3414E-10 4.8018E-10 5.3117E-10 5.9830E-10 6.4972E-10 7.0815E-10 7.7523E-10 8.5291E-10 9.5060E-10 1.0684E-09 1.2323E-09 1.3978E-09 1.6026E-09 1.8037E-09 2.0394E-09 2.2987E-09 2.6778E-09
0.0000E+00 0.0000E+00 0.0000E+00 0.0000E+00 0.0000E+00 0.0000E+00 0.0000E+00 0.0000E+00 0.0000E+00 0.0000E+00 0.0000E+00 0.0000E+00 0.0000E+00 0.0000E+00 5.6926E-12 1.3305E-11 1.9919E-11 2.5946E-11 3.0027E-11 3.3516E-11 3.8125E-11 4.4226E-11 5.9605E-11 7.3121E-11 8.7713E-11 9.9101E-11 1.1032E-10 1.2393E-10 1.3903E-10 1.5396E-10 1.7100E-10 1.8861E-10 2.0681E-10 2.2754E-10 2.4976E-10 2.7238E-10 2.9665E-10 3.2266E-10 3.5046E-10 3.8013E-10 4.1174E-10 4.4535E-10 5.0382E-10 5.6436E-10 6.1611E-10 6.7155E-10 7.3368E-10 8.0755E-10 8.9992E-10 1.0083E-09 1.1435E-09 1.3211E-09 1.4979E-09 1.7087E-09 1.9252E-09 2.1784E-09 2.4599E-09
0.0000E+00 0.0000E+00 0.0000E+00 0.0000E+00 0.0000E+00 0.0000E+00 0.0000E+00 0.0000E+00 0.0000E+00 0.0000E+00 0.0000E+00 0.0000E+00 0.0000E+00 0.0000E+00 2.5880E-12 9.3455E-12 1.5827E-11 2.2886E-11 2.8016E-11 3.1876E-11 3.5468E-11 4.0377E-11 5.0612E-11 6.5023E-11 7.8382E-11 9.2727E-11 1.0456E-10 1.1617E-10 1.3034E-10 1.4444E-10 1.6005E-10 1.7829E-10 1.9542E-10 2.1497E-10 2.3625E-10 2.5795E-10 2.8093E-10 3.0554E-10 3.3185E-10 3.5993E-10 3.8985E-10 4.2165E-10 4.7398E-10 5.2755E-10 5.8316E-10 6.3562E-10 6.9304E-10 7.6132E-10 8.4572E-10 9.4900E-10 1.0751E-09 1.2373E-09 1.4110E-09 1.6108E-09 1.8178E-09 2.0562E-09 2.3226E-09
0.0000E+00 0.0000E+00 0.0000E+00 0.0000E+00 0.0000E+00 0.0000E+00 0.0000E+00 0.0000E+00 0.0000E+00 0.0000E+00 0.0000E+00 0.0000E+00 0.0000E+00 0.0000E+00 0.0000E+00 5.1252E-12 1.1261E-11 1.8954E-11 2.5203E-11 2.9596E-11 3.3002E-11 3.7515E-11 4.3519E-11 5.7968E-11 7.2141E-11 8.6493E-11 9.7648E-11 1.0860E-10 1.2197E-10 1.3663E-10 1.5112E-10 1.6809E-10 1.8479E-10 2.0269E-10 2.2284E-10 2.4389E-10 2.6560E-10 2.8885E-10 3.1371E-10 3.4025E-10 3.6851E-10 3.9855E-10 4.4126E-10 4.9555E-10 5.5093E-10 6.0048E-10 6.5429E-10 7.1675E-10 7.9276E-10 8.8682E-10 1.0039E-09 1.1489E-09 1.3236E-09 1.5003E-09 1.7097E-09 1.9274E-09 2.1838E-09
0.0000E+00 0.0000E+00 0.0000E+00 0.0000E+00 0.0000E+00 0.0000E+00 0.0000E+00 0.0000E+00 0.0000E+00 0.0000E+00 0.0000E+00 0.0000E+00 0.0000E+00 0.0000E+00 0.0000E+00 2.8641E-12 8.1541E-12 1.4524E-11 2.1446E-11 2.6807E-11 3.1314E-11 3.4804E-11 3.9605E-11 4.9726E-11 6.2265E-11 7.6148E-11 9.1083E-11 1.0261E-10 1.1386E-10 1.2765E-10 1.4130E-10 1.5668E-10 1.7441E-10 1.9082E-10 2.0976E-10 2.3023E-10 2.5070E-10 2.7263E-10 2.9608E-10 3.2110E-10 3.4775E-10 3.7608E-10 4.1332E-10 4.6082E-10 5.0976E-10 5.6620E-10 6.1690E-10 6.7491E-10 7.4429E-10 8.2701E-10 9.3372E-10 1.0689E-09 1.2180E-09 1.4061E-09 1.5844E-09 1.8055E-09 2.0386E-09
0.0000E+00 0.0000E+00 0.0000E+00 0.0000E+00 0.0000E+00 0.0000E+00 0.0000E+00 0.0000E+00 0.0000E+00 0.0000E+00 0.0000E+00 0.0000E+00 0.0000E+00 0.0000E+00 0.0000E+00 0.0000E+00 3.7308E-12 1.0366E-11 1.6548E-11 2.3653E-11 2.8463E-11 3.2306E-11 3.6694E-11 4.2560E-11 5.6804E-11 6.9851E-11 8.3412E-11 9.4248E-11 1.0609E-10 1.1907E-10 1.3323E-10 1.4815E-10 1.6385E-10 1.7961E-10 1.9715E-10 2.1647E-10 2.3625E-10 2.5690E-10 2.7898E-10 3.0254E-10 3.2763E-10 3.5430E-10 3.8259E-10 4.3104E-10 4.7691E-10 5.3298E-10 5.8053E-10 6.3314E-10 6.9680E-10 7.7205E-10 8.6800E-10 9.8852E-10 1.1328E-09 1.2918E-09 1.4804E-09 1.6725E-09 1.9015E-09
0.0000E+00 0.0000E+00 0.0000E+00 0.0000E+00 0.0000E+00 0.0000E+00 0.0000E+00 0.0000E+00 0.0000E+00 0.0000E+00 0.0000E+00 0.0000E+00 0.0000E+00 0.0000E+00 0.0000E+00 0.0000E+00 2.2028E-12 7.2039E-12 1.2884E-11 1.9270E-11 2.5177E-11 2.9662E-11 3.3252E-11 3.8614E-11 4.8539E-11 6.0801E-11 7.4304E-11 8.8806E-11 9.9936E-11 1.1076E-10 1.2405E-10 1.3806E-10 1.5338E-10 1.6991E-10 1.8537E-10 2.0312E-10 2.2228E-10 2.4169E-10 2.6244E-10 2.8458E-10 3.0816E-10 3.3322E-10 3.5981E-10 3.9864E-10 4.4139E-10 4.9067E-10 5.4522E-10 5.9355E-10 6.5063E-10 7.1792E-10 8.0369E-10 9.1420E-10 1.0465E-09 1.1977E-09 1.3662E-09 1.5491E-09 1.7644E-09
0.0000E+00 0.0000E+00 0.0000E+00 0.0000E+00 0.0000E+00 0.0000E+00 0.0000E+00 0.0000E+00 0.0000E+00 0.0000E+00 0.0000E+00 0.0000E+00 0.0000E+00 0.0000E+00 0.0000E+00 0.0000E+00 0.0000E+00 3.6845E-12 8.4994E-12 1.5107E-11 2.1983E-11 2.7003E-11 3.1438E-11 3.5676E-11 4.1366E-11 5.1646E-11 6.3534E-11 7.7449E-11 9.1486E-11 1.0287E-10 1.1534E-10 1.2977E-10 1.4414E-10 1.5880E-10 1.7507E-10 1.9078E-10 2.0879E-10 2.2700E-10 2.4647E-10 2.6725E-10 2.8937E-10 3.1288E-10 3.3782E-10 3.6423E-10 4.1121E-10 4.5706E-10 5.1082E-10 5.5610E-10 6.0705E-10 6.6659E-10 7.4162E-10 8.4132E-10 9.6077E-10 1.1046E-09 1.2584E-09 1.4294E-09 1.6173E-09
0.0000E+00 0.0000E+00 0.0000E+00 0.0000E+00 0.0000E+00 0.0000E+00 0.0000E+00 0.0000E+00 0.0000E+00 0.0000E+00 0.0000E+00 0.0000E+00 0.0000E+00 0.0000E+00 0.0000E+00 0.0000E+00 0.0000E+00 1.8061E-12 5.9695E-12 1.1698E-11 1.6518E-11 2.2990E-11 2.8076E-11 3.2245E-11 3.7420E-11 4.7074E-11 5.8125E-11 7.1160E-11 8.5942E-11 9.6599E-11 1.0692E-10 1.1963E-10 1.3210E-10 1.4733E-10 1.6244E-10 1.7931E-10 1.9568E-10 2.1287E-10 2.3110E-10 2.5056E-10 2.7128E-10 2.9330E-10 3.1665E-10 3.4138E-10 3.7847E-10 4.2094E-10 4.6790E-10 5.1974E-10 5.6557E-10 6.1806E-10 6.8418E-10 7.7085E-10 8.7976E-10 1.0107E-09 1.1585E-09 1.3085E-09 1.4853E-09
0.0000E+00 0.0000E+00 0.0000E+00 0.0000E+00 0.0000E+00 0.0000E+00 0.0000E+00 0.0000E+00 0.0000E+00 0.0000E+00 0.0000E+00 0.0000E+00 0.0000E+00 0.0000E+00 0.0000E+00 0.0000E+00 0.0000E+00 0.0000E+00 2.9092E-12 7.2022E-12 1.3425E-11 2.0456E-11 2.5091E-11 2.8768E-11 3.2994E-11 3.9176E-11 4.9128E-11 6.0483E-11 7.3842E-11 8.8142E-11 9.8983E-11 1.1087E-10 1.2377E-10 1.3510E-10 1.5029E-10 1.6566E-10 1.8259E-10 1.9902E-10 2.1634E-10 2.3454E-10 2.5391E-10 2.7449E-10 2.9633E-10 3.1944E-10 3.5107E-10 3.9046E-10 4.3393E-10 4.8186E-10 5.2718E-10 5.7240E-10 6.2915E-10 7.0662E-10 8.0228E-10 9.2006E-10 1.0588E-09 1.2004E-09 1.3525E-09
0.0000E+00 0.0000E+00 0.0000E+00 0.0000E+00 0.0000E+00 0.0000E+00 0.0000E+00 0.0000E+00 0.0000E+00 0.0000E+00 0.0000E+00 0.0000E+00 0.0000E+00 0.0000E+00 0.0000E+00 0.0000E+00 0.0000E+00 0.0000E+00 5.9394E-13 4.3262E-12 8.3522E-12 1.4499E-11 2.1560E-11 2.6245E-11 3.0136E-11 3.5214E-11 4.4537E-11 5.5187E-11 6.2782E-11 7.6422E-11 9.0135E-11 1.0113E-10 1.1319E-10 1.2623E-10 1.3963E-10 1.5488E-10 1.6882E-10 1.8524E-10 2.0220E-10 2.1918E-10 2.3726E-10 2.5647E-10 2.7685E-10 2.9842E-10 3.2120E-10 3.5626E-10 3.9693E-10 4.4185E-10 4.9048E-10 5.3050E-10 5.7937E-10 6.4484E-10 7.2835E-10 8.3523E-10 9.5895E-10 1.0932E-09 1.2353E-09
0.0000E+00 0.0000E+00 0.0000E+00 0.0000E+00 0.0000E+00 0.0000E+00 0.0000E+00 0.0000E+00 0.0000E+00 0.0000E+00 0.0000E+00 0.0000E+00 0.0000E+00 0.0000E+00 0.0000E+00 0.0000E+00 0.0000E+00 0.0000E+00 0.0000E+00 2.4717E-12 5.6626E-12 1.0938E-11 1.5451E-11 2.2419E-11 2.7155E-11 3.0739E-11 3.6736E-11 4.6297E-11 5.7180E-11 6.9906E-11 8.4284E-11 9.3274E-11 1.0436E-10 1.1520E-10 1.2835E-10 1.4273E-10 1.5719E-10 1.7187E-10 1.8834E-10 2.0450E-10 2.2135E-10 2.3925E-10 2.5823E-10 2.7832E-10 2.9954E-10 3.2917E-10 3.6468E-10 4.0334E-10 4.5191E-10 4.9232E-10 5.3336E-10 5.8795E-10 6.5930E-10 7.5133E-10 8.6424E-10 9.8763E-10 1.1196E-09
0.0000E+00 0.0000E+00 0.0000E+00 0.0000E+00 0.0000E+00 0.0000E+00 0.0000E+00 0.0000E+00 0.0000E+00 0.0000E+00 0.0000E+00 0.0000E+00 0.0000E+00 0.0000E+00 0.0000E+00 0.0000E+00 0.0000E+00 0.0000E+00 0.0000E+00 0.0000E+00 2.9282E-12 7.2024E-12 1.2407E-11 1.8075E-11 2.3931E-11 2.7666E-11 3.1821E-11 3.8254E-11 4.8020E-11 5.9095E-11 7.1194E-11 8.5801E-11 9.6127E-11 1.0746E-10 1.1968E-10 1.3010E-10 1.4505E-10 1.5903E-10 1.7436E-10 1.9050E-10 2.0617E-10 2.2282E-10 2.4048E-10 2.5916E-10 2.7889E-10 2.9969E-10 3.3250E-10 3.6821E-10 4.0695E-10 4.4831E-10 4.9237E-10 5.3735E-10 5.9609E-10 6.7515E-10 7.7174E-10 8.8546E-10 1.0070E-09
0.0000E+00 0.0000E+00 0.0000E+00 0.0000E+00 0.0000E+00 0.0000E+00 0.0000E+00 0.0000E+00 0.0000E+00 0.0000E+00 0.0000E+00 0.0000E+00 0.0000E+00 0.0000E+00 0.0000E+00 0.0000E+00 0.0000E+00 0.0000E+00 0.0000E+00 0.0000E+00 1.2080E-12 3.3794E-12 7.7460E-12 1.3407E-11 1.9667E-11 2.4719E-11 2.8832E-11 3.3107E-11 4.2545E-11 5.3692E-11 6.0923E-11 7.4476E-11 8.7087E-11 9.7465E-11 1.0886E-10 1.2111E-10 1.3385E-10 1.4655E-10 1.6039E-10 1.7603E-10 1.9173E-10 2.0719E-10 2.2358E-10 2.4093E-10 2.5924E-10 2.7855E-10 3.0600E-10 3.3895E-10 3.7465E-10 4.0627E-10 4.4786E-10 4.9026E-10 5.3950E-10 6.0390E-10 6.8524E-10 7.8566E-10 8.9972E-10
0.0000E+00 0.0000E+00 0.0000E+00 0.0000E+00 0.0000E+00 0.0000E+00 0.0000E+00 0.0000E+00 0.0000E+00 0.0000E+00 0.0000E+00 0.0000E+00 0.0000E+00 0.0000E+00 0.0000E+00 0.0000E+00 0.0000E+00 0.0000E+00 0.0000E+00 0.0000E+00 0.0000E+00 2.4639E-12 5.6129E-12 8.8504E-12 1.4028E-11 2.0694E-11 2.5107E-11 2.9239E-11 3.4377E-11 4.3941E-11 5.4464E-11 6.3009E-11 7.5446E-11 8.9480E-11 9.8524E-11 1.0994E-10 1.2218E-10 1.3505E-10 1.4897E-10 1.6124E-10 1.7793E-10 1.9235E-10 2.0754E-10 2.2362E-10 2.4059E-10 2.5848E-10 2.7729E-10 3.0466E-10 3.3755E-10 3.7298E-10 4.1084E-10 4.4438E-10 4.7880E-10 5.3858E-10 6.0912E-10 6.9336E-10 7.9375E-10
0.0000E+00 0.0000E+00 0.0000E+00 0.0000E+00 0.0000E+00 0.0000E+00 0.0000E+00 0.0000E+00 0.0000E+00 0.0000E+00 0.0000E+00 0.0000E+00 0.0000E+00 0.0000E+00 0.0000E+00 0.0000E+00 0.0000E+00 0.0000E+00 0.0000E+00 0.0000E+00 0.0000E+00 0.0000E+00 2.8993E-12 6.3784E-12 1.0566E-11 1.4975E-11 2.1210E-11 2.5440E-11 2.9919E-11 3.6342E-11 4.5278E-11 5.5890E-11 6.7378E-11 7.8349E-11 9.0302E-11 1.0208E-10 1.1069E-10 1.2288E-10 1.3684E-10 1.4951E-10 1.6275E-10 1.7829E-10 1.9235E-10 2.0722E-10 2.2292E-10 2.3947E-10 2.5687E-10 2.7506E-10 3.0522E-10 3.3755E-10 3.6920E-10 4.0635E-10 4.3905E-10 4.7430E-10 5.2376E-10 6.0579E-10 6.9706E-10
0.0000E+00 0.0000E+00 0.0000E+00 0.0000E+00 0.0000E+00 0.0000E+00 0.0000E+00 0.0000E+00 0.0000E+00 0.0000E+00 0.0000E+00 0.0000E+00 0.0000E+00 0.0000E+00 0.0000E+00 0.0000E+00 0.0000E+00 0.0000E+00 0.0000E+00 0.0000E+00 0.0000E+00 0.0000E+00 5.8775E-13 3.3225E-12 7.2210E-12 1.1383E-11 1.6736E-11 2.1690E-11 2.5715E-11 3.0194E-11 3.6656E-11 4.5679E-11 5.6384E-11 6.7930E-11 7.8918E-11 9.0856E-11 1.0261E-10 1.1254E-10 1.2319E-10 1.3709E-10 1.4957E-10 1.6262E-10 1.7798E-10 1.9172E-10 2.0622E-10 2.2150E-10 2.3750E-10 2.5415E-10 2.7872E-10 3.0816E-10 3.3287E-10 3.6703E-10 4.0074E-10 4.3286E-10 4.6939E-10 5.2071E-10 5.8224E-10
0.0000E+00 0.0000E+00 0.0000E+00 0.0000E+00 0.0000E+00 0.0000E+00 0.0000E+00 0.0000E+00 0.0000E+00 0.0000E+00 0.0000E+00 0.0000E+00 0.0000E+00 0.0000E+00 0.0000E+00 0.0000E+00 0.0000E+00 0.0000E+00 0.0000E+00 0.0000E+00 0.0000E+00 0.0000E+00 0.0000E+00 1.7880E-12 3.3842E-12 7.3387E-12 1.1914E-11 1.7509E-11 2.2777E-11 2.5931E-11 3.1194E-11 4.0375E-11 4.8112E-11 5.6726E-11 6.9628E-11 7.9255E-11 9.1136E-11 1.0282E-10 1.1394E-10 1.2311E-10 1.3691E-10 1.4915E-10 1.6320E-10 1.7710E-10 1.9046E-10 2.0448E-10 2.1907E-10 2.3425E-10 2.4999E-10 2.7407E-10 3.0321E-10 3.3452E-10 3.6126E-10 3.9441E-10 4.2601E-10 4.6270E-10 5.1534E-10
0.0000E+00 0.0000E+00 0.0000E+00 0.0000E+00 0.0000E+00 0.0000E+00 0.0000E+00 0.0000E+00 0.0000E+00 0.0000E+00 0.0000E+00 0.0000E+00 0.0000E+00 0.0000E+00 0.0000E+00 0.0000E+00 0.0000E+00 0.0000E+00 0.0000E+00 0.0000E+00 0.0000E+00 0.0000E+00 0.0000E+00 0.0000E+00 2.4591E-12 5.2105E-12 7.8001E-12 1.2054E-11 1.8028E-11 2.2952E-11 2.6086E-11 3.1336E-11 4.0571E-11 4.8307E-11 5.7743E-11 6.9814E-11 8.2971E-11 9.1138E-11 1.0272E-10 1.1369E-10 1.2406E-10 1.3629E-10 1.4826E-10 1.6205E-10 1.7557E-10 1.8830E-10 2.0159E-10 2.1542E-10 2.2991E-10 2.4506E-10 2.7193E-10 2.9786E-10 3.2878E-10 3.6165E-10 3.8706E-10 4.1763E-10 4.5412E-10
0.0000E+00 0.0000E+00 0.0000E+00 0.0000E+00 0.0000E+00 0.0000E+00 0.0000E+00 0.0000E+00 0.0000E+00 0.0000E+00 0.0000E+00 0.0000E+00 0.0000E+00 0.0000E+00 0.0000E+00 0.0000E+00 0.0000E+00 0.0000E+00 0.0000E+00 0.0000E+00 0.0000E+00 0.0000E+00 0.0000E+00 0.0000E+00 0.0000E+00 2.8668E-12 5.6308E-12 7.8870E-12 1.2165E-11 1.8790E-11 2.2857E-11 2.5979E-11 3.1901E-11 4.0661E-11 5.2013E-11 5.9017E-11 6.9795E-11 8.0546E-11 9.2271E-11 1.0229E-10 1.1307E-10 1.2440E-10 1.3521E-10 1.4680E-10 1.6010E-10 1.7300E-10 1.8512E-10 1.9783E-10 2.1118E-10 2.2518E-10 2.4700E-10 2.6655E-10 2.9198E-10 3.2221E-10 3.5415E-10 3.7842E-10 4.0767E-10
