Assets/Resources/2015_m01_d24_0300(utc+0800)_l00_csi_1hr_conc.grd
DSAA
         159         159
     -79.000      79.000
     -79.000      79.000
  0.3644E-11  0.2605E-04
[rows 100 to 124 of 159, columns 57 to 113 of 159]
2.1604E-10 2.4828E-10 2.8019E-10 3.1441E-10 3.5467E-10 4.0428E-10 4.4857E-10 5.0282E-10 5.6394E-10 6.3086E-10 7.0091E-10 7.7642E-10 8.5750E-10 9.4746E-10 1.0463E-09 1.1536E-09 1.2669E-09 1.3925E-09 1.5505E-09 1.7552E-09 2.0127E-09 2.3227E-09 2.6743E-09 3.0483E-09 3.4423E-09 3.8546E-09 4.2931E-09 4.7542E-09 5.2366E-09 5.7353E-09 6.2556E-09 6.8170E-09 7.4129E-09 7.9163E-09 8.4936E-09 9.0593E-09 9.6044E-09 1.0114E-08 1.0583E-08 1.1008E-08 1.1387E-08 1.1724E-08 1.2018E-08 1.2270E-08 1.2476E-08 1.2826E-08 1.3108E-08 1.3303E-08 1.3290E-08 1.3365E-08 1.3380E-08 1.3343E-08 1.3033E-08 1.2689E-08 1.2403E-08 1.2013E-08 1.1745E-08
2.1708E-10 2.4613E-10 2.7913E-10 3.1358E-10 3.5195E-10 3.9590E-10 4.4372E-10 4.9999E-10 5.6273E-10 6.2810E-10 6.9655E-10 7.7113E-10 8.5235E-10 9.4045E-10 1.0380E-09 1.1427E-09 1.2540E-09 1.3745E-09 1.5122E-09 1.6626E-09 1.8469E-09 2.0748E-09 2.3574E-09 2.6887E-09 3.0481E-09 3.4284E-09 3.8258E-09 4.2343E-09 4.6628E-09 5.1049E-09 5.5620E-09 6.0435E-09 6.5203E-09 7.0362E-09 7.4807E-09 7.9701E-09 8.4605E-09 8.9326E-09 9.3797E-09 9.7990E-09 1.0174E-08 1.0502E-08 1.0785E-08 1.1024E-08 1.1226E-08 1.1390E-08 1.1514E-08 1.1599E-08 1.1646E-08 1.1654E-08 1.1627E-08 1.1470E-08 1.1391E-08 1.1200E-08 1.1009E-08 1.0808E-08 1.0471E-08
2.1784E-10 2.4664E-10 2.7812E-10 3.1185E-10 3.5035E-10 3.9320E-10 4.4018E-10 4.9663E-10 5.5811E-10 6.2265E-10 6.9160E-10 7.6525E-10 8.4529E-10 9.3313E-10 1.0290E-09 1.1318E-09 1.2414E-09 1.3607E-09 1.4925E-09 1.6308E-09 1.7847E-09 1.9541E-09 2.1547E-09 2.3969E-09 2.6894E-09 3.0225E-09 3.3875E-09 3.7695E-09 4.1577E-09 4.5555E-09 4.9646E-09 5.3825E-09 5.8193E-09 6.2630E-09 6.6510E-09 7.0775E-09 7.5043E-09 7.9194E-09 8.3188E-09 8.6953E-09 9.0575E-09 9.3888E-09 9.6904E-09 9.9556E-09 1.0180E-08 1.0356E-08 1.0490E-08 1.0531E-08 1.0549E-08 1.0546E-08 1.0519E-08 1.0451E-08 1.0372E-08 1.0232E-08 1.0056E-08 9.7740E-09 9.5599E-09
2.1582E-10 2.4428E-10 2.7835E-10 3.1054E-10 3.4768E-10 3.8944E-10 4.3773E-10 4.9179E-10 5.5319E-10 6.1728E-10 6.8658E-10 7.5927E-10 8.3906E-10 9.2701E-10 1.0201E-09 1.1216E-09 1.2295E-09 1.3491E-09 1.4741E-09 1.6056E-09 1.7501E-09 1.9101E-09 2.0835E-09 2.2673E-09 2.4740E-09 2.7103E-09 2.9872E-09 3.3113E-09 3.6678E-09 4.0449E-09 4.4254E-09 4.8037E-09 5.1974E-09 5.6034E-09 6.0040E-09 6.3405E-09 6.7132E-09 7.0778E-09 7.4360E-09 7.7851E-09 8.1121E-09 8.4085E-09 8.6737E-09 8.7835E-09 9.0025E-09 9.0981E-09 9.2837E-09 9.3557E-09 9.3914E-09 9.4085E-09 9.3948E-09 9.3573E-09 9.2389E-09 9.1572E-09 8.9907E-09 8.9237E-09 8.7739E-09
2.1615E-10 2.4385E-10 2.7493E-10 3.0927E-10 3.4634E-10 3.8686E-10 4.3415E-10 4.8907E-10 5.4761E-10 6.1093E-10 6.7827E-10 7.5163E-10 8.3118E-10 9.1892E-10 1.0104E-09 1.1086E-09 1.2167E-09 1.3352E-09 1.4555E-09 1.5844E-09 1.7222E-09 1.8725E-09 2.0373E-09 2.2163E-09 2.4056E-09 2.6046E-09 2.8098E-09 3.0272E-09 3.2700E-09 3.5453E-09 3.8575E-09 4.2031E-09 4.5734E-09 4.9406E-09 5.3105E-09 5.6582E-09 5.9895E-09 6.3344E-09 6.6317E-09 6.8920E-09 7.1036E-09 7.3091E-09 7.5009E-09 7.6417E-09 7.7900E-09 7.9145E-09 8.0160E-09 8.0942E-09 8.1497E-09 8.1758E-09 8.1978E-09 8.2554E-09 8.2530E-09 8.2806E-09 8.2481E-09 8.2405E-09 8.2070E-09
2.1461E-10 2.4286E-10 2.7479E-10 3.0815E-10 3.4409E-10 3.8425E-10 4.3075E-10 4.8523E-10 5.4197E-10 6.0434E-10 6.7111E-10 7.4497E-10 8.2572E-10 9.1076E-10 1.0015E-09 1.0979E-09 1.2046E-09 1.3185E-09 1.4367E-09 1.5631E-09 1.6981E-09 1.8421E-09 1.9975E-09 2.1662E-09 2.3499E-09 2.5437E-09 2.7472E-09 2.9563E-09 3.1690E-09 3.3859E-09 3.6085E-09 3.8357E-09 4.0666E-09 4.3117E-09 4.5680E-09 4.8287E-09 5.0936E-09 5.3577E-09 5.6161E-09 5.8457E-09 6.0837E-09 6.2851E-09 6.4788E-09 6.6605E-09 6.8231E-09 7.0234E-09 7.1280E-09 7.2987E-09 7.4354E-09 7.5653E-09 7.6658E-09 7.7507E-09 7.8166E-09 7.8636E-09 7.8966E-09 7.9181E-09 7.9275E-09
2.1443E-10 2.4177E-10 2.7072E-10 3.0550E-10 3.4118E-10 3.8379E-10 4.2993E-10 4.8294E-10 5.4202E-10 6.0674E-10 6.7595E-10 7.5161E-10 8.3621E-10 9.2325E-10 1.0171E-09 1.1109E-09 1.2079E-09 1.3127E-09 1.4239E-09 1.5417E-09 1.6739E-09 1.8148E-09 1.9647E-09 2.1246E-09 2.2971E-09 2.4841E-09 2.6816E-09 2.8880E-09 3.1008E-09 3.3164E-09 3.5335E-09 3.7553E-09 3.9805E-09 4.2083E-09 4.4375E-09 4.6669E-09 4.8953E-09 5.1215E-09 5.3443E-09 5.5625E-09 5.7749E-09 5.9803E-09 6.1779E-09 6.3666E-09 6.5453E-09 6.7133E-09 6.8702E-09 7.0154E-09 7.1480E-09 7.2679E-09 7.3763E-09 7.4718E-09 7.5533E-09 7.6211E-09 7.6749E-09 7.7151E-09 7.7418E-09
2.1209E-10 2.3961E-10 2.7074E-10 3.0369E-10 3.3930E-10 3.7954E-10 4.2738E-10 4.7836E-10 5.3619E-10 5.9844E-10 6.6662E-10 7.4121E-10 8.2266E-10 9.0944E-10 1.0012E-09 1.1015E-09 1.2105E-09 1.3223E-09 1.4423E-09 1.5717E-09 1.7100E-09 1.8578E-09 2.0156E-09 2.1834E-09 2.3613E-09 2.5475E-09 2.7204E-09 2.9029E-09 3.0912E-09 3.2838E-09 3.4598E-09 3.6777E-09 3.8978E-09 4.1204E-09 4.3444E-09 4.5685E-09 4.7919E-09 5.0133E-09 5.2314E-09 5.4453E-09 5.6537E-09 5.8558E-09 6.0503E-09 6.2365E-09 6.4134E-09 6.5804E-09 6.7366E-09 6.8816E-09 7.0151E-09 7.1364E-09 7.2451E-09 7.3411E-09 7.4241E-09 7.4940E-09 7.5511E-09 7.5954E-09 7.6271E-09
2.1204E-10 2.3774E-10 2.6704E-10 3.0000E-10 3.3682E-10 3.7808E-10 4.2500E-10 4.7626E-10 5.2991E-10 5.8976E-10 6.5602E-10 7.3075E-10 8.0945E-10 8.9359E-10 9.8567E-10 1.0852E-09 1.1902E-09 1.2993E-09 1.4162E-09 1.5413E-09 1.6756E-09 1.8189E-09 1.9715E-09 2.1339E-09 2.3059E-09 2.4859E-09 2.6767E-09 2.8747E-09 3.0809E-09 3.2945E-09 3.5144E-09 3.7395E-09 3.9688E-09 4.2012E-09 4.4357E-09 4.6710E-09 4.9058E-09 5.1390E-09 5.2728E-09 5.4479E-09 5.6163E-09 5.7769E-09 5.9289E-09 6.1128E-09 6.2881E-09 6.4539E-09 6.6095E-09 6.7547E-09 6.8888E-09 7.0111E-09 7.1218E-09 7.2202E-09 7.3062E-09 7.3796E-09 7.4406E-09 7.4892E-09 7.5257E-09
2.1102E-10 2.3688E-10 2.6502E-10 2.9785E-10 3.3430E-10 3.7677E-10 4.2195E-10 4.7080E-10 5.2352E-10 5.8116E-10 6.4692E-10 7.1940E-10 7.9729E-10 8.8013E-10 9.6990E-10 1.0687E-09 1.1696E-09 1.2769E-09 1.3909E-09 1.5128E-09 1.6428E-09 1.7819E-09 1.9281E-09 2.0854E-09 2.2520E-09 2.4278E-09 2.6125E-09 2.8057E-09 3.0052E-09 3.2121E-09 3.4252E-09 3.6433E-09 3.8655E-09 4.0907E-09 4.3179E-09 4.5460E-09 4.7737E-09 4.9999E-09 5.2233E-09 5.4428E-09 5.6575E-09 5.8660E-09 6.0675E-09 6.2609E-09 6.4453E-09 6.6197E-09 6.7821E-09 6.9332E-09 7.0725E-09 7.1457E-09 7.2070E-09 7.2563E-09 7.2433E-09 7.2707E-09 7.3354E-09 7.3881E-09 7.4291E-09
2.0942E-10 2.3435E-10 2.6184E-10 2.9448E-10 3.3234E-10 3.7441E-10 4.1756E-10 4.6468E-10 5.1496E-10 5.7173E-10 6.3462E-10 7.0236E-10 7.7567E-10 8.5619E-10 9.4563E-10 1.0452E-09 1.1456E-09 1.2542E-09 1.3664E-09 1.4852E-09 1.6119E-09 1.7466E-09 1.8884E-09 2.0410E-09 2.2025E-09 2.3729E-09 2.5519E-09 2.7391E-09 2.9341E-09 3.1347E-09 3.3414E-09 3.5532E-09 3.7690E-09 3.9878E-09 4.2084E-09 4.4301E-09 4.6514E-09 4.8713E-09 5.0886E-09 5.3023E-09 5.5114E-09 5.7148E-09 5.9117E-09 6.1010E-09 6.2821E-09 6.4536E-09 6.6142E-09 6.7643E-09 6.9035E-09 7.0311E-09 7.1467E-09 7.2502E-09 7.3412E-09 7.4203E-09 7.4869E-09 7.5409E-09 7.5823E-09
2.0766E-10 2.3273E-10 2.6077E-10 2.9164E-10 3.2968E-10 3.7035E-10 4.1498E-10 4.6074E-10 5.1151E-10 5.6678E-10 6.2796E-10 6.9342E-10 7.6419E-10 8.4247E-10 9.2909E-10 1.0202E-09 1.1148E-09 1.2150E-09 1.3214E-09 1.4348E-09 1.5544E-09 1.6811E-09 1.8152E-09 1.9559E-09 2.1126E-09 2.2797E-09 2.4578E-09 2.6472E-09 2.8656E-09 3.0602E-09 3.2627E-09 3.4687E-09 3.6786E-09 3.8915E-09 4.1064E-09 4.3221E-09 4.5378E-09 4.7521E-09 4.9641E-09 5.1726E-09 5.3767E-09 5.5757E-09 5.7684E-09 5.9542E-09 6.1321E-09 6.3010E-09 6.4603E-09 6.6097E-09 6.7485E-09 6.8767E-09 6.9937E-09 7.0990E-09 7.1924E-09 7.2748E-09 7.3450E-09 7.4031E-09 7.4493E-09
2.0652E-10 2.3065E-10 2.5681E-10 2.8903E-10 3.2654E-10 3.6723E-10 4.1054E-10 4.5616E-10 5.0507E-10 5.6084E-10 6.2093E-10 6.8487E-10 7.5359E-10 8.2919E-10 9.1581E-10 1.0035E-09 1.0966E-09 1.1959E-09 1.3010E-09 1.4123E-09 1.5306E-09 1.6550E-09 1.7865E-09 1.9254E-09 2.0709E-09 2.2241E-09 2.3868E-09 2.5567E-09 2.7333E-09 2.9162E-09 3.1047E-09 3.2980E-09 3.4933E-09 3.6911E-09 3.8907E-09 4.0946E-09 4.3213E-09 4.5769E-09 4.8068E-09 5.0298E-09 5.2522E-09 5.4471E-09 5.6362E-09 5.8188E-09 5.9940E-09 6.1610E-09 6.3188E-09 6.4674E-09 6.6063E-09 6.7351E-09 6.8531E-09 6.9602E-09 7.0561E-09 7.1413E-09 7.2149E-09 7.2769E-09 7.3274E-09
2.0520E-10 2.2831E-10 2.5584E-10 2.8789E-10 3.2303E-10 3.6295E-10 4.0440E-10 4.5059E-10 5.0043E-10 5.5459E-10 6.1358E-10 6.7632E-10 7.4376E-10 8.1909E-10 9.0073E-10 9.8777E-10 1.0780E-09 1.1756E-09 1.2797E-09 1.3897E-09 1.5058E-09 1.6287E-09 1.7578E-09 1.8940E-09 2.0376E-09 2.1876E-09 2.3450E-09 2.5115E-09 2.6846E-09 2.8638E-09 3.0470E-09 3.2369E-09 3.4306E-09 3.6270E-09 3.8235E-09 4.0209E-09 4.2181E-09 4.4144E-09 4.6113E-09 4.8091E-09 5.0067E-09 5.2031E-09 5.3943E-09 5.5751E-09 5.7457E-09 5.9067E-09 6.0601E-09 6.2261E-09 6.3858E-09 6.5370E-09 6.6787E-09 6.8325E-09 6.9306E-09 7.0184E-09 7.0952E-09 7.1609E-09 7.2154E-09
2.0370E-10 2.2670E-10 2.5280E-10 2.8329E-10 3.2054E-10 3.5992E-10 4.0045E-10 4.4435E-10 4.9434E-10 5.4908E-10 6.0634E-10 6.6947E-10 7.3665E-10 8.0881E-10 8.8901E-10 9.7119E-10 1.0593E-09 1.1551E-09 1.2573E-09 1.3661E-09 1.4808E-09 1.6015E-09 1.7291E-09 1.8627E-09 2.0022E-09 2.1502E-09 2.3056E-09 2.4669E-09 2.6347E-09 2.8106E-09 2.9921E-09 3.1785E-09 3.3689E-09 3.5606E-09 3.7559E-09 3.9522E-09 4.1470E-09 4.3410E-09 4.5332E-09 4.7227E-09 4.9086E-09 5.0902E-09 5.2669E-09 5.4422E-09 5.6152E-09 5.7826E-09 5.9426E-09 6.0945E-09 6.2375E-09 6.3697E-09 6.4897E-09 6.5990E-09 6.6981E-09 6.7865E-09 6.8638E-09 6.9318E-09 6.9886E-09
2.0164E-10 2.2400E-10 2.5030E-10 2.8260E-10 3.1748E-10 3.5483E-10 3.9563E-10 4.3966E-10 4.8893E-10 5.4252E-10 5.9906E-10 6.6079E-10 7.2627E-10 7.9993E-10 8.7582E-10 9.5589E-10 1.0422E-09 1.1344E-09 1.2347E-09 1.3414E-09 1.4547E-09 1.5728E-09 1.6983E-09 1.8302E-09 1.9681E-09 2.1131E-09 2.2653E-09 2.4244E-09 2.5892E-09 2.7600E-09 2.9361E-09 3.1193E-09 3.3065E-09 3.4969E-09 3.6877E-09 3.8814E-09 4.0754E-09 4.2687E-09 4.4590E-09 4.6468E-09 4.8312E-09 5.0114E-09 5.1870E-09 5.3573E-09 5.5219E-09 5.6802E-09 5.8316E-09 5.9759E-09 6.1127E-09 6.2415E-09 6.3622E-09 6.4745E-09 6.5774E-09 6.6706E-09 6.7542E-09 6.8278E-09 6.8914E-09
1.9936E-10 2.2238E-10 2.4810E-10 2.7936E-10 3.1312E-10 3.5001E-10 3.8969E-10 4.3387E-10 4.8169E-10 5.3458E-10 5.9191E-10 6.5111E-10 7.1605E-10 7.8963E-10 8.6374E-10 9.4107E-10 1.0254E-09 1.1158E-09 1.2120E-09 1.3165E-09 1.4276E-09 1.5454E-09 1.6682E-09 1.7981E-09 1.9342E-09 2.0762E-09 2.2253E-09 2.3813E-09 2.5439E-09 2.7116E-09 2.8847E-09 3.0628E-09 3.2450E-09 3.4326E-09 3.6206E-09 3.8117E-09 4.0033E-09 4.1945E-09 4.3844E-09 4.5721E-09 4.7551E-09 4.9342E-09 5.1087E-09 5.2782E-09 5.4422E-09 5.6000E-09 5.7515E-09 5.8961E-09 6.0333E-09 6.1629E-09 6.2844E-09 6.3973E-09 6.5013E-09 6.5962E-09 6.6818E-09 6.7579E-09 6.8244E-09
1.9739E-10 2.1969E-10 2.4569E-10 2.7668E-10 3.1087E-10 3.4608E-10 3.8454E-10 4.2815E-10 4.7638E-10 5.2762E-10 5.8332E-10 6.4166E-10 7.0692E-10 7.7733E-10 8.5024E-10 9.2738E-10 1.0088E-09 1.0973E-09 1.1918E-09 1.2920E-09 1.4005E-09 1.5158E-09 1.6378E-09 1.7650E-09 1.8993E-09 2.0384E-09 2.1845E-09 2.3373E-09 2.4968E-09 2.6624E-09 2.8336E-09 3.0086E-09 3.1881E-09 3.3710E-09 3.5563E-09 3.7431E-09 3.9325E-09 4.1196E-09 4.3077E-09 4.4938E-09 4.6771E-09 4.8567E-09 5.0318E-09 5.2006E-09 5.3639E-09 5.5216E-09 5.6730E-09 5.8177E-09 5.9555E-09 6.0859E-09 6.2085E-09 6.3228E-09 6.4286E-09 6.5255E-09 6.6133E-09 6.6919E-09 6.7611E-09
1.9521E-10 2.1693E-10 2.4431E-10 2.7428E-10 3.0651E-10 3.4131E-10 3.7922E-10 4.2178E-10 4.6935E-10 5.2019E-10 5.7415E-10 6.3230E-10 6.9591E-10 7.6547E-10 8.3646E-10 9.1226E-10 9.9342E-10 1.0790E-09 1.1716E-09 1.2703E-09 1.3742E-09 1.4863E-09 1.6058E-09 1.7308E-09 1.8623E-09 1.9997E-09 2.1441E-09 2.2948E-09 2.4511E-09 2.6125E-09 2.7806E-09 2.9538E-09 3.1314E-09 3.3115E-09 3.4945E-09 3.6791E-09 3.8645E-09 4.0497E-09 4.2340E-09 4.4166E-09 4.5986E-09 4.7771E-09 4.9497E-09 5.1194E-09 5.2839E-09 5.4429E-09 5.5958E-09 5.7408E-09 5.8791E-09 6.0101E-09 6.1337E-09 6.2496E-09 6.3570E-09 6.4557E-09 6.5457E-09 6.6266E-09 6.6983E-09
1.9295E-10 2.1487E-10 2.4153E-10 2.7082E-10 3.0277E-10 3.3705E-10 3.7404E-10 4.1638E-10 4.6315E-10 5.1322E-10 5.6562E-10 6.2195E-10 6.8674E-10 7.5352E-10 8.2243E-10 8.9688E-10 9.7657E-10 1.0617E-09 1.1513E-09 1.2481E-09 1.3508E-09 1.4586E-09 1.5732E-09 1.6962E-09 1.8261E-09 1.9615E-09 2.1030E-09 2.2503E-09 2.4046E-09 2.5640E-09 2.7292E-09 2.8994E-09 3.0729E-09 3.2515E-09 3.4329E-09 3.6154E-09 3.7988E-09 3.9822E-09 4.1649E-09 4.3461E-09 4.5251E-09 4.7008E-09 4.8726E-09 5.0398E-09 5.2020E-09 5.3588E-09 5.5098E-09 5.6548E-09 5.7932E-09 5.9248E-09 6.0493E-09 6.1662E-09 6.2751E-09 6.3777E-09 6.4696E-09 6.5547E-09 6.6308E-09
1.9016E-10 2.1215E-10 2.3822E-10 2.6878E-10 2.9919E-10 3.3227E-10 3.6915E-10 4.1009E-10 4.5584E-10 5.0427E-10 5.5652E-10 6.1230E-10 6.7448E-10 7.4093E-10 8.0864E-10 8.8126E-10 9.5949E-10 1.0431E-09 1.1322E-09 1.2258E-09 1.3265E-09 1.4333E-09 1.5450E-09 1.6631E-09 1.7880E-09 1.9213E-09 2.0605E-09 2.2058E-09 2.3570E-09 2.5138E-09 2.6769E-09 2.8442E-09 3.0161E-09 3.1906E-09 3.3695E-09 3.5508E-09 3.7332E-09 3.9149E-09 4.0961E-09 4.2760E-09 4.4538E-09 4.6288E-09 4.8000E-09 4.9669E-09 5.1288E-09 5.2855E-09 5.4367E-09 5.5819E-09 5.7209E-09 5.8532E-09 5.9784E-09 6.0965E-09 6.2071E-09 6.3093E-09 6.4031E-09 6.4883E-09 6.5665E-09
1.8727E-10 2.1018E-10 2.3681E-10 2.6535E-10 2.9580E-10 3.2730E-10 3.6327E-10 4.0367E-10 4.4753E-10 4.9525E-10 5.4643E-10 6.0175E-10 6.6467E-10 7.2733E-10 7.9458E-10 8.6589E-10 9.4220E-10 1.0242E-09 1.1116E-09 1.2046E-09 1.3009E-09 1.4043E-09 1.5150E-09 1.6318E-09 1.7536E-09 1.8817E-09 2.0178E-09 2.1610E-09 2.3097E-09 2.4644E-09 2.6235E-09 2.7883E-09 2.9583E-09 3.1302E-09 3.3065E-09 3.4854E-09 3.6658E-09 3.8468E-09 4.0275E-09 4.2060E-09 4.3827E-09 4.5569E-09 4.7276E-09 4.8942E-09 5.0560E-09 5.2127E-09 5.3639E-09 5.5094E-09 5.6489E-09 5.7818E-09 5.9081E-09 6.0273E-09 6.1390E-09 6.2431E-09 6.3389E-09 6.4261E-09 6.5046E-09
1.8456E-10 2.0731E-10 2.3354E-10 2.6182E-10 2.9100E-10 3.2251E-10 3.5874E-10 3.9815E-10 4.4137E-10 4.8791E-10 5.3792E-10 5.9348E-10 6.5363E-10 7.1557E-10 7.8026E-10 8.5025E-10 9.2514E-10 1.0051E-09 1.0895E-09 1.1807E-09 1.2776E-09 1.3790E-09 1.4862E-09 1.6007E-09 1.7212E-09 1.8466E-09 1.9781E-09 2.1145E-09 2.2600E-09 2.4124E-09 2.5700E-09 2.7331E-09 2.9004E-09 3.0702E-09 3.2437E-09 3.4203E-09 3.5986E-09 3.7766E-09 3.9557E-09 4.1340E-09 4.3107E-09 4.4850E-09 4.6552E-09 4.8215E-09 4.9833E-09 5.1400E-09 5.2914E-09 5.4373E-09 5.5771E-09 5.7108E-09 5.8379E-09 5.9581E-09 6.0712E-09 6.1768E-09 6.2743E-09 6.3636E-09 6.4444E-09
1.8098E-10 2.0346E-10 2.2932E-10 2.5767E-10 2.8728E-10 3.1907E-10 3.5290E-10 3.9212E-10 4.3389E-10 4.7888E-10 5.2880E-10 5.8310E-10 6.4287E-10 7.0279E-10 7.6630E-10 8.3438E-10 9.0784E-10 9.8628E-10 1.0699E-09 1.1580E-09 1.2529E-09 1.3534E-09 1.4586E-09 1.5695E-09 1.6862E-09 1.8103E-09 1.9393E-09 2.0742E-09 2.2149E-09 2.3615E-09 2.5156E-09 2.6748E-09 2.8397E-09 3.0090E-09 3.1806E-09 3.3554E-09 3.5316E-09 3.7077E-09 3.8840E-09 4.0609E-09 4.2365E-09 4.4100E-09 4.5806E-09 4.7466E-09 4.9094E-09 5.0673E-09 5.2189E-09 5.3650E-09 5.5054E-09 5.6398E-09 5.7677E-09 5.8889E-09 6.0032E-09 6.1101E-09 6.2094E-09 6.3007E-09 6.3835E-09
1.7821E-10 2.0069E-10 2.2541E-10 2.5416E-10 2.8295E-10 3.1347E-10 3.4761E-10 3.8513E-10 4.2627E-10 4.7050E-10 5.1798E-10 5.7316E-10 6.3035E-10 6.8908E-10 7.5205E-10 8.1885E-10 8.9032E-10 9.6721E-10 1.0492E-09 1.1363E-09 1.2281E-09 1.3265E-09 1.4307E-09 1.5394E-09 1.6527E-09 1.7730E-09 1.9005E-09 2.0326E-09 2.1706E-09 2.3144E-09 2.4639E-09 2.6188E-09 2.7800E-09 2.9452E-09 3.1137E-09 3.2869E-09 3.4628E-09 3.6394E-09 3.8158E-09 3.9903E-09 4.1636E-09 4.3349E-09 4.5037E-09 4.6692E-09 4.8320E-09 4.9901E-09 5.1418E-09 5.2894E-09 5.4314E-09 5.5674E-09 5.6962E-09 5.8195E-09 5.9348E-09 6.0432E-09 6.1441E-09 6.2371E-09 6.3220E-09
