Assets/Resources/2015_m01_d27_1500(utc+0800)_l00_csi_1hr_conc.grd
DSAA
         159         159
     -79.000      79.000
     -79.000      79.000
  0.0000E+00  0.2664E-05
[rows 0 to 24 of 159, columns 57 to 113 of 159]
3.1149E-09 3.4240E-09 3.7347E-09 4.0409E-09 4.3393E-09 4.6224E-09 4.8839E-09 5.1183E-09 5.3189E-09 5.4804E-09 5.6027E-09 5.6787E-09 5.7059E-09 5.6839E-09 5.6098E-09 5.4892E-09 5.3238E-09 5.1159E-09 4.8701E-09 4.5926E-09 4.2900E-09 3.9680E-09 3.6340E-09 3.2951E-09 2.9576E-09 2.6284E-09 2.3124E-09 2.0116E-09 1.7310E-09 1.4733E-09 1.2400E-09 1.0344E-09 8.5052E-10 6.9049E-10 5.5307E-10 4.3767E-10 3.3861E-10 2.5648E-10 1.8879E-10 1.2581E-10 7.2173E-11 3.6742E-11 7.8475E-12 2.8536E-12 0.0000E+00 0.0000E+00 0.0000E+00 0.0000E+00 0.0000E+00 0.0000E+00 0.0000E+00 0.0000E+00 0.0000E+00 0.0000E+00 0.0000E+00 0.0000E+00 0.0000E+00
3.2650E-09 3.5953E-09 3.9296E-09 4.2613E-09 4.5842E-09 4.8925E-09 5.1771E-09 5.4360E-09 5.6622E-09 5.8489E-09 5.9902E-09 6.0826E-09 6.1203E-09 6.1082E-09 6.0425E-09 5.9240E-09 5.7545E-09 5.5380E-09 5.2797E-09 4.9859E-09 4.6630E-09 4.3183E-09 3.9593E-09 3.5952E-09 3.2300E-09 2.8718E-09 2.5267E-09 2.1996E-09 1.8945E-09 1.6163E-09 1.3602E-09 1.1311E-09 9.2916E-10 7.5433E-10 6.0524E-10 4.7774E-10 3.6984E-10 2.7903E-10 2.0594E-10 1.3781E-10 8.1005E-11 4.0064E-11 9.4194E-12 2.9858E-12 1.2870E-13 0.0000E+00 0.0000E+00 0.0000E+00 0.0000E+00 0.0000E+00 0.0000E+00 0.0000E+00 0.0000E+00 0.0000E+00 0.0000E+00 0.0000E+00 0.0000E+00
3.4006E-09 3.7532E-09 4.1103E-09 4.4659E-09 4.8123E-09 5.1469E-09 5.4608E-09 5.7471E-09 5.9984E-09 6.2074E-09 6.3693E-09 6.4822E-09 6.5399E-09 6.5408E-09 6.4830E-09 6.3652E-09 6.1947E-09 5.9729E-09 5.7041E-09 5.3951E-09 5.0530E-09 4.6864E-09 4.3022E-09 3.9094E-09 3.5158E-09 3.1287E-09 2.7565E-09 2.4021E-09 2.0690E-09 1.7617E-09 1.4828E-09 1.2334E-09 1.0150E-09 8.2242E-10 6.5754E-10 5.1840E-10 4.0064E-10 3.0327E-10 2.2366E-10 1.4984E-10 9.0589E-11 4.2936E-11 1.0876E-11 3.1170E-12 5.0558E-13 0.0000E+00 0.0000E+00 0.0000E+00 0.0000E+00 0.0000E+00 0.0000E+00 0.0000E+00 0.0000E+00 0.0000E+00 0.0000E+00 0.0000E+00 0.0000E+00
3.5202E-09 3.8931E-09 4.2717E-09 4.6515E-09 5.0258E-09 5.3878E-09 5.7291E-09 6.0399E-09 6.3185E-09 6.5559E-09 6.7446E-09 6.8799E-09 6.9566E-09 6.9682E-09 6.9218E-09 6.8131E-09 6.6432E-09 6.4166E-09 6.1382E-09 5.8149E-09 5.4549E-09 5.0659E-09 4.6570E-09 4.2371E-09 3.8172E-09 3.4005E-09 2.9967E-09 2.6115E-09 2.2505E-09 1.9167E-09 1.6147E-09 1.3414E-09 1.1005E-09 8.9146E-10 7.1232E-10 5.6067E-10 4.3339E-10 3.2750E-10 2.4119E-10 1.6309E-10 9.9187E-11 4.6475E-11 1.3289E-11 4.4397E-12 6.8400E-13 0.0000E+00 0.0000E+00 0.0000E+00 0.0000E+00 0.0000E+00 0.0000E+00 0.0000E+00 0.0000E+00 0.0000E+00 0.0000E+00 0.0000E+00 0.0000E+00
3.6209E-09 4.0131E-09 4.4143E-09 4.8187E-09 5.2192E-09 5.6057E-09 5.9756E-09 6.3190E-09 6.6270E-09 6.8922E-09 7.1057E-09 7.2633E-09 7.3614E-09 7.3950E-09 7.3610E-09 7.2595E-09 7.0902E-09 6.8622E-09 6.5772E-09 6.2423E-09 5.8655E-09 5.4556E-09 5.0234E-09 4.5764E-09 4.1252E-09 3.6784E-09 3.2440E-09 2.8308E-09 2.4405E-09 2.0784E-09 1.7486E-09 1.4525E-09 1.1908E-09 9.6391E-10 7.6882E-10 6.0445E-10 4.6586E-10 3.5211E-10 2.5961E-10 1.7656E-10 1.0613E-10 5.1573E-11 1.6813E-11 5.5018E-12 7.3435E-13 0.0000E+00 0.0000E+00 0.0000E+00 0.0000E+00 0.0000E+00 0.0000E+00 0.0000E+00 0.0000E+00 0.0000E+00 0.0000E+00 0.0000E+00 0.0000E+00
3.7005E-09 4.1120E-09 4.5350E-09 4.9622E-09 5.3875E-09 5.8047E-09 6.2040E-09 6.5768E-09 6.9122E-09 7.2083E-09 7.4530E-09 7.6400E-09 7.7625E-09 7.8155E-09 7.7941E-09 7.7051E-09 7.5448E-09 7.3172E-09 7.0275E-09 6.6816E-09 6.2894E-09 5.8601E-09 5.4035E-09 4.9298E-09 4.4492E-09 3.9735E-09 3.5068E-09 3.0593E-09 2.6373E-09 2.2461E-09 1.8888E-09 1.5692E-09 1.2850E-09 1.0383E-09 8.2668E-10 6.4749E-10 4.9927E-10 3.7653E-10 2.7733E-10 1.8838E-10 1.1386E-10 5.6559E-11 2.0214E-11 6.3638E-12 6.9488E-13 0.0000E+00 0.0000E+00 0.0000E+00 0.0000E+00 0.0000E+00 0.0000E+00 0.0000E+00 0.0000E+00 0.0000E+00 0.0000E+00 0.0000E+00 0.0000E+00
3.7597E-09 4.1886E-09 4.6310E-09 5.0815E-09 5.5333E-09 5.9778E-09 6.4045E-09 6.8092E-09 7.1799E-09 7.5076E-09 7.7837E-09 7.9969E-09 8.1444E-09 8.2224E-09 8.2243E-09 8.1495E-09 7.9987E-09 7.7720E-09 7.4805E-09 7.1280E-09 6.7230E-09 6.2754E-09 5.7957E-09 5.2964E-09 4.7860E-09 4.2762E-09 3.7764E-09 3.2960E-09 2.8441E-09 2.4213E-09 2.0348E-09 1.6876E-09 1.3804E-09 1.1133E-09 8.8594E-10 6.9320E-10 5.3295E-10 4.0159E-10 2.9639E-10 2.0126E-10 1.2238E-10 6.1132E-11 2.4285E-11 7.3384E-12 5.9170E-13 0.0000E+00 0.0000E+00 0.0000E+00 0.0000E+00 0.0000E+00 0.0000E+00 0.0000E+00 0.0000E+00 0.0000E+00 0.0000E+00 0.0000E+00 0.0000E+00
3.7951E-09 4.2399E-09 4.7019E-09 5.1747E-09 5.6503E-09 6.1221E-09 6.5815E-09 7.0176E-09 7.4215E-09 7.7789E-09 8.0875E-09 8.3356E-09 8.5148E-09 8.6183E-09 8.6427E-09 8.5823E-09 8.4442E-09 8.2276E-09 7.9370E-09 7.5788E-09 7.1621E-09 6.6979E-09 6.1965E-09 5.6697E-09 5.1293E-09 4.5873E-09 4.0557E-09 3.5407E-09 3.0526E-09 2.5983E-09 2.1824E-09 1.8096E-09 1.4804E-09 1.1929E-09 9.4640E-10 7.3895E-10 5.6658E-10 4.2529E-10 3.1399E-10 2.1528E-10 1.3077E-10 6.7486E-11 2.5703E-11 8.0069E-12 4.4475E-13 0.0000E+00 0.0000E+00 0.0000E+00 0.0000E+00 0.0000E+00 0.0000E+00 0.0000E+00 0.0000E+00 0.0000E+00 0.0000E+00 0.0000E+00 0.0000E+00
3.8069E-09 4.2674E-09 4.7463E-09 5.2396E-09 5.7398E-09 6.2392E-09 6.7281E-09 7.1945E-09 7.6313E-09 8.0271E-09 8.3712E-09 8.6527E-09 8.8614E-09 8.9939E-09 9.0447E-09 9.0095E-09 8.8881E-09 8.6815E-09 8.3931E-09 8.0333E-09 7.6080E-09 7.1285E-09 6.6061E-09 6.0536E-09 5.4836E-09 4.9080E-09 4.3395E-09 3.7897E-09 3.2681E-09 2.7826E-09 2.3361E-09 1.9341E-09 1.5786E-09 1.2705E-09 1.0067E-09 7.8470E-10 6.0181E-10 4.5210E-10 3.3278E-10 2.2893E-10 1.3738E-10 7.0671E-11 2.9335E-11 8.6527E-12 2.7009E-13 0.0000E+00 0.0000E+00 0.0000E+00 0.0000E+00 0.0000E+00 0.0000E+00 0.0000E+00 0.0000E+00 0.0000E+00 0.0000E+00 0.0000E+00 0.0000E+00
3.7958E-09 4.2677E-09 4.7629E-09 5.2754E-09 5.7987E-09 6.3238E-09 6.8413E-09 7.3416E-09 7.8133E-09 8.2449E-09 8.6215E-09 8.9407E-09 9.1883E-09 9.3559E-09 9.4378E-09 9.4277E-09 9.3243E-09 9.1334E-09 8.8552E-09 8.4961E-09 8.0645E-09 7.5712E-09 7.0286E-09 6.4497E-09 5.8487E-09 5.2399E-09 4.6357E-09 4.0498E-09 3.4908E-09 2.9683E-09 2.4898E-09 2.0598E-09 1.6804E-09 1.3516E-09 1.0688E-09 8.3214E-10 6.3622E-10 4.7671E-10 3.5078E-10 2.4195E-10 1.4704E-10 7.7094E-11 3.2087E-11 9.4082E-12 8.0973E-14 0.0000E+00 0.0000E+00 0.0000E+00 0.0000E+00 0.0000E+00 0.0000E+00 0.0000E+00 0.0000E+00 0.0000E+00 0.0000E+00 0.0000E+00 0.0000E+00
3.7601E-09 4.2425E-09 4.7524E-09 5.2821E-09 5.8262E-09 6.3759E-09 6.9225E-09 7.4544E-09 7.9588E-09 8.4276E-09 8.8475E-09 9.2056E-09 9.4916E-09 9.6918E-09 9.8068E-09 9.8276E-09 9.7512E-09 9.5775E-09 9.3095E-09 8.9522E-09 8.5160E-09 8.0099E-09 7.4484E-09 6.8446E-09 6.2145E-09 5.5718E-09 4.9321E-09 4.3091E-09 3.7153E-09 3.1606E-09 2.6496E-09 2.1892E-09 1.7831E-09 1.4310E-09 1.1302E-09 8.7773E-10 6.7125E-10 5.0398E-10 3.7130E-10 2.5901E-10 1.5749E-10 8.2573E-11 3.5182E-11 1.0037E-11 0.0000E+00 0.0000E+00 0.0000E+00 0.0000E+00 0.0000E+00 0.0000E+00 0.0000E+00 0.0000E+00 0.0000E+00 0.0000E+00 0.0000E+00 0.0000E+00 0.0000E+00
3.7029E-09 4.1923E-09 4.7127E-09 5.2578E-09 5.8210E-09 6.3945E-09 6.9678E-09 7.5310E-09 8.0728E-09 8.5799E-09 9.0395E-09 9.4362E-09 9.7637E-09 1.0008E-08 1.0161E-08 1.0215E-08 1.0166E-08 1.0012E-08 9.7596E-09 9.4103E-09 8.9725E-09 8.4571E-09 7.8777E-09 7.2492E-09 6.5880E-09 5.9115E-09 5.2354E-09 4.5747E-09 3.9428E-09 3.3517E-09 2.8088E-09 2.3195E-09 1.8868E-09 1.5129E-09 1.1948E-09 9.2697E-10 7.0629E-10 5.2862E-10 3.8802E-10 2.7182E-10 1.6273E-10 8.5306E-11 3.6887E-11 1.1053E-11 0.0000E+00 0.0000E+00 0.0000E+00 0.0000E+00 0.0000E+00 0.0000E+00 0.0000E+00 0.0000E+00 0.0000E+00 0.0000E+00 0.0000E+00 0.0000E+00 0.0000E+00
3.6201E-09 4.1160E-09 4.6453E-09 5.2044E-09 5.7842E-09 6.3789E-09 6.9787E-09 7.5733E-09 8.1499E-09 8.6945E-09 9.1960E-09 9.6385E-09 1.0010E-08 1.0298E-08 1.0490E-08 1.0583E-08 1.0569E-08 1.0444E-08 1.0208E-08 9.8681E-09 9.4299E-09 8.9052E-09 8.3094E-09 7.6579E-09 6.9679E-09 6.2575E-09 5.5446E-09 4.8463E-09 4.1765E-09 3.5491E-09 2.9737E-09 2.4533E-09 1.9945E-09 1.5964E-09 1.2561E-09 9.7226E-10 7.4115E-10 5.5489E-10 4.1010E-10 2.8789E-10 1.7559E-10 9.1929E-11 3.9735E-11 7.3861E-13 0.0000E+00 0.0000E+00 0.0000E+00 0.0000E+00 0.0000E+00 0.0000E+00 0.0000E+00 0.0000E+00 0.0000E+00 0.0000E+00 0.0000E+00 0.0000E+00 0.0000E+00
3.5182E-09 4.0178E-09 4.5525E-09 5.1200E-09 5.7146E-09 6.3291E-09 6.9543E-09 7.5786E-09 8.1900E-09 8.7741E-09 9.3175E-09 9.8060E-09 1.0223E-08 1.0559E-08 1.0799E-08 1.0932E-08 1.0952E-08 1.0852E-08 1.0635E-08 1.0307E-08 9.8730E-09 9.3436E-09 8.7336E-09 8.0599E-09 7.3418E-09 6.5996E-09 5.8525E-09 5.1180E-09 4.4125E-09 3.7491E-09 3.1380E-09 2.5871E-09 2.0996E-09 1.6783E-09 1.3235E-09 1.0223E-09 7.7621E-10 5.8082E-10 4.2640E-10 2.9850E-10 1.8151E-10 9.6625E-11 4.3275E-11 3.7348E-13 0.0000E+00 0.0000E+00 0.0000E+00 0.0000E+00 0.0000E+00 0.0000E+00 0.0000E+00 0.0000E+00 0.0000E+00 0.0000E+00 0.0000E+00 0.0000E+00 0.0000E+00
3.3966E-09 3.8936E-09 4.4316E-09 5.0070E-09 5.6152E-09 6.2470E-09 6.8954E-09 7.5479E-09 8.1925E-09 8.8155E-09 9.4033E-09 9.9391E-09 1.0406E-08 1.0790E-08 1.1073E-08 1.1249E-08 1.1308E-08 1.1244E-08 1.1054E-08 1.0742E-08 1.0313E-08 9.7799E-09 9.1571E-09 8.4639E-09 7.7197E-09 6.9450E-09 6.1618E-09 5.3898E-09 4.6461E-09 3.9481E-09 3.3065E-09 2.7261E-09 2.2118E-09 1.7646E-09 1.3840E-09 1.0693E-09 8.1114E-10 6.0607E-10 4.4645E-10 3.1038E-10 1.8982E-10 1.0044E-10 4.4575E-11 5.0802E-14 0.0000E+00 0.0000E+00 0.0000E+00 0.0000E+00 0.0000E+00 0.0000E+00 0.0000E+00 0.0000E+00 0.0000E+00 0.0000E+00 0.0000E+00 0.0000E+00 0.0000E+00
3.2544E-09 3.7497E-09 4.2906E-09 4.8695E-09 5.4858E-09 6.1326E-09 6.8009E-09 7.4800E-09 8.1577E-09 8.8209E-09 9.4511E-09 1.0033E-08 1.0548E-08 1.0981E-08 1.1317E-08 1.1542E-08 1.1644E-08 1.1615E-08 1.1452E-08 1.1156E-08 1.0738E-08 1.0206E-08 9.5757E-09 8.8653E-09 8.0967E-09 7.2922E-09 6.4760E-09 5.6686E-09 4.8880E-09 4.1514E-09 3.4729E-09 2.8602E-09 2.3187E-09 1.8505E-09 1.4526E-09 1.1191E-09 8.4715E-10 6.3320E-10 4.6161E-10 3.1787E-10 1.9565E-10 1.0425E-10 4.6565E-11 0.0000E+00 0.0000E+00 0.0000E+00 0.0000E+00 0.0000E+00 0.0000E+00 0.0000E+00 0.0000E+00 0.0000E+00 0.0000E+00 0.0000E+00 0.0000E+00 0.0000E+00 0.0000E+00
3.0994E-09 3.5879E-09 4.1235E-09 4.7047E-09 5.3283E-09 5.9877E-09 6.6733E-09 7.3779E-09 8.0868E-09 8.7854E-09 9.4567E-09 1.0084E-08 1.0651E-08 1.1137E-08 1.1524E-08 1.1795E-08 1.1942E-08 1.1952E-08 1.1821E-08 1.1550E-08 1.1145E-08 1.0616E-08 9.9785E-09 9.2535E-09 8.4638E-09 7.6325E-09 6.7835E-09 5.9419E-09 5.1262E-09 4.3557E-09 3.6448E-09 3.0017E-09 2.4302E-09 1.9357E-09 1.5167E-09 1.1663E-09 8.8278E-10 6.5703E-10 4.7896E-10 3.2661E-10 2.0247E-10 1.0679E-10 3.1758E-11 0.0000E+00 0.0000E+00 0.0000E+00 0.0000E+00 0.0000E+00 0.0000E+00 0.0000E+00 0.0000E+00 0.0000E+00 0.0000E+00 0.0000E+00 0.0000E+00 0.0000E+00 0.0000E+00
2.9279E-09 3.4077E-09 3.9404E-09 4.5220E-09 5.1470E-09 5.8128E-09 6.5140E-09 7.2395E-09 7.9757E-09 8.7073E-09 9.4200E-09 1.0094E-08 1.0711E-08 1.1248E-08 1.1688E-08 1.2012E-08 1.2206E-08 1.2260E-08 1.2164E-08 1.1919E-08 1.1532E-08 1.1012E-08 1.0374E-08 9.6393E-09 8.8301E-09 7.9729E-09 7.0940E-09 6.2188E-09 5.3669E-09 4.5611E-09 3.8145E-09 3.1389E-09 2.5400E-09 2.0199E-09 1.5808E-09 1.2173E-09 9.2106E-10 6.8311E-10 4.9102E-10 3.3220E-10 2.0597E-10 1.0992E-10 3.0846E-11 0.0000E+00 0.0000E+00 0.0000E+00 0.0000E+00 0.0000E+00 0.0000E+00 0.0000E+00 0.0000E+00 0.0000E+00 0.0000E+00 0.0000E+00 0.0000E+00 0.0000E+00 0.0000E+00
2.7499E-09 3.2174E-09 3.7393E-09 4.3136E-09 4.9378E-09 5.6100E-09 6.3232E-09 7.0663E-09 7.8255E-09 8.5893E-09 9.3411E-09 1.0060E-08 1.0724E-08 1.1314E-08 1.1807E-08 1.2184E-08 1.2430E-08 1.2531E-08 1.2478E-08 1.2268E-08 1.1905E-08 1.1397E-08 1.0762E-08 1.0019E-08 9.1948E-09 8.3148E-09 7.4063E-09 6.4967E-09 5.6094E-09 4.7653E-09 3.9842E-09 3.2790E-09 2.6524E-09 2.1089E-09 1.6457E-09 1.2633E-09 9.5414E-10 7.0629E-10 5.0256E-10 3.4014E-10 2.0981E-10 1.1059E-10 2.9866E-11 0.0000E+00 0.0000E+00 0.0000E+00 0.0000E+00 0.0000E+00 0.0000E+00 0.0000E+00 0.0000E+00 0.0000E+00 0.0000E+00 0.0000E+00 0.0000E+00 0.0000E+00 0.0000E+00
2.5585E-09 3.0125E-09 3.5225E-09 4.0901E-09 4.7124E-09 5.3849E-09 6.1020E-09 6.8556E-09 7.6367E-09 8.4302E-09 9.2165E-09 9.9762E-09 1.0688E-08 1.1331E-08 1.1882E-08 1.2318E-08 1.2619E-08 1.2771E-08 1.2762E-08 1.2584E-08 1.2248E-08 1.1759E-08 1.1132E-08 1.0388E-08 9.5509E-09 8.6505E-09 7.7157E-09 6.7758E-09 5.8550E-09 4.9774E-09 4.1608E-09 3.4174E-09 2.7595E-09 2.1902E-09 1.7102E-09 1.3137E-09 9.8884E-10 7.2662E-10 5.1437E-10 3.4693E-10 2.1803E-10 1.1350E-10 3.1235E-11 0.0000E+00 0.0000E+00 0.0000E+00 0.0000E+00 0.0000E+00 0.0000E+00 0.0000E+00 0.0000E+00 0.0000E+00 0.0000E+00 0.0000E+00 0.0000E+00 0.0000E+00 0.0000E+00
2.3652E-09 2.8035E-09 3.2970E-09 3.8494E-09 4.4624E-09 5.1307E-09 5.8493E-09 6.6150E-09 7.4149E-09 8.2302E-09 9.0468E-09 9.8471E-09 1.0608E-08 1.1305E-08 1.1912E-08 1.2403E-08 1.2760E-08 1.2966E-08 1.3008E-08 1.2877E-08 1.2576E-08 1.2110E-08 1.1495E-08 1.0750E-08 9.9048E-09 8.9865E-09 8.0253E-09 7.0530E-09 6.0972E-09 5.1839E-09 4.3325E-09 3.5615E-09 2.8757E-09 2.2782E-09 1.7747E-09 1.3593E-09 1.0217E-09 7.4308E-10 5.2560E-10 3.5221E-10 2.1987E-10 1.1364E-10 3.1162E-11 0.0000E+00 0.0000E+00 0.0000E+00 0.0000E+00 0.0000E+00 0.0000E+00 0.0000E+00 0.0000E+00 0.0000E+00 0.0000E+00 0.0000E+00 0.0000E+00 0.0000E+00 0.0000E+00
2.1657E-09 2.5835E-09 3.0581E-09 3.5978E-09 4.1991E-09 4.8584E-09 5.5760E-09 6.3452E-09 7.1534E-09 7.9887E-09 8.8369E-09 9.6762E-09 1.0482E-08 1.1229E-08 1.1892E-08 1.2445E-08 1.2866E-08 1.3132E-08 1.3229E-08 1.3144E-08 1.2879E-08 1.2443E-08 1.1846E-08 1.1108E-08 1.0257E-08 9.3226E-09 8.3378E-09 7.3354E-09 6.3473E-09 5.3975E-09 4.5108E-09 3.7020E-09 2.9860E-09 2.3675E-09 1.8401E-09 1.4030E-09 1.0497E-09 7.6185E-10 5.3503E-10 3.6211E-10 2.2523E-10 9.1388E-11 3.0564E-11 0.0000E+00 0.0000E+00 0.0000E+00 0.0000E+00 0.0000E+00 0.0000E+00 0.0000E+00 0.0000E+00 0.0000E+00 0.0000E+00 0.0000E+00 0.0000E+00 0.0000E+00 0.0000E+00
1.9678E-09 2.3633E-09 2.8181E-09 3.3368E-09 3.9192E-09 4.5664E-09 5.2784E-09 6.0473E-09 6.8640E-09 7.7171E-09 8.5909E-09 9.4634E-09 1.0311E-08 1.1110E-08 1.1832E-08 1.2448E-08 1.2930E-08 1.3259E-08 1.3416E-08 1.3388E-08 1.3170E-08 1.2767E-08 1.2192E-08 1.1464E-08 1.0609E-08 9.6613E-09 8.6537E-09 7.6223E-09 6.5990E-09 5.6138E-09 4.6907E-09 3.8486E-09 3.1044E-09 2.4553E-09 1.9079E-09 1.4513E-09 1.0746E-09 7.7785E-10 5.4653E-10 3.6531E-10 2.2902E-10 9.2561E-11 2.8243E-11 0.0000E+00 0.0000E+00 0.0000E+00 0.0000E+00 0.0000E+00 0.0000E+00 0.0000E+00 0.0000E+00 0.0000E+00 0.0000E+00 0.0000E+00 0.0000E+00 0.0000E+00 0.0000E+00
1.7697E-09 2.1402E-09 2.5735E-09 3.0688E-09 3.6333E-09 4.2681E-09 4.9675E-09 5.7278E-09 6.5476E-09 7.4140E-09 8.3080E-09 9.2112E-09 1.0101E-08 1.0950E-08 1.1729E-08 1.2409E-08 1.2961E-08 1.3357E-08 1.3578E-08 1.3608E-08 1.3437E-08 1.3073E-08 1.2524E-08 1.1810E-08 1.0957E-08 9.9990E-09 8.9705E-09 7.9100E-09 6.8539E-09 5.8345E-09 4.8759E-09 4.0008E-09 3.2216E-09 2.5453E-09 1.9710E-09 1.4922E-09 1.1038E-09 7.9281E-10 5.5545E-10 3.7323E-10 2.3137E-10 9.1432E-11 2.5580E-11 0.0000E+00 0.0000E+00 0.0000E+00 0.0000E+00 0.0000E+00 0.0000E+00 0.0000E+00 0.0000E+00 0.0000E+00 0.0000E+00 0.0000E+00 0.0000E+00 0.0000E+00 0.0000E+00
1.5774E-09 1.9253E-09 2.3326E-09 2.8028E-09 3.3430E-09 3.9560E-09 4.6387E-09 5.3919E-09 6.2146E-09 7.0877E-09 7.9967E-09 8.9278E-09 9.8562E-09 1.0754E-08 1.1591E-08 1.2335E-08 1.2955E-08 1.3420E-08 1.3710E-08 1.3804E-08 1.3692E-08 1.3373E-08 1.2856E-08 1.2159E-08 1.1310E-08 1.0343E-08 9.2962E-09 8.2075E-09 7.1171E-09 6.0590E-09 5.0635E-09 4.1532E-09 3.3428E-09 2.6390E-09 2.0365E-09 1.5345E-09 1.1308E-09 8.1211E-10 5.6214E-10 3.7590E-10 2.4098E-10 9.3120E-11 2.2670E-11 0.0000E+00 0.0000E+00 0.0000E+00 0.0000E+00 0.0000E+00 0.0000E+00 0.0000E+00 0.0000E+00 0.0000E+00 0.0000E+00 0.0000E+00 0.0000E+00 0.0000E+00 0.0000E+00
