Assets/Resources/2015_m01_d20_0500(utc+0800)_l00_csi_1hr_conc.grd
DSAA
         159         159
     -79.000      79.000
     -79.000      79.000
  0.0000E+00  0.3099E-04
[rows 100 to 124 of 159, columns 57 to 113 of 159]
1.4558E-09 1.4924E-09 1.5324E-09 1.5681E-09 1.6060E-09 1.6469E-09 1.6859E-09 1.7277E-09 1.7703E-09 1.8102E-09 1.8501E-09 1.8911E-09 1.9313E-09 1.9716E-09 2.0120E-09 2.0523E-09 2.0917E-09 2.1329E-09 2.1734E-09 2.2168E-09 2.2563E-09 2.2981E-09 2.3402E-09 2.3819E-09 2.4312E-09 2.4801E-09 2.5267E-09 2.5767E-09 2.6202E-09 2.6637E-09 2.7105E-09 2.7619E-09 2.8164E-09 2.8730E-09 2.9293E-09 2.9855E-09 3.0500E-09 3.1122E-09 3.1700E-09 3.2286E-09 3.2877E-09 3.3616E-09 3.4388E-09 3.5410E-09 3.6294E-09 3.7607E-09 3.9263E-09 4.1357E-09 4.3317E-09 4.5260E-09 4.8280E-09 5.0986E-09 5.3572E-09 5.6207E-09 5.8525E-09 6.0607E-09 6.2500E-09
1.4056E-09 1.4410E-09 1.4783E-09 1.5143E-09 1.5486E-09 1.5904E-09 1.6281E-09 1.6684E-09 1.7094E-09 1.7471E-09 1.7863E-09 1.8250E-09 1.8636E-09 1.9032E-09 1.9411E-09 1.9808E-09 2.0186E-09 2.0572E-09 2.0958E-09 2.1367E-09 2.1763E-09 2.2146E-09 2.2566E-09 2.2934E-09 2.3373E-09 2.3857E-09 2.4323E-09 2.4791E-09 2.5227E-09 2.5640E-09 2.6052E-09 2.6570E-09 2.7041E-09 2.7557E-09 2.8084E-09 2.8615E-09 2.9207E-09 2.9844E-09 3.0383E-09 3.0928E-09 3.1478E-09 3.2034E-09 3.2730E-09 3.3457E-09 3.4152E-09 3.5231E-09 3.6352E-09 3.7541E-09 3.9167E-09 4.1020E-09 4.2557E-09 4.4785E-09 4.6885E-09 4.9239E-09 5.1374E-09 5.3100E-09 5.4697E-09
1.3568E-09 1.3896E-09 1.4271E-09 1.4619E-09 1.4952E-09 1.5332E-09 1.5719E-09 1.6085E-09 1.6502E-09 1.6865E-09 1.7235E-09 1.7606E-09 1.7986E-09 1.8359E-09 1.8731E-09 1.9104E-09 1.9475E-09 1.9846E-09 2.0216E-09 2.0586E-09 2.0986E-09 2.1353E-09 2.1738E-09 2.2107E-09 2.2499E-09 2.2945E-09 2.3362E-09 2.3862E-09 2.4283E-09 2.4675E-09 2.5065E-09 2.5524E-09 2.5997E-09 2.6430E-09 2.6922E-09 2.7419E-09 2.7913E-09 2.8614E-09 2.9116E-09 2.9623E-09 3.0135E-09 3.0648E-09 3.1161E-09 3.1818E-09 3.2481E-09 3.3046E-09 3.3923E-09 3.4776E-09 3.5883E-09 3.7169E-09 3.8377E-09 4.0501E-09 4.1968E-09 4.3504E-09 4.5167E-09 4.6515E-09 4.7769E-09
1.3094E-09 1.3412E-09 1.3759E-09 1.4110E-09 1.4433E-09 1.4799E-09 1.5172E-09 1.5503E-09 1.5906E-09 1.6269E-09 1.6633E-09 1.6990E-09 1.7347E-09 1.7705E-09 1.8071E-09 1.8419E-09 1.8784E-09 1.9131E-09 1.9495E-09 1.9840E-09 2.0199E-09 2.0566E-09 2.0951E-09 2.1304E-09 2.1657E-09 2.2066E-09 2.2459E-09 2.2907E-09 2.3368E-09 2.3741E-09 2.4111E-09 2.4544E-09 2.4991E-09 2.5385E-09 2.5806E-09 2.6271E-09 2.6735E-09 2.7317E-09 2.7898E-09 2.8370E-09 2.8845E-09 2.9322E-09 2.9797E-09 3.0271E-09 3.0884E-09 3.1400E-09 3.2007E-09 3.2758E-09 3.3343E-09 3.4224E-09 3.5421E-09 3.6732E-09 3.7832E-09 3.9157E-09 4.0664E-09 4.1879E-09 4.2827E-09
1.2633E-09 1.2941E-09 1.3277E-09 1.3616E-09 1.3928E-09 1.4260E-09 1.4641E-09 1.4961E-09 1.5326E-09 1.5697E-09 1.6040E-09 1.6383E-09 1.6734E-09 1.7077E-09 1.7421E-09 1.7763E-09 1.8105E-09 1.8437E-09 1.8786E-09 1.9116E-09 1.9464E-09 1.9803E-09 2.0172E-09 2.0526E-09 2.0863E-09 2.1221E-09 2.1588E-09 2.2011E-09 2.2442E-09 2.2837E-09 2.3188E-09 2.3568E-09 2.4019E-09 2.4391E-09 2.4761E-09 2.5169E-09 2.5605E-09 2.6150E-09 2.6663E-09 2.7168E-09 2.7609E-09 2.8051E-09 2.8491E-09 2.8929E-09 2.9362E-09 2.9928E-09 3.0368E-09 3.0897E-09 3.1400E-09 3.2092E-09 3.2611E-09 3.3646E-09 3.5001E-09 3.5824E-09 3.6629E-09 3.7812E-09 3.8501E-09
1.2186E-09 1.2484E-09 1.2795E-09 1.3136E-09 1.3438E-09 1.3738E-09 1.4105E-09 1.4435E-09 1.4785E-09 1.5142E-09 1.5464E-09 1.5801E-09 1.6131E-09 1.6461E-09 1.6798E-09 1.7118E-09 1.7454E-09 1.7773E-09 1.8107E-09 1.8423E-09 1.8747E-09 1.9070E-09 1.9421E-09 1.9771E-09 2.0075E-09 2.0435E-09 2.0761E-09 2.1126E-09 2.1554E-09 2.1922E-09 2.2296E-09 2.2627E-09 2.3052E-09 2.3431E-09 2.3781E-09 2.4128E-09 2.4521E-09 2.4980E-09 2.5507E-09 2.5950E-09 2.6424E-09 2.6834E-09 2.7242E-09 2.7647E-09 2.8047E-09 2.8440E-09 2.8883E-09 2.9351E-09 2.9778E-09 3.0214E-09 3.0716E-09 3.1384E-09 3.2451E-09 3.3052E-09 3.3871E-09 3.4686E-09 3.5304E-09
1.1753E-09 1.2041E-09 1.2328E-09 1.2658E-09 1.2963E-09 1.3253E-09 1.3585E-09 1.3924E-09 1.4240E-09 1.4603E-09 1.4906E-09 1.5230E-09 1.5546E-09 1.5870E-09 1.6186E-09 1.6501E-09 1.6815E-09 1.7128E-09 1.7441E-09 1.7752E-09 1.8062E-09 1.8372E-09 1.8674E-09 1.9032E-09 1.9331E-09 1.9657E-09 1.9985E-09 2.0278E-09 2.0681E-09 2.1048E-09 2.1394E-09 2.1748E-09 2.2121E-09 2.2506E-09 2.2836E-09 2.3163E-09 2.3487E-09 2.3861E-09 2.4406E-09 2.4794E-09 2.5227E-09 2.5644E-09 2.6048E-09 2.6422E-09 2.6792E-09 2.7154E-09 2.7507E-09 2.7851E-09 2.8279E-09 2.8663E-09 2.9033E-09 2.9407E-09 3.0162E-09 3.1150E-09 3.1611E-09 3.2014E-09 3.2667E-09
1.1332E-09 1.1612E-09 1.1889E-09 1.2194E-09 1.2502E-09 1.2782E-09 1.3103E-09 1.3428E-09 1.3712E-09 1.4060E-09 1.4372E-09 1.4683E-09 1.4979E-09 1.5297E-09 1.5592E-09 1.5902E-09 1.6195E-09 1.6503E-09 1.6794E-09 1.7101E-09 1.7390E-09 1.7695E-09 1.7969E-09 1.8290E-09 1.8606E-09 1.8903E-09 1.9234E-09 1.9512E-09 1.9840E-09 2.0209E-09 2.0533E-09 2.0859E-09 2.1223E-09 2.1615E-09 2.1926E-09 2.2234E-09 2.2539E-09 2.2839E-09 2.3301E-09 2.3720E-09 2.4089E-09 2.4496E-09 2.4839E-09 2.5253E-09 2.5594E-09 2.5928E-09 2.6254E-09 2.6569E-09 2.6872E-09 2.7209E-09 2.7540E-09 2.7868E-09 2.8345E-09 2.9019E-09 2.9482E-09 3.0063E-09 3.0457E-09
1.0925E-09 1.1195E-09 1.1464E-09 1.1758E-09 1.2055E-09 1.2326E-09 1.2614E-09 1.2947E-09 1.3220E-09 1.3534E-09 1.3853E-09 1.4145E-09 1.4436E-09 1.4734E-09 1.5016E-09 1.5313E-09 1.5594E-09 1.5890E-09 1.6168E-09 1.6463E-09 1.6738E-09 1.7030E-09 1.7303E-09 1.7593E-09 1.7886E-09 1.8173E-09 1.8491E-09 1.8773E-09 1.9055E-09 1.9401E-09 1.9709E-09 2.0010E-09 2.0320E-09 2.0756E-09 2.1049E-09 2.1340E-09 2.1627E-09 2.1909E-09 2.2237E-09 2.2690E-09 2.3020E-09 2.3381E-09 2.3748E-09 2.4072E-09 2.4437E-09 2.4760E-09 2.5060E-09 2.5350E-09 2.5628E-09 2.5893E-09 2.6143E-09 2.6428E-09 2.6707E-09 2.7273E-09 2.7774E-09 2.8065E-09 2.8511E-09
1.0518E-09 1.0792E-09 1.1052E-09 1.1323E-09 1.1623E-09 1.1884E-09 1.2142E-09 1.2461E-09 1.2744E-09 1.3025E-09 1.3351E-09 1.3617E-09 1.3910E-09 1.4188E-09 1.4466E-09 1.4743E-09 1.5020E-09 1.5304E-09 1.5571E-09 1.5844E-09 1.6116E-09 1.6387E-09 1.6657E-09 1.6920E-09 1.7214E-09 1.7462E-09 1.7770E-09 1.8059E-09 1.8307E-09 1.8642E-09 1.8916E-09 1.9203E-09 1.9482E-09 1.9863E-09 2.0194E-09 2.0480E-09 2.0750E-09 2.1016E-09 2.1276E-09 2.1694E-09 2.2020E-09 2.2321E-09 2.2670E-09 2.2953E-09 2.3302E-09 2.3580E-09 2.3914E-09 2.4190E-09 2.4446E-09 2.4689E-09 2.4918E-09 2.5131E-09 2.5330E-09 2.5768E-09 2.6078E-09 2.6484E-09 2.6689E-09
1.0136E-09 1.0401E-09 1.0653E-09 1.0902E-09 1.1191E-09 1.1456E-09 1.1705E-09 1.1991E-09 1.2282E-09 1.2532E-09 1.2844E-09 1.3119E-09 1.3393E-09 1.3653E-09 1.3933E-09 1.4192E-09 1.4464E-09 1.4729E-09 1.4992E-09 1.5246E-09 1.5515E-09 1.5765E-09 1.6032E-09 1.6269E-09 1.6550E-09 1.6802E-09 1.7051E-09 1.7363E-09 1.7606E-09 1.7904E-09 1.8166E-09 1.8426E-09 1.8690E-09 1.8982E-09 1.9354E-09 1.9617E-09 1.9907E-09 2.0157E-09 2.0401E-09 2.0742E-09 2.1053E-09 2.1338E-09 2.1634E-09 2.1956E-09 2.2213E-09 2.2531E-09 2.2780E-09 2.3019E-09 2.3295E-09 2.3528E-09 2.3753E-09 2.3950E-09 2.4126E-09 2.4277E-09 2.4679E-09 2.4870E-09 2.4988E-09
9.7553E-10 1.0023E-09 1.0266E-09 1.0508E-09 1.0773E-09 1.1040E-09 1.1280E-09 1.1536E-09 1.1834E-09 1.2075E-09 1.2353E-09 1.2637E-09 1.2893E-09 1.3149E-09 1.3410E-09 1.3658E-09 1.3926E-09 1.4165E-09 1.4432E-09 1.4667E-09 1.4933E-09 1.5164E-09 1.5428E-09 1.5655E-09 1.5923E-09 1.6164E-09 1.6386E-09 1.6675E-09 1.6917E-09 1.7192E-09 1.7461E-09 1.7687E-09 1.7931E-09 1.8171E-09 1.8540E-09 1.8816E-09 1.9054E-09 1.9332E-09 1.9562E-09 1.9786E-09 2.0170E-09 2.0413E-09 2.0651E-09 2.0947E-09 2.1180E-09 2.1473E-09 2.1697E-09 2.1974E-09 2.2192E-09 2.2391E-09 2.2608E-09 2.2793E-09 2.2965E-09 2.3112E-09 2.3343E-09 2.3527E-09 2.3590E-09
9.3868E-10 9.6571E-10 9.8923E-10 1.0126E-09 1.0369E-09 1.0638E-09 1.0869E-09 1.1096E-09 1.1382E-09 1.1632E-09 1.1879E-09 1.2170E-09 1.2402E-09 1.2660E-09 1.2904E-09 1.3148E-09 1.3399E-09 1.3634E-09 1.3883E-09 1.4116E-09 1.4362E-09 1.4592E-09 1.4836E-09 1.5062E-09 1.5289E-09 1.5547E-09 1.5760E-09 1.6019E-09 1.6248E-09 1.6464E-09 1.6780E-09 1.6996E-09 1.7207E-09 1.7431E-09 1.7735E-09 1.8021E-09 1.8255E-09 1.8499E-09 1.8733E-09 1.8967E-09 1.9322E-09 1.9550E-09 1.9772E-09 1.9989E-09 2.0261E-09 2.0471E-09 2.0736E-09 2.0935E-09 2.1123E-09 2.1347E-09 2.1526E-09 2.1698E-09 2.1843E-09 2.1972E-09 2.2072E-09 2.2216E-09 2.2296E-09
9.0308E-10 9.2916E-10 9.5307E-10 9.7558E-10 9.9777E-10 1.0237E-09 1.0471E-09 1.0690E-09 1.0944E-09 1.1203E-09 1.1421E-09 1.1717E-09 1.1940E-09 1.2181E-09 1.2408E-09 1.2656E-09 1.2881E-09 1.3121E-09 1.3352E-09 1.3582E-09 1.3803E-09 1.4038E-09 1.4255E-09 1.4488E-09 1.4692E-09 1.4952E-09 1.5155E-09 1.5386E-09 1.5621E-09 1.5820E-09 1.6075E-09 1.6330E-09 1.6531E-09 1.6726E-09 1.6953E-09 1.7257E-09 1.7501E-09 1.7703E-09 1.7944E-09 1.8139E-09 1.8420E-09 1.8723E-09 1.8931E-09 1.9134E-09 1.9330E-09 1.9524E-09 1.9765E-09 1.9943E-09 2.0171E-09 2.0342E-09 2.0494E-09 2.0659E-09 2.0786E-09 2.0898E-09 2.0975E-09 2.1022E-09 2.1062E-09
8.6990E-10 8.9501E-10 9.1808E-10 9.3978E-10 9.6118E-10 9.8479E-10 1.0085E-09 1.0296E-09 1.0521E-09 1.0787E-09 1.0997E-09 1.1242E-09 1.1493E-09 1.1717E-09 1.1942E-09 1.2172E-09 1.2389E-09 1.2625E-09 1.2832E-09 1.3067E-09 1.3271E-09 1.3503E-09 1.3703E-09 1.3934E-09 1.4129E-09 1.4363E-09 1.4571E-09 1.4761E-09 1.5015E-09 1.5205E-09 1.5410E-09 1.5658E-09 1.5879E-09 1.6065E-09 1.6245E-09 1.6527E-09 1.6755E-09 1.6966E-09 1.7168E-09 1.7378E-09 1.7568E-09 1.7888E-09 1.8126E-09 1.8316E-09 1.8499E-09 1.8676E-09 1.8844E-09 1.9066E-09 1.9222E-09 1.9368E-09 1.9549E-09 1.9678E-09 1.9793E-09 1.9884E-09 1.9939E-09 1.9972E-09 1.9955E-09
8.3782E-10 8.6090E-10 8.8423E-10 9.0513E-10 9.2577E-10 9.4722E-10 9.7122E-10 9.9147E-10 1.0113E-09 1.0385E-09 1.0586E-09 1.0784E-09 1.1061E-09 1.1263E-09 1.1491E-09 1.1705E-09 1.1919E-09 1.2139E-09 1.2344E-09 1.2562E-09 1.2764E-09 1.2979E-09 1.3178E-09 1.3390E-09 1.3586E-09 1.3782E-09 1.4008E-09 1.4189E-09 1.4415E-09 1.4612E-09 1.4789E-09 1.5042E-09 1.5222E-09 1.5397E-09 1.5600E-09 1.5816E-09 1.6042E-09 1.6255E-09 1.6427E-09 1.6636E-09 1.6799E-09 1.7136E-09 1.7315E-09 1.7489E-09 1.7692E-09 1.7864E-09 1.8026E-09 1.8175E-09 1.8315E-09 1.8504E-09 1.8631E-09 1.8734E-09 1.8851E-09 1.8911E-09 1.8960E-09 1.8972E-09 1.8975E-09
8.0682E-10 8.2679E-10 8.5148E-10 8.7163E-10 8.9146E-10 9.1094E-10 9.3509E-10 9.5453E-10 9.7363E-10 9.9603E-10 1.0188E-09 1.0379E-09 1.0642E-09 1.0837E-09 1.1049E-09 1.1248E-09 1.1465E-09 1.1662E-09 1.1872E-09 1.2067E-09 1.2274E-09 1.2466E-09 1.2671E-09 1.2858E-09 1.3061E-09 1.3236E-09 1.3463E-09 1.3637E-09 1.3822E-09 1.4040E-09 1.4209E-09 1.4431E-09 1.4620E-09 1.4787E-09 1.4948E-09 1.5136E-09 1.5394E-09 1.5559E-09 1.5748E-09 1.5914E-09 1.6103E-09 1.6254E-09 1.6541E-09 1.6745E-09 1.6903E-09 1.7054E-09 1.7221E-09 1.7367E-09 1.7503E-09 1.7633E-09 1.7741E-09 1.7873E-09 1.7957E-09 1.7998E-09 1.8038E-09 1.8048E-09 1.8046E-09
7.7688E-10 7.9614E-10 8.1872E-10 8.3921E-10 8.5827E-10 8.7703E-10 8.9785E-10 9.1879E-10 9.3715E-10 9.5506E-10 9.8037E-10 9.9863E-10 1.0203E-09 1.0425E-09 1.0616E-09 1.0819E-09 1.1021E-09 1.1209E-09 1.1417E-09 1.1596E-09 1.1802E-09 1.1978E-09 1.2181E-09 1.2353E-09 1.2554E-09 1.2722E-09 1.2926E-09 1.3105E-09 1.3267E-09 1.3488E-09 1.3650E-09 1.3807E-09 1.4040E-09 1.4199E-09 1.4353E-09 1.4502E-09 1.4741E-09 1.4928E-09 1.5079E-09 1.5224E-09 1.5405E-09 1.5541E-09 1.5846E-09 1.5996E-09 1.6140E-09 1.6312E-09 1.6453E-09 1.6584E-09 1.6713E-09 1.6830E-09 1.6931E-09 1.7021E-09 1.7066E-09 1.7137E-09 1.7162E-09 1.7178E-09 1.7160E-09
7.4795E-10 7.6649E-10 7.8708E-10 8.0783E-10 8.2617E-10 8.4421E-10 8.6301E-10 8.8422E-10 9.0182E-10 9.1903E-10 9.4315E-10 9.6070E-10 9.7798E-10 1.0026E-09 1.0204E-09 1.0404E-09 1.0585E-09 1.0778E-09 1.0970E-09 1.1149E-09 1.1339E-09 1.1514E-09 1.1701E-09 1.1873E-09 1.2050E-09 1.2226E-09 1.2382E-09 1.2591E-09 1.2746E-09 1.2942E-09 1.3111E-09 1.3260E-09 1.3481E-09 1.3633E-09 1.3780E-09 1.3921E-09 1.4057E-09 1.4292E-09 1.4433E-09 1.4601E-09 1.4734E-09 1.4900E-09 1.5023E-09 1.5280E-09 1.5455E-09 1.5585E-09 1.5708E-09 1.5845E-09 1.5961E-09 1.6067E-09 1.6159E-09 1.6231E-09 1.6277E-09 1.6309E-09 1.6317E-09 1.6340E-09 1.6324E-09
7.1999E-10 7.3783E-10 7.5544E-10 7.7748E-10 7.9512E-10 8.1244E-10 8.2940E-10 8.5076E-10 8.6762E-10 8.8418E-10 9.0214E-10 9.2403E-10 9.4065E-10 9.6415E-10 9.8118E-10 9.9974E-10 1.0171E-09 1.0362E-09 1.0527E-09 1.0717E-09 1.0879E-09 1.1066E-09 1.1224E-09 1.1410E-09 1.1564E-09 1.1747E-09 1.1897E-09 1.2096E-09 1.2244E-09 1.2388E-09 1.2591E-09 1.2734E-09 1.2908E-09 1.3087E-09 1.3227E-09 1.3362E-09 1.3492E-09 1.3712E-09 1.3846E-09 1.3975E-09 1.4098E-09 1.4241E-09 1.4358E-09 1.4639E-09 1.4763E-09 1.4881E-09 1.5027E-09 1.5142E-09 1.5242E-09 1.5341E-09 1.5422E-09 1.5479E-09 1.5529E-09 1.5535E-09 1.5554E-09 1.5552E-09 1.5534E-09
6.9295E-10 7.1014E-10 7.2705E-10 7.4708E-10 7.6509E-10 7.8170E-10 7.9801E-10 8.1622E-10 8.3457E-10 8.5047E-10 8.6606E-10 8.8860E-10 9.0457E-10 9.2027E-10 9.4331E-10 9.5940E-10 9.7775E-10 9.9541E-10 1.0118E-09 1.0300E-09 1.0455E-09 1.0634E-09 1.0786E-09 1.0963E-09 1.1111E-09 1.1285E-09 1.1429E-09 1.1594E-09 1.1760E-09 1.1897E-09 1.2090E-09 1.2227E-09 1.2359E-09 1.2561E-09 1.2695E-09 1.2824E-09 1.2948E-09 1.3111E-09 1.3282E-09 1.3404E-09 1.3522E-09 1.3633E-09 1.3739E-09 1.3854E-09 1.4044E-09 1.4243E-09 1.4356E-09 1.4453E-09 1.4565E-09 1.4648E-09 1.4707E-09 1.4761E-09 1.4800E-09 1.4832E-09 1.4851E-09 1.4830E-09 1.4812E-09
6.6683E-10 6.8337E-10 6.9959E-10 7.1775E-10 7.3604E-10 7.5198E-10 7.6763E-10 7.8290E-10 8.0261E-10 8.1787E-10 8.3288E-10 8.5273E-10 8.6972E-10 8.8482E-10 9.0674E-10 9.2219E-10 9.3973E-10 9.5492E-10 9.7239E-10 9.8790E-10 1.0046E-09 1.0205E-09 1.0363E-09 1.0512E-09 1.0673E-09 1.0819E-09 1.0978E-09 1.1111E-09 1.1293E-09 1.1425E-09 1.1566E-09 1.1738E-09 1.1864E-09 1.2055E-09 1.2182E-09 1.2305E-09 1.2424E-09 1.2537E-09 1.2738E-09 1.2855E-09 1.2967E-09 1.3073E-09 1.3173E-09 1.3267E-09 1.3438E-09 1.3540E-09 1.3635E-09 1.3749E-09 1.3901E-09 1.3968E-09 1.4033E-09 1.4078E-09 1.4124E-09 1.4161E-09 1.4175E-09 1.4163E-09 1.4134E-09
6.4060E-10 6.5747E-10 6.7306E-10 6.8840E-10 7.0793E-10 7.2326E-10 7.3824E-10 7.5290E-10 7.7170E-10 7.8638E-10 8.0082E-10 8.1499E-10 8.3605E-10 8.5056E-10 8.6816E-10 8.8626E-10 9.0082E-10 9.1761E-10 9.3430E-10 9.4860E-10 9.6515E-10 9.7912E-10 9.9547E-10 1.0091E-09 1.0252E-09 1.0384E-09 1.0542E-09 1.0670E-09 1.0843E-09 1.0969E-09 1.1091E-09 1.1266E-09 1.1387E-09 1.1504E-09 1.1689E-09 1.1806E-09 1.1919E-09 1.2027E-09 1.2194E-09 1.2302E-09 1.2433E-09 1.2534E-09 1.2629E-09 1.2719E-09 1.2840E-09 1.2923E-09 1.3047E-09 1.3119E-09 1.3183E-09 1.3263E-09 1.3394E-09 1.3438E-09 1.3478E-09 1.3512E-09 1.3521E-09 1.3524E-09 1.3487E-09
6.1529E-10 6.3243E-10 6.4743E-10 6.6213E-10 6.7976E-10 6.9547E-10 7.0981E-10 7.2390E-10 7.3876E-10 7.5595E-10 7.6985E-10 7.8348E-10 8.0355E-10 8.1748E-10 8.3117E-10 8.5158E-10 8.6556E-10 8.8161E-10 8.9532E-10 9.1128E-10 9.2650E-10 9.4049E-10 9.5609E-10 9.6914E-10 9.8384E-10 9.9716E-10 1.0116E-09 1.0245E-09 1.0364E-09 1.0530E-09 1.0646E-09 1.0799E-09 1.0928E-09 1.1039E-09 1.1214E-09 1.1326E-09 1.1434E-09 1.1537E-09 1.1635E-09 1.1796E-09 1.1894E-09 1.1986E-09 1.2106E-09 1.2192E-09 1.2271E-09 1.2383E-09 1.2452E-09 1.2512E-09 1.2563E-09 1.2669E-09 1.2709E-09 1.2750E-09 1.2779E-09 1.2796E-09 1.2904E-09 1.2911E-09 1.2871E-09
5.8987E-10 6.0826E-10 6.2264E-10 6.3672E-10 6.5159E-10 6.6858E-10 6.8234E-10 6.9586E-10 7.0912E-10 7.2657E-10 7.3993E-10 7.5305E-10 7.6591E-10 7.8555E-10 7.9870E-10 8.1811E-10 8.3153E-10 8.4579E-10 8.6003E-10 8.7527E-10 8.8814E-10 9.0323E-10 9.1577E-10 9.3064E-10 9.4281E-10 9.5741E-10 9.6918E-10 9.8356E-10 9.9491E-10 1.0106E-09 1.0218E-09 1.0325E-09 1.0486E-09 1.0592E-09 1.0694E-09 1.0863E-09 1.0966E-09 1.1065E-09 1.1158E-09 1.1289E-09 1.1402E-09 1.1491E-09 1.1574E-09 1.1651E-09 1.1760E-09 1.1827E-09 1.1885E-09 1.1983E-09 1.2029E-09 1.2066E-09 1.2095E-09 1.2186E-09 1.2203E-09 1.2209E-09 1.2216E-09 1.2205E-09 1.2180E-09
