Assets/Resources/2015_m01_d29_1500(utc+0800)_l00_csi_1hr_conc.grd
DSAA
         159         159
     -79.000      79.000
     -79.000      79.000
  0.0000E+00  0.1767E-05
[rows 50 to 74 of 159, columns 57 to 113 of 159]
3.8788E-10 4.0778E-10 4.2890E-10 4.5079E-10 4.7349E-10 4.9697E-10 5.2101E-10 5.4611E-10 5.7178E-10 5.9851E-10 6.2582E-10 6.5433E-10 6.8326E-10 7.1317E-10 7.4431E-10 7.7605E-10 8.0902E-10 8.4282E-10 8.7706E-10 9.1258E-10 9.5046E-10 9.8929E-10 1.0287E-09 1.0690E-09 1.1102E-09 1.1520E-09 1.1935E-09 1.2369E-09 1.2807E-09 1.3266E-09 1.3734E-09 1.4211E-09 1.4700E-09 1.5200E-09 1.5744E-09 1.6274E-09 1.6859E-09 1.7458E-09 1.8077E-09 1.8711E-09 1.9341E-09 1.9967E-09 2.0633E-09 2.1313E-09 2.1996E-09 2.2691E-09 2.3398E-09 2.4106E-09 2.4792E-09 2.5492E-09 2.6217E-09 2.6963E-09 2.7708E-09 2.8463E-09 2.9224E-09 2.9984E-09 3.0739E-09
3.8488E-10 4.0491E-10 4.2596E-10 4.4757E-10 4.6998E-10 4.9341E-10 5.1767E-10 5.4273E-10 5.6837E-10 5.9484E-10 6.2215E-10 6.5067E-10 6.8002E-10 7.1037E-10 7.4157E-10 7.7336E-10 8.0604E-10 8.3961E-10 8.7444E-10 9.1195E-10 9.5007E-10 9.8916E-10 1.0288E-09 1.0695E-09 1.1106E-09 1.1517E-09 1.1941E-09 1.2381E-09 1.2835E-09 1.3295E-09 1.3769E-09 1.4260E-09 1.4746E-09 1.5266E-09 1.5830E-09 1.6414E-09 1.7014E-09 1.7635E-09 1.8272E-09 1.8918E-09 1.9585E-09 2.0260E-09 2.0949E-09 2.1613E-09 2.2323E-09 2.3037E-09 2.3764E-09 2.4484E-09 2.5228E-09 2.5992E-09 2.6770E-09 2.7559E-09 2.8353E-09 2.9156E-09 2.9964E-09 3.0775E-09 3.1586E-09
3.8141E-10 4.0160E-10 4.2257E-10 4.4409E-10 4.6665E-10 4.8956E-10 5.1376E-10 5.3877E-10 5.6436E-10 5.9105E-10 6.1833E-10 6.4684E-10 6.7597E-10 7.0635E-10 7.3760E-10 7.6988E-10 8.0303E-10 8.3667E-10 8.7122E-10 9.0860E-10 9.4697E-10 9.8635E-10 1.0263E-09 1.0673E-09 1.1088E-09 1.1508E-09 1.1937E-09 1.2380E-09 1.2840E-09 1.3311E-09 1.3793E-09 1.4286E-09 1.4808E-09 1.5369E-09 1.5945E-09 1.6544E-09 1.7170E-09 1.7801E-09 1.8447E-09 1.9120E-09 1.9811E-09 2.0500E-09 2.1215E-09 2.1937E-09 2.2666E-09 2.3391E-09 2.4143E-09 2.4920E-09 2.5717E-09 2.6530E-09 2.7354E-09 2.8190E-09 2.9036E-09 2.9891E-09 3.0757E-09 3.1646E-09 3.2537E-09
3.7771E-10 3.9781E-10 4.1868E-10 4.4036E-10 4.6258E-10 4.8564E-10 5.0976E-10 5.3449E-10 5.6028E-10 5.8692E-10 6.1455E-10 6.4264E-10 6.7175E-10 7.0214E-10 7.3318E-10 7.6551E-10 7.9873E-10 8.3289E-10 8.6976E-10 9.0728E-10 9.4583E-10 9.8503E-10 1.0252E-09 1.0645E-09 1.1069E-09 1.1491E-09 1.1930E-09 1.2384E-09 1.2844E-09 1.3320E-09 1.3814E-09 1.4331E-09 1.4881E-09 1.5453E-09 1.6038E-09 1.6656E-09 1.7293E-09 1.7961E-09 1.8627E-09 1.9322E-09 2.0027E-09 2.0751E-09 2.1482E-09 2.2232E-09 2.2982E-09 2.3761E-09 2.4566E-09 2.5393E-09 2.6237E-09 2.7096E-09 2.7973E-09 2.8861E-09 2.9775E-09 3.0703E-09 3.1643E-09 3.2580E-09 3.3497E-09
3.7380E-10 3.9379E-10 4.1455E-10 4.3612E-10 4.5850E-10 4.8145E-10 5.0549E-10 5.3012E-10 5.5584E-10 5.8218E-10 6.0976E-10 6.3821E-10 6.6769E-10 6.9807E-10 7.2908E-10 7.6143E-10 7.9394E-10 8.2818E-10 8.6521E-10 9.0292E-10 9.4169E-10 9.8112E-10 1.0216E-09 1.0627E-09 1.1043E-09 1.1469E-09 1.1911E-09 1.2370E-09 1.2841E-09 1.3329E-09 1.3819E-09 1.4375E-09 1.4943E-09 1.5534E-09 1.6154E-09 1.6750E-09 1.7416E-09 1.8119E-09 1.8816E-09 1.9525E-09 2.0254E-09 2.0997E-09 2.1764E-09 2.2534E-09 2.3337E-09 2.4167E-09 2.5022E-09 2.5893E-09 2.6788E-09 2.7701E-09 2.8640E-09 2.9600E-09 3.0573E-09 3.1547E-09 3.2510E-09 3.3467E-09 3.4422E-09
3.6990E-10 3.8976E-10 4.1018E-10 4.3164E-10 4.5390E-10 4.7700E-10 5.0093E-10 5.2546E-10 5.5109E-10 5.7734E-10 6.0485E-10 6.3300E-10 6.6245E-10 6.9280E-10 7.2423E-10 7.5658E-10 7.8991E-10 8.2594E-10 8.6054E-10 8.9802E-10 9.3698E-10 9.7661E-10 1.0173E-09 1.0592E-09 1.1010E-09 1.1440E-09 1.1892E-09 1.2355E-09 1.2837E-09 1.3330E-09 1.3843E-09 1.4405E-09 1.4990E-09 1.5594E-09 1.6229E-09 1.6890E-09 1.7590E-09 1.8286E-09 1.8996E-09 1.9718E-09 2.0472E-09 2.1261E-09 2.2049E-09 2.2870E-09 2.3722E-09 2.4599E-09 2.5499E-09 2.6426E-09 2.7378E-09 2.8357E-09 2.9354E-09 3.0358E-09 3.1359E-09 3.2361E-09 3.3365E-09 3.4376E-09 3.5419E-09
3.6581E-10 3.8553E-10 4.0581E-10 4.2714E-10 4.4905E-10 4.7203E-10 4.9584E-10 5.2051E-10 5.4603E-10 5.7217E-10 5.9935E-10 6.2743E-10 6.5682E-10 6.8712E-10 7.1853E-10 7.5087E-10 7.8422E-10 8.2035E-10 8.5720E-10 8.9516E-10 9.3383E-10 9.7360E-10 1.0141E-09 1.0546E-09 1.0972E-09 1.1416E-09 1.1871E-09 1.2333E-09 1.2819E-09 1.3330E-09 1.3881E-09 1.4450E-09 1.5046E-09 1.5674E-09 1.6329E-09 1.7042E-09 1.7724E-09 1.8432E-09 1.9167E-09 1.9927E-09 2.0727E-09 2.1526E-09 2.2364E-09 2.3232E-09 2.4130E-09 2.5056E-09 2.6011E-09 2.6998E-09 2.8006E-09 2.9031E-09 3.0062E-09 3.1097E-09 3.2140E-09 3.3193E-09 3.4286E-09 3.5391E-09 3.6504E-09
3.6154E-10 3.8111E-10 4.0124E-10 4.2242E-10 4.4418E-10 4.6702E-10 4.9047E-10 5.1501E-10 5.4042E-10 5.6684E-10 5.9416E-10 6.2254E-10 6.5184E-10 6.8182E-10 7.1277E-10 7.4472E-10 7.7805E-10 8.1426E-10 8.5121E-10 8.8928E-10 9.2808E-10 9.6801E-10 1.0087E-09 1.0499E-09 1.0927E-09 1.1374E-09 1.1833E-09 1.2310E-09 1.2801E-09 1.3349E-09 1.3922E-09 1.4493E-09 1.5112E-09 1.5725E-09 1.6431E-09 1.7146E-09 1.7858E-09 1.8592E-09 1.9324E-09 2.0131E-09 2.0969E-09 2.1817E-09 2.2701E-09 2.3615E-09 2.4565E-09 2.5543E-09 2.6555E-09 2.7589E-09 2.8637E-09 2.9696E-09 3.0766E-09 3.1850E-09 3.2951E-09 3.4286E-09 3.5555E-09 3.6948E-09 3.8284E-09
3.5683E-10 3.7625E-10 3.9646E-10 4.1748E-10 4.3908E-10 4.6177E-10 4.8506E-10 5.0946E-10 5.3450E-10 5.6080E-10 5.8800E-10 6.1628E-10 6.4548E-10 6.7580E-10 7.0707E-10 7.3937E-10 7.7443E-10 8.1026E-10 8.4642E-10 8.8288E-10 9.2178E-10 9.6184E-10 1.0032E-09 1.0451E-09 1.0887E-09 1.1331E-09 1.1793E-09 1.2269E-09 1.2781E-09 1.3338E-09 1.3921E-09 1.4529E-09 1.5148E-09 1.5837E-09 1.6518E-09 1.7225E-09 1.7956E-09 1.8729E-09 1.9536E-09 2.0378E-09 2.1233E-09 2.2129E-09 2.3059E-09 2.4022E-09 2.5023E-09 2.6053E-09 2.7106E-09 2.8177E-09 2.9263E-09 3.0366E-09 3.1584E-09 3.2863E-09 3.4174E-09 3.5594E-09 3.6991E-09 3.8340E-09 3.9704E-09
3.5195E-10 3.7119E-10 3.9124E-10 4.1209E-10 4.3378E-10 4.5629E-10 4.7942E-10 5.0341E-10 5.2829E-10 5.5445E-10 5.8151E-10 6.0967E-10 6.3876E-10 6.6898E-10 7.0016E-10 7.3240E-10 7.6747E-10 8.0332E-10 8.4032E-10 8.7810E-10 9.1704E-10 9.5676E-10 9.9710E-10 1.0392E-09 1.0830E-09 1.1282E-09 1.1748E-09 1.2233E-09 1.2783E-09 1.3353E-09 1.3933E-09 1.4553E-09 1.5209E-09 1.5921E-09 1.6619E-09 1.7344E-09 1.8112E-09 1.8915E-09 1.9757E-09 2.0618E-09 2.1519E-09 2.2458E-09 2.3435E-09 2.4450E-09 2.5494E-09 2.6564E-09 2.7656E-09 2.8766E-09 2.9995E-09 3.1262E-09 3.2596E-09 3.3970E-09 3.5485E-09 3.6888E-09 3.8318E-09 3.9771E-09 4.1250E-09
3.4689E-10 3.6595E-10 3.8582E-10 4.0649E-10 4.2799E-10 4.5033E-10 4.7328E-10 4.9734E-10 5.2204E-10 5.4804E-10 5.7471E-10 6.0273E-10 6.3168E-10 6.6179E-10 6.9287E-10 7.2501E-10 7.6007E-10 7.9592E-10 8.3294E-10 8.7075E-10 9.0974E-10 9.5003E-10 9.9099E-10 1.0321E-09 1.0762E-09 1.1216E-09 1.1690E-09 1.2231E-09 1.2753E-09 1.3332E-09 1.3939E-09 1.4581E-09 1.5275E-09 1.5992E-09 1.6716E-09 1.7476E-09 1.8262E-09 1.9109E-09 1.9970E-09 2.0874E-09 2.1818E-09 2.2804E-09 2.3828E-09 2.4883E-09 2.5966E-09 2.7074E-09 2.8300E-09 2.9565E-09 3.0902E-09 3.2286E-09 3.3717E-09 3.5224E-09 3.6699E-09 3.8209E-09 3.9757E-09 4.1331E-09 4.2934E-09
3.4167E-10 3.6054E-10 3.8021E-10 4.0069E-10 4.2200E-10 4.4415E-10 4.6716E-10 4.9104E-10 5.1595E-10 5.4176E-10 5.6866E-10 5.9650E-10 6.2504E-10 6.5500E-10 6.8601E-10 7.1938E-10 7.5399E-10 7.8808E-10 8.2509E-10 8.6291E-10 9.0193E-10 9.4227E-10 9.8331E-10 1.0262E-09 1.0704E-09 1.1166E-09 1.1643E-09 1.2185E-09 1.2744E-09 1.3336E-09 1.3953E-09 1.4642E-09 1.5357E-09 1.6057E-09 1.6804E-09 1.7600E-09 1.8439E-09 1.9295E-09 2.0197E-09 2.1142E-09 2.2132E-09 2.3162E-09 2.4223E-09 2.5315E-09 2.6438E-09 2.7691E-09 2.8989E-09 3.0365E-09 3.1797E-09 3.3385E-09 3.4883E-09 3.6426E-09 3.8013E-09 3.9648E-09 4.1319E-09 4.3150E-09 4.5113E-09
3.3651E-10 3.5496E-10 3.7465E-10 3.9470E-10 4.1581E-10 4.3775E-10 4.6056E-10 4.8423E-10 5.0895E-10 5.3457E-10 5.6129E-10 5.8895E-10 6.1776E-10 6.4754E-10 6.7841E-10 7.1211E-10 7.4664E-10 7.8236E-10 8.1891E-10 8.5666E-10 8.9524E-10 9.3452E-10 9.7560E-10 1.0186E-09 1.0629E-09 1.1093E-09 1.1624E-09 1.2177E-09 1.2720E-09 1.3311E-09 1.3977E-09 1.4643E-09 1.5369E-09 1.6110E-09 1.6893E-09 1.7720E-09 1.8596E-09 1.9493E-09 2.0435E-09 2.1423E-09 2.2454E-09 2.3518E-09 2.4616E-09 2.5841E-09 2.7112E-09 2.8434E-09 2.9842E-09 3.1311E-09 3.2874E-09 3.4427E-09 3.6035E-09 3.7726E-09 3.9569E-09 4.1470E-09 4.3400E-09 4.5477E-09 4.7521E-09
3.3147E-10 3.4969E-10 3.6894E-10 3.8876E-10 4.0965E-10 4.3115E-10 4.5374E-10 4.7720E-10 5.0171E-10 5.2712E-10 5.5364E-10 5.8111E-10 6.0973E-10 6.3934E-10 6.7004E-10 7.0365E-10 7.3809E-10 7.7373E-10 8.1022E-10 8.4792E-10 8.8697E-10 9.2627E-10 9.6795E-10 1.0110E-09 1.0560E-09 1.1015E-09 1.1546E-09 1.2106E-09 1.2696E-09 1.3317E-09 1.4002E-09 1.4720E-09 1.5440E-09 1.6204E-09 1.7006E-09 1.7877E-09 1.8764E-09 1.9699E-09 2.0683E-09 2.1710E-09 2.2773E-09 2.3873E-09 2.5108E-09 2.6394E-09 2.7736E-09 2.9171E-09 3.0675E-09 3.2279E-09 3.3883E-09 3.5550E-09 3.7435E-09 3.9375E-09 4.1395E-09 4.3487E-09 4.5769E-09 4.7933E-09 5.0169E-09
3.2582E-10 3.4406E-10 3.6308E-10 3.8267E-10 4.0332E-10 4.2459E-10 4.4695E-10 4.6994E-10 4.9423E-10 5.1942E-10 5.4572E-10 5.7298E-10 6.0140E-10 6.3082E-10 6.6134E-10 6.9483E-10 7.2916E-10 7.6470E-10 8.0109E-10 8.3872E-10 8.7773E-10 9.1750E-10 9.5918E-10 1.0023E-09 1.0474E-09 1.0993E-09 1.1509E-09 1.2064E-09 1.2655E-09 1.3305E-09 1.4001E-09 1.4738E-09 1.5490E-09 1.6291E-09 1.7142E-09 1.8016E-09 1.8940E-09 1.9914E-09 2.0933E-09 2.1991E-09 2.3090E-09 2.4329E-09 2.5623E-09 2.6979E-09 2.8433E-09 2.9963E-09 3.1602E-09 3.3248E-09 3.5087E-09 3.7059E-09 3.9148E-09 4.1392E-09 4.3732E-09 4.6161E-09 4.8594E-09 5.1098E-09 5.3616E-09
3.2004E-10 3.3805E-10 3.5683E-10 3.7618E-10 3.9660E-10 4.1761E-10 4.3973E-10 4.6272E-10 4.8676E-10 5.1148E-10 5.3755E-10 5.6458E-10 5.9278E-10 6.2243E-10 6.5409E-10 6.8741E-10 7.2156E-10 7.5695E-10 7.9319E-10 8.3069E-10 8.6855E-10 9.0825E-10 9.4992E-10 9.9300E-10 1.0382E-09 1.0905E-09 1.1452E-09 1.2029E-09 1.2673E-09 1.3317E-09 1.4034E-09 1.4763E-09 1.5541E-09 1.6369E-09 1.7251E-09 1.8160E-09 1.9121E-09 2.0129E-09 2.1179E-09 2.2271E-09 2.3508E-09 2.4804E-09 2.6166E-09 2.7631E-09 2.9179E-09 3.0845E-09 3.2547E-09 3.4538E-09 3.6708E-09 3.9019E-09 4.1482E-09 4.3966E-09 4.6634E-09 4.9612E-09 5.3134E-09 5.6179E-09 5.9140E-09
3.1415E-10 3.3192E-10 3.5045E-10 3.6980E-10 3.8997E-10 4.1072E-10 4.3258E-10 4.5547E-10 4.7925E-10 5.0412E-10 5.2993E-10 5.5713E-10 5.8507E-10 6.1411E-10 6.4601E-10 6.7877E-10 7.1275E-10 7.4760E-10 7.8369E-10 8.2066E-10 8.5895E-10 8.9914E-10 9.4074E-10 9.8443E-10 1.0306E-09 1.0836E-09 1.1398E-09 1.1954E-09 1.2598E-09 1.3294E-09 1.4039E-09 1.4799E-09 1.5610E-09 1.6476E-09 1.7365E-09 1.8310E-09 1.9304E-09 2.0341E-09 2.1422E-09 2.2650E-09 2.3941E-09 2.5302E-09 2.6772E-09 2.8365E-09 3.0115E-09 3.2069E-09 3.4199E-09 3.6448E-09 3.8850E-09 4.1461E-09 4.5104E-09 4.8490E-09 5.1800E-09 5.5138E-09 5.8382E-09 6.1600E-09 6.4888E-09
3.0815E-10 3.2566E-10 3.4395E-10 3.6304E-10 3.8294E-10 4.0368E-10 4.2527E-10 4.4789E-10 4.7140E-10 4.9601E-10 5.2155E-10 5.4825E-10 5.7594E-10 6.0474E-10 6.3645E-10 6.6901E-10 7.0280E-10 7.3747E-10 7.7340E-10 8.1073E-10 8.4887E-10 8.8897E-10 9.3049E-10 9.7368E-10 1.0243E-09 1.0783E-09 1.1344E-09 1.1973E-09 1.2639E-09 1.3350E-09 1.4047E-09 1.4829E-09 1.5666E-09 1.6561E-09 1.7485E-09 1.8460E-09 1.9482E-09 2.0548E-09 2.1760E-09 2.3043E-09 2.4437E-09 2.5991E-09 2.7715E-09 2.9559E-09 3.1484E-09 3.3722E-09 3.6506E-09 3.9579E-09 4.3030E-09 4.6510E-09 5.0089E-09 5.3694E-09 5.7383E-09 6.1106E-09 6.4885E-09 6.8647E-09 7.2561E-09
3.0205E-10 3.1931E-10 3.3732E-10 3.5615E-10 3.7577E-10 3.9624E-10 4.1756E-10 4.3990E-10 4.6313E-10 4.8745E-10 5.1272E-10 5.3915E-10 5.6657E-10 5.9510E-10 6.2659E-10 6.5894E-10 6.9253E-10 7.2700E-10 7.6274E-10 8.0042E-10 8.3788E-10 8.7786E-10 9.1929E-10 9.6291E-10 1.0138E-09 1.0677E-09 1.1255E-09 1.1893E-09 1.2567E-09 1.3306E-09 1.4065E-09 1.4880E-09 1.5753E-09 1.6650E-09 1.7602E-09 1.8605E-09 1.9652E-09 2.0869E-09 2.2208E-09 2.3723E-09 2.5336E-09 2.7174E-09 2.9168E-09 3.1508E-09 3.4410E-09 3.7476E-09 4.0767E-09 4.4604E-09 4.8425E-09 5.2328E-09 5.6710E-09 6.0830E-09 6.4979E-09 6.9318E-09 7.3640E-09 7.7805E-09 8.2001E-09
2.9587E-10 3.1285E-10 3.3060E-10 3.4914E-10 3.6849E-10 3.8867E-10 4.0969E-10 4.3174E-10 4.5468E-10 4.7872E-10 5.0369E-10 5.2983E-10 5.5697E-10 5.8522E-10 6.1647E-10 6.4858E-10 6.8195E-10 7.1619E-10 7.5172E-10 7.8922E-10 8.2759E-10 8.6740E-10 9.0931E-10 9.5729E-10 1.0093E-09 1.0600E-09 1.1217E-09 1.1862E-09 1.2568E-09 1.3327E-09 1.4076E-09 1.4914E-09 1.5811E-09 1.6739E-09 1.7718E-09 1.8756E-09 2.0012E-09 2.1454E-09 2.3128E-09 2.5006E-09 2.7067E-09 2.9361E-09 3.1947E-09 3.5299E-09 3.8794E-09 4.2655E-09 4.7705E-09 5.1954E-09 5.6290E-09 6.0863E-09 6.5442E-09 7.0178E-09 7.5082E-09 7.9940E-09 8.4672E-09 8.9383E-09 9.3825E-09
2.8960E-10 3.0632E-10 3.2378E-10 3.4204E-10 3.6109E-10 3.8098E-10 4.0170E-10 4.2345E-10 4.4608E-10 4.6981E-10 4.9448E-10 5.2032E-10 5.4715E-10 5.7689E-10 6.0785E-10 6.3967E-10 6.7276E-10 7.0672E-10 7.4198E-10 7.7820E-10 8.1637E-10 8.5599E-10 8.9777E-10 9.4654E-10 9.9879E-10 1.0545E-09 1.1153E-09 1.1821E-09 1.2546E-09 1.3296E-09 1.4103E-09 1.4972E-09 1.5870E-09 1.6823E-09 1.7870E-09 1.9171E-09 2.0972E-09 2.3108E-09 2.5039E-09 2.7436E-09 3.0377E-09 3.3546E-09 3.8870E-09 4.3342E-09 4.7925E-09 5.2674E-09 5.7288E-09 6.1987E-09 6.6879E-09 7.1996E-09 7.7310E-09 8.2707E-09 8.8048E-09 9.3412E-09 9.8530E-09 1.0348E-08 1.0831E-08
2.8327E-10 2.9970E-10 3.1687E-10 3.3484E-10 3.5359E-10 3.7317E-10 3.9358E-10 4.1502E-10 4.3734E-10 4.6075E-10 4.8510E-10 5.1062E-10 5.3757E-10 5.6702E-10 5.9770E-10 6.2924E-10 6.6205E-10 6.9573E-10 7.3033E-10 7.6630E-10 8.0425E-10 8.4367E-10 8.8528E-10 9.3520E-10 9.8875E-10 1.0472E-09 1.1102E-09 1.1788E-09 1.2506E-09 1.3276E-09 1.4116E-09 1.5005E-09 1.5994E-09 1.7738E-09 2.0681E-09 2.4167E-09 2.6700E-09 2.9717E-09 3.3542E-09 3.7770E-09 4.2099E-09 4.6290E-09 5.1024E-09 5.5670E-09 6.0641E-09 6.5862E-09 7.1001E-09 7.6104E-09 8.1497E-09 8.7278E-09 9.2907E-09 9.8846E-09 1.0455E-08 1.1015E-08 1.1561E-08 1.2090E-08 1.2596E-08
2.7689E-10 2.9303E-10 3.0990E-10 3.2757E-10 3.4600E-10 3.6527E-10 3.8537E-10 4.0648E-10 4.2847E-10 4.5155E-10 4.7599E-10 5.0117E-10 5.2779E-10 5.5693E-10 5.8731E-10 6.1854E-10 6.5067E-10 6.8406E-10 7.1888E-10 7.5456E-10 7.9226E-10 8.3144E-10 8.7660E-10 9.2361E-10 9.7692E-10 1.0370E-09 1.1015E-09 1.1718E-09 1.2495E-09 1.3314E-09 1.4768E-09 1.7966E-09 2.2619E-09 2.6654E-09 3.2255E-09 3.7636E-09 4.3407E-09 4.7730E-09 5.1828E-09 5.6353E-09 6.0563E-09 6.5088E-09 7.0085E-09 7.4902E-09 8.0003E-09 8.5004E-09 9.0075E-09 9.5504E-09 1.0114E-08 1.0701E-08 1.1299E-08 1.1898E-08 1.2490E-08 1.3080E-08 1.3636E-08 1.4198E-08 1.4720E-08
2.7045E-10 2.8630E-10 3.0287E-10 3.2022E-10 3.3834E-10 3.5729E-10 3.7705E-10 3.9783E-10 4.1948E-10 4.4262E-10 4.6672E-10 4.9155E-10 5.1782E-10 5.4664E-10 5.7632E-10 6.0724E-10 6.3904E-10 6.7213E-10 7.0716E-10 7.4312E-10 7.8053E-10 8.2006E-10 8.6651E-10 9.1646E-10 9.6985E-10 1.0303E-09 1.0963E-09 1.1982E-09 1.5589E-09 1.9001E-09 2.5318E-09 3.1965E-09 4.2143E-09 5.1202E-09 6.0537E-09 6.8233E-09 7.5645E-09 8.0587E-09 8.5040E-09 8.8498E-09 9.2157E-09 9.5627E-09 9.9390E-09 1.0340E-08 1.0736E-08 1.1159E-08 1.1612E-08 1.2087E-08 1.2633E-08 1.3176E-08 1.3760E-08 1.4345E-08 1.4935E-08 1.5536E-08 1.6104E-08 1.6688E-08 1.7236E-08
2.6398E-10 2.7952E-10 2.9578E-10 3.1282E-10 3.3062E-10 3.4924E-10 3.6866E-10 3.8909E-10 4.1081E-10 4.3319E-10 4.5693E-10 4.8140E-10 5.0732E-10 5.3580E-10 5.6514E-10 5.9573E-10 6.2719E-10 6.5994E-10 6.9521E-10 7.3085E-10 7.6742E-10 8.0669E-10 8.5412E-10 9.0419E-10 9.6191E-10 1.0241E-09 1.1130E-09 1.6528E-09 2.9747E-09 4.7528E-09 6.0025E-09 7.8678E-09 9.2434E-09 1.0820E-08 1.2171E-08 1.3036E-08 1.3605E-08 1.3915E-08 1.4065E-08 1.4053E-08 1.4072E-08 1.4098E-08 1.4129E-08 1.4245E-08 1.4417E-08 1.4612E-08 1.4926E-08 1.5253E-08 1.5690E-08 1.6161E-08 1.6674E-08 1.7218E-08 1.7794E-08 1.8371E-08 1.8958E-08 1.9547E-08 2.0120E-08
