Assets/Resources/2015_m01_d21_1600(utc+0800)_l00_csi_1hr_conc.grd
DSAA
         159         159
     -79.000      79.000
     -79.000      79.000
  0.2021E-10  0.3364E-05
[rows 75 to 99 of 159, columns 0 to 56 of 159]
1.6057E-10 1.6626E-10 1.7214E-10 1.7820E-10 1.8445E-10 1.9090E-10 1.9749E-10 2.0443E-10 2.1152E-10 2.1867E-10 2.2629E-10 2.3403E-10 2.4194E-10 2.5027E-10 2.5883E-10 2.6746E-10 2.7643E-10 2.8573E-10 2.9516E-10 3.0484E-10 3.1482E-10 3.2508E-10 3.3550E-10 3.4610E-10 3.5710E-10 3.6834E-10 3.7979E-10 3.9158E-10 4.0364E-10 4.1602E-10 4.2855E-10 4.4146E-10 4.5471E-10 4.6809E-10 4.8186E-10 4.9597E-10 5.1022E-10 5.2486E-10 5.3984E-10 5.5495E-10 5.7046E-10 5.8630E-10 6.0227E-10 6.1863E-10 6.3532E-10 6.5213E-10 6.6933E-10 6.8679E-10 7.0447E-10 7.2247E-10 7.4073E-10 7.5914E-10 7.7790E-10 7.9680E-10 8.1605E-10 8.3553E-10 8.5512E-10
1.5832E-10 1.6392E-10 1.6970E-10 1.7561E-10 1.8176E-10 1.8817E-10 1.9471E-10 2.0139E-10 2.0837E-10 2.1555E-10 2.2295E-10 2.3051E-10 2.3844E-10 2.4645E-10 2.5478E-10 2.6344E-10 2.7235E-10 2.8132E-10 2.9063E-10 3.0024E-10 3.1001E-10 3.1999E-10 3.3033E-10 3.4084E-10 3.5162E-10 3.6261E-10 3.7392E-10 3.8555E-10 3.9731E-10 4.0944E-10 4.2190E-10 4.3454E-10 4.4746E-10 4.6076E-10 4.7429E-10 4.8801E-10 5.0216E-10 5.1655E-10 5.3112E-10 5.4612E-10 5.6130E-10 5.7677E-10 5.9261E-10 6.0859E-10 6.2494E-10 6.4161E-10 6.5840E-10 6.7556E-10 6.9304E-10 7.1062E-10 7.2856E-10 7.4675E-10 7.6508E-10 7.8375E-10 8.0266E-10 8.2169E-10 8.4105E-10
1.5607E-10 1.6158E-10 1.6721E-10 1.7314E-10 1.7914E-10 1.8538E-10 1.9181E-10 1.9844E-10 2.0536E-10 2.1228E-10 2.1955E-10 2.2713E-10 2.3484E-10 2.4272E-10 2.5100E-10 2.5933E-10 2.6800E-10 2.7699E-10 2.8614E-10 2.9550E-10 3.0515E-10 3.1501E-10 3.2517E-10 3.3550E-10 3.4609E-10 3.5698E-10 3.6805E-10 3.7939E-10 3.9108E-10 4.0301E-10 4.1510E-10 4.2762E-10 4.4036E-10 4.5334E-10 4.6663E-10 4.8021E-10 4.9406E-10 5.0815E-10 5.2256E-10 5.3714E-10 5.5216E-10 5.6740E-10 5.8282E-10 5.9866E-10 6.1472E-10 6.3094E-10 6.4759E-10 6.6439E-10 6.8146E-10 6.9888E-10 7.1645E-10 7.3426E-10 7.5237E-10 7.7066E-10 7.8918E-10 8.0798E-10 8.2688E-10
1.5381E-10 1.5924E-10 1.6483E-10 1.7061E-10 1.7650E-10 1.8264E-10 1.8897E-10 1.9549E-10 2.0215E-10 2.0915E-10 2.1631E-10 2.2352E-10 2.3119E-10 2.3908E-10 2.4695E-10 2.5532E-10 2.6392E-10 2.7258E-10 2.8157E-10 2.9090E-10 3.0034E-10 3.1002E-10 3.2000E-10 3.3025E-10 3.4065E-10 3.5122E-10 3.6219E-10 3.7337E-10 3.8477E-10 3.9648E-10 4.0846E-10 4.2071E-10 4.3318E-10 4.4597E-10 4.5903E-10 4.7232E-10 4.8592E-10 4.9985E-10 5.1391E-10 5.2833E-10 5.4308E-10 5.5795E-10 5.7319E-10 5.8864E-10 6.0441E-10 6.2045E-10 6.3664E-10 6.5324E-10 6.7005E-10 6.8700E-10 7.0436E-10 7.2190E-10 7.3958E-10 7.5759E-10 7.7583E-10 7.9418E-10 8.1285E-10
1.5151E-10 1.5684E-10 1.6234E-10 1.6802E-10 1.7387E-10 1.7991E-10 1.8607E-10 1.9248E-10 1.9914E-10 2.0588E-10 2.1292E-10 2.2015E-10 2.2760E-10 2.3521E-10 2.4318E-10 2.5131E-10 2.5959E-10 2.6827E-10 2.7710E-10 2.8608E-10 2.9549E-10 3.0509E-10 3.1476E-10 3.2482E-10 3.3513E-10 3.4560E-10 3.5628E-10 3.6727E-10 3.7851E-10 3.9001E-10 4.0173E-10 4.1376E-10 4.2605E-10 4.3856E-10 4.5139E-10 4.6453E-10 4.7785E-10 4.9143E-10 5.0537E-10 5.1949E-10 5.3387E-10 5.4861E-10 5.6348E-10 5.7870E-10 5.9423E-10 6.0987E-10 6.2587E-10 6.4206E-10 6.5856E-10 6.7531E-10 6.9224E-10 7.0946E-10 7.2692E-10 7.4455E-10 7.6240E-10 7.8052E-10 7.9874E-10
1.4931E-10 1.5450E-10 1.5991E-10 1.6549E-10 1.7119E-10 1.7718E-10 1.8323E-10 1.8953E-10 1.9602E-10 2.0270E-10 2.0962E-10 2.1664E-10 2.2396E-10 2.3158E-10 2.3917E-10 2.4722E-10 2.5553E-10 2.6379E-10 2.7255E-10 2.8155E-10 2.9061E-10 3.0004E-10 3.0967E-10 3.1950E-10 3.2962E-10 3.3990E-10 3.5044E-10 3.6122E-10 3.7222E-10 3.8351E-10 3.9511E-10 4.0687E-10 4.1890E-10 4.3127E-10 4.4382E-10 4.5662E-10 4.6979E-10 4.8317E-10 4.9671E-10 5.1067E-10 5.2483E-10 5.3916E-10 5.5389E-10 5.6878E-10 5.8393E-10 5.9942E-10 6.1502E-10 6.3097E-10 6.4721E-10 6.6354E-10 6.8021E-10 6.9711E-10 7.1419E-10 7.3155E-10 7.4906E-10 7.6679E-10 7.8478E-10
1.4700E-10 1.5216E-10 1.5748E-10 1.6291E-10 1.6856E-10 1.7445E-10 1.8040E-10 1.8653E-10 1.9297E-10 1.9953E-10 2.0623E-10 2.1328E-10 2.2047E-10 2.2772E-10 2.3541E-10 2.4323E-10 2.5121E-10 2.5959E-10 2.6810E-10 2.7685E-10 2.8583E-10 2.9504E-10 3.0454E-10 3.1414E-10 3.2404E-10 3.3422E-10 3.4461E-10 3.5515E-10 3.6603E-10 3.7708E-10 3.8837E-10 4.0001E-10 4.1185E-10 4.2391E-10 4.3627E-10 4.4888E-10 4.6171E-10 4.7484E-10 4.8823E-10 5.0182E-10 5.1572E-10 5.2988E-10 5.4419E-10 5.5890E-10 5.7381E-10 5.8886E-10 6.0432E-10 6.1986E-10 6.3575E-10 6.5192E-10 6.6817E-10 6.8476E-10 7.0156E-10 7.1854E-10 7.3577E-10 7.5322E-10 7.7076E-10
1.4476E-10 1.4982E-10 1.5500E-10 1.6039E-10 1.6594E-10 1.7167E-10 1.7757E-10 1.8360E-10 1.8986E-10 1.9631E-10 2.0295E-10 2.0972E-10 2.1684E-10 2.2411E-10 2.3142E-10 2.3919E-10 2.4717E-10 2.5513E-10 2.6358E-10 2.7225E-10 2.8097E-10 2.9001E-10 2.9938E-10 3.0885E-10 3.1856E-10 3.2856E-10 3.3880E-10 3.4914E-10 3.5973E-10 3.7066E-10 3.8179E-10 3.9312E-10 4.0474E-10 4.1662E-10 4.2870E-10 4.4107E-10 4.5370E-10 4.6659E-10 4.7967E-10 4.9306E-10 5.0670E-10 5.2053E-10 5.3467E-10 5.4900E-10 5.6363E-10 5.7850E-10 5.9350E-10 6.0890E-10 6.2448E-10 6.4019E-10 6.5629E-10 6.7250E-10 6.8893E-10 7.0568E-10 7.2248E-10 7.3959E-10 7.5690E-10
1.4257E-10 1.4744E-10 1.5263E-10 1.5782E-10 1.6333E-10 1.6895E-10 1.7470E-10 1.8073E-10 1.8682E-10 1.9315E-10 1.9962E-10 2.0638E-10 2.1332E-10 2.2036E-10 2.2769E-10 2.3531E-10 2.4291E-10 2.5095E-10 2.5915E-10 2.6749E-10 2.7622E-10 2.8510E-10 2.9420E-10 3.0354E-10 3.1306E-10 3.2283E-10 3.3291E-10 3.4315E-10 3.5359E-10 3.6422E-10 3.7514E-10 3.8630E-10 3.9770E-10 4.0930E-10 4.2120E-10 4.3334E-10 4.4568E-10 4.5832E-10 4.7120E-10 4.8433E-10 4.9766E-10 5.1128E-10 5.2509E-10 5.3919E-10 5.5354E-10 5.6807E-10 5.8289E-10 5.9784E-10 6.1317E-10 6.2867E-10 6.4430E-10 6.6030E-10 6.7641E-10 6.9273E-10 7.0936E-10 7.2608E-10 7.4300E-10
1.4028E-10 1.4517E-10 1.5016E-10 1.5536E-10 1.6067E-10 1.6619E-10 1.7188E-10 1.7775E-10 1.8379E-10 1.8995E-10 1.9641E-10 2.0299E-10 2.0971E-10 2.1671E-10 2.2391E-10 2.3121E-10 2.3890E-10 2.4656E-10 2.5467E-10 2.6302E-10 2.7132E-10 2.8011E-10 2.8914E-10 2.9820E-10 3.0763E-10 3.1725E-10 3.2706E-10 3.3710E-10 3.4738E-10 3.5785E-10 3.6856E-10 3.7946E-10 3.9065E-10 4.0207E-10 4.1369E-10 4.2560E-10 4.3775E-10 4.5014E-10 4.6272E-10 4.7560E-10 4.8871E-10 5.0202E-10 5.1566E-10 5.2944E-10 5.4345E-10 5.5780E-10 5.7223E-10 5.8698E-10 6.0196E-10 6.1711E-10 6.3253E-10 6.4811E-10 6.6395E-10 6.8000E-10 6.9615E-10 7.1264E-10 7.2923E-10
1.3795E-10 1.4280E-10 1.4775E-10 1.5286E-10 1.5807E-10 1.6349E-10 1.6903E-10 1.7484E-10 1.8071E-10 1.8681E-10 1.9304E-10 1.9956E-10 2.0621E-10 2.1299E-10 2.2011E-10 2.2736E-10 2.3467E-10 2.4242E-10 2.5032E-10 2.5830E-10 2.6671E-10 2.7516E-10 2.8400E-10 2.9298E-10 3.0210E-10 3.1157E-10 3.2124E-10 3.3108E-10 3.4121E-10 3.5147E-10 3.6197E-10 3.7271E-10 3.8367E-10 3.9483E-10 4.0627E-10 4.1794E-10 4.2980E-10 4.4200E-10 4.5434E-10 4.6696E-10 4.7981E-10 4.9285E-10 5.0613E-10 5.1973E-10 5.3347E-10 5.4743E-10 5.6172E-10 5.7608E-10 5.9076E-10 6.0571E-10 6.2072E-10 6.3604E-10 6.5152E-10 6.6724E-10 6.8317E-10 6.9923E-10 7.1553E-10
1.3565E-10 1.4047E-10 1.4535E-10 1.5031E-10 1.5548E-10 1.6075E-10 1.6624E-10 1.7189E-10 1.7770E-10 1.8369E-10 1.8986E-10 1.9620E-10 2.0267E-10 2.0937E-10 2.1630E-10 2.2339E-10 2.3070E-10 2.3806E-10 2.4587E-10 2.5387E-10 2.6185E-10 2.7031E-10 2.7899E-10 2.8770E-10 2.9672E-10 3.0597E-10 3.1549E-10 3.2509E-10 3.3497E-10 3.4512E-10 3.5546E-10 3.6594E-10 3.7669E-10 3.8767E-10 3.9883E-10 4.1032E-10 4.2195E-10 4.3386E-10 4.4600E-10 4.5832E-10 4.7092E-10 4.8374E-10 4.9680E-10 5.1004E-10 5.2354E-10 5.3727E-10 5.5113E-10 5.6535E-10 5.7963E-10 5.9423E-10 6.0908E-10 6.2400E-10 6.3921E-10 6.5457E-10 6.7017E-10 6.8595E-10 7.0187E-10
1.3326E-10 1.3801E-10 1.4289E-10 1.4789E-10 1.5285E-10 1.5813E-10 1.6340E-10 1.6900E-10 1.7465E-10 1.8053E-10 1.8658E-10 1.9280E-10 1.9920E-10 2.0572E-10 2.1254E-10 2.1952E-10 2.2660E-10 2.3397E-10 2.4156E-10 2.4924E-10 2.5729E-10 2.6541E-10 2.7382E-10 2.8254E-10 2.9129E-10 3.0035E-10 3.0964E-10 3.1919E-10 3.2887E-10 3.3872E-10 3.4890E-10 3.5926E-10 3.6979E-10 3.8055E-10 3.9149E-10 4.0271E-10 4.1415E-10 4.2577E-10 4.3766E-10 4.4978E-10 4.6212E-10 4.7464E-10 4.8743E-10 5.0045E-10 5.1363E-10 5.2708E-10 5.4075E-10 5.5453E-10 5.6867E-10 5.8292E-10 5.9738E-10 6.1213E-10 6.2693E-10 6.4202E-10 6.5725E-10 6.7272E-10 6.8836E-10
1.3105E-10 1.3570E-10 1.4049E-10 1.4528E-10 1.5034E-10 1.5536E-10 1.6069E-10 1.6608E-10 1.7168E-10 1.7744E-10 1.8337E-10 1.8947E-10 1.9569E-10 2.0214E-10 2.0877E-10 2.1558E-10 2.2262E-10 2.2984E-10 2.3717E-10 2.4486E-10 2.5253E-10 2.6062E-10 2.6896E-10 2.7723E-10 2.8599E-10 2.9487E-10 3.0396E-10 3.1318E-10 3.2276E-10 3.3246E-10 3.4238E-10 3.5253E-10 3.6289E-10 3.7344E-10 3.8420E-10 3.9514E-10 4.0635E-10 4.1777E-10 4.2942E-10 4.4125E-10 4.5334E-10 4.6565E-10 4.7813E-10 4.9088E-10 5.0384E-10 5.1696E-10 5.3035E-10 5.4394E-10 5.5764E-10 5.7170E-10 5.8585E-10 6.0020E-10 6.1484E-10 6.2952E-10 6.4448E-10 6.5962E-10 6.7489E-10
1.2859E-10 1.3326E-10 1.3797E-10 1.4280E-10 1.4773E-10 1.5276E-10 1.5789E-10 1.6322E-10 1.6866E-10 1.7431E-10 1.8018E-10 1.8611E-10 1.9226E-10 1.9852E-10 2.0508E-10 2.1176E-10 2.1857E-10 2.2565E-10 2.3291E-10 2.4028E-10 2.4802E-10 2.5572E-10 2.6386E-10 2.7223E-10 2.8054E-10 2.8932E-10 2.9824E-10 3.0735E-10 3.1673E-10 3.2619E-10 3.3591E-10 3.4593E-10 3.5609E-10 3.6641E-10 3.7691E-10 3.8767E-10 3.9865E-10 4.0979E-10 4.2120E-10 4.3282E-10 4.4462E-10 4.5667E-10 4.6894E-10 4.8142E-10 4.9406E-10 5.0696E-10 5.2007E-10 5.3333E-10 5.4684E-10 5.6050E-10 5.7441E-10 5.8851E-10 6.0269E-10 6.1721E-10 6.3176E-10 6.4658E-10 6.6158E-10
1.2641E-10 1.3093E-10 1.3552E-10 1.4021E-10 1.4509E-10 1.5007E-10 1.5515E-10 1.6038E-10 1.6571E-10 1.7125E-10 1.7690E-10 1.8281E-10 1.8879E-10 1.9499E-10 2.0136E-10 2.0791E-10 2.1463E-10 2.2157E-10 2.2860E-10 2.3597E-10 2.4332E-10 2.5109E-10 2.5901E-10 2.6700E-10 2.7540E-10 2.8383E-10 2.9264E-10 3.0148E-10 3.1062E-10 3.2001E-10 3.2948E-10 3.3921E-10 3.4924E-10 3.5940E-10 3.6972E-10 3.8021E-10 3.9096E-10 4.0191E-10 4.1304E-10 4.2442E-10 4.3601E-10 4.4781E-10 4.5977E-10 4.7199E-10 4.8442E-10 4.9700E-10 5.0982E-10 5.2285E-10 5.3603E-10 5.4945E-10 5.6301E-10 5.7681E-10 5.9079E-10 6.0485E-10 6.1924E-10 6.3365E-10 6.4832E-10
1.2401E-10 1.2847E-10 1.3309E-10 1.3769E-10 1.4250E-10 1.4735E-10 1.5243E-10 1.5751E-10 1.6278E-10 1.6816E-10 1.7380E-10 1.7944E-10 1.8540E-10 1.9142E-10 1.9772E-10 2.0408E-10 2.1067E-10 2.1743E-10 2.2441E-10 2.3148E-10 2.3888E-10 2.4626E-10 2.5407E-10 2.6202E-10 2.7003E-10 2.7846E-10 2.8691E-10 2.9574E-10 3.0460E-10 3.1375E-10 3.2315E-10 3.3263E-10 3.4236E-10 3.5239E-10 3.6254E-10 3.7285E-10 3.8333E-10 3.9405E-10 4.0499E-10 4.1613E-10 4.2742E-10 4.3898E-10 4.5073E-10 4.6264E-10 4.7480E-10 4.8716E-10 4.9966E-10 5.1241E-10 5.2536E-10 5.3844E-10 5.5176E-10 5.6521E-10 5.7889E-10 5.9270E-10 6.0668E-10 6.2092E-10 6.3518E-10
1.2186E-10 1.2626E-10 1.3059E-10 1.3518E-10 1.3982E-10 1.4468E-10 1.4966E-10 1.5476E-10 1.5982E-10 1.6520E-10 1.7057E-10 1.7625E-10 1.8193E-10 1.8793E-10 1.9405E-10 2.0033E-10 2.0679E-10 2.1336E-10 2.2016E-10 2.2723E-10 2.3433E-10 2.4170E-10 2.4911E-10 2.5695E-10 2.6492E-10 2.7305E-10 2.8141E-10 2.8988E-10 2.9872E-10 3.0759E-10 3.1675E-10 3.2615E-10 3.3563E-10 3.4545E-10 3.5538E-10 3.6551E-10 3.7581E-10 3.8631E-10 3.9696E-10 4.0786E-10 4.1896E-10 4.3022E-10 4.4172E-10 4.5342E-10 4.6526E-10 4.7736E-10 4.8964E-10 5.0206E-10 5.1473E-10 5.2758E-10 5.4056E-10 5.5376E-10 5.6710E-10 5.8065E-10 5.9433E-10 6.0816E-10 6.2221E-10
1.1954E-10 1.2379E-10 1.2828E-10 1.3260E-10 1.3732E-10 1.4192E-10 1.4688E-10 1.5184E-10 1.5699E-10 1.6210E-10 1.6752E-10 1.7292E-10 1.7865E-10 1.8436E-10 1.9046E-10 1.9656E-10 2.0288E-10 2.0937E-10 2.1597E-10 2.2280E-10 2.2990E-10 2.3703E-10 2.4443E-10 2.5205E-10 2.5973E-10 2.6772E-10 2.7587E-10 2.8424E-10 2.9272E-10 3.0157E-10 3.1053E-10 3.1960E-10 3.2900E-10 3.3847E-10 3.4828E-10 3.5824E-10 3.6831E-10 3.7858E-10 3.8905E-10 3.9966E-10 4.1052E-10 4.2158E-10 4.3278E-10 4.4423E-10 4.5587E-10 4.6769E-10 4.7966E-10 4.9186E-10 5.0420E-10 5.1676E-10 5.2951E-10 5.4237E-10 5.5546E-10 5.6867E-10 5.8209E-10 5.9562E-10 6.0931E-10
1.1742E-10 1.2157E-10 1.2576E-10 1.3022E-10 1.3458E-10 1.3934E-10 1.4414E-10 1.4906E-10 1.5399E-10 1.5918E-10 1.6433E-10 1.6978E-10 1.7522E-10 1.8099E-10 1.8679E-10 1.9288E-10 1.9906E-10 2.0536E-10 2.1188E-10 2.1851E-10 2.2537E-10 2.3249E-10 2.3965E-10 2.4707E-10 2.5471E-10 2.6240E-10 2.7040E-10 2.7857E-10 2.8694E-10 2.9543E-10 3.0428E-10 3.1324E-10 3.2231E-10 3.3170E-10 3.4116E-10 3.5094E-10 3.6088E-10 3.7092E-10 3.8116E-10 3.9159E-10 4.0217E-10 4.1298E-10 4.2399E-10 4.3513E-10 4.4651E-10 4.5808E-10 4.6978E-10 4.8171E-10 4.9382E-10 5.0605E-10 5.1852E-10 5.3115E-10 5.4390E-10 5.5686E-10 5.6993E-10 5.8321E-10 5.9659E-10
1.1513E-10 1.1921E-10 1.2345E-10 1.2763E-10 1.3213E-10 1.3653E-10 1.4134E-10 1.4617E-10 1.5113E-10 1.5610E-10 1.6133E-10 1.6650E-10 1.7200E-10 1.7747E-10 1.8327E-10 1.8916E-10 1.9522E-10 2.0144E-10 2.0776E-10 2.1431E-10 2.2102E-10 2.2790E-10 2.3499E-10 2.4225E-10 2.4961E-10 2.5726E-10 2.6496E-10 2.7298E-10 2.8114E-10 2.8952E-10 2.9801E-10 3.0686E-10 3.1581E-10 3.2486E-10 3.3424E-10 3.4367E-10 3.5344E-10 3.6334E-10 3.7335E-10 3.8355E-10 3.9394E-10 4.0446E-10 4.1522E-10 4.2617E-10 4.3724E-10 4.4855E-10 4.6004E-10 4.7165E-10 4.8349E-10 4.9551E-10 5.0764E-10 5.1998E-10 5.3245E-10 5.4512E-10 5.5790E-10 5.7087E-10 5.8395E-10
1.1309E-10 1.1703E-10 1.2106E-10 1.2525E-10 1.2948E-10 1.3401E-10 1.3866E-10 1.4337E-10 1.4816E-10 1.5316E-10 1.5816E-10 1.6342E-10 1.6863E-10 1.7416E-10 1.7966E-10 1.8549E-10 1.9141E-10 1.9750E-10 2.0374E-10 2.1009E-10 2.1666E-10 2.2339E-10 2.3029E-10 2.3740E-10 2.4467E-10 2.5204E-10 2.5970E-10 2.6741E-10 2.7543E-10 2.8359E-10 2.9197E-10 3.0045E-10 3.0929E-10 3.1813E-10 3.2726E-10 3.3661E-10 3.4602E-10 3.5575E-10 3.6554E-10 3.7559E-10 3.8575E-10 3.9608E-10 4.0655E-10 4.1725E-10 4.2813E-10 4.3913E-10 4.5036E-10 4.6171E-10 4.7328E-10 4.8497E-10 4.9688E-10 5.0889E-10 5.2112E-10 5.3350E-10 5.4599E-10 5.5867E-10 5.7150E-10
1.1083E-10 1.1475E-10 1.1878E-10 1.2279E-10 1.2707E-10 1.3128E-10 1.3585E-10 1.4058E-10 1.4528E-10 1.5011E-10 1.5514E-10 1.6017E-10 1.6546E-10 1.7070E-10 1.7626E-10 1.8179E-10 1.8765E-10 1.9359E-10 1.9970E-10 2.0597E-10 2.1239E-10 2.1892E-10 2.2567E-10 2.3259E-10 2.3971E-10 2.4699E-10 2.5436E-10 2.6202E-10 2.6974E-10 2.7775E-10 2.8591E-10 2.9428E-10 3.0275E-10 3.1157E-10 3.2040E-10 3.2950E-10 3.3874E-10 3.4820E-10 3.5780E-10 3.6759E-10 3.7755E-10 3.8774E-10 3.9798E-10 4.0843E-10 4.1901E-10 4.2981E-10 4.4073E-10 4.5187E-10 4.6318E-10 4.7460E-10 4.8623E-10 4.9802E-10 5.0992E-10 5.2202E-10 5.3426E-10 5.4661E-10 5.5914E-10
1.0883E-10 1.1261E-10 1.1643E-10 1.2045E-10 1.2450E-10 1.2881E-10 1.3318E-10 1.3766E-10 1.4242E-10 1.4715E-10 1.5201E-10 1.5707E-10 1.6213E-10 1.6745E-10 1.7272E-10 1.7830E-10 1.8386E-10 1.8973E-10 1.9576E-10 2.0183E-10 2.0811E-10 2.1456E-10 2.2110E-10 2.2786E-10 2.3487E-10 2.4191E-10 2.4920E-10 2.5657E-10 2.6423E-10 2.7195E-10 2.7995E-10 2.8810E-10 2.9646E-10 3.0490E-10 3.1371E-10 3.2251E-10 3.3158E-10 3.4078E-10 3.5020E-10 3.5976E-10 3.6950E-10 3.7941E-10 3.8949E-10 3.9971E-10 4.1004E-10 4.2059E-10 4.3131E-10 4.4214E-10 4.5319E-10 4.6439E-10 4.7571E-10 4.8722E-10 4.9889E-10 5.1066E-10 5.2262E-10 5.3473E-10 5.4692E-10
1.0669E-10 1.1037E-10 1.1424E-10 1.1804E-10 1.2214E-10 1.2617E-10 1.3051E-10 1.3504E-10 1.3950E-10 1.4422E-10 1.4898E-10 1.5386E-10 1.5895E-10 1.6404E-10 1.6938E-10 1.7467E-10 1.8027E-10 1.8585E-10 1.9175E-10 1.9779E-10 2.0388E-10 2.1017E-10 2.1663E-10 2.2318E-10 2.2995E-10 2.3697E-10 2.4401E-10 2.5130E-10 2.5867E-10 2.6633E-10 2.7403E-10 2.8202E-10 2.9016E-10 2.9849E-10 3.0691E-10 3.1569E-10 3.2446E-10 3.3349E-10 3.4265E-10 3.5203E-10 3.6154E-10 3.7122E-10 3.8106E-10 3.9108E-10 4.0122E-10 4.1148E-10 4.2195E-10 4.3258E-10 4.4332E-10 4.5426E-10 4.6536E-10 4.7656E-10 4.8795E-10 4.9949E-10 5.1112E-10 5.2294E-10 5.3489E-10
