Assets/Resources/2015_m01_d28_2300(utc+0800)_l00_csi_1hr_conc.grd
DSAA
         159         159
     -79.000      79.000
     -79.000      79.000
  0.0000E+00  0.1593E-04
[rows 25 to 49 of 159, columns 57 to 113 of 159]
6.8610E-09 6.8068E-09 6.7326E-09 6.6402E-09 6.5263E-09 6.3913E-09 6.2352E-09 6.0614E-09 5.8671E-09 5.6538E-09 5.4234E-09 5.1782E-09 4.9193E-09 4.6498E-09 4.3721E-09 4.0880E-09 3.8010E-09 3.5137E-09 3.2278E-09 2.9472E-09 2.6735E-09 2.4075E-09 2.1506E-09 1.9080E-09 1.6809E-09 1.4683E-09 1.2720E-09 1.0911E-09 9.2830E-10 7.8545E-10 6.5681E-10 5.4289E-10 4.4193E-10 3.5528E-10 2.8110E-10 2.2016E-10 1.6965E-10 1.2778E-10 9.4223E-11 6.7697E-11 4.6443E-11 3.0761E-11 1.9924E-11 1.1659E-11 6.6834E-12 3.7515E-12 2.1219E-12 1.1547E-12 2.5966E-13 0.0000E+00 0.0000E+00 0.0000E+00 0.0000E+00 0.0000E+00 0.0000E+00 0.0000E+00 0.0000E+00
7.0737E-09 7.0410E-09 6.9859E-09 6.9089E-09 6.8115E-09 6.6907E-09 6.5473E-09 6.3827E-09 6.1977E-09 5.9899E-09 5.7630E-09 5.5182E-09 5.2573E-09 4.9838E-09 4.6988E-09 4.4054E-09 4.1074E-09 3.8057E-09 3.5041E-09 3.2064E-09 2.9152E-09 2.6323E-09 2.3592E-09 2.0992E-09 1.8510E-09 1.6180E-09 1.4068E-09 1.2130E-09 1.0367E-09 8.7637E-10 7.3385E-10 6.1029E-10 5.0184E-10 4.0587E-10 3.2275E-10 2.5191E-10 1.9576E-10 1.4934E-10 1.1081E-10 8.1104E-11 5.6931E-11 3.8880E-11 2.5387E-11 1.5781E-11 9.2954E-12 4.7716E-12 2.8182E-12 1.4805E-12 6.4824E-13 0.0000E+00 0.0000E+00 0.0000E+00 0.0000E+00 0.0000E+00 0.0000E+00 0.0000E+00 0.0000E+00
7.2838E-09 7.2711E-09 7.2368E-09 7.1785E-09 7.0993E-09 6.9947E-09 6.8657E-09 6.7124E-09 6.5349E-09 6.3343E-09 6.1118E-09 5.8683E-09 5.6071E-09 5.3295E-09 5.0377E-09 4.7361E-09 4.4263E-09 4.1117E-09 3.7964E-09 3.4825E-09 3.1735E-09 2.8700E-09 2.5762E-09 2.2965E-09 2.0311E-09 1.7831E-09 1.5521E-09 1.3393E-09 1.1485E-09 9.7630E-10 8.2059E-10 6.8264E-10 5.6213E-10 4.5714E-10 3.6749E-10 2.8835E-10 2.2278E-10 1.7263E-10 1.2930E-10 9.5181E-11 6.8500E-11 4.7543E-11 3.2130E-11 2.0255E-11 1.2560E-11 7.1519E-12 3.6324E-12 2.0868E-12 1.0226E-12 1.4163E-13 0.0000E+00 0.0000E+00 0.0000E+00 0.0000E+00 0.0000E+00 0.0000E+00 0.0000E+00
7.4941E-09 7.5038E-09 7.4920E-09 7.4554E-09 7.3943E-09 7.3079E-09 7.1954E-09 7.0560E-09 6.8902E-09 6.6990E-09 6.4822E-09 6.2424E-09 5.9813E-09 5.7002E-09 5.4031E-09 5.0923E-09 4.7707E-09 4.4439E-09 4.1146E-09 3.7833E-09 3.4548E-09 3.1321E-09 2.8188E-09 2.5165E-09 2.2274E-09 1.9586E-09 1.7096E-09 1.4785E-09 1.2678E-09 1.0788E-09 9.0982E-10 7.6031E-10 6.2816E-10 5.1272E-10 4.1382E-10 3.2864E-10 2.5557E-10 1.9690E-10 1.4995E-10 1.1127E-10 8.0749E-11 5.7287E-11 3.9441E-11 2.5294E-11 1.5888E-11 9.4910E-12 4.8262E-12 2.6778E-12 1.3828E-12 4.6717E-13 0.0000E+00 0.0000E+00 0.0000E+00 0.0000E+00 0.0000E+00 0.0000E+00 0.0000E+00
7.6987E-09 7.7324E-09 7.7436E-09 7.7306E-09 7.6919E-09 7.6264E-09 7.5323E-09 7.4096E-09 7.2583E-09 7.0778E-09 6.8696E-09 6.6354E-09 6.3767E-09 6.0964E-09 5.7948E-09 5.4759E-09 5.1440E-09 4.8029E-09 4.4557E-09 4.1064E-09 3.7580E-09 3.4144E-09 3.0800E-09 2.7565E-09 2.4490E-09 2.1587E-09 1.8861E-09 1.6351E-09 1.4075E-09 1.1988E-09 1.0104E-09 8.4442E-10 7.0023E-10 5.7325E-10 4.6409E-10 3.7038E-10 2.9110E-10 2.2463E-10 1.7164E-10 1.2889E-10 9.4795E-11 6.7416E-11 4.7330E-11 3.1667E-11 1.9556E-11 1.2355E-11 6.8570E-12 3.2529E-12 1.8620E-12 7.7614E-13 0.0000E+00 0.0000E+00 0.0000E+00 0.0000E+00 0.0000E+00 0.0000E+00 0.0000E+00
7.8956E-09 7.9563E-09 7.9941E-09 8.0071E-09 7.9933E-09 7.9506E-09 7.8780E-09 7.7747E-09 7.6397E-09 7.4737E-09 7.2788E-09 7.0514E-09 6.7956E-09 6.5168E-09 6.2113E-09 5.8854E-09 5.5439E-09 5.1892E-09 4.8262E-09 4.4585E-09 4.0927E-09 3.7276E-09 3.3696E-09 3.0221E-09 2.6885E-09 2.3713E-09 2.0755E-09 1.8018E-09 1.5496E-09 1.3222E-09 1.1186E-09 9.3694E-10 7.7546E-10 6.3797E-10 5.1913E-10 4.1593E-10 3.2803E-10 2.5533E-10 1.9514E-10 1.4769E-10 1.0969E-10 7.8523E-11 5.5755E-11 3.8140E-11 2.4042E-11 1.5100E-11 8.7254E-12 4.2299E-12 2.3470E-12 1.0682E-12 1.8617E-13 0.0000E+00 0.0000E+00 0.0000E+00 0.0000E+00 0.0000E+00 0.0000E+00
8.0823E-09 8.1713E-09 8.2373E-09 8.2779E-09 8.2904E-09 8.2729E-09 8.2239E-09 8.1429E-09 8.0282E-09 7.8793E-09 7.6968E-09 7.4782E-09 7.2279E-09 6.9472E-09 6.6446E-09 6.3150E-09 5.9641E-09 5.5974E-09 5.2192E-09 4.8327E-09 4.4426E-09 4.0536E-09 3.6705E-09 3.2988E-09 2.9418E-09 2.6013E-09 2.2821E-09 1.9857E-09 1.7109E-09 1.4583E-09 1.2372E-09 1.0389E-09 8.6262E-10 7.0887E-10 5.7631E-10 4.6413E-10 3.6784E-10 2.8664E-10 2.2034E-10 1.6769E-10 1.2540E-10 9.1364E-11 6.4615E-11 4.5067E-11 2.9463E-11 1.8143E-11 1.1188E-11 5.9117E-12 2.8097E-12 1.4483E-12 4.3304E-13 0.0000E+00 0.0000E+00 0.0000E+00 0.0000E+00 0.0000E+00 0.0000E+00
8.2591E-09 8.3782E-09 8.4744E-09 8.5443E-09 8.5858E-09 8.5969E-09 8.5764E-09 8.5202E-09 8.4274E-09 8.2971E-09 8.1295E-09 7.9243E-09 7.6831E-09 7.4059E-09 7.0990E-09 6.7665E-09 6.4075E-09 6.0299E-09 5.6360E-09 5.2314E-09 4.8216E-09 4.4102E-09 4.0034E-09 3.6056E-09 3.2194E-09 2.8493E-09 2.5006E-09 2.1768E-09 1.8784E-09 1.6070E-09 1.3627E-09 1.1445E-09 9.5406E-10 7.8621E-10 6.3989E-10 5.1593E-10 4.0992E-10 3.2107E-10 2.4693E-10 1.8857E-10 1.4253E-10 1.0441E-10 7.4167E-11 5.1868E-11 3.4918E-11 2.1354E-11 1.3153E-11 7.2040E-12 3.2480E-12 1.8568E-12 6.6116E-13 0.0000E+00 0.0000E+00 0.0000E+00 0.0000E+00 0.0000E+00 0.0000E+00
8.4240E-09 8.5748E-09 8.7024E-09 8.8043E-09 8.8790E-09 8.9229E-09 8.9310E-09 8.9033E-09 8.8346E-09 8.7264E-09 8.5796E-09 8.3892E-09 8.1578E-09 7.8871E-09 7.5818E-09 7.2441E-09 6.8861E-09 6.4979E-09 6.0895E-09 5.6671E-09 5.2348E-09 4.7956E-09 4.3563E-09 3.9269E-09 3.5109E-09 3.1140E-09 2.7392E-09 2.3895E-09 2.0641E-09 1.7688E-09 1.5014E-09 1.2619E-09 1.0535E-09 8.6864E-10 7.0910E-10 5.7053E-10 4.5504E-10 3.5625E-10 2.7554E-10 2.1023E-10 1.5929E-10 1.1844E-10 8.4759E-11 5.9546E-11 4.0545E-11 2.5674E-11 1.5474E-11 8.9877E-12 4.3793E-12 2.2130E-12 8.6978E-13 1.1475E-14 0.0000E+00 0.0000E+00 0.0000E+00 0.0000E+00 0.0000E+00
8.5746E-09 8.7579E-09 8.9199E-09 9.0586E-09 9.1689E-09 9.2459E-09 9.2862E-09 9.2906E-09 9.2507E-09 9.1691E-09 9.0410E-09 8.8675E-09 8.6499E-09 8.3917E-09 8.0923E-09 7.7558E-09 7.3884E-09 6.9931E-09 6.5714E-09 6.1305E-09 5.6748E-09 5.2113E-09 4.7474E-09 4.2872E-09 3.8398E-09 3.4099E-09 3.0028E-09 2.6208E-09 2.2695E-09 1.9461E-09 1.6551E-09 1.3961E-09 1.1641E-09 9.6257E-10 7.8751E-10 6.3660E-10 5.0679E-10 3.9837E-10 3.0876E-10 2.3467E-10 1.7695E-10 1.3252E-10 9.6051E-11 6.7493E-11 4.6658E-11 2.9844E-11 1.8164E-11 1.0556E-11 5.3237E-12 2.5406E-12 1.0580E-12 1.8174E-13 0.0000E+00 0.0000E+00 0.0000E+00 0.0000E+00 0.0000E+00
8.7078E-09 8.9266E-09 9.1273E-09 9.3034E-09 9.4499E-09 9.5638E-09 9.6403E-09 9.6766E-09 9.6694E-09 9.6162E-09 9.5119E-09 9.3616E-09 9.1640E-09 8.9189E-09 8.6278E-09 8.2953E-09 7.9245E-09 7.5192E-09 7.0879E-09 6.6270E-09 6.1472E-09 5.6549E-09 5.1565E-09 4.6606E-09 4.1794E-09 3.7188E-09 3.2808E-09 2.8712E-09 2.4904E-09 2.1387E-09 1.8213E-09 1.5375E-09 1.2852E-09 1.0633E-09 8.6963E-10 7.0537E-10 5.6171E-10 4.4038E-10 3.4080E-10 2.6102E-10 1.9710E-10 1.4724E-10 1.0739E-10 7.5281E-11 5.2415E-11 3.4096E-11 2.0492E-11 1.2378E-11 6.3463E-12 2.8372E-12 1.4111E-12 3.3192E-13 0.0000E+00 0.0000E+00 0.0000E+00 0.0000E+00 0.0000E+00
8.8230E-09 9.0811E-09 9.3199E-09 9.5345E-09 9.7191E-09 9.8723E-09 9.9878E-09 1.0062E-08 1.0089E-08 1.0067E-08 9.9929E-09 9.8679E-09 9.6887E-09 9.4606E-09 9.1825E-09 8.8557E-09 8.4846E-09 8.0726E-09 7.6233E-09 7.1424E-09 6.6372E-09 6.1169E-09 5.5896E-09 5.0645E-09 4.5516E-09 4.0569E-09 3.5858E-09 3.1425E-09 2.7289E-09 2.3474E-09 2.0009E-09 1.6895E-09 1.4147E-09 1.1719E-09 9.6146E-10 7.8047E-10 6.2546E-10 4.9310E-10 3.8026E-10 2.8945E-10 2.1720E-10 1.6265E-10 1.1908E-10 8.4410E-11 5.8746E-11 3.8884E-11 2.3752E-11 1.4174E-11 7.5648E-12 3.3743E-12 1.7323E-12 4.6147E-13 0.0000E+00 0.0000E+00 0.0000E+00 0.0000E+00 0.0000E+00
8.9210E-09 9.2173E-09 9.4935E-09 9.7463E-09 9.9740E-09 1.0170E-08 1.0328E-08 1.0441E-08 1.0507E-08 1.0521E-08 1.0481E-08 1.0385E-08 1.0230E-08 1.0023E-08 9.7605E-09 9.4424E-09 9.0734E-09 8.6553E-09 8.1908E-09 7.6894E-09 7.1602E-09 6.6094E-09 6.0502E-09 5.4916E-09 4.9425E-09 4.4124E-09 3.9077E-09 3.4303E-09 2.9837E-09 2.5706E-09 2.1922E-09 1.8536E-09 1.5538E-09 1.2890E-09 1.0589E-09 8.5690E-10 6.8691E-10 5.4324E-10 4.2186E-10 3.2121E-10 2.4051E-10 1.7878E-10 1.3037E-10 9.2683E-11 6.4701E-11 4.3166E-11 2.6672E-11 1.5503E-11 8.5892E-12 3.9294E-12 1.9302E-12 5.6979E-13 0.0000E+00 0.0000E+00 0.0000E+00 0.0000E+00 0.0000E+00
8.9972E-09 9.3279E-09 9.6433E-09 9.9413E-09 1.0214E-08 1.0454E-08 1.0653E-08 1.0810E-08 1.0920E-08 1.0974E-08 1.0973E-08 1.0911E-08 1.0788E-08 1.0604E-08 1.0359E-08 1.0053E-08 9.6870E-09 9.2611E-09 8.7848E-09 8.2661E-09 7.7099E-09 7.1321E-09 6.5427E-09 5.9531E-09 5.3713E-09 4.8063E-09 4.2637E-09 3.7491E-09 3.2660E-09 2.8189E-09 2.4077E-09 2.0370E-09 1.7058E-09 1.4156E-09 1.1640E-09 9.4626E-10 7.5824E-10 5.9877E-10 4.6516E-10 3.5398E-10 2.6410E-10 1.9637E-10 1.4301E-10 1.0067E-10 7.0492E-11 4.7195E-11 2.9011E-11 1.7224E-11 9.3071E-12 4.0860E-12 2.0951E-12 6.5637E-13 0.0000E+00 0.0000E+00 0.0000E+00 0.0000E+00 0.0000E+00
9.0440E-09 9.4127E-09 9.7725E-09 1.0115E-08 1.0431E-08 1.0716E-08 1.0964E-08 1.1168E-08 1.1323E-08 1.1420E-08 1.1459E-08 1.1436E-08 1.1348E-08 1.1194E-08 1.0972E-08 1.0678E-08 1.0315E-08 9.8875E-09 9.4009E-09 8.8630E-09 8.2869E-09 7.6840E-09 7.0667E-09 6.4451E-09 5.8288E-09 5.2269E-09 4.6465E-09 4.0935E-09 3.5737E-09 3.0901E-09 2.6437E-09 2.2401E-09 1.8799E-09 1.5609E-09 1.2830E-09 1.0426E-09 8.3605E-10 6.6187E-10 5.1457E-10 3.9257E-10 2.9299E-10 2.1455E-10 1.5542E-10 1.0822E-10 7.4592E-11 5.0693E-11 3.1389E-11 1.8302E-11 9.8817E-12 4.3403E-12 2.2255E-12 7.2075E-13 0.0000E+00 0.0000E+00 0.0000E+00 0.0000E+00 0.0000E+00
9.0631E-09 9.4738E-09 9.8766E-09 1.0261E-08 1.0623E-08 1.0958E-08 1.1256E-08 1.1509E-08 1.1709E-08 1.1854E-08 1.1938E-08 1.1958E-08 1.1910E-08 1.1788E-08 1.1588E-08 1.1309E-08 1.0955E-08 1.0524E-08 1.0029E-08 9.4788E-09 8.8842E-09 8.2592E-09 7.6147E-09 6.9613E-09 6.3102E-09 5.6701E-09 5.0498E-09 4.4568E-09 3.8981E-09 3.3768E-09 2.8956E-09 2.4539E-09 2.0600E-09 1.7123E-09 1.4080E-09 1.1426E-09 9.1724E-10 7.2337E-10 5.6192E-10 4.2928E-10 3.1960E-10 2.3335E-10 1.6950E-10 1.1813E-10 7.9242E-11 5.3846E-11 3.3769E-11 1.9365E-11 1.0282E-11 4.7140E-12 2.3204E-12 7.6261E-13 0.0000E+00 0.0000E+00 0.0000E+00 0.0000E+00 0.0000E+00
9.0565E-09 9.5073E-09 9.9486E-09 1.0377E-08 1.0790E-08 1.1174E-08 1.1520E-08 1.1823E-08 1.2076E-08 1.2275E-08 1.2412E-08 1.2478E-08 1.2472E-08 1.2384E-08 1.2212E-08 1.1951E-08 1.1605E-08 1.1180E-08 1.0682E-08 1.0122E-08 9.5139E-09 8.8688E-09 8.1976E-09 7.5129E-09 6.8252E-09 6.1454E-09 5.4827E-09 4.8466E-09 4.2446E-09 3.6816E-09 3.1610E-09 2.6817E-09 2.2504E-09 1.8683E-09 1.5328E-09 1.2433E-09 9.9745E-10 7.8893E-10 6.1082E-10 4.6802E-10 3.5028E-10 2.5333E-10 1.8419E-10 1.2837E-10 8.4211E-11 5.6429E-11 3.6125E-11 2.0734E-11 1.1080E-11 5.0951E-12 2.3791E-12 7.8176E-13 0.0000E+00 0.0000E+00 0.0000E+00 0.0000E+00 0.0000E+00
9.0222E-09 9.5064E-09 9.9886E-09 1.0467E-08 1.0926E-08 1.1357E-08 1.1754E-08 1.2112E-08 1.2422E-08 1.2676E-08 1.2867E-08 1.2985E-08 1.3024E-08 1.2976E-08 1.2831E-08 1.2594E-08 1.2266E-08 1.1848E-08 1.1354E-08 1.0792E-08 1.0175E-08 9.5132E-09 8.8212E-09 8.1064E-09 7.3832E-09 6.6629E-09 5.9566E-09 5.2749E-09 4.6260E-09 4.0168E-09 3.4532E-09 2.9341E-09 2.4626E-09 2.0434E-09 1.6746E-09 1.3558E-09 1.0855E-09 8.5714E-10 6.6160E-10 5.0756E-10 3.8117E-10 2.7664E-10 1.9900E-10 1.3933E-10 9.2096E-11 5.9216E-11 3.7945E-11 2.2105E-11 1.1741E-11 5.5207E-12 2.4012E-12 7.7817E-13 0.0000E+00 0.0000E+00 0.0000E+00 0.0000E+00 0.0000E+00
8.9520E-09 9.4727E-09 9.9997E-09 1.0519E-08 1.1022E-08 1.1504E-08 1.1956E-08 1.2371E-08 1.2739E-08 1.3052E-08 1.3301E-08 1.3475E-08 1.3562E-08 1.3552E-08 1.3446E-08 1.3239E-08 1.2932E-08 1.2534E-08 1.2053E-08 1.1500E-08 1.0879E-08 1.0204E-08 9.4901E-09 8.7456E-09 7.9844E-09 7.2207E-09 6.4676E-09 5.7363E-09 5.0366E-09 4.3772E-09 3.7629E-09 3.1987E-09 2.6844E-09 2.2256E-09 1.8246E-09 1.4753E-09 1.1778E-09 9.2944E-10 7.1873E-10 5.4695E-10 4.1225E-10 3.0109E-10 2.1445E-10 1.5129E-10 1.0134E-10 6.2681E-11 3.9691E-11 2.3259E-11 1.2254E-11 5.9016E-12 2.3998E-12 7.5199E-13 0.0000E+00 0.0000E+00 0.0000E+00 0.0000E+00 0.0000E+00
8.8509E-09 9.4083E-09 9.9723E-09 1.0532E-08 1.1082E-08 1.1614E-08 1.2122E-08 1.2595E-08 1.3024E-08 1.3399E-08 1.3707E-08 1.3934E-08 1.4072E-08 1.4114E-08 1.4051E-08 1.3884E-08 1.3614E-08 1.3246E-08 1.2783E-08 1.2238E-08 1.1614E-08 1.0927E-08 1.0187E-08 9.4109E-09 8.6116E-09 7.8081E-09 7.0060E-09 6.2236E-09 5.4706E-09 4.7580E-09 4.0927E-09 3.4809E-09 2.9236E-09 2.4221E-09 1.9831E-09 1.6018E-09 1.2775E-09 1.0089E-09 7.8044E-10 5.9073E-10 4.4396E-10 3.2495E-10 2.3228E-10 1.6210E-10 1.0981E-10 6.8389E-11 4.0811E-11 2.4182E-11 1.2726E-11 6.2192E-12 2.3560E-12 7.0351E-13 0.0000E+00 0.0000E+00 0.0000E+00 0.0000E+00 0.0000E+00
8.7181E-09 9.3089E-09 9.9050E-09 1.0505E-08 1.1101E-08 1.1684E-08 1.2246E-08 1.2781E-08 1.3273E-08 1.3713E-08 1.4084E-08 1.4376E-08 1.4575E-08 1.4670E-08 1.4659E-08 1.4539E-08 1.4310E-08 1.3974E-08 1.3534E-08 1.3002E-08 1.2380E-08 1.1685E-08 1.0929E-08 1.0124E-08 9.2873E-09 8.4352E-09 7.5837E-09 6.7459E-09 5.9360E-09 5.1655E-09 4.4430E-09 3.7769E-09 3.1727E-09 2.6303E-09 2.1573E-09 1.7451E-09 1.3881E-09 1.0889E-09 8.4220E-10 6.4189E-10 4.7905E-10 3.4841E-10 2.5133E-10 1.7360E-10 1.1797E-10 7.6612E-11 4.4113E-11 2.5039E-11 1.3297E-11 6.4046E-12 2.2505E-12 6.3317E-13 0.0000E+00 0.0000E+00 0.0000E+00 0.0000E+00 0.0000E+00
8.5544E-09 9.1698E-09 9.8001E-09 1.0439E-08 1.1079E-08 1.1716E-08 1.2340E-08 1.2936E-08 1.3492E-08 1.3996E-08 1.4434E-08 1.4787E-08 1.5045E-08 1.5204E-08 1.5253E-08 1.5188E-08 1.5008E-08 1.4711E-08 1.4302E-08 1.3792E-08 1.3179E-08 1.2481E-08 1.1709E-08 1.0877E-08 1.0004E-08 9.1071E-09 8.2028E-09 7.3059E-09 6.4329E-09 5.6018E-09 4.8221E-09 4.1014E-09 3.4469E-09 2.8558E-09 2.3361E-09 1.8894E-09 1.5055E-09 1.1821E-09 9.1120E-10 6.9302E-10 5.1657E-10 3.7534E-10 2.7000E-10 1.8718E-10 1.2424E-10 8.2538E-11 4.9303E-11 2.5247E-11 1.3747E-11 6.4313E-12 2.1305E-12 5.4154E-13 0.0000E+00 0.0000E+00 0.0000E+00 0.0000E+00 0.0000E+00
8.3571E-09 8.9983E-09 9.6600E-09 1.0335E-08 1.1022E-08 1.1711E-08 1.2387E-08 1.3041E-08 1.3660E-08 1.4230E-08 1.4730E-08 1.5151E-08 1.5482E-08 1.5709E-08 1.5827E-08 1.5825E-08 1.5702E-08 1.5456E-08 1.5087E-08 1.4601E-08 1.4001E-08 1.3302E-08 1.2519E-08 1.1664E-08 1.0759E-08 9.8174E-09 8.8596E-09 7.9059E-09 6.9750E-09 6.0804E-09 5.2329E-09 4.4477E-09 3.7399E-09 3.1016E-09 2.5422E-09 2.0538E-09 1.6310E-09 1.2790E-09 9.8763E-10 7.5072E-10 5.6156E-10 4.0300E-10 2.8917E-10 2.0301E-10 1.3198E-10 8.6533E-11 5.4025E-11 2.7719E-11 1.4457E-11 6.3026E-12 1.9779E-12 4.2925E-13 0.0000E+00 0.0000E+00 0.0000E+00 0.0000E+00 0.0000E+00
8.1244E-09 8.7914E-09 9.4779E-09 1.0191E-08 1.0920E-08 1.1652E-08 1.2380E-08 1.3092E-08 1.3772E-08 1.4404E-08 1.4974E-08 1.5468E-08 1.5876E-08 1.6183E-08 1.6375E-08 1.6445E-08 1.6391E-08 1.6203E-08 1.5881E-08 1.5429E-08 1.4852E-08 1.4162E-08 1.3373E-08 1.2503E-08 1.1567E-08 1.0583E-08 9.5744E-09 8.5641E-09 7.5702E-09 6.6107E-09 5.7035E-09 4.8610E-09 4.0881E-09 3.3898E-09 2.7757E-09 2.2528E-09 1.7966E-09 1.4131E-09 1.0904E-09 8.2728E-10 6.2255E-10 4.5165E-10 3.2048E-10 2.2611E-10 1.5066E-10 9.7087E-11 6.0863E-11 3.2357E-11 1.4906E-11 5.9922E-12 1.7059E-12 2.9698E-13 0.0000E+00 0.0000E+00 0.0000E+00 0.0000E+00 0.0000E+00
7.8587E-09 8.5469E-09 9.2559E-09 1.0003E-08 1.0766E-08 1.1540E-08 1.2316E-08 1.3081E-08 1.3820E-08 1.4519E-08 1.5160E-08 1.5736E-08 1.6227E-08 1.6614E-08 1.6887E-08 1.7041E-08 1.7057E-08 1.6934E-08 1.6666E-08 1.6258E-08 1.5712E-08 1.5038E-08 1.4249E-08 1.3361E-08 1.2395E-08 1.1374E-08 1.0322E-08 9.2521E-09 8.1923E-09 7.1640E-09 6.1859E-09 5.2732E-09 4.4434E-09 3.6938E-09 3.0297E-09 2.4548E-09 1.9569E-09 1.5393E-09 1.1939E-09 9.0565E-10 6.7668E-10 4.9420E-10 3.4960E-10 2.4515E-10 1.6634E-10 1.0554E-10 6.5545E-11 4.0258E-11 1.7051E-11 5.3957E-12 1.3798E-12 1.4535E-13 0.0000E+00 0.0000E+00 0.0000E+00 0.0000E+00 0.0000E+00
