Assets/Resources/2015_m01_d08_0700(utc+0800)_l00_csi_1hr_conc.grd
DSAA
         159         159
     -79.000      79.000
     -79.000      79.000
  0.0000E+00  0.1814E-04
[rows 125 to 149 of 159, columns 0 to 56 of 159]
9.3400E-12 9.6567E-12 1.0482E-11 1.1341E-11 1.2232E-11 1.4794E-11 1.6462E-11 2.0481E-11 2.2527E-11 2.5953E-11 2.7998E-11 3.0620E-11 3.4412E-11 3.5643E-11 3.8790E-11 4.0920E-11 4.4251E-11 4.7469E-11 5.1743E-11 5.4422E-11 5.9005E-11 6.1502E-11 6.5484E-11 6.8767E-11 7.1221E-11 7.3735E-11 7.6310E-11 7.8945E-11 8.2247E-11 8.5036E-11 8.8479E-11 9.2065E-11 9.5104E-11 1.0268E-10 1.0913E-10 1.1507E-10 1.2567E-10 1.3315E-10 1.4404E-10 1.5222E-10 1.6078E-10 1.6918E-10 1.7582E-10 1.8222E-10 1.8838E-10 1.9545E-10 2.0188E-10 2.0883E-10 2.1589E-10 2.2267E-10 2.2955E-10 2.3693E-10 2.4401E-10 2.5116E-10 2.5839E-10 2.6568E-10 2.7345E-10
9.0018E-12 9.3070E-12 9.6197E-12 1.0438E-11 1.1289E-11 1.2173E-11 1.4717E-11 1.6372E-11 1.9576E-11 2.1900E-11 2.4979E-11 2.7658E-11 3.0415E-11 3.3855E-11 3.5393E-11 3.8518E-11 4.0622E-11 4.3923E-11 4.7106E-11 5.1335E-11 5.3542E-11 5.8503E-11 6.0605E-11 6.3128E-11 6.8107E-11 7.0508E-11 7.2968E-11 7.5485E-11 7.8060E-11 8.1293E-11 8.4015E-11 8.6795E-11 9.0884E-11 9.3845E-11 9.9194E-11 1.0637E-10 1.1150E-10 1.2375E-10 1.3031E-10 1.3842E-10 1.4811E-10 1.5596E-10 1.6445E-10 1.7203E-10 1.7821E-10 1.8450E-10 1.9054E-10 1.9745E-10 2.0373E-10 2.1010E-10 2.1736E-10 2.2394E-10 2.3059E-10 2.3732E-10 2.4454E-10 2.5141E-10 2.5834E-10
8.6732E-12 8.9673E-12 9.2685E-12 9.5771E-12 9.8930E-12 1.1231E-11 1.2107E-11 1.4138E-11 1.5938E-11 1.9454E-11 2.1754E-11 2.4655E-11 2.7460E-11 3.0191E-11 3.3607E-11 3.5120E-11 3.8219E-11 3.9941E-11 4.3564E-11 4.6709E-11 5.0533E-11 5.3059E-11 5.7959E-11 6.0017E-11 6.2492E-11 6.7397E-11 6.9745E-11 7.2149E-11 7.4607E-11 7.7121E-11 8.0282E-11 8.2935E-11 8.5644E-11 8.9015E-11 9.2523E-11 9.6126E-11 1.0367E-10 1.0940E-10 1.1957E-10 1.2690E-10 1.3272E-10 1.4385E-10 1.5178E-10 1.5970E-10 1.6779E-10 1.7408E-10 1.8013E-10 1.8628E-10 1.9217E-10 1.9892E-10 2.0501E-10 2.1118E-10 2.1783E-10 2.2456E-10 2.3097E-10 2.3743E-10 2.4395E-10
8.3542E-12 8.6374E-12 8.9276E-12 9.2248E-12 9.5290E-12 9.8404E-12 1.1167E-11 1.2033E-11 1.3891E-11 1.5519E-11 1.8011E-11 2.1596E-11 2.4471E-11 2.6915E-11 2.9616E-11 3.2858E-11 3.4824E-11 3.7894E-11 3.9589E-11 4.3175E-11 4.6279E-11 5.0054E-11 5.2538E-11 5.5626E-11 5.9387E-11 6.1811E-11 6.6184E-11 6.8933E-11 7.1279E-11 7.3678E-11 7.6129E-11 7.8632E-11 8.1801E-11 8.4437E-11 8.7723E-11 9.1141E-11 9.3994E-11 1.0140E-10 1.0638E-10 1.1327E-10 1.2318E-10 1.2992E-10 1.3886E-10 1.4693E-10 1.5485E-10 1.6265E-10 1.6950E-10 1.7566E-10 1.8156E-10 1.8756E-10 1.9327E-10 1.9945E-10 2.0571E-10 2.1166E-10 2.1767E-10 2.2414E-10 2.3066E-10
8.0445E-12 8.3172E-12 8.5966E-12 8.8828E-12 9.1758E-12 9.4756E-12 9.7824E-12 1.0603E-11 1.1953E-11 1.3333E-11 1.5065E-11 1.7876E-11 2.0772E-11 2.4272E-11 2.6070E-11 2.9358E-11 3.2570E-11 3.4176E-11 3.7543E-11 3.9210E-11 4.2756E-11 4.5386E-11 4.9540E-11 5.1631E-11 5.4217E-11 5.8715E-11 6.1087E-11 6.5385E-11 6.8074E-11 7.0362E-11 7.2699E-11 7.5087E-11 7.7523E-11 8.0614E-11 8.3177E-11 8.5788E-11 8.9703E-11 9.2471E-11 9.7615E-11 1.0344E-10 1.0903E-10 1.1907E-10 1.2620E-10 1.3211E-10 1.4267E-10 1.4994E-10 1.5593E-10 1.6402E-10 1.7076E-10 1.7638E-10 1.8250E-10 1.8831E-10 1.9383E-10 1.9941E-10 2.0582E-10 2.1153E-10 2.1728E-10
7.7439E-12 8.0065E-12 8.2755E-12 8.5510E-12 8.8330E-12 9.1217E-12 9.4169E-12 9.7189E-12 1.0530E-11 1.1713E-11 1.2401E-11 1.4944E-11 1.7577E-11 2.0265E-11 2.3574E-11 2.5017E-11 2.7809E-11 3.1900E-11 3.3839E-11 3.7168E-11 3.8806E-11 4.1951E-11 4.4897E-11 4.8145E-11 5.1041E-11 5.3578E-11 5.8003E-11 6.0323E-11 6.3259E-11 6.7169E-11 6.9398E-11 7.1674E-11 7.3997E-11 7.6366E-11 7.9376E-11 8.1866E-11 8.4401E-11 8.7585E-11 9.0894E-11 9.4286E-11 1.0157E-10 1.0577E-10 1.1353E-10 1.2220E-10 1.2748E-10 1.3597E-10 1.4512E-10 1.5110E-10 1.5820E-10 1.6617E-10 1.7155E-10 1.7700E-10 1.8216E-10 1.8816E-10 1.9383E-10 1.9919E-10 2.0458E-10
7.0672E-12 7.7051E-12 7.9640E-12 8.2291E-12 8.5005E-12 8.7782E-12 9.0624E-12 9.3530E-12 9.6500E-12 1.0451E-11 1.1282E-11 1.2300E-11 1.4163E-11 1.7423E-11 1.9125E-11 2.3013E-11 2.4771E-11 2.7195E-11 3.1242E-11 3.3004E-11 3.6770E-11 3.8377E-11 4.0022E-11 4.3612E-11 4.6318E-11 5.0417E-11 5.2472E-11 5.6832E-11 5.9169E-11 6.1493E-11 6.6221E-11 6.8390E-11 7.0604E-11 7.2861E-11 7.5163E-11 7.7507E-11 8.0507E-11 8.2965E-11 8.6057E-11 8.9268E-11 9.1908E-11 9.7954E-11 1.0260E-10 1.0801E-10 1.1782E-10 1.2324E-10 1.2844E-10 1.3902E-10 1.4600E-10 1.5186E-10 1.5884E-10 1.6666E-10 1.7186E-10 1.7712E-10 1.8208E-10 1.8785E-10 1.9328E-10
6.0275E-12 6.6381E-12 7.6619E-12 7.9170E-12 8.1781E-12 8.4453E-12 8.7187E-12 8.9982E-12 9.2840E-12 9.5760E-12 9.8743E-12 1.1186E-11 1.2037E-11 1.3570E-11 1.6435E-11 1.7971E-11 2.1322E-11 2.4356E-11 2.6282E-11 3.0901E-11 3.2632E-11 3.5663E-11 3.7924E-11 3.9536E-11 4.2713E-11 4.5730E-11 4.9402E-11 5.1769E-11 5.4278E-11 5.8332E-11 6.0599E-11 6.4360E-11 6.7341E-11 6.9491E-11 7.1683E-11 7.3916E-11 7.6190E-11 7.9104E-11 8.1484E-11 8.3903E-11 8.6967E-11 9.0146E-11 9.3399E-11 1.0052E-10 1.0454E-10 1.0946E-10 1.1926E-10 1.2510E-10 1.3101E-10 1.4080E-10 1.4612E-10 1.5185E-10 1.5905E-10 1.6631E-10 1.7132E-10 1.7675E-10 1.8149E-10
4.6394E-12 5.9936E-12 6.5987E-12 7.6144E-12 7.8656E-12 8.1226E-12 8.3855E-12 8.6544E-12 8.9292E-12 9.2101E-12 9.4970E-12 9.7898E-12 1.0593E-11 1.1924E-11 1.2943E-11 1.6271E-11 1.7784E-11 1.9991E-11 2.3753E-11 2.5010E-11 3.0541E-11 3.2242E-11 3.4747E-11 3.7449E-11 3.8671E-11 4.2151E-11 4.4683E-11 4.8301E-11 5.0686E-11 5.3133E-11 5.7460E-11 5.9668E-11 6.1574E-11 6.6252E-11 6.8339E-11 7.0465E-11 7.2630E-11 7.4832E-11 7.7072E-11 7.9962E-11 8.2300E-11 8.4674E-11 8.8343E-11 9.0840E-11 9.6717E-11 1.0118E-10 1.0515E-10 1.1208E-10 1.1979E-10 1.2555E-10 1.3240E-10 1.4105E-10 1.4735E-10 1.5180E-10 1.5881E-10 1.6588E-10 1.7031E-10
3.3181E-12 3.8373E-12 5.1631E-12 6.5557E-12 7.5627E-12 7.8099E-12 8.0627E-12 8.3212E-12 8.5855E-12 8.8555E-12 9.1313E-12 9.4129E-12 9.7003E-12 1.0491E-11 1.1312E-11 1.2319E-11 1.4487E-11 1.7100E-11 1.8632E-11 2.2984E-11 2.4704E-11 2.8259E-11 3.1504E-11 3.2853E-11 3.6262E-11 3.8143E-11 4.1206E-11 4.3627E-11 4.6265E-11 4.9926E-11 5.1884E-11 5.5263E-11 5.8355E-11 6.0553E-11 6.4672E-11 6.7150E-11 6.9210E-11 7.1306E-11 7.3437E-11 7.5602E-11 7.8402E-11 8.0660E-11 8.2951E-11 8.5876E-11 8.8907E-11 9.1343E-11 9.7207E-11 1.0162E-10 1.0552E-10 1.1362E-10 1.2124E-10 1.2568E-10 1.3308E-10 1.4093E-10 1.4707E-10 1.5098E-10 1.5778E-10
2.0297E-12 3.2975E-12 3.8123E-12 5.1281E-12 6.5091E-12 7.5070E-12 7.7500E-12 7.9985E-12 8.2525E-12 8.5120E-12 8.7771E-12 9.0478E-12 9.3241E-12 9.6059E-12 9.8934E-12 1.1192E-11 1.2029E-11 1.3357E-11 1.6408E-11 1.7917E-11 2.1877E-11 2.3900E-11 2.6759E-11 3.1082E-11 3.2400E-11 3.5274E-11 3.7594E-11 4.0601E-11 4.2623E-11 4.5199E-11 4.9138E-11 5.1045E-11 5.3444E-11 5.7364E-11 5.9500E-11 6.2239E-11 6.5926E-11 6.7920E-11 6.9947E-11 7.2007E-11 7.4099E-11 7.6222E-11 7.8985E-11 8.1193E-11 8.3430E-11 8.6940E-11 8.9283E-11 9.2320E-11 9.9197E-11 1.0183E-10 1.0631E-10 1.1367E-10 1.1998E-10 1.2550E-10 1.3153E-10 1.4009E-10 1.4529E-10
8.0582E-13 2.0165E-12 2.4811E-12 3.7852E-12 5.0903E-12 6.0633E-12 7.0617E-12 7.6860E-12 7.9300E-12 8.1795E-12 8.4342E-12 8.6943E-12 8.9598E-12 9.2306E-12 9.5069E-12 9.7884E-12 1.0576E-11 1.1890E-11 1.2556E-11 1.5863E-11 1.7534E-11 1.9523E-11 2.3086E-11 2.4788E-11 2.9496E-11 3.1602E-11 3.4396E-11 3.6697E-11 3.8534E-11 4.1591E-11 4.4038E-11 4.7125E-11 4.9832E-11 5.2163E-11 5.5924E-11 5.8067E-11 6.0186E-11 6.4216E-11 6.6598E-11 6.8556E-11 7.0545E-11 7.2564E-11 7.4611E-11 7.7280E-11 7.9406E-11 8.1558E-11 8.4328E-11 8.7195E-11 8.9469E-11 9.2439E-11 9.9268E-11 1.0181E-10 1.0620E-10 1.1223E-10 1.1963E-10 1.2501E-10 1.3090E-10
0.0000E+00 8.0023E-13 1.2320E-12 2.4629E-12 3.7561E-12 5.0498E-12 6.0131E-12 6.6105E-12 7.6179E-12 7.8575E-12 8.1023E-12 8.3521E-12 8.6072E-12 8.8674E-12 9.1327E-12 9.4032E-12 9.6788E-12 9.9595E-12 1.1255E-11 1.2243E-11 1.5047E-11 1.6630E-11 1.8131E-11 2.1939E-11 2.3940E-11 2.8247E-11 3.1122E-11 3.2073E-11 3.5275E-11 3.7556E-11 4.0542E-11 4.2524E-11 4.5410E-11 4.8946E-11 5.0790E-11 5.3120E-11 5.6963E-11 5.9017E-11 6.1665E-11 6.5247E-11 6.7137E-11 6.9056E-11 7.1001E-11 7.2973E-11 7.4969E-11 7.7592E-11 7.9660E-11 8.1751E-11 8.4461E-11 8.7263E-11 8.9463E-11 9.3405E-11 9.9114E-11 1.0157E-10 1.0585E-10 1.1052E-10 1.1864E-10
0.0000E+00 0.0000E+00 0.0000E+00 1.2224E-12 2.4434E-12 3.3295E-12 4.6213E-12 5.1664E-12 6.5498E-12 7.5461E-12 7.7811E-12 8.0211E-12 8.2660E-12 8.5159E-12 8.7707E-12 9.0304E-12 9.2951E-12 9.5647E-12 9.8392E-12 1.0620E-11 1.1928E-11 1.3083E-11 1.5904E-11 1.7716E-11 2.0187E-11 2.3086E-11 2.6391E-11 2.9844E-11 3.1552E-11 3.4690E-11 3.6592E-11 3.8384E-11 4.1408E-11 4.3806E-11 4.6838E-11 4.9479E-11 5.1739E-11 5.4545E-11 5.7473E-11 5.9500E-11 6.3001E-11 6.5692E-11 6.7540E-11 6.9413E-11 7.1310E-11 7.3230E-11 7.5172E-11 7.7741E-11 7.9746E-11 8.1771E-11 8.4414E-11 8.7143E-11 8.9264E-11 9.3123E-11 9.8738E-11 1.0109E-10 1.0525E-10
0.0000E+00 0.0000E+00 0.0000E+00 0.0000E+00 1.2122E-12 2.4225E-12 3.2999E-12 3.8096E-12 5.1178E-12 6.4859E-12 7.0833E-12 7.7009E-12 7.9360E-12 8.1758E-12 8.4205E-12 8.6699E-12 8.9240E-12 9.1828E-12 9.4464E-12 9.7146E-12 9.9875E-12 1.1274E-11 1.2410E-11 1.4568E-11 1.6628E-11 1.8270E-11 2.1558E-11 2.3874E-11 2.8181E-11 3.0688E-11 3.3401E-11 3.5470E-11 3.7007E-11 4.0642E-11 4.2211E-11 4.5036E-11 4.8502E-11 5.0271E-11 5.2521E-11 5.6265E-11 5.8224E-11 5.9865E-11 6.3769E-11 6.6003E-11 6.7804E-11 6.9627E-11 7.1471E-11 7.3335E-11 7.5217E-11 7.7725E-11 7.9663E-11 8.1617E-11 8.4186E-11 8.6836E-11 8.8873E-11 9.1597E-11 9.8140E-11
0.0000E+00 0.0000E+00 0.0000E+00 0.0000E+00 0.0000E+00 8.0616E-13 1.6333E-12 2.4767E-12 3.7724E-12 5.0665E-12 6.0255E-12 6.6164E-12 7.6168E-12 7.8471E-12 8.0819E-12 8.3212E-12 8.5652E-12 8.8136E-12 9.0666E-12 9.3240E-12 9.5859E-12 9.8523E-12 1.0623E-11 1.1919E-11 1.4014E-11 1.5726E-11 1.7333E-11 2.0125E-11 2.2642E-11 2.6114E-11 2.9213E-11 3.1353E-11 3.4124E-11 3.5832E-11 3.9506E-11 4.1019E-11 4.3354E-11 4.6312E-11 4.8872E-11 5.0618E-11 5.3759E-11 5.6582E-11 5.8507E-11 6.1018E-11 6.4447E-11 6.6177E-11 6.7927E-11 6.9696E-11 7.1482E-11 7.3285E-11 7.5103E-11 7.7544E-11 7.9411E-11 8.1290E-11 8.3779E-11 8.6344E-11 8.8293E-11
0.0000E+00 0.0000E+00 0.0000E+00 0.0000E+00 0.0000E+00 0.0000E+00 7.9840E-13 1.2277E-12 2.4520E-12 3.3369E-12 4.6266E-12 5.1667E-12 6.5421E-12 7.5293E-12 7.7546E-12 7.9843E-12 8.2183E-12 8.4567E-12 8.6994E-12 8.9464E-12 9.1977E-12 9.4533E-12 9.7131E-12 9.9770E-12 1.1248E-11 1.2371E-11 1.4524E-11 1.6402E-11 1.9453E-11 2.0823E-11 2.4673E-11 2.7984E-11 2.9982E-11 3.3113E-11 3.5131E-11 3.6130E-11 3.9822E-11 4.1687E-11 4.4082E-11 4.6962E-11 4.9147E-11 5.1299E-11 5.3988E-11 5.6784E-11 5.8671E-11 6.1144E-11 6.4535E-11 6.6213E-11 6.7908E-11 6.9618E-11 7.1342E-11 7.3081E-11 7.4831E-11 7.7200E-11 7.8992E-11 8.0792E-11 8.3196E-11
0.0000E+00 0.0000E+00 0.0000E+00 0.0000E+00 0.0000E+00 0.0000E+00 0.0000E+00 0.0000E+00 1.2148E-12 2.4260E-12 3.3004E-12 3.8057E-12 5.1074E-12 6.0686E-12 7.0524E-12 7.6587E-12 7.8832E-12 8.1118E-12 8.3447E-12 8.5816E-12 8.8226E-12 9.0678E-12 9.3170E-12 9.5702E-12 9.8273E-12 1.0088E-11 1.1862E-11 1.3949E-11 1.5139E-11 1.7056E-11 1.9641E-11 2.1473E-11 2.5049E-11 2.8594E-11 3.0221E-11 3.3732E-11 3.5383E-11 3.7202E-11 4.0428E-11 4.2268E-11 4.4654E-11 4.8020E-11 4.9677E-11 5.1805E-11 5.4986E-11 5.6870E-11 5.8714E-11 6.1143E-11 6.4488E-11 6.6110E-11 6.7745E-11 6.9394E-11 7.1053E-11 7.2723E-11 7.4403E-11 7.6694E-11 7.8407E-11
0.0000E+00 0.0000E+00 0.0000E+00 0.0000E+00 0.0000E+00 0.0000E+00 0.0000E+00 0.0000E+00 0.0000E+00 8.0606E-13 1.6322E-12 2.4722E-12 3.7607E-12 5.0458E-12 5.9934E-12 6.5733E-12 7.5595E-12 7.7787E-12 8.0020E-12 8.2292E-12 8.4603E-12 8.6954E-12 8.9344E-12 9.1772E-12 9.4238E-12 9.6741E-12 9.9282E-12 1.0685E-11 1.2125E-11 1.4419E-11 1.5769E-11 1.8627E-11 2.0135E-11 2.3091E-11 2.7326E-11 2.8792E-11 3.2341E-11 3.4295E-11 3.5569E-11 3.8844E-11 4.0961E-11 4.2839E-11 4.4785E-11 4.8134E-11 4.9757E-11 5.1851E-11 5.5420E-11 5.7192E-11 5.8635E-11 6.1458E-11 6.4306E-11 6.5868E-11 6.7441E-11 6.9024E-11 7.0616E-11 7.2215E-11 7.3820E-11
0.0000E+00 0.0000E+00 0.0000E+00 0.0000E+00 0.0000E+00 0.0000E+00 0.0000E+00 0.0000E+00 0.0000E+00 0.0000E+00 0.0000E+00 1.2237E-12 2.4425E-12 3.3195E-12 4.2173E-12 5.1288E-12 6.4860E-12 7.0698E-12 7.6711E-12 7.8889E-12 8.1105E-12 8.3358E-12 8.5650E-12 8.7977E-12 9.0341E-12 9.2741E-12 9.5176E-12 9.7647E-12 1.0015E-11 1.1268E-11 1.3828E-11 1.4532E-11 1.6033E-11 1.9411E-11 2.0261E-11 2.3716E-11 2.7850E-11 2.8939E-11 3.2853E-11 3.4437E-11 3.5689E-11 3.8959E-11 4.1055E-11 4.2909E-11 4.5739E-11 4.8151E-11 4.9737E-11 5.1792E-11 5.5321E-11 5.7043E-11 5.8435E-11 6.1202E-11 6.3990E-11 6.5490E-11 6.6997E-11 6.8512E-11 7.0033E-11
0.0000E+00 0.0000E+00 0.0000E+00 0.0000E+00 0.0000E+00 0.0000E+00 0.0000E+00 0.0000E+00 0.0000E+00 0.0000E+00 0.0000E+00 0.0000E+00 1.2084E-12 2.0242E-12 2.4831E-12 3.7736E-12 5.0594E-12 6.0040E-12 6.5792E-12 7.5605E-12 7.7729E-12 7.9888E-12 8.2084E-12 8.4314E-12 8.6580E-12 8.8880E-12 9.1214E-12 9.3581E-12 9.5982E-12 9.8415E-12 1.0088E-11 1.1496E-11 1.3922E-11 1.4622E-11 1.6616E-11 1.9512E-11 2.0353E-11 2.3972E-11 2.7962E-11 2.9370E-11 3.2949E-11 3.4514E-11 3.5741E-11 3.9360E-11 4.1069E-11 4.2894E-11 4.5694E-11 4.8071E-11 4.9615E-11 5.1627E-11 5.5107E-11 5.6778E-11 5.8115E-11 6.0379E-11 6.3541E-11 6.4976E-11 6.6416E-11
0.0000E+00 0.0000E+00 0.0000E+00 0.0000E+00 0.0000E+00 0.0000E+00 0.0000E+00 0.0000E+00 0.0000E+00 0.0000E+00 0.0000E+00 0.0000E+00 0.0000E+00 7.9992E-13 1.2279E-12 2.4495E-12 3.3259E-12 4.2222E-12 5.1304E-12 6.4822E-12 7.0598E-12 7.6539E-12 7.8643E-12 8.0780E-12 8.2950E-12 8.5154E-12 8.7390E-12 8.9659E-12 9.1959E-12 9.4290E-12 9.6651E-12 9.9042E-12 1.0146E-11 1.3335E-11 1.3995E-11 1.4688E-11 1.7964E-11 1.9581E-11 2.1881E-11 2.5318E-11 2.8022E-11 3.0878E-11 3.2984E-11 3.4526E-11 3.6083E-11 3.8845E-11 4.1002E-11 4.3227E-11 4.5558E-11 4.7894E-11 4.9394E-11 5.1357E-11 5.4361E-11 5.6044E-11 5.7676E-11 5.9876E-11 6.2963E-11
0.0000E+00 0.0000E+00 0.0000E+00 0.0000E+00 0.0000E+00 0.0000E+00 0.0000E+00 0.0000E+00 0.0000E+00 0.0000E+00 0.0000E+00 0.0000E+00 0.0000E+00 0.0000E+00 0.0000E+00 1.2107E-12 2.4150E-12 2.4843E-12 3.7719E-12 5.0536E-12 5.1948E-12 6.5598E-12 7.5324E-12 7.7371E-12 7.9450E-12 8.1560E-12 8.3702E-12 8.5875E-12 8.8078E-12 9.0311E-12 9.2572E-12 9.4862E-12 9.7180E-12 9.9525E-12 1.0190E-11 1.3707E-11 1.4045E-11 1.5194E-11 1.8480E-11 1.9618E-11 2.1918E-11 2.5411E-11 2.8032E-11 3.0538E-11 3.2956E-11 3.4472E-11 3.7462E-11 3.8736E-11 4.0525E-11 4.2609E-11 4.5331E-11 4.7620E-11 4.9073E-11 5.0984E-11 5.3926E-11 5.5551E-11 5.7122E-11
0.0000E+00 0.0000E+00 0.0000E+00 0.0000E+00 0.0000E+00 0.0000E+00 0.0000E+00 0.0000E+00 0.0000E+00 0.0000E+00 0.0000E+00 0.0000E+00 0.0000E+00 0.0000E+00 0.0000E+00 0.0000E+00 8.0011E-13 1.2273E-12 2.4472E-12 3.3194E-12 4.2108E-12 5.1124E-12 6.0576E-12 7.0228E-12 7.6074E-12 7.8095E-12 8.0146E-12 8.2226E-12 8.4336E-12 8.6473E-12 8.8639E-12 9.0832E-12 9.3051E-12 9.5297E-12 9.7568E-12 9.9863E-12 1.0218E-11 1.3743E-11 1.4073E-11 1.5213E-11 1.8153E-11 1.9620E-11 2.1916E-11 2.5396E-11 2.7991E-11 3.0478E-11 3.3230E-11 3.4353E-11 3.7312E-11 3.8551E-11 4.0301E-11 4.2341E-11 4.4105E-11 4.7252E-11 4.8655E-11 5.0154E-11 5.2516E-11
0.0000E+00 0.0000E+00 0.0000E+00 0.0000E+00 0.0000E+00 0.0000E+00 0.0000E+00 0.0000E+00 0.0000E+00 0.0000E+00 0.0000E+00 0.0000E+00 0.0000E+00 0.0000E+00 0.0000E+00 0.0000E+00 0.0000E+00 0.0000E+00 1.2082E-12 2.0214E-12 2.4761E-12 3.7557E-12 5.0283E-12 5.1642E-12 6.5152E-12 7.4755E-12 7.6718E-12 7.8710E-12 8.0728E-12 8.2775E-12 8.4848E-12 8.6947E-12 8.9071E-12 9.1221E-12 9.3395E-12 9.5592E-12 9.7811E-12 1.0005E-11 1.1353E-11 1.3757E-11 1.4078E-11 1.4746E-11 1.7793E-11 1.9590E-11 2.1875E-11 2.5008E-11 2.7559E-11 3.0361E-11 3.2138E-11 3.4169E-11 3.5299E-11 3.8292E-11 3.9999E-11 4.1991E-11 4.3708E-11 4.6373E-11 4.7792E-11
