Assets/Resources/2015_m01_d19_1800(utc+0800)_l00_csi_1hr_conc.grd
DSAA
         159         159
     -79.000      79.000
     -79.000      79.000
  0.0000E+00  0.3929E-04
[rows 0 to 24 of 159, columns 57 to 113 of 159]
4.1388E-09 4.0560E-09 3.9664E-09 3.8832E-09 3.8004E-09 3.7118E-09 3.6293E-09 3.5417E-09 3.4595E-09 3.3777E-09 3.2960E-09 3.2147E-09 3.1383E-09 3.0578E-09 2.9822E-09 2.8312E-09 2.7475E-09 2.6453E-09 2.5265E-09 2.4512E-09 2.3522E-09 2.2444E-09 2.1652E-09 2.1126E-09 2.0548E-09 1.9966E-09 1.9471E-09 1.8985E-09 1.8491E-09 1.8022E-09 1.7561E-09 1.7092E-09 1.6648E-09 1.6196E-09 1.5770E-09 1.5351E-09 1.4927E-09 1.4526E-09 1.4134E-09 1.3723E-09 1.3349E-09 1.2983E-09 1.2612E-09 1.2252E-09 1.1913E-09 1.1572E-09 1.1226E-09 1.0916E-09 1.0601E-09 1.0283E-09 9.9975E-10 9.7200E-10 9.4126E-10 9.1496E-10 8.8803E-10 8.6071E-10 8.3641E-10
4.2217E-09 4.1357E-09 4.0488E-09 3.9563E-09 3.8699E-09 3.7841E-09 3.6926E-09 3.6067E-09 3.5161E-09 3.4314E-09 3.3471E-09 3.2631E-09 3.1798E-09 3.1015E-09 3.0194E-09 2.9145E-09 2.7783E-09 2.7013E-09 2.5926E-09 2.4747E-09 2.3998E-09 2.2954E-09 2.1952E-09 2.1292E-09 2.0706E-09 2.0175E-09 1.9614E-09 1.9123E-09 1.8622E-09 1.8148E-09 1.7681E-09 1.7208E-09 1.6758E-09 1.6318E-09 1.5872E-09 1.5449E-09 1.5036E-09 1.4617E-09 1.4221E-09 1.3806E-09 1.3429E-09 1.3061E-09 1.2688E-09 1.2325E-09 1.1985E-09 1.1640E-09 1.1306E-09 1.0982E-09 1.0678E-09 1.0358E-09 1.0059E-09 9.7793E-10 9.4700E-10 9.2054E-10 8.9343E-10 8.6597E-10 8.4150E-10
4.3021E-09 4.2107E-09 4.1204E-09 4.0255E-09 3.9358E-09 3.8461E-09 3.7521E-09 3.6630E-09 3.5692E-09 3.4765E-09 3.3897E-09 3.3034E-09 3.2178E-09 3.1374E-09 3.0533E-09 2.9745E-09 2.8206E-09 2.7344E-09 2.6299E-09 2.5092E-09 2.4259E-09 2.3322E-09 2.2235E-09 2.1437E-09 2.0906E-09 2.0325E-09 1.9741E-09 1.9243E-09 1.8755E-09 1.8258E-09 1.7787E-09 1.7309E-09 1.6856E-09 1.6412E-09 1.5962E-09 1.5536E-09 1.5119E-09 1.4697E-09 1.4298E-09 1.3909E-09 1.3501E-09 1.3130E-09 1.2755E-09 1.2390E-09 1.2049E-09 1.1702E-09 1.1368E-09 1.1041E-09 1.0737E-09 1.0427E-09 1.0114E-09 9.8332E-10 9.5468E-10 9.2563E-10 8.9966E-10 8.7195E-10 8.4619E-10
4.3764E-09 4.2826E-09 4.1881E-09 4.0894E-09 3.9972E-09 3.8992E-09 3.8067E-09 3.7099E-09 3.6189E-09 3.5228E-09 3.4332E-09 3.3446E-09 3.2568E-09 3.1699E-09 3.0884E-09 3.0034E-09 2.8960E-09 2.7578E-09 2.6789E-09 2.5620E-09 2.4498E-09 2.3739E-09 2.2692E-09 2.1686E-09 2.1026E-09 2.0438E-09 1.9849E-09 1.9346E-09 1.8854E-09 1.8353E-09 1.7879E-09 1.7413E-09 1.6940E-09 1.6493E-09 1.6039E-09 1.5611E-09 1.5191E-09 1.4766E-09 1.4366E-09 1.3973E-09 1.3563E-09 1.3191E-09 1.2827E-09 1.2448E-09 1.2105E-09 1.1772E-09 1.1422E-09 1.1095E-09 1.0789E-09 1.0479E-09 1.0164E-09 9.8821E-10 9.5943E-10 9.3023E-10 9.0419E-10 8.7632E-10 8.5047E-10
4.4412E-09 4.3484E-09 4.2521E-09 4.1502E-09 4.0535E-09 3.9584E-09 3.8579E-09 3.7629E-09 3.6637E-09 3.5660E-09 3.4730E-09 3.3822E-09 3.2878E-09 3.1990E-09 3.1158E-09 3.0292E-09 2.9196E-09 2.7928E-09 2.7050E-09 2.5996E-09 2.4783E-09 2.3881E-09 2.3007E-09 2.1795E-09 2.1126E-09 2.0595E-09 1.9998E-09 1.9434E-09 1.8938E-09 1.8433E-09 1.7956E-09 1.7486E-09 1.7011E-09 1.6561E-09 1.6120E-09 1.5674E-09 1.5253E-09 1.4826E-09 1.4423E-09 1.4029E-09 1.3617E-09 1.3243E-09 1.2879E-09 1.2512E-09 1.2154E-09 1.1821E-09 1.1483E-09 1.1143E-09 1.0835E-09 1.0525E-09 1.0209E-09 9.9259E-10 9.6493E-10 9.3440E-10 9.0824E-10 8.8147E-10 8.5434E-10
4.5078E-09 4.4059E-09 4.3102E-09 4.2114E-09 4.1069E-09 4.0077E-09 3.9098E-09 3.8073E-09 3.7052E-09 3.6046E-09 3.5104E-09 3.4116E-09 3.3199E-09 3.2294E-09 3.1400E-09 3.0563E-09 2.9695E-09 2.8468E-09 2.7219E-09 2.6421E-09 2.5250E-09 2.4065E-09 2.3372E-09 2.2076E-09 2.1270E-09 2.0674E-09 2.0090E-09 1.9505E-09 1.9005E-09 1.8498E-09 1.8018E-09 1.7547E-09 1.7069E-09 1.6617E-09 1.6175E-09 1.5726E-09 1.5303E-09 1.4889E-09 1.4470E-09 1.4075E-09 1.3676E-09 1.3287E-09 1.2923E-09 1.2554E-09 1.2197E-09 1.1863E-09 1.1525E-09 1.1184E-09 1.0877E-09 1.0577E-09 1.0248E-09 9.9644E-10 9.6868E-10 9.3808E-10 9.1182E-10 8.8500E-10 8.5777E-10
4.5640E-09 4.4652E-09 4.3605E-09 4.2570E-09 4.1551E-09 4.0483E-09 3.9473E-09 3.8423E-09 3.7432E-09 3.6398E-09 3.5383E-09 3.4429E-09 3.3487E-09 3.2518E-09 3.1656E-09 3.0761E-09 2.9880E-09 2.8775E-09 2.7503E-09 2.6554E-09 2.5569E-09 2.4229E-09 2.3466E-09 2.2536E-09 2.1398E-09 2.0735E-09 2.0149E-09 1.9617E-09 1.9057E-09 1.8566E-09 1.8066E-09 1.7594E-09 1.7130E-09 1.6661E-09 1.6217E-09 1.5768E-09 1.5343E-09 1.4928E-09 1.4508E-09 1.4112E-09 1.3726E-09 1.3323E-09 1.2959E-09 1.2590E-09 1.2234E-09 1.1899E-09 1.1562E-09 1.1232E-09 1.0912E-09 1.0612E-09 1.0307E-09 9.9975E-10 9.7200E-10 9.4128E-10 9.1497E-10 8.8811E-10 8.6078E-10
4.6177E-09 4.5147E-09 4.4126E-09 4.3049E-09 4.1990E-09 4.0948E-09 3.9862E-09 3.8837E-09 3.7772E-09 3.6718E-09 3.5724E-09 3.4707E-09 3.3698E-09 3.2757E-09 3.1835E-09 3.0928E-09 3.0035E-09 2.9203E-09 2.7694E-09 2.6733E-09 2.5667E-09 2.4509E-09 2.3604E-09 2.2663E-09 2.1575E-09 2.0840E-09 2.0251E-09 1.9656E-09 1.9095E-09 1.8601E-09 1.8101E-09 1.7628E-09 1.7163E-09 1.6693E-09 1.6248E-09 1.5798E-09 1.5373E-09 1.4957E-09 1.4536E-09 1.4141E-09 1.3754E-09 1.3352E-09 1.2987E-09 1.2633E-09 1.2263E-09 1.1929E-09 1.1604E-09 1.1262E-09 1.0941E-09 1.0641E-09 1.0336E-09 1.0025E-09 9.7481E-10 9.4641E-10 9.1769E-10 8.9077E-10 8.6456E-10
4.6658E-09 4.5600E-09 4.4551E-09 4.3503E-09 4.2394E-09 4.1321E-09 4.0205E-09 3.9162E-09 3.8073E-09 3.7001E-09 3.5991E-09 3.4897E-09 3.3926E-09 3.2967E-09 3.1983E-09 3.1065E-09 3.0207E-09 2.9323E-09 2.8223E-09 2.6821E-09 2.6018E-09 2.4979E-09 2.3658E-09 2.2970E-09 2.2053E-09 2.0870E-09 2.0278E-09 1.9681E-09 1.9118E-09 1.8623E-09 1.8123E-09 1.7648E-09 1.7184E-09 1.6713E-09 1.6268E-09 1.5833E-09 1.5392E-09 1.4976E-09 1.4555E-09 1.4160E-09 1.3774E-09 1.3372E-09 1.3008E-09 1.2656E-09 1.2285E-09 1.1953E-09 1.1627E-09 1.1286E-09 1.0965E-09 1.0665E-09 1.0359E-09 1.0049E-09 9.7711E-10 9.4871E-10 9.1996E-10 8.9424E-10 8.6678E-10
4.7101E-09 4.6011E-09 4.4921E-09 4.3857E-09 4.2734E-09 4.1598E-09 4.0518E-09 3.9392E-09 3.8340E-09 3.7249E-09 3.6173E-09 3.5160E-09 3.4120E-09 3.3102E-09 3.2101E-09 3.1220E-09 3.0309E-09 2.9417E-09 2.8305E-09 2.7028E-09 2.6078E-09 2.5097E-09 2.3893E-09 2.3003E-09 2.2078E-09 2.0944E-09 2.0288E-09 1.9709E-09 1.9126E-09 1.8632E-09 1.8148E-09 1.7657E-09 1.7193E-09 1.6722E-09 1.6277E-09 1.5842E-09 1.5402E-09 1.4986E-09 1.4581E-09 1.4171E-09 1.3787E-09 1.3399E-09 1.3024E-09 1.2671E-09 1.2316E-09 1.1970E-09 1.1646E-09 1.1317E-09 1.0983E-09 1.0683E-09 1.0377E-09 1.0067E-09 9.7892E-10 9.5056E-10 9.2178E-10 8.9606E-10 8.6859E-10
4.7479E-09 4.6379E-09 4.5277E-09 4.4154E-09 4.3077E-09 4.1944E-09 4.0787E-09 3.9700E-09 3.8567E-09 3.7459E-09 3.6370E-09 3.5344E-09 3.4239E-09 3.3200E-09 3.2292E-09 3.1300E-09 3.0384E-09 2.9529E-09 2.8652E-09 2.7283E-09 2.6188E-09 2.5399E-09 2.3981E-09 2.3082E-09 2.2152E-09 2.1132E-09 2.0345E-09 1.9764E-09 1.9179E-09 1.8628E-09 1.8144E-09 1.7654E-09 1.7190E-09 1.6736E-09 1.6276E-09 1.5841E-09 1.5402E-09 1.4987E-09 1.4583E-09 1.4174E-09 1.3792E-09 1.3405E-09 1.3032E-09 1.2680E-09 1.2326E-09 1.1980E-09 1.1658E-09 1.1329E-09 1.0996E-09 1.0696E-09 1.0403E-09 1.0081E-09 9.8029E-10 9.5195E-10 9.2316E-10 8.9747E-10 8.7001E-10
4.7832E-09 4.6683E-09 4.5566E-09 4.4437E-09 4.3308E-09 4.2219E-09 4.1010E-09 3.9911E-09 3.8768E-09 3.7635E-09 3.6581E-09 3.5447E-09 3.4324E-09 3.3374E-09 3.2354E-09 3.1361E-09 3.0477E-09 2.9574E-09 2.8693E-09 2.7600E-09 2.6208E-09 2.5417E-09 2.4390E-09 2.3081E-09 2.2404E-09 2.1243E-09 2.0327E-09 1.9745E-09 1.9162E-09 1.8610E-09 1.8128E-09 1.7639E-09 1.7176E-09 1.6723E-09 1.6264E-09 1.5831E-09 1.5392E-09 1.4980E-09 1.4576E-09 1.4171E-09 1.3789E-09 1.3405E-09 1.3032E-09 1.2684E-09 1.2330E-09 1.1986E-09 1.1664E-09 1.1336E-09 1.1003E-09 1.0703E-09 1.0412E-09 1.0089E-09 9.8121E-10 9.5414E-10 9.2411E-10 8.9847E-10 8.7221E-10
4.8153E-09 4.6961E-09 4.5803E-09 4.4677E-09 4.3511E-09 4.2390E-09 4.1239E-09 4.0063E-09 3.8930E-09 3.7789E-09 3.6662E-09 3.5512E-09 3.4538E-09 3.3417E-09 3.2392E-09 3.1484E-09 3.0504E-09 2.9596E-09 2.8710E-09 2.7614E-09 2.6349E-09 2.5417E-09 2.4383E-09 2.3063E-09 2.2385E-09 2.1476E-09 2.0294E-09 1.9713E-09 1.9131E-09 1.8579E-09 1.8099E-09 1.7612E-09 1.7151E-09 1.6700E-09 1.6242E-09 1.5811E-09 1.5374E-09 1.4963E-09 1.4562E-09 1.4159E-09 1.3779E-09 1.3412E-09 1.3026E-09 1.2680E-09 1.2341E-09 1.1985E-09 1.1663E-09 1.1337E-09 1.1017E-09 1.0706E-09 1.0415E-09 1.0093E-09 9.8166E-10 9.5463E-10 9.2465E-10 8.9906E-10 8.7283E-10
4.8393E-09 4.7225E-09 4.6001E-09 4.4848E-09 4.3711E-09 4.2521E-09 4.1414E-09 4.0206E-09 3.9068E-09 3.7904E-09 3.6716E-09 3.5704E-09 3.4566E-09 3.3441E-09 3.2499E-09 3.1491E-09 3.0509E-09 2.9594E-09 2.8752E-09 2.7890E-09 2.6403E-09 2.5466E-09 2.4425E-09 2.3296E-09 2.2415E-09 2.1502E-09 2.0499E-09 1.9669E-09 1.9087E-09 1.8538E-09 1.8060E-09 1.7574E-09 1.7116E-09 1.6667E-09 1.6211E-09 1.5781E-09 1.5347E-09 1.4938E-09 1.4541E-09 1.4139E-09 1.3764E-09 1.3398E-09 1.3016E-09 1.2670E-09 1.2333E-09 1.1978E-09 1.1658E-09 1.1345E-09 1.1014E-09 1.0704E-09 1.0413E-09 1.0104E-09 9.8164E-10 9.5469E-10 9.2477E-10 8.9922E-10 8.7305E-10
4.8591E-09 4.7400E-09 4.6221E-09 4.4984E-09 4.3832E-09 4.2680E-09 4.1493E-09 4.0386E-09 3.9177E-09 3.7942E-09 3.6845E-09 3.5715E-09 3.4569E-09 3.3530E-09 3.2484E-09 3.1474E-09 3.0486E-09 2.9614E-09 2.8729E-09 2.7865E-09 2.6797E-09 2.5429E-09 2.4658E-09 2.3384E-09 2.2367E-09 2.1706E-09 2.0569E-09 1.9673E-09 1.9109E-09 1.8543E-09 1.8009E-09 1.7543E-09 1.7071E-09 1.6624E-09 1.6170E-09 1.5744E-09 1.5327E-09 1.4906E-09 1.4512E-09 1.4112E-09 1.3741E-09 1.3377E-09 1.2998E-09 1.2654E-09 1.2320E-09 1.1965E-09 1.1647E-09 1.1335E-09 1.1005E-09 1.0696E-09 1.0407E-09 1.0112E-09 9.8118E-10 9.5433E-10 9.2689E-10 8.9900E-10 8.7294E-10
4.8745E-09 4.7541E-09 4.6334E-09 4.5128E-09 4.3909E-09 4.2754E-09 4.1576E-09 4.0419E-09 3.9205E-09 3.8089E-09 3.6892E-09 3.5698E-09 3.4646E-09 3.3547E-09 3.2449E-09 3.1478E-09 3.0493E-09 2.9569E-09 2.8685E-09 2.7822E-09 2.6751E-09 2.5374E-09 2.4605E-09 2.3595E-09 2.2304E-09 2.1644E-09 2.0759E-09 1.9604E-09 1.9043E-09 1.8479E-09 1.7948E-09 1.7485E-09 1.7015E-09 1.6571E-09 1.6137E-09 1.5698E-09 1.5283E-09 1.4867E-09 1.4475E-09 1.4095E-09 1.3711E-09 1.3352E-09 1.2987E-09 1.2633E-09 1.2300E-09 1.1948E-09 1.1631E-09 1.1320E-09 1.0992E-09 1.0684E-09 1.0396E-09 1.0102E-09 9.8027E-10 9.5354E-10 9.2618E-10 8.9838E-10 8.7243E-10
4.8853E-09 4.7634E-09 4.6424E-09 4.5213E-09 4.3970E-09 4.2783E-09 4.1629E-09 4.0427E-09 3.9305E-09 3.8100E-09 3.6869E-09 3.5762E-09 3.4644E-09 3.3497E-09 3.2432E-09 3.1467E-09 3.0473E-09 2.9506E-09 2.8620E-09 2.7805E-09 2.6687E-09 2.5516E-09 2.4535E-09 2.3525E-09 2.2360E-09 2.1569E-09 2.0684E-09 1.9523E-09 1.8965E-09 1.8404E-09 1.7876E-09 1.7417E-09 1.6950E-09 1.6510E-09 1.6079E-09 1.5643E-09 1.5233E-09 1.4820E-09 1.4432E-09 1.4056E-09 1.3675E-09 1.3319E-09 1.2957E-09 1.2605E-09 1.2274E-09 1.1924E-09 1.1608E-09 1.1300E-09 1.0973E-09 1.0666E-09 1.0380E-09 1.0087E-09 9.7896E-10 9.5234E-10 9.2508E-10 8.9742E-10 8.7154E-10
4.8932E-09 4.7684E-09 4.6459E-09 4.5245E-09 4.4028E-09 4.2777E-09 4.1612E-09 4.0455E-09 3.9261E-09 3.8054E-09 3.6960E-09 3.5741E-09 3.4573E-09 3.3460E-09 3.2402E-09 3.1381E-09 3.0391E-09 2.9469E-09 2.8583E-09 2.7725E-09 2.6605E-09 2.5572E-09 2.4518E-09 2.3439E-09 2.2337E-09 2.1546E-09 2.0596E-09 1.9621E-09 1.8877E-09 1.8319E-09 1.7794E-09 1.7339E-09 1.6876E-09 1.6439E-09 1.6013E-09 1.5580E-09 1.5176E-09 1.4766E-09 1.4384E-09 1.4010E-09 1.3634E-09 1.3280E-09 1.2922E-09 1.2572E-09 1.2243E-09 1.1908E-09 1.1581E-09 1.1275E-09 1.0949E-09 1.0645E-09 1.0360E-09 1.0068E-09 9.7721E-10 9.5071E-10 9.2358E-10 8.9606E-10 8.7025E-10
4.8963E-09 4.7708E-09 4.6456E-09 4.5230E-09 4.4018E-09 4.2782E-09 4.1565E-09 4.0408E-09 3.9234E-09 3.8084E-09 3.6891E-09 3.5678E-09 3.4519E-09 3.3412E-09 3.2298E-09 3.1273E-09 3.0335E-09 2.9364E-09 2.8483E-09 2.7626E-09 2.6793E-09 2.5474E-09 2.4419E-09 2.3406E-09 2.2369E-09 2.1447E-09 2.0558E-09 1.9647E-09 1.8839E-09 1.8224E-09 1.7703E-09 1.7252E-09 1.6793E-09 1.6361E-09 1.5939E-09 1.5511E-09 1.5111E-09 1.4705E-09 1.4328E-09 1.3959E-09 1.3586E-09 1.3235E-09 1.2880E-09 1.2532E-09 1.2206E-09 1.1874E-09 1.1549E-09 1.1245E-09 1.0934E-09 1.0618E-09 1.0335E-09 1.0058E-09 9.7505E-10 9.4869E-10 9.2173E-10 8.9431E-10 8.6866E-10
4.8957E-09 4.7686E-09 4.6429E-09 4.5179E-09 4.3956E-09 4.2745E-09 4.1499E-09 4.0321E-09 3.9172E-09 3.7997E-09 3.6783E-09 3.5589E-09 3.4460E-09 3.3288E-09 3.2170E-09 3.1200E-09 3.0209E-09 2.9244E-09 2.8364E-09 2.7511E-09 2.6682E-09 2.5643E-09 2.4306E-09 2.3564E-09 2.2322E-09 2.1335E-09 2.0704E-09 1.9599E-09 1.8731E-09 1.8179E-09 1.7603E-09 1.7156E-09 1.6702E-09 1.6276E-09 1.5857E-09 1.5436E-09 1.5039E-09 1.4640E-09 1.4266E-09 1.3902E-09 1.3532E-09 1.3186E-09 1.2833E-09 1.2488E-09 1.2164E-09 1.1834E-09 1.1512E-09 1.1209E-09 1.0901E-09 1.0587E-09 1.0306E-09 1.0030E-09 9.7246E-10 9.4627E-10 9.1950E-10 8.9217E-10 8.6674E-10
4.8915E-09 4.7629E-09 4.6359E-09 4.5106E-09 4.3863E-09 4.2649E-09 4.1428E-09 4.0207E-09 3.9055E-09 3.7904E-09 3.6706E-09 3.5517E-09 3.4394E-09 3.3195E-09 3.2125E-09 3.1054E-09 3.0114E-09 2.9153E-09 2.8226E-09 2.7380E-09 2.6553E-09 2.5518E-09 2.4178E-09 2.3440E-09 2.2468E-09 2.1211E-09 2.0585E-09 1.9735E-09 1.8613E-09 1.8066E-09 1.7552E-09 1.7052E-09 1.6604E-09 1.6182E-09 1.5769E-09 1.5353E-09 1.4961E-09 1.4568E-09 1.4198E-09 1.3839E-09 1.3472E-09 1.3130E-09 1.2779E-09 1.2438E-09 1.2117E-09 1.1790E-09 1.1470E-09 1.1170E-09 1.0864E-09 1.0552E-09 1.0272E-09 9.9988E-10 9.6948E-10 9.4350E-10 9.1686E-10 8.8973E-10 8.6445E-10
4.8840E-09 4.7539E-09 4.6257E-09 4.4993E-09 4.3749E-09 4.2517E-09 4.1310E-09 4.0085E-09 3.8913E-09 3.7769E-09 3.6627E-09 3.5415E-09 3.4252E-09 3.3091E-09 3.2010E-09 3.0945E-09 2.9955E-09 2.9043E-09 2.8120E-09 2.7277E-09 2.6453E-09 2.5378E-09 2.4246E-09 2.3305E-09 2.2334E-09 2.1142E-09 2.0457E-09 1.9608E-09 1.8486E-09 1.7944E-09 1.7435E-09 1.6940E-09 1.6498E-09 1.6080E-09 1.5676E-09 1.5262E-09 1.4879E-09 1.4489E-09 1.4126E-09 1.3769E-09 1.3408E-09 1.3068E-09 1.2722E-09 1.2383E-09 1.2064E-09 1.1740E-09 1.1422E-09 1.1125E-09 1.0821E-09 1.0512E-09 1.0235E-09 9.9630E-10 9.6611E-10 9.4034E-10 9.1384E-10 8.8696E-10 8.6180E-10
4.8737E-09 4.7417E-09 4.6123E-09 4.4849E-09 4.3597E-09 4.2367E-09 4.1150E-09 3.9943E-09 3.8741E-09 3.7608E-09 3.6464E-09 3.5236E-09 3.4142E-09 3.2978E-09 3.1834E-09 3.0762E-09 2.9830E-09 2.8870E-09 2.7952E-09 2.7113E-09 2.6296E-09 2.5223E-09 2.4234E-09 2.3156E-09 2.2188E-09 2.1132E-09 2.0317E-09 1.9472E-09 1.8540E-09 1.7814E-09 1.7311E-09 1.6822E-09 1.6384E-09 1.5974E-09 1.5574E-09 1.5168E-09 1.4790E-09 1.4405E-09 1.4047E-09 1.3695E-09 1.3338E-09 1.3001E-09 1.2658E-09 1.2322E-09 1.2008E-09 1.1686E-09 1.1371E-09 1.1077E-09 1.0775E-09 1.0468E-09 1.0193E-09 9.9234E-10 9.6240E-10 9.3679E-10 9.1052E-10 8.8382E-10 8.5882E-10
4.8617E-09 4.7266E-09 4.5960E-09 4.4677E-09 4.3417E-09 4.2181E-09 4.0969E-09 3.9763E-09 3.8566E-09 3.7410E-09 3.6286E-09 3.5104E-09 3.3941E-09 3.2800E-09 3.1694E-09 3.0619E-09 2.9637E-09 2.8680E-09 2.7768E-09 2.6934E-09 2.6125E-09 2.5055E-09 2.4071E-09 2.3063E-09 2.2033E-09 2.1112E-09 2.0168E-09 1.9328E-09 1.8398E-09 1.7694E-09 1.7178E-09 1.6696E-09 1.6264E-09 1.5862E-09 1.5466E-09 1.5068E-09 1.4695E-09 1.4317E-09 1.3962E-09 1.3616E-09 1.3262E-09 1.2929E-09 1.2590E-09 1.2257E-09 1.1946E-09 1.1626E-09 1.1315E-09 1.1023E-09 1.0724E-09 1.0420E-09 1.0147E-09 9.8799E-10 9.5830E-10 9.3286E-10 9.0687E-10 8.8032E-10 8.5558E-10
4.8469E-09 4.7090E-09 4.5768E-09 4.4476E-09 4.3209E-09 4.1968E-09 4.0752E-09 3.9561E-09 3.8361E-09 3.7198E-09 3.6078E-09 3.4898E-09 3.3723E-09 3.2595E-09 3.1496E-09 3.0407E-09 2.9426E-09 2.8478E-09 2.7569E-09 2.6743E-09 2.5939E-09 2.4874E-09 2.3896E-09 2.2891E-09 2.1866E-09 2.0950E-09 2.0074E-09 1.9174E-09 1.8374E-09 1.7609E-09 1.7040E-09 1.6564E-09 1.6139E-09 1.5742E-09 1.5355E-09 1.4963E-09 1.4595E-09 1.4223E-09 1.3872E-09 1.3531E-09 1.3180E-09 1.2853E-09 1.2516E-09 1.2188E-09 1.1879E-09 1.1563E-09 1.1255E-09 1.0966E-09 1.0670E-09 1.0368E-09 1.0097E-09 9.8331E-10 9.5381E-10 9.2864E-10 9.0286E-10 8.7649E-10 8.5199E-10
