Assets/Resources/2015_m01_d22_0800(utc+0800)_l00_csi_1hr_conc.grd
DSAA
         159         159
     -79.000      79.000
     -79.000      79.000
  0.0000E+00  0.2894E-05
[rows 50 to 74 of 159, columns 57 to 113 of 159]
0.0000E+00 0.0000E+00 0.0000E+00 0.0000E+00 0.0000E+00 0.0000E+00 0.0000E+00 0.0000E+00 0.0000E+00 0.0000E+00 0.0000E+00 1.1206E-13 1.1685E-12 4.3812E-12 9.9095E-12 1.7307E-11 2.7282E-11 4.3399E-11 6.7297E-11 9.4936E-11 1.2362E-10 1.5802E-10 2.0274E-10 2.5494E-10 3.1277E-10 3.7678E-10 4.4850E-10 5.2709E-10 6.1354E-10 7.1022E-10 8.1597E-10 9.3243E-10 1.0515E-09 1.1849E-09 1.3320E-09 1.4900E-09 1.6530E-09 1.8210E-09 1.9951E-09 2.1674E-09 2.3364E-09 2.5043E-09 2.6627E-09 2.8164E-09 2.9658E-09 3.1114E-09 3.2525E-09 3.3911E-09 3.5247E-09 3.6517E-09 3.7701E-09 3.8890E-09 4.0011E-09 4.1070E-09 4.2138E-09 4.3151E-09 4.4166E-09
0.0000E+00 0.0000E+00 0.0000E+00 0.0000E+00 0.0000E+00 0.0000E+00 0.0000E+00 0.0000E+00 0.0000E+00 0.0000E+00 0.0000E+00 5.2540E-13 2.6704E-12 7.3494E-12 1.4176E-11 2.3429E-11 3.8544E-11 6.1222E-11 8.8480E-11 1.1741E-10 1.5178E-10 1.9601E-10 2.4695E-10 3.0445E-10 3.6810E-10 4.4116E-10 5.2404E-10 6.1882E-10 7.2502E-10 8.3741E-10 9.5420E-10 1.0802E-09 1.2184E-09 1.3771E-09 1.5522E-09 1.7352E-09 1.9248E-09 2.1135E-09 2.2987E-09 2.4913E-09 2.6779E-09 2.8583E-09 3.0296E-09 3.1948E-09 3.3547E-09 3.5111E-09 3.6595E-09 3.8022E-09 3.9397E-09 4.0694E-09 4.1913E-09 4.3088E-09 4.4171E-09 4.5208E-09 4.6229E-09 4.7159E-09 4.8128E-09
0.0000E+00 0.0000E+00 0.0000E+00 0.0000E+00 0.0000E+00 0.0000E+00 0.0000E+00 0.0000E+00 0.0000E+00 0.0000E+00 1.1879E-13 1.2296E-12 4.8383E-12 1.0931E-11 1.9355E-11 3.2654E-11 5.4050E-11 8.0989E-11 1.0961E-10 1.4348E-10 1.8686E-10 2.3719E-10 2.9218E-10 3.5622E-10 4.3010E-10 5.1708E-10 6.1626E-10 7.2504E-10 8.4203E-10 9.6885E-10 1.1138E-09 1.2697E-09 1.4324E-09 1.6124E-09 1.8037E-09 2.0053E-09 2.2134E-09 2.4213E-09 2.6392E-09 2.8526E-09 3.0600E-09 3.2551E-09 3.4415E-09 3.6212E-09 3.7928E-09 3.9564E-09 4.1119E-09 4.2570E-09 4.3976E-09 4.5249E-09 4.6457E-09 4.7608E-09 4.8652E-09 4.9664E-09 5.0590E-09 5.1488E-09 5.2351E-09
0.0000E+00 0.0000E+00 0.0000E+00 0.0000E+00 0.0000E+00 0.0000E+00 0.0000E+00 0.0000E+00 0.0000E+00 0.0000E+00 4.6960E-13 2.6769E-12 7.6421E-12 1.5115E-11 2.6800E-11 4.6170E-11 7.1859E-11 1.0032E-10 1.3357E-10 1.7502E-10 2.2478E-10 2.7926E-10 3.4004E-10 4.1568E-10 5.0414E-10 6.0517E-10 7.1893E-10 8.4630E-10 9.8754E-10 1.1348E-09 1.2927E-09 1.4636E-09 1.6544E-09 1.8654E-09 2.0848E-09 2.3192E-09 2.5628E-09 2.7950E-09 3.0320E-09 3.2631E-09 3.4860E-09 3.6976E-09 3.8982E-09 4.0888E-09 4.2717E-09 4.4452E-09 4.6044E-09 4.7561E-09 4.8975E-09 5.0207E-09 5.1413E-09 5.2536E-09 5.3467E-09 5.4407E-09 5.5252E-09 5.6069E-09 5.6843E-09
0.0000E+00 0.0000E+00 0.0000E+00 0.0000E+00 0.0000E+00 0.0000E+00 0.0000E+00 0.0000E+00 0.0000E+00 4.7681E-14 1.0396E-12 4.6554E-12 1.1030E-11 2.0426E-11 3.7493E-11 6.2131E-11 9.0079E-11 1.2200E-10 1.6175E-10 2.0976E-10 2.6311E-10 3.2268E-10 3.9649E-10 4.8540E-10 5.8895E-10 7.0655E-10 8.3815E-10 9.8115E-10 1.1356E-09 1.3059E-09 1.4952E-09 1.7063E-09 1.9298E-09 2.1662E-09 2.4159E-09 2.6726E-09 2.9336E-09 3.1974E-09 3.4592E-09 3.7178E-09 3.9580E-09 4.1867E-09 4.4041E-09 4.6072E-09 4.7981E-09 4.9785E-09 5.1418E-09 5.2962E-09 5.4370E-09 5.5610E-09 5.6763E-09 5.7759E-09 5.8660E-09 5.9491E-09 6.0232E-09 6.0925E-09 6.1569E-09
0.0000E+00 0.0000E+00 0.0000E+00 0.0000E+00 0.0000E+00 0.0000E+00 0.0000E+00 0.0000E+00 0.0000E+00 2.9126E-13 2.2473E-12 7.0960E-12 1.4904E-11 2.8708E-11 5.1170E-11 7.8350E-11 1.0966E-10 1.4717E-10 1.9255E-10 2.4456E-10 3.0317E-10 3.7411E-10 4.6263E-10 5.6596E-10 6.8593E-10 8.1760E-10 9.6570E-10 1.1378E-09 1.3225E-09 1.5185E-09 1.7297E-09 1.9635E-09 2.2160E-09 2.4844E-09 2.7654E-09 3.0575E-09 3.3509E-09 3.6447E-09 3.9339E-09 4.2134E-09 4.4760E-09 4.7237E-09 4.9561E-09 5.1737E-09 5.3755E-09 5.5616E-09 5.7273E-09 5.8817E-09 6.0199E-09 6.1389E-09 6.2467E-09 6.3372E-09 6.4189E-09 6.4878E-09 6.5486E-09 6.6032E-09 6.6538E-09
0.0000E+00 0.0000E+00 0.0000E+00 0.0000E+00 0.0000E+00 0.0000E+00 0.0000E+00 0.0000E+00 0.0000E+00 7.2654E-13 3.8621E-12 1.0136E-11 2.0472E-11 3.9531E-11 6.5768E-11 9.5816E-11 1.3136E-10 1.7413E-10 2.2409E-10 2.8080E-10 3.4935E-10 4.3497E-10 5.3858E-10 6.5648E-10 7.9235E-10 9.4633E-10 1.1185E-09 1.3078E-09 1.5115E-09 1.7342E-09 1.9796E-09 2.2500E-09 2.5538E-09 2.8555E-09 3.1730E-09 3.4940E-09 3.8248E-09 4.1502E-09 4.4631E-09 4.7672E-09 5.0537E-09 5.3140E-09 5.5609E-09 5.7899E-09 5.9997E-09 6.1901E-09 6.3638E-09 6.5131E-09 6.6423E-09 6.7572E-09 6.8546E-09 6.9341E-09 7.0023E-09 7.0561E-09 7.1009E-09 7.1409E-09 7.1746E-09
0.0000E+00 0.0000E+00 0.0000E+00 0.0000E+00 0.0000E+00 0.0000E+00 0.0000E+00 0.0000E+00 1.0007E-13 1.4274E-12 5.7707E-12 1.3394E-11 2.8323E-11 5.2532E-11 8.1237E-11 1.1478E-10 1.5451E-10 2.0183E-10 2.5639E-10 3.2187E-10 4.0374E-10 5.0427E-10 6.2416E-10 7.5875E-10 9.1386E-10 1.0841E-09 1.2750E-09 1.4878E-09 1.7314E-09 2.0065E-09 2.3041E-09 2.6143E-09 2.9383E-09 3.2809E-09 3.6386E-09 3.9923E-09 4.3554E-09 4.7172E-09 5.0582E-09 5.3806E-09 5.6903E-09 5.9758E-09 6.2328E-09 6.4826E-09 6.6990E-09 6.8842E-09 7.0547E-09 7.2013E-09 7.3195E-09 7.4227E-09 7.5034E-09 7.5645E-09 7.6130E-09 7.6532E-09 7.6811E-09 7.6988E-09 7.7165E-09
0.0000E+00 0.0000E+00 0.0000E+00 0.0000E+00 0.0000E+00 0.0000E+00 0.0000E+00 0.0000E+00 2.9882E-13 2.5143E-12 8.0968E-12 1.8260E-11 3.8124E-11 6.5396E-11 9.7700E-11 1.3519E-10 1.7915E-10 2.3032E-10 2.9168E-10 3.6991E-10 4.6535E-10 5.8265E-10 7.2002E-10 8.7324E-10 1.0423E-09 1.2432E-09 1.4769E-09 1.7399E-09 2.0296E-09 2.3397E-09 2.6698E-09 3.0207E-09 3.3914E-09 3.7664E-09 4.1655E-09 4.5702E-09 4.9589E-09 5.3501E-09 5.7395E-09 6.0873E-09 6.4223E-09 6.7417E-09 6.9988E-09 7.2448E-09 7.4628E-09 7.6377E-09 7.8015E-09 7.9380E-09 8.0367E-09 8.1255E-09 8.1923E-09 8.2303E-09 8.2623E-09 8.2781E-09 8.2806E-09 8.2815E-09 8.2713E-09
0.0000E+00 0.0000E+00 0.0000E+00 0.0000E+00 0.0000E+00 0.0000E+00 0.0000E+00 0.0000E+00 6.4644E-13 3.9533E-12 1.0781E-11 2.5040E-11 4.9675E-11 7.9731E-11 1.1516E-10 1.5586E-10 2.0384E-10 2.6064E-10 3.3337E-10 4.2445E-10 5.3506E-10 6.6984E-10 8.2332E-10 9.9893E-10 1.2070E-09 1.4532E-09 1.7317E-09 2.0387E-09 2.3717E-09 2.7381E-09 3.1208E-09 3.5119E-09 3.9315E-09 4.3540E-09 4.7755E-09 5.2236E-09 5.6686E-09 6.1025E-09 6.5101E-09 6.8903E-09 7.2471E-09 7.5685E-09 7.8435E-09 8.0813E-09 8.2933E-09 8.4587E-09 8.6015E-09 8.7227E-09 8.8106E-09 8.8733E-09 8.9169E-09 8.9355E-09 8.9356E-09 8.9235E-09 8.9062E-09 8.8775E-09 8.8460E-09
0.0000E+00 0.0000E+00 0.0000E+00 0.0000E+00 0.0000E+00 0.0000E+00 0.0000E+00 0.0000E+00 1.1061E-12 5.4398E-12 1.4285E-11 3.3084E-11 6.0809E-11 9.4606E-11 1.3289E-10 1.7682E-10 2.2942E-10 2.9517E-10 3.8009E-10 4.8497E-10 6.1156E-10 7.6476E-10 9.4675E-10 1.1697E-09 1.4315E-09 1.7263E-09 2.0740E-09 2.4591E-09 2.8498E-09 3.2512E-09 3.6802E-09 4.1128E-09 4.5665E-09 5.0517E-09 5.5369E-09 6.0228E-09 6.5178E-09 6.9769E-09 7.4068E-09 7.8152E-09 8.1649E-09 8.4826E-09 8.7687E-09 8.9918E-09 9.1833E-09 9.3477E-09 9.4642E-09 9.5593E-09 9.6210E-09 9.6576E-09 9.6694E-09 9.6622E-09 9.6349E-09 9.5928E-09 9.5452E-09 9.4887E-09 9.4295E-09
0.0000E+00 0.0000E+00 0.0000E+00 0.0000E+00 0.0000E+00 0.0000E+00 0.0000E+00 1.3789E-13 1.9017E-12 7.2799E-12 1.8938E-11 4.2426E-11 7.3291E-11 1.0989E-10 1.5049E-10 1.9833E-10 2.5716E-10 3.3411E-10 4.3253E-10 5.4976E-10 6.9760E-10 8.8941E-10 1.1304E-09 1.4205E-09 1.7881E-09 2.1716E-09 2.5458E-09 2.9572E-09 3.4009E-09 3.8524E-09 4.3405E-09 4.8474E-09 5.3516E-09 5.9055E-09 6.4429E-09 6.9488E-09 7.4710E-09 7.9646E-09 8.4020E-09 8.8233E-09 9.1797E-09 9.4952E-09 9.7708E-09 9.9785E-09 1.0151E-08 1.0284E-08 1.0380E-08 1.0438E-08 1.0469E-08 1.0475E-08 1.0456E-08 1.0410E-08 1.0352E-08 1.0282E-08 1.0196E-08 1.0109E-08 1.0018E-08
0.0000E+00 0.0000E+00 0.0000E+00 0.0000E+00 0.0000E+00 0.0000E+00 0.0000E+00 2.7289E-13 2.7594E-12 9.3525E-12 2.4145E-11 5.1537E-11 8.6202E-11 1.2526E-10 1.6828E-10 2.2079E-10 2.8822E-10 3.7776E-10 4.8818E-10 6.2898E-10 8.2615E-10 1.0788E-09 1.4363E-09 1.7959E-09 2.1890E-09 2.5992E-09 3.0455E-09 3.5370E-09 4.0656E-09 4.6134E-09 5.1720E-09 5.7418E-09 6.3186E-09 6.8966E-09 7.4769E-09 8.0238E-09 8.5583E-09 9.0519E-09 9.5142E-09 9.9382E-09 1.0296E-08 1.0604E-08 1.0844E-08 1.1044E-08 1.1186E-08 1.1278E-08 1.1333E-08 1.1361E-08 1.1355E-08 1.1323E-08 1.1263E-08 1.1184E-08 1.1084E-08 1.0974E-08 1.0859E-08 1.0733E-08 1.0609E-08
0.0000E+00 0.0000E+00 0.0000E+00 0.0000E+00 0.0000E+00 0.0000E+00 0.0000E+00 4.7821E-13 3.8182E-12 1.1496E-11 2.9666E-11 6.1504E-11 9.9295E-11 1.3953E-10 1.8621E-10 2.4491E-10 3.2388E-10 4.2430E-10 5.5984E-10 7.5140E-10 1.0196E-09 1.3659E-09 1.7429E-09 2.1689E-09 2.6473E-09 3.1895E-09 3.7706E-09 4.3558E-09 4.9637E-09 5.5838E-09 6.2042E-09 6.8381E-09 7.4725E-09 8.0838E-09 8.6962E-09 9.2856E-09 9.8097E-09 1.0317E-08 1.0781E-08 1.1168E-08 1.1511E-08 1.1791E-08 1.2016E-08 1.2175E-08 1.2278E-08 1.2335E-08 1.2342E-08 1.2318E-08 1.2271E-08 1.2194E-08 1.2090E-08 1.1966E-08 1.1828E-08 1.1675E-08 1.1519E-08 1.1358E-08 1.1194E-08
0.0000E+00 0.0000E+00 0.0000E+00 0.0000E+00 0.0000E+00 0.0000E+00 0.0000E+00 6.9684E-13 4.7223E-12 1.3804E-11 3.6316E-11 7.0750E-11 1.1164E-10 1.5376E-10 2.0465E-10 2.7150E-10 3.6117E-10 4.8766E-10 6.6820E-10 9.0719E-10 1.2305E-09 1.6312E-09 2.1203E-09 2.7508E-09 3.4070E-09 4.0488E-09 4.7188E-09 5.4221E-09 6.1333E-09 6.8450E-09 7.5340E-09 8.2197E-09 8.8964E-09 9.5287E-09 1.0161E-08 1.0750E-08 1.1274E-08 1.1761E-08 1.2172E-08 1.2551E-08 1.2851E-08 1.3082E-08 1.3262E-08 1.3379E-08 1.3435E-08 1.3434E-08 1.3396E-08 1.3314E-08 1.3208E-08 1.3082E-08 1.2930E-08 1.2756E-08 1.2571E-08 1.2378E-08 1.2173E-08 1.1972E-08 1.1772E-08
0.0000E+00 0.0000E+00 0.0000E+00 0.0000E+00 0.0000E+00 0.0000E+00 0.0000E+00 8.9306E-13 5.7641E-12 1.6174E-11 4.2947E-11 7.9140E-11 1.2232E-10 1.6765E-10 2.2405E-10 3.0053E-10 4.1164E-10 5.7767E-10 8.0079E-10 1.0703E-09 1.4551E-09 2.0784E-09 2.7807E-09 3.5132E-09 4.3157E-09 5.1786E-09 6.0165E-09 6.8473E-09 7.6694E-09 8.4740E-09 9.2447E-09 9.9714E-09 1.0676E-08 1.1322E-08 1.1927E-08 1.2471E-08 1.2969E-08 1.3393E-08 1.3758E-08 1.4064E-08 1.4306E-08 1.4482E-08 1.4591E-08 1.4643E-08 1.4641E-08 1.4581E-08 1.4474E-08 1.4340E-08 1.4167E-08 1.3976E-08 1.3770E-08 1.3545E-08 1.3307E-08 1.3065E-08 1.2818E-08 1.2572E-08 1.2330E-08
0.0000E+00 0.0000E+00 0.0000E+00 0.0000E+00 0.0000E+00 0.0000E+00 0.0000E+00 1.0622E-12 6.7285E-12 1.8441E-11 4.8031E-11 8.6903E-11 1.3244E-10 1.8200E-10 2.4475E-10 3.3703E-10 4.8208E-10 6.8641E-10 9.3945E-10 1.3573E-09 1.9559E-09 2.6729E-09 3.6164E-09 4.6603E-09 5.6722E-09 6.7116E-09 7.7512E-09 8.7488E-09 9.6699E-09 1.0567E-08 1.1402E-08 1.2148E-08 1.2850E-08 1.3481E-08 1.4010E-08 1.4506E-08 1.4901E-08 1.5246E-08 1.5527E-08 1.5720E-08 1.5879E-08 1.5970E-08 1.6001E-08 1.5976E-08 1.5889E-08 1.5757E-08 1.5580E-08 1.5370E-08 1.5135E-08 1.4872E-08 1.4601E-08 1.4322E-08 1.4030E-08 1.3732E-08 1.3440E-08 1.3149E-08 1.2863E-08
0.0000E+00 0.0000E+00 0.0000E+00 0.0000E+00 0.0000E+00 0.0000E+00 0.0000E+00 1.2001E-12 7.4900E-12 2.0447E-11 5.3258E-11 9.6000E-11 1.4225E-10 1.9620E-10 2.6858E-10 3.8745E-10 5.6863E-10 8.4982E-10 1.2208E-09 1.7551E-09 2.6117E-09 3.6501E-09 4.8179E-09 6.1008E-09 7.4620E-09 8.7913E-09 1.0067E-08 1.1250E-08 1.2320E-08 1.3289E-08 1.4122E-08 1.4866E-08 1.5514E-08 1.6050E-08 1.6490E-08 1.6827E-08 1.7115E-08 1.7320E-08 1.7452E-08 1.7544E-08 1.7549E-08 1.7541E-08 1.7467E-08 1.7345E-08 1.7175E-08 1.6951E-08 1.6697E-08 1.6401E-08 1.6091E-08 1.5761E-08 1.5417E-08 1.5073E-08 1.4727E-08 1.4376E-08 1.4031E-08 1.3694E-08 1.3364E-08
0.0000E+00 0.0000E+00 0.0000E+00 0.0000E+00 0.0000E+00 0.0000E+00 0.0000E+00 1.3029E-12 8.1102E-12 2.3449E-11 5.7958E-11 1.0425E-10 1.5185E-10 2.1096E-10 3.0039E-10 4.5659E-10 7.0413E-10 1.0461E-09 1.6156E-09 2.4884E-09 3.5599E-09 4.9722E-09 6.6031E-09 8.2592E-09 9.9465E-09 1.1575E-08 1.3114E-08 1.4504E-08 1.5678E-08 1.6692E-08 1.7529E-08 1.8186E-08 1.8695E-08 1.9093E-08 1.9348E-08 1.9523E-08 1.9580E-08 1.9600E-08 1.9562E-08 1.9465E-08 1.9345E-08 1.9164E-08 1.8984E-08 1.8742E-08 1.8469E-08 1.8151E-08 1.7799E-08 1.7425E-08 1.7026E-08 1.6621E-08 1.6204E-08 1.5790E-08 1.5385E-08 1.4982E-08 1.4581E-08 1.4198E-08 1.3826E-08
0.0000E+00 0.0000E+00 0.0000E+00 0.0000E+00 0.0000E+00 0.0000E+00 0.0000E+00 1.3676E-12 8.5735E-12 2.3356E-11 6.2315E-11 1.1055E-10 1.5989E-10 2.2730E-10 3.4161E-10 5.4733E-10 9.0028E-10 1.4146E-09 2.2178E-09 3.5333E-09 5.1261E-09 6.9543E-09 8.9788E-09 1.1119E-08 1.3252E-08 1.5272E-08 1.7093E-08 1.8655E-08 1.9902E-08 2.0900E-08 2.1620E-08 2.2131E-08 2.2453E-08 2.2576E-08 2.2607E-08 2.2491E-08 2.2321E-08 2.2075E-08 2.1801E-08 2.1502E-08 2.1182E-08 2.0857E-08 2.0505E-08 2.0145E-08 1.9743E-08 1.9333E-08 1.8879E-08 1.8410E-08 1.7925E-08 1.7437E-08 1.6950E-08 1.6464E-08 1.5995E-08 1.5538E-08 1.5086E-08 1.4653E-08 1.4238E-08
0.0000E+00 0.0000E+00 0.0000E+00 0.0000E+00 0.0000E+00 0.0000E+00 0.0000E+00 1.3917E-12 8.8669E-12 2.4214E-11 4.2309E-11 1.1259E-10 1.6618E-10 2.4413E-10 3.9792E-10 6.9202E-10 1.1479E-09 2.0157E-09 3.3492E-09 5.0456E-09 7.1766E-09 9.6330E-09 1.2313E-08 1.5048E-08 1.7662E-08 2.0050E-08 2.2127E-08 2.3817E-08 2.5095E-08 2.5943E-08 2.6675E-08 2.6925E-08 2.6821E-08 2.6643E-08 2.6178E-08 2.5753E-08 2.5240E-08 2.4700E-08 2.4149E-08 2.3595E-08 2.3058E-08 2.2539E-08 2.2022E-08 2.1513E-08 2.0993E-08 2.0459E-08 1.9914E-08 1.9342E-08 1.8773E-08 1.8197E-08 1.7636E-08 1.7081E-08 1.6545E-08 1.6032E-08 1.5534E-08 1.5051E-08 1.4596E-08
0.0000E+00 0.0000E+00 0.0000E+00 0.0000E+00 0.0000E+00 0.0000E+00 0.0000E+00 1.3735E-12 8.9805E-12 2.4700E-11 4.3294E-11 1.1202E-10 1.6968E-10 2.6301E-10 4.7558E-10 9.1922E-10 1.6275E-09 2.9562E-09 4.7706E-09 7.1409E-09 1.0032E-08 1.3345E-08 1.6856E-08 2.0306E-08 2.3864E-08 2.7007E-08 2.9048E-08 3.0866E-08 3.2028E-08 3.2479E-08 3.2641E-08 3.2279E-08 3.1836E-08 3.1011E-08 3.0228E-08 2.9338E-08 2.8298E-08 2.7396E-08 2.6529E-08 2.5701E-08 2.4914E-08 2.4186E-08 2.3489E-08 2.2822E-08 2.2170E-08 2.1513E-08 2.0867E-08 2.0200E-08 1.9540E-08 1.8885E-08 1.8246E-08 1.7625E-08 1.7025E-08 1.6459E-08 1.5913E-08 1.5386E-08 1.4890E-08
0.0000E+00 0.0000E+00 0.0000E+00 0.0000E+00 0.0000E+00 0.0000E+00 0.0000E+00 1.3123E-12 8.9081E-12 2.4796E-11 4.5801E-11 7.9975E-11 1.7266E-10 2.9445E-10 6.1924E-10 1.3084E-09 2.5220E-09 4.2606E-09 6.7224E-09 1.2241E-08 1.6638E-08 2.2036E-08 2.8226E-08 3.0937E-08 3.3881E-08 3.6293E-08 3.8172E-08 3.9528E-08 3.9930E-08 4.0045E-08 3.9310E-08 3.8492E-08 3.7159E-08 3.5926E-08 3.4569E-08 3.2946E-08 3.1580E-08 3.0087E-08 2.8867E-08 2.7746E-08 2.6698E-08 2.5738E-08 2.4854E-08 2.4028E-08 2.3243E-08 2.2465E-08 2.1713E-08 2.0965E-08 2.0211E-08 1.9479E-08 1.8768E-08 1.8087E-08 1.7426E-08 1.6804E-08 1.6215E-08 1.5650E-08 1.5114E-08
0.0000E+00 0.0000E+00 0.0000E+00 0.0000E+00 0.0000E+00 0.0000E+00 0.0000E+00 1.2080E-12 8.6471E-12 2.4491E-11 4.7921E-11 8.2461E-11 1.5989E-10 3.5437E-10 9.4786E-10 1.9518E-09 3.5258E-09 9.0178E-09 1.6465E-08 2.5197E-08 3.4159E-08 4.6803E-08 4.2445E-08 4.3997E-08 4.6251E-08 4.7914E-08 4.9115E-08 4.9729E-08 4.9528E-08 4.8330E-08 4.6965E-08 4.4932E-08 4.3063E-08 4.0780E-08 3.8793E-08 3.6768E-08 3.4665E-08 3.2910E-08 3.1114E-08 2.9673E-08 2.8369E-08 2.7170E-08 2.6099E-08 2.5104E-08 2.4185E-08 2.3289E-08 2.2430E-08 2.1600E-08 2.0770E-08 1.9966E-08 1.9187E-08 1.8447E-08 1.7735E-08 1.7063E-08 1.6432E-08 1.5832E-08 1.5263E-08
0.0000E+00 0.0000E+00 0.0000E+00 0.0000E+00 0.0000E+00 0.0000E+00 0.0000E+00 1.0617E-12 8.1991E-12 2.3784E-11 4.8965E-11 8.3488E-11 1.7273E-10 5.2943E-10 1.3131E-09 4.3060E-09 8.9809E-09 1.9239E-08 3.3732E-08 5.1261E-08 7.0988E-08 7.1486E-08 6.1762E-08 6.1067E-08 6.1623E-08 6.2037E-08 6.1982E-08 6.1288E-08 5.9758E-08 5.7534E-08 5.4616E-08 5.1783E-08 4.8628E-08 4.5814E-08 4.2801E-08 4.0190E-08 3.7513E-08 3.5346E-08 3.3370E-08 3.1419E-08 2.9868E-08 2.8458E-08 2.7199E-08 2.6050E-08 2.4998E-08 2.3991E-08 2.3034E-08 2.2117E-08 2.1216E-08 2.0340E-08 1.9500E-08 1.8703E-08 1.7944E-08 1.7228E-08 1.6561E-08 1.5930E-08 1.5333E-08
