Assets/Resources/2015_m01_d15_2000(utc+0800)_l00_csi_1hr_conc.grd
DSAA
         159         159
     -79.000      79.000
     -79.000      79.000
  0.0000E+00  0.6752E-04
[rows 125 to 149 of 159, columns 57 to 113 of 159]
2.4150E-10 2.6753E-10 3.0147E-10 3.2993E-10 3.6540E-10 4.0172E-10 4.4694E-10 4.8828E-10 5.4188E-10 6.0999E-10 6.6268E-10 7.1522E-10 7.5546E-10 8.0176E-10 8.5221E-10 9.2419E-10 9.8270E-10 1.0457E-09 1.0948E-09 1.1385E-09 1.1805E-09 1.2302E-09 1.2780E-09 1.3060E-09 1.3454E-09 1.3556E-09 1.3814E-09 1.4114E-09 1.4377E-09 1.4660E-09 1.4731E-09 1.4885E-09 1.5032E-09 1.4982E-09 1.5142E-09 1.5277E-09 1.5259E-09 1.5209E-09 1.4915E-09 1.4922E-09 1.4977E-09 1.4956E-09 1.4918E-09 1.4762E-09 1.4697E-09 1.4682E-09 1.4343E-09 1.4252E-09 1.4129E-09 1.3920E-09 1.3563E-09 1.3502E-09 1.3335E-09 1.3165E-09 1.2850E-09 1.2721E-09 1.2542E-09
2.1228E-10 2.4013E-10 2.7149E-10 2.9720E-10 3.2909E-10 3.6137E-10 3.9837E-10 4.3954E-10 4.8119E-10 5.2758E-10 5.9090E-10 6.4410E-10 6.9243E-10 7.3967E-10 7.8744E-10 8.4271E-10 9.0465E-10 9.5471E-10 1.0046E-09 1.0493E-09 1.0986E-09 1.1295E-09 1.1582E-09 1.1878E-09 1.2241E-09 1.2616E-09 1.2921E-09 1.3153E-09 1.3382E-09 1.3560E-09 1.3617E-09 1.3818E-09 1.4040E-09 1.4238E-09 1.4330E-09 1.4286E-09 1.4091E-09 1.4154E-09 1.4260E-09 1.4285E-09 1.4290E-09 1.4175E-09 1.4151E-09 1.4175E-09 1.4077E-09 1.3816E-09 1.3728E-09 1.3550E-09 1.3419E-09 1.3189E-09 1.3148E-09 1.2905E-09 1.2802E-09 1.2554E-09 1.2442E-09 1.2187E-09 1.2115E-09
1.9223E-10 2.1196E-10 2.3535E-10 2.6611E-10 2.9226E-10 3.2079E-10 3.5347E-10 3.9207E-10 4.2477E-10 4.7268E-10 5.2284E-10 5.8867E-10 6.3002E-10 6.7191E-10 7.1382E-10 7.5163E-10 8.1757E-10 8.6092E-10 9.1793E-10 9.5568E-10 9.9149E-10 1.0233E-09 1.0653E-09 1.1008E-09 1.1341E-09 1.1608E-09 1.1872E-09 1.2045E-09 1.2323E-09 1.2567E-09 1.2835E-09 1.2981E-09 1.3096E-09 1.3057E-09 1.3152E-09 1.3273E-09 1.3435E-09 1.3514E-09 1.3629E-09 1.3499E-09 1.3516E-09 1.3581E-09 1.3522E-09 1.3296E-09 1.3245E-09 1.3202E-09 1.3107E-09 1.2803E-09 1.2793E-09 1.2674E-09 1.2549E-09 1.2465E-09 1.2237E-09 1.2048E-09 1.1905E-09 1.1848E-09 1.1739E-09
1.6171E-10 1.8839E-10 2.1260E-10 2.3314E-10 2.6222E-10 2.9015E-10 3.1865E-10 3.5279E-10 3.8509E-10 4.2025E-10 4.5946E-10 5.1525E-10 5.6086E-10 6.0336E-10 6.4359E-10 6.8571E-10 7.2736E-10 7.7266E-10 8.1648E-10 8.6049E-10 9.0590E-10 9.4988E-10 9.7268E-10 1.0018E-09 1.0281E-09 1.0611E-09 1.0982E-09 1.1174E-09 1.1475E-09 1.1660E-09 1.1836E-09 1.1848E-09 1.2109E-09 1.2286E-09 1.2501E-09 1.2636E-09 1.2745E-09 1.2730E-09 1.2793E-09 1.2900E-09 1.2934E-09 1.2898E-09 1.2679E-09 1.2673E-09 1.2614E-09 1.2540E-09 1.2364E-09 1.2374E-09 1.2277E-09 1.2124E-09 1.1921E-09 1.1852E-09 1.1729E-09 1.1603E-09 1.1516E-09 1.1423E-09 1.1280E-09
1.4159E-10 1.6885E-10 1.8682E-10 2.1082E-10 2.3791E-10 2.5551E-10 2.8101E-10 3.1207E-10 3.3926E-10 3.7295E-10 4.1297E-10 4.5501E-10 5.0336E-10 5.3685E-10 5.6804E-10 6.1045E-10 6.3683E-10 6.9183E-10 7.3557E-10 7.7828E-10 8.2027E-10 8.5365E-10 8.8389E-10 9.1689E-10 9.5549E-10 9.8528E-10 1.0094E-09 1.0268E-09 1.0415E-09 1.0695E-09 1.0934E-09 1.1212E-09 1.1474E-09 1.1657E-09 1.1670E-09 1.1866E-09 1.1980E-09 1.2133E-09 1.2210E-09 1.2215E-09 1.2034E-09 1.2065E-09 1.2041E-09 1.2002E-09 1.1860E-09 1.1904E-09 1.1838E-09 1.1764E-09 1.1728E-09 1.1545E-09 1.1401E-09 1.1299E-09 1.1283E-09 1.1212E-09 1.1135E-09 1.1008E-09 1.0920E-09
1.2594E-10 1.4494E-10 1.6483E-10 1.8492E-10 2.0461E-10 2.3107E-10 2.4852E-10 2.7085E-10 3.0189E-10 3.3054E-10 3.5276E-10 3.8945E-10 4.3284E-10 4.7568E-10 5.1226E-10 5.4644E-10 5.7843E-10 6.1414E-10 6.5820E-10 6.9610E-10 7.4418E-10 7.8422E-10 8.1235E-10 8.3483E-10 8.6078E-10 8.8630E-10 9.1792E-10 9.4620E-10 9.7812E-10 1.0088E-09 1.0380E-09 1.0415E-09 1.0674E-09 1.0915E-09 1.1079E-09 1.1278E-09 1.1402E-09 1.1374E-09 1.1312E-09 1.1381E-09 1.1495E-09 1.1441E-09 1.1478E-09 1.1360E-09 1.1327E-09 1.1285E-09 1.1280E-09 1.1126E-09 1.1104E-09 1.1027E-09 1.0943E-09 1.0897E-09 1.0844E-09 1.0739E-09 1.0718E-09 1.0645E-09 1.0567E-09
9.7645E-11 1.2720E-10 1.4369E-10 1.6475E-10 1.8483E-10 1.9693E-10 2.2241E-10 2.4358E-10 2.6030E-10 2.9197E-10 3.2041E-10 3.4902E-10 3.7880E-10 4.1346E-10 4.5541E-10 4.8288E-10 5.1288E-10 5.4375E-10 5.9330E-10 6.2947E-10 6.6387E-10 6.9880E-10 7.2789E-10 7.5929E-10 7.9406E-10 8.2822E-10 8.6160E-10 8.9408E-10 9.0891E-10 9.3382E-10 9.6235E-10 9.8443E-10 1.0102E-09 1.0343E-09 1.0511E-09 1.0535E-09 1.0516E-09 1.0626E-09 1.0776E-09 1.0758E-09 1.0830E-09 1.0744E-09 1.0843E-09 1.0832E-09 1.0763E-09 1.0639E-09 1.0647E-09 1.0598E-09 1.0542E-09 1.0570E-09 1.0541E-09 1.0504E-09 1.0416E-09 1.0366E-09 1.0309E-09 1.0246E-09 1.0177E-09
8.4256E-11 1.0757E-10 1.2379E-10 1.4663E-10 1.6052E-10 1.7792E-10 1.9804E-10 2.1396E-10 2.3189E-10 2.5633E-10 2.8163E-10 3.0865E-10 3.3637E-10 3.6522E-10 4.0504E-10 4.3839E-10 4.5870E-10 4.8525E-10 5.1673E-10 5.6193E-10 6.0041E-10 6.4389E-10 6.7891E-10 7.0890E-10 7.3754E-10 7.6172E-10 7.9363E-10 8.2041E-10 8.5057E-10 8.7975E-10 9.0786E-10 9.2977E-10 9.3881E-10 9.6265E-10 9.5942E-10 9.8011E-10 9.9914E-10 1.0009E-09 1.0115E-09 1.0063E-09 1.0195E-09 1.0216E-09 1.0227E-09 1.0274E-09 1.0125E-09 1.0106E-09 1.0079E-09 1.0135E-09 1.0133E-09 1.0122E-09 1.0059E-09 1.0032E-09 9.9979E-10 9.9571E-10 9.9090E-10 9.8987E-10 9.8385E-10
7.9256E-11 8.7023E-11 1.1167E-10 1.2725E-10 1.4529E-10 1.6011E-10 1.7537E-10 1.9712E-10 2.0851E-10 2.2807E-10 2.5229E-10 2.7525E-10 2.9029E-10 3.1391E-10 3.5093E-10 3.8808E-10 4.1592E-10 4.4399E-10 4.7050E-10 5.1190E-10 5.5225E-10 5.8462E-10 6.2153E-10 6.5361E-10 6.8188E-10 7.1327E-10 7.4418E-10 7.7448E-10 7.9950E-10 8.1810E-10 8.4062E-10 8.4243E-10 8.6740E-10 8.9124E-10 9.1382E-10 9.1965E-10 9.3405E-10 9.3215E-10 9.4855E-10 9.5385E-10 9.5812E-10 9.6591E-10 9.5393E-10 9.6450E-10 9.6458E-10 9.6380E-10 9.6648E-10 9.6818E-10 9.6443E-10 9.6430E-10 9.6780E-10 9.6600E-10 9.6344E-10 9.6013E-10 9.5619E-10 9.5163E-10 9.4787E-10
7.4508E-11 7.9739E-11 8.7030E-11 1.1312E-10 1.2610E-10 1.4301E-10 1.5800E-10 1.7005E-10 1.8827E-10 2.0412E-10 2.2243E-10 2.4649E-10 2.6762E-10 2.9019E-10 3.1611E-10 3.4943E-10 3.7684E-10 4.0285E-10 4.2964E-10 4.5905E-10 5.0256E-10 5.3907E-10 5.7775E-10 6.1006E-10 6.3654E-10 6.5910E-10 6.8868E-10 7.1334E-10 7.3774E-10 7.4673E-10 7.7329E-10 7.9897E-10 8.0939E-10 8.2811E-10 8.5054E-10 8.5216E-10 8.6233E-10 8.8054E-10 8.8784E-10 8.9865E-10 8.8965E-10 9.0313E-10 9.0613E-10 9.0822E-10 9.1376E-10 9.1827E-10 9.1724E-10 9.1979E-10 9.2586E-10 9.2652E-10 9.2633E-10 9.2534E-10 9.2356E-10 9.2111E-10 9.1941E-10 9.1562E-10 9.1548E-10
6.9288E-11 7.5021E-11 8.0918E-11 9.8565E-11 1.1375E-10 1.3160E-10 1.4311E-10 1.5676E-10 1.7430E-10 1.8640E-10 2.0289E-10 2.2101E-10 2.4177E-10 2.6148E-10 2.8366E-10 3.1220E-10 3.4889E-10 3.7355E-10 3.9704E-10 4.2171E-10 4.5864E-10 4.9293E-10 5.2757E-10 5.5900E-10 5.8395E-10 6.1262E-10 6.2417E-10 6.5194E-10 6.7926E-10 7.0180E-10 7.1876E-10 7.3933E-10 7.4500E-10 7.6813E-10 7.8106E-10 7.9261E-10 8.0781E-10 8.2631E-10 8.2026E-10 8.2709E-10 8.4233E-10 8.4717E-10 8.5551E-10 8.6277E-10 8.7350E-10 8.6972E-10 8.7844E-10 8.8168E-10 8.8398E-10 8.8538E-10 8.8592E-10 8.9003E-10 8.8614E-10 8.8870E-10 8.8630E-10 8.8329E-10 8.8382E-10
6.4737E-11 7.0540E-11 7.5449E-11 8.1657E-11 1.0095E-10 1.1418E-10 1.3240E-10 1.4321E-10 1.5702E-10 1.7387E-10 1.8552E-10 2.0380E-10 2.2284E-10 2.3910E-10 2.5860E-10 2.7879E-10 3.0800E-10 3.3767E-10 3.6196E-10 3.8796E-10 4.0910E-10 4.5084E-10 4.8201E-10 5.0418E-10 5.3299E-10 5.5678E-10 5.8385E-10 6.0251E-10 6.2473E-10 6.3345E-10 6.5845E-10 6.7429E-10 6.9781E-10 7.1155E-10 7.2883E-10 7.2691E-10 7.4666E-10 7.5627E-10 7.7386E-10 7.7684E-10 7.9240E-10 8.0218E-10 8.0652E-10 8.1443E-10 8.2574E-10 8.3158E-10 8.3197E-10 8.4032E-10 8.4328E-10 8.4971E-10 8.4807E-10 8.5283E-10 8.5250E-10 8.5151E-10 8.5401E-10 8.5303E-10 8.5004E-10
6.0781E-11 6.5239E-11 7.0999E-11 7.6179E-11 8.1939E-11 1.0660E-10 1.1740E-10 1.3352E-10 1.4602E-10 1.5759E-10 1.7218E-10 1.8604E-10 2.0275E-10 2.2150E-10 2.3823E-10 2.5454E-10 2.7899E-10 3.0981E-10 3.3503E-10 3.4482E-10 3.6767E-10 3.9306E-10 4.3273E-10 4.5795E-10 4.8624E-10 5.1212E-10 5.2265E-10 5.4806E-10 5.6557E-10 5.9026E-10 6.0623E-10 6.2567E-10 6.4459E-10 6.4945E-10 6.7072E-10 6.8254E-10 6.9314E-10 7.0756E-10 7.2521E-10 7.3751E-10 7.3995E-10 7.5463E-10 7.6393E-10 7.7658E-10 7.7961E-10 7.9034E-10 7.9569E-10 8.0452E-10 8.0522E-10 8.0794E-10 8.1408E-10 8.1521E-10 8.1973E-10 8.2073E-10 8.2379E-10 8.2210E-10 8.2381E-10
5.6358E-11 6.1303E-11 6.6417E-11 7.1380E-11 7.7229E-11 8.2139E-11 1.0698E-10 1.2262E-10 1.3247E-10 1.4457E-10 1.5938E-10 1.6984E-10 1.8537E-10 1.9947E-10 2.0901E-10 2.2389E-10 2.4032E-10 2.6595E-10 2.9723E-10 3.1228E-10 3.3349E-10 3.5275E-10 3.9121E-10 4.0672E-10 4.3933E-10 4.6009E-10 4.8446E-10 5.0139E-10 5.2171E-10 5.4188E-10 5.4932E-10 5.7198E-10 5.8620E-10 6.0767E-10 6.1627E-10 6.3625E-10 6.5138E-10 6.6976E-10 6.7476E-10 6.9133E-10 7.0285E-10 7.1362E-10 7.2308E-10 7.3596E-10 7.4371E-10 7.5200E-10 7.5782E-10 7.6282E-10 7.7112E-10 7.7442E-10 7.8105E-10 7.8411E-10 7.8502E-10 7.8936E-10 7.9296E-10 7.9587E-10 7.9541E-10
5.2546E-11 5.7570E-11 6.1755E-11 6.7184E-11 7.2053E-11 7.7475E-11 9.0533E-11 1.0303E-10 1.1896E-10 1.2716E-10 1.3981E-10 1.5153E-10 1.6092E-10 1.7751E-10 1.8834E-10 2.0013E-10 2.1676E-10 2.3515E-10 2.6136E-10 2.7714E-10 2.9733E-10 3.1304E-10 3.3638E-10 3.7228E-10 3.9473E-10 4.2191E-10 4.4198E-10 4.5086E-10 4.7361E-10 4.8911E-10 5.0804E-10 5.2216E-10 5.4347E-10 5.6057E-10 5.8079E-10 5.8886E-10 6.0763E-10 6.2184E-10 6.3909E-10 6.4779E-10 6.6335E-10 6.7414E-10 6.8799E-10 6.9430E-10 7.0639E-10 7.1362E-10 7.2399E-10 7.2934E-10 7.3535E-10 7.4323E-10 7.4615E-10 7.5248E-10 7.5799E-10 7.6276E-10 7.6415E-10 7.6755E-10 7.6768E-10
4.9275E-11 5.3046E-11 5.8043E-11 6.2857E-11 6.7524E-11 7.3035E-11 7.7646E-11 9.4751E-11 1.0200E-10 1.1571E-10 1.2593E-10 1.3536E-10 1.4641E-10 1.5122E-10 1.6423E-10 1.7595E-10 1.8989E-10 2.0391E-10 2.2445E-10 2.4927E-10 2.6460E-10 2.8131E-10 2.9917E-10 3.1807E-10 3.4819E-10 3.7079E-10 3.9587E-10 4.1474E-10 4.2948E-10 4.5091E-10 4.6890E-10 4.8686E-10 5.0018E-10 5.2024E-10 5.3637E-10 5.5216E-10 5.7051E-10 5.8440E-10 5.9777E-10 6.1399E-10 6.2715E-10 6.3790E-10 6.4802E-10 6.6102E-10 6.6928E-10 6.8065E-10 6.8867E-10 6.9842E-10 7.0340E-10 7.1158E-10 7.1900E-10 7.2568E-10 7.2894E-10 7.3414E-10 7.3605E-10 7.3993E-10 7.4310E-10
4.5230E-11 4.9786E-11 5.4522E-11 5.8452E-11 6.3568E-11 6.8146E-11 7.3251E-11 7.8588E-11 9.1133E-11 1.0244E-10 1.0897E-10 1.1913E-10 1.2672E-10 1.3370E-10 1.4381E-10 1.5335E-10 1.6753E-10 1.8118E-10 1.9394E-10 2.0947E-10 2.2885E-10 2.4720E-10 2.6332E-10 2.8275E-10 3.0861E-10 3.3496E-10 3.5952E-10 3.7820E-10 3.9862E-10 4.1265E-10 4.3289E-10 4.4993E-10 4.6694E-10 4.8631E-10 5.0184E-10 5.1709E-10 5.3300E-10 5.5028E-10 5.6337E-10 5.7597E-10 5.9121E-10 6.0574E-10 6.1586E-10 6.2654E-10 6.3878E-10 6.4654E-10 6.5723E-10 6.6716E-10 6.7635E-10 6.8227E-10 6.8998E-10 6.9697E-10 7.0067E-10 7.0628E-10 7.1119E-10 7.1545E-10 7.1903E-10
4.2389E-11 4.6377E-11 5.0241E-11 5.4951E-11 5.9484E-11 6.3872E-11 6.9066E-11 7.3396E-11 8.2457E-11 8.9332E-11 9.9453E-11 1.0543E-10 1.0939E-10 1.1705E-10 1.2060E-10 1.3330E-10 1.4417E-10 1.5530E-10 1.6742E-10 1.7986E-10 2.0218E-10 2.2039E-10 2.3566E-10 2.5201E-10 2.7491E-10 3.0139E-10 3.2632E-10 3.4508E-10 3.6429E-10 3.8359E-10 3.9994E-10 4.1639E-10 4.3367E-10 4.5229E-10 4.7060E-10 4.8530E-10 4.9974E-10 5.1660E-10 5.3292E-10 5.4529E-10 5.5825E-10 5.7263E-10 5.8634E-10 5.9587E-10 6.0814E-10 6.1969E-10 6.3053E-10 6.3826E-10 6.4764E-10 6.5385E-10 6.6181E-10 6.6908E-10 6.7568E-10 6.8162E-10 6.8688E-10 6.8903E-10 6.9302E-10
3.9396E-11 4.2869E-11 4.7165E-11 5.1311E-11 5.5322E-11 6.0143E-11 6.4114E-11 6.9255E-11 7.3885E-11 8.0741E-11 8.6260E-11 9.3295E-11 9.8580E-11 1.0337E-10 1.1028E-10 1.1856E-10 1.2761E-10 1.3940E-10 1.4922E-10 1.6132E-10 1.7391E-10 1.9735E-10 2.1248E-10 2.2920E-10 2.4350E-10 2.7489E-10 2.9470E-10 3.1700E-10 3.3647E-10 3.5475E-10 3.7310E-10 3.8869E-10 4.0438E-10 4.2227E-10 4.3993E-10 4.5435E-10 4.6946E-10 4.8588E-10 5.0183E-10 5.1726E-10 5.2898E-10 5.4320E-10 5.5679E-10 5.6975E-10 5.7987E-10 5.9147E-10 6.0239E-10 6.1031E-10 6.1985E-10 6.2871E-10 6.3690E-10 6.4443E-10 6.4886E-10 6.5509E-10 6.6070E-10 6.6570E-10 6.7004E-10
3.4879E-11 4.0188E-11 4.3946E-11 4.7581E-11 5.2021E-11 5.5968E-11 6.0417E-11 6.4983E-11 6.9380E-11 7.4734E-11 7.9050E-11 8.4687E-11 8.9222E-11 9.5885E-11 1.0071E-10 1.0640E-10 1.1576E-10 1.2284E-10 1.3334E-10 1.4362E-10 1.5067E-10 1.7320E-10 1.9324E-10 2.0865E-10 2.2307E-10 2.4073E-10 2.6579E-10 2.8981E-10 3.1218E-10 3.2950E-10 3.4694E-10 3.6202E-10 3.7794E-10 3.9512E-10 4.1213E-10 4.2889E-10 4.4265E-10 4.5866E-10 4.7425E-10 4.8938E-10 5.0209E-10 5.1613E-10 5.2960E-10 5.4248E-10 5.5262E-10 5.6423E-10 5.7521E-10 5.8554E-10 5.9523E-10 6.0426E-10 6.1034E-10 6.1808E-10 6.2520E-10 6.3170E-10 6.3760E-10 6.4291E-10 6.4518E-10
3.1535E-11 3.7057E-11 4.0630E-11 4.4681E-11 4.8271E-11 5.2359E-11 5.6903E-11 6.0634E-11 6.5478E-11 6.9834E-11 7.4743E-11 7.9741E-11 8.4510E-11 8.9320E-11 9.4673E-11 1.0003E-10 1.0552E-10 1.1405E-10 1.2200E-10 1.3138E-10 1.3959E-10 1.5458E-10 1.7327E-10 1.9121E-10 2.0424E-10 2.1905E-10 2.4019E-10 2.6431E-10 2.8783E-10 3.0687E-10 3.2345E-10 3.4012E-10 3.5462E-10 3.7116E-10 3.8757E-10 4.0378E-10 4.1975E-10 4.3374E-10 4.4898E-10 4.6380E-10 4.7630E-10 4.9015E-10 5.0347E-10 5.1625E-10 5.2846E-10 5.4008E-10 5.5111E-10 5.5937E-10 5.6915E-10 5.7832E-10 5.8687E-10 5.9481E-10 6.0215E-10 6.0658E-10 6.1273E-10 6.1830E-10 6.2330E-10
2.7290E-11 3.2802E-11 3.8099E-11 4.1338E-11 4.5061E-11 4.9247E-11 5.2645E-11 5.7150E-11 6.1450E-11 6.5587E-11 7.0634E-11 7.4692E-11 8.0007E-11 8.4273E-11 8.9780E-11 9.4225E-11 9.8665E-11 1.0437E-10 1.1198E-10 1.1960E-10 1.2870E-10 1.3777E-10 1.5382E-10 1.7555E-10 1.9045E-10 2.0345E-10 2.1619E-10 2.4295E-10 2.6422E-10 2.8699E-10 3.0279E-10 3.1872E-10 3.3344E-10 3.4935E-10 3.6518E-10 3.8087E-10 3.9636E-10 4.0996E-10 4.2483E-10 4.3933E-10 4.5343E-10 4.6709E-10 4.8028E-10 4.9297E-10 5.0317E-10 5.1474E-10 5.2576E-10 5.3621E-10 5.4607E-10 5.5536E-10 5.6405E-10 5.6998E-10 5.7750E-10 5.8444E-10 5.9083E-10 5.9665E-10 5.9963E-10
2.4725E-11 2.9913E-11 3.4568E-11 3.8506E-11 4.2326E-11 4.5705E-11 4.9555E-11 5.3838E-11 5.7345E-11 6.1910E-11 6.5640E-11 7.0635E-11 7.4969E-11 7.9834E-11 8.3979E-11 8.9410E-11 9.3722E-11 9.8425E-11 1.0504E-10 1.1115E-10 1.1968E-10 1.2729E-10 1.3566E-10 1.5714E-10 1.7521E-10 1.8729E-10 1.9989E-10 2.1704E-10 2.4480E-10 2.6522E-10 2.8408E-10 2.9930E-10 3.1338E-10 3.2867E-10 3.4392E-10 3.5908E-10 3.7409E-10 3.8888E-10 4.0340E-10 4.1762E-10 4.3147E-10 4.4319E-10 4.5618E-10 4.6871E-10 4.8075E-10 4.9229E-10 5.0330E-10 5.1378E-10 5.2168E-10 5.3103E-10 5.3983E-10 5.4807E-10 5.5575E-10 5.6289E-10 5.6727E-10 5.7331E-10 5.7884E-10
2.1275E-11 2.5605E-11 3.0829E-11 3.6118E-11 3.8872E-11 4.2676E-11 4.6622E-11 4.9816E-11 5.4062E-11 5.7804E-11 6.2005E-11 6.6400E-11 7.0580E-11 7.5592E-11 7.9606E-11 8.4801E-11 8.8986E-11 9.3168E-11 9.8550E-11 1.0519E-10 1.1162E-10 1.2047E-10 1.2747E-10 1.4188E-10 1.5904E-10 1.7528E-10 1.8612E-10 2.0003E-10 2.2431E-10 2.4383E-10 2.6580E-10 2.8095E-10 2.9562E-10 3.1035E-10 3.2509E-10 3.3977E-10 3.5433E-10 3.6727E-10 3.8140E-10 3.9525E-10 4.0880E-10 4.2199E-10 4.3480E-10 4.4719E-10 4.5913E-10 4.6877E-10 4.7972E-10 4.9017E-10 5.0011E-10 5.0953E-10 5.1842E-10 5.2470E-10 5.3251E-10 5.3979E-10 5.4655E-10 5.5280E-10 5.5854E-10
1.8288E-11 2.2915E-11 2.7297E-11 3.1713E-11 3.6493E-11 4.0096E-11 4.2983E-11 4.6904E-11 5.0645E-11 5.4238E-11 5.8541E-11 6.2049E-11 6.6759E-11 7.0475E-11 7.5425E-11 7.9327E-11 8.4450E-11 8.8512E-11 9.2566E-11 9.7862E-11 1.0486E-10 1.1111E-10 1.1900E-10 1.2669E-10 1.4142E-10 1.6138E-10 1.7495E-10 1.8660E-10 2.0031E-10 2.2561E-10 2.4529E-10 2.6471E-10 2.7770E-10 2.9181E-10 3.0597E-10 3.2012E-10 3.3418E-10 3.4813E-10 3.6189E-10 3.7543E-10 3.8869E-10 4.0006E-10 4.1263E-10 4.2482E-10 4.3660E-10 4.4795E-10 4.5885E-10 4.6928E-10 4.7730E-10 4.8674E-10 4.9567E-10 5.0411E-10 5.1203E-10 5.1946E-10 5.2431E-10 5.3073E-10 5.3456E-10
