Assets/Resources/2015_m01_d03_2000(utc+0800)_l00_csi_1hr_conc.grd
DSAA
         159         159
     -79.000      79.000
     -79.000      79.000
  0.0000E+00  0.2762E-04
[rows 75 to 99 of 159, columns 57 to 113 of 159]
2.5806E-10 2.7789E-10 2.9965E-10 3.2056E-10 3.4311E-10 3.6466E-10 3.8742E-10 4.0985E-10 4.3338E-10 4.5537E-10 4.7886E-10 5.0070E-10 5.2338E-10 5.4540E-10 5.6764E-10 5.9523E-10 6.2994E-10 6.7274E-10 7.3166E-10 8.6717E-10 1.1267E-09 1.5087E-09 1.9616E-09 2.4531E-09 3.1297E-09 4.0553E-09 5.0830E-09 6.5313E-09 8.1628E-09 1.0313E-08 1.2825E-08 1.5995E-08 2.0540E-08 3.4888E-06 8.7893E-06 2.9325E-06 2.1760E-06 2.3546E-06 2.3277E-06 1.4229E-06 7.6412E-07 4.2482E-07 2.6396E-07 1.7878E-07 1.1928E-07 8.8393E-08 7.0086E-08 5.8197E-08 4.9374E-08 4.2823E-08 3.7793E-08 3.3590E-08 2.9985E-08 2.6685E-08 2.3779E-08 2.1176E-08 1.8817E-08
2.5984E-10 2.7996E-10 3.0204E-10 3.2329E-10 3.4626E-10 3.6823E-10 3.9144E-10 4.1434E-10 4.3780E-10 4.6081E-10 4.8425E-10 5.0711E-10 5.3029E-10 5.5279E-10 5.7710E-10 6.0744E-10 6.4457E-10 6.9264E-10 7.8735E-10 9.8491E-10 1.3005E-09 1.7207E-09 2.2191E-09 2.8725E-09 3.6855E-09 4.6322E-09 5.9704E-09 7.5466E-09 9.5215E-09 1.1905E-08 1.4910E-08 7.0679E-08 8.5709E-06 9.1360E-06 6.5322E-07 9.5610E-08 6.6927E-07 1.6689E-06 2.1002E-06 1.1898E-06 6.8069E-07 4.3387E-07 2.6299E-07 1.7469E-07 1.2535E-07 9.5699E-08 7.6341E-08 6.3712E-08 5.4945E-08 4.8498E-08 4.3114E-08 3.8464E-08 3.4510E-08 3.0961E-08 2.7710E-08 2.4751E-08 2.2067E-08
2.6152E-10 2.8194E-10 3.0434E-10 3.2593E-10 3.4883E-10 3.7168E-10 3.9535E-10 4.1871E-10 4.4265E-10 4.6614E-10 4.9007E-10 5.1344E-10 5.3711E-10 5.6024E-10 5.8625E-10 6.1987E-10 6.6017E-10 7.1166E-10 8.4649E-10 1.0980E-09 1.4928E-09 1.9968E-09 2.6115E-09 3.3302E-09 4.1714E-09 7.0594E-08 5.2894E-07 1.3822E-06 2.2670E-06 3.0138E-06 5.8990E-06 2.7622E-05 5.5889E-06 4.6914E-08 4.1934E-08 5.8367E-08 1.2816E-07 5.5949E-07 9.8319E-07 7.2908E-07 4.6979E-07 3.1588E-07 2.1867E-07 1.5826E-07 1.1974E-07 9.5296E-08 7.9499E-08 6.8478E-08 6.0188E-08 5.3814E-08 4.8443E-08 4.3708E-08 3.9437E-08 3.5551E-08 3.1991E-08 2.8735E-08 2.5736E-08
2.6311E-10 2.8383E-10 3.0656E-10 3.2848E-10 3.5174E-10 3.7501E-10 3.9913E-10 4.2296E-10 4.4738E-10 4.7136E-10 4.9579E-10 5.1966E-10 5.4384E-10 5.6813E-10 5.9641E-10 6.3245E-10 6.7523E-10 7.5190E-10 9.4140E-10 1.2784E-09 1.7399E-09 2.3056E-09 2.9518E-09 3.7513E-09 2.2649E-05 6.7059E-06 6.3138E-06 6.0345E-06 5.8805E-06 1.7216E-05 6.8423E-06 2.6326E-08 2.9065E-08 3.5358E-08 4.5302E-08 6.3212E-08 1.0001E-07 2.6775E-07 4.0847E-07 3.7137E-07 3.0412E-07 2.3361E-07 1.7830E-07 1.3987E-07 1.1351E-07 9.5253E-08 8.2474E-08 7.3044E-08 6.5641E-08 5.9525E-08 5.4041E-08 4.9152E-08 4.4711E-08 4.0585E-08 3.6751E-08 3.3178E-08 2.9794E-08
2.6460E-10 2.8561E-10 3.0866E-10 3.3091E-10 3.5453E-10 3.7820E-10 4.0220E-10 4.2707E-10 4.5198E-10 4.7646E-10 5.0140E-10 5.2577E-10 5.5047E-10 5.7608E-10 6.0639E-10 6.4484E-10 6.8899E-10 7.9993E-10 1.0503E-09 1.4495E-09 1.9548E-09 2.5842E-09 3.3555E-09 5.3669E-07 2.5572E-07 1.5122E-07 1.1033E-07 8.9149E-08 7.7625E-08 1.7125E-08 2.1215E-08 2.6150E-08 3.2015E-08 3.8811E-08 4.7961E-08 7.3338E-08 9.9342E-08 1.6967E-07 2.2561E-07 2.2981E-07 2.0692E-07 1.7592E-07 1.4780E-07 1.2538E-07 1.0847E-07 9.5684E-08 8.5890E-08 7.7883E-08 7.1153E-08 6.5310E-08 5.9911E-08 5.5070E-08 5.0515E-08 4.6129E-08 4.1916E-08 3.7954E-08 3.4185E-08
2.6598E-10 2.8729E-10 3.1065E-10 3.3325E-10 3.5722E-10 3.8126E-10 4.0570E-10 4.3104E-10 4.5644E-10 4.8142E-10 5.0687E-10 5.3176E-10 5.5699E-10 5.8423E-10 6.1613E-10 6.5699E-10 7.0591E-10 8.7042E-10 1.1883E-09 1.6591E-09 2.2414E-09 2.9603E-09 3.8064E-09 4.8071E-09 6.1159E-09 7.6886E-09 9.7175E-09 1.2257E-08 1.5223E-08 1.8856E-08 2.3257E-08 2.8541E-08 3.4773E-08 4.4690E-08 6.2061E-08 7.7227E-08 8.7107E-08 1.2305E-07 1.4587E-07 1.5334E-07 1.4950E-07 1.3905E-07 1.2712E-07 1.1576E-07 1.0560E-07 9.6911E-08 8.9420E-08 8.2789E-08 7.6940E-08 7.1566E-08 6.6385E-08 6.1435E-08 5.6611E-08 5.1919E-08 4.7386E-08 4.3081E-08 3.8936E-08
2.6725E-10 2.8885E-10 3.1252E-10 3.3546E-10 3.5931E-10 3.8420E-10 4.0904E-10 4.3486E-10 4.6017E-10 4.8623E-10 5.1162E-10 5.3761E-10 5.6303E-10 5.9213E-10 6.2520E-10 6.6805E-10 7.3705E-10 9.5190E-10 1.3466E-09 1.8526E-09 2.4976E-09 3.2778E-09 4.2123E-09 5.4174E-09 6.8288E-09 8.5000E-09 1.0669E-08 1.3466E-08 1.6675E-08 2.0565E-08 2.5244E-08 3.1233E-08 4.1028E-08 5.2833E-08 6.3498E-08 7.2571E-08 8.1777E-08 1.0003E-07 1.1160E-07 1.1902E-07 1.2161E-07 1.2015E-07 1.1608E-07 1.1061E-07 1.0484E-07 9.9145E-08 9.3583E-08 8.8403E-08 8.3269E-08 7.8040E-08 7.2992E-08 6.7953E-08 6.2945E-08 5.8004E-08 5.3164E-08 4.8500E-08 4.3968E-08
2.6840E-10 2.9029E-10 3.1428E-10 3.3754E-10 3.6176E-10 3.8701E-10 4.1225E-10 4.3852E-10 4.6432E-10 4.9089E-10 5.1680E-10 5.4332E-10 5.6962E-10 5.9988E-10 6.3448E-10 6.7852E-10 7.7334E-10 1.0561E-09 1.5220E-09 2.0824E-09 2.7714E-09 3.6762E-09 4.7464E-09 5.9746E-09 7.5172E-09 9.3914E-09 1.1700E-08 1.4553E-08 1.8122E-08 2.2253E-08 2.8040E-08 3.6169E-08 4.4612E-08 5.3339E-08 6.2175E-08 7.0865E-08 7.9985E-08 9.0295E-08 9.9451E-08 1.0623E-07 1.1036E-07 1.1189E-07 1.1125E-07 1.0926E-07 1.0631E-07 1.0271E-07 9.8656E-08 9.4281E-08 8.9591E-08 8.4725E-08 7.9742E-08 7.4635E-08 6.9464E-08 6.4281E-08 5.9163E-08 5.4165E-08 4.9273E-08
2.6943E-10 2.9160E-10 3.1542E-10 3.3949E-10 3.6406E-10 3.8969E-10 4.1472E-10 4.4201E-10 4.6830E-10 4.9539E-10 5.2181E-10 5.4887E-10 5.7603E-10 6.0737E-10 6.4333E-10 6.8806E-10 8.2747E-10 1.1734E-09 1.6989E-09 2.3205E-09 3.0767E-09 4.0084E-09 5.1640E-09 6.5696E-09 8.2527E-09 1.0248E-08 1.2657E-08 1.5799E-08 1.9745E-08 2.5101E-08 3.1214E-08 3.8208E-08 4.5834E-08 5.3851E-08 6.2027E-08 7.0482E-08 7.8884E-08 8.7624E-08 9.4968E-08 1.0183E-07 1.0655E-07 1.0947E-07 1.1084E-07 1.1076E-07 1.0932E-07 1.0707E-07 1.0399E-07 1.0021E-07 9.6012E-08 9.1433E-08 8.6530E-08 8.1387E-08 7.6110E-08 7.0699E-08 6.5335E-08 5.7142E-08 4.8987E-08
2.7033E-10 2.9278E-10 3.1690E-10 3.4130E-10 3.6622E-10 3.9222E-10 4.1764E-10 4.4535E-10 4.7210E-10 4.9970E-10 5.2665E-10 5.5425E-10 5.8222E-10 6.1454E-10 6.5168E-10 6.9627E-10 8.8775E-10 1.3024E-09 1.8847E-09 2.5576E-09 3.3433E-09 4.4106E-09 5.6813E-09 7.1480E-09 8.9445E-09 1.1115E-08 1.3724E-08 1.7246E-08 2.1746E-08 2.7144E-08 3.3161E-08 3.9734E-08 4.6829E-08 5.4555E-08 6.2737E-08 7.1085E-08 7.9281E-08 8.7145E-08 9.4323E-08 1.0104E-07 1.0634E-07 1.1018E-07 1.1256E-07 1.1354E-07 1.1323E-07 1.1181E-07 1.0936E-07 1.0624E-07 1.0245E-07 9.8103E-08 9.3316E-08 8.8164E-08 7.9008E-08 6.9362E-08 6.0718E-08 5.5573E-08 5.0961E-08
2.7061E-10 2.9381E-10 3.1824E-10 3.4296E-10 3.6774E-10 3.9460E-10 4.2041E-10 4.4853E-10 4.7510E-10 5.0382E-10 5.3131E-10 5.5945E-10 5.8817E-10 6.2135E-10 6.5925E-10 7.1338E-10 9.5147E-10 1.4504E-09 2.0722E-09 2.7932E-09 3.6838E-09 4.7534E-09 6.0731E-09 7.7209E-09 9.6492E-09 1.1989E-08 1.5066E-08 1.8890E-08 2.3550E-08 2.8774E-08 3.4550E-08 4.1032E-08 4.8174E-08 5.5795E-08 6.3790E-08 7.2008E-08 8.0163E-08 8.8104E-08 9.5608E-08 1.0226E-07 1.0795E-07 1.1231E-07 1.1529E-07 1.1691E-07 1.1734E-07 1.1664E-07 1.1490E-07 1.1224E-07 1.0879E-07 1.0020E-07 9.0279E-08 8.0165E-08 7.5382E-08 7.0640E-08 6.2335E-08 5.1245E-08 4.6664E-08
2.7124E-10 2.9471E-10 3.1893E-10 3.4447E-10 3.6959E-10 3.9682E-10 4.2302E-10 4.5155E-10 4.7855E-10 5.0775E-10 5.3514E-10 5.6445E-10 5.9325E-10 6.2777E-10 6.6393E-10 7.3115E-10 1.0268E-09 1.5953E-09 2.2416E-09 3.0356E-09 3.9822E-09 5.1098E-09 6.5610E-09 8.2877E-09 1.0423E-08 1.3215E-08 1.6494E-08 2.0281E-08 2.4786E-08 3.0161E-08 3.6040E-08 4.2524E-08 4.9606E-08 5.7191E-08 6.5162E-08 7.3453E-08 8.1794E-08 8.9899E-08 9.7503E-08 1.0434E-07 1.1020E-07 1.1494E-07 1.1845E-07 1.2071E-07 1.2173E-07 1.2157E-07 1.1546E-07 1.0709E-07 9.7290E-08 9.3873E-08 9.0043E-08 8.1572E-08 6.8342E-08 6.3591E-08 5.9429E-08 5.5242E-08 4.5015E-08
2.7172E-10 2.9546E-10 3.1996E-10 3.4582E-10 3.7126E-10 3.9888E-10 4.2545E-10 4.5440E-10 4.8182E-10 5.1147E-10 5.3938E-10 5.6924E-10 5.9866E-10 6.3378E-10 6.7058E-10 7.5071E-10 1.1091E-09 1.7517E-09 2.4555E-09 3.2860E-09 4.3113E-09 5.4972E-09 6.9809E-09 8.9241E-09 1.1359E-08 1.4170E-08 1.7538E-08 2.1505E-08 2.6068E-08 3.1452E-08 3.7473E-08 4.4032E-08 5.1199E-08 5.8925E-08 6.7052E-08 7.5403E-08 8.3765E-08 9.1914E-08 9.9623E-08 1.0665E-07 1.1279E-07 1.1789E-07 1.2182E-07 1.1970E-07 1.1469E-07 1.0710E-07 1.0633E-07 1.0476E-07 9.7678E-08 8.3756E-08 7.9805E-08 7.6282E-08 6.8968E-08 6.0568E-08 5.3002E-08 4.9069E-08 4.5550E-08
2.7154E-10 2.9605E-10 3.2083E-10 3.4700E-10 3.7278E-10 4.0075E-10 4.2770E-10 4.5706E-10 4.8491E-10 5.1500E-10 5.4340E-10 5.7381E-10 6.0378E-10 6.3771E-10 6.7677E-10 7.9040E-10 1.2066E-09 1.9067E-09 2.6586E-09 3.5224E-09 4.5987E-09 5.8933E-09 7.4596E-09 9.5890E-09 1.2088E-08 1.5048E-08 1.8557E-08 2.2645E-08 2.7351E-08 3.2776E-08 3.8960E-08 4.5700E-08 5.3014E-08 6.0823E-08 6.9011E-08 7.7408E-08 8.5828E-08 9.4059E-08 1.0189E-07 1.0908E-07 1.1103E-07 1.1009E-07 1.0604E-07 1.0868E-07 1.1039E-07 1.0079E-07 9.3509E-08 9.1532E-08 8.9796E-08 8.3224E-08 7.5065E-08 6.7039E-08 6.3396E-08 6.0054E-08 5.3103E-08 4.6052E-08 3.9478E-08
2.7172E-10 2.9647E-10 3.2100E-10 3.4799E-10 3.7411E-10 4.0242E-10 4.2977E-10 4.5952E-10 4.8780E-10 5.1834E-10 5.4720E-10 5.7815E-10 6.0860E-10 6.4313E-10 6.7998E-10 8.4736E-10 1.3225E-09 2.0768E-09 2.8787E-09 3.7927E-09 4.8990E-09 6.3029E-09 8.0325E-09 1.0147E-08 1.2792E-08 1.5869E-08 1.9509E-08 2.3752E-08 2.8619E-08 3.4176E-08 4.0419E-08 4.7316E-08 5.4753E-08 6.2657E-08 7.0921E-08 7.9385E-08 8.7869E-08 9.2467E-08 8.9236E-08 9.4217E-08 9.9878E-08 1.0481E-07 9.8682E-08 9.4445E-08 9.5256E-08 9.6167E-08 9.1750E-08 8.5199E-08 7.7826E-08 7.5340E-08 7.3113E-08 6.6353E-08 5.4803E-08 5.1224E-08 4.8401E-08 4.5461E-08 3.6294E-08
2.7175E-10 2.9673E-10 3.2153E-10 3.4881E-10 3.7526E-10 4.0391E-10 4.3164E-10 4.6113E-10 4.9049E-10 5.2147E-10 5.5079E-10 5.8224E-10 6.1178E-10 6.4818E-10 6.8564E-10 9.0767E-10 1.4594E-09 2.2504E-09 3.1017E-09 4.0598E-09 5.2173E-09 6.6840E-09 8.5145E-09 1.0729E-08 1.3421E-08 1.6659E-08 2.0418E-08 2.4784E-08 2.9794E-08 3.5457E-08 4.1802E-08 4.8790E-08 5.6339E-08 6.4347E-08 6.9814E-08 6.9208E-08 7.5598E-08 8.2784E-08 8.9753E-08 8.7192E-08 8.6067E-08 8.9595E-08 9.3292E-08 9.1790E-08 8.7848E-08 8.1737E-08 8.1951E-08 8.1614E-08 7.6089E-08 6.4087E-08 6.1474E-08 5.9345E-08 5.6981E-08 4.6553E-08 4.0141E-08 3.0979E-08 2.5635E-08
2.7113E-10 2.9682E-10 3.2187E-10 3.4944E-10 3.7620E-10 4.0467E-10 4.3329E-10 4.6318E-10 4.9295E-10 5.2438E-10 5.5416E-10 5.8610E-10 6.1618E-10 6.5085E-10 6.8783E-10 9.9474E-10 1.6032E-09 2.4236E-09 3.3187E-09 4.3144E-09 5.5423E-09 7.0946E-09 8.9818E-09 1.1245E-08 1.4047E-08 1.7373E-08 2.1239E-08 2.5725E-08 3.0857E-08 3.6636E-08 4.3057E-08 4.8072E-08 4.8987E-08 5.5229E-08 6.2384E-08 6.7199E-08 6.9794E-08 7.0973E-08 7.6252E-08 8.1937E-08 8.3195E-08 8.2093E-08 7.8491E-08 8.1068E-08 8.3061E-08 7.9790E-08 6.8758E-08 6.7735E-08 6.7071E-08 6.2446E-08 5.5261E-08 4.8565E-08 4.6200E-08 3.2702E-08 3.0559E-08 2.8899E-08 2.4350E-08
2.7094E-10 2.9673E-10 3.2203E-10 3.4986E-10 3.7694E-10 4.0575E-10 4.3474E-10 4.6501E-10 4.9520E-10 5.2640E-10 5.5731E-10 5.8972E-10 6.2030E-10 6.5549E-10 6.8995E-10 1.0710E-09 1.7484E-09 2.6183E-09 3.5248E-09 4.5861E-09 5.8634E-09 7.4255E-09 9.3654E-09 1.1738E-08 1.4587E-08 1.7985E-08 2.1979E-08 2.6557E-08 2.8952E-08 3.1882E-08 3.6986E-08 4.2982E-08 4.7470E-08 5.0897E-08 5.3299E-08 5.9019E-08 6.5376E-08 6.8408E-08 6.9587E-08 6.8434E-08 7.2873E-08 7.6906E-08 7.1820E-08 6.7306E-08 6.8203E-08 6.9383E-08 6.5910E-08 6.0393E-08 5.4149E-08 5.2727E-08 4.7662E-08 3.6435E-08 3.5085E-08 3.3653E-08 2.5072E-08 1.9875E-08 1.8719E-08
2.7067E-10 2.9652E-10 3.2200E-10 3.5009E-10 3.7747E-10 4.0660E-10 4.3595E-10 4.6592E-10 4.9720E-10 5.2884E-10 5.6020E-10 5.9242E-10 6.2418E-10 6.5728E-10 6.9474E-10 1.1627E-09 1.8960E-09 2.7870E-09 3.7379E-09 4.8228E-09 6.1261E-09 7.7278E-09 9.7495E-09 1.2181E-08 1.5077E-08 1.6858E-08 1.9157E-08 2.2848E-08 2.7292E-08 3.0924E-08 3.4080E-08 3.6700E-08 4.1807E-08 4.7664E-08 5.1314E-08 5.0120E-08 5.4308E-08 5.9592E-08 6.4814E-08 6.1811E-08 6.0028E-08 6.2629E-08 6.5559E-08 6.4035E-08 6.0379E-08 5.5425E-08 5.5358E-08 5.5514E-08 4.6099E-08 3.9551E-08 3.8718E-08 3.7707E-08 2.4281E-08 2.2760E-08 2.1735E-08 1.7564E-08 9.7955E-09
2.7032E-10 2.9618E-10 3.2179E-10 3.4957E-10 3.7778E-10 4.0669E-10 4.3692E-10 4.6728E-10 4.9896E-10 5.3103E-10 5.6285E-10 5.9554E-10 6.2780E-10 6.6073E-10 6.9622E-10 1.2426E-09 2.0469E-09 2.9621E-09 3.9109E-09 5.0082E-09 6.3703E-09 8.0216E-09 9.1379E-09 1.0698E-08 1.3047E-08 1.5983E-08 1.8590E-08 2.1040E-08 2.3108E-08 2.7278E-08 3.1964E-08 3.5337E-08 3.5209E-08 3.9505E-08 4.4604E-08 4.9910E-08 4.8844E-08 4.8802E-08 5.2452E-08 5.6528E-08 5.6806E-08 5.5115E-08 5.1428E-08 5.3276E-08 5.4858E-08 5.6009E-08 4.1762E-08 4.1153E-08 4.1015E-08 3.6661E-08 2.5828E-08 2.5122E-08 2.4334E-08 1.6007E-08 1.1007E-08 1.0440E-08 9.9044E-09
2.6989E-10 2.9520E-10 3.2142E-10 3.4938E-10 3.7787E-10 4.0708E-10 4.3766E-10 4.6839E-10 5.0046E-10 5.3225E-10 5.6522E-10 5.9838E-10 6.3113E-10 6.6459E-10 7.0047E-10 1.3313E-09 2.1868E-09 3.1138E-09 3.9363E-09 4.7171E-09 5.6382E-09 7.0154E-09 8.7614E-09 1.0386E-08 1.2049E-08 1.3568E-08 1.6432E-08 1.9770E-08 2.2416E-08 2.2903E-08 2.6449E-08 3.0698E-08 3.5318E-08 3.5444E-08 3.6417E-08 4.0243E-08 4.4611E-08 4.6080E-08 4.6000E-08 4.3982E-08 4.6917E-08 4.9662E-08 5.2096E-08 5.0257E-08 4.0269E-08 4.1107E-08 4.1696E-08 3.3018E-08 2.6965E-08 2.6677E-08 2.6241E-08 1.2999E-08 1.1994E-08 1.1513E-08 1.1030E-08 1.0546E-08 1.0052E-08
2.6939E-10 2.9469E-10 3.2091E-10 3.4900E-10 3.7773E-10 4.0666E-10 4.3815E-10 4.6851E-10 5.0170E-10 5.3390E-10 5.6732E-10 6.0024E-10 6.3419E-10 6.6816E-10 7.0154E-10 1.3406E-09 2.1229E-09 2.8211E-09 3.6312E-09 4.5719E-09 5.4941E-09 6.5049E-09 7.4941E-09 9.2535E-09 1.1381E-08 1.3187E-08 1.3814E-08 1.6355E-08 1.9484E-08 2.1854E-08 2.3672E-08 2.4995E-08 2.8395E-08 3.2362E-08 3.4334E-08 3.5214E-08 3.4538E-08 3.7893E-08 4.1243E-08 4.4484E-08 4.7523E-08 4.2061E-08 3.7916E-08 3.9434E-08 4.0699E-08 2.7363E-08 2.7060E-08 2.7232E-08 2.3366E-08 1.2923E-08 1.2616E-08 1.2291E-08 1.1908E-08 1.1518E-08 1.1102E-08 1.0656E-08 1.0212E-08
2.6883E-10 2.9409E-10 3.2032E-10 3.4789E-10 3.7735E-10 4.0658E-10 4.3838E-10 4.6910E-10 5.0266E-10 5.3527E-10 5.6913E-10 6.0251E-10 6.3695E-10 6.7071E-10 7.0534E-10 1.3043E-09 2.1048E-09 2.7916E-09 3.2550E-09 3.9769E-09 4.9670E-09 6.1865E-09 6.8739E-09 7.8304E-09 9.4690E-09 1.1520E-08 1.3176E-08 1.4630E-08 1.5844E-08 1.8481E-08 2.1634E-08 2.3543E-08 2.4789E-08 2.4968E-08 2.8164E-08 3.1496E-08 3.4894E-08 3.8295E-08 4.1657E-08 3.2747E-08 3.4328E-08 3.6351E-08 3.4613E-08 2.5351E-08 2.6113E-08 2.6727E-08 1.8606E-08 1.2866E-08 1.2787E-08 1.2655E-08 1.2454E-08 1.2183E-08 1.1888E-08 1.1555E-08 1.1173E-08 1.0791E-08 1.0393E-08
2.6817E-10 2.9280E-10 3.1961E-10 3.4718E-10 3.7677E-10 4.0624E-10 4.3834E-10 4.6941E-10 5.0333E-10 5.3562E-10 5.7062E-10 6.0448E-10 6.3939E-10 6.7366E-10 7.0881E-10 1.1890E-09 1.8776E-09 2.5785E-09 3.2686E-09 3.6676E-09 4.2560E-09 5.2067E-09 6.4395E-09 7.4768E-09 8.4766E-09 9.4248E-09 1.1215E-08 1.3418E-08 1.4941E-08 1.4552E-08 1.6656E-08 1.9296E-08 2.2170E-08 2.5240E-08 2.8454E-08 3.1780E-08 3.2628E-08 2.7542E-08 2.9917E-08 3.2246E-08 2.7134E-08 2.3131E-08 2.4259E-08 2.5246E-08 1.2740E-08 1.2356E-08 1.2485E-08 1.2551E-08 1.2547E-08 1.2459E-08 1.2323E-08 1.2132E-08 1.1892E-08 1.1595E-08 1.1283E-08 1.0943E-08 1.0562E-08
2.6741E-10 2.9201E-10 3.1880E-10 3.4576E-10 3.7601E-10 4.0564E-10 4.3803E-10 4.6943E-10 5.0370E-10 5.3640E-10 5.7182E-10 6.0538E-10 6.4151E-10 6.7629E-10 7.1196E-10 1.2261E-09 1.7436E-09 2.2689E-09 2.8132E-09 3.4802E-09 4.0801E-09 4.6847E-09 5.2686E-09 6.4343E-09 7.8206E-09 8.8736E-09 8.8556E-09 1.0373E-08 1.2286E-08 1.4450E-08 1.6859E-08 1.9505E-08 2.2368E-08 2.5412E-08 2.1257E-08 2.2766E-08 2.5153E-08 2.7554E-08 1.9090E-08 2.0361E-08 2.1715E-08 1.9794E-08 1.1102E-08 1.1446E-08 1.1764E-08 1.2017E-08 1.2176E-08 1.2294E-08 1.2344E-08 1.2330E-08 1.2246E-08 1.2090E-08 1.1904E-08 1.1673E-08 1.1396E-08 1.1079E-08 1.0758E-08
