Assets/Resources/2015_m01_d29_0300(utc+0800)_l00_csi_1hr_conc.grd
DSAA
         159         159
     -79.000      79.000
     -79.000      79.000
  0.0000E+00  0.2257E-04
[rows 50 to 74 of 159, columns 0 to 56 of 159]
1.2410E-11 1.5720E-11 1.9395E-11 2.2653E-11 2.7029E-11 3.2040E-11 3.7572E-11 4.3668E-11 4.8051E-11 5.5436E-11 6.2649E-11 6.9645E-11 7.7471E-11 8.4847E-11 9.2762E-11 1.0124E-10 1.1050E-10 1.2126E-10 1.3264E-10 1.4479E-10 1.5692E-10 1.7063E-10 1.8528E-10 2.0051E-10 2.1603E-10 2.3236E-10 2.4951E-10 2.6747E-10 2.9134E-10 3.2319E-10 3.5682E-10 3.9422E-10 4.2802E-10 4.6455E-10 5.0064E-10 5.3929E-10 5.8245E-10 6.2691E-10 6.7612E-10 7.2733E-10 7.8589E-10 8.4740E-10 9.1718E-10 9.8840E-10 1.0691E-09 1.1519E-09 1.2409E-09 1.3334E-09 1.4322E-09 1.5497E-09 1.7020E-09 1.8440E-09 2.0004E-09 2.1743E-09 2.3589E-09 2.5523E-09 2.7499E-09
8.1120E-12 1.2402E-11 1.6237E-11 2.0158E-11 2.3954E-11 2.7117E-11 3.2198E-11 3.7813E-11 4.4004E-11 5.0817E-11 5.7466E-11 6.3105E-11 7.1155E-11 7.7949E-11 8.5241E-11 9.3049E-11 1.0141E-10 1.1137E-10 1.2186E-10 1.3316E-10 1.4453E-10 1.5696E-10 1.7061E-10 1.8501E-10 1.9939E-10 2.1454E-10 2.3046E-10 2.4714E-10 2.6620E-10 2.9800E-10 3.2979E-10 3.6724E-10 3.9934E-10 4.3405E-10 4.6832E-10 5.0512E-10 5.4637E-10 5.8888E-10 6.3610E-10 6.8531E-10 7.4187E-10 8.0122E-10 8.6895E-10 9.3808E-10 1.0167E-09 1.0975E-09 1.1845E-09 1.2749E-09 1.3717E-09 1.4767E-09 1.5907E-09 1.7394E-09 1.8991E-09 2.0687E-09 2.2491E-09 2.4387E-09 2.6288E-09
5.5100E-12 8.5531E-12 1.3355E-11 1.6684E-11 2.0643E-11 2.4700E-11 2.8645E-11 3.3791E-11 3.8707E-11 4.4184E-11 5.1085E-11 5.7772E-11 6.5217E-11 7.1460E-11 7.8163E-11 8.5342E-11 9.3015E-11 1.0182E-10 1.1173E-10 1.2215E-10 1.3287E-10 1.4416E-10 1.5672E-10 1.7015E-10 1.8365E-10 1.9767E-10 2.1241E-10 2.2787E-10 2.4404E-10 2.7235E-10 3.0402E-10 3.4145E-10 3.7181E-10 4.0479E-10 4.3729E-10 4.7225E-10 5.1160E-10 5.5216E-10 5.9733E-10 6.4450E-10 6.9901E-10 7.5620E-10 8.2180E-10 8.8873E-10 9.6519E-10 1.0437E-09 1.1287E-09 1.2167E-09 1.3111E-09 1.4141E-09 1.5226E-09 1.6392E-09 1.7744E-09 1.9570E-09 2.1391E-09 2.3278E-09 2.5151E-09
2.7967E-12 5.4774E-12 8.9868E-12 1.3274E-11 1.7092E-11 2.0556E-11 2.4637E-11 2.9340E-11 3.4547E-11 4.0299E-11 4.6638E-11 5.2777E-11 5.8856E-11 6.5373E-11 7.1521E-11 7.8108E-11 8.5149E-11 9.2923E-11 1.0207E-10 1.1177E-10 1.2190E-10 1.3210E-10 1.4368E-10 1.5609E-10 1.6879E-10 1.8175E-10 1.9537E-10 2.0966E-10 2.2462E-10 2.4797E-10 2.8116E-10 3.1500E-10 3.4553E-10 3.7681E-10 4.0756E-10 4.4070E-10 4.7816E-10 5.1677E-10 5.5984E-10 6.0495E-10 6.5734E-10 7.1234E-10 7.7567E-10 8.4027E-10 9.1442E-10 9.9058E-10 1.0734E-09 1.1590E-09 1.2510E-09 1.3514E-09 1.4577E-09 1.5727E-09 1.6941E-09 1.8346E-09 2.0125E-09 2.2088E-09 2.3941E-09
0.0000E+00 2.7458E-12 4.5088E-12 8.8968E-12 1.3142E-11 1.7674E-11 2.1141E-11 2.5243E-11 2.9979E-11 3.4446E-11 4.0238E-11 4.6627E-11 5.3707E-11 5.9677E-11 6.5304E-11 7.1335E-11 7.7783E-11 8.4693E-11 9.3080E-11 1.0192E-10 1.1142E-10 1.2085E-10 1.3129E-10 1.4283E-10 1.5481E-10 1.6675E-10 1.7931E-10 1.9250E-10 2.0631E-10 2.2665E-10 2.5606E-10 2.9160E-10 3.2049E-10 3.5010E-10 3.7914E-10 4.1049E-10 4.4596E-10 4.8269E-10 5.2358E-10 5.6658E-10 6.1678E-10 6.6961E-10 7.3064E-10 7.9290E-10 8.6469E-10 9.3844E-10 1.0189E-09 1.1021E-09 1.1917E-09 1.2894E-09 1.3931E-09 1.5059E-09 1.6246E-09 1.7630E-09 1.9112E-09 2.0713E-09 2.2594E-09
0.0000E+00 0.0000E+00 2.6851E-12 4.4361E-12 8.7731E-12 1.1158E-11 1.7478E-11 2.1656E-11 2.5775E-11 3.0539E-11 3.5815E-11 4.1645E-11 4.7346E-11 5.3591E-11 5.9500E-11 6.5010E-11 7.0902E-11 7.7189E-11 8.4447E-11 9.2812E-11 1.0153E-10 1.1043E-10 1.1976E-10 1.3026E-10 1.4150E-10 1.5267E-10 1.6423E-10 1.7637E-10 1.8909E-10 2.0812E-10 2.3416E-10 2.6761E-10 2.9666E-10 3.2462E-10 3.5189E-10 3.8152E-10 4.1491E-10 4.4978E-10 4.8862E-10 5.2955E-10 5.7761E-10 6.2837E-10 6.8713E-10 7.4708E-10 8.1651E-10 8.8781E-10 9.6589E-10 1.0465E-09 1.1334E-09 1.2281E-09 1.3289E-09 1.4387E-09 1.5547E-09 1.6904E-09 1.8355E-09 1.9940E-09 2.1516E-09
0.0000E+00 0.0000E+00 0.0000E+00 9.1663E-13 4.3474E-12 8.6172E-12 1.1480E-11 1.7218E-11 2.1895E-11 2.5488E-11 3.0990E-11 3.6290E-11 4.3004E-11 4.8706E-11 5.4097E-11 5.9119E-11 6.4491E-11 7.0225E-11 7.6517E-11 8.4145E-11 9.2197E-11 1.0069E-10 1.0902E-10 1.1863E-10 1.2895E-10 1.3948E-10 1.5009E-10 1.6125E-10 1.7295E-10 1.8917E-10 2.1196E-10 2.4494E-10 2.7401E-10 3.0037E-10 3.2576E-10 3.5379E-10 3.8530E-10 4.1832E-10 4.5512E-10 4.9422E-10 5.4017E-10 5.8892E-10 6.4540E-10 7.0294E-10 7.6987E-10 8.3856E-10 9.1396E-10 9.9178E-10 1.0758E-09 1.1674E-09 1.2649E-09 1.3714E-09 1.4841E-09 1.6169E-09 1.7586E-09 1.9150E-09 2.0697E-09
0.0000E+00 0.0000E+00 0.0000E+00 0.0000E+00 0.0000E+00 4.2438E-12 7.5883E-12 1.1264E-11 1.6006E-11 2.2300E-11 2.6610E-11 3.0610E-11 3.6715E-11 4.2677E-11 4.8340E-11 5.3647E-11 5.8535E-11 6.3753E-11 6.9310E-11 7.6061E-11 8.3500E-11 9.1351E-11 9.9136E-11 1.0760E-10 1.1710E-10 1.2715E-10 1.3688E-10 1.4711E-10 1.5779E-10 1.7291E-10 1.9425E-10 2.2207E-10 2.5091E-10 2.7751E-10 3.0110E-10 3.2750E-10 3.5709E-10 3.8855E-10 4.2320E-10 4.6056E-10 5.0435E-10 5.5105E-10 6.0513E-10 6.6019E-10 7.2452E-10 7.9050E-10 8.6307E-10 9.3798E-10 1.0190E-09 1.1072E-09 1.2011E-09 1.3043E-09 1.4134E-09 1.5425E-09 1.6811E-09 1.8342E-09 1.9857E-09
0.0000E+00 0.0000E+00 0.0000E+00 0.0000E+00 0.0000E+00 0.0000E+00 2.9025E-12 6.0550E-12 1.1289E-11 1.5017E-11 2.1452E-11 2.6178E-11 3.1711E-11 3.7094E-11 4.2205E-11 4.7809E-11 5.3014E-11 5.7752E-11 6.2800E-11 6.8451E-11 7.5414E-11 8.2657E-11 9.0038E-11 9.7508E-11 1.0612E-10 1.1535E-10 1.2457E-10 1.3390E-10 1.4365E-10 1.5772E-10 1.7616E-10 2.0229E-10 2.2926E-10 2.5608E-10 2.7788E-10 3.0268E-10 3.3026E-10 3.6022E-10 3.9271E-10 4.2834E-10 4.6995E-10 5.1462E-10 5.6628E-10 6.1884E-10 6.8051E-10 7.4372E-10 8.1335E-10 8.8524E-10 9.6295E-10 1.0475E-09 1.1380E-09 1.2374E-09 1.3425E-09 1.4677E-09 1.6024E-09 1.7515E-09 1.8984E-09
0.0000E+00 0.0000E+00 0.0000E+00 0.0000E+00 0.0000E+00 0.0000E+00 0.0000E+00 1.9267E-12 5.1107E-12 1.0584E-11 1.3748E-11 2.0551E-11 2.7148E-11 3.1988E-11 3.7358E-11 4.2419E-11 4.7117E-11 5.2205E-11 5.6779E-11 6.1640E-11 6.7803E-11 7.4403E-11 8.1416E-11 8.8195E-11 9.5837E-11 1.0436E-10 1.1311E-10 1.2159E-10 1.3049E-10 1.4356E-10 1.5931E-10 1.8373E-10 2.0897E-10 2.3399E-10 2.5595E-10 2.7916E-10 3.0476E-10 3.3328E-10 3.6363E-10 3.9755E-10 4.3699E-10 4.7966E-10 5.2889E-10 5.7893E-10 6.3789E-10 6.9829E-10 7.6487E-10 8.3359E-10 9.0769E-10 9.8877E-10 1.0755E-09 1.1708E-09 1.2719E-09 1.3924E-09 1.5219E-09 1.6667E-09 1.8084E-09
0.0000E+00 0.0000E+00 0.0000E+00 0.0000E+00 0.0000E+00 0.0000E+00 0.0000E+00 0.0000E+00 0.0000E+00 4.5483E-12 8.1081E-12 1.2958E-11 2.0573E-11 2.5730E-11 3.1398E-11 3.6717E-11 4.2484E-11 4.7088E-11 5.1224E-11 5.5622E-11 6.0662E-11 6.6915E-11 7.3317E-11 7.9783E-11 8.6397E-11 9.4035E-11 1.0218E-10 1.1017E-10 1.1827E-10 1.3040E-10 1.4469E-10 1.6644E-10 1.9160E-10 2.1507E-10 2.3526E-10 2.5694E-10 2.8064E-10 3.0772E-10 3.3604E-10 3.6817E-10 4.0549E-10 4.4619E-10 4.9298E-10 5.4050E-10 5.9672E-10 6.5429E-10 7.1771E-10 7.8286E-10 8.5346E-10 9.3100E-10 1.0136E-09 1.1049E-09 1.2018E-09 1.3170E-09 1.4410E-09 1.5798E-09 1.7160E-09
0.0000E+00 0.0000E+00 0.0000E+00 0.0000E+00 0.0000E+00 0.0000E+00 0.0000E+00 0.0000E+00 0.0000E+00 0.0000E+00 3.5381E-12 5.5534E-12 1.1556E-11 1.8730E-11 2.5494E-11 3.0643E-11 3.6732E-11 4.1640E-11 4.6114E-11 5.0082E-11 5.4305E-11 5.9785E-11 6.5642E-11 7.1853E-11 7.7759E-11 8.4503E-11 9.1995E-11 9.9600E-11 1.0696E-10 1.1820E-10 1.3055E-10 1.5176E-10 1.7376E-10 1.9732E-10 2.1611E-10 2.3574E-10 2.5793E-10 2.8329E-10 3.0988E-10 3.4009E-10 3.7526E-10 4.1422E-10 4.5858E-10 5.0358E-10 5.5706E-10 6.1172E-10 6.7156E-10 7.3329E-10 8.0047E-10 8.7409E-10 9.5265E-10 1.0399E-09 1.1321E-09 1.2419E-09 1.3598E-09 1.4920E-09 1.6226E-09
0.0000E+00 0.0000E+00 0.0000E+00 0.0000E+00 0.0000E+00 0.0000E+00 0.0000E+00 0.0000E+00 0.0000E+00 0.0000E+00 0.0000E+00 2.5203E-12 5.4768E-12 1.0396E-11 1.5401E-11 2.4006E-11 2.9482E-11 3.5000E-11 4.0226E-11 4.4997E-11 4.8789E-11 5.3162E-11 5.8730E-11 6.4388E-11 7.0025E-11 7.5736E-11 8.2401E-11 8.9566E-11 9.6519E-11 1.0691E-10 1.1836E-10 1.3663E-10 1.5717E-10 1.7900E-10 1.9815E-10 2.1598E-10 2.3657E-10 2.5997E-10 2.8515E-10 3.1319E-10 3.4662E-10 3.8338E-10 4.2570E-10 4.6821E-10 5.1892E-10 5.7043E-10 6.2667E-10 6.8511E-10 7.4845E-10 8.1837E-10 8.9290E-10 9.7559E-10 1.0631E-09 1.1671E-09 1.2784E-09 1.4040E-09 1.5286E-09
0.0000E+00 0.0000E+00 0.0000E+00 0.0000E+00 0.0000E+00 0.0000E+00 0.0000E+00 0.0000E+00 0.0000E+00 0.0000E+00 0.0000E+00 0.0000E+00 1.2348E-12 4.5646E-12 8.7795E-12 1.4163E-11 2.1254E-11 2.7032E-11 3.4004E-11 3.8719E-11 4.3320E-11 4.6907E-11 5.2102E-11 5.7304E-11 6.2708E-11 6.7801E-11 7.3630E-11 8.0187E-11 8.6902E-11 9.6504E-11 1.0710E-10 1.2232E-10 1.4144E-10 1.6196E-10 1.8133E-10 1.9747E-10 2.1656E-10 2.3792E-10 2.6187E-10 2.8764E-10 3.1946E-10 3.5397E-10 3.9436E-10 4.3442E-10 4.8213E-10 5.3035E-10 5.8342E-10 6.3817E-10 6.9769E-10 7.6385E-10 8.3407E-10 9.1221E-10 9.9506E-10 1.0926E-09 1.1973E-09 1.3161E-09 1.4344E-09
0.0000E+00 0.0000E+00 0.0000E+00 0.0000E+00 0.0000E+00 0.0000E+00 0.0000E+00 0.0000E+00 0.0000E+00 0.0000E+00 0.0000E+00 0.0000E+00 0.0000E+00 4.9845E-13 4.0283E-12 6.6709E-12 1.2933E-11 1.8410E-11 2.4521E-11 3.1393E-11 3.5892E-11 4.1103E-11 4.5154E-11 5.0470E-11 5.5389E-11 6.0802E-11 6.5665E-11 7.1466E-11 7.7707E-11 8.6924E-11 9.6713E-11 1.1050E-10 1.2651E-10 1.4767E-10 1.6395E-10 1.8028E-10 1.9758E-10 2.1728E-10 2.3984E-10 2.6354E-10 2.9376E-10 3.2608E-10 3.6459E-10 4.0192E-10 4.4650E-10 4.9190E-10 5.4165E-10 5.9232E-10 6.4815E-10 7.1035E-10 7.7648E-10 8.4988E-10 9.2748E-10 1.0188E-09 1.1171E-09 1.2288E-09 1.3406E-09
0.0000E+00 0.0000E+00 0.0000E+00 0.0000E+00 0.0000E+00 0.0000E+00 0.0000E+00 0.0000E+00 0.0000E+00 0.0000E+00 0.0000E+00 0.0000E+00 0.0000E+00 2.0384E-13 6.5210E-13 3.0195E-12 5.1128E-12 1.0496E-11 1.4864E-11 2.1989E-11 2.9159E-11 3.3457E-11 3.8034E-11 4.2277E-11 4.8119E-11 5.3218E-11 5.8127E-11 6.2985E-11 6.9090E-11 7.8037E-11 8.7162E-11 1.0001E-10 1.1222E-10 1.3356E-10 1.4943E-10 1.6451E-10 1.7993E-10 1.9790E-10 2.1872E-10 2.4087E-10 2.6906E-10 2.9942E-10 3.3608E-10 3.7069E-10 4.1252E-10 4.5487E-10 5.0110E-10 5.4806E-10 6.0004E-10 6.5792E-10 7.2003E-10 7.8835E-10 8.6077E-10 9.4628E-10 1.0380E-09 1.1424E-09 1.2485E-09
0.0000E+00 0.0000E+00 0.0000E+00 0.0000E+00 0.0000E+00 0.0000E+00 0.0000E+00 0.0000E+00 0.0000E+00 0.0000E+00 0.0000E+00 0.0000E+00 0.0000E+00 0.0000E+00 4.2987E-13 6.8788E-13 1.2901E-12 4.5441E-12 8.8348E-12 1.3541E-11 1.9957E-11 2.6133E-11 3.0953E-11 3.5380E-11 3.9798E-11 4.4942E-11 4.9751E-11 5.4272E-11 6.0005E-11 6.9167E-11 7.7975E-11 8.9908E-11 1.0018E-10 1.1831E-10 1.3565E-10 1.4983E-10 1.6356E-10 1.8011E-10 1.9884E-10 2.1991E-10 2.4561E-10 2.7430E-10 3.0819E-10 3.4096E-10 3.7993E-10 4.1901E-10 4.6195E-10 5.0514E-10 5.5343E-10 6.0695E-10 6.6494E-10 7.2776E-10 7.9555E-10 8.7487E-10 9.5895E-10 1.0534E-09 1.1532E-09
0.0000E+00 0.0000E+00 0.0000E+00 0.0000E+00 0.0000E+00 0.0000E+00 0.0000E+00 0.0000E+00 0.0000E+00 0.0000E+00 0.0000E+00 0.0000E+00 0.0000E+00 0.0000E+00 1.2922E-13 6.4079E-13 7.2251E-13 8.1291E-13 3.9871E-12 6.4418E-12 1.1722E-11 1.6670E-11 2.3369E-11 2.8455E-11 3.2968E-11 3.7405E-11 4.2235E-11 4.6540E-11 5.0916E-11 5.8806E-11 6.8127E-11 7.9463E-11 8.8638E-11 1.0138E-10 1.1900E-10 1.3496E-10 1.4814E-10 1.6274E-10 1.7976E-10 1.9968E-10 2.2315E-10 2.4994E-10 2.8130E-10 3.1222E-10 3.4804E-10 3.8411E-10 4.2310E-10 4.6266E-10 5.0731E-10 5.5637E-10 6.0991E-10 6.6726E-10 7.3044E-10 8.0365E-10 8.8340E-10 9.7117E-10 1.0640E-09
0.0000E+00 0.0000E+00 0.0000E+00 0.0000E+00 0.0000E+00 0.0000E+00 0.0000E+00 0.0000E+00 0.0000E+00 0.0000E+00 0.0000E+00 0.0000E+00 0.0000E+00 0.0000E+00 0.0000E+00 3.1745E-13 6.7160E-13 7.5563E-13 8.4834E-13 2.2067E-12 5.0229E-12 9.6383E-12 1.4451E-11 2.1114E-11 2.5478E-11 3.0147E-11 3.4763E-11 3.9371E-11 4.3254E-11 5.0216E-11 5.8341E-11 7.0216E-11 7.8736E-11 8.8335E-11 1.0192E-10 1.2038E-10 1.3253E-10 1.4581E-10 1.6117E-10 1.7903E-10 2.0058E-10 2.2502E-10 2.5438E-10 2.8334E-10 3.1639E-10 3.4968E-10 3.8637E-10 4.2247E-10 4.6275E-10 5.0731E-10 5.5691E-10 6.0966E-10 6.6835E-10 7.3547E-10 8.1022E-10 8.9161E-10 9.7828E-10
0.0000E+00 0.0000E+00 0.0000E+00 0.0000E+00 0.0000E+00 0.0000E+00 0.0000E+00 0.0000E+00 0.0000E+00 0.0000E+00 0.0000E+00 0.0000E+00 0.0000E+00 0.0000E+00 0.0000E+00 1.8989E-14 5.0626E-13 7.0087E-13 7.8535E-13 8.5481E-13 9.2981E-13 4.3760E-12 7.6058E-12 1.2482E-11 1.6616E-11 2.1783E-11 2.7816E-11 3.2163E-11 3.6522E-11 4.2600E-11 4.9908E-11 6.0523E-11 6.9717E-11 7.8311E-11 8.7514E-11 1.0322E-10 1.1890E-10 1.3055E-10 1.4434E-10 1.5999E-10 1.8028E-10 2.0209E-10 2.2930E-10 2.5562E-10 2.8678E-10 3.1731E-10 3.5092E-10 3.8396E-10 4.2029E-10 4.6048E-10 5.0533E-10 5.5390E-10 6.0844E-10 6.7123E-10 7.4038E-10 8.1451E-10 8.9055E-10
0.0000E+00 0.0000E+00 0.0000E+00 0.0000E+00 0.0000E+00 0.0000E+00 0.0000E+00 0.0000E+00 0.0000E+00 0.0000E+00 0.0000E+00 0.0000E+00 0.0000E+00 0.0000E+00 0.0000E+00 0.0000E+00 1.6882E-13 6.5180E-13 7.0970E-13 7.7227E-13 8.3980E-13 9.1261E-13 2.4933E-12 5.3659E-12 1.0283E-11 1.3787E-11 1.8823E-11 2.5632E-11 2.9671E-11 3.6028E-11 4.2209E-11 5.1913E-11 6.0161E-11 6.9390E-11 7.5938E-11 8.7424E-11 1.0374E-10 1.1655E-10 1.2856E-10 1.4207E-10 1.6035E-10 1.7999E-10 2.0513E-10 2.2953E-10 2.5933E-10 2.8706E-10 3.1779E-10 3.4759E-10 3.7975E-10 4.1621E-10 4.5712E-10 5.0145E-10 5.5129E-10 6.0605E-10 6.6934E-10 7.4111E-10 8.1087E-10
0.0000E+00 0.0000E+00 0.0000E+00 0.0000E+00 0.0000E+00 0.0000E+00 0.0000E+00 0.0000E+00 0.0000E+00 0.0000E+00 0.0000E+00 0.0000E+00 0.0000E+00 0.0000E+00 0.0000E+00 0.0000E+00 0.0000E+00 1.7687E-13 5.0845E-13 6.9521E-13 7.5577E-13 8.2103E-13 8.9129E-13 9.6683E-13 4.1599E-12 7.2166E-12 1.0942E-11 1.5053E-11 2.2560E-11 2.9318E-11 3.5606E-11 4.4102E-11 5.1608E-11 6.0505E-11 6.6824E-11 7.4589E-11 8.8315E-11 1.0395E-10 1.1400E-10 1.2602E-10 1.4189E-10 1.6000E-10 1.8204E-10 2.0464E-10 2.3224E-10 2.5811E-10 2.8593E-10 3.1236E-10 3.4095E-10 3.7388E-10 4.1072E-10 4.5245E-10 4.9833E-10 5.4841E-10 6.0228E-10 6.5961E-10 7.3001E-10
0.0000E+00 0.0000E+00 0.0000E+00 0.0000E+00 0.0000E+00 0.0000E+00 0.0000E+00 0.0000E+00 0.0000E+00 0.0000E+00 0.0000E+00 0.0000E+00 0.0000E+00 0.0000E+00 0.0000E+00 0.0000E+00 0.0000E+00 0.0000E+00 2.5263E-14 3.2580E-13 6.7765E-13 7.3591E-13 7.9860E-13 8.6596E-13 9.3825E-13 2.4937E-12 5.1225E-12 8.4262E-12 1.3205E-11 1.9034E-11 2.9093E-11 3.7332E-11 4.3853E-11 5.1494E-11 5.8243E-11 6.4665E-11 7.3727E-11 8.7530E-11 1.0069E-10 1.1097E-10 1.2441E-10 1.4061E-10 1.6045E-10 1.8145E-10 2.0676E-10 2.3087E-10 2.5552E-10 2.7922E-10 3.0502E-10 3.3400E-10 3.6700E-10 4.0576E-10 4.4748E-10 4.9399E-10 5.4338E-10 5.9612E-10 6.5098E-10
0.0000E+00 0.0000E+00 0.0000E+00 0.0000E+00 0.0000E+00 0.0000E+00 0.0000E+00 0.0000E+00 0.0000E+00 0.0000E+00 0.0000E+00 0.0000E+00 0.0000E+00 0.0000E+00 0.0000E+00 0.0000E+00 0.0000E+00 0.0000E+00 0.0000E+00 0.0000E+00 1.3557E-13 4.5102E-13 7.1283E-13 7.7264E-13 8.3679E-13 9.0551E-13 9.7902E-13 4.1074E-12 6.1136E-12 1.2537E-11 1.9100E-11 2.9294E-11 3.7050E-11 4.3770E-11 4.8667E-11 5.5111E-11 6.2111E-11 7.2151E-11 8.5867E-11 9.7218E-11 1.0890E-10 1.2287E-10 1.4130E-10 1.5924E-10 1.8205E-10 2.0450E-10 2.2709E-10 2.4835E-10 2.7149E-10 2.9705E-10 3.2732E-10 3.6164E-10 3.9948E-10 4.4152E-10 4.8685E-10 5.3530E-10 5.8582E-10
0.0000E+00 0.0000E+00 0.0000E+00 0.0000E+00 0.0000E+00 0.0000E+00 0.0000E+00 0.0000E+00 0.0000E+00 0.0000E+00 0.0000E+00 0.0000E+00 0.0000E+00 0.0000E+00 0.0000E+00 0.0000E+00 0.0000E+00 0.0000E+00 0.0000E+00 0.0000E+00 0.0000E+00 0.0000E+00 0.0000E+00 5.4250E-13 7.4335E-13 8.0402E-13 8.6886E-13 9.3807E-13 1.0118E-12 7.6338E-12 1.0248E-11 2.1163E-11 2.6728E-11 3.5962E-11 4.1549E-11 4.6133E-11 5.2208E-11 6.0126E-11 7.0863E-11 8.2926E-11 9.4780E-11 1.0663E-10 1.2253E-10 1.3861E-10 1.5930E-10 1.7967E-10 2.0075E-10 2.1972E-10 2.4040E-10 2.6391E-10 2.9049E-10 3.2067E-10 3.5528E-10 3.9243E-10 4.3363E-10 4.7764E-10 5.2367E-10
