Assets/Resources/2015_m01_d24_0600(utc+0800)_l00_csi_1hr_conc.grd
DSAA
         159         159
     -79.000      79.000
     -79.000      79.000
  0.0000E+00  0.9275E-05
[rows 75 to 99 of 159, columns 57 to 113 of 159]
4.4326E-09 4.8072E-09 5.2137E-09 5.6561E-09 6.1371E-09 6.6592E-09 7.2259E-09 7.8390E-09 8.5017E-09 9.2169E-09 9.9875E-09 1.0817E-08 1.1706E-08 1.2660E-08 1.3679E-08 1.4768E-08 1.5927E-08 1.7166E-08 6.2441E-07 3.6837E-06 7.6820E-07 2.2886E-08 2.4550E-08 2.6312E-08 2.8178E-08 3.0155E-08 3.2258E-08 3.4504E-08 3.6920E-08 3.9552E-08 4.2459E-08 4.5614E-08 4.9168E-08 5.3016E-08 5.6200E-08 4.6702E-08 4.0602E-08 3.7838E-08 3.8327E-08 3.8869E-08 3.9478E-08 4.0251E-08 4.1022E-08 4.0404E-08 3.6916E-08 3.7293E-08 3.9112E-08 3.1925E-08 3.1056E-08 3.0159E-08 2.9228E-08 2.8277E-08 2.7315E-08 2.6329E-08 2.5341E-08 2.4097E-08 2.2864E-08
4.2242E-09 4.6020E-09 4.9869E-09 5.4057E-09 5.8610E-09 6.3557E-09 6.8917E-09 7.4721E-09 8.0995E-09 8.7769E-09 9.5072E-09 1.0293E-08 1.1137E-08 1.2041E-08 1.3010E-08 1.4044E-08 1.5147E-08 1.6321E-08 1.7568E-08 1.2482E-06 3.9090E-06 2.1840E-08 2.3451E-08 2.5165E-08 2.6992E-08 2.8944E-08 3.1041E-08 3.3311E-08 3.5800E-08 3.8568E-08 4.1572E-08 4.5012E-08 4.8638E-08 5.1073E-08 4.0657E-08 3.6063E-08 3.4798E-08 3.5356E-08 3.5955E-08 3.6620E-08 3.7422E-08 3.8190E-08 3.6883E-08 3.4576E-08 3.5282E-08 3.7328E-08 3.0340E-08 2.9614E-08 2.8865E-08 2.8066E-08 2.7257E-08 2.6409E-08 2.5559E-08 2.4631E-08 2.3508E-08 2.2388E-08 2.1275E-08
4.0396E-09 4.3955E-09 4.7585E-09 5.1533E-09 5.5829E-09 6.0488E-09 6.5539E-09 7.1008E-09 7.6923E-09 8.3311E-09 9.0197E-09 9.7608E-09 1.0557E-08 1.1412E-08 1.2327E-08 1.3305E-08 1.4349E-08 1.5463E-08 1.6656E-08 1.7935E-08 2.8439E-06 1.0787E-06 2.2322E-08 2.3989E-08 2.5780E-08 2.7714E-08 2.9821E-08 3.2143E-08 3.4738E-08 3.7574E-08 4.0849E-08 4.4199E-08 4.5415E-08 3.5577E-08 3.1623E-08 3.1761E-08 3.2368E-08 3.3008E-08 3.3713E-08 3.4522E-08 3.5253E-08 3.3705E-08 3.2303E-08 3.3158E-08 3.5233E-08 2.8636E-08 2.8048E-08 2.7439E-08 2.6768E-08 2.6096E-08 2.5362E-08 2.4648E-08 2.3781E-08 2.2782E-08 2.1778E-08 2.0772E-08 1.9774E-08
3.8409E-09 4.1658E-09 4.5305E-09 4.9013E-09 5.3041E-09 5.7413E-09 6.2152E-09 6.7284E-09 7.2835E-09 7.8828E-09 8.5291E-09 9.2249E-09 9.9728E-09 1.0776E-08 1.1636E-08 1.2558E-08 1.3543E-08 1.4603E-08 1.5742E-08 1.6964E-08 1.8271E-08 9.2750E-06 2.1178E-08 2.2802E-08 2.4565E-08 2.6494E-08 2.8635E-08 3.1019E-08 3.3678E-08 3.6723E-08 3.9772E-08 3.9158E-08 3.1085E-08 2.8164E-08 2.8779E-08 2.9417E-08 3.0082E-08 3.0809E-08 3.1610E-08 3.2242E-08 3.0745E-08 2.9974E-08 3.0990E-08 3.2160E-08 2.6846E-08 2.6392E-08 2.5909E-08 2.5364E-08 2.4822E-08 2.4198E-08 2.3616E-08 2.2813E-08 2.1937E-08 2.1048E-08 2.0152E-08 1.9256E-08 1.8361E-08
3.6389E-09 3.9638E-09 4.3040E-09 4.6508E-09 5.0273E-09 5.4357E-09 5.8786E-09 6.3580E-09 6.8763E-09 7.4360E-09 8.0396E-09 8.6897E-09 9.3889E-09 1.0140E-08 1.0946E-08 1.1809E-08 1.2743E-08 1.3748E-08 1.4828E-08 1.5987E-08 1.7234E-08 1.8579E-08 2.0035E-08 2.1623E-08 2.3369E-08 2.5317E-08 2.7486E-08 2.9940E-08 3.2716E-08 3.5425E-08 3.2967E-08 2.7370E-08 2.5260E-08 2.5899E-08 2.6549E-08 2.7222E-08 2.7957E-08 2.8738E-08 2.9186E-08 2.7737E-08 2.7631E-08 2.8728E-08 2.6020E-08 2.5009E-08 2.4676E-08 2.4304E-08 2.3882E-08 2.3445E-08 2.2944E-08 2.2478E-08 2.1747E-08 2.0992E-08 2.0217E-08 1.9429E-08 1.8635E-08 1.7837E-08 1.7041E-08
3.4630E-09 3.7510E-09 4.0594E-09 4.4043E-09 4.7547E-09 5.1348E-09 5.5466E-09 5.9923E-09 6.4741E-09 6.9944E-09 7.5555E-09 8.1600E-09 8.8104E-09 9.5096E-09 1.0261E-08 1.1076E-08 1.1954E-08 1.2900E-08 1.3918E-08 1.5017E-08 1.6205E-08 1.7497E-08 1.8910E-08 2.0473E-08 2.2224E-08 2.4173E-08 2.6406E-08 2.8902E-08 3.1201E-08 2.6947E-08 2.3737E-08 2.2519E-08 2.3157E-08 2.3805E-08 2.4472E-08 2.5202E-08 2.5939E-08 2.6120E-08 2.4857E-08 2.5311E-08 2.6477E-08 2.3339E-08 2.3157E-08 2.2932E-08 2.2661E-08 2.2351E-08 2.2010E-08 2.1624E-08 2.1221E-08 2.0610E-08 1.9969E-08 1.9304E-08 1.8622E-08 1.7927E-08 1.7224E-08 1.6518E-08 1.5812E-08
3.2686E-09 3.5396E-09 3.8319E-09 4.1461E-09 4.4884E-09 4.8406E-09 5.2219E-09 5.6344E-09 6.0802E-09 6.5615E-09 7.0807E-09 7.6402E-09 8.2425E-09 8.8922E-09 9.5965E-09 1.0358E-08 1.1179E-08 1.2065E-08 1.3023E-08 1.4063E-08 1.5197E-08 1.6442E-08 1.7825E-08 1.9380E-08 2.1112E-08 2.3118E-08 2.5317E-08 2.7094E-08 2.2322E-08 2.0383E-08 1.9960E-08 2.0584E-08 2.1216E-08 2.1868E-08 2.2571E-08 2.3266E-08 2.3123E-08 2.2434E-08 2.3048E-08 2.4258E-08 2.1412E-08 2.1319E-08 2.1189E-08 2.1009E-08 2.0798E-08 2.0544E-08 2.0264E-08 1.9921E-08 1.9421E-08 1.8889E-08 1.8330E-08 1.7749E-08 1.7150E-08 1.6540E-08 1.5921E-08 1.5298E-08 1.4677E-08
3.0882E-09 3.3329E-09 3.6066E-09 3.9100E-09 4.2303E-09 4.5552E-09 4.9067E-09 5.2869E-09 5.6976E-09 6.1409E-09 6.6192E-09 7.1347E-09 7.6922E-09 8.2971E-09 8.9514E-09 9.6582E-09 1.0423E-08 1.1251E-08 1.2153E-08 1.3138E-08 1.4224E-08 1.5433E-08 1.6799E-08 1.8325E-08 2.0103E-08 2.2008E-08 2.3119E-08 1.8853E-08 1.7319E-08 1.7601E-08 1.8200E-08 1.8807E-08 1.9435E-08 2.0100E-08 2.0742E-08 2.0489E-08 2.0230E-08 2.0874E-08 2.2057E-08 1.9538E-08 1.9521E-08 1.9472E-08 1.9372E-08 1.9248E-08 1.9074E-08 1.8887E-08 1.8601E-08 1.8203E-08 1.7772E-08 1.7312E-08 1.6828E-08 1.6322E-08 1.5800E-08 1.5265E-08 1.4723E-08 1.4178E-08 1.3632E-08
2.9128E-09 3.1485E-09 3.3979E-09 3.6774E-09 3.9615E-09 4.2806E-09 4.6034E-09 4.9523E-09 5.3291E-09 5.7358E-09 6.1744E-09 6.6500E-09 7.1659E-09 7.7243E-09 8.3283E-09 8.9826E-09 9.6930E-09 1.0467E-08 1.1316E-08 1.2253E-08 1.3300E-08 1.4480E-08 1.5817E-08 1.7367E-08 1.8993E-08 1.9272E-08 1.5905E-08 1.4902E-08 1.5453E-08 1.6020E-08 1.6595E-08 1.7189E-08 1.7810E-08 1.8381E-08 1.8158E-08 1.8155E-08 1.8831E-08 1.9718E-08 1.7739E-08 1.7787E-08 1.7804E-08 1.7773E-08 1.7725E-08 1.7620E-08 1.7516E-08 1.7282E-08 1.6977E-08 1.6639E-08 1.6270E-08 1.5875E-08 1.5457E-08 1.5020E-08 1.4566E-08 1.4100E-08 1.3628E-08 1.3152E-08 1.2676E-08
2.7518E-09 2.9496E-09 3.1919E-09 3.4486E-09 3.7167E-09 4.0034E-09 4.3140E-09 4.6330E-09 4.9773E-09 5.3488E-09 5.7524E-09 6.1899E-09 6.6635E-09 7.1763E-09 7.7323E-09 8.3368E-09 8.9966E-09 9.7209E-09 1.0523E-08 1.1421E-08 1.2431E-08 1.3588E-08 1.4915E-08 1.6279E-08 1.5768E-08 1.3606E-08 1.2996E-08 1.3521E-08 1.4050E-08 1.4586E-08 1.5142E-08 1.5716E-08 1.6193E-08 1.6007E-08 1.6224E-08 1.6890E-08 1.6552E-08 1.6035E-08 1.6135E-08 1.6203E-08 1.6232E-08 1.6241E-08 1.6202E-08 1.6169E-08 1.5984E-08 1.5761E-08 1.5506E-08 1.5220E-08 1.4907E-08 1.4570E-08 1.4212E-08 1.3835E-08 1.3444E-08 1.3041E-08 1.2632E-08 1.2219E-08 1.1745E-08
2.5780E-09 2.7661E-09 2.9869E-09 3.2177E-09 3.4514E-09 3.7425E-09 4.0399E-09 4.3306E-09 4.6444E-09 4.9853E-09 5.3546E-09 5.7543E-09 6.1872E-09 6.6568E-09 7.1678E-09 7.7260E-09 8.3395E-09 9.0197E-09 9.7827E-09 1.0641E-08 1.1630E-08 1.2754E-08 1.3863E-08 1.2680E-08 1.1583E-08 1.1319E-08 1.1801E-08 1.2288E-08 1.2783E-08 1.3297E-08 1.3819E-08 1.4184E-08 1.4046E-08 1.4446E-08 1.5097E-08 1.4275E-08 1.4442E-08 1.4580E-08 1.4688E-08 1.4766E-08 1.4819E-08 1.4838E-08 1.4840E-08 1.4723E-08 1.4573E-08 1.4391E-08 1.4179E-08 1.3940E-08 1.3676E-08 1.3390E-08 1.3085E-08 1.2763E-08 1.2428E-08 1.2083E-08 1.1729E-08 1.1283E-08 1.0826E-08
2.4440E-09 2.6192E-09 2.7973E-09 2.9898E-09 3.1887E-09 3.4697E-09 3.7283E-09 4.0074E-09 4.3238E-09 4.6451E-09 4.9811E-09 5.3450E-09 5.7398E-09 6.1694E-09 6.6388E-09 7.1550E-09 7.7277E-09 8.3709E-09 9.0944E-09 9.9320E-09 1.0870E-08 1.1719E-08 1.0301E-08 9.8242E-09 9.8489E-09 1.0287E-08 1.0730E-08 1.1183E-08 1.1651E-08 1.2122E-08 1.2360E-08 1.2391E-08 1.2828E-08 1.3454E-08 1.2779E-08 1.2969E-08 1.3134E-08 1.3272E-08 1.3387E-08 1.3475E-08 1.3540E-08 1.3571E-08 1.3514E-08 1.3426E-08 1.3307E-08 1.3160E-08 1.2987E-08 1.2789E-08 1.2568E-08 1.2328E-08 1.2071E-08 1.1798E-08 1.1513E-08 1.1218E-08 1.0830E-08 1.0425E-08 1.0030E-08
2.3146E-09 2.4815E-09 2.6450E-09 2.8208E-09 3.0106E-09 3.2058E-09 3.4255E-09 3.6545E-09 3.9552E-09 4.2756E-09 4.5884E-09 4.9278E-09 5.2979E-09 5.7030E-09 6.1486E-09 6.6280E-09 7.1663E-09 7.7726E-09 8.4756E-09 9.2486E-09 9.8272E-09 8.6307E-09 8.3237E-09 8.5714E-09 8.9653E-09 9.3654E-09 9.7749E-09 1.0198E-08 1.0620E-08 1.0796E-08 1.0953E-08 1.1370E-08 1.1954E-08 1.1415E-08 1.1619E-08 1.1804E-08 1.1963E-08 1.2104E-08 1.2219E-08 1.2320E-08 1.2374E-08 1.2367E-08 1.2330E-08 1.2266E-08 1.2176E-08 1.2060E-08 1.1920E-08 1.1758E-08 1.1576E-08 1.1376E-08 1.1161E-08 1.0932E-08 1.0630E-08 1.0359E-08 9.9668E-09 9.6199E-09 9.3609E-09
2.1974E-09 2.3469E-09 2.5034E-09 2.6725E-09 2.8371E-09 3.0241E-09 3.2166E-09 3.4336E-09 3.6585E-09 3.9112E-09 4.1752E-09 4.4742E-09 4.8301E-09 5.2090E-09 5.6297E-09 6.0864E-09 6.6051E-09 7.2040E-09 7.8309E-09 8.1455E-09 7.2578E-09 7.1116E-09 7.4447E-09 7.7932E-09 8.1478E-09 8.5482E-09 8.9265E-09 9.2983E-09 9.4622E-09 9.6764E-09 1.0075E-08 1.0561E-08 1.0185E-08 1.0396E-08 1.0591E-08 1.0764E-08 1.0924E-08 1.1058E-08 1.1185E-08 1.1258E-08 1.1290E-08 1.1296E-08 1.1278E-08 1.1235E-08 1.1168E-08 1.1079E-08 1.0968E-08 1.0838E-08 1.0690E-08 1.0526E-08 1.0348E-08 1.0069E-08 9.7643E-09 9.5389E-09 9.2024E-09 8.9840E-09 8.7995E-09
2.0693E-09 2.2191E-09 2.3666E-09 2.5201E-09 2.6870E-09 2.8492E-09 3.0333E-09 3.2220E-09 3.4350E-09 3.6558E-09 3.9049E-09 4.1667E-09 4.4535E-09 4.7709E-09 5.1250E-09 5.5445E-09 6.0239E-09 6.5555E-09 6.5857E-09 6.1107E-09 6.0714E-09 6.3871E-09 6.6811E-09 6.9789E-09 7.3259E-09 7.7556E-09 8.0697E-09 8.3043E-09 8.5524E-09 8.9206E-09 9.1304E-09 9.0835E-09 9.2957E-09 9.4944E-09 9.6763E-09 9.8465E-09 9.9954E-09 1.0141E-08 1.0228E-08 1.0290E-08 1.0330E-08 1.0348E-08 1.0345E-08 1.0320E-08 1.0274E-08 1.0208E-08 1.0123E-08 1.0021E-08 9.9024E-09 9.7085E-09 9.5410E-09 9.2462E-09 8.9895E-09 8.8164E-09 8.6371E-09 8.4877E-09 8.3296E-09
1.7835E-09 1.9833E-09 2.1187E-09 2.3299E-09 2.5069E-09 2.6818E-09 2.8390E-09 3.0377E-09 3.2227E-09 3.4323E-09 3.6511E-09 3.8991E-09 4.1636E-09 4.4581E-09 4.7930E-09 5.1713E-09 5.5604E-09 5.4041E-09 5.1919E-09 5.2475E-09 5.4898E-09 5.7586E-09 6.0053E-09 6.2516E-09 6.4974E-09 6.7899E-09 7.0392E-09 7.4473E-09 7.8217E-09 7.7949E-09 8.1066E-09 8.3151E-09 8.5124E-09 8.6974E-09 8.8712E-09 9.0302E-09 9.1809E-09 9.2849E-09 9.3701E-09 9.4362E-09 9.4833E-09 9.5116E-09 9.5208E-09 9.5110E-09 9.4828E-09 9.4368E-09 9.3740E-09 9.2330E-09 9.1176E-09 8.9110E-09 8.7762E-09 8.5269E-09 8.3908E-09 8.2848E-09 8.1681E-09 7.9828E-09 7.8527E-09
1.6477E-09 1.7343E-09 1.8252E-09 1.9538E-09 2.1627E-09 2.3065E-09 2.4994E-09 2.6788E-09 2.8884E-09 3.0797E-09 3.3022E-09 3.5079E-09 3.7451E-09 4.1163E-09 4.4178E-09 4.7934E-09 4.5623E-09 4.5422E-09 4.6448E-09 4.8587E-09 5.0745E-09 5.2910E-09 5.5073E-09 5.7224E-09 5.9351E-09 6.1443E-09 6.3490E-09 6.6577E-09 6.7416E-09 6.9276E-09 7.3669E-09 7.5541E-09 7.7326E-09 7.9646E-09 8.1606E-09 8.3117E-09 8.4294E-09 8.5310E-09 8.6165E-09 8.6856E-09 8.7383E-09 8.7747E-09 8.7944E-09 8.7977E-09 8.7847E-09 8.6935E-09 8.6263E-09 8.4658E-09 8.3760E-09 8.2056E-09 8.0729E-09 7.9776E-09 7.8734E-09 7.7897E-09 7.6130E-09 7.5164E-09 7.3843E-09
1.6085E-09 1.6922E-09 1.7769E-09 1.8671E-09 1.9602E-09 2.0661E-09 2.1720E-09 2.3015E-09 2.4738E-09 2.6392E-09 2.8397E-09 2.9990E-09 3.2461E-09 3.4490E-09 3.6230E-09 3.6905E-09 3.8954E-09 4.0322E-09 4.3425E-09 4.5357E-09 4.7307E-09 4.9268E-09 5.1231E-09 5.3186E-09 5.5123E-09 5.7035E-09 5.8914E-09 6.0752E-09 6.2538E-09 6.4271E-09 6.5937E-09 6.7545E-09 6.9073E-09 7.2013E-09 7.4200E-09 7.5745E-09 7.6998E-09 7.7969E-09 7.9256E-09 7.9964E-09 8.0533E-09 8.0961E-09 8.1249E-09 8.0474E-09 8.0250E-09 7.8980E-09 7.8512E-09 7.7325E-09 7.6408E-09 7.5737E-09 7.4965E-09 7.4528E-09 7.3703E-09 7.2711E-09 7.2025E-09 7.0871E-09 7.0058E-09
1.5758E-09 1.6495E-09 1.7316E-09 1.8179E-09 1.9071E-09 2.0032E-09 2.1087E-09 2.2120E-09 2.3140E-09 2.4154E-09 2.5376E-09 2.6663E-09 2.7895E-09 2.9193E-09 3.0523E-09 3.1923E-09 3.3250E-09 3.4612E-09 3.8537E-09 4.1398E-09 4.3513E-09 4.6071E-09 4.7857E-09 4.9640E-09 5.1411E-09 5.3165E-09 5.4894E-09 5.6590E-09 5.8251E-09 5.9861E-09 6.1432E-09 6.2937E-09 6.4411E-09 6.5734E-09 6.6914E-09 6.7993E-09 6.8969E-09 7.0615E-09 7.2072E-09 7.2772E-09 7.2434E-09 7.2670E-09 7.2267E-09 7.1840E-09 7.2169E-09 7.1305E-09 7.1133E-09 7.1242E-09 7.1009E-09 7.0910E-09 7.0310E-09 7.0029E-09 6.9657E-09 6.9201E-09 6.7971E-09 6.7400E-09 6.6763E-09
1.5478E-09 1.6150E-09 1.6899E-09 1.7691E-09 1.8573E-09 1.9472E-09 2.0445E-09 2.1485E-09 2.2463E-09 2.3492E-09 2.4523E-09 2.5626E-09 2.6677E-09 2.7849E-09 2.9100E-09 3.0485E-09 3.1705E-09 3.3091E-09 3.4380E-09 3.5696E-09 3.7036E-09 4.0322E-09 4.2681E-09 4.4901E-09 4.7406E-09 4.9452E-09 5.1040E-09 5.2941E-09 5.4481E-09 5.5995E-09 5.7458E-09 5.8908E-09 6.0208E-09 6.1421E-09 6.2552E-09 6.2319E-09 6.3324E-09 6.4244E-09 6.5075E-09 6.4162E-09 6.4908E-09 6.5566E-09 6.4656E-09 6.5231E-09 6.5709E-09 6.6088E-09 6.6371E-09 6.6556E-09 6.6650E-09 6.6654E-09 6.6571E-09 6.6406E-09 6.6160E-09 6.5839E-09 6.5446E-09 6.4986E-09 6.4465E-09
1.5232E-09 1.5858E-09 1.6530E-09 1.7269E-09 1.8046E-09 1.8958E-09 1.9852E-09 2.0800E-09 2.1798E-09 2.2771E-09 2.3829E-09 2.4864E-09 2.5945E-09 2.6973E-09 2.8070E-09 2.9213E-09 3.0389E-09 3.1579E-09 3.2758E-09 3.3957E-09 3.5351E-09 3.6602E-09 3.7867E-09 3.9355E-09 4.0661E-09 4.2778E-09 4.4121E-09 4.6561E-09 4.7963E-09 4.9354E-09 5.1157E-09 5.2454E-09 5.3709E-09 5.4915E-09 5.6066E-09 5.7157E-09 5.8186E-09 5.7619E-09 5.8571E-09 5.9456E-09 6.0270E-09 6.1013E-09 6.1678E-09 6.2261E-09 6.2757E-09 6.3167E-09 6.3488E-09 6.3721E-09 6.3871E-09 6.3939E-09 6.3929E-09 6.3842E-09 6.3682E-09 6.3452E-09 6.3155E-09 6.2795E-09 6.2377E-09
1.5027E-09 1.5608E-09 1.6222E-09 1.6903E-09 1.7616E-09 1.8407E-09 1.9293E-09 2.0177E-09 2.1110E-09 2.2094E-09 2.3103E-09 2.4162E-09 2.5169E-09 2.6213E-09 2.7239E-09 2.8267E-09 2.9415E-09 3.0507E-09 3.1701E-09 3.2835E-09 3.3986E-09 3.5151E-09 3.6327E-09 3.7511E-09 3.8699E-09 3.9887E-09 4.1072E-09 4.2248E-09 4.3415E-09 4.5036E-09 4.7273E-09 4.8491E-09 4.9681E-09 5.0837E-09 5.1954E-09 5.3028E-09 5.4053E-09 5.5026E-09 5.5942E-09 5.6798E-09 5.7594E-09 5.8324E-09 5.8987E-09 5.9577E-09 6.0092E-09 6.0526E-09 6.0882E-09 6.1158E-09 6.1357E-09 6.1483E-09 6.1537E-09 6.1521E-09 6.1437E-09 6.1288E-09 6.1077E-09 6.0807E-09 6.0316E-09
1.4865E-09 1.5409E-09 1.5972E-09 1.6590E-09 1.7254E-09 1.7973E-09 1.8757E-09 1.9590E-09 2.0484E-09 2.1425E-09 2.2375E-09 2.3394E-09 2.4416E-09 2.5415E-09 2.6432E-09 2.7479E-09 2.8479E-09 2.9556E-09 3.0639E-09 3.1762E-09 3.2887E-09 3.3991E-09 3.5105E-09 3.6227E-09 3.7353E-09 3.8479E-09 3.9604E-09 4.0724E-09 4.1833E-09 4.2931E-09 4.4012E-09 4.5072E-09 4.7207E-09 4.8502E-09 4.9741E-09 5.0765E-09 5.1748E-09 5.2682E-09 5.3567E-09 5.4399E-09 5.5176E-09 5.5897E-09 5.6558E-09 5.7155E-09 5.7683E-09 5.8141E-09 5.8527E-09 5.8841E-09 5.9085E-09 5.9262E-09 5.9373E-09 5.9420E-09 5.9237E-09 5.9167E-09 5.9040E-09 5.8662E-09 5.8437E-09
1.4700E-09 1.5236E-09 1.5787E-09 1.6352E-09 1.6955E-09 1.7601E-09 1.8304E-09 1.9057E-09 1.9883E-09 2.0768E-09 2.1688E-09 2.2620E-09 2.3614E-09 2.4613E-09 2.5643E-09 2.6641E-09 2.7673E-09 2.8668E-09 2.9659E-09 3.0751E-09 3.1787E-09 3.2906E-09 3.3977E-09 3.5042E-09 3.6112E-09 3.7184E-09 3.8255E-09 3.9321E-09 4.0381E-09 4.1430E-09 4.2464E-09 4.3480E-09 4.4477E-09 4.5448E-09 4.6393E-09 4.8133E-09 4.9308E-09 5.0199E-09 5.1255E-09 5.2064E-09 5.2823E-09 5.3535E-09 5.4195E-09 5.4797E-09 5.5339E-09 5.5818E-09 5.6234E-09 5.6585E-09 5.6873E-09 5.7099E-09 5.7068E-09 5.7182E-09 5.7240E-09 5.7241E-09 5.6953E-09 5.6859E-09 5.6716E-09
1.4531E-09 1.5060E-09 1.5602E-09 1.6159E-09 1.6730E-09 1.7315E-09 1.7945E-09 1.8621E-09 1.9357E-09 2.0151E-09 2.1018E-09 2.1909E-09 2.2859E-09 2.3792E-09 2.4788E-09 2.5813E-09 2.6811E-09 2.7814E-09 2.8836E-09 2.9795E-09 3.0795E-09 3.1847E-09 3.2867E-09 3.3940E-09 3.4968E-09 3.5991E-09 3.7013E-09 3.8033E-09 3.9047E-09 4.0051E-09 4.1043E-09 4.2021E-09 4.2980E-09 4.3920E-09 4.4835E-09 4.5720E-09 4.6576E-09 4.7398E-09 4.8185E-09 4.9424E-09 5.0157E-09 5.1174E-09 5.1827E-09 5.2432E-09 5.2984E-09 5.3483E-09 5.3925E-09 5.4311E-09 5.4639E-09 5.4914E-09 5.5136E-09 5.5304E-09 5.5113E-09 5.5188E-09 5.5213E-09 5.5190E-09 5.4663E-09
