Assets/Resources/2015_m01_d26_0100(utc+0800)_l00_csi_1hr_conc.grd
DSAA
         159         159
     -79.000      79.000
     -79.000      79.000
  0.0000E+00  0.1066E-04
[rows 125 to 149 of 159, columns 57 to 113 of 159]
3.7675E-10 3.9663E-10 4.1752E-10 4.3867E-10 4.6310E-10 4.8851E-10 5.1181E-10 5.3653E-10 5.6280E-10 5.8828E-10 6.1368E-10 6.3945E-10 6.6506E-10 6.9113E-10 7.1757E-10 7.4514E-10 7.7489E-10 8.0377E-10 8.3088E-10 8.6529E-10 8.9226E-10 9.1101E-10 9.3736E-10 9.6272E-10 9.8789E-10 1.0185E-09 1.0455E-09 1.0678E-09 1.0911E-09 1.1093E-09 1.1251E-09 1.1388E-09 1.1578E-09 1.1578E-09 1.1631E-09 1.1661E-09 1.1663E-09 1.1641E-09 1.1593E-09 1.1493E-09 1.1398E-09 1.1284E-09 1.1117E-09 1.0963E-09 1.0788E-09 1.0563E-09 1.0352E-09 1.0119E-09 9.8412E-10 9.5772E-10 9.3028E-10 9.0207E-10 8.7318E-10 8.4401E-10 8.1471E-10 7.8510E-10 7.5397E-10
3.3558E-10 3.5354E-10 3.7184E-10 3.9066E-10 4.0998E-10 4.3197E-10 4.5472E-10 4.7569E-10 4.9719E-10 5.1997E-10 5.4393E-10 5.6656E-10 5.8938E-10 6.1232E-10 6.3542E-10 6.5918E-10 6.8280E-10 7.0686E-10 7.3253E-10 7.5887E-10 7.8512E-10 8.0965E-10 8.4081E-10 8.6482E-10 8.7936E-10 9.0119E-10 9.2137E-10 9.4021E-10 9.5730E-10 9.7635E-10 9.8992E-10 1.0047E-09 1.0143E-09 1.0216E-09 1.0269E-09 1.0301E-09 1.0359E-09 1.0301E-09 1.0271E-09 1.0186E-09 1.0117E-09 1.0027E-09 9.9147E-10 9.7512E-10 9.5981E-10 9.4272E-10 9.2360E-10 9.0300E-10 8.8119E-10 8.5830E-10 8.3463E-10 8.1026E-10 7.8541E-10 7.5992E-10 7.3260E-10 7.0471E-10 6.7776E-10
2.9660E-10 3.1215E-10 3.2816E-10 3.4604E-10 3.6274E-10 3.7981E-10 3.9742E-10 4.1784E-10 4.3885E-10 4.5785E-10 4.7728E-10 4.9800E-10 5.1973E-10 5.4029E-10 5.6128E-10 5.8179E-10 6.0334E-10 6.2476E-10 6.4618E-10 6.6793E-10 6.8981E-10 7.1235E-10 7.3578E-10 7.5803E-10 7.7986E-10 7.9987E-10 8.2552E-10 8.4257E-10 8.5087E-10 8.6448E-10 8.7675E-10 8.8712E-10 8.9569E-10 9.0249E-10 9.0748E-10 9.1047E-10 9.1196E-10 9.1141E-10 9.0922E-10 9.1111E-10 8.9879E-10 8.9092E-10 8.8099E-10 8.6929E-10 8.5575E-10 8.4090E-10 8.2453E-10 8.0706E-10 7.8845E-10 7.6902E-10 7.4860E-10 7.2733E-10 7.0399E-10 6.8127E-10 6.5645E-10 6.3096E-10 6.0695E-10
2.5943E-10 2.7312E-10 2.8701E-10 3.0105E-10 3.1564E-10 3.3033E-10 3.4703E-10 3.6226E-10 3.8024E-10 3.9893E-10 4.1872E-10 4.3616E-10 4.5413E-10 4.7337E-10 4.9324E-10 5.1228E-10 5.3159E-10 5.5063E-10 5.7029E-10 5.9005E-10 6.0978E-10 6.2941E-10 6.4862E-10 6.6755E-10 6.8547E-10 7.0271E-10 7.1967E-10 7.3545E-10 7.4946E-10 7.6889E-10 7.8010E-10 7.8312E-10 7.9114E-10 7.9756E-10 8.0234E-10 8.0563E-10 8.0744E-10 8.0734E-10 8.0577E-10 8.0242E-10 7.9762E-10 7.9126E-10 7.8305E-10 7.7583E-10 7.6251E-10 7.5028E-10 7.3657E-10 7.2162E-10 7.0568E-10 6.8859E-10 6.6927E-10 6.4882E-10 6.2887E-10 6.0688E-10 5.8601E-10 5.6515E-10 5.4334E-10
2.2833E-10 2.4007E-10 2.5193E-10 2.6431E-10 2.7675E-10 2.8966E-10 3.0278E-10 3.1608E-10 3.2931E-10 3.4466E-10 3.6196E-10 3.7687E-10 3.9710E-10 4.1341E-10 4.3016E-10 4.4734E-10 4.6587E-10 4.8418E-10 5.0190E-10 5.1996E-10 5.3772E-10 5.5545E-10 5.7270E-10 5.8935E-10 6.0540E-10 6.2061E-10 6.3502E-10 6.4805E-10 6.6035E-10 6.7140E-10 6.8104E-10 6.8957E-10 6.9705E-10 7.0869E-10 7.1351E-10 7.1148E-10 7.1375E-10 7.1449E-10 7.1403E-10 7.1205E-10 7.0846E-10 7.0361E-10 6.9710E-10 6.8900E-10 6.7968E-10 6.6892E-10 6.5711E-10 6.4265E-10 6.2845E-10 6.1191E-10 5.9560E-10 5.7718E-10 5.5977E-10 5.4239E-10 5.2478E-10 5.0551E-10 4.8615E-10
1.9959E-10 2.0975E-10 2.1997E-10 2.3065E-10 2.4157E-10 2.5268E-10 2.6397E-10 2.7520E-10 2.8712E-10 2.9892E-10 3.1150E-10 3.2683E-10 3.4246E-10 3.5591E-10 3.7072E-10 3.9068E-10 4.0585E-10 4.2184E-10 4.3867E-10 4.5599E-10 4.7277E-10 4.8871E-10 5.0399E-10 5.1880E-10 5.3303E-10 5.4661E-10 5.5922E-10 5.7098E-10 5.8190E-10 5.9178E-10 6.0048E-10 6.0854E-10 6.1535E-10 6.2136E-10 6.2595E-10 6.2964E-10 6.3657E-10 6.3783E-10 6.3323E-10 6.3200E-10 6.2920E-10 6.2486E-10 6.1934E-10 6.1253E-10 6.0293E-10 5.9341E-10 5.8143E-10 5.6963E-10 5.5709E-10 5.4227E-10 5.2847E-10 5.1427E-10 4.9962E-10 4.8312E-10 4.6769E-10 4.5060E-10 4.2942E-10
1.7230E-10 1.8100E-10 1.8993E-10 1.9886E-10 2.0974E-10 2.1926E-10 2.2875E-10 2.3892E-10 2.4894E-10 2.5927E-10 2.7008E-10 2.8130E-10 2.9321E-10 3.0781E-10 3.2310E-10 3.3601E-10 3.5025E-10 3.6496E-10 3.8189E-10 3.9786E-10 4.1187E-10 4.2591E-10 4.4058E-10 4.5430E-10 4.6732E-10 4.7993E-10 4.9098E-10 5.0156E-10 5.1127E-10 5.2018E-10 5.2832E-10 5.3576E-10 5.4229E-10 5.4767E-10 5.5242E-10 5.5609E-10 5.5870E-10 5.6027E-10 5.6055E-10 5.5951E-10 5.5938E-10 5.5405E-10 5.4694E-10 5.3935E-10 5.3202E-10 5.2383E-10 5.1326E-10 5.0342E-10 4.9301E-10 4.8192E-10 4.7016E-10 4.5659E-10 4.4382E-10 4.2921E-10 4.1390E-10 3.9586E-10 3.7637E-10
1.4445E-10 1.5284E-10 1.6170E-10 1.6922E-10 1.7732E-10 1.8534E-10 1.9362E-10 2.0349E-10 2.1497E-10 2.2416E-10 2.3382E-10 2.4341E-10 2.5352E-10 2.6453E-10 2.7609E-10 2.8966E-10 3.0471E-10 3.1752E-10 3.3070E-10 3.4287E-10 3.5568E-10 3.6753E-10 3.8141E-10 3.9417E-10 4.0503E-10 4.1576E-10 4.2764E-10 4.3732E-10 4.4617E-10 4.5474E-10 4.6257E-10 4.6957E-10 4.7559E-10 4.8100E-10 4.8411E-10 4.8784E-10 4.9047E-10 4.9193E-10 4.9075E-10 4.8978E-10 4.8784E-10 4.8485E-10 4.7934E-10 4.7962E-10 4.7366E-10 4.6209E-10 4.5459E-10 4.4632E-10 4.3732E-10 4.2644E-10 4.1626E-10 4.0401E-10 3.9091E-10 3.7518E-10 3.5786E-10 3.4473E-10 3.2820E-10
1.1142E-10 1.1936E-10 1.2648E-10 1.3738E-10 1.4362E-10 1.5310E-10 1.6395E-10 1.7109E-10 1.7859E-10 1.8795E-10 2.0147E-10 2.1032E-10 2.1945E-10 2.2875E-10 2.3886E-10 2.4931E-10 2.6038E-10 2.7234E-10 2.8462E-10 2.9780E-10 3.0992E-10 3.2035E-10 3.3030E-10 3.4105E-10 3.5036E-10 3.6012E-10 3.6884E-10 3.7696E-10 3.8478E-10 3.9264E-10 3.9959E-10 4.0750E-10 4.1164E-10 4.1681E-10 4.2136E-10 4.2504E-10 4.2770E-10 4.2939E-10 4.3010E-10 4.2969E-10 4.2848E-10 4.2633E-10 4.2313E-10 4.1905E-10 4.1413E-10 4.0842E-10 4.0071E-10 3.9362E-10 3.8427E-10 3.7556E-10 3.6468E-10 3.5132E-10 3.3637E-10 3.2654E-10 3.1090E-10 2.9888E-10 2.8477E-10
7.4132E-11 8.0902E-11 9.1364E-11 9.8684E-11 1.0619E-10 1.1627E-10 1.2164E-10 1.2816E-10 1.4839E-10 1.5760E-10 1.6588E-10 1.7330E-10 1.8072E-10 1.9745E-10 2.0668E-10 2.1588E-10 2.2515E-10 2.3456E-10 2.4465E-10 2.5474E-10 2.6405E-10 2.7543E-10 2.8525E-10 2.9582E-10 3.0464E-10 3.1257E-10 3.2111E-10 3.2857E-10 3.3578E-10 3.4310E-10 3.4955E-10 3.5537E-10 3.6086E-10 3.6581E-10 3.6981E-10 3.7340E-10 3.7588E-10 3.7751E-10 3.7829E-10 3.7821E-10 3.7715E-10 3.7527E-10 3.7260E-10 3.6784E-10 3.6342E-10 3.5697E-10 3.5092E-10 3.4424E-10 3.3214E-10 3.2484E-10 3.1236E-10 3.0246E-10 2.9133E-10 2.8121E-10 2.6872E-10 2.5556E-10 2.4572E-10
5.1418E-11 5.4414E-11 5.9001E-11 6.4674E-11 7.1193E-11 7.8389E-11 8.4202E-11 8.8827E-11 9.8271E-11 1.0287E-10 1.0867E-10 1.4265E-10 1.5570E-10 1.6277E-10 1.6981E-10 1.8020E-10 1.9105E-10 2.0232E-10 2.1077E-10 2.1895E-10 2.2798E-10 2.3575E-10 2.4429E-10 2.5157E-10 2.6028E-10 2.6809E-10 2.7669E-10 2.8412E-10 2.9103E-10 2.9761E-10 3.0461E-10 3.1037E-10 3.1557E-10 3.1989E-10 3.2348E-10 3.2713E-10 3.2920E-10 3.3067E-10 3.3136E-10 3.2973E-10 3.2864E-10 3.2679E-10 3.2292E-10 3.1971E-10 3.1448E-10 3.1017E-10 3.0195E-10 2.9568E-10 2.8693E-10 2.7900E-10 2.6966E-10 2.6124E-10 2.5039E-10 2.3919E-10 2.3079E-10 2.1958E-10 2.1119E-10
4.3031E-11 4.5395E-11 4.7834E-11 5.1108E-11 5.4864E-11 5.9660E-11 6.4679E-11 6.8889E-11 7.2825E-11 7.6573E-11 8.1305E-11 8.4871E-11 8.8434E-11 1.1300E-10 1.3953E-10 1.5238E-10 1.5858E-10 1.6535E-10 1.7389E-10 1.8418E-10 1.9275E-10 2.0151E-10 2.0885E-10 2.1570E-10 2.2443E-10 2.3087E-10 2.3700E-10 2.4428E-10 2.5013E-10 2.5567E-10 2.6213E-10 2.6724E-10 2.7035E-10 2.7419E-10 2.7743E-10 2.8096E-10 2.8315E-10 2.8340E-10 2.8421E-10 2.8439E-10 2.8260E-10 2.8160E-10 2.7637E-10 2.7298E-10 2.7048E-10 2.6384E-10 2.5799E-10 2.5058E-10 2.4405E-10 2.3506E-10 2.2955E-10 2.1991E-10 2.1407E-10 2.0289E-10 1.9695E-10 1.8953E-10 1.8170E-10
3.4591E-11 3.7052E-11 3.9855E-11 4.2496E-11 4.4708E-11 4.7417E-11 5.0743E-11 5.4857E-11 5.8989E-11 6.3681E-11 6.6624E-11 6.9593E-11 7.3488E-11 7.6540E-11 7.9345E-11 8.2412E-11 1.0700E-10 1.3365E-10 1.4703E-10 1.5312E-10 1.5972E-10 1.6582E-10 1.7325E-10 1.8166E-10 1.8859E-10 1.9555E-10 2.0101E-10 2.0755E-10 2.1306E-10 2.1959E-10 2.2550E-10 2.3012E-10 2.3268E-10 2.3613E-10 2.3906E-10 2.4260E-10 2.4467E-10 2.4604E-10 2.4188E-10 2.4232E-10 2.4223E-10 2.3652E-10 2.3444E-10 2.3307E-10 2.2608E-10 2.2285E-10 2.1576E-10 2.1194E-10 2.0386E-10 1.9958E-10 1.8974E-10 1.8519E-10 1.8054E-10 1.7407E-10 1.6849E-10 1.6215E-10 1.5495E-10
2.8879E-11 3.0800E-11 3.2989E-11 3.4788E-11 3.6380E-11 3.8273E-11 4.0753E-11 4.3024E-11 4.6058E-11 4.9779E-11 5.3525E-11 5.8038E-11 6.0641E-11 6.3180E-11 6.5743E-11 6.9767E-11 7.2452E-11 7.4863E-11 7.7289E-11 9.8764E-11 1.1776E-10 1.3039E-10 1.3854E-10 1.4879E-10 1.5459E-10 1.5987E-10 1.6569E-10 1.7049E-10 1.7819E-10 1.8274E-10 1.8695E-10 1.9220E-10 1.9571E-10 1.9883E-10 2.0153E-10 2.0118E-10 2.0217E-10 2.0369E-10 2.0477E-10 2.0015E-10 1.9929E-10 1.9809E-10 1.9375E-10 1.9204E-10 1.9062E-10 1.8530E-10 1.8138E-10 1.7425E-10 1.6989E-10 1.6652E-10 1.6372E-10 1.5812E-10 1.5289E-10 1.4786E-10 1.4219E-10 1.3716E-10 1.3258E-10
2.2069E-11 2.3890E-11 2.5784E-11 2.7740E-11 2.9277E-11 3.1343E-11 3.3246E-11 3.4923E-11 3.6860E-11 3.8601E-11 4.0245E-11 4.3017E-11 4.6754E-11 5.1016E-11 5.4612E-11 5.6506E-11 5.8410E-11 6.2884E-11 6.5585E-11 6.8335E-11 7.1462E-11 7.6015E-11 8.4204E-11 9.8480E-11 1.1249E-10 1.1828E-10 1.2453E-10 1.3554E-10 1.4148E-10 1.4613E-10 1.4981E-10 1.5413E-10 1.5777E-10 1.6063E-10 1.6316E-10 1.6625E-10 1.6467E-10 1.6504E-10 1.6512E-10 1.6491E-10 1.6149E-10 1.6059E-10 1.6009E-10 1.5478E-10 1.5333E-10 1.5143E-10 1.5074E-10 1.4686E-10 1.4338E-10 1.4014E-10 1.3697E-10 1.3311E-10 1.2904E-10 1.2534E-10 1.2077E-10 1.1650E-10 1.1315E-10
1.5467E-11 1.8270E-11 1.9391E-11 2.1031E-11 2.2540E-11 2.4270E-11 2.6110E-11 2.7492E-11 2.9137E-11 3.0580E-11 3.2038E-11 3.3758E-11 3.5539E-11 3.6883E-11 3.9114E-11 4.3642E-11 4.7715E-11 5.0125E-11 5.2343E-11 5.5294E-11 6.0385E-11 6.3507E-11 6.6737E-11 7.0143E-11 7.4702E-11 7.9307E-11 8.4337E-11 9.3378E-11 9.8157E-11 1.0405E-10 1.0732E-10 1.1729E-10 1.2244E-10 1.2499E-10 1.2730E-10 1.2584E-10 1.2819E-10 1.2875E-10 1.2888E-10 1.3001E-10 1.2969E-10 1.3030E-10 1.2943E-10 1.2835E-10 1.2708E-10 1.2663E-10 1.2510E-10 1.2245E-10 1.1968E-10 1.1734E-10 1.1540E-10 1.1202E-10 1.0886E-10 1.0654E-10 1.0285E-10 1.0058E-10 9.7026E-11
9.1441E-12 1.0701E-11 1.3001E-11 1.5140E-11 1.6867E-11 1.7910E-11 1.9460E-11 2.0578E-11 2.1906E-11 2.3074E-11 2.4259E-11 2.5453E-11 2.6665E-11 2.8625E-11 2.9857E-11 3.1316E-11 3.2291E-11 3.3707E-11 3.9726E-11 4.3282E-11 4.7227E-11 5.0757E-11 5.4787E-11 5.8815E-11 6.3241E-11 6.6114E-11 6.9479E-11 7.2839E-11 7.6516E-11 7.9858E-11 8.3912E-11 8.6529E-11 9.0556E-11 9.4013E-11 9.6002E-11 9.7822E-11 1.0065E-10 1.0356E-10 1.0347E-10 1.0443E-10 1.0506E-10 1.0591E-10 1.0565E-10 1.0571E-10 1.0551E-10 1.0383E-10 1.0299E-10 1.0136E-10 1.0012E-10 9.8671E-11 9.6109E-11 9.4584E-11 9.2538E-11 9.0422E-11 8.8639E-11 8.6186E-11 8.4386E-11
4.9554E-12 5.8691E-12 6.8244E-12 8.0959E-12 1.0333E-11 1.2338E-11 1.3192E-11 1.4067E-11 1.5598E-11 1.6825E-11 1.7486E-11 1.9246E-11 2.0403E-11 2.1105E-11 2.2104E-11 2.3323E-11 2.4033E-11 2.6919E-11 2.7793E-11 3.0321E-11 3.4620E-11 3.7446E-11 4.0705E-11 4.4538E-11 4.8631E-11 5.1758E-11 5.6723E-11 6.0019E-11 6.3659E-11 6.6117E-11 6.9768E-11 7.1988E-11 7.3817E-11 7.7403E-11 7.8969E-11 8.0366E-11 8.2339E-11 8.4689E-11 8.5498E-11 8.6180E-11 8.6652E-11 8.7098E-11 8.7066E-11 8.7395E-11 8.6842E-11 8.6392E-11 8.5885E-11 8.4600E-11 8.3408E-11 8.2612E-11 8.1850E-11 8.0397E-11 7.9347E-11 7.8154E-11 7.6286E-11 7.4852E-11 7.2501E-11
9.7436E-13 1.7118E-12 2.4844E-12 2.9978E-12 3.7144E-12 5.1071E-12 7.6915E-12 9.2769E-12 1.0445E-11 1.1185E-11 1.2103E-11 1.3185E-11 1.3674E-11 1.4160E-11 1.4955E-11 1.5924E-11 1.6406E-11 1.9080E-11 1.9721E-11 2.3993E-11 2.5999E-11 2.8712E-11 3.0743E-11 3.4513E-11 3.8044E-11 4.0280E-11 4.2626E-11 4.5141E-11 4.8232E-11 5.0924E-11 5.3321E-11 5.6410E-11 5.8346E-11 6.0964E-11 6.3188E-11 6.4509E-11 6.5688E-11 6.7726E-11 6.8881E-11 6.9633E-11 7.0225E-11 7.0655E-11 7.1691E-11 7.2160E-11 7.2176E-11 7.2207E-11 7.2132E-11 7.1910E-11 7.1542E-11 7.0482E-11 6.9848E-11 6.9079E-11 6.7618E-11 6.6137E-11 6.5038E-11 6.3829E-11 6.1265E-11
0.0000E+00 0.0000E+00 0.0000E+00 0.0000E+00 7.1594E-13 1.0516E-12 1.8270E-12 2.6256E-12 4.2509E-12 5.7856E-12 6.6286E-12 7.5431E-12 7.8465E-12 8.6382E-12 9.7283E-12 1.0057E-11 1.0379E-11 1.2352E-11 1.2776E-11 1.7420E-11 1.8557E-11 2.0694E-11 2.4575E-11 2.7425E-11 2.9297E-11 3.1488E-11 3.4506E-11 3.6691E-11 3.9163E-11 4.1913E-11 4.3559E-11 4.5158E-11 4.7581E-11 4.9401E-11 5.1362E-11 5.2480E-11 5.3510E-11 5.5564E-11 5.7205E-11 5.7969E-11 5.8907E-11 5.9447E-11 6.0101E-11 6.0885E-11 6.1598E-11 6.1091E-11 6.1038E-11 6.0860E-11 6.0075E-11 5.9666E-11 5.9139E-11 5.8000E-11 5.6700E-11 5.5813E-11 5.4157E-11 5.2734E-11 5.1092E-11
0.0000E+00 0.0000E+00 0.0000E+00 0.0000E+00 0.0000E+00 0.0000E+00 0.0000E+00 0.0000E+00 0.0000E+00 3.8791E-13 1.6032E-12 3.2577E-12 4.4697E-12 4.6624E-12 5.1866E-12 5.3851E-12 5.5804E-12 6.5888E-12 6.7996E-12 1.0730E-11 1.2135E-11 1.3925E-11 1.7948E-11 1.9954E-11 2.1494E-11 2.4723E-11 2.7603E-11 2.9284E-11 3.1265E-11 3.3501E-11 3.4877E-11 3.6482E-11 3.8932E-11 4.0538E-11 4.1792E-11 4.3468E-11 4.4616E-11 4.5689E-11 4.7178E-11 4.8107E-11 4.8657E-11 4.9111E-11 4.9466E-11 5.0491E-11 5.0686E-11 5.0759E-11 5.0729E-11 5.0595E-11 5.0358E-11 4.9514E-11 4.9063E-11 4.8338E-11 4.6878E-11 4.5775E-11 4.3915E-11 4.2687E-11 4.1023E-11
0.0000E+00 0.0000E+00 0.0000E+00 0.0000E+00 0.0000E+00 0.0000E+00 0.0000E+00 0.0000E+00 0.0000E+00 0.0000E+00 0.0000E+00 0.0000E+00 1.2455E-13 1.0251E-12 2.0673E-12 2.8369E-12 2.9554E-12 3.4227E-12 4.0487E-12 5.0653E-12 5.9943E-12 8.9004E-12 1.1680E-11 1.2861E-11 1.5132E-11 1.8534E-11 1.9808E-11 2.1528E-11 2.3776E-11 2.5415E-11 2.7913E-11 2.9051E-11 3.1273E-11 3.2385E-11 3.3454E-11 3.5027E-11 3.6010E-11 3.7241E-11 3.8403E-11 3.9178E-11 3.9631E-11 4.0537E-11 4.0301E-11 4.1338E-11 4.2014E-11 4.2077E-11 4.2054E-11 4.1849E-11 4.1479E-11 4.0415E-11 3.9156E-11 3.8186E-11 3.6817E-11 3.5973E-11 3.5246E-11 3.4123E-11 3.3233E-11
0.0000E+00 0.0000E+00 0.0000E+00 0.0000E+00 0.0000E+00 0.0000E+00 0.0000E+00 0.0000E+00 0.0000E+00 0.0000E+00 0.0000E+00 0.0000E+00 0.0000E+00 0.0000E+00 0.0000E+00 1.8399E-14 6.9039E-13 1.4900E-12 2.2523E-12 2.8551E-12 3.8129E-12 5.1330E-12 5.6857E-12 7.5891E-12 9.8585E-12 1.1910E-11 1.2702E-11 1.5195E-11 1.7211E-11 1.8743E-11 2.0827E-11 2.2074E-11 2.3000E-11 2.5036E-11 2.5928E-11 2.7557E-11 2.8406E-11 2.9799E-11 3.0852E-11 3.1760E-11 3.2124E-11 3.2425E-11 3.2660E-11 3.3082E-11 3.3314E-11 3.3398E-11 3.3093E-11 3.2572E-11 3.1966E-11 3.1459E-11 3.0463E-11 3.0028E-11 2.9127E-11 2.8493E-11 2.7164E-11 2.6747E-11 2.5991E-11
0.0000E+00 0.0000E+00 0.0000E+00 0.0000E+00 0.0000E+00 0.0000E+00 0.0000E+00 0.0000E+00 0.0000E+00 0.0000E+00 0.0000E+00 0.0000E+00 0.0000E+00 0.0000E+00 0.0000E+00 0.0000E+00 0.0000E+00 0.0000E+00 0.0000E+00 0.0000E+00 5.3550E-13 1.0790E-12 2.4398E-12 3.2984E-12 4.6281E-12 6.1946E-12 7.3382E-12 9.1401E-12 1.1904E-11 1.2293E-11 1.4169E-11 1.5727E-11 1.6964E-11 1.8012E-11 1.9517E-11 2.0418E-11 2.1534E-11 2.2444E-11 2.3606E-11 2.3764E-11 2.3861E-11 2.3862E-11 2.4021E-11 2.4401E-11 2.4489E-11 2.4314E-11 2.4112E-11 2.3518E-11 2.3375E-11 2.3297E-11 2.3171E-11 2.2997E-11 2.2320E-11 2.2065E-11 2.0973E-11 1.9889E-11 1.9549E-11
0.0000E+00 0.0000E+00 0.0000E+00 0.0000E+00 0.0000E+00 0.0000E+00 0.0000E+00 0.0000E+00 0.0000E+00 0.0000E+00 0.0000E+00 0.0000E+00 0.0000E+00 0.0000E+00 0.0000E+00 0.0000E+00 0.0000E+00 0.0000E+00 0.0000E+00 0.0000E+00 0.0000E+00 0.0000E+00 0.0000E+00 0.0000E+00 8.4328E-13 1.0141E-12 2.4494E-12 2.7287E-12 4.4985E-12 5.2666E-12 5.8770E-12 8.4247E-12 9.5066E-12 1.0228E-11 1.1754E-11 1.2522E-11 1.3055E-11 1.4326E-11 1.4793E-11 1.5545E-11 1.6105E-11 1.6229E-11 1.6606E-11 1.6984E-11 1.7411E-11 1.7504E-11 1.7559E-11 1.7104E-11 1.7090E-11 1.7039E-11 1.6953E-11 1.6831E-11 1.6366E-11 1.5703E-11 1.5067E-11 1.4843E-11 1.4101E-11
