Assets/Resources/2015_m01_d14_2000(utc+0800)_l00_csi_1hr_conc.grd
DSAA
         159         159
     -79.000      79.000
     -79.000      79.000
  0.0000E+00  0.1063E-03
[rows 25 to 49 of 159, columns 0 to 56 of 159]
1.1395E-09 1.2814E-09 1.4331E-09 1.6012E-09 1.7824E-09 1.9891E-09 2.2058E-09 2.4501E-09 2.7060E-09 2.9924E-09 3.2986E-09 3.6243E-09 3.9823E-09 4.3544E-09 4.7571E-09 5.1713E-09 5.6048E-09 6.0398E-09 6.4820E-09 6.9172E-09 7.3500E-09 7.7706E-09 8.1749E-09 8.5621E-09 8.9226E-09 9.2602E-09 9.5686E-09 9.8485E-09 1.0102E-08 1.0327E-08 1.0524E-08 1.0697E-08 1.0846E-08 1.0973E-08 1.1080E-08 1.1168E-08 1.1238E-08 1.1293E-08 1.1334E-08 1.1362E-08 1.1377E-08 1.1381E-08 1.1375E-08 1.1359E-08 1.1335E-08 1.1303E-08 1.1262E-08 1.1213E-08 1.1154E-08 1.1086E-08 1.1006E-08 1.0916E-08 1.0813E-08 1.0700E-08 1.0575E-08 1.0438E-08 1.0290E-08
1.0867E-09 1.2222E-09 1.3664E-09 1.5247E-09 1.6992E-09 1.8965E-09 2.1029E-09 2.3365E-09 2.5805E-09 2.8547E-09 3.1478E-09 3.4600E-09 3.8048E-09 4.1631E-09 4.5528E-09 4.9541E-09 5.3761E-09 5.8006E-09 6.2340E-09 6.6617E-09 7.0891E-09 7.5060E-09 7.9090E-09 8.2967E-09 8.6594E-09 9.0022E-09 9.3156E-09 9.6038E-09 9.8659E-09 1.0100E-08 1.0309E-08 1.0494E-08 1.0656E-08 1.0797E-08 1.0918E-08 1.1020E-08 1.1105E-08 1.1176E-08 1.1231E-08 1.1274E-08 1.1305E-08 1.1325E-08 1.1334E-08 1.1334E-08 1.1326E-08 1.1310E-08 1.1285E-08 1.1251E-08 1.1206E-08 1.1150E-08 1.1083E-08 1.1004E-08 1.0913E-08 1.0811E-08 1.0697E-08 1.0571E-08 1.0432E-08
1.0317E-09 1.1610E-09 1.2998E-09 1.4506E-09 1.6160E-09 1.8042E-09 2.0003E-09 2.2230E-09 2.4550E-09 2.7168E-09 2.9968E-09 3.2955E-09 3.6268E-09 3.9710E-09 4.3471E-09 4.7351E-09 5.1450E-09 5.5581E-09 5.9818E-09 6.4010E-09 6.8220E-09 7.2343E-09 7.6348E-09 8.0222E-09 8.3862E-09 8.7329E-09 9.0512E-09 9.3478E-09 9.6171E-09 9.8601E-09 1.0081E-08 1.0278E-08 1.0452E-08 1.0607E-08 1.0741E-08 1.0858E-08 1.0958E-08 1.1043E-08 1.1114E-08 1.1173E-08 1.1219E-08 1.1254E-08 1.1280E-08 1.1298E-08 1.1306E-08 1.1306E-08 1.1297E-08 1.1277E-08 1.1246E-08 1.1205E-08 1.1151E-08 1.1086E-08 1.1008E-08 1.0919E-08 1.0817E-08 1.0702E-08 1.0574E-08
9.7749E-10 1.1025E-09 1.2337E-09 1.3770E-09 1.5334E-09 1.7125E-09 1.8983E-09 2.1101E-09 2.3302E-09 2.5796E-09 2.8466E-09 3.1316E-09 3.4492E-09 3.7791E-09 4.1415E-09 4.5156E-09 4.9126E-09 5.3136E-09 5.7268E-09 6.1367E-09 6.5504E-09 6.9571E-09 7.3541E-09 7.7403E-09 8.1048E-09 8.4543E-09 8.7769E-09 9.0805E-09 9.3567E-09 9.6085E-09 9.8413E-09 1.0049E-08 1.0236E-08 1.0403E-08 1.0551E-08 1.0682E-08 1.0797E-08 1.0897E-08 1.0983E-08 1.1057E-08 1.1119E-08 1.1172E-08 1.1215E-08 1.1249E-08 1.1275E-08 1.1291E-08 1.1297E-08 1.1292E-08 1.1276E-08 1.1250E-08 1.1211E-08 1.1160E-08 1.1096E-08 1.1021E-08 1.0932E-08 1.0830E-08 1.0714E-08
9.2417E-10 1.0447E-09 1.1685E-09 1.3021E-09 1.4519E-09 1.6218E-09 1.7973E-09 1.9985E-09 2.2068E-09 2.4440E-09 2.6978E-09 2.9692E-09 3.2732E-09 3.5886E-09 3.9368E-09 4.2965E-09 4.6803E-09 5.0686E-09 5.4707E-09 5.8703E-09 6.2758E-09 6.6760E-09 7.0686E-09 7.4527E-09 7.8167E-09 8.1683E-09 8.4943E-09 8.8036E-09 9.0863E-09 9.3463E-09 9.5894E-09 9.8087E-09 1.0008E-08 1.0187E-08 1.0349E-08 1.0493E-08 1.0622E-08 1.0738E-08 1.0839E-08 1.0929E-08 1.1008E-08 1.1078E-08 1.1138E-08 1.1190E-08 1.1232E-08 1.1264E-08 1.1285E-08 1.1296E-08 1.1296E-08 1.1284E-08 1.1259E-08 1.1224E-08 1.1176E-08 1.1114E-08 1.1038E-08 1.0949E-08 1.0845E-08
8.7176E-10 9.8372E-10 1.1024E-09 1.2307E-09 1.3715E-09 1.5326E-09 1.6980E-09 1.8887E-09 2.0852E-09 2.3102E-09 2.5512E-09 2.8091E-09 3.0993E-09 3.4002E-09 3.7342E-09 4.0794E-09 4.4494E-09 4.8244E-09 5.2147E-09 5.6034E-09 5.9999E-09 6.3927E-09 6.7798E-09 7.1608E-09 7.5235E-09 7.8761E-09 8.2047E-09 8.5187E-09 8.8074E-09 9.0748E-09 9.3271E-09 9.5582E-09 9.7676E-09 9.9594E-09 1.0134E-08 1.0292E-08 1.0436E-08 1.0566E-08 1.0682E-08 1.0788E-08 1.0885E-08 1.0971E-08 1.1049E-08 1.1117E-08 1.1176E-08 1.1224E-08 1.1261E-08 1.1288E-08 1.1303E-08 1.1307E-08 1.1299E-08 1.1278E-08 1.1245E-08 1.1199E-08 1.1138E-08 1.1063E-08 1.0973E-08
8.1843E-10 9.2604E-10 1.0396E-09 1.1606E-09 1.2928E-09 1.4452E-09 1.5984E-09 1.7809E-09 1.9661E-09 2.1792E-09 2.4074E-09 2.6517E-09 2.9285E-09 3.2150E-09 3.5347E-09 3.8650E-09 4.2210E-09 4.5822E-09 4.9602E-09 5.3373E-09 5.7240E-09 6.1085E-09 6.4894E-09 6.8664E-09 7.2268E-09 7.5795E-09 7.9097E-09 8.2276E-09 8.5214E-09 8.7953E-09 9.0562E-09 9.2978E-09 9.5181E-09 9.7218E-09 9.9080E-09 1.0080E-08 1.0237E-08 1.0381E-08 1.0514E-08 1.0637E-08 1.0750E-08 1.0853E-08 1.0947E-08 1.1032E-08 1.1107E-08 1.1171E-08 1.1224E-08 1.1267E-08 1.1299E-08 1.1320E-08 1.1329E-08 1.1325E-08 1.1308E-08 1.1278E-08 1.1233E-08 1.1173E-08 1.1097E-08
7.6675E-10 8.6763E-10 9.7623E-10 1.0922E-09 1.2139E-09 1.3598E-09 1.5035E-09 1.6758E-09 1.8499E-09 2.0512E-09 2.2668E-09 2.4980E-09 2.7614E-09 3.0335E-09 3.3389E-09 3.6543E-09 3.9961E-09 4.3433E-09 4.7084E-09 5.0733E-09 5.4496E-09 5.8251E-09 6.1988E-09 6.5709E-09 6.9280E-09 7.2799E-09 7.6107E-09 7.9314E-09 8.2294E-09 8.5090E-09 8.7776E-09 9.0282E-09 9.2602E-09 9.4739E-09 9.6722E-09 9.8570E-09 1.0028E-08 1.0186E-08 1.0335E-08 1.0474E-08 1.0603E-08 1.0723E-08 1.0833E-08 1.0934E-08 1.1025E-08 1.1105E-08 1.1175E-08 1.1235E-08 1.1284E-08 1.1322E-08 1.1348E-08 1.1361E-08 1.1362E-08 1.1348E-08 1.1319E-08 1.1274E-08 1.1214E-08
7.1656E-10 8.1322E-10 9.1260E-10 1.0235E-09 1.1394E-09 1.2768E-09 1.4113E-09 1.5736E-09 1.7368E-09 1.9267E-09 2.1300E-09 2.3483E-09 2.5985E-09 2.8565E-09 3.1477E-09 3.4483E-09 3.7756E-09 4.1084E-09 4.4603E-09 4.8127E-09 5.1779E-09 5.5437E-09 5.9095E-09 6.2758E-09 6.6285E-09 6.9787E-09 7.3090E-09 7.6317E-09 7.9329E-09 8.2172E-09 8.4926E-09 8.7514E-09 8.9937E-09 9.2172E-09 9.4278E-09 9.6245E-09 9.8081E-09 9.9819E-09 1.0146E-08 1.0299E-08 1.0444E-08 1.0580E-08 1.0706E-08 1.0823E-08 1.0930E-08 1.1026E-08 1.1114E-08 1.1191E-08 1.1257E-08 1.1312E-08 1.1356E-08 1.1388E-08 1.1405E-08 1.1408E-08 1.1396E-08 1.1369E-08 1.1325E-08
6.6888E-10 7.5655E-10 8.5324E-10 9.5909E-10 1.0651E-09 1.1963E-09 1.3219E-09 1.4745E-09 1.6272E-09 1.8060E-09 1.9974E-09 2.2031E-09 2.4404E-09 2.6846E-09 2.9616E-09 3.2474E-09 3.5603E-09 3.8787E-09 4.2172E-09 4.5566E-09 4.9102E-09 5.2656E-09 5.6226E-09 5.9823E-09 6.3298E-09 6.6772E-09 7.0062E-09 7.3298E-09 7.6331E-09 7.9212E-09 8.2025E-09 8.4685E-09 8.7195E-09 8.9541E-09 9.1751E-09 9.3825E-09 9.5803E-09 9.7680E-09 9.9455E-09 1.0115E-08 1.0275E-08 1.0425E-08 1.0567E-08 1.0699E-08 1.0822E-08 1.0936E-08 1.1040E-08 1.1134E-08 1.1219E-08 1.1293E-08 1.1354E-08 1.1403E-08 1.1438E-08 1.1460E-08 1.1467E-08 1.1458E-08 1.1433E-08
6.1981E-10 7.0203E-10 7.9191E-10 8.9478E-10 9.9541E-10 1.1166E-09 1.2357E-09 1.3768E-09 1.5214E-09 1.6894E-09 1.8693E-09 2.0629E-09 2.2876E-09 2.5181E-09 2.7813E-09 3.0524E-09 3.3510E-09 3.6550E-09 3.9798E-09 4.3059E-09 4.6475E-09 4.9919E-09 5.3395E-09 5.6916E-09 6.0330E-09 6.3767E-09 6.7034E-09 7.0269E-09 7.3313E-09 7.6221E-09 7.9083E-09 8.1807E-09 8.4396E-09 8.6847E-09 8.9144E-09 9.1339E-09 9.3443E-09 9.5443E-09 9.7359E-09 9.9189E-09 1.0093E-08 1.0258E-08 1.0414E-08 1.0562E-08 1.0702E-08 1.0832E-08 1.0954E-08 1.1066E-08 1.1169E-08 1.1260E-08 1.1340E-08 1.1407E-08 1.1463E-08 1.1504E-08 1.1530E-08 1.1540E-08 1.1531E-08
5.6080E-10 6.5109E-10 7.3319E-10 8.3088E-10 9.2642E-10 1.0398E-09 1.1526E-09 1.2848E-09 1.4196E-09 1.5774E-09 1.7461E-09 1.9278E-09 2.1402E-09 2.3575E-09 2.6072E-09 2.8640E-09 3.1483E-09 3.4378E-09 3.7489E-09 4.0615E-09 4.3907E-09 4.7236E-09 5.0611E-09 5.4049E-09 5.7394E-09 6.0785E-09 6.4018E-09 6.7241E-09 7.0287E-09 7.3211E-09 7.6112E-09 7.8892E-09 8.1550E-09 8.4090E-09 8.6481E-09 8.8790E-09 9.1000E-09 9.3123E-09 9.5168E-09 9.7125E-09 9.8999E-09 1.0079E-08 1.0251E-08 1.0414E-08 1.0569E-08 1.0717E-08 1.0856E-08 1.0986E-08 1.1106E-08 1.1216E-08 1.1316E-08 1.1403E-08 1.1478E-08 1.1539E-08 1.1584E-08 1.1613E-08 1.1623E-08
4.9040E-10 5.8772E-10 6.7713E-10 7.6555E-10 8.6018E-10 9.6828E-10 1.0729E-09 1.1967E-09 1.3221E-09 1.4698E-09 1.6277E-09 1.7981E-09 1.9987E-09 2.2033E-09 2.4398E-09 2.6824E-09 2.9527E-09 3.2278E-09 3.5252E-09 3.8241E-09 4.1406E-09 4.4615E-09 4.7884E-09 5.1233E-09 5.4500E-09 5.7835E-09 6.1025E-09 6.4228E-09 6.7264E-09 7.0195E-09 7.3126E-09 7.5950E-09 7.8668E-09 8.1283E-09 8.3774E-09 8.6172E-09 8.8483E-09 9.0724E-09 9.2882E-09 9.4959E-09 9.6964E-09 9.8894E-09 1.0075E-08 1.0254E-08 1.0425E-08 1.0589E-08 1.0746E-08 1.0894E-08 1.1033E-08 1.1162E-08 1.1281E-08 1.1388E-08 1.1483E-08 1.1564E-08 1.1628E-08 1.1674E-08 1.1702E-08
4.3577E-10 5.1763E-10 6.1503E-10 7.0347E-10 7.9481E-10 8.9777E-10 9.9461E-10 1.1123E-09 1.2265E-09 1.3669E-09 1.5146E-09 1.6741E-09 1.8633E-09 2.0556E-09 2.2793E-09 2.5081E-09 2.7645E-09 3.0255E-09 3.3091E-09 3.5942E-09 3.8979E-09 4.2065E-09 4.5222E-09 4.8475E-09 5.1658E-09 5.4929E-09 5.8067E-09 6.1238E-09 6.4255E-09 6.7182E-09 7.0132E-09 7.2991E-09 7.5761E-09 7.8440E-09 8.1021E-09 8.3497E-09 8.5908E-09 8.8245E-09 9.0504E-09 9.2701E-09 9.4828E-09 9.6884E-09 9.8884E-09 1.0082E-08 1.0269E-08 1.0450E-08 1.0624E-08 1.0790E-08 1.0947E-08 1.1096E-08 1.1235E-08 1.1362E-08 1.1477E-08 1.1575E-08 1.1658E-08 1.1723E-08 1.1769E-08
4.0868E-10 4.5180E-10 5.3496E-10 6.3870E-10 7.2641E-10 8.3046E-10 9.1988E-10 1.0319E-09 1.1378E-09 1.2690E-09 1.4069E-09 1.5559E-09 1.7341E-09 1.9145E-09 2.1258E-09 2.3412E-09 2.5841E-09 2.8310E-09 3.1010E-09 3.3724E-09 3.6630E-09 3.9591E-09 4.2633E-09 4.5784E-09 4.8875E-09 5.2075E-09 5.5152E-09 5.8283E-09 6.1270E-09 6.4183E-09 6.7142E-09 7.0026E-09 7.2835E-09 7.5573E-09 7.8222E-09 8.0778E-09 8.3271E-09 8.5689E-09 8.8053E-09 9.0355E-09 9.2589E-09 9.4780E-09 9.6920E-09 9.9000E-09 1.0103E-08 1.0300E-08 1.0491E-08 1.0675E-08 1.0851E-08 1.1019E-08 1.1177E-08 1.1323E-08 1.1455E-08 1.1573E-08 1.1674E-08 1.1758E-08 1.1824E-08
3.8233E-10 4.2265E-10 4.6373E-10 5.5303E-10 6.5513E-10 7.6045E-10 8.4902E-10 9.5347E-10 1.0536E-09 1.1737E-09 1.3045E-09 1.4435E-09 1.6112E-09 1.7801E-09 1.9794E-09 2.1819E-09 2.4115E-09 2.6447E-09 2.9012E-09 3.1590E-09 3.4365E-09 3.7199E-09 4.0122E-09 4.3167E-09 4.6160E-09 4.9280E-09 5.2288E-09 5.5369E-09 5.8318E-09 6.1207E-09 6.4163E-09 6.7061E-09 6.9899E-09 7.2686E-09 7.5383E-09 7.8018E-09 8.0570E-09 8.3073E-09 8.5526E-09 8.7916E-09 9.0269E-09 9.2585E-09 9.4850E-09 9.7072E-09 9.9255E-09 1.0139E-08 1.0346E-08 1.0547E-08 1.0742E-08 1.0928E-08 1.1103E-08 1.1267E-08 1.1418E-08 1.1554E-08 1.1676E-08 1.1780E-08 1.1867E-08
3.5691E-10 3.9430E-10 4.3276E-10 4.7643E-10 5.5909E-10 6.8339E-10 7.7996E-10 8.7922E-10 9.7379E-10 1.0858E-09 1.2074E-09 1.3370E-09 1.4945E-09 1.6525E-09 1.8402E-09 2.0301E-09 2.2469E-09 2.4666E-09 2.7099E-09 2.9543E-09 3.2187E-09 3.4893E-09 3.7694E-09 4.0628E-09 4.3518E-09 4.6552E-09 4.9482E-09 5.2506E-09 5.5407E-09 5.8262E-09 6.1200E-09 6.4102E-09 6.6956E-09 6.9778E-09 7.2522E-09 7.5208E-09 7.7820E-09 8.0396E-09 8.2915E-09 8.5402E-09 8.7867E-09 9.0294E-09 9.2681E-09 9.5044E-09 9.7372E-09 9.9650E-09 1.0189E-08 1.0407E-08 1.0619E-08 1.0821E-08 1.1013E-08 1.1195E-08 1.1365E-08 1.1522E-08 1.1664E-08 1.1790E-08 1.1899E-08
3.3226E-10 3.6672E-10 4.0282E-10 4.4346E-10 4.8527E-10 5.8227E-10 6.7804E-10 8.0925E-10 8.9638E-10 1.0028E-09 1.1135E-09 1.2362E-09 1.3840E-09 1.5316E-09 1.7081E-09 1.8860E-09 2.0902E-09 2.2970E-09 2.5272E-09 2.7583E-09 3.0098E-09 3.2675E-09 3.5352E-09 3.8171E-09 4.0953E-09 4.3895E-09 4.6742E-09 4.9699E-09 5.2543E-09 5.5355E-09 5.8263E-09 6.1155E-09 6.4015E-09 6.6857E-09 6.9643E-09 7.2365E-09 7.5033E-09 7.7656E-09 8.0248E-09 8.2832E-09 8.5390E-09 8.7913E-09 9.0427E-09 9.2919E-09 9.5371E-09 9.7794E-09 1.0019E-08 1.0252E-08 1.0479E-08 1.0697E-08 1.0907E-08 1.1108E-08 1.1298E-08 1.1475E-08 1.1639E-08 1.1788E-08 1.1921E-08
3.0843E-10 3.4013E-10 3.7407E-10 4.1175E-10 4.5104E-10 5.0562E-10 5.7748E-10 7.0740E-10 8.2352E-10 9.2445E-10 1.0272E-09 1.1410E-09 1.2796E-09 1.4173E-09 1.5830E-09 1.7493E-09 1.9415E-09 2.1356E-09 2.3532E-09 2.5713E-09 2.8100E-09 3.0547E-09 3.3098E-09 3.5799E-09 3.8470E-09 4.1315E-09 4.4071E-09 4.6955E-09 4.9734E-09 5.2494E-09 5.5360E-09 5.8228E-09 6.1081E-09 6.3931E-09 6.6742E-09 6.9504E-09 7.2204E-09 7.4872E-09 7.7539E-09 8.0198E-09 8.2829E-09 8.5456E-09 8.8079E-09 9.0676E-09 9.3251E-09 9.5814E-09 9.8340E-09 1.0081E-08 1.0323E-08 1.0558E-08 1.0786E-08 1.1006E-08 1.1216E-08 1.1415E-08 1.1602E-08 1.1775E-08 1.1932E-08
2.8556E-10 3.1462E-10 3.4655E-10 3.8133E-10 4.1823E-10 4.6977E-10 5.1266E-10 5.9006E-10 7.2031E-10 8.4655E-10 9.4598E-10 1.0493E-09 1.1812E-09 1.3094E-09 1.4649E-09 1.6201E-09 1.8007E-09 1.9826E-09 2.1878E-09 2.3932E-09 2.6191E-09 2.8508E-09 3.0934E-09 3.3516E-09 3.6072E-09 3.8814E-09 4.1475E-09 4.4279E-09 4.6985E-09 4.9683E-09 5.2499E-09 5.5328E-09 5.8162E-09 6.1010E-09 6.3832E-09 6.6628E-09 6.9344E-09 7.2061E-09 7.4788E-09 7.7497E-09 8.0203E-09 8.2923E-09 8.5631E-09 8.8323E-09 9.1020E-09 9.3701E-09 9.6345E-09 9.8954E-09 1.0152E-08 1.0405E-08 1.0651E-08 1.0890E-08 1.1121E-08 1.1342E-08 1.1553E-08 1.1749E-08 1.1928E-08
2.6372E-10 2.9024E-10 3.2024E-10 3.5223E-10 3.8688E-10 4.3545E-10 4.7538E-10 5.3212E-10 5.9134E-10 7.2662E-10 8.5284E-10 9.6532E-10 1.0886E-09 1.2077E-09 1.3535E-09 1.4982E-09 1.6675E-09 1.8377E-09 2.0309E-09 2.2237E-09 2.4369E-09 2.6560E-09 2.8861E-09 3.1322E-09 3.3761E-09 3.6397E-09 3.8958E-09 4.1674E-09 4.4300E-09 4.6928E-09 4.9683E-09 5.2463E-09 5.5266E-09 5.8101E-09 6.0934E-09 6.3738E-09 6.6464E-09 6.9227E-09 7.1986E-09 7.4738E-09 7.7516E-09 8.0302E-09 8.3077E-09 8.5869E-09 8.8670E-09 9.1451E-09 9.4214E-09 9.6963E-09 9.9685E-09 1.0237E-08 1.0502E-08 1.0760E-08 1.1012E-08 1.1256E-08 1.1489E-08 1.1707E-08 1.1911E-08
2.4295E-10 2.6701E-10 2.9485E-10 3.2446E-10 3.5699E-10 4.0269E-10 4.3976E-10 4.9323E-10 5.3988E-10 6.0309E-10 7.3594E-10 8.5145E-10 9.9953E-10 1.1122E-09 1.2486E-09 1.3832E-09 1.5419E-09 1.7006E-09 1.8820E-09 2.0626E-09 2.2636E-09 2.4703E-09 2.6877E-09 2.9218E-09 3.1540E-09 3.4066E-09 3.6521E-09 3.9145E-09 4.1684E-09 4.4235E-09 4.6920E-09 4.9642E-09 5.2400E-09 5.5212E-09 5.8046E-09 6.0840E-09 6.3570E-09 6.6364E-09 6.9136E-09 7.1934E-09 7.4762E-09 7.7591E-09 8.0440E-09 8.3321E-09 8.6202E-09 8.9081E-09 9.1965E-09 9.4845E-09 9.7715E-09 1.0057E-08 1.0338E-08 1.0616E-08 1.0890E-08 1.1156E-08 1.1409E-08 1.1651E-08 1.1881E-08
2.2325E-10 2.4497E-10 2.7060E-10 2.9805E-10 3.2837E-10 3.7150E-10 4.0584E-10 4.5612E-10 4.9953E-10 5.5898E-10 6.2055E-10 7.4760E-10 8.7297E-10 1.0061E-09 1.1501E-09 1.2751E-09 1.4234E-09 1.5711E-09 1.7411E-09 1.9100E-09 2.0990E-09 2.2933E-09 2.4985E-09 2.7205E-09 2.9407E-09 3.1820E-09 3.4168E-09 3.6694E-09 3.9141E-09 4.1608E-09 4.4216E-09 4.6871E-09 4.9572E-09 5.2348E-09 5.5168E-09 5.7948E-09 6.0669E-09 6.3473E-09 6.6251E-09 6.9090E-09 7.1943E-09 7.4807E-09 7.7733E-09 8.0677E-09 8.3632E-09 8.6607E-09 8.9600E-09 9.2605E-09 9.5617E-09 9.8619E-09 1.0161E-08 1.0460E-08 1.0753E-08 1.1037E-08 1.1314E-08 1.1582E-08 1.1836E-08
2.0462E-10 2.2448E-10 2.4761E-10 2.7298E-10 3.0092E-10 3.4188E-10 3.7360E-10 4.2081E-10 4.6109E-10 5.1689E-10 5.7451E-10 6.3941E-10 7.7391E-10 8.8399E-10 1.0317E-09 1.1734E-09 1.3116E-09 1.4488E-09 1.6079E-09 1.7655E-09 1.9428E-09 2.1251E-09 2.3182E-09 2.5281E-09 2.7363E-09 2.9663E-09 3.1900E-09 3.4323E-09 3.6672E-09 3.9051E-09 4.1574E-09 4.4153E-09 4.6789E-09 4.9516E-09 5.2309E-09 5.5066E-09 5.7766E-09 6.0564E-09 6.3340E-09 6.6205E-09 6.9066E-09 7.1966E-09 7.4952E-09 7.7943E-09 8.0968E-09 8.4030E-09 8.7123E-09 9.0248E-09 9.3387E-09 9.6540E-09 9.9715E-09 1.0288E-08 1.0599E-08 1.0904E-08 1.1205E-08 1.1496E-08 1.1772E-08
1.8705E-10 2.0522E-10 2.2587E-10 2.4951E-10 2.7493E-10 3.1383E-10 3.4307E-10 3.8729E-10 4.2458E-10 4.7684E-10 5.3063E-10 5.8892E-10 6.7052E-10 7.8654E-10 9.1872E-10 1.0549E-09 1.1996E-09 1.3337E-09 1.4822E-09 1.6288E-09 1.7949E-09 1.9656E-09 2.1467E-09 2.3445E-09 2.5409E-09 2.7593E-09 2.9716E-09 3.2035E-09 3.4283E-09 3.6567E-09 3.8998E-09 4.1495E-09 4.4059E-09 4.6727E-09 4.9481E-09 5.2203E-09 5.4870E-09 5.7651E-09 6.0414E-09 6.3285E-09 6.6153E-09 6.9084E-09 7.2103E-09 7.5136E-09 7.8223E-09 8.1358E-09 8.4546E-09 8.7773E-09 9.1037E-09 9.4341E-09 9.7687E-09 1.0100E-08 1.0429E-08 1.0757E-08 1.1079E-08 1.1391E-08 1.1691E-08
