Assets/Resources/2015_m01_d22_2000(utc+0800)_l00_csi_1hr_conc.grd
DSAA
         159         159
     -79.000      79.000
     -79.000      79.000
  0.0000E+00  0.1060E-04
[rows 50 to 74 of 159, columns 0 to 56 of 159]
0.0000E+00 0.0000E+00 0.0000E+00 0.0000E+00 0.0000E+00 1.2226E-12 5.9825E-12 1.2277E-11 4.7987E-11 7.4938E-11 1.1790E-10 1.5241E-10 1.8801E-10 2.3398E-10 2.7973E-10 3.3165E-10 3.8928E-10 4.4341E-10 5.0317E-10 5.8036E-10 6.6900E-10 7.6829E-10 8.7328E-10 1.0080E-09 1.1570E-09 1.3184E-09 1.4760E-09 1.6747E-09 1.8705E-09 2.0889E-09 2.3196E-09 2.5683E-09 2.8528E-09 3.1458E-09 3.4692E-09 3.8054E-09 4.1731E-09 4.5537E-09 4.9517E-09 5.3677E-09 5.8006E-09 6.2517E-09 6.7197E-09 7.1954E-09 7.6855E-09 8.1809E-09 8.6802E-09 9.1806E-09 9.6770E-09 1.0165E-08 1.0639E-08 1.1094E-08 1.1530E-08 1.1939E-08 1.2316E-08 1.2654E-08 1.2954E-08
0.0000E+00 0.0000E+00 0.0000E+00 0.0000E+00 0.0000E+00 8.5313E-13 1.8201E-12 8.6274E-12 3.5714E-11 5.6353E-11 1.0087E-10 1.2744E-10 1.6771E-10 2.0587E-10 2.5692E-10 3.0119E-10 3.6080E-10 4.1267E-10 4.6654E-10 5.3969E-10 6.2034E-10 7.0747E-10 8.0988E-10 9.2803E-10 1.0683E-09 1.2245E-09 1.3776E-09 1.5740E-09 1.7546E-09 1.9662E-09 2.1863E-09 2.4251E-09 2.6953E-09 2.9751E-09 3.2913E-09 3.6179E-09 3.9751E-09 4.3426E-09 4.7297E-09 5.1375E-09 5.5640E-09 6.0086E-09 6.4676E-09 6.9377E-09 7.4267E-09 7.9218E-09 8.4256E-09 8.9283E-09 9.4274E-09 9.9210E-09 1.0402E-08 1.0869E-08 1.1315E-08 1.1733E-08 1.2120E-08 1.2474E-08 1.2792E-08
0.0000E+00 0.0000E+00 0.0000E+00 0.0000E+00 0.0000E+00 0.0000E+00 8.8155E-13 4.6991E-12 2.8711E-11 4.6043E-11 7.9694E-11 1.0999E-10 1.3858E-10 1.8476E-10 2.2412E-10 2.7650E-10 3.2422E-10 3.8272E-10 4.3403E-10 4.9797E-10 5.7518E-10 6.5447E-10 7.4490E-10 8.5497E-10 9.8446E-10 1.1304E-09 1.2757E-09 1.4649E-09 1.6452E-09 1.8455E-09 2.0552E-09 2.2829E-09 2.5406E-09 2.8101E-09 3.1116E-09 3.4281E-09 3.7760E-09 4.1339E-09 4.5116E-09 4.9072E-09 5.3235E-09 5.7622E-09 6.2143E-09 6.6800E-09 7.1693E-09 7.6613E-09 8.1633E-09 8.6664E-09 9.1668E-09 9.6666E-09 1.0155E-08 1.0630E-08 1.1082E-08 1.1513E-08 1.1915E-08 1.2285E-08 1.2622E-08
0.0000E+00 0.0000E+00 0.0000E+00 0.0000E+00 0.0000E+00 0.0000E+00 0.0000E+00 1.7812E-12 2.4371E-11 3.7101E-11 7.0266E-11 8.8163E-11 1.2024E-10 1.5282E-10 2.0105E-10 2.4413E-10 2.9636E-10 3.4413E-10 4.0043E-10 4.6117E-10 5.2986E-10 6.0579E-10 6.8770E-10 7.8809E-10 9.0454E-10 1.0428E-09 1.1764E-09 1.3596E-09 1.5268E-09 1.7241E-09 1.9253E-09 2.1394E-09 2.3925E-09 2.6475E-09 2.9392E-09 3.2401E-09 3.5747E-09 3.9202E-09 4.2899E-09 4.6765E-09 5.0859E-09 5.5134E-09 5.9553E-09 6.4174E-09 6.9047E-09 7.3937E-09 7.8947E-09 8.3967E-09 8.8990E-09 9.4039E-09 9.8973E-09 1.0377E-08 1.0838E-08 1.1279E-08 1.1695E-08 1.2082E-08 1.2438E-08
0.0000E+00 0.0000E+00 0.0000E+00 0.0000E+00 0.0000E+00 0.0000E+00 0.0000E+00 8.6075E-13 1.7236E-11 3.0310E-11 6.0514E-11 7.6878E-11 1.0066E-10 1.3156E-10 1.6609E-10 2.1690E-10 2.6044E-10 3.1406E-10 3.5880E-10 4.2509E-10 4.8885E-10 5.5722E-10 6.3500E-10 7.2876E-10 8.3511E-10 9.5862E-10 1.0823E-09 1.2511E-09 1.4110E-09 1.5997E-09 1.7929E-09 2.0017E-09 2.2396E-09 2.4866E-09 2.7671E-09 3.0539E-09 3.3780E-09 3.7110E-09 4.0650E-09 4.4402E-09 4.8421E-09 5.2603E-09 5.6970E-09 6.1549E-09 6.6329E-09 7.1146E-09 7.6137E-09 8.1133E-09 8.6167E-09 9.1280E-09 9.6214E-09 1.0108E-08 1.0579E-08 1.1031E-08 1.1462E-08 1.1866E-08 1.2241E-08
0.0000E+00 0.0000E+00 0.0000E+00 0.0000E+00 0.0000E+00 0.0000E+00 0.0000E+00 0.0000E+00 1.5322E-11 2.4634E-11 5.3034E-11 6.9007E-11 8.2680E-11 1.1007E-10 1.4073E-10 1.7938E-10 2.3118E-10 2.7433E-10 3.2695E-10 3.8010E-10 4.4953E-10 5.1315E-10 5.8272E-10 6.7140E-10 7.7063E-10 8.8356E-10 9.9560E-10 1.1588E-09 1.3013E-09 1.4783E-09 1.6599E-09 1.8556E-09 2.0878E-09 2.3247E-09 2.5922E-09 2.8706E-09 3.1829E-09 3.5044E-09 3.8441E-09 4.2064E-09 4.5976E-09 5.0040E-09 5.4317E-09 5.8806E-09 6.3522E-09 6.8294E-09 7.3265E-09 7.8232E-09 8.3258E-09 8.8309E-09 9.3263E-09 9.8205E-09 1.0300E-08 1.0763E-08 1.1207E-08 1.1627E-08 1.2023E-08
0.0000E+00 0.0000E+00 0.0000E+00 0.0000E+00 0.0000E+00 0.0000E+00 0.0000E+00 0.0000E+00 1.3807E-11 1.7979E-11 4.5782E-11 5.9540E-11 7.5375E-11 8.8799E-11 1.1955E-10 1.4872E-10 1.9227E-10 2.4235E-10 2.8654E-10 3.4401E-10 4.0213E-10 4.6988E-10 5.3537E-10 6.1476E-10 7.0833E-10 8.1089E-10 9.1255E-10 1.0642E-09 1.1984E-09 1.3645E-09 1.5299E-09 1.7148E-09 1.9359E-09 2.1618E-09 2.4186E-09 2.6853E-09 2.9865E-09 3.2962E-09 3.6239E-09 3.9781E-09 4.3531E-09 4.7453E-09 5.1635E-09 5.6008E-09 6.0634E-09 6.5325E-09 7.0221E-09 7.5149E-09 8.0158E-09 8.5231E-09 9.0200E-09 9.5209E-09 1.0007E-08 1.0480E-08 1.0936E-08 1.1373E-08 1.1787E-08
0.0000E+00 0.0000E+00 0.0000E+00 0.0000E+00 0.0000E+00 0.0000E+00 0.0000E+00 0.0000E+00 1.2833E-11 1.5431E-11 3.5288E-11 5.2071E-11 6.4377E-11 7.9354E-11 9.6860E-11 1.2668E-10 1.5868E-10 2.0270E-10 2.5274E-10 2.9864E-10 3.6236E-10 4.1952E-10 4.8019E-10 5.6323E-10 6.4697E-10 7.4602E-10 8.3749E-10 9.7788E-10 1.1003E-09 1.2536E-09 1.4090E-09 1.5814E-09 1.7893E-09 2.0011E-09 2.2461E-09 2.5002E-09 2.7889E-09 3.0822E-09 3.3999E-09 3.7399E-09 4.1046E-09 4.4883E-09 4.8948E-09 5.3176E-09 5.7686E-09 6.2283E-09 6.7114E-09 7.1965E-09 7.6930E-09 8.1941E-09 8.6910E-09 9.1956E-09 9.6866E-09 1.0168E-08 1.0636E-08 1.1088E-08 1.1522E-08
0.0000E+00 0.0000E+00 0.0000E+00 0.0000E+00 0.0000E+00 0.0000E+00 0.0000E+00 0.0000E+00 1.2004E-11 1.3273E-11 2.9914E-11 4.1310E-11 5.6950E-11 6.7440E-11 8.4915E-11 1.0249E-10 1.2926E-10 1.6701E-10 2.1047E-10 2.6147E-10 3.1076E-10 3.7793E-10 4.3444E-10 5.0478E-10 5.9095E-10 6.7964E-10 7.6775E-10 8.9694E-10 1.0079E-09 1.1492E-09 1.2917E-09 1.4546E-09 1.6518E-09 1.8466E-09 2.0782E-09 2.3168E-09 2.5894E-09 2.8723E-09 3.1752E-09 3.5024E-09 3.8521E-09 4.2193E-09 4.6161E-09 5.0262E-09 5.4697E-09 5.9165E-09 6.3890E-09 6.8643E-09 7.3530E-09 7.8501E-09 8.3491E-09 8.8572E-09 9.3536E-09 9.8414E-09 1.0319E-08 1.0785E-08 1.1234E-08
0.0000E+00 0.0000E+00 0.0000E+00 0.0000E+00 0.0000E+00 0.0000E+00 0.0000E+00 0.0000E+00 1.0822E-11 1.1970E-11 2.5475E-11 3.2689E-11 4.7520E-11 5.8542E-11 7.2784E-11 8.9331E-11 1.1216E-10 1.3777E-10 1.7697E-10 2.1668E-10 2.6800E-10 3.2240E-10 3.7940E-10 4.5121E-10 5.2823E-10 6.1869E-10 6.9696E-10 8.1938E-10 9.2402E-10 1.0536E-09 1.1861E-09 1.3327E-09 1.5154E-09 1.6999E-09 1.9192E-09 2.1398E-09 2.3971E-09 2.6628E-09 2.9479E-09 3.2651E-09 3.5969E-09 3.9534E-09 4.3317E-09 4.7301E-09 5.1575E-09 5.5946E-09 6.0563E-09 6.5247E-09 7.0054E-09 7.4970E-09 7.9887E-09 8.4946E-09 8.9909E-09 9.4829E-09 9.9689E-09 1.0448E-08 1.0911E-08
0.0000E+00 0.0000E+00 0.0000E+00 0.0000E+00 0.0000E+00 0.0000E+00 0.0000E+00 0.0000E+00 9.6894E-12 1.0720E-11 2.2830E-11 2.6515E-11 3.5472E-11 5.0642E-11 5.9950E-11 7.6023E-11 9.4541E-11 1.1837E-10 1.4609E-10 1.8462E-10 2.2063E-10 2.7495E-10 3.3167E-10 3.9448E-10 4.7174E-10 5.4785E-10 6.2719E-10 7.4421E-10 8.3925E-10 9.6390E-10 1.0841E-09 1.2175E-09 1.3862E-09 1.5555E-09 1.7608E-09 1.9687E-09 2.2130E-09 2.4609E-09 2.7306E-09 3.0268E-09 3.3437E-09 3.6825E-09 4.0487E-09 4.4285E-09 4.8453E-09 5.2653E-09 5.7174E-09 6.1705E-09 6.6442E-09 7.1281E-09 7.6137E-09 8.1206E-09 8.6163E-09 9.1107E-09 9.6046E-09 1.0094E-08 1.0570E-08
0.0000E+00 0.0000E+00 0.0000E+00 0.0000E+00 0.0000E+00 0.0000E+00 0.0000E+00 0.0000E+00 8.6132E-12 9.5308E-12 2.0331E-11 2.2557E-11 2.8485E-11 3.8753E-11 5.2479E-11 6.2562E-11 8.1008E-11 9.9255E-11 1.2634E-10 1.5406E-10 1.9079E-10 2.2328E-10 2.7178E-10 3.4466E-10 4.0869E-10 4.8932E-10 5.5758E-10 6.6219E-10 7.6099E-10 8.7392E-10 9.8633E-10 1.1115E-09 1.2664E-09 1.4201E-09 1.6086E-09 1.7997E-09 2.0293E-09 2.2646E-09 2.5175E-09 2.8025E-09 3.0972E-09 3.4205E-09 3.7641E-09 4.1290E-09 4.5257E-09 4.9332E-09 5.3686E-09 5.8116E-09 6.2707E-09 6.7448E-09 7.2251E-09 7.7242E-09 8.2169E-09 8.7153E-09 9.2149E-09 9.7108E-09 1.0198E-08
0.0000E+00 0.0000E+00 0.0000E+00 0.0000E+00 0.0000E+00 0.0000E+00 0.0000E+00 0.0000E+00 7.5990E-12 8.4091E-12 1.7966E-11 1.9903E-11 2.2638E-11 3.0521E-11 4.0225E-11 5.3072E-11 6.5775E-11 8.4962E-11 1.0484E-10 1.3199E-10 1.5945E-10 1.9032E-10 2.2661E-10 2.7856E-10 3.5520E-10 4.2008E-10 4.8697E-10 5.9233E-10 6.7396E-10 7.8398E-10 8.9302E-10 1.0057E-09 1.1527E-09 1.2935E-09 1.4663E-09 1.6413E-09 1.8510E-09 2.0709E-09 2.3073E-09 2.5779E-09 2.8582E-09 3.1644E-09 3.4927E-09 3.8356E-09 4.2170E-09 4.6022E-09 5.0227E-09 5.4452E-09 5.8898E-09 6.3545E-09 6.8210E-09 7.3130E-09 7.8039E-09 8.2988E-09 8.8015E-09 9.3009E-09 9.7969E-09
0.0000E+00 0.0000E+00 0.0000E+00 0.0000E+00 0.0000E+00 0.0000E+00 0.0000E+00 0.0000E+00 6.6515E-12 7.3603E-12 1.5749E-11 1.7447E-11 1.9335E-11 2.3123E-11 3.1990E-11 4.1096E-11 5.4359E-11 6.8377E-11 8.9012E-11 1.0953E-10 1.3684E-10 1.6239E-10 1.9359E-10 2.3477E-10 2.9225E-10 3.5800E-10 4.1986E-10 5.1258E-10 5.9222E-10 6.9724E-10 7.9438E-10 9.0649E-10 1.0389E-09 1.1696E-09 1.3321E-09 1.4936E-09 1.6890E-09 1.8880E-09 2.1055E-09 2.3544E-09 2.6174E-09 2.9083E-09 3.2197E-09 3.5463E-09 3.9086E-09 4.2752E-09 4.6781E-09 5.0833E-09 5.5152E-09 5.9622E-09 6.4162E-09 6.8990E-09 7.3829E-09 7.8743E-09 8.3752E-09 8.8740E-09 9.3747E-09
0.0000E+00 0.0000E+00 0.0000E+00 0.0000E+00 0.0000E+00 0.0000E+00 0.0000E+00 0.0000E+00 5.7742E-12 6.3885E-12 1.3690E-11 1.5165E-11 1.6795E-11 1.8867E-11 2.3753E-11 3.2827E-11 4.0971E-11 5.5045E-11 7.0372E-11 9.2135E-11 1.1364E-10 1.4096E-10 1.6465E-10 1.9631E-10 2.3767E-10 3.0745E-10 3.5837E-10 4.4766E-10 5.1307E-10 6.0416E-10 7.0080E-10 7.9869E-10 9.2427E-10 1.0505E-09 1.1998E-09 1.3497E-09 1.5327E-09 1.7167E-09 1.9190E-09 2.1485E-09 2.3908E-09 2.6577E-09 2.9472E-09 3.2539E-09 3.5992E-09 3.9511E-09 4.3343E-09 4.7234E-09 5.1351E-09 5.5664E-09 6.0065E-09 6.4782E-09 6.9524E-09 7.4374E-09 7.9312E-09 8.4255E-09 8.9276E-09
0.0000E+00 0.0000E+00 0.0000E+00 0.0000E+00 0.0000E+00 0.0000E+00 0.0000E+00 0.0000E+00 3.3566E-12 5.1518E-12 1.1698E-11 1.3063E-11 1.4464E-11 1.6011E-11 1.8522E-11 2.4230E-11 3.3307E-11 4.1867E-11 5.5426E-11 7.1899E-11 9.4685E-11 1.1584E-10 1.4249E-10 1.6435E-10 1.9595E-10 2.4712E-10 3.1144E-10 3.8526E-10 4.4483E-10 5.2902E-10 6.0483E-10 6.9414E-10 8.1355E-10 9.2432E-10 1.0650E-09 1.2100E-09 1.3790E-09 1.5511E-09 1.7397E-09 1.9520E-09 2.1766E-09 2.4248E-09 2.6921E-09 2.9760E-09 3.2954E-09 3.6210E-09 3.9837E-09 4.3532E-09 4.7491E-09 5.1690E-09 5.5989E-09 6.0596E-09 6.5172E-09 6.9916E-09 7.4740E-09 7.9601E-09 8.4591E-09
0.0000E+00 0.0000E+00 0.0000E+00 0.0000E+00 0.0000E+00 0.0000E+00 0.0000E+00 0.0000E+00 0.0000E+00 0.0000E+00 3.3877E-12 9.1947E-12 1.2162E-11 1.3652E-11 1.5156E-11 1.8225E-11 2.4664E-11 3.2832E-11 4.2099E-11 5.6685E-11 7.2839E-11 9.6850E-11 1.1718E-10 1.4226E-10 1.6394E-10 1.9583E-10 2.4915E-10 3.3081E-10 3.8658E-10 4.5757E-10 5.2551E-10 6.0635E-10 7.0535E-10 8.0634E-10 9.3771E-10 1.0627E-09 1.2210E-09 1.3820E-09 1.5600E-09 1.7594E-09 1.9694E-09 2.1990E-09 2.4473E-09 2.7110E-09 3.0097E-09 3.3149E-09 3.6549E-09 4.0018E-09 4.3758E-09 4.7715E-09 5.1770E-09 5.6178E-09 6.0581E-09 6.5180E-09 6.9932E-09 7.4703E-09 7.9609E-09
0.0000E+00 0.0000E+00 0.0000E+00 0.0000E+00 0.0000E+00 0.0000E+00 0.0000E+00 0.0000E+00 0.0000E+00 0.0000E+00 0.0000E+00 0.0000E+00 0.0000E+00 4.3955E-12 1.2237E-11 1.4280E-11 1.7821E-11 2.4311E-11 3.1886E-11 4.0856E-11 5.5954E-11 7.2421E-11 9.7885E-11 1.1852E-10 1.4101E-10 1.6442E-10 1.9819E-10 2.7077E-10 3.2768E-10 3.9419E-10 4.5858E-10 5.2390E-10 6.1758E-10 7.0651E-10 8.1904E-10 9.3348E-10 1.0771E-09 1.2221E-09 1.3794E-09 1.5613E-09 1.7576E-09 1.9703E-09 2.2058E-09 2.4515E-09 2.7308E-09 3.0158E-09 3.3354E-09 3.6621E-09 4.0164E-09 4.3918E-09 4.7767E-09 5.1972E-09 5.6169E-09 6.0586E-09 6.5070E-09 6.9655E-09 7.4413E-09
0.0000E+00 0.0000E+00 0.0000E+00 0.0000E+00 0.0000E+00 0.0000E+00 0.0000E+00 0.0000E+00 0.0000E+00 0.0000E+00 0.0000E+00 0.0000E+00 0.0000E+00 0.0000E+00 0.0000E+00 0.0000E+00 4.9147E-12 1.7159E-11 2.3495E-11 3.0529E-11 3.8093E-11 5.5415E-11 7.2646E-11 9.8169E-11 1.1716E-10 1.3847E-10 1.5965E-10 2.1021E-10 2.7138E-10 3.3719E-10 3.9288E-10 4.5200E-10 5.3775E-10 6.1294E-10 7.1558E-10 8.1707E-10 9.4798E-10 1.0753E-09 1.2212E-09 1.3865E-09 1.5596E-09 1.7558E-09 1.9656E-09 2.1943E-09 2.4548E-09 2.7215E-09 3.0209E-09 3.3266E-09 3.6590E-09 4.0116E-09 4.3742E-09 4.7726E-09 5.1707E-09 5.5922E-09 6.0198E-09 6.4604E-09 6.9185E-09
0.0000E+00 0.0000E+00 0.0000E+00 0.0000E+00 0.0000E+00 0.0000E+00 0.0000E+00 0.0000E+00 0.0000E+00 0.0000E+00 0.0000E+00 0.0000E+00 0.0000E+00 0.0000E+00 0.0000E+00 0.0000E+00 0.0000E+00 7.0237E-13 3.4194E-12 1.2050E-11 2.9145E-11 3.7260E-11 5.5560E-11 7.3486E-11 9.7521E-11 1.1351E-10 1.3200E-10 1.6694E-10 2.0834E-10 2.8117E-10 3.3374E-10 3.8859E-10 4.6117E-10 5.3094E-10 6.2209E-10 7.1515E-10 8.2994E-10 9.4595E-10 1.0761E-09 1.2195E-09 1.3812E-09 1.5564E-09 1.7485E-09 1.9600E-09 2.2001E-09 2.4427E-09 2.7187E-09 3.0075E-09 3.3159E-09 3.6461E-09 3.9836E-09 4.3571E-09 4.7306E-09 5.1288E-09 5.5336E-09 5.9529E-09 6.3899E-09
0.0000E+00 0.0000E+00 0.0000E+00 0.0000E+00 0.0000E+00 0.0000E+00 0.0000E+00 0.0000E+00 0.0000E+00 0.0000E+00 0.0000E+00 0.0000E+00 0.0000E+00 0.0000E+00 0.0000E+00 0.0000E+00 0.0000E+00 2.5218E-14 9.2174E-13 3.7003E-12 8.0129E-12 1.3321E-11 2.2972E-11 5.3930E-11 7.2166E-11 9.4166E-11 1.0872E-10 1.3840E-10 1.6371E-10 2.1906E-10 2.7683E-10 3.2889E-10 3.9880E-10 4.5964E-10 5.4170E-10 6.1813E-10 7.2313E-10 8.2924E-10 9.4257E-10 1.0718E-09 1.2165E-09 1.3709E-09 1.5511E-09 1.7399E-09 1.9591E-09 2.1811E-09 2.4378E-09 2.7014E-09 2.9871E-09 3.2902E-09 3.6024E-09 3.9523E-09 4.2999E-09 4.6787E-09 5.0580E-09 5.4526E-09 5.8653E-09
0.0000E+00 0.0000E+00 0.0000E+00 0.0000E+00 0.0000E+00 0.0000E+00 0.0000E+00 0.0000E+00 0.0000E+00 0.0000E+00 0.0000E+00 0.0000E+00 0.0000E+00 0.0000E+00 0.0000E+00 0.0000E+00 0.0000E+00 0.0000E+00 5.8313E-14 1.0563E-12 3.7683E-12 7.7650E-12 1.2904E-11 1.7160E-11 3.0148E-11 5.5757E-11 8.7997E-11 1.1543E-10 1.3500E-10 1.7399E-10 2.1772E-10 2.7271E-10 3.3777E-10 3.9686E-10 4.7023E-10 5.3932E-10 6.3103E-10 7.1919E-10 8.2209E-10 9.3620E-10 1.0638E-09 1.2089E-09 1.3677E-09 1.5390E-09 1.7355E-09 1.9399E-09 2.1756E-09 2.4130E-09 2.6721E-09 2.9490E-09 3.2375E-09 3.5579E-09 3.8786E-09 4.2302E-09 4.5824E-09 4.9502E-09 5.3379E-09
0.0000E+00 0.0000E+00 0.0000E+00 0.0000E+00 0.0000E+00 0.0000E+00 0.0000E+00 0.0000E+00 0.0000E+00 0.0000E+00 0.0000E+00 0.0000E+00 0.0000E+00 0.0000E+00 0.0000E+00 0.0000E+00 0.0000E+00 0.0000E+00 0.0000E+00 7.1993E-14 1.0741E-12 3.6197E-12 7.3123E-12 1.2275E-11 1.6512E-11 3.0216E-11 4.7755E-11 8.0016E-11 9.8175E-11 1.3619E-10 1.7190E-10 2.1482E-10 2.7868E-10 3.3585E-10 4.0554E-10 4.6771E-10 5.4860E-10 6.2833E-10 7.1738E-10 8.1658E-10 9.3281E-10 1.0587E-09 1.1990E-09 1.3526E-09 1.5335E-09 1.7192E-09 1.9294E-09 2.1408E-09 2.3761E-09 2.6306E-09 2.8903E-09 3.1835E-09 3.4784E-09 3.7941E-09 4.1237E-09 4.4653E-09 4.8218E-09
0.0000E+00 0.0000E+00 0.0000E+00 0.0000E+00 0.0000E+00 0.0000E+00 0.0000E+00 0.0000E+00 0.0000E+00 0.0000E+00 0.0000E+00 0.0000E+00 0.0000E+00 0.0000E+00 0.0000E+00 0.0000E+00 0.0000E+00 0.0000E+00 0.0000E+00 0.0000E+00 6.5519E-14 9.8359E-13 3.2810E-12 6.3633E-12 1.1373E-11 1.5932E-11 2.8626E-11 5.5239E-11 7.7047E-11 1.0776E-10 1.2691E-10 1.5510E-10 2.1365E-10 2.6484E-10 3.3785E-10 3.9517E-10 4.7058E-10 5.4160E-10 6.1995E-10 7.1146E-10 8.1415E-10 9.2653E-10 1.0504E-09 1.1902E-09 1.3497E-09 1.5106E-09 1.6984E-09 1.8891E-09 2.1008E-09 2.3290E-09 2.5626E-09 2.8297E-09 3.0973E-09 3.3848E-09 3.6809E-09 3.9919E-09 4.3186E-09
0.0000E+00 0.0000E+00 0.0000E+00 0.0000E+00 0.0000E+00 0.0000E+00 0.0000E+00 0.0000E+00 0.0000E+00 0.0000E+00 0.0000E+00 0.0000E+00 0.0000E+00 0.0000E+00 0.0000E+00 0.0000E+00 0.0000E+00 0.0000E+00 0.0000E+00 0.0000E+00 0.0000E+00 3.8999E-14 8.1097E-13 2.8131E-12 5.5996E-12 1.0281E-11 1.4291E-11 3.5185E-11 5.7540E-11 8.7519E-11 1.0774E-10 1.2680E-10 1.6472E-10 2.1066E-10 2.7000E-10 3.2876E-10 3.9920E-10 4.5999E-10 5.2950E-10 6.0636E-10 6.9624E-10 8.0092E-10 9.1543E-10 1.0403E-09 1.1835E-09 1.3271E-09 1.4940E-09 1.6635E-09 1.8518E-09 2.0552E-09 2.2650E-09 2.5042E-09 2.7430E-09 3.0000E-09 3.2679E-09 3.5499E-09 3.8471E-09
