Assets/Resources/2015_m01_d03_0400(utc+0800)_l00_csi_1hr_conc.grd
DSAA
         159         159
     -79.000      79.000
     -79.000      79.000
  0.0000E+00  0.6050E-04
[rows 25 to 49 of 159, columns 0 to 56 of 159]
1.6679E-10 1.8324E-10 2.0044E-10 2.1895E-10 2.3886E-10 2.6023E-10 2.8362E-10 3.0763E-10 3.3381E-10 3.6223E-10 3.9144E-10 4.2304E-10 4.5654E-10 4.9210E-10 5.2968E-10 5.6881E-10 6.1169E-10 6.5524E-10 7.0208E-10 7.5224E-10 8.0279E-10 8.5671E-10 9.1296E-10 9.7172E-10 1.0317E-09 1.0952E-09 1.1610E-09 1.2291E-09 1.2983E-09 1.3708E-09 1.4454E-09 1.5208E-09 1.5993E-09 1.6784E-09 1.7604E-09 1.8438E-09 1.9273E-09 2.0119E-09 2.0974E-09 2.1836E-09 2.2702E-09 2.3571E-09 2.4439E-09 2.5305E-09 2.6166E-09 2.7019E-09 2.7862E-09 2.8691E-09 2.9494E-09 3.0251E-09 3.0952E-09 3.1593E-09 3.2162E-09 3.2516E-09 3.2616E-09 3.2646E-09 3.2615E-09
1.6810E-10 1.8420E-10 2.0156E-10 2.2075E-10 2.4086E-10 2.6194E-10 2.8560E-10 3.1037E-10 3.3631E-10 3.6507E-10 3.9514E-10 4.2658E-10 4.6105E-10 4.9649E-10 5.3454E-10 5.7573E-10 6.1765E-10 6.6283E-10 7.1028E-10 7.6025E-10 8.1257E-10 8.6626E-10 9.2449E-10 9.8311E-10 1.0452E-09 1.1097E-09 1.1766E-09 1.2448E-09 1.3163E-09 1.3890E-09 1.4649E-09 1.5429E-09 1.6217E-09 1.7036E-09 1.7871E-09 1.8709E-09 1.9561E-09 2.0424E-09 2.1297E-09 2.2176E-09 2.3060E-09 2.3947E-09 2.4835E-09 2.5720E-09 2.6599E-09 2.7472E-09 2.8334E-09 2.9182E-09 3.0002E-09 3.0773E-09 3.1484E-09 3.2132E-09 3.2703E-09 3.3049E-09 3.3149E-09 3.3179E-09 3.3147E-09
1.6927E-10 1.8550E-10 2.0301E-10 2.2189E-10 2.4218E-10 2.6446E-10 2.8734E-10 3.1236E-10 3.3960E-10 3.6763E-10 3.9802E-10 4.3085E-10 4.6467E-10 5.0106E-10 5.3900E-10 5.8074E-10 6.2418E-10 6.6894E-10 7.1812E-10 7.6771E-10 8.2078E-10 8.7626E-10 9.3438E-10 9.9493E-10 1.0569E-09 1.1224E-09 1.1904E-09 1.2608E-09 1.3324E-09 1.4075E-09 1.4848E-09 1.5630E-09 1.6444E-09 1.7265E-09 1.8117E-09 1.8971E-09 1.9839E-09 2.0719E-09 2.1608E-09 2.2505E-09 2.3407E-09 2.4312E-09 2.5218E-09 2.6122E-09 2.7021E-09 2.7912E-09 2.8793E-09 2.9661E-09 3.0497E-09 3.1282E-09 3.2003E-09 3.2657E-09 3.3230E-09 3.3569E-09 3.3669E-09 3.3726E-09 3.3757E-09
1.6983E-10 1.8618E-10 2.0431E-10 2.2333E-10 2.4330E-10 2.6579E-10 2.8937E-10 3.1410E-10 3.4161E-10 3.7042E-10 4.0058E-10 4.3377E-10 4.6845E-10 5.0470E-10 5.4462E-10 5.8530E-10 6.2927E-10 6.7658E-10 7.2442E-10 7.7569E-10 8.2839E-10 8.8577E-10 9.4358E-10 1.0050E-09 1.0690E-09 1.1355E-09 1.2034E-09 1.2749E-09 1.3488E-09 1.4239E-09 1.5026E-09 1.5833E-09 1.6650E-09 1.7498E-09 1.8352E-09 1.9221E-09 2.0105E-09 2.1001E-09 2.1907E-09 2.2821E-09 2.3741E-09 2.4664E-09 2.5588E-09 2.6510E-09 2.7428E-09 2.8338E-09 2.9239E-09 3.0126E-09 3.0978E-09 3.1775E-09 3.2508E-09 3.3166E-09 3.3741E-09 3.4073E-09 3.4229E-09 3.4300E-09 3.4282E-09
1.7023E-10 1.8669E-10 2.0496E-10 2.2412E-10 2.4473E-10 2.6689E-10 2.9066E-10 3.1661E-10 3.4334E-10 3.7240E-10 4.0388E-10 4.3634E-10 4.7135E-10 5.0793E-10 5.4831E-10 5.9041E-10 6.3386E-10 6.8178E-10 7.3014E-10 7.8205E-10 8.3752E-10 8.9356E-10 9.5322E-10 1.0144E-09 1.0803E-09 1.1467E-09 1.2168E-09 1.2882E-09 1.3632E-09 1.4407E-09 1.5193E-09 1.6014E-09 1.6857E-09 1.7707E-09 1.8575E-09 1.9460E-09 2.0359E-09 2.1270E-09 2.2193E-09 2.3124E-09 2.4061E-09 2.5002E-09 2.5944E-09 2.6884E-09 2.7821E-09 2.8750E-09 2.9669E-09 3.0575E-09 3.1443E-09 3.2253E-09 3.2995E-09 3.3660E-09 3.4237E-09 3.4646E-09 3.4762E-09 3.4810E-09 3.4796E-09
1.7100E-10 1.8755E-10 2.0543E-10 2.2471E-10 2.4596E-10 2.6827E-10 2.9170E-10 3.1786E-10 3.4530E-10 3.7406E-10 4.0582E-10 4.3853E-10 4.7385E-10 5.1232E-10 5.5155E-10 5.9408E-10 6.3998E-10 6.8643E-10 7.3637E-10 7.8779E-10 8.4398E-10 9.0173E-10 9.6106E-10 1.0241E-09 1.0898E-09 1.1582E-09 1.2281E-09 1.3017E-09 1.3778E-09 1.4553E-09 1.5363E-09 1.6197E-09 1.7040E-09 1.7904E-09 1.8786E-09 1.9685E-09 2.0599E-09 2.1526E-09 2.2465E-09 2.3412E-09 2.4366E-09 2.5324E-09 2.6284E-09 2.7242E-09 2.8197E-09 2.9145E-09 3.0083E-09 3.1008E-09 3.1890E-09 3.2713E-09 3.3465E-09 3.4135E-09 3.4800E-09 3.5130E-09 3.5252E-09 3.5307E-09 3.5355E-09
1.7112E-10 1.8824E-10 2.0622E-10 2.2560E-10 2.4648E-10 2.6893E-10 2.9300E-10 3.1883E-10 3.4645E-10 3.7644E-10 4.0741E-10 4.4090E-10 4.7594E-10 5.1478E-10 5.5533E-10 5.9724E-10 6.4364E-10 6.9154E-10 7.4097E-10 7.9505E-10 8.4975E-10 9.0816E-10 9.6920E-10 1.0331E-09 1.0985E-09 1.1677E-09 1.2396E-09 1.3130E-09 1.3903E-09 1.4700E-09 1.5510E-09 1.6356E-09 1.7212E-09 1.8088E-09 1.8984E-09 1.9896E-09 2.0825E-09 2.1767E-09 2.2721E-09 2.3684E-09 2.4655E-09 2.5630E-09 2.6607E-09 2.7583E-09 2.8556E-09 2.9522E-09 3.0478E-09 3.1422E-09 3.2319E-09 3.3154E-09 3.3915E-09 3.4679E-09 3.5271E-09 3.5597E-09 3.5727E-09 3.5878E-09 3.5888E-09
1.7158E-10 1.8829E-10 2.0634E-10 2.2581E-10 2.4678E-10 2.6934E-10 2.9407E-10 3.2003E-10 3.4729E-10 3.7749E-10 4.0863E-10 4.4235E-10 4.7918E-10 5.1678E-10 5.5766E-10 6.0192E-10 6.4674E-10 6.9508E-10 7.4492E-10 7.9960E-10 8.5589E-10 9.1383E-10 9.7553E-10 1.0401E-09 1.1074E-09 1.1763E-09 1.2491E-09 1.3246E-09 1.4016E-09 1.4824E-09 1.5657E-09 1.6502E-09 1.7370E-09 1.8259E-09 1.9167E-09 2.0093E-09 2.1036E-09 2.1992E-09 2.2961E-09 2.3940E-09 2.4927E-09 2.5918E-09 2.6912E-09 2.7906E-09 2.8896E-09 2.9879E-09 3.0854E-09 3.1816E-09 3.2727E-09 3.3574E-09 3.4432E-09 3.5127E-09 3.5722E-09 3.6046E-09 3.6276E-09 3.6359E-09 3.6379E-09
1.7141E-10 1.8816E-10 2.0627E-10 2.2632E-10 2.4738E-10 2.6950E-10 2.9436E-10 3.2044E-10 3.4782E-10 3.7820E-10 4.1003E-10 4.4340E-10 4.8050E-10 5.1931E-10 5.5949E-10 6.0413E-10 6.4927E-10 6.9800E-10 7.5040E-10 8.0345E-10 8.6026E-10 9.1977E-10 9.8219E-10 1.0463E-09 1.1143E-09 1.1851E-09 1.2587E-09 1.3339E-09 1.4131E-09 1.4936E-09 1.5780E-09 1.6636E-09 1.7515E-09 1.8415E-09 1.9336E-09 2.0275E-09 2.1230E-09 2.2201E-09 2.3184E-09 2.4178E-09 2.5180E-09 2.6188E-09 2.7198E-09 2.8208E-09 2.9215E-09 3.0216E-09 3.1208E-09 3.2188E-09 3.3113E-09 3.4060E-09 3.4850E-09 3.5553E-09 3.6152E-09 3.6568E-09 3.6730E-09 3.6826E-09 3.6858E-09
1.7157E-10 1.8837E-10 2.0652E-10 2.2612E-10 2.4724E-10 2.7046E-10 2.9438E-10 3.2056E-10 3.4909E-10 3.7855E-10 4.1053E-10 4.4557E-10 4.8137E-10 5.2042E-10 5.6183E-10 6.0580E-10 6.5228E-10 7.0029E-10 7.5315E-10 8.0766E-10 8.6387E-10 9.2390E-10 9.8690E-10 1.0527E-09 1.1202E-09 1.1917E-09 1.2661E-09 1.3433E-09 1.4222E-09 1.5049E-09 1.5890E-09 1.6756E-09 1.7645E-09 1.8556E-09 1.9488E-09 2.0440E-09 2.1408E-09 2.2392E-09 2.3389E-09 2.4397E-09 2.5414E-09 2.6437E-09 2.7463E-09 2.8489E-09 2.9513E-09 3.0531E-09 3.1540E-09 3.2537E-09 3.3563E-09 3.4446E-09 3.5245E-09 3.5957E-09 3.6653E-09 3.6991E-09 3.7166E-09 3.7276E-09 3.7418E-09
1.7109E-10 1.8790E-10 2.0608E-10 2.2571E-10 2.4687E-10 2.7016E-10 2.9464E-10 3.2037E-10 3.4901E-10 3.7908E-10 4.1064E-10 4.4586E-10 4.8179E-10 5.2104E-10 5.6371E-10 6.0690E-10 6.5366E-10 7.0408E-10 7.5520E-10 8.1010E-10 8.6774E-10 9.2836E-10 9.9070E-10 1.0571E-09 1.1263E-09 1.1985E-09 1.2724E-09 1.3504E-09 1.4312E-09 1.5136E-09 1.5986E-09 1.6861E-09 1.7760E-09 1.8682E-09 1.9625E-09 2.0588E-09 2.1568E-09 2.2565E-09 2.3575E-09 2.4597E-09 2.5628E-09 2.6665E-09 2.7706E-09 2.8748E-09 2.9788E-09 3.0822E-09 3.1848E-09 3.2948E-09 3.3912E-09 3.4807E-09 3.5616E-09 3.6431E-09 3.7050E-09 3.7393E-09 3.7583E-09 3.7808E-09 3.7882E-09
1.7045E-10 1.8726E-10 2.0595E-10 2.2561E-10 2.4678E-10 2.6960E-10 2.9412E-10 3.1987E-10 3.4860E-10 3.7873E-10 4.1035E-10 4.4573E-10 4.8278E-10 5.2116E-10 5.6407E-10 6.0847E-10 6.5442E-10 7.0517E-10 7.5761E-10 8.1179E-10 8.6980E-10 9.3084E-10 9.9474E-10 1.0604E-09 1.1302E-09 1.2030E-09 1.2788E-09 1.3563E-09 1.4378E-09 1.5210E-09 1.6068E-09 1.6951E-09 1.7859E-09 1.8791E-09 1.9744E-09 2.0717E-09 2.1709E-09 2.2718E-09 2.3740E-09 2.4775E-09 2.5819E-09 2.6871E-09 2.7926E-09 2.8983E-09 3.0038E-09 3.1088E-09 3.2214E-09 3.3259E-09 3.4236E-09 3.5142E-09 3.6054E-09 3.6798E-09 3.7423E-09 3.7773E-09 3.8080E-09 3.8239E-09 3.8332E-09
1.7015E-10 1.8695E-10 2.0514E-10 2.2478E-10 2.4596E-10 2.6878E-10 2.9331E-10 3.2014E-10 3.4784E-10 3.7802E-10 4.1123E-10 4.4515E-10 4.8231E-10 5.2283E-10 5.6388E-10 6.0846E-10 6.5665E-10 7.0558E-10 7.5828E-10 8.1269E-10 8.7219E-10 9.3243E-10 9.9674E-10 1.0640E-09 1.1343E-09 1.2065E-09 1.2828E-09 1.3620E-09 1.4431E-09 1.5269E-09 1.6135E-09 1.7026E-09 1.7942E-09 1.8883E-09 1.9845E-09 2.0829E-09 2.1831E-09 2.2850E-09 2.3885E-09 2.4931E-09 2.5988E-09 2.7053E-09 2.8122E-09 2.9193E-09 3.0263E-09 3.1409E-09 3.2480E-09 3.3542E-09 3.4532E-09 3.5540E-09 3.6384E-09 3.7140E-09 3.7771E-09 3.8230E-09 3.8471E-09 3.8651E-09 3.8766E-09
1.6920E-10 1.8597E-10 2.0412E-10 2.2374E-10 2.4541E-10 2.6822E-10 2.9221E-10 3.1906E-10 3.4728E-10 3.7693E-10 4.1021E-10 4.4514E-10 4.8137E-10 5.2202E-10 5.6416E-10 6.0784E-10 6.5623E-10 7.0530E-10 7.5820E-10 8.1389E-10 8.7262E-10 9.3425E-10 9.9776E-10 1.0654E-09 1.1361E-09 1.2099E-09 1.2856E-09 1.3654E-09 1.4470E-09 1.5314E-09 1.6186E-09 1.7084E-09 1.8008E-09 1.8957E-09 1.9928E-09 2.0920E-09 2.1932E-09 2.2962E-09 2.4007E-09 2.5065E-09 2.6134E-09 2.7211E-09 2.8293E-09 2.9377E-09 3.0489E-09 3.1631E-09 3.2719E-09 3.3797E-09 3.4889E-09 3.5831E-09 3.6687E-09 3.7455E-09 3.8191E-09 3.8577E-09 3.8841E-09 3.9044E-09 3.9290E-09
1.6808E-10 1.8481E-10 2.0342E-10 2.2248E-10 2.4413E-10 2.6689E-10 2.9083E-10 3.1767E-10 3.4586E-10 3.7547E-10 4.0878E-10 4.4373E-10 4.7995E-10 5.2069E-10 5.6289E-10 6.0661E-10 6.5517E-10 7.0540E-10 7.5737E-10 8.1437E-10 8.7219E-10 9.3407E-10 9.9891E-10 1.0669E-09 1.1369E-09 1.2110E-09 1.2871E-09 1.3674E-09 1.4495E-09 1.5344E-09 1.6222E-09 1.7126E-09 1.8057E-09 1.9012E-09 1.9991E-09 2.0992E-09 2.2013E-09 2.3051E-09 2.4106E-09 2.5175E-09 2.6255E-09 2.7343E-09 2.8437E-09 2.9534E-09 3.0717E-09 3.1825E-09 3.2928E-09 3.4083E-09 3.5138E-09 3.6093E-09 3.6961E-09 3.7837E-09 3.8498E-09 3.8901E-09 3.9188E-09 3.9523E-09 3.9706E-09
1.6681E-10 1.8397E-10 2.0202E-10 2.2153E-10 2.4260E-10 2.6530E-10 2.9022E-10 3.1596E-10 3.4409E-10 3.7519E-10 4.0694E-10 4.4187E-10 4.8011E-10 5.1884E-10 5.6106E-10 6.0690E-10 6.5344E-10 7.0375E-10 7.5683E-10 8.1296E-10 8.7087E-10 9.3294E-10 9.9800E-10 1.0663E-09 1.1364E-09 1.2110E-09 1.2885E-09 1.3681E-09 1.4505E-09 1.5359E-09 1.6241E-09 1.7151E-09 1.8087E-09 1.9049E-09 2.0035E-09 2.1043E-09 2.2071E-09 2.3118E-09 2.4182E-09 2.5260E-09 2.6350E-09 2.7449E-09 2.8554E-09 2.9744E-09 3.0867E-09 3.1989E-09 3.3137E-09 3.4315E-09 3.5357E-09 3.6324E-09 3.7299E-09 3.8105E-09 3.8778E-09 3.9199E-09 3.9618E-09 3.9891E-09 4.0105E-09
1.6588E-10 1.8246E-10 2.0043E-10 2.1985E-10 2.4084E-10 2.6345E-10 2.8830E-10 3.1393E-10 3.4198E-10 3.7303E-10 4.0469E-10 4.3956E-10 4.7780E-10 5.1748E-10 5.5866E-10 6.0453E-10 6.5104E-10 7.0138E-10 7.5450E-10 8.1070E-10 8.6983E-10 9.3085E-10 9.9606E-10 1.0645E-09 1.1361E-09 1.2096E-09 1.2875E-09 1.3673E-09 1.4501E-09 1.5358E-09 1.6244E-09 1.7158E-09 1.8099E-09 1.9066E-09 2.0058E-09 2.1072E-09 2.2107E-09 2.3162E-09 2.4234E-09 2.5320E-09 2.6419E-09 2.7527E-09 2.8670E-09 2.9852E-09 3.0988E-09 3.2123E-09 3.3348E-09 3.4490E-09 3.5544E-09 3.6587E-09 3.7523E-09 3.8342E-09 3.9028E-09 3.9574E-09 3.9933E-09 4.0238E-09 4.0485E-09
1.6430E-10 1.8078E-10 1.9865E-10 2.1848E-10 2.3935E-10 2.6134E-10 2.8609E-10 3.1213E-10 3.3952E-10 3.7050E-10 4.0304E-10 4.3681E-10 4.7500E-10 5.1461E-10 5.5568E-10 6.0155E-10 6.4906E-10 6.9828E-10 7.5255E-10 8.0761E-10 8.6677E-10 9.2893E-10 9.9432E-10 1.0617E-09 1.1334E-09 1.2083E-09 1.2852E-09 1.3651E-09 1.4481E-09 1.5341E-09 1.6230E-09 1.7148E-09 1.8093E-09 1.9064E-09 2.0060E-09 2.1080E-09 2.2121E-09 2.3181E-09 2.4260E-09 2.5354E-09 2.6460E-09 2.7577E-09 2.8786E-09 2.9930E-09 3.1077E-09 3.2312E-09 3.3474E-09 3.4632E-09 3.5729E-09 3.6792E-09 3.7715E-09 3.8548E-09 3.9319E-09 3.9832E-09 4.0223E-09 4.0561E-09 4.0937E-09
1.6257E-10 1.7893E-10 1.9667E-10 2.1638E-10 2.3713E-10 2.5896E-10 2.8360E-10 3.0950E-10 3.3772E-10 3.6759E-10 4.0001E-10 4.3466E-10 4.7172E-10 5.1121E-10 5.5424E-10 5.9794E-10 6.4536E-10 6.9552E-10 7.4871E-10 8.0479E-10 8.6281E-10 9.2495E-10 9.9037E-10 1.0589E-09 1.1295E-09 1.2045E-09 1.2814E-09 1.3615E-09 1.4446E-09 1.5308E-09 1.6199E-09 1.7119E-09 1.8067E-09 1.9041E-09 2.0041E-09 2.1065E-09 2.2111E-09 2.3177E-09 2.4261E-09 2.5361E-09 2.6474E-09 2.7653E-09 2.8823E-09 2.9977E-09 3.1165E-09 3.2391E-09 3.3567E-09 3.4740E-09 3.5915E-09 3.6936E-09 3.7874E-09 3.8757E-09 3.9552E-09 4.0062E-09 4.0487E-09 4.0951E-09 4.1289E-09
1.6068E-10 1.7741E-10 1.9502E-10 2.1408E-10 2.3468E-10 2.5688E-10 2.8082E-10 3.0655E-10 3.3516E-10 3.6431E-10 3.9657E-10 4.3207E-10 4.6795E-10 5.0728E-10 5.5020E-10 5.9371E-10 6.4099E-10 6.9101E-10 7.4408E-10 8.0006E-10 8.5793E-10 9.2118E-10 9.8536E-10 1.0539E-09 1.1244E-09 1.1994E-09 1.2763E-09 1.3564E-09 1.4396E-09 1.5258E-09 1.6151E-09 1.7072E-09 1.8022E-09 1.8998E-09 2.0001E-09 2.1027E-09 2.2077E-09 2.3147E-09 2.4235E-09 2.5340E-09 2.6459E-09 2.7675E-09 2.8830E-09 2.9992E-09 3.1250E-09 3.2437E-09 3.3626E-09 3.4877E-09 3.6011E-09 3.7045E-09 3.7998E-09 3.8971E-09 3.9723E-09 4.0263E-09 4.0784E-09 4.1239E-09 4.1619E-09
1.5913E-10 1.7523E-10 1.9268E-10 2.1158E-10 2.3200E-10 2.5454E-10 2.7777E-10 3.0330E-10 3.3174E-10 3.6067E-10 3.9272E-10 4.2806E-10 4.6474E-10 5.0284E-10 5.4558E-10 5.8994E-10 6.3595E-10 6.8692E-10 7.3868E-10 7.9448E-10 8.5327E-10 9.1530E-10 9.7931E-10 1.0477E-09 1.1193E-09 1.1930E-09 1.2699E-09 1.3499E-09 1.4330E-09 1.5192E-09 1.6084E-09 1.7006E-09 1.7957E-09 1.8934E-09 1.9938E-09 2.0967E-09 2.2019E-09 2.3091E-09 2.4183E-09 2.5292E-09 2.6470E-09 2.7644E-09 2.8805E-09 3.0034E-09 3.1251E-09 3.2449E-09 3.3682E-09 3.4950E-09 3.6071E-09 3.7118E-09 3.8192E-09 3.9090E-09 3.9861E-09 4.0463E-09 4.1030E-09 4.1500E-09 4.1925E-09
1.5696E-10 1.7289E-10 1.9016E-10 2.0887E-10 2.2909E-10 2.5145E-10 2.7498E-10 2.9976E-10 3.2799E-10 3.5768E-10 3.8849E-10 4.2361E-10 4.6006E-10 4.9787E-10 5.4041E-10 5.8452E-10 6.3025E-10 6.8101E-10 7.3249E-10 7.8807E-10 8.4662E-10 9.0845E-10 9.7340E-10 1.0404E-09 1.1119E-09 1.1854E-09 1.2620E-09 1.3419E-09 1.4248E-09 1.5109E-09 1.6001E-09 1.6922E-09 1.7872E-09 1.8850E-09 1.9854E-09 2.0883E-09 2.1936E-09 2.3011E-09 2.4105E-09 2.5216E-09 2.6427E-09 2.7582E-09 2.8749E-09 3.0017E-09 3.1218E-09 3.2426E-09 3.3734E-09 3.4960E-09 3.6095E-09 3.7224E-09 3.8256E-09 3.9172E-09 3.9964E-09 4.0666E-09 4.1219E-09 4.1792E-09 4.2369E-09
1.5464E-10 1.7038E-10 1.8797E-10 2.0648E-10 2.2598E-10 2.4811E-10 2.7141E-10 2.9592E-10 3.2392E-10 3.5335E-10 3.8490E-10 4.1874E-10 4.5491E-10 4.9451E-10 5.3468E-10 5.7850E-10 6.2495E-10 6.7440E-10 7.2667E-10 7.8082E-10 8.3908E-10 9.0063E-10 9.6531E-10 1.0320E-09 1.1032E-09 1.1764E-09 1.2528E-09 1.3324E-09 1.4151E-09 1.5010E-09 1.5899E-09 1.6819E-09 1.7767E-09 1.8744E-09 1.9747E-09 2.0776E-09 2.1829E-09 2.2904E-09 2.3999E-09 2.5140E-09 2.6331E-09 2.7490E-09 2.8719E-09 2.9942E-09 3.1151E-09 3.2400E-09 3.3695E-09 3.4932E-09 3.6080E-09 3.7263E-09 3.8283E-09 3.9218E-09 4.0122E-09 4.0781E-09 4.1377E-09 4.2129E-09 4.2799E-09
1.5218E-10 1.6773E-10 1.8511E-10 2.0340E-10 2.2265E-10 2.4454E-10 2.6758E-10 2.9281E-10 3.1953E-10 3.4868E-10 3.8092E-10 4.1346E-10 4.4930E-10 4.8860E-10 5.2841E-10 5.7188E-10 6.1909E-10 6.6708E-10 7.1900E-10 7.7274E-10 8.3187E-10 8.9185E-10 9.5618E-10 1.0237E-09 1.0934E-09 1.1662E-09 1.2422E-09 1.3215E-09 1.4039E-09 1.4894E-09 1.5780E-09 1.6697E-09 1.7643E-09 1.8617E-09 1.9619E-09 2.0646E-09 2.1697E-09 2.2771E-09 2.3865E-09 2.5036E-09 2.6205E-09 2.7366E-09 2.8630E-09 2.9834E-09 3.1049E-09 3.2370E-09 3.3620E-09 3.4865E-09 3.6099E-09 3.7234E-09 3.8272E-09 3.9257E-09 4.0164E-09 4.0863E-09 4.1594E-09 4.2423E-09 4.3233E-09
1.4960E-10 1.6493E-10 1.8209E-10 2.0013E-10 2.1965E-10 2.4075E-10 2.6350E-10 2.8844E-10 3.1484E-10 3.4367E-10 3.7560E-10 4.0776E-10 4.4325E-10 4.8221E-10 5.2267E-10 5.6468E-10 6.1153E-10 6.5907E-10 7.1058E-10 7.6499E-10 8.2260E-10 8.8213E-10 9.4604E-10 1.0131E-09 1.0823E-09 1.1547E-09 1.2303E-09 1.3091E-09 1.3910E-09 1.4762E-09 1.5644E-09 1.6556E-09 1.7499E-09 1.8470E-09 1.9468E-09 2.0492E-09 2.1541E-09 2.2613E-09 2.3732E-09 2.4904E-09 2.6049E-09 2.7241E-09 2.8484E-09 2.9692E-09 3.0945E-09 3.2248E-09 3.3507E-09 3.4794E-09 3.6047E-09 3.7166E-09 3.8221E-09 3.9290E-09 4.0169E-09 4.0964E-09 4.1888E-09 4.2763E-09 4.3703E-09
