Assets/Resources/2015_m01_d03_2300(utc+0800)_l00_csi_1hr_conc.grd
DSAA
         159         159
     -79.000      79.000
     -79.000      79.000
  0.1892E-10  0.5657E-05
[rows 75 to 99 of 159, columns 0 to 56 of 159]
7.0233E-11 7.2987E-11 7.5716E-11 7.8526E-11 8.1644E-11 8.4632E-11 8.7708E-11 9.0986E-11 9.4360E-11 9.7718E-11 1.0129E-10 1.0483E-10 1.0858E-10 1.1240E-10 1.1623E-10 1.2016E-10 1.2419E-10 1.2833E-10 1.3247E-10 1.3682E-10 1.4127E-10 1.4573E-10 1.5029E-10 1.5496E-10 1.5973E-10 1.6462E-10 1.6961E-10 1.7471E-10 1.7992E-10 1.8524E-10 1.9067E-10 1.9621E-10 2.0186E-10 2.0763E-10 2.1350E-10 2.1950E-10 2.2560E-10 2.3182E-10 2.3815E-10 2.4459E-10 2.5115E-10 2.5781E-10 2.6460E-10 2.7149E-10 2.7849E-10 2.8560E-10 2.9283E-10 3.0016E-10 3.0760E-10 3.1514E-10 3.2279E-10 3.3055E-10 3.3840E-10 3.4636E-10 3.5442E-10 3.6257E-10 3.7082E-10
7.0795E-11 7.3576E-11 7.6439E-11 7.9276E-11 8.2313E-11 8.5444E-11 8.8550E-11 9.1745E-11 9.5268E-11 9.8659E-11 1.0214E-10 1.0594E-10 1.0960E-10 1.1337E-10 1.1724E-10 1.2121E-10 1.2537E-10 1.2946E-10 1.3374E-10 1.3812E-10 1.4252E-10 1.4702E-10 1.5163E-10 1.5634E-10 1.6117E-10 1.6610E-10 1.7114E-10 1.7629E-10 1.8155E-10 1.8692E-10 1.9240E-10 1.9800E-10 2.0371E-10 2.0953E-10 2.1547E-10 2.2152E-10 2.2769E-10 2.3397E-10 2.4036E-10 2.4687E-10 2.5350E-10 2.6023E-10 2.6708E-10 2.7405E-10 2.8112E-10 2.8831E-10 2.9561E-10 3.0301E-10 3.1053E-10 3.1816E-10 3.2589E-10 3.3372E-10 3.4166E-10 3.4971E-10 3.5785E-10 3.6609E-10 3.7443E-10
7.1566E-11 7.4263E-11 7.7042E-11 8.0017E-11 8.3085E-11 8.6130E-11 8.9377E-11 9.2720E-11 9.6048E-11 9.9585E-11 1.0311E-10 1.0682E-10 1.1062E-10 1.1442E-10 1.1832E-10 1.2233E-10 1.2644E-10 1.3056E-10 1.3488E-10 1.3931E-10 1.4375E-10 1.4830E-10 1.5295E-10 1.5771E-10 1.6257E-10 1.6755E-10 1.7264E-10 1.7784E-10 1.8315E-10 1.8857E-10 1.9411E-10 1.9976E-10 2.0553E-10 2.1141E-10 2.1741E-10 2.2352E-10 2.2974E-10 2.3609E-10 2.4254E-10 2.4912E-10 2.5581E-10 2.6261E-10 2.6953E-10 2.7657E-10 2.8371E-10 2.9097E-10 2.9835E-10 3.0583E-10 3.1342E-10 3.2113E-10 3.2894E-10 3.3685E-10 3.4488E-10 3.5300E-10 3.6123E-10 3.6956E-10 3.7799E-10
7.2108E-11 7.4829E-11 7.7742E-11 8.0746E-11 8.3843E-11 8.6916E-11 9.0080E-11 9.3569E-11 9.6928E-11 1.0038E-10 1.0403E-10 1.0778E-10 1.1152E-10 1.1536E-10 1.1930E-10 1.2344E-10 1.2749E-10 1.3165E-10 1.3611E-10 1.4048E-10 1.4496E-10 1.4955E-10 1.5424E-10 1.5905E-10 1.6396E-10 1.6898E-10 1.7412E-10 1.7937E-10 1.8473E-10 1.9020E-10 1.9579E-10 2.0150E-10 2.0732E-10 2.1326E-10 2.1931E-10 2.2548E-10 2.3177E-10 2.3817E-10 2.4469E-10 2.5133E-10 2.5808E-10 2.6496E-10 2.7194E-10 2.7905E-10 2.8626E-10 2.9360E-10 3.0104E-10 3.0860E-10 3.1627E-10 3.2405E-10 3.3194E-10 3.3994E-10 3.4804E-10 3.5625E-10 3.6457E-10 3.7298E-10 3.8149E-10
7.2749E-11 7.5494E-11 7.8434E-11 8.1466E-11 8.4477E-11 8.7577E-11 9.0996E-11 9.4290E-11 9.7679E-11 1.0128E-10 1.0496E-10 1.0872E-10 1.1250E-10 1.1637E-10 1.2035E-10 1.2443E-10 1.2852E-10 1.3281E-10 1.3722E-10 1.4163E-10 1.4615E-10 1.5078E-10 1.5551E-10 1.6036E-10 1.6532E-10 1.7039E-10 1.7557E-10 1.8087E-10 1.8628E-10 1.9180E-10 1.9744E-10 2.0320E-10 2.0908E-10 2.1507E-10 2.2118E-10 2.2741E-10 2.3375E-10 2.4022E-10 2.4680E-10 2.5350E-10 2.6032E-10 2.6726E-10 2.7431E-10 2.8149E-10 2.8877E-10 2.9618E-10 3.0370E-10 3.1133E-10 3.1907E-10 3.2693E-10 3.3490E-10 3.4298E-10 3.5116E-10 3.5945E-10 3.6785E-10 3.7634E-10 3.8494E-10
7.3269E-11 7.6036E-11 7.9111E-11 8.2060E-11 8.5208E-11 8.8336E-11 9.1673E-11 9.5111E-11 9.8530E-11 1.0214E-10 1.0586E-10 1.0956E-10 1.1336E-10 1.1727E-10 1.2128E-10 1.2540E-10 1.2953E-10 1.3396E-10 1.3830E-10 1.4275E-10 1.4731E-10 1.5198E-10 1.5676E-10 1.6165E-10 1.6665E-10 1.7176E-10 1.7699E-10 1.8234E-10 1.8780E-10 1.9337E-10 1.9906E-10 2.0487E-10 2.1080E-10 2.1685E-10 2.2301E-10 2.2930E-10 2.3570E-10 2.4223E-10 2.4887E-10 2.5564E-10 2.6252E-10 2.6952E-10 2.7664E-10 2.8388E-10 2.9124E-10 2.9871E-10 3.0630E-10 3.1401E-10 3.2183E-10 3.2976E-10 3.3781E-10 3.4596E-10 3.5423E-10 3.6260E-10 3.7107E-10 3.7965E-10 3.8834E-10
7.3886E-11 7.6675E-11 7.9780E-11 8.2753E-11 8.5815E-11 8.9083E-11 9.2451E-11 9.5802E-11 9.9250E-11 1.0301E-10 1.0664E-10 1.1047E-10 1.1421E-10 1.1825E-10 1.2230E-10 1.2635E-10 1.3061E-10 1.3498E-10 1.3937E-10 1.4385E-10 1.4845E-10 1.5316E-10 1.5798E-10 1.6291E-10 1.6795E-10 1.7311E-10 1.7839E-10 1.8378E-10 1.8928E-10 1.9491E-10 2.0065E-10 2.0651E-10 2.1249E-10 2.1859E-10 2.2481E-10 2.3116E-10 2.3762E-10 2.4420E-10 2.5091E-10 2.5773E-10 2.6468E-10 2.7174E-10 2.7893E-10 2.8623E-10 2.9366E-10 3.0120E-10 3.0886E-10 3.1664E-10 3.2453E-10 3.3254E-10 3.4066E-10 3.4889E-10 3.5724E-10 3.6569E-10 3.7424E-10 3.8291E-10 3.9167E-10
7.4381E-11 7.7306E-11 8.0323E-11 8.3320E-11 8.6406E-11 8.9815E-11 9.3098E-11 9.6592E-11 1.0007E-10 1.0384E-10 1.0750E-10 1.1127E-10 1.1514E-10 1.1911E-10 1.2319E-10 1.2728E-10 1.3168E-10 1.3599E-10 1.4040E-10 1.4493E-10 1.4957E-10 1.5431E-10 1.5917E-10 1.6415E-10 1.6923E-10 1.7443E-10 1.7975E-10 1.8519E-10 1.9074E-10 1.9641E-10 2.0221E-10 2.0812E-10 2.1415E-10 2.2030E-10 2.2658E-10 2.3298E-10 2.3949E-10 2.4614E-10 2.5290E-10 2.5978E-10 2.6679E-10 2.7392E-10 2.8117E-10 2.8854E-10 2.9603E-10 3.0364E-10 3.1137E-10 3.1922E-10 3.2719E-10 3.3527E-10 3.4346E-10 3.5177E-10 3.6019E-10 3.6872E-10 3.7736E-10 3.8610E-10 3.9495E-10
7.4862E-11 7.7921E-11 8.0965E-11 8.3985E-11 8.7096E-11 9.0535E-11 9.3845E-11 9.7252E-11 1.0085E-10 1.0456E-10 1.0825E-10 1.1205E-10 1.1604E-10 1.2005E-10 1.2407E-10 1.2829E-10 1.3262E-10 1.3697E-10 1.4142E-10 1.4598E-10 1.5066E-10 1.5544E-10 1.6034E-10 1.6535E-10 1.7048E-10 1.7572E-10 1.8109E-10 1.8657E-10 1.9217E-10 1.9789E-10 2.0373E-10 2.0969E-10 2.1577E-10 2.2198E-10 2.2830E-10 2.3475E-10 2.4133E-10 2.4803E-10 2.5485E-10 2.6179E-10 2.6886E-10 2.7605E-10 2.8337E-10 2.9080E-10 2.9836E-10 3.0604E-10 3.1383E-10 3.2175E-10 3.2979E-10 3.3794E-10 3.4621E-10 3.5459E-10 3.6309E-10 3.7169E-10 3.8041E-10 3.8923E-10 3.9816E-10
7.5554E-11 7.8527E-11 8.1481E-11 8.4524E-11 8.7775E-11 9.1126E-11 9.4461E-11 9.8008E-11 1.0164E-10 1.0535E-10 1.0907E-10 1.1290E-10 1.1683E-10 1.2087E-10 1.2492E-10 1.2918E-10 1.3354E-10 1.3792E-10 1.4241E-10 1.4701E-10 1.5172E-10 1.5654E-10 1.6148E-10 1.6653E-10 1.7170E-10 1.7698E-10 1.8239E-10 1.8791E-10 1.9356E-10 1.9932E-10 2.0521E-10 2.1122E-10 2.1735E-10 2.2361E-10 2.2999E-10 2.3649E-10 2.4312E-10 2.4988E-10 2.5675E-10 2.6376E-10 2.7089E-10 2.7814E-10 2.8551E-10 2.9301E-10 3.0063E-10 3.0838E-10 3.1624E-10 3.2423E-10 3.3233E-10 3.4056E-10 3.4890E-10 3.5735E-10 3.6592E-10 3.7461E-10 3.8340E-10 3.9230E-10 4.0131E-10
7.6011E-11 7.9006E-11 8.1981E-11 8.5159E-11 8.8436E-11 9.1815E-11 9.5175E-11 9.8728E-11 1.0239E-10 1.0604E-10 1.0979E-10 1.1364E-10 1.1770E-10 1.2167E-10 1.2585E-10 1.3014E-10 1.3444E-10 1.3885E-10 1.4337E-10 1.4801E-10 1.5275E-10 1.5761E-10 1.6259E-10 1.6768E-10 1.7289E-10 1.7821E-10 1.8366E-10 1.8923E-10 1.9492E-10 2.0073E-10 2.0666E-10 2.1272E-10 2.1890E-10 2.2520E-10 2.3164E-10 2.3819E-10 2.4487E-10 2.5168E-10 2.5862E-10 2.6568E-10 2.7286E-10 2.8017E-10 2.8761E-10 2.9517E-10 3.0286E-10 3.1066E-10 3.1859E-10 3.2665E-10 3.3482E-10 3.4311E-10 3.5153E-10 3.6005E-10 3.6870E-10 3.7745E-10 3.8632E-10 3.9530E-10 4.0439E-10
7.6563E-11 7.9583E-11 8.2580E-11 8.5783E-11 8.9085E-11 9.2373E-11 9.5757E-11 9.9337E-11 1.0302E-10 1.0679E-10 1.1057E-10 1.1446E-10 1.1845E-10 1.2245E-10 1.2666E-10 1.3098E-10 1.3531E-10 1.3976E-10 1.4431E-10 1.4898E-10 1.5376E-10 1.5865E-10 1.6366E-10 1.6879E-10 1.7404E-10 1.7941E-10 1.8490E-10 1.9051E-10 1.9624E-10 2.0209E-10 2.0807E-10 2.1418E-10 2.2040E-10 2.2676E-10 2.3324E-10 2.3985E-10 2.4658E-10 2.5344E-10 2.6043E-10 2.6755E-10 2.7479E-10 2.8216E-10 2.8966E-10 2.9728E-10 3.0503E-10 3.1290E-10 3.2089E-10 3.2901E-10 3.3725E-10 3.4561E-10 3.5409E-10 3.6269E-10 3.7141E-10 3.8024E-10 3.8918E-10 3.9823E-10 4.0740E-10
7.7107E-11 8.0034E-11 8.3050E-11 8.6276E-11 8.9602E-11 9.3027E-11 9.6437E-11 1.0014E-10 1.0374E-10 1.0744E-10 1.1124E-10 1.1516E-10 1.1918E-10 1.2330E-10 1.2754E-10 1.3180E-10 1.3616E-10 1.4064E-10 1.4522E-10 1.4992E-10 1.5474E-10 1.5967E-10 1.6471E-10 1.6988E-10 1.7516E-10 1.8057E-10 1.8610E-10 1.9175E-10 1.9752E-10 2.0342E-10 2.0944E-10 2.1559E-10 2.2187E-10 2.2827E-10 2.3480E-10 2.4146E-10 2.4825E-10 2.5516E-10 2.6220E-10 2.6937E-10 2.7667E-10 2.8410E-10 2.9165E-10 2.9933E-10 3.0714E-10 3.1507E-10 3.2313E-10 3.3132E-10 3.3962E-10 3.4805E-10 3.5660E-10 3.6527E-10 3.7405E-10 3.8295E-10 3.9197E-10 4.0110E-10 4.1034E-10
7.7523E-11 8.0469E-11 8.3617E-11 8.6981E-11 9.0218E-11 9.3552E-11 9.7079E-11 1.0071E-10 1.0433E-10 1.0806E-10 1.1199E-10 1.1593E-10 1.1988E-10 1.2404E-10 1.2831E-10 1.3259E-10 1.3698E-10 1.4149E-10 1.4611E-10 1.5084E-10 1.5568E-10 1.6065E-10 1.6573E-10 1.7093E-10 1.7626E-10 1.8170E-10 1.8727E-10 1.9296E-10 1.9877E-10 2.0471E-10 2.1078E-10 2.1697E-10 2.2329E-10 2.2974E-10 2.3632E-10 2.4303E-10 2.4986E-10 2.5683E-10 2.6392E-10 2.7115E-10 2.7850E-10 2.8598E-10 2.9359E-10 3.0133E-10 3.0920E-10 3.1719E-10 3.2531E-10 3.3356E-10 3.4193E-10 3.5042E-10 3.5904E-10 3.6777E-10 3.7663E-10 3.8560E-10 3.9469E-10 4.0389E-10 4.1320E-10
7.8036E-11 8.1001E-11 8.4173E-11 8.7445E-11 9.0702E-11 9.4057E-11 9.7608E-11 1.0136E-10 1.0501E-10 1.0876E-10 1.1262E-10 1.1659E-10 1.2056E-10 1.2484E-10 1.2905E-10 1.3336E-10 1.3778E-10 1.4231E-10 1.4696E-10 1.5172E-10 1.5660E-10 1.6160E-10 1.6672E-10 1.7195E-10 1.7731E-10 1.8279E-10 1.8840E-10 1.9413E-10 1.9998E-10 2.0596E-10 2.1207E-10 2.1831E-10 2.2467E-10 2.3117E-10 2.3779E-10 2.4455E-10 2.5143E-10 2.5845E-10 2.6559E-10 2.7287E-10 2.8027E-10 2.8781E-10 2.9548E-10 3.0327E-10 3.1120E-10 3.1925E-10 3.2743E-10 3.3574E-10 3.4417E-10 3.5273E-10 3.6141E-10 3.7021E-10 3.7914E-10 3.8818E-10 3.9733E-10 4.0661E-10 4.1599E-10
7.8422E-11 8.1405E-11 8.4597E-11 8.7890E-11 9.1283E-11 9.4753E-11 9.8329E-11 1.0190E-10 1.0557E-10 1.0934E-10 1.1323E-10 1.1722E-10 1.2132E-10 1.2553E-10 1.2976E-10 1.3410E-10 1.3855E-10 1.4311E-10 1.4779E-10 1.5258E-10 1.5749E-10 1.6252E-10 1.6767E-10 1.7294E-10 1.7833E-10 1.8385E-10 1.8949E-10 1.9526E-10 2.0115E-10 2.0718E-10 2.1333E-10 2.1960E-10 2.2601E-10 2.3255E-10 2.3922E-10 2.4602E-10 2.5295E-10 2.6002E-10 2.6721E-10 2.7454E-10 2.8200E-10 2.8959E-10 2.9731E-10 3.0516E-10 3.1314E-10 3.2125E-10 3.2949E-10 3.3786E-10 3.4635E-10 3.5497E-10 3.6372E-10 3.7258E-10 3.8157E-10 3.9068E-10 3.9990E-10 4.0925E-10 4.1870E-10
7.8792E-11 8.1904E-11 8.5232E-11 8.8434E-11 9.1731E-11 9.5224E-11 9.8822E-11 1.0241E-10 1.0620E-10 1.1000E-10 1.1391E-10 1.1783E-10 1.2195E-10 1.2619E-10 1.3045E-10 1.3481E-10 1.3929E-10 1.4388E-10 1.4858E-10 1.5341E-10 1.5835E-10 1.6341E-10 1.6859E-10 1.7389E-10 1.7932E-10 1.8487E-10 1.9055E-10 1.9635E-10 2.0229E-10 2.0835E-10 2.1454E-10 2.2086E-10 2.2731E-10 2.3389E-10 2.4060E-10 2.4745E-10 2.5442E-10 2.6154E-10 2.6878E-10 2.7616E-10 2.8366E-10 2.9131E-10 2.9908E-10 3.0699E-10 3.1502E-10 3.2319E-10 3.3149E-10 3.3991E-10 3.4847E-10 3.5715E-10 3.6595E-10 3.7488E-10 3.8393E-10 3.9311E-10 4.0240E-10 4.1181E-10 4.2133E-10
7.9259E-11 8.2392E-11 8.5625E-11 8.8845E-11 9.2161E-11 9.5675E-11 9.9389E-11 1.0300E-10 1.0672E-10 1.1054E-10 1.1447E-10 1.1841E-10 1.2266E-10 1.2683E-10 1.3111E-10 1.3549E-10 1.4000E-10 1.4461E-10 1.4935E-10 1.5420E-10 1.5917E-10 1.6426E-10 1.6947E-10 1.7481E-10 1.8027E-10 1.8586E-10 1.9157E-10 1.9741E-10 2.0338E-10 2.0948E-10 2.1570E-10 2.2206E-10 2.2855E-10 2.3518E-10 2.4193E-10 2.4882E-10 2.5585E-10 2.6300E-10 2.7029E-10 2.7772E-10 2.8528E-10 2.9297E-10 3.0079E-10 3.0875E-10 3.1684E-10 3.2506E-10 3.3342E-10 3.4190E-10 3.5051E-10 3.5925E-10 3.6812E-10 3.7711E-10 3.8622E-10 3.9546E-10 4.0482E-10 4.1429E-10 4.2388E-10
7.9597E-11 8.2749E-11 8.6000E-11 8.9352E-11 9.2781E-11 9.6317E-11 9.9843E-11 1.0347E-10 1.0721E-10 1.1115E-10 1.1501E-10 1.1907E-10 1.2325E-10 1.2744E-10 1.3174E-10 1.3615E-10 1.4068E-10 1.4532E-10 1.5008E-10 1.5496E-10 1.5996E-10 1.6508E-10 1.7032E-10 1.7569E-10 1.8118E-10 1.8680E-10 1.9255E-10 1.9842E-10 2.0443E-10 2.1056E-10 2.1683E-10 2.2323E-10 2.2976E-10 2.3642E-10 2.4322E-10 2.5015E-10 2.5721E-10 2.6442E-10 2.7175E-10 2.7922E-10 2.8683E-10 2.9457E-10 3.0244E-10 3.1045E-10 3.1860E-10 3.2687E-10 3.3528E-10 3.4382E-10 3.5248E-10 3.6128E-10 3.7021E-10 3.7926E-10 3.8843E-10 3.9773E-10 4.0715E-10 4.1669E-10 4.2635E-10
8.0033E-11 8.3315E-11 8.6472E-11 8.9727E-11 9.3176E-11 9.6731E-11 1.0028E-10 1.0402E-10 1.0778E-10 1.1164E-10 1.1552E-10 1.1961E-10 1.2381E-10 1.2802E-10 1.3234E-10 1.3678E-10 1.4133E-10 1.4600E-10 1.5079E-10 1.5569E-10 1.6072E-10 1.6587E-10 1.7114E-10 1.7654E-10 1.8206E-10 1.8771E-10 1.9349E-10 1.9940E-10 2.0543E-10 2.1160E-10 2.1791E-10 2.2434E-10 2.3091E-10 2.3761E-10 2.4445E-10 2.5142E-10 2.5853E-10 2.6578E-10 2.7316E-10 2.8067E-10 2.8832E-10 2.9611E-10 3.0403E-10 3.1209E-10 3.2029E-10 3.2861E-10 3.3707E-10 3.4566E-10 3.5439E-10 3.6324E-10 3.7222E-10 3.8133E-10 3.9057E-10 3.9992E-10 4.0941E-10 4.1901E-10 4.2872E-10
8.0452E-11 8.3639E-11 8.6812E-11 9.0083E-11 9.3550E-11 9.7218E-11 1.0078E-10 1.0445E-10 1.0823E-10 1.1212E-10 1.1611E-10 1.2022E-10 1.2434E-10 1.2857E-10 1.3292E-10 1.3738E-10 1.4196E-10 1.4665E-10 1.5146E-10 1.5639E-10 1.6144E-10 1.6662E-10 1.7192E-10 1.7734E-10 1.8290E-10 1.8858E-10 1.9439E-10 2.0033E-10 2.0640E-10 2.1260E-10 2.1894E-10 2.2541E-10 2.3202E-10 2.3876E-10 2.4563E-10 2.5265E-10 2.5979E-10 2.6708E-10 2.7450E-10 2.8206E-10 2.8976E-10 2.9759E-10 3.0556E-10 3.1367E-10 3.2191E-10 3.3029E-10 3.3880E-10 3.4744E-10 3.5622E-10 3.6512E-10 3.7416E-10 3.8333E-10 3.9262E-10 4.0203E-10 4.1158E-10 4.2124E-10 4.3102E-10
8.0742E-11 8.3944E-11 8.7133E-11 9.0628E-11 9.4114E-11 9.7592E-11 1.0117E-10 1.0486E-10 1.0875E-10 1.1256E-10 1.1658E-10 1.2071E-10 1.2485E-10 1.2910E-10 1.3347E-10 1.3795E-10 1.4255E-10 1.4726E-10 1.5210E-10 1.5706E-10 1.6213E-10 1.6733E-10 1.7266E-10 1.7812E-10 1.8370E-10 1.8941E-10 1.9525E-10 2.0122E-10 2.0732E-10 2.1356E-10 2.1993E-10 2.2643E-10 2.3307E-10 2.3985E-10 2.4676E-10 2.5381E-10 2.6100E-10 2.6833E-10 2.7579E-10 2.8339E-10 2.9113E-10 2.9901E-10 3.0703E-10 3.1518E-10 3.2347E-10 3.3189E-10 3.4045E-10 3.4915E-10 3.5797E-10 3.6693E-10 3.7602E-10 3.8524E-10 3.9459E-10 4.0406E-10 4.1366E-10 4.2338E-10 4.3322E-10
8.1129E-11 8.4347E-11 8.7550E-11 9.0948E-11 9.4450E-11 9.7944E-11 1.0164E-10 1.0534E-10 1.0916E-10 1.1299E-10 1.1702E-10 1.2117E-10 1.2533E-10 1.2960E-10 1.3399E-10 1.3849E-10 1.4311E-10 1.4785E-10 1.5271E-10 1.5769E-10 1.6279E-10 1.6801E-10 1.7337E-10 1.7885E-10 1.8446E-10 1.9019E-10 1.9606E-10 2.0206E-10 2.0820E-10 2.1446E-10 2.2087E-10 2.2741E-10 2.3408E-10 2.4089E-10 2.4784E-10 2.5493E-10 2.6215E-10 2.6952E-10 2.7702E-10 2.8466E-10 2.9245E-10 3.0037E-10 3.0842E-10 3.1662E-10 3.2496E-10 3.3343E-10 3.4203E-10 3.5078E-10 3.5965E-10 3.6866E-10 3.7780E-10 3.8708E-10 3.9648E-10 4.0600E-10 4.1566E-10 4.2543E-10 4.3533E-10
8.1497E-11 8.4618E-11 8.7834E-11 9.1247E-11 9.4766E-11 9.8369E-11 1.0199E-10 1.0571E-10 1.0954E-10 1.1348E-10 1.1753E-10 1.2160E-10 1.2578E-10 1.3007E-10 1.3448E-10 1.3900E-10 1.4364E-10 1.4840E-10 1.5328E-10 1.5828E-10 1.6341E-10 1.6866E-10 1.7403E-10 1.7954E-10 1.8517E-10 1.9094E-10 1.9684E-10 2.0286E-10 2.0903E-10 2.1533E-10 2.2176E-10 2.2833E-10 2.3504E-10 2.4188E-10 2.4887E-10 2.5599E-10 2.6325E-10 2.7065E-10 2.7819E-10 2.8587E-10 2.9370E-10 3.0166E-10 3.0976E-10 3.1800E-10 3.2637E-10 3.3489E-10 3.4354E-10 3.5233E-10 3.6126E-10 3.7031E-10 3.7951E-10 3.8883E-10 3.9828E-10 4.0786E-10 4.1757E-10 4.2740E-10 4.3735E-10
8.1736E-11 8.4869E-11 8.8193E-11 9.1621E-11 9.5156E-11 9.8679E-11 1.0231E-10 1.0605E-10 1.0990E-10 1.1385E-10 1.1792E-10 1.2201E-10 1.2621E-10 1.3052E-10 1.3494E-10 1.3948E-10 1.4414E-10 1.4892E-10 1.5382E-10 1.5884E-10 1.6399E-10 1.6926E-10 1.7466E-10 1.8019E-10 1.8585E-10 1.9164E-10 1.9757E-10 2.0362E-10 2.0981E-10 2.1614E-10 2.2260E-10 2.2920E-10 2.3594E-10 2.4282E-10 2.4984E-10 2.5699E-10 2.6429E-10 2.7173E-10 2.7930E-10 2.8702E-10 2.9488E-10 3.0288E-10 3.1102E-10 3.1930E-10 3.2772E-10 3.3628E-10 3.4498E-10 3.5381E-10 3.6278E-10 3.7189E-10 3.8112E-10 3.9050E-10 4.0000E-10 4.0963E-10 4.1939E-10 4.2927E-10 4.3928E-10
