Assets/Resources/2015_m01_d07_1300(utc+0800)_l00_csi_1hr_conc.grd
DSAA
         159         159
     -79.000      79.000
     -79.000      79.000
  0.0000E+00  0.7636E-06
[rows 75 to 99 of 159, columns 0 to 56 of 159]
3.5622E-11 3.9388E-11 4.3425E-11 4.7594E-11 5.3076E-11 5.7481E-11 6.3147E-11 6.7631E-11 7.2060E-11 7.6543E-11 8.1239E-11 8.5612E-11 9.4166E-11 1.0257E-10 1.0962E-10 1.1877E-10 1.2657E-10 1.3613E-10 1.4558E-10 1.5508E-10 1.6626E-10 1.7754E-10 1.8700E-10 2.0056E-10 2.1197E-10 2.2885E-10 2.4345E-10 2.6118E-10 2.7687E-10 2.9641E-10 3.1685E-10 3.4023E-10 3.6270E-10 3.8808E-10 4.1319E-10 4.4092E-10 4.7033E-10 4.9974E-10 5.3076E-10 5.6449E-10 6.0369E-10 6.3992E-10 6.8555E-10 7.2746E-10 7.7899E-10 8.2810E-10 8.8457E-10 9.3701E-10 1.0010E-09 1.0615E-09 1.1342E-09 1.2040E-09 1.2870E-09 1.3677E-09 1.4563E-09 1.5565E-09 1.6580E-09
3.2821E-11 3.7483E-11 4.1037E-11 4.5885E-11 4.9893E-11 5.4722E-11 5.9481E-11 6.4431E-11 6.9046E-11 7.3022E-11 7.7521E-11 8.2208E-11 8.8317E-11 9.6037E-11 1.0491E-10 1.1322E-10 1.2247E-10 1.2991E-10 1.3994E-10 1.4814E-10 1.5861E-10 1.6946E-10 1.7895E-10 1.9027E-10 2.0204E-10 2.1583E-10 2.3278E-10 2.4921E-10 2.6539E-10 2.8365E-10 3.0045E-10 3.2156E-10 3.4330E-10 3.6771E-10 3.9244E-10 4.2148E-10 4.4749E-10 4.7869E-10 5.0892E-10 5.3937E-10 5.7659E-10 6.1439E-10 6.5402E-10 6.9734E-10 7.4463E-10 7.9203E-10 8.4586E-10 8.9587E-10 9.5689E-10 1.0145E-09 1.0769E-09 1.1505E-09 1.2225E-09 1.3066E-09 1.3904E-09 1.4881E-09 1.5820E-09
3.1252E-11 3.4791E-11 3.8508E-11 4.2772E-11 4.6865E-11 5.0938E-11 5.5795E-11 6.1628E-11 6.5274E-11 7.0385E-11 7.4246E-11 7.9221E-11 8.3802E-11 9.2124E-11 9.8545E-11 1.0710E-10 1.1598E-10 1.2350E-10 1.3275E-10 1.4101E-10 1.5105E-10 1.6147E-10 1.7151E-10 1.8187E-10 1.9461E-10 2.0600E-10 2.2239E-10 2.3608E-10 2.5277E-10 2.6787E-10 2.8672E-10 3.0404E-10 3.2904E-10 3.4989E-10 3.7617E-10 4.0032E-10 4.2707E-10 4.5438E-10 4.8351E-10 5.1357E-10 5.4308E-10 5.8373E-10 6.1850E-10 6.6324E-10 7.0348E-10 7.5398E-10 8.0122E-10 8.5651E-10 9.0686E-10 9.6950E-10 1.0277E-09 1.0989E-09 1.1662E-09 1.2475E-09 1.3271E-09 1.4198E-09 1.5092E-09
2.7878E-11 3.2159E-11 3.5610E-11 3.9357E-11 4.4682E-11 4.8252E-11 5.3404E-11 5.7628E-11 6.3225E-11 6.7703E-11 7.1517E-11 7.5836E-11 8.0336E-11 8.6230E-11 9.2870E-11 1.0107E-10 1.0873E-10 1.1806E-10 1.2644E-10 1.3614E-10 1.4401E-10 1.5412E-10 1.6275E-10 1.7371E-10 1.8464E-10 1.9597E-10 2.0930E-10 2.2348E-10 2.3764E-10 2.5619E-10 2.7097E-10 2.9085E-10 3.1068E-10 3.3206E-10 3.5789E-10 3.7797E-10 4.0729E-10 4.2986E-10 4.6103E-10 4.8853E-10 5.1979E-10 5.5594E-10 5.9219E-10 6.3075E-10 6.7240E-10 7.1886E-10 7.6393E-10 8.1624E-10 8.6421E-10 9.2349E-10 9.7892E-10 1.0463E-09 1.1105E-09 1.1890E-09 1.2616E-09 1.3519E-09 1.4375E-09
2.4403E-11 3.0138E-11 3.2600E-11 3.7850E-11 4.1261E-11 4.5712E-11 4.9655E-11 5.4399E-11 5.9066E-11 6.3895E-11 6.8355E-11 7.2151E-11 7.6916E-11 8.0909E-11 8.8528E-11 9.5895E-11 1.0416E-10 1.1097E-10 1.1996E-10 1.2887E-10 1.3680E-10 1.4649E-10 1.5476E-10 1.6527E-10 1.7614E-10 1.8623E-10 1.9846E-10 2.1277E-10 2.2839E-10 2.4211E-10 2.5807E-10 2.7613E-10 2.9264E-10 3.1537E-10 3.3399E-10 3.6138E-10 3.8232E-10 4.1137E-10 4.3684E-10 4.6503E-10 4.9214E-10 5.2806E-10 5.6013E-10 6.0076E-10 6.3957E-10 6.8270E-10 7.2859E-10 7.7554E-10 8.2374E-10 8.7864E-10 9.3249E-10 9.9501E-10 1.0571E-09 1.1301E-09 1.2003E-09 1.2836E-09 1.3665E-09
2.3060E-11 2.6648E-11 3.1143E-11 3.4649E-11 3.8315E-11 4.2519E-11 4.6533E-11 5.1830E-11 5.5264E-11 6.0960E-11 6.4895E-11 6.9358E-11 7.3854E-11 7.8150E-11 8.2083E-11 9.0185E-11 9.8088E-11 1.0461E-10 1.1320E-10 1.2039E-10 1.2932E-10 1.3937E-10 1.4824E-10 1.5736E-10 1.6790E-10 1.7655E-10 1.8889E-10 2.0172E-10 2.1465E-10 2.2896E-10 2.4501E-10 2.5942E-10 2.7705E-10 2.9446E-10 3.1961E-10 3.3777E-10 3.6332E-10 3.9043E-10 4.1163E-10 4.4134E-10 4.6596E-10 4.9688E-10 5.3003E-10 5.6725E-10 6.0484E-10 6.4400E-10 6.8741E-10 7.3176E-10 7.8227E-10 8.2776E-10 8.8496E-10 9.3768E-10 1.0027E-09 1.0637E-09 1.1396E-09 1.2085E-09 1.2961E-09
1.9797E-11 2.3505E-11 2.8158E-11 3.1514E-11 3.5356E-11 3.9032E-11 4.4268E-11 4.7739E-11 5.2762E-11 5.7289E-11 6.2260E-11 6.6529E-11 7.0135E-11 7.4210E-11 7.8461E-11 8.4093E-11 9.0452E-11 9.8371E-11 1.0694E-10 1.1474E-10 1.2275E-10 1.3211E-10 1.4142E-10 1.4933E-10 1.5942E-10 1.6809E-10 1.7860E-10 1.9128E-10 2.0330E-10 2.1784E-10 2.2953E-10 2.4645E-10 2.6126E-10 2.8025E-10 3.0041E-10 3.1997E-10 3.4427E-10 3.6434E-10 3.9052E-10 4.1237E-10 4.4346E-10 4.6740E-10 5.0454E-10 5.3335E-10 5.7387E-10 6.1052E-10 6.5200E-10 6.9552E-10 7.4068E-10 7.8626E-10 8.3757E-10 8.9003E-10 9.5001E-10 1.0089E-09 1.0773E-09 1.1455E-09 1.2255E-09
1.7025E-11 2.1203E-11 2.4220E-11 2.9900E-11 3.2296E-11 3.7005E-11 4.0424E-11 4.5112E-11 4.8905E-11 5.3493E-11 5.7964E-11 6.2591E-11 6.6829E-11 7.0381E-11 7.4897E-11 7.8974E-11 8.5952E-11 9.3002E-11 1.0096E-10 1.0742E-10 1.1606E-10 1.2462E-10 1.3215E-10 1.4146E-10 1.5107E-10 1.6032E-10 1.6984E-10 1.8080E-10 1.9123E-10 2.0409E-10 2.1994E-10 2.3159E-10 2.4839E-10 2.6315E-10 2.8104E-10 3.0273E-10 3.2005E-10 3.4426E-10 3.6507E-10 3.9258E-10 4.1816E-10 4.4277E-10 4.7823E-10 5.0361E-10 5.4531E-10 5.7419E-10 6.1919E-10 6.5261E-10 7.0286E-10 7.4273E-10 7.9416E-10 8.4169E-10 8.9860E-10 9.5336E-10 1.0184E-09 1.0836E-09 1.1561E-09
1.4940E-11 1.7652E-11 2.2846E-11 2.5493E-11 3.0632E-11 3.3758E-11 3.7765E-11 4.1832E-11 4.5390E-11 4.9494E-11 5.4045E-11 5.9542E-11 6.3240E-11 6.7464E-11 7.1309E-11 7.5316E-11 7.9342E-11 8.7131E-11 9.4721E-11 1.0088E-10 1.0912E-10 1.1680E-10 1.2577E-10 1.3413E-10 1.4345E-10 1.5127E-10 1.6138E-10 1.7146E-10 1.8047E-10 1.9274E-10 2.0641E-10 2.1942E-10 2.3225E-10 2.4803E-10 2.6457E-10 2.8307E-10 3.0277E-10 3.2516E-10 3.4539E-10 3.6847E-10 3.9180E-10 4.1881E-10 4.4148E-10 4.7696E-10 5.0259E-10 5.4442E-10 5.7720E-10 6.1812E-10 6.5746E-10 7.0210E-10 7.4303E-10 7.9358E-10 8.4269E-10 8.9828E-10 9.5504E-10 1.0202E-09 1.0841E-09
1.1840E-11 1.6496E-11 1.8843E-11 2.3046E-11 2.6854E-11 3.1021E-11 3.4744E-11 3.8272E-11 4.3344E-11 4.5868E-11 5.0983E-11 5.4939E-11 6.0122E-11 6.4133E-11 6.7845E-11 7.1647E-11 7.5588E-11 8.0913E-11 8.6928E-11 9.4495E-11 1.0270E-10 1.1012E-10 1.1775E-10 1.2670E-10 1.3560E-10 1.4306E-10 1.5273E-10 1.6091E-10 1.7184E-10 1.8163E-10 1.9389E-10 2.0694E-10 2.1889E-10 2.3268E-10 2.4666E-10 2.6528E-10 2.8369E-10 3.0264E-10 3.2384E-10 3.4427E-10 3.6869E-10 3.8871E-10 4.1688E-10 4.4999E-10 4.7561E-10 5.1095E-10 5.4195E-10 5.8324E-10 6.1614E-10 6.6380E-10 6.9956E-10 7.4963E-10 7.9243E-10 8.4778E-10 8.9894E-10 9.6048E-10 1.0196E-09
1.1067E-11 1.3156E-11 1.6624E-11 2.0134E-11 2.3352E-11 2.7937E-11 3.1627E-11 3.6179E-11 3.8675E-11 4.3909E-11 4.6698E-11 5.1497E-11 5.6100E-11 6.0464E-11 6.4435E-11 6.7699E-11 7.1432E-11 7.5313E-11 8.1930E-11 8.8616E-11 9.5364E-11 1.0268E-10 1.1092E-10 1.1907E-10 1.2617E-10 1.3505E-10 1.4423E-10 1.5298E-10 1.6193E-10 1.7228E-10 1.8391E-10 1.9413E-10 2.0616E-10 2.1746E-10 2.3218E-10 2.4749E-10 2.6397E-10 2.8304E-10 3.0123E-10 3.2249E-10 3.4427E-10 3.6751E-10 3.9064E-10 4.1499E-10 4.4647E-10 4.7220E-10 5.1030E-10 5.3800E-10 5.8142E-10 6.1533E-10 6.6015E-10 6.9642E-10 7.4568E-10 7.9664E-10 8.4379E-10 9.0379E-10 9.5614E-10
8.3538E-12 1.1141E-11 1.4382E-11 1.6870E-11 2.0980E-11 2.3696E-11 2.9461E-11 3.1985E-11 3.6235E-11 3.9451E-11 4.3910E-11 4.7789E-11 5.2091E-11 5.7320E-11 6.0301E-11 6.4680E-11 6.7401E-11 7.1542E-11 7.5232E-11 8.1835E-11 9.0254E-11 9.6042E-11 1.0388E-10 1.1028E-10 1.1930E-10 1.2722E-10 1.3521E-10 1.4378E-10 1.5332E-10 1.6275E-10 1.7109E-10 1.8261E-10 1.9359E-10 2.0452E-10 2.1690E-10 2.3227E-10 2.4543E-10 2.6480E-10 2.8040E-10 3.0107E-10 3.1999E-10 3.4312E-10 3.6397E-10 3.8766E-10 4.1691E-10 4.4451E-10 4.7681E-10 5.0666E-10 5.4319E-10 5.7644E-10 6.1853E-10 6.5481E-10 6.9985E-10 7.3978E-10 7.9304E-10 8.3729E-10 8.9753E-10
6.6629E-12 8.8120E-12 1.1340E-11 1.4431E-11 1.7168E-11 2.1175E-11 2.4956E-11 2.9478E-11 3.2709E-11 3.6651E-11 4.0492E-11 4.3798E-11 4.8953E-11 5.1889E-11 5.7073E-11 6.0444E-11 6.4312E-11 6.7784E-11 7.1398E-11 7.6762E-11 8.2416E-11 8.9593E-11 9.5318E-11 1.0401E-10 1.1121E-10 1.1887E-10 1.2670E-10 1.3545E-10 1.4451E-10 1.5206E-10 1.6138E-10 1.7140E-10 1.8190E-10 1.9267E-10 2.0347E-10 2.1590E-10 2.2994E-10 2.4323E-10 2.6143E-10 2.7827E-10 2.9888E-10 3.1835E-10 3.3965E-10 3.6245E-10 3.8237E-10 4.1474E-10 4.3933E-10 4.7138E-10 5.0117E-10 5.3769E-10 5.7022E-10 6.1369E-10 6.4742E-10 6.9463E-10 7.3917E-10 7.8525E-10 8.3740E-10
6.1290E-12 6.6774E-12 9.1195E-12 1.1599E-11 1.4894E-11 1.8369E-11 2.2414E-11 2.6065E-11 3.0019E-11 3.3196E-11 3.6506E-11 4.0303E-11 4.3865E-11 4.8683E-11 5.2319E-11 5.7172E-11 6.0821E-11 6.4161E-11 6.7574E-11 7.1123E-11 7.6039E-11 8.1628E-11 8.9645E-11 9.6532E-11 1.0351E-10 1.1244E-10 1.1905E-10 1.2736E-10 1.3415E-10 1.4403E-10 1.5231E-10 1.6065E-10 1.6959E-10 1.8081E-10 1.9135E-10 2.0273E-10 2.1305E-10 2.2671E-10 2.4051E-10 2.5919E-10 2.7626E-10 2.9562E-10 3.1694E-10 3.3444E-10 3.5722E-10 3.7689E-10 4.1023E-10 4.3967E-10 4.6582E-10 5.0494E-10 5.3320E-10 5.7298E-10 6.0744E-10 6.4628E-10 6.8586E-10 7.3132E-10 7.7500E-10
4.5330E-12 6.2855E-12 7.0621E-12 9.0984E-12 1.2050E-11 1.6084E-11 1.8547E-11 2.2463E-11 2.6370E-11 2.9851E-11 3.3311E-11 3.6837E-11 4.1325E-11 4.4266E-11 4.8749E-11 5.3008E-11 5.7020E-11 6.0239E-11 6.3501E-11 6.6842E-11 7.0310E-11 7.5657E-11 8.1932E-11 8.9081E-11 9.5915E-11 1.0364E-10 1.1124E-10 1.1772E-10 1.2684E-10 1.3436E-10 1.4234E-10 1.5238E-10 1.6000E-10 1.6940E-10 1.7849E-10 1.8878E-10 1.9980E-10 2.0980E-10 2.2394E-10 2.3689E-10 2.5564E-10 2.7462E-10 2.9020E-10 3.1109E-10 3.2852E-10 3.5226E-10 3.7910E-10 4.0261E-10 4.3575E-10 4.5760E-10 4.9668E-10 5.2615E-10 5.6413E-10 5.9796E-10 6.3618E-10 6.8194E-10 7.2148E-10
4.2166E-12 4.5115E-12 6.2634E-12 7.5205E-12 9.5013E-12 1.2939E-11 1.5957E-11 1.9288E-11 2.2528E-11 2.6619E-11 2.9584E-11 3.4298E-11 3.6919E-11 4.0915E-11 4.4258E-11 4.8223E-11 5.2423E-11 5.6374E-11 5.9905E-11 6.2713E-11 6.6459E-11 6.9737E-11 7.5914E-11 8.2118E-11 8.8353E-11 9.6489E-11 1.0230E-10 1.0979E-10 1.1790E-10 1.2515E-10 1.3481E-10 1.4168E-10 1.5029E-10 1.5774E-10 1.6794E-10 1.7771E-10 1.8587E-10 1.9692E-10 2.0658E-10 2.1984E-10 2.3565E-10 2.5086E-10 2.6962E-10 2.8517E-10 3.0554E-10 3.2198E-10 3.4565E-10 3.7604E-10 3.9425E-10 4.2716E-10 4.5020E-10 4.8794E-10 5.2379E-10 5.5367E-10 5.9394E-10 6.2570E-10 6.6910E-10
2.6873E-12 4.1904E-12 4.8664E-12 6.2149E-12 7.4685E-12 9.4204E-12 1.2988E-11 1.5950E-11 1.9099E-11 2.2803E-11 2.6498E-11 2.9986E-11 3.3903E-11 3.6776E-11 4.0860E-11 4.4007E-11 4.7592E-11 5.3073E-11 5.6073E-11 5.9547E-11 6.2273E-11 6.5479E-11 6.8687E-11 7.4809E-11 8.2667E-11 8.7852E-11 9.5056E-11 1.0162E-10 1.0943E-10 1.1651E-10 1.2450E-10 1.3276E-10 1.3946E-10 1.4885E-10 1.5702E-10 1.6523E-10 1.7477E-10 1.8263E-10 1.9327E-10 2.0300E-10 2.1535E-10 2.3074E-10 2.4583E-10 2.6368E-10 2.7915E-10 2.9851E-10 3.1875E-10 3.3780E-10 3.6803E-10 3.9365E-10 4.1877E-10 4.4899E-10 4.7735E-10 5.1659E-10 5.4178E-10 5.8121E-10 6.1335E-10
2.4358E-12 2.6557E-12 4.1466E-12 5.3044E-12 6.3027E-12 7.9177E-12 1.0488E-11 1.2847E-11 1.6271E-11 1.9446E-11 2.2532E-11 2.7414E-11 2.9597E-11 3.3443E-11 3.6695E-11 4.0263E-11 4.3695E-11 4.7525E-11 5.2294E-11 5.5217E-11 5.8618E-11 6.1643E-11 6.4789E-11 6.7920E-11 7.3553E-11 8.1286E-11 8.6330E-11 9.4325E-11 1.0071E-10 1.0754E-10 1.1634E-10 1.2233E-10 1.3045E-10 1.3789E-10 1.4622E-10 1.5420E-10 1.6312E-10 1.7152E-10 1.7906E-10 1.8838E-10 1.9862E-10 2.0954E-10 2.2631E-10 2.4042E-10 2.5821E-10 2.7555E-10 2.9185E-10 3.1057E-10 3.3545E-10 3.5760E-10 3.8468E-10 4.0841E-10 4.4185E-10 4.6547E-10 5.0414E-10 5.3532E-10 5.6684E-10
1.2569E-12 2.4056E-12 2.8606E-12 4.0940E-12 5.2397E-12 6.2216E-12 7.9802E-12 1.0594E-11 1.3075E-11 1.6298E-11 1.9478E-11 2.2932E-11 2.7032E-11 2.9580E-11 3.2932E-11 3.6434E-11 3.9626E-11 4.4291E-11 4.7191E-11 5.1433E-11 5.4751E-11 5.7619E-11 6.0577E-11 6.3645E-11 6.8389E-11 7.3357E-11 7.9784E-11 8.5935E-11 9.2931E-11 9.9171E-11 1.0587E-10 1.1411E-10 1.1992E-10 1.2882E-10 1.3605E-10 1.4331E-10 1.5305E-10 1.5984E-10 1.6797E-10 1.7519E-10 1.8411E-10 1.9394E-10 2.0445E-10 2.1910E-10 2.3421E-10 2.5137E-10 2.6819E-10 2.8376E-10 3.0188E-10 3.2654E-10 3.4856E-10 3.7796E-10 3.9709E-10 4.2755E-10 4.5995E-10 4.9020E-10 5.2076E-10
9.2517E-13 1.2400E-12 2.3735E-12 3.2914E-12 4.0382E-12 5.4187E-12 6.1355E-12 7.8703E-12 1.0837E-11 1.3152E-11 1.6323E-11 1.9177E-11 2.3010E-11 2.6759E-11 2.9390E-11 3.2812E-11 3.5826E-11 3.9241E-11 4.3530E-11 4.6671E-11 5.0972E-11 5.3768E-11 5.6564E-11 5.9449E-11 6.2440E-11 6.7550E-11 7.1922E-11 7.8203E-11 8.4208E-11 9.1041E-11 9.8908E-11 1.0447E-10 1.1171E-10 1.1824E-10 1.2607E-10 1.3500E-10 1.4147E-10 1.4971E-10 1.5723E-10 1.6414E-10 1.7031E-10 1.7889E-10 1.8904E-10 1.9955E-10 2.1260E-10 2.2962E-10 2.4329E-10 2.5972E-10 2.7431E-10 2.9268E-10 3.2085E-10 3.3783E-10 3.6582E-10 3.9176E-10 4.1428E-10 4.4600E-10 4.7475E-10
0.0000E+00 9.1211E-13 1.2220E-12 2.3396E-12 3.2445E-12 4.1211E-12 5.3399E-12 6.0447E-12 7.7542E-12 1.0906E-11 1.3092E-11 1.6060E-11 1.8861E-11 2.2629E-11 2.6306E-11 2.8883E-11 3.2234E-11 3.5186E-11 3.8528E-11 4.2729E-11 4.5799E-11 5.0008E-11 5.2734E-11 5.5457E-11 5.8266E-11 6.1175E-11 6.6161E-11 7.0775E-11 7.7367E-11 8.3181E-11 8.9059E-11 9.6732E-11 1.0214E-10 1.1007E-10 1.1638E-10 1.2316E-10 1.3186E-10 1.3813E-10 1.4710E-10 1.5344E-10 1.6008E-10 1.6599E-10 1.7315E-10 1.8392E-10 1.9313E-10 2.0650E-10 2.2203E-10 2.3588E-10 2.5162E-10 2.6518E-10 2.8284E-10 3.1040E-10 3.2647E-10 3.5350E-10 3.7939E-10 4.0054E-10 4.3373E-10
0.0000E+00 0.0000E+00 1.0376E-12 1.4263E-12 2.3039E-12 3.1951E-12 4.0569E-12 5.4039E-12 6.1844E-12 7.6320E-12 1.0725E-11 1.2870E-11 1.6194E-11 1.8776E-11 2.2228E-11 2.5830E-11 2.8350E-11 3.1899E-11 3.4515E-11 3.7780E-11 4.1889E-11 4.5308E-11 4.8998E-11 5.1980E-11 5.4299E-11 5.7030E-11 5.9855E-11 6.4711E-11 6.9198E-11 7.5975E-11 8.1274E-11 8.6990E-11 9.4460E-11 9.9706E-11 1.0742E-10 1.1393E-10 1.2012E-10 1.2857E-10 1.3464E-10 1.4336E-10 1.5036E-10 1.5488E-10 1.6150E-10 1.6833E-10 1.7724E-10 1.8679E-10 1.9936E-10 2.1504E-10 2.2626E-10 2.4237E-10 2.5612E-10 2.7152E-10 2.9855E-10 3.2024E-10 3.3984E-10 3.6460E-10 3.8532E-10
0.0000E+00 0.0000E+00 0.0000E+00 1.0209E-12 1.4032E-12 2.2664E-12 3.1432E-12 3.9897E-12 5.3149E-12 6.0810E-12 7.5039E-12 1.0536E-11 1.2638E-11 1.5898E-11 1.8425E-11 2.1809E-11 2.5332E-11 2.7794E-11 3.1263E-11 3.4988E-11 3.7001E-11 4.1014E-11 4.4347E-11 4.7945E-11 5.0846E-11 5.3093E-11 5.5743E-11 5.8482E-11 6.3203E-11 6.7559E-11 7.4149E-11 7.9646E-11 8.4839E-11 9.2097E-11 9.7984E-11 1.0467E-10 1.1272E-10 1.1735E-10 1.2516E-10 1.3189E-10 1.3947E-10 1.4622E-10 1.5054E-10 1.5685E-10 1.6335E-10 1.7040E-10 1.7995E-10 1.9289E-10 2.0630E-10 2.1701E-10 2.3379E-10 2.4594E-10 2.6143E-10 2.8566E-10 3.0790E-10 3.2646E-10 3.5015E-10
0.0000E+00 0.0000E+00 0.0000E+00 0.0000E+00 1.0035E-12 1.3790E-12 2.2273E-12 3.0891E-12 3.9195E-12 5.2219E-12 6.4279E-12 7.3702E-12 1.0581E-11 1.2146E-11 1.5590E-11 1.8540E-11 2.1373E-11 2.4814E-11 2.7215E-11 3.0600E-11 3.4235E-11 3.6190E-11 4.0104E-11 4.3348E-11 4.6852E-11 4.9668E-11 5.1842E-11 5.4408E-11 5.7059E-11 6.1641E-11 6.5860E-11 7.2257E-11 7.9164E-11 8.2611E-11 8.9649E-11 9.5346E-11 1.0181E-10 1.0962E-10 1.1407E-10 1.2163E-10 1.2812E-10 1.3544E-10 1.4195E-10 1.4606E-10 1.5115E-10 1.5730E-10 1.6396E-10 1.7259E-10 1.8526E-10 1.9724E-10 2.0831E-10 2.2360E-10 2.3460E-10 2.5028E-10 2.7296E-10 2.9314E-10 3.1184E-10
0.0000E+00 0.0000E+00 0.0000E+00 0.0000E+00 0.0000E+00 9.8538E-13 1.3539E-12 2.1866E-12 3.2576E-12 3.8465E-12 5.1251E-12 6.3082E-12 7.2311E-12 1.0372E-11 1.1557E-11 1.5269E-11 1.8153E-11 2.0675E-11 2.4276E-11 2.6615E-11 2.9913E-11 3.3455E-11 3.5351E-11 3.9161E-11 4.2314E-11 4.5720E-11 4.8144E-11 5.0549E-11 5.3030E-11 5.5591E-11 6.0028E-11 6.4108E-11 7.0305E-11 7.5119E-11 8.0313E-11 8.7124E-11 9.2625E-11 9.8874E-11 1.0642E-10 1.1069E-10 1.1800E-10 1.2424E-10 1.3130E-10 1.3755E-10 1.4146E-10 1.4542E-10 1.5121E-10 1.5748E-10 1.6589E-10 1.7633E-10 1.8818E-10 2.0027E-10 2.1218E-10 2.2324E-10 2.3942E-10 2.5926E-10 2.7780E-10
