Assets/Resources/2015_m01_d12_0700(utc+0800)_l00_csi_1hr_conc.grd
DSAA
         159         159
     -79.000      79.000
     -79.000      79.000
  0.0000E+00  0.1344E-05
[rows 25 to 49 of 159, columns 0 to 56 of 159]
0.0000E+00 0.0000E+00 0.0000E+00 0.0000E+00 0.0000E+00 0.0000E+00 0.0000E+00 0.0000E+00 0.0000E+00 0.0000E+00 0.0000E+00 0.0000E+00 0.0000E+00 0.0000E+00 1.4821E-12 7.7986E-12 2.3293E-11 5.7469E-11 1.1784E-10 1.9759E-10 3.0473E-10 4.2958E-10 5.8478E-10 7.8077E-10 1.0145E-09 1.3080E-09 1.6548E-09 2.0769E-09 2.5754E-09 3.1513E-09 3.8168E-09 4.5678E-09 5.3977E-09 6.3034E-09 7.2723E-09 8.2845E-09 9.3158E-09 1.0340E-08 1.1329E-08 1.2252E-08 1.3073E-08 1.3762E-08 1.4290E-08 1.4635E-08 1.4781E-08 1.4720E-08 1.4457E-08 1.4001E-08 1.3370E-08 1.2590E-08 1.1690E-08 1.0703E-08 9.6645E-09 8.6080E-09 7.5620E-09 6.5559E-09 5.6106E-09
0.0000E+00 0.0000E+00 0.0000E+00 0.0000E+00 0.0000E+00 0.0000E+00 0.0000E+00 0.0000E+00 0.0000E+00 0.0000E+00 0.0000E+00 0.0000E+00 0.0000E+00 0.0000E+00 0.0000E+00 5.0839E-12 1.5685E-11 3.9305E-11 9.0109E-11 1.6446E-10 2.6587E-10 3.8787E-10 5.3601E-10 7.2540E-10 9.5226E-10 1.2354E-09 1.5771E-09 1.9938E-09 2.4796E-09 3.0531E-09 3.7151E-09 4.4615E-09 5.2961E-09 6.2136E-09 7.1977E-09 8.2278E-09 9.2855E-09 1.0345E-08 1.1372E-08 1.2330E-08 1.3185E-08 1.3906E-08 1.4464E-08 1.4833E-08 1.4996E-08 1.4945E-08 1.4680E-08 1.4212E-08 1.3560E-08 1.2751E-08 1.1818E-08 1.0796E-08 9.7215E-09 8.6304E-09 7.5511E-09 6.5143E-09 5.5417E-09
0.0000E+00 0.0000E+00 0.0000E+00 0.0000E+00 0.0000E+00 0.0000E+00 0.0000E+00 0.0000E+00 0.0000E+00 0.0000E+00 0.0000E+00 0.0000E+00 0.0000E+00 0.0000E+00 0.0000E+00 2.4171E-12 1.1207E-11 2.7498E-11 6.6198E-11 1.3059E-10 2.2675E-10 3.4771E-10 4.8805E-10 6.6920E-10 8.8951E-10 1.1603E-09 1.4962E-09 1.8979E-09 2.3776E-09 2.9452E-09 3.5985E-09 4.3458E-09 5.1884E-09 6.1139E-09 7.1075E-09 8.1610E-09 9.2487E-09 1.0341E-08 1.1402E-08 1.2399E-08 1.3296E-08 1.4058E-08 1.4651E-08 1.5049E-08 1.5231E-08 1.5187E-08 1.4919E-08 1.4440E-08 1.3770E-08 1.2933E-08 1.1966E-08 1.0905E-08 9.7905E-09 8.6592E-09 7.5457E-09 6.4796E-09 5.4825E-09
0.0000E+00 0.0000E+00 0.0000E+00 0.0000E+00 0.0000E+00 0.0000E+00 0.0000E+00 0.0000E+00 0.0000E+00 0.0000E+00 0.0000E+00 0.0000E+00 0.0000E+00 0.0000E+00 0.0000E+00 0.0000E+00 5.7421E-12 1.9628E-11 4.8085E-11 1.0195E-10 1.8635E-10 3.0278E-10 4.3837E-10 6.1071E-10 8.2208E-10 1.0847E-09 1.4121E-09 1.8012E-09 2.2757E-09 2.8310E-09 3.4782E-09 4.2263E-09 5.0678E-09 5.9967E-09 7.0101E-09 8.0870E-09 9.2019E-09 1.0325E-08 1.1429E-08 1.2473E-08 1.3416E-08 1.4222E-08 1.4856E-08 1.5288E-08 1.5496E-08 1.5471E-08 1.5209E-08 1.4722E-08 1.4031E-08 1.3164E-08 1.2159E-08 1.1056E-08 9.8986E-09 8.7250E-09 7.5691E-09 6.4653E-09 5.4369E-09
0.0000E+00 0.0000E+00 0.0000E+00 0.0000E+00 0.0000E+00 0.0000E+00 0.0000E+00 0.0000E+00 0.0000E+00 0.0000E+00 0.0000E+00 0.0000E+00 0.0000E+00 0.0000E+00 0.0000E+00 0.0000E+00 2.9951E-12 1.3258E-11 3.4585E-11 7.4998E-11 1.4849E-10 2.5652E-10 3.8992E-10 5.5477E-10 7.5560E-10 1.0104E-09 1.3215E-09 1.7020E-09 2.1622E-09 2.7060E-09 3.3514E-09 4.0942E-09 4.9350E-09 5.8777E-09 6.9068E-09 8.0007E-09 9.1425E-09 1.0307E-08 1.1456E-08 1.2549E-08 1.3542E-08 1.4400E-08 1.5082E-08 1.5555E-08 1.5793E-08 1.5784E-08 1.5528E-08 1.5033E-08 1.4323E-08 1.3426E-08 1.2382E-08 1.1235E-08 1.0028E-08 8.8045E-09 7.6063E-09 6.4641E-09 5.4043E-09
0.0000E+00 0.0000E+00 0.0000E+00 0.0000E+00 0.0000E+00 0.0000E+00 0.0000E+00 0.0000E+00 0.0000E+00 0.0000E+00 0.0000E+00 0.0000E+00 0.0000E+00 0.0000E+00 0.0000E+00 0.0000E+00 8.4822E-13 7.7411E-12 2.5503E-11 5.7346E-11 1.1438E-10 2.0953E-10 3.3913E-10 4.9531E-10 6.8627E-10 9.3147E-10 1.2318E-09 1.6038E-09 2.0469E-09 2.5844E-09 3.2201E-09 3.9539E-09 4.7982E-09 5.7464E-09 6.7841E-09 7.9027E-09 9.0818E-09 1.0288E-08 1.1480E-08 1.2623E-08 1.3674E-08 1.4589E-08 1.5325E-08 1.5847E-08 1.6127E-08 1.6147E-08 1.5904E-08 1.5407E-08 1.4678E-08 1.3749E-08 1.2661E-08 1.1464E-08 1.0203E-08 8.9279E-09 7.6790E-09 6.4907E-09 5.3938E-09
0.0000E+00 0.0000E+00 0.0000E+00 0.0000E+00 0.0000E+00 0.0000E+00 0.0000E+00 0.0000E+00 0.0000E+00 0.0000E+00 0.0000E+00 0.0000E+00 0.0000E+00 0.0000E+00 0.0000E+00 0.0000E+00 0.0000E+00 3.8834E-12 1.6735E-11 4.3998E-11 8.8936E-11 1.6709E-10 2.8352E-10 4.4081E-10 6.1873E-10 8.5375E-10 1.1416E-09 1.4962E-09 1.9251E-09 2.4511E-09 3.0713E-09 3.8037E-09 4.6513E-09 5.6029E-09 6.6571E-09 7.8022E-09 9.0115E-09 1.0254E-08 1.1503E-08 1.2711E-08 1.3831E-08 1.4814E-08 1.5615E-08 1.6195E-08 1.6520E-08 1.6569E-08 1.6341E-08 1.5843E-08 1.5098E-08 1.4138E-08 1.3006E-08 1.1754E-08 1.0432E-08 9.0921E-09 7.7833E-09 6.5420E-09 5.3995E-09
0.0000E+00 0.0000E+00 0.0000E+00 0.0000E+00 0.0000E+00 0.0000E+00 0.0000E+00 0.0000E+00 0.0000E+00 0.0000E+00 0.0000E+00 0.0000E+00 0.0000E+00 0.0000E+00 0.0000E+00 0.0000E+00 0.0000E+00 1.2819E-12 9.3350E-12 2.9137E-11 7.0178E-11 1.3323E-10 2.2971E-10 3.7967E-10 5.5109E-10 7.7276E-10 1.0508E-09 1.3900E-09 1.8102E-09 2.3170E-09 2.9256E-09 3.6501E-09 4.4868E-09 5.4425E-09 6.5133E-09 7.6808E-09 8.9233E-09 1.0220E-08 1.1530E-08 1.2802E-08 1.3991E-08 1.5048E-08 1.5926E-08 1.6576E-08 1.6962E-08 1.7061E-08 1.6862E-08 1.6371E-08 1.5608E-08 1.4611E-08 1.3426E-08 1.2109E-08 1.0718E-08 9.3102E-09 7.9324E-09 6.6308E-09 5.4373E-09
0.0000E+00 0.0000E+00 0.0000E+00 0.0000E+00 0.0000E+00 0.0000E+00 0.0000E+00 0.0000E+00 0.0000E+00 0.0000E+00 0.0000E+00 0.0000E+00 0.0000E+00 0.0000E+00 0.0000E+00 0.0000E+00 0.0000E+00 0.0000E+00 4.9307E-12 1.9610E-11 5.1035E-11 1.0531E-10 1.8559E-10 3.1588E-10 4.8513E-10 6.9437E-10 9.5700E-10 1.2787E-09 1.6831E-09 2.1700E-09 2.7676E-09 3.4784E-09 4.3129E-09 5.2760E-09 6.3585E-09 7.5468E-09 8.8304E-09 1.0178E-08 1.1546E-08 1.2895E-08 1.4176E-08 1.5328E-08 1.6295E-08 1.7031E-08 1.7488E-08 1.7638E-08 1.7470E-08 1.6986E-08 1.6212E-08 1.5182E-08 1.3945E-08 1.2560E-08 1.1090E-08 9.5964E-09 8.1371E-09 6.7611E-09 5.5063E-09
0.0000E+00 0.0000E+00 0.0000E+00 0.0000E+00 0.0000E+00 0.0000E+00 0.0000E+00 0.0000E+00 0.0000E+00 0.0000E+00 0.0000E+00 0.0000E+00 0.0000E+00 0.0000E+00 0.0000E+00 0.0000E+00 0.0000E+00 0.0000E+00 1.1112E-12 1.2729E-11 3.1371E-11 8.1579E-11 1.4861E-10 2.5720E-10 4.1108E-10 6.1384E-10 8.6226E-10 1.1686E-09 1.5575E-09 2.0286E-09 2.6081E-09 3.3023E-09 4.1275E-09 5.0861E-09 6.1741E-09 7.3895E-09 8.7134E-09 1.0111E-08 1.1554E-08 1.2994E-08 1.4368E-08 1.5618E-08 1.6692E-08 1.7531E-08 1.8080E-08 1.8303E-08 1.8185E-08 1.7725E-08 1.6941E-08 1.5872E-08 1.4573E-08 1.3107E-08 1.1546E-08 9.9610E-09 8.4095E-09 6.9493E-09 5.6204E-09
0.0000E+00 0.0000E+00 0.0000E+00 0.0000E+00 0.0000E+00 0.0000E+00 0.0000E+00 0.0000E+00 0.0000E+00 0.0000E+00 0.0000E+00 0.0000E+00 0.0000E+00 0.0000E+00 0.0000E+00 0.0000E+00 0.0000E+00 0.0000E+00 0.0000E+00 6.1442E-12 2.3688E-11 4.8448E-11 1.1712E-10 2.0874E-10 3.3839E-10 5.3027E-10 7.6656E-10 1.0527E-09 1.4169E-09 1.8714E-09 2.4268E-09 3.1062E-09 3.9230E-09 4.8790E-09 5.9775E-09 7.2164E-09 8.5719E-09 1.0028E-08 1.1548E-08 1.3077E-08 1.4558E-08 1.5936E-08 1.7137E-08 1.8091E-08 1.8745E-08 1.9054E-08 1.8994E-08 1.8563E-08 1.7777E-08 1.6678E-08 1.5320E-08 1.3772E-08 1.2111E-08 1.0416E-08 8.7562E-09 7.1979E-09 5.7837E-09
0.0000E+00 0.0000E+00 0.0000E+00 0.0000E+00 0.0000E+00 0.0000E+00 0.0000E+00 0.0000E+00 0.0000E+00 0.0000E+00 0.0000E+00 0.0000E+00 0.0000E+00 0.0000E+00 0.0000E+00 0.0000E+00 0.0000E+00 0.0000E+00 0.0000E+00 1.9989E-13 1.5472E-11 3.4654E-11 8.0236E-11 1.6674E-10 2.7616E-10 4.4311E-10 6.6619E-10 9.3765E-10 1.2809E-09 1.7140E-09 2.2461E-09 2.9047E-09 3.6988E-09 4.6436E-09 5.7457E-09 6.9988E-09 8.3933E-09 9.9118E-09 1.1509E-08 1.3138E-08 1.4744E-08 1.6253E-08 1.7587E-08 1.8680E-08 1.9466E-08 1.9889E-08 1.9911E-08 1.9526E-08 1.8753E-08 1.7627E-08 1.6208E-08 1.4569E-08 1.2801E-08 1.0988E-08 9.2098E-09 7.5383E-09 6.0236E-09
0.0000E+00 0.0000E+00 0.0000E+00 0.0000E+00 0.0000E+00 0.0000E+00 0.0000E+00 0.0000E+00 0.0000E+00 0.0000E+00 0.0000E+00 0.0000E+00 0.0000E+00 0.0000E+00 0.0000E+00 0.0000E+00 0.0000E+00 0.0000E+00 0.0000E+00 0.0000E+00 5.4591E-12 2.5574E-11 4.9753E-11 1.1913E-10 2.2454E-10 3.6270E-10 5.6137E-10 8.1561E-10 1.1343E-09 1.5414E-09 2.0485E-09 2.6782E-09 3.4537E-09 4.3880E-09 5.4886E-09 6.7527E-09 8.1820E-09 9.7502E-09 1.1423E-08 1.3161E-08 1.4896E-08 1.6546E-08 1.8044E-08 1.9303E-08 2.0239E-08 2.0788E-08 2.0910E-08 2.0596E-08 1.9850E-08 1.8711E-08 1.7234E-08 1.5507E-08 1.3622E-08 1.1678E-08 9.7685E-09 7.9717E-09 6.3419E-09
0.0000E+00 0.0000E+00 0.0000E+00 0.0000E+00 0.0000E+00 0.0000E+00 0.0000E+00 0.0000E+00 0.0000E+00 0.0000E+00 0.0000E+00 0.0000E+00 0.0000E+00 0.0000E+00 0.0000E+00 0.0000E+00 0.0000E+00 0.0000E+00 0.0000E+00 0.0000E+00 0.0000E+00 1.3380E-11 3.6134E-11 6.6707E-11 1.7124E-10 2.9522E-10 4.6357E-10 6.9036E-10 9.8986E-10 1.3694E-09 1.8474E-09 2.4443E-09 3.1893E-09 4.0963E-09 5.1821E-09 6.4524E-09 7.9055E-09 9.5216E-09 1.1277E-08 1.3124E-08 1.4985E-08 1.6797E-08 1.8469E-08 1.9902E-08 2.1010E-08 2.1722E-08 2.1982E-08 2.1761E-08 2.1064E-08 1.9924E-08 1.8408E-08 1.6597E-08 1.4600E-08 1.2524E-08 1.0473E-08 8.5338E-09 6.7756E-09
0.0000E+00 0.0000E+00 0.0000E+00 0.0000E+00 0.0000E+00 0.0000E+00 0.0000E+00 0.0000E+00 0.0000E+00 0.0000E+00 0.0000E+00 0.0000E+00 0.0000E+00 0.0000E+00 0.0000E+00 0.0000E+00 0.0000E+00 0.0000E+00 0.0000E+00 0.0000E+00 0.0000E+00 3.1052E-12 2.1668E-11 4.9999E-11 9.9562E-11 2.3167E-10 3.7665E-10 5.7074E-10 8.3787E-10 1.1878E-09 1.6315E-09 2.1934E-09 2.9026E-09 3.7821E-09 4.8472E-09 6.1094E-09 7.5729E-09 9.2277E-09 1.1051E-08 1.2990E-08 1.4991E-08 1.6970E-08 1.8822E-08 2.0454E-08 2.1766E-08 2.2662E-08 2.3077E-08 2.2981E-08 2.2366E-08 2.1258E-08 1.9715E-08 1.7834E-08 1.5726E-08 1.3515E-08 1.1317E-08 9.2302E-09 7.3287E-09
0.0000E+00 0.0000E+00 0.0000E+00 0.0000E+00 0.0000E+00 0.0000E+00 0.0000E+00 0.0000E+00 0.0000E+00 0.0000E+00 0.0000E+00 0.0000E+00 0.0000E+00 0.0000E+00 0.0000E+00 0.0000E+00 0.0000E+00 0.0000E+00 0.0000E+00 0.0000E+00 0.0000E+00 0.0000E+00 7.9083E-12 3.1852E-11 6.4427E-11 1.4373E-10 2.9854E-10 4.6307E-10 6.9251E-10 1.0097E-09 1.4155E-09 1.9378E-09 2.5983E-09 3.4338E-09 4.4613E-09 5.7036E-09 7.1646E-09 8.8444E-09 1.0720E-08 1.2757E-08 1.4885E-08 1.7016E-08 1.9061E-08 2.0906E-08 2.2435E-08 2.3548E-08 2.4164E-08 2.4237E-08 2.3735E-08 2.2680E-08 2.1138E-08 1.9208E-08 1.7012E-08 1.4680E-08 1.2340E-08 1.0098E-08 8.0454E-09
0.0000E+00 0.0000E+00 0.0000E+00 0.0000E+00 0.0000E+00 0.0000E+00 0.0000E+00 0.0000E+00 0.0000E+00 0.0000E+00 0.0000E+00 0.0000E+00 0.0000E+00 0.0000E+00 0.0000E+00 0.0000E+00 0.0000E+00 0.0000E+00 0.0000E+00 0.0000E+00 0.0000E+00 0.0000E+00 7.6859E-13 1.3626E-11 4.2678E-11 7.9326E-11 1.9797E-10 3.6898E-10 5.6083E-10 8.3549E-10 1.1966E-09 1.6725E-09 2.2812E-09 3.0702E-09 4.0504E-09 5.2529E-09 6.6916E-09 8.3725E-09 1.0286E-08 1.2391E-08 1.4626E-08 1.6915E-08 1.9152E-08 2.1214E-08 2.2982E-08 2.4336E-08 2.5184E-08 2.5450E-08 2.5101E-08 2.4151E-08 2.2656E-08 2.0712E-08 1.8446E-08 1.5997E-08 1.3515E-08 1.1122E-08 8.9198E-09
0.0000E+00 0.0000E+00 0.0000E+00 0.0000E+00 0.0000E+00 0.0000E+00 0.0000E+00 0.0000E+00 0.0000E+00 0.0000E+00 0.0000E+00 0.0000E+00 0.0000E+00 0.0000E+00 0.0000E+00 0.0000E+00 0.0000E+00 0.0000E+00 0.0000E+00 0.0000E+00 0.0000E+00 0.0000E+00 0.0000E+00 3.0922E-12 2.0036E-11 5.3794E-11 1.0943E-10 2.5377E-10 4.4865E-10 6.7678E-10 9.9110E-10 1.4133E-09 1.9639E-09 2.6875E-09 3.6051E-09 4.7517E-09 6.1476E-09 7.8077E-09 9.7283E-09 1.1877E-08 1.4205E-08 1.6632E-08 1.9043E-08 2.1324E-08 2.3339E-08 2.4964E-08 2.6067E-08 2.6573E-08 2.6422E-08 2.5622E-08 2.4217E-08 2.2298E-08 2.0003E-08 1.7482E-08 1.4884E-08 1.2352E-08 9.9929E-09
0.0000E+00 0.0000E+00 0.0000E+00 0.0000E+00 0.0000E+00 0.0000E+00 0.0000E+00 0.0000E+00 0.0000E+00 0.0000E+00 0.0000E+00 0.0000E+00 0.0000E+00 0.0000E+00 0.0000E+00 0.0000E+00 0.0000E+00 0.0000E+00 0.0000E+00 0.0000E+00 0.0000E+00 0.0000E+00 0.0000E+00 0.0000E+00 5.8356E-12 2.6759E-11 6.4027E-11 1.4188E-10 3.2654E-10 5.4010E-10 8.0253E-10 1.1661E-09 1.6492E-09 2.3032E-09 3.1474E-09 4.2223E-09 5.5530E-09 7.1654E-09 9.0609E-09 1.1219E-08 1.3604E-08 1.6130E-08 1.8700E-08 2.1191E-08 2.3458E-08 2.5354E-08 2.6744E-08 2.7520E-08 2.7623E-08 2.7019E-08 2.5756E-08 2.3925E-08 2.1655E-08 1.9103E-08 1.6427E-08 1.3773E-08 1.1270E-08
0.0000E+00 0.0000E+00 0.0000E+00 0.0000E+00 0.0000E+00 0.0000E+00 0.0000E+00 0.0000E+00 0.0000E+00 0.0000E+00 0.0000E+00 0.0000E+00 0.0000E+00 0.0000E+00 0.0000E+00 0.0000E+00 0.0000E+00 0.0000E+00 0.0000E+00 0.0000E+00 0.0000E+00 0.0000E+00 0.0000E+00 0.0000E+00 2.9891E-13 9.1282E-12 3.3859E-11 8.0052E-11 1.8150E-10 4.1399E-10 6.3753E-10 9.4313E-10 1.3577E-09 1.9305E-09 2.6846E-09 3.6649E-09 4.9060E-09 6.4426E-09 8.2847E-09 1.0420E-08 1.2822E-08 1.5413E-08 1.8110E-08 2.0776E-08 2.3276E-08 2.5444E-08 2.7136E-08 2.8225E-08 2.8610E-08 2.8274E-08 2.7228E-08 2.5551E-08 2.3362E-08 2.0826E-08 1.8109E-08 1.5374E-08 1.2748E-08
0.0000E+00 0.0000E+00 0.0000E+00 0.0000E+00 0.0000E+00 0.0000E+00 0.0000E+00 0.0000E+00 0.0000E+00 0.0000E+00 0.0000E+00 0.0000E+00 0.0000E+00 0.0000E+00 0.0000E+00 0.0000E+00 0.0000E+00 0.0000E+00 0.0000E+00 0.0000E+00 0.0000E+00 0.0000E+00 0.0000E+00 0.0000E+00 0.0000E+00 8.0179E-13 1.2410E-11 4.4719E-11 9.4803E-11 2.2753E-10 4.7970E-10 7.4328E-10 1.0895E-09 1.5832E-09 2.2424E-09 3.1199E-09 4.2519E-09 5.6768E-09 7.4204E-09 9.4859E-09 1.1857E-08 1.4478E-08 1.7249E-08 2.0059E-08 2.2760E-08 2.5190E-08 2.7180E-08 2.8588E-08 2.9312E-08 2.9287E-08 2.8530E-08 2.7080E-08 2.5065E-08 2.2630E-08 1.9942E-08 1.7169E-08 1.4440E-08
0.0000E+00 0.0000E+00 0.0000E+00 0.0000E+00 0.0000E+00 0.0000E+00 0.0000E+00 0.0000E+00 0.0000E+00 0.0000E+00 0.0000E+00 0.0000E+00 0.0000E+00 0.0000E+00 0.0000E+00 0.0000E+00 0.0000E+00 0.0000E+00 0.0000E+00 0.0000E+00 0.0000E+00 0.0000E+00 0.0000E+00 0.0000E+00 0.0000E+00 0.0000E+00 1.3389E-12 1.8639E-11 5.5806E-11 1.1012E-10 2.8575E-10 5.6075E-10 8.4889E-10 1.2612E-09 1.8239E-09 2.5907E-09 3.5987E-09 4.8928E-09 6.5129E-09 8.4659E-09 1.0749E-08 1.3331E-08 1.6121E-08 1.9026E-08 2.1889E-08 2.4537E-08 2.6820E-08 2.8561E-08 2.9642E-08 2.9988E-08 2.9562E-08 2.8432E-08 2.6672E-08 2.4430E-08 2.1858E-08 1.9110E-08 1.6331E-08
0.0000E+00 0.0000E+00 0.0000E+00 0.0000E+00 0.0000E+00 0.0000E+00 0.0000E+00 0.0000E+00 0.0000E+00 0.0000E+00 0.0000E+00 0.0000E+00 0.0000E+00 0.0000E+00 0.0000E+00 0.0000E+00 0.0000E+00 0.0000E+00 0.0000E+00 0.0000E+00 0.0000E+00 0.0000E+00 0.0000E+00 0.0000E+00 0.0000E+00 0.0000E+00 0.0000E+00 1.7750E-12 2.2642E-11 6.1878E-11 1.3312E-10 3.6400E-10 6.3965E-10 9.8062E-10 1.4446E-09 2.0910E-09 2.9635E-09 4.1131E-09 5.5849E-09 7.3887E-09 9.5434E-09 1.2030E-08 1.4775E-08 1.7698E-08 2.0644E-08 2.3479E-08 2.6005E-08 2.8074E-08 2.9531E-08 3.0274E-08 3.0278E-08 2.9527E-08 2.8108E-08 2.6136E-08 2.3757E-08 2.1129E-08 1.8375E-08
0.0000E+00 0.0000E+00 0.0000E+00 0.0000E+00 0.0000E+00 0.0000E+00 0.0000E+00 0.0000E+00 0.0000E+00 0.0000E+00 0.0000E+00 0.0000E+00 0.0000E+00 0.0000E+00 0.0000E+00 0.0000E+00 0.0000E+00 0.0000E+00 0.0000E+00 0.0000E+00 0.0000E+00 0.0000E+00 0.0000E+00 0.0000E+00 0.0000E+00 0.0000E+00 0.0000E+00 0.0000E+00 5.8209E-12 3.0757E-11 7.1454E-11 1.6518E-10 4.2866E-10 7.3475E-10 1.1158E-09 1.6513E-09 2.3850E-09 3.3717E-09 4.6579E-09 6.2825E-09 8.2711E-09 1.0612E-08 1.3249E-08 1.6116E-08 1.9092E-08 2.2023E-08 2.4748E-08 2.7091E-08 2.8905E-08 3.0081E-08 3.0535E-08 3.0246E-08 2.9262E-08 2.7668E-08 2.5595E-08 2.3164E-08 2.0511E-08
0.0000E+00 0.0000E+00 0.0000E+00 0.0000E+00 0.0000E+00 0.0000E+00 0.0000E+00 0.0000E+00 0.0000E+00 0.0000E+00 0.0000E+00 0.0000E+00 0.0000E+00 0.0000E+00 0.0000E+00 0.0000E+00 0.0000E+00 0.0000E+00 0.0000E+00 0.0000E+00 0.0000E+00 0.0000E+00 0.0000E+00 0.0000E+00 0.0000E+00 0.0000E+00 0.0000E+00 0.0000E+00 3.1070E-12 1.0832E-11 4.2228E-11 8.4528E-11 2.1521E-10 4.9855E-10 8.2741E-10 1.2653E-09 1.8701E-09 2.7014E-09 3.8040E-09 5.2230E-09 6.9875E-09 9.1159E-09 1.1587E-08 1.4332E-08 1.7251E-08 2.0211E-08 2.3053E-08 2.5625E-08 2.7759E-08 2.9341E-08 3.0251E-08 3.0464E-08 2.9995E-08 2.8884E-08 2.7222E-08 2.5112E-08 2.2667E-08
