Assets/Resources/2015_m01_d13_1300(utc+0800)_l00_csi_1hr_conc.grd
DSAA
         159         159
     -79.000      79.000
     -79.000      79.000
  0.0000E+00  0.2270E-05
[rows 125 to 149 of 159, columns 0 to 56 of 159]
4.9878E-10 5.0706E-10 5.1397E-10 5.2034E-10 5.2850E-10 5.3376E-10 5.3956E-10 5.4351E-10 5.4673E-10 5.4788E-10 5.4962E-10 5.5048E-10 5.5055E-10 5.4988E-10 5.4705E-10 5.4502E-10 5.4258E-10 5.3979E-10 5.3388E-10 5.3177E-10 5.2815E-10 5.2421E-10 5.1972E-10 5.1486E-10 5.0946E-10 5.0362E-10 4.9702E-10 4.8956E-10 4.8124E-10 4.7212E-10 4.6226E-10 4.5173E-10 4.4057E-10 4.2887E-10 4.1670E-10 4.0412E-10 3.8995E-10 3.7634E-10 3.5960E-10 3.4453E-10 3.2737E-10 3.0844E-10 2.8930E-10 2.7049E-10 2.5133E-10 2.2753E-10 2.0720E-10 1.8670E-10 1.6158E-10 1.3846E-10 1.2075E-10 1.0299E-10 8.5911E-11 7.1282E-11 5.9670E-11 5.1074E-11 4.2090E-11
4.3951E-10 4.4545E-10 4.5098E-10 4.5711E-10 4.6177E-10 4.6592E-10 4.6953E-10 4.7249E-10 4.7493E-10 4.7676E-10 4.7785E-10 4.7842E-10 4.7714E-10 4.7639E-10 4.7392E-10 4.7246E-10 4.7070E-10 4.6733E-10 4.6510E-10 4.6125E-10 4.5857E-10 4.5547E-10 4.5055E-10 4.4648E-10 4.4035E-10 4.3526E-10 4.2938E-10 4.2879E-10 4.2156E-10 4.1365E-10 4.0511E-10 3.9599E-10 3.8496E-10 3.7488E-10 3.6439E-10 3.5356E-10 3.4016E-10 3.2606E-10 3.1118E-10 2.9614E-10 2.8179E-10 2.6447E-10 2.4670E-10 2.3122E-10 2.1378E-10 1.9366E-10 1.7539E-10 1.5372E-10 1.3529E-10 1.1831E-10 1.0029E-10 8.8503E-11 7.4524E-11 6.3335E-11 5.4953E-11 4.7037E-11 3.8378E-11
3.6874E-10 3.7256E-10 3.7809E-10 3.8113E-10 3.8585E-10 3.8808E-10 3.8979E-10 3.9107E-10 3.9176E-10 3.9073E-10 3.9044E-10 3.8957E-10 3.8816E-10 3.8521E-10 3.8192E-10 3.7968E-10 3.7603E-10 3.7209E-10 3.6802E-10 3.6502E-10 3.6301E-10 3.6218E-10 3.5823E-10 3.5376E-10 3.4888E-10 3.4345E-10 3.3739E-10 3.3075E-10 3.2357E-10 3.1590E-10 3.0779E-10 2.9809E-10 2.8928E-10 2.8017E-10 2.6964E-10 2.5838E-10 2.4432E-10 2.3307E-10 2.1922E-10 2.0719E-10 1.9527E-10 1.8084E-10 1.6691E-10 1.5169E-10 1.3602E-10 1.2020E-10 1.0405E-10 8.9535E-11 7.7284E-11 6.5084E-11 5.4410E-11 4.5812E-11 3.9877E-11 3.4780E-11 2.9940E-11 2.5410E-11 1.9725E-11
3.2200E-10 3.2499E-10 3.2765E-10 3.2993E-10 3.3184E-10 3.3309E-10 3.3457E-10 3.3533E-10 3.3470E-10 3.3473E-10 3.3431E-10 3.3126E-10 3.3019E-10 3.2890E-10 3.2509E-10 3.2354E-10 3.2061E-10 3.1740E-10 3.1405E-10 3.1404E-10 3.1297E-10 3.1011E-10 3.0669E-10 3.0273E-10 2.9842E-10 2.9360E-10 2.8826E-10 2.8245E-10 2.7621E-10 2.7100E-10 2.6292E-10 2.5565E-10 2.4697E-10 2.3877E-10 2.2754E-10 2.1553E-10 2.0363E-10 1.9469E-10 1.8346E-10 1.7333E-10 1.6103E-10 1.5031E-10 1.4012E-10 1.2436E-10 1.1233E-10 9.7828E-11 8.5423E-11 7.3554E-11 6.3602E-11 5.4671E-11 4.6523E-11 4.1497E-11 3.6607E-11 3.1909E-11 2.7455E-11 2.3026E-11 1.7703E-11
2.6392E-10 2.6539E-10 2.6653E-10 2.6638E-10 2.6691E-10 2.6708E-10 2.6588E-10 2.6650E-10 2.6577E-10 2.6366E-10 2.6130E-10 2.5972E-10 2.5571E-10 2.5391E-10 2.5195E-10 2.4748E-10 2.4520E-10 2.4505E-10 2.4261E-10 2.4000E-10 2.3712E-10 2.3365E-10 2.2964E-10 2.2526E-10 2.2064E-10 2.1562E-10 2.1024E-10 2.0588E-10 1.9990E-10 1.9259E-10 1.8618E-10 1.7847E-10 1.6999E-10 1.6073E-10 1.5120E-10 1.4132E-10 1.3300E-10 1.2394E-10 1.1495E-10 1.0524E-10 9.5465E-11 8.6804E-11 7.6418E-11 6.5116E-11 5.6216E-11 4.7059E-11 3.8827E-11 3.2085E-11 2.6706E-11 2.3780E-11 2.1501E-11 1.9255E-11 1.7068E-11 1.4964E-11 1.2964E-11 1.0964E-11 8.9092E-12
2.2289E-10 2.2387E-10 2.2364E-10 2.2415E-10 2.2437E-10 2.2340E-10 2.2319E-10 2.2269E-10 2.2097E-10 2.2114E-10 2.2007E-10 2.1671E-10 2.1661E-10 2.1531E-10 2.1270E-10 2.1119E-10 2.0832E-10 2.0651E-10 2.0454E-10 2.0240E-10 1.9974E-10 1.9657E-10 1.9302E-10 1.8920E-10 1.8515E-10 1.8208E-10 1.7869E-10 1.7380E-10 1.6868E-10 1.6213E-10 1.5575E-10 1.4741E-10 1.4014E-10 1.3050E-10 1.2379E-10 1.1607E-10 1.0808E-10 1.0125E-10 9.3673E-11 8.3832E-11 7.3358E-11 6.6162E-11 5.6683E-11 5.0052E-11 4.2264E-11 3.5787E-11 2.9997E-11 2.6043E-11 2.3926E-11 2.1801E-11 1.9691E-11 1.7618E-11 1.5603E-11 1.3444E-11 1.1316E-11 9.3331E-12 7.3925E-12
1.8766E-10 1.8832E-10 1.8880E-10 1.8911E-10 1.8928E-10 1.8921E-10 1.8695E-10 1.8662E-10 1.8502E-10 1.8435E-10 1.8364E-10 1.8276E-10 1.8194E-10 1.7988E-10 1.7886E-10 1.7650E-10 1.7518E-10 1.7244E-10 1.7082E-10 1.7374E-10 1.7249E-10 1.6973E-10 1.6667E-10 1.6343E-10 1.5994E-10 1.5618E-10 1.5110E-10 1.4691E-10 1.4206E-10 1.3474E-10 1.2795E-10 1.2261E-10 1.1508E-10 1.0774E-10 1.0039E-10 9.4313E-11 8.6241E-11 8.0101E-11 7.0775E-11 6.3716E-11 5.6637E-11 4.8217E-11 4.1700E-11 3.7837E-11 3.2145E-11 2.7809E-11 2.5896E-11 2.3945E-11 2.1974E-11 2.0002E-11 1.7914E-11 1.5728E-11 1.3617E-11 1.1604E-11 9.9272E-12 8.4178E-12 6.4055E-12
1.5297E-10 1.5302E-10 1.5197E-10 1.5176E-10 1.5136E-10 1.4989E-10 1.4927E-10 1.4851E-10 1.4667E-10 1.4469E-10 1.4262E-10 1.4042E-10 1.3817E-10 1.4019E-10 1.4000E-10 1.3863E-10 1.3712E-10 1.3545E-10 1.3354E-10 1.3130E-10 1.2865E-10 1.2537E-10 1.2133E-10 1.1802E-10 1.1582E-10 1.1218E-10 1.0790E-10 1.0125E-10 9.5038E-11 9.0309E-11 8.3480E-11 7.8804E-11 7.2096E-11 6.6646E-11 6.0202E-11 5.5093E-11 4.6136E-11 3.7951E-11 3.2368E-11 2.5993E-11 2.0446E-11 1.6302E-11 1.2558E-11 9.0427E-12 8.5577E-12 8.0529E-12 7.5320E-12 6.7784E-12 6.0111E-12 5.2517E-12 4.5074E-12 3.9393E-12 3.4812E-12 3.0413E-12 2.6241E-12 2.2338E-12 1.8736E-12
1.2722E-10 1.2625E-10 1.2610E-10 1.2491E-10 1.2465E-10 1.2424E-10 1.2279E-10 1.2230E-10 1.2172E-10 1.2004E-10 1.1940E-10 1.1754E-10 1.1671E-10 1.1578E-10 1.1354E-10 1.1235E-10 1.1097E-10 1.1054E-10 1.0877E-10 1.0669E-10 1.0375E-10 1.0309E-10 1.0044E-10 9.7603E-11 9.4127E-11 8.9305E-11 8.3841E-11 7.9835E-11 7.5946E-11 6.9788E-11 6.5874E-11 5.9938E-11 5.5049E-11 4.8270E-11 4.1970E-11 3.4243E-11 3.0478E-11 2.4285E-11 1.8377E-11 1.4845E-11 1.1601E-11 8.5197E-12 8.2435E-12 7.9376E-12 7.3187E-12 6.6818E-12 6.0330E-12 5.4216E-12 4.9701E-12 4.5189E-12 4.0721E-12 3.6344E-12 3.2100E-12 2.8032E-12 2.4181E-12 2.0583E-12 1.7267E-12
1.0292E-10 1.0174E-10 1.0151E-10 1.0120E-10 9.9865E-11 9.8474E-11 9.7049E-11 9.6590E-11 9.5061E-11 9.4544E-11 9.3907E-11 9.2089E-11 9.1268E-11 8.9156E-11 8.8028E-11 9.0038E-11 9.0917E-11 8.9360E-11 8.7593E-11 8.5629E-11 8.3481E-11 8.1165E-11 7.6783E-11 7.2448E-11 6.8046E-11 6.3005E-11 5.8973E-11 5.5454E-11 5.0392E-11 4.5918E-11 4.1004E-11 3.5880E-11 2.8891E-11 2.2633E-11 1.8558E-11 1.3808E-11 9.2072E-12 5.7911E-12 3.1665E-12 2.2685E-13 1.2969E-13 1.8859E-14 0.0000E+00 0.0000E+00 0.0000E+00 0.0000E+00 0.0000E+00 0.0000E+00 0.0000E+00 0.0000E+00 0.0000E+00 0.0000E+00 0.0000E+00 0.0000E+00 0.0000E+00 0.0000E+00 0.0000E+00
8.3900E-11 8.2819E-11 8.2614E-11 8.1905E-11 8.0729E-11 7.9942E-11 7.9739E-11 7.8469E-11 7.7585E-11 7.6111E-11 7.5073E-11 7.4523E-11 7.6268E-11 7.5508E-11 7.4594E-11 7.3501E-11 7.2229E-11 7.0787E-11 6.9185E-11 6.6944E-11 6.3337E-11 5.9557E-11 5.6655E-11 5.2695E-11 4.9201E-11 4.5145E-11 4.1700E-11 3.8820E-11 3.3284E-11 2.9069E-11 2.3969E-11 1.9061E-11 1.5277E-11 1.0645E-11 6.7555E-12 3.0082E-12 1.6648E-12 0.0000E+00 0.0000E+00 0.0000E+00 0.0000E+00 0.0000E+00 0.0000E+00 0.0000E+00 0.0000E+00 0.0000E+00 0.0000E+00 0.0000E+00 0.0000E+00 0.0000E+00 0.0000E+00 0.0000E+00 0.0000E+00 0.0000E+00 0.0000E+00 0.0000E+00 0.0000E+00
6.6070E-11 6.5441E-11 6.4342E-11 6.4285E-11 6.3088E-11 6.3633E-11 6.2971E-11 6.2270E-11 6.2114E-11 6.0637E-11 6.0287E-11 5.9181E-11 6.1644E-11 6.1500E-11 6.0648E-11 5.9646E-11 5.7577E-11 5.5008E-11 5.1268E-11 4.8934E-11 4.6729E-11 4.4303E-11 4.0737E-11 3.7755E-11 3.4200E-11 3.0745E-11 2.7269E-11 2.1858E-11 1.9266E-11 1.4628E-11 1.0728E-11 7.8911E-12 5.3543E-12 2.3232E-12 1.0813E-12 0.0000E+00 0.0000E+00 0.0000E+00 0.0000E+00 0.0000E+00 0.0000E+00 0.0000E+00 0.0000E+00 0.0000E+00 0.0000E+00 0.0000E+00 0.0000E+00 0.0000E+00 0.0000E+00 0.0000E+00 0.0000E+00 0.0000E+00 0.0000E+00 0.0000E+00 0.0000E+00 0.0000E+00 0.0000E+00
5.0927E-11 4.9915E-11 4.9958E-11 4.8367E-11 4.9512E-11 4.9533E-11 4.8990E-11 4.8968E-11 4.8249E-11 4.8049E-11 4.7721E-11 4.7268E-11 4.7660E-11 4.6205E-11 4.4035E-11 4.2345E-11 4.0024E-11 3.8112E-11 3.6147E-11 3.4142E-11 3.1044E-11 2.8477E-11 2.5424E-11 2.2873E-11 1.8927E-11 1.6592E-11 1.2106E-11 1.0501E-11 7.3086E-12 4.7830E-12 2.9171E-12 1.1153E-12 0.0000E+00 0.0000E+00 0.0000E+00 0.0000E+00 0.0000E+00 0.0000E+00 0.0000E+00 0.0000E+00 0.0000E+00 0.0000E+00 0.0000E+00 0.0000E+00 0.0000E+00 0.0000E+00 0.0000E+00 0.0000E+00 0.0000E+00 0.0000E+00 0.0000E+00 0.0000E+00 0.0000E+00 0.0000E+00 0.0000E+00 0.0000E+00 0.0000E+00
3.7674E-11 3.7823E-11 3.6300E-11 3.6430E-11 3.8122E-11 3.7285E-11 3.6403E-11 3.6411E-11 3.4405E-11 3.3816E-11 3.2085E-11 3.1266E-11 3.1593E-11 3.0678E-11 2.9180E-11 2.8144E-11 2.6529E-11 2.3834E-11 2.2152E-11 1.9965E-11 1.7819E-11 1.5176E-11 1.2525E-11 9.4271E-12 7.4219E-12 5.4861E-12 4.1759E-12 2.3319E-12 1.1144E-12 0.0000E+00 0.0000E+00 0.0000E+00 0.0000E+00 0.0000E+00 0.0000E+00 0.0000E+00 0.0000E+00 0.0000E+00 0.0000E+00 0.0000E+00 0.0000E+00 0.0000E+00 0.0000E+00 0.0000E+00 0.0000E+00 0.0000E+00 0.0000E+00 0.0000E+00 0.0000E+00 0.0000E+00 0.0000E+00 0.0000E+00 0.0000E+00 0.0000E+00 0.0000E+00 0.0000E+00 0.0000E+00
1.8435E-11 1.7491E-11 1.8807E-11 1.8982E-11 2.0718E-11 2.1400E-11 2.0976E-11 2.1025E-11 2.1015E-11 1.9284E-11 1.9183E-11 1.8492E-11 1.7285E-11 1.7078E-11 1.5709E-11 1.4408E-11 1.1976E-11 1.1168E-11 8.7574E-12 7.9696E-12 5.5807E-12 4.8308E-12 3.0408E-12 2.3457E-12 1.1915E-12 5.4642E-13 0.0000E+00 0.0000E+00 0.0000E+00 0.0000E+00 0.0000E+00 0.0000E+00 0.0000E+00 0.0000E+00 0.0000E+00 0.0000E+00 0.0000E+00 0.0000E+00 0.0000E+00 0.0000E+00 0.0000E+00 0.0000E+00 0.0000E+00 0.0000E+00 0.0000E+00 0.0000E+00 0.0000E+00 0.0000E+00 0.0000E+00 0.0000E+00 0.0000E+00 0.0000E+00 0.0000E+00 0.0000E+00 0.0000E+00 0.0000E+00 0.0000E+00
0.0000E+00 0.0000E+00 2.4665E-12 3.0821E-12 4.3536E-12 6.5669E-12 6.6279E-12 6.6700E-12 6.6928E-12 6.1304E-12 6.1205E-12 6.0927E-12 6.0470E-12 4.3207E-12 4.2701E-12 3.6164E-12 2.4431E-12 2.3973E-12 1.7502E-12 1.1909E-12 5.4815E-13 0.0000E+00 0.0000E+00 0.0000E+00 0.0000E+00 0.0000E+00 0.0000E+00 0.0000E+00 0.0000E+00 0.0000E+00 0.0000E+00 0.0000E+00 0.0000E+00 0.0000E+00 0.0000E+00 0.0000E+00 0.0000E+00 0.0000E+00 0.0000E+00 0.0000E+00 0.0000E+00 0.0000E+00 0.0000E+00 0.0000E+00 0.0000E+00 0.0000E+00 0.0000E+00 0.0000E+00 0.0000E+00 0.0000E+00 0.0000E+00 0.0000E+00 0.0000E+00 0.0000E+00 0.0000E+00 0.0000E+00 0.0000E+00
0.0000E+00 0.0000E+00 0.0000E+00 0.0000E+00 0.0000E+00 0.0000E+00 0.0000E+00 0.0000E+00 0.0000E+00 0.0000E+00 0.0000E+00 0.0000E+00 0.0000E+00 0.0000E+00 0.0000E+00 0.0000E+00 0.0000E+00 0.0000E+00 0.0000E+00 0.0000E+00 0.0000E+00 0.0000E+00 0.0000E+00 0.0000E+00 0.0000E+00 0.0000E+00 0.0000E+00 0.0000E+00 0.0000E+00 0.0000E+00 0.0000E+00 0.0000E+00 0.0000E+00 0.0000E+00 0.0000E+00 0.0000E+00 0.0000E+00 0.0000E+00 0.0000E+00 0.0000E+00 0.0000E+00 0.0000E+00 0.0000E+00 0.0000E+00 0.0000E+00 0.0000E+00 0.0000E+00 0.0000E+00 0.0000E+00 0.0000E+00 0.0000E+00 0.0000E+00 0.0000E+00 0.0000E+00 0.0000E+00 0.0000E+00 0.0000E+00
0.0000E+00 0.0000E+00 0.0000E+00 0.0000E+00 0.0000E+00 0.0000E+00 0.0000E+00 0.0000E+00 0.0000E+00 0.0000E+00 0.0000E+00 0.0000E+00 0.0000E+00 0.0000E+00 0.0000E+00 0.0000E+00 0.0000E+00 0.0000E+00 0.0000E+00 0.0000E+00 0.0000E+00 0.0000E+00 0.0000E+00 0.0000E+00 0.0000E+00 0.0000E+00 0.0000E+00 0.0000E+00 0.0000E+00 0.0000E+00 0.0000E+00 0.0000E+00 0.0000E+00 0.0000E+00 0.0000E+00 0.0000E+00 0.0000E+00 0.0000E+00 0.0000E+00 0.0000E+00 0.0000E+00 0.0000E+00 0.0000E+00 0.0000E+00 0.0000E+00 0.0000E+00 0.0000E+00 0.0000E+00 0.0000E+00 0.0000E+00 0.0000E+00 0.0000E+00 0.0000E+00 0.0000E+00 0.0000E+00 0.0000E+00 0.0000E+00
0.0000E+00 0.0000E+00 0.0000E+00 0.0000E+00 0.0000E+00 0.0000E+00 0.0000E+00 0.0000E+00 0.0000E+00 0.0000E+00 0.0000E+00 0.0000E+00 0.0000E+00 0.0000E+00 0.0000E+00 0.0000E+00 0.0000E+00 0.0000E+00 0.0000E+00 0.0000E+00 0.0000E+00 0.0000E+00 0.0000E+00 0.0000E+00 0.0000E+00 0.0000E+00 0.0000E+00 0.0000E+00 0.0000E+00 0.0000E+00 0.0000E+00 0.0000E+00 0.0000E+00 0.0000E+00 0.0000E+00 0.0000E+00 0.0000E+00 0.0000E+00 0.0000E+00 0.0000E+00 0.0000E+00 0.0000E+00 0.0000E+00 0.0000E+00 0.0000E+00 0.0000E+00 0.0000E+00 0.0000E+00 0.0000E+00 0.0000E+00 0.0000E+00 0.0000E+00 0.0000E+00 0.0000E+00 0.0000E+00 0.0000E+00 0.0000E+00
0.0000E+00 0.0000E+00 0.0000E+00 0.0000E+00 0.0000E+00 0.0000E+00 0.0000E+00 0.0000E+00 0.0000E+00 0.0000E+00 0.0000E+00 0.0000E+00 0.0000E+00 0.0000E+00 0.0000E+00 0.0000E+00 0.0000E+00 0.0000E+00 0.0000E+00 0.0000E+00 0.0000E+00 0.0000E+00 0.0000E+00 0.0000E+00 0.0000E+00 0.0000E+00 0.0000E+00 0.0000E+00 0.0000E+00 0.0000E+00 0.0000E+00 0.0000E+00 0.0000E+00 0.0000E+00 0.0000E+00 0.0000E+00 0.0000E+00 0.0000E+00 0.0000E+00 0.0000E+00 0.0000E+00 0.0000E+00 0.0000E+00 0.0000E+00 0.0000E+00 0.0000E+00 0.0000E+00 0.0000E+00 0.0000E+00 0.0000E+00 0.0000E+00 0.0000E+00 0.0000E+00 0.0000E+00 0.0000E+00 0.0000E+00 0.0000E+00
0.0000E+00 0.0000E+00 0.0000E+00 0.0000E+00 0.0000E+00 0.0000E+00 0.0000E+00 0.0000E+00 0.0000E+00 0.0000E+00 0.0000E+00 0.0000E+00 0.0000E+00 0.0000E+00 0.0000E+00 0.0000E+00 0.0000E+00 0.0000E+00 0.0000E+00 0.0000E+00 0.0000E+00 0.0000E+00 0.0000E+00 0.0000E+00 0.0000E+00 0.0000E+00 0.0000E+00 0.0000E+00 0.0000E+00 0.0000E+00 0.0000E+00 0.0000E+00 0.0000E+00 0.0000E+00 0.0000E+00 0.0000E+00 0.0000E+00 0.0000E+00 0.0000E+00 0.0000E+00 0.0000E+00 0.0000E+00 0.0000E+00 0.0000E+00 0.0000E+00 0.0000E+00 0.0000E+00 0.0000E+00 0.0000E+00 0.0000E+00 0.0000E+00 0.0000E+00 0.0000E+00 0.0000E+00 0.0000E+00 0.0000E+00 0.0000E+00
0.0000E+00 0.0000E+00 0.0000E+00 0.0000E+00 0.0000E+00 0.0000E+00 0.0000E+00 0.0000E+00 0.0000E+00 0.0000E+00 0.0000E+00 0.0000E+00 0.0000E+00 0.0000E+00 0.0000E+00 0.0000E+00 0.0000E+00 0.0000E+00 0.0000E+00 0.0000E+00 0.0000E+00 0.0000E+00 0.0000E+00 0.0000E+00 0.0000E+00 0.0000E+00 0.0000E+00 0.0000E+00 0.0000E+00 0.0000E+00 0.0000E+00 0.0000E+00 0.0000E+00 0.0000E+00 0.0000E+00 0.0000E+00 0.0000E+00 0.0000E+00 0.0000E+00 0.0000E+00 0.0000E+00 0.0000E+00 0.0000E+00 0.0000E+00 0.0000E+00 0.0000E+00 0.0000E+00 0.0000E+00 0.0000E+00 0.0000E+00 0.0000E+00 0.0000E+00 0.0000E+00 0.0000E+00 0.0000E+00 0.0000E+00 0.0000E+00
0.0000E+00 0.0000E+00 0.0000E+00 0.0000E+00 0.0000E+00 0.0000E+00 0.0000E+00 0.0000E+00 0.0000E+00 0.0000E+00 0.0000E+00 0.0000E+00 0.0000E+00 0.0000E+00 0.0000E+00 0.0000E+00 0.0000E+00 0.0000E+00 0.0000E+00 0.0000E+00 0.0000E+00 0.0000E+00 0.0000E+00 0.0000E+00 0.0000E+00 0.0000E+00 0.0000E+00 0.0000E+00 0.0000E+00 0.0000E+00 0.0000E+00 0.0000E+00 0.0000E+00 0.0000E+00 0.0000E+00 0.0000E+00 0.0000E+00 0.0000E+00 0.0000E+00 0.0000E+00 0.0000E+00 0.0000E+00 0.0000E+00 0.0000E+00 0.0000E+00 0.0000E+00 0.0000E+00 0.0000E+00 0.0000E+00 0.0000E+00 0.0000E+00 0.0000E+00 0.0000E+00 0.0000E+00 0.0000E+00 0.0000E+00 0.0000E+00
0.0000E+00 0.0000E+00 0.0000E+00 0.0000E+00 0.0000E+00 0.0000E+00 0.0000E+00 0.0000E+00 0.0000E+00 0.0000E+00 0.0000E+00 0.0000E+00 0.0000E+00 0.0000E+00 0.0000E+00 0.0000E+00 0.0000E+00 0.0000E+00 0.0000E+00 0.0000E+00 0.0000E+00 0.0000E+00 0.0000E+00 0.0000E+00 0.0000E+00 0.0000E+00 0.0000E+00 0.0000E+00 0.0000E+00 0.0000E+00 0.0000E+00 0.0000E+00 0.0000E+00 0.0000E+00 0.0000E+00 0.0000E+00 0.0000E+00 0.0000E+00 0.0000E+00 0.0000E+00 0.0000E+00 0.0000E+00 0.0000E+00 0.0000E+00 0.0000E+00 0.0000E+00 0.0000E+00 0.0000E+00 0.0000E+00 0.0000E+00 0.0000E+00 0.0000E+00 0.0000E+00 0.0000E+00 0.0000E+00 0.0000E+00 0.0000E+00
0.0000E+00 0.0000E+00 0.0000E+00 0.0000E+00 0.0000E+00 0.0000E+00 0.0000E+00 0.0000E+00 0.0000E+00 0.0000E+00 0.0000E+00 0.0000E+00 0.0000E+00 0.0000E+00 0.0000E+00 0.0000E+00 0.0000E+00 0.0000E+00 0.0000E+00 0.0000E+00 0.0000E+00 0.0000E+00 0.0000E+00 0.0000E+00 0.0000E+00 0.0000E+00 0.0000E+00 0.0000E+00 0.0000E+00 0.0000E+00 0.0000E+00 0.0000E+00 0.0000E+00 0.0000E+00 0.0000E+00 0.0000E+00 0.0000E+00 0.0000E+00 0.0000E+00 0.0000E+00 0.0000E+00 0.0000E+00 0.0000E+00 0.0000E+00 0.0000E+00 0.0000E+00 0.0000E+00 0.0000E+00 0.0000E+00 0.0000E+00 0.0000E+00 0.0000E+00 0.0000E+00 0.0000E+00 0.0000E+00 0.0000E+00 0.0000E+00
