Assets/Resources/2015_m01_d09_0000(utc+0800)_l00_csi_1hr_conc.grd
DSAA
         159         159
     -79.000      79.000
     -79.000      79.000
  0.2711E-09  0.1023E-03
[rows 100 to 124 of 159, columns 57 to 113 of 159]
8.9560E-09 9.4537E-09 9.9761E-09 1.0524E-08 1.1090E-08 1.1676E-08 1.2284E-08 1.2906E-08 1.3564E-08 1.4624E-08 1.5805E-08 1.7132E-08 1.8635E-08 1.9970E-08 2.1017E-08 2.1909E-08 2.2709E-08 2.3910E-08 2.4633E-08 2.5671E-08 2.6419E-08 2.6939E-08 2.7558E-08 2.7809E-08 2.8206E-08 2.8517E-08 2.8701E-08 2.8762E-08 3.1237E-08 3.6351E-08 4.0409E-08 4.4469E-08 4.6317E-08 4.6585E-08 4.5560E-08 4.3299E-08 4.1014E-08 3.8633E-08 3.6667E-08 2.9942E-08 2.8314E-08 2.6759E-08 2.5153E-08 2.3756E-08 1.8798E-08 1.7891E-08 1.7026E-08 1.6201E-08 1.5410E-08 1.4689E-08 1.4070E-08 1.3536E-08 1.3022E-08 1.2508E-08 1.1984E-08 1.1481E-08 1.1003E-08
8.6863E-09 9.1647E-09 9.6672E-09 1.0191E-08 1.0730E-08 1.1294E-08 1.1868E-08 1.2471E-08 1.3089E-08 1.3962E-08 1.5043E-08 1.6215E-08 1.7500E-08 1.8670E-08 1.9831E-08 2.0589E-08 2.1387E-08 2.1950E-08 2.2668E-08 2.3655E-08 2.4176E-08 2.4559E-08 2.5148E-08 2.5002E-08 2.5308E-08 2.5517E-08 2.5578E-08 2.5551E-08 2.5437E-08 3.0688E-08 3.4632E-08 3.8436E-08 4.0666E-08 4.1516E-08 4.0908E-08 3.9625E-08 3.7668E-08 3.0956E-08 2.9519E-08 2.8065E-08 2.6478E-08 2.5204E-08 2.3834E-08 1.9087E-08 1.8219E-08 1.7366E-08 1.6546E-08 1.5763E-08 1.5009E-08 1.4317E-08 1.3727E-08 1.3216E-08 1.2729E-08 1.2242E-08 1.1740E-08 1.1260E-08 1.0801E-08
8.4195E-09 8.8793E-09 9.3613E-09 9.8587E-09 1.0376E-08 1.0911E-08 1.1461E-08 1.2038E-08 1.2618E-08 1.3375E-08 1.4336E-08 1.5392E-08 1.6565E-08 1.7671E-08 1.8585E-08 1.9538E-08 2.0144E-08 2.0650E-08 2.1284E-08 2.1716E-08 2.2081E-08 2.2865E-08 2.3049E-08 2.2905E-08 2.3021E-08 2.3203E-08 2.3180E-08 2.3094E-08 2.2943E-08 2.6505E-08 3.0128E-08 3.3650E-08 3.6087E-08 3.7318E-08 3.1491E-08 3.1137E-08 3.0150E-08 2.8915E-08 2.7423E-08 2.6343E-08 2.5163E-08 2.0171E-08 1.9314E-08 1.8476E-08 1.7661E-08 1.6858E-08 1.6084E-08 1.5339E-08 1.4623E-08 1.3959E-08 1.3396E-08 1.2906E-08 1.2446E-08 1.1982E-08 1.1504E-08 1.1045E-08 1.0605E-08
8.1563E-09 8.5978E-09 9.0570E-09 9.5309E-09 1.0026E-08 1.0532E-08 1.1063E-08 1.1604E-08 1.2162E-08 1.2797E-08 1.3649E-08 1.4608E-08 1.5667E-08 1.6742E-08 1.7652E-08 1.8371E-08 1.8933E-08 1.9642E-08 2.0068E-08 2.0445E-08 2.0945E-08 2.1062E-08 2.1131E-08 2.1033E-08 2.1141E-08 2.1342E-08 2.1268E-08 2.1148E-08 2.0980E-08 2.1968E-08 2.3356E-08 2.4415E-08 2.6923E-08 2.8259E-08 2.8551E-08 2.8867E-08 2.8282E-08 2.6856E-08 2.5929E-08 2.1047E-08 2.0254E-08 1.9455E-08 1.8665E-08 1.7885E-08 1.7123E-08 1.6370E-08 1.5639E-08 1.4932E-08 1.4252E-08 1.3615E-08 1.3079E-08 1.2609E-08 1.2173E-08 1.1730E-08 1.1276E-08 1.0837E-08 1.0414E-08
7.8971E-09 8.3197E-09 8.7551E-09 9.2092E-09 9.6778E-09 1.0163E-08 1.0668E-08 1.1178E-08 1.1712E-08 1.2227E-08 1.3026E-08 1.3869E-08 1.4841E-08 1.5858E-08 1.6752E-08 1.7470E-08 1.8050E-08 1.8513E-08 1.8898E-08 1.9407E-08 1.9780E-08 1.9875E-08 1.9909E-08 1.9860E-08 1.9983E-08 1.9915E-08 1.9810E-08 1.9670E-08 1.9490E-08 1.9297E-08 2.1120E-08 2.2158E-08 2.4257E-08 2.5641E-08 2.6302E-08 2.6529E-08 2.6215E-08 2.1384E-08 2.0843E-08 2.0193E-08 1.9488E-08 1.8764E-08 1.8039E-08 1.7316E-08 1.6605E-08 1.5900E-08 1.5211E-08 1.4541E-08 1.3896E-08 1.3285E-08 1.2774E-08 1.2322E-08 1.1910E-08 1.1487E-08 1.1055E-08 1.0635E-08 1.0229E-08
7.6419E-09 8.0433E-09 8.4588E-09 8.8916E-09 9.3356E-09 9.8026E-09 1.0274E-08 1.0765E-08 1.1259E-08 1.1741E-08 1.2397E-08 1.3189E-08 1.4078E-08 1.5020E-08 1.5881E-08 1.6607E-08 1.7194E-08 1.7665E-08 1.8054E-08 1.8383E-08 1.8665E-08 1.8749E-08 1.8804E-08 1.8929E-08 1.8901E-08 1.8819E-08 1.8706E-08 1.8561E-08 1.8383E-08 1.8191E-08 1.9431E-08 2.0391E-08 2.2138E-08 1.9135E-08 1.9953E-08 2.0454E-08 2.0587E-08 2.0352E-08 1.9921E-08 1.9368E-08 1.8748E-08 1.8097E-08 1.7436E-08 1.6769E-08 1.6107E-08 1.5449E-08 1.4798E-08 1.4165E-08 1.3553E-08 1.2970E-08 1.2481E-08 1.2047E-08 1.1657E-08 1.1252E-08 1.0841E-08 1.0439E-08 1.0035E-08
7.3900E-09 7.7708E-09 8.1683E-09 8.5775E-09 9.0032E-09 9.4438E-09 9.8919E-09 1.0358E-08 1.0813E-08 1.1269E-08 1.1828E-08 1.2555E-08 1.3347E-08 1.4229E-08 1.5057E-08 1.5776E-08 1.6365E-08 1.6842E-08 1.7235E-08 1.7566E-08 1.7850E-08 1.7959E-08 1.7976E-08 1.7966E-08 1.7926E-08 1.7839E-08 1.7724E-08 1.7580E-08 1.7409E-08 1.7219E-08 1.6973E-08 1.6709E-08 1.7223E-08 1.7952E-08 1.8723E-08 1.9263E-08 1.9487E-08 1.9364E-08 1.9035E-08 1.8574E-08 1.8035E-08 1.7454E-08 1.6854E-08 1.6241E-08 1.5627E-08 1.5015E-08 1.4402E-08 1.3804E-08 1.3225E-08 1.2671E-08 1.2199E-08 1.1782E-08 1.1413E-08 1.1025E-08 1.0634E-08 1.0250E-08 9.8451E-09
7.1407E-09 7.5042E-09 7.8818E-09 8.2705E-09 8.6775E-09 9.0905E-09 9.5208E-09 9.9521E-09 1.0380E-08 1.0811E-08 1.1277E-08 1.1958E-08 1.2682E-08 1.3480E-08 1.4272E-08 1.4977E-08 1.5565E-08 1.6045E-08 1.6442E-08 1.6776E-08 1.7059E-08 1.7189E-08 1.7221E-08 1.7222E-08 1.7186E-08 1.7108E-08 1.7002E-08 1.6865E-08 1.6703E-08 1.6515E-08 1.6280E-08 1.6032E-08 1.5779E-08 1.6892E-08 1.7595E-08 1.8152E-08 1.8446E-08 1.8420E-08 1.8184E-08 1.7810E-08 1.7348E-08 1.6835E-08 1.6294E-08 1.5734E-08 1.5166E-08 1.4598E-08 1.4021E-08 1.3458E-08 1.2909E-08 1.2384E-08 1.1929E-08 1.1527E-08 1.1176E-08 1.0807E-08 1.0433E-08 1.0052E-08 9.6536E-09
6.8775E-09 7.2431E-09 7.5998E-09 7.9720E-09 8.3554E-09 8.7488E-09 9.1547E-09 9.5558E-09 9.9607E-09 1.0369E-08 1.0779E-08 1.1391E-08 1.2036E-08 1.2766E-08 1.3527E-08 1.4211E-08 1.4789E-08 1.5277E-08 1.5676E-08 1.6011E-08 1.6295E-08 1.6445E-08 1.6492E-08 1.6505E-08 1.6475E-08 1.6406E-08 1.6310E-08 1.6181E-08 1.6029E-08 1.5847E-08 1.5623E-08 1.5390E-08 1.5153E-08 1.5945E-08 1.6566E-08 1.7118E-08 1.7463E-08 1.7521E-08 1.7369E-08 1.7076E-08 1.6687E-08 1.6239E-08 1.5755E-08 1.5245E-08 1.4723E-08 1.4196E-08 1.3655E-08 1.3124E-08 1.2606E-08 1.2107E-08 1.1669E-08 1.1282E-08 1.0946E-08 1.0595E-08 1.0225E-08 9.8368E-09 9.4864E-09
6.6402E-09 6.9663E-09 7.3253E-09 7.6795E-09 8.0404E-09 8.4171E-09 8.7933E-09 9.1720E-09 9.5552E-09 9.9415E-09 1.0329E-08 1.0838E-08 1.1454E-08 1.2117E-08 1.2822E-08 1.3476E-08 1.4051E-08 1.4536E-08 1.4937E-08 1.5272E-08 1.5557E-08 1.5725E-08 1.5788E-08 1.5813E-08 1.5791E-08 1.5734E-08 1.5648E-08 1.5529E-08 1.5386E-08 1.5211E-08 1.5000E-08 1.4782E-08 1.4561E-08 1.5100E-08 1.5632E-08 1.6162E-08 1.6540E-08 1.6667E-08 1.6590E-08 1.6371E-08 1.6051E-08 1.5664E-08 1.5234E-08 1.4775E-08 1.4295E-08 1.3810E-08 1.3302E-08 1.2803E-08 1.2313E-08 1.1841E-08 1.1418E-08 1.1046E-08 1.0724E-08 1.0376E-08 1.0001E-08 9.6602E-09 9.3095E-09
6.4067E-09 6.7172E-09 7.0394E-09 7.3917E-09 7.7357E-09 8.0894E-09 8.4425E-09 8.8008E-09 9.1633E-09 9.5285E-09 9.8952E-09 1.0333E-08 1.0895E-08 1.1493E-08 1.2152E-08 1.2781E-08 1.3343E-08 1.3823E-08 1.4224E-08 1.4560E-08 1.4845E-08 1.5029E-08 1.5109E-08 1.5147E-08 1.5134E-08 1.5088E-08 1.5013E-08 1.4904E-08 1.4772E-08 1.4605E-08 1.4409E-08 1.4206E-08 1.4000E-08 1.4345E-08 1.4785E-08 1.5280E-08 1.5675E-08 1.5858E-08 1.5847E-08 1.5696E-08 1.5440E-08 1.5110E-08 1.4733E-08 1.4321E-08 1.3883E-08 1.3436E-08 1.2962E-08 1.2493E-08 1.2031E-08 1.1583E-08 1.1176E-08 1.0818E-08 1.0496E-08 1.0141E-08 9.8160E-09 9.4704E-09 9.1154E-09
6.1518E-09 6.4654E-09 6.7807E-09 7.0932E-09 7.4335E-09 7.7690E-09 8.1030E-09 8.4420E-09 8.7848E-09 9.1301E-09 9.4766E-09 9.8474E-09 1.0373E-08 1.0923E-08 1.1525E-08 1.2120E-08 1.2665E-08 1.3133E-08 1.3538E-08 1.3874E-08 1.4158E-08 1.4357E-08 1.4453E-08 1.4505E-08 1.4502E-08 1.4468E-08 1.4405E-08 1.4307E-08 1.4186E-08 1.4028E-08 1.3847E-08 1.3659E-08 1.3468E-08 1.3276E-08 1.4020E-08 1.4469E-08 1.4867E-08 1.5094E-08 1.5139E-08 1.5048E-08 1.4852E-08 1.4577E-08 1.4249E-08 1.3882E-08 1.3484E-08 1.3075E-08 1.2633E-08 1.2194E-08 1.1758E-08 1.1333E-08 1.0929E-08 1.0569E-08 1.0251E-08 9.9465E-09 9.6122E-09 9.2696E-09 8.9165E-09
5.9297E-09 6.2068E-09 6.5104E-09 6.8251E-09 7.1306E-09 7.4404E-09 7.7748E-09 8.0954E-09 8.4195E-09 8.7458E-09 9.0734E-09 9.4006E-09 9.8629E-09 1.0368E-08 1.0920E-08 1.1493E-08 1.2018E-08 1.2478E-08 1.2878E-08 1.3213E-08 1.3497E-08 1.3708E-08 1.3820E-08 1.3885E-08 1.3894E-08 1.3873E-08 1.3822E-08 1.3736E-08 1.3625E-08 1.3478E-08 1.3312E-08 1.3140E-08 1.2963E-08 1.2786E-08 1.3327E-08 1.3725E-08 1.4114E-08 1.4373E-08 1.4465E-08 1.4429E-08 1.4287E-08 1.4063E-08 1.3781E-08 1.3458E-08 1.3099E-08 1.2723E-08 1.2314E-08 1.1904E-08 1.1494E-08 1.1076E-08 1.0688E-08 1.0333E-08 1.0046E-08 9.7311E-09 9.4093E-09 9.0648E-09 8.7223E-09
5.7021E-09 5.9784E-09 6.2272E-09 6.5481E-09 6.8458E-09 7.1420E-09 7.4386E-09 7.7587E-09 8.0671E-09 8.3755E-09 8.6850E-09 8.9942E-09 9.3819E-09 9.8653E-09 1.0368E-08 1.0900E-08 1.1398E-08 1.1851E-08 1.2245E-08 1.2578E-08 1.2861E-08 1.3082E-08 1.3209E-08 1.3286E-08 1.3309E-08 1.3301E-08 1.3262E-08 1.3187E-08 1.3087E-08 1.2954E-08 1.2804E-08 1.2646E-08 1.2484E-08 1.2320E-08 1.2700E-08 1.3043E-08 1.3415E-08 1.3694E-08 1.3825E-08 1.3836E-08 1.3743E-08 1.3567E-08 1.3329E-08 1.3046E-08 1.2725E-08 1.2382E-08 1.2004E-08 1.1622E-08 1.1223E-08 1.0826E-08 1.0445E-08 1.0116E-08 9.8118E-09 9.5075E-09 9.1591E-09 8.8336E-09 7.5298E-09
5.4552E-09 5.7179E-09 5.9816E-09 6.2567E-09 6.5310E-09 6.8383E-09 7.1357E-09 7.4201E-09 7.7072E-09 8.0188E-09 8.3111E-09 8.6032E-09 8.9483E-09 9.3814E-09 9.8367E-09 1.0335E-08 1.0813E-08 1.1252E-08 1.1638E-08 1.1968E-08 1.2250E-08 1.2477E-08 1.2619E-08 1.2708E-08 1.2745E-08 1.2750E-08 1.2724E-08 1.2661E-08 1.2572E-08 1.2454E-08 1.2319E-08 1.2175E-08 1.2028E-08 1.1878E-08 1.1727E-08 1.2420E-08 1.2765E-08 1.3056E-08 1.3217E-08 1.3269E-08 1.3221E-08 1.3088E-08 1.2892E-08 1.2648E-08 1.2362E-08 1.2050E-08 1.1703E-08 1.1334E-08 1.0959E-08 1.0573E-08 1.0208E-08 9.8791E-09 9.5877E-09 9.2506E-09 7.9569E-09 7.6640E-09 7.3963E-09
5.2489E-09 5.4910E-09 5.7286E-09 6.0033E-09 6.2598E-09 6.5240E-09 6.8274E-09 7.0967E-09 7.3835E-09 7.6567E-09 7.9306E-09 8.2272E-09 8.5120E-09 8.9245E-09 9.3423E-09 9.8050E-09 1.0257E-08 1.0679E-08 1.1052E-08 1.1383E-08 1.1662E-08 1.1894E-08 1.2050E-08 1.2151E-08 1.2202E-08 1.2221E-08 1.2205E-08 1.2155E-08 1.2080E-08 1.1976E-08 1.1856E-08 1.1727E-08 1.1592E-08 1.1456E-08 1.1319E-08 1.1849E-08 1.2163E-08 1.2457E-08 1.2641E-08 1.2728E-08 1.2718E-08 1.2626E-08 1.2469E-08 1.2261E-08 1.2009E-08 1.1713E-08 1.1382E-08 1.1029E-08 1.0681E-08 1.0308E-08 9.9516E-09 9.6350E-09 8.3101E-09 8.0669E-09 7.7918E-09 7.5281E-09 7.2769E-09
5.0333E-09 5.2536E-09 5.4826E-09 5.7446E-09 5.9827E-09 6.2507E-09 6.5054E-09 6.7663E-09 7.0554E-09 7.3119E-09 7.5691E-09 7.8259E-09 8.0813E-09 8.4631E-09 8.8488E-09 9.2663E-09 9.6996E-09 1.0099E-08 1.0464E-08 1.0821E-08 1.1098E-08 1.1333E-08 1.1502E-08 1.1614E-08 1.1679E-08 1.1711E-08 1.1706E-08 1.1670E-08 1.1607E-08 1.1518E-08 1.1413E-08 1.1298E-08 1.1177E-08 1.1053E-08 1.0928E-08 1.1325E-08 1.1606E-08 1.1895E-08 1.2095E-08 1.2210E-08 1.2235E-08 1.2179E-08 1.2058E-08 1.1884E-08 1.1651E-08 1.1383E-08 1.1072E-08 1.0730E-08 1.0389E-08 1.0041E-08 8.7083E-09 8.3963E-09 8.1415E-09 7.8796E-09 7.6418E-09 7.3926E-09 6.2254E-09
4.8316E-09 5.0339E-09 5.2668E-09 5.4949E-09 5.7145E-09 5.9595E-09 6.2138E-09 6.4687E-09 6.7055E-09 6.9566E-09 7.2249E-09 7.4663E-09 7.7064E-09 8.0057E-09 8.3697E-09 8.7786E-09 9.1792E-09 9.5588E-09 9.9110E-09 1.0224E-08 1.0494E-08 1.0759E-08 1.0938E-08 1.1061E-08 1.1138E-08 1.1142E-08 1.1146E-08 1.1159E-08 1.1108E-08 1.1033E-08 1.0941E-08 1.0839E-08 1.0779E-08 1.0667E-08 1.0555E-08 1.0844E-08 1.1089E-08 1.1368E-08 1.1579E-08 1.1716E-08 1.1771E-08 1.1748E-08 1.1646E-08 1.1490E-08 1.1278E-08 1.1011E-08 1.0715E-08 9.3214E-09 9.0636E-09 8.7998E-09 8.4791E-09 8.1894E-09 7.9425E-09 7.7199E-09 7.4509E-09 6.3578E-09 6.1525E-09
4.6481E-09 4.8437E-09 5.0490E-09 5.2648E-09 5.4815E-09 5.7069E-09 5.9223E-09 6.1609E-09 6.4099E-09 6.6364E-09 6.8612E-09 7.1044E-09 7.3286E-09 7.5844E-09 7.9472E-09 8.3139E-09 8.6894E-09 9.0517E-09 9.3904E-09 9.6953E-09 9.9602E-09 1.0163E-08 1.0351E-08 1.0511E-08 1.0599E-08 1.0653E-08 1.0668E-08 1.0655E-08 1.0617E-08 1.0586E-08 1.0510E-08 1.0421E-08 1.0326E-08 1.0228E-08 1.0128E-08 1.0059E-08 1.0575E-08 1.0840E-08 1.1056E-08 1.1212E-08 1.1310E-08 1.1317E-08 1.1237E-08 1.1038E-08 9.7365E-09 9.5494E-09 9.3327E-09 9.0991E-09 8.8123E-09 8.5408E-09 8.2584E-09 8.0020E-09 6.8896E-09 6.6681E-09 6.4767E-09 6.2766E-09 6.0777E-09
4.4656E-09 4.6631E-09 4.8499E-09 5.0468E-09 5.2486E-09 5.4699E-09 5.6731E-09 5.8786E-09 6.1044E-09 6.3138E-09 6.5545E-09 6.7657E-09 6.9759E-09 7.2092E-09 7.5237E-09 7.8373E-09 8.2089E-09 8.5487E-09 8.8716E-09 9.1625E-09 9.4246E-09 9.6501E-09 9.8793E-09 1.0023E-08 1.0123E-08 1.0188E-08 1.0216E-08 1.0217E-08 1.0193E-08 1.0146E-08 1.0084E-08 1.0032E-08 9.9492E-09 9.8628E-09 9.7743E-09 9.6864E-09 1.0094E-08 1.0359E-08 1.0577E-08 9.9817E-09 9.9175E-09 9.8378E-09 9.7454E-09 9.6262E-09 9.4857E-09 9.3094E-09 9.1093E-09 8.8151E-09 8.5468E-09 8.3056E-09 7.1452E-09 6.9650E-09 6.7478E-09 6.5719E-09 6.3864E-09 6.1936E-09 6.0013E-09
4.3042E-09 4.4767E-09 4.6620E-09 4.8495E-09 5.0344E-09 5.2225E-09 5.4132E-09 5.6270E-09 5.8225E-09 6.0189E-09 6.2508E-09 6.4493E-09 6.6584E-09 6.8547E-09 7.1246E-09 7.4362E-09 7.7508E-09 8.0770E-09 8.4049E-09 8.6894E-09 8.9447E-09 9.1660E-09 9.3671E-09 9.4912E-09 9.6293E-09 9.7024E-09 9.7406E-09 9.7511E-09 9.7371E-09 9.7038E-09 9.6877E-09 9.6255E-09 9.5552E-09 9.4805E-09 9.4033E-09 9.3641E-09 9.4653E-09 9.5332E-09 9.5726E-09 9.5782E-09 9.5721E-09 9.5302E-09 9.4634E-09 9.3555E-09 9.2184E-09 8.9897E-09 8.7642E-09 7.5484E-09 7.3762E-09 7.2023E-09 7.0291E-09 6.8158E-09 6.6437E-09 6.4741E-09 6.2944E-09 6.1089E-09 5.9051E-09
4.1466E-09 4.3104E-09 4.4783E-09 4.6498E-09 4.8329E-09 5.0171E-09 5.1981E-09 5.3811E-09 5.5770E-09 5.7705E-09 5.9573E-09 6.1438E-09 6.3459E-09 6.5406E-09 6.7659E-09 7.0472E-09 7.3419E-09 7.6418E-09 7.9659E-09 8.2422E-09 8.4686E-09 8.6857E-09 8.8896E-09 9.0508E-09 9.1706E-09 9.2541E-09 9.3279E-09 9.3510E-09 9.3499E-09 9.3298E-09 9.2941E-09 9.2378E-09 9.1972E-09 9.1338E-09 9.0447E-09 8.9642E-09 9.0558E-09 9.0992E-09 9.1858E-09 9.2241E-09 9.2373E-09 9.2054E-09 9.1401E-09 8.0422E-09 7.8728E-09 7.7136E-09 7.5662E-09 7.4079E-09 7.2449E-09 7.0390E-09 6.8729E-09 6.7043E-09 6.5381E-09 6.3746E-09 6.1828E-09 6.0047E-09 5.8147E-09
3.9874E-09 4.1426E-09 4.3076E-09 4.4704E-09 4.6363E-09 4.8049E-09 4.9889E-09 5.1625E-09 5.3374E-09 5.5133E-09 5.7002E-09 5.8835E-09 6.0596E-09 6.2343E-09 6.4424E-09 6.7106E-09 6.9734E-09 7.2587E-09 7.5379E-09 7.8075E-09 8.0451E-09 8.2618E-09 8.4673E-09 8.6370E-09 8.7664E-09 8.8603E-09 8.9226E-09 8.9578E-09 8.9607E-09 8.9536E-09 8.9313E-09 8.8942E-09 8.8333E-09 8.7602E-09 8.7203E-09 8.6406E-09 8.5841E-09 8.5372E-09 8.4736E-09 8.3618E-09 8.2366E-09 8.1128E-09 7.9408E-09 7.8066E-09 7.6833E-09 7.5549E-09 7.4189E-09 7.2676E-09 7.0733E-09 6.9138E-09 6.7543E-09 6.5914E-09 6.4312E-09 6.2545E-09 6.0771E-09 5.9062E-09 5.7339E-09
3.8360E-09 3.9857E-09 4.1365E-09 4.2959E-09 4.4531E-09 4.6130E-09 4.7750E-09 4.9389E-09 5.1161E-09 5.2828E-09 5.4498E-09 5.6167E-09 5.7926E-09 5.9580E-09 6.1216E-09 6.3824E-09 6.6325E-09 6.9032E-09 7.1647E-09 7.4165E-09 7.6473E-09 7.8590E-09 8.0641E-09 8.2409E-09 8.3787E-09 8.4824E-09 8.5556E-09 8.5963E-09 8.6044E-09 8.6093E-09 8.5833E-09 8.5563E-09 8.4915E-09 8.4481E-09 8.4029E-09 8.3566E-09 8.3047E-09 8.2476E-09 8.1854E-09 8.0987E-09 7.9533E-09 7.8368E-09 7.7367E-09 7.6313E-09 7.5187E-09 7.3979E-09 7.2312E-09 7.0876E-09 6.9397E-09 6.7872E-09 6.6344E-09 6.4774E-09 6.3050E-09 6.1407E-09 5.9815E-09 5.8175E-09 5.6514E-09
3.6879E-09 3.8272E-09 3.9698E-09 4.1175E-09 4.2660E-09 4.4238E-09 4.5776E-09 4.7344E-09 4.8919E-09 5.0555E-09 5.2135E-09 5.3714E-09 5.5315E-09 5.6896E-09 5.8504E-09 6.0620E-09 6.2971E-09 6.5409E-09 6.7933E-09 7.0310E-09 7.2565E-09 7.4658E-09 7.6775E-09 7.8598E-09 8.0048E-09 8.1034E-09 8.1712E-09 8.2213E-09 8.2531E-09 8.2553E-09 8.2335E-09 8.2202E-09 8.1960E-09 8.1566E-09 8.1069E-09 8.0690E-09 8.0205E-09 7.9572E-09 7.8620E-09 7.8019E-09 7.7299E-09 7.6466E-09 7.5554E-09 7.4578E-09 7.3142E-09 7.2012E-09 7.0816E-09 6.9454E-09 6.8049E-09 6.6595E-09 6.4947E-09 6.3442E-09 6.1851E-09 6.0371E-09 5.8848E-09 5.7276E-09 5.5676E-09
