Assets/Resources/2015_m01_d17_1500(utc+0800)_l00_csi_1hr_conc.grd
DSAA
         159         159
     -79.000      79.000
     -79.000      79.000
  0.0000E+00  0.4903E-05
[rows 50 to 74 of 159, columns 57 to 113 of 159]
6.0598E-09 5.3846E-09 4.7633E-09 4.1938E-09 3.6198E-09 3.2275E-09 2.8908E-09 2.5841E-09 2.3200E-09 2.0872E-09 1.8823E-09 1.6958E-09 1.5257E-09 1.3618E-09 1.2294E-09 1.0915E-09 9.7719E-10 8.8898E-10 8.0974E-10 7.2908E-10 6.5014E-10 5.8510E-10 5.2181E-10 4.6802E-10 4.2191E-10 3.8217E-10 3.4580E-10 3.1296E-10 2.8126E-10 2.5239E-10 2.2663E-10 2.0248E-10 1.7976E-10 1.5994E-10 1.4162E-10 1.2500E-10 1.0858E-10 9.4611E-11 8.3007E-11 7.1369E-11 5.7690E-11 4.6177E-11 3.4849E-11 2.5642E-11 1.9367E-11 1.5176E-11 1.1255E-11 7.2001E-12 4.1477E-12 1.5662E-12 4.1461E-13 0.0000E+00 0.0000E+00 0.0000E+00 0.0000E+00 0.0000E+00 0.0000E+00
6.1015E-09 5.3962E-09 4.7621E-09 4.1614E-09 3.6196E-09 3.1151E-09 2.7795E-09 2.4819E-09 2.2147E-09 1.9829E-09 1.7788E-09 1.5948E-09 1.4312E-09 1.2792E-09 1.1523E-09 1.0184E-09 9.1085E-10 8.3040E-10 7.5411E-10 6.8089E-10 6.0460E-10 5.4499E-10 4.8357E-10 4.3710E-10 3.9370E-10 3.5657E-10 3.2322E-10 2.9164E-10 2.6203E-10 2.3568E-10 2.1079E-10 1.8758E-10 1.6708E-10 1.4915E-10 1.3040E-10 1.1467E-10 1.0113E-10 8.8080E-11 7.4114E-11 6.2955E-11 5.1145E-11 3.8838E-11 2.9226E-11 2.0794E-11 1.6063E-11 1.2019E-11 8.6631E-12 5.5056E-12 2.6746E-12 4.2676E-13 0.0000E+00 0.0000E+00 0.0000E+00 0.0000E+00 0.0000E+00 0.0000E+00 0.0000E+00
6.2361E-09 5.4834E-09 4.8124E-09 4.1948E-09 3.6173E-09 3.0836E-09 2.6820E-09 2.3830E-09 2.1195E-09 1.8889E-09 1.6801E-09 1.5005E-09 1.3396E-09 1.1990E-09 1.0780E-09 9.4790E-10 8.4800E-10 7.7078E-10 7.0142E-10 6.2799E-10 5.5800E-10 5.0187E-10 4.4861E-10 4.0657E-10 3.6732E-10 3.3259E-10 3.0062E-10 2.7120E-10 2.4420E-10 2.1883E-10 1.9499E-10 1.7464E-10 1.5413E-10 1.3653E-10 1.2127E-10 1.0560E-10 9.1179E-11 7.9640E-11 6.8220E-11 5.5117E-11 4.2699E-11 3.2959E-11 2.3395E-11 1.8002E-11 1.3186E-11 8.8884E-12 5.6494E-12 3.1352E-12 1.0949E-12 0.0000E+00 0.0000E+00 0.0000E+00 0.0000E+00 0.0000E+00 0.0000E+00 0.0000E+00 0.0000E+00
6.3979E-09 5.5968E-09 4.8845E-09 4.2455E-09 3.6348E-09 3.1266E-09 2.6001E-09 2.2952E-09 2.0316E-09 1.8032E-09 1.5978E-09 1.4094E-09 1.2562E-09 1.1212E-09 1.0076E-09 8.9610E-10 7.8810E-10 7.1494E-10 6.4636E-10 5.8018E-10 5.1307E-10 4.6103E-10 4.1468E-10 3.7624E-10 3.4190E-10 3.0873E-10 2.7967E-10 2.5223E-10 2.2565E-10 2.0274E-10 1.8117E-10 1.6017E-10 1.4311E-10 1.2673E-10 1.1000E-10 9.7055E-11 8.3925E-11 7.0450E-11 5.9958E-11 4.7280E-11 3.7621E-11 2.6062E-11 1.9264E-11 1.4757E-11 1.0285E-11 6.1792E-12 3.2057E-12 1.5199E-12 0.0000E+00 0.0000E+00 0.0000E+00 0.0000E+00 0.0000E+00 0.0000E+00 0.0000E+00 0.0000E+00 0.0000E+00
6.6714E-09 5.8204E-09 5.0509E-09 4.3593E-09 3.7164E-09 3.1645E-09 2.6583E-09 2.2136E-09 1.9514E-09 1.7210E-09 1.5194E-09 1.3298E-09 1.1703E-09 1.0435E-09 9.3758E-10 8.3313E-10 7.3584E-10 6.5775E-10 5.9227E-10 5.3103E-10 4.7268E-10 4.2312E-10 3.8395E-10 3.4946E-10 3.1587E-10 2.8660E-10 2.5875E-10 2.3254E-10 2.0930E-10 1.8584E-10 1.6659E-10 1.4842E-10 1.3028E-10 1.1581E-10 1.0161E-10 8.6386E-11 7.5444E-11 6.4743E-11 4.9754E-11 3.9789E-11 2.9099E-11 2.1268E-11 1.5493E-11 1.1820E-11 7.5674E-12 4.5115E-12 1.5482E-12 4.1052E-13 0.0000E+00 0.0000E+00 0.0000E+00 0.0000E+00 0.0000E+00 0.0000E+00 0.0000E+00 0.0000E+00 0.0000E+00
7.0458E-09 6.1351E-09 5.2998E-09 4.5469E-09 3.8550E-09 3.2535E-09 2.7344E-09 2.1911E-09 1.8784E-09 1.6425E-09 1.4422E-09 1.2635E-09 1.0909E-09 9.6803E-10 8.6977E-10 7.6488E-10 6.8008E-10 6.0160E-10 5.4129E-10 4.8622E-10 4.3651E-10 3.9034E-10 3.5584E-10 3.2294E-10 2.9260E-10 2.6465E-10 2.3891E-10 2.1525E-10 1.9226E-10 1.7190E-10 1.5343E-10 1.3590E-10 1.2039E-10 1.0423E-10 9.1609E-11 7.9359E-11 6.6475E-11 5.5265E-11 4.4410E-11 3.1332E-11 2.3252E-11 1.6224E-11 1.2013E-11 7.6945E-12 4.5889E-12 2.4055E-12 4.1679E-13 0.0000E+00 0.0000E+00 0.0000E+00 0.0000E+00 0.0000E+00 0.0000E+00 0.0000E+00 0.0000E+00 0.0000E+00 0.0000E+00
7.5179E-09 6.5336E-09 5.6303E-09 4.7985E-09 4.0419E-09 3.3891E-09 2.8214E-09 2.3234E-09 1.8235E-09 1.5801E-09 1.3762E-09 1.1953E-09 1.0278E-09 8.9581E-10 7.9587E-10 7.0040E-10 6.2145E-10 5.5033E-10 4.9367E-10 4.4740E-10 4.0177E-10 3.6013E-10 3.2818E-10 2.9851E-10 2.6965E-10 2.4452E-10 2.1911E-10 1.9741E-10 1.7748E-10 1.5726E-10 1.4019E-10 1.2377E-10 1.0924E-10 9.5668E-11 8.0998E-11 7.0710E-11 5.8620E-11 4.6507E-11 3.5755E-11 2.6895E-11 1.7245E-11 1.2162E-11 8.0116E-12 4.6494E-12 2.4376E-12 8.3552E-13 0.0000E+00 0.0000E+00 0.0000E+00 0.0000E+00 0.0000E+00 0.0000E+00 0.0000E+00 0.0000E+00 0.0000E+00 0.0000E+00 0.0000E+00
8.1500E-09 7.0863E-09 6.1045E-09 5.1875E-09 4.3466E-09 3.6190E-09 2.9804E-09 2.4396E-09 1.9187E-09 1.5378E-09 1.3143E-09 1.1400E-09 9.7195E-10 8.2790E-10 7.2670E-10 6.3708E-10 5.6582E-10 5.0262E-10 4.5446E-10 4.1226E-10 3.6902E-10 3.3221E-10 3.0268E-10 2.7368E-10 2.4859E-10 2.2389E-10 2.0190E-10 1.8117E-10 1.6139E-10 1.4415E-10 1.2770E-10 1.1278E-10 9.7349E-11 8.5565E-11 7.3149E-11 6.1883E-11 5.0292E-11 3.7541E-11 2.7082E-11 1.9495E-11 1.3951E-11 8.8670E-12 4.6924E-12 2.4603E-12 8.4390E-13 0.0000E+00 0.0000E+00 0.0000E+00 0.0000E+00 0.0000E+00 0.0000E+00 0.0000E+00 0.0000E+00 0.0000E+00 0.0000E+00 0.0000E+00 0.0000E+00
8.9288E-09 7.7976E-09 6.7132E-09 5.7066E-09 4.7678E-09 3.9371E-09 3.2130E-09 2.5948E-09 2.0641E-09 1.5353E-09 1.2797E-09 1.0844E-09 9.2256E-10 7.7844E-10 6.6159E-10 5.7743E-10 5.1735E-10 4.6182E-10 4.1894E-10 3.7707E-10 3.3684E-10 3.0486E-10 2.7765E-10 2.5098E-10 2.2787E-10 2.0586E-10 1.8422E-10 1.6578E-10 1.4687E-10 1.3080E-10 1.1509E-10 1.0159E-10 8.8019E-11 7.5129E-11 6.4722E-11 5.1989E-11 4.1124E-11 3.0803E-11 2.0647E-11 1.4304E-11 1.0222E-11 5.5890E-12 2.4736E-12 8.4900E-13 0.0000E+00 0.0000E+00 0.0000E+00 0.0000E+00 0.0000E+00 0.0000E+00 0.0000E+00 0.0000E+00 0.0000E+00 0.0000E+00 0.0000E+00 0.0000E+00 0.0000E+00
9.9054E-09 8.6981E-09 7.5111E-09 6.3902E-09 5.3418E-09 4.3968E-09 3.5640E-09 2.8417E-09 2.2376E-09 1.6970E-09 1.2584E-09 1.0534E-09 8.9109E-10 7.4075E-10 6.1251E-10 5.3102E-10 4.7502E-10 4.2271E-10 3.8323E-10 3.4512E-10 3.0821E-10 2.7985E-10 2.5320E-10 2.3030E-10 2.0756E-10 1.8734E-10 1.6823E-10 1.4990E-10 1.3379E-10 1.1814E-10 1.0340E-10 8.9954E-11 7.8184E-11 6.6317E-11 5.5662E-11 4.2861E-11 3.2031E-11 2.2051E-11 1.4353E-11 1.0038E-11 6.0135E-12 2.4772E-12 8.5076E-13 0.0000E+00 0.0000E+00 0.0000E+00 0.0000E+00 0.0000E+00 0.0000E+00 0.0000E+00 0.0000E+00 0.0000E+00 0.0000E+00 0.0000E+00 0.0000E+00 0.0000E+00 0.0000E+00
1.1084E-08 9.8012E-09 8.5281E-09 7.2904E-09 6.1105E-09 5.0363E-09 4.0638E-09 3.2128E-09 2.4700E-09 1.8721E-09 1.3113E-09 1.0334E-09 8.6749E-10 7.2140E-10 5.8597E-10 4.8875E-10 4.3175E-10 3.8613E-10 3.5111E-10 3.1328E-10 2.8065E-10 2.5542E-10 2.3105E-10 2.1005E-10 1.8996E-10 1.7004E-10 1.5231E-10 1.3509E-10 1.1970E-10 1.0588E-10 9.2351E-11 7.9704E-11 6.8941E-11 5.8214E-11 4.5330E-11 3.3872E-11 2.3071E-11 1.5280E-11 9.6635E-12 6.0134E-12 2.9090E-12 8.4917E-13 0.0000E+00 0.0000E+00 0.0000E+00 0.0000E+00 0.0000E+00 0.0000E+00 0.0000E+00 0.0000E+00 0.0000E+00 0.0000E+00 0.0000E+00 0.0000E+00 0.0000E+00 0.0000E+00 0.0000E+00
1.2509E-08 1.1145E-08 9.7863E-09 8.4212E-09 7.0949E-09 5.8653E-09 4.7310E-09 3.7163E-09 2.8441E-09 2.1147E-09 1.5371E-09 1.0573E-09 8.6099E-10 7.0948E-10 5.7027E-10 4.6076E-10 3.9199E-10 3.5151E-10 3.1789E-10 2.8451E-10 2.5589E-10 2.3260E-10 2.1101E-10 1.9113E-10 1.7194E-10 1.5432E-10 1.3713E-10 1.2176E-10 1.0699E-10 9.3664E-11 8.1067E-11 7.0274E-11 5.9611E-11 4.6584E-11 3.6396E-11 2.6138E-11 1.5246E-11 9.6230E-12 5.9896E-12 2.8956E-12 8.4425E-13 0.0000E+00 0.0000E+00 0.0000E+00 0.0000E+00 0.0000E+00 0.0000E+00 0.0000E+00 0.0000E+00 0.0000E+00 0.0000E+00 0.0000E+00 0.0000E+00 0.0000E+00 0.0000E+00 0.0000E+00 0.0000E+00
1.4155E-08 1.2761E-08 1.1320E-08 9.8421E-09 8.3563E-09 6.9509E-09 5.6361E-09 4.4144E-09 3.3533E-09 2.4619E-09 1.7580E-09 1.2019E-09 8.8812E-10 7.0880E-10 5.6369E-10 4.4577E-10 3.5736E-10 3.2068E-10 2.8707E-10 2.5743E-10 2.3235E-10 2.1034E-10 1.9149E-10 1.7243E-10 1.5463E-10 1.3858E-10 1.2226E-10 1.0868E-10 9.4437E-11 8.2809E-11 7.1308E-11 6.0503E-11 4.7717E-11 3.7256E-11 2.7152E-11 1.6827E-11 9.5452E-12 5.9426E-12 2.8709E-12 8.3604E-13 0.0000E+00 0.0000E+00 0.0000E+00 0.0000E+00 0.0000E+00 0.0000E+00 0.0000E+00 0.0000E+00 0.0000E+00 0.0000E+00 0.0000E+00 0.0000E+00 0.0000E+00 0.0000E+00 0.0000E+00 0.0000E+00 0.0000E+00
1.6047E-08 1.4665E-08 1.3187E-08 1.1623E-08 1.0011E-08 8.3842E-09 6.8254E-09 5.3741E-09 4.0764E-09 2.9963E-09 2.0903E-09 1.4341E-09 9.5986E-10 7.3043E-10 5.6298E-10 4.4033E-10 3.3491E-10 2.8890E-10 2.5912E-10 2.3299E-10 2.0961E-10 1.9098E-10 1.7215E-10 1.5481E-10 1.3886E-10 1.2297E-10 1.0976E-10 9.5882E-11 8.3573E-11 7.1120E-11 6.1324E-11 5.0441E-11 3.7230E-11 2.6869E-11 1.8186E-11 9.6809E-12 5.4707E-12 2.6035E-12 8.2465E-13 0.0000E+00 0.0000E+00 0.0000E+00 0.0000E+00 0.0000E+00 0.0000E+00 0.0000E+00 0.0000E+00 0.0000E+00 0.0000E+00 0.0000E+00 0.0000E+00 0.0000E+00 0.0000E+00 0.0000E+00 0.0000E+00 0.0000E+00 0.0000E+00
1.8177E-08 1.6867E-08 1.5407E-08 1.3813E-08 1.2120E-08 1.0350E-08 8.5366E-09 6.7754E-09 5.1664E-09 3.7849E-09 2.6697E-09 1.8272E-09 1.1711E-09 7.8123E-10 5.7938E-10 4.3826E-10 3.2918E-10 2.5874E-10 2.3291E-10 2.0873E-10 1.8892E-10 1.7133E-10 1.5499E-10 1.3834E-10 1.2377E-10 1.0973E-10 9.5721E-11 8.3043E-11 7.2571E-11 6.2861E-11 5.0079E-11 3.7534E-11 2.6700E-11 1.7807E-11 8.9280E-12 5.1603E-12 1.7635E-12 0.0000E+00 0.0000E+00 0.0000E+00 0.0000E+00 0.0000E+00 0.0000E+00 0.0000E+00 0.0000E+00 0.0000E+00 0.0000E+00 0.0000E+00 0.0000E+00 0.0000E+00 0.0000E+00 0.0000E+00 0.0000E+00 0.0000E+00 0.0000E+00 0.0000E+00 0.0000E+00
2.0536E-08 1.9361E-08 1.8006E-08 1.6487E-08 1.4820E-08 1.2952E-08 1.0929E-08 8.8397E-09 6.8237E-09 5.0389E-09 3.5815E-09 2.4286E-09 1.5588E-09 9.0266E-10 6.2235E-10 4.4573E-10 3.3771E-10 2.3742E-10 2.0803E-10 1.8706E-10 1.6972E-10 1.5358E-10 1.3722E-10 1.2314E-10 1.0857E-10 9.5668E-11 8.3598E-11 7.2345E-11 6.2253E-11 5.0444E-11 3.7231E-11 2.6934E-11 1.6163E-11 8.0039E-12 3.8627E-12 1.2995E-12 0.0000E+00 0.0000E+00 0.0000E+00 0.0000E+00 0.0000E+00 0.0000E+00 0.0000E+00 0.0000E+00 0.0000E+00 0.0000E+00 0.0000E+00 0.0000E+00 0.0000E+00 0.0000E+00 0.0000E+00 0.0000E+00 0.0000E+00 0.0000E+00 0.0000E+00 0.0000E+00 0.0000E+00
2.3051E-08 2.2118E-08 2.1027E-08 1.9734E-08 1.8207E-08 1.6399E-08 1.4315E-08 1.1962E-08 9.5048E-09 7.1830E-09 5.2103E-09 3.5208E-09 2.3137E-09 1.3637E-09 7.1628E-10 4.7590E-10 3.4320E-10 2.2894E-10 1.8555E-10 1.6736E-10 1.5169E-10 1.3582E-10 1.2188E-10 1.0754E-10 9.6024E-11 8.3409E-11 7.2299E-11 6.1175E-11 4.9467E-11 3.7524E-11 2.6149E-11 1.6269E-11 7.1897E-12 3.5413E-12 1.2672E-12 0.0000E+00 0.0000E+00 0.0000E+00 0.0000E+00 0.0000E+00 0.0000E+00 0.0000E+00 0.0000E+00 0.0000E+00 0.0000E+00 0.0000E+00 0.0000E+00 0.0000E+00 0.0000E+00 0.0000E+00 0.0000E+00 0.0000E+00 0.0000E+00 0.0000E+00 0.0000E+00 0.0000E+00 0.0000E+00
2.5648E-08 2.5136E-08 2.4431E-08 2.3528E-08 2.2377E-08 2.0938E-08 1.9057E-08 1.6700E-08 1.3894E-08 1.1019E-08 8.1588E-09 5.7337E-09 3.7694E-09 2.2003E-09 9.9342E-10 5.4599E-10 3.5333E-10 2.3147E-10 1.6391E-10 1.4863E-10 1.3381E-10 1.2006E-10 1.0701E-10 9.4780E-11 8.2689E-11 7.1244E-11 6.0816E-11 4.8518E-11 3.6091E-11 2.4862E-11 1.5190E-11 6.1473E-12 2.1919E-12 0.0000E+00 0.0000E+00 0.0000E+00 0.0000E+00 0.0000E+00 0.0000E+00 0.0000E+00 0.0000E+00 0.0000E+00 0.0000E+00 0.0000E+00 0.0000E+00 0.0000E+00 0.0000E+00 0.0000E+00 0.0000E+00 0.0000E+00 0.0000E+00 0.0000E+00 0.0000E+00 0.0000E+00 0.0000E+00 0.0000E+00 0.0000E+00
2.8242E-08 2.8259E-08 2.8116E-08 2.7843E-08 2.7433E-08 2.6716E-08 2.5507E-08 2.3625E-08 2.0926E-08 1.7490E-08 1.3647E-08 1.0122E-08 6.7379E-09 3.9754E-09 1.9828E-09 7.5198E-10 3.8358E-10 2.4016E-10 1.5015E-10 1.3116E-10 1.1804E-10 1.0513E-10 9.2519E-11 8.1586E-11 7.0477E-11 5.9712E-11 4.7123E-11 3.4939E-11 2.3531E-11 1.2972E-11 4.5156E-12 1.7265E-12 0.0000E+00 0.0000E+00 0.0000E+00 0.0000E+00 0.0000E+00 0.0000E+00 0.0000E+00 0.0000E+00 0.0000E+00 0.0000E+00 0.0000E+00 0.0000E+00 0.0000E+00 0.0000E+00 0.0000E+00 0.0000E+00 0.0000E+00 0.0000E+00 0.0000E+00 0.0000E+00 0.0000E+00 0.0000E+00 0.0000E+00 0.0000E+00 0.0000E+00
3.0638E-08 3.1260E-08 3.1917E-08 3.2534E-08 3.3182E-08 3.3688E-08 3.3814E-08 3.3190E-08 3.1391E-08 2.8183E-08 2.3741E-08 1.8422E-08 1.2947E-08 8.1949E-09 3.9765E-09 1.1758E-09 4.9788E-10 2.4346E-10 1.4501E-10 1.1446E-10 1.0291E-10 9.0837E-11 7.9297E-11 6.8462E-11 5.9174E-11 4.5830E-11 3.2681E-11 2.1960E-11 1.1609E-11 3.5490E-12 4.2613E-13 0.0000E+00 0.0000E+00 0.0000E+00 0.0000E+00 0.0000E+00 0.0000E+00 0.0000E+00 0.0000E+00 0.0000E+00 0.0000E+00 0.0000E+00 0.0000E+00 0.0000E+00 0.0000E+00 0.0000E+00 0.0000E+00 0.0000E+00 0.0000E+00 0.0000E+00 0.0000E+00 0.0000E+00 0.0000E+00 0.0000E+00 0.0000E+00 0.0000E+00 0.0000E+00
3.2598E-08 3.3931E-08 3.5485E-08 3.7239E-08 3.9223E-08 4.1481E-08 4.3609E-08 4.5159E-08 4.5504E-08 4.4104E-08 4.0370E-08 3.3860E-08 2.6026E-08 1.7131E-08 8.7810E-09 2.7274E-09 7.4461E-10 2.6631E-10 1.4118E-10 9.9605E-11 8.8443E-11 7.7452E-11 6.7121E-11 5.6975E-11 4.3976E-11 3.0404E-11 1.8144E-11 8.6906E-12 1.7654E-12 0.0000E+00 0.0000E+00 0.0000E+00 0.0000E+00 0.0000E+00 0.0000E+00 0.0000E+00 0.0000E+00 0.0000E+00 0.0000E+00 0.0000E+00 0.0000E+00 0.0000E+00 0.0000E+00 0.0000E+00 0.0000E+00 0.0000E+00 0.0000E+00 0.0000E+00 0.0000E+00 0.0000E+00 0.0000E+00 0.0000E+00 0.0000E+00 0.0000E+00 0.0000E+00 0.0000E+00 0.0000E+00
3.3840E-08 3.5949E-08 3.8402E-08 4.1364E-08 4.4946E-08 4.9115E-08 5.3773E-08 5.8305E-08 6.2243E-08 6.4691E-08 6.4204E-08 5.9737E-08 5.0774E-08 3.6821E-08 2.1503E-08 8.1107E-09 1.2435E-09 3.4135E-10 1.3634E-10 8.6542E-11 7.5391E-11 6.5161E-11 5.5046E-11 4.0994E-11 2.4434E-11 1.2735E-11 3.5456E-12 0.0000E+00 0.0000E+00 0.0000E+00 0.0000E+00 0.0000E+00 0.0000E+00 0.0000E+00 0.0000E+00 0.0000E+00 0.0000E+00 0.0000E+00 0.0000E+00 0.0000E+00 0.0000E+00 0.0000E+00 0.0000E+00 0.0000E+00 0.0000E+00 0.0000E+00 0.0000E+00 0.0000E+00 0.0000E+00 0.0000E+00 0.0000E+00 0.0000E+00 0.0000E+00 0.0000E+00 0.0000E+00 0.0000E+00 0.0000E+00
3.4196E-08 3.6919E-08 4.0216E-08 4.4231E-08 4.9338E-08 5.5330E-08 6.2483E-08 7.0448E-08 7.8702E-08 8.6759E-08 9.2973E-08 9.5534E-08 9.1560E-08 7.8153E-08 5.2943E-08 2.3811E-08 3.9803E-09 5.3365E-10 1.2773E-10 7.5091E-11 6.2495E-11 4.8799E-11 3.2068E-11 1.8635E-11 8.9634E-12 8.7007E-13 0.0000E+00 0.0000E+00 0.0000E+00 0.0000E+00 0.0000E+00 0.0000E+00 0.0000E+00 0.0000E+00 0.0000E+00 0.0000E+00 0.0000E+00 0.0000E+00 0.0000E+00 0.0000E+00 0.0000E+00 0.0000E+00 0.0000E+00 0.0000E+00 0.0000E+00 0.0000E+00 0.0000E+00 0.0000E+00 0.0000E+00 0.0000E+00 0.0000E+00 0.0000E+00 0.0000E+00 0.0000E+00 0.0000E+00 0.0000E+00 0.0000E+00
3.3503E-08 3.6590E-08 4.0474E-08 4.5270E-08 5.1331E-08 5.8782E-08 6.7805E-08 7.8593E-08 9.0778E-08 1.0448E-07 1.1934E-07 1.3348E-07 1.4482E-07 1.4634E-07 1.2379E-07 7.5348E-08 2.1428E-08 1.0228E-09 1.2648E-10 5.9545E-11 4.0134E-11 2.6875E-11 1.5861E-11 5.3245E-12 0.0000E+00 0.0000E+00 0.0000E+00 0.0000E+00 0.0000E+00 0.0000E+00 0.0000E+00 0.0000E+00 0.0000E+00 0.0000E+00 0.0000E+00 0.0000E+00 0.0000E+00 0.0000E+00 0.0000E+00 0.0000E+00 0.0000E+00 0.0000E+00 0.0000E+00 0.0000E+00 0.0000E+00 0.0000E+00 0.0000E+00 0.0000E+00 0.0000E+00 0.0000E+00 0.0000E+00 0.0000E+00 0.0000E+00 0.0000E+00 0.0000E+00 0.0000E+00 0.0000E+00
3.1671E-08 3.4895E-08 3.8929E-08 4.4043E-08 5.0390E-08 5.8406E-08 6.8151E-08 8.0072E-08 9.4521E-08 1.1140E-07 1.3245E-07 1.5711E-07 1.8729E-07 2.1979E-07 2.4062E-07 2.0967E-07 9.8580E-08 4.8246E-09 1.5881E-10 3.7243E-11 2.0606E-11 1.0400E-11 0.0000E+00 0.0000E+00 0.0000E+00 0.0000E+00 0.0000E+00 0.0000E+00 0.0000E+00 0.0000E+00 0.0000E+00 0.0000E+00 0.0000E+00 0.0000E+00 0.0000E+00 0.0000E+00 0.0000E+00 0.0000E+00 0.0000E+00 0.0000E+00 0.0000E+00 0.0000E+00 0.0000E+00 0.0000E+00 0.0000E+00 0.0000E+00 0.0000E+00 0.0000E+00 0.0000E+00 0.0000E+00 0.0000E+00 0.0000E+00 0.0000E+00 0.0000E+00 0.0000E+00 0.0000E+00 0.0000E+00
