Assets/Resources/2015_m01_d09_1300(utc+0800)_l00_csi_1hr_conc.grd
DSAA
         159         159
     -79.000      79.000
     -79.000      79.000
  0.6643E-09  0.1087E-04
[rows 125 to 149 of 159, columns 0 to 56 of 159]
2.2755E-09 2.3437E-09 2.4199E-09 2.4792E-09 2.5335E-09 2.5957E-09 2.6527E-09 2.7109E-09 2.7703E-09 2.8310E-09 2.8929E-09 2.9560E-09 3.0203E-09 3.0859E-09 3.1529E-09 3.2211E-09 3.2907E-09 3.4009E-09 3.4941E-09 3.6233E-09 3.7500E-09 3.8541E-09 4.0032E-09 4.1514E-09 4.2744E-09 4.4470E-09 4.6202E-09 4.7664E-09 4.9669E-09 5.1197E-09 5.2755E-09 5.4384E-09 5.6205E-09 5.8211E-09 6.0318E-09 6.2556E-09 6.4997E-09 6.7612E-09 7.0366E-09 7.3378E-09 7.7484E-09 8.1112E-09 8.5060E-09 8.9358E-09 9.4805E-09 9.9726E-09 1.0491E-08 1.1143E-08 1.1752E-08 1.2400E-08 1.3088E-08 1.3922E-08 1.4711E-08 1.5540E-08 1.6405E-08 1.7311E-08 1.8256E-08
2.2729E-09 2.3410E-09 2.4171E-09 2.4763E-09 2.5305E-09 2.5925E-09 2.6495E-09 2.7076E-09 2.7669E-09 2.8275E-09 2.8892E-09 2.9522E-09 3.0165E-09 3.0820E-09 3.1488E-09 3.2169E-09 3.2863E-09 3.3698E-09 3.4892E-09 3.6181E-09 3.7163E-09 3.8483E-09 3.9968E-09 4.1447E-09 4.2675E-09 4.4391E-09 4.6119E-09 4.7579E-09 4.9572E-09 5.1093E-09 5.2648E-09 5.4266E-09 5.6016E-09 5.7962E-09 6.0043E-09 6.2232E-09 6.4599E-09 6.7154E-09 6.9843E-09 7.2751E-09 7.5922E-09 8.0106E-09 8.3876E-09 8.8006E-09 9.2382E-09 9.7914E-09 1.0290E-08 1.0818E-08 1.1390E-08 1.2094E-08 1.2746E-08 1.3439E-08 1.4173E-08 1.5050E-08 1.5865E-08 1.6714E-08 1.7600E-08
2.2638E-09 2.3378E-09 2.4137E-09 2.4664E-09 2.5269E-09 2.5888E-09 2.6456E-09 2.7036E-09 2.7628E-09 2.8232E-09 2.8849E-09 2.9477E-09 3.0118E-09 3.0772E-09 3.1438E-09 3.2118E-09 3.2810E-09 3.3643E-09 3.4833E-09 3.6119E-09 3.7098E-09 3.8412E-09 3.9890E-09 4.1065E-09 4.2589E-09 4.4294E-09 4.5696E-09 4.7474E-09 4.9452E-09 5.0963E-09 5.2517E-09 5.4124E-09 5.5826E-09 5.7696E-09 5.9762E-09 6.1902E-09 6.4189E-09 6.6673E-09 6.9299E-09 7.2101E-09 7.5158E-09 7.8439E-09 8.2695E-09 8.6660E-09 9.0875E-09 9.5296E-09 1.0091E-08 1.0598E-08 1.1134E-08 1.1713E-08 1.2418E-08 1.3071E-08 1.3758E-08 1.4484E-08 1.5348E-08 1.6146E-08 1.6974E-08
2.2603E-09 2.3341E-09 2.3971E-09 2.4624E-09 2.5227E-09 2.5844E-09 2.6411E-09 2.6990E-09 2.7580E-09 2.8183E-09 2.8798E-09 2.9425E-09 3.0064E-09 3.0716E-09 3.1381E-09 3.2058E-09 3.2749E-09 3.3579E-09 3.4764E-09 3.6045E-09 3.7020E-09 3.8329E-09 3.9798E-09 4.0968E-09 4.2488E-09 4.4179E-09 4.5574E-09 4.7348E-09 4.9309E-09 5.0808E-09 5.2360E-09 5.3955E-09 5.5636E-09 5.7428E-09 5.9431E-09 6.1562E-09 6.3760E-09 6.6189E-09 6.8750E-09 7.1435E-09 7.4382E-09 7.7559E-09 8.0889E-09 8.5298E-09 8.9402E-09 9.3647E-09 9.8156E-09 1.0383E-08 1.0896E-08 1.1438E-08 1.2019E-08 1.2721E-08 1.3368E-08 1.4048E-08 1.4760E-08 1.5507E-08 1.6381E-08
2.2562E-09 2.3299E-09 2.3926E-09 2.4577E-09 2.5179E-09 2.5794E-09 2.6360E-09 2.6937E-09 2.7526E-09 2.8127E-09 2.8740E-09 2.9365E-09 3.0002E-09 3.0652E-09 3.1315E-09 3.1991E-09 3.2679E-09 3.3381E-09 3.4685E-09 3.5960E-09 3.6799E-09 3.8233E-09 3.9692E-09 4.0715E-09 4.2370E-09 4.4048E-09 4.5282E-09 4.7202E-09 4.9146E-09 5.0633E-09 5.2178E-09 5.3759E-09 5.5424E-09 5.7173E-09 5.9070E-09 6.1184E-09 6.3348E-09 6.5645E-09 6.8196E-09 7.0806E-09 7.3564E-09 7.6667E-09 7.9901E-09 8.3305E-09 8.7905E-09 9.2086E-09 9.6367E-09 1.0095E-08 1.0584E-08 1.1180E-08 1.1722E-08 1.2300E-08 1.2910E-08 1.3636E-08 1.4300E-08 1.4997E-08 1.5723E-08
2.2517E-09 2.3251E-09 2.3877E-09 2.4525E-09 2.5125E-09 2.5738E-09 2.6302E-09 2.6877E-09 2.7464E-09 2.8063E-09 2.8674E-09 2.9298E-09 2.9933E-09 3.0581E-09 3.1241E-09 3.1914E-09 3.2601E-09 3.3300E-09 3.4549E-09 3.5865E-09 3.6700E-09 3.8125E-09 3.9573E-09 4.0589E-09 4.2237E-09 4.3902E-09 4.5124E-09 4.7035E-09 4.8964E-09 5.0434E-09 5.1970E-09 5.3540E-09 5.5190E-09 5.6919E-09 5.8715E-09 6.0761E-09 6.2932E-09 6.5117E-09 6.7565E-09 7.0184E-09 7.2841E-09 7.5762E-09 7.8961E-09 8.2239E-09 8.5759E-09 8.9747E-09 9.4679E-09 9.9010E-09 1.0359E-08 1.0852E-08 1.1447E-08 1.1985E-08 1.2560E-08 1.3161E-08 1.3782E-08 1.4521E-08 1.5199E-08
2.2467E-09 2.3198E-09 2.3821E-09 2.4468E-09 2.5065E-09 2.5676E-09 2.6238E-09 2.6811E-09 2.7396E-09 2.7993E-09 2.8602E-09 2.9223E-09 2.9856E-09 3.0501E-09 3.1159E-09 3.1830E-09 3.2513E-09 3.3210E-09 3.4451E-09 3.5758E-09 3.6590E-09 3.8005E-09 3.9443E-09 4.0450E-09 4.2089E-09 4.3742E-09 4.4948E-09 4.6847E-09 4.8764E-09 5.0214E-09 5.1737E-09 5.3298E-09 5.4927E-09 5.6633E-09 5.8406E-09 6.0320E-09 6.2464E-09 6.4656E-09 6.6920E-09 6.9492E-09 7.2158E-09 7.4882E-09 7.7954E-09 8.1215E-09 8.4567E-09 8.8200E-09 9.2216E-09 9.7162E-09 1.0154E-08 1.0613E-08 1.1106E-08 1.1618E-08 1.2229E-08 1.2791E-08 1.3378E-08 1.3981E-08 1.4610E-08
2.2412E-09 2.3076E-09 2.3761E-09 2.4404E-09 2.4999E-09 2.5608E-09 2.6168E-09 2.6739E-09 2.7321E-09 2.7916E-09 2.8522E-09 2.9141E-09 2.9771E-09 3.0414E-09 3.1069E-09 3.1737E-09 3.2418E-09 3.3111E-09 3.4223E-09 3.5642E-09 3.6469E-09 3.7745E-09 3.9301E-09 4.0296E-09 4.1788E-09 4.3565E-09 4.4753E-09 4.6493E-09 4.8543E-09 4.9970E-09 5.1480E-09 5.3029E-09 5.4637E-09 5.6329E-09 5.8079E-09 5.9898E-09 6.1960E-09 6.4162E-09 6.6392E-09 6.8785E-09 7.1419E-09 7.4117E-09 7.6936E-09 8.0117E-09 8.3427E-09 8.6852E-09 9.0583E-09 9.4590E-09 9.8821E-09 1.0393E-08 1.0851E-08 1.1337E-08 1.1842E-08 1.2365E-08 1.2993E-08 1.3567E-08 1.4155E-08
2.2353E-09 2.3013E-09 2.3695E-09 2.4336E-09 2.4928E-09 2.5534E-09 2.6091E-09 2.6660E-09 2.7240E-09 2.7832E-09 2.8436E-09 2.9052E-09 2.9680E-09 3.0319E-09 3.0972E-09 3.1636E-09 3.2314E-09 3.3004E-09 3.4107E-09 3.5278E-09 3.6337E-09 3.7602E-09 3.8895E-09 4.0129E-09 4.1606E-09 4.3107E-09 4.4545E-09 4.6263E-09 4.8015E-09 4.9710E-09 5.1200E-09 5.2739E-09 5.4327E-09 5.5997E-09 5.7726E-09 5.9535E-09 6.1450E-09 6.3602E-09 6.5836E-09 6.8126E-09 7.0635E-09 7.3320E-09 7.6077E-09 7.9016E-09 8.2224E-09 8.5590E-09 8.9062E-09 9.2813E-09 9.6840E-09 1.0108E-08 1.0542E-08 1.1070E-08 1.1551E-08 1.2048E-08 1.2554E-08 1.3083E-08 1.3717E-08
2.2288E-09 2.2946E-09 2.3564E-09 2.4261E-09 2.4851E-09 2.5391E-09 2.6008E-09 2.6575E-09 2.7152E-09 2.7742E-09 2.8343E-09 2.8956E-09 2.9580E-09 3.0217E-09 3.0866E-09 3.1528E-09 3.2202E-09 3.2888E-09 3.3716E-09 3.4904E-09 3.6195E-09 3.7167E-09 3.8475E-09 3.9948E-09 4.1111E-09 4.2633E-09 4.4322E-09 4.5697E-09 4.7468E-09 4.9429E-09 5.0899E-09 5.2422E-09 5.3993E-09 5.5637E-09 5.7345E-09 5.9140E-09 6.1005E-09 6.3036E-09 6.5231E-09 6.7511E-09 6.9870E-09 7.2465E-09 7.5206E-09 7.8045E-09 8.1054E-09 8.4274E-09 8.7681E-09 9.1192E-09 9.4935E-09 9.8945E-09 1.0323E-08 1.0750E-08 1.1192E-08 1.1734E-08 1.2216E-08 1.2714E-08 1.3226E-08
2.2219E-09 2.2683E-09 2.3425E-09 2.4182E-09 2.4705E-09 2.5306E-09 2.5920E-09 2.6483E-09 2.7058E-09 2.7645E-09 2.8242E-09 2.8852E-09 2.9474E-09 3.0107E-09 3.0753E-09 3.1411E-09 3.2081E-09 3.2764E-09 3.3586E-09 3.4762E-09 3.6042E-09 3.7006E-09 3.8302E-09 3.9758E-09 4.0764E-09 4.2414E-09 4.4087E-09 4.5287E-09 4.7190E-09 4.9131E-09 5.0576E-09 5.2084E-09 5.3639E-09 5.5258E-09 5.6953E-09 5.8717E-09 6.0570E-09 6.2497E-09 6.4617E-09 6.6858E-09 6.9183E-09 7.1645E-09 7.4278E-09 7.7074E-09 7.9961E-09 8.3000E-09 8.6236E-09 8.9672E-09 9.3229E-09 9.6959E-09 1.0094E-08 1.0513E-08 1.0940E-08 1.1372E-08 1.1823E-08 1.2365E-08 1.2850E-08
2.2024E-09 2.2608E-09 2.3345E-09 2.3969E-09 2.4617E-09 2.5215E-09 2.5826E-09 2.6386E-09 2.6958E-09 2.7541E-09 2.8136E-09 2.8742E-09 2.9360E-09 2.9990E-09 3.0632E-09 3.1287E-09 3.1953E-09 3.2632E-09 3.3324E-09 3.4566E-09 3.5879E-09 3.6704E-09 3.8117E-09 3.9558E-09 4.0549E-09 4.2180E-09 4.3838E-09 4.5018E-09 4.6894E-09 4.8814E-09 5.0238E-09 5.1724E-09 5.3260E-09 5.4859E-09 5.6534E-09 5.8278E-09 6.0106E-09 6.2003E-09 6.3999E-09 6.6189E-09 6.8484E-09 7.0871E-09 7.3397E-09 7.6059E-09 7.8868E-09 8.1804E-09 8.4863E-09 8.8113E-09 9.1538E-09 9.5108E-09 9.8814E-09 1.0273E-08 1.0681E-08 1.1096E-08 1.1517E-08 1.1960E-08 1.2411E-08
2.1947E-09 2.2528E-09 2.3260E-09 2.3881E-09 2.4524E-09 2.5118E-09 2.5725E-09 2.6283E-09 2.6851E-09 2.7431E-09 2.8022E-09 2.8625E-09 2.9240E-09 2.9866E-09 3.0505E-09 3.1155E-09 3.1817E-09 3.2492E-09 3.3179E-09 3.4407E-09 3.5706E-09 3.6525E-09 3.7792E-09 3.9346E-09 4.0321E-09 4.1795E-09 4.3571E-09 4.4734E-09 4.6437E-09 4.8474E-09 4.9877E-09 5.1344E-09 5.2860E-09 5.4440E-09 5.6099E-09 5.7823E-09 5.9621E-09 6.1502E-09 6.3457E-09 6.5518E-09 6.7755E-09 7.0100E-09 7.2518E-09 7.5067E-09 7.7769E-09 8.0599E-09 8.3558E-09 8.6641E-09 8.9864E-09 9.3246E-09 9.6830E-09 1.0050E-08 1.0434E-08 1.0834E-08 1.1236E-08 1.1655E-08 1.2079E-08
2.1866E-09 2.2443E-09 2.3170E-09 2.3787E-09 2.4426E-09 2.5017E-09 2.5619E-09 2.6174E-09 2.6739E-09 2.7315E-09 2.7903E-09 2.8502E-09 2.9113E-09 2.9735E-09 3.0369E-09 3.1015E-09 3.1674E-09 3.2344E-09 3.3027E-09 3.4120E-09 3.5524E-09 3.6336E-09 3.7587E-09 3.9121E-09 4.0082E-09 4.1534E-09 4.3290E-09 4.4439E-09 4.5791E-09 4.8116E-09 4.9504E-09 5.0947E-09 5.2445E-09 5.4014E-09 5.5648E-09 5.7344E-09 5.9121E-09 6.0975E-09 6.2894E-09 6.4905E-09 6.7026E-09 6.9292E-09 7.1651E-09 7.4107E-09 7.6681E-09 7.9411E-09 8.2240E-09 8.5195E-09 8.8286E-09 9.1505E-09 9.4860E-09 9.8369E-09 1.0202E-08 1.0577E-08 1.0961E-08 1.1351E-08 1.1753E-08
2.1723E-09 2.2354E-09 2.3076E-09 2.3628E-09 2.4323E-09 2.4909E-09 2.5445E-09 2.6059E-09 2.6620E-09 2.7193E-09 2.7777E-09 2.8372E-09 2.8979E-09 2.9597E-09 3.0227E-09 3.0869E-09 3.1522E-09 3.2188E-09 3.2866E-09 3.3683E-09 3.5050E-09 3.6137E-09 3.7094E-09 3.8383E-09 3.9837E-09 4.0968E-09 4.2458E-09 4.4133E-09 4.5308E-09 4.7179E-09 4.9113E-09 5.0534E-09 5.2019E-09 5.3569E-09 5.5177E-09 5.6852E-09 5.8598E-09 6.0414E-09 6.2315E-09 6.4285E-09 6.6324E-09 6.8476E-09 7.0769E-09 7.3153E-09 7.5637E-09 7.8232E-09 8.0963E-09 8.3789E-09 8.6727E-09 8.9813E-09 9.3015E-09 9.6322E-09 9.9737E-09 1.0327E-08 1.0695E-08 1.1071E-08 1.1451E-08
2.1634E-09 2.2260E-09 2.2912E-09 2.3525E-09 2.4215E-09 2.4797E-09 2.5329E-09 2.5938E-09 2.6496E-09 2.7065E-09 2.7645E-09 2.8236E-09 2.8839E-09 2.9452E-09 3.0078E-09 3.0715E-09 3.1364E-09 3.2025E-09 3.2698E-09 3.3383E-09 3.4618E-09 3.5929E-09 3.6744E-09 3.8146E-09 3.9580E-09 4.0551E-09 4.2156E-09 4.3808E-09 4.4965E-09 4.6801E-09 4.8703E-09 5.0111E-09 5.1580E-09 5.3098E-09 5.4688E-09 5.6339E-09 5.8053E-09 5.9844E-09 6.1706E-09 6.3638E-09 6.5635E-09 6.7694E-09 6.9877E-09 7.2179E-09 7.4581E-09 7.7086E-09 7.9701E-09 8.2407E-09 8.5232E-09 8.8153E-09 9.1184E-09 9.4341E-09 9.7615E-09 1.0094E-08 1.0439E-08 1.0797E-08 1.1167E-08
2.1480E-09 2.2040E-09 2.2749E-09 2.3354E-09 2.3974E-09 2.4616E-09 2.5208E-09 2.5812E-09 2.6366E-09 2.6931E-09 2.7507E-09 2.8094E-09 2.8692E-09 2.9301E-09 2.9922E-09 3.0554E-09 3.1198E-09 3.1854E-09 3.2522E-09 3.3201E-09 3.4419E-09 3.5712E-09 3.6519E-09 3.7770E-09 3.9313E-09 4.0267E-09 4.1709E-09 4.3467E-09 4.4614E-09 4.6269E-09 4.8285E-09 4.9677E-09 5.1122E-09 5.2618E-09 5.4184E-09 5.5805E-09 5.7489E-09 5.9249E-09 6.1070E-09 6.2957E-09 6.4905E-09 6.6917E-09 6.9008E-09 7.1214E-09 7.3528E-09 7.5940E-09 7.8449E-09 8.1065E-09 8.3745E-09 8.6543E-09 8.9456E-09 9.2433E-09 9.5525E-09 9.8744E-09 1.0204E-08 1.0538E-08 1.0885E-08
2.1384E-09 2.1939E-09 2.2514E-09 2.3242E-09 2.3857E-09 2.4494E-09 2.5081E-09 2.5681E-09 2.6231E-09 2.6791E-09 2.7363E-09 2.7945E-09 2.8539E-09 2.9143E-09 2.9759E-09 3.0387E-09 3.1025E-09 3.1676E-09 3.2338E-09 3.3012E-09 3.3827E-09 3.5485E-09 3.6285E-09 3.7237E-09 3.9034E-09 3.9977E-09 4.1093E-09 4.3115E-09 4.4247E-09 4.5566E-09 4.7573E-09 4.9225E-09 5.0646E-09 5.2123E-09 5.3657E-09 5.5249E-09 5.6908E-09 5.8632E-09 6.0407E-09 6.2240E-09 6.4153E-09 6.6126E-09 6.8154E-09 7.0263E-09 7.2481E-09 7.4782E-09 7.7206E-09 7.9722E-09 8.2304E-09 8.4979E-09 8.7747E-09 9.0637E-09 9.3573E-09 9.6613E-09 9.9726E-09 1.0295E-08 1.0625E-08
2.1284E-09 2.1835E-09 2.2405E-09 2.3126E-09 2.3676E-09 2.4368E-09 2.4950E-09 2.5481E-09 2.6090E-09 2.6646E-09 2.7213E-09 2.7791E-09 2.8380E-09 2.8979E-09 2.9590E-09 3.0212E-09 3.0846E-09 3.1491E-09 3.2148E-09 3.2816E-09 3.3496E-09 3.4730E-09 3.6042E-09 3.6849E-09 3.8245E-09 3.9677E-09 4.0633E-09 4.2225E-09 4.3870E-09 4.5027E-09 4.6859E-09 4.8760E-09 5.0159E-09 5.1611E-09 5.3117E-09 5.4681E-09 5.6297E-09 5.7984E-09 5.9721E-09 6.1510E-09 6.3368E-09 6.5299E-09 6.7285E-09 6.9322E-09 7.1445E-09 7.3667E-09 7.5964E-09 7.8382E-09 8.0902E-09 8.3456E-09 8.6105E-09 8.8856E-09 9.1690E-09 9.4588E-09 9.7553E-09 1.0062E-08 1.0374E-08
2.1180E-09 2.1669E-09 2.2291E-09 2.2941E-09 2.3551E-09 2.4236E-09 2.4813E-09 2.5340E-09 2.5944E-09 2.6495E-09 2.7058E-09 2.7631E-09 2.8215E-09 2.8809E-09 2.9415E-09 3.0032E-09 3.0660E-09 3.1299E-09 3.1950E-09 3.2613E-09 3.3287E-09 3.4500E-09 3.5790E-09 3.6589E-09 3.7959E-09 3.9367E-09 4.0309E-09 4.1731E-09 4.3486E-09 4.4630E-09 4.5962E-09 4.8279E-09 4.9656E-09 5.1078E-09 5.2555E-09 5.4085E-09 5.5673E-09 5.7313E-09 5.9010E-09 6.0764E-09 6.2567E-09 6.4436E-09 6.6382E-09 6.8367E-09 7.0418E-09 7.2551E-09 7.4774E-09 7.7069E-09 7.9469E-09 8.1977E-09 8.4525E-09 8.7121E-09 8.9834E-09 9.2641E-09 9.5477E-09 9.8368E-09 1.0134E-08
2.0954E-09 2.1496E-09 2.2174E-09 2.2758E-09 2.3358E-09 2.3972E-09 2.4609E-09 2.5195E-09 2.5792E-09 2.6339E-09 2.6897E-09 2.7465E-09 2.8044E-09 2.8634E-09 2.9234E-09 2.9845E-09 3.0467E-09 3.1101E-09 3.1746E-09 3.2402E-09 3.3070E-09 3.3878E-09 3.5484E-09 3.6320E-09 3.7261E-09 3.9048E-09 3.9977E-09 4.1081E-09 4.3094E-09 4.4217E-09 4.5377E-09 4.7506E-09 4.9137E-09 5.0532E-09 5.1979E-09 5.3473E-09 5.5029E-09 5.6622E-09 5.8276E-09 5.9992E-09 6.1753E-09 6.3563E-09 6.5449E-09 6.7401E-09 6.9396E-09 7.1452E-09 7.3591E-09 7.5806E-09 7.8091E-09 8.0480E-09 8.2952E-09 8.5489E-09 8.8057E-09 9.0694E-09 9.3444E-09 9.6244E-09 9.9078E-09
2.0720E-09 2.1382E-09 2.1932E-09 2.2502E-09 2.3225E-09 2.3834E-09 2.4464E-09 2.5044E-09 2.5636E-09 2.6178E-09 2.6731E-09 2.7294E-09 2.7868E-09 2.8452E-09 2.9047E-09 2.9652E-09 3.0269E-09 3.0896E-09 3.1535E-09 3.2185E-09 3.2846E-09 3.3519E-09 3.4741E-09 3.6043E-09 3.6839E-09 3.8217E-09 3.9640E-09 4.0587E-09 4.2162E-09 4.3794E-09 4.4935E-09 4.6734E-09 4.8601E-09 4.9970E-09 5.1382E-09 5.2853E-09 5.4357E-09 5.5918E-09 5.7525E-09 5.9188E-09 6.0922E-09 6.2687E-09 6.4509E-09 6.6409E-09 6.8366E-09 7.0361E-09 7.2421E-09 7.4557E-09 7.6762E-09 7.9036E-09 8.1396E-09 8.3835E-09 8.6329E-09 8.8874E-09 9.1474E-09 9.4122E-09 9.6850E-09
2.0609E-09 2.1264E-09 2.1751E-09 2.2373E-09 2.3088E-09 2.3631E-09 2.4315E-09 2.4889E-09 2.5413E-09 2.6012E-09 2.6560E-09 2.7118E-09 2.7686E-09 2.8265E-09 2.8854E-09 2.9454E-09 3.0064E-09 3.0686E-09 3.1318E-09 3.1961E-09 3.2616E-09 3.3282E-09 3.4480E-09 3.5758E-09 3.6545E-09 3.7485E-09 3.9294E-09 4.0228E-09 4.1331E-09 4.3359E-09 4.4476E-09 4.5783E-09 4.8060E-09 4.9391E-09 5.0779E-09 5.2205E-09 5.3674E-09 5.5196E-09 5.6762E-09 5.8384E-09 6.0066E-09 6.1806E-09 6.3575E-09 6.5402E-09 6.7310E-09 6.9270E-09 7.1262E-09 7.3320E-09 7.5441E-09 7.7631E-09 7.9890E-09 8.2223E-09 8.4616E-09 8.7071E-09 8.9578E-09 9.2143E-09 9.4758E-09
2.0494E-09 2.1084E-09 2.1625E-09 2.2240E-09 2.2823E-09 2.3485E-09 2.4161E-09 2.4667E-09 2.5248E-09 2.5842E-09 2.6384E-09 2.6936E-09 2.7499E-09 2.8072E-09 2.8656E-09 2.9249E-09 2.9854E-09 3.0469E-09 3.1095E-09 3.1732E-09 3.2379E-09 3.3038E-09 3.3834E-09 3.5421E-09 3.6243E-09 3.7035E-09 3.8932E-09 3.9852E-09 4.0800E-09 4.2377E-09 4.4009E-09 4.5142E-09 4.6934E-09 4.8800E-09 5.0149E-09 5.1545E-09 5.2979E-09 5.4457E-09 5.5997E-09 5.7574E-09 5.9203E-09 6.0900E-09 6.2637E-09 6.4409E-09 6.6241E-09 6.8152E-09 7.0105E-09 7.2095E-09 7.4143E-09 7.6250E-09 7.8422E-09 8.0653E-09 8.2974E-09 8.5336E-09 8.7739E-09 9.0188E-09 9.2682E-09
2.0260E-09 2.0899E-09 2.1435E-09 2.1983E-09 2.2680E-09 2.3271E-09 2.3877E-09 2.4504E-09 2.5079E-09 2.5666E-09 2.6203E-09 2.6750E-09 2.7307E-09 2.7875E-09 2.8452E-09 2.9040E-09 2.9638E-09 3.0246E-09 3.0866E-09 3.1496E-09 3.2137E-09 3.2788E-09 3.3450E-09 3.4650E-09 3.5933E-09 3.6714E-09 3.8065E-09 3.9473E-09 4.0405E-09 4.1503E-09 4.3531E-09 4.4635E-09 4.5926E-09 4.8193E-09 4.9506E-09 5.0872E-09 5.2274E-09 5.3721E-09 5.5214E-09 5.6757E-09 5.8341E-09 5.9978E-09 6.1680E-09 6.3419E-09 6.5186E-09 6.7022E-09 6.8926E-09 7.0873E-09 7.2853E-09 7.4890E-09 7.6975E-09 7.9115E-09 8.1323E-09 8.3601E-09 8.5881E-09 8.8265E-09 9.0669E-09
