Assets/Resources/2015_m01_d10_0000(utc+0800)_l00_csi_1hr_conc.grd
DSAA
         159         159
     -79.000      79.000
     -79.000      79.000
  0.1714E-08  0.7399E-06
[rows 75 to 99 of 159, columns 0 to 56 of 159]
7.6190E-09 7.9090E-09 8.2097E-09 8.5213E-09 8.8532E-09 9.1883E-09 9.5348E-09 9.8926E-09 1.0262E-08 1.0652E-08 1.1045E-08 1.1450E-08 1.1865E-08 1.2291E-08 1.2737E-08 1.3185E-08 1.3643E-08 1.4110E-08 1.4598E-08 1.5084E-08 1.5589E-08 1.6091E-08 1.6600E-08 1.7127E-08 1.7661E-08 1.8201E-08 1.8733E-08 1.9282E-08 1.9837E-08 2.0379E-08 2.0920E-08 2.1478E-08 2.2018E-08 2.2571E-08 2.3105E-08 2.3633E-08 2.4154E-08 2.4665E-08 2.5166E-08 2.5654E-08 2.6244E-08 2.6722E-08 2.7186E-08 2.7638E-08 2.8075E-08 2.8494E-08 2.8930E-08 2.9314E-08 2.9709E-08 3.0053E-08 3.0563E-08 3.0889E-08 3.1190E-08 3.1465E-08 3.1713E-08 3.1932E-08 3.2119E-08
7.5967E-09 7.8838E-09 8.1814E-09 8.4896E-09 8.8171E-09 9.1482E-09 9.4904E-09 9.8435E-09 1.0208E-08 1.0592E-08 1.0980E-08 1.1378E-08 1.1787E-08 1.2206E-08 1.2635E-08 1.3085E-08 1.3535E-08 1.3993E-08 1.4471E-08 1.4948E-08 1.5432E-08 1.5934E-08 1.6431E-08 1.6934E-08 1.7455E-08 1.7981E-08 1.8511E-08 1.9045E-08 1.9569E-08 2.0110E-08 2.0636E-08 2.1175E-08 2.1698E-08 2.2217E-08 2.2746E-08 2.3254E-08 2.3754E-08 2.4244E-08 2.4723E-08 2.5189E-08 2.5641E-08 2.6195E-08 2.6633E-08 2.7062E-08 2.7474E-08 2.7867E-08 2.8239E-08 2.8625E-08 2.8958E-08 2.9300E-08 2.9590E-08 2.9854E-08 3.0299E-08 3.0539E-08 3.0751E-08 3.0935E-08 3.1088E-08
7.5631E-09 7.8547E-09 8.1490E-09 8.4537E-09 8.7688E-09 9.1036E-09 9.4412E-09 9.7897E-09 1.0149E-08 1.0519E-08 1.0909E-08 1.1301E-08 1.1703E-08 1.2115E-08 1.2537E-08 1.2969E-08 1.3420E-08 1.3870E-08 1.4328E-08 1.4805E-08 1.5279E-08 1.5759E-08 1.6257E-08 1.6748E-08 1.7254E-08 1.7754E-08 1.8271E-08 1.8790E-08 1.9311E-08 1.9836E-08 2.0346E-08 2.0854E-08 2.1374E-08 2.1875E-08 2.2369E-08 2.2874E-08 2.3354E-08 2.3824E-08 2.4282E-08 2.4727E-08 2.5158E-08 2.5573E-08 2.6092E-08 2.6497E-08 2.6885E-08 2.7254E-08 2.7602E-08 2.7927E-08 2.8265E-08 2.8548E-08 2.8807E-08 2.9077E-08 2.9288E-08 2.9662E-08 2.9844E-08 2.9998E-08 3.0121E-08
7.5342E-09 7.8220E-09 8.1128E-09 8.4137E-09 8.7249E-09 9.0464E-09 9.3876E-09 9.7311E-09 1.0085E-08 1.0449E-08 1.0824E-08 1.1218E-08 1.1614E-08 1.2019E-08 1.2434E-08 1.2857E-08 1.3300E-08 1.3741E-08 1.4190E-08 1.4646E-08 1.5120E-08 1.5590E-08 1.6065E-08 1.6556E-08 1.7039E-08 1.7536E-08 1.8036E-08 1.8528E-08 1.9036E-08 1.9543E-08 2.0053E-08 2.0545E-08 2.1033E-08 2.1531E-08 2.2008E-08 2.2477E-08 2.2953E-08 2.3404E-08 2.3843E-08 2.4268E-08 2.4679E-08 2.5074E-08 2.5460E-08 2.5944E-08 2.6310E-08 2.6657E-08 2.6982E-08 2.7285E-08 2.7566E-08 2.7822E-08 2.8092E-08 2.8302E-08 2.8520E-08 2.8682E-08 2.8817E-08 2.9116E-08 2.9213E-08
7.5019E-09 7.7783E-09 8.0729E-09 8.3699E-09 8.6770E-09 8.9940E-09 9.3298E-09 9.6682E-09 1.0017E-08 1.0375E-08 1.0744E-08 1.1131E-08 1.1520E-08 1.1918E-08 1.2325E-08 1.2741E-08 1.3165E-08 1.3607E-08 1.4047E-08 1.4493E-08 1.4946E-08 1.5416E-08 1.5880E-08 1.6358E-08 1.6830E-08 1.7305E-08 1.7788E-08 1.8277E-08 1.8765E-08 1.9245E-08 1.9737E-08 2.0231E-08 2.0706E-08 2.1171E-08 2.1646E-08 2.2097E-08 2.2539E-08 2.2986E-08 2.3406E-08 2.3813E-08 2.4205E-08 2.4584E-08 2.4952E-08 2.5303E-08 2.5748E-08 2.6074E-08 2.6379E-08 2.6662E-08 2.6923E-08 2.7160E-08 2.7372E-08 2.7595E-08 2.7760E-08 2.7899E-08 2.8046E-08 2.8134E-08 2.8192E-08
7.4663E-09 7.7393E-09 8.0217E-09 8.3225E-09 8.6252E-09 8.9378E-09 9.2600E-09 9.6011E-09 9.9440E-09 1.0297E-08 1.0659E-08 1.1030E-08 1.1421E-08 1.1812E-08 1.2211E-08 1.2619E-08 1.3035E-08 1.3457E-08 1.3898E-08 1.4335E-08 1.4778E-08 1.5225E-08 1.5689E-08 1.6146E-08 1.6617E-08 1.7079E-08 1.7542E-08 1.8014E-08 1.8485E-08 1.8959E-08 1.9423E-08 1.9895E-08 2.0371E-08 2.0823E-08 2.1268E-08 2.1718E-08 2.2143E-08 2.2555E-08 2.2973E-08 2.3362E-08 2.3737E-08 2.4103E-08 2.4454E-08 2.4787E-08 2.5102E-08 2.5506E-08 2.5792E-08 2.6058E-08 2.6301E-08 2.6521E-08 2.6716E-08 2.6887E-08 2.7032E-08 2.7189E-08 2.7285E-08 2.7354E-08 2.7430E-08
7.4276E-09 7.6970E-09 7.9756E-09 8.2715E-09 8.5699E-09 8.8777E-09 9.1951E-09 9.5218E-09 9.8673E-09 1.0214E-08 1.0570E-08 1.0935E-08 1.1309E-08 1.1701E-08 1.2093E-08 1.2493E-08 1.2900E-08 1.3314E-08 1.3734E-08 1.4172E-08 1.4605E-08 1.5042E-08 1.5495E-08 1.5940E-08 1.6388E-08 1.6849E-08 1.7301E-08 1.7751E-08 1.8208E-08 1.8665E-08 1.9119E-08 1.9575E-08 2.0014E-08 2.0469E-08 2.0899E-08 2.1321E-08 2.1748E-08 2.2145E-08 2.2529E-08 2.2917E-08 2.3278E-08 2.3629E-08 2.3964E-08 2.4282E-08 2.4581E-08 2.4859E-08 2.5222E-08 2.5471E-08 2.5699E-08 2.5903E-08 2.6084E-08 2.6241E-08 2.6373E-08 2.6480E-08 2.6560E-08 2.6651E-08 2.6681E-08
7.3784E-09 7.6515E-09 7.9262E-09 8.2099E-09 8.5111E-09 8.8142E-09 9.1264E-09 9.4478E-09 9.7783E-09 1.0127E-08 1.0477E-08 1.0835E-08 1.1202E-08 1.1577E-08 1.1970E-08 1.2362E-08 1.2761E-08 1.3166E-08 1.3578E-08 1.3995E-08 1.4428E-08 1.4855E-08 1.5286E-08 1.5731E-08 1.6168E-08 1.6606E-08 1.7056E-08 1.7495E-08 1.7932E-08 1.8372E-08 1.8813E-08 1.9248E-08 1.9680E-08 2.0115E-08 2.0528E-08 2.0936E-08 2.1331E-08 2.1734E-08 2.2106E-08 2.2462E-08 2.2826E-08 2.3163E-08 2.3483E-08 2.3786E-08 2.4070E-08 2.4335E-08 2.4578E-08 2.4903E-08 2.5116E-08 2.5306E-08 2.5474E-08 2.5619E-08 2.5740E-08 2.5836E-08 2.5907E-08 2.5951E-08 2.5970E-08
7.3344E-09 7.6031E-09 7.8737E-09 8.1532E-09 8.4415E-09 8.7472E-09 9.0543E-09 9.3703E-09 9.6951E-09 1.0037E-08 1.0380E-08 1.0732E-08 1.1092E-08 1.1459E-08 1.1844E-08 1.2227E-08 1.2618E-08 1.3014E-08 1.3417E-08 1.3825E-08 1.4237E-08 1.4664E-08 1.5085E-08 1.5508E-08 1.5944E-08 1.6371E-08 1.6798E-08 1.7235E-08 1.7661E-08 1.8083E-08 1.8506E-08 1.8924E-08 1.9342E-08 1.9750E-08 2.0164E-08 2.0554E-08 2.0932E-08 2.1304E-08 2.1679E-08 2.2028E-08 2.2367E-08 2.2705E-08 2.3011E-08 2.3300E-08 2.3571E-08 2.3823E-08 2.4055E-08 2.4266E-08 2.4455E-08 2.4730E-08 2.4886E-08 2.5020E-08 2.5131E-08 2.5218E-08 2.5280E-08 2.5318E-08 2.5330E-08
7.2877E-09 7.5449E-09 7.8184E-09 8.0935E-09 8.3771E-09 8.6694E-09 8.9790E-09 9.2895E-09 9.6084E-09 9.9358E-09 1.0280E-08 1.0625E-08 1.0978E-08 1.1338E-08 1.1705E-08 1.2089E-08 1.2471E-08 1.2859E-08 1.3252E-08 1.3651E-08 1.4054E-08 1.4460E-08 1.4881E-08 1.5293E-08 1.5708E-08 1.6122E-08 1.6549E-08 1.6964E-08 1.7376E-08 1.7798E-08 1.8204E-08 1.8607E-08 1.9005E-08 1.9399E-08 1.9787E-08 2.0159E-08 2.0541E-08 2.0896E-08 2.1239E-08 2.1594E-08 2.1921E-08 2.2235E-08 2.2547E-08 2.2824E-08 2.3083E-08 2.3323E-08 2.3544E-08 2.3744E-08 2.3924E-08 2.4082E-08 2.4218E-08 2.4443E-08 2.4545E-08 2.4624E-08 2.4679E-08 2.4711E-08 2.4719E-08
7.2383E-09 7.4916E-09 7.7531E-09 8.0309E-09 8.3099E-09 8.5972E-09 8.8927E-09 9.2056E-09 9.5187E-09 9.8398E-09 1.0169E-08 1.0515E-08 1.0860E-08 1.1213E-08 1.1573E-08 1.1939E-08 1.2321E-08 1.2700E-08 1.3085E-08 1.3474E-08 1.3867E-08 1.4264E-08 1.4663E-08 1.5076E-08 1.5480E-08 1.5884E-08 1.6287E-08 1.6702E-08 1.7103E-08 1.7501E-08 1.7906E-08 1.8293E-08 1.8674E-08 1.9051E-08 1.9420E-08 1.9783E-08 2.0138E-08 2.0495E-08 2.0826E-08 2.1150E-08 2.1479E-08 2.1782E-08 2.2067E-08 2.2352E-08 2.2604E-08 2.2834E-08 2.3045E-08 2.3236E-08 2.3407E-08 2.3557E-08 2.3686E-08 2.3794E-08 2.3981E-08 2.4053E-08 2.4103E-08 2.4130E-08 2.4133E-08
7.1797E-09 7.4358E-09 7.6931E-09 7.9584E-09 8.2399E-09 8.5221E-09 8.8125E-09 9.1186E-09 9.4260E-09 9.7410E-09 1.0064E-08 1.0394E-08 1.0739E-08 1.1085E-08 1.1437E-08 1.1796E-08 1.2160E-08 1.2539E-08 1.2914E-08 1.3295E-08 1.3678E-08 1.4066E-08 1.4455E-08 1.4846E-08 1.5249E-08 1.5643E-08 1.6036E-08 1.6428E-08 1.6829E-08 1.7215E-08 1.7596E-08 1.7983E-08 1.8352E-08 1.8714E-08 1.9069E-08 1.9415E-08 1.9752E-08 2.0087E-08 2.0421E-08 2.0735E-08 2.1034E-08 2.1337E-08 2.1609E-08 2.1867E-08 2.2108E-08 2.2352E-08 2.2558E-08 2.2741E-08 2.2904E-08 2.3047E-08 2.3170E-08 2.3272E-08 2.3352E-08 2.3411E-08 2.3548E-08 2.3571E-08 2.3572E-08
7.1182E-09 7.3707E-09 7.6304E-09 7.8914E-09 8.1600E-09 8.4443E-09 8.7295E-09 9.0222E-09 9.3298E-09 9.6391E-09 9.9552E-09 1.0279E-08 1.0609E-08 1.0953E-08 1.1297E-08 1.1649E-08 1.2005E-08 1.2366E-08 1.2742E-08 1.3113E-08 1.3487E-08 1.3865E-08 1.4245E-08 1.4626E-08 1.5008E-08 1.5401E-08 1.5784E-08 1.6165E-08 1.6543E-08 1.6929E-08 1.7299E-08 1.7663E-08 1.8031E-08 1.8382E-08 1.8723E-08 1.9055E-08 1.9380E-08 1.9694E-08 2.0006E-08 2.0326E-08 2.0613E-08 2.0889E-08 2.1147E-08 2.1410E-08 2.1643E-08 2.1855E-08 2.2068E-08 2.2252E-08 2.2412E-08 2.2552E-08 2.2669E-08 2.2765E-08 2.2842E-08 2.2897E-08 2.2931E-08 2.2944E-08 2.2935E-08
7.0632E-09 7.3029E-09 7.5589E-09 7.8208E-09 8.0856E-09 8.3571E-09 8.6433E-09 8.9309E-09 9.2255E-09 9.5337E-09 9.8440E-09 1.0161E-08 1.0484E-08 1.0814E-08 1.1156E-08 1.1499E-08 1.1847E-08 1.2200E-08 1.2558E-08 1.2929E-08 1.3294E-08 1.3662E-08 1.4032E-08 1.4404E-08 1.4776E-08 1.5148E-08 1.5520E-08 1.5901E-08 1.6269E-08 1.6632E-08 1.6991E-08 1.7355E-08 1.7702E-08 1.8040E-08 1.8382E-08 1.8704E-08 1.9016E-08 1.9319E-08 1.9617E-08 1.9904E-08 2.0198E-08 2.0464E-08 2.0715E-08 2.0952E-08 2.1185E-08 2.1391E-08 2.1581E-08 2.1751E-08 2.1922E-08 2.2062E-08 2.2179E-08 2.2273E-08 2.2346E-08 2.2399E-08 2.2431E-08 2.2443E-08 2.2435E-08
7.0006E-09 7.2417E-09 7.4845E-09 7.7436E-09 8.0082E-09 8.2748E-09 8.5488E-09 8.8362E-09 9.1254E-09 9.4215E-09 9.7295E-09 1.0040E-08 1.0356E-08 1.0680E-08 1.1008E-08 1.1347E-08 1.1686E-08 1.2032E-08 1.2381E-08 1.2733E-08 1.3089E-08 1.3458E-08 1.3819E-08 1.4181E-08 1.4543E-08 1.4906E-08 1.5267E-08 1.5627E-08 1.5994E-08 1.6347E-08 1.6695E-08 1.7037E-08 1.7385E-08 1.7713E-08 1.8034E-08 1.8345E-08 1.8659E-08 1.8955E-08 1.9241E-08 1.9515E-08 1.9777E-08 2.0029E-08 2.0289E-08 2.0515E-08 2.0728E-08 2.0926E-08 2.1121E-08 2.1284E-08 2.1433E-08 2.1563E-08 2.1692E-08 2.1789E-08 2.1863E-08 2.1915E-08 2.1946E-08 2.1958E-08 2.1950E-08
6.9419E-09 7.1730E-09 7.4170E-09 7.6626E-09 7.9241E-09 8.1900E-09 8.4584E-09 8.7341E-09 9.0225E-09 9.3124E-09 9.6090E-09 9.9169E-09 1.0226E-08 1.0542E-08 1.0863E-08 1.1189E-08 1.1525E-08 1.1862E-08 1.2201E-08 1.2545E-08 1.2892E-08 1.3242E-08 1.3603E-08 1.3956E-08 1.4310E-08 1.4662E-08 1.5014E-08 1.5364E-08 1.5710E-08 1.6052E-08 1.6401E-08 1.6733E-08 1.7059E-08 1.7377E-08 1.7699E-08 1.8002E-08 1.8296E-08 1.8595E-08 1.8872E-08 1.9137E-08 1.9390E-08 1.9630E-08 1.9857E-08 2.0071E-08 2.0295E-08 2.0484E-08 2.0657E-08 2.0817E-08 2.0971E-08 2.1097E-08 2.1206E-08 2.1295E-08 2.1384E-08 2.1440E-08 2.1474E-08 2.1487E-08 2.1480E-08
6.8741E-09 7.1084E-09 7.3422E-09 7.5886E-09 7.8364E-09 8.0999E-09 8.3666E-09 8.6364E-09 8.9127E-09 9.2002E-09 9.4915E-09 9.7873E-09 1.0089E-08 1.0403E-08 1.0716E-08 1.1035E-08 1.1358E-08 1.1685E-08 1.2022E-08 1.2358E-08 1.2695E-08 1.3035E-08 1.3377E-08 1.3729E-08 1.4074E-08 1.4419E-08 1.4761E-08 1.5101E-08 1.5437E-08 1.5770E-08 1.6097E-08 1.6430E-08 1.6746E-08 1.7056E-08 1.7357E-08 1.7650E-08 1.7949E-08 1.8228E-08 1.8496E-08 1.8753E-08 1.9010E-08 1.9243E-08 1.9462E-08 1.9666E-08 1.9858E-08 2.0052E-08 2.0221E-08 2.0373E-08 2.0510E-08 2.0631E-08 2.0749E-08 2.0835E-08 2.0905E-08 2.0956E-08 2.0991E-08 2.1025E-08 2.1022E-08
6.8124E-09 7.0347E-09 7.2715E-09 7.5075E-09 7.7559E-09 8.0053E-09 8.2701E-09 8.5373E-09 8.8076E-09 9.0842E-09 9.3714E-09 9.6605E-09 9.9561E-09 1.0257E-08 1.0567E-08 1.0879E-08 1.1194E-08 1.1514E-08 1.1837E-08 1.2166E-08 1.2497E-08 1.2828E-08 1.3161E-08 1.3495E-08 1.3829E-08 1.4173E-08 1.4507E-08 1.4838E-08 1.5165E-08 1.5488E-08 1.5807E-08 1.6119E-08 1.6426E-08 1.6737E-08 1.7030E-08 1.7315E-08 1.7595E-08 1.7865E-08 1.8137E-08 1.8386E-08 1.8624E-08 1.8849E-08 1.9073E-08 1.9273E-08 1.9457E-08 1.9627E-08 1.9783E-08 1.9942E-08 2.0075E-08 2.0190E-08 2.0290E-08 2.0374E-08 2.0454E-08 2.0504E-08 2.0537E-08 2.0552E-08 2.0550E-08
6.7491E-09 6.9673E-09 7.1918E-09 7.4307E-09 7.6683E-09 7.9182E-09 8.1688E-09 8.4344E-09 8.6979E-09 8.9717E-09 9.2479E-09 9.5333E-09 9.8219E-09 1.0115E-08 1.0413E-08 1.0720E-08 1.1029E-08 1.1341E-08 1.1655E-08 1.1974E-08 1.2295E-08 1.2620E-08 1.2945E-08 1.3270E-08 1.3595E-08 1.3919E-08 1.4253E-08 1.4574E-08 1.4893E-08 1.5207E-08 1.5517E-08 1.5821E-08 1.6119E-08 1.6411E-08 1.6693E-08 1.6982E-08 1.7255E-08 1.7519E-08 1.7771E-08 1.8013E-08 1.8255E-08 1.8474E-08 1.8680E-08 1.8873E-08 1.9052E-08 1.9229E-08 1.9379E-08 1.9515E-08 1.9633E-08 1.9741E-08 1.9855E-08 1.9935E-08 2.0001E-08 2.0048E-08 2.0076E-08 2.0108E-08 2.0109E-08
6.6842E-09 6.8984E-09 7.1187E-09 7.3449E-09 7.5853E-09 7.8242E-09 8.0749E-09 8.3262E-09 8.5920E-09 8.8555E-09 9.1272E-09 9.4033E-09 9.6864E-09 9.9729E-09 1.0263E-08 1.0559E-08 1.0861E-08 1.1165E-08 1.1474E-08 1.1783E-08 1.2095E-08 1.2410E-08 1.2726E-08 1.3043E-08 1.3360E-08 1.3678E-08 1.3991E-08 1.4302E-08 1.4620E-08 1.4927E-08 1.5229E-08 1.5524E-08 1.5813E-08 1.6095E-08 1.6370E-08 1.6642E-08 1.6907E-08 1.7173E-08 1.7420E-08 1.7656E-08 1.7880E-08 1.8092E-08 1.8293E-08 1.8491E-08 1.8665E-08 1.8826E-08 1.8972E-08 1.9104E-08 1.9229E-08 1.9331E-08 1.9417E-08 1.9486E-08 1.9565E-08 1.9618E-08 1.9649E-08 1.9665E-08 1.9662E-08
6.6113E-09 6.8281E-09 7.0441E-09 7.2659E-09 7.4935E-09 7.7349E-09 7.9746E-09 8.2257E-09 8.4770E-09 8.7425E-09 9.0053E-09 9.2759E-09 9.5488E-09 9.8281E-09 1.0114E-08 1.0400E-08 1.0693E-08 1.0989E-08 1.1287E-08 1.1592E-08 1.1897E-08 1.2202E-08 1.2509E-08 1.2817E-08 1.3125E-08 1.3434E-08 1.3739E-08 1.4043E-08 1.4343E-08 1.4648E-08 1.4941E-08 1.5226E-08 1.5506E-08 1.5781E-08 1.6053E-08 1.6318E-08 1.6573E-08 1.6822E-08 1.7061E-08 1.7290E-08 1.7520E-08 1.7728E-08 1.7923E-08 1.8106E-08 1.8275E-08 1.8431E-08 1.8581E-08 1.8710E-08 1.8824E-08 1.8924E-08 1.9010E-08 1.9078E-08 1.9134E-08 1.9180E-08 1.9203E-08 1.9213E-08 1.9235E-08
6.5444E-09 6.7498E-09 6.9683E-09 7.1856E-09 7.4085E-09 7.6370E-09 7.8789E-09 8.1189E-09 8.3698E-09 8.6208E-09 8.8853E-09 9.1469E-09 9.4131E-09 9.6866E-09 9.9616E-09 1.0243E-08 1.0528E-08 1.0815E-08 1.1106E-08 1.1400E-08 1.1695E-08 1.1994E-08 1.2294E-08 1.2593E-08 1.2892E-08 1.3191E-08 1.3489E-08 1.3784E-08 1.4076E-08 1.4362E-08 1.4644E-08 1.4931E-08 1.5204E-08 1.5472E-08 1.5736E-08 1.5995E-08 1.6246E-08 1.6486E-08 1.6719E-08 1.6942E-08 1.7154E-08 1.7355E-08 1.7546E-08 1.7734E-08 1.7900E-08 1.8053E-08 1.8192E-08 1.8318E-08 1.8429E-08 1.8528E-08 1.8612E-08 1.8685E-08 1.8742E-08 1.8783E-08 1.8808E-08 1.8820E-08 1.8818E-08
6.4763E-09 6.6777E-09 6.8846E-09 7.1042E-09 7.3225E-09 7.5461E-09 7.7749E-09 8.0170E-09 8.2568E-09 8.5070E-09 8.7570E-09 9.0117E-09 9.2798E-09 9.5438E-09 9.8127E-09 1.0084E-08 1.0362E-08 1.0643E-08 1.0924E-08 1.1211E-08 1.1498E-08 1.1788E-08 1.2077E-08 1.2369E-08 1.2661E-08 1.2950E-08 1.3238E-08 1.3522E-08 1.3806E-08 1.4085E-08 1.4360E-08 1.4632E-08 1.4895E-08 1.5157E-08 1.5422E-08 1.5675E-08 1.5919E-08 1.6154E-08 1.6381E-08 1.6598E-08 1.6805E-08 1.7001E-08 1.7187E-08 1.7360E-08 1.7523E-08 1.7672E-08 1.7810E-08 1.7940E-08 1.8051E-08 1.8148E-08 1.8231E-08 1.8299E-08 1.8355E-08 1.8397E-08 1.8422E-08 1.8436E-08 1.8437E-08
6.4071E-09 6.6046E-09 6.8072E-09 7.0151E-09 7.2355E-09 7.4543E-09 7.6781E-09 7.9070E-09 8.1485E-09 8.3876E-09 8.6314E-09 8.8852E-09 9.1381E-09 9.4036E-09 9.6649E-09 9.9297E-09 1.0199E-08 1.0469E-08 1.0746E-08 1.1022E-08 1.1301E-08 1.1583E-08 1.1865E-08 1.2147E-08 1.2429E-08 1.2709E-08 1.2989E-08 1.3267E-08 1.3540E-08 1.3811E-08 1.4081E-08 1.4343E-08 1.4603E-08 1.4860E-08 1.5109E-08 1.5351E-08 1.5595E-08 1.5824E-08 1.6046E-08 1.6257E-08 1.6460E-08 1.6651E-08 1.6832E-08 1.7001E-08 1.7161E-08 1.7307E-08 1.7441E-08 1.7562E-08 1.7671E-08 1.7767E-08 1.7850E-08 1.7918E-08 1.7973E-08 1.8016E-08 1.8045E-08 1.8061E-08 1.8063E-08
6.3309E-09 6.5305E-09 6.7290E-09 6.9325E-09 7.1409E-09 7.3617E-09 7.5806E-09 7.8043E-09 8.0326E-09 8.2655E-09 8.5112E-09 8.7533E-09 9.0051E-09 9.2556E-09 9.5180E-09 9.7760E-09 1.0037E-08 1.0302E-08 1.0568E-08 1.0836E-08 1.1109E-08 1.1381E-08 1.1654E-08 1.1929E-08 1.2202E-08 1.2474E-08 1.2745E-08 1.3012E-08 1.3278E-08 1.3544E-08 1.3804E-08 1.4062E-08 1.4316E-08 1.4565E-08 1.4806E-08 1.5042E-08 1.5271E-08 1.5493E-08 1.5706E-08 1.5921E-08 1.6117E-08 1.6303E-08 1.6481E-08 1.6647E-08 1.6802E-08 1.6944E-08 1.7075E-08 1.7195E-08 1.7303E-08 1.7398E-08 1.7479E-08 1.7547E-08 1.7603E-08 1.7647E-08 1.7677E-08 1.7695E-08 1.7700E-08
