Assets/Resources/2015_m01_d15_1500(utc+0800)_l00_csi_1hr_conc.grd
DSAA
         159         159
     -79.000      79.000
     -79.000      79.000
  0.0000E+00  0.1390E-04
[rows 0 to 24 of 159, columns 57 to 113 of 159]
2.0077E-09 2.0370E-09 2.0649E-09 2.0924E-09 2.1207E-09 2.1473E-09 2.1735E-09 2.1991E-09 2.2241E-09 2.2485E-09 2.2722E-09 2.2953E-09 2.3175E-09 2.3401E-09 2.3608E-09 2.3806E-09 2.3995E-09 2.4175E-09 2.4344E-09 2.4504E-09 2.4653E-09 2.4791E-09 2.4918E-09 2.5034E-09 2.5138E-09 2.5200E-09 2.5280E-09 2.5337E-09 2.5393E-09 2.5436E-09 2.5466E-09 2.5483E-09 2.5475E-09 2.5467E-09 2.5444E-09 2.5409E-09 2.5348E-09 2.5285E-09 2.5207E-09 2.5115E-09 2.5007E-09 2.4874E-09 2.4737E-09 2.4585E-09 2.4418E-09 2.4228E-09 2.4032E-09 2.3822E-09 2.3590E-09 2.3342E-09 2.3091E-09 2.2825E-09 2.2539E-09 2.2250E-09 2.1948E-09 2.1628E-09 2.1305E-09
2.0588E-09 2.0881E-09 2.1170E-09 2.1456E-09 2.1737E-09 2.2033E-09 2.2316E-09 2.2582E-09 2.2843E-09 2.3096E-09 2.3343E-09 2.3582E-09 2.3814E-09 2.4037E-09 2.4252E-09 2.4458E-09 2.4654E-09 2.4841E-09 2.5017E-09 2.5183E-09 2.5299E-09 2.5443E-09 2.5576E-09 2.5697E-09 2.5806E-09 2.5902E-09 2.5986E-09 2.6057E-09 2.6115E-09 2.6142E-09 2.6161E-09 2.6180E-09 2.6185E-09 2.6165E-09 2.6144E-09 2.6095E-09 2.6045E-09 2.5980E-09 2.5899E-09 2.5792E-09 2.5680E-09 2.5554E-09 2.5412E-09 2.5254E-09 2.5072E-09 2.4884E-09 2.4681E-09 2.4454E-09 2.4222E-09 2.3976E-09 2.3707E-09 2.3424E-09 2.3137E-09 2.2839E-09 2.2519E-09 2.2197E-09 2.1863E-09
2.1107E-09 2.1411E-09 2.1723E-09 2.2020E-09 2.2313E-09 2.2613E-09 2.2896E-09 2.3173E-09 2.3443E-09 2.3706E-09 2.3963E-09 2.4211E-09 2.4452E-09 2.4684E-09 2.4919E-09 2.5133E-09 2.5317E-09 2.5511E-09 2.5694E-09 2.5867E-09 2.6028E-09 2.6177E-09 2.6315E-09 2.6440E-09 2.6552E-09 2.6633E-09 2.6701E-09 2.6763E-09 2.6812E-09 2.6860E-09 2.6894E-09 2.6913E-09 2.6901E-09 2.6893E-09 2.6858E-09 2.6821E-09 2.6769E-09 2.6689E-09 2.6594E-09 2.6494E-09 2.6379E-09 2.6248E-09 2.6090E-09 2.5927E-09 2.5748E-09 2.5554E-09 2.5334E-09 2.5108E-09 2.4868E-09 2.4604E-09 2.4335E-09 2.4044E-09 2.3749E-09 2.3431E-09 2.3111E-09 2.2778E-09 2.2427E-09
2.1644E-09 2.1961E-09 2.2274E-09 2.2582E-09 2.2886E-09 2.3185E-09 2.3498E-09 2.3797E-09 2.4078E-09 2.4352E-09 2.4619E-09 2.4877E-09 2.5127E-09 2.5368E-09 2.5600E-09 2.5835E-09 2.6046E-09 2.6247E-09 2.6437E-09 2.6603E-09 2.6770E-09 2.6904E-09 2.7008E-09 2.7139E-09 2.7256E-09 2.7360E-09 2.7451E-09 2.7528E-09 2.7591E-09 2.7621E-09 2.7637E-09 2.7645E-09 2.7652E-09 2.7644E-09 2.7621E-09 2.7552E-09 2.7497E-09 2.7414E-09 2.7327E-09 2.7223E-09 2.7093E-09 2.6945E-09 2.6793E-09 2.6624E-09 2.6439E-09 2.6227E-09 2.6009E-09 2.5776E-09 2.5517E-09 2.5254E-09 2.4976E-09 2.4676E-09 2.4371E-09 2.4046E-09 2.3716E-09 2.3364E-09 2.3010E-09
2.2195E-09 2.2545E-09 2.2871E-09 2.3203E-09 2.3520E-09 2.3831E-09 2.4148E-09 2.4446E-09 2.4737E-09 2.5041E-09 2.5316E-09 2.5584E-09 2.5844E-09 2.6094E-09 2.6334E-09 2.6543E-09 2.6763E-09 2.6931E-09 2.7128E-09 2.7313E-09 2.7487E-09 2.7647E-09 2.7795E-09 2.7930E-09 2.8051E-09 2.8138E-09 2.8212E-09 2.8292E-09 2.8325E-09 2.8376E-09 2.8413E-09 2.8434E-09 2.8422E-09 2.8394E-09 2.8370E-09 2.8316E-09 2.8259E-09 2.8167E-09 2.8076E-09 2.7945E-09 2.7820E-09 2.7679E-09 2.7511E-09 2.7324E-09 2.7133E-09 2.6924E-09 2.6699E-09 2.6447E-09 2.6190E-09 2.5917E-09 2.5622E-09 2.5322E-09 2.5000E-09 2.4672E-09 2.4325E-09 2.3972E-09 2.3607E-09
2.2762E-09 2.3138E-09 2.3479E-09 2.3813E-09 2.4143E-09 2.4468E-09 2.4786E-09 2.5118E-09 2.5421E-09 2.5717E-09 2.6004E-09 2.6281E-09 2.6548E-09 2.6804E-09 2.7050E-09 2.7297E-09 2.7519E-09 2.7731E-09 2.7934E-09 2.8125E-09 2.8304E-09 2.8449E-09 2.8588E-09 2.8687E-09 2.8792E-09 2.8904E-09 2.9001E-09 2.9083E-09 2.9131E-09 2.9183E-09 2.9201E-09 2.9204E-09 2.9211E-09 2.9188E-09 2.9142E-09 2.9099E-09 2.9019E-09 2.8941E-09 2.8834E-09 2.8705E-09 2.8576E-09 2.8417E-09 2.8242E-09 2.8060E-09 2.7851E-09 2.7635E-09 2.7391E-09 2.7142E-09 2.6877E-09 2.6587E-09 2.6292E-09 2.5982E-09 2.5650E-09 2.5312E-09 2.4954E-09 2.4591E-09 2.4209E-09
2.3360E-09 2.3739E-09 2.4093E-09 2.4442E-09 2.4786E-09 2.5124E-09 2.5454E-09 2.5790E-09 2.6104E-09 2.6408E-09 2.6703E-09 2.6989E-09 2.7264E-09 2.7530E-09 2.7789E-09 2.8036E-09 2.8271E-09 2.8494E-09 2.8703E-09 2.8894E-09 2.9070E-09 2.9233E-09 2.9385E-09 2.9524E-09 2.9651E-09 2.9745E-09 2.9824E-09 2.9908E-09 2.9957E-09 2.9991E-09 3.0016E-09 3.0019E-09 3.0025E-09 2.9993E-09 2.9964E-09 2.9897E-09 2.9802E-09 2.9720E-09 2.9603E-09 2.9486E-09 2.9338E-09 2.9170E-09 2.9000E-09 2.8811E-09 2.8594E-09 2.8358E-09 2.8109E-09 2.7852E-09 2.7568E-09 2.7280E-09 2.6976E-09 2.6648E-09 2.6315E-09 2.5959E-09 2.5598E-09 2.5217E-09 2.4831E-09
2.4062E-09 2.4433E-09 2.4815E-09 2.5178E-09 2.5534E-09 2.5884E-09 2.6226E-09 2.6563E-09 2.6889E-09 2.7116E-09 2.7426E-09 2.7724E-09 2.8013E-09 2.8291E-09 2.8555E-09 2.8817E-09 2.9051E-09 2.9272E-09 2.9481E-09 2.9683E-09 2.9874E-09 3.0051E-09 3.0212E-09 3.0353E-09 3.0463E-09 3.0576E-09 3.0671E-09 3.0731E-09 3.0797E-09 3.0828E-09 3.0865E-09 3.0866E-09 3.0869E-09 3.0816E-09 3.0771E-09 3.0701E-09 3.0633E-09 3.0527E-09 3.0406E-09 3.0271E-09 3.0129E-09 2.9954E-09 2.9776E-09 2.9555E-09 2.9341E-09 2.9100E-09 2.8851E-09 2.8575E-09 2.8286E-09 2.7989E-09 2.7666E-09 2.7338E-09 2.6994E-09 2.6629E-09 2.6257E-09 2.5865E-09 2.5466E-09
2.4694E-09 2.5083E-09 2.5466E-09 2.5844E-09 2.6216E-09 2.6580E-09 2.6938E-09 2.7299E-09 2.7637E-09 2.7964E-09 2.8280E-09 2.8585E-09 2.8877E-09 2.9156E-09 2.9335E-09 2.9597E-09 2.9848E-09 3.0086E-09 3.0311E-09 3.0518E-09 3.0704E-09 3.0871E-09 3.1028E-09 3.1174E-09 3.1305E-09 3.1422E-09 3.1517E-09 3.1600E-09 3.1668E-09 3.1717E-09 3.1730E-09 3.1731E-09 3.1706E-09 3.1686E-09 3.1627E-09 3.1556E-09 3.1463E-09 3.1340E-09 3.1230E-09 3.1100E-09 3.0921E-09 3.0742E-09 3.0557E-09 3.0339E-09 3.0116E-09 2.9854E-09 2.9598E-09 2.9317E-09 2.9027E-09 2.8703E-09 2.8381E-09 2.8043E-09 2.7681E-09 2.7313E-09 2.6923E-09 2.6527E-09 2.6111E-09
2.5431E-09 2.5835E-09 2.6234E-09 2.6642E-09 2.7027E-09 2.7403E-09 2.7773E-09 2.8132E-09 2.8481E-09 2.8821E-09 2.9056E-09 2.9373E-09 2.9681E-09 2.9976E-09 3.0259E-09 3.0526E-09 3.0775E-09 3.1006E-09 3.1133E-09 3.1339E-09 3.1537E-09 3.1722E-09 3.1893E-09 3.2041E-09 3.2168E-09 3.2283E-09 3.2386E-09 3.2468E-09 3.2531E-09 3.2569E-09 3.2600E-09 3.2609E-09 3.2586E-09 3.2561E-09 3.2498E-09 3.2420E-09 3.2318E-09 3.2203E-09 3.2066E-09 3.1931E-09 3.1747E-09 3.1573E-09 3.1351E-09 3.1139E-09 3.0885E-09 3.0638E-09 3.0374E-09 3.0072E-09 2.9774E-09 2.9451E-09 2.9119E-09 2.8755E-09 2.8393E-09 2.8014E-09 2.7613E-09 2.7205E-09 2.6777E-09
2.6122E-09 2.6544E-09 2.6958E-09 2.7368E-09 2.7768E-09 2.8160E-09 2.8543E-09 2.8916E-09 2.9279E-09 2.9630E-09 2.9968E-09 3.0294E-09 3.0605E-09 3.0902E-09 3.1184E-09 3.1359E-09 3.1617E-09 3.1867E-09 3.2101E-09 3.2320E-09 3.2519E-09 3.2606E-09 3.2767E-09 3.2916E-09 3.3052E-09 3.3170E-09 3.3264E-09 3.3344E-09 3.3409E-09 3.3460E-09 3.3489E-09 3.3487E-09 3.3475E-09 3.3441E-09 3.3374E-09 3.3303E-09 3.3199E-09 3.3091E-09 3.2963E-09 3.2771E-09 3.2606E-09 3.2392E-09 3.2191E-09 3.1959E-09 3.1695E-09 3.1441E-09 3.1146E-09 3.0856E-09 3.0530E-09 3.0206E-09 2.9858E-09 2.9500E-09 2.9120E-09 2.8722E-09 2.8318E-09 2.7891E-09 2.7458E-09
2.6927E-09 2.7367E-09 2.7800E-09 2.8223E-09 2.8638E-09 2.9045E-09 2.9440E-09 2.9826E-09 3.0198E-09 3.0560E-09 3.0907E-09 3.1241E-09 3.1466E-09 3.1775E-09 3.2070E-09 3.2351E-09 3.2618E-09 3.2867E-09 3.3093E-09 3.3209E-09 3.3406E-09 3.3591E-09 3.3761E-09 3.3824E-09 3.3962E-09 3.4077E-09 3.4179E-09 3.4264E-09 3.4321E-09 3.4362E-09 3.4377E-09 3.4386E-09 3.4372E-09 3.4328E-09 3.4274E-09 3.4198E-09 3.4086E-09 3.3970E-09 3.3815E-09 3.3663E-09 3.3487E-09 3.3252E-09 3.3039E-09 3.2782E-09 3.2537E-09 3.2237E-09 3.1957E-09 3.1659E-09 3.1322E-09 3.0978E-09 3.0620E-09 3.0253E-09 2.9862E-09 2.9462E-09 2.9040E-09 2.8601E-09 2.8156E-09
2.7663E-09 2.8123E-09 2.8572E-09 2.9012E-09 2.9444E-09 2.9865E-09 3.0274E-09 3.0672E-09 3.1057E-09 3.1431E-09 3.1790E-09 3.2135E-09 3.2465E-09 3.2781E-09 3.3078E-09 3.3360E-09 3.3624E-09 3.3775E-09 3.4013E-09 3.4238E-09 3.4448E-09 3.4635E-09 3.4706E-09 3.4852E-09 3.4978E-09 3.5089E-09 3.5111E-09 3.5188E-09 3.5249E-09 3.5289E-09 3.5308E-09 3.5308E-09 3.5283E-09 3.5242E-09 3.5183E-09 3.5089E-09 3.4992E-09 3.4868E-09 3.4712E-09 3.4549E-09 3.4348E-09 3.4146E-09 3.3896E-09 3.3661E-09 3.3388E-09 3.3089E-09 3.2799E-09 3.2458E-09 3.2133E-09 3.1770E-09 3.1410E-09 3.1015E-09 3.0621E-09 3.0204E-09 2.9776E-09 2.9328E-09 2.8863E-09
2.8538E-09 2.9015E-09 2.9483E-09 2.9941E-09 3.0388E-09 3.0822E-09 3.1243E-09 3.1653E-09 3.2048E-09 3.2432E-09 3.2800E-09 3.3153E-09 3.3490E-09 3.3713E-09 3.4021E-09 3.4315E-09 3.4591E-09 3.4853E-09 3.5097E-09 3.5316E-09 3.5415E-09 3.5591E-09 3.5754E-09 3.5905E-09 3.6033E-09 3.6060E-09 3.6147E-09 3.6218E-09 3.6204E-09 3.6240E-09 3.6256E-09 3.6249E-09 3.6217E-09 3.6176E-09 3.6104E-09 3.6019E-09 3.5913E-09 3.5769E-09 3.5623E-09 3.5434E-09 3.5249E-09 3.5035E-09 3.4793E-09 3.4543E-09 3.4251E-09 3.3970E-09 3.3626E-09 3.3309E-09 3.2964E-09 3.2590E-09 3.2209E-09 3.1812E-09 3.1398E-09 3.0969E-09 3.0530E-09 3.0069E-09 2.9594E-09
2.9342E-09 2.9837E-09 3.0323E-09 3.0798E-09 3.1259E-09 3.1707E-09 3.2143E-09 3.2565E-09 3.2975E-09 3.3370E-09 3.3751E-09 3.4116E-09 3.4464E-09 3.4796E-09 3.5112E-09 3.5408E-09 3.5684E-09 3.5942E-09 3.6080E-09 3.6301E-09 3.6509E-09 3.6701E-09 3.6868E-09 3.6912E-09 3.7029E-09 3.7130E-09 3.7213E-09 3.7204E-09 3.7250E-09 3.7278E-09 3.7224E-09 3.7217E-09 3.7187E-09 3.7134E-09 3.7048E-09 3.6963E-09 3.6838E-09 3.6709E-09 3.6539E-09 3.6362E-09 3.6165E-09 3.5930E-09 3.5700E-09 3.5423E-09 3.5153E-09 3.4843E-09 3.4518E-09 3.4190E-09 3.3803E-09 3.3430E-09 3.3028E-09 3.2628E-09 3.2194E-09 3.1752E-09 3.1295E-09 3.0827E-09 3.0339E-09
3.0284E-09 3.0801E-09 3.1303E-09 3.1795E-09 3.2272E-09 3.2737E-09 3.3187E-09 3.3623E-09 3.4045E-09 3.4451E-09 3.4841E-09 3.5213E-09 3.5569E-09 3.5907E-09 3.6226E-09 3.6425E-09 3.6712E-09 3.6980E-09 3.7229E-09 3.7458E-09 3.7664E-09 3.7839E-09 3.7892E-09 3.8027E-09 3.8150E-09 3.8250E-09 3.8241E-09 3.8297E-09 3.8334E-09 3.8282E-09 3.8279E-09 3.8201E-09 3.8170E-09 3.8108E-09 3.8036E-09 3.7929E-09 3.7800E-09 3.7662E-09 3.7487E-09 3.7311E-09 3.7087E-09 3.6870E-09 3.6607E-09 3.6343E-09 3.6064E-09 3.5740E-09 3.5413E-09 3.5049E-09 3.4693E-09 3.4304E-09 3.3876E-09 3.3454E-09 3.3017E-09 3.2561E-09 3.2083E-09 3.1597E-09 3.1100E-09
3.1156E-09 3.1691E-09 3.2213E-09 3.2722E-09 3.3219E-09 3.3697E-09 3.4162E-09 3.4611E-09 3.5045E-09 3.5462E-09 3.5864E-09 3.6248E-09 3.6613E-09 3.6960E-09 3.7289E-09 3.7600E-09 3.7890E-09 3.8158E-09 3.8402E-09 3.8623E-09 3.8720E-09 3.8901E-09 3.9067E-09 3.9208E-09 3.9222E-09 3.9308E-09 3.9373E-09 3.9420E-09 3.9373E-09 3.9386E-09 3.9368E-09 3.9277E-09 3.9234E-09 3.9113E-09 3.9032E-09 3.8915E-09 3.8797E-09 3.8623E-09 3.8463E-09 3.8260E-09 3.8051E-09 3.7813E-09 3.7554E-09 3.7279E-09 3.6972E-09 3.6664E-09 3.6317E-09 3.5964E-09 3.5588E-09 3.5177E-09 3.4761E-09 3.4302E-09 3.3860E-09 3.3383E-09 3.2890E-09 3.2390E-09 3.1879E-09
3.2181E-09 3.2736E-09 3.3280E-09 3.3809E-09 3.4319E-09 3.4813E-09 3.5291E-09 3.5754E-09 3.6199E-09 3.6626E-09 3.7036E-09 3.7427E-09 3.7799E-09 3.8153E-09 3.8487E-09 3.8801E-09 3.8987E-09 3.9257E-09 3.9507E-09 3.9733E-09 3.9939E-09 4.0121E-09 4.0272E-09 4.0295E-09 4.0400E-09 4.0492E-09 4.0558E-09 4.0511E-09 4.0528E-09 4.0522E-09 4.0425E-09 4.0380E-09 4.0264E-09 4.0197E-09 4.0047E-09 3.9940E-09 3.9801E-09 3.9638E-09 3.9466E-09 3.9248E-09 3.9040E-09 3.8782E-09 3.8527E-09 3.8235E-09 3.7932E-09 3.7600E-09 3.7249E-09 3.6881E-09 3.6489E-09 3.6082E-09 3.5645E-09 3.5194E-09 3.4720E-09 3.4231E-09 3.3730E-09 3.3200E-09 3.2669E-09
3.3216E-09 3.3793E-09 3.4355E-09 3.4901E-09 3.5430E-09 3.5941E-09 3.6435E-09 3.6912E-09 3.7371E-09 3.7811E-09 3.8232E-09 3.8633E-09 3.9013E-09 3.9303E-09 3.9639E-09 3.9952E-09 4.0240E-09 4.0510E-09 4.0760E-09 4.0983E-09 4.1182E-09 4.1249E-09 4.1402E-09 4.1533E-09 4.1641E-09 4.1719E-09 4.1668E-09 4.1699E-09 4.1713E-09 4.1624E-09 4.1588E-09 4.1521E-09 4.1387E-09 4.1305E-09 4.1146E-09 4.1030E-09 4.0829E-09 4.0679E-09 4.0470E-09 4.0276E-09 4.0033E-09 3.9787E-09 3.9513E-09 3.9217E-09 3.8900E-09 3.8561E-09 3.8203E-09 3.7821E-09 3.7425E-09 3.6992E-09 3.6555E-09 3.6093E-09 3.5595E-09 3.5106E-09 3.4575E-09 3.4029E-09 3.3482E-09
3.4238E-09 3.4837E-09 3.5489E-09 3.6055E-09 3.6603E-09 3.7132E-09 3.7642E-09 3.8134E-09 3.8605E-09 3.8987E-09 3.9417E-09 3.9826E-09 4.0213E-09 4.0575E-09 4.0915E-09 4.1231E-09 4.1523E-09 4.1792E-09 4.1964E-09 4.2176E-09 4.2360E-09 4.2533E-09 4.2684E-09 4.2803E-09 4.2791E-09 4.2864E-09 4.2918E-09 4.2943E-09 4.2852E-09 4.2829E-09 4.2772E-09 4.2639E-09 4.2553E-09 4.2388E-09 4.2281E-09 4.2088E-09 4.1942E-09 4.1734E-09 4.1533E-09 4.1326E-09 4.1072E-09 4.0813E-09 4.0525E-09 4.0229E-09 3.9900E-09 3.9543E-09 3.9171E-09 3.8785E-09 3.8377E-09 3.7924E-09 3.7474E-09 3.7003E-09 3.6494E-09 3.5984E-09 3.5455E-09 3.4875E-09 3.4313E-09
3.5497E-09 3.6122E-09 3.6730E-09 3.7320E-09 3.7890E-09 3.8439E-09 3.8966E-09 3.9474E-09 3.9959E-09 4.0422E-09 4.0861E-09 4.1278E-09 4.1672E-09 4.2041E-09 4.2311E-09 4.2556E-09 4.2803E-09 4.3061E-09 4.3294E-09 4.3504E-09 4.3688E-09 4.3782E-09 4.3911E-09 4.4012E-09 4.4102E-09 4.4170E-09 4.4208E-09 4.4116E-09 4.4112E-09 4.4077E-09 4.3928E-09 4.3850E-09 4.3736E-09 4.3570E-09 4.3449E-09 4.3242E-09 4.3087E-09 4.2843E-09 4.2617E-09 4.2380E-09 4.2148E-09 4.1867E-09 4.1566E-09 4.1253E-09 4.0923E-09 4.0564E-09 4.0169E-09 3.9763E-09 3.9343E-09 3.8901E-09 3.8422E-09 3.7930E-09 3.7428E-09 3.6881E-09 3.6337E-09 3.5772E-09 3.5168E-09
3.6650E-09 3.7301E-09 3.8006E-09 3.8619E-09 3.9211E-09 3.9779E-09 4.0324E-09 4.0846E-09 4.1345E-09 4.1819E-09 4.2268E-09 4.2620E-09 4.3018E-09 4.3389E-09 4.3731E-09 4.4043E-09 4.4327E-09 4.4583E-09 4.4814E-09 4.4874E-09 4.5048E-09 4.5145E-09 4.5265E-09 4.5361E-09 4.5364E-09 4.5407E-09 4.5430E-09 4.5437E-09 4.5412E-09 4.5267E-09 4.5194E-09 4.5098E-09 4.4911E-09 4.4789E-09 4.4578E-09 4.4432E-09 4.4207E-09 4.4013E-09 4.3766E-09 4.3485E-09 4.3238E-09 4.2953E-09 4.2652E-09 4.2309E-09 4.1965E-09 4.1599E-09 4.1203E-09 4.0772E-09 4.0340E-09 3.9884E-09 3.9383E-09 3.8884E-09 3.8363E-09 3.7798E-09 3.7238E-09 3.6657E-09 3.6028E-09
3.7941E-09 3.8693E-09 3.9355E-09 3.9994E-09 4.0609E-09 4.1198E-09 4.1761E-09 4.2300E-09 4.2813E-09 4.3298E-09 4.3757E-09 4.4188E-09 4.4591E-09 4.4963E-09 4.5307E-09 4.5619E-09 4.5824E-09 4.6000E-09 4.6216E-09 4.6400E-09 4.6561E-09 4.6695E-09 4.6662E-09 4.6744E-09 4.6745E-09 4.6768E-09 4.6710E-09 4.6696E-09 4.6654E-09 4.6598E-09 4.6502E-09 4.6304E-09 4.6185E-09 4.6036E-09 4.5823E-09 4.5661E-09 4.5407E-09 4.5210E-09 4.4928E-09 4.4657E-09 4.4345E-09 4.4071E-09 4.3747E-09 4.3410E-09 4.3046E-09 4.2662E-09 4.2257E-09 4.1811E-09 4.1352E-09 4.0882E-09 4.0373E-09 3.9853E-09 3.9316E-09 3.8737E-09 3.8157E-09 3.7560E-09 3.6912E-09
3.9305E-09 4.0015E-09 4.0704E-09 4.1444E-09 4.2086E-09 4.2701E-09 4.3287E-09 4.3845E-09 4.4374E-09 4.4872E-09 4.5340E-09 4.5777E-09 4.6104E-09 4.6475E-09 4.6811E-09 4.7113E-09 4.7385E-09 4.7624E-09 4.7835E-09 4.8015E-09 4.8018E-09 4.8141E-09 4.8219E-09 4.8271E-09 4.8238E-09 4.8178E-09 4.8119E-09 4.8077E-09 4.7955E-09 4.7857E-09 4.7749E-09 4.7642E-09 4.7497E-09 4.7254E-09 4.7095E-09 4.6853E-09 4.6660E-09 4.6389E-09 4.6147E-09 4.5850E-09 4.5500E-09 4.5209E-09 4.4881E-09 4.4535E-09 4.4149E-09 4.3751E-09 4.3331E-09 4.2884E-09 4.2401E-09 4.1911E-09 4.1403E-09 4.0849E-09 4.0290E-09 3.9711E-09 3.9103E-09 3.8481E-09 3.7838E-09
4.0761E-09 4.1508E-09 4.2231E-09 4.2928E-09 4.3597E-09 4.4236E-09 4.4840E-09 4.5412E-09 4.5955E-09 4.6465E-09 4.6942E-09 4.7382E-09 4.7790E-09 4.8162E-09 4.8497E-09 4.8801E-09 4.9067E-09 4.9298E-09 4.9417E-09 4.9574E-09 4.9696E-09 4.9784E-09 4.9851E-09 4.9819E-09 4.9758E-09 4.9726E-09 4.9624E-09 4.9496E-09 4.9376E-09 4.9263E-09 4.9065E-09 4.8911E-09 4.8764E-09 4.8595E-09 4.8411E-09 4.8150E-09 4.7936E-09 4.7650E-09 4.7404E-09 4.7072E-09 4.6673E-09 4.6365E-09 4.6048E-09 4.5677E-09 4.5290E-09 4.4866E-09 4.4441E-09 4.3974E-09 4.3475E-09 4.2961E-09 4.2430E-09 4.1867E-09 4.1290E-09 4.0691E-09 4.0060E-09 3.9428E-09 3.8767E-09
