Assets/Resources/2015_m01_d20_1000(utc+0800)_l00_csi_1hr_conc.grd
DSAA
         159         159
     -79.000      79.000
     -79.000      79.000
  0.1388E-09  0.4282E-05
[rows 0 to 24 of 159, columns 57 to 113 of 159]
1.6215E-09 1.6504E-09 1.6796E-09 1.7084E-09 1.7368E-09 1.7649E-09 1.7924E-09 1.8200E-09 1.8471E-09 1.8736E-09 1.8994E-09 1.9251E-09 1.9503E-09 1.9746E-09 1.9988E-09 2.0221E-09 2.0446E-09 2.0668E-09 2.0880E-09 2.1089E-09 2.1283E-09 2.1475E-09 2.1656E-09 2.1833E-09 2.1995E-09 2.2153E-09 2.2300E-09 2.2440E-09 2.2568E-09 2.2694E-09 2.2801E-09 2.2907E-09 2.3000E-09 2.3082E-09 2.3157E-09 2.3219E-09 2.3274E-09 2.3320E-09 2.3353E-09 2.3376E-09 2.3387E-09 2.3397E-09 2.3390E-09 2.3367E-09 2.3352E-09 2.3318E-09 2.3274E-09 2.3217E-09 2.3155E-09 2.3075E-09 2.2994E-09 2.2910E-09 2.2804E-09 2.2695E-09 2.2574E-09 2.2449E-09 2.2309E-09
1.6569E-09 1.6868E-09 1.7163E-09 1.7453E-09 1.7742E-09 1.8030E-09 1.8314E-09 1.8593E-09 1.8866E-09 1.9138E-09 1.9405E-09 1.9663E-09 1.9920E-09 2.0171E-09 2.0414E-09 2.0653E-09 2.0883E-09 2.1108E-09 2.1324E-09 2.1535E-09 2.1738E-09 2.1933E-09 2.2118E-09 2.2294E-09 2.2464E-09 2.2622E-09 2.2772E-09 2.2919E-09 2.3052E-09 2.3175E-09 2.3293E-09 2.3395E-09 2.3493E-09 2.3573E-09 2.3653E-09 2.3718E-09 2.3771E-09 2.3819E-09 2.3852E-09 2.3883E-09 2.3891E-09 2.3905E-09 2.3893E-09 2.3879E-09 2.3859E-09 2.3824E-09 2.3780E-09 2.3723E-09 2.3661E-09 2.3588E-09 2.3497E-09 2.3408E-09 2.3299E-09 2.3188E-09 2.3072E-09 2.2937E-09 2.2796E-09
1.6921E-09 1.7224E-09 1.7524E-09 1.7823E-09 1.8118E-09 1.8409E-09 1.8697E-09 1.8980E-09 1.9262E-09 1.9537E-09 1.9809E-09 2.0077E-09 2.0336E-09 2.0590E-09 2.0842E-09 2.1083E-09 2.1318E-09 2.1547E-09 2.1770E-09 2.1982E-09 2.2189E-09 2.2385E-09 2.2576E-09 2.2755E-09 2.2928E-09 2.3094E-09 2.3246E-09 2.3394E-09 2.3534E-09 2.3657E-09 2.3778E-09 2.3882E-09 2.3982E-09 2.4072E-09 2.4148E-09 2.4213E-09 2.4273E-09 2.4320E-09 2.4354E-09 2.4386E-09 2.4395E-09 2.4413E-09 2.4401E-09 2.4394E-09 2.4367E-09 2.4334E-09 2.4289E-09 2.4227E-09 2.4165E-09 2.4089E-09 2.3998E-09 2.3906E-09 2.3798E-09 2.3679E-09 2.3559E-09 2.3425E-09 2.3279E-09
1.7271E-09 1.7577E-09 1.7884E-09 1.8189E-09 1.8489E-09 1.8785E-09 1.9078E-09 1.9369E-09 1.9656E-09 1.9936E-09 2.0211E-09 2.0484E-09 2.0748E-09 2.1011E-09 2.1263E-09 2.1511E-09 2.1749E-09 2.1983E-09 2.2210E-09 2.2426E-09 2.2637E-09 2.2837E-09 2.3031E-09 2.3218E-09 2.3392E-09 2.3561E-09 2.3723E-09 2.3869E-09 2.4011E-09 2.4142E-09 2.4260E-09 2.4374E-09 2.4476E-09 2.4564E-09 2.4641E-09 2.4716E-09 2.4772E-09 2.4821E-09 2.4864E-09 2.4892E-09 2.4910E-09 2.4921E-09 2.4917E-09 2.4906E-09 2.4874E-09 2.4841E-09 2.4795E-09 2.4739E-09 2.4669E-09 2.4588E-09 2.4505E-09 2.4402E-09 2.4292E-09 2.4171E-09 2.4042E-09 2.3904E-09 2.3755E-09
1.7616E-09 1.7931E-09 1.8242E-09 1.8550E-09 1.8855E-09 1.9159E-09 1.9459E-09 1.9753E-09 2.0045E-09 2.0333E-09 2.0613E-09 2.0892E-09 2.1159E-09 2.1424E-09 2.1683E-09 2.1936E-09 2.2179E-09 2.2417E-09 2.2645E-09 2.2868E-09 2.3082E-09 2.3286E-09 2.3486E-09 2.3676E-09 2.3855E-09 2.4028E-09 2.4195E-09 2.4342E-09 2.4487E-09 2.4627E-09 2.4744E-09 2.4859E-09 2.4960E-09 2.5057E-09 2.5137E-09 2.5209E-09 2.5282E-09 2.5326E-09 2.5377E-09 2.5399E-09 2.5425E-09 2.5428E-09 2.5424E-09 2.5413E-09 2.5388E-09 2.5348E-09 2.5295E-09 2.5244E-09 2.5170E-09 2.5088E-09 2.4996E-09 2.4892E-09 2.4780E-09 2.4659E-09 2.4528E-09 2.4388E-09 2.4236E-09
1.7962E-09 1.8280E-09 1.8596E-09 1.8912E-09 1.9222E-09 1.9531E-09 1.9835E-09 2.0134E-09 2.0431E-09 2.0724E-09 2.1011E-09 2.1293E-09 2.1569E-09 2.1839E-09 2.2098E-09 2.2355E-09 2.2605E-09 2.2847E-09 2.3079E-09 2.3304E-09 2.3527E-09 2.3739E-09 2.3935E-09 2.4134E-09 2.4323E-09 2.4493E-09 2.4661E-09 2.4824E-09 2.4963E-09 2.5102E-09 2.5226E-09 2.5347E-09 2.5450E-09 2.5546E-09 2.5634E-09 2.5709E-09 2.5784E-09 2.5829E-09 2.5878E-09 2.5904E-09 2.5930E-09 2.5934E-09 2.5932E-09 2.5914E-09 2.5892E-09 2.5852E-09 2.5799E-09 2.5739E-09 2.5665E-09 2.5582E-09 2.5489E-09 2.5385E-09 2.5272E-09 2.5146E-09 2.5013E-09 2.4870E-09 2.4716E-09
1.8300E-09 1.8624E-09 1.8947E-09 1.9268E-09 1.9584E-09 1.9899E-09 2.0209E-09 2.0516E-09 2.0816E-09 2.1113E-09 2.1403E-09 2.1690E-09 2.1971E-09 2.2246E-09 2.2514E-09 2.2773E-09 2.3025E-09 2.3271E-09 2.3514E-09 2.3743E-09 2.3965E-09 2.4185E-09 2.4392E-09 2.4589E-09 2.4779E-09 2.4960E-09 2.5128E-09 2.5290E-09 2.5442E-09 2.5582E-09 2.5709E-09 2.5829E-09 2.5942E-09 2.6044E-09 2.6139E-09 2.6208E-09 2.6281E-09 2.6338E-09 2.6381E-09 2.6416E-09 2.6432E-09 2.6441E-09 2.6437E-09 2.6417E-09 2.6391E-09 2.6348E-09 2.6297E-09 2.6235E-09 2.6162E-09 2.6079E-09 2.5982E-09 2.5879E-09 2.5762E-09 2.5637E-09 2.5499E-09 2.5354E-09 2.5200E-09
1.8637E-09 1.8969E-09 1.9297E-09 1.9621E-09 1.9942E-09 2.0262E-09 2.0578E-09 2.0889E-09 2.1197E-09 2.1499E-09 2.1794E-09 2.2085E-09 2.2369E-09 2.2648E-09 2.2921E-09 2.3187E-09 2.3445E-09 2.3696E-09 2.3941E-09 2.4178E-09 2.4411E-09 2.4629E-09 2.4842E-09 2.5041E-09 2.5237E-09 2.5422E-09 2.5589E-09 2.5754E-09 2.5912E-09 2.6056E-09 2.6193E-09 2.6320E-09 2.6440E-09 2.6533E-09 2.6630E-09 2.6719E-09 2.6779E-09 2.6839E-09 2.6879E-09 2.6912E-09 2.6933E-09 2.6936E-09 2.6933E-09 2.6913E-09 2.6887E-09 2.6845E-09 2.6796E-09 2.6731E-09 2.6660E-09 2.6573E-09 2.6475E-09 2.6372E-09 2.6253E-09 2.6128E-09 2.5989E-09 2.5840E-09 2.5686E-09
1.8972E-09 1.9307E-09 1.9639E-09 1.9972E-09 2.0301E-09 2.0623E-09 2.0944E-09 2.1259E-09 2.1571E-09 2.1878E-09 2.2180E-09 2.2477E-09 2.2765E-09 2.3049E-09 2.3324E-09 2.3594E-09 2.3859E-09 2.4117E-09 2.4364E-09 2.4609E-09 2.4844E-09 2.5070E-09 2.5283E-09 2.5492E-09 2.5687E-09 2.5876E-09 2.6058E-09 2.6226E-09 2.6380E-09 2.6539E-09 2.6675E-09 2.6801E-09 2.6924E-09 2.7037E-09 2.7123E-09 2.7207E-09 2.7273E-09 2.7331E-09 2.7376E-09 2.7404E-09 2.7425E-09 2.7430E-09 2.7427E-09 2.7408E-09 2.7383E-09 2.7341E-09 2.7292E-09 2.7227E-09 2.7156E-09 2.7068E-09 2.6972E-09 2.6865E-09 2.6745E-09 2.6619E-09 2.6478E-09 2.6326E-09 2.6170E-09
1.9300E-09 1.9641E-09 1.9981E-09 2.0317E-09 2.0648E-09 2.0980E-09 2.1306E-09 2.1626E-09 2.1943E-09 2.2255E-09 2.2560E-09 2.2858E-09 2.3156E-09 2.3445E-09 2.3726E-09 2.4003E-09 2.4273E-09 2.4539E-09 2.4795E-09 2.5039E-09 2.5278E-09 2.5505E-09 2.5727E-09 2.5939E-09 2.6133E-09 2.6329E-09 2.6515E-09 2.6691E-09 2.6860E-09 2.7011E-09 2.7158E-09 2.7287E-09 2.7409E-09 2.7518E-09 2.7609E-09 2.7693E-09 2.7761E-09 2.7817E-09 2.7864E-09 2.7896E-09 2.7916E-09 2.7925E-09 2.7921E-09 2.7906E-09 2.7878E-09 2.7839E-09 2.7788E-09 2.7723E-09 2.7652E-09 2.7563E-09 2.7469E-09 2.7359E-09 2.7237E-09 2.7110E-09 2.6968E-09 2.6814E-09 2.6657E-09
1.9627E-09 1.9973E-09 2.0316E-09 2.0657E-09 2.0995E-09 2.1330E-09 2.1659E-09 2.1986E-09 2.2310E-09 2.2625E-09 2.2936E-09 2.3240E-09 2.3540E-09 2.3835E-09 2.4124E-09 2.4405E-09 2.4682E-09 2.4950E-09 2.5211E-09 2.5459E-09 2.5703E-09 2.5938E-09 2.6160E-09 2.6380E-09 2.6590E-09 2.6779E-09 2.6969E-09 2.7152E-09 2.7325E-09 2.7487E-09 2.7634E-09 2.7769E-09 2.7884E-09 2.7997E-09 2.8091E-09 2.8173E-09 2.8246E-09 2.8304E-09 2.8350E-09 2.8384E-09 2.8406E-09 2.8416E-09 2.8414E-09 2.8402E-09 2.8373E-09 2.8334E-09 2.8284E-09 2.8222E-09 2.8148E-09 2.8059E-09 2.7965E-09 2.7853E-09 2.7731E-09 2.7603E-09 2.7459E-09 2.7307E-09 2.7145E-09
1.9949E-09 2.0298E-09 2.0648E-09 2.0994E-09 2.1335E-09 2.1675E-09 2.2013E-09 2.2342E-09 2.2667E-09 2.2989E-09 2.3305E-09 2.3614E-09 2.3924E-09 2.4225E-09 2.4518E-09 2.4811E-09 2.5088E-09 2.5361E-09 2.5622E-09 2.5880E-09 2.6128E-09 2.6363E-09 2.6593E-09 2.6817E-09 2.7031E-09 2.7239E-09 2.7437E-09 2.7617E-09 2.7794E-09 2.7949E-09 2.8099E-09 2.8238E-09 2.8359E-09 2.8468E-09 2.8565E-09 2.8652E-09 2.8725E-09 2.8786E-09 2.8834E-09 2.8870E-09 2.8894E-09 2.8909E-09 2.8905E-09 2.8892E-09 2.8867E-09 2.8829E-09 2.8779E-09 2.8717E-09 2.8644E-09 2.8555E-09 2.8458E-09 2.8349E-09 2.8229E-09 2.8097E-09 2.7952E-09 2.7801E-09 2.7635E-09
2.0262E-09 2.0618E-09 2.0975E-09 2.1324E-09 2.1672E-09 2.2017E-09 2.2355E-09 2.2689E-09 2.3021E-09 2.3350E-09 2.3673E-09 2.3990E-09 2.4302E-09 2.4609E-09 2.4909E-09 2.5202E-09 2.5484E-09 2.5762E-09 2.6032E-09 2.6290E-09 2.6539E-09 2.6786E-09 2.7025E-09 2.7249E-09 2.7471E-09 2.7684E-09 2.7886E-09 2.8074E-09 2.8250E-09 2.8413E-09 2.8561E-09 2.8696E-09 2.8823E-09 2.8938E-09 2.9038E-09 2.9123E-09 2.9199E-09 2.9265E-09 2.9316E-09 2.9357E-09 2.9380E-09 2.9394E-09 2.9395E-09 2.9383E-09 2.9359E-09 2.9326E-09 2.9274E-09 2.9213E-09 2.9137E-09 2.9052E-09 2.8957E-09 2.8845E-09 2.8724E-09 2.8592E-09 2.8446E-09 2.8292E-09 2.8127E-09
2.0573E-09 2.0935E-09 2.1291E-09 2.1648E-09 2.2001E-09 2.2350E-09 2.2693E-09 2.3037E-09 2.3371E-09 2.3704E-09 2.4032E-09 2.4354E-09 2.4673E-09 2.4984E-09 2.5290E-09 2.5583E-09 2.5874E-09 2.6158E-09 2.6429E-09 2.6698E-09 2.6960E-09 2.7212E-09 2.7458E-09 2.7695E-09 2.7922E-09 2.8132E-09 2.8334E-09 2.8519E-09 2.8700E-09 2.8862E-09 2.9016E-09 2.9156E-09 2.9283E-09 2.9399E-09 2.9502E-09 2.9596E-09 2.9675E-09 2.9741E-09 2.9795E-09 2.9836E-09 2.9864E-09 2.9880E-09 2.9886E-09 2.9876E-09 2.9851E-09 2.9816E-09 2.9768E-09 2.9708E-09 2.9636E-09 2.9551E-09 2.9454E-09 2.9342E-09 2.9221E-09 2.9089E-09 2.8942E-09 2.8790E-09 2.8621E-09
2.0877E-09 2.1241E-09 2.1607E-09 2.1968E-09 2.2323E-09 2.2677E-09 2.3028E-09 2.3371E-09 2.3714E-09 2.4055E-09 2.4389E-09 2.4718E-09 2.5046E-09 2.5359E-09 2.5664E-09 2.5968E-09 2.6264E-09 2.6548E-09 2.6831E-09 2.7105E-09 2.7367E-09 2.7627E-09 2.7879E-09 2.8121E-09 2.8346E-09 2.8563E-09 2.8770E-09 2.8960E-09 2.9138E-09 2.9307E-09 2.9464E-09 2.9608E-09 2.9739E-09 2.9861E-09 2.9965E-09 3.0063E-09 3.0145E-09 3.0214E-09 3.0268E-09 3.0315E-09 3.0348E-09 3.0367E-09 3.0369E-09 3.0362E-09 3.0338E-09 3.0308E-09 3.0262E-09 3.0203E-09 3.0131E-09 3.0045E-09 2.9948E-09 2.9840E-09 2.9719E-09 2.9587E-09 2.9440E-09 2.9286E-09 2.9116E-09
2.1174E-09 2.1545E-09 2.1914E-09 2.2277E-09 2.2639E-09 2.2998E-09 2.3353E-09 2.3705E-09 2.4058E-09 2.4398E-09 2.4738E-09 2.5076E-09 2.5400E-09 2.5718E-09 2.6038E-09 2.6342E-09 2.6638E-09 2.6934E-09 2.7222E-09 2.7505E-09 2.7779E-09 2.8045E-09 2.8294E-09 2.8542E-09 2.8770E-09 2.8992E-09 2.9197E-09 2.9390E-09 2.9575E-09 2.9746E-09 2.9905E-09 3.0053E-09 3.0191E-09 3.0316E-09 3.0427E-09 3.0525E-09 3.0608E-09 3.0684E-09 3.0746E-09 3.0791E-09 3.0825E-09 3.0846E-09 3.0851E-09 3.0848E-09 3.0830E-09 3.0799E-09 3.0754E-09 3.0694E-09 3.0624E-09 3.0542E-09 3.0446E-09 3.0338E-09 3.0218E-09 3.0085E-09 2.9938E-09 2.9782E-09 2.9616E-09
2.1466E-09 2.1841E-09 2.2212E-09 2.2584E-09 2.2949E-09 2.3312E-09 2.3674E-09 2.4035E-09 2.4385E-09 2.4744E-09 2.5084E-09 2.5419E-09 2.5752E-09 2.6080E-09 2.6396E-09 2.6704E-09 2.7018E-09 2.7322E-09 2.7611E-09 2.7899E-09 2.8186E-09 2.8450E-09 2.8707E-09 2.8955E-09 2.9185E-09 2.9405E-09 2.9617E-09 2.9818E-09 3.0005E-09 3.0180E-09 3.0344E-09 3.0498E-09 3.0638E-09 3.0765E-09 3.0880E-09 3.0982E-09 3.1073E-09 3.1150E-09 3.1213E-09 3.1264E-09 3.1298E-09 3.1325E-09 3.1338E-09 3.1333E-09 3.1317E-09 3.1288E-09 3.1243E-09 3.1190E-09 3.1122E-09 3.1041E-09 3.0947E-09 3.0837E-09 3.0717E-09 3.0587E-09 3.0440E-09 3.0289E-09 3.0118E-09
2.1750E-09 2.2130E-09 2.2507E-09 2.2882E-09 2.3251E-09 2.3625E-09 2.3992E-09 2.4355E-09 2.4719E-09 2.5070E-09 2.5420E-09 2.5759E-09 2.6098E-09 2.6426E-09 2.6751E-09 2.7072E-09 2.7389E-09 2.7691E-09 2.8001E-09 2.8295E-09 2.8573E-09 2.8845E-09 2.9107E-09 2.9355E-09 2.9590E-09 2.9817E-09 3.0032E-09 3.0234E-09 3.0426E-09 3.0609E-09 3.0779E-09 3.0936E-09 3.1080E-09 3.1211E-09 3.1330E-09 3.1439E-09 3.1532E-09 3.1610E-09 3.1677E-09 3.1734E-09 3.1774E-09 3.1801E-09 3.1815E-09 3.1816E-09 3.1800E-09 3.1776E-09 3.1734E-09 3.1683E-09 3.1617E-09 3.1535E-09 3.1442E-09 3.1338E-09 3.1220E-09 3.1090E-09 3.0947E-09 3.0793E-09 3.0622E-09
2.2028E-09 2.2412E-09 2.2794E-09 2.3171E-09 2.3555E-09 2.3927E-09 2.4300E-09 2.4673E-09 2.5034E-09 2.5393E-09 2.5743E-09 2.6093E-09 2.6437E-09 2.6769E-09 2.7110E-09 2.7432E-09 2.7754E-09 2.8077E-09 2.8377E-09 2.8669E-09 2.8963E-09 2.9235E-09 2.9496E-09 2.9746E-09 2.9989E-09 3.0221E-09 3.0440E-09 3.0648E-09 3.0847E-09 3.1032E-09 3.1205E-09 3.1366E-09 3.1514E-09 3.1653E-09 3.1776E-09 3.1887E-09 3.1984E-09 3.2069E-09 3.2140E-09 3.2200E-09 3.2245E-09 3.2273E-09 3.2290E-09 3.2296E-09 3.2284E-09 3.2263E-09 3.2226E-09 3.2173E-09 3.2108E-09 3.2033E-09 3.1942E-09 3.1840E-09 3.1723E-09 3.1595E-09 3.1450E-09 3.1296E-09 3.1131E-09
2.2298E-09 2.2687E-09 2.3071E-09 2.3463E-09 2.3843E-09 2.4224E-09 2.4606E-09 2.4980E-09 2.5345E-09 2.5705E-09 2.6065E-09 2.6419E-09 2.6763E-09 2.7116E-09 2.7450E-09 2.7784E-09 2.8120E-09 2.8434E-09 2.8747E-09 2.9047E-09 2.9334E-09 2.9610E-09 2.9875E-09 3.0136E-09 3.0381E-09 3.0616E-09 3.0840E-09 3.1055E-09 3.1259E-09 3.1449E-09 3.1627E-09 3.1793E-09 3.1949E-09 3.2090E-09 3.2218E-09 3.2330E-09 3.2435E-09 3.2526E-09 3.2599E-09 3.2661E-09 3.2709E-09 3.2744E-09 3.2765E-09 3.2775E-09 3.2769E-09 3.2746E-09 3.2712E-09 3.2666E-09 3.2604E-09 3.2534E-09 3.2447E-09 3.2343E-09 3.2229E-09 3.2103E-09 3.1963E-09 3.1812E-09 3.1643E-09
2.2562E-09 2.2954E-09 2.3351E-09 2.3743E-09 2.4127E-09 2.4518E-09 2.4900E-09 2.5274E-09 2.5644E-09 2.6014E-09 2.6379E-09 2.6738E-09 2.7097E-09 2.7450E-09 2.7790E-09 2.8138E-09 2.8473E-09 2.8792E-09 2.9106E-09 2.9407E-09 2.9696E-09 2.9979E-09 3.0253E-09 3.0513E-09 3.0764E-09 3.1006E-09 3.1239E-09 3.1457E-09 3.1663E-09 3.1858E-09 3.2044E-09 3.2215E-09 3.2373E-09 3.2519E-09 3.2652E-09 3.2775E-09 3.2881E-09 3.2975E-09 3.3055E-09 3.3118E-09 3.3174E-09 3.3216E-09 3.3238E-09 3.3249E-09 3.3246E-09 3.3227E-09 3.3201E-09 3.3161E-09 3.3104E-09 3.3030E-09 3.2945E-09 3.2843E-09 3.2737E-09 3.2613E-09 3.2475E-09 3.2325E-09 3.2157E-09
2.2817E-09 2.3216E-09 2.3619E-09 2.4011E-09 2.4409E-09 2.4800E-09 2.5187E-09 2.5561E-09 2.5941E-09 2.6316E-09 2.6685E-09 2.7055E-09 2.7419E-09 2.7771E-09 2.8131E-09 2.8478E-09 2.8810E-09 2.9140E-09 2.9453E-09 2.9759E-09 3.0053E-09 3.0342E-09 3.0618E-09 3.0887E-09 3.1143E-09 3.1391E-09 3.1626E-09 3.1849E-09 3.2061E-09 3.2264E-09 3.2453E-09 3.2632E-09 3.2792E-09 3.2943E-09 3.3084E-09 3.3209E-09 3.3321E-09 3.3420E-09 3.3504E-09 3.3578E-09 3.3636E-09 3.3679E-09 3.3709E-09 3.3721E-09 3.3727E-09 3.3719E-09 3.3689E-09 3.3650E-09 3.3597E-09 3.3526E-09 3.3449E-09 3.3355E-09 3.3246E-09 3.3125E-09 3.2985E-09 3.2836E-09 3.2675E-09
2.3067E-09 2.3477E-09 2.3875E-09 2.4281E-09 2.4679E-09 2.5074E-09 2.5457E-09 2.5845E-09 2.6230E-09 2.6609E-09 2.6989E-09 2.7364E-09 2.7727E-09 2.8099E-09 2.8458E-09 2.8810E-09 2.9146E-09 2.9472E-09 2.9792E-09 3.0101E-09 3.0404E-09 3.0697E-09 3.0979E-09 3.1253E-09 3.1515E-09 3.1769E-09 3.2009E-09 3.2238E-09 3.2458E-09 3.2664E-09 3.2858E-09 3.3040E-09 3.3212E-09 3.3368E-09 3.3512E-09 3.3642E-09 3.3759E-09 3.3866E-09 3.3956E-09 3.4032E-09 3.4092E-09 3.4140E-09 3.4179E-09 3.4199E-09 3.4206E-09 3.4200E-09 3.4179E-09 3.4139E-09 3.4095E-09 3.4032E-09 3.3954E-09 3.3863E-09 3.3753E-09 3.3634E-09 3.3507E-09 3.3356E-09 3.3197E-09
2.3316E-09 2.3725E-09 2.4128E-09 2.4538E-09 2.4941E-09 2.5332E-09 2.5729E-09 2.6122E-09 2.6510E-09 2.6893E-09 2.7286E-09 2.7666E-09 2.8042E-09 2.8413E-09 2.8777E-09 2.9123E-09 2.9464E-09 2.9798E-09 3.0120E-09 3.0438E-09 3.0746E-09 3.1043E-09 3.1333E-09 3.1610E-09 3.1880E-09 3.2137E-09 3.2383E-09 3.2621E-09 3.2844E-09 3.3056E-09 3.3255E-09 3.3446E-09 3.3621E-09 3.3783E-09 3.3932E-09 3.4068E-09 3.4194E-09 3.4303E-09 3.4399E-09 3.4480E-09 3.4548E-09 3.4605E-09 3.4647E-09 3.4673E-09 3.4686E-09 3.4680E-09 3.4668E-09 3.4637E-09 3.4593E-09 3.4534E-09 3.4456E-09 3.4368E-09 3.4272E-09 3.4151E-09 3.4027E-09 3.3884E-09 3.3722E-09
2.3553E-09 2.3962E-09 2.4378E-09 2.4788E-09 2.5186E-09 2.5591E-09 2.5992E-09 2.6390E-09 2.6781E-09 2.7184E-09 2.7574E-09 2.7961E-09 2.8343E-09 2.8719E-09 2.9077E-09 2.9433E-09 2.9777E-09 3.0113E-09 3.0444E-09 3.0767E-09 3.1081E-09 3.1384E-09 3.1679E-09 3.1963E-09 3.2236E-09 3.2501E-09 3.2753E-09 3.2994E-09 3.3226E-09 3.3444E-09 3.3650E-09 3.3846E-09 3.4027E-09 3.4195E-09 3.4350E-09 3.4495E-09 3.4624E-09 3.4739E-09 3.4837E-09 3.4929E-09 3.5007E-09 3.5063E-09 3.5110E-09 3.5142E-09 3.5160E-09 3.5163E-09 3.5157E-09 3.5132E-09 3.5087E-09 3.5033E-09 3.4968E-09 3.4881E-09 3.4788E-09 3.4676E-09 3.4545E-09 3.4405E-09 3.4247E-09
