Assets/Resources/2015_m01_d10_0900(utc+0800)_l00_csi_1hr_conc.grd
DSAA
         159         159
     -79.000      79.000
     -79.000      79.000
  0.1457E-08  0.1722E-04
[rows 25 to 49 of 159, columns 0 to 56 of 159]
2.3791E-09 2.4434E-09 2.5099E-09 2.5769E-09 2.6479E-09 2.7212E-09 2.7970E-09 2.8735E-09 2.9544E-09 3.0380E-09 3.1242E-09 3.2113E-09 3.3033E-09 3.3982E-09 3.4960E-09 3.5948E-09 3.7011E-09 3.8086E-09 3.9216E-09 4.0337E-09 4.1538E-09 4.2778E-09 4.4055E-09 4.5373E-09 4.6706E-09 4.8127E-09 4.9542E-09 5.1022E-09 5.2545E-09 5.4110E-09 5.5719E-09 5.7381E-09 5.9122E-09 6.0843E-09 6.2692E-09 6.4705E-09 6.6743E-09 6.8773E-09 7.0790E-09 7.2935E-09 7.5023E-09 7.7157E-09 7.9334E-09 8.1555E-09 8.3818E-09 8.6121E-09 8.8626E-09 9.1181E-09 9.3880E-09 9.7026E-09 9.9768E-09 1.0249E-08 1.0545E-08 1.0867E-08 1.1181E-08 1.1485E-08 1.1795E-08
2.4203E-09 2.4864E-09 2.5548E-09 2.6254E-09 2.6967E-09 2.7721E-09 2.8502E-09 2.9308E-09 3.0141E-09 3.0984E-09 3.1872E-09 3.2790E-09 3.3738E-09 3.4697E-09 3.5706E-09 3.6768E-09 3.7823E-09 3.8933E-09 4.0100E-09 4.1304E-09 4.2547E-09 4.3806E-09 4.5128E-09 4.6467E-09 4.7895E-09 4.9318E-09 5.0832E-09 5.2342E-09 5.3920E-09 5.5544E-09 5.7221E-09 5.8937E-09 6.0720E-09 6.2611E-09 6.4538E-09 6.6629E-09 6.8646E-09 7.0794E-09 7.2967E-09 7.5093E-09 7.7268E-09 7.9490E-09 8.1759E-09 8.4074E-09 8.6434E-09 8.8993E-09 9.1460E-09 9.4215E-09 9.7278E-09 1.0037E-08 1.0318E-08 1.0604E-08 1.0936E-08 1.1276E-08 1.1591E-08 1.1913E-08 1.2241E-08
2.4619E-09 2.5298E-09 2.6001E-09 2.6726E-09 2.7477E-09 2.8235E-09 2.9039E-09 2.9868E-09 3.0726E-09 3.1611E-09 3.2508E-09 3.3454E-09 3.4431E-09 3.5439E-09 3.6459E-09 3.7555E-09 3.8665E-09 3.9833E-09 4.0993E-09 4.2237E-09 4.3521E-09 4.4844E-09 4.6212E-09 4.7597E-09 4.9074E-09 5.0547E-09 5.2089E-09 5.3677E-09 5.5312E-09 5.6994E-09 5.8733E-09 6.0555E-09 6.2361E-09 6.4300E-09 6.6407E-09 6.8509E-09 7.0678E-09 7.2806E-09 7.5067E-09 7.7278E-09 7.9540E-09 8.1853E-09 8.4215E-09 8.6626E-09 8.9231E-09 9.1758E-09 9.4490E-09 9.7525E-09 1.0082E-08 1.0370E-08 1.0664E-08 1.1003E-08 1.1351E-08 1.1676E-08 1.2010E-08 1.2350E-08 1.2694E-08
2.5055E-09 2.5752E-09 2.6457E-09 2.7203E-09 2.7974E-09 2.8772E-09 2.9598E-09 3.0433E-09 3.1315E-09 3.2226E-09 3.3169E-09 3.4123E-09 3.5129E-09 3.6168E-09 3.7261E-09 3.8349E-09 3.9493E-09 4.0697E-09 4.1940E-09 4.3201E-09 4.4503E-09 4.5894E-09 4.7283E-09 4.8738E-09 5.0240E-09 5.1787E-09 5.3384E-09 5.5026E-09 5.6718E-09 5.8467E-09 6.0260E-09 6.2123E-09 6.4099E-09 6.6146E-09 6.8193E-09 7.0413E-09 7.2664E-09 7.4947E-09 7.7190E-09 7.9486E-09 8.1837E-09 8.4241E-09 8.6697E-09 8.9205E-09 9.1924E-09 9.4705E-09 9.7490E-09 1.0104E-08 1.0405E-08 1.0707E-08 1.1035E-08 1.1392E-08 1.1742E-08 1.2085E-08 1.2435E-08 1.2791E-08 1.3154E-08
2.5477E-09 2.6193E-09 2.6933E-09 2.7682E-09 2.8474E-09 2.9295E-09 3.0143E-09 3.1020E-09 3.1909E-09 3.2846E-09 3.3816E-09 3.4818E-09 3.5833E-09 3.6902E-09 3.8028E-09 3.9171E-09 4.0328E-09 4.1569E-09 4.2850E-09 4.4174E-09 4.5541E-09 4.6929E-09 4.8387E-09 4.9890E-09 5.1441E-09 5.3040E-09 5.4689E-09 5.6387E-09 5.8112E-09 5.9947E-09 6.1810E-09 6.3730E-09 6.5752E-09 6.7943E-09 7.0138E-09 7.2403E-09 7.4635E-09 7.7005E-09 7.9331E-09 8.1714E-09 8.4155E-09 8.6651E-09 8.9203E-09 9.1959E-09 9.4641E-09 9.7542E-09 1.0091E-08 1.0425E-08 1.0733E-08 1.1050E-08 1.1413E-08 1.1787E-08 1.2139E-08 1.2499E-08 1.2865E-08 1.3239E-08 1.3622E-08
2.5901E-09 2.6636E-09 2.7395E-09 2.8181E-09 2.8996E-09 2.9820E-09 3.0692E-09 3.1593E-09 3.2525E-09 3.3469E-09 3.4467E-09 3.5497E-09 3.6562E-09 3.7661E-09 3.8800E-09 3.9976E-09 4.1213E-09 4.2468E-09 4.3766E-09 4.5131E-09 4.6540E-09 4.7996E-09 4.9498E-09 5.1050E-09 5.2650E-09 5.4302E-09 5.5979E-09 5.7758E-09 5.9540E-09 6.1436E-09 6.3373E-09 6.5393E-09 6.7416E-09 6.9687E-09 7.1995E-09 7.4307E-09 7.6726E-09 7.9076E-09 8.1487E-09 8.3958E-09 8.6489E-09 8.9078E-09 9.1726E-09 9.4593E-09 9.7533E-09 1.0048E-08 1.0422E-08 1.0743E-08 1.1065E-08 1.1416E-08 1.1812E-08 1.2172E-08 1.2541E-08 1.2916E-08 1.3300E-08 1.3694E-08 1.4099E-08
2.6345E-09 2.7081E-09 2.7860E-09 2.8667E-09 2.9502E-09 3.0367E-09 3.1243E-09 3.2169E-09 3.3126E-09 3.4116E-09 3.5121E-09 3.6180E-09 3.7274E-09 3.8427E-09 3.9576E-09 4.0786E-09 4.2059E-09 4.3374E-09 4.4734E-09 4.6093E-09 4.7568E-09 4.9045E-09 5.0617E-09 5.2193E-09 5.3867E-09 5.5546E-09 5.7327E-09 5.9113E-09 6.1012E-09 6.2944E-09 6.4937E-09 6.7033E-09 6.9268E-09 7.1545E-09 7.3829E-09 7.6258E-09 7.8727E-09 8.1160E-09 8.3656E-09 8.6214E-09 8.8836E-09 9.1519E-09 9.4414E-09 9.7243E-09 1.0030E-08 1.0383E-08 1.0736E-08 1.1063E-08 1.1419E-08 1.1803E-08 1.2185E-08 1.2561E-08 1.2944E-08 1.3337E-08 1.3741E-08 1.4155E-08 1.4579E-08
2.6773E-09 2.7545E-09 2.8327E-09 2.9154E-09 3.0011E-09 3.0897E-09 3.1815E-09 3.2765E-09 3.3729E-09 3.4746E-09 3.5798E-09 3.6886E-09 3.7990E-09 3.9175E-09 4.0378E-09 4.1621E-09 4.2909E-09 4.4262E-09 4.5661E-09 4.7106E-09 4.8602E-09 5.0122E-09 5.1741E-09 5.3365E-09 5.5066E-09 5.6821E-09 5.8631E-09 6.0498E-09 6.2432E-09 6.4459E-09 6.6515E-09 6.8647E-09 7.0991E-09 7.3378E-09 7.5776E-09 7.8181E-09 8.0735E-09 8.3250E-09 8.5832E-09 8.8479E-09 9.1191E-09 9.3968E-09 9.6972E-09 1.0006E-08 1.0316E-08 1.0706E-08 1.1044E-08 1.1387E-08 1.1775E-08 1.2177E-08 1.2560E-08 1.2950E-08 1.3350E-08 1.3762E-08 1.4185E-08 1.4614E-08 1.5061E-08
2.7203E-09 2.7993E-09 2.8812E-09 2.9642E-09 3.0520E-09 3.1430E-09 3.2371E-09 3.3345E-09 3.4334E-09 3.5378E-09 3.6458E-09 3.7574E-09 3.8728E-09 3.9924E-09 4.1161E-09 4.2461E-09 4.3783E-09 4.5151E-09 4.6590E-09 4.8077E-09 4.9615E-09 5.1203E-09 5.2845E-09 5.4540E-09 5.6292E-09 5.8099E-09 5.9964E-09 6.1920E-09 6.3881E-09 6.5970E-09 6.8100E-09 7.0298E-09 7.2684E-09 7.5149E-09 7.7660E-09 8.0217E-09 8.2747E-09 8.5345E-09 8.8011E-09 9.0746E-09 9.3550E-09 9.6570E-09 9.9533E-09 1.0273E-08 1.0634E-08 1.1010E-08 1.1355E-08 1.1729E-08 1.2134E-08 1.2538E-08 1.2934E-08 1.3340E-08 1.3759E-08 1.4189E-08 1.4626E-08 1.5082E-08 1.5544E-08
2.7634E-09 2.8443E-09 2.9281E-09 3.0150E-09 3.1049E-09 3.1963E-09 3.2928E-09 3.3926E-09 3.4940E-09 3.6011E-09 3.7118E-09 3.8264E-09 3.9470E-09 4.0676E-09 4.1945E-09 4.3280E-09 4.4661E-09 4.6089E-09 4.7521E-09 4.9072E-09 5.0629E-09 5.2286E-09 5.3950E-09 5.5718E-09 5.7495E-09 5.9379E-09 6.1274E-09 6.3288E-09 6.5340E-09 6.7458E-09 6.9687E-09 7.2060E-09 7.4517E-09 7.6920E-09 7.9511E-09 8.2149E-09 8.4758E-09 8.7439E-09 9.0190E-09 9.3014E-09 9.5908E-09 9.9033E-09 1.0225E-08 1.0548E-08 1.0953E-08 1.1308E-08 1.1667E-08 1.2073E-08 1.2496E-08 1.2897E-08 1.3308E-08 1.3733E-08 1.4167E-08 1.4612E-08 1.5070E-08 1.5540E-08 1.6021E-08
2.8065E-09 2.8893E-09 2.9751E-09 3.0640E-09 3.1561E-09 3.2515E-09 3.3485E-09 3.4508E-09 3.5568E-09 3.6665E-09 3.7779E-09 3.8954E-09 4.0190E-09 4.1449E-09 4.2729E-09 4.4099E-09 4.5516E-09 4.6982E-09 4.8499E-09 5.0069E-09 5.1668E-09 5.3370E-09 5.5080E-09 5.6896E-09 5.8723E-09 6.0660E-09 6.2608E-09 6.4679E-09 6.6799E-09 6.8979E-09 7.1273E-09 7.3719E-09 7.6249E-09 7.8796E-09 8.1463E-09 8.4078E-09 8.6766E-09 8.9528E-09 9.2365E-09 9.5276E-09 9.8261E-09 1.0149E-08 1.0481E-08 1.0847E-08 1.1244E-08 1.1606E-08 1.1996E-08 1.2419E-08 1.2840E-08 1.3255E-08 1.3683E-08 1.4122E-08 1.4572E-08 1.5031E-08 1.5507E-08 1.6000E-08 1.6501E-08
2.8513E-09 2.9359E-09 3.0220E-09 3.1130E-09 3.2073E-09 3.3050E-09 3.4061E-09 3.5090E-09 3.6175E-09 3.7298E-09 3.8461E-09 3.9663E-09 4.0911E-09 4.2201E-09 4.3535E-09 4.4939E-09 4.6370E-09 4.7874E-09 4.9430E-09 5.1041E-09 5.2705E-09 5.4428E-09 5.6208E-09 5.8049E-09 5.9949E-09 6.1914E-09 6.3940E-09 6.6043E-09 6.8247E-09 7.0498E-09 7.2822E-09 7.5338E-09 7.7941E-09 8.0598E-09 8.3308E-09 8.5999E-09 8.8766E-09 9.1610E-09 9.4530E-09 9.7528E-09 1.0076E-08 1.0393E-08 1.0736E-08 1.1153E-08 1.1529E-08 1.1903E-08 1.2325E-08 1.2763E-08 1.3181E-08 1.3611E-08 1.4053E-08 1.4508E-08 1.4970E-08 1.5447E-08 1.5945E-08 1.6452E-08 1.6978E-08
2.8943E-09 2.9809E-09 3.0689E-09 3.1620E-09 3.2584E-09 3.3583E-09 3.4618E-09 3.5671E-09 3.6781E-09 3.7931E-09 3.9121E-09 4.0352E-09 4.1630E-09 4.2951E-09 4.4340E-09 4.5779E-09 4.7222E-09 4.8764E-09 5.0358E-09 5.2009E-09 5.3716E-09 5.5483E-09 5.7309E-09 5.9197E-09 6.1172E-09 6.3163E-09 6.5277E-09 6.7435E-09 6.9665E-09 7.1976E-09 7.4504E-09 7.6983E-09 7.9625E-09 8.2356E-09 8.5144E-09 8.7909E-09 9.0754E-09 9.3678E-09 9.6682E-09 9.9766E-09 1.0309E-08 1.0652E-08 1.1021E-08 1.1431E-08 1.1812E-08 1.2198E-08 1.2653E-08 1.3088E-08 1.3518E-08 1.3962E-08 1.4420E-08 1.4885E-08 1.5361E-08 1.5862E-08 1.6377E-08 1.6904E-08 1.7444E-08
2.9373E-09 3.0258E-09 3.1175E-09 3.2108E-09 3.3094E-09 3.4115E-09 3.5173E-09 3.6250E-09 3.7385E-09 3.8562E-09 3.9779E-09 4.1061E-09 4.2346E-09 4.3698E-09 4.5121E-09 4.6593E-09 4.8118E-09 4.9696E-09 5.1307E-09 5.2974E-09 5.4748E-09 5.6558E-09 5.8429E-09 6.0364E-09 6.2364E-09 6.4430E-09 6.6598E-09 6.8787E-09 7.1108E-09 7.3514E-09 7.6074E-09 7.8692E-09 8.1402E-09 8.4102E-09 8.6965E-09 8.9805E-09 9.2726E-09 9.5730E-09 9.8816E-09 1.0198E-08 1.0541E-08 1.0894E-08 1.1297E-08 1.1707E-08 1.2093E-08 1.2510E-08 1.2978E-08 1.3407E-08 1.3851E-08 1.4311E-08 1.4777E-08 1.5256E-08 1.5753E-08 1.6274E-08 1.6801E-08 1.7344E-08 1.7895E-08
2.9802E-09 3.0705E-09 3.1642E-09 3.2613E-09 3.3620E-09 3.4645E-09 3.5726E-09 3.6847E-09 3.8008E-09 3.9189E-09 4.0434E-09 4.1745E-09 4.3081E-09 4.4464E-09 4.5897E-09 4.7404E-09 4.8964E-09 5.0579E-09 5.2251E-09 5.3982E-09 5.5773E-09 5.7602E-09 5.9543E-09 6.1524E-09 6.3573E-09 6.5689E-09 6.7886E-09 7.0188E-09 7.2507E-09 7.4973E-09 7.7599E-09 8.0318E-09 8.3097E-09 8.5938E-09 8.8768E-09 9.1681E-09 9.4678E-09 9.7760E-09 1.0093E-08 1.0433E-08 1.0785E-08 1.1133E-08 1.1573E-08 1.1973E-08 1.2371E-08 1.2818E-08 1.3279E-08 1.3721E-08 1.4180E-08 1.4648E-08 1.5127E-08 1.5620E-08 1.6137E-08 1.6670E-08 1.7214E-08 1.7772E-08 1.8341E-08
3.0228E-09 3.1150E-09 3.2106E-09 3.3098E-09 3.4126E-09 3.5191E-09 3.6277E-09 3.7421E-09 3.8607E-09 3.9835E-09 4.1106E-09 4.2425E-09 4.3791E-09 4.5204E-09 4.6691E-09 4.8209E-09 4.9804E-09 5.1455E-09 5.3165E-09 5.4935E-09 5.6767E-09 5.8662E-09 6.0624E-09 6.2650E-09 6.4747E-09 6.6946E-09 6.9161E-09 7.1518E-09 7.3928E-09 7.6452E-09 7.9107E-09 8.1892E-09 8.4740E-09 8.7651E-09 9.0550E-09 9.3535E-09 9.6606E-09 9.9764E-09 1.0301E-08 1.0651E-08 1.1011E-08 1.1400E-08 1.1832E-08 1.2235E-08 1.2644E-08 1.3134E-08 1.3574E-08 1.4031E-08 1.4498E-08 1.4977E-08 1.5468E-08 1.5976E-08 1.6513E-08 1.7052E-08 1.7615E-08 1.8185E-08 1.8779E-08
3.0669E-09 3.1593E-09 3.2568E-09 3.3580E-09 3.4629E-09 3.5716E-09 3.6824E-09 3.7992E-09 3.9202E-09 4.0455E-09 4.1754E-09 4.3100E-09 4.4495E-09 4.5938E-09 4.7457E-09 4.9007E-09 5.0637E-09 5.2324E-09 5.4071E-09 5.5879E-09 5.7752E-09 5.9688E-09 6.1693E-09 6.3790E-09 6.5909E-09 6.8158E-09 7.0456E-09 7.2866E-09 7.5298E-09 7.7880E-09 8.0631E-09 8.3447E-09 8.6361E-09 8.9341E-09 9.2308E-09 9.5362E-09 9.8506E-09 1.0174E-08 1.0506E-08 1.0864E-08 1.1234E-08 1.1656E-08 1.2086E-08 1.2493E-08 1.2926E-08 1.3412E-08 1.3864E-08 1.4330E-08 1.4808E-08 1.5296E-08 1.5802E-08 1.6333E-08 1.6874E-08 1.7432E-08 1.8005E-08 1.8589E-08 1.9199E-08
3.1091E-09 3.2032E-09 3.3027E-09 3.4058E-09 3.5128E-09 3.6236E-09 3.7366E-09 3.8558E-09 3.9792E-09 4.1071E-09 4.2395E-09 4.3770E-09 4.5192E-09 4.6688E-09 4.8239E-09 4.9821E-09 5.1461E-09 5.3183E-09 5.4967E-09 5.6813E-09 5.8725E-09 6.0728E-09 6.2775E-09 6.4892E-09 6.7082E-09 6.9379E-09 7.1702E-09 7.4165E-09 7.6683E-09 7.9394E-09 8.2099E-09 8.4977E-09 8.7957E-09 9.1003E-09 9.4036E-09 9.7159E-09 1.0037E-08 1.0368E-08 1.0723E-08 1.1074E-08 1.1453E-08 1.1893E-08 1.2327E-08 1.2742E-08 1.3202E-08 1.3682E-08 1.4145E-08 1.4621E-08 1.5106E-08 1.5607E-08 1.6127E-08 1.6670E-08 1.7219E-08 1.7794E-08 1.8376E-08 1.8984E-08 1.9598E-08
3.1509E-09 3.2468E-09 3.3481E-09 3.4532E-09 3.5622E-09 3.6752E-09 3.7904E-09 3.9118E-09 4.0377E-09 4.1680E-09 4.3031E-09 4.4432E-09 4.5883E-09 4.7409E-09 4.8989E-09 5.0603E-09 5.2299E-09 5.4033E-09 5.5852E-09 5.7761E-09 5.9711E-09 6.1754E-09 6.3819E-09 6.6004E-09 6.8238E-09 7.0558E-09 7.2954E-09 7.5443E-09 7.8048E-09 8.0816E-09 8.3685E-09 8.6588E-09 8.9630E-09 9.2636E-09 9.5732E-09 9.8921E-09 1.0220E-08 1.0558E-08 1.0921E-08 1.1295E-08 1.1682E-08 1.2125E-08 1.2560E-08 1.2983E-08 1.3470E-08 1.3945E-08 1.4418E-08 1.4899E-08 1.5395E-08 1.5910E-08 1.6436E-08 1.6994E-08 1.7555E-08 1.8141E-08 1.8736E-08 1.9356E-08 1.9986E-08
3.1923E-09 3.2900E-09 3.3931E-09 3.5002E-09 3.6112E-09 3.7263E-09 3.8436E-09 3.9673E-09 4.0955E-09 4.2283E-09 4.3681E-09 4.5109E-09 4.6587E-09 4.8120E-09 4.9731E-09 5.1400E-09 5.3128E-09 5.4919E-09 5.6774E-09 5.8695E-09 6.0683E-09 6.2741E-09 6.4871E-09 6.7074E-09 6.9352E-09 7.1717E-09 7.4195E-09 7.6698E-09 7.9356E-09 8.2178E-09 8.5104E-09 8.8101E-09 9.1169E-09 9.4234E-09 9.7392E-09 1.0064E-08 1.0399E-08 1.0744E-08 1.1114E-08 1.1496E-08 1.1920E-08 1.2356E-08 1.2786E-08 1.3215E-08 1.3732E-08 1.4200E-08 1.4676E-08 1.5167E-08 1.5676E-08 1.6199E-08 1.6742E-08 1.7301E-08 1.7876E-08 1.8470E-08 1.9080E-08 1.9708E-08 2.0354E-08
3.2333E-09 3.3345E-09 3.4395E-09 3.5485E-09 3.6614E-09 3.7768E-09 3.8982E-09 4.0241E-09 4.1546E-09 4.2899E-09 4.4302E-09 4.5755E-09 4.7260E-09 4.8843E-09 5.0462E-09 5.2161E-09 5.3921E-09 5.5745E-09 5.7634E-09 5.9590E-09 6.1615E-09 6.3712E-09 6.5881E-09 6.8125E-09 7.0445E-09 7.2854E-09 7.5379E-09 7.7964E-09 8.0671E-09 8.3546E-09 8.6493E-09 8.9546E-09 9.2672E-09 9.5795E-09 9.9013E-09 1.0233E-08 1.0574E-08 1.0925E-08 1.1302E-08 1.1690E-08 1.2129E-08 1.2573E-08 1.3002E-08 1.3458E-08 1.3969E-08 1.4441E-08 1.4926E-08 1.5426E-08 1.5944E-08 1.6473E-08 1.7028E-08 1.7592E-08 1.8182E-08 1.8781E-08 1.9406E-08 2.0041E-08 2.0704E-08
3.2738E-09 3.3767E-09 3.4835E-09 3.5943E-09 3.7093E-09 3.8266E-09 3.9501E-09 4.0782E-09 4.2110E-09 4.3486E-09 4.4913E-09 4.6392E-09 4.7923E-09 4.9534E-09 5.1181E-09 5.2910E-09 5.4701E-09 5.6557E-09 5.8479E-09 6.0469E-09 6.2530E-09 6.4664E-09 6.6871E-09 6.9155E-09 7.1550E-09 7.4002E-09 7.6571E-09 7.9168E-09 8.1924E-09 8.4849E-09 8.7848E-09 9.0955E-09 9.4137E-09 9.7316E-09 1.0059E-08 1.0396E-08 1.0743E-08 1.1100E-08 1.1483E-08 1.1877E-08 1.2331E-08 1.2774E-08 1.3210E-08 1.3693E-08 1.4194E-08 1.4672E-08 1.5164E-08 1.5675E-08 1.6198E-08 1.6732E-08 1.7301E-08 1.7868E-08 1.8472E-08 1.9079E-08 1.9715E-08 2.0359E-08 2.1033E-08
3.3138E-09 3.4184E-09 3.5269E-09 3.6396E-09 3.7564E-09 3.8756E-09 4.0012E-09 4.1314E-09 4.2664E-09 4.4063E-09 4.5515E-09 4.7018E-09 4.8575E-09 5.0213E-09 5.1887E-09 5.3645E-09 5.5466E-09 5.7353E-09 5.9307E-09 6.1331E-09 6.3426E-09 6.5595E-09 6.7839E-09 7.0162E-09 7.2597E-09 7.5090E-09 7.7703E-09 8.0378E-09 8.3145E-09 8.6118E-09 8.9168E-09 9.2327E-09 9.5562E-09 9.8793E-09 1.0212E-08 1.0555E-08 1.0908E-08 1.1269E-08 1.1657E-08 1.2057E-08 1.2517E-08 1.2967E-08 1.3408E-08 1.3933E-08 1.4408E-08 1.4891E-08 1.5392E-08 1.5909E-08 1.6436E-08 1.6978E-08 1.7554E-08 1.8138E-08 1.8740E-08 1.9361E-08 1.9999E-08 2.0663E-08 2.1337E-08
3.3532E-09 3.4594E-09 3.5697E-09 3.6841E-09 3.8028E-09 3.9239E-09 4.0515E-09 4.1838E-09 4.3209E-09 4.4631E-09 4.6105E-09 4.7633E-09 4.9215E-09 5.0878E-09 5.2579E-09 5.4365E-09 5.6216E-09 5.8132E-09 6.0117E-09 6.2173E-09 6.4302E-09 6.6505E-09 6.8811E-09 7.1170E-09 7.3644E-09 7.6176E-09 7.8805E-09 8.1522E-09 8.4332E-09 8.7352E-09 9.0448E-09 9.3657E-09 9.6942E-09 1.0022E-08 1.0360E-08 1.0708E-08 1.1065E-08 1.1447E-08 1.1840E-08 1.2244E-08 1.2696E-08 1.3151E-08 1.3597E-08 1.4131E-08 1.4610E-08 1.5101E-08 1.5609E-08 1.6129E-08 1.6662E-08 1.7213E-08 1.7792E-08 1.8386E-08 1.8991E-08 1.9626E-08 2.0264E-08 2.0940E-08 2.1623E-08
3.3919E-09 3.4998E-09 3.6117E-09 3.7278E-09 3.8483E-09 3.9713E-09 4.1009E-09 4.2352E-09 4.3744E-09 4.5187E-09 4.6684E-09 4.8235E-09 4.9841E-09 5.1530E-09 5.3257E-09 5.5093E-09 5.6948E-09 5.8894E-09 6.0909E-09 6.2996E-09 6.5156E-09 6.7417E-09 6.9757E-09 7.2151E-09 7.4637E-09 7.7207E-09 7.9875E-09 8.2632E-09 8.5484E-09 8.8547E-09 9.1688E-09 9.4943E-09 9.8276E-09 1.0160E-08 1.0503E-08 1.0855E-08 1.1217E-08 1.1602E-08 1.2000E-08 1.2424E-08 1.2865E-08 1.3325E-08 1.3776E-08 1.4316E-08 1.4801E-08 1.5299E-08 1.5812E-08 1.6336E-08 1.6873E-08 1.7439E-08 1.8013E-08 1.8618E-08 1.9222E-08 1.9865E-08 2.0513E-08 2.1192E-08 2.1890E-08
