Assets/Resources/2015_m01_d20_0200(utc+0800)_l00_csi_1hr_conc.grd
DSAA
         159         159
     -79.000      79.000
     -79.000      79.000
  0.0000E+00  0.6780E-05
[rows 0 to 24 of 159, columns 0 to 56 of 159]
5.5990E-10 6.1442E-10 6.7892E-10 7.4796E-10 8.2921E-10 9.2583E-10 1.0283E-09 1.1393E-09 1.2564E-09 1.3729E-09 1.4957E-09 1.6192E-09 1.7443E-09 1.8713E-09 1.9988E-09 2.1263E-09 2.2530E-09 2.3783E-09 2.5017E-09 2.6243E-09 2.7426E-09 2.8601E-09 2.9723E-09 3.0836E-09 3.1904E-09 3.2946E-09 3.3958E-09 3.4925E-09 3.5863E-09 3.6735E-09 3.7587E-09 3.8374E-09 3.9128E-09 3.9841E-09 4.0499E-09 4.1134E-09 4.1705E-09 4.2250E-09 4.2740E-09 4.3179E-09 4.3599E-09 4.3953E-09 4.4270E-09 4.4560E-09 4.4793E-09 4.5005E-09 4.5170E-09 4.5292E-09 4.5404E-09 4.5458E-09 4.5479E-09 4.5494E-09 4.5455E-09 4.5386E-09 4.5321E-09 4.5202E-09 4.5087E-09
5.8031E-10 6.4159E-10 7.0299E-10 7.7243E-10 8.5816E-10 9.5198E-10 1.0564E-09 1.1742E-09 1.2910E-09 1.4123E-09 1.5371E-09 1.6642E-09 1.7936E-09 1.9244E-09 2.0557E-09 2.1859E-09 2.3163E-09 2.4454E-09 2.5722E-09 2.6974E-09 2.8195E-09 2.9387E-09 3.0536E-09 3.1677E-09 3.2759E-09 3.3825E-09 3.4849E-09 3.5838E-09 3.6786E-09 3.7677E-09 3.8534E-09 3.9330E-09 4.0104E-09 4.0812E-09 4.1485E-09 4.2114E-09 4.2686E-09 4.3239E-09 4.3723E-09 4.4167E-09 4.4580E-09 4.4930E-09 4.5256E-09 4.5530E-09 4.5756E-09 4.5969E-09 4.6121E-09 4.6235E-09 4.6339E-09 4.6385E-09 4.6402E-09 4.6402E-09 4.6352E-09 4.6303E-09 4.6199E-09 4.6068E-09 4.5943E-09
6.0392E-10 6.6491E-10 7.2796E-10 8.0232E-10 8.8360E-10 9.7773E-10 1.0888E-09 1.2051E-09 1.3250E-09 1.4511E-09 1.5781E-09 1.7102E-09 1.8428E-09 1.9764E-09 2.1114E-09 2.2459E-09 2.3798E-09 2.5124E-09 2.6425E-09 2.7702E-09 2.8959E-09 3.0174E-09 3.1359E-09 3.2512E-09 3.3622E-09 3.4708E-09 3.5741E-09 3.6760E-09 3.7709E-09 3.8618E-09 3.9482E-09 4.0287E-09 4.1069E-09 4.1782E-09 4.2471E-09 4.3093E-09 4.3673E-09 4.4222E-09 4.4705E-09 4.5161E-09 4.5560E-09 4.5907E-09 4.6237E-09 4.6498E-09 4.6731E-09 4.6926E-09 4.7070E-09 4.7201E-09 4.7273E-09 4.7309E-09 4.7337E-09 4.7309E-09 4.7248E-09 4.7190E-09 4.7075E-09 4.6956E-09 4.6799E-09
6.2539E-10 6.8723E-10 7.5467E-10 8.2838E-10 9.1025E-10 1.0079E-09 1.1165E-09 1.2356E-09 1.3613E-09 1.4884E-09 1.6199E-09 1.7545E-09 1.8906E-09 2.0288E-09 2.1674E-09 2.3057E-09 2.4423E-09 2.5783E-09 2.7124E-09 2.8427E-09 2.9719E-09 3.0957E-09 3.2174E-09 3.3345E-09 3.4482E-09 3.5582E-09 3.6637E-09 3.7668E-09 3.8630E-09 3.9565E-09 4.0429E-09 4.1254E-09 4.2033E-09 4.2751E-09 4.3446E-09 4.4070E-09 4.4666E-09 4.5203E-09 4.5685E-09 4.6148E-09 4.6539E-09 4.6895E-09 4.7208E-09 4.7465E-09 4.7705E-09 4.7881E-09 4.8017E-09 4.8142E-09 4.8205E-09 4.8232E-09 4.8251E-09 4.8213E-09 4.8165E-09 4.8076E-09 4.7949E-09 4.7828E-09 4.7652E-09
6.4536E-10 7.0918E-10 7.8170E-10 8.5440E-10 9.3759E-10 1.0362E-09 1.1450E-09 1.2674E-09 1.3945E-09 1.5247E-09 1.6613E-09 1.7979E-09 1.9392E-09 2.0803E-09 2.2226E-09 2.3646E-09 2.5050E-09 2.6443E-09 2.7819E-09 2.9153E-09 3.0469E-09 3.1734E-09 3.2987E-09 3.4174E-09 3.5339E-09 3.6452E-09 3.7530E-09 3.8572E-09 3.9554E-09 4.0497E-09 4.1372E-09 4.2213E-09 4.2994E-09 4.3730E-09 4.4418E-09 4.5045E-09 4.5650E-09 4.6181E-09 4.6669E-09 4.7125E-09 4.7513E-09 4.7880E-09 4.8177E-09 4.8428E-09 4.8664E-09 4.8833E-09 4.8974E-09 4.9079E-09 4.9133E-09 4.9170E-09 4.9162E-09 4.9114E-09 4.9065E-09 4.8957E-09 4.8828E-09 4.8690E-09 4.8502E-09
6.6489E-10 7.3608E-10 8.0566E-10 8.8053E-10 9.6794E-10 1.0630E-09 1.1729E-09 1.2977E-09 1.4267E-09 1.5630E-09 1.7005E-09 1.8419E-09 1.9855E-09 2.1303E-09 2.2764E-09 2.4221E-09 2.5668E-09 2.7090E-09 2.8500E-09 2.9872E-09 3.1213E-09 3.2514E-09 3.3786E-09 3.4997E-09 3.6192E-09 3.7319E-09 3.8420E-09 3.9471E-09 4.0473E-09 4.1425E-09 4.2310E-09 4.3168E-09 4.3950E-09 4.4698E-09 4.5385E-09 4.6022E-09 4.6624E-09 4.7154E-09 4.7657E-09 4.8098E-09 4.8483E-09 4.8849E-09 4.9141E-09 4.9400E-09 4.9618E-09 4.9779E-09 4.9927E-09 5.0012E-09 5.0057E-09 5.0093E-09 5.0069E-09 5.0018E-09 4.9953E-09 4.9835E-09 4.9719E-09 4.9547E-09 4.9348E-09
6.8468E-10 7.5739E-10 8.2904E-10 9.1084E-10 9.9519E-10 1.0906E-09 1.2026E-09 1.3264E-09 1.4601E-09 1.5981E-09 1.7386E-09 1.8850E-09 2.0308E-09 2.1808E-09 2.3298E-09 2.4787E-09 2.6276E-09 2.7735E-09 2.9171E-09 3.0582E-09 3.1949E-09 3.3284E-09 3.4577E-09 3.5819E-09 3.7032E-09 3.8178E-09 3.9303E-09 4.0366E-09 4.1387E-09 4.2345E-09 4.3254E-09 4.4111E-09 4.4900E-09 4.5661E-09 4.6346E-09 4.7000E-09 4.7591E-09 4.8121E-09 4.8631E-09 4.9064E-09 4.9461E-09 4.9811E-09 5.0098E-09 5.0367E-09 5.0566E-09 5.0720E-09 5.0863E-09 5.0938E-09 5.0981E-09 5.1004E-09 5.0970E-09 5.0934E-09 5.0836E-09 5.0707E-09 5.0583E-09 5.0400E-09 5.0215E-09
7.0794E-10 7.7805E-10 8.5172E-10 9.3608E-10 1.0217E-09 1.1207E-09 1.2308E-09 1.3554E-09 1.4915E-09 1.6319E-09 1.7778E-09 1.9257E-09 2.0757E-09 2.2286E-09 2.3815E-09 2.5347E-09 2.6866E-09 2.8367E-09 2.9831E-09 3.1275E-09 3.2673E-09 3.4044E-09 3.5358E-09 3.6633E-09 3.7862E-09 3.9033E-09 4.0174E-09 4.1249E-09 4.2292E-09 4.3257E-09 4.4185E-09 4.5045E-09 4.5854E-09 4.6610E-09 4.7299E-09 4.7965E-09 4.8550E-09 4.9096E-09 4.9592E-09 5.0023E-09 5.0432E-09 5.0765E-09 5.1055E-09 5.1314E-09 5.1506E-09 5.1668E-09 5.1791E-09 5.1858E-09 5.1914E-09 5.1907E-09 5.1864E-09 5.1821E-09 5.1713E-09 5.1598E-09 5.1441E-09 5.1247E-09 5.1062E-09
7.2606E-10 7.9800E-10 8.7871E-10 9.6074E-10 1.0483E-09 1.1478E-09 1.2581E-09 1.3852E-09 1.5211E-09 1.6657E-09 1.8147E-09 1.9651E-09 2.1207E-09 2.2751E-09 2.4330E-09 2.5893E-09 2.7443E-09 2.8986E-09 3.0484E-09 3.1964E-09 3.3384E-09 3.4791E-09 3.6126E-09 3.7434E-09 3.8680E-09 3.9879E-09 4.1032E-09 4.2129E-09 4.3181E-09 4.4158E-09 4.5105E-09 4.5969E-09 4.6793E-09 4.7549E-09 4.8250E-09 4.8913E-09 4.9499E-09 5.0054E-09 5.0543E-09 5.0972E-09 5.1380E-09 5.1710E-09 5.2011E-09 5.2252E-09 5.2438E-09 5.2609E-09 5.2710E-09 5.2769E-09 5.2819E-09 5.2803E-09 5.2767E-09 5.2700E-09 5.2582E-09 5.2468E-09 5.2292E-09 5.2104E-09 5.1894E-09
7.4344E-10 8.1712E-10 9.0008E-10 9.8418E-10 1.0771E-09 1.1749E-09 1.2882E-09 1.4126E-09 1.5496E-09 1.6985E-09 1.8494E-09 2.0052E-09 2.1623E-09 2.3207E-09 2.4816E-09 2.6415E-09 2.8010E-09 2.9583E-09 3.1122E-09 3.2629E-09 3.4087E-09 3.5518E-09 3.6880E-09 3.8221E-09 3.9484E-09 4.0711E-09 4.1876E-09 4.2997E-09 4.4057E-09 4.5053E-09 4.6007E-09 4.6880E-09 4.7720E-09 4.8476E-09 4.9190E-09 4.9849E-09 5.0437E-09 5.1001E-09 5.1483E-09 5.1925E-09 5.2318E-09 5.2644E-09 5.2950E-09 5.3179E-09 5.3367E-09 5.3526E-09 5.3620E-09 5.3685E-09 5.3714E-09 5.3690E-09 5.3663E-09 5.3570E-09 5.3451E-09 5.3321E-09 5.3135E-09 5.2956E-09 5.2719E-09
7.5999E-10 8.4022E-10 9.2048E-10 1.0093E-09 1.1018E-09 1.2009E-09 1.3149E-09 1.4400E-09 1.5801E-09 1.7284E-09 1.8838E-09 2.0426E-09 2.2022E-09 2.3662E-09 2.5284E-09 2.6927E-09 2.8559E-09 3.0161E-09 3.1735E-09 3.3276E-09 3.4773E-09 3.6228E-09 3.7626E-09 3.8986E-09 4.0279E-09 4.1529E-09 4.2705E-09 4.3849E-09 4.4918E-09 4.5935E-09 4.6894E-09 4.7784E-09 4.8627E-09 4.9390E-09 5.0124E-09 5.0772E-09 5.1370E-09 5.1929E-09 5.2410E-09 5.2867E-09 5.3243E-09 5.3574E-09 5.3870E-09 5.4095E-09 5.4292E-09 5.4432E-09 5.4518E-09 5.4592E-09 5.4599E-09 5.4565E-09 5.4533E-09 5.4431E-09 5.4321E-09 5.4165E-09 5.3969E-09 5.3783E-09 5.3535E-09
7.7798E-10 8.5779E-10 9.3980E-10 1.0307E-09 1.1253E-09 1.2292E-09 1.3409E-09 1.4686E-09 1.6067E-09 1.7568E-09 1.9167E-09 2.0773E-09 2.2424E-09 2.4077E-09 2.5740E-09 2.7419E-09 2.9080E-09 3.0719E-09 3.2336E-09 3.3903E-09 3.5439E-09 3.6918E-09 3.8351E-09 3.9731E-09 4.1048E-09 4.2321E-09 4.3524E-09 4.4686E-09 4.5762E-09 4.6799E-09 4.7764E-09 4.8672E-09 4.9518E-09 5.0295E-09 5.1029E-09 5.1680E-09 5.2296E-09 5.2842E-09 5.3323E-09 5.3781E-09 5.4155E-09 5.4490E-09 5.4777E-09 5.4996E-09 5.5198E-09 5.5324E-09 5.5404E-09 5.5473E-09 5.5472E-09 5.5458E-09 5.5392E-09 5.5280E-09 5.5173E-09 5.4999E-09 5.4812E-09 5.4600E-09 5.4343E-09
7.9590E-10 8.7428E-10 9.6067E-10 1.0508E-09 1.1494E-09 1.2536E-09 1.3664E-09 1.4944E-09 1.6324E-09 1.7866E-09 1.9463E-09 2.1115E-09 2.2794E-09 2.4471E-09 2.6190E-09 2.7881E-09 2.9586E-09 3.1261E-09 3.2913E-09 3.4507E-09 3.6077E-09 3.7586E-09 3.9056E-09 4.0455E-09 4.1805E-09 4.3093E-09 4.4323E-09 4.5497E-09 4.6594E-09 4.7646E-09 4.8615E-09 4.9541E-09 5.0390E-09 5.1183E-09 5.1916E-09 5.2571E-09 5.3198E-09 5.3738E-09 5.4235E-09 5.4678E-09 5.5050E-09 5.5400E-09 5.5668E-09 5.5891E-09 5.6083E-09 5.6203E-09 5.6292E-09 5.6341E-09 5.6331E-09 5.6320E-09 5.6238E-09 5.6136E-09 5.6005E-09 5.5821E-09 5.5646E-09 5.5407E-09 5.5149E-09
8.0980E-10 8.8962E-10 9.7775E-10 1.0696E-09 1.1709E-09 1.2764E-09 1.3932E-09 1.5190E-09 1.6593E-09 1.8121E-09 1.9738E-09 2.1438E-09 2.3134E-09 2.4857E-09 2.6596E-09 2.8327E-09 3.0067E-09 3.1770E-09 3.3459E-09 3.5094E-09 3.6697E-09 3.8229E-09 3.9729E-09 4.1156E-09 4.2538E-09 4.3842E-09 4.5093E-09 4.6285E-09 4.7405E-09 4.8464E-09 4.9453E-09 5.0391E-09 5.1242E-09 5.2052E-09 5.2783E-09 5.3450E-09 5.4075E-09 5.4616E-09 5.5122E-09 5.5558E-09 5.5935E-09 5.6277E-09 5.6542E-09 5.6770E-09 5.6951E-09 5.7066E-09 5.7166E-09 5.7193E-09 5.7186E-09 5.7161E-09 5.7070E-09 5.6981E-09 5.6824E-09 5.6641E-09 5.6451E-09 5.6203E-09 5.5957E-09
8.2184E-10 9.0644E-10 9.9349E-10 1.0897E-09 1.1901E-09 1.2988E-09 1.4163E-09 1.5422E-09 1.6833E-09 1.8358E-09 2.0023E-09 2.1722E-09 2.3456E-09 2.5222E-09 2.6976E-09 2.8762E-09 3.0514E-09 3.2259E-09 3.3977E-09 3.5653E-09 3.7282E-09 3.8853E-09 4.0383E-09 4.1837E-09 4.3245E-09 4.4566E-09 4.5846E-09 4.7049E-09 4.8185E-09 4.9259E-09 5.0267E-09 5.1210E-09 5.2071E-09 5.2899E-09 5.3628E-09 5.4309E-09 5.4930E-09 5.5473E-09 5.5990E-09 5.6417E-09 5.6803E-09 5.7136E-09 5.7398E-09 5.7640E-09 5.7801E-09 5.7919E-09 5.8008E-09 5.8029E-09 5.8035E-09 5.7986E-09 5.7888E-09 5.7794E-09 5.7628E-09 5.7459E-09 5.7243E-09 5.6986E-09 5.6744E-09
8.3343E-10 9.1941E-10 1.0078E-09 1.1056E-09 1.2077E-09 1.3197E-09 1.4376E-09 1.5673E-09 1.7056E-09 1.8600E-09 2.0257E-09 2.1981E-09 2.3770E-09 2.5545E-09 2.7344E-09 2.9148E-09 3.0931E-09 3.2726E-09 3.4464E-09 3.6175E-09 3.7837E-09 3.9447E-09 4.0999E-09 4.2482E-09 4.3917E-09 4.5269E-09 4.6571E-09 4.7786E-09 4.8947E-09 5.0028E-09 5.1050E-09 5.2005E-09 5.2884E-09 5.3714E-09 5.4450E-09 5.5145E-09 5.5762E-09 5.6316E-09 5.6828E-09 5.7255E-09 5.7650E-09 5.7974E-09 5.8242E-09 5.8475E-09 5.8633E-09 5.8755E-09 5.8833E-09 5.8848E-09 5.8860E-09 5.8795E-09 5.8710E-09 5.8592E-09 5.8419E-09 5.8254E-09 5.8021E-09 5.7767E-09 5.7510E-09
8.4580E-10 9.3101E-10 1.0234E-09 1.1199E-09 1.2262E-09 1.3373E-09 1.4568E-09 1.5876E-09 1.7262E-09 1.8817E-09 2.0470E-09 2.2243E-09 2.4034E-09 2.5846E-09 2.7685E-09 2.9504E-09 3.1333E-09 3.3147E-09 3.4918E-09 3.6679E-09 3.8360E-09 4.0002E-09 4.1584E-09 4.3104E-09 4.4558E-09 4.5934E-09 4.7259E-09 4.8501E-09 4.9680E-09 5.0769E-09 5.1812E-09 5.2772E-09 5.3671E-09 5.4502E-09 5.5245E-09 5.5957E-09 5.6570E-09 5.7135E-09 5.7642E-09 5.8070E-09 5.8475E-09 5.8790E-09 5.9065E-09 5.9289E-09 5.9443E-09 5.9580E-09 5.9637E-09 5.9657E-09 5.9657E-09 5.9586E-09 5.9506E-09 5.9373E-09 5.9203E-09 5.9024E-09 5.8784E-09 5.8545E-09 5.8262E-09
8.5561E-10 9.4117E-10 1.0348E-09 1.1325E-09 1.2403E-09 1.3528E-09 1.4769E-09 1.6060E-09 1.7477E-09 1.9003E-09 2.0674E-09 2.2451E-09 2.4266E-09 2.6134E-09 2.7981E-09 2.9836E-09 3.1702E-09 3.3534E-09 3.5345E-09 3.7133E-09 3.8847E-09 4.0537E-09 4.2135E-09 4.3691E-09 4.5164E-09 4.6574E-09 4.7912E-09 4.9182E-09 5.0375E-09 5.1487E-09 5.2544E-09 5.3509E-09 5.4428E-09 5.5261E-09 5.6022E-09 5.6733E-09 5.7350E-09 5.7929E-09 5.8431E-09 5.8877E-09 5.9268E-09 5.9582E-09 5.9865E-09 6.0080E-09 6.0240E-09 6.0367E-09 6.0421E-09 6.0448E-09 6.0434E-09 6.0357E-09 6.0285E-09 6.0136E-09 5.9982E-09 5.9779E-09 5.9531E-09 5.9300E-09 5.9000E-09
8.6342E-10 9.5125E-10 1.0443E-09 1.1452E-09 1.2525E-09 1.3681E-09 1.4919E-09 1.6225E-09 1.7650E-09 1.9171E-09 2.0857E-09 2.2629E-09 2.4498E-09 2.6366E-09 2.8243E-09 3.0150E-09 3.2023E-09 3.3884E-09 3.5752E-09 3.7549E-09 3.9305E-09 4.1021E-09 4.2648E-09 4.4233E-09 4.5734E-09 4.7178E-09 4.8532E-09 4.9824E-09 5.1036E-09 5.2172E-09 5.3236E-09 5.4213E-09 5.5155E-09 5.5990E-09 5.6768E-09 5.7479E-09 5.8111E-09 5.8696E-09 5.9191E-09 5.9650E-09 6.0033E-09 6.0347E-09 6.0641E-09 6.0846E-09 6.1014E-09 6.1132E-09 6.1182E-09 6.1228E-09 6.1191E-09 6.1131E-09 6.1035E-09 6.0881E-09 6.0735E-09 6.0516E-09 6.0274E-09 6.0029E-09 5.9723E-09
8.6983E-10 9.5982E-10 1.0524E-09 1.1550E-09 1.2623E-09 1.3802E-09 1.5040E-09 1.6394E-09 1.7796E-09 1.9348E-09 2.1003E-09 2.2786E-09 2.4669E-09 2.6565E-09 2.8500E-09 3.0405E-09 3.2306E-09 3.4227E-09 3.6096E-09 3.7926E-09 3.9739E-09 4.1462E-09 4.3130E-09 4.4745E-09 4.6265E-09 4.7736E-09 4.9114E-09 5.0436E-09 5.1661E-09 5.2813E-09 5.3894E-09 5.4893E-09 5.5839E-09 5.6684E-09 5.7483E-09 5.8193E-09 5.8841E-09 5.9423E-09 5.9922E-09 6.0394E-09 6.0771E-09 6.1104E-09 6.1382E-09 6.1587E-09 6.1763E-09 6.1872E-09 6.1930E-09 6.1965E-09 6.1925E-09 6.1873E-09 6.1764E-09 6.1616E-09 6.1458E-09 6.1234E-09 6.1011E-09 6.0741E-09 6.0430E-09
8.7549E-10 9.6552E-10 1.0602E-09 1.1623E-09 1.2726E-09 1.3894E-09 1.5139E-09 1.6509E-09 1.7919E-09 1.9470E-09 2.1121E-09 2.2931E-09 2.4806E-09 2.6740E-09 2.8689E-09 3.0623E-09 3.2575E-09 3.4502E-09 3.6397E-09 3.8283E-09 4.0106E-09 4.1862E-09 4.3576E-09 4.5206E-09 4.6763E-09 4.8260E-09 4.9663E-09 5.1001E-09 5.2246E-09 5.3425E-09 5.4514E-09 5.5536E-09 5.6487E-09 5.7353E-09 5.8163E-09 5.8873E-09 5.9538E-09 6.0118E-09 6.0631E-09 6.1099E-09 6.1479E-09 6.1824E-09 6.2095E-09 6.2299E-09 6.2486E-09 6.2585E-09 6.2654E-09 6.2679E-09 6.2635E-09 6.2594E-09 6.2472E-09 6.2332E-09 6.2162E-09 6.1933E-09 6.1721E-09 6.1436E-09 6.1132E-09
8.8028E-10 9.6888E-10 1.0662E-09 1.1676E-09 1.2794E-09 1.3962E-09 1.5246E-09 1.6596E-09 1.8047E-09 1.9568E-09 2.1245E-09 2.3023E-09 2.4908E-09 2.6878E-09 2.8840E-09 3.0802E-09 3.2788E-09 3.4732E-09 3.6664E-09 3.8583E-09 4.0429E-09 4.2232E-09 4.3971E-09 4.5623E-09 4.7233E-09 4.8733E-09 5.0162E-09 5.1528E-09 5.2797E-09 5.3989E-09 5.5093E-09 5.6141E-09 5.7096E-09 5.7974E-09 5.8797E-09 5.9517E-09 6.0191E-09 6.0779E-09 6.1307E-09 6.1772E-09 6.2154E-09 6.2504E-09 6.2777E-09 6.2992E-09 6.3172E-09 6.3271E-09 6.3352E-09 6.3366E-09 6.3332E-09 6.3281E-09 6.3156E-09 6.3027E-09 6.2844E-09 6.2624E-09 6.2400E-09 6.2112E-09 6.1831E-09
8.8241E-10 9.7131E-10 1.0689E-09 1.1717E-09 1.2831E-09 1.4022E-09 1.5299E-09 1.6656E-09 1.8115E-09 1.9639E-09 2.1314E-09 2.3089E-09 2.5003E-09 2.6963E-09 2.8950E-09 3.0970E-09 3.2950E-09 3.4920E-09 3.6904E-09 3.8826E-09 4.0704E-09 4.2558E-09 4.4311E-09 4.6000E-09 4.7631E-09 4.9160E-09 5.0630E-09 5.2006E-09 5.3297E-09 5.4517E-09 5.5630E-09 5.6695E-09 5.7664E-09 5.8566E-09 5.9392E-09 6.0131E-09 6.0817E-09 6.1403E-09 6.1948E-09 6.2410E-09 6.2806E-09 6.3161E-09 6.3428E-09 6.3654E-09 6.3828E-09 6.3927E-09 6.4023E-09 6.4026E-09 6.4004E-09 6.3943E-09 6.3828E-09 6.3701E-09 6.3504E-09 6.3295E-09 6.3060E-09 6.2769E-09 6.2500E-09
8.8302E-10 9.7421E-10 1.0700E-09 1.1750E-09 1.2849E-09 1.4057E-09 1.5324E-09 1.6712E-09 1.8154E-09 1.9711E-09 2.1351E-09 2.3117E-09 2.5036E-09 2.7008E-09 2.9039E-09 3.1061E-09 3.3069E-09 3.5095E-09 3.7074E-09 3.9022E-09 4.0964E-09 4.2816E-09 4.4601E-09 4.6346E-09 4.7982E-09 4.9537E-09 5.1042E-09 5.2435E-09 5.3757E-09 5.4991E-09 5.6133E-09 5.7215E-09 5.8189E-09 5.9115E-09 5.9945E-09 6.0706E-09 6.1394E-09 6.1988E-09 6.2542E-09 6.3011E-09 6.3422E-09 6.3774E-09 6.4044E-09 6.4285E-09 6.4452E-09 6.4566E-09 6.4654E-09 6.4657E-09 6.4650E-09 6.4579E-09 6.4476E-09 6.4338E-09 6.4140E-09 6.3946E-09 6.3698E-09 6.3419E-09 6.3140E-09
8.8210E-10 9.7337E-10 1.0693E-09 1.1745E-09 1.2853E-09 1.4056E-09 1.5321E-09 1.6717E-09 1.8163E-09 1.9726E-09 2.1360E-09 2.3148E-09 2.5031E-09 2.7011E-09 2.9069E-09 3.1108E-09 3.3155E-09 3.5192E-09 3.7193E-09 3.9192E-09 4.1140E-09 4.3022E-09 4.4863E-09 4.6615E-09 4.8281E-09 4.9887E-09 5.1398E-09 5.2815E-09 5.4178E-09 5.5417E-09 5.6588E-09 5.7679E-09 5.8669E-09 5.9610E-09 6.0454E-09 6.1229E-09 6.1929E-09 6.2543E-09 6.3107E-09 6.3574E-09 6.4002E-09 6.4351E-09 6.4636E-09 6.4882E-09 6.5044E-09 6.5173E-09 6.5254E-09 6.5271E-09 6.5268E-09 6.5186E-09 6.5098E-09 6.4951E-09 6.4765E-09 6.4574E-09 6.4315E-09 6.4049E-09 6.3760E-09
