Assets/Resources/2015_m01_d20_1900(utc+0800)_l00_csi_1hr_conc.grd
DSAA
         159         159
     -79.000      79.000
     -79.000      79.000
  0.6650E-10  0.3053E-04
[rows 125 to 149 of 159, columns 0 to 56 of 159]
7.2970E-09 7.5479E-09 7.8043E-09 8.0624E-09 8.3240E-09 8.5901E-09 8.8569E-09 9.1254E-09 9.3958E-09 9.6691E-09 9.9411E-09 1.0213E-08 1.0485E-08 1.0756E-08 1.1025E-08 1.1292E-08 1.1556E-08 1.1816E-08 1.2071E-08 1.2320E-08 1.2564E-08 1.2800E-08 1.3028E-08 1.3248E-08 1.3456E-08 1.3652E-08 1.3834E-08 1.4000E-08 1.4149E-08 1.4280E-08 1.4392E-08 1.4483E-08 1.4555E-08 1.4608E-08 1.4642E-08 1.4658E-08 1.4658E-08 1.4645E-08 1.4621E-08 1.4587E-08 1.4544E-08 1.4494E-08 1.4437E-08 1.4376E-08 1.4311E-08 1.4242E-08 1.4171E-08 1.4100E-08 1.4026E-08 1.3948E-08 1.3872E-08 1.3789E-08 1.3706E-08 1.3619E-08 1.3527E-08 1.3431E-08 1.3329E-08
7.1521E-09 7.3968E-09 7.6460E-09 7.8991E-09 8.1544E-09 8.4124E-09 8.6744E-09 8.9377E-09 9.2022E-09 9.4701E-09 9.7367E-09 1.0004E-08 1.0271E-08 1.0536E-08 1.0801E-08 1.1063E-08 1.1323E-08 1.1579E-08 1.1831E-08 1.2077E-08 1.2318E-08 1.2552E-08 1.2779E-08 1.2995E-08 1.3201E-08 1.3396E-08 1.3577E-08 1.3743E-08 1.3892E-08 1.4024E-08 1.4136E-08 1.4230E-08 1.4304E-08 1.4359E-08 1.4396E-08 1.4416E-08 1.4423E-08 1.4417E-08 1.4399E-08 1.4370E-08 1.4333E-08 1.4288E-08 1.4238E-08 1.4182E-08 1.4120E-08 1.4057E-08 1.3994E-08 1.3927E-08 1.3855E-08 1.3784E-08 1.3709E-08 1.3631E-08 1.3552E-08 1.3468E-08 1.3379E-08 1.3286E-08 1.3187E-08
7.0060E-09 7.2445E-09 7.4869E-09 7.7340E-09 7.9848E-09 8.2366E-09 8.4917E-09 8.7498E-09 9.0084E-09 9.2685E-09 9.5294E-09 9.7908E-09 1.0052E-08 1.0313E-08 1.0573E-08 1.0830E-08 1.1085E-08 1.1337E-08 1.1585E-08 1.1827E-08 1.2065E-08 1.2296E-08 1.2519E-08 1.2733E-08 1.2938E-08 1.3131E-08 1.3310E-08 1.3474E-08 1.3623E-08 1.3753E-08 1.3866E-08 1.3960E-08 1.4036E-08 1.4093E-08 1.4134E-08 1.4159E-08 1.4171E-08 1.4170E-08 1.4157E-08 1.4134E-08 1.4102E-08 1.4063E-08 1.4017E-08 1.3965E-08 1.3911E-08 1.3854E-08 1.3794E-08 1.3731E-08 1.3666E-08 1.3599E-08 1.3526E-08 1.3455E-08 1.3378E-08 1.3298E-08 1.3213E-08 1.3122E-08 1.3023E-08
6.8618E-09 7.0945E-09 7.3302E-09 7.5694E-09 7.8137E-09 8.0592E-09 8.3094E-09 8.5600E-09 8.8124E-09 9.0664E-09 9.3214E-09 9.5770E-09 9.8328E-09 1.0088E-08 1.0342E-08 1.0595E-08 1.0845E-08 1.1092E-08 1.1336E-08 1.1575E-08 1.1808E-08 1.2035E-08 1.2254E-08 1.2465E-08 1.2666E-08 1.2856E-08 1.3031E-08 1.3194E-08 1.3340E-08 1.3470E-08 1.3582E-08 1.3676E-08 1.3753E-08 1.3813E-08 1.3857E-08 1.3886E-08 1.3901E-08 1.3904E-08 1.3896E-08 1.3878E-08 1.3851E-08 1.3816E-08 1.3775E-08 1.3731E-08 1.3683E-08 1.3631E-08 1.3575E-08 1.3516E-08 1.3457E-08 1.3392E-08 1.3327E-08 1.3258E-08 1.3186E-08 1.3109E-08 1.3026E-08 1.2936E-08 1.2842E-08
6.7176E-09 6.9432E-09 7.1741E-09 7.4071E-09 7.6450E-09 7.8841E-09 8.1260E-09 8.3701E-09 8.6161E-09 8.8638E-09 9.1126E-09 9.3620E-09 9.6142E-09 9.8639E-09 1.0112E-08 1.0359E-08 1.0604E-08 1.0845E-08 1.1083E-08 1.1317E-08 1.1545E-08 1.1767E-08 1.1981E-08 1.2188E-08 1.2385E-08 1.2571E-08 1.2744E-08 1.2903E-08 1.3047E-08 1.3174E-08 1.3285E-08 1.3380E-08 1.3458E-08 1.3520E-08 1.3566E-08 1.3597E-08 1.3616E-08 1.3623E-08 1.3619E-08 1.3605E-08 1.3582E-08 1.3552E-08 1.3518E-08 1.3480E-08 1.3436E-08 1.3388E-08 1.3337E-08 1.3286E-08 1.3230E-08 1.3169E-08 1.3110E-08 1.3044E-08 1.2975E-08 1.2901E-08 1.2820E-08 1.2734E-08 1.2642E-08
6.5745E-09 6.7945E-09 7.0185E-09 7.2450E-09 7.4748E-09 7.7074E-09 7.9427E-09 8.1803E-09 8.4207E-09 8.6648E-09 8.9075E-09 9.1508E-09 9.3943E-09 9.6373E-09 9.8791E-09 1.0119E-08 1.0358E-08 1.0594E-08 1.0826E-08 1.1054E-08 1.1277E-08 1.1493E-08 1.1703E-08 1.1905E-08 1.2097E-08 1.2278E-08 1.2447E-08 1.2603E-08 1.2744E-08 1.2870E-08 1.2980E-08 1.3074E-08 1.3152E-08 1.3214E-08 1.3261E-08 1.3295E-08 1.3316E-08 1.3326E-08 1.3325E-08 1.3315E-08 1.3298E-08 1.3275E-08 1.3246E-08 1.3211E-08 1.3171E-08 1.3131E-08 1.3085E-08 1.3036E-08 1.2985E-08 1.2931E-08 1.2875E-08 1.2812E-08 1.2747E-08 1.2675E-08 1.2598E-08 1.2515E-08 1.2426E-08
6.4334E-09 6.6465E-09 6.8632E-09 7.0833E-09 7.3066E-09 7.5328E-09 7.7634E-09 7.9947E-09 8.2278E-09 8.4626E-09 8.6985E-09 8.9352E-09 9.1721E-09 9.4090E-09 9.6448E-09 9.8791E-09 1.0111E-08 1.0341E-08 1.0567E-08 1.0789E-08 1.1005E-08 1.1216E-08 1.1420E-08 1.1616E-08 1.1803E-08 1.1979E-08 1.2144E-08 1.2296E-08 1.2434E-08 1.2557E-08 1.2665E-08 1.2757E-08 1.2834E-08 1.2896E-08 1.2944E-08 1.2979E-08 1.3003E-08 1.3015E-08 1.3018E-08 1.3014E-08 1.3002E-08 1.2983E-08 1.2957E-08 1.2927E-08 1.2895E-08 1.2857E-08 1.2816E-08 1.2772E-08 1.2726E-08 1.2679E-08 1.2624E-08 1.2565E-08 1.2503E-08 1.2434E-08 1.2360E-08 1.2281E-08 1.2195E-08
6.2910E-09 6.4979E-09 6.7083E-09 6.9230E-09 7.1407E-09 7.3605E-09 7.5827E-09 7.8073E-09 8.0336E-09 8.2617E-09 8.4909E-09 8.7210E-09 8.9511E-09 9.1810E-09 9.4100E-09 9.6374E-09 9.8628E-09 1.0086E-08 1.0305E-08 1.0520E-08 1.0730E-08 1.0934E-08 1.1132E-08 1.1322E-08 1.1504E-08 1.1675E-08 1.1835E-08 1.1983E-08 1.2117E-08 1.2236E-08 1.2341E-08 1.2431E-08 1.2507E-08 1.2568E-08 1.2616E-08 1.2652E-08 1.2678E-08 1.2694E-08 1.2702E-08 1.2701E-08 1.2692E-08 1.2676E-08 1.2656E-08 1.2633E-08 1.2602E-08 1.2570E-08 1.2535E-08 1.2495E-08 1.2455E-08 1.2410E-08 1.2359E-08 1.2305E-08 1.2245E-08 1.2179E-08 1.2110E-08 1.2034E-08 1.1949E-08
6.1452E-09 6.3463E-09 6.5508E-09 6.7581E-09 6.9682E-09 7.1813E-09 7.3966E-09 7.6143E-09 7.8338E-09 8.0549E-09 8.2770E-09 8.4999E-09 8.7228E-09 8.9456E-09 9.1673E-09 9.3876E-09 9.6058E-09 9.8215E-09 1.0034E-08 1.0242E-08 1.0446E-08 1.0644E-08 1.0835E-08 1.1020E-08 1.1195E-08 1.1361E-08 1.1515E-08 1.1658E-08 1.1787E-08 1.1903E-08 1.2005E-08 1.2093E-08 1.2167E-08 1.2227E-08 1.2276E-08 1.2314E-08 1.2342E-08 1.2362E-08 1.2372E-08 1.2373E-08 1.2368E-08 1.2359E-08 1.2344E-08 1.2322E-08 1.2298E-08 1.2271E-08 1.2239E-08 1.2207E-08 1.2171E-08 1.2128E-08 1.2081E-08 1.2031E-08 1.1974E-08 1.1913E-08 1.1846E-08 1.1771E-08 1.1692E-08
6.0012E-09 6.1955E-09 6.3930E-09 6.5937E-09 6.7975E-09 7.0047E-09 7.2132E-09 7.4240E-09 7.6365E-09 7.8504E-09 8.0654E-09 8.2810E-09 8.4967E-09 8.7121E-09 8.9264E-09 9.1393E-09 9.3502E-09 9.5585E-09 9.7635E-09 9.9646E-09 1.0161E-08 1.0352E-08 1.0537E-08 1.0714E-08 1.0883E-08 1.1043E-08 1.1192E-08 1.1329E-08 1.1454E-08 1.1565E-08 1.1664E-08 1.1749E-08 1.1822E-08 1.1882E-08 1.1931E-08 1.1971E-08 1.2000E-08 1.2021E-08 1.2033E-08 1.2039E-08 1.2039E-08 1.2033E-08 1.2019E-08 1.2004E-08 1.1986E-08 1.1963E-08 1.1936E-08 1.1908E-08 1.1873E-08 1.1834E-08 1.1794E-08 1.1746E-08 1.1694E-08 1.1636E-08 1.1570E-08 1.1500E-08 1.1424E-08
5.8570E-09 6.0451E-09 6.2368E-09 6.4315E-09 6.6284E-09 6.8280E-09 7.0297E-09 7.2335E-09 7.4389E-09 7.6464E-09 7.8545E-09 8.0628E-09 8.2710E-09 8.4789E-09 8.6858E-09 8.8912E-09 9.0944E-09 9.2952E-09 9.4927E-09 9.6864E-09 9.8755E-09 1.0059E-08 1.0237E-08 1.0407E-08 1.0569E-08 1.0722E-08 1.0865E-08 1.0997E-08 1.1117E-08 1.1225E-08 1.1320E-08 1.1403E-08 1.1474E-08 1.1534E-08 1.1582E-08 1.1622E-08 1.1652E-08 1.1675E-08 1.1691E-08 1.1700E-08 1.1702E-08 1.1697E-08 1.1690E-08 1.1680E-08 1.1665E-08 1.1646E-08 1.1626E-08 1.1600E-08 1.1569E-08 1.1535E-08 1.1495E-08 1.1451E-08 1.1404E-08 1.1348E-08 1.1286E-08 1.1218E-08 1.1142E-08
5.7195E-09 5.9019E-09 6.0869E-09 6.2749E-09 6.4653E-09 6.6582E-09 6.8532E-09 7.0511E-09 7.2495E-09 7.4491E-09 7.6495E-09 7.8504E-09 8.0512E-09 8.2514E-09 8.4507E-09 8.6484E-09 8.8440E-09 9.0369E-09 9.2267E-09 9.4127E-09 9.5942E-09 9.7704E-09 9.9403E-09 1.0103E-08 1.0259E-08 1.0405E-08 1.0542E-08 1.0668E-08 1.0783E-08 1.0887E-08 1.0979E-08 1.1059E-08 1.1128E-08 1.1185E-08 1.1233E-08 1.1273E-08 1.1305E-08 1.1329E-08 1.1347E-08 1.1357E-08 1.1361E-08 1.1362E-08 1.1360E-08 1.1353E-08 1.1340E-08 1.1326E-08 1.1308E-08 1.1284E-08 1.1258E-08 1.1227E-08 1.1191E-08 1.1152E-08 1.1105E-08 1.1051E-08 1.0994E-08 1.0927E-08 1.0854E-08
5.5769E-09 5.7528E-09 5.9315E-09 6.1138E-09 6.2988E-09 6.4852E-09 6.6733E-09 6.8632E-09 7.0545E-09 7.2468E-09 7.4399E-09 7.6333E-09 7.8266E-09 8.0192E-09 8.2107E-09 8.4006E-09 8.5885E-09 8.7737E-09 8.9558E-09 9.1341E-09 9.3080E-09 9.4765E-09 9.6390E-09 9.7950E-09 9.9437E-09 1.0084E-08 1.0214E-08 1.0335E-08 1.0445E-08 1.0544E-08 1.0632E-08 1.0710E-08 1.0776E-08 1.0832E-08 1.0880E-08 1.0920E-08 1.0953E-08 1.0978E-08 1.0996E-08 1.1008E-08 1.1018E-08 1.1022E-08 1.1023E-08 1.1017E-08 1.1010E-08 1.1000E-08 1.0982E-08 1.0964E-08 1.0943E-08 1.0913E-08 1.0881E-08 1.0844E-08 1.0799E-08 1.0750E-08 1.0692E-08 1.0629E-08 1.0561E-08
5.4398E-09 5.6107E-09 5.7844E-09 5.9596E-09 6.1370E-09 6.3165E-09 6.4979E-09 6.6815E-09 6.8661E-09 7.0513E-09 7.2370E-09 7.4229E-09 7.6087E-09 7.7936E-09 7.9774E-09 8.1595E-09 8.3395E-09 8.5168E-09 8.6910E-09 8.8615E-09 9.0275E-09 9.1883E-09 9.3434E-09 9.4922E-09 9.6335E-09 9.7669E-09 9.8916E-09 1.0007E-08 1.0111E-08 1.0206E-08 1.0290E-08 1.0364E-08 1.0428E-08 1.0483E-08 1.0530E-08 1.0569E-08 1.0601E-08 1.0628E-08 1.0647E-08 1.0663E-08 1.0675E-08 1.0682E-08 1.0683E-08 1.0683E-08 1.0679E-08 1.0669E-08 1.0656E-08 1.0642E-08 1.0621E-08 1.0595E-08 1.0566E-08 1.0529E-08 1.0489E-08 1.0441E-08 1.0386E-08 1.0327E-08 1.0260E-08
5.3054E-09 5.4696E-09 5.6362E-09 5.8051E-09 5.9762E-09 6.1501E-09 6.3248E-09 6.5008E-09 6.6780E-09 6.8561E-09 7.0348E-09 7.2133E-09 7.3914E-09 7.5686E-09 7.7444E-09 7.9185E-09 8.0907E-09 8.2601E-09 8.4265E-09 8.5891E-09 8.7475E-09 8.9010E-09 9.0490E-09 9.1905E-09 9.3248E-09 9.4516E-09 9.5701E-09 9.6791E-09 9.7787E-09 9.8687E-09 9.9490E-09 1.0020E-08 1.0081E-08 1.0134E-08 1.0180E-08 1.0219E-08 1.0252E-08 1.0278E-08 1.0300E-08 1.0318E-08 1.0330E-08 1.0338E-08 1.0345E-08 1.0347E-08 1.0343E-08 1.0336E-08 1.0329E-08 1.0315E-08 1.0296E-08 1.0275E-08 1.0246E-08 1.0213E-08 1.0175E-08 1.0128E-08 1.0078E-08 1.0020E-08 9.9555E-09
5.1702E-09 5.3284E-09 5.4894E-09 5.6535E-09 5.8185E-09 5.9849E-09 6.1529E-09 6.3221E-09 6.4923E-09 6.6631E-09 6.8342E-09 7.0052E-09 7.1758E-09 7.3457E-09 7.5141E-09 7.6806E-09 7.8449E-09 8.0063E-09 8.1648E-09 8.3197E-09 8.4703E-09 8.6163E-09 8.7568E-09 8.8909E-09 9.0183E-09 9.1387E-09 9.2507E-09 9.3540E-09 9.4485E-09 9.5340E-09 9.6103E-09 9.6779E-09 9.7368E-09 9.7878E-09 9.8325E-09 9.8698E-09 9.9032E-09 9.9316E-09 9.9552E-09 9.9709E-09 9.9866E-09 9.9983E-09 1.0007E-08 1.0007E-08 1.0007E-08 1.0006E-08 9.9981E-09 9.9863E-09 9.9722E-09 9.9505E-09 9.9246E-09 9.8940E-09 9.8556E-09 9.8149E-09 9.7661E-09 9.7099E-09 9.6504E-09
5.0370E-09 5.1904E-09 5.3451E-09 5.5018E-09 5.6602E-09 5.8201E-09 5.9815E-09 6.1439E-09 6.3082E-09 6.4725E-09 6.6368E-09 6.8005E-09 6.9636E-09 7.1257E-09 7.2864E-09 7.4450E-09 7.6014E-09 7.7550E-09 7.9056E-09 8.0527E-09 8.1958E-09 8.3342E-09 8.4671E-09 8.5938E-09 8.7143E-09 8.8281E-09 8.9345E-09 9.0324E-09 9.1219E-09 9.2030E-09 9.2755E-09 9.3397E-09 9.3962E-09 9.4461E-09 9.4883E-09 9.5266E-09 9.5597E-09 9.5882E-09 9.6093E-09 9.6300E-09 9.6470E-09 9.6603E-09 9.6640E-09 9.6717E-09 9.6762E-09 9.6755E-09 9.6677E-09 9.6600E-09 9.6463E-09 9.6261E-09 9.6043E-09 9.5738E-09 9.5393E-09 9.4999E-09 9.4523E-09 9.4008E-09 9.3425E-09
4.9051E-09 5.0518E-09 5.2007E-09 5.3512E-09 5.5035E-09 5.6580E-09 5.8138E-09 5.9695E-09 6.1259E-09 6.2827E-09 6.4395E-09 6.5959E-09 6.7517E-09 6.9063E-09 7.0595E-09 7.2106E-09 7.3594E-09 7.5054E-09 7.6483E-09 7.7879E-09 7.9235E-09 8.0546E-09 8.1806E-09 8.3007E-09 8.4147E-09 8.5224E-09 8.6225E-09 8.7150E-09 8.7997E-09 8.8764E-09 8.9455E-09 9.0071E-09 9.0598E-09 9.1078E-09 9.1504E-09 9.1877E-09 9.2203E-09 9.2458E-09 9.2710E-09 9.2925E-09 9.3107E-09 9.3190E-09 9.3317E-09 9.3410E-09 9.3439E-09 9.3433E-09 9.3411E-09 9.3335E-09 9.3194E-09 9.3047E-09 9.2812E-09 9.2544E-09 9.2227E-09 9.1827E-09 9.1405E-09 9.0908E-09 9.0336E-09
4.7743E-09 4.9155E-09 5.0587E-09 5.2042E-09 5.3504E-09 5.4977E-09 5.6461E-09 5.7953E-09 5.9449E-09 6.0948E-09 6.2446E-09 6.3939E-09 6.5424E-09 6.6897E-09 6.8355E-09 6.9793E-09 7.1209E-09 7.2597E-09 7.3955E-09 7.5277E-09 7.6560E-09 7.7799E-09 7.8987E-09 8.0120E-09 8.1198E-09 8.2211E-09 8.3155E-09 8.4029E-09 8.4832E-09 8.5561E-09 8.6201E-09 8.6787E-09 8.7307E-09 8.7768E-09 8.8178E-09 8.8509E-09 8.8834E-09 8.9121E-09 8.9375E-09 8.9562E-09 8.9726E-09 8.9893E-09 9.0031E-09 9.0107E-09 9.0146E-09 9.0178E-09 9.0159E-09 9.0073E-09 8.9984E-09 8.9835E-09 8.9618E-09 8.9390E-09 8.9065E-09 8.8702E-09 8.8285E-09 8.7790E-09 8.7250E-09
4.6456E-09 4.7816E-09 4.9190E-09 5.0579E-09 5.1981E-09 5.3393E-09 5.4814E-09 5.6241E-09 5.7671E-09 5.9102E-09 6.0533E-09 6.1959E-09 6.3375E-09 6.4776E-09 6.6161E-09 6.7525E-09 6.8866E-09 7.0181E-09 7.1465E-09 7.2716E-09 7.3928E-09 7.5096E-09 7.6215E-09 7.7284E-09 7.8300E-09 7.9257E-09 8.0149E-09 8.0974E-09 8.1714E-09 8.2404E-09 8.3026E-09 8.3582E-09 8.4077E-09 8.4484E-09 8.4883E-09 8.5240E-09 8.5559E-09 8.5843E-09 8.6032E-09 8.6264E-09 8.6470E-09 8.6645E-09 8.6742E-09 8.6840E-09 8.6917E-09 8.6950E-09 8.6918E-09 8.6884E-09 8.6794E-09 8.6640E-09 8.6476E-09 8.6224E-09 8.5932E-09 8.5601E-09 8.5184E-09 8.4720E-09 8.4215E-09
4.5161E-09 4.6465E-09 4.7783E-09 4.9114E-09 5.0457E-09 5.1808E-09 5.3166E-09 5.4539E-09 5.5904E-09 5.7269E-09 5.8631E-09 5.9986E-09 6.1331E-09 6.2663E-09 6.3976E-09 6.5269E-09 6.6538E-09 6.7781E-09 6.8996E-09 7.0177E-09 7.1320E-09 7.2423E-09 7.3481E-09 7.4490E-09 7.5446E-09 7.6345E-09 7.7185E-09 7.7946E-09 7.8661E-09 7.9311E-09 7.9899E-09 8.0392E-09 8.0868E-09 8.1294E-09 8.1678E-09 8.2025E-09 8.2268E-09 8.2558E-09 8.2821E-09 8.3055E-09 8.3264E-09 8.3376E-09 8.3526E-09 8.3652E-09 8.3732E-09 8.3745E-09 8.3761E-09 8.3728E-09 8.3630E-09 8.3524E-09 8.3349E-09 8.3112E-09 8.2862E-09 8.2517E-09 8.2131E-09 8.1696E-09 8.1191E-09
4.3890E-09 4.5140E-09 4.6404E-09 4.7679E-09 4.8964E-09 5.0256E-09 5.1554E-09 5.2855E-09 5.4157E-09 5.5458E-09 5.6754E-09 5.8042E-09 5.9320E-09 6.0584E-09 6.1831E-09 6.3058E-09 6.4261E-09 6.5438E-09 6.6584E-09 6.7698E-09 6.8776E-09 6.9814E-09 7.0809E-09 7.1757E-09 7.2655E-09 7.3500E-09 7.4274E-09 7.5007E-09 7.5680E-09 7.6259E-09 7.6818E-09 7.7321E-09 7.7773E-09 7.8181E-09 7.8514E-09 7.8823E-09 7.9136E-09 7.9421E-09 7.9681E-09 7.9897E-09 8.0055E-09 8.0239E-09 8.0399E-09 8.0507E-09 8.0573E-09 8.0636E-09 8.0653E-09 8.0605E-09 8.0553E-09 8.0438E-09 8.0258E-09 8.0073E-09 7.9793E-09 7.9474E-09 7.9109E-09 7.8689E-09 7.8206E-09
4.2654E-09 4.3854E-09 4.5064E-09 4.6285E-09 4.7514E-09 4.8750E-09 4.9989E-09 5.1230E-09 5.2471E-09 5.3709E-09 5.4942E-09 5.6166E-09 5.7379E-09 5.8577E-09 5.9758E-09 6.0919E-09 6.2055E-09 6.3166E-09 6.4247E-09 6.5296E-09 6.6309E-09 6.7285E-09 6.8219E-09 6.9109E-09 6.9952E-09 7.0729E-09 7.1472E-09 7.2160E-09 7.2759E-09 7.3341E-09 7.3868E-09 7.4343E-09 7.4736E-09 7.5099E-09 7.5460E-09 7.5790E-09 7.6094E-09 7.6368E-09 7.6554E-09 7.6788E-09 7.6999E-09 7.7193E-09 7.7306E-09 7.7424E-09 7.7525E-09 7.7586E-09 7.7582E-09 7.7576E-09 7.7518E-09 7.7392E-09 7.7263E-09 7.7044E-09 7.6789E-09 7.6507E-09 7.6132E-09 7.5736E-09 7.5271E-09
4.1402E-09 4.2551E-09 4.3709E-09 4.4876E-09 4.6049E-09 4.7228E-09 4.8410E-09 4.9592E-09 5.0773E-09 5.1950E-09 5.3121E-09 5.4283E-09 5.5432E-09 5.6567E-09 5.7684E-09 5.8781E-09 5.9854E-09 6.0901E-09 6.1920E-09 6.2907E-09 6.3860E-09 6.4776E-09 6.5654E-09 6.6489E-09 6.7265E-09 6.8012E-09 6.8709E-09 6.9341E-09 6.9924E-09 7.0472E-09 7.0952E-09 7.1373E-09 7.1771E-09 7.2151E-09 7.2497E-09 7.2811E-09 7.3035E-09 7.3310E-09 7.3563E-09 7.3799E-09 7.4013E-09 7.4141E-09 7.4304E-09 7.4447E-09 7.4546E-09 7.4578E-09 7.4615E-09 7.4604E-09 7.4531E-09 7.4450E-09 7.4302E-09 7.4091E-09 7.3868E-09 7.3575E-09 7.3218E-09 7.2835E-09 7.2392E-09
4.0171E-09 4.1269E-09 4.2377E-09 4.3492E-09 4.4612E-09 4.5736E-09 4.6861E-09 4.7987E-09 4.9110E-09 5.0228E-09 5.1339E-09 5.2441E-09 5.3530E-09 5.4604E-09 5.5660E-09 5.6695E-09 5.7707E-09 5.8694E-09 5.9653E-09 6.0581E-09 6.1477E-09 6.2337E-09 6.3161E-09 6.3930E-09 6.4674E-09 6.5374E-09 6.6014E-09 6.6610E-09 6.7174E-09 6.7675E-09 6.8116E-09 6.8534E-09 6.8928E-09 6.9286E-09 6.9563E-09 6.9855E-09 7.0144E-09 7.0414E-09 7.0667E-09 7.0834E-09 7.1048E-09 7.1242E-09 7.1414E-09 7.1514E-09 7.1607E-09 7.1682E-09 7.1714E-09 7.1682E-09 7.1649E-09 7.1551E-09 7.1398E-09 7.1226E-09 7.0988E-09 7.0709E-09 7.0364E-09 7.0002E-09 6.9575E-09
