Assets/Resources/2015_m01_d23_0600(utc+0800)_l00_csi_1hr_conc.grd
DSAA
         159         159
     -79.000      79.000
     -79.000      79.000
  0.0000E+00  0.5725E-05
[rows 0 to 24 of 159, columns 57 to 113 of 159]
1.1655E-09 1.3117E-09 1.4693E-09 1.6331E-09 1.8052E-09 1.9823E-09 2.1659E-09 2.3522E-09 2.5436E-09 2.7361E-09 2.9296E-09 3.1239E-09 3.3152E-09 3.5043E-09 3.6940E-09 3.8780E-09 4.0552E-09 4.2285E-09 4.3972E-09 4.5553E-09 4.7057E-09 4.8497E-09 4.9853E-09 5.1120E-09 5.2275E-09 5.3335E-09 5.4339E-09 5.5227E-09 5.6000E-09 5.6676E-09 5.7275E-09 5.7780E-09 5.8194E-09 5.8499E-09 5.8715E-09 5.8846E-09 5.8895E-09 5.8881E-09 5.8791E-09 5.8630E-09 5.8389E-09 5.8084E-09 5.7722E-09 5.7309E-09 5.6845E-09 5.6334E-09 5.5782E-09 5.5193E-09 5.4566E-09 5.3908E-09 5.3223E-09 5.2514E-09 5.1780E-09 5.1028E-09 5.0260E-09 4.9477E-09 4.8682E-09
1.2356E-09 1.3869E-09 1.5438E-09 1.7106E-09 1.8813E-09 2.0605E-09 2.2420E-09 2.4289E-09 2.6175E-09 2.8076E-09 2.9992E-09 3.1884E-09 3.3780E-09 3.5669E-09 3.7491E-09 3.9268E-09 4.1033E-09 4.2722E-09 4.4329E-09 4.5864E-09 4.7361E-09 4.8759E-09 5.0055E-09 5.1261E-09 5.2416E-09 5.3460E-09 5.4391E-09 5.5228E-09 5.5989E-09 5.6657E-09 5.7233E-09 5.7697E-09 5.8071E-09 5.8355E-09 5.8569E-09 5.8714E-09 5.8751E-09 5.8713E-09 5.8600E-09 5.8418E-09 5.8172E-09 5.7867E-09 5.7507E-09 5.7092E-09 5.6630E-09 5.6139E-09 5.5607E-09 5.5020E-09 5.4414E-09 5.3763E-09 5.3083E-09 5.2379E-09 5.1653E-09 5.0894E-09 5.0103E-09 4.9327E-09 4.8541E-09
1.3050E-09 1.4565E-09 1.6170E-09 1.7819E-09 1.9555E-09 2.1318E-09 2.3138E-09 2.4981E-09 2.6844E-09 2.8728E-09 3.0594E-09 3.2470E-09 3.4347E-09 3.6162E-09 3.7939E-09 3.9712E-09 4.1415E-09 4.3042E-09 4.4622E-09 4.6152E-09 4.7571E-09 4.8909E-09 5.0183E-09 5.1391E-09 5.2473E-09 5.3464E-09 5.4383E-09 5.5229E-09 5.5946E-09 5.6571E-09 5.7104E-09 5.7561E-09 5.7930E-09 5.8215E-09 5.8402E-09 5.8507E-09 5.8534E-09 5.8487E-09 5.8367E-09 5.8198E-09 5.7968E-09 5.7681E-09 5.7322E-09 5.6914E-09 5.6458E-09 5.5955E-09 5.5413E-09 5.4834E-09 5.4221E-09 5.3576E-09 5.2904E-09 5.2208E-09 5.1488E-09 5.0750E-09 4.9996E-09 4.9228E-09 4.8446E-09
1.3709E-09 1.5243E-09 1.6840E-09 1.8509E-09 2.0223E-09 2.1991E-09 2.3786E-09 2.5607E-09 2.7454E-09 2.9289E-09 3.1140E-09 3.2999E-09 3.4802E-09 3.6574E-09 3.8367E-09 4.0061E-09 4.1703E-09 4.3304E-09 4.4863E-09 4.6314E-09 4.7690E-09 4.9029E-09 5.0267E-09 5.1401E-09 5.2469E-09 5.3449E-09 5.4341E-09 5.5123E-09 5.5815E-09 5.6432E-09 5.6973E-09 5.7401E-09 5.7742E-09 5.7998E-09 5.8173E-09 5.8284E-09 5.8319E-09 5.8282E-09 5.8166E-09 5.7986E-09 5.7743E-09 5.7443E-09 5.7091E-09 5.6688E-09 5.6236E-09 5.5741E-09 5.5206E-09 5.4633E-09 5.4026E-09 5.3390E-09 5.2726E-09 5.2036E-09 5.1325E-09 5.0596E-09 4.9848E-09 4.9085E-09 4.8310E-09
1.4327E-09 1.5878E-09 1.7477E-09 1.9142E-09 2.0846E-09 2.2598E-09 2.4373E-09 2.6178E-09 2.7978E-09 2.9798E-09 3.1634E-09 3.3420E-09 3.5201E-09 3.6971E-09 3.8668E-09 4.0318E-09 4.1956E-09 4.3518E-09 4.4997E-09 4.6427E-09 4.7805E-09 4.9070E-09 5.0253E-09 5.1395E-09 5.2433E-09 5.3367E-09 5.4212E-09 5.4985E-09 5.5684E-09 5.6269E-09 5.6767E-09 5.7179E-09 5.7507E-09 5.7783E-09 5.7965E-09 5.8055E-09 5.8075E-09 5.8028E-09 5.7914E-09 5.7735E-09 5.7497E-09 5.7220E-09 5.6887E-09 5.6504E-09 5.6062E-09 5.5576E-09 5.5048E-09 5.4484E-09 5.3887E-09 5.3258E-09 5.2601E-09 5.1921E-09 5.1218E-09 5.0494E-09 4.9752E-09 4.8994E-09 4.8222E-09
1.4939E-09 1.6466E-09 1.8078E-09 1.9716E-09 2.1423E-09 2.3138E-09 2.4907E-09 2.6667E-09 2.8454E-09 3.0261E-09 3.2024E-09 3.3789E-09 3.5551E-09 3.7245E-09 3.8898E-09 4.0547E-09 4.2126E-09 4.3628E-09 4.5106E-09 4.6501E-09 4.7805E-09 4.9054E-09 5.0246E-09 5.1320E-09 5.2312E-09 5.3233E-09 5.4084E-09 5.4823E-09 5.5477E-09 5.6044E-09 5.6542E-09 5.6958E-09 5.7293E-09 5.7533E-09 5.7697E-09 5.7789E-09 5.7812E-09 5.7781E-09 5.7700E-09 5.7530E-09 5.7301E-09 5.7014E-09 5.6675E-09 5.6286E-09 5.5851E-09 5.5373E-09 5.4854E-09 5.4299E-09 5.3709E-09 5.3089E-09 5.2442E-09 5.1768E-09 5.1070E-09 5.0352E-09 4.9616E-09 4.8861E-09 4.8094E-09
1.5490E-09 1.7030E-09 1.8616E-09 2.0266E-09 2.1929E-09 2.3649E-09 2.5365E-09 2.7112E-09 2.8886E-09 3.0623E-09 3.2367E-09 3.4114E-09 3.5800E-09 3.7452E-09 3.9123E-09 4.0696E-09 4.2215E-09 4.3718E-09 4.5143E-09 4.6482E-09 4.7772E-09 4.9010E-09 5.0135E-09 5.1180E-09 5.2175E-09 5.3076E-09 5.3879E-09 5.4600E-09 5.5252E-09 5.5835E-09 5.6310E-09 5.6703E-09 5.7016E-09 5.7255E-09 5.7437E-09 5.7563E-09 5.7589E-09 5.7551E-09 5.7449E-09 5.7285E-09 5.7062E-09 5.6784E-09 5.6454E-09 5.6089E-09 5.5678E-09 5.5224E-09 5.4715E-09 5.4169E-09 5.3589E-09 5.2978E-09 5.2337E-09 5.1669E-09 5.0977E-09 5.0263E-09 4.9529E-09 4.8779E-09 4.8015E-09
1.6009E-09 1.7542E-09 1.9124E-09 2.0740E-09 2.2400E-09 2.4077E-09 2.5764E-09 2.7518E-09 2.9223E-09 3.0941E-09 3.2668E-09 3.4340E-09 3.5985E-09 3.7657E-09 3.9234E-09 4.0766E-09 4.2307E-09 4.3737E-09 4.5107E-09 4.6453E-09 4.7714E-09 4.8884E-09 4.9995E-09 5.1045E-09 5.1990E-09 5.2856E-09 5.3656E-09 5.4377E-09 5.5017E-09 5.5563E-09 5.6029E-09 5.6432E-09 5.6761E-09 5.7020E-09 5.7192E-09 5.7293E-09 5.7327E-09 5.7296E-09 5.7214E-09 5.7074E-09 5.6876E-09 5.6610E-09 5.6290E-09 5.5921E-09 5.5505E-09 5.5045E-09 5.4545E-09 5.4008E-09 5.3437E-09 5.2831E-09 5.2196E-09 5.1533E-09 5.0844E-09 5.0133E-09 4.9404E-09 4.8658E-09 4.7897E-09
1.6498E-09 1.8002E-09 1.9578E-09 2.1174E-09 2.2810E-09 2.4451E-09 2.6163E-09 2.7833E-09 2.9502E-09 3.1222E-09 3.2876E-09 3.4509E-09 3.6174E-09 3.7752E-09 3.9290E-09 4.0844E-09 4.2293E-09 4.3687E-09 4.5083E-09 4.6362E-09 4.7574E-09 4.8746E-09 4.9834E-09 5.0835E-09 5.1759E-09 5.2637E-09 5.3423E-09 5.4118E-09 5.4735E-09 5.5287E-09 5.5766E-09 5.6173E-09 5.6494E-09 5.6739E-09 5.6916E-09 5.7040E-09 5.7099E-09 5.7091E-09 5.7007E-09 5.6863E-09 5.6659E-09 5.6402E-09 5.6092E-09 5.5733E-09 5.5326E-09 5.4892E-09 5.4418E-09 5.3902E-09 5.3336E-09 5.2736E-09 5.2106E-09 5.1446E-09 5.0762E-09 5.0055E-09 4.9328E-09 4.8584E-09 4.7826E-09
1.6930E-09 1.8445E-09 1.9976E-09 2.1568E-09 2.3160E-09 2.4809E-09 2.6457E-09 2.8091E-09 2.9782E-09 3.1413E-09 3.3028E-09 3.4682E-09 3.6255E-09 3.7794E-09 3.9355E-09 4.0818E-09 4.2252E-09 4.3654E-09 4.4963E-09 4.6212E-09 4.7426E-09 4.8561E-09 4.9612E-09 5.0607E-09 5.1545E-09 5.2381E-09 5.3142E-09 5.3842E-09 5.4466E-09 5.5020E-09 5.5489E-09 5.5885E-09 5.6208E-09 5.6493E-09 5.6695E-09 5.6812E-09 5.6864E-09 5.6853E-09 5.6780E-09 5.6645E-09 5.6469E-09 5.6238E-09 5.5953E-09 5.5604E-09 5.5209E-09 5.4771E-09 5.4287E-09 5.3763E-09 5.3203E-09 5.2606E-09 5.1978E-09 5.1323E-09 5.0642E-09 4.9937E-09 4.9213E-09 4.8473E-09 4.7717E-09
1.7330E-09 1.8820E-09 2.0348E-09 2.1898E-09 2.3480E-09 2.5103E-09 2.6699E-09 2.8338E-09 2.9959E-09 3.1552E-09 3.3188E-09 3.4751E-09 3.6286E-09 3.7848E-09 3.9319E-09 4.0767E-09 4.2189E-09 4.3524E-09 4.4819E-09 4.6070E-09 4.7233E-09 4.8331E-09 4.9392E-09 5.0371E-09 5.1267E-09 5.2091E-09 5.2872E-09 5.3569E-09 5.4182E-09 5.4726E-09 5.5210E-09 5.5626E-09 5.5975E-09 5.6240E-09 5.6434E-09 5.6563E-09 5.6641E-09 5.6655E-09 5.6607E-09 5.6486E-09 5.6308E-09 5.6072E-09 5.5784E-09 5.5446E-09 5.5058E-09 5.4624E-09 5.4146E-09 5.3628E-09 5.3085E-09 5.2493E-09 5.1885E-09 5.1232E-09 5.0553E-09 4.9852E-09 4.9099E-09 4.8360E-09 4.7606E-09
1.7699E-09 1.9161E-09 2.0666E-09 2.2181E-09 2.3774E-09 2.5330E-09 2.6912E-09 2.8519E-09 3.0086E-09 3.1683E-09 3.3248E-09 3.4773E-09 3.6332E-09 3.7805E-09 3.9261E-09 4.0697E-09 4.2052E-09 4.3373E-09 4.4655E-09 4.5855E-09 4.6996E-09 4.8105E-09 4.9136E-09 5.0087E-09 5.0986E-09 5.1830E-09 5.2581E-09 5.3266E-09 5.3882E-09 5.4458E-09 5.4951E-09 5.5363E-09 5.5704E-09 5.5976E-09 5.6198E-09 5.6369E-09 5.6444E-09 5.6456E-09 5.6406E-09 5.6295E-09 5.6126E-09 5.5902E-09 5.5656E-09 5.5340E-09 5.4960E-09 5.4533E-09 5.4060E-09 5.3545E-09 5.2992E-09 5.2405E-09 5.1783E-09 5.1132E-09 5.0456E-09 4.9758E-09 4.9038E-09 4.8301E-09 4.7549E-09
1.8013E-09 1.9471E-09 2.0934E-09 2.2477E-09 2.3988E-09 2.5511E-09 2.7100E-09 2.8637E-09 3.0188E-09 3.1752E-09 3.3263E-09 3.4793E-09 3.6282E-09 3.7721E-09 3.9186E-09 4.0556E-09 4.1896E-09 4.3205E-09 4.4436E-09 4.5628E-09 4.6778E-09 4.7843E-09 4.8846E-09 4.9815E-09 5.0707E-09 5.1524E-09 5.2276E-09 5.2991E-09 5.3626E-09 5.4182E-09 5.4670E-09 5.5086E-09 5.5468E-09 5.5769E-09 5.5988E-09 5.6140E-09 5.6228E-09 5.6252E-09 5.6228E-09 5.6145E-09 5.6005E-09 5.5791E-09 5.5521E-09 5.5198E-09 5.4824E-09 5.4399E-09 5.3930E-09 5.3419E-09 5.2870E-09 5.2283E-09 5.1665E-09 5.1018E-09 5.0344E-09 4.9646E-09 4.8929E-09 4.8194E-09 4.7444E-09
1.8307E-09 1.9725E-09 2.1180E-09 2.2679E-09 2.4159E-09 2.5708E-09 2.7210E-09 2.8732E-09 3.0270E-09 3.1762E-09 3.3277E-09 3.4758E-09 3.6193E-09 3.7661E-09 3.9040E-09 4.0395E-09 4.1724E-09 4.2982E-09 4.4205E-09 4.5392E-09 4.6499E-09 4.7548E-09 4.8569E-09 4.9519E-09 5.0397E-09 5.1230E-09 5.2012E-09 5.2705E-09 5.3333E-09 5.3895E-09 5.4420E-09 5.4866E-09 5.5230E-09 5.5526E-09 5.5755E-09 5.5936E-09 5.6052E-09 5.6104E-09 5.6079E-09 5.5993E-09 5.5845E-09 5.5638E-09 5.5374E-09 5.5055E-09 5.4700E-09 5.4298E-09 5.3849E-09 5.3342E-09 5.2795E-09 5.2214E-09 5.1600E-09 5.0954E-09 5.0282E-09 4.9587E-09 4.8871E-09 4.8137E-09 4.7388E-09
1.8555E-09 1.9939E-09 2.1406E-09 2.2841E-09 2.4310E-09 2.5811E-09 2.7280E-09 2.8807E-09 3.0276E-09 3.1753E-09 3.3239E-09 3.4667E-09 3.6113E-09 3.7514E-09 3.8877E-09 4.0221E-09 4.1499E-09 4.2748E-09 4.3967E-09 4.5110E-09 4.6216E-09 4.7283E-09 4.8273E-09 4.9207E-09 5.0114E-09 5.0948E-09 5.1709E-09 5.2408E-09 5.3070E-09 5.3657E-09 5.4165E-09 5.4607E-09 5.4981E-09 5.5321E-09 5.5580E-09 5.5758E-09 5.5871E-09 5.5920E-09 5.5906E-09 5.5842E-09 5.5718E-09 5.5534E-09 5.5275E-09 5.4962E-09 5.4598E-09 5.4185E-09 5.3723E-09 5.3220E-09 5.2678E-09 5.2098E-09 5.1501E-09 5.0859E-09 5.0191E-09 4.9512E-09 4.8798E-09 4.8050E-09 4.7287E-09
1.8760E-09 2.0156E-09 2.1562E-09 2.2966E-09 2.4444E-09 2.5877E-09 2.7351E-09 2.8811E-09 3.0245E-09 3.1731E-09 3.3147E-09 3.4585E-09 3.5984E-09 3.7337E-09 3.8703E-09 3.9996E-09 4.1264E-09 4.2509E-09 4.3682E-09 4.4824E-09 4.5935E-09 4.6972E-09 4.7959E-09 4.8921E-09 4.9816E-09 5.0640E-09 5.1422E-09 5.2156E-09 5.2801E-09 5.3384E-09 5.3899E-09 5.4382E-09 5.4786E-09 5.5110E-09 5.5366E-09 5.5556E-09 5.5697E-09 5.5771E-09 5.5779E-09 5.5710E-09 5.5578E-09 5.5383E-09 5.5130E-09 5.4840E-09 5.4495E-09 5.4101E-09 5.3646E-09 5.3149E-09 5.2609E-09 5.2033E-09 5.1424E-09 5.0785E-09 5.0118E-09 4.9427E-09 4.8716E-09 4.7985E-09 4.7239E-09
1.8931E-09 2.0322E-09 2.1681E-09 2.3095E-09 2.4507E-09 2.5907E-09 2.7372E-09 2.8781E-09 3.0242E-09 3.1641E-09 3.3046E-09 3.4456E-09 3.5807E-09 3.7176E-09 3.8478E-09 3.9761E-09 4.1025E-09 4.2224E-09 4.3395E-09 4.4544E-09 4.5623E-09 4.6671E-09 4.7685E-09 4.8622E-09 4.9506E-09 5.0363E-09 5.1151E-09 5.1866E-09 5.2521E-09 5.3127E-09 5.3687E-09 5.4154E-09 5.4553E-09 5.4886E-09 5.5171E-09 5.5405E-09 5.5540E-09 5.5608E-09 5.5609E-09 5.5544E-09 5.5448E-09 5.5277E-09 5.5034E-09 5.4731E-09 5.4377E-09 5.3990E-09 5.3556E-09 5.3077E-09 5.2543E-09 5.1973E-09 5.1367E-09 5.0731E-09 5.0068E-09 4.9382E-09 4.8671E-09 4.7943E-09 4.7199E-09
1.9107E-09 2.0437E-09 2.1767E-09 2.3173E-09 2.4536E-09 2.5964E-09 2.7343E-09 2.8739E-09 3.0153E-09 3.1521E-09 3.2937E-09 3.4282E-09 3.5635E-09 3.6952E-09 3.8229E-09 3.9521E-09 4.0739E-09 4.1938E-09 4.3118E-09 4.4233E-09 4.5319E-09 4.6380E-09 4.7368E-09 4.8307E-09 4.9224E-09 5.0075E-09 5.0856E-09 5.1593E-09 5.2272E-09 5.2892E-09 5.3434E-09 5.3910E-09 5.4338E-09 5.4716E-09 5.4995E-09 5.5206E-09 5.5349E-09 5.5441E-09 5.5480E-09 5.5424E-09 5.5305E-09 5.5124E-09 5.4901E-09 5.4639E-09 5.4293E-09 5.3894E-09 5.3449E-09 5.2961E-09 5.2450E-09 5.1899E-09 5.1315E-09 5.0685E-09 5.0026E-09 4.9341E-09 4.8635E-09 4.7911E-09 4.7168E-09
1.9237E-09 2.0522E-09 2.1881E-09 2.3204E-09 2.4555E-09 2.5936E-09 2.7283E-09 2.8690E-09 3.0037E-09 3.1415E-09 3.2767E-09 3.4098E-09 3.5428E-09 3.6707E-09 3.8007E-09 3.9237E-09 4.0456E-09 4.1661E-09 4.2807E-09 4.3929E-09 4.5030E-09 4.6062E-09 4.7064E-09 4.8035E-09 4.8930E-09 4.9773E-09 5.0590E-09 5.1339E-09 5.2014E-09 5.2627E-09 5.3195E-09 5.3715E-09 5.4142E-09 5.4497E-09 5.4784E-09 5.5036E-09 5.5202E-09 5.5285E-09 5.5301E-09 5.5270E-09 5.5188E-09 5.5016E-09 5.4786E-09 5.4499E-09 5.4174E-09 5.3816E-09 5.3380E-09 5.2897E-09 5.2374E-09 5.1813E-09 5.1237E-09 5.0626E-09 4.9987E-09 4.9308E-09 4.8608E-09 4.7886E-09 4.7147E-09
1.9320E-09 2.0577E-09 2.1912E-09 2.3205E-09 2.4566E-09 2.5881E-09 2.7237E-09 2.8577E-09 2.9914E-09 3.1268E-09 3.2573E-09 3.3908E-09 3.5186E-09 3.6473E-09 3.7727E-09 3.8959E-09 4.0184E-09 4.1351E-09 4.2503E-09 4.3639E-09 4.4710E-09 4.5754E-09 4.6774E-09 4.7722E-09 4.8620E-09 4.9500E-09 5.0313E-09 5.1056E-09 5.1739E-09 5.2396E-09 5.2976E-09 5.3476E-09 5.3907E-09 5.4304E-09 5.4617E-09 5.4842E-09 5.5000E-09 5.5125E-09 5.5166E-09 5.5126E-09 5.5022E-09 5.4875E-09 5.4684E-09 5.4405E-09 5.4073E-09 5.3691E-09 5.3276E-09 5.2818E-09 5.2320E-09 5.1767E-09 5.1178E-09 5.0557E-09 4.9926E-09 4.9251E-09 4.8571E-09 4.7871E-09 4.7138E-09
1.9377E-09 2.0663E-09 2.1915E-09 2.3198E-09 2.4514E-09 2.5799E-09 2.7148E-09 2.8441E-09 2.9791E-09 3.1080E-09 3.2388E-09 3.3672E-09 3.4941E-09 3.6212E-09 3.7438E-09 3.8690E-09 3.9875E-09 4.1049E-09 4.2213E-09 4.3316E-09 4.4399E-09 4.5463E-09 4.6457E-09 4.7421E-09 4.8356E-09 4.9215E-09 5.0020E-09 5.0786E-09 5.1512E-09 5.2149E-09 5.2720E-09 5.3258E-09 5.3715E-09 5.4088E-09 5.4390E-09 5.4659E-09 5.4843E-09 5.4942E-09 5.4975E-09 5.4978E-09 5.4901E-09 5.4745E-09 5.4531E-09 5.4279E-09 5.3988E-09 5.3615E-09 5.3194E-09 5.2728E-09 5.2236E-09 5.1707E-09 5.1143E-09 5.0532E-09 4.9889E-09 4.9220E-09 4.8529E-09 4.7835E-09 4.7124E-09
1.9407E-09 2.0670E-09 2.1894E-09 2.3188E-09 2.4438E-09 2.5752E-09 2.7018E-09 2.8322E-09 2.9609E-09 3.0886E-09 3.2171E-09 3.3418E-09 3.4701E-09 3.5930E-09 3.7187E-09 3.8384E-09 3.9576E-09 4.0761E-09 4.1889E-09 4.3003E-09 4.4104E-09 4.5139E-09 4.6150E-09 4.7136E-09 4.8049E-09 4.8910E-09 4.9755E-09 5.0532E-09 5.1236E-09 5.1893E-09 5.2504E-09 5.3020E-09 5.3465E-09 5.3876E-09 5.4206E-09 5.4452E-09 5.4626E-09 5.4769E-09 5.4830E-09 5.4809E-09 5.4724E-09 5.4613E-09 5.4428E-09 5.4167E-09 5.3853E-09 5.3507E-09 5.3114E-09 5.2673E-09 5.2175E-09 5.1639E-09 5.1083E-09 5.0495E-09 4.9878E-09 4.9219E-09 4.8535E-09 4.7831E-09 4.7109E-09
1.9453E-09 2.0653E-09 2.1849E-09 2.3119E-09 2.4340E-09 2.5630E-09 2.6867E-09 2.8166E-09 2.9408E-09 3.0689E-09 3.1926E-09 3.3200E-09 3.4427E-09 3.5668E-09 3.6886E-09 3.8073E-09 3.9289E-09 4.0438E-09 4.1578E-09 4.2708E-09 4.3776E-09 4.4826E-09 4.5858E-09 4.6819E-09 4.7750E-09 4.8652E-09 4.9475E-09 5.0240E-09 5.0980E-09 5.1645E-09 5.2231E-09 5.2767E-09 5.3254E-09 5.3644E-09 5.3963E-09 5.4249E-09 5.4453E-09 5.4574E-09 5.4626E-09 5.4649E-09 5.4594E-09 5.4462E-09 5.4269E-09 5.4055E-09 5.3772E-09 5.3419E-09 5.3018E-09 5.2590E-09 5.2121E-09 5.1610E-09 5.1048E-09 5.0453E-09 4.9828E-09 4.9195E-09 4.8538E-09 4.7861E-09 4.7148E-09
1.9459E-09 2.0614E-09 2.1841E-09 2.3028E-09 2.4280E-09 2.5487E-09 2.6737E-09 2.7974E-09 2.9219E-09 3.0453E-09 3.1686E-09 3.2933E-09 3.4156E-09 3.5388E-09 3.6581E-09 3.7803E-09 3.8967E-09 4.0126E-09 4.1280E-09 4.2377E-09 4.3476E-09 4.4531E-09 4.5532E-09 4.6511E-09 4.7465E-09 4.8344E-09 4.9184E-09 4.9986E-09 5.0701E-09 5.1353E-09 5.1976E-09 5.2521E-09 5.2986E-09 5.3397E-09 5.3760E-09 5.4025E-09 5.4221E-09 5.4385E-09 5.4468E-09 5.4472E-09 5.4409E-09 5.4323E-09 5.4162E-09 5.3928E-09 5.3637E-09 5.3332E-09 5.2963E-09 5.2531E-09 5.2054E-09 5.1557E-09 5.1025E-09 5.0458E-09 4.9845E-09 4.9205E-09 4.8541E-09 4.7856E-09 4.7169E-09
1.9427E-09 2.0555E-09 2.1759E-09 2.2917E-09 2.4146E-09 2.5326E-09 2.6572E-09 2.7766E-09 2.9008E-09 3.0210E-09 3.1454E-09 3.2655E-09 3.3896E-09 3.5089E-09 3.6299E-09 3.7486E-09 3.8658E-09 3.9827E-09 4.0947E-09 4.2058E-09 4.3160E-09 4.4199E-09 4.5219E-09 4.6219E-09 4.7144E-09 4.8038E-09 4.8898E-09 4.9675E-09 5.0407E-09 5.1097E-09 5.1697E-09 5.2232E-09 5.2735E-09 5.3158E-09 5.3499E-09 5.3788E-09 5.4030E-09 5.4175E-09 5.4254E-09 5.4302E-09 5.4273E-09 5.4168E-09 5.4002E-09 5.3815E-09 5.3559E-09 5.3235E-09 5.2859E-09 5.2458E-09 5.2032E-09 5.1533E-09 5.0996E-09 5.0426E-09 4.9841E-09 4.9229E-09 4.8594E-09 4.7921E-09 4.7229E-09
