Assets/Resources/2015_m01_d14_0600(utc+0800)_l00_csi_1hr_conc.grd
DSAA
         159         159
     -79.000      79.000
     -79.000      79.000
  0.0000E+00  0.1035E-03
[rows 100 to 124 of 159, columns 0 to 56 of 159]
3.6502E-10 3.8271E-10 4.0171E-10 4.2395E-10 4.4689E-10 4.6823E-10 4.9031E-10 5.1250E-10 5.3511E-10 5.5827E-10 5.8141E-10 6.0505E-10 6.2913E-10 6.5333E-10 6.7766E-10 7.0269E-10 7.2766E-10 7.5247E-10 7.7752E-10 8.0636E-10 8.3016E-10 8.5952E-10 8.8388E-10 9.0757E-10 9.3480E-10 9.5868E-10 9.8124E-10 1.0041E-09 1.0244E-09 1.0469E-09 1.0681E-09 1.0888E-09 1.1102E-09 1.1337E-09 1.1559E-09 1.1864E-09 1.2178E-09 1.2489E-09 1.2923E-09 1.3408E-09 1.3904E-09 1.4465E-09 1.5008E-09 1.5513E-09 1.6103E-09 1.6608E-09 1.7222E-09 1.7769E-09 1.8470E-09 1.9027E-09 1.9727E-09 2.0342E-09 2.1052E-09 2.1628E-09 2.2157E-09 2.2726E-09 2.3186E-09
3.3481E-10 3.5332E-10 3.7117E-10 3.9015E-10 4.1179E-10 4.3390E-10 4.5486E-10 4.7593E-10 4.9730E-10 5.1933E-10 5.4137E-10 5.6376E-10 5.8674E-10 6.0986E-10 6.3306E-10 6.5696E-10 6.8092E-10 7.0477E-10 7.2870E-10 7.5212E-10 7.7449E-10 7.9627E-10 8.2411E-10 8.5145E-10 8.7391E-10 8.9980E-10 9.2240E-10 9.4405E-10 9.6470E-10 9.8392E-10 1.0055E-09 1.0255E-09 1.0471E-09 1.0675E-09 1.0911E-09 1.1135E-09 1.1498E-09 1.1788E-09 1.2178E-09 1.2662E-09 1.3016E-09 1.3635E-09 1.4050E-09 1.4588E-09 1.5041E-09 1.5633E-09 1.6091E-09 1.6695E-09 1.7181E-09 1.7825E-09 1.8456E-09 1.8980E-09 1.9609E-09 2.0189E-09 2.0679E-09 2.1199E-09 2.1468E-09
3.0658E-10 3.2399E-10 3.4257E-10 3.6058E-10 3.8098E-10 4.0177E-10 4.2161E-10 4.4162E-10 4.6180E-10 4.8276E-10 5.0375E-10 5.2496E-10 5.4688E-10 5.6897E-10 5.9116E-10 6.1389E-10 6.3688E-10 6.5980E-10 6.8267E-10 7.0520E-10 7.2676E-10 7.4766E-10 7.6802E-10 7.9909E-10 8.2087E-10 8.4121E-10 8.6572E-10 8.8720E-10 9.0773E-10 9.2658E-10 9.4521E-10 9.6535E-10 9.8685E-10 1.0075E-09 1.0275E-09 1.0517E-09 1.0831E-09 1.1140E-09 1.1454E-09 1.1931E-09 1.2301E-09 1.2844E-09 1.3245E-09 1.3757E-09 1.4154E-09 1.4690E-09 1.5148E-09 1.5698E-09 1.6139E-09 1.6662E-09 1.7112E-09 1.7758E-09 1.8318E-09 1.8800E-09 1.9141E-09 1.9588E-09 2.0066E-09
2.8212E-10 2.9664E-10 3.1412E-10 3.3293E-10 3.5035E-10 3.6996E-10 3.9048E-10 4.0948E-10 4.2858E-10 4.4848E-10 4.6847E-10 4.8855E-10 5.0946E-10 5.3056E-10 5.5179E-10 5.7341E-10 5.9546E-10 6.1749E-10 6.3934E-10 6.6100E-10 6.8177E-10 7.0183E-10 7.2142E-10 7.4037E-10 7.7010E-10 7.9095E-10 8.0918E-10 8.3319E-10 8.5293E-10 8.7243E-10 8.9034E-10 9.0812E-10 9.2889E-10 9.5049E-10 9.7016E-10 9.9125E-10 1.0229E-09 1.0500E-09 1.0794E-09 1.1263E-09 1.1595E-09 1.2130E-09 1.2484E-09 1.2954E-09 1.3352E-09 1.3826E-09 1.4223E-09 1.4768E-09 1.5158E-09 1.5632E-09 1.6018E-09 1.6580E-09 1.7134E-09 1.7460E-09 1.7886E-09 1.8272E-09 1.8754E-09
2.5719E-10 2.7305E-10 2.8765E-10 3.0526E-10 3.2363E-10 3.4030E-10 3.5955E-10 3.7943E-10 3.9757E-10 4.1639E-10 4.3542E-10 4.5457E-10 4.7438E-10 4.9454E-10 5.1485E-10 5.3540E-10 5.5656E-10 5.7773E-10 5.9863E-10 6.1943E-10 6.3944E-10 6.5869E-10 6.7764E-10 6.9560E-10 7.1356E-10 7.4203E-10 7.6152E-10 7.8355E-10 8.0151E-10 8.1969E-10 8.3903E-10 8.5601E-10 8.7413E-10 8.9520E-10 9.1590E-10 9.3702E-10 9.6063E-10 9.9209E-10 1.0182E-09 1.0647E-09 1.0961E-09 1.1348E-09 1.1714E-09 1.2071E-09 1.2465E-09 1.2872E-09 1.3276E-09 1.3665E-09 1.4096E-09 1.4503E-09 1.4918E-09 1.5425E-09 1.5821E-09 1.6337E-09 1.6758E-09 1.6988E-09 1.7395E-09
2.3181E-10 2.4895E-10 2.6492E-10 2.7954E-10 2.9684E-10 3.1452E-10 3.3077E-10 3.4953E-10 3.6860E-10 3.8639E-10 4.0451E-10 4.2277E-10 4.4155E-10 4.6081E-10 4.8023E-10 4.9977E-10 5.2007E-10 5.4041E-10 5.6048E-10 5.8037E-10 5.9966E-10 6.1814E-10 6.3647E-10 6.5389E-10 6.7058E-10 6.9206E-10 7.1480E-10 7.3318E-10 7.5414E-10 7.7075E-10 7.8857E-10 8.0745E-10 8.2447E-10 8.4308E-10 8.6318E-10 8.8562E-10 9.0570E-10 9.3598E-10 9.6275E-10 1.0034E-09 1.0372E-09 1.0665E-09 1.1039E-09 1.1356E-09 1.1769E-09 1.2070E-09 1.2528E-09 1.2837E-09 1.3248E-09 1.3560E-09 1.4031E-09 1.4489E-09 1.4857E-09 1.5298E-09 1.5550E-09 1.5945E-09 1.6328E-09
2.1052E-10 2.2440E-10 2.4165E-10 2.5753E-10 2.7198E-10 2.8865E-10 3.0584E-10 3.2175E-10 3.3776E-10 3.5638E-10 3.7565E-10 3.9305E-10 4.1085E-10 4.2925E-10 4.4783E-10 4.6656E-10 4.8588E-10 5.0543E-10 5.2470E-10 5.4373E-10 5.6231E-10 5.8014E-10 5.9779E-10 6.1470E-10 6.3081E-10 6.4670E-10 6.6683E-10 6.8865E-10 7.0612E-10 7.2576E-10 7.4168E-10 7.5958E-10 7.7821E-10 7.9628E-10 8.1360E-10 8.3557E-10 8.5690E-10 8.8592E-10 9.0984E-10 9.3461E-10 9.7079E-10 1.0009E-09 1.0355E-09 1.0619E-09 1.0983E-09 1.1286E-09 1.1652E-09 1.1959E-09 1.2360E-09 1.2656E-09 1.3046E-09 1.3365E-09 1.3862E-09 1.4273E-09 1.4620E-09 1.4943E-09 1.5232E-09
1.9098E-10 2.0391E-10 2.1792E-10 2.3265E-10 2.4845E-10 2.6467E-10 2.8079E-10 2.9776E-10 3.1300E-10 3.2852E-10 3.4674E-10 3.6532E-10 3.8220E-10 3.9977E-10 4.1755E-10 4.3549E-10 4.5390E-10 4.7268E-10 4.9118E-10 5.0939E-10 5.2730E-10 5.4452E-10 5.6150E-10 5.7790E-10 5.9347E-10 6.0896E-10 6.2360E-10 6.4683E-10 6.6380E-10 6.8009E-10 6.9900E-10 7.1496E-10 7.3250E-10 7.5251E-10 7.6970E-10 7.8828E-10 8.0918E-10 8.3784E-10 8.6223E-10 8.8474E-10 9.1780E-10 9.4582E-10 9.7927E-10 1.0063E-09 1.0390E-09 1.0645E-09 1.1011E-09 1.1287E-09 1.1634E-09 1.1953E-09 1.2312E-09 1.2595E-09 1.3012E-09 1.3338E-09 1.3759E-09 1.4062E-09 1.4337E-09
1.7086E-10 1.8290E-10 1.9821E-10 2.1206E-10 2.2671E-10 2.4198E-10 2.5762E-10 2.7362E-10 2.8995E-10 3.0465E-10 3.1995E-10 3.3753E-10 3.5553E-10 3.7227E-10 3.8928E-10 4.0647E-10 4.2400E-10 4.4205E-10 4.5981E-10 4.7724E-10 4.9451E-10 5.1114E-10 5.2747E-10 5.4339E-10 5.5855E-10 5.7354E-10 5.8787E-10 6.0142E-10 6.2385E-10 6.3984E-10 6.5548E-10 6.7493E-10 6.8974E-10 7.0925E-10 7.2804E-10 7.4647E-10 7.6509E-10 7.8481E-10 8.1584E-10 8.3924E-10 8.7009E-10 8.9449E-10 9.2268E-10 9.5100E-10 9.7649E-10 1.0087E-09 1.0314E-09 1.0645E-09 1.0920E-09 1.1259E-09 1.1518E-09 1.1895E-09 1.2274E-09 1.2561E-09 1.2916E-09 1.3204E-09 1.3506E-09
1.5449E-10 1.6581E-10 1.7799E-10 1.9089E-10 2.0680E-10 2.2106E-10 2.3579E-10 2.5132E-10 2.6674E-10 2.8244E-10 2.9704E-10 3.1181E-10 3.2885E-10 3.4663E-10 3.6291E-10 3.7939E-10 3.9609E-10 4.1344E-10 4.3049E-10 4.4717E-10 4.6382E-10 4.7989E-10 4.9561E-10 5.1105E-10 5.2581E-10 5.4032E-10 5.5434E-10 5.6759E-10 5.8082E-10 6.0172E-10 6.1698E-10 6.3777E-10 6.5241E-10 6.6871E-10 6.8683E-10 7.0626E-10 7.2563E-10 7.4366E-10 7.7073E-10 7.9436E-10 8.2572E-10 8.4917E-10 8.7090E-10 8.9957E-10 9.2304E-10 9.5538E-10 9.7814E-10 1.0084E-09 1.0305E-09 1.0622E-09 1.0884E-09 1.1201E-09 1.1458E-09 1.1857E-09 1.2184E-09 1.2449E-09 1.2692E-09
1.3950E-10 1.4910E-10 1.5943E-10 1.7145E-10 1.8636E-10 1.9967E-10 2.1342E-10 2.3025E-10 2.4531E-10 2.5826E-10 2.7384E-10 2.8985E-10 3.0418E-10 3.1893E-10 3.3633E-10 3.5414E-10 3.7011E-10 3.8672E-10 4.0310E-10 4.1908E-10 4.3512E-10 4.5065E-10 4.6578E-10 4.8077E-10 4.9514E-10 5.0919E-10 5.2290E-10 5.3591E-10 5.4881E-10 5.6473E-10 5.8087E-10 5.9694E-10 6.1710E-10 6.3317E-10 6.4920E-10 6.6655E-10 6.8691E-10 7.0608E-10 7.3170E-10 7.5204E-10 7.7488E-10 8.0571E-10 8.2752E-10 8.5393E-10 8.7402E-10 9.0270E-10 9.2478E-10 9.5623E-10 9.7723E-10 1.0057E-09 1.0270E-09 1.0565E-09 1.0820E-09 1.1162E-09 1.1482E-09 1.1755E-09 1.1987E-09
1.2674E-10 1.3582E-10 1.4561E-10 1.5583E-10 1.6762E-10 1.8004E-10 1.9289E-10 2.0867E-10 2.2275E-10 2.3726E-10 2.5243E-10 2.6759E-10 2.8315E-10 2.9718E-10 3.1178E-10 3.2868E-10 3.4595E-10 3.6180E-10 3.7754E-10 3.9291E-10 4.0831E-10 4.2332E-10 4.3789E-10 4.5244E-10 4.6642E-10 4.8003E-10 4.9344E-10 5.0621E-10 5.1878E-10 5.3100E-10 5.4945E-10 5.6328E-10 5.7792E-10 5.9890E-10 6.1565E-10 6.3162E-10 6.4911E-10 6.6856E-10 6.9516E-10 7.1506E-10 7.3561E-10 7.6153E-10 7.8451E-10 8.1153E-10 8.3090E-10 8.5626E-10 8.7548E-10 9.0289E-10 9.2480E-10 9.5375E-10 9.7402E-10 1.0007E-09 1.0211E-09 1.0521E-09 1.0779E-09 1.1070E-09 1.1290E-09
1.1510E-10 1.2361E-10 1.3291E-10 1.4157E-10 1.5156E-10 1.6214E-10 1.7415E-10 1.8892E-10 2.0209E-10 2.1567E-10 2.3222E-10 2.4707E-10 2.5990E-10 2.7503E-10 2.9096E-10 3.0518E-10 3.1960E-10 3.3657E-10 3.5370E-10 3.6850E-10 3.8327E-10 3.9779E-10 4.1184E-10 4.2594E-10 4.3955E-10 4.5273E-10 4.6585E-10 4.7838E-10 4.9063E-10 5.0267E-10 5.1413E-10 5.3366E-10 5.4700E-10 5.6119E-10 5.8249E-10 5.9966E-10 6.1694E-10 6.3356E-10 6.5185E-10 6.7905E-10 7.0009E-10 7.2455E-10 7.4362E-10 7.6160E-10 7.8908E-10 8.0752E-10 8.3251E-10 8.4962E-10 8.7473E-10 8.9362E-10 9.2204E-10 9.4245E-10 9.6859E-10 9.9704E-10 1.0178E-09 1.0440E-09 1.0643E-09
1.0537E-10 1.1243E-10 1.2026E-10 1.2945E-10 1.3889E-10 1.4789E-10 1.5815E-10 1.7092E-10 1.8325E-10 1.9597E-10 2.1147E-10 2.2538E-10 2.3984E-10 2.5471E-10 2.6974E-10 2.8525E-10 2.9912E-10 3.1329E-10 3.2752E-10 3.4572E-10 3.5991E-10 3.7394E-10 3.8756E-10 4.0117E-10 4.1441E-10 4.2719E-10 4.4001E-10 4.5230E-10 4.6424E-10 4.7609E-10 4.8753E-10 5.0001E-10 5.1762E-10 5.3271E-10 5.4736E-10 5.6506E-10 5.8640E-10 6.0304E-10 6.1996E-10 6.4288E-10 6.6344E-10 6.8440E-10 7.0814E-10 7.2518E-10 7.4738E-10 7.6408E-10 7.9155E-10 8.0863E-10 8.3200E-10 8.4857E-10 8.7212E-10 8.8906E-10 9.1629E-10 9.3676E-10 9.6540E-10 9.8974E-10 1.0091E-09
9.4614E-11 1.0217E-10 1.1056E-10 1.1834E-10 1.2631E-10 1.3582E-10 1.4561E-10 1.5452E-10 1.6507E-10 1.7807E-10 1.9032E-10 2.0335E-10 2.1918E-10 2.3551E-10 2.5020E-10 2.6305E-10 2.7815E-10 2.9361E-10 3.0731E-10 3.2076E-10 3.3617E-10 3.5167E-10 3.6488E-10 3.7801E-10 3.9090E-10 4.0334E-10 4.1582E-10 4.2786E-10 4.3950E-10 4.5116E-10 4.6255E-10 4.7472E-10 4.8726E-10 5.0318E-10 5.2059E-10 5.3484E-10 5.5058E-10 5.7271E-10 5.9072E-10 6.1260E-10 6.3072E-10 6.4759E-10 6.7247E-10 6.9122E-10 7.1218E-10 7.2790E-10 7.4934E-10 7.6482E-10 7.9141E-10 8.0781E-10 8.2974E-10 8.4575E-10 8.6781E-10 8.8385E-10 9.1010E-10 9.3266E-10 9.5734E-10
8.5686E-11 9.2846E-11 9.9793E-11 1.0811E-10 1.1668E-10 1.2474E-10 1.3306E-10 1.4258E-10 1.5262E-10 1.6180E-10 1.7227E-10 1.8555E-10 1.9814E-10 2.1352E-10 2.2722E-10 2.4397E-10 2.5884E-10 2.7156E-10 2.8653E-10 3.0145E-10 3.1428E-10 3.2714E-10 3.3968E-10 3.5637E-10 3.6892E-10 3.8106E-10 3.9317E-10 4.0496E-10 4.1631E-10 4.2777E-10 4.3909E-10 4.5095E-10 4.6338E-10 4.7580E-10 4.9118E-10 5.0715E-10 5.2480E-10 5.4002E-10 5.5609E-10 5.7852E-10 6.0153E-10 6.1793E-10 6.3874E-10 6.5441E-10 6.7438E-10 6.9423E-10 7.0818E-10 7.2937E-10 7.4315E-10 7.6433E-10 7.8091E-10 8.0534E-10 8.1956E-10 8.4132E-10 8.6524E-10 8.8173E-10 9.0325E-10
6.0720E-11 7.8729E-11 9.0863E-11 9.8750E-11 1.0596E-10 1.1452E-10 1.2346E-10 1.3161E-10 1.4014E-10 1.4996E-10 1.6000E-10 1.6941E-10 1.8026E-10 1.9363E-10 2.0632E-10 2.1978E-10 2.3604E-10 2.5271E-10 2.6741E-10 2.7970E-10 2.9385E-10 3.0824E-10 3.2042E-10 3.3243E-10 3.4440E-10 3.5815E-10 3.7196E-10 3.8351E-10 3.9465E-10 4.0583E-10 4.1704E-10 4.2861E-10 4.4091E-10 4.5303E-10 4.6663E-10 4.8010E-10 4.9765E-10 5.1350E-10 5.3038E-10 5.4556E-10 5.6703E-10 5.8985E-10 6.0959E-10 6.2483E-10 6.3884E-10 6.5770E-10 6.7271E-10 6.9591E-10 7.0930E-10 7.2913E-10 7.4250E-10 7.6238E-10 7.7577E-10 7.9901E-10 8.1452E-10 8.3872E-10 8.5885E-10
5.1371E-11 5.6204E-11 6.3996E-11 6.9860E-11 9.0968E-11 1.0516E-10 1.1275E-10 1.2148E-10 1.3060E-10 1.3906E-10 1.4769E-10 1.5768E-10 1.6809E-10 1.7773E-10 1.8868E-10 2.0017E-10 2.1319E-10 2.2879E-10 2.4481E-10 2.6108E-10 2.7506E-10 2.8689E-10 3.0050E-10 3.1404E-10 3.2571E-10 3.3705E-10 3.4824E-10 3.6141E-10 3.7434E-10 3.8524E-10 3.9633E-10 4.0761E-10 4.1974E-10 4.3174E-10 4.4497E-10 4.5829E-10 4.7232E-10 4.8721E-10 5.0392E-10 5.1954E-10 5.4113E-10 5.5603E-10 5.6982E-10 5.9681E-10 6.1050E-10 6.2838E-10 6.4131E-10 6.5967E-10 6.7235E-10 6.9531E-10 7.0888E-10 7.2750E-10 7.4048E-10 7.5916E-10 7.7213E-10 7.9427E-10 8.1542E-10
4.2043E-11 4.7715E-11 5.2716E-11 6.0554E-11 6.6333E-11 7.4773E-11 8.3965E-11 9.7877E-11 1.1235E-10 1.2548E-10 1.3824E-10 1.4685E-10 1.5588E-10 1.6514E-10 1.7567E-10 1.8666E-10 1.9697E-10 2.0845E-10 2.2007E-10 2.3525E-10 2.5057E-10 2.6394E-10 2.7979E-10 2.9321E-10 3.0437E-10 3.1731E-10 3.3018E-10 3.4104E-10 3.5156E-10 3.6199E-10 3.7276E-10 3.8785E-10 3.9980E-10 4.1166E-10 4.2451E-10 4.3765E-10 4.5130E-10 4.6534E-10 4.7912E-10 4.9438E-10 5.1468E-10 5.2900E-10 5.4543E-10 5.6314E-10 5.7598E-10 5.9750E-10 6.1322E-10 6.3055E-10 6.4291E-10 6.6009E-10 6.7237E-10 6.8709E-10 7.0460E-10 7.2106E-10 7.3658E-10 7.5711E-10 7.7031E-10
3.6000E-11 4.0341E-11 4.5059E-11 5.2422E-11 6.0081E-11 6.5871E-11 7.4314E-11 8.3000E-11 8.9760E-11 1.0098E-10 1.1532E-10 1.2585E-10 1.4040E-10 1.5410E-10 1.6464E-10 1.7419E-10 1.8412E-10 1.9518E-10 2.0634E-10 2.1657E-10 2.2667E-10 2.3905E-10 2.5153E-10 2.6629E-10 2.8145E-10 2.9671E-10 3.0954E-10 3.1999E-10 3.3221E-10 3.4439E-10 3.5502E-10 3.6557E-10 3.7715E-10 3.8869E-10 4.0102E-10 4.1810E-10 4.3136E-10 4.4513E-10 4.5855E-10 4.7256E-10 4.8578E-10 5.0434E-10 5.1954E-10 5.3624E-10 5.4971E-10 5.6315E-10 5.7922E-10 5.9073E-10 6.1252E-10 6.2596E-10 6.4302E-10 6.5385E-10 6.7093E-10 6.8194E-10 6.9907E-10 7.1210E-10 7.3288E-10
3.0908E-11 3.7690E-11 4.2210E-11 4.9172E-11 5.6426E-11 6.2000E-11 7.0017E-11 7.6065E-11 8.4807E-11 9.3768E-11 1.0071E-10 1.1040E-10 1.2136E-10 1.3556E-10 1.4582E-10 1.5834E-10 1.7329E-10 1.8388E-10 1.9364E-10 2.0355E-10 2.1336E-10 2.2424E-10 2.3517E-10 2.4490E-10 2.5469E-10 2.6546E-10 2.7835E-10 2.9742E-10 3.1197E-10 3.2416E-10 3.3449E-10 3.4474E-10 3.5997E-10 3.7134E-10 3.8332E-10 3.9588E-10 4.0863E-10 4.2199E-10 4.3495E-10 4.5269E-10 4.6561E-10 4.8253E-10 4.9510E-10 5.0671E-10 5.2590E-10 5.3709E-10 5.5225E-10 5.6319E-10 5.8150E-10 5.9194E-10 6.0862E-10 6.2057E-10 6.4104E-10 6.5175E-10 6.6788E-10 6.7860E-10 6.9196E-10
2.8834E-11 3.5204E-11 3.9530E-11 4.6112E-11 5.0986E-11 5.8343E-11 6.5955E-11 7.1794E-11 8.0112E-11 8.6369E-11 9.5368E-11 1.0461E-10 1.1420E-10 1.2177E-10 1.3225E-10 1.4316E-10 1.5636E-10 1.6899E-10 1.7923E-10 1.9140E-10 2.0291E-10 2.1250E-10 2.2215E-10 2.3166E-10 2.4119E-10 2.5066E-10 2.6202E-10 2.7141E-10 2.8269E-10 2.9176E-10 3.0581E-10 3.2010E-10 3.3068E-10 3.4882E-10 3.6278E-10 3.7498E-10 3.8725E-10 4.0427E-10 4.1688E-10 4.3372E-10 4.4632E-10 4.6244E-10 4.7473E-10 4.8614E-10 5.0153E-10 5.1238E-10 5.2758E-10 5.3998E-10 5.5483E-10 5.6497E-10 5.7971E-10 5.8980E-10 6.0756E-10 6.1775E-10 6.2820E-10 6.2543E-10 6.3729E-10
2.6891E-11 3.0399E-11 3.7009E-11 4.3230E-11 4.7913E-11 5.4889E-11 6.0059E-11 6.7748E-11 7.5663E-11 8.1719E-11 9.0296E-11 9.9116E-11 1.0600E-10 1.1560E-10 1.2561E-10 1.3602E-10 1.4687E-10 1.5558E-10 1.6613E-10 1.7685E-10 1.8769E-10 1.9784E-10 2.0996E-10 2.1926E-10 2.2855E-10 2.3980E-10 2.4887E-10 2.5999E-10 2.7089E-10 2.7982E-10 2.9320E-10 3.0256E-10 3.1710E-10 3.3194E-10 3.4303E-10 3.5933E-10 3.7124E-10 3.8737E-10 3.9961E-10 4.1562E-10 4.2788E-10 4.3942E-10 4.5524E-10 4.6643E-10 4.8112E-10 4.9179E-10 5.0152E-10 5.1553E-10 5.2467E-10 5.3957E-10 5.5133E-10 5.6606E-10 5.6930E-10 5.7095E-10 5.7416E-10 5.8301E-10 5.9345E-10
2.5071E-11 2.8422E-11 3.4640E-11 3.8668E-11 4.5014E-11 5.1627E-11 5.6609E-11 6.3917E-11 6.9333E-11 7.7305E-11 8.5480E-11 9.1714E-11 1.0056E-10 1.0973E-10 1.1929E-10 1.2924E-10 1.3720E-10 1.4804E-10 1.5819E-10 1.6849E-10 1.7726E-10 1.8791E-10 1.9866E-10 2.0946E-10 2.1855E-10 2.2940E-10 2.3831E-10 2.4905E-10 2.5770E-10 2.6838E-10 2.8113E-10 2.9031E-10 3.0412E-10 3.1388E-10 3.2897E-10 3.4439E-10 3.5594E-10 3.7124E-10 3.8312E-10 3.9833E-10 4.1025E-10 4.2152E-10 4.3658E-10 4.4755E-10 4.6157E-10 4.7203E-10 4.8164E-10 4.9502E-10 5.0406E-10 5.1203E-10 5.1492E-10 5.1550E-10 5.1827E-10 5.2597E-10 5.3156E-10 5.4614E-10 5.4204E-10
2.3368E-11 2.6566E-11 3.2414E-11 3.6274E-11 4.2280E-11 4.6635E-11 5.3346E-11 6.0291E-11 6.5524E-11 7.3116E-11 8.0908E-11 8.6950E-11 9.5395E-11 1.0415E-10 1.1328E-10 1.2054E-10 1.3050E-10 1.4087E-10 1.5062E-10 1.5894E-10 1.6907E-10 1.7932E-10 1.8968E-10 1.9839E-10 2.0898E-10 2.1946E-10 2.2819E-10 2.3857E-10 2.4708E-10 2.5740E-10 2.6564E-10 2.7856E-10 2.9169E-10 3.0124E-10 3.1554E-10 3.2573E-10 3.4132E-10 3.5585E-10 3.6735E-10 3.7838E-10 3.9339E-10 4.0438E-10 4.1873E-10 4.2944E-10 4.3939E-10 4.5309E-10 4.6255E-10 4.6944E-10 4.7238E-10 4.7236E-10 4.7504E-10 4.8200E-10 4.8447E-10 4.8869E-10 4.9375E-10 4.9950E-10 4.9567E-10
