Assets/Resources/2015_m01_d20_2000(utc+0800)_l00_csi_1hr_conc.grd
DSAA
         159         159
     -79.000      79.000
     -79.000      79.000
  0.4875E-09  0.5444E-05
[rows 25 to 49 of 159, columns 0 to 56 of 159]
1.7583E-09 1.7695E-09 1.7813E-09 1.7940E-09 1.8045E-09 1.8181E-09 1.8283E-09 1.8394E-09 1.8519E-09 1.8613E-09 1.8720E-09 1.8849E-09 1.8952E-09 1.9133E-09 1.9297E-09 1.9464E-09 1.9583E-09 1.9750E-09 1.9913E-09 2.0008E-09 2.0171E-09 2.0331E-09 2.0491E-09 2.0578E-09 2.0662E-09 2.0777E-09 2.0962E-09 2.1087E-09 2.1145E-09 2.1239E-09 2.1290E-09 2.1354E-09 2.1397E-09 2.1437E-09 2.1507E-09 2.1574E-09 2.1627E-09 2.1676E-09 2.1697E-09 2.1714E-09 2.1727E-09 2.1759E-09 2.1789E-09 2.1790E-09 2.1786E-09 2.1779E-09 2.1768E-09 2.1753E-09 2.1735E-09 2.1713E-09 2.1687E-09 2.1658E-09 2.1626E-09 2.1591E-09 2.1553E-09 2.1512E-09 2.1468E-09
1.7803E-09 1.7933E-09 1.8057E-09 1.8178E-09 1.8307E-09 1.8414E-09 1.8530E-09 1.8658E-09 1.8758E-09 1.8869E-09 1.9002E-09 1.9144E-09 1.9346E-09 1.9546E-09 1.9654E-09 1.9850E-09 2.0003E-09 2.0127E-09 2.0301E-09 2.0470E-09 2.0640E-09 2.0737E-09 2.0831E-09 2.1038E-09 2.1201E-09 2.1289E-09 2.1396E-09 2.1461E-09 2.1540E-09 2.1597E-09 2.1685E-09 2.1770E-09 2.1866E-09 2.1909E-09 2.1949E-09 2.2033E-09 2.2065E-09 2.2093E-09 2.2116E-09 2.2135E-09 2.2150E-09 2.2160E-09 2.2166E-09 2.2168E-09 2.2165E-09 2.2159E-09 2.2148E-09 2.2134E-09 2.2115E-09 2.2093E-09 2.2067E-09 2.2038E-09 2.2005E-09 2.1969E-09 2.1930E-09 2.1887E-09 2.1842E-09
1.8040E-09 1.8168E-09 1.8294E-09 1.8428E-09 1.8539E-09 1.8660E-09 1.8793E-09 1.8897E-09 1.9035E-09 1.9183E-09 1.9330E-09 1.9591E-09 1.9710E-09 1.9881E-09 2.0062E-09 2.0254E-09 2.0407E-09 2.0608E-09 2.0782E-09 2.0890E-09 2.0978E-09 2.1244E-09 2.1386E-09 2.1492E-09 2.1587E-09 2.1680E-09 2.1752E-09 2.1888E-09 2.2003E-09 2.2065E-09 2.2124E-09 2.2227E-09 2.2278E-09 2.2325E-09 2.2367E-09 2.2405E-09 2.2438E-09 2.2468E-09 2.2493E-09 2.2539E-09 2.2581E-09 2.2593E-09 2.2601E-09 2.2604E-09 2.2603E-09 2.2597E-09 2.2587E-09 2.2573E-09 2.2582E-09 2.2560E-09 2.2534E-09 2.2504E-09 2.2471E-09 2.2434E-09 2.2393E-09 2.2323E-09 2.2277E-09
1.8273E-09 1.8412E-09 1.8542E-09 1.8659E-09 1.8784E-09 1.8921E-09 1.9044E-09 1.9187E-09 1.9354E-09 1.9595E-09 1.9760E-09 1.9924E-09 2.0108E-09 2.0276E-09 2.0488E-09 2.0652E-09 2.0856E-09 2.1003E-09 2.1192E-09 2.1350E-09 2.1555E-09 2.1665E-09 2.1772E-09 2.1860E-09 2.2011E-09 2.2140E-09 2.2218E-09 2.2341E-09 2.2411E-09 2.2476E-09 2.2538E-09 2.2596E-09 2.2649E-09 2.2698E-09 2.2793E-09 2.2834E-09 2.2870E-09 2.2902E-09 2.2956E-09 2.2979E-09 2.2998E-09 2.3012E-09 2.3021E-09 2.3026E-09 2.3026E-09 2.3022E-09 2.3013E-09 2.3000E-09 2.2982E-09 2.2960E-09 2.2962E-09 2.2932E-09 2.2870E-09 2.2833E-09 2.2791E-09 2.2746E-09 2.2698E-09
1.8534E-09 1.8669E-09 1.8792E-09 1.8947E-09 1.9065E-09 1.9193E-09 1.9354E-09 1.9544E-09 1.9775E-09 1.9951E-09 2.0131E-09 2.0323E-09 2.0570E-09 2.0743E-09 2.0936E-09 2.1113E-09 2.1338E-09 2.1484E-09 2.1680E-09 2.1822E-09 2.1940E-09 2.2072E-09 2.2250E-09 2.2342E-09 2.2480E-09 2.2564E-09 2.2644E-09 2.2720E-09 2.2791E-09 2.2884E-09 2.2973E-09 2.3032E-09 2.3083E-09 2.3158E-09 2.3204E-09 2.3248E-09 2.3287E-09 2.3321E-09 2.3379E-09 2.3404E-09 2.3425E-09 2.3440E-09 2.3452E-09 2.3458E-09 2.3486E-09 2.3483E-09 2.3475E-09 2.3463E-09 2.3446E-09 2.3424E-09 2.3398E-09 2.3368E-09 2.3334E-09 2.3295E-09 2.3253E-09 2.3207E-09 2.3157E-09
1.8773E-09 1.8912E-09 1.9060E-09 1.9184E-09 1.9317E-09 1.9525E-09 1.9742E-09 1.9961E-09 2.0148E-09 2.0345E-09 2.0600E-09 2.0764E-09 2.0958E-09 2.1160E-09 2.1424E-09 2.1581E-09 2.1788E-09 2.1940E-09 2.2070E-09 2.2272E-09 2.2402E-09 2.2555E-09 2.2654E-09 2.2749E-09 2.2840E-09 2.2928E-09 2.3062E-09 2.3141E-09 2.3217E-09 2.3315E-09 2.3382E-09 2.3445E-09 2.3501E-09 2.3580E-09 2.3627E-09 2.3672E-09 2.3740E-09 2.3777E-09 2.3809E-09 2.3837E-09 2.3859E-09 2.3877E-09 2.3917E-09 2.3926E-09 2.3929E-09 2.3928E-09 2.3921E-09 2.3909E-09 2.3893E-09 2.3871E-09 2.3846E-09 2.3816E-09 2.3781E-09 2.3742E-09 2.3699E-09 2.3651E-09 2.3600E-09
1.9032E-09 1.9186E-09 1.9320E-09 1.9482E-09 1.9723E-09 1.9938E-09 2.0145E-09 2.0339E-09 2.0633E-09 2.0830E-09 2.1015E-09 2.1210E-09 2.1519E-09 2.1652E-09 2.1878E-09 2.2072E-09 2.2213E-09 2.2453E-09 2.2571E-09 2.2736E-09 2.2847E-09 2.2953E-09 2.3054E-09 2.3200E-09 2.3291E-09 2.3406E-09 2.3490E-09 2.3569E-09 2.3673E-09 2.3747E-09 2.3816E-09 2.3907E-09 2.3966E-09 2.4016E-09 2.4062E-09 2.4131E-09 2.4176E-09 2.4215E-09 2.4250E-09 2.4280E-09 2.4305E-09 2.4324E-09 2.4368E-09 2.4378E-09 2.4382E-09 2.4382E-09 2.4406E-09 2.4396E-09 2.4380E-09 2.4359E-09 2.4334E-09 2.4303E-09 2.4268E-09 2.4200E-09 2.4156E-09 2.4107E-09 2.4055E-09
1.9320E-09 1.9465E-09 1.9644E-09 1.9908E-09 2.0135E-09 2.0326E-09 2.0601E-09 2.0816E-09 2.1092E-09 2.1305E-09 2.1623E-09 2.1794E-09 2.1996E-09 2.2218E-09 2.2393E-09 2.2646E-09 2.2828E-09 2.2956E-09 2.3080E-09 2.3198E-09 2.3362E-09 2.3472E-09 2.3550E-09 2.3648E-09 2.3741E-09 2.3857E-09 2.3940E-09 2.4044E-09 2.4118E-09 2.4190E-09 2.4282E-09 2.4344E-09 2.4403E-09 2.4459E-09 2.4506E-09 2.4580E-09 2.4651E-09 2.4694E-09 2.4731E-09 2.4764E-09 2.4791E-09 2.4813E-09 2.4830E-09 2.4841E-09 2.4848E-09 2.4849E-09 2.4845E-09 2.4835E-09 2.4821E-09 2.4801E-09 2.4776E-09 2.4745E-09 2.4710E-09 2.4670E-09 2.4625E-09 2.4576E-09 2.4522E-09
1.9601E-09 1.9823E-09 2.0091E-09 2.0347E-09 2.0593E-09 2.0869E-09 2.1110E-09 2.1331E-09 2.1622E-09 2.1881E-09 2.2077E-09 2.2304E-09 2.2520E-09 2.2788E-09 2.2984E-09 2.3126E-09 2.3262E-09 2.3393E-09 2.3570E-09 2.3691E-09 2.3834E-09 2.3945E-09 2.4078E-09 2.4177E-09 2.4296E-09 2.4385E-09 2.4470E-09 2.4521E-09 2.4596E-09 2.4665E-09 2.4758E-09 2.4846E-09 2.4902E-09 2.4954E-09 2.5003E-09 2.5045E-09 2.5082E-09 2.5124E-09 2.5192E-09 2.5227E-09 2.5257E-09 2.5281E-09 2.5300E-09 2.5313E-09 2.5321E-09 2.5324E-09 2.5321E-09 2.5313E-09 2.5299E-09 2.5280E-09 2.5255E-09 2.5225E-09 2.5190E-09 2.5149E-09 2.5104E-09 2.5054E-09 2.4999E-09
2.0127E-09 2.0331E-09 2.0563E-09 2.0869E-09 2.1129E-09 2.1348E-09 2.1610E-09 2.1969E-09 2.2187E-09 2.2406E-09 2.2669E-09 2.2952E-09 2.3164E-09 2.3322E-09 2.3474E-09 2.3647E-09 2.3815E-09 2.3979E-09 2.4111E-09 2.4265E-09 2.4385E-09 2.4526E-09 2.4632E-09 2.4728E-09 2.4819E-09 2.4904E-09 2.5013E-09 2.5118E-09 2.5186E-09 2.5250E-09 2.5308E-09 2.5313E-09 2.5388E-09 2.5435E-09 2.5478E-09 2.5564E-09 2.5604E-09 2.5639E-09 2.5711E-09 2.5749E-09 2.5811E-09 2.5838E-09 2.5860E-09 2.5875E-09 2.5885E-09 2.5889E-09 2.5888E-09 2.5881E-09 2.5868E-09 2.5850E-09 2.5825E-09 2.5796E-09 2.5760E-09 2.5719E-09 2.5672E-09 2.5621E-09 2.5564E-09
2.0496E-09 2.0773E-09 2.1100E-09 2.1351E-09 2.1592E-09 2.1982E-09 2.2232E-09 2.2456E-09 2.2708E-09 2.3068E-09 2.3297E-09 2.3473E-09 2.3643E-09 2.3858E-09 2.4018E-09 2.4199E-09 2.4348E-09 2.4518E-09 2.4680E-09 2.4808E-09 2.4959E-09 2.5075E-09 2.5183E-09 2.5313E-09 2.5406E-09 2.5494E-09 2.5573E-09 2.5647E-09 2.5713E-09 2.5775E-09 2.5878E-09 2.5930E-09 2.6006E-09 2.6076E-09 2.6057E-09 2.6095E-09 2.6128E-09 2.6163E-09 2.6198E-09 2.6239E-09 2.6274E-09 2.6303E-09 2.6373E-09 2.6390E-09 2.6402E-09 2.6408E-09 2.6408E-09 2.6402E-09 2.6390E-09 2.6372E-09 2.6302E-09 2.6272E-09 2.6237E-09 2.6196E-09 2.6149E-09 2.6097E-09 2.6040E-09
2.1036E-09 2.1335E-09 2.1567E-09 2.1877E-09 2.2228E-09 2.2515E-09 2.2764E-09 2.3155E-09 2.3396E-09 2.3619E-09 2.3809E-09 2.4045E-09 2.4224E-09 2.4424E-09 2.4590E-09 2.4778E-09 2.4957E-09 2.5104E-09 2.5269E-09 2.5401E-09 2.5553E-09 2.5696E-09 2.5804E-09 2.5902E-09 2.5991E-09 2.6075E-09 2.6200E-09 2.6272E-09 2.6370E-09 2.6431E-09 2.6481E-09 2.6526E-09 2.6542E-09 2.6629E-09 2.6665E-09 2.6694E-09 2.6671E-09 2.6697E-09 2.6723E-09 2.6756E-09 2.6841E-09 2.6873E-09 2.6899E-09 2.6949E-09 2.6962E-09 2.6970E-09 2.6971E-09 2.6966E-09 2.6955E-09 2.6938E-09 2.6915E-09 2.6885E-09 2.6820E-09 2.6778E-09 2.6684E-09 2.6631E-09 2.6572E-09
2.1553E-09 2.1799E-09 2.2215E-09 2.2488E-09 2.2770E-09 2.3090E-09 2.3458E-09 2.3725E-09 2.3935E-09 2.4220E-09 2.4419E-09 2.4638E-09 2.4824E-09 2.5031E-09 2.5230E-09 2.5397E-09 2.5584E-09 2.5706E-09 2.5910E-09 2.6047E-09 2.6172E-09 2.6316E-09 2.6423E-09 2.6566E-09 2.6656E-09 2.6766E-09 2.6841E-09 2.6907E-09 2.7017E-09 2.7044E-09 2.7094E-09 2.7140E-09 2.7228E-09 2.7266E-09 2.7296E-09 2.7331E-09 2.7391E-09 2.7412E-09 2.7410E-09 2.7431E-09 2.7460E-09 2.7492E-09 2.7521E-09 2.7543E-09 2.7558E-09 2.7567E-09 2.7570E-09 2.7534E-09 2.7524E-09 2.7507E-09 2.7484E-09 2.7455E-09 2.7419E-09 2.7377E-09 2.7329E-09 2.7274E-09 2.7182E-09
2.2040E-09 2.2435E-09 2.2770E-09 2.3057E-09 2.3476E-09 2.3830E-09 2.4065E-09 2.4350E-09 2.4598E-09 2.4842E-09 2.5055E-09 2.5290E-09 2.5515E-09 2.5733E-09 2.5914E-09 2.6115E-09 2.6309E-09 2.6463E-09 2.6609E-09 2.6743E-09 2.6911E-09 2.7057E-09 2.7193E-09 2.7291E-09 2.7398E-09 2.7446E-09 2.7543E-09 2.7639E-09 2.7767E-09 2.7855E-09 2.7933E-09 2.7995E-09 2.8000E-09 2.8062E-09 2.8089E-09 2.8086E-09 2.8134E-09 2.8177E-09 2.8197E-09 2.8210E-09 2.8167E-09 2.8191E-09 2.8190E-09 2.8188E-09 2.8154E-09 2.8165E-09 2.8169E-09 2.8166E-09 2.8124E-09 2.8108E-09 2.8085E-09 2.8055E-09 2.8019E-09 2.7929E-09 2.7880E-09 2.7825E-09 2.7731E-09
2.2739E-09 2.3063E-09 2.3458E-09 2.3797E-09 2.4140E-09 2.4393E-09 2.4721E-09 2.5028E-09 2.5270E-09 2.5532E-09 2.5782E-09 2.6023E-09 2.6227E-09 2.6452E-09 2.6668E-09 2.6846E-09 2.7042E-09 2.7247E-09 2.7397E-09 2.7564E-09 2.7715E-09 2.7902E-09 2.8003E-09 2.8128E-09 2.8288E-09 2.8359E-09 2.8549E-09 2.8613E-09 2.8664E-09 2.8650E-09 2.8738E-09 2.8773E-09 2.8772E-09 2.8800E-09 2.8820E-09 2.8855E-09 2.8871E-09 2.8893E-09 2.8910E-09 2.8895E-09 2.8877E-09 2.8917E-09 2.8876E-09 2.8891E-09 2.8908E-09 2.8919E-09 2.8924E-09 2.8921E-09 2.8911E-09 2.8868E-09 2.8786E-09 2.8731E-09 2.8637E-09 2.8594E-09 2.8543E-09 2.8454E-09 2.8343E-09
2.3271E-09 2.3792E-09 2.4151E-09 2.4444E-09 2.4775E-09 2.5051E-09 2.5345E-09 2.5657E-09 2.5933E-09 2.6174E-09 2.6464E-09 2.6717E-09 2.6964E-09 2.7175E-09 2.7403E-09 2.7664E-09 2.7872E-09 2.8097E-09 2.8298E-09 2.8464E-09 2.8625E-09 2.8844E-09 2.9011E-09 2.9134E-09 2.9187E-09 2.9276E-09 2.9340E-09 2.9396E-09 2.9445E-09 2.9460E-09 2.9539E-09 2.9565E-09 2.9556E-09 2.9613E-09 2.9631E-09 2.9620E-09 2.9627E-09 2.9602E-09 2.9608E-09 2.9586E-09 2.9597E-09 2.9572E-09 2.9580E-09 2.9524E-09 2.9530E-09 2.9539E-09 2.9544E-09 2.9515E-09 2.9506E-09 2.9489E-09 2.9432E-09 2.9401E-09 2.9363E-09 2.9317E-09 2.9239E-09 2.9154E-09 2.9063E-09
2.4049E-09 2.4446E-09 2.4812E-09 2.5195E-09 2.5515E-09 2.5801E-09 2.6136E-09 2.6434E-09 2.6728E-09 2.7016E-09 2.7298E-09 2.7538E-09 2.7848E-09 2.8136E-09 2.8432E-09 2.8701E-09 2.8859E-09 2.9121E-09 2.9358E-09 2.9502E-09 2.9661E-09 2.9774E-09 2.9980E-09 3.0066E-09 3.0168E-09 3.0288E-09 3.0351E-09 3.0426E-09 3.0500E-09 3.0538E-09 3.0558E-09 3.0570E-09 3.0549E-09 3.0578E-09 3.0555E-09 3.0559E-09 3.0537E-09 3.0541E-09 3.0508E-09 3.0471E-09 3.0437E-09 3.0411E-09 3.0462E-09 3.0436E-09 3.0425E-09 3.0336E-09 3.0257E-09 3.0255E-09 3.0196E-09 3.0179E-09 3.0121E-09 3.0063E-09 3.0023E-09 2.9977E-09 2.9922E-09 2.9811E-09 2.9742E-09
2.4784E-09 2.5156E-09 2.5500E-09 2.5866E-09 2.6236E-09 2.6575E-09 2.6933E-09 2.7232E-09 2.7576E-09 2.7876E-09 2.8214E-09 2.8534E-09 2.8858E-09 2.9131E-09 2.9402E-09 2.9677E-09 2.9952E-09 3.0224E-09 3.0389E-09 3.0614E-09 3.0744E-09 3.0917E-09 3.1128E-09 3.1238E-09 3.1355E-09 3.1356E-09 3.1408E-09 3.1474E-09 3.1509E-09 3.1506E-09 3.1518E-09 3.1498E-09 3.1557E-09 3.1529E-09 3.1516E-09 3.1448E-09 3.1414E-09 3.1374E-09 3.1341E-09 3.1329E-09 3.1283E-09 3.1233E-09 3.1192E-09 3.1167E-09 3.1164E-09 3.1116E-09 3.1010E-09 3.0999E-09 3.0990E-09 3.0972E-09 3.0919E-09 3.0859E-09 3.0758E-09 3.0684E-09 3.0627E-09 3.0537E-09 3.0432E-09
2.5483E-09 2.5852E-09 2.6224E-09 2.6621E-09 2.7040E-09 2.7401E-09 2.7831E-09 2.8168E-09 2.8523E-09 2.8887E-09 2.9257E-09 2.9606E-09 3.0018E-09 3.0346E-09 3.0584E-09 3.0920E-09 3.1200E-09 3.1438E-09 3.1673E-09 3.1904E-09 3.2006E-09 3.2184E-09 3.2280E-09 3.2413E-09 3.2484E-09 3.2541E-09 3.2526E-09 3.2650E-09 3.2671E-09 3.2633E-09 3.2615E-09 3.2603E-09 3.2563E-09 3.2517E-09 3.2505E-09 3.2491E-09 3.2437E-09 3.2374E-09 3.2270E-09 3.2226E-09 3.2179E-09 3.2146E-09 3.2019E-09 3.1963E-09 3.1964E-09 3.1927E-09 3.1871E-09 3.1833E-09 3.1677E-09 3.1659E-09 3.1604E-09 3.1570E-09 3.1493E-09 3.1441E-09 3.1356E-09 3.1263E-09 3.1162E-09
2.6267E-09 2.6670E-09 2.7089E-09 2.7483E-09 2.7944E-09 2.8379E-09 2.8786E-09 2.9198E-09 2.9638E-09 3.0028E-09 3.0483E-09 3.0884E-09 3.1276E-09 3.1595E-09 3.1916E-09 3.2278E-09 3.2574E-09 3.2767E-09 3.3001E-09 3.3181E-09 3.3341E-09 3.3482E-09 3.3583E-09 3.3744E-09 3.3827E-09 3.3883E-09 3.3990E-09 3.3994E-09 3.4011E-09 3.3983E-09 3.3974E-09 3.3946E-09 3.3818E-09 3.3749E-09 3.3658E-09 3.3554E-09 3.3487E-09 3.3384E-09 3.3305E-09 3.3210E-09 3.3210E-09 3.3094E-09 3.2959E-09 3.2910E-09 3.2848E-09 3.2806E-09 3.2735E-09 3.2612E-09 3.2511E-09 3.2421E-09 3.2393E-09 3.2321E-09 3.2249E-09 3.2168E-09 3.2107E-09 3.2037E-09 3.1907E-09
2.7069E-09 2.7535E-09 2.7960E-09 2.8518E-09 2.8913E-09 2.9431E-09 2.9858E-09 3.0466E-09 3.0949E-09 3.1429E-09 3.1869E-09 3.2219E-09 3.2619E-09 3.3073E-09 3.3391E-09 3.3673E-09 3.3964E-09 3.4221E-09 3.4482E-09 3.4675E-09 3.4872E-09 3.5045E-09 3.5176E-09 3.5262E-09 3.5302E-09 3.5396E-09 3.5372E-09 3.5383E-09 3.5303E-09 3.5268E-09 3.5244E-09 3.5181E-09 3.5071E-09 3.4973E-09 3.4873E-09 3.4788E-09 3.4671E-09 3.4555E-09 3.4404E-09 3.4271E-09 3.4166E-09 3.4048E-09 3.3943E-09 3.3840E-09 3.3749E-09 3.3643E-09 3.3530E-09 3.3507E-09 3.3430E-09 3.3339E-09 3.3178E-09 3.3139E-09 3.3065E-09 3.2955E-09 3.2856E-09 3.2756E-09 3.2612E-09
2.7999E-09 2.8527E-09 2.9070E-09 2.9586E-09 3.0173E-09 3.0801E-09 3.1414E-09 3.1920E-09 3.2339E-09 3.2836E-09 3.3319E-09 3.3735E-09 3.4144E-09 3.4577E-09 3.4907E-09 3.5260E-09 3.5568E-09 3.5934E-09 3.6117E-09 3.6275E-09 3.6405E-09 3.6570E-09 3.6627E-09 3.6730E-09 3.6833E-09 3.6870E-09 3.6892E-09 3.6916E-09 3.6869E-09 3.6826E-09 3.6764E-09 3.6699E-09 3.6544E-09 3.6453E-09 3.6283E-09 3.6116E-09 3.5930E-09 3.5838E-09 3.5679E-09 3.5564E-09 3.5367E-09 3.5152E-09 3.4951E-09 3.4796E-09 3.4695E-09 3.4602E-09 3.4450E-09 3.4384E-09 3.4289E-09 3.4171E-09 3.4040E-09 3.3924E-09 3.3873E-09 3.3750E-09 3.3654E-09 3.3550E-09 3.3438E-09
2.9031E-09 2.9712E-09 3.0405E-09 3.1016E-09 3.1659E-09 3.2168E-09 3.2733E-09 3.3274E-09 3.3877E-09 3.4369E-09 3.4914E-09 3.5383E-09 3.5825E-09 3.6237E-09 3.6657E-09 3.7023E-09 3.7320E-09 3.7546E-09 3.7822E-09 3.7967E-09 3.8160E-09 3.8334E-09 3.8394E-09 3.8520E-09 3.8557E-09 3.8588E-09 3.8561E-09 3.8495E-09 3.8425E-09 3.8343E-09 3.8246E-09 3.8136E-09 3.8034E-09 3.7869E-09 3.7680E-09 3.7492E-09 3.7323E-09 3.7121E-09 3.6866E-09 3.6687E-09 3.6535E-09 3.6395E-09 3.6165E-09 3.5927E-09 3.5776E-09 3.5632E-09 3.5467E-09 3.5329E-09 3.5217E-09 3.5053E-09 3.4951E-09 3.4834E-09 3.4614E-09 3.4523E-09 3.4452E-09 3.4372E-09 3.4253E-09
3.0348E-09 3.0999E-09 3.1754E-09 3.2302E-09 3.2974E-09 3.3678E-09 3.4418E-09 3.4983E-09 3.5542E-09 3.6095E-09 3.6614E-09 3.7211E-09 3.7688E-09 3.8059E-09 3.8427E-09 3.8857E-09 3.9154E-09 3.9460E-09 3.9730E-09 3.9933E-09 4.0076E-09 4.0188E-09 4.0219E-09 4.0276E-09 4.0305E-09 4.0274E-09 4.0212E-09 4.0138E-09 4.0073E-09 3.9905E-09 3.9780E-09 3.9640E-09 3.9490E-09 3.9303E-09 3.9156E-09 3.8920E-09 3.8734E-09 3.8502E-09 3.8263E-09 3.7985E-09 3.7760E-09 3.7568E-09 3.7363E-09 3.7142E-09 3.6961E-09 3.6700E-09 3.6486E-09 3.6329E-09 3.6167E-09 3.6059E-09 3.5933E-09 3.5757E-09 3.5569E-09 3.5405E-09 3.5302E-09 3.5160E-09 3.5037E-09
3.1687E-09 3.2461E-09 3.3152E-09 3.3925E-09 3.4781E-09 3.5401E-09 3.6026E-09 3.6617E-09 3.7279E-09 3.7930E-09 3.8500E-09 3.9055E-09 3.9542E-09 4.0040E-09 4.0445E-09 4.0911E-09 4.1186E-09 4.1432E-09 4.1670E-09 4.1839E-09 4.1970E-09 4.2066E-09 4.2136E-09 4.2155E-09 4.2169E-09 4.2155E-09 4.2089E-09 4.1978E-09 4.1851E-09 4.1706E-09 4.1515E-09 4.1338E-09 4.1133E-09 4.0929E-09 4.0668E-09 4.0441E-09 4.0198E-09 3.9970E-09 3.9724E-09 3.9393E-09 3.9083E-09 3.8851E-09 3.8578E-09 3.8342E-09 3.8132E-09 3.7892E-09 3.7681E-09 3.7455E-09 3.7210E-09 3.7002E-09 3.6841E-09 3.6696E-09 3.6555E-09 3.6345E-09 3.6139E-09 3.6020E-09 3.5921E-09
