Assets/Resources/2015_m01_d22_0700(utc+0800)_l00_csi_1hr_conc.grd
DSAA
         159         159
     -79.000      79.000
     -79.000      79.000
  0.0000E+00  0.2346E-04
[rows 75 to 99 of 159, columns 57 to 113 of 159]
0.0000E+00 0.0000E+00 0.0000E+00 0.0000E+00 0.0000E+00 0.0000E+00 0.0000E+00 0.0000E+00 1.6451E-12 7.9048E-12 2.1785E-11 3.4762E-11 7.0331E-11 7.4483E-09 1.0500E-08 1.4750E-08 2.1304E-08 5.0501E-08 7.8310E-08 1.2177E-07 1.8548E-07 2.5049E-07 2.0634E-07 2.1365E-07 2.3259E-07 2.2932E-07 2.0773E-07 1.7651E-07 1.4633E-07 1.2217E-07 1.0273E-07 8.7369E-08 7.5693E-08 6.6801E-08 5.9855E-08 5.4041E-08 4.9321E-08 4.5657E-08 4.2594E-08 3.9931E-08 3.7547E-08 3.5413E-08 3.3543E-08 3.1820E-08 3.0174E-08 2.8551E-08 2.6938E-08 2.5378E-08 2.3859E-08 2.2419E-08 2.1084E-08 1.9852E-08 1.8739E-08 1.7694E-08 1.6742E-08 1.5871E-08 1.5084E-08
0.0000E+00 0.0000E+00 0.0000E+00 0.0000E+00 0.0000E+00 0.0000E+00 0.0000E+00 0.0000E+00 1.2340E-12 6.7950E-12 1.9372E-11 3.4344E-11 5.9644E-09 8.5742E-09 1.2182E-08 1.7487E-08 2.6105E-08 6.6054E-08 1.0721E-07 1.7394E-07 2.8802E-07 4.5666E-07 4.2070E-07 3.2611E-07 3.3183E-07 3.0573E-07 2.5997E-07 2.0984E-07 1.6365E-07 1.3015E-07 1.0715E-07 8.9917E-08 7.7255E-08 6.7876E-08 6.0726E-08 5.4829E-08 5.0008E-08 4.6240E-08 4.3059E-08 4.0294E-08 3.7830E-08 3.5621E-08 3.3677E-08 3.1896E-08 3.0179E-08 2.8503E-08 2.6842E-08 2.5237E-08 2.3672E-08 2.2196E-08 2.0816E-08 1.9554E-08 1.8411E-08 1.7356E-08 1.6398E-08 1.5520E-08 1.4736E-08
0.0000E+00 0.0000E+00 0.0000E+00 0.0000E+00 0.0000E+00 0.0000E+00 0.0000E+00 0.0000E+00 7.6010E-13 5.9556E-12 1.6463E-11 3.3473E-11 6.5882E-09 9.4268E-09 1.3497E-08 1.9704E-08 5.0302E-08 8.0038E-08 1.3504E-07 2.3122E-07 4.2307E-07 7.8550E-07 1.0028E-06 5.9659E-07 4.4971E-07 3.6543E-07 2.9144E-07 2.2429E-07 1.6945E-07 1.2976E-07 1.0435E-07 8.7288E-08 7.5037E-08 6.6114E-08 5.9410E-08 5.3966E-08 4.9407E-08 4.5670E-08 4.2507E-08 3.9740E-08 3.7263E-08 3.5026E-08 3.3046E-08 3.1237E-08 2.9546E-08 2.7906E-08 2.6291E-08 2.4723E-08 2.3186E-08 2.1725E-08 2.0358E-08 1.9087E-08 1.7943E-08 1.6885E-08 1.5933E-08 1.5067E-08 1.4293E-08
0.0000E+00 0.0000E+00 0.0000E+00 0.0000E+00 0.0000E+00 0.0000E+00 0.0000E+00 0.0000E+00 1.9249E-13 4.9567E-12 1.4099E-11 3.2226E-11 6.9491E-09 9.9145E-09 1.4236E-08 2.0919E-08 5.5141E-08 8.8511E-08 1.5339E-07 2.7148E-07 5.4669E-07 1.1876E-06 2.3541E-06 1.1680E-06 5.6087E-07 3.7569E-07 2.8312E-07 2.1034E-07 1.5679E-07 1.1868E-07 9.4897E-08 7.9952E-08 6.9434E-08 6.1808E-08 5.6108E-08 5.1521E-08 4.7530E-08 4.4051E-08 4.1074E-08 3.8424E-08 3.6059E-08 3.3879E-08 3.1935E-08 3.0161E-08 2.8508E-08 2.6917E-08 2.5359E-08 2.3846E-08 2.2362E-08 2.0954E-08 1.9627E-08 1.8403E-08 1.7290E-08 1.6274E-08 1.5357E-08 1.4519E-08 1.3775E-08
0.0000E+00 0.0000E+00 0.0000E+00 0.0000E+00 0.0000E+00 0.0000E+00 0.0000E+00 0.0000E+00 0.0000E+00 3.3889E-12 1.1275E-11 3.0552E-11 7.0253E-09 9.9584E-09 1.4260E-08 2.0817E-08 5.5540E-08 8.8490E-08 1.5476E-07 2.7523E-07 1.5475E-06 2.3458E-05 3.6741E-06 1.5030E-06 5.5042E-07 3.1751E-07 2.3087E-07 1.7073E-07 1.2851E-07 9.9741E-08 8.1063E-08 6.9427E-08 6.1481E-08 5.5678E-08 5.1285E-08 4.7761E-08 4.4563E-08 4.1496E-08 3.8851E-08 3.6441E-08 3.4261E-08 3.2229E-08 3.0381E-08 2.8703E-08 2.7136E-08 2.5629E-08 2.4155E-08 2.2726E-08 2.1330E-08 1.9996E-08 1.8744E-08 1.7574E-08 1.6519E-08 1.5548E-08 1.4683E-08 1.3896E-08 1.3192E-08
0.0000E+00 0.0000E+00 0.0000E+00 0.0000E+00 0.0000E+00 0.0000E+00 0.0000E+00 0.0000E+00 0.0000E+00 1.5521E-12 7.9227E-12 2.7931E-11 6.8151E-09 9.5952E-09 1.3568E-08 1.9455E-08 5.1463E-08 8.0898E-08 1.3889E-07 2.4457E-07 5.1715E-07 1.2186E-06 2.0874E-06 9.1490E-07 3.5779E-07 2.1449E-07 1.5823E-07 1.2016E-07 9.4122E-08 7.6377E-08 6.5062E-08 5.7289E-08 5.2357E-08 4.8564E-08 4.5440E-08 4.3125E-08 4.0725E-08 3.8229E-08 3.5972E-08 3.3904E-08 3.1973E-08 3.0152E-08 2.8465E-08 2.6929E-08 2.5481E-08 2.4090E-08 2.2728E-08 2.1407E-08 2.0119E-08 1.8882E-08 1.7719E-08 1.6636E-08 1.5645E-08 1.4742E-08 1.3931E-08 1.3198E-08 1.2551E-08
0.0000E+00 0.0000E+00 0.0000E+00 0.0000E+00 0.0000E+00 0.0000E+00 0.0000E+00 0.0000E+00 0.0000E+00 7.8704E-13 6.0700E-12 2.1378E-11 6.3358E-09 8.8633E-09 1.2308E-08 1.7223E-08 4.4216E-08 6.8150E-08 1.1308E-07 1.9372E-07 3.8123E-07 7.1372E-07 5.2247E-07 2.8353E-07 1.6596E-07 1.1959E-07 9.3884E-08 7.3650E-08 6.2868E-08 5.4938E-08 4.9010E-08 4.5885E-08 4.2711E-08 4.0959E-08 3.9397E-08 3.7994E-08 3.6317E-08 3.4362E-08 3.2642E-08 3.0961E-08 2.9318E-08 2.7768E-08 2.6275E-08 2.4907E-08 2.3608E-08 2.2350E-08 2.1127E-08 1.9929E-08 1.8768E-08 1.7644E-08 1.6591E-08 1.5597E-08 1.4693E-08 1.3860E-08 1.3117E-08 1.2453E-08 1.1857E-08
0.0000E+00 0.0000E+00 0.0000E+00 0.0000E+00 0.0000E+00 0.0000E+00 0.0000E+00 0.0000E+00 0.0000E+00 0.0000E+00 4.3629E-12 1.3332E-11 4.0689E-11 7.8785E-09 1.0724E-08 1.4611E-08 1.9947E-08 5.3761E-08 8.5628E-08 1.3960E-07 2.3421E-07 2.5489E-07 8.3756E-08 6.2663E-08 5.9339E-08 4.8223E-08 4.4502E-08 4.1283E-08 3.6370E-08 3.5007E-08 3.4945E-08 3.5041E-08 3.4579E-08 3.4047E-08 3.3432E-08 3.2368E-08 3.1573E-08 3.0397E-08 2.9091E-08 2.7734E-08 2.6441E-08 2.5152E-08 2.3902E-08 2.2708E-08 2.1585E-08 2.0480E-08 1.9404E-08 1.8342E-08 1.7314E-08 1.6317E-08 1.5373E-08 1.4492E-08 1.3675E-08 1.2932E-08 1.2261E-08 1.1662E-08 1.1130E-08
0.0000E+00 0.0000E+00 0.0000E+00 0.0000E+00 0.0000E+00 0.0000E+00 0.0000E+00 0.0000E+00 0.0000E+00 0.0000E+00 1.8398E-12 8.3760E-12 3.1060E-11 6.7530E-09 9.0456E-09 1.1983E-08 1.5743E-08 2.2661E-08 6.1155E-08 9.0849E-08 1.1378E-07 5.2619E-08 3.0712E-08 2.9488E-08 2.8557E-08 2.7474E-08 2.5297E-08 2.4989E-08 2.4598E-08 2.4604E-08 2.5111E-08 2.6290E-08 2.7028E-08 2.7148E-08 2.7457E-08 2.7473E-08 2.7098E-08 2.6264E-08 2.5410E-08 2.4462E-08 2.3476E-08 2.2448E-08 2.1429E-08 2.0430E-08 1.9473E-08 1.8537E-08 1.7608E-08 1.6693E-08 1.5797E-08 1.4935E-08 1.4112E-08 1.3344E-08 1.2624E-08 1.1973E-08 1.1378E-08 1.0853E-08 1.0376E-08
0.0000E+00 0.0000E+00 0.0000E+00 0.0000E+00 0.0000E+00 0.0000E+00 0.0000E+00 0.0000E+00 0.0000E+00 0.0000E+00 6.7085E-13 5.8439E-12 2.2208E-11 5.7610E-11 7.4124E-09 9.5886E-09 1.2205E-08 1.6938E-08 2.4420E-08 5.1790E-08 4.0543E-08 1.2368E-08 1.3792E-08 1.4494E-08 1.1380E-08 1.2751E-08 1.2557E-08 1.4059E-08 1.4796E-08 1.6746E-08 1.9239E-08 2.0136E-08 2.1348E-08 2.2150E-08 2.2645E-08 2.2895E-08 2.2717E-08 2.2398E-08 2.1875E-08 2.1241E-08 2.0505E-08 1.9746E-08 1.8943E-08 1.8142E-08 1.7354E-08 1.6584E-08 1.5803E-08 1.5033E-08 1.4268E-08 1.3537E-08 1.2834E-08 1.2177E-08 1.1560E-08 1.0997E-08 1.0486E-08 1.0029E-08 9.6194E-09
0.0000E+00 0.0000E+00 0.0000E+00 0.0000E+00 0.0000E+00 0.0000E+00 0.0000E+00 0.0000E+00 0.0000E+00 0.0000E+00 0.0000E+00 3.3612E-12 1.1074E-11 4.3982E-11 8.5265E-11 7.4998E-09 9.3245E-09 1.2246E-08 1.5307E-08 1.4848E-08 4.3639E-09 5.4856E-09 4.4714E-09 5.5717E-09 5.7284E-09 7.0170E-09 8.5020E-09 9.4558E-09 1.1149E-08 1.2309E-08 1.3934E-08 1.5364E-08 1.6563E-08 1.7805E-08 1.8199E-08 1.8652E-08 1.8844E-08 1.8788E-08 1.8538E-08 1.8143E-08 1.7673E-08 1.7119E-08 1.6529E-08 1.5901E-08 1.5289E-08 1.4666E-08 1.4030E-08 1.3393E-08 1.2764E-08 1.2151E-08 1.1568E-08 1.1014E-08 1.0503E-08 1.0028E-08 9.5968E-09 9.2094E-09 8.8614E-09
0.0000E+00 0.0000E+00 0.0000E+00 0.0000E+00 0.0000E+00 0.0000E+00 0.0000E+00 0.0000E+00 0.0000E+00 0.0000E+00 0.0000E+00 1.0920E-12 6.5204E-12 2.6733E-11 6.8013E-11 1.0784E-10 6.9929E-09 8.3791E-09 8.6478E-09 5.9161E-09 1.4385E-09 1.9995E-09 2.2844E-09 3.0206E-09 3.8721E-09 4.5481E-09 5.7363E-09 7.0252E-09 8.1234E-09 9.5149E-09 1.0848E-08 1.2058E-08 1.3114E-08 1.3978E-08 1.4635E-08 1.5120E-08 1.5414E-08 1.5514E-08 1.5465E-08 1.5293E-08 1.5013E-08 1.4658E-08 1.4234E-08 1.3789E-08 1.3316E-08 1.2829E-08 1.2332E-08 1.1816E-08 1.1314E-08 1.0812E-08 1.0339E-08 9.8840E-09 9.4649E-09 9.0762E-09 8.7277E-09 8.4048E-09 8.1218E-09
0.0000E+00 0.0000E+00 0.0000E+00 0.0000E+00 0.0000E+00 0.0000E+00 0.0000E+00 0.0000E+00 0.0000E+00 0.0000E+00 0.0000E+00 0.0000E+00 3.8940E-12 1.3525E-11 4.9676E-11 8.9316E-11 1.3449E-10 2.1970E-10 3.6298E-10 5.2732E-10 7.4495E-10 1.1643E-09 1.5934E-09 1.9866E-09 2.6102E-09 3.3627E-09 4.1149E-09 5.1164E-09 6.1878E-09 7.2903E-09 8.3689E-09 9.3866E-09 1.0282E-08 1.1038E-08 1.1645E-08 1.2113E-08 1.2432E-08 1.2639E-08 1.2732E-08 1.2719E-08 1.2591E-08 1.2386E-08 1.2121E-08 1.1816E-08 1.1477E-08 1.1111E-08 1.0726E-08 1.0330E-08 9.9338E-09 9.5386E-09 9.1575E-09 8.8025E-09 8.4685E-09 8.1644E-09 7.8847E-09 7.6282E-09 7.4013E-09
0.0000E+00 0.0000E+00 0.0000E+00 0.0000E+00 0.0000E+00 0.0000E+00 0.0000E+00 0.0000E+00 0.0000E+00 0.0000E+00 0.0000E+00 0.0000E+00 1.1451E-12 6.5114E-12 2.9191E-11 6.9153E-11 1.0606E-10 1.6555E-10 2.6514E-10 4.1193E-10 5.7398E-10 7.8516E-10 1.0758E-09 1.4349E-09 1.8962E-09 2.4473E-09 3.1074E-09 3.8507E-09 4.6829E-09 5.5585E-09 6.4311E-09 7.2523E-09 7.9965E-09 8.6395E-09 9.1566E-09 9.5917E-09 9.9308E-09 1.0180E-08 1.0358E-08 1.0440E-08 1.0433E-08 1.0353E-08 1.0214E-08 1.0017E-08 9.7894E-09 9.5264E-09 9.2498E-09 8.9553E-09 8.6517E-09 8.3508E-09 8.0562E-09 7.7847E-09 7.5281E-09 7.2982E-09 7.0790E-09 6.8848E-09 6.7071E-09
0.0000E+00 0.0000E+00 0.0000E+00 0.0000E+00 0.0000E+00 0.0000E+00 0.0000E+00 0.0000E+00 0.0000E+00 0.0000E+00 0.0000E+00 0.0000E+00 0.0000E+00 3.3773E-12 1.0908E-11 4.9191E-11 8.5538E-11 1.2498E-10 1.8956E-10 3.0911E-10 4.3955E-10 6.0125E-10 8.1240E-10 1.0848E-09 1.4188E-09 1.8437E-09 2.3341E-09 2.9060E-09 3.5304E-09 4.2064E-09 4.9051E-09 5.5693E-09 6.1649E-09 6.6991E-09 7.1641E-09 7.5493E-09 7.8645E-09 8.1089E-09 8.3204E-09 8.4833E-09 8.5617E-09 8.5693E-09 8.5117E-09 8.4144E-09 8.2710E-09 8.1055E-09 7.9124E-09 7.7000E-09 7.4840E-09 7.2575E-09 7.0470E-09 6.8367E-09 6.6545E-09 6.4764E-09 6.3215E-09 6.1804E-09 6.0537E-09
0.0000E+00 0.0000E+00 0.0000E+00 0.0000E+00 0.0000E+00 0.0000E+00 0.0000E+00 0.0000E+00 0.0000E+00 0.0000E+00 0.0000E+00 0.0000E+00 0.0000E+00 7.8609E-13 5.7497E-12 2.3744E-11 6.3894E-11 9.7518E-11 1.4336E-10 2.1468E-10 3.3470E-10 4.6293E-10 6.1017E-10 8.1721E-10 1.0708E-09 1.3788E-09 1.7478E-09 2.1739E-09 2.6573E-09 3.1749E-09 3.7283E-09 4.2613E-09 4.7416E-09 5.1745E-09 5.5624E-09 5.8927E-09 6.1621E-09 6.4069E-09 6.6386E-09 6.8308E-09 6.9625E-09 7.0162E-09 7.0306E-09 6.9980E-09 6.9383E-09 6.8419E-09 6.7140E-09 6.5770E-09 6.4240E-09 6.2698E-09 6.1181E-09 5.9696E-09 5.8390E-09 5.7194E-09 5.6194E-09 5.5215E-09 5.4371E-09
0.0000E+00 0.0000E+00 0.0000E+00 0.0000E+00 0.0000E+00 0.0000E+00 0.0000E+00 0.0000E+00 0.0000E+00 0.0000E+00 0.0000E+00 0.0000E+00 0.0000E+00 0.0000E+00 1.8410E-12 7.4494E-12 4.0295E-11 7.2684E-11 1.0849E-10 1.5721E-10 2.3872E-10 3.4789E-10 4.6778E-10 6.1388E-10 8.0533E-10 1.0256E-09 1.2981E-09 1.6243E-09 1.9952E-09 2.3933E-09 2.8110E-09 3.2207E-09 3.5973E-09 3.9513E-09 4.2827E-09 4.5724E-09 4.8279E-09 5.0479E-09 5.2645E-09 5.4500E-09 5.5976E-09 5.6885E-09 5.7504E-09 5.7786E-09 5.7675E-09 5.7291E-09 5.6557E-09 5.5707E-09 5.4830E-09 5.3836E-09 5.2853E-09 5.1914E-09 5.1012E-09 5.0340E-09 4.9657E-09 4.9076E-09 4.8581E-09
0.0000E+00 0.0000E+00 0.0000E+00 0.0000E+00 0.0000E+00 0.0000E+00 0.0000E+00 0.0000E+00 0.0000E+00 0.0000E+00 0.0000E+00 0.0000E+00 0.0000E+00 0.0000E+00 0.0000E+00 4.0056E-12 1.0871E-11 5.1873E-11 8.1068E-11 1.1656E-10 1.6657E-10 2.5047E-10 3.5203E-10 4.6089E-10 6.0101E-10 7.6801E-10 9.8146E-10 1.2102E-09 1.4889E-09 1.8050E-09 2.1273E-09 2.4379E-09 2.7411E-09 3.0184E-09 3.2968E-09 3.5473E-09 3.7613E-09 3.9537E-09 4.1338E-09 4.3117E-09 4.4723E-09 4.5939E-09 4.6833E-09 4.7354E-09 4.7650E-09 4.7615E-09 4.7403E-09 4.7055E-09 4.6554E-09 4.6020E-09 4.5462E-09 4.4894E-09 4.4467E-09 4.4005E-09 4.3706E-09 4.3448E-09 4.3280E-09
0.0000E+00 0.0000E+00 0.0000E+00 0.0000E+00 0.0000E+00 0.0000E+00 0.0000E+00 0.0000E+00 0.0000E+00 0.0000E+00 0.0000E+00 0.0000E+00 0.0000E+00 0.0000E+00 0.0000E+00 7.9262E-13 5.4147E-12 1.9394E-11 5.7820E-11 8.6346E-11 1.2258E-10 1.6996E-10 2.5670E-10 3.4602E-10 4.5069E-10 5.7805E-10 7.2039E-10 9.1013E-10 1.1213E-09 1.3479E-09 1.5951E-09 1.8459E-09 2.0733E-09 2.2971E-09 2.5046E-09 2.6506E-09 2.8400E-09 3.0219E-09 3.1924E-09 3.3456E-09 3.5636E-09 3.6877E-09 3.7806E-09 3.8570E-09 3.9086E-09 3.9469E-09 3.9601E-09 3.9273E-09 3.9197E-09 3.9090E-09 3.8929E-09 3.8697E-09 3.8493E-09 3.8393E-09 3.8327E-09 3.8361E-09 3.8349E-09
0.0000E+00 0.0000E+00 0.0000E+00 0.0000E+00 0.0000E+00 0.0000E+00 0.0000E+00 0.0000E+00 0.0000E+00 0.0000E+00 0.0000E+00 0.0000E+00 0.0000E+00 0.0000E+00 0.0000E+00 0.0000E+00 1.4980E-12 6.4532E-12 2.6821E-11 6.1234E-11 8.8516E-11 1.2616E-10 1.6603E-10 2.5527E-10 3.3331E-10 4.2932E-10 5.4484E-10 6.7537E-10 8.2988E-10 1.0136E-09 1.1746E-09 1.3541E-09 1.5362E-09 1.7209E-09 1.8950E-09 2.0615E-09 2.2149E-09 2.3635E-09 2.5038E-09 2.6433E-09 2.7562E-09 2.9331E-09 2.9749E-09 3.0701E-09 3.1720E-09 3.2338E-09 3.2670E-09 3.2926E-09 3.3107E-09 3.3159E-09 3.3236E-09 3.3245E-09 3.3189E-09 3.3354E-09 3.3498E-09 3.3701E-09 3.3925E-09
0.0000E+00 0.0000E+00 0.0000E+00 0.0000E+00 0.0000E+00 0.0000E+00 0.0000E+00 0.0000E+00 0.0000E+00 0.0000E+00 0.0000E+00 0.0000E+00 0.0000E+00 0.0000E+00 0.0000E+00 0.0000E+00 0.0000E+00 2.0349E-12 7.1783E-12 3.0741E-11 6.1919E-11 8.8103E-11 1.2609E-10 1.6145E-10 2.4016E-10 3.2262E-10 4.0618E-10 4.9879E-10 6.2631E-10 7.5581E-10 8.8935E-10 1.0256E-09 1.1668E-09 1.3104E-09 1.4476E-09 1.5838E-09 1.7129E-09 1.7828E-09 1.8642E-09 2.0335E-09 2.1532E-09 2.2535E-09 2.4020E-09 2.4976E-09 2.5738E-09 2.6410E-09 2.6874E-09 2.7550E-09 2.7596E-09 2.7796E-09 2.8122E-09 2.8416E-09 2.8699E-09 2.8926E-09 2.9215E-09 2.9549E-09 2.9806E-09
0.0000E+00 0.0000E+00 0.0000E+00 0.0000E+00 0.0000E+00 0.0000E+00 0.0000E+00 0.0000E+00 0.0000E+00 0.0000E+00 0.0000E+00 0.0000E+00 0.0000E+00 0.0000E+00 0.0000E+00 0.0000E+00 0.0000E+00 0.0000E+00 2.4091E-12 7.5958E-12 3.1208E-11 6.1249E-11 8.7798E-11 1.2074E-10 1.5604E-10 2.1546E-10 3.0276E-10 3.7380E-10 4.6123E-10 5.5857E-10 6.7156E-10 7.7460E-10 8.5405E-10 9.4672E-10 1.0624E-09 1.1712E-09 1.2722E-09 1.3763E-09 1.4740E-09 1.5728E-09 1.7202E-09 1.8042E-09 1.8948E-09 1.9415E-09 2.0451E-09 2.1213E-09 2.1972E-09 2.2465E-09 2.2937E-09 2.3380E-09 2.3783E-09 2.4382E-09 2.4704E-09 2.4916E-09 2.5340E-09 2.5749E-09 2.6222E-09
0.0000E+00 0.0000E+00 0.0000E+00 0.0000E+00 0.0000E+00 0.0000E+00 0.0000E+00 0.0000E+00 0.0000E+00 0.0000E+00 0.0000E+00 0.0000E+00 0.0000E+00 0.0000E+00 0.0000E+00 0.0000E+00 0.0000E+00 0.0000E+00 0.0000E+00 2.6200E-12 7.6645E-12 2.7784E-11 6.0199E-11 8.3454E-11 1.0915E-10 1.4750E-10 1.9541E-10 2.7017E-10 3.2876E-10 3.9156E-10 4.8390E-10 5.6884E-10 6.4553E-10 7.2883E-10 8.1771E-10 9.1697E-10 1.0057E-09 1.0881E-09 1.1493E-09 1.2218E-09 1.2703E-09 1.3871E-09 1.4746E-09 1.5511E-09 1.6233E-09 1.7404E-09 1.8202E-09 1.8788E-09 1.9090E-09 1.9608E-09 1.9994E-09 2.0441E-09 2.0932E-09 2.1418E-09 2.1838E-09 2.2511E-09 2.3001E-09
0.0000E+00 0.0000E+00 0.0000E+00 0.0000E+00 0.0000E+00 0.0000E+00 0.0000E+00 0.0000E+00 0.0000E+00 0.0000E+00 0.0000E+00 0.0000E+00 0.0000E+00 0.0000E+00 0.0000E+00 0.0000E+00 0.0000E+00 0.0000E+00 0.0000E+00 0.0000E+00 2.6583E-12 7.4504E-12 2.1157E-11 5.6371E-11 7.4396E-11 1.0364E-10 1.2890E-10 1.7392E-10 2.3747E-10 2.9695E-10 3.4614E-10 4.2310E-10 4.9919E-10 5.6202E-10 6.1577E-10 6.6002E-10 7.4407E-10 8.1664E-10 8.8436E-10 9.5887E-10 1.0276E-09 1.1015E-09 1.1989E-09 1.2420E-09 1.3161E-09 1.3593E-09 1.4579E-09 1.5221E-09 1.5790E-09 1.6352E-09 1.6996E-09 1.7531E-09 1.7898E-09 1.8367E-09 1.8831E-09 1.9234E-09 1.9544E-09
0.0000E+00 0.0000E+00 0.0000E+00 0.0000E+00 0.0000E+00 0.0000E+00 0.0000E+00 0.0000E+00 0.0000E+00 0.0000E+00 0.0000E+00 0.0000E+00 0.0000E+00 0.0000E+00 0.0000E+00 0.0000E+00 0.0000E+00 0.0000E+00 0.0000E+00 0.0000E+00 0.0000E+00 2.5020E-12 6.7924E-12 1.1744E-11 4.7518E-11 7.0509E-11 8.9852E-11 1.2120E-10 1.5260E-10 1.8710E-10 2.4414E-10 2.9858E-10 3.6005E-10 4.1969E-10 4.6821E-10 5.2266E-10 5.7829E-10 6.4457E-10 7.1371E-10 7.5264E-10 7.8794E-10 8.5242E-10 9.1167E-10 9.7720E-10 1.0669E-09 1.1360E-09 1.1946E-09 1.2541E-09 1.3132E-09 1.3631E-09 1.4048E-09 1.4500E-09 1.5005E-09 1.5784E-09 1.6138E-09 1.6532E-09 1.7057E-09
