Assets/Resources/2015_m01_d01_0900(utc+0800)_l00_csi_1hr_conc.grd
DSAA
         159         159
     -79.000      79.000
     -79.000      79.000
  0.0000E+00  0.1931E-05
[rows 25 to 49 of 159, columns 57 to 113 of 159]
0.0000E+00 0.0000E+00 0.0000E+00 0.0000E+00 0.0000E+00 0.0000E+00 0.0000E+00 0.0000E+00 0.0000E+00 0.0000E+00 0.0000E+00 0.0000E+00 0.0000E+00 0.0000E+00 0.0000E+00 0.0000E+00 0.0000E+00 0.0000E+00 0.0000E+00 0.0000E+00 0.0000E+00 0.0000E+00 0.0000E+00 0.0000E+00 0.0000E+00 0.0000E+00 0.0000E+00 4.4203E-12 2.9650E-11 8.4791E-11 1.6727E-10 2.7201E-10 3.8633E-10 5.2024E-10 6.8482E-10 8.8631E-10 1.1326E-09 1.4240E-09 1.7631E-09 2.1514E-09 2.5865E-09 3.0651E-09 3.5781E-09 4.1198E-09 4.6826E-09 5.2583E-09 5.8381E-09 6.4115E-09 6.9659E-09 7.4929E-09 7.9833E-09 8.4313E-09 8.8299E-09 9.1747E-09 9.4622E-09 9.6924E-09 9.8615E-09
0.0000E+00 0.0000E+00 0.0000E+00 0.0000E+00 0.0000E+00 0.0000E+00 0.0000E+00 0.0000E+00 0.0000E+00 0.0000E+00 0.0000E+00 0.0000E+00 0.0000E+00 0.0000E+00 0.0000E+00 0.0000E+00 0.0000E+00 0.0000E+00 0.0000E+00 0.0000E+00 0.0000E+00 0.0000E+00 0.0000E+00 0.0000E+00 0.0000E+00 0.0000E+00 0.0000E+00 1.3095E-11 4.6268E-11 1.1793E-10 2.1356E-10 3.1729E-10 4.4022E-10 5.9016E-10 7.7489E-10 1.0044E-09 1.2775E-09 1.6023E-09 1.9759E-09 2.3989E-09 2.8719E-09 3.3885E-09 3.9414E-09 4.5184E-09 5.1123E-09 5.7118E-09 6.3074E-09 6.8889E-09 7.4447E-09 7.9635E-09 8.4370E-09 8.8569E-09 9.2189E-09 9.5188E-09 9.7547E-09 9.9254E-09 1.0034E-08
0.0000E+00 0.0000E+00 0.0000E+00 0.0000E+00 0.0000E+00 0.0000E+00 0.0000E+00 0.0000E+00 0.0000E+00 0.0000E+00 0.0000E+00 0.0000E+00 0.0000E+00 0.0000E+00 0.0000E+00 0.0000E+00 0.0000E+00 0.0000E+00 0.0000E+00 0.0000E+00 0.0000E+00 0.0000E+00 0.0000E+00 0.0000E+00 0.0000E+00 0.0000E+00 5.0187E-12 2.4694E-11 7.1897E-11 1.5724E-10 2.5010E-10 3.6282E-10 5.0014E-10 6.6914E-10 8.8025E-10 1.1365E-09 1.4433E-09 1.8004E-09 2.2109E-09 2.6748E-09 3.1855E-09 3.7449E-09 4.3342E-09 4.9465E-09 5.5709E-09 6.1946E-09 6.8054E-09 7.3925E-09 7.9443E-09 8.4498E-09 8.8996E-09 9.2870E-09 9.6074E-09 9.8580E-09 1.0038E-08 1.0147E-08 1.0190E-08
0.0000E+00 0.0000E+00 0.0000E+00 0.0000E+00 0.0000E+00 0.0000E+00 0.0000E+00 0.0000E+00 0.0000E+00 0.0000E+00 0.0000E+00 0.0000E+00 0.0000E+00 0.0000E+00 0.0000E+00 0.0000E+00 0.0000E+00 0.0000E+00 0.0000E+00 0.0000E+00 0.0000E+00 0.0000E+00 0.0000E+00 0.0000E+00 0.0000E+00 4.5446E-13 1.1406E-11 4.0030E-11 1.0240E-10 1.8959E-10 2.9053E-10 4.1254E-10 5.6769E-10 7.6252E-10 9.9996E-10 1.2858E-09 1.6267E-09 2.0237E-09 2.4751E-09 2.9784E-09 3.5309E-09 4.1291E-09 4.7600E-09 5.4086E-09 6.0629E-09 6.7085E-09 7.3321E-09 7.9205E-09 8.4625E-09 8.9496E-09 9.3710E-09 9.7202E-09 9.9923E-09 1.0188E-08 1.0307E-08 1.0351E-08 1.0324E-08
0.0000E+00 0.0000E+00 0.0000E+00 0.0000E+00 0.0000E+00 0.0000E+00 0.0000E+00 0.0000E+00 0.0000E+00 0.0000E+00 0.0000E+00 0.0000E+00 0.0000E+00 0.0000E+00 0.0000E+00 0.0000E+00 0.0000E+00 0.0000E+00 0.0000E+00 0.0000E+00 0.0000E+00 0.0000E+00 0.0000E+00 0.0000E+00 0.0000E+00 2.4880E-12 1.7901E-11 5.7891E-11 1.3134E-10 2.2498E-10 3.3011E-10 4.6827E-10 6.4882E-10 8.6824E-10 1.1343E-09 1.4539E-09 1.8303E-09 2.2661E-09 2.7607E-09 3.3102E-09 3.9078E-09 4.5459E-09 5.2157E-09 5.8991E-09 6.5813E-09 7.2465E-09 7.8806E-09 8.4678E-09 8.9968E-09 9.4562E-09 9.8424E-09 1.0147E-08 1.0369E-08 1.0504E-08 1.0557E-08 1.0533E-08 1.0436E-08
0.0000E+00 0.0000E+00 0.0000E+00 0.0000E+00 0.0000E+00 0.0000E+00 0.0000E+00 0.0000E+00 0.0000E+00 0.0000E+00 0.0000E+00 0.0000E+00 0.0000E+00 0.0000E+00 0.0000E+00 0.0000E+00 0.0000E+00 0.0000E+00 0.0000E+00 0.0000E+00 0.0000E+00 0.0000E+00 0.0000E+00 0.0000E+00 0.0000E+00 5.0566E-12 2.9814E-11 8.1423E-11 1.6062E-10 2.5564E-10 3.7320E-10 5.3785E-10 7.3915E-10 9.8519E-10 1.2840E-09 1.6377E-09 2.0564E-09 2.5378E-09 3.0773E-09 3.6737E-09 4.3165E-09 4.9981E-09 5.7046E-09 6.4230E-09 7.1294E-09 7.8103E-09 8.4481E-09 9.0294E-09 9.5397E-09 9.9699E-09 1.0313E-08 1.0565E-08 1.0727E-08 1.0799E-08 1.0783E-08 1.0686E-08 1.0517E-08
0.0000E+00 0.0000E+00 0.0000E+00 0.0000E+00 0.0000E+00 0.0000E+00 0.0000E+00 0.0000E+00 0.0000E+00 0.0000E+00 0.0000E+00 0.0000E+00 0.0000E+00 0.0000E+00 0.0000E+00 0.0000E+00 0.0000E+00 0.0000E+00 0.0000E+00 0.0000E+00 0.0000E+00 0.0000E+00 0.0000E+00 0.0000E+00 3.7467E-13 9.9399E-12 4.4459E-11 1.0413E-10 1.8552E-10 2.8804E-10 4.3157E-10 6.1060E-10 8.3786E-10 1.1159E-09 1.4484E-09 1.8439E-09 2.3044E-09 2.8309E-09 3.4213E-09 4.0682E-09 4.7589E-09 5.4845E-09 6.2289E-09 6.9753E-09 7.7044E-09 8.3958E-09 9.0333E-09 9.6005E-09 1.0085E-08 1.0478E-08 1.0774E-08 1.0969E-08 1.1065E-08 1.1066E-08 1.0978E-08 1.0808E-08 1.0564E-08
0.0000E+00 0.0000E+00 0.0000E+00 0.0000E+00 0.0000E+00 0.0000E+00 0.0000E+00 0.0000E+00 0.0000E+00 0.0000E+00 0.0000E+00 0.0000E+00 0.0000E+00 0.0000E+00 0.0000E+00 0.0000E+00 0.0000E+00 0.0000E+00 0.0000E+00 0.0000E+00 0.0000E+00 0.0000E+00 0.0000E+00 0.0000E+00 1.2624E-12 1.7317E-11 5.7562E-11 1.2397E-10 2.0834E-10 3.3213E-10 4.8905E-10 6.9422E-10 9.4880E-10 1.2574E-09 1.6310E-09 2.0691E-09 2.5773E-09 3.1584E-09 3.8005E-09 4.5001E-09 5.2405E-09 6.0095E-09 6.7904E-09 7.5627E-09 8.3074E-09 9.0039E-09 9.6340E-09 1.0181E-08 1.0634E-08 1.0982E-08 1.1221E-08 1.1352E-08 1.1378E-08 1.1302E-08 1.1137E-08 1.0891E-08 1.0575E-08
0.0000E+00 0.0000E+00 0.0000E+00 0.0000E+00 0.0000E+00 0.0000E+00 0.0000E+00 0.0000E+00 0.0000E+00 0.0000E+00 0.0000E+00 0.0000E+00 0.0000E+00 0.0000E+00 0.0000E+00 0.0000E+00 0.0000E+00 0.0000E+00 0.0000E+00 0.0000E+00 0.0000E+00 0.0000E+00 0.0000E+00 0.0000E+00 2.3292E-12 2.3754E-11 7.3808E-11 1.4077E-10 2.3999E-10 3.7692E-10 5.5812E-10 7.8370E-10 1.0681E-09 1.4163E-09 1.8334E-09 2.3220E-09 2.8847E-09 3.5181E-09 4.2173E-09 4.9681E-09 5.7593E-09 6.5716E-09 7.3871E-09 8.1839E-09 8.9389E-09 9.6333E-09 1.0246E-08 1.0764E-08 1.1174E-08 1.1469E-08 1.1647E-08 1.1708E-08 1.1655E-08 1.1503E-08 1.1256E-08 1.0929E-08 1.0540E-08
0.0000E+00 0.0000E+00 0.0000E+00 0.0000E+00 0.0000E+00 0.0000E+00 0.0000E+00 0.0000E+00 0.0000E+00 0.0000E+00 0.0000E+00 0.0000E+00 0.0000E+00 0.0000E+00 0.0000E+00 0.0000E+00 0.0000E+00 0.0000E+00 0.0000E+00 0.0000E+00 0.0000E+00 0.0000E+00 0.0000E+00 0.0000E+00 4.9118E-12 3.4330E-11 8.4751E-11 1.6155E-10 2.7348E-10 4.3291E-10 6.2957E-10 8.8422E-10 1.2040E-09 1.5929E-09 2.0602E-09 2.6025E-09 3.2208E-09 3.9130E-09 4.6727E-09 5.4803E-09 6.3219E-09 7.1767E-09 8.0237E-09 8.8384E-09 9.5986E-09 1.0282E-08 1.0872E-08 1.1351E-08 1.1708E-08 1.1940E-08 1.2047E-08 1.2030E-08 1.1897E-08 1.1660E-08 1.1332E-08 1.0927E-08 1.0458E-08
0.0000E+00 0.0000E+00 0.0000E+00 0.0000E+00 0.0000E+00 0.0000E+00 0.0000E+00 0.0000E+00 0.0000E+00 0.0000E+00 0.0000E+00 0.0000E+00 0.0000E+00 0.0000E+00 0.0000E+00 0.0000E+00 0.0000E+00 0.0000E+00 0.0000E+00 0.0000E+00 0.0000E+00 0.0000E+00 0.0000E+00 2.2085E-14 8.6764E-12 4.1332E-11 9.5807E-11 1.8448E-10 3.1509E-10 4.8935E-10 7.1229E-10 9.9756E-10 1.3552E-09 1.7927E-09 2.3103E-09 2.9131E-09 3.5924E-09 4.3477E-09 5.1677E-09 6.0339E-09 6.9273E-09 7.8235E-09 8.6978E-09 9.5251E-09 1.0280E-08 1.0946E-08 1.1500E-08 1.1930E-08 1.2228E-08 1.2388E-08 1.2413E-08 1.2312E-08 1.2096E-08 1.1771E-08 1.1360E-08 1.0877E-08 1.0338E-08
0.0000E+00 0.0000E+00 0.0000E+00 0.0000E+00 0.0000E+00 0.0000E+00 0.0000E+00 0.0000E+00 0.0000E+00 0.0000E+00 0.0000E+00 0.0000E+00 0.0000E+00 0.0000E+00 0.0000E+00 0.0000E+00 0.0000E+00 0.0000E+00 0.0000E+00 0.0000E+00 0.0000E+00 0.0000E+00 0.0000E+00 6.0274E-13 1.1928E-11 4.6429E-11 1.0999E-10 2.1201E-10 3.5579E-10 5.5385E-10 8.0296E-10 1.1248E-09 1.5275E-09 2.0139E-09 2.5914E-09 3.2560E-09 4.0053E-09 4.8303E-09 5.7171E-09 6.6447E-09 7.5898E-09 8.5259E-09 9.4260E-09 1.0261E-08 1.1005E-08 1.1639E-08 1.2145E-08 1.2512E-08 1.2736E-08 1.2814E-08 1.2750E-08 1.2556E-08 1.2244E-08 1.1835E-08 1.1337E-08 1.0776E-08 1.0171E-08
0.0000E+00 0.0000E+00 0.0000E+00 0.0000E+00 0.0000E+00 0.0000E+00 0.0000E+00 0.0000E+00 0.0000E+00 0.0000E+00 0.0000E+00 0.0000E+00 0.0000E+00 0.0000E+00 0.0000E+00 0.0000E+00 0.0000E+00 0.0000E+00 0.0000E+00 0.0000E+00 0.0000E+00 0.0000E+00 0.0000E+00 1.5511E-12 1.4924E-11 5.0823E-11 1.2557E-10 2.3987E-10 4.0557E-10 6.2391E-10 9.0660E-10 1.2672E-09 1.7170E-09 2.2572E-09 2.9009E-09 3.6367E-09 4.4643E-09 5.3667E-09 6.3260E-09 7.3187E-09 8.3164E-09 9.2903E-09 1.0207E-08 1.1041E-08 1.1765E-08 1.2358E-08 1.2804E-08 1.3097E-08 1.3232E-08 1.3214E-08 1.3054E-08 1.2760E-08 1.2350E-08 1.1845E-08 1.1268E-08 1.0629E-08 9.9518E-09
0.0000E+00 0.0000E+00 0.0000E+00 0.0000E+00 0.0000E+00 0.0000E+00 0.0000E+00 0.0000E+00 0.0000E+00 0.0000E+00 0.0000E+00 0.0000E+00 0.0000E+00 0.0000E+00 0.0000E+00 0.0000E+00 0.0000E+00 0.0000E+00 0.0000E+00 0.0000E+00 0.0000E+00 0.0000E+00 0.0000E+00 2.4109E-12 1.6704E-11 5.8694E-11 1.4267E-10 2.7287E-10 4.5939E-10 7.0621E-10 1.0228E-09 1.4233E-09 1.9240E-09 2.5264E-09 3.2394E-09 4.0557E-09 4.9660E-09 5.9511E-09 6.9892E-09 8.0491E-09 9.1007E-09 1.0108E-08 1.1041E-08 1.1865E-08 1.2557E-08 1.3096E-08 1.3472E-08 1.3676E-08 1.3712E-08 1.3589E-08 1.3317E-08 1.2919E-08 1.2408E-08 1.1807E-08 1.1141E-08 1.0433E-08 9.6940E-09
0.0000E+00 0.0000E+00 0.0000E+00 0.0000E+00 0.0000E+00 0.0000E+00 0.0000E+00 0.0000E+00 0.0000E+00 0.0000E+00 0.0000E+00 0.0000E+00 0.0000E+00 0.0000E+00 0.0000E+00 0.0000E+00 0.0000E+00 0.0000E+00 0.0000E+00 0.0000E+00 0.0000E+00 0.0000E+00 0.0000E+00 3.1992E-12 1.7450E-11 6.4676E-11 1.6183E-10 3.1085E-10 5.2307E-10 7.9881E-10 1.1484E-09 1.5908E-09 2.1443E-09 2.8184E-09 3.6083E-09 4.5110E-09 5.5092E-09 6.5829E-09 7.7025E-09 8.8340E-09 9.9380E-09 1.0978E-08 1.1918E-08 1.2726E-08 1.3377E-08 1.3852E-08 1.4142E-08 1.4246E-08 1.4174E-08 1.3933E-08 1.3544E-08 1.3029E-08 1.2414E-08 1.1721E-08 1.0968E-08 1.0185E-08 9.3934E-09
0.0000E+00 0.0000E+00 0.0000E+00 0.0000E+00 0.0000E+00 0.0000E+00 0.0000E+00 0.0000E+00 0.0000E+00 0.0000E+00 0.0000E+00 0.0000E+00 0.0000E+00 0.0000E+00 0.0000E+00 0.0000E+00 0.0000E+00 0.0000E+00 0.0000E+00 0.0000E+00 0.0000E+00 0.0000E+00 0.0000E+00 3.6789E-12 1.7404E-11 7.3118E-11 1.8377E-10 3.5662E-10 5.9401E-10 8.9411E-10 1.2773E-09 1.7695E-09 2.3863E-09 3.1326E-09 4.0049E-09 4.9965E-09 6.0883E-09 7.2539E-09 8.4583E-09 9.6607E-09 1.0820E-08 1.1889E-08 1.2830E-08 1.3614E-08 1.4212E-08 1.4614E-08 1.4809E-08 1.4804E-08 1.4607E-08 1.4243E-08 1.3731E-08 1.3097E-08 1.2368E-08 1.1578E-08 1.0748E-08 9.8953E-09 9.0458E-09
0.0000E+00 0.0000E+00 0.0000E+00 0.0000E+00 0.0000E+00 0.0000E+00 0.0000E+00 0.0000E+00 0.0000E+00 0.0000E+00 0.0000E+00 0.0000E+00 0.0000E+00 0.0000E+00 0.0000E+00 0.0000E+00 0.0000E+00 0.0000E+00 0.0000E+00 0.0000E+00 0.0000E+00 0.0000E+00 0.0000E+00 3.8320E-12 1.8431E-11 8.6063E-11 2.1631E-10 4.0865E-10 6.6473E-10 9.9079E-10 1.4157E-09 1.9643E-09 2.6471E-09 3.4715E-09 4.4335E-09 5.5216E-09 6.7123E-09 7.9743E-09 9.2655E-09 1.0538E-08 1.1747E-08 1.2838E-08 1.3775E-08 1.4521E-08 1.5056E-08 1.5367E-08 1.5456E-08 1.5330E-08 1.5006E-08 1.4508E-08 1.3867E-08 1.3116E-08 1.2278E-08 1.1387E-08 1.0476E-08 9.5628E-09 8.6641E-09
0.0000E+00 0.0000E+00 0.0000E+00 0.0000E+00 0.0000E+00 0.0000E+00 0.0000E+00 0.0000E+00 0.0000E+00 0.0000E+00 0.0000E+00 0.0000E+00 0.0000E+00 0.0000E+00 0.0000E+00 0.0000E+00 0.0000E+00 0.0000E+00 0.0000E+00 0.0000E+00 0.0000E+00 0.0000E+00 0.0000E+00 3.6597E-12 2.4467E-11 1.0602E-10 2.5573E-10 4.6395E-10 7.3946E-10 1.0946E-09 1.5668E-09 2.1696E-09 2.9224E-09 3.8277E-09 4.8829E-09 6.0713E-09 7.3651E-09 8.7250E-09 1.0100E-08 1.1439E-08 1.2690E-08 1.3798E-08 1.4719E-08 1.5423E-08 1.5883E-08 1.6095E-08 1.6065E-08 1.5807E-08 1.5351E-08 1.4720E-08 1.3949E-08 1.3073E-08 1.2134E-08 1.1153E-08 1.0163E-08 9.1905E-09 8.2530E-09
0.0000E+00 0.0000E+00 0.0000E+00 0.0000E+00 0.0000E+00 0.0000E+00 0.0000E+00 0.0000E+00 0.0000E+00 0.0000E+00 0.0000E+00 0.0000E+00 0.0000E+00 0.0000E+00 0.0000E+00 0.0000E+00 0.0000E+00 0.0000E+00 0.0000E+00 0.0000E+00 0.0000E+00 0.0000E+00 0.0000E+00 3.5197E-12 3.6051E-11 1.3184E-10 2.9480E-10 5.2449E-10 8.1525E-10 1.2089E-09 1.7269E-09 2.3867E-09 3.2110E-09 4.2002E-09 5.3524E-09 6.6446E-09 8.0412E-09 9.4936E-09 1.0950E-08 1.2352E-08 1.3636E-08 1.4749E-08 1.5645E-08 1.6291E-08 1.6667E-08 1.6775E-08 1.6619E-08 1.6227E-08 1.5626E-08 1.4859E-08 1.3963E-08 1.2973E-08 1.1928E-08 1.0866E-08 9.8115E-09 8.7871E-09 7.8140E-09
0.0000E+00 0.0000E+00 0.0000E+00 0.0000E+00 0.0000E+00 0.0000E+00 0.0000E+00 0.0000E+00 0.0000E+00 0.0000E+00 0.0000E+00 0.0000E+00 0.0000E+00 0.0000E+00 0.0000E+00 0.0000E+00 0.0000E+00 0.0000E+00 0.0000E+00 0.0000E+00 0.0000E+00 0.0000E+00 0.0000E+00 6.8501E-12 5.2074E-11 1.6026E-10 3.4134E-10 5.8078E-10 9.0014E-10 1.3309E-09 1.8951E-09 2.6146E-09 3.5084E-09 4.5859E-09 5.8340E-09 7.2224E-09 8.7184E-09 1.0264E-08 1.1797E-08 1.3249E-08 1.4559E-08 1.5665E-08 1.6525E-08 1.7104E-08 1.7388E-08 1.7378E-08 1.7091E-08 1.6560E-08 1.5822E-08 1.4917E-08 1.3896E-08 1.2799E-08 1.1664E-08 1.0527E-08 9.4167E-09 8.3545E-09 7.3579E-09
0.0000E+00 0.0000E+00 0.0000E+00 0.0000E+00 0.0000E+00 0.0000E+00 0.0000E+00 0.0000E+00 0.0000E+00 0.0000E+00 0.0000E+00 0.0000E+00 0.0000E+00 0.0000E+00 0.0000E+00 0.0000E+00 0.0000E+00 0.0000E+00 0.0000E+00 0.0000E+00 0.0000E+00 0.0000E+00 0.0000E+00 1.3883E-11 7.0154E-11 1.9402E-10 3.8642E-10 6.4576E-10 9.9325E-10 1.4564E-09 2.0661E-09 2.8459E-09 3.8158E-09 4.9769E-09 6.3122E-09 7.8013E-09 9.3892E-09 1.1016E-08 1.2615E-08 1.4108E-08 1.5430E-08 1.6516E-08 1.7328E-08 1.7827E-08 1.8008E-08 1.7880E-08 1.7461E-08 1.6791E-08 1.5916E-08 1.4884E-08 1.3747E-08 1.2548E-08 1.1334E-08 1.0134E-08 8.9820E-09 7.8917E-09 6.8820E-09
0.0000E+00 0.0000E+00 0.0000E+00 0.0000E+00 0.0000E+00 0.0000E+00 0.0000E+00 0.0000E+00 0.0000E+00 0.0000E+00 0.0000E+00 0.0000E+00 0.0000E+00 0.0000E+00 0.0000E+00 0.0000E+00 0.0000E+00 0.0000E+00 0.0000E+00 0.0000E+00 0.0000E+00 0.0000E+00 1.0026E-12 2.0354E-11 9.3213E-11 2.2752E-10 4.3373E-10 7.1471E-10 1.0831E-09 1.5838E-09 2.2413E-09 3.0854E-09 4.1259E-09 5.3629E-09 6.7839E-09 8.3592E-09 1.0026E-08 1.1724E-08 1.3376E-08 1.4900E-08 1.6219E-08 1.7273E-08 1.8022E-08 1.8432E-08 1.8504E-08 1.8249E-08 1.7699E-08 1.6900E-08 1.5897E-08 1.4748E-08 1.3507E-08 1.2223E-08 1.0939E-08 9.6907E-09 8.5062E-09 7.4050E-09 6.3943E-09
0.0000E+00 0.0000E+00 0.0000E+00 0.0000E+00 0.0000E+00 0.0000E+00 0.0000E+00 0.0000E+00 0.0000E+00 0.0000E+00 0.0000E+00 0.0000E+00 0.0000E+00 0.0000E+00 0.0000E+00 0.0000E+00 0.0000E+00 0.0000E+00 0.0000E+00 0.0000E+00 0.0000E+00 0.0000E+00 3.3472E-12 2.9352E-11 1.1619E-10 2.5721E-10 4.8366E-10 7.7400E-10 1.1707E-09 1.7078E-09 2.4208E-09 3.3244E-09 4.4306E-09 5.7419E-09 7.2398E-09 8.8842E-09 1.0618E-08 1.2370E-08 1.4056E-08 1.5591E-08 1.6896E-08 1.7908E-08 1.8581E-08 1.8894E-08 1.8852E-08 1.8472E-08 1.7795E-08 1.6869E-08 1.5751E-08 1.4500E-08 1.3171E-08 1.1818E-08 1.0485E-08 9.2022E-09 7.9982E-09 6.8951E-09 5.8965E-09
0.0000E+00 0.0000E+00 0.0000E+00 0.0000E+00 0.0000E+00 0.0000E+00 0.0000E+00 0.0000E+00 0.0000E+00 0.0000E+00 0.0000E+00 0.0000E+00 0.0000E+00 0.0000E+00 0.0000E+00 0.0000E+00 0.0000E+00 0.0000E+00 0.0000E+00 0.0000E+00 0.0000E+00 0.0000E+00 4.5629E-12 3.9389E-11 1.3596E-10 2.8941E-10 5.2110E-10 8.2785E-10 1.2497E-09 1.8307E-09 2.5966E-09 3.5492E-09 4.7224E-09 6.0989E-09 7.6629E-09 9.3680E-09 1.1156E-08 1.2944E-08 1.4646E-08 1.6171E-08 1.7442E-08 1.8398E-08 1.8989E-08 1.9201E-08 1.9039E-08 1.8535E-08 1.7736E-08 1.6695E-08 1.5473E-08 1.4134E-08 1.2738E-08 1.1334E-08 9.9668E-09 8.6718E-09 7.4679E-09 6.3733E-09 5.3950E-09
0.0000E+00 0.0000E+00 0.0000E+00 0.0000E+00 0.0000E+00 0.0000E+00 0.0000E+00 0.0000E+00 0.0000E+00 0.0000E+00 0.0000E+00 0.0000E+00 0.0000E+00 0.0000E+00 0.0000E+00 0.0000E+00 0.0000E+00 0.0000E+00 0.0000E+00 0.0000E+00 0.0000E+00 0.0000E+00 6.2703E-12 4.7950E-11 1.5496E-10 3.1460E-10 5.5002E-10 8.7160E-10 1.3228E-09 1.9438E-09 2.7440E-09 3.7611E-09 4.9909E-09 6.4263E-09 8.0533E-09 9.8116E-09 1.1635E-08 1.3443E-08 1.5144E-08 1.6642E-08 1.7861E-08 1.8739E-08 1.9235E-08 1.9338E-08 1.9060E-08 1.8438E-08 1.7521E-08 1.6376E-08 1.5068E-08 1.3658E-08 1.2210E-08 1.0777E-08 9.3946E-09 8.0973E-09 6.9108E-09 5.8421E-09 4.8952E-09
