Assets/Resources/2015_m01_d06_2300(utc+0800)_l00_csi_1hr_conc.grd
DSAA
         159         159
     -79.000      79.000
     -79.000      79.000
  0.0000E+00  0.2873E-05
[rows 50 to 74 of 159, columns 57 to 113 of 159]
4.4232E-09 4.8667E-09 5.4137E-09 5.9626E-09 6.5558E-09 7.2719E-09 7.9998E-09 8.7769E-09 9.7032E-09 1.0646E-08 1.1650E-08 1.2808E-08 1.3984E-08 1.5224E-08 1.6588E-08 1.7967E-08 1.9401E-08 2.0849E-08 2.2302E-08 2.3814E-08 2.5184E-08 2.6433E-08 2.7539E-08 2.8482E-08 2.9279E-08 3.0002E-08 3.0426E-08 3.0609E-08 3.0545E-08 3.0229E-08 2.9675E-08 2.8891E-08 2.7874E-08 2.6704E-08 2.5386E-08 2.3978E-08 2.2541E-08 2.0941E-08 1.9417E-08 1.8836E-08 1.6877E-08 1.5159E-08 1.4017E-08 1.2715E-08 1.0901E-08 9.5722E-09 8.6173E-09 7.3693E-09 6.2811E-09 5.5246E-09 4.8333E-09 4.1646E-09 3.6767E-09 3.2665E-09 2.9120E-09 2.5975E-09 2.3443E-09
4.3823E-09 4.8854E-09 5.3944E-09 5.9560E-09 6.6258E-09 7.3135E-09 8.0639E-09 8.9483E-09 9.8643E-09 1.0856E-08 1.1998E-08 1.3181E-08 1.4446E-08 1.5852E-08 1.7301E-08 1.8832E-08 2.0411E-08 2.2115E-08 2.3771E-08 2.5423E-08 2.7011E-08 2.8468E-08 2.9837E-08 3.0937E-08 3.1862E-08 3.2603E-08 3.3113E-08 3.3356E-08 3.3309E-08 3.2984E-08 3.2381E-08 3.1509E-08 3.0427E-08 2.9148E-08 2.7941E-08 2.6319E-08 2.4686E-08 2.3512E-08 2.2277E-08 2.0082E-08 1.8926E-08 1.7396E-08 1.5055E-08 1.3087E-08 1.1735E-08 1.0242E-08 8.6688E-09 7.5334E-09 6.5452E-09 5.5033E-09 4.7244E-09 4.1450E-09 3.6262E-09 3.1828E-09 2.8321E-09 2.5119E-09 2.2613E-09
4.3268E-09 4.8414E-09 5.3594E-09 5.9255E-09 6.6215E-09 7.3322E-09 8.1683E-09 9.0402E-09 9.9994E-09 1.1108E-08 1.2272E-08 1.3534E-08 1.4951E-08 1.6429E-08 1.8027E-08 1.9703E-08 2.1550E-08 2.3393E-08 2.5275E-08 2.7158E-08 2.9009E-08 3.0819E-08 3.2343E-08 3.3644E-08 3.4690E-08 3.5530E-08 3.6110E-08 3.6405E-08 3.6380E-08 3.6038E-08 3.5397E-08 3.4508E-08 3.3666E-08 3.2201E-08 3.0643E-08 2.9451E-08 2.8707E-08 2.6327E-08 2.4417E-08 2.3650E-08 2.0731E-08 1.8073E-08 1.6373E-08 1.4478E-08 1.2254E-08 1.0486E-08 9.3490E-09 7.6684E-09 6.4192E-09 5.5852E-09 4.7859E-09 4.0647E-09 3.5582E-09 3.1351E-09 2.7444E-09 2.4255E-09 2.1704E-09
4.2554E-09 4.7808E-09 5.3039E-09 5.9410E-09 6.5970E-09 7.3219E-09 8.1948E-09 9.1045E-09 1.0099E-08 1.1282E-08 1.2516E-08 1.3846E-08 1.5389E-08 1.6985E-08 1.8721E-08 2.0677E-08 2.2662E-08 2.4747E-08 2.6899E-08 2.9167E-08 3.1327E-08 3.3402E-08 3.5219E-08 3.6740E-08 3.7949E-08 3.8885E-08 3.9540E-08 3.9871E-08 3.9846E-08 3.9526E-08 3.9098E-08 3.8234E-08 3.6994E-08 3.6079E-08 3.6057E-08 3.3589E-08 3.1422E-08 3.0586E-08 2.7991E-08 2.4773E-08 2.2773E-08 2.0510E-08 1.7392E-08 1.4966E-08 1.3265E-08 1.1195E-08 9.2624E-09 7.9438E-09 6.7158E-09 5.5615E-09 4.7068E-09 4.0676E-09 3.4909E-09 3.0420E-09 2.6611E-09 2.3360E-09 2.0859E-09
4.2270E-09 4.7021E-09 5.2262E-09 5.8790E-09 6.5475E-09 7.3519E-09 8.1943E-09 9.1337E-09 1.0246E-08 1.1423E-08 1.2716E-08 1.4214E-08 1.5796E-08 1.7504E-08 1.9433E-08 2.1561E-08 2.3839E-08 2.6202E-08 2.8769E-08 3.1314E-08 3.3859E-08 3.6308E-08 3.8483E-08 4.0300E-08 4.1705E-08 4.2729E-08 4.3442E-08 4.3841E-08 4.3989E-08 4.3922E-08 4.3212E-08 4.2621E-08 4.3844E-08 4.1585E-08 3.9441E-08 3.8933E-08 3.6846E-08 3.3146E-08 3.0399E-08 2.8513E-08 2.4562E-08 2.1151E-08 1.8930E-08 1.6440E-08 1.3737E-08 1.1543E-08 1.0047E-08 8.0695E-09 6.6067E-09 5.6615E-09 4.7661E-09 4.0003E-09 3.4380E-09 2.9485E-09 2.5777E-09 2.2651E-09 1.9997E-09
4.1309E-09 4.6047E-09 5.1888E-09 5.7936E-09 6.4690E-09 7.2965E-09 8.1628E-09 9.1941E-09 1.0291E-08 1.1520E-08 1.2949E-08 1.4476E-08 1.6155E-08 1.8053E-08 2.0056E-08 2.2364E-08 2.4979E-08 2.7848E-08 3.0734E-08 3.3741E-08 3.6755E-08 3.9664E-08 4.2329E-08 4.4528E-08 4.6186E-08 4.7358E-08 4.8198E-08 4.8993E-08 4.8990E-08 4.8884E-08 5.1484E-08 4.9700E-08 4.7868E-08 4.8227E-08 4.6901E-08 4.2975E-08 3.9564E-08 3.8169E-08 3.3836E-08 2.9515E-08 2.6816E-08 2.3806E-08 1.9996E-08 1.7014E-08 1.5049E-08 1.2339E-08 9.9564E-09 8.4093E-09 6.9694E-09 5.6421E-09 4.6873E-09 3.9637E-09 3.3328E-09 2.8661E-09 2.4763E-09 2.1908E-09 1.9078E-09
4.0188E-09 4.4883E-09 5.0766E-09 5.6839E-09 6.4260E-09 7.2102E-09 8.0927E-09 9.1590E-09 1.0297E-08 1.1566E-08 1.3073E-08 1.4682E-08 1.6524E-08 1.8490E-08 2.0657E-08 2.3101E-08 2.6116E-08 2.9471E-08 3.2956E-08 3.6507E-08 4.0120E-08 4.3647E-08 4.6877E-08 4.9569E-08 5.1646E-08 5.3434E-08 5.4185E-08 5.4740E-08 5.6314E-08 5.7591E-08 5.6260E-08 5.7727E-08 5.7441E-08 5.3682E-08 5.0132E-08 4.8515E-08 4.5065E-08 4.0009E-08 3.7095E-08 3.3629E-08 2.8652E-08 2.4520E-08 2.1734E-08 1.8589E-08 1.5357E-08 1.3034E-08 1.0760E-08 8.5999E-09 6.9263E-09 5.7134E-09 4.7122E-09 3.8696E-09 3.2278E-09 2.7902E-09 2.3924E-09 2.1005E-09 1.8099E-09
3.8914E-09 4.3526E-09 4.9434E-09 5.5483E-09 6.2999E-09 7.0915E-09 8.0509E-09 9.0838E-09 1.0253E-08 1.1642E-08 1.3142E-08 1.4818E-08 1.6767E-08 1.8858E-08 2.1189E-08 2.3885E-08 2.7154E-08 3.1024E-08 3.5364E-08 3.9748E-08 4.4144E-08 4.8478E-08 5.2516E-08 5.6350E-08 5.8791E-08 6.0472E-08 6.2450E-08 6.5270E-08 6.4582E-08 6.4833E-08 6.8014E-08 6.4633E-08 6.1268E-08 6.0355E-08 5.7701E-08 5.2291E-08 4.7996E-08 4.5866E-08 3.9864E-08 3.4617E-08 3.1179E-08 2.7265E-08 2.2717E-08 1.9235E-08 1.6979E-08 1.3499E-08 1.0628E-08 8.9171E-09 7.2027E-09 5.6355E-09 4.5651E-09 3.7274E-09 3.1469E-09 2.7025E-09 2.3121E-09 1.9956E-09 1.7208E-09
3.7465E-09 4.1986E-09 4.7891E-09 5.3880E-09 6.1453E-09 6.9390E-09 7.9147E-09 8.9635E-09 1.0153E-08 1.1592E-08 1.3144E-08 1.4960E-08 1.6929E-08 1.9154E-08 2.1733E-08 2.4573E-08 2.8074E-08 3.2619E-08 3.7975E-08 4.3689E-08 4.9139E-08 5.4806E-08 5.9932E-08 6.4190E-08 6.8184E-08 7.3056E-08 7.3305E-08 7.3585E-08 7.6910E-08 7.5866E-08 7.2838E-08 7.2770E-08 7.0987E-08 6.5598E-08 6.0865E-08 5.8468E-08 5.3344E-08 4.7028E-08 4.3348E-08 3.8838E-08 3.2802E-08 2.7903E-08 2.4590E-08 2.0680E-08 1.6834E-08 1.4155E-08 1.1484E-08 8.9507E-09 7.0862E-09 5.6293E-09 4.4322E-09 3.5639E-09 3.0653E-09 2.6232E-09 2.2311E-09 1.8932E-09 1.6392E-09
3.5854E-09 4.0871E-09 4.6128E-09 5.2022E-09 5.9616E-09 6.7511E-09 7.7384E-09 8.7964E-09 1.0080E-08 1.1477E-08 1.3065E-08 1.4953E-08 1.7000E-08 1.9434E-08 2.2124E-08 2.5195E-08 2.8932E-08 3.4156E-08 4.0900E-08 4.8505E-08 5.6192E-08 6.2657E-08 6.9329E-08 7.7961E-08 8.1256E-08 8.3391E-08 8.7500E-08 8.8251E-08 8.5421E-08 8.4514E-08 8.4922E-08 7.9656E-08 7.4591E-08 7.2428E-08 6.8336E-08 6.1550E-08 5.6806E-08 5.3116E-08 4.5802E-08 3.9579E-08 3.5432E-08 3.0645E-08 2.5302E-08 2.1512E-08 1.8307E-08 1.4360E-08 1.1299E-08 9.0243E-09 7.0194E-09 5.4779E-09 4.2551E-09 3.4842E-09 2.9663E-09 2.5439E-09 2.1272E-09 1.7907E-09 1.5558E-09
3.4108E-09 3.9019E-09 4.4157E-09 5.0584E-09 5.7478E-09 6.5275E-09 7.5204E-09 8.5779E-09 9.8792E-09 1.1297E-08 1.2995E-08 1.4859E-08 1.6987E-08 1.9546E-08 2.2377E-08 2.5796E-08 3.0045E-08 3.5726E-08 4.4475E-08 5.4693E-08 6.5183E-08 7.7455E-08 8.3834E-08 8.9657E-08 9.7390E-08 1.0149E-07 1.0024E-07 9.8486E-08 1.0063E-07 9.5233E-08 8.9830E-08 8.7942E-08 8.4394E-08 7.7229E-08 7.1347E-08 6.8487E-08 6.1279E-08 5.3935E-08 4.9218E-08 4.3762E-08 3.6824E-08 3.1228E-08 2.7244E-08 2.2410E-08 1.7951E-08 1.4705E-08 1.1351E-08 8.7447E-09 6.8163E-09 5.2584E-09 4.1488E-09 3.4030E-09 2.8603E-09 2.4441E-09 2.0187E-09 1.6820E-09 1.4595E-09
3.2223E-09 3.7009E-09 4.1991E-09 4.8291E-09 5.5044E-09 6.3419E-09 7.2601E-09 8.3086E-09 9.6213E-09 1.1045E-08 1.2774E-08 1.4679E-08 1.6956E-08 1.9541E-08 2.2528E-08 2.6360E-08 3.1557E-08 3.8339E-08 4.8210E-08 6.3507E-08 7.9386E-08 9.1511E-08 1.0345E-07 1.1085E-07 1.1350E-07 1.1470E-07 1.1686E-07 1.1467E-07 1.0866E-07 1.0626E-07 1.0243E-07 9.4677E-08 8.7871E-08 8.4244E-08 7.8233E-08 7.0219E-08 6.5508E-08 5.9712E-08 5.1278E-08 4.4145E-08 3.9126E-08 3.3249E-08 2.7282E-08 2.2958E-08 1.8014E-08 1.4114E-08 1.0977E-08 8.4146E-09 6.6375E-09 5.1575E-09 4.0210E-09 3.3170E-09 2.7464E-09 2.3334E-09 1.9209E-09 1.5981E-09 1.3629E-09
3.0240E-09 3.4859E-09 3.9630E-09 4.5780E-09 5.2337E-09 6.0571E-09 6.9592E-09 8.0709E-09 9.3043E-09 1.0724E-08 1.2476E-08 1.4406E-08 1.6749E-08 1.9438E-08 2.2840E-08 2.6944E-08 3.2748E-08 4.1914E-08 5.5939E-08 7.3186E-08 9.5180E-08 1.1618E-07 1.2661E-07 1.3121E-07 1.3467E-07 1.3566E-07 1.3179E-07 1.2760E-07 1.2568E-07 1.1641E-07 1.0789E-07 1.0336E-07 9.7247E-08 8.8232E-08 8.1202E-08 7.7550E-08 6.8075E-08 5.9635E-08 5.4093E-08 4.7365E-08 3.9543E-08 3.3317E-08 2.7593E-08 2.2033E-08 1.7481E-08 1.3641E-08 1.0617E-08 8.1490E-09 6.3714E-09 4.9405E-09 3.8741E-09 3.2052E-09 2.6285E-09 2.2168E-09 1.8185E-09 1.4960E-09 1.2548E-09
2.8087E-09 3.2575E-09 3.7134E-09 4.3078E-09 4.9386E-09 5.7426E-09 6.6212E-09 7.7170E-09 8.9306E-09 1.0421E-08 1.2100E-08 1.4051E-08 1.6605E-08 1.9409E-08 2.2741E-08 2.7615E-08 3.5738E-08 4.5828E-08 6.1850E-08 8.6931E-08 1.1568E-07 1.4072E-07 1.5719E-07 1.6423E-07 1.6055E-07 1.5423E-07 1.5193E-07 1.4525E-07 1.3531E-07 1.2881E-07 1.2094E-07 1.0972E-07 1.0049E-07 9.5078E-08 8.6754E-08 7.7309E-08 7.1575E-08 6.4248E-08 5.4824E-08 4.6747E-08 4.0230E-08 3.2919E-08 2.6638E-08 2.1201E-08 1.6876E-08 1.3254E-08 1.0237E-08 7.8214E-09 6.0955E-09 4.7137E-09 3.7314E-09 3.0767E-09 2.5131E-09 2.0888E-09 1.7133E-09 1.3885E-09 1.1555E-09
2.5939E-09 3.0126E-09 3.4493E-09 4.0219E-09 4.6245E-09 5.4023E-09 6.2493E-09 7.3187E-09 8.5059E-09 9.9912E-09 1.1709E-08 1.3864E-08 1.6243E-08 1.9319E-08 2.4182E-08 2.8684E-08 3.5906E-08 4.9862E-08 7.0357E-08 9.7898E-08 1.3383E-07 1.7430E-07 1.9567E-07 1.9836E-07 1.9552E-07 1.8481E-07 1.7063E-07 1.6184E-07 1.5407E-07 1.4010E-07 1.2718E-07 1.1875E-07 1.0922E-07 9.7722E-08 9.0036E-08 8.3099E-08 7.2484E-08 6.2963E-08 5.5661E-08 4.6595E-08 3.8695E-08 3.1583E-08 2.5582E-08 2.0463E-08 1.6199E-08 1.2688E-08 9.8498E-09 7.5439E-09 5.8243E-09 4.4965E-09 3.5864E-09 2.9372E-09 2.3929E-09 1.9628E-09 1.6089E-09 1.2806E-09 1.0537E-09
2.3801E-09 2.7718E-09 3.1720E-09 3.7197E-09 4.2952E-09 5.0402E-09 5.8494E-09 6.8886E-09 8.0648E-09 9.6211E-09 1.1292E-08 1.3460E-08 1.7033E-08 1.9841E-08 2.3306E-08 2.9561E-08 3.8238E-08 5.1390E-08 7.4939E-08 1.1287E-07 1.5490E-07 1.9746E-07 2.3785E-07 2.4790E-07 2.3482E-07 2.1732E-07 2.0094E-07 1.8140E-07 1.6574E-07 1.5407E-07 1.4089E-07 1.2513E-07 1.1235E-07 1.0415E-07 9.2538E-08 8.1271E-08 7.3388E-08 6.2883E-08 5.3327E-08 4.4523E-08 3.6819E-08 3.0262E-08 2.4445E-08 1.9528E-08 1.5466E-08 1.2108E-08 9.3515E-09 7.1198E-09 5.4824E-09 4.2600E-09 3.4245E-09 2.7869E-09 2.2584E-09 1.8266E-09 1.4874E-09 1.1705E-09 9.5405E-10
2.1686E-09 2.4701E-09 2.9042E-09 3.4118E-09 3.9443E-09 4.6629E-09 5.4414E-09 6.5144E-09 7.6407E-09 9.1249E-09 1.1181E-08 1.3687E-08 1.6066E-08 2.0015E-08 2.4302E-08 2.9070E-08 3.7825E-08 5.5537E-08 8.4071E-08 1.2434E-07 1.7578E-07 2.2633E-07 2.6542E-07 2.9365E-07 2.8415E-07 2.5925E-07 2.3098E-07 2.0653E-07 1.8655E-07 1.6678E-07 1.4823E-07 1.3406E-07 1.1911E-07 1.0415E-07 9.4049E-08 8.1250E-08 7.0050E-08 5.9929E-08 5.0622E-08 4.2408E-08 3.5124E-08 2.8708E-08 2.3188E-08 1.8521E-08 1.4633E-08 1.1446E-08 8.8552E-09 6.7069E-09 5.1288E-09 4.0125E-09 3.2473E-09 2.6211E-09 2.1209E-09 1.6970E-09 1.3717E-09 1.0619E-09 8.6332E-10
1.9604E-09 2.2356E-09 2.6383E-09 3.1091E-09 3.6053E-09 4.3273E-09 5.0605E-09 6.0493E-09 7.3083E-09 9.1320E-09 1.0732E-08 1.3093E-08 1.6569E-08 1.9390E-08 2.3937E-08 3.3664E-08 4.7707E-08 6.7654E-08 1.0014E-07 1.4640E-07 1.9758E-07 2.4738E-07 2.9046E-07 3.2010E-07 3.3286E-07 3.0351E-07 2.7253E-07 2.3680E-07 2.0408E-07 1.8212E-07 1.6147E-07 1.3932E-07 1.2111E-07 1.0544E-07 9.0509E-08 7.7727E-08 6.6564E-08 5.6828E-08 4.7999E-08 4.0065E-08 3.3085E-08 2.7034E-08 2.1801E-08 1.7387E-08 1.3741E-08 1.0722E-08 8.2602E-09 6.3188E-09 4.7904E-09 3.7895E-09 3.0549E-09 2.4525E-09 1.9668E-09 1.5590E-09 1.2491E-09 9.5800E-10 7.8325E-10
1.7584E-09 2.0069E-09 2.3750E-09 2.7727E-09 3.3062E-09 3.9361E-09 4.7099E-09 5.9367E-09 6.9661E-09 8.4165E-09 1.0663E-08 1.2712E-08 1.5011E-08 2.0777E-08 3.6826E-08 6.3663E-08 8.6995E-08 1.1044E-07 1.4128E-07 1.7846E-07 2.2508E-07 2.7008E-07 3.0614E-07 3.3433E-07 3.5662E-07 3.5684E-07 3.1295E-07 2.7401E-07 2.3513E-07 1.9764E-07 1.6885E-07 1.4526E-07 1.2180E-07 1.0245E-07 8.6723E-08 7.3765E-08 6.2876E-08 5.3322E-08 4.4881E-08 3.7384E-08 3.0815E-08 2.5157E-08 2.0286E-08 1.6171E-08 1.2750E-08 9.9167E-09 7.6732E-09 5.8212E-09 4.4319E-09 3.5491E-09 2.8398E-09 2.2697E-09 1.8138E-09 1.4245E-09 1.1333E-09 8.8285E-10 7.0287E-10
1.5115E-09 1.7907E-09 2.1420E-09 2.4837E-09 3.0074E-09 3.7998E-09 4.4295E-09 5.3163E-09 6.6233E-09 8.1122E-09 9.4857E-09 1.1695E-08 1.4861E-08 2.5005E-08 6.9771E-08 1.4998E-07 1.8740E-07 1.9694E-07 2.1201E-07 2.3467E-07 2.5861E-07 2.8768E-07 3.1605E-07 3.4191E-07 3.6226E-07 3.8299E-07 3.7172E-07 3.1569E-07 2.6588E-07 2.2073E-07 1.7859E-07 1.4641E-07 1.1973E-07 9.8478E-08 8.2118E-08 6.9119E-08 5.8508E-08 4.9421E-08 4.1477E-08 3.4503E-08 2.8377E-08 2.3152E-08 1.8642E-08 1.4844E-08 1.1681E-08 9.0891E-09 7.0248E-09 5.3499E-09 4.1024E-09 3.2827E-09 2.6223E-09 2.0875E-09 1.6492E-09 1.2847E-09 1.0090E-09 7.9143E-10 6.2508E-10
1.3484E-09 1.5909E-09 1.8402E-09 2.3434E-09 2.7856E-09 3.2531E-09 4.0986E-09 5.0542E-09 5.8851E-09 7.0912E-09 8.9236E-09 1.0554E-08 1.2941E-08 2.3235E-08 8.2152E-08 2.5070E-07 3.4227E-07 3.1327E-07 2.9867E-07 2.9728E-07 2.9828E-07 3.0755E-07 3.2083E-07 3.3898E-07 3.6224E-07 3.8328E-07 4.0825E-07 3.7493E-07 3.0334E-07 2.4353E-07 1.9011E-07 1.4604E-07 1.1572E-07 9.3045E-08 7.6320E-08 6.3666E-08 5.3561E-08 4.5111E-08 3.7796E-08 3.1390E-08 2.5799E-08 2.1028E-08 1.6931E-08 1.3482E-08 1.0597E-08 8.2632E-09 6.3177E-09 4.8731E-09 3.7730E-09 3.0104E-09 2.3917E-09 1.8919E-09 1.4873E-09 1.1513E-09 8.9905E-10 6.9268E-10 5.4443E-10
1.1757E-09 1.3826E-09 1.6759E-09 2.0082E-09 2.5134E-09 3.0335E-09 3.5893E-09 4.2975E-09 5.2742E-09 6.4328E-09 7.5314E-09 9.3807E-09 1.1447E-08 1.5358E-08 4.1775E-08 2.0358E-07 5.1310E-07 4.4271E-07 3.8994E-07 3.6265E-07 3.4156E-07 3.2596E-07 3.2706E-07 3.3839E-07 3.5241E-07 3.7666E-07 3.9888E-07 4.2849E-07 3.5703E-07 2.6212E-07 1.9778E-07 1.4626E-07 1.0853E-07 8.5191E-08 6.9112E-08 5.7357E-08 4.8161E-08 4.0536E-08 3.3925E-08 2.8172E-08 2.3139E-08 1.8859E-08 1.5184E-08 1.2055E-08 9.4775E-09 7.3468E-09 5.6835E-09 4.4324E-09 3.4239E-09 2.7229E-09 2.1636E-09 1.7027E-09 1.3201E-09 1.0135E-09 7.8594E-10 6.0679E-10 4.7678E-10
9.8783E-10 1.1208E-09 1.3442E-09 1.6949E-09 1.9578E-09 2.3658E-09 2.9744E-09 3.5831E-09 4.3177E-09 5.4207E-09 6.8373E-09 8.1044E-09 9.6098E-09 1.1769E-08 1.4652E-08 4.8902E-08 3.8344E-07 7.2979E-07 4.8215E-07 4.2663E-07 3.9807E-07 3.5719E-07 3.4381E-07 3.3600E-07 3.5069E-07 3.6022E-07 3.8773E-07 4.0845E-07 4.2812E-07 2.8719E-07 1.8773E-07 1.3635E-07 9.8807E-08 7.4791E-08 6.0606E-08 5.0440E-08 4.2439E-08 3.5776E-08 2.9970E-08 2.4887E-08 2.0463E-08 1.6683E-08 1.3436E-08 1.0676E-08 8.3700E-09 6.5190E-09 5.0790E-09 3.9308E-09 3.0675E-09 2.4400E-09 1.9259E-09 1.5016E-09 1.1629E-09 8.8882E-10 6.8496E-10 5.1980E-10 4.1472E-10
8.2993E-10 9.4057E-10 1.0641E-09 1.2713E-09 1.5676E-09 1.9723E-09 2.3017E-09 2.8166E-09 3.5924E-09 4.3680E-09 5.3192E-09 6.8978E-09 8.4726E-09 9.9414E-09 1.1802E-08 1.4476E-08 6.7596E-08 7.0250E-07 7.8050E-07 4.8576E-07 4.6865E-07 4.3131E-07 3.7151E-07 3.5205E-07 3.4446E-07 3.6265E-07 3.6844E-07 3.9537E-07 3.9524E-07 2.9242E-07 1.5603E-07 1.0792E-07 8.1322E-08 6.2626E-08 5.1049E-08 4.3123E-08 3.6627E-08 3.0969E-08 2.6011E-08 2.1616E-08 1.7822E-08 1.4537E-08 1.1683E-08 9.2597E-09 7.3116E-09 5.7306E-09 4.4608E-09 3.4934E-09 2.7206E-09 2.1546E-09 1.6961E-09 1.3123E-09 1.0028E-09 7.6226E-10 5.8246E-10 4.4432E-10 3.5860E-10
7.0012E-10 7.8688E-10 8.8559E-10 1.0509E-09 1.2600E-09 1.4774E-09 1.8446E-09 2.3131E-09 2.8066E-09 3.4562E-09 4.3441E-09 5.2856E-09 6.5676E-09 8.2985E-09 1.0080E-08 1.1860E-08 1.4377E-08 1.0708E-07 1.2962E-06 6.4935E-07 5.0355E-07 4.8610E-07 4.3645E-07 3.9137E-07 3.6080E-07 3.6664E-07 3.7324E-07 3.8407E-07 3.4245E-07 1.6089E-07 8.1177E-08 6.7832E-08 5.7681E-08 4.8328E-08 4.1115E-08 3.5678E-08 3.0872E-08 2.6293E-08 2.2121E-08 1.8464E-08 1.5263E-08 1.2470E-08 1.0016E-08 7.9615E-09 6.2894E-09 4.9692E-09 3.9131E-09 3.0562E-09 2.3747E-09 1.8787E-09 1.4628E-09 1.1229E-09 8.5159E-10 6.5111E-10 4.9416E-10 3.7761E-10 3.0825E-10
