Assets/Resources/2015_m01_d23_2100(utc+0800)_l00_csi_1hr_conc.grd
DSAA
         159         159
     -79.000      79.000
     -79.000      79.000
  0.5921E-10  0.8484E-05
[rows 25 to 49 of 159, columns 0 to 56 of 159]
8.7777E-11 9.0783E-11 9.4226E-11 9.7415E-11 1.0104E-10 1.0442E-10 1.0789E-10 1.1181E-10 1.1548E-10 1.1959E-10 1.2347E-10 1.2745E-10 1.3188E-10 1.3607E-10 1.4036E-10 1.4513E-10 1.4965E-10 1.5427E-10 1.5938E-10 1.6424E-10 1.6921E-10 1.7467E-10 1.7988E-10 1.8521E-10 1.9066E-10 1.9622E-10 2.0191E-10 2.0771E-10 2.1363E-10 2.1967E-10 2.2583E-10 2.3212E-10 2.3852E-10 2.4505E-10 2.5171E-10 2.5848E-10 2.6538E-10 2.7241E-10 2.7955E-10 2.8682E-10 2.9422E-10 3.0174E-10 3.0938E-10 3.1714E-10 3.2503E-10 3.3304E-10 3.4117E-10 3.4942E-10 3.5779E-10 3.6627E-10 3.7488E-10 3.8360E-10 3.9243E-10 4.0138E-10 4.1044E-10 4.1961E-10 4.2888E-10
8.8744E-11 9.2131E-11 9.5271E-11 9.8497E-11 1.0217E-10 1.0559E-10 1.0945E-10 1.1307E-10 1.1678E-10 1.2095E-10 1.2487E-10 1.2925E-10 1.3339E-10 1.3763E-10 1.4233E-10 1.4680E-10 1.5137E-10 1.5642E-10 1.6122E-10 1.6614E-10 1.7154E-10 1.7671E-10 1.8198E-10 1.8738E-10 1.9289E-10 1.9853E-10 2.0428E-10 2.1015E-10 2.1614E-10 2.2226E-10 2.2850E-10 2.3486E-10 2.4135E-10 2.4796E-10 2.5469E-10 2.6155E-10 2.6854E-10 2.7565E-10 2.8289E-10 2.9025E-10 2.9773E-10 3.0535E-10 3.1308E-10 3.2095E-10 3.2893E-10 3.3704E-10 3.4527E-10 3.5363E-10 3.6210E-10 3.7069E-10 3.7941E-10 3.8824E-10 3.9718E-10 4.0625E-10 4.1542E-10 4.2471E-10 4.3410E-10
8.9702E-11 9.3132E-11 9.6307E-11 9.9920E-11 1.0329E-10 1.0709E-10 1.1066E-10 1.1432E-10 1.1843E-10 1.2229E-10 1.2626E-10 1.3069E-10 1.3488E-10 1.3917E-10 1.4394E-10 1.4846E-10 1.5308E-10 1.5819E-10 1.6306E-10 1.6804E-10 1.7351E-10 1.7873E-10 1.8407E-10 1.8953E-10 1.9511E-10 2.0081E-10 2.0663E-10 2.1258E-10 2.1864E-10 2.2483E-10 2.3115E-10 2.3759E-10 2.4415E-10 2.5084E-10 2.5766E-10 2.6460E-10 2.7167E-10 2.7887E-10 2.8620E-10 2.9365E-10 3.0123E-10 3.0893E-10 3.1677E-10 3.2473E-10 3.3281E-10 3.4102E-10 3.4935E-10 3.5781E-10 3.6639E-10 3.7509E-10 3.8391E-10 3.9285E-10 4.0191E-10 4.1108E-10 4.2037E-10 4.2978E-10 4.3929E-10
9.0999E-11 9.4123E-11 9.7678E-11 1.0099E-10 1.0440E-10 1.0825E-10 1.1185E-10 1.1590E-10 1.1972E-10 1.2363E-10 1.2800E-10 1.3213E-10 1.3636E-10 1.4107E-10 1.4553E-10 1.5010E-10 1.5515E-10 1.5996E-10 1.6488E-10 1.7029E-10 1.7545E-10 1.8074E-10 1.8615E-10 1.9167E-10 1.9732E-10 2.0308E-10 2.0897E-10 2.1499E-10 2.2113E-10 2.2739E-10 2.3378E-10 2.4029E-10 2.4694E-10 2.5371E-10 2.6061E-10 2.6763E-10 2.7479E-10 2.8207E-10 2.8949E-10 2.9703E-10 3.0470E-10 3.1250E-10 3.2043E-10 3.2848E-10 3.3666E-10 3.4497E-10 3.5341E-10 3.6197E-10 3.7065E-10 3.7946E-10 3.8839E-10 3.9744E-10 4.0661E-10 4.1589E-10 4.2530E-10 4.3481E-10 4.4444E-10
9.1948E-11 9.5105E-11 9.8703E-11 1.0205E-10 1.0584E-10 1.0939E-10 1.1304E-10 1.1714E-10 1.2099E-10 1.2530E-10 1.2937E-10 1.3355E-10 1.3819E-10 1.4260E-10 1.4711E-10 1.5209E-10 1.5684E-10 1.6171E-10 1.6705E-10 1.7216E-10 1.7739E-10 1.8274E-10 1.8820E-10 1.9379E-10 1.9950E-10 2.0534E-10 2.1130E-10 2.1738E-10 2.2359E-10 2.2993E-10 2.3639E-10 2.4298E-10 2.4970E-10 2.5655E-10 2.6353E-10 2.7064E-10 2.7788E-10 2.8525E-10 2.9275E-10 3.0038E-10 3.0815E-10 3.1604E-10 3.2406E-10 3.3221E-10 3.4049E-10 3.4890E-10 3.5743E-10 3.6610E-10 3.7489E-10 3.8380E-10 3.9283E-10 4.0199E-10 4.1127E-10 4.2067E-10 4.3019E-10 4.3982E-10 4.4957E-10
9.2886E-11 9.6423E-11 9.9718E-11 1.0310E-10 1.0694E-10 1.1053E-10 1.1456E-10 1.1836E-10 1.2226E-10 1.2662E-10 1.3074E-10 1.3496E-10 1.3966E-10 1.4411E-10 1.4867E-10 1.5372E-10 1.5852E-10 1.6344E-10 1.6885E-10 1.7402E-10 1.7931E-10 1.8471E-10 1.9024E-10 1.9589E-10 2.0167E-10 2.0757E-10 2.1360E-10 2.1975E-10 2.2603E-10 2.3244E-10 2.3898E-10 2.4565E-10 2.5245E-10 2.5937E-10 2.6643E-10 2.7363E-10 2.8095E-10 2.8841E-10 2.9599E-10 3.0371E-10 3.1157E-10 3.1955E-10 3.2767E-10 3.3591E-10 3.4429E-10 3.5280E-10 3.6143E-10 3.7020E-10 3.7909E-10 3.8811E-10 3.9725E-10 4.0652E-10 4.1591E-10 4.2542E-10 4.3505E-10 4.4479E-10 4.5466E-10
9.3814E-11 9.7392E-11 1.0072E-10 1.0449E-10 1.0802E-10 1.1165E-10 1.1574E-10 1.1957E-10 1.2387E-10 1.2793E-10 1.3209E-10 1.3672E-10 1.4111E-10 1.4561E-10 1.5059E-10 1.5533E-10 1.6019E-10 1.6553E-10 1.7063E-10 1.7586E-10 1.8121E-10 1.8667E-10 1.9226E-10 1.9798E-10 2.0382E-10 2.0979E-10 2.1588E-10 2.2210E-10 2.2845E-10 2.3493E-10 2.4155E-10 2.4829E-10 2.5516E-10 2.6217E-10 2.6931E-10 2.7659E-10 2.8399E-10 2.9153E-10 2.9921E-10 3.0702E-10 3.1496E-10 3.2303E-10 3.3124E-10 3.3958E-10 3.4806E-10 3.5666E-10 3.6540E-10 3.7426E-10 3.8326E-10 3.9238E-10 4.0163E-10 4.1100E-10 4.2050E-10 4.3012E-10 4.3986E-10 4.4973E-10 4.5970E-10
9.5077E-11 9.8350E-11 1.0171E-10 1.0553E-10 1.0910E-10 1.1312E-10 1.1689E-10 1.2077E-10 1.2512E-10 1.2922E-10 1.3378E-10 1.3811E-10 1.4255E-10 1.4745E-10 1.5213E-10 1.5692E-10 1.6220E-10 1.6724E-10 1.7240E-10 1.7768E-10 1.8309E-10 1.8861E-10 1.9427E-10 2.0004E-10 2.0595E-10 2.1198E-10 2.1814E-10 2.2443E-10 2.3085E-10 2.3740E-10 2.4409E-10 2.5091E-10 2.5786E-10 2.6494E-10 2.7216E-10 2.7952E-10 2.8701E-10 2.9463E-10 3.0239E-10 3.1029E-10 3.1832E-10 3.2649E-10 3.3479E-10 3.4322E-10 3.5179E-10 3.6049E-10 3.6933E-10 3.7829E-10 3.8739E-10 3.9662E-10 4.0597E-10 4.1545E-10 4.2506E-10 4.3479E-10 4.4464E-10 4.5462E-10 4.6471E-10
9.5991E-11 9.9296E-11 1.0305E-10 1.0655E-10 1.1016E-10 1.1422E-10 1.1804E-10 1.2231E-10 1.2635E-10 1.3049E-10 1.3511E-10 1.3948E-10 1.4397E-10 1.4893E-10 1.5366E-10 1.5850E-10 1.6384E-10 1.6893E-10 1.7415E-10 1.7949E-10 1.8495E-10 1.9053E-10 1.9625E-10 2.0209E-10 2.0805E-10 2.1415E-10 2.2038E-10 2.2674E-10 2.3323E-10 2.3985E-10 2.4661E-10 2.5350E-10 2.6053E-10 2.6769E-10 2.7499E-10 2.8242E-10 2.8999E-10 2.9770E-10 3.0555E-10 3.1353E-10 3.2165E-10 3.2991E-10 3.3830E-10 3.4683E-10 3.5549E-10 3.6429E-10 3.7322E-10 3.8229E-10 3.9149E-10 4.0081E-10 4.1027E-10 4.1986E-10 4.2958E-10 4.3942E-10 4.4938E-10 4.5947E-10 4.6967E-10
9.6893E-11 1.0023E-10 1.0402E-10 1.0756E-10 1.1156E-10 1.1531E-10 1.1917E-10 1.2349E-10 1.2757E-10 1.3211E-10 1.3642E-10 1.4084E-10 1.4573E-10 1.5039E-10 1.5517E-10 1.6043E-10 1.6546E-10 1.7061E-10 1.7588E-10 1.8127E-10 1.8679E-10 1.9243E-10 1.9821E-10 2.0411E-10 2.1014E-10 2.1630E-10 2.2259E-10 2.2902E-10 2.3558E-10 2.4227E-10 2.4910E-10 2.5607E-10 2.6317E-10 2.7041E-10 2.7778E-10 2.8530E-10 2.9295E-10 3.0074E-10 3.0867E-10 3.1674E-10 3.2495E-10 3.3329E-10 3.4178E-10 3.5040E-10 3.5915E-10 3.6805E-10 3.7708E-10 3.8624E-10 3.9554E-10 4.0497E-10 4.1454E-10 4.2423E-10 4.3405E-10 4.4400E-10 4.5407E-10 4.6427E-10 4.7459E-10
9.7782E-11 1.0150E-10 1.0498E-10 1.0891E-10 1.1260E-10 1.1639E-10 1.2064E-10 1.2465E-10 1.2877E-10 1.3337E-10 1.3772E-10 1.4218E-10 1.4713E-10 1.5184E-10 1.5666E-10 1.6198E-10 1.6706E-10 1.7226E-10 1.7758E-10 1.8303E-10 1.8861E-10 1.9431E-10 2.0014E-10 2.0610E-10 2.1220E-10 2.1842E-10 2.2478E-10 2.3127E-10 2.3790E-10 2.4466E-10 2.5156E-10 2.5860E-10 2.6578E-10 2.7309E-10 2.8055E-10 2.8814E-10 2.9587E-10 3.0375E-10 3.1176E-10 3.1991E-10 3.2821E-10 3.3664E-10 3.4522E-10 3.5393E-10 3.6278E-10 3.7177E-10 3.8089E-10 3.9016E-10 3.9956E-10 4.0909E-10 4.1875E-10 4.2855E-10 4.3848E-10 4.4853E-10 4.5872E-10 4.6903E-10 4.7946E-10
9.8658E-11 1.0242E-10 1.0593E-10 1.0990E-10 1.1363E-10 1.1781E-10 1.2175E-10 1.2580E-10 1.3032E-10 1.3460E-10 1.3900E-10 1.4387E-10 1.4851E-10 1.5326E-10 1.5850E-10 1.6351E-10 1.6864E-10 1.7389E-10 1.7927E-10 1.8478E-10 1.9041E-10 1.9617E-10 2.0206E-10 2.0808E-10 2.1423E-10 2.2052E-10 2.2694E-10 2.3350E-10 2.4020E-10 2.4703E-10 2.5400E-10 2.6111E-10 2.6836E-10 2.7575E-10 2.8328E-10 2.9095E-10 2.9876E-10 3.0672E-10 3.1481E-10 3.2305E-10 3.3143E-10 3.3995E-10 3.4862E-10 3.5742E-10 3.6636E-10 3.7545E-10 3.8467E-10 3.9403E-10 4.0352E-10 4.1316E-10 4.2293E-10 4.3283E-10 4.4286E-10 4.5302E-10 4.6331E-10 4.7373E-10 4.8427E-10
9.9874E-11 1.0332E-10 1.0722E-10 1.1088E-10 1.1464E-10 1.1886E-10 1.2284E-10 1.2693E-10 1.3150E-10 1.3582E-10 1.4062E-10 1.4518E-10 1.4987E-10 1.5503E-10 1.5996E-10 1.6502E-10 1.7020E-10 1.7551E-10 1.8094E-10 1.8649E-10 1.9218E-10 1.9800E-10 2.0394E-10 2.1003E-10 2.1624E-10 2.2259E-10 2.2908E-10 2.3570E-10 2.4246E-10 2.4936E-10 2.5640E-10 2.6358E-10 2.7091E-10 2.7837E-10 2.8598E-10 2.9372E-10 3.0162E-10 3.0965E-10 3.1783E-10 3.2615E-10 3.3462E-10 3.4323E-10 3.5198E-10 3.6087E-10 3.6990E-10 3.7908E-10 3.8840E-10 3.9785E-10 4.0745E-10 4.1718E-10 4.2705E-10 4.3705E-10 4.4719E-10 4.5746E-10 4.6785E-10 4.7838E-10 4.8903E-10
1.0073E-10 1.0421E-10 1.0815E-10 1.1184E-10 1.1599E-10 1.1990E-10 1.2392E-10 1.2841E-10 1.3266E-10 1.3703E-10 1.4187E-10 1.4648E-10 1.5121E-10 1.5642E-10 1.6141E-10 1.6651E-10 1.7174E-10 1.7709E-10 1.8258E-10 1.8819E-10 1.9393E-10 1.9980E-10 2.0581E-10 2.1195E-10 2.1822E-10 2.2463E-10 2.3118E-10 2.3787E-10 2.4470E-10 2.5167E-10 2.5877E-10 2.6603E-10 2.7342E-10 2.8096E-10 2.8864E-10 2.9646E-10 3.0443E-10 3.1255E-10 3.2081E-10 3.2921E-10 3.3776E-10 3.4645E-10 3.5529E-10 3.6427E-10 3.7340E-10 3.8267E-10 3.9208E-10 4.0163E-10 4.1132E-10 4.2115E-10 4.3112E-10 4.4122E-10 4.5146E-10 4.6184E-10 4.7234E-10 4.8297E-10 4.9373E-10
1.0157E-10 1.0543E-10 1.0906E-10 1.1278E-10 1.1698E-10 1.2092E-10 1.2534E-10 1.2952E-10 1.3381E-10 1.3857E-10 1.4310E-10 1.4776E-10 1.5289E-10 1.5780E-10 1.6283E-10 1.6798E-10 1.7326E-10 1.7866E-10 1.8419E-10 1.8986E-10 1.9565E-10 2.0158E-10 2.0764E-10 2.1384E-10 2.2017E-10 2.2665E-10 2.3326E-10 2.4001E-10 2.4690E-10 2.5394E-10 2.6111E-10 2.6843E-10 2.7590E-10 2.8351E-10 2.9126E-10 2.9916E-10 3.0721E-10 3.1540E-10 3.2374E-10 3.3223E-10 3.4086E-10 3.4964E-10 3.5857E-10 3.6764E-10 3.7685E-10 3.8621E-10 3.9571E-10 4.0536E-10 4.1514E-10 4.2507E-10 4.3514E-10 4.4534E-10 4.5568E-10 4.6616E-10 4.7677E-10 4.8751E-10 4.9838E-10
1.0240E-10 1.0630E-10 1.0996E-10 1.1407E-10 1.1795E-10 1.2193E-10 1.2639E-10 1.3060E-10 1.3493E-10 1.3974E-10 1.4432E-10 1.4901E-10 1.5420E-10 1.5915E-10 1.6422E-10 1.6942E-10 1.7475E-10 1.8020E-10 1.8579E-10 1.9150E-10 1.9735E-10 2.0333E-10 2.0945E-10 2.1570E-10 2.2210E-10 2.2863E-10 2.3530E-10 2.4212E-10 2.4907E-10 2.5617E-10 2.6342E-10 2.7081E-10 2.7834E-10 2.8602E-10 2.9385E-10 3.0183E-10 3.0995E-10 3.1822E-10 3.2664E-10 3.3520E-10 3.4392E-10 3.5278E-10 3.6179E-10 3.7095E-10 3.8025E-10 3.8970E-10 3.9929E-10 4.0903E-10 4.1891E-10 4.2894E-10 4.3910E-10 4.4941E-10 4.5985E-10 4.7043E-10 4.8114E-10 4.9198E-10 5.0296E-10
1.0356E-10 1.0715E-10 1.1084E-10 1.1499E-10 1.1890E-10 1.2327E-10 1.2742E-10 1.3167E-10 1.3640E-10 1.4090E-10 1.4551E-10 1.5061E-10 1.5548E-10 1.6048E-10 1.6560E-10 1.7084E-10 1.7622E-10 1.8172E-10 1.8735E-10 1.9312E-10 1.9902E-10 2.0505E-10 2.1123E-10 2.1754E-10 2.2399E-10 2.3058E-10 2.3731E-10 2.4419E-10 2.5121E-10 2.5837E-10 2.6568E-10 2.7314E-10 2.8075E-10 2.8850E-10 2.9640E-10 3.0445E-10 3.1264E-10 3.2099E-10 3.2949E-10 3.3813E-10 3.4693E-10 3.5588E-10 3.6497E-10 3.7421E-10 3.8360E-10 3.9314E-10 4.0282E-10 4.1265E-10 4.2263E-10 4.3275E-10 4.4301E-10 4.5341E-10 4.6395E-10 4.7463E-10 4.8544E-10 4.9639E-10 5.0747E-10
1.0437E-10 1.0798E-10 1.1206E-10 1.1589E-10 1.1984E-10 1.2425E-10 1.2843E-10 1.3272E-10 1.3749E-10 1.4203E-10 1.4668E-10 1.5183E-10 1.5675E-10 1.6178E-10 1.6695E-10 1.7224E-10 1.7766E-10 1.8321E-10 1.8889E-10 1.9471E-10 2.0066E-10 2.0675E-10 2.1298E-10 2.1934E-10 2.2585E-10 2.3250E-10 2.3929E-10 2.4623E-10 2.5331E-10 2.6054E-10 2.6791E-10 2.7544E-10 2.8311E-10 2.9093E-10 2.9890E-10 3.0702E-10 3.1530E-10 3.2372E-10 3.3229E-10 3.4102E-10 3.4989E-10 3.5892E-10 3.6810E-10 3.7742E-10 3.8690E-10 3.9653E-10 4.0630E-10 4.1622E-10 4.2629E-10 4.3650E-10 4.4685E-10 4.5735E-10 4.6799E-10 4.7877E-10 4.8968E-10 5.0073E-10 5.1192E-10
1.0516E-10 1.0880E-10 1.1291E-10 1.1678E-10 1.2111E-10 1.2521E-10 1.2942E-10 1.3411E-10 1.3857E-10 1.4314E-10 1.4820E-10 1.5303E-10 1.5799E-10 1.6307E-10 1.6827E-10 1.7361E-10 1.7907E-10 1.8467E-10 1.9040E-10 1.9627E-10 2.0227E-10 2.0841E-10 2.1469E-10 2.2111E-10 2.2768E-10 2.3438E-10 2.4123E-10 2.4823E-10 2.5537E-10 2.6267E-10 2.7011E-10 2.7770E-10 2.8543E-10 2.9332E-10 3.0137E-10 3.0956E-10 3.1790E-10 3.2640E-10 3.3505E-10 3.4385E-10 3.5281E-10 3.6191E-10 3.7117E-10 3.8058E-10 3.9014E-10 3.9986E-10 4.0972E-10 4.1973E-10 4.2988E-10 4.4019E-10 4.5064E-10 4.6123E-10 4.7197E-10 4.8284E-10 4.9386E-10 5.0501E-10 5.1629E-10
1.0593E-10 1.0995E-10 1.1375E-10 1.1765E-10 1.2202E-10 1.2615E-10 1.3039E-10 1.3512E-10 1.3962E-10 1.4423E-10 1.4933E-10 1.5421E-10 1.5920E-10 1.6432E-10 1.6957E-10 1.7495E-10 1.8046E-10 1.8610E-10 1.9188E-10 1.9780E-10 2.0385E-10 2.1004E-10 2.1638E-10 2.2285E-10 2.2947E-10 2.3623E-10 2.4314E-10 2.5020E-10 2.5740E-10 2.6475E-10 2.7226E-10 2.7991E-10 2.8772E-10 2.9567E-10 3.0378E-10 3.1205E-10 3.2046E-10 3.2903E-10 3.3776E-10 3.4664E-10 3.5567E-10 3.6485E-10 3.7419E-10 3.8369E-10 3.9333E-10 4.0313E-10 4.1307E-10 4.2317E-10 4.3342E-10 4.4381E-10 4.5436E-10 4.6504E-10 4.7587E-10 4.8685E-10 4.9796E-10 5.0921E-10 5.2059E-10
1.0668E-10 1.1074E-10 1.1457E-10 1.1885E-10 1.2290E-10 1.2707E-10 1.3171E-10 1.3612E-10 1.4065E-10 1.4566E-10 1.5045E-10 1.5536E-10 1.6039E-10 1.6555E-10 1.7084E-10 1.7627E-10 1.8182E-10 1.8751E-10 1.9334E-10 1.9930E-10 2.0540E-10 2.1164E-10 2.1803E-10 2.2455E-10 2.3123E-10 2.3805E-10 2.4501E-10 2.5213E-10 2.5939E-10 2.6680E-10 2.7437E-10 2.8209E-10 2.8996E-10 2.9798E-10 3.0616E-10 3.1449E-10 3.2298E-10 3.3162E-10 3.4042E-10 3.4937E-10 3.5848E-10 3.6774E-10 3.7716E-10 3.8673E-10 3.9646E-10 4.0634E-10 4.1637E-10 4.2656E-10 4.3689E-10 4.4738E-10 4.5801E-10 4.6879E-10 4.7971E-10 4.9078E-10 5.0199E-10 5.1334E-10 5.2482E-10
1.0777E-10 1.1152E-10 1.1537E-10 1.1969E-10 1.2377E-10 1.2797E-10 1.3265E-10 1.3709E-10 1.4165E-10 1.4671E-10 1.5153E-10 1.5648E-10 1.6156E-10 1.6676E-10 1.7209E-10 1.7756E-10 1.8315E-10 1.8889E-10 1.9476E-10 2.0077E-10 2.0692E-10 2.1321E-10 2.1964E-10 2.2622E-10 2.3295E-10 2.3982E-10 2.4684E-10 2.5401E-10 2.6134E-10 2.6881E-10 2.7644E-10 2.8421E-10 2.9215E-10 3.0024E-10 3.0848E-10 3.1688E-10 3.2544E-10 3.3415E-10 3.4302E-10 3.5205E-10 3.6123E-10 3.7057E-10 3.8007E-10 3.8972E-10 3.9953E-10 4.0949E-10 4.1961E-10 4.2988E-10 4.4030E-10 4.5087E-10 4.6159E-10 4.7246E-10 4.8348E-10 4.9464E-10 5.0594E-10 5.1739E-10 5.2897E-10
1.0850E-10 1.1227E-10 1.1650E-10 1.2050E-10 1.2462E-10 1.2921E-10 1.3357E-10 1.3804E-10 1.4300E-10 1.4774E-10 1.5260E-10 1.5758E-10 1.6269E-10 1.6794E-10 1.7331E-10 1.7881E-10 1.8446E-10 1.9023E-10 1.9615E-10 2.0220E-10 2.0840E-10 2.1474E-10 2.2123E-10 2.2786E-10 2.3463E-10 2.4156E-10 2.4864E-10 2.5586E-10 2.6324E-10 2.7077E-10 2.7846E-10 2.8630E-10 2.9430E-10 3.0245E-10 3.1076E-10 3.1923E-10 3.2785E-10 3.3663E-10 3.4557E-10 3.5467E-10 3.6393E-10 3.7334E-10 3.8292E-10 3.9265E-10 4.0253E-10 4.1258E-10 4.2278E-10 4.3313E-10 4.4364E-10 4.5429E-10 4.6510E-10 4.7606E-10 4.8717E-10 4.9842E-10 5.0982E-10 5.2136E-10 5.3304E-10
1.0920E-10 1.1300E-10 1.1727E-10 1.2130E-10 1.2544E-10 1.3007E-10 1.3446E-10 1.3897E-10 1.4397E-10 1.4874E-10 1.5364E-10 1.5866E-10 1.6381E-10 1.6909E-10 1.7450E-10 1.8004E-10 1.8573E-10 1.9155E-10 1.9751E-10 2.0361E-10 2.0985E-10 2.1624E-10 2.2277E-10 2.2945E-10 2.3628E-10 2.4326E-10 2.5039E-10 2.5767E-10 2.6510E-10 2.7269E-10 2.8044E-10 2.8834E-10 2.9640E-10 3.0461E-10 3.1298E-10 3.2152E-10 3.3021E-10 3.3906E-10 3.4807E-10 3.5724E-10 3.6657E-10 3.7606E-10 3.8570E-10 3.9551E-10 4.0548E-10 4.1560E-10 4.2588E-10 4.3631E-10 4.4690E-10 4.5765E-10 4.6854E-10 4.7959E-10 4.9078E-10 5.0213E-10 5.1362E-10 5.2525E-10 5.3702E-10
1.0989E-10 1.1371E-10 1.1802E-10 1.2208E-10 1.2661E-10 1.3091E-10 1.3533E-10 1.4024E-10 1.4492E-10 1.4972E-10 1.5465E-10 1.5970E-10 1.6489E-10 1.7021E-10 1.7566E-10 1.8124E-10 1.8697E-10 1.9283E-10 1.9883E-10 2.0498E-10 2.1126E-10 2.1770E-10 2.2428E-10 2.3101E-10 2.3789E-10 2.4492E-10 2.5210E-10 2.5943E-10 2.6692E-10 2.7457E-10 2.8237E-10 2.9033E-10 2.9845E-10 3.0672E-10 3.1516E-10 3.2376E-10 3.3251E-10 3.4143E-10 3.5051E-10 3.5975E-10 3.6915E-10 3.7871E-10 3.8843E-10 3.9831E-10 4.0835E-10 4.1855E-10 4.2891E-10 4.3943E-10 4.5010E-10 4.6093E-10 4.7191E-10 4.8304E-10 4.9432E-10 5.0575E-10 5.1733E-10 5.2905E-10 5.4092E-10
