Assets/Resources/2015_m01_d15_2000(utc+0800)_l00_csi_1hr_conc.grd
DSAA
         159         159
     -79.000      79.000
     -79.000      79.000
  0.0000E+00  0.6752E-04
[rows 50 to 74 of 159, columns 57 to 113 of 159]
3.4576E-08 3.5218E-08 3.5803E-08 3.6314E-08 3.6737E-08 3.7066E-08 3.7300E-08 3.7438E-08 3.7479E-08 3.7454E-08 3.7335E-08 3.7196E-08 3.7863E-08 4.1611E-08 4.5697E-08 4.8835E-08 5.0731E-08 4.9772E-08 4.6088E-08 4.2390E-08 3.8763E-08 3.5258E-08 3.1956E-08 2.8859E-08 2.6030E-08 2.3442E-08 2.1117E-08 1.9028E-08 1.7181E-08 1.5534E-08 1.4082E-08 1.2822E-08 1.1715E-08 1.0702E-08 9.9435E-09 9.2164E-09 8.6208E-09 8.1713E-09 7.7036E-09 7.3639E-09 7.0972E-09 6.8366E-09 6.5946E-09 6.3851E-09 6.1875E-09 5.9999E-09 5.8221E-09 5.6525E-09 5.4893E-09 5.3312E-09 5.1581E-09 4.9936E-09 4.8333E-09 4.6559E-09 4.5120E-09 4.3422E-09 4.1960E-09
3.6005E-08 3.6740E-08 3.7421E-08 3.8027E-08 3.8563E-08 3.9000E-08 3.9345E-08 3.9595E-08 3.9755E-08 3.9834E-08 3.9919E-08 4.0865E-08 4.3609E-08 4.7546E-08 5.3337E-08 5.6751E-08 5.6208E-08 5.2422E-08 4.8566E-08 4.4686E-08 4.0868E-08 3.7205E-08 3.3713E-08 3.0467E-08 2.7442E-08 2.4697E-08 2.2208E-08 1.9975E-08 1.7970E-08 1.6204E-08 1.4631E-08 1.3268E-08 1.2074E-08 1.0996E-08 1.0171E-08 9.4158E-09 8.7569E-09 8.2826E-09 7.8011E-09 7.4313E-09 7.1487E-09 6.8897E-09 6.6348E-09 6.4183E-09 6.2168E-09 6.0277E-09 5.8475E-09 5.6755E-09 5.5114E-09 5.3520E-09 5.1768E-09 5.0109E-09 4.8586E-09 4.6938E-09 4.5254E-09 4.3797E-09 4.2176E-09
3.7393E-08 3.8223E-08 3.8984E-08 3.9672E-08 4.0281E-08 4.0820E-08 4.1312E-08 4.1726E-08 4.2092E-08 4.2429E-08 4.3201E-08 4.5604E-08 5.0866E-08 5.8179E-08 6.2878E-08 6.2856E-08 5.9089E-08 5.5140E-08 5.1098E-08 4.7045E-08 4.3073E-08 3.9226E-08 3.5583E-08 3.2151E-08 2.8981E-08 2.6061E-08 2.3407E-08 2.0995E-08 1.8832E-08 1.6912E-08 1.5217E-08 1.3742E-08 1.2460E-08 1.1303E-08 1.0401E-08 9.6187E-09 8.9025E-09 8.3887E-09 7.8978E-09 7.5014E-09 7.1975E-09 6.9365E-09 6.6760E-09 6.4470E-09 6.2440E-09 6.0517E-09 5.8698E-09 5.6960E-09 5.5306E-09 5.3704E-09 5.2054E-09 5.0257E-09 4.8849E-09 4.7181E-09 4.5368E-09 4.4016E-09 4.2379E-09
3.8578E-08 3.9480E-08 4.0354E-08 4.1180E-08 4.1954E-08 4.2692E-08 4.3373E-08 4.4016E-08 4.4630E-08 4.5538E-08 4.8006E-08 5.4229E-08 6.2965E-08 6.8881E-08 6.9462E-08 6.5847E-08 6.1965E-08 5.7905E-08 5.3725E-08 4.9536E-08 4.5405E-08 4.1411E-08 3.7589E-08 3.3981E-08 3.0599E-08 2.7499E-08 2.4655E-08 2.2070E-08 1.9738E-08 1.7670E-08 1.5838E-08 1.4247E-08 1.2865E-08 1.1624E-08 1.0650E-08 9.8064E-09 9.0574E-09 8.5030E-09 7.9834E-09 7.5799E-09 7.2459E-09 6.9734E-09 6.7181E-09 6.4721E-09 6.2676E-09 6.0735E-09 5.8902E-09 5.7142E-09 5.5476E-09 5.3865E-09 5.2197E-09 5.0479E-09 4.8972E-09 4.7292E-09 4.5552E-09 4.4222E-09 4.2462E-09
3.9684E-08 4.0717E-08 4.1721E-08 4.2704E-08 4.3669E-08 4.4608E-08 4.5524E-08 4.6426E-08 4.7560E-08 5.0206E-08 5.7327E-08 6.7390E-08 7.4520E-08 7.4754E-08 7.2525E-08 6.8840E-08 6.4865E-08 6.0691E-08 5.6425E-08 5.2140E-08 4.7885E-08 4.3745E-08 3.9769E-08 3.5989E-08 3.2438E-08 2.9124E-08 2.6057E-08 2.3258E-08 2.0739E-08 1.8489E-08 1.6507E-08 1.4783E-08 1.3293E-08 1.1961E-08 1.0902E-08 9.9965E-09 9.2134E-09 8.6141E-09 8.0695E-09 7.6535E-09 7.3018E-09 7.0125E-09 6.7557E-09 6.4972E-09 6.2879E-09 6.0922E-09 5.9072E-09 5.7302E-09 5.5621E-09 5.3994E-09 5.2324E-09 5.0583E-09 4.9071E-09 4.7385E-09 4.5841E-09 4.4294E-09 4.2526E-09
4.0742E-08 4.1890E-08 4.3047E-08 4.4215E-08 4.5385E-08 4.6560E-08 4.7749E-08 4.9141E-08 5.2018E-08 5.9966E-08 7.1261E-08 7.7127E-08 7.9034E-08 7.8791E-08 7.5460E-08 7.1748E-08 6.7770E-08 6.3556E-08 5.9218E-08 5.4829E-08 5.0472E-08 4.6202E-08 4.2067E-08 3.8105E-08 3.4347E-08 3.0820E-08 2.7549E-08 2.4547E-08 2.1823E-08 1.9390E-08 1.7243E-08 1.5365E-08 1.3739E-08 1.2303E-08 1.1165E-08 1.0197E-08 9.3683E-09 8.7334E-09 8.1510E-09 7.7187E-09 7.3546E-09 7.0497E-09 6.7827E-09 6.5242E-09 6.3039E-09 6.1063E-09 5.9210E-09 5.7429E-09 5.5735E-09 5.4103E-09 5.2520E-09 5.0780E-09 4.9145E-09 4.7636E-09 4.5902E-09 4.4347E-09 4.2616E-09
4.1701E-08 4.2998E-08 4.4332E-08 4.5707E-08 4.7114E-08 4.8556E-08 5.0185E-08 5.3306E-08 6.1617E-08 7.0921E-08 7.9851E-08 8.3363E-08 8.4385E-08 8.1554E-08 7.8293E-08 7.4618E-08 7.0638E-08 6.6462E-08 6.2119E-08 5.7699E-08 5.3267E-08 4.8887E-08 4.4599E-08 4.0448E-08 3.6477E-08 3.2720E-08 2.9212E-08 2.5975E-08 2.3025E-08 2.0384E-08 1.8051E-08 1.6002E-08 1.4219E-08 1.2654E-08 1.1429E-08 1.0390E-08 9.5152E-09 8.8558E-09 8.2371E-09 7.7784E-09 7.4147E-09 7.0839E-09 6.8082E-09 6.5489E-09 6.3164E-09 6.1175E-09 5.9315E-09 5.7526E-09 5.5818E-09 5.4184E-09 5.2596E-09 5.0842E-09 4.9197E-09 4.7805E-09 4.6050E-09 4.4380E-09 4.2816E-09
4.2591E-08 4.4038E-08 4.5556E-08 4.7146E-08 4.8798E-08 5.0640E-08 5.3973E-08 6.2396E-08 7.1847E-08 8.2240E-08 8.6898E-08 8.9034E-08 8.6836E-08 8.4132E-08 8.0950E-08 7.7422E-08 7.3540E-08 6.9405E-08 6.5096E-08 6.0672E-08 5.6196E-08 5.1745E-08 4.7294E-08 4.2942E-08 3.8770E-08 3.4795E-08 3.1043E-08 2.7554E-08 2.4361E-08 2.1480E-08 1.8923E-08 1.6686E-08 1.4710E-08 1.3008E-08 1.1703E-08 1.0578E-08 9.6653E-09 8.9728E-09 8.3169E-09 7.8388E-09 7.4615E-09 7.1179E-09 6.8314E-09 6.5684E-09 6.3250E-09 6.1247E-09 5.9387E-09 5.7596E-09 5.5876E-09 5.4241E-09 5.2649E-09 5.0997E-09 4.9226E-09 4.7832E-09 4.6183E-09 4.4394E-09 4.3061E-09
4.3352E-08 4.4961E-08 4.6676E-08 4.8486E-08 5.0493E-08 5.3977E-08 6.2640E-08 7.0336E-08 8.1213E-08 8.9332E-08 9.2491E-08 9.1011E-08 8.8986E-08 8.6467E-08 8.3494E-08 8.0107E-08 7.6427E-08 7.2448E-08 6.8248E-08 6.3882E-08 5.9387E-08 5.4829E-08 5.0271E-08 4.5772E-08 4.1375E-08 3.7130E-08 3.3091E-08 2.9314E-08 2.5842E-08 2.2697E-08 1.9866E-08 1.7364E-08 1.5186E-08 1.3361E-08 1.1970E-08 1.0773E-08 9.8240E-09 9.0818E-09 8.3999E-09 7.9037E-09 7.5033E-09 7.1446E-09 6.8506E-09 6.5855E-09 6.3296E-09 6.1286E-09 5.9429E-09 5.7631E-09 5.5912E-09 5.4266E-09 5.2673E-09 5.1021E-09 4.9326E-09 4.7838E-09 4.6184E-09 4.4477E-09 4.3054E-09
4.3974E-08 4.5753E-08 4.7662E-08 4.9774E-08 5.3110E-08 5.8933E-08 6.8183E-08 8.0864E-08 9.0510E-08 9.4590E-08 9.3865E-08 9.2597E-08 9.0826E-08 8.8549E-08 8.5864E-08 8.2754E-08 7.9286E-08 7.5522E-08 7.1485E-08 6.7204E-08 6.2734E-08 5.8185E-08 5.3578E-08 4.8945E-08 4.4344E-08 3.9947E-08 3.5471E-08 3.1355E-08 2.7530E-08 2.4044E-08 2.0864E-08 1.8060E-08 1.5646E-08 1.3707E-08 1.2232E-08 1.0977E-08 9.9965E-09 9.1930E-09 8.4762E-09 7.9654E-09 7.5509E-09 7.1659E-09 6.8716E-09 6.5989E-09 6.3324E-09 6.1286E-09 5.9440E-09 5.7631E-09 5.5914E-09 5.4270E-09 5.2669E-09 5.1018E-09 4.9315E-09 4.7821E-09 4.6164E-09 4.4663E-09 4.3029E-09
4.4451E-08 4.6399E-08 4.8554E-08 5.1421E-08 5.6587E-08 6.6353E-08 7.9774E-08 9.0372E-08 9.5233E-08 9.5248E-08 9.4762E-08 9.3778E-08 9.2302E-08 9.0385E-08 8.8020E-08 8.5248E-08 8.2123E-08 7.8645E-08 7.4829E-08 7.0752E-08 6.6409E-08 6.1892E-08 5.7230E-08 5.2452E-08 4.7622E-08 4.2830E-08 3.8161E-08 3.3672E-08 2.9416E-08 2.5468E-08 2.1868E-08 1.8745E-08 1.6127E-08 1.4064E-08 1.2523E-08 1.1209E-08 1.0177E-08 9.3184E-09 8.5304E-09 8.0182E-09 7.5902E-09 7.1826E-09 6.8819E-09 6.6079E-09 6.3322E-09 6.1253E-09 5.9410E-09 5.7602E-09 5.5888E-09 5.4241E-09 5.2641E-09 5.0988E-09 4.9278E-09 4.7787E-09 4.6122E-09 4.4620E-09 4.2984E-09
4.4774E-08 4.6916E-08 4.9594E-08 5.4299E-08 6.4081E-08 7.7773E-08 8.8929E-08 9.4411E-08 9.5108E-08 9.5367E-08 9.5167E-08 9.4509E-08 9.3418E-08 9.1890E-08 8.9947E-08 8.7625E-08 8.4909E-08 8.1828E-08 7.8330E-08 7.4497E-08 7.0438E-08 6.6061E-08 6.1400E-08 5.6501E-08 5.1447E-08 4.6329E-08 4.1259E-08 3.6303E-08 3.1496E-08 2.7016E-08 2.2938E-08 1.9461E-08 1.6643E-08 1.4493E-08 1.2830E-08 1.1438E-08 1.0345E-08 9.4337E-09 8.6156E-09 8.0533E-09 7.6257E-09 7.2041E-09 6.8831E-09 6.6151E-09 6.3279E-09 6.1182E-09 5.9346E-09 5.7545E-09 5.5827E-09 5.4182E-09 5.2585E-09 5.0930E-09 4.9219E-09 4.7727E-09 4.6062E-09 4.4557E-09 4.2921E-09
4.4956E-08 4.7465E-08 5.1762E-08 6.1292E-08 7.4893E-08 8.6283E-08 9.0300E-08 9.3485E-08 9.4406E-08 9.4922E-08 9.5042E-08 9.4778E-08 9.4109E-08 9.3057E-08 9.1640E-08 8.9836E-08 8.7648E-08 8.4987E-08 8.2001E-08 7.8619E-08 7.4853E-08 7.0659E-08 6.6037E-08 6.1045E-08 5.5774E-08 5.0332E-08 4.4838E-08 3.9275E-08 3.3776E-08 2.8634E-08 2.4086E-08 2.0260E-08 1.7279E-08 1.5004E-08 1.3172E-08 1.1665E-08 1.0482E-08 9.5355E-09 8.6963E-09 8.0923E-09 7.6471E-09 7.2171E-09 6.8801E-09 6.6146E-09 6.3207E-09 6.1077E-09 5.9245E-09 5.7450E-09 5.5740E-09 5.4090E-09 5.2495E-09 5.0845E-09 4.9131E-09 4.7641E-09 4.6069E-09 4.4473E-09 4.2838E-09
4.5098E-08 4.9004E-08 5.8087E-08 6.9657E-08 7.9662E-08 8.6000E-08 9.0517E-08 9.1964E-08 9.3094E-08 9.3899E-08 9.4396E-08 9.4541E-08 9.4366E-08 9.3874E-08 9.3043E-08 9.1853E-08 9.0216E-08 8.8226E-08 8.5840E-08 8.3105E-08 7.9797E-08 7.5904E-08 7.1426E-08 6.6401E-08 6.0906E-08 5.5074E-08 4.8975E-08 4.2601E-08 3.6310E-08 3.0468E-08 2.5373E-08 2.1174E-08 1.7995E-08 1.5535E-08 1.3519E-08 1.1916E-08 1.0627E-08 9.6086E-09 8.7652E-09 8.1377E-09 7.6537E-09 7.2177E-09 6.8784E-09 6.6043E-09 6.3103E-09 6.0930E-09 5.9097E-09 5.7315E-09 5.5615E-09 5.3968E-09 5.2380E-09 5.0733E-09 4.9020E-09 4.7532E-09 4.5963E-09 4.4370E-09 4.2737E-09
4.6108E-08 5.4115E-08 6.3745E-08 7.4488E-08 8.1290E-08 8.6397E-08 8.8236E-08 8.9842E-08 9.1199E-08 9.2334E-08 9.3188E-08 9.3804E-08 9.4174E-08 9.4284E-08 9.4107E-08 9.3544E-08 9.2671E-08 9.1523E-08 8.9990E-08 8.7917E-08 8.5191E-08 8.1739E-08 7.9496E-08 7.2563E-08 6.6934E-08 6.0730E-08 5.3880E-08 4.6478E-08 3.9265E-08 3.2618E-08 2.6822E-08 2.2185E-08 1.8772E-08 1.6046E-08 1.3866E-08 1.2164E-08 1.0786E-08 9.6718E-09 8.8138E-09 8.1664E-09 7.6638E-09 7.2134E-09 6.8688E-09 6.5851E-09 6.2967E-09 6.0750E-09 5.8916E-09 5.7154E-09 5.5458E-09 5.3815E-09 5.2236E-09 5.0593E-09 4.8885E-09 4.7403E-09 4.5836E-09 4.4247E-09 4.2618E-09
5.0278E-08 5.8841E-08 6.8273E-08 7.6036E-08 8.1369E-08 8.3469E-08 8.5388E-08 8.7147E-08 8.8755E-08 9.0188E-08 9.1452E-08 9.2554E-08 9.3494E-08 9.4221E-08 9.4685E-08 9.4933E-08 9.5042E-08 9.4855E-08 9.4248E-08 9.3050E-08 9.1116E-08 8.8317E-08 8.4559E-08 7.9812E-08 7.4101E-08 6.7407E-08 5.9672E-08 5.1127E-08 4.2722E-08 3.5000E-08 2.8364E-08 2.3298E-08 1.9593E-08 1.6607E-08 1.4191E-08 1.2373E-08 1.0921E-08 9.7360E-09 8.8412E-09 8.1737E-09 7.6637E-09 7.1985E-09 6.8514E-09 6.5607E-09 6.2776E-09 6.0535E-09 5.8702E-09 5.6956E-09 5.5274E-09 5.3636E-09 5.2066E-09 5.0427E-09 4.8724E-09 4.7250E-09 4.5687E-09 4.4104E-09 4.2479E-09
5.2256E-08 6.1961E-08 7.0393E-08 7.5711E-08 7.7938E-08 8.0036E-08 8.2034E-08 8.3955E-08 8.5792E-08 8.7526E-08 8.9186E-08 9.0782E-08 9.2251E-08 9.3588E-08 9.4831E-08 9.6064E-08 9.7179E-08 9.8066E-08 9.8553E-08 9.8463E-08 9.7595E-08 9.9447E-08 9.2720E-08 8.8388E-08 8.2688E-08 7.5524E-08 6.6717E-08 5.6822E-08 4.6940E-08 3.7668E-08 2.9942E-08 2.4470E-08 2.0390E-08 1.7118E-08 1.4526E-08 1.2533E-08 1.1003E-08 9.8156E-09 8.8558E-09 8.1627E-09 7.6481E-09 7.1815E-09 6.8237E-09 6.5307E-09 6.2541E-09 6.0276E-09 5.8450E-09 5.6726E-09 5.5058E-09 5.3427E-09 5.1866E-09 5.0237E-09 4.8541E-09 4.7074E-09 4.5518E-09 4.3941E-09 4.2322E-09
5.6444E-08 6.4587E-08 6.9687E-08 7.1934E-08 7.4094E-08 7.6184E-08 7.8253E-08 8.0307E-08 8.2352E-08 8.4377E-08 8.6420E-08 8.8430E-08 9.0402E-08 9.2405E-08 9.4519E-08 9.6731E-08 9.8922E-08 1.0098E-07 1.0276E-07 1.0405E-07 1.0458E-07 1.0406E-07 1.0213E-07 9.8472E-08 9.3075E-08 8.5614E-08 7.5319E-08 6.3336E-08 5.1261E-08 4.0288E-08 3.1566E-08 2.5657E-08 2.1104E-08 1.7564E-08 1.4822E-08 1.2671E-08 1.1044E-08 9.8465E-09 8.8689E-09 8.1345E-09 7.6135E-09 7.1575E-09 6.7872E-09 6.4951E-09 6.2243E-09 5.9977E-09 5.8178E-09 5.6464E-09 5.4810E-09 5.3190E-09 5.1637E-09 5.0021E-09 4.8334E-09 4.6875E-09 4.5326E-09 4.3758E-09 4.2235E-09
5.8814E-08 6.3564E-08 6.5724E-08 6.7843E-08 6.9924E-08 7.1996E-08 7.4112E-08 7.6285E-08 7.8499E-08 8.0782E-08 8.3116E-08 8.5477E-08 8.7965E-08 9.0668E-08 9.3641E-08 9.6784E-08 1.0006E-07 1.0339E-07 1.0664E-07 1.0959E-07 1.1192E-07 1.1317E-07 1.1272E-07 1.1035E-07 1.0599E-07 9.8313E-08 8.5771E-08 7.1085E-08 5.6357E-08 4.2957E-08 3.3055E-08 2.6750E-08 2.1773E-08 1.7909E-08 1.5013E-08 1.2780E-08 1.1040E-08 9.8336E-09 8.8607E-09 8.0871E-09 7.5665E-09 7.1194E-09 6.7424E-09 6.4534E-09 6.1882E-09 5.9642E-09 5.7869E-09 5.6172E-09 5.4531E-09 5.2926E-09 5.1381E-09 4.9779E-09 4.8103E-09 4.6655E-09 4.5114E-09 4.3556E-09 4.2042E-09
5.7538E-08 5.9537E-08 6.1537E-08 6.3523E-08 6.5516E-08 6.7558E-08 6.9697E-08 7.1957E-08 7.4298E-08 7.6749E-08 7.9292E-08 8.1983E-08 8.4970E-08 8.8327E-08 9.2024E-08 9.6033E-08 1.0037E-07 1.0501E-07 1.0986E-07 1.1646E-07 1.1924E-07 1.2264E-07 1.2419E-07 1.2414E-07 1.2184E-07 1.1404E-07 9.8385E-08 8.0747E-08 6.2669E-08 4.6324E-08 3.4898E-08 2.7699E-08 2.2263E-08 1.8130E-08 1.5091E-08 1.2795E-08 1.1011E-08 9.7833E-09 8.8138E-09 8.0185E-09 7.5065E-09 7.0694E-09 6.6871E-09 6.4076E-09 6.1478E-09 5.9270E-09 5.7528E-09 5.5851E-09 5.4224E-09 5.2633E-09 5.1101E-09 4.9511E-09 4.7851E-09 4.6410E-09 4.4882E-09 4.3335E-09 4.1830E-09
5.3572E-08 5.5383E-08 5.7216E-08 5.9068E-08 6.0967E-08 6.2961E-08 6.5094E-08 6.7390E-08 6.9789E-08 7.2323E-08 7.5026E-08 7.8017E-08 8.1427E-08 8.5292E-08 8.9552E-08 9.4292E-08 9.9585E-08 1.0548E-07 1.1200E-07 1.1896E-07 1.2580E-07 1.3167E-07 1.3647E-07 1.4016E-07 1.4203E-07 1.3503E-07 1.1780E-07 9.6750E-08 7.2653E-08 5.0681E-08 3.6757E-08 2.8481E-08 2.2559E-08 1.8203E-08 1.5053E-08 1.2703E-08 1.0941E-08 9.6935E-09 8.7315E-09 7.9449E-09 7.4353E-09 7.0068E-09 6.6254E-09 6.3575E-09 6.1006E-09 5.8874E-09 5.7156E-09 5.5499E-09 5.3885E-09 5.2313E-09 5.0790E-09 4.9218E-09 4.7577E-09 4.6144E-09 4.4628E-09 4.3095E-09 4.1478E-09
4.9560E-08 5.1183E-08 5.2858E-08 5.4573E-08 5.6375E-08 5.8294E-08 6.0391E-08 6.2656E-08 6.5038E-08 6.7598E-08 7.0421E-08 7.3628E-08 7.7299E-08 8.1474E-08 8.6131E-08 9.1422E-08 9.7487E-08 1.0450E-07 1.2102E-07 1.2146E-07 1.3059E-07 1.3920E-07 1.4765E-07 1.5743E-07 1.7191E-07 1.7078E-07 1.5394E-07 1.2765E-07 9.1289E-08 5.7939E-08 3.8489E-08 2.8931E-08 2.2577E-08 1.8031E-08 1.4855E-08 1.2535E-08 1.0799E-08 9.5556E-09 8.6070E-09 7.8539E-09 7.3499E-09 6.9287E-09 6.5607E-09 6.3010E-09 6.0489E-09 5.8449E-09 5.6753E-09 5.5116E-09 5.3520E-09 5.1967E-09 5.0455E-09 4.8900E-09 4.7279E-09 4.5855E-09 4.4355E-09 4.2836E-09 4.1230E-09
4.5576E-08 4.7029E-08 4.8543E-08 5.0138E-08 5.1815E-08 5.3649E-08 5.5649E-08 5.7829E-08 6.0139E-08 6.2690E-08 6.5559E-08 6.8839E-08 7.2590E-08 7.6890E-08 8.1742E-08 8.7349E-08 9.3937E-08 1.0177E-07 1.1098E-07 1.2142E-07 1.3256E-07 1.4416E-07 1.5763E-07 1.8367E-07 2.4393E-07 2.6854E-07 2.3612E-07 1.8995E-07 1.2568E-07 7.2018E-08 4.0756E-08 2.8800E-08 2.2190E-08 1.7659E-08 1.4497E-08 1.2253E-08 1.0586E-08 9.3719E-09 8.4511E-09 7.7438E-09 7.2525E-09 6.8363E-09 6.4929E-09 6.2395E-09 5.9924E-09 5.7992E-09 5.6322E-09 5.4703E-09 5.3129E-09 5.1594E-09 5.0095E-09 4.8556E-09 4.6960E-09 4.5543E-09 4.3845E-09 4.2559E-09 4.0877E-09
4.1706E-08 4.2987E-08 4.4368E-08 4.5815E-08 4.7383E-08 4.9077E-08 5.0952E-08 5.2999E-08 5.5212E-08 5.7693E-08 6.0496E-08 6.3699E-08 6.7369E-08 7.1613E-08 7.6444E-08 8.2111E-08 8.8900E-08 1.0043E-07 1.0691E-07 1.1831E-07 1.3058E-07 1.4428E-07 1.6440E-07 2.4114E-07 4.8361E-07 5.5245E-07 4.2099E-07 3.2961E-07 2.1263E-07 1.1810E-07 4.5308E-08 2.8345E-08 2.1357E-08 1.7014E-08 1.4009E-08 1.1877E-08 1.0305E-08 9.1441E-09 8.2697E-09 7.6127E-09 7.1425E-09 6.7346E-09 6.4182E-09 6.1726E-09 5.9326E-09 5.7503E-09 5.5862E-09 5.4262E-09 5.2708E-09 5.1195E-09 4.9709E-09 4.7961E-09 4.6617E-09 4.5211E-09 4.3536E-09 4.2263E-09 4.0510E-09
3.7995E-08 3.9144E-08 4.0366E-08 4.1699E-08 4.3109E-08 4.4661E-08 4.6368E-08 4.8268E-08 5.0336E-08 5.2666E-08 5.5295E-08 5.8297E-08 6.1758E-08 6.5777E-08 7.0384E-08 7.5851E-08 8.2460E-08 9.0524E-08 1.0033E-07 1.1153E-07 1.2408E-07 1.3937E-07 1.6744E-07 3.1358E-07 7.4020E-07 1.1833E-06 1.1226E-06 9.0271E-07 5.8403E-07 3.0162E-07 7.5758E-08 2.6855E-08 2.0123E-08 1.6139E-08 1.3375E-08 1.1424E-08 9.9616E-09 8.8749E-09 8.0745E-09 7.4639E-09 7.0139E-09 6.6323E-09 6.3394E-09 6.0990E-09 5.8712E-09 5.6985E-09 5.5372E-09 5.3793E-09 5.2261E-09 5.0765E-09 4.9303E-09 4.7577E-09 4.6251E-09 4.4773E-09 4.3117E-09 4.1625E-09 4.0212E-09
