Assets/Resources/2015_m01_d30_2100(utc+0800)_l00_csi_1hr_conc.grd
DSAA
         159         159
     -79.000      79.000
     -79.000      79.000
  0.0000E+00  0.7954E-05
[rows 25 to 49 of 159, columns 57 to 113 of 159]
1.1971E-09 1.5623E-09 2.0570E-09 2.6070E-09 3.2322E-09 3.9449E-09 4.8039E-09 5.8132E-09 7.0171E-09 8.4177E-09 1.0069E-08 1.1981E-08 1.4167E-08 1.6665E-08 1.9475E-08 2.2599E-08 2.6050E-08 2.9807E-08 3.3846E-08 3.6781E-08 3.7886E-08 3.7972E-08 3.8675E-08 3.6371E-08 3.3227E-08 2.9709E-08 2.7812E-08 2.7768E-08 2.8003E-08 2.8089E-08 2.7971E-08 2.7643E-08 2.7116E-08 2.6412E-08 2.5584E-08 2.4977E-08 2.3814E-08 2.2634E-08 2.1785E-08 2.1789E-08 1.9998E-08 1.8321E-08 1.7427E-08 1.5884E-08 1.4097E-08 1.2535E-08 1.1508E-08 1.0020E-08 8.7333E-09 7.6984E-09 6.8410E-09 5.9583E-09 5.2277E-09 4.2978E-09 3.8567E-09 3.4802E-09 3.1378E-09
1.1188E-09 1.4736E-09 1.9687E-09 2.4983E-09 3.1108E-09 3.8004E-09 4.6499E-09 5.6434E-09 6.8249E-09 8.2081E-09 9.8438E-09 1.1726E-08 1.3907E-08 1.6388E-08 1.9179E-08 2.2303E-08 2.5744E-08 2.9488E-08 3.3519E-08 3.7796E-08 4.0559E-08 4.0941E-08 3.9956E-08 3.8194E-08 3.6170E-08 3.4929E-08 3.1816E-08 2.9855E-08 2.9727E-08 2.9773E-08 2.9636E-08 2.9292E-08 2.8791E-08 2.8494E-08 2.7548E-08 2.6545E-08 2.5962E-08 2.6268E-08 2.4397E-08 2.2618E-08 2.2262E-08 2.0111E-08 1.7975E-08 1.6094E-08 1.4933E-08 1.2996E-08 1.1296E-08 9.9481E-09 8.8151E-09 7.6063E-09 6.6095E-09 5.8469E-09 4.9318E-09 4.0986E-09 3.6812E-09 3.3097E-09 2.9726E-09
1.0366E-09 1.3790E-09 1.8133E-09 2.3791E-09 2.9777E-09 3.6546E-09 4.4732E-09 5.4509E-09 6.5986E-09 7.9668E-09 9.5691E-09 1.1434E-08 1.3593E-08 1.6042E-08 1.8822E-08 2.1925E-08 2.5349E-08 2.9090E-08 3.3120E-08 3.7392E-08 4.1836E-08 4.4377E-08 4.4171E-08 4.2590E-08 4.0242E-08 3.7444E-08 3.4462E-08 3.2727E-08 3.1922E-08 3.1671E-08 3.1590E-08 3.1719E-08 3.1138E-08 3.0463E-08 3.0324E-08 3.1014E-08 2.9228E-08 2.7496E-08 2.7660E-08 2.5159E-08 2.2743E-08 2.0600E-08 1.9383E-08 1.6956E-08 1.4789E-08 1.3087E-08 1.1608E-08 9.9460E-09 8.5781E-09 7.5729E-09 6.4839E-09 5.5834E-09 4.5986E-09 3.9080E-09 3.4964E-09 3.1331E-09 2.8049E-09
9.5916E-10 1.2732E-09 1.6907E-09 2.2571E-09 2.8288E-09 3.4858E-09 4.2694E-09 5.2273E-09 6.3430E-09 7.6888E-09 9.2551E-09 1.1100E-08 1.3222E-08 1.5650E-08 1.8406E-08 2.1489E-08 2.4905E-08 2.8632E-08 3.2649E-08 3.6908E-08 4.1364E-08 4.5910E-08 4.8198E-08 4.7453E-08 4.5394E-08 4.2666E-08 3.9574E-08 3.6344E-08 3.4518E-08 3.4495E-08 3.4287E-08 3.4068E-08 3.4562E-08 3.5684E-08 3.4180E-08 3.2685E-08 3.3402E-08 3.0849E-08 2.8301E-08 2.6030E-08 2.4877E-08 2.1996E-08 1.9356E-08 1.7339E-08 1.5453E-08 1.3235E-08 1.1384E-08 1.0074E-08 8.5373E-09 7.2571E-09 6.2394E-09 5.4118E-09 4.3694E-09 3.7095E-09 3.3075E-09 2.9519E-09 2.6361E-09
8.7928E-10 1.1447E-09 1.5631E-09 2.0762E-09 2.6684E-09 3.3048E-09 4.0675E-09 4.9824E-09 6.0672E-09 7.3709E-09 8.9160E-09 1.0723E-08 1.2812E-08 1.5216E-08 1.7944E-08 2.1007E-08 2.4407E-08 2.8126E-08 3.2140E-08 3.6408E-08 4.0878E-08 4.5455E-08 4.8436E-08 4.9627E-08 5.0706E-08 4.8256E-08 4.5350E-08 4.2580E-08 3.9312E-08 3.7575E-08 3.8373E-08 3.9875E-08 3.8849E-08 3.7808E-08 3.9218E-08 3.6847E-08 3.4377E-08 3.2190E-08 3.1269E-08 2.8059E-08 2.5032E-08 2.2844E-08 2.0522E-08 1.7688E-08 1.5273E-08 1.3633E-08 1.1496E-08 9.7353E-09 8.2702E-09 7.1236E-09 6.0151E-09 5.0998E-09 4.0957E-09 3.5088E-09 3.1148E-09 2.7809E-09 2.4799E-09
8.2537E-10 1.0498E-09 1.4209E-09 1.9131E-09 2.4924E-09 3.1075E-09 3.8421E-09 4.7077E-09 5.7721E-09 7.0272E-09 8.5495E-09 1.0305E-08 1.2372E-08 1.4748E-08 1.7452E-08 2.0502E-08 2.3890E-08 2.7607E-08 3.1634E-08 3.5912E-08 4.0388E-08 4.4986E-08 4.9615E-08 5.2133E-08 5.1974E-08 5.0958E-08 4.9408E-08 4.8878E-08 4.7110E-08 4.5502E-08 4.3221E-08 4.2478E-08 4.4621E-08 4.2690E-08 4.0560E-08 3.8734E-08 3.8237E-08 3.4909E-08 3.1675E-08 2.9620E-08 2.6834E-08 2.3410E-08 2.0433E-08 1.8492E-08 1.5651E-08 1.3234E-08 1.1239E-08 9.6443E-09 8.0452E-09 6.7836E-09 5.7140E-09 4.6642E-09 3.8088E-09 3.3130E-09 2.9435E-09 2.6159E-09 2.3236E-09
7.6690E-10 9.3314E-10 1.2503E-09 1.7442E-09 2.2928E-09 2.8940E-09 3.6036E-09 4.4409E-09 5.4555E-09 6.6712E-09 8.1441E-09 9.8764E-09 1.1911E-08 1.4251E-08 1.6938E-08 1.9974E-08 2.3364E-08 2.7094E-08 3.1136E-08 3.5448E-08 3.9981E-08 4.4666E-08 4.9467E-08 5.4472E-08 5.6685E-08 5.6027E-08 5.5770E-08 5.4738E-08 5.1988E-08 4.9733E-08 5.1128E-08 4.8173E-08 4.6377E-08 4.5172E-08 4.5269E-08 4.2117E-08 3.8959E-08 3.7585E-08 3.4219E-08 3.0342E-08 2.6898E-08 2.4771E-08 2.1176E-08 1.8042E-08 1.5424E-08 1.3288E-08 1.1032E-08 9.2031E-09 7.6756E-09 6.4131E-09 5.4095E-09 4.4641E-09 3.5394E-09 3.1136E-09 2.7533E-09 2.4361E-09 2.1583E-09
7.1045E-10 8.5926E-10 1.1177E-09 1.5454E-09 2.1186E-09 2.6805E-09 3.3479E-09 4.1541E-09 5.1220E-09 6.3037E-09 7.7213E-09 9.4287E-09 1.1417E-08 1.3740E-08 1.6414E-08 1.9449E-08 2.2854E-08 2.6616E-08 3.0713E-08 3.5116E-08 3.9818E-08 4.4890E-08 4.9772E-08 5.4751E-08 6.1244E-08 6.3977E-08 6.2521E-08 6.0377E-08 6.0644E-08 5.7113E-08 5.3589E-08 5.1660E-08 5.1932E-08 4.9155E-08 4.6381E-08 4.6348E-08 4.2295E-08 3.8218E-08 3.4519E-08 3.2393E-08 2.8123E-08 2.4268E-08 2.1041E-08 1.8304E-08 1.5244E-08 1.2712E-08 1.0523E-08 8.7262E-09 7.2847E-09 6.0763E-09 5.0362E-09 4.1647E-09 3.3085E-09 2.9077E-09 2.5604E-09 2.2583E-09 1.9897E-09
6.5176E-10 7.9137E-10 9.7047E-10 1.3422E-09 1.9113E-09 2.4776E-09 3.0810E-09 3.8615E-09 4.7857E-09 5.9203E-09 7.2923E-09 8.9615E-09 1.0918E-08 1.3222E-08 1.5884E-08 1.8937E-08 2.2384E-08 2.6223E-08 3.0482E-08 3.5217E-08 4.0023E-08 4.5143E-08 5.2325E-08 5.7507E-08 6.2214E-08 6.5758E-08 7.1065E-08 6.8759E-08 6.5592E-08 6.3056E-08 6.1672E-08 5.7217E-08 5.3727E-08 5.4251E-08 5.0481E-08 4.6552E-08 4.2922E-08 4.1059E-08 3.6311E-08 3.1872E-08 2.8175E-08 2.4850E-08 2.0967E-08 1.7529E-08 1.4570E-08 1.2052E-08 1.0011E-08 8.2817E-09 6.8632E-09 5.7365E-09 4.7919E-09 3.7529E-09 3.0835E-09 2.7005E-09 2.3623E-09 2.0767E-09 1.8301E-09
5.9054E-10 7.2444E-10 8.8287E-10 1.1567E-09 1.6396E-09 2.2551E-09 2.8222E-09 3.5530E-09 4.4434E-09 5.5292E-09 6.8662E-09 8.4794E-09 1.0416E-08 1.2700E-08 1.5377E-08 1.8479E-08 2.2050E-08 2.6152E-08 3.0523E-08 3.5366E-08 4.2287E-08 4.7414E-08 5.2625E-08 5.8085E-08 6.5411E-08 6.9616E-08 7.1502E-08 7.1841E-08 7.2372E-08 7.0119E-08 6.5926E-08 6.5016E-08 5.9629E-08 5.4992E-08 5.1564E-08 5.0210E-08 4.5327E-08 4.0569E-08 3.6716E-08 3.2877E-08 2.8151E-08 2.3834E-08 1.9997E-08 1.6648E-08 1.3847E-08 1.1442E-08 9.4422E-09 7.8259E-09 6.4786E-09 5.3783E-09 4.4639E-09 3.3612E-09 2.8582E-09 2.4941E-09 2.1735E-09 1.9050E-09 1.6649E-09
5.3673E-10 6.5392E-10 8.0004E-10 9.8751E-10 1.4148E-09 1.9935E-09 2.5785E-09 3.2409E-09 4.1039E-09 5.1433E-09 6.4301E-09 8.0037E-09 9.9134E-09 1.2205E-08 1.4957E-08 1.8219E-08 2.1878E-08 2.6102E-08 3.2095E-08 3.7015E-08 4.2242E-08 4.7945E-08 5.5346E-08 6.0481E-08 6.5430E-08 7.1058E-08 7.6594E-08 7.7225E-08 7.5181E-08 7.5463E-08 7.1088E-08 6.6734E-08 6.3115E-08 6.0438E-08 5.4761E-08 4.9891E-08 4.6302E-08 4.2078E-08 3.6691E-08 3.1601E-08 2.6911E-08 2.2670E-08 1.9025E-08 1.5810E-08 1.3054E-08 1.0827E-08 8.9195E-09 7.3432E-09 6.0575E-09 5.0064E-09 4.0873E-09 3.0661E-09 2.6383E-09 2.2898E-09 1.9878E-09 1.7311E-09 1.5100E-09
4.7764E-10 5.8763E-10 7.2141E-10 8.8991E-10 1.1632E-09 1.6882E-09 2.3449E-09 2.9463E-09 3.7517E-09 4.7637E-09 6.0068E-09 7.5406E-09 9.4758E-09 1.1848E-08 1.4616E-08 1.7969E-08 2.2779E-08 2.7085E-08 3.1873E-08 3.7331E-08 4.4328E-08 4.9894E-08 5.5543E-08 6.2177E-08 6.8537E-08 7.2792E-08 7.6634E-08 8.2766E-08 8.2063E-08 7.8432E-08 7.4600E-08 7.2594E-08 6.6645E-08 6.0734E-08 5.7120E-08 5.2096E-08 4.6238E-08 4.0584E-08 3.5190E-08 3.0148E-08 2.5634E-08 2.1548E-08 1.7954E-08 1.4938E-08 1.2345E-08 1.0150E-08 8.3317E-09 6.8451E-09 5.6170E-09 4.6191E-09 3.6271E-09 2.8319E-09 2.4191E-09 2.0890E-09 1.8116E-09 1.5546E-09 1.3629E-09
4.2399E-10 5.2822E-10 6.4612E-10 7.9640E-10 9.9440E-10 1.4337E-09 2.0024E-09 2.6696E-09 3.4159E-09 4.3994E-09 5.6220E-09 7.1711E-09 9.0698E-09 1.1460E-08 1.4979E-08 1.8377E-08 2.2348E-08 2.7085E-08 3.3199E-08 3.8625E-08 4.4437E-08 5.1519E-08 5.8227E-08 6.3705E-08 6.9012E-08 7.6412E-08 7.9715E-08 8.2112E-08 8.4341E-08 8.5506E-08 8.0313E-08 7.4477E-08 7.1191E-08 6.4502E-08 5.7334E-08 5.0683E-08 4.4634E-08 3.8970E-08 3.3633E-08 2.8702E-08 2.4243E-08 2.0386E-08 1.6955E-08 1.4026E-08 1.1538E-08 9.4455E-09 7.7373E-09 6.3274E-09 5.1719E-09 4.1855E-09 3.1671E-09 2.5891E-09 2.2025E-09 1.8830E-09 1.6218E-09 1.3918E-09 1.2187E-09
3.6906E-10 4.6071E-10 5.7674E-10 7.1284E-10 8.8695E-10 1.1381E-09 1.6843E-09 2.3855E-09 3.1326E-09 4.0800E-09 5.2699E-09 6.7988E-09 9.1016E-09 1.1480E-08 1.4422E-08 1.8101E-08 2.2952E-08 2.7681E-08 3.3034E-08 3.9932E-08 4.6394E-08 5.2530E-08 5.8852E-08 6.7052E-08 7.2099E-08 7.6431E-08 8.0745E-08 8.5602E-08 8.6304E-08 8.4836E-08 8.4990E-08 7.9377E-08 7.1937E-08 6.4343E-08 5.6822E-08 4.9566E-08 4.3013E-08 3.7250E-08 3.1953E-08 2.7218E-08 2.2930E-08 1.9142E-08 1.5869E-08 1.3066E-08 1.0692E-08 8.7309E-09 7.1211E-09 5.8024E-09 4.6972E-09 3.7220E-09 2.7857E-09 2.3407E-09 1.9826E-09 1.6846E-09 1.4463E-09 1.2447E-09 1.0781E-09
3.1254E-10 3.9969E-10 5.0450E-10 6.2897E-10 7.8533E-10 9.9818E-10 1.4098E-09 2.0367E-09 2.8341E-09 3.7599E-09 5.1952E-09 6.6555E-09 8.5501E-09 1.1084E-08 1.4510E-08 1.8142E-08 2.2498E-08 2.8585E-08 3.4138E-08 4.0203E-08 4.6832E-08 5.5236E-08 6.1559E-08 6.7548E-08 7.3788E-08 8.0272E-08 8.3300E-08 8.5310E-08 8.9123E-08 8.7793E-08 8.3803E-08 7.7462E-08 7.0340E-08 6.3331E-08 5.6216E-08 4.8728E-08 4.1708E-08 3.5608E-08 3.0360E-08 2.5671E-08 2.1506E-08 1.7871E-08 1.4748E-08 1.2076E-08 9.8472E-09 8.0034E-09 6.4912E-09 5.2525E-09 4.1861E-09 3.2497E-09 2.5098E-09 2.1025E-09 1.7685E-09 1.4966E-09 1.2711E-09 1.1047E-09 9.4102E-10
2.5301E-10 3.3588E-10 4.3166E-10 5.4752E-10 7.0247E-10 8.9695E-10 1.1571E-09 1.7525E-09 2.6447E-09 3.5758E-09 4.7300E-09 6.2711E-09 8.4195E-09 1.0809E-08 1.3892E-08 1.8380E-08 2.2856E-08 2.8070E-08 3.4154E-08 4.1961E-08 4.8762E-08 5.5720E-08 6.3350E-08 7.1151E-08 7.6450E-08 8.0915E-08 8.6755E-08 8.7926E-08 8.7592E-08 8.5771E-08 8.2676E-08 7.7194E-08 6.9731E-08 6.1896E-08 5.4239E-08 4.6997E-08 4.0353E-08 3.4258E-08 2.8717E-08 2.4087E-08 2.0052E-08 1.6578E-08 1.3588E-08 1.1070E-08 8.9950E-09 7.2584E-09 5.8554E-09 4.6885E-09 3.6768E-09 2.8013E-09 2.2485E-09 1.8566E-09 1.5613E-09 1.3168E-09 1.1164E-09 9.6501E-10 8.1869E-10
1.9882E-10 2.7200E-10 3.4828E-10 4.6635E-10 6.1096E-10 7.9666E-10 1.1207E-09 1.5340E-09 2.2106E-09 3.2060E-09 4.4920E-09 5.9653E-09 7.8251E-09 1.0687E-08 1.3800E-08 1.7650E-08 2.2478E-08 2.8855E-08 3.5133E-08 4.2057E-08 5.0113E-08 5.8552E-08 6.5621E-08 7.2307E-08 8.0153E-08 8.4115E-08 8.6593E-08 8.7379E-08 8.6520E-08 8.4211E-08 8.0566E-08 7.5884E-08 6.9296E-08 6.1228E-08 5.3210E-08 4.5691E-08 3.8758E-08 3.2499E-08 2.7095E-08 2.2497E-08 1.8583E-08 1.5258E-08 1.2430E-08 1.0082E-08 8.1383E-09 6.5296E-09 5.2090E-09 4.1174E-09 3.1855E-09 2.4343E-09 1.9638E-09 1.6226E-09 1.3581E-09 1.1500E-09 9.8073E-10 8.2416E-10 7.1496E-10
1.4813E-10 2.0668E-10 2.8273E-10 3.6891E-10 4.9296E-10 6.9088E-10 9.5196E-10 1.3476E-09 1.9845E-09 2.8177E-09 3.9442E-09 5.7045E-09 7.5437E-09 9.9834E-09 1.3229E-08 1.7725E-08 2.2619E-08 2.8458E-08 3.5760E-08 4.3757E-08 5.1538E-08 5.9589E-08 6.8884E-08 7.5503E-08 8.0958E-08 8.4872E-08 8.7037E-08 8.7438E-08 8.6092E-08 8.3148E-08 7.8903E-08 7.3672E-08 6.7407E-08 6.0489E-08 5.2278E-08 4.4466E-08 3.7405E-08 3.1090E-08 2.5550E-08 2.0907E-08 1.7093E-08 1.3926E-08 1.1282E-08 9.0755E-09 7.2709E-09 5.7786E-09 4.5541E-09 3.5676E-09 2.7163E-09 2.1371E-09 1.7084E-09 1.4035E-09 1.1698E-09 9.8586E-10 8.4636E-10 6.9780E-10 6.2422E-10
1.0803E-10 1.6303E-10 2.1607E-10 2.8910E-10 3.9622E-10 5.3385E-10 8.0693E-10 1.1437E-09 1.6299E-09 2.5142E-09 3.5924E-09 5.0345E-09 7.0032E-09 9.7470E-09 1.2943E-08 1.7069E-08 2.2646E-08 2.9044E-08 3.6120E-08 4.4144E-08 5.3710E-08 6.2017E-08 6.9914E-08 7.6818E-08 8.2363E-08 8.6242E-08 8.8152E-08 8.8099E-08 8.6192E-08 8.2629E-08 7.7745E-08 7.1868E-08 6.5401E-08 5.8008E-08 5.0162E-08 4.2984E-08 3.5987E-08 2.9636E-08 2.4130E-08 1.9441E-08 1.5621E-08 1.2621E-08 1.0146E-08 8.0752E-09 6.4089E-09 5.0426E-09 3.9296E-09 3.0413E-09 2.3120E-09 1.8425E-09 1.4747E-09 1.2075E-09 1.0020E-09 8.5137E-10 7.0819E-10 5.9765E-10 5.4096E-10
7.9785E-11 1.1435E-10 1.6955E-10 2.2687E-10 3.0045E-10 4.0681E-10 5.8615E-10 9.8789E-10 1.4444E-09 2.0612E-09 3.1065E-09 4.6298E-09 6.5745E-09 9.0341E-09 1.2717E-08 1.6986E-08 2.2223E-08 2.8740E-08 3.7014E-08 4.5314E-08 5.4185E-08 6.3061E-08 7.1429E-08 7.8811E-08 8.4552E-08 8.8356E-08 9.0066E-08 8.9524E-08 8.6936E-08 8.2603E-08 7.6901E-08 7.0318E-08 6.3256E-08 5.6065E-08 4.8431E-08 4.0723E-08 3.3712E-08 2.7603E-08 2.2524E-08 1.8061E-08 1.4305E-08 1.1345E-08 9.0025E-09 7.0917E-09 5.5681E-09 4.3352E-09 3.3425E-09 2.5451E-09 1.9803E-09 1.5559E-09 1.2596E-09 1.0276E-09 8.5289E-10 7.2076E-10 5.8294E-10 5.1525E-10 4.6564E-10
5.3895E-11 8.0037E-11 1.2162E-10 1.7123E-10 2.4134E-10 3.1638E-10 4.3469E-10 7.3819E-10 1.2002E-09 1.8550E-09 2.6896E-09 4.0284E-09 6.1628E-09 8.6632E-09 1.1972E-08 1.6320E-08 2.2230E-08 2.8875E-08 3.6710E-08 4.5516E-08 5.4934E-08 6.4513E-08 7.3548E-08 8.1328E-08 8.7404E-08 9.1224E-08 9.2554E-08 9.1464E-08 8.8152E-08 8.2962E-08 7.6433E-08 6.9032E-08 6.1253E-08 5.3561E-08 4.6240E-08 3.8911E-08 3.1904E-08 2.5774E-08 2.0601E-08 1.6307E-08 1.2860E-08 1.0138E-08 7.8859E-09 6.1392E-09 4.7721E-09 3.6757E-09 2.7907E-09 2.1359E-09 1.6817E-09 1.3067E-09 1.0577E-09 8.6378E-10 7.1386E-10 5.8999E-10 4.8817E-10 4.4148E-10 3.9785E-10
2.9883E-11 5.3858E-11 8.0607E-11 1.2335E-10 1.7518E-10 2.4030E-10 3.2752E-10 5.6676E-10 9.9400E-10 1.5652E-09 2.4411E-09 3.6237E-09 5.3359E-09 7.9559E-09 1.1507E-08 1.5865E-08 2.1448E-08 2.8309E-08 3.6512E-08 4.5902E-08 5.6007E-08 6.6248E-08 7.5966E-08 8.4361E-08 9.0757E-08 9.4596E-08 9.5675E-08 9.3970E-08 8.9769E-08 8.3640E-08 7.6118E-08 6.7832E-08 5.9350E-08 5.1069E-08 4.3398E-08 3.6495E-08 2.9971E-08 2.3969E-08 1.8900E-08 1.4747E-08 1.1487E-08 8.8622E-09 6.8381E-09 5.2498E-09 4.0312E-09 3.0603E-09 2.3097E-09 1.8025E-09 1.3858E-09 1.0889E-09 8.7996E-10 7.2443E-10 5.8743E-10 4.7266E-10 4.1463E-10 3.7381E-10 3.3722E-10
1.3412E-11 2.9042E-11 5.2482E-11 8.1309E-11 1.2516E-10 1.8002E-10 2.4303E-10 4.1191E-10 8.1572E-10 1.3726E-09 2.0823E-09 3.1790E-09 4.9103E-09 7.2875E-09 1.0608E-08 1.5012E-08 2.0627E-08 2.7792E-08 3.6409E-08 4.6309E-08 5.7131E-08 6.8205E-08 7.8736E-08 8.7799E-08 9.4577E-08 9.8512E-08 9.9247E-08 9.6862E-08 9.1789E-08 8.4558E-08 7.5937E-08 6.6691E-08 5.7419E-08 4.8627E-08 4.0591E-08 3.3544E-08 2.7246E-08 2.1924E-08 1.7152E-08 1.3200E-08 1.0160E-08 7.7687E-09 5.8828E-09 4.4332E-09 3.3416E-09 2.5149E-09 1.9125E-09 1.5002E-09 1.1259E-09 8.9373E-10 7.2030E-10 5.8050E-10 4.6737E-10 3.8528E-10 3.4692E-10 3.1162E-10 2.8026E-10
5.2191E-12 1.1898E-11 2.7797E-11 4.9867E-11 8.0692E-11 1.2666E-10 1.8330E-10 2.7780E-10 5.5690E-10 1.1012E-09 1.8521E-09 2.8496E-09 4.3606E-09 6.5629E-09 9.7856E-09 1.4134E-08 1.9860E-08 2.7218E-08 3.6223E-08 4.6697E-08 5.8272E-08 7.0222E-08 8.1580E-08 9.1354E-08 9.8678E-08 1.0273E-07 1.0319E-07 1.0015E-07 9.4033E-08 8.5641E-08 7.5870E-08 6.5553E-08 5.5444E-08 4.6081E-08 3.7762E-08 3.0586E-08 2.4597E-08 1.9417E-08 1.4968E-08 1.1449E-08 8.8399E-09 6.7097E-09 5.0203E-09 3.7151E-09 2.7246E-09 2.0703E-09 1.5829E-09 1.2062E-09 9.1399E-10 7.3198E-10 5.7647E-10 4.5381E-10 3.6276E-10 3.1611E-10 2.8339E-10 2.5500E-10 2.2800E-10
8.4092E-13 4.6461E-12 1.0994E-11 2.5531E-11 4.5291E-11 8.3223E-11 1.2969E-10 2.0722E-10 3.9090E-10 8.2813E-10 1.5157E-09 2.4564E-09 3.8747E-09 5.9462E-09 9.0153E-09 1.3273E-08 1.9084E-08 2.6566E-08 3.5853E-08 4.6872E-08 5.9207E-08 7.2021E-08 8.4343E-08 9.5050E-08 1.0290E-07 1.0713E-07 1.0734E-07 1.0357E-07 9.6430E-08 8.6803E-08 7.5748E-08 6.4352E-08 5.3414E-08 4.3461E-08 3.4853E-08 2.7658E-08 2.1746E-08 1.7016E-08 1.3050E-08 9.8606E-09 7.4170E-09 5.5378E-09 4.0852E-09 3.0424E-09 2.2291E-09 1.6686E-09 1.2741E-09 9.3778E-10 7.3017E-10 5.6973E-10 4.3836E-10 3.3985E-10 2.8324E-10 2.5416E-10 2.2798E-10 2.0225E-10 1.7990E-10
