Assets/Resources/2015_m01_d23_1100(utc+0800)_l00_csi_1hr_conc.grd
DSAA
         159         159
     -79.000      79.000
     -79.000      79.000
  0.0000E+00  0.1242E-05
[rows 75 to 99 of 159, columns 0 to 56 of 159]
2.6626E-11 2.8436E-11 3.4066E-11 4.2794E-11 4.9917E-11 5.4043E-11 5.8415E-11 6.2891E-11 6.7800E-11 7.2836E-11 7.8336E-11 8.3898E-11 8.9868E-11 9.6178E-11 1.0284E-10 1.0987E-10 1.1729E-10 1.2509E-10 1.3310E-10 1.4152E-10 1.5058E-10 1.5986E-10 1.6971E-10 1.7991E-10 1.9083E-10 2.0202E-10 2.1396E-10 2.2621E-10 2.3947E-10 2.5285E-10 2.6728E-10 2.8255E-10 2.9747E-10 3.1370E-10 3.3078E-10 3.4854E-10 3.6685E-10 3.8534E-10 4.0510E-10 4.2580E-10 4.4690E-10 4.6839E-10 4.9120E-10 5.1405E-10 5.3803E-10 5.6282E-10 5.8783E-10 6.1479E-10 6.4144E-10 6.6967E-10 6.9836E-10 7.2788E-10 7.5864E-10 7.8947E-10 8.2194E-10 8.5488E-10 8.8867E-10
2.6774E-11 2.8946E-11 3.5430E-11 4.3521E-11 5.0295E-11 5.4422E-11 5.8788E-11 6.3259E-11 6.7996E-11 7.3184E-11 7.8504E-11 8.4218E-11 9.0172E-11 9.6462E-11 1.0310E-10 1.1011E-10 1.1749E-10 1.2517E-10 1.3324E-10 1.4162E-10 1.5041E-10 1.5996E-10 1.6964E-10 1.8000E-10 1.9064E-10 2.0176E-10 2.1362E-10 2.2578E-10 2.3895E-10 2.5223E-10 2.6632E-10 2.8148E-10 2.9627E-10 3.1236E-10 3.2929E-10 3.4691E-10 3.6522E-10 3.8355E-10 4.0295E-10 4.2346E-10 4.4454E-10 4.6564E-10 4.8841E-10 5.1085E-10 5.3460E-10 5.5914E-10 5.8407E-10 6.1058E-10 6.3694E-10 6.6507E-10 6.9327E-10 7.2248E-10 7.5291E-10 7.8340E-10 8.1574E-10 8.4812E-10 8.8155E-10
2.6910E-11 2.9768E-11 3.6265E-11 4.4868E-11 5.0815E-11 5.4775E-11 5.8978E-11 6.3598E-11 6.8162E-11 7.3335E-11 7.8723E-11 8.4332E-11 9.0440E-11 9.6710E-11 1.0333E-10 1.1031E-10 1.1766E-10 1.2520E-10 1.3332E-10 1.4166E-10 1.5030E-10 1.5968E-10 1.6931E-10 1.7960E-10 1.9016E-10 2.0164E-10 2.1321E-10 2.2527E-10 2.3813E-10 2.5130E-10 2.6552E-10 2.8032E-10 2.9515E-10 3.1111E-10 3.2772E-10 3.4517E-10 3.6332E-10 3.8165E-10 4.0068E-10 4.2100E-10 4.4206E-10 4.6277E-10 4.8533E-10 5.0752E-10 5.3121E-10 5.5531E-10 5.8017E-10 6.0621E-10 6.3228E-10 6.6012E-10 6.8801E-10 7.1710E-10 7.4702E-10 7.7716E-10 8.0934E-10 8.4117E-10 8.7443E-10
2.7036E-11 3.0217E-11 3.7572E-11 4.6022E-11 5.0999E-11 5.4950E-11 5.9142E-11 6.3751E-11 6.8464E-11 7.3620E-11 7.8907E-11 8.4584E-11 9.0494E-11 9.6916E-11 1.0351E-10 1.1045E-10 1.1758E-10 1.2527E-10 1.3316E-10 1.4164E-10 1.5034E-10 1.5956E-10 1.6912E-10 1.7935E-10 1.8983E-10 2.0102E-10 2.1249E-10 2.2470E-10 2.3745E-10 2.5075E-10 2.6463E-10 2.7925E-10 2.9395E-10 3.0959E-10 3.2605E-10 3.4334E-10 3.6132E-10 3.7965E-10 3.9831E-10 4.1843E-10 4.3929E-10 4.5977E-10 4.8211E-10 5.0406E-10 5.2769E-10 5.5135E-10 5.7594E-10 6.0170E-10 6.2747E-10 6.5521E-10 6.8259E-10 7.1156E-10 7.4095E-10 7.7095E-10 8.0258E-10 8.3405E-10 8.6714E-10
2.7151E-11 3.1158E-11 3.8566E-11 4.6654E-11 5.1160E-11 5.5255E-11 5.9440E-11 6.4035E-11 6.8736E-11 7.3957E-11 7.9144E-11 8.4801E-11 9.0688E-11 9.6903E-11 1.0346E-10 1.1037E-10 1.1765E-10 1.2520E-10 1.3314E-10 1.4137E-10 1.5011E-10 1.5938E-10 1.6886E-10 1.7903E-10 1.8944E-10 2.0055E-10 2.1193E-10 2.2427E-10 2.3669E-10 2.4988E-10 2.6342E-10 2.7809E-10 2.9265E-10 3.0816E-10 3.2429E-10 3.4142E-10 3.5922E-10 3.7754E-10 3.9584E-10 4.1576E-10 4.3641E-10 4.5666E-10 4.7877E-10 5.0048E-10 5.2405E-10 5.4725E-10 5.7176E-10 5.9705E-10 6.2253E-10 6.4997E-10 6.7703E-10 7.0586E-10 7.3472E-10 7.6458E-10 7.9566E-10 8.2674E-10 8.5966E-10
2.7254E-11 3.1767E-11 3.9861E-11 4.7427E-11 5.1299E-11 5.5537E-11 5.9553E-11 6.4291E-11 6.8977E-11 7.4017E-11 7.9265E-11 8.4981E-11 9.0843E-11 9.7031E-11 1.0356E-10 1.1044E-10 1.1767E-10 1.2509E-10 1.3308E-10 1.4115E-10 1.4993E-10 1.5893E-10 1.6856E-10 1.7844E-10 1.8897E-10 2.0001E-10 2.1129E-10 2.2332E-10 2.3563E-10 2.4895E-10 2.6237E-10 2.7668E-10 2.9128E-10 3.0664E-10 3.2262E-10 3.3941E-10 3.5703E-10 3.7534E-10 3.9326E-10 4.1298E-10 4.3342E-10 4.5344E-10 4.7532E-10 4.9678E-10 5.2010E-10 5.4303E-10 5.6746E-10 5.9228E-10 6.1765E-10 6.4458E-10 6.7132E-10 7.0002E-10 7.2835E-10 7.5805E-10 7.8857E-10 8.1928E-10 8.5201E-10
2.7347E-11 3.2678E-11 4.0472E-11 4.7862E-11 5.1416E-11 5.5794E-11 5.9800E-11 6.4365E-11 6.9189E-11 7.4131E-11 7.9436E-11 8.4958E-11 9.0877E-11 9.7125E-11 1.0362E-10 1.1046E-10 1.1756E-10 1.2502E-10 1.3276E-10 1.4088E-10 1.4971E-10 1.5864E-10 1.6820E-10 1.7800E-10 1.8846E-10 1.9918E-10 2.1081E-10 2.2252E-10 2.3496E-10 2.4794E-10 2.6140E-10 2.7536E-10 2.8982E-10 3.0486E-10 3.2086E-10 3.3730E-10 3.5475E-10 3.7287E-10 3.9059E-10 4.1010E-10 4.3033E-10 4.5012E-10 4.7176E-10 4.9297E-10 5.1604E-10 5.3870E-10 5.6303E-10 5.8737E-10 6.1264E-10 6.3907E-10 6.6548E-10 6.9385E-10 7.2183E-10 7.5138E-10 7.8134E-10 8.1167E-10 8.4403E-10
2.7429E-11 3.3573E-11 4.1729E-11 4.8130E-11 5.1664E-11 5.5877E-11 6.0021E-11 6.4411E-11 6.9214E-11 7.4213E-11 7.9493E-11 8.5074E-11 9.0877E-11 9.7180E-11 1.0364E-10 1.1035E-10 1.1740E-10 1.2481E-10 1.3260E-10 1.4066E-10 1.4922E-10 1.5828E-10 1.6778E-10 1.7750E-10 1.8788E-10 1.9851E-10 2.0982E-10 2.2165E-10 2.3398E-10 2.4685E-10 2.6034E-10 2.7395E-10 2.8844E-10 3.0317E-10 3.1884E-10 3.3529E-10 3.5238E-10 3.7031E-10 3.8783E-10 4.0713E-10 4.2713E-10 4.4669E-10 4.6811E-10 4.8906E-10 5.1186E-10 5.3425E-10 5.5849E-10 5.8235E-10 6.0731E-10 6.3343E-10 6.5951E-10 6.8755E-10 7.1519E-10 7.4438E-10 7.7397E-10 8.0392E-10 8.3590E-10
2.7500E-11 3.4104E-11 4.2458E-11 4.8366E-11 5.1890E-11 5.5937E-11 6.0216E-11 6.4431E-11 6.9371E-11 7.4265E-11 7.9520E-11 8.5070E-11 9.0930E-11 9.7020E-11 1.0344E-10 1.1019E-10 1.1730E-10 1.2457E-10 1.3229E-10 1.4049E-10 1.4889E-10 1.5789E-10 1.6710E-10 1.7694E-10 1.8724E-10 1.9777E-10 2.0900E-10 2.2049E-10 2.3294E-10 2.4546E-10 2.5883E-10 2.7247E-10 2.8682E-10 3.0157E-10 3.1691E-10 3.3320E-10 3.4993E-10 3.6767E-10 3.8498E-10 4.0407E-10 4.2385E-10 4.4318E-10 4.6435E-10 4.8504E-10 5.0759E-10 5.2970E-10 5.5366E-10 5.7722E-10 6.0207E-10 6.2768E-10 6.5343E-10 6.8114E-10 7.0842E-10 7.3745E-10 7.6648E-10 7.9604E-10 8.2764E-10
2.7871E-11 3.4172E-11 4.3472E-11 4.8436E-11 5.2093E-11 5.5974E-11 6.0387E-11 6.4584E-11 6.9499E-11 7.4370E-11 7.9599E-11 8.5120E-11 9.0947E-11 9.7002E-11 1.0338E-10 1.1010E-10 1.1706E-10 1.2437E-10 1.3184E-10 1.3998E-10 1.4851E-10 1.5723E-10 1.6657E-10 1.7633E-10 1.8632E-10 1.9697E-10 2.0811E-10 2.1949E-10 2.3183E-10 2.4439E-10 2.5741E-10 2.7091E-10 2.8495E-10 2.9972E-10 3.1490E-10 3.3085E-10 3.4758E-10 3.6494E-10 3.8224E-10 4.0092E-10 4.2048E-10 4.3976E-10 4.6050E-10 4.8094E-10 5.0322E-10 5.2505E-10 5.4872E-10 5.7199E-10 5.9672E-10 6.2182E-10 6.4724E-10 6.7461E-10 7.0154E-10 7.3041E-10 7.5887E-10 7.8825E-10 8.1925E-10
2.8574E-11 3.5205E-11 4.4141E-11 4.8487E-11 5.2275E-11 5.5990E-11 6.0533E-11 6.4710E-11 6.9444E-11 7.4286E-11 7.9565E-11 8.5054E-11 9.0759E-11 9.6862E-11 1.0320E-10 1.0987E-10 1.1678E-10 1.2403E-10 1.3144E-10 1.3962E-10 1.4808E-10 1.5673E-10 1.6599E-10 1.7545E-10 1.8557E-10 1.9612E-10 2.0715E-10 2.1865E-10 2.3043E-10 2.4308E-10 2.5592E-10 2.6944E-10 2.8317E-10 2.9796E-10 3.1298E-10 3.2859E-10 3.4496E-10 3.6213E-10 3.7941E-10 3.9769E-10 4.1703E-10 4.3625E-10 4.5656E-10 4.7674E-10 4.9876E-10 5.2031E-10 5.4370E-10 5.6666E-10 5.9127E-10 6.1586E-10 6.4094E-10 6.6798E-10 6.9455E-10 7.2306E-10 7.5114E-10 7.8035E-10 8.1075E-10
2.9263E-11 3.5900E-11 4.4790E-11 4.8519E-11 5.2436E-11 5.5983E-11 6.0505E-11 6.4810E-11 6.9443E-11 7.4335E-11 7.9503E-11 8.4958E-11 9.0714E-11 9.6778E-11 1.0307E-10 1.0960E-10 1.1646E-10 1.2366E-10 1.3120E-10 1.3922E-10 1.4740E-10 1.5618E-10 1.6515E-10 1.7474E-10 1.8475E-10 1.9522E-10 2.0592E-10 2.1753E-10 2.2919E-10 2.4166E-10 2.5420E-10 2.6775E-10 2.8150E-10 2.9579E-10 3.1082E-10 3.2625E-10 3.4245E-10 3.5925E-10 3.7650E-10 3.9458E-10 4.1350E-10 4.3266E-10 4.5254E-10 4.7246E-10 4.9421E-10 5.1548E-10 5.3858E-10 5.6124E-10 5.8573E-10 6.0981E-10 6.3456E-10 6.6126E-10 6.8747E-10 7.1562E-10 7.4333E-10 7.7235E-10 8.0215E-10
2.9938E-11 3.6578E-11 4.5114E-11 4.8532E-11 5.2576E-11 5.6105E-11 6.0455E-11 6.4732E-11 6.9415E-11 7.4277E-11 7.9412E-11 8.4916E-11 9.0636E-11 9.6573E-11 1.0282E-10 1.0930E-10 1.1620E-10 1.2324E-10 1.3082E-10 1.3877E-10 1.4688E-10 1.5558E-10 1.6447E-10 1.7397E-10 1.8368E-10 1.9426E-10 2.0485E-10 2.1613E-10 2.2789E-10 2.4018E-10 2.5274E-10 2.6582E-10 2.7975E-10 2.9372E-10 3.0859E-10 3.2385E-10 3.3987E-10 3.5647E-10 3.7352E-10 3.9120E-10 4.0989E-10 4.2919E-10 4.4844E-10 4.6810E-10 4.8958E-10 5.1057E-10 5.3338E-10 5.5574E-10 5.7992E-10 6.0368E-10 6.2809E-10 6.5444E-10 6.8030E-10 7.0809E-10 7.3541E-10 7.6425E-10 7.9345E-10
3.0933E-11 3.7238E-11 4.5418E-11 4.8526E-11 5.2551E-11 5.6206E-11 6.0382E-11 6.4784E-11 6.9362E-11 7.4192E-11 7.9376E-11 8.4762E-11 9.0439E-11 9.6423E-11 1.0263E-10 1.0905E-10 1.1581E-10 1.2279E-10 1.3021E-10 1.3808E-10 1.4632E-10 1.5474E-10 1.6374E-10 1.7315E-10 1.8298E-10 1.9303E-10 2.0394E-10 2.1490E-10 2.2669E-10 2.3863E-10 2.5122E-10 2.6399E-10 2.7777E-10 2.9176E-10 3.0629E-10 3.2137E-10 3.3721E-10 3.5363E-10 3.7046E-10 3.8794E-10 4.0621E-10 4.2528E-10 4.4428E-10 4.6386E-10 4.8488E-10 5.0559E-10 5.2811E-10 5.5016E-10 5.7403E-10 5.9746E-10 6.2154E-10 6.4755E-10 6.7305E-10 7.0047E-10 7.2742E-10 7.5607E-10 7.8467E-10
3.1551E-11 3.8810E-11 4.5553E-11 4.8502E-11 5.2506E-11 5.6285E-11 6.0287E-11 6.4813E-11 6.9283E-11 7.4081E-11 7.9311E-11 8.4662E-11 9.0216E-11 9.6153E-11 1.0222E-10 1.0868E-10 1.1538E-10 1.2220E-10 1.2975E-10 1.3755E-10 1.4552E-10 1.5405E-10 1.6297E-10 1.7208E-10 1.8181E-10 1.9197E-10 2.0256E-10 2.1361E-10 2.2522E-10 2.3687E-10 2.4948E-10 2.6226E-10 2.7557E-10 2.8956E-10 3.0392E-10 3.1900E-10 3.3448E-10 3.5071E-10 3.6735E-10 3.8460E-10 4.0264E-10 4.2129E-10 4.4004E-10 4.5937E-10 4.8011E-10 5.0053E-10 5.2277E-10 5.4452E-10 5.6808E-10 5.9118E-10 6.1492E-10 6.4059E-10 6.6573E-10 6.9278E-10 7.1934E-10 7.4780E-10 7.7580E-10
3.1988E-11 3.9570E-11 4.5532E-11 4.8461E-11 5.2443E-11 5.6343E-11 6.0171E-11 6.4817E-11 6.9181E-11 7.4025E-11 7.9058E-11 8.4367E-11 8.9962E-11 9.5765E-11 1.0187E-10 1.0828E-10 1.1491E-10 1.2186E-10 1.2925E-10 1.3679E-10 1.4487E-10 1.5332E-10 1.6195E-10 1.7117E-10 1.8080E-10 1.9085E-10 2.0134E-10 2.1226E-10 2.2354E-10 2.3537E-10 2.4752E-10 2.6048E-10 2.7347E-10 2.8730E-10 3.0166E-10 3.1640E-10 3.3169E-10 3.4755E-10 3.6417E-10 3.8120E-10 3.9883E-10 4.1743E-10 4.3573E-10 4.5500E-10 4.7528E-10 4.9561E-10 5.1736E-10 5.3880E-10 5.6205E-10 5.8483E-10 6.0844E-10 6.3355E-10 6.5833E-10 6.8502E-10 7.1120E-10 7.3926E-10 7.6686E-10
3.2114E-11 4.0156E-11 4.5495E-11 4.8685E-11 5.2361E-11 5.6380E-11 6.0034E-11 6.4650E-11 6.8978E-11 7.3866E-11 7.8861E-11 8.4129E-11 8.9767E-11 9.5525E-11 1.0158E-10 1.0775E-10 1.1442E-10 1.2140E-10 1.2872E-10 1.3618E-10 1.4419E-10 1.5235E-10 1.6109E-10 1.7022E-10 1.7975E-10 1.8948E-10 2.0007E-10 2.1066E-10 2.2196E-10 2.3365E-10 2.4567E-10 2.5832E-10 2.7148E-10 2.8498E-10 2.9900E-10 3.1373E-10 3.2901E-10 3.4450E-10 3.6092E-10 3.7755E-10 3.9514E-10 4.1331E-10 4.3155E-10 4.5056E-10 4.7037E-10 4.9062E-10 5.1189E-10 5.3322E-10 5.5596E-10 5.7841E-10 6.0189E-10 6.2645E-10 6.5087E-10 6.7719E-10 7.0299E-10 7.3067E-10 7.5786E-10
3.2229E-11 4.0731E-11 4.5441E-11 4.8750E-11 5.2260E-11 5.6397E-11 5.9876E-11 6.4460E-11 6.8907E-11 7.3682E-11 7.8639E-11 8.3949E-11 8.9543E-11 9.5255E-11 1.0117E-10 1.0738E-10 1.1389E-10 1.2071E-10 1.2796E-10 1.3534E-10 1.4327E-10 1.5155E-10 1.6020E-10 1.6902E-10 1.7845E-10 1.8828E-10 1.9854E-10 2.0938E-10 2.2033E-10 2.3189E-10 2.4376E-10 2.5627E-10 2.6910E-10 2.8261E-10 2.9663E-10 3.1084E-10 3.2610E-10 3.4157E-10 3.5761E-10 3.7421E-10 3.9139E-10 4.0914E-10 4.2731E-10 4.4606E-10 4.6560E-10 4.8557E-10 5.0635E-10 5.2758E-10 5.4981E-10 5.7193E-10 5.9508E-10 6.1929E-10 6.4356E-10 6.6931E-10 6.9472E-10 7.2200E-10 7.4879E-10
3.2332E-11 4.1124E-11 4.5372E-11 4.8797E-11 5.2142E-11 5.6251E-11 5.9847E-11 6.4250E-11 6.8738E-11 7.3475E-11 7.8391E-11 8.3742E-11 8.9208E-11 9.4871E-11 1.0073E-10 1.0697E-10 1.1323E-10 1.2018E-10 1.2736E-10 1.3466E-10 1.4251E-10 1.5050E-10 1.5906E-10 1.6799E-10 1.7731E-10 1.8703E-10 1.9718E-10 2.0784E-10 2.1866E-10 2.3009E-10 2.4181E-10 2.5417E-10 2.6701E-10 2.8002E-10 2.9404E-10 3.0823E-10 3.2297E-10 3.3841E-10 3.5424E-10 3.7062E-10 3.8739E-10 4.0490E-10 4.2282E-10 4.4131E-10 4.6058E-10 4.8027E-10 5.0076E-10 5.2168E-10 5.4361E-10 5.6559E-10 5.8841E-10 6.1207E-10 6.3619E-10 6.6136E-10 6.8659E-10 7.1328E-10 7.3966E-10
3.2291E-11 4.1356E-11 4.5287E-11 4.8826E-11 5.2007E-11 5.6087E-11 5.9797E-11 6.4019E-11 6.8546E-11 7.3245E-11 7.8202E-11 8.3429E-11 8.8763E-11 9.4372E-11 1.0026E-10 1.0645E-10 1.1264E-10 1.1962E-10 1.2653E-10 1.3395E-10 1.4171E-10 1.4962E-10 1.5808E-10 1.6692E-10 1.7613E-10 1.8575E-10 1.9577E-10 2.0625E-10 2.1695E-10 2.2823E-10 2.3997E-10 2.5186E-10 2.6471E-10 2.7771E-10 2.9139E-10 3.0558E-10 3.1995E-10 3.3520E-10 3.5064E-10 3.6699E-10 3.8353E-10 4.0080E-10 4.1847E-10 4.3669E-10 4.5570E-10 4.7511E-10 4.9530E-10 5.1592E-10 5.3734E-10 5.5920E-10 5.8168E-10 6.0500E-10 6.2875E-10 6.5336E-10 6.7821E-10 7.0451E-10 7.3047E-10
3.2239E-11 4.1425E-11 4.5187E-11 4.8839E-11 5.1855E-11 5.5905E-11 5.9727E-11 6.3844E-11 6.8334E-11 7.2993E-11 7.7910E-11 8.3009E-11 8.8377E-11 9.3935E-11 9.9770E-11 1.0580E-10 1.1212E-10 1.1902E-10 1.2567E-10 1.3321E-10 1.4069E-10 1.4870E-10 1.5707E-10 1.6581E-10 1.7492E-10 1.8442E-10 1.9433E-10 2.0448E-10 2.1534E-10 2.2618E-10 2.3794E-10 2.4983E-10 2.6235E-10 2.7536E-10 2.8853E-10 3.0271E-10 3.1706E-10 3.3194E-10 3.4717E-10 3.6330E-10 3.7961E-10 3.9664E-10 4.1406E-10 4.3202E-10 4.5076E-10 4.6989E-10 4.8980E-10 5.1011E-10 5.3102E-10 5.5275E-10 5.7471E-10 5.9767E-10 6.2107E-10 6.4530E-10 6.6998E-10 6.9568E-10 7.2142E-10
3.1842E-11 4.0992E-11 4.5072E-11 4.8698E-11 5.1686E-11 5.5706E-11 5.9638E-11 6.3648E-11 6.8101E-11 7.2721E-11 7.7596E-11 8.2648E-11 8.7967E-11 9.3471E-11 9.9250E-11 1.0522E-10 1.1157E-10 1.1821E-10 1.2479E-10 1.3224E-10 1.3964E-10 1.4775E-10 1.5583E-10 1.6446E-10 1.7347E-10 1.8286E-10 1.9279E-10 2.0281E-10 2.1339E-10 2.2425E-10 2.3570E-10 2.4776E-10 2.5980E-10 2.7280E-10 2.8596E-10 2.9962E-10 3.1378E-10 3.2863E-10 3.4383E-10 3.5938E-10 3.7546E-10 3.9226E-10 4.0942E-10 4.2731E-10 4.4559E-10 4.6443E-10 4.8405E-10 5.0406E-10 5.2485E-10 5.4607E-10 5.6787E-10 5.9050E-10 6.1354E-10 6.3740E-10 6.6170E-10 6.8681E-10 7.1232E-10
3.1638E-11 4.1168E-11 4.4943E-11 4.8542E-11 5.1502E-11 5.5489E-11 5.9531E-11 6.3434E-11 6.7847E-11 7.2429E-11 7.7260E-11 8.2265E-11 8.7619E-11 9.3071E-11 9.8707E-11 1.0462E-10 1.1080E-10 1.1756E-10 1.2406E-10 1.3143E-10 1.3855E-10 1.4658E-10 1.5456E-10 1.6329E-10 1.7218E-10 1.8146E-10 1.9122E-10 2.0111E-10 2.1156E-10 2.2243E-10 2.3358E-10 2.4533E-10 2.5753E-10 2.7004E-10 2.8318E-10 2.9666E-10 3.1080E-10 3.2511E-10 3.4027E-10 3.5560E-10 3.7163E-10 3.8800E-10 4.0491E-10 4.2255E-10 4.4056E-10 4.5930E-10 4.7845E-10 4.9815E-10 5.1864E-10 5.3953E-10 5.6119E-10 5.8328E-10 6.0596E-10 6.2926E-10 6.5317E-10 6.7790E-10 7.0300E-10
3.1226E-11 4.0607E-11 4.4284E-11 4.8372E-11 5.1302E-11 5.5257E-11 5.9406E-11 6.3274E-11 6.7501E-11 7.2117E-11 7.6902E-11 8.1943E-11 8.7165E-11 9.2563E-11 9.8227E-11 1.0398E-10 1.1019E-10 1.1670E-10 1.2331E-10 1.3060E-10 1.3763E-10 1.4557E-10 1.5345E-10 1.6207E-10 1.7067E-10 1.8003E-10 1.8947E-10 1.9937E-10 2.0969E-10 2.2042E-10 2.3142E-10 2.4302E-10 2.5506E-10 2.6740E-10 2.8038E-10 2.9366E-10 3.0762E-10 3.2172E-10 3.3667E-10 3.5178E-10 3.6739E-10 3.8371E-10 4.0036E-10 4.1774E-10 4.3548E-10 4.5376E-10 4.7280E-10 4.9220E-10 5.1238E-10 5.3294E-10 5.5408E-10 5.7582E-10 5.9815E-10 6.2128E-10 6.4481E-10 6.6912E-10 6.9383E-10
3.1879E-11 4.0184E-11 4.3990E-11 4.7816E-11 5.1363E-11 5.5009E-11 5.9122E-11 6.3023E-11 6.7212E-11 7.1785E-11 7.6524E-11 8.1520E-11 8.6689E-11 9.2032E-11 9.7549E-11 1.0324E-10 1.0956E-10 1.1582E-10 1.2253E-10 1.2955E-10 1.3669E-10 1.4453E-10 1.5231E-10 1.6083E-10 1.6932E-10 1.7857E-10 1.8783E-10 1.9761E-10 2.0764E-10 2.1838E-10 2.2939E-10 2.4068E-10 2.5256E-10 2.6473E-10 2.7753E-10 2.9063E-10 3.0440E-10 3.1847E-10 3.3286E-10 3.4792E-10 3.6331E-10 3.7920E-10 3.9578E-10 4.1272E-10 4.3018E-10 4.4837E-10 4.6693E-10 4.8622E-10 5.0589E-10 5.2613E-10 5.4713E-10 5.6853E-10 5.9069E-10 6.1326E-10 6.3641E-10 6.6031E-10 6.8461E-10
