Assets/Resources/2015_m01_d29_1200(utc+0800)_l00_csi_1hr_conc.grd
DSAA
         159         159
     -79.000      79.000
     -79.000      79.000
  0.0000E+00  0.3322E-05
[rows 0 to 24 of 159, columns 0 to 56 of 159]
3.7699E-11 4.0810E-11 4.4101E-11 4.7365E-11 5.1060E-11 5.4755E-11 5.8885E-11 6.3240E-11 6.7604E-11 7.2444E-11 7.7322E-11 8.2562E-11 8.8192E-11 9.3875E-11 9.9951E-11 1.0634E-10 1.1302E-10 1.1989E-10 1.2722E-10 1.3486E-10 1.4283E-10 1.5104E-10 1.5970E-10 1.6871E-10 1.7795E-10 1.8768E-10 1.9765E-10 2.0798E-10 2.1855E-10 2.2974E-10 2.4104E-10 2.5282E-10 2.6484E-10 2.7751E-10 2.9040E-10 3.0381E-10 3.1736E-10 3.3124E-10 3.4567E-10 3.6040E-10 3.7559E-10 3.9085E-10 4.0638E-10 4.2233E-10 4.3813E-10 4.5430E-10 4.7084E-10 4.8735E-10 5.0398E-10 5.2059E-10 5.3747E-10 5.5440E-10 5.7094E-10 5.8771E-10 6.0455E-10 6.2135E-10 6.3807E-10
3.8573E-11 4.1652E-11 4.5021E-11 4.8595E-11 5.2372E-11 5.6141E-11 6.0366E-11 6.4611E-11 6.9197E-11 7.4154E-11 7.9258E-11 8.4635E-11 9.0293E-11 9.6112E-11 1.0246E-10 1.0901E-10 1.1575E-10 1.2292E-10 1.3043E-10 1.3826E-10 1.4645E-10 1.5499E-10 1.6375E-10 1.7288E-10 1.8238E-10 1.9236E-10 2.0260E-10 2.1321E-10 2.2406E-10 2.3543E-10 2.4718E-10 2.5929E-10 2.7194E-10 2.8484E-10 2.9791E-10 3.1158E-10 3.2571E-10 3.4037E-10 3.5522E-10 3.7037E-10 3.8600E-10 4.0174E-10 4.1775E-10 4.3401E-10 4.5048E-10 4.6735E-10 4.8422E-10 5.0105E-10 5.1827E-10 5.3560E-10 5.5301E-10 5.7030E-10 5.8764E-10 6.0504E-10 6.2243E-10 6.3978E-10 6.5731E-10
3.9671E-11 4.2915E-11 4.6027E-11 4.9577E-11 5.3441E-11 5.7532E-11 6.1849E-11 6.6181E-11 7.0993E-11 7.5847E-11 8.1069E-11 8.6686E-11 9.2361E-11 9.8438E-11 1.0483E-10 1.1153E-10 1.1867E-10 1.2592E-10 1.3348E-10 1.4164E-10 1.4991E-10 1.5854E-10 1.6765E-10 1.7714E-10 1.8700E-10 1.9700E-10 2.0751E-10 2.1839E-10 2.2967E-10 2.4134E-10 2.5339E-10 2.6569E-10 2.7857E-10 2.9182E-10 3.0564E-10 3.1980E-10 3.3452E-10 3.4946E-10 3.6472E-10 3.8015E-10 3.9607E-10 4.1246E-10 4.2913E-10 4.4587E-10 4.6303E-10 4.8004E-10 4.9742E-10 5.1503E-10 5.3278E-10 5.5065E-10 5.6842E-10 5.8650E-10 6.0422E-10 6.2219E-10 6.4014E-10 6.5831E-10 6.7620E-10
4.0421E-11 4.3736E-11 4.7257E-11 5.0982E-11 5.4704E-11 5.8669E-11 6.3084E-11 6.7629E-11 7.2548E-11 7.7619E-11 8.2967E-11 8.8603E-11 9.4405E-11 1.0075E-10 1.0729E-10 1.1403E-10 1.2134E-10 1.2875E-10 1.3662E-10 1.4486E-10 1.5346E-10 1.6230E-10 1.7151E-10 1.8124E-10 1.9134E-10 2.0160E-10 2.1237E-10 2.2366E-10 2.3509E-10 2.4694E-10 2.5930E-10 2.7225E-10 2.8546E-10 2.9925E-10 3.1343E-10 3.2817E-10 3.4279E-10 3.5797E-10 3.7386E-10 3.9009E-10 4.0666E-10 4.2351E-10 4.4048E-10 4.5771E-10 4.7520E-10 4.9273E-10 5.1087E-10 5.2901E-10 5.4730E-10 5.6552E-10 5.8391E-10 6.0233E-10 6.2085E-10 6.3938E-10 6.5817E-10 6.7670E-10 6.9516E-10
4.1152E-11 4.4535E-11 4.8131E-11 5.1935E-11 5.5968E-11 6.0114E-11 6.4511E-11 6.9057E-11 7.4081E-11 7.9260E-11 8.4723E-11 9.0481E-11 9.6652E-11 1.0291E-10 1.0959E-10 1.1672E-10 1.2397E-10 1.3155E-10 1.3973E-10 1.4816E-10 1.5671E-10 1.6589E-10 1.7545E-10 1.8540E-10 1.9564E-10 2.0614E-10 2.1716E-10 2.2861E-10 2.4047E-10 2.5273E-10 2.6559E-10 2.7874E-10 2.9247E-10 3.0612E-10 3.2067E-10 3.3581E-10 3.5120E-10 3.6716E-10 3.8348E-10 4.0017E-10 4.1699E-10 4.3414E-10 4.5161E-10 4.6936E-10 4.8734E-10 5.0581E-10 5.2430E-10 5.4296E-10 5.6142E-10 5.8022E-10 5.9936E-10 6.1840E-10 6.3748E-10 6.5685E-10 6.7601E-10 6.9513E-10 7.1396E-10
4.2305E-11 4.5759E-11 4.9192E-11 5.2862E-11 5.6979E-11 6.1329E-11 6.5813E-11 7.0672E-11 7.5575E-11 8.0983E-11 8.6571E-11 9.2329E-11 9.8632E-11 1.0514E-10 1.1186E-10 1.1915E-10 1.2655E-10 1.3442E-10 1.4267E-10 1.5129E-10 1.6028E-10 1.6942E-10 1.7921E-10 1.8939E-10 1.9974E-10 2.1061E-10 2.2203E-10 2.3375E-10 2.4589E-10 2.5819E-10 2.7136E-10 2.8483E-10 2.9892E-10 3.1342E-10 3.2853E-10 3.4392E-10 3.5990E-10 3.7610E-10 3.9285E-10 4.0944E-10 4.2693E-10 4.4475E-10 4.6289E-10 4.8112E-10 4.9986E-10 5.1866E-10 5.3749E-10 5.5651E-10 5.7573E-10 5.9532E-10 6.1484E-10 6.3445E-10 6.5438E-10 6.7412E-10 6.9386E-10 7.1335E-10 7.3329E-10
4.3006E-11 4.6526E-11 5.0255E-11 5.4096E-11 5.8287E-11 6.2396E-11 6.7091E-11 7.2045E-11 7.7158E-11 8.2558E-11 8.8257E-11 9.4143E-11 1.0058E-10 1.0722E-10 1.1420E-10 1.2153E-10 1.2908E-10 1.3725E-10 1.4567E-10 1.5436E-10 1.6343E-10 1.7302E-10 1.8302E-10 1.9331E-10 2.0401E-10 2.1500E-10 2.2657E-10 2.3856E-10 2.5097E-10 2.6401E-10 2.7737E-10 2.9135E-10 3.0577E-10 3.2069E-10 3.3599E-10 3.5178E-10 3.6779E-10 3.8459E-10 4.0180E-10 4.1938E-10 4.3735E-10 4.5565E-10 4.7408E-10 4.9305E-10 5.1193E-10 5.3107E-10 5.5039E-10 5.7021E-10 5.9021E-10 6.1018E-10 6.3027E-10 6.5072E-10 6.7102E-10 6.9112E-10 7.1173E-10 7.3208E-10 7.5241E-10
4.3681E-11 4.7267E-11 5.1065E-11 5.5099E-11 5.9366E-11 6.3769E-11 6.8434E-11 7.3267E-11 7.8600E-11 8.4101E-11 8.9909E-11 9.6145E-11 1.0248E-10 1.0925E-10 1.1649E-10 1.2385E-10 1.3168E-10 1.3990E-10 1.4850E-10 1.5748E-10 1.6676E-10 1.7643E-10 1.8664E-10 1.9704E-10 2.0797E-10 2.1946E-10 2.3128E-10 2.4352E-10 2.5640E-10 2.6949E-10 2.8316E-10 2.9746E-10 3.1223E-10 3.2744E-10 3.4317E-10 3.5953E-10 3.7632E-10 3.9356E-10 4.1120E-10 4.2924E-10 4.4766E-10 4.6606E-10 4.8485E-10 5.0434E-10 5.2368E-10 5.4353E-10 5.6369E-10 5.8406E-10 6.0444E-10 6.2497E-10 6.4590E-10 6.6648E-10 6.8738E-10 7.0858E-10 7.2982E-10 7.5056E-10 7.7152E-10
4.4782E-11 4.8420E-11 5.1846E-11 5.5952E-11 6.0297E-11 6.4900E-11 6.9764E-11 7.4673E-11 8.0102E-11 8.5608E-11 9.1522E-11 9.7876E-11 1.0433E-10 1.1135E-10 1.1862E-10 1.2612E-10 1.3423E-10 1.4261E-10 1.5127E-10 1.6031E-10 1.6989E-10 1.7989E-10 1.9019E-10 2.0092E-10 2.1221E-10 2.2357E-10 2.3563E-10 2.4814E-10 2.6130E-10 2.7481E-10 2.8897E-10 3.0359E-10 3.1888E-10 3.3451E-10 3.5062E-10 3.6737E-10 3.8458E-10 4.0223E-10 4.2012E-10 4.3824E-10 4.5713E-10 4.7619E-10 4.9585E-10 5.1565E-10 5.3575E-10 5.5619E-10 5.7689E-10 5.9762E-10 6.1855E-10 6.3969E-10 6.6098E-10 6.8240E-10 7.0416E-10 7.2599E-10 7.4762E-10 7.6899E-10 7.9086E-10
4.5418E-11 4.9117E-11 5.3052E-11 5.7219E-11 6.1192E-11 6.5877E-11 7.0826E-11 7.5938E-11 8.1462E-11 8.7061E-11 9.3204E-11 9.9563E-11 1.0625E-10 1.1328E-10 1.2068E-10 1.2833E-10 1.3660E-10 1.4514E-10 1.5395E-10 1.6330E-10 1.7294E-10 1.8314E-10 1.9352E-10 2.0446E-10 2.1598E-10 2.2783E-10 2.4014E-10 2.5309E-10 2.6641E-10 2.8026E-10 2.9454E-10 3.0968E-10 3.2530E-10 3.4130E-10 3.5776E-10 3.7509E-10 3.9232E-10 4.1039E-10 4.2893E-10 4.4787E-10 4.6702E-10 4.8681E-10 5.0677E-10 5.2707E-10 5.4775E-10 5.6853E-10 5.8977E-10 6.1081E-10 6.3257E-10 6.5431E-10 6.7620E-10 6.9847E-10 7.2085E-10 7.4307E-10 7.6508E-10 7.8762E-10 8.0991E-10
4.6025E-11 4.9784E-11 5.3783E-11 5.8017E-11 6.2392E-11 6.7147E-11 7.1954E-11 7.7168E-11 8.2784E-11 8.8590E-11 9.4720E-11 1.0119E-10 1.0800E-10 1.1528E-10 1.2268E-10 1.3071E-10 1.3890E-10 1.4759E-10 1.5656E-10 1.6609E-10 1.7604E-10 1.8630E-10 1.9700E-10 2.0828E-10 2.1978E-10 2.3173E-10 2.4428E-10 2.5749E-10 2.7127E-10 2.8534E-10 3.0030E-10 3.1556E-10 3.3140E-10 3.4793E-10 3.6477E-10 3.8248E-10 4.0050E-10 4.1900E-10 4.3795E-10 4.5716E-10 4.7702E-10 4.9710E-10 5.1717E-10 5.3822E-10 5.5942E-10 5.8067E-10 6.0203E-10 6.2414E-10 6.4648E-10 6.6879E-10 6.9153E-10 7.1441E-10 7.3693E-10 7.5978E-10 7.8272E-10 8.0593E-10 8.2888E-10
4.6938E-11 5.0417E-11 5.4478E-11 5.8778E-11 6.3343E-11 6.8171E-11 7.3164E-11 7.8451E-11 8.3937E-11 8.9962E-11 9.6309E-11 1.0276E-10 1.0980E-10 1.1697E-10 1.2463E-10 1.3279E-10 1.4123E-10 1.4995E-10 1.5922E-10 1.6879E-10 1.7891E-10 1.8925E-10 2.0014E-10 2.1163E-10 2.2346E-10 2.3577E-10 2.4874E-10 2.6208E-10 2.7599E-10 2.9054E-10 3.0562E-10 3.2138E-10 3.3774E-10 3.5444E-10 3.7201E-10 3.8975E-10 4.0836E-10 4.2708E-10 4.4627E-10 4.6598E-10 4.8630E-10 5.0685E-10 5.2777E-10 5.4891E-10 5.7063E-10 5.9247E-10 6.1486E-10 6.3754E-10 6.6021E-10 6.8336E-10 7.0645E-10 7.2972E-10 7.5289E-10 7.7665E-10 8.0048E-10 8.2411E-10 8.4772E-10
4.7598E-11 5.1474E-11 5.5583E-11 5.9612E-11 6.4134E-11 6.9034E-11 7.4225E-11 7.9707E-11 8.5265E-11 9.1267E-11 9.7605E-11 1.0440E-10 1.1143E-10 1.1883E-10 1.2661E-10 1.3480E-10 1.4325E-10 1.5224E-10 1.6167E-10 1.7141E-10 1.8170E-10 1.9233E-10 2.0342E-10 2.1499E-10 2.2690E-10 2.3961E-10 2.5263E-10 2.6642E-10 2.8072E-10 2.9555E-10 3.1109E-10 3.2706E-10 3.4374E-10 3.6096E-10 3.7873E-10 3.9702E-10 4.1566E-10 4.3498E-10 4.5484E-10 4.7518E-10 4.9552E-10 5.1654E-10 5.3803E-10 5.5989E-10 5.8194E-10 6.0456E-10 6.2750E-10 6.5051E-10 6.7375E-10 6.9703E-10 7.2099E-10 7.4488E-10 7.6918E-10 7.9359E-10 8.1784E-10 8.4213E-10 8.6666E-10
4.8122E-11 5.2051E-11 5.6217E-11 6.0645E-11 6.5215E-11 6.9961E-11 7.5118E-11 8.0679E-11 8.6558E-11 9.2639E-11 9.8950E-11 1.0585E-10 1.1299E-10 1.2050E-10 1.2841E-10 1.3672E-10 1.4531E-10 1.5457E-10 1.6402E-10 1.7391E-10 1.8426E-10 1.9506E-10 2.0646E-10 2.1822E-10 2.3046E-10 2.4327E-10 2.5670E-10 2.7060E-10 2.8516E-10 3.0027E-10 3.1611E-10 3.3257E-10 3.4957E-10 3.6715E-10 3.8527E-10 4.0395E-10 4.2317E-10 4.4288E-10 4.6299E-10 4.8376E-10 5.0461E-10 5.2615E-10 5.4812E-10 5.7048E-10 5.9329E-10 6.1644E-10 6.3947E-10 6.6278E-10 6.8688E-10 7.1123E-10 7.3556E-10 7.6033E-10 7.8527E-10 8.1010E-10 8.3500E-10 8.6020E-10 8.8494E-10
4.8611E-11 5.2591E-11 5.6811E-11 6.1297E-11 6.6047E-11 7.0965E-11 7.6180E-11 8.1707E-11 8.7558E-11 9.3846E-11 1.0036E-10 1.0723E-10 1.1448E-10 1.2211E-10 1.3013E-10 1.3856E-10 1.4739E-10 1.5656E-10 1.6628E-10 1.7644E-10 1.8694E-10 1.9792E-10 2.0925E-10 2.2120E-10 2.3382E-10 2.4678E-10 2.6051E-10 2.7477E-10 2.8959E-10 3.0515E-10 3.2134E-10 3.3791E-10 3.5543E-10 3.7334E-10 3.9183E-10 4.1088E-10 4.3028E-10 4.5028E-10 4.7098E-10 4.9200E-10 5.1372E-10 5.3573E-10 5.5817E-10 5.8062E-10 6.0369E-10 6.2739E-10 6.5119E-10 6.7558E-10 7.0026E-10 7.2496E-10 7.5016E-10 7.7556E-10 8.0091E-10 8.2639E-10 8.5170E-10 8.7760E-10 9.0328E-10
4.9412E-11 5.3323E-11 5.7364E-11 6.1906E-11 6.6715E-11 7.1817E-11 7.7212E-11 8.2685E-11 8.8607E-11 9.4868E-11 1.0159E-10 1.0867E-10 1.1589E-10 1.2363E-10 1.3177E-10 1.4031E-10 1.4927E-10 1.5857E-10 1.6842E-10 1.7862E-10 1.8927E-10 2.0054E-10 2.1217E-10 2.2417E-10 2.3699E-10 2.5020E-10 2.6416E-10 2.7865E-10 2.9373E-10 3.0974E-10 3.2602E-10 3.4327E-10 3.6073E-10 3.7917E-10 3.9799E-10 4.1722E-10 4.3744E-10 4.5802E-10 4.7894E-10 5.0038E-10 5.2213E-10 5.4459E-10 5.6733E-10 5.9074E-10 6.1457E-10 6.3857E-10 6.6317E-10 6.8811E-10 7.1314E-10 7.3869E-10 7.6428E-10 7.8981E-10 8.1580E-10 8.4218E-10 8.6867E-10 8.9500E-10 9.2161E-10
4.9947E-11 5.4008E-11 5.8333E-11 6.2694E-11 6.7334E-11 7.2498E-11 7.7957E-11 8.3737E-11 8.9720E-11 9.5937E-11 1.0274E-10 1.0981E-10 1.1724E-10 1.2519E-10 1.3331E-10 1.4197E-10 1.5106E-10 1.6060E-10 1.7046E-10 1.8067E-10 1.9161E-10 2.0290E-10 2.1470E-10 2.2718E-10 2.4000E-10 2.5362E-10 2.6778E-10 2.8251E-10 2.9787E-10 3.1415E-10 3.3089E-10 3.4807E-10 3.6621E-10 3.8497E-10 4.0397E-10 4.2397E-10 4.4394E-10 4.6492E-10 4.8623E-10 5.0815E-10 5.3058E-10 5.5349E-10 5.7695E-10 6.0085E-10 6.2495E-10 6.4972E-10 6.7464E-10 6.9990E-10 7.2552E-10 7.5142E-10 7.7786E-10 8.0429E-10 8.3115E-10 8.5819E-10 8.8512E-10 9.1236E-10 9.3968E-10
5.0337E-11 5.4441E-11 5.8811E-11 6.3444E-11 6.8245E-11 7.3343E-11 7.8645E-11 8.4491E-11 9.0664E-11 9.7065E-11 1.0383E-10 1.1097E-10 1.1851E-10 1.2655E-10 1.3477E-10 1.4353E-10 1.5274E-10 1.6228E-10 1.7239E-10 1.8285E-10 1.9393E-10 2.0526E-10 2.1721E-10 2.2974E-10 2.4292E-10 2.5673E-10 2.7109E-10 2.8606E-10 3.0198E-10 3.1838E-10 3.3539E-10 3.5303E-10 3.7130E-10 3.9038E-10 4.0971E-10 4.2987E-10 4.5064E-10 4.7180E-10 4.9376E-10 5.1609E-10 5.3894E-10 5.6214E-10 5.8582E-10 6.1021E-10 6.3482E-10 6.5986E-10 6.8555E-10 7.1138E-10 7.3783E-10 7.6459E-10 7.9140E-10 8.1870E-10 8.4620E-10 8.7366E-10 9.0149E-10 9.2943E-10 9.5679E-10
5.0689E-11 5.4832E-11 5.9245E-11 6.3923E-11 6.8895E-11 7.4157E-11 7.9499E-11 8.5290E-11 9.1421E-11 9.8016E-11 1.0497E-10 1.1207E-10 1.1980E-10 1.2771E-10 1.3614E-10 1.4513E-10 1.5419E-10 1.6396E-10 1.7408E-10 1.8467E-10 1.9588E-10 2.0747E-10 2.1957E-10 2.3239E-10 2.4582E-10 2.5981E-10 2.7425E-10 2.8961E-10 3.0576E-10 3.2240E-10 3.3951E-10 3.5760E-10 3.7636E-10 3.9538E-10 4.1546E-10 4.3597E-10 4.5690E-10 4.7844E-10 5.0079E-10 5.2309E-10 5.4637E-10 5.7024E-10 5.9461E-10 6.1926E-10 6.4461E-10 6.7042E-10 6.9642E-10 7.2306E-10 7.5008E-10 7.7720E-10 8.0484E-10 8.3253E-10 8.6068E-10 8.8878E-10 9.1687E-10 9.4552E-10 9.7403E-10
5.1233E-11 5.5406E-11 5.9633E-11 6.4354E-11 6.9371E-11 7.4683E-11 8.0315E-11 8.6150E-11 9.2219E-11 9.8770E-11 1.0580E-10 1.1308E-10 1.2089E-10 1.2888E-10 1.3740E-10 1.4637E-10 1.5579E-10 1.6566E-10 1.7576E-10 1.8648E-10 1.9782E-10 2.0942E-10 2.2185E-10 2.3482E-10 2.4842E-10 2.6240E-10 2.7735E-10 2.9311E-10 3.0935E-10 3.2606E-10 3.4377E-10 3.6216E-10 3.8101E-10 4.0033E-10 4.2072E-10 4.4138E-10 4.6266E-10 4.8480E-10 5.0735E-10 5.3047E-10 5.5423E-10 5.7830E-10 6.0312E-10 6.2826E-10 6.5410E-10 6.8042E-10 7.0697E-10 7.3416E-10 7.6151E-10 7.8944E-10 8.1744E-10 8.4578E-10 8.7434E-10 9.0337E-10 9.3258E-10 9.6169E-10 9.9115E-10
5.1620E-11 5.5944E-11 6.0317E-11 6.4733E-11 6.9793E-11 7.5151E-11 8.0833E-11 8.6840E-11 9.3075E-11 9.9674E-11 1.0654E-10 1.1402E-10 1.2191E-10 1.2996E-10 1.3856E-10 1.4762E-10 1.5702E-10 1.6699E-10 1.7732E-10 1.8827E-10 1.9961E-10 2.1134E-10 2.2391E-10 2.3722E-10 2.5066E-10 2.6519E-10 2.8032E-10 2.9610E-10 3.1237E-10 3.2968E-10 3.4784E-10 3.6628E-10 3.8524E-10 4.0528E-10 4.2579E-10 4.4695E-10 4.6862E-10 4.9088E-10 5.1380E-10 5.3713E-10 5.6130E-10 5.8602E-10 6.1107E-10 6.3691E-10 6.6298E-10 6.8984E-10 7.1689E-10 7.4464E-10 7.7256E-10 8.0109E-10 8.2994E-10 8.5889E-10 8.8833E-10 9.1801E-10 9.4767E-10 9.7771E-10 1.0079E-09
5.1964E-11 5.6214E-11 6.0725E-11 6.5525E-11 7.0495E-11 7.5559E-11 8.1287E-11 8.7343E-11 9.3754E-11 1.0052E-10 1.0743E-10 1.1486E-10 1.2271E-10 1.3096E-10 1.3976E-10 1.4865E-10 1.5825E-10 1.6820E-10 1.7862E-10 1.8968E-10 2.0114E-10 2.1329E-10 2.2580E-10 2.3913E-10 2.5304E-10 2.6773E-10 2.8311E-10 2.9907E-10 3.1574E-10 3.3326E-10 3.5149E-10 3.7001E-10 3.8965E-10 4.0972E-10 4.3053E-10 4.5188E-10 4.7382E-10 4.9647E-10 5.1975E-10 5.4370E-10 5.6825E-10 5.9317E-10 6.1890E-10 6.4519E-10 6.7177E-10 6.9911E-10 7.2695E-10 7.5500E-10 7.8370E-10 8.1257E-10 8.4203E-10 8.7182E-10 9.0166E-10 9.3201E-10 9.6237E-10 9.9312E-10 1.0236E-09
5.2161E-11 5.6438E-11 6.0978E-11 6.5811E-11 7.0933E-11 7.6252E-11 8.1785E-11 8.7777E-11 9.4236E-11 1.0106E-10 1.0814E-10 1.1574E-10 1.2352E-10 1.3172E-10 1.4060E-10 1.4982E-10 1.5949E-10 1.6940E-10 1.7993E-10 1.9109E-10 2.0264E-10 2.1477E-10 2.2759E-10 2.4105E-10 2.5529E-10 2.6996E-10 2.8564E-10 3.0165E-10 3.1871E-10 3.3663E-10 3.5471E-10 3.7366E-10 3.9356E-10 4.1397E-10 4.3504E-10 4.5670E-10 4.7920E-10 5.0194E-10 5.2564E-10 5.4996E-10 5.7466E-10 6.0024E-10 6.2639E-10 6.5288E-10 6.8020E-10 7.0803E-10 7.3613E-10 7.6494E-10 7.9394E-10 8.2363E-10 8.5367E-10 8.8387E-10 9.1460E-10 9.4537E-10 9.7640E-10 1.0079E-09 1.0393E-09
5.2315E-11 5.6617E-11 6.1182E-11 6.6044E-11 7.1197E-11 7.6670E-11 8.2464E-11 8.8251E-11 9.4643E-11 1.0151E-10 1.0877E-10 1.1642E-10 1.2425E-10 1.3262E-10 1.4134E-10 1.5062E-10 1.6037E-10 1.7047E-10 1.8120E-10 1.9233E-10 2.0385E-10 2.1623E-10 2.2935E-10 2.4280E-10 2.5718E-10 2.7218E-10 2.8782E-10 3.0422E-10 3.2146E-10 3.3941E-10 3.5788E-10 3.7731E-10 3.9744E-10 4.1786E-10 4.3910E-10 4.6122E-10 4.8361E-10 5.0715E-10 5.3118E-10 5.5560E-10 5.8095E-10 6.0692E-10 6.3324E-10 6.6044E-10 6.8822E-10 7.1627E-10 7.4511E-10 7.7422E-10 8.0402E-10 8.3427E-10 8.6468E-10 8.9570E-10 9.2683E-10 9.5849E-10 9.9042E-10 1.0224E-09 1.0548E-09
5.2776E-11 5.6862E-11 6.1336E-11 6.6222E-11 7.1402E-11 7.6905E-11 8.2731E-11 8.8907E-11 9.5198E-11 1.0188E-10 1.0918E-10 1.1689E-10 1.2488E-10 1.3344E-10 1.4207E-10 1.5142E-10 1.6112E-10 1.7129E-10 1.8210E-10 1.9331E-10 2.0522E-10 2.1769E-10 2.3061E-10 2.4450E-10 2.5881E-10 2.7401E-10 2.9000E-10 3.0655E-10 3.2416E-10 3.4194E-10 3.6080E-10 3.8044E-10 4.0063E-10 4.2135E-10 4.4304E-10 4.6543E-10 4.8811E-10 5.1178E-10 5.3614E-10 5.6092E-10 5.8663E-10 6.1299E-10 6.3996E-10 6.6735E-10 6.9558E-10 7.2436E-10 7.5345E-10 7.8330E-10 8.1363E-10 8.4419E-10 8.7542E-10 9.0704E-10 9.3903E-10 9.7114E-10 1.0037E-09 1.0364E-09 1.0695E-09
