Assets/Resources/2015_m01_d24_2300(utc+0800)_l00_csi_1hr_conc.grd
DSAA
         159         159
     -79.000      79.000
     -79.000      79.000
  0.0000E+00  0.2916E-05
[rows 0 to 24 of 159, columns 0 to 56 of 159]
3.4758E-09 3.7338E-09 3.9933E-09 4.2495E-09 4.4974E-09 4.7340E-09 4.9577E-09 5.1650E-09 5.3503E-09 5.5101E-09 5.6436E-09 5.7485E-09 5.8206E-09 5.8585E-09 5.8599E-09 5.8264E-09 5.7582E-09 5.6552E-09 5.5181E-09 5.3488E-09 5.1496E-09 4.9246E-09 4.6778E-09 4.4126E-09 4.1339E-09 3.8445E-09 3.5497E-09 3.2521E-09 2.9574E-09 2.6674E-09 2.3872E-09 2.1177E-09 1.8624E-09 1.6239E-09 1.4038E-09 1.2022E-09 1.0151E-09 8.4886E-10 7.0099E-10 5.6751E-10 4.5654E-10 3.5705E-10 2.5714E-10 2.0008E-10 1.5605E-10 1.0484E-10 6.8176E-11 4.1423E-11 1.9892E-11 5.4885E-12 0.0000E+00 0.0000E+00 0.0000E+00 0.0000E+00 0.0000E+00 0.0000E+00 0.0000E+00
3.6593E-09 3.9401E-09 4.2215E-09 4.4986E-09 4.7683E-09 5.0298E-09 5.2773E-09 5.5056E-09 5.7121E-09 5.8947E-09 6.0491E-09 6.1710E-09 6.2577E-09 6.3081E-09 6.3226E-09 6.2983E-09 6.2342E-09 6.1310E-09 5.9903E-09 5.8156E-09 5.6095E-09 5.3743E-09 5.1139E-09 4.8321E-09 4.5324E-09 4.2217E-09 3.9018E-09 3.5792E-09 3.2584E-09 2.9424E-09 2.6361E-09 2.3415E-09 2.0627E-09 1.8008E-09 1.5580E-09 1.3340E-09 1.1309E-09 9.4769E-10 7.7974E-10 6.3595E-10 5.0771E-10 4.0230E-10 2.9707E-10 2.2172E-10 1.7060E-10 1.1818E-10 7.6775E-11 4.8300E-11 2.2881E-11 6.3698E-12 0.0000E+00 0.0000E+00 0.0000E+00 0.0000E+00 0.0000E+00 0.0000E+00 0.0000E+00
3.8381E-09 4.1403E-09 4.4424E-09 4.7413E-09 5.0368E-09 5.3221E-09 5.5921E-09 5.8443E-09 6.0762E-09 6.2816E-09 6.4557E-09 6.5964E-09 6.7020E-09 6.7702E-09 6.7967E-09 6.7801E-09 6.7219E-09 6.6236E-09 6.4855E-09 6.3081E-09 6.0948E-09 5.8485E-09 5.5733E-09 5.2752E-09 4.9579E-09 4.6265E-09 4.2847E-09 3.9387E-09 3.5914E-09 3.2494E-09 2.9150E-09 2.5928E-09 2.2864E-09 1.9972E-09 1.7282E-09 1.4807E-09 1.2569E-09 1.0531E-09 8.7610E-10 7.1263E-10 5.6934E-10 4.4832E-10 3.4470E-10 2.4885E-10 1.8891E-10 1.4012E-10 8.8134E-11 5.6877E-11 2.7927E-11 7.1357E-12 0.0000E+00 0.0000E+00 0.0000E+00 0.0000E+00 0.0000E+00 0.0000E+00 0.0000E+00
4.0087E-09 4.3304E-09 4.6537E-09 4.9782E-09 5.2972E-09 5.6057E-09 5.9011E-09 6.1804E-09 6.4365E-09 6.6637E-09 6.8613E-09 7.0253E-09 7.1516E-09 7.2352E-09 7.2749E-09 7.2723E-09 7.2253E-09 7.1324E-09 6.9945E-09 6.8150E-09 6.5965E-09 6.3437E-09 6.0593E-09 5.7462E-09 5.4109E-09 5.0561E-09 4.6902E-09 4.3164E-09 3.9414E-09 3.5710E-09 3.2078E-09 2.8576E-09 2.5223E-09 2.2067E-09 1.9124E-09 1.6422E-09 1.3968E-09 1.1721E-09 9.7614E-10 7.9495E-10 6.3969E-10 5.0059E-10 3.8672E-10 2.8906E-10 2.1229E-10 1.5836E-10 1.0254E-10 6.4983E-11 3.3133E-11 7.8937E-12 0.0000E+00 0.0000E+00 0.0000E+00 0.0000E+00 0.0000E+00 0.0000E+00 0.0000E+00
4.1671E-09 4.5085E-09 4.8558E-09 5.2032E-09 5.5452E-09 5.8792E-09 6.2023E-09 6.5066E-09 6.7861E-09 7.0407E-09 7.2641E-09 7.4512E-09 7.5970E-09 7.7003E-09 7.7605E-09 7.7730E-09 7.7349E-09 7.6497E-09 7.5179E-09 7.3417E-09 7.1226E-09 6.8624E-09 6.5650E-09 6.2367E-09 5.8831E-09 5.5100E-09 5.1228E-09 4.7252E-09 4.3253E-09 3.9255E-09 3.5339E-09 3.1524E-09 2.7873E-09 2.4424E-09 2.1196E-09 1.8212E-09 1.5486E-09 1.3027E-09 1.0814E-09 8.9038E-10 7.1862E-10 5.6789E-10 4.3300E-10 3.2954E-10 2.4222E-10 1.7819E-10 1.2388E-10 7.5556E-11 3.9219E-11 8.9451E-12 0.0000E+00 0.0000E+00 0.0000E+00 0.0000E+00 0.0000E+00 0.0000E+00 0.0000E+00
4.3109E-09 4.6741E-09 5.0434E-09 5.4125E-09 5.7791E-09 6.1406E-09 6.4886E-09 6.8171E-09 7.1261E-09 7.4078E-09 7.6567E-09 7.8672E-09 8.0384E-09 8.1663E-09 8.2445E-09 8.2726E-09 8.2511E-09 8.1786E-09 8.0566E-09 7.8829E-09 7.6610E-09 7.3966E-09 7.0934E-09 6.7561E-09 6.3880E-09 5.9952E-09 5.5824E-09 5.1581E-09 4.7287E-09 4.2994E-09 3.8771E-09 3.4651E-09 3.0697E-09 2.6934E-09 2.3410E-09 2.0147E-09 1.7168E-09 1.4487E-09 1.2054E-09 9.9542E-10 8.0693E-10 6.4353E-10 4.9600E-10 3.6851E-10 2.7609E-10 2.0397E-10 1.4390E-10 8.8456E-11 4.5398E-11 1.0120E-11 0.0000E+00 0.0000E+00 0.0000E+00 0.0000E+00 0.0000E+00 0.0000E+00 0.0000E+00
4.4398E-09 4.8235E-09 5.2126E-09 5.6043E-09 5.9971E-09 6.3826E-09 6.7546E-09 7.1133E-09 7.4499E-09 7.7586E-09 8.0340E-09 8.2738E-09 8.4720E-09 8.6227E-09 8.7230E-09 8.7739E-09 8.7715E-09 8.7138E-09 8.5993E-09 8.4332E-09 8.2179E-09 7.9536E-09 7.6452E-09 7.2946E-09 6.9099E-09 6.4996E-09 6.0680E-09 5.6224E-09 5.1669E-09 4.7101E-09 4.2555E-09 3.8117E-09 3.3828E-09 2.9748E-09 2.5911E-09 2.2356E-09 1.9096E-09 1.6141E-09 1.3483E-09 1.1120E-09 9.0313E-10 7.2660E-10 5.6347E-10 4.2021E-10 3.2007E-10 2.3335E-10 1.7126E-10 1.1131E-10 5.3248E-11 1.1950E-11 0.0000E+00 0.0000E+00 0.0000E+00 0.0000E+00 0.0000E+00 0.0000E+00 0.0000E+00
4.5517E-09 4.9530E-09 5.3616E-09 5.7772E-09 6.1925E-09 6.6007E-09 7.0019E-09 7.3878E-09 7.7521E-09 8.0893E-09 8.3955E-09 8.6650E-09 8.8898E-09 9.0671E-09 9.1967E-09 9.2712E-09 9.2873E-09 9.2464E-09 9.1502E-09 8.9961E-09 8.7864E-09 8.5214E-09 8.2082E-09 7.8534E-09 7.4613E-09 7.0355E-09 6.5840E-09 6.1113E-09 5.6274E-09 5.1404E-09 4.6558E-09 4.1811E-09 3.7205E-09 3.2799E-09 2.8641E-09 2.4760E-09 2.1185E-09 1.7934E-09 1.5019E-09 1.2446E-09 1.0183E-09 8.1826E-10 6.4929E-10 4.8692E-10 3.5826E-10 2.6876E-10 1.9713E-10 1.4097E-10 6.7486E-11 1.3887E-11 0.0000E+00 0.0000E+00 0.0000E+00 0.0000E+00 0.0000E+00 0.0000E+00 0.0000E+00
4.6427E-09 5.0600E-09 5.4892E-09 5.9255E-09 6.3613E-09 6.7962E-09 7.2237E-09 7.6369E-09 8.0293E-09 8.3978E-09 8.7356E-09 9.0332E-09 9.2888E-09 9.4993E-09 9.6554E-09 9.7549E-09 9.7973E-09 9.7802E-09 9.7024E-09 9.5601E-09 9.3574E-09 9.1017E-09 8.7919E-09 8.4330E-09 8.0291E-09 7.5878E-09 7.1193E-09 6.6286E-09 6.1238E-09 5.6096E-09 5.0951E-09 4.5859E-09 4.0905E-09 3.6150E-09 3.1645E-09 2.7432E-09 2.3543E-09 2.0000E-09 1.6814E-09 1.3984E-09 1.1466E-09 9.2643E-10 7.4180E-10 5.7079E-10 4.1453E-10 3.1312E-10 2.2760E-10 1.6655E-10 9.0671E-11 1.5793E-11 0.0000E+00 0.0000E+00 0.0000E+00 0.0000E+00 0.0000E+00 0.0000E+00 0.0000E+00
4.7107E-09 5.1440E-09 5.5918E-09 6.0457E-09 6.5043E-09 6.9639E-09 7.4168E-09 7.8563E-09 8.2798E-09 8.6795E-09 9.0462E-09 9.3769E-09 9.6672E-09 9.9074E-09 1.0094E-08 1.0225E-08 1.0298E-08 1.0305E-08 1.0244E-08 1.0122E-08 9.9369E-09 9.6899E-09 9.3821E-09 9.0210E-09 8.6147E-09 8.1684E-09 7.6861E-09 7.1755E-09 6.6442E-09 6.1014E-09 5.5570E-09 5.0180E-09 4.4913E-09 3.9829E-09 3.4985E-09 3.0429E-09 2.6200E-09 2.2317E-09 1.8800E-09 1.5660E-09 1.2895E-09 1.0504E-09 8.4219E-10 6.6113E-10 4.9137E-10 3.5124E-10 2.6441E-10 1.9357E-10 1.2630E-10 2.4557E-11 0.0000E+00 0.0000E+00 0.0000E+00 0.0000E+00 0.0000E+00 0.0000E+00 0.0000E+00
4.7551E-09 5.2038E-09 5.6659E-09 6.1382E-09 6.6192E-09 7.1007E-09 7.5776E-09 8.0454E-09 8.4987E-09 8.9270E-09 9.3260E-09 9.6926E-09 1.0015E-08 1.0288E-08 1.0511E-08 1.0677E-08 1.0777E-08 1.0810E-08 1.0779E-08 1.0680E-08 1.0510E-08 1.0274E-08 9.9782E-09 9.6250E-09 9.2190E-09 8.7637E-09 8.2677E-09 7.7426E-09 7.1947E-09 6.6324E-09 6.0622E-09 5.4922E-09 4.9306E-09 4.3859E-09 3.8645E-09 3.3721E-09 2.9125E-09 2.4901E-09 2.1066E-09 1.7630E-09 1.4597E-09 1.1946E-09 9.6034E-10 7.6413E-10 5.8420E-10 4.2160E-10 3.0878E-10 2.2412E-10 1.5728E-10 4.9078E-11 4.2286E-13 0.0000E+00 0.0000E+00 0.0000E+00 0.0000E+00 0.0000E+00 0.0000E+00
4.7755E-09 5.2361E-09 5.7117E-09 6.2016E-09 6.7021E-09 7.2038E-09 7.7043E-09 8.2005E-09 8.6798E-09 9.1380E-09 9.5728E-09 9.9706E-09 1.0327E-08 1.0640E-08 1.0899E-08 1.1096E-08 1.1229E-08 1.1297E-08 1.1296E-08 1.1219E-08 1.1071E-08 1.0858E-08 1.0578E-08 1.0232E-08 9.8268E-09 9.3725E-09 8.8759E-09 8.3411E-09 7.7762E-09 7.1903E-09 6.5926E-09 5.9937E-09 5.4027E-09 4.8261E-09 4.2709E-09 3.7426E-09 3.2468E-09 2.7873E-09 2.3671E-09 1.9882E-09 1.6505E-09 1.3522E-09 1.0953E-09 8.7198E-10 6.8298E-10 5.1571E-10 3.6519E-10 2.6983E-10 1.8775E-10 8.5693E-11 8.0595E-12 0.0000E+00 0.0000E+00 0.0000E+00 0.0000E+00 0.0000E+00 0.0000E+00
4.7711E-09 5.2408E-09 5.7289E-09 6.2344E-09 6.7500E-09 7.2713E-09 7.7962E-09 8.3148E-09 8.8206E-09 9.3120E-09 9.7768E-09 1.0208E-08 1.0603E-08 1.0953E-08 1.1247E-08 1.1480E-08 1.1653E-08 1.1755E-08 1.1782E-08 1.1737E-08 1.1621E-08 1.1431E-08 1.1166E-08 1.0835E-08 1.0445E-08 9.9972E-09 9.4986E-09 8.9543E-09 8.3780E-09 7.7796E-09 7.1649E-09 6.5434E-09 5.9226E-09 5.3115E-09 4.7188E-09 4.1516E-09 3.6166E-09 3.1179E-09 2.6598E-09 2.2441E-09 1.8717E-09 1.5431E-09 1.2557E-09 1.0061E-09 7.9243E-10 6.0908E-10 4.5455E-10 3.2381E-10 2.2716E-10 1.2875E-10 3.0948E-11 2.7611E-12 0.0000E+00 0.0000E+00 0.0000E+00 0.0000E+00 0.0000E+00
4.7411E-09 5.2174E-09 5.7160E-09 6.2341E-09 6.7624E-09 7.3028E-09 7.8481E-09 8.3872E-09 8.9213E-09 9.4420E-09 9.9360E-09 1.0403E-08 1.0835E-08 1.1219E-08 1.1549E-08 1.1825E-08 1.2035E-08 1.2171E-08 1.2236E-08 1.2229E-08 1.2143E-08 1.1978E-08 1.1742E-08 1.1436E-08 1.1062E-08 1.0623E-08 1.0128E-08 9.5915E-09 9.0131E-09 8.4033E-09 7.7694E-09 7.1231E-09 6.4750E-09 5.8349E-09 5.2101E-09 4.6085E-09 4.0354E-09 3.4977E-09 2.9979E-09 2.5418E-09 2.1294E-09 1.7632E-09 1.4415E-09 1.1632E-09 9.2300E-10 7.1421E-10 5.4833E-10 3.9180E-10 2.7373E-10 1.7161E-10 7.3156E-11 1.5531E-11 3.1266E-13 0.0000E+00 0.0000E+00 0.0000E+00 0.0000E+00
4.6852E-09 5.1663E-09 5.6737E-09 6.1985E-09 6.7405E-09 7.2963E-09 7.8558E-09 8.4184E-09 8.9772E-09 9.5215E-09 1.0047E-08 1.0548E-08 1.1013E-08 1.1432E-08 1.1805E-08 1.2120E-08 1.2365E-08 1.2545E-08 1.2651E-08 1.2680E-08 1.2629E-08 1.2503E-08 1.2300E-08 1.2019E-08 1.1666E-08 1.1249E-08 1.0774E-08 1.0243E-08 9.6635E-09 9.0465E-09 8.4059E-09 7.7479E-09 7.0813E-09 6.4143E-09 5.7568E-09 5.1170E-09 4.5042E-09 3.9232E-09 3.3822E-09 2.8826E-09 2.4284E-09 2.0206E-09 1.6594E-09 1.3450E-09 1.0748E-09 8.4323E-10 6.5595E-10 4.8430E-10 3.3742E-10 2.1549E-10 1.2299E-10 4.3494E-11 7.6955E-12 0.0000E+00 0.0000E+00 0.0000E+00 0.0000E+00
4.6033E-09 5.0883E-09 5.5990E-09 6.1299E-09 6.6820E-09 7.2485E-09 7.8226E-09 8.4042E-09 8.9836E-09 9.5513E-09 1.0107E-08 1.0639E-08 1.1135E-08 1.1593E-08 1.2003E-08 1.2353E-08 1.2642E-08 1.2864E-08 1.3014E-08 1.3082E-08 1.3077E-08 1.2994E-08 1.2823E-08 1.2578E-08 1.2261E-08 1.1872E-08 1.1415E-08 1.0898E-08 1.0333E-08 9.7253E-09 9.0826E-09 8.4116E-09 7.7248E-09 7.0338E-09 6.3482E-09 5.6773E-09 5.0273E-09 4.4068E-09 3.8209E-09 3.2749E-09 2.7744E-09 2.3215E-09 1.9162E-09 1.5627E-09 1.2563E-09 9.9199E-10 7.7220E-10 5.9420E-10 4.2152E-10 2.7361E-10 1.7470E-10 8.6701E-11 3.1944E-11 1.4803E-12 0.0000E+00 0.0000E+00 0.0000E+00
4.4970E-09 4.9830E-09 5.4937E-09 6.0284E-09 6.5866E-09 7.1600E-09 7.7470E-09 8.3433E-09 8.9390E-09 9.5303E-09 1.0112E-08 1.0669E-08 1.1197E-08 1.1690E-08 1.2134E-08 1.2524E-08 1.2858E-08 1.3123E-08 1.3314E-08 1.3434E-08 1.3476E-08 1.3431E-08 1.3311E-08 1.3109E-08 1.2831E-08 1.2474E-08 1.2050E-08 1.1564E-08 1.1020E-08 1.0421E-08 9.7797E-09 9.1084E-09 8.4177E-09 7.7138E-09 7.0068E-09 6.3039E-09 5.6168E-09 4.9534E-09 4.3204E-09 3.7266E-09 3.1752E-09 2.6719E-09 2.2183E-09 1.8183E-09 1.4704E-09 1.1707E-09 9.1818E-10 7.0636E-10 5.2240E-10 3.4484E-10 2.2684E-10 1.3974E-10 6.4039E-11 1.7149E-11 0.0000E+00 0.0000E+00 0.0000E+00
4.3678E-09 4.8510E-09 5.3586E-09 5.8944E-09 6.4544E-09 7.0316E-09 7.6278E-09 8.2349E-09 8.8436E-09 9.4554E-09 1.0056E-08 1.0637E-08 1.1196E-08 1.1719E-08 1.2196E-08 1.2629E-08 1.3002E-08 1.3312E-08 1.3552E-08 1.3723E-08 1.3812E-08 1.3820E-08 1.3750E-08 1.3599E-08 1.3365E-08 1.3058E-08 1.2678E-08 1.2225E-08 1.1705E-08 1.1132E-08 1.0512E-08 9.8513E-09 9.1575E-09 8.4411E-09 7.7126E-09 6.9842E-09 6.2646E-09 5.5615E-09 4.8848E-09 4.2405E-09 3.6369E-09 3.0782E-09 2.5727E-09 2.1225E-09 1.7263E-09 1.3808E-09 1.0881E-09 8.4419E-10 6.3791E-10 4.4302E-10 2.9321E-10 1.9606E-10 1.0692E-10 4.7658E-11 3.4997E-12 0.0000E+00 0.0000E+00
4.2167E-09 4.6935E-09 5.1951E-09 5.7288E-09 6.2862E-09 6.8652E-09 7.4661E-09 8.0785E-09 8.6990E-09 9.3242E-09 9.9403E-09 1.0543E-08 1.1126E-08 1.1675E-08 1.2188E-08 1.2659E-08 1.3072E-08 1.3427E-08 1.3720E-08 1.3937E-08 1.4079E-08 1.4147E-08 1.4132E-08 1.4036E-08 1.3864E-08 1.3611E-08 1.3278E-08 1.2870E-08 1.2397E-08 1.1860E-08 1.1263E-08 1.0617E-08 9.9310E-09 9.2190E-09 8.4857E-09 7.7407E-09 6.9916E-09 6.2507E-09 5.5266E-09 4.8291E-09 4.1685E-09 3.5523E-09 2.9866E-09 2.4797E-09 2.0294E-09 1.6349E-09 1.2958E-09 1.0098E-09 7.6470E-10 5.5497E-10 3.8132E-10 2.6238E-10 1.5736E-10 8.9570E-11 2.5445E-11 0.0000E+00 0.0000E+00
4.0458E-09 4.5128E-09 5.0064E-09 5.5335E-09 6.0846E-09 6.6625E-09 7.2625E-09 7.8752E-09 8.5041E-09 9.1362E-09 9.7625E-09 1.0385E-08 1.0987E-08 1.1561E-08 1.2107E-08 1.2610E-08 1.3063E-08 1.3465E-08 1.3803E-08 1.4073E-08 1.4275E-08 1.4403E-08 1.4449E-08 1.4421E-08 1.4311E-08 1.4119E-08 1.3847E-08 1.3501E-08 1.3077E-08 1.2581E-08 1.2024E-08 1.1414E-08 1.0754E-08 1.0052E-08 9.3152E-09 8.5537E-09 7.7809E-09 7.0057E-09 6.2384E-09 5.4906E-09 4.7713E-09 4.0946E-09 3.4681E-09 2.8980E-09 2.3861E-09 1.9331E-09 1.5391E-09 1.2064E-09 9.2333E-10 6.7933E-10 4.7779E-10 3.3695E-10 2.1994E-10 1.3099E-10 5.9821E-11 4.8069E-12 0.0000E+00
3.8572E-09 4.3113E-09 4.7941E-09 5.3109E-09 5.8520E-09 6.4240E-09 7.0182E-09 7.6290E-09 8.2583E-09 8.8932E-09 9.5284E-09 1.0162E-08 1.0778E-08 1.1376E-08 1.1949E-08 1.2482E-08 1.2976E-08 1.3419E-08 1.3805E-08 1.4130E-08 1.4392E-08 1.4579E-08 1.4697E-08 1.4736E-08 1.4697E-08 1.4576E-08 1.4376E-08 1.4093E-08 1.3731E-08 1.3300E-08 1.2800E-08 1.2232E-08 1.1603E-08 1.0921E-08 1.0198E-08 9.4401E-09 8.6546E-09 7.8520E-09 7.0436E-09 6.2441E-09 5.4666E-09 4.7244E-09 4.0289E-09 3.3891E-09 2.8071E-09 2.2857E-09 1.8326E-09 1.4430E-09 1.1102E-09 8.3060E-10 6.0326E-10 4.2401E-10 2.8656E-10 1.8461E-10 1.0854E-10 1.9490E-11 2.2394E-13
3.6535E-09 4.0922E-09 4.5612E-09 5.0631E-09 5.5925E-09 6.1533E-09 6.7361E-09 7.3420E-09 7.9666E-09 8.5975E-09 9.2388E-09 9.8777E-09 1.0504E-08 1.1123E-08 1.1714E-08 1.2277E-08 1.2804E-08 1.3288E-08 1.3719E-08 1.4102E-08 1.4422E-08 1.4675E-08 1.4863E-08 1.4975E-08 1.5011E-08 1.4969E-08 1.4845E-08 1.4640E-08 1.4360E-08 1.4000E-08 1.3562E-08 1.3051E-08 1.2476E-08 1.1837E-08 1.1140E-08 1.0389E-08 9.5953E-09 8.7702E-09 7.9274E-09 7.0804E-09 6.2456E-09 5.4377E-09 4.6697E-09 3.9534E-09 3.2962E-09 2.7010E-09 2.1739E-09 1.7208E-09 1.3329E-09 1.0101E-09 7.4415E-10 5.2835E-10 3.6435E-10 2.3935E-10 1.5597E-10 6.3922E-11 3.9643E-12
3.4374E-09 3.8586E-09 4.3102E-09 4.7945E-09 5.3082E-09 5.8537E-09 6.4216E-09 7.0171E-09 7.6316E-09 8.2566E-09 8.8959E-09 9.5347E-09 1.0171E-08 1.0798E-08 1.1408E-08 1.1994E-08 1.2553E-08 1.3073E-08 1.3552E-08 1.3985E-08 1.4361E-08 1.4682E-08 1.4938E-08 1.5127E-08 1.5243E-08 1.5284E-08 1.5247E-08 1.5134E-08 1.4936E-08 1.4660E-08 1.4305E-08 1.3875E-08 1.3362E-08 1.2773E-08 1.2111E-08 1.1386E-08 1.0603E-08 9.7703E-09 8.9009E-09 8.0115E-09 7.1198E-09 6.2432E-09 5.4008E-09 4.6036E-09 3.8609E-09 3.1861E-09 2.5812E-09 2.0488E-09 1.5964E-09 1.2162E-09 9.0797E-10 6.5292E-10 4.5632E-10 3.0727E-10 2.0025E-10 1.0735E-10 1.5649E-11
3.2123E-09 3.6136E-09 4.0449E-09 4.5086E-09 5.0036E-09 5.5295E-09 6.0796E-09 6.6601E-09 7.2590E-09 7.8752E-09 8.5058E-09 9.1397E-09 9.7784E-09 1.0412E-08 1.1032E-08 1.1639E-08 1.2223E-08 1.2775E-08 1.3297E-08 1.3774E-08 1.4208E-08 1.4593E-08 1.4918E-08 1.5182E-08 1.5383E-08 1.5512E-08 1.5570E-08 1.5548E-08 1.5452E-08 1.5276E-08 1.5020E-08 1.4671E-08 1.4239E-08 1.3722E-08 1.3122E-08 1.2438E-08 1.1674E-08 1.0841E-08 9.9523E-09 9.0270E-09 8.0834E-09 7.1413E-09 6.2196E-09 5.3353E-09 4.5039E-09 3.7367E-09 3.0458E-09 2.4366E-09 1.9045E-09 1.4621E-09 1.1010E-09 7.9984E-10 5.6383E-10 3.8555E-10 2.5738E-10 1.4791E-10 3.8945E-11
2.9805E-09 3.3605E-09 3.7695E-09 4.2101E-09 4.6832E-09 5.1863E-09 5.7158E-09 6.2764E-09 6.8561E-09 7.4573E-09 8.0756E-09 8.6990E-09 9.3344E-09 9.9677E-09 1.0595E-08 1.1216E-08 1.1818E-08 1.2399E-08 1.2955E-08 1.3475E-08 1.3961E-08 1.4403E-08 1.4795E-08 1.5137E-08 1.5421E-08 1.5641E-08 1.5794E-08 1.5880E-08 1.5893E-08 1.5828E-08 1.5673E-08 1.5433E-08 1.5103E-08 1.4675E-08 1.4145E-08 1.3514E-08 1.2788E-08 1.1974E-08 1.1083E-08 1.0135E-08 9.1441E-09 8.1384E-09 7.1376E-09 6.1633E-09 5.2358E-09 4.3719E-09 3.5870E-09 2.8851E-09 2.2686E-09 1.7446E-09 1.3140E-09 9.6681E-10 6.8587E-10 4.7520E-10 3.2047E-10 1.9800E-10 7.9001E-11
