Assets/Resources/2015_m01_d07_1800(utc+0800)_l00_csi_1hr_conc.grd
DSAA
         159         159
     -79.000      79.000
     -79.000      79.000
  0.0000E+00  0.1417E-04
[rows 25 to 49 of 159, columns 57 to 113 of 159]
1.2477E-08 1.3144E-08 1.3721E-08 1.4200E-08 1.4576E-08 1.4851E-08 1.5032E-08 1.5128E-08 1.5140E-08 1.5079E-08 1.4955E-08 1.4780E-08 1.4558E-08 1.4299E-08 1.4010E-08 1.3694E-08 1.3351E-08 1.3001E-08 1.2644E-08 1.2274E-08 1.1899E-08 1.1536E-08 1.1075E-08 1.0726E-08 1.0382E-08 9.9982E-09 9.6727E-09 9.3552E-09 9.0466E-09 8.7473E-09 8.4571E-09 8.1769E-09 7.9060E-09 7.6448E-09 7.3940E-09 7.1509E-09 6.9159E-09 6.6903E-09 6.4704E-09 6.2583E-09 6.0523E-09 5.8531E-09 5.6320E-09 5.4528E-09 5.2502E-09 5.0554E-09 4.8682E-09 4.6906E-09 4.5177E-09 4.3265E-09 4.1973E-09 4.0734E-09 3.9020E-09 3.7898E-09 3.6824E-09 3.5769E-09 3.4545E-09
1.3010E-08 1.3702E-08 1.4296E-08 1.4786E-08 1.5166E-08 1.5440E-08 1.5613E-08 1.5689E-08 1.5681E-08 1.5601E-08 1.5454E-08 1.5254E-08 1.5009E-08 1.4722E-08 1.4405E-08 1.4065E-08 1.3703E-08 1.3323E-08 1.2941E-08 1.2557E-08 1.2164E-08 1.1774E-08 1.1397E-08 1.0927E-08 1.0571E-08 1.0221E-08 9.8348E-09 9.5083E-09 9.1895E-09 8.8824E-09 8.5836E-09 8.2973E-09 8.0189E-09 7.7511E-09 7.4944E-09 7.2466E-09 7.0066E-09 6.7755E-09 6.5519E-09 6.3348E-09 6.1270E-09 5.9238E-09 5.7289E-09 5.5124E-09 5.3364E-09 5.1375E-09 4.9460E-09 4.7628E-09 4.5876E-09 4.4195E-09 4.2309E-09 4.1055E-09 3.9840E-09 3.8167E-09 3.7076E-09 3.6023E-09 3.4758E-09
1.3583E-08 1.4303E-08 1.4915E-08 1.5412E-08 1.5790E-08 1.6056E-08 1.6218E-08 1.6280E-08 1.6251E-08 1.6145E-08 1.5973E-08 1.5744E-08 1.5471E-08 1.5158E-08 1.4812E-08 1.4441E-08 1.4056E-08 1.3655E-08 1.3243E-08 1.2836E-08 1.2431E-08 1.2018E-08 1.1619E-08 1.1233E-08 1.0758E-08 1.0397E-08 1.0045E-08 9.6589E-09 9.3317E-09 9.0150E-09 8.7092E-09 8.4153E-09 8.1302E-09 7.8560E-09 7.5928E-09 7.3399E-09 7.0957E-09 6.8592E-09 6.6310E-09 6.4101E-09 6.1979E-09 5.9931E-09 5.7939E-09 5.6038E-09 5.3919E-09 5.1887E-09 5.0240E-09 4.8356E-09 4.6561E-09 4.4850E-09 4.2916E-09 4.1358E-09 4.0130E-09 3.8685E-09 3.7318E-09 3.6258E-09 3.5222E-09
1.4217E-08 1.4962E-08 1.5589E-08 1.6091E-08 1.6465E-08 1.6722E-08 1.6863E-08 1.6901E-08 1.6849E-08 1.6717E-08 1.6514E-08 1.6255E-08 1.5946E-08 1.5603E-08 1.5228E-08 1.4828E-08 1.4411E-08 1.3988E-08 1.3555E-08 1.3119E-08 1.2690E-08 1.2269E-08 1.1842E-08 1.1438E-08 1.0944E-08 1.0571E-08 1.0207E-08 9.8553E-09 9.4713E-09 9.1461E-09 8.8323E-09 8.5308E-09 8.2395E-09 7.9591E-09 7.6896E-09 7.4306E-09 7.1824E-09 6.9411E-09 6.7080E-09 6.4835E-09 6.2670E-09 6.0584E-09 5.8580E-09 5.6628E-09 5.4775E-09 5.2695E-09 5.0704E-09 4.8788E-09 4.6955E-09 4.5212E-09 4.3815E-09 4.1926E-09 4.0403E-09 3.9207E-09 3.7543E-09 3.6471E-09 3.5436E-09
1.4898E-08 1.5666E-08 1.6307E-08 1.6811E-08 1.7179E-08 1.7421E-08 1.7542E-08 1.7558E-08 1.7474E-08 1.7311E-08 1.7077E-08 1.6782E-08 1.6438E-08 1.6055E-08 1.5649E-08 1.5221E-08 1.4775E-08 1.4321E-08 1.3868E-08 1.3407E-08 1.2953E-08 1.2510E-08 1.2074E-08 1.1642E-08 1.1237E-08 1.0742E-08 1.0367E-08 1.0004E-08 9.6082E-09 9.2748E-09 8.9527E-09 8.6441E-09 8.3458E-09 8.0599E-09 7.7843E-09 7.5191E-09 7.2659E-09 7.0208E-09 6.7831E-09 6.5541E-09 6.3342E-09 6.1212E-09 5.9179E-09 5.7212E-09 5.5305E-09 5.3498E-09 5.1460E-09 4.9513E-09 4.7637E-09 4.5846E-09 4.4139E-09 4.2500E-09 4.0660E-09 3.9453E-09 3.8288E-09 3.6671E-09 3.5628E-09
1.5645E-08 1.6434E-08 1.7084E-08 1.7586E-08 1.7942E-08 1.8162E-08 1.8257E-08 1.8242E-08 1.8128E-08 1.7927E-08 1.7652E-08 1.7322E-08 1.6941E-08 1.6523E-08 1.6076E-08 1.5616E-08 1.5142E-08 1.4661E-08 1.4176E-08 1.3698E-08 1.3215E-08 1.2751E-08 1.2299E-08 1.1853E-08 1.1424E-08 1.1016E-08 1.0525E-08 1.0151E-08 9.7909E-09 9.3998E-09 9.0708E-09 8.7539E-09 8.4500E-09 8.1573E-09 7.8760E-09 7.6054E-09 7.3466E-09 7.0975E-09 6.8561E-09 6.6221E-09 6.3985E-09 6.1821E-09 5.9753E-09 5.7758E-09 5.5839E-09 5.3978E-09 5.1902E-09 4.9915E-09 4.8319E-09 4.6481E-09 4.4729E-09 4.3070E-09 4.1185E-09 3.9679E-09 3.8503E-09 3.6853E-09 3.5802E-09
1.6449E-08 1.7257E-08 1.7913E-08 1.8409E-08 1.8749E-08 1.8944E-08 1.9009E-08 1.8959E-08 1.8806E-08 1.8565E-08 1.8251E-08 1.7873E-08 1.7453E-08 1.6997E-08 1.6515E-08 1.6015E-08 1.5511E-08 1.5000E-08 1.4490E-08 1.3982E-08 1.3484E-08 1.2989E-08 1.2518E-08 1.2062E-08 1.1609E-08 1.1186E-08 1.0678E-08 1.0294E-08 9.9240E-09 9.5215E-09 9.1854E-09 8.8607E-09 8.5505E-09 8.2516E-09 7.9645E-09 7.6893E-09 7.4249E-09 7.1708E-09 6.9260E-09 6.6879E-09 6.4599E-09 6.2407E-09 6.0297E-09 5.8276E-09 5.6338E-09 5.4452E-09 5.2645E-09 5.0609E-09 4.8679E-09 4.6813E-09 4.5026E-09 4.3341E-09 4.1996E-09 3.9891E-09 3.8701E-09 3.7559E-09 3.5961E-09
1.7323E-08 1.8146E-08 1.8801E-08 1.9286E-08 1.9603E-08 1.9768E-08 1.9797E-08 1.9706E-08 1.9509E-08 1.9222E-08 1.8861E-08 1.8441E-08 1.7975E-08 1.7478E-08 1.6958E-08 1.6423E-08 1.5879E-08 1.5341E-08 1.4800E-08 1.4268E-08 1.3744E-08 1.3232E-08 1.2734E-08 1.2260E-08 1.1799E-08 1.1353E-08 1.0934E-08 1.0433E-08 1.0054E-08 9.6884E-09 9.2957E-09 8.9641E-09 8.6469E-09 8.3424E-09 8.0495E-09 7.7692E-09 7.5000E-09 7.2406E-09 6.9926E-09 6.7512E-09 6.5183E-09 6.2961E-09 6.0821E-09 5.8764E-09 5.6796E-09 5.4909E-09 5.3054E-09 5.1296E-09 4.9322E-09 4.7435E-09 4.5605E-09 4.3878E-09 4.2233E-09 4.0366E-09 3.8880E-09 3.7725E-09 3.6100E-09
1.8263E-08 1.9099E-08 1.9750E-08 2.0217E-08 2.0506E-08 2.0633E-08 2.0623E-08 2.0483E-08 2.0235E-08 1.9896E-08 1.9485E-08 1.9017E-08 1.8507E-08 1.7965E-08 1.7404E-08 1.6830E-08 1.6253E-08 1.5676E-08 1.5111E-08 1.4549E-08 1.4002E-08 1.3470E-08 1.2947E-08 1.2455E-08 1.1983E-08 1.1518E-08 1.1084E-08 1.0567E-08 1.0179E-08 9.8046E-09 9.4017E-09 9.0628E-09 8.7398E-09 8.4291E-09 8.1306E-09 7.8454E-09 7.5717E-09 7.3077E-09 7.0553E-09 6.8109E-09 6.5743E-09 6.3483E-09 6.1315E-09 5.9225E-09 5.7228E-09 5.5321E-09 5.3463E-09 5.1653E-09 4.9650E-09 4.7730E-09 4.5873E-09 4.4117E-09 4.2447E-09 4.1123E-09 3.9318E-09 3.7873E-09 3.6763E-09
1.9266E-08 2.0106E-08 2.0748E-08 2.1191E-08 2.1447E-08 2.1531E-08 2.1473E-08 2.1284E-08 2.0982E-08 2.0589E-08 2.0125E-08 1.9605E-08 1.9046E-08 1.8459E-08 1.7853E-08 1.7239E-08 1.6624E-08 1.6014E-08 1.5414E-08 1.4828E-08 1.4255E-08 1.3699E-08 1.3161E-08 1.2644E-08 1.2155E-08 1.1683E-08 1.1229E-08 1.0802E-08 1.0299E-08 9.9164E-09 9.5511E-09 9.1568E-09 8.8281E-09 8.5108E-09 8.2078E-09 7.9176E-09 7.6391E-09 7.3713E-09 7.1142E-09 6.8667E-09 6.6269E-09 6.3973E-09 6.1776E-09 5.9660E-09 5.7631E-09 5.5700E-09 5.3840E-09 5.1992E-09 5.0271E-09 4.8305E-09 4.6431E-09 4.4639E-09 4.2926E-09 4.1303E-09 3.9472E-09 3.8004E-09 3.6884E-09
2.0336E-08 2.1179E-08 2.1807E-08 2.2220E-08 2.2434E-08 2.2466E-08 2.2353E-08 2.2107E-08 2.1750E-08 2.1296E-08 2.0775E-08 2.0199E-08 1.9588E-08 1.8953E-08 1.8304E-08 1.7648E-08 1.6996E-08 1.6348E-08 1.5715E-08 1.5101E-08 1.4501E-08 1.3924E-08 1.3366E-08 1.2828E-08 1.2323E-08 1.1840E-08 1.1368E-08 1.0930E-08 1.0413E-08 1.0023E-08 9.6489E-09 9.2460E-09 8.9114E-09 8.5879E-09 8.2802E-09 7.9852E-09 7.7020E-09 7.4312E-09 7.1694E-09 6.9184E-09 6.6762E-09 6.4430E-09 6.2201E-09 6.0065E-09 5.8004E-09 5.6051E-09 5.4169E-09 5.2319E-09 5.0557E-09 4.8562E-09 4.6660E-09 4.4846E-09 4.3107E-09 4.1463E-09 4.0177E-09 3.8389E-09 3.6988E-09
2.1474E-08 2.2314E-08 2.2919E-08 2.3297E-08 2.3462E-08 2.3438E-08 2.3264E-08 2.2954E-08 2.2536E-08 2.2027E-08 2.1444E-08 2.0811E-08 2.0145E-08 1.9458E-08 1.8761E-08 1.8063E-08 1.7368E-08 1.6686E-08 1.6018E-08 1.5369E-08 1.4746E-08 1.4143E-08 1.3566E-08 1.3011E-08 1.2482E-08 1.1986E-08 1.1506E-08 1.1050E-08 1.0572E-08 1.0122E-08 9.7413E-09 9.3772E-09 8.9886E-09 8.6603E-09 8.3472E-09 8.0480E-09 7.7604E-09 7.4860E-09 7.2208E-09 6.9662E-09 6.7213E-09 6.4853E-09 6.2591E-09 6.0436E-09 5.8345E-09 5.6370E-09 5.4469E-09 5.2613E-09 5.0822E-09 4.9114E-09 4.7168E-09 4.5342E-09 4.3565E-09 4.1885E-09 4.0305E-09 3.8489E-09 3.7072E-09
2.2666E-08 2.3499E-08 2.4078E-08 2.4411E-08 2.4520E-08 2.4434E-08 2.4193E-08 2.3815E-08 2.3330E-08 2.2757E-08 2.2113E-08 2.1418E-08 2.0695E-08 1.9955E-08 1.9210E-08 1.8466E-08 1.7732E-08 1.7012E-08 1.6310E-08 1.5631E-08 1.4977E-08 1.4350E-08 1.3755E-08 1.3184E-08 1.2636E-08 1.2125E-08 1.1635E-08 1.1164E-08 1.0728E-08 1.0215E-08 9.8269E-09 9.4561E-09 9.0601E-09 8.7272E-09 8.4088E-09 8.1055E-09 7.8138E-09 7.5358E-09 7.2679E-09 7.0097E-09 6.7621E-09 6.5240E-09 6.2944E-09 6.0768E-09 5.8656E-09 5.6657E-09 5.4737E-09 5.2862E-09 5.1070E-09 4.9328E-09 4.7355E-09 4.5509E-09 4.3709E-09 4.2008E-09 4.0413E-09 3.8570E-09 3.7138E-09
2.3916E-08 2.4733E-08 2.5279E-08 2.5561E-08 2.5609E-08 2.5455E-08 2.5143E-08 2.4696E-08 2.4143E-08 2.3502E-08 2.2795E-08 2.2039E-08 2.1254E-08 2.0457E-08 1.9661E-08 1.8871E-08 1.8094E-08 1.7337E-08 1.6601E-08 1.5889E-08 1.5204E-08 1.4552E-08 1.3932E-08 1.3345E-08 1.2782E-08 1.2256E-08 1.1756E-08 1.1273E-08 1.0824E-08 1.0300E-08 9.9051E-09 9.5287E-09 9.1249E-09 8.7880E-09 8.4651E-09 8.1574E-09 7.8622E-09 7.5806E-09 7.3101E-09 7.0488E-09 6.7985E-09 6.5585E-09 6.3261E-09 6.1061E-09 5.8930E-09 5.6909E-09 5.4973E-09 5.3080E-09 5.1287E-09 4.9517E-09 4.7834E-09 4.5951E-09 4.4139E-09 4.2405E-09 4.0778E-09 3.9210E-09 3.7462E-09
2.5212E-08 2.6008E-08 2.6514E-08 2.6743E-08 2.6724E-08 2.6498E-08 2.6111E-08 2.5593E-08 2.4966E-08 2.4254E-08 2.3477E-08 2.2660E-08 2.1814E-08 2.0960E-08 2.0108E-08 1.9271E-08 1.8450E-08 1.7654E-08 1.6884E-08 1.6140E-08 1.5428E-08 1.4748E-08 1.4108E-08 1.3499E-08 1.2922E-08 1.2377E-08 1.1866E-08 1.1376E-08 1.0912E-08 1.0429E-08 9.9757E-09 9.5942E-09 9.1829E-09 8.8420E-09 8.5151E-09 8.2029E-09 7.9053E-09 7.6203E-09 7.3469E-09 7.0834E-09 6.8304E-09 6.5883E-09 6.3541E-09 6.1315E-09 5.9165E-09 5.7126E-09 5.5174E-09 5.3265E-09 5.1460E-09 4.9690E-09 4.7975E-09 4.6073E-09 4.4242E-09 4.2491E-09 4.0848E-09 3.9264E-09 3.7495E-09
2.6541E-08 2.7310E-08 2.7770E-08 2.7942E-08 2.7856E-08 2.7555E-08 2.7090E-08 2.6495E-08 2.5792E-08 2.5006E-08 2.4160E-08 2.3275E-08 2.2370E-08 2.1455E-08 2.0546E-08 1.9659E-08 1.8795E-08 1.7958E-08 1.7154E-08 1.6379E-08 1.5635E-08 1.4931E-08 1.4266E-08 1.3640E-08 1.3050E-08 1.2488E-08 1.1965E-08 1.1467E-08 1.0992E-08 1.0552E-08 1.0038E-08 9.6519E-09 9.2817E-09 8.8890E-09 8.5585E-09 8.2424E-09 7.9423E-09 7.6544E-09 7.3780E-09 7.1133E-09 6.8574E-09 6.6133E-09 6.3780E-09 6.1528E-09 5.9359E-09 5.7308E-09 5.5339E-09 5.3415E-09 5.1598E-09 4.9830E-09 4.8086E-09 4.6167E-09 4.4317E-09 4.2551E-09 4.0894E-09 3.9294E-09 3.7508E-09
2.7899E-08 2.8636E-08 2.9048E-08 2.9162E-08 2.9010E-08 2.8633E-08 2.8085E-08 2.7412E-08 2.6631E-08 2.5770E-08 2.4851E-08 2.3897E-08 2.2928E-08 2.1957E-08 2.0991E-08 2.0050E-08 1.9141E-08 1.8264E-08 1.7422E-08 1.6616E-08 1.5846E-08 1.5113E-08 1.4423E-08 1.3774E-08 1.3170E-08 1.2591E-08 1.2054E-08 1.1550E-08 1.1060E-08 1.0614E-08 1.0092E-08 9.7011E-09 9.3256E-09 8.9288E-09 8.5951E-09 8.2754E-09 7.9731E-09 7.6824E-09 7.4038E-09 7.1377E-09 6.8794E-09 6.6335E-09 6.3973E-09 6.1696E-09 5.9514E-09 5.7450E-09 5.5467E-09 5.3530E-09 5.1704E-09 4.9933E-09 4.8176E-09 4.6554E-09 4.4669E-09 4.2899E-09 4.1213E-09 3.9585E-09 3.8078E-09
2.9250E-08 2.9952E-08 3.0315E-08 3.0368E-08 3.0148E-08 2.9696E-08 2.9064E-08 2.8309E-08 2.7447E-08 2.6508E-08 2.5515E-08 2.4492E-08 2.3457E-08 2.2427E-08 2.1411E-08 2.0416E-08 1.9460E-08 1.8545E-08 1.7667E-08 1.6830E-08 1.6035E-08 1.5278E-08 1.4565E-08 1.3897E-08 1.3277E-08 1.2686E-08 1.2133E-08 1.1619E-08 1.1124E-08 1.0667E-08 1.0136E-08 9.7413E-09 9.3620E-09 8.9608E-09 8.6239E-09 8.3020E-09 7.9972E-09 7.7046E-09 7.4240E-09 7.1564E-09 6.8965E-09 6.6487E-09 6.4117E-09 6.1823E-09 5.9627E-09 5.7552E-09 5.5556E-09 5.3608E-09 5.1775E-09 4.9994E-09 4.8240E-09 4.6598E-09 4.4696E-09 4.2915E-09 4.1217E-09 3.9576E-09 3.8060E-09
3.0611E-08 3.1281E-08 3.1596E-08 3.1591E-08 3.1306E-08 3.0780E-08 3.0062E-08 2.9224E-08 2.8280E-08 2.7263E-08 2.6194E-08 2.5099E-08 2.3996E-08 2.2904E-08 2.1834E-08 2.0791E-08 1.9784E-08 1.8825E-08 1.7914E-08 1.7042E-08 1.6216E-08 1.5436E-08 1.4698E-08 1.4006E-08 1.3369E-08 1.2768E-08 1.2202E-08 1.1676E-08 1.1173E-08 1.0709E-08 1.0171E-08 9.7722E-09 9.3900E-09 8.9846E-09 8.6450E-09 8.3215E-09 8.0142E-09 7.7200E-09 7.4383E-09 7.1692E-09 6.9083E-09 6.6587E-09 6.4210E-09 6.1905E-09 5.9695E-09 5.7612E-09 5.5606E-09 5.3648E-09 5.1809E-09 5.0020E-09 4.8271E-09 4.6610E-09 4.4694E-09 4.2903E-09 4.1195E-09 3.9544E-09 3.8019E-09
3.1937E-08 3.2574E-08 3.2843E-08 3.2780E-08 3.2428E-08 3.1829E-08 3.1036E-08 3.0112E-08 2.9085E-08 2.7989E-08 2.6845E-08 2.5678E-08 2.4509E-08 2.3354E-08 2.2228E-08 2.1138E-08 2.0083E-08 1.9081E-08 1.8135E-08 1.7236E-08 1.6381E-08 1.5577E-08 1.4819E-08 1.4108E-08 1.3447E-08 1.2834E-08 1.2260E-08 1.1721E-08 1.1213E-08 1.0740E-08 1.0247E-08 9.7933E-09 9.4094E-09 9.0001E-09 8.6585E-09 8.3335E-09 8.0242E-09 7.7288E-09 7.4461E-09 7.1757E-09 6.9146E-09 6.6636E-09 6.4250E-09 6.1939E-09 5.9719E-09 5.7627E-09 5.5616E-09 5.3650E-09 5.1807E-09 5.0011E-09 4.8266E-09 4.6596E-09 4.4982E-09 4.3164E-09 4.1455E-09 3.9783E-09 3.8234E-09
3.3234E-08 3.3844E-08 3.4074E-08 3.3960E-08 3.3543E-08 3.2876E-08 3.2003E-08 3.0994E-08 2.9883E-08 2.8710E-08 2.7491E-08 2.6252E-08 2.5015E-08 2.3798E-08 2.2615E-08 2.1475E-08 2.0381E-08 1.9336E-08 1.8350E-08 1.7418E-08 1.6532E-08 1.5695E-08 1.4919E-08 1.4192E-08 1.3512E-08 1.2885E-08 1.2299E-08 1.1756E-08 1.1240E-08 1.0759E-08 1.0315E-08 9.8043E-09 9.4191E-09 9.0066E-09 8.6639E-09 8.3379E-09 8.0270E-09 7.7308E-09 7.4475E-09 7.1761E-09 6.9150E-09 6.6631E-09 6.4238E-09 6.1924E-09 5.9696E-09 5.7598E-09 5.5585E-09 5.3612E-09 5.1766E-09 4.9966E-09 4.8220E-09 4.6556E-09 4.4928E-09 4.3102E-09 4.1385E-09 3.9707E-09 3.8152E-09
3.4477E-08 3.5065E-08 3.5256E-08 3.5089E-08 3.4612E-08 3.3879E-08 3.2935E-08 3.1847E-08 3.0657E-08 2.9406E-08 2.8117E-08 2.6807E-08 2.5502E-08 2.4222E-08 2.2978E-08 2.1782E-08 2.0646E-08 1.9566E-08 1.8542E-08 1.7582E-08 1.6670E-08 1.5809E-08 1.5003E-08 1.4259E-08 1.3565E-08 1.2922E-08 1.2326E-08 1.1775E-08 1.1257E-08 1.0766E-08 1.0319E-08 9.8049E-09 9.4190E-09 9.0516E-09 8.6611E-09 8.3343E-09 8.0222E-09 7.7257E-09 7.4420E-09 7.1702E-09 6.9093E-09 6.6569E-09 6.4172E-09 6.1858E-09 5.9624E-09 5.7523E-09 5.5510E-09 5.3534E-09 5.1687E-09 4.9885E-09 4.8138E-09 4.6481E-09 4.4843E-09 4.3010E-09 4.1288E-09 3.9605E-09 3.8045E-09
3.5651E-08 3.6225E-08 3.6387E-08 3.6175E-08 3.5642E-08 3.4846E-08 3.3836E-08 3.2676E-08 3.1408E-08 3.0078E-08 2.8714E-08 2.7335E-08 2.5966E-08 2.4626E-08 2.3330E-08 2.2087E-08 2.0907E-08 1.9789E-08 1.8724E-08 1.7724E-08 1.6788E-08 1.5908E-08 1.5080E-08 1.4311E-08 1.3602E-08 1.2948E-08 1.2337E-08 1.1779E-08 1.1259E-08 1.0764E-08 1.0312E-08 9.7950E-09 9.4089E-09 9.0401E-09 8.6496E-09 8.3224E-09 8.0097E-09 7.7137E-09 7.4298E-09 7.1577E-09 6.8975E-09 6.6449E-09 6.4052E-09 6.1743E-09 5.9504E-09 5.7401E-09 5.5391E-09 5.3414E-09 5.1568E-09 4.9767E-09 4.8021E-09 4.6371E-09 4.4726E-09 4.2888E-09 4.1165E-09 3.9477E-09 3.7915E-09
3.6761E-08 3.7327E-08 3.7466E-08 3.7217E-08 3.6636E-08 3.5776E-08 3.4702E-08 3.3474E-08 3.2141E-08 3.0737E-08 2.9301E-08 2.7856E-08 2.6423E-08 2.5020E-08 2.3664E-08 2.2374E-08 2.1148E-08 1.9989E-08 1.8894E-08 1.7865E-08 1.6892E-08 1.5984E-08 1.5138E-08 1.4352E-08 1.3623E-08 1.2955E-08 1.2337E-08 1.1769E-08 1.1245E-08 1.0750E-08 1.0294E-08 9.7743E-09 9.3885E-09 9.0190E-09 8.6292E-09 8.3021E-09 7.9895E-09 7.6941E-09 7.4105E-09 7.1386E-09 6.8793E-09 6.6271E-09 6.3876E-09 6.1574E-09 5.9335E-09 5.7233E-09 5.5228E-09 5.3253E-09 5.1409E-09 4.9611E-09 4.7868E-09 4.6227E-09 4.4578E-09 4.3053E-09 4.1014E-09 3.9324E-09 3.7760E-09
3.7773E-08 3.8340E-08 3.8455E-08 3.8173E-08 3.7554E-08 3.6647E-08 3.5519E-08 3.4234E-08 3.2845E-08 3.1374E-08 2.9871E-08 2.8365E-08 2.6872E-08 2.5415E-08 2.4009E-08 2.2665E-08 2.1386E-08 2.0176E-08 1.9043E-08 1.7980E-08 1.6981E-08 1.6050E-08 1.5181E-08 1.4374E-08 1.3627E-08 1.2949E-08 1.2321E-08 1.1748E-08 1.1218E-08 1.0721E-08 1.0267E-08 9.7428E-09 9.3575E-09 8.9881E-09 8.5997E-09 8.2732E-09 7.9614E-09 7.6669E-09 7.3840E-09 7.1130E-09 6.8548E-09 6.6033E-09 6.3644E-09 6.1352E-09 5.9115E-09 5.7019E-09 5.5019E-09 5.3049E-09 5.1211E-09 4.9419E-09 4.7680E-09 4.6045E-09 4.4404E-09 4.2875E-09 4.1135E-09 3.9452E-09 3.7876E-09
