Assets/Resources/2015_m01_d29_2000(utc+0800)_l00_csi_1hr_conc.grd
DSAA
         159         159
     -79.000      79.000
     -79.000      79.000
  0.0000E+00  0.8967E-05
[rows 75 to 99 of 159, columns 0 to 56 of 159]
5.6922E-14 1.1780E-13 2.4216E-13 4.3315E-13 6.3615E-13 9.7033E-13 1.3815E-12 1.8196E-12 2.2858E-12 2.7815E-12 3.3080E-12 3.8892E-12 4.4444E-12 5.0604E-12 5.7395E-12 6.4046E-12 7.1330E-12 7.9895E-12 8.8158E-12 9.6927E-12 1.0629E-11 1.1705E-11 1.2755E-11 1.3872E-11 1.5056E-11 1.6302E-11 1.7620E-11 1.8922E-11 2.0386E-11 2.1837E-11 2.3375E-11 2.4992E-11 2.6700E-11 2.8495E-11 3.0291E-11 3.2275E-11 3.4267E-11 3.6262E-11 3.8453E-11 4.0650E-11 4.3086E-11 4.5818E-11 4.8687E-11 5.1423E-11 5.4287E-11 5.7131E-11 6.0095E-11 6.3184E-11 6.6401E-11 6.9750E-11 7.3234E-11 7.6856E-11 8.0620E-11 8.4530E-11 8.8587E-11 9.2797E-11 9.7161E-11
0.0000E+00 5.8906E-14 1.7969E-13 3.6544E-13 6.1940E-13 9.4492E-13 1.2922E-12 1.7188E-12 2.2273E-12 2.7110E-12 3.2249E-12 3.6553E-12 4.0839E-12 4.6879E-12 5.4103E-12 6.1116E-12 6.8807E-12 7.7197E-12 8.5293E-12 9.3885E-12 1.0384E-11 1.1355E-11 1.2384E-11 1.3478E-11 1.4630E-11 1.5852E-11 1.7144E-11 1.8421E-11 1.9856E-11 2.1279E-11 2.2869E-11 2.4452E-11 2.6127E-11 2.7885E-11 2.9645E-11 3.1590E-11 3.3542E-11 3.5497E-11 3.7644E-11 3.9797E-11 4.2185E-11 4.4729E-11 4.7681E-11 5.0363E-11 5.3173E-11 5.5960E-11 5.8866E-11 6.1894E-11 6.5048E-11 6.8331E-11 7.1746E-11 7.5297E-11 7.8988E-11 8.2821E-11 8.6800E-11 9.0927E-11 9.5207E-11
0.0000E+00 5.7298E-14 1.7481E-13 3.0052E-13 4.9329E-13 7.5645E-13 1.0935E-12 1.5080E-12 1.8920E-12 2.3036E-12 2.8042E-12 3.3363E-12 3.9245E-12 4.5706E-12 5.1928E-12 5.8793E-12 6.6322E-12 7.3742E-12 8.1619E-12 9.0817E-12 1.0057E-11 1.1089E-11 1.2015E-11 1.3082E-11 1.4210E-11 1.5408E-11 1.6585E-11 1.7918E-11 1.9324E-11 2.0719E-11 2.2277E-11 2.3829E-11 2.5553E-11 2.7190E-11 2.8999E-11 3.0904E-11 3.2816E-11 3.4730E-11 3.6833E-11 3.8942E-11 4.1282E-11 4.3776E-11 4.6538E-11 4.9301E-11 5.2055E-11 5.4785E-11 5.7632E-11 6.0599E-11 6.3689E-11 6.6906E-11 7.0253E-11 7.3733E-11 7.7349E-11 8.1106E-11 8.5005E-11 8.9050E-11 9.3245E-11
0.0000E+00 0.0000E+00 5.9207E-14 1.8064E-13 3.6744E-13 6.2291E-13 9.5047E-13 1.3002E-12 1.7839E-12 2.2424E-12 2.7304E-12 3.2494E-12 3.8233E-12 4.3709E-12 4.9796E-12 5.6514E-12 6.3095E-12 7.0300E-12 7.8784E-12 8.7788E-12 9.7334E-12 1.0578E-11 1.1645E-11 1.2773E-11 1.3877E-11 1.4967E-11 1.6200E-11 1.7505E-11 1.8792E-11 2.0158E-11 2.1593E-11 2.3114E-11 2.4712E-11 2.6401E-11 2.8265E-11 3.0131E-11 3.2089E-11 3.3963E-11 3.5925E-11 3.7990E-11 4.0149E-11 4.2689E-11 4.5529E-11 4.8237E-11 5.0935E-11 5.3608E-11 5.6396E-11 5.9301E-11 6.2327E-11 6.5477E-11 6.8755E-11 7.2164E-11 7.5706E-11 7.9385E-11 8.3205E-11 8.7168E-11 9.1277E-11
0.0000E+00 0.0000E+00 5.7533E-14 1.7556E-13 3.0196E-13 5.5151E-13 8.1656E-13 1.1559E-12 1.5731E-12 2.0182E-12 2.4925E-12 2.9973E-12 3.4739E-12 3.9505E-12 4.6033E-12 5.3171E-12 6.0094E-12 6.7694E-12 7.5994E-12 8.4804E-12 9.2491E-12 1.0235E-11 1.1279E-11 1.2295E-11 1.3295E-11 1.4525E-11 1.5732E-11 1.7010E-11 1.8269E-11 1.9688E-11 2.1092E-11 2.2580E-11 2.4143E-11 2.5796E-11 2.7531E-11 2.9359E-11 3.1276E-11 3.3196E-11 3.5115E-11 3.7135E-11 3.9248E-11 4.1735E-11 4.4382E-11 4.7171E-11 4.9814E-11 5.2430E-11 5.5158E-11 5.8002E-11 6.0963E-11 6.4047E-11 6.7255E-11 7.0592E-11 7.4060E-11 7.7662E-11 8.1401E-11 8.5281E-11 8.9304E-11
0.0000E+00 0.0000E+00 0.0000E+00 5.9360E-14 1.8114E-13 3.6855E-13 6.2490E-13 9.5369E-13 1.3051E-12 1.7909E-12 2.2520E-12 2.7433E-12 3.2660E-12 3.8448E-12 4.4815E-12 5.0940E-12 5.7707E-12 6.5137E-12 7.2460E-12 8.0229E-12 8.9315E-12 9.8953E-12 1.0917E-11 1.1830E-11 1.2969E-11 1.4083E-11 1.5264E-11 1.6514E-11 1.7747E-11 1.9135E-11 2.0509E-11 2.2047E-11 2.3490E-11 2.5192E-11 2.6889E-11 2.8583E-11 3.0459E-11 3.2338E-11 3.4215E-11 3.6282E-11 3.8348E-11 4.0648E-11 4.3374E-11 4.6106E-11 4.8692E-11 5.1251E-11 5.3920E-11 5.6702E-11 5.9599E-11 6.2616E-11 6.5755E-11 6.9019E-11 7.2412E-11 7.5937E-11 7.9596E-11 8.3393E-11 8.7330E-11
0.0000E+00 0.0000E+00 0.0000E+00 5.7625E-14 1.7588E-13 3.0265E-13 5.5285E-13 8.1874E-13 1.1591E-12 1.6336E-12 2.0811E-12 2.5582E-12 3.0662E-12 3.6854E-12 4.2226E-12 4.7639E-12 5.3451E-12 6.1294E-12 6.9800E-12 7.7307E-12 8.6189E-12 9.5613E-12 1.0393E-11 1.1446E-11 1.2560E-11 1.3649E-11 1.4804E-11 1.5938E-11 1.7224E-11 1.8582E-11 1.9926E-11 2.1431E-11 2.2925E-11 2.4589E-11 2.6163E-11 2.7904E-11 2.9738E-11 3.1575E-11 3.3410E-11 3.5430E-11 3.7449E-11 3.9698E-11 4.2236E-11 4.4903E-11 4.7572E-11 5.0074E-11 5.2683E-11 5.5402E-11 5.8236E-11 6.1185E-11 6.4255E-11 6.7447E-11 7.0765E-11 7.4212E-11 7.7791E-11 8.1504E-11 8.5355E-11
0.0000E+00 0.0000E+00 0.0000E+00 0.0000E+00 5.9367E-14 1.8120E-13 4.2647E-13 6.8357E-13 1.0132E-12 1.3658E-12 1.8528E-12 2.3157E-12 2.8091E-12 3.2747E-12 3.8569E-12 4.4981E-12 5.2000E-12 5.8799E-12 6.6272E-12 7.4442E-12 8.2320E-12 9.1544E-12 1.0038E-11 1.1067E-11 1.2156E-11 1.3220E-11 1.4350E-11 1.5537E-11 1.6710E-11 1.7948E-11 1.9344E-11 2.0815E-11 2.2277E-11 2.3904E-11 2.5526E-11 2.7140E-11 2.8934E-11 3.0815E-11 3.2606E-11 3.4580E-11 3.6553E-11 3.8751E-11 4.1233E-11 4.3843E-11 4.6453E-11 4.8898E-11 5.1448E-11 5.4106E-11 5.6874E-11 5.9757E-11 6.2757E-11 6.5877E-11 6.9121E-11 7.2490E-11 7.5988E-11 7.9618E-11 8.3383E-11
0.0000E+00 0.0000E+00 0.0000E+00 0.0000E+00 5.7574E-14 1.7576E-13 3.0259E-13 5.5282E-13 8.1888E-13 1.2149E-12 1.6345E-12 2.0829E-12 2.6167E-12 3.1271E-12 3.6933E-12 4.3171E-12 4.9725E-12 5.6363E-12 6.2858E-12 7.0072E-12 7.9341E-12 8.7407E-12 9.6888E-12 1.0694E-11 1.1591E-11 1.2712E-11 1.3895E-11 1.5056E-11 1.6284E-11 1.7406E-11 1.8771E-11 2.0118E-11 2.1630E-11 2.3128E-11 2.4715E-11 2.6378E-11 2.8132E-11 2.9970E-11 3.1806E-11 3.3637E-11 3.5564E-11 3.7580E-11 3.9968E-11 4.2653E-11 4.5338E-11 4.7726E-11 5.0216E-11 5.2812E-11 5.5516E-11 5.8332E-11 6.1263E-11 6.4311E-11 6.7479E-11 7.0771E-11 7.4189E-11 7.7736E-11 8.1414E-11
0.0000E+00 0.0000E+00 0.0000E+00 0.0000E+00 0.0000E+00 5.9226E-14 2.3808E-13 4.2593E-13 6.8276E-13 1.0694E-12 1.4226E-12 1.8561E-12 2.3737E-12 2.8685E-12 3.4179E-12 3.8596E-12 4.5036E-12 5.2093E-12 5.9788E-12 6.8140E-12 7.5487E-12 8.4205E-12 9.2655E-12 1.0249E-11 1.1282E-11 1.2290E-11 1.3358E-11 1.4492E-11 1.5693E-11 1.6955E-11 1.8199E-11 1.9515E-11 2.0992E-11 2.2455E-11 2.4088E-11 2.5712E-11 2.7329E-11 2.9124E-11 3.0918E-11 3.2706E-11 3.4677E-11 3.6644E-11 3.8977E-11 4.1602E-11 4.4089E-11 4.6558E-11 4.8989E-11 5.1523E-11 5.4163E-11 5.6913E-11 5.9774E-11 6.2750E-11 6.5843E-11 6.9058E-11 7.2395E-11 7.5859E-11 7.9451E-11
0.0000E+00 0.0000E+00 0.0000E+00 0.0000E+00 0.0000E+00 5.7379E-14 1.7520E-13 3.0178E-13 5.5142E-13 8.1700E-13 1.1570E-12 1.6314E-12 2.0795E-12 2.6136E-12 3.1246E-12 3.6921E-12 4.3736E-12 5.0604E-12 5.7250E-12 6.4562E-12 7.1757E-12 7.9495E-12 8.9328E-12 9.8828E-12 1.0806E-11 1.1875E-11 1.2837E-11 1.4025E-11 1.5188E-11 1.6335E-11 1.7637E-11 1.9004E-11 2.0356E-11 2.1785E-11 2.3379E-11 2.4964E-11 2.6626E-11 2.8378E-11 3.0128E-11 3.1871E-11 3.3795E-11 3.5714E-11 3.7857E-11 4.0287E-11 4.2985E-11 4.5395E-11 4.7767E-11 5.0240E-11 5.2816E-11 5.5499E-11 5.8291E-11 6.1195E-11 6.4214E-11 6.7351E-11 7.0609E-11 7.3989E-11 7.7496E-11
0.0000E+00 0.0000E+00 0.0000E+00 0.0000E+00 0.0000E+00 0.0000E+00 5.8938E-14 2.3718E-13 4.2434E-13 6.8026E-13 1.0121E-12 1.4183E-12 1.8509E-12 2.4252E-12 2.9203E-12 3.4707E-12 4.0782E-12 4.6371E-12 5.2060E-12 5.9782E-12 6.8171E-12 7.7249E-12 8.5120E-12 9.4401E-12 1.0344E-11 1.1300E-11 1.2398E-11 1.3558E-11 1.4693E-11 1.5895E-11 1.7074E-11 1.8323E-11 1.9731E-11 2.1117E-11 2.2673E-11 2.4220E-11 2.5842E-11 2.7463E-11 2.9256E-11 3.1043E-11 3.2919E-11 3.4789E-11 3.6880E-11 3.9252E-11 4.1887E-11 4.4239E-11 4.6552E-11 4.8963E-11 5.1476E-11 5.4092E-11 5.6816E-11 5.9648E-11 6.2593E-11 6.5653E-11 6.8831E-11 7.2129E-11 7.5549E-11
0.0000E+00 0.0000E+00 0.0000E+00 0.0000E+00 0.0000E+00 0.0000E+00 5.7044E-14 1.1845E-13 3.0022E-13 4.9324E-13 8.1311E-13 1.1517E-12 1.6243E-12 2.0711E-12 2.6040E-12 3.1144E-12 3.6819E-12 4.3640E-12 5.0521E-12 5.8032E-12 6.5341E-12 7.2518E-12 8.0247E-12 8.9326E-12 9.9733E-12 1.0983E-11 1.1967E-11 1.3010E-11 1.4036E-11 1.5291E-11 1.6523E-11 1.7824E-11 1.9106E-11 2.0461E-11 2.1887E-11 2.3481E-11 2.5063E-11 2.6731E-11 2.8479E-11 3.0220E-11 3.1952E-11 3.3776E-11 3.5682E-11 3.8092E-11 4.0659E-11 4.3090E-11 4.5345E-11 4.7695E-11 5.0144E-11 5.2695E-11 5.5349E-11 5.8111E-11 6.0982E-11 6.3965E-11 6.7063E-11 7.0279E-11 7.3614E-11
0.0000E+00 0.0000E+00 0.0000E+00 0.0000E+00 0.0000E+00 0.0000E+00 0.0000E+00 5.8506E-14 1.7868E-13 4.2170E-13 6.2152E-13 1.0065E-12 1.3563E-12 1.8413E-12 2.3596E-12 2.9074E-12 3.4570E-12 4.1219E-12 4.7893E-12 5.3517E-12 5.9630E-12 6.8034E-12 7.7134E-12 8.6737E-12 9.5145E-12 1.0500E-11 1.1462E-11 1.2480E-11 1.3640E-11 1.4774E-11 1.5890E-11 1.7160E-11 1.8493E-11 1.9898E-11 2.1199E-11 2.2753E-11 2.4296E-11 2.5912E-11 2.7616E-11 2.9314E-11 3.1001E-11 3.2867E-11 3.4724E-11 3.6941E-11 3.9446E-11 4.1950E-11 4.4146E-11 4.6436E-11 4.8822E-11 5.1307E-11 5.3893E-11 5.6584E-11 5.9381E-11 6.2288E-11 6.5307E-11 6.8441E-11 7.1691E-11
0.0000E+00 0.0000E+00 0.0000E+00 0.0000E+00 0.0000E+00 0.0000E+00 0.0000E+00 5.6569E-14 1.1753E-13 2.9793E-13 4.8957E-13 7.5128E-13 1.1436E-12 1.5043E-12 2.1171E-12 2.5929E-12 3.1794E-12 3.6626E-12 4.3438E-12 5.0315E-12 5.7827E-12 6.5996E-12 7.3983E-12 8.1652E-12 8.9106E-12 9.9532E-12 1.0963E-11 1.2033E-11 1.3164E-11 1.4269E-11 1.5356E-11 1.6585E-11 1.7799E-11 1.9170E-11 2.0607E-11 2.2120E-11 2.3534E-11 2.5108E-11 2.6769E-11 2.8507E-11 3.0150E-11 3.1967E-11 3.3774E-11 3.5934E-11 3.8244E-11 4.0679E-11 4.2957E-11 4.5186E-11 4.7510E-11 4.9930E-11 5.2448E-11 5.5069E-11 5.7793E-11 6.0624E-11 6.3565E-11 6.6617E-11 6.9783E-11
0.0000E+00 0.0000E+00 0.0000E+00 0.0000E+00 0.0000E+00 0.0000E+00 0.0000E+00 0.0000E+00 5.7932E-14 1.7697E-13 3.6278E-13 6.1632E-13 8.8627E-13 1.3458E-12 1.7724E-12 2.3426E-12 2.8329E-12 3.4920E-12 4.0982E-12 4.7644E-12 5.5498E-12 6.0930E-12 6.7732E-12 7.6831E-12 8.6438E-12 9.6575E-12 1.0553E-11 1.1595E-11 1.2444E-11 1.3604E-11 1.4826E-11 1.6023E-11 1.7288E-11 1.8531E-11 1.9846E-11 2.1230E-11 2.2778E-11 2.4312E-11 2.5929E-11 2.7623E-11 2.9307E-11 3.1075E-11 3.2737E-11 3.4710E-11 3.7053E-11 3.9560E-11 4.1778E-11 4.3948E-11 4.6209E-11 4.8565E-11 5.1016E-11 5.3567E-11 5.6219E-11 5.8975E-11 6.1837E-11 6.4808E-11 6.7890E-11
0.0000E+00 0.0000E+00 0.0000E+00 0.0000E+00 0.0000E+00 0.0000E+00 0.0000E+00 0.0000E+00 0.0000E+00 1.1633E-13 2.3919E-13 4.8472E-13 7.4393E-13 1.0789E-12 1.5495E-12 2.0452E-12 2.5714E-12 3.2138E-12 3.7163E-12 4.2576E-12 4.9987E-12 5.7482E-12 6.5638E-12 7.4475E-12 8.2942E-12 9.1110E-12 9.9088E-12 1.1007E-11 1.2073E-11 1.3201E-11 1.4215E-11 1.5382E-11 1.6615E-11 1.7908E-11 1.9271E-11 2.0529E-11 2.2036E-11 2.3530E-11 2.5093E-11 2.6742E-11 2.8382E-11 3.0007E-11 3.1808E-11 3.3596E-11 3.5879E-11 3.8319E-11 4.0611E-11 4.2722E-11 4.4922E-11 4.7212E-11 4.9597E-11 5.2079E-11 5.4659E-11 5.7340E-11 6.0125E-11 6.3016E-11 6.6015E-11
0.0000E+00 0.0000E+00 0.0000E+00 0.0000E+00 0.0000E+00 0.0000E+00 0.0000E+00 0.0000E+00 0.0000E+00 5.7222E-14 1.1898E-13 3.0165E-13 6.0966E-13 8.7684E-13 1.3320E-12 1.7545E-12 2.3200E-12 2.8066E-12 3.4046E-12 4.0647E-12 4.7280E-12 5.5109E-12 6.2162E-12 6.7266E-12 7.6342E-12 8.5929E-12 9.6049E-12 1.0584E-11 1.1622E-11 1.2719E-11 1.3624E-11 1.4841E-11 1.5945E-11 1.7205E-11 1.8533E-11 1.9925E-11 2.1391E-11 2.2755E-11 2.4276E-11 2.5880E-11 2.7559E-11 2.9139E-11 3.0891E-11 3.2628E-11 3.4717E-11 3.7089E-11 3.9457E-11 4.1509E-11 4.3647E-11 4.5874E-11 4.8193E-11 5.0606E-11 5.3115E-11 5.5722E-11 5.8430E-11 6.1241E-11 6.4158E-11
0.0000E+00 0.0000E+00 0.0000E+00 0.0000E+00 0.0000E+00 0.0000E+00 0.0000E+00 0.0000E+00 0.0000E+00 0.0000E+00 5.8455E-14 2.3616E-13 4.2254E-13 6.8052E-13 1.0102E-12 1.4779E-12 1.9670E-12 2.4898E-12 3.1263E-12 3.7635E-12 4.2169E-12 4.9539E-12 5.6999E-12 6.5121E-12 7.3928E-12 8.3232E-12 9.2184E-12 1.0002E-11 1.0935E-11 1.1998E-11 1.3121E-11 1.4305E-11 1.5463E-11 1.6603E-11 1.7800E-11 1.9155E-11 2.0491E-11 2.1987E-11 2.3467E-11 2.5028E-11 2.6661E-11 2.8282E-11 2.9984E-11 3.1671E-11 3.3474E-11 3.5880E-11 3.8315E-11 4.0309E-11 4.2387E-11 4.4551E-11 4.6805E-11 4.9149E-11 5.1588E-11 5.4122E-11 5.6754E-11 5.9486E-11 6.2321E-11
0.0000E+00 0.0000E+00 0.0000E+00 0.0000E+00 0.0000E+00 0.0000E+00 0.0000E+00 0.0000E+00 0.0000E+00 0.0000E+00 0.0000E+00 1.1730E-13 2.4117E-13 4.8894E-13 8.6536E-13 1.1489E-12 1.6798E-12 2.1803E-12 2.7736E-12 3.3118E-12 4.0215E-12 4.6804E-12 5.4589E-12 6.2454E-12 6.7468E-12 7.5671E-12 8.5214E-12 9.5293E-12 1.0592E-11 1.1623E-11 1.2627E-11 1.3690E-11 1.4734E-11 1.6008E-11 1.7256E-11 1.8400E-11 1.9782E-11 2.1237E-11 2.2676E-11 2.4276E-11 2.5769E-11 2.7344E-11 2.8902E-11 3.0633E-11 3.2345E-11 3.4553E-11 3.7050E-11 3.9124E-11 4.1142E-11 4.3244E-11 4.5433E-11 4.7710E-11 5.0078E-11 5.2540E-11 5.5097E-11 5.7752E-11 6.0506E-11
0.0000E+00 0.0000E+00 0.0000E+00 0.0000E+00 0.0000E+00 0.0000E+00 0.0000E+00 0.0000E+00 0.0000E+00 0.0000E+00 0.0000E+00 5.7509E-14 1.7577E-13 3.6146E-13 6.1405E-13 9.4108E-13 1.3426E-12 1.8859E-12 2.4010E-12 3.0329E-12 3.6629E-12 4.1663E-12 4.8419E-12 5.6382E-12 6.4451E-12 7.3205E-12 8.2458E-12 9.2233E-12 1.0167E-11 1.0838E-11 1.1983E-11 1.3009E-11 1.4186E-11 1.5335E-11 1.6549E-11 1.7830E-11 1.9171E-11 2.0411E-11 2.1893E-11 2.3356E-11 2.4899E-11 2.6424E-11 2.8024E-11 2.9704E-11 3.1365E-11 3.3376E-11 3.5807E-11 3.7954E-11 3.9913E-11 4.1953E-11 4.4078E-11 4.6289E-11 4.8588E-11 5.0978E-11 5.3461E-11 5.6038E-11 5.8713E-11
0.0000E+00 0.0000E+00 0.0000E+00 0.0000E+00 0.0000E+00 0.0000E+00 0.0000E+00 0.0000E+00 0.0000E+00 0.0000E+00 0.0000E+00 0.0000E+00 5.8602E-14 2.3716E-13 4.8098E-13 7.4230E-13 1.1314E-12 1.5454E-12 2.0952E-12 2.6217E-12 3.2664E-12 3.8569E-12 4.6219E-12 5.3371E-12 6.1746E-12 6.9217E-12 7.4821E-12 8.4299E-12 9.4311E-12 1.0487E-11 1.1510E-11 1.2593E-11 1.3649E-11 1.4676E-11 1.5857E-11 1.7093E-11 1.8398E-11 1.9680E-11 2.1033E-11 2.2456E-11 2.4039E-11 2.5607E-11 2.7159E-11 2.8788E-11 3.0400E-11 3.2123E-11 3.4447E-11 3.6800E-11 3.8700E-11 4.0680E-11 4.2742E-11 4.4887E-11 4.7118E-11 4.9437E-11 5.1847E-11 5.4348E-11 5.6943E-11
0.0000E+00 0.0000E+00 0.0000E+00 0.0000E+00 0.0000E+00 0.0000E+00 0.0000E+00 0.0000E+00 0.0000E+00 0.0000E+00 0.0000E+00 0.0000E+00 0.0000E+00 1.1750E-13 2.9800E-13 5.4848E-13 8.6829E-13 1.2115E-12 1.7466E-12 2.3085E-12 2.9312E-12 3.5554E-12 4.1340E-12 4.7748E-12 5.5073E-12 6.3631E-12 7.2311E-12 8.1491E-12 9.1192E-12 1.0055E-11 1.0967E-11 1.1852E-11 1.2956E-11 1.4121E-11 1.5262E-11 1.6373E-11 1.7641E-11 1.8968E-11 2.0366E-11 2.1745E-11 2.3100E-11 2.4624E-11 2.6216E-11 2.7701E-11 2.9355E-11 3.0987E-11 3.3111E-11 3.5662E-11 3.7506E-11 3.9426E-11 4.1425E-11 4.3505E-11 4.5669E-11 4.7918E-11 5.0255E-11 5.2681E-11 5.5199E-11
0.0000E+00 0.0000E+00 0.0000E+00 0.0000E+00 0.0000E+00 0.0000E+00 0.0000E+00 0.0000E+00 0.0000E+00 0.0000E+00 0.0000E+00 0.0000E+00 0.0000E+00 5.7424E-14 1.7556E-13 3.6173E-13 6.7149E-13 1.0012E-12 1.4615E-12 1.8961E-12 2.5244E-12 3.1583E-12 3.7967E-12 4.4977E-12 5.2604E-12 6.0109E-12 6.7478E-12 7.5522E-12 8.3188E-12 9.3111E-12 1.0358E-11 1.1371E-11 1.2443E-11 1.3573E-11 1.4591E-11 1.5757E-11 1.6983E-11 1.8181E-11 1.9539E-11 2.0961E-11 2.2269E-11 2.3748E-11 2.5293E-11 2.6819E-11 2.8422E-11 3.0004E-11 3.1929E-11 3.4273E-11 3.6329E-11 3.8190E-11 4.0127E-11 4.2144E-11 4.4241E-11 4.6422E-11 4.8687E-11 5.1039E-11 5.3479E-11
0.0000E+00 0.0000E+00 0.0000E+00 0.0000E+00 0.0000E+00 0.0000E+00 0.0000E+00 0.0000E+00 0.0000E+00 0.0000E+00 0.0000E+00 0.0000E+00 0.0000E+00 0.0000E+00 5.8370E-14 2.3664E-13 4.8013E-13 7.4209E-13 1.1312E-12 1.5463E-12 2.1568E-12 2.7121E-12 3.4141E-12 4.0102E-12 4.6970E-12 5.4206E-12 6.2667E-12 7.1253E-12 8.0337E-12 8.9941E-12 1.0008E-11 1.0821E-11 1.1693E-11 1.2785E-11 1.3938E-11 1.5150E-11 1.6249E-11 1.7412E-11 1.8721E-11 2.0102E-11 2.1461E-11 2.2976E-11 2.4387E-11 2.5859E-11 2.7316E-11 2.8940E-11 3.0675E-11 3.2909E-11 3.5171E-11 3.6973E-11 3.8851E-11 4.0804E-11 4.2836E-11 4.4949E-11 4.7143E-11 4.9422E-11 5.1787E-11
