Assets/Resources/2015_m01_d30_1800(utc+0800)_l00_csi_1hr_conc.grd
DSAA
         159         159
     -79.000      79.000
     -79.000      79.000
  0.0000E+00  0.3395E-05
[rows 50 to 74 of 159, columns 57 to 113 of 159]
5.8437E-11 1.2053E-10 2.0035E-10 2.7810E-10 3.8925E-10 5.4694E-10 7.4922E-10 1.0127E-09 1.3877E-09 1.9033E-09 2.5905E-09 3.5121E-09 4.7386E-09 6.3556E-09 8.4723E-09 1.1182E-08 1.4575E-08 1.8736E-08 2.3641E-08 2.9256E-08 3.5415E-08 4.1708E-08 4.7676E-08 5.2659E-08 5.6020E-08 5.7568E-08 5.7219E-08 5.5015E-08 5.1230E-08 4.6408E-08 4.1506E-08 3.5583E-08 3.0127E-08 2.6374E-08 2.1400E-08 1.7707E-08 1.4722E-08 1.2046E-08 1.0507E-08 9.1811E-09 8.0274E-09 7.0375E-09 6.1734E-09 5.4201E-09 4.7712E-09 4.2084E-09 3.7212E-09 3.2982E-09 2.9330E-09 2.6236E-09 2.3593E-09 2.1455E-09 1.9456E-09 1.7714E-09 1.5914E-09 1.4652E-09 1.3473E-09
3.6363E-11 7.4819E-11 1.3046E-10 2.2404E-10 3.2141E-10 4.6058E-10 6.4617E-10 8.8793E-10 1.2342E-09 1.7201E-09 2.3756E-09 3.2654E-09 4.4748E-09 6.0867E-09 8.2317E-09 1.1031E-08 1.4622E-08 1.9083E-08 2.4468E-08 3.0765E-08 3.7794E-08 4.5218E-08 5.2414E-08 5.8634E-08 6.3104E-08 6.5276E-08 6.4978E-08 6.2468E-08 5.8796E-08 5.2343E-08 4.5423E-08 4.0784E-08 3.2533E-08 2.6031E-08 2.1470E-08 1.6926E-08 1.3604E-08 1.0977E-08 9.4741E-09 8.2312E-09 7.1714E-09 6.2697E-09 5.4872E-09 4.8060E-09 4.2245E-09 3.7185E-09 3.2863E-09 2.9103E-09 2.5864E-09 2.3143E-09 2.0821E-09 1.8929E-09 1.7102E-09 1.5528E-09 1.4004E-09 1.2823E-09 1.1889E-09
1.2778E-11 4.7455E-11 9.1075E-11 1.4567E-10 2.4633E-10 3.6913E-10 5.4469E-10 7.6189E-10 1.0807E-09 1.5314E-09 2.1369E-09 2.9812E-09 4.1654E-09 5.7486E-09 7.8814E-09 1.0755E-08 1.4496E-08 1.9223E-08 2.5149E-08 3.2201E-08 4.0242E-08 4.8935E-08 5.7696E-08 6.5546E-08 7.1453E-08 7.4885E-08 7.6228E-08 7.2891E-08 6.7381E-08 6.4048E-08 5.2764E-08 4.2598E-08 3.5294E-08 2.6630E-08 2.0442E-08 1.6038E-08 1.2353E-08 9.8736E-09 8.4309E-09 7.2799E-09 6.3229E-09 5.5175E-09 4.8166E-09 4.2110E-09 3.6962E-09 3.2476E-09 2.8716E-09 2.5390E-09 2.2609E-09 2.0219E-09 1.8224E-09 1.6534E-09 1.4918E-09 1.3446E-09 1.2170E-09 1.1232E-09 1.0415E-09
3.5839E-12 1.9359E-11 6.0101E-11 1.1574E-10 1.7159E-10 2.6968E-10 4.3250E-10 6.2188E-10 9.1970E-10 1.3293E-09 1.8955E-09 2.6790E-09 3.7902E-09 5.3235E-09 7.4161E-09 1.0301E-08 1.4143E-08 1.9178E-08 2.5570E-08 3.3386E-08 4.2639E-08 5.2904E-08 6.3504E-08 7.3701E-08 8.2950E-08 8.7521E-08 8.8791E-08 9.1576E-08 8.1542E-08 6.9997E-08 6.1204E-08 4.6905E-08 3.5437E-08 2.6964E-08 2.0014E-08 1.4907E-08 1.0902E-08 8.7592E-09 7.4023E-09 6.3492E-09 5.4996E-09 4.7893E-09 4.1683E-09 3.6431E-09 3.1926E-09 2.8029E-09 2.4804E-09 2.1911E-09 1.9580E-09 1.7491E-09 1.5785E-09 1.4298E-09 1.2912E-09 1.1539E-09 1.0495E-09 9.7317E-10 9.0841E-10
4.5584E-14 5.9274E-12 2.5185E-11 7.2592E-11 1.3716E-10 2.0232E-10 2.9988E-10 4.9052E-10 7.5912E-10 1.1151E-09 1.6370E-09 2.3480E-09 3.3875E-09 4.8283E-09 6.8246E-09 9.6527E-09 1.3527E-08 1.8765E-08 2.5586E-08 3.4296E-08 4.4855E-08 5.7219E-08 7.1316E-08 8.3917E-08 9.5225E-08 1.0883E-07 1.0782E-07 1.0220E-07 9.7648E-08 8.1181E-08 6.4412E-08 5.1776E-08 3.7336E-08 2.6397E-08 1.8915E-08 1.3828E-08 9.5254E-09 7.6611E-09 6.3946E-09 5.4520E-09 4.7149E-09 4.0978E-09 3.5541E-09 3.1068E-09 2.7145E-09 2.3882E-09 2.1141E-09 1.8724E-09 1.6776E-09 1.4969E-09 1.3525E-09 1.2265E-09 1.0989E-09 9.8369E-10 9.0378E-10 8.3725E-10 7.7809E-10
0.0000E+00 4.7124E-13 8.3116E-12 2.9871E-11 8.0514E-11 1.5716E-10 2.3352E-10 3.4587E-10 5.6549E-10 9.1048E-10 1.3717E-09 2.0090E-09 2.9394E-09 4.2587E-09 6.1272E-09 8.7833E-09 1.2636E-08 1.7936E-08 2.5159E-08 3.4864E-08 4.7635E-08 6.2161E-08 7.8938E-08 1.0087E-07 1.1289E-07 1.2094E-07 1.2926E-07 1.2029E-07 1.0584E-07 9.3243E-08 7.1813E-08 5.2544E-08 3.7874E-08 2.6355E-08 1.7772E-08 1.2328E-08 8.2420E-09 6.5903E-09 5.4273E-09 4.5997E-09 3.9819E-09 3.4530E-09 2.9884E-09 2.6118E-09 2.2753E-09 2.0085E-09 1.7724E-09 1.5813E-09 1.4124E-09 1.2683E-09 1.1480E-09 1.0397E-09 9.2117E-10 8.3731E-10 7.7037E-10 7.1518E-10 6.5825E-10
0.0000E+00 0.0000E+00 1.0861E-12 1.0686E-11 3.3952E-11 8.3780E-11 1.7098E-10 2.5542E-10 4.2375E-10 6.7897E-10 1.0820E-09 1.6495E-09 2.4679E-09 3.6363E-09 5.3287E-09 7.7680E-09 1.1415E-08 1.6763E-08 2.4626E-08 3.5016E-08 4.9328E-08 7.0410E-08 8.9053E-08 1.0881E-07 1.3206E-07 1.4060E-07 1.4111E-07 1.4015E-07 1.2122E-07 9.8239E-08 7.7565E-08 5.6107E-08 3.7756E-08 2.5122E-08 1.6388E-08 1.0460E-08 7.0940E-09 5.5609E-09 4.5157E-09 3.8184E-09 3.3075E-09 2.8579E-09 2.4779E-09 2.1593E-09 1.8831E-09 1.6655E-09 1.4664E-09 1.3136E-09 1.1716E-09 1.0595E-09 9.6037E-10 8.6346E-10 7.6815E-10 7.0782E-10 6.5268E-10 6.0036E-10 5.5614E-10
0.0000E+00 0.0000E+00 0.0000E+00 1.6463E-12 1.2640E-11 3.5232E-11 8.3455E-11 1.6917E-10 2.9128E-10 5.0747E-10 8.0897E-10 1.2639E-09 1.9377E-09 2.9897E-09 4.4706E-09 6.6926E-09 1.0138E-08 1.5255E-08 2.3160E-08 3.6220E-08 5.1132E-08 7.1076E-08 9.8695E-08 1.2157E-07 1.4160E-07 1.6185E-07 1.6180E-07 1.5063E-07 1.3708E-07 1.0929E-07 8.0622E-08 5.6735E-08 3.6954E-08 2.3155E-08 1.4359E-08 8.7359E-09 5.9742E-09 4.5399E-09 3.6676E-09 3.1161E-09 2.7035E-09 2.3249E-09 2.0253E-09 1.7567E-09 1.5404E-09 1.3546E-09 1.2005E-09 1.0710E-09 9.6005E-10 8.7085E-10 7.8647E-10 7.0477E-10 6.3916E-10 5.8922E-10 5.4161E-10 4.9834E-10 4.6353E-10
0.0000E+00 0.0000E+00 0.0000E+00 0.0000E+00 1.9084E-12 1.4362E-11 3.4955E-11 8.2833E-11 1.6793E-10 3.1586E-10 5.4857E-10 9.3926E-10 1.4931E-09 2.3308E-09 3.6361E-09 5.5590E-09 8.5763E-09 1.4109E-08 2.1333E-08 3.2868E-08 5.1504E-08 7.3225E-08 9.9906E-08 1.3390E-07 1.5810E-07 1.7347E-07 1.8422E-07 1.7029E-07 1.4479E-07 1.1550E-07 8.3311E-08 5.5387E-08 3.4404E-08 2.0619E-08 1.2213E-08 7.1851E-09 4.8693E-09 3.6391E-09 2.9060E-09 2.5006E-09 2.1611E-09 1.8688E-09 1.6257E-09 1.4103E-09 1.2399E-09 1.0866E-09 9.6662E-10 8.5925E-10 7.7640E-10 7.0254E-10 6.3077E-10 5.7234E-10 5.2414E-10 4.8024E-10 4.4236E-10 4.0526E-10 3.8322E-10
0.0000E+00 0.0000E+00 0.0000E+00 0.0000E+00 0.0000E+00 1.7947E-12 1.5414E-11 3.2463E-11 8.1483E-11 1.6229E-10 3.1989E-10 5.8676E-10 1.0207E-09 1.6909E-09 2.8345E-09 4.6406E-09 7.0436E-09 1.1220E-08 1.8929E-08 2.9828E-08 4.6597E-08 7.3552E-08 1.0401E-07 1.3771E-07 1.7511E-07 1.9428E-07 1.9683E-07 1.8472E-07 1.5521E-07 1.1847E-07 8.1899E-08 5.2512E-08 3.1297E-08 1.7889E-08 9.9942E-09 5.7140E-09 3.7403E-09 2.8051E-09 2.2649E-09 1.9663E-09 1.6963E-09 1.4733E-09 1.2813E-09 1.1159E-09 9.7896E-10 8.6074E-10 7.6379E-10 6.8223E-10 6.1611E-10 5.5425E-10 4.9981E-10 4.6053E-10 4.1772E-10 3.8406E-10 3.5139E-10 3.2886E-10 3.1017E-10
0.0000E+00 0.0000E+00 0.0000E+00 0.0000E+00 0.0000E+00 0.0000E+00 1.2503E-12 1.5267E-11 3.2145E-11 7.3654E-11 1.5015E-10 3.3048E-10 6.1555E-10 1.0812E-09 1.8298E-09 3.3372E-09 5.6142E-09 8.7779E-09 1.4553E-08 2.5550E-08 4.2301E-08 6.7879E-08 1.0625E-07 1.4642E-07 1.8365E-07 2.1113E-07 2.1457E-07 1.9613E-07 1.6007E-07 1.1870E-07 7.9814E-08 4.8828E-08 2.7704E-08 1.4975E-08 7.9349E-09 4.4195E-09 2.8599E-09 2.0745E-09 1.7393E-09 1.5125E-09 1.3073E-09 1.1406E-09 9.8806E-10 8.6814E-10 7.5766E-10 6.6985E-10 5.9210E-10 5.3054E-10 4.7510E-10 4.2521E-10 3.8971E-10 3.5995E-10 3.2639E-10 3.0182E-10 2.7941E-10 2.6330E-10 2.4769E-10
0.0000E+00 0.0000E+00 0.0000E+00 0.0000E+00 0.0000E+00 0.0000E+00 0.0000E+00 5.7767E-13 1.3361E-11 3.2741E-11 6.9731E-11 1.4680E-10 3.1595E-10 6.1784E-10 1.1054E-09 1.9886E-09 3.6618E-09 6.5188E-09 1.0963E-08 1.9442E-08 3.6980E-08 6.3834E-08 1.0311E-07 1.5246E-07 1.9713E-07 2.2634E-07 2.2873E-07 2.0612E-07 1.6520E-07 1.1789E-07 7.5630E-08 4.3986E-08 2.3494E-08 1.1857E-08 6.0271E-09 3.2274E-09 2.0532E-09 1.5028E-09 1.3052E-09 1.1320E-09 9.8620E-10 8.5486E-10 7.4480E-10 6.4681E-10 5.6766E-10 4.9971E-10 4.4439E-10 3.9602E-10 3.5308E-10 3.2051E-10 2.9648E-10 2.7099E-10 2.4942E-10 2.3254E-10 2.1665E-10 2.0343E-10 1.9236E-10
0.0000E+00 0.0000E+00 0.0000E+00 0.0000E+00 0.0000E+00 0.0000E+00 0.0000E+00 0.0000E+00 5.7073E-14 9.9097E-12 3.1135E-11 6.5211E-11 1.5001E-10 3.0743E-10 5.9006E-10 1.0646E-09 1.9522E-09 3.8341E-09 7.5934E-09 1.4340E-08 2.9017E-08 5.7934E-08 1.0204E-07 1.5795E-07 2.1110E-07 2.4533E-07 2.4779E-07 2.1800E-07 1.6806E-07 1.1430E-07 6.8956E-08 3.7463E-08 1.8691E-08 8.9073E-09 4.2615E-09 2.1637E-09 1.3454E-09 1.0658E-09 9.3016E-10 8.0954E-10 7.0548E-10 6.1255E-10 5.3320E-10 4.6460E-10 4.0456E-10 3.5809E-10 3.1755E-10 2.8060E-10 2.5210E-10 2.3091E-10 2.1297E-10 1.9599E-10 1.8442E-10 1.7245E-10 1.6342E-10 1.5479E-10 1.4577E-10
0.0000E+00 0.0000E+00 0.0000E+00 0.0000E+00 0.0000E+00 0.0000E+00 0.0000E+00 0.0000E+00 0.0000E+00 0.0000E+00 5.6489E-12 2.5565E-11 6.7506E-11 1.4418E-10 2.8836E-10 5.4165E-10 9.7009E-10 1.9110E-09 4.0645E-09 9.2858E-09 2.2399E-08 5.2063E-08 1.0267E-07 1.6877E-07 2.3297E-07 2.7141E-07 2.6943E-07 2.2885E-07 1.6697E-07 1.0574E-07 5.9121E-08 2.9534E-08 1.3632E-08 6.0047E-09 2.6250E-09 1.3586E-09 8.5313E-10 7.2691E-10 6.3331E-10 5.5424E-10 4.8157E-10 4.2028E-10 3.6385E-10 3.1693E-10 2.7789E-10 2.4343E-10 2.1315E-10 1.9150E-10 1.7070E-10 1.5587E-10 1.4515E-10 1.3700E-10 1.2974E-10 1.2413E-10 1.1789E-10 1.1111E-10 1.0580E-10
0.0000E+00 0.0000E+00 0.0000E+00 0.0000E+00 0.0000E+00 0.0000E+00 0.0000E+00 0.0000E+00 0.0000E+00 0.0000E+00 0.0000E+00 2.1064E-12 1.6244E-11 5.2769E-11 1.3040E-10 2.6725E-10 5.0202E-10 8.4531E-10 1.8975E-09 4.9916E-09 1.6814E-08 4.9430E-08 1.1053E-07 1.8902E-07 2.6200E-07 3.0213E-07 2.9208E-07 2.3644E-07 1.6077E-07 9.3121E-08 4.6973E-08 2.1025E-08 8.6813E-09 3.3917E-09 1.4116E-09 7.4710E-10 5.3765E-10 4.6819E-10 4.0920E-10 3.5650E-10 3.1218E-10 2.7287E-10 2.3503E-10 2.0363E-10 1.7694E-10 1.5461E-10 1.3513E-10 1.2188E-10 1.1047E-10 1.0296E-10 9.6247E-11 9.0688E-11 8.7266E-11 8.3166E-11 7.8286E-11 7.4746E-11 6.9311E-11
0.0000E+00 0.0000E+00 0.0000E+00 0.0000E+00 0.0000E+00 0.0000E+00 0.0000E+00 0.0000E+00 0.0000E+00 0.0000E+00 0.0000E+00 0.0000E+00 3.8203E-13 7.1055E-12 3.4465E-11 9.3711E-11 2.1667E-10 4.1666E-10 8.5319E-10 2.7343E-09 1.4253E-08 5.2400E-08 1.2804E-07 2.2127E-07 2.9924E-07 3.3791E-07 3.1537E-07 2.4005E-07 1.4826E-07 7.5449E-08 3.3063E-08 1.2782E-08 4.6523E-09 1.7331E-09 7.1357E-10 3.8797E-10 3.2591E-10 2.8286E-10 2.4619E-10 2.1494E-10 1.8765E-10 1.6285E-10 1.4221E-10 1.2471E-10 1.0951E-10 9.6951E-11 8.6826E-11 7.7732E-11 7.1505E-11 6.6422E-11 6.2112E-11 5.8872E-11 5.5203E-11 5.2237E-11 5.0408E-11 4.8194E-11 4.5284E-11
0.0000E+00 0.0000E+00 0.0000E+00 0.0000E+00 0.0000E+00 0.0000E+00 0.0000E+00 0.0000E+00 0.0000E+00 0.0000E+00 0.0000E+00 0.0000E+00 0.0000E+00 0.0000E+00 2.3371E-12 1.7227E-11 5.4297E-11 1.5094E-10 2.9801E-10 1.9326E-09 1.6663E-08 6.8339E-08 1.5849E-07 2.6124E-07 3.4019E-07 3.7362E-07 3.3646E-07 2.3585E-07 1.2730E-07 5.4268E-08 1.9264E-08 6.2917E-09 1.8500E-09 6.3443E-10 3.0429E-10 2.1998E-10 1.9169E-10 1.7003E-10 1.4767E-10 1.3340E-10 1.1880E-10 1.0550E-10 9.3166E-11 8.2524E-11 7.3302E-11 6.5054E-11 5.8482E-11 5.3470E-11 4.8912E-11 4.5129E-11 4.2104E-11 3.8697E-11 3.5897E-11 3.3776E-11 3.1172E-11 2.8299E-11 2.5284E-11
0.0000E+00 0.0000E+00 0.0000E+00 0.0000E+00 0.0000E+00 0.0000E+00 0.0000E+00 0.0000E+00 0.0000E+00 0.0000E+00 0.0000E+00 0.0000E+00 0.0000E+00 0.0000E+00 0.0000E+00 3.4159E-13 5.4488E-12 2.1197E-11 7.4723E-11 1.5295E-09 2.4963E-08 1.0564E-07 2.1692E-07 3.0596E-07 3.7470E-07 4.0456E-07 3.5382E-07 2.2422E-07 9.8960E-08 3.2131E-08 8.4614E-09 2.2053E-09 6.6691E-10 2.3292E-10 1.4809E-10 1.3129E-10 1.1691E-10 1.0366E-10 9.4737E-11 8.5276E-11 7.6689E-11 6.8197E-11 6.1084E-11 5.4513E-11 4.8738E-11 4.4494E-11 4.1009E-11 3.7264E-11 3.4386E-11 3.1566E-11 2.8058E-11 2.5786E-11 2.3419E-11 2.0987E-11 1.8386E-11 1.5516E-11 1.3033E-11
0.0000E+00 0.0000E+00 0.0000E+00 0.0000E+00 0.0000E+00 0.0000E+00 0.0000E+00 0.0000E+00 0.0000E+00 0.0000E+00 0.0000E+00 0.0000E+00 0.0000E+00 0.0000E+00 0.0000E+00 0.0000E+00 0.0000E+00 6.3841E-13 5.3993E-12 1.7911E-09 4.5097E-08 1.7678E-07 2.9724E-07 3.4745E-07 3.9413E-07 4.2611E-07 3.6846E-07 1.9745E-07 6.2377E-08 1.2897E-08 2.2478E-09 4.8611E-10 1.6753E-10 8.8866E-11 7.9887E-11 7.3332E-11 6.7404E-11 6.2186E-11 5.6868E-11 5.1774E-11 4.6609E-11 4.1990E-11 3.7811E-11 3.4354E-11 3.1556E-11 2.8979E-11 2.6269E-11 2.3951E-11 2.1729E-11 1.9253E-11 1.7831E-11 1.5984E-11 1.4123E-11 1.1817E-11 9.5396E-12 7.9960E-12 6.5169E-12
0.0000E+00 0.0000E+00 0.0000E+00 0.0000E+00 0.0000E+00 0.0000E+00 0.0000E+00 0.0000E+00 0.0000E+00 0.0000E+00 0.0000E+00 0.0000E+00 0.0000E+00 0.0000E+00 0.0000E+00 0.0000E+00 0.0000E+00 0.0000E+00 0.0000E+00 4.3592E-09 1.0407E-07 2.9702E-07 3.7183E-07 3.8523E-07 4.0043E-07 4.4105E-07 3.7873E-07 1.5163E-07 2.6125E-08 2.5014E-09 3.3977E-10 7.4717E-11 4.2116E-11 4.0915E-11 3.9315E-11 3.7506E-11 3.4994E-11 3.2537E-11 2.9767E-11 2.7373E-11 2.5011E-11 2.3384E-11 2.1265E-11 1.9432E-11 1.7775E-11 1.6049E-11 1.4552E-11 1.3072E-11 1.1634E-11 1.0574E-11 9.0387E-12 7.5909E-12 5.8900E-12 4.8844E-12 3.9369E-12 3.5111E-12 3.1244E-12
0.0000E+00 0.0000E+00 0.0000E+00 0.0000E+00 0.0000E+00 0.0000E+00 0.0000E+00 0.0000E+00 0.0000E+00 0.0000E+00 0.0000E+00 0.0000E+00 0.0000E+00 0.0000E+00 0.0000E+00 0.0000E+00 0.0000E+00 0.0000E+00 0.0000E+00 2.2239E-08 2.5034E-07 3.9933E-07 4.1497E-07 4.1987E-07 4.0783E-07 4.4531E-07 3.8778E-07 8.0176E-08 3.7685E-09 2.0873E-10 2.6611E-11 1.5447E-11 1.6254E-11 1.6637E-11 1.6610E-11 1.6108E-11 1.5291E-11 1.4215E-11 1.3530E-11 1.2657E-11 1.1891E-11 1.0875E-11 9.8265E-12 8.9001E-12 7.9863E-12 7.1263E-12 6.2516E-12 5.5287E-12 4.6321E-12 3.7648E-12 3.0756E-12 2.3994E-12 2.0386E-12 1.6749E-12 1.4864E-12 1.2968E-12 1.0597E-12
0.0000E+00 0.0000E+00 0.0000E+00 0.0000E+00 0.0000E+00 0.0000E+00 0.0000E+00 0.0000E+00 0.0000E+00 0.0000E+00 0.0000E+00 0.0000E+00 0.0000E+00 0.0000E+00 0.0000E+00 0.0000E+00 0.0000E+00 0.0000E+00 0.0000E+00 3.9922E-08 4.3576E-07 4.4329E-07 4.3034E-07 4.2886E-07 4.2258E-07 4.2991E-07 3.2029E-07 2.9559E-08 4.1224E-11 4.0884E-12 2.6504E-12 3.0476E-12 3.4896E-12 3.8753E-12 4.2085E-12 4.3707E-12 4.3613E-12 4.1840E-12 3.9170E-12 3.6295E-12 3.2694E-12 2.9582E-12 2.5906E-12 2.2577E-12 1.9568E-12 1.6445E-12 1.3148E-12 9.8539E-13 7.7846E-13 6.1477E-13 5.1853E-13 4.8185E-13 4.3000E-13 3.6400E-13 2.8509E-13 1.9469E-13 1.3724E-13
0.0000E+00 0.0000E+00 0.0000E+00 0.0000E+00 0.0000E+00 0.0000E+00 0.0000E+00 0.0000E+00 0.0000E+00 0.0000E+00 0.0000E+00 0.0000E+00 0.0000E+00 0.0000E+00 0.0000E+00 0.0000E+00 0.0000E+00 0.0000E+00 0.0000E+00 1.6847E-08 6.4588E-07 5.2042E-07 4.5994E-07 4.5730E-07 4.5285E-07 4.3993E-07 2.1890E-07 6.7042E-09 0.0000E+00 0.0000E+00 0.0000E+00 0.0000E+00 0.0000E+00 0.0000E+00 0.0000E+00 0.0000E+00 0.0000E+00 0.0000E+00 0.0000E+00 0.0000E+00 0.0000E+00 0.0000E+00 0.0000E+00 0.0000E+00 0.0000E+00 0.0000E+00 0.0000E+00 0.0000E+00 0.0000E+00 0.0000E+00 0.0000E+00 0.0000E+00 0.0000E+00 0.0000E+00 0.0000E+00 0.0000E+00 0.0000E+00
0.0000E+00 0.0000E+00 0.0000E+00 0.0000E+00 0.0000E+00 0.0000E+00 0.0000E+00 0.0000E+00 0.0000E+00 0.0000E+00 0.0000E+00 0.0000E+00 0.0000E+00 0.0000E+00 0.0000E+00 0.0000E+00 0.0000E+00 0.0000E+00 0.0000E+00 0.0000E+00 6.1104E-07 7.4340E-07 5.0057E-07 4.9532E-07 4.8932E-07 4.1066E-07 6.0647E-08 2.9918E-11 0.0000E+00 0.0000E+00 0.0000E+00 0.0000E+00 0.0000E+00 0.0000E+00 0.0000E+00 0.0000E+00 0.0000E+00 0.0000E+00 0.0000E+00 0.0000E+00 0.0000E+00 0.0000E+00 0.0000E+00 0.0000E+00 0.0000E+00 0.0000E+00 0.0000E+00 0.0000E+00 0.0000E+00 0.0000E+00 0.0000E+00 0.0000E+00 0.0000E+00 0.0000E+00 0.0000E+00 0.0000E+00 0.0000E+00
0.0000E+00 0.0000E+00 0.0000E+00 0.0000E+00 0.0000E+00 0.0000E+00 0.0000E+00 0.0000E+00 0.0000E+00 0.0000E+00 0.0000E+00 0.0000E+00 0.0000E+00 0.0000E+00 0.0000E+00 0.0000E+00 0.0000E+00 0.0000E+00 0.0000E+00 0.0000E+00 2.0973E-07 1.4731E-06 5.5339E-07 5.4433E-07 5.2896E-07 2.0599E-07 1.3638E-09 0.0000E+00 0.0000E+00 0.0000E+00 0.0000E+00 0.0000E+00 0.0000E+00 0.0000E+00 0.0000E+00 0.0000E+00 0.0000E+00 0.0000E+00 0.0000E+00 0.0000E+00 0.0000E+00 0.0000E+00 0.0000E+00 0.0000E+00 0.0000E+00 0.0000E+00 0.0000E+00 0.0000E+00 0.0000E+00 0.0000E+00 0.0000E+00 0.0000E+00 0.0000E+00 0.0000E+00 0.0000E+00 0.0000E+00 0.0000E+00
