Assets/Resources/2015_m01_d27_1800(utc+0800)_l00_csi_1hr_conc.grd
DSAA
         159         159
     -79.000      79.000
     -79.000      79.000
  0.0000E+00  0.2611E-05
[rows 0 to 24 of 159, columns 57 to 113 of 159]
1.5532E-09 1.7280E-09 1.9120E-09 2.1056E-09 2.3067E-09 2.5130E-09 2.7228E-09 2.9349E-09 3.1465E-09 3.3541E-09 3.5544E-09 3.7453E-09 3.9243E-09 4.0879E-09 4.2333E-09 4.3576E-09 4.4584E-09 4.5337E-09 4.5824E-09 4.6031E-09 4.5951E-09 4.5580E-09 4.4923E-09 4.3991E-09 4.2795E-09 4.1358E-09 3.9703E-09 3.7859E-09 3.5855E-09 3.3724E-09 3.1500E-09 2.9216E-09 2.6906E-09 2.4601E-09 2.2335E-09 2.0126E-09 1.7998E-09 1.5969E-09 1.4060E-09 1.2295E-09 1.0662E-09 9.1609E-10 7.8199E-10 6.6081E-10 5.5427E-10 4.6014E-10 3.7883E-10 3.0896E-10 2.4980E-10 2.0006E-10 1.5795E-10 1.2382E-10 9.1825E-11 5.2913E-11 6.0001E-12 0.0000E+00 0.0000E+00
1.6086E-09 1.7921E-09 1.9873E-09 2.1921E-09 2.4045E-09 2.6235E-09 2.8477E-09 3.0737E-09 3.2984E-09 3.5198E-09 3.7350E-09 3.9409E-09 4.1340E-09 4.3106E-09 4.4679E-09 4.6034E-09 4.7145E-09 4.7987E-09 4.8540E-09 4.8793E-09 4.8734E-09 4.8361E-09 4.7681E-09 4.6707E-09 4.5451E-09 4.3935E-09 4.2184E-09 4.0226E-09 3.8096E-09 3.5829E-09 3.3460E-09 3.1027E-09 2.8564E-09 2.6104E-09 2.3678E-09 2.1319E-09 1.9049E-09 1.6894E-09 1.4864E-09 1.2967E-09 1.1222E-09 9.6464E-10 8.2104E-10 6.9345E-10 5.8059E-10 4.8152E-10 3.9532E-10 3.2199E-10 2.5937E-10 2.0658E-10 1.6345E-10 1.2759E-10 9.3388E-11 5.3034E-11 6.0150E-12 0.0000E+00 0.0000E+00
1.6584E-09 1.8518E-09 2.0570E-09 2.2720E-09 2.4965E-09 2.7288E-09 2.9659E-09 3.2054E-09 3.4454E-09 3.6827E-09 3.9133E-09 4.1337E-09 4.3407E-09 4.5314E-09 4.7021E-09 4.8496E-09 4.9711E-09 5.0633E-09 5.1250E-09 5.1549E-09 5.1521E-09 5.1160E-09 5.0471E-09 4.9462E-09 4.8145E-09 4.6548E-09 4.4698E-09 4.2626E-09 4.0368E-09 3.7960E-09 3.5439E-09 3.2849E-09 3.0225E-09 2.7605E-09 2.5028E-09 2.2518E-09 2.0104E-09 1.7806E-09 1.5644E-09 1.3642E-09 1.1801E-09 1.0114E-09 8.6043E-10 7.2569E-10 6.0583E-10 5.0235E-10 4.1178E-10 3.3385E-10 2.6910E-10 2.1408E-10 1.6798E-10 1.3075E-10 9.4178E-11 5.3368E-11 6.4415E-12 3.6008E-13 0.0000E+00
1.7034E-09 1.9054E-09 2.1195E-09 2.3455E-09 2.5820E-09 2.8262E-09 3.0764E-09 3.3304E-09 3.5850E-09 3.8363E-09 4.0811E-09 4.3163E-09 4.5382E-09 4.7429E-09 4.9264E-09 5.0857E-09 5.2179E-09 5.3201E-09 5.3901E-09 5.4261E-09 5.4266E-09 5.3915E-09 5.3210E-09 5.2165E-09 5.0798E-09 4.9129E-09 4.7185E-09 4.5001E-09 4.2614E-09 4.0067E-09 3.7402E-09 3.4660E-09 3.1881E-09 2.9104E-09 2.6369E-09 2.3707E-09 2.1149E-09 1.8722E-09 1.6442E-09 1.4315E-09 1.2356E-09 1.0585E-09 8.9906E-10 7.5645E-10 6.3222E-10 5.2191E-10 4.2797E-10 3.4662E-10 2.7711E-10 2.1979E-10 1.7313E-10 1.3291E-10 9.2382E-11 5.3880E-11 5.5725E-12 7.7396E-13 0.0000E+00
1.7417E-09 1.9513E-09 2.1752E-09 2.4119E-09 2.6590E-09 2.9152E-09 3.1788E-09 3.4463E-09 3.7145E-09 3.9810E-09 4.2419E-09 4.4933E-09 4.7306E-09 4.9500E-09 5.1481E-09 5.3209E-09 5.4648E-09 5.5768E-09 5.6545E-09 5.6963E-09 5.7010E-09 5.6683E-09 5.5979E-09 5.4907E-09 5.3484E-09 5.1738E-09 4.9700E-09 4.7407E-09 4.4895E-09 4.2207E-09 3.9390E-09 3.6490E-09 3.3551E-09 3.0615E-09 2.7723E-09 2.4908E-09 2.2203E-09 1.9630E-09 1.7212E-09 1.4976E-09 1.2928E-09 1.1054E-09 9.3697E-10 7.8829E-10 6.5572E-10 5.4214E-10 4.4213E-10 3.5830E-10 2.8698E-10 2.2625E-10 1.7678E-10 1.3464E-10 9.2876E-11 5.4048E-11 7.2626E-12 1.2211E-12 0.0000E+00
1.7728E-09 1.9904E-09 2.2231E-09 2.4688E-09 2.7266E-09 2.9950E-09 3.2709E-09 3.5515E-09 3.8345E-09 4.1162E-09 4.3922E-09 4.6582E-09 4.9104E-09 5.1444E-09 5.3561E-09 5.5417E-09 5.6976E-09 5.8208E-09 5.9082E-09 5.9571E-09 5.9663E-09 5.9352E-09 5.8644E-09 5.7552E-09 5.6087E-09 5.4275E-09 5.2149E-09 4.9747E-09 4.7110E-09 4.4290E-09 4.1331E-09 3.8280E-09 3.5184E-09 3.2092E-09 2.9045E-09 2.6080E-09 2.3233E-09 2.0532E-09 1.7999E-09 1.5637E-09 1.3469E-09 1.1511E-09 9.7532E-10 8.1754E-10 6.8097E-10 5.6018E-10 4.5809E-10 3.6911E-10 2.9486E-10 2.3343E-10 1.8198E-10 1.3651E-10 9.2198E-11 5.4677E-11 9.2809E-12 1.3133E-12 0.0000E+00
1.7964E-09 2.0215E-09 2.2618E-09 2.5165E-09 2.7849E-09 3.0640E-09 3.3518E-09 3.6464E-09 3.9437E-09 4.2392E-09 4.5296E-09 4.8112E-09 5.0793E-09 5.3297E-09 5.5572E-09 5.7573E-09 5.9258E-09 6.0597E-09 6.1557E-09 6.2121E-09 6.2272E-09 6.1997E-09 6.1299E-09 6.0186E-09 5.8677E-09 5.6800E-09 5.4591E-09 5.2085E-09 4.9329E-09 4.6374E-09 4.3269E-09 4.0067E-09 3.6819E-09 3.3572E-09 3.0372E-09 2.7258E-09 2.4264E-09 2.1422E-09 1.8753E-09 1.6285E-09 1.4023E-09 1.1963E-09 1.0116E-09 8.4904E-10 7.0412E-10 5.7979E-10 4.7162E-10 3.8175E-10 3.0396E-10 2.3912E-10 1.8600E-10 1.3682E-10 9.1957E-11 5.6361E-11 1.0431E-11 1.7903E-12 0.0000E+00
1.8133E-09 2.0439E-09 2.2910E-09 2.5547E-09 2.8321E-09 3.1219E-09 3.4221E-09 3.7291E-09 4.0391E-09 4.3498E-09 4.6566E-09 4.9544E-09 5.2378E-09 5.5026E-09 5.7436E-09 5.9571E-09 6.1388E-09 6.2844E-09 6.3907E-09 6.4551E-09 6.4756E-09 6.4516E-09 6.3832E-09 6.2710E-09 6.1172E-09 5.9242E-09 5.6955E-09 5.4354E-09 5.1486E-09 4.8402E-09 4.5155E-09 4.1803E-09 3.8402E-09 3.5003E-09 3.1652E-09 2.8391E-09 2.5261E-09 2.2290E-09 1.9508E-09 1.6923E-09 1.4556E-09 1.2415E-09 1.0491E-09 8.7785E-10 7.2934E-10 5.9915E-10 4.8776E-10 3.9181E-10 3.1359E-10 2.4675E-10 1.9077E-10 1.3910E-10 9.2391E-11 5.5356E-11 1.1514E-11 2.2626E-12 0.0000E+00
1.8208E-09 2.0569E-09 2.3117E-09 2.5825E-09 2.8683E-09 3.1683E-09 3.4795E-09 3.7986E-09 4.1228E-09 4.4477E-09 4.7682E-09 5.0799E-09 5.3786E-09 5.6594E-09 5.9167E-09 6.1455E-09 6.3411E-09 6.4987E-09 6.6158E-09 6.6893E-09 6.7171E-09 6.6980E-09 6.6319E-09 6.5196E-09 6.3632E-09 6.1654E-09 5.9294E-09 5.6600E-09 5.3623E-09 5.0417E-09 4.7040E-09 4.3547E-09 3.9994E-09 3.6440E-09 3.2937E-09 2.9530E-09 2.6259E-09 2.3156E-09 2.0244E-09 1.7553E-09 1.5092E-09 1.2859E-09 1.0862E-09 9.0903E-10 7.5341E-10 6.1881E-10 5.0282E-10 4.0499E-10 3.2133E-10 2.5295E-10 1.9580E-10 1.3986E-10 9.2843E-11 5.7642E-11 1.3381E-11 2.2334E-12 0.0000E+00
1.8204E-09 2.0618E-09 2.3213E-09 2.5984E-09 2.8930E-09 3.2027E-09 3.5243E-09 3.8550E-09 4.1915E-09 4.5292E-09 4.8645E-09 5.1923E-09 5.5072E-09 5.8032E-09 6.0754E-09 6.3184E-09 6.5273E-09 6.6979E-09 6.8263E-09 6.9093E-09 6.9449E-09 6.9312E-09 6.8681E-09 6.7566E-09 6.5985E-09 6.3966E-09 6.1547E-09 5.8774E-09 5.5692E-09 5.2367E-09 4.8857E-09 4.5225E-09 4.1534E-09 3.7839E-09 3.4189E-09 3.0638E-09 2.7234E-09 2.4007E-09 2.0986E-09 1.8184E-09 1.5622E-09 1.3305E-09 1.1228E-09 9.3898E-10 7.7823E-10 6.3909E-10 5.1909E-10 4.1634E-10 3.3219E-10 2.6002E-10 1.9855E-10 1.4115E-10 9.3601E-11 5.6877E-11 1.4551E-11 2.8985E-12 0.0000E+00
1.8115E-09 2.0563E-09 2.3205E-09 2.6046E-09 2.9068E-09 3.2241E-09 3.5550E-09 3.8964E-09 4.2450E-09 4.5966E-09 4.9462E-09 5.2884E-09 5.6174E-09 5.9279E-09 6.2150E-09 6.4730E-09 6.6968E-09 6.8813E-09 7.0218E-09 7.1150E-09 7.1590E-09 7.1518E-09 7.0931E-09 6.9839E-09 6.8253E-09 6.6199E-09 6.3723E-09 6.0874E-09 5.7703E-09 5.4272E-09 5.0643E-09 4.6880E-09 4.3049E-09 3.9211E-09 3.5429E-09 3.1748E-09 2.8205E-09 2.4849E-09 2.1706E-09 1.8803E-09 1.6150E-09 1.3745E-09 1.1599E-09 9.6934E-10 8.0300E-10 6.5824E-10 5.3501E-10 4.2990E-10 3.3982E-10 2.6838E-10 2.0348E-10 1.4315E-10 9.5628E-11 5.8063E-11 1.5475E-11 3.5792E-12 0.0000E+00
1.7947E-09 2.0416E-09 2.3105E-09 2.5999E-09 2.9073E-09 3.2321E-09 3.5726E-09 3.9246E-09 4.2848E-09 4.6482E-09 5.0101E-09 5.3660E-09 5.7107E-09 6.0381E-09 6.3416E-09 6.6150E-09 6.8534E-09 7.0515E-09 7.2048E-09 7.3100E-09 7.3638E-09 7.3637E-09 7.3097E-09 7.2025E-09 7.0441E-09 6.8372E-09 6.5857E-09 6.2941E-09 5.9683E-09 5.6149E-09 5.2406E-09 4.8518E-09 4.4555E-09 4.0583E-09 3.6659E-09 3.2836E-09 2.9171E-09 2.5693E-09 2.2436E-09 1.9423E-09 1.6669E-09 1.4185E-09 1.1960E-09 9.9954E-10 8.2728E-10 6.7860E-10 5.5028E-10 4.4223E-10 3.5169E-10 2.7316E-10 2.0501E-10 1.4470E-10 9.7262E-11 5.9191E-11 1.5506E-11 3.3848E-12 0.0000E+00
1.7686E-09 2.0185E-09 2.2909E-09 2.5835E-09 2.8967E-09 3.2290E-09 3.5771E-09 3.9379E-09 4.3077E-09 4.6829E-09 5.0586E-09 5.4290E-09 5.7882E-09 6.1302E-09 6.4485E-09 6.7374E-09 6.9912E-09 7.2036E-09 7.3699E-09 7.4865E-09 7.5500E-09 7.5583E-09 7.5109E-09 7.4074E-09 7.2499E-09 7.0413E-09 6.7863E-09 6.4896E-09 6.1569E-09 5.7946E-09 5.4097E-09 5.0095E-09 4.6010E-09 4.1909E-09 3.7855E-09 3.3912E-09 3.0120E-09 2.6523E-09 2.3154E-09 2.0037E-09 1.7194E-09 1.4617E-09 1.2320E-09 1.0289E-09 8.5165E-10 6.9742E-10 5.6637E-10 4.5414E-10 3.6004E-10 2.8202E-10 2.0859E-10 1.4690E-10 9.9037E-11 6.1275E-11 1.6215E-11 3.3864E-12 0.0000E+00
1.7361E-09 1.9876E-09 2.2607E-09 2.5569E-09 2.8754E-09 3.2127E-09 3.5673E-09 3.9366E-09 4.3165E-09 4.7032E-09 5.0915E-09 5.4749E-09 5.8484E-09 6.2060E-09 6.5407E-09 6.8458E-09 7.1152E-09 7.3428E-09 7.5237E-09 7.6531E-09 7.7273E-09 7.7446E-09 7.7035E-09 7.6050E-09 7.4503E-09 7.2421E-09 6.9843E-09 6.6825E-09 6.3427E-09 5.9721E-09 5.5779E-09 5.1667E-09 4.7463E-09 4.3240E-09 3.9062E-09 3.4980E-09 3.1061E-09 2.7347E-09 2.3866E-09 2.0651E-09 1.7704E-09 1.5050E-09 1.2676E-09 1.0581E-09 8.7471E-10 7.1710E-10 5.8096E-10 4.6698E-10 3.6989E-10 2.8505E-10 2.1333E-10 1.5183E-10 1.0205E-10 5.9609E-11 1.6727E-11 3.6899E-12 0.0000E+00
1.6967E-09 1.9473E-09 2.2224E-09 2.5221E-09 2.8428E-09 3.1843E-09 3.5453E-09 3.9224E-09 4.3121E-09 4.7085E-09 5.1080E-09 5.5051E-09 5.8933E-09 6.2659E-09 6.6159E-09 6.9367E-09 7.2211E-09 7.4633E-09 7.6579E-09 7.8002E-09 7.8863E-09 7.9138E-09 7.8806E-09 7.7874E-09 7.6361E-09 7.4288E-09 7.1703E-09 6.8657E-09 6.5207E-09 6.1426E-09 5.7389E-09 5.3178E-09 4.8867E-09 4.4526E-09 4.0225E-09 3.6035E-09 3.1999E-09 2.8159E-09 2.4574E-09 2.1248E-09 1.8218E-09 1.5468E-09 1.3029E-09 1.0867E-09 8.9821E-10 7.3474E-10 5.9656E-10 4.7819E-10 3.7778E-10 2.9123E-10 2.1620E-10 1.5389E-10 1.0584E-10 6.2084E-11 1.6326E-11 3.7479E-12 0.0000E+00
1.6504E-09 1.9012E-09 2.1770E-09 2.4764E-09 2.7996E-09 3.1457E-09 3.5127E-09 3.8960E-09 4.2929E-09 4.6999E-09 5.1113E-09 5.5216E-09 5.9231E-09 6.3098E-09 6.6750E-09 7.0117E-09 7.3127E-09 7.5713E-09 7.7811E-09 7.9371E-09 8.0356E-09 8.0732E-09 8.0487E-09 7.9627E-09 7.8156E-09 7.6103E-09 7.3511E-09 7.0435E-09 6.6941E-09 6.3100E-09 5.8986E-09 5.4673E-09 5.0250E-09 4.5798E-09 4.1383E-09 3.7063E-09 3.2905E-09 2.8967E-09 2.5261E-09 2.1846E-09 1.8711E-09 1.5895E-09 1.3367E-09 1.1151E-09 9.2092E-10 7.5367E-10 6.0963E-10 4.9002E-10 3.8545E-10 2.9394E-10 2.2176E-10 1.5933E-10 1.0720E-10 6.3589E-11 1.6623E-11 4.1761E-12 0.0000E+00
1.5990E-09 1.8484E-09 2.1229E-09 2.4229E-09 2.7489E-09 3.0985E-09 3.4684E-09 3.8580E-09 4.2630E-09 4.6799E-09 5.1021E-09 5.5230E-09 5.9394E-09 6.3421E-09 6.7237E-09 7.0765E-09 7.3932E-09 7.6672E-09 7.8917E-09 8.0617E-09 8.1728E-09 8.2217E-09 8.2064E-09 8.1266E-09 7.9840E-09 7.7815E-09 7.5238E-09 7.2149E-09 6.8616E-09 6.4713E-09 6.0519E-09 5.6125E-09 5.1606E-09 4.7036E-09 4.2503E-09 3.8076E-09 3.3811E-09 2.9746E-09 2.5949E-09 2.2420E-09 1.9212E-09 1.6299E-09 1.3712E-09 1.1417E-09 9.4312E-10 7.7126E-10 6.2497E-10 4.9850E-10 3.9147E-10 3.0078E-10 2.2476E-10 1.6254E-10 1.1215E-10 6.3316E-11 1.5977E-11 3.8135E-12 0.0000E+00
1.5433E-09 1.7898E-09 2.0633E-09 2.3644E-09 2.6906E-09 3.0413E-09 3.4159E-09 3.8115E-09 4.2241E-09 4.6491E-09 5.0828E-09 5.5179E-09 5.9473E-09 6.3646E-09 6.7609E-09 7.1289E-09 7.4618E-09 7.7519E-09 7.9924E-09 8.1776E-09 8.3024E-09 8.3633E-09 8.3584E-09 8.2872E-09 8.1503E-09 7.9504E-09 7.6917E-09 7.3800E-09 7.0230E-09 6.6278E-09 6.2022E-09 5.7536E-09 5.2912E-09 4.8244E-09 4.3603E-09 3.9056E-09 3.4676E-09 3.0521E-09 2.6608E-09 2.2993E-09 1.9676E-09 1.6703E-09 1.4036E-09 1.1688E-09 9.6406E-10 7.8801E-10 6.3747E-10 5.0851E-10 3.9635E-10 3.0439E-10 2.3080E-10 1.6792E-10 1.1538E-10 6.3966E-11 1.6391E-11 4.4148E-12 0.0000E+00
1.4829E-09 1.7276E-09 2.0003E-09 2.2999E-09 2.6260E-09 2.9790E-09 3.3573E-09 3.7581E-09 4.1777E-09 4.6125E-09 5.0563E-09 5.5031E-09 5.9447E-09 6.3752E-09 6.7878E-09 7.1729E-09 7.5227E-09 7.8294E-09 8.0857E-09 8.2857E-09 8.4240E-09 8.4968E-09 8.5017E-09 8.4387E-09 8.3074E-09 8.1123E-09 7.8560E-09 7.5442E-09 7.1829E-09 6.7801E-09 6.3464E-09 5.8901E-09 5.4192E-09 4.9417E-09 4.4661E-09 4.0010E-09 3.5521E-09 3.1250E-09 2.7251E-09 2.3539E-09 2.0150E-09 1.7076E-09 1.4352E-09 1.1946E-09 9.8432E-10 8.0426E-10 6.4868E-10 5.1428E-10 4.0351E-10 3.1023E-10 2.3439E-10 1.7209E-10 1.1709E-10 6.5807E-11 1.6790E-11 4.3444E-12 0.0000E+00
1.4219E-09 1.6639E-09 1.9337E-09 2.2306E-09 2.5573E-09 2.9129E-09 3.2941E-09 3.7003E-09 4.1269E-09 4.5693E-09 5.0220E-09 5.4801E-09 5.9373E-09 6.3843E-09 6.8132E-09 7.2153E-09 7.5817E-09 7.9047E-09 8.1771E-09 8.3926E-09 8.5448E-09 8.6301E-09 8.6450E-09 8.5889E-09 8.4639E-09 8.2709E-09 8.0149E-09 7.7005E-09 7.3364E-09 6.9308E-09 6.4892E-09 6.0221E-09 5.5412E-09 5.0543E-09 4.5691E-09 4.0926E-09 3.6330E-09 3.1954E-09 2.7856E-09 2.4058E-09 2.0587E-09 1.7451E-09 1.4645E-09 1.2186E-09 1.0045E-09 8.1830E-10 6.5849E-10 5.2222E-10 4.0823E-10 3.1534E-10 2.3898E-10 1.7559E-10 1.1855E-10 6.5860E-11 1.9158E-11 5.3796E-12 0.0000E+00
1.3594E-09 1.5977E-09 1.8639E-09 2.1605E-09 2.4879E-09 2.8438E-09 3.2283E-09 3.6377E-09 4.0702E-09 4.5219E-09 4.9870E-09 5.4590E-09 5.9297E-09 6.3911E-09 6.8343E-09 7.2527E-09 7.6368E-09 7.9774E-09 8.2665E-09 8.4971E-09 8.6635E-09 8.7607E-09 8.7863E-09 8.7378E-09 8.6165E-09 8.4270E-09 8.1710E-09 7.8568E-09 7.4879E-09 7.0741E-09 6.6263E-09 6.1525E-09 5.6602E-09 5.1619E-09 4.6654E-09 4.1799E-09 3.7098E-09 3.2628E-09 2.8422E-09 2.4546E-09 2.0990E-09 1.7785E-09 1.4933E-09 1.2409E-09 1.0211E-09 8.3020E-10 6.6664E-10 5.2857E-10 4.1500E-10 3.2075E-10 2.4271E-10 1.7857E-10 1.2050E-10 6.6445E-11 1.9925E-11 5.6487E-12 0.0000E+00
1.2967E-09 1.5302E-09 1.7947E-09 2.0903E-09 2.4159E-09 2.7724E-09 3.1590E-09 3.5755E-09 4.0154E-09 4.4765E-09 4.9514E-09 5.4335E-09 5.9173E-09 6.3950E-09 6.8570E-09 7.2935E-09 7.6956E-09 8.0533E-09 8.3586E-09 8.6041E-09 8.7835E-09 8.8923E-09 8.9268E-09 8.8860E-09 8.7705E-09 8.5823E-09 8.3261E-09 8.0058E-09 7.6326E-09 7.2152E-09 6.7593E-09 6.2749E-09 5.7746E-09 5.2657E-09 4.7581E-09 4.2612E-09 3.7813E-09 3.3244E-09 2.8966E-09 2.4983E-09 2.1372E-09 1.8094E-09 1.5182E-09 1.2610E-09 1.0363E-09 8.4058E-10 6.7489E-10 5.3595E-10 4.1986E-10 3.2532E-10 2.4767E-10 1.8126E-10 1.2033E-10 6.9809E-11 2.1591E-11 7.2518E-12 0.0000E+00
1.2326E-09 1.4641E-09 1.7267E-09 2.0189E-09 2.3432E-09 2.7024E-09 3.0930E-09 3.5136E-09 3.9603E-09 4.4279E-09 4.9150E-09 5.4132E-09 5.9146E-09 6.4101E-09 6.8891E-09 7.3429E-09 7.7615E-09 8.1363E-09 8.4582E-09 8.7187E-09 8.9110E-09 9.0300E-09 9.0724E-09 9.0361E-09 8.9245E-09 8.7373E-09 8.4796E-09 8.1590E-09 7.7797E-09 7.3508E-09 6.8846E-09 6.3930E-09 5.8823E-09 5.3631E-09 4.8454E-09 4.3363E-09 3.8473E-09 3.3818E-09 2.9435E-09 2.5407E-09 2.1693E-09 1.8379E-09 1.5408E-09 1.2783E-09 1.0486E-09 8.5110E-10 6.8226E-10 5.4235E-10 4.2654E-10 3.3013E-10 2.5161E-10 1.8308E-10 1.2003E-10 7.0200E-11 2.4595E-11 7.9191E-12 0.0000E+00
1.1708E-09 1.4000E-09 1.6580E-09 1.9473E-09 2.2739E-09 2.6343E-09 3.0278E-09 3.4516E-09 3.9079E-09 4.3888E-09 4.8891E-09 5.4023E-09 5.9179E-09 6.4280E-09 6.9250E-09 7.3976E-09 7.8357E-09 8.2286E-09 8.5672E-09 8.8424E-09 9.0479E-09 9.1774E-09 9.2278E-09 9.1959E-09 9.0841E-09 8.8956E-09 8.6342E-09 8.3059E-09 7.9194E-09 7.4857E-09 7.0116E-09 6.5042E-09 5.9829E-09 5.4539E-09 4.9244E-09 4.4077E-09 3.9061E-09 3.4321E-09 2.9881E-09 2.5747E-09 2.2000E-09 1.8606E-09 1.5590E-09 1.2918E-09 1.0576E-09 8.5821E-10 6.8952E-10 5.4750E-10 4.3049E-10 3.3525E-10 2.5568E-10 1.8415E-10 1.1973E-10 7.1039E-11 2.7089E-11 8.5800E-12 0.0000E+00
1.1127E-09 1.3378E-09 1.5934E-09 1.8856E-09 2.2124E-09 2.5730E-09 2.9719E-09 3.4074E-09 3.8734E-09 4.3668E-09 4.8788E-09 5.4059E-09 5.9416E-09 6.4733E-09 6.9916E-09 7.4854E-09 7.9423E-09 8.3529E-09 8.7070E-09 8.9955E-09 9.2109E-09 9.3477E-09 9.4016E-09 9.3726E-09 9.2608E-09 9.0685E-09 8.7997E-09 8.4621E-09 8.0674E-09 7.6191E-09 7.1302E-09 6.6148E-09 6.0781E-09 5.5365E-09 4.9988E-09 4.4685E-09 3.9608E-09 3.4757E-09 3.0240E-09 2.6070E-09 2.2244E-09 1.8802E-09 1.5723E-09 1.3024E-09 1.0665E-09 8.6501E-10 6.9551E-10 5.5257E-10 4.3503E-10 3.3816E-10 2.5743E-10 1.8478E-10 1.1960E-10 7.1914E-11 2.8610E-11 9.2228E-12 0.0000E+00
