Assets/Resources/2015_m01_d05_0600(utc+0800)_l00_csi_1hr_conc.grd
DSAA
         159         159
     -79.000      79.000
     -79.000      79.000
  0.2071E-09  0.1238E-04
[rows 0 to 24 of 159, columns 57 to 113 of 159]
2.1397E-09 2.0725E-09 1.9964E-09 1.9266E-09 1.8604E-09 1.8040E-09 1.7496E-09 1.7051E-09 1.6526E-09 1.6111E-09 1.5820E-09 1.5622E-09 1.5423E-09 1.5222E-09 1.5017E-09 1.4808E-09 1.4597E-09 1.4381E-09 1.4161E-09 1.3935E-09 1.3704E-09 1.3472E-09 1.3241E-09 1.3010E-09 1.2780E-09 1.2552E-09 1.2324E-09 1.2099E-09 1.1876E-09 1.1655E-09 1.1436E-09 1.1220E-09 1.1006E-09 1.0795E-09 1.0586E-09 1.0380E-09 1.0176E-09 9.9756E-10 9.7776E-10 9.5822E-10 9.3897E-10 9.2000E-10 9.0131E-10 8.8290E-10 8.6478E-10 8.4695E-10 8.2940E-10 8.1214E-10 7.9517E-10 7.7849E-10 7.6210E-10 7.4599E-10 7.3017E-10 7.1464E-10 6.9938E-10 6.8441E-10 6.6972E-10
2.2828E-09 2.2144E-09 2.0954E-09 2.0115E-09 1.9326E-09 1.8622E-09 1.8013E-09 1.7295E-09 1.6877E-09 1.6499E-09 1.6025E-09 1.5825E-09 1.5624E-09 1.5420E-09 1.5212E-09 1.5001E-09 1.4786E-09 1.4567E-09 1.4343E-09 1.4113E-09 1.3879E-09 1.3644E-09 1.3410E-09 1.3176E-09 1.2943E-09 1.2712E-09 1.2482E-09 1.2253E-09 1.2027E-09 1.1803E-09 1.1582E-09 1.1363E-09 1.1146E-09 1.0932E-09 1.0721E-09 1.0512E-09 1.0306E-09 1.0102E-09 9.9016E-10 9.7037E-10 9.5086E-10 9.3164E-10 9.1270E-10 8.9405E-10 8.7569E-10 8.5762E-10 8.3985E-10 8.2236E-10 8.0517E-10 7.8827E-10 7.7166E-10 7.5534E-10 7.3931E-10 7.2357E-10 7.0811E-10 6.9295E-10 6.7806E-10
2.3350E-09 2.2635E-09 2.1883E-09 2.1068E-09 2.0217E-09 1.9340E-09 1.8530E-09 1.7956E-09 1.7430E-09 1.6848E-09 1.6320E-09 1.6026E-09 1.5823E-09 1.5616E-09 1.5405E-09 1.5191E-09 1.4974E-09 1.4751E-09 1.4523E-09 1.4289E-09 1.4052E-09 1.3815E-09 1.3577E-09 1.3341E-09 1.3105E-09 1.2871E-09 1.2637E-09 1.2406E-09 1.2177E-09 1.1951E-09 1.1726E-09 1.1504E-09 1.1285E-09 1.1068E-09 1.0854E-09 1.0643E-09 1.0434E-09 1.0228E-09 1.0025E-09 9.8241E-10 9.6266E-10 9.4319E-10 9.2401E-10 9.0512E-10 8.8653E-10 8.6822E-10 8.5022E-10 8.3251E-10 8.1510E-10 7.9798E-10 7.8115E-10 7.6462E-10 7.4839E-10 7.3244E-10 7.1679E-10 7.0143E-10 6.8635E-10
2.4415E-09 2.3173E-09 2.2341E-09 2.1558E-09 2.0728E-09 1.9873E-09 1.8921E-09 1.8222E-09 1.7676E-09 1.7182E-09 1.6525E-09 1.6225E-09 1.6020E-09 1.5811E-09 1.5597E-09 1.5380E-09 1.5159E-09 1.4933E-09 1.4701E-09 1.4464E-09 1.4224E-09 1.3983E-09 1.3743E-09 1.3504E-09 1.3265E-09 1.3028E-09 1.2792E-09 1.2558E-09 1.2326E-09 1.2096E-09 1.1869E-09 1.1645E-09 1.1423E-09 1.1203E-09 1.0986E-09 1.0772E-09 1.0561E-09 1.0352E-09 1.0146E-09 9.9435E-10 9.7435E-10 9.5464E-10 9.3522E-10 9.1610E-10 8.9727E-10 8.7874E-10 8.6051E-10 8.4258E-10 8.2495E-10 8.0761E-10 7.9058E-10 7.7384E-10 7.5740E-10 7.4126E-10 7.2541E-10 7.0985E-10 6.9458E-10
2.5973E-09 2.5108E-09 2.4225E-09 2.3331E-09 2.2391E-09 2.1472E-09 2.0167E-09 1.9213E-09 1.8287E-09 1.7770E-09 1.7085E-09 1.6774E-09 1.6561E-09 1.6343E-09 1.6121E-09 1.5896E-09 1.5666E-09 1.5430E-09 1.5187E-09 1.4940E-09 1.4690E-09 1.4440E-09 1.4190E-09 1.3940E-09 1.3698E-09 1.3442E-09 1.3188E-09 1.2935E-09 1.2685E-09 1.2437E-09 1.2192E-09 1.1950E-09 1.1710E-09 1.1474E-09 1.1241E-09 1.1011E-09 1.0784E-09 1.0561E-09 1.0342E-09 1.0126E-09 9.8594E-10 9.6599E-10 9.4633E-10 9.2698E-10 9.0792E-10 8.8917E-10 8.7071E-10 8.5256E-10 8.3472E-10 8.1717E-10 7.9993E-10 7.8299E-10 7.6635E-10 7.5000E-10 7.3396E-10 7.1821E-10 7.0276E-10
2.6618E-09 2.5779E-09 2.4825E-09 2.3861E-09 2.2926E-09 2.1989E-09 2.1026E-09 2.0035E-09 1.9110E-09 1.8368E-09 1.7560E-09 1.7093E-09 1.6777E-09 1.6557E-09 1.6332E-09 1.6103E-09 1.5869E-09 1.5629E-09 1.5383E-09 1.5131E-09 1.4878E-09 1.4624E-09 1.4371E-09 1.4126E-09 1.3866E-09 1.3606E-09 1.3349E-09 1.3093E-09 1.2839E-09 1.2588E-09 1.2339E-09 1.2093E-09 1.1850E-09 1.1611E-09 1.1374E-09 1.1141E-09 1.0911E-09 1.0685E-09 1.0463E-09 1.0245E-09 9.9741E-10 9.7722E-10 9.5734E-10 9.3775E-10 9.1847E-10 8.9949E-10 8.8082E-10 8.6246E-10 8.4440E-10 8.2664E-10 8.0920E-10 7.9205E-10 7.7521E-10 7.5868E-10 7.4244E-10 7.2650E-10 7.1087E-10
2.7288E-09 2.6416E-09 2.5454E-09 2.4478E-09 2.3466E-09 2.2478E-09 2.1555E-09 2.0523E-09 1.9618E-09 1.8758E-09 1.7799E-09 1.7316E-09 1.6992E-09 1.6769E-09 1.6541E-09 1.6309E-09 1.6071E-09 1.5827E-09 1.5577E-09 1.5321E-09 1.5065E-09 1.4808E-09 1.4552E-09 1.4296E-09 1.4033E-09 1.3770E-09 1.3508E-09 1.3248E-09 1.2991E-09 1.2736E-09 1.2484E-09 1.2235E-09 1.1989E-09 1.1746E-09 1.1506E-09 1.1270E-09 1.1037E-09 1.0808E-09 1.0583E-09 1.0362E-09 1.0088E-09 9.8834E-10 9.6822E-10 9.4842E-10 9.2891E-10 9.0972E-10 8.9083E-10 8.7226E-10 8.5399E-10 8.3603E-10 8.1838E-10 8.0104E-10 7.8400E-10 7.6727E-10 7.5085E-10 7.3473E-10 7.1891E-10
2.8239E-09 2.7325E-09 2.6313E-09 2.5281E-09 2.4031E-09 2.3025E-09 2.2003E-09 2.1031E-09 2.0101E-09 1.9183E-09 1.8156E-09 1.7538E-09 1.7206E-09 1.6980E-09 1.6749E-09 1.6514E-09 1.6272E-09 1.6024E-09 1.5769E-09 1.5510E-09 1.5251E-09 1.4991E-09 1.4733E-09 1.4465E-09 1.4198E-09 1.3931E-09 1.3666E-09 1.3403E-09 1.3142E-09 1.2884E-09 1.2628E-09 1.2376E-09 1.2126E-09 1.1880E-09 1.1637E-09 1.1397E-09 1.1162E-09 1.0930E-09 1.0702E-09 1.0409E-09 1.0200E-09 9.9933E-10 9.7899E-10 9.5896E-10 9.3924E-10 9.1983E-10 9.0073E-10 8.8195E-10 8.6348E-10 8.4532E-10 8.2747E-10 8.0993E-10 7.9270E-10 7.7579E-10 7.5917E-10 7.4287E-10 7.2687E-10
2.8977E-09 2.8027E-09 2.6971E-09 2.5894E-09 2.4806E-09 2.3734E-09 2.2705E-09 2.1637E-09 2.0680E-09 1.9718E-09 1.8599E-09 1.7879E-09 1.7419E-09 1.7189E-09 1.6956E-09 1.6717E-09 1.6471E-09 1.6219E-09 1.5960E-09 1.5698E-09 1.5435E-09 1.5175E-09 1.4904E-09 1.4632E-09 1.4362E-09 1.4091E-09 1.3823E-09 1.3556E-09 1.3291E-09 1.3030E-09 1.2771E-09 1.2514E-09 1.2262E-09 1.2012E-09 1.1766E-09 1.1523E-09 1.1284E-09 1.1050E-09 1.0819E-09 1.0522E-09 1.0310E-09 1.0102E-09 9.8963E-10 9.6938E-10 9.4945E-10 9.2983E-10 9.1052E-10 8.9153E-10 8.7286E-10 8.5450E-10 8.3646E-10 8.1873E-10 8.0131E-10 7.8421E-10 7.6742E-10 7.5093E-10 7.3476E-10
2.9786E-09 2.8758E-09 2.7657E-09 2.6532E-09 2.5393E-09 2.4271E-09 2.3192E-09 2.2102E-09 2.1149E-09 2.0185E-09 1.9011E-09 1.8268E-09 1.7768E-09 1.7397E-09 1.7161E-09 1.6918E-09 1.6669E-09 1.6412E-09 1.6149E-09 1.5884E-09 1.5622E-09 1.5348E-09 1.5073E-09 1.4798E-09 1.4524E-09 1.4250E-09 1.3977E-09 1.3707E-09 1.3439E-09 1.3174E-09 1.2911E-09 1.2652E-09 1.2395E-09 1.2143E-09 1.1893E-09 1.1647E-09 1.1406E-09 1.1168E-09 1.0934E-09 1.0634E-09 1.0420E-09 1.0209E-09 1.0001E-09 9.7967E-10 9.5952E-10 9.3970E-10 9.2019E-10 9.0100E-10 8.8213E-10 8.6358E-10 8.4534E-10 8.2743E-10 8.0983E-10 7.9254E-10 7.7557E-10 7.5891E-10 7.4256E-10
3.0919E-09 2.9801E-09 2.8643E-09 2.7454E-09 2.6246E-09 2.5050E-09 2.3696E-09 2.2551E-09 2.1558E-09 2.0634E-09 1.9406E-09 1.8630E-09 1.8092E-09 1.7742E-09 1.7364E-09 1.7118E-09 1.6865E-09 1.6604E-09 1.6337E-09 1.6074E-09 1.5797E-09 1.5519E-09 1.5241E-09 1.4962E-09 1.4684E-09 1.4407E-09 1.4131E-09 1.3857E-09 1.3585E-09 1.3316E-09 1.3050E-09 1.2787E-09 1.2528E-09 1.2271E-09 1.2019E-09 1.1770E-09 1.1525E-09 1.1285E-09 1.1048E-09 1.0744E-09 1.0528E-09 1.0315E-09 1.0105E-09 9.8981E-10 9.6947E-10 9.4944E-10 9.2973E-10 9.1035E-10 8.9129E-10 8.7254E-10 8.5412E-10 8.3602E-10 8.1824E-10 8.0077E-10 7.8362E-10 7.6679E-10 7.5027E-10
3.2088E-09 3.0918E-09 2.9704E-09 2.8450E-09 2.7171E-09 2.5900E-09 2.4667E-09 2.3414E-09 2.2315E-09 2.1295E-09 2.0060E-09 1.9078E-09 1.8406E-09 1.8013E-09 1.7686E-09 1.7315E-09 1.7058E-09 1.6793E-09 1.6529E-09 1.6250E-09 1.5970E-09 1.5689E-09 1.5407E-09 1.5125E-09 1.4843E-09 1.4562E-09 1.4282E-09 1.4005E-09 1.3729E-09 1.3457E-09 1.3188E-09 1.2921E-09 1.2658E-09 1.2399E-09 1.2143E-09 1.1891E-09 1.1643E-09 1.1399E-09 1.1160E-09 1.0852E-09 1.0634E-09 1.0419E-09 1.0207E-09 9.9981E-10 9.7927E-10 9.5905E-10 9.3915E-10 9.1957E-10 9.0032E-10 8.8139E-10 8.6278E-10 8.4450E-10 8.2654E-10 8.0890E-10 7.9158E-10 7.7458E-10 7.5789E-10
3.2995E-09 3.1778E-09 3.0511E-09 2.9202E-09 2.7863E-09 2.6529E-09 2.5234E-09 2.3916E-09 2.2760E-09 2.1685E-09 2.0397E-09 1.9574E-09 1.8880E-09 1.8319E-09 1.7967E-09 1.7582E-09 1.7250E-09 1.6987E-09 1.6707E-09 1.6425E-09 1.6142E-09 1.5857E-09 1.5571E-09 1.5285E-09 1.5000E-09 1.4715E-09 1.4432E-09 1.4151E-09 1.3872E-09 1.3596E-09 1.3323E-09 1.3053E-09 1.2787E-09 1.2524E-09 1.2265E-09 1.2010E-09 1.1759E-09 1.1513E-09 1.1271E-09 1.0958E-09 1.0738E-09 1.0521E-09 1.0307E-09 1.0097E-09 9.8892E-10 9.6851E-10 9.4842E-10 9.2865E-10 9.0922E-10 8.9011E-10 8.7132E-10 8.5287E-10 8.3473E-10 8.1692E-10 7.9943E-10 7.8227E-10 7.6542E-10
3.3944E-09 3.2677E-09 3.1355E-09 2.9987E-09 2.8585E-09 2.7185E-09 2.5825E-09 2.4437E-09 2.3219E-09 2.2097E-09 2.0741E-09 1.9915E-09 1.9287E-09 1.8625E-09 1.8265E-09 1.7888E-09 1.7515E-09 1.7167E-09 1.6883E-09 1.6598E-09 1.6311E-09 1.6023E-09 1.5734E-09 1.5444E-09 1.5155E-09 1.4866E-09 1.4579E-09 1.4295E-09 1.4012E-09 1.3733E-09 1.3456E-09 1.3183E-09 1.2913E-09 1.2647E-09 1.2385E-09 1.2127E-09 1.1873E-09 1.1624E-09 1.1379E-09 1.1063E-09 1.0841E-09 1.0622E-09 1.0406E-09 1.0194E-09 9.9842E-10 9.7782E-10 9.5755E-10 9.3760E-10 9.1799E-10 8.9870E-10 8.7974E-10 8.6111E-10 8.4281E-10 8.2483E-10 8.0718E-10 7.8985E-10 7.7284E-10
3.4937E-09 3.3618E-09 3.2239E-09 3.0808E-09 2.9339E-09 2.7870E-09 2.6439E-09 2.5022E-09 2.3694E-09 2.2510E-09 2.1082E-09 2.0215E-09 1.9617E-09 1.8961E-09 1.8538E-09 1.8164E-09 1.7792E-09 1.7378E-09 1.7058E-09 1.6769E-09 1.6479E-09 1.6187E-09 1.5894E-09 1.5601E-09 1.5308E-09 1.5016E-09 1.4725E-09 1.4437E-09 1.4151E-09 1.3868E-09 1.3588E-09 1.3311E-09 1.3038E-09 1.2768E-09 1.2503E-09 1.2242E-09 1.1985E-09 1.1733E-09 1.1486E-09 1.1166E-09 1.0942E-09 1.0721E-09 1.0503E-09 1.0289E-09 1.0078E-09 9.8698E-10 9.6653E-10 9.4640E-10 9.2661E-10 9.0715E-10 8.8802E-10 8.6923E-10 8.5076E-10 8.3262E-10 8.1481E-10 7.9732E-10 7.8015E-10
3.6004E-09 3.4640E-09 3.3205E-09 3.1704E-09 3.0198E-09 2.8585E-09 2.7080E-09 2.5632E-09 2.4186E-09 2.2936E-09 2.1439E-09 2.0530E-09 1.9905E-09 1.9295E-09 1.8843E-09 1.8445E-09 1.8068E-09 1.7681E-09 1.7231E-09 1.6939E-09 1.6645E-09 1.6350E-09 1.6053E-09 1.5756E-09 1.5459E-09 1.5163E-09 1.4869E-09 1.4577E-09 1.4287E-09 1.4001E-09 1.3717E-09 1.3437E-09 1.3160E-09 1.2888E-09 1.2619E-09 1.2355E-09 1.2095E-09 1.1840E-09 1.1590E-09 1.1267E-09 1.1041E-09 1.0818E-09 1.0599E-09 1.0382E-09 1.0169E-09 9.9598E-10 9.7535E-10 9.5506E-10 9.3509E-10 9.1547E-10 8.9617E-10 8.7721E-10 8.5858E-10 8.4028E-10 8.2232E-10 8.0467E-10 7.8736E-10
3.7118E-09 3.5694E-09 3.4196E-09 3.2630E-09 3.1065E-09 2.9442E-09 2.7807E-09 2.6279E-09 2.4750E-09 2.3429E-09 2.1848E-09 2.0901E-09 2.0240E-09 1.9598E-09 1.9156E-09 1.8725E-09 1.8334E-09 1.7933E-09 1.7492E-09 1.7106E-09 1.6809E-09 1.6510E-09 1.6210E-09 1.5909E-09 1.5608E-09 1.5309E-09 1.5011E-09 1.4715E-09 1.4422E-09 1.4132E-09 1.3844E-09 1.3561E-09 1.3281E-09 1.3004E-09 1.2733E-09 1.2465E-09 1.2203E-09 1.1945E-09 1.1597E-09 1.1366E-09 1.1138E-09 1.0913E-09 1.0692E-09 1.0474E-09 1.0259E-09 1.0048E-09 9.8401E-10 9.6355E-10 9.4343E-10 9.2363E-10 9.0418E-10 8.8506E-10 8.6627E-10 8.4782E-10 8.2970E-10 8.1191E-10 7.9445E-10
3.8311E-09 3.6824E-09 3.5269E-09 3.3634E-09 3.2049E-09 3.0295E-09 2.8575E-09 2.6961E-09 2.5333E-09 2.3890E-09 2.2220E-09 2.1225E-09 2.0551E-09 1.9926E-09 1.9508E-09 1.9040E-09 1.8640E-09 1.8176E-09 1.7764E-09 1.7326E-09 1.6971E-09 1.6669E-09 1.6365E-09 1.6060E-09 1.5756E-09 1.5452E-09 1.5151E-09 1.4851E-09 1.4554E-09 1.4260E-09 1.3969E-09 1.3682E-09 1.3399E-09 1.3119E-09 1.2844E-09 1.2574E-09 1.2308E-09 1.2048E-09 1.1696E-09 1.1463E-09 1.1233E-09 1.1007E-09 1.0784E-09 1.0564E-09 1.0348E-09 1.0135E-09 9.9251E-10 9.7189E-10 9.5160E-10 9.3165E-10 9.1204E-10 8.9277E-10 8.7383E-10 8.5523E-10 8.3696E-10 8.1902E-10 8.0141E-10
3.9548E-09 3.8006E-09 3.6375E-09 3.4661E-09 3.2995E-09 3.1198E-09 2.9330E-09 2.7626E-09 2.5916E-09 2.4433E-09 2.2665E-09 2.1626E-09 2.0910E-09 2.0270E-09 1.9852E-09 1.9338E-09 1.8877E-09 1.8495E-09 1.8058E-09 1.7672E-09 1.7168E-09 1.6826E-09 1.6518E-09 1.6209E-09 1.5901E-09 1.5594E-09 1.5288E-09 1.4985E-09 1.4684E-09 1.4387E-09 1.4092E-09 1.3801E-09 1.3514E-09 1.3232E-09 1.2953E-09 1.2680E-09 1.2412E-09 1.2148E-09 1.1792E-09 1.1558E-09 1.1326E-09 1.1098E-09 1.0873E-09 1.0652E-09 1.0434E-09 1.0220E-09 1.0008E-09 9.8005E-10 9.5961E-10 9.3951E-10 9.1975E-10 9.0033E-10 8.8124E-10 8.6250E-10 8.4408E-10 8.2601E-10 8.0826E-10
4.0839E-09 3.9228E-09 3.7524E-09 3.5730E-09 3.3983E-09 3.2094E-09 3.0124E-09 2.8324E-09 2.6513E-09 2.4941E-09 2.3069E-09 2.1976E-09 2.1231E-09 2.0622E-09 2.0140E-09 1.9699E-09 1.9202E-09 1.8781E-09 1.8339E-09 1.7899E-09 1.7455E-09 1.7032E-09 1.6682E-09 1.6357E-09 1.6044E-09 1.5733E-09 1.5424E-09 1.5117E-09 1.4812E-09 1.4511E-09 1.4213E-09 1.3918E-09 1.3628E-09 1.3341E-09 1.3060E-09 1.2784E-09 1.2512E-09 1.2247E-09 1.1886E-09 1.1650E-09 1.1417E-09 1.1187E-09 1.0961E-09 1.0738E-09 1.0519E-09 1.0303E-09 1.0090E-09 9.8805E-10 9.6746E-10 9.4721E-10 9.2730E-10 9.0774E-10 8.8851E-10 8.6962E-10 8.5107E-10 8.3286E-10 8.1498E-10
4.2265E-09 4.0597E-09 3.8833E-09 3.6971E-09 3.5150E-09 3.3174E-09 3.1097E-09 2.9194E-09 2.7273E-09 2.5601E-09 2.3564E-09 2.2399E-09 2.1625E-09 2.0969E-09 2.0424E-09 1.9990E-09 1.9506E-09 1.9025E-09 1.8625E-09 1.8199E-09 1.7784E-09 1.7248E-09 1.6874E-09 1.6554E-09 1.6234E-09 1.5870E-09 1.5557E-09 1.5246E-09 1.4938E-09 1.4633E-09 1.4331E-09 1.4032E-09 1.3738E-09 1.3449E-09 1.3164E-09 1.2885E-09 1.2611E-09 1.2342E-09 1.1978E-09 1.1740E-09 1.1506E-09 1.1275E-09 1.1047E-09 1.0822E-09 1.0601E-09 1.0384E-09 1.0169E-09 9.9587E-10 9.7513E-10 9.5474E-10 9.3470E-10 9.1499E-10 8.9563E-10 8.7660E-10 8.5792E-10 8.3957E-10 8.2156E-10
4.3750E-09 4.2054E-09 4.0248E-09 3.8307E-09 3.6396E-09 3.4314E-09 3.2122E-09 3.0094E-09 2.8099E-09 2.6264E-09 2.4133E-09 2.2850E-09 2.2035E-09 2.1364E-09 2.0848E-09 2.0351E-09 1.9867E-09 1.9351E-09 1.8877E-09 1.8456E-09 1.8027E-09 1.7571E-09 1.7105E-09 1.6744E-09 1.6382E-09 1.6059E-09 1.5737E-09 1.5374E-09 1.5061E-09 1.4752E-09 1.4446E-09 1.4144E-09 1.3847E-09 1.3554E-09 1.3266E-09 1.2983E-09 1.2706E-09 1.2435E-09 1.2068E-09 1.1828E-09 1.1592E-09 1.1360E-09 1.1130E-09 1.0904E-09 1.0682E-09 1.0463E-09 1.0247E-09 1.0035E-09 9.8263E-10 9.6211E-10 9.4192E-10 9.2209E-10 9.0259E-10 8.8344E-10 8.6462E-10 8.4615E-10 8.2801E-10
4.5447E-09 4.3643E-09 4.1720E-09 3.9687E-09 3.7686E-09 3.5494E-09 3.3170E-09 3.1028E-09 2.8986E-09 2.7033E-09 2.4734E-09 2.3438E-09 2.2574E-09 2.1877E-09 2.1324E-09 2.0857E-09 2.0311E-09 1.9719E-09 1.9236E-09 1.8754E-09 1.8339E-09 1.7812E-09 1.7329E-09 1.6921E-09 1.6587E-09 1.6254E-09 1.5875E-09 1.5551E-09 1.5214E-09 1.4869E-09 1.4559E-09 1.4254E-09 1.3953E-09 1.3656E-09 1.3365E-09 1.3079E-09 1.2800E-09 1.2526E-09 1.2155E-09 1.1914E-09 1.1676E-09 1.1442E-09 1.1212E-09 1.0984E-09 1.0760E-09 1.0540E-09 1.0323E-09 1.0110E-09 9.8995E-10 9.6929E-10 9.4898E-10 9.2902E-10 9.0939E-10 8.9011E-10 8.7118E-10 8.5258E-10 8.3432E-10
4.7226E-09 4.5390E-09 4.3400E-09 4.1272E-09 3.9160E-09 3.6849E-09 3.4406E-09 3.2142E-09 2.9967E-09 2.7919E-09 2.5356E-09 2.3981E-09 2.3068E-09 2.2334E-09 2.1763E-09 2.1200E-09 2.0723E-09 2.0200E-09 1.9687E-09 1.9224E-09 1.8650E-09 1.8183E-09 1.7646E-09 1.7145E-09 1.6743E-09 1.6405E-09 1.6069E-09 1.5727E-09 1.5357E-09 1.5035E-09 1.4670E-09 1.4361E-09 1.4056E-09 1.3756E-09 1.3461E-09 1.3173E-09 1.2890E-09 1.2614E-09 1.2239E-09 1.1997E-09 1.1758E-09 1.1523E-09 1.1291E-09 1.1062E-09 1.0837E-09 1.0615E-09 1.0397E-09 1.0182E-09 9.9709E-10 9.7630E-10 9.5587E-10 9.3578E-10 9.1603E-10 8.9663E-10 8.7758E-10 8.5886E-10 8.4049E-10
4.9087E-09 4.7210E-09 4.5171E-09 4.2962E-09 4.0751E-09 3.8314E-09 3.5736E-09 3.3331E-09 3.1035E-09 2.8887E-09 2.6166E-09 2.4686E-09 2.3674E-09 2.2857E-09 2.2247E-09 2.1662E-09 2.1144E-09 2.0644E-09 2.0084E-09 1.9527E-09 1.9070E-09 1.8620E-09 1.8132E-09 1.7495E-09 1.6967E-09 1.6617E-09 1.6214E-09 1.5875E-09 1.5539E-09 1.5166E-09 1.4832E-09 1.4513E-09 1.4156E-09 1.3853E-09 1.3555E-09 1.3263E-09 1.2978E-09 1.2699E-09 1.2321E-09 1.2078E-09 1.1838E-09 1.1601E-09 1.1368E-09 1.1138E-09 1.0911E-09 1.0688E-09 1.0469E-09 1.0253E-09 1.0040E-09 9.8313E-10 9.6257E-10 9.4237E-10 9.2251E-10 9.0299E-10 8.8382E-10 8.6500E-10 8.4651E-10
