Assets/Resources/2015_m01_d04_2300(utc+0800)_l00_csi_1hr_conc.grd
DSAA
         159         159
     -79.000      79.000
     -79.000      79.000
  0.1373E-09  0.6355E-05
[rows 75 to 99 of 159, columns 0 to 56 of 159]
2.4706E-09 2.5402E-09 2.6149E-09 2.6856E-09 2.7572E-09 2.8291E-09 2.8964E-09 2.9601E-09 3.0215E-09 3.0849E-09 3.1428E-09 3.2054E-09 3.2595E-09 3.3125E-09 3.3651E-09 3.4157E-09 3.4689E-09 3.5152E-09 3.5693E-09 3.6152E-09 3.6666E-09 3.7104E-09 3.7603E-09 3.8141E-09 3.8722E-09 3.9177E-09 3.9725E-09 4.0406E-09 4.1160E-09 4.1716E-09 4.2636E-09 4.3640E-09 4.4660E-09 4.5788E-09 4.7086E-09 4.8385E-09 4.9837E-09 5.1599E-09 5.3315E-09 5.5217E-09 5.7848E-09 6.0761E-09 6.3954E-09 6.7832E-09 7.5258E-09 8.1291E-09 9.0655E-09 9.8552E-09 1.0731E-08 1.1734E-08 1.2850E-08 1.4129E-08 1.5577E-08 1.7198E-08 1.9047E-08 2.1069E-08 2.3320E-08
2.2232E-09 2.2862E-09 2.3574E-09 2.4216E-09 2.4882E-09 2.5531E-09 2.6155E-09 2.6739E-09 2.7305E-09 2.7885E-09 2.8417E-09 2.8954E-09 2.9505E-09 3.0001E-09 3.0546E-09 3.1010E-09 3.1513E-09 3.1973E-09 3.2463E-09 3.2930E-09 3.3431E-09 3.3943E-09 3.4415E-09 3.4851E-09 3.5316E-09 3.5878E-09 3.6469E-09 3.7058E-09 3.7711E-09 3.8473E-09 3.9339E-09 4.0312E-09 4.1214E-09 4.2277E-09 4.3514E-09 4.4836E-09 4.6225E-09 4.7871E-09 4.9517E-09 5.1269E-09 5.3250E-09 5.5958E-09 5.9516E-09 6.3184E-09 7.0343E-09 7.6049E-09 8.5008E-09 9.2406E-09 1.0054E-08 1.0996E-08 1.2046E-08 1.3235E-08 1.4615E-08 1.6140E-08 1.7873E-08 1.9773E-08 2.1940E-08
1.9975E-09 2.0644E-09 2.1232E-09 2.1804E-09 2.2382E-09 2.2969E-09 2.3525E-09 2.4068E-09 2.4593E-09 2.5111E-09 2.5638E-09 2.6122E-09 2.6663E-09 2.7125E-09 2.7641E-09 2.8091E-09 2.8577E-09 2.9035E-09 2.9486E-09 2.9871E-09 3.0317E-09 3.0746E-09 3.1220E-09 3.1756E-09 3.2298E-09 3.2769E-09 3.3257E-09 3.3957E-09 3.4704E-09 3.5448E-09 3.6212E-09 3.7122E-09 3.8139E-09 3.9167E-09 4.0282E-09 4.1579E-09 4.2870E-09 4.4262E-09 4.5914E-09 4.7541E-09 4.9437E-09 5.1909E-09 5.4342E-09 5.8143E-09 6.4936E-09 7.0957E-09 7.9363E-09 8.6199E-09 9.3755E-09 1.0254E-08 1.1234E-08 1.2346E-08 1.3631E-08 1.5048E-08 1.6672E-08 1.8479E-08 2.0489E-08
1.7971E-09 1.8484E-09 1.9007E-09 1.9512E-09 2.0136E-09 2.0674E-09 2.1161E-09 2.1777E-09 2.2251E-09 2.2713E-09 2.3195E-09 2.3637E-09 2.4106E-09 2.4453E-09 2.4889E-09 2.5362E-09 2.5778E-09 2.6163E-09 2.6589E-09 2.7106E-09 2.7551E-09 2.8078E-09 2.8465E-09 2.8866E-09 2.9447E-09 3.0063E-09 3.0659E-09 3.1327E-09 3.1979E-09 3.2708E-09 3.3477E-09 3.4363E-09 3.5288E-09 3.6222E-09 3.7254E-09 3.8456E-09 3.9625E-09 4.0880E-09 4.2465E-09 4.4018E-09 4.5686E-09 4.7577E-09 5.0283E-09 5.3983E-09 6.0401E-09 6.5181E-09 7.3824E-09 8.0118E-09 8.7097E-09 9.5238E-09 1.0432E-08 1.1458E-08 1.2647E-08 1.3969E-08 1.5472E-08 1.7153E-08 1.9061E-08
1.6233E-09 1.6798E-09 1.7266E-09 1.7702E-09 1.8153E-09 1.8645E-09 1.9078E-09 1.9522E-09 1.9959E-09 2.0382E-09 2.0808E-09 2.1250E-09 2.1659E-09 2.2137E-09 2.2553E-09 2.3039E-09 2.3462E-09 2.3941E-09 2.4382E-09 2.4748E-09 2.5227E-09 2.5583E-09 2.6128E-09 2.6613E-09 2.7164E-09 2.7739E-09 2.8261E-09 2.8809E-09 2.9492E-09 3.0220E-09 3.0904E-09 3.1658E-09 3.2541E-09 3.3446E-09 3.4363E-09 3.5387E-09 3.6579E-09 3.7794E-09 3.9199E-09 4.0685E-09 4.2303E-09 4.4152E-09 4.6053E-09 4.9406E-09 5.5475E-09 6.0063E-09 6.8521E-09 7.4248E-09 8.0666E-09 8.7944E-09 9.6465E-09 1.0590E-08 1.1691E-08 1.2876E-08 1.4229E-08 1.5787E-08 1.7519E-08
1.4480E-09 1.4846E-09 1.5344E-09 1.5769E-09 1.6360E-09 1.6849E-09 1.7369E-09 1.7775E-09 1.8276E-09 1.8681E-09 1.9083E-09 1.9511E-09 1.9903E-09 2.0219E-09 2.0645E-09 2.1049E-09 2.1387E-09 2.1787E-09 2.2258E-09 2.2656E-09 2.3145E-09 2.3563E-09 2.4078E-09 2.4495E-09 2.4946E-09 2.5469E-09 2.6045E-09 2.6598E-09 2.7206E-09 2.7828E-09 2.8511E-09 2.9208E-09 2.9969E-09 3.0821E-09 3.1656E-09 3.2612E-09 3.3807E-09 3.4954E-09 3.6227E-09 3.7791E-09 3.9291E-09 4.0991E-09 4.2774E-09 4.5870E-09 5.1563E-09 5.4971E-09 6.2662E-09 6.8722E-09 7.4597E-09 8.1233E-09 8.9011E-09 9.7361E-09 1.0684E-08 1.1796E-08 1.3026E-08 1.4432E-08 1.5969E-08
1.3209E-09 1.3596E-09 1.4037E-09 1.4411E-09 1.4800E-09 1.5241E-09 1.5666E-09 1.6107E-09 1.6526E-09 1.6950E-09 1.7307E-09 1.7663E-09 1.8079E-09 1.8429E-09 1.8845E-09 1.9241E-09 1.9658E-09 2.0025E-09 2.0442E-09 2.0827E-09 2.1245E-09 2.1717E-09 2.2102E-09 2.2600E-09 2.3046E-09 2.3528E-09 2.4037E-09 2.4570E-09 2.5100E-09 2.5660E-09 2.6259E-09 2.6864E-09 2.7549E-09 2.8448E-09 2.9318E-09 3.0277E-09 3.1388E-09 3.2587E-09 3.3789E-09 3.5240E-09 3.6670E-09 3.8181E-09 3.9947E-09 4.2182E-09 4.7372E-09 5.1181E-09 5.8203E-09 6.2655E-09 6.8943E-09 7.4725E-09 8.1494E-09 8.9073E-09 9.7503E-09 1.0750E-08 1.1809E-08 1.3027E-08 1.4419E-08
1.2197E-09 1.2504E-09 1.2917E-09 1.3262E-09 1.3594E-09 1.3957E-09 1.4383E-09 1.4739E-09 1.5100E-09 1.5434E-09 1.5884E-09 1.6233E-09 1.6671E-09 1.6996E-09 1.7340E-09 1.7711E-09 1.8041E-09 1.8389E-09 1.8762E-09 1.9173E-09 1.9560E-09 2.0004E-09 2.0348E-09 2.0873E-09 2.1349E-09 2.1708E-09 2.2107E-09 2.2516E-09 2.3027E-09 2.3680E-09 2.4303E-09 2.5039E-09 2.5784E-09 2.6649E-09 2.7582E-09 2.8504E-09 2.9528E-09 3.0669E-09 3.1821E-09 3.3021E-09 3.4488E-09 3.5877E-09 3.7485E-09 3.9226E-09 4.4304E-09 4.6899E-09 5.2832E-09 5.7835E-09 6.2967E-09 6.8441E-09 7.4179E-09 8.0917E-09 8.8401E-09 9.6961E-09 1.0636E-08 1.1694E-08 1.2934E-08
1.1391E-09 1.1628E-09 1.1942E-09 1.2264E-09 1.2564E-09 1.2884E-09 1.3231E-09 1.3550E-09 1.3826E-09 1.4192E-09 1.4526E-09 1.4836E-09 1.5113E-09 1.5423E-09 1.5705E-09 1.6091E-09 1.6364E-09 1.6747E-09 1.7160E-09 1.7487E-09 1.7750E-09 1.8135E-09 1.8587E-09 1.9020E-09 1.9535E-09 2.0003E-09 2.0548E-09 2.1153E-09 2.1725E-09 2.2396E-09 2.3084E-09 2.3815E-09 2.4527E-09 2.5299E-09 2.6173E-09 2.7065E-09 2.7967E-09 2.9000E-09 3.0101E-09 3.1183E-09 3.2447E-09 3.3765E-09 3.5154E-09 3.6775E-09 4.0385E-09 4.3583E-09 4.8416E-09 5.1515E-09 5.6697E-09 6.2258E-09 6.7174E-09 7.3399E-09 7.9694E-09 8.6820E-09 9.5252E-09 1.0451E-08 1.1624E-08
1.0700E-09 1.0934E-09 1.1166E-09 1.1409E-09 1.1685E-09 1.1937E-09 1.2167E-09 1.2502E-09 1.2796E-09 1.3038E-09 1.3331E-09 1.3627E-09 1.3883E-09 1.4183E-09 1.4534E-09 1.4882E-09 1.5236E-09 1.5644E-09 1.6029E-09 1.6363E-09 1.6776E-09 1.7189E-09 1.7680E-09 1.8101E-09 1.8632E-09 1.9104E-09 1.9628E-09 2.0157E-09 2.0811E-09 2.1361E-09 2.1973E-09 2.2617E-09 2.3317E-09 2.4004E-09 2.4796E-09 2.5683E-09 2.6507E-09 2.7367E-09 2.8359E-09 2.9375E-09 3.0405E-09 3.1559E-09 3.2891E-09 3.4207E-09 3.7163E-09 3.8858E-09 4.3482E-09 4.7247E-09 5.0410E-09 5.5497E-09 6.1101E-09 6.5870E-09 7.1523E-09 7.7658E-09 8.4881E-09 9.2938E-09 1.0258E-08
1.0252E-09 1.0444E-09 1.0658E-09 1.0855E-09 1.1062E-09 1.1371E-09 1.1640E-09 1.1868E-09 1.2137E-09 1.2386E-09 1.2653E-09 1.2951E-09 1.3236E-09 1.3593E-09 1.3881E-09 1.4260E-09 1.4630E-09 1.5028E-09 1.5412E-09 1.5783E-09 1.6123E-09 1.6630E-09 1.6997E-09 1.7443E-09 1.7838E-09 1.8335E-09 1.8811E-09 1.9354E-09 1.9854E-09 2.0434E-09 2.0965E-09 2.1622E-09 2.2212E-09 2.2904E-09 2.3562E-09 2.4327E-09 2.5138E-09 2.5915E-09 2.6694E-09 2.7646E-09 2.8588E-09 2.9332E-09 3.0088E-09 3.1492E-09 3.4435E-09 3.6093E-09 3.9354E-09 4.1978E-09 4.5182E-09 4.9199E-09 5.4165E-09 5.9253E-09 6.3998E-09 6.9247E-09 7.5168E-09 8.2883E-09 8.9996E-09
9.8515E-10 1.0031E-09 1.0215E-09 1.0416E-09 1.0723E-09 1.1006E-09 1.1308E-09 1.1525E-09 1.1762E-09 1.2065E-09 1.2365E-09 1.2605E-09 1.2903E-09 1.3179E-09 1.3429E-09 1.3777E-09 1.4099E-09 1.4412E-09 1.4842E-09 1.5207E-09 1.5541E-09 1.5986E-09 1.6355E-09 1.6735E-09 1.7206E-09 1.7634E-09 1.8114E-09 1.8532E-09 1.9021E-09 1.9545E-09 2.0091E-09 2.0601E-09 2.1200E-09 2.1766E-09 2.2340E-09 2.2936E-09 2.3585E-09 2.4270E-09 2.4944E-09 2.5524E-09 2.6251E-09 2.7242E-09 2.8240E-09 2.9253E-09 3.2065E-09 3.3395E-09 3.6492E-09 3.8268E-09 4.0849E-09 4.3879E-09 4.7290E-09 5.2134E-09 5.7018E-09 6.1543E-09 6.7243E-09 7.2603E-09 7.8485E-09
9.6245E-10 9.8176E-10 9.9923E-10 1.0182E-09 1.0391E-09 1.0575E-09 1.0925E-09 1.1259E-09 1.1531E-09 1.1823E-09 1.2066E-09 1.2297E-09 1.2596E-09 1.2848E-09 1.3145E-09 1.3388E-09 1.3691E-09 1.4007E-09 1.4320E-09 1.4632E-09 1.4967E-09 1.5339E-09 1.5704E-09 1.6099E-09 1.6495E-09 1.6867E-09 1.7251E-09 1.7714E-09 1.8176E-09 1.8654E-09 1.9098E-09 1.9628E-09 2.0117E-09 2.0570E-09 2.1186E-09 2.1575E-09 2.2090E-09 2.2545E-09 2.3279E-09 2.4001E-09 2.4750E-09 2.5557E-09 2.6571E-09 2.7588E-09 2.9908E-09 3.1440E-09 3.3950E-09 3.5314E-09 3.7069E-09 3.9303E-09 4.2888E-09 4.6041E-09 4.9735E-09 5.4508E-09 5.9157E-09 6.3343E-09 6.8121E-09
9.5631E-10 9.7345E-10 9.9074E-10 1.0082E-09 1.0279E-09 1.0481E-09 1.0670E-09 1.0927E-09 1.1127E-09 1.1451E-09 1.1673E-09 1.2026E-09 1.2305E-09 1.2544E-09 1.2843E-09 1.3074E-09 1.3307E-09 1.3579E-09 1.3821E-09 1.4164E-09 1.4508E-09 1.4836E-09 1.5135E-09 1.5490E-09 1.5849E-09 1.6238E-09 1.6590E-09 1.6976E-09 1.7419E-09 1.7752E-09 1.8102E-09 1.8484E-09 1.8949E-09 1.9313E-09 1.9813E-09 2.0414E-09 2.0954E-09 2.1614E-09 2.2204E-09 2.2922E-09 2.3690E-09 2.4406E-09 2.5157E-09 2.6017E-09 2.8341E-09 2.9152E-09 3.1468E-09 3.2925E-09 3.3966E-09 3.5968E-09 3.7265E-09 4.0683E-09 4.3625E-09 4.7653E-09 5.1886E-09 5.5250E-09 5.8679E-09
9.4995E-10 9.6702E-10 9.8425E-10 1.0016E-09 1.0196E-09 1.0391E-09 1.0573E-09 1.0794E-09 1.1028E-09 1.1248E-09 1.1458E-09 1.1677E-09 1.1907E-09 1.2117E-09 1.2347E-09 1.2695E-09 1.2918E-09 1.3144E-09 1.3411E-09 1.3648E-09 1.3987E-09 1.4280E-09 1.4581E-09 1.4933E-09 1.5202E-09 1.5548E-09 1.5906E-09 1.6285E-09 1.6592E-09 1.7023E-09 1.7409E-09 1.7807E-09 1.8296E-09 1.8729E-09 1.9257E-09 1.9721E-09 2.0288E-09 2.0791E-09 2.1411E-09 2.1953E-09 2.2515E-09 2.3241E-09 2.3992E-09 2.4590E-09 2.6546E-09 2.7362E-09 2.9389E-09 3.0172E-09 3.1344E-09 3.2208E-09 3.3818E-09 3.5981E-09 3.8823E-09 4.1379E-09 4.4341E-09 4.8059E-09 5.0728E-09
9.4382E-10 9.6095E-10 9.7825E-10 9.9570E-10 1.0133E-09 1.0322E-09 1.0512E-09 1.0695E-09 1.0927E-09 1.1152E-09 1.1351E-09 1.1585E-09 1.1806E-09 1.2031E-09 1.2242E-09 1.2474E-09 1.2701E-09 1.2922E-09 1.3145E-09 1.3370E-09 1.3640E-09 1.3875E-09 1.4159E-09 1.4503E-09 1.4767E-09 1.5138E-09 1.5513E-09 1.5865E-09 1.6238E-09 1.6570E-09 1.6971E-09 1.7403E-09 1.7780E-09 1.8242E-09 1.8642E-09 1.9172E-09 1.9602E-09 2.0041E-09 2.0598E-09 2.1171E-09 2.1672E-09 2.2178E-09 2.2807E-09 2.3439E-09 2.4945E-09 2.5456E-09 2.7231E-09 2.8021E-09 2.8659E-09 2.9677E-09 3.0390E-09 3.1870E-09 3.4158E-09 3.6945E-09 3.9179E-09 4.0817E-09 4.2729E-09
9.3787E-10 9.5500E-10 9.7237E-10 9.8991E-10 1.0076E-09 1.0255E-09 1.0452E-09 1.0639E-09 1.0825E-09 1.1047E-09 1.1285E-09 1.1484E-09 1.1695E-09 1.1935E-09 1.2159E-09 1.2370E-09 1.2604E-09 1.2829E-09 1.3050E-09 1.3272E-09 1.3495E-09 1.3764E-09 1.3996E-09 1.4277E-09 1.4570E-09 1.4871E-09 1.5186E-09 1.5511E-09 1.5854E-09 1.6208E-09 1.6582E-09 1.6940E-09 1.7415E-09 1.7765E-09 1.8118E-09 1.8570E-09 1.9037E-09 1.9433E-09 1.9833E-09 2.0339E-09 2.0859E-09 2.1305E-09 2.1722E-09 2.2264E-09 2.3621E-09 2.4088E-09 2.5374E-09 2.6017E-09 2.6534E-09 2.7023E-09 2.7729E-09 2.9367E-09 2.9991E-09 3.1619E-09 3.3116E-09 3.3384E-09 3.5777E-09
9.3249E-10 9.4965E-10 9.6700E-10 9.8451E-10 1.0022E-09 1.0200E-09 1.0382E-09 1.0585E-09 1.0772E-09 1.0959E-09 1.1189E-09 1.1401E-09 1.1620E-09 1.1832E-09 1.2051E-09 1.2295E-09 1.2505E-09 1.2736E-09 1.2961E-09 1.3178E-09 1.3398E-09 1.3619E-09 1.3840E-09 1.4112E-09 1.4340E-09 1.4622E-09 1.4917E-09 1.5219E-09 1.5591E-09 1.5922E-09 1.6263E-09 1.6620E-09 1.6921E-09 1.7369E-09 1.7694E-09 1.8022E-09 1.8447E-09 1.8883E-09 1.9236E-09 1.9582E-09 2.0042E-09 2.0410E-09 2.0879E-09 2.1245E-09 2.2351E-09 2.2636E-09 2.3649E-09 2.4048E-09 2.4589E-09 2.5146E-09 2.5680E-09 2.4937E-09 2.6211E-09 2.7516E-09 2.8880E-09 2.9662E-09 3.1460E-09
9.2718E-10 9.4444E-10 9.6188E-10 9.7950E-10 9.9730E-10 1.0152E-09 1.0333E-09 1.0516E-09 1.0717E-09 1.0908E-09 1.1096E-09 1.1308E-09 1.1528E-09 1.1735E-09 1.1968E-09 1.2186E-09 1.2409E-09 1.2639E-09 1.2867E-09 1.3091E-09 1.3307E-09 1.3523E-09 1.3740E-09 1.3957E-09 1.4222E-09 1.4445E-09 1.4720E-09 1.5006E-09 1.5299E-09 1.5605E-09 1.5918E-09 1.6243E-09 1.6574E-09 1.6918E-09 1.7275E-09 1.7648E-09 1.7952E-09 1.8343E-09 1.8643E-09 1.9035E-09 1.9347E-09 1.9763E-09 1.9894E-09 2.0326E-09 2.1121E-09 2.1442E-09 2.2325E-09 2.2341E-09 2.2217E-09 2.2706E-09 2.3387E-09 2.3707E-09 2.4005E-09 2.5125E-09 2.6083E-09 2.7123E-09 2.8431E-09
9.2048E-10 9.3760E-10 9.5674E-10 9.7436E-10 9.9219E-10 1.0102E-09 1.0283E-09 1.0466E-09 1.0650E-09 1.0836E-09 1.1031E-09 1.1228E-09 1.1440E-09 1.1651E-09 1.1846E-09 1.2054E-09 1.2290E-09 1.2510E-09 1.2714E-09 1.2970E-09 1.3216E-09 1.3430E-09 1.3643E-09 1.3856E-09 1.4070E-09 1.4282E-09 1.4547E-09 1.4763E-09 1.5036E-09 1.5319E-09 1.5606E-09 1.5961E-09 1.6200E-09 1.6578E-09 1.6904E-09 1.7166E-09 1.7588E-09 1.7859E-09 1.8201E-09 1.8310E-09 1.8690E-09 1.8972E-09 1.9251E-09 1.9636E-09 2.0023E-09 2.0308E-09 2.0586E-09 2.0983E-09 2.1396E-09 2.1858E-09 2.2121E-09 2.2509E-09 2.2894E-09 2.3278E-09 2.4059E-09 2.4841E-09 2.5655E-09
9.1375E-10 9.3257E-10 9.4992E-10 9.6922E-10 9.8704E-10 1.0050E-09 1.0232E-09 1.0414E-09 1.0598E-09 1.0784E-09 1.0970E-09 1.1158E-09 1.1346E-09 1.1550E-09 1.1761E-09 1.1957E-09 1.2160E-09 1.2372E-09 1.2586E-09 1.2848E-09 1.3062E-09 1.3285E-09 1.3491E-09 1.3720E-09 1.3926E-09 1.4132E-09 1.4337E-09 1.4592E-09 1.4853E-09 1.5116E-09 1.5384E-09 1.5656E-09 1.5935E-09 1.6220E-09 1.6514E-09 1.6816E-09 1.7128E-09 1.7366E-09 1.7688E-09 1.7938E-09 1.8197E-09 1.8533E-09 1.8787E-09 1.9035E-09 1.9380E-09 1.9724E-09 1.9974E-09 2.0220E-09 2.0608E-09 2.1061E-09 2.1289E-09 2.1500E-09 2.1819E-09 2.2132E-09 2.2359E-09 2.2875E-09 2.3600E-09
9.0855E-10 9.2559E-10 9.4283E-10 9.6212E-10 9.7987E-10 9.9960E-10 1.0178E-09 1.0361E-09 1.0546E-09 1.0731E-09 1.0918E-09 1.1106E-09 1.1294E-09 1.1484E-09 1.1684E-09 1.1896E-09 1.2094E-09 1.2294E-09 1.2505E-09 1.2718E-09 1.2926E-09 1.3131E-09 1.3369E-09 1.3577E-09 1.3778E-09 1.3978E-09 1.4177E-09 1.4397E-09 1.4642E-09 1.4891E-09 1.5086E-09 1.5338E-09 1.5533E-09 1.5791E-09 1.6116E-09 1.6321E-09 1.6665E-09 1.6948E-09 1.7228E-09 1.7609E-09 1.7846E-09 1.8072E-09 1.8380E-09 1.8605E-09 1.8819E-09 1.9116E-09 1.9320E-09 1.9623E-09 1.9933E-09 2.0237E-09 2.0435E-09 2.0728E-09 2.0899E-09 2.1160E-09 2.1412E-09 2.1516E-09 2.1711E-09
9.0323E-10 9.2032E-10 9.3760E-10 9.5505E-10 9.7444E-10 9.9235E-10 1.0104E-09 1.0305E-09 1.0489E-09 1.0675E-09 1.0862E-09 1.1051E-09 1.1240E-09 1.1429E-09 1.1619E-09 1.1816E-09 1.2030E-09 1.2231E-09 1.2429E-09 1.2635E-09 1.2847E-09 1.3058E-09 1.3256E-09 1.3468E-09 1.3678E-09 1.3898E-09 1.4095E-09 1.4291E-09 1.4485E-09 1.4676E-09 1.4864E-09 1.5050E-09 1.5287E-09 1.5492E-09 1.5732E-09 1.5974E-09 1.6222E-09 1.6527E-09 1.6788E-09 1.7059E-09 1.7337E-09 1.7614E-09 1.7805E-09 1.8079E-09 1.8347E-09 1.8529E-09 1.8787E-09 1.8971E-09 1.9249E-09 1.9411E-09 1.9581E-09 1.9835E-09 2.0082E-09 2.0218E-09 2.0332E-09 2.0525E-09 2.0704E-09
8.9754E-10 9.1464E-10 9.3196E-10 9.4947E-10 9.6714E-10 9.8499E-10 1.0048E-09 1.0230E-09 1.0432E-09 1.0618E-09 1.0805E-09 1.0993E-09 1.1182E-09 1.1372E-09 1.1562E-09 1.1752E-09 1.1946E-09 1.2155E-09 1.2364E-09 1.2558E-09 1.2762E-09 1.2973E-09 1.3181E-09 1.3383E-09 1.3578E-09 1.3795E-09 1.3996E-09 1.4189E-09 1.4380E-09 1.4568E-09 1.4776E-09 1.4959E-09 1.5140E-09 1.5316E-09 1.5545E-09 1.5717E-09 1.5945E-09 1.6171E-09 1.6407E-09 1.6719E-09 1.6893E-09 1.7211E-09 1.7463E-09 1.7639E-09 1.7892E-09 1.8138E-09 1.8305E-09 1.8463E-09 1.8696E-09 1.8921E-09 1.9060E-09 1.9187E-09 1.9363E-09 1.9554E-09 1.9652E-09 1.9733E-09 1.9867E-09
8.9177E-10 9.0888E-10 9.2618E-10 9.4367E-10 9.6134E-10 9.7918E-10 9.9717E-10 1.0153E-09 1.0354E-09 1.0540E-09 1.0744E-09 1.0933E-09 1.1122E-09 1.1313E-09 1.1503E-09 1.1694E-09 1.1885E-09 1.2077E-09 1.2280E-09 1.2490E-09 1.2688E-09 1.2887E-09 1.3089E-09 1.3299E-09 1.3505E-09 1.3699E-09 1.3890E-09 1.4080E-09 1.4300E-09 1.4487E-09 1.4672E-09 1.4854E-09 1.5032E-09 1.5207E-09 1.5378E-09 1.5595E-09 1.5758E-09 1.5972E-09 1.6189E-09 1.6414E-09 1.6631E-09 1.6856E-09 1.7079E-09 1.7309E-09 1.7536E-09 1.7688E-09 1.7983E-09 1.8130E-09 1.8267E-09 1.8469E-09 1.8590E-09 1.8776E-09 1.8879E-09 1.9019E-09 1.9168E-09 1.9260E-09 1.9321E-09
