Assets/Resources/2015_m01_d20_1100(utc+0800)_l00_csi_1hr_conc.grd
DSAA
         159         159
     -79.000      79.000
     -79.000      79.000
  0.1215E-09  0.8149E-05
[rows 125 to 149 of 159, columns 0 to 56 of 159]
4.8137E-10 4.9251E-10 5.0482E-10 5.1678E-10 5.2902E-10 5.4196E-10 5.5410E-10 5.6775E-10 5.8171E-10 5.9452E-10 6.0844E-10 6.2254E-10 6.3792E-10 6.5165E-10 6.6657E-10 6.8071E-10 6.9715E-10 7.1281E-10 7.2767E-10 7.4385E-10 7.6077E-10 7.7930E-10 7.9521E-10 8.1489E-10 8.3316E-10 8.5256E-10 8.7165E-10 8.9027E-10 9.1014E-10 9.3002E-10 9.4908E-10 9.6897E-10 9.8913E-10 1.0096E-09 1.0303E-09 1.0507E-09 1.0713E-09 1.0928E-09 1.1145E-09 1.1361E-09 1.1586E-09 1.1809E-09 1.2032E-09 1.2270E-09 1.2501E-09 1.2737E-09 1.2983E-09 1.3213E-09 1.3467E-09 1.3714E-09 1.3952E-09 1.4205E-09 1.4458E-09 1.4714E-09 1.4962E-09 1.5224E-09 1.5489E-09
4.7478E-10 4.8669E-10 4.9885E-10 5.1022E-10 5.2275E-10 5.3554E-10 5.4751E-10 5.6101E-10 5.7340E-10 5.8745E-10 6.0120E-10 6.1512E-10 6.2941E-10 6.4388E-10 6.5862E-10 6.7256E-10 6.8883E-10 7.0323E-10 7.1894E-10 7.3492E-10 7.5164E-10 7.6825E-10 7.8565E-10 8.0514E-10 8.2140E-10 8.4238E-10 8.6124E-10 8.7962E-10 8.9924E-10 9.1888E-10 9.3696E-10 9.5730E-10 9.7647E-10 9.9674E-10 1.0171E-09 1.0379E-09 1.0582E-09 1.0794E-09 1.1003E-09 1.1213E-09 1.1443E-09 1.1662E-09 1.1882E-09 1.2116E-09 1.2335E-09 1.2576E-09 1.2819E-09 1.3045E-09 1.3296E-09 1.3538E-09 1.3773E-09 1.4021E-09 1.4270E-09 1.4522E-09 1.4766E-09 1.5023E-09 1.5272E-09
4.6902E-10 4.8079E-10 4.9227E-10 5.0403E-10 5.1641E-10 5.2799E-10 5.4086E-10 5.5421E-10 5.6642E-10 5.8032E-10 5.9390E-10 6.0766E-10 6.2177E-10 6.3606E-10 6.4957E-10 6.6436E-10 6.8045E-10 6.9465E-10 7.1015E-10 7.2475E-10 7.4245E-10 7.5756E-10 7.7605E-10 7.9343E-10 8.1136E-10 8.2948E-10 8.4878E-10 8.6834E-10 8.8611E-10 9.0712E-10 9.2549E-10 9.4557E-10 9.6447E-10 9.8446E-10 1.0039E-09 1.0243E-09 1.0450E-09 1.0659E-09 1.0865E-09 1.1072E-09 1.1292E-09 1.1506E-09 1.1732E-09 1.1962E-09 1.2177E-09 1.2415E-09 1.2654E-09 1.2877E-09 1.3124E-09 1.3352E-09 1.3593E-09 1.3837E-09 1.4082E-09 1.4319E-09 1.4569E-09 1.4822E-09 1.5066E-09
4.6321E-10 4.7484E-10 4.8568E-10 4.9778E-10 5.1002E-10 5.2144E-10 5.3415E-10 5.4735E-10 5.5939E-10 5.7313E-10 5.8557E-10 5.9920E-10 6.1407E-10 6.2819E-10 6.4150E-10 6.5610E-10 6.6981E-10 6.8601E-10 7.0132E-10 7.1570E-10 7.3322E-10 7.4810E-10 7.6639E-10 7.8356E-10 8.0127E-10 8.1916E-10 8.3824E-10 8.5694E-10 8.7509E-10 8.9452E-10 9.1397E-10 9.3317E-10 9.5242E-10 9.7214E-10 9.9132E-10 1.0114E-09 1.0312E-09 1.0517E-09 1.0727E-09 1.0931E-09 1.1148E-09 1.1358E-09 1.1573E-09 1.1798E-09 1.2019E-09 1.2254E-09 1.2470E-09 1.2709E-09 1.2940E-09 1.3176E-09 1.3413E-09 1.3641E-09 1.3894E-09 1.4126E-09 1.4372E-09 1.4609E-09 1.4860E-09
4.5734E-10 4.6884E-10 4.7952E-10 4.9148E-10 5.0302E-10 5.1483E-10 5.2739E-10 5.3902E-10 5.5231E-10 5.6590E-10 5.7816E-10 5.9162E-10 6.0525E-10 6.2026E-10 6.3339E-10 6.4780E-10 6.6130E-10 6.7732E-10 6.9127E-10 7.0661E-10 7.2221E-10 7.3860E-10 7.5480E-10 7.7185E-10 7.9114E-10 8.0685E-10 8.2766E-10 8.4612E-10 8.6403E-10 8.8321E-10 9.0241E-10 9.1986E-10 9.3973E-10 9.5829E-10 9.7866E-10 9.9772E-10 1.0179E-09 1.0375E-09 1.0581E-09 1.0789E-09 1.1003E-09 1.1210E-09 1.1422E-09 1.1634E-09 1.1861E-09 1.2080E-09 1.2304E-09 1.2540E-09 1.2757E-09 1.2999E-09 1.3232E-09 1.3456E-09 1.3705E-09 1.3934E-09 1.4175E-09 1.4407E-09 1.4654E-09
4.5085E-10 4.6225E-10 4.7332E-10 4.8514E-10 4.9602E-10 5.0818E-10 5.1998E-10 5.3205E-10 5.4519E-10 5.5704E-10 5.7071E-10 5.8400E-10 5.9745E-10 6.1126E-10 6.2523E-10 6.3832E-10 6.5277E-10 6.6861E-10 6.8234E-10 6.9748E-10 7.1159E-10 7.2906E-10 7.4366E-10 7.6189E-10 7.7889E-10 7.9644E-10 8.1479E-10 8.3311E-10 8.5293E-10 8.6952E-10 8.9019E-10 9.0798E-10 9.2758E-10 9.4587E-10 9.6529E-10 9.8474E-10 1.0046E-09 1.0240E-09 1.0442E-09 1.0641E-09 1.0841E-09 1.1061E-09 1.1270E-09 1.1479E-09 1.1703E-09 1.1908E-09 1.2139E-09 1.2371E-09 1.2584E-09 1.2822E-09 1.3040E-09 1.3272E-09 1.3506E-09 1.3741E-09 1.3978E-09 1.4206E-09 1.4448E-09
4.4491E-10 4.5567E-10 4.6710E-10 4.7816E-10 4.8949E-10 5.0151E-10 5.1258E-10 5.2506E-10 5.3804E-10 5.4971E-10 5.6322E-10 5.7528E-10 5.8963E-10 6.0325E-10 6.1705E-10 6.2994E-10 6.4420E-10 6.5860E-10 6.7338E-10 6.8832E-10 7.0222E-10 7.1949E-10 7.3386E-10 7.5189E-10 7.6868E-10 7.8600E-10 8.0349E-10 8.2220E-10 8.4046E-10 8.5812E-10 8.7709E-10 8.9607E-10 9.1472E-10 9.3342E-10 9.5256E-10 9.7108E-10 9.9059E-10 1.0103E-09 1.0295E-09 1.0498E-09 1.0695E-09 1.0905E-09 1.1108E-09 1.1315E-09 1.1532E-09 1.1746E-09 1.1973E-09 1.2190E-09 1.2411E-09 1.2646E-09 1.2859E-09 1.3087E-09 1.3304E-09 1.3548E-09 1.3769E-09 1.4005E-09 1.4243E-09
4.3839E-10 4.4955E-10 4.6084E-10 4.7120E-10 4.8294E-10 4.9480E-10 5.0571E-10 5.1803E-10 5.3024E-10 5.4236E-10 5.5571E-10 5.6758E-10 5.8073E-10 5.9405E-10 6.0883E-10 6.2153E-10 6.3559E-10 6.4864E-10 6.6440E-10 6.7787E-10 6.9281E-10 7.0801E-10 7.2404E-10 7.3982E-10 7.5648E-10 7.7553E-10 7.9067E-10 8.1127E-10 8.2928E-10 8.4670E-10 8.6541E-10 8.8413E-10 9.0093E-10 9.2094E-10 9.3821E-10 9.5804E-10 9.7643E-10 9.9600E-10 1.0156E-09 1.0348E-09 1.0550E-09 1.0748E-09 1.0955E-09 1.1159E-09 1.1374E-09 1.1583E-09 1.1795E-09 1.2010E-09 1.2238E-09 1.2456E-09 1.2679E-09 1.2903E-09 1.3116E-09 1.3356E-09 1.3573E-09 1.3804E-09 1.4024E-09
4.3238E-10 4.4340E-10 4.5396E-10 4.6476E-10 4.7635E-10 4.8745E-10 4.9881E-10 5.1098E-10 5.2207E-10 5.3498E-10 5.4749E-10 5.5986E-10 5.7284E-10 5.8598E-10 5.9945E-10 6.1309E-10 6.2573E-10 6.3982E-10 6.5538E-10 6.6864E-10 6.8339E-10 6.9700E-10 7.1420E-10 7.2826E-10 7.4620E-10 7.6281E-10 7.7993E-10 7.9791E-10 8.1578E-10 8.3525E-10 8.5122E-10 8.7217E-10 8.8869E-10 9.0777E-10 9.2542E-10 9.4424E-10 9.6307E-10 9.8155E-10 1.0009E-09 1.0206E-09 1.0396E-09 1.0589E-09 1.0803E-09 1.1004E-09 1.1204E-09 1.1421E-09 1.1629E-09 1.1841E-09 1.2065E-09 1.2268E-09 1.2498E-09 1.2718E-09 1.2927E-09 1.3164E-09 1.3376E-09 1.3604E-09 1.3819E-09
4.2635E-10 4.3660E-10 4.4764E-10 4.5830E-10 4.6909E-10 4.8013E-10 4.9189E-10 5.0323E-10 5.1482E-10 5.2758E-10 5.3886E-10 5.5212E-10 5.6377E-10 5.7789E-10 5.9118E-10 6.0463E-10 6.1708E-10 6.3097E-10 6.4500E-10 6.5940E-10 6.7394E-10 6.8733E-10 7.0433E-10 7.1817E-10 7.3590E-10 7.5228E-10 7.6918E-10 7.8624E-10 8.0455E-10 8.2235E-10 8.3949E-10 8.5795E-10 8.7644E-10 8.9283E-10 9.1262E-10 9.2947E-10 9.4901E-10 9.6701E-10 9.8698E-10 1.0054E-09 1.0251E-09 1.0440E-09 1.0643E-09 1.0837E-09 1.1036E-09 1.1246E-09 1.1451E-09 1.1671E-09 1.1879E-09 1.2091E-09 1.2304E-09 1.2521E-09 1.2739E-09 1.2945E-09 1.3180E-09 1.3389E-09 1.3614E-09
4.2031E-10 4.3041E-10 4.4076E-10 4.5182E-10 4.6185E-10 4.7334E-10 4.8495E-10 4.9551E-10 5.0756E-10 5.2015E-10 5.3126E-10 5.4436E-10 5.5583E-10 5.6865E-10 5.8163E-10 5.9616E-10 6.0840E-10 6.2211E-10 6.3468E-10 6.5014E-10 6.6312E-10 6.7765E-10 6.9243E-10 7.0807E-10 7.2339E-10 7.3965E-10 7.5606E-10 7.7297E-10 7.9078E-10 8.0842E-10 8.2775E-10 8.4333E-10 8.6416E-10 8.8027E-10 8.9979E-10 9.1634E-10 9.3559E-10 9.5329E-10 9.7218E-10 9.9108E-10 1.0096E-09 1.0290E-09 1.0481E-09 1.0680E-09 1.0876E-09 1.1083E-09 1.1285E-09 1.1487E-09 1.1705E-09 1.1913E-09 1.2122E-09 1.2336E-09 1.2550E-09 1.2752E-09 1.2983E-09 1.3188E-09 1.3409E-09
4.1361E-10 4.2360E-10 4.3440E-10 4.4467E-10 4.5519E-10 4.6653E-10 4.7733E-10 4.8838E-10 4.9956E-10 5.1098E-10 5.2364E-10 5.3584E-10 5.4786E-10 5.6051E-10 5.7331E-10 5.8643E-10 5.9971E-10 6.1190E-10 6.2560E-10 6.3943E-10 6.5363E-10 6.6796E-10 6.8105E-10 6.9795E-10 7.1148E-10 7.2908E-10 7.4527E-10 7.6195E-10 7.7879E-10 7.9688E-10 8.1517E-10 8.3128E-10 8.5094E-10 8.6762E-10 8.8523E-10 9.0311E-10 9.2128E-10 9.3947E-10 9.5721E-10 9.7592E-10 9.9391E-10 1.0131E-09 1.0327E-09 1.0524E-09 1.0716E-09 1.0908E-09 1.1117E-09 1.1316E-09 1.1519E-09 1.1735E-09 1.1928E-09 1.2150E-09 1.2346E-09 1.2558E-09 1.2770E-09 1.2987E-09 1.3203E-09
4.0751E-10 4.1736E-10 4.2733E-10 4.3814E-10 4.4851E-10 4.5900E-10 4.7034E-10 4.8123E-10 4.9224E-10 5.0351E-10 5.1601E-10 5.2689E-10 5.3988E-10 5.5111E-10 5.6497E-10 5.7791E-10 5.9100E-10 6.0299E-10 6.1650E-10 6.3014E-10 6.4413E-10 6.5825E-10 6.7113E-10 6.8782E-10 7.0112E-10 7.1851E-10 7.3447E-10 7.5092E-10 7.6752E-10 7.8274E-10 8.0261E-10 8.1919E-10 8.3437E-10 8.5493E-10 8.7061E-10 8.8984E-10 9.0593E-10 9.2482E-10 9.4209E-10 9.6057E-10 9.7906E-10 9.9796E-10 1.0161E-09 1.0356E-09 1.0542E-09 1.0733E-09 1.0935E-09 1.1131E-09 1.1329E-09 1.1542E-09 1.1745E-09 1.1948E-09 1.2156E-09 1.2364E-09 1.2559E-09 1.2785E-09 1.2983E-09
4.0081E-10 4.1111E-10 4.2093E-10 4.3099E-10 4.4181E-10 4.5215E-10 4.6272E-10 4.7407E-10 4.8425E-10 4.9601E-10 5.0763E-10 5.1906E-10 5.3188E-10 5.4293E-10 5.5541E-10 5.6804E-10 5.8228E-10 5.9407E-10 6.0739E-10 6.1948E-10 6.3461E-10 6.4709E-10 6.6120E-10 6.7398E-10 6.9076E-10 7.0396E-10 7.2140E-10 7.3737E-10 7.5379E-10 7.7117E-10 7.8815E-10 8.0699E-10 8.2191E-10 8.4212E-10 8.5752E-10 8.7567E-10 8.9224E-10 9.1082E-10 9.2780E-10 9.4596E-10 9.6415E-10 9.8087E-10 1.0005E-09 1.0188E-09 1.0380E-09 1.0568E-09 1.0766E-09 1.0959E-09 1.1153E-09 1.1363E-09 1.1562E-09 1.1761E-09 1.1965E-09 1.2169E-09 1.2360E-09 1.2582E-09 1.2776E-09
3.9397E-10 4.0416E-10 4.1387E-10 4.2443E-10 4.3440E-10 4.4462E-10 4.5570E-10 4.6618E-10 4.7690E-10 4.8774E-10 4.9996E-10 5.1122E-10 5.2309E-10 5.3473E-10 5.4703E-10 5.5948E-10 5.7223E-10 5.8514E-10 5.9685E-10 6.1016E-10 6.2358E-10 6.3736E-10 6.5125E-10 6.6382E-10 6.8039E-10 6.9337E-10 7.1055E-10 7.2629E-10 7.4243E-10 7.5878E-10 7.7624E-10 7.9315E-10 8.0941E-10 8.2417E-10 8.4440E-10 8.5962E-10 8.7851E-10 8.9413E-10 9.1343E-10 9.2944E-10 9.4833E-10 9.6553E-10 9.8394E-10 1.0015E-09 1.0207E-09 1.0400E-09 1.0573E-09 1.0785E-09 1.0961E-09 1.1169E-09 1.1362E-09 1.1559E-09 1.1756E-09 1.1958E-09 1.2160E-09 1.2362E-09 1.2568E-09
3.8782E-10 3.9787E-10 4.0743E-10 4.1711E-10 4.2767E-10 4.3773E-10 4.4791E-10 4.5898E-10 4.6954E-10 4.8021E-10 4.9113E-10 5.0335E-10 5.1383E-10 5.2652E-10 5.3733E-10 5.5091E-10 5.6207E-10 5.7620E-10 5.8771E-10 6.0082E-10 6.1263E-10 6.2761E-10 6.3978E-10 6.5365E-10 6.6611E-10 6.8273E-10 6.9559E-10 7.1279E-10 7.2851E-10 7.4457E-10 7.6168E-10 7.7826E-10 7.9677E-10 8.1126E-10 8.3113E-10 8.4607E-10 8.6463E-10 8.7996E-10 8.9812E-10 9.1464E-10 9.3233E-10 9.5009E-10 9.6723E-10 9.8546E-10 1.0033E-09 1.0219E-09 1.0402E-09 1.0596E-09 1.0783E-09 1.0971E-09 1.1176E-09 1.1370E-09 1.1564E-09 1.1761E-09 1.1959E-09 1.2142E-09 1.2359E-09
3.8165E-10 3.9092E-10 4.0097E-10 4.1051E-10 4.2027E-10 4.3082E-10 4.4084E-10 4.5110E-10 4.6216E-10 4.7196E-10 4.8342E-10 4.9471E-10 5.0578E-10 5.1748E-10 5.2892E-10 5.4104E-10 5.5330E-10 5.6585E-10 5.7856E-10 5.8999E-10 6.0308E-10 6.1629E-10 6.2979E-10 6.4345E-10 6.5569E-10 6.7207E-10 6.8470E-10 7.0159E-10 7.1708E-10 7.3285E-10 7.4883E-10 7.6593E-10 7.8326E-10 7.9832E-10 8.1434E-10 8.3249E-10 8.4813E-10 8.6574E-10 8.8088E-10 8.9978E-10 9.1527E-10 9.3370E-10 9.5041E-10 9.6830E-10 9.8671E-10 1.0040E-09 1.0229E-09 1.0409E-09 1.0603E-09 1.0788E-09 1.0975E-09 1.1179E-09 1.1354E-09 1.1562E-09 1.1741E-09 1.1937E-09 1.2132E-09
3.7479E-10 3.8384E-10 3.9378E-10 4.0320E-10 4.1273E-10 4.2317E-10 4.3306E-10 4.4307E-10 4.5401E-10 4.6439E-10 4.7488E-10 4.8561E-10 4.9771E-10 5.0924E-10 5.2050E-10 5.3243E-10 5.4451E-10 5.5688E-10 5.6939E-10 5.8063E-10 5.9352E-10 6.0652E-10 6.1978E-10 6.3321E-10 6.4523E-10 6.5896E-10 6.7375E-10 6.8625E-10 7.0309E-10 7.1851E-10 7.3418E-10 7.5092E-10 7.6709E-10 7.8521E-10 7.9926E-10 8.1872E-10 8.3321E-10 8.5136E-10 8.6620E-10 8.8475E-10 8.9995E-10 9.1711E-10 9.3444E-10 9.5103E-10 9.6875E-10 9.8608E-10 1.0042E-09 1.0219E-09 1.0408E-09 1.0590E-09 1.0772E-09 1.0972E-09 1.1159E-09 1.1347E-09 1.1538E-09 1.1730E-09 1.1906E-09
3.6858E-10 3.7749E-10 3.8729E-10 3.9656E-10 4.0593E-10 4.1622E-10 4.2596E-10 4.3581E-10 4.4659E-10 4.5681E-10 4.6713E-10 4.7769E-10 4.8962E-10 4.9968E-10 5.1206E-10 5.2243E-10 5.3571E-10 5.4641E-10 5.6019E-10 5.7123E-10 5.8389E-10 5.9519E-10 6.0816E-10 6.2135E-10 6.3471E-10 6.4661E-10 6.6270E-10 6.7497E-10 6.9149E-10 7.0663E-10 7.2200E-10 7.3842E-10 7.5427E-10 7.7119E-10 7.8582E-10 8.0143E-10 8.1910E-10 8.3428E-10 8.5145E-10 8.6699E-10 8.8454E-10 8.9952E-10 9.1836E-10 9.3368E-10 9.5199E-10 9.6900E-10 9.8673E-10 1.0042E-09 1.0217E-09 1.0405E-09 1.0584E-09 1.0780E-09 1.0963E-09 1.1148E-09 1.1335E-09 1.1523E-09 1.1696E-09
3.6235E-10 3.7112E-10 3.8010E-10 3.8989E-10 3.9912E-10 4.0856E-10 4.1884E-10 4.2779E-10 4.3845E-10 4.4842E-10 4.5861E-10 4.6891E-10 4.8071E-10 4.9140E-10 5.0274E-10 5.1377E-10 5.2551E-10 5.3739E-10 5.4949E-10 5.6178E-10 5.7272E-10 5.8531E-10 5.9806E-10 6.1100E-10 6.2410E-10 6.3578E-10 6.5155E-10 6.6359E-10 6.7571E-10 6.9462E-10 7.0721E-10 7.2248E-10 7.3881E-10 7.5455E-10 7.7225E-10 7.8585E-10 8.0487E-10 8.1889E-10 8.3571E-10 8.5095E-10 8.6906E-10 8.8375E-10 9.0133E-10 9.1725E-10 9.3330E-10 9.5190E-10 9.6735E-10 9.8489E-10 1.0021E-09 1.0205E-09 1.0380E-09 1.0558E-09 1.0752E-09 1.0933E-09 1.1115E-09 1.1299E-09 1.1485E-09
3.5537E-10 3.6402E-10 3.7278E-10 3.8245E-10 3.9156E-10 4.0077E-10 4.1093E-10 4.2049E-10 4.3016E-10 4.4078E-10 4.5081E-10 4.6094E-10 4.7127E-10 4.8306E-10 4.9286E-10 5.0505E-10 5.1515E-10 5.2827E-10 5.3869E-10 5.5222E-10 5.6295E-10 5.7531E-10 5.8630E-10 5.9897E-10 6.1182E-10 6.2484E-10 6.3639E-10 6.5213E-10 6.6402E-10 6.8017E-10 6.9492E-10 7.0989E-10 7.2590E-10 7.3877E-10 7.5782E-10 7.7201E-10 7.8719E-10 8.0439E-10 8.1999E-10 8.3581E-10 8.5086E-10 8.6795E-10 8.8242E-10 9.0079E-10 9.1558E-10 9.3336E-10 9.4991E-10 9.6708E-10 9.8396E-10 1.0010E-09 1.0192E-09 1.0366E-09 1.0556E-09 1.0733E-09 1.0912E-09 1.1092E-09 1.1274E-09
3.4844E-10 3.5760E-10 3.6622E-10 3.7574E-10 3.8470E-10 3.9376E-10 4.0374E-10 4.1315E-10 4.2265E-10 4.3235E-10 4.4296E-10 4.5212E-10 4.6221E-10 4.7383E-10 4.8429E-10 4.9544E-10 5.0621E-10 5.1768E-10 5.2934E-10 5.4115E-10 5.5315E-10 5.6378E-10 5.7606E-10 5.8849E-10 6.0109E-10 6.1386E-10 6.2518E-10 6.4061E-10 6.5228E-10 6.6403E-10 6.8256E-10 6.9476E-10 7.0962E-10 7.2554E-10 7.4084E-10 7.5810E-10 7.7127E-10 7.8982E-10 8.0338E-10 8.1974E-10 8.3450E-10 8.5212E-10 8.6632E-10 8.8338E-10 8.9882E-10 9.1434E-10 9.3245E-10 9.4736E-10 9.6582E-10 9.8250E-10 9.9884E-10 1.0158E-09 1.0330E-09 1.0518E-09 1.0693E-09 1.0870E-09 1.1047E-09
3.4148E-10 3.5041E-10 3.5891E-10 3.6751E-10 3.7703E-10 3.8597E-10 3.9500E-10 4.0498E-10 4.1436E-10 4.2384E-10 4.3427E-10 4.4408E-10 4.5399E-10 4.6542E-10 4.7569E-10 4.8522E-10 4.9720E-10 5.0701E-10 5.1990E-10 5.3002E-10 5.4326E-10 5.5368E-10 5.6572E-10 5.7639E-10 5.8873E-10 6.0124E-10 6.1391E-10 6.2511E-10 6.4048E-10 6.5201E-10 6.6777E-10 6.8213E-10 6.9670E-10 7.1230E-10 7.2476E-10 7.4336E-10 7.5711E-10 7.7185E-10 7.8857E-10 8.0372E-10 8.1906E-10 8.3364E-10 8.5023E-10 8.6422E-10 8.8207E-10 8.9636E-10 9.1361E-10 9.2964E-10 9.4627E-10 9.6260E-10 9.7907E-10 9.9671E-10 1.0135E-09 1.0320E-09 1.0491E-09 1.0664E-09 1.0822E-09
3.3521E-10 3.4399E-10 3.5234E-10 3.6079E-10 3.7015E-10 3.7892E-10 3.8780E-10 3.9761E-10 4.0680E-10 4.1612E-10 4.2637E-10 4.3600E-10 4.4574E-10 4.5564E-10 4.6621E-10 4.7641E-10 4.8730E-10 4.9779E-10 5.0898E-10 5.2036E-10 5.3187E-10 5.4357E-10 5.5389E-10 5.6584E-10 5.7795E-10 5.9021E-10 6.0263E-10 6.1361E-10 6.2867E-10 6.3998E-10 6.5136E-10 6.6948E-10 6.8130E-10 6.9575E-10 7.1125E-10 7.2612E-10 7.4294E-10 7.5567E-10 7.7376E-10 7.8686E-10 8.0276E-10 8.1704E-10 8.3328E-10 8.4789E-10 8.6445E-10 8.7938E-10 8.9345E-10 9.1198E-10 9.2636E-10 9.4427E-10 9.6041E-10 9.7618E-10 9.9261E-10 1.0092E-09 1.0275E-09 1.0444E-09 1.0614E-09
3.2818E-10 3.3693E-10 3.4498E-10 3.5329E-10 3.6247E-10 3.7107E-10 3.7980E-10 3.8866E-10 3.9845E-10 4.0760E-10 4.1687E-10 4.2709E-10 4.3666E-10 4.4634E-10 4.5756E-10 4.6756E-10 4.7825E-10 4.8853E-10 4.9806E-10 5.1066E-10 5.2048E-10 5.3342E-10 5.4353E-10 5.5525E-10 5.6559E-10 5.7760E-10 5.8977E-10 6.0209E-10 6.1293E-10 6.2794E-10 6.3910E-10 6.5446E-10 6.6843E-10 6.8259E-10 6.9778E-10 7.0982E-10 7.2542E-10 7.4129E-10 7.5559E-10 7.7184E-10 7.8653E-10 8.0050E-10 8.1460E-10 8.3161E-10 8.4510E-10 8.6246E-10 8.7624E-10 8.9296E-10 9.0848E-10 9.2359E-10 9.4036E-10 9.5629E-10 9.7336E-10 9.8959E-10 1.0059E-09 1.0240E-09 1.0407E-09
