Assets/Resources/2015_m01_d15_1700(utc+0800)_l00_csi_1hr_conc.grd
DSAA
         159         159
     -79.000      79.000
     -79.000      79.000
  0.0000E+00  0.4864E-05
[rows 0 to 24 of 159, columns 0 to 56 of 159]
8.3345E-10 8.6686E-10 9.1844E-10 9.5360E-10 9.8023E-10 1.0031E-09 1.0262E-09 1.0464E-09 1.0668E-09 1.0910E-09 1.1121E-09 1.1494E-09 1.1979E-09 1.2635E-09 1.2918E-09 1.3206E-09 1.3653E-09 1.4055E-09 1.4610E-09 1.5186E-09 1.5512E-09 1.5934E-09 1.6296E-09 1.6889E-09 1.7344E-09 1.7650E-09 1.8276E-09 1.8588E-09 1.8900E-09 1.9211E-09 1.9686E-09 1.9998E-09 2.0308E-09 2.0616E-09 2.0921E-09 2.1225E-09 2.1525E-09 2.1826E-09 2.2123E-09 2.2503E-09 2.2793E-09 2.3077E-09 2.3356E-09 2.3630E-09 2.3898E-09 2.4162E-09 2.4419E-09 2.4671E-09 2.4917E-09 2.5155E-09 2.5388E-09 2.5614E-09 2.5832E-09 2.6135E-09 2.6338E-09 2.6443E-09 2.6630E-09
8.6091E-10 8.9493E-10 9.3806E-10 9.7412E-10 9.9716E-10 1.0204E-09 1.0407E-09 1.0613E-09 1.0857E-09 1.1069E-09 1.1508E-09 1.2074E-09 1.2601E-09 1.2887E-09 1.3179E-09 1.3705E-09 1.4329E-09 1.4907E-09 1.5194E-09 1.5594E-09 1.6028E-09 1.6478E-09 1.7087E-09 1.7716E-09 1.8037E-09 1.8358E-09 1.8680E-09 1.9084E-09 1.9489E-09 1.9812E-09 2.0134E-09 2.0455E-09 2.0773E-09 2.1092E-09 2.1410E-09 2.1725E-09 2.2126E-09 2.2434E-09 2.2738E-09 2.3038E-09 2.3333E-09 2.3624E-09 2.3911E-09 2.4284E-09 2.4561E-09 2.4833E-09 2.5232E-09 2.5695E-09 2.5951E-09 2.6200E-09 2.6441E-09 2.6674E-09 2.6900E-09 2.7118E-09 2.7327E-09 2.7528E-09 2.7720E-09
8.8851E-10 9.2701E-10 9.6755E-10 9.8727E-10 1.0140E-09 1.0345E-09 1.0552E-09 1.0798E-09 1.1011E-09 1.1519E-09 1.2311E-09 1.2597E-09 1.2849E-09 1.3272E-09 1.3888E-09 1.4610E-09 1.4900E-09 1.5193E-09 1.5667E-09 1.6191E-09 1.6805E-09 1.7440E-09 1.7769E-09 1.8099E-09 1.8429E-09 1.8924E-09 1.9258E-09 1.9592E-09 1.9925E-09 2.0258E-09 2.0590E-09 2.0924E-09 2.1256E-09 2.1674E-09 2.1999E-09 2.2321E-09 2.2641E-09 2.2957E-09 2.3269E-09 2.3670E-09 2.3976E-09 2.4409E-09 2.4911E-09 2.5206E-09 2.5496E-09 2.5779E-09 2.6186E-09 2.6457E-09 2.6721E-09 2.7276E-09 2.7526E-09 2.7769E-09 2.8002E-09 2.8227E-09 2.8442E-09 2.8648E-09 2.8844E-09
9.2010E-10 9.5306E-10 9.8033E-10 1.0039E-09 1.0277E-09 1.0486E-09 1.0697E-09 1.0948E-09 1.1731E-09 1.2260E-09 1.2548E-09 1.2803E-09 1.3371E-09 1.4000E-09 1.4588E-09 1.4884E-09 1.5225E-09 1.5811E-09 1.6347E-09 1.7138E-09 1.7474E-09 1.7811E-09 1.8149E-09 1.8652E-09 1.8996E-09 1.9339E-09 1.9683E-09 2.0026E-09 2.0372E-09 2.0718E-09 2.1151E-09 2.1493E-09 2.1833E-09 2.2169E-09 2.2504E-09 2.2927E-09 2.3257E-09 2.3584E-09 2.4244E-09 2.4569E-09 2.4889E-09 2.5334E-09 2.5850E-09 2.6255E-09 2.6560E-09 2.6858E-09 2.7277E-09 2.7562E-09 2.7837E-09 2.8105E-09 2.8363E-09 2.8612E-09 2.8852E-09 2.9224E-09 2.9446E-09 2.9657E-09 2.9859E-09
9.3923E-10 9.7292E-10 9.9660E-10 1.0205E-09 1.0415E-09 1.0627E-09 1.0880E-09 1.1950E-09 1.2201E-09 1.2492E-09 1.2750E-09 1.3323E-09 1.4259E-09 1.4557E-09 1.4858E-09 1.5270E-09 1.5871E-09 1.6499E-09 1.7152E-09 1.7496E-09 1.7840E-09 1.8350E-09 1.8702E-09 1.9055E-09 1.9407E-09 1.9760E-09 2.0118E-09 2.0476E-09 2.0921E-09 2.1274E-09 2.1627E-09 2.1978E-09 2.2418E-09 2.2766E-09 2.3112E-09 2.3792E-09 2.4139E-09 2.4482E-09 2.5158E-09 2.5595E-09 2.5935E-09 2.6397E-09 2.6726E-09 2.7046E-09 2.7360E-09 2.7860E-09 2.8377E-09 2.8672E-09 2.8959E-09 2.9238E-09 2.9507E-09 2.9766E-09 3.0154E-09 3.0393E-09 3.0622E-09 3.0839E-09 3.1045E-09
9.6507E-10 9.8881E-10 1.0128E-09 1.0339E-09 1.0552E-09 1.0806E-09 1.1882E-09 1.2135E-09 1.2391E-09 1.2763E-09 1.3622E-09 1.4214E-09 1.4517E-09 1.4822E-09 1.5385E-09 1.6152E-09 1.6806E-09 1.7154E-09 1.7505E-09 1.7939E-09 1.8379E-09 1.8739E-09 1.9100E-09 1.9462E-09 1.9830E-09 2.0285E-09 2.0653E-09 2.1018E-09 2.1383E-09 2.1747E-09 2.2201E-09 2.2564E-09 2.2924E-09 2.3624E-09 2.3988E-09 2.4687E-09 2.5150E-09 2.5515E-09 2.6004E-09 2.6359E-09 2.6760E-09 2.7461E-09 2.7804E-09 2.8143E-09 2.8475E-09 2.8936E-09 2.9253E-09 2.9778E-09 3.0079E-09 3.0368E-09 3.0647E-09 3.0915E-09 3.1309E-09 3.1556E-09 3.1790E-09 3.2013E-09 3.2223E-09
9.8057E-10 1.0046E-09 1.0257E-09 1.0472E-09 1.0726E-09 1.1807E-09 1.2062E-09 1.2321E-09 1.2696E-09 1.3561E-09 1.4160E-09 1.4467E-09 1.4776E-09 1.5416E-09 1.6124E-09 1.6789E-09 1.7144E-09 1.7501E-09 1.8027E-09 1.8394E-09 1.8762E-09 1.9132E-09 1.9507E-09 1.9972E-09 2.0350E-09 2.0726E-09 2.1101E-09 2.1477E-09 2.1944E-09 2.2320E-09 2.3030E-09 2.3412E-09 2.3793E-09 2.4610E-09 2.4999E-09 2.5511E-09 2.5943E-09 2.6320E-09 2.7051E-09 2.7427E-09 2.7798E-09 2.8301E-09 2.8882E-09 2.9238E-09 2.9637E-09 3.0111E-09 3.0441E-09 3.0761E-09 3.1070E-09 3.1367E-09 3.1804E-09 3.2081E-09 3.2577E-09 3.2831E-09 3.3072E-09 3.3301E-09 3.3517E-09
9.9590E-10 1.0171E-09 1.0387E-09 1.0642E-09 1.1725E-09 1.1983E-09 1.2243E-09 1.2621E-09 1.3790E-09 1.4097E-09 1.4407E-09 1.4798E-09 1.5587E-09 1.6402E-09 1.6760E-09 1.7121E-09 1.7649E-09 1.8021E-09 1.8395E-09 1.8772E-09 1.9152E-09 1.9538E-09 2.0013E-09 2.0398E-09 2.0783E-09 2.1171E-09 2.1653E-09 2.2044E-09 2.2766E-09 2.3163E-09 2.3767E-09 2.4399E-09 2.4807E-09 2.5389E-09 2.5790E-09 2.6545E-09 2.6950E-09 2.7351E-09 2.8106E-09 2.8558E-09 2.8949E-09 2.9468E-09 2.9843E-09 3.0209E-09 3.0622E-09 3.1353E-09 3.1697E-09 3.2031E-09 3.2355E-09 3.2668E-09 3.3116E-09 3.3405E-09 3.3681E-09 3.3944E-09 3.4193E-09 3.4427E-09 3.4648E-09
1.0080E-09 1.0297E-09 1.0552E-09 1.1637E-09 1.1896E-09 1.2159E-09 1.2538E-09 1.3714E-09 1.4024E-09 1.4338E-09 1.4733E-09 1.5683E-09 1.6354E-09 1.6719E-09 1.7086E-09 1.7623E-09 1.8002E-09 1.8383E-09 1.8768E-09 1.9160E-09 1.9643E-09 2.0036E-09 2.0430E-09 2.0827E-09 2.1319E-09 2.1721E-09 2.2121E-09 2.2867E-09 2.3489E-09 2.4139E-09 2.4562E-09 2.5164E-09 2.5584E-09 2.6364E-09 2.6792E-09 2.7628E-09 2.8059E-09 2.8483E-09 2.9036E-09 2.9445E-09 2.9903E-09 3.0682E-09 3.1077E-09 3.1465E-09 3.1844E-09 3.2362E-09 3.3009E-09 3.3359E-09 3.3695E-09 3.4018E-09 3.4474E-09 3.4772E-09 3.5057E-09 3.5327E-09 3.5582E-09 3.5822E-09 3.5993E-09
1.0202E-09 1.0595E-09 1.1445E-09 1.1803E-09 1.2067E-09 1.2449E-09 1.3629E-09 1.3942E-09 1.4259E-09 1.4658E-09 1.5930E-09 1.6295E-09 1.6665E-09 1.7038E-09 1.7583E-09 1.7969E-09 1.8357E-09 1.8752E-09 1.9153E-09 1.9642E-09 2.0044E-09 2.0448E-09 2.0949E-09 2.1361E-09 2.1771E-09 2.2524E-09 2.3159E-09 2.3822E-09 2.4261E-09 2.4879E-09 2.5316E-09 2.6118E-09 2.6567E-09 2.7433E-09 2.7885E-09 2.8468E-09 2.8965E-09 2.9402E-09 3.0215E-09 3.0706E-09 3.1135E-09 3.1936E-09 3.2353E-09 3.2758E-09 3.3152E-09 3.3680E-09 3.4054E-09 3.4414E-09 3.4762E-09 3.5096E-09 3.5417E-09 3.5723E-09 3.6015E-09 3.6292E-09 3.6554E-09 3.6800E-09 3.7030E-09
1.0322E-09 1.1345E-09 1.1704E-09 1.1969E-09 1.2352E-09 1.3495E-09 1.3851E-09 1.4171E-09 1.4574E-09 1.5854E-09 1.6224E-09 1.6598E-09 1.7141E-09 1.7530E-09 1.7922E-09 1.8317E-09 1.8723E-09 1.9219E-09 1.9627E-09 2.0037E-09 2.0453E-09 2.0964E-09 2.1384E-09 2.2141E-09 2.2581E-09 2.3459E-09 2.3914E-09 2.4549E-09 2.5006E-09 2.5824E-09 2.6348E-09 2.7184E-09 2.7659E-09 2.8264E-09 2.8786E-09 2.9533E-09 3.0154E-09 3.0621E-09 3.1463E-09 3.1921E-09 3.2369E-09 3.2954E-09 3.3386E-09 3.3809E-09 3.4220E-09 3.4619E-09 3.5006E-09 3.5379E-09 3.5738E-09 3.6083E-09 3.6413E-09 3.6728E-09 3.7028E-09 3.7312E-09 3.7579E-09 3.7830E-09 3.8063E-09
1.1178E-09 1.1598E-09 1.1864E-09 1.2210E-09 1.3330E-09 1.3751E-09 1.4073E-09 1.4480E-09 1.5766E-09 1.6140E-09 1.6520E-09 1.7070E-09 1.7464E-09 1.7862E-09 1.8265E-09 1.8678E-09 1.9180E-09 1.9596E-09 2.0016E-09 2.0532E-09 2.0961E-09 2.1390E-09 2.2166E-09 2.2828E-09 2.3519E-09 2.4166E-09 2.4637E-09 2.5468E-09 2.6010E-09 2.6864E-09 2.7361E-09 2.8042E-09 2.8587E-09 2.9457E-09 2.9958E-09 3.0684E-09 3.1330E-09 3.1819E-09 3.2445E-09 3.2924E-09 3.3392E-09 3.3849E-09 3.4296E-09 3.4731E-09 3.5153E-09 3.5563E-09 3.5959E-09 3.6342E-09 3.6711E-09 3.7065E-09 3.7404E-09 3.7728E-09 3.8035E-09 3.8326E-09 3.8600E-09 3.8857E-09 3.9097E-09
1.1485E-09 1.1753E-09 1.2100E-09 1.3219E-09 1.3642E-09 1.3967E-09 1.4376E-09 1.5624E-09 1.6045E-09 1.6429E-09 1.6985E-09 1.7384E-09 1.7787E-09 1.8200E-09 1.8706E-09 1.9127E-09 1.9550E-09 1.9976E-09 2.0504E-09 2.0941E-09 2.1583E-09 2.2380E-09 2.3078E-09 2.3609E-09 2.4221E-09 2.4704E-09 2.5616E-09 2.6486E-09 2.7001E-09 2.7702E-09 2.8270E-09 2.9164E-09 2.9690E-09 3.0595E-09 3.1121E-09 3.1642E-09 3.2303E-09 3.2812E-09 3.3313E-09 3.3804E-09 3.4284E-09 3.4755E-09 3.5214E-09 3.5662E-09 3.6098E-09 3.6522E-09 3.6932E-09 3.7327E-09 3.7708E-09 3.8073E-09 3.8421E-09 3.8753E-09 3.9068E-09 3.9366E-09 3.9645E-09 3.9905E-09 4.0149E-09
1.1635E-09 1.1983E-09 1.3037E-09 1.3524E-09 1.3851E-09 1.4263E-09 1.5448E-09 1.5938E-09 1.6326E-09 1.6887E-09 1.7291E-09 1.7700E-09 1.8119E-09 1.8632E-09 1.9058E-09 1.9488E-09 1.9922E-09 2.0457E-09 2.0904E-09 2.1690E-09 2.2372E-09 2.3086E-09 2.3757E-09 2.4252E-09 2.5168E-09 2.5912E-09 2.6583E-09 2.7302E-09 2.7889E-09 2.8652E-09 2.9353E-09 3.0284E-09 3.0837E-09 3.1531E-09 3.2078E-09 3.2618E-09 3.3149E-09 3.3674E-09 3.4191E-09 3.4699E-09 3.5199E-09 3.5687E-09 3.6164E-09 3.6630E-09 3.7082E-09 3.7520E-09 3.7942E-09 3.8350E-09 3.8742E-09 3.9117E-09 3.9475E-09 3.9816E-09 4.0139E-09 4.0445E-09 4.0732E-09 4.1000E-09 4.1250E-09
1.1859E-09 1.2844E-09 1.3398E-09 1.3726E-09 1.4140E-09 1.5327E-09 1.5820E-09 1.6211E-09 1.6776E-09 1.7185E-09 1.7598E-09 1.8024E-09 1.8542E-09 1.8974E-09 1.9411E-09 1.9943E-09 2.0392E-09 2.0850E-09 2.1650E-09 2.2566E-09 2.3124E-09 2.3757E-09 2.4319E-09 2.5207E-09 2.6107E-09 2.6708E-09 2.7447E-09 2.7997E-09 2.8946E-09 2.9752E-09 3.0478E-09 3.1197E-09 3.1772E-09 3.2340E-09 3.2904E-09 3.3463E-09 3.4016E-09 3.4562E-09 3.5097E-09 3.5625E-09 3.6140E-09 3.6644E-09 3.7135E-09 3.7612E-09 3.8075E-09 3.8524E-09 3.8959E-09 3.9377E-09 3.9779E-09 4.0164E-09 4.0533E-09 4.0882E-09 4.1214E-09 4.1527E-09 4.1821E-09 4.2095E-09 4.2349E-09
1.2606E-09 1.3223E-09 1.3593E-09 1.4008E-09 1.5128E-09 1.5690E-09 1.6084E-09 1.6653E-09 1.7065E-09 1.7484E-09 1.7915E-09 1.8437E-09 1.8876E-09 1.9319E-09 1.9858E-09 2.0313E-09 2.0776E-09 2.1591E-09 2.2519E-09 2.3212E-09 2.3733E-09 2.4528E-09 2.5441E-09 2.6140E-09 2.6946E-09 2.7512E-09 2.8471E-09 2.9295E-09 3.0044E-09 3.0642E-09 3.1387E-09 3.1984E-09 3.2578E-09 3.3170E-09 3.3755E-09 3.4333E-09 3.4905E-09 3.5467E-09 3.6020E-09 3.6560E-09 3.7091E-09 3.7610E-09 3.8118E-09 3.8612E-09 3.9093E-09 3.9558E-09 4.0008E-09 4.0441E-09 4.0856E-09 4.1253E-09 4.1631E-09 4.1990E-09 4.2329E-09 4.2648E-09 4.2946E-09 4.3223E-09 4.3479E-09
1.3019E-09 1.3451E-09 1.3867E-09 1.4916E-09 1.5548E-09 1.5945E-09 1.6517E-09 1.6933E-09 1.7355E-09 1.7791E-09 1.8319E-09 1.8762E-09 1.9210E-09 1.9756E-09 2.0218E-09 2.0685E-09 2.1718E-09 2.2451E-09 2.3152E-09 2.3740E-09 2.4645E-09 2.5432E-09 2.6254E-09 2.6969E-09 2.7556E-09 2.8542E-09 2.9538E-09 3.0158E-09 3.0925E-09 3.1548E-09 3.2170E-09 3.2790E-09 3.3404E-09 3.4015E-09 3.4619E-09 3.5217E-09 3.5806E-09 3.6387E-09 3.6960E-09 3.7523E-09 3.8074E-09 3.8613E-09 3.9137E-09 3.9646E-09 4.0140E-09 4.0617E-09 4.1078E-09 4.1522E-09 4.1948E-09 4.2355E-09 4.2744E-09 4.3112E-09 4.3461E-09 4.3789E-09 4.4096E-09 4.4381E-09 4.4645E-09
1.3301E-09 1.3718E-09 1.4693E-09 1.5288E-09 1.5795E-09 1.6369E-09 1.6788E-09 1.7214E-09 1.7654E-09 1.8185E-09 1.8633E-09 1.9086E-09 1.9638E-09 2.0106E-09 2.0579E-09 2.1621E-09 2.2416E-09 2.3071E-09 2.3673E-09 2.4597E-09 2.5591E-09 2.6234E-09 2.6967E-09 2.7805E-09 2.8816E-09 2.9602E-09 3.0388E-09 3.1034E-09 3.1681E-09 3.2326E-09 3.2969E-09 3.3608E-09 3.4246E-09 3.4877E-09 3.5503E-09 3.6121E-09 3.6732E-09 3.7334E-09 3.7925E-09 3.8503E-09 3.9069E-09 3.9621E-09 4.0160E-09 4.0683E-09 4.1192E-09 4.1684E-09 4.2159E-09 4.2616E-09 4.3054E-09 4.3473E-09 4.3871E-09 4.4249E-09 4.4606E-09 4.4942E-09 4.5255E-09 4.5547E-09 4.5815E-09
1.3560E-09 1.4532E-09 1.5126E-09 1.5639E-09 1.6226E-09 1.6652E-09 1.7082E-09 1.7527E-09 1.8065E-09 1.8520E-09 1.8980E-09 1.9540E-09 2.0016E-09 2.0499E-09 2.1548E-09 2.2356E-09 2.3024E-09 2.3636E-09 2.4801E-09 2.5594E-09 2.6389E-09 2.7008E-09 2.8024E-09 2.8904E-09 2.9709E-09 3.0515E-09 3.1182E-09 3.1847E-09 3.2512E-09 3.3177E-09 3.3840E-09 3.4500E-09 3.5154E-09 3.5804E-09 3.6446E-09 3.7074E-09 3.7688E-09 3.8294E-09 3.8897E-09 3.9496E-09 4.0083E-09 4.0657E-09 4.1217E-09 4.1761E-09 4.2288E-09 4.2797E-09 4.3287E-09 4.3759E-09 4.4210E-09 4.4640E-09 4.5050E-09 4.5438E-09 4.5803E-09 4.6144E-09 4.6461E-09 4.6754E-09 4.7023E-09
1.4213E-09 1.4887E-09 1.5469E-09 1.6057E-09 1.6482E-09 1.6915E-09 1.7363E-09 1.7904E-09 1.8363E-09 1.8828E-09 1.9392E-09 1.9873E-09 2.0362E-09 2.1415E-09 2.2231E-09 2.2908E-09 2.3526E-09 2.4705E-09 2.5568E-09 2.6325E-09 2.6960E-09 2.7995E-09 2.9053E-09 2.9732E-09 3.0561E-09 3.1248E-09 3.1935E-09 3.2628E-09 3.3318E-09 3.4008E-09 3.4690E-09 3.5376E-09 3.6055E-09 3.6730E-09 3.7397E-09 3.8057E-09 3.8705E-09 3.9334E-09 3.9953E-09 4.0563E-09 4.1168E-09 4.1759E-09 4.2333E-09 4.2891E-09 4.3431E-09 4.3954E-09 4.4456E-09 4.4937E-09 4.5397E-09 4.5835E-09 4.6249E-09 4.6642E-09 4.7016E-09 4.7366E-09 4.7692E-09 4.7994E-09 4.8270E-09
1.4636E-09 1.5246E-09 1.5874E-09 1.6301E-09 1.6737E-09 1.7185E-09 1.7730E-09 1.8191E-09 1.8660E-09 1.9228E-09 1.9714E-09 2.0208E-09 2.1265E-09 2.2084E-09 2.2823E-09 2.3400E-09 2.4639E-09 2.5459E-09 2.6234E-09 2.6886E-09 2.7939E-09 2.9013E-09 2.9857E-09 3.0565E-09 3.1271E-09 3.1984E-09 3.2699E-09 3.3416E-09 3.4133E-09 3.4850E-09 3.5565E-09 3.6272E-09 3.6978E-09 3.7676E-09 3.8369E-09 3.9052E-09 3.9727E-09 4.0388E-09 4.1025E-09 4.1644E-09 4.2248E-09 4.2855E-09 4.3448E-09 4.4025E-09 4.4584E-09 4.5123E-09 4.5643E-09 4.6141E-09 4.6616E-09 4.7065E-09 4.7491E-09 4.7891E-09 4.8263E-09 4.8609E-09 4.8931E-09 4.9233E-09 4.9514E-09
1.4990E-09 1.5599E-09 1.6109E-09 1.6545E-09 1.6995E-09 1.7551E-09 1.8027E-09 1.8501E-09 1.9075E-09 1.9567E-09 2.0068E-09 2.1130E-09 2.1956E-09 2.2705E-09 2.3300E-09 2.4556E-09 2.5396E-09 2.6193E-09 2.6865E-09 2.8172E-09 2.9036E-09 2.9905E-09 3.0639E-09 3.1378E-09 3.2119E-09 3.2865E-09 3.3608E-09 3.4353E-09 3.5099E-09 3.5841E-09 3.6581E-09 3.7316E-09 3.8054E-09 3.8779E-09 3.9491E-09 4.0196E-09 4.0887E-09 4.1558E-09 4.2223E-09 4.2874E-09 4.3512E-09 4.4121E-09 4.4722E-09 4.5319E-09 4.5897E-09 4.6450E-09 4.6980E-09 4.7487E-09 4.7974E-09 4.8436E-09 4.8866E-09 4.9267E-09 4.9649E-09 5.0005E-09 5.0329E-09 5.0629E-09 5.0892E-09
1.5272E-09 1.5905E-09 1.6342E-09 1.6791E-09 1.7353E-09 1.7829E-09 1.8305E-09 1.8881E-09 1.9377E-09 1.9881E-09 2.0944E-09 2.1774E-09 2.2526E-09 2.3132E-09 2.4395E-09 2.5239E-09 2.6051E-09 2.6738E-09 2.8062E-09 2.8939E-09 2.9824E-09 3.0579E-09 3.1350E-09 3.2130E-09 3.2901E-09 3.3670E-09 3.4444E-09 3.5218E-09 3.5992E-09 3.6774E-09 3.7548E-09 3.8318E-09 3.9076E-09 3.9829E-09 4.0584E-09 4.1325E-09 4.2051E-09 4.2766E-09 4.3449E-09 4.4118E-09 4.4767E-09 4.5392E-09 4.5997E-09 4.6592E-09 4.7183E-09 4.7756E-09 4.8306E-09 4.8829E-09 4.9326E-09 4.9796E-09 5.0240E-09 5.0655E-09 5.1034E-09 5.1388E-09 5.1712E-09 5.2004E-09 5.2264E-09
1.5691E-09 1.6128E-09 1.6576E-09 1.7053E-09 1.7617E-09 1.8095E-09 1.8582E-09 1.9172E-09 1.9690E-09 2.0429E-09 2.1599E-09 2.2359E-09 2.2971E-09 2.4241E-09 2.5097E-09 2.5920E-09 2.6622E-09 2.7965E-09 2.8860E-09 2.9766E-09 3.0553E-09 3.1352E-09 3.2155E-09 3.2960E-09 3.3767E-09 3.4570E-09 3.5378E-09 3.6191E-09 3.7004E-09 3.7806E-09 3.8607E-09 3.9412E-09 4.0212E-09 4.0991E-09 4.1760E-09 4.2516E-09 4.3253E-09 4.3973E-09 4.4676E-09 4.5365E-09 4.6037E-09 4.6681E-09 4.7305E-09 4.7910E-09 4.8501E-09 4.9090E-09 4.9657E-09 5.0196E-09 5.0706E-09 5.1189E-09 5.1641E-09 5.2062E-09 5.2453E-09 5.2815E-09 5.3139E-09 5.3436E-09 5.3698E-09
1.5903E-09 1.6350E-09 1.6827E-09 1.7392E-09 1.7872E-09 1.8361E-09 1.8952E-09 1.9475E-09 2.0010E-09 2.1251E-09 2.2145E-09 2.2759E-09 2.3813E-09 2.4894E-09 2.5722E-09 2.6440E-09 2.7817E-09 2.8738E-09 2.9673E-09 3.0485E-09 3.1306E-09 3.2134E-09 3.2971E-09 3.3817E-09 3.4671E-09 3.5529E-09 3.6375E-09 3.7218E-09 3.8070E-09 3.8922E-09 3.9769E-09 4.0603E-09 4.1438E-09 4.2253E-09 4.3056E-09 4.3852E-09 4.4632E-09 4.5397E-09 4.6142E-09 4.6866E-09 4.7568E-09 4.8236E-09 4.8881E-09 4.9500E-09 5.0101E-09 5.0688E-09 5.1271E-09 5.1823E-09 5.2342E-09 5.2830E-09 5.3289E-09 5.3717E-09 5.4104E-09 5.4455E-09 5.4783E-09 5.5080E-09 5.5345E-09
