Assets/Resources/2015_m01_d26_0300(utc+0800)_l00_csi_1hr_conc.grd
DSAA
         159         159
     -79.000      79.000
     -79.000      79.000
  0.0000E+00  0.2647E-04
[rows 0 to 24 of 159, columns 0 to 56 of 159]
1.3736E-11 1.8957E-11 2.6380E-11 3.3171E-11 4.0622E-11 4.7125E-11 5.4147E-11 5.8900E-11 6.4075E-11 6.9689E-11 7.4155E-11 8.0406E-11 8.4526E-11 9.1248E-11 9.6621E-11 1.0223E-10 1.0968E-10 1.1498E-10 1.2296E-10 1.2958E-10 1.3562E-10 1.4443E-10 1.5185E-10 1.5955E-10 1.6919E-10 1.7663E-10 1.8611E-10 1.9585E-10 2.0513E-10 2.1557E-10 2.2638E-10 2.3761E-10 2.5007E-10 2.6003E-10 2.7330E-10 2.8594E-10 2.9791E-10 3.1125E-10 3.2389E-10 3.3896E-10 3.5228E-10 3.6697E-10 3.8094E-10 3.9667E-10 4.1438E-10 4.3100E-10 4.4634E-10 4.6517E-10 4.8320E-10 5.0883E-10 5.3112E-10 5.6054E-10 5.8053E-10 5.9909E-10 6.2093E-10 6.5408E-10 6.7358E-10
1.4523E-11 2.0293E-11 2.7518E-11 3.4252E-11 4.1425E-11 4.7831E-11 5.4434E-11 5.8637E-11 6.5403E-11 6.8911E-11 7.4975E-11 7.9696E-11 8.4635E-11 9.1401E-11 9.6013E-11 1.0328E-10 1.0919E-10 1.1535E-10 1.2339E-10 1.2927E-10 1.3705E-10 1.4510E-10 1.5178E-10 1.6125E-10 1.6934E-10 1.7686E-10 1.8820E-10 1.9732E-10 2.0761E-10 2.1826E-10 2.2837E-10 2.4166E-10 2.5150E-10 2.6365E-10 2.7719E-10 2.8907E-10 3.0233E-10 3.1698E-10 3.2993E-10 3.4322E-10 3.5790E-10 3.7186E-10 3.9020E-10 4.0541E-10 4.2210E-10 4.3862E-10 4.5804E-10 4.7848E-10 5.0723E-10 5.3514E-10 5.5663E-10 5.7524E-10 5.9546E-10 6.3055E-10 6.5025E-10 6.8422E-10 7.0477E-10
1.4358E-11 2.1796E-11 2.7261E-11 3.5675E-11 4.1867E-11 4.9523E-11 5.4103E-11 5.9878E-11 6.4560E-11 6.8861E-11 7.4953E-11 7.8906E-11 8.6257E-11 9.0693E-11 9.6953E-11 1.0346E-10 1.0860E-10 1.1646E-10 1.2295E-10 1.2970E-10 1.3838E-10 1.4487E-10 1.5331E-10 1.6204E-10 1.6938E-10 1.8052E-10 1.8946E-10 1.9775E-10 2.1005E-10 2.2000E-10 2.3127E-10 2.4282E-10 2.5484E-10 2.6825E-10 2.8001E-10 2.9318E-10 3.0670E-10 3.2061E-10 3.3384E-10 3.4848E-10 3.6241E-10 3.8232E-10 3.9761E-10 4.1384E-10 4.3251E-10 4.5046E-10 4.8158E-10 5.1048E-10 5.2855E-10 5.4878E-10 5.6878E-10 6.0579E-10 6.2403E-10 6.5804E-10 6.8061E-10 6.9990E-10 7.2698E-10
1.4589E-11 2.2101E-11 2.7493E-11 3.6329E-11 4.2367E-11 4.9723E-11 5.3748E-11 6.0340E-11 6.3672E-11 7.0335E-11 7.4116E-11 7.9684E-11 8.5487E-11 8.9926E-11 9.7833E-11 1.0279E-10 1.0961E-10 1.1670E-10 1.2242E-10 1.3090E-10 1.3800E-10 1.4540E-10 1.5475E-10 1.6191E-10 1.7198E-10 1.8062E-10 1.8967E-10 2.0176E-10 2.1154E-10 2.2263E-10 2.3401E-10 2.4587E-10 2.5812E-10 2.7076E-10 2.8379E-10 2.9720E-10 3.1102E-10 3.2416E-10 3.3873E-10 3.5513E-10 3.7252E-10 3.8889E-10 4.0404E-10 4.2431E-10 4.5019E-10 4.8409E-10 5.0159E-10 5.2317E-10 5.4192E-10 5.7997E-10 6.1033E-10 6.3075E-10 6.5336E-10 6.7451E-10 7.1001E-10 7.3441E-10 7.5947E-10
1.4002E-11 2.1864E-11 3.0216E-11 3.5870E-11 4.4426E-11 4.9313E-11 5.4134E-11 5.9402E-11 6.3522E-11 6.9434E-11 7.3204E-11 8.0382E-11 8.4635E-11 9.1519E-11 9.7060E-11 1.0285E-10 1.1053E-10 1.1605E-10 1.2348E-10 1.3119E-10 1.3752E-10 1.4667E-10 1.5445E-10 1.6252E-10 1.7273E-10 1.8158E-10 1.9344E-10 2.0302E-10 2.1294E-10 2.2512E-10 2.3680E-10 2.4887E-10 2.6135E-10 2.7423E-10 2.8751E-10 3.0120E-10 3.1422E-10 3.2870E-10 3.4502E-10 3.6237E-10 3.7871E-10 3.9383E-10 4.1795E-10 4.5566E-10 4.7566E-10 4.9214E-10 5.1389E-10 5.5046E-10 5.8360E-10 6.0242E-10 6.2659E-10 6.4780E-10 6.8750E-10 7.0807E-10 7.4595E-10 7.6923E-10 7.9084E-10
1.5137E-11 2.1491E-11 2.9903E-11 3.5455E-11 4.3943E-11 4.8879E-11 5.4684E-11 5.8423E-11 6.4897E-11 6.8487E-11 7.3866E-11 7.9482E-11 8.4547E-11 9.1461E-11 9.6226E-11 1.0368E-10 1.0979E-10 1.1616E-10 1.2446E-10 1.3059E-10 1.3867E-10 1.4704E-10 1.5405E-10 1.6487E-10 1.7349E-10 1.8427E-10 1.9352E-10 2.0420E-10 2.1616E-10 2.2764E-10 2.3952E-10 2.5181E-10 2.6452E-10 2.7763E-10 2.9117E-10 3.0406E-10 3.1947E-10 3.3613E-10 3.5190E-10 3.6818E-10 3.8496E-10 4.1280E-10 4.4721E-10 4.6562E-10 4.8545E-10 5.1378E-10 5.5607E-10 5.7478E-10 5.9720E-10 6.1998E-10 6.5402E-10 6.8033E-10 7.1846E-10 7.4195E-10 7.6383E-10 7.8788E-10 8.2706E-10
1.5836E-11 2.0600E-11 2.9878E-11 3.6972E-11 4.4022E-11 4.8607E-11 5.4263E-11 5.8186E-11 6.3901E-11 6.7471E-11 7.4454E-11 7.8505E-11 8.5197E-11 9.0540E-11 9.6137E-11 1.0363E-10 1.0895E-10 1.1702E-10 1.2373E-10 1.3074E-10 1.3970E-10 1.4649E-10 1.5621E-10 1.6544E-10 1.7320E-10 1.8500E-10 1.9544E-10 2.0628E-10 2.1842E-10 2.2909E-10 2.4218E-10 2.5469E-10 2.6762E-10 2.8098E-10 2.9371E-10 3.0897E-10 3.2550E-10 3.4278E-10 3.5735E-10 3.8046E-10 4.1929E-10 4.3780E-10 4.5510E-10 4.8068E-10 5.1315E-10 5.4647E-10 5.6532E-10 5.8959E-10 6.1930E-10 6.5140E-10 6.8961E-10 7.1319E-10 7.3523E-10 7.5948E-10 7.9904E-10 8.2693E-10 8.6355E-10
1.4392E-11 2.0731E-11 2.9160E-11 3.8046E-11 4.3132E-11 4.9668E-11 5.3206E-11 5.8706E-11 6.2859E-11 6.8032E-11 7.3441E-11 7.8298E-11 8.5007E-11 8.9562E-11 9.6820E-11 1.0272E-10 1.0889E-10 1.1700E-10 1.2293E-10 1.3166E-10 1.3902E-10 1.4670E-10 1.5652E-10 1.6499E-10 1.7651E-10 1.8574E-10 1.9632E-10 2.0821E-10 2.1964E-10 2.3249E-10 2.4478E-10 2.5750E-10 2.7067E-10 2.8320E-10 2.9829E-10 3.1621E-10 3.3181E-10 3.4625E-10 3.7305E-10 4.0839E-10 4.2687E-10 4.4589E-10 4.7767E-10 5.1656E-10 5.3629E-10 5.5863E-10 5.8565E-10 6.1976E-10 6.5962E-10 6.8132E-10 7.0525E-10 7.2763E-10 7.6934E-10 7.9748E-10 8.3454E-10 8.5892E-10 8.8858E-10
1.3728E-11 2.1840E-11 2.7766E-11 3.7202E-11 4.1875E-11 4.8804E-11 5.2096E-11 5.8396E-11 6.1754E-11 6.8521E-11 7.2355E-11 7.8831E-11 8.3956E-11 8.9336E-11 9.6615E-11 1.0172E-10 1.0958E-10 1.1608E-10 1.2372E-10 1.3166E-10 1.3823E-10 1.4862E-10 1.5684E-10 1.6722E-10 1.7706E-10 1.8640E-10 1.9802E-10 2.1018E-10 2.2177E-10 2.3381E-10 2.4629E-10 2.6026E-10 2.7259E-10 2.8747E-10 3.0521E-10 3.2064E-10 3.3491E-10 3.7500E-10 3.9716E-10 4.1558E-10 4.3867E-10 4.8027E-10 5.0692E-10 5.2556E-10 5.4801E-10 5.8340E-10 6.2873E-10 6.5032E-10 6.7415E-10 6.9649E-10 7.3819E-10 7.7938E-10 8.0375E-10 8.2838E-10 8.5834E-10 8.8815E-10 9.1375E-10
1.4235E-11 2.1681E-11 2.8302E-11 3.5828E-11 4.2800E-11 4.6763E-11 5.2754E-11 5.7270E-11 6.2221E-11 6.7406E-11 7.2038E-11 7.8523E-11 8.2849E-11 8.9884E-11 9.5555E-11 1.0233E-10 1.0940E-10 1.1509E-10 1.2443E-10 1.3076E-10 1.4002E-10 1.4881E-10 1.5613E-10 1.6750E-10 1.7754E-10 1.8887E-10 1.9976E-10 2.1107E-10 2.2284E-10 2.3609E-10 2.4980E-10 2.6190E-10 2.7549E-10 2.9408E-10 3.0931E-10 3.2722E-10 3.6357E-10 3.8731E-10 4.0396E-10 4.3255E-10 4.7464E-10 4.9567E-10 5.1431E-10 5.4684E-10 5.9102E-10 6.1855E-10 6.4031E-10 6.6437E-10 7.0585E-10 7.4702E-10 7.7144E-10 7.9620E-10 8.2630E-10 8.5639E-10 8.8230E-10 9.1337E-10 9.4814E-10
1.3819E-11 2.0863E-11 2.7203E-11 3.4310E-11 4.1481E-11 4.4942E-11 5.1650E-11 5.5302E-11 6.2414E-11 6.6227E-11 7.2468E-11 7.7358E-11 8.3319E-11 8.9544E-11 9.4404E-11 1.0285E-10 1.0830E-10 1.1570E-10 1.2341E-10 1.2975E-10 1.3994E-10 1.4794E-10 1.5900E-10 1.6876E-10 1.7891E-10 1.8940E-10 2.0043E-10 2.1292E-10 2.2485E-10 2.3725E-10 2.5117E-10 2.6451E-10 2.8285E-10 2.9786E-10 3.1729E-10 3.5562E-10 3.7555E-10 3.9615E-10 4.2453E-10 4.6299E-10 4.8399E-10 5.0865E-10 5.4104E-10 5.8627E-10 6.0773E-10 6.3150E-10 6.6254E-10 7.0892E-10 7.3788E-10 7.6262E-10 7.9272E-10 8.2293E-10 8.4902E-10 8.8033E-10 9.1538E-10 9.5658E-10 9.8464E-10
1.4190E-11 2.0798E-11 2.8906E-11 3.4003E-11 3.9585E-11 4.4349E-11 4.9596E-11 5.4157E-11 6.0623E-11 6.4569E-11 7.2051E-11 7.6133E-11 8.2923E-11 8.8346E-11 9.4878E-11 1.0169E-10 1.0799E-10 1.1624E-10 1.2232E-10 1.3135E-10 1.3991E-10 1.4892E-10 1.5913E-10 1.6800E-10 1.8015E-10 1.9088E-10 2.0306E-10 2.1470E-10 2.2682E-10 2.3940E-10 2.5351E-10 2.7051E-10 2.8633E-10 3.1731E-10 3.4562E-10 3.6359E-10 3.8407E-10 4.2624E-10 4.5098E-10 4.7192E-10 5.0067E-10 5.4760E-10 5.7479E-10 5.9632E-10 6.2460E-10 6.6179E-10 7.0333E-10 7.2794E-10 7.5295E-10 7.8805E-10 8.1418E-10 8.4558E-10 8.8071E-10 9.0832E-10 9.5049E-10 1.0021E-09 1.0547E-09
1.4605E-11 2.1650E-11 2.8153E-11 3.4478E-11 3.7905E-11 4.4160E-11 4.7569E-11 5.3642E-11 5.8428E-11 6.5140E-11 7.0364E-11 7.5678E-11 8.2465E-11 8.7066E-11 9.5255E-11 1.0044E-10 1.0759E-10 1.1504E-10 1.2198E-10 1.3107E-10 1.3881E-10 1.4965E-10 1.5918E-10 1.6912E-10 1.8041E-10 1.9327E-10 2.0359E-10 2.1642E-10 2.2870E-10 2.4146E-10 2.5923E-10 2.7369E-10 3.0559E-10 3.3420E-10 3.5147E-10 3.7575E-10 4.1402E-10 4.4039E-10 4.5950E-10 4.8987E-10 5.3553E-10 5.6280E-10 5.8435E-10 6.1705E-10 6.6346E-10 6.9242E-10 7.1722E-10 7.5203E-10 7.7806E-10 8.0938E-10 8.3639E-10 8.7212E-10 9.1433E-10 9.6582E-10 1.0187E-09 1.0586E-09 1.1155E-09
1.5439E-11 2.0903E-11 2.7885E-11 3.3478E-11 3.7056E-11 4.2432E-11 4.5740E-11 5.2546E-11 5.6449E-11 6.3892E-11 6.8445E-11 7.5558E-11 8.1143E-11 8.7407E-11 9.3954E-11 9.9976E-11 1.0796E-10 1.1377E-10 1.2338E-10 1.3083E-10 1.4046E-10 1.5054E-10 1.6015E-10 1.7011E-10 1.8062E-10 1.9363E-10 2.0613E-10 2.1809E-10 2.3054E-10 2.4643E-10 2.6214E-10 2.9760E-10 3.2061E-10 3.3923E-10 3.6335E-10 4.0539E-10 4.2782E-10 4.5104E-10 4.9375E-10 5.2755E-10 5.5033E-10 5.7816E-10 6.0894E-10 6.5635E-10 6.8081E-10 7.0577E-10 7.4097E-10 7.7205E-10 7.9895E-10 8.3447E-10 8.7649E-10 9.0553E-10 9.6934E-10 1.0122E-09 1.0775E-09 1.1261E-09 1.1844E-09
1.6087E-11 2.0364E-11 2.8341E-11 3.2672E-11 3.6955E-11 4.0729E-11 4.6358E-11 5.0696E-11 5.6137E-11 6.1888E-11 6.7163E-11 7.4406E-11 7.9324E-11 8.7663E-11 9.2571E-11 1.0027E-10 1.0661E-10 1.1420E-10 1.2302E-10 1.3050E-10 1.4011E-10 1.4938E-10 1.6096E-10 1.7113E-10 1.8277E-10 1.9388E-10 2.0653E-10 2.1968E-10 2.3374E-10 2.5062E-10 2.8413E-10 3.0856E-10 3.2690E-10 3.6298E-10 3.9278E-10 4.1503E-10 4.4218E-10 4.8093E-10 5.1472E-10 5.3743E-10 5.6953E-10 6.1543E-10 6.4402E-10 6.6856E-10 6.9823E-10 7.2915E-10 7.6053E-10 7.8766E-10 8.2360E-10 8.6625E-10 9.2321E-10 9.7198E-10 1.0196E-09 1.0858E-09 1.1210E-09 1.1990E-09 1.2368E-09
1.7677E-11 2.0354E-11 2.8799E-11 3.1130E-11 3.6833E-11 3.9041E-11 4.5373E-11 4.8840E-11 5.5806E-11 5.9882E-11 6.6708E-11 7.2243E-11 7.8736E-11 8.5808E-11 9.1968E-11 9.9665E-11 1.0517E-10 1.1449E-10 1.2165E-10 1.3100E-10 1.4080E-10 1.5014E-10 1.6083E-10 1.7210E-10 1.8286E-10 1.9514E-10 2.0687E-10 2.2123E-10 2.3919E-10 2.7242E-10 2.9498E-10 3.1866E-10 3.5048E-10 3.8005E-10 4.0207E-10 4.2909E-10 4.6784E-10 5.0333E-10 5.2417E-10 5.5631E-10 6.0248E-10 6.3114E-10 6.5571E-10 6.9057E-10 7.2146E-10 7.4824E-10 7.8368E-10 8.2578E-10 8.5506E-10 9.1913E-10 9.7092E-10 1.0219E-09 1.0786E-09 1.1385E-09 1.1947E-09 1.2606E-09 1.3233E-09
1.7145E-11 2.1177E-11 2.7855E-11 3.1072E-11 3.5219E-11 3.8914E-11 4.3613E-11 4.7831E-11 5.3929E-11 5.7900E-11 6.5472E-11 7.0103E-11 7.8154E-11 8.3501E-11 9.0653E-11 9.7941E-11 1.0546E-10 1.1398E-10 1.2211E-10 1.3144E-10 1.3944E-10 1.5074E-10 1.6062E-10 1.7303E-10 1.8493E-10 1.9631E-10 2.0819E-10 2.2679E-10 2.5967E-10 2.7969E-10 3.0632E-10 3.3792E-10 3.6563E-10 3.8898E-10 4.1581E-10 4.5843E-10 4.8988E-10 5.1499E-10 5.5995E-10 5.9376E-10 6.1774E-10 6.4691E-10 6.7732E-10 7.0835E-10 7.3524E-10 7.7092E-10 8.1343E-10 8.4802E-10 9.0791E-10 9.6046E-10 1.0339E-09 1.0701E-09 1.1495E-09 1.1976E-09 1.2636E-09 1.3208E-09 1.3893E-09
1.6662E-11 2.2064E-11 2.7120E-11 3.1657E-11 3.4368E-11 3.8749E-11 4.2646E-11 4.7602E-11 5.2040E-11 5.7581E-11 6.3436E-11 6.8809E-11 7.5965E-11 8.1198E-11 8.9943E-11 9.5717E-11 1.0514E-10 1.1245E-10 1.2236E-10 1.3098E-10 1.4100E-10 1.5141E-10 1.6241E-10 1.7392E-10 1.8491E-10 1.9746E-10 2.1403E-10 2.4331E-10 2.6669E-10 2.9404E-10 3.2537E-10 3.5276E-10 3.7581E-10 4.1502E-10 4.4493E-10 4.7619E-10 5.0538E-10 5.4621E-10 5.7999E-10 6.0389E-10 6.3308E-10 6.6351E-10 6.9462E-10 7.2157E-10 7.5743E-10 8.0027E-10 8.3516E-10 9.0684E-10 9.5555E-10 1.0234E-09 1.0840E-09 1.1412E-09 1.2086E-09 1.2732E-09 1.3415E-09 1.3948E-09 1.4517E-09
1.5663E-11 2.2378E-11 2.5673E-11 3.0860E-11 3.2776E-11 3.8568E-11 4.0904E-11 4.7345E-11 5.0147E-11 5.7265E-11 6.1421E-11 6.8161E-11 7.3797E-11 8.0411E-11 8.7613E-11 9.5076E-11 1.0384E-10 1.1230E-10 1.2276E-10 1.3044E-10 1.4043E-10 1.5102E-10 1.6211E-10 1.7372E-10 1.8691E-10 2.0306E-10 2.3193E-10 2.5489E-10 2.7906E-10 3.1172E-10 3.3835E-10 3.6260E-10 4.0161E-10 4.3127E-10 4.6230E-10 4.9134E-10 5.3215E-10 5.6584E-10 5.9417E-10 6.1878E-10 6.5401E-10 6.8033E-10 7.0728E-10 7.4850E-10 7.9139E-10 8.2769E-10 9.0224E-10 9.6835E-10 1.0118E-09 1.0798E-09 1.1403E-09 1.2224E-09 1.2662E-09 1.3437E-09 1.3917E-09 1.4575E-09 1.5250E-09
1.4655E-11 2.2280E-11 2.5447E-11 2.9337E-11 3.3374E-11 3.6898E-11 4.1472E-11 4.5525E-11 4.9882E-11 5.5309E-11 6.0238E-11 6.6898E-11 7.1620E-11 7.9826E-11 8.5279E-11 9.4377E-11 1.0137E-10 1.1175E-10 1.2069E-10 1.3085E-10 1.4093E-10 1.5263E-10 1.6384E-10 1.7452E-10 1.8572E-10 2.2074E-10 2.3958E-10 2.6700E-10 2.9928E-10 3.2441E-10 3.4769E-10 3.8701E-10 4.1595E-10 4.4827E-10 4.7712E-10 5.1784E-10 5.5139E-10 5.7961E-10 6.0409E-10 6.3928E-10 6.6553E-10 6.9244E-10 7.3375E-10 7.7684E-10 8.1330E-10 8.8831E-10 9.5504E-10 9.9892E-10 1.0678E-09 1.1361E-09 1.2128E-09 1.2575E-09 1.3373E-09 1.4035E-09 1.4718E-09 1.5230E-09 1.6095E-09
1.6737E-11 2.1358E-11 2.5503E-11 2.8178E-11 3.2479E-11 3.5801E-11 4.0473E-11 4.4498E-11 4.9574E-11 5.4158E-11 5.9052E-11 6.5054E-11 7.0956E-11 7.7624E-11 8.4542E-11 9.2977E-11 1.0086E-10 1.1122E-10 1.1912E-10 1.3141E-10 1.4114E-10 1.5216E-10 1.6345E-10 1.7529E-10 2.0867E-10 2.2706E-10 2.5098E-10 2.8694E-10 3.0785E-10 3.3454E-10 3.7354E-10 4.0215E-10 4.3237E-10 4.7577E-10 5.0331E-10 5.3666E-10 5.6473E-10 5.8904E-10 6.2413E-10 6.5027E-10 6.7709E-10 7.2713E-10 7.6162E-10 8.2077E-10 8.7346E-10 9.4069E-10 9.8493E-10 1.0663E-09 1.1294E-09 1.2017E-09 1.2794E-09 1.3291E-09 1.3967E-09 1.4665E-09 1.5456E-09 1.6087E-09 1.6734E-09
1.6912E-11 2.0740E-11 2.4666E-11 2.7053E-11 3.1733E-11 3.4342E-11 3.9828E-11 4.2692E-11 4.9039E-11 5.2195E-11 5.9461E-11 6.2951E-11 7.0075E-11 7.5189E-11 8.3117E-11 9.0399E-11 9.9325E-11 1.0877E-10 1.1860E-10 1.2989E-10 1.4086E-10 1.5271E-10 1.6411E-10 1.9635E-10 2.1312E-10 2.3361E-10 2.7478E-10 2.9528E-10 3.2151E-10 3.6015E-10 3.8445E-10 4.1822E-10 4.6139E-10 4.8866E-10 5.2176E-10 5.4963E-10 5.7372E-10 6.0865E-10 6.3463E-10 6.6131E-10 7.1633E-10 7.4581E-10 7.8238E-10 8.6323E-10 9.3225E-10 9.7635E-10 1.0607E-09 1.1365E-09 1.1889E-09 1.2683E-09 1.3283E-09 1.4055E-09 1.4588E-09 1.5477E-09 1.6058E-09 1.6801E-09 1.7394E-09
1.7460E-11 1.9369E-11 2.3981E-11 2.6192E-11 3.0727E-11 3.4077E-11 3.8488E-11 4.2574E-11 4.7352E-11 5.1438E-11 5.7414E-11 6.2310E-11 6.8763E-11 7.3631E-11 8.2450E-11 8.9045E-11 9.9793E-11 1.0833E-10 1.1903E-10 1.2841E-10 1.3961E-10 1.5144E-10 1.7203E-10 2.0223E-10 2.2044E-10 2.6172E-10 2.8000E-10 3.0540E-10 3.4685E-10 3.7076E-10 4.0411E-10 4.4698E-10 4.7394E-10 5.0675E-10 5.3438E-10 5.5823E-10 5.9294E-10 6.1873E-10 6.4524E-10 7.0018E-10 7.2957E-10 7.6609E-10 8.4690E-10 9.1607E-10 9.6041E-10 1.0452E-09 1.1218E-09 1.1747E-09 1.2554E-09 1.3238E-09 1.3951E-09 1.4753E-09 1.5406E-09 1.6078E-09 1.6764E-09 1.7369E-09 1.7979E-09
1.6380E-11 1.9976E-11 2.2528E-11 2.6742E-11 2.9120E-11 3.3891E-11 3.6726E-11 4.2097E-11 4.5435E-11 5.1450E-11 5.5555E-11 6.1234E-11 6.6985E-11 7.4057E-11 8.0859E-11 8.8578E-11 9.7454E-11 1.0693E-10 1.1764E-10 1.2824E-10 1.4025E-10 1.5210E-10 1.8659E-10 2.0830E-10 2.4836E-10 2.6786E-10 2.9012E-10 3.3371E-10 3.5719E-10 3.9007E-10 4.3259E-10 4.5920E-10 4.9167E-10 5.1902E-10 5.4259E-10 5.7704E-10 6.0259E-10 6.2888E-10 6.8363E-10 7.1288E-10 7.4928E-10 8.2987E-10 8.9214E-10 9.4351E-10 1.0286E-09 1.1057E-09 1.1591E-09 1.2501E-09 1.3200E-09 1.3826E-09 1.4716E-09 1.5312E-09 1.5999E-09 1.6698E-09 1.7318E-09 1.7945E-09 1.8580E-09
1.5875E-11 1.9759E-11 2.1869E-11 2.5830E-11 2.8329E-11 3.2867E-11 3.5800E-11 4.0960E-11 4.4373E-11 5.0202E-11 5.4143E-11 6.0687E-11 6.5211E-11 7.3821E-11 7.9783E-11 8.9571E-11 9.7125E-11 1.0748E-10 1.1627E-10 1.2791E-10 1.3993E-10 1.7272E-10 1.8959E-10 2.1485E-10 2.5594E-10 2.7587E-10 3.2071E-10 3.4079E-10 3.7123E-10 4.1823E-10 4.4447E-10 4.7656E-10 5.0359E-10 5.2687E-10 5.6100E-10 5.8628E-10 6.1233E-10 6.5811E-10 6.9587E-10 7.3211E-10 8.1229E-10 8.6369E-10 9.2586E-10 1.0167E-09 1.0884E-09 1.1490E-09 1.2341E-09 1.3049E-09 1.3682E-09 1.4588E-09 1.5197E-09 1.5976E-09 1.6607E-09 1.7241E-09 1.7885E-09 1.8538E-09 1.9198E-09
