Assets/Resources/2015_m01_d15_2100(utc+0800)_l00_csi_1hr_conc.grd
DSAA
         159         159
     -79.000      79.000
     -79.000      79.000
  0.2204E-10  0.1653E-04
[rows 75 to 99 of 159, columns 0 to 56 of 159]
1.1650E-10 1.2528E-10 1.3500E-10 1.4593E-10 1.5716E-10 1.6922E-10 1.8068E-10 1.9220E-10 2.0463E-10 2.1712E-10 2.3204E-10 2.5060E-10 2.7099E-10 2.9076E-10 3.1407E-10 3.3898E-10 3.6905E-10 4.0179E-10 4.4224E-10 4.8456E-10 5.8009E-10 6.5950E-10 8.3180E-10 9.9552E-10 1.1799E-09 1.4271E-09 1.7336E-09 2.0740E-09 2.5232E-09 3.0251E-09 3.6519E-09 4.3275E-09 5.0335E-09 5.7689E-09 6.5565E-09 7.3571E-09 8.1847E-09 9.0123E-09 9.8356E-09 1.0678E-08 1.1490E-08 1.2302E-08 1.3074E-08 1.3819E-08 1.4515E-08 1.5187E-08 1.5835E-08 1.6469E-08 1.7093E-08 1.7728E-08 1.8413E-08 1.9313E-08 2.1352E-08 2.2566E-08 2.5763E-08 2.8112E-08 3.0417E-08
1.1491E-10 1.2309E-10 1.3266E-10 1.4343E-10 1.5552E-10 1.6638E-10 1.7810E-10 1.8896E-10 2.0164E-10 2.1343E-10 2.2855E-10 2.4470E-10 2.6461E-10 2.8545E-10 3.0813E-10 3.3228E-10 3.6066E-10 3.9203E-10 4.2637E-10 4.7976E-10 5.6275E-10 6.4954E-10 8.0002E-10 9.7187E-10 1.1559E-09 1.3942E-09 1.6879E-09 2.0219E-09 2.4663E-09 2.9511E-09 3.5574E-09 4.2056E-09 4.8827E-09 5.5793E-09 6.3277E-09 7.0850E-09 7.8543E-09 8.6553E-09 9.4368E-09 1.0234E-08 1.1008E-08 1.1779E-08 1.2510E-08 1.3219E-08 1.3877E-08 1.4514E-08 1.5129E-08 1.5735E-08 1.6333E-08 1.6961E-08 1.7755E-08 1.9046E-08 2.0484E-08 2.3283E-08 2.4790E-08 2.7323E-08 2.9279E-08
1.1290E-10 1.2093E-10 1.3126E-10 1.4143E-10 1.5288E-10 1.6356E-10 1.7510E-10 1.8574E-10 1.9821E-10 2.0976E-10 2.2462E-10 2.4040E-10 2.6033E-10 2.8014E-10 3.0136E-10 3.2512E-10 3.5195E-10 3.7848E-10 4.1412E-10 4.6466E-10 5.4863E-10 6.3342E-10 7.5521E-10 9.5134E-10 1.1274E-09 1.3665E-09 1.6453E-09 1.9765E-09 2.4089E-09 2.8723E-09 3.4713E-09 4.0791E-09 4.7224E-09 5.3896E-09 6.0954E-09 6.8135E-09 7.5531E-09 8.3001E-09 9.0373E-09 9.7787E-09 1.0524E-08 1.1256E-08 1.1955E-08 1.2625E-08 1.3249E-08 1.3853E-08 1.4436E-08 1.5015E-08 1.5597E-08 1.6307E-08 1.7228E-08 1.8622E-08 2.1055E-08 2.2163E-08 2.4544E-08 2.6252E-08 2.7022E-08
1.1090E-10 1.1922E-10 1.2896E-10 1.3898E-10 1.5026E-10 1.6076E-10 1.7211E-10 1.8254E-10 1.9480E-10 2.0612E-10 2.2071E-10 2.3612E-10 2.5559E-10 2.7351E-10 2.9550E-10 3.1754E-10 3.4306E-10 3.6918E-10 4.0091E-10 4.4839E-10 5.3731E-10 6.1658E-10 7.3893E-10 9.2107E-10 1.0950E-09 1.3255E-09 1.6010E-09 1.9358E-09 2.3474E-09 2.7985E-09 3.3702E-09 3.9464E-09 4.5595E-09 5.1926E-09 5.8622E-09 6.5438E-09 7.2447E-09 7.9512E-09 8.6518E-09 9.3406E-09 1.0041E-08 1.0736E-08 1.1407E-08 1.2040E-08 1.2637E-08 1.3207E-08 1.3763E-08 1.4315E-08 1.4964E-08 1.5680E-08 1.6953E-08 1.9027E-08 1.9905E-08 2.2032E-08 2.3227E-08 2.4201E-08 2.4867E-08
1.0934E-10 1.1709E-10 1.2669E-10 1.3654E-10 1.4817E-10 1.5843E-10 1.6914E-10 1.7982E-10 1.9142E-10 2.0298E-10 2.1683E-10 2.3234E-10 2.4954E-10 2.6877E-10 2.8915E-10 3.1033E-10 3.3409E-10 3.5973E-10 3.9027E-10 4.4417E-10 5.2077E-10 6.0897E-10 7.1785E-10 8.9827E-10 1.0698E-09 1.2924E-09 1.5615E-09 1.8866E-09 2.2782E-09 2.7178E-09 3.2621E-09 3.8120E-09 4.3967E-09 4.9901E-09 5.6360E-09 6.2777E-09 6.9307E-09 7.6079E-09 8.2607E-09 8.9173E-09 9.5754E-09 1.0224E-08 1.0867E-08 1.1475E-08 1.2031E-08 1.2579E-08 1.3109E-08 1.3703E-08 1.4324E-08 1.5433E-08 1.6863E-08 1.7924E-08 1.9779E-08 2.0616E-08 2.1676E-08 2.2262E-08 2.2835E-08
1.0738E-10 1.1498E-10 1.2443E-10 1.3508E-10 1.4560E-10 1.5568E-10 1.6620E-10 1.7667E-10 1.8807E-10 1.9940E-10 2.1297E-10 2.2812E-10 2.4490E-10 2.6351E-10 2.8250E-10 3.0269E-10 3.2588E-10 3.4909E-10 3.7647E-10 4.2863E-10 5.0424E-10 5.9072E-10 7.0014E-10 8.5851E-10 1.0421E-09 1.2653E-09 1.5190E-09 1.8355E-09 2.2095E-09 2.6389E-09 3.1580E-09 3.6762E-09 4.2289E-09 4.7954E-09 5.4001E-09 6.0099E-09 6.6374E-09 7.2643E-09 7.8881E-09 8.5046E-09 9.1198E-09 9.7318E-09 1.0340E-08 1.0910E-08 1.1454E-08 1.1961E-08 1.2532E-08 1.3080E-08 1.4050E-08 1.4983E-08 1.6163E-08 1.7777E-08 1.8435E-08 1.9429E-08 1.9939E-08 2.0441E-08 2.0942E-08
1.0544E-10 1.1290E-10 1.2265E-10 1.3269E-10 1.4305E-10 1.5295E-10 1.6329E-10 1.7355E-10 1.8474E-10 1.9585E-10 2.0787E-10 2.2267E-10 2.4029E-10 2.5714E-10 2.7623E-10 2.9593E-10 3.1704E-10 3.3983E-10 3.6458E-10 4.1545E-10 4.8851E-10 5.6803E-10 6.8629E-10 8.3086E-10 1.0087E-09 1.2295E-09 1.4767E-09 1.7915E-09 2.1391E-09 2.5544E-09 3.0452E-09 3.5376E-09 4.0621E-09 4.5961E-09 5.1736E-09 5.7446E-09 6.3334E-09 6.9348E-09 7.5217E-09 8.0981E-09 8.6805E-09 9.2621E-09 9.8220E-09 1.0372E-08 1.0878E-08 1.1396E-08 1.1924E-08 1.2782E-08 1.3453E-08 1.4603E-08 1.5983E-08 1.6541E-08 1.7428E-08 1.7877E-08 1.8325E-08 1.8758E-08 1.9193E-08
1.0352E-10 1.1168E-10 1.2043E-10 1.3033E-10 1.4101E-10 1.5068E-10 1.6039E-10 1.7090E-10 1.8144E-10 1.9278E-10 2.0413E-10 2.1902E-10 2.3444E-10 2.5239E-10 2.6939E-10 2.8829E-10 3.0865E-10 3.2932E-10 3.5268E-10 4.0669E-10 4.7431E-10 5.5541E-10 6.6877E-10 8.0419E-10 9.7987E-10 1.1960E-09 1.4371E-09 1.7363E-09 2.0676E-09 2.4646E-09 2.9375E-09 3.3983E-09 3.8921E-09 4.4003E-09 4.9423E-09 5.4878E-09 6.0481E-09 6.6049E-09 7.1635E-09 7.7104E-09 8.2545E-09 8.8040E-09 9.3373E-09 9.8381E-09 1.0341E-08 1.0848E-08 1.1609E-08 1.2165E-08 1.3195E-08 1.4179E-08 1.4867E-08 1.5651E-08 1.6064E-08 1.6453E-08 1.6829E-08 1.7217E-08 1.7575E-08
1.0163E-10 1.0965E-10 1.1825E-10 1.2845E-10 1.3851E-10 1.4800E-10 1.5753E-10 1.6784E-10 1.7818E-10 1.8930E-10 2.0043E-10 2.1371E-10 2.2996E-10 2.4680E-10 2.6318E-10 2.8082E-10 3.0076E-10 3.2065E-10 3.4292E-10 4.0266E-10 4.5890E-10 5.3942E-10 6.4734E-10 7.8484E-10 9.5367E-10 1.1576E-09 1.3892E-09 1.6762E-09 1.9903E-09 2.3745E-09 2.8209E-09 3.2603E-09 3.7279E-09 4.2099E-09 4.7243E-09 5.2311E-09 5.7621E-09 6.2957E-09 6.8137E-09 7.3374E-09 7.8522E-09 8.3623E-09 8.8639E-09 9.3485E-09 9.8286E-09 1.0514E-08 1.1009E-08 1.1920E-08 1.2570E-08 1.3381E-08 1.4075E-08 1.4456E-08 1.4805E-08 1.5134E-08 1.5477E-08 1.5786E-08 1.6135E-08
9.9754E-11 1.0763E-10 1.1696E-10 1.2614E-10 1.3603E-10 1.4535E-10 1.5469E-10 1.6481E-10 1.7494E-10 1.8585E-10 1.9676E-10 2.0975E-10 2.2427E-10 2.4079E-10 2.5710E-10 2.7433E-10 2.9222E-10 3.1107E-10 3.3143E-10 3.9206E-10 4.4445E-10 5.2518E-10 6.3015E-10 7.6078E-10 9.1971E-10 1.1221E-09 1.3440E-09 1.6198E-09 1.9250E-09 2.2820E-09 2.7125E-09 3.1244E-09 3.5613E-09 4.0243E-09 4.5032E-09 4.9917E-09 5.4940E-09 5.9871E-09 6.4881E-09 6.9762E-09 7.4631E-09 7.9470E-09 8.4142E-09 8.8809E-09 9.3957E-09 9.9380E-09 1.0738E-08 1.1262E-08 1.2041E-08 1.2664E-08 1.3028E-08 1.3343E-08 1.3648E-08 1.3955E-08 1.4218E-08 1.4533E-08 1.4796E-08
9.7903E-11 1.0564E-10 1.1482E-10 1.2385E-10 1.3358E-10 1.4314E-10 1.5189E-10 1.6223E-10 1.7174E-10 1.8287E-10 1.9313E-10 2.0626E-10 2.1984E-10 2.3572E-10 2.5100E-10 2.6756E-10 2.8500E-10 3.0282E-10 3.2279E-10 3.8017E-10 4.3303E-10 5.0678E-10 6.1017E-10 7.3804E-10 8.9266E-10 1.0863E-09 1.2982E-09 1.5602E-09 1.8509E-09 2.2042E-09 2.6042E-09 2.9942E-09 3.4053E-09 3.8373E-09 4.2921E-09 4.7431E-09 5.2259E-09 5.6967E-09 6.1631E-09 6.6348E-09 7.0910E-09 7.5450E-09 7.9981E-09 8.4477E-09 8.9742E-09 9.6685E-09 1.0108E-08 1.0827E-08 1.1380E-08 1.1711E-08 1.2013E-08 1.2355E-08 1.2613E-08 1.2859E-08 1.3131E-08 1.3357E-08 1.3636E-08
9.6074E-11 1.0408E-10 1.1271E-10 1.2250E-10 1.3116E-10 1.4055E-10 1.4911E-10 1.5927E-10 1.6858E-10 1.7950E-10 1.8954E-10 2.0239E-10 2.1510E-10 2.3040E-10 2.4486E-10 2.6108E-10 2.7773E-10 2.9557E-10 3.1392E-10 3.7518E-10 4.2148E-10 4.9640E-10 6.0337E-10 7.1073E-10 8.5987E-10 1.0502E-09 1.2532E-09 1.5125E-09 1.7780E-09 2.1200E-09 2.4943E-09 2.8631E-09 3.2484E-09 3.6635E-09 4.0880E-09 4.5205E-09 4.9680E-09 5.4049E-09 5.8439E-09 6.2875E-09 6.7349E-09 7.1797E-09 7.6034E-09 8.0886E-09 8.6839E-09 9.1040E-09 9.7394E-09 1.0150E-08 1.0568E-08 1.0869E-08 1.1148E-08 1.1401E-08 1.1647E-08 1.1889E-08 1.2089E-08 1.2332E-08 1.2554E-08
9.4269E-11 1.0214E-10 1.1063E-10 1.2026E-10 1.2877E-10 1.3798E-10 1.4636E-10 1.5634E-10 1.6545E-10 1.7617E-10 1.8599E-10 1.9819E-10 2.0998E-10 2.2482E-10 2.3895E-10 2.5521E-10 2.7052E-10 2.8808E-10 3.0542E-10 3.6589E-10 4.1086E-10 4.8402E-10 5.8457E-10 6.9725E-10 8.3162E-10 1.0129E-09 1.2055E-09 1.4515E-09 1.7047E-09 2.0278E-09 2.3921E-09 2.7407E-09 3.1067E-09 3.4890E-09 3.8925E-09 4.2948E-09 4.7191E-09 5.1403E-09 5.5557E-09 5.9738E-09 6.3774E-09 6.7799E-09 7.1786E-09 7.7581E-09 8.1987E-09 8.7628E-09 9.1289E-09 9.5356E-09 9.8144E-09 1.0081E-08 1.0333E-08 1.0566E-08 1.0807E-08 1.1007E-08 1.1226E-08 1.1402E-08 1.1599E-08
9.2487E-11 1.0022E-10 1.0899E-10 1.1805E-10 1.2640E-10 1.3545E-10 1.4365E-10 1.5344E-10 1.6236E-10 1.7288E-10 1.8249E-10 1.9398E-10 2.0539E-10 2.1943E-10 2.3327E-10 2.4886E-10 2.6383E-10 2.8039E-10 2.9745E-10 3.5659E-10 4.0005E-10 4.7078E-10 5.6896E-10 6.7400E-10 8.1519E-10 9.7982E-10 1.1617E-09 1.3956E-09 1.6357E-09 1.9469E-09 2.2836E-09 2.6175E-09 2.9630E-09 3.3342E-09 3.7075E-09 4.0906E-09 4.4885E-09 4.8801E-09 5.2662E-09 5.6621E-09 6.0595E-09 6.4480E-09 6.8320E-09 7.2545E-09 7.7522E-09 8.0884E-09 8.4573E-09 8.8828E-09 9.1649E-09 9.4012E-09 9.6276E-09 9.8400E-09 1.0030E-08 1.0232E-08 1.0405E-08 1.0601E-08 1.0744E-08
9.1115E-11 9.8329E-11 1.0696E-10 1.1587E-10 1.2445E-10 1.3295E-10 1.4137E-10 1.5058E-10 1.5971E-10 1.6963E-10 1.7945E-10 1.9005E-10 2.0164E-10 2.1431E-10 2.2749E-10 2.4256E-10 2.5732E-10 2.7341E-10 2.8972E-10 3.4774E-10 3.9175E-10 4.5838E-10 5.5463E-10 6.5462E-10 7.8816E-10 9.4555E-10 1.1186E-09 1.3405E-09 1.5694E-09 1.8643E-09 2.1893E-09 2.5003E-09 2.8295E-09 3.1756E-09 3.5296E-09 3.8863E-09 4.2617E-09 4.6344E-09 5.0096E-09 5.3760E-09 5.7408E-09 6.0989E-09 6.4399E-09 6.8354E-09 7.3178E-09 7.6744E-09 7.9507E-09 8.2024E-09 8.4348E-09 8.6522E-09 8.8571E-09 9.0360E-09 9.2451E-09 9.4591E-09 9.7098E-09 9.8648E-09 1.0020E-08
8.9381E-11 9.6848E-11 1.0495E-10 1.1416E-10 1.2214E-10 1.3047E-10 1.3873E-10 1.4776E-10 1.5670E-10 1.6642E-10 1.7603E-10 1.8642E-10 1.9719E-10 2.0931E-10 2.2197E-10 2.3674E-10 2.5065E-10 2.6652E-10 2.8155E-10 3.3868E-10 3.8498E-10 4.4673E-10 5.3933E-10 6.3459E-10 7.6225E-10 9.1272E-10 1.0775E-09 1.2887E-09 1.5018E-09 1.7864E-09 2.0925E-09 2.3943E-09 2.6967E-09 3.0281E-09 3.3628E-09 3.7011E-09 4.0570E-09 4.4010E-09 4.7505E-09 5.1014E-09 5.4565E-09 5.7997E-09 6.1502E-09 6.4901E-09 6.8329E-09 7.1079E-09 7.3525E-09 7.7148E-09 7.9381E-09 8.1370E-09 8.3233E-09 8.4988E-09 8.6531E-09 8.8246E-09 8.9570E-09 9.1093E-09 9.2224E-09
8.7672E-11 9.5407E-11 1.0297E-10 1.1204E-10 1.1986E-10 1.2803E-10 1.3612E-10 1.4497E-10 1.5372E-10 1.6325E-10 1.7266E-10 1.8284E-10 1.9289E-10 2.0486E-10 2.1709E-10 2.3080E-10 2.4417E-10 2.5985E-10 2.8251E-10 3.3454E-10 3.7505E-10 4.3395E-10 5.2762E-10 6.2144E-10 7.3767E-10 8.8110E-10 1.0388E-09 1.2361E-09 1.4392E-09 1.7072E-09 2.0000E-09 2.2840E-09 2.5761E-09 2.8827E-09 3.2002E-09 3.5230E-09 3.8599E-09 4.1882E-09 4.5168E-09 4.8489E-09 5.1770E-09 5.4883E-09 5.7791E-09 6.0641E-09 6.4660E-09 6.7194E-09 6.9625E-09 7.1767E-09 7.3767E-09 7.5676E-09 7.7364E-09 7.8854E-09 8.0418E-09 8.1683E-09 8.4085E-09 8.5547E-09 8.6676E-09
8.5987E-11 9.3590E-11 1.0183E-10 1.0994E-10 1.1761E-10 1.2562E-10 1.3354E-10 1.4221E-10 1.5078E-10 1.6012E-10 1.6973E-10 1.7931E-10 1.8914E-10 2.0039E-10 2.1180E-10 2.2505E-10 2.3819E-10 2.5275E-10 2.7507E-10 3.2549E-10 3.6536E-10 4.2578E-10 5.1209E-10 6.0279E-10 7.1521E-10 8.5064E-10 9.9790E-10 1.1894E-09 1.3773E-09 1.6336E-09 1.9091E-09 2.1784E-09 2.4542E-09 2.7498E-09 3.0466E-09 3.3487E-09 3.6719E-09 3.9828E-09 4.2968E-09 4.6114E-09 4.9189E-09 5.2151E-09 5.4958E-09 5.7594E-09 6.0119E-09 6.2501E-09 6.4705E-09 6.7968E-09 6.9895E-09 7.1629E-09 7.3285E-09 7.4751E-09 7.6025E-09 7.7397E-09 7.8489E-09 7.9642E-09 8.0595E-09
8.4328E-11 9.1800E-11 9.9907E-11 1.0787E-10 1.1577E-10 1.2325E-10 1.3138E-10 1.3950E-10 1.4828E-10 1.5704E-10 1.6645E-10 1.7583E-10 1.8585E-10 1.9584E-10 2.0718E-10 2.1961E-10 2.3213E-10 2.4649E-10 2.6811E-10 3.1736E-10 3.5507E-10 4.1383E-10 4.9701E-10 5.8606E-10 6.8729E-10 8.2041E-10 9.6150E-10 1.1399E-09 1.3207E-09 1.5620E-09 1.8259E-09 2.0794E-09 2.3378E-09 2.6172E-09 2.9005E-09 3.1874E-09 3.4889E-09 3.7830E-09 4.0853E-09 4.3845E-09 4.6784E-09 4.9596E-09 5.2235E-09 5.4786E-09 5.7166E-09 5.9434E-09 6.1563E-09 6.3520E-09 6.5330E-09 6.6997E-09 6.8449E-09 6.9836E-09 7.1138E-09 7.2147E-09 7.3480E-09 7.5258E-09 7.6300E-09
8.2693E-11 9.0037E-11 9.8007E-11 1.0624E-10 1.1358E-10 1.2090E-10 1.2887E-10 1.3682E-10 1.4542E-10 1.5400E-10 1.6322E-10 1.7240E-10 1.8221E-10 1.9197E-10 2.0302E-10 2.1419E-10 2.2661E-10 2.4023E-10 2.6073E-10 3.0943E-10 3.4583E-10 4.0280E-10 4.8232E-10 5.6726E-10 6.6477E-10 7.9152E-10 9.2492E-10 1.0953E-09 1.2674E-09 1.4953E-09 1.7451E-09 1.9832E-09 2.2273E-09 2.4910E-09 2.7598E-09 3.0298E-09 3.3194E-09 3.5981E-09 3.8828E-09 4.1714E-09 4.4510E-09 4.7172E-09 4.9688E-09 5.2091E-09 5.4401E-09 5.6544E-09 5.8575E-09 6.0472E-09 6.2177E-09 6.3791E-09 6.5259E-09 6.6520E-09 6.7680E-09 6.8835E-09 6.9685E-09 7.0550E-09 7.1326E-09
8.1440E-11 8.8299E-11 9.6135E-11 1.0423E-10 1.1142E-10 1.1859E-10 1.2640E-10 1.3418E-10 1.4261E-10 1.5100E-10 1.6003E-10 1.6901E-10 1.7863E-10 1.8818E-10 1.9833E-10 2.0955E-10 2.2098E-10 2.3407E-10 2.5428E-10 3.0096E-10 3.3639E-10 3.9112E-10 4.6825E-10 5.4970E-10 6.4193E-10 7.6362E-10 8.9030E-10 1.0523E-09 1.2167E-09 1.4300E-09 1.6675E-09 1.8941E-09 2.1223E-09 2.3678E-09 2.6252E-09 2.8803E-09 3.1546E-09 3.4199E-09 3.6931E-09 3.9634E-09 4.2305E-09 4.4869E-09 4.7274E-09 4.9571E-09 5.1751E-09 5.3837E-09 5.5760E-09 5.7574E-09 5.9260E-09 6.0766E-09 6.2141E-09 6.3439E-09 6.4552E-09 6.5511E-09 6.6507E-09 6.7215E-09 6.7899E-09
7.9854E-11 8.6961E-11 9.4291E-11 1.0225E-10 1.0929E-10 1.1631E-10 1.2396E-10 1.3158E-10 1.3984E-10 1.4805E-10 1.5727E-10 1.6568E-10 1.7548E-10 1.8444E-10 1.9438E-10 2.0478E-10 2.1554E-10 2.2805E-10 2.4772E-10 2.9328E-10 3.2760E-10 3.8036E-10 4.5372E-10 5.3475E-10 6.2066E-10 7.3556E-10 8.5694E-10 1.0109E-09 1.1660E-09 1.3691E-09 1.5937E-09 1.8033E-09 2.0250E-09 2.2546E-09 2.4989E-09 2.7407E-09 2.9996E-09 3.2498E-09 3.5137E-09 3.7716E-09 4.0251E-09 4.2659E-09 4.4947E-09 4.7139E-09 4.9272E-09 5.1244E-09 5.3122E-09 5.4845E-09 5.6436E-09 5.7956E-09 5.9284E-09 6.0478E-09 6.1584E-09 6.2557E-09 6.3369E-09 6.4114E-09 6.4779E-09
7.8293E-11 8.5275E-11 9.2864E-11 1.0029E-10 1.0720E-10 1.1407E-10 1.2192E-10 1.2902E-10 1.3747E-10 1.4514E-10 1.5418E-10 1.6240E-10 1.7200E-10 1.8076E-10 1.9049E-10 2.0013E-10 2.1106E-10 2.2234E-10 2.4171E-10 2.8571E-10 3.1837E-10 3.6701E-10 4.4044E-10 5.1714E-10 5.9994E-10 7.0943E-10 8.2419E-10 9.7112E-10 1.1179E-09 1.3123E-09 1.5242E-09 1.7226E-09 1.9294E-09 2.1507E-09 2.3799E-09 2.6068E-09 2.8522E-09 3.0892E-09 3.3398E-09 3.5852E-09 3.8278E-09 4.0603E-09 4.2788E-09 4.4885E-09 4.6884E-09 4.8776E-09 5.0574E-09 5.2285E-09 5.3825E-09 5.5239E-09 5.6557E-09 5.7726E-09 5.8795E-09 5.9716E-09 6.0560E-09 6.1248E-09 6.1854E-09
7.6758E-11 8.3615E-11 9.1074E-11 9.8367E-11 1.0548E-10 1.1186E-10 1.1956E-10 1.2650E-10 1.3478E-10 1.4228E-10 1.5113E-10 1.5917E-10 1.6858E-10 1.7714E-10 1.8704E-10 1.9610E-10 2.0633E-10 2.1714E-10 2.3558E-10 2.7829E-10 3.1016E-10 3.5617E-10 4.2741E-10 5.0105E-10 5.7903E-10 6.8388E-10 7.9410E-10 9.3181E-10 1.0720E-09 1.2536E-09 1.4579E-09 1.6456E-09 1.8432E-09 2.0471E-09 2.2674E-09 2.4827E-09 2.7113E-09 2.9373E-09 3.1758E-09 3.4113E-09 3.6422E-09 3.8609E-09 4.0705E-09 4.2709E-09 4.4667E-09 4.6486E-09 4.8198E-09 4.9799E-09 5.1286E-09 5.2681E-09 5.3970E-09 5.5116E-09 5.6137E-09 5.7075E-09 5.7869E-09 5.8568E-09 5.9168E-09
7.5248E-11 8.1983E-11 8.9311E-11 9.6471E-11 1.0344E-10 1.0969E-10 1.1723E-10 1.2402E-10 1.3213E-10 1.3946E-10 1.4814E-10 1.5600E-10 1.6521E-10 1.7358E-10 1.8328E-10 1.9213E-10 2.0190E-10 2.1235E-10 2.2954E-10 2.7101E-10 3.0185E-10 3.4656E-10 4.1406E-10 4.8308E-10 5.5958E-10 6.5877E-10 7.6391E-10 8.9522E-10 1.0270E-09 1.2013E-09 1.3945E-09 1.5723E-09 1.7596E-09 1.9495E-09 2.1603E-09 2.3626E-09 2.5831E-09 2.7965E-09 3.0200E-09 3.2452E-09 3.4664E-09 3.6750E-09 3.8738E-09 4.0654E-09 4.2531E-09 4.4276E-09 4.5960E-09 4.7512E-09 4.8952E-09 5.0282E-09 5.1502E-09 5.2611E-09 5.3636E-09 5.4528E-09 5.5313E-09 5.6013E-09 5.6631E-09
