Assets/Resources/2015_m01_d21_0600(utc+0800)_l00_csi_1hr_conc.grd
DSAA
         159         159
     -79.000      79.000
     -79.000      79.000
  0.6390E-09  0.6425E-04
[rows 75 to 99 of 159, columns 57 to 113 of 159]
8.9227E-09 8.9379E-09 8.9669E-09 8.9416E-09 9.0600E-09 9.4308E-09 1.0444E-08 1.1701E-08 1.4070E-08 1.6722E-08 2.0314E-08 2.5064E-08 3.1318E-08 3.9308E-08 4.7903E-08 6.0114E-08 7.5021E-08 9.2887E-08 1.1377E-07 1.3768E-07 1.6432E-07 1.9332E-07 2.2397E-07 2.5537E-07 2.8660E-07 3.5160E-07 6.5613E-06 1.7843E-05 6.1775E-06 8.2316E-07 4.7172E-07 4.5355E-07 4.3075E-07 4.0469E-07 3.7880E-07 3.5281E-07 3.2520E-07 2.9711E-07 2.6692E-07 2.3754E-07 2.1021E-07 1.8481E-07 1.6115E-07 1.3960E-07 1.2058E-07 1.0397E-07 8.9577E-08 7.7191E-08 6.6640E-08 5.7764E-08 4.5526E-08 3.9666E-08 3.4585E-08 3.0531E-08 2.3463E-08 2.0947E-08 1.8496E-08
8.8651E-09 8.8732E-09 8.8976E-09 8.8845E-09 8.9408E-09 9.2844E-09 1.0140E-08 1.1269E-08 1.3374E-08 1.5744E-08 1.8959E-08 2.3180E-08 2.8718E-08 3.6373E-08 4.4158E-08 5.5230E-08 6.8723E-08 8.4906E-08 1.0381E-07 1.2545E-07 1.4956E-07 1.7578E-07 2.0351E-07 2.3191E-07 8.5730E-06 1.7213E-05 1.5955E-06 4.4429E-07 4.5086E-07 4.4183E-07 4.2922E-07 4.1402E-07 3.9379E-07 3.7014E-07 3.4614E-07 3.2235E-07 2.9721E-07 2.7187E-07 2.4504E-07 2.1841E-07 1.9353E-07 1.7051E-07 1.4938E-07 1.2995E-07 1.1238E-07 9.7016E-08 8.3789E-08 7.2359E-08 6.2581E-08 5.4354E-08 4.2774E-08 3.7384E-08 3.2584E-08 2.5066E-08 2.2141E-08 1.9741E-08 1.7512E-08
8.8024E-09 8.8107E-09 8.8243E-09 8.8245E-09 8.8232E-09 9.0560E-09 9.9089E-09 1.0701E-08 1.2660E-08 1.4708E-08 1.7489E-08 2.1205E-08 2.6036E-08 3.2339E-08 4.0215E-08 5.0064E-08 6.2070E-08 7.6459E-08 9.3271E-08 1.1250E-07 1.3393E-07 1.5719E-07 1.8186E-07 2.0709E-07 1.4559E-05 7.6389E-07 3.2761E-07 3.8036E-07 3.9594E-07 3.9310E-07 3.8426E-07 3.7201E-07 3.5453E-07 3.3350E-07 3.1167E-07 2.9026E-07 2.6775E-07 2.4523E-07 2.2173E-07 1.9817E-07 1.7588E-07 1.5526E-07 1.3629E-07 1.1899E-07 1.0348E-07 8.9686E-08 7.7610E-08 6.7182E-08 5.8292E-08 5.0789E-08 3.9922E-08 3.4929E-08 3.0584E-08 2.3407E-08 2.0759E-08 1.8412E-08 1.6488E-08
8.7446E-09 8.7572E-09 8.7552E-09 8.7625E-09 8.7513E-09 8.8190E-09 9.7003E-09 1.0272E-08 1.2059E-08 1.3802E-08 1.6243E-08 1.9545E-08 2.3769E-08 2.9260E-08 3.6208E-08 4.4816E-08 5.5312E-08 6.7880E-08 8.2565E-08 9.9355E-08 1.1806E-07 1.3837E-07 1.5988E-07 1.5472E-05 1.1114E-05 2.2463E-07 2.7103E-07 3.2017E-07 3.4145E-07 3.4389E-07 3.3856E-07 3.2898E-07 3.1446E-07 2.9616E-07 2.7672E-07 2.5770E-07 2.3787E-07 2.1814E-07 1.9791E-07 1.7752E-07 1.5790E-07 1.3971E-07 1.2296E-07 1.0768E-07 9.3968E-08 8.1841E-08 7.1234E-08 6.1876E-08 5.3871E-08 4.2323E-08 3.6993E-08 3.2386E-08 2.8555E-08 2.1673E-08 1.9357E-08 1.7056E-08 1.5443E-08
8.6953E-09 8.6940E-09 8.6915E-09 8.6833E-09 8.6797E-09 8.6650E-09 9.4353E-09 9.9104E-09 1.1274E-08 1.2890E-08 1.5014E-08 1.7864E-08 2.1534E-08 2.6264E-08 3.2267E-08 3.9667E-08 4.8681E-08 5.9468E-08 7.2069E-08 8.6461E-08 1.0252E-07 1.1993E-07 1.3837E-07 6.4253E-05 1.7599E-07 1.9390E-07 2.2407E-07 2.6555E-07 2.8933E-07 2.9580E-07 2.9364E-07 2.8661E-07 2.7492E-07 2.5936E-07 2.4239E-07 2.2573E-07 2.0855E-07 1.9150E-07 1.7435E-07 1.5708E-07 1.4013E-07 1.2433E-07 1.0978E-07 9.6491E-08 8.4539E-08 7.3940E-08 6.4656E-08 5.6496E-08 4.9474E-08 3.8716E-08 3.4053E-08 2.9800E-08 2.2718E-08 1.9989E-08 1.7888E-08 1.5839E-08 1.4366E-08
8.6434E-09 8.6218E-09 8.6287E-09 8.6005E-09 8.6008E-09 8.5884E-09 8.9035E-09 9.5970E-09 1.0324E-08 1.2102E-08 1.3890E-08 1.6304E-08 1.9416E-08 2.3408E-08 2.8447E-08 3.4768E-08 4.2376E-08 5.1455E-08 6.2098E-08 7.4222E-08 8.7757E-08 1.0243E-07 1.1796E-07 1.3388E-07 1.4965E-07 1.6477E-07 1.8491E-07 2.1741E-07 2.4108E-07 2.5035E-07 2.5082E-07 2.4609E-07 2.3689E-07 2.2411E-07 2.0965E-07 1.9527E-07 1.8059E-07 1.6606E-07 1.5171E-07 1.3739E-07 1.2306E-07 1.0955E-07 9.7087E-08 8.5704E-08 7.5434E-08 6.6298E-08 5.8268E-08 5.1172E-08 4.0264E-08 3.5292E-08 3.1152E-08 2.7441E-08 2.0636E-08 1.8383E-08 1.6327E-08 1.4696E-08 1.3290E-08
8.5891E-09 8.5614E-09 8.5647E-09 8.5322E-09 8.5172E-09 8.5130E-09 8.4891E-09 9.3108E-09 9.8074E-09 1.1265E-08 1.2748E-08 1.4776E-08 1.7403E-08 2.0748E-08 2.4959E-08 3.0168E-08 3.6544E-08 4.4073E-08 5.2891E-08 6.2935E-08 7.4143E-08 8.6294E-08 9.9116E-08 1.1233E-07 1.2540E-07 1.3793E-07 1.4935E-07 1.7605E-07 1.9772E-07 2.0854E-07 2.1108E-07 2.0838E-07 2.0138E-07 1.9125E-07 1.7918E-07 1.6701E-07 1.5463E-07 1.4246E-07 1.3052E-07 1.1892E-07 1.0703E-07 9.5680E-08 8.5155E-08 7.5540E-08 6.6836E-08 5.9064E-08 5.2196E-08 4.1189E-08 3.6039E-08 3.1981E-08 2.8157E-08 2.1321E-08 1.8709E-08 1.6840E-08 1.4891E-08 1.3587E-08 1.2342E-08
8.5400E-09 8.5073E-09 8.4704E-09 8.4681E-09 8.4279E-09 8.4395E-09 8.4107E-09 8.7581E-09 9.3676E-09 1.0074E-08 1.1803E-08 1.3422E-08 1.5618E-08 1.8340E-08 2.1807E-08 2.6052E-08 3.1274E-08 3.7426E-08 4.4607E-08 5.2787E-08 6.1910E-08 7.1803E-08 8.2241E-08 9.2999E-08 1.0364E-07 1.1385E-07 1.2317E-07 1.4124E-07 1.5979E-07 1.7108E-07 1.7513E-07 1.7414E-07 1.6915E-07 1.6125E-07 1.5148E-07 1.4137E-07 1.3110E-07 1.2104E-07 1.1120E-07 1.0198E-07 9.2315E-08 8.2933E-08 7.4174E-08 6.6160E-08 5.8878E-08 5.2346E-08 4.6546E-08 3.6559E-08 3.2337E-08 2.8801E-08 2.5555E-08 1.9061E-08 1.7020E-08 1.5195E-08 1.3693E-08 1.2447E-08 1.1431E-08
8.4883E-09 8.4515E-09 8.4034E-09 8.4035E-09 8.3571E-09 8.3573E-09 8.3344E-09 8.3143E-09 9.0547E-09 9.4986E-09 1.0614E-08 1.2175E-08 1.3948E-08 1.6200E-08 1.8990E-08 2.2421E-08 2.6580E-08 3.1583E-08 3.7333E-08 4.3883E-08 5.1185E-08 5.9103E-08 6.7459E-08 7.6069E-08 8.4598E-08 9.2763E-08 1.0027E-07 1.1241E-07 1.2744E-07 1.3834E-07 1.4332E-07 1.4373E-07 1.4049E-07 1.3454E-07 1.2684E-07 1.1856E-07 1.1021E-07 1.0203E-07 9.4047E-08 8.6789E-08 7.9107E-08 7.1455E-08 6.4266E-08 5.7666E-08 5.1644E-08 4.6215E-08 3.6547E-08 3.2283E-08 2.8927E-08 2.5720E-08 1.9398E-08 1.7059E-08 1.5451E-08 1.3711E-08 1.2568E-08 1.1456E-08 1.0569E-08
8.4454E-09 8.4013E-09 8.3487E-09 8.3218E-09 8.2934E-09 8.2583E-09 8.2603E-09 8.2195E-09 8.4048E-09 9.0453E-09 9.6746E-09 1.1188E-08 1.2501E-08 1.4307E-08 1.6568E-08 1.9286E-08 2.2578E-08 2.6474E-08 3.1082E-08 3.6247E-08 4.1983E-08 4.8228E-08 5.4807E-08 6.1584E-08 6.8305E-08 7.4732E-08 8.0674E-08 8.5783E-08 1.0047E-07 1.1040E-07 1.1587E-07 1.1729E-07 1.1551E-07 1.1124E-07 1.0534E-07 9.8747E-08 9.2029E-08 8.5471E-08 7.9066E-08 7.3415E-08 6.7484E-08 6.1329E-08 5.5481E-08 5.0103E-08 4.5176E-08 3.5860E-08 3.1794E-08 2.8627E-08 2.5615E-08 1.9302E-08 1.6933E-08 1.5377E-08 1.3694E-08 1.2536E-08 1.1429E-08 1.0581E-08 9.6958E-09
8.4039E-09 8.3548E-09 8.2954E-09 8.2481E-09 8.2292E-09 8.1850E-09 8.1683E-09 8.1440E-09 8.1244E-09 8.6296E-09 9.0756E-09 9.7306E-09 1.1350E-08 1.2685E-08 1.4480E-08 1.6630E-08 1.9179E-08 2.2226E-08 2.5746E-08 2.9831E-08 3.4279E-08 3.9115E-08 4.4210E-08 4.9445E-08 5.4670E-08 5.9660E-08 6.4279E-08 6.8273E-08 7.8464E-08 8.7078E-08 9.2629E-08 9.4776E-08 9.4150E-08 9.1258E-08 8.6926E-08 8.1804E-08 7.6495E-08 7.1309E-08 6.6217E-08 6.1877E-08 5.7401E-08 5.2542E-08 4.7841E-08 4.3478E-08 3.4614E-08 3.0952E-08 2.7970E-08 2.5251E-08 2.2808E-08 1.6873E-08 1.5168E-08 1.3729E-08 1.2389E-08 1.1406E-08 1.0514E-08 9.7201E-09 9.0150E-09
8.3690E-09 8.3119E-09 8.2460E-09 8.1897E-09 8.1410E-09 8.1125E-09 8.0763E-09 8.0702E-09 8.0419E-09 8.0108E-09 8.7291E-09 9.0925E-09 9.7637E-09 1.1375E-08 1.2692E-08 1.4402E-08 1.6365E-08 1.8713E-08 2.1401E-08 2.4481E-08 2.7913E-08 3.1632E-08 3.5515E-08 3.9494E-08 4.3491E-08 4.7305E-08 5.0841E-08 5.3917E-08 6.0864E-08 6.8017E-08 7.3333E-08 7.5950E-08 7.6186E-08 7.4490E-08 7.1421E-08 6.7557E-08 6.3435E-08 5.9390E-08 5.5379E-08 5.2065E-08 4.8762E-08 4.5011E-08 4.1280E-08 3.2937E-08 2.9710E-08 2.6977E-08 2.4547E-08 2.2247E-08 1.6568E-08 1.4821E-08 1.3566E-08 1.2150E-08 1.1274E-08 1.0384E-08 9.6680E-09 8.9322E-09 8.3750E-09
8.3345E-09 8.2688E-09 8.2019E-09 8.1278E-09 8.0713E-09 8.0406E-09 8.0092E-09 7.9593E-09 7.9635E-09 7.9256E-09 7.9008E-09 8.6528E-09 9.0674E-09 9.6993E-09 1.1254E-08 1.2507E-08 1.4064E-08 1.5841E-08 1.7880E-08 2.0201E-08 2.2761E-08 2.5538E-08 2.8516E-08 3.1502E-08 3.4503E-08 3.7372E-08 4.0023E-08 4.2371E-08 4.7038E-08 5.2749E-08 5.7611E-08 6.0442E-08 6.1352E-08 6.0592E-08 5.8560E-08 5.5749E-08 5.2583E-08 4.9502E-08 4.6370E-08 4.3841E-08 4.1456E-08 3.8629E-08 3.0912E-08 2.8095E-08 2.5738E-08 2.3561E-08 2.1468E-08 1.6022E-08 1.4345E-08 1.3204E-08 1.1793E-08 1.1038E-08 1.0186E-08 9.5357E-09 8.8076E-09 8.2696E-09 7.8192E-09
8.2970E-09 8.2208E-09 8.1556E-09 8.0794E-09 8.0184E-09 7.9529E-09 7.9425E-09 7.8920E-09 7.8550E-09 7.8448E-09 7.8045E-09 7.8290E-09 8.5454E-09 8.9822E-09 9.5592E-09 1.0993E-08 1.2093E-08 1.3508E-08 1.5068E-08 1.6752E-08 1.8701E-08 2.0718E-08 2.2920E-08 2.5148E-08 2.7407E-08 2.9532E-08 3.1488E-08 3.3256E-08 3.4719E-08 4.0751E-08 4.5030E-08 4.7928E-08 4.9276E-08 4.9215E-08 4.7980E-08 4.6075E-08 4.3733E-08 4.1397E-08 3.8984E-08 3.7035E-08 3.0435E-08 2.8569E-08 2.6174E-08 2.4282E-08 2.2347E-08 2.0557E-08 1.5293E-08 1.3762E-08 1.2724E-08 1.1392E-08 1.0728E-08 9.9435E-09 9.3482E-09 8.6467E-09 8.1334E-09 7.7138E-09 7.3098E-09
8.2582E-09 8.1863E-09 8.1170E-09 8.0356E-09 7.9679E-09 7.8986E-09 7.8475E-09 7.8222E-09 7.7670E-09 7.7507E-09 7.7222E-09 7.7015E-09 7.6812E-09 8.4219E-09 8.8232E-09 9.3673E-09 1.0052E-08 1.1517E-08 1.2740E-08 1.4103E-08 1.5454E-08 1.7022E-08 1.8576E-08 2.0203E-08 2.1822E-08 2.3408E-08 2.4877E-08 2.6182E-08 2.7278E-08 3.1493E-08 3.5129E-08 3.7946E-08 3.9571E-08 4.0025E-08 3.9458E-08 3.8223E-08 3.6548E-08 3.4800E-08 2.8004E-08 2.6698E-08 2.5645E-08 2.4111E-08 2.2644E-08 2.0848E-08 1.5680E-08 1.4385E-08 1.3136E-08 1.2004E-08 1.0957E-08 1.0364E-08 9.6441E-09 9.1160E-09 8.4464E-09 7.9713E-09 7.5854E-09 7.2092E-09 6.8470E-09
8.2235E-09 8.1445E-09 8.0793E-09 7.9947E-09 7.9195E-09 7.8488E-09 7.7715E-09 7.7375E-09 7.6980E-09 7.6511E-09 7.6341E-09 7.6135E-09 7.5826E-09 7.5676E-09 8.2596E-09 8.5793E-09 9.0685E-09 9.5666E-09 1.0392E-08 1.1320E-08 1.2359E-08 1.3324E-08 1.4341E-08 1.5418E-08 1.6410E-08 1.7462E-08 1.8404E-08 2.0701E-08 2.1577E-08 2.4458E-08 2.7445E-08 3.0070E-08 3.1815E-08 3.2642E-08 3.2571E-08 3.1879E-08 2.5817E-08 2.4712E-08 2.3484E-08 2.2170E-08 2.1585E-08 2.0680E-08 1.9398E-08 1.4553E-08 1.3436E-08 1.2353E-08 1.1408E-08 1.0523E-08 9.9899E-09 9.3326E-09 8.8567E-09 8.1759E-09 7.7912E-09 7.4384E-09 7.0923E-09 6.7547E-09 6.4298E-09
8.1883E-09 8.1095E-09 8.0360E-09 7.9578E-09 7.8646E-09 7.7972E-09 7.7205E-09 7.6537E-09 7.6223E-09 7.5805E-09 7.5256E-09 7.5185E-09 7.4927E-09 7.4567E-09 7.4440E-09 7.7483E-09 8.2843E-09 8.7069E-09 9.2022E-09 9.6238E-09 1.0296E-08 1.1203E-08 1.2122E-08 1.2839E-08 1.3616E-08 1.4373E-08 1.5013E-08 1.5587E-08 1.6158E-08 1.6568E-08 1.8623E-08 1.9854E-08 2.0812E-08 2.1390E-08 2.1533E-08 2.1331E-08 2.0797E-08 2.0314E-08 1.9494E-08 1.8791E-08 1.8151E-08 1.3906E-08 1.3176E-08 1.2223E-08 1.1379E-08 1.0790E-08 1.0063E-08 9.5793E-09 9.0228E-09 8.5848E-09 7.9313E-09 7.6018E-09 7.2796E-09 6.9625E-09 6.6511E-09 6.3457E-09 6.0522E-09
8.1526E-09 8.0738E-09 7.9931E-09 7.9159E-09 7.8290E-09 7.7500E-09 7.6712E-09 7.6025E-09 7.5269E-09 7.5081E-09 7.4555E-09 7.3994E-09 7.4013E-09 7.3660E-09 7.3419E-09 7.3096E-09 7.2949E-09 7.6145E-09 7.8720E-09 8.1801E-09 8.4509E-09 9.4650E-09 9.8469E-09 1.0317E-08 1.1349E-08 1.1877E-08 1.2345E-08 1.2724E-08 1.3117E-08 1.3362E-08 1.4880E-08 1.5937E-08 1.6813E-08 1.7398E-08 1.7473E-08 1.7493E-08 1.7258E-08 1.6822E-08 1.6314E-08 1.1996E-08 1.1925E-08 1.1760E-08 1.1069E-08 1.0679E-08 9.9708E-09 9.5823E-09 9.0731E-09 8.6911E-09 8.1234E-09 7.6937E-09 7.3961E-09 7.0983E-09 6.8054E-09 6.5196E-09 6.2395E-09 5.9667E-09 5.7043E-09
8.1077E-09 8.0374E-09 7.9530E-09 7.8764E-09 7.7889E-09 7.7122E-09 7.6220E-09 7.5514E-09 7.4774E-09 7.3960E-09 7.3853E-09 7.3293E-09 7.2850E-09 7.2682E-09 7.2476E-09 7.2070E-09 7.1809E-09 7.1561E-09 7.1366E-09 7.4615E-09 7.7469E-09 8.0401E-09 8.1858E-09 8.4487E-09 8.6515E-09 8.8112E-09 9.0231E-09 9.2026E-09 9.5253E-09 9.6769E-09 1.1764E-08 1.2669E-08 1.3502E-08 1.4215E-08 1.4636E-08 1.0966E-08 1.0902E-08 1.0721E-08 1.0510E-08 1.0117E-08 9.9362E-09 1.0057E-08 9.7071E-09 9.3247E-09 9.0144E-09 8.5971E-09 8.2032E-09 7.7458E-09 7.4856E-09 7.2195E-09 6.9512E-09 6.6825E-09 6.4011E-09 6.1279E-09 5.8844E-09 5.6438E-09 5.4096E-09
8.0728E-09 8.0002E-09 7.9167E-09 7.8388E-09 7.7491E-09 7.6708E-09 7.5845E-09 7.4914E-09 7.4264E-09 7.3471E-09 7.2762E-09 7.2577E-09 7.2111E-09 7.1584E-09 7.1369E-09 7.1126E-09 7.0676E-09 7.0429E-09 7.0095E-09 6.9934E-09 6.9707E-09 7.0824E-09 7.5061E-09 7.7807E-09 7.8685E-09 7.9900E-09 8.1850E-09 8.2597E-09 8.3251E-09 8.3850E-09 8.4837E-09 8.4909E-09 8.4961E-09 8.5547E-09 8.6570E-09 8.7006E-09 8.7380E-09 8.4050E-09 8.3592E-09 8.3054E-09 8.3354E-09 8.6236E-09 8.5643E-09 8.3308E-09 8.0705E-09 7.7104E-09 7.4969E-09 7.2711E-09 7.0367E-09 6.7966E-09 6.5268E-09 6.2869E-09 6.0490E-09 5.8147E-09 5.5853E-09 5.3619E-09 5.1471E-09
8.0365E-09 7.9621E-09 7.8794E-09 7.8005E-09 7.7120E-09 7.6255E-09 7.5431E-09 7.4544E-09 7.3721E-09 7.2962E-09 7.2254E-09 7.1499E-09 7.1309E-09 7.0825E-09 7.0283E-09 6.9878E-09 6.9741E-09 6.9394E-09 6.8983E-09 6.8713E-09 6.8395E-09 6.8180E-09 6.7924E-09 6.7740E-09 6.7512E-09 6.8954E-09 7.3795E-09 7.3893E-09 7.3814E-09 7.4371E-09 7.5128E-09 7.5218E-09 7.5100E-09 7.2466E-09 7.3652E-09 7.4466E-09 7.5303E-09 7.5585E-09 7.5372E-09 7.5089E-09 7.3621E-09 7.7009E-09 7.7028E-09 7.5691E-09 7.4207E-09 7.2439E-09 7.0241E-09 6.8226E-09 6.6131E-09 6.3983E-09 6.1814E-09 5.9639E-09 5.7481E-09 5.5354E-09 5.3270E-09 5.1241E-09 4.9288E-09
7.9988E-09 7.9230E-09 7.8411E-09 7.7577E-09 7.6739E-09 7.5850E-09 7.5019E-09 7.4129E-09 7.3337E-09 7.2413E-09 7.1729E-09 7.0990E-09 7.0208E-09 6.9888E-09 6.9515E-09 6.9036E-09 6.8456E-09 6.8358E-09 6.7969E-09 6.7605E-09 6.7207E-09 6.6852E-09 6.6547E-09 6.6188E-09 6.5931E-09 6.5600E-09 6.5410E-09 6.5107E-09 6.4766E-09 6.4809E-09 6.5039E-09 6.5085E-09 6.5917E-09 6.6439E-09 6.7269E-09 6.7874E-09 6.8257E-09 6.8922E-09 6.8514E-09 6.8359E-09 6.8065E-09 7.0555E-09 7.1497E-09 7.0937E-09 6.9657E-09 6.8083E-09 6.6371E-09 6.4552E-09 6.2657E-09 6.0711E-09 5.8742E-09 5.6767E-09 5.4805E-09 5.2871E-09 5.0974E-09 4.9125E-09 4.7345E-09
7.9597E-09 7.8757E-09 7.8017E-09 7.7156E-09 7.6350E-09 7.5475E-09 7.4635E-09 7.3729E-09 7.2895E-09 7.2035E-09 7.1116E-09 7.0462E-09 6.9693E-09 6.9041E-09 6.8424E-09 6.8253E-09 6.7661E-09 6.7128E-09 6.6663E-09 6.6522E-09 6.6132E-09 6.5668E-09 6.5310E-09 6.4874E-09 6.4519E-09 6.4107E-09 6.3660E-09 6.3402E-09 6.2972E-09 6.2710E-09 6.2326E-09 6.2181E-09 6.1878E-09 6.2992E-09 6.3604E-09 6.4085E-09 6.4407E-09 6.4923E-09 6.5020E-09 6.5047E-09 6.4777E-09 6.5454E-09 6.7337E-09 6.6968E-09 6.5890E-09 6.4476E-09 6.2934E-09 6.1290E-09 5.9573E-09 5.7806E-09 5.6017E-09 5.4219E-09 5.2432E-09 5.0668E-09 4.8937E-09 4.7248E-09 4.5512E-09
7.9193E-09 7.8363E-09 7.7611E-09 7.6762E-09 7.5950E-09 7.5088E-09 7.4242E-09 7.3348E-09 7.2437E-09 7.1581E-09 7.0743E-09 6.9925E-09 6.9144E-09 6.8483E-09 6.7782E-09 6.7055E-09 6.6867E-09 6.6240E-09 6.5776E-09 6.5213E-09 6.4855E-09 6.4635E-09 6.4197E-09 6.3696E-09 6.3257E-09 6.2776E-09 6.2261E-09 6.1892E-09 6.1387E-09 6.1010E-09 6.0543E-09 6.0267E-09 5.9879E-09 6.0646E-09 6.0873E-09 6.1421E-09 6.1664E-09 6.2059E-09 6.2119E-09 6.1951E-09 6.1852E-09 6.1374E-09 6.3679E-09 6.3452E-09 6.2550E-09 6.1279E-09 5.9887E-09 5.8399E-09 5.6840E-09 5.5233E-09 5.3603E-09 5.1962E-09 5.0322E-09 4.8684E-09 4.7087E-09 4.5189E-09 4.3745E-09
7.8773E-09 7.7953E-09 7.7194E-09 7.6356E-09 7.5540E-09 7.4690E-09 7.3809E-09 7.2957E-09 7.2059E-09 7.1199E-09 7.0295E-09 6.9525E-09 6.8663E-09 6.7842E-09 6.7231E-09 6.6440E-09 6.5713E-09 6.5109E-09 6.4963E-09 6.4379E-09 6.3836E-09 6.3339E-09 6.2853E-09 6.2636E-09 6.2093E-09 6.1588E-09 6.1016E-09 6.0555E-09 5.9985E-09 5.9375E-09 5.8973E-09 5.8400E-09 5.8123E-09 5.8597E-09 5.8696E-09 5.9079E-09 5.9242E-09 5.9269E-09 5.9549E-09 5.9379E-09 5.9254E-09 5.8799E-09 6.0475E-09 6.0334E-09 5.9566E-09 5.8391E-09 5.7109E-09 5.5738E-09 5.4302E-09 5.2829E-09 5.1352E-09 4.9820E-09 4.8339E-09 4.6590E-09 4.5179E-09 4.3798E-09 4.2461E-09
