Assets/Resources/2015_m01_d03_1700(utc+0800)_l00_csi_1hr_conc.grd
DSAA
         159         159
     -79.000      79.000
     -79.000      79.000
  0.0000E+00  0.3280E-05
[rows 25 to 49 of 159, columns 0 to 56 of 159]
0.0000E+00 0.0000E+00 0.0000E+00 0.0000E+00 0.0000E+00 0.0000E+00 7.8896E-13 2.4855E-12 4.4436E-12 6.8352E-12 1.0625E-11 1.4358E-11 1.8394E-11 2.0866E-11 2.2673E-11 2.4968E-11 2.7010E-11 2.9542E-11 3.1825E-11 3.4597E-11 3.7125E-11 4.0140E-11 4.2913E-11 4.6169E-11 4.9186E-11 5.2675E-11 5.5931E-11 5.9289E-11 6.3130E-11 6.6716E-11 7.1061E-11 7.4885E-11 7.9442E-11 8.3492E-11 8.7627E-11 9.2342E-11 9.6670E-11 1.0126E-10 1.0608E-10 1.1065E-10 1.1547E-10 1.2034E-10 1.2531E-10 1.3012E-10 1.3518E-10 1.4008E-10 1.4524E-10 1.5046E-10 1.5545E-10 1.6074E-10 1.6608E-10 1.7112E-10 1.7652E-10 1.8189E-10 1.8694E-10 1.9239E-10 1.9780E-10
0.0000E+00 0.0000E+00 0.0000E+00 0.0000E+00 0.0000E+00 0.0000E+00 6.8029E-13 2.3615E-12 4.4627E-12 6.7575E-12 1.0589E-11 1.4563E-11 1.8534E-11 2.1079E-11 2.2917E-11 2.5252E-11 2.7332E-11 2.9909E-11 3.2236E-11 3.5060E-11 3.7638E-11 4.0712E-11 4.3542E-11 4.6864E-11 4.9944E-11 5.3505E-11 5.6830E-11 6.0352E-11 6.4184E-11 6.7849E-11 7.2287E-11 7.6197E-11 8.0854E-11 8.4996E-11 8.9225E-11 9.4214E-11 9.8654E-11 1.0317E-10 1.0827E-10 1.1296E-10 1.1771E-10 1.2289E-10 1.2796E-10 1.3289E-10 1.3787E-10 1.4311E-10 1.4841E-10 1.5376E-10 1.5917E-10 1.6432E-10 1.6948E-10 1.7498E-10 1.8047E-10 1.8603E-10 1.9157E-10 1.9676E-10 2.0192E-10
0.0000E+00 0.0000E+00 0.0000E+00 0.0000E+00 0.0000E+00 0.0000E+00 5.4452E-13 2.3687E-12 4.2347E-12 6.7913E-12 1.0879E-11 1.4767E-11 1.8928E-11 2.1289E-11 2.3159E-11 2.5534E-11 2.7651E-11 3.0275E-11 3.2645E-11 3.5523E-11 3.8151E-11 4.1285E-11 4.4173E-11 4.7561E-11 5.0705E-11 5.4340E-11 5.7736E-11 6.1607E-11 6.5248E-11 6.8993E-11 7.3527E-11 7.7523E-11 8.2282E-11 8.6517E-11 9.0842E-11 9.5942E-11 1.0048E-10 1.0559E-10 1.1032E-10 1.1530E-10 1.2034E-10 1.2545E-10 1.3046E-10 1.3571E-10 1.4104E-10 1.4620E-10 1.5163E-10 1.5713E-10 1.6239E-10 1.6797E-10 1.7355E-10 1.7887E-10 1.8455E-10 1.9021E-10 1.9554E-10 2.0084E-10 2.0652E-10
0.0000E+00 0.0000E+00 0.0000E+00 0.0000E+00 0.0000E+00 0.0000E+00 5.4582E-13 2.3749E-12 4.2499E-12 6.7096E-12 1.0952E-11 1.4770E-11 1.9102E-11 2.1496E-11 2.3397E-11 2.5813E-11 2.7968E-11 3.0639E-11 3.3054E-11 3.5985E-11 3.8665E-11 4.1859E-11 4.4805E-11 4.8261E-11 5.1470E-11 5.5180E-11 5.8648E-11 6.2601E-11 6.6320E-11 7.0147E-11 7.4778E-11 7.8863E-11 8.3726E-11 8.8056E-11 9.2478E-11 9.7692E-11 1.0234E-10 1.0756E-10 1.1257E-10 1.1749E-10 1.2281E-10 1.2788E-10 1.3319E-10 1.3859E-10 1.4405E-10 1.4958E-10 1.5492E-10 1.6029E-10 1.6597E-10 1.7165E-10 1.7742E-10 1.8319E-10 1.8866E-10 1.9413E-10 1.9994E-10 2.0571E-10 2.1115E-10
0.0000E+00 0.0000E+00 0.0000E+00 0.0000E+00 0.0000E+00 0.0000E+00 5.4688E-13 2.1276E-12 4.1496E-12 6.6455E-12 1.0991E-11 1.4886E-11 1.9272E-11 2.1699E-11 2.3632E-11 2.6089E-11 2.8282E-11 3.1001E-11 3.3460E-11 3.6446E-11 3.9177E-11 4.2434E-11 4.5438E-11 4.8963E-11 5.2238E-11 5.6024E-11 5.9565E-11 6.3601E-11 6.7401E-11 7.1311E-11 7.6041E-11 8.0216E-11 8.5184E-11 8.9612E-11 9.4800E-11 9.9464E-11 1.0421E-10 1.0972E-10 1.1468E-10 1.1972E-10 1.2515E-10 1.3052E-10 1.3577E-10 1.4150E-10 1.4711E-10 1.5254E-10 1.5827E-10 1.6378E-10 1.6956E-10 1.7544E-10 1.8132E-10 1.8692E-10 1.9252E-10 1.9846E-10 2.0437E-10 2.1035E-10 2.1629E-10
0.0000E+00 0.0000E+00 0.0000E+00 0.0000E+00 0.0000E+00 0.0000E+00 2.9159E-13 2.1314E-12 4.0274E-12 6.5412E-12 1.1059E-11 1.4999E-11 1.9417E-11 2.1899E-11 2.3962E-11 2.6362E-11 2.8690E-11 3.1360E-11 3.4057E-11 3.6906E-11 3.9880E-11 4.3008E-11 4.6167E-11 4.9667E-11 5.3009E-11 5.6872E-11 6.0488E-11 6.4608E-11 6.8489E-11 7.2822E-11 7.7315E-11 8.1583E-11 8.6658E-11 9.1185E-11 9.6487E-11 1.0126E-10 1.0611E-10 1.1175E-10 1.1682E-10 1.2197E-10 1.2770E-10 1.3302E-10 1.3860E-10 1.4447E-10 1.4999E-10 1.5580E-10 1.6164E-10 1.6758E-10 1.7327E-10 1.7925E-10 1.8499E-10 1.9104E-10 1.9707E-10 2.0283E-10 2.0895E-10 2.1503E-10 2.2076E-10
0.0000E+00 0.0000E+00 0.0000E+00 0.0000E+00 0.0000E+00 0.0000E+00 1.4869E-13 1.8799E-12 4.0368E-12 6.4466E-12 1.1224E-11 1.5303E-11 1.9581E-11 2.2095E-11 2.4289E-11 2.6631E-11 2.9097E-11 3.1716E-11 3.4462E-11 3.7363E-11 4.0490E-11 4.3581E-11 4.6898E-11 5.0372E-11 5.3782E-11 5.7723E-11 6.1415E-11 6.5621E-11 6.9585E-11 7.4350E-11 7.8600E-11 8.2961E-11 8.8147E-11 9.2774E-11 9.8192E-11 1.0307E-10 1.0804E-10 1.1380E-10 1.1899E-10 1.2425E-10 1.3029E-10 1.3575E-10 1.4126E-10 1.4727E-10 1.5316E-10 1.5908E-10 1.6511E-10 1.7116E-10 1.7700E-10 1.8286E-10 1.8902E-10 1.9518E-10 2.0142E-10 2.0764E-10 2.1356E-10 2.1945E-10 2.2568E-10
0.0000E+00 0.0000E+00 0.0000E+00 0.0000E+00 0.0000E+00 0.0000E+00 1.4881E-13 1.7417E-12 3.9068E-12 6.3327E-12 1.1387E-11 1.5413E-11 1.9841E-11 2.2166E-11 2.4516E-11 2.6896E-11 2.9503E-11 3.2068E-11 3.4962E-11 3.7818E-11 4.1100E-11 4.4154E-11 4.7632E-11 5.1077E-11 5.4653E-11 5.8578E-11 6.2346E-11 6.6639E-11 7.0688E-11 7.5553E-11 7.9895E-11 8.4352E-11 8.9649E-11 9.4380E-11 9.9916E-11 1.0490E-10 1.0998E-10 1.1587E-10 1.2118E-10 1.2657E-10 1.3274E-10 1.3832E-10 1.4396E-10 1.5034E-10 1.5614E-10 1.6245E-10 1.6859E-10 1.7455E-10 1.8079E-10 1.8681E-10 1.9308E-10 1.9945E-10 2.0580E-10 2.1187E-10 2.1792E-10 2.2430E-10 2.3064E-10
0.0000E+00 0.0000E+00 0.0000E+00 0.0000E+00 0.0000E+00 0.0000E+00 1.4886E-13 1.7425E-12 3.7946E-12 6.3496E-12 1.1236E-11 1.5752E-11 1.9753E-11 2.2353E-11 2.4838E-11 2.7157E-11 2.9807E-11 3.2417E-11 3.5460E-11 3.8270E-11 4.1613E-11 4.4725E-11 4.8368E-11 5.1783E-11 5.5527E-11 5.9434E-11 6.3281E-11 6.7662E-11 7.1797E-11 7.6763E-11 8.1199E-11 8.5927E-11 9.1165E-11 9.6000E-11 1.0166E-10 1.0676E-10 1.1195E-10 1.1797E-10 1.2340E-10 1.2891E-10 1.3522E-10 1.4093E-10 1.4670E-10 1.5346E-10 1.5941E-10 1.6584E-10 1.7190E-10 1.7825E-10 1.8461E-10 1.9107E-10 1.9727E-10 2.0375E-10 2.0997E-10 2.1649E-10 2.2270E-10 2.2920E-10 2.3575E-10
0.0000E+00 0.0000E+00 0.0000E+00 0.0000E+00 0.0000E+00 0.0000E+00 1.4884E-13 1.4804E-12 3.6580E-12 6.2424E-12 1.1292E-11 1.5732E-11 2.0008E-11 2.2536E-11 2.5057E-11 2.7413E-11 3.0208E-11 3.2762E-11 3.5858E-11 3.8719E-11 4.2122E-11 4.5294E-11 4.9006E-11 5.2488E-11 5.6405E-11 6.0292E-11 6.4218E-11 6.8690E-11 7.2912E-11 7.7981E-11 8.2513E-11 8.7692E-11 9.2693E-11 9.7636E-11 1.0342E-10 1.0863E-10 1.1394E-10 1.2009E-10 1.2565E-10 1.3128E-10 1.3774E-10 1.4358E-10 1.5036E-10 1.5639E-10 1.6247E-10 1.6905E-10 1.7550E-10 1.8175E-10 1.8854E-10 1.9512E-10 2.0148E-10 2.0784E-10 2.1451E-10 2.2115E-10 2.2787E-10 2.3424E-10 2.4091E-10
0.0000E+00 0.0000E+00 0.0000E+00 0.0000E+00 0.0000E+00 0.0000E+00 0.0000E+00 1.1877E-12 3.6601E-12 6.1566E-12 1.1448E-11 1.5711E-11 2.0158E-11 2.2589E-11 2.5372E-11 2.7664E-11 3.0504E-11 3.3102E-11 3.6251E-11 3.9164E-11 4.2629E-11 4.5860E-11 4.9642E-11 5.3192E-11 5.7285E-11 6.1152E-11 6.5158E-11 6.9721E-11 7.4032E-11 7.9206E-11 8.3835E-11 8.9300E-11 9.4234E-11 9.9285E-11 1.0519E-10 1.1052E-10 1.1595E-10 1.2224E-10 1.2792E-10 1.3368E-10 1.4028E-10 1.4626E-10 1.5319E-10 1.5936E-10 1.6559E-10 1.7255E-10 1.7891E-10 1.8579E-10 1.9249E-10 1.9898E-10 2.0576E-10 2.1229E-10 2.1907E-10 2.2594E-10 2.3278E-10 2.3931E-10 2.4582E-10
0.0000E+00 0.0000E+00 0.0000E+00 0.0000E+00 0.0000E+00 0.0000E+00 0.0000E+00 1.1868E-12 3.3967E-12 6.0265E-12 1.1373E-11 1.5807E-11 2.0282E-11 2.2762E-11 2.5581E-11 2.7909E-11 3.0795E-11 3.3437E-11 3.6640E-11 3.9604E-11 4.3131E-11 4.6423E-11 5.0275E-11 5.3895E-11 5.8067E-11 6.2011E-11 6.6100E-11 7.0755E-11 7.5156E-11 8.0436E-11 8.5165E-11 9.0745E-11 9.5786E-11 1.0095E-10 1.0698E-10 1.1243E-10 1.1852E-10 1.2441E-10 1.3022E-10 1.3665E-10 1.4286E-10 1.4897E-10 1.5606E-10 1.6237E-10 1.6874E-10 1.7610E-10 1.8263E-10 1.8963E-10 1.9626E-10 2.0316E-10 2.1007E-10 2.1706E-10 2.2378E-10 2.3077E-10 2.3748E-10 2.4449E-10 2.5139E-10
0.0000E+00 0.0000E+00 0.0000E+00 0.0000E+00 0.0000E+00 0.0000E+00 0.0000E+00 1.1852E-12 3.2509E-12 5.7483E-12 1.1443E-11 1.5898E-11 2.0423E-11 2.2929E-11 2.5784E-11 2.8149E-11 3.1080E-11 3.3766E-11 3.7023E-11 4.0040E-11 4.3630E-11 4.6982E-11 5.0906E-11 5.4596E-11 5.8848E-11 6.2871E-11 6.7243E-11 7.1791E-11 7.6284E-11 8.1672E-11 8.6501E-11 9.2198E-11 9.7349E-11 1.0262E-10 1.0879E-10 1.1436E-10 1.2076E-10 1.2660E-10 1.3254E-10 1.3930E-10 1.4547E-10 1.5172E-10 1.5897E-10 1.6543E-10 1.7194E-10 1.7946E-10 1.8614E-10 1.9331E-10 2.0033E-10 2.0715E-10 2.1450E-10 2.2162E-10 2.2851E-10 2.3539E-10 2.4256E-10 2.4964E-10 2.5683E-10
0.0000E+00 0.0000E+00 0.0000E+00 0.0000E+00 0.0000E+00 0.0000E+00 0.0000E+00 6.0895E-13 2.9538E-12 5.4002E-12 1.1593E-11 1.6103E-11 2.0559E-11 2.2962E-11 2.5985E-11 2.8382E-11 3.1359E-11 3.4089E-11 3.7401E-11 4.0470E-11 4.4123E-11 4.7537E-11 5.1533E-11 5.5293E-11 5.9626E-11 6.3729E-11 6.8290E-11 7.2829E-11 7.7414E-11 8.2913E-11 8.7844E-11 9.3660E-11 9.8922E-11 1.0449E-10 1.1061E-10 1.1630E-10 1.2284E-10 1.2882E-10 1.3489E-10 1.4180E-10 1.4811E-10 1.5450E-10 1.6191E-10 1.6852E-10 1.7609E-10 1.8287E-10 1.8971E-10 1.9727E-10 2.0422E-10 2.1147E-10 2.1895E-10 2.2600E-10 2.3332E-10 2.4057E-10 2.4763E-10 2.5500E-10 2.6226E-10
0.0000E+00 0.0000E+00 0.0000E+00 0.0000E+00 0.0000E+00 0.0000E+00 0.0000E+00 6.0757E-13 2.8229E-12 5.6430E-12 1.1536E-11 1.6188E-11 2.0560E-11 2.3376E-11 2.6183E-11 2.8612E-11 3.1632E-11 3.4406E-11 3.7772E-11 4.0894E-11 4.4611E-11 4.8087E-11 5.2156E-11 5.5987E-11 6.0402E-11 6.4586E-11 6.9237E-11 7.3867E-11 7.8547E-11 8.4157E-11 8.9192E-11 9.5128E-11 1.0050E-10 1.0656E-10 1.1244E-10 1.1826E-10 1.2494E-10 1.3105E-10 1.3726E-10 1.4432E-10 1.5078E-10 1.5731E-10 1.6489E-10 1.7165E-10 1.7939E-10 1.8633E-10 1.9332E-10 2.0129E-10 2.0843E-10 2.1558E-10 2.2323E-10 2.3071E-10 2.3812E-10 2.4566E-10 2.5311E-10 2.6034E-10 2.6754E-10
0.0000E+00 0.0000E+00 0.0000E+00 0.0000E+00 0.0000E+00 0.0000E+00 0.0000E+00 6.0584E-13 2.6935E-12 5.6423E-12 1.1250E-11 1.6267E-11 2.0685E-11 2.3668E-11 2.6376E-11 2.8837E-11 3.1899E-11 3.4716E-11 3.8137E-11 4.1312E-11 4.5092E-11 4.8631E-11 5.2773E-11 5.6677E-11 6.1175E-11 6.5441E-11 7.0286E-11 7.4906E-11 7.9681E-11 8.5404E-11 9.0545E-11 9.6603E-11 1.0209E-10 1.0847E-10 1.1429E-10 1.2023E-10 1.2706E-10 1.3330E-10 1.3965E-10 1.4687E-10 1.5347E-10 1.6016E-10 1.6790E-10 1.7481E-10 1.8273E-10 1.8983E-10 1.9698E-10 2.0514E-10 2.1243E-10 2.2021E-10 2.2783E-10 2.3522E-10 2.4309E-10 2.5072E-10 2.5814E-10 2.6577E-10 2.7335E-10
0.0000E+00 0.0000E+00 0.0000E+00 0.0000E+00 0.0000E+00 0.0000E+00 0.0000E+00 3.2062E-13 2.0789E-12 5.3632E-12 1.1430E-11 1.6211E-11 2.1067E-11 2.3834E-11 2.6572E-11 2.9059E-11 3.2163E-11 3.5019E-11 3.8494E-11 4.1723E-11 4.5567E-11 4.9169E-11 5.3385E-11 5.7361E-11 6.1944E-11 6.6292E-11 7.1231E-11 7.5943E-11 8.1004E-11 8.6653E-11 9.1901E-11 9.8084E-11 1.0369E-10 1.1020E-10 1.1614E-10 1.2222E-10 1.2920E-10 1.3558E-10 1.4207E-10 1.4944E-10 1.5619E-10 1.6303E-10 1.7095E-10 1.7802E-10 1.8611E-10 1.9338E-10 2.0069E-10 2.0903E-10 2.1649E-10 2.2468E-10 2.3224E-10 2.4008E-10 2.4805E-10 2.5566E-10 2.6347E-10 2.7125E-10 2.7906E-10
0.0000E+00 0.0000E+00 0.0000E+00 0.0000E+00 0.0000E+00 0.0000E+00 0.0000E+00 1.6358E-13 2.0720E-12 4.9170E-12 1.1459E-11 1.6410E-11 2.1585E-11 2.3999E-11 2.6767E-11 2.9282E-11 3.2423E-11 3.5319E-11 3.8843E-11 4.2126E-11 4.6035E-11 4.9699E-11 5.3991E-11 5.8040E-11 6.2707E-11 6.7139E-11 7.2172E-11 7.6979E-11 8.2331E-11 8.7903E-11 9.3260E-11 9.9569E-11 1.0530E-10 1.1194E-10 1.1801E-10 1.2422E-10 1.3135E-10 1.3787E-10 1.4451E-10 1.5204E-10 1.5895E-10 1.6617E-10 1.7403E-10 1.8126E-10 1.8953E-10 1.9697E-10 2.0445E-10 2.1298E-10 2.2061E-10 2.2922E-10 2.3698E-10 2.4474E-10 2.5289E-10 2.6088E-10 2.6866E-10 2.7706E-10 2.8483E-10
0.0000E+00 0.0000E+00 0.0000E+00 0.0000E+00 0.0000E+00 0.0000E+00 0.0000E+00 1.6287E-13 1.9366E-12 4.9082E-12 1.1110E-11 1.6872E-11 2.1987E-11 2.4162E-11 2.6961E-11 2.9504E-11 3.2682E-11 3.5614E-11 3.9189E-11 4.2628E-11 4.6494E-11 5.0330E-11 5.4589E-11 5.8712E-11 6.3465E-11 6.7981E-11 7.3110E-11 7.8012E-11 8.3660E-11 8.9153E-11 9.4620E-11 1.0106E-10 1.0691E-10 1.1369E-10 1.1989E-10 1.2624E-10 1.3352E-10 1.4018E-10 1.4696E-10 1.5466E-10 1.6172E-10 1.6959E-10 1.7715E-10 1.8454E-10 1.9300E-10 2.0060E-10 2.0873E-10 2.1697E-10 2.2478E-10 2.3359E-10 2.4152E-10 2.4946E-10 2.5800E-10 2.6597E-10 2.7416E-10 2.8252E-10 2.9068E-10
0.0000E+00 0.0000E+00 0.0000E+00 0.0000E+00 0.0000E+00 0.0000E+00 0.0000E+00 1.6206E-13 1.6130E-12 4.6117E-12 1.1293E-11 1.7216E-11 2.2132E-11 2.4328E-11 2.7156E-11 2.9724E-11 3.2938E-11 3.5906E-11 3.9529E-11 4.3019E-11 4.6945E-11 5.0846E-11 5.5179E-11 5.9377E-11 6.4216E-11 6.8817E-11 7.4044E-11 7.9041E-11 8.4799E-11 9.0402E-11 9.5981E-11 1.0255E-10 1.0852E-10 1.1544E-10 1.2178E-10 1.2826E-10 1.3569E-10 1.4251E-10 1.4944E-10 1.5731E-10 1.6452E-10 1.7281E-10 1.8029E-10 1.8785E-10 1.9650E-10 2.0427E-10 2.1306E-10 2.2102E-10 2.2901E-10 2.3801E-10 2.4613E-10 2.5425E-10 2.6318E-10 2.7136E-10 2.7990E-10 2.8827E-10 2.9641E-10
0.0000E+00 0.0000E+00 0.0000E+00 0.0000E+00 0.0000E+00 0.0000E+00 0.0000E+00 0.0000E+00 1.2908E-12 4.6795E-12 1.1298E-11 1.7697E-11 2.2276E-11 2.4494E-11 2.7351E-11 2.9947E-11 3.3197E-11 3.6309E-11 3.9864E-11 4.3404E-11 4.7388E-11 5.1463E-11 5.5761E-11 6.0034E-11 6.4959E-11 6.9647E-11 7.4971E-11 8.0065E-11 8.6129E-11 9.1649E-11 9.7537E-11 1.0404E-10 1.1014E-10 1.1720E-10 1.2367E-10 1.3029E-10 1.3789E-10 1.4485E-10 1.5213E-10 1.5997E-10 1.6735E-10 1.7582E-10 1.8346E-10 1.9120E-10 2.0003E-10 2.0799E-10 2.1698E-10 2.2511E-10 2.3328E-10 2.4249E-10 2.5079E-10 2.5910E-10 2.6824E-10 2.7660E-10 2.8553E-10 2.9389E-10 3.0245E-10
0.0000E+00 0.0000E+00 0.0000E+00 0.0000E+00 0.0000E+00 0.0000E+00 0.0000E+00 0.0000E+00 9.8963E-13 4.9176E-12 1.1583E-11 1.8062E-11 2.2419E-11 2.4657E-11 2.7544E-11 3.0281E-11 3.3455E-11 3.6603E-11 4.0202E-11 4.3896E-11 4.7826E-11 5.1962E-11 5.6333E-11 6.0791E-11 6.5694E-11 7.0468E-11 7.5891E-11 8.1084E-11 8.7263E-11 9.2893E-11 9.9095E-11 1.0553E-10 1.1175E-10 1.1896E-10 1.2557E-10 1.3253E-10 1.4009E-10 1.4720E-10 1.5484E-10 1.6265E-10 1.7020E-10 1.7885E-10 1.8667E-10 1.9457E-10 2.0361E-10 2.1174E-10 2.2093E-10 2.2925E-10 2.3761E-10 2.4703E-10 2.5552E-10 2.6460E-10 2.7336E-10 2.8191E-10 2.9105E-10 2.9982E-10 3.0836E-10
0.0000E+00 0.0000E+00 0.0000E+00 0.0000E+00 0.0000E+00 0.0000E+00 0.0000E+00 0.0000E+00 1.0844E-12 4.8738E-12 1.1646E-11 1.8070E-11 2.2565E-11 2.4822E-11 2.7737E-11 3.0501E-11 3.3710E-11 3.6895E-11 4.0537E-11 4.4277E-11 4.8260E-11 5.2457E-11 5.6894E-11 6.1430E-11 6.6420E-11 7.1281E-11 7.6804E-11 8.2095E-11 8.8391E-11 9.4132E-11 1.0046E-10 1.0702E-10 1.1337E-10 1.2073E-10 1.2748E-10 1.3478E-10 1.4230E-10 1.4957E-10 1.5757E-10 1.6536E-10 1.7306E-10 1.8190E-10 1.8990E-10 1.9823E-10 2.0722E-10 2.1553E-10 2.2493E-10 2.3344E-10 2.4199E-10 2.5162E-10 2.6030E-10 2.6979E-10 2.7855E-10 2.8730E-10 2.9684E-10 3.0561E-10 3.1434E-10
0.0000E+00 0.0000E+00 0.0000E+00 0.0000E+00 0.0000E+00 0.0000E+00 0.0000E+00 0.0000E+00 1.3541E-12 5.1380E-12 1.1837E-11 1.8177E-11 2.2709E-11 2.4987E-11 2.7931E-11 3.0724E-11 3.3966E-11 3.7299E-11 4.0869E-11 4.4656E-11 4.8689E-11 5.2945E-11 5.7450E-11 6.2058E-11 6.7135E-11 7.2085E-11 7.7708E-11 8.3099E-11 8.9513E-11 9.5366E-11 1.0202E-10 1.0851E-10 1.1499E-10 1.2249E-10 1.2939E-10 1.3685E-10 1.4452E-10 1.5194E-10 1.6012E-10 1.6807E-10 1.7595E-10 1.8498E-10 1.9316E-10 2.0218E-10 2.1086E-10 2.1936E-10 2.2897E-10 2.3767E-10 2.4642E-10 2.5626E-10 2.6514E-10 2.7485E-10 2.8381E-10 2.9276E-10 3.0252E-10 3.1148E-10 3.2042E-10
0.0000E+00 0.0000E+00 0.0000E+00 0.0000E+00 0.0000E+00 0.0000E+00 0.0000E+00 0.0000E+00 1.9406E-12 5.2949E-12 1.1641E-11 1.8283E-11 2.2853E-11 2.5268E-11 2.8124E-11 3.0944E-11 3.4222E-11 3.7593E-11 4.1204E-11 4.5034E-11 4.9116E-11 5.3540E-11 5.7998E-11 6.2792E-11 6.7839E-11 7.2877E-11 7.8601E-11 8.4093E-11 9.0626E-11 9.6593E-11 1.0337E-10 1.1000E-10 1.1661E-10 1.2426E-10 1.3130E-10 1.3911E-10 1.4675E-10 1.5433E-10 1.6288E-10 1.7081E-10 1.7886E-10 1.8808E-10 1.9644E-10 2.0591E-10 2.1453E-10 2.2323E-10 2.3305E-10 2.4195E-10 2.5140E-10 2.6096E-10 2.7004E-10 2.7996E-10 2.8913E-10 2.9828E-10 3.0826E-10 3.1744E-10 3.2657E-10
