Assets/Resources/2015_m01_d15_2300(utc+0800)_l00_csi_1hr_conc.grd
DSAA
         159         159
     -79.000      79.000
     -79.000      79.000
  0.0000E+00  0.2833E-04
[rows 0 to 24 of 159, columns 0 to 56 of 159]
1.4784E-10 1.5779E-10 1.6836E-10 1.7967E-10 1.9213E-10 2.0450E-10 2.1793E-10 2.3151E-10 2.4605E-10 2.6040E-10 2.7640E-10 2.9184E-10 3.0810E-10 3.2518E-10 3.4197E-10 3.6024E-10 3.7781E-10 3.9573E-10 4.1510E-10 4.3368E-10 4.5286E-10 4.7265E-10 4.9189E-10 5.1162E-10 5.3188E-10 5.5138E-10 5.7177E-10 5.9173E-10 6.1114E-10 6.3186E-10 6.5112E-10 6.7022E-10 6.9007E-10 7.0933E-10 7.2817E-10 7.4756E-10 7.6766E-10 7.8789E-10 8.0682E-10 8.2528E-10 8.4322E-10 8.6221E-10 8.7918E-10 8.9560E-10 9.1192E-10 9.2824E-10 9.4293E-10 9.5699E-10 9.7370E-10 9.8673E-10 1.0181E-09 1.0549E-09 1.0864E-09 1.1210E-09 1.1574E-09 1.1956E-09 1.2394E-09
1.4948E-10 1.5997E-10 1.7112E-10 1.8221E-10 1.9446E-10 2.0784E-10 2.2063E-10 2.3513E-10 2.4914E-10 2.6407E-10 2.7992E-10 2.9557E-10 3.1279E-10 3.2938E-10 3.4677E-10 3.6494E-10 3.8274E-10 4.0205E-10 4.2058E-10 4.3942E-10 4.5963E-10 4.7895E-10 4.9846E-10 5.1926E-10 5.3905E-10 5.5882E-10 5.7998E-10 5.9978E-10 6.1994E-10 6.4054E-10 6.6009E-10 6.7947E-10 7.0012E-10 7.1938E-10 7.3903E-10 7.5853E-10 7.8007E-10 8.0002E-10 8.1927E-10 8.3846E-10 8.5861E-10 8.7652E-10 8.9384E-10 9.1060E-10 9.2836E-10 9.4401E-10 9.5903E-10 9.7667E-10 9.9064E-10 1.0197E-09 1.0598E-09 1.0877E-09 1.1263E-09 1.1599E-09 1.2017E-09 1.2423E-09 1.2888E-09
1.5185E-10 1.6208E-10 1.7300E-10 1.8506E-10 1.9710E-10 2.1026E-10 2.2357E-10 2.3791E-10 2.5211E-10 2.6797E-10 2.8330E-10 2.9989E-10 3.1662E-10 3.3342E-10 3.5179E-10 3.6947E-10 3.8788E-10 4.0710E-10 4.2589E-10 4.4573E-10 4.6549E-10 4.8506E-10 5.0563E-10 5.2597E-10 5.4601E-10 5.6744E-10 5.8755E-10 6.0763E-10 6.2903E-10 6.4903E-10 6.6886E-10 6.8994E-10 7.0989E-10 7.2970E-10 7.4949E-10 7.7124E-10 7.9133E-10 8.1205E-10 8.3240E-10 8.5259E-10 8.7183E-10 8.9006E-10 9.0770E-10 9.2634E-10 9.4292E-10 9.5886E-10 9.7738E-10 9.9229E-10 1.0165E-09 1.0595E-09 1.0898E-09 1.1289E-09 1.1606E-09 1.2058E-09 1.2449E-09 1.2933E-09 1.3424E-09
1.5372E-10 1.6410E-10 1.7519E-10 1.8702E-10 2.0005E-10 2.1256E-10 2.2677E-10 2.4057E-10 2.5567E-10 2.7102E-10 2.8653E-10 3.0370E-10 3.2029E-10 3.3805E-10 3.5591E-10 3.7382E-10 3.9323E-10 4.1197E-10 4.3100E-10 4.5149E-10 4.7115E-10 4.9137E-10 5.1223E-10 5.3247E-10 5.5323E-10 5.7453E-10 5.9491E-10 6.1621E-10 6.3702E-10 6.5729E-10 6.7843E-10 6.9941E-10 7.1952E-10 7.3981E-10 7.6094E-10 7.8208E-10 8.0345E-10 8.2403E-10 8.4480E-10 8.6581E-10 8.8491E-10 9.0346E-10 9.2299E-10 9.4049E-10 9.5738E-10 9.7678E-10 9.9265E-10 1.0180E-09 1.0523E-09 1.0923E-09 1.1301E-09 1.1633E-09 1.2077E-09 1.2475E-09 1.2955E-09 1.3456E-09 1.3949E-09
1.5512E-10 1.6603E-10 1.7729E-10 1.8929E-10 2.0207E-10 2.1510E-10 2.2914E-10 2.4308E-10 2.5874E-10 2.7392E-10 2.9035E-10 3.0701E-10 3.2378E-10 3.4215E-10 3.5986E-10 3.7837E-10 3.9767E-10 4.1664E-10 4.3669E-10 4.5669E-10 4.7659E-10 4.9785E-10 5.1825E-10 5.3874E-10 5.6070E-10 5.8140E-10 6.0252E-10 6.2414E-10 6.4479E-10 6.6555E-10 6.8793E-10 7.0855E-10 7.2933E-10 7.4964E-10 7.7225E-10 7.9355E-10 8.1456E-10 8.3580E-10 8.5774E-10 8.7767E-10 8.9706E-10 9.1642E-10 9.3579E-10 9.5355E-10 9.7178E-10 9.9056E-10 1.0169E-09 1.0417E-09 1.0934E-09 1.1256E-09 1.1649E-09 1.2045E-09 1.2484E-09 1.2944E-09 1.3482E-09 1.4006E-09 1.4556E-09
1.5683E-10 1.6747E-10 1.7928E-10 1.9186E-10 2.0397E-10 2.1787E-10 2.3137E-10 2.4583E-10 2.6132E-10 2.7666E-10 2.9367E-10 3.1014E-10 3.2786E-10 3.4572E-10 3.6362E-10 3.8312E-10 4.0193E-10 4.2150E-10 4.4181E-10 4.6167E-10 4.8222E-10 5.0340E-10 5.2404E-10 5.4572E-10 5.6707E-10 5.8803E-10 6.1036E-10 6.3138E-10 6.5266E-10 6.7530E-10 6.9659E-10 7.1766E-10 7.3866E-10 7.6155E-10 7.8266E-10 8.0421E-10 8.2582E-10 8.4865E-10 8.6997E-10 8.9028E-10 9.1004E-10 9.3084E-10 9.4958E-10 9.6770E-10 9.8849E-10 1.0158E-09 1.0344E-09 1.0870E-09 1.1198E-09 1.1633E-09 1.2077E-09 1.2523E-09 1.2995E-09 1.3522E-09 1.4088E-09 1.4617E-09 1.5181E-09
1.5845E-10 1.6964E-10 1.8118E-10 1.9351E-10 2.0611E-10 2.1982E-10 2.3346E-10 2.4880E-10 2.6374E-10 2.7998E-10 2.9646E-10 3.1310E-10 3.3141E-10 3.4910E-10 3.6795E-10 3.8695E-10 4.0597E-10 4.2652E-10 4.4635E-10 4.6644E-10 4.8802E-10 5.0871E-10 5.2959E-10 5.5202E-10 5.7319E-10 5.9535E-10 6.1709E-10 6.3883E-10 6.6089E-10 6.8358E-10 7.0507E-10 7.2682E-10 7.4898E-10 7.7123E-10 7.9300E-10 8.1471E-10 8.3740E-10 8.6018E-10 8.8131E-10 9.0192E-10 9.2357E-10 9.4319E-10 9.6224E-10 9.8386E-10 1.0122E-09 1.0306E-09 1.0751E-09 1.1142E-09 1.1642E-09 1.2117E-09 1.2581E-09 1.2999E-09 1.3526E-09 1.4111E-09 1.4630E-09 1.5200E-09 1.6087E-09
1.5997E-10 1.7129E-10 1.8297E-10 1.9504E-10 2.0848E-10 2.2163E-10 2.3577E-10 2.5093E-10 2.6601E-10 2.8279E-10 2.9908E-10 3.1663E-10 3.3441E-10 3.5228E-10 3.7172E-10 3.9057E-10 4.1019E-10 4.3061E-10 4.5066E-10 4.7138E-10 4.9285E-10 5.1378E-10 5.3583E-10 5.5765E-10 5.7907E-10 6.0202E-10 6.2409E-10 6.4606E-10 6.6961E-10 6.9154E-10 7.1392E-10 7.3586E-10 7.5904E-10 7.8098E-10 8.0295E-10 8.2546E-10 8.4907E-10 8.7099E-10 8.9246E-10 9.1391E-10 9.3545E-10 9.5539E-10 9.7687E-10 1.0071E-09 1.0265E-09 1.0590E-09 1.1093E-09 1.1567E-09 1.2106E-09 1.2582E-09 1.3028E-09 1.3510E-09 1.4101E-09 1.4636E-09 1.5227E-09 1.6110E-09 1.6805E-09
1.6141E-10 1.7243E-10 1.8465E-10 1.9680E-10 2.1003E-10 2.2331E-10 2.3830E-10 2.5290E-10 2.6848E-10 2.8508E-10 3.0153E-10 3.1964E-10 3.3722E-10 3.5602E-10 3.7495E-10 3.9398E-10 4.1457E-10 4.3447E-10 4.5474E-10 4.7648E-10 4.9744E-10 5.1906E-10 5.4139E-10 5.6301E-10 5.8570E-10 6.0851E-10 6.3081E-10 6.5418E-10 6.7704E-10 6.9979E-10 7.2213E-10 7.4543E-10 7.6805E-10 7.9046E-10 8.1288E-10 8.3631E-10 8.5935E-10 8.8161E-10 9.0342E-10 9.2629E-10 9.4716E-10 9.6743E-10 1.0005E-09 1.0213E-09 1.0559E-09 1.1032E-09 1.1520E-09 1.2048E-09 1.2525E-09 1.2991E-09 1.3492E-09 1.4052E-09 1.4645E-09 1.5245E-09 1.6128E-09 1.6813E-09 1.7622E-09
1.6274E-10 1.7389E-10 1.8582E-10 1.9844E-10 2.1145E-10 2.2520E-10 2.3998E-10 2.5471E-10 2.7116E-10 2.8720E-10 3.0417E-10 3.2210E-10 3.3984E-10 3.5920E-10 3.7796E-10 3.9756E-10 4.1801E-10 4.3810E-10 4.5936E-10 4.8060E-10 5.0177E-10 5.2455E-10 5.4624E-10 5.6821E-10 5.9209E-10 6.1470E-10 6.3737E-10 6.6156E-10 6.8468E-10 7.0741E-10 7.3027E-10 7.5433E-10 7.7714E-10 7.9956E-10 8.2210E-10 8.4648E-10 8.6943E-10 8.9204E-10 9.1574E-10 9.3749E-10 9.5869E-10 9.9274E-10 1.0165E-09 1.0508E-09 1.0893E-09 1.1479E-09 1.1955E-09 1.2465E-09 1.2943E-09 1.3462E-09 1.3981E-09 1.4631E-09 1.5264E-09 1.6128E-09 1.6774E-09 1.7603E-09 1.8651E-09
1.6396E-10 1.7564E-10 1.8687E-10 1.9995E-10 2.1274E-10 2.2696E-10 2.4151E-10 2.5673E-10 2.7297E-10 2.8913E-10 3.0699E-10 3.2437E-10 3.4263E-10 3.6182E-10 3.8075E-10 4.0092E-10 4.2121E-10 4.4150E-10 4.6338E-10 4.8446E-10 5.0631E-10 5.2891E-10 5.5093E-10 5.7450E-10 5.9776E-10 6.2069E-10 6.4473E-10 6.6858E-10 6.9175E-10 7.1501E-10 7.3954E-10 7.6279E-10 7.8544E-10 8.0816E-10 8.3263E-10 8.5596E-10 8.7928E-10 9.0278E-10 9.2639E-10 9.4849E-10 9.8280E-10 1.0108E-09 1.0450E-09 1.0764E-09 1.1318E-09 1.1849E-09 1.2376E-09 1.2880E-09 1.3375E-09 1.3944E-09 1.4586E-09 1.5233E-09 1.6107E-09 1.6778E-09 1.7581E-09 1.8484E-09 1.9642E-09
1.6468E-10 1.7647E-10 1.8815E-10 2.0100E-10 2.1388E-10 2.2857E-10 2.4288E-10 2.5859E-10 2.7460E-10 2.9127E-10 3.0892E-10 3.2643E-10 3.4560E-10 3.6423E-10 3.8371E-10 4.0407E-10 4.2417E-10 4.4505E-10 4.6678E-10 4.8807E-10 5.1059E-10 5.3307E-10 5.5574E-10 5.8009E-10 6.0323E-10 6.2657E-10 6.5160E-10 6.7509E-10 6.9876E-10 7.2274E-10 7.4728E-10 7.7039E-10 7.9340E-10 8.1703E-10 8.4148E-10 8.6522E-10 8.8892E-10 9.1384E-10 9.3773E-10 9.7210E-10 1.0027E-09 1.0365E-09 1.0650E-09 1.1135E-09 1.1716E-09 1.2239E-09 1.2794E-09 1.3293E-09 1.3897E-09 1.4499E-09 1.5191E-09 1.6047E-09 1.6788E-09 1.7529E-09 1.8363E-09 1.9577E-09 2.0777E-09
1.6613E-10 1.7718E-10 1.8931E-10 2.0191E-10 2.1525E-10 2.2968E-10 2.4409E-10 2.6029E-10 2.7607E-10 2.9322E-10 3.1066E-10 3.2868E-10 3.4763E-10 3.6642E-10 3.8644E-10 4.0661E-10 4.2689E-10 4.4874E-10 4.6992E-10 4.9187E-10 5.1466E-10 5.3735E-10 5.6126E-10 5.8503E-10 6.0856E-10 6.3327E-10 6.5755E-10 6.8147E-10 7.0543E-10 7.3071E-10 7.5427E-10 7.7774E-10 8.0112E-10 8.2617E-10 8.5008E-10 8.7424E-10 8.9937E-10 9.2623E-10 9.5691E-10 9.9084E-10 1.0247E-09 1.0530E-09 1.0960E-09 1.1588E-09 1.2084E-09 1.2670E-09 1.3198E-09 1.3811E-09 1.4407E-09 1.5115E-09 1.5965E-09 1.6766E-09 1.7507E-09 1.8351E-09 1.9426E-09 2.0642E-09 2.1957E-09
1.6704E-10 1.7777E-10 1.9035E-10 2.0267E-10 2.1647E-10 2.3064E-10 2.4552E-10 2.6146E-10 2.7735E-10 2.9499E-10 3.1220E-10 3.3072E-10 3.4946E-10 3.6838E-10 3.8896E-10 4.0892E-10 4.2976E-10 4.5144E-10 4.7279E-10 4.9541E-10 5.1842E-10 5.4142E-10 5.6613E-10 5.8979E-10 6.1372E-10 6.3911E-10 6.6331E-10 6.8760E-10 7.1223E-10 7.3710E-10 7.6100E-10 7.8482E-10 8.0910E-10 8.3411E-10 8.5846E-10 8.8368E-10 9.1364E-10 9.4098E-10 9.7605E-10 1.0096E-09 1.0403E-09 1.0834E-09 1.1343E-09 1.1920E-09 1.2469E-09 1.3098E-09 1.3673E-09 1.4304E-09 1.5026E-09 1.5846E-09 1.6726E-09 1.7448E-09 1.8323E-09 1.9310E-09 2.0531E-09 2.1860E-09 2.3181E-09
1.6744E-10 1.7861E-10 1.9092E-10 2.0330E-10 2.1756E-10 2.3144E-10 2.4714E-10 2.6247E-10 2.7883E-10 2.9622E-10 3.1353E-10 3.3257E-10 3.5108E-10 3.7089E-10 3.9088E-10 4.1099E-10 4.3240E-10 4.5388E-10 4.7540E-10 4.9909E-10 5.2199E-10 5.4622E-10 5.7034E-10 5.9437E-10 6.1945E-10 6.4430E-10 6.6889E-10 6.9328E-10 7.1893E-10 7.4322E-10 7.6745E-10 7.9164E-10 8.1734E-10 8.4180E-10 8.6811E-10 8.9869E-10 9.2638E-10 9.6180E-10 9.9451E-10 1.0277E-09 1.0674E-09 1.1083E-09 1.1747E-09 1.2251E-09 1.2955E-09 1.3532E-09 1.4192E-09 1.4960E-09 1.5717E-09 1.6634E-09 1.7378E-09 1.8251E-09 1.9166E-09 2.0389E-09 2.1767E-09 2.3114E-09 2.4480E-09
1.6773E-10 1.7933E-10 1.9135E-10 2.0452E-10 2.1814E-10 2.3246E-10 2.4789E-10 2.6330E-10 2.8049E-10 2.9726E-10 3.1505E-10 3.3384E-10 3.5247E-10 3.7279E-10 3.9255E-10 4.1320E-10 4.3478E-10 4.5606E-10 4.7895E-10 5.0218E-10 5.2532E-10 5.5033E-10 5.7437E-10 5.9861E-10 6.2453E-10 6.4928E-10 6.7394E-10 6.9888E-10 7.2442E-10 7.4905E-10 7.7363E-10 7.9870E-10 8.2434E-10 8.5184E-10 8.8159E-10 9.1000E-10 9.4448E-10 9.7580E-10 1.0134E-09 1.0533E-09 1.0948E-09 1.1487E-09 1.2055E-09 1.2732E-09 1.3379E-09 1.4113E-09 1.4827E-09 1.5546E-09 1.6515E-09 1.7309E-09 1.8163E-09 1.9083E-09 2.0216E-09 2.1583E-09 2.3000E-09 2.4448E-09 2.5921E-09
1.6791E-10 1.7992E-10 1.9164E-10 2.0524E-10 2.1857E-10 2.3333E-10 2.4847E-10 2.6433E-10 2.8125E-10 2.9811E-10 3.1673E-10 3.3491E-10 3.5403E-10 3.7410E-10 3.9399E-10 4.1517E-10 4.3653E-10 4.5815E-10 4.8201E-10 5.0499E-10 5.2892E-10 5.5381E-10 5.7809E-10 6.0355E-10 6.2892E-10 6.5376E-10 6.7846E-10 7.0422E-10 7.2962E-10 7.5459E-10 7.7952E-10 8.0602E-10 8.3461E-10 8.6406E-10 8.9188E-10 9.2094E-10 9.5655E-10 9.9593E-10 1.0366E-09 1.0797E-09 1.1215E-09 1.1863E-09 1.2519E-09 1.3241E-09 1.3967E-09 1.4644E-09 1.5374E-09 1.6330E-09 1.7207E-09 1.8028E-09 1.8994E-09 2.0010E-09 2.1385E-09 2.2877E-09 2.4334E-09 2.5873E-09 2.7368E-09
1.6833E-10 1.8003E-10 1.9180E-10 2.0546E-10 2.1884E-10 2.3404E-10 2.4888E-10 2.6518E-10 2.8182E-10 2.9914E-10 3.1749E-10 3.3576E-10 3.5536E-10 3.7517E-10 3.9519E-10 4.1690E-10 4.3809E-10 4.6066E-10 4.8433E-10 5.0765E-10 5.3277E-10 5.5700E-10 5.8152E-10 6.0783E-10 6.3286E-10 6.5769E-10 6.8268E-10 7.0928E-10 7.3453E-10 7.5984E-10 7.8586E-10 8.1628E-10 8.4549E-10 8.7225E-10 9.0096E-10 9.3846E-10 9.7330E-10 1.0173E-09 1.0611E-09 1.0976E-09 1.1698E-09 1.2371E-09 1.3102E-09 1.3783E-09 1.4483E-09 1.5207E-09 1.6091E-09 1.7071E-09 1.7896E-09 1.8849E-09 1.9875E-09 2.1152E-09 2.2737E-09 2.4196E-09 2.5775E-09 2.7348E-09 2.8908E-09
1.6864E-10 1.8002E-10 1.9220E-10 2.0554E-10 2.1934E-10 2.3424E-10 2.4912E-10 2.6585E-10 2.8220E-10 2.9997E-10 3.1804E-10 3.3639E-10 3.5647E-10 3.7601E-10 3.9653E-10 4.1800E-10 4.3968E-10 4.6304E-10 4.8652E-10 5.1053E-10 5.3538E-10 5.5988E-10 5.8525E-10 6.1126E-10 6.3622E-10 6.6133E-10 6.8760E-10 7.1357E-10 7.3914E-10 7.6509E-10 7.9663E-10 8.2595E-10 8.5282E-10 8.8108E-10 9.1598E-10 9.5177E-10 9.9297E-10 1.0402E-09 1.0797E-09 1.1559E-09 1.2205E-09 1.2931E-09 1.3605E-09 1.4281E-09 1.5013E-09 1.5788E-09 1.6844E-09 1.7729E-09 1.8691E-09 1.9723E-09 2.0873E-09 2.2478E-09 2.3996E-09 2.5612E-09 2.7282E-09 2.8904E-09 3.0581E-09
1.6883E-10 1.7988E-10 1.9247E-10 2.0549E-10 2.1969E-10 2.3427E-10 2.4957E-10 2.6599E-10 2.8240E-10 3.0060E-10 3.1838E-10 3.3719E-10 3.5699E-10 3.7662E-10 3.9763E-10 4.1913E-10 4.4117E-10 4.6523E-10 4.8840E-10 5.1304E-10 5.3782E-10 5.6261E-10 5.8865E-10 6.1406E-10 6.3928E-10 6.6467E-10 6.9173E-10 7.1755E-10 7.4371E-10 7.7472E-10 8.0529E-10 8.3246E-10 8.5986E-10 8.9090E-10 9.2825E-10 9.6860E-10 1.0198E-09 1.0675E-09 1.1441E-09 1.2020E-09 1.2719E-09 1.3408E-09 1.4066E-09 1.4768E-09 1.5543E-09 1.6556E-09 1.7548E-09 1.8478E-09 1.9537E-09 2.0655E-09 2.2102E-09 2.3792E-09 2.5420E-09 2.7181E-09 2.8834E-09 3.0564E-09 3.2402E-09
1.6855E-10 1.7961E-10 1.9260E-10 2.0530E-10 2.1953E-10 2.3414E-10 2.4986E-10 2.6596E-10 2.8278E-10 3.0068E-10 3.1852E-10 3.3777E-10 3.5728E-10 3.7699E-10 3.9861E-10 4.2016E-10 4.4324E-10 4.6664E-10 4.9002E-10 5.1544E-10 5.4005E-10 5.6503E-10 5.9136E-10 6.1656E-10 6.4204E-10 6.6820E-10 6.9509E-10 7.2136E-10 7.5203E-10 7.8308E-10 8.1109E-10 8.3877E-10 8.6725E-10 9.0535E-10 9.4311E-10 9.9510E-10 1.0694E-09 1.1270E-09 1.1921E-09 1.2523E-09 1.3157E-09 1.3813E-09 1.4506E-09 1.5293E-09 1.6230E-09 1.7300E-09 1.8256E-09 1.9325E-09 2.0452E-09 2.1745E-09 2.3508E-09 2.5147E-09 2.6971E-09 2.8729E-09 3.0501E-09 3.2412E-09 3.4300E-09
1.6815E-10 1.7959E-10 1.9224E-10 2.0496E-10 2.1958E-10 2.3385E-10 2.4997E-10 2.6574E-10 2.8298E-10 3.0056E-10 3.1845E-10 3.3813E-10 3.5734E-10 3.7751E-10 3.9918E-10 4.2097E-10 4.4477E-10 4.6783E-10 4.9196E-10 5.1710E-10 5.4195E-10 5.6773E-10 5.9334E-10 6.1877E-10 6.4449E-10 6.7190E-10 6.9814E-10 7.2872E-10 7.5935E-10 7.8865E-10 8.1668E-10 8.4487E-10 8.7851E-10 9.1753E-10 9.6440E-10 1.0487E-09 1.1054E-09 1.1758E-09 1.2327E-09 1.2939E-09 1.3577E-09 1.4250E-09 1.5023E-09 1.5849E-09 1.7010E-09 1.7994E-09 1.9071E-09 2.0201E-09 2.1421E-09 2.3087E-09 2.4858E-09 2.6724E-09 2.8580E-09 3.0388E-09 3.2311E-09 3.4318E-09 3.6309E-09
1.6763E-10 1.7945E-10 1.9175E-10 2.0486E-10 2.1913E-10 2.3341E-10 2.4956E-10 2.6534E-10 2.8262E-10 3.0024E-10 3.1855E-10 3.3791E-10 3.5717E-10 3.7806E-10 3.9969E-10 4.2211E-10 4.4556E-10 4.6871E-10 4.9354E-10 5.1856E-10 5.4335E-10 5.6963E-10 5.9501E-10 6.2067E-10 6.4711E-10 6.7435E-10 7.0434E-10 7.3576E-10 7.6472E-10 7.9352E-10 8.2204E-10 8.5148E-10 8.9259E-10 9.3248E-10 1.0236E-09 1.0828E-09 1.1471E-09 1.2091E-09 1.2716E-09 1.3322E-09 1.3984E-09 1.4707E-09 1.5579E-09 1.6642E-09 1.7719E-09 1.8753E-09 1.9928E-09 2.1145E-09 2.2672E-09 2.4523E-09 2.6362E-09 2.8346E-09 3.0231E-09 3.2161E-09 3.4263E-09 3.6353E-09 3.8476E-09
1.6699E-10 1.7918E-10 1.9114E-10 2.0462E-10 2.1852E-10 2.3318E-10 2.4898E-10 2.6478E-10 2.8244E-10 2.9973E-10 3.1844E-10 3.3746E-10 3.5677E-10 3.7844E-10 3.9985E-10 4.2289E-10 4.4602E-10 4.6951E-10 4.9503E-10 5.1966E-10 5.4475E-10 5.7079E-10 5.9637E-10 6.2226E-10 6.4944E-10 6.7907E-10 7.1123E-10 7.3943E-10 7.6935E-10 7.9815E-10 8.2729E-10 8.6181E-10 9.0400E-10 9.9430E-10 1.0552E-09 1.1208E-09 1.1852E-09 1.2482E-09 1.3093E-09 1.3720E-09 1.4407E-09 1.5291E-09 1.6215E-09 1.7356E-09 1.8425E-09 1.9600E-09 2.0824E-09 2.2297E-09 2.4218E-09 2.5967E-09 2.8000E-09 3.0011E-09 3.1985E-09 3.4114E-09 3.6306E-09 3.8514E-09 4.0813E-09
1.6625E-10 1.7843E-10 1.9039E-10 2.0423E-10 2.1776E-10 2.3280E-10 2.4823E-10 2.6441E-10 2.8172E-10 2.9901E-10 3.1813E-10 3.3680E-10 3.5653E-10 3.7806E-10 3.9995E-10 4.2345E-10 4.4638E-10 4.7049E-10 4.9572E-10 5.2012E-10 5.4586E-10 5.7166E-10 5.9743E-10 6.2355E-10 6.5297E-10 6.8563E-10 7.1430E-10 7.4335E-10 7.7327E-10 8.0255E-10 8.3286E-10 8.7554E-10 9.5877E-10 1.0255E-09 1.0932E-09 1.1562E-09 1.2206E-09 1.2843E-09 1.3465E-09 1.4145E-09 1.4958E-09 1.5826E-09 1.6941E-09 1.8063E-09 1.9228E-09 2.0500E-09 2.2117E-09 2.3810E-09 2.5591E-09 2.7586E-09 2.9704E-09 3.1751E-09 3.3912E-09 3.6195E-09 3.8500E-09 4.0884E-09 4.3269E-09
