Assets/Resources/2015_m01_d29_2300(utc+0800)_l00_csi_1hr_conc.grd
DSAA
         159         159
     -79.000      79.000
     -79.000      79.000
  0.0000E+00  0.7632E-05
[rows 75 to 99 of 159, columns 57 to 113 of 159]
3.0069E-12 3.1477E-12 3.2980E-12 3.4590E-12 3.6326E-12 3.8206E-12 4.0236E-12 4.2404E-12 4.4691E-12 4.7076E-12 4.9538E-12 5.2102E-12 5.4735E-12 5.7434E-12 6.0199E-12 6.3026E-12 6.5915E-12 6.8861E-12 7.1864E-12 7.4921E-12 7.8028E-12 8.1183E-12 8.4383E-12 8.7625E-12 9.0906E-12 9.4222E-12 9.7571E-12 1.0095E-11 2.1520E-09 3.0601E-08 1.0440E-07 1.7295E-07 1.9553E-07 1.9605E-07 1.9362E-07 1.8745E-07 1.8001E-07 1.7019E-07 1.5762E-07 1.4338E-07 1.2833E-07 1.1308E-07 9.8009E-08 8.3728E-08 7.0608E-08 5.9186E-08 4.9421E-08 4.1430E-08 3.5289E-08 3.0783E-08 2.7679E-08 2.5795E-08 2.4819E-08 2.4620E-08 2.4984E-08 2.5756E-08 2.6716E-08
2.9186E-12 3.0570E-12 3.2058E-12 3.3647E-12 3.5375E-12 3.7242E-12 3.9262E-12 4.1398E-12 4.3649E-12 4.5977E-12 4.8400E-12 5.0906E-12 5.3479E-12 5.6117E-12 5.8818E-12 6.1582E-12 6.4405E-12 6.7286E-12 7.0221E-12 7.3210E-12 7.6248E-12 7.9334E-12 8.2464E-12 8.5635E-12 8.8844E-12 9.2089E-12 1.3477E-11 2.0181E-08 1.2011E-07 2.0847E-07 2.3115E-07 2.3555E-07 2.1299E-07 2.0134E-07 1.9390E-07 1.8459E-07 1.7301E-07 1.5982E-07 1.4519E-07 1.2923E-07 1.1297E-07 9.6751E-08 8.1625E-08 6.8053E-08 5.5952E-08 4.5740E-08 3.7320E-08 3.0524E-08 2.5362E-08 2.1738E-08 1.9385E-08 1.8037E-08 1.7570E-08 1.7689E-08 1.8272E-08 1.9169E-08 2.0261E-08
2.8326E-12 2.9689E-12 3.1156E-12 3.2738E-12 3.4452E-12 3.6312E-12 3.8304E-12 4.0412E-12 4.2618E-12 4.4896E-12 4.7276E-12 4.9724E-12 5.2237E-12 5.4815E-12 5.7455E-12 6.0155E-12 6.2914E-12 6.5729E-12 6.8599E-12 7.1520E-12 7.4491E-12 7.7507E-12 8.0568E-12 8.3669E-12 8.6809E-12 5.1484E-09 1.4750E-07 2.7453E-07 2.7408E-07 2.5528E-07 2.3952E-07 2.3367E-07 2.2067E-07 2.0375E-07 1.8953E-07 1.7681E-07 1.6220E-07 1.4508E-07 1.2689E-07 1.0938E-07 9.3083E-08 7.7935E-08 6.4091E-08 5.1914E-08 4.1706E-08 3.3233E-08 2.6521E-08 2.1314E-08 1.7391E-08 1.4735E-08 1.3097E-08 1.2254E-08 1.2059E-08 1.2476E-08 1.3184E-08 1.4163E-08 1.5278E-08
2.7485E-12 2.8836E-12 3.0280E-12 3.1854E-12 3.3557E-12 3.5408E-12 3.7373E-12 3.9447E-12 4.1601E-12 4.3841E-12 4.6166E-12 4.8557E-12 5.1012E-12 5.3529E-12 5.6108E-12 5.8746E-12 6.1442E-12 6.4193E-12 6.6997E-12 6.9852E-12 7.2756E-12 7.5705E-12 7.8697E-12 8.1729E-12 2.0280E-07 3.8288E-07 3.4743E-07 3.0458E-07 2.7704E-07 2.5677E-07 2.3982E-07 2.3866E-07 2.1955E-07 2.0417E-07 1.8603E-07 1.6383E-07 1.4272E-07 1.2251E-07 1.0333E-07 8.5574E-08 7.0235E-08 5.7422E-08 4.6290E-08 3.6719E-08 2.8900E-08 2.2561E-08 1.7634E-08 1.4005E-08 1.1341E-08 9.5976E-09 8.5653E-09 8.1576E-09 8.2254E-09 8.6600E-09 9.4778E-09 1.0459E-08 1.1541E-08
2.6670E-12 2.7999E-12 2.9437E-12 3.0996E-12 3.2695E-12 3.4523E-12 3.6458E-12 3.8495E-12 4.0597E-12 4.2800E-12 4.5070E-12 4.7405E-12 4.9802E-12 5.2261E-12 5.4779E-12 5.7356E-12 5.9989E-12 6.2677E-12 6.5417E-12 6.8207E-12 7.1044E-12 7.3926E-12 7.6851E-12 5.9631E-07 4.6384E-07 3.9147E-07 3.3516E-07 3.0418E-07 2.7854E-07 2.5605E-07 2.4016E-07 2.3500E-07 2.1666E-07 1.9909E-07 1.7184E-07 1.4234E-07 1.1456E-07 9.2421E-08 7.4902E-08 6.0296E-08 4.7969E-08 3.8110E-08 3.0146E-08 2.3657E-08 1.8335E-08 1.4076E-08 1.0923E-08 8.5909E-09 7.0328E-09 6.0327E-09 5.5358E-09 5.4251E-09 5.6463E-09 6.1238E-09 6.8177E-09 7.7754E-09 8.7911E-09
2.5879E-12 2.7188E-12 2.8619E-12 3.0170E-12 3.1858E-12 3.3661E-12 3.5568E-12 3.7555E-12 3.9621E-12 4.1773E-12 4.3989E-12 4.6268E-12 4.8608E-12 5.1009E-12 5.3468E-12 5.5985E-12 5.8557E-12 6.1182E-12 6.3858E-12 6.6584E-12 6.9356E-12 7.2172E-12 7.5031E-12 7.7928E-12 7.6325E-06 1.8944E-06 3.8361E-07 3.1011E-07 2.7896E-07 2.5702E-07 2.4041E-07 2.3313E-07 2.1345E-07 1.7587E-07 1.3731E-07 1.0465E-07 7.8400E-08 5.9360E-08 4.6025E-08 3.6404E-08 2.8664E-08 2.2436E-08 1.7508E-08 1.3606E-08 1.0516E-08 8.0598E-09 6.2949E-09 4.9899E-09 4.1399E-09 3.6827E-09 3.5574E-09 3.6644E-09 3.9746E-09 4.4377E-09 5.0494E-09 5.8367E-09 6.7981E-09
2.5106E-12 2.6408E-12 2.7825E-12 2.9370E-12 3.1043E-12 3.2815E-12 3.4690E-12 3.6628E-12 3.8660E-12 4.0760E-12 4.2923E-12 4.5147E-12 4.7431E-12 4.9775E-12 5.2176E-12 5.4633E-12 5.7144E-12 5.9708E-12 6.2322E-12 6.4984E-12 6.7692E-12 7.0443E-12 7.3236E-12 7.6068E-12 7.8935E-12 8.3501E-08 1.9920E-06 1.4864E-06 4.8806E-07 2.7782E-07 2.4041E-07 2.2728E-07 1.7278E-07 1.2170E-07 8.3291E-08 5.7595E-08 4.1531E-08 3.0325E-08 2.3016E-08 1.8000E-08 1.4435E-08 1.1426E-08 8.9570E-09 6.9554E-09 5.3458E-09 4.1760E-09 3.3199E-09 2.7551E-09 2.4386E-09 2.2765E-09 2.3175E-09 2.5423E-09 2.8813E-09 3.3213E-09 3.8704E-09 4.5248E-09 5.2986E-09
2.4358E-12 2.5653E-12 2.7062E-12 2.8597E-12 3.0247E-12 3.1996E-12 3.3825E-12 3.5726E-12 3.7713E-12 3.9762E-12 4.1872E-12 4.4042E-12 4.6271E-12 4.8559E-12 5.0902E-12 5.3301E-12 5.5752E-12 5.8255E-12 6.0808E-12 6.3407E-12 6.6052E-12 6.8740E-12 7.1468E-12 7.4235E-12 7.7037E-12 7.9872E-12 8.2736E-12 1.3871E-07 5.9660E-07 5.0975E-07 2.6192E-07 1.5607E-07 8.3204E-08 4.6194E-08 2.9898E-08 2.0369E-08 1.5040E-08 1.1365E-08 8.8407E-09 6.9845E-09 5.8220E-09 4.8057E-09 3.9385E-09 3.1393E-09 2.4780E-09 1.9774E-09 1.6140E-09 1.4773E-09 1.4646E-09 1.5030E-09 1.6267E-09 1.8734E-09 2.2221E-09 2.6188E-09 3.1019E-09 3.6351E-09 4.2936E-09
2.3637E-12 2.4921E-12 2.6323E-12 2.7850E-12 2.9471E-12 3.1189E-12 3.2972E-12 3.4841E-12 3.6779E-12 3.8778E-12 4.0836E-12 4.2954E-12 4.5129E-12 4.7361E-12 4.9648E-12 5.1988E-12 5.4381E-12 5.6824E-12 5.9316E-12 6.1855E-12 6.4437E-12 6.7062E-12 6.9727E-12 7.2430E-12 7.5167E-12 7.7937E-12 8.0737E-12 8.3563E-12 2.8979E-10 5.5956E-08 6.8760E-08 2.5199E-08 9.1028E-09 5.6796E-09 4.6047E-09 3.8169E-09 3.2553E-09 2.7917E-09 2.3907E-09 2.0211E-09 1.7800E-09 1.5945E-09 1.4300E-09 1.1961E-09 1.0082E-09 8.6359E-10 7.7178E-10 7.7421E-10 9.3390E-10 1.0914E-09 1.2655E-09 1.4936E-09 1.7941E-09 2.1514E-09 2.5570E-09 3.0051E-09 3.5340E-09
2.2941E-12 2.4219E-12 2.5614E-12 2.7117E-12 2.8716E-12 3.0395E-12 3.2140E-12 3.3970E-12 3.5860E-12 3.7809E-12 3.9816E-12 4.1882E-12 4.4004E-12 4.6181E-12 4.8412E-12 5.0696E-12 5.3031E-12 5.5416E-12 5.7848E-12 6.0326E-12 6.2847E-12 6.5411E-12 6.8013E-12 7.0652E-12 7.3326E-12 7.6032E-12 7.8768E-12 8.1530E-12 8.4317E-12 8.7125E-12 6.7400E-10 1.4321E-11 9.5650E-12 7.9530E-11 1.9593E-10 2.5204E-10 3.1635E-10 3.2508E-10 3.5092E-10 3.3025E-10 3.2164E-10 3.7271E-10 3.9632E-10 4.1142E-10 3.9156E-10 3.8494E-10 3.8705E-10 4.1304E-10 5.9538E-10 8.5900E-10 1.0537E-09 1.2706E-09 1.5203E-09 1.8110E-09 2.1558E-09 2.5161E-09 2.9580E-09
2.2270E-12 2.3539E-12 2.4927E-12 2.6406E-12 2.7977E-12 2.9613E-12 3.1328E-12 3.3112E-12 3.4954E-12 3.6855E-12 3.8812E-12 4.0827E-12 4.2896E-12 4.5020E-12 4.7196E-12 4.9425E-12 5.1703E-12 5.4030E-12 5.6403E-12 5.8822E-12 6.1283E-12 6.3785E-12 6.6326E-12 6.8903E-12 7.1515E-12 7.4158E-12 7.6830E-12 7.9529E-12 8.2252E-12 8.4997E-12 8.7760E-12 9.0539E-12 9.3331E-12 9.6134E-12 9.8944E-12 1.0176E-11 1.0458E-11 1.0739E-11 2.6548E-11 2.5271E-11 2.1379E-11 6.7499E-11 1.1200E-10 1.4785E-10 1.7596E-10 2.2065E-10 2.7263E-10 3.3130E-10 4.2168E-10 6.9189E-10 9.1493E-10 1.0965E-09 1.3075E-09 1.5500E-09 1.8311E-09 2.1454E-09 2.5110E-09
2.1624E-12 2.2888E-12 2.4254E-12 2.5713E-12 2.7250E-12 2.8847E-12 3.0528E-12 3.2267E-12 3.4063E-12 3.5916E-12 3.7825E-12 3.9789E-12 4.1806E-12 4.3877E-12 4.6000E-12 4.8174E-12 5.0396E-12 5.2666E-12 5.4982E-12 5.7342E-12 5.9744E-12 6.2186E-12 6.4667E-12 6.7183E-12 6.9733E-12 7.2314E-12 7.4924E-12 7.7561E-12 8.0221E-12 8.2903E-12 8.5603E-12 8.8320E-12 9.1050E-12 9.3790E-12 9.6539E-12 9.9292E-12 1.0205E-11 1.0480E-11 1.0756E-11 1.1030E-11 1.1933E-11 3.1545E-11 6.9246E-11 1.1088E-10 1.5040E-10 1.8760E-10 2.3438E-10 2.8283E-10 3.3894E-10 4.8899E-10 7.6988E-10 9.4940E-10 1.1239E-09 1.3267E-09 1.5662E-09 1.8321E-09 2.1495E-09
2.1001E-12 2.2259E-12 2.3605E-12 2.5038E-12 2.6536E-12 2.8104E-12 2.9742E-12 3.1437E-12 3.3187E-12 3.4993E-12 3.6853E-12 3.8768E-12 4.0735E-12 4.2754E-12 4.4824E-12 4.6944E-12 4.9111E-12 5.1325E-12 5.3585E-12 5.5887E-12 5.8231E-12 6.0614E-12 6.3035E-12 6.5491E-12 6.7981E-12 7.0501E-12 7.3050E-12 7.5625E-12 7.8224E-12 8.0844E-12 8.3483E-12 8.6138E-12 8.8806E-12 9.1485E-12 9.4173E-12 9.6866E-12 9.9561E-12 1.0226E-11 1.0495E-11 1.0764E-11 1.1032E-11 1.6512E-11 4.4679E-11 8.2851E-11 1.2381E-10 1.5841E-10 1.9845E-10 2.4419E-10 2.9076E-10 3.4626E-10 5.7309E-10 8.1608E-10 9.6871E-10 1.1442E-09 1.3411E-09 1.5705E-09 1.8313E-09
2.0405E-12 2.1646E-12 2.2970E-12 2.4375E-12 2.5833E-12 2.7373E-12 2.8969E-12 3.0620E-12 3.2326E-12 3.4085E-12 3.5898E-12 3.7764E-12 3.9682E-12 4.1650E-12 4.3668E-12 4.5734E-12 4.7848E-12 5.0007E-12 5.2211E-12 5.4457E-12 5.6744E-12 5.9069E-12 6.1431E-12 6.3828E-12 6.6258E-12 6.8719E-12 7.1208E-12 7.3722E-12 7.6260E-12 7.8820E-12 8.1398E-12 8.3992E-12 8.6600E-12 8.9219E-12 9.1846E-12 9.4479E-12 9.7116E-12 9.9753E-12 1.0239E-11 1.0502E-11 1.0764E-11 1.1143E-11 2.4039E-11 5.8107E-11 9.4830E-11 1.3238E-10 1.6576E-10 2.0667E-10 2.5025E-10 2.9586E-10 3.5423E-10 6.5112E-10 8.2842E-10 9.8366E-10 1.1520E-09 1.3450E-09 1.5622E-09
1.9830E-12 2.1052E-12 2.2356E-12 2.3723E-12 2.5154E-12 2.6655E-12 2.8210E-12 2.9818E-12 3.1479E-12 3.3193E-12 3.4960E-12 3.6778E-12 3.8647E-12 4.0565E-12 4.2532E-12 4.4546E-12 4.6607E-12 4.8713E-12 5.0861E-12 5.3052E-12 5.5282E-12 5.7551E-12 5.9856E-12 6.2195E-12 6.4566E-12 6.6968E-12 6.9397E-12 7.1852E-12 7.4331E-12 7.6831E-12 7.9349E-12 8.1884E-12 8.4432E-12 8.6991E-12 8.9560E-12 9.2134E-12 9.4712E-12 9.7291E-12 9.9869E-12 1.0244E-11 1.0501E-11 1.0757E-11 1.3075E-11 3.4038E-11 6.8886E-11 1.0474E-10 1.3735E-10 1.7270E-10 2.1181E-10 2.5069E-10 2.9687E-10 3.9308E-10 6.9352E-10 8.3811E-10 9.8248E-10 1.1460E-09 1.3355E-09
1.9273E-12 2.0473E-12 2.1752E-12 2.3083E-12 2.4488E-12 2.5949E-12 2.7463E-12 2.9029E-12 3.0648E-12 3.2317E-12 3.4038E-12 3.5809E-12 3.7630E-12 3.9499E-12 4.1416E-12 4.3380E-12 4.5388E-12 4.7441E-12 4.9536E-12 5.1672E-12 5.3847E-12 5.6060E-12 5.8308E-12 6.0590E-12 6.2904E-12 6.5248E-12 6.7619E-12 7.0016E-12 7.2436E-12 7.4877E-12 7.7336E-12 7.9812E-12 8.2302E-12 8.4803E-12 8.7313E-12 8.9829E-12 9.2350E-12 9.4872E-12 9.7394E-12 9.9912E-12 1.0242E-11 1.0493E-11 1.0742E-11 1.6450E-11 4.5348E-11 7.7894E-11 1.1053E-10 1.4210E-10 1.7660E-10 2.1241E-10 2.5257E-10 2.9540E-10 4.3254E-10 7.0540E-10 8.3492E-10 9.8069E-10 1.1342E-09
1.8732E-12 1.9914E-12 2.1159E-12 2.2462E-12 2.3834E-12 2.5256E-12 2.6730E-12 2.8255E-12 2.9831E-12 3.1457E-12 3.3133E-12 3.4858E-12 3.6632E-12 3.8453E-12 4.0321E-12 4.2234E-12 4.4192E-12 4.6192E-12 4.8235E-12 5.0317E-12 5.2438E-12 5.4596E-12 5.6788E-12 5.9014E-12 6.1272E-12 6.3559E-12 6.5873E-12 6.8212E-12 7.0575E-12 7.2958E-12 7.5360E-12 7.7778E-12 8.0210E-12 8.2653E-12 8.5106E-12 8.7566E-12 9.0030E-12 9.2496E-12 9.4962E-12 9.7425E-12 9.9882E-12 1.0233E-11 1.0477E-11 1.1120E-11 2.2504E-11 5.3673E-11 8.5928E-11 1.1304E-10 1.4658E-10 1.7814E-10 2.1091E-10 2.4818E-10 2.8990E-10 4.7284E-10 7.0064E-10 8.2733E-10 9.4354E-10
1.8206E-12 1.9367E-12 2.0578E-12 2.1857E-12 2.3191E-12 2.4576E-12 2.6011E-12 2.7496E-12 2.9030E-12 3.0613E-12 3.2245E-12 3.3925E-12 3.5652E-12 3.7426E-12 3.9246E-12 4.1110E-12 4.3017E-12 4.4967E-12 4.6957E-12 4.8987E-12 5.1055E-12 5.3159E-12 5.5297E-12 5.7468E-12 5.9670E-12 6.1901E-12 6.4159E-12 6.6442E-12 6.8748E-12 7.1074E-12 7.3419E-12 7.5780E-12 7.8155E-12 8.0542E-12 8.2939E-12 8.5343E-12 8.7751E-12 9.0162E-12 9.2573E-12 9.4982E-12 9.7386E-12 9.9783E-12 1.0217E-11 1.0455E-11 1.2240E-11 3.0168E-11 6.0401E-11 8.9998E-11 1.1635E-10 1.4779E-10 1.7648E-10 2.0751E-10 2.4344E-10 2.8414E-10 4.8963E-10 6.8702E-10 7.8493E-10
1.7698E-12 1.8829E-12 2.0012E-12 2.1262E-12 2.2561E-12 2.3909E-12 2.5305E-12 2.6750E-12 2.8243E-12 2.9785E-12 3.1374E-12 3.3009E-12 3.4691E-12 3.6419E-12 3.8191E-12 4.0007E-12 4.1865E-12 4.3765E-12 4.5704E-12 4.7683E-12 4.9698E-12 5.1749E-12 5.3834E-12 5.5951E-12 5.8098E-12 6.0274E-12 6.2477E-12 6.4705E-12 6.6955E-12 6.9225E-12 7.1515E-12 7.3820E-12 7.6139E-12 7.8471E-12 8.0812E-12 8.3160E-12 8.5514E-12 8.7870E-12 9.0228E-12 9.2583E-12 9.4934E-12 9.7280E-12 9.9617E-12 1.0194E-11 1.0426E-11 1.4509E-11 3.6633E-11 6.7194E-11 9.1297E-11 1.1961E-10 1.4571E-10 1.7422E-10 2.0422E-10 2.3669E-10 2.7773E-10 4.8234E-10 6.4509E-10
1.7203E-12 1.8303E-12 1.9463E-12 2.0679E-12 2.1943E-12 2.3254E-12 2.4613E-12 2.6019E-12 2.7472E-12 2.8972E-12 3.0519E-12 3.2111E-12 3.3749E-12 3.5431E-12 3.7157E-12 3.8926E-12 4.0736E-12 4.2586E-12 4.4476E-12 4.6403E-12 4.8367E-12 5.0366E-12 5.2399E-12 5.4463E-12 5.6557E-12 5.8679E-12 6.0828E-12 6.3001E-12 6.5196E-12 6.7412E-12 6.9646E-12 7.1897E-12 7.4161E-12 7.6438E-12 7.8725E-12 8.1019E-12 8.3319E-12 8.5622E-12 8.7926E-12 9.0228E-12 9.2528E-12 9.4822E-12 9.7108E-12 9.9384E-12 1.0165E-11 1.0547E-11 1.7973E-11 4.1892E-11 7.1435E-11 9.4306E-11 1.1913E-10 1.4329E-10 1.7032E-10 1.9744E-10 2.2632E-10 2.7037E-10 4.6568E-10
1.6717E-12 1.7789E-12 1.8925E-12 2.0108E-12 2.1337E-12 2.2612E-12 2.3934E-12 2.5302E-12 2.6716E-12 2.8176E-12 2.9681E-12 3.1231E-12 3.2825E-12 3.4463E-12 3.6143E-12 3.7865E-12 3.9628E-12 4.1430E-12 4.3271E-12 4.5149E-12 4.7063E-12 4.9011E-12 5.0992E-12 5.3004E-12 5.5045E-12 5.7115E-12 5.9210E-12 6.1329E-12 6.3471E-12 6.5633E-12 6.7814E-12 7.0010E-12 7.2221E-12 7.4444E-12 7.6677E-12 7.8918E-12 8.1165E-12 8.3415E-12 8.5667E-12 8.7918E-12 9.0166E-12 9.2410E-12 9.4646E-12 9.6873E-12 9.9089E-12 1.0129E-11 1.0778E-11 2.1726E-11 4.6617E-11 7.2746E-11 9.6047E-11 1.1676E-10 1.3910E-10 1.6423E-10 1.8970E-10 2.1878E-10 2.5411E-10
1.6241E-12 1.7292E-12 1.8397E-12 1.9548E-12 2.0743E-12 2.1983E-12 2.3269E-12 2.4599E-12 2.5975E-12 2.7396E-12 2.8860E-12 3.0368E-12 3.1920E-12 3.3514E-12 3.5150E-12 3.6826E-12 3.8543E-12 4.0298E-12 4.2091E-12 4.3920E-12 4.5784E-12 4.7682E-12 4.9613E-12 5.1574E-12 5.3564E-12 5.5581E-12 5.7624E-12 5.9691E-12 6.1780E-12 6.3890E-12 6.6017E-12 6.8161E-12 7.0319E-12 7.2489E-12 7.4669E-12 7.6858E-12 7.9052E-12 8.1251E-12 8.3451E-12 8.5651E-12 8.7849E-12 9.0043E-12 9.2230E-12 9.4409E-12 9.6577E-12 9.8733E-12 1.0087E-11 1.1590E-11 2.4770E-11 5.0272E-11 7.4017E-11 9.4788E-11 1.1497E-10 1.3365E-10 1.5777E-10 1.8219E-10 2.0765E-10
1.5776E-12 1.6806E-12 1.7880E-12 1.8999E-12 2.0161E-12 2.1367E-12 2.2617E-12 2.3911E-12 2.5249E-12 2.6631E-12 2.8056E-12 2.9523E-12 3.1033E-12 3.2584E-12 3.4176E-12 3.5808E-12 3.7479E-12 3.9188E-12 4.0934E-12 4.2716E-12 4.4532E-12 4.6381E-12 4.8261E-12 5.0172E-12 5.2112E-12 5.4078E-12 5.6070E-12 5.8086E-12 6.0123E-12 6.2180E-12 6.4256E-12 6.6348E-12 6.8454E-12 7.0572E-12 7.2701E-12 7.4838E-12 7.6981E-12 7.9129E-12 8.1279E-12 8.3429E-12 8.5577E-12 8.7722E-12 8.9861E-12 9.1992E-12 9.4113E-12 9.6222E-12 9.8318E-12 1.0040E-11 1.2729E-11 2.7256E-11 5.1830E-11 7.5303E-11 9.3599E-11 1.1047E-10 1.2962E-10 1.5004E-10 1.7275E-10
1.5328E-12 1.6330E-12 1.7374E-12 1.8461E-12 1.9591E-12 2.0763E-12 2.1979E-12 2.3237E-12 2.4539E-12 2.5882E-12 2.7268E-12 2.8696E-12 3.0165E-12 3.1674E-12 3.3223E-12 3.4811E-12 3.6438E-12 3.8102E-12 3.9801E-12 4.1536E-12 4.3305E-12 4.5106E-12 4.6938E-12 4.8800E-12 5.0690E-12 5.2606E-12 5.4548E-12 5.6513E-12 5.8500E-12 6.0506E-12 6.2530E-12 6.4571E-12 6.6626E-12 6.8693E-12 7.0771E-12 7.2858E-12 7.4951E-12 7.7048E-12 7.9149E-12 8.1250E-12 8.3349E-12 8.5446E-12 8.7537E-12 8.9621E-12 9.1696E-12 9.3760E-12 9.5811E-12 9.7848E-12 9.9868E-12 1.3997E-11 2.9230E-11 5.2340E-11 7.5885E-11 9.0432E-11 1.0639E-10 1.2342E-10 1.4246E-10
1.4890E-12 1.5864E-12 1.6878E-12 1.7934E-12 1.9032E-12 2.0172E-12 2.1354E-12 2.2577E-12 2.3843E-12 2.5149E-12 2.6497E-12 2.7886E-12 2.9314E-12 3.0783E-12 3.2290E-12 3.3836E-12 3.5418E-12 3.7038E-12 3.8692E-12 4.0381E-12 4.2103E-12 4.3857E-12 4.5642E-12 4.7456E-12 4.9297E-12 5.1165E-12 5.3057E-12 5.4973E-12 5.6909E-12 5.8866E-12 6.0840E-12 6.2831E-12 6.4836E-12 6.6853E-12 6.8881E-12 7.0918E-12 7.2961E-12 7.5010E-12 7.7061E-12 7.9114E-12 8.1165E-12 8.3214E-12 8.5259E-12 8.7296E-12 8.9326E-12 9.1345E-12 9.3352E-12 9.5346E-12 9.7323E-12 9.9284E-12 1.4925E-11 3.0738E-11 5.2808E-11 7.4257E-11 8.6924E-11 1.0277E-10 1.1764E-10
