Assets/Resources/2015_m01_d13_0700(utc+0800)_l00_csi_1hr_conc.grd
DSAA
         159         159
     -79.000      79.000
     -79.000      79.000
  0.0000E+00  0.1761E-04
[rows 100 to 124 of 159, columns 0 to 56 of 159]
1.5530E-09 1.6216E-09 1.6904E-09 1.7614E-09 1.8317E-09 1.9014E-09 1.9746E-09 2.0469E-09 2.1186E-09 2.1945E-09 2.2691E-09 2.3443E-09 2.4224E-09 2.4977E-09 2.5752E-09 2.6558E-09 2.7353E-09 2.8218E-09 2.9101E-09 2.9962E-09 3.0930E-09 3.1988E-09 3.3020E-09 3.4130E-09 3.5247E-09 3.6301E-09 3.7437E-09 3.8584E-09 3.9656E-09 4.0756E-09 4.1849E-09 4.2878E-09 4.3920E-09 4.4928E-09 4.5852E-09 4.6742E-09 4.7645E-09 4.8473E-09 4.9147E-09 4.9751E-09 5.0393E-09 5.0807E-09 5.1043E-09 5.1149E-09 5.1218E-09 5.1199E-09 5.0927E-09 5.0472E-09 4.9833E-09 4.9003E-09 4.7900E-09 4.6481E-09 4.4741E-09 4.2782E-09 4.0677E-09 3.8418E-09 3.6320E-09
1.4101E-09 1.4720E-09 1.5323E-09 1.5947E-09 1.6580E-09 1.7194E-09 1.7822E-09 1.8474E-09 1.9107E-09 1.9768E-09 2.0444E-09 2.1093E-09 2.1773E-09 2.2450E-09 2.3118E-09 2.3836E-09 2.4558E-09 2.5299E-09 2.6109E-09 2.6828E-09 2.7694E-09 2.8701E-09 2.9620E-09 3.0552E-09 3.1588E-09 3.2525E-09 3.3463E-09 3.4501E-09 3.5461E-09 3.6380E-09 3.7333E-09 3.8244E-09 3.9101E-09 3.9958E-09 4.0764E-09 4.1481E-09 4.2167E-09 4.2888E-09 4.3409E-09 4.3819E-09 4.4139E-09 4.4450E-09 4.4583E-09 4.4564E-09 4.4384E-09 4.4109E-09 4.3677E-09 4.3088E-09 4.2323E-09 4.1337E-09 4.0092E-09 3.8558E-09 3.6825E-09 3.4937E-09 3.2819E-09 3.0905E-09 2.9004E-09
1.2766E-09 1.3304E-09 1.3845E-09 1.4384E-09 1.4945E-09 1.5492E-09 1.6031E-09 1.6605E-09 1.7177E-09 1.7740E-09 1.8335E-09 1.8908E-09 1.9480E-09 2.0085E-09 2.0674E-09 2.1291E-09 2.1946E-09 2.2598E-09 2.3302E-09 2.3979E-09 2.4727E-09 2.5598E-09 2.6445E-09 2.7248E-09 2.8126E-09 2.9005E-09 2.9806E-09 3.0629E-09 3.1536E-09 3.2338E-09 3.3103E-09 3.3905E-09 3.4643E-09 3.5329E-09 3.6000E-09 3.6618E-09 3.7142E-09 3.7669E-09 3.8098E-09 3.8369E-09 3.8493E-09 3.8554E-09 3.8644E-09 3.8551E-09 3.8307E-09 3.7906E-09 3.7379E-09 3.6717E-09 3.5915E-09 3.4908E-09 3.3660E-09 3.2238E-09 3.0676E-09 2.8828E-09 2.7146E-09 2.5514E-09 2.3789E-09
1.1506E-09 1.1984E-09 1.2464E-09 1.2931E-09 1.3416E-09 1.3906E-09 1.4379E-09 1.4865E-09 1.5380E-09 1.5868E-09 1.6365E-09 1.6877E-09 1.7364E-09 1.7878E-09 1.8417E-09 1.8943E-09 1.9518E-09 2.0109E-09 2.0713E-09 2.1321E-09 2.1996E-09 2.2719E-09 2.3479E-09 2.4206E-09 2.4912E-09 2.5700E-09 2.6434E-09 2.7111E-09 2.7827E-09 2.8592E-09 2.9244E-09 2.9862E-09 3.0511E-09 3.1089E-09 3.1608E-09 3.2104E-09 3.2543E-09 3.2890E-09 3.3150E-09 3.3370E-09 3.3424E-09 3.3364E-09 3.3194E-09 3.2969E-09 3.2602E-09 3.2147E-09 3.1541E-09 3.0802E-09 2.9920E-09 2.8833E-09 2.7567E-09 2.6206E-09 2.4585E-09 2.3000E-09 2.1526E-09 2.0076E-09 1.8549E-09
1.0341E-09 1.0756E-09 1.1172E-09 1.1592E-09 1.2000E-09 1.2433E-09 1.2857E-09 1.3269E-09 1.3705E-09 1.4140E-09 1.4551E-09 1.4989E-09 1.5423E-09 1.5855E-09 1.6325E-09 1.6799E-09 1.7278E-09 1.7808E-09 1.8289E-09 1.8826E-09 1.9465E-09 2.0092E-09 2.0721E-09 2.1394E-09 2.2010E-09 2.2623E-09 2.3300E-09 2.3907E-09 2.4466E-09 2.5068E-09 2.5698E-09 2.6215E-09 2.6693E-09 2.7190E-09 2.7626E-09 2.7995E-09 2.8307E-09 2.8560E-09 2.8729E-09 2.8791E-09 2.8808E-09 2.8718E-09 2.8512E-09 2.8188E-09 2.7754E-09 2.7266E-09 2.6641E-09 2.5929E-09 2.5061E-09 2.4024E-09 2.2869E-09 2.1484E-09 2.0157E-09 1.8935E-09 1.7650E-09 1.6431E-09 1.5135E-09
9.2560E-10 9.6122E-10 9.9843E-10 1.0348E-09 1.0706E-09 1.1071E-09 1.1453E-09 1.1811E-09 1.2164E-09 1.2539E-09 1.2898E-09 1.3251E-09 1.3640E-09 1.4015E-09 1.4405E-09 1.4830E-09 1.5248E-09 1.5693E-09 1.6105E-09 1.6588E-09 1.7129E-09 1.7682E-09 1.8231E-09 1.8786E-09 1.9355E-09 1.9869E-09 2.0382E-09 2.0956E-09 2.1448E-09 2.1895E-09 2.2378E-09 2.2888E-09 2.3281E-09 2.3631E-09 2.3980E-09 2.4283E-09 2.4479E-09 2.4642E-09 2.4726E-09 2.4732E-09 2.4622E-09 2.4431E-09 2.4206E-09 2.3849E-09 2.3398E-09 2.2851E-09 2.2208E-09 2.1460E-09 2.0550E-09 1.9561E-09 1.8417E-09 1.7261E-09 1.6224E-09 1.5149E-09 1.4019E-09 1.2972E-09 1.1935E-09
8.2471E-10 8.5728E-10 8.8802E-10 9.2029E-10 9.5217E-10 9.8262E-10 1.0154E-09 1.0474E-09 1.0766E-09 1.1067E-09 1.1384E-09 1.1685E-09 1.2002E-09 1.2342E-09 1.2668E-09 1.3023E-09 1.3405E-09 1.3779E-09 1.4126E-09 1.4563E-09 1.5010E-09 1.5488E-09 1.5966E-09 1.6435E-09 1.6903E-09 1.7379E-09 1.7793E-09 1.8213E-09 1.8688E-09 1.9078E-09 1.9422E-09 1.9780E-09 2.0190E-09 2.0471E-09 2.0690E-09 2.0887E-09 2.1088E-09 2.1150E-09 2.1175E-09 2.1122E-09 2.0996E-09 2.0803E-09 2.0503E-09 2.0132E-09 1.9703E-09 1.9153E-09 1.8542E-09 1.7783E-09 1.6967E-09 1.6028E-09 1.5053E-09 1.4184E-09 1.3285E-09 1.2376E-09 1.1503E-09 1.0642E-09 9.7864E-10
7.3370E-10 7.5966E-10 7.8788E-10 8.1514E-10 8.4300E-10 8.7041E-10 8.9617E-10 9.2394E-10 9.4990E-10 9.7368E-10 9.9984E-10 1.0270E-09 1.0527E-09 1.0811E-09 1.1108E-09 1.1399E-09 1.1718E-09 1.2030E-09 1.2314E-09 1.2713E-09 1.3117E-09 1.3504E-09 1.3916E-09 1.4319E-09 1.4702E-09 1.5091E-09 1.5475E-09 1.5803E-09 1.6134E-09 1.6514E-09 1.6819E-09 1.7069E-09 1.7291E-09 1.7603E-09 1.7798E-09 1.7919E-09 1.7990E-09 1.8054E-09 1.8061E-09 1.7950E-09 1.7796E-09 1.7552E-09 1.7264E-09 1.6921E-09 1.6442E-09 1.5915E-09 1.5307E-09 1.4646E-09 1.3891E-09 1.3092E-09 1.2356E-09 1.1600E-09 1.0871E-09 1.0130E-09 9.3889E-10 8.6529E-10 7.9357E-10
6.4826E-10 6.7205E-10 6.9530E-10 7.1920E-10 7.4351E-10 7.6668E-10 7.8910E-10 8.1066E-10 8.3380E-10 8.5482E-10 8.7531E-10 8.9794E-10 9.2121E-10 9.4349E-10 9.6884E-10 9.9484E-10 1.0203E-09 1.0419E-09 1.0726E-09 1.1053E-09 1.1398E-09 1.1744E-09 1.2069E-09 1.2410E-09 1.2737E-09 1.3050E-09 1.3355E-09 1.3664E-09 1.3918E-09 1.4163E-09 1.4440E-09 1.4670E-09 1.4833E-09 1.4960E-09 1.5156E-09 1.5299E-09 1.5343E-09 1.5333E-09 1.5253E-09 1.5171E-09 1.5002E-09 1.4750E-09 1.4420E-09 1.4038E-09 1.3588E-09 1.3122E-09 1.2586E-09 1.1987E-09 1.1328E-09 1.0706E-09 1.0091E-09 9.4893E-10 8.8715E-10 8.2667E-10 7.6611E-10 7.0714E-10 6.4671E-10
5.7128E-10 5.9098E-10 6.1115E-10 6.3224E-10 6.5217E-10 6.7245E-10 6.9131E-10 7.0915E-10 7.2737E-10 7.4675E-10 7.6437E-10 7.8221E-10 8.0178E-10 8.2189E-10 8.4138E-10 8.6338E-10 8.8603E-10 9.0285E-10 9.2911E-10 9.5850E-10 9.8647E-10 1.0155E-09 1.0439E-09 1.0704E-09 1.0976E-09 1.1240E-09 1.1483E-09 1.1713E-09 1.1952E-09 1.2129E-09 1.2303E-09 1.2472E-09 1.2669E-09 1.2756E-09 1.2829E-09 1.2874E-09 1.2944E-09 1.2923E-09 1.2821E-09 1.2677E-09 1.2459E-09 1.2261E-09 1.1974E-09 1.1614E-09 1.1193E-09 1.0741E-09 1.0261E-09 9.7510E-10 9.2297E-10 8.7239E-10 8.2230E-10 7.7077E-10 7.1996E-10 6.6935E-10 6.1982E-10 5.6847E-10 5.1685E-10
5.0000E-10 5.1770E-10 5.3551E-10 5.5255E-10 5.6984E-10 5.8601E-10 6.0203E-10 6.1790E-10 6.3275E-10 6.4798E-10 6.6467E-10 6.7949E-10 6.9502E-10 7.1211E-10 7.2916E-10 7.4584E-10 7.6264E-10 7.7812E-10 8.0150E-10 8.2642E-10 8.5129E-10 8.7433E-10 8.9791E-10 9.2078E-10 9.4117E-10 9.6282E-10 9.8139E-10 9.9987E-10 1.0157E-09 1.0330E-09 1.0472E-09 1.0573E-09 1.0669E-09 1.0811E-09 1.0878E-09 1.0873E-09 1.0836E-09 1.0782E-09 1.0733E-09 1.0610E-09 1.0378E-09 1.0109E-09 9.8157E-10 9.4432E-10 9.1425E-10 8.8010E-10 8.4058E-10 7.9582E-10 7.5273E-10 7.0817E-10 6.6373E-10 6.2123E-10 5.8006E-10 5.3930E-10 4.9631E-10 4.5270E-10 4.0836E-10
4.3503E-10 4.5061E-10 4.6452E-10 4.7939E-10 4.9400E-10 5.0725E-10 5.1886E-10 5.3256E-10 5.4619E-10 5.6041E-10 5.7344E-10 5.8804E-10 6.0077E-10 6.1374E-10 6.2842E-10 6.4299E-10 6.5128E-10 6.6891E-10 6.8986E-10 7.0968E-10 7.3028E-10 7.5047E-10 7.6902E-10 7.8772E-10 8.0296E-10 8.1881E-10 8.3462E-10 8.4720E-10 8.6245E-10 8.7232E-10 8.8426E-10 8.9480E-10 8.9946E-10 9.0235E-10 9.0354E-10 9.0768E-10 9.0374E-10 8.9611E-10 8.8342E-10 8.6560E-10 8.5310E-10 8.3192E-10 8.0311E-10 7.7643E-10 7.4585E-10 7.1181E-10 6.7394E-10 6.3835E-10 6.0157E-10 5.6670E-10 5.3257E-10 5.0024E-10 4.6705E-10 4.3036E-10 3.8999E-10 3.5455E-10 3.1321E-10
3.7914E-10 3.9147E-10 4.0261E-10 4.1381E-10 4.2471E-10 4.3566E-10 4.4606E-10 4.5593E-10 4.6712E-10 4.7753E-10 4.8751E-10 5.0043E-10 5.1474E-10 5.2695E-10 5.3825E-10 5.5131E-10 5.5909E-10 5.7295E-10 5.9035E-10 6.0770E-10 6.2302E-10 6.3844E-10 6.5456E-10 6.6925E-10 6.8271E-10 6.9411E-10 7.0583E-10 7.1671E-10 7.2412E-10 7.3489E-10 7.4282E-10 7.4850E-10 7.5480E-10 7.5749E-10 7.5546E-10 7.4982E-10 7.4467E-10 7.4265E-10 7.3145E-10 7.1453E-10 6.9374E-10 6.7112E-10 6.4917E-10 6.2876E-10 6.0303E-10 5.7639E-10 5.4633E-10 5.1439E-10 4.8361E-10 4.5255E-10 4.2477E-10 3.9564E-10 3.6432E-10 3.3576E-10 3.0479E-10 2.7471E-10 2.4496E-10
3.2872E-10 3.3713E-10 3.4695E-10 3.5506E-10 3.6331E-10 3.7157E-10 3.8052E-10 3.8976E-10 3.9957E-10 4.0957E-10 4.1836E-10 4.2678E-10 4.3747E-10 4.4766E-10 4.5711E-10 4.6372E-10 4.7076E-10 4.8577E-10 4.9989E-10 5.1416E-10 5.2818E-10 5.4129E-10 5.5216E-10 5.6454E-10 5.7562E-10 5.8516E-10 5.9175E-10 5.9985E-10 6.0741E-10 6.1444E-10 6.1823E-10 6.2016E-10 6.2157E-10 6.2247E-10 6.2317E-10 6.1895E-10 6.1313E-10 6.0191E-10 5.8986E-10 5.7920E-10 5.6756E-10 5.4801E-10 5.2537E-10 5.0182E-10 4.7896E-10 4.5185E-10 4.2694E-10 4.0162E-10 3.7758E-10 3.5642E-10 3.3011E-10 3.0510E-10 2.8030E-10 2.5247E-10 2.2885E-10 1.9860E-10 1.7721E-10
2.8450E-10 2.9156E-10 2.9699E-10 3.0393E-10 3.1060E-10 3.1753E-10 3.2388E-10 3.3074E-10 3.3865E-10 3.4505E-10 3.5316E-10 3.6239E-10 3.7054E-10 3.7837E-10 3.8571E-10 3.8804E-10 3.9742E-10 4.1028E-10 4.2094E-10 4.3297E-10 4.4264E-10 4.5371E-10 4.6431E-10 4.7232E-10 4.8106E-10 4.8779E-10 4.9491E-10 5.0084E-10 5.0599E-10 5.0990E-10 5.1310E-10 5.1581E-10 5.1550E-10 5.1335E-10 5.1086E-10 5.0655E-10 5.0492E-10 4.9159E-10 4.7856E-10 4.6529E-10 4.4953E-10 4.2939E-10 4.1558E-10 4.0022E-10 3.8202E-10 3.6266E-10 3.3949E-10 3.1988E-10 2.9866E-10 2.7313E-10 2.5405E-10 2.3048E-10 2.1148E-10 1.9040E-10 1.6956E-10 1.4689E-10 1.2901E-10
2.4692E-10 2.5118E-10 2.5542E-10 2.5857E-10 2.6338E-10 2.6900E-10 2.7298E-10 2.7877E-10 2.8629E-10 2.9291E-10 2.9863E-10 3.0445E-10 3.0907E-10 3.1307E-10 3.1918E-10 3.2299E-10 3.3193E-10 3.4145E-10 3.5064E-10 3.6142E-10 3.6929E-10 3.7840E-10 3.8683E-10 3.9458E-10 4.0142E-10 4.0771E-10 4.1278E-10 4.1681E-10 4.1982E-10 4.2091E-10 4.2281E-10 4.2319E-10 4.2393E-10 4.2307E-10 4.1807E-10 4.1219E-10 4.0370E-10 3.9012E-10 3.8346E-10 3.7179E-10 3.5792E-10 3.4401E-10 3.2521E-10 3.1147E-10 2.9292E-10 2.7420E-10 2.5780E-10 2.3727E-10 2.1777E-10 1.9927E-10 1.8076E-10 1.6323E-10 1.4548E-10 1.2965E-10 1.1514E-10 1.0193E-10 8.6799E-11
2.1475E-10 2.1799E-10 2.2080E-10 2.2253E-10 2.2580E-10 2.2900E-10 2.3225E-10 2.3568E-10 2.4064E-10 2.4426E-10 2.4785E-10 2.5261E-10 2.5507E-10 2.6101E-10 2.6451E-10 2.6455E-10 2.7435E-10 2.8306E-10 2.9140E-10 2.9970E-10 3.0802E-10 3.1500E-10 3.2147E-10 3.2796E-10 3.3298E-10 3.3730E-10 3.4158E-10 3.4314E-10 3.4550E-10 3.4644E-10 3.4840E-10 3.4454E-10 3.4105E-10 3.3900E-10 3.3512E-10 3.3016E-10 3.2154E-10 3.0964E-10 2.9775E-10 2.8917E-10 2.7424E-10 2.6435E-10 2.5615E-10 2.4013E-10 2.2791E-10 2.1128E-10 1.9632E-10 1.7941E-10 1.6154E-10 1.4736E-10 1.3251E-10 1.1835E-10 1.0576E-10 9.4109E-11 7.6130E-11 6.3551E-11 4.7892E-11
1.8662E-10 1.8945E-10 1.9172E-10 1.9335E-10 1.9514E-10 1.9598E-10 1.9772E-10 1.9780E-10 1.9942E-10 2.0246E-10 2.0201E-10 2.0687E-10 2.0882E-10 2.1310E-10 2.1362E-10 2.1810E-10 2.2453E-10 2.3215E-10 2.4009E-10 2.4782E-10 2.5399E-10 2.6052E-10 2.6668E-10 2.7139E-10 2.7569E-10 2.7873E-10 2.8039E-10 2.8164E-10 2.8095E-10 2.7951E-10 2.7696E-10 2.7657E-10 2.7304E-10 2.6832E-10 2.6232E-10 2.5706E-10 2.4698E-10 2.4029E-10 2.3454E-10 2.2250E-10 2.1516E-10 2.0156E-10 1.8950E-10 1.7600E-10 1.6460E-10 1.5012E-10 1.3726E-10 1.2131E-10 1.1064E-10 9.6148E-11 8.5024E-11 7.6319E-11 6.4191E-11 5.4884E-11 4.5770E-11 3.7516E-11 2.9515E-11
1.6270E-10 1.6349E-10 1.6373E-10 1.6632E-10 1.6689E-10 1.6632E-10 1.6701E-10 1.6810E-10 1.6715E-10 1.6698E-10 1.6713E-10 1.6809E-10 1.7191E-10 1.7565E-10 1.7261E-10 1.7703E-10 1.8303E-10 1.8828E-10 1.9504E-10 2.0206E-10 2.0922E-10 2.1470E-10 2.1946E-10 2.2382E-10 2.2410E-10 2.2636E-10 2.2526E-10 2.2757E-10 2.2257E-10 2.2316E-10 2.1971E-10 2.1707E-10 2.1332E-10 2.0809E-10 2.0320E-10 1.9549E-10 1.8914E-10 1.8217E-10 1.7513E-10 1.6633E-10 1.5397E-10 1.4727E-10 1.3854E-10 1.2938E-10 1.1587E-10 1.0559E-10 9.4308E-11 8.1672E-11 7.0388E-11 6.4944E-11 5.2994E-11 4.8085E-11 3.9924E-11 2.8398E-11 2.2565E-11 1.5227E-11 1.1006E-11
1.3959E-10 1.4034E-10 1.4068E-10 1.3990E-10 1.3960E-10 1.3885E-10 1.3705E-10 1.3770E-10 1.3733E-10 1.3740E-10 1.3722E-10 1.3824E-10 1.3918E-10 1.3918E-10 1.4014E-10 1.4497E-10 1.4895E-10 1.5403E-10 1.5807E-10 1.6219E-10 1.6532E-10 1.6756E-10 1.7205E-10 1.7521E-10 1.7921E-10 1.8090E-10 1.7960E-10 1.7788E-10 1.7753E-10 1.7232E-10 1.7011E-10 1.6649E-10 1.6111E-10 1.5633E-10 1.5175E-10 1.4489E-10 1.3516E-10 1.3246E-10 1.2414E-10 1.1933E-10 1.1292E-10 1.0286E-10 9.2091E-11 8.3740E-11 7.4642E-11 6.5020E-11 5.3215E-11 4.7860E-11 4.0493E-11 3.5535E-11 2.9618E-11 2.3518E-11 1.8835E-11 1.3287E-11 9.7697E-12 5.7488E-12 8.9172E-13
1.1969E-10 1.1948E-10 1.1993E-10 1.1858E-10 1.1754E-10 1.1789E-10 1.1627E-10 1.1494E-10 1.1362E-10 1.1209E-10 1.1249E-10 1.1282E-10 1.1301E-10 1.0846E-10 1.0986E-10 1.1610E-10 1.2063E-10 1.2439E-10 1.2906E-10 1.3152E-10 1.3449E-10 1.3370E-10 1.3522E-10 1.3478E-10 1.2990E-10 1.2835E-10 1.2822E-10 1.2169E-10 1.2417E-10 1.2550E-10 1.1991E-10 1.1470E-10 1.1260E-10 1.0722E-10 1.0143E-10 9.9842E-11 9.7353E-11 9.3603E-11 8.8490E-11 7.9676E-11 7.4436E-11 6.5431E-11 5.9949E-11 5.0394E-11 4.2365E-11 3.7000E-11 3.0544E-11 2.6745E-11 2.3027E-11 1.7186E-11 1.4929E-11 1.0389E-11 8.0562E-12 4.5651E-12 1.2347E-12 0.0000E+00 0.0000E+00
1.0059E-10 1.0030E-10 9.9016E-11 9.8070E-11 9.6729E-11 9.6036E-11 9.5657E-11 9.5727E-11 9.3809E-11 9.2222E-11 9.0680E-11 9.0622E-11 9.2090E-11 8.6474E-11 8.7978E-11 8.9379E-11 9.2163E-11 9.2737E-11 9.3573E-11 9.3516E-11 9.1942E-11 9.4932E-11 9.7086E-11 1.0027E-10 9.8256E-11 9.4685E-11 9.0862E-11 9.0355E-11 8.5423E-11 8.0906E-11 7.8748E-11 7.6260E-11 7.1926E-11 7.0956E-11 6.8200E-11 6.2707E-11 6.1565E-11 5.7833E-11 5.4704E-11 4.9989E-11 4.3352E-11 3.6053E-11 3.0389E-11 2.5823E-11 2.1998E-11 1.9425E-11 1.6572E-11 1.3010E-11 1.1077E-11 7.7715E-12 5.8859E-12 3.4747E-12 1.2274E-12 0.0000E+00 0.0000E+00 0.0000E+00 0.0000E+00
8.2792E-11 8.2260E-11 8.2395E-11 8.1786E-11 8.1021E-11 8.0010E-11 7.8184E-11 7.6976E-11 7.6248E-11 7.4222E-11 7.2666E-11 7.0775E-11 6.4714E-11 6.4340E-11 6.7365E-11 6.6370E-11 6.8784E-11 7.0688E-11 7.1022E-11 7.2234E-11 6.9557E-11 6.9178E-11 6.3015E-11 5.7910E-11 5.8714E-11 5.6055E-11 4.9628E-11 5.0734E-11 5.0814E-11 5.2313E-11 4.7596E-11 4.5562E-11 4.3695E-11 4.3455E-11 4.2669E-11 4.2214E-11 3.9238E-11 3.6747E-11 2.9748E-11 2.6936E-11 2.0857E-11 1.8255E-11 1.4843E-11 1.3089E-11 1.1536E-11 7.7357E-12 6.4207E-12 5.1938E-12 2.8805E-12 1.8958E-12 5.3331E-13 0.0000E+00 0.0000E+00 0.0000E+00 0.0000E+00 0.0000E+00 0.0000E+00
6.8605E-11 6.8106E-11 6.7630E-11 6.6979E-11 6.5724E-11 6.4724E-11 6.3304E-11 6.1059E-11 5.8692E-11 5.7160E-11 5.5810E-11 5.4436E-11 4.7973E-11 4.6284E-11 4.6833E-11 4.5878E-11 4.3548E-11 4.3629E-11 4.0985E-11 3.8271E-11 3.9008E-11 4.0272E-11 4.3049E-11 4.0691E-11 3.6726E-11 3.4209E-11 3.3933E-11 3.3412E-11 3.1233E-11 2.9645E-11 2.6865E-11 2.6413E-11 2.6007E-11 2.4695E-11 2.0614E-11 1.9943E-11 1.7240E-11 1.5324E-11 1.2682E-11 9.2898E-12 8.8218E-12 6.8580E-12 6.5397E-12 4.4338E-12 4.0136E-12 2.9743E-12 1.9181E-12 1.3289E-12 0.0000E+00 0.0000E+00 0.0000E+00 0.0000E+00 0.0000E+00 0.0000E+00 0.0000E+00 0.0000E+00 0.0000E+00
5.6302E-11 5.6479E-11 5.5723E-11 5.4991E-11 5.4226E-11 5.2393E-11 5.0508E-11 4.8334E-11 4.6076E-11 4.3825E-11 4.1936E-11 4.0359E-11 3.3750E-11 3.5568E-11 3.3211E-11 3.2015E-11 3.1199E-11 2.8770E-11 2.8311E-11 2.4682E-11 2.3182E-11 1.6389E-11 1.4544E-11 1.4207E-11 1.3745E-11 1.1569E-11 1.3187E-11 1.2748E-11 1.1668E-11 1.1210E-11 1.0979E-11 1.0877E-11 1.1140E-11 1.0943E-11 1.0512E-11 8.0623E-12 7.2664E-12 6.1261E-12 5.6934E-12 4.0304E-12 3.8930E-12 2.0087E-12 1.9239E-12 1.8322E-12 0.0000E+00 0.0000E+00 0.0000E+00 0.0000E+00 0.0000E+00 0.0000E+00 0.0000E+00 0.0000E+00 0.0000E+00 0.0000E+00 0.0000E+00 0.0000E+00 0.0000E+00
