Assets/Resources/2015_m01_d06_1800(utc+0800)_l00_csi_1hr_conc.grd
DSAA
         159         159
     -79.000      79.000
     -79.000      79.000
  0.0000E+00  0.4092E-05
[rows 25 to 49 of 159, columns 57 to 113 of 159]
1.9368E-09 2.1706E-09 2.4218E-09 2.6902E-09 2.9750E-09 3.2871E-09 3.6110E-09 3.9433E-09 4.2867E-09 4.6445E-09 5.0036E-09 5.3705E-09 5.7376E-09 6.0969E-09 6.4533E-09 6.7976E-09 7.1252E-09 7.4462E-09 7.7593E-09 8.0443E-09 8.3057E-09 8.5373E-09 8.7353E-09 8.8962E-09 9.0177E-09 9.0981E-09 9.1363E-09 9.1334E-09 9.0895E-09 9.0062E-09 8.8866E-09 8.7316E-09 8.5438E-09 8.3261E-09 8.0809E-09 7.8109E-09 7.5201E-09 7.2140E-09 6.8962E-09 6.5682E-09 6.2332E-09 5.8940E-09 5.5523E-09 5.2137E-09 4.8801E-09 4.5528E-09 4.2337E-09 3.9246E-09 3.6269E-09 3.3417E-09 3.0687E-09 2.8100E-09 2.5653E-09 2.3361E-09 2.1220E-09 1.9230E-09 1.7379E-09
1.9354E-09 2.1712E-09 2.4249E-09 2.6967E-09 2.9911E-09 3.3090E-09 3.6340E-09 3.9730E-09 4.3304E-09 4.6916E-09 5.0702E-09 5.4429E-09 5.8160E-09 6.1907E-09 6.5584E-09 6.9151E-09 7.2516E-09 7.5784E-09 7.8900E-09 8.1851E-09 8.4477E-09 8.6816E-09 8.8822E-09 9.0459E-09 9.1701E-09 9.2521E-09 9.2914E-09 9.2878E-09 9.2425E-09 9.1568E-09 9.0316E-09 8.8689E-09 8.6733E-09 8.4479E-09 8.1958E-09 7.9194E-09 7.6221E-09 7.3058E-09 6.9747E-09 6.6351E-09 6.2906E-09 5.9424E-09 5.5936E-09 5.2457E-09 4.9017E-09 4.5669E-09 4.2410E-09 3.9258E-09 3.6225E-09 3.3325E-09 3.0566E-09 2.7941E-09 2.5473E-09 2.3151E-09 2.0989E-09 1.8984E-09 1.7131E-09
1.9300E-09 2.1676E-09 2.4240E-09 2.6986E-09 2.9963E-09 3.3199E-09 3.6561E-09 4.0019E-09 4.3603E-09 4.7413E-09 5.1188E-09 5.5107E-09 5.8942E-09 6.2797E-09 6.6539E-09 7.0170E-09 7.3651E-09 7.6962E-09 8.0065E-09 8.3033E-09 8.5769E-09 8.8128E-09 9.0158E-09 9.1814E-09 9.3073E-09 9.3911E-09 9.4315E-09 9.4285E-09 9.3825E-09 9.2946E-09 9.1659E-09 8.9986E-09 8.7964E-09 8.5625E-09 8.2990E-09 8.0118E-09 7.7058E-09 7.3822E-09 7.0446E-09 6.6948E-09 6.3372E-09 5.9786E-09 5.6212E-09 5.2663E-09 4.9162E-09 4.5721E-09 4.2390E-09 3.9180E-09 3.6098E-09 3.3155E-09 3.0359E-09 2.7716E-09 2.5219E-09 2.2889E-09 2.0709E-09 1.8690E-09 1.6833E-09
1.9209E-09 2.1598E-09 2.4176E-09 2.6941E-09 3.0016E-09 3.3309E-09 3.6667E-09 4.0179E-09 4.3966E-09 4.7739E-09 5.1711E-09 5.5677E-09 5.9607E-09 6.3510E-09 6.7394E-09 7.1124E-09 7.4702E-09 7.8096E-09 8.1288E-09 8.4244E-09 8.7035E-09 8.9414E-09 9.1451E-09 9.3116E-09 9.4372E-09 9.5201E-09 9.5592E-09 9.5540E-09 9.5043E-09 9.4118E-09 9.2801E-09 9.1097E-09 8.9031E-09 8.6627E-09 8.3923E-09 8.0964E-09 7.7777E-09 7.4427E-09 7.0961E-09 6.7394E-09 6.3754E-09 6.0060E-09 5.6372E-09 5.2744E-09 4.9177E-09 4.5690E-09 4.2289E-09 3.9013E-09 3.5888E-09 3.2907E-09 3.0082E-09 2.7416E-09 2.4911E-09 2.2560E-09 2.0384E-09 1.8359E-09 1.6493E-09
1.9073E-09 2.1474E-09 2.4069E-09 2.6854E-09 3.0026E-09 3.3305E-09 3.6776E-09 4.0426E-09 4.4150E-09 4.8131E-09 5.2137E-09 5.6193E-09 6.0219E-09 6.4266E-09 6.8200E-09 7.2058E-09 7.5739E-09 7.9212E-09 8.2422E-09 8.5360E-09 8.8112E-09 9.0611E-09 9.2658E-09 9.4323E-09 9.5575E-09 9.6387E-09 9.6753E-09 9.6668E-09 9.6143E-09 9.5180E-09 9.3792E-09 9.2011E-09 8.9864E-09 8.7406E-09 8.4648E-09 8.1623E-09 7.8363E-09 7.4921E-09 7.1330E-09 6.7660E-09 6.3948E-09 6.0207E-09 5.6452E-09 5.2716E-09 4.9073E-09 4.5531E-09 4.2097E-09 3.8776E-09 3.5594E-09 3.2584E-09 2.9735E-09 2.7053E-09 2.4540E-09 2.2188E-09 2.0005E-09 1.7991E-09 1.6128E-09
1.8891E-09 2.1298E-09 2.3902E-09 2.6702E-09 2.9918E-09 3.3393E-09 3.6857E-09 4.0563E-09 4.4501E-09 4.8432E-09 5.2523E-09 5.6721E-09 6.0841E-09 6.4937E-09 6.8965E-09 7.2880E-09 7.6638E-09 8.0201E-09 8.3519E-09 8.6515E-09 8.9230E-09 9.1678E-09 9.3787E-09 9.5428E-09 9.6663E-09 9.7463E-09 9.7811E-09 9.7701E-09 9.7146E-09 9.6130E-09 9.4681E-09 9.2831E-09 9.0607E-09 8.8043E-09 8.5181E-09 8.2085E-09 7.8765E-09 7.5254E-09 7.1587E-09 6.7820E-09 6.3994E-09 6.0175E-09 5.6374E-09 5.2602E-09 4.8872E-09 4.5264E-09 4.1790E-09 3.8448E-09 3.5242E-09 3.2189E-09 2.9325E-09 2.6632E-09 2.4114E-09 2.1771E-09 1.9587E-09 1.7583E-09 1.5736E-09
1.8667E-09 2.1076E-09 2.3686E-09 2.6554E-09 2.9973E-09 3.3300E-09 3.6972E-09 4.0755E-09 4.4627E-09 4.8824E-09 5.2948E-09 5.7135E-09 6.1373E-09 6.5590E-09 6.9712E-09 7.3750E-09 7.7617E-09 8.1252E-09 8.4630E-09 8.7709E-09 9.0422E-09 9.2816E-09 9.4897E-09 9.6594E-09 9.7782E-09 9.8524E-09 9.8816E-09 9.8645E-09 9.8013E-09 9.6947E-09 9.5448E-09 9.3541E-09 9.1238E-09 8.8588E-09 8.5647E-09 8.2430E-09 7.8998E-09 7.5416E-09 7.1696E-09 6.7859E-09 6.3960E-09 6.0035E-09 5.6157E-09 5.2343E-09 4.8599E-09 4.4925E-09 4.1391E-09 3.8024E-09 3.4810E-09 3.1749E-09 2.8856E-09 2.6161E-09 2.3645E-09 2.1309E-09 1.9145E-09 1.7142E-09 1.5322E-09
1.8402E-09 2.0806E-09 2.3415E-09 2.6444E-09 2.9783E-09 3.3323E-09 3.6999E-09 4.0832E-09 4.4944E-09 4.9046E-09 5.3316E-09 5.7649E-09 6.1960E-09 6.6249E-09 7.0468E-09 7.4569E-09 7.8501E-09 8.2214E-09 8.5660E-09 8.8793E-09 9.1561E-09 9.3954E-09 9.6000E-09 9.7635E-09 9.8877E-09 9.9586E-09 9.9831E-09 9.9600E-09 9.8886E-09 9.7718E-09 9.6114E-09 9.4104E-09 9.1733E-09 8.9025E-09 8.5993E-09 8.2683E-09 7.9160E-09 7.5458E-09 7.1641E-09 6.7755E-09 6.3803E-09 5.9817E-09 5.5852E-09 5.1964E-09 4.8186E-09 4.4512E-09 4.0936E-09 3.7519E-09 3.4294E-09 3.1239E-09 2.8347E-09 2.5638E-09 2.3132E-09 2.0809E-09 1.8665E-09 1.6686E-09 1.4879E-09
1.8105E-09 2.0570E-09 2.3187E-09 2.6234E-09 2.9798E-09 3.3308E-09 3.7067E-09 4.1027E-09 4.5072E-09 4.9393E-09 5.3704E-09 5.8085E-09 6.2492E-09 6.6878E-09 7.1195E-09 7.5406E-09 7.9445E-09 8.3243E-09 8.6757E-09 8.9944E-09 9.2762E-09 9.5165E-09 9.7130E-09 9.8714E-09 9.9895E-09 1.0059E-08 1.0078E-08 1.0049E-08 9.9712E-09 9.8474E-09 9.6777E-09 9.4657E-09 9.2159E-09 8.9330E-09 8.6214E-09 8.2833E-09 7.9214E-09 7.5417E-09 7.1498E-09 6.7505E-09 6.3503E-09 5.9486E-09 5.5476E-09 5.1519E-09 4.7672E-09 4.3977E-09 4.0412E-09 3.6969E-09 3.3710E-09 3.0657E-09 2.7787E-09 2.5085E-09 2.2578E-09 2.0273E-09 1.8151E-09 1.6204E-09 1.4414E-09
1.7842E-09 2.0241E-09 2.2848E-09 2.6110E-09 2.9625E-09 3.3239E-09 3.7117E-09 4.1127E-09 4.5361E-09 4.9655E-09 5.4064E-09 5.8607E-09 6.3125E-09 6.7620E-09 7.2039E-09 7.6330E-09 8.0436E-09 8.4306E-09 8.7886E-09 9.1126E-09 9.3992E-09 9.6433E-09 9.8412E-09 9.9919E-09 1.0101E-08 1.0164E-08 1.0177E-08 1.0136E-08 1.0049E-08 9.9149E-09 9.7362E-09 9.5157E-09 9.2562E-09 8.9608E-09 8.6355E-09 8.2858E-09 7.9166E-09 7.5294E-09 7.1282E-09 6.7203E-09 6.3093E-09 5.9020E-09 5.4990E-09 5.1006E-09 4.7107E-09 4.3353E-09 3.9782E-09 3.6364E-09 3.3086E-09 3.0018E-09 2.7162E-09 2.4493E-09 2.1995E-09 1.9708E-09 1.7613E-09 1.5697E-09 1.3942E-09
1.7496E-09 1.9955E-09 2.2774E-09 2.6003E-09 2.9579E-09 3.3243E-09 3.7100E-09 4.1279E-09 4.5601E-09 5.0015E-09 5.4542E-09 5.9145E-09 6.3778E-09 6.8386E-09 7.2915E-09 7.7307E-09 8.1505E-09 8.5454E-09 8.9098E-09 9.2390E-09 9.5284E-09 9.7737E-09 9.9719E-09 1.0120E-08 1.0220E-08 1.0271E-08 1.0277E-08 1.0233E-08 1.0133E-08 9.9842E-09 9.7928E-09 9.5602E-09 9.2900E-09 8.9847E-09 8.6474E-09 8.2839E-09 7.9010E-09 7.5055E-09 7.0986E-09 6.6829E-09 6.2642E-09 5.8473E-09 5.4386E-09 5.0393E-09 4.6483E-09 4.2690E-09 3.9078E-09 3.5669E-09 3.2430E-09 2.9346E-09 2.6492E-09 2.3848E-09 2.1393E-09 1.9114E-09 1.7051E-09 1.5169E-09 1.3453E-09
1.7212E-09 1.9737E-09 2.2534E-09 2.5960E-09 2.9439E-09 3.3217E-09 3.7238E-09 4.1435E-09 4.5826E-09 5.0373E-09 5.5032E-09 5.9761E-09 6.4519E-09 6.9252E-09 7.3899E-09 7.8400E-09 8.2695E-09 8.6724E-09 9.0433E-09 9.3769E-09 9.6692E-09 9.9154E-09 1.0112E-08 1.0258E-08 1.0350E-08 1.0391E-08 1.0382E-08 1.0325E-08 1.0219E-08 1.0060E-08 9.8540E-09 9.6053E-09 9.3203E-09 9.0020E-09 8.6541E-09 8.2805E-09 7.8850E-09 7.4756E-09 7.0594E-09 6.6379E-09 6.2124E-09 5.7890E-09 5.3725E-09 4.9686E-09 4.5776E-09 4.1981E-09 3.8337E-09 3.4908E-09 3.1692E-09 2.8654E-09 2.5786E-09 2.3168E-09 2.0753E-09 1.8518E-09 1.6473E-09 1.4624E-09 1.2951E-09
1.6997E-09 1.9491E-09 2.2480E-09 2.5763E-09 2.9403E-09 3.3225E-09 3.7292E-09 4.1611E-09 4.6147E-09 5.0837E-09 5.5640E-09 6.0512E-09 6.5403E-09 7.0265E-09 7.5036E-09 7.9650E-09 8.4093E-09 8.8228E-09 9.2003E-09 9.5389E-09 9.8329E-09 1.0078E-08 1.0271E-08 1.0409E-08 1.0493E-08 1.0522E-08 1.0501E-08 1.0427E-08 1.0307E-08 1.0137E-08 9.9177E-09 9.6558E-09 9.3537E-09 9.0176E-09 8.6559E-09 8.2706E-09 7.8661E-09 7.4458E-09 7.0155E-09 6.5842E-09 6.1545E-09 5.7260E-09 5.3038E-09 4.8930E-09 4.4995E-09 4.1217E-09 3.7578E-09 3.4118E-09 3.0906E-09 2.7905E-09 2.5078E-09 2.2457E-09 2.0079E-09 1.7896E-09 1.5881E-09 1.4068E-09 1.2432E-09
1.6851E-09 1.9452E-09 2.2327E-09 2.5881E-09 2.9389E-09 3.3240E-09 3.7401E-09 4.1854E-09 4.6539E-09 5.1403E-09 5.6378E-09 6.1413E-09 6.6534E-09 7.1554E-09 7.6471E-09 8.1218E-09 8.5725E-09 8.9927E-09 9.3771E-09 9.7194E-09 1.0014E-08 1.0258E-08 1.0448E-08 1.0582E-08 1.0657E-08 1.0678E-08 1.0638E-08 1.0546E-08 1.0402E-08 1.0217E-08 9.9846E-09 9.7068E-09 9.3903E-09 9.0400E-09 8.6596E-09 8.2592E-09 7.8420E-09 7.4123E-09 6.9726E-09 6.5289E-09 6.0899E-09 5.6579E-09 5.2322E-09 4.8168E-09 4.4175E-09 4.0388E-09 3.6777E-09 3.3329E-09 3.0091E-09 2.7110E-09 2.4340E-09 2.1742E-09 1.9385E-09 1.7246E-09 1.5287E-09 1.3497E-09 1.1904E-09
1.6637E-09 1.9189E-09 2.2401E-09 2.5793E-09 2.9372E-09 3.3303E-09 3.7587E-09 4.2188E-09 4.7050E-09 5.2105E-09 5.7365E-09 6.2617E-09 6.7865E-09 7.3060E-09 7.8137E-09 8.3027E-09 8.7689E-09 9.2012E-09 9.5931E-09 9.9386E-09 1.0233E-08 1.0473E-08 1.0655E-08 1.0780E-08 1.0847E-08 1.0852E-08 1.0800E-08 1.0690E-08 1.0530E-08 1.0316E-08 1.0062E-08 9.7702E-09 9.4354E-09 9.0680E-09 8.6734E-09 8.2542E-09 7.8209E-09 7.3788E-09 6.9299E-09 6.4769E-09 6.0260E-09 5.5859E-09 5.1572E-09 4.7386E-09 4.3354E-09 3.9530E-09 3.5932E-09 3.2518E-09 2.9278E-09 2.6294E-09 2.3563E-09 2.1025E-09 1.8671E-09 1.6572E-09 1.4668E-09 1.2922E-09 1.1366E-09
1.6509E-09 1.9223E-09 2.2311E-09 2.5731E-09 2.9391E-09 3.3426E-09 3.7834E-09 4.2592E-09 4.7729E-09 5.3024E-09 5.8455E-09 6.3947E-09 6.9512E-09 7.4929E-09 8.0205E-09 8.5272E-09 9.0051E-09 9.4475E-09 9.8467E-09 1.0197E-08 1.0493E-08 1.0732E-08 1.0909E-08 1.1023E-08 1.1075E-08 1.1061E-08 1.0985E-08 1.0857E-08 1.0672E-08 1.0442E-08 1.0163E-08 9.8454E-09 9.4916E-09 9.1046E-09 8.6917E-09 8.2582E-09 7.8080E-09 7.3490E-09 6.8882E-09 6.4277E-09 5.9687E-09 5.5175E-09 5.0827E-09 4.6630E-09 4.2568E-09 3.8702E-09 3.5078E-09 3.1691E-09 2.8488E-09 2.5490E-09 2.2775E-09 2.0291E-09 1.7980E-09 1.5897E-09 1.4032E-09 1.2346E-09 1.0822E-09
1.6339E-09 1.9017E-09 2.2313E-09 2.5703E-09 2.9461E-09 3.3604E-09 3.8189E-09 4.3185E-09 4.8470E-09 5.4012E-09 5.9811E-09 6.5597E-09 7.1361E-09 7.7113E-09 8.2629E-09 8.7905E-09 9.2864E-09 9.7442E-09 1.0153E-08 1.0507E-08 1.0803E-08 1.1038E-08 1.1206E-08 1.1309E-08 1.1342E-08 1.1309E-08 1.1215E-08 1.1061E-08 1.0848E-08 1.0587E-08 1.0286E-08 9.9406E-09 9.5647E-09 9.1540E-09 8.7212E-09 8.2692E-09 7.8044E-09 7.3289E-09 6.8521E-09 6.3798E-09 5.9136E-09 5.4546E-09 5.0097E-09 4.5860E-09 4.1792E-09 3.7905E-09 3.4246E-09 3.0861E-09 2.7697E-09 2.4728E-09 2.2009E-09 1.9563E-09 1.7316E-09 1.5243E-09 1.3424E-09 1.1790E-09 1.0305E-09
1.6175E-09 1.8950E-09 2.2216E-09 2.5701E-09 2.9579E-09 3.3947E-09 3.8671E-09 4.3816E-09 4.9438E-09 5.5271E-09 6.1368E-09 6.7495E-09 7.3686E-09 7.9672E-09 8.5463E-09 9.0981E-09 9.6142E-09 1.0086E-08 1.0506E-08 1.0867E-08 1.1164E-08 1.1393E-08 1.1551E-08 1.1636E-08 1.1649E-08 1.1597E-08 1.1478E-08 1.1293E-08 1.1056E-08 1.0765E-08 1.0429E-08 1.0056E-08 9.6517E-09 9.2194E-09 8.7612E-09 8.2879E-09 7.8036E-09 7.3137E-09 6.8205E-09 6.3344E-09 5.8587E-09 5.3940E-09 4.9412E-09 4.5104E-09 4.1029E-09 3.7140E-09 3.3459E-09 3.0052E-09 2.6921E-09 2.4000E-09 2.1279E-09 1.8852E-09 1.6660E-09 1.4634E-09 1.2828E-09 1.1236E-09 9.8012E-10
1.6066E-09 1.8789E-09 2.2136E-09 2.5725E-09 2.9740E-09 3.4298E-09 3.9287E-09 4.4691E-09 5.0526E-09 5.6795E-09 6.3223E-09 6.9720E-09 7.6188E-09 8.2611E-09 8.8718E-09 9.4510E-09 9.9898E-09 1.0479E-08 1.0911E-08 1.1278E-08 1.1574E-08 1.1796E-08 1.1940E-08 1.2007E-08 1.2002E-08 1.1922E-08 1.1771E-08 1.1559E-08 1.1288E-08 1.0965E-08 1.0595E-08 1.0187E-08 9.7493E-09 9.2895E-09 8.8100E-09 8.3123E-09 7.8063E-09 7.2984E-09 6.7922E-09 6.2897E-09 5.8020E-09 5.3299E-09 4.8735E-09 4.4346E-09 4.0225E-09 3.6347E-09 3.2669E-09 2.9249E-09 2.6126E-09 2.3252E-09 2.0574E-09 1.8153E-09 1.6005E-09 1.4041E-09 1.2255E-09 1.0712E-09 9.3003E-10
1.5863E-09 1.8642E-09 2.2073E-09 2.5775E-09 3.0056E-09 3.4819E-09 3.9981E-09 4.5732E-09 5.1953E-09 5.8467E-09 6.5346E-09 7.2267E-09 7.9157E-09 8.5882E-09 9.2377E-09 9.8512E-09 1.0415E-08 1.0923E-08 1.1367E-08 1.1738E-08 1.2031E-08 1.2242E-08 1.2370E-08 1.2418E-08 1.2387E-08 1.2275E-08 1.2092E-08 1.1844E-08 1.1533E-08 1.1173E-08 1.0772E-08 1.0326E-08 9.8548E-09 9.3591E-09 8.8526E-09 8.3335E-09 7.8054E-09 7.2778E-09 6.7563E-09 6.2429E-09 5.7410E-09 5.2604E-09 4.7995E-09 4.3567E-09 3.9389E-09 3.5512E-09 3.1866E-09 2.8445E-09 2.5325E-09 2.2498E-09 1.9885E-09 1.7475E-09 1.5359E-09 1.3461E-09 1.1716E-09 1.0182E-09 8.8167E-10
1.5661E-09 1.8548E-09 2.2030E-09 2.5853E-09 3.0331E-09 3.5344E-09 4.0991E-09 4.6978E-09 5.3553E-09 6.0480E-09 6.7703E-09 7.5170E-09 8.2525E-09 8.9791E-09 9.6649E-09 1.0307E-08 1.0895E-08 1.1421E-08 1.1876E-08 1.2250E-08 1.2536E-08 1.2733E-08 1.2842E-08 1.2865E-08 1.2800E-08 1.2652E-08 1.2433E-08 1.2143E-08 1.1794E-08 1.1391E-08 1.0945E-08 1.0471E-08 9.9596E-09 9.4323E-09 8.8902E-09 8.3477E-09 7.8008E-09 7.2529E-09 6.7149E-09 6.1898E-09 5.6783E-09 5.1874E-09 4.7210E-09 4.2773E-09 3.8556E-09 3.4647E-09 3.1030E-09 2.7640E-09 2.4524E-09 2.1723E-09 1.9171E-09 1.6809E-09 1.4714E-09 1.2871E-09 1.1181E-09 9.6558E-10 8.3648E-10
1.5433E-09 1.8478E-09 2.1989E-09 2.6088E-09 3.0769E-09 3.6036E-09 4.1951E-09 4.8425E-09 5.5326E-09 6.2788E-09 7.0638E-09 7.8559E-09 8.6449E-09 9.4119E-09 1.0143E-08 1.0825E-08 1.1442E-08 1.1986E-08 1.2449E-08 1.2823E-08 1.3100E-08 1.3282E-08 1.3368E-08 1.3354E-08 1.3249E-08 1.3065E-08 1.2801E-08 1.2466E-08 1.2071E-08 1.1623E-08 1.1134E-08 1.0615E-08 1.0072E-08 9.5094E-09 8.9332E-09 8.3567E-09 7.7892E-09 7.2249E-09 6.6680E-09 6.1306E-09 5.6109E-09 5.1098E-09 4.6376E-09 4.1919E-09 3.7700E-09 3.3760E-09 3.0162E-09 2.6819E-09 2.3716E-09 2.0937E-09 1.8443E-09 1.6137E-09 1.4061E-09 1.2269E-09 1.0622E-09 9.1421E-10 7.8939E-10
1.5122E-09 1.8355E-09 2.2137E-09 2.6225E-09 3.1119E-09 3.6864E-09 4.3138E-09 5.0032E-09 5.7574E-09 6.5514E-09 7.3831E-09 8.2471E-09 9.0984E-09 9.9234E-09 1.0703E-08 1.1420E-08 1.2063E-08 1.2624E-08 1.3096E-08 1.3468E-08 1.3736E-08 1.3895E-08 1.3945E-08 1.3891E-08 1.3744E-08 1.3507E-08 1.3190E-08 1.2808E-08 1.2363E-08 1.1866E-08 1.1329E-08 1.0761E-08 1.0178E-08 9.5807E-09 8.9754E-09 8.3662E-09 7.7705E-09 7.1864E-09 6.6157E-09 6.0623E-09 5.5343E-09 5.0288E-09 4.5490E-09 4.1006E-09 3.6800E-09 3.2852E-09 2.9256E-09 2.5959E-09 2.2899E-09 2.0131E-09 1.7684E-09 1.5462E-09 1.3412E-09 1.1636E-09 1.0067E-09 8.6426E-10 7.4355E-10
1.4667E-09 1.8052E-09 2.2136E-09 2.6674E-09 3.2033E-09 3.7990E-09 4.4712E-09 5.2228E-09 6.0292E-09 6.9060E-09 7.8152E-09 8.7473E-09 9.6767E-09 1.0828E-08 1.1769E-08 1.2628E-08 1.3378E-08 1.3996E-08 1.4456E-08 1.4803E-08 1.5025E-08 1.5121E-08 1.4643E-08 1.4538E-08 1.4330E-08 1.4026E-08 1.3644E-08 1.3192E-08 1.2686E-08 1.2134E-08 1.1540E-08 1.0919E-08 1.0280E-08 9.6433E-09 9.0055E-09 8.3704E-09 7.7431E-09 7.1403E-09 6.5547E-09 5.9869E-09 5.4485E-09 4.9393E-09 4.4545E-09 4.0039E-09 3.5844E-09 3.1916E-09 2.8318E-09 2.5068E-09 2.2068E-09 1.9331E-09 1.6917E-09 1.4762E-09 1.2749E-09 1.1009E-09 9.5185E-10 8.1478E-10 6.9428E-10
1.3931E-09 1.7787E-09 2.1795E-09 2.6689E-09 3.2523E-09 3.8900E-09 4.6335E-09 5.4418E-09 6.3174E-09 7.2585E-09 8.2483E-09 9.3857E-09 1.0503E-08 1.1603E-08 1.2637E-08 1.3561E-08 1.4354E-08 1.5002E-08 1.5469E-08 1.5790E-08 1.5972E-08 1.6014E-08 1.5923E-08 1.5712E-08 1.5390E-08 1.4552E-08 1.4098E-08 1.3574E-08 1.2998E-08 1.2383E-08 1.1739E-08 1.1065E-08 1.0381E-08 9.6940E-09 9.0234E-09 8.3598E-09 7.7099E-09 7.0805E-09 6.4813E-09 5.9047E-09 5.3532E-09 4.8389E-09 4.3534E-09 3.9005E-09 3.4820E-09 3.0940E-09 2.7348E-09 2.4138E-09 2.1202E-09 1.8509E-09 1.6147E-09 1.4033E-09 1.2092E-09 1.0407E-09 8.9512E-10 7.6284E-10 6.4553E-10
