Assets/Resources/2015_m01_d11_2000(utc+0800)_l00_csi_1hr_conc.grd
DSAA
         159         159
     -79.000      79.000
     -79.000      79.000
  0.0000E+00  0.8392E-05
[rows 25 to 49 of 159, columns 0 to 56 of 159]
2.2500E-09 2.4488E-09 2.6567E-09 2.8728E-09 3.0967E-09 3.3270E-09 3.5635E-09 3.8058E-09 4.0505E-09 4.2989E-09 4.5494E-09 4.8000E-09 5.0476E-09 5.2919E-09 5.5314E-09 5.7617E-09 5.9840E-09 6.1944E-09 6.3909E-09 6.5732E-09 6.7383E-09 6.8836E-09 7.0100E-09 7.1151E-09 7.1952E-09 7.2532E-09 7.2875E-09 7.2955E-09 7.2777E-09 7.2350E-09 7.1670E-09 7.0733E-09 6.9547E-09 6.8125E-09 6.6467E-09 6.4578E-09 6.2481E-09 6.0190E-09 5.7724E-09 5.5098E-09 5.2334E-09 4.9451E-09 4.6472E-09 4.3426E-09 4.0345E-09 3.7255E-09 3.4180E-09 3.1149E-09 2.8182E-09 2.5306E-09 2.2542E-09 1.9923E-09 1.7459E-09 1.5173E-09 1.3077E-09 1.1139E-09 9.3749E-10
2.1434E-09 2.3377E-09 2.5415E-09 2.7542E-09 2.9753E-09 3.2036E-09 3.4398E-09 3.6811E-09 3.9274E-09 4.1783E-09 4.4321E-09 4.6884E-09 4.9423E-09 5.1954E-09 5.4433E-09 5.6856E-09 5.9207E-09 6.1445E-09 6.3575E-09 6.5571E-09 6.7396E-09 6.9059E-09 7.0537E-09 7.1785E-09 7.2832E-09 7.3660E-09 7.4230E-09 7.4550E-09 7.4625E-09 7.4440E-09 7.3992E-09 7.3286E-09 7.2331E-09 7.1101E-09 6.9629E-09 6.7909E-09 6.5963E-09 6.3800E-09 6.1429E-09 5.8865E-09 5.6134E-09 5.3252E-09 5.0249E-09 4.7147E-09 4.3978E-09 4.0764E-09 3.7547E-09 3.4343E-09 3.1188E-09 2.8109E-09 2.5128E-09 2.2279E-09 1.9585E-09 1.7080E-09 1.4748E-09 1.2588E-09 1.0630E-09
2.0345E-09 2.2234E-09 2.4224E-09 2.6309E-09 2.8485E-09 3.0739E-09 3.3084E-09 3.5483E-09 3.7952E-09 4.0465E-09 4.3034E-09 4.5638E-09 4.8228E-09 5.0832E-09 5.3392E-09 5.5921E-09 5.8380E-09 6.0759E-09 6.3041E-09 6.5187E-09 6.7200E-09 6.9068E-09 7.0732E-09 7.2213E-09 7.3509E-09 7.4561E-09 7.5377E-09 7.5962E-09 7.6293E-09 7.6367E-09 7.6180E-09 7.5734E-09 7.5002E-09 7.4016E-09 7.2757E-09 7.1247E-09 6.9479E-09 6.7466E-09 6.5223E-09 6.2753E-09 6.0085E-09 5.7235E-09 5.4228E-09 5.1084E-09 4.7837E-09 4.4522E-09 4.1161E-09 3.7791E-09 3.4442E-09 3.1148E-09 2.7941E-09 2.4860E-09 2.1929E-09 1.9178E-09 1.6610E-09 1.4228E-09 1.2039E-09
1.9237E-09 2.1068E-09 2.3004E-09 2.5040E-09 2.7171E-09 2.9391E-09 3.1705E-09 3.4083E-09 3.6543E-09 3.9055E-09 4.1639E-09 4.4265E-09 4.6901E-09 4.9559E-09 5.2197E-09 5.4814E-09 5.7372E-09 5.9877E-09 6.2292E-09 6.4595E-09 6.6794E-09 6.8829E-09 7.0703E-09 7.2425E-09 7.3932E-09 7.5228E-09 7.6312E-09 7.7155E-09 7.7759E-09 7.8116E-09 7.8209E-09 7.8021E-09 7.7580E-09 7.6872E-09 7.5890E-09 7.4622E-09 7.3084E-09 7.1274E-09 6.9198E-09 6.6879E-09 6.4320E-09 6.1537E-09 5.8565E-09 5.5428E-09 5.2147E-09 4.8746E-09 4.5264E-09 4.1741E-09 3.8205E-09 3.4697E-09 3.1254E-09 2.7911E-09 2.4710E-09 2.1685E-09 1.8837E-09 1.6195E-09 1.3749E-09
1.8122E-09 1.9889E-09 2.1763E-09 2.3745E-09 2.5822E-09 2.7997E-09 3.0272E-09 3.2622E-09 3.5058E-09 3.7562E-09 4.0144E-09 4.2784E-09 4.5447E-09 4.8145E-09 5.0852E-09 5.3533E-09 5.6189E-09 5.8805E-09 6.1332E-09 6.3796E-09 6.6146E-09 6.8355E-09 7.0454E-09 7.2373E-09 7.4106E-09 7.5661E-09 7.6999E-09 7.8118E-09 7.9010E-09 7.9652E-09 8.0029E-09 8.0164E-09 8.0030E-09 7.9609E-09 7.8901E-09 7.7901E-09 7.6606E-09 7.5025E-09 7.3152E-09 7.1002E-09 6.8574E-09 6.5899E-09 6.2992E-09 5.9868E-09 5.6553E-09 5.3089E-09 4.9501E-09 4.5824E-09 4.2103E-09 3.8374E-09 3.4687E-09 3.1084E-09 2.7614E-09 2.4304E-09 2.1188E-09 1.8241E-09 1.5528E-09
1.7004E-09 1.8704E-09 2.0513E-09 2.2432E-09 2.4448E-09 2.6571E-09 2.8797E-09 3.1108E-09 3.3509E-09 3.5993E-09 3.8559E-09 4.1202E-09 4.3874E-09 4.6602E-09 4.9360E-09 5.2094E-09 5.4836E-09 5.7528E-09 6.0179E-09 6.2780E-09 6.5260E-09 6.7662E-09 6.9941E-09 7.2060E-09 7.4031E-09 7.5824E-09 7.7429E-09 7.8832E-09 8.0010E-09 8.0945E-09 8.1661E-09 8.2121E-09 8.2295E-09 8.2196E-09 8.1815E-09 8.1155E-09 8.0193E-09 7.8917E-09 7.7312E-09 7.5407E-09 7.3198E-09 7.0697E-09 6.7902E-09 6.4864E-09 6.1589E-09 5.8108E-09 5.4444E-09 5.0653E-09 4.6756E-09 4.2819E-09 3.8879E-09 3.4995E-09 3.1213E-09 2.7582E-09 2.4125E-09 2.0849E-09 1.7852E-09
1.5897E-09 1.7523E-09 1.9260E-09 2.1112E-09 2.3060E-09 2.5124E-09 2.7291E-09 2.9552E-09 3.1910E-09 3.4359E-09 3.6898E-09 3.9527E-09 4.2197E-09 4.4939E-09 4.7723E-09 5.0503E-09 5.3308E-09 5.6070E-09 5.8836E-09 6.1528E-09 6.4158E-09 6.6724E-09 6.9166E-09 7.1492E-09 7.3685E-09 7.5717E-09 7.7586E-09 7.9267E-09 8.0736E-09 8.2010E-09 8.3058E-09 8.3840E-09 8.4366E-09 8.4632E-09 8.4626E-09 8.4311E-09 8.3664E-09 8.2693E-09 8.1395E-09 7.9750E-09 7.7761E-09 7.5447E-09 7.2822E-09 6.9880E-09 6.6646E-09 6.3153E-09 5.9442E-09 5.5527E-09 5.1471E-09 4.7308E-09 4.3118E-09 3.8944E-09 3.4861E-09 3.0906E-09 2.7080E-09 2.3484E-09 2.0138E-09
1.4801E-09 1.6350E-09 1.8014E-09 1.9792E-09 2.1668E-09 2.3663E-09 2.5765E-09 2.7965E-09 3.0270E-09 3.2670E-09 3.5174E-09 3.7773E-09 4.0428E-09 4.3165E-09 4.5962E-09 4.8770E-09 5.1609E-09 5.4449E-09 5.7286E-09 6.0070E-09 6.2839E-09 6.5534E-09 6.8140E-09 7.0661E-09 7.3055E-09 7.5330E-09 7.7457E-09 7.9410E-09 8.1202E-09 8.2803E-09 8.4170E-09 8.5324E-09 8.6241E-09 8.6900E-09 8.7265E-09 8.7325E-09 8.7079E-09 8.6517E-09 8.5593E-09 8.4300E-09 8.2641E-09 8.0612E-09 7.8206E-09 7.5447E-09 7.2348E-09 6.8927E-09 6.5195E-09 6.1213E-09 5.7012E-09 5.2659E-09 4.8212E-09 4.3747E-09 3.9329E-09 3.4968E-09 3.0786E-09 2.6782E-09 2.3029E-09
1.3726E-09 1.5200E-09 1.6781E-09 1.8481E-09 2.0280E-09 2.2198E-09 2.4228E-09 2.6359E-09 2.8602E-09 3.0941E-09 3.3396E-09 3.5951E-09 3.8577E-09 4.1292E-09 4.4088E-09 4.6900E-09 4.9762E-09 5.2662E-09 5.5542E-09 5.8422E-09 6.1293E-09 6.4102E-09 6.6867E-09 6.9552E-09 7.2152E-09 7.4659E-09 7.7023E-09 7.9268E-09 8.1368E-09 8.3285E-09 8.5020E-09 8.6559E-09 8.7868E-09 8.8930E-09 8.9718E-09 9.0222E-09 9.0415E-09 9.0270E-09 8.9773E-09 8.8892E-09 8.7597E-09 8.5895E-09 8.3795E-09 8.1283E-09 7.8350E-09 7.5021E-09 7.1328E-09 6.7299E-09 6.2980E-09 5.8439E-09 5.3752E-09 4.9006E-09 4.4209E-09 3.9497E-09 3.4880E-09 3.0415E-09 2.6253E-09
1.2680E-09 1.4071E-09 1.5570E-09 1.7189E-09 1.8903E-09 2.0741E-09 2.2690E-09 2.4742E-09 2.6914E-09 2.9183E-09 3.1575E-09 3.4077E-09 3.6655E-09 3.9336E-09 4.2110E-09 4.4910E-09 4.7781E-09 5.0713E-09 5.3625E-09 5.6583E-09 5.9525E-09 6.2445E-09 6.5344E-09 6.8180E-09 7.0977E-09 7.3680E-09 7.6297E-09 7.8825E-09 8.1220E-09 8.3472E-09 8.5579E-09 8.7503E-09 8.9233E-09 9.0732E-09 9.1982E-09 9.2948E-09 9.3633E-09 9.3979E-09 9.3955E-09 9.3519E-09 9.2691E-09 9.1402E-09 8.9645E-09 8.7409E-09 8.4727E-09 8.1558E-09 7.7940E-09 7.3890E-09 6.9493E-09 6.4786E-09 5.9886E-09 5.4783E-09 4.9609E-09 4.4496E-09 3.9379E-09 3.4480E-09 2.9839E-09
1.1664E-09 1.2971E-09 1.4388E-09 1.5919E-09 1.7547E-09 1.9297E-09 2.1161E-09 2.3128E-09 2.5217E-09 2.7409E-09 2.9724E-09 3.2161E-09 3.4677E-09 3.7310E-09 4.0045E-09 4.2816E-09 4.5679E-09 4.8615E-09 5.1550E-09 5.4560E-09 5.7555E-09 6.0574E-09 6.3573E-09 6.6558E-09 6.9516E-09 7.2410E-09 7.5281E-09 7.8066E-09 8.0750E-09 8.3348E-09 8.5826E-09 8.8154E-09 9.0314E-09 9.2268E-09 9.4013E-09 9.5511E-09 9.6726E-09 9.7599E-09 9.8142E-09 9.8299E-09 9.8009E-09 9.7246E-09 9.5995E-09 9.4223E-09 9.1881E-09 8.9003E-09 8.5566E-09 8.1635E-09 7.7220E-09 7.2420E-09 6.7298E-09 6.1914E-09 5.6393E-09 5.0785E-09 4.5201E-09 3.9730E-09 3.4477E-09
1.0683E-09 1.1908E-09 1.3237E-09 1.4679E-09 1.6219E-09 1.7877E-09 1.9650E-09 2.1524E-09 2.3524E-09 2.5627E-09 2.7857E-09 3.0219E-09 3.2657E-09 3.5231E-09 3.7909E-09 4.0634E-09 4.3473E-09 4.6387E-09 4.9333E-09 5.2363E-09 5.5407E-09 5.8489E-09 6.1572E-09 6.4690E-09 6.7778E-09 7.0853E-09 7.3961E-09 7.6981E-09 7.9979E-09 8.2910E-09 8.5749E-09 8.8485E-09 9.1084E-09 9.3539E-09 9.5815E-09 9.7859E-09 9.9653E-09 1.0115E-08 1.0229E-08 1.0304E-08 1.0335E-08 1.0316E-08 1.0243E-08 1.0109E-08 9.9153E-09 9.6567E-09 9.3363E-09 8.9512E-09 8.5132E-09 8.0232E-09 7.4899E-09 6.9236E-09 6.3309E-09 5.7230E-09 5.1109E-09 4.5086E-09 3.9201E-09
9.7433E-10 1.0884E-09 1.2124E-09 1.3478E-09 1.4923E-09 1.6488E-09 1.8164E-09 1.9941E-09 2.1844E-09 2.3852E-09 2.5988E-09 2.8261E-09 3.0615E-09 3.3109E-09 3.5717E-09 3.8382E-09 4.1176E-09 4.4053E-09 4.6991E-09 5.0017E-09 5.3091E-09 5.6205E-09 5.9367E-09 6.2577E-09 6.5784E-09 6.9028E-09 7.2330E-09 7.5611E-09 7.8884E-09 8.2130E-09 8.5345E-09 8.8485E-09 9.1552E-09 9.4515E-09 9.7340E-09 9.9990E-09 1.0241E-08 1.0455E-08 1.0642E-08 1.0792E-08 1.0898E-08 1.0951E-08 1.0949E-08 1.0886E-08 1.0755E-08 1.0549E-08 1.0270E-08 9.9191E-09 9.4973E-09 9.0125E-09 8.4715E-09 7.8819E-09 7.2535E-09 6.5973E-09 5.9248E-09 5.2544E-09 4.5886E-09
8.8451E-10 9.9013E-10 1.1057E-09 1.2318E-09 1.3668E-09 1.5135E-09 1.6713E-09 1.8389E-09 2.0187E-09 2.2097E-09 2.4127E-09 2.6303E-09 2.8561E-09 3.0963E-09 3.3488E-09 3.6078E-09 3.8809E-09 4.1633E-09 4.4536E-09 4.7542E-09 5.0623E-09 5.3744E-09 5.6973E-09 6.0234E-09 6.3559E-09 6.6919E-09 7.0418E-09 7.3932E-09 7.7466E-09 8.1039E-09 8.4599E-09 8.8157E-09 9.1695E-09 9.5186E-09 9.8591E-09 1.0186E-08 1.0494E-08 1.0786E-08 1.1051E-08 1.1277E-08 1.1460E-08 1.1595E-08 1.1671E-08 1.1677E-08 1.1606E-08 1.1455E-08 1.1219E-08 1.0898E-08 1.0498E-08 1.0020E-08 9.4708E-09 8.8541E-09 8.1931E-09 7.4871E-09 6.7530E-09 6.0103E-09 5.2694E-09
7.9921E-10 8.9680E-10 1.0034E-09 1.1204E-09 1.2461E-09 1.3827E-09 1.5304E-09 1.6874E-09 1.8567E-09 2.0369E-09 2.2291E-09 2.4359E-09 2.6510E-09 2.8810E-09 3.1238E-09 3.3740E-09 3.6385E-09 3.9147E-09 4.1993E-09 4.4955E-09 4.8015E-09 5.1139E-09 5.4393E-09 5.7696E-09 6.1101E-09 6.4570E-09 6.8248E-09 7.1948E-09 7.5752E-09 7.9608E-09 8.3522E-09 8.7493E-09 9.1508E-09 9.5529E-09 9.9507E-09 1.0344E-08 1.0731E-08 1.1101E-08 1.1445E-08 1.1762E-08 1.2043E-08 1.2273E-08 1.2443E-08 1.2540E-08 1.2559E-08 1.2487E-08 1.2321E-08 1.2057E-08 1.1698E-08 1.1244E-08 1.0699E-08 1.0078E-08 9.3871E-09 8.6324E-09 7.8325E-09 7.0152E-09 6.1714E-09
7.1878E-10 8.0811E-10 9.0628E-10 1.0142E-09 1.1301E-09 1.2570E-09 1.3943E-09 1.5408E-09 1.6990E-09 1.8677E-09 2.0486E-09 2.2436E-09 2.4476E-09 2.6662E-09 2.8985E-09 3.1383E-09 3.3931E-09 3.6613E-09 3.9381E-09 4.2285E-09 4.5308E-09 4.8414E-09 5.1652E-09 5.4988E-09 5.8437E-09 6.2011E-09 6.5797E-09 6.9688E-09 7.3722E-09 7.7851E-09 8.2104E-09 8.6490E-09 9.0969E-09 9.5508E-09 1.0011E-08 1.0477E-08 1.0939E-08 1.1393E-08 1.1832E-08 1.2249E-08 1.2630E-08 1.2965E-08 1.3237E-08 1.3439E-08 1.3553E-08 1.3578E-08 1.3493E-08 1.3305E-08 1.3000E-08 1.2588E-08 1.2071E-08 1.1449E-08 1.0739E-08 9.9462E-09 9.0859E-09 8.1852E-09 7.2574E-09
6.4207E-10 7.2379E-10 8.1386E-10 9.1255E-10 1.0194E-09 1.1362E-09 1.2631E-09 1.3989E-09 1.5456E-09 1.7030E-09 1.8718E-09 2.0550E-09 2.2472E-09 2.4534E-09 2.6743E-09 2.9028E-09 3.1462E-09 3.4052E-09 3.6734E-09 3.9562E-09 4.2513E-09 4.5583E-09 4.8797E-09 5.2140E-09 5.5604E-09 5.9245E-09 6.3126E-09 6.7177E-09 7.1381E-09 7.5766E-09 8.0359E-09 8.5146E-09 9.0059E-09 9.5141E-09 1.0039E-08 1.0576E-08 1.1119E-08 1.1664E-08 1.2203E-08 1.2727E-08 1.3222E-08 1.3675E-08 1.4074E-08 1.4400E-08 1.4642E-08 1.4771E-08 1.4797E-08 1.4697E-08 1.4477E-08 1.4126E-08 1.3646E-08 1.3045E-08 1.2330E-08 1.1502E-08 1.0602E-08 9.6958E-09 8.7207E-09
5.6865E-10 6.4319E-10 7.2503E-10 8.1494E-10 9.1308E-10 1.0198E-09 1.1370E-09 1.2618E-09 1.3977E-09 1.5432E-09 1.7000E-09 1.8711E-09 2.0510E-09 2.2446E-09 2.4529E-09 2.6694E-09 2.9010E-09 3.1496E-09 3.4064E-09 3.6802E-09 3.9677E-09 4.2690E-09 4.5844E-09 4.9160E-09 5.2635E-09 5.6294E-09 6.0248E-09 6.4414E-09 6.8776E-09 7.3388E-09 7.8276E-09 8.3442E-09 8.8770E-09 9.4400E-09 1.0031E-08 1.0640E-08 1.1266E-08 1.1907E-08 1.2554E-08 1.3194E-08 1.3815E-08 1.4404E-08 1.4941E-08 1.5411E-08 1.5784E-08 1.6070E-08 1.6233E-08 1.6271E-08 1.6169E-08 1.5925E-08 1.5527E-08 1.4981E-08 1.4298E-08 1.3531E-08 1.2723E-08 1.1694E-08 1.0801E-08
5.0103E-10 5.6801E-10 6.4206E-10 7.2377E-10 8.1277E-10 9.1033E-10 1.0171E-09 1.1314E-09 1.2562E-09 1.3899E-09 1.5353E-09 1.6937E-09 1.8608E-09 2.0415E-09 2.2372E-09 2.4410E-09 2.6591E-09 2.8959E-09 3.1412E-09 3.4047E-09 3.6820E-09 3.9740E-09 4.2833E-09 4.6093E-09 4.9543E-09 5.3176E-09 5.7197E-09 6.1431E-09 6.5920E-09 7.0713E-09 7.5878E-09 8.1385E-09 8.7108E-09 9.3295E-09 9.9825E-09 1.0664E-08 1.1380E-08 1.2121E-08 1.2879E-08 1.3645E-08 1.4405E-08 1.5141E-08 1.5833E-08 1.6452E-08 1.7011E-08 1.7464E-08 1.7783E-08 1.7991E-08 1.8044E-08 1.7926E-08 1.7654E-08 1.7247E-08 1.6834E-08 1.6052E-08 1.5404E-08 1.5349E-08 1.3948E-08
4.3938E-10 4.9943E-10 5.6618E-10 6.3946E-10 7.1995E-10 8.0806E-10 9.0472E-10 1.0089E-09 1.1221E-09 1.2449E-09 1.3783E-09 1.5242E-09 1.6784E-09 1.8463E-09 2.0285E-09 2.2183E-09 2.4236E-09 2.6475E-09 2.8794E-09 3.1301E-09 3.3968E-09 3.6785E-09 3.9787E-09 4.2950E-09 4.6366E-09 4.9958E-09 5.3994E-09 5.8249E-09 6.2847E-09 6.7773E-09 7.3168E-09 7.8959E-09 8.5089E-09 9.1764E-09 9.8937E-09 1.0651E-08 1.1451E-08 1.2296E-08 1.3176E-08 1.4073E-08 1.4980E-08 1.5876E-08 1.6750E-08 1.7568E-08 1.8328E-08 1.8987E-08 1.9546E-08 1.9967E-08 2.0228E-08 2.0371E-08 2.0556E-08 2.0287E-08 2.0154E-08 2.0921E-08 1.9751E-08 1.9064E-08 1.8216E-08
3.8302E-10 4.3671E-10 4.9616E-10 5.6193E-10 6.3402E-10 7.1288E-10 8.0044E-10 8.9425E-10 9.9657E-10 1.1087E-09 1.2302E-09 1.3639E-09 1.5049E-09 1.6591E-09 1.8276E-09 2.0041E-09 2.1951E-09 2.4044E-09 2.6229E-09 2.8607E-09 3.1146E-09 3.3827E-09 3.6723E-09 3.9794E-09 4.3122E-09 4.6642E-09 5.0658E-09 5.4924E-09 5.9565E-09 6.4586E-09 7.0168E-09 7.6216E-09 8.2688E-09 8.9842E-09 9.7636E-09 1.0591E-08 1.1478E-08 1.2434E-08 1.3430E-08 1.4469E-08 1.5536E-08 1.6618E-08 1.7680E-08 1.8730E-08 1.9719E-08 2.0639E-08 2.1458E-08 2.2180E-08 2.3040E-08 2.3432E-08 2.3870E-08 2.4741E-08 2.5293E-08 2.5042E-08 2.5154E-08 2.4403E-08 2.3356E-08
3.3176E-10 3.7929E-10 4.3212E-10 4.9096E-10 5.5445E-10 6.2539E-10 7.0317E-10 7.8790E-10 8.8035E-10 9.8113E-10 1.0910E-09 1.2121E-09 1.3403E-09 1.4818E-09 1.6368E-09 1.7984E-09 1.9747E-09 2.1703E-09 2.3741E-09 2.5968E-09 2.8368E-09 3.0915E-09 3.3687E-09 3.6622E-09 3.9841E-09 4.3292E-09 4.7222E-09 5.1463E-09 5.6103E-09 6.1206E-09 6.6896E-09 7.3165E-09 7.9917E-09 8.7522E-09 9.5882E-09 1.0484E-08 1.1459E-08 1.2519E-08 1.3644E-08 1.4830E-08 1.6072E-08 1.7338E-08 1.8647E-08 1.9935E-08 2.1210E-08 2.2456E-08 2.3813E-08 2.5025E-08 2.6122E-08 2.7623E-08 2.9669E-08 3.0268E-08 3.1692E-08 3.2138E-08 3.2140E-08 3.1024E-08 2.9045E-08
2.8539E-10 3.2711E-10 3.7406E-10 4.2580E-10 4.8218E-10 5.4521E-10 6.1442E-10 6.9000E-10 7.7220E-10 8.6260E-10 9.6119E-10 1.0699E-09 1.1861E-09 1.3144E-09 1.4556E-09 1.6030E-09 1.7656E-09 1.9452E-09 2.1341E-09 2.3424E-09 2.5670E-09 2.8063E-09 3.0686E-09 3.3494E-09 3.6573E-09 3.9904E-09 4.3720E-09 4.7927E-09 5.2512E-09 5.7626E-09 6.3389E-09 6.9836E-09 7.6799E-09 8.4805E-09 9.3663E-09 1.0329E-08 1.1388E-08 1.2558E-08 1.3808E-08 1.5151E-08 1.6571E-08 1.8073E-08 1.9614E-08 2.1217E-08 2.2943E-08 2.4795E-08 2.6495E-08 2.8670E-08 3.1974E-08 3.3536E-08 3.6435E-08 3.8413E-08 3.8906E-08 4.0308E-08 3.9120E-08 3.6769E-08 3.4686E-08
2.4352E-10 2.8023E-10 3.2131E-10 3.6686E-10 4.1664E-10 4.7153E-10 5.3295E-10 5.9959E-10 6.7274E-10 7.5260E-10 8.4023E-10 9.3779E-10 1.0424E-09 1.1579E-09 1.2859E-09 1.4186E-09 1.5670E-09 1.7315E-09 1.9060E-09 2.0974E-09 2.3064E-09 2.5299E-09 2.7767E-09 3.0412E-09 3.3327E-09 3.6535E-09 4.0213E-09 4.4316E-09 4.8817E-09 5.3899E-09 5.9700E-09 6.6239E-09 7.3371E-09 8.1691E-09 9.1001E-09 1.0128E-08 1.1265E-08 1.2538E-08 1.3923E-08 1.5425E-08 1.7054E-08 1.8802E-08 2.0688E-08 2.2921E-08 2.5022E-08 2.7657E-08 3.1891E-08 3.4135E-08 3.8486E-08 4.2000E-08 4.3315E-08 4.6023E-08 4.6952E-08 4.6817E-08 4.6232E-08 4.4169E-08 4.1084E-08
2.0540E-10 2.3818E-10 2.7388E-10 3.1388E-10 3.5715E-10 4.0523E-10 4.5897E-10 5.1698E-10 5.8159E-10 6.5208E-10 7.3015E-10 8.1686E-10 9.0992E-10 1.0132E-09 1.1273E-09 1.2469E-09 1.3813E-09 1.5310E-09 1.6887E-09 1.8651E-09 2.0571E-09 2.2638E-09 2.4935E-09 2.7409E-09 3.0161E-09 3.3197E-09 3.6709E-09 4.0687E-09 4.5079E-09 5.0056E-09 5.5852E-09 6.2411E-09 6.9667E-09 7.8229E-09 8.7968E-09 9.8754E-09 1.1089E-08 1.2471E-08 1.3992E-08 1.5669E-08 1.7553E-08 1.9827E-08 2.2072E-08 2.4915E-08 2.9576E-08 3.2255E-08 3.6363E-08 4.0785E-08 4.4623E-08 4.8877E-08 5.1900E-08 5.3945E-08 5.5520E-08 5.5604E-08 5.4393E-08 5.2366E-08 4.8906E-08
