Assets/Resources/2015_m01_d22_0700(utc+0800)_l00_csi_1hr_conc.grd
DSAA
         159         159
     -79.000      79.000
     -79.000      79.000
  0.0000E+00  0.2346E-04
[rows 0 to 24 of 159, columns 57 to 113 of 159]
0.0000E+00 0.0000E+00 0.0000E+00 0.0000E+00 0.0000E+00 0.0000E+00 0.0000E+00 0.0000E+00 0.0000E+00 0.0000E+00 0.0000E+00 0.0000E+00 0.0000E+00 0.0000E+00 0.0000E+00 0.0000E+00 0.0000E+00 0.0000E+00 0.0000E+00 0.0000E+00 0.0000E+00 0.0000E+00 0.0000E+00 0.0000E+00 0.0000E+00 0.0000E+00 0.0000E+00 0.0000E+00 1.5811E-11 2.8435E-11 3.8519E-11 4.8995E-11 7.0588E-11 8.9314E-11 1.1162E-10 1.2831E-10 1.3248E-10 1.5010E-10 1.6162E-10 1.7328E-10 1.8577E-10 1.9835E-10 2.1137E-10 2.2296E-10 2.3645E-10 2.4321E-10 2.6256E-10 2.6947E-10 2.7662E-10 2.8920E-10 2.9630E-10 3.0339E-10 3.1083E-10 3.2349E-10 3.3064E-10 3.3775E-10 3.4493E-10
0.0000E+00 0.0000E+00 0.0000E+00 0.0000E+00 0.0000E+00 0.0000E+00 0.0000E+00 0.0000E+00 0.0000E+00 0.0000E+00 0.0000E+00 0.0000E+00 0.0000E+00 0.0000E+00 0.0000E+00 0.0000E+00 0.0000E+00 0.0000E+00 0.0000E+00 0.0000E+00 0.0000E+00 0.0000E+00 0.0000E+00 0.0000E+00 0.0000E+00 0.0000E+00 0.0000E+00 3.2386E-12 2.5018E-11 3.4938E-11 4.8191E-11 4.9830E-11 8.4783E-11 1.0375E-10 1.2003E-10 1.3074E-10 1.4832E-10 1.5305E-10 1.7155E-10 1.8413E-10 1.9675E-10 2.0996E-10 2.2159E-10 2.3520E-10 2.4740E-10 2.6167E-10 2.6876E-10 2.8154E-10 2.8889E-10 2.9617E-10 3.0377E-10 3.1671E-10 3.2412E-10 3.3150E-10 3.3912E-10 3.5218E-10 3.5955E-10
0.0000E+00 0.0000E+00 0.0000E+00 0.0000E+00 0.0000E+00 0.0000E+00 0.0000E+00 0.0000E+00 0.0000E+00 0.0000E+00 0.0000E+00 0.0000E+00 0.0000E+00 0.0000E+00 0.0000E+00 0.0000E+00 0.0000E+00 0.0000E+00 0.0000E+00 0.0000E+00 0.0000E+00 0.0000E+00 0.0000E+00 0.0000E+00 0.0000E+00 0.0000E+00 0.0000E+00 1.8626E-11 2.5422E-11 3.8465E-11 4.8986E-11 7.0688E-11 9.2579E-11 1.0880E-10 1.2888E-10 1.4640E-10 1.5116E-10 1.6964E-10 1.8228E-10 1.9494E-10 2.0830E-10 2.1996E-10 2.3381E-10 2.4617E-10 2.6048E-10 2.6795E-10 2.8081E-10 2.8824E-10 2.9590E-10 3.0911E-10 3.1674E-10 3.2437E-10 3.3229E-10 3.4561E-10 3.5330E-10 3.6094E-10 3.6851E-10
0.0000E+00 0.0000E+00 0.0000E+00 0.0000E+00 0.0000E+00 0.0000E+00 0.0000E+00 0.0000E+00 0.0000E+00 0.0000E+00 0.0000E+00 0.0000E+00 0.0000E+00 0.0000E+00 0.0000E+00 0.0000E+00 0.0000E+00 0.0000E+00 0.0000E+00 0.0000E+00 0.0000E+00 0.0000E+00 0.0000E+00 0.0000E+00 0.0000E+00 0.0000E+00 3.2368E-12 2.1976E-11 3.4864E-11 4.5221E-11 5.5988E-11 8.7857E-11 1.0392E-10 1.2378E-10 1.3768E-10 1.4911E-10 1.6756E-10 1.8684E-10 1.9292E-10 2.1144E-10 2.1808E-10 2.3215E-10 2.4453E-10 2.5899E-10 2.7201E-10 2.7967E-10 2.8728E-10 3.0068E-10 3.0858E-10 3.1640E-10 3.2452E-10 3.3812E-10 3.4608E-10 3.5402E-10 3.6191E-10 3.7527E-10 3.8315E-10
0.0000E+00 0.0000E+00 0.0000E+00 0.0000E+00 0.0000E+00 0.0000E+00 0.0000E+00 0.0000E+00 0.0000E+00 0.0000E+00 0.0000E+00 0.0000E+00 0.0000E+00 0.0000E+00 0.0000E+00 0.0000E+00 0.0000E+00 0.0000E+00 0.0000E+00 0.0000E+00 0.0000E+00 0.0000E+00 0.0000E+00 0.0000E+00 0.0000E+00 0.0000E+00 1.5513E-11 3.1289E-11 4.1473E-11 4.8845E-11 6.7294E-11 9.2571E-11 1.1212E-10 1.3556E-10 1.4693E-10 1.6532E-10 1.7106E-10 1.9070E-10 2.0929E-10 2.1597E-10 2.3533E-10 2.4262E-10 2.5736E-10 2.7052E-10 2.7820E-10 2.8621E-10 2.9970E-10 3.0768E-10 3.1588E-10 3.2976E-10 3.3795E-10 3.4614E-10 3.5432E-10 3.6800E-10 3.7622E-10 3.8463E-10 3.9312E-10
0.0000E+00 0.0000E+00 0.0000E+00 0.0000E+00 0.0000E+00 0.0000E+00 0.0000E+00 0.0000E+00 0.0000E+00 0.0000E+00 0.0000E+00 0.0000E+00 0.0000E+00 0.0000E+00 0.0000E+00 0.0000E+00 0.0000E+00 0.0000E+00 0.0000E+00 0.0000E+00 0.0000E+00 0.0000E+00 0.0000E+00 0.0000E+00 0.0000E+00 0.0000E+00 1.8854E-11 3.1767E-11 4.5055E-11 5.5848E-11 8.4483E-11 1.0702E-10 1.2383E-10 1.4461E-10 1.5612E-10 1.6866E-10 1.8829E-10 2.0691E-10 2.1363E-10 2.3312E-10 2.4045E-10 2.5542E-10 2.6861E-10 2.7641E-10 2.9007E-10 2.9828E-10 3.0643E-10 3.2050E-10 3.2898E-10 3.3738E-10 3.4579E-10 3.5974E-10 3.6824E-10 3.7710E-10 3.8582E-10 3.9425E-10 4.0263E-10
0.0000E+00 0.0000E+00 0.0000E+00 0.0000E+00 0.0000E+00 0.0000E+00 0.0000E+00 0.0000E+00 0.0000E+00 0.0000E+00 0.0000E+00 0.0000E+00 0.0000E+00 0.0000E+00 0.0000E+00 0.0000E+00 0.0000E+00 0.0000E+00 0.0000E+00 0.0000E+00 0.0000E+00 0.0000E+00 0.0000E+00 0.0000E+00 0.0000E+00 1.2327E-11 2.8162E-11 4.1288E-11 5.1906E-11 6.9946E-11 8.9115E-11 1.1197E-10 1.3243E-10 1.5365E-10 1.6607E-10 1.8569E-10 2.0429E-10 2.1106E-10 2.3065E-10 2.3800E-10 2.5837E-10 2.6639E-10 2.7448E-10 2.8826E-10 2.9650E-10 3.0508E-10 3.1924E-10 3.2781E-10 3.3641E-10 3.5055E-10 3.5930E-10 3.6846E-10 3.7745E-10 3.8621E-10 3.9493E-10 4.0360E-10 4.1267E-10
0.0000E+00 0.0000E+00 0.0000E+00 0.0000E+00 0.0000E+00 0.0000E+00 0.0000E+00 0.0000E+00 0.0000E+00 0.0000E+00 0.0000E+00 0.0000E+00 0.0000E+00 0.0000E+00 0.0000E+00 0.0000E+00 0.0000E+00 0.0000E+00 0.0000E+00 0.0000E+00 0.0000E+00 0.0000E+00 0.0000E+00 0.0000E+00 0.0000E+00 1.5664E-11 3.1554E-11 4.1886E-11 5.2677E-11 8.0849E-11 1.0674E-10 1.2694E-10 1.4792E-10 1.6332E-10 1.8291E-10 1.9448E-10 2.0828E-10 2.2790E-10 2.3530E-10 2.5582E-10 2.6387E-10 2.7747E-10 2.8602E-10 2.9439E-10 3.0873E-10 3.1751E-10 3.2625E-10 3.4053E-10 3.4947E-10 3.5880E-10 3.6808E-10 3.7712E-10 3.8614E-10 3.9531E-10 4.0474E-10 4.1370E-10 4.2275E-10
0.0000E+00 0.0000E+00 0.0000E+00 0.0000E+00 0.0000E+00 0.0000E+00 0.0000E+00 0.0000E+00 0.0000E+00 0.0000E+00 0.0000E+00 0.0000E+00 0.0000E+00 0.0000E+00 0.0000E+00 0.0000E+00 0.0000E+00 0.0000E+00 0.0000E+00 0.0000E+00 0.0000E+00 0.0000E+00 0.0000E+00 0.0000E+00 3.2519E-12 2.4952E-11 3.8084E-11 4.8686E-11 6.6165E-11 9.1799E-11 1.2141E-10 1.2894E-10 1.5362E-10 1.7310E-10 1.9149E-10 2.0529E-10 2.2491E-10 2.3237E-10 2.5298E-10 2.6106E-10 2.7489E-10 2.8345E-10 2.9213E-10 3.0658E-10 3.1541E-10 3.2974E-10 3.3883E-10 3.4820E-10 3.5780E-10 3.6706E-10 3.7633E-10 3.8585E-10 3.9553E-10 4.0482E-10 4.1433E-10 4.2399E-10 4.3319E-10
0.0000E+00 0.0000E+00 0.0000E+00 0.0000E+00 0.0000E+00 0.0000E+00 0.0000E+00 0.0000E+00 0.0000E+00 0.0000E+00 0.0000E+00 0.0000E+00 0.0000E+00 0.0000E+00 0.0000E+00 0.0000E+00 0.0000E+00 0.0000E+00 0.0000E+00 0.0000E+00 0.0000E+00 0.0000E+00 0.0000E+00 0.0000E+00 1.2416E-11 2.8328E-11 3.8609E-11 5.2300E-11 7.6970E-11 1.0299E-10 1.2327E-10 1.4760E-10 1.7003E-10 1.8328E-10 2.0211E-10 2.2167E-10 2.2921E-10 2.4984E-10 2.5797E-10 2.7198E-10 2.8056E-10 2.9486E-10 3.0397E-10 3.1294E-10 3.2749E-10 3.3676E-10 3.4660E-10 3.5612E-10 3.6559E-10 3.7530E-10 3.8527E-10 3.9484E-10 4.0465E-10 4.1467E-10 4.2424E-10 4.3388E-10 4.4382E-10
0.0000E+00 0.0000E+00 0.0000E+00 0.0000E+00 0.0000E+00 0.0000E+00 0.0000E+00 0.0000E+00 0.0000E+00 0.0000E+00 0.0000E+00 0.0000E+00 0.0000E+00 0.0000E+00 0.0000E+00 0.0000E+00 0.0000E+00 0.0000E+00 0.0000E+00 0.0000E+00 0.0000E+00 0.0000E+00 0.0000E+00 0.0000E+00 1.5728E-11 3.4782E-11 4.8295E-11 5.9334E-11 8.7888E-11 1.1757E-10 1.4160E-10 1.6370E-10 1.7994E-10 1.9874E-10 2.1113E-10 2.2580E-10 2.4643E-10 2.5466E-10 2.6875E-10 2.7736E-10 2.9190E-10 3.0102E-10 3.1011E-10 3.2484E-10 3.3455E-10 3.4441E-10 3.5402E-10 3.6378E-10 3.7400E-10 3.8385E-10 3.9380E-10 4.0417E-10 4.1410E-10 4.2428E-10 4.3454E-10 4.4492E-10 4.5490E-10
0.0000E+00 0.0000E+00 0.0000E+00 0.0000E+00 0.0000E+00 0.0000E+00 0.0000E+00 0.0000E+00 0.0000E+00 0.0000E+00 0.0000E+00 0.0000E+00 0.0000E+00 0.0000E+00 0.0000E+00 0.0000E+00 0.0000E+00 0.0000E+00 0.0000E+00 0.0000E+00 0.0000E+00 0.0000E+00 0.0000E+00 9.1213E-12 2.5032E-11 3.5235E-11 4.8922E-11 7.6363E-11 1.0541E-10 1.2901E-10 1.4382E-10 1.6649E-10 1.8826E-10 2.0751E-10 2.2215E-10 2.4275E-10 2.5107E-10 2.6521E-10 2.7391E-10 2.8859E-10 2.9773E-10 3.1238E-10 3.2183E-10 3.3189E-10 3.4171E-10 3.5149E-10 3.6178E-10 3.7194E-10 3.8196E-10 3.9252E-10 4.0286E-10 4.1339E-10 4.2394E-10 4.3470E-10 4.4505E-10 4.5525E-10 4.6539E-10
0.0000E+00 0.0000E+00 0.0000E+00 0.0000E+00 0.0000E+00 0.0000E+00 0.0000E+00 0.0000E+00 0.0000E+00 0.0000E+00 0.0000E+00 0.0000E+00 0.0000E+00 0.0000E+00 0.0000E+00 0.0000E+00 0.0000E+00 0.0000E+00 0.0000E+00 0.0000E+00 0.0000E+00 0.0000E+00 0.0000E+00 1.2434E-11 3.1395E-11 4.4887E-11 5.5883E-11 8.0862E-11 1.0685E-10 1.3754E-10 1.5967E-10 1.8143E-10 1.9857E-10 2.1829E-10 2.3881E-10 2.4720E-10 2.6139E-10 2.7018E-10 2.8494E-10 2.9411E-10 3.0889E-10 3.1861E-10 3.2878E-10 3.3861E-10 3.4874E-10 3.5923E-10 3.6939E-10 3.7986E-10 3.9062E-10 4.0134E-10 4.1214E-10 4.2317E-10 4.3392E-10 4.4449E-10 4.5505E-10 4.6579E-10 4.7672E-10
0.0000E+00 0.0000E+00 0.0000E+00 0.0000E+00 0.0000E+00 0.0000E+00 0.0000E+00 0.0000E+00 0.0000E+00 0.0000E+00 0.0000E+00 0.0000E+00 0.0000E+00 0.0000E+00 0.0000E+00 0.0000E+00 0.0000E+00 0.0000E+00 0.0000E+00 0.0000E+00 0.0000E+00 0.0000E+00 0.0000E+00 2.1681E-11 3.4804E-11 4.5435E-11 6.2957E-11 9.8266E-11 1.2478E-10 1.4611E-10 1.6744E-10 1.8757E-10 2.0715E-10 2.2746E-10 2.4304E-10 2.5725E-10 2.6614E-10 2.8094E-10 2.9017E-10 3.0507E-10 3.1502E-10 3.2516E-10 3.3512E-10 3.4563E-10 3.5606E-10 3.6639E-10 3.7731E-10 3.8825E-10 3.9937E-10 4.1047E-10 4.2162E-10 4.3250E-10 4.4339E-10 4.5469E-10 4.6602E-10 4.7744E-10 4.8837E-10
0.0000E+00 0.0000E+00 0.0000E+00 0.0000E+00 0.0000E+00 0.0000E+00 0.0000E+00 0.0000E+00 0.0000E+00 0.0000E+00 0.0000E+00 0.0000E+00 0.0000E+00 0.0000E+00 0.0000E+00 0.0000E+00 0.0000E+00 0.0000E+00 0.0000E+00 0.0000E+00 0.0000E+00 0.0000E+00 9.1105E-12 2.1928E-11 4.1380E-11 5.2307E-11 7.3645E-11 9.9531E-11 1.3311E-10 1.5517E-10 1.8027E-10 2.0298E-10 2.2310E-10 2.3862E-10 2.5284E-10 2.6180E-10 2.7662E-10 2.8590E-10 3.0087E-10 3.1103E-10 3.2118E-10 3.3134E-10 3.4208E-10 3.5247E-10 3.6309E-10 3.7425E-10 3.8556E-10 3.9671E-10 4.0825E-10 4.1937E-10 4.3053E-10 4.4220E-10 4.5384E-10 4.6566E-10 4.7700E-10 4.8829E-10 4.9954E-10
0.0000E+00 0.0000E+00 0.0000E+00 0.0000E+00 0.0000E+00 0.0000E+00 0.0000E+00 0.0000E+00 0.0000E+00 0.0000E+00 0.0000E+00 0.0000E+00 0.0000E+00 0.0000E+00 0.0000E+00 0.0000E+00 0.0000E+00 0.0000E+00 0.0000E+00 0.0000E+00 0.0000E+00 0.0000E+00 9.2105E-12 2.8262E-11 4.1854E-11 5.9293E-11 8.7415E-11 1.2024E-10 1.4153E-10 1.6585E-10 1.9534E-10 2.1336E-10 2.3399E-10 2.4817E-10 2.5715E-10 2.7201E-10 2.8132E-10 2.9636E-10 3.0666E-10 3.1680E-10 3.2722E-10 3.3795E-10 3.4845E-10 3.5939E-10 3.7088E-10 3.8223E-10 3.9372E-10 4.0525E-10 4.1660E-10 4.2846E-10 4.4031E-10 4.5247E-10 4.6422E-10 4.7591E-10 4.8760E-10 4.9961E-10 5.1175E-10
0.0000E+00 0.0000E+00 0.0000E+00 0.0000E+00 0.0000E+00 0.0000E+00 0.0000E+00 0.0000E+00 0.0000E+00 0.0000E+00 0.0000E+00 0.0000E+00 0.0000E+00 0.0000E+00 0.0000E+00 0.0000E+00 0.0000E+00 0.0000E+00 0.0000E+00 0.0000E+00 0.0000E+00 0.0000E+00 1.8483E-11 3.1659E-11 4.8621E-11 6.2949E-11 1.0146E-10 1.2832E-10 1.5847E-10 1.7527E-10 1.9839E-10 2.2204E-10 2.4324E-10 2.5225E-10 2.6713E-10 2.7646E-10 2.9152E-10 3.0190E-10 3.1207E-10 3.2269E-10 3.3340E-10 3.4401E-10 3.5519E-10 3.6694E-10 3.7829E-10 3.9016E-10 4.0172E-10 4.1362E-10 4.2570E-10 4.3800E-10 4.5017E-10 4.6218E-10 4.7422E-10 4.8682E-10 4.9939E-10 5.1197E-10 5.2408E-10
0.0000E+00 0.0000E+00 0.0000E+00 0.0000E+00 0.0000E+00 0.0000E+00 0.0000E+00 0.0000E+00 0.0000E+00 0.0000E+00 0.0000E+00 0.0000E+00 0.0000E+00 0.0000E+00 0.0000E+00 0.0000E+00 0.0000E+00 0.0000E+00 0.0000E+00 0.0000E+00 0.0000E+00 0.0000E+00 1.8670E-11 3.8195E-11 5.8484E-11 7.9986E-11 1.0604E-10 1.3661E-10 1.6063E-10 1.9017E-10 2.1383E-10 2.3809E-10 2.4709E-10 2.6194E-10 2.7131E-10 2.8639E-10 2.9681E-10 3.0700E-10 3.1775E-10 3.2845E-10 3.3914E-10 3.5070E-10 3.6248E-10 3.7403E-10 3.8599E-10 3.9774E-10 4.1008E-10 4.2235E-10 4.3495E-10 4.4720E-10 4.5958E-10 4.7251E-10 4.8540E-10 4.9839E-10 5.1097E-10 5.2354E-10 5.3608E-10
0.0000E+00 0.0000E+00 0.0000E+00 0.0000E+00 0.0000E+00 0.0000E+00 0.0000E+00 0.0000E+00 0.0000E+00 0.0000E+00 0.0000E+00 0.0000E+00 0.0000E+00 0.0000E+00 0.0000E+00 0.0000E+00 0.0000E+00 0.0000E+00 0.0000E+00 0.0000E+00 0.0000E+00 9.1318E-12 2.8074E-11 4.4843E-11 5.9111E-11 8.7396E-11 1.2051E-10 1.5334E-10 1.7488E-10 1.9807E-10 2.2443E-10 2.4173E-10 2.5651E-10 2.6591E-10 2.8097E-10 2.9139E-10 3.0160E-10 3.1244E-10 3.2314E-10 3.3389E-10 3.4575E-10 3.5744E-10 3.6925E-10 3.8121E-10 3.9344E-10 4.0577E-10 4.1849E-10 4.3110E-10 4.4360E-10 4.5677E-10 4.6990E-10 4.8332E-10 4.9630E-10 5.0932E-10 5.2233E-10 5.3581E-10 5.4935E-10
0.0000E+00 0.0000E+00 0.0000E+00 0.0000E+00 0.0000E+00 0.0000E+00 0.0000E+00 0.0000E+00 0.0000E+00 0.0000E+00 0.0000E+00 0.0000E+00 0.0000E+00 0.0000E+00 0.0000E+00 0.0000E+00 0.0000E+00 0.0000E+00 0.0000E+00 0.0000E+00 0.0000E+00 9.2110E-12 2.8333E-11 4.5299E-11 6.6199E-11 9.4819E-11 1.2185E-10 1.5509E-10 1.8437E-10 2.0838E-10 2.3313E-10 2.5084E-10 2.6027E-10 2.7528E-10 2.8567E-10 2.9590E-10 3.0678E-10 3.1748E-10 3.2826E-10 3.4032E-10 3.5196E-10 3.6398E-10 3.7603E-10 3.8859E-10 4.0101E-10 4.1399E-10 4.2662E-10 4.3980E-10 4.5305E-10 4.6675E-10 4.8016E-10 4.9348E-10 5.0701E-10 5.2102E-10 5.3505E-10 5.4898E-10 5.6256E-10
0.0000E+00 0.0000E+00 0.0000E+00 0.0000E+00 0.0000E+00 0.0000E+00 0.0000E+00 0.0000E+00 0.0000E+00 0.0000E+00 0.0000E+00 0.0000E+00 0.0000E+00 0.0000E+00 0.0000E+00 0.0000E+00 0.0000E+00 0.0000E+00 0.0000E+00 0.0000E+00 0.0000E+00 1.5285E-11 3.4797E-11 5.5167E-11 7.3398E-11 1.0594E-10 1.3502E-10 1.6908E-10 1.9196E-10 2.2394E-10 2.4187E-10 2.5443E-10 2.6936E-10 2.7967E-10 2.8991E-10 3.0078E-10 3.1148E-10 3.2228E-10 3.3446E-10 3.4609E-10 3.5825E-10 3.7053E-10 3.8308E-10 3.9577E-10 4.0877E-10 4.2178E-10 4.3532E-10 4.4888E-10 4.6269E-10 4.7626E-10 4.9013E-10 5.0449E-10 5.1889E-10 5.3329E-10 5.4735E-10 5.6145E-10 5.7554E-10
0.0000E+00 0.0000E+00 0.0000E+00 0.0000E+00 0.0000E+00 0.0000E+00 0.0000E+00 0.0000E+00 0.0000E+00 0.0000E+00 0.0000E+00 0.0000E+00 0.0000E+00 0.0000E+00 0.0000E+00 0.0000E+00 0.0000E+00 0.0000E+00 0.0000E+00 0.0000E+00 0.0000E+00 2.4663E-11 4.1375E-11 6.2128E-11 7.4155E-11 1.1865E-10 1.5171E-10 1.8326E-10 2.0685E-10 2.2710E-10 2.4532E-10 2.6323E-10 2.7340E-10 2.8367E-10 2.9449E-10 3.0519E-10 3.1599E-10 3.2819E-10 3.3982E-10 3.5205E-10 3.6454E-10 3.7705E-10 3.9000E-10 4.0302E-10 4.1647E-10 4.2993E-10 4.4401E-10 4.5784E-10 4.7181E-10 4.8643E-10 5.0103E-10 5.1585E-10 5.3035E-10 5.4493E-10 5.5956E-10 5.7421E-10 5.8925E-10
0.0000E+00 0.0000E+00 0.0000E+00 0.0000E+00 0.0000E+00 0.0000E+00 0.0000E+00 0.0000E+00 0.0000E+00 0.0000E+00 0.0000E+00 0.0000E+00 0.0000E+00 0.0000E+00 0.0000E+00 0.0000E+00 0.0000E+00 0.0000E+00 0.0000E+00 0.0000E+00 5.8491E-12 2.4856E-11 4.1737E-11 6.2712E-11 9.1423E-11 1.1985E-10 1.5327E-10 1.8540E-10 2.1683E-10 2.3561E-10 2.5382E-10 2.6691E-10 2.7720E-10 2.8793E-10 2.9861E-10 3.0940E-10 3.2153E-10 3.3320E-10 3.4546E-10 3.5810E-10 3.7056E-10 3.8368E-10 3.9686E-10 4.1056E-10 4.2423E-10 4.3843E-10 4.5237E-10 4.6701E-10 4.8170E-10 4.9689E-10 5.1174E-10 5.2667E-10 5.4171E-10 5.5681E-10 5.7371E-10 5.9115E-10 6.0661E-10
0.0000E+00 0.0000E+00 0.0000E+00 0.0000E+00 0.0000E+00 0.0000E+00 0.0000E+00 0.0000E+00 0.0000E+00 0.0000E+00 0.0000E+00 0.0000E+00 0.0000E+00 0.0000E+00 0.0000E+00 0.0000E+00 0.0000E+00 0.0000E+00 0.0000E+00 0.0000E+00 9.1230E-12 3.1219E-11 5.1572E-11 6.9855E-11 1.0377E-10 1.3287E-10 1.6698E-10 2.0012E-10 2.2491E-10 2.4401E-10 2.5712E-10 2.7051E-10 2.8109E-10 2.9178E-10 3.0251E-10 3.1453E-10 3.2625E-10 3.3847E-10 3.5121E-10 3.6365E-10 3.7688E-10 3.9030E-10 4.0395E-10 4.1790E-10 4.3209E-10 4.4652E-10 4.6136E-10 4.7649E-10 4.9174E-10 5.0686E-10 5.2217E-10 5.3763E-10 5.5612E-10 5.7339E-10 5.9040E-10 6.0827E-10 6.2442E-10
0.0000E+00 0.0000E+00 0.0000E+00 0.0000E+00 0.0000E+00 0.0000E+00 0.0000E+00 0.0000E+00 0.0000E+00 0.0000E+00 0.0000E+00 0.0000E+00 0.0000E+00 0.0000E+00 0.0000E+00 0.0000E+00 0.0000E+00 0.0000E+00 0.0000E+00 0.0000E+00 1.5139E-11 3.1447E-11 5.8452E-11 7.7109E-11 1.0473E-10 1.4432E-10 1.7571E-10 2.0964E-10 2.2822E-10 2.4693E-10 2.6054E-10 2.7404E-10 2.8473E-10 2.9536E-10 3.0719E-10 3.1898E-10 3.3117E-10 3.4395E-10 3.5636E-10 3.6962E-10 3.8321E-10 3.9678E-10 4.1098E-10 4.2520E-10 4.4010E-10 4.5498E-10 4.7049E-10 4.8577E-10 5.0122E-10 5.1699E-10 5.3595E-10 5.5332E-10 5.7241E-10 5.9025E-10 6.0751E-10 6.2640E-10 6.4500E-10
