Assets/Resources/2015_m01_d21_0300(utc+0800)_l00_csi_1hr_conc.grd
DSAA
         159         159
     -79.000      79.000
     -79.000      79.000
  0.8527E-09  0.3730E-04
[rows 0 to 24 of 159, columns 0 to 56 of 159]
1.3421E-09 1.3600E-09 1.3760E-09 1.3894E-09 1.4079E-09 1.4361E-09 1.4553E-09 1.4768E-09 1.4980E-09 1.5111E-09 1.5300E-09 1.5465E-09 1.5666E-09 1.5805E-09 1.5976E-09 1.6149E-09 1.6333E-09 1.6544E-09 1.6681E-09 1.6831E-09 1.7014E-09 1.7162E-09 1.7259E-09 1.7382E-09 1.7522E-09 1.7627E-09 1.7757E-09 1.7889E-09 1.7985E-09 1.8081E-09 1.8169E-09 1.8307E-09 1.8394E-09 1.8492E-09 1.8551E-09 1.8608E-09 1.8693E-09 1.8759E-09 1.8790E-09 1.8788E-09 1.8814E-09 1.8832E-09 1.8864E-09 1.8891E-09 1.8887E-09 1.8895E-09 1.8911E-09 1.8890E-09 1.8858E-09 1.8864E-09 1.8834E-09 1.8777E-09 1.8751E-09 1.8664E-09 1.8529E-09 1.8464E-09 1.8452E-09
1.3785E-09 1.3951E-09 1.4190E-09 1.4448E-09 1.4703E-09 1.4894E-09 1.5048E-09 1.5213E-09 1.5414E-09 1.5635E-09 1.5778E-09 1.5973E-09 1.6185E-09 1.6420E-09 1.6588E-09 1.6748E-09 1.6959E-09 1.7137E-09 1.7293E-09 1.7450E-09 1.7574E-09 1.7706E-09 1.7900E-09 1.8015E-09 1.8144E-09 1.8287E-09 1.8413E-09 1.8531E-09 1.8652E-09 1.8753E-09 1.8846E-09 1.8951E-09 1.9038E-09 1.9103E-09 1.9164E-09 1.9239E-09 1.9298E-09 1.9348E-09 1.9358E-09 1.9400E-09 1.9426E-09 1.9459E-09 1.9512E-09 1.9494E-09 1.9487E-09 1.9492E-09 1.9507E-09 1.9491E-09 1.9439E-09 1.9427E-09 1.9428E-09 1.9400E-09 1.9378E-09 1.9357E-09 1.9249E-09 1.9207E-09 1.9159E-09
1.4261E-09 1.4530E-09 1.4747E-09 1.4941E-09 1.5117E-09 1.5262E-09 1.5512E-09 1.5717E-09 1.5938E-09 1.6196E-09 1.6417E-09 1.6579E-09 1.6797E-09 1.6956E-09 1.7182E-09 1.7322E-09 1.7504E-09 1.7667E-09 1.7865E-09 1.8024E-09 1.8168E-09 1.8350E-09 1.8510E-09 1.8681E-09 1.8812E-09 1.8910E-09 1.9038E-09 1.9128E-09 1.9266E-09 1.9365E-09 1.9462E-09 1.9558E-09 1.9647E-09 1.9714E-09 1.9778E-09 1.9854E-09 1.9926E-09 1.9995E-09 2.0042E-09 2.0084E-09 2.0126E-09 2.0148E-09 2.0161E-09 2.0204E-09 2.0212E-09 2.0217E-09 2.0229E-09 2.0205E-09 2.0184E-09 2.0176E-09 2.0078E-09 2.0040E-09 1.9992E-09 1.9951E-09 1.9936E-09 1.9825E-09 1.9805E-09
1.4808E-09 1.4962E-09 1.5156E-09 1.5324E-09 1.5584E-09 1.5874E-09 1.6124E-09 1.6372E-09 1.6525E-09 1.6711E-09 1.6926E-09 1.7159E-09 1.7314E-09 1.7536E-09 1.7732E-09 1.7927E-09 1.8120E-09 1.8307E-09 1.8495E-09 1.8684E-09 1.8839E-09 1.8954E-09 1.9150E-09 1.9283E-09 1.9388E-09 1.9557E-09 1.9673E-09 1.9800E-09 1.9891E-09 2.0012E-09 2.0128E-09 2.0207E-09 2.0280E-09 2.0368E-09 2.0456E-09 2.0516E-09 2.0573E-09 2.0596E-09 2.0631E-09 2.0710E-09 2.0748E-09 2.0800E-09 2.0816E-09 2.0848E-09 2.0836E-09 2.0835E-09 2.0853E-09 2.0868E-09 2.0871E-09 2.0860E-09 2.0826E-09 2.0799E-09 2.0747E-09 2.0730E-09 2.0669E-09 2.0536E-09 2.0452E-09
1.5198E-09 1.5420E-09 1.5688E-09 1.5954E-09 1.6235E-09 1.6427E-09 1.6634E-09 1.6813E-09 1.7050E-09 1.7270E-09 1.7506E-09 1.7740E-09 1.7951E-09 1.8171E-09 1.8366E-09 1.8572E-09 1.8775E-09 1.8939E-09 1.9119E-09 1.9280E-09 1.9403E-09 1.9591E-09 1.9725E-09 1.9873E-09 2.0017E-09 2.0123E-09 2.0255E-09 2.0404E-09 2.0515E-09 2.0623E-09 2.0726E-09 2.0825E-09 2.0902E-09 2.1014E-09 2.1081E-09 2.1180E-09 2.1239E-09 2.1292E-09 2.1340E-09 2.1420E-09 2.1513E-09 2.1500E-09 2.1548E-09 2.1543E-09 2.1548E-09 2.1550E-09 2.1533E-09 2.1530E-09 2.1552E-09 2.1537E-09 2.1505E-09 2.1461E-09 2.1434E-09 2.1382E-09 2.1346E-09 2.1293E-09 2.1233E-09
1.5713E-09 1.5996E-09 1.6279E-09 1.6477E-09 1.6649E-09 1.6896E-09 1.7164E-09 1.7420E-09 1.7669E-09 1.7932E-09 1.8164E-09 1.8331E-09 1.8543E-09 1.8762E-09 1.8961E-09 1.9151E-09 1.9325E-09 1.9514E-09 1.9701E-09 1.9851E-09 2.0015E-09 2.0204E-09 2.0343E-09 2.0462E-09 2.0612E-09 2.0774E-09 2.0881E-09 2.1018E-09 2.1169E-09 2.1281E-09 2.1370E-09 2.1472E-09 2.1570E-09 2.1681E-09 2.1751E-09 2.1816E-09 2.1913E-09 2.1968E-09 2.2027E-09 2.2072E-09 2.2112E-09 2.2184E-09 2.2233E-09 2.2297E-09 2.2305E-09 2.2319E-09 2.2332E-09 2.2345E-09 2.2326E-09 2.2308E-09 2.2306E-09 2.2288E-09 2.2148E-09 2.2113E-09 2.2028E-09 2.1998E-09 2.1942E-09
1.6292E-09 1.6497E-09 1.6706E-09 1.6949E-09 1.7307E-09 1.7570E-09 1.7833E-09 1.8027E-09 1.8238E-09 1.8491E-09 1.8703E-09 1.8918E-09 1.9126E-09 1.9360E-09 1.9548E-09 1.9767E-09 1.9915E-09 2.0111E-09 2.0305E-09 2.0456E-09 2.0608E-09 2.0826E-09 2.0954E-09 2.1113E-09 2.1251E-09 2.1402E-09 2.1514E-09 2.1638E-09 2.1758E-09 2.1873E-09 2.1985E-09 2.2072E-09 2.2191E-09 2.2306E-09 2.2379E-09 2.2465E-09 2.2528E-09 2.2603E-09 2.2712E-09 2.2759E-09 2.2820E-09 2.2844E-09 2.2877E-09 2.2923E-09 2.2983E-09 2.2998E-09 2.2995E-09 2.3060E-09 2.3042E-09 2.3005E-09 2.3015E-09 2.2998E-09 2.2964E-09 2.2952E-09 2.2908E-09 2.2841E-09 2.2755E-09
1.6717E-09 1.7062E-09 1.7385E-09 1.7608E-09 1.7881E-09 1.8084E-09 1.8306E-09 1.8573E-09 1.8830E-09 1.9051E-09 1.9338E-09 1.9506E-09 1.9751E-09 1.9949E-09 2.0144E-09 2.0336E-09 2.0508E-09 2.0694E-09 2.0860E-09 2.1040E-09 2.1216E-09 2.1353E-09 2.1522E-09 2.1687E-09 2.1812E-09 2.1950E-09 2.2083E-09 2.2231E-09 2.2337E-09 2.2475E-09 2.2571E-09 2.2699E-09 2.2785E-09 2.2904E-09 2.2999E-09 2.3088E-09 2.3172E-09 2.3231E-09 2.3344E-09 2.3393E-09 2.3435E-09 2.3514E-09 2.3565E-09 2.3611E-09 2.3653E-09 2.3688E-09 2.3719E-09 2.3723E-09 2.3710E-09 2.3729E-09 2.3717E-09 2.3708E-09 2.3684E-09 2.3638E-09 2.3638E-09 2.3621E-09 2.3565E-09
1.7383E-09 1.7627E-09 1.7897E-09 1.8124E-09 1.8369E-09 1.8645E-09 1.8954E-09 1.9214E-09 1.9464E-09 1.9643E-09 1.9872E-09 2.0098E-09 2.0271E-09 2.0476E-09 2.0695E-09 2.0859E-09 2.1055E-09 2.1266E-09 2.1421E-09 2.1589E-09 2.1772E-09 2.1933E-09 2.2071E-09 2.2241E-09 2.2389E-09 2.2533E-09 2.2671E-09 2.2823E-09 2.2952E-09 2.3058E-09 2.3176E-09 2.3309E-09 2.3418E-09 2.3521E-09 2.3600E-09 2.3732E-09 2.3819E-09 2.3901E-09 2.3978E-09 2.4029E-09 2.4114E-09 2.4172E-09 2.4248E-09 2.4276E-09 2.4297E-09 2.4355E-09 2.4387E-09 2.4391E-09 2.4411E-09 2.4423E-09 2.4454E-09 2.4458E-09 2.4434E-09 2.4414E-09 2.4361E-09 2.4364E-09 2.4318E-09
1.7903E-09 1.8140E-09 1.8382E-09 1.8747E-09 1.9035E-09 1.9311E-09 1.9521E-09 1.9711E-09 1.9951E-09 2.0189E-09 2.0392E-09 2.0591E-09 2.0806E-09 2.1001E-09 2.1245E-09 2.1417E-09 2.1603E-09 2.1803E-09 2.1981E-09 2.2156E-09 2.2344E-09 2.2511E-09 2.2655E-09 2.2813E-09 2.2984E-09 2.3133E-09 2.3276E-09 2.3415E-09 2.3548E-09 2.3697E-09 2.3801E-09 2.3919E-09 2.4070E-09 2.4178E-09 2.4260E-09 2.4357E-09 2.4487E-09 2.4573E-09 2.4632E-09 2.4685E-09 2.4794E-09 2.4835E-09 2.4912E-09 2.4962E-09 2.5007E-09 2.5024E-09 2.5078E-09 2.5083E-09 2.5126E-09 2.5119E-09 2.5126E-09 2.5129E-09 2.5159E-09 2.5129E-09 2.5125E-09 2.5083E-09 2.5035E-09
1.8437E-09 1.8767E-09 1.9047E-09 1.9300E-09 1.9537E-09 1.9755E-09 2.0040E-09 2.0239E-09 2.0471E-09 2.0700E-09 2.0910E-09 2.1117E-09 2.1358E-09 2.1560E-09 2.1777E-09 2.1973E-09 2.2165E-09 2.2354E-09 2.2557E-09 2.2738E-09 2.2897E-09 2.3106E-09 2.3256E-09 2.3419E-09 2.3578E-09 2.3751E-09 2.3880E-09 2.4044E-09 2.4163E-09 2.4335E-09 2.4464E-09 2.4587E-09 2.4724E-09 2.4835E-09 2.4942E-09 2.5042E-09 2.5116E-09 2.5245E-09 2.5329E-09 2.5384E-09 2.5476E-09 2.5519E-09 2.5600E-09 2.5652E-09 2.5698E-09 2.5739E-09 2.5774E-09 2.5779E-09 2.5845E-09 2.5870E-09 2.5857E-09 2.5838E-09 2.5890E-09 2.5883E-09 2.5880E-09 2.5859E-09 2.5810E-09
1.9035E-09 1.9282E-09 1.9546E-09 1.9774E-09 2.0054E-09 2.0281E-09 2.0506E-09 2.0765E-09 2.0987E-09 2.1242E-09 2.1461E-09 2.1676E-09 2.1906E-09 2.2116E-09 2.2323E-09 2.2526E-09 2.2743E-09 2.2939E-09 2.3112E-09 2.3318E-09 2.3502E-09 2.3681E-09 2.3854E-09 2.4043E-09 2.4189E-09 2.4368E-09 2.4542E-09 2.4691E-09 2.4836E-09 2.4974E-09 2.5127E-09 2.5255E-09 2.5377E-09 2.5493E-09 2.5624E-09 2.5729E-09 2.5829E-09 2.5922E-09 2.6009E-09 2.6111E-09 2.6188E-09 2.6256E-09 2.6319E-09 2.6373E-09 2.6446E-09 2.6467E-09 2.6525E-09 2.6564E-09 2.6566E-09 2.6636E-09 2.6647E-09 2.6652E-09 2.6660E-09 2.6629E-09 2.6649E-09 2.6629E-09 2.6578E-09
1.9529E-09 1.9752E-09 2.0058E-09 2.0296E-09 2.0516E-09 2.0804E-09 2.1038E-09 2.1288E-09 2.1536E-09 2.1765E-09 2.1991E-09 2.2232E-09 2.2452E-09 2.2670E-09 2.2901E-09 2.3112E-09 2.3300E-09 2.3521E-09 2.3720E-09 2.3914E-09 2.4104E-09 2.4309E-09 2.4470E-09 2.4685E-09 2.4856E-09 2.5002E-09 2.5182E-09 2.5337E-09 2.5527E-09 2.5652E-09 2.5769E-09 2.5943E-09 2.6070E-09 2.6191E-09 2.6330E-09 2.6421E-09 2.6545E-09 2.6644E-09 2.6737E-09 2.6865E-09 2.6925E-09 2.6974E-09 2.7085E-09 2.7144E-09 2.7195E-09 2.7249E-09 2.7288E-09 2.7352E-09 2.7379E-09 2.7374E-09 2.7444E-09 2.7460E-09 2.7436E-09 2.7405E-09 2.7367E-09 2.7343E-09 2.7291E-09
1.9952E-09 2.0268E-09 2.0516E-09 2.0798E-09 2.1043E-09 2.1323E-09 2.1566E-09 2.1807E-09 2.2064E-09 2.2318E-09 2.2535E-09 2.2784E-09 2.3012E-09 2.3237E-09 2.3459E-09 2.3695E-09 2.3909E-09 2.4119E-09 2.4325E-09 2.4546E-09 2.4724E-09 2.4935E-09 2.5142E-09 2.5305E-09 2.5522E-09 2.5674E-09 2.5881E-09 2.6023E-09 2.6178E-09 2.6349E-09 2.6493E-09 2.6631E-09 2.6786E-09 2.6916E-09 2.7060E-09 2.7155E-09 2.7289E-09 2.7415E-09 2.7491E-09 2.7605E-09 2.7690E-09 2.7788E-09 2.7835E-09 2.7929E-09 2.7984E-09 2.8066E-09 2.8083E-09 2.8118E-09 2.8182E-09 2.8213E-09 2.8203E-09 2.8211E-09 2.8185E-09 2.8153E-09 2.8113E-09 2.8064E-09 2.8004E-09
2.0489E-09 2.0729E-09 2.1038E-09 2.1294E-09 2.1567E-09 2.1838E-09 2.2107E-09 2.2340E-09 2.2605E-09 2.2868E-09 2.3092E-09 2.3350E-09 2.3586E-09 2.3819E-09 2.4049E-09 2.4274E-09 2.4515E-09 2.4733E-09 2.4946E-09 2.5174E-09 2.5398E-09 2.5578E-09 2.5792E-09 2.5982E-09 2.6166E-09 2.6365E-09 2.6538E-09 2.6727E-09 2.6889E-09 2.7045E-09 2.7217E-09 2.7365E-09 2.7529E-09 2.7644E-09 2.7795E-09 2.7941E-09 2.8059E-09 2.8168E-09 2.8297E-09 2.8393E-09 2.8458E-09 2.8594E-09 2.8645E-09 2.8713E-09 2.8805E-09 2.8858E-09 2.8913E-09 2.8962E-09 2.8994E-09 2.8992E-09 2.8982E-09 2.8962E-09 2.8939E-09 2.8903E-09 2.8862E-09 2.8807E-09 2.8750E-09
2.0988E-09 2.1254E-09 2.1556E-09 2.1822E-09 2.2085E-09 2.2366E-09 2.2626E-09 2.2885E-09 2.3159E-09 2.3413E-09 2.3663E-09 2.3930E-09 2.4175E-09 2.4397E-09 2.4672E-09 2.4907E-09 2.5117E-09 2.5362E-09 2.5583E-09 2.5819E-09 2.6031E-09 2.6258E-09 2.6460E-09 2.6656E-09 2.6868E-09 2.7054E-09 2.7255E-09 2.7408E-09 2.7619E-09 2.7784E-09 2.7966E-09 2.8120E-09 2.8247E-09 2.8412E-09 2.8572E-09 2.8702E-09 2.8825E-09 2.8945E-09 2.9078E-09 2.9178E-09 2.9282E-09 2.9394E-09 2.9482E-09 2.9552E-09 2.9590E-09 2.9717E-09 2.9743E-09 2.9760E-09 2.9768E-09 2.9767E-09 2.9757E-09 2.9740E-09 2.9714E-09 2.9678E-09 2.9634E-09 2.9579E-09 2.9519E-09
2.1463E-09 2.1775E-09 2.2051E-09 2.2343E-09 2.2616E-09 2.2888E-09 2.3175E-09 2.3443E-09 2.3708E-09 2.4007E-09 2.4249E-09 2.4505E-09 2.4777E-09 2.5027E-09 2.5274E-09 2.5535E-09 2.5773E-09 2.6007E-09 2.6256E-09 2.6480E-09 2.6700E-09 2.6915E-09 2.7165E-09 2.7349E-09 2.7568E-09 2.7761E-09 2.7990E-09 2.8151E-09 2.8329E-09 2.8545E-09 2.8695E-09 2.8901E-09 2.9061E-09 2.9191E-09 2.9356E-09 2.9495E-09 2.9651E-09 2.9775E-09 2.9897E-09 3.0006E-09 3.0107E-09 3.0233E-09 3.0293E-09 3.0438E-09 3.0483E-09 3.0521E-09 3.0549E-09 3.0568E-09 3.0576E-09 3.0576E-09 3.0567E-09 3.0546E-09 3.0520E-09 3.0485E-09 3.0439E-09 3.0381E-09 3.0319E-09
2.2003E-09 2.2272E-09 2.2592E-09 2.2877E-09 2.3159E-09 2.3458E-09 2.3737E-09 2.3995E-09 2.4307E-09 2.4579E-09 2.4829E-09 2.5132E-09 2.5394E-09 2.5634E-09 2.5908E-09 2.6159E-09 2.6425E-09 2.6667E-09 2.6905E-09 2.7158E-09 2.7406E-09 2.7629E-09 2.7847E-09 2.8079E-09 2.8286E-09 2.8508E-09 2.8681E-09 2.8938E-09 2.9104E-09 2.9289E-09 2.9488E-09 2.9660E-09 2.9849E-09 2.9983E-09 3.0182E-09 3.0329E-09 3.0442E-09 3.0604E-09 3.0726E-09 3.0877E-09 3.0984E-09 3.1091E-09 3.1197E-09 3.1258E-09 3.1308E-09 3.1346E-09 3.1373E-09 3.1393E-09 3.1405E-09 3.1405E-09 3.1396E-09 3.1379E-09 3.1349E-09 3.1314E-09 3.1268E-09 3.1219E-09 3.1157E-09
2.2519E-09 2.2815E-09 2.3110E-09 2.3422E-09 2.3714E-09 2.4005E-09 2.4311E-09 2.4598E-09 2.4882E-09 2.5163E-09 2.5460E-09 2.5735E-09 2.6006E-09 2.6274E-09 2.6557E-09 2.6837E-09 2.7073E-09 2.7343E-09 2.7610E-09 2.7852E-09 2.8088E-09 2.8340E-09 2.8587E-09 2.8807E-09 2.9022E-09 2.9273E-09 2.9481E-09 2.9660E-09 2.9881E-09 3.0095E-09 3.0303E-09 3.0461E-09 3.0656E-09 3.0825E-09 3.0987E-09 3.1172E-09 3.1293E-09 3.1457E-09 3.1623E-09 3.1720E-09 3.1880E-09 3.1966E-09 3.2041E-09 3.2100E-09 3.2150E-09 3.2192E-09 3.2225E-09 3.2247E-09 3.2257E-09 3.2258E-09 3.2251E-09 3.2232E-09 3.2204E-09 3.2170E-09 3.2129E-09 3.2076E-09 3.2099E-09
2.3028E-09 2.3334E-09 2.3657E-09 2.3961E-09 2.4263E-09 2.4581E-09 2.4880E-09 2.5176E-09 2.5469E-09 2.5798E-09 2.6067E-09 2.6351E-09 2.6651E-09 2.6928E-09 2.7221E-09 2.7490E-09 2.7775E-09 2.8036E-09 2.8291E-09 2.8562E-09 2.8807E-09 2.9068E-09 2.9324E-09 2.9532E-09 2.9798E-09 3.0019E-09 3.0256E-09 3.0448E-09 3.0699E-09 3.0899E-09 3.1073E-09 3.1309E-09 3.1492E-09 3.1671E-09 3.1848E-09 3.2008E-09 3.2198E-09 3.2345E-09 3.2495E-09 3.2638E-09 3.2740E-09 3.2828E-09 3.2902E-09 3.2969E-09 3.3026E-09 3.3070E-09 3.3104E-09 3.3128E-09 3.3141E-09 3.3144E-09 3.3132E-09 3.3115E-09 3.3093E-09 3.3062E-09 3.3103E-09 3.3050E-09 3.2987E-09
2.3566E-09 2.3882E-09 2.4215E-09 2.4529E-09 2.4841E-09 2.5170E-09 2.5479E-09 2.5766E-09 2.6107E-09 2.6408E-09 2.6686E-09 2.7019E-09 2.7310E-09 2.7597E-09 2.7880E-09 2.8199E-09 2.8474E-09 2.8743E-09 2.9008E-09 2.9289E-09 2.9564E-09 2.9814E-09 3.0057E-09 3.0316E-09 3.0574E-09 3.0805E-09 3.1033E-09 3.1300E-09 3.1491E-09 3.1704E-09 3.1932E-09 3.2130E-09 3.2325E-09 3.2516E-09 3.2717E-09 3.2922E-09 3.3061E-09 3.3228E-09 3.3388E-09 3.3503E-09 3.3605E-09 3.3695E-09 3.3778E-09 3.3851E-09 3.3907E-09 3.3952E-09 3.3987E-09 3.4012E-09 3.4026E-09 3.4030E-09 3.4029E-09 3.4022E-09 3.3998E-09 3.4053E-09 3.4013E-09 3.3969E-09 3.3914E-09
2.4096E-09 2.4441E-09 2.4767E-09 2.5090E-09 2.5431E-09 2.5753E-09 2.6052E-09 2.6406E-09 2.6721E-09 2.7031E-09 2.7358E-09 2.7663E-09 2.7964E-09 2.8260E-09 2.8593E-09 2.8882E-09 2.9166E-09 2.9446E-09 2.9741E-09 3.0032E-09 3.0296E-09 3.0576E-09 3.0850E-09 3.1102E-09 3.1348E-09 3.1635E-09 3.1873E-09 3.2079E-09 3.2307E-09 3.2574E-09 3.2787E-09 3.2974E-09 3.3206E-09 3.3422E-09 3.3619E-09 3.3811E-09 3.3961E-09 3.4134E-09 3.4264E-09 3.4383E-09 3.4488E-09 3.4587E-09 3.4672E-09 3.4743E-09 3.4803E-09 3.4852E-09 3.4889E-09 3.4916E-09 3.4933E-09 3.4947E-09 3.4951E-09 3.5025E-09 3.5005E-09 3.4981E-09 3.4949E-09 3.4899E-09 3.4838E-09
2.4655E-09 2.4992E-09 2.5346E-09 2.5681E-09 2.6015E-09 2.6327E-09 2.6694E-09 2.7022E-09 2.7345E-09 2.7686E-09 2.8005E-09 2.8319E-09 2.8650E-09 2.8978E-09 2.9281E-09 2.9600E-09 2.9916E-09 3.0185E-09 3.0490E-09 3.0791E-09 3.1065E-09 3.1355E-09 3.1643E-09 3.1883E-09 3.2185E-09 3.2439E-09 3.2684E-09 3.2904E-09 3.3188E-09 3.3416E-09 3.3618E-09 3.3867E-09 3.4100E-09 3.4313E-09 3.4524E-09 3.4724E-09 3.4877E-09 3.5024E-09 3.5159E-09 3.5282E-09 3.5395E-09 3.5496E-09 3.5584E-09 3.5659E-09 3.5724E-09 3.5775E-09 3.5816E-09 3.5847E-09 3.5876E-09 3.5890E-09 3.5978E-09 3.5972E-09 3.5963E-09 3.5941E-09 3.5902E-09 3.5851E-09 3.5796E-09
2.5206E-09 2.5571E-09 2.5919E-09 2.6265E-09 2.6589E-09 2.6989E-09 2.7310E-09 2.7647E-09 2.8022E-09 2.8335E-09 2.8663E-09 2.9008E-09 2.9351E-09 2.9669E-09 3.0003E-09 3.0333E-09 3.0618E-09 3.0938E-09 3.1255E-09 3.1545E-09 3.1872E-09 3.2154E-09 3.2410E-09 3.2727E-09 3.2998E-09 3.3260E-09 3.3495E-09 3.3819E-09 3.4040E-09 3.4257E-09 3.4548E-09 3.4773E-09 3.5004E-09 3.5234E-09 3.5448E-09 3.5618E-09 3.5783E-09 3.5935E-09 3.6073E-09 3.6204E-09 3.6321E-09 3.6425E-09 3.6518E-09 3.6597E-09 3.6666E-09 3.6722E-09 3.6769E-09 3.6813E-09 3.6839E-09 3.6942E-09 3.6953E-09 3.6958E-09 3.6945E-09 3.6918E-09 3.6884E-09 3.6847E-09 3.6805E-09
2.5784E-09 2.6162E-09 2.6502E-09 2.6839E-09 2.7252E-09 2.7587E-09 2.7918E-09 2.8325E-09 2.8652E-09 2.8995E-09 2.9375E-09 2.9712E-09 3.0045E-09 3.0374E-09 3.0740E-09 3.1061E-09 3.1376E-09 3.1709E-09 3.2015E-09 3.2359E-09 3.2656E-09 3.2951E-09 3.3260E-09 3.3549E-09 3.3828E-09 3.4077E-09 3.4420E-09 3.4657E-09 3.4889E-09 3.5223E-09 3.5441E-09 3.5689E-09 3.5937E-09 3.6167E-09 3.6353E-09 3.6538E-09 3.6707E-09 3.6862E-09 3.7010E-09 3.7144E-09 3.7266E-09 3.7375E-09 3.7474E-09 3.7559E-09 3.7632E-09 3.7698E-09 3.7757E-09 3.7796E-09 3.7914E-09 3.7943E-09 3.7962E-09 3.7961E-09 3.7948E-09 3.7932E-09 3.7914E-09 3.7882E-09 3.7828E-09
