Assets/Resources/2015_m01_d04_1900(utc+0800)_l00_csi_1hr_conc.grd
DSAA
         159         159
     -79.000      79.000
     -79.000      79.000
  0.3063E-09  0.1208E-04
[rows 100 to 124 of 159, columns 0 to 56 of 159]
1.8459E-09 1.8964E-09 1.9465E-09 1.9959E-09 2.0445E-09 2.0924E-09 2.1397E-09 2.1873E-09 2.2347E-09 2.2824E-09 2.3306E-09 2.3800E-09 2.4291E-09 2.4786E-09 2.5264E-09 2.5727E-09 2.6184E-09 2.6626E-09 2.7041E-09 2.7443E-09 2.7820E-09 2.8174E-09 2.8500E-09 2.8813E-09 2.9096E-09 2.9359E-09 2.9599E-09 2.9818E-09 3.0013E-09 3.0185E-09 3.0333E-09 3.0457E-09 3.0556E-09 3.0631E-09 3.0684E-09 3.0714E-09 3.0721E-09 3.0708E-09 3.0677E-09 3.0627E-09 3.0558E-09 3.0472E-09 3.0368E-09 3.0249E-09 3.0106E-09 2.9958E-09 2.9795E-09 2.9602E-09 2.9415E-09 2.9208E-09 2.8979E-09 2.8760E-09 2.8514E-09 2.8268E-09 2.8012E-09 2.7741E-09 2.7472E-09
1.7791E-09 1.8280E-09 1.8764E-09 1.9242E-09 1.9714E-09 2.0177E-09 2.0634E-09 2.1098E-09 2.1552E-09 2.2008E-09 2.2466E-09 2.2936E-09 2.3400E-09 2.3877E-09 2.4327E-09 2.4788E-09 2.5234E-09 2.5664E-09 2.6061E-09 2.6459E-09 2.6837E-09 2.7181E-09 2.7514E-09 2.7834E-09 2.8126E-09 2.8398E-09 2.8650E-09 2.8876E-09 2.9079E-09 2.9261E-09 2.9420E-09 2.9556E-09 2.9669E-09 2.9759E-09 2.9826E-09 2.9872E-09 2.9896E-09 2.9900E-09 2.9885E-09 2.9850E-09 2.9798E-09 2.9727E-09 2.9640E-09 2.9530E-09 2.9412E-09 2.9272E-09 2.9117E-09 2.8958E-09 2.8770E-09 2.8577E-09 2.8377E-09 2.8165E-09 2.7931E-09 2.7702E-09 2.7463E-09 2.7215E-09 2.6960E-09
1.7196E-09 1.7668E-09 1.8137E-09 1.8602E-09 1.9059E-09 1.9510E-09 1.9953E-09 2.0389E-09 2.0826E-09 2.1262E-09 2.1698E-09 2.2140E-09 2.2581E-09 2.3030E-09 2.3466E-09 2.3903E-09 2.4335E-09 2.4748E-09 2.5145E-09 2.5526E-09 2.5899E-09 2.6248E-09 2.6577E-09 2.6898E-09 2.7191E-09 2.7457E-09 2.7712E-09 2.7948E-09 2.8158E-09 2.8361E-09 2.8536E-09 2.8689E-09 2.8814E-09 2.8916E-09 2.8996E-09 2.9055E-09 2.9093E-09 2.9112E-09 2.9111E-09 2.9091E-09 2.9053E-09 2.8991E-09 2.8919E-09 2.8832E-09 2.8722E-09 2.8597E-09 2.8460E-09 2.8308E-09 2.8143E-09 2.7969E-09 2.7774E-09 2.7575E-09 2.7369E-09 2.7154E-09 2.6929E-09 2.6686E-09 2.6446E-09
1.6597E-09 1.7054E-09 1.7509E-09 1.7959E-09 1.8403E-09 1.8841E-09 1.9288E-09 1.9712E-09 2.0130E-09 2.0549E-09 2.0968E-09 2.1387E-09 2.1810E-09 2.2242E-09 2.2670E-09 2.3074E-09 2.3497E-09 2.3898E-09 2.4277E-09 2.4651E-09 2.5018E-09 2.5360E-09 2.5687E-09 2.6005E-09 2.6290E-09 2.6564E-09 2.6820E-09 2.7060E-09 2.7280E-09 2.7481E-09 2.7664E-09 2.7826E-09 2.7961E-09 2.8073E-09 2.8165E-09 2.8242E-09 2.8305E-09 2.8343E-09 2.8355E-09 2.8349E-09 2.8319E-09 2.8278E-09 2.8215E-09 2.8135E-09 2.8047E-09 2.7938E-09 2.7815E-09 2.7671E-09 2.7523E-09 2.7362E-09 2.7188E-09 2.7007E-09 2.6806E-09 2.6612E-09 2.6392E-09 2.6174E-09 2.5947E-09
1.6065E-09 1.6508E-09 1.6949E-09 1.7386E-09 1.7818E-09 1.8244E-09 1.8663E-09 1.9074E-09 1.9479E-09 1.9882E-09 2.0283E-09 2.0685E-09 2.1088E-09 2.1492E-09 2.1905E-09 2.2304E-09 2.2703E-09 2.3094E-09 2.3472E-09 2.3837E-09 2.4181E-09 2.4519E-09 2.4841E-09 2.5154E-09 2.5438E-09 2.5712E-09 2.5969E-09 2.6209E-09 2.6432E-09 2.6638E-09 2.6825E-09 2.6994E-09 2.7137E-09 2.7260E-09 2.7368E-09 2.7456E-09 2.7530E-09 2.7574E-09 2.7598E-09 2.7605E-09 2.7594E-09 2.7566E-09 2.7516E-09 2.7456E-09 2.7381E-09 2.7284E-09 2.7177E-09 2.7055E-09 2.6920E-09 2.6766E-09 2.6608E-09 2.6439E-09 2.6258E-09 2.6071E-09 2.5874E-09 2.5668E-09 2.5456E-09
1.5463E-09 1.5890E-09 1.6316E-09 1.6739E-09 1.7237E-09 1.7676E-09 1.8085E-09 1.8486E-09 1.8879E-09 1.9239E-09 1.9627E-09 2.0012E-09 2.0398E-09 2.0812E-09 2.1199E-09 2.1583E-09 2.1962E-09 2.2342E-09 2.2701E-09 2.3059E-09 2.3403E-09 2.3734E-09 2.4043E-09 2.4346E-09 2.4634E-09 2.4906E-09 2.5162E-09 2.5395E-09 2.5620E-09 2.5828E-09 2.6020E-09 2.6194E-09 2.6343E-09 2.6474E-09 2.6598E-09 2.6695E-09 2.6774E-09 2.6828E-09 2.6864E-09 2.6882E-09 2.6882E-09 2.6867E-09 2.6835E-09 2.6799E-09 2.6731E-09 2.6649E-09 2.6553E-09 2.6443E-09 2.6323E-09 2.6189E-09 2.6044E-09 2.5881E-09 2.5715E-09 2.5548E-09 2.5363E-09 2.5171E-09 2.4960E-09
1.4995E-09 1.5410E-09 1.5824E-09 1.6235E-09 1.6643E-09 1.7047E-09 1.7444E-09 1.7835E-09 1.8218E-09 1.8595E-09 1.8967E-09 1.9339E-09 1.9710E-09 2.0079E-09 2.0447E-09 2.0843E-09 2.1233E-09 2.1614E-09 2.1989E-09 2.2329E-09 2.2665E-09 2.2981E-09 2.3293E-09 2.3591E-09 2.3875E-09 2.4138E-09 2.4385E-09 2.4626E-09 2.4850E-09 2.5060E-09 2.5254E-09 2.5425E-09 2.5579E-09 2.5723E-09 2.5848E-09 2.5961E-09 2.6042E-09 2.6106E-09 2.6151E-09 2.6180E-09 2.6191E-09 2.6198E-09 2.6184E-09 2.6148E-09 2.6098E-09 2.6028E-09 2.5944E-09 2.5848E-09 2.5738E-09 2.5624E-09 2.5485E-09 2.5342E-09 2.5188E-09 2.5026E-09 2.4861E-09 2.4671E-09 2.4491E-09
1.4549E-09 1.4952E-09 1.5354E-09 1.5754E-09 1.6152E-09 1.6545E-09 1.6933E-09 1.7315E-09 1.7690E-09 1.8057E-09 1.8417E-09 1.8776E-09 1.9133E-09 1.9488E-09 1.9843E-09 2.0196E-09 2.0547E-09 2.0917E-09 2.1254E-09 2.1607E-09 2.1951E-09 2.2283E-09 2.2580E-09 2.2865E-09 2.3146E-09 2.3412E-09 2.3666E-09 2.3905E-09 2.4122E-09 2.4325E-09 2.4513E-09 2.4694E-09 2.4858E-09 2.5007E-09 2.5139E-09 2.5246E-09 2.5335E-09 2.5407E-09 2.5462E-09 2.5499E-09 2.5533E-09 2.5550E-09 2.5540E-09 2.5515E-09 2.5470E-09 2.5417E-09 2.5351E-09 2.5266E-09 2.5167E-09 2.5058E-09 2.4944E-09 2.4812E-09 2.4672E-09 2.4521E-09 2.4359E-09 2.4197E-09 2.4012E-09
1.4035E-09 1.4425E-09 1.4814E-09 1.5202E-09 1.5588E-09 1.5970E-09 1.6349E-09 1.6721E-09 1.7088E-09 1.7447E-09 1.7799E-09 1.8145E-09 1.8489E-09 1.8858E-09 1.9223E-09 1.9587E-09 1.9949E-09 2.0282E-09 2.0609E-09 2.0929E-09 2.1261E-09 2.1561E-09 2.1875E-09 2.2176E-09 2.2465E-09 2.2722E-09 2.2965E-09 2.3194E-09 2.3418E-09 2.3627E-09 2.3823E-09 2.4005E-09 2.4166E-09 2.4312E-09 2.4442E-09 2.4556E-09 2.4652E-09 2.4737E-09 2.4812E-09 2.4865E-09 2.4895E-09 2.4910E-09 2.4910E-09 2.4895E-09 2.4866E-09 2.4823E-09 2.4767E-09 2.4692E-09 2.4611E-09 2.4518E-09 2.4409E-09 2.4295E-09 2.4157E-09 2.4024E-09 2.3881E-09 2.3716E-09 2.3530E-09
1.3641E-09 1.4020E-09 1.4398E-09 1.4776E-09 1.5152E-09 1.5526E-09 1.5895E-09 1.6260E-09 1.6618E-09 1.6970E-09 1.7314E-09 1.7652E-09 1.7985E-09 1.8315E-09 1.8642E-09 1.8992E-09 1.9339E-09 1.9660E-09 2.0000E-09 2.0332E-09 2.0635E-09 2.0927E-09 2.1208E-09 2.1480E-09 2.1764E-09 2.2036E-09 2.2296E-09 2.2545E-09 2.2759E-09 2.2961E-09 2.3150E-09 2.3325E-09 2.3495E-09 2.3649E-09 2.3790E-09 2.3915E-09 2.4018E-09 2.4104E-09 2.4173E-09 2.4227E-09 2.4265E-09 2.4288E-09 2.4297E-09 2.4291E-09 2.4271E-09 2.4254E-09 2.4208E-09 2.4149E-09 2.4073E-09 2.3991E-09 2.3892E-09 2.3781E-09 2.3667E-09 2.3531E-09 2.3399E-09 2.3233E-09 2.3077E-09
1.3264E-09 1.3631E-09 1.4000E-09 1.4368E-09 1.4735E-09 1.5099E-09 1.5460E-09 1.5816E-09 1.6167E-09 1.6512E-09 1.6850E-09 1.7180E-09 1.7503E-09 1.7824E-09 1.8141E-09 1.8454E-09 1.8766E-09 1.9074E-09 1.9402E-09 1.9725E-09 2.0017E-09 2.0323E-09 2.0621E-09 2.0887E-09 2.1143E-09 2.1388E-09 2.1622E-09 2.1865E-09 2.2077E-09 2.2297E-09 2.2505E-09 2.2701E-09 2.2864E-09 2.3014E-09 2.3151E-09 2.3273E-09 2.3380E-09 2.3478E-09 2.3560E-09 2.3627E-09 2.3678E-09 2.3709E-09 2.3725E-09 2.3728E-09 2.3716E-09 2.3692E-09 2.3654E-09 2.3605E-09 2.3543E-09 2.3464E-09 2.3380E-09 2.3286E-09 2.3175E-09 2.3062E-09 2.2916E-09 2.2779E-09 2.2617E-09
1.2902E-09 1.3259E-09 1.3617E-09 1.3976E-09 1.4334E-09 1.4689E-09 1.5042E-09 1.5391E-09 1.5734E-09 1.6072E-09 1.6403E-09 1.6727E-09 1.7044E-09 1.7355E-09 1.7662E-09 1.7967E-09 1.8268E-09 1.8566E-09 1.8861E-09 1.9151E-09 1.9433E-09 1.9732E-09 2.0021E-09 2.0280E-09 2.0551E-09 2.0813E-09 2.1043E-09 2.1263E-09 2.1471E-09 2.1668E-09 2.1853E-09 2.2026E-09 2.2208E-09 2.2378E-09 2.2535E-09 2.2679E-09 2.2791E-09 2.2888E-09 2.2969E-09 2.3036E-09 2.3087E-09 2.3125E-09 2.3148E-09 2.3158E-09 2.3160E-09 2.3154E-09 2.3131E-09 2.3089E-09 2.3031E-09 2.2967E-09 2.2886E-09 2.2801E-09 2.2685E-09 2.2575E-09 2.2461E-09 2.2318E-09 2.2183E-09
1.2524E-09 1.2870E-09 1.3218E-09 1.3567E-09 1.3916E-09 1.4262E-09 1.4607E-09 1.4948E-09 1.5284E-09 1.5615E-09 1.5941E-09 1.6259E-09 1.6569E-09 1.6872E-09 1.7181E-09 1.7485E-09 1.7785E-09 1.8074E-09 1.8367E-09 1.8649E-09 1.8925E-09 1.9193E-09 1.9454E-09 1.9706E-09 1.9970E-09 2.0204E-09 2.0450E-09 2.0686E-09 2.0911E-09 2.1107E-09 2.1290E-09 2.1463E-09 2.1624E-09 2.1773E-09 2.1912E-09 2.2038E-09 2.2151E-09 2.2269E-09 2.2391E-09 2.2481E-09 2.2538E-09 2.2582E-09 2.2612E-09 2.2628E-09 2.2632E-09 2.2622E-09 2.2601E-09 2.2567E-09 2.2522E-09 2.2466E-09 2.2400E-09 2.2304E-09 2.2217E-09 2.2126E-09 2.1998E-09 2.1861E-09 2.1721E-09
1.2195E-09 1.2532E-09 1.2870E-09 1.3210E-09 1.3550E-09 1.3889E-09 1.4225E-09 1.4559E-09 1.4888E-09 1.5213E-09 1.5532E-09 1.5845E-09 1.6150E-09 1.6448E-09 1.6739E-09 1.7026E-09 1.7317E-09 1.7596E-09 1.7881E-09 1.8162E-09 1.8438E-09 1.8701E-09 1.8956E-09 1.9202E-09 1.9440E-09 1.9670E-09 1.9889E-09 2.0099E-09 2.0321E-09 2.0531E-09 2.0712E-09 2.0902E-09 2.1081E-09 2.1231E-09 2.1370E-09 2.1497E-09 2.1612E-09 2.1715E-09 2.1805E-09 2.1880E-09 2.1942E-09 2.1991E-09 2.2026E-09 2.2065E-09 2.2107E-09 2.2121E-09 2.2106E-09 2.2080E-09 2.2042E-09 2.1994E-09 2.1918E-09 2.1849E-09 2.1754E-09 2.1666E-09 2.1547E-09 2.1426E-09 2.1313E-09
1.1872E-09 1.2206E-09 1.2536E-09 1.2866E-09 1.3198E-09 1.3529E-09 1.3858E-09 1.4184E-09 1.4507E-09 1.4825E-09 1.5139E-09 1.5446E-09 1.5746E-09 1.6039E-09 1.6324E-09 1.6604E-09 1.6879E-09 1.7151E-09 1.7418E-09 1.7690E-09 1.7959E-09 1.8214E-09 1.8470E-09 1.8720E-09 1.8953E-09 1.9177E-09 1.9393E-09 1.9600E-09 1.9797E-09 1.9986E-09 2.0164E-09 2.0332E-09 2.0490E-09 2.0656E-09 2.0812E-09 2.0958E-09 2.1092E-09 2.1197E-09 2.1290E-09 2.1370E-09 2.1436E-09 2.1489E-09 2.1529E-09 2.1557E-09 2.1572E-09 2.1575E-09 2.1567E-09 2.1547E-09 2.1516E-09 2.1475E-09 2.1423E-09 2.1361E-09 2.1318E-09 2.1204E-09 2.1115E-09 2.0998E-09 2.0878E-09
1.1548E-09 1.1865E-09 1.2185E-09 1.2507E-09 1.2830E-09 1.3152E-09 1.3474E-09 1.3793E-09 1.4109E-09 1.4421E-09 1.4729E-09 1.5030E-09 1.5326E-09 1.5615E-09 1.5895E-09 1.6177E-09 1.6446E-09 1.6718E-09 1.6985E-09 1.7249E-09 1.7501E-09 1.7749E-09 1.8000E-09 1.8243E-09 1.8470E-09 1.8698E-09 1.8917E-09 1.9120E-09 1.9315E-09 1.9501E-09 1.9676E-09 1.9843E-09 1.9999E-09 2.0146E-09 2.0282E-09 2.0409E-09 2.0525E-09 2.0630E-09 2.0742E-09 2.0842E-09 2.0945E-09 2.1002E-09 2.1047E-09 2.1080E-09 2.1100E-09 2.1109E-09 2.1106E-09 2.1092E-09 2.1068E-09 2.1032E-09 2.0987E-09 2.0914E-09 2.0850E-09 2.0776E-09 2.0676E-09 2.0586E-09 2.0470E-09
1.1135E-09 1.1485E-09 1.1839E-09 1.2178E-09 1.2507E-09 1.2822E-09 1.3136E-09 1.3448E-09 1.3758E-09 1.4064E-09 1.4366E-09 1.4662E-09 1.4953E-09 1.5237E-09 1.5514E-09 1.5783E-09 1.6046E-09 1.6303E-09 1.6564E-09 1.6820E-09 1.7065E-09 1.7314E-09 1.7557E-09 1.7787E-09 1.8010E-09 1.8232E-09 1.8439E-09 1.8646E-09 1.8844E-09 1.9033E-09 1.9207E-09 1.9372E-09 1.9527E-09 1.9672E-09 1.9808E-09 1.9934E-09 2.0051E-09 2.0157E-09 2.0252E-09 2.0337E-09 2.0410E-09 2.0470E-09 2.0519E-09 2.0555E-09 2.0580E-09 2.0624E-09 2.0658E-09 2.0649E-09 2.0630E-09 2.0601E-09 2.0546E-09 2.0497E-09 2.0423E-09 2.0356E-09 2.0280E-09 2.0181E-09 2.0089E-09
1.0802E-09 1.1097E-09 1.1396E-09 1.1697E-09 1.1999E-09 1.2335E-09 1.2698E-09 1.3053E-09 1.3392E-09 1.3692E-09 1.3988E-09 1.4279E-09 1.4565E-09 1.4845E-09 1.5118E-09 1.5384E-09 1.5635E-09 1.5894E-09 1.6141E-09 1.6397E-09 1.6642E-09 1.6882E-09 1.7127E-09 1.7359E-09 1.7576E-09 1.7794E-09 1.7997E-09 1.8192E-09 1.8379E-09 1.8565E-09 1.8742E-09 1.8911E-09 1.9065E-09 1.9216E-09 1.9351E-09 1.9476E-09 1.9592E-09 1.9699E-09 1.9795E-09 1.9882E-09 1.9957E-09 2.0021E-09 2.0073E-09 2.0113E-09 2.0142E-09 2.0160E-09 2.0167E-09 2.0163E-09 2.0149E-09 2.0125E-09 2.0091E-09 2.0048E-09 1.9996E-09 1.9934E-09 1.9878E-09 1.9801E-09 1.9702E-09
1.0553E-09 1.0841E-09 1.1132E-09 1.1425E-09 1.1721E-09 1.2017E-09 1.2314E-09 1.2610E-09 1.2905E-09 1.3197E-09 1.3486E-09 1.3770E-09 1.4050E-09 1.4325E-09 1.4593E-09 1.4885E-09 1.5140E-09 1.5387E-09 1.5629E-09 1.5866E-09 1.6110E-09 1.6340E-09 1.6587E-09 1.6838E-09 1.7087E-09 1.7327E-09 1.7552E-09 1.7760E-09 1.7954E-09 1.8129E-09 1.8297E-09 1.8457E-09 1.8607E-09 1.8757E-09 1.8897E-09 1.9027E-09 1.9143E-09 1.9256E-09 1.9353E-09 1.9441E-09 1.9518E-09 1.9584E-09 1.9639E-09 1.9683E-09 1.9716E-09 1.9738E-09 1.9749E-09 1.9750E-09 1.9740E-09 1.9721E-09 1.9692E-09 1.9655E-09 1.9608E-09 1.9552E-09 1.9488E-09 1.9416E-09 1.9336E-09
1.0311E-09 1.0592E-09 1.0876E-09 1.1162E-09 1.1450E-09 1.1740E-09 1.2030E-09 1.2320E-09 1.2609E-09 1.2895E-09 1.3179E-09 1.3459E-09 1.3734E-09 1.4004E-09 1.4269E-09 1.4527E-09 1.4779E-09 1.5023E-09 1.5260E-09 1.5492E-09 1.5719E-09 1.5940E-09 1.6156E-09 1.6380E-09 1.6604E-09 1.6825E-09 1.7056E-09 1.7284E-09 1.7495E-09 1.7692E-09 1.7866E-09 1.8039E-09 1.8188E-09 1.8329E-09 1.8461E-09 1.8584E-09 1.8698E-09 1.8804E-09 1.8907E-09 1.9001E-09 1.9086E-09 1.9160E-09 1.9218E-09 1.9265E-09 1.9301E-09 1.9327E-09 1.9342E-09 1.9347E-09 1.9342E-09 1.9327E-09 1.9303E-09 1.9270E-09 1.9228E-09 1.9177E-09 1.9119E-09 1.9046E-09 1.8971E-09
1.0063E-09 1.0350E-09 1.0626E-09 1.0905E-09 1.1186E-09 1.1469E-09 1.1753E-09 1.2037E-09 1.2320E-09 1.2601E-09 1.2879E-09 1.3154E-09 1.3425E-09 1.3692E-09 1.3952E-09 1.4207E-09 1.4456E-09 1.4697E-09 1.4931E-09 1.5159E-09 1.5382E-09 1.5599E-09 1.5811E-09 1.6017E-09 1.6218E-09 1.6418E-09 1.6610E-09 1.6807E-09 1.7011E-09 1.7214E-09 1.7403E-09 1.7591E-09 1.7762E-09 1.7916E-09 1.8053E-09 1.8175E-09 1.8289E-09 1.8394E-09 1.8490E-09 1.8579E-09 1.8657E-09 1.8727E-09 1.8787E-09 1.8836E-09 1.8881E-09 1.8915E-09 1.8945E-09 1.8953E-09 1.8952E-09 1.8942E-09 1.8922E-09 1.8894E-09 1.8856E-09 1.8811E-09 1.8751E-09 1.8690E-09 1.8615E-09
9.8085E-10 1.0081E-09 1.0364E-09 1.0649E-09 1.0930E-09 1.1206E-09 1.1483E-09 1.1761E-09 1.2038E-09 1.2314E-09 1.2587E-09 1.2857E-09 1.3124E-09 1.3386E-09 1.3643E-09 1.3894E-09 1.4140E-09 1.4378E-09 1.4610E-09 1.4834E-09 1.5053E-09 1.5267E-09 1.5475E-09 1.5677E-09 1.5875E-09 1.6065E-09 1.6249E-09 1.6425E-09 1.6592E-09 1.6758E-09 1.6929E-09 1.7113E-09 1.7289E-09 1.7463E-09 1.7608E-09 1.7753E-09 1.7880E-09 1.7990E-09 1.8093E-09 1.8181E-09 1.8260E-09 1.8331E-09 1.8392E-09 1.8444E-09 1.8485E-09 1.8517E-09 1.8538E-09 1.8550E-09 1.8553E-09 1.8546E-09 1.8530E-09 1.8506E-09 1.8473E-09 1.8447E-09 1.8398E-09 1.8336E-09 1.8272E-09
9.5625E-10 9.8273E-10 1.0095E-09 1.0373E-09 1.0653E-09 1.0936E-09 1.1220E-09 1.1491E-09 1.1763E-09 1.2033E-09 1.2301E-09 1.2567E-09 1.2829E-09 1.3087E-09 1.3341E-09 1.3588E-09 1.3831E-09 1.4066E-09 1.4295E-09 1.4517E-09 1.4733E-09 1.4943E-09 1.5148E-09 1.5347E-09 1.5540E-09 1.5729E-09 1.5910E-09 1.6083E-09 1.6250E-09 1.6408E-09 1.6558E-09 1.6701E-09 1.6843E-09 1.6989E-09 1.7138E-09 1.7298E-09 1.7425E-09 1.7565E-09 1.7677E-09 1.7779E-09 1.7864E-09 1.7940E-09 1.8008E-09 1.8062E-09 1.8106E-09 1.8140E-09 1.8164E-09 1.8179E-09 1.8185E-09 1.8182E-09 1.8170E-09 1.8149E-09 1.8120E-09 1.8083E-09 1.8038E-09 1.7986E-09 1.7926E-09
9.3116E-10 9.5754E-10 9.8427E-10 1.0113E-09 1.0378E-09 1.0646E-09 1.0924E-09 1.1202E-09 1.1481E-09 1.1759E-09 1.2022E-09 1.2283E-09 1.2541E-09 1.2795E-09 1.3045E-09 1.3289E-09 1.3528E-09 1.3761E-09 1.3987E-09 1.4207E-09 1.4420E-09 1.4627E-09 1.4828E-09 1.5024E-09 1.5214E-09 1.5400E-09 1.5578E-09 1.5750E-09 1.5915E-09 1.6071E-09 1.6221E-09 1.6362E-09 1.6496E-09 1.6623E-09 1.6744E-09 1.6861E-09 1.6973E-09 1.7091E-09 1.7216E-09 1.7334E-09 1.7448E-09 1.7536E-09 1.7615E-09 1.7670E-09 1.7721E-09 1.7762E-09 1.7794E-09 1.7817E-09 1.7826E-09 1.7826E-09 1.7817E-09 1.7800E-09 1.7775E-09 1.7742E-09 1.7701E-09 1.7653E-09 1.7597E-09
9.0711E-10 9.3316E-10 9.5917E-10 9.8543E-10 1.0119E-09 1.0387E-09 1.0650E-09 1.0914E-09 1.1179E-09 1.1452E-09 1.1723E-09 1.1993E-09 1.2259E-09 1.2509E-09 1.2755E-09 1.2996E-09 1.3232E-09 1.3462E-09 1.3686E-09 1.3903E-09 1.4114E-09 1.4318E-09 1.4516E-09 1.4709E-09 1.4896E-09 1.5078E-09 1.5255E-09 1.5425E-09 1.5588E-09 1.5743E-09 1.5891E-09 1.6031E-09 1.6164E-09 1.6290E-09 1.6408E-09 1.6520E-09 1.6625E-09 1.6722E-09 1.6812E-09 1.6894E-09 1.6980E-09 1.7066E-09 1.7163E-09 1.7257E-09 1.7329E-09 1.7388E-09 1.7425E-09 1.7445E-09 1.7457E-09 1.7459E-09 1.7454E-09 1.7450E-09 1.7433E-09 1.7408E-09 1.7371E-09 1.7326E-09 1.7275E-09
