Assets/Resources/2015_m01_d27_1600(utc+0800)_l00_csi_1hr_conc.grd
DSAA
         159         159
     -79.000      79.000
     -79.000      79.000
  0.0000E+00  0.1153E-04
[rows 50 to 74 of 159, columns 57 to 113 of 159]
0.0000E+00 0.0000E+00 0.0000E+00 0.0000E+00 0.0000E+00 0.0000E+00 3.3509E-13 7.3323E-11 1.8428E-10 3.5887E-10 5.9861E-10 9.3487E-10 1.3725E-09 1.9444E-09 2.6902E-09 3.6320E-09 4.7801E-09 6.1214E-09 7.6276E-09 9.2382E-09 1.0903E-08 1.2516E-08 1.3978E-08 1.5192E-08 1.6072E-08 1.6557E-08 1.6621E-08 1.6264E-08 1.5519E-08 1.4447E-08 1.3128E-08 1.1648E-08 1.0096E-08 8.5550E-09 7.0908E-09 5.7481E-09 4.5584E-09 3.5410E-09 2.6984E-09 2.0137E-09 1.4774E-09 1.0515E-09 7.3624E-10 4.9468E-10 3.1519E-10 2.0278E-10 1.1816E-10 5.7166E-11 2.0852E-11 4.1973E-12 0.0000E+00 0.0000E+00 0.0000E+00 0.0000E+00 0.0000E+00 0.0000E+00 0.0000E+00
0.0000E+00 0.0000E+00 0.0000E+00 0.0000E+00 0.0000E+00 0.0000E+00 0.0000E+00 1.4025E-11 1.2308E-10 2.8554E-10 5.0796E-10 8.3059E-10 1.2576E-09 1.8246E-09 2.5756E-09 3.5352E-09 4.7153E-09 6.1100E-09 7.7033E-09 9.4268E-09 1.1199E-08 1.2918E-08 1.4472E-08 1.5755E-08 1.6676E-08 1.7166E-08 1.7197E-08 1.6776E-08 1.5947E-08 1.4784E-08 1.3375E-08 1.1812E-08 1.0188E-08 8.5836E-09 7.0718E-09 5.7045E-09 4.5068E-09 3.4814E-09 2.6360E-09 1.9562E-09 1.4251E-09 1.0145E-09 7.0546E-10 4.7173E-10 2.9696E-10 1.8777E-10 1.0624E-10 4.9081E-11 1.7512E-11 0.0000E+00 0.0000E+00 0.0000E+00 0.0000E+00 0.0000E+00 0.0000E+00 0.0000E+00 0.0000E+00
0.0000E+00 0.0000E+00 0.0000E+00 0.0000E+00 0.0000E+00 0.0000E+00 0.0000E+00 2.7668E-12 5.5957E-11 2.0890E-10 4.2122E-10 7.3386E-10 1.1543E-09 1.7134E-09 2.4734E-09 3.4571E-09 4.6913E-09 6.1716E-09 7.8567E-09 9.6911E-09 1.1584E-08 1.3423E-08 1.5081E-08 1.6437E-08 1.7387E-08 1.7866E-08 1.7850E-08 1.7347E-08 1.6411E-08 1.5126E-08 1.3595E-08 1.1929E-08 1.0225E-08 8.5623E-09 7.0052E-09 5.6097E-09 4.4026E-09 3.3856E-09 2.5474E-09 1.8833E-09 1.3569E-09 9.6111E-10 6.5641E-10 4.3451E-10 2.6987E-10 1.7075E-10 9.1960E-11 4.1294E-11 2.6889E-12 0.0000E+00 0.0000E+00 0.0000E+00 0.0000E+00 0.0000E+00 0.0000E+00 0.0000E+00 0.0000E+00
0.0000E+00 0.0000E+00 0.0000E+00 0.0000E+00 0.0000E+00 0.0000E+00 0.0000E+00 2.0445E-12 2.6212E-11 1.5368E-10 3.5196E-10 6.4565E-10 1.0548E-09 1.6167E-09 2.3904E-09 3.4170E-09 4.7154E-09 6.2758E-09 8.0752E-09 1.0061E-08 1.2115E-08 1.4101E-08 1.5873E-08 1.7299E-08 1.8263E-08 1.8697E-08 1.8582E-08 1.7953E-08 1.6877E-08 1.5455E-08 1.3791E-08 1.2000E-08 1.0201E-08 8.4771E-09 6.8889E-09 5.4730E-09 4.2588E-09 3.2447E-09 2.4205E-09 1.7711E-09 1.2668E-09 8.9063E-10 6.0171E-10 3.9585E-10 2.3668E-10 1.4850E-10 7.7580E-11 2.0303E-11 1.8174E-12 0.0000E+00 0.0000E+00 0.0000E+00 0.0000E+00 0.0000E+00 0.0000E+00 0.0000E+00 0.0000E+00
0.0000E+00 0.0000E+00 0.0000E+00 0.0000E+00 0.0000E+00 0.0000E+00 0.0000E+00 0.0000E+00 1.5669E-11 8.9255E-11 2.8624E-10 5.6694E-10 9.6595E-10 1.5360E-09 2.3350E-09 3.4069E-09 4.7727E-09 6.4583E-09 8.4280E-09 1.0590E-08 1.2824E-08 1.4974E-08 1.6871E-08 1.8360E-08 1.9318E-08 1.9682E-08 1.9437E-08 1.8632E-08 1.7362E-08 1.5753E-08 1.3931E-08 1.2018E-08 1.0116E-08 8.3206E-09 6.6980E-09 5.2721E-09 4.0607E-09 3.0646E-09 2.2702E-09 1.6421E-09 1.1643E-09 8.0411E-10 5.3634E-10 3.4625E-10 2.0466E-10 1.2442E-10 4.8706E-11 5.0810E-12 2.0067E-13 0.0000E+00 0.0000E+00 0.0000E+00 0.0000E+00 0.0000E+00 0.0000E+00 0.0000E+00 0.0000E+00
0.0000E+00 0.0000E+00 0.0000E+00 0.0000E+00 0.0000E+00 0.0000E+00 0.0000E+00 0.0000E+00 1.0627E-11 6.2226E-11 2.2460E-10 4.9350E-10 8.8322E-10 1.4649E-09 2.2950E-09 3.4417E-09 4.9373E-09 6.7890E-09 8.9471E-09 1.1327E-08 1.3783E-08 1.6129E-08 1.8166E-08 1.9709E-08 2.0625E-08 2.0857E-08 2.0415E-08 1.9378E-08 1.7864E-08 1.6025E-08 1.4010E-08 1.1948E-08 9.9486E-09 8.0899E-09 6.4357E-09 5.0142E-09 3.8135E-09 2.8421E-09 2.0808E-09 1.4851E-09 1.0443E-09 7.1274E-10 4.6903E-10 2.9658E-10 1.6818E-10 1.0031E-10 1.0085E-11 2.0886E-12 0.0000E+00 0.0000E+00 0.0000E+00 0.0000E+00 0.0000E+00 0.0000E+00 0.0000E+00 0.0000E+00 0.0000E+00
0.0000E+00 0.0000E+00 0.0000E+00 0.0000E+00 0.0000E+00 0.0000E+00 0.0000E+00 0.0000E+00 7.1055E-12 4.3662E-11 1.6047E-10 4.2015E-10 7.9833E-10 1.3919E-09 2.2872E-09 3.5299E-09 5.1771E-09 7.2269E-09 9.6419E-09 1.2334E-08 1.5094E-08 1.7688E-08 1.9872E-08 2.1437E-08 2.2247E-08 2.2265E-08 2.1542E-08 2.0192E-08 1.8373E-08 1.6255E-08 1.4010E-08 1.1783E-08 9.6786E-09 7.7660E-09 6.0939E-09 4.6827E-09 3.5194E-09 2.5928E-09 1.8701E-09 1.3217E-09 9.1290E-10 6.1043E-10 3.9821E-10 2.4093E-10 1.3460E-10 1.6606E-11 5.4243E-12 6.4118E-13 0.0000E+00 0.0000E+00 0.0000E+00 0.0000E+00 0.0000E+00 0.0000E+00 0.0000E+00 0.0000E+00 0.0000E+00
0.0000E+00 0.0000E+00 0.0000E+00 0.0000E+00 0.0000E+00 0.0000E+00 0.0000E+00 4.7524E-14 6.7617E-12 2.9912E-11 1.2730E-10 3.5829E-10 7.3046E-10 1.3053E-09 2.2752E-09 3.6472E-09 5.4963E-09 7.8460E-09 1.0641E-08 1.3720E-08 1.6844E-08 1.9724E-08 2.2062E-08 2.3623E-08 2.4270E-08 2.3983E-08 2.2861E-08 2.1082E-08 1.8861E-08 1.6416E-08 1.3913E-08 1.1510E-08 9.3023E-09 7.3530E-09 5.6822E-09 4.2993E-09 3.1848E-09 2.3084E-09 1.6366E-09 1.1446E-09 7.7625E-10 5.1334E-10 3.2363E-10 1.9132E-10 4.8140E-11 1.0110E-11 2.4741E-12 0.0000E+00 0.0000E+00 0.0000E+00 0.0000E+00 0.0000E+00 0.0000E+00 0.0000E+00 0.0000E+00 0.0000E+00 0.0000E+00
0.0000E+00 0.0000E+00 0.0000E+00 0.0000E+00 0.0000E+00 0.0000E+00 0.0000E+00 8.2735E-14 7.2551E-12 2.5859E-11 9.7442E-11 2.9001E-10 6.6994E-10 1.2506E-09 2.2818E-09 3.8069E-09 5.9452E-09 8.7148E-09 1.1996E-08 1.5592E-08 1.9199E-08 2.2452E-08 2.4967E-08 2.6453E-08 2.6790E-08 2.6029E-08 2.4361E-08 2.2042E-08 1.9336E-08 1.6492E-08 1.3708E-08 1.1113E-08 8.8167E-09 6.8462E-09 5.1970E-09 3.8651E-09 2.8192E-09 2.0070E-09 1.4019E-09 9.6271E-10 6.4200E-10 4.1737E-10 2.5552E-10 1.1199E-10 1.5959E-11 4.8939E-12 3.6549E-13 0.0000E+00 0.0000E+00 0.0000E+00 0.0000E+00 0.0000E+00 0.0000E+00 0.0000E+00 0.0000E+00 0.0000E+00 0.0000E+00
0.0000E+00 0.0000E+00 0.0000E+00 0.0000E+00 0.0000E+00 0.0000E+00 0.0000E+00 0.0000E+00 7.3691E-12 2.6107E-11 7.2238E-11 2.3835E-10 6.1891E-10 1.1938E-09 2.2870E-09 4.0108E-09 6.5077E-09 9.7820E-09 1.3749E-08 1.8100E-08 2.2382E-08 2.6077E-08 2.8701E-08 3.0018E-08 2.9907E-08 2.8496E-08 2.6087E-08 2.3054E-08 1.9745E-08 1.6464E-08 1.3371E-08 1.0601E-08 8.2330E-09 6.2609E-09 4.6623E-09 3.4020E-09 2.4353E-09 1.6972E-09 1.1675E-09 7.8104E-10 5.1694E-10 3.2774E-10 1.6734E-10 2.2632E-11 7.9924E-12 1.3294E-12 0.0000E+00 0.0000E+00 0.0000E+00 0.0000E+00 0.0000E+00 0.0000E+00 0.0000E+00 0.0000E+00 0.0000E+00 0.0000E+00 0.0000E+00
0.0000E+00 0.0000E+00 0.0000E+00 0.0000E+00 0.0000E+00 0.0000E+00 0.0000E+00 0.0000E+00 6.3957E-12 2.5687E-11 6.5979E-11 1.9930E-10 5.5883E-10 1.1732E-09 2.3154E-09 4.2610E-09 7.1597E-09 1.1159E-08 1.6061E-08 2.1392E-08 2.6512E-08 3.0719E-08 3.3529E-08 3.4512E-08 3.3679E-08 3.1407E-08 2.8017E-08 2.4090E-08 2.0074E-08 1.6269E-08 1.2865E-08 9.9552E-09 7.5434E-09 5.6104E-09 4.0867E-09 2.9227E-09 2.0461E-09 1.3929E-09 9.4081E-10 6.1950E-10 3.9495E-10 2.2509E-10 4.0933E-11 1.1547E-11 2.7152E-12 0.0000E+00 0.0000E+00 0.0000E+00 0.0000E+00 0.0000E+00 0.0000E+00 0.0000E+00 0.0000E+00 0.0000E+00 0.0000E+00 0.0000E+00 0.0000E+00
0.0000E+00 0.0000E+00 0.0000E+00 0.0000E+00 0.0000E+00 0.0000E+00 0.0000E+00 0.0000E+00 5.0202E-12 2.3031E-11 5.7672E-11 1.7122E-10 5.0714E-10 1.1682E-09 2.3471E-09 4.5050E-09 7.9418E-09 1.2813E-08 1.8857E-08 2.5482E-08 3.1767E-08 3.6728E-08 3.9577E-08 3.9985E-08 3.8177E-08 3.4593E-08 2.9985E-08 2.5022E-08 2.0206E-08 1.5890E-08 1.2185E-08 9.1791E-09 6.7784E-09 4.9095E-09 3.4951E-09 2.4406E-09 1.6684E-09 1.1090E-09 7.3705E-10 4.6582E-10 2.7461E-10 6.8132E-11 1.5165E-11 4.3123E-12 6.1846E-14 0.0000E+00 0.0000E+00 0.0000E+00 0.0000E+00 0.0000E+00 0.0000E+00 0.0000E+00 0.0000E+00 0.0000E+00 0.0000E+00 0.0000E+00 0.0000E+00
0.0000E+00 0.0000E+00 0.0000E+00 0.0000E+00 0.0000E+00 0.0000E+00 0.0000E+00 0.0000E+00 3.2902E-12 1.7772E-11 4.9589E-11 1.5018E-10 4.8410E-10 1.1354E-09 2.3688E-09 4.7830E-09 8.7762E-09 1.4642E-08 2.2206E-08 3.0522E-08 3.8310E-08 4.4129E-08 4.7044E-08 4.6677E-08 4.3364E-08 3.8193E-08 3.1999E-08 2.5746E-08 2.0073E-08 1.5252E-08 1.1332E-08 8.2801E-09 5.9495E-09 4.1877E-09 2.9078E-09 1.9732E-09 1.3157E-09 8.5262E-10 5.3981E-10 3.2103E-10 1.0212E-10 1.6628E-11 5.9081E-12 1.9900E-13 0.0000E+00 0.0000E+00 0.0000E+00 0.0000E+00 0.0000E+00 0.0000E+00 0.0000E+00 0.0000E+00 0.0000E+00 0.0000E+00 0.0000E+00 0.0000E+00 0.0000E+00
0.0000E+00 0.0000E+00 0.0000E+00 0.0000E+00 0.0000E+00 0.0000E+00 0.0000E+00 0.0000E+00 1.1183E-12 1.1956E-11 4.1881E-11 1.2511E-10 4.6196E-10 1.1305E-09 2.4815E-09 5.0185E-09 9.5491E-09 1.6633E-08 2.6016E-08 3.6597E-08 4.6344E-08 5.3346E-08 5.6178E-08 5.4498E-08 4.9275E-08 4.1804E-08 3.3661E-08 2.6084E-08 1.9576E-08 1.4312E-08 1.0301E-08 7.2888E-09 5.0750E-09 3.4643E-09 2.3424E-09 1.5402E-09 1.0001E-09 6.1687E-10 3.6842E-10 1.7470E-10 1.6728E-11 6.9871E-12 2.7504E-13 0.0000E+00 0.0000E+00 0.0000E+00 0.0000E+00 0.0000E+00 0.0000E+00 0.0000E+00 0.0000E+00 0.0000E+00 0.0000E+00 0.0000E+00 0.0000E+00 0.0000E+00 0.0000E+00
0.0000E+00 0.0000E+00 0.0000E+00 0.0000E+00 0.0000E+00 0.0000E+00 0.0000E+00 0.0000E+00 0.0000E+00 6.9456E-12 3.1421E-11 9.4862E-11 4.4180E-10 1.1184E-09 2.4333E-09 5.0932E-09 1.0235E-08 1.8528E-08 3.0148E-08 4.3513E-08 5.5939E-08 6.4444E-08 6.6953E-08 6.3529E-08 5.5489E-08 4.5295E-08 3.4970E-08 2.5865E-08 1.8584E-08 1.3059E-08 9.1058E-09 6.2256E-09 4.1777E-09 2.7774E-09 1.8206E-09 1.1604E-09 7.1693E-10 4.1723E-10 1.9418E-10 2.4958E-11 6.7372E-12 2.1892E-13 0.0000E+00 0.0000E+00 0.0000E+00 0.0000E+00 0.0000E+00 0.0000E+00 0.0000E+00 0.0000E+00 0.0000E+00 0.0000E+00 0.0000E+00 0.0000E+00 0.0000E+00 0.0000E+00 0.0000E+00
0.0000E+00 0.0000E+00 0.0000E+00 0.0000E+00 0.0000E+00 0.0000E+00 0.0000E+00 0.0000E+00 0.0000E+00 2.2235E-12 1.9851E-11 6.8729E-11 3.5756E-10 1.0121E-09 2.4074E-09 5.1318E-09 1.0600E-08 2.0148E-08 3.4201E-08 5.1165E-08 6.7110E-08 7.7558E-08 7.9767E-08 7.3584E-08 6.1802E-08 4.8001E-08 3.5152E-08 2.4757E-08 1.6950E-08 1.1528E-08 7.7472E-09 5.1105E-09 3.3215E-09 2.1450E-09 1.3348E-09 8.1854E-10 4.5565E-10 2.2823E-10 4.1285E-11 1.1713E-11 1.5060E-13 0.0000E+00 0.0000E+00 0.0000E+00 0.0000E+00 0.0000E+00 0.0000E+00 0.0000E+00 0.0000E+00 0.0000E+00 0.0000E+00 0.0000E+00 0.0000E+00 0.0000E+00 0.0000E+00 0.0000E+00 0.0000E+00
0.0000E+00 0.0000E+00 0.0000E+00 0.0000E+00 0.0000E+00 0.0000E+00 0.0000E+00 0.0000E+00 0.0000E+00 0.0000E+00 9.0933E-12 4.4168E-11 2.5703E-10 8.5830E-10 2.1545E-09 4.8449E-09 1.0523E-08 2.1197E-08 3.7961E-08 5.9086E-08 7.9453E-08 9.2754E-08 9.4188E-08 8.4319E-08 6.7433E-08 4.9310E-08 3.3933E-08 2.2590E-08 1.4746E-08 9.7163E-09 6.2776E-09 3.9951E-09 2.4786E-09 1.5461E-09 9.0829E-10 4.7981E-10 2.5371E-10 6.2540E-11 1.7857E-11 4.0880E-12 0.0000E+00 0.0000E+00 0.0000E+00 0.0000E+00 0.0000E+00 0.0000E+00 0.0000E+00 0.0000E+00 0.0000E+00 0.0000E+00 0.0000E+00 0.0000E+00 0.0000E+00 0.0000E+00 0.0000E+00 0.0000E+00 0.0000E+00
0.0000E+00 0.0000E+00 0.0000E+00 0.0000E+00 0.0000E+00 0.0000E+00 0.0000E+00 0.0000E+00 0.0000E+00 0.0000E+00 1.7619E-12 2.3381E-11 1.1952E-10 6.1969E-10 1.7790E-09 4.3859E-09 9.9862E-09 2.1285E-08 4.0554E-08 6.6584E-08 9.3038E-08 1.0996E-07 1.1065E-07 9.5326E-08 7.1442E-08 4.8319E-08 3.0777E-08 1.9201E-08 1.2195E-08 7.7040E-09 4.7938E-09 2.8817E-09 1.7517E-09 1.0199E-09 5.1608E-10 2.8686E-10 9.8549E-11 2.6028E-11 5.2075E-12 0.0000E+00 0.0000E+00 0.0000E+00 0.0000E+00 0.0000E+00 0.0000E+00 0.0000E+00 0.0000E+00 0.0000E+00 0.0000E+00 0.0000E+00 0.0000E+00 0.0000E+00 0.0000E+00 0.0000E+00 0.0000E+00 0.0000E+00 0.0000E+00
0.0000E+00 0.0000E+00 0.0000E+00 0.0000E+00 0.0000E+00 0.0000E+00 0.0000E+00 0.0000E+00 0.0000E+00 0.0000E+00 0.0000E+00 6.7891E-12 5.0727E-11 3.4010E-10 1.2534E-09 3.5046E-09 8.6158E-09 2.0108E-08 4.1486E-08 7.2671E-08 1.0604E-07 1.2871E-07 1.2910E-07 1.0644E-07 7.3287E-08 4.4452E-08 2.5772E-08 1.5203E-08 9.3525E-09 5.6805E-09 3.3421E-09 1.9658E-09 1.0955E-09 5.4248E-10 2.7704E-10 1.2361E-10 4.0254E-11 1.1302E-11 1.5800E-12 0.0000E+00 0.0000E+00 0.0000E+00 0.0000E+00 0.0000E+00 0.0000E+00 0.0000E+00 0.0000E+00 0.0000E+00 0.0000E+00 0.0000E+00 0.0000E+00 0.0000E+00 0.0000E+00 0.0000E+00 0.0000E+00 0.0000E+00 0.0000E+00
0.0000E+00 0.0000E+00 0.0000E+00 0.0000E+00 0.0000E+00 0.0000E+00 0.0000E+00 0.0000E+00 0.0000E+00 0.0000E+00 0.0000E+00 3.3142E-14 1.7058E-11 1.3151E-10 7.1332E-10 2.4217E-09 6.7990E-09 1.7342E-08 3.9252E-08 7.5181E-08 1.1752E-07 1.4879E-07 1.5000E-07 1.1782E-07 7.2037E-08 3.7582E-08 1.9303E-08 1.1153E-08 6.5731E-09 3.7660E-09 2.0984E-09 1.1564E-09 5.3768E-10 2.7664E-10 1.3566E-10 4.7564E-11 1.8214E-11 3.6682E-12 0.0000E+00 0.0000E+00 0.0000E+00 0.0000E+00 0.0000E+00 0.0000E+00 0.0000E+00 0.0000E+00 0.0000E+00 0.0000E+00 0.0000E+00 0.0000E+00 0.0000E+00 0.0000E+00 0.0000E+00 0.0000E+00 0.0000E+00 0.0000E+00 0.0000E+00
0.0000E+00 0.0000E+00 0.0000E+00 0.0000E+00 0.0000E+00 0.0000E+00 0.0000E+00 0.0000E+00 0.0000E+00 0.0000E+00 0.0000E+00 0.0000E+00 2.0356E-12 3.3922E-11 2.8744E-10 1.3816E-09 4.5069E-09 1.3487E-08 3.4266E-08 7.2862E-08 1.2412E-07 1.6947E-07 1.7929E-07 1.3547E-07 6.9520E-08 2.8160E-08 1.3039E-08 7.2858E-09 3.9944E-09 2.2033E-09 1.1518E-09 5.3072E-10 2.8730E-10 1.4440E-10 6.7191E-11 2.5876E-11 5.7348E-12 0.0000E+00 0.0000E+00 0.0000E+00 0.0000E+00 0.0000E+00 0.0000E+00 0.0000E+00 0.0000E+00 0.0000E+00 0.0000E+00 0.0000E+00 0.0000E+00 0.0000E+00 0.0000E+00 0.0000E+00 0.0000E+00 0.0000E+00 0.0000E+00 0.0000E+00 0.0000E+00
0.0000E+00 0.0000E+00 0.0000E+00 0.0000E+00 0.0000E+00 0.0000E+00 0.0000E+00 0.0000E+00 0.0000E+00 0.0000E+00 0.0000E+00 0.0000E+00 0.0000E+00 5.0899E-12 7.5154E-11 6.0765E-10 2.6251E-09 8.8350E-09 2.5883E-08 6.3071E-08 1.2149E-07 1.8733E-07 2.2167E-07 1.6129E-07 6.0219E-08 1.7026E-08 7.6592E-09 3.9863E-09 2.1487E-09 1.0512E-09 5.3209E-10 2.5173E-10 1.4559E-10 6.9824E-11 3.3086E-11 7.3376E-12 0.0000E+00 0.0000E+00 0.0000E+00 0.0000E+00 0.0000E+00 0.0000E+00 0.0000E+00 0.0000E+00 0.0000E+00 0.0000E+00 0.0000E+00 0.0000E+00 0.0000E+00 0.0000E+00 0.0000E+00 0.0000E+00 0.0000E+00 0.0000E+00 0.0000E+00 0.0000E+00 0.0000E+00
0.0000E+00 0.0000E+00 0.0000E+00 0.0000E+00 0.0000E+00 0.0000E+00 0.0000E+00 0.0000E+00 0.0000E+00 0.0000E+00 0.0000E+00 0.0000E+00 0.0000E+00 0.0000E+00 7.2644E-12 1.4672E-10 1.1563E-09 4.4087E-09 1.6021E-08 4.7361E-08 1.0933E-07 1.9806E-07 3.0236E-07 2.1419E-07 3.8904E-08 7.6444E-09 3.6033E-09 1.7892E-09 8.4960E-10 3.9779E-10 2.1342E-10 1.2394E-10 6.0332E-11 2.8743E-11 8.1882E-12 0.0000E+00 0.0000E+00 0.0000E+00 0.0000E+00 0.0000E+00 0.0000E+00 0.0000E+00 0.0000E+00 0.0000E+00 0.0000E+00 0.0000E+00 0.0000E+00 0.0000E+00 0.0000E+00 0.0000E+00 0.0000E+00 0.0000E+00 0.0000E+00 0.0000E+00 0.0000E+00 0.0000E+00 0.0000E+00
0.0000E+00 0.0000E+00 0.0000E+00 0.0000E+00 0.0000E+00 0.0000E+00 0.0000E+00 0.0000E+00 0.0000E+00 0.0000E+00 0.0000E+00 0.0000E+00 0.0000E+00 0.0000E+00 1.4371E-13 1.1472E-11 2.5961E-10 1.5678E-09 7.1408E-09 2.8070E-08 8.6116E-08 1.9373E-07 4.2048E-07 2.5191E-07 1.3188E-08 2.7539E-09 1.2874E-09 6.0229E-10 2.7293E-10 1.6719E-10 9.3670E-11 5.0617E-11 2.1381E-11 5.9785E-12 0.0000E+00 0.0000E+00 0.0000E+00 0.0000E+00 0.0000E+00 0.0000E+00 0.0000E+00 0.0000E+00 0.0000E+00 0.0000E+00 0.0000E+00 0.0000E+00 0.0000E+00 0.0000E+00 0.0000E+00 0.0000E+00 0.0000E+00 0.0000E+00 0.0000E+00 0.0000E+00 0.0000E+00 0.0000E+00 0.0000E+00
0.0000E+00 0.0000E+00 0.0000E+00 0.0000E+00 0.0000E+00 0.0000E+00 0.0000E+00 0.0000E+00 0.0000E+00 0.0000E+00 0.0000E+00 0.0000E+00 0.0000E+00 0.0000E+00 0.0000E+00 1.6291E-13 2.3467E-11 3.0178E-10 1.4714E-09 9.5372E-09 5.3252E-08 1.9205E-07 6.2372E-07 2.6022E-07 1.9175E-09 7.4709E-10 3.6046E-10 1.7265E-10 1.0255E-10 6.0588E-11 3.1712E-11 1.2374E-11 3.1592E-12 0.0000E+00 0.0000E+00 0.0000E+00 0.0000E+00 0.0000E+00 0.0000E+00 0.0000E+00 0.0000E+00 0.0000E+00 0.0000E+00 0.0000E+00 0.0000E+00 0.0000E+00 0.0000E+00 0.0000E+00 0.0000E+00 0.0000E+00 0.0000E+00 0.0000E+00 0.0000E+00 0.0000E+00 0.0000E+00 0.0000E+00 0.0000E+00
