Assets/Resources/2015_m01_d31_1900(utc+0800)_l00_csi_1hr_conc.grd
DSAA
         159         159
     -79.000      79.000
     -79.000      79.000
  0.0000E+00  0.2287E-04
[rows 0 to 24 of 159, columns 0 to 56 of 159]
2.0598E-09 2.3963E-09 2.7098E-09 3.0019E-09 3.2583E-09 3.4800E-09 3.6639E-09 3.8112E-09 3.9239E-09 4.0047E-09 4.0569E-09 4.0838E-09 4.0890E-09 4.0758E-09 4.0488E-09 4.0082E-09 3.9584E-09 3.9013E-09 3.8368E-09 3.7690E-09 3.6969E-09 3.6238E-09 3.5465E-09 3.4688E-09 3.3887E-09 3.3076E-09 3.2261E-09 3.1438E-09 3.0608E-09 2.9772E-09 2.8937E-09 2.8096E-09 2.7241E-09 2.6385E-09 2.5544E-09 2.4713E-09 2.3906E-09 2.3125E-09 2.2365E-09 2.1621E-09 2.0877E-09 2.0122E-09 1.9361E-09 1.8589E-09 1.7810E-09 1.7026E-09 1.6239E-09 1.5451E-09 1.4668E-09 1.3890E-09 1.3121E-09 1.2372E-09 1.1641E-09 1.0935E-09 1.0256E-09 9.6012E-10 8.9698E-10
2.1536E-09 2.5102E-09 2.8425E-09 3.1521E-09 3.4246E-09 3.6582E-09 3.8522E-09 4.0071E-09 4.1250E-09 4.2089E-09 4.2622E-09 4.2889E-09 4.2933E-09 4.2790E-09 4.2488E-09 4.2064E-09 4.1528E-09 4.0926E-09 4.0255E-09 3.9552E-09 3.8797E-09 3.8024E-09 3.7220E-09 3.6400E-09 3.5572E-09 3.4736E-09 3.3904E-09 3.3051E-09 3.2194E-09 3.1329E-09 3.0455E-09 2.9573E-09 2.8683E-09 2.7787E-09 2.6901E-09 2.6023E-09 2.5166E-09 2.4333E-09 2.3523E-09 2.2729E-09 2.1939E-09 2.1141E-09 2.0333E-09 1.9514E-09 1.8689E-09 1.7855E-09 1.7012E-09 1.6168E-09 1.5332E-09 1.4509E-09 1.3700E-09 1.2906E-09 1.2128E-09 1.1378E-09 1.0652E-09 9.9549E-10 9.2943E-10
2.2413E-09 2.6184E-09 2.9701E-09 3.2987E-09 3.5867E-09 3.8339E-09 4.0387E-09 4.2019E-09 4.3256E-09 4.4130E-09 4.4680E-09 4.4962E-09 4.4996E-09 4.4839E-09 4.4516E-09 4.4061E-09 4.3513E-09 4.2881E-09 4.2184E-09 4.1449E-09 4.0664E-09 3.9859E-09 3.9030E-09 3.8212E-09 3.7361E-09 3.6500E-09 3.5632E-09 3.4758E-09 3.3875E-09 3.2981E-09 3.2079E-09 3.1168E-09 3.0244E-09 2.9309E-09 2.8380E-09 2.7457E-09 2.6549E-09 2.5661E-09 2.4799E-09 2.3953E-09 2.3113E-09 2.2263E-09 2.1402E-09 2.0532E-09 1.9652E-09 1.8763E-09 1.7870E-09 1.6977E-09 1.6088E-09 1.5209E-09 1.4341E-09 1.3491E-09 1.2671E-09 1.1876E-09 1.1101E-09 1.0359E-09 9.6485E-10
2.3218E-09 2.7196E-09 3.0914E-09 3.4388E-09 3.7436E-09 4.0052E-09 4.2218E-09 4.3940E-09 4.5241E-09 4.6158E-09 4.6744E-09 4.7030E-09 4.7073E-09 4.6894E-09 4.6567E-09 4.6096E-09 4.5516E-09 4.4866E-09 4.4138E-09 4.3369E-09 4.2570E-09 4.1747E-09 4.0899E-09 4.0035E-09 3.9160E-09 3.8280E-09 3.7391E-09 3.6491E-09 3.5581E-09 3.4664E-09 3.3733E-09 3.2789E-09 3.1832E-09 3.0861E-09 2.9885E-09 2.8917E-09 2.7956E-09 2.7013E-09 2.6094E-09 2.5191E-09 2.4294E-09 2.3392E-09 2.2478E-09 2.1551E-09 2.0614E-09 1.9670E-09 1.8720E-09 1.7769E-09 1.6826E-09 1.5893E-09 1.4976E-09 1.4079E-09 1.3203E-09 1.2350E-09 1.1538E-09 1.0757E-09 1.0006E-09
2.3936E-09 2.8123E-09 3.2038E-09 3.5710E-09 3.8935E-09 4.1704E-09 4.3995E-09 4.5815E-09 4.7193E-09 4.8169E-09 4.8788E-09 4.9092E-09 4.9132E-09 4.8974E-09 4.8620E-09 4.8139E-09 4.7540E-09 4.6859E-09 4.6119E-09 4.5332E-09 4.4506E-09 4.3665E-09 4.2795E-09 4.1925E-09 4.1041E-09 4.0148E-09 3.9239E-09 3.8322E-09 3.7395E-09 3.6454E-09 3.5497E-09 3.4527E-09 3.3539E-09 3.2534E-09 3.1514E-09 3.0501E-09 2.9488E-09 2.8490E-09 2.7512E-09 2.6548E-09 2.5595E-09 2.4636E-09 2.3661E-09 2.2675E-09 2.1678E-09 2.0673E-09 1.9661E-09 1.8651E-09 1.7645E-09 1.6651E-09 1.5675E-09 1.4721E-09 1.3792E-09 1.2894E-09 1.2026E-09 1.1186E-09 1.0392E-09
2.4607E-09 2.8942E-09 3.3060E-09 3.6936E-09 4.0344E-09 4.3274E-09 4.5701E-09 4.7634E-09 4.9099E-09 5.0143E-09 5.0795E-09 5.1134E-09 5.1193E-09 5.1020E-09 5.0675E-09 5.0172E-09 4.9569E-09 4.8874E-09 4.8113E-09 4.7314E-09 4.6474E-09 4.5615E-09 4.4745E-09 4.3856E-09 4.2953E-09 4.2039E-09 4.1120E-09 4.0187E-09 3.9238E-09 3.8275E-09 3.7297E-09 3.6299E-09 3.5279E-09 3.4237E-09 3.3175E-09 3.2112E-09 3.1046E-09 2.9990E-09 2.8950E-09 2.7925E-09 2.6910E-09 2.5889E-09 2.4855E-09 2.3808E-09 2.2746E-09 2.1677E-09 2.0604E-09 1.9528E-09 1.8459E-09 1.7404E-09 1.6366E-09 1.5351E-09 1.4367E-09 1.3414E-09 1.2497E-09 1.1621E-09 1.0781E-09
2.5184E-09 2.9645E-09 3.4017E-09 3.8044E-09 4.1643E-09 4.4742E-09 4.7320E-09 4.9376E-09 5.0945E-09 5.2046E-09 5.2774E-09 5.3134E-09 5.3216E-09 5.3054E-09 5.2705E-09 5.2204E-09 5.1589E-09 5.0891E-09 5.0121E-09 4.9309E-09 4.8468E-09 4.7604E-09 4.6718E-09 4.5825E-09 4.4924E-09 4.4010E-09 4.3087E-09 4.2141E-09 4.1182E-09 4.0205E-09 3.9205E-09 3.8182E-09 3.7133E-09 3.6058E-09 3.4956E-09 3.3845E-09 3.2729E-09 3.1615E-09 3.0510E-09 2.9421E-09 2.8339E-09 2.7258E-09 2.6160E-09 2.5046E-09 2.3919E-09 2.2782E-09 2.1638E-09 2.0495E-09 1.9359E-09 1.8234E-09 1.7130E-09 1.6053E-09 1.5004E-09 1.3991E-09 1.3018E-09 1.2086E-09 1.1198E-09
2.5603E-09 3.0221E-09 3.4793E-09 3.9017E-09 4.2811E-09 4.6095E-09 4.8832E-09 5.1029E-09 5.2688E-09 5.3901E-09 5.4666E-09 5.5086E-09 5.5185E-09 5.5051E-09 5.4709E-09 5.4217E-09 5.3602E-09 5.2901E-09 5.2130E-09 5.1324E-09 5.0481E-09 4.9613E-09 4.8736E-09 4.7840E-09 4.6939E-09 4.6015E-09 4.5080E-09 4.4130E-09 4.3160E-09 4.2166E-09 4.1145E-09 4.0097E-09 3.9019E-09 3.7910E-09 3.6770E-09 3.5610E-09 3.4443E-09 3.3269E-09 3.2100E-09 3.0943E-09 2.9793E-09 2.8643E-09 2.7478E-09 2.6296E-09 2.5100E-09 2.3891E-09 2.2678E-09 2.1464E-09 2.0255E-09 1.9062E-09 1.7890E-09 1.6744E-09 1.5632E-09 1.4559E-09 1.3530E-09 1.2548E-09 1.1615E-09
2.5895E-09 3.0709E-09 3.5416E-09 3.9835E-09 4.3834E-09 4.7309E-09 5.0222E-09 5.2547E-09 5.4353E-09 5.5636E-09 5.6490E-09 5.6951E-09 5.7102E-09 5.6992E-09 5.6677E-09 5.6194E-09 5.5589E-09 5.4902E-09 5.4144E-09 5.3341E-09 5.2507E-09 5.1648E-09 5.0779E-09 4.9886E-09 4.8988E-09 4.8072E-09 4.7148E-09 4.6194E-09 4.5216E-09 4.4210E-09 4.3174E-09 4.2104E-09 4.1000E-09 3.9861E-09 3.8686E-09 3.7480E-09 3.6262E-09 3.5029E-09 3.3797E-09 3.2572E-09 3.1349E-09 3.0129E-09 2.8895E-09 2.7639E-09 2.6368E-09 2.5086E-09 2.3797E-09 2.2506E-09 2.1224E-09 1.9956E-09 1.8709E-09 1.7492E-09 1.6313E-09 1.5176E-09 1.4085E-09 1.3042E-09 1.2051E-09
2.6074E-09 3.1002E-09 3.5871E-09 4.0486E-09 4.4693E-09 4.8369E-09 5.1447E-09 5.3953E-09 5.5870E-09 5.7271E-09 5.8203E-09 5.8739E-09 5.8944E-09 5.8871E-09 5.8584E-09 5.8127E-09 5.7551E-09 5.6882E-09 5.6139E-09 5.5354E-09 5.4542E-09 5.3695E-09 5.2839E-09 5.1961E-09 5.1080E-09 5.0174E-09 4.9251E-09 4.8297E-09 4.7314E-09 4.6300E-09 4.5250E-09 4.4162E-09 4.3036E-09 4.1869E-09 4.0660E-09 3.9410E-09 3.8140E-09 3.6849E-09 3.5552E-09 3.4255E-09 3.2961E-09 3.1667E-09 3.0359E-09 2.9030E-09 2.7684E-09 2.6322E-09 2.4954E-09 2.3587E-09 2.2224E-09 2.0877E-09 1.9556E-09 1.8267E-09 1.7017E-09 1.5813E-09 1.4659E-09 1.3560E-09 1.2516E-09
2.6181E-09 3.1139E-09 3.6159E-09 4.0963E-09 4.5372E-09 4.9238E-09 5.2525E-09 5.5179E-09 5.7247E-09 5.8770E-09 5.9804E-09 6.0424E-09 6.0684E-09 6.0666E-09 6.0426E-09 6.0015E-09 5.9465E-09 5.8824E-09 5.8115E-09 5.7358E-09 5.6568E-09 5.5745E-09 5.4918E-09 5.4066E-09 5.3196E-09 5.2301E-09 5.1380E-09 5.0430E-09 4.9448E-09 4.8429E-09 4.7369E-09 4.6269E-09 4.5122E-09 4.3927E-09 4.2686E-09 4.1396E-09 4.0072E-09 3.8727E-09 3.7363E-09 3.5993E-09 3.4624E-09 3.3249E-09 3.1867E-09 3.0462E-09 2.9034E-09 2.7592E-09 2.6144E-09 2.4692E-09 2.3248E-09 2.1822E-09 2.0422E-09 1.9058E-09 1.7736E-09 1.6462E-09 1.5242E-09 1.4077E-09 1.2971E-09
2.6122E-09 3.1126E-09 3.6271E-09 4.1249E-09 4.5840E-09 4.9929E-09 5.3393E-09 5.6233E-09 5.8463E-09 6.0117E-09 6.1269E-09 6.1971E-09 6.2318E-09 6.2372E-09 6.2191E-09 6.1821E-09 6.1324E-09 6.0730E-09 6.0059E-09 5.9334E-09 5.8584E-09 5.7800E-09 5.7000E-09 5.6171E-09 5.5329E-09 5.4458E-09 5.3558E-09 5.2621E-09 5.1655E-09 5.0639E-09 4.9580E-09 4.8471E-09 4.7309E-09 4.6095E-09 4.4825E-09 4.3499E-09 4.2128E-09 4.0730E-09 3.9302E-09 3.7860E-09 3.6414E-09 3.4961E-09 3.3498E-09 3.2011E-09 3.0501E-09 2.8975E-09 2.7438E-09 2.5901E-09 2.4372E-09 2.2861E-09 2.1379E-09 1.9933E-09 1.8532E-09 1.7181E-09 1.5885E-09 1.4651E-09 1.3483E-09
2.5940E-09 3.0956E-09 3.6194E-09 4.1322E-09 4.6111E-09 5.0389E-09 5.4064E-09 5.7096E-09 5.9488E-09 6.1293E-09 6.2564E-09 6.3385E-09 6.3831E-09 6.3962E-09 6.3852E-09 6.3552E-09 6.3114E-09 6.2572E-09 6.1952E-09 6.1283E-09 6.0578E-09 5.9835E-09 5.9073E-09 5.8284E-09 5.7467E-09 5.6620E-09 5.5745E-09 5.4825E-09 5.3865E-09 5.2859E-09 5.1800E-09 5.0686E-09 4.9513E-09 4.8278E-09 4.6980E-09 4.5621E-09 4.4203E-09 4.2749E-09 4.1256E-09 3.9744E-09 3.8220E-09 3.6684E-09 3.5137E-09 3.3568E-09 3.1972E-09 3.0358E-09 2.8733E-09 2.7108E-09 2.5492E-09 2.3895E-09 2.2327E-09 2.0798E-09 1.9314E-09 1.7883E-09 1.6514E-09 1.5212E-09 1.3981E-09
2.5656E-09 3.0644E-09 3.5936E-09 4.1193E-09 4.6141E-09 5.0638E-09 5.4514E-09 5.7734E-09 6.0310E-09 6.2273E-09 6.3690E-09 6.4642E-09 6.5192E-09 6.5428E-09 6.5404E-09 6.5188E-09 6.4817E-09 6.4347E-09 6.3792E-09 6.3181E-09 6.2531E-09 6.1840E-09 6.1123E-09 6.0372E-09 5.9599E-09 5.8792E-09 5.7942E-09 5.7054E-09 5.6125E-09 5.5133E-09 5.4084E-09 5.2972E-09 5.1792E-09 5.0544E-09 4.9225E-09 4.7834E-09 4.6374E-09 4.4866E-09 4.3314E-09 4.1730E-09 4.0126E-09 3.8508E-09 3.6875E-09 3.5221E-09 3.3537E-09 3.1832E-09 3.0117E-09 2.8400E-09 2.6692E-09 2.5004E-09 2.3344E-09 2.1724E-09 2.0153E-09 1.8642E-09 1.7196E-09 1.5823E-09 1.4526E-09
2.5267E-09 3.0193E-09 3.5500E-09 4.0856E-09 4.5975E-09 5.0640E-09 5.4717E-09 5.8144E-09 6.0906E-09 6.3044E-09 6.4627E-09 6.5715E-09 6.6400E-09 6.6745E-09 6.6830E-09 6.6703E-09 6.6428E-09 6.6036E-09 6.5560E-09 6.5015E-09 6.4429E-09 6.3795E-09 6.3137E-09 6.2447E-09 6.1714E-09 6.0949E-09 6.0147E-09 5.9291E-09 5.8379E-09 5.7411E-09 5.6376E-09 5.5268E-09 5.4087E-09 5.2828E-09 5.1488E-09 5.0068E-09 4.8571E-09 4.7010E-09 4.5410E-09 4.3756E-09 4.2072E-09 4.0371E-09 3.8647E-09 3.6905E-09 3.5133E-09 3.3337E-09 3.1528E-09 2.9717E-09 2.7915E-09 2.6130E-09 2.4377E-09 2.2666E-09 2.1008E-09 1.9410E-09 1.7883E-09 1.6437E-09 1.5076E-09
2.4796E-09 2.9603E-09 3.4899E-09 4.0320E-09 4.5559E-09 5.0393E-09 5.4678E-09 5.8302E-09 6.1261E-09 6.3595E-09 6.5349E-09 6.6601E-09 6.7423E-09 6.7905E-09 6.8108E-09 6.8094E-09 6.7919E-09 6.7623E-09 6.7229E-09 6.6766E-09 6.6251E-09 6.5699E-09 6.5104E-09 6.4470E-09 6.3803E-09 6.3092E-09 6.2331E-09 6.1520E-09 6.0655E-09 5.9715E-09 5.8698E-09 5.7606E-09 5.6428E-09 5.5162E-09 5.3819E-09 5.2377E-09 5.0846E-09 4.9236E-09 4.7571E-09 4.5848E-09 4.4087E-09 4.2300E-09 4.0487E-09 3.8655E-09 3.6791E-09 3.4901E-09 3.2995E-09 3.1086E-09 2.9185E-09 2.7302E-09 2.5453E-09 2.3650E-09 2.1903E-09 2.0226E-09 1.8624E-09 1.7106E-09 1.5671E-09
2.4236E-09 2.8908E-09 3.4133E-09 3.9571E-09 4.4916E-09 4.9901E-09 5.4370E-09 5.8200E-09 6.1377E-09 6.3906E-09 6.5848E-09 6.7270E-09 6.8262E-09 6.8890E-09 6.9224E-09 6.9340E-09 6.9277E-09 6.9085E-09 6.8786E-09 6.8421E-09 6.7999E-09 6.7520E-09 6.7006E-09 6.6447E-09 6.5847E-09 6.5205E-09 6.4505E-09 6.3746E-09 6.2915E-09 6.2009E-09 6.1024E-09 5.9959E-09 5.8789E-09 5.7525E-09 5.6161E-09 5.4697E-09 5.3136E-09 5.1486E-09 4.9772E-09 4.7984E-09 4.6159E-09 4.4288E-09 4.2387E-09 4.0461E-09 3.8505E-09 3.6519E-09 3.4516E-09 3.2507E-09 3.0505E-09 2.8522E-09 2.6573E-09 2.4671E-09 2.2830E-09 2.1062E-09 1.9376E-09 1.7778E-09 1.6272E-09
2.3620E-09 2.8104E-09 3.3225E-09 3.8643E-09 4.4043E-09 4.9153E-09 5.3803E-09 5.7843E-09 6.1225E-09 6.3964E-09 6.6104E-09 6.7725E-09 6.8889E-09 6.9675E-09 7.0168E-09 7.0414E-09 7.0482E-09 7.0402E-09 7.0230E-09 6.9965E-09 6.9640E-09 6.9257E-09 6.8831E-09 6.8365E-09 6.7844E-09 6.7272E-09 6.6639E-09 6.5936E-09 6.5159E-09 6.4310E-09 6.3358E-09 6.2307E-09 6.1156E-09 5.9897E-09 5.8536E-09 5.7065E-09 5.5484E-09 5.3792E-09 5.2018E-09 5.0169E-09 4.8258E-09 4.6302E-09 4.4311E-09 4.2291E-09 4.0244E-09 3.8164E-09 3.6060E-09 3.3948E-09 3.1843E-09 2.9760E-09 2.7715E-09 2.5724E-09 2.3796E-09 2.1945E-09 2.0175E-09 1.8492E-09 1.6903E-09
2.2948E-09 2.7221E-09 3.2193E-09 3.7546E-09 4.2966E-09 4.8180E-09 5.2980E-09 5.7216E-09 6.0809E-09 6.3761E-09 6.6121E-09 6.7937E-09 6.9285E-09 7.0258E-09 7.0906E-09 7.1309E-09 7.1514E-09 7.1582E-09 7.1522E-09 7.1382E-09 7.1164E-09 7.0895E-09 7.0578E-09 7.0199E-09 6.9771E-09 6.9281E-09 6.8722E-09 6.8102E-09 6.7387E-09 6.6577E-09 6.5668E-09 6.4664E-09 6.3537E-09 6.2296E-09 6.0930E-09 5.9441E-09 5.7833E-09 5.6121E-09 5.4299E-09 5.2401E-09 5.0421E-09 4.8389E-09 4.6319E-09 4.4209E-09 4.2067E-09 3.9887E-09 3.7681E-09 3.5465E-09 3.3254E-09 3.1067E-09 2.8915E-09 2.6819E-09 2.4789E-09 2.2841E-09 2.0981E-09 1.9217E-09 1.7551E-09
2.2251E-09 2.6278E-09 3.1049E-09 3.6293E-09 4.1688E-09 4.6973E-09 5.1905E-09 5.6323E-09 6.0123E-09 6.3301E-09 6.5871E-09 6.7894E-09 6.9455E-09 7.0607E-09 7.1436E-09 7.2004E-09 7.2376E-09 7.2580E-09 7.2665E-09 7.2651E-09 7.2575E-09 7.2422E-09 7.2210E-09 7.1945E-09 7.1615E-09 7.1226E-09 7.0760E-09 7.0207E-09 6.9565E-09 6.8824E-09 6.7978E-09 6.7001E-09 6.5902E-09 6.4687E-09 6.3326E-09 6.1846E-09 6.0224E-09 5.8486E-09 5.6618E-09 5.4657E-09 5.2610E-09 5.0501E-09 4.8343E-09 4.6137E-09 4.3896E-09 4.1615E-09 3.9307E-09 3.6987E-09 3.4675E-09 3.2387E-09 3.0141E-09 2.7951E-09 2.5831E-09 2.3786E-09 2.1830E-09 1.9972E-09 1.8218E-09
2.1531E-09 2.5289E-09 2.9826E-09 3.4914E-09 4.0246E-09 4.5562E-09 5.0587E-09 5.5172E-09 5.9181E-09 6.2564E-09 6.5352E-09 6.7604E-09 6.9366E-09 7.0722E-09 7.1744E-09 7.2499E-09 7.3033E-09 7.3399E-09 7.3637E-09 7.3782E-09 7.3832E-09 7.3813E-09 7.3730E-09 7.3582E-09 7.3372E-09 7.3083E-09 7.2715E-09 7.2253E-09 7.1701E-09 7.1036E-09 7.0249E-09 6.9328E-09 6.8280E-09 6.7078E-09 6.5748E-09 6.4262E-09 6.2631E-09 6.0859E-09 5.8956E-09 5.6963E-09 5.4866E-09 5.2693E-09 5.0450E-09 4.8152E-09 4.5811E-09 4.3433E-09 4.1021E-09 3.8598E-09 3.6177E-09 3.3780E-09 3.1422E-09 2.9124E-09 2.6897E-09 2.4757E-09 2.2712E-09 2.0765E-09 1.8917E-09
2.0794E-09 2.4274E-09 2.8545E-09 3.3441E-09 3.8669E-09 4.3960E-09 4.9056E-09 5.3784E-09 5.7966E-09 6.1558E-09 6.4577E-09 6.7042E-09 6.9025E-09 7.0596E-09 7.1824E-09 7.2767E-09 7.3483E-09 7.4031E-09 7.4441E-09 7.4732E-09 7.4938E-09 7.5064E-09 7.5123E-09 7.5106E-09 7.5014E-09 7.4846E-09 7.4584E-09 7.4237E-09 7.3773E-09 7.3177E-09 7.2463E-09 7.1608E-09 7.0606E-09 6.9445E-09 6.8139E-09 6.6662E-09 6.5040E-09 6.3261E-09 6.1344E-09 5.9301E-09 5.7145E-09 5.4891E-09 5.2560E-09 5.0169E-09 4.7729E-09 4.5249E-09 4.2739E-09 4.0213E-09 3.7694E-09 3.5197E-09 3.2743E-09 3.0344E-09 2.8018E-09 2.5773E-09 2.3623E-09 2.1576E-09 1.9643E-09
2.0056E-09 2.3262E-09 2.7243E-09 3.1909E-09 3.6989E-09 4.2211E-09 4.7341E-09 5.2159E-09 5.6507E-09 6.0303E-09 6.3529E-09 6.6221E-09 6.8430E-09 7.0224E-09 7.1660E-09 7.2806E-09 7.3728E-09 7.4461E-09 7.5042E-09 7.5510E-09 7.5876E-09 7.6164E-09 7.6367E-09 7.6498E-09 7.6534E-09 7.6504E-09 7.6372E-09 7.6115E-09 7.5749E-09 7.5266E-09 7.4633E-09 7.3842E-09 7.2897E-09 7.1791E-09 7.0514E-09 6.9062E-09 6.7450E-09 6.5676E-09 6.3739E-09 6.1655E-09 5.9447E-09 5.7135E-09 5.4725E-09 5.2243E-09 4.9704E-09 4.7131E-09 4.4525E-09 4.1900E-09 3.9273E-09 3.6670E-09 3.4105E-09 3.1600E-09 2.9167E-09 2.6819E-09 2.4568E-09 2.2431E-09 2.0408E-09
1.9330E-09 2.2272E-09 2.5946E-09 3.0342E-09 3.5218E-09 4.0330E-09 4.5454E-09 5.0332E-09 5.4821E-09 5.8796E-09 6.2231E-09 6.5142E-09 6.7583E-09 6.9597E-09 7.1255E-09 7.2624E-09 7.3746E-09 7.4674E-09 7.5449E-09 7.6095E-09 7.6642E-09 7.7091E-09 7.7460E-09 7.7734E-09 7.7944E-09 7.8031E-09 7.8018E-09 7.7896E-09 7.7652E-09 7.7256E-09 7.6699E-09 7.6001E-09 7.5129E-09 7.4069E-09 7.2833E-09 7.1423E-09 6.9842E-09 6.8079E-09 6.6125E-09 6.4008E-09 6.1752E-09 5.9362E-09 5.6868E-09 5.4303E-09 5.1680E-09 4.9019E-09 4.6322E-09 4.3601E-09 4.0880E-09 3.8176E-09 3.5509E-09 3.2898E-09 3.0359E-09 2.7908E-09 2.5556E-09 2.3309E-09 2.1188E-09
1.8529E-09 2.1312E-09 2.4678E-09 2.8773E-09 3.3421E-09 3.8385E-09 4.3429E-09 4.8328E-09 5.2933E-09 5.7065E-09 6.0688E-09 6.3823E-09 6.6480E-09 6.8725E-09 7.0615E-09 7.2198E-09 7.3535E-09 7.4671E-09 7.5643E-09 7.6488E-09 7.7216E-09 7.7843E-09 7.8384E-09 7.8835E-09 7.9176E-09 7.9418E-09 7.9554E-09 7.9562E-09 7.9414E-09 7.9148E-09 7.8705E-09 7.8083E-09 7.7278E-09 7.6309E-09 7.5149E-09 7.3790E-09 7.2216E-09 7.0444E-09 6.8481E-09 6.6331E-09 6.4019E-09 6.1571E-09 5.9016E-09 5.6379E-09 5.3679E-09 5.0932E-09 4.8147E-09 4.5331E-09 4.2510E-09 3.9701E-09 3.6928E-09 3.4210E-09 3.1561E-09 2.9003E-09 2.6550E-09 2.4216E-09 2.1998E-09
