Assets/Resources/2015_m01_d07_2000(utc+0800)_l00_csi_1hr_conc.grd
DSAA
         159         159
     -79.000      79.000
     -79.000      79.000
  0.0000E+00  0.4645E-04
[rows 100 to 124 of 159, columns 57 to 113 of 159]
9.9475E-11 1.0231E-10 9.8045E-11 1.0703E-10 1.1489E-10 1.0656E-10 1.0809E-10 1.0947E-10 1.1042E-10 1.0962E-10 1.0862E-10 1.0798E-10 1.0746E-10 1.0658E-10 1.0534E-10 1.0375E-10 1.0181E-10 9.9540E-11 9.6961E-11 9.2805E-11 8.9775E-11 8.6530E-11 9.1592E-11 1.0560E-10 1.3446E-10 1.6964E-10 2.0753E-10 2.5522E-10 2.9253E-10 3.5349E-10 4.4280E-10 5.2469E-10 5.9843E-10 6.8996E-10 7.6319E-10 8.2653E-10 8.8813E-10 9.4373E-10 9.8737E-10 1.0308E-09 1.0756E-09 1.1160E-09 1.1605E-09 1.1968E-09 1.2291E-09 1.2517E-09 1.2743E-09 1.2598E-09 1.2857E-09 1.2682E-09 1.2566E-09 1.2475E-09 1.2280E-09 1.2062E-09 1.2193E-09 1.1961E-09 1.1723E-09
7.7315E-11 7.8720E-11 7.9899E-11 8.0748E-11 8.1383E-11 8.1657E-11 8.2033E-11 8.7847E-11 9.3623E-11 9.3909E-11 9.3929E-11 9.3671E-11 9.3125E-11 9.2286E-11 9.1154E-11 8.9733E-11 8.6734E-11 8.4833E-11 8.2682E-11 8.0304E-11 7.7723E-11 7.4967E-11 6.8979E-11 8.5175E-11 8.5537E-11 1.1300E-10 1.5039E-10 1.9497E-10 2.4589E-10 3.0019E-10 3.5695E-10 4.3170E-10 5.1142E-10 5.9661E-10 6.7107E-10 7.3942E-10 7.9977E-10 8.5469E-10 9.0648E-10 9.5177E-10 9.8792E-10 1.0320E-09 1.0715E-09 1.1213E-09 1.1487E-09 1.1412E-09 1.1638E-09 1.1859E-09 1.1753E-09 1.1656E-09 1.1531E-09 1.1475E-09 1.1334E-09 1.1510E-09 1.0983E-09 1.0792E-09 1.0910E-09
6.9006E-11 7.0356E-11 7.1349E-11 7.2029E-11 7.2496E-11 7.2774E-11 7.2884E-11 7.2824E-11 7.2594E-11 7.2198E-11 7.1638E-11 7.0177E-11 7.1931E-11 7.3876E-11 7.3639E-11 7.2848E-11 7.1306E-11 6.8895E-11 6.5697E-11 6.3578E-11 5.9832E-11 5.3223E-11 5.1484E-11 4.9690E-11 6.8714E-11 9.3180E-11 1.2325E-10 1.6048E-10 1.9739E-10 2.3958E-10 2.9247E-10 3.6965E-10 4.4153E-10 5.0838E-10 5.8998E-10 6.5253E-10 7.1638E-10 7.7458E-10 8.2284E-10 8.7121E-10 9.1358E-10 9.5714E-10 9.8885E-10 1.0293E-09 1.0384E-09 1.0701E-09 1.0580E-09 1.0442E-09 1.0650E-09 1.0290E-09 1.0550E-09 1.0478E-09 1.0423E-09 1.0290E-09 1.0140E-09 1.0297E-09 1.0442E-09
6.0199E-11 6.1285E-11 6.2100E-11 6.2793E-11 6.3142E-11 6.3415E-11 6.3541E-11 6.3521E-11 6.3355E-11 6.3043E-11 6.2589E-11 6.1996E-11 6.1269E-11 6.0411E-11 5.9430E-11 5.8332E-11 5.7125E-11 5.5816E-11 5.1891E-11 5.0536E-11 4.9106E-11 4.7611E-11 4.6058E-11 4.4456E-11 5.7965E-11 6.3655E-11 8.8420E-11 1.1948E-10 1.5704E-10 2.0047E-10 2.4738E-10 2.8589E-10 3.6348E-10 4.3362E-10 4.9725E-10 5.7643E-10 6.3935E-10 6.9406E-10 7.4828E-10 7.9811E-10 8.3702E-10 8.7809E-10 9.2014E-10 9.1966E-10 9.6371E-10 9.6024E-10 9.5575E-10 9.8138E-10 9.3481E-10 9.6634E-10 9.5703E-10 9.4896E-10 9.4643E-10 9.4382E-10 9.6341E-10 9.8177E-10 9.6701E-10
5.3709E-11 5.4615E-11 5.5264E-11 5.5745E-11 5.6120E-11 5.6367E-11 5.6485E-11 5.6472E-11 5.6329E-11 5.6058E-11 5.5661E-11 5.5139E-11 5.4498E-11 5.3742E-11 5.0895E-11 4.9454E-11 4.8491E-11 4.7440E-11 4.6308E-11 4.5102E-11 4.3830E-11 4.2498E-11 4.1115E-11 3.9689E-11 3.7079E-11 5.2453E-11 7.2442E-11 8.5397E-11 1.1716E-10 1.5478E-10 1.9767E-10 2.4352E-10 2.9185E-10 3.5955E-10 4.2556E-10 4.9912E-10 5.6298E-10 6.2201E-10 6.7664E-10 7.2214E-10 7.6886E-10 7.7134E-10 8.0700E-10 8.0917E-10 8.0961E-10 8.5959E-10 8.2006E-10 8.5142E-10 8.3991E-10 8.6583E-10 8.3029E-10 8.6275E-10 8.5825E-10 8.8915E-10 8.8314E-10 8.7283E-10 8.9179E-10
4.6837E-11 4.7817E-11 4.8677E-11 4.9111E-11 4.9415E-11 4.9469E-11 4.9262E-11 4.8798E-11 4.7870E-11 4.7240E-11 4.6953E-11 4.6563E-11 4.6072E-11 4.5483E-11 4.4801E-11 4.4030E-11 4.3176E-11 4.2243E-11 4.1238E-11 4.0167E-11 3.9037E-11 3.6689E-11 3.5523E-11 3.4317E-11 3.3079E-11 3.1815E-11 4.8802E-11 7.0166E-11 9.6007E-11 1.2766E-10 1.6471E-10 1.9468E-10 2.3947E-10 3.0676E-10 3.6850E-10 4.2551E-10 4.9619E-10 5.5291E-10 6.0417E-10 6.1794E-10 6.6064E-10 7.0452E-10 7.0551E-10 7.0988E-10 7.4356E-10 7.2315E-10 7.6081E-10 7.5683E-10 7.5167E-10 7.4724E-10 7.4533E-10 7.7647E-10 8.0434E-10 8.0469E-10 8.0547E-10 8.2786E-10 8.1731E-10
3.9944E-11 4.0640E-11 4.1080E-11 4.1485E-11 4.1798E-11 4.2019E-11 4.2146E-11 4.2177E-11 4.2113E-11 4.1954E-11 4.1702E-11 4.1357E-11 4.0923E-11 4.0403E-11 3.9800E-11 3.9118E-11 3.8361E-11 3.6338E-11 3.5498E-11 3.4601E-11 3.3652E-11 3.2655E-11 3.1619E-11 3.0547E-11 2.9446E-11 2.8323E-11 4.0770E-11 4.5605E-11 6.8150E-11 9.4759E-11 1.2667E-10 1.6347E-10 2.0326E-10 2.3527E-10 3.0304E-10 3.6340E-10 4.2790E-10 4.8588E-10 5.0548E-10 5.5247E-10 5.6504E-10 5.7455E-10 6.0916E-10 5.7892E-10 6.1889E-10 6.5744E-10 6.6786E-10 6.3415E-10 6.6978E-10 6.6427E-10 6.9141E-10 6.9318E-10 7.2221E-10 7.1996E-10 7.2206E-10 7.5326E-10 7.1669E-10
3.5453E-11 3.5955E-11 3.6394E-11 3.6754E-11 3.7033E-11 3.7231E-11 3.7344E-11 3.7374E-11 3.7319E-11 3.7180E-11 3.6959E-11 3.6656E-11 3.5069E-11 3.4644E-11 3.4148E-11 3.3583E-11 3.2955E-11 3.2267E-11 3.1522E-11 3.0727E-11 2.9885E-11 2.9002E-11 2.8082E-11 2.7132E-11 2.6156E-11 2.5159E-11 2.4147E-11 3.8024E-11 5.5653E-11 6.6345E-11 9.3560E-11 1.2559E-10 1.6205E-10 2.0110E-10 2.4145E-10 3.1308E-10 3.3376E-10 3.9568E-10 4.1291E-10 4.3188E-10 4.7656E-10 4.8684E-10 4.9256E-10 5.2947E-10 5.2966E-10 5.0126E-10 5.3871E-10 5.5554E-10 5.8825E-10 6.1822E-10 6.1620E-10 6.1012E-10 6.4375E-10 6.4836E-10 6.7943E-10 6.5009E-10 6.7691E-10
2.7784E-11 2.8131E-11 2.8499E-11 2.8808E-11 2.9056E-11 2.9241E-11 2.9362E-11 2.9418E-11 2.9409E-11 2.9335E-11 2.9195E-11 2.8992E-11 2.8727E-11 2.8401E-11 2.8017E-11 2.7577E-11 2.7083E-11 2.6540E-11 2.5950E-11 2.5317E-11 2.4645E-11 2.3938E-11 2.3201E-11 2.2436E-11 2.1649E-11 2.0843E-11 2.0023E-11 1.9194E-11 3.4442E-11 5.3256E-11 7.5699E-11 1.0291E-10 1.3461E-10 1.3769E-10 1.7375E-10 2.3088E-10 2.5735E-10 2.7849E-10 3.3541E-10 3.5693E-10 3.6498E-10 4.0623E-10 4.0879E-10 4.1443E-10 4.2028E-10 4.2807E-10 4.6211E-10 5.0485E-10 5.1105E-10 5.1561E-10 5.4258E-10 5.4196E-10 5.7246E-10 5.4621E-10 5.7475E-10 5.8871E-10 5.9251E-10
2.4518E-11 2.4895E-11 2.5221E-11 2.5496E-11 2.5715E-11 2.5880E-11 2.5987E-11 2.6037E-11 2.6030E-11 2.5964E-11 2.5842E-11 2.5663E-11 2.5429E-11 2.5141E-11 2.4801E-11 2.4412E-11 2.3976E-11 2.3496E-11 2.2975E-11 2.2415E-11 2.1821E-11 2.1196E-11 2.0543E-11 1.9867E-11 1.9170E-11 1.8458E-11 1.7732E-11 1.6998E-11 2.8469E-11 3.2652E-11 5.2417E-11 6.1554E-11 8.6339E-11 9.9819E-11 1.1489E-10 1.3448E-10 1.8720E-10 2.1526E-10 2.3716E-10 2.8047E-10 2.9326E-10 2.7808E-10 3.1323E-10 3.2137E-10 3.4988E-10 3.8238E-10 3.9107E-10 4.2616E-10 4.4016E-10 4.4403E-10 4.7675E-10 4.7535E-10 4.7331E-10 4.8859E-10 5.1643E-10 5.2033E-10 5.3542E-10
1.6874E-11 1.7156E-11 1.7404E-11 1.7618E-11 1.7794E-11 1.7933E-11 1.8034E-11 1.8095E-11 1.8117E-11 1.8098E-11 1.8041E-11 1.7944E-11 1.7808E-11 1.7634E-11 1.7424E-11 1.7179E-11 1.6901E-11 1.6590E-11 1.6249E-11 1.5881E-11 1.5487E-11 1.5069E-11 1.4631E-11 1.4175E-11 1.3703E-11 1.3217E-11 1.2721E-11 1.2217E-11 1.1708E-11 1.7835E-11 3.1295E-11 2.9835E-11 4.1469E-11 6.1857E-11 7.7145E-11 1.0165E-10 1.2159E-10 1.5933E-10 1.7084E-10 1.7649E-10 2.0723E-10 2.2003E-10 2.5359E-10 2.8307E-10 2.9238E-10 3.2150E-10 3.2713E-10 3.3230E-10 3.6632E-10 3.8494E-10 3.8633E-10 3.9831E-10 4.2415E-10 4.2015E-10 4.4107E-10 4.4249E-10 4.7289E-10
1.2408E-11 1.2618E-11 1.2803E-11 1.2963E-11 1.3097E-11 1.3203E-11 1.3282E-11 1.3332E-11 1.3353E-11 1.3346E-11 1.3309E-11 1.3244E-11 1.3151E-11 1.3030E-11 1.2883E-11 1.2710E-11 1.2511E-11 1.2290E-11 1.2046E-11 1.1782E-11 1.1498E-11 1.1197E-11 1.0881E-11 1.0550E-11 1.0208E-11 9.8552E-12 9.4943E-12 9.1268E-12 8.7548E-12 8.3798E-12 1.5129E-11 2.3351E-11 3.3069E-11 3.0522E-11 4.6854E-11 5.6971E-11 6.1806E-11 7.4801E-11 1.0645E-10 1.1751E-10 1.5830E-10 1.9037E-10 2.0186E-10 2.3138E-10 2.3828E-10 2.4336E-10 2.6979E-10 2.8169E-10 2.8735E-10 3.0772E-10 3.3767E-10 3.4262E-10 3.5188E-10 3.5168E-10 3.7911E-10 3.9191E-10 4.0408E-10
8.6684E-12 8.8247E-12 8.9644E-12 9.0866E-12 9.1906E-12 9.2757E-12 9.3413E-12 9.3872E-12 9.4128E-12 9.4182E-12 9.4032E-12 9.3679E-12 9.3127E-12 9.2377E-12 9.1436E-12 9.0310E-12 8.9004E-12 8.7528E-12 8.5891E-12 8.4103E-12 8.2175E-12 8.0117E-12 7.7943E-12 7.5664E-12 7.3294E-12 7.0845E-12 6.8331E-12 6.5763E-12 6.3157E-12 6.0523E-12 5.7874E-12 5.5223E-12 1.1999E-11 1.0897E-11 1.0383E-11 1.7482E-11 3.0722E-11 2.6273E-11 6.2276E-11 8.2428E-11 1.1670E-10 1.2878E-10 1.5552E-10 1.6515E-10 1.9138E-10 2.0207E-10 2.0328E-10 2.1376E-10 2.4123E-10 2.7057E-10 2.7179E-10 2.9632E-10 3.0146E-10 3.2262E-10 3.3069E-10 3.4645E-10 3.5729E-10
5.3276E-12 5.4209E-12 5.5042E-12 5.5771E-12 5.6390E-12 5.6896E-12 5.7286E-12 5.7557E-12 5.7708E-12 5.7738E-12 5.7646E-12 5.7433E-12 5.7101E-12 5.6651E-12 5.6087E-12 5.5412E-12 5.4630E-12 5.3746E-12 5.2764E-12 5.1693E-12 5.0536E-12 4.9302E-12 4.7997E-12 4.6628E-12 4.5203E-12 4.3730E-12 4.2216E-12 4.0669E-12 3.9097E-12 3.7507E-12 3.5905E-12 3.4301E-12 3.2699E-12 3.1107E-12 2.9530E-12 2.7975E-12 8.4779E-12 1.5292E-11 4.2939E-11 5.5798E-11 6.7346E-11 9.7998E-11 1.0946E-10 1.3273E-10 1.3893E-10 1.4955E-10 1.7073E-10 1.7327E-10 1.8851E-10 2.0764E-10 2.1506E-10 2.5024E-10 2.6066E-10 2.7181E-10 2.8058E-10 2.9929E-10 3.3182E-10
2.5625E-12 2.6110E-12 2.6548E-12 2.6937E-12 2.7276E-12 2.7561E-12 2.7791E-12 2.7965E-12 2.8081E-12 2.8139E-12 2.8138E-12 2.8079E-12 2.7962E-12 2.7788E-12 2.7557E-12 2.7271E-12 2.6932E-12 2.6541E-12 2.6102E-12 2.5617E-12 2.5089E-12 2.4521E-12 2.3915E-12 2.3276E-12 2.2607E-12 2.1912E-12 2.1194E-12 2.0457E-12 1.9704E-12 1.8940E-12 1.8167E-12 1.7390E-12 1.6612E-12 1.5835E-12 1.5063E-12 1.4300E-12 1.3546E-12 1.2806E-12 6.7564E-12 2.9382E-11 4.6239E-11 5.2963E-11 7.6766E-11 9.5665E-11 1.1147E-10 1.1091E-10 1.2930E-10 1.2892E-10 1.4731E-10 1.5924E-10 1.7269E-10 2.0044E-10 2.1333E-10 2.3734E-10 2.5615E-10 2.7682E-10 3.0122E-10
2.2636E-12 2.3064E-12 2.3451E-12 2.3795E-12 2.4094E-12 2.4345E-12 2.4549E-12 2.4702E-12 2.4805E-12 2.4856E-12 2.4856E-12 2.4804E-12 2.4700E-12 2.4546E-12 2.4342E-12 2.4090E-12 2.3790E-12 2.3446E-12 2.3058E-12 2.2630E-12 2.2163E-12 2.1661E-12 2.1126E-12 2.0562E-12 1.9971E-12 1.9357E-12 1.8722E-12 1.8071E-12 1.7407E-12 1.6731E-12 1.6049E-12 1.5363E-12 1.4675E-12 1.3989E-12 1.3307E-12 1.2633E-12 1.1967E-12 1.1314E-12 5.4714E-12 4.9963E-12 2.3425E-11 3.9015E-11 5.6607E-11 6.4620E-11 8.0704E-11 8.6058E-11 9.8696E-11 1.0717E-10 1.1576E-10 1.2851E-10 1.4115E-10 1.6242E-10 1.9402E-10 2.1310E-10 2.3513E-10 2.4194E-10 2.6153E-10
0.0000E+00 0.0000E+00 0.0000E+00 0.0000E+00 0.0000E+00 0.0000E+00 0.0000E+00 0.0000E+00 0.0000E+00 0.0000E+00 0.0000E+00 0.0000E+00 0.0000E+00 0.0000E+00 0.0000E+00 0.0000E+00 0.0000E+00 0.0000E+00 0.0000E+00 0.0000E+00 0.0000E+00 0.0000E+00 0.0000E+00 0.0000E+00 0.0000E+00 0.0000E+00 0.0000E+00 0.0000E+00 0.0000E+00 0.0000E+00 0.0000E+00 0.0000E+00 0.0000E+00 0.0000E+00 0.0000E+00 0.0000E+00 0.0000E+00 0.0000E+00 0.0000E+00 0.0000E+00 1.3791E-11 2.5625E-11 2.9973E-11 4.7868E-11 5.6745E-11 6.3371E-11 7.6115E-11 8.6384E-11 9.3825E-11 1.0737E-10 1.2574E-10 1.3990E-10 1.7106E-10 1.8339E-10 2.0292E-10 2.2238E-10 2.4145E-10
0.0000E+00 0.0000E+00 0.0000E+00 0.0000E+00 0.0000E+00 0.0000E+00 0.0000E+00 0.0000E+00 0.0000E+00 0.0000E+00 0.0000E+00 0.0000E+00 0.0000E+00 0.0000E+00 0.0000E+00 0.0000E+00 0.0000E+00 0.0000E+00 0.0000E+00 0.0000E+00 0.0000E+00 0.0000E+00 0.0000E+00 0.0000E+00 0.0000E+00 0.0000E+00 0.0000E+00 0.0000E+00 0.0000E+00 0.0000E+00 0.0000E+00 0.0000E+00 0.0000E+00 0.0000E+00 0.0000E+00 0.0000E+00 0.0000E+00 0.0000E+00 0.0000E+00 0.0000E+00 0.0000E+00 1.4789E-11 2.2808E-11 3.1366E-11 4.3442E-11 5.1230E-11 5.9653E-11 7.1276E-11 8.3821E-11 9.3398E-11 1.0071E-10 1.1837E-10 1.3716E-10 1.6140E-10 1.8240E-10 2.0375E-10 2.2028E-10
0.0000E+00 0.0000E+00 0.0000E+00 0.0000E+00 0.0000E+00 0.0000E+00 0.0000E+00 0.0000E+00 0.0000E+00 0.0000E+00 0.0000E+00 0.0000E+00 0.0000E+00 0.0000E+00 0.0000E+00 0.0000E+00 0.0000E+00 0.0000E+00 0.0000E+00 0.0000E+00 0.0000E+00 0.0000E+00 0.0000E+00 0.0000E+00 0.0000E+00 0.0000E+00 0.0000E+00 0.0000E+00 0.0000E+00 0.0000E+00 0.0000E+00 0.0000E+00 0.0000E+00 0.0000E+00 0.0000E+00 0.0000E+00 0.0000E+00 0.0000E+00 0.0000E+00 0.0000E+00 0.0000E+00 0.0000E+00 1.8770E-11 2.3871E-11 3.2466E-11 4.1553E-11 5.2094E-11 6.2832E-11 6.6731E-11 7.8301E-11 9.0008E-11 1.0096E-10 1.1865E-10 1.3747E-10 1.6600E-10 1.8412E-10 2.0228E-10
0.0000E+00 0.0000E+00 0.0000E+00 0.0000E+00 0.0000E+00 0.0000E+00 0.0000E+00 0.0000E+00 0.0000E+00 0.0000E+00 0.0000E+00 0.0000E+00 0.0000E+00 0.0000E+00 0.0000E+00 0.0000E+00 0.0000E+00 0.0000E+00 0.0000E+00 0.0000E+00 0.0000E+00 0.0000E+00 0.0000E+00 0.0000E+00 0.0000E+00 0.0000E+00 0.0000E+00 0.0000E+00 0.0000E+00 0.0000E+00 0.0000E+00 0.0000E+00 0.0000E+00 0.0000E+00 0.0000E+00 0.0000E+00 0.0000E+00 0.0000E+00 0.0000E+00 0.0000E+00 0.0000E+00 0.0000E+00 1.2816E-11 1.9852E-11 2.4834E-11 3.3442E-11 4.2376E-11 4.9377E-11 5.9218E-11 6.6747E-11 7.8114E-11 8.9583E-11 1.0567E-10 1.1889E-10 1.4603E-10 1.6540E-10 1.8309E-10
0.0000E+00 0.0000E+00 0.0000E+00 0.0000E+00 0.0000E+00 0.0000E+00 0.0000E+00 0.0000E+00 0.0000E+00 0.0000E+00 0.0000E+00 0.0000E+00 0.0000E+00 0.0000E+00 0.0000E+00 0.0000E+00 0.0000E+00 0.0000E+00 0.0000E+00 0.0000E+00 0.0000E+00 0.0000E+00 0.0000E+00 0.0000E+00 0.0000E+00 0.0000E+00 0.0000E+00 0.0000E+00 0.0000E+00 0.0000E+00 0.0000E+00 0.0000E+00 0.0000E+00 0.0000E+00 0.0000E+00 0.0000E+00 0.0000E+00 0.0000E+00 0.0000E+00 0.0000E+00 0.0000E+00 0.0000E+00 0.0000E+00 1.3672E-11 2.0851E-11 2.8475E-11 3.4298E-11 4.3154E-11 4.9844E-11 5.9504E-11 7.0044E-11 7.7822E-11 9.0018E-11 1.0615E-10 1.2439E-10 1.4836E-10 1.6470E-10
0.0000E+00 0.0000E+00 0.0000E+00 0.0000E+00 0.0000E+00 0.0000E+00 0.0000E+00 0.0000E+00 0.0000E+00 0.0000E+00 0.0000E+00 0.0000E+00 0.0000E+00 0.0000E+00 0.0000E+00 0.0000E+00 0.0000E+00 0.0000E+00 0.0000E+00 0.0000E+00 0.0000E+00 0.0000E+00 0.0000E+00 0.0000E+00 0.0000E+00 0.0000E+00 0.0000E+00 0.0000E+00 0.0000E+00 0.0000E+00 0.0000E+00 0.0000E+00 0.0000E+00 0.0000E+00 0.0000E+00 0.0000E+00 0.0000E+00 0.0000E+00 0.0000E+00 0.0000E+00 0.0000E+00 0.0000E+00 0.0000E+00 0.0000E+00 1.7317E-11 2.1765E-11 2.9426E-11 3.5041E-11 4.3809E-11 5.2728E-11 5.9675E-11 7.0049E-11 8.0570E-11 9.2488E-11 1.0658E-10 1.2381E-10 1.5013E-10
0.0000E+00 0.0000E+00 0.0000E+00 0.0000E+00 0.0000E+00 0.0000E+00 0.0000E+00 0.0000E+00 0.0000E+00 0.0000E+00 0.0000E+00 0.0000E+00 0.0000E+00 0.0000E+00 0.0000E+00 0.0000E+00 0.0000E+00 0.0000E+00 0.0000E+00 0.0000E+00 0.0000E+00 0.0000E+00 0.0000E+00 0.0000E+00 0.0000E+00 0.0000E+00 0.0000E+00 0.0000E+00 0.0000E+00 0.0000E+00 0.0000E+00 0.0000E+00 0.0000E+00 0.0000E+00 0.0000E+00 0.0000E+00 0.0000E+00 0.0000E+00 0.0000E+00 0.0000E+00 0.0000E+00 0.0000E+00 0.0000E+00 0.0000E+00 1.1917E-11 1.8249E-11 2.2595E-11 3.0274E-11 3.8232E-11 4.4349E-11 5.3125E-11 5.9741E-11 6.9954E-11 8.0283E-11 9.4997E-11 1.0970E-10 1.2492E-10
0.0000E+00 0.0000E+00 0.0000E+00 0.0000E+00 0.0000E+00 0.0000E+00 0.0000E+00 0.0000E+00 0.0000E+00 0.0000E+00 0.0000E+00 0.0000E+00 0.0000E+00 0.0000E+00 0.0000E+00 0.0000E+00 0.0000E+00 0.0000E+00 0.0000E+00 0.0000E+00 0.0000E+00 0.0000E+00 0.0000E+00 0.0000E+00 0.0000E+00 0.0000E+00 0.0000E+00 0.0000E+00 0.0000E+00 0.0000E+00 0.0000E+00 0.0000E+00 0.0000E+00 0.0000E+00 0.0000E+00 0.0000E+00 0.0000E+00 0.0000E+00 0.0000E+00 0.0000E+00 0.0000E+00 0.0000E+00 0.0000E+00 0.0000E+00 0.0000E+00 1.2657E-11 1.9111E-11 2.5937E-11 3.1022E-11 3.8923E-11 4.4782E-11 5.3414E-11 6.2885E-11 6.5706E-11 7.5985E-11 8.4297E-11 9.4803E-11
0.0000E+00 0.0000E+00 0.0000E+00 0.0000E+00 0.0000E+00 0.0000E+00 0.0000E+00 0.0000E+00 0.0000E+00 0.0000E+00 0.0000E+00 0.0000E+00 0.0000E+00 0.0000E+00 0.0000E+00 0.0000E+00 0.0000E+00 0.0000E+00 0.0000E+00 0.0000E+00 0.0000E+00 0.0000E+00 0.0000E+00 0.0000E+00 0.0000E+00 0.0000E+00 0.0000E+00 0.0000E+00 0.0000E+00 0.0000E+00 0.0000E+00 0.0000E+00 0.0000E+00 0.0000E+00 0.0000E+00 0.0000E+00 0.0000E+00 0.0000E+00 0.0000E+00 0.0000E+00 0.0000E+00 0.0000E+00 0.0000E+00 0.0000E+00 0.0000E+00 1.0411E-11 1.6005E-11 1.9903E-11 2.6765E-11 3.1676E-11 3.9512E-11 4.6302E-11 5.0010E-11 5.6999E-11 6.0326E-11 6.4546E-11 5.1447E-11
