Assets/Resources/2015_m01_d16_0100(utc+0800)_l00_csi_1hr_conc.grd
DSAA
         159         159
     -79.000      79.000
     -79.000      79.000
  0.1311E-09  0.8193E-05
[rows 100 to 124 of 159, columns 0 to 56 of 159]
3.9835E-10 4.3498E-10 4.7880E-10 5.1540E-10 5.4840E-10 5.8813E-10 6.2608E-10 6.6771E-10 7.1276E-10 7.5842E-10 8.0966E-10 8.6179E-10 9.1598E-10 9.7691E-10 1.0374E-09 1.1007E-09 1.1695E-09 1.2409E-09 1.3173E-09 1.4009E-09 1.4887E-09 1.5860E-09 1.6785E-09 1.7767E-09 1.8773E-09 1.9819E-09 2.0893E-09 2.2005E-09 2.3151E-09 2.4314E-09 2.5538E-09 2.6773E-09 2.8045E-09 2.9352E-09 3.0679E-09 3.2023E-09 3.3397E-09 3.4783E-09 3.6177E-09 3.7631E-09 3.9071E-09 4.0557E-09 4.2023E-09 4.3557E-09 4.5041E-09 4.6598E-09 4.8114E-09 4.9689E-09 5.1230E-09 5.2761E-09 5.4296E-09 5.5829E-09 5.7352E-09 5.8853E-09 6.0358E-09 6.1839E-09 6.3308E-09
3.9871E-10 4.3571E-10 4.7987E-10 5.1355E-10 5.4707E-10 5.8558E-10 6.2306E-10 6.6484E-10 7.0866E-10 7.5365E-10 8.0486E-10 8.5546E-10 9.0946E-10 9.6868E-10 1.0280E-09 1.0901E-09 1.1584E-09 1.2276E-09 1.3030E-09 1.3849E-09 1.4703E-09 1.5640E-09 1.6564E-09 1.7510E-09 1.8473E-09 1.9510E-09 2.0545E-09 2.1637E-09 2.2749E-09 2.3886E-09 2.5075E-09 2.6273E-09 2.7491E-09 2.8773E-09 3.0049E-09 3.1350E-09 3.2686E-09 3.4025E-09 3.5373E-09 3.6767E-09 3.8155E-09 3.9605E-09 4.1019E-09 4.2478E-09 4.3921E-09 4.5408E-09 4.6879E-09 4.8410E-09 4.9889E-09 5.1365E-09 5.2835E-09 5.4289E-09 5.5746E-09 5.7199E-09 5.8640E-09 6.0072E-09 6.1478E-09
3.9925E-10 4.3538E-10 4.7928E-10 5.1146E-10 5.4546E-10 5.8274E-10 6.1974E-10 6.6164E-10 7.0420E-10 7.4919E-10 7.9897E-10 8.4872E-10 9.0249E-10 9.6000E-10 1.0182E-09 1.0791E-09 1.1468E-09 1.2138E-09 1.2887E-09 1.3684E-09 1.4555E-09 1.5412E-09 1.6293E-09 1.7233E-09 1.8186E-09 1.9168E-09 2.0210E-09 2.1253E-09 2.2343E-09 2.3447E-09 2.4593E-09 2.5763E-09 2.6951E-09 2.8169E-09 2.9424E-09 3.0687E-09 3.1973E-09 3.3267E-09 3.4575E-09 3.5923E-09 3.7263E-09 3.8635E-09 4.0013E-09 4.1435E-09 4.2811E-09 4.4262E-09 4.5673E-09 4.7132E-09 4.8545E-09 4.9971E-09 5.1382E-09 5.2800E-09 5.4200E-09 5.5591E-09 5.6959E-09 5.8314E-09 5.9674E-09
4.0020E-10 4.3662E-10 4.7848E-10 5.0913E-10 5.4275E-10 5.7962E-10 6.1611E-10 6.5747E-10 6.9941E-10 7.4437E-10 7.9272E-10 8.4160E-10 8.9513E-10 9.5090E-10 1.0079E-09 1.0676E-09 1.1340E-09 1.2000E-09 1.2744E-09 1.3509E-09 1.4346E-09 1.5176E-09 1.6052E-09 1.6945E-09 1.7877E-09 1.8851E-09 1.9855E-09 2.0878E-09 2.1925E-09 2.3005E-09 2.4126E-09 2.5251E-09 2.6403E-09 2.7592E-09 2.8805E-09 3.0015E-09 3.1270E-09 3.2521E-09 3.3777E-09 3.5074E-09 3.6367E-09 3.7705E-09 3.9035E-09 4.0378E-09 4.1724E-09 4.3108E-09 4.4459E-09 4.5882E-09 4.7240E-09 4.8620E-09 4.9982E-09 5.1312E-09 5.2658E-09 5.3991E-09 5.5314E-09 5.6625E-09 5.7924E-09
4.0011E-10 4.3690E-10 4.7687E-10 5.0656E-10 5.4063E-10 5.7623E-10 6.1221E-10 6.5365E-10 6.9430E-10 7.3920E-10 7.8611E-10 8.3411E-10 8.8668E-10 9.4141E-10 9.9728E-10 1.0564E-09 1.1207E-09 1.1859E-09 1.2587E-09 1.3330E-09 1.4143E-09 1.4941E-09 1.5774E-09 1.6662E-09 1.7583E-09 1.8504E-09 1.9484E-09 2.0490E-09 2.1515E-09 2.2564E-09 2.3633E-09 2.4742E-09 2.5854E-09 2.7000E-09 2.8166E-09 2.9360E-09 3.0553E-09 3.1774E-09 3.2995E-09 3.4241E-09 3.5493E-09 3.6760E-09 3.8039E-09 3.9366E-09 4.0630E-09 4.1981E-09 4.3300E-09 4.4635E-09 4.5953E-09 4.7274E-09 4.8584E-09 4.9878E-09 5.1170E-09 5.2453E-09 5.3705E-09 5.4946E-09 5.6187E-09
4.0050E-10 4.3818E-10 4.7445E-10 5.0378E-10 5.3827E-10 5.7258E-10 6.0803E-10 6.4890E-10 6.8889E-10 7.3372E-10 7.7918E-10 8.2628E-10 8.7859E-10 9.3157E-10 9.8628E-10 1.0449E-09 1.1072E-09 1.1714E-09 1.2427E-09 1.3163E-09 1.3921E-09 1.4698E-09 1.5525E-09 1.6369E-09 1.7246E-09 1.8183E-09 1.9126E-09 2.0081E-09 2.1096E-09 2.2110E-09 2.3167E-09 2.4220E-09 2.5310E-09 2.6416E-09 2.7556E-09 2.8683E-09 2.9864E-09 3.1038E-09 3.2214E-09 3.3424E-09 3.4615E-09 3.5854E-09 3.7090E-09 3.8323E-09 3.9589E-09 4.0848E-09 4.2116E-09 4.3429E-09 4.4678E-09 4.5959E-09 4.7229E-09 4.8469E-09 4.9688E-09 5.0920E-09 5.2135E-09 5.3328E-09 5.4521E-09
4.0019E-10 4.3925E-10 4.7184E-10 5.0078E-10 5.3567E-10 5.6869E-10 6.0422E-10 6.4388E-10 6.8319E-10 7.2794E-10 7.7194E-10 8.1814E-10 8.7017E-10 9.2140E-10 9.7495E-10 1.0331E-09 1.0933E-09 1.1565E-09 1.2263E-09 1.2977E-09 1.3711E-09 1.4457E-09 1.5243E-09 1.6074E-09 1.6949E-09 1.7806E-09 1.8755E-09 1.9693E-09 2.0653E-09 2.1670E-09 2.2665E-09 2.3715E-09 2.4755E-09 2.5831E-09 2.6919E-09 2.8041E-09 2.9144E-09 3.0300E-09 3.1447E-09 3.2600E-09 3.3777E-09 3.4932E-09 3.6123E-09 3.7346E-09 3.8512E-09 3.9763E-09 4.1001E-09 4.2211E-09 4.3443E-09 4.4678E-09 4.5870E-09 4.7079E-09 4.8264E-09 4.9441E-09 5.0597E-09 5.1734E-09 5.2864E-09
3.9922E-10 4.3926E-10 4.6903E-10 4.9758E-10 5.3205E-10 5.6458E-10 6.0016E-10 6.3860E-10 6.7723E-10 7.2124E-10 7.6442E-10 8.0971E-10 8.6077E-10 9.1093E-10 9.6333E-10 1.0209E-09 1.0791E-09 1.1414E-09 1.2091E-09 1.2783E-09 1.3484E-09 1.4225E-09 1.4990E-09 1.5784E-09 1.6610E-09 1.7490E-09 1.8367E-09 1.9292E-09 2.0236E-09 2.1183E-09 2.2203E-09 2.3187E-09 2.4219E-09 2.5243E-09 2.6321E-09 2.7385E-09 2.8472E-09 2.9568E-09 3.0676E-09 3.1804E-09 3.2913E-09 3.4056E-09 3.5203E-09 3.6336E-09 3.7510E-09 3.8659E-09 3.9840E-09 4.1060E-09 4.2215E-09 4.3396E-09 4.4574E-09 4.5708E-09 4.6851E-09 4.7977E-09 4.9090E-09 5.0192E-09 5.1271E-09
3.9768E-10 4.3832E-10 4.6604E-10 4.9419E-10 5.2822E-10 5.6024E-10 5.9587E-10 6.3309E-10 6.7103E-10 7.1429E-10 7.5664E-10 8.0102E-10 8.5111E-10 9.0020E-10 9.5143E-10 1.0085E-09 1.0646E-09 1.1264E-09 1.1917E-09 1.2587E-09 1.3270E-09 1.3975E-09 1.4716E-09 1.5488E-09 1.6310E-09 1.7115E-09 1.7998E-09 1.8874E-09 1.9797E-09 2.0748E-09 2.1676E-09 2.2689E-09 2.3659E-09 2.4677E-09 2.5696E-09 2.6744E-09 2.7784E-09 2.8847E-09 2.9917E-09 3.1005E-09 3.2090E-09 3.3163E-09 3.4270E-09 3.5392E-09 3.6470E-09 3.7616E-09 3.8744E-09 3.9867E-09 4.1022E-09 4.2143E-09 4.3261E-09 4.4383E-09 4.5467E-09 4.6561E-09 4.7625E-09 4.8667E-09 4.9707E-09
3.9643E-10 4.3665E-10 4.6288E-10 4.9062E-10 5.2419E-10 5.5570E-10 5.9136E-10 6.2735E-10 6.6460E-10 7.0711E-10 7.4861E-10 7.9209E-10 8.4120E-10 8.8922E-10 9.3931E-10 9.9514E-10 1.0499E-09 1.1108E-09 1.1735E-09 1.2389E-09 1.3049E-09 1.3740E-09 1.4461E-09 1.5189E-09 1.5972E-09 1.6790E-09 1.7621E-09 1.8478E-09 1.9359E-09 2.0269E-09 2.1223E-09 2.2130E-09 2.3134E-09 2.4088E-09 2.5100E-09 2.6089E-09 2.7116E-09 2.8143E-09 2.9167E-09 3.0209E-09 3.1265E-09 3.2316E-09 3.3381E-09 3.4416E-09 3.5501E-09 3.6549E-09 3.7636E-09 3.8734E-09 3.9818E-09 4.0919E-09 4.1995E-09 4.3048E-09 4.4121E-09 4.5150E-09 4.6187E-09 4.7199E-09 4.8188E-09
3.9460E-10 4.3370E-10 4.5955E-10 4.8764E-10 5.1998E-10 5.5097E-10 5.8664E-10 6.2141E-10 6.5796E-10 6.9970E-10 7.4037E-10 7.8423E-10 8.3107E-10 8.7803E-10 9.2697E-10 9.8158E-10 1.0351E-09 1.0955E-09 1.1558E-09 1.2190E-09 1.2832E-09 1.3498E-09 1.4187E-09 1.4913E-09 1.5673E-09 1.6426E-09 1.7246E-09 1.8074E-09 1.8928E-09 1.9814E-09 2.0706E-09 2.1652E-09 2.2545E-09 2.3537E-09 2.4485E-09 2.5451E-09 2.6433E-09 2.7437E-09 2.8421E-09 2.9444E-09 3.0444E-09 3.1467E-09 3.2479E-09 3.3506E-09 3.4497E-09 3.5541E-09 3.6579E-09 3.7588E-09 3.8645E-09 3.9700E-09 4.0742E-09 4.1768E-09 4.2777E-09 4.3805E-09 4.4764E-09 4.5746E-09 4.6699E-09
3.9263E-10 4.3059E-10 4.5607E-10 4.8523E-10 5.1559E-10 5.4605E-10 5.8115E-10 6.1527E-10 6.5172E-10 6.9210E-10 7.3193E-10 7.7552E-10 8.2075E-10 8.6664E-10 9.1446E-10 9.6785E-10 1.0200E-09 1.0786E-09 1.1382E-09 1.1984E-09 1.2609E-09 1.3262E-09 1.3924E-09 1.4616E-09 1.5352E-09 1.6105E-09 1.6882E-09 1.7674E-09 1.8498E-09 1.9346E-09 2.0225E-09 2.1107E-09 2.2043E-09 2.2919E-09 2.3907E-09 2.4826E-09 2.5770E-09 2.6740E-09 2.7707E-09 2.8661E-09 2.9655E-09 3.0621E-09 3.1625E-09 3.2580E-09 3.3566E-09 3.4530E-09 3.5515E-09 3.6511E-09 3.7493E-09 3.8500E-09 3.9504E-09 4.0497E-09 4.1477E-09 4.2435E-09 4.3412E-09 4.4320E-09 4.5254E-09
3.9207E-10 4.2735E-10 4.5243E-10 4.8191E-10 5.1105E-10 5.4097E-10 5.7548E-10 6.0896E-10 6.4590E-10 6.8431E-10 7.2331E-10 7.6662E-10 8.1025E-10 8.5510E-10 9.0179E-10 9.5398E-10 1.0049E-09 1.0620E-09 1.1198E-09 1.1784E-09 1.2391E-09 1.3020E-09 1.3669E-09 1.4341E-09 1.5055E-09 1.5761E-09 1.6513E-09 1.7287E-09 1.8073E-09 1.8902E-09 1.9732E-09 2.0602E-09 2.1471E-09 2.2395E-09 2.3264E-09 2.4209E-09 2.5122E-09 2.6042E-09 2.6970E-09 2.7925E-09 2.8848E-09 2.9809E-09 3.0738E-09 3.1705E-09 3.2619E-09 3.3565E-09 3.4504E-09 3.5427E-09 3.6384E-09 3.7338E-09 3.8289E-09 3.9247E-09 4.0166E-09 4.1126E-09 4.2028E-09 4.2957E-09 4.3808E-09
3.9183E-10 4.2398E-10 4.4867E-10 4.7842E-10 5.0635E-10 5.3574E-10 5.6965E-10 6.0249E-10 6.3930E-10 6.7636E-10 7.1453E-10 7.5755E-10 7.9960E-10 8.4341E-10 8.8898E-10 9.3998E-10 9.8961E-10 1.0450E-09 1.1007E-09 1.1577E-09 1.2167E-09 1.2784E-09 1.3408E-09 1.4059E-09 1.4738E-09 1.5444E-09 1.6146E-09 1.6895E-09 1.7664E-09 1.8444E-09 1.9265E-09 2.0084E-09 2.0943E-09 2.1798E-09 2.2707E-09 2.3557E-09 2.4430E-09 2.5371E-09 2.6266E-09 2.7165E-09 2.8071E-09 2.8980E-09 2.9908E-09 3.0800E-09 3.1707E-09 3.2599E-09 3.3504E-09 3.4402E-09 3.5299E-09 3.6197E-09 3.7112E-09 3.8017E-09 3.8896E-09 3.9801E-09 4.0714E-09 4.1571E-09 4.2443E-09
3.9205E-10 4.2048E-10 4.4477E-10 4.7408E-10 5.0151E-10 5.3036E-10 5.6367E-10 5.9587E-10 6.3255E-10 6.6826E-10 7.0561E-10 7.4773E-10 7.8881E-10 8.3160E-10 8.7608E-10 9.2589E-10 9.7427E-10 1.0283E-09 1.0821E-09 1.1375E-09 1.1949E-09 1.2542E-09 1.3155E-09 1.3787E-09 1.4437E-09 1.5106E-09 1.5810E-09 1.6506E-09 1.7250E-09 1.8012E-09 1.8783E-09 1.9595E-09 2.0401E-09 2.1247E-09 2.2098E-09 2.2980E-09 2.3809E-09 2.4660E-09 2.5557E-09 2.6440E-09 2.7292E-09 2.8185E-09 2.9058E-09 2.9951E-09 3.0806E-09 3.1675E-09 3.2542E-09 3.3385E-09 3.4244E-09 3.5100E-09 3.5955E-09 3.6830E-09 3.7658E-09 3.8526E-09 3.9381E-09 4.0249E-09 4.1018E-09
3.9213E-10 4.1686E-10 4.4075E-10 4.6960E-10 4.9654E-10 5.2485E-10 5.5756E-10 5.8911E-10 6.2508E-10 6.6004E-10 6.9656E-10 7.3779E-10 7.7792E-10 8.1969E-10 8.6372E-10 9.1173E-10 9.5975E-10 1.0106E-09 1.0630E-09 1.1168E-09 1.1732E-09 1.2308E-09 1.2895E-09 1.3508E-09 1.4146E-09 1.4786E-09 1.5452E-09 1.6152E-09 1.6841E-09 1.7578E-09 1.8331E-09 1.9091E-09 1.9892E-09 2.0685E-09 2.1516E-09 2.2350E-09 2.3147E-09 2.4018E-09 2.4844E-09 2.5712E-09 2.6548E-09 2.7386E-09 2.8246E-09 2.9085E-09 2.9901E-09 3.0757E-09 3.1590E-09 3.2415E-09 3.3216E-09 3.4032E-09 3.4851E-09 3.5665E-09 3.6463E-09 3.7280E-09 3.8108E-09 3.8878E-09 3.9701E-09
3.9013E-10 4.1313E-10 4.3662E-10 4.6427E-10 4.9145E-10 5.1923E-10 5.5074E-10 5.8224E-10 6.1692E-10 6.5170E-10 6.8741E-10 7.2713E-10 7.6694E-10 8.0770E-10 8.5254E-10 8.9680E-10 9.4475E-10 9.9387E-10 1.0444E-09 1.0967E-09 1.1508E-09 1.2068E-09 1.2645E-09 1.3239E-09 1.3851E-09 1.4479E-09 1.5114E-09 1.5774E-09 1.6469E-09 1.7148E-09 1.7877E-09 1.8621E-09 1.9368E-09 2.0156E-09 2.0933E-09 2.1749E-09 2.2513E-09 2.3337E-09 2.4167E-09 2.4982E-09 2.5752E-09 2.6627E-09 2.7432E-09 2.8239E-09 2.9042E-09 2.9841E-09 3.0657E-09 3.1451E-09 3.2217E-09 3.2999E-09 3.3775E-09 3.4554E-09 3.5296E-09 3.6085E-09 3.6856E-09 3.7643E-09 3.8362E-09
3.8668E-10 4.0930E-10 4.3238E-10 4.5957E-10 4.8543E-10 5.1349E-10 5.4440E-10 5.7526E-10 6.0923E-10 6.4260E-10 6.7816E-10 7.1701E-10 7.5519E-10 7.9565E-10 8.3881E-10 8.8257E-10 9.2889E-10 9.7622E-10 1.0253E-09 1.0767E-09 1.1293E-09 1.1836E-09 1.2389E-09 1.2966E-09 1.3557E-09 1.4166E-09 1.4790E-09 1.5418E-09 1.6071E-09 1.6759E-09 1.7429E-09 1.8147E-09 1.8879E-09 1.9614E-09 2.0388E-09 2.1148E-09 2.1882E-09 2.2687E-09 2.3486E-09 2.4288E-09 2.5059E-09 2.5816E-09 2.6658E-09 2.7431E-09 2.8164E-09 2.8951E-09 2.9713E-09 3.0469E-09 3.1267E-09 3.1994E-09 3.2715E-09 3.3475E-09 3.4180E-09 3.4914E-09 3.5664E-09 3.6386E-09 3.7103E-09
3.8112E-10 4.0459E-10 4.2805E-10 4.5405E-10 4.8014E-10 5.0765E-10 5.3738E-10 5.6753E-10 6.0088E-10 6.3409E-10 6.6884E-10 7.0621E-10 7.4408E-10 7.8357E-10 8.2567E-10 8.6762E-10 9.1268E-10 9.5956E-10 1.0068E-09 1.0562E-09 1.1073E-09 1.1600E-09 1.2142E-09 1.2702E-09 1.3276E-09 1.3857E-09 1.4461E-09 1.5079E-09 1.5700E-09 1.6344E-09 1.7024E-09 1.7681E-09 1.8389E-09 1.9108E-09 1.9827E-09 2.0586E-09 2.1326E-09 2.2040E-09 2.2807E-09 2.3593E-09 2.4301E-09 2.5110E-09 2.5835E-09 2.6576E-09 2.7365E-09 2.8083E-09 2.8835E-09 2.9560E-09 3.0257E-09 3.1020E-09 3.1729E-09 3.2412E-09 3.3104E-09 3.3796E-09 3.4492E-09 3.5206E-09 3.5848E-09
3.7750E-10 3.9915E-10 4.2276E-10 4.4917E-10 4.7396E-10 5.0084E-10 5.3087E-10 5.6038E-10 5.9232E-10 6.2486E-10 6.5875E-10 6.9597E-10 7.3225E-10 7.7069E-10 8.1192E-10 8.5340E-10 8.9688E-10 9.4160E-10 9.8842E-10 1.0364E-09 1.0860E-09 1.1371E-09 1.1898E-09 1.2441E-09 1.2989E-09 1.3560E-09 1.4146E-09 1.4734E-09 1.5345E-09 1.5957E-09 1.6591E-09 1.7261E-09 1.7906E-09 1.8601E-09 1.9306E-09 2.0010E-09 2.0674E-09 2.1422E-09 2.2159E-09 2.2900E-09 2.3611E-09 2.4338E-09 2.5117E-09 2.5812E-09 2.6485E-09 2.7226E-09 2.7959E-09 2.8637E-09 2.9349E-09 3.0008E-09 3.0728E-09 3.1405E-09 3.2040E-09 3.2703E-09 3.3378E-09 3.4032E-09 3.4678E-09
3.7044E-10 3.9430E-10 4.1827E-10 4.4349E-10 4.6851E-10 4.9588E-10 5.2273E-10 5.5252E-10 5.8385E-10 6.1544E-10 6.4933E-10 6.8431E-10 7.2110E-10 7.5859E-10 7.9795E-10 8.3852E-10 8.8078E-10 9.2465E-10 9.7011E-10 1.0162E-09 1.0643E-09 1.1138E-09 1.1649E-09 1.2174E-09 1.2715E-09 1.3259E-09 1.3825E-09 1.4404E-09 1.4985E-09 1.5587E-09 1.6189E-09 1.6813E-09 1.7472E-09 1.8103E-09 1.8784E-09 1.9475E-09 2.0160E-09 2.0803E-09 2.1529E-09 2.2241E-09 2.2890E-09 2.3621E-09 2.4337E-09 2.5020E-09 2.5732E-09 2.6391E-09 2.7083E-09 2.7730E-09 2.8420E-09 2.9099E-09 2.9724E-09 3.0366E-09 3.1037E-09 3.1644E-09 3.2290E-09 3.2908E-09 3.3508E-09
3.6670E-10 3.8724E-10 4.1129E-10 4.3753E-10 4.6220E-10 4.8843E-10 5.1610E-10 5.4418E-10 5.7520E-10 6.0614E-10 6.3918E-10 6.7404E-10 7.0840E-10 7.4573E-10 7.8426E-10 8.2438E-10 8.6511E-10 9.0691E-10 9.5102E-10 9.9725E-10 1.0433E-09 1.0915E-09 1.1411E-09 1.1920E-09 1.2434E-09 1.2970E-09 1.3519E-09 1.4069E-09 1.4642E-09 1.5213E-09 1.5807E-09 1.6397E-09 1.7010E-09 1.7657E-09 1.8273E-09 1.8924E-09 1.9598E-09 2.0232E-09 2.0898E-09 2.1582E-09 2.2238E-09 2.2910E-09 2.3613E-09 2.4250E-09 2.4935E-09 2.5584E-09 2.6259E-09 2.6881E-09 2.7517E-09 2.8121E-09 2.8809E-09 2.9423E-09 2.9984E-09 3.0586E-09 3.1217E-09 3.1827E-09 3.2398E-09
3.5791E-10 3.8231E-10 4.0670E-10 4.3005E-10 4.5560E-10 4.8233E-10 5.0789E-10 5.3626E-10 5.6666E-10 5.9668E-10 6.2887E-10 6.6239E-10 6.9726E-10 7.3367E-10 7.7039E-10 8.0871E-10 8.4919E-10 8.9062E-10 9.3301E-10 9.7632E-10 1.0227E-09 1.0687E-09 1.1167E-09 1.1661E-09 1.2167E-09 1.2677E-09 1.3208E-09 1.3751E-09 1.4293E-09 1.4858E-09 1.5420E-09 1.6002E-09 1.6581E-09 1.7181E-09 1.7815E-09 1.8416E-09 1.9050E-09 1.9658E-09 2.0315E-09 2.0959E-09 2.1557E-09 2.2233E-09 2.2894E-09 2.3506E-09 2.4162E-09 2.4766E-09 2.5434E-09 2.6028E-09 2.6665E-09 2.7287E-09 2.7842E-09 2.8404E-09 2.9072E-09 2.9618E-09 3.0163E-09 3.0745E-09 3.1292E-09
3.5411E-10 3.7396E-10 3.9805E-10 4.2403E-10 4.4922E-10 4.7370E-10 5.0118E-10 5.2789E-10 5.5683E-10 5.8737E-10 6.1873E-10 6.5122E-10 6.8464E-10 7.1999E-10 7.5682E-10 7.9473E-10 8.3316E-10 8.7315E-10 9.1475E-10 9.5777E-10 1.0011E-09 1.0468E-09 1.0934E-09 1.1412E-09 1.1895E-09 1.2398E-09 1.2911E-09 1.3427E-09 1.3962E-09 1.4496E-09 1.5039E-09 1.5603E-09 1.6175E-09 1.6740E-09 1.7327E-09 1.7932E-09 1.8515E-09 1.9101E-09 1.9733E-09 2.0368E-09 2.0942E-09 2.1562E-09 2.2196E-09 2.2798E-09 2.3412E-09 2.4008E-09 2.4632E-09 2.5202E-09 2.5815E-09 2.6370E-09 2.7008E-09 2.7549E-09 2.8063E-09 2.8609E-09 2.9157E-09 2.9719E-09 3.0265E-09
3.4508E-10 3.6842E-10 3.9232E-10 4.1477E-10 4.4077E-10 4.6755E-10 4.9294E-10 5.1994E-10 5.4830E-10 5.7669E-10 6.0847E-10 6.3965E-10 6.7260E-10 7.0804E-10 7.4212E-10 7.7929E-10 8.1749E-10 8.5608E-10 8.9708E-10 9.3784E-10 9.8089E-10 1.0240E-09 1.0697E-09 1.1160E-09 1.1635E-09 1.2113E-09 1.2611E-09 1.3118E-09 1.3627E-09 1.4154E-09 1.4679E-09 1.5211E-09 1.5764E-09 1.6324E-09 1.6876E-09 1.7432E-09 1.8037E-09 1.8601E-09 1.9167E-09 1.9762E-09 2.0329E-09 2.0940E-09 2.1535E-09 2.2096E-09 2.2702E-09 2.3257E-09 2.3856E-09 2.4448E-09 2.4988E-09 2.5539E-09 2.6096E-09 2.6612E-09 2.7210E-09 2.7711E-09 2.8183E-09 2.8689E-09 2.9177E-09
