Assets/Resources/2015_m01_d20_1300(utc+0800)_l00_csi_1hr_conc.grd
DSAA
         159         159
     -79.000      79.000
     -79.000      79.000
  0.3994E-09  0.3589E-05
[rows 25 to 49 of 159, columns 57 to 113 of 159]
2.2108E-09 2.2403E-09 2.2712E-09 2.3007E-09 2.3302E-09 2.3608E-09 2.3901E-09 2.4192E-09 2.4482E-09 2.4802E-09 2.5089E-09 2.5372E-09 2.5653E-09 2.5950E-09 2.6225E-09 2.6495E-09 2.6781E-09 2.7043E-09 2.7300E-09 2.7550E-09 2.7838E-09 2.8077E-09 2.8310E-09 2.8535E-09 2.8775E-09 2.8984E-09 2.9185E-09 2.9398E-09 2.9580E-09 2.9752E-09 2.9913E-09 3.0086E-09 3.0224E-09 3.0373E-09 3.0486E-09 3.0587E-09 3.0674E-09 3.0769E-09 3.0828E-09 3.0903E-09 3.0931E-09 3.0995E-09 3.0991E-09 3.1000E-09 3.0962E-09 3.0967E-09 3.0893E-09 3.0829E-09 3.0718E-09 3.0615E-09 3.0477E-09 3.0308E-09 3.0146E-09 2.9946E-09 2.9742E-09 2.9505E-09 2.9237E-09
2.2339E-09 2.2653E-09 2.2954E-09 2.3255E-09 2.3569E-09 2.3868E-09 2.4167E-09 2.4464E-09 2.4793E-09 2.5088E-09 2.5381E-09 2.5671E-09 2.5978E-09 2.6263E-09 2.6544E-09 2.6842E-09 2.7116E-09 2.7385E-09 2.7669E-09 2.7950E-09 2.8203E-09 2.8450E-09 2.8712E-09 2.8945E-09 2.9171E-09 2.9388E-09 2.9619E-09 2.9819E-09 3.0009E-09 3.0188E-09 3.0381E-09 3.0562E-09 3.0708E-09 3.0842E-09 3.0963E-09 3.1095E-09 3.1189E-09 3.1303E-09 3.1369E-09 3.1475E-09 3.1510E-09 3.1561E-09 3.1578E-09 3.1617E-09 3.1585E-09 3.1566E-09 3.1497E-09 3.1453E-09 3.1346E-09 3.1260E-09 3.1115E-09 3.0989E-09 3.0803E-09 3.0597E-09 3.0372E-09 3.0134E-09 2.9878E-09
2.2580E-09 2.2886E-09 2.3193E-09 2.3513E-09 2.3819E-09 2.4125E-09 2.4443E-09 2.4766E-09 2.5069E-09 2.5370E-09 2.5688E-09 2.5986E-09 2.6280E-09 2.6572E-09 2.6881E-09 2.7166E-09 2.7446E-09 2.7743E-09 2.8037E-09 2.8304E-09 2.8564E-09 2.8841E-09 2.9090E-09 2.9331E-09 2.9564E-09 2.9812E-09 3.0029E-09 3.0236E-09 3.0458E-09 3.0646E-09 3.0848E-09 3.1013E-09 3.1167E-09 3.1334E-09 3.1463E-09 3.1614E-09 3.1716E-09 3.1863E-09 3.1936E-09 3.2029E-09 3.2087E-09 3.2171E-09 3.2180E-09 3.2206E-09 3.2195E-09 3.2183E-09 3.2133E-09 3.2083E-09 3.1982E-09 3.1905E-09 3.1764E-09 3.1613E-09 3.1431E-09 3.1241E-09 3.1025E-09 3.0774E-09 3.0518E-09
2.2805E-09 2.3116E-09 2.3442E-09 2.3754E-09 2.4066E-09 2.4391E-09 2.4721E-09 2.5032E-09 2.5341E-09 2.5668E-09 2.5974E-09 2.6277E-09 2.6578E-09 2.6897E-09 2.7193E-09 2.7485E-09 2.7815E-09 2.8100E-09 2.8379E-09 2.8654E-09 2.8945E-09 2.9207E-09 2.9463E-09 2.9735E-09 2.9977E-09 3.0210E-09 3.0435E-09 3.0674E-09 3.0905E-09 3.1102E-09 3.1288E-09 3.1462E-09 3.1649E-09 3.1799E-09 3.1973E-09 3.2159E-09 3.2270E-09 3.2402E-09 3.2501E-09 3.2628E-09 3.2678E-09 3.2748E-09 3.2781E-09 3.2829E-09 3.2810E-09 3.2807E-09 3.2766E-09 3.2724E-09 3.2641E-09 3.2525E-09 3.2398E-09 3.2255E-09 3.2077E-09 3.1888E-09 3.1668E-09 3.1426E-09 3.1171E-09
2.3025E-09 2.3356E-09 2.3674E-09 2.3991E-09 2.4323E-09 2.4660E-09 2.4977E-09 2.5293E-09 2.5628E-09 2.5942E-09 2.6255E-09 2.6585E-09 2.6893E-09 2.7199E-09 2.7501E-09 2.7843E-09 2.8139E-09 2.8431E-09 2.8740E-09 2.9022E-09 2.9299E-09 2.9569E-09 2.9856E-09 3.0113E-09 3.0363E-09 3.0627E-09 3.0885E-09 3.1110E-09 3.1326E-09 3.1531E-09 3.1750E-09 3.1933E-09 3.2143E-09 3.2340E-09 3.2512E-09 3.2645E-09 3.2820E-09 3.2989E-09 3.3079E-09 3.3191E-09 3.3267E-09 3.3361E-09 3.3385E-09 3.3429E-09 3.3471E-09 3.3455E-09 3.3405E-09 3.3347E-09 3.3273E-09 3.3163E-09 3.3044E-09 3.2892E-09 3.2728E-09 3.2532E-09 3.2315E-09 3.2088E-09 3.1827E-09
2.3256E-09 2.3579E-09 2.3902E-09 2.4239E-09 2.4582E-09 2.4906E-09 2.5228E-09 2.5571E-09 2.5892E-09 2.6213E-09 2.6551E-09 2.6869E-09 2.7184E-09 2.7496E-09 2.7848E-09 2.8155E-09 2.8459E-09 2.8780E-09 2.9075E-09 2.9364E-09 2.9649E-09 2.9950E-09 3.0222E-09 3.0487E-09 3.0768E-09 3.1043E-09 3.1285E-09 3.1519E-09 3.1742E-09 3.1981E-09 3.2223E-09 3.2456E-09 3.2663E-09 3.2831E-09 3.3046E-09 3.3228E-09 3.3382E-09 3.3496E-09 3.3653E-09 3.3792E-09 3.3859E-09 3.3948E-09 3.3999E-09 3.4068E-09 3.4077E-09 3.4054E-09 3.4029E-09 3.3981E-09 3.3897E-09 3.3805E-09 3.3679E-09 3.3540E-09 3.3385E-09 3.3193E-09 3.2990E-09 3.2747E-09 3.2489E-09
2.3470E-09 2.3798E-09 2.4126E-09 2.4488E-09 2.4818E-09 2.5147E-09 2.5496E-09 2.5825E-09 2.6152E-09 2.6499E-09 2.6824E-09 2.7148E-09 2.7469E-09 2.7832E-09 2.8149E-09 2.8463E-09 2.8796E-09 2.9103E-09 2.9405E-09 2.9725E-09 3.0017E-09 3.0304E-09 3.0583E-09 3.0880E-09 3.1171E-09 3.1430E-09 3.1681E-09 3.1947E-09 3.2180E-09 3.2442E-09 3.2697E-09 3.2926E-09 3.3177E-09 3.3397E-09 3.3589E-09 3.3741E-09 3.3940E-09 3.4123E-09 3.4230E-09 3.4321E-09 3.4458E-09 3.4590E-09 3.4631E-09 3.4654E-09 3.4676E-09 3.4677E-09 3.4656E-09 3.4600E-09 3.4534E-09 3.4451E-09 3.4331E-09 3.4202E-09 3.4038E-09 3.3860E-09 3.3651E-09 3.3419E-09 3.3174E-09
2.3679E-09 2.4012E-09 2.4379E-09 2.4714E-09 2.5049E-09 2.5404E-09 2.5739E-09 2.6074E-09 2.6428E-09 2.6761E-09 2.7093E-09 2.7443E-09 2.7794E-09 2.8121E-09 2.8445E-09 2.8789E-09 2.9107E-09 2.9421E-09 2.9753E-09 3.0058E-09 3.0358E-09 3.0652E-09 3.0988E-09 3.1271E-09 3.1546E-09 3.1813E-09 3.2097E-09 3.2387E-09 3.2670E-09 3.2930E-09 3.3154E-09 3.3429E-09 3.3673E-09 3.3888E-09 3.4127E-09 3.4352E-09 3.4500E-09 3.4632E-09 3.4813E-09 3.4994E-09 3.5078E-09 3.5145E-09 3.5215E-09 3.5280E-09 3.5291E-09 3.5296E-09 3.5268E-09 3.5237E-09 3.5182E-09 3.5090E-09 3.4988E-09 3.4852E-09 3.4707E-09 3.4526E-09 3.4321E-09 3.4102E-09 3.3851E-09
2.3885E-09 2.4256E-09 2.4596E-09 2.4936E-09 2.5296E-09 2.5637E-09 2.5978E-09 2.6339E-09 2.6679E-09 2.7018E-09 2.7377E-09 2.7736E-09 2.8072E-09 2.8405E-09 2.8759E-09 2.9087E-09 2.9413E-09 2.9757E-09 3.0074E-09 3.0387E-09 3.0718E-09 3.1045E-09 3.1342E-09 3.1632E-09 3.1940E-09 3.2216E-09 3.2523E-09 3.2826E-09 3.3104E-09 3.3409E-09 3.3687E-09 3.3938E-09 3.4151E-09 3.4435E-09 3.4666E-09 3.4839E-09 3.5062E-09 3.5289E-09 3.5418E-09 3.5528E-09 3.5644E-09 3.5757E-09 3.5830E-09 3.5869E-09 3.5889E-09 3.5925E-09 3.5905E-09 3.5878E-09 3.5815E-09 3.5731E-09 3.5640E-09 3.5534E-09 3.5381E-09 3.5205E-09 3.4995E-09 3.4772E-09 3.4525E-09
2.4119E-09 2.4463E-09 2.4808E-09 2.5173E-09 2.5519E-09 2.5866E-09 2.6233E-09 2.6579E-09 2.6925E-09 2.7312E-09 2.7658E-09 2.8002E-09 2.8344E-09 2.8707E-09 2.9046E-09 2.9381E-09 2.9736E-09 3.0065E-09 3.0390E-09 3.0733E-09 3.1074E-09 3.1385E-09 3.1690E-09 3.2013E-09 3.2305E-09 3.2670E-09 3.2949E-09 3.3246E-09 3.3571E-09 3.3869E-09 3.4141E-09 3.4462E-09 3.4730E-09 3.4942E-09 3.5141E-09 3.5431E-09 3.5647E-09 3.5802E-09 3.5963E-09 3.6141E-09 3.6243E-09 3.6329E-09 3.6396E-09 3.6483E-09 3.6528E-09 3.6537E-09 3.6525E-09 3.6525E-09 3.6484E-09 3.6407E-09 3.6307E-09 3.6185E-09 3.6038E-09 3.5893E-09 3.5699E-09 3.5480E-09 3.5215E-09
2.4317E-09 2.4666E-09 2.5035E-09 2.5386E-09 2.5738E-09 2.6110E-09 2.6463E-09 2.6815E-09 2.7188E-09 2.7561E-09 2.7913E-09 2.8263E-09 2.8634E-09 2.8982E-09 2.9327E-09 2.9692E-09 3.0032E-09 3.0368E-09 3.0723E-09 3.1077E-09 3.1401E-09 3.1720E-09 3.2057E-09 3.2403E-09 3.2746E-09 3.3068E-09 3.3378E-09 3.3742E-09 3.4017E-09 3.4331E-09 3.4652E-09 3.4944E-09 3.5180E-09 3.5469E-09 3.5767E-09 3.5965E-09 3.6146E-09 3.6396E-09 3.6545E-09 3.6676E-09 3.6789E-09 3.6943E-09 3.7019E-09 3.7077E-09 3.7133E-09 3.7170E-09 3.7183E-09 3.7159E-09 3.7112E-09 3.7059E-09 3.6982E-09 3.6866E-09 3.6727E-09 3.6563E-09 3.6388E-09 3.6175E-09 3.5937E-09
2.4510E-09 2.4884E-09 2.5239E-09 2.5595E-09 2.5972E-09 2.6329E-09 2.6687E-09 2.7066E-09 2.7446E-09 2.7805E-09 2.8162E-09 2.8541E-09 2.8897E-09 2.9251E-09 2.9625E-09 2.9975E-09 3.0322E-09 3.0712E-09 3.1053E-09 3.1390E-09 3.1722E-09 3.2073E-09 3.2434E-09 3.2793E-09 3.3130E-09 3.3497E-09 3.3839E-09 3.4158E-09 3.4488E-09 3.4850E-09 3.5121E-09 3.5401E-09 3.5738E-09 3.6019E-09 3.6242E-09 3.6539E-09 3.6732E-09 3.6908E-09 3.7067E-09 3.7272E-09 3.7395E-09 3.7521E-09 3.7607E-09 3.7713E-09 3.7760E-09 3.7788E-09 3.7813E-09 3.7797E-09 3.7776E-09 3.7716E-09 3.7632E-09 3.7541E-09 3.7409E-09 3.7252E-09 3.7070E-09 3.6864E-09 3.6645E-09
2.4719E-09 2.5077E-09 2.5437E-09 2.5798E-09 2.6181E-09 2.6544E-09 2.6928E-09 2.7314E-09 2.7678E-09 2.8043E-09 2.8429E-09 2.8792E-09 2.9154E-09 2.9537E-09 2.9896E-09 3.0253E-09 3.0653E-09 3.1006E-09 3.1354E-09 3.1698E-09 3.2062E-09 3.2477E-09 3.2810E-09 3.3183E-09 3.3545E-09 3.3904E-09 3.4263E-09 3.4589E-09 3.4971E-09 3.5261E-09 3.5610E-09 3.5924E-09 3.6231E-09 3.6523E-09 3.6805E-09 3.7025E-09 3.7229E-09 3.7484E-09 3.7654E-09 3.7829E-09 3.7963E-09 3.8120E-09 3.8216E-09 3.8315E-09 3.8372E-09 3.8428E-09 3.8444E-09 3.8438E-09 3.8429E-09 3.8377E-09 3.8315E-09 3.8215E-09 3.8091E-09 3.7958E-09 3.7773E-09 3.7572E-09 3.7346E-09
2.4903E-09 2.5266E-09 2.5631E-09 2.6017E-09 2.6385E-09 2.6753E-09 2.7164E-09 2.7535E-09 2.7905E-09 2.8298E-09 2.8668E-09 2.9037E-09 2.9428E-09 2.9795E-09 3.0161E-09 3.0571E-09 3.0933E-09 3.1292E-09 3.1648E-09 3.2024E-09 3.2452E-09 3.2798E-09 3.3186E-09 3.3563E-09 3.3938E-09 3.4336E-09 3.4699E-09 3.5058E-09 3.5390E-09 3.5737E-09 3.6118E-09 3.6424E-09 3.6769E-09 3.7030E-09 3.7276E-09 3.7553E-09 3.7793E-09 3.8018E-09 3.8199E-09 3.8407E-09 3.8552E-09 3.8701E-09 3.8808E-09 3.8916E-09 3.8984E-09 3.9054E-09 3.9096E-09 3.9099E-09 3.9080E-09 3.9037E-09 3.8991E-09 3.8914E-09 3.8798E-09 3.8656E-09 3.8488E-09 3.8295E-09 3.8052E-09
2.5082E-09 2.5450E-09 2.5840E-09 2.6211E-09 2.6584E-09 2.7000E-09 2.7375E-09 2.7751E-09 2.8149E-09 2.8525E-09 2.8901E-09 2.9299E-09 2.9674E-09 3.0047E-09 3.0467E-09 3.0838E-09 3.1207E-09 3.1573E-09 3.1961E-09 3.2401E-09 3.2760E-09 3.3161E-09 3.3594E-09 3.3942E-09 3.4355E-09 3.4735E-09 3.5112E-09 3.5485E-09 3.5871E-09 3.6230E-09 3.6583E-09 3.6927E-09 3.7213E-09 3.7508E-09 3.7815E-09 3.8087E-09 3.8314E-09 3.8572E-09 3.8765E-09 3.8966E-09 3.9121E-09 3.9280E-09 3.9398E-09 3.9541E-09 3.9619E-09 3.9676E-09 3.9712E-09 3.9750E-09 3.9758E-09 3.9724E-09 3.9667E-09 3.9585E-09 3.9478E-09 3.9360E-09 3.9200E-09 3.9014E-09 3.8801E-09
2.5257E-09 2.5649E-09 2.6024E-09 2.6400E-09 2.6820E-09 2.7199E-09 2.7580E-09 2.7983E-09 2.8365E-09 2.8747E-09 2.9151E-09 2.9533E-09 2.9914E-09 3.0341E-09 3.0721E-09 3.1098E-09 3.1499E-09 3.1911E-09 3.2324E-09 3.2694E-09 3.3108E-09 3.3554E-09 3.3938E-09 3.4344E-09 3.4739E-09 3.5156E-09 3.5547E-09 3.5928E-09 3.6330E-09 3.6705E-09 3.7047E-09 3.7355E-09 3.7701E-09 3.8040E-09 3.8310E-09 3.8590E-09 3.8854E-09 3.9106E-09 3.9310E-09 3.9520E-09 3.9710E-09 3.9886E-09 4.0014E-09 4.0123E-09 4.0212E-09 4.0328E-09 4.0374E-09 4.0398E-09 4.0399E-09 4.0376E-09 4.0360E-09 4.0287E-09 4.0189E-09 4.0053E-09 3.9902E-09 3.9740E-09 3.9535E-09
2.5446E-09 2.5824E-09 2.6203E-09 2.6625E-09 2.7009E-09 2.7393E-09 2.7801E-09 2.8188E-09 2.8575E-09 2.8985E-09 2.9373E-09 2.9760E-09 3.0194E-09 3.0582E-09 3.0968E-09 3.1377E-09 3.1798E-09 3.2222E-09 3.2603E-09 3.3028E-09 3.3487E-09 3.3884E-09 3.4304E-09 3.4756E-09 3.5146E-09 3.5553E-09 3.5951E-09 3.6395E-09 3.6765E-09 3.7128E-09 3.7482E-09 3.7883E-09 3.8193E-09 3.8490E-09 3.8824E-09 3.9122E-09 3.9374E-09 3.9608E-09 3.9876E-09 4.0104E-09 4.0283E-09 4.0442E-09 4.0635E-09 4.0755E-09 4.0856E-09 4.0935E-09 4.1009E-09 4.1066E-09 4.1077E-09 4.1064E-09 4.1027E-09 4.0964E-09 4.0909E-09 4.0793E-09 4.0650E-09 4.0457E-09 4.0260E-09
2.5611E-09 2.5993E-09 2.6397E-09 2.6804E-09 2.7192E-09 2.7604E-09 2.7995E-09 2.8386E-09 2.8801E-09 2.9195E-09 2.9588E-09 3.0028E-09 3.0423E-09 3.0816E-09 3.1209E-09 3.1663E-09 3.2096E-09 3.2508E-09 3.2923E-09 3.3393E-09 3.3802E-09 3.4235E-09 3.4724E-09 3.5128E-09 3.5527E-09 3.5965E-09 3.6403E-09 3.6815E-09 3.7172E-09 3.7605E-09 3.7973E-09 3.8305E-09 3.8652E-09 3.9021E-09 3.9316E-09 3.9596E-09 3.9914E-09 4.0193E-09 4.0422E-09 4.0632E-09 4.0882E-09 4.1053E-09 4.1204E-09 4.1357E-09 4.1494E-09 4.1584E-09 4.1653E-09 4.1699E-09 4.1739E-09 4.1760E-09 4.1733E-09 4.1681E-09 4.1602E-09 4.1497E-09 4.1378E-09 4.1217E-09 4.1028E-09
2.5771E-09 2.6177E-09 2.6587E-09 2.6978E-09 2.7392E-09 2.7787E-09 2.8182E-09 2.8601E-09 2.9000E-09 2.9398E-09 2.9821E-09 3.0244E-09 3.0645E-09 3.1044E-09 3.1506E-09 3.1947E-09 3.2368E-09 3.2793E-09 3.3273E-09 3.3693E-09 3.4138E-09 3.4640E-09 3.5057E-09 3.5470E-09 3.5924E-09 3.6402E-09 3.6806E-09 3.7206E-09 3.7635E-09 3.8023E-09 3.8377E-09 3.8807E-09 3.9142E-09 3.9464E-09 3.9828E-09 4.0156E-09 4.0433E-09 4.0692E-09 4.0962E-09 4.1219E-09 4.1446E-09 4.1630E-09 4.1821E-09 4.1965E-09 4.2089E-09 4.2213E-09 4.2319E-09 4.2401E-09 4.2434E-09 4.2442E-09 4.2445E-09 4.2402E-09 4.2333E-09 4.2219E-09 4.2097E-09 4.1962E-09 4.1782E-09
2.5946E-09 2.6357E-09 2.6750E-09 2.7145E-09 2.7565E-09 2.7964E-09 2.8364E-09 2.8789E-09 2.9192E-09 2.9595E-09 3.0048E-09 3.0454E-09 3.0860E-09 3.1328E-09 3.1777E-09 3.2206E-09 3.2639E-09 3.3128E-09 3.3559E-09 3.4014E-09 3.4528E-09 3.4957E-09 3.5408E-09 3.5875E-09 3.6344E-09 3.6765E-09 3.7216E-09 3.7629E-09 3.8035E-09 3.8435E-09 3.8863E-09 3.9221E-09 3.9600E-09 3.9997E-09 4.0318E-09 4.0624E-09 4.0945E-09 4.1253E-09 4.1534E-09 4.1769E-09 4.2016E-09 4.2212E-09 4.2413E-09 4.2569E-09 4.2764E-09 4.2878E-09 4.2970E-09 4.3061E-09 4.3106E-09 4.3152E-09 4.3146E-09 4.3115E-09 4.3076E-09 4.2990E-09 4.2876E-09 4.2696E-09 4.2527E-09
2.6115E-09 2.6511E-09 2.6908E-09 2.7330E-09 2.7731E-09 2.8135E-09 2.8562E-09 2.8969E-09 2.9377E-09 2.9834E-09 3.0245E-09 3.0656E-09 3.1093E-09 3.1586E-09 3.2022E-09 3.2463E-09 3.2960E-09 3.3400E-09 3.3865E-09 3.4389E-09 3.4830E-09 3.5293E-09 3.5773E-09 3.6256E-09 3.6691E-09 3.7183E-09 3.7612E-09 3.8012E-09 3.8465E-09 3.8879E-09 3.9293E-09 3.9689E-09 4.0085E-09 4.0433E-09 4.0802E-09 4.1157E-09 4.1490E-09 4.1775E-09 4.2075E-09 4.2323E-09 4.2580E-09 4.2824E-09 4.3045E-09 4.3213E-09 4.3388E-09 4.3514E-09 4.3650E-09 4.3754E-09 4.3811E-09 4.3866E-09 4.3871E-09 4.3857E-09 4.3810E-09 4.3735E-09 4.3632E-09 4.3499E-09 4.3338E-09
2.6260E-09 2.6658E-09 2.7082E-09 2.7486E-09 2.7892E-09 2.8322E-09 2.8732E-09 2.9144E-09 2.9604E-09 3.0019E-09 3.0435E-09 3.0877E-09 3.1375E-09 3.1818E-09 3.2265E-09 3.2770E-09 3.3218E-09 3.3692E-09 3.4225E-09 3.4676E-09 3.5150E-09 3.5643E-09 3.6138E-09 3.6645E-09 3.7094E-09 3.7538E-09 3.7954E-09 3.8425E-09 3.8857E-09 3.9293E-09 3.9747E-09 4.0130E-09 4.0539E-09 4.0900E-09 4.1317E-09 4.1649E-09 4.2001E-09 4.2300E-09 4.2651E-09 4.2912E-09 4.3189E-09 4.3412E-09 4.3643E-09 4.3891E-09 4.4051E-09 4.4190E-09 4.4364E-09 4.4489E-09 4.4569E-09 4.4611E-09 4.4613E-09 4.4604E-09 4.4595E-09 4.4489E-09 4.4397E-09 4.4275E-09 4.4124E-09
2.6398E-09 2.6822E-09 2.7228E-09 2.7636E-09 2.8069E-09 2.8481E-09 2.8896E-09 2.9359E-09 2.9778E-09 3.0198E-09 3.0644E-09 3.1147E-09 3.1573E-09 3.2048E-09 3.2559E-09 3.3014E-09 3.3495E-09 3.3994E-09 3.4497E-09 3.4982E-09 3.5485E-09 3.5991E-09 3.6511E-09 3.6973E-09 3.7432E-09 3.7922E-09 3.8376E-09 3.8836E-09 3.9254E-09 3.9729E-09 4.0134E-09 4.0568E-09 4.1025E-09 4.1399E-09 4.1798E-09 4.2144E-09 4.2552E-09 4.2864E-09 4.3195E-09 4.3470E-09 4.3837E-09 4.4072E-09 4.4345E-09 4.4549E-09 4.4751E-09 4.4961E-09 4.5087E-09 4.5224E-09 4.5287E-09 4.5375E-09 4.5401E-09 4.5402E-09 4.5347E-09 4.5293E-09 4.5210E-09 4.5034E-09 4.4895E-09
2.6552E-09 2.6959E-09 2.7369E-09 2.7780E-09 2.8217E-09 2.8634E-09 2.9076E-09 2.9521E-09 2.9945E-09 3.0394E-09 3.0901E-09 3.1332E-09 3.1811E-09 3.2327E-09 3.2789E-09 3.3251E-09 3.3783E-09 3.4294E-09 3.4788E-09 3.5300E-09 3.5817E-09 3.6349E-09 3.6823E-09 3.7294E-09 3.7800E-09 3.8268E-09 3.8744E-09 3.9215E-09 3.9673E-09 4.0135E-09 4.0590E-09 4.1036E-09 4.1435E-09 4.1862E-09 4.2322E-09 4.2681E-09 4.3064E-09 4.3390E-09 4.3822E-09 4.4198E-09 4.4465E-09 4.4712E-09 4.5068E-09 4.5271E-09 4.5506E-09 4.5679E-09 4.5816E-09 4.5982E-09 4.6071E-09 4.6186E-09 4.6178E-09 4.6188E-09 4.6156E-09 4.6112E-09 4.5996E-09 4.5895E-09 4.5763E-09
2.6680E-09 2.7090E-09 2.7503E-09 2.7941E-09 2.8360E-09 2.8804E-09 2.9251E-09 2.9677E-09 3.0105E-09 3.0598E-09 3.1074E-09 3.1532E-09 3.2036E-09 3.2544E-09 3.3012E-09 3.3550E-09 3.4068E-09 3.4570E-09 3.5049E-09 3.5650E-09 3.6159E-09 3.6644E-09 3.7128E-09 3.7646E-09 3.8164E-09 3.8619E-09 3.9132E-09 3.9580E-09 4.0061E-09 4.0538E-09 4.1006E-09 4.1467E-09 4.1972E-09 4.2373E-09 4.2761E-09 4.3222E-09 4.3745E-09 4.4112E-09 4.4448E-09 4.4748E-09 4.5185E-09 4.5524E-09 4.5751E-09 4.5967E-09 4.6261E-09 4.6455E-09 4.6626E-09 4.6764E-09 4.6863E-09 4.6938E-09 4.6987E-09 4.7061E-09 4.6991E-09 4.6956E-09 4.6831E-09 4.6740E-09 4.6558E-09
