Assets/Resources/2015_m01_d18_1200(utc+0800)_l00_csi_1hr_conc.grd
DSAA
         159         159
     -79.000      79.000
     -79.000      79.000
  0.0000E+00  0.6444E-06
[rows 125 to 149 of 159, columns 57 to 113 of 159]
1.7173E-12 1.8122E-12 1.9114E-12 2.0150E-12 2.1231E-12 2.2357E-12 2.3531E-12 2.4754E-12 2.6026E-12 2.7350E-12 2.8725E-12 3.0154E-12 3.1637E-12 3.3175E-12 3.4769E-12 3.6421E-12 3.8132E-12 3.9901E-12 4.1731E-12 4.3621E-12 4.5573E-12 4.7587E-12 4.9664E-12 5.1804E-12 5.4007E-12 5.6275E-12 5.8607E-12 6.1003E-12 6.3463E-12 6.5988E-12 6.8577E-12 7.1230E-12 7.3946E-12 7.6725E-12 7.9567E-12 8.2470E-12 8.5434E-12 8.8457E-12 9.1539E-12 9.4679E-12 9.7874E-12 1.0112E-11 1.0443E-11 1.0778E-11 1.1118E-11 1.1463E-11 1.1812E-11 1.2166E-11 1.2523E-11 1.2884E-11 1.3249E-11 1.3616E-11 1.3967E-11 1.4311E-11 1.4651E-11 1.5528E-11 1.7489E-11
1.7233E-12 1.8186E-12 1.9182E-12 2.0221E-12 2.1305E-12 2.2436E-12 2.3614E-12 2.4841E-12 2.6118E-12 2.7446E-12 2.8826E-12 3.0260E-12 3.1748E-12 3.3291E-12 3.4892E-12 3.6550E-12 3.8266E-12 4.0042E-12 4.1878E-12 4.3775E-12 4.5733E-12 4.7755E-12 4.9839E-12 5.1986E-12 5.4197E-12 5.6473E-12 5.8813E-12 6.1217E-12 6.3687E-12 6.6220E-12 6.8818E-12 7.1480E-12 7.4206E-12 7.6995E-12 7.9846E-12 8.2760E-12 8.5734E-12 8.8768E-12 9.1861E-12 9.5012E-12 9.8218E-12 1.0148E-11 1.0479E-11 1.0816E-11 1.1157E-11 1.1503E-11 1.1854E-11 1.2209E-11 1.2567E-11 1.2930E-11 1.3295E-11 1.3659E-11 1.4007E-11 1.4351E-11 1.4691E-11 1.5605E-11 1.7639E-11
1.7284E-12 1.8240E-12 1.9239E-12 2.0281E-12 2.1369E-12 2.2503E-12 2.3685E-12 2.4915E-12 2.6196E-12 2.7528E-12 2.8912E-12 3.0350E-12 3.1843E-12 3.3391E-12 3.4996E-12 3.6659E-12 3.8380E-12 4.0161E-12 4.2003E-12 4.3905E-12 4.5870E-12 4.7897E-12 4.9987E-12 5.2141E-12 5.4359E-12 5.6642E-12 5.8988E-12 6.1400E-12 6.3877E-12 6.6418E-12 6.9024E-12 7.1694E-12 7.4428E-12 7.7225E-12 8.0085E-12 8.3007E-12 8.5990E-12 8.9033E-12 9.2136E-12 9.5295E-12 9.8512E-12 1.0178E-11 1.0511E-11 1.0848E-11 1.1190E-11 1.1538E-11 1.1889E-11 1.2245E-11 1.2605E-11 1.2968E-11 1.3335E-11 1.3694E-11 1.4040E-11 1.4384E-11 1.4724E-11 1.5641E-11 1.7724E-11
1.7327E-12 1.8285E-12 1.9286E-12 2.0331E-12 2.1421E-12 2.2558E-12 2.3743E-12 2.4976E-12 2.6260E-12 2.7595E-12 2.8983E-12 3.0424E-12 3.1921E-12 3.3473E-12 3.5082E-12 3.6749E-12 3.8474E-12 4.0260E-12 4.2106E-12 4.4013E-12 4.5982E-12 4.8015E-12 5.0110E-12 5.2269E-12 5.4493E-12 5.6781E-12 5.9133E-12 6.1551E-12 6.4033E-12 6.6581E-12 6.9193E-12 7.1870E-12 7.4610E-12 7.7415E-12 8.0282E-12 8.3211E-12 8.6201E-12 8.9252E-12 9.2362E-12 9.5530E-12 9.8754E-12 1.0203E-11 1.0536E-11 1.0875E-11 1.1218E-11 1.1566E-11 1.1918E-11 1.2275E-11 1.2636E-11 1.3000E-11 1.3367E-11 1.3720E-11 1.4066E-11 1.4409E-11 1.4748E-11 1.5636E-11 1.7741E-11
1.7360E-12 1.8320E-12 1.9323E-12 2.0370E-12 2.1463E-12 2.2602E-12 2.3788E-12 2.5024E-12 2.6311E-12 2.7648E-12 2.9039E-12 3.0483E-12 3.1982E-12 3.3537E-12 3.5149E-12 3.6819E-12 3.8548E-12 4.0337E-12 4.2187E-12 4.4098E-12 4.6071E-12 4.8107E-12 5.0206E-12 5.2370E-12 5.4598E-12 5.6890E-12 5.9247E-12 6.1669E-12 6.4157E-12 6.6709E-12 6.9326E-12 7.2008E-12 7.4754E-12 7.7564E-12 8.0436E-12 8.3371E-12 8.6367E-12 8.9424E-12 9.2540E-12 9.5714E-12 9.8944E-12 1.0223E-11 1.0557E-11 1.0896E-11 1.1240E-11 1.1588E-11 1.1941E-11 1.2299E-11 1.2660E-11 1.3025E-11 1.3389E-11 1.3738E-11 1.4084E-11 1.4426E-11 1.4765E-11 1.5590E-11 1.7688E-11
1.7384E-12 1.8346E-12 1.9350E-12 2.0398E-12 2.1492E-12 2.2633E-12 2.3822E-12 2.5059E-12 2.6347E-12 2.7687E-12 2.9079E-12 3.0526E-12 3.2027E-12 3.3584E-12 3.5198E-12 3.6871E-12 3.8602E-12 4.0393E-12 4.2246E-12 4.4159E-12 4.6135E-12 4.8174E-12 5.0277E-12 5.2443E-12 5.4674E-12 5.6969E-12 5.9330E-12 6.1755E-12 6.4246E-12 6.6802E-12 6.9423E-12 7.2109E-12 7.4858E-12 7.7672E-12 8.0549E-12 8.3488E-12 8.6488E-12 8.9549E-12 9.2669E-12 9.5847E-12 9.9082E-12 1.0237E-11 1.0571E-11 1.0911E-11 1.1255E-11 1.1604E-11 1.1958E-11 1.2316E-11 1.2678E-11 1.3043E-11 1.3402E-11 1.3749E-11 1.4094E-11 1.4436E-11 1.4775E-11 1.5503E-11 1.7566E-11
1.7399E-12 1.8362E-12 1.9367E-12 2.0416E-12 2.1511E-12 2.2653E-12 2.3842E-12 2.5081E-12 2.6370E-12 2.7711E-12 2.9104E-12 3.0552E-12 3.2054E-12 3.3613E-12 3.5229E-12 3.6902E-12 3.8635E-12 4.0428E-12 4.2282E-12 4.4197E-12 4.6175E-12 4.8216E-12 5.0320E-12 5.2488E-12 5.4721E-12 5.7019E-12 5.9381E-12 6.1809E-12 6.4302E-12 6.6860E-12 6.9483E-12 7.2171E-12 7.4923E-12 7.7739E-12 8.0618E-12 8.3560E-12 8.6563E-12 8.9627E-12 9.2749E-12 9.5930E-12 9.9168E-12 1.0246E-11 1.0581E-11 1.0920E-11 1.1265E-11 1.1614E-11 1.1968E-11 1.2327E-11 1.2689E-11 1.3053E-11 1.3406E-11 1.3753E-11 1.4098E-11 1.4439E-11 1.4776E-11 1.5402E-11 1.7357E-11
1.7405E-12 1.8368E-12 1.9373E-12 2.0423E-12 2.1518E-12 2.2660E-12 2.3850E-12 2.5089E-12 2.6379E-12 2.7720E-12 2.9114E-12 3.0562E-12 3.2065E-12 3.3624E-12 3.5241E-12 3.6915E-12 3.8648E-12 4.0442E-12 4.2296E-12 4.4212E-12 4.6191E-12 4.8232E-12 5.0337E-12 5.2506E-12 5.4739E-12 5.7038E-12 5.9401E-12 6.1830E-12 6.4323E-12 6.6882E-12 6.9506E-12 7.2195E-12 7.4948E-12 7.7765E-12 8.0646E-12 8.3588E-12 8.6592E-12 8.9657E-12 9.2781E-12 9.5963E-12 9.9201E-12 1.0250E-11 1.0584E-11 1.0924E-11 1.1269E-11 1.1618E-11 1.1972E-11 1.2331E-11 1.2693E-11 1.3054E-11 1.3404E-11 1.3750E-11 1.4093E-11 1.4434E-11 1.4770E-11 1.5298E-11 1.7019E-11
1.7402E-12 1.8364E-12 1.9369E-12 2.0419E-12 2.1514E-12 2.2656E-12 2.3845E-12 2.5084E-12 2.6374E-12 2.7715E-12 2.9108E-12 3.0556E-12 3.2059E-12 3.3618E-12 3.5234E-12 3.6908E-12 3.8641E-12 4.0434E-12 4.2288E-12 4.4204E-12 4.6182E-12 4.8223E-12 5.0327E-12 5.2496E-12 5.4729E-12 5.7027E-12 5.9390E-12 6.1818E-12 6.4311E-12 6.6870E-12 6.9493E-12 7.2181E-12 7.4934E-12 7.7751E-12 8.0630E-12 8.3572E-12 8.6575E-12 8.9640E-12 9.2763E-12 9.5944E-12 9.9182E-12 1.0248E-11 1.0582E-11 1.0922E-11 1.1267E-11 1.1616E-11 1.1970E-11 1.2328E-11 1.2691E-11 1.3046E-11 1.3394E-11 1.3739E-11 1.4082E-11 1.4421E-11 1.4756E-11 1.5172E-11 1.6608E-11
1.7389E-12 1.8351E-12 1.9355E-12 2.0404E-12 2.1498E-12 2.2639E-12 2.3828E-12 2.5066E-12 2.6355E-12 2.7695E-12 2.9087E-12 3.0534E-12 3.2036E-12 3.3593E-12 3.5208E-12 3.6881E-12 3.8613E-12 4.0405E-12 4.2257E-12 4.4172E-12 4.6148E-12 4.8188E-12 5.0291E-12 5.2458E-12 5.4689E-12 5.6985E-12 5.9347E-12 6.1773E-12 6.4265E-12 6.6821E-12 6.9443E-12 7.2129E-12 7.4880E-12 7.7694E-12 8.0572E-12 8.3512E-12 8.6513E-12 8.9575E-12 9.2696E-12 9.5875E-12 9.9111E-12 1.0240E-11 1.0575E-11 1.0914E-11 1.1259E-11 1.1608E-11 1.1961E-11 1.2319E-11 1.2680E-11 1.3031E-11 1.3377E-11 1.3721E-11 1.4063E-11 1.4401E-11 1.4735E-11 1.5066E-11 1.6156E-11
1.7367E-12 1.8328E-12 1.9331E-12 2.0379E-12 2.1471E-12 2.2611E-12 2.3798E-12 2.5035E-12 2.6322E-12 2.7660E-12 2.9051E-12 3.0496E-12 3.1996E-12 3.3551E-12 3.5164E-12 3.6835E-12 3.8565E-12 4.0354E-12 4.2205E-12 4.4116E-12 4.6091E-12 4.8127E-12 5.0228E-12 5.2392E-12 5.4621E-12 5.6914E-12 5.9272E-12 6.1696E-12 6.4184E-12 6.6738E-12 6.9356E-12 7.2039E-12 7.4786E-12 7.7597E-12 8.0471E-12 8.3407E-12 8.6405E-12 8.9463E-12 9.2580E-12 9.5755E-12 9.8987E-12 1.0227E-11 1.0561E-11 1.0900E-11 1.1245E-11 1.1593E-11 1.1947E-11 1.2304E-11 1.2661E-11 1.3009E-11 1.3354E-11 1.3696E-11 1.4037E-11 1.4373E-11 1.4706E-11 1.5036E-11 1.5795E-11
1.7336E-12 1.8295E-12 1.9297E-12 2.0342E-12 2.1433E-12 2.2571E-12 2.3756E-12 2.4990E-12 2.6275E-12 2.7611E-12 2.8999E-12 3.0442E-12 3.1939E-12 3.3492E-12 3.5101E-12 3.6769E-12 3.8496E-12 4.0282E-12 4.2130E-12 4.4038E-12 4.6009E-12 4.8042E-12 5.0138E-12 5.2299E-12 5.4524E-12 5.6813E-12 5.9167E-12 6.1586E-12 6.4070E-12 6.6619E-12 6.9233E-12 7.1911E-12 7.4653E-12 7.7459E-12 8.0328E-12 8.3259E-12 8.6251E-12 8.9304E-12 9.2415E-12 9.5585E-12 9.8811E-12 1.0209E-11 1.0543E-11 1.0881E-11 1.1225E-11 1.1573E-11 1.1925E-11 1.2282E-11 1.2634E-11 1.2980E-11 1.3323E-11 1.3665E-11 1.4003E-11 1.4339E-11 1.4670E-11 1.4998E-11 1.5485E-11
1.7296E-12 1.8253E-12 1.9252E-12 2.0295E-12 2.1384E-12 2.2519E-12 2.3701E-12 2.4933E-12 2.6214E-12 2.7547E-12 2.8932E-12 3.0371E-12 3.1865E-12 3.3414E-12 3.5020E-12 3.6684E-12 3.8407E-12 4.0190E-12 4.2032E-12 4.3936E-12 4.5902E-12 4.7931E-12 5.0023E-12 5.2178E-12 5.4398E-12 5.6682E-12 5.9031E-12 6.1444E-12 6.3922E-12 6.6465E-12 6.9073E-12 7.1745E-12 7.4481E-12 7.7280E-12 8.0143E-12 8.3067E-12 8.6052E-12 8.9098E-12 9.2202E-12 9.5365E-12 9.8583E-12 1.0186E-11 1.0518E-11 1.0856E-11 1.1199E-11 1.1546E-11 1.1898E-11 1.2253E-11 1.2600E-11 1.2944E-11 1.3286E-11 1.3626E-11 1.3963E-11 1.4297E-11 1.4627E-11 1.4953E-11 1.5275E-11
1.7247E-12 1.8201E-12 1.9197E-12 2.0238E-12 2.1323E-12 2.2455E-12 2.3634E-12 2.4862E-12 2.6140E-12 2.7469E-12 2.8850E-12 3.0285E-12 3.1774E-12 3.3319E-12 3.4921E-12 3.6580E-12 3.8298E-12 4.0075E-12 4.1913E-12 4.3812E-12 4.5772E-12 4.7795E-12 4.9881E-12 5.2030E-12 5.4244E-12 5.6521E-12 5.8863E-12 6.1270E-12 6.3741E-12 6.6277E-12 6.8877E-12 7.1542E-12 7.4270E-12 7.7061E-12 7.9915E-12 8.2831E-12 8.5808E-12 8.8845E-12 9.1941E-12 9.5094E-12 9.8304E-12 1.0157E-11 1.0488E-11 1.0825E-11 1.1167E-11 1.1513E-11 1.1864E-11 1.2215E-11 1.2559E-11 1.2902E-11 1.3242E-11 1.3580E-11 1.3916E-11 1.4248E-11 1.4576E-11 1.4901E-11 1.5221E-11
1.7189E-12 1.8140E-12 1.9133E-12 2.0170E-12 2.1251E-12 2.2379E-12 2.3554E-12 2.4778E-12 2.6052E-12 2.7376E-12 2.8753E-12 3.0183E-12 3.1668E-12 3.3207E-12 3.4804E-12 3.6457E-12 3.8169E-12 3.9941E-12 4.1772E-12 4.3664E-12 4.5618E-12 4.7634E-12 4.9713E-12 5.1855E-12 5.4061E-12 5.6331E-12 5.8665E-12 6.1064E-12 6.3527E-12 6.6054E-12 6.8646E-12 7.1301E-12 7.4020E-12 7.6802E-12 7.9647E-12 8.2553E-12 8.5520E-12 8.8547E-12 9.1632E-12 9.4775E-12 9.7973E-12 1.0123E-11 1.0453E-11 1.0789E-11 1.1129E-11 1.1475E-11 1.1824E-11 1.2170E-11 1.2512E-11 1.2853E-11 1.3191E-11 1.3528E-11 1.3861E-11 1.4192E-11 1.4519E-11 1.4841E-11 1.5160E-11
1.7122E-12 1.8069E-12 1.9058E-12 2.0091E-12 2.1169E-12 2.2292E-12 2.3463E-12 2.4682E-12 2.5950E-12 2.7270E-12 2.8641E-12 3.0066E-12 3.1544E-12 3.3078E-12 3.4668E-12 3.6315E-12 3.8021E-12 3.9785E-12 4.1610E-12 4.3495E-12 4.5441E-12 4.7449E-12 4.9520E-12 5.1654E-12 5.3851E-12 5.6112E-12 5.8437E-12 6.0826E-12 6.3280E-12 6.5797E-12 6.8379E-12 7.1024E-12 7.3732E-12 7.6504E-12 7.9337E-12 8.2232E-12 8.5187E-12 8.8202E-12 9.1276E-12 9.4406E-12 9.7592E-12 1.0083E-11 1.0413E-11 1.0747E-11 1.1086E-11 1.1430E-11 1.1777E-11 1.2119E-11 1.2459E-11 1.2798E-11 1.3134E-11 1.3469E-11 1.3801E-11 1.4129E-11 1.4454E-11 1.4775E-11 1.5091E-11
1.7047E-12 1.7989E-12 1.8974E-12 2.0002E-12 2.1075E-12 2.2194E-12 2.3359E-12 2.4573E-12 2.5836E-12 2.7150E-12 2.8515E-12 2.9933E-12 3.1405E-12 3.2932E-12 3.4515E-12 3.6155E-12 3.7853E-12 3.9610E-12 4.1426E-12 4.3302E-12 4.5240E-12 4.7239E-12 4.9301E-12 5.1425E-12 5.3613E-12 5.5864E-12 5.8179E-12 6.0558E-12 6.3000E-12 6.5506E-12 6.8077E-12 7.0710E-12 7.3407E-12 7.6166E-12 7.8987E-12 8.1869E-12 8.4811E-12 8.7813E-12 9.0872E-12 9.3989E-12 9.7161E-12 1.0039E-11 1.0367E-11 1.0699E-11 1.1037E-11 1.1380E-11 1.1723E-11 1.2062E-11 1.2400E-11 1.2736E-11 1.3071E-11 1.3403E-11 1.3733E-11 1.4060E-11 1.4383E-11 1.4702E-11 1.5016E-11
1.6962E-12 1.7900E-12 1.8880E-12 1.9903E-12 2.0971E-12 2.2084E-12 2.3243E-12 2.4451E-12 2.5708E-12 2.7015E-12 2.8374E-12 2.9785E-12 3.1250E-12 3.2769E-12 3.4344E-12 3.5976E-12 3.7666E-12 3.9414E-12 4.1221E-12 4.3088E-12 4.5016E-12 4.7006E-12 4.9057E-12 5.1171E-12 5.3348E-12 5.5588E-12 5.7891E-12 6.0258E-12 6.2689E-12 6.5183E-12 6.7740E-12 7.0361E-12 7.3044E-12 7.5789E-12 7.8596E-12 8.1464E-12 8.4392E-12 8.7379E-12 9.0423E-12 9.3525E-12 9.6681E-12 9.9891E-12 1.0315E-11 1.0647E-11 1.0983E-11 1.1323E-11 1.1662E-11 1.1999E-11 1.2335E-11 1.2669E-11 1.3001E-11 1.3332E-11 1.3659E-11 1.3984E-11 1.4305E-11 1.4621E-11 1.4934E-11
1.6870E-12 1.7802E-12 1.8777E-12 1.9794E-12 2.0856E-12 2.1963E-12 2.3116E-12 2.4317E-12 2.5567E-12 2.6867E-12 2.8219E-12 2.9622E-12 3.1079E-12 3.2590E-12 3.4156E-12 3.5779E-12 3.7460E-12 3.9198E-12 4.0995E-12 4.2853E-12 4.4770E-12 4.6749E-12 4.8789E-12 5.0891E-12 5.3056E-12 5.5284E-12 5.7575E-12 5.9929E-12 6.2346E-12 6.4826E-12 6.7370E-12 6.9976E-12 7.2644E-12 7.5375E-12 7.8166E-12 8.1019E-12 8.3930E-12 8.6901E-12 8.9929E-12 9.3013E-12 9.6152E-12 9.9345E-12 1.0259E-11 1.0588E-11 1.0923E-11 1.1260E-11 1.1596E-11 1.1930E-11 1.2264E-11 1.2595E-11 1.2926E-11 1.3254E-11 1.3579E-11 1.3901E-11 1.4220E-11 1.4535E-11 1.4845E-11
1.6768E-12 1.7696E-12 1.8664E-12 1.9676E-12 2.0731E-12 2.1831E-12 2.2978E-12 2.4172E-12 2.5414E-12 2.6706E-12 2.8049E-12 2.9444E-12 3.0892E-12 3.2394E-12 3.3952E-12 3.5565E-12 3.7235E-12 3.8963E-12 4.0750E-12 4.2596E-12 4.4502E-12 4.6469E-12 4.8497E-12 5.0586E-12 5.2738E-12 5.4953E-12 5.7230E-12 5.9570E-12 6.1972E-12 6.4438E-12 6.6966E-12 6.9556E-12 7.2209E-12 7.4923E-12 7.7698E-12 8.0533E-12 8.3427E-12 8.6380E-12 8.9390E-12 9.2456E-12 9.5576E-12 9.8749E-12 1.0197E-11 1.0525E-11 1.0857E-11 1.1192E-11 1.1524E-11 1.1856E-11 1.2187E-11 1.2516E-11 1.2844E-11 1.3170E-11 1.3493E-11 1.3813E-11 1.4129E-11 1.4441E-11 1.4750E-11
1.6659E-12 1.7580E-12 1.8543E-12 1.9547E-12 2.0596E-12 2.1689E-12 2.2828E-12 2.4014E-12 2.5248E-12 2.6532E-12 2.7866E-12 2.9252E-12 3.0691E-12 3.2183E-12 3.3730E-12 3.5333E-12 3.6992E-12 3.8709E-12 4.0484E-12 4.2318E-12 4.4211E-12 4.6165E-12 4.8180E-12 5.0256E-12 5.2394E-12 5.4594E-12 5.6856E-12 5.9181E-12 6.1568E-12 6.4017E-12 6.6529E-12 6.9103E-12 7.1738E-12 7.4434E-12 7.7191E-12 8.0008E-12 8.2883E-12 8.5817E-12 8.8807E-12 9.1853E-12 9.4953E-12 9.8105E-12 1.0131E-11 1.0456E-11 1.0786E-11 1.1117E-11 1.1447E-11 1.1776E-11 1.2104E-11 1.2431E-11 1.2757E-11 1.3080E-11 1.3400E-11 1.3718E-11 1.4032E-11 1.4342E-11 1.4648E-11
1.6541E-12 1.7456E-12 1.8412E-12 1.9410E-12 2.0451E-12 2.1536E-12 2.2667E-12 2.3845E-12 2.5070E-12 2.6345E-12 2.7670E-12 2.9046E-12 3.0475E-12 3.1956E-12 3.3492E-12 3.5084E-12 3.6731E-12 3.8436E-12 4.0199E-12 4.2020E-12 4.3900E-12 4.5840E-12 4.7841E-12 4.9902E-12 5.2025E-12 5.4209E-12 5.6456E-12 5.8764E-12 6.1134E-12 6.3566E-12 6.6060E-12 6.8616E-12 7.1232E-12 7.3910E-12 7.6647E-12 7.9444E-12 8.2299E-12 8.5212E-12 8.8181E-12 9.1206E-12 9.4284E-12 9.7414E-12 1.0060E-11 1.0383E-11 1.0710E-11 1.1037E-11 1.1364E-11 1.1691E-11 1.2017E-11 1.2341E-11 1.2664E-11 1.2984E-11 1.3302E-11 1.3617E-11 1.3929E-11 1.4236E-11 1.4540E-11
1.6416E-12 1.7324E-12 1.8272E-12 1.9263E-12 2.0296E-12 2.1373E-12 2.2495E-12 2.3664E-12 2.4880E-12 2.6146E-12 2.7460E-12 2.8826E-12 3.0244E-12 3.1714E-12 3.3239E-12 3.4818E-12 3.6453E-12 3.8145E-12 3.9894E-12 4.1701E-12 4.3567E-12 4.5493E-12 4.7478E-12 4.9524E-12 5.1631E-12 5.3799E-12 5.6028E-12 5.8319E-12 6.0671E-12 6.3085E-12 6.5560E-12 6.8096E-12 7.0693E-12 7.3350E-12 7.6067E-12 7.8842E-12 8.1676E-12 8.4567E-12 8.7513E-12 9.0515E-12 9.3570E-12 9.6677E-12 9.9834E-12 1.0304E-11 1.0628E-11 1.0952E-11 1.1277E-11 1.1601E-11 1.1924E-11 1.2245E-11 1.2565E-11 1.2883E-11 1.3198E-11 1.3511E-11 1.3819E-11 1.4125E-11 1.4425E-11
1.6283E-12 1.7184E-12 1.8124E-12 1.9107E-12 2.0131E-12 2.1200E-12 2.2313E-12 2.3472E-12 2.4679E-12 2.5934E-12 2.7238E-12 2.8593E-12 2.9999E-12 3.1458E-12 3.2970E-12 3.4536E-12 3.6158E-12 3.7836E-12 3.9571E-12 4.1364E-12 4.3215E-12 4.5124E-12 4.7094E-12 4.9123E-12 5.1213E-12 5.3363E-12 5.5574E-12 5.7846E-12 6.0180E-12 6.2574E-12 6.5029E-12 6.7545E-12 7.0121E-12 7.2756E-12 7.5451E-12 7.8204E-12 8.1015E-12 8.3882E-12 8.6805E-12 8.9782E-12 9.2812E-12 9.5894E-12 9.9025E-12 1.0221E-11 1.0542E-11 1.0863E-11 1.1184E-11 1.1505E-11 1.1825E-11 1.2144E-11 1.2461E-11 1.2776E-11 1.3089E-11 1.3399E-11 1.3705E-11 1.4007E-11 1.4306E-11
1.6143E-12 1.7036E-12 1.7968E-12 1.8942E-12 1.9958E-12 2.1017E-12 2.2121E-12 2.3270E-12 2.4466E-12 2.5710E-12 2.7003E-12 2.8346E-12 2.9740E-12 3.1186E-12 3.2685E-12 3.4238E-12 3.5846E-12 3.7510E-12 3.9230E-12 4.1007E-12 4.2842E-12 4.4735E-12 4.6688E-12 4.8700E-12 5.0771E-12 5.2903E-12 5.5095E-12 5.7348E-12 5.9661E-12 6.2035E-12 6.4468E-12 6.6962E-12 6.9516E-12 7.2129E-12 7.4800E-12 7.7530E-12 8.0316E-12 8.3159E-12 8.6056E-12 8.9008E-12 9.2012E-12 9.5067E-12 9.8172E-12 1.0132E-11 1.0450E-11 1.0769E-11 1.1087E-11 1.1405E-11 1.1722E-11 1.2038E-11 1.2352E-11 1.2665E-11 1.2974E-11 1.3281E-11 1.3585E-11 1.3884E-11 1.4180E-11
