Assets/Resources/2015_m01_d20_0600(utc+0800)_l00_csi_1hr_conc.grd
DSAA
         159         159
     -79.000      79.000
     -79.000      79.000
  0.0000E+00  0.2262E-04
[rows 0 to 24 of 159, columns 0 to 56 of 159]
4.1116E-10 4.3875E-10 4.6768E-10 4.9819E-10 5.3014E-10 5.6379E-10 5.9885E-10 6.3560E-10 6.7420E-10 7.1430E-10 7.5640E-10 8.0017E-10 8.4559E-10 8.9259E-10 9.4157E-10 9.9240E-10 1.0448E-09 1.0994E-09 1.1559E-09 1.2137E-09 1.2742E-09 1.3362E-09 1.3997E-09 1.4657E-09 1.5337E-09 1.6025E-09 1.6731E-09 1.7453E-09 1.8178E-09 1.8905E-09 1.9640E-09 2.0378E-09 2.1107E-09 2.1832E-09 2.2567E-09 2.3287E-09 2.3998E-09 2.4705E-09 2.5414E-09 2.6100E-09 2.6775E-09 2.7443E-09 2.8101E-09 2.8733E-09 2.9347E-09 2.9951E-09 3.0541E-09 3.1100E-09 3.1639E-09 3.2157E-09 3.2674E-09 3.3151E-09 3.3605E-09 3.4038E-09 3.4467E-09 3.4854E-09 3.5219E-09
4.1887E-10 4.4691E-10 4.7648E-10 5.0751E-10 5.4033E-10 5.7465E-10 6.1014E-10 6.4789E-10 6.8724E-10 7.2786E-10 7.7089E-10 8.1546E-10 8.6152E-10 9.1002E-10 9.5998E-10 1.0113E-09 1.0654E-09 1.1210E-09 1.1781E-09 1.2377E-09 1.2994E-09 1.3622E-09 1.4275E-09 1.4948E-09 1.5636E-09 1.6340E-09 1.7064E-09 1.7794E-09 1.8528E-09 1.9273E-09 2.0023E-09 2.0765E-09 2.1505E-09 2.2254E-09 2.2990E-09 2.3718E-09 2.4447E-09 2.5171E-09 2.5877E-09 2.6572E-09 2.7266E-09 2.7944E-09 2.8600E-09 2.9239E-09 2.9876E-09 3.0484E-09 3.1069E-09 3.1635E-09 3.2194E-09 3.2722E-09 3.3225E-09 3.3706E-09 3.4165E-09 3.4620E-09 3.5034E-09 3.5424E-09 3.5790E-09
4.2632E-10 4.5512E-10 4.8508E-10 5.1661E-10 5.5006E-10 5.8501E-10 6.2143E-10 6.5978E-10 6.9973E-10 7.4143E-10 7.8526E-10 8.3041E-10 8.7767E-10 9.2681E-10 9.7748E-10 1.0304E-09 1.0852E-09 1.1417E-09 1.2005E-09 1.2612E-09 1.3236E-09 1.3880E-09 1.4548E-09 1.5231E-09 1.5930E-09 1.6652E-09 1.7386E-09 1.8126E-09 1.8878E-09 1.9638E-09 2.0391E-09 2.1148E-09 2.1909E-09 2.2660E-09 2.3405E-09 2.4150E-09 2.4893E-09 2.5617E-09 2.6332E-09 2.7048E-09 2.7748E-09 2.8427E-09 2.9091E-09 2.9754E-09 3.0388E-09 3.0999E-09 3.1590E-09 3.2181E-09 3.2732E-09 3.3262E-09 3.3769E-09 3.4274E-09 3.4737E-09 3.5177E-09 3.5593E-09 3.5986E-09 3.6375E-09
4.3356E-10 4.6289E-10 4.9338E-10 5.2573E-10 5.5966E-10 5.9509E-10 6.3220E-10 6.7124E-10 7.1193E-10 7.5439E-10 7.9901E-10 8.4530E-10 8.9354E-10 9.4321E-10 9.9484E-10 1.0490E-09 1.1046E-09 1.1622E-09 1.2223E-09 1.2839E-09 1.3475E-09 1.4134E-09 1.4813E-09 1.5506E-09 1.6226E-09 1.6958E-09 1.7699E-09 1.8457E-09 1.9224E-09 1.9988E-09 2.0756E-09 2.1530E-09 2.2296E-09 2.3056E-09 2.3819E-09 2.4579E-09 2.5322E-09 2.6056E-09 2.6791E-09 2.7513E-09 2.8215E-09 2.8903E-09 2.9593E-09 3.0249E-09 3.0887E-09 3.1505E-09 3.2122E-09 3.2701E-09 3.3258E-09 3.3793E-09 3.4324E-09 3.4815E-09 3.5282E-09 3.5726E-09 3.6165E-09 3.6561E-09 3.6933E-09
4.4085E-10 4.7050E-10 5.0143E-10 5.3435E-10 5.6885E-10 6.0492E-10 6.4266E-10 6.8264E-10 7.2380E-10 7.6712E-10 8.1242E-10 8.5951E-10 9.0861E-10 9.5918E-10 1.0120E-09 1.0669E-09 1.1235E-09 1.1824E-09 1.2434E-09 1.3058E-09 1.3712E-09 1.4383E-09 1.5068E-09 1.5780E-09 1.6512E-09 1.7252E-09 1.8011E-09 1.8781E-09 1.9555E-09 2.0333E-09 2.1116E-09 2.1899E-09 2.2674E-09 2.3452E-09 2.4228E-09 2.4989E-09 2.5742E-09 2.6497E-09 2.7238E-09 2.7962E-09 2.8677E-09 2.9388E-09 3.0069E-09 3.0733E-09 3.1381E-09 3.2022E-09 3.2628E-09 3.3212E-09 3.3774E-09 3.4334E-09 3.4852E-09 3.5347E-09 3.5818E-09 3.6285E-09 3.6709E-09 3.7108E-09 3.7482E-09
4.4767E-10 4.7778E-10 5.0949E-10 5.4269E-10 5.7802E-10 6.1469E-10 6.5279E-10 6.9345E-10 7.3555E-10 7.7947E-10 8.2542E-10 8.7331E-10 9.2296E-10 9.7469E-10 1.0284E-09 1.0839E-09 1.1418E-09 1.2020E-09 1.2635E-09 1.3277E-09 1.3942E-09 1.4619E-09 1.5323E-09 1.6046E-09 1.6786E-09 1.7541E-09 1.8315E-09 1.9094E-09 1.9877E-09 2.0673E-09 2.1468E-09 2.2256E-09 2.3049E-09 2.3842E-09 2.4619E-09 2.5390E-09 2.6164E-09 2.6925E-09 2.7669E-09 2.8406E-09 2.9140E-09 2.9846E-09 3.0535E-09 3.1214E-09 3.1878E-09 3.2511E-09 3.3123E-09 3.3721E-09 3.4301E-09 3.4848E-09 3.5371E-09 3.5870E-09 3.6365E-09 3.6817E-09 3.7244E-09 3.7661E-09 3.8048E-09
4.5423E-10 4.8489E-10 5.1702E-10 5.5073E-10 5.8662E-10 6.2387E-10 6.6305E-10 7.0389E-10 7.4666E-10 7.9158E-10 8.3824E-10 8.8664E-10 9.3740E-10 9.8996E-10 1.0443E-09 1.1011E-09 1.1599E-09 1.2206E-09 1.2836E-09 1.3489E-09 1.4159E-09 1.4854E-09 1.5570E-09 1.6303E-09 1.7054E-09 1.7824E-09 1.8608E-09 1.9396E-09 2.0200E-09 2.1004E-09 2.1805E-09 2.2611E-09 2.3416E-09 2.4213E-09 2.5000E-09 2.5792E-09 2.6573E-09 2.7337E-09 2.8094E-09 2.8851E-09 2.9580E-09 3.0294E-09 3.0998E-09 3.1689E-09 3.2350E-09 3.2990E-09 3.3620E-09 3.4225E-09 3.4800E-09 3.5351E-09 3.5887E-09 3.6403E-09 3.6884E-09 3.7339E-09 3.7793E-09 3.8200E-09 3.8581E-09
4.6028E-10 4.9190E-10 5.2425E-10 5.5886E-10 5.9490E-10 6.3268E-10 6.7248E-10 7.1393E-10 7.5737E-10 8.0297E-10 8.5034E-10 8.9951E-10 9.5105E-10 1.0044E-09 1.0597E-09 1.1173E-09 1.1770E-09 1.2387E-09 1.3028E-09 1.3691E-09 1.4372E-09 1.5078E-09 1.5806E-09 1.6551E-09 1.7317E-09 1.8099E-09 1.8889E-09 1.9695E-09 2.0510E-09 2.1321E-09 2.2135E-09 2.2957E-09 2.3769E-09 2.4573E-09 2.5382E-09 2.6181E-09 2.6964E-09 2.7741E-09 2.8516E-09 2.9271E-09 3.0008E-09 3.0742E-09 3.1455E-09 3.2143E-09 3.2811E-09 3.3469E-09 3.4102E-09 3.4706E-09 3.5287E-09 3.5856E-09 3.6397E-09 3.6906E-09 3.7391E-09 3.7874E-09 3.8310E-09 3.8719E-09 3.9128E-09
4.6657E-10 4.9811E-10 5.3117E-10 5.6635E-10 6.0281E-10 6.4116E-10 6.8152E-10 7.2355E-10 7.6764E-10 8.1389E-10 8.6197E-10 9.1186E-10 9.6416E-10 1.0183E-09 1.0747E-09 1.1332E-09 1.1936E-09 1.2564E-09 1.3215E-09 1.3885E-09 1.4580E-09 1.5297E-09 1.6030E-09 1.6790E-09 1.7571E-09 1.8359E-09 1.9167E-09 1.9984E-09 2.0805E-09 2.1630E-09 2.2463E-09 2.3289E-09 2.4108E-09 2.4933E-09 2.5749E-09 2.6551E-09 2.7348E-09 2.8142E-09 2.8919E-09 2.9679E-09 3.0437E-09 3.1175E-09 3.1889E-09 3.2584E-09 3.3271E-09 3.3933E-09 3.4566E-09 3.5175E-09 3.5778E-09 3.6345E-09 3.6884E-09 3.7403E-09 3.7911E-09 3.8376E-09 3.8815E-09 3.9253E-09 3.9641E-09
4.7256E-10 5.0427E-10 5.3802E-10 5.7341E-10 6.1063E-10 6.4925E-10 6.9014E-10 7.3277E-10 7.7745E-10 8.2432E-10 8.7309E-10 9.2406E-10 9.7669E-10 1.0317E-09 1.0888E-09 1.1478E-09 1.2094E-09 1.2732E-09 1.3389E-09 1.4072E-09 1.4777E-09 1.5502E-09 1.6252E-09 1.7023E-09 1.7810E-09 1.8615E-09 1.9434E-09 2.0260E-09 2.1093E-09 2.1932E-09 2.2773E-09 2.3606E-09 2.4443E-09 2.5279E-09 2.6098E-09 2.6914E-09 2.7728E-09 2.8524E-09 2.9306E-09 3.0083E-09 3.0849E-09 3.1589E-09 3.2311E-09 3.3025E-09 3.3716E-09 3.4377E-09 3.5017E-09 3.5648E-09 3.6245E-09 3.6814E-09 3.7368E-09 3.7902E-09 3.8397E-09 3.8876E-09 3.9333E-09 3.9751E-09 4.0148E-09
4.7783E-10 5.1010E-10 5.4429E-10 5.8011E-10 6.1781E-10 6.5692E-10 6.9860E-10 7.4178E-10 7.8677E-10 8.3426E-10 8.8366E-10 9.3529E-10 9.8864E-10 1.0443E-09 1.1022E-09 1.1621E-09 1.2245E-09 1.2892E-09 1.3558E-09 1.4253E-09 1.4966E-09 1.5701E-09 1.6461E-09 1.7243E-09 1.8041E-09 1.8858E-09 1.9688E-09 2.0522E-09 2.1373E-09 2.2223E-09 2.3068E-09 2.3918E-09 2.4766E-09 2.5605E-09 2.6438E-09 2.7267E-09 2.8087E-09 2.8890E-09 2.9688E-09 3.0478E-09 3.1242E-09 3.1989E-09 3.2731E-09 3.3449E-09 3.4140E-09 3.4808E-09 3.5470E-09 3.6097E-09 3.6696E-09 3.7280E-09 3.7845E-09 3.8370E-09 3.8879E-09 3.9368E-09 3.9816E-09 4.0248E-09 4.0658E-09
4.8295E-10 5.1586E-10 5.5019E-10 5.8669E-10 6.2459E-10 6.6416E-10 7.0635E-10 7.5005E-10 7.9557E-10 8.4367E-10 8.9366E-10 9.4594E-10 9.9997E-10 1.0564E-09 1.1150E-09 1.1759E-09 1.2391E-09 1.3043E-09 1.3722E-09 1.4423E-09 1.5145E-09 1.5893E-09 1.6663E-09 1.7450E-09 1.8264E-09 1.9092E-09 1.9927E-09 2.0779E-09 2.1638E-09 2.2495E-09 2.3354E-09 2.4218E-09 2.5072E-09 2.5922E-09 2.6769E-09 2.7608E-09 2.8430E-09 2.9249E-09 3.0060E-09 3.0848E-09 3.1620E-09 3.2388E-09 3.3133E-09 3.3852E-09 3.4550E-09 3.5241E-09 3.5898E-09 3.6528E-09 3.7143E-09 3.7738E-09 3.8294E-09 3.8835E-09 3.9354E-09 3.9833E-09 4.0296E-09 4.0737E-09 4.1137E-09
4.8774E-10 5.2102E-10 5.5571E-10 5.9263E-10 6.3068E-10 6.7122E-10 7.1362E-10 7.5755E-10 8.0387E-10 8.5251E-10 9.0307E-10 9.5598E-10 1.0109E-09 1.0677E-09 1.1270E-09 1.1887E-09 1.2524E-09 1.3187E-09 1.3873E-09 1.4581E-09 1.5315E-09 1.6072E-09 1.6849E-09 1.7652E-09 1.8474E-09 1.9309E-09 2.0162E-09 2.1025E-09 2.1890E-09 2.2758E-09 2.3630E-09 2.4501E-09 2.5362E-09 2.6229E-09 2.7086E-09 2.7927E-09 2.8766E-09 2.9595E-09 3.0408E-09 3.1203E-09 3.1996E-09 3.2768E-09 3.3514E-09 3.4240E-09 3.4961E-09 3.5648E-09 3.6308E-09 3.6954E-09 3.7580E-09 3.8168E-09 3.8744E-09 3.9291E-09 3.9801E-09 4.0300E-09 4.0768E-09 4.1199E-09 4.1613E-09
4.9221E-10 5.2582E-10 5.6087E-10 5.9816E-10 6.3659E-10 6.7757E-10 7.2040E-10 7.6506E-10 8.1162E-10 8.6076E-10 9.1188E-10 9.6536E-10 1.0209E-09 1.0783E-09 1.1383E-09 1.2006E-09 1.2651E-09 1.3322E-09 1.4016E-09 1.4735E-09 1.5477E-09 1.6240E-09 1.7027E-09 1.7840E-09 1.8671E-09 1.9518E-09 2.0381E-09 2.1253E-09 2.2129E-09 2.3011E-09 2.3893E-09 2.4767E-09 2.5645E-09 2.6518E-09 2.7381E-09 2.8236E-09 2.9088E-09 2.9922E-09 3.0740E-09 3.1552E-09 3.2352E-09 3.3125E-09 3.3879E-09 3.4625E-09 3.5346E-09 3.6036E-09 3.6713E-09 3.7370E-09 3.7989E-09 3.8597E-09 3.9175E-09 3.9718E-09 4.0249E-09 4.0748E-09 4.1211E-09 4.1657E-09 4.2081E-09
4.9657E-10 5.3023E-10 5.6588E-10 6.0300E-10 6.4233E-10 6.8343E-10 7.2641E-10 7.7178E-10 8.1879E-10 8.6841E-10 9.2006E-10 9.7394E-10 1.0302E-09 1.0882E-09 1.1488E-09 1.2118E-09 1.2772E-09 1.3447E-09 1.4149E-09 1.4876E-09 1.5626E-09 1.6398E-09 1.7197E-09 1.8018E-09 1.8857E-09 1.9717E-09 2.0590E-09 2.1466E-09 2.2355E-09 2.3246E-09 2.4135E-09 2.5026E-09 2.5914E-09 2.6793E-09 2.7665E-09 2.8533E-09 2.9390E-09 3.0230E-09 3.1064E-09 3.1888E-09 3.2686E-09 3.3467E-09 3.4240E-09 3.4990E-09 3.5711E-09 3.6418E-09 3.7106E-09 3.7757E-09 3.8392E-09 3.9007E-09 3.9581E-09 4.0140E-09 4.0676E-09 4.1172E-09 4.1650E-09 4.2106E-09 4.2520E-09
5.0032E-10 5.3427E-10 5.7022E-10 6.0765E-10 6.4734E-10 6.8880E-10 7.3243E-10 7.7767E-10 8.2537E-10 8.7546E-10 9.2758E-10 9.8195E-10 1.0387E-09 1.0973E-09 1.1585E-09 1.2221E-09 1.2882E-09 1.3563E-09 1.4273E-09 1.5006E-09 1.5762E-09 1.6545E-09 1.7352E-09 1.8179E-09 1.9031E-09 1.9900E-09 2.0778E-09 2.1671E-09 2.2570E-09 2.3467E-09 2.4365E-09 2.5266E-09 2.6163E-09 2.7048E-09 2.7937E-09 2.8814E-09 2.9673E-09 3.0529E-09 3.1372E-09 3.2197E-09 3.3003E-09 3.3803E-09 3.4581E-09 3.5331E-09 3.6069E-09 3.6783E-09 3.7470E-09 3.8137E-09 3.8784E-09 3.9391E-09 3.9982E-09 4.0551E-09 4.1079E-09 4.1590E-09 4.2079E-09 4.2525E-09 4.2954E-09
5.0344E-10 5.3817E-10 5.7388E-10 6.1213E-10 6.5187E-10 6.9339E-10 7.3765E-10 7.8326E-10 8.3134E-10 8.8187E-10 9.3442E-10 9.8927E-10 1.0465E-09 1.1056E-09 1.1674E-09 1.2316E-09 1.2982E-09 1.3670E-09 1.4386E-09 1.5127E-09 1.5889E-09 1.6680E-09 1.7495E-09 1.8331E-09 1.9191E-09 2.0069E-09 2.0957E-09 2.1858E-09 2.2766E-09 2.3673E-09 2.4584E-09 2.5494E-09 2.6393E-09 2.7295E-09 2.8189E-09 2.9071E-09 2.9943E-09 3.0811E-09 3.1659E-09 3.2489E-09 3.3311E-09 3.4119E-09 3.4897E-09 3.5664E-09 3.6409E-09 3.7127E-09 3.7826E-09 3.8500E-09 3.9144E-09 3.9768E-09 4.0370E-09 4.0931E-09 4.1475E-09 4.1997E-09 4.2477E-09 4.2934E-09 4.3374E-09
5.0663E-10 5.4115E-10 5.7736E-10 6.1583E-10 6.5565E-10 6.9801E-10 7.4205E-10 7.8826E-10 8.3672E-10 8.8762E-10 9.4056E-10 9.9586E-10 1.0533E-09 1.1131E-09 1.1754E-09 1.2401E-09 1.3073E-09 1.3767E-09 1.4489E-09 1.5236E-09 1.6008E-09 1.6803E-09 1.7625E-09 1.8473E-09 1.9338E-09 2.0220E-09 2.1121E-09 2.2031E-09 2.2944E-09 2.3864E-09 2.4784E-09 2.5699E-09 2.6614E-09 2.7525E-09 2.8424E-09 2.9315E-09 3.0200E-09 3.1073E-09 3.1925E-09 3.2771E-09 3.3601E-09 3.4409E-09 3.5200E-09 3.5979E-09 3.6728E-09 3.7453E-09 3.8164E-09 3.8841E-09 3.9497E-09 4.0128E-09 4.0727E-09 4.1305E-09 4.1855E-09 4.2373E-09 4.2864E-09 4.3337E-09 4.3772E-09
5.0922E-10 5.4397E-10 5.8067E-10 6.1898E-10 6.5918E-10 7.0182E-10 7.4615E-10 7.9265E-10 8.4147E-10 8.9269E-10 9.4602E-10 1.0017E-09 1.0595E-09 1.1198E-09 1.1825E-09 1.2477E-09 1.3154E-09 1.3854E-09 1.4581E-09 1.5334E-09 1.6112E-09 1.6913E-09 1.7744E-09 1.8598E-09 1.9471E-09 2.0365E-09 2.1273E-09 2.2188E-09 2.3110E-09 2.4038E-09 2.4967E-09 2.5890E-09 2.6815E-09 2.7733E-09 2.8638E-09 2.9541E-09 3.0438E-09 3.1312E-09 3.2177E-09 3.3034E-09 3.3868E-09 3.4686E-09 3.5489E-09 3.6272E-09 3.7028E-09 3.7770E-09 3.8479E-09 3.9164E-09 3.9832E-09 4.0465E-09 4.1071E-09 4.1660E-09 4.2212E-09 4.2737E-09 4.3244E-09 4.3713E-09 4.4168E-09
5.1145E-10 5.4636E-10 5.8328E-10 6.2152E-10 6.6248E-10 7.0483E-10 7.4946E-10 7.9647E-10 8.4555E-10 8.9693E-10 9.5075E-10 1.0065E-09 1.0652E-09 1.1256E-09 1.1888E-09 1.2544E-09 1.3226E-09 1.3930E-09 1.4662E-09 1.5421E-09 1.6205E-09 1.7012E-09 1.7849E-09 1.8710E-09 1.9589E-09 2.0491E-09 2.1406E-09 2.2330E-09 2.3263E-09 2.4199E-09 2.5129E-09 2.6065E-09 2.6997E-09 2.7921E-09 2.8841E-09 2.9753E-09 3.0651E-09 3.1537E-09 3.2413E-09 3.3275E-09 3.4113E-09 3.4948E-09 3.5759E-09 3.6545E-09 3.7314E-09 3.8059E-09 3.8776E-09 3.9473E-09 4.0143E-09 4.0783E-09 4.1402E-09 4.1993E-09 4.2552E-09 4.3089E-09 4.3597E-09 4.4086E-09 4.4548E-09
5.1326E-10 5.4827E-10 5.8516E-10 6.2384E-10 6.6473E-10 7.0755E-10 7.5238E-10 7.9965E-10 8.4897E-10 9.0065E-10 9.5473E-10 1.0108E-09 1.0694E-09 1.1306E-09 1.1941E-09 1.2601E-09 1.3287E-09 1.3995E-09 1.4733E-09 1.5496E-09 1.6282E-09 1.7098E-09 1.7940E-09 1.8804E-09 1.9693E-09 2.0601E-09 2.1521E-09 2.2455E-09 2.3396E-09 2.4337E-09 2.5282E-09 2.6225E-09 2.7162E-09 2.8094E-09 2.9022E-09 2.9942E-09 3.0844E-09 3.1742E-09 3.2627E-09 3.3493E-09 3.4348E-09 3.5186E-09 3.6000E-09 3.6799E-09 3.7580E-09 3.8324E-09 3.9058E-09 3.9762E-09 4.0430E-09 4.1088E-09 4.1713E-09 4.2302E-09 4.2878E-09 4.3421E-09 4.3945E-09 4.4441E-09 4.4901E-09
5.1440E-10 5.4979E-10 5.8683E-10 6.2539E-10 6.6672E-10 7.0970E-10 7.5475E-10 8.0220E-10 8.5146E-10 9.0352E-10 9.5769E-10 1.0145E-09 1.0732E-09 1.1347E-09 1.1985E-09 1.2649E-09 1.3335E-09 1.4050E-09 1.4791E-09 1.5559E-09 1.6350E-09 1.7171E-09 1.8018E-09 1.8887E-09 1.9783E-09 2.0697E-09 2.1623E-09 2.2564E-09 2.3512E-09 2.4460E-09 2.5412E-09 2.6364E-09 2.7308E-09 2.8251E-09 2.9188E-09 3.0108E-09 3.1026E-09 3.1931E-09 3.2820E-09 3.3700E-09 3.4563E-09 3.5404E-09 3.6231E-09 3.7038E-09 3.7817E-09 3.8578E-09 3.9315E-09 4.0022E-09 4.0708E-09 4.1368E-09 4.1996E-09 4.2602E-09 4.3180E-09 4.3735E-09 4.4266E-09 4.4770E-09 4.5248E-09
5.1539E-10 5.5083E-10 5.8803E-10 6.2699E-10 6.6818E-10 7.1102E-10 7.5650E-10 8.0383E-10 8.5382E-10 9.0552E-10 9.6016E-10 1.0170E-09 1.0762E-09 1.1378E-09 1.2020E-09 1.2686E-09 1.3375E-09 1.4094E-09 1.4839E-09 1.5610E-09 1.6406E-09 1.7231E-09 1.8082E-09 1.8956E-09 1.9857E-09 2.0777E-09 2.1709E-09 2.2656E-09 2.3607E-09 2.4566E-09 2.5525E-09 2.6480E-09 2.7435E-09 2.8386E-09 2.9326E-09 3.0258E-09 3.1183E-09 3.2097E-09 3.2994E-09 3.3881E-09 3.4752E-09 3.5602E-09 3.6437E-09 3.7250E-09 3.8043E-09 3.8812E-09 3.9551E-09 4.0271E-09 4.0965E-09 4.1627E-09 4.2268E-09 4.2881E-09 4.3471E-09 4.4038E-09 4.4577E-09 4.5081E-09 4.5576E-09
5.1598E-10 5.5148E-10 5.8850E-10 6.2781E-10 6.6869E-10 7.1232E-10 7.5737E-10 8.0495E-10 8.5523E-10 9.0707E-10 9.6179E-10 1.0189E-09 1.0782E-09 1.1401E-09 1.2045E-09 1.2711E-09 1.3406E-09 1.4127E-09 1.4874E-09 1.5650E-09 1.6448E-09 1.7277E-09 1.8132E-09 1.9010E-09 1.9915E-09 2.0840E-09 2.1778E-09 2.2731E-09 2.3692E-09 2.4654E-09 2.5619E-09 2.6581E-09 2.7544E-09 2.8501E-09 2.9449E-09 3.0388E-09 3.1321E-09 3.2238E-09 3.3147E-09 3.4042E-09 3.4921E-09 3.5783E-09 3.6625E-09 3.7442E-09 3.8243E-09 3.9019E-09 3.9767E-09 4.0494E-09 4.1196E-09 4.1866E-09 4.2515E-09 4.3135E-09 4.3738E-09 4.4312E-09 4.4861E-09 4.5382E-09 4.5876E-09
5.1640E-10 5.5143E-10 5.8895E-10 6.2786E-10 6.6906E-10 7.1250E-10 7.5790E-10 8.0584E-10 8.5567E-10 9.0789E-10 9.6263E-10 1.0199E-09 1.0792E-09 1.1415E-09 1.2057E-09 1.2731E-09 1.3425E-09 1.4148E-09 1.4899E-09 1.5673E-09 1.6478E-09 1.7309E-09 1.8168E-09 1.9049E-09 1.9959E-09 2.0888E-09 2.1830E-09 2.2789E-09 2.3756E-09 2.4723E-09 2.5691E-09 2.6663E-09 2.7632E-09 2.8593E-09 2.9551E-09 3.0501E-09 3.1437E-09 3.2367E-09 3.3284E-09 3.4181E-09 3.5068E-09 3.5937E-09 3.6783E-09 3.7613E-09 3.8420E-09 3.9205E-09 3.9966E-09 4.0701E-09 4.1405E-09 4.2089E-09 4.2745E-09 4.3382E-09 4.3992E-09 4.4566E-09 4.5125E-09 4.5655E-09 4.6148E-09
