Assets/Resources/2015_m01_d24_2100(utc+0800)_l00_csi_1hr_conc.grd
DSAA
         159         159
     -79.000      79.000
     -79.000      79.000
  0.0000E+00  0.4248E-05
[rows 25 to 49 of 159, columns 57 to 113 of 159]
1.8396E-11 1.8164E-11 1.7930E-11 1.7694E-11 1.7456E-11 1.7216E-11 1.6975E-11 1.6731E-11 1.6487E-11 1.6241E-11 1.5994E-11 1.5746E-11 1.5497E-11 1.5248E-11 1.4998E-11 1.4747E-11 1.4497E-11 1.4246E-11 1.3995E-11 1.3744E-11 1.3494E-11 1.3244E-11 1.2994E-11 1.2745E-11 1.2497E-11 1.2250E-11 1.2004E-11 1.1759E-11 1.1516E-11 1.1274E-11 1.1033E-11 1.0794E-11 1.0557E-11 1.0321E-11 1.0087E-11 9.8558E-12 9.6264E-12 9.3994E-12 9.1750E-12 8.9530E-12 8.7345E-12 8.5187E-12 8.3067E-12 8.0977E-12 7.8921E-12 7.6898E-12 7.4909E-12 7.2953E-12 7.1028E-12 6.9136E-12 6.7277E-12 6.5450E-12 6.3656E-12 6.1895E-12 6.0166E-12 5.8470E-12 5.6807E-12
1.8298E-11 1.8067E-11 1.7833E-11 1.7598E-11 1.7360E-11 1.7121E-11 1.6880E-11 1.6637E-11 1.6393E-11 1.6148E-11 1.5901E-11 1.5654E-11 1.5406E-11 1.5157E-11 1.4908E-11 1.4658E-11 1.4408E-11 1.4158E-11 1.3908E-11 1.3658E-11 1.3408E-11 1.3159E-11 1.2910E-11 1.2662E-11 1.2415E-11 1.2169E-11 1.1923E-11 1.1679E-11 1.1437E-11 1.1195E-11 1.0956E-11 1.0717E-11 1.0481E-11 1.0246E-11 1.0014E-11 9.7833E-12 9.5553E-12 9.3295E-12 9.1069E-12 8.8869E-12 8.6704E-12 8.4568E-12 8.2466E-12 8.0394E-12 7.8356E-12 7.6351E-12 7.4376E-12 7.2433E-12 7.0523E-12 6.8644E-12 6.6798E-12 6.4984E-12 6.3203E-12 6.1454E-12 5.9738E-12 5.8054E-12 5.6403E-12
1.8196E-11 1.7965E-11 1.7732E-11 1.7497E-11 1.7260E-11 1.7021E-11 1.6780E-11 1.6538E-11 1.6295E-11 1.6050E-11 1.5805E-11 1.5558E-11 1.5310E-11 1.5062E-11 1.4814E-11 1.4565E-11 1.4315E-11 1.4066E-11 1.3817E-11 1.3567E-11 1.3319E-11 1.3070E-11 1.2822E-11 1.2575E-11 1.2329E-11 1.2084E-11 1.1839E-11 1.1596E-11 1.1354E-11 1.1114E-11 1.0875E-11 1.0638E-11 1.0403E-11 1.0169E-11 9.9380E-12 9.7089E-12 9.4824E-12 9.2587E-12 9.0380E-12 8.8202E-12 8.6055E-12 8.3938E-12 8.1854E-12 7.9801E-12 7.7778E-12 7.5787E-12 7.3827E-12 7.1898E-12 7.0002E-12 6.8137E-12 6.6305E-12 6.4504E-12 6.2736E-12 6.1000E-12 5.9297E-12 5.7626E-12 5.5987E-12
1.8089E-11 1.7858E-11 1.7626E-11 1.7391E-11 1.7155E-11 1.6917E-11 1.6677E-11 1.6436E-11 1.6193E-11 1.5949E-11 1.5704E-11 1.5458E-11 1.5211E-11 1.4964E-11 1.4716E-11 1.4468E-11 1.4219E-11 1.3971E-11 1.3722E-11 1.3474E-11 1.3226E-11 1.2978E-11 1.2731E-11 1.2485E-11 1.2240E-11 1.1996E-11 1.1752E-11 1.1510E-11 1.1269E-11 1.1030E-11 1.0792E-11 1.0556E-11 1.0322E-11 1.0090E-11 9.8603E-12 9.6331E-12 9.4085E-12 9.1869E-12 8.9681E-12 8.7522E-12 8.5394E-12 8.3296E-12 8.1228E-12 7.9190E-12 7.7183E-12 7.5207E-12 7.3262E-12 7.1349E-12 6.9467E-12 6.7616E-12 6.5798E-12 6.4011E-12 6.2257E-12 6.0534E-12 5.8843E-12 5.7185E-12 5.5558E-12
1.7977E-11 1.7747E-11 1.7515E-11 1.7282E-11 1.7046E-11 1.6808E-11 1.6569E-11 1.6328E-11 1.6086E-11 1.5843E-11 1.5599E-11 1.5354E-11 1.5108E-11 1.4861E-11 1.4614E-11 1.4367E-11 1.4119E-11 1.3872E-11 1.3624E-11 1.3377E-11 1.3130E-11 1.2883E-11 1.2637E-11 1.2392E-11 1.2148E-11 1.1905E-11 1.1662E-11 1.1421E-11 1.1182E-11 1.0943E-11 1.0707E-11 1.0472E-11 1.0240E-11 1.0009E-11 9.7813E-12 9.5561E-12 9.3335E-12 9.1138E-12 8.8969E-12 8.6829E-12 8.4718E-12 8.2637E-12 8.0585E-12 7.8564E-12 7.6573E-12 7.4612E-12 7.2683E-12 7.0784E-12 6.8917E-12 6.7081E-12 6.5277E-12 6.3505E-12 6.1764E-12 6.0055E-12 5.8378E-12 5.6733E-12 5.5119E-12
1.7861E-11 1.7632E-11 1.7401E-11 1.7167E-11 1.6932E-11 1.6695E-11 1.6457E-11 1.6217E-11 1.5976E-11 1.5734E-11 1.5490E-11 1.5246E-11 1.5001E-11 1.4755E-11 1.4509E-11 1.4263E-11 1.4016E-11 1.3769E-11 1.3523E-11 1.3276E-11 1.3030E-11 1.2785E-11 1.2540E-11 1.2296E-11 1.2053E-11 1.1811E-11 1.1569E-11 1.1329E-11 1.1091E-11 1.0854E-11 1.0619E-11 1.0386E-11 1.0155E-11 9.9269E-12 9.7009E-12 9.4776E-12 9.2570E-12 9.0392E-12 8.8241E-12 8.6119E-12 8.4026E-12 8.1961E-12 7.9926E-12 7.7922E-12 7.5947E-12 7.4002E-12 7.2088E-12 7.0206E-12 6.8354E-12 6.6533E-12 6.4744E-12 6.2986E-12 6.1259E-12 5.9564E-12 5.7901E-12 5.6269E-12 5.4668E-12
1.7740E-11 1.7512E-11 1.7281E-11 1.7049E-11 1.6814E-11 1.6578E-11 1.6341E-11 1.6102E-11 1.5861E-11 1.5620E-11 1.5377E-11 1.5134E-11 1.4890E-11 1.4645E-11 1.4400E-11 1.4155E-11 1.3909E-11 1.3664E-11 1.3418E-11 1.3173E-11 1.2928E-11 1.2683E-11 1.2440E-11 1.2197E-11 1.1955E-11 1.1714E-11 1.1474E-11 1.1235E-11 1.0998E-11 1.0763E-11 1.0530E-11 1.0298E-11 1.0069E-11 9.8429E-12 9.6189E-12 9.3976E-12 9.1789E-12 8.9629E-12 8.7496E-12 8.5392E-12 8.3316E-12 8.1270E-12 7.9252E-12 7.7264E-12 7.5306E-12 7.3378E-12 7.1480E-12 6.9613E-12 6.7777E-12 6.5971E-12 6.4197E-12 6.2454E-12 6.0742E-12 5.9062E-12 5.7412E-12 5.5794E-12 5.4207E-12
1.7615E-11 1.7387E-11 1.7157E-11 1.6926E-11 1.6692E-11 1.6457E-11 1.6221E-11 1.5982E-11 1.5743E-11 1.5502E-11 1.5261E-11 1.5018E-11 1.4775E-11 1.4532E-11 1.4288E-11 1.4043E-11 1.3799E-11 1.3554E-11 1.3310E-11 1.3066E-11 1.2822E-11 1.2579E-11 1.2336E-11 1.2095E-11 1.1854E-11 1.1614E-11 1.1375E-11 1.1138E-11 1.0903E-11 1.0669E-11 1.0438E-11 1.0209E-11 9.9818E-12 9.7572E-12 9.5352E-12 9.3158E-12 9.0990E-12 8.8849E-12 8.6735E-12 8.4649E-12 8.2591E-12 8.0562E-12 7.8562E-12 7.6591E-12 7.4650E-12 7.2739E-12 7.0858E-12 6.9007E-12 6.7187E-12 6.5397E-12 6.3639E-12 6.1910E-12 6.0213E-12 5.8547E-12 5.6912E-12 5.5308E-12 5.3735E-12
3.7658E-11 1.7258E-11 1.7030E-11 1.6799E-11 1.6566E-11 1.6332E-11 1.6096E-11 1.5859E-11 1.5621E-11 1.5381E-11 1.5141E-11 1.4899E-11 1.4657E-11 1.4415E-11 1.4172E-11 1.3928E-11 1.3685E-11 1.3442E-11 1.3199E-11 1.2956E-11 1.2713E-11 1.2471E-11 1.2230E-11 1.1989E-11 1.1750E-11 1.1512E-11 1.1275E-11 1.1039E-11 1.0806E-11 1.0574E-11 1.0345E-11 1.0117E-11 9.8923E-12 9.6697E-12 9.4497E-12 9.2323E-12 9.0174E-12 8.8052E-12 8.5957E-12 8.3890E-12 8.1851E-12 7.9840E-12 7.7858E-12 7.5905E-12 7.3981E-12 7.2087E-12 7.0223E-12 6.8389E-12 6.6585E-12 6.4811E-12 6.3068E-12 6.1355E-12 5.9674E-12 5.8023E-12 5.6402E-12 5.4812E-12 5.3254E-12
7.1657E-11 1.7125E-11 1.6897E-11 1.6668E-11 1.6436E-11 1.6203E-11 1.5968E-11 1.5732E-11 1.5494E-11 1.5256E-11 1.5017E-11 1.4776E-11 1.4535E-11 1.4294E-11 1.4052E-11 1.3810E-11 1.3568E-11 1.3326E-11 1.3084E-11 1.2842E-11 1.2601E-11 1.2360E-11 1.2120E-11 1.1881E-11 1.1643E-11 1.1407E-11 1.1171E-11 1.0938E-11 1.0706E-11 1.0477E-11 1.0249E-11 1.0024E-11 9.8009E-12 9.5805E-12 9.3625E-12 9.1470E-12 8.9342E-12 8.7239E-12 8.5164E-12 8.3116E-12 8.1095E-12 7.9103E-12 7.7139E-12 7.5204E-12 7.3298E-12 7.1422E-12 6.9574E-12 6.7757E-12 6.5970E-12 6.4213E-12 6.2486E-12 6.0789E-12 5.9123E-12 5.7487E-12 5.5882E-12 5.4307E-12 5.2762E-12
1.3186E-10 4.8801E-11 1.6761E-11 1.6532E-11 1.6302E-11 1.6069E-11 1.5836E-11 1.5601E-11 1.5364E-11 1.5127E-11 1.4889E-11 1.4650E-11 1.4410E-11 1.4170E-11 1.3929E-11 1.3689E-11 1.3448E-11 1.3207E-11 1.2966E-11 1.2726E-11 1.2486E-11 1.2247E-11 1.2008E-11 1.1771E-11 1.1534E-11 1.1299E-11 1.1066E-11 1.0834E-11 1.0605E-11 1.0377E-11 1.0152E-11 9.9286E-12 9.7079E-12 9.4895E-12 9.2736E-12 9.0602E-12 8.8493E-12 8.6411E-12 8.4355E-12 8.2326E-12 8.0325E-12 7.8352E-12 7.6407E-12 7.4490E-12 7.2602E-12 7.0743E-12 6.8914E-12 6.7114E-12 6.5344E-12 6.3603E-12 6.1893E-12 6.0212E-12 5.8562E-12 5.6941E-12 5.5351E-12 5.3791E-12 5.2261E-12
2.2151E-10 1.0369E-10 2.6408E-11 1.6393E-11 1.6163E-11 1.5932E-11 1.5700E-11 1.5466E-11 1.5231E-11 1.4995E-11 1.4758E-11 1.4520E-11 1.4281E-11 1.4043E-11 1.3803E-11 1.3564E-11 1.3324E-11 1.3085E-11 1.2845E-11 1.2606E-11 1.2368E-11 1.2130E-11 1.1893E-11 1.1657E-11 1.1422E-11 1.1189E-11 1.0958E-11 1.0728E-11 1.0501E-11 1.0276E-11 1.0053E-11 9.8317E-12 9.6131E-12 9.3969E-12 9.1831E-12 8.9718E-12 8.7630E-12 8.5568E-12 8.3532E-12 8.1523E-12 7.9541E-12 7.7587E-12 7.5661E-12 7.3763E-12 7.1894E-12 7.0053E-12 6.8242E-12 6.6459E-12 6.4706E-12 6.2983E-12 6.1289E-12 5.9624E-12 5.7990E-12 5.6386E-12 5.4811E-12 5.3266E-12 5.1751E-12
3.5557E-10 1.8972E-10 6.7214E-11 1.6250E-11 1.6021E-11 1.5791E-11 1.5560E-11 1.5327E-11 1.5094E-11 1.4859E-11 1.4623E-11 1.4386E-11 1.4149E-11 1.3912E-11 1.3674E-11 1.3436E-11 1.3197E-11 1.2959E-11 1.2721E-11 1.2483E-11 1.2246E-11 1.2010E-11 1.1774E-11 1.1541E-11 1.1308E-11 1.1077E-11 1.0848E-11 1.0621E-11 1.0396E-11 1.0173E-11 9.9519E-12 9.7332E-12 9.5168E-12 9.3027E-12 9.0911E-12 8.8819E-12 8.6752E-12 8.4710E-12 8.2695E-12 8.0706E-12 7.8744E-12 7.6810E-12 7.4903E-12 7.3024E-12 7.1173E-12 6.9351E-12 6.7558E-12 6.5793E-12 6.4058E-12 6.2351E-12 6.0675E-12 5.9027E-12 5.7409E-12 5.5821E-12 5.4262E-12 5.2732E-12 5.1233E-12
5.6316E-10 3.0679E-10 1.3367E-10 2.9336E-11 1.5876E-11 1.5647E-11 1.5417E-11 1.5185E-11 1.4953E-11 1.4719E-11 1.4485E-11 1.4250E-11 1.4014E-11 1.3778E-11 1.3541E-11 1.3304E-11 1.3067E-11 1.2830E-11 1.2593E-11 1.2357E-11 1.2121E-11 1.1887E-11 1.1654E-11 1.1422E-11 1.1192E-11 1.0963E-11 1.0736E-11 1.0512E-11 1.0289E-11 1.0068E-11 9.8496E-12 9.6331E-12 9.4189E-12 9.2071E-12 8.9976E-12 8.7905E-12 8.5860E-12 8.3839E-12 8.1845E-12 7.9876E-12 7.7935E-12 7.6020E-12 7.4133E-12 7.2273E-12 7.0441E-12 6.8638E-12 6.6863E-12 6.5117E-12 6.3399E-12 6.1710E-12 6.0051E-12 5.8420E-12 5.6819E-12 5.5247E-12 5.3704E-12 5.2190E-12 5.0706E-12
8.6102E-10 4.8854E-10 2.2836E-10 7.0718E-11 1.5726E-11 1.5499E-11 1.5270E-11 1.5040E-11 1.4809E-11 1.4576E-11 1.4343E-11 1.4110E-11 1.3875E-11 1.3640E-11 1.3405E-11 1.3169E-11 1.2933E-11 1.2697E-11 1.2462E-11 1.2228E-11 1.1994E-11 1.1762E-11 1.1531E-11 1.1301E-11 1.1074E-11 1.0848E-11 1.0623E-11 1.0401E-11 1.0180E-11 9.9620E-12 9.7457E-12 9.5315E-12 9.3196E-12 9.1099E-12 8.9027E-12 8.6978E-12 8.4954E-12 8.2955E-12 8.0981E-12 7.9034E-12 7.7113E-12 7.5218E-12 7.3351E-12 7.1511E-12 6.9698E-12 6.7914E-12 6.6158E-12 6.4430E-12 6.2730E-12 6.1059E-12 5.9417E-12 5.7804E-12 5.6219E-12 5.4664E-12 5.3137E-12 5.1640E-12 5.0171E-12
1.3008E-09 7.3699E-10 3.7642E-10 1.5265E-10 2.1741E-11 1.5347E-11 1.5120E-11 1.4891E-11 1.4661E-11 1.4430E-11 1.4198E-11 1.3966E-11 1.3733E-11 1.3499E-11 1.3264E-11 1.3030E-11 1.2795E-11 1.2561E-11 1.2328E-11 1.2096E-11 1.1864E-11 1.1635E-11 1.1406E-11 1.1179E-11 1.0954E-11 1.0730E-11 1.0508E-11 1.0288E-11 1.0070E-11 9.8543E-12 9.6403E-12 9.4285E-12 9.2188E-12 9.0115E-12 8.8064E-12 8.6038E-12 8.4035E-12 8.2058E-12 8.0106E-12 7.8179E-12 7.6279E-12 7.4405E-12 7.2558E-12 7.0738E-12 6.8945E-12 6.7180E-12 6.5443E-12 6.3733E-12 6.2052E-12 6.0399E-12 5.8775E-12 5.7179E-12 5.5612E-12 5.4073E-12 5.2563E-12 5.1082E-12 4.9629E-12
1.8950E-09 1.0921E-09 5.7956E-10 2.4675E-10 3.6357E-11 1.5192E-11 1.4966E-11 1.4739E-11 1.4510E-11 1.4280E-11 1.4050E-11 1.3818E-11 1.3586E-11 1.3353E-11 1.3120E-11 1.2887E-11 1.2654E-11 1.2422E-11 1.2191E-11 1.1962E-11 1.1733E-11 1.1506E-11 1.1280E-11 1.1055E-11 1.0833E-11 1.0611E-11 1.0392E-11 1.0174E-11 9.9588E-12 9.7451E-12 9.5335E-12 9.3240E-12 9.1167E-12 8.9117E-12 8.7089E-12 8.5085E-12 8.3105E-12 8.1149E-12 7.9219E-12 7.7314E-12 7.5434E-12 7.3581E-12 7.1754E-12 6.9954E-12 6.8181E-12 6.6436E-12 6.4718E-12 6.3027E-12 6.1365E-12 5.9730E-12 5.8124E-12 5.6546E-12 5.4996E-12 5.3474E-12 5.1981E-12 5.0516E-12 4.9079E-12
2.7271E-09 1.5780E-09 8.5960E-10 3.9737E-10 7.4078E-11 1.5033E-11 1.4809E-11 1.4582E-11 1.4355E-11 1.4126E-11 1.3896E-11 1.3666E-11 1.3435E-11 1.3203E-11 1.2972E-11 1.2741E-11 1.2511E-11 1.2282E-11 1.2053E-11 1.1826E-11 1.1600E-11 1.1375E-11 1.1152E-11 1.0930E-11 1.0710E-11 1.0491E-11 1.0274E-11 1.0059E-11 9.8459E-12 9.6346E-12 9.4254E-12 9.2183E-12 9.0134E-12 8.8106E-12 8.6102E-12 8.4120E-12 8.2163E-12 8.0229E-12 7.8321E-12 7.6437E-12 7.4579E-12 7.2747E-12 7.0941E-12 6.9161E-12 6.7408E-12 6.5683E-12 6.3984E-12 6.2313E-12 6.0669E-12 5.9053E-12 5.7465E-12 5.5905E-12 5.4372E-12 5.2868E-12 5.1392E-12 4.9943E-12 4.8523E-12
3.8377E-09 2.2426E-09 1.2451E-09 6.0477E-10 1.8540E-10 1.8193E-11 1.4647E-11 1.4422E-11 1.4195E-11 1.3967E-11 1.3739E-11 1.3510E-11 1.3280E-11 1.3051E-11 1.2822E-11 1.2593E-11 1.2366E-11 1.2139E-11 1.1913E-11 1.1689E-11 1.1465E-11 1.1243E-11 1.1023E-11 1.0803E-11 1.0585E-11 1.0369E-11 1.0155E-11 9.9424E-12 9.7317E-12 9.5229E-12 9.3161E-12 9.1114E-12 8.9088E-12 8.7084E-12 8.5103E-12 8.3144E-12 8.1209E-12 7.9298E-12 7.7412E-12 7.5550E-12 7.3714E-12 7.1903E-12 7.0118E-12 6.8359E-12 6.6627E-12 6.4921E-12 6.3242E-12 6.1590E-12 5.9965E-12 5.8368E-12 5.6799E-12 5.5256E-12 5.3742E-12 5.2255E-12 5.0796E-12 4.9364E-12 4.7960E-12
5.2970E-09 3.1480E-09 1.7531E-09 8.7838E-10 3.2623E-10 2.7040E-11 1.4481E-11 1.4257E-11 1.4031E-11 1.3804E-11 1.3577E-11 1.3350E-11 1.3123E-11 1.2896E-11 1.2670E-11 1.2444E-11 1.2219E-11 1.1995E-11 1.1772E-11 1.1550E-11 1.1329E-11 1.1110E-11 1.0892E-11 1.0675E-11 1.0460E-11 1.0246E-11 1.0035E-11 9.8244E-12 9.6162E-12 9.4099E-12 9.2056E-12 9.0033E-12 8.8031E-12 8.6051E-12 8.4093E-12 8.2158E-12 8.0246E-12 7.8358E-12 7.6494E-12 7.4654E-12 7.2839E-12 7.1050E-12 6.9286E-12 6.7548E-12 6.5836E-12 6.4151E-12 6.2492E-12 6.0859E-12 5.9254E-12 5.7676E-12 5.6125E-12 5.4601E-12 5.3104E-12 5.1635E-12 5.0193E-12 4.8778E-12 4.7391E-12
7.1908E-09 4.3446E-09 2.4482E-09 1.2507E-09 5.0708E-10 4.7883E-11 1.4310E-11 1.4087E-11 1.3863E-11 1.3638E-11 1.3413E-11 1.3188E-11 1.2964E-11 1.2740E-11 1.2516E-11 1.2293E-11 1.2071E-11 1.1850E-11 1.1629E-11 1.1410E-11 1.1192E-11 1.0975E-11 1.0760E-11 1.0546E-11 1.0333E-11 1.0122E-11 9.9128E-12 9.7053E-12 9.4996E-12 9.2958E-12 9.0939E-12 8.8941E-12 8.6963E-12 8.5007E-12 8.3073E-12 8.1162E-12 7.9273E-12 7.7408E-12 7.5566E-12 7.3749E-12 7.1956E-12 7.0188E-12 6.8446E-12 6.6729E-12 6.5038E-12 6.3373E-12 6.1734E-12 6.0121E-12 5.8536E-12 5.6977E-12 5.5444E-12 5.3939E-12 5.2460E-12 5.1009E-12 4.9585E-12 4.8187E-12 4.6816E-12
9.6460E-09 5.9279E-09 3.3573E-09 1.7543E-09 7.4549E-10 9.5010E-11 1.4135E-11 1.3914E-11 1.3692E-11 1.3469E-11 1.3247E-11 1.3025E-11 1.2803E-11 1.2582E-11 1.2361E-11 1.2141E-11 1.1921E-11 1.1703E-11 1.1485E-11 1.1269E-11 1.1053E-11 1.0839E-11 1.0626E-11 1.0415E-11 1.0205E-11 9.9967E-12 9.7900E-12 9.5851E-12 9.3819E-12 9.1806E-12 8.9813E-12 8.7839E-12 8.5886E-12 8.3954E-12 8.2044E-12 8.0156E-12 7.8291E-12 7.6448E-12 7.4630E-12 7.2835E-12 7.1065E-12 6.9319E-12 6.7598E-12 6.5902E-12 6.4232E-12 6.2588E-12 6.0969E-12 5.9377E-12 5.7810E-12 5.6271E-12 5.4757E-12 5.3271E-12 5.1810E-12 5.0377E-12 4.8970E-12 4.7590E-12 4.6236E-12
1.2799E-08 8.0023E-09 4.5754E-09 2.4096E-09 1.0792E-09 2.3527E-10 1.5211E-11 1.3738E-11 1.3518E-11 1.3299E-11 1.3079E-11 1.2860E-11 1.2641E-11 1.2422E-11 1.2204E-11 1.1987E-11 1.1770E-11 1.1555E-11 1.1340E-11 1.1126E-11 1.0913E-11 1.0702E-11 1.0492E-11 1.0283E-11 1.0076E-11 9.8702E-12 9.6661E-12 9.4638E-12 9.2632E-12 9.0644E-12 8.8676E-12 8.6728E-12 8.4799E-12 8.2892E-12 8.1006E-12 7.9142E-12 7.7300E-12 7.5481E-12 7.3686E-12 7.1914E-12 7.0166E-12 6.8442E-12 6.6743E-12 6.5069E-12 6.3420E-12 6.1796E-12 6.0198E-12 5.8625E-12 5.7079E-12 5.5559E-12 5.4065E-12 5.2597E-12 5.1155E-12 4.9740E-12 4.8351E-12 4.6988E-12 4.5651E-12
1.6763E-08 1.0688E-08 6.2281E-09 3.2857E-09 1.5439E-09 4.2876E-10 2.2429E-11 1.3560E-11 1.3344E-11 1.3127E-11 1.2910E-11 1.2694E-11 1.2478E-11 1.2262E-11 1.2047E-11 1.1832E-11 1.1618E-11 1.1405E-11 1.1193E-11 1.0982E-11 1.0772E-11 1.0564E-11 1.0356E-11 1.0150E-11 9.9458E-12 9.7427E-12 9.5413E-12 9.3415E-12 9.1436E-12 8.9474E-12 8.7531E-12 8.5608E-12 8.3704E-12 8.1822E-12 7.9960E-12 7.8120E-12 7.6302E-12 7.4507E-12 7.2734E-12 7.0985E-12 6.9260E-12 6.7558E-12 6.5881E-12 6.4228E-12 6.2601E-12 6.0998E-12 5.9420E-12 5.7868E-12 5.6342E-12 5.4841E-12 5.3366E-12 5.1918E-12 5.0494E-12 4.9097E-12 4.7726E-12 4.6381E-12 4.5062E-12
2.1784E-08 1.4187E-08 8.4057E-09 4.5191E-09 2.1448E-09 6.9036E-10 3.9190E-11 1.3382E-11 1.3168E-11 1.2954E-11 1.2740E-11 1.2527E-11 1.2313E-11 1.2100E-11 1.1888E-11 1.1676E-11 1.1465E-11 1.1255E-11 1.1046E-11 1.0838E-11 1.0631E-11 1.0425E-11 1.0220E-11 1.0017E-11 9.8147E-12 9.6143E-12 9.4156E-12 9.2185E-12 9.0231E-12 8.8295E-12 8.6378E-12 8.4480E-12 8.2601E-12 8.0743E-12 7.8906E-12 7.7091E-12 7.5296E-12 7.3525E-12 7.1776E-12 7.0050E-12 6.8347E-12 6.6668E-12 6.5013E-12 6.3382E-12 6.1776E-12 6.0194E-12 5.8638E-12 5.7106E-12 5.5600E-12 5.4119E-12 5.2663E-12 5.1233E-12 4.9829E-12 4.8450E-12 4.7098E-12 4.5770E-12 4.4468E-12
