Assets/Resources/2015_m01_d14_1300(utc+0800)_l00_csi_1hr_conc.grd
DSAA
         159         159
     -79.000      79.000
     -79.000      79.000
  0.0000E+00  0.5133E-05
[rows 75 to 99 of 159, columns 0 to 56 of 159]
2.5781E-10 2.6447E-10 2.7085E-10 2.7735E-10 2.8372E-10 2.8932E-10 2.9616E-10 3.0223E-10 3.0804E-10 3.1378E-10 3.1928E-10 3.2388E-10 3.2890E-10 3.3299E-10 3.3746E-10 3.4181E-10 3.4506E-10 3.4947E-10 3.5212E-10 3.5521E-10 3.5717E-10 3.5876E-10 3.6074E-10 3.6158E-10 3.6337E-10 3.6423E-10 3.6394E-10 3.6457E-10 3.6423E-10 3.6276E-10 3.6088E-10 3.5989E-10 3.5869E-10 3.5566E-10 3.5294E-10 3.4911E-10 3.4617E-10 3.4305E-10 3.3814E-10 3.3445E-10 3.2887E-10 3.2297E-10 3.1838E-10 3.1189E-10 3.0512E-10 2.9808E-10 2.9227E-10 2.8630E-10 2.7865E-10 2.7082E-10 2.6283E-10 2.5543E-10 2.4721E-10 2.3765E-10 2.2780E-10 2.1801E-10 2.0667E-10
2.3704E-10 2.4247E-10 2.4896E-10 2.5534E-10 2.6118E-10 2.6627E-10 2.7184E-10 2.7736E-10 2.8264E-10 2.8786E-10 2.9279E-10 2.9763E-10 3.0221E-10 3.0589E-10 3.0929E-10 3.1312E-10 3.1597E-10 3.2002E-10 3.2232E-10 3.2509E-10 3.2744E-10 3.2879E-10 3.3059E-10 3.3126E-10 3.3156E-10 3.3226E-10 3.3183E-10 3.3238E-10 3.3126E-10 3.3051E-10 3.2865E-10 3.2774E-10 3.2517E-10 3.2222E-10 3.1964E-10 3.1598E-10 3.1328E-10 3.1044E-10 3.0583E-10 3.0090E-10 2.9567E-10 2.9014E-10 2.8435E-10 2.7830E-10 2.7201E-10 2.6551E-10 2.5881E-10 2.5193E-10 2.4490E-10 2.3773E-10 2.3044E-10 2.2235E-10 2.1491E-10 2.0617E-10 1.9870E-10 1.9122E-10 1.8233E-10
2.1765E-10 2.2254E-10 2.2851E-10 2.3394E-10 2.3907E-10 2.4474E-10 2.4984E-10 2.5417E-10 2.5896E-10 2.6370E-10 2.6817E-10 2.7257E-10 2.7665E-10 2.8064E-10 2.8368E-10 2.8717E-10 2.8970E-10 2.9264E-10 2.9463E-10 2.9631E-10 2.9921E-10 3.0033E-10 3.0193E-10 3.0309E-10 3.0327E-10 3.0390E-10 3.0343E-10 3.0260E-10 3.0143E-10 3.0069E-10 2.9885E-10 2.9803E-10 2.9556E-10 2.9275E-10 2.9036E-10 2.8691E-10 2.8448E-10 2.8045E-10 2.7612E-10 2.7151E-10 2.6664E-10 2.6152E-10 2.5615E-10 2.5057E-10 2.4478E-10 2.3881E-10 2.3266E-10 2.2637E-10 2.1995E-10 2.1341E-10 2.0679E-10 1.9935E-10 1.9262E-10 1.8456E-10 1.7780E-10 1.7105E-10 1.6433E-10
1.9932E-10 2.0422E-10 2.0945E-10 2.1439E-10 2.1905E-10 2.2383E-10 2.2892E-10 2.3281E-10 2.3763E-10 2.4123E-10 2.4527E-10 2.4926E-10 2.5295E-10 2.5656E-10 2.5924E-10 2.6303E-10 2.6528E-10 2.6796E-10 2.6970E-10 2.7116E-10 2.7303E-10 2.7394E-10 2.7537E-10 2.7638E-10 2.7644E-10 2.7699E-10 2.7646E-10 2.7626E-10 2.7511E-10 2.7443E-10 2.7267E-10 2.7061E-10 2.6823E-10 2.6556E-10 2.6335E-10 2.6011E-10 2.5793E-10 2.5417E-10 2.5015E-10 2.4588E-10 2.4137E-10 2.3664E-10 2.3169E-10 2.2656E-10 2.2124E-10 2.1577E-10 2.1015E-10 2.0439E-10 1.9853E-10 1.9257E-10 1.8654E-10 1.7970E-10 1.7357E-10 1.6612E-10 1.5935E-10 1.5326E-10 1.4642E-10
1.8267E-10 1.8714E-10 1.9194E-10 1.9579E-10 2.0042E-10 2.0477E-10 2.0880E-10 2.1293E-10 2.1737E-10 2.2058E-10 2.2471E-10 2.2761E-10 2.3031E-10 2.3421E-10 2.3657E-10 2.4006E-10 2.4201E-10 2.4443E-10 2.4656E-10 2.4782E-10 2.4953E-10 2.5029E-10 2.5078E-10 2.5166E-10 2.5162E-10 2.5210E-10 2.5151E-10 2.5130E-10 2.5016E-10 2.4954E-10 2.4785E-10 2.4589E-10 2.4365E-10 2.4113E-10 2.3978E-10 2.3676E-10 2.3350E-10 2.2999E-10 2.2625E-10 2.2230E-10 2.1813E-10 2.1376E-10 2.0921E-10 2.0450E-10 1.9962E-10 1.9461E-10 1.8947E-10 1.8357E-10 1.7823E-10 1.7282E-10 1.6734E-10 1.6106E-10 1.5552E-10 1.4996E-10 1.4376E-10 1.3823E-10 1.3195E-10
1.6634E-10 1.7124E-10 1.7518E-10 1.7912E-10 1.8338E-10 1.8666E-10 1.9070E-10 1.9447E-10 1.9788E-10 2.0141E-10 2.0455E-10 2.0778E-10 2.1017E-10 2.1349E-10 2.1554E-10 2.1876E-10 2.2046E-10 2.2193E-10 2.2455E-10 2.2562E-10 2.2716E-10 2.2838E-10 2.2876E-10 2.2957E-10 2.2946E-10 2.2910E-10 2.2847E-10 2.2759E-10 2.2713E-10 2.2656E-10 2.2495E-10 2.2308E-10 2.2097E-10 2.1861E-10 2.1667E-10 2.1465E-10 2.1162E-10 2.0837E-10 2.0492E-10 2.0127E-10 1.9744E-10 1.9342E-10 1.8925E-10 1.8493E-10 1.8047E-10 1.7589E-10 1.7120E-10 1.6575E-10 1.6089E-10 1.5596E-10 1.5098E-10 1.4519E-10 1.4016E-10 1.3513E-10 1.2943E-10 1.2443E-10 1.1866E-10
1.5204E-10 1.5609E-10 1.5922E-10 1.6362E-10 1.6754E-10 1.7048E-10 1.7378E-10 1.7694E-10 1.8001E-10 1.8362E-10 1.8646E-10 1.8939E-10 1.9150E-10 1.9457E-10 1.9637E-10 1.9862E-10 2.0051E-10 2.0176E-10 2.0420E-10 2.0509E-10 2.0648E-10 2.0757E-10 2.0783E-10 2.0787E-10 2.0840E-10 2.0799E-10 2.0796E-10 2.0710E-10 2.0670E-10 2.0539E-10 2.0384E-10 2.0207E-10 2.0007E-10 1.9786E-10 1.9610E-10 1.9430E-10 1.9149E-10 1.8848E-10 1.8530E-10 1.8193E-10 1.7841E-10 1.7473E-10 1.7090E-10 1.6695E-10 1.6287E-10 1.5869E-10 1.5441E-10 1.4938E-10 1.4496E-10 1.4049E-10 1.3596E-10 1.3062E-10 1.2547E-10 1.2093E-10 1.1572E-10 1.1122E-10 1.0675E-10
1.3875E-10 1.4248E-10 1.4529E-10 1.4888E-10 1.5154E-10 1.5507E-10 1.5847E-10 1.6134E-10 1.6412E-10 1.6676E-10 1.6930E-10 1.7196E-10 1.7422E-10 1.7705E-10 1.7862E-10 1.8067E-10 1.8237E-10 1.8345E-10 1.8498E-10 1.8613E-10 1.8738E-10 1.8773E-10 1.8852E-10 1.8848E-10 1.8896E-10 1.8852E-10 1.8849E-10 1.8764E-10 1.8728E-10 1.8603E-10 1.8457E-10 1.8290E-10 1.8103E-10 1.7957E-10 1.7801E-10 1.7558E-10 1.7298E-10 1.7020E-10 1.6726E-10 1.6417E-10 1.6093E-10 1.5756E-10 1.5406E-10 1.5044E-10 1.4673E-10 1.4232E-10 1.3843E-10 1.3379E-10 1.2979E-10 1.2573E-10 1.2165E-10 1.1754E-10 1.1281E-10 1.0870E-10 1.0391E-10 9.9292E-11 9.4405E-11
1.2607E-10 1.2907E-10 1.3198E-10 1.3526E-10 1.3806E-10 1.4080E-10 1.4343E-10 1.4650E-10 1.4941E-10 1.5181E-10 1.5365E-10 1.5584E-10 1.5786E-10 1.6046E-10 1.6181E-10 1.6343E-10 1.6561E-10 1.6653E-10 1.6792E-10 1.6895E-10 1.6937E-10 1.6961E-10 1.7031E-10 1.7018E-10 1.7105E-10 1.7058E-10 1.7056E-10 1.6972E-10 1.6941E-10 1.6821E-10 1.6683E-10 1.6526E-10 1.6351E-10 1.6159E-10 1.6012E-10 1.5857E-10 1.5617E-10 1.5362E-10 1.5092E-10 1.4808E-10 1.4512E-10 1.4203E-10 1.3883E-10 1.3554E-10 1.3154E-10 1.2807E-10 1.2454E-10 1.2026E-10 1.1662E-10 1.1295E-10 1.0925E-10 1.0511E-10 1.0078E-10 9.7077E-11 9.2444E-11 8.8007E-11 8.2753E-11
1.1390E-10 1.1704E-10 1.1967E-10 1.2267E-10 1.2520E-10 1.2807E-10 1.3045E-10 1.3278E-10 1.3497E-10 1.3760E-10 1.3921E-10 1.4159E-10 1.4342E-10 1.4516E-10 1.4631E-10 1.4774E-10 1.4976E-10 1.5052E-10 1.5178E-10 1.5312E-10 1.5344E-10 1.5359E-10 1.5424E-10 1.5408E-10 1.5419E-10 1.5369E-10 1.5366E-10 1.5283E-10 1.5256E-10 1.5141E-10 1.5010E-10 1.4906E-10 1.4742E-10 1.4563E-10 1.4432E-10 1.4296E-10 1.4074E-10 1.3839E-10 1.3592E-10 1.3332E-10 1.3061E-10 1.2779E-10 1.2487E-10 1.2187E-10 1.1774E-10 1.1460E-10 1.1140E-10 1.0745E-10 1.0416E-10 1.0085E-10 9.7516E-11 9.3738E-11 8.9236E-11 8.5559E-11 8.1069E-11 7.6919E-11 7.1547E-11
1.0254E-10 1.0588E-10 1.0826E-10 1.1054E-10 1.1331E-10 1.1594E-10 1.1809E-10 1.2019E-10 1.2215E-10 1.2405E-10 1.2589E-10 1.2807E-10 1.2972E-10 1.3129E-10 1.3227E-10 1.3396E-10 1.3517E-10 1.3578E-10 1.3625E-10 1.3816E-10 1.3838E-10 1.3846E-10 1.3905E-10 1.3885E-10 1.3935E-10 1.3885E-10 1.3884E-10 1.3805E-10 1.3710E-10 1.3600E-10 1.3475E-10 1.3380E-10 1.3227E-10 1.3060E-10 1.2944E-10 1.2825E-10 1.2621E-10 1.2405E-10 1.2178E-10 1.1940E-10 1.1692E-10 1.1436E-10 1.1171E-10 1.0898E-10 1.0512E-10 1.0227E-10 9.9380E-11 9.5318E-11 9.2368E-11 8.9393E-11 8.6280E-11 8.2725E-11 7.8202E-11 7.4392E-11 7.1013E-11 6.6734E-11 6.0366E-11
9.1612E-11 9.4694E-11 9.7269E-11 9.9310E-11 1.0232E-10 1.0427E-10 1.0619E-10 1.0858E-10 1.1034E-10 1.1205E-10 1.1371E-10 1.1521E-10 1.1709E-10 1.1851E-10 1.1934E-10 1.2090E-10 1.2199E-10 1.2249E-10 1.2287E-10 1.2394E-10 1.2455E-10 1.2455E-10 1.2510E-10 1.2485E-10 1.2535E-10 1.2484E-10 1.2486E-10 1.2409E-10 1.2318E-10 1.2214E-10 1.2097E-10 1.2012E-10 1.1870E-10 1.1715E-10 1.1614E-10 1.1437E-10 1.1250E-10 1.1052E-10 1.0844E-10 1.0627E-10 1.0401E-10 1.0168E-10 9.9275E-11 9.6361E-11 9.3195E-11 9.0632E-11 8.8027E-11 8.4973E-11 8.1797E-11 7.9010E-11 7.6099E-11 7.2498E-11 6.8042E-11 6.3647E-11 5.9254E-11 5.3342E-11 4.7804E-11
8.1638E-11 8.3973E-11 8.6719E-11 8.8520E-11 9.1311E-11 9.3096E-11 9.5211E-11 9.7418E-11 9.8982E-11 1.0051E-10 1.0249E-10 1.0345E-10 1.0559E-10 1.0638E-10 1.0707E-10 1.0889E-10 1.0987E-10 1.1028E-10 1.1056E-10 1.1158E-10 1.1212E-10 1.1208E-10 1.1192E-10 1.1163E-10 1.1212E-10 1.1160E-10 1.1136E-10 1.1129E-10 1.1042E-10 1.0944E-10 1.0834E-10 1.0758E-10 1.0626E-10 1.0484E-10 1.0397E-10 1.0234E-10 1.0062E-10 9.8810E-11 9.6914E-11 9.4938E-11 9.2889E-11 9.0374E-11 8.8200E-11 8.5519E-11 8.2592E-11 8.0286E-11 7.7822E-11 7.4912E-11 7.1897E-11 6.8657E-11 6.5372E-11 6.0596E-11 5.5298E-11 5.0947E-11 4.6898E-11 4.1155E-11 3.6016E-11
7.2142E-11 7.3758E-11 7.7115E-11 7.8709E-11 8.0858E-11 8.2428E-11 8.4238E-11 8.6701E-11 8.8082E-11 8.9900E-11 9.1262E-11 9.2523E-11 9.4072E-11 9.5188E-11 9.6246E-11 9.7142E-11 9.8393E-11 9.8698E-11 9.8898E-11 9.9437E-11 1.0034E-10 1.0064E-10 1.0045E-10 1.0015E-10 1.0064E-10 1.0014E-10 9.9928E-11 9.9209E-11 9.8383E-11 9.7452E-11 9.6418E-11 9.5745E-11 9.4519E-11 9.3199E-11 9.2461E-11 9.0970E-11 8.9397E-11 8.7745E-11 8.6019E-11 8.4225E-11 8.2368E-11 8.0050E-11 7.8088E-11 7.5238E-11 7.2411E-11 7.0229E-11 6.7904E-11 6.4079E-11 5.9238E-11 5.6111E-11 5.2587E-11 4.8322E-11 4.3430E-11 3.9154E-11 3.5551E-11 3.0342E-11 2.6009E-11
6.3518E-11 6.4504E-11 6.6991E-11 6.8957E-11 7.1345E-11 7.2731E-11 7.4696E-11 7.6055E-11 7.7339E-11 7.9407E-11 8.0949E-11 8.2071E-11 8.3496E-11 8.4467E-11 8.5408E-11 8.6195E-11 8.7832E-11 8.8057E-11 8.8187E-11 8.8673E-11 8.9547E-11 8.9810E-11 8.9588E-11 8.9267E-11 8.9772E-11 8.9276E-11 8.9093E-11 8.8409E-11 8.7629E-11 8.6757E-11 8.5795E-11 8.5214E-11 8.4084E-11 8.2872E-11 8.1582E-11 8.0217E-11 7.8781E-11 7.7278E-11 7.5713E-11 7.4090E-11 7.2414E-11 6.9789E-11 6.7913E-11 6.4678E-11 6.0395E-11 5.8401E-11 5.6396E-11 5.2380E-11 4.7451E-11 4.4432E-11 4.0939E-11 3.7237E-11 3.1991E-11 2.8229E-11 2.4767E-11 2.1324E-11 1.6986E-11
5.5295E-11 5.6089E-11 5.8404E-11 6.0520E-11 6.1266E-11 6.3516E-11 6.5319E-11 6.6842E-11 6.7980E-11 6.9467E-11 7.0866E-11 7.2177E-11 7.3483E-11 7.4341E-11 7.5179E-11 7.5441E-11 7.7297E-11 7.7434E-11 7.7488E-11 7.7915E-11 7.9205E-11 7.9440E-11 7.9194E-11 7.8863E-11 7.8895E-11 7.8874E-11 7.8298E-11 7.8060E-11 7.7323E-11 7.6505E-11 7.5609E-11 7.4638E-11 7.4075E-11 7.2965E-11 7.1317E-11 7.0079E-11 6.8781E-11 6.6977E-11 6.5247E-11 6.3355E-11 6.1123E-11 5.8466E-11 5.6324E-11 5.3345E-11 4.8811E-11 4.7121E-11 4.5023E-11 4.0951E-11 3.6457E-11 3.3275E-11 3.0527E-11 2.7171E-11 2.1965E-11 1.9352E-11 1.5860E-11 1.2846E-11 9.4902E-12
4.8025E-11 4.8661E-11 4.9785E-11 5.2165E-11 5.3073E-11 5.5186E-11 5.6080E-11 5.7791E-11 5.8785E-11 6.0461E-11 6.1217E-11 6.2612E-11 6.3697E-11 6.4443E-11 6.4988E-11 6.5673E-11 6.7468E-11 6.7533E-11 6.7525E-11 6.7444E-11 6.8702E-11 6.9231E-11 6.8959E-11 6.8613E-11 6.8194E-11 6.8647E-11 6.8093E-11 6.7897E-11 6.7207E-11 6.6448E-11 6.5297E-11 6.4410E-11 6.3462E-11 6.2136E-11 6.0283E-11 5.9182E-11 5.7785E-11 5.6017E-11 5.4340E-11 5.2310E-11 4.9989E-11 4.7431E-11 4.5272E-11 4.3020E-11 3.8085E-11 3.6819E-11 3.5012E-11 3.0253E-11 2.5892E-11 2.3439E-11 2.0861E-11 1.7771E-11 1.3463E-11 1.1742E-11 8.7504E-12 6.2928E-12 3.6188E-12
4.1842E-11 4.2356E-11 4.2832E-11 4.4844E-11 4.5880E-11 4.6827E-11 4.8076E-11 4.8792E-11 5.0543E-11 5.1677E-11 5.2563E-11 5.3355E-11 5.4847E-11 5.5028E-11 5.5966E-11 5.6580E-11 5.7873E-11 5.7868E-11 5.7800E-11 5.7671E-11 5.8911E-11 5.9426E-11 5.9140E-11 5.8792E-11 5.8382E-11 5.8397E-11 5.7868E-11 5.7715E-11 5.7073E-11 5.6375E-11 5.5045E-11 5.4245E-11 5.3397E-11 5.2176E-11 5.0310E-11 4.9221E-11 4.7731E-11 4.5615E-11 4.4248E-11 4.1759E-11 3.9908E-11 3.7328E-11 3.5139E-11 3.3129E-11 2.7922E-11 2.6722E-11 2.4679E-11 2.1036E-11 1.6909E-11 1.5037E-11 1.2759E-11 9.4976E-12 6.5735E-12 5.4432E-12 2.6685E-12 1.3283E-12 5.0244E-13
3.6411E-11 3.6827E-11 3.7209E-11 3.8627E-11 3.9568E-11 3.9885E-11 4.1276E-11 4.1895E-11 4.2998E-11 4.4035E-11 4.4476E-11 4.5534E-11 4.6523E-11 4.6615E-11 4.7482E-11 4.8031E-11 4.8776E-11 4.9221E-11 4.9111E-11 4.8949E-11 4.9735E-11 5.0237E-11 4.9941E-11 4.9592E-11 4.9191E-11 4.9235E-11 4.8737E-11 4.8634E-11 4.8045E-11 4.7411E-11 4.5906E-11 4.4944E-11 4.4200E-11 4.3090E-11 4.0958E-11 4.0012E-11 3.8286E-11 3.6100E-11 3.4916E-11 3.2217E-11 3.0693E-11 2.7684E-11 2.5635E-11 2.3476E-11 1.8865E-11 1.7791E-11 1.5861E-11 1.3126E-11 9.7909E-12 8.1501E-12 6.0914E-12 3.3175E-12 1.9392E-12 1.3333E-12 5.0551E-13 0.0000E+00 0.0000E+00
3.1513E-11 3.2100E-11 3.2407E-11 3.3394E-11 3.4266E-11 3.4510E-11 3.4966E-11 3.5874E-11 3.6381E-11 3.7345E-11 3.7713E-11 3.8152E-11 3.9073E-11 3.9093E-11 3.9908E-11 4.0410E-11 4.0685E-11 4.1089E-11 4.0939E-11 4.0747E-11 4.0512E-11 4.1606E-11 4.1732E-11 4.1392E-11 4.1010E-11 4.0587E-11 4.0629E-11 4.0006E-11 3.9347E-11 3.8780E-11 3.7082E-11 3.6089E-11 3.5219E-11 3.3963E-11 3.1701E-11 3.1034E-11 2.9193E-11 2.6938E-11 2.5541E-11 2.2926E-11 2.1608E-11 1.9236E-11 1.7396E-11 1.4955E-11 1.1020E-11 1.0437E-11 8.7039E-12 6.2141E-12 3.7178E-12 2.5516E-12 1.9311E-12 1.0765E-12 5.0568E-13 2.4129E-13 0.0000E+00 0.0000E+00 0.0000E+00
2.7363E-11 2.7889E-11 2.8136E-11 2.8356E-11 2.9524E-11 2.9710E-11 3.0115E-11 3.0838E-11 3.1298E-11 3.1718E-11 3.2035E-11 3.2428E-11 3.2782E-11 3.2752E-11 3.3535E-11 3.3450E-11 3.3330E-11 3.4064E-11 3.3888E-11 3.3677E-11 3.3432E-11 3.4545E-11 3.4247E-11 3.3664E-11 3.3304E-11 3.2679E-11 3.2513E-11 3.1946E-11 3.1230E-11 3.0132E-11 2.8858E-11 2.7845E-11 2.6820E-11 2.5338E-11 2.3318E-11 2.2531E-11 2.0491E-11 1.8522E-11 1.7298E-11 1.4849E-11 1.3447E-11 1.1113E-11 9.8743E-12 8.3020E-12 4.7863E-12 4.3892E-12 2.8748E-12 2.2908E-12 1.6211E-12 1.0700E-12 5.0293E-13 2.4102E-13 0.0000E+00 0.0000E+00 0.0000E+00 0.0000E+00 0.0000E+00
2.3660E-11 2.4137E-11 2.4564E-11 2.4741E-11 2.5516E-11 2.5657E-11 2.5772E-11 2.6354E-11 2.6777E-11 2.7166E-11 2.7455E-11 2.7453E-11 2.7783E-11 2.7729E-11 2.7994E-11 2.7887E-11 2.7751E-11 2.7701E-11 2.7516E-11 2.7303E-11 2.6803E-11 2.7393E-11 2.7111E-11 2.6549E-11 2.5838E-11 2.5257E-11 2.5151E-11 2.4302E-11 2.3398E-11 2.2383E-11 2.1198E-11 1.9799E-11 1.8892E-11 1.7258E-11 1.5628E-11 1.4984E-11 1.2306E-11 1.1250E-11 1.0180E-11 7.3903E-12 6.6377E-12 4.8275E-12 4.4428E-12 4.0306E-12 2.5726E-12 2.2525E-12 1.0994E-12 8.2323E-13 4.9732E-13 0.0000E+00 0.0000E+00 0.0000E+00 0.0000E+00 0.0000E+00 0.0000E+00 0.0000E+00 0.0000E+00
1.9955E-11 2.0638E-11 2.1291E-11 2.1435E-11 2.1834E-11 2.1940E-11 2.1900E-11 2.2222E-11 2.2506E-11 2.2528E-11 2.2618E-11 2.2870E-11 2.2829E-11 2.2765E-11 2.2676E-11 2.2921E-11 2.2790E-11 2.2118E-11 2.1947E-11 2.1633E-11 2.1156E-11 2.0661E-11 2.0775E-11 2.0136E-11 1.9474E-11 1.8682E-11 1.7907E-11 1.6727E-11 1.6308E-11 1.5378E-11 1.4161E-11 1.2981E-11 1.2181E-11 1.0652E-11 9.6543E-12 8.8552E-12 7.0627E-12 6.1284E-12 5.6725E-12 4.4465E-12 4.0522E-12 2.5939E-12 2.2795E-12 2.2024E-12 1.0779E-12 8.0922E-13 2.4579E-13 0.0000E+00 0.0000E+00 0.0000E+00 0.0000E+00 0.0000E+00 0.0000E+00 0.0000E+00 0.0000E+00 0.0000E+00 0.0000E+00
1.5960E-11 1.6609E-11 1.7232E-11 1.7344E-11 1.7439E-11 1.7516E-11 1.7720E-11 1.8026E-11 1.8298E-11 1.8309E-11 1.8036E-11 1.8285E-11 1.8243E-11 1.8061E-11 1.7982E-11 1.7884E-11 1.7499E-11 1.6843E-11 1.6700E-11 1.6299E-11 1.5861E-11 1.5408E-11 1.5214E-11 1.4626E-11 1.4021E-11 1.3288E-11 1.2579E-11 1.1465E-11 1.1127E-11 1.0364E-11 9.3628E-12 8.3982E-12 7.6876E-12 6.4609E-12 6.0360E-12 4.8305E-12 4.1419E-12 3.5468E-12 2.8753E-12 2.2808E-12 1.7151E-12 1.0863E-12 8.1870E-13 5.4550E-13 2.4080E-13 0.0000E+00 0.0000E+00 0.0000E+00 0.0000E+00 0.0000E+00 0.0000E+00 0.0000E+00 0.0000E+00 0.0000E+00 0.0000E+00 0.0000E+00 0.0000E+00
1.2311E-11 1.2791E-11 1.3387E-11 1.3470E-11 1.3539E-11 1.3594E-11 1.3508E-11 1.4077E-11 1.4343E-11 1.4347E-11 1.4070E-11 1.4046E-11 1.3888E-11 1.3714E-11 1.3649E-11 1.3296E-11 1.3205E-11 1.2570E-11 1.2459E-11 1.2091E-11 1.1690E-11 1.1278E-11 1.1133E-11 1.0593E-11 1.0039E-11 9.1329E-12 8.7069E-12 7.6484E-12 7.3781E-12 6.9576E-12 6.0181E-12 5.1185E-12 4.4777E-12 3.5800E-12 3.4924E-12 2.6065E-12 2.2563E-12 1.7073E-12 1.0824E-12 8.1889E-13 5.4899E-13 2.4250E-13 0.0000E+00 0.0000E+00 0.0000E+00 0.0000E+00 0.0000E+00 0.0000E+00 0.0000E+00 0.0000E+00 0.0000E+00 0.0000E+00 0.0000E+00 0.0000E+00 0.0000E+00 0.0000E+00 0.0000E+00
