Assets/Resources/2015_m01_d08_0500(utc+0800)_l00_csi_1hr_conc.grd
DSAA
         159         159
     -79.000      79.000
     -79.000      79.000
  0.0000E+00  0.4286E-04
[rows 75 to 99 of 159, columns 0 to 56 of 159]
3.9008E-10 4.1356E-10 4.3842E-10 4.6473E-10 4.9257E-10 5.2200E-10 5.5314E-10 5.8525E-10 6.2076E-10 6.5666E-10 6.9533E-10 7.3614E-10 7.7909E-10 8.2436E-10 8.7229E-10 9.2277E-10 9.7591E-10 1.0318E-09 1.0918E-09 1.1535E-09 1.2184E-09 1.2864E-09 1.3578E-09 1.4325E-09 1.5108E-09 1.5911E-09 1.6783E-09 1.7661E-09 1.8575E-09 1.9567E-09 2.0562E-09 2.1595E-09 2.2718E-09 2.3836E-09 2.4995E-09 2.6195E-09 2.7435E-09 2.8748E-09 3.0088E-09 3.1490E-09 3.2923E-09 3.4383E-09 3.5883E-09 3.7424E-09 3.9005E-09 4.0624E-09 4.2282E-09 4.3975E-09 4.5705E-09 4.7467E-09 4.9262E-09 5.1087E-09 5.2940E-09 5.4819E-09 5.6721E-09 5.8730E-09 6.0874E-09
3.8185E-10 4.0481E-10 4.2912E-10 4.5484E-10 4.8206E-10 5.1009E-10 5.4127E-10 5.7266E-10 6.0661E-10 6.4246E-10 6.8026E-10 7.2014E-10 7.6212E-10 8.0636E-10 8.5320E-10 9.0252E-10 9.5446E-10 1.0091E-09 1.0677E-09 1.1281E-09 1.1915E-09 1.2579E-09 1.3276E-09 1.4007E-09 1.4772E-09 1.5557E-09 1.6410E-09 1.7268E-09 1.8161E-09 1.9132E-09 2.0104E-09 2.1114E-09 2.2213E-09 2.3306E-09 2.4440E-09 2.5613E-09 2.6826E-09 2.8110E-09 2.9422E-09 3.0794E-09 3.2198E-09 3.3626E-09 3.5095E-09 3.6604E-09 3.8152E-09 3.9738E-09 4.1361E-09 4.3021E-09 4.4716E-09 4.6444E-09 4.8203E-09 4.9993E-09 5.1811E-09 5.3654E-09 5.5520E-09 5.7493E-09 5.9603E-09
3.7357E-10 3.9528E-10 4.1975E-10 4.4416E-10 4.7147E-10 4.9885E-10 5.2856E-10 5.5997E-10 5.9313E-10 6.2814E-10 6.6505E-10 7.0399E-10 7.4419E-10 7.8817E-10 8.3283E-10 8.8207E-10 9.3278E-10 9.8611E-10 1.0422E-09 1.1011E-09 1.1642E-09 1.2291E-09 1.2972E-09 1.3685E-09 1.4432E-09 1.5199E-09 1.6016E-09 1.6869E-09 1.7742E-09 1.8690E-09 1.9639E-09 2.0625E-09 2.1699E-09 2.2768E-09 2.3875E-09 2.5021E-09 2.6206E-09 2.7459E-09 2.8744E-09 3.0084E-09 3.1458E-09 3.2854E-09 3.4291E-09 3.5767E-09 3.7281E-09 3.8833E-09 4.0421E-09 4.2046E-09 4.3704E-09 4.5396E-09 4.7119E-09 4.8872E-09 5.0653E-09 5.2459E-09 5.4289E-09 5.6214E-09 5.8297E-09
3.6454E-10 3.8645E-10 4.0962E-10 4.3416E-10 4.6010E-10 4.8754E-10 5.1654E-10 5.4719E-10 5.7955E-10 6.1371E-10 6.4972E-10 6.8771E-10 7.2693E-10 7.6905E-10 8.1340E-10 8.6035E-10 9.1090E-10 9.6292E-10 1.0176E-09 1.0751E-09 1.1366E-09 1.1987E-09 1.2663E-09 1.3346E-09 1.4088E-09 1.4836E-09 1.5633E-09 1.6466E-09 1.7317E-09 1.8242E-09 1.9168E-09 2.0131E-09 2.1155E-09 2.2222E-09 2.3302E-09 2.4420E-09 2.5577E-09 2.6798E-09 2.8055E-09 2.9362E-09 3.0706E-09 3.2070E-09 3.3473E-09 3.4915E-09 3.6394E-09 3.7910E-09 3.9463E-09 4.1051E-09 4.2673E-09 4.4327E-09 4.6013E-09 4.7727E-09 4.9470E-09 5.1238E-09 5.3029E-09 5.4900E-09 5.6957E-09
3.5621E-10 3.7758E-10 4.0019E-10 4.2412E-10 4.4942E-10 4.7619E-10 5.0447E-10 5.3435E-10 5.6590E-10 5.9920E-10 6.3354E-10 6.7134E-10 7.0958E-10 7.5063E-10 7.9385E-10 8.3961E-10 8.8775E-10 9.3957E-10 9.9288E-10 1.0489E-09 1.1077E-09 1.1694E-09 1.2353E-09 1.3018E-09 1.3741E-09 1.4470E-09 1.5247E-09 1.6058E-09 1.6888E-09 1.7790E-09 1.8693E-09 1.9630E-09 2.0629E-09 2.1669E-09 2.2722E-09 2.3812E-09 2.4940E-09 2.6127E-09 2.7357E-09 2.8629E-09 2.9943E-09 3.1274E-09 3.2643E-09 3.4050E-09 3.5494E-09 3.6974E-09 3.8490E-09 4.0040E-09 4.1624E-09 4.3240E-09 4.4886E-09 4.6562E-09 4.8264E-09 4.9993E-09 5.1744E-09 5.3554E-09 5.5589E-09
3.4786E-10 3.6869E-10 3.9073E-10 4.1405E-10 4.3871E-10 4.6479E-10 4.9235E-10 5.2146E-10 5.5144E-10 5.8464E-10 6.1809E-10 6.5414E-10 6.9214E-10 7.3213E-10 7.7421E-10 8.1877E-10 8.6565E-10 9.1498E-10 9.6801E-10 1.0225E-09 1.0798E-09 1.1398E-09 1.2028E-09 1.2687E-09 1.3392E-09 1.4101E-09 1.4858E-09 1.5648E-09 1.6455E-09 1.7316E-09 1.8213E-09 1.9126E-09 2.0099E-09 2.1112E-09 2.2137E-09 2.3199E-09 2.4297E-09 2.5449E-09 2.6652E-09 2.7887E-09 2.9172E-09 3.0469E-09 3.1803E-09 3.3174E-09 3.4582E-09 3.6025E-09 3.7503E-09 3.9015E-09 4.0560E-09 4.2136E-09 4.3743E-09 4.5378E-09 4.7040E-09 4.8727E-09 5.0437E-09 5.2181E-09 5.4195E-09
3.3880E-10 3.5979E-10 3.8054E-10 4.0397E-10 4.2726E-10 4.5265E-10 4.7948E-10 5.0781E-10 5.3773E-10 5.6930E-10 6.0261E-10 6.3769E-10 6.7467E-10 7.1357E-10 7.5452E-10 7.9787E-10 8.4347E-10 8.9146E-10 9.4305E-10 9.9608E-10 1.0518E-09 1.1102E-09 1.1714E-09 1.2356E-09 1.3028E-09 1.3731E-09 1.4467E-09 1.5235E-09 1.6021E-09 1.6858E-09 1.7731E-09 1.8618E-09 1.9565E-09 2.0551E-09 2.1548E-09 2.2581E-09 2.3649E-09 2.4765E-09 2.5941E-09 2.7138E-09 2.8395E-09 2.9657E-09 3.0956E-09 3.2290E-09 3.3661E-09 3.5066E-09 3.6506E-09 3.7978E-09 3.9483E-09 4.1019E-09 4.2585E-09 4.4179E-09 4.5799E-09 4.7444E-09 4.9112E-09 5.0800E-09 5.2779E-09
3.3047E-10 3.5021E-10 3.7110E-10 3.9320E-10 4.1657E-10 4.4126E-10 4.6736E-10 4.9493E-10 5.2403E-10 5.5473E-10 5.8711E-10 6.2123E-10 6.5718E-10 6.9422E-10 7.3401E-10 7.7586E-10 8.2126E-10 8.6791E-10 9.1691E-10 9.6958E-10 1.0237E-09 1.0805E-09 1.1400E-09 1.2023E-09 1.2676E-09 1.3359E-09 1.4074E-09 1.4821E-09 1.5584E-09 1.6398E-09 1.7246E-09 1.8109E-09 1.9029E-09 1.9987E-09 2.0956E-09 2.1960E-09 2.2998E-09 2.4077E-09 2.5226E-09 2.6384E-09 2.7612E-09 2.8839E-09 3.0102E-09 3.1400E-09 3.2733E-09 3.4100E-09 3.5500E-09 3.6933E-09 3.8397E-09 3.9892E-09 4.1416E-09 4.2968E-09 4.4545E-09 4.6147E-09 4.7772E-09 4.9416E-09 5.1344E-09
3.2216E-10 3.4136E-10 3.6168E-10 3.8317E-10 4.0588E-10 4.2990E-10 4.5526E-10 4.8206E-10 5.1034E-10 5.4017E-10 5.7164E-10 6.0401E-10 6.3971E-10 6.7568E-10 7.1433E-10 7.5498E-10 7.9800E-10 8.4436E-10 8.9194E-10 9.4195E-10 9.9563E-10 1.0507E-09 1.1085E-09 1.1690E-09 1.2324E-09 1.2988E-09 1.3682E-09 1.4407E-09 1.5147E-09 1.5937E-09 1.6761E-09 1.7598E-09 1.8492E-09 1.9421E-09 2.0362E-09 2.1337E-09 2.2344E-09 2.3386E-09 2.4508E-09 2.5627E-09 2.6825E-09 2.8017E-09 2.9244E-09 3.0505E-09 3.1799E-09 3.3128E-09 3.4488E-09 3.5881E-09 3.7304E-09 3.8757E-09 4.0238E-09 4.1747E-09 4.3281E-09 4.4839E-09 4.6420E-09 4.8020E-09 4.9844E-09
3.1388E-10 3.3254E-10 3.5228E-10 3.7316E-10 3.9523E-10 4.1856E-10 4.4320E-10 4.6847E-10 4.9668E-10 5.2490E-10 5.5620E-10 5.8763E-10 6.2152E-10 6.5720E-10 6.9470E-10 7.3414E-10 7.7588E-10 8.1974E-10 8.6701E-10 9.1553E-10 9.6643E-10 1.0210E-09 1.0771E-09 1.1358E-09 1.1973E-09 1.2616E-09 1.3274E-09 1.3993E-09 1.4711E-09 1.5477E-09 1.6275E-09 1.7087E-09 1.7954E-09 1.8856E-09 1.9768E-09 2.0713E-09 2.1690E-09 2.2700E-09 2.3789E-09 2.4871E-09 2.6037E-09 2.7194E-09 2.8384E-09 2.9607E-09 3.0863E-09 3.2152E-09 3.3473E-09 3.4824E-09 3.6206E-09 3.7617E-09 3.9055E-09 4.0520E-09 4.2010E-09 4.3524E-09 4.5059E-09 4.6614E-09 4.8327E-09
3.0496E-10 3.2307E-10 3.4224E-10 3.6251E-10 3.8393E-10 4.0657E-10 4.3048E-10 4.5572E-10 4.8236E-10 5.1046E-10 5.4009E-10 5.7131E-10 6.0418E-10 6.3878E-10 6.7515E-10 7.1338E-10 7.5384E-10 7.9636E-10 8.4108E-10 8.8920E-10 9.3852E-10 9.9030E-10 1.0445E-09 1.1026E-09 1.1622E-09 1.2246E-09 1.2883E-09 1.3564E-09 1.4275E-09 1.5017E-09 1.5791E-09 1.6577E-09 1.7394E-09 1.8291E-09 1.9175E-09 2.0090E-09 2.1037E-09 2.2015E-09 2.3066E-09 2.4119E-09 2.5249E-09 2.6370E-09 2.7523E-09 2.8709E-09 2.9926E-09 3.1176E-09 3.2456E-09 3.3766E-09 3.5106E-09 3.6474E-09 3.7869E-09 3.9290E-09 4.0735E-09 4.2203E-09 4.3693E-09 4.5202E-09 4.6807E-09
2.9679E-10 3.1437E-10 3.3297E-10 3.5263E-10 3.7342E-10 3.9537E-10 4.1856E-10 4.4304E-10 4.6887E-10 4.9611E-10 5.2483E-10 5.5509E-10 5.8694E-10 6.2046E-10 6.5492E-10 6.9195E-10 7.3085E-10 7.7201E-10 8.1641E-10 8.6185E-10 9.1076E-10 9.6088E-10 1.0134E-09 1.0684E-09 1.1260E-09 1.1877E-09 1.2493E-09 1.3153E-09 1.3841E-09 1.4541E-09 1.5308E-09 1.6069E-09 1.6859E-09 1.7704E-09 1.8583E-09 1.9469E-09 2.0385E-09 2.1332E-09 2.2339E-09 2.3368E-09 2.4451E-09 2.5547E-09 2.6664E-09 2.7811E-09 2.8990E-09 3.0200E-09 3.1439E-09 3.2708E-09 3.4005E-09 3.5330E-09 3.6682E-09 3.8058E-09 3.9459E-09 4.0881E-09 4.2325E-09 4.3787E-09 4.5286E-09
2.8268E-10 3.0504E-10 3.2306E-10 3.4212E-10 3.6225E-10 3.8353E-10 4.0599E-10 4.3044E-10 4.5547E-10 4.8186E-10 5.0891E-10 5.3897E-10 5.6905E-10 6.0150E-10 6.3563E-10 6.7147E-10 7.0911E-10 7.4895E-10 7.9189E-10 8.3586E-10 8.8205E-10 9.3166E-10 9.8245E-10 1.0357E-09 1.0914E-09 1.1497E-09 1.2106E-09 1.2744E-09 1.3409E-09 1.4086E-09 1.4810E-09 1.5564E-09 1.6328E-09 1.7145E-09 1.7995E-09 1.8851E-09 1.9737E-09 2.0652E-09 2.1615E-09 2.2621E-09 2.3657E-09 2.4728E-09 2.5808E-09 2.6917E-09 2.8057E-09 2.9227E-09 3.0426E-09 3.1653E-09 3.2908E-09 3.4189E-09 3.5497E-09 3.6829E-09 3.8184E-09 3.9561E-09 4.0958E-09 4.2373E-09 4.3806E-09
2.7237E-10 2.9649E-10 3.1396E-10 3.3242E-10 3.5193E-10 3.7253E-10 3.9428E-10 4.1724E-10 4.4146E-10 4.6700E-10 4.9391E-10 5.2226E-10 5.5210E-10 5.8349E-10 6.1649E-10 6.5116E-10 6.8756E-10 7.2607E-10 7.6648E-10 8.0897E-10 8.5472E-10 9.0150E-10 9.5175E-10 1.0032E-09 1.0570E-09 1.1134E-09 1.1722E-09 1.2338E-09 1.2981E-09 1.3635E-09 1.4334E-09 1.5063E-09 1.5800E-09 1.6589E-09 1.7410E-09 1.8237E-09 1.9093E-09 1.9976E-09 2.0897E-09 2.1878E-09 2.2868E-09 2.3913E-09 2.4956E-09 2.6028E-09 2.7129E-09 2.8259E-09 2.9417E-09 3.0603E-09 3.1815E-09 3.3053E-09 3.4317E-09 3.5604E-09 3.6913E-09 3.8244E-09 3.9595E-09 4.0963E-09 4.2348E-09
2.6082E-10 2.8271E-10 3.0494E-10 3.2282E-10 3.4169E-10 3.6164E-10 3.8268E-10 4.0490E-10 4.2832E-10 4.5302E-10 4.7905E-10 5.0646E-10 5.3530E-10 5.6565E-10 5.9754E-10 6.3026E-10 6.6543E-10 7.0233E-10 7.4136E-10 7.8348E-10 8.2766E-10 8.7282E-10 9.2020E-10 9.7101E-10 1.0229E-09 1.0774E-09 1.1342E-09 1.1937E-09 1.2557E-09 1.3188E-09 1.3863E-09 1.4565E-09 1.5277E-09 1.6039E-09 1.6831E-09 1.7629E-09 1.8454E-09 1.9306E-09 2.0186E-09 2.1141E-09 2.2085E-09 2.3105E-09 2.4111E-09 2.5145E-09 2.6207E-09 2.7298E-09 2.8415E-09 2.9559E-09 3.0729E-09 3.1924E-09 3.3143E-09 3.4385E-09 3.5650E-09 3.6934E-09 3.8238E-09 3.9559E-09 4.0897E-09
2.4983E-10 2.7141E-10 2.9534E-10 3.1262E-10 3.3089E-10 3.5016E-10 3.7051E-10 3.9197E-10 4.1461E-10 4.3847E-10 4.6361E-10 4.9008E-10 5.1795E-10 5.4725E-10 5.7805E-10 6.1040E-10 6.4435E-10 6.7997E-10 7.1764E-10 7.5827E-10 7.9977E-10 8.4333E-10 8.9017E-10 9.3799E-10 9.8807E-10 1.0404E-09 1.0966E-09 1.1524E-09 1.2122E-09 1.2745E-09 1.3396E-09 1.4074E-09 1.4759E-09 1.5470E-09 1.6257E-09 1.7026E-09 1.7821E-09 1.8643E-09 1.9491E-09 2.0403E-09 2.1319E-09 2.2301E-09 2.3273E-09 2.4270E-09 2.5294E-09 2.6345E-09 2.7422E-09 2.8524E-09 2.9652E-09 3.0804E-09 3.1979E-09 3.3177E-09 3.4395E-09 3.5634E-09 3.6891E-09 3.8165E-09 3.9455E-09
2.4038E-10 2.5959E-10 2.8263E-10 3.0326E-10 3.2091E-10 3.3954E-10 3.5920E-10 3.7993E-10 4.0180E-10 4.2484E-10 4.4912E-10 4.7467E-10 5.0157E-10 5.2985E-10 5.5957E-10 5.9078E-10 6.2353E-10 6.5788E-10 6.9421E-10 7.3228E-10 7.7228E-10 8.1538E-10 8.6052E-10 9.0660E-10 9.5486E-10 1.0053E-09 1.0581E-09 1.1132E-09 1.1708E-09 1.2308E-09 1.2917E-09 1.3569E-09 1.4248E-09 1.4933E-09 1.5667E-09 1.6431E-09 1.7196E-09 1.7987E-09 1.8804E-09 1.9669E-09 2.0564E-09 2.1494E-09 2.2445E-09 2.3405E-09 2.4391E-09 2.5402E-09 2.6439E-09 2.7500E-09 2.8586E-09 2.9695E-09 3.0827E-09 3.1980E-09 3.3153E-09 3.4346E-09 3.5556E-09 3.6783E-09 3.8025E-09
2.3116E-10 2.4585E-10 2.6971E-10 2.9334E-10 3.1037E-10 3.2836E-10 3.4733E-10 3.6735E-10 3.8843E-10 4.1067E-10 4.3482E-10 4.5947E-10 4.8542E-10 5.1268E-10 5.4057E-10 5.7066E-10 6.0224E-10 6.3534E-10 6.7003E-10 7.0671E-10 7.4631E-10 7.8781E-10 8.3013E-10 8.7449E-10 9.2211E-10 9.7065E-10 1.0215E-09 1.0745E-09 1.1299E-09 1.1877E-09 1.2463E-09 1.3091E-09 1.3744E-09 1.4402E-09 1.5109E-09 1.5843E-09 1.6580E-09 1.7341E-09 1.8126E-09 1.8945E-09 1.9819E-09 2.0699E-09 2.1628E-09 2.2550E-09 2.3498E-09 2.4471E-09 2.5468E-09 2.6489E-09 2.7533E-09 2.8599E-09 2.9687E-09 3.0796E-09 3.1925E-09 3.3072E-09 3.4236E-09 3.5416E-09 3.6611E-09
2.2199E-10 2.3873E-10 2.5522E-10 2.7903E-10 3.0070E-10 3.1806E-10 3.3636E-10 3.5567E-10 3.7601E-10 3.9745E-10 4.2002E-10 4.4378E-10 4.6877E-10 4.9505E-10 5.2265E-10 5.5164E-10 5.8204E-10 6.1393E-10 6.4733E-10 6.8263E-10 7.2073E-10 7.5954E-10 8.0026E-10 8.4406E-10 8.8866E-10 9.3534E-10 9.8542E-10 1.0364E-09 1.0882E-09 1.1437E-09 1.2016E-09 1.2619E-09 1.3247E-09 1.3880E-09 1.4559E-09 1.5265E-09 1.5972E-09 1.6703E-09 1.7458E-09 1.8236E-09 1.9084E-09 1.9916E-09 2.0822E-09 2.1708E-09 2.2619E-09 2.3553E-09 2.4511E-09 2.5491E-09 2.6494E-09 2.7518E-09 2.8564E-09 2.9629E-09 3.0713E-09 3.1815E-09 3.2933E-09 3.4067E-09 3.5215E-09
2.1556E-10 2.2868E-10 2.4380E-10 2.6727E-10 2.8786E-10 3.0722E-10 3.2487E-10 3.4346E-10 3.6307E-10 3.8444E-10 4.0545E-10 4.2907E-10 4.5314E-10 4.7844E-10 5.0502E-10 5.3292E-10 5.6140E-10 5.9208E-10 6.2422E-10 6.5895E-10 6.9341E-10 7.3181E-10 7.7204E-10 8.1414E-10 8.5700E-10 9.0186E-10 9.4867E-10 9.9766E-10 1.0487E-09 1.1021E-09 1.1576E-09 1.2138E-09 1.2740E-09 1.3366E-09 1.3996E-09 1.4673E-09 1.5375E-09 1.6077E-09 1.6801E-09 1.7548E-09 1.8346E-09 1.9159E-09 2.0017E-09 2.0880E-09 2.1753E-09 2.2650E-09 2.3569E-09 2.4509E-09 2.5472E-09 2.6454E-09 2.7457E-09 2.8479E-09 2.9519E-09 3.0576E-09 3.1649E-09 3.2737E-09 3.3838E-09
2.0484E-10 2.2191E-10 2.3404E-10 2.5268E-10 2.7352E-10 2.9727E-10 3.1428E-10 3.3219E-10 3.5107E-10 3.7095E-10 3.9188E-10 4.1389E-10 4.3706E-10 4.6139E-10 4.8695E-10 5.1378E-10 5.4193E-10 5.7142E-10 6.0231E-10 6.3465E-10 6.6881E-10 7.0569E-10 7.4432E-10 7.8362E-10 8.2478E-10 8.6898E-10 9.1392E-10 9.6095E-10 1.0100E-09 1.0612E-09 1.1145E-09 1.1683E-09 1.2261E-09 1.2862E-09 1.3466E-09 1.4115E-09 1.4789E-09 1.5462E-09 1.6156E-09 1.6872E-09 1.7622E-09 1.8417E-09 1.9222E-09 2.0066E-09 2.0903E-09 2.1762E-09 2.2643E-09 2.3545E-09 2.4467E-09 2.5409E-09 2.6370E-09 2.7349E-09 2.8346E-09 2.9359E-09 3.0387E-09 3.1429E-09 3.2484E-09
1.9875E-10 2.1270E-10 2.2631E-10 2.4113E-10 2.6150E-10 2.8426E-10 3.0318E-10 3.2043E-10 3.3858E-10 3.5771E-10 3.7856E-10 3.9900E-10 4.2201E-10 4.4540E-10 4.6998E-10 4.9576E-10 5.2281E-10 5.5114E-10 5.8004E-10 6.1110E-10 6.4468E-10 6.7897E-10 7.1495E-10 7.5376E-10 7.9434E-10 8.3556E-10 8.7866E-10 9.2496E-10 9.7195E-10 1.0195E-09 1.0706E-09 1.1238E-09 1.1792E-09 1.2368E-09 1.2946E-09 1.3568E-09 1.4214E-09 1.4858E-09 1.5524E-09 1.6209E-09 1.6915E-09 1.7688E-09 1.8445E-09 1.9268E-09 2.0069E-09 2.0892E-09 2.1735E-09 2.2598E-09 2.3481E-09 2.4383E-09 2.5302E-09 2.6240E-09 2.7194E-09 2.8163E-09 2.9148E-09 3.0145E-09 3.1155E-09
1.8319E-10 2.0247E-10 2.1936E-10 2.3059E-10 2.4566E-10 2.6983E-10 2.9100E-10 3.0959E-10 3.2705E-10 3.4545E-10 3.6479E-10 3.8515E-10 4.0653E-10 4.2901E-10 4.5259E-10 4.7737E-10 5.0332E-10 5.3053E-10 5.5902E-10 5.8882E-10 6.1998E-10 6.5289E-10 6.8843E-10 7.2563E-10 7.6337E-10 8.0288E-10 8.4535E-10 8.8841E-10 9.3344E-10 9.8032E-10 1.0293E-09 1.0802E-09 1.1314E-09 1.1865E-09 1.2437E-09 1.3010E-09 1.3628E-09 1.4268E-09 1.4904E-09 1.5561E-09 1.6236E-09 1.6958E-09 1.7697E-09 1.8471E-09 1.9253E-09 2.0040E-09 2.0846E-09 2.1671E-09 2.2515E-09 2.3378E-09 2.4257E-09 2.5153E-09 2.6065E-09 2.6992E-09 2.7933E-09 2.8887E-09 2.9852E-09
1.7144E-10 1.9624E-10 2.1000E-10 2.2338E-10 2.3543E-10 2.5145E-10 2.7608E-10 2.9828E-10 3.1507E-10 3.3272E-10 3.5131E-10 3.7084E-10 3.9138E-10 4.1369E-10 4.3559E-10 4.6010E-10 4.8501E-10 5.1112E-10 5.3766E-10 5.6624E-10 5.9612E-10 6.2844E-10 6.6138E-10 6.9591E-10 7.3317E-10 7.7212E-10 8.1156E-10 8.5279E-10 8.9711E-10 9.4198E-10 9.8883E-10 1.0375E-09 1.0866E-09 1.1393E-09 1.1940E-09 1.2488E-09 1.3078E-09 1.3690E-09 1.4299E-09 1.4926E-09 1.5572E-09 1.6246E-09 1.6968E-09 1.7689E-09 1.8455E-09 1.9206E-09 1.9977E-09 2.0765E-09 2.1571E-09 2.2395E-09 2.3235E-09 2.4091E-09 2.4962E-09 2.5847E-09 2.6745E-09 2.7656E-09 2.8578E-09
1.6170E-10 1.8055E-10 1.9963E-10 2.1562E-10 2.2726E-10 2.4195E-10 2.5971E-10 2.8216E-10 3.0404E-10 3.2029E-10 3.3884E-10 3.5759E-10 3.7730E-10 3.9798E-10 4.1971E-10 4.4249E-10 4.6638E-10 4.9139E-10 5.1758E-10 5.4497E-10 5.7360E-10 6.0350E-10 6.3505E-10 6.6914E-10 7.0480E-10 7.4089E-10 7.7864E-10 8.1925E-10 8.6030E-10 9.0322E-10 9.4784E-10 9.9442E-10 1.0428E-09 1.0932E-09 1.1455E-09 1.1978E-09 1.2519E-09 1.3103E-09 1.3708E-09 1.4307E-09 1.4924E-09 1.5559E-09 1.6247E-09 1.6932E-09 1.7670E-09 1.8393E-09 1.9128E-09 1.9880E-09 2.0650E-09 2.1435E-09 2.2237E-09 2.3053E-09 2.3884E-09 2.4728E-09 2.5585E-09 2.6454E-09 2.7333E-09
