Assets/Resources/2015_m01_d07_1900(utc+0800)_l00_csi_1hr_conc.grd
DSAA
         159         159
     -79.000      79.000
     -79.000      79.000
  0.0000E+00  0.3750E-04
[rows 25 to 49 of 159, columns 57 to 113 of 159]
3.6486E-09 4.3638E-09 5.1898E-09 6.2203E-09 7.1650E-09 8.0029E-09 9.1088E-09 1.0776E-08 1.3123E-08 1.5330E-08 1.7229E-08 1.8443E-08 1.9144E-08 1.9285E-08 1.9037E-08 1.8498E-08 1.7766E-08 1.6910E-08 1.6005E-08 1.5086E-08 1.4179E-08 1.3308E-08 1.2472E-08 1.1693E-08 1.0956E-08 1.0278E-08 9.5574E-09 8.9775E-09 8.4372E-09 7.8595E-09 7.3266E-09 6.9085E-09 6.5225E-09 6.0986E-09 5.7768E-09 5.4804E-09 5.2096E-09 4.9621E-09 4.7320E-09 4.5194E-09 4.3219E-09 4.1416E-09 3.9747E-09 3.8203E-09 3.6770E-09 3.5455E-09 3.4212E-09 3.3049E-09 3.1949E-09 3.0907E-09 2.9936E-09 2.8551E-09 2.7709E-09 2.6928E-09 2.5714E-09 2.4594E-09 2.3482E-09
3.8710E-09 4.5370E-09 5.3278E-09 6.2848E-09 7.1744E-09 8.0506E-09 9.2179E-09 1.1245E-08 1.3697E-08 1.6162E-08 1.8007E-08 1.9301E-08 1.9900E-08 1.9973E-08 1.9636E-08 1.9007E-08 1.8188E-08 1.7263E-08 1.6288E-08 1.5317E-08 1.4371E-08 1.3462E-08 1.2606E-08 1.1796E-08 1.1050E-08 1.0349E-08 9.7075E-09 9.0242E-09 8.4797E-09 7.9728E-09 7.4283E-09 6.9282E-09 6.5395E-09 6.1839E-09 5.7884E-09 5.4923E-09 5.2195E-09 4.9712E-09 4.7409E-09 4.5285E-09 4.3318E-09 4.1497E-09 3.9840E-09 3.8288E-09 3.6867E-09 3.5544E-09 3.4311E-09 3.3138E-09 3.2036E-09 3.0998E-09 3.0028E-09 2.9130E-09 2.7801E-09 2.7016E-09 2.5800E-09 2.5110E-09 2.4026E-09
4.1171E-09 4.7196E-09 5.4801E-09 6.3628E-09 7.1964E-09 8.0360E-09 9.4182E-09 1.1757E-08 1.4363E-08 1.6920E-08 1.8872E-08 2.0143E-08 2.0688E-08 2.0673E-08 2.0235E-08 1.9505E-08 1.8599E-08 1.7597E-08 1.6563E-08 1.5536E-08 1.4547E-08 1.3608E-08 1.2723E-08 1.1898E-08 1.1128E-08 1.0420E-08 9.7604E-09 9.1576E-09 8.5141E-09 8.0040E-09 7.5319E-09 7.0220E-09 6.5539E-09 6.1963E-09 5.8693E-09 5.5018E-09 5.2279E-09 4.9789E-09 4.7487E-09 4.5369E-09 4.3394E-09 4.1575E-09 3.9914E-09 3.8379E-09 3.6954E-09 3.5624E-09 3.4394E-09 3.3226E-09 3.2116E-09 3.1083E-09 3.0112E-09 2.9220E-09 2.8378E-09 2.7098E-09 2.6362E-09 2.5185E-09 2.4544E-09
4.3796E-09 4.9325E-09 5.6343E-09 6.4512E-09 7.2278E-09 8.1099E-09 9.6727E-09 1.2291E-08 1.5142E-08 1.7807E-08 1.9802E-08 2.1019E-08 2.1494E-08 2.1375E-08 2.0826E-08 1.9993E-08 1.8993E-08 1.7915E-08 1.6819E-08 1.5744E-08 1.4712E-08 1.3740E-08 1.2832E-08 1.1987E-08 1.1204E-08 1.0479E-08 9.8128E-09 9.1975E-09 8.5451E-09 8.0298E-09 7.5523E-09 7.0373E-09 6.5656E-09 6.2064E-09 5.8785E-09 5.5090E-09 5.2366E-09 4.9852E-09 4.7552E-09 4.5432E-09 4.3468E-09 4.1651E-09 3.9979E-09 3.8454E-09 3.7027E-09 3.5708E-09 3.4469E-09 3.3308E-09 3.2189E-09 3.1159E-09 3.0193E-09 2.9303E-09 2.8463E-09 2.7182E-09 2.6441E-09 2.5740E-09 2.4616E-09
4.6642E-09 5.1636E-09 5.8058E-09 6.5555E-09 7.2756E-09 8.3122E-09 1.0054E-08 1.2885E-08 1.6039E-08 1.8707E-08 2.0780E-08 2.1928E-08 2.2310E-08 2.2080E-08 2.1408E-08 2.0464E-08 1.9371E-08 1.8215E-08 1.7058E-08 1.5935E-08 1.4867E-08 1.3863E-08 1.2930E-08 1.2067E-08 1.1270E-08 1.0534E-08 9.8576E-09 9.2335E-09 8.6632E-09 8.0503E-09 7.5727E-09 7.1318E-09 6.6522E-09 6.2141E-09 5.8857E-09 5.5859E-09 5.2422E-09 4.9906E-09 4.7605E-09 4.5479E-09 4.3530E-09 4.1708E-09 4.0043E-09 3.8515E-09 3.7102E-09 3.5780E-09 3.4536E-09 3.3375E-09 3.2264E-09 3.1230E-09 3.0268E-09 2.9380E-09 2.8543E-09 2.7753E-09 2.6514E-09 2.5819E-09 2.4683E-09
4.9674E-09 5.4135E-09 5.9955E-09 6.6890E-09 7.3433E-09 8.5261E-09 1.0610E-08 1.3595E-08 1.6923E-08 1.9727E-08 2.1790E-08 2.2876E-08 2.3139E-08 2.2774E-08 2.1976E-08 2.0916E-08 1.9729E-08 1.8499E-08 1.7283E-08 1.6113E-08 1.5007E-08 1.3974E-08 1.3018E-08 1.2138E-08 1.1326E-08 1.0583E-08 9.8967E-09 9.2668E-09 8.6866E-09 8.0698E-09 7.5865E-09 7.1435E-09 6.7410E-09 6.2195E-09 5.8909E-09 5.5908E-09 5.2461E-09 4.9955E-09 4.7642E-09 4.5516E-09 4.3571E-09 4.1762E-09 4.0103E-09 3.8568E-09 3.7160E-09 3.5842E-09 3.4603E-09 3.3434E-09 3.2329E-09 3.1293E-09 3.0337E-09 2.9451E-09 2.8616E-09 2.7828E-09 2.7069E-09 2.5888E-09 2.5224E-09
5.3057E-09 5.6943E-09 6.2142E-09 6.8424E-09 7.4384E-09 8.8124E-09 1.1202E-08 1.4526E-08 1.7931E-08 2.0853E-08 2.2867E-08 2.3858E-08 2.3977E-08 2.3462E-08 2.2526E-08 2.1357E-08 2.0076E-08 1.8773E-08 1.7497E-08 1.6282E-08 1.5142E-08 1.4084E-08 1.3104E-08 1.2205E-08 1.1383E-08 1.0626E-08 9.9336E-09 9.2969E-09 8.7118E-09 8.1738E-09 7.5966E-09 7.1531E-09 6.7476E-09 6.3004E-09 5.8939E-09 5.5938E-09 5.3198E-09 4.9978E-09 4.7671E-09 4.5540E-09 4.3600E-09 4.1807E-09 4.0140E-09 3.8615E-09 3.7208E-09 3.5902E-09 3.4660E-09 3.3485E-09 3.2384E-09 3.1357E-09 3.0399E-09 2.9517E-09 2.8684E-09 2.7897E-09 2.7139E-09 2.5953E-09 2.5289E-09
5.6558E-09 5.9732E-09 6.4285E-09 7.0091E-09 7.6619E-09 9.3278E-09 1.1865E-08 1.5482E-08 1.9030E-08 2.2049E-08 2.3984E-08 2.4846E-08 2.4800E-08 2.4121E-08 2.3046E-08 2.1764E-08 2.0394E-08 1.9018E-08 1.7690E-08 1.6432E-08 1.5261E-08 1.4175E-08 1.3177E-08 1.2261E-08 1.1424E-08 1.0662E-08 9.9614E-09 9.3189E-09 8.7296E-09 8.1898E-09 7.6972E-09 7.1576E-09 6.7522E-09 6.3835E-09 5.8950E-09 5.5948E-09 5.3216E-09 4.9983E-09 4.7696E-09 4.5556E-09 4.3618E-09 4.1832E-09 4.0175E-09 3.8660E-09 3.7245E-09 3.5944E-09 3.4706E-09 3.3533E-09 3.2432E-09 3.1415E-09 3.0455E-09 2.9575E-09 2.8745E-09 2.7959E-09 2.7202E-09 2.6500E-09 2.5347E-09
6.0310E-09 6.2921E-09 6.6875E-09 7.2122E-09 8.0538E-09 9.8476E-09 1.2622E-08 1.6501E-08 2.0218E-08 2.3293E-08 2.5150E-08 2.5845E-08 2.5609E-08 2.4757E-08 2.3538E-08 2.2141E-08 2.0685E-08 1.9245E-08 1.7865E-08 1.6569E-08 1.5365E-08 1.4258E-08 1.3242E-08 1.2311E-08 1.1462E-08 1.0688E-08 9.9819E-09 9.3366E-09 8.7444E-09 8.1985E-09 7.7025E-09 7.1624E-09 6.7545E-09 6.3846E-09 5.9713E-09 5.5941E-09 5.3213E-09 5.0686E-09 4.7693E-09 4.5558E-09 4.3624E-09 4.1847E-09 4.0206E-09 3.8686E-09 3.7275E-09 3.5976E-09 3.4749E-09 3.3577E-09 3.2472E-09 3.1458E-09 3.0506E-09 2.9627E-09 2.8799E-09 2.8015E-09 2.7260E-09 2.6560E-09 2.5401E-09
6.4422E-09 6.6366E-09 6.9703E-09 7.4487E-09 8.4699E-09 1.0422E-08 1.3692E-08 1.7667E-08 2.1570E-08 2.4644E-08 2.6368E-08 2.6859E-08 2.6415E-08 2.5381E-08 2.4018E-08 2.2510E-08 2.0971E-08 1.9471E-08 1.8041E-08 1.6707E-08 1.5474E-08 1.4344E-08 1.3310E-08 1.2366E-08 1.1504E-08 1.0721E-08 1.0008E-08 9.3529E-09 8.7545E-09 8.2094E-09 7.7101E-09 7.1644E-09 6.7555E-09 6.3846E-09 5.9694E-09 5.5917E-09 5.3193E-09 5.0672E-09 4.7673E-09 4.5561E-09 4.3616E-09 4.1847E-09 4.0218E-09 3.8702E-09 3.7306E-09 3.5997E-09 3.4779E-09 3.3606E-09 3.2505E-09 3.1494E-09 3.0556E-09 2.9671E-09 2.8847E-09 2.8065E-09 2.7310E-09 2.6613E-09 2.5936E-09
6.8608E-09 7.0029E-09 7.2794E-09 7.6835E-09 8.9882E-09 1.1183E-08 1.4768E-08 1.9013E-08 2.3084E-08 2.6049E-08 2.7584E-08 2.7835E-08 2.7167E-08 2.5948E-08 2.4444E-08 2.2831E-08 2.1213E-08 1.9655E-08 1.8188E-08 1.6819E-08 1.5559E-08 1.4408E-08 1.3359E-08 1.2404E-08 1.1533E-08 1.0741E-08 1.0020E-08 9.3637E-09 8.7629E-09 8.2120E-09 7.7096E-09 7.2532E-09 6.7522E-09 6.3830E-09 6.0484E-09 5.5872E-09 5.3155E-09 5.0644E-09 4.7639E-09 4.5544E-09 4.3596E-09 4.1837E-09 4.0216E-09 3.8713E-09 3.7323E-09 3.6011E-09 3.4796E-09 3.3632E-09 3.2538E-09 3.1522E-09 3.0595E-09 2.9708E-09 2.8887E-09 2.8108E-09 2.7354E-09 2.6660E-09 2.5985E-09
7.3143E-09 7.4076E-09 7.6303E-09 8.0922E-09 9.5854E-09 1.1995E-08 1.6015E-08 2.0495E-08 2.4675E-08 2.7532E-08 2.8823E-08 2.8803E-08 2.7901E-08 2.6496E-08 2.4856E-08 2.3140E-08 2.1450E-08 1.9837E-08 1.8330E-08 1.6936E-08 1.5652E-08 1.4479E-08 1.3414E-08 1.2449E-08 1.1568E-08 1.0767E-08 1.0041E-08 9.3739E-09 8.7675E-09 8.2150E-09 7.7116E-09 7.2517E-09 6.7506E-09 6.3790E-09 6.0428E-09 5.6582E-09 5.3094E-09 5.0596E-09 4.8301E-09 4.5507E-09 4.3569E-09 4.1816E-09 4.0203E-09 3.8715E-09 3.7322E-09 3.6020E-09 3.4804E-09 3.3651E-09 3.2561E-09 3.1544E-09 3.0621E-09 2.9742E-09 2.8920E-09 2.8145E-09 2.7391E-09 2.6700E-09 2.6027E-09
7.7749E-09 7.8090E-09 7.9916E-09 8.6925E-09 1.0252E-08 1.3252E-08 1.7398E-08 2.2049E-08 2.6359E-08 2.9029E-08 3.0023E-08 2.9707E-08 2.8567E-08 2.6981E-08 2.5210E-08 2.3401E-08 2.1644E-08 1.9983E-08 1.8440E-08 1.7020E-08 1.5721E-08 1.4532E-08 1.3452E-08 1.2475E-08 1.1590E-08 1.0782E-08 1.0050E-08 9.3809E-09 8.7719E-09 8.2141E-09 7.7098E-09 7.2495E-09 6.7427E-09 6.3722E-09 6.0368E-09 5.6506E-09 5.3013E-09 5.0532E-09 4.8242E-09 4.5452E-09 4.3536E-09 4.1783E-09 4.0180E-09 3.8698E-09 3.7313E-09 3.6023E-09 3.4803E-09 3.3653E-09 3.2571E-09 3.1559E-09 3.0640E-09 2.9771E-09 2.8946E-09 2.8174E-09 2.7421E-09 2.6733E-09 2.6063E-09
8.2547E-09 8.2507E-09 8.3846E-09 9.2656E-09 1.1106E-08 1.4420E-08 1.8888E-08 2.4017E-08 2.8142E-08 3.0542E-08 3.1190E-08 3.0564E-08 2.9188E-08 2.7430E-08 2.5536E-08 2.3641E-08 2.1823E-08 2.0118E-08 1.8543E-08 1.7099E-08 1.5784E-08 1.4584E-08 1.3492E-08 1.2503E-08 1.1610E-08 1.0799E-08 1.0059E-08 9.3829E-09 8.7696E-09 8.2119E-09 7.7036E-09 7.2429E-09 6.8247E-09 6.3636E-09 6.0278E-09 5.7228E-09 5.2912E-09 5.0450E-09 4.8164E-09 4.5384E-09 4.3487E-09 4.1734E-09 4.0145E-09 3.8671E-09 3.7297E-09 3.6014E-09 3.4792E-09 3.3646E-09 3.2578E-09 3.1570E-09 3.0651E-09 2.9790E-09 2.8964E-09 2.8195E-09 2.7445E-09 2.6759E-09 2.6092E-09
8.7442E-09 8.7054E-09 8.7931E-09 9.8868E-09 1.1959E-08 1.5822E-08 2.0802E-08 2.5980E-08 2.9975E-08 3.2023E-08 3.2290E-08 3.1349E-08 2.9743E-08 2.7824E-08 2.5819E-08 2.3848E-08 2.1975E-08 2.0232E-08 1.8628E-08 1.7160E-08 1.5828E-08 1.4620E-08 1.3521E-08 1.2523E-08 1.1622E-08 1.0808E-08 1.0065E-08 9.3861E-09 8.7690E-09 8.2059E-09 7.6972E-09 7.2358E-09 6.8133E-09 6.3525E-09 6.0172E-09 5.7125E-09 5.2792E-09 5.0345E-09 4.8070E-09 4.5301E-09 4.3416E-09 4.1673E-09 4.0095E-09 3.8633E-09 3.7272E-09 3.5989E-09 3.4771E-09 3.3632E-09 3.2575E-09 3.1573E-09 3.0655E-09 2.9798E-09 2.8975E-09 2.8209E-09 2.7462E-09 2.6778E-09 2.6114E-09
9.2506E-09 9.1766E-09 9.3528E-09 1.0606E-08 1.3353E-08 1.7570E-08 2.2717E-08 2.8063E-08 3.1814E-08 3.3438E-08 3.3303E-08 3.2052E-08 3.0229E-08 2.8164E-08 2.6059E-08 2.4020E-08 2.2101E-08 2.0325E-08 1.8697E-08 1.7215E-08 1.5870E-08 1.4651E-08 1.3547E-08 1.2540E-08 1.1632E-08 1.0812E-08 1.0070E-08 9.3857E-09 8.7621E-09 8.1985E-09 7.6855E-09 7.2251E-09 6.8041E-09 6.3375E-09 6.0023E-09 5.6991E-09 5.3428E-09 5.0220E-09 4.7965E-09 4.5910E-09 4.3332E-09 4.1606E-09 4.0034E-09 3.8583E-09 3.7235E-09 3.5954E-09 3.4746E-09 3.3609E-09 3.2559E-09 3.1568E-09 3.0650E-09 2.9797E-09 2.8982E-09 2.8215E-09 2.7472E-09 2.6790E-09 2.6129E-09
9.7706E-09 9.6662E-09 9.9016E-09 1.1573E-08 1.4803E-08 1.9374E-08 2.4847E-08 3.0222E-08 3.3617E-08 3.4768E-08 3.4225E-08 3.2680E-08 3.0657E-08 2.8461E-08 2.6270E-08 2.4169E-08 2.2211E-08 2.0407E-08 1.8755E-08 1.7258E-08 1.5901E-08 1.4673E-08 1.3563E-08 1.2561E-08 1.1643E-08 1.0813E-08 1.0066E-08 9.3843E-09 8.7534E-09 8.1853E-09 7.6731E-09 7.2100E-09 6.7914E-09 6.3230E-09 5.9851E-09 5.6847E-09 5.3273E-09 5.0077E-09 4.7841E-09 4.5796E-09 4.3233E-09 4.1527E-09 3.9961E-09 3.8522E-09 3.7183E-09 3.5907E-09 3.4710E-09 3.3576E-09 3.2532E-09 3.1551E-09 3.0636E-09 2.9788E-09 2.8981E-09 2.8213E-09 2.7473E-09 2.6795E-09 2.6137E-09
1.0294E-08 1.0160E-08 1.0643E-08 1.2520E-08 1.6403E-08 2.1433E-08 2.7297E-08 3.2402E-08 3.5327E-08 3.5968E-08 3.5028E-08 3.3210E-08 3.1009E-08 2.8701E-08 2.6438E-08 2.4294E-08 2.2303E-08 2.0477E-08 1.8813E-08 1.7302E-08 1.5930E-08 1.4695E-08 1.3575E-08 1.2567E-08 1.1652E-08 1.0814E-08 1.0061E-08 9.3760E-09 8.7467E-09 8.1712E-09 7.6553E-09 7.1931E-09 6.7728E-09 6.3963E-09 5.9663E-09 5.6660E-09 5.3095E-09 4.9914E-09 4.7698E-09 4.5666E-09 4.3117E-09 4.1432E-09 3.9876E-09 3.8449E-09 3.7117E-09 3.5850E-09 3.4662E-09 3.3533E-09 3.2496E-09 3.1529E-09 3.0614E-09 2.9770E-09 2.8971E-09 2.8203E-09 2.7467E-09 2.6793E-09 2.6138E-09
1.0817E-08 1.0748E-08 1.1482E-08 1.3959E-08 1.8299E-08 2.3743E-08 2.9686E-08 3.4510E-08 3.6893E-08 3.7021E-08 3.5707E-08 3.3647E-08 3.1293E-08 2.8892E-08 2.6571E-08 2.4390E-08 2.2375E-08 2.0531E-08 1.8854E-08 1.7334E-08 1.5958E-08 1.4716E-08 1.3590E-08 1.2575E-08 1.1654E-08 1.0814E-08 1.0051E-08 9.3656E-09 8.7345E-09 8.1584E-09 7.6377E-09 7.1688E-09 6.7518E-09 6.3754E-09 5.9496E-09 5.6438E-09 5.3711E-09 4.9728E-09 4.7537E-09 4.5522E-09 4.2986E-09 4.1322E-09 3.9777E-09 3.8363E-09 3.7040E-09 3.5785E-09 3.4600E-09 3.3480E-09 3.2449E-09 3.1495E-09 3.0586E-09 2.9743E-09 2.8949E-09 2.8184E-09 2.7452E-09 2.6782E-09 2.6131E-09
1.1345E-08 1.1459E-08 1.2518E-08 1.5613E-08 2.0457E-08 2.6121E-08 3.2077E-08 3.6487E-08 3.8286E-08 3.7921E-08 3.6269E-08 3.4001E-08 3.1522E-08 2.9048E-08 2.6683E-08 2.4475E-08 2.2442E-08 2.0587E-08 1.8899E-08 1.7366E-08 1.5983E-08 1.4732E-08 1.3603E-08 1.2581E-08 1.1653E-08 1.0812E-08 1.0044E-08 9.3454E-09 8.7168E-09 8.1408E-09 7.6149E-09 7.1438E-09 6.7245E-09 6.3499E-09 5.9274E-09 5.6247E-09 5.3497E-09 4.9520E-09 4.7357E-09 4.5360E-09 4.2841E-09 4.1196E-09 3.9664E-09 3.8265E-09 3.6951E-09 3.5707E-09 3.4526E-09 3.3416E-09 3.2394E-09 3.1452E-09 3.0547E-09 2.9708E-09 2.8919E-09 2.8158E-09 2.7430E-09 2.6765E-09 2.6116E-09
1.1853E-08 1.2173E-08 1.3563E-08 1.7434E-08 2.2719E-08 2.8493E-08 3.4377E-08 3.8259E-08 3.9457E-08 3.8638E-08 3.6693E-08 3.4256E-08 3.1679E-08 2.9153E-08 2.6758E-08 2.4533E-08 2.2490E-08 2.0626E-08 1.8933E-08 1.7398E-08 1.6009E-08 1.4753E-08 1.3612E-08 1.2584E-08 1.1648E-08 1.0804E-08 1.0030E-08 9.3306E-09 8.6923E-09 8.1148E-09 7.5942E-09 7.1194E-09 6.6956E-09 6.3224E-09 5.9003E-09 5.6037E-09 5.3270E-09 4.9292E-09 4.7155E-09 4.5182E-09 4.2681E-09 4.1055E-09 3.9537E-09 3.8152E-09 3.6850E-09 3.5616E-09 3.4440E-09 3.3344E-09 3.2329E-09 3.1396E-09 3.0499E-09 2.9663E-09 2.8880E-09 2.8126E-09 2.7399E-09 2.6739E-09 2.6095E-09
1.2352E-08 1.2963E-08 1.4763E-08 1.9527E-08 2.5116E-08 3.0904E-08 3.6491E-08 3.9778E-08 4.0403E-08 3.9187E-08 3.7005E-08 3.4443E-08 3.1799E-08 2.9237E-08 2.6825E-08 2.4591E-08 2.2535E-08 2.0665E-08 1.8965E-08 1.7423E-08 1.6027E-08 1.4766E-08 1.3623E-08 1.2588E-08 1.1645E-08 1.0796E-08 1.0017E-08 9.3117E-09 8.6688E-09 8.0910E-09 7.5661E-09 7.0939E-09 6.6732E-09 6.2919E-09 5.8717E-09 5.5756E-09 5.3071E-09 4.9813E-09 4.6935E-09 4.4988E-09 4.2504E-09 4.0899E-09 3.9399E-09 3.8026E-09 3.6736E-09 3.5513E-09 3.4342E-09 3.3261E-09 3.2255E-09 3.1329E-09 3.0440E-09 2.9609E-09 2.8832E-09 2.8086E-09 2.7359E-09 2.6706E-09 2.6065E-09
1.3127E-08 1.3817E-08 1.6575E-08 2.1734E-08 2.7584E-08 3.3273E-08 3.8340E-08 4.1009E-08 4.1116E-08 3.9570E-08 3.7203E-08 3.4548E-08 3.1864E-08 2.9288E-08 2.6872E-08 2.4638E-08 2.2589E-08 2.0717E-08 1.9011E-08 1.7464E-08 1.6060E-08 1.4781E-08 1.3630E-08 1.2590E-08 1.1645E-08 1.0787E-08 1.0005E-08 9.2956E-09 8.6464E-09 8.0611E-09 7.5404E-09 7.0637E-09 6.6423E-09 6.2639E-09 5.8406E-09 5.5457E-09 5.2815E-09 4.9546E-09 4.6695E-09 4.4776E-09 4.2311E-09 4.0727E-09 3.9246E-09 3.7886E-09 3.6608E-09 3.5396E-09 3.4235E-09 3.3166E-09 3.2169E-09 3.1253E-09 3.0373E-09 2.9545E-09 2.8775E-09 2.8037E-09 2.7312E-09 2.6664E-09 2.6027E-09
1.3837E-08 1.5044E-08 1.8310E-08 2.4104E-08 2.9933E-08 3.5346E-08 3.9853E-08 4.1919E-08 4.1578E-08 3.9773E-08 3.7276E-08 3.4570E-08 3.1873E-08 2.9299E-08 2.6892E-08 2.4667E-08 2.2624E-08 2.0758E-08 1.9056E-08 1.7505E-08 1.6094E-08 1.4813E-08 1.3649E-08 1.2594E-08 1.1639E-08 1.0775E-08 9.9918E-09 9.2753E-09 8.6264E-09 8.0344E-09 7.5074E-09 7.0360E-09 6.6107E-09 6.2343E-09 5.8070E-09 5.5133E-09 5.2524E-09 4.9327E-09 4.6435E-09 4.4545E-09 4.2102E-09 4.0539E-09 3.9079E-09 3.7732E-09 3.6467E-09 3.5266E-09 3.4118E-09 3.3059E-09 3.2075E-09 3.1167E-09 3.0296E-09 2.9472E-09 2.8708E-09 2.7978E-09 2.7256E-09 2.6614E-09 2.5981E-09
1.4636E-08 1.6230E-08 2.0453E-08 2.6472E-08 3.1973E-08 3.7047E-08 4.0985E-08 4.2520E-08 4.1820E-08 3.9833E-08 3.7266E-08 3.4546E-08 3.1860E-08 2.9306E-08 2.6924E-08 2.4714E-08 2.2681E-08 2.0816E-08 1.9114E-08 1.7559E-08 1.6142E-08 1.4850E-08 1.3675E-08 1.2609E-08 1.1642E-08 1.0766E-08 9.9747E-09 9.2553E-09 8.6036E-09 8.0071E-09 7.4798E-09 7.0020E-09 6.5789E-09 6.2009E-09 5.7773E-09 5.4785E-09 5.2197E-09 4.9045E-09 4.6159E-09 4.4296E-09 4.1879E-09 4.0337E-09 3.8896E-09 3.7563E-09 3.6313E-09 3.5123E-09 3.3988E-09 3.2941E-09 3.1969E-09 3.1069E-09 3.0208E-09 2.9389E-09 2.8632E-09 2.7910E-09 2.7192E-09 2.6556E-09 2.5927E-09
