Assets/Resources/2015_m01_d18_0800(utc+0800)_l00_csi_1hr_conc.grd
DSAA
         159         159
     -79.000      79.000
     -79.000      79.000
  0.3201E-10  0.2643E-05
[rows 25 to 49 of 159, columns 57 to 113 of 159]
7.0691E-10 7.2590E-10 7.4472E-10 7.6403E-10 7.8348E-10 8.0309E-10 8.2261E-10 8.4222E-10 8.6211E-10 8.8185E-10 9.0168E-10 9.2169E-10 9.4150E-10 9.6134E-10 9.8114E-10 1.0011E-09 1.0209E-09 1.0403E-09 1.0598E-09 1.0791E-09 1.0984E-09 1.1174E-09 1.1362E-09 1.1547E-09 1.1730E-09 1.1911E-09 1.2090E-09 1.2265E-09 1.2433E-09 1.2603E-09 1.2766E-09 1.2924E-09 1.3079E-09 1.3232E-09 1.3377E-09 1.3518E-09 1.3657E-09 1.3789E-09 1.3913E-09 1.4034E-09 1.4149E-09 1.4258E-09 1.4359E-09 1.4456E-09 1.4550E-09 1.4634E-09 1.4710E-09 1.4782E-09 1.4847E-09 1.4905E-09 1.4954E-09 1.4996E-09 1.5033E-09 1.5064E-09 1.5089E-09 1.5103E-09 1.5110E-09
7.2765E-10 7.4722E-10 7.6682E-10 7.8657E-10 8.0667E-10 8.2686E-10 8.4684E-10 8.6728E-10 8.8781E-10 9.0839E-10 9.2865E-10 9.4931E-10 9.6980E-10 9.9045E-10 1.0109E-09 1.0313E-09 1.0516E-09 1.0718E-09 1.0921E-09 1.1121E-09 1.1318E-09 1.1514E-09 1.1708E-09 1.1900E-09 1.2091E-09 1.2277E-09 1.2458E-09 1.2638E-09 1.2817E-09 1.2988E-09 1.3157E-09 1.3324E-09 1.3482E-09 1.3638E-09 1.3792E-09 1.3938E-09 1.4077E-09 1.4213E-09 1.4343E-09 1.4468E-09 1.4585E-09 1.4700E-09 1.4807E-09 1.4907E-09 1.5001E-09 1.5086E-09 1.5167E-09 1.5241E-09 1.5306E-09 1.5366E-09 1.5419E-09 1.5467E-09 1.5503E-09 1.5532E-09 1.5556E-09 1.5570E-09 1.5582E-09
7.4875E-10 7.6894E-10 7.8899E-10 8.0957E-10 8.3026E-10 8.5112E-10 8.7191E-10 8.9283E-10 9.1400E-10 9.3503E-10 9.5615E-10 9.7729E-10 9.9861E-10 1.0199E-09 1.0408E-09 1.0621E-09 1.0831E-09 1.1041E-09 1.1249E-09 1.1453E-09 1.1659E-09 1.1861E-09 1.2059E-09 1.2261E-09 1.2455E-09 1.2645E-09 1.2836E-09 1.3022E-09 1.3204E-09 1.3385E-09 1.3557E-09 1.3728E-09 1.3896E-09 1.4057E-09 1.4211E-09 1.4362E-09 1.4508E-09 1.4648E-09 1.4783E-09 1.4914E-09 1.5037E-09 1.5152E-09 1.5262E-09 1.5366E-09 1.5463E-09 1.5551E-09 1.5634E-09 1.5710E-09 1.5782E-09 1.5842E-09 1.5894E-09 1.5941E-09 1.5979E-09 1.6013E-09 1.6036E-09 1.6051E-09 1.6060E-09
7.7024E-10 7.9109E-10 8.1193E-10 8.3294E-10 8.5431E-10 8.7562E-10 8.9710E-10 9.1884E-10 9.4047E-10 9.6241E-10 9.8436E-10 1.0062E-09 1.0280E-09 1.0498E-09 1.0716E-09 1.0935E-09 1.1151E-09 1.1367E-09 1.1581E-09 1.1793E-09 1.2004E-09 1.2215E-09 1.2422E-09 1.2624E-09 1.2827E-09 1.3026E-09 1.3221E-09 1.3415E-09 1.3602E-09 1.3784E-09 1.3966E-09 1.4144E-09 1.4313E-09 1.4480E-09 1.4641E-09 1.4797E-09 1.4948E-09 1.5095E-09 1.5234E-09 1.5365E-09 1.5492E-09 1.5613E-09 1.5727E-09 1.5831E-09 1.5932E-09 1.6025E-09 1.6113E-09 1.6190E-09 1.6259E-09 1.6323E-09 1.6382E-09 1.6428E-09 1.6467E-09 1.6500E-09 1.6526E-09 1.6541E-09 1.6548E-09
7.9213E-10 8.1358E-10 8.3489E-10 8.5676E-10 8.7858E-10 9.0096E-10 9.2307E-10 9.4532E-10 9.6766E-10 9.9024E-10 1.0127E-09 1.0352E-09 1.0577E-09 1.0804E-09 1.1029E-09 1.1255E-09 1.1476E-09 1.1700E-09 1.1921E-09 1.2140E-09 1.2360E-09 1.2574E-09 1.2787E-09 1.3000E-09 1.3205E-09 1.3413E-09 1.3614E-09 1.3810E-09 1.4004E-09 1.4197E-09 1.4383E-09 1.4565E-09 1.4741E-09 1.4913E-09 1.5080E-09 1.5243E-09 1.5399E-09 1.5547E-09 1.5690E-09 1.5828E-09 1.5959E-09 1.6083E-09 1.6198E-09 1.6312E-09 1.6415E-09 1.6509E-09 1.6598E-09 1.6679E-09 1.6753E-09 1.6817E-09 1.6875E-09 1.6923E-09 1.6965E-09 1.6997E-09 1.7024E-09 1.7042E-09 1.7052E-09
8.1434E-10 8.3627E-10 8.5845E-10 8.8098E-10 9.0368E-10 9.2632E-10 9.4915E-10 9.7208E-10 9.9528E-10 1.0186E-09 1.0416E-09 1.0650E-09 1.0882E-09 1.1116E-09 1.1347E-09 1.1578E-09 1.1809E-09 1.2038E-09 1.2268E-09 1.2494E-09 1.2716E-09 1.2941E-09 1.3161E-09 1.3378E-09 1.3595E-09 1.3804E-09 1.4012E-09 1.4219E-09 1.4420E-09 1.4616E-09 1.4808E-09 1.4995E-09 1.5176E-09 1.5355E-09 1.5530E-09 1.5694E-09 1.5854E-09 1.6009E-09 1.6158E-09 1.6299E-09 1.6435E-09 1.6566E-09 1.6685E-09 1.6797E-09 1.6904E-09 1.7005E-09 1.7095E-09 1.7177E-09 1.7253E-09 1.7321E-09 1.7379E-09 1.7431E-09 1.7474E-09 1.7510E-09 1.7535E-09 1.7551E-09 1.7561E-09
8.3695E-10 8.5954E-10 8.8239E-10 9.0559E-10 9.2877E-10 9.5235E-10 9.7565E-10 9.9967E-10 1.0234E-09 1.0472E-09 1.0711E-09 1.0952E-09 1.1191E-09 1.1431E-09 1.1669E-09 1.1910E-09 1.2145E-09 1.2385E-09 1.2618E-09 1.2852E-09 1.3085E-09 1.3312E-09 1.3544E-09 1.3766E-09 1.3985E-09 1.4207E-09 1.4422E-09 1.4631E-09 1.4840E-09 1.5040E-09 1.5239E-09 1.5434E-09 1.5623E-09 1.5806E-09 1.5983E-09 1.6155E-09 1.6321E-09 1.6481E-09 1.6634E-09 1.6783E-09 1.6920E-09 1.7050E-09 1.7176E-09 1.7296E-09 1.7404E-09 1.7504E-09 1.7599E-09 1.7686E-09 1.7762E-09 1.7833E-09 1.7895E-09 1.7949E-09 1.7991E-09 1.8028E-09 1.8054E-09 1.8073E-09 1.8081E-09
8.5970E-10 8.8300E-10 9.0670E-10 9.3038E-10 9.5450E-10 9.7875E-10 1.0030E-09 1.0273E-09 1.0518E-09 1.0765E-09 1.1011E-09 1.1260E-09 1.1504E-09 1.1753E-09 1.1999E-09 1.2247E-09 1.2491E-09 1.2733E-09 1.2977E-09 1.3217E-09 1.3456E-09 1.3695E-09 1.3927E-09 1.4158E-09 1.4388E-09 1.4613E-09 1.4835E-09 1.5052E-09 1.5266E-09 1.5475E-09 1.5682E-09 1.5881E-09 1.6076E-09 1.6264E-09 1.6448E-09 1.6625E-09 1.6794E-09 1.6963E-09 1.7119E-09 1.7268E-09 1.7412E-09 1.7551E-09 1.7679E-09 1.7798E-09 1.7914E-09 1.8018E-09 1.8116E-09 1.8205E-09 1.8287E-09 1.8357E-09 1.8421E-09 1.8474E-09 1.8521E-09 1.8556E-09 1.8587E-09 1.8608E-09 1.8616E-09
8.8299E-10 9.0698E-10 9.3137E-10 9.5580E-10 9.8059E-10 1.0054E-09 1.0303E-09 1.0556E-09 1.0808E-09 1.1063E-09 1.1316E-09 1.1570E-09 1.1824E-09 1.2078E-09 1.2334E-09 1.2587E-09 1.2837E-09 1.3092E-09 1.3339E-09 1.3590E-09 1.3836E-09 1.4077E-09 1.4323E-09 1.4559E-09 1.4794E-09 1.5028E-09 1.5257E-09 1.5479E-09 1.5701E-09 1.5919E-09 1.6128E-09 1.6334E-09 1.6536E-09 1.6729E-09 1.6918E-09 1.7101E-09 1.7280E-09 1.7448E-09 1.7611E-09 1.7769E-09 1.7916E-09 1.8057E-09 1.8191E-09 1.8314E-09 1.8432E-09 1.8541E-09 1.8642E-09 1.8732E-09 1.8816E-09 1.8889E-09 1.8955E-09 1.9014E-09 1.9063E-09 1.9099E-09 1.9129E-09 1.9148E-09 1.9169E-09
9.0661E-10 9.3130E-10 9.5623E-10 9.8154E-10 1.0071E-09 1.0324E-09 1.0583E-09 1.0841E-09 1.1103E-09 1.1363E-09 1.1624E-09 1.1887E-09 1.2147E-09 1.2413E-09 1.2672E-09 1.2934E-09 1.3194E-09 1.3450E-09 1.3712E-09 1.3965E-09 1.4219E-09 1.4472E-09 1.4721E-09 1.4966E-09 1.5209E-09 1.5448E-09 1.5683E-09 1.5917E-09 1.6144E-09 1.6366E-09 1.6584E-09 1.6796E-09 1.7003E-09 1.7204E-09 1.7401E-09 1.7588E-09 1.7770E-09 1.7948E-09 1.8114E-09 1.8272E-09 1.8428E-09 1.8572E-09 1.8709E-09 1.8839E-09 1.8961E-09 1.9071E-09 1.9176E-09 1.9269E-09 1.9355E-09 1.9435E-09 1.9504E-09 1.9563E-09 1.9610E-09 1.9653E-09 1.9689E-09 1.9709E-09 1.9718E-09
9.3038E-10 9.5578E-10 9.8159E-10 1.0077E-09 1.0335E-09 1.0600E-09 1.0864E-09 1.1132E-09 1.1399E-09 1.1669E-09 1.1938E-09 1.2205E-09 1.2478E-09 1.2746E-09 1.3017E-09 1.3285E-09 1.3553E-09 1.3821E-09 1.4084E-09 1.4351E-09 1.4610E-09 1.4869E-09 1.5127E-09 1.5381E-09 1.5628E-09 1.5877E-09 1.6122E-09 1.6360E-09 1.6592E-09 1.6823E-09 1.7047E-09 1.7266E-09 1.7482E-09 1.7687E-09 1.7886E-09 1.8085E-09 1.8271E-09 1.8449E-09 1.8622E-09 1.8789E-09 1.8947E-09 1.9098E-09 1.9240E-09 1.9371E-09 1.9497E-09 1.9613E-09 1.9718E-09 1.9822E-09 1.9909E-09 1.9989E-09 2.0057E-09 2.0128E-09 2.0178E-09 2.0217E-09 2.0247E-09 2.0280E-09 2.0295E-09
9.5446E-10 9.8075E-10 1.0073E-09 1.0339E-09 1.0608E-09 1.0880E-09 1.1154E-09 1.1425E-09 1.1702E-09 1.1978E-09 1.2256E-09 1.2533E-09 1.2808E-09 1.3090E-09 1.3364E-09 1.3645E-09 1.3918E-09 1.4190E-09 1.4467E-09 1.4738E-09 1.5007E-09 1.5274E-09 1.5538E-09 1.5798E-09 1.6058E-09 1.6312E-09 1.6562E-09 1.6808E-09 1.7049E-09 1.7285E-09 1.7516E-09 1.7744E-09 1.7961E-09 1.8175E-09 1.8385E-09 1.8583E-09 1.8777E-09 1.8963E-09 1.9140E-09 1.9314E-09 1.9477E-09 1.9630E-09 1.9777E-09 1.9915E-09 2.0042E-09 2.0167E-09 2.0276E-09 2.0378E-09 2.0472E-09 2.0560E-09 2.0631E-09 2.0692E-09 2.0748E-09 2.0797E-09 2.0833E-09 2.0855E-09 2.0871E-09
9.7900E-10 1.0061E-09 1.0332E-09 1.0607E-09 1.0883E-09 1.1163E-09 1.1441E-09 1.1724E-09 1.2007E-09 1.2292E-09 1.2577E-09 1.2860E-09 1.3149E-09 1.3432E-09 1.3721E-09 1.4004E-09 1.4287E-09 1.4571E-09 1.4852E-09 1.5133E-09 1.5408E-09 1.5682E-09 1.5956E-09 1.6227E-09 1.6492E-09 1.6752E-09 1.7011E-09 1.7264E-09 1.7513E-09 1.7759E-09 1.7994E-09 1.8227E-09 1.8456E-09 1.8673E-09 1.8887E-09 1.9094E-09 1.9291E-09 1.9486E-09 1.9671E-09 1.9845E-09 2.0013E-09 2.0171E-09 2.0322E-09 2.0469E-09 2.0601E-09 2.0725E-09 2.0842E-09 2.0952E-09 2.1046E-09 2.1129E-09 2.1207E-09 2.1278E-09 2.1336E-09 2.1379E-09 2.1420E-09 2.1452E-09 2.1465E-09
1.0039E-09 1.0315E-09 1.0595E-09 1.0877E-09 1.1162E-09 1.1446E-09 1.1736E-09 1.2025E-09 1.2319E-09 1.2609E-09 1.2899E-09 1.3197E-09 1.3488E-09 1.3786E-09 1.4076E-09 1.4369E-09 1.4663E-09 1.4953E-09 1.5244E-09 1.5531E-09 1.5816E-09 1.6099E-09 1.6381E-09 1.6657E-09 1.6930E-09 1.7200E-09 1.7465E-09 1.7725E-09 1.7983E-09 1.8232E-09 1.8479E-09 1.8719E-09 1.8950E-09 1.9176E-09 1.9397E-09 1.9610E-09 1.9816E-09 2.0014E-09 2.0204E-09 2.0384E-09 2.0558E-09 2.0725E-09 2.0881E-09 2.1028E-09 2.1168E-09 2.1302E-09 2.1418E-09 2.1524E-09 2.1628E-09 2.1719E-09 2.1801E-09 2.1867E-09 2.1934E-09 2.1985E-09 2.2019E-09 2.2052E-09 2.2070E-09
1.0288E-09 1.0573E-09 1.0860E-09 1.1151E-09 1.1440E-09 1.1738E-09 1.2031E-09 1.2333E-09 1.2629E-09 1.2931E-09 1.3232E-09 1.3531E-09 1.3837E-09 1.4136E-09 1.4442E-09 1.4741E-09 1.5041E-09 1.5342E-09 1.5639E-09 1.5934E-09 1.6230E-09 1.6521E-09 1.6808E-09 1.7095E-09 1.7376E-09 1.7651E-09 1.7929E-09 1.8195E-09 1.8458E-09 1.8719E-09 1.8969E-09 1.9215E-09 1.9456E-09 1.9687E-09 1.9916E-09 2.0136E-09 2.0345E-09 2.0550E-09 2.0746E-09 2.0931E-09 2.1115E-09 2.1285E-09 2.1444E-09 2.1600E-09 2.1745E-09 2.1875E-09 2.2003E-09 2.2118E-09 2.2223E-09 2.2317E-09 2.2404E-09 2.2478E-09 2.2536E-09 2.2592E-09 2.2633E-09 2.2664E-09 2.2679E-09
1.0542E-09 1.0833E-09 1.1129E-09 1.1424E-09 1.1727E-09 1.2027E-09 1.2335E-09 1.2638E-09 1.2947E-09 1.3255E-09 1.3562E-09 1.3876E-09 1.4184E-09 1.4498E-09 1.4806E-09 1.5117E-09 1.5426E-09 1.5733E-09 1.6041E-09 1.6345E-09 1.6649E-09 1.6945E-09 1.7244E-09 1.7536E-09 1.7826E-09 1.8113E-09 1.8392E-09 1.8668E-09 1.8941E-09 1.9205E-09 1.9465E-09 1.9719E-09 1.9966E-09 2.0209E-09 2.0440E-09 2.0667E-09 2.0885E-09 2.1093E-09 2.1300E-09 2.1491E-09 2.1675E-09 2.1856E-09 2.2024E-09 2.2179E-09 2.2328E-09 2.2470E-09 2.2600E-09 2.2718E-09 2.2830E-09 2.2928E-09 2.3010E-09 2.3090E-09 2.3156E-09 2.3210E-09 2.3253E-09 2.3289E-09 2.3311E-09
1.0796E-09 1.1097E-09 1.1397E-09 1.1706E-09 1.2011E-09 1.2325E-09 1.2635E-09 1.2950E-09 1.3266E-09 1.3582E-09 1.3902E-09 1.4218E-09 1.4541E-09 1.4859E-09 1.5178E-09 1.5496E-09 1.5813E-09 1.6131E-09 1.6447E-09 1.6760E-09 1.7070E-09 1.7377E-09 1.7682E-09 1.7983E-09 1.8283E-09 1.8574E-09 1.8865E-09 1.9149E-09 1.9428E-09 1.9702E-09 1.9967E-09 2.0231E-09 2.0485E-09 2.0731E-09 2.0971E-09 2.1204E-09 2.1431E-09 2.1648E-09 2.1856E-09 2.2058E-09 2.2253E-09 2.2432E-09 2.2606E-09 2.2773E-09 2.2927E-09 2.3066E-09 2.3203E-09 2.3331E-09 2.3439E-09 2.3544E-09 2.3634E-09 2.3714E-09 2.3781E-09 2.3843E-09 2.3888E-09 2.3921E-09 2.3943E-09
1.1054E-09 1.1359E-09 1.1673E-09 1.1984E-09 1.2303E-09 1.2619E-09 1.2944E-09 1.3264E-09 1.3587E-09 1.3914E-09 1.4238E-09 1.4569E-09 1.4897E-09 1.5226E-09 1.5551E-09 1.5878E-09 1.6206E-09 1.6533E-09 1.6856E-09 1.7177E-09 1.7496E-09 1.7812E-09 1.8127E-09 1.8437E-09 1.8743E-09 1.9047E-09 1.9342E-09 1.9634E-09 1.9921E-09 2.0202E-09 2.0477E-09 2.0746E-09 2.1009E-09 2.1263E-09 2.1508E-09 2.1753E-09 2.1985E-09 2.2206E-09 2.2425E-09 2.2633E-09 2.2827E-09 2.3019E-09 2.3198E-09 2.3368E-09 2.3530E-09 2.3679E-09 2.3817E-09 2.3948E-09 2.4065E-09 2.4171E-09 2.4264E-09 2.4351E-09 2.4422E-09 2.4481E-09 2.4527E-09 2.4563E-09 2.4588E-09
1.1310E-09 1.1629E-09 1.1945E-09 1.2270E-09 1.2592E-09 1.2923E-09 1.3249E-09 1.3582E-09 1.3914E-09 1.4245E-09 1.4584E-09 1.4920E-09 1.5258E-09 1.5592E-09 1.5931E-09 1.6266E-09 1.6603E-09 1.6936E-09 1.7268E-09 1.7600E-09 1.7926E-09 1.8255E-09 1.8575E-09 1.8893E-09 1.9210E-09 1.9518E-09 1.9823E-09 2.0124E-09 2.0421E-09 2.0711E-09 2.0991E-09 2.1268E-09 2.1538E-09 2.1802E-09 2.2057E-09 2.2304E-09 2.2547E-09 2.2780E-09 2.2998E-09 2.3215E-09 2.3420E-09 2.3615E-09 2.3803E-09 2.3978E-09 2.4143E-09 2.4297E-09 2.4444E-09 2.4576E-09 2.4692E-09 2.4810E-09 2.4908E-09 2.4993E-09 2.5066E-09 2.5128E-09 2.5179E-09 2.5216E-09 2.5241E-09
1.1574E-09 1.1895E-09 1.2226E-09 1.2553E-09 1.2889E-09 1.3222E-09 1.3561E-09 1.3900E-09 1.4239E-09 1.4586E-09 1.4929E-09 1.5276E-09 1.5618E-09 1.5966E-09 1.6311E-09 1.6658E-09 1.7001E-09 1.7346E-09 1.7687E-09 1.8026E-09 1.8365E-09 1.8696E-09 1.9029E-09 1.9356E-09 1.9679E-09 1.9998E-09 2.0309E-09 2.0621E-09 2.0924E-09 2.1219E-09 2.1510E-09 2.1795E-09 2.2077E-09 2.2347E-09 2.2607E-09 2.2866E-09 2.3114E-09 2.3348E-09 2.3581E-09 2.3802E-09 2.4013E-09 2.4217E-09 2.4409E-09 2.4590E-09 2.4763E-09 2.4923E-09 2.5071E-09 2.5211E-09 2.5336E-09 2.5450E-09 2.5554E-09 2.5644E-09 2.5721E-09 2.5786E-09 2.5837E-09 2.5882E-09 2.5908E-09
1.1834E-09 1.2169E-09 1.2502E-09 1.2843E-09 1.3182E-09 1.3527E-09 1.3873E-09 1.4218E-09 1.4573E-09 1.4924E-09 1.5279E-09 1.5630E-09 1.5986E-09 1.6340E-09 1.6696E-09 1.7050E-09 1.7405E-09 1.7757E-09 1.8107E-09 1.8457E-09 1.8800E-09 1.9145E-09 1.9485E-09 1.9821E-09 2.0153E-09 2.0478E-09 2.0803E-09 2.1120E-09 2.1432E-09 2.1738E-09 2.2035E-09 2.2332E-09 2.2617E-09 2.2897E-09 2.3167E-09 2.3431E-09 2.3689E-09 2.3935E-09 2.4173E-09 2.4403E-09 2.4621E-09 2.4829E-09 2.5026E-09 2.5217E-09 2.5393E-09 2.5557E-09 2.5714E-09 2.5856E-09 2.5985E-09 2.6106E-09 2.6212E-09 2.6304E-09 2.6384E-09 2.6452E-09 2.6511E-09 2.6552E-09 2.6575E-09
1.2102E-09 1.2439E-09 1.2781E-09 1.3129E-09 1.3476E-09 1.3832E-09 1.4185E-09 1.4546E-09 1.4904E-09 1.5267E-09 1.5626E-09 1.5993E-09 1.6353E-09 1.6719E-09 1.7083E-09 1.7448E-09 1.7810E-09 1.8170E-09 1.8532E-09 1.8887E-09 1.9246E-09 1.9596E-09 1.9944E-09 2.0289E-09 2.0630E-09 2.0969E-09 2.1298E-09 2.1624E-09 2.1944E-09 2.2256E-09 2.2568E-09 2.2869E-09 2.3167E-09 2.3455E-09 2.3731E-09 2.4005E-09 2.4267E-09 2.4521E-09 2.4768E-09 2.5003E-09 2.5233E-09 2.5451E-09 2.5655E-09 2.5847E-09 2.6033E-09 2.6203E-09 2.6361E-09 2.6511E-09 2.6646E-09 2.6767E-09 2.6876E-09 2.6968E-09 2.7057E-09 2.7131E-09 2.7183E-09 2.7226E-09 2.7253E-09
1.2364E-09 1.2711E-09 1.3064E-09 1.3416E-09 1.3779E-09 1.4137E-09 1.4505E-09 1.4870E-09 1.5240E-09 1.5607E-09 1.5982E-09 1.6351E-09 1.6726E-09 1.7098E-09 1.7473E-09 1.7845E-09 1.8217E-09 1.8589E-09 1.8955E-09 1.9327E-09 1.9688E-09 2.0049E-09 2.0407E-09 2.0764E-09 2.1114E-09 2.1456E-09 2.1797E-09 2.2132E-09 2.2465E-09 2.2788E-09 2.3102E-09 2.3416E-09 2.3720E-09 2.4011E-09 2.4302E-09 2.4581E-09 2.4859E-09 2.5121E-09 2.5373E-09 2.5614E-09 2.5850E-09 2.6071E-09 2.6281E-09 2.6484E-09 2.6672E-09 2.6847E-09 2.7015E-09 2.7167E-09 2.7309E-09 2.7431E-09 2.7550E-09 2.7650E-09 2.7737E-09 2.7809E-09 2.7867E-09 2.7911E-09 2.7939E-09
1.2627E-09 1.2987E-09 1.3344E-09 1.3712E-09 1.4076E-09 1.4449E-09 1.4819E-09 1.5198E-09 1.5572E-09 1.5955E-09 1.6333E-09 1.6716E-09 1.7098E-09 1.7482E-09 1.7864E-09 1.8248E-09 1.8629E-09 1.9008E-09 1.9389E-09 1.9762E-09 2.0135E-09 2.0506E-09 2.0875E-09 2.1239E-09 2.1595E-09 2.1950E-09 2.2299E-09 2.2648E-09 2.2986E-09 2.3315E-09 2.3644E-09 2.3964E-09 2.4279E-09 2.4584E-09 2.4880E-09 2.5170E-09 2.5449E-09 2.5718E-09 2.5977E-09 2.6230E-09 2.6474E-09 2.6706E-09 2.6923E-09 2.7124E-09 2.7326E-09 2.7508E-09 2.7677E-09 2.7833E-09 2.7978E-09 2.8112E-09 2.8230E-09 2.8330E-09 2.8424E-09 2.8498E-09 2.8558E-09 2.8603E-09 2.8633E-09
1.2897E-09 1.3259E-09 1.3632E-09 1.4001E-09 1.4380E-09 1.4756E-09 1.5142E-09 1.5523E-09 1.5913E-09 1.6299E-09 1.6690E-09 1.7080E-09 1.7474E-09 1.7865E-09 1.8259E-09 1.8650E-09 1.9040E-09 1.9432E-09 1.9817E-09 2.0202E-09 2.0585E-09 2.0967E-09 2.1344E-09 2.1714E-09 2.2085E-09 2.2446E-09 2.2809E-09 2.3162E-09 2.3514E-09 2.3852E-09 2.4188E-09 2.4519E-09 2.4840E-09 2.5153E-09 2.5461E-09 2.5757E-09 2.6048E-09 2.6329E-09 2.6596E-09 2.6853E-09 2.7103E-09 2.7339E-09 2.7562E-09 2.7778E-09 2.7978E-09 2.8169E-09 2.8340E-09 2.8507E-09 2.8660E-09 2.8792E-09 2.8914E-09 2.9024E-09 2.9117E-09 2.9194E-09 2.9256E-09 2.9298E-09 2.9332E-09
