Assets/Resources/2015_m01_d29_0700(utc+0800)_l00_csi_1hr_conc.grd
DSAA
         159         159
     -79.000      79.000
     -79.000      79.000
  0.0000E+00  0.8263E-04
[rows 100 to 124 of 159, columns 57 to 113 of 159]
2.4030E-10 2.6074E-10 2.8291E-10 3.2805E-10 3.5074E-10 3.7487E-10 4.0973E-10 4.4881E-10 4.8179E-10 5.1713E-10 5.7449E-10 6.4531E-10 7.8541E-10 8.7232E-10 1.1917E-09 1.3663E-09 1.5702E-09 1.8057E-09 2.0752E-09 2.3809E-09 2.7239E-09 3.1038E-09 3.5208E-09 3.9718E-09 4.4526E-09 4.9574E-09 5.4788E-09 6.0072E-09 6.5340E-09 7.0472E-09 7.5353E-09 7.9867E-09 8.3894E-09 8.7351E-09 9.0142E-09 9.2204E-09 9.3484E-09 9.3979E-09 9.3688E-09 9.2643E-09 9.0905E-09 8.8587E-09 8.5729E-09 8.2429E-09 7.8777E-09 7.5003E-09 7.1030E-09 6.6866E-09 6.2730E-09 5.8680E-09 5.4759E-09 5.1023E-09 4.7490E-09 4.4176E-09 4.1078E-09 3.8177E-09 3.5406E-09
2.2028E-10 2.3350E-10 2.5367E-10 3.0088E-10 3.2171E-10 3.4386E-10 3.6665E-10 4.0587E-10 4.4063E-10 4.7296E-10 5.0755E-10 5.6588E-10 6.4427E-10 7.8005E-10 1.0459E-09 1.1943E-09 1.3654E-09 1.5633E-09 1.7894E-09 2.0452E-09 2.3317E-09 2.6491E-09 2.9965E-09 3.3710E-09 3.7708E-09 4.1903E-09 4.6235E-09 5.0631E-09 5.5000E-09 5.9268E-09 6.3331E-09 6.7094E-09 7.0466E-09 7.3357E-09 7.5713E-09 7.7471E-09 7.8596E-09 7.9063E-09 7.8894E-09 7.8105E-09 7.6754E-09 7.4929E-09 7.2663E-09 7.0029E-09 6.7104E-09 6.4077E-09 6.0904E-09 5.7514E-09 5.4122E-09 5.0797E-09 4.7576E-09 4.4488E-09 4.1550E-09 3.8790E-09 3.6185E-09 3.3702E-09 3.1365E-09
1.9586E-10 2.1301E-10 2.3149E-10 2.5158E-10 2.9384E-10 3.1413E-10 3.3569E-10 3.6171E-10 3.9715E-10 4.3155E-10 4.6310E-10 4.9681E-10 5.5558E-10 6.4799E-10 7.7024E-10 1.0406E-09 1.1847E-09 1.3501E-09 1.5376E-09 1.7503E-09 1.9879E-09 2.2507E-09 2.5380E-09 2.8479E-09 3.1770E-09 3.5230E-09 3.8801E-09 4.2426E-09 4.6035E-09 4.9557E-09 5.2907E-09 5.6022E-09 5.8822E-09 6.1239E-09 6.3208E-09 6.4702E-09 6.5682E-09 6.6135E-09 6.6064E-09 6.5481E-09 6.4448E-09 6.3050E-09 6.1284E-09 5.9204E-09 5.6890E-09 5.4505E-09 5.2009E-09 4.9273E-09 4.6532E-09 4.3830E-09 4.1193E-09 3.8664E-09 3.6253E-09 3.3960E-09 3.1786E-09 2.9677E-09 2.6158E-09
1.7823E-10 1.8866E-10 2.0548E-10 2.2364E-10 2.6778E-10 2.8633E-10 3.0603E-10 3.2694E-10 3.5839E-10 3.9360E-10 4.2154E-10 4.5220E-10 4.8489E-10 5.4349E-10 6.3555E-10 7.5573E-10 1.0251E-09 1.1625E-09 1.3186E-09 1.4942E-09 1.6894E-09 1.9056E-09 2.1414E-09 2.3957E-09 2.6660E-09 2.9493E-09 3.2409E-09 3.5376E-09 3.8333E-09 4.1220E-09 4.3975E-09 4.6530E-09 4.8841E-09 5.0845E-09 5.2497E-09 5.3761E-09 5.4606E-09 5.5035E-09 5.5042E-09 5.4642E-09 5.3861E-09 5.2809E-09 5.1457E-09 4.9854E-09 4.8042E-09 4.6182E-09 4.4267E-09 4.2086E-09 3.9881E-09 3.7705E-09 3.5579E-09 3.3512E-09 3.1543E-09 2.9652E-09 2.7824E-09 2.4502E-09 2.3113E-09
1.5718E-10 1.7135E-10 1.8670E-10 1.9773E-10 2.1552E-10 2.6040E-10 2.7837E-10 2.9744E-10 3.1763E-10 3.5301E-10 3.8357E-10 4.1136E-10 4.4023E-10 4.9058E-10 5.2956E-10 6.2004E-10 7.3646E-10 9.9939E-10 1.1280E-09 1.2724E-09 1.4330E-09 1.6090E-09 1.8016E-09 2.0089E-09 2.2290E-09 2.4596E-09 2.6974E-09 2.9380E-09 3.1787E-09 3.4139E-09 3.6387E-09 3.8484E-09 4.0380E-09 4.2027E-09 4.3402E-09 4.4469E-09 4.5209E-09 4.5603E-09 4.5670E-09 4.5410E-09 4.4848E-09 4.4068E-09 4.3054E-09 4.1835E-09 4.0450E-09 3.9011E-09 3.7559E-09 3.5851E-09 3.4095E-09 3.2359E-09 3.0654E-09 2.8985E-09 2.7388E-09 2.5827E-09 2.2729E-09 2.1606E-09 2.0383E-09
1.3928E-10 1.5050E-10 1.6432E-10 1.7930E-10 1.9548E-10 2.1315E-10 2.5262E-10 2.6997E-10 2.8834E-10 3.0778E-10 3.4284E-10 3.7271E-10 3.9950E-10 4.2800E-10 4.7645E-10 5.1377E-10 6.0147E-10 7.1259E-10 9.6392E-10 1.0821E-09 1.2131E-09 1.3570E-09 1.5135E-09 1.6808E-09 1.8591E-09 2.0457E-09 2.2381E-09 2.4334E-09 2.6282E-09 2.8180E-09 3.0006E-09 3.1713E-09 3.3263E-09 3.4624E-09 3.5757E-09 3.6656E-09 3.7297E-09 3.7671E-09 3.7780E-09 3.7622E-09 3.7229E-09 3.6679E-09 3.5935E-09 3.5018E-09 3.3972E-09 3.2886E-09 3.1796E-09 3.0479E-09 2.9107E-09 2.7723E-09 2.6366E-09 2.5039E-09 2.3736E-09 2.0927E-09 1.9961E-09 1.8956E-09 1.7979E-09
1.2587E-10 1.3289E-10 1.4371E-10 1.5715E-10 1.7174E-10 1.8752E-10 2.0477E-10 2.4446E-10 2.6114E-10 2.7878E-10 3.0202E-10 3.3198E-10 3.6103E-10 3.8672E-10 4.1400E-10 4.6155E-10 4.9618E-10 5.6742E-10 6.7645E-10 7.4990E-10 1.0263E-09 1.1430E-09 1.2696E-09 1.4053E-09 1.5483E-09 1.6986E-09 1.8536E-09 2.0109E-09 2.1679E-09 2.3217E-09 2.4685E-09 2.6069E-09 2.7332E-09 2.8448E-09 2.9392E-09 3.0148E-09 3.0695E-09 3.1041E-09 3.1178E-09 3.1112E-09 3.0845E-09 3.0464E-09 2.9934E-09 2.9270E-09 2.8484E-09 2.7670E-09 2.6888E-09 2.5879E-09 2.4811E-09 2.3722E-09 2.2650E-09 2.1595E-09 1.9076E-09 1.8309E-09 1.7492E-09 1.6639E-09 1.5639E-09
1.1063E-10 1.1984E-10 1.2644E-10 1.3684E-10 1.4987E-10 1.6404E-10 1.7938E-10 2.2083E-10 2.3593E-10 2.5190E-10 2.6877E-10 2.9127E-10 3.2546E-10 3.4856E-10 3.7307E-10 3.9903E-10 4.2645E-10 4.7772E-10 5.4418E-10 6.1053E-10 7.1225E-10 9.6268E-10 1.0648E-09 1.1740E-09 1.2896E-09 1.4103E-09 1.5339E-09 1.6601E-09 1.7862E-09 1.9099E-09 2.0288E-09 2.1408E-09 2.2426E-09 2.3339E-09 2.4121E-09 2.4756E-09 2.5235E-09 2.5544E-09 2.5698E-09 2.5689E-09 2.5532E-09 2.5275E-09 2.4910E-09 2.4437E-09 2.3863E-09 2.3262E-09 2.2711E-09 2.1958E-09 2.1134E-09 2.0295E-09 1.7818E-09 1.7256E-09 1.6638E-09 1.5995E-09 1.5284E-09 1.4254E-09 1.3433E-09
9.6637E-11 1.0494E-10 1.1378E-10 1.1995E-10 1.2993E-10 1.4252E-10 1.5624E-10 1.7111E-10 2.1263E-10 2.2705E-10 2.4229E-10 2.5835E-10 2.8441E-10 3.1339E-10 3.3536E-10 3.5861E-10 3.8316E-10 4.0902E-10 4.5699E-10 5.1300E-10 5.5943E-10 6.2642E-10 7.2857E-10 9.8140E-10 1.0741E-09 1.1707E-09 1.2702E-09 1.3712E-09 1.4714E-09 1.5701E-09 1.6657E-09 1.7560E-09 1.8386E-09 1.9122E-09 1.9763E-09 2.0296E-09 2.0708E-09 2.0991E-09 2.1136E-09 2.1164E-09 2.1084E-09 2.0952E-09 2.0726E-09 2.0400E-09 1.9990E-09 1.9553E-09 1.9174E-09 1.8625E-09 1.6285E-09 1.5893E-09 1.5458E-09 1.4988E-09 1.4490E-09 1.3616E-09 1.3021E-09 1.2295E-09 1.1887E-09
8.3882E-11 9.1312E-11 9.9244E-11 1.0770E-10 1.1670E-10 1.2807E-10 1.3513E-10 1.4837E-10 1.6274E-10 2.0414E-10 2.1786E-10 2.3233E-10 2.4755E-10 2.7275E-10 3.0070E-10 3.2147E-10 3.4340E-10 3.6648E-10 3.9073E-10 4.3500E-10 4.7210E-10 5.2946E-10 5.8870E-10 6.7043E-10 7.3083E-10 9.7188E-10 1.0513E-09 1.1319E-09 1.2126E-09 1.2911E-09 1.3673E-09 1.4400E-09 1.5071E-09 1.5679E-09 1.6191E-09 1.6637E-09 1.6987E-09 1.7232E-09 1.7383E-09 1.7437E-09 1.7413E-09 1.7347E-09 1.7210E-09 1.7017E-09 1.6738E-09 1.6410E-09 1.4475E-09 1.4309E-09 1.4027E-09 1.3722E-09 1.3387E-09 1.3000E-09 1.2128E-09 1.1457E-09 1.1161E-09 1.0843E-09 1.0484E-09
7.2341E-11 7.8936E-11 8.6009E-11 9.3564E-11 1.0162E-10 1.1021E-10 1.2115E-10 1.2772E-10 1.4046E-10 1.5429E-10 1.9539E-10 2.0839E-10 2.2207E-10 2.3643E-10 2.6065E-10 2.8744E-10 3.0697E-10 3.2752E-10 3.4910E-10 3.7168E-10 3.9525E-10 4.3970E-10 4.7600E-10 5.3210E-10 5.8846E-10 6.2827E-10 7.1760E-10 7.6494E-10 9.9965E-10 1.0630E-09 1.1224E-09 1.1806E-09 1.2343E-09 1.2837E-09 1.3263E-09 1.3629E-09 1.3932E-09 1.4157E-09 1.4303E-09 1.4387E-09 1.4389E-09 1.4362E-09 1.4293E-09 1.2428E-09 1.2435E-09 1.2366E-09 1.2384E-09 1.2285E-09 1.2067E-09 1.1825E-09 1.0673E-09 1.0489E-09 1.0281E-09 1.0055E-09 9.7882E-10 9.5180E-10 9.1754E-10
5.6711E-11 6.5053E-11 7.4034E-11 8.0746E-11 8.7920E-11 9.5576E-11 1.0051E-10 1.1423E-10 1.2033E-10 1.3254E-10 1.4581E-10 1.8643E-10 1.9868E-10 2.1155E-10 2.2503E-10 2.4385E-10 2.6882E-10 2.9195E-10 3.1110E-10 3.3113E-10 3.5202E-10 3.7375E-10 3.9626E-10 4.4617E-10 4.7290E-10 5.2582E-10 5.6507E-10 6.1256E-10 6.4739E-10 7.2984E-10 7.6568E-10 8.0359E-10 8.3946E-10 1.0530E-09 1.0878E-09 1.1175E-09 1.1430E-09 1.1626E-09 1.1759E-09 1.0165E-09 1.0276E-09 1.0389E-09 1.0467E-09 1.0530E-09 1.0565E-09 1.0545E-09 1.0585E-09 1.0392E-09 9.5368E-10 9.4383E-10 9.3119E-10 9.1692E-10 8.9787E-10 8.7878E-10 8.5273E-10 8.2959E-10 8.0530E-10
4.2350E-11 4.7655E-11 5.8297E-11 6.3966E-11 7.2338E-11 7.9026E-11 8.6186E-11 9.3837E-11 1.0202E-10 1.1269E-10 1.2436E-10 1.3704E-10 1.7698E-10 1.8848E-10 2.0053E-10 2.1313E-10 2.3088E-10 2.5454E-10 2.7622E-10 2.9394E-10 3.1242E-10 3.3162E-10 3.5151E-10 3.7204E-10 3.9201E-10 4.3935E-10 4.6460E-10 4.9715E-10 5.4000E-10 5.7341E-10 6.0080E-10 6.4228E-10 6.7023E-10 7.3495E-10 7.6296E-10 7.8517E-10 8.0780E-10 8.2762E-10 8.4377E-10 8.5680E-10 8.6699E-10 8.7750E-10 8.8469E-10 8.5234E-10 8.4464E-10 8.3304E-10 8.2518E-10 8.3134E-10 8.2632E-10 8.1829E-10 8.0862E-10 7.9420E-10 7.7901E-10 7.6354E-10 7.4482E-10 7.2553E-10 7.0482E-10
2.8639E-11 3.5456E-11 4.3786E-11 4.9095E-11 5.6486E-11 6.3787E-11 7.3353E-11 8.0098E-11 8.7312E-11 9.5030E-11 1.0518E-10 1.1629E-10 1.2837E-10 1.6745E-10 1.7819E-10 1.8942E-10 2.0112E-10 2.1329E-10 2.4005E-10 2.6023E-10 2.7653E-10 2.9346E-10 3.0981E-10 3.2790E-10 3.4649E-10 3.6552E-10 3.8491E-10 4.1152E-10 4.5001E-10 4.7662E-10 4.9931E-10 5.2065E-10 5.4244E-10 5.8207E-10 6.0176E-10 6.2146E-10 6.3931E-10 6.5603E-10 6.6924E-10 6.6500E-10 6.7612E-10 6.8605E-10 6.9316E-10 6.8257E-10 6.9207E-10 6.9851E-10 7.1213E-10 7.1943E-10 7.1478E-10 7.0821E-10 6.9987E-10 6.9055E-10 6.7779E-10 6.6421E-10 6.4528E-10 6.2938E-10 6.1206E-10
1.7024E-11 2.4313E-11 2.6890E-11 3.3662E-11 3.8485E-11 4.7182E-11 5.2256E-11 6.4636E-11 7.0875E-11 7.9780E-11 8.7030E-11 9.7840E-11 1.0837E-10 1.1984E-10 1.5787E-10 1.6786E-10 1.7826E-10 1.8908E-10 2.0030E-10 2.2129E-10 2.3798E-10 2.5781E-10 2.7322E-10 2.8910E-10 3.0542E-10 3.2212E-10 3.3912E-10 3.5636E-10 3.7376E-10 3.9535E-10 4.1330E-10 4.3113E-10 4.5253E-10 4.6994E-10 4.8549E-10 5.0179E-10 5.1582E-10 5.3036E-10 5.4326E-10 5.5435E-10 5.6540E-10 5.7455E-10 5.8273E-10 5.8820E-10 5.9694E-10 6.0333E-10 6.1361E-10 6.2255E-10 6.1942E-10 6.1385E-10 6.0655E-10 5.9783E-10 5.8729E-10 5.7612E-10 5.6382E-10 5.4886E-10 5.3245E-10
6.6885E-12 9.5828E-12 1.5369E-11 2.1389E-11 2.6694E-11 3.4890E-11 3.6471E-11 4.6609E-11 5.2973E-11 6.0764E-11 7.1574E-11 7.8292E-11 8.9507E-11 9.9455E-11 1.1028E-10 1.4712E-10 1.5634E-10 1.6594E-10 1.7589E-10 1.8618E-10 2.0141E-10 2.2215E-10 2.4026E-10 2.5418E-10 2.6847E-10 2.8308E-10 2.9796E-10 3.1304E-10 3.2703E-10 3.4230E-10 3.5753E-10 3.7264E-10 3.9180E-10 4.0667E-10 4.1986E-10 4.3312E-10 4.4633E-10 4.5876E-10 4.7082E-10 4.7988E-10 4.8940E-10 4.9719E-10 5.0428E-10 5.0812E-10 5.1308E-10 5.1842E-10 5.2711E-10 5.3813E-10 5.3574E-10 5.3098E-10 5.2601E-10 5.1954E-10 5.1032E-10 4.9862E-10 4.8324E-10 4.7190E-10 4.5803E-10
0.0000E+00 0.0000E+00 0.0000E+00 2.7284E-12 1.2410E-11 1.9622E-11 2.3597E-11 3.1415E-11 3.7580E-11 4.2093E-11 5.2333E-11 5.9162E-11 6.7391E-11 7.3946E-11 8.9849E-11 9.4351E-11 1.1339E-10 1.4609E-10 1.5489E-10 1.6398E-10 1.7336E-10 1.8300E-10 2.0224E-10 2.1805E-10 2.3532E-10 2.4808E-10 2.5982E-10 2.7298E-10 2.8625E-10 2.9956E-10 3.1283E-10 3.2598E-10 3.3893E-10 3.5160E-10 3.6264E-10 3.7448E-10 3.8817E-10 3.9890E-10 4.0759E-10 4.1576E-10 4.2396E-10 4.3116E-10 4.3601E-10 4.4104E-10 4.4360E-10 4.4541E-10 4.5357E-10 4.6494E-10 4.6209E-10 4.5928E-10 4.5050E-10 4.4360E-10 4.3687E-10 4.2782E-10 4.1544E-10 4.0588E-10 3.9539E-10
0.0000E+00 0.0000E+00 0.0000E+00 0.0000E+00 0.0000E+00 0.0000E+00 5.4480E-12 1.2958E-11 2.0402E-11 2.5840E-11 3.2580E-11 4.2566E-11 4.7525E-11 5.8354E-11 6.4376E-11 7.2695E-11 8.5324E-11 9.5369E-11 1.3234E-10 1.4186E-10 1.5008E-10 1.6073E-10 1.6943E-10 1.7831E-10 2.0005E-10 2.1067E-10 2.2683E-10 2.3829E-10 2.4983E-10 2.6140E-10 2.7293E-10 2.8436E-10 2.9432E-10 3.0534E-10 3.1602E-10 3.2629E-10 3.3607E-10 3.4399E-10 3.5258E-10 3.6045E-10 3.6752E-10 3.7243E-10 3.7776E-10 3.8212E-10 3.8546E-10 3.8277E-10 3.8711E-10 3.9713E-10 3.9467E-10 3.9246E-10 3.8369E-10 3.7941E-10 3.7408E-10 3.6774E-10 3.5823E-10 3.4968E-10 3.4080E-10
0.0000E+00 0.0000E+00 0.0000E+00 0.0000E+00 0.0000E+00 0.0000E+00 0.0000E+00 0.0000E+00 5.3536E-12 8.6420E-12 1.2173E-11 2.1171E-11 2.6765E-11 3.6046E-11 4.5206E-11 5.0517E-11 6.2849E-11 7.4914E-11 8.4220E-11 1.1933E-10 1.2648E-10 1.3606E-10 1.4365E-10 1.5140E-10 1.5930E-10 1.6730E-10 1.8947E-10 1.9894E-10 2.1527E-10 2.2400E-10 2.3400E-10 2.4391E-10 2.5367E-10 2.6320E-10 2.7246E-10 2.8004E-10 2.8698E-10 2.9500E-10 3.0247E-10 3.0931E-10 3.1415E-10 3.1961E-10 3.2427E-10 3.2811E-10 3.2973E-10 3.2819E-10 3.2944E-10 3.3590E-10 3.3598E-10 3.3425E-10 3.2878E-10 3.2524E-10 3.2080E-10 3.1550E-10 3.0711E-10 2.9999E-10 2.9251E-10
0.0000E+00 0.0000E+00 0.0000E+00 0.0000E+00 0.0000E+00 0.0000E+00 0.0000E+00 0.0000E+00 0.0000E+00 0.0000E+00 0.0000E+00 5.4450E-12 8.7842E-12 1.5530E-11 2.1879E-11 3.1580E-11 3.6185E-11 4.9570E-11 5.7091E-11 6.5370E-11 7.4415E-11 1.1163E-10 1.2046E-10 1.2868E-10 1.3556E-10 1.4255E-10 1.4961E-10 1.5670E-10 1.7771E-10 1.8599E-10 1.9423E-10 2.0643E-10 2.1487E-10 2.2312E-10 2.3114E-10 2.3885E-10 2.4621E-10 2.5315E-10 2.5679E-10 2.6276E-10 2.6816E-10 2.7152E-10 2.7564E-10 2.7904E-10 2.8170E-10 2.8135E-10 2.8250E-10 2.8721E-10 2.8728E-10 2.8589E-10 2.8338E-10 2.7816E-10 2.7447E-10 2.7005E-10 2.6493E-10 2.5612E-10 2.4974E-10
0.0000E+00 0.0000E+00 0.0000E+00 0.0000E+00 0.0000E+00 0.0000E+00 0.0000E+00 0.0000E+00 0.0000E+00 0.0000E+00 0.0000E+00 0.0000E+00 0.0000E+00 2.9234E-12 8.4407E-12 1.1876E-11 1.5566E-11 2.7573E-11 3.4945E-11 4.3072E-11 5.0334E-11 5.8335E-11 9.9776E-11 1.0561E-10 1.1156E-10 1.1761E-10 1.2372E-10 1.2989E-10 1.3607E-10 1.4224E-10 1.5778E-10 1.6884E-10 1.7581E-10 1.8262E-10 1.9447E-10 2.0114E-10 2.0751E-10 2.1353E-10 2.1915E-10 2.2431E-10 2.2898E-10 2.3312E-10 2.3667E-10 2.3963E-10 2.4194E-10 2.4359E-10 2.4232E-10 2.4308E-10 2.4483E-10 2.4372E-10 2.4105E-10 2.3632E-10 2.3329E-10 2.2965E-10 2.2540E-10 2.1163E-10 2.0677E-10
0.0000E+00 0.0000E+00 0.0000E+00 0.0000E+00 0.0000E+00 0.0000E+00 0.0000E+00 0.0000E+00 0.0000E+00 0.0000E+00 0.0000E+00 0.0000E+00 0.0000E+00 0.0000E+00 0.0000E+00 0.0000E+00 0.0000E+00 2.9911E-12 1.1692E-11 1.5313E-11 3.1192E-11 3.9044E-11 4.8364E-11 5.6102E-11 9.5386E-11 1.0062E-10 1.0592E-10 1.1126E-10 1.1662E-10 1.2197E-10 1.2728E-10 1.3252E-10 1.3767E-10 1.5621E-10 1.6191E-10 1.6741E-10 1.7266E-10 1.7762E-10 1.8226E-10 1.8653E-10 1.9574E-10 1.9930E-10 2.0238E-10 2.0493E-10 2.0695E-10 2.0840E-10 2.0696E-10 2.0730E-10 2.0742E-10 2.0656E-10 1.9948E-10 1.9528E-10 1.9298E-10 1.9017E-10 1.8399E-10 1.8032E-10 1.7330E-10
0.0000E+00 0.0000E+00 0.0000E+00 0.0000E+00 0.0000E+00 0.0000E+00 0.0000E+00 0.0000E+00 0.0000E+00 0.0000E+00 0.0000E+00 0.0000E+00 0.0000E+00 0.0000E+00 0.0000E+00 0.0000E+00 0.0000E+00 0.0000E+00 0.0000E+00 0.0000E+00 0.0000E+00 2.9667E-12 1.8258E-11 3.7168E-11 4.3871E-11 5.1235E-11 9.0087E-11 9.4697E-11 9.9324E-11 1.0395E-10 1.0854E-10 1.1308E-10 1.1753E-10 1.2420E-10 1.2841E-10 1.3014E-10 1.3399E-10 1.4663E-10 1.5529E-10 1.5897E-10 1.6232E-10 1.6529E-10 1.6787E-10 1.7002E-10 1.7174E-10 1.7301E-10 1.7144E-10 1.7181E-10 1.7170E-10 1.7112E-10 1.6718E-10 1.6573E-10 1.6087E-10 1.5862E-10 1.4800E-10 1.4522E-10 1.4210E-10
0.0000E+00 0.0000E+00 0.0000E+00 0.0000E+00 0.0000E+00 0.0000E+00 0.0000E+00 0.0000E+00 0.0000E+00 0.0000E+00 0.0000E+00 0.0000E+00 0.0000E+00 0.0000E+00 0.0000E+00 0.0000E+00 0.0000E+00 0.0000E+00 0.0000E+00 0.0000E+00 0.0000E+00 0.0000E+00 0.0000E+00 0.0000E+00 0.0000E+00 6.0299E-12 2.3864E-11 4.6093E-11 8.3985E-11 8.7963E-11 9.1918E-11 9.5829E-11 9.9672E-11 1.0579E-10 1.0943E-10 1.1293E-10 1.1390E-10 1.1705E-10 1.2000E-10 1.2271E-10 1.2517E-10 1.2736E-10 1.3363E-10 1.3534E-10 1.3382E-10 1.3951E-10 1.4027E-10 1.3770E-10 1.3776E-10 1.3435E-10 1.2910E-10 1.2815E-10 1.2372E-10 1.2217E-10 1.2031E-10 1.1055E-10 1.0832E-10
0.0000E+00 0.0000E+00 0.0000E+00 0.0000E+00 0.0000E+00 0.0000E+00 0.0000E+00 0.0000E+00 0.0000E+00 0.0000E+00 0.0000E+00 0.0000E+00 0.0000E+00 0.0000E+00 0.0000E+00 0.0000E+00 0.0000E+00 0.0000E+00 0.0000E+00 0.0000E+00 0.0000E+00 0.0000E+00 0.0000E+00 0.0000E+00 0.0000E+00 0.0000E+00 0.0000E+00 0.0000E+00 0.0000E+00 1.8052E-11 2.7321E-11 6.8283E-11 7.1418E-11 7.7790E-11 8.4024E-11 8.7011E-11 8.9874E-11 9.2592E-11 9.5145E-11 9.7514E-11 9.9681E-11 1.0163E-10 1.0334E-10 1.0481E-10 1.0601E-10 1.0380E-10 1.0449E-10 1.0491E-10 1.0503E-10 1.0166E-10 1.0127E-10 1.0061E-10 9.9680E-11 9.5739E-11 9.4355E-11 9.2731E-11 9.0880E-11
