Assets/Resources/2015_m01_d06_1800(utc+0800)_l00_csi_1hr_conc.grd
DSAA
         159         159
     -79.000      79.000
     -79.000      79.000
  0.0000E+00  0.4092E-05
[rows 0 to 24 of 159, columns 57 to 113 of 159]
1.0528E-09 1.1458E-09 1.2482E-09 1.3606E-09 1.4808E-09 1.6047E-09 1.7375E-09 1.8776E-09 2.0430E-09 2.2311E-09 2.4286E-09 2.6259E-09 2.8184E-09 2.9987E-09 3.1641E-09 3.3132E-09 3.4444E-09 3.5571E-09 3.6524E-09 3.7322E-09 3.7960E-09 3.8453E-09 3.8811E-09 3.9043E-09 3.9158E-09 3.9161E-09 3.9059E-09 3.8855E-09 3.8561E-09 3.8172E-09 3.7694E-09 3.7137E-09 3.6498E-09 3.5790E-09 3.5016E-09 3.4184E-09 3.3293E-09 3.2354E-09 3.1366E-09 3.0338E-09 2.9273E-09 2.8179E-09 2.7064E-09 2.5949E-09 2.4821E-09 2.3691E-09 2.2563E-09 2.1431E-09 2.0310E-09 1.9217E-09 1.8149E-09 1.7116E-09 1.6116E-09 1.5151E-09 1.4217E-09 1.3311E-09 1.2443E-09
1.1014E-09 1.2006E-09 1.3081E-09 1.4269E-09 1.5547E-09 1.6858E-09 1.8252E-09 1.9704E-09 2.1343E-09 2.3303E-09 2.5358E-09 2.7436E-09 2.9461E-09 3.1387E-09 3.3155E-09 3.4747E-09 3.6141E-09 3.7345E-09 3.8364E-09 3.9208E-09 3.9896E-09 4.0423E-09 4.0806E-09 4.1055E-09 4.1177E-09 4.1181E-09 4.1077E-09 4.0861E-09 4.0543E-09 4.0127E-09 3.9623E-09 3.9027E-09 3.8349E-09 3.7593E-09 3.6769E-09 3.5877E-09 3.4927E-09 3.3923E-09 3.2873E-09 3.1787E-09 3.0665E-09 2.9513E-09 2.8339E-09 2.7142E-09 2.5935E-09 2.4738E-09 2.3544E-09 2.2357E-09 2.1185E-09 2.0022E-09 1.8886E-09 1.7789E-09 1.6731E-09 1.5717E-09 1.4736E-09 1.3790E-09 1.2876E-09
1.1510E-09 1.2547E-09 1.3701E-09 1.4941E-09 1.6281E-09 1.7661E-09 1.9124E-09 2.0639E-09 2.2291E-09 2.4251E-09 2.6402E-09 2.8591E-09 3.0728E-09 3.2760E-09 3.4633E-09 3.6327E-09 3.7819E-09 3.9105E-09 4.0194E-09 4.1097E-09 4.1824E-09 4.2387E-09 4.2796E-09 4.3063E-09 4.3195E-09 4.3207E-09 4.3093E-09 4.2864E-09 4.2528E-09 4.2089E-09 4.1552E-09 4.0920E-09 4.0205E-09 3.9405E-09 3.8528E-09 3.7583E-09 3.6580E-09 3.5512E-09 3.4402E-09 3.3241E-09 3.2048E-09 3.0828E-09 2.9590E-09 2.8334E-09 2.7070E-09 2.5791E-09 2.4519E-09 2.3267E-09 2.2034E-09 2.0821E-09 1.9629E-09 1.8466E-09 1.7354E-09 1.6284E-09 1.5256E-09 1.4263E-09 1.3310E-09
1.2008E-09 1.3115E-09 1.4316E-09 1.5616E-09 1.7036E-09 1.8488E-09 2.0020E-09 2.1596E-09 2.3290E-09 2.5243E-09 2.7464E-09 2.9741E-09 3.2000E-09 3.4146E-09 3.6134E-09 3.7931E-09 3.9519E-09 4.0894E-09 4.2060E-09 4.3027E-09 4.3814E-09 4.4428E-09 4.4871E-09 4.5160E-09 4.5307E-09 4.5328E-09 4.5212E-09 4.4975E-09 4.4620E-09 4.4152E-09 4.3579E-09 4.2907E-09 4.2143E-09 4.1294E-09 4.0365E-09 3.9365E-09 3.8295E-09 3.7170E-09 3.5987E-09 3.4763E-09 3.3494E-09 3.2196E-09 3.0877E-09 2.9545E-09 2.8211E-09 2.6875E-09 2.5543E-09 2.4212E-09 2.2901E-09 2.1619E-09 2.0366E-09 1.9152E-09 1.7973E-09 1.6845E-09 1.5771E-09 1.4732E-09 1.3735E-09
1.2505E-09 1.3670E-09 1.4948E-09 1.6326E-09 1.7798E-09 1.9309E-09 2.0923E-09 2.2582E-09 2.4318E-09 2.6249E-09 2.8520E-09 3.0889E-09 3.3246E-09 3.5509E-09 3.7617E-09 3.9539E-09 4.1238E-09 4.2711E-09 4.3963E-09 4.5003E-09 4.5850E-09 4.6507E-09 4.6990E-09 4.7309E-09 4.7474E-09 4.7493E-09 4.7375E-09 4.7126E-09 4.6756E-09 4.6267E-09 4.5666E-09 4.4958E-09 4.4150E-09 4.3255E-09 4.2267E-09 4.1197E-09 4.0060E-09 3.8861E-09 3.7607E-09 3.6305E-09 3.4965E-09 3.3597E-09 3.2206E-09 3.0796E-09 2.9375E-09 2.7965E-09 2.6563E-09 2.5176E-09 2.3802E-09 2.2439E-09 2.1117E-09 1.9827E-09 1.8586E-09 1.7405E-09 1.6272E-09 1.5194E-09 1.4157E-09
1.3002E-09 1.4249E-09 1.5581E-09 1.7009E-09 1.8542E-09 2.0179E-09 2.1816E-09 2.3535E-09 2.5352E-09 2.7285E-09 2.9536E-09 3.1987E-09 3.4457E-09 3.6835E-09 3.9063E-09 4.1095E-09 4.2904E-09 4.4480E-09 4.5826E-09 4.6947E-09 4.7864E-09 4.8576E-09 4.9101E-09 4.9451E-09 4.9639E-09 4.9672E-09 4.9558E-09 4.9304E-09 4.8916E-09 4.8402E-09 4.7767E-09 4.7019E-09 4.6171E-09 4.5217E-09 4.4171E-09 4.3041E-09 4.1836E-09 4.0564E-09 3.9233E-09 3.7851E-09 3.6436E-09 3.4989E-09 3.3520E-09 3.2039E-09 3.0552E-09 2.9055E-09 2.7563E-09 2.6099E-09 2.4658E-09 2.3246E-09 2.1855E-09 2.0499E-09 1.9203E-09 1.7954E-09 1.6771E-09 1.5639E-09 1.4562E-09
1.3519E-09 1.4812E-09 1.6164E-09 1.7693E-09 1.9335E-09 2.1029E-09 2.2752E-09 2.4546E-09 2.6425E-09 2.8402E-09 3.0618E-09 3.3142E-09 3.5698E-09 3.8192E-09 4.0547E-09 4.2706E-09 4.4639E-09 4.6330E-09 4.7778E-09 4.8990E-09 4.9979E-09 5.0756E-09 5.1334E-09 5.1724E-09 5.1938E-09 5.1986E-09 5.1874E-09 5.1613E-09 5.1208E-09 5.0667E-09 4.9997E-09 4.9214E-09 4.8309E-09 4.7298E-09 4.6190E-09 4.4995E-09 4.3720E-09 4.2373E-09 4.0965E-09 3.9505E-09 3.8004E-09 3.6463E-09 3.4898E-09 3.3325E-09 3.1745E-09 3.0170E-09 2.8608E-09 2.7055E-09 2.5524E-09 2.4026E-09 2.2581E-09 2.1175E-09 1.9806E-09 1.8504E-09 1.7261E-09 1.6080E-09 1.4953E-09
1.4010E-09 1.5374E-09 1.6837E-09 1.8363E-09 2.0111E-09 2.1839E-09 2.3663E-09 2.5533E-09 2.7493E-09 2.9528E-09 3.1727E-09 3.4250E-09 3.6894E-09 3.9496E-09 4.1971E-09 4.4256E-09 4.6315E-09 4.8126E-09 4.9686E-09 5.0997E-09 5.2070E-09 5.2917E-09 5.3552E-09 5.3986E-09 5.4232E-09 5.4298E-09 5.4194E-09 5.3929E-09 5.3510E-09 5.2945E-09 5.2243E-09 5.1413E-09 5.0461E-09 4.9396E-09 4.8226E-09 4.6961E-09 4.5611E-09 4.4186E-09 4.2690E-09 4.1137E-09 3.9541E-09 3.7913E-09 3.6265E-09 3.4598E-09 3.2927E-09 3.1271E-09 2.9628E-09 2.8007E-09 2.6412E-09 2.4842E-09 2.3314E-09 2.1832E-09 2.0408E-09 1.9035E-09 1.7738E-09 1.6507E-09 1.5331E-09
1.4533E-09 1.5965E-09 1.7452E-09 1.9058E-09 2.0874E-09 2.2674E-09 2.4585E-09 2.6528E-09 2.8552E-09 3.0656E-09 3.2866E-09 3.5350E-09 3.8069E-09 4.0770E-09 4.3362E-09 4.5775E-09 4.7961E-09 4.9896E-09 5.1570E-09 5.2984E-09 5.4147E-09 5.5071E-09 5.5769E-09 5.6252E-09 5.6533E-09 5.6622E-09 5.6529E-09 5.6265E-09 5.5837E-09 5.5253E-09 5.4520E-09 5.3649E-09 5.2646E-09 5.1522E-09 5.0283E-09 4.8937E-09 4.7500E-09 4.5984E-09 4.4401E-09 4.2762E-09 4.1079E-09 3.9362E-09 3.7623E-09 3.5872E-09 3.4120E-09 3.2369E-09 3.0632E-09 2.8924E-09 2.7257E-09 2.5628E-09 2.4033E-09 2.2486E-09 2.0993E-09 1.9565E-09 1.8197E-09 1.6909E-09 1.5699E-09
1.5021E-09 1.6508E-09 1.8099E-09 1.9733E-09 2.1612E-09 2.3522E-09 2.5496E-09 2.7515E-09 2.9612E-09 3.1786E-09 3.4038E-09 3.6476E-09 3.9233E-09 4.2021E-09 4.4721E-09 4.7256E-09 4.9570E-09 5.1630E-09 5.3423E-09 5.4947E-09 5.6207E-09 5.7215E-09 5.7981E-09 5.8522E-09 5.8846E-09 5.8966E-09 5.8890E-09 5.8628E-09 5.8190E-09 5.7584E-09 5.6818E-09 5.5894E-09 5.4830E-09 5.3636E-09 5.2324E-09 5.0905E-09 4.9391E-09 4.7793E-09 4.6125E-09 4.4398E-09 4.2625E-09 4.0817E-09 3.8986E-09 3.7145E-09 3.5303E-09 3.3471E-09 3.1655E-09 2.9863E-09 2.8105E-09 2.6389E-09 2.4727E-09 2.3118E-09 2.1561E-09 2.0071E-09 1.8650E-09 1.7302E-09 1.6032E-09
1.5493E-09 1.7069E-09 1.8703E-09 2.0422E-09 2.2282E-09 2.4331E-09 2.6379E-09 2.8472E-09 3.0642E-09 3.2885E-09 3.5198E-09 3.7626E-09 4.0349E-09 4.3208E-09 4.6003E-09 4.8651E-09 5.1088E-09 5.3274E-09 5.5188E-09 5.6826E-09 5.8196E-09 5.9305E-09 6.0151E-09 6.0753E-09 6.1123E-09 6.1275E-09 6.1217E-09 6.0952E-09 6.0496E-09 5.9859E-09 5.9053E-09 5.8083E-09 5.6965E-09 5.5707E-09 5.4326E-09 5.2836E-09 5.1245E-09 4.9566E-09 4.7813E-09 4.5998E-09 4.4135E-09 4.2237E-09 4.0316E-09 3.8384E-09 3.6452E-09 3.4533E-09 3.2634E-09 3.0767E-09 2.8933E-09 2.7142E-09 2.5404E-09 2.3725E-09 2.2111E-09 2.0557E-09 1.9081E-09 1.7681E-09 1.6357E-09
1.5967E-09 1.7593E-09 1.9298E-09 2.1100E-09 2.2962E-09 2.5109E-09 2.7270E-09 2.9441E-09 3.1687E-09 3.4003E-09 3.6382E-09 3.8834E-09 4.1489E-09 4.4405E-09 4.7285E-09 5.0039E-09 5.2616E-09 5.4930E-09 5.6972E-09 5.8730E-09 6.0202E-09 6.1396E-09 6.2321E-09 6.2985E-09 6.3397E-09 6.3574E-09 6.3526E-09 6.3266E-09 6.2803E-09 6.2148E-09 6.1311E-09 6.0304E-09 5.9139E-09 5.7828E-09 5.6383E-09 5.4817E-09 5.3142E-09 5.1371E-09 4.9522E-09 4.7616E-09 4.5659E-09 4.3667E-09 4.1651E-09 3.9626E-09 3.7602E-09 3.5592E-09 3.3604E-09 3.1644E-09 2.9730E-09 2.7869E-09 2.6060E-09 2.4313E-09 2.2632E-09 2.1023E-09 1.9486E-09 1.8035E-09 1.6663E-09
1.6406E-09 1.8104E-09 1.9879E-09 2.1758E-09 2.3702E-09 2.5840E-09 2.8142E-09 3.0393E-09 3.2716E-09 3.5106E-09 3.7554E-09 4.0053E-09 4.2681E-09 4.5605E-09 4.8557E-09 5.1408E-09 5.4081E-09 5.6517E-09 5.8684E-09 6.0559E-09 6.2139E-09 6.3434E-09 6.4442E-09 6.5172E-09 6.5639E-09 6.5856E-09 6.5834E-09 6.5583E-09 6.5114E-09 6.4438E-09 6.3569E-09 6.2516E-09 6.1299E-09 5.9928E-09 5.8415E-09 5.6775E-09 5.5023E-09 5.3172E-09 5.1240E-09 4.9237E-09 4.7177E-09 4.5081E-09 4.2970E-09 4.0849E-09 3.8732E-09 3.6631E-09 3.4556E-09 3.2518E-09 3.0521E-09 2.8570E-09 2.6685E-09 2.4870E-09 2.3128E-09 2.1457E-09 1.9868E-09 1.8358E-09 1.6946E-09
1.6827E-09 1.8586E-09 2.0436E-09 2.2377E-09 2.4402E-09 2.6504E-09 2.8935E-09 3.1302E-09 3.3703E-09 3.6167E-09 3.8686E-09 4.1268E-09 4.3893E-09 4.6748E-09 4.9753E-09 5.2683E-09 5.5472E-09 5.8018E-09 6.0297E-09 6.2287E-09 6.3975E-09 6.5361E-09 6.6452E-09 6.7255E-09 6.7780E-09 6.8041E-09 6.8047E-09 6.7811E-09 6.7344E-09 6.6658E-09 6.5767E-09 6.4682E-09 6.3418E-09 6.1988E-09 6.0405E-09 5.8683E-09 5.6842E-09 5.4907E-09 5.2885E-09 5.0793E-09 4.8646E-09 4.6462E-09 4.4247E-09 4.2021E-09 3.9811E-09 3.7618E-09 3.5456E-09 3.3333E-09 3.1261E-09 2.9245E-09 2.7287E-09 2.5398E-09 2.3587E-09 2.1862E-09 2.0216E-09 1.8658E-09 1.7188E-09
1.7219E-09 1.9031E-09 2.0948E-09 2.2977E-09 2.5087E-09 2.7277E-09 2.9657E-09 3.2206E-09 3.4691E-09 3.7253E-09 3.9849E-09 4.2483E-09 4.5146E-09 4.7951E-09 5.0982E-09 5.3974E-09 5.6831E-09 5.9482E-09 6.1877E-09 6.3983E-09 6.5783E-09 6.7281E-09 6.8469E-09 6.9353E-09 6.9943E-09 7.0250E-09 7.0286E-09 7.0063E-09 6.9593E-09 6.8890E-09 6.7972E-09 6.6849E-09 6.5536E-09 6.4047E-09 6.2398E-09 6.0607E-09 5.8691E-09 5.6664E-09 5.4540E-09 5.2343E-09 5.0099E-09 4.7816E-09 4.5510E-09 4.3196E-09 4.0883E-09 3.8587E-09 3.6333E-09 3.4117E-09 3.1957E-09 2.9866E-09 2.7845E-09 2.5894E-09 2.4020E-09 2.2226E-09 2.0533E-09 1.8926E-09 1.7412E-09
1.7569E-09 1.9441E-09 2.1442E-09 2.3549E-09 2.5738E-09 2.8015E-09 3.0369E-09 3.3101E-09 3.5669E-09 3.8295E-09 4.0986E-09 4.3694E-09 4.6417E-09 4.9194E-09 5.2182E-09 5.5224E-09 5.8178E-09 6.0925E-09 6.3428E-09 6.5647E-09 6.7560E-09 6.9156E-09 7.0433E-09 7.1396E-09 7.2052E-09 7.2411E-09 7.2484E-09 7.2283E-09 7.1821E-09 7.1112E-09 7.0169E-09 6.9009E-09 6.7642E-09 6.6085E-09 6.4358E-09 6.2490E-09 6.0490E-09 5.8376E-09 5.6167E-09 5.3881E-09 5.1532E-09 4.9139E-09 4.6730E-09 4.4318E-09 4.1915E-09 3.9534E-09 3.7182E-09 3.4877E-09 3.2634E-09 3.0448E-09 2.8351E-09 2.6340E-09 2.4411E-09 2.2567E-09 2.0810E-09 1.9157E-09 1.7602E-09
1.7894E-09 1.9836E-09 2.1900E-09 2.4064E-09 2.6351E-09 2.8734E-09 3.1182E-09 3.3738E-09 3.6615E-09 3.9329E-09 4.2084E-09 4.4867E-09 4.7661E-09 5.0486E-09 5.3414E-09 5.6494E-09 5.9488E-09 6.2317E-09 6.4917E-09 6.7242E-09 6.9263E-09 7.0962E-09 7.2334E-09 7.3379E-09 7.4104E-09 7.4516E-09 7.4626E-09 7.4447E-09 7.3991E-09 7.3272E-09 7.2306E-09 7.1108E-09 6.9695E-09 6.8086E-09 6.6298E-09 6.4351E-09 6.2256E-09 6.0041E-09 5.7736E-09 5.5353E-09 5.2909E-09 5.0425E-09 4.7913E-09 4.5391E-09 4.2883E-09 4.0401E-09 3.7966E-09 3.5583E-09 3.3254E-09 3.1005E-09 2.8826E-09 2.6737E-09 2.4754E-09 2.2861E-09 2.1060E-09 1.9354E-09 1.7756E-09
1.8192E-09 2.0186E-09 2.2322E-09 2.4566E-09 2.6945E-09 2.9396E-09 3.1938E-09 3.4568E-09 3.7444E-09 4.0310E-09 4.3172E-09 4.6038E-09 4.8910E-09 5.1767E-09 5.4667E-09 5.7739E-09 6.0780E-09 6.3677E-09 6.6364E-09 6.8786E-09 7.0909E-09 7.2708E-09 7.4173E-09 7.5302E-09 7.6096E-09 7.6563E-09 7.6713E-09 7.6557E-09 7.6108E-09 7.5382E-09 7.4394E-09 7.3160E-09 7.1699E-09 7.0030E-09 6.8173E-09 6.6148E-09 6.3977E-09 6.1680E-09 5.9275E-09 5.6781E-09 5.4232E-09 5.1647E-09 4.9039E-09 4.6428E-09 4.3823E-09 4.1243E-09 3.8705E-09 3.6222E-09 3.3826E-09 3.1499E-09 2.9255E-09 2.7106E-09 2.5045E-09 2.3103E-09 2.1262E-09 1.9516E-09 1.7873E-09
1.8438E-09 2.0505E-09 2.2714E-09 2.5032E-09 2.7458E-09 3.0012E-09 3.2676E-09 3.5391E-09 3.8191E-09 4.1240E-09 4.4247E-09 4.7208E-09 5.0170E-09 5.3112E-09 5.6021E-09 5.9056E-09 6.2134E-09 6.5089E-09 6.7851E-09 7.0362E-09 7.2580E-09 7.4476E-09 7.6032E-09 7.7243E-09 7.8108E-09 7.8631E-09 7.8821E-09 7.8689E-09 7.8248E-09 7.7514E-09 7.6503E-09 7.5233E-09 7.3722E-09 7.1991E-09 7.0062E-09 6.7957E-09 6.5697E-09 6.3305E-09 6.0806E-09 5.8220E-09 5.5568E-09 5.2865E-09 5.0148E-09 4.7434E-09 4.4737E-09 4.2072E-09 3.9443E-09 3.6876E-09 3.4376E-09 3.1973E-09 2.9664E-09 2.7446E-09 2.5338E-09 2.3323E-09 2.1424E-09 1.9635E-09 1.7957E-09
1.8684E-09 2.0812E-09 2.3051E-09 2.5428E-09 2.7962E-09 3.0578E-09 3.3350E-09 3.6168E-09 3.9048E-09 4.2057E-09 4.5173E-09 4.8291E-09 5.1340E-09 5.4363E-09 5.7335E-09 6.0323E-09 6.3423E-09 6.6421E-09 6.9245E-09 7.1832E-09 7.4134E-09 7.6117E-09 7.7759E-09 7.9048E-09 7.9981E-09 8.0559E-09 8.0789E-09 8.0682E-09 8.0251E-09 7.9510E-09 7.8478E-09 7.7172E-09 7.5613E-09 7.3823E-09 7.1824E-09 6.9639E-09 6.7292E-09 6.4809E-09 6.2212E-09 5.9527E-09 5.6776E-09 5.3983E-09 5.1164E-09 4.8336E-09 4.5531E-09 4.2771E-09 4.0067E-09 3.7423E-09 3.4851E-09 3.2365E-09 2.9979E-09 2.7711E-09 2.5542E-09 2.3491E-09 2.1543E-09 1.9714E-09 1.7998E-09
1.8899E-09 2.1046E-09 2.3372E-09 2.5815E-09 2.8381E-09 3.1093E-09 3.3977E-09 3.6889E-09 3.9876E-09 4.2917E-09 4.6117E-09 4.9321E-09 5.2537E-09 5.5647E-09 5.8705E-09 6.1710E-09 6.4789E-09 6.7824E-09 7.0699E-09 7.3351E-09 7.5729E-09 7.7793E-09 7.9514E-09 8.0878E-09 8.1878E-09 8.2508E-09 8.2774E-09 8.2691E-09 8.2267E-09 8.1518E-09 8.0463E-09 7.9119E-09 7.7510E-09 7.5656E-09 7.3584E-09 7.1316E-09 6.8879E-09 6.6300E-09 6.3603E-09 6.0815E-09 5.7960E-09 5.5062E-09 5.2145E-09 4.9229E-09 4.6325E-09 4.3458E-09 4.0653E-09 3.7931E-09 3.5289E-09 3.2732E-09 3.0278E-09 2.7926E-09 2.5700E-09 2.3594E-09 2.1618E-09 1.9751E-09 1.8006E-09
1.9055E-09 2.1286E-09 2.3631E-09 2.6134E-09 2.8778E-09 3.1579E-09 3.4509E-09 3.7503E-09 4.0583E-09 4.3723E-09 4.6939E-09 5.0222E-09 5.3477E-09 5.6751E-09 5.9923E-09 6.2986E-09 6.6033E-09 6.9131E-09 7.2045E-09 7.4750E-09 7.7191E-09 7.9324E-09 8.1116E-09 8.2547E-09 8.3605E-09 8.4285E-09 8.4591E-09 8.4531E-09 8.4115E-09 8.3359E-09 8.2282E-09 8.0893E-09 7.9223E-09 7.7299E-09 7.5158E-09 7.2814E-09 7.0294E-09 6.7625E-09 6.4834E-09 6.1949E-09 5.8996E-09 5.6000E-09 5.2986E-09 4.9975E-09 4.6990E-09 4.4043E-09 4.1148E-09 3.8334E-09 3.5618E-09 3.3006E-09 3.0491E-09 2.8093E-09 2.5807E-09 2.3655E-09 2.1628E-09 1.9740E-09 1.7967E-09
1.9209E-09 2.1442E-09 2.3859E-09 2.6408E-09 2.9101E-09 3.1972E-09 3.5024E-09 3.8115E-09 4.1294E-09 4.4541E-09 4.7832E-09 5.1181E-09 5.4533E-09 5.7924E-09 6.1233E-09 6.4362E-09 6.7470E-09 7.0537E-09 7.3485E-09 7.6233E-09 7.8727E-09 8.0920E-09 8.2775E-09 8.4266E-09 8.5377E-09 8.6102E-09 8.6440E-09 8.6397E-09 8.5985E-09 8.5218E-09 8.4114E-09 8.2695E-09 8.0983E-09 7.9005E-09 7.6786E-09 7.4342E-09 7.1713E-09 6.8945E-09 6.6055E-09 6.3067E-09 6.0011E-09 5.6912E-09 5.3795E-09 5.0686E-09 4.7605E-09 4.4573E-09 4.1605E-09 3.8707E-09 3.5906E-09 3.3205E-09 3.0637E-09 2.8188E-09 2.5865E-09 2.3665E-09 2.1602E-09 1.9671E-09 1.7885E-09
1.9287E-09 2.1585E-09 2.4024E-09 2.6621E-09 2.9370E-09 3.2312E-09 3.5449E-09 3.8620E-09 4.1887E-09 4.5231E-09 4.8624E-09 5.2036E-09 5.5527E-09 5.8937E-09 6.2331E-09 6.5582E-09 6.8761E-09 7.1876E-09 7.4840E-09 7.7643E-09 8.0189E-09 8.2434E-09 8.4339E-09 8.5877E-09 8.7029E-09 8.7784E-09 8.8142E-09 8.8104E-09 8.7681E-09 8.6887E-09 8.5745E-09 8.4277E-09 8.2518E-09 8.0480E-09 7.8193E-09 7.5685E-09 7.2986E-09 7.0123E-09 6.7120E-09 6.4024E-09 6.0871E-09 5.7676E-09 5.4466E-09 5.1265E-09 4.8096E-09 4.4980E-09 4.1935E-09 3.8978E-09 3.6109E-09 3.3354E-09 3.0714E-09 2.8216E-09 2.5851E-09 2.3624E-09 2.1525E-09 1.9568E-09 1.7747E-09
1.9360E-09 2.1664E-09 2.4140E-09 2.6785E-09 2.9588E-09 3.2642E-09 3.5809E-09 3.9060E-09 4.2415E-09 4.5850E-09 4.9389E-09 5.2910E-09 5.6426E-09 5.9989E-09 6.3475E-09 6.6872E-09 7.0048E-09 7.3224E-09 7.6227E-09 7.9040E-09 8.1609E-09 8.3886E-09 8.5830E-09 8.7408E-09 8.8598E-09 8.9385E-09 8.9768E-09 8.9745E-09 8.9327E-09 8.8527E-09 8.7363E-09 8.5850E-09 8.4017E-09 8.1886E-09 7.9505E-09 7.6911E-09 7.4125E-09 7.1176E-09 6.8095E-09 6.4911E-09 6.1642E-09 5.8339E-09 5.5037E-09 5.1747E-09 4.8494E-09 4.5298E-09 4.2179E-09 3.9153E-09 3.6234E-09 3.3422E-09 3.0739E-09 2.8184E-09 2.5780E-09 2.3518E-09 2.1402E-09 1.9421E-09 1.7582E-09
