Assets/Resources/2015_m01_d17_1500(utc+0800)_l00_csi_1hr_conc.grd
DSAA
         159         159
     -79.000      79.000
     -79.000      79.000
  0.0000E+00  0.4903E-05
[rows 50 to 74 of 159, columns 0 to 56 of 159]
5.0199E-09 5.5507E-09 6.1320E-09 6.7643E-09 7.4513E-09 8.1911E-09 8.9860E-09 9.8390E-09 1.0743E-08 1.1705E-08 1.2710E-08 1.3760E-08 1.4852E-08 1.5971E-08 1.7115E-08 1.8274E-08 1.9437E-08 2.0600E-08 2.1747E-08 2.2867E-08 2.3951E-08 2.4979E-08 2.5945E-08 2.6838E-08 2.7649E-08 2.8368E-08 2.8986E-08 2.9495E-08 2.9885E-08 3.0152E-08 3.0293E-08 3.0306E-08 3.0188E-08 2.9942E-08 2.9571E-08 2.9073E-08 2.8448E-08 2.7706E-08 2.6858E-08 2.5912E-08 2.4878E-08 2.3768E-08 2.2600E-08 2.1387E-08 2.0139E-08 1.8875E-08 1.7606E-08 1.6344E-08 1.5104E-08 1.3886E-08 1.2703E-08 1.1571E-08 1.0497E-08 9.4778E-09 8.5252E-09 7.6367E-09 6.8144E-09
4.9662E-09 5.4963E-09 6.0786E-09 6.7112E-09 7.4010E-09 8.1446E-09 8.9432E-09 9.8049E-09 1.0717E-08 1.1691E-08 1.2708E-08 1.3772E-08 1.4879E-08 1.6015E-08 1.7180E-08 1.8360E-08 1.9545E-08 2.0736E-08 2.1907E-08 2.3060E-08 2.4173E-08 2.5238E-08 2.6239E-08 2.7169E-08 2.8013E-08 2.8764E-08 2.9416E-08 2.9951E-08 3.0370E-08 3.0657E-08 3.0818E-08 3.0841E-08 3.0735E-08 3.0496E-08 3.0129E-08 2.9630E-08 2.9006E-08 2.8265E-08 2.7412E-08 2.6458E-08 2.5416E-08 2.4299E-08 2.3119E-08 2.1888E-08 2.0620E-08 1.9339E-08 1.8050E-08 1.6767E-08 1.5498E-08 1.4250E-08 1.3031E-08 1.1859E-08 1.0741E-08 9.6821E-09 8.6848E-09 7.7565E-09 6.8948E-09
4.8954E-09 5.4220E-09 6.0022E-09 6.6320E-09 7.3209E-09 8.0650E-09 8.8632E-09 9.7288E-09 1.0645E-08 1.1624E-08 1.2648E-08 1.3720E-08 1.4839E-08 1.5986E-08 1.7167E-08 1.8363E-08 1.9568E-08 2.0779E-08 2.1975E-08 2.3154E-08 2.4296E-08 2.5394E-08 2.6433E-08 2.7398E-08 2.8278E-08 2.9067E-08 2.9750E-08 3.0320E-08 3.0765E-08 3.1083E-08 3.1262E-08 3.1305E-08 3.1213E-08 3.0987E-08 3.0624E-08 3.0132E-08 2.9517E-08 2.8779E-08 2.7928E-08 2.6976E-08 2.5936E-08 2.4814E-08 2.3626E-08 2.2389E-08 2.1124E-08 1.9837E-08 1.8536E-08 1.7237E-08 1.5949E-08 1.4678E-08 1.3434E-08 1.2231E-08 1.1075E-08 9.9785E-09 8.9387E-09 7.9714E-09 7.0658E-09
4.8076E-09 5.3283E-09 5.9034E-09 6.5264E-09 7.2121E-09 7.9510E-09 8.7453E-09 9.6106E-09 1.0525E-08 1.1505E-08 1.2530E-08 1.3604E-08 1.4729E-08 1.5883E-08 1.7074E-08 1.8280E-08 1.9499E-08 2.0726E-08 2.1943E-08 2.3142E-08 2.4310E-08 2.5437E-08 2.6510E-08 2.7510E-08 2.8427E-08 2.9250E-08 2.9966E-08 3.0568E-08 3.1045E-08 3.1390E-08 3.1594E-08 3.1660E-08 3.1588E-08 3.1376E-08 3.1030E-08 3.0555E-08 2.9955E-08 2.9229E-08 2.8394E-08 2.7457E-08 2.6423E-08 2.5310E-08 2.4134E-08 2.2908E-08 2.1645E-08 2.0352E-08 1.9051E-08 1.7745E-08 1.6447E-08 1.5155E-08 1.3889E-08 1.2651E-08 1.1463E-08 1.0322E-08 9.2373E-09 8.2242E-09 7.2733E-09
4.7038E-09 5.2166E-09 5.7824E-09 6.3963E-09 7.0741E-09 7.8037E-09 8.5910E-09 9.4495E-09 1.0356E-08 1.1332E-08 1.2352E-08 1.3424E-08 1.4548E-08 1.5703E-08 1.6897E-08 1.8110E-08 1.9335E-08 2.0576E-08 2.1806E-08 2.3023E-08 2.4213E-08 2.5362E-08 2.6463E-08 2.7494E-08 2.8446E-08 2.9300E-08 3.0049E-08 3.0683E-08 3.1189E-08 3.1562E-08 3.1793E-08 3.1886E-08 3.1832E-08 3.1645E-08 3.1321E-08 3.0870E-08 3.0288E-08 2.9593E-08 2.8785E-08 2.7868E-08 2.6860E-08 2.5775E-08 2.4623E-08 2.3417E-08 2.2170E-08 2.0898E-08 1.9613E-08 1.8315E-08 1.7016E-08 1.5718E-08 1.4437E-08 1.3176E-08 1.1960E-08 1.0782E-08 9.6616E-09 8.5966E-09 7.6036E-09
4.5852E-09 5.0873E-09 5.6410E-09 6.2426E-09 6.9083E-09 7.6245E-09 8.4002E-09 9.2466E-09 1.0141E-08 1.1107E-08 1.2116E-08 1.3179E-08 1.4296E-08 1.5446E-08 1.6637E-08 1.7849E-08 1.9075E-08 2.0325E-08 2.1559E-08 2.2795E-08 2.3996E-08 2.5166E-08 2.6289E-08 2.7346E-08 2.8324E-08 2.9211E-08 2.9988E-08 3.0649E-08 3.1185E-08 3.1584E-08 3.1846E-08 3.1965E-08 3.1939E-08 3.1778E-08 3.1487E-08 3.1063E-08 3.0517E-08 2.9858E-08 2.9085E-08 2.8205E-08 2.7241E-08 2.6192E-08 2.5078E-08 2.3909E-08 2.2702E-08 2.1466E-08 2.0202E-08 1.8924E-08 1.7636E-08 1.6349E-08 1.5064E-08 1.3793E-08 1.2551E-08 1.1345E-08 1.0187E-08 9.0773E-09 8.0337E-09
4.4511E-09 4.9419E-09 5.4807E-09 6.0666E-09 6.7165E-09 7.4158E-09 8.1748E-09 9.0039E-09 9.8812E-09 1.0830E-08 1.1823E-08 1.2871E-08 1.3975E-08 1.5111E-08 1.6294E-08 1.7498E-08 1.8722E-08 1.9970E-08 2.1209E-08 2.2450E-08 2.3662E-08 2.4841E-08 2.5982E-08 2.7053E-08 2.8057E-08 2.8965E-08 2.9771E-08 3.0457E-08 3.1019E-08 3.1444E-08 3.1738E-08 3.1882E-08 3.1892E-08 3.1765E-08 3.1508E-08 3.1122E-08 3.0624E-08 3.0008E-08 2.9281E-08 2.8460E-08 2.7547E-08 2.6552E-08 2.5493E-08 2.4383E-08 2.3231E-08 2.2039E-08 2.0818E-08 1.9581E-08 1.8324E-08 1.7056E-08 1.5776E-08 1.4508E-08 1.3249E-08 1.2017E-08 1.0816E-08 9.6655E-09 8.5628E-09
4.3022E-09 4.7791E-09 5.3032E-09 5.8708E-09 6.5013E-09 7.1798E-09 7.9175E-09 8.7242E-09 9.5792E-09 1.0506E-08 1.1476E-08 1.2503E-08 1.3587E-08 1.4703E-08 1.5871E-08 1.7059E-08 1.8274E-08 1.9514E-08 2.0748E-08 2.1989E-08 2.3203E-08 2.4390E-08 2.5536E-08 2.6619E-08 2.7633E-08 2.8563E-08 2.9382E-08 3.0098E-08 3.0677E-08 3.1134E-08 3.1453E-08 3.1632E-08 3.1681E-08 3.1591E-08 3.1376E-08 3.1042E-08 3.0596E-08 3.0032E-08 2.9371E-08 2.8616E-08 2.7765E-08 2.6845E-08 2.5861E-08 2.4825E-08 2.3739E-08 2.2614E-08 2.1461E-08 2.0280E-08 1.9068E-08 1.7836E-08 1.6584E-08 1.5325E-08 1.4068E-08 1.2825E-08 1.1599E-08 1.0413E-08 9.2549E-09
4.1452E-09 4.6021E-09 5.1063E-09 5.6577E-09 6.2655E-09 6.9196E-09 7.6318E-09 8.4116E-09 9.2390E-09 1.0138E-08 1.1080E-08 1.2078E-08 1.3134E-08 1.4227E-08 1.5370E-08 1.6538E-08 1.7733E-08 1.8959E-08 2.0182E-08 2.1414E-08 2.2621E-08 2.3803E-08 2.4952E-08 2.6033E-08 2.7056E-08 2.7991E-08 2.8826E-08 2.9556E-08 3.0161E-08 3.0639E-08 3.0986E-08 3.1202E-08 3.1290E-08 3.1249E-08 3.1082E-08 3.0808E-08 3.0416E-08 2.9923E-08 2.9338E-08 2.8652E-08 2.7890E-08 2.7060E-08 2.6166E-08 2.5214E-08 2.4217E-08 2.3184E-08 2.2113E-08 2.1008E-08 1.9866E-08 1.8688E-08 1.7482E-08 1.6252E-08 1.5015E-08 1.3768E-08 1.2530E-08 1.1304E-08 1.0102E-08
3.9794E-09 4.4155E-09 4.8976E-09 5.4248E-09 6.0113E-09 6.6389E-09 7.3219E-09 8.0706E-09 8.8661E-09 9.7321E-09 1.0639E-08 1.1604E-08 1.2627E-08 1.3687E-08 1.4799E-08 1.5938E-08 1.7107E-08 1.8309E-08 1.9510E-08 2.0725E-08 2.1914E-08 2.3086E-08 2.4224E-08 2.5299E-08 2.6319E-08 2.7254E-08 2.8095E-08 2.8838E-08 2.9457E-08 2.9960E-08 3.0335E-08 3.0588E-08 3.0720E-08 3.0729E-08 3.0623E-08 3.0409E-08 3.0085E-08 2.9672E-08 2.9163E-08 2.8569E-08 2.7910E-08 2.7178E-08 2.6386E-08 2.5543E-08 2.4654E-08 2.3730E-08 2.2762E-08 2.1755E-08 2.0701E-08 1.9602E-08 1.8462E-08 1.7286E-08 1.6081E-08 1.4851E-08 1.3618E-08 1.2378E-08 1.1144E-08
3.8075E-09 4.2222E-09 4.6791E-09 5.1805E-09 5.7386E-09 6.3391E-09 6.9921E-09 7.7063E-09 8.4656E-09 9.2934E-09 1.0162E-08 1.1087E-08 1.2070E-08 1.3091E-08 1.4165E-08 1.5268E-08 1.6401E-08 1.7570E-08 1.8740E-08 1.9928E-08 2.1091E-08 2.2241E-08 2.3358E-08 2.4419E-08 2.5427E-08 2.6352E-08 2.7194E-08 2.7939E-08 2.8574E-08 2.9093E-08 2.9503E-08 2.9789E-08 2.9967E-08 3.0028E-08 2.9990E-08 2.9840E-08 2.9591E-08 2.9265E-08 2.8847E-08 2.8357E-08 2.7805E-08 2.7185E-08 2.6510E-08 2.5791E-08 2.5032E-08 2.4230E-08 2.3389E-08 2.2499E-08 2.1556E-08 2.0561E-08 1.9509E-08 1.8407E-08 1.7264E-08 1.6086E-08 1.4874E-08 1.3631E-08 1.2368E-08
3.6356E-09 4.0268E-09 4.4601E-09 4.9342E-09 5.4602E-09 6.0272E-09 6.6462E-09 7.3268E-09 8.0455E-09 8.8309E-09 9.6555E-09 1.0535E-08 1.1474E-08 1.2448E-08 1.3478E-08 1.4534E-08 1.5624E-08 1.6749E-08 1.7881E-08 1.9028E-08 2.0158E-08 2.1274E-08 2.2362E-08 2.3398E-08 2.4386E-08 2.5297E-08 2.6128E-08 2.6875E-08 2.7516E-08 2.8052E-08 2.8490E-08 2.8809E-08 2.9036E-08 2.9150E-08 2.9176E-08 2.9097E-08 2.8933E-08 2.8694E-08 2.8377E-08 2.8001E-08 2.7562E-08 2.7063E-08 2.6524E-08 2.5941E-08 2.5325E-08 2.4667E-08 2.3970E-08 2.3219E-08 2.2409E-08 2.1537E-08 2.0602E-08 1.9607E-08 1.8556E-08 1.7444E-08 1.6280E-08 1.5073E-08 1.3811E-08
3.4588E-09 3.8295E-09 4.2410E-09 4.6838E-09 5.1843E-09 5.7155E-09 6.2989E-09 6.9409E-09 7.6212E-09 8.3626E-09 9.1398E-09 9.9697E-09 1.0856E-08 1.1777E-08 1.2752E-08 1.3755E-08 1.4789E-08 1.5863E-08 1.6942E-08 1.8043E-08 1.9126E-08 2.0201E-08 2.1249E-08 2.2253E-08 2.3209E-08 2.4100E-08 2.4914E-08 2.5656E-08 2.6296E-08 2.6848E-08 2.7306E-08 2.7661E-08 2.7931E-08 2.8102E-08 2.8192E-08 2.8190E-08 2.8108E-08 2.7967E-08 2.7753E-08 2.7493E-08 2.7173E-08 2.6810E-08 2.6410E-08 2.5979E-08 2.5515E-08 2.5019E-08 2.4476E-08 2.3884E-08 2.3226E-08 2.2502E-08 2.1715E-08 2.0852E-08 1.9916E-08 1.8908E-08 1.7837E-08 1.6692E-08 1.5460E-08
3.2757E-09 3.6290E-09 4.0122E-09 4.4325E-09 4.9010E-09 5.4018E-09 5.9515E-09 6.5519E-09 7.1965E-09 7.8936E-09 8.6233E-09 9.4018E-09 1.0235E-08 1.1099E-08 1.2015E-08 1.2957E-08 1.3930E-08 1.4943E-08 1.5961E-08 1.7000E-08 1.8027E-08 1.9044E-08 2.0045E-08 2.1001E-08 2.1920E-08 2.2780E-08 2.3572E-08 2.4302E-08 2.4935E-08 2.5498E-08 2.5971E-08 2.6358E-08 2.6670E-08 2.6893E-08 2.7048E-08 2.7120E-08 2.7125E-08 2.7077E-08 2.6973E-08 2.6827E-08 2.6632E-08 2.6408E-08 2.6156E-08 2.5882E-08 2.5580E-08 2.5254E-08 2.4882E-08 2.4459E-08 2.3971E-08 2.3425E-08 2.2800E-08 2.2099E-08 2.1315E-08 2.0457E-08 1.9509E-08 1.8472E-08 1.7322E-08
3.0931E-09 3.4196E-09 3.7807E-09 4.1740E-09 4.6106E-09 5.0833E-09 5.5927E-09 6.1599E-09 6.7578E-09 7.4156E-09 8.0981E-09 8.8270E-09 9.6071E-09 1.0416E-08 1.1273E-08 1.2154E-08 1.3063E-08 1.4010E-08 1.4961E-08 1.5934E-08 1.6894E-08 1.7849E-08 1.8789E-08 1.9691E-08 2.0563E-08 2.1381E-08 2.2143E-08 2.2848E-08 2.3473E-08 2.4032E-08 2.4520E-08 2.4928E-08 2.5277E-08 2.5547E-08 2.5761E-08 2.5905E-08 2.5989E-08 2.6039E-08 2.6039E-08 2.6007E-08 2.5941E-08 2.5852E-08 2.5754E-08 2.5636E-08 2.5505E-08 2.5346E-08 2.5154E-08 2.4911E-08 2.4611E-08 2.4258E-08 2.3815E-08 2.3308E-08 2.2710E-08 2.2037E-08 2.1263E-08 2.0379E-08 1.9358E-08
2.9087E-09 3.2088E-09 3.5477E-09 3.9095E-09 4.3211E-09 4.7556E-09 5.2325E-09 5.7590E-09 6.3131E-09 6.9288E-09 7.5637E-09 8.2414E-09 8.9668E-09 9.7186E-09 1.0516E-08 1.1335E-08 1.2179E-08 1.3061E-08 1.3945E-08 1.4851E-08 1.5745E-08 1.6634E-08 1.7514E-08 1.8356E-08 1.9174E-08 1.9945E-08 2.0669E-08 2.1345E-08 2.1952E-08 2.2502E-08 2.2996E-08 2.3418E-08 2.3799E-08 2.4107E-08 2.4372E-08 2.4579E-08 2.4733E-08 2.4874E-08 2.4966E-08 2.5044E-08 2.5099E-08 2.5143E-08 2.5193E-08 2.5227E-08 2.5265E-08 2.5274E-08 2.5259E-08 2.5199E-08 2.5103E-08 2.4940E-08 2.4712E-08 2.4416E-08 2.4043E-08 2.3588E-08 2.3040E-08 2.2351E-08 2.1526E-08
2.7235E-09 3.0011E-09 3.3099E-09 3.6490E-09 4.0255E-09 4.4295E-09 4.8702E-09 5.3543E-09 5.8703E-09 6.4334E-09 7.0255E-09 7.6507E-09 8.3209E-09 9.0140E-09 9.7505E-09 1.0506E-08 1.1285E-08 1.2099E-08 1.2916E-08 1.3753E-08 1.4579E-08 1.5402E-08 1.6218E-08 1.7001E-08 1.7764E-08 1.8489E-08 1.9173E-08 1.9820E-08 2.0402E-08 2.0944E-08 2.1437E-08 2.1868E-08 2.2273E-08 2.2609E-08 2.2918E-08 2.3174E-08 2.3394E-08 2.3612E-08 2.3789E-08 2.3971E-08 2.4133E-08 2.4304E-08 2.4485E-08 2.4666E-08 2.4849E-08 2.5024E-08 2.5175E-08 2.5300E-08 2.5399E-08 2.5434E-08 2.5435E-08 2.5359E-08 2.5242E-08 2.5037E-08 2.4751E-08 2.4335E-08 2.3783E-08
2.5391E-09 2.7943E-09 3.0782E-09 3.3852E-09 3.7337E-09 4.1049E-09 4.5061E-09 4.9555E-09 5.4231E-09 5.9441E-09 6.4843E-09 7.0609E-09 7.6759E-09 8.3102E-09 8.9859E-09 9.6772E-09 1.0391E-08 1.1138E-08 1.1885E-08 1.2654E-08 1.3412E-08 1.4168E-08 1.4919E-08 1.5642E-08 1.6351E-08 1.7027E-08 1.7670E-08 1.8284E-08 1.8841E-08 1.9369E-08 1.9853E-08 2.0292E-08 2.0708E-08 2.1065E-08 2.1410E-08 2.1708E-08 2.1986E-08 2.2270E-08 2.2522E-08 2.2795E-08 2.3054E-08 2.3339E-08 2.3634E-08 2.3944E-08 2.4262E-08 2.4577E-08 2.4886E-08 2.5186E-08 2.5462E-08 2.5707E-08 2.5920E-08 2.6092E-08 2.6227E-08 2.6314E-08 2.6320E-08 2.6250E-08 2.6027E-08
2.3567E-09 2.5902E-09 2.8500E-09 3.1290E-09 3.4439E-09 3.7832E-09 4.1503E-09 4.5578E-09 4.9860E-09 5.4589E-09 5.9488E-09 6.4768E-09 7.0380E-09 7.6148E-09 8.2299E-09 8.8581E-09 9.5070E-09 1.0187E-08 1.0867E-08 1.1567E-08 1.2257E-08 1.2947E-08 1.3634E-08 1.4298E-08 1.4950E-08 1.5579E-08 1.6179E-08 1.6755E-08 1.7286E-08 1.7794E-08 1.8268E-08 1.8702E-08 1.9120E-08 1.9491E-08 1.9858E-08 2.0190E-08 2.0512E-08 2.0846E-08 2.1164E-08 2.1511E-08 2.1853E-08 2.2230E-08 2.2630E-08 2.3043E-08 2.3479E-08 2.3919E-08 2.4366E-08 2.4825E-08 2.5261E-08 2.5706E-08 2.6116E-08 2.6540E-08 2.6931E-08 2.7325E-08 2.7660E-08 2.7952E-08 2.8139E-08
2.1773E-09 2.3905E-09 2.6258E-09 2.8801E-09 3.1618E-09 3.4690E-09 3.7986E-09 4.1710E-09 4.5547E-09 4.9852E-09 5.4276E-09 5.9013E-09 6.4135E-09 6.9357E-09 7.4913E-09 8.0579E-09 8.6437E-09 9.2573E-09 9.8713E-09 1.0505E-08 1.1128E-08 1.1753E-08 1.2379E-08 1.2985E-08 1.3583E-08 1.4161E-08 1.4715E-08 1.5255E-08 1.5756E-08 1.6238E-08 1.6693E-08 1.7114E-08 1.7528E-08 1.7904E-08 1.8283E-08 1.8637E-08 1.8988E-08 1.9360E-08 1.9726E-08 2.0128E-08 2.0538E-08 2.0983E-08 2.1464E-08 2.1956E-08 2.2487E-08 2.3028E-08 2.3594E-08 2.4178E-08 2.4768E-08 2.5372E-08 2.5987E-08 2.6635E-08 2.7292E-08 2.7968E-08 2.8666E-08 2.9321E-08 2.9979E-08
2.0027E-09 2.1961E-09 2.4075E-09 2.6374E-09 2.8918E-09 3.1640E-09 3.4613E-09 3.7927E-09 4.1404E-09 4.5245E-09 4.9229E-09 5.3477E-09 5.8046E-09 6.2774E-09 6.7772E-09 7.2842E-09 7.8091E-09 8.3598E-09 8.9094E-09 9.4783E-09 1.0036E-08 1.0602E-08 1.1167E-08 1.1715E-08 1.2261E-08 1.2790E-08 1.3298E-08 1.3800E-08 1.4263E-08 1.4715E-08 1.5145E-08 1.5547E-08 1.5948E-08 1.6319E-08 1.6704E-08 1.7067E-08 1.7434E-08 1.7831E-08 1.8227E-08 1.8667E-08 1.9121E-08 1.9615E-08 2.0147E-08 2.0698E-08 2.1294E-08 2.1910E-08 2.2569E-08 2.3245E-08 2.3959E-08 2.4694E-08 2.5488E-08 2.6316E-08 2.7220E-08 2.8161E-08 2.9175E-08 3.0219E-08 3.1346E-08
1.8342E-09 2.0083E-09 2.1970E-09 2.4031E-09 2.6309E-09 2.8741E-09 3.1365E-09 3.4319E-09 3.7410E-09 4.0835E-09 4.4394E-09 4.8174E-09 5.2255E-09 5.6423E-09 6.0934E-09 6.5446E-09 7.0110E-09 7.5017E-09 7.9894E-09 8.4988E-09 8.9973E-09 9.5036E-09 1.0009E-08 1.0503E-08 1.0998E-08 1.1474E-08 1.1941E-08 1.2397E-08 1.2821E-08 1.3238E-08 1.3638E-08 1.4015E-08 1.4399E-08 1.4759E-08 1.5137E-08 1.5500E-08 1.5871E-08 1.6279E-08 1.6688E-08 1.7150E-08 1.7624E-08 1.8144E-08 1.8700E-08 1.9286E-08 1.9921E-08 2.0584E-08 2.1299E-08 2.2039E-08 2.2835E-08 2.3676E-08 2.4601E-08 2.5588E-08 2.6674E-08 2.7852E-08 2.9117E-08 3.0514E-08 3.2082E-08
1.6733E-09 1.8270E-09 1.9962E-09 2.1786E-09 2.3824E-09 2.5977E-09 2.8313E-09 3.0899E-09 3.3631E-09 3.6657E-09 3.9803E-09 4.3136E-09 4.6753E-09 5.0447E-09 5.4403E-09 5.8415E-09 6.2557E-09 6.6904E-09 7.1213E-09 7.5731E-09 8.0157E-09 8.4662E-09 8.9176E-09 9.3573E-09 9.7994E-09 1.0229E-08 1.0647E-08 1.1058E-08 1.1442E-08 1.1820E-08 1.2188E-08 1.2535E-08 1.2896E-08 1.3238E-08 1.3602E-08 1.3955E-08 1.4320E-08 1.4726E-08 1.5134E-08 1.5598E-08 1.6071E-08 1.6593E-08 1.7155E-08 1.7746E-08 1.8393E-08 1.9074E-08 1.9805E-08 2.0584E-08 2.1420E-08 2.2336E-08 2.3326E-08 2.4440E-08 2.5632E-08 2.6974E-08 2.8438E-08 3.0076E-08 3.2001E-08
1.5203E-09 1.6549E-09 1.8055E-09 1.9659E-09 2.1464E-09 2.3363E-09 2.5420E-09 2.7715E-09 3.0089E-09 3.2732E-09 3.5474E-09 3.8445E-09 4.1593E-09 4.4825E-09 4.8305E-09 5.1805E-09 5.5440E-09 5.9327E-09 6.3085E-09 6.7105E-09 7.0989E-09 7.4953E-09 7.8959E-09 8.2847E-09 8.6776E-09 9.0563E-09 9.4252E-09 9.7915E-09 1.0134E-08 1.0472E-08 1.0805E-08 1.1121E-08 1.1455E-08 1.1774E-08 1.2116E-08 1.2453E-08 1.2801E-08 1.3192E-08 1.3587E-08 1.4034E-08 1.4490E-08 1.4993E-08 1.5538E-08 1.6114E-08 1.6745E-08 1.7414E-08 1.8138E-08 1.8918E-08 1.9765E-08 2.0700E-08 2.1732E-08 2.2874E-08 2.4128E-08 2.5528E-08 2.7102E-08 2.8884E-08 3.0986E-08
1.3732E-09 1.4936E-09 1.6257E-09 1.7664E-09 1.9253E-09 2.0920E-09 2.2718E-09 2.4736E-09 2.6816E-09 2.9134E-09 3.1488E-09 3.4056E-09 3.6761E-09 3.9607E-09 4.2643E-09 4.5649E-09 4.8833E-09 5.2255E-09 5.5552E-09 5.9097E-09 6.2486E-09 6.5964E-09 6.9481E-09 7.2868E-09 7.6303E-09 7.9610E-09 8.2832E-09 8.6067E-09 8.9065E-09 9.2054E-09 9.5025E-09 9.7847E-09 1.0090E-08 1.0379E-08 1.0695E-08 1.1009E-08 1.1334E-08 1.1700E-08 1.2068E-08 1.2483E-08 1.2907E-08 1.3377E-08 1.3885E-08 1.4425E-08 1.5020E-08 1.5652E-08 1.6346E-08 1.7090E-08 1.7920E-08 1.8834E-08 1.9844E-08 2.0959E-08 2.2197E-08 2.3585E-08 2.5135E-08 2.6950E-08 2.9073E-08
