Assets/Resources/2015_m01_d24_1300(utc+0800)_l00_csi_1hr_conc.grd
DSAA
         159         159
     -79.000      79.000
     -79.000      79.000
  0.2338E-10  0.1099E-05
[rows 50 to 74 of 159, columns 0 to 56 of 159]
5.5662E-09 5.8420E-09 6.1372E-09 6.4392E-09 6.7618E-09 7.1026E-09 7.4534E-09 7.8367E-09 8.2264E-09 8.6412E-09 9.0844E-09 9.5383E-09 1.0023E-08 1.0525E-08 1.1041E-08 1.1583E-08 1.2122E-08 1.2670E-08 1.3233E-08 1.3775E-08 1.4328E-08 1.4854E-08 1.5355E-08 1.5845E-08 1.6284E-08 1.6705E-08 1.7083E-08 1.7422E-08 1.7715E-08 1.7968E-08 1.8169E-08 1.8315E-08 1.8415E-08 1.8450E-08 1.8422E-08 1.8318E-08 1.8139E-08 1.7865E-08 1.7491E-08 1.7024E-08 1.6455E-08 1.5791E-08 1.5039E-08 1.4216E-08 1.3336E-08 1.2427E-08 1.1486E-08 1.0541E-08 9.6199E-09 8.7290E-09 7.8916E-09 7.1224E-09 6.4247E-09 5.8181E-09 5.3068E-09 4.8862E-09 4.5555E-09
5.0909E-09 5.3344E-09 5.5988E-09 5.8673E-09 6.1531E-09 6.4567E-09 6.7734E-09 7.1231E-09 7.4826E-09 7.8625E-09 8.2733E-09 8.6961E-09 9.1512E-09 9.6237E-09 1.0118E-08 1.0642E-08 1.1174E-08 1.1729E-08 1.2296E-08 1.2864E-08 1.3450E-08 1.4015E-08 1.4578E-08 1.5132E-08 1.5657E-08 1.6163E-08 1.6637E-08 1.7082E-08 1.7492E-08 1.7873E-08 1.8199E-08 1.8490E-08 1.8739E-08 1.8922E-08 1.9044E-08 1.9095E-08 1.9055E-08 1.8912E-08 1.8670E-08 1.8312E-08 1.7838E-08 1.7246E-08 1.6549E-08 1.5757E-08 1.4878E-08 1.3928E-08 1.2921E-08 1.1894E-08 1.0855E-08 9.8282E-09 8.8590E-09 7.9312E-09 7.0909E-09 6.3487E-09 5.7020E-09 5.1763E-09 4.7480E-09
4.6640E-09 4.8774E-09 5.1022E-09 5.3390E-09 5.5855E-09 5.8511E-09 6.1305E-09 6.4335E-09 6.7532E-09 7.0877E-09 7.4659E-09 7.8536E-09 8.2854E-09 8.7392E-09 9.2198E-09 9.7338E-09 1.0265E-08 1.0821E-08 1.1402E-08 1.1986E-08 1.2599E-08 1.3199E-08 1.3805E-08 1.4411E-08 1.4997E-08 1.5583E-08 1.6138E-08 1.6679E-08 1.7196E-08 1.7691E-08 1.8147E-08 1.8579E-08 1.8962E-08 1.9293E-08 1.9570E-08 1.9769E-08 1.9876E-08 1.9891E-08 1.9790E-08 1.9564E-08 1.9211E-08 1.8729E-08 1.8121E-08 1.7384E-08 1.6531E-08 1.5576E-08 1.4540E-08 1.3443E-08 1.2302E-08 1.1160E-08 1.0036E-08 8.9530E-09 7.9550E-09 7.0447E-09 6.2501E-09 5.5858E-09 5.0370E-09
4.2670E-09 4.4465E-09 4.6500E-09 4.8498E-09 5.0785E-09 5.3055E-09 5.5590E-09 5.8350E-09 6.1276E-09 6.4418E-09 6.7936E-09 7.1568E-09 7.5578E-09 7.9881E-09 8.4392E-09 8.9396E-09 9.4504E-09 1.0000E-08 1.0577E-08 1.1165E-08 1.1791E-08 1.2410E-08 1.3048E-08 1.3690E-08 1.4324E-08 1.4967E-08 1.5594E-08 1.6213E-08 1.6826E-08 1.7418E-08 1.7991E-08 1.8548E-08 1.9053E-08 1.9532E-08 1.9953E-08 2.0300E-08 2.0570E-08 2.0742E-08 2.0795E-08 2.0728E-08 2.0525E-08 2.0182E-08 1.9687E-08 1.9040E-08 1.8256E-08 1.7336E-08 1.6297E-08 1.5153E-08 1.3944E-08 1.2688E-08 1.1419E-08 1.0189E-08 9.0063E-09 7.9150E-09 6.9561E-09 6.1226E-09 5.4331E-09
3.8979E-09 4.0590E-09 4.2361E-09 4.4188E-09 4.6244E-09 4.8372E-09 5.0642E-09 5.3184E-09 5.5793E-09 5.8722E-09 6.1921E-09 6.5307E-09 6.9056E-09 7.3101E-09 7.7389E-09 8.2167E-09 8.7098E-09 9.2441E-09 9.8083E-09 1.0390E-08 1.1014E-08 1.1639E-08 1.2288E-08 1.2953E-08 1.3620E-08 1.4305E-08 1.4987E-08 1.5669E-08 1.6360E-08 1.7035E-08 1.7710E-08 1.8365E-08 1.8997E-08 1.9608E-08 2.0158E-08 2.0658E-08 2.1081E-08 2.1414E-08 2.1640E-08 2.1746E-08 2.1714E-08 2.1532E-08 2.1181E-08 2.0674E-08 1.9998E-08 1.9152E-08 1.8151E-08 1.7016E-08 1.5766E-08 1.4428E-08 1.3045E-08 1.1655E-08 1.0294E-08 9.0265E-09 7.8524E-09 6.8280E-09 5.9643E-09
3.5866E-09 3.7322E-09 3.8924E-09 4.0559E-09 4.2347E-09 4.4317E-09 4.6332E-09 4.8671E-09 5.1037E-09 5.3683E-09 5.6643E-09 5.9735E-09 6.3228E-09 6.6984E-09 7.1008E-09 7.5520E-09 8.0203E-09 8.5318E-09 9.0763E-09 9.6411E-09 1.0252E-08 1.0873E-08 1.1523E-08 1.2197E-08 1.2878E-08 1.3596E-08 1.4313E-08 1.5041E-08 1.5786E-08 1.6524E-08 1.7284E-08 1.8025E-08 1.8766E-08 1.9484E-08 2.0165E-08 2.0806E-08 2.1375E-08 2.1870E-08 2.2269E-08 2.2553E-08 2.2708E-08 2.2705E-08 2.2545E-08 2.2210E-08 2.1677E-08 2.0958E-08 2.0053E-08 1.8971E-08 1.7725E-08 1.6351E-08 1.4878E-08 1.3348E-08 1.1833E-08 1.0348E-08 8.9693E-09 7.7389E-09 6.6694E-09
3.3324E-09 3.4596E-09 3.6051E-09 3.7504E-09 3.9104E-09 4.0849E-09 4.2669E-09 4.4775E-09 4.6912E-09 4.9291E-09 5.1972E-09 5.4777E-09 5.7975E-09 6.1438E-09 6.5167E-09 6.9387E-09 7.3781E-09 7.8610E-09 8.3797E-09 8.9214E-09 9.5149E-09 1.0121E-08 1.0762E-08 1.1436E-08 1.2120E-08 1.2849E-08 1.3580E-08 1.4343E-08 1.5126E-08 1.5913E-08 1.6732E-08 1.7538E-08 1.8367E-08 1.9170E-08 1.9957E-08 2.0713E-08 2.1419E-08 2.2064E-08 2.2627E-08 2.3098E-08 2.3442E-08 2.3647E-08 2.3699E-08 2.3558E-08 2.3223E-08 2.2690E-08 2.1933E-08 2.0964E-08 1.9789E-08 1.8430E-08 1.6914E-08 1.5293E-08 1.3620E-08 1.1951E-08 1.0361E-08 8.8730E-09 7.5575E-09
3.1206E-09 3.2345E-09 3.3595E-09 3.4899E-09 3.6297E-09 3.7840E-09 3.9426E-09 4.1341E-09 4.3254E-09 4.5392E-09 4.7810E-09 5.0340E-09 5.3253E-09 5.6413E-09 5.9834E-09 6.3721E-09 6.7793E-09 7.2303E-09 7.7205E-09 8.2331E-09 8.8023E-09 9.3853E-09 1.0007E-08 1.0666E-08 1.1339E-08 1.2069E-08 1.2804E-08 1.3578E-08 1.4377E-08 1.5194E-08 1.6050E-08 1.6899E-08 1.7781E-08 1.8645E-08 1.9516E-08 2.0365E-08 2.1185E-08 2.1964E-08 2.2689E-08 2.3329E-08 2.3869E-08 2.4293E-08 2.4560E-08 2.4652E-08 2.4566E-08 2.4256E-08 2.3709E-08 2.2919E-08 2.1873E-08 2.0592E-08 1.9100E-08 1.7431E-08 1.5638E-08 1.3805E-08 1.1981E-08 1.0251E-08 8.6884E-09
2.9350E-09 3.0330E-09 3.1478E-09 3.2580E-09 3.3849E-09 3.5195E-09 3.6599E-09 3.8288E-09 4.0008E-09 4.1932E-09 4.4107E-09 4.6364E-09 4.8978E-09 5.1827E-09 5.4928E-09 5.8492E-09 6.2244E-09 6.6421E-09 7.0990E-09 7.5792E-09 8.1168E-09 8.6688E-09 9.2625E-09 9.8962E-09 1.0549E-08 1.1263E-08 1.1986E-08 1.2757E-08 1.3556E-08 1.4379E-08 1.5239E-08 1.6104E-08 1.7014E-08 1.7915E-08 1.8842E-08 1.9761E-08 2.0668E-08 2.1565E-08 2.2422E-08 2.3217E-08 2.3948E-08 2.4577E-08 2.5072E-08 2.5434E-08 2.5613E-08 2.5571E-08 2.5289E-08 2.4741E-08 2.3915E-08 2.2791E-08 2.1389E-08 1.9739E-08 1.7897E-08 1.5920E-08 1.3900E-08 1.1926E-08 1.0063E-08
2.7694E-09 2.8571E-09 2.9557E-09 3.0562E-09 3.1668E-09 3.2839E-09 3.4108E-09 3.5570E-09 3.7078E-09 3.8779E-09 4.0719E-09 4.2727E-09 4.5080E-09 4.7641E-09 5.0448E-09 5.3693E-09 5.7118E-09 6.0953E-09 6.5155E-09 6.9585E-09 7.4580E-09 7.9742E-09 8.5350E-09 9.1375E-09 9.7620E-09 1.0449E-08 1.1147E-08 1.1896E-08 1.2670E-08 1.3470E-08 1.4315E-08 1.5171E-08 1.6083E-08 1.6996E-08 1.7949E-08 1.8910E-08 1.9880E-08 2.0862E-08 2.1817E-08 2.2752E-08 2.3646E-08 2.4464E-08 2.5203E-08 2.5830E-08 2.6282E-08 2.6557E-08 2.6599E-08 2.6365E-08 2.5816E-08 2.4931E-08 2.3713E-08 2.2177E-08 2.0343E-08 1.8292E-08 1.6105E-08 1.3886E-08 1.1742E-08
2.5902E-09 2.6780E-09 2.7681E-09 2.8569E-09 2.9551E-09 3.0603E-09 3.1697E-09 3.3017E-09 3.4344E-09 3.5866E-09 3.7610E-09 3.9430E-09 4.1553E-09 4.3844E-09 4.6373E-09 4.9290E-09 5.2368E-09 5.5837E-09 5.9663E-09 6.3736E-09 6.8360E-09 7.3164E-09 7.8402E-09 8.4050E-09 8.9913E-09 9.6366E-09 1.0292E-08 1.0996E-08 1.1726E-08 1.2489E-08 1.3300E-08 1.4125E-08 1.5018E-08 1.5915E-08 1.6872E-08 1.7842E-08 1.8838E-08 1.9867E-08 2.0889E-08 2.1932E-08 2.2956E-08 2.3953E-08 2.4914E-08 2.5786E-08 2.6544E-08 2.7157E-08 2.7546E-08 2.7673E-08 2.7484E-08 2.6944E-08 2.6006E-08 2.4666E-08 2.2945E-08 2.0881E-08 1.8580E-08 1.6148E-08 1.3702E-08
2.4111E-09 2.4891E-09 2.5693E-09 2.6585E-09 2.7425E-09 2.8414E-09 2.9363E-09 3.0582E-09 3.1740E-09 3.3117E-09 3.4672E-09 3.6337E-09 3.8236E-09 4.0307E-09 4.2583E-09 4.5232E-09 4.8037E-09 5.1209E-09 5.4719E-09 5.8437E-09 6.2664E-09 6.7051E-09 7.1833E-09 7.7015E-09 8.2338E-09 8.8244E-09 9.4245E-09 1.0071E-08 1.0751E-08 1.1462E-08 1.2222E-08 1.3004E-08 1.3856E-08 1.4715E-08 1.5644E-08 1.6585E-08 1.7575E-08 1.8613E-08 1.9668E-08 2.0782E-08 2.1901E-08 2.3048E-08 2.4193E-08 2.5300E-08 2.6357E-08 2.7293E-08 2.8069E-08 2.8612E-08 2.8851E-08 2.8724E-08 2.8164E-08 2.7139E-08 2.5632E-08 2.3677E-08 2.1338E-08 1.8726E-08 1.6003E-08
2.2828E-09 2.3480E-09 2.4109E-09 2.4859E-09 2.5580E-09 2.6532E-09 2.7345E-09 2.8386E-09 2.9392E-09 3.0663E-09 3.2034E-09 3.3587E-09 3.5292E-09 3.7199E-09 3.9195E-09 4.1569E-09 4.4191E-09 4.7014E-09 5.0207E-09 5.3511E-09 5.7354E-09 6.1257E-09 6.5519E-09 7.0111E-09 7.4844E-09 8.0193E-09 8.5585E-09 9.1500E-09 9.7727E-09 1.0425E-08 1.1130E-08 1.1847E-08 1.2633E-08 1.3430E-08 1.4296E-08 1.5185E-08 1.6136E-08 1.7150E-08 1.8207E-08 1.9346E-08 2.0522E-08 2.1777E-08 2.3063E-08 2.4381E-08 2.5698E-08 2.6964E-08 2.8124E-08 2.9104E-08 2.9824E-08 3.0194E-08 3.0114E-08 2.9523E-08 2.8360E-08 2.6616E-08 2.4337E-08 2.1634E-08 1.8661E-08
2.1963E-09 2.2496E-09 2.3054E-09 2.3654E-09 2.4238E-09 2.5024E-09 2.5706E-09 2.6637E-09 2.7550E-09 2.8667E-09 2.9855E-09 3.1201E-09 3.2719E-09 3.4429E-09 3.6272E-09 3.8345E-09 4.0662E-09 4.3122E-09 4.5908E-09 4.8780E-09 5.2135E-09 5.5552E-09 5.9344E-09 6.3436E-09 6.7725E-09 7.2524E-09 7.7382E-09 8.2762E-09 8.8283E-09 9.4146E-09 1.0040E-08 1.0675E-08 1.1382E-08 1.2095E-08 1.2880E-08 1.3699E-08 1.4578E-08 1.5545E-08 1.6564E-08 1.7685E-08 1.8880E-08 2.0191E-08 2.1577E-08 2.3054E-08 2.4598E-08 2.6154E-08 2.7684E-08 2.9119E-08 3.0360E-08 3.1280E-08 3.1789E-08 3.1746E-08 3.1049E-08 2.9649E-08 2.7559E-08 2.4850E-08 2.1681E-08
2.1278E-09 2.1726E-09 2.2218E-09 2.2732E-09 2.3274E-09 2.3894E-09 2.4533E-09 2.5300E-09 2.6105E-09 2.7056E-09 2.8114E-09 2.9295E-09 3.0624E-09 3.2082E-09 3.3662E-09 3.5484E-09 3.7451E-09 3.9610E-09 4.2047E-09 4.4589E-09 4.7544E-09 5.0588E-09 5.3954E-09 5.7573E-09 6.1360E-09 6.5549E-09 6.9826E-09 7.4445E-09 7.9226E-09 8.4332E-09 8.9692E-09 9.5225E-09 1.0138E-08 1.0755E-08 1.1453E-08 1.2181E-08 1.2970E-08 1.3856E-08 1.4802E-08 1.5882E-08 1.7052E-08 1.8356E-08 1.9796E-08 2.1379E-08 2.3084E-08 2.4895E-08 2.6776E-08 2.8641E-08 3.0402E-08 3.1944E-08 3.3112E-08 3.3716E-08 3.3630E-08 3.2732E-08 3.0961E-08 2.8373E-08 2.5108E-08
2.0756E-09 2.1154E-09 2.1592E-09 2.2059E-09 2.2548E-09 2.3091E-09 2.3672E-09 2.4315E-09 2.5046E-09 2.5835E-09 2.6754E-09 2.7761E-09 2.8894E-09 3.0207E-09 3.1563E-09 3.3150E-09 3.4852E-09 3.6752E-09 3.8873E-09 4.1121E-09 4.3655E-09 4.6311E-09 4.9202E-09 5.2311E-09 5.5535E-09 5.9098E-09 6.2740E-09 6.6630E-09 7.0734E-09 7.4961E-09 7.9501E-09 8.4171E-09 8.9327E-09 9.4606E-09 1.0059E-08 1.0673E-08 1.1372E-08 1.2157E-08 1.3008E-08 1.4008E-08 1.5092E-08 1.6373E-08 1.7807E-08 1.9422E-08 2.1248E-08 2.3242E-08 2.5409E-08 2.7671E-08 2.9960E-08 3.2127E-08 3.3991E-08 3.5364E-08 3.6035E-08 3.5775E-08 3.4507E-08 3.2199E-08 2.8949E-08
2.0265E-09 2.0647E-09 2.1031E-09 2.1478E-09 2.1927E-09 2.2417E-09 2.2954E-09 2.3519E-09 2.4169E-09 2.4861E-09 2.5660E-09 2.6554E-09 2.7525E-09 2.8664E-09 2.9877E-09 3.1224E-09 3.2697E-09 3.4316E-09 3.6104E-09 3.8066E-09 4.0159E-09 4.2459E-09 4.4885E-09 4.7505E-09 5.0230E-09 5.3176E-09 5.6221E-09 5.9449E-09 6.2834E-09 6.6290E-09 7.0064E-09 7.3804E-09 7.8097E-09 8.2423E-09 8.7321E-09 9.2480E-09 9.8429E-09 1.0503E-08 1.1247E-08 1.2136E-08 1.3120E-08 1.4325E-08 1.5682E-08 1.7286E-08 1.9145E-08 2.1250E-08 2.3641E-08 2.6243E-08 2.8993E-08 3.1763E-08 3.4372E-08 3.6571E-08 3.8088E-08 3.8660E-08 3.8102E-08 3.6263E-08 3.3224E-08
1.9798E-09 2.0160E-09 2.0524E-09 2.0916E-09 2.1354E-09 2.1791E-09 2.2291E-09 2.2804E-09 2.3377E-09 2.4012E-09 2.4702E-09 2.5479E-09 2.6338E-09 2.7286E-09 2.8362E-09 2.9512E-09 3.0768E-09 3.2152E-09 3.3632E-09 3.5313E-09 3.7032E-09 3.9000E-09 4.0987E-09 4.3158E-09 4.5445E-09 4.7821E-09 5.0343E-09 5.2947E-09 5.5676E-09 5.8476E-09 6.1483E-09 6.4433E-09 6.7888E-09 7.1231E-09 7.5225E-09 7.9360E-09 8.4086E-09 8.9630E-09 9.5877E-09 1.0345E-08 1.1206E-08 1.2280E-08 1.3534E-08 1.5068E-08 1.6881E-08 1.9028E-08 2.1528E-08 2.4360E-08 2.7505E-08 3.0819E-08 3.4122E-08 3.7153E-08 3.9621E-08 4.1184E-08 4.1538E-08 4.0435E-08 3.7879E-08
1.9352E-09 1.9688E-09 2.0049E-09 2.0402E-09 2.0798E-09 2.1212E-09 2.1645E-09 2.2141E-09 2.2637E-09 2.3217E-09 2.3824E-09 2.4506E-09 2.5263E-09 2.6069E-09 2.6991E-09 2.7988E-09 2.9052E-09 3.0241E-09 3.1478E-09 3.2869E-09 3.4312E-09 3.5899E-09 3.7560E-09 3.9321E-09 4.1180E-09 4.3092E-09 4.5127E-09 4.7190E-09 4.9346E-09 5.1555E-09 5.3862E-09 5.6189E-09 5.8813E-09 6.1380E-09 6.4494E-09 6.7600E-09 7.1337E-09 7.5776E-09 8.0666E-09 8.6935E-09 9.4134E-09 1.0342E-08 1.1456E-08 1.2835E-08 1.4544E-08 1.6624E-08 1.9131E-08 2.2092E-08 2.5478E-08 2.9190E-08 3.3088E-08 3.6933E-08 4.0375E-08 4.3007E-08 4.4497E-08 4.4445E-08 4.2713E-08
1.8918E-09 1.9246E-09 1.9579E-09 1.9929E-09 2.0273E-09 2.0674E-09 2.1064E-09 2.1509E-09 2.1972E-09 2.2475E-09 2.3032E-09 2.3623E-09 2.4282E-09 2.4996E-09 2.5770E-09 2.6633E-09 2.7553E-09 2.8545E-09 2.9593E-09 3.0725E-09 3.1959E-09 3.3224E-09 3.4591E-09 3.6017E-09 3.7483E-09 3.9049E-09 4.0599E-09 4.2242E-09 4.3902E-09 4.5586E-09 4.7332E-09 4.9082E-09 5.0957E-09 5.2927E-09 5.5142E-09 5.7481E-09 6.0330E-09 6.3552E-09 6.7351E-09 7.2351E-09 7.7986E-09 8.5741E-09 9.5025E-09 1.0711E-08 1.2243E-08 1.4160E-08 1.6561E-08 1.9459E-08 2.2909E-08 2.6869E-08 3.1208E-08 3.5674E-08 3.9988E-08 4.3772E-08 4.6519E-08 4.7813E-08 4.7310E-08
1.8494E-09 1.8821E-09 1.9137E-09 1.9470E-09 1.9805E-09 2.0144E-09 2.0536E-09 2.0907E-09 2.1351E-09 2.1799E-09 2.2284E-09 2.2819E-09 2.3386E-09 2.4012E-09 2.4680E-09 2.5401E-09 2.6209E-09 2.7027E-09 2.7948E-09 2.8856E-09 2.9860E-09 3.0907E-09 3.1993E-09 3.3159E-09 3.4297E-09 3.5540E-09 3.6736E-09 3.8011E-09 3.9247E-09 4.0516E-09 4.1800E-09 4.3086E-09 4.4400E-09 4.5801E-09 4.7316E-09 4.9027E-09 5.1059E-09 5.3341E-09 5.6205E-09 5.9786E-09 6.4134E-09 7.0202E-09 7.7611E-09 8.7591E-09 1.0055E-08 1.1728E-08 1.3895E-08 1.6595E-08 1.9934E-08 2.3866E-08 2.8339E-08 3.3227E-08 3.8240E-08 4.2984E-08 4.7009E-08 4.9844E-08 5.0910E-08
1.8094E-09 1.8400E-09 1.8719E-09 1.9026E-09 1.9359E-09 1.9681E-09 2.0018E-09 2.0396E-09 2.0762E-09 2.1199E-09 2.1608E-09 2.2096E-09 2.2585E-09 2.3131E-09 2.3709E-09 2.4327E-09 2.4993E-09 2.5713E-09 2.6472E-09 2.7258E-09 2.8057E-09 2.8901E-09 2.9755E-09 3.0642E-09 3.1574E-09 3.2491E-09 3.3437E-09 3.4391E-09 3.5306E-09 3.6270E-09 3.7166E-09 3.8120E-09 3.9033E-09 4.0014E-09 4.0985E-09 4.2135E-09 4.3511E-09 4.5091E-09 4.7083E-09 4.9539E-09 5.2745E-09 5.7102E-09 6.2742E-09 7.0505E-09 8.0807E-09 9.4553E-09 1.1300E-08 1.3649E-08 1.6637E-08 2.0313E-08 2.4668E-08 2.9585E-08 3.4915E-08 4.0328E-08 4.5404E-08 4.9732E-08 5.2611E-08
1.7708E-09 1.8005E-09 1.8305E-09 1.8616E-09 1.8916E-09 1.9244E-09 1.9556E-09 1.9889E-09 2.0248E-09 2.0607E-09 2.1019E-09 2.1414E-09 2.1872E-09 2.2332E-09 2.2841E-09 2.3376E-09 2.3939E-09 2.4540E-09 2.5184E-09 2.5833E-09 2.6541E-09 2.7189E-09 2.7922E-09 2.8593E-09 2.9295E-09 2.9964E-09 3.0650E-09 3.1369E-09 3.2032E-09 3.2737E-09 3.3376E-09 3.4059E-09 3.4680E-09 3.5341E-09 3.6024E-09 3.6713E-09 3.7579E-09 3.8634E-09 3.9901E-09 4.1563E-09 4.3669E-09 4.6678E-09 5.0635E-09 5.6201E-09 6.3926E-09 7.4417E-09 8.8914E-09 1.0803E-08 1.3316E-08 1.6506E-08 2.0386E-08 2.4993E-08 3.0171E-08 3.5791E-08 4.1516E-08 4.6915E-08 5.1470E-08
1.7335E-09 1.7626E-09 1.7916E-09 1.8210E-09 1.8513E-09 1.8806E-09 1.9129E-09 1.9432E-09 1.9760E-09 2.0108E-09 2.0454E-09 2.0843E-09 2.1221E-09 2.1644E-09 2.2081E-09 2.2545E-09 2.3038E-09 2.3538E-09 2.4077E-09 2.4626E-09 2.5208E-09 2.5778E-09 2.6348E-09 2.6925E-09 2.7474E-09 2.8014E-09 2.8539E-09 2.8989E-09 2.9449E-09 2.9849E-09 3.0339E-09 3.0774E-09 3.1245E-09 3.1665E-09 3.2104E-09 3.2534E-09 3.3018E-09 3.3546E-09 3.4326E-09 3.5400E-09 3.6740E-09 3.8680E-09 4.1233E-09 4.4887E-09 5.0267E-09 5.7615E-09 6.8144E-09 8.2778E-09 1.0223E-08 1.2782E-08 1.5992E-08 1.9907E-08 2.4571E-08 2.9799E-08 3.5536E-08 4.1491E-08 4.7094E-08
1.6974E-09 1.7259E-09 1.7543E-09 1.7828E-09 1.8113E-09 1.8412E-09 1.8699E-09 1.9013E-09 1.9313E-09 1.9629E-09 1.9958E-09 2.0288E-09 2.0655E-09 2.1011E-09 2.1404E-09 2.1813E-09 2.2234E-09 2.2678E-09 2.3124E-09 2.3602E-09 2.4081E-09 2.4564E-09 2.5070E-09 2.5518E-09 2.6001E-09 2.6426E-09 2.6852E-09 2.7238E-09 2.7575E-09 2.7897E-09 2.8152E-09 2.8354E-09 2.8516E-09 2.8735E-09 2.8927E-09 2.9133E-09 2.9357E-09 2.9590E-09 2.9911E-09 3.0298E-09 3.1010E-09 3.2152E-09 3.3938E-09 3.6426E-09 3.9810E-09 4.4804E-09 5.1913E-09 6.2027E-09 7.6142E-09 9.5098E-09 1.1973E-08 1.5055E-08 1.8809E-08 2.3260E-08 2.8393E-08 3.4033E-08 3.9920E-08
