Assets/Resources/2015_m01_d03_0000(utc+0800)_l00_csi_1hr_conc.grd
DSAA
         159         159
     -79.000      79.000
     -79.000      79.000
  0.0000E+00  0.2059E-04
[rows 75 to 99 of 159, columns 0 to 56 of 159]
0.0000E+00 0.0000E+00 0.0000E+00 0.0000E+00 0.0000E+00 0.0000E+00 0.0000E+00 0.0000E+00 0.0000E+00 1.0107E-12 3.2068E-12 7.4529E-12 1.2162E-11 1.5704E-11 2.0514E-11 2.6774E-11 3.1793E-11 3.7758E-11 4.8575E-11 5.6015E-11 6.7476E-11 8.0658E-11 9.0762E-11 1.0877E-10 1.2488E-10 1.4189E-10 1.6437E-10 1.8632E-10 2.0935E-10 2.3971E-10 2.6907E-10 3.0205E-10 3.4133E-10 3.8176E-10 4.2629E-10 4.7842E-10 5.3311E-10 5.9136E-10 6.6728E-10 7.3927E-10 8.2596E-10 9.1459E-10 1.0113E-09 1.1153E-09 1.2346E-09 1.3614E-09 1.4940E-09 1.6468E-09 1.8815E-09 2.1683E-09 2.5552E-09 2.9598E-09 3.4304E-09 3.9218E-09 4.4205E-09 4.9338E-09 5.4600E-09
0.0000E+00 0.0000E+00 0.0000E+00 0.0000E+00 0.0000E+00 0.0000E+00 0.0000E+00 0.0000E+00 0.0000E+00 0.0000E+00 1.9999E-12 5.9894E-12 1.0421E-11 1.2809E-11 1.7737E-11 2.2554E-11 2.8776E-11 3.3670E-11 4.3810E-11 5.0465E-11 6.0539E-11 7.3583E-11 8.4152E-11 9.9828E-11 1.1561E-10 1.3135E-10 1.5305E-10 1.7433E-10 1.9711E-10 2.2534E-10 2.5374E-10 2.8527E-10 3.2327E-10 3.6245E-10 4.0535E-10 4.5597E-10 5.0908E-10 5.6651E-10 6.4092E-10 7.1021E-10 7.9489E-10 8.8156E-10 9.7682E-10 1.0787E-09 1.1959E-09 1.3192E-09 1.4497E-09 1.6003E-09 1.7761E-09 2.0489E-09 2.3771E-09 2.7418E-09 3.1707E-09 3.6142E-09 4.1052E-09 4.6100E-09 5.1286E-09
0.0000E+00 0.0000E+00 0.0000E+00 0.0000E+00 0.0000E+00 0.0000E+00 0.0000E+00 0.0000E+00 0.0000E+00 0.0000E+00 0.0000E+00 3.5774E-12 7.5359E-12 1.1009E-11 1.4100E-11 1.9449E-11 2.5122E-11 2.9403E-11 4.0156E-11 4.6404E-11 5.5239E-11 6.6888E-11 7.6835E-11 9.1246E-11 1.0678E-10 1.2160E-10 1.4214E-10 1.6284E-10 1.8426E-10 2.1140E-10 2.3891E-10 2.6888E-10 3.0555E-10 3.4459E-10 3.8574E-10 4.3370E-10 4.8526E-10 5.4075E-10 6.1332E-10 6.8054E-10 7.6302E-10 8.4829E-10 9.4149E-10 1.0400E-09 1.1546E-09 1.2752E-09 1.4030E-09 1.5507E-09 1.7076E-09 1.9354E-09 2.2170E-09 2.5683E-09 2.9410E-09 3.3766E-09 3.8336E-09 4.3085E-09 4.8110E-09
0.0000E+00 0.0000E+00 0.0000E+00 0.0000E+00 0.0000E+00 0.0000E+00 0.0000E+00 0.0000E+00 0.0000E+00 0.0000E+00 0.0000E+00 1.7307E-12 5.5227E-12 8.4656E-12 1.1612E-11 1.6071E-11 2.2561E-11 2.6538E-11 3.5353E-11 4.1741E-11 5.0083E-11 6.1146E-11 7.1079E-11 8.3009E-11 9.9525E-11 1.1240E-10 1.3276E-10 1.5179E-10 1.7210E-10 1.9786E-10 2.2563E-10 2.5426E-10 2.8819E-10 3.2610E-10 3.6565E-10 4.1163E-10 4.6271E-10 5.1630E-10 5.8571E-10 6.5073E-10 7.3185E-10 8.1328E-10 9.0425E-10 9.9971E-10 1.1114E-09 1.2291E-09 1.3534E-09 1.4989E-09 1.6526E-09 1.8278E-09 2.0993E-09 2.4081E-09 2.7536E-09 3.1360E-09 3.5484E-09 4.0153E-09 4.4933E-09
0.0000E+00 0.0000E+00 0.0000E+00 0.0000E+00 0.0000E+00 0.0000E+00 0.0000E+00 0.0000E+00 0.0000E+00 0.0000E+00 0.0000E+00 7.4829E-14 2.8239E-12 7.0083E-12 9.0085E-12 1.4090E-11 1.9333E-11 2.2998E-11 3.0878E-11 3.8206E-11 4.4404E-11 5.6507E-11 6.5121E-11 7.6248E-11 9.1532E-11 1.0480E-10 1.2274E-10 1.4230E-10 1.6167E-10 1.8472E-10 2.1173E-10 2.3912E-10 2.7119E-10 3.0800E-10 3.4597E-10 3.8978E-10 4.3936E-10 4.9099E-10 5.5811E-10 6.2083E-10 6.9944E-10 7.7871E-10 8.6638E-10 9.5831E-10 1.0667E-09 1.1827E-09 1.3029E-09 1.4445E-09 1.5938E-09 1.7493E-09 1.9834E-09 2.2431E-09 2.5721E-09 2.9195E-09 3.3252E-09 3.7601E-09 4.2142E-09
0.0000E+00 0.0000E+00 0.0000E+00 0.0000E+00 0.0000E+00 0.0000E+00 0.0000E+00 0.0000E+00 0.0000E+00 0.0000E+00 0.0000E+00 0.0000E+00 1.7771E-12 4.7878E-12 7.5055E-12 1.1202E-11 1.6648E-11 2.0575E-11 2.5252E-11 3.4041E-11 3.9728E-11 5.1246E-11 5.9428E-11 6.9868E-11 8.4499E-11 9.7607E-11 1.1287E-10 1.3212E-10 1.5053E-10 1.7356E-10 1.9939E-10 2.2439E-10 2.5608E-10 2.9141E-10 3.2665E-10 3.6967E-10 4.1736E-10 4.6587E-10 5.3058E-10 5.9197E-10 6.6792E-10 7.4262E-10 8.2798E-10 9.1635E-10 1.0218E-09 1.1339E-09 1.2509E-09 1.3868E-09 1.5325E-09 1.6830E-09 1.8697E-09 2.1234E-09 2.4156E-09 2.7385E-09 3.1104E-09 3.4882E-09 3.9339E-09
0.0000E+00 0.0000E+00 0.0000E+00 0.0000E+00 0.0000E+00 0.0000E+00 0.0000E+00 0.0000E+00 0.0000E+00 0.0000E+00 0.0000E+00 0.0000E+00 1.4215E-12 3.3808E-12 5.2437E-12 8.6940E-12 1.2803E-11 1.7447E-11 2.1855E-11 3.1017E-11 3.6303E-11 4.5441E-11 5.4897E-11 6.3345E-11 7.8088E-11 9.0233E-11 1.0437E-10 1.2352E-10 1.3979E-10 1.6129E-10 1.8634E-10 2.1005E-10 2.4128E-10 2.7410E-10 3.0768E-10 3.4886E-10 3.9458E-10 4.4096E-10 5.0317E-10 5.6211E-10 6.3527E-10 7.0614E-10 7.8918E-10 8.7528E-10 9.7494E-10 1.0851E-09 1.1970E-09 1.3271E-09 1.4690E-09 1.6145E-09 1.7821E-09 2.0029E-09 2.2508E-09 2.5611E-09 2.8877E-09 3.2725E-09 3.6916E-09
0.0000E+00 0.0000E+00 0.0000E+00 0.0000E+00 0.0000E+00 0.0000E+00 0.0000E+00 0.0000E+00 0.0000E+00 0.0000E+00 0.0000E+00 0.0000E+00 4.6159E-13 2.4067E-12 4.0734E-12 5.7218E-12 9.5573E-12 1.5446E-11 1.8658E-11 2.7167E-11 3.3132E-11 3.9020E-11 5.0653E-11 5.7681E-11 7.1467E-11 8.3139E-11 9.5439E-11 1.1437E-10 1.3092E-10 1.5011E-10 1.7359E-10 1.9729E-10 2.2497E-10 2.5716E-10 2.9022E-10 3.2859E-10 3.7208E-10 4.1630E-10 4.7629E-10 5.3350E-10 6.0261E-10 6.7019E-10 7.5121E-10 8.3276E-10 9.2914E-10 1.0345E-09 1.1419E-09 1.2664E-09 1.4038E-09 1.5438E-09 1.7065E-09 1.8839E-09 2.1285E-09 2.4061E-09 2.7107E-09 3.0624E-09 3.4440E-09
0.0000E+00 0.0000E+00 0.0000E+00 0.0000E+00 0.0000E+00 0.0000E+00 0.0000E+00 0.0000E+00 0.0000E+00 0.0000E+00 0.0000E+00 0.0000E+00 0.0000E+00 1.8081E-12 3.8840E-12 4.5203E-12 8.0744E-12 1.2679E-11 1.6578E-11 2.2319E-11 2.9295E-11 3.4455E-11 4.5776E-11 5.3188E-11 6.3510E-11 7.7216E-11 8.8714E-11 1.0496E-10 1.2242E-10 1.3882E-10 1.6184E-10 1.8500E-10 2.0913E-10 2.4093E-10 2.7321E-10 3.0756E-10 3.4929E-10 3.9310E-10 4.4946E-10 5.0396E-10 5.7003E-10 6.3564E-10 7.1319E-10 7.9116E-10 8.8232E-10 9.8318E-10 1.0861E-09 1.2054E-09 1.3383E-09 1.4726E-09 1.6288E-09 1.7876E-09 2.0024E-09 2.2397E-09 2.5324E-09 2.8400E-09 3.2157E-09
0.0000E+00 0.0000E+00 0.0000E+00 0.0000E+00 0.0000E+00 0.0000E+00 0.0000E+00 0.0000E+00 0.0000E+00 0.0000E+00 0.0000E+00 0.0000E+00 0.0000E+00 1.4936E-12 3.6849E-12 4.2981E-12 5.8133E-12 9.8735E-12 1.3753E-11 1.6850E-11 2.5641E-11 3.1351E-11 4.0167E-11 4.8981E-11 5.6350E-11 7.1610E-11 8.1532E-11 9.6588E-11 1.1339E-10 1.2947E-10 1.5056E-10 1.7254E-10 1.9568E-10 2.2506E-10 2.5548E-10 2.8716E-10 3.2766E-10 3.7034E-10 4.2191E-10 4.7468E-10 5.3877E-10 6.0130E-10 6.7414E-10 7.4840E-10 8.3318E-10 9.3153E-10 1.0308E-09 1.1427E-09 1.2718E-09 1.4002E-09 1.5463E-09 1.7003E-09 1.8836E-09 2.1089E-09 2.3722E-09 2.6592E-09 3.0053E-09
0.0000E+00 0.0000E+00 0.0000E+00 0.0000E+00 0.0000E+00 0.0000E+00 0.0000E+00 0.0000E+00 0.0000E+00 0.0000E+00 0.0000E+00 0.0000E+00 0.0000E+00 3.5943E-13 2.4814E-12 4.0754E-12 4.7299E-12 7.4272E-12 1.1092E-11 1.4859E-11 2.3125E-11 2.7582E-11 3.4458E-11 4.4122E-11 5.1369E-11 6.4956E-11 7.5531E-11 8.7992E-11 1.0467E-10 1.1983E-10 1.3926E-10 1.6042E-10 1.8315E-10 2.0937E-10 2.3878E-10 2.6954E-10 3.0664E-10 3.4686E-10 3.9566E-10 4.4692E-10 5.0790E-10 5.6612E-10 6.3337E-10 7.0574E-10 7.8512E-10 8.8022E-10 9.7541E-10 1.0790E-09 1.2020E-09 1.3254E-09 1.4609E-09 1.6114E-09 1.7679E-09 1.9749E-09 2.2010E-09 2.4768E-09 2.7865E-09
0.0000E+00 0.0000E+00 0.0000E+00 0.0000E+00 0.0000E+00 0.0000E+00 0.0000E+00 0.0000E+00 0.0000E+00 0.0000E+00 0.0000E+00 0.0000E+00 0.0000E+00 0.0000E+00 1.7884E-12 3.8535E-12 4.4724E-12 6.9009E-12 1.0486E-11 1.2145E-11 1.7407E-11 2.3990E-11 2.9620E-11 3.9473E-11 4.7187E-11 5.7016E-11 6.9855E-11 7.9564E-11 9.6904E-11 1.1143E-10 1.2743E-10 1.4956E-10 1.7018E-10 1.9371E-10 2.2336E-10 2.5240E-10 2.8581E-10 3.2445E-10 3.7151E-10 4.1954E-10 4.7633E-10 5.3133E-10 5.9277E-10 6.6455E-10 7.3823E-10 8.2610E-10 9.1896E-10 1.0146E-09 1.1295E-09 1.2499E-09 1.3752E-09 1.5222E-09 1.6708E-09 1.8560E-09 2.0643E-09 2.3131E-09 2.5885E-09
0.0000E+00 0.0000E+00 0.0000E+00 0.0000E+00 0.0000E+00 0.0000E+00 0.0000E+00 0.0000E+00 0.0000E+00 0.0000E+00 0.0000E+00 0.0000E+00 0.0000E+00 0.0000E+00 9.5046E-13 3.3102E-12 4.2171E-12 5.2663E-12 8.4366E-12 1.1448E-11 1.3223E-11 2.1566E-11 2.5855E-11 3.5243E-11 4.2338E-11 4.9892E-11 6.3583E-11 7.3475E-11 8.8529E-11 1.0249E-10 1.1733E-10 1.3796E-10 1.5759E-10 1.7918E-10 2.0763E-10 2.3486E-10 2.6473E-10 3.0306E-10 3.4790E-10 3.9064E-10 4.4588E-10 4.9854E-10 5.5599E-10 6.2395E-10 6.9233E-10 7.7318E-10 8.6271E-10 9.5211E-10 1.0584E-09 1.1753E-09 1.2943E-09 1.4325E-09 1.5733E-09 1.7251E-09 1.9228E-09 2.1366E-09 2.3939E-09
0.0000E+00 0.0000E+00 0.0000E+00 0.0000E+00 0.0000E+00 0.0000E+00 0.0000E+00 0.0000E+00 0.0000E+00 0.0000E+00 0.0000E+00 0.0000E+00 0.0000E+00 0.0000E+00 0.0000E+00 2.0085E-12 3.9653E-12 4.5893E-12 7.1946E-12 1.0760E-11 1.2428E-11 1.6781E-11 2.2345E-11 2.7950E-11 3.7701E-11 4.5218E-11 5.7299E-11 6.6806E-11 7.8237E-11 9.4787E-11 1.0869E-10 1.2591E-10 1.4632E-10 1.6639E-10 1.9102E-10 2.1780E-10 2.4601E-10 2.8115E-10 3.2401E-10 3.6290E-10 4.1689E-10 4.6642E-10 5.1959E-10 5.8346E-10 6.4771E-10 7.2114E-10 8.0743E-10 8.9231E-10 9.8910E-10 1.1009E-09 1.2118E-09 1.3403E-09 1.4743E-09 1.6174E-09 1.7940E-09 1.9884E-09 2.2203E-09
0.0000E+00 0.0000E+00 0.0000E+00 0.0000E+00 0.0000E+00 0.0000E+00 0.0000E+00 0.0000E+00 0.0000E+00 0.0000E+00 0.0000E+00 0.0000E+00 0.0000E+00 0.0000E+00 0.0000E+00 1.3135E-12 3.7181E-12 4.3032E-12 5.7231E-12 7.7853E-12 1.1648E-11 1.3415E-11 2.0936E-11 2.4114E-11 3.4272E-11 4.0382E-11 4.7867E-11 6.1389E-11 7.0051E-11 8.7335E-11 9.9546E-11 1.1488E-10 1.3553E-10 1.5339E-10 1.7483E-10 2.0220E-10 2.2860E-10 2.5920E-10 3.0073E-10 3.3797E-10 3.8866E-10 4.3419E-10 4.8395E-10 5.4127E-10 6.0424E-10 6.6978E-10 7.5051E-10 8.3153E-10 9.1789E-10 1.0244E-09 1.1307E-09 1.2455E-09 1.3766E-09 1.5103E-09 1.6541E-09 1.8391E-09 2.0370E-09
0.0000E+00 0.0000E+00 0.0000E+00 0.0000E+00 0.0000E+00 0.0000E+00 0.0000E+00 0.0000E+00 0.0000E+00 0.0000E+00 0.0000E+00 0.0000E+00 0.0000E+00 0.0000E+00 0.0000E+00 0.0000E+00 2.3526E-12 4.0238E-12 4.6441E-12 7.2720E-12 1.0885E-11 1.2537E-11 1.6971E-11 2.2527E-11 2.5872E-11 3.5784E-11 4.2078E-11 5.2175E-11 6.4234E-11 7.4801E-11 9.0756E-11 1.0415E-10 1.2305E-10 1.4085E-10 1.6015E-10 1.8644E-10 2.1092E-10 2.3752E-10 2.7887E-10 3.1386E-10 3.5845E-10 4.0281E-10 4.5008E-10 4.9995E-10 5.6085E-10 6.2060E-10 6.9266E-10 7.7160E-10 8.5103E-10 9.4678E-10 1.0506E-09 1.1566E-09 1.2802E-09 1.4053E-09 1.5393E-09 1.7037E-09 1.8831E-09
0.0000E+00 0.0000E+00 0.0000E+00 0.0000E+00 0.0000E+00 0.0000E+00 0.0000E+00 0.0000E+00 0.0000E+00 0.0000E+00 0.0000E+00 0.0000E+00 0.0000E+00 0.0000E+00 0.0000E+00 0.0000E+00 1.3789E-12 3.7520E-12 4.3304E-12 5.8268E-12 7.8021E-12 1.1682E-11 1.3417E-11 1.8174E-11 2.4098E-11 3.0420E-11 3.8242E-11 4.3761E-11 5.8776E-11 6.7039E-11 7.9772E-11 9.5769E-11 1.1050E-10 1.2975E-10 1.4772E-10 1.6955E-10 1.9478E-10 2.1994E-10 2.5622E-10 2.8969E-10 3.3013E-10 3.7323E-10 4.1627E-10 4.6199E-10 5.1781E-10 5.7305E-10 6.3644E-10 7.1319E-10 7.8777E-10 8.7347E-10 9.7417E-10 1.0708E-09 1.1824E-09 1.3003E-09 1.4246E-09 1.5611E-09 1.7283E-09
0.0000E+00 0.0000E+00 0.0000E+00 0.0000E+00 0.0000E+00 0.0000E+00 0.0000E+00 0.0000E+00 0.0000E+00 0.0000E+00 0.0000E+00 0.0000E+00 0.0000E+00 0.0000E+00 0.0000E+00 0.0000E+00 0.0000E+00 2.4326E-12 4.0267E-12 4.6345E-12 7.2463E-12 8.3233E-12 1.2466E-11 1.4277E-11 1.9351E-11 2.5629E-11 3.2352E-11 4.0629E-11 4.6360E-11 6.1200E-11 7.2047E-11 8.6863E-11 9.9619E-11 1.1882E-10 1.3493E-10 1.5377E-10 1.7939E-10 2.0181E-10 2.3315E-10 2.6639E-10 3.0473E-10 3.4259E-10 3.8228E-10 4.2452E-10 4.7272E-10 5.2777E-10 5.8328E-10 6.5490E-10 7.2648E-10 8.0046E-10 8.9344E-10 9.8601E-10 1.0830E-09 1.1982E-09 1.3132E-09 1.4370E-09 1.5874E-09
0.0000E+00 0.0000E+00 0.0000E+00 0.0000E+00 0.0000E+00 0.0000E+00 0.0000E+00 0.0000E+00 0.0000E+00 0.0000E+00 0.0000E+00 0.0000E+00 0.0000E+00 0.0000E+00 0.0000E+00 0.0000E+00 0.0000E+00 1.1254E-12 3.7339E-12 4.2974E-12 5.5496E-12 7.7083E-12 8.8290E-12 1.3227E-11 1.5105E-11 2.0487E-11 2.7098E-11 3.4208E-11 4.2911E-11 5.2274E-11 6.3530E-11 7.4807E-11 9.1142E-11 1.0577E-10 1.2270E-10 1.4059E-10 1.6205E-10 1.8443E-10 2.1318E-10 2.4437E-10 2.7922E-10 3.1112E-10 3.4955E-10 3.8817E-10 4.3124E-10 4.8431E-10 5.3536E-10 5.9614E-10 6.6639E-10 7.3372E-10 8.1323E-10 9.0446E-10 9.9351E-10 1.0994E-09 1.2057E-09 1.3196E-09 1.4456E-09
0.0000E+00 0.0000E+00 0.0000E+00 0.0000E+00 0.0000E+00 0.0000E+00 0.0000E+00 0.0000E+00 0.0000E+00 0.0000E+00 0.0000E+00 0.0000E+00 0.0000E+00 0.0000E+00 0.0000E+00 0.0000E+00 0.0000E+00 0.0000E+00 2.2252E-12 3.9738E-12 4.5609E-12 7.1184E-12 8.1532E-12 9.3123E-12 1.3955E-11 1.5891E-11 2.1565E-11 2.8486E-11 3.5958E-11 4.5053E-11 5.4865E-11 6.8353E-11 7.8333E-11 9.3316E-11 1.1205E-10 1.2768E-10 1.4459E-10 1.6880E-10 1.9503E-10 2.1904E-10 2.5387E-10 2.8300E-10 3.1818E-10 3.5529E-10 3.9397E-10 4.3994E-10 4.8865E-10 5.3952E-10 6.0637E-10 6.6925E-10 7.3782E-10 8.2607E-10 9.0964E-10 9.9909E-10 1.1045E-09 1.2087E-09 1.3197E-09
0.0000E+00 0.0000E+00 0.0000E+00 0.0000E+00 0.0000E+00 0.0000E+00 0.0000E+00 0.0000E+00 0.0000E+00 0.0000E+00 0.0000E+00 0.0000E+00 0.0000E+00 0.0000E+00 0.0000E+00 0.0000E+00 0.0000E+00 0.0000E+00 5.8678E-13 3.6133E-12 4.2057E-12 4.9264E-12 7.5078E-12 8.5749E-12 9.7662E-12 1.4638E-11 1.6622E-11 2.2570E-11 2.9769E-11 4.1448E-11 4.7022E-11 5.7242E-11 7.2032E-11 8.1534E-11 9.9424E-11 1.1544E-10 1.3023E-10 1.5188E-10 1.7605E-10 1.9657E-10 2.2860E-10 2.5702E-10 2.8700E-10 3.2228E-10 3.5755E-10 3.9599E-10 4.4382E-10 4.9071E-10 5.4556E-10 6.1074E-10 6.7223E-10 7.4524E-10 8.2819E-10 9.0919E-10 1.0058E-09 1.1011E-09 1.2022E-09
0.0000E+00 0.0000E+00 0.0000E+00 0.0000E+00 0.0000E+00 0.0000E+00 0.0000E+00 0.0000E+00 0.0000E+00 0.0000E+00 0.0000E+00 0.0000E+00 0.0000E+00 0.0000E+00 0.0000E+00 0.0000E+00 0.0000E+00 0.0000E+00 0.0000E+00 1.7225E-12 3.8674E-12 4.4265E-12 6.2397E-12 7.8735E-12 8.9672E-12 1.3445E-11 1.5268E-11 2.0733E-11 2.7319E-11 3.0929E-11 4.3127E-11 4.8786E-11 6.0976E-11 7.4737E-11 8.4355E-11 1.0559E-10 1.1859E-10 1.3284E-10 1.5814E-10 1.7659E-10 2.0311E-10 2.3261E-10 2.5897E-10 2.8979E-10 3.2310E-10 3.5869E-10 4.0134E-10 4.4471E-10 4.9038E-10 5.5239E-10 6.0932E-10 6.6861E-10 7.4986E-10 8.2512E-10 9.0401E-10 9.9907E-10 1.0907E-09
0.0000E+00 0.0000E+00 0.0000E+00 0.0000E+00 0.0000E+00 0.0000E+00 0.0000E+00 0.0000E+00 0.0000E+00 0.0000E+00 0.0000E+00 0.0000E+00 0.0000E+00 0.0000E+00 0.0000E+00 0.0000E+00 0.0000E+00 0.0000E+00 0.0000E+00 0.0000E+00 2.8270E-12 4.0591E-12 4.6329E-12 7.2090E-12 8.2102E-12 9.3242E-12 1.3983E-11 1.5833E-11 2.1512E-11 2.8299E-11 3.1946E-11 4.4607E-11 5.0314E-11 6.8291E-11 7.7023E-11 8.7372E-11 1.0723E-10 1.1985E-10 1.4048E-10 1.5971E-10 1.8199E-10 2.0735E-10 2.3257E-10 2.5865E-10 2.9128E-10 3.2354E-10 3.5780E-10 4.0155E-10 4.4299E-10 4.9121E-10 5.4977E-10 6.0402E-10 6.6806E-10 7.4576E-10 8.1690E-10 8.9904E-10 9.8549E-10
0.0000E+00 0.0000E+00 0.0000E+00 0.0000E+00 0.0000E+00 0.0000E+00 0.0000E+00 0.0000E+00 0.0000E+00 0.0000E+00 0.0000E+00 0.0000E+00 0.0000E+00 0.0000E+00 0.0000E+00 0.0000E+00 0.0000E+00 0.0000E+00 0.0000E+00 0.0000E+00 6.2227E-13 3.7118E-12 4.2365E-12 4.9527E-12 7.4958E-12 8.5127E-12 9.6404E-12 1.4460E-11 1.6326E-11 2.2192E-11 2.9143E-11 3.6784E-11 4.5863E-11 5.2438E-11 6.9409E-11 7.7416E-11 9.5757E-11 1.0782E-10 1.2388E-10 1.4385E-10 1.6406E-10 1.8289E-10 2.0973E-10 2.3305E-10 2.5927E-10 2.9027E-10 3.2178E-10 3.5837E-10 3.9836E-10 4.3771E-10 4.9085E-10 5.4477E-10 5.9804E-10 6.6918E-10 7.3727E-10 8.0544E-10 8.8865E-10
0.0000E+00 0.0000E+00 0.0000E+00 0.0000E+00 0.0000E+00 0.0000E+00 0.0000E+00 0.0000E+00 0.0000E+00 0.0000E+00 0.0000E+00 0.0000E+00 0.0000E+00 0.0000E+00 0.0000E+00 0.0000E+00 0.0000E+00 0.0000E+00 0.0000E+00 0.0000E+00 0.0000E+00 1.5120E-12 3.8633E-12 4.3972E-12 5.8836E-12 7.7498E-12 8.7762E-12 9.9106E-12 1.4867E-11 1.6739E-11 2.2761E-11 2.9836E-11 3.7469E-11 4.6063E-11 5.7996E-11 6.9395E-11 7.7259E-11 9.6621E-11 1.1117E-10 1.2463E-10 1.4737E-10 1.6417E-10 1.8458E-10 2.0914E-10 2.3265E-10 2.6126E-10 2.8985E-10 3.2005E-10 3.5816E-10 3.9341E-10 4.3344E-10 4.8956E-10 5.3744E-10 5.8944E-10 6.6118E-10 7.2229E-10 7.8812E-10
