Assets/Resources/2015_m01_d17_0500(utc+0800)_l00_csi_1hr_conc.grd
DSAA
         159         159
     -79.000      79.000
     -79.000      79.000
  0.0000E+00  0.5878E-04
[rows 25 to 49 of 159, columns 57 to 113 of 159]
1.0360E-09 1.1595E-09 1.2998E-09 1.4433E-09 1.6032E-09 1.7758E-09 1.9526E-09 2.1406E-09 2.3523E-09 2.5735E-09 2.8008E-09 3.0521E-09 3.3092E-09 3.5711E-09 3.8404E-09 4.1187E-09 4.4019E-09 4.6846E-09 4.9692E-09 5.2539E-09 5.5368E-09 5.8153E-09 6.0872E-09 6.3498E-09 6.6004E-09 6.8362E-09 7.0544E-09 7.2523E-09 7.4271E-09 7.5763E-09 7.6975E-09 7.7886E-09 7.8478E-09 7.8737E-09 7.8652E-09 7.8219E-09 7.7437E-09 7.6310E-09 7.4848E-09 7.3070E-09 7.0995E-09 6.8652E-09 6.6062E-09 6.3259E-09 6.0279E-09 5.7156E-09 5.3921E-09 5.0607E-09 4.7250E-09 4.3885E-09 4.0547E-09 3.7266E-09 3.4069E-09 3.0984E-09 2.8030E-09 2.5224E-09 2.2581E-09
1.0000E-09 1.1210E-09 1.2575E-09 1.3973E-09 1.5544E-09 1.7242E-09 1.8973E-09 2.0911E-09 2.2918E-09 2.5109E-09 2.7419E-09 2.9939E-09 3.2456E-09 3.5141E-09 3.7877E-09 4.0636E-09 4.3525E-09 4.6409E-09 4.9327E-09 5.2260E-09 5.5184E-09 5.8079E-09 6.0920E-09 6.3680E-09 6.6330E-09 6.8841E-09 7.1186E-09 7.3350E-09 7.5287E-09 7.6969E-09 7.8369E-09 7.9460E-09 8.0221E-09 8.0628E-09 8.0672E-09 8.0351E-09 7.9661E-09 7.8607E-09 7.7201E-09 7.5445E-09 7.3376E-09 7.1011E-09 6.8380E-09 6.5516E-09 6.2451E-09 5.9232E-09 5.5904E-09 5.2496E-09 4.9037E-09 4.5564E-09 4.2113E-09 3.8717E-09 3.5407E-09 3.2208E-09 2.9142E-09 2.6230E-09 2.3483E-09
9.6195E-10 1.0793E-09 1.2125E-09 1.3495E-09 1.5021E-09 1.6689E-09 1.8379E-09 2.0293E-09 2.2320E-09 2.4488E-09 2.6727E-09 2.9226E-09 3.1828E-09 3.4465E-09 3.7231E-09 4.0087E-09 4.2967E-09 4.5912E-09 4.8905E-09 5.1923E-09 5.4949E-09 5.7959E-09 6.0926E-09 6.3824E-09 6.6641E-09 6.9344E-09 7.1891E-09 7.4249E-09 7.6372E-09 7.8240E-09 7.9823E-09 8.1091E-09 8.2019E-09 8.2586E-09 8.2775E-09 8.2575E-09 8.1982E-09 8.1005E-09 7.9648E-09 7.7933E-09 7.5875E-09 7.3498E-09 7.0834E-09 6.7916E-09 6.4762E-09 6.1437E-09 5.7977E-09 5.4428E-09 5.0853E-09 4.7269E-09 4.3703E-09 4.0190E-09 3.6762E-09 3.3447E-09 3.0268E-09 2.7245E-09 2.4395E-09
9.2241E-10 1.0355E-09 1.1655E-09 1.2982E-09 1.4470E-09 1.6106E-09 1.7800E-09 1.9638E-09 2.1631E-09 2.3832E-09 2.6115E-09 2.8483E-09 3.1150E-09 3.3817E-09 3.6531E-09 3.9431E-09 4.2357E-09 4.5361E-09 4.8427E-09 5.1537E-09 5.4669E-09 5.7796E-09 6.0918E-09 6.4003E-09 6.7013E-09 6.9887E-09 7.2620E-09 7.5173E-09 7.7510E-09 7.9578E-09 8.1336E-09 8.2771E-09 8.3857E-09 8.4571E-09 8.4893E-09 8.4813E-09 8.4329E-09 8.3444E-09 8.2161E-09 8.0495E-09 7.8463E-09 7.6088E-09 7.3398E-09 7.0401E-09 6.7169E-09 6.3747E-09 6.0179E-09 5.6491E-09 5.2750E-09 4.9003E-09 4.5310E-09 4.1677E-09 3.8129E-09 3.4695E-09 3.1400E-09 2.8265E-09 2.5307E-09
8.8234E-10 9.9007E-10 1.1167E-09 1.2446E-09 1.3896E-09 1.5498E-09 1.7148E-09 1.9008E-09 2.0966E-09 2.3088E-09 2.5413E-09 2.7782E-09 3.0380E-09 3.3061E-09 3.5871E-09 3.8733E-09 4.1702E-09 4.4765E-09 4.7907E-09 5.1108E-09 5.4359E-09 5.7660E-09 6.0964E-09 6.4193E-09 6.7377E-09 7.0469E-09 7.3404E-09 7.6140E-09 7.8666E-09 8.0936E-09 8.2910E-09 8.4553E-09 8.5833E-09 8.6722E-09 8.7202E-09 8.7255E-09 8.6885E-09 8.6081E-09 8.4850E-09 8.3204E-09 8.1161E-09 7.8750E-09 7.6001E-09 7.2955E-09 6.9653E-09 6.6149E-09 6.2440E-09 5.8625E-09 5.4753E-09 5.0850E-09 4.6971E-09 4.3171E-09 3.9499E-09 3.5942E-09 3.2529E-09 2.9278E-09 2.6214E-09
8.4027E-10 9.4343E-10 1.0663E-09 1.1893E-09 1.3304E-09 1.4915E-09 1.6473E-09 1.8305E-09 2.0287E-09 2.2380E-09 2.4694E-09 2.7047E-09 2.9665E-09 3.2351E-09 3.5111E-09 3.8001E-09 4.1012E-09 4.4134E-09 4.7351E-09 5.0684E-09 5.4104E-09 5.7521E-09 6.0975E-09 6.4427E-09 6.7789E-09 7.1035E-09 7.4203E-09 7.7176E-09 7.9931E-09 8.2420E-09 8.4609E-09 8.6459E-09 8.7932E-09 8.9004E-09 8.9644E-09 8.9843E-09 8.9583E-09 8.8860E-09 8.7681E-09 8.6055E-09 8.4004E-09 8.1557E-09 7.8750E-09 7.5615E-09 7.2203E-09 6.8569E-09 6.4760E-09 6.0834E-09 5.6800E-09 5.2743E-09 4.8728E-09 4.4750E-09 4.0879E-09 3.7177E-09 3.3641E-09 3.0278E-09 2.7107E-09
7.9862E-10 8.9560E-10 1.0148E-09 1.1327E-09 1.2696E-09 1.4274E-09 1.5835E-09 1.7635E-09 1.9588E-09 2.1664E-09 2.3958E-09 2.6315E-09 2.8851E-09 3.1551E-09 3.4325E-09 3.7242E-09 4.0296E-09 4.3480E-09 4.6836E-09 5.0294E-09 5.3803E-09 5.7416E-09 6.1045E-09 6.4624E-09 6.8157E-09 7.1737E-09 7.5076E-09 7.8302E-09 8.1311E-09 8.4065E-09 8.6490E-09 8.8553E-09 9.0229E-09 9.1482E-09 9.2285E-09 9.2617E-09 9.2460E-09 9.1812E-09 9.0674E-09 8.9059E-09 8.6990E-09 8.4498E-09 8.1613E-09 7.8379E-09 7.4856E-09 7.1093E-09 6.7140E-09 6.3050E-09 5.8885E-09 5.4700E-09 5.0485E-09 4.6352E-09 4.2332E-09 3.8432E-09 3.4732E-09 3.1254E-09 2.7978E-09
7.5500E-10 8.4713E-10 9.6386E-10 1.0751E-09 1.2121E-09 1.3670E-09 1.5178E-09 1.7013E-09 1.8890E-09 2.0937E-09 2.3150E-09 2.5488E-09 2.8108E-09 3.0734E-09 3.3520E-09 3.6464E-09 3.9573E-09 4.2892E-09 4.6315E-09 4.9871E-09 5.3583E-09 5.7300E-09 6.1056E-09 6.4822E-09 6.8716E-09 7.2429E-09 7.6165E-09 7.9632E-09 8.2878E-09 8.5841E-09 8.8486E-09 9.0771E-09 9.2658E-09 9.4101E-09 9.5073E-09 9.5543E-09 9.5496E-09 9.4924E-09 9.3828E-09 9.2225E-09 9.0122E-09 8.7557E-09 8.4585E-09 8.1249E-09 7.7602E-09 7.3699E-09 6.9582E-09 6.5332E-09 6.1004E-09 5.6627E-09 5.2278E-09 4.7964E-09 4.3756E-09 3.9737E-09 3.5855E-09 3.2208E-09 2.8820E-09
7.1118E-10 7.9826E-10 9.1117E-10 1.0205E-09 1.1502E-09 1.3018E-09 1.4530E-09 1.6336E-09 1.8127E-09 2.0217E-09 2.2411E-09 2.4655E-09 2.7278E-09 2.9904E-09 3.2702E-09 3.5690E-09 3.8924E-09 4.2262E-09 4.5802E-09 4.9519E-09 5.3291E-09 5.7158E-09 6.1090E-09 6.5240E-09 6.9307E-09 7.3463E-09 7.7318E-09 8.1065E-09 8.4578E-09 8.7829E-09 9.0757E-09 9.3295E-09 9.5411E-09 9.7058E-09 9.8199E-09 9.8802E-09 9.8849E-09 9.8331E-09 9.7249E-09 9.5603E-09 9.3438E-09 9.0793E-09 8.7712E-09 8.4242E-09 8.0435E-09 7.6363E-09 7.2088E-09 6.7673E-09 6.3132E-09 5.8575E-09 5.4038E-09 4.9562E-09 4.5204E-09 4.0978E-09 3.6995E-09 3.3190E-09 2.9638E-09
6.6727E-10 7.4934E-10 8.5855E-10 9.6260E-10 1.0923E-09 1.2402E-09 1.3832E-09 1.5674E-09 1.7425E-09 1.9349E-09 2.1599E-09 2.3912E-09 2.6443E-09 2.9067E-09 3.1892E-09 3.4997E-09 3.8209E-09 4.1672E-09 4.5335E-09 4.9101E-09 5.3010E-09 5.7038E-09 6.1371E-09 6.5727E-09 7.0182E-09 7.4435E-09 7.8745E-09 8.2779E-09 8.6590E-09 9.0122E-09 9.3314E-09 9.6109E-09 9.8450E-09 1.0029E-08 1.0160E-08 1.0233E-08 1.0245E-08 1.0196E-08 1.0086E-08 9.9183E-09 9.6953E-09 9.4207E-09 9.0999E-09 8.7362E-09 8.3383E-09 7.9130E-09 7.4650E-09 7.0010E-09 6.5282E-09 6.0520E-09 5.5772E-09 5.1136E-09 4.6610E-09 4.2259E-09 3.8063E-09 3.4161E-09 3.0468E-09
6.2369E-10 7.0079E-10 8.0915E-10 9.0490E-10 1.0309E-09 1.1806E-09 1.3182E-09 1.4959E-09 1.6746E-09 1.8679E-09 2.0789E-09 2.3087E-09 2.5606E-09 2.8234E-09 3.1169E-09 3.4226E-09 3.7550E-09 4.1113E-09 4.4811E-09 4.8696E-09 5.2749E-09 5.7190E-09 6.1725E-09 6.6441E-09 7.1074E-09 7.5850E-09 8.0346E-09 8.4700E-09 8.8840E-09 9.2694E-09 9.6194E-09 9.9263E-09 1.0184E-08 1.0389E-08 1.0534E-08 1.0617E-08 1.0636E-08 1.0589E-08 1.0478E-08 1.0304E-08 1.0070E-08 9.7808E-09 9.4428E-09 9.0619E-09 8.6458E-09 8.1972E-09 7.7258E-09 7.2390E-09 6.7425E-09 6.2440E-09 5.7524E-09 5.2662E-09 4.7972E-09 4.3467E-09 3.9167E-09 3.5051E-09 3.1277E-09
5.8074E-10 6.5272E-10 7.5755E-10 8.5160E-10 9.7342E-10 1.1172E-09 1.2559E-09 1.4310E-09 1.6008E-09 1.7997E-09 2.0080E-09 2.2268E-09 2.4778E-09 2.7495E-09 3.0374E-09 3.3505E-09 3.6929E-09 4.0504E-09 4.4301E-09 4.8309E-09 5.2778E-09 5.7416E-09 6.2311E-09 6.7247E-09 7.2354E-09 7.7357E-09 8.2258E-09 8.6999E-09 9.1501E-09 9.5699E-09 9.9510E-09 1.0286E-08 1.0568E-08 1.0790E-08 1.0950E-08 1.1042E-08 1.1065E-08 1.1018E-08 1.0902E-08 1.0719E-08 1.0471E-08 1.0165E-08 9.8072E-09 9.4043E-09 8.9612E-09 8.4883E-09 7.9924E-09 7.4777E-09 6.9567E-09 6.4371E-09 5.9209E-09 5.4182E-09 4.9292E-09 4.4611E-09 4.0179E-09 3.5967E-09 3.1982E-09
5.3850E-10 6.0560E-10 7.0696E-10 7.9588E-10 9.1861E-10 1.0587E-09 1.1937E-09 1.3693E-09 1.5352E-09 1.7326E-09 1.9302E-09 2.1576E-09 2.4037E-09 2.6720E-09 2.9608E-09 3.2854E-09 3.6255E-09 3.9907E-09 4.3806E-09 4.8226E-09 5.2885E-09 5.7870E-09 6.2992E-09 6.8442E-09 7.3911E-09 7.9237E-09 8.4497E-09 8.9608E-09 9.4493E-09 9.9062E-09 1.0322E-08 1.0688E-08 1.0996E-08 1.1240E-08 1.1414E-08 1.1514E-08 1.1541E-08 1.1491E-08 1.1363E-08 1.1166E-08 1.0902E-08 1.0575E-08 1.0194E-08 9.7614E-09 9.2901E-09 8.7872E-09 8.2596E-09 7.7192E-09 7.1734E-09 6.6261E-09 6.0898E-09 5.5639E-09 5.0571E-09 4.5713E-09 4.1105E-09 3.6793E-09 3.2703E-09
4.9722E-10 5.6229E-10 6.6078E-10 7.4518E-10 8.6102E-10 1.0036E-09 1.1349E-09 1.3083E-09 1.4735E-09 1.6602E-09 1.8643E-09 2.0834E-09 2.3316E-09 2.5948E-09 2.8972E-09 3.2151E-09 3.5600E-09 3.9323E-09 4.3622E-09 4.8223E-09 5.3206E-09 5.8428E-09 6.4169E-09 6.9935E-09 7.5600E-09 8.1410E-09 8.7142E-09 9.2744E-09 9.8080E-09 1.0307E-08 1.0762E-08 1.1162E-08 1.1498E-08 1.1762E-08 1.1950E-08 1.2057E-08 1.2078E-08 1.2015E-08 1.1875E-08 1.1657E-08 1.1369E-08 1.1014E-08 1.0600E-08 1.0137E-08 9.6321E-09 9.0930E-09 8.5347E-09 7.9638E-09 7.3876E-09 6.8174E-09 6.2519E-09 5.7058E-09 5.1785E-09 4.6750E-09 4.1980E-09 3.7512E-09 3.3361E-09
4.5698E-10 5.1789E-10 6.1312E-10 6.9260E-10 8.0967E-10 9.4889E-10 1.0722E-09 1.2515E-09 1.4129E-09 1.5895E-09 1.7914E-09 2.0186E-09 2.2576E-09 2.5276E-09 2.8267E-09 3.1475E-09 3.4969E-09 3.8768E-09 4.3515E-09 4.8064E-09 5.3636E-09 5.9532E-09 6.5518E-09 7.1486E-09 7.7837E-09 8.4074E-09 9.0290E-09 9.6367E-09 1.0219E-08 1.0764E-08 1.1261E-08 1.1697E-08 1.2063E-08 1.2350E-08 1.2549E-08 1.2658E-08 1.2676E-08 1.2603E-08 1.2442E-08 1.2199E-08 1.1876E-08 1.1485E-08 1.1033E-08 1.0530E-08 9.9856E-09 9.4127E-09 8.8169E-09 8.2106E-09 7.6049E-09 7.0014E-09 6.4133E-09 5.8393E-09 5.2917E-09 4.7695E-09 4.2761E-09 3.8126E-09 3.3852E-09
4.1814E-10 4.7512E-10 5.7003E-10 6.4184E-10 7.5909E-10 8.9807E-10 1.0162E-09 1.1898E-09 1.3478E-09 1.5296E-09 1.7272E-09 1.9476E-09 2.1854E-09 2.4648E-09 2.7592E-09 3.0826E-09 3.4371E-09 3.8858E-09 4.3234E-09 4.8282E-09 5.4651E-09 6.0795E-09 6.6977E-09 7.3700E-09 8.0377E-09 8.7162E-09 9.3942E-09 1.0059E-08 1.0697E-08 1.1294E-08 1.1838E-08 1.2314E-08 1.2711E-08 1.3019E-08 1.3231E-08 1.3344E-08 1.3355E-08 1.3267E-08 1.3081E-08 1.2803E-08 1.2443E-08 1.2010E-08 1.1510E-08 1.0959E-08 1.0372E-08 9.7518E-09 9.1151E-09 8.4705E-09 7.8237E-09 7.1902E-09 6.5678E-09 5.9699E-09 5.3942E-09 4.8529E-09 4.3415E-09 3.8650E-09 3.4197E-09
3.8142E-10 4.3416E-10 5.2555E-10 5.9695E-10 7.0754E-10 8.4411E-10 9.6473E-10 1.1362E-09 1.2847E-09 1.4636E-09 1.6656E-09 1.8786E-09 2.1263E-09 2.3972E-09 2.6935E-09 3.0202E-09 3.4087E-09 3.8477E-09 4.3344E-09 4.9598E-09 5.5787E-09 6.2079E-09 6.9117E-09 7.6189E-09 8.3485E-09 9.0893E-09 9.8312E-09 1.0560E-08 1.1260E-08 1.1916E-08 1.2513E-08 1.3035E-08 1.3469E-08 1.3804E-08 1.4032E-08 1.4148E-08 1.4150E-08 1.4038E-08 1.3817E-08 1.3497E-08 1.3087E-08 1.2597E-08 1.2042E-08 1.1438E-08 1.0789E-08 1.0116E-08 9.4304E-09 8.7376E-09 8.0517E-09 7.3740E-09 6.7218E-09 6.0907E-09 5.4927E-09 4.9234E-09 4.3968E-09 3.9020E-09 3.4464E-09
3.4644E-10 3.9512E-10 4.8295E-10 5.5053E-10 6.6306E-10 7.9541E-10 9.0812E-10 1.0779E-09 1.2297E-09 1.4049E-09 1.5977E-09 1.8079E-09 2.0600E-09 2.3275E-09 2.6251E-09 2.9830E-09 3.3562E-09 3.8495E-09 4.4134E-09 5.0560E-09 5.6885E-09 6.4194E-09 7.1581E-09 7.9324E-09 8.7353E-09 9.5512E-09 1.0369E-08 1.1173E-08 1.1945E-08 1.2668E-08 1.3322E-08 1.3891E-08 1.4361E-08 1.4719E-08 1.4956E-08 1.5067E-08 1.5050E-08 1.4908E-08 1.4648E-08 1.4277E-08 1.3805E-08 1.3254E-08 1.2636E-08 1.1962E-08 1.1251E-08 1.0515E-08 9.7668E-09 9.0217E-09 8.2830E-09 7.5654E-09 6.8675E-09 6.2071E-09 5.5759E-09 4.9854E-09 4.4308E-09 3.9260E-09 3.4543E-09
3.1309E-10 3.5864E-10 4.4505E-10 5.0487E-10 6.1446E-10 7.4610E-10 8.5285E-10 1.0213E-09 1.1631E-09 1.3407E-09 1.5257E-09 1.7418E-09 1.9870E-09 2.2550E-09 2.5804E-09 2.9228E-09 3.3795E-09 3.9169E-09 4.4851E-09 5.1416E-09 5.8875E-09 6.6416E-09 7.4500E-09 8.3068E-09 9.1941E-09 1.0101E-08 1.1011E-08 1.1902E-08 1.2758E-08 1.3557E-08 1.4278E-08 1.4902E-08 1.5412E-08 1.5793E-08 1.6038E-08 1.6140E-08 1.6101E-08 1.5920E-08 1.5607E-08 1.5174E-08 1.4637E-08 1.4010E-08 1.3309E-08 1.2558E-08 1.1767E-08 1.0955E-08 1.0136E-08 9.3224E-09 8.5292E-09 7.7554E-09 7.0168E-09 6.3112E-09 5.6541E-09 5.0326E-09 4.4584E-09 3.9319E-09 3.4526E-09
2.8218E-10 3.2390E-10 4.0391E-10 4.6335E-10 5.7124E-10 6.9118E-10 7.9323E-10 9.5896E-10 1.0986E-09 1.2709E-09 1.4529E-09 1.6740E-09 1.9123E-09 2.2030E-09 2.5123E-09 2.8963E-09 3.4143E-09 3.9650E-09 4.5945E-09 5.3332E-09 6.0854E-09 6.9130E-09 7.8108E-09 8.7608E-09 9.7527E-09 1.0765E-08 1.1779E-08 1.2775E-08 1.3726E-08 1.4611E-08 1.5405E-08 1.6087E-08 1.6637E-08 1.7042E-08 1.7290E-08 1.7377E-08 1.7302E-08 1.7069E-08 1.6692E-08 1.6185E-08 1.5562E-08 1.4846E-08 1.4057E-08 1.3209E-08 1.2328E-08 1.1430E-08 1.0531E-08 9.6424E-09 8.7773E-09 7.9518E-09 7.1584E-09 6.4129E-09 5.7155E-09 5.0725E-09 4.4743E-09 3.9264E-09 3.4361E-09
2.5324E-10 2.9047E-10 3.6528E-10 4.2016E-10 5.2424E-10 6.4068E-10 7.3888E-10 8.9267E-10 1.0370E-09 1.1944E-09 1.3736E-09 1.5928E-09 1.8305E-09 2.1256E-09 2.4719E-09 2.9059E-09 3.4554E-09 4.0035E-09 4.7614E-09 5.4966E-09 6.3381E-09 7.2515E-09 8.2436E-09 9.3013E-09 1.0406E-08 1.1538E-08 1.2673E-08 1.3784E-08 1.4845E-08 1.5829E-08 1.6703E-08 1.7448E-08 1.8040E-08 1.8465E-08 1.8708E-08 1.8768E-08 1.8647E-08 1.8353E-08 1.7901E-08 1.7301E-08 1.6581E-08 1.5762E-08 1.4865E-08 1.3915E-08 1.2931E-08 1.1935E-08 1.0946E-08 9.9762E-09 9.0377E-09 8.1408E-09 7.2995E-09 6.5058E-09 5.7689E-09 5.0956E-09 4.4767E-09 3.9125E-09 3.4032E-09
2.2614E-10 2.5922E-10 3.2897E-10 3.8317E-10 4.7638E-10 5.8552E-10 6.7863E-10 8.2414E-10 9.6449E-10 1.1162E-09 1.2971E-09 1.5105E-09 1.7699E-09 2.0764E-09 2.4644E-09 2.9188E-09 3.4558E-09 4.1020E-09 4.8927E-09 5.7239E-09 6.6391E-09 7.6507E-09 8.7540E-09 9.9353E-09 1.1174E-08 1.2442E-08 1.3712E-08 1.4954E-08 1.6139E-08 1.7227E-08 1.8193E-08 1.9005E-08 1.9635E-08 2.0070E-08 2.0301E-08 2.0325E-08 2.0147E-08 1.9775E-08 1.9228E-08 1.8527E-08 1.7694E-08 1.6754E-08 1.5739E-08 1.4669E-08 1.3572E-08 1.2468E-08 1.1378E-08 1.0319E-08 9.3009E-09 8.3335E-09 7.4299E-09 6.5892E-09 5.8149E-09 5.1019E-09 4.4651E-09 3.8814E-09 3.3566E-09
2.0012E-10 2.2940E-10 2.9460E-10 3.4441E-10 4.2954E-10 5.3277E-10 6.2055E-10 7.5688E-10 8.9247E-10 1.0397E-09 1.2215E-09 1.4463E-09 1.7144E-09 2.0542E-09 2.4066E-09 2.9423E-09 3.5385E-09 4.2721E-09 5.0574E-09 5.9753E-09 6.9929E-09 8.1258E-09 9.3573E-09 1.0677E-08 1.2061E-08 1.3480E-08 1.4900E-08 1.6283E-08 1.7595E-08 1.8798E-08 1.9861E-08 2.0738E-08 2.1414E-08 2.1862E-08 2.2074E-08 2.2054E-08 2.1802E-08 2.1338E-08 2.0683E-08 1.9858E-08 1.8894E-08 1.7824E-08 1.6668E-08 1.5468E-08 1.4244E-08 1.3022E-08 1.1822E-08 1.0665E-08 9.5624E-09 8.5225E-09 7.5487E-09 6.6605E-09 5.8408E-09 5.0966E-09 4.4316E-09 3.8359E-09 3.2996E-09
1.7522E-10 2.0182E-10 2.6314E-10 3.0863E-10 3.8507E-10 4.8208E-10 5.6456E-10 6.9856E-10 8.2113E-10 9.6385E-10 1.1560E-09 1.3858E-09 1.6798E-09 1.9864E-09 2.4616E-09 2.9975E-09 3.6682E-09 4.4006E-09 5.2788E-09 6.2659E-09 7.4149E-09 8.6756E-09 1.0054E-08 1.1532E-08 1.3083E-08 1.4671E-08 1.6256E-08 1.7793E-08 1.9238E-08 2.0561E-08 2.1712E-08 2.2667E-08 2.3382E-08 2.3836E-08 2.4027E-08 2.3946E-08 2.3610E-08 2.3041E-08 2.2255E-08 2.1291E-08 2.0180E-08 1.8954E-08 1.7653E-08 1.6302E-08 1.4941E-08 1.3590E-08 1.2273E-08 1.1007E-08 9.8141E-09 8.6948E-09 7.6583E-09 6.7082E-09 5.8537E-09 5.0749E-09 4.3784E-09 3.7719E-09 3.2280E-09
1.5220E-10 1.7568E-10 2.3328E-10 2.7456E-10 3.4408E-10 4.3056E-10 5.1034E-10 6.3335E-10 7.5194E-10 9.0098E-10 1.0932E-09 1.3048E-09 1.6063E-09 2.0186E-09 2.4654E-09 3.0556E-09 3.7614E-09 4.5783E-09 5.5174E-09 6.6402E-09 7.8921E-09 9.3040E-09 1.0852E-08 1.2512E-08 1.4249E-08 1.6025E-08 1.7792E-08 1.9497E-08 2.1091E-08 2.2523E-08 2.3768E-08 2.4779E-08 2.5528E-08 2.5989E-08 2.6141E-08 2.5996E-08 2.5565E-08 2.4865E-08 2.3939E-08 2.2817E-08 2.1538E-08 2.0148E-08 1.8676E-08 1.7168E-08 1.5651E-08 1.4161E-08 1.2717E-08 1.1342E-08 1.0045E-08 8.8484E-09 7.7423E-09 6.7345E-09 5.8360E-09 5.0285E-09 4.3098E-09 3.6877E-09 3.1418E-09
