Assets/Resources/2015_m01_d08_1500(utc+0800)_l00_csi_1hr_conc.grd
DSAA
         159         159
     -79.000      79.000
     -79.000      79.000
  0.2425E-09  0.7854E-05
[rows 75 to 99 of 159, columns 0 to 56 of 159]
1.0653E-09 1.0870E-09 1.1095E-09 1.1317E-09 1.1541E-09 1.1774E-09 1.2003E-09 1.2240E-09 1.2474E-09 1.2710E-09 1.2963E-09 1.3204E-09 1.3462E-09 1.3784E-09 1.4057E-09 1.4350E-09 1.4693E-09 1.5005E-09 1.5356E-09 1.5885E-09 1.6238E-09 1.6642E-09 1.7304E-09 1.7817E-09 1.8448E-09 1.9107E-09 1.9752E-09 2.0581E-09 2.1383E-09 2.2129E-09 2.3089E-09 2.3977E-09 2.4822E-09 2.5884E-09 2.6798E-09 2.7798E-09 2.8963E-09 2.9991E-09 3.1082E-09 3.2303E-09 3.3472E-09 3.4731E-09 3.6070E-09 3.7816E-09 4.0047E-09 4.2761E-09 4.6364E-09 5.1144E-09 5.7191E-09 6.5397E-09 7.6131E-09 9.0312E-09 1.0875E-08 1.3219E-08 1.6139E-08 1.9738E-08 2.4045E-08
1.0616E-09 1.0832E-09 1.1056E-09 1.1278E-09 1.1501E-09 1.1733E-09 1.1962E-09 1.2198E-09 1.2432E-09 1.2681E-09 1.2919E-09 1.3160E-09 1.3417E-09 1.3739E-09 1.4012E-09 1.4304E-09 1.4648E-09 1.4960E-09 1.5312E-09 1.5843E-09 1.6240E-09 1.6776E-09 1.7295E-09 1.7786E-09 1.8531E-09 1.9122E-09 1.9773E-09 2.0595E-09 2.1382E-09 2.2135E-09 2.3137E-09 2.4029E-09 2.4894E-09 2.5967E-09 2.6967E-09 2.7937E-09 2.9039E-09 3.0080E-09 3.1221E-09 3.2425E-09 3.3612E-09 3.4883E-09 3.6291E-09 3.8050E-09 4.0424E-09 4.3063E-09 4.6707E-09 5.1285E-09 5.7104E-09 6.4914E-09 7.5170E-09 8.8232E-09 1.0505E-08 1.2620E-08 1.5174E-08 1.8296E-08 2.1953E-08
1.0577E-09 1.0792E-09 1.1016E-09 1.1236E-09 1.1459E-09 1.1690E-09 1.1918E-09 1.2154E-09 1.2387E-09 1.2635E-09 1.2873E-09 1.3113E-09 1.3369E-09 1.3691E-09 1.3964E-09 1.4256E-09 1.4638E-09 1.4927E-09 1.5264E-09 1.5822E-09 1.6232E-09 1.6832E-09 1.7256E-09 1.7785E-09 1.8522E-09 1.9096E-09 1.9751E-09 2.0611E-09 2.1440E-09 2.2261E-09 2.3264E-09 2.4118E-09 2.4999E-09 2.6076E-09 2.7011E-09 2.7990E-09 2.9103E-09 3.0158E-09 3.1348E-09 3.2535E-09 3.3733E-09 3.5032E-09 3.6518E-09 3.8418E-09 4.0728E-09 4.3395E-09 4.6881E-09 5.1511E-09 5.7179E-09 6.4722E-09 7.4401E-09 8.6490E-09 1.0199E-08 1.2064E-08 1.4315E-08 1.6989E-08 2.0072E-08
1.0535E-09 1.0750E-09 1.0973E-09 1.1192E-09 1.1414E-09 1.1645E-09 1.1872E-09 1.2107E-09 1.2339E-09 1.2587E-09 1.2824E-09 1.3063E-09 1.3319E-09 1.3640E-09 1.3913E-09 1.4204E-09 1.4587E-09 1.4894E-09 1.5317E-09 1.5773E-09 1.6184E-09 1.6787E-09 1.7249E-09 1.7744E-09 1.8508E-09 1.9090E-09 1.9723E-09 2.0617E-09 2.1426E-09 2.2370E-09 2.3337E-09 2.4165E-09 2.5088E-09 2.6101E-09 2.7044E-09 2.8063E-09 2.9153E-09 3.0221E-09 3.1463E-09 3.2628E-09 3.3832E-09 3.5174E-09 3.6732E-09 3.8679E-09 4.1007E-09 4.3705E-09 4.7406E-09 5.1831E-09 5.7416E-09 6.4879E-09 7.3900E-09 8.5212E-09 9.9245E-09 1.1590E-08 1.3585E-08 1.5895E-08 1.8519E-08
1.0491E-09 1.0705E-09 1.0927E-09 1.1146E-09 1.1368E-09 1.1597E-09 1.1824E-09 1.2058E-09 1.2289E-09 1.2536E-09 1.2772E-09 1.3010E-09 1.3266E-09 1.3587E-09 1.3859E-09 1.4150E-09 1.4532E-09 1.4840E-09 1.5351E-09 1.5720E-09 1.6132E-09 1.6758E-09 1.7201E-09 1.7698E-09 1.8493E-09 1.9072E-09 1.9925E-09 2.0690E-09 2.1512E-09 2.2356E-09 2.3330E-09 2.4164E-09 2.5094E-09 2.6115E-09 2.7065E-09 2.8125E-09 2.9190E-09 3.0270E-09 3.1561E-09 3.2702E-09 3.3914E-09 3.5319E-09 3.6953E-09 3.8976E-09 4.1341E-09 4.4106E-09 4.7773E-09 5.2171E-09 5.7841E-09 6.4935E-09 7.3465E-09 8.4130E-09 9.6985E-09 1.1211E-08 1.3009E-08 1.5035E-08 1.7296E-08
1.0446E-09 1.0659E-09 1.0880E-09 1.1098E-09 1.1325E-09 1.1548E-09 1.1773E-09 1.2007E-09 1.2237E-09 1.2483E-09 1.2718E-09 1.2956E-09 1.3210E-09 1.3550E-09 1.3802E-09 1.4092E-09 1.4475E-09 1.4802E-09 1.5295E-09 1.5664E-09 1.6076E-09 1.6705E-09 1.7174E-09 1.7648E-09 1.8447E-09 1.9050E-09 1.9888E-09 2.0714E-09 2.1484E-09 2.2404E-09 2.3341E-09 2.4154E-09 2.5121E-09 2.6118E-09 2.7114E-09 2.8217E-09 2.9291E-09 3.0379E-09 3.1608E-09 3.2757E-09 3.4000E-09 3.5462E-09 3.7175E-09 3.9368E-09 4.1718E-09 4.4658E-09 4.8265E-09 5.2653E-09 5.8212E-09 6.5048E-09 7.3218E-09 8.3408E-09 9.5228E-09 1.0906E-08 1.2541E-08 1.4346E-08 1.6364E-08
1.0398E-09 1.0610E-09 1.0831E-09 1.1048E-09 1.1274E-09 1.1496E-09 1.1720E-09 1.1953E-09 1.2182E-09 1.2428E-09 1.2662E-09 1.2898E-09 1.3151E-09 1.3491E-09 1.3743E-09 1.4032E-09 1.4415E-09 1.4757E-09 1.5235E-09 1.5604E-09 1.6016E-09 1.6693E-09 1.7137E-09 1.7728E-09 1.8430E-09 1.9056E-09 1.9844E-09 2.0706E-09 2.1448E-09 2.2374E-09 2.3316E-09 2.4213E-09 2.5107E-09 2.6149E-09 2.7111E-09 2.8277E-09 2.9301E-09 3.0397E-09 3.1638E-09 3.2792E-09 3.4075E-09 3.5619E-09 3.7353E-09 3.9619E-09 4.2063E-09 4.5057E-09 4.8722E-09 5.3090E-09 5.8568E-09 6.5259E-09 7.3141E-09 8.2848E-09 9.3983E-09 1.0707E-08 1.2204E-08 1.3866E-08 1.5704E-08
1.0349E-09 1.0560E-09 1.0780E-09 1.0996E-09 1.1221E-09 1.1442E-09 1.1665E-09 1.1897E-09 1.2125E-09 1.2370E-09 1.2603E-09 1.2838E-09 1.3091E-09 1.3430E-09 1.3695E-09 1.4047E-09 1.4351E-09 1.4693E-09 1.5190E-09 1.5564E-09 1.5952E-09 1.6631E-09 1.7076E-09 1.7754E-09 1.8411E-09 1.9070E-09 1.9882E-09 2.0685E-09 2.1404E-09 2.2362E-09 2.3281E-09 2.4222E-09 2.5227E-09 2.6203E-09 2.7095E-09 2.8267E-09 2.9297E-09 3.0399E-09 3.1649E-09 3.2809E-09 3.4164E-09 3.5742E-09 3.7612E-09 3.9845E-09 4.2333E-09 4.5358E-09 4.9068E-09 5.3391E-09 5.8872E-09 6.5290E-09 7.3003E-09 8.2130E-09 9.2692E-09 1.0501E-08 1.1899E-08 1.3445E-08 1.5159E-08
1.0298E-09 1.0508E-09 1.0726E-09 1.0942E-09 1.1165E-09 1.1385E-09 1.1608E-09 1.1839E-09 1.2066E-09 1.2310E-09 1.2542E-09 1.2776E-09 1.3027E-09 1.3366E-09 1.3630E-09 1.3981E-09 1.4285E-09 1.4626E-09 1.5123E-09 1.5497E-09 1.5957E-09 1.6565E-09 1.7046E-09 1.7784E-09 1.8349E-09 1.9010E-09 1.9825E-09 2.0631E-09 2.1430E-09 2.2314E-09 2.3276E-09 2.4182E-09 2.5192E-09 2.6172E-09 2.7142E-09 2.8244E-09 2.9278E-09 3.0383E-09 3.1642E-09 3.2820E-09 3.4236E-09 3.5836E-09 3.7698E-09 3.9989E-09 4.2479E-09 4.5674E-09 4.9313E-09 5.3508E-09 5.8954E-09 6.5150E-09 7.2496E-09 8.1343E-09 9.1418E-09 1.0300E-08 1.1627E-08 1.3093E-08 1.4696E-08
1.0244E-09 1.0453E-09 1.0671E-09 1.0885E-09 1.1108E-09 1.1327E-09 1.1548E-09 1.1778E-09 1.2004E-09 1.2247E-09 1.2478E-09 1.2711E-09 1.2961E-09 1.3299E-09 1.3581E-09 1.3913E-09 1.4216E-09 1.4556E-09 1.5077E-09 1.5426E-09 1.5911E-09 1.6530E-09 1.6997E-09 1.7715E-09 1.8307E-09 1.8944E-09 1.9787E-09 2.0569E-09 2.1399E-09 2.2296E-09 2.3223E-09 2.4132E-09 2.5145E-09 2.6128E-09 2.7101E-09 2.8207E-09 2.9244E-09 3.0350E-09 3.1615E-09 3.2813E-09 3.4266E-09 3.5863E-09 3.7737E-09 4.0074E-09 4.2562E-09 4.5814E-09 4.9419E-09 5.3563E-09 5.8907E-09 6.4940E-09 7.2060E-09 8.0583E-09 9.0144E-09 1.0148E-08 1.1395E-08 1.2780E-08 1.4315E-08
1.0189E-09 1.0397E-09 1.0614E-09 1.0827E-09 1.1048E-09 1.1266E-09 1.1487E-09 1.1716E-09 1.1940E-09 1.2182E-09 1.2412E-09 1.2644E-09 1.2893E-09 1.3230E-09 1.3511E-09 1.3841E-09 1.4143E-09 1.4482E-09 1.5003E-09 1.5370E-09 1.5837E-09 1.6456E-09 1.6922E-09 1.7642E-09 1.8233E-09 1.8871E-09 1.9717E-09 2.0521E-09 2.1369E-09 2.2298E-09 2.3159E-09 2.4072E-09 2.5121E-09 2.6073E-09 2.7048E-09 2.8156E-09 2.9195E-09 3.0333E-09 3.1569E-09 3.2805E-09 3.4271E-09 3.5860E-09 3.7778E-09 4.0112E-09 4.2620E-09 4.5885E-09 4.9441E-09 5.3652E-09 5.8809E-09 6.4653E-09 7.1650E-09 7.9900E-09 8.9059E-09 9.9880E-09 1.1188E-08 1.2517E-08 1.3993E-08
1.0132E-09 1.0339E-09 1.0555E-09 1.0767E-09 1.0987E-09 1.1204E-09 1.1423E-09 1.1651E-09 1.1874E-09 1.2115E-09 1.2344E-09 1.2574E-09 1.2822E-09 1.3158E-09 1.3437E-09 1.3767E-09 1.4068E-09 1.4406E-09 1.4926E-09 1.5292E-09 1.5758E-09 1.6377E-09 1.6842E-09 1.7562E-09 1.8154E-09 1.8869E-09 1.9639E-09 2.0482E-09 2.1294E-09 2.2225E-09 2.3087E-09 2.4000E-09 2.5051E-09 2.6004E-09 2.6981E-09 2.8091E-09 2.9132E-09 3.0265E-09 3.1506E-09 3.2787E-09 3.4237E-09 3.5832E-09 3.7776E-09 4.0098E-09 4.2627E-09 4.5904E-09 4.9383E-09 5.3598E-09 5.8632E-09 6.4325E-09 7.1198E-09 7.9123E-09 8.8029E-09 9.8605E-09 1.1005E-08 1.2289E-08 1.3717E-08
1.0073E-09 1.0279E-09 1.0494E-09 1.0704E-09 1.0924E-09 1.1139E-09 1.1357E-09 1.1584E-09 1.1806E-09 1.2045E-09 1.2273E-09 1.2503E-09 1.2749E-09 1.3083E-09 1.3362E-09 1.3690E-09 1.3989E-09 1.4326E-09 1.4845E-09 1.5210E-09 1.5676E-09 1.6293E-09 1.6758E-09 1.7478E-09 1.8070E-09 1.8785E-09 1.9592E-09 2.0398E-09 2.1210E-09 2.2176E-09 2.3077E-09 2.3918E-09 2.4970E-09 2.5924E-09 2.6901E-09 2.8012E-09 2.9053E-09 3.0217E-09 3.1428E-09 3.2749E-09 3.4192E-09 3.5778E-09 3.7747E-09 4.0057E-09 4.2592E-09 4.5835E-09 4.9290E-09 5.3475E-09 5.8413E-09 6.3973E-09 7.0839E-09 7.8428E-09 8.6991E-09 9.7227E-09 1.0837E-08 1.2087E-08 1.3460E-08
1.0013E-09 1.0218E-09 1.0431E-09 1.0640E-09 1.0858E-09 1.1073E-09 1.1290E-09 1.1515E-09 1.1736E-09 1.1974E-09 1.2200E-09 1.2428E-09 1.2674E-09 1.3006E-09 1.3284E-09 1.3610E-09 1.3908E-09 1.4244E-09 1.4761E-09 1.5125E-09 1.5589E-09 1.6231E-09 1.6670E-09 1.7388E-09 1.7980E-09 1.8694E-09 1.9501E-09 2.0306E-09 2.1119E-09 2.2111E-09 2.2984E-09 2.3898E-09 2.4878E-09 2.5831E-09 2.6808E-09 2.7918E-09 2.8959E-09 3.0152E-09 3.1345E-09 3.2687E-09 3.4110E-09 3.5701E-09 3.7682E-09 3.9987E-09 4.2526E-09 4.5701E-09 4.9142E-09 5.3286E-09 5.8086E-09 6.3571E-09 7.0256E-09 7.7629E-09 8.6061E-09 9.5926E-09 1.0673E-08 1.1895E-08 1.3226E-08
9.9506E-10 1.0154E-09 1.0366E-09 1.0574E-09 1.0791E-09 1.1004E-09 1.1220E-09 1.1444E-09 1.1664E-09 1.1900E-09 1.2125E-09 1.2352E-09 1.2596E-09 1.2927E-09 1.3188E-09 1.3528E-09 1.3824E-09 1.4158E-09 1.4674E-09 1.5036E-09 1.5499E-09 1.6139E-09 1.6576E-09 1.7319E-09 1.7884E-09 1.8633E-09 1.9403E-09 2.0207E-09 2.1019E-09 2.2010E-09 2.2882E-09 2.3795E-09 2.4774E-09 2.5766E-09 2.6701E-09 2.7811E-09 2.8851E-09 3.0042E-09 3.1238E-09 3.2598E-09 3.3997E-09 3.5606E-09 3.7570E-09 3.9866E-09 4.2407E-09 4.5514E-09 4.8915E-09 5.3016E-09 5.7702E-09 6.3114E-09 6.9668E-09 7.6827E-09 8.4987E-09 9.4621E-09 1.0524E-08 1.1704E-08 1.3002E-08
9.8867E-10 1.0089E-09 1.0300E-09 1.0507E-09 1.0716E-09 1.0934E-09 1.1148E-09 1.1371E-09 1.1589E-09 1.1824E-09 1.2048E-09 1.2274E-09 1.2516E-09 1.2845E-09 1.3105E-09 1.3443E-09 1.3738E-09 1.4070E-09 1.4583E-09 1.4944E-09 1.5405E-09 1.6043E-09 1.6553E-09 1.7126E-09 1.7782E-09 1.8531E-09 1.9298E-09 2.0101E-09 2.0911E-09 2.1900E-09 2.2851E-09 2.3682E-09 2.4659E-09 2.5648E-09 2.6582E-09 2.7689E-09 2.8727E-09 2.9916E-09 3.1117E-09 3.2472E-09 3.3876E-09 3.5477E-09 3.7433E-09 3.9695E-09 4.2233E-09 4.5290E-09 4.8642E-09 5.2655E-09 5.7275E-09 6.2589E-09 6.8966E-09 7.5979E-09 8.3933E-09 9.3250E-09 1.0355E-08 1.1505E-08 1.2776E-08
9.8211E-10 1.0022E-09 1.0231E-09 1.0437E-09 1.0645E-09 1.0862E-09 1.1075E-09 1.1296E-09 1.1513E-09 1.1747E-09 1.1969E-09 1.2193E-09 1.2434E-09 1.2761E-09 1.3000E-09 1.3278E-09 1.3648E-09 1.3963E-09 1.4489E-09 1.4848E-09 1.5308E-09 1.5942E-09 1.6451E-09 1.7022E-09 1.7676E-09 1.8422E-09 1.9187E-09 1.9987E-09 2.0795E-09 2.1750E-09 2.2730E-09 2.3558E-09 2.4532E-09 2.5519E-09 2.6450E-09 2.7554E-09 2.8588E-09 2.9744E-09 3.0976E-09 3.2322E-09 3.3723E-09 3.5316E-09 3.7249E-09 3.9513E-09 4.1992E-09 4.5029E-09 4.8323E-09 5.2114E-09 5.6764E-09 6.1945E-09 6.8026E-09 7.5006E-09 8.2724E-09 9.1849E-09 1.0189E-08 1.1304E-08 1.2542E-08
9.7538E-10 9.9534E-10 1.0161E-09 1.0366E-09 1.0572E-09 1.0788E-09 1.0999E-09 1.1219E-09 1.1435E-09 1.1667E-09 1.1888E-09 1.2110E-09 1.2350E-09 1.2675E-09 1.2912E-09 1.3188E-09 1.3556E-09 1.3869E-09 1.4392E-09 1.4749E-09 1.5207E-09 1.5838E-09 1.6324E-09 1.6828E-09 1.7563E-09 1.8289E-09 1.9069E-09 1.9866E-09 2.0671E-09 2.1588E-09 2.2599E-09 2.3351E-09 2.4434E-09 2.5377E-09 2.6304E-09 2.7404E-09 2.8434E-09 2.9561E-09 3.0826E-09 3.2140E-09 3.3543E-09 3.5128E-09 3.7030E-09 3.9293E-09 4.1707E-09 4.4680E-09 4.7948E-09 5.1607E-09 5.6164E-09 6.1219E-09 6.7099E-09 7.3945E-09 8.1463E-09 9.0283E-09 1.0009E-08 1.1094E-08 1.2292E-08
9.6850E-10 9.8832E-10 1.0090E-09 1.0293E-09 1.0498E-09 1.0712E-09 1.0922E-09 1.1140E-09 1.1354E-09 1.1585E-09 1.1804E-09 1.2025E-09 1.2263E-09 1.2568E-09 1.2822E-09 1.3096E-09 1.3462E-09 1.3772E-09 1.4204E-09 1.4628E-09 1.5102E-09 1.5709E-09 1.6213E-09 1.6715E-09 1.7446E-09 1.8169E-09 1.8944E-09 1.9737E-09 2.0539E-09 2.1452E-09 2.2385E-09 2.3207E-09 2.4285E-09 2.5224E-09 2.6146E-09 2.7241E-09 2.8266E-09 2.9393E-09 3.0662E-09 3.1933E-09 3.3337E-09 3.4907E-09 3.6772E-09 3.9007E-09 4.1363E-09 4.4275E-09 4.7479E-09 5.1067E-09 5.5504E-09 6.0407E-09 6.6124E-09 7.2730E-09 8.0041E-09 8.8662E-09 9.8129E-09 1.0864E-08 1.2033E-08
9.6147E-10 9.8115E-10 1.0017E-09 1.0218E-09 1.0422E-09 1.0634E-09 1.0843E-09 1.1059E-09 1.1272E-09 1.1487E-09 1.1719E-09 1.1939E-09 1.2175E-09 1.2477E-09 1.2730E-09 1.3002E-09 1.3365E-09 1.3658E-09 1.4083E-09 1.4523E-09 1.4994E-09 1.5597E-09 1.6098E-09 1.6597E-09 1.7323E-09 1.8006E-09 1.8717E-09 1.9562E-09 2.0399E-09 2.1307E-09 2.2236E-09 2.3053E-09 2.4091E-09 2.5058E-09 2.5975E-09 2.7064E-09 2.8083E-09 2.9172E-09 3.0463E-09 3.1706E-09 3.3080E-09 3.4643E-09 3.6373E-09 3.8673E-09 4.0978E-09 4.3724E-09 4.6948E-09 5.0419E-09 5.4771E-09 5.9510E-09 6.4902E-09 7.1477E-09 7.8550E-09 8.6856E-09 9.6047E-09 1.0625E-08 1.1751E-08
9.5428E-10 9.7382E-10 9.9419E-10 1.0142E-09 1.0344E-09 1.0555E-09 1.0762E-09 1.0971E-09 1.1188E-09 1.1402E-09 1.1632E-09 1.1850E-09 1.2085E-09 1.2384E-09 1.2635E-09 1.2905E-09 1.3265E-09 1.3537E-09 1.3899E-09 1.4414E-09 1.4866E-09 1.5481E-09 1.5979E-09 1.6449E-09 1.7195E-09 1.7874E-09 1.8559E-09 1.9420E-09 2.0252E-09 2.1154E-09 2.2077E-09 2.2889E-09 2.3881E-09 2.4881E-09 2.5792E-09 2.6853E-09 2.7886E-09 2.8972E-09 3.0239E-09 3.1468E-09 3.2822E-09 3.4347E-09 3.6051E-09 3.8312E-09 4.0549E-09 4.3227E-09 4.6383E-09 4.9751E-09 5.3924E-09 5.8577E-09 6.3782E-09 7.0102E-09 7.6982E-09 8.4894E-09 9.3872E-09 1.0370E-08 1.1461E-08
9.4695E-10 9.6634E-10 9.8656E-10 1.0064E-09 1.0265E-09 1.0474E-09 1.0679E-09 1.0887E-09 1.1103E-09 1.1315E-09 1.1543E-09 1.1759E-09 1.1992E-09 1.2289E-09 1.2538E-09 1.2806E-09 1.3144E-09 1.3433E-09 1.3792E-09 1.4303E-09 1.4726E-09 1.5271E-09 1.5856E-09 1.6323E-09 1.7063E-09 1.7716E-09 1.8417E-09 1.9271E-09 2.0080E-09 2.0992E-09 2.1909E-09 2.2715E-09 2.3636E-09 2.4654E-09 2.5597E-09 2.6650E-09 2.7676E-09 2.8756E-09 3.0008E-09 3.1213E-09 3.2537E-09 3.4039E-09 3.5705E-09 3.7906E-09 4.0120E-09 4.2598E-09 4.5775E-09 4.9080E-09 5.2959E-09 5.7544E-09 6.2617E-09 6.8708E-09 7.5329E-09 8.2824E-09 9.1644E-09 1.0112E-08 1.1160E-08
9.3948E-10 9.5872E-10 9.7818E-10 9.9849E-10 1.0184E-09 1.0392E-09 1.0595E-09 1.0801E-09 1.1015E-09 1.1226E-09 1.1452E-09 1.1667E-09 1.1884E-09 1.2117E-09 1.2440E-09 1.2705E-09 1.3040E-09 1.3326E-09 1.3683E-09 1.4189E-09 1.4609E-09 1.5066E-09 1.5636E-09 1.6192E-09 1.6904E-09 1.7505E-09 1.8202E-09 1.9083E-09 1.9891E-09 2.0688E-09 2.1713E-09 2.2532E-09 2.3410E-09 2.4455E-09 2.5391E-09 2.6435E-09 2.7452E-09 2.8513E-09 2.9750E-09 3.0948E-09 3.2227E-09 3.3710E-09 3.5351E-09 3.7348E-09 3.9634E-09 4.2069E-09 4.5098E-09 4.8321E-09 5.1963E-09 5.6498E-09 6.1394E-09 6.7254E-09 7.3619E-09 8.0835E-09 8.9295E-09 9.8394E-09 1.0846E-08
9.3187E-10 9.5095E-10 9.7026E-10 9.9040E-10 1.0102E-09 1.0308E-09 1.0510E-09 1.0714E-09 1.0926E-09 1.1135E-09 1.1360E-09 1.1573E-09 1.1788E-09 1.2020E-09 1.2339E-09 1.2602E-09 1.2934E-09 1.3218E-09 1.3571E-09 1.4052E-09 1.4453E-09 1.4898E-09 1.5505E-09 1.6040E-09 1.6669E-09 1.7358E-09 1.8049E-09 1.8922E-09 1.9722E-09 2.0512E-09 2.1447E-09 2.2339E-09 2.3210E-09 2.4171E-09 2.5099E-09 2.6172E-09 2.7216E-09 2.8267E-09 2.9478E-09 3.0667E-09 3.1923E-09 3.3346E-09 3.4957E-09 3.6786E-09 3.9100E-09 4.1481E-09 4.4433E-09 4.7527E-09 5.1048E-09 5.5439E-09 6.0133E-09 6.5609E-09 7.1863E-09 7.8749E-09 8.6818E-09 9.5592E-09 1.0522E-08
9.2413E-10 9.4305E-10 9.6220E-10 9.8218E-10 1.0018E-09 1.0222E-09 1.0423E-09 1.0625E-09 1.0836E-09 1.1043E-09 1.1266E-09 1.1477E-09 1.1690E-09 1.1920E-09 1.2236E-09 1.2497E-09 1.2748E-09 1.3107E-09 1.3433E-09 1.3932E-09 1.4330E-09 1.4771E-09 1.5372E-09 1.5901E-09 1.6524E-09 1.7187E-09 1.7826E-09 1.8694E-09 1.9547E-09 2.0303E-09 2.1255E-09 2.2138E-09 2.3000E-09 2.3952E-09 2.4870E-09 2.5901E-09 2.6965E-09 2.7999E-09 2.9197E-09 3.0353E-09 3.1601E-09 3.2991E-09 3.4529E-09 3.6322E-09 3.8575E-09 4.0865E-09 4.3602E-09 4.6735E-09 5.0091E-09 5.4308E-09 5.8862E-09 6.3937E-09 7.0022E-09 7.6643E-09 8.4167E-09 9.2647E-09 1.0182E-08
