Assets/Resources/2015_m01_d07_0500(utc+0800)_l00_csi_1hr_conc.grd
DSAA
         159         159
     -79.000      79.000
     -79.000      79.000
  0.0000E+00  0.6521E-05
[rows 25 to 49 of 159, columns 57 to 113 of 159]
4.5183E-09 4.8136E-09 5.1112E-09 5.4261E-09 5.7495E-09 6.0805E-09 6.4193E-09 6.7753E-09 7.1437E-09 7.5149E-09 7.8930E-09 8.2734E-09 8.6533E-09 9.0298E-09 9.3986E-09 9.7594E-09 1.0110E-08 1.0448E-08 1.0773E-08 1.1082E-08 1.1371E-08 1.1640E-08 1.1888E-08 1.2109E-08 1.2300E-08 1.2460E-08 1.2586E-08 1.2675E-08 1.2730E-08 1.2750E-08 1.2736E-08 1.2688E-08 1.2606E-08 1.2494E-08 1.2352E-08 1.2182E-08 1.1985E-08 1.1766E-08 1.1525E-08 1.1266E-08 1.0991E-08 1.0702E-08 1.0401E-08 1.0095E-08 9.7810E-09 9.4633E-09 9.1449E-09 8.8269E-09 8.5082E-09 8.1921E-09 7.8801E-09 7.5726E-09 7.2689E-09 6.9743E-09 6.6868E-09 6.3996E-09 6.1274E-09
4.5878E-09 4.8895E-09 5.2112E-09 5.5420E-09 5.8811E-09 6.2311E-09 6.5999E-09 6.9764E-09 7.3626E-09 7.7584E-09 8.1632E-09 8.5748E-09 8.9877E-09 9.3973E-09 9.8012E-09 1.0195E-08 1.0579E-08 1.0950E-08 1.1306E-08 1.1644E-08 1.1960E-08 1.2252E-08 1.2522E-08 1.2762E-08 1.2971E-08 1.3146E-08 1.3283E-08 1.3379E-08 1.3437E-08 1.3455E-08 1.3436E-08 1.3380E-08 1.3287E-08 1.3160E-08 1.3000E-08 1.2810E-08 1.2592E-08 1.2348E-08 1.2081E-08 1.1796E-08 1.1493E-08 1.1177E-08 1.0850E-08 1.0515E-08 1.0176E-08 9.8327E-09 9.4877E-09 9.1423E-09 8.7993E-09 8.4587E-09 8.1217E-09 7.7944E-09 7.4728E-09 7.1560E-09 6.8516E-09 6.5537E-09 6.2587E-09
4.6441E-09 4.9693E-09 5.3055E-09 5.6512E-09 6.0133E-09 6.3926E-09 6.7779E-09 7.1756E-09 7.5849E-09 8.0096E-09 8.4438E-09 8.8870E-09 9.3348E-09 9.7817E-09 1.0224E-08 1.0656E-08 1.1076E-08 1.1480E-08 1.1867E-08 1.2235E-08 1.2580E-08 1.2901E-08 1.3196E-08 1.3459E-08 1.3687E-08 1.3876E-08 1.4022E-08 1.4125E-08 1.4185E-08 1.4203E-08 1.4179E-08 1.4114E-08 1.4010E-08 1.3867E-08 1.3688E-08 1.3476E-08 1.3232E-08 1.2962E-08 1.2668E-08 1.2353E-08 1.2020E-08 1.1675E-08 1.1317E-08 1.0954E-08 1.0584E-08 1.0213E-08 9.8409E-09 9.4681E-09 9.0964E-09 8.7311E-09 8.3690E-09 8.0150E-09 7.6755E-09 7.3409E-09 7.0134E-09 6.7019E-09 6.3949E-09
4.6988E-09 5.0385E-09 5.3878E-09 5.7589E-09 6.1473E-09 6.5433E-09 6.9534E-09 7.3780E-09 7.8174E-09 8.2692E-09 8.7361E-09 9.2104E-09 9.6935E-09 1.0179E-08 1.0661E-08 1.1133E-08 1.1591E-08 1.2033E-08 1.2456E-08 1.2858E-08 1.3235E-08 1.3584E-08 1.3904E-08 1.4189E-08 1.4435E-08 1.4712E-08 1.4873E-08 1.4985E-08 1.5050E-08 1.5068E-08 1.5039E-08 1.4964E-08 1.4845E-08 1.4684E-08 1.4484E-08 1.4247E-08 1.3976E-08 1.3676E-08 1.3279E-08 1.2933E-08 1.2570E-08 1.2192E-08 1.1804E-08 1.1410E-08 1.1011E-08 1.0606E-08 1.0200E-08 9.7986E-09 9.3982E-09 9.0030E-09 8.6187E-09 8.2407E-09 7.8749E-09 7.5248E-09 7.1793E-09 6.8441E-09 6.5263E-09
4.7448E-09 5.0931E-09 5.4662E-09 5.8569E-09 6.2600E-09 6.6812E-09 7.1202E-09 7.5759E-09 8.0471E-09 8.5340E-09 9.0342E-09 9.5455E-09 1.0065E-08 1.0591E-08 1.1115E-08 1.1631E-08 1.2134E-08 1.2618E-08 1.3080E-08 1.3515E-08 1.3924E-08 1.4375E-08 1.4727E-08 1.5041E-08 1.5312E-08 1.5536E-08 1.5709E-08 1.5828E-08 1.5895E-08 1.5910E-08 1.5875E-08 1.5788E-08 1.5654E-08 1.5474E-08 1.5251E-08 1.4988E-08 1.4689E-08 1.4357E-08 1.3998E-08 1.3615E-08 1.3215E-08 1.2800E-08 1.2307E-08 1.1880E-08 1.1446E-08 1.1008E-08 1.0568E-08 1.0131E-08 9.7036E-09 9.2804E-09 8.8674E-09 8.4671E-09 8.0762E-09 7.7014E-09 7.3417E-09 6.9858E-09 6.6479E-09
4.7782E-09 5.1494E-09 5.5387E-09 5.9426E-09 6.3672E-09 6.8130E-09 7.2784E-09 7.7636E-09 8.2668E-09 8.7872E-09 9.3239E-09 9.8750E-09 1.0437E-08 1.1006E-08 1.1578E-08 1.2145E-08 1.2697E-08 1.3225E-08 1.3728E-08 1.4278E-08 1.4728E-08 1.5144E-08 1.5524E-08 1.5864E-08 1.6155E-08 1.6396E-08 1.6581E-08 1.6708E-08 1.6778E-08 1.6870E-08 1.6828E-08 1.6731E-08 1.6579E-08 1.6298E-08 1.6049E-08 1.5757E-08 1.5427E-08 1.5062E-08 1.4669E-08 1.4253E-08 1.3818E-08 1.3368E-08 1.2904E-08 1.2432E-08 1.1885E-08 1.1411E-08 1.0938E-08 1.0468E-08 1.0007E-08 9.5579E-09 9.1173E-09 8.6888E-09 8.2764E-09 7.8771E-09 7.4953E-09 7.1276E-09 6.7652E-09
4.8133E-09 5.1977E-09 5.5982E-09 6.0219E-09 6.4693E-09 6.9396E-09 7.4330E-09 7.9486E-09 8.4856E-09 9.0423E-09 9.6162E-09 1.0205E-08 1.0807E-08 1.1420E-08 1.2038E-08 1.2651E-08 1.3253E-08 1.3911E-08 1.4473E-08 1.5001E-08 1.5494E-08 1.5948E-08 1.6357E-08 1.6721E-08 1.7117E-08 1.7380E-08 1.7581E-08 1.7719E-08 1.7793E-08 1.7804E-08 1.7753E-08 1.7641E-08 1.7471E-08 1.7245E-08 1.6968E-08 1.6645E-08 1.6280E-08 1.5878E-08 1.5445E-08 1.4911E-08 1.4437E-08 1.3946E-08 1.3442E-08 1.2929E-08 1.2411E-08 1.1893E-08 1.1309E-08 1.0807E-08 1.0312E-08 9.8302E-09 9.3630E-09 8.9068E-09 8.4689E-09 8.0502E-09 7.6429E-09 7.2580E-09 6.8831E-09
4.8397E-09 5.2332E-09 5.6511E-09 6.0951E-09 6.5648E-09 7.0607E-09 7.5829E-09 8.1300E-09 8.7013E-09 9.2954E-09 9.9086E-09 1.0540E-08 1.1187E-08 1.1845E-08 1.2507E-08 1.3244E-08 1.3904E-08 1.4545E-08 1.5157E-08 1.5732E-08 1.6266E-08 1.6839E-08 1.7291E-08 1.7689E-08 1.8034E-08 1.8319E-08 1.8541E-08 1.8692E-08 1.8769E-08 1.8778E-08 1.8718E-08 1.8592E-08 1.8401E-08 1.8151E-08 1.7844E-08 1.7486E-08 1.7085E-08 1.6646E-08 1.6175E-08 1.5677E-08 1.5156E-08 1.4616E-08 1.3988E-08 1.3431E-08 1.2870E-08 1.2312E-08 1.1757E-08 1.1214E-08 1.0614E-08 1.0099E-08 9.6021E-09 9.1220E-09 8.6554E-09 8.2141E-09 7.7880E-09 7.3781E-09 6.9912E-09
4.8546E-09 5.2617E-09 5.6971E-09 6.1608E-09 6.6533E-09 7.1755E-09 7.7256E-09 8.3058E-09 8.9130E-09 9.5446E-09 1.0201E-08 1.0878E-08 1.1570E-08 1.2274E-08 1.3065E-08 1.3786E-08 1.4499E-08 1.5194E-08 1.5940E-08 1.6575E-08 1.7164E-08 1.7698E-08 1.8179E-08 1.8605E-08 1.8968E-08 1.9271E-08 1.9503E-08 1.9754E-08 1.9843E-08 1.9854E-08 1.9791E-08 1.9654E-08 1.9448E-08 1.9173E-08 1.8834E-08 1.8441E-08 1.7918E-08 1.7440E-08 1.6926E-08 1.6382E-08 1.5812E-08 1.5224E-08 1.4623E-08 1.4015E-08 1.3330E-08 1.2731E-08 1.2137E-08 1.1555E-08 1.0987E-08 1.0365E-08 9.8336E-09 9.3262E-09 8.8370E-09 8.3667E-09 7.9237E-09 7.4917E-09 7.0854E-09
4.8598E-09 5.2823E-09 5.7350E-09 6.2186E-09 6.7350E-09 7.2826E-09 7.8642E-09 8.4772E-09 9.1194E-09 9.7923E-09 1.0492E-08 1.1212E-08 1.1952E-08 1.2790E-08 1.3561E-08 1.4335E-08 1.5102E-08 1.5943E-08 1.6676E-08 1.7367E-08 1.8006E-08 1.8585E-08 1.9190E-08 1.9646E-08 2.0035E-08 2.0352E-08 2.0601E-08 2.0768E-08 2.0860E-08 2.0869E-08 2.0796E-08 2.0645E-08 2.0417E-08 2.0119E-08 1.9755E-08 1.9332E-08 1.8859E-08 1.8339E-08 1.7778E-08 1.7179E-08 1.6473E-08 1.5835E-08 1.5185E-08 1.4531E-08 1.3878E-08 1.3228E-08 1.2512E-08 1.1889E-08 1.1284E-08 1.0698E-08 1.0059E-08 9.5203E-09 9.0079E-09 8.5127E-09 8.0458E-09 7.5996E-09 7.1688E-09
4.8570E-09 5.2941E-09 5.7635E-09 6.2682E-09 6.8069E-09 7.3831E-09 7.9949E-09 8.6407E-09 9.3225E-09 1.0036E-08 1.0778E-08 1.1622E-08 1.2423E-08 1.3242E-08 1.4068E-08 1.4983E-08 1.5818E-08 1.6638E-08 1.7429E-08 1.8182E-08 1.8969E-08 1.9611E-08 2.0180E-08 2.0670E-08 2.1082E-08 2.1415E-08 2.1665E-08 2.1839E-08 2.1928E-08 2.1936E-08 2.1854E-08 2.1687E-08 2.1436E-08 2.1110E-08 2.0713E-08 2.0254E-08 1.9737E-08 1.9170E-08 1.8558E-08 1.7911E-08 1.7236E-08 1.6542E-08 1.5754E-08 1.5053E-08 1.4353E-08 1.3658E-08 1.2973E-08 1.2301E-08 1.1578E-08 1.0955E-08 1.0355E-08 9.7797E-09 9.1648E-09 8.6493E-09 8.1554E-09 7.6924E-09 7.2443E-09
4.8456E-09 5.2955E-09 5.7825E-09 6.3063E-09 6.8699E-09 7.4735E-09 8.1148E-09 8.7971E-09 9.5172E-09 1.0272E-08 1.1137E-08 1.1966E-08 1.2821E-08 1.3691E-08 1.4665E-08 1.5563E-08 1.6455E-08 1.7333E-08 1.8278E-08 1.9098E-08 1.9866E-08 2.0561E-08 2.1180E-08 2.1705E-08 2.2139E-08 2.2583E-08 2.2844E-08 2.3017E-08 2.3108E-08 2.3106E-08 2.3014E-08 2.2828E-08 2.2554E-08 2.2198E-08 2.1767E-08 2.1264E-08 2.0699E-08 1.9987E-08 1.9322E-08 1.8621E-08 1.7893E-08 1.7148E-08 1.6393E-08 1.5635E-08 1.4797E-08 1.4060E-08 1.3334E-08 1.2624E-08 1.1935E-08 1.1197E-08 1.0567E-08 9.9622E-09 9.3824E-09 8.7695E-09 8.2554E-09 7.7701E-09 7.3106E-09
4.8238E-09 5.2876E-09 5.7904E-09 6.3337E-09 6.9217E-09 7.5505E-09 8.2241E-09 8.9419E-09 9.6996E-09 1.0575E-08 1.1421E-08 1.2303E-08 1.3291E-08 1.4231E-08 1.5183E-08 1.6140E-08 1.7184E-08 1.8133E-08 1.9057E-08 1.9940E-08 2.0768E-08 2.1527E-08 2.2298E-08 2.2877E-08 2.3344E-08 2.3709E-08 2.3975E-08 2.4143E-08 2.4222E-08 2.4206E-08 2.4096E-08 2.3893E-08 2.3598E-08 2.3212E-08 2.2743E-08 2.2197E-08 2.1582E-08 2.0906E-08 2.0184E-08 1.9424E-08 1.8545E-08 1.7747E-08 1.6939E-08 1.6130E-08 1.5325E-08 1.4532E-08 1.3676E-08 1.2925E-08 1.2199E-08 1.1500E-08 1.0756E-08 1.0125E-08 9.5200E-09 8.9453E-09 8.3394E-09 7.8327E-09 7.3584E-09
4.7974E-09 5.2726E-09 5.7886E-09 6.3521E-09 6.9594E-09 7.6151E-09 8.3207E-09 9.0711E-09 9.8695E-09 1.0798E-08 1.1695E-08 1.2709E-08 1.3683E-08 1.4682E-08 1.5703E-08 1.6824E-08 1.7854E-08 1.8870E-08 1.9860E-08 2.0909E-08 2.1813E-08 2.2645E-08 2.3387E-08 2.4017E-08 2.4532E-08 2.4924E-08 2.5200E-08 2.5367E-08 2.5433E-08 2.5403E-08 2.5269E-08 2.5041E-08 2.4713E-08 2.4291E-08 2.3777E-08 2.3179E-08 2.2509E-08 2.1777E-08 2.0996E-08 2.0177E-08 1.9330E-08 1.8465E-08 1.7497E-08 1.6631E-08 1.5772E-08 1.4929E-08 1.4106E-08 1.3218E-08 1.2449E-08 1.1713E-08 1.1011E-08 1.0267E-08 9.6386E-09 9.0372E-09 8.4026E-09 7.8804E-09 7.3888E-09
4.7643E-09 5.2494E-09 5.7824E-09 6.3613E-09 6.9890E-09 7.6709E-09 8.4024E-09 9.1870E-09 1.0107E-08 1.1006E-08 1.2033E-08 1.3028E-08 1.4061E-08 1.5125E-08 1.6305E-08 1.7403E-08 1.8500E-08 1.9680E-08 2.0745E-08 2.1770E-08 2.2740E-08 2.3636E-08 2.4442E-08 2.5125E-08 2.5685E-08 2.6113E-08 2.6406E-08 2.6576E-08 2.6634E-08 2.6579E-08 2.6424E-08 2.6157E-08 2.5794E-08 2.5327E-08 2.4767E-08 2.4120E-08 2.3395E-08 2.2607E-08 2.1768E-08 2.0889E-08 1.9981E-08 1.9057E-08 1.8126E-08 1.7197E-08 1.6187E-08 1.5295E-08 1.4427E-08 1.3586E-08 1.2768E-08 1.1908E-08 1.1172E-08 1.0474E-08 9.7356E-09 9.1159E-09 8.5304E-09 7.9128E-09 7.4025E-09
4.7193E-09 5.2162E-09 5.7619E-09 6.3564E-09 7.0065E-09 7.7107E-09 8.4705E-09 9.3699E-09 1.0251E-08 1.1196E-08 1.2280E-08 1.3328E-08 1.4513E-08 1.5645E-08 1.6799E-08 1.7969E-08 1.9240E-08 2.0404E-08 2.1539E-08 2.2632E-08 2.3669E-08 2.4633E-08 2.5499E-08 2.6248E-08 2.6853E-08 2.7325E-08 2.7647E-08 2.7830E-08 2.7888E-08 2.7818E-08 2.7626E-08 2.7325E-08 2.6908E-08 2.6396E-08 2.5783E-08 2.5082E-08 2.4301E-08 2.3453E-08 2.2552E-08 2.1609E-08 2.0637E-08 1.9650E-08 1.8657E-08 1.7669E-08 1.6695E-08 1.5743E-08 1.4728E-08 1.3842E-08 1.2989E-08 1.2171E-08 1.1312E-08 1.0584E-08 9.8973E-09 9.1728E-09 8.5655E-09 8.0034E-09 7.3994E-09
4.6653E-09 5.1723E-09 5.7281E-09 6.3385E-09 7.0073E-09 7.7324E-09 8.5986E-09 9.4554E-09 1.0374E-08 1.1450E-08 1.2501E-08 1.3699E-08 1.4857E-08 1.6046E-08 1.7271E-08 1.8619E-08 1.9868E-08 2.1103E-08 2.2312E-08 2.3478E-08 2.4585E-08 2.5613E-08 2.6546E-08 2.7348E-08 2.8017E-08 2.8527E-08 2.8894E-08 2.9097E-08 2.9164E-08 2.9081E-08 2.8860E-08 2.8511E-08 2.8048E-08 2.7473E-08 2.6805E-08 2.6043E-08 2.5204E-08 2.4295E-08 2.3328E-08 2.2319E-08 2.1281E-08 2.0228E-08 1.9172E-08 1.8124E-08 1.7094E-08 1.6088E-08 1.5111E-08 1.4078E-08 1.3183E-08 1.2331E-08 1.1520E-08 1.0672E-08 9.9586E-09 9.2895E-09 8.5802E-09 8.0033E-09 7.4579E-09
4.6115E-09 5.1227E-09 5.6855E-09 6.3086E-09 6.9908E-09 7.7380E-09 8.6339E-09 9.5203E-09 1.0563E-08 1.1591E-08 1.2790E-08 1.3952E-08 1.5162E-08 1.6528E-08 1.7832E-08 1.9151E-08 2.0467E-08 2.1777E-08 2.3059E-08 2.4296E-08 2.5469E-08 2.6562E-08 2.7558E-08 2.8423E-08 2.9142E-08 2.9720E-08 3.0125E-08 3.0371E-08 3.0444E-08 3.0362E-08 3.0114E-08 2.9721E-08 2.9203E-08 2.8571E-08 2.7834E-08 2.7011E-08 2.6102E-08 2.5128E-08 2.4093E-08 2.3015E-08 2.1909E-08 2.0789E-08 1.9668E-08 1.8559E-08 1.7470E-08 1.6411E-08 1.5385E-08 1.4393E-08 1.3354E-08 1.2464E-08 1.1621E-08 1.0826E-08 1.0000E-08 9.3085E-09 8.6567E-09 7.9821E-09 7.4274E-09
4.5554E-09 5.0713E-09 5.6437E-09 6.2762E-09 6.9707E-09 7.8107E-09 8.6513E-09 9.6515E-09 1.0644E-08 1.1705E-08 1.2959E-08 1.4171E-08 1.5550E-08 1.6883E-08 1.8243E-08 1.9630E-08 2.1027E-08 2.2412E-08 2.3763E-08 2.5072E-08 2.6314E-08 2.7474E-08 2.8530E-08 2.9446E-08 3.0221E-08 3.0843E-08 3.1296E-08 3.1569E-08 3.1683E-08 3.1603E-08 3.1352E-08 3.0930E-08 3.0364E-08 2.9671E-08 2.8867E-08 2.7970E-08 2.6991E-08 2.5941E-08 2.4836E-08 2.3687E-08 2.2511E-08 2.1323E-08 2.0137E-08 1.8965E-08 1.7818E-08 1.6702E-08 1.5624E-08 1.4593E-08 1.3603E-08 1.2569E-08 1.1694E-08 1.0876E-08 1.0015E-08 9.3043E-09 8.6335E-09 7.9384E-09 7.3754E-09
4.4908E-09 5.0102E-09 5.5904E-09 6.2300E-09 6.9378E-09 7.7895E-09 8.6501E-09 9.6774E-09 1.0695E-08 1.1888E-08 1.3082E-08 1.4459E-08 1.5796E-08 1.7183E-08 1.8614E-08 2.0085E-08 2.1550E-08 2.3010E-08 2.4443E-08 2.5829E-08 2.7144E-08 2.8374E-08 2.9496E-08 3.0474E-08 3.1298E-08 3.1965E-08 3.2463E-08 3.2775E-08 3.2910E-08 3.2849E-08 3.2589E-08 3.2151E-08 3.1536E-08 3.0783E-08 2.9916E-08 2.8942E-08 2.7886E-08 2.6760E-08 2.5577E-08 2.4350E-08 2.3100E-08 2.1839E-08 2.0584E-08 1.9347E-08 1.8136E-08 1.6960E-08 1.5832E-08 1.4754E-08 1.3730E-08 1.2751E-08 1.1741E-08 1.0896E-08 1.0100E-08 9.2726E-09 8.5875E-09 7.9576E-09 7.3024E-09
4.4182E-09 4.9417E-09 5.5258E-09 6.1732E-09 6.9528E-09 7.7518E-09 8.7132E-09 9.6769E-09 1.0817E-08 1.1949E-08 1.3167E-08 1.4606E-08 1.5986E-08 1.7428E-08 1.8926E-08 2.0449E-08 2.1989E-08 2.3518E-08 2.5022E-08 2.6488E-08 2.7887E-08 2.9192E-08 3.0378E-08 3.1415E-08 3.2283E-08 3.2988E-08 3.3517E-08 3.3862E-08 3.4017E-08 3.3978E-08 3.3722E-08 3.3266E-08 3.2630E-08 3.1827E-08 3.0889E-08 2.9838E-08 2.8696E-08 2.7488E-08 2.6224E-08 2.4927E-08 2.3609E-08 2.2286E-08 2.0971E-08 1.9677E-08 1.8411E-08 1.7184E-08 1.6003E-08 1.4880E-08 1.3817E-08 1.2810E-08 1.1859E-08 1.0884E-08 1.0068E-08 9.3065E-09 8.5145E-09 7.8761E-09 7.2053E-09
4.3377E-09 4.8629E-09 5.4493E-09 6.1030E-09 6.8862E-09 7.6968E-09 8.6680E-09 9.6486E-09 1.0816E-08 1.1972E-08 1.3319E-08 1.4699E-08 1.6134E-08 1.7635E-08 1.9180E-08 2.0756E-08 2.2351E-08 2.3957E-08 2.5540E-08 2.7071E-08 2.8535E-08 2.9915E-08 3.1184E-08 3.2292E-08 3.3227E-08 3.3988E-08 3.4565E-08 3.4932E-08 3.5122E-08 3.5094E-08 3.4853E-08 3.4385E-08 3.3723E-08 3.2875E-08 3.1868E-08 3.0738E-08 2.9510E-08 2.8206E-08 2.6858E-08 2.5474E-08 2.4079E-08 2.2682E-08 2.1298E-08 1.9938E-08 1.8617E-08 1.7345E-08 1.6125E-08 1.4962E-08 1.3866E-08 1.2832E-08 1.1850E-08 1.0940E-08 1.0005E-08 9.2267E-09 8.5024E-09 7.7692E-09 7.1735E-09
4.2481E-09 4.7751E-09 5.3625E-09 6.0672E-09 6.8055E-09 7.6921E-09 8.6001E-09 9.6903E-09 1.0784E-08 1.2069E-08 1.3344E-08 1.4746E-08 1.6236E-08 1.7778E-08 1.9369E-08 2.1006E-08 2.2680E-08 2.4344E-08 2.5991E-08 2.7602E-08 2.9148E-08 3.0600E-08 3.1943E-08 3.3116E-08 3.4108E-08 3.4912E-08 3.5518E-08 3.5922E-08 3.6136E-08 3.6142E-08 3.5914E-08 3.5470E-08 3.4787E-08 3.3904E-08 3.2839E-08 3.1631E-08 3.0310E-08 2.8911E-08 2.7465E-08 2.5993E-08 2.4508E-08 2.3036E-08 2.1581E-08 2.0157E-08 1.8775E-08 1.7452E-08 1.6192E-08 1.4995E-08 1.3863E-08 1.2802E-08 1.1795E-08 1.0865E-08 9.9046E-09 9.1164E-09 8.3827E-09 7.6370E-09 7.0363E-09
4.1549E-09 4.6780E-09 5.2648E-09 5.9669E-09 6.7094E-09 7.5942E-09 8.5091E-09 9.6068E-09 1.0713E-08 1.2027E-08 1.3324E-08 1.4739E-08 1.6273E-08 1.7859E-08 1.9508E-08 2.1207E-08 2.2928E-08 2.4667E-08 2.6384E-08 2.8065E-08 2.9689E-08 3.1222E-08 3.2635E-08 3.3875E-08 3.4916E-08 3.5763E-08 3.6408E-08 3.6839E-08 3.7065E-08 3.7080E-08 3.6857E-08 3.6390E-08 3.5700E-08 3.4784E-08 3.3689E-08 3.2422E-08 3.1039E-08 2.9566E-08 2.8028E-08 2.6461E-08 2.4894E-08 2.3337E-08 2.1811E-08 2.0325E-08 1.8890E-08 1.7512E-08 1.6209E-08 1.4980E-08 1.3819E-08 1.2732E-08 1.1697E-08 1.0752E-08 9.8757E-09 8.9727E-09 8.2315E-09 7.5678E-09 6.8741E-09
4.0500E-09 4.5695E-09 5.1553E-09 5.8525E-09 6.6457E-09 7.4773E-09 8.4759E-09 9.4998E-09 1.0723E-08 1.1950E-08 1.3265E-08 1.4672E-08 1.6245E-08 1.7882E-08 1.9578E-08 2.1322E-08 2.3110E-08 2.4912E-08 2.6709E-08 2.8488E-08 3.0190E-08 3.1796E-08 3.3287E-08 3.4601E-08 3.5712E-08 3.6621E-08 3.7313E-08 3.7770E-08 3.8012E-08 3.8021E-08 3.7777E-08 3.7296E-08 3.6569E-08 3.5621E-08 3.4460E-08 3.3140E-08 3.1677E-08 3.0123E-08 2.8504E-08 2.6854E-08 2.5203E-08 2.3575E-08 2.1983E-08 2.0443E-08 1.8954E-08 1.7534E-08 1.6185E-08 1.4920E-08 1.3730E-08 1.2620E-08 1.1561E-08 1.0602E-08 9.7166E-09 8.8983E-09 8.0517E-09 7.3904E-09 6.6887E-09
