Assets/Resources/2015_m01_d15_0600(utc+0800)_l00_csi_1hr_conc.grd
DSAA
         159         159
     -79.000      79.000
     -79.000      79.000
  0.0000E+00  0.1423E-04
[rows 25 to 49 of 159, columns 0 to 56 of 159]
0.0000E+00 0.0000E+00 0.0000E+00 0.0000E+00 0.0000E+00 0.0000E+00 0.0000E+00 0.0000E+00 0.0000E+00 0.0000E+00 0.0000E+00 0.0000E+00 0.0000E+00 0.0000E+00 0.0000E+00 0.0000E+00 0.0000E+00 0.0000E+00 2.6884E-11 5.6561E-11 8.5186E-11 1.0734E-10 1.3623E-10 1.8095E-10 2.5075E-10 3.8922E-10 5.0329E-10 6.2445E-10 7.6946E-10 9.4304E-10 1.1452E-09 1.3626E-09 1.5961E-09 1.8472E-09 2.1086E-09 2.3815E-09 2.6574E-09 2.9355E-09 3.2111E-09 3.4845E-09 3.7538E-09 4.0230E-09 4.2828E-09 4.5201E-09 4.7458E-09 4.9568E-09 5.1504E-09 5.3299E-09 5.4911E-09 5.6381E-09 5.7666E-09 5.8814E-09 5.9809E-09 6.0632E-09 6.1335E-09 6.1876E-09 6.2285E-09
0.0000E+00 0.0000E+00 0.0000E+00 0.0000E+00 0.0000E+00 0.0000E+00 0.0000E+00 0.0000E+00 0.0000E+00 0.0000E+00 0.0000E+00 0.0000E+00 0.0000E+00 0.0000E+00 0.0000E+00 0.0000E+00 0.0000E+00 0.0000E+00 1.2726E-11 3.7233E-11 7.2174E-11 9.0313E-11 1.1293E-10 1.4239E-10 2.0287E-10 2.9724E-10 4.3004E-10 5.3064E-10 6.5677E-10 8.0715E-10 9.9366E-10 1.2020E-09 1.4261E-09 1.6696E-09 1.9258E-09 2.1940E-09 2.4710E-09 2.7524E-09 3.0353E-09 3.3164E-09 3.5940E-09 3.8731E-09 4.1436E-09 4.3978E-09 4.6374E-09 4.8608E-09 5.0710E-09 5.2650E-09 5.4406E-09 5.6015E-09 5.7436E-09 5.8713E-09 5.9806E-09 6.0768E-09 6.1551E-09 6.2219E-09 6.2720E-09
0.0000E+00 0.0000E+00 0.0000E+00 0.0000E+00 0.0000E+00 0.0000E+00 0.0000E+00 0.0000E+00 0.0000E+00 0.0000E+00 0.0000E+00 0.0000E+00 0.0000E+00 0.0000E+00 0.0000E+00 0.0000E+00 0.0000E+00 0.0000E+00 0.0000E+00 3.0423E-11 5.1915E-11 7.6518E-11 9.5234E-11 1.1819E-10 1.5126E-10 2.2567E-10 3.3400E-10 4.5253E-10 5.6123E-10 6.9160E-10 8.4919E-10 1.0430E-09 1.2569E-09 1.4873E-09 1.7378E-09 2.0008E-09 2.2777E-09 2.5597E-09 2.8458E-09 3.1310E-09 3.4154E-09 3.7011E-09 3.9815E-09 4.2542E-09 4.5054E-09 4.7453E-09 4.9702E-09 5.1772E-09 5.3698E-09 5.5443E-09 5.7018E-09 5.8432E-09 5.9657E-09 6.0743E-09 6.1646E-09 6.2422E-09 6.3025E-09
0.0000E+00 0.0000E+00 0.0000E+00 0.0000E+00 0.0000E+00 0.0000E+00 0.0000E+00 0.0000E+00 0.0000E+00 0.0000E+00 0.0000E+00 0.0000E+00 0.0000E+00 0.0000E+00 0.0000E+00 0.0000E+00 0.0000E+00 0.0000E+00 0.0000E+00 1.2745E-11 3.6676E-11 6.7414E-11 8.0666E-11 9.9875E-11 1.2305E-10 1.7097E-10 2.4855E-10 3.8375E-10 4.7789E-10 5.9061E-10 7.2514E-10 8.9041E-10 1.0886E-09 1.3084E-09 1.5479E-09 1.8027E-09 2.0720E-09 2.3525E-09 2.6396E-09 2.9301E-09 3.2206E-09 3.5106E-09 3.8012E-09 4.0866E-09 4.3538E-09 4.6077E-09 4.8452E-09 5.0696E-09 5.2775E-09 5.4663E-09 5.6398E-09 5.7937E-09 5.9325E-09 6.0519E-09 6.1575E-09 6.2442E-09 6.3186E-09
0.0000E+00 0.0000E+00 0.0000E+00 0.0000E+00 0.0000E+00 0.0000E+00 0.0000E+00 0.0000E+00 0.0000E+00 0.0000E+00 0.0000E+00 0.0000E+00 0.0000E+00 0.0000E+00 0.0000E+00 0.0000E+00 0.0000E+00 0.0000E+00 0.0000E+00 0.0000E+00 2.6040E-11 5.1181E-11 7.1744E-11 8.4746E-11 1.0416E-10 1.2742E-10 1.9063E-10 2.6828E-10 4.0076E-10 4.9821E-10 6.1476E-10 7.5335E-10 9.3231E-10 1.1319E-09 1.3568E-09 1.6002E-09 1.8635E-09 2.1409E-09 2.4258E-09 2.7172E-09 3.0097E-09 3.3033E-09 3.6015E-09 3.8935E-09 4.1802E-09 4.4465E-09 4.6997E-09 4.9392E-09 5.1605E-09 5.3672E-09 5.5564E-09 5.7257E-09 5.8794E-09 6.0133E-09 6.1325E-09 6.2323E-09 6.3188E-09
0.0000E+00 0.0000E+00 0.0000E+00 0.0000E+00 0.0000E+00 0.0000E+00 0.0000E+00 0.0000E+00 0.0000E+00 0.0000E+00 0.0000E+00 0.0000E+00 0.0000E+00 0.0000E+00 0.0000E+00 0.0000E+00 0.0000E+00 0.0000E+00 0.0000E+00 0.0000E+00 1.2567E-11 3.6013E-11 6.5941E-11 7.5873E-11 8.8804E-11 1.0802E-10 1.3809E-10 2.1076E-10 3.0911E-10 4.2058E-10 5.2087E-10 6.4078E-10 7.8774E-10 9.7025E-10 1.1736E-09 1.4018E-09 1.6535E-09 1.9199E-09 2.2002E-09 2.4896E-09 2.7850E-09 3.0826E-09 3.3817E-09 3.6855E-09 3.9834E-09 4.2630E-09 4.5312E-09 4.7855E-09 5.0225E-09 5.2451E-09 5.4482E-09 5.6358E-09 5.8028E-09 5.9543E-09 6.0882E-09 6.2020E-09 6.3017E-09
0.0000E+00 0.0000E+00 0.0000E+00 0.0000E+00 0.0000E+00 0.0000E+00 0.0000E+00 0.0000E+00 0.0000E+00 0.0000E+00 0.0000E+00 0.0000E+00 0.0000E+00 0.0000E+00 0.0000E+00 0.0000E+00 0.0000E+00 0.0000E+00 0.0000E+00 0.0000E+00 0.0000E+00 2.5403E-11 3.8030E-11 6.9517E-11 7.9736E-11 9.2536E-11 1.1145E-10 1.5634E-10 2.3073E-10 3.4179E-10 4.3479E-10 5.3766E-10 6.6064E-10 8.1594E-10 1.0038E-09 1.2103E-09 1.4430E-09 1.6998E-09 1.9712E-09 2.2577E-09 2.5490E-09 2.8477E-09 3.1480E-09 3.4574E-09 3.7591E-09 4.0588E-09 4.3399E-09 4.6063E-09 4.8607E-09 5.0981E-09 5.3188E-09 5.5227E-09 5.7063E-09 5.8738E-09 6.0205E-09 6.1521E-09 6.2630E-09
0.0000E+00 0.0000E+00 0.0000E+00 0.0000E+00 0.0000E+00 0.0000E+00 0.0000E+00 0.0000E+00 0.0000E+00 0.0000E+00 0.0000E+00 0.0000E+00 0.0000E+00 0.0000E+00 0.0000E+00 0.0000E+00 0.0000E+00 0.0000E+00 0.0000E+00 0.0000E+00 0.0000E+00 0.0000E+00 3.0978E-11 5.2307E-11 7.2826E-11 8.3270E-11 9.5839E-11 1.1439E-10 1.7711E-10 2.4416E-10 3.6446E-10 4.5145E-10 5.5653E-10 6.8216E-10 8.4643E-10 1.0324E-09 1.2433E-09 1.4799E-09 1.7415E-09 2.0173E-09 2.3052E-09 2.6019E-09 2.9035E-09 3.2108E-09 3.5226E-09 3.8321E-09 4.1242E-09 4.4062E-09 4.6752E-09 4.9272E-09 5.1653E-09 5.3835E-09 5.5863E-09 5.7704E-09 5.9336E-09 6.0810E-09 6.2074E-09
0.0000E+00 0.0000E+00 0.0000E+00 0.0000E+00 0.0000E+00 0.0000E+00 0.0000E+00 0.0000E+00 0.0000E+00 0.0000E+00 0.0000E+00 0.0000E+00 0.0000E+00 0.0000E+00 0.0000E+00 0.0000E+00 0.0000E+00 0.0000E+00 0.0000E+00 0.0000E+00 0.0000E+00 0.0000E+00 1.2813E-11 3.6440E-11 6.6306E-11 7.5814E-11 8.6415E-11 9.8653E-11 1.2296E-10 1.8745E-10 2.6648E-10 3.7350E-10 4.6185E-10 5.6867E-10 7.0301E-10 8.7221E-10 1.0583E-09 1.2723E-09 1.5124E-09 1.7781E-09 2.0573E-09 2.3484E-09 2.6478E-09 2.9516E-09 3.2680E-09 3.5788E-09 3.8901E-09 4.1838E-09 4.4640E-09 4.7334E-09 4.9874E-09 5.2225E-09 5.4422E-09 5.6411E-09 5.8238E-09 5.9849E-09 6.1304E-09
0.0000E+00 0.0000E+00 0.0000E+00 0.0000E+00 0.0000E+00 0.0000E+00 0.0000E+00 0.0000E+00 0.0000E+00 0.0000E+00 0.0000E+00 0.0000E+00 0.0000E+00 0.0000E+00 0.0000E+00 0.0000E+00 0.0000E+00 0.0000E+00 0.0000E+00 0.0000E+00 0.0000E+00 0.0000E+00 0.0000E+00 2.5449E-11 3.7898E-11 6.8809E-11 7.8429E-11 8.9115E-11 1.0094E-10 1.2807E-10 2.0594E-10 2.9565E-10 3.8488E-10 4.7404E-10 5.8222E-10 7.2203E-10 8.9322E-10 1.0806E-09 1.2973E-09 1.5429E-09 1.8095E-09 2.0914E-09 2.3851E-09 2.6868E-09 2.9990E-09 3.3162E-09 3.6351E-09 3.9381E-09 4.2330E-09 4.5161E-09 4.7829E-09 5.0368E-09 5.2723E-09 5.4900E-09 5.6900E-09 5.8686E-09 6.0311E-09
0.0000E+00 0.0000E+00 0.0000E+00 0.0000E+00 0.0000E+00 0.0000E+00 0.0000E+00 0.0000E+00 0.0000E+00 0.0000E+00 0.0000E+00 0.0000E+00 0.0000E+00 0.0000E+00 0.0000E+00 0.0000E+00 0.0000E+00 0.0000E+00 0.0000E+00 0.0000E+00 0.0000E+00 0.0000E+00 0.0000E+00 0.0000E+00 3.0586E-11 5.1326E-11 7.0959E-11 8.0625E-11 9.1322E-11 1.0312E-10 1.3599E-10 2.2583E-10 3.0474E-10 3.8997E-10 4.7967E-10 5.9308E-10 7.3838E-10 9.1168E-10 1.0994E-09 1.3185E-09 1.5660E-09 1.8350E-09 2.1193E-09 2.4151E-09 2.7202E-09 3.0386E-09 3.3570E-09 3.6762E-09 3.9811E-09 4.2739E-09 4.5576E-09 4.8270E-09 5.0779E-09 5.3142E-09 5.5294E-09 5.7284E-09 5.9068E-09
0.0000E+00 0.0000E+00 0.0000E+00 0.0000E+00 0.0000E+00 0.0000E+00 0.0000E+00 0.0000E+00 0.0000E+00 0.0000E+00 0.0000E+00 0.0000E+00 0.0000E+00 0.0000E+00 0.0000E+00 0.0000E+00 0.0000E+00 0.0000E+00 0.0000E+00 0.0000E+00 0.0000E+00 0.0000E+00 0.0000E+00 0.0000E+00 1.2546E-11 3.1517E-11 5.2760E-11 7.2716E-11 8.2362E-11 9.2997E-11 1.0468E-10 1.5071E-10 2.3738E-10 3.1724E-10 3.9273E-10 4.8724E-10 5.9662E-10 7.5454E-10 9.2467E-10 1.1147E-09 1.3355E-09 1.5847E-09 1.8551E-09 2.1412E-09 2.4386E-09 2.7504E-09 3.0708E-09 3.3962E-09 3.7092E-09 4.0138E-09 4.3100E-09 4.5911E-09 4.8607E-09 5.1137E-09 5.3467E-09 5.5637E-09 5.7587E-09
0.0000E+00 0.0000E+00 0.0000E+00 0.0000E+00 0.0000E+00 0.0000E+00 0.0000E+00 0.0000E+00 0.0000E+00 0.0000E+00 0.0000E+00 0.0000E+00 0.0000E+00 0.0000E+00 0.0000E+00 0.0000E+00 0.0000E+00 0.0000E+00 0.0000E+00 0.0000E+00 0.0000E+00 0.0000E+00 0.0000E+00 0.0000E+00 0.0000E+00 1.2892E-11 3.6294E-11 6.5377E-11 7.4049E-11 8.3608E-11 9.4107E-11 1.0559E-10 1.6786E-10 2.4387E-10 3.2007E-10 4.0279E-10 4.8759E-10 6.0455E-10 7.6333E-10 9.3414E-10 1.1259E-09 1.3484E-09 1.5983E-09 1.8695E-09 2.1569E-09 2.4550E-09 2.7748E-09 3.0964E-09 3.4219E-09 3.7355E-09 4.0406E-09 4.3360E-09 4.6201E-09 4.8867E-09 5.1396E-09 5.3731E-09 5.5879E-09
0.0000E+00 0.0000E+00 0.0000E+00 0.0000E+00 0.0000E+00 0.0000E+00 0.0000E+00 0.0000E+00 0.0000E+00 0.0000E+00 0.0000E+00 0.0000E+00 0.0000E+00 0.0000E+00 0.0000E+00 0.0000E+00 0.0000E+00 0.0000E+00 0.0000E+00 0.0000E+00 0.0000E+00 0.0000E+00 0.0000E+00 0.0000E+00 0.0000E+00 0.0000E+00 1.3166E-11 3.6947E-11 6.6366E-11 7.4933E-11 8.4340E-11 9.4632E-11 1.0907E-10 1.8193E-10 2.5396E-10 3.2543E-10 4.0252E-10 4.8959E-10 6.1206E-10 7.6995E-10 9.4003E-10 1.1362E-09 1.3571E-09 1.6071E-09 1.8787E-09 2.1670E-09 2.4772E-09 2.7953E-09 3.1216E-09 3.4418E-09 3.7536E-09 4.0609E-09 4.3565E-09 4.6395E-09 4.9087E-09 5.1584E-09 5.3928E-09
0.0000E+00 0.0000E+00 0.0000E+00 0.0000E+00 0.0000E+00 0.0000E+00 0.0000E+00 0.0000E+00 0.0000E+00 0.0000E+00 0.0000E+00 0.0000E+00 0.0000E+00 0.0000E+00 0.0000E+00 0.0000E+00 0.0000E+00 0.0000E+00 0.0000E+00 0.0000E+00 0.0000E+00 0.0000E+00 0.0000E+00 0.0000E+00 0.0000E+00 0.0000E+00 0.0000E+00 2.5367E-11 3.7382E-11 6.6947E-11 7.5351E-11 8.4544E-11 9.4563E-11 1.2376E-10 1.8718E-10 2.5416E-10 3.2914E-10 4.0453E-10 4.8463E-10 6.1753E-10 7.7113E-10 9.4249E-10 1.1398E-09 1.3616E-09 1.6087E-09 1.8802E-09 2.1727E-09 2.4857E-09 2.8075E-09 3.1340E-09 3.4532E-09 3.7684E-09 4.0735E-09 4.3710E-09 4.6525E-09 4.9217E-09 5.1737E-09
0.0000E+00 0.0000E+00 0.0000E+00 0.0000E+00 0.0000E+00 0.0000E+00 0.0000E+00 0.0000E+00 0.0000E+00 0.0000E+00 0.0000E+00 0.0000E+00 0.0000E+00 0.0000E+00 0.0000E+00 0.0000E+00 0.0000E+00 0.0000E+00 0.0000E+00 0.0000E+00 0.0000E+00 0.0000E+00 0.0000E+00 0.0000E+00 0.0000E+00 0.0000E+00 0.0000E+00 0.0000E+00 2.5576E-11 3.7591E-11 6.7109E-11 7.5296E-11 8.4217E-11 9.3900E-11 1.3221E-10 1.9313E-10 2.4278E-10 3.1214E-10 4.0444E-10 4.8679E-10 6.2167E-10 7.6945E-10 9.4152E-10 1.1399E-09 1.3615E-09 1.6082E-09 1.8792E-09 2.1823E-09 2.4927E-09 2.8196E-09 3.1420E-09 3.4591E-09 3.7752E-09 4.0835E-09 4.3784E-09 4.6629E-09 4.9289E-09
0.0000E+00 0.0000E+00 0.0000E+00 0.0000E+00 0.0000E+00 0.0000E+00 0.0000E+00 0.0000E+00 0.0000E+00 0.0000E+00 0.0000E+00 0.0000E+00 0.0000E+00 0.0000E+00 0.0000E+00 0.0000E+00 0.0000E+00 0.0000E+00 0.0000E+00 0.0000E+00 0.0000E+00 0.0000E+00 0.0000E+00 0.0000E+00 0.0000E+00 0.0000E+00 0.0000E+00 0.0000E+00 0.0000E+00 2.9769E-11 3.7571E-11 6.6849E-11 7.4768E-11 8.3363E-11 9.2656E-11 1.4479E-10 1.8977E-10 2.4507E-10 3.0589E-10 3.8838E-10 4.8821E-10 6.1952E-10 7.6467E-10 9.3752E-10 1.1367E-09 1.3576E-09 1.6036E-09 1.8780E-09 2.1809E-09 2.4968E-09 2.8214E-09 3.1427E-09 3.4634E-09 3.7770E-09 4.0859E-09 4.3823E-09 4.6654E-09
0.0000E+00 0.0000E+00 0.0000E+00 0.0000E+00 0.0000E+00 0.0000E+00 0.0000E+00 0.0000E+00 0.0000E+00 0.0000E+00 0.0000E+00 0.0000E+00 0.0000E+00 0.0000E+00 0.0000E+00 0.0000E+00 0.0000E+00 0.0000E+00 0.0000E+00 0.0000E+00 0.0000E+00 0.0000E+00 0.0000E+00 0.0000E+00 0.0000E+00 0.0000E+00 0.0000E+00 0.0000E+00 0.0000E+00 0.0000E+00 2.9658E-11 3.7322E-11 6.6172E-11 7.3778E-11 8.2000E-11 9.0854E-11 1.4843E-10 1.8858E-10 2.3167E-10 2.9820E-10 3.8523E-10 4.8582E-10 6.1266E-10 7.5749E-10 9.3049E-10 1.1298E-09 1.3504E-09 1.5958E-09 1.8771E-09 2.1768E-09 2.4977E-09 2.8205E-09 3.1392E-09 3.4608E-09 3.7778E-09 4.0841E-09 4.3823E-09
0.0000E+00 0.0000E+00 0.0000E+00 0.0000E+00 0.0000E+00 0.0000E+00 0.0000E+00 0.0000E+00 0.0000E+00 0.0000E+00 0.0000E+00 0.0000E+00 0.0000E+00 0.0000E+00 0.0000E+00 0.0000E+00 0.0000E+00 0.0000E+00 0.0000E+00 0.0000E+00 0.0000E+00 0.0000E+00 0.0000E+00 0.0000E+00 0.0000E+00 0.0000E+00 0.0000E+00 0.0000E+00 0.0000E+00 0.0000E+00 0.0000E+00 1.3319E-11 3.6849E-11 5.3699E-11 7.2344E-11 8.0153E-11 9.7372E-11 1.5113E-10 1.8485E-10 2.2965E-10 2.8952E-10 3.5779E-10 4.6551E-10 6.0404E-10 7.4763E-10 9.2107E-10 1.1198E-09 1.3402E-09 1.5889E-09 1.8696E-09 2.1763E-09 2.4943E-09 2.8134E-09 3.1360E-09 3.4549E-09 3.7726E-09 4.0804E-09
0.0000E+00 0.0000E+00 0.0000E+00 0.0000E+00 0.0000E+00 0.0000E+00 0.0000E+00 0.0000E+00 0.0000E+00 0.0000E+00 0.0000E+00 0.0000E+00 0.0000E+00 0.0000E+00 0.0000E+00 0.0000E+00 0.0000E+00 0.0000E+00 0.0000E+00 0.0000E+00 0.0000E+00 0.0000E+00 0.0000E+00 0.0000E+00 0.0000E+00 0.0000E+00 0.0000E+00 0.0000E+00 0.0000E+00 0.0000E+00 0.0000E+00 0.0000E+00 1.3103E-11 3.6159E-11 5.2503E-11 7.0492E-11 7.7856E-11 9.9154E-11 1.4557E-10 1.8624E-10 2.2673E-10 2.7712E-10 3.4240E-10 4.5405E-10 5.7894E-10 7.3605E-10 9.0919E-10 1.1044E-09 1.3241E-09 1.5840E-09 1.8625E-09 2.1689E-09 2.4876E-09 2.8039E-09 3.1273E-09 3.4499E-09 3.7647E-09
0.0000E+00 0.0000E+00 0.0000E+00 0.0000E+00 0.0000E+00 0.0000E+00 0.0000E+00 0.0000E+00 0.0000E+00 0.0000E+00 0.0000E+00 0.0000E+00 0.0000E+00 0.0000E+00 0.0000E+00 0.0000E+00 0.0000E+00 0.0000E+00 0.0000E+00 0.0000E+00 0.0000E+00 0.0000E+00 0.0000E+00 0.0000E+00 0.0000E+00 0.0000E+00 0.0000E+00 0.0000E+00 0.0000E+00 0.0000E+00 0.0000E+00 0.0000E+00 0.0000E+00 1.2810E-11 3.1323E-11 5.1013E-11 6.8257E-11 7.5150E-11 1.0492E-10 1.4239E-10 1.7906E-10 2.1818E-10 2.6959E-10 3.2876E-10 4.2478E-10 5.5360E-10 7.0803E-10 8.9489E-10 1.0895E-09 1.3131E-09 1.5726E-09 1.8584E-09 2.1635E-09 2.4760E-09 2.7963E-09 3.1168E-09 3.4402E-09
0.0000E+00 0.0000E+00 0.0000E+00 0.0000E+00 0.0000E+00 0.0000E+00 0.0000E+00 0.0000E+00 0.0000E+00 0.0000E+00 0.0000E+00 0.0000E+00 0.0000E+00 0.0000E+00 0.0000E+00 0.0000E+00 0.0000E+00 0.0000E+00 0.0000E+00 0.0000E+00 0.0000E+00 0.0000E+00 0.0000E+00 0.0000E+00 0.0000E+00 0.0000E+00 0.0000E+00 0.0000E+00 0.0000E+00 0.0000E+00 0.0000E+00 0.0000E+00 0.0000E+00 0.0000E+00 1.2446E-11 3.0356E-11 3.7657E-11 6.5678E-11 7.2082E-11 1.0169E-10 1.4304E-10 1.7589E-10 2.1357E-10 2.6393E-10 3.3095E-10 4.1229E-10 5.2211E-10 6.7308E-10 8.6458E-10 1.0726E-09 1.3029E-09 1.5600E-09 1.8456E-09 2.1540E-09 2.4634E-09 2.7846E-09 3.1091E-09
0.0000E+00 0.0000E+00 0.0000E+00 0.0000E+00 0.0000E+00 0.0000E+00 0.0000E+00 0.0000E+00 0.0000E+00 0.0000E+00 0.0000E+00 0.0000E+00 0.0000E+00 0.0000E+00 0.0000E+00 0.0000E+00 0.0000E+00 0.0000E+00 0.0000E+00 0.0000E+00 0.0000E+00 0.0000E+00 0.0000E+00 0.0000E+00 0.0000E+00 0.0000E+00 0.0000E+00 0.0000E+00 0.0000E+00 0.0000E+00 0.0000E+00 0.0000E+00 0.0000E+00 0.0000E+00 0.0000E+00 0.0000E+00 1.3236E-11 3.6170E-11 5.1829E-11 6.8706E-11 9.7925E-11 1.3129E-10 1.7144E-10 2.1042E-10 2.6019E-10 3.2166E-10 3.9938E-10 5.0063E-10 6.3673E-10 8.2039E-10 1.0455E-09 1.2916E-09 1.5518E-09 1.8389E-09 2.1407E-09 2.4544E-09 2.7726E-09
0.0000E+00 0.0000E+00 0.0000E+00 0.0000E+00 0.0000E+00 0.0000E+00 0.0000E+00 0.0000E+00 0.0000E+00 0.0000E+00 0.0000E+00 0.0000E+00 0.0000E+00 0.0000E+00 0.0000E+00 0.0000E+00 0.0000E+00 0.0000E+00 0.0000E+00 0.0000E+00 0.0000E+00 0.0000E+00 0.0000E+00 0.0000E+00 0.0000E+00 0.0000E+00 0.0000E+00 0.0000E+00 0.0000E+00 0.0000E+00 0.0000E+00 0.0000E+00 0.0000E+00 0.0000E+00 0.0000E+00 0.0000E+00 0.0000E+00 1.2661E-11 3.0640E-11 3.7688E-11 5.3689E-11 9.3795E-11 1.3048E-10 1.6215E-10 2.0281E-10 2.5374E-10 3.1276E-10 3.9049E-10 4.8919E-10 6.2326E-10 7.8383E-10 9.9126E-10 1.2317E-09 1.5227E-09 1.8176E-09 2.1277E-09 2.4425E-09
0.0000E+00 0.0000E+00 0.0000E+00 0.0000E+00 0.0000E+00 0.0000E+00 0.0000E+00 0.0000E+00 0.0000E+00 0.0000E+00 0.0000E+00 0.0000E+00 0.0000E+00 0.0000E+00 0.0000E+00 0.0000E+00 0.0000E+00 0.0000E+00 0.0000E+00 0.0000E+00 0.0000E+00 0.0000E+00 0.0000E+00 0.0000E+00 0.0000E+00 0.0000E+00 0.0000E+00 0.0000E+00 0.0000E+00 0.0000E+00 0.0000E+00 0.0000E+00 0.0000E+00 0.0000E+00 0.0000E+00 0.0000E+00 0.0000E+00 0.0000E+00 0.0000E+00 1.3133E-11 3.5650E-11 5.0559E-11 8.9290E-11 1.1668E-10 1.5667E-10 2.0276E-10 2.4744E-10 3.0256E-10 3.7712E-10 4.7795E-10 6.0939E-10 7.7657E-10 9.8030E-10 1.2203E-09 1.4899E-09 1.7868E-09 2.1067E-09
