Assets/Resources/2015_m01_d26_0100(utc+0800)_l00_csi_1hr_conc.grd
DSAA
         159         159
     -79.000      79.000
     -79.000      79.000
  0.0000E+00  0.1066E-04
[rows 50 to 74 of 159, columns 57 to 113 of 159]
2.3747E-09 2.5287E-09 2.6902E-09 2.8600E-09 3.0359E-09 3.2176E-09 3.4103E-09 3.6933E-09 3.9265E-09 4.1690E-09 4.4237E-09 4.7663E-09 5.0617E-09 5.3610E-09 5.6615E-09 6.0566E-09 6.3844E-09 6.7137E-09 7.0436E-09 7.3643E-09 7.6758E-09 8.0814E-09 8.3799E-09 8.6623E-09 8.9218E-09 9.1571E-09 9.3567E-09 9.5236E-09 9.6567E-09 9.7534E-09 9.8124E-09 9.8351E-09 9.8182E-09 9.7697E-09 9.6911E-09 9.5901E-09 9.4499E-09 9.2845E-09 9.0915E-09 8.8769E-09 8.5523E-09 8.3121E-09 8.0658E-09 7.8170E-09 7.4699E-09 7.2112E-09 6.9124E-09 6.6636E-09 6.4018E-09 6.1656E-09 5.9568E-09 5.7657E-09 5.5889E-09 5.4150E-09 5.2441E-09 5.0778E-09 4.9159E-09
2.4865E-09 2.6507E-09 2.8229E-09 3.0048E-09 3.1934E-09 3.3928E-09 3.6857E-09 3.9281E-09 4.1812E-09 4.4441E-09 4.8169E-09 5.1259E-09 5.4430E-09 5.7731E-09 6.2119E-09 6.5754E-09 6.9472E-09 7.3166E-09 7.7789E-09 8.1616E-09 8.5348E-09 8.8983E-09 9.2439E-09 9.5636E-09 9.8548E-09 1.0220E-08 1.0457E-08 1.0656E-08 1.0814E-08 1.0929E-08 1.0994E-08 1.1010E-08 1.0984E-08 1.0918E-08 1.0813E-08 1.0680E-08 1.0505E-08 1.0188E-08 9.9561E-09 9.7015E-09 9.4247E-09 9.1363E-09 8.7312E-09 8.4164E-09 8.1072E-09 7.7310E-09 7.4299E-09 7.0939E-09 6.8210E-09 6.5269E-09 6.2609E-09 6.0185E-09 5.8239E-09 5.6316E-09 5.4441E-09 5.2610E-09 5.0839E-09
2.6024E-09 2.7758E-09 2.9610E-09 3.1536E-09 3.3590E-09 3.6590E-09 3.9113E-09 4.1746E-09 4.4478E-09 4.8355E-09 5.1603E-09 5.5016E-09 5.9448E-09 6.3329E-09 6.7339E-09 7.1422E-09 7.6480E-09 8.0879E-09 8.5274E-09 8.9668E-09 9.3934E-09 9.8047E-09 1.0306E-08 1.0688E-08 1.1041E-08 1.1364E-08 1.1645E-08 1.1874E-08 1.2052E-08 1.2177E-08 1.2240E-08 1.2247E-08 1.2206E-08 1.2120E-08 1.1987E-08 1.1816E-08 1.1610E-08 1.1355E-08 1.1066E-08 1.0748E-08 1.0410E-08 9.9482E-09 9.5765E-09 9.2118E-09 8.7435E-09 8.3733E-09 8.0238E-09 7.6182E-09 7.2327E-09 6.9338E-09 6.5884E-09 6.3016E-09 6.0702E-09 5.8597E-09 5.6533E-09 5.4532E-09 5.2594E-09
2.7207E-09 2.9066E-09 3.1030E-09 3.3097E-09 3.6112E-09 3.8737E-09 4.1463E-09 4.5070E-09 4.8324E-09 5.1731E-09 5.5270E-09 5.9931E-09 6.4152E-09 6.8405E-09 7.2962E-09 7.8604E-09 8.3520E-09 8.8543E-09 9.3546E-09 9.8506E-09 1.0457E-08 1.0951E-08 1.1430E-08 1.1886E-08 1.2301E-08 1.2675E-08 1.3103E-08 1.3377E-08 1.3586E-08 1.3730E-08 1.3808E-08 1.3818E-08 1.3756E-08 1.3636E-08 1.3458E-08 1.3233E-08 1.2974E-08 1.2665E-08 1.2196E-08 1.1818E-08 1.1408E-08 1.0986E-08 1.0553E-08 1.0000E-08 9.5436E-09 9.1118E-09 8.6044E-09 8.1839E-09 7.7596E-09 7.3341E-09 6.9748E-09 6.6490E-09 6.3451E-09 6.0979E-09 5.8728E-09 5.6535E-09 5.4427E-09
2.8423E-09 3.0403E-09 3.2486E-09 3.4751E-09 3.8140E-09 4.0952E-09 4.3881E-09 4.8006E-09 5.1558E-09 5.5254E-09 6.0177E-09 6.4569E-09 6.9140E-09 7.4034E-09 8.0077E-09 8.5655E-09 9.1241E-09 9.6894E-09 1.0382E-08 1.1208E-08 1.1821E-08 1.2409E-08 1.2971E-08 1.3616E-08 1.4121E-08 1.4571E-08 1.4955E-08 1.5263E-08 1.5276E-08 1.5443E-08 1.5514E-08 1.5494E-08 1.5399E-08 1.5243E-08 1.5034E-08 1.4764E-08 1.4426E-08 1.4043E-08 1.3621E-08 1.3159E-08 1.2668E-08 1.2035E-08 1.1514E-08 1.0974E-08 1.0459E-08 9.8389E-09 9.3196E-09 8.7767E-09 8.3176E-09 7.8534E-09 7.3999E-09 7.0248E-09 6.6801E-09 6.3478E-09 6.1008E-09 5.8629E-09 5.6331E-09
2.9672E-09 3.1758E-09 3.4017E-09 3.7368E-09 4.0226E-09 4.3204E-09 4.7386E-09 5.1062E-09 5.4897E-09 6.0000E-09 6.4606E-09 6.9469E-09 7.5553E-09 8.1178E-09 8.7175E-09 9.3129E-09 1.0304E-08 1.1029E-08 1.1757E-08 1.2478E-08 1.3180E-08 1.3986E-08 1.4668E-08 1.5316E-08 1.5909E-08 1.6431E-08 1.6872E-08 1.7219E-08 1.7473E-08 1.7626E-08 1.7668E-08 1.7403E-08 1.7298E-08 1.7107E-08 1.6822E-08 1.6465E-08 1.6069E-08 1.5616E-08 1.5092E-08 1.4534E-08 1.3954E-08 1.3348E-08 1.2726E-08 1.2100E-08 1.1352E-08 1.0721E-08 1.0046E-08 9.4868E-09 8.8833E-09 8.3983E-09 7.8992E-09 7.3814E-09 7.0252E-09 6.6633E-09 6.3391E-09 6.0798E-09 5.8312E-09
3.0943E-09 3.3164E-09 3.6434E-09 3.9306E-09 4.2323E-09 4.6491E-09 5.0227E-09 5.4184E-09 5.9411E-09 6.4195E-09 6.9274E-09 7.5646E-09 8.1652E-09 8.8009E-09 9.6979E-09 1.0576E-08 1.1392E-08 1.2227E-08 1.3053E-08 1.4004E-08 1.5108E-08 1.5964E-08 1.6778E-08 1.7536E-08 1.8230E-08 1.8842E-08 1.9353E-08 1.9747E-08 2.0022E-08 1.9936E-08 1.9978E-08 1.9883E-08 1.9687E-08 1.9176E-08 1.8849E-08 1.8443E-08 1.7936E-08 1.7361E-08 1.6747E-08 1.6093E-08 1.5376E-08 1.4661E-08 1.3929E-08 1.3191E-08 1.2457E-08 1.1619E-08 1.0933E-08 1.0262E-08 9.5820E-09 8.9302E-09 8.4113E-09 7.8001E-09 7.3626E-09 6.9723E-09 6.5894E-09 6.3052E-09 6.0357E-09
3.2219E-09 3.4625E-09 3.8231E-09 4.1267E-09 4.5349E-09 4.9132E-09 5.3137E-09 5.8398E-09 6.3330E-09 6.8576E-09 7.5159E-09 8.1455E-09 9.0235E-09 9.7960E-09 1.0741E-08 1.1650E-08 1.2570E-08 1.3763E-08 1.4924E-08 1.5978E-08 1.7017E-08 1.8012E-08 1.8968E-08 1.9860E-08 2.0681E-08 2.1401E-08 2.2001E-08 2.2456E-08 2.2765E-08 2.2917E-08 2.2904E-08 2.2743E-08 2.2229E-08 2.1866E-08 2.1390E-08 2.0646E-08 2.0039E-08 1.9373E-08 1.8618E-08 1.7810E-08 1.6992E-08 1.6118E-08 1.5258E-08 1.4393E-08 1.3537E-08 1.2700E-08 1.1900E-08 1.1041E-08 1.0324E-08 9.6018E-09 8.9304E-09 8.2685E-09 7.7772E-09 7.3263E-09 6.8874E-09 6.5375E-09 6.2469E-09
3.3528E-09 3.6994E-09 4.0045E-09 4.3248E-09 4.7782E-09 5.1827E-09 5.7006E-09 6.2023E-09 6.7386E-09 7.4075E-09 8.0602E-09 8.9842E-09 9.8041E-09 1.0821E-08 1.1786E-08 1.3031E-08 1.4290E-08 1.5473E-08 1.6729E-08 1.7952E-08 1.9160E-08 2.0623E-08 2.1784E-08 2.2862E-08 2.3842E-08 2.4696E-08 2.5391E-08 2.5917E-08 2.6248E-08 2.6389E-08 2.6066E-08 2.5836E-08 2.5445E-08 2.4918E-08 2.4046E-08 2.3368E-08 2.2455E-08 2.1612E-08 2.0715E-08 1.9760E-08 1.8773E-08 1.7761E-08 1.6722E-08 1.5713E-08 1.4715E-08 1.3754E-08 1.2830E-08 1.1962E-08 1.1056E-08 1.0323E-08 9.5533E-09 8.7566E-09 8.2208E-09 7.7157E-09 7.2251E-09 6.8164E-09 6.4634E-09
3.5604E-09 3.8650E-09 4.1830E-09 4.6206E-09 5.0239E-09 5.4540E-09 6.0331E-09 6.5757E-09 7.1547E-09 7.9091E-09 8.8629E-09 9.7164E-09 1.0777E-08 1.1802E-08 1.3178E-08 1.4550E-08 1.5887E-08 1.7294E-08 1.8954E-08 2.0488E-08 2.1986E-08 2.3439E-08 2.4813E-08 2.6098E-08 2.7255E-08 2.8259E-08 2.9074E-08 2.9675E-08 3.0059E-08 3.0190E-08 3.0050E-08 2.9692E-08 2.9159E-08 2.8201E-08 2.7404E-08 2.6265E-08 2.5287E-08 2.4144E-08 2.3074E-08 2.1944E-08 2.0749E-08 1.9570E-08 1.8357E-08 1.7151E-08 1.6008E-08 1.4897E-08 1.3845E-08 1.2849E-08 1.1925E-08 1.0985E-08 1.0225E-08 9.2646E-09 8.6510E-09 8.0915E-09 7.5664E-09 7.0990E-09 6.6849E-09
3.7114E-09 4.0299E-09 4.3644E-09 4.8429E-09 5.2690E-09 5.8308E-09 6.3696E-09 6.9504E-09 7.6993E-09 8.6580E-09 9.5324E-09 1.0621E-08 1.1926E-08 1.3160E-08 1.4633E-08 1.6105E-08 1.7916E-08 1.9610E-08 2.1369E-08 2.3147E-08 2.4931E-08 2.6653E-08 2.8609E-08 3.0173E-08 3.1562E-08 3.2758E-08 3.3716E-08 3.4424E-08 3.4838E-08 3.4926E-08 3.4374E-08 3.3899E-08 3.3189E-08 3.2277E-08 3.0902E-08 2.9774E-08 2.8563E-08 2.7128E-08 2.5697E-08 2.4356E-08 2.2970E-08 2.1530E-08 2.0143E-08 1.8759E-08 1.7407E-08 1.6145E-08 1.4936E-08 1.3806E-08 1.2753E-08 1.1788E-08 1.0835E-08 9.9165E-09 9.1319E-09 8.4996E-09 7.8931E-09 7.3954E-09 6.9467E-09
3.8595E-09 4.1888E-09 4.6419E-09 5.0644E-09 5.5156E-09 6.1321E-09 6.7080E-09 7.4380E-09 8.3838E-09 9.2600E-09 1.0357E-08 1.1696E-08 1.2983E-08 1.4529E-08 1.6099E-08 1.8083E-08 1.9975E-08 2.1976E-08 2.4042E-08 2.6140E-08 2.8615E-08 3.0755E-08 3.2780E-08 3.4635E-08 3.6284E-08 3.7692E-08 3.8829E-08 3.9636E-08 4.0102E-08 4.0166E-08 3.9816E-08 3.9123E-08 3.8159E-08 3.6631E-08 3.5301E-08 3.3829E-08 3.2031E-08 3.0439E-08 2.8627E-08 2.7024E-08 2.5390E-08 2.3733E-08 2.2077E-08 2.0500E-08 1.8962E-08 1.7482E-08 1.6113E-08 1.4825E-08 1.3636E-08 1.2548E-08 1.1563E-08 1.0518E-08 9.6588E-09 8.9727E-09 8.2954E-09 7.7382E-09 7.2327E-09
4.0044E-09 4.3482E-09 4.8382E-09 5.2797E-09 5.8656E-09 6.4326E-09 7.0459E-09 8.0490E-09 8.9160E-09 9.9955E-09 1.1340E-08 1.2650E-08 1.4234E-08 1.5879E-08 1.7991E-08 2.0041E-08 2.2247E-08 2.4574E-08 2.7348E-08 2.9965E-08 3.2559E-08 3.5122E-08 3.7538E-08 3.9758E-08 4.2122E-08 4.3821E-08 4.5164E-08 4.6124E-08 4.6646E-08 4.6640E-08 4.6136E-08 4.4839E-08 4.3588E-08 4.2057E-08 4.0299E-08 3.8071E-08 3.6172E-08 3.4048E-08 3.1831E-08 2.9961E-08 2.8035E-08 2.6118E-08 2.4213E-08 2.2376E-08 2.0620E-08 1.8931E-08 1.7362E-08 1.5908E-08 1.4568E-08 1.3348E-08 1.2249E-08 1.1163E-08 1.0145E-08 9.4534E-09 8.7409E-09 8.0983E-09 7.5117E-09
4.1434E-09 4.5966E-09 5.0299E-09 5.4936E-09 6.1285E-09 6.7264E-09 7.4947E-09 8.5129E-09 9.4627E-09 1.0660E-08 1.2183E-08 1.3655E-08 1.5448E-08 1.7635E-08 1.9795E-08 2.2159E-08 2.5019E-08 2.7846E-08 3.0839E-08 3.3894E-08 3.6993E-08 4.0395E-08 4.3425E-08 4.6170E-08 4.8577E-08 5.0604E-08 5.2216E-08 5.3321E-08 5.3896E-08 5.3837E-08 5.3146E-08 5.1918E-08 5.0260E-08 4.8262E-08 4.5645E-08 4.3303E-08 4.0879E-08 3.8184E-08 3.5664E-08 3.3193E-08 3.0974E-08 2.8721E-08 2.6553E-08 2.4412E-08 2.2398E-08 2.0475E-08 1.8688E-08 1.7049E-08 1.5546E-08 1.4186E-08 1.2965E-08 1.1769E-08 1.0648E-08 9.8891E-09 9.1714E-09 8.4445E-09 7.7978E-09
4.2771E-09 4.7637E-09 5.2138E-09 5.8034E-09 6.3848E-09 7.0156E-09 8.0620E-09 8.9733E-09 1.0126E-08 1.1599E-08 1.3048E-08 1.4826E-08 1.7028E-08 1.9242E-08 2.1707E-08 2.4745E-08 2.7816E-08 3.1138E-08 3.4632E-08 3.8635E-08 4.2401E-08 4.6172E-08 4.9730E-08 5.3062E-08 5.5983E-08 5.8892E-08 6.0807E-08 6.2139E-08 6.2796E-08 6.2645E-08 6.1712E-08 6.0127E-08 5.7553E-08 5.5021E-08 5.2194E-08 4.9184E-08 4.5801E-08 4.2882E-08 3.9809E-08 3.6728E-08 3.4140E-08 3.1576E-08 2.9034E-08 2.6621E-08 2.4291E-08 2.2124E-08 2.0085E-08 1.8241E-08 1.6565E-08 1.5053E-08 1.3703E-08 1.2392E-08 1.1162E-08 1.0332E-08 9.5777E-09 8.7857E-09 8.1229E-09
4.4078E-09 4.9244E-09 5.3894E-09 6.0225E-09 6.6297E-09 7.4068E-09 8.4514E-09 9.4339E-09 1.0927E-08 1.2325E-08 1.4048E-08 1.6202E-08 1.8412E-08 2.0912E-08 2.4035E-08 2.7260E-08 3.0821E-08 3.4652E-08 3.9175E-08 4.3583E-08 4.8079E-08 5.2536E-08 5.7272E-08 6.1435E-08 6.5079E-08 6.8084E-08 7.0414E-08 7.1963E-08 7.2677E-08 7.2440E-08 7.1210E-08 6.9149E-08 6.6421E-08 6.3176E-08 5.9567E-08 5.5403E-08 5.1714E-08 4.7767E-08 4.4327E-08 4.0580E-08 3.7571E-08 3.4631E-08 3.1724E-08 2.8916E-08 2.6296E-08 2.3839E-08 2.1552E-08 1.9474E-08 1.7615E-08 1.5944E-08 1.4455E-08 1.3026E-08 1.1683E-08 1.0779E-08 9.9609E-09 9.1950E-09 8.4596E-09
4.6222E-09 5.0754E-09 5.6465E-09 6.2316E-09 6.8622E-09 7.8984E-09 8.8248E-09 9.9965E-09 1.1527E-08 1.3051E-08 1.5207E-08 1.7360E-08 1.9824E-08 2.2931E-08 2.6207E-08 2.9898E-08 3.4300E-08 3.8851E-08 4.3759E-08 4.8912E-08 5.4623E-08 6.0044E-08 6.5477E-08 7.0513E-08 7.4917E-08 7.8602E-08 8.1365E-08 8.3160E-08 8.3953E-08 8.3554E-08 8.1987E-08 7.9426E-08 7.6001E-08 7.1930E-08 6.7472E-08 6.2861E-08 5.7811E-08 5.3489E-08 4.9068E-08 4.4694E-08 4.1240E-08 3.7823E-08 3.4540E-08 3.1352E-08 2.8352E-08 2.5606E-08 2.3059E-08 2.0742E-08 1.8686E-08 1.6846E-08 1.5215E-08 1.3662E-08 1.2204E-08 1.1225E-08 1.0342E-08 9.5462E-09 8.7726E-09
4.7488E-09 5.2128E-09 5.8197E-09 6.4251E-09 7.1805E-09 8.2040E-09 9.1800E-09 1.0673E-08 1.2106E-08 1.3879E-08 1.6149E-08 1.8511E-08 2.1222E-08 2.4734E-08 2.8430E-08 3.2578E-08 3.7663E-08 4.2910E-08 4.8565E-08 5.5022E-08 6.1430E-08 6.8022E-08 7.4429E-08 8.0530E-08 8.5880E-08 9.0349E-08 9.3693E-08 9.5845E-08 9.6676E-08 9.6138E-08 9.4204E-08 9.1006E-08 8.6773E-08 8.1764E-08 7.6258E-08 7.0617E-08 6.5069E-08 5.9706E-08 5.4428E-08 4.9065E-08 4.5110E-08 4.1216E-08 3.7455E-08 3.3918E-08 3.0529E-08 2.7422E-08 2.4614E-08 2.2030E-08 1.9760E-08 1.7747E-08 1.5965E-08 1.4292E-08 1.2718E-08 1.1663E-08 1.0715E-08 9.8636E-09 9.0735E-09
4.8646E-09 5.3390E-09 5.9772E-09 6.5989E-09 7.4002E-09 8.4829E-09 9.6195E-09 1.1133E-08 1.2652E-08 1.4832E-08 1.7049E-08 1.9615E-08 2.2946E-08 2.6521E-08 3.0616E-08 3.5704E-08 4.1085E-08 4.7038E-08 5.4001E-08 6.1159E-08 6.8744E-08 7.6457E-08 8.4348E-08 9.1801E-08 9.8238E-08 1.0349E-07 1.0747E-07 1.0999E-07 1.1097E-07 1.1025E-07 1.0784E-07 1.0397E-07 9.8788E-08 9.2643E-08 8.5930E-08 7.9080E-08 7.2419E-08 6.6077E-08 6.0110E-08 5.3647E-08 4.9106E-08 4.4715E-08 4.0496E-08 3.6489E-08 3.2756E-08 2.9281E-08 2.6161E-08 2.3326E-08 2.0817E-08 1.8624E-08 1.6702E-08 1.4902E-08 1.3218E-08 1.2089E-08 1.1076E-08 1.0169E-08 9.3612E-09
4.9700E-09 5.4536E-09 6.1194E-09 6.7558E-09 7.5963E-09 8.7317E-09 9.9388E-09 1.1542E-08 1.3269E-08 1.5518E-08 1.7886E-08 2.0952E-08 2.4312E-08 2.8223E-08 3.3128E-08 3.8433E-08 4.4449E-08 5.1621E-08 5.9240E-08 6.7533E-08 7.6369E-08 8.6024E-08 9.5997E-08 1.0516E-07 1.1258E-07 1.1845E-07 1.2278E-07 1.2565E-07 1.2674E-07 1.2580E-07 1.2296E-07 1.1824E-07 1.1199E-07 1.0454E-07 9.6392E-08 8.8202E-08 8.0241E-08 7.2726E-08 6.5826E-08 5.8830E-08 5.3210E-08 4.8265E-08 4.3551E-08 3.9108E-08 3.4944E-08 3.1132E-08 2.7683E-08 2.4581E-08 2.1834E-08 1.9474E-08 1.7407E-08 1.5404E-08 1.3696E-08 1.2494E-08 1.1419E-08 1.0462E-08 9.6096E-09
5.0637E-09 5.5564E-09 6.2452E-09 6.8945E-09 7.7708E-09 8.9512E-09 1.0217E-08 1.1903E-08 1.3731E-08 1.6124E-08 1.8635E-08 2.1949E-08 2.5563E-08 2.9786E-08 3.5180E-08 4.1019E-08 4.8093E-08 5.5829E-08 6.4460E-08 7.4256E-08 8.6198E-08 9.9723E-08 1.1298E-07 1.2382E-07 1.3112E-07 1.3600E-07 1.4001E-07 1.4280E-07 1.4387E-07 1.4281E-07 1.3932E-07 1.3376E-07 1.2622E-07 1.1730E-07 1.0760E-07 9.7763E-08 8.8401E-08 7.9613E-08 7.1599E-08 6.3998E-08 5.7318E-08 5.1806E-08 4.6588E-08 4.1640E-08 3.7104E-08 3.2892E-08 2.9129E-08 2.5778E-08 2.2796E-08 2.0272E-08 1.8073E-08 1.5948E-08 1.4143E-08 1.2872E-08 1.1741E-08 1.0735E-08 9.8386E-09
5.1440E-09 5.7372E-09 6.3523E-09 7.1133E-09 8.1382E-09 9.1378E-09 1.0701E-08 1.2207E-08 1.4122E-08 1.6639E-08 1.9275E-08 2.2808E-08 2.6648E-08 3.1577E-08 3.7027E-08 4.3342E-08 5.3957E-08 6.2474E-08 7.0309E-08 8.6205E-08 1.0651E-07 1.2831E-07 1.4577E-07 1.5477E-07 1.5846E-07 1.5888E-07 1.5960E-07 1.6139E-07 1.6227E-07 1.6086E-07 1.5686E-07 1.5016E-07 1.4131E-07 1.3069E-07 1.1918E-07 1.0769E-07 9.6657E-08 8.6542E-08 7.7432E-08 6.8823E-08 6.1410E-08 5.5272E-08 4.9509E-08 4.4146E-08 3.9129E-08 3.4542E-08 3.0502E-08 2.6887E-08 2.3684E-08 2.1005E-08 1.8684E-08 1.6676E-08 1.4553E-08 1.3221E-08 1.2035E-08 1.0980E-08 1.0047E-08
5.2089E-09 5.8176E-09 6.4392E-09 7.2228E-09 8.2663E-09 9.4009E-09 1.0908E-08 1.2564E-08 1.4732E-08 1.7050E-08 2.0105E-08 2.3508E-08 2.7534E-08 3.2787E-08 3.8587E-08 4.7460E-08 1.7087E-07 3.5216E-07 1.5195E-07 1.3597E-07 1.6559E-07 1.9394E-07 2.1250E-07 2.1052E-07 2.0162E-07 1.9087E-07 1.8311E-07 1.8127E-07 1.8133E-07 1.7970E-07 1.7499E-07 1.6721E-07 1.5671E-07 1.4433E-07 1.3092E-07 1.1748E-07 1.0491E-07 9.3313E-08 8.3065E-08 7.3545E-08 6.5259E-08 5.8564E-08 5.2250E-08 4.6383E-08 4.0992E-08 3.6031E-08 3.1695E-08 2.7889E-08 2.4477E-08 2.1658E-08 1.9223E-08 1.7131E-08 1.4918E-08 1.3528E-08 1.2290E-08 1.1198E-08 1.0235E-08
5.2608E-09 5.8814E-09 6.5065E-09 7.3085E-09 8.3613E-09 9.5240E-09 1.1056E-08 1.2755E-08 1.4983E-08 1.7345E-08 2.0514E-08 2.4019E-08 2.8573E-08 3.3717E-08 3.9836E-08 4.7627E-08 2.1113E-07 1.4305E-06 1.0289E-06 3.6925E-07 3.0525E-07 3.2125E-07 3.2371E-07 3.0529E-07 2.6749E-07 2.3722E-07 2.1272E-07 2.0252E-07 2.0070E-07 1.9850E-07 1.9320E-07 1.8409E-07 1.7206E-07 1.5769E-07 1.4227E-07 1.2704E-07 1.1263E-07 9.9766E-08 8.8329E-08 7.7542E-08 6.8838E-08 6.1505E-08 5.4669E-08 4.8352E-08 4.2594E-08 3.7321E-08 3.2724E-08 2.8750E-08 2.5164E-08 2.2210E-08 1.9688E-08 1.7520E-08 1.5225E-08 1.3783E-08 1.2510E-08 1.1386E-08 1.0399E-08
5.2990E-09 5.9262E-09 6.5549E-09 7.3691E-09 8.4227E-09 9.6059E-09 1.1149E-08 1.2874E-08 1.5134E-08 1.7523E-08 2.0767E-08 2.4334E-08 2.9037E-08 3.4342E-08 4.1125E-08 4.8880E-08 5.8143E-08 6.3063E-07 2.9515E-06 1.2961E-06 5.4184E-07 5.0129E-07 4.6676E-07 4.4187E-07 3.6729E-07 3.0378E-07 2.5369E-07 2.2567E-07 2.1942E-07 2.1659E-07 2.1055E-07 2.0026E-07 1.8642E-07 1.7022E-07 1.5283E-07 1.3567E-07 1.1979E-07 1.0543E-07 9.2984E-08 8.1298E-08 7.1848E-08 6.4006E-08 5.6675E-08 4.9963E-08 4.3886E-08 3.8384E-08 3.3545E-08 2.9419E-08 2.5714E-08 2.2654E-08 2.0062E-08 1.7828E-08 1.5466E-08 1.3993E-08 1.2690E-08 1.1544E-08 1.0536E-08
