Assets/Resources/2015_m01_d03_0100(utc+0800)_l00_csi_1hr_conc.grd
DSAA
         159         159
     -79.000      79.000
     -79.000      79.000
  0.0000E+00  0.1655E-04
[rows 100 to 124 of 159, columns 57 to 113 of 159]
1.6690E-09 1.7504E-09 1.8333E-09 1.9200E-09 2.0342E-09 2.1315E-09 2.2320E-09 2.3351E-09 2.4864E-09 2.6048E-09 2.7272E-09 3.1721E-09 3.3663E-09 3.5729E-09 3.7909E-09 4.7179E-09 5.0738E-09 5.4500E-09 5.8435E-09 6.2517E-09 6.6862E-09 7.1408E-09 7.6018E-09 8.1785E-09 8.6055E-09 9.0072E-09 9.3809E-09 9.7101E-09 1.0105E-08 1.0321E-08 1.0474E-08 1.0555E-08 1.0484E-08 1.0449E-08 1.0294E-08 1.0133E-08 9.9026E-09 9.6136E-09 9.2676E-09 8.8724E-09 8.4339E-09 7.9593E-09 7.4588E-09 6.9393E-09 6.4110E-09 5.8801E-09 5.3550E-09 4.8436E-09 4.3463E-09 3.8713E-09 3.4296E-09 3.0125E-09 1.9794E-09 1.7254E-09 1.4976E-09 1.2856E-09 1.0915E-09
1.5092E-09 1.5966E-09 1.6725E-09 1.7507E-09 1.8310E-09 1.9389E-09 2.0275E-09 2.1189E-09 2.2127E-09 2.3540E-09 2.4614E-09 2.5717E-09 2.9906E-09 3.1648E-09 3.3487E-09 3.5423E-09 3.7436E-09 4.6920E-09 5.0128E-09 5.3470E-09 5.7053E-09 6.0720E-09 6.4546E-09 6.7837E-09 7.1097E-09 7.4257E-09 7.7160E-09 7.9768E-09 8.2009E-09 8.3828E-09 8.5163E-09 8.6001E-09 8.6297E-09 8.6023E-09 8.5198E-09 8.3815E-09 8.1879E-09 7.9474E-09 7.6595E-09 7.3299E-09 6.9664E-09 6.5737E-09 6.1605E-09 5.7318E-09 5.2966E-09 4.8593E-09 4.4280E-09 4.0062E-09 3.5919E-09 3.2052E-09 2.8373E-09 1.8939E-09 1.6624E-09 1.4531E-09 1.2596E-09 1.0773E-09 9.0951E-10
1.3743E-09 1.4377E-09 1.5205E-09 1.5908E-09 1.6628E-09 1.7367E-09 1.8372E-09 1.9181E-09 2.0010E-09 2.0845E-09 2.2149E-09 2.3109E-09 2.4090E-09 2.6444E-09 2.9514E-09 3.1126E-09 3.2804E-09 3.4524E-09 3.6296E-09 4.5679E-09 4.8604E-09 5.1555E-09 5.4498E-09 5.6991E-09 5.9584E-09 6.2083E-09 6.4377E-09 6.6406E-09 6.8145E-09 6.9539E-09 7.0550E-09 7.1134E-09 7.1294E-09 7.1002E-09 7.0243E-09 6.9048E-09 6.7440E-09 6.5437E-09 6.3039E-09 6.0306E-09 5.7304E-09 5.4066E-09 5.0668E-09 4.7147E-09 4.3576E-09 3.9990E-09 3.6456E-09 3.2922E-09 2.9597E-09 2.0111E-09 1.7915E-09 1.5835E-09 1.3896E-09 1.2164E-09 1.0506E-09 8.9710E-10 5.0970E-10
1.2481E-09 1.3051E-09 1.3634E-09 1.4414E-09 1.5058E-09 1.5717E-09 1.6376E-09 1.7303E-09 1.8032E-09 1.8775E-09 1.9529E-09 2.0279E-09 2.1553E-09 2.2413E-09 2.3282E-09 2.7300E-09 2.8687E-09 3.0111E-09 3.1549E-09 3.3100E-09 3.4726E-09 4.3712E-09 4.5862E-09 4.7733E-09 4.9822E-09 5.1780E-09 5.3568E-09 5.5147E-09 5.6467E-09 5.7519E-09 5.8260E-09 5.8667E-09 5.8709E-09 5.8401E-09 5.7729E-09 5.6538E-09 5.5191E-09 5.3536E-09 5.1550E-09 4.9306E-09 4.6832E-09 4.4190E-09 4.1084E-09 3.8245E-09 3.5353E-09 3.2228E-09 2.9326E-09 2.0215E-09 1.8230E-09 1.6348E-09 1.4499E-09 1.2806E-09 1.1200E-09 9.7711E-10 6.0373E-10 5.1251E-10 4.3060E-10
1.1303E-09 1.1814E-09 1.2337E-09 1.2870E-09 1.3597E-09 1.4178E-09 1.4761E-09 1.5351E-09 1.6201E-09 1.6850E-09 1.7508E-09 1.8171E-09 1.8836E-09 1.9965E-09 2.0709E-09 2.1453E-09 2.2196E-09 2.6212E-09 2.7404E-09 2.8688E-09 2.9940E-09 3.1319E-09 3.2147E-09 3.9906E-09 4.1529E-09 4.2815E-09 4.4168E-09 4.5351E-09 4.6081E-09 4.6813E-09 4.7189E-09 4.7421E-09 4.7368E-09 4.6863E-09 4.6089E-09 4.4832E-09 4.3712E-09 4.2730E-09 4.0763E-09 3.8970E-09 3.7003E-09 3.4915E-09 3.2719E-09 3.0250E-09 2.1368E-09 1.9615E-09 1.7977E-09 1.6129E-09 1.4560E-09 1.3011E-09 1.1557E-09 1.0290E-09 9.0242E-10 5.9320E-10 5.1159E-10 4.3606E-10 3.4097E-10
1.0209E-09 1.0665E-09 1.1132E-09 1.1607E-09 1.2089E-09 1.2751E-09 1.3264E-09 1.3784E-09 1.4308E-09 1.5078E-09 1.5649E-09 1.6223E-09 1.6797E-09 1.7371E-09 1.8380E-09 1.9002E-09 1.9631E-09 2.0245E-09 2.0865E-09 2.4536E-09 2.5528E-09 2.6298E-09 2.6793E-09 2.7496E-09 2.8233E-09 2.8890E-09 2.9269E-09 3.6680E-09 3.7356E-09 3.7856E-09 3.7867E-09 3.7961E-09 3.7696E-09 3.7179E-09 3.6631E-09 3.5742E-09 3.4796E-09 3.3830E-09 3.2391E-09 3.0948E-09 2.9213E-09 2.1159E-09 1.9722E-09 1.8322E-09 1.6882E-09 1.5365E-09 1.4072E-09 1.2797E-09 1.1512E-09 1.0368E-09 9.2281E-10 6.5400E-10 5.7685E-10 5.0151E-10 3.9947E-10 3.4220E-10 2.9068E-10
9.2082E-10 9.6144E-10 1.0029E-09 1.0451E-09 1.0875E-09 1.1292E-09 1.1897E-09 1.2339E-09 1.2797E-09 1.3255E-09 1.3712E-09 1.4441E-09 1.4935E-09 1.5427E-09 1.5913E-09 1.6397E-09 1.7330E-09 1.7832E-09 1.8360E-09 1.8904E-09 1.9439E-09 2.2135E-09 2.2426E-09 2.2914E-09 2.3432E-09 2.3793E-09 2.4119E-09 2.4327E-09 2.4326E-09 2.4396E-09 2.4359E-09 2.4091E-09 2.3832E-09 2.3300E-09 2.2664E-09 2.2020E-09 2.1342E-09 2.0666E-09 1.9754E-09 1.8768E-09 1.7730E-09 1.6592E-09 1.5528E-09 1.4347E-09 1.3276E-09 1.2121E-09 1.1040E-09 1.0006E-09 7.6934E-10 6.9564E-10 6.2431E-10 5.5593E-10 4.8872E-10 3.9211E-10 3.3955E-10 2.9035E-10 2.3411E-10
8.2731E-10 8.6334E-10 9.0008E-10 9.3742E-10 9.7423E-10 1.0109E-09 1.0478E-09 1.1025E-09 1.1423E-09 1.1821E-09 1.2217E-09 1.2597E-09 1.3240E-09 1.3661E-09 1.4079E-09 1.4491E-09 1.4888E-09 1.5265E-09 1.6129E-09 1.6555E-09 1.7011E-09 1.7009E-09 1.7099E-09 1.7354E-09 1.9315E-09 1.9601E-09 1.9743E-09 1.9891E-09 1.9838E-09 1.9769E-09 1.9604E-09 1.9360E-09 1.8991E-09 1.8575E-09 1.7988E-09 1.7485E-09 1.6849E-09 1.6287E-09 1.5543E-09 1.4799E-09 1.3892E-09 1.2995E-09 1.2041E-09 1.1156E-09 1.0263E-09 8.6077E-10 7.8905E-10 7.1942E-10 6.5406E-10 5.9014E-10 5.3084E-10 4.3077E-10 3.8211E-10 3.3520E-10 2.8650E-10 2.3242E-10 1.9836E-10
7.4127E-10 7.7312E-10 8.0556E-10 8.3828E-10 8.7020E-10 9.0233E-10 9.3452E-10 9.6664E-10 1.0157E-09 1.0501E-09 1.0843E-09 1.1180E-09 1.1513E-09 1.2061E-09 1.2421E-09 1.2770E-09 1.3105E-09 1.3427E-09 1.3763E-09 1.4065E-09 1.4706E-09 1.4645E-09 1.4795E-09 1.4990E-09 1.5144E-09 1.5243E-09 1.5302E-09 1.5309E-09 1.6105E-09 1.5874E-09 1.5737E-09 1.5435E-09 1.5162E-09 1.4702E-09 1.4244E-09 1.3735E-09 1.2966E-09 1.2722E-09 1.2160E-09 1.1287E-09 1.0648E-09 9.8698E-10 9.1921E-10 8.5294E-10 7.8872E-10 7.2808E-10 6.6724E-10 6.0987E-10 5.5314E-10 4.5779E-10 4.1126E-10 3.6802E-10 3.2467E-10 2.6309E-10 2.2963E-10 1.9612E-10 1.6711E-10
6.6219E-10 6.9042E-10 7.1897E-10 7.4711E-10 7.7499E-10 8.0299E-10 8.3101E-10 8.5891E-10 8.8652E-10 9.3010E-10 9.5947E-10 9.8843E-10 1.0169E-09 1.0449E-09 1.0726E-09 1.1226E-09 1.1506E-09 1.1775E-09 1.2046E-09 1.2308E-09 1.2318E-09 1.2204E-09 1.2774E-09 1.2921E-09 1.3032E-09 1.3105E-09 1.3126E-09 1.3113E-09 1.3054E-09 1.2939E-09 1.2785E-09 1.2584E-09 1.2325E-09 1.2032E-09 1.1695E-09 1.1308E-09 1.0895E-09 1.0439E-09 9.9655E-10 9.3814E-10 8.8317E-10 8.2991E-10 7.7243E-10 7.1864E-10 6.6674E-10 6.1405E-10 5.1960E-10 4.7373E-10 4.3130E-10 3.8934E-10 3.5099E-10 2.8800E-10 2.5459E-10 2.2304E-10 1.9241E-10 1.3811E-10 1.1198E-10
5.8956E-10 6.1490E-10 6.4040E-10 6.6500E-10 6.8947E-10 7.1378E-10 7.3806E-10 7.6218E-10 7.8507E-10 8.0858E-10 8.3152E-10 8.7160E-10 8.9579E-10 9.2010E-10 9.4364E-10 9.6596E-10 9.8627E-10 1.0300E-09 1.0515E-09 1.0722E-09 1.0602E-09 1.0536E-09 1.0650E-09 1.0748E-09 1.0804E-09 1.0819E-09 1.1237E-09 1.1209E-09 1.1144E-09 1.1039E-09 1.0884E-09 1.0701E-09 1.0478E-09 1.0209E-09 9.9139E-10 9.5765E-10 9.2198E-10 8.7942E-10 8.3462E-10 7.8881E-10 7.4341E-10 6.9574E-10 6.0448E-10 5.6327E-10 5.2096E-10 4.8102E-10 4.4059E-10 4.0310E-10 3.6561E-10 3.0569E-10 2.7471E-10 2.4532E-10 2.1543E-10 1.8735E-10 1.3516E-10 1.0986E-10 9.7205E-11
5.1403E-10 5.4522E-10 5.6630E-10 5.8724E-10 6.0921E-10 6.3100E-10 6.5261E-10 6.7368E-10 6.9419E-10 7.1436E-10 7.3403E-10 7.5224E-10 7.8710E-10 8.0793E-10 8.2783E-10 8.4663E-10 8.6350E-10 8.8043E-10 8.9407E-10 9.2222E-10 9.0169E-10 9.0562E-10 9.1443E-10 9.2038E-10 9.2566E-10 9.2940E-10 9.2732E-10 9.2058E-10 9.1179E-10 8.9995E-10 8.8407E-10 8.6623E-10 8.4553E-10 8.2109E-10 7.9516E-10 7.6588E-10 7.2921E-10 6.9201E-10 6.5820E-10 6.1880E-10 5.8441E-10 5.4801E-10 5.1295E-10 4.7650E-10 4.4201E-10 4.0669E-10 3.7387E-10 3.1590E-10 2.8636E-10 2.5995E-10 2.3338E-10 2.0694E-10 1.4991E-10 1.3127E-10 1.0693E-10 9.5003E-11 8.4069E-11
4.5479E-10 4.7211E-10 4.9866E-10 5.1716E-10 5.3648E-10 5.5493E-10 5.7328E-10 5.9157E-10 6.1015E-10 6.2819E-10 6.4541E-10 6.6169E-10 6.7797E-10 6.9279E-10 7.2421E-10 7.3985E-10 7.5355E-10 7.6695E-10 7.7952E-10 7.7303E-10 7.4640E-10 7.5212E-10 7.8209E-10 7.8668E-10 7.9019E-10 7.9029E-10 7.8842E-10 7.8480E-10 7.7860E-10 7.6827E-10 7.5481E-10 7.3791E-10 7.1965E-10 6.9814E-10 6.7233E-10 6.4251E-10 6.1287E-10 5.8156E-10 5.5284E-10 5.2273E-10 4.9358E-10 4.6245E-10 4.3284E-10 4.0174E-10 3.4784E-10 3.1968E-10 2.9403E-10 2.6766E-10 2.4409E-10 2.2008E-10 1.6268E-10 1.4401E-10 1.2262E-10 1.0326E-10 9.2115E-11 8.1848E-11 7.2438E-11
4.0093E-10 4.1654E-10 4.3020E-10 4.5197E-10 4.6769E-10 4.8426E-10 5.0078E-10 5.1766E-10 5.3315E-10 5.4828E-10 5.6362E-10 5.7936E-10 5.9385E-10 6.0720E-10 6.1967E-10 6.2942E-10 6.5581E-10 6.6618E-10 6.7486E-10 6.5280E-10 6.4038E-10 6.4582E-10 6.4888E-10 6.5128E-10 6.5079E-10 6.4870E-10 6.6879E-10 6.6592E-10 6.5804E-10 6.5010E-10 6.3925E-10 6.2670E-10 6.1113E-10 5.8588E-10 5.6224E-10 5.4084E-10 5.1367E-10 4.9110E-10 4.6606E-10 4.4185E-10 3.9111E-10 3.6740E-10 3.4215E-10 3.1874E-10 2.9411E-10 2.7169E-10 2.4834E-10 2.2579E-10 1.7148E-10 1.5463E-10 1.3733E-10 1.1371E-10 9.8925E-11 8.8612E-11 7.9059E-11 7.0256E-11 4.9069E-11
3.4530E-10 3.6267E-10 3.7549E-10 3.8965E-10 4.0764E-10 4.2312E-10 4.3615E-10 4.4933E-10 4.6170E-10 4.7560E-10 4.8972E-10 5.0246E-10 5.1498E-10 5.2743E-10 5.3998E-10 5.4897E-10 5.5613E-10 5.6274E-10 5.5789E-10 5.5033E-10 5.4625E-10 5.5141E-10 5.5391E-10 5.5422E-10 5.5509E-10 5.5271E-10 5.4866E-10 5.4299E-10 5.3748E-10 5.2780E-10 5.1828E-10 4.9884E-10 4.8203E-10 4.6703E-10 4.4722E-10 4.3057E-10 4.1106E-10 3.9239E-10 3.7307E-10 3.5180E-10 3.3179E-10 3.1014E-10 2.9012E-10 2.6873E-10 2.4931E-10 2.2878E-10 1.7567E-10 1.5955E-10 1.4269E-10 1.2664E-10 1.0414E-10 9.4039E-11 8.4579E-11 7.5769E-11 6.7608E-11 4.7166E-11 3.5357E-11
3.0064E-10 3.1069E-10 3.2573E-10 3.3755E-10 3.4817E-10 3.5857E-10 3.7460E-10 3.8743E-10 3.9940E-10 4.1119E-10 4.2077E-10 4.3289E-10 4.4477E-10 4.5568E-10 4.6501E-10 4.7300E-10 4.8009E-10 4.8755E-10 4.6944E-10 4.5525E-10 4.5588E-10 4.5536E-10 4.7202E-10 4.6936E-10 4.6998E-10 4.6892E-10 4.6389E-10 4.6036E-10 4.5347E-10 4.4268E-10 4.2494E-10 4.1663E-10 4.0175E-10 3.8908E-10 3.7619E-10 3.6181E-10 3.4686E-10 3.3072E-10 3.1458E-10 2.9626E-10 2.7937E-10 2.6078E-10 2.4394E-10 1.9222E-10 1.7846E-10 1.6347E-10 1.4896E-10 1.3360E-10 1.1497E-10 9.7841E-11 8.8707E-11 8.0106E-11 7.2054E-11 6.1516E-11 4.1667E-11 3.0074E-11 4.3214E-12
2.6021E-10 2.7035E-10 2.7827E-10 2.8637E-10 2.9878E-10 3.0917E-10 3.1833E-10 3.2736E-10 3.3943E-10 3.4905E-10 3.6046E-10 3.7193E-10 3.8126E-10 3.8871E-10 3.9772E-10 4.0512E-10 4.0900E-10 4.0851E-10 3.9100E-10 3.9104E-10 3.9356E-10 3.9330E-10 3.9159E-10 3.8785E-10 3.8413E-10 3.7937E-10 3.9326E-10 3.8401E-10 3.7245E-10 3.6461E-10 3.5461E-10 3.4458E-10 3.3658E-10 3.2497E-10 3.1515E-10 3.0230E-10 2.9019E-10 2.7730E-10 2.2959E-10 2.1702E-10 2.0285E-10 1.9039E-10 1.7646E-10 1.6273E-10 1.5108E-10 1.3811E-10 1.2421E-10 1.0354E-10 9.1223E-11 8.3039E-11 7.5291E-11 6.7996E-11 5.4988E-11 3.9302E-11 1.7766E-11 0.0000E+00 0.0000E+00
2.2333E-10 2.2978E-10 2.3820E-10 2.4558E-10 2.5310E-10 2.6028E-10 2.6962E-10 2.7715E-10 2.8493E-10 2.9260E-10 3.0342E-10 3.1275E-10 3.2146E-10 3.3149E-10 3.3559E-10 3.3843E-10 3.4137E-10 3.3596E-10 3.3269E-10 3.3511E-10 3.3471E-10 3.3532E-10 3.3452E-10 3.3304E-10 3.3005E-10 3.1820E-10 3.1034E-10 2.9931E-10 2.9332E-10 2.8508E-10 2.7767E-10 2.6804E-10 2.5942E-10 2.5025E-10 2.3909E-10 2.2911E-10 2.1724E-10 2.0676E-10 1.9450E-10 1.8384E-10 1.7150E-10 1.6095E-10 1.4888E-10 1.3701E-10 1.2399E-10 1.0742E-10 9.2004E-11 8.4415E-11 7.7149E-11 7.0231E-11 6.3681E-11 4.4296E-11 2.2396E-11 4.3774E-12 0.0000E+00 0.0000E+00 0.0000E+00
1.8987E-10 1.9487E-10 2.0160E-10 2.0808E-10 2.1544E-10 2.2084E-10 2.2715E-10 2.3188E-10 2.3935E-10 2.4630E-10 2.5302E-10 2.6082E-10 2.7041E-10 2.7494E-10 2.7896E-10 2.8141E-10 2.8308E-10 2.7751E-10 2.7969E-10 2.8059E-10 2.8282E-10 2.8420E-10 2.8311E-10 2.7179E-10 2.6954E-10 2.6299E-10 2.6047E-10 2.5477E-10 2.4960E-10 2.4223E-10 2.3587E-10 2.2894E-10 2.1998E-10 2.1216E-10 2.0235E-10 1.9388E-10 1.8512E-10 1.7462E-10 1.6560E-10 1.5492E-10 1.4421E-10 1.3534E-10 1.2491E-10 1.1330E-10 9.1027E-11 8.4177E-11 7.7539E-11 7.1144E-11 6.5022E-11 5.6173E-11 2.6658E-11 7.5405E-12 0.0000E+00 0.0000E+00 0.0000E+00 0.0000E+00 0.0000E+00
1.6056E-10 1.6615E-10 1.7100E-10 1.7507E-10 1.8039E-10 1.8564E-10 1.9150E-10 1.9640E-10 2.0079E-10 2.0582E-10 2.1015E-10 2.1771E-10 2.2298E-10 2.2681E-10 2.2927E-10 2.3143E-10 2.3081E-10 2.3183E-10 2.3414E-10 2.3530E-10 2.3360E-10 2.2767E-10 2.2244E-10 2.2323E-10 2.2363E-10 2.2041E-10 2.1768E-10 2.1385E-10 2.1013E-10 2.0626E-10 1.9951E-10 1.9360E-10 1.8568E-10 1.7904E-10 1.7207E-10 1.6326E-10 1.5587E-10 1.4669E-10 1.3910E-10 1.2983E-10 1.2058E-10 1.0998E-10 9.5752E-11 8.2361E-11 7.6459E-11 7.0703E-11 6.5127E-11 5.9756E-11 3.0405E-11 8.6891E-12 0.0000E+00 0.0000E+00 0.0000E+00 0.0000E+00 0.0000E+00 0.0000E+00 0.0000E+00
1.3801E-10 1.4136E-10 1.4395E-10 1.4784E-10 1.5188E-10 1.5538E-10 1.5899E-10 1.6322E-10 1.6619E-10 1.7092E-10 1.7653E-10 1.7975E-10 1.8496E-10 1.8540E-10 1.8666E-10 1.8741E-10 1.8903E-10 1.8543E-10 1.8459E-10 1.8388E-10 1.8366E-10 1.8524E-10 1.8419E-10 1.8526E-10 1.8359E-10 1.8144E-10 1.8071E-10 1.7921E-10 1.7482E-10 1.7113E-10 1.6625E-10 1.6211E-10 1.5738E-10 1.5035E-10 1.4447E-10 1.3674E-10 1.3053E-10 1.2255E-10 1.1448E-10 1.0496E-10 9.1685E-11 7.9095E-11 7.3993E-11 6.8953E-11 6.4008E-11 4.7837E-11 3.7793E-11 8.6972E-12 0.0000E+00 0.0000E+00 0.0000E+00 0.0000E+00 0.0000E+00 0.0000E+00 0.0000E+00 0.0000E+00 0.0000E+00
1.1622E-10 1.1896E-10 1.2250E-10 1.2499E-10 1.2763E-10 1.3147E-10 1.3367E-10 1.3631E-10 1.3915E-10 1.4263E-10 1.4549E-10 1.4822E-10 1.5244E-10 1.5363E-10 1.4762E-10 1.4304E-10 1.4635E-10 1.4701E-10 1.4811E-10 1.4853E-10 1.4916E-10 1.5055E-10 1.5261E-10 1.5068E-10 1.5156E-10 1.4897E-10 1.4842E-10 1.4647E-10 1.4342E-10 1.4140E-10 1.3857E-10 1.3356E-10 1.2954E-10 1.2424E-10 1.1961E-10 1.1371E-10 1.0697E-10 9.8532E-11 8.6284E-11 7.4581E-11 7.0300E-11 6.6012E-11 5.0510E-11 4.6980E-11 3.1462E-11 8.5283E-12 0.0000E+00 0.0000E+00 0.0000E+00 0.0000E+00 0.0000E+00 0.0000E+00 0.0000E+00 0.0000E+00 0.0000E+00 0.0000E+00 0.0000E+00
9.9086E-11 1.0089E-10 1.0414E-10 1.0625E-10 1.0828E-10 1.1045E-10 1.1286E-10 1.1452E-10 1.1372E-10 1.1273E-10 1.1119E-10 1.1124E-10 1.1438E-10 1.1408E-10 1.1713E-10 1.1846E-10 1.1973E-10 1.2016E-10 1.2073E-10 1.2237E-10 1.2228E-10 1.2268E-10 1.2287E-10 1.2102E-10 1.1908E-10 1.2228E-10 1.1941E-10 1.1925E-10 1.1694E-10 1.1441E-10 1.1221E-10 1.0899E-10 1.0582E-10 1.0187E-10 9.6599E-11 8.5315E-11 7.8863E-11 5.7578E-11 5.4530E-11 5.1458E-11 4.8384E-11 3.6379E-11 3.0829E-11 0.0000E+00 0.0000E+00 0.0000E+00 0.0000E+00 0.0000E+00 0.0000E+00 0.0000E+00 0.0000E+00 0.0000E+00 0.0000E+00 0.0000E+00 0.0000E+00 0.0000E+00 0.0000E+00
7.9212E-11 8.1203E-11 7.9429E-11 8.0804E-11 8.2044E-11 8.5237E-11 8.3549E-11 8.4522E-11 8.6902E-11 8.7144E-11 8.9316E-11 9.1566E-11 9.3392E-11 9.3661E-11 9.5104E-11 9.7065E-11 9.9868E-11 9.8736E-11 9.9512E-11 1.0030E-10 9.8684E-11 9.8314E-11 9.7900E-11 9.8825E-11 9.7950E-11 9.7542E-11 9.5390E-11 9.3273E-11 9.1398E-11 8.8027E-11 8.3559E-11 8.0986E-11 7.7042E-11 6.7306E-11 5.8173E-11 5.2868E-11 4.1434E-11 3.9262E-11 3.7077E-11 3.4895E-11 1.0910E-11 0.0000E+00 0.0000E+00 0.0000E+00 0.0000E+00 0.0000E+00 0.0000E+00 0.0000E+00 0.0000E+00 0.0000E+00 0.0000E+00 0.0000E+00 0.0000E+00 0.0000E+00 0.0000E+00 0.0000E+00 0.0000E+00
5.8899E-11 6.4456E-11 6.5763E-11 6.5478E-11 6.7019E-11 6.8031E-11 6.8916E-11 7.0786E-11 7.0790E-11 7.1878E-11 7.3822E-11 7.4564E-11 7.6234E-11 7.5201E-11 7.7248E-11 7.8876E-11 7.7908E-11 7.9346E-11 8.0071E-11 8.0584E-11 7.8771E-11 8.0852E-11 8.0511E-11 7.8467E-11 7.7460E-11 7.6991E-11 7.3708E-11 7.2242E-11 6.8856E-11 6.1063E-11 5.5891E-11 4.6852E-11 4.1665E-11 4.0017E-11 3.8305E-11 3.2165E-11 2.6521E-11 1.7777E-11 0.0000E+00 0.0000E+00 0.0000E+00 0.0000E+00 0.0000E+00 0.0000E+00 0.0000E+00 0.0000E+00 0.0000E+00 0.0000E+00 0.0000E+00 0.0000E+00 0.0000E+00 0.0000E+00 0.0000E+00 0.0000E+00 0.0000E+00 0.0000E+00 0.0000E+00
