Assets/Resources/2015_m01_d26_1600(utc+0800)_l00_csi_1hr_conc.grd
DSAA
         159         159
     -79.000      79.000
     -79.000      79.000
  0.0000E+00  0.7484E-05
[rows 25 to 49 of 159, columns 0 to 56 of 159]
9.6834E-09 1.0308E-08 1.0958E-08 1.1630E-08 1.2322E-08 1.3030E-08 1.3751E-08 1.4479E-08 1.5207E-08 1.5931E-08 1.6645E-08 1.7337E-08 1.8006E-08 1.8643E-08 1.9237E-08 1.9784E-08 2.0278E-08 2.0710E-08 2.1071E-08 2.1360E-08 2.1542E-08 2.1619E-08 2.1640E-08 2.1606E-08 2.1487E-08 2.1276E-08 2.0983E-08 2.0608E-08 2.0154E-08 1.9619E-08 1.9017E-08 1.8351E-08 1.7627E-08 1.6850E-08 1.6029E-08 1.5170E-08 1.4283E-08 1.3377E-08 1.2463E-08 1.1557E-08 1.0658E-08 9.7839E-09 8.9298E-09 8.1098E-09 7.3228E-09 6.5787E-09 5.8774E-09 5.2262E-09 4.6265E-09 4.0807E-09 3.5912E-09 3.1475E-09 2.7382E-09 2.3707E-09 2.0590E-09 1.8341E-09 1.6408E-09
9.5419E-09 1.0166E-08 1.0815E-08 1.1489E-08 1.2183E-08 1.2895E-08 1.3622E-08 1.4355E-08 1.5091E-08 1.5826E-08 1.6551E-08 1.7256E-08 1.7942E-08 1.8597E-08 1.9210E-08 1.9781E-08 2.0299E-08 2.0754E-08 2.1149E-08 2.1473E-08 2.1701E-08 2.1826E-08 2.1870E-08 2.1860E-08 2.1776E-08 2.1607E-08 2.1355E-08 2.1018E-08 2.0596E-08 2.0102E-08 1.9534E-08 1.8900E-08 1.8204E-08 1.7453E-08 1.6651E-08 1.5805E-08 1.4924E-08 1.4017E-08 1.3101E-08 1.2182E-08 1.1268E-08 1.0367E-08 9.4860E-09 8.6308E-09 7.8060E-09 7.0192E-09 6.2724E-09 5.5776E-09 4.9318E-09 4.3429E-09 3.8115E-09 3.3231E-09 2.9074E-09 2.5152E-09 2.1525E-09 1.8872E-09 1.6842E-09
9.3706E-09 9.9908E-09 1.0638E-08 1.1310E-08 1.2003E-08 1.2717E-08 1.3445E-08 1.4182E-08 1.4924E-08 1.5665E-08 1.6398E-08 1.7117E-08 1.7817E-08 1.8485E-08 1.9119E-08 1.9712E-08 2.0251E-08 2.0737E-08 2.1162E-08 2.1513E-08 2.1793E-08 2.1974E-08 2.2055E-08 2.2068E-08 2.2026E-08 2.1906E-08 2.1698E-08 2.1403E-08 2.1033E-08 2.0583E-08 2.0057E-08 1.9463E-08 1.8806E-08 1.8088E-08 1.7315E-08 1.6492E-08 1.5630E-08 1.4736E-08 1.3820E-08 1.2890E-08 1.1961E-08 1.1034E-08 1.0125E-08 9.2348E-09 8.3725E-09 7.5391E-09 6.7473E-09 5.9987E-09 5.3020E-09 4.6607E-09 4.0695E-09 3.5412E-09 3.0823E-09 2.6716E-09 2.2856E-09 1.9582E-09 1.7277E-09
9.1707E-09 9.7846E-09 1.0426E-08 1.1094E-08 1.1784E-08 1.2496E-08 1.3222E-08 1.3959E-08 1.4705E-08 1.5448E-08 1.6189E-08 1.6917E-08 1.7626E-08 1.8310E-08 1.8962E-08 1.9571E-08 2.0137E-08 2.0652E-08 2.1102E-08 2.1492E-08 2.1813E-08 2.2051E-08 2.2184E-08 2.2234E-08 2.2235E-08 2.2163E-08 2.2007E-08 2.1772E-08 2.1454E-08 2.1057E-08 2.0584E-08 2.0041E-08 1.9430E-08 1.8755E-08 1.8022E-08 1.7236E-08 1.6401E-08 1.5523E-08 1.4610E-08 1.3682E-08 1.2745E-08 1.1805E-08 1.0871E-08 9.9475E-09 9.0429E-09 8.1622E-09 7.3184E-09 6.5140E-09 5.7600E-09 5.0592E-09 4.4114E-09 3.8281E-09 3.3158E-09 2.8661E-09 2.4505E-09 2.0789E-09 1.8012E-09
8.9429E-09 9.5483E-09 1.0182E-08 1.0841E-08 1.1527E-08 1.2233E-08 1.2954E-08 1.3689E-08 1.4433E-08 1.5177E-08 1.5922E-08 1.6656E-08 1.7373E-08 1.8070E-08 1.8736E-08 1.9365E-08 1.9955E-08 2.0494E-08 2.0978E-08 2.1404E-08 2.1765E-08 2.2052E-08 2.2250E-08 2.2359E-08 2.2396E-08 2.2378E-08 2.2286E-08 2.2111E-08 2.1856E-08 2.1522E-08 2.1111E-08 2.0627E-08 2.0070E-08 1.9454E-08 1.8773E-08 1.8031E-08 1.7231E-08 1.6382E-08 1.5492E-08 1.4573E-08 1.3628E-08 1.2672E-08 1.1710E-08 1.0754E-08 9.8063E-09 8.8787E-09 7.9783E-09 7.1123E-09 6.2938E-09 5.5250E-09 4.8103E-09 4.1602E-09 3.5856E-09 3.0830E-09 2.6377E-09 2.2173E-09 1.8982E-09
8.6891E-09 9.2834E-09 9.9060E-09 1.0555E-08 1.1232E-08 1.1928E-08 1.2642E-08 1.3373E-08 1.4111E-08 1.4853E-08 1.5600E-08 1.6334E-08 1.7058E-08 1.7765E-08 1.8442E-08 1.9091E-08 1.9702E-08 2.0268E-08 2.0785E-08 2.1249E-08 2.1648E-08 2.1983E-08 2.2248E-08 2.2422E-08 2.2513E-08 2.2549E-08 2.2523E-08 2.2420E-08 2.2234E-08 2.1972E-08 2.1633E-08 2.1213E-08 2.0729E-08 2.0178E-08 1.9557E-08 1.8870E-08 1.8126E-08 1.7319E-08 1.6458E-08 1.5550E-08 1.4611E-08 1.3651E-08 1.2676E-08 1.1694E-08 1.0708E-08 9.7335E-09 8.7736E-09 7.8456E-09 6.9530E-09 6.1041E-09 5.3126E-09 4.5958E-09 3.9506E-09 3.3772E-09 2.8780E-09 2.4345E-09 2.0376E-09
8.4110E-09 8.9916E-09 9.6004E-09 1.0238E-08 1.0901E-08 1.1585E-08 1.2290E-08 1.3011E-08 1.3741E-08 1.4478E-08 1.5222E-08 1.5954E-08 1.6684E-08 1.7395E-08 1.8084E-08 1.8751E-08 1.9379E-08 1.9974E-08 2.0523E-08 2.1021E-08 2.1463E-08 2.1849E-08 2.2171E-08 2.2417E-08 2.2577E-08 2.2674E-08 2.2718E-08 2.2686E-08 2.2582E-08 2.2401E-08 2.2135E-08 2.1799E-08 2.1394E-08 2.0916E-08 2.0369E-08 1.9757E-08 1.9076E-08 1.8322E-08 1.7498E-08 1.6625E-08 1.5706E-08 1.4746E-08 1.3757E-08 1.2745E-08 1.1723E-08 1.0698E-08 9.6789E-09 8.6808E-09 7.7126E-09 6.7799E-09 5.9026E-09 5.0997E-09 4.3678E-09 3.7162E-09 3.1513E-09 2.6531E-09 2.2089E-09
8.1107E-09 8.6751E-09 9.2677E-09 9.8901E-09 1.0538E-08 1.1207E-08 1.1898E-08 1.2606E-08 1.3325E-08 1.4054E-08 1.4790E-08 1.5521E-08 1.6250E-08 1.6965E-08 1.7667E-08 1.8343E-08 1.8991E-08 1.9612E-08 2.0189E-08 2.0724E-08 2.1211E-08 2.1646E-08 2.2024E-08 2.2338E-08 2.2580E-08 2.2748E-08 2.2857E-08 2.2910E-08 2.2891E-08 2.2792E-08 2.2620E-08 2.2371E-08 2.2051E-08 2.1660E-08 2.1205E-08 2.0674E-08 2.0065E-08 1.9380E-08 1.8620E-08 1.7790E-08 1.6894E-08 1.5944E-08 1.4954E-08 1.3929E-08 1.2883E-08 1.1813E-08 1.0740E-08 9.6705E-09 8.6216E-09 7.6014E-09 6.6316E-09 5.7288E-09 4.9009E-09 4.1598E-09 3.5091E-09 2.9459E-09 2.4594E-09
7.7906E-09 8.3366E-09 8.9107E-09 9.5152E-09 1.0144E-08 1.0796E-08 1.1471E-08 1.2163E-08 1.2867E-08 1.3584E-08 1.4312E-08 1.5036E-08 1.5762E-08 1.6480E-08 1.7186E-08 1.7874E-08 1.8539E-08 1.9183E-08 1.9787E-08 2.0357E-08 2.0888E-08 2.1373E-08 2.1806E-08 2.2188E-08 2.2509E-08 2.2758E-08 2.2943E-08 2.3078E-08 2.3147E-08 2.3144E-08 2.3066E-08 2.2915E-08 2.2689E-08 2.2401E-08 2.2042E-08 2.1600E-08 2.1086E-08 2.0487E-08 1.9800E-08 1.9022E-08 1.8169E-08 1.7251E-08 1.6270E-08 1.5240E-08 1.4164E-08 1.3055E-08 1.1926E-08 1.0786E-08 9.6470E-09 8.5310E-09 7.4628E-09 6.4518E-09 5.5145E-09 4.6682E-09 3.9231E-09 3.2713E-09 2.7150E-09
7.4534E-09 7.9787E-09 8.5327E-09 9.1164E-09 9.7237E-09 1.0356E-08 1.1011E-08 1.1684E-08 1.2372E-08 1.3075E-08 1.3789E-08 1.4505E-08 1.5226E-08 1.5942E-08 1.6651E-08 1.7346E-08 1.8027E-08 1.8688E-08 1.9316E-08 1.9926E-08 2.0494E-08 2.1027E-08 2.1519E-08 2.1964E-08 2.2360E-08 2.2693E-08 2.2963E-08 2.3183E-08 2.3343E-08 2.3441E-08 2.3466E-08 2.3414E-08 2.3296E-08 2.3118E-08 2.2857E-08 2.2528E-08 2.2117E-08 2.1617E-08 2.1012E-08 2.0313E-08 1.9523E-08 1.8645E-08 1.7686E-08 1.6661E-08 1.5577E-08 1.4442E-08 1.3265E-08 1.2061E-08 1.0839E-08 9.6267E-09 8.4484E-09 7.3196E-09 6.2595E-09 5.2990E-09 4.4386E-09 3.6834E-09 3.0447E-09
7.1020E-09 7.6048E-09 8.1368E-09 8.6974E-09 9.2811E-09 9.8906E-09 1.0524E-08 1.1175E-08 1.1844E-08 1.2529E-08 1.3228E-08 1.3932E-08 1.4643E-08 1.5356E-08 1.6064E-08 1.6763E-08 1.7455E-08 1.8131E-08 1.8786E-08 1.9424E-08 2.0029E-08 2.0613E-08 2.1156E-08 2.1665E-08 2.2131E-08 2.2545E-08 2.2908E-08 2.3212E-08 2.3470E-08 2.3669E-08 2.3798E-08 2.3856E-08 2.3853E-08 2.3780E-08 2.3641E-08 2.3431E-08 2.3133E-08 2.2740E-08 2.2242E-08 2.1638E-08 2.0921E-08 2.0100E-08 1.9186E-08 1.8185E-08 1.7102E-08 1.5948E-08 1.4732E-08 1.3460E-08 1.2160E-08 1.0857E-08 9.5628E-09 8.3042E-09 7.1198E-09 6.0222E-09 5.0342E-09 4.1737E-09 3.4234E-09
6.7396E-09 7.2184E-09 7.7265E-09 8.2617E-09 8.8206E-09 9.4055E-09 1.0014E-08 1.0641E-08 1.1289E-08 1.1954E-08 1.2634E-08 1.3323E-08 1.4021E-08 1.4726E-08 1.5429E-08 1.6132E-08 1.6828E-08 1.7517E-08 1.8193E-08 1.8858E-08 1.9501E-08 2.0126E-08 2.0721E-08 2.1288E-08 2.1818E-08 2.2313E-08 2.2762E-08 2.3160E-08 2.3514E-08 2.3813E-08 2.4051E-08 2.4222E-08 2.4332E-08 2.4378E-08 2.4367E-08 2.4276E-08 2.4102E-08 2.3836E-08 2.3459E-08 2.2958E-08 2.2334E-08 2.1597E-08 2.0745E-08 1.9781E-08 1.8719E-08 1.7562E-08 1.6325E-08 1.5011E-08 1.3641E-08 1.2242E-08 1.0831E-08 9.4455E-09 8.1174E-09 6.8781E-09 5.7551E-09 4.7574E-09 3.8961E-09
6.3694E-09 6.8231E-09 7.3058E-09 7.8139E-09 8.3463E-09 8.9047E-09 9.4863E-09 1.0088E-08 1.0711E-08 1.1353E-08 1.2013E-08 1.2683E-08 1.3366E-08 1.4059E-08 1.4754E-08 1.5455E-08 1.6152E-08 1.6851E-08 1.7545E-08 1.8231E-08 1.8905E-08 1.9568E-08 2.0208E-08 2.0829E-08 2.1423E-08 2.1989E-08 2.2521E-08 2.3014E-08 2.3461E-08 2.3860E-08 2.4206E-08 2.4492E-08 2.4713E-08 2.4888E-08 2.5004E-08 2.5037E-08 2.4998E-08 2.4864E-08 2.4616E-08 2.4238E-08 2.3732E-08 2.3094E-08 2.2319E-08 2.1419E-08 2.0396E-08 1.9264E-08 1.8014E-08 1.6665E-08 1.5242E-08 1.3752E-08 1.2232E-08 1.0714E-08 9.2355E-09 7.8490E-09 6.5745E-09 5.4335E-09 4.4467E-09
5.9949E-09 6.4226E-09 6.8784E-09 7.3586E-09 7.8630E-09 8.3929E-09 8.9466E-09 9.5207E-09 1.0118E-08 1.0733E-08 1.1370E-08 1.2019E-08 1.2683E-08 1.3360E-08 1.4045E-08 1.4738E-08 1.5432E-08 1.6140E-08 1.6842E-08 1.7546E-08 1.8247E-08 1.8939E-08 1.9620E-08 2.0289E-08 2.0940E-08 2.1574E-08 2.2180E-08 2.2760E-08 2.3301E-08 2.3796E-08 2.4248E-08 2.4642E-08 2.4982E-08 2.5281E-08 2.5516E-08 2.5685E-08 2.5784E-08 2.5786E-08 2.5678E-08 2.5441E-08 2.5065E-08 2.4540E-08 2.3873E-08 2.3057E-08 2.2102E-08 2.0999E-08 1.9766E-08 1.8415E-08 1.6950E-08 1.5389E-08 1.3761E-08 1.2114E-08 1.0502E-08 8.9522E-09 7.5229E-09 6.2397E-09 5.0973E-09
5.6194E-09 6.0203E-09 6.4484E-09 6.8997E-09 7.3754E-09 7.8755E-09 8.3996E-09 8.9447E-09 9.5135E-09 1.0101E-08 1.0712E-08 1.1336E-08 1.1979E-08 1.2638E-08 1.3306E-08 1.3989E-08 1.4679E-08 1.5386E-08 1.6093E-08 1.6810E-08 1.7526E-08 1.8244E-08 1.8958E-08 1.9669E-08 2.0372E-08 2.1064E-08 2.1737E-08 2.2394E-08 2.3016E-08 2.3609E-08 2.4159E-08 2.4657E-08 2.5113E-08 2.5528E-08 2.5884E-08 2.6190E-08 2.6417E-08 2.6564E-08 2.6606E-08 2.6518E-08 2.6283E-08 2.5898E-08 2.5355E-08 2.4646E-08 2.3778E-08 2.2744E-08 2.1556E-08 2.0220E-08 1.8727E-08 1.7108E-08 1.5393E-08 1.3629E-08 1.1870E-08 1.0176E-08 8.5870E-09 7.1274E-09 5.8388E-09
5.2460E-09 5.6199E-09 6.0195E-09 6.4415E-09 6.8874E-09 7.3571E-09 7.8511E-09 8.3651E-09 8.9041E-09 9.4620E-09 1.0045E-08 1.0642E-08 1.1260E-08 1.1897E-08 1.2547E-08 1.3216E-08 1.3894E-08 1.4598E-08 1.5302E-08 1.6024E-08 1.6751E-08 1.7486E-08 1.8227E-08 1.8970E-08 1.9716E-08 2.0456E-08 2.1189E-08 2.1910E-08 2.2608E-08 2.3285E-08 2.3928E-08 2.4524E-08 2.5090E-08 2.5607E-08 2.6087E-08 2.6512E-08 2.6871E-08 2.7161E-08 2.7352E-08 2.7422E-08 2.7339E-08 2.7109E-08 2.6705E-08 2.6128E-08 2.5363E-08 2.4431E-08 2.3319E-08 2.2015E-08 2.0530E-08 1.8880E-08 1.7099E-08 1.5240E-08 1.3355E-08 1.1515E-08 9.7665E-09 8.1469E-09 6.6978E-09
4.8780E-09 5.2242E-09 5.5955E-09 5.9884E-09 6.4036E-09 6.8429E-09 7.3056E-09 7.7883E-09 8.2961E-09 8.8225E-09 9.3760E-09 9.9437E-09 1.0534E-08 1.1145E-08 1.1776E-08 1.2424E-08 1.3089E-08 1.3780E-08 1.4475E-08 1.5196E-08 1.5925E-08 1.6673E-08 1.7430E-08 1.8198E-08 1.8976E-08 1.9754E-08 2.0533E-08 2.1311E-08 2.2067E-08 2.2822E-08 2.3541E-08 2.4231E-08 2.4888E-08 2.5502E-08 2.6096E-08 2.6626E-08 2.7117E-08 2.7534E-08 2.7881E-08 2.8102E-08 2.8188E-08 2.8114E-08 2.7869E-08 2.7433E-08 2.6814E-08 2.6007E-08 2.4989E-08 2.3755E-08 2.2309E-08 2.0653E-08 1.8835E-08 1.6902E-08 1.4919E-08 1.2949E-08 1.1049E-08 9.2772E-09 7.6650E-09
4.5178E-09 4.8372E-09 5.1808E-09 5.5439E-09 5.9294E-09 6.3371E-09 6.7678E-09 7.2187E-09 7.6935E-09 8.1879E-09 8.7091E-09 9.2458E-09 9.8064E-09 1.0391E-08 1.0996E-08 1.1622E-08 1.2266E-08 1.2939E-08 1.3621E-08 1.4333E-08 1.5059E-08 1.5809E-08 1.6575E-08 1.7357E-08 1.8155E-08 1.8960E-08 1.9774E-08 2.0593E-08 2.1399E-08 2.2213E-08 2.2995E-08 2.3767E-08 2.4494E-08 2.5203E-08 2.5879E-08 2.6520E-08 2.7119E-08 2.7668E-08 2.8150E-08 2.8526E-08 2.8773E-08 2.8861E-08 2.8780E-08 2.8522E-08 2.8061E-08 2.7391E-08 2.6507E-08 2.5374E-08 2.3986E-08 2.2372E-08 2.0549E-08 1.8582E-08 1.6527E-08 1.4457E-08 1.2425E-08 1.0504E-08 8.7386E-09
4.1688E-09 4.4616E-09 4.7768E-09 5.1113E-09 5.4669E-09 5.8427E-09 6.2426E-09 6.6598E-09 7.1015E-09 7.5628E-09 8.0508E-09 8.5548E-09 9.0856E-09 9.6401E-09 1.0217E-08 1.0814E-08 1.1433E-08 1.2084E-08 1.2746E-08 1.3445E-08 1.4159E-08 1.4903E-08 1.5668E-08 1.6453E-08 1.7261E-08 1.8079E-08 1.8917E-08 1.9762E-08 2.0607E-08 2.1456E-08 2.2291E-08 2.3118E-08 2.3911E-08 2.4690E-08 2.5442E-08 2.6171E-08 2.6863E-08 2.7526E-08 2.8133E-08 2.8657E-08 2.9054E-08 2.9299E-08 2.9405E-08 2.9317E-08 2.9029E-08 2.8536E-08 2.7791E-08 2.6785E-08 2.5507E-08 2.3967E-08 2.2193E-08 2.0239E-08 1.8162E-08 1.6014E-08 1.3893E-08 1.1849E-08 9.9216E-09
3.8326E-09 4.0992E-09 4.3870E-09 4.6940E-09 5.0190E-09 5.3646E-09 5.7317E-09 6.1164E-09 6.5248E-09 6.9521E-09 7.4058E-09 7.8781E-09 8.3753E-09 8.8990E-09 9.4427E-09 1.0009E-08 1.0599E-08 1.1223E-08 1.1862E-08 1.2539E-08 1.3236E-08 1.3965E-08 1.4718E-08 1.5497E-08 1.6301E-08 1.7124E-08 1.7969E-08 1.8829E-08 1.9692E-08 2.0567E-08 2.1430E-08 2.2294E-08 2.3136E-08 2.3963E-08 2.4777E-08 2.5571E-08 2.6346E-08 2.7097E-08 2.7816E-08 2.8463E-08 2.8990E-08 2.9410E-08 2.9674E-08 2.9772E-08 2.9674E-08 2.9350E-08 2.8777E-08 2.7932E-08 2.6800E-08 2.5380E-08 2.3710E-08 2.1811E-08 1.9755E-08 1.7601E-08 1.5417E-08 1.3272E-08 1.1223E-08
3.5105E-09 3.7528E-09 4.0140E-09 4.2931E-09 4.5891E-09 4.9045E-09 5.2396E-09 5.5931E-09 5.9669E-09 6.3605E-09 6.7815E-09 7.2191E-09 7.6835E-09 8.1720E-09 8.6809E-09 9.2140E-09 9.7724E-09 1.0365E-08 1.0975E-08 1.1626E-08 1.2296E-08 1.3003E-08 1.3737E-08 1.4498E-08 1.5290E-08 1.6102E-08 1.6943E-08 1.7801E-08 1.8667E-08 1.9550E-08 2.0423E-08 2.1305E-08 2.2172E-08 2.3036E-08 2.3885E-08 2.4727E-08 2.5558E-08 2.6381E-08 2.7185E-08 2.7929E-08 2.8590E-08 2.9144E-08 2.9575E-08 2.9849E-08 2.9930E-08 2.9783E-08 2.9404E-08 2.8741E-08 2.7795E-08 2.6555E-08 2.5024E-08 2.3261E-08 2.1284E-08 1.9175E-08 1.6982E-08 1.4782E-08 1.2644E-08
3.2046E-09 3.4239E-09 3.6584E-09 3.9119E-09 4.1793E-09 4.4659E-09 4.7693E-09 5.0916E-09 5.4319E-09 5.7940E-09 6.1799E-09 6.5849E-09 7.0127E-09 7.4651E-09 7.9382E-09 8.4364E-09 8.9597E-09 9.5187E-09 1.0096E-08 1.0713E-08 1.1353E-08 1.2029E-08 1.2734E-08 1.3470E-08 1.4238E-08 1.5029E-08 1.5851E-08 1.6692E-08 1.7546E-08 1.8417E-08 1.9287E-08 2.0165E-08 2.1037E-08 2.1913E-08 2.2781E-08 2.3651E-08 2.4515E-08 2.5382E-08 2.6240E-08 2.7065E-08 2.7827E-08 2.8503E-08 2.9078E-08 2.9508E-08 2.9756E-08 2.9803E-08 2.9613E-08 2.9173E-08 2.8437E-08 2.7409E-08 2.6100E-08 2.4523E-08 2.2711E-08 2.0708E-08 1.8589E-08 1.6404E-08 1.4205E-08
2.9161E-09 3.1134E-09 3.3231E-09 3.5515E-09 3.7917E-09 4.0504E-09 4.3229E-09 4.6156E-09 4.9251E-09 5.2534E-09 5.6071E-09 5.9765E-09 6.3683E-09 6.7844E-09 7.2211E-09 7.6826E-09 8.1691E-09 8.6916E-09 9.2314E-09 9.8120E-09 1.0414E-08 1.1054E-08 1.1724E-08 1.2425E-08 1.3158E-08 1.3917E-08 1.4706E-08 1.5520E-08 1.6344E-08 1.7192E-08 1.8038E-08 1.8898E-08 1.9753E-08 2.0623E-08 2.1488E-08 2.2363E-08 2.3235E-08 2.4118E-08 2.5004E-08 2.5884E-08 2.6722E-08 2.7490E-08 2.8174E-08 2.8741E-08 2.9142E-08 2.9364E-08 2.9384E-08 2.9166E-08 2.8678E-08 2.7921E-08 2.6886E-08 2.5554E-08 2.3981E-08 2.2186E-08 2.0216E-08 1.8130E-08 1.5952E-08
2.6466E-09 2.8223E-09 3.0091E-09 3.2125E-09 3.4278E-09 3.6596E-09 3.9033E-09 4.1690E-09 4.4455E-09 4.7438E-09 5.0635E-09 5.3982E-09 5.7546E-09 6.1346E-09 6.5350E-09 6.9586E-09 7.4077E-09 7.8903E-09 8.3906E-09 8.9293E-09 9.4912E-09 1.0089E-08 1.0716E-08 1.1376E-08 1.2066E-08 1.2782E-08 1.3530E-08 1.4301E-08 1.5085E-08 1.5894E-08 1.6703E-08 1.7528E-08 1.8351E-08 1.9193E-08 2.0035E-08 2.0887E-08 2.1744E-08 2.2622E-08 2.3518E-08 2.4420E-08 2.5291E-08 2.6121E-08 2.6884E-08 2.7554E-08 2.8091E-08 2.8477E-08 2.8700E-08 2.8700E-08 2.8499E-08 2.8039E-08 2.7312E-08 2.6327E-08 2.5076E-08 2.3590E-08 2.1893E-08 1.9995E-08 1.7935E-08
2.3957E-09 2.5513E-09 2.7173E-09 2.8965E-09 3.0898E-09 3.2943E-09 3.5141E-09 3.7494E-09 3.9989E-09 4.2667E-09 4.5513E-09 4.8533E-09 5.1754E-09 5.5198E-09 5.8840E-09 6.2697E-09 6.6800E-09 7.1211E-09 7.5797E-09 8.0753E-09 8.5914E-09 9.1457E-09 9.7239E-09 1.0336E-08 1.0976E-08 1.1642E-08 1.2338E-08 1.3058E-08 1.3790E-08 1.4548E-08 1.5308E-08 1.6087E-08 1.6863E-08 1.7657E-08 1.8454E-08 1.9266E-08 2.0090E-08 2.0947E-08 2.1814E-08 2.2704E-08 2.3581E-08 2.4431E-08 2.5241E-08 2.5979E-08 2.6624E-08 2.7153E-08 2.7551E-08 2.7803E-08 2.7874E-08 2.7736E-08 2.7377E-08 2.6795E-08 2.5962E-08 2.4908E-08 2.3614E-08 2.2059E-08 2.0231E-08
