Assets/Resources/2015_m01_d01_0700(utc+0800)_l00_csi_1hr_conc.grd
DSAA
         159         159
     -79.000      79.000
     -79.000      79.000
  0.0000E+00  0.3404E-05
[rows 25 to 49 of 159, columns 57 to 113 of 159]
0.0000E+00 0.0000E+00 0.0000E+00 0.0000E+00 0.0000E+00 0.0000E+00 0.0000E+00 0.0000E+00 0.0000E+00 0.0000E+00 0.0000E+00 0.0000E+00 0.0000E+00 0.0000E+00 0.0000E+00 0.0000E+00 0.0000E+00 0.0000E+00 0.0000E+00 0.0000E+00 0.0000E+00 0.0000E+00 0.0000E+00 0.0000E+00 0.0000E+00 3.9391E-12 5.1434E-11 2.7444E-10 5.7361E-10 9.3746E-10 1.4142E-09 2.0451E-09 2.8549E-09 3.8681E-09 5.0940E-09 6.5244E-09 8.1361E-09 9.9192E-09 1.1833E-08 1.3826E-08 1.5848E-08 1.7837E-08 1.9730E-08 2.1460E-08 2.2973E-08 2.4218E-08 2.5170E-08 2.5792E-08 2.6085E-08 2.6067E-08 2.5753E-08 2.5165E-08 2.4354E-08 2.3353E-08 2.2194E-08 2.0923E-08 1.9575E-08
0.0000E+00 0.0000E+00 0.0000E+00 0.0000E+00 0.0000E+00 0.0000E+00 0.0000E+00 0.0000E+00 0.0000E+00 0.0000E+00 0.0000E+00 0.0000E+00 0.0000E+00 0.0000E+00 0.0000E+00 0.0000E+00 0.0000E+00 0.0000E+00 0.0000E+00 0.0000E+00 0.0000E+00 0.0000E+00 0.0000E+00 0.0000E+00 0.0000E+00 7.8823E-12 9.9251E-11 3.8521E-10 7.4663E-10 1.1519E-09 1.7360E-09 2.5048E-09 3.4650E-09 4.6404E-09 6.0404E-09 7.6587E-09 9.4588E-09 1.1398E-08 1.3431E-08 1.5501E-08 1.7548E-08 1.9500E-08 2.1288E-08 2.2855E-08 2.4154E-08 2.5138E-08 2.5790E-08 2.6103E-08 2.6082E-08 2.5737E-08 2.5116E-08 2.4260E-08 2.3196E-08 2.1986E-08 2.0665E-08 1.9267E-08 1.7836E-08
0.0000E+00 0.0000E+00 0.0000E+00 0.0000E+00 0.0000E+00 0.0000E+00 0.0000E+00 0.0000E+00 0.0000E+00 0.0000E+00 0.0000E+00 0.0000E+00 0.0000E+00 0.0000E+00 0.0000E+00 0.0000E+00 0.0000E+00 0.0000E+00 0.0000E+00 0.0000E+00 0.0000E+00 0.0000E+00 0.0000E+00 0.0000E+00 0.0000E+00 1.4045E-11 1.6495E-10 5.2201E-10 9.1418E-10 1.4343E-09 2.1247E-09 3.0287E-09 4.1683E-09 5.5479E-09 7.1625E-09 8.9741E-09 1.0960E-08 1.3056E-08 1.5198E-08 1.7317E-08 1.9340E-08 2.1206E-08 2.2851E-08 2.4205E-08 2.5236E-08 2.5922E-08 2.6245E-08 2.6217E-08 2.5860E-08 2.5210E-08 2.4293E-08 2.3172E-08 2.1896E-08 2.0504E-08 1.9052E-08 1.7568E-08 1.6082E-08
0.0000E+00 0.0000E+00 0.0000E+00 0.0000E+00 0.0000E+00 0.0000E+00 0.0000E+00 0.0000E+00 0.0000E+00 0.0000E+00 0.0000E+00 0.0000E+00 0.0000E+00 0.0000E+00 0.0000E+00 0.0000E+00 0.0000E+00 0.0000E+00 0.0000E+00 0.0000E+00 0.0000E+00 0.0000E+00 0.0000E+00 0.0000E+00 0.0000E+00 2.8977E-11 2.5796E-10 6.7141E-10 1.1401E-09 1.7399E-09 2.5878E-09 3.6764E-09 5.0173E-09 6.6046E-09 8.4396E-09 1.0477E-08 1.2648E-08 1.4889E-08 1.7120E-08 1.9259E-08 2.1230E-08 2.2954E-08 2.4379E-08 2.5476E-08 2.6196E-08 2.6537E-08 2.6506E-08 2.6124E-08 2.5427E-08 2.4460E-08 2.3278E-08 2.1926E-08 2.0461E-08 1.8932E-08 1.7380E-08 1.5845E-08 1.4345E-08
0.0000E+00 0.0000E+00 0.0000E+00 0.0000E+00 0.0000E+00 0.0000E+00 0.0000E+00 0.0000E+00 0.0000E+00 0.0000E+00 0.0000E+00 0.0000E+00 0.0000E+00 0.0000E+00 0.0000E+00 0.0000E+00 0.0000E+00 0.0000E+00 0.0000E+00 0.0000E+00 0.0000E+00 0.0000E+00 0.0000E+00 0.0000E+00 4.0205E-12 6.7396E-11 3.7070E-10 8.5005E-10 1.4009E-09 2.1525E-09 3.1470E-09 4.4274E-09 6.0072E-09 7.8581E-09 9.9386E-09 1.2202E-08 1.4566E-08 1.6931E-08 1.9211E-08 2.1318E-08 2.3165E-08 2.4706E-08 2.5872E-08 2.6634E-08 2.6999E-08 2.6963E-08 2.6552E-08 2.5806E-08 2.4772E-08 2.3514E-08 2.2081E-08 2.0530E-08 1.8918E-08 1.7288E-08 1.5679E-08 1.4126E-08 1.2646E-08
0.0000E+00 0.0000E+00 0.0000E+00 0.0000E+00 0.0000E+00 0.0000E+00 0.0000E+00 0.0000E+00 0.0000E+00 0.0000E+00 0.0000E+00 0.0000E+00 0.0000E+00 0.0000E+00 0.0000E+00 0.0000E+00 0.0000E+00 0.0000E+00 0.0000E+00 0.0000E+00 0.0000E+00 0.0000E+00 0.0000E+00 0.0000E+00 1.2065E-11 1.2993E-10 5.3118E-10 1.0595E-09 1.7138E-09 2.6083E-09 3.8178E-09 5.3426E-09 7.1767E-09 9.3019E-09 1.1654E-08 1.4152E-08 1.6691E-08 1.9164E-08 2.1458E-08 2.3484E-08 2.5158E-08 2.6419E-08 2.7260E-08 2.7661E-08 2.7615E-08 2.7170E-08 2.6366E-08 2.5261E-08 2.3906E-08 2.2370E-08 2.0725E-08 1.9015E-08 1.7290E-08 1.5603E-08 1.3976E-08 1.2439E-08 1.1011E-08
0.0000E+00 0.0000E+00 0.0000E+00 0.0000E+00 0.0000E+00 0.0000E+00 0.0000E+00 0.0000E+00 0.0000E+00 0.0000E+00 0.0000E+00 0.0000E+00 0.0000E+00 0.0000E+00 0.0000E+00 0.0000E+00 0.0000E+00 0.0000E+00 0.0000E+00 0.0000E+00 0.0000E+00 0.0000E+00 0.0000E+00 4.5236E-12 2.9242E-11 2.0912E-10 7.2261E-10 1.2966E-09 2.1124E-09 3.2026E-09 4.6270E-09 6.4156E-09 8.5570E-09 1.0985E-08 1.3623E-08 1.6356E-08 1.9056E-08 2.1588E-08 2.3842E-08 2.5717E-08 2.7145E-08 2.8092E-08 2.8526E-08 2.8488E-08 2.8018E-08 2.7148E-08 2.5944E-08 2.4481E-08 2.2838E-08 2.1065E-08 1.9232E-08 1.7406E-08 1.5615E-08 1.3904E-08 1.2300E-08 1.0808E-08 9.4556E-09
0.0000E+00 0.0000E+00 0.0000E+00 0.0000E+00 0.0000E+00 0.0000E+00 0.0000E+00 0.0000E+00 0.0000E+00 0.0000E+00 0.0000E+00 0.0000E+00 0.0000E+00 0.0000E+00 0.0000E+00 0.0000E+00 0.0000E+00 0.0000E+00 0.0000E+00 0.0000E+00 0.0000E+00 0.0000E+00 0.0000E+00 1.2716E-11 7.0375E-11 3.5990E-10 9.3140E-10 1.6426E-09 2.5897E-09 3.8948E-09 5.5976E-09 7.7004E-09 1.0171E-08 1.2934E-08 1.5864E-08 1.8818E-08 2.1648E-08 2.4200E-08 2.6348E-08 2.7996E-08 2.9096E-08 2.9632E-08 2.9636E-08 2.9122E-08 2.8167E-08 2.6869E-08 2.5285E-08 2.3492E-08 2.1576E-08 1.9614E-08 1.7647E-08 1.5739E-08 1.3929E-08 1.2229E-08 1.0677E-08 9.2615E-09 8.0005E-09
0.0000E+00 0.0000E+00 0.0000E+00 0.0000E+00 0.0000E+00 0.0000E+00 0.0000E+00 0.0000E+00 0.0000E+00 0.0000E+00 0.0000E+00 0.0000E+00 0.0000E+00 0.0000E+00 0.0000E+00 0.0000E+00 0.0000E+00 0.0000E+00 0.0000E+00 0.0000E+00 0.0000E+00 0.0000E+00 3.6726E-13 4.3322E-11 1.1965E-10 5.4882E-10 1.1917E-09 2.0182E-09 3.1967E-09 4.7591E-09 6.7630E-09 9.2118E-09 1.2050E-08 1.5155E-08 1.8382E-08 2.1541E-08 2.4451E-08 2.6956E-08 2.8922E-08 3.0266E-08 3.0965E-08 3.1028E-08 3.0504E-08 2.9498E-08 2.8075E-08 2.6329E-08 2.4380E-08 2.2299E-08 2.0160E-08 1.8043E-08 1.5996E-08 1.4053E-08 1.2259E-08 1.0614E-08 9.1347E-09 7.8183E-09 6.6711E-09
0.0000E+00 0.0000E+00 0.0000E+00 0.0000E+00 0.0000E+00 0.0000E+00 0.0000E+00 0.0000E+00 0.0000E+00 0.0000E+00 0.0000E+00 0.0000E+00 0.0000E+00 0.0000E+00 0.0000E+00 0.0000E+00 0.0000E+00 0.0000E+00 0.0000E+00 0.0000E+00 0.0000E+00 0.0000E+00 4.0259E-12 7.6968E-11 2.2458E-10 7.6390E-10 1.5277E-09 2.5393E-09 3.9295E-09 5.8011E-09 8.1753E-09 1.1027E-08 1.4258E-08 1.7727E-08 2.1224E-08 2.4542E-08 2.7466E-08 2.9826E-08 3.1511E-08 3.2460E-08 3.2661E-08 3.2198E-08 3.1133E-08 2.9578E-08 2.7678E-08 2.5536E-08 2.3242E-08 2.0916E-08 1.8612E-08 1.6391E-08 1.4314E-08 1.2386E-08 1.0640E-08 9.0811E-09 7.7070E-09 6.4971E-09 5.4700E-09
0.0000E+00 0.0000E+00 0.0000E+00 0.0000E+00 0.0000E+00 0.0000E+00 0.0000E+00 0.0000E+00 0.0000E+00 0.0000E+00 0.0000E+00 0.0000E+00 0.0000E+00 0.0000E+00 0.0000E+00 0.0000E+00 0.0000E+00 0.0000E+00 0.0000E+00 0.0000E+00 0.0000E+00 0.0000E+00 1.2399E-11 1.2996E-10 3.9735E-10 1.0577E-09 1.9365E-09 3.1542E-09 4.8512E-09 7.0766E-09 9.8621E-09 1.3145E-08 1.6795E-08 2.0614E-08 2.4361E-08 2.7773E-08 3.0628E-08 3.2755E-08 3.4047E-08 3.4491E-08 3.4135E-08 3.3063E-08 3.1419E-08 2.9348E-08 2.6977E-08 2.4456E-08 2.1892E-08 1.9365E-08 1.6956E-08 1.4695E-08 1.2627E-08 1.0765E-08 9.1069E-09 7.6551E-09 6.3993E-09 5.3203E-09 4.4147E-09
0.0000E+00 0.0000E+00 0.0000E+00 0.0000E+00 0.0000E+00 0.0000E+00 0.0000E+00 0.0000E+00 0.0000E+00 0.0000E+00 0.0000E+00 0.0000E+00 0.0000E+00 0.0000E+00 0.0000E+00 0.0000E+00 0.0000E+00 0.0000E+00 0.0000E+00 0.0000E+00 0.0000E+00 0.0000E+00 3.0919E-11 2.2609E-10 5.9854E-10 1.3892E-09 2.4272E-09 3.9436E-09 5.9853E-09 8.6444E-09 1.1900E-08 1.5653E-08 1.9729E-08 2.3875E-08 2.7793E-08 3.1210E-08 3.3877E-08 3.5633E-08 3.6432E-08 3.6277E-08 3.5268E-08 3.3567E-08 3.1333E-08 2.8737E-08 2.5959E-08 2.3118E-08 2.0334E-08 1.7682E-08 1.5220E-08 1.2981E-08 1.0975E-08 9.2116E-09 7.6705E-09 6.3571E-09 5.2336E-09 4.2780E-09 3.5060E-09
0.0000E+00 0.0000E+00 0.0000E+00 0.0000E+00 0.0000E+00 0.0000E+00 0.0000E+00 0.0000E+00 0.0000E+00 0.0000E+00 0.0000E+00 0.0000E+00 0.0000E+00 0.0000E+00 0.0000E+00 0.0000E+00 0.0000E+00 0.0000E+00 0.0000E+00 0.0000E+00 0.0000E+00 0.0000E+00 6.6669E-11 3.6446E-10 8.6251E-10 1.7689E-09 3.0859E-09 4.9118E-09 7.3894E-09 1.0526E-08 1.4298E-08 1.8555E-08 2.3046E-08 2.7464E-08 3.1481E-08 3.4770E-08 3.7112E-08 3.8374E-08 3.8535E-08 3.7693E-08 3.5990E-08 3.3617E-08 3.0810E-08 2.7755E-08 2.4608E-08 2.1524E-08 1.8599E-08 1.5892E-08 1.3448E-08 1.1276E-08 9.3779E-09 7.7548E-09 6.3546E-09 5.1796E-09 4.2048E-09 3.3835E-09 2.7302E-09
0.0000E+00 0.0000E+00 0.0000E+00 0.0000E+00 0.0000E+00 0.0000E+00 0.0000E+00 0.0000E+00 0.0000E+00 0.0000E+00 0.0000E+00 0.0000E+00 0.0000E+00 0.0000E+00 0.0000E+00 0.0000E+00 0.0000E+00 0.0000E+00 0.0000E+00 0.0000E+00 0.0000E+00 0.0000E+00 1.1771E-10 4.8347E-10 1.2038E-09 2.2922E-09 3.8865E-09 6.1251E-09 9.1006E-09 1.2816E-08 1.7163E-08 2.1914E-08 2.6783E-08 3.1380E-08 3.5334E-08 3.8354E-08 4.0213E-08 4.0820E-08 4.0251E-08 3.8622E-08 3.6185E-08 3.3177E-08 2.9826E-08 2.6359E-08 2.2950E-08 1.9706E-08 1.6721E-08 1.4034E-08 1.1668E-08 9.6255E-09 7.8661E-09 6.3995E-09 5.1644E-09 4.1437E-09 3.3078E-09 2.6174E-09 2.0812E-09
0.0000E+00 0.0000E+00 0.0000E+00 0.0000E+00 0.0000E+00 0.0000E+00 0.0000E+00 0.0000E+00 0.0000E+00 0.0000E+00 0.0000E+00 0.0000E+00 0.0000E+00 0.0000E+00 0.0000E+00 0.0000E+00 0.0000E+00 0.0000E+00 0.0000E+00 0.0000E+00 0.0000E+00 3.1577E-12 2.0341E-10 7.0990E-10 1.5886E-09 2.9326E-09 4.8839E-09 7.6155E-09 1.1184E-08 1.5535E-08 2.0508E-08 2.5774E-08 3.0933E-08 3.5578E-08 3.9327E-08 4.1849E-08 4.3026E-08 4.2840E-08 4.1410E-08 3.8976E-08 3.5793E-08 3.2170E-08 2.8369E-08 2.4588E-08 2.0995E-08 1.7697E-08 1.4742E-08 1.2159E-08 9.9239E-09 8.0433E-09 6.4729E-09 5.1739E-09 4.1068E-09 3.2404E-09 2.5463E-09 1.9755E-09 1.5416E-09
0.0000E+00 0.0000E+00 0.0000E+00 0.0000E+00 0.0000E+00 0.0000E+00 0.0000E+00 0.0000E+00 0.0000E+00 0.0000E+00 0.0000E+00 0.0000E+00 0.0000E+00 0.0000E+00 0.0000E+00 0.0000E+00 0.0000E+00 0.0000E+00 0.0000E+00 0.0000E+00 0.0000E+00 1.5669E-11 3.3192E-10 9.1431E-10 2.0531E-09 3.7049E-09 6.1192E-09 9.4707E-09 1.3751E-08 1.8841E-08 2.4459E-08 3.0181E-08 3.5538E-08 4.0043E-08 4.3308E-08 4.5141E-08 4.5454E-08 4.4286E-08 4.1928E-08 3.8636E-08 3.4761E-08 3.0608E-08 2.6447E-08 2.2471E-08 1.8815E-08 1.5558E-08 1.2716E-08 1.0295E-08 8.2646E-09 6.5712E-09 5.2008E-09 4.0907E-09 3.1911E-09 2.4712E-09 1.9031E-09 1.4499E-09 1.1036E-09
0.0000E+00 0.0000E+00 0.0000E+00 0.0000E+00 0.0000E+00 0.0000E+00 0.0000E+00 0.0000E+00 0.0000E+00 0.0000E+00 0.0000E+00 0.0000E+00 0.0000E+00 0.0000E+00 0.0000E+00 0.0000E+00 0.0000E+00 0.0000E+00 0.0000E+00 0.0000E+00 0.0000E+00 3.0746E-11 4.8017E-10 1.2167E-09 2.6023E-09 4.6887E-09 7.6886E-09 1.1757E-08 1.6850E-08 2.2746E-08 2.9045E-08 3.5165E-08 4.0550E-08 4.4716E-08 4.7285E-08 4.8127E-08 4.7322E-08 4.5076E-08 4.1704E-08 3.7590E-08 3.3087E-08 2.8509E-08 2.4123E-08 2.0075E-08 1.6469E-08 1.3359E-08 1.0714E-08 8.5061E-09 6.7067E-09 5.2394E-09 4.0784E-09 3.1492E-09 2.4134E-09 1.8379E-09 1.3818E-09 1.0282E-09 7.5299E-10
0.0000E+00 0.0000E+00 0.0000E+00 0.0000E+00 0.0000E+00 0.0000E+00 0.0000E+00 0.0000E+00 0.0000E+00 0.0000E+00 0.0000E+00 0.0000E+00 0.0000E+00 0.0000E+00 0.0000E+00 0.0000E+00 0.0000E+00 0.0000E+00 0.0000E+00 0.0000E+00 0.0000E+00 5.2484E-11 6.2278E-10 1.6789E-09 3.3401E-09 5.8785E-09 9.5799E-09 1.4552E-08 2.0632E-08 2.7437E-08 3.4377E-08 4.0808E-08 4.6012E-08 4.9521E-08 5.1084E-08 5.0704E-08 4.8593E-08 4.5124E-08 4.0739E-08 3.5834E-08 3.0809E-08 2.5958E-08 2.1472E-08 1.7496E-08 1.4065E-08 1.1170E-08 8.7838E-09 6.8439E-09 5.2971E-09 4.0595E-09 3.1086E-09 2.3641E-09 1.7708E-09 1.3276E-09 9.7545E-10 6.8013E-10 4.5522E-10
0.0000E+00 0.0000E+00 0.0000E+00 0.0000E+00 0.0000E+00 0.0000E+00 0.0000E+00 0.0000E+00 0.0000E+00 0.0000E+00 0.0000E+00 0.0000E+00 0.0000E+00 0.0000E+00 0.0000E+00 0.0000E+00 0.0000E+00 0.0000E+00 0.0000E+00 0.0000E+00 0.0000E+00 8.4862E-11 7.9168E-10 2.1185E-09 4.1150E-09 7.3605E-09 1.1971E-08 1.8009E-08 2.5165E-08 3.2941E-08 4.0513E-08 4.7021E-08 5.1797E-08 5.4389E-08 5.4626E-08 5.2747E-08 4.9172E-08 4.4419E-08 3.9015E-08 3.3450E-08 2.8038E-08 2.3060E-08 1.8644E-08 1.4837E-08 1.1669E-08 9.0794E-09 6.9982E-09 5.3376E-09 4.0588E-09 3.0529E-09 2.2911E-09 1.7168E-09 1.2573E-09 9.1456E-10 6.3477E-10 3.8235E-10 2.1578E-10
0.0000E+00 0.0000E+00 0.0000E+00 0.0000E+00 0.0000E+00 0.0000E+00 0.0000E+00 0.0000E+00 0.0000E+00 0.0000E+00 0.0000E+00 0.0000E+00 0.0000E+00 0.0000E+00 0.0000E+00 0.0000E+00 0.0000E+00 0.0000E+00 0.0000E+00 0.0000E+00 0.0000E+00 1.0794E-10 1.0189E-09 2.5830E-09 5.1830E-09 9.1472E-09 1.4837E-08 2.2175E-08 3.0663E-08 3.9454E-08 4.7530E-08 5.3938E-08 5.7876E-08 5.9102E-08 5.7708E-08 5.4127E-08 4.8984E-08 4.2955E-08 3.6644E-08 3.0537E-08 2.4902E-08 1.9947E-08 1.5731E-08 1.2238E-08 9.4050E-09 7.1548E-09 5.3942E-09 4.0337E-09 3.0063E-09 2.2154E-09 1.6244E-09 1.2018E-09 8.5879E-10 5.4833E-10 3.3488E-10 1.6150E-10 7.6042E-11
0.0000E+00 0.0000E+00 0.0000E+00 0.0000E+00 0.0000E+00 0.0000E+00 0.0000E+00 0.0000E+00 0.0000E+00 0.0000E+00 0.0000E+00 0.0000E+00 0.0000E+00 0.0000E+00 0.0000E+00 0.0000E+00 0.0000E+00 0.0000E+00 0.0000E+00 0.0000E+00 0.0000E+00 1.4263E-10 1.2121E-09 3.2107E-09 6.3564E-09 1.1373E-08 1.8394E-08 2.7240E-08 3.7100E-08 4.6936E-08 5.5368E-08 6.1272E-08 6.4065E-08 6.3554E-08 6.0174E-08 5.4693E-08 4.7942E-08 4.0743E-08 3.3673E-08 2.7202E-08 2.1565E-08 1.6798E-08 1.2883E-08 9.7713E-09 7.3315E-09 5.4572E-09 4.0263E-09 2.9398E-09 2.1380E-09 1.5529E-09 1.1118E-09 7.8478E-10 4.7253E-10 2.4223E-10 1.2275E-10 5.0746E-11 1.6781E-11
0.0000E+00 0.0000E+00 0.0000E+00 0.0000E+00 0.0000E+00 0.0000E+00 0.0000E+00 0.0000E+00 0.0000E+00 0.0000E+00 0.0000E+00 0.0000E+00 0.0000E+00 0.0000E+00 0.0000E+00 0.0000E+00 0.0000E+00 0.0000E+00 0.0000E+00 0.0000E+00 0.0000E+00 1.7231E-10 1.5111E-09 3.9353E-09 7.8688E-09 1.3999E-08 2.2635E-08 3.3244E-08 4.4740E-08 5.5505E-08 6.4005E-08 6.9045E-08 7.0052E-08 6.7378E-08 6.1798E-08 5.4299E-08 4.6005E-08 3.7783E-08 3.0231E-08 2.3629E-08 1.8130E-08 1.3708E-08 1.0225E-08 7.5616E-09 5.5175E-09 4.0095E-09 2.8822E-09 2.0669E-09 1.4516E-09 1.0073E-09 6.5681E-10 3.4596E-10 1.7998E-10 6.3637E-11 2.5055E-11 4.4358E-12 0.0000E+00
0.0000E+00 0.0000E+00 0.0000E+00 0.0000E+00 0.0000E+00 0.0000E+00 0.0000E+00 0.0000E+00 0.0000E+00 0.0000E+00 0.0000E+00 0.0000E+00 0.0000E+00 0.0000E+00 0.0000E+00 0.0000E+00 0.0000E+00 0.0000E+00 0.0000E+00 0.0000E+00 0.0000E+00 2.1374E-10 1.9020E-09 4.7698E-09 9.6742E-09 1.7336E-08 2.7839E-08 4.0398E-08 5.3495E-08 6.5081E-08 7.3221E-08 7.6762E-08 7.5593E-08 7.0331E-08 6.2273E-08 5.2841E-08 4.3182E-08 3.4164E-08 2.6376E-08 1.9922E-08 1.4781E-08 1.0841E-08 7.8201E-09 5.6207E-09 3.9887E-09 2.8329E-09 1.9584E-09 1.3561E-09 8.9012E-10 5.5579E-10 2.8717E-10 9.9284E-11 2.5532E-11 5.4559E-12 3.9396E-14 0.0000E+00 0.0000E+00
0.0000E+00 0.0000E+00 0.0000E+00 0.0000E+00 0.0000E+00 0.0000E+00 0.0000E+00 0.0000E+00 0.0000E+00 0.0000E+00 0.0000E+00 0.0000E+00 0.0000E+00 0.0000E+00 0.0000E+00 0.0000E+00 0.0000E+00 0.0000E+00 0.0000E+00 0.0000E+00 1.1508E-13 2.7274E-10 2.2970E-09 5.8675E-09 1.1890E-08 2.1307E-08 3.4062E-08 4.8910E-08 6.3635E-08 7.5546E-08 8.2684E-08 8.4135E-08 8.0111E-08 7.1966E-08 6.1405E-08 5.0125E-08 3.9433E-08 3.0048E-08 2.2323E-08 1.6248E-08 1.1605E-08 8.2250E-09 5.7487E-09 4.0108E-09 2.7444E-09 1.8704E-09 1.2384E-09 7.8423E-10 4.0149E-10 1.6324E-10 3.3678E-11 3.8931E-12 0.0000E+00 0.0000E+00 0.0000E+00 0.0000E+00 0.0000E+00
0.0000E+00 0.0000E+00 0.0000E+00 0.0000E+00 0.0000E+00 0.0000E+00 0.0000E+00 0.0000E+00 0.0000E+00 0.0000E+00 0.0000E+00 0.0000E+00 0.0000E+00 0.0000E+00 0.0000E+00 0.0000E+00 0.0000E+00 0.0000E+00 0.0000E+00 0.0000E+00 5.1010E-12 3.5726E-10 2.7302E-09 7.1257E-09 1.4677E-08 2.6270E-08 4.1629E-08 5.8829E-08 7.4846E-08 8.6689E-08 9.2026E-08 9.0443E-08 8.3027E-08 7.1805E-08 5.8929E-08 4.6218E-08 3.4906E-08 2.5504E-08 1.8180E-08 1.2731E-08 8.7565E-09 5.9794E-09 4.0156E-09 2.7024E-09 1.7602E-09 1.0995E-09 5.9273E-10 2.6825E-10 6.5223E-11 1.2878E-11 0.0000E+00 0.0000E+00 0.0000E+00 0.0000E+00 0.0000E+00 0.0000E+00 0.0000E+00
