Assets/Resources/2015_m01_d09_1400(utc+0800)_l00_csi_1hr_conc.grd
DSAA
         159         159
     -79.000      79.000
     -79.000      79.000
  0.7871E-09  0.3154E-04
[rows 75 to 99 of 159, columns 0 to 56 of 159]
2.2731E-09 2.3174E-09 2.4089E-09 2.4726E-09 2.5223E-09 2.5729E-09 2.6244E-09 2.6768E-09 2.7299E-09 2.7840E-09 2.8388E-09 2.8945E-09 2.9510E-09 3.0083E-09 3.0664E-09 3.1252E-09 3.1847E-09 3.2450E-09 3.3059E-09 3.3674E-09 3.4297E-09 3.5650E-09 3.6843E-09 3.7894E-09 3.9899E-09 4.1313E-09 4.3107E-09 4.4461E-09 4.7083E-09 4.8996E-09 5.1406E-09 5.4157E-09 5.6930E-09 5.9269E-09 6.2409E-09 6.5171E-09 6.8634E-09 7.1667E-09 7.4824E-09 7.8125E-09 8.1600E-09 8.5246E-09 8.9062E-09 9.3023E-09 9.7158E-09 1.0186E-08 1.0689E-08 1.1200E-08 1.1792E-08 1.2472E-08 1.3271E-08 1.4275E-08 1.5783E-08 1.8133E-08 2.2031E-08 2.8794E-08 4.0239E-08
2.2951E-09 2.3401E-09 2.4413E-09 2.4984E-09 2.5489E-09 2.6003E-09 2.6526E-09 2.7058E-09 2.7598E-09 2.8147E-09 2.8705E-09 2.9271E-09 2.9845E-09 3.0427E-09 3.1018E-09 3.1615E-09 3.2220E-09 3.2832E-09 3.3452E-09 3.4078E-09 3.4710E-09 3.6268E-09 3.7573E-09 3.8822E-09 4.0899E-09 4.2545E-09 4.4036E-09 4.6564E-09 4.8469E-09 5.0816E-09 5.2740E-09 5.6034E-09 5.8665E-09 6.1797E-09 6.4551E-09 6.8050E-09 7.1132E-09 7.4331E-09 7.7689E-09 8.1236E-09 8.4974E-09 8.8896E-09 9.2987E-09 9.7310E-09 1.0223E-08 1.0749E-08 1.1275E-08 1.1886E-08 1.2601E-08 1.3392E-08 1.4304E-08 1.5466E-08 1.7242E-08 1.9925E-08 2.4266E-08 3.1607E-08 4.3471E-08
2.3170E-09 2.4093E-09 2.4735E-09 2.5240E-09 2.5753E-09 2.6275E-09 2.6807E-09 2.7347E-09 2.7896E-09 2.8453E-09 2.9020E-09 2.9594E-09 3.0178E-09 3.0770E-09 3.1369E-09 3.1976E-09 3.2591E-09 3.3213E-09 3.3842E-09 3.4478E-09 3.5969E-09 3.7245E-09 3.8413E-09 3.9733E-09 4.2092E-09 4.3566E-09 4.5256E-09 4.7891E-09 5.0080E-09 5.2138E-09 5.5336E-09 5.7945E-09 6.1074E-09 6.3813E-09 6.7029E-09 7.0433E-09 7.3662E-09 7.7059E-09 8.0656E-09 8.4462E-09 8.8468E-09 9.2662E-09 9.7098E-09 1.0218E-08 1.0765E-08 1.1314E-08 1.1933E-08 1.2672E-08 1.3482E-08 1.4360E-08 1.5441E-08 1.6865E-08 1.8923E-08 2.1918E-08 2.6590E-08 3.4227E-08 4.5944E-08
2.3463E-09 2.4406E-09 2.4982E-09 2.5494E-09 2.6015E-09 2.6546E-09 2.7085E-09 2.7633E-09 2.8191E-09 2.8757E-09 2.9332E-09 2.9916E-09 3.0509E-09 3.1110E-09 3.1718E-09 3.2335E-09 3.2959E-09 3.3591E-09 3.4230E-09 3.4877E-09 3.6919E-09 3.7770E-09 3.9328E-09 4.1302E-09 4.3048E-09 4.4675E-09 4.7273E-09 4.9432E-09 5.1471E-09 5.3733E-09 5.7140E-09 6.0102E-09 6.2979E-09 6.6173E-09 6.9570E-09 7.2829E-09 7.6246E-09 7.9872E-09 8.3719E-09 8.7785E-09 9.2058E-09 9.6563E-09 1.0174E-08 1.0736E-08 1.1306E-08 1.1924E-08 1.2682E-08 1.3520E-08 1.4401E-08 1.5447E-08 1.6764E-08 1.8458E-08 2.0732E-08 2.4098E-08 2.9091E-08 3.6712E-08 4.8022E-08
2.4069E-09 2.4716E-09 2.5227E-09 2.5746E-09 2.6275E-09 2.6813E-09 2.7361E-09 2.7918E-09 2.8483E-09 2.9058E-09 2.9642E-09 3.0235E-09 3.0837E-09 3.1447E-09 3.2065E-09 3.2691E-09 3.3325E-09 3.3967E-09 3.4616E-09 3.5714E-09 3.7398E-09 3.8650E-09 4.0089E-09 4.2522E-09 4.3849E-09 4.5877E-09 4.8423E-09 5.0742E-09 5.2971E-09 5.6265E-09 5.9194E-09 6.2046E-09 6.5181E-09 6.8566E-09 7.1848E-09 7.5266E-09 7.8896E-09 8.2760E-09 8.6862E-09 9.1186E-09 9.5762E-09 1.0092E-08 1.0663E-08 1.1253E-08 1.1874E-08 1.2627E-08 1.3488E-08 1.4389E-08 1.5411E-08 1.6697E-08 1.8225E-08 2.0144E-08 2.2745E-08 2.6459E-08 3.1754E-08 3.9193E-08 5.0064E-08
2.4370E-09 2.4952E-09 2.5469E-09 2.5996E-09 2.6533E-09 2.7079E-09 2.7635E-09 2.8199E-09 2.8774E-09 2.9357E-09 2.9950E-09 3.0552E-09 3.1162E-09 3.1781E-09 3.2409E-09 3.3044E-09 3.3687E-09 3.4339E-09 3.5140E-09 3.7033E-09 3.8222E-09 3.9489E-09 4.1820E-09 4.3246E-09 4.5255E-09 4.6923E-09 4.9971E-09 5.2167E-09 5.4524E-09 5.7882E-09 6.1019E-09 6.4100E-09 6.7445E-09 7.0720E-09 7.4136E-09 7.7745E-09 8.1603E-09 8.5716E-09 9.0063E-09 9.4678E-09 9.9749E-09 1.0549E-08 1.1156E-08 1.1786E-08 1.2517E-08 1.3380E-08 1.4309E-08 1.5319E-08 1.6578E-08 1.8054E-08 1.9796E-08 2.2019E-08 2.5015E-08 2.9015E-08 3.4418E-08 4.1792E-08 5.2293E-08
2.4669E-09 2.5184E-09 2.5709E-09 2.6244E-09 2.6788E-09 2.7342E-09 2.7906E-09 2.8479E-09 2.9061E-09 2.9653E-09 3.0255E-09 3.0865E-09 3.1485E-09 3.2113E-09 3.2749E-09 3.3394E-09 3.4047E-09 3.4847E-09 3.6018E-09 3.7488E-09 3.9021E-09 4.0519E-09 4.2648E-09 4.4347E-09 4.6089E-09 4.9161E-09 5.1019E-09 5.3614E-09 5.6829E-09 5.9904E-09 6.2945E-09 6.6225E-09 6.9452E-09 7.2864E-09 7.6442E-09 8.0272E-09 8.4366E-09 8.8710E-09 9.3334E-09 9.8244E-09 1.0396E-08 1.1018E-08 1.1653E-08 1.2364E-08 1.3207E-08 1.4155E-08 1.5171E-08 1.6379E-08 1.7837E-08 1.9490E-08 2.1502E-08 2.4122E-08 2.7487E-08 3.1830E-08 3.7563E-08 4.5154E-08 5.4967E-08
2.4892E-09 2.5414E-09 2.5946E-09 2.6489E-09 2.7040E-09 2.7602E-09 2.8173E-09 2.8755E-09 2.9346E-09 2.9946E-09 3.0556E-09 3.1175E-09 3.1803E-09 3.2440E-09 3.3086E-09 3.3740E-09 3.4402E-09 3.5515E-09 3.6421E-09 3.8280E-09 3.9710E-09 4.1319E-09 4.3606E-09 4.5382E-09 4.7390E-09 5.0132E-09 5.2391E-09 5.4812E-09 5.8745E-09 6.1424E-09 6.4909E-09 6.8078E-09 7.1463E-09 7.5004E-09 7.8785E-09 8.2834E-09 8.7152E-09 9.1755E-09 9.6654E-09 1.0216E-08 1.0834E-08 1.1480E-08 1.2177E-08 1.2997E-08 1.3929E-08 1.4948E-08 1.6114E-08 1.7523E-08 1.9156E-08 2.1035E-08 2.3413E-08 2.6407E-08 3.0095E-08 3.4855E-08 4.0955E-08 4.8733E-08 5.8503E-08
2.5112E-09 2.5641E-09 2.6181E-09 2.6730E-09 2.7290E-09 2.7859E-09 2.8438E-09 2.9028E-09 2.9627E-09 3.0236E-09 3.0854E-09 3.1482E-09 3.2118E-09 3.2764E-09 3.3419E-09 3.4082E-09 3.4895E-09 3.6088E-09 3.7841E-09 3.9047E-09 4.0623E-09 4.2662E-09 4.4662E-09 4.6313E-09 4.8456E-09 5.1396E-09 5.3767E-09 5.6517E-09 6.0128E-09 6.3250E-09 6.6617E-09 6.9943E-09 7.3459E-09 7.7167E-09 8.1151E-09 8.5413E-09 8.9964E-09 9.4826E-09 1.0005E-08 1.0611E-08 1.1269E-08 1.1961E-08 1.2756E-08 1.3666E-08 1.4673E-08 1.5804E-08 1.7141E-08 1.8716E-08 2.0531E-08 2.2727E-08 2.5458E-08 2.8808E-08 3.2905E-08 3.8057E-08 4.4561E-08 5.2556E-08 6.2404E-08
2.5329E-09 2.5866E-09 2.6412E-09 2.6969E-09 2.7536E-09 2.8113E-09 2.8700E-09 2.9297E-09 2.9904E-09 3.0522E-09 3.1148E-09 3.1784E-09 3.2430E-09 3.3084E-09 3.3747E-09 3.4420E-09 3.5737E-09 3.6471E-09 3.8546E-09 3.9997E-09 4.1330E-09 4.3640E-09 4.5373E-09 4.7611E-09 5.0120E-09 5.2699E-09 5.5037E-09 5.8810E-09 6.1831E-09 6.5098E-09 6.8333E-09 7.1795E-09 7.5440E-09 7.9338E-09 8.3523E-09 8.7995E-09 9.2792E-09 9.7929E-09 1.0367E-08 1.1016E-08 1.1706E-08 1.2467E-08 1.3353E-08 1.4343E-08 1.5435E-08 1.6724E-08 1.8241E-08 1.9980E-08 2.2016E-08 2.4532E-08 2.7611E-08 3.1319E-08 3.5861E-08 4.1464E-08 4.8325E-08 5.6668E-08 6.6625E-08
2.5544E-09 2.6087E-09 2.6641E-09 2.7204E-09 2.7779E-09 2.8363E-09 2.8958E-09 2.9563E-09 3.0178E-09 3.0804E-09 3.1438E-09 3.2083E-09 3.2737E-09 3.3400E-09 3.4072E-09 3.5190E-09 3.6106E-09 3.7182E-09 3.9145E-09 4.0724E-09 4.1892E-09 4.4569E-09 4.6568E-09 4.8404E-09 5.1308E-09 5.3867E-09 5.6698E-09 6.0072E-09 6.3540E-09 6.6658E-09 7.0039E-09 7.3631E-09 7.7425E-09 8.1505E-09 8.5883E-09 9.0586E-09 9.5628E-09 1.0103E-08 1.0728E-08 1.1416E-08 1.2147E-08 1.2990E-08 1.3953E-08 1.5017E-08 1.6241E-08 1.7691E-08 1.9361E-08 2.1281E-08 2.3619E-08 2.6450E-08 2.9830E-08 3.3914E-08 3.8928E-08 4.5011E-08 5.2279E-08 6.0960E-08 7.1181E-08
2.5755E-09 2.6305E-09 2.6865E-09 2.7436E-09 2.8018E-09 2.8610E-09 2.9212E-09 2.9825E-09 3.0448E-09 3.1081E-09 3.1724E-09 3.2377E-09 3.3039E-09 3.3711E-09 3.4392E-09 3.5724E-09 3.6469E-09 3.7841E-09 3.9921E-09 4.1252E-09 4.2808E-09 4.5388E-09 4.7496E-09 4.9489E-09 5.2529E-09 5.5224E-09 5.7828E-09 6.1941E-09 6.4962E-09 6.8209E-09 7.1718E-09 7.5432E-09 7.9398E-09 8.3659E-09 8.8237E-09 9.3162E-09 9.8453E-09 1.0423E-08 1.1090E-08 1.1812E-08 1.2590E-08 1.3515E-08 1.4545E-08 1.5682E-08 1.7055E-08 1.8660E-08 2.0503E-08 2.2667E-08 2.5294E-08 2.8410E-08 3.2148E-08 3.6648E-08 4.2068E-08 4.8610E-08 5.6338E-08 6.5384E-08 7.5914E-08
2.5962E-09 2.6519E-09 2.7086E-09 2.7664E-09 2.8253E-09 2.8852E-09 2.9462E-09 3.0083E-09 3.0714E-09 3.1355E-09 3.2005E-09 3.2666E-09 3.3336E-09 3.4017E-09 3.5146E-09 3.6072E-09 3.7162E-09 3.8380E-09 4.0594E-09 4.2053E-09 4.3665E-09 4.6425E-09 4.8222E-09 5.0577E-09 5.3609E-09 5.6456E-09 5.9243E-09 6.3231E-09 6.6365E-09 6.9753E-09 7.3385E-09 7.7224E-09 8.1346E-09 8.5784E-09 9.0567E-09 9.5721E-09 1.0125E-08 1.0745E-08 1.1450E-08 1.2207E-08 1.3053E-08 1.4041E-08 1.5131E-08 1.6369E-08 1.7869E-08 1.9604E-08 2.1612E-08 2.4047E-08 2.6963E-08 3.0395E-08 3.4487E-08 3.9401E-08 4.5282E-08 5.2231E-08 6.0400E-08 6.9875E-08 8.0710E-08
2.6166E-09 2.6729E-09 2.7304E-09 2.7889E-09 2.8484E-09 2.9091E-09 2.9708E-09 3.0336E-09 3.0975E-09 3.1623E-09 3.2282E-09 3.2950E-09 3.3629E-09 3.4456E-09 3.5661E-09 3.6683E-09 3.7800E-09 3.9137E-09 4.1076E-09 4.2911E-09 4.5121E-09 4.7238E-09 4.9229E-09 5.2169E-09 5.5077E-09 5.7465E-09 6.1493E-09 6.4502E-09 6.7745E-09 7.1255E-09 7.5002E-09 7.8980E-09 8.3263E-09 8.7884E-09 9.2866E-09 9.8235E-09 1.0399E-08 1.1061E-08 1.1800E-08 1.2593E-08 1.3509E-08 1.4555E-08 1.5703E-08 1.7054E-08 1.8680E-08 2.0530E-08 2.2722E-08 2.5388E-08 2.8532E-08 3.2285E-08 3.6769E-08 4.2088E-08 4.8378E-08 5.5736E-08 6.4345E-08 7.4224E-08 8.5434E-08
2.6366E-09 2.6936E-09 2.7517E-09 2.8109E-09 2.8711E-09 2.9325E-09 2.9950E-09 3.0585E-09 3.1231E-09 3.1887E-09 3.2553E-09 3.3229E-09 3.3916E-09 3.5053E-09 3.5987E-09 3.7086E-09 3.8315E-09 4.0397E-09 4.1830E-09 4.3448E-09 4.6248E-09 4.7886E-09 5.0242E-09 5.3487E-09 5.5997E-09 5.8763E-09 6.2636E-09 6.5750E-09 6.9101E-09 7.2733E-09 7.6587E-09 8.0699E-09 8.5139E-09 8.9938E-09 9.5121E-09 1.0070E-08 1.0668E-08 1.1369E-08 1.2137E-08 1.2970E-08 1.3951E-08 1.5045E-08 1.6254E-08 1.7717E-08 1.9440E-08 2.1412E-08 2.3790E-08 2.6658E-08 3.0026E-08 3.4041E-08 3.8848E-08 4.4534E-08 5.1228E-08 5.9006E-08 6.7991E-08 7.8262E-08 8.9750E-08
2.6562E-09 2.7138E-09 2.7726E-09 2.8324E-09 2.8934E-09 2.9554E-09 3.0186E-09 3.0828E-09 3.1481E-09 3.2145E-09 3.2819E-09 3.3503E-09 3.4198E-09 3.5546E-09 3.6576E-09 3.7702E-09 3.9049E-09 4.0826E-09 4.2652E-09 4.4437E-09 4.6855E-09 4.8836E-09 5.1118E-09 5.4535E-09 5.7198E-09 6.0053E-09 6.3762E-09 6.6968E-09 7.0428E-09 7.4166E-09 7.8123E-09 8.2375E-09 8.6972E-09 9.1942E-09 9.7311E-09 1.0309E-08 1.0934E-08 1.1668E-08 1.2468E-08 1.3347E-08 1.4378E-08 1.5518E-08 1.6803E-08 1.8355E-08 2.0174E-08 2.2258E-08 2.4796E-08 2.7829E-08 3.1391E-08 3.5645E-08 4.0749E-08 4.6736E-08 5.3742E-08 6.1900E-08 7.1233E-08 8.1762E-08 9.3538E-08
2.6754E-09 2.7337E-09 2.7930E-09 2.8535E-09 2.9151E-09 2.9779E-09 3.0418E-09 3.1067E-09 3.1727E-09 3.2398E-09 3.3079E-09 3.3771E-09 3.4911E-09 3.5851E-09 3.6956E-09 3.8193E-09 3.9568E-09 4.1531E-09 4.3134E-09 4.5162E-09 4.7435E-09 4.9778E-09 5.2172E-09 5.5347E-09 5.8092E-09 6.1031E-09 6.4846E-09 6.8153E-09 7.1718E-09 7.5551E-09 7.9611E-09 8.3996E-09 8.8745E-09 9.3884E-09 9.9426E-09 1.0539E-08 1.1192E-08 1.1955E-08 1.2785E-08 1.3705E-08 1.4781E-08 1.5966E-08 1.7324E-08 1.8950E-08 2.0845E-08 2.3052E-08 2.5723E-08 2.8893E-08 3.2630E-08 3.7085E-08 4.2412E-08 4.8650E-08 5.5940E-08 6.4376E-08 7.3958E-08 8.4723E-08 9.6581E-08
2.6942E-09 2.7530E-09 2.8130E-09 2.8742E-09 2.9364E-09 2.9999E-09 3.0644E-09 3.1300E-09 3.1967E-09 3.2645E-09 3.3333E-09 3.4033E-09 3.5382E-09 3.6150E-09 3.7547E-09 3.8847E-09 3.9941E-09 4.2295E-09 4.4070E-09 4.5675E-09 4.8299E-09 5.0570E-09 5.3091E-09 5.6434E-09 5.9253E-09 6.1978E-09 6.5901E-09 6.9286E-09 7.2964E-09 7.6876E-09 8.1049E-09 8.5561E-09 9.0450E-09 9.5746E-09 1.0145E-08 1.0761E-08 1.1438E-08 1.2227E-08 1.3085E-08 1.4044E-08 1.5159E-08 1.6384E-08 1.7806E-08 1.9491E-08 2.1445E-08 2.3756E-08 2.6524E-08 2.9810E-08 3.3684E-08 3.8299E-08 4.3788E-08 5.0195E-08 5.7714E-08 6.6333E-08 7.6124E-08 8.7035E-08 9.8982E-08
2.7124E-09 2.7719E-09 2.8325E-09 2.8943E-09 2.9572E-09 3.0213E-09 3.0864E-09 3.1527E-09 3.2201E-09 3.2886E-09 3.3582E-09 3.4722E-09 3.5665E-09 3.6772E-09 3.8012E-09 3.9390E-09 4.0586E-09 4.2725E-09 4.4600E-09 4.6179E-09 4.9164E-09 5.1542E-09 5.3792E-09 5.7504E-09 6.0104E-09 6.2898E-09 6.6906E-09 7.0390E-09 7.4149E-09 7.8142E-09 8.2422E-09 8.7058E-09 9.2087E-09 9.7519E-09 1.0338E-08 1.0972E-08 1.1670E-08 1.2484E-08 1.3367E-08 1.4358E-08 1.5505E-08 1.6766E-08 1.8237E-08 1.9963E-08 2.1971E-08 2.4359E-08 2.7194E-08 3.0557E-08 3.4528E-08 3.9253E-08 4.4842E-08 5.1353E-08 5.8973E-08 6.7713E-08 7.7579E-08 8.8569E-08 1.0054E-07
2.7303E-09 2.7903E-09 2.8515E-09 2.9139E-09 2.9774E-09 3.0421E-09 3.1079E-09 3.1749E-09 3.2429E-09 3.3121E-09 3.3823E-09 3.5035E-09 3.5941E-09 3.7336E-09 3.8637E-09 3.9736E-09 4.1296E-09 4.3303E-09 4.5211E-09 4.6971E-09 4.9738E-09 5.2381E-09 5.4774E-09 5.8274E-09 6.0922E-09 6.3789E-09 6.7886E-09 7.1440E-09 7.5279E-09 7.9351E-09 8.3727E-09 8.8478E-09 9.3631E-09 9.9195E-09 1.0521E-08 1.1171E-08 1.1888E-08 1.2723E-08 1.3629E-08 1.4646E-08 1.5818E-08 1.7110E-08 1.8615E-08 2.0376E-08 2.2418E-08 2.4847E-08 2.7732E-08 3.1142E-08 3.5162E-08 3.9921E-08 4.5546E-08 5.2108E-08 5.9734E-08 6.8454E-08 7.8307E-08 8.9224E-08 1.0109E-07
2.7476E-09 2.8082E-09 2.8700E-09 2.9330E-09 2.9971E-09 3.0624E-09 3.1288E-09 3.1964E-09 3.2651E-09 3.3349E-09 3.4198E-09 3.5429E-09 3.6479E-09 3.7631E-09 3.9151E-09 4.0073E-09 4.1677E-09 4.4099E-09 4.5657E-09 4.7749E-09 5.0781E-09 5.2984E-09 5.5433E-09 5.9005E-09 6.1702E-09 6.4634E-09 6.8813E-09 7.2439E-09 7.6343E-09 8.0493E-09 8.4964E-09 8.9818E-09 9.5079E-09 1.0076E-08 1.0692E-08 1.1357E-08 1.2090E-08 1.2943E-08 1.3868E-08 1.4906E-08 1.6099E-08 1.7414E-08 1.8940E-08 2.0726E-08 2.2783E-08 2.5232E-08 2.8135E-08 3.1556E-08 3.5570E-08 4.0322E-08 4.5899E-08 5.2429E-08 5.9965E-08 6.8573E-08 7.8267E-08 8.8978E-08 1.0062E-07
2.7644E-09 2.8256E-09 2.8879E-09 2.9515E-09 3.0162E-09 3.0821E-09 3.1491E-09 3.2173E-09 3.2866E-09 3.3571E-09 3.4725E-09 3.5682E-09 3.7070E-09 3.8368E-09 3.9468E-09 4.0686E-09 4.2199E-09 4.4664E-09 4.6381E-09 4.8237E-09 5.1539E-09 5.3561E-09 5.6379E-09 5.9705E-09 6.2438E-09 6.5435E-09 6.9682E-09 7.3368E-09 7.7334E-09 8.1560E-09 8.6119E-09 9.1070E-09 9.6426E-09 1.0222E-08 1.0850E-08 1.1530E-08 1.2273E-08 1.3142E-08 1.4083E-08 1.5136E-08 1.6344E-08 1.7674E-08 1.9213E-08 2.1009E-08 2.3062E-08 2.5515E-08 2.8402E-08 3.1796E-08 3.5770E-08 4.0447E-08 4.5944E-08 5.2306E-08 5.9691E-08 6.8082E-08 7.7495E-08 8.7882E-08 9.9104E-08
2.7807E-09 2.8424E-09 2.9053E-09 2.9694E-09 3.0347E-09 3.1011E-09 3.1688E-09 3.2375E-09 3.3075E-09 3.3786E-09 3.5010E-09 3.5927E-09 3.7339E-09 3.8713E-09 3.9776E-09 4.1353E-09 4.2886E-09 4.5071E-09 4.7091E-09 4.9204E-09 5.2074E-09 5.4418E-09 5.7000E-09 6.0365E-09 6.3134E-09 6.6200E-09 7.0496E-09 7.4238E-09 7.8267E-09 8.2552E-09 8.7187E-09 9.2222E-09 9.7662E-09 1.0356E-08 1.0995E-08 1.1687E-08 1.2438E-08 1.3319E-08 1.4273E-08 1.5334E-08 1.6553E-08 1.7895E-08 1.9435E-08 2.1223E-08 2.3259E-08 2.5692E-08 2.8542E-08 3.1864E-08 3.5762E-08 4.0322E-08 4.5656E-08 5.1832E-08 5.8923E-08 6.7019E-08 7.6034E-08 8.5966E-08 9.6705E-08
2.7964E-09 2.8587E-09 2.9221E-09 2.9868E-09 3.0526E-09 3.1196E-09 3.1877E-09 3.2571E-09 3.3276E-09 3.4133E-09 3.5374E-09 3.6436E-09 3.7600E-09 3.9139E-09 4.0354E-09 4.1682E-09 4.3453E-09 4.5459E-09 4.7506E-09 4.9736E-09 5.2574E-09 5.5254E-09 5.7593E-09 6.0988E-09 6.3791E-09 6.6921E-09 7.1257E-09 7.5049E-09 7.9129E-09 8.3472E-09 8.8173E-09 9.3270E-09 9.8785E-09 1.0477E-08 1.1126E-08 1.1828E-08 1.2587E-08 1.3472E-08 1.4437E-08 1.5499E-08 1.6719E-08 1.8071E-08 1.9601E-08 2.1373E-08 2.3390E-08 2.5763E-08 2.8561E-08 3.1788E-08 3.5560E-08 3.9979E-08 4.5075E-08 5.0998E-08 5.7765E-08 6.5420E-08 7.3988E-08 8.3357E-08 9.3462E-08
2.8116E-09 2.8744E-09 2.9383E-09 3.0035E-09 3.0698E-09 3.1373E-09 3.2061E-09 3.2760E-09 3.3471E-09 3.4632E-09 3.5596E-09 3.6995E-09 3.8305E-09 3.9417E-09 4.0650E-09 4.2154E-09 4.3810E-09 4.5430E-09 4.8065E-09 5.0344E-09 5.3349E-09 5.5769E-09 5.8156E-09 6.1568E-09 6.4403E-09 6.7591E-09 7.1951E-09 7.5788E-09 7.9912E-09 8.4306E-09 8.9066E-09 9.4215E-09 9.9792E-09 1.0585E-08 1.1241E-08 1.1953E-08 1.2722E-08 1.3601E-08 1.4575E-08 1.5630E-08 1.6846E-08 1.8200E-08 1.9712E-08 2.1466E-08 2.3449E-08 2.5754E-08 2.8464E-08 3.1591E-08 3.5181E-08 3.9421E-08 4.4270E-08 4.9855E-08 5.6253E-08 6.3420E-08 7.1419E-08 8.0163E-08 8.9563E-08
