Assets/Resources/2015_m01_d23_0800(utc+0800)_l00_csi_1hr_conc.grd
DSAA
         159         159
     -79.000      79.000
     -79.000      79.000
  0.0000E+00  0.3611E-04
[rows 0 to 24 of 159, columns 57 to 113 of 159]
6.8135E-10 7.4346E-10 8.0944E-10 8.8174E-10 9.5723E-10 1.0394E-09 1.1250E-09 1.2160E-09 1.3170E-09 1.4230E-09 1.5396E-09 1.6688E-09 1.8070E-09 1.9522E-09 2.1038E-09 2.2632E-09 2.4207E-09 2.5780E-09 2.7342E-09 2.8861E-09 3.0352E-09 3.1782E-09 3.3167E-09 3.4498E-09 3.5762E-09 3.6973E-09 3.8088E-09 3.9129E-09 4.0081E-09 4.0957E-09 4.1750E-09 4.2455E-09 4.3086E-09 4.3632E-09 4.4100E-09 4.4501E-09 4.4817E-09 4.5084E-09 4.5266E-09 4.5391E-09 4.5464E-09 4.5467E-09 4.5437E-09 4.5339E-09 4.5199E-09 4.5024E-09 4.4795E-09 4.4549E-09 4.4250E-09 4.3918E-09 4.3578E-09 4.3193E-09 4.2789E-09 4.2370E-09 4.1920E-09 4.1470E-09 4.0989E-09
6.9785E-10 7.6094E-10 8.3026E-10 9.0272E-10 9.8176E-10 1.0643E-09 1.1522E-09 1.2489E-09 1.3490E-09 1.4573E-09 1.5796E-09 1.7091E-09 1.8486E-09 1.9974E-09 2.1542E-09 2.3129E-09 2.4729E-09 2.6353E-09 2.7918E-09 2.9473E-09 3.0975E-09 3.2434E-09 3.3838E-09 3.5186E-09 3.6465E-09 3.7682E-09 3.8816E-09 3.9860E-09 4.0835E-09 4.1702E-09 4.2508E-09 4.3208E-09 4.3848E-09 4.4387E-09 4.4868E-09 4.5253E-09 4.5571E-09 4.5828E-09 4.6003E-09 4.6135E-09 4.6187E-09 4.6188E-09 4.6143E-09 4.6034E-09 4.5898E-09 4.5700E-09 4.5466E-09 4.5203E-09 4.4892E-09 4.4562E-09 4.4198E-09 4.3800E-09 4.3396E-09 4.2954E-09 4.2497E-09 4.2031E-09 4.1538E-09
7.1321E-10 7.7943E-10 8.4875E-10 9.2456E-10 1.0039E-09 1.0884E-09 1.1818E-09 1.2776E-09 1.3799E-09 1.4939E-09 1.6153E-09 1.7469E-09 1.8899E-09 2.0428E-09 2.1996E-09 2.3609E-09 2.5272E-09 2.6888E-09 2.8476E-09 3.0068E-09 3.1589E-09 3.3069E-09 3.4491E-09 3.5848E-09 3.7150E-09 3.8372E-09 3.9527E-09 4.0581E-09 4.1557E-09 4.2445E-09 4.3242E-09 4.3960E-09 4.4588E-09 4.5133E-09 4.5607E-09 4.5989E-09 4.6318E-09 4.6556E-09 4.6732E-09 4.6852E-09 4.6896E-09 4.6903E-09 4.6836E-09 4.6724E-09 4.6573E-09 4.6364E-09 4.6134E-09 4.5847E-09 4.5524E-09 4.5190E-09 4.4808E-09 4.4410E-09 4.3984E-09 4.3529E-09 4.3073E-09 4.2583E-09 4.2078E-09
7.2951E-10 7.9562E-10 8.6755E-10 9.4401E-10 1.0251E-09 1.1149E-09 1.2072E-09 1.3051E-09 1.4130E-09 1.5260E-09 1.6495E-09 1.7845E-09 1.9313E-09 2.0841E-09 2.2434E-09 2.4110E-09 2.5763E-09 2.7403E-09 2.9053E-09 3.0632E-09 3.2184E-09 3.3676E-09 3.5125E-09 3.6499E-09 3.7816E-09 3.9059E-09 4.0211E-09 4.1283E-09 4.2259E-09 4.3163E-09 4.3957E-09 4.4686E-09 4.5309E-09 4.5869E-09 4.6329E-09 4.6715E-09 4.7035E-09 4.7268E-09 4.7454E-09 4.7554E-09 4.7597E-09 4.7591E-09 4.7515E-09 4.7409E-09 4.7235E-09 4.7022E-09 4.6777E-09 4.6478E-09 4.6166E-09 4.5802E-09 4.5407E-09 4.5005E-09 4.4561E-09 4.4101E-09 4.3629E-09 4.3127E-09 4.2628E-09
7.4356E-10 8.1099E-10 8.8503E-10 9.6251E-10 1.0486E-09 1.1372E-09 1.2313E-09 1.3348E-09 1.4417E-09 1.5567E-09 1.6834E-09 1.8220E-09 1.9687E-09 2.1249E-09 2.2893E-09 2.4557E-09 2.6234E-09 2.7936E-09 2.9574E-09 3.1175E-09 3.2758E-09 3.4270E-09 3.5730E-09 3.7128E-09 3.8452E-09 3.9718E-09 4.0881E-09 4.1965E-09 4.2950E-09 4.3854E-09 4.4668E-09 4.5387E-09 4.6018E-09 4.6574E-09 4.7032E-09 4.7432E-09 4.7735E-09 4.7971E-09 4.8146E-09 4.8239E-09 4.8292E-09 4.8264E-09 4.8187E-09 4.8067E-09 4.7883E-09 4.7676E-09 4.7407E-09 4.7105E-09 4.6776E-09 4.6401E-09 4.6009E-09 4.5584E-09 4.5129E-09 4.4671E-09 4.4176E-09 4.3669E-09 4.3154E-09
7.5680E-10 8.2723E-10 9.0104E-10 9.8225E-10 1.0680E-09 1.1583E-09 1.2554E-09 1.3600E-09 1.4689E-09 1.5860E-09 1.7173E-09 1.8555E-09 2.0043E-09 2.1653E-09 2.3296E-09 2.4984E-09 2.6722E-09 2.8413E-09 3.0074E-09 3.1724E-09 3.3301E-09 3.4842E-09 3.6321E-09 3.7736E-09 3.9074E-09 4.0346E-09 4.1530E-09 4.2616E-09 4.3626E-09 4.4522E-09 4.5351E-09 4.6066E-09 4.6716E-09 4.7258E-09 4.7723E-09 4.8117E-09 4.8417E-09 4.8665E-09 4.8821E-09 4.8916E-09 4.8956E-09 4.8921E-09 4.8852E-09 4.8710E-09 4.8524E-09 4.8302E-09 4.8023E-09 4.7727E-09 4.7375E-09 4.6989E-09 4.6593E-09 4.6152E-09 4.5699E-09 4.5219E-09 4.4712E-09 4.4207E-09 4.3670E-09
7.7087E-10 8.4095E-10 9.1605E-10 1.0000E-09 1.0862E-09 1.1781E-09 1.2796E-09 1.3838E-09 1.4946E-09 1.6174E-09 1.7470E-09 1.8872E-09 2.0418E-09 2.2014E-09 2.3690E-09 2.5427E-09 2.7153E-09 2.8867E-09 3.0577E-09 3.2223E-09 3.3829E-09 3.5390E-09 3.6879E-09 3.8311E-09 3.9673E-09 4.0950E-09 4.2156E-09 4.3253E-09 4.4265E-09 4.5176E-09 4.6004E-09 4.6732E-09 4.7378E-09 4.7922E-09 4.8403E-09 4.8781E-09 4.9086E-09 4.9325E-09 4.9477E-09 4.9583E-09 4.9603E-09 4.9569E-09 4.9487E-09 4.9337E-09 4.9159E-09 4.8914E-09 4.8633E-09 4.8322E-09 4.7960E-09 4.7578E-09 4.7161E-09 4.6709E-09 4.6252E-09 4.5756E-09 4.5245E-09 4.4725E-09 4.4178E-09
7.8249E-10 8.5368E-10 9.3352E-10 1.0156E-09 1.1032E-09 1.2002E-09 1.3000E-09 1.4060E-09 1.5224E-09 1.6437E-09 1.7750E-09 1.9208E-09 2.0738E-09 2.2353E-09 2.4078E-09 2.5812E-09 2.7560E-09 2.9324E-09 3.1030E-09 3.2696E-09 3.4341E-09 3.5903E-09 3.7420E-09 3.8868E-09 4.0246E-09 4.1546E-09 4.2748E-09 4.3865E-09 4.4879E-09 4.5815E-09 4.6634E-09 4.7374E-09 4.8018E-09 4.8571E-09 4.9047E-09 4.9424E-09 4.9744E-09 4.9966E-09 5.0121E-09 5.0217E-09 5.0232E-09 5.0208E-09 5.0105E-09 4.9955E-09 4.9764E-09 4.9511E-09 4.9237E-09 4.8903E-09 4.8539E-09 4.8148E-09 4.7715E-09 4.7267E-09 4.6789E-09 4.6282E-09 4.5775E-09 4.5233E-09 4.4682E-09
7.9315E-10 8.6880E-10 9.4664E-10 1.0299E-09 1.1224E-09 1.2177E-09 1.3190E-09 1.4303E-09 1.5450E-09 1.6681E-09 1.8048E-09 1.9489E-09 2.1036E-09 2.2709E-09 2.4418E-09 2.6172E-09 2.7970E-09 2.9729E-09 3.1457E-09 3.3170E-09 3.4809E-09 3.6399E-09 3.7934E-09 3.9399E-09 4.0784E-09 4.2107E-09 4.3323E-09 4.4451E-09 4.5476E-09 4.6413E-09 4.7246E-09 4.7994E-09 4.8633E-09 4.9197E-09 4.9668E-09 5.0053E-09 5.0366E-09 5.0585E-09 5.0755E-09 5.0832E-09 5.0850E-09 5.0815E-09 5.0706E-09 5.0565E-09 5.0353E-09 5.0100E-09 4.9812E-09 4.9470E-09 4.9110E-09 4.8699E-09 4.8256E-09 4.7807E-09 4.7314E-09 4.6810E-09 4.6283E-09 4.5731E-09 4.5183E-09
8.0397E-10 8.7970E-10 9.5858E-10 1.0464E-09 1.1370E-09 1.2336E-09 1.3400E-09 1.4496E-09 1.5659E-09 1.6943E-09 1.8292E-09 1.9748E-09 2.1350E-09 2.3006E-09 2.4733E-09 2.6535E-09 2.8328E-09 3.0108E-09 3.1883E-09 3.3591E-09 3.5248E-09 3.6875E-09 3.8411E-09 3.9902E-09 4.1303E-09 4.2632E-09 4.3869E-09 4.5003E-09 4.6046E-09 4.6985E-09 4.7834E-09 4.8580E-09 4.9231E-09 4.9801E-09 5.0265E-09 5.0667E-09 5.0965E-09 5.1191E-09 5.1352E-09 5.1426E-09 5.1457E-09 5.1402E-09 5.1296E-09 5.1144E-09 5.0924E-09 5.0681E-09 5.0372E-09 5.0028E-09 4.9655E-09 4.9236E-09 4.8798E-09 4.8328E-09 4.7826E-09 4.7321E-09 4.6779E-09 4.6224E-09 4.5663E-09
8.1502E-10 8.8948E-10 9.6932E-10 1.0585E-09 1.1502E-09 1.2515E-09 1.3560E-09 1.4671E-09 1.5886E-09 1.7151E-09 1.8515E-09 2.0024E-09 2.1606E-09 2.3277E-09 2.5051E-09 2.6845E-09 2.8657E-09 3.0486E-09 3.2256E-09 3.3982E-09 3.5686E-09 3.7306E-09 3.8867E-09 4.0367E-09 4.1792E-09 4.3128E-09 4.4388E-09 4.5533E-09 4.6589E-09 4.7536E-09 4.8395E-09 4.9139E-09 4.9805E-09 5.0371E-09 5.0845E-09 5.1243E-09 5.1541E-09 5.1784E-09 5.1928E-09 5.2007E-09 5.2029E-09 5.1970E-09 5.1876E-09 5.1703E-09 5.1486E-09 5.1230E-09 5.0914E-09 5.0571E-09 5.0186E-09 4.9758E-09 4.9321E-09 4.8836E-09 4.8339E-09 4.7814E-09 4.7263E-09 4.6714E-09 4.6132E-09
8.2285E-10 8.9810E-10 9.8240E-10 1.0692E-09 1.1620E-09 1.2647E-09 1.3704E-09 1.4863E-09 1.6060E-09 1.7339E-09 1.8753E-09 2.0242E-09 2.1837E-09 2.3551E-09 2.5316E-09 2.7128E-09 2.8987E-09 3.0809E-09 3.2598E-09 3.4371E-09 3.6067E-09 3.7704E-09 3.9302E-09 4.0809E-09 4.2251E-09 4.3601E-09 4.4868E-09 4.6035E-09 4.7094E-09 4.8060E-09 4.8920E-09 4.9679E-09 5.0352E-09 5.0914E-09 5.1402E-09 5.1794E-09 5.2101E-09 5.2338E-09 5.2481E-09 5.2576E-09 5.2579E-09 5.2525E-09 5.2421E-09 5.2244E-09 5.2038E-09 5.1762E-09 5.1447E-09 5.1099E-09 5.0700E-09 5.0280E-09 4.9823E-09 4.9330E-09 4.8834E-09 4.8295E-09 4.7749E-09 4.7181E-09 4.6589E-09
8.2959E-10 9.0899E-10 9.9086E-10 1.0785E-09 1.1758E-09 1.2762E-09 1.3830E-09 1.5004E-09 1.6213E-09 1.7542E-09 1.8934E-09 2.0436E-09 2.2070E-09 2.3773E-09 2.5554E-09 2.7410E-09 2.9260E-09 3.1102E-09 3.2938E-09 3.4703E-09 3.6416E-09 3.8098E-09 3.9688E-09 4.1211E-09 4.2669E-09 4.4044E-09 4.5317E-09 4.6507E-09 4.7569E-09 4.8555E-09 4.9415E-09 5.0192E-09 5.0864E-09 5.1439E-09 5.1932E-09 5.2319E-09 5.2637E-09 5.2867E-09 5.3019E-09 5.3106E-09 5.3108E-09 5.3069E-09 5.2946E-09 5.2773E-09 5.2557E-09 5.2276E-09 5.1964E-09 5.1604E-09 5.1205E-09 5.0780E-09 5.0310E-09 4.9825E-09 4.9309E-09 4.8762E-09 4.8218E-09 4.7635E-09 4.7044E-09
8.3519E-10 9.1546E-10 9.9800E-10 1.0899E-09 1.1848E-09 1.2860E-09 1.3976E-09 1.5126E-09 1.6370E-09 1.7689E-09 1.9091E-09 2.0632E-09 2.2252E-09 2.3968E-09 2.5790E-09 2.7637E-09 2.9503E-09 3.1391E-09 3.3219E-09 3.5002E-09 3.6761E-09 3.8434E-09 4.0039E-09 4.1598E-09 4.3064E-09 4.4455E-09 4.5742E-09 4.6938E-09 4.8021E-09 4.9011E-09 4.9880E-09 5.0675E-09 5.1346E-09 5.1937E-09 5.2427E-09 5.2826E-09 5.3149E-09 5.3372E-09 5.3533E-09 5.3613E-09 5.3622E-09 5.3575E-09 5.3450E-09 5.3283E-09 5.3057E-09 5.2778E-09 5.2463E-09 5.2091E-09 5.1695E-09 5.1258E-09 5.0782E-09 5.0299E-09 4.9770E-09 4.9231E-09 4.8667E-09 4.8078E-09 4.7495E-09
8.4321E-10 9.2068E-10 1.0038E-09 1.0966E-09 1.1922E-09 1.2978E-09 1.4068E-09 1.5228E-09 1.6496E-09 1.7814E-09 1.9252E-09 2.0778E-09 2.2408E-09 2.4163E-09 2.5972E-09 2.7832E-09 2.9744E-09 3.1622E-09 3.3467E-09 3.5296E-09 3.7045E-09 3.8735E-09 4.0385E-09 4.1934E-09 4.3424E-09 4.4822E-09 4.6135E-09 4.7336E-09 4.8442E-09 4.9435E-09 5.0324E-09 5.1121E-09 5.1799E-09 5.2406E-09 5.2894E-09 5.3307E-09 5.3625E-09 5.3859E-09 5.4024E-09 5.4096E-09 5.4115E-09 5.4059E-09 5.3940E-09 5.3774E-09 5.3536E-09 5.3263E-09 5.2937E-09 5.2568E-09 5.2169E-09 5.1720E-09 5.1253E-09 5.0752E-09 5.0217E-09 4.9681E-09 4.9104E-09 4.8516E-09 4.7921E-09
8.4676E-10 9.2464E-10 1.0118E-09 1.1018E-09 1.1991E-09 1.3045E-09 1.4142E-09 1.5347E-09 1.6590E-09 1.7933E-09 1.9363E-09 2.0897E-09 2.2563E-09 2.4304E-09 2.6124E-09 2.8026E-09 2.9926E-09 3.1820E-09 3.3710E-09 3.5530E-09 3.7295E-09 3.9030E-09 4.0670E-09 4.2235E-09 4.3751E-09 4.5165E-09 4.6494E-09 4.7710E-09 4.8830E-09 4.9826E-09 5.0736E-09 5.1534E-09 5.2239E-09 5.2838E-09 5.3340E-09 5.3760E-09 5.4074E-09 5.4321E-09 5.4481E-09 5.4563E-09 5.4584E-09 5.4520E-09 5.4410E-09 5.4235E-09 5.4002E-09 5.3728E-09 5.3392E-09 5.3028E-09 5.2619E-09 5.2165E-09 5.1703E-09 5.1190E-09 5.0665E-09 5.0111E-09 4.9527E-09 4.8950E-09 4.8335E-09
8.4913E-10 9.2968E-10 1.0151E-09 1.1055E-09 1.2058E-09 1.3094E-09 1.4233E-09 1.5411E-09 1.6661E-09 1.8021E-09 1.9450E-09 2.1018E-09 2.2665E-09 2.4415E-09 2.6273E-09 2.8161E-09 3.0075E-09 3.2013E-09 3.3893E-09 3.5728E-09 3.7538E-09 3.9262E-09 4.0918E-09 4.2528E-09 4.4034E-09 4.5473E-09 4.6810E-09 4.8050E-09 4.9176E-09 5.0194E-09 5.1116E-09 5.1916E-09 5.2640E-09 5.3239E-09 5.3758E-09 5.4177E-09 5.4505E-09 5.4757E-09 5.4912E-09 5.5006E-09 5.5021E-09 5.4966E-09 5.4859E-09 5.4674E-09 5.4449E-09 5.4167E-09 5.3828E-09 5.3471E-09 5.3051E-09 5.2610E-09 5.2130E-09 5.1612E-09 5.1092E-09 5.0526E-09 4.9946E-09 4.9358E-09 4.8737E-09
8.5031E-10 9.3240E-10 1.0170E-09 1.1112E-09 1.2086E-09 1.3125E-09 1.4272E-09 1.5455E-09 1.6738E-09 1.8078E-09 1.9529E-09 2.1086E-09 2.2740E-09 2.4525E-09 2.6366E-09 2.8264E-09 3.0219E-09 3.2145E-09 3.4040E-09 3.5919E-09 3.7719E-09 3.9458E-09 4.1159E-09 4.2758E-09 4.4279E-09 4.5745E-09 4.7089E-09 4.8355E-09 4.9486E-09 5.0528E-09 5.1454E-09 5.2274E-09 5.3001E-09 5.3609E-09 5.4146E-09 5.4563E-09 5.4907E-09 5.5157E-09 5.5324E-09 5.5424E-09 5.5433E-09 5.5390E-09 5.5275E-09 5.5091E-09 5.4875E-09 5.4584E-09 5.4261E-09 5.3887E-09 5.3465E-09 5.3030E-09 5.2540E-09 5.2035E-09 5.1497E-09 5.0927E-09 5.0361E-09 4.9753E-09 4.9127E-09
8.5271E-10 9.3275E-10 1.0175E-09 1.1121E-09 1.2097E-09 1.3176E-09 1.4292E-09 1.5504E-09 1.6767E-09 1.8110E-09 1.9576E-09 2.1128E-09 2.2813E-09 2.4579E-09 2.6428E-09 2.8363E-09 3.0304E-09 3.2242E-09 3.4181E-09 3.6048E-09 3.7863E-09 3.9647E-09 4.1337E-09 4.2951E-09 4.4517E-09 4.5972E-09 4.7341E-09 4.8615E-09 4.9770E-09 5.0827E-09 5.1758E-09 5.2600E-09 5.3330E-09 5.3957E-09 5.4496E-09 5.4920E-09 5.5282E-09 5.5529E-09 5.5711E-09 5.5807E-09 5.5819E-09 5.5790E-09 5.5669E-09 5.5502E-09 5.5272E-09 5.4981E-09 5.4667E-09 5.4285E-09 5.3877E-09 5.3426E-09 5.2933E-09 5.2435E-09 5.1887E-09 5.1322E-09 5.0746E-09 5.0134E-09 4.9514E-09
8.5285E-10 9.3179E-10 1.0202E-09 1.1115E-09 1.2116E-09 1.3175E-09 1.4292E-09 1.5508E-09 1.6774E-09 1.8147E-09 1.9589E-09 2.1161E-09 2.2833E-09 2.4603E-09 2.6485E-09 2.8403E-09 3.0354E-09 3.2333E-09 3.4259E-09 3.6141E-09 3.8000E-09 3.9772E-09 4.1476E-09 4.3136E-09 4.4691E-09 4.6161E-09 4.7567E-09 4.8839E-09 5.0010E-09 5.1083E-09 5.2036E-09 5.2893E-09 5.3625E-09 5.4273E-09 5.4813E-09 5.5256E-09 5.5618E-09 5.5872E-09 5.6071E-09 5.6164E-09 5.6189E-09 5.6156E-09 5.6038E-09 5.5883E-09 5.5647E-09 5.5373E-09 5.5045E-09 5.4662E-09 5.4264E-09 5.3805E-09 5.3327E-09 5.2812E-09 5.2261E-09 5.1712E-09 5.1118E-09 5.0502E-09 4.9900E-09
8.5070E-10 9.3076E-10 1.0181E-09 1.1094E-09 1.2108E-09 1.3156E-09 1.4300E-09 1.5492E-09 1.6785E-09 1.8134E-09 1.9576E-09 2.1159E-09 2.2824E-09 2.4625E-09 2.6486E-09 2.8410E-09 3.0398E-09 3.2362E-09 3.4300E-09 3.6226E-09 3.8072E-09 3.9858E-09 4.1607E-09 4.3256E-09 4.4826E-09 4.6342E-09 4.7737E-09 4.9025E-09 5.0233E-09 5.1302E-09 5.2280E-09 5.3142E-09 5.3896E-09 5.4557E-09 5.5099E-09 5.5562E-09 5.5924E-09 5.6196E-09 5.6394E-09 5.6492E-09 5.6544E-09 5.6497E-09 5.6391E-09 5.6233E-09 5.5999E-09 5.5737E-09 5.5402E-09 5.5029E-09 5.4624E-09 5.4164E-09 5.3696E-09 5.3173E-09 5.2629E-09 5.2072E-09 5.1475E-09 5.0867E-09 5.0255E-09
8.4739E-10 9.2969E-10 1.0146E-09 1.1082E-09 1.2073E-09 1.3128E-09 1.4264E-09 1.5455E-09 1.6749E-09 1.8097E-09 1.9567E-09 2.1121E-09 2.2813E-09 2.4591E-09 2.6454E-09 2.8412E-09 3.0382E-09 3.2355E-09 3.4335E-09 3.6247E-09 3.8107E-09 3.9937E-09 4.1674E-09 4.3337E-09 4.4952E-09 4.6458E-09 4.7870E-09 4.9204E-09 5.0401E-09 5.1485E-09 5.2489E-09 5.3356E-09 5.4134E-09 5.4799E-09 5.5362E-09 5.5838E-09 5.6200E-09 5.6491E-09 5.6689E-09 5.6804E-09 5.6854E-09 5.6813E-09 5.6721E-09 5.6559E-09 5.6338E-09 5.6072E-09 5.5739E-09 5.5385E-09 5.4966E-09 5.4515E-09 5.4040E-09 5.3517E-09 5.2983E-09 5.2417E-09 5.1818E-09 5.1230E-09 5.0597E-09
8.4412E-10 9.2515E-10 1.0098E-09 1.1044E-09 1.2021E-09 1.3092E-09 1.4209E-09 1.5425E-09 1.6692E-09 1.8064E-09 1.9506E-09 2.1057E-09 2.2750E-09 2.4526E-09 2.6418E-09 2.8354E-09 3.0331E-09 3.2343E-09 3.4307E-09 3.6231E-09 3.8134E-09 3.9950E-09 4.1701E-09 4.3410E-09 4.5014E-09 4.6535E-09 4.7994E-09 4.9318E-09 5.0531E-09 5.1662E-09 5.2654E-09 5.3535E-09 5.4338E-09 5.5007E-09 5.5593E-09 5.6072E-09 5.6454E-09 5.6757E-09 5.6954E-09 5.7088E-09 5.7137E-09 5.7111E-09 5.7027E-09 5.6861E-09 5.6654E-09 5.6384E-09 5.6063E-09 5.5705E-09 5.5287E-09 5.4857E-09 5.4367E-09 5.3853E-09 5.3322E-09 5.2746E-09 5.2157E-09 5.1561E-09 5.0927E-09
8.4094E-10 9.1936E-10 1.0061E-09 1.0981E-09 1.1971E-09 1.3023E-09 1.4153E-09 1.5350E-09 1.6613E-09 1.7983E-09 1.9421E-09 2.0995E-09 2.2658E-09 2.4459E-09 2.6326E-09 2.8264E-09 3.0274E-09 3.2268E-09 3.4242E-09 3.6207E-09 3.8096E-09 3.9926E-09 4.1721E-09 4.3417E-09 4.5036E-09 4.6604E-09 4.8052E-09 4.9393E-09 5.0654E-09 5.1774E-09 5.2782E-09 5.3709E-09 5.4499E-09 5.5181E-09 5.5792E-09 5.6274E-09 5.6678E-09 5.6984E-09 5.7200E-09 5.7346E-09 5.7393E-09 5.7384E-09 5.7299E-09 5.7148E-09 5.6948E-09 5.6674E-09 5.6367E-09 5.6005E-09 5.5599E-09 5.5164E-09 5.4676E-09 5.4174E-09 5.3635E-09 5.3060E-09 5.2483E-09 5.1878E-09 5.1243E-09
8.3443E-10 9.1236E-10 9.9994E-10 1.0903E-09 1.1898E-09 1.2936E-09 1.4071E-09 1.5254E-09 1.6540E-09 1.7879E-09 1.9338E-09 2.0881E-09 2.2538E-09 2.4337E-09 2.6202E-09 2.8170E-09 3.0157E-09 3.2157E-09 3.4171E-09 3.6120E-09 3.8020E-09 3.9893E-09 4.1675E-09 4.3386E-09 4.5050E-09 4.6607E-09 4.8072E-09 4.9462E-09 5.0712E-09 5.1849E-09 5.2893E-09 5.3819E-09 5.4624E-09 5.5353E-09 5.5949E-09 5.6443E-09 5.6872E-09 5.7179E-09 5.7418E-09 5.7565E-09 5.7630E-09 5.7631E-09 5.7546E-09 5.7412E-09 5.7210E-09 5.6951E-09 5.6650E-09 5.6284E-09 5.5892E-09 5.5453E-09 5.4977E-09 5.4479E-09 5.3933E-09 5.3370E-09 5.2797E-09 5.2181E-09 5.1546E-09
