Assets/Resources/2015_m01_d17_0000(utc+0800)_l00_csi_1hr_conc.grd
DSAA
         159         159
     -79.000      79.000
     -79.000      79.000
  0.0000E+00  0.2142E-04
[rows 25 to 49 of 159, columns 57 to 113 of 159]
1.4578E-09 1.8772E-09 2.3713E-09 2.9573E-09 3.6226E-09 4.3693E-09 5.1798E-09 6.0447E-09 6.9332E-09 7.8250E-09 8.6854E-09 9.4807E-09 1.0175E-08 1.0738E-08 1.1141E-08 1.1367E-08 1.1406E-08 1.1258E-08 1.0931E-08 1.0444E-08 9.8222E-09 9.0958E-09 8.2939E-09 7.4491E-09 6.5912E-09 5.7491E-09 4.9451E-09 4.1942E-09 3.5086E-09 2.8967E-09 2.3598E-09 1.8983E-09 1.5062E-09 1.1791E-09 9.1029E-10 6.8971E-10 5.1456E-10 3.7502E-10 2.6496E-10 1.8233E-10 1.2440E-10 8.2753E-11 5.2100E-11 3.0777E-11 1.5813E-11 6.4781E-12 9.1497E-13 0.0000E+00 0.0000E+00 0.0000E+00 0.0000E+00 0.0000E+00 0.0000E+00 0.0000E+00 0.0000E+00 0.0000E+00 0.0000E+00
1.4699E-09 1.9059E-09 2.4341E-09 3.0552E-09 3.7676E-09 4.5705E-09 5.4478E-09 6.3861E-09 7.3665E-09 8.3479E-09 9.2959E-09 1.0172E-08 1.0939E-08 1.1560E-08 1.2006E-08 1.2254E-08 1.2294E-08 1.2125E-08 1.1758E-08 1.1213E-08 1.0519E-08 9.7098E-09 8.8218E-09 7.8934E-09 6.9553E-09 6.0373E-09 5.1631E-09 4.3525E-09 3.6174E-09 2.9648E-09 2.3964E-09 1.9098E-09 1.5027E-09 1.1638E-09 8.8895E-10 6.6560E-10 4.8854E-10 3.4920E-10 2.4143E-10 1.6199E-10 1.0702E-10 7.0386E-11 4.3686E-11 2.4123E-11 1.0660E-11 3.4643E-12 4.6291E-13 0.0000E+00 0.0000E+00 0.0000E+00 0.0000E+00 0.0000E+00 0.0000E+00 0.0000E+00 0.0000E+00 0.0000E+00 0.0000E+00
1.4844E-09 1.9465E-09 2.5074E-09 3.1621E-09 3.9288E-09 4.7936E-09 5.7529E-09 6.7840E-09 7.8553E-09 8.9375E-09 9.9891E-09 1.0962E-08 1.1815E-08 1.2505E-08 1.2999E-08 1.3272E-08 1.3310E-08 1.3115E-08 1.2700E-08 1.2088E-08 1.1312E-08 1.0412E-08 9.4274E-09 8.3998E-09 7.3685E-09 6.3664E-09 5.4169E-09 4.5390E-09 3.7474E-09 3.0495E-09 2.4472E-09 1.9344E-09 1.5068E-09 1.1544E-09 8.7202E-10 6.4255E-10 4.6345E-10 3.2595E-10 2.1871E-10 1.4192E-10 9.1974E-11 5.8611E-11 3.4598E-11 1.8130E-11 7.2267E-12 2.0559E-12 3.8665E-13 0.0000E+00 0.0000E+00 0.0000E+00 0.0000E+00 0.0000E+00 0.0000E+00 0.0000E+00 0.0000E+00 0.0000E+00 0.0000E+00
1.5045E-09 1.9901E-09 2.5762E-09 3.2822E-09 4.1033E-09 5.0455E-09 6.0907E-09 7.2191E-09 8.4003E-09 9.5966E-09 1.0761E-08 1.1843E-08 1.2791E-08 1.3561E-08 1.4109E-08 1.4411E-08 1.4451E-08 1.4230E-08 1.3763E-08 1.3078E-08 1.2212E-08 1.1210E-08 1.0120E-08 8.9858E-09 7.8491E-09 6.7482E-09 5.7132E-09 4.7632E-09 3.9068E-09 3.1561E-09 2.5129E-09 1.9696E-09 1.5196E-09 1.1516E-09 8.5729E-10 6.2502E-10 4.4276E-10 3.0244E-10 1.9946E-10 1.2474E-10 7.7051E-11 4.7399E-11 2.6956E-11 1.2694E-11 5.1437E-12 1.1521E-12 1.5235E-13 0.0000E+00 0.0000E+00 0.0000E+00 0.0000E+00 0.0000E+00 0.0000E+00 0.0000E+00 0.0000E+00 0.0000E+00 0.0000E+00
1.5260E-09 2.0329E-09 2.6582E-09 3.4134E-09 4.2964E-09 5.3165E-09 6.4537E-09 7.6895E-09 8.9916E-09 1.0312E-08 1.1604E-08 1.2807E-08 1.3865E-08 1.4722E-08 1.5333E-08 1.5667E-08 1.5709E-08 1.5458E-08 1.4932E-08 1.4164E-08 1.3197E-08 1.2083E-08 1.0875E-08 9.6239E-09 8.3764E-09 7.1712E-09 6.0415E-09 5.0091E-09 4.0878E-09 3.2798E-09 2.5900E-09 2.0123E-09 1.5401E-09 1.1537E-09 8.4840E-10 6.1186E-10 4.2468E-10 2.8216E-10 1.8014E-10 1.1026E-10 6.3724E-11 3.7438E-11 1.9983E-11 9.3026E-12 3.2153E-12 9.4165E-13 0.0000E+00 0.0000E+00 0.0000E+00 0.0000E+00 0.0000E+00 0.0000E+00 0.0000E+00 0.0000E+00 0.0000E+00 0.0000E+00 0.0000E+00
1.5494E-09 2.0807E-09 2.7448E-09 3.5431E-09 4.4970E-09 5.5981E-09 6.8339E-09 8.1868E-09 9.6159E-09 1.1075E-08 1.2503E-08 1.3837E-08 1.5008E-08 1.5960E-08 1.6640E-08 1.7010E-08 1.7054E-08 1.6773E-08 1.6187E-08 1.5334E-08 1.4262E-08 1.3029E-08 1.1697E-08 1.0322E-08 8.9546E-09 7.6397E-09 6.4092E-09 5.2899E-09 4.2918E-09 3.4204E-09 2.6815E-09 2.0658E-09 1.5636E-09 1.1628E-09 8.4454E-10 6.0110E-10 4.1079E-10 2.6677E-10 1.6519E-10 9.7397E-11 5.2485E-11 2.8708E-11 1.4869E-11 6.8811E-12 2.3853E-12 8.8783E-13 0.0000E+00 0.0000E+00 0.0000E+00 0.0000E+00 0.0000E+00 0.0000E+00 0.0000E+00 0.0000E+00 0.0000E+00 0.0000E+00 0.0000E+00
1.5682E-09 2.1254E-09 2.8225E-09 3.6760E-09 4.6944E-09 5.8792E-09 7.2231E-09 8.6933E-09 1.0258E-08 1.1857E-08 1.3429E-08 1.4901E-08 1.6197E-08 1.7252E-08 1.8005E-08 1.8415E-08 1.8463E-08 1.8150E-08 1.7502E-08 1.6561E-08 1.5382E-08 1.4031E-08 1.2571E-08 1.1065E-08 9.5719E-09 8.1390E-09 6.8032E-09 5.5898E-09 4.5129E-09 3.5769E-09 2.7882E-09 2.1319E-09 1.6000E-09 1.1790E-09 8.4690E-10 5.9191E-10 3.9864E-10 2.5708E-10 1.5274E-10 8.5396E-11 4.3030E-11 2.1889E-11 1.1665E-11 4.5275E-12 1.9216E-12 2.9918E-13 0.0000E+00 0.0000E+00 0.0000E+00 0.0000E+00 0.0000E+00 0.0000E+00 0.0000E+00 0.0000E+00 0.0000E+00 0.0000E+00 0.0000E+00
1.5839E-09 2.1673E-09 2.8977E-09 3.7993E-09 4.8827E-09 6.1540E-09 7.5973E-09 9.1915E-09 1.0888E-08 1.2634E-08 1.4353E-08 1.5965E-08 1.7390E-08 1.8547E-08 1.9377E-08 1.9832E-08 1.9889E-08 1.9552E-08 1.8853E-08 1.7831E-08 1.6547E-08 1.5074E-08 1.3482E-08 1.1842E-08 1.0218E-08 8.6641E-09 7.2166E-09 5.9073E-09 4.7512E-09 3.7458E-09 2.9016E-09 2.2068E-09 1.6441E-09 1.2036E-09 8.5619E-10 5.8999E-10 3.9265E-10 2.5025E-10 1.4615E-10 7.6554E-11 3.7032E-11 1.6914E-11 8.3948E-12 3.0954E-12 1.3031E-12 0.0000E+00 0.0000E+00 0.0000E+00 0.0000E+00 0.0000E+00 0.0000E+00 0.0000E+00 0.0000E+00 0.0000E+00 0.0000E+00 0.0000E+00 0.0000E+00
1.5999E-09 2.1978E-09 2.9576E-09 3.9055E-09 5.0525E-09 6.4010E-09 7.9452E-09 9.6528E-09 1.1483E-08 1.3370E-08 1.5230E-08 1.6985E-08 1.8537E-08 1.9806E-08 2.0720E-08 2.1228E-08 2.1302E-08 2.0954E-08 2.0203E-08 1.9099E-08 1.7715E-08 1.6122E-08 1.4402E-08 1.2630E-08 1.0877E-08 9.2002E-09 7.6438E-09 6.2386E-09 5.0029E-09 3.9337E-09 3.0322E-09 2.2938E-09 1.7000E-09 1.2327E-09 8.7132E-10 5.9562E-10 3.9192E-10 2.4552E-10 1.4139E-10 7.2897E-11 3.1615E-11 1.3468E-11 6.0689E-12 2.6147E-12 7.0902E-13 0.0000E+00 0.0000E+00 0.0000E+00 0.0000E+00 0.0000E+00 0.0000E+00 0.0000E+00 0.0000E+00 0.0000E+00 0.0000E+00 0.0000E+00 0.0000E+00
1.6017E-09 2.2138E-09 3.0013E-09 3.9873E-09 5.1867E-09 6.6087E-09 8.2394E-09 1.0055E-08 1.2007E-08 1.4021E-08 1.6026E-08 1.7918E-08 1.9601E-08 2.0981E-08 2.1984E-08 2.2551E-08 2.2655E-08 2.2299E-08 2.1510E-08 2.0338E-08 1.8859E-08 1.7151E-08 1.5304E-08 1.3404E-08 1.1527E-08 9.7344E-09 8.0745E-09 6.5765E-09 5.2613E-09 4.1292E-09 3.1707E-09 2.3919E-09 1.7646E-09 1.2712E-09 8.9154E-10 6.0768E-10 3.9717E-10 2.4723E-10 1.4147E-10 7.2286E-11 2.6903E-11 1.0363E-11 4.2587E-12 1.5987E-12 0.0000E+00 0.0000E+00 0.0000E+00 0.0000E+00 0.0000E+00 0.0000E+00 0.0000E+00 0.0000E+00 0.0000E+00 0.0000E+00 0.0000E+00 0.0000E+00 0.0000E+00
1.5897E-09 2.2129E-09 3.0214E-09 4.0348E-09 5.2775E-09 6.7565E-09 8.4624E-09 1.0370E-08 1.2425E-08 1.4566E-08 1.6696E-08 1.8719E-08 2.0525E-08 2.2020E-08 2.3117E-08 2.3751E-08 2.3897E-08 2.3544E-08 2.2724E-08 2.1493E-08 1.9929E-08 1.8122E-08 1.6167E-08 1.4154E-08 1.2167E-08 1.0270E-08 8.5132E-09 6.9280E-09 5.5372E-09 4.3397E-09 3.3269E-09 2.5005E-09 1.8397E-09 1.3219E-09 9.2421E-10 6.2826E-10 4.0629E-10 2.5649E-10 1.4539E-10 7.4184E-11 2.4983E-11 6.8658E-12 2.8590E-12 7.9070E-13 0.0000E+00 0.0000E+00 0.0000E+00 0.0000E+00 0.0000E+00 0.0000E+00 0.0000E+00 0.0000E+00 0.0000E+00 0.0000E+00 0.0000E+00 0.0000E+00 0.0000E+00
1.5625E-09 2.1884E-09 3.0076E-09 4.0388E-09 5.3110E-09 6.8308E-09 8.5937E-09 1.0571E-08 1.2718E-08 1.4959E-08 1.7205E-08 1.9344E-08 2.1272E-08 2.2879E-08 2.4068E-08 2.4776E-08 2.4960E-08 2.4624E-08 2.3789E-08 2.2518E-08 2.0892E-08 1.9007E-08 1.6965E-08 1.4859E-08 1.2775E-08 1.0785E-08 8.9415E-09 7.2805E-09 5.8166E-09 4.5597E-09 3.4956E-09 2.6224E-09 1.9254E-09 1.3827E-09 9.6768E-10 6.5588E-10 4.2490E-10 2.6769E-10 1.5241E-10 7.9020E-11 2.5732E-11 4.5432E-12 1.6419E-12 0.0000E+00 0.0000E+00 0.0000E+00 0.0000E+00 0.0000E+00 0.0000E+00 0.0000E+00 0.0000E+00 0.0000E+00 0.0000E+00 0.0000E+00 0.0000E+00 0.0000E+00 0.0000E+00
1.5181E-09 2.1396E-09 2.9565E-09 3.9906E-09 5.2776E-09 6.8192E-09 8.6174E-09 1.0647E-08 1.2860E-08 1.5184E-08 1.7524E-08 1.9766E-08 2.1800E-08 2.3502E-08 2.4780E-08 2.5558E-08 2.5800E-08 2.5488E-08 2.4661E-08 2.3374E-08 2.1719E-08 1.9788E-08 1.7684E-08 1.5511E-08 1.3355E-08 1.1290E-08 9.3738E-09 7.6426E-09 6.1125E-09 4.7968E-09 3.6812E-09 2.7657E-09 2.0340E-09 1.4628E-09 1.0224E-09 6.9750E-10 4.5347E-10 2.8751E-10 1.6213E-10 8.6710E-11 2.9174E-11 3.6809E-12 3.1299E-13 0.0000E+00 0.0000E+00 0.0000E+00 0.0000E+00 0.0000E+00 0.0000E+00 0.0000E+00 0.0000E+00 0.0000E+00 0.0000E+00 0.0000E+00 0.0000E+00 0.0000E+00 0.0000E+00
1.4539E-09 2.0601E-09 2.8662E-09 3.8900E-09 5.1702E-09 6.7149E-09 8.5270E-09 1.0581E-08 1.2836E-08 1.5215E-08 1.7617E-08 1.9935E-08 2.2045E-08 2.3834E-08 2.5194E-08 2.6049E-08 2.6351E-08 2.6094E-08 2.5302E-08 2.4041E-08 2.2387E-08 2.0443E-08 1.8313E-08 1.6096E-08 1.3891E-08 1.1771E-08 9.7939E-09 8.0050E-09 6.4249E-09 5.0549E-09 3.8889E-09 2.9328E-09 2.1647E-09 1.5622E-09 1.0957E-09 7.5250E-10 4.9045E-10 3.1312E-10 1.7865E-10 9.9313E-11 3.4611E-11 6.3792E-12 0.0000E+00 0.0000E+00 0.0000E+00 0.0000E+00 0.0000E+00 0.0000E+00 0.0000E+00 0.0000E+00 0.0000E+00 0.0000E+00 0.0000E+00 0.0000E+00 0.0000E+00 0.0000E+00 0.0000E+00
1.3707E-09 1.9514E-09 2.7344E-09 3.7310E-09 4.9899E-09 6.5165E-09 8.3127E-09 1.0364E-08 1.2624E-08 1.5017E-08 1.7451E-08 1.9813E-08 2.1985E-08 2.3843E-08 2.5279E-08 2.6217E-08 2.6601E-08 2.6423E-08 2.5700E-08 2.4489E-08 2.2875E-08 2.0953E-08 1.8829E-08 1.6605E-08 1.4377E-08 1.2225E-08 1.0212E-08 8.3792E-09 6.7565E-09 5.3425E-09 4.1339E-09 3.1306E-09 2.3216E-09 1.6846E-09 1.1902E-09 8.1981E-10 5.3734E-10 3.4771E-10 2.0166E-10 1.1097E-10 4.3415E-11 1.1514E-11 4.5274E-13 0.0000E+00 0.0000E+00 0.0000E+00 0.0000E+00 0.0000E+00 0.0000E+00 0.0000E+00 0.0000E+00 0.0000E+00 0.0000E+00 0.0000E+00 0.0000E+00 0.0000E+00 0.0000E+00
1.2675E-09 1.8160E-09 2.5654E-09 3.5187E-09 4.7360E-09 6.2192E-09 7.9728E-09 9.9876E-09 1.2214E-08 1.4589E-08 1.7017E-08 1.9399E-08 2.1604E-08 2.3515E-08 2.5029E-08 2.6050E-08 2.6533E-08 2.6454E-08 2.5830E-08 2.4707E-08 2.3168E-08 2.1309E-08 1.9227E-08 1.7034E-08 1.4822E-08 1.2670E-08 1.0644E-08 8.7873E-09 7.1271E-09 5.6758E-09 4.4219E-09 3.3708E-09 2.5166E-09 1.8384E-09 1.3067E-09 9.0761E-10 6.0245E-10 3.9250E-10 2.3114E-10 1.2950E-10 5.6685E-11 1.9594E-11 3.5236E-12 0.0000E+00 0.0000E+00 0.0000E+00 0.0000E+00 0.0000E+00 0.0000E+00 0.0000E+00 0.0000E+00 0.0000E+00 0.0000E+00 0.0000E+00 0.0000E+00 0.0000E+00 0.0000E+00
1.1507E-09 1.6597E-09 2.3632E-09 3.2603E-09 4.4180E-09 5.8323E-09 7.5127E-09 9.4579E-09 1.1619E-08 1.3935E-08 1.6332E-08 1.8694E-08 2.0908E-08 2.2860E-08 2.4433E-08 2.5545E-08 2.6131E-08 2.6175E-08 2.5668E-08 2.4674E-08 2.3256E-08 2.1503E-08 1.9517E-08 1.7397E-08 1.5240E-08 1.3120E-08 1.1102E-08 9.2323E-09 7.5448E-09 6.0577E-09 4.7597E-09 3.6524E-09 2.7514E-09 2.0219E-09 1.4510E-09 1.0195E-09 6.8348E-10 4.4888E-10 2.7029E-10 1.5326E-10 7.2699E-11 3.1873E-11 9.1379E-12 1.3782E-12 0.0000E+00 0.0000E+00 0.0000E+00 0.0000E+00 0.0000E+00 0.0000E+00 0.0000E+00 0.0000E+00 0.0000E+00 0.0000E+00 0.0000E+00 0.0000E+00 0.0000E+00
1.0262E-09 1.4887E-09 2.1368E-09 2.9647E-09 4.0444E-09 5.3708E-09 6.9533E-09 8.7959E-09 1.0857E-08 1.3089E-08 1.5413E-08 1.7726E-08 1.9925E-08 2.1890E-08 2.3514E-08 2.4708E-08 2.5411E-08 2.5581E-08 2.5239E-08 2.4408E-08 2.3156E-08 2.1560E-08 1.9720E-08 1.7723E-08 1.5656E-08 1.3598E-08 1.1611E-08 9.7439E-09 8.0369E-09 6.5096E-09 5.1649E-09 3.9974E-09 3.0362E-09 2.2587E-09 1.6354E-09 1.1593E-09 7.8874E-10 5.2084E-10 3.2070E-10 1.8840E-10 9.7156E-11 4.6937E-11 1.7660E-11 3.9940E-12 6.1099E-14 0.0000E+00 0.0000E+00 0.0000E+00 0.0000E+00 0.0000E+00 0.0000E+00 0.0000E+00 0.0000E+00 0.0000E+00 0.0000E+00 0.0000E+00 0.0000E+00
8.9789E-10 1.3097E-09 1.8948E-09 2.6432E-09 3.6307E-09 4.8515E-09 6.3123E-09 8.0321E-09 9.9670E-09 1.2077E-08 1.4296E-08 1.6531E-08 1.8685E-08 2.0640E-08 2.2295E-08 2.3566E-08 2.4383E-08 2.4712E-08 2.4551E-08 2.3931E-08 2.2890E-08 2.1510E-08 1.9856E-08 1.8024E-08 1.6085E-08 1.4111E-08 1.2171E-08 1.0321E-08 8.6005E-09 7.0351E-09 5.6425E-09 4.4165E-09 3.3932E-09 2.5552E-09 1.8727E-09 1.3438E-09 9.2807E-10 6.1976E-10 3.9291E-10 2.3941E-10 1.2957E-10 6.7694E-11 2.8969E-11 8.6671E-12 1.5347E-12 0.0000E+00 0.0000E+00 0.0000E+00 0.0000E+00 0.0000E+00 0.0000E+00 0.0000E+00 0.0000E+00 0.0000E+00 0.0000E+00 0.0000E+00 0.0000E+00
7.6867E-10 1.1292E-09 1.6472E-09 2.3095E-09 3.1949E-09 4.2979E-09 5.6204E-09 7.1961E-09 8.9783E-09 1.0942E-08 1.3026E-08 1.5151E-08 1.7228E-08 1.9143E-08 2.0811E-08 2.2150E-08 2.3088E-08 2.3596E-08 2.3654E-08 2.3275E-08 2.2501E-08 2.1372E-08 1.9960E-08 1.8326E-08 1.6545E-08 1.4686E-08 1.2815E-08 1.0985E-08 9.2510E-09 7.6505E-09 6.2037E-09 4.9176E-09 3.8217E-09 2.9070E-09 2.1581E-09 1.5632E-09 1.0935E-09 7.4482E-10 4.8450E-10 3.0371E-10 1.7723E-10 9.7942E-11 4.5623E-11 1.6327E-11 4.6344E-12 0.0000E+00 0.0000E+00 0.0000E+00 0.0000E+00 0.0000E+00 0.0000E+00 0.0000E+00 0.0000E+00 0.0000E+00 0.0000E+00 0.0000E+00 0.0000E+00
6.4111E-10 9.5203E-10 1.4031E-09 1.9776E-09 2.7558E-09 3.7307E-09 4.9060E-09 6.3238E-09 7.9338E-09 9.7284E-09 1.1649E-08 1.3636E-08 1.5600E-08 1.7458E-08 1.9129E-08 2.0532E-08 2.1607E-08 2.2304E-08 2.2605E-08 2.2502E-08 2.2014E-08 2.1180E-08 2.0031E-08 1.8630E-08 1.7035E-08 1.5309E-08 1.3514E-08 1.1725E-08 9.9969E-09 8.3626E-09 6.8669E-09 5.5238E-09 4.3434E-09 3.3470E-09 2.5177E-09 1.8417E-09 1.3118E-09 9.0283E-10 5.9939E-10 3.8071E-10 2.3197E-10 1.3528E-10 7.1197E-11 2.9714E-11 9.4389E-12 1.3820E-13 0.0000E+00 0.0000E+00 0.0000E+00 0.0000E+00 0.0000E+00 0.0000E+00 0.0000E+00 0.0000E+00 0.0000E+00 0.0000E+00 0.0000E+00
5.1908E-10 7.8200E-10 1.1687E-09 1.6577E-09 2.3281E-09 3.1746E-09 4.1977E-09 5.4461E-09 6.8717E-09 8.4799E-09 1.0221E-08 1.2046E-08 1.3887E-08 1.5676E-08 1.7337E-08 1.8796E-08 1.9996E-08 2.0889E-08 2.1433E-08 2.1629E-08 2.1457E-08 2.0932E-08 2.0079E-08 1.8937E-08 1.7551E-08 1.5979E-08 1.4296E-08 1.2567E-08 1.0842E-08 9.1887E-09 7.6476E-09 6.2292E-09 4.9676E-09 3.8678E-09 2.9483E-09 2.1857E-09 1.5773E-09 1.1052E-09 7.4795E-10 4.8494E-10 3.0244E-10 1.7974E-10 1.0001E-10 4.7947E-11 1.9398E-11 2.6063E-12 0.0000E+00 0.0000E+00 0.0000E+00 0.0000E+00 0.0000E+00 0.0000E+00 0.0000E+00 0.0000E+00 0.0000E+00 0.0000E+00 0.0000E+00
3.9572E-10 6.2533E-10 9.4928E-10 1.3575E-09 1.9264E-09 2.6476E-09 3.5181E-09 4.5961E-09 5.8337E-09 7.2491E-09 8.8010E-09 1.0458E-08 1.2164E-08 1.3865E-08 1.5495E-08 1.6994E-08 1.8309E-08 1.9381E-08 2.0184E-08 2.0670E-08 2.0823E-08 2.0624E-08 2.0082E-08 1.9218E-08 1.8072E-08 1.6694E-08 1.5144E-08 1.3489E-08 1.1808E-08 1.0156E-08 8.5674E-09 7.0714E-09 5.7214E-09 4.5132E-09 3.4789E-09 2.6141E-09 1.9115E-09 1.3519E-09 9.2985E-10 6.1412E-10 3.9315E-10 2.3799E-10 1.3518E-10 6.7333E-11 3.3005E-11 9.8260E-12 5.3389E-14 0.0000E+00 0.0000E+00 0.0000E+00 0.0000E+00 0.0000E+00 0.0000E+00 0.0000E+00 0.0000E+00 0.0000E+00 0.0000E+00
2.8363E-10 4.8555E-10 7.5234E-10 1.0843E-09 1.5565E-09 2.1581E-09 2.8852E-09 3.7994E-09 4.8541E-09 6.0799E-09 7.4401E-09 8.9207E-09 1.0479E-08 1.2076E-08 1.3656E-08 1.5178E-08 1.6584E-08 1.7830E-08 1.8861E-08 1.9635E-08 2.0100E-08 2.0235E-08 2.0005E-08 1.9463E-08 1.8583E-08 1.7422E-08 1.6049E-08 1.4514E-08 1.2900E-08 1.1249E-08 9.6120E-09 8.0482E-09 6.5973E-09 5.2690E-09 4.1192E-09 3.1336E-09 2.3162E-09 1.6657E-09 1.1551E-09 7.7488E-10 5.0177E-10 3.0679E-10 1.8047E-10 9.3249E-11 4.7290E-11 1.9513E-11 3.1145E-12 0.0000E+00 0.0000E+00 0.0000E+00 0.0000E+00 0.0000E+00 0.0000E+00 0.0000E+00 0.0000E+00 0.0000E+00 0.0000E+00
1.8317E-10 3.5750E-10 5.8054E-10 8.4375E-10 1.2247E-09 1.7154E-09 2.3092E-09 3.0697E-09 3.9537E-09 4.9955E-09 6.1687E-09 7.4734E-09 8.8735E-09 1.0352E-08 1.1865E-08 1.3382E-08 1.4857E-08 1.6238E-08 1.7475E-08 1.8500E-08 1.9269E-08 1.9722E-08 1.9839E-08 1.9627E-08 1.9052E-08 1.8163E-08 1.6992E-08 1.5639E-08 1.4121E-08 1.2497E-08 1.0843E-08 9.2021E-09 7.6344E-09 6.1917E-09 4.8832E-09 3.7572E-09 2.8077E-09 2.0362E-09 1.4283E-09 9.6862E-10 6.3157E-10 3.8931E-10 2.3313E-10 1.2666E-10 6.3670E-11 3.0220E-11 6.8524E-12 1.6100E-12 0.0000E+00 0.0000E+00 0.0000E+00 0.0000E+00 0.0000E+00 0.0000E+00 0.0000E+00 0.0000E+00 0.0000E+00
