Assets/Resources/2015_m01_d30_1500(utc+0800)_l00_csi_1hr_conc.grd
DSAA
         159         159
     -79.000      79.000
     -79.000      79.000
  0.0000E+00  0.3383E-05
[rows 50 to 74 of 159, columns 57 to 113 of 159]
0.0000E+00 0.0000E+00 0.0000E+00 0.0000E+00 6.0234E-12 1.2586E-11 4.4752E-11 9.0578E-11 1.7623E-10 3.0242E-10 4.8424E-10 7.6109E-10 1.1399E-09 1.6502E-09 2.3076E-09 3.1457E-09 4.1512E-09 5.3309E-09 6.6443E-09 8.0883E-09 9.5841E-09 1.1035E-08 1.2357E-08 1.3475E-08 1.4352E-08 1.4991E-08 1.5398E-08 1.5648E-08 1.5775E-08 1.5839E-08 1.5844E-08 1.5828E-08 1.5800E-08 1.5723E-08 1.5584E-08 1.5444E-08 1.5271E-08 1.5044E-08 1.4807E-08 1.4520E-08 1.4170E-08 1.3782E-08 1.3365E-08 1.2903E-08 1.2422E-08 1.1918E-08 1.1407E-08 1.0897E-08 1.0398E-08 9.9102E-09 9.4402E-09 8.9857E-09 8.5457E-09 8.1198E-09 7.7053E-09 7.2926E-09 6.9044E-09
0.0000E+00 0.0000E+00 0.0000E+00 0.0000E+00 6.9462E-12 1.7141E-11 5.7017E-11 1.1472E-10 2.2208E-10 3.7013E-10 6.0141E-10 9.4381E-10 1.4079E-09 2.0433E-09 2.8754E-09 3.9241E-09 5.1926E-09 6.6756E-09 8.3401E-09 1.0147E-08 1.2007E-08 1.3808E-08 1.5422E-08 1.6738E-08 1.7700E-08 1.8306E-08 1.8594E-08 1.8662E-08 1.8526E-08 1.8286E-08 1.7999E-08 1.7721E-08 1.7427E-08 1.7141E-08 1.6800E-08 1.6475E-08 1.6144E-08 1.5792E-08 1.5404E-08 1.4995E-08 1.4556E-08 1.4072E-08 1.3557E-08 1.3013E-08 1.2461E-08 1.1894E-08 1.1319E-08 1.0746E-08 1.0191E-08 9.6540E-09 9.1389E-09 8.6503E-09 8.1775E-09 7.7249E-09 7.2879E-09 6.8574E-09 6.4583E-09
0.0000E+00 0.0000E+00 0.0000E+00 0.0000E+00 7.7901E-12 2.1380E-11 6.8596E-11 1.3829E-10 2.6536E-10 4.4108E-10 7.2511E-10 1.1292E-09 1.6929E-09 2.4701E-09 3.4862E-09 4.7756E-09 6.3495E-09 8.1934E-09 1.0269E-08 1.2513E-08 1.4815E-08 1.7035E-08 1.8989E-08 2.0551E-08 2.1612E-08 2.2186E-08 2.2322E-08 2.2082E-08 2.1617E-08 2.1036E-08 2.0391E-08 1.9737E-08 1.9127E-08 1.8563E-08 1.7998E-08 1.7455E-08 1.6972E-08 1.6443E-08 1.5911E-08 1.5380E-08 1.4830E-08 1.4248E-08 1.3645E-08 1.3029E-08 1.2406E-08 1.1776E-08 1.1150E-08 1.0530E-08 9.9273E-09 9.3446E-09 8.7892E-09 8.2705E-09 7.7779E-09 7.3061E-09 6.8544E-09 6.4123E-09 6.0066E-09
0.0000E+00 0.0000E+00 0.0000E+00 0.0000E+00 8.4956E-12 2.5307E-11 7.9945E-11 1.5952E-10 3.0377E-10 5.1392E-10 8.4423E-10 1.3118E-09 1.9817E-09 2.9024E-09 4.1167E-09 5.6680E-09 7.5812E-09 9.8322E-09 1.2389E-08 1.5143E-08 1.7951E-08 2.0686E-08 2.3069E-08 2.4927E-08 2.6152E-08 2.6680E-08 2.6590E-08 2.6000E-08 2.5123E-08 2.4051E-08 2.2935E-08 2.1855E-08 2.0874E-08 1.9966E-08 1.9135E-08 1.8362E-08 1.7676E-08 1.6995E-08 1.6300E-08 1.5632E-08 1.4973E-08 1.4313E-08 1.3633E-08 1.2942E-08 1.2252E-08 1.1572E-08 1.0897E-08 1.0236E-08 9.6022E-09 8.9904E-09 8.4043E-09 7.8556E-09 7.3459E-09 6.8657E-09 6.4083E-09 5.9601E-09 5.5545E-09
0.0000E+00 0.0000E+00 0.0000E+00 0.0000E+00 9.0093E-12 2.9050E-11 8.8371E-11 1.7722E-10 3.3828E-10 5.7909E-10 9.4735E-10 1.4855E-09 2.2573E-09 3.3136E-09 4.7312E-09 6.5619E-09 8.8294E-09 1.1530E-08 1.4609E-08 1.7930E-08 2.1371E-08 2.4671E-08 2.7604E-08 2.9818E-08 3.1218E-08 3.1718E-08 3.1410E-08 3.0409E-08 2.8961E-08 2.7316E-08 2.5650E-08 2.4031E-08 2.2577E-08 2.1291E-08 2.0143E-08 1.9126E-08 1.8262E-08 1.7408E-08 1.6571E-08 1.5747E-08 1.4999E-08 1.4237E-08 1.3490E-08 1.2741E-08 1.1999E-08 1.1277E-08 1.0566E-08 9.8767E-09 9.2154E-09 8.5852E-09 7.9865E-09 7.4218E-09 6.8929E-09 6.4017E-09 5.9472E-09 5.5068E-09 5.1039E-09
0.0000E+00 0.0000E+00 0.0000E+00 0.0000E+00 9.2898E-12 3.0596E-11 9.5015E-11 1.8860E-10 3.6436E-10 6.3566E-10 1.0331E-09 1.6310E-09 2.4876E-09 3.6844E-09 5.2937E-09 7.3891E-09 1.0019E-08 1.3174E-08 1.6807E-08 2.0787E-08 2.4910E-08 2.8871E-08 3.2382E-08 3.5120E-08 3.6742E-08 3.7244E-08 3.6641E-08 3.5173E-08 3.3148E-08 3.0796E-08 2.8424E-08 2.6202E-08 2.4226E-08 2.2487E-08 2.0983E-08 1.9733E-08 1.8659E-08 1.7645E-08 1.6675E-08 1.5735E-08 1.4860E-08 1.4023E-08 1.3224E-08 1.2426E-08 1.1642E-08 1.0887E-08 1.0156E-08 9.4471E-09 8.7712E-09 8.1320E-09 7.5257E-09 6.9608E-09 6.4327E-09 5.9368E-09 5.4762E-09 5.0418E-09 4.6590E-09
0.0000E+00 0.0000E+00 0.0000E+00 0.0000E+00 9.3138E-12 3.0160E-11 9.8088E-11 1.9307E-10 3.8306E-10 6.6461E-10 1.0879E-09 1.7368E-09 2.6648E-09 3.9694E-09 5.7477E-09 8.0991E-09 1.1058E-08 1.4658E-08 1.8862E-08 2.3513E-08 2.8361E-08 3.3087E-08 3.7278E-08 4.0577E-08 4.2582E-08 4.3086E-08 4.2255E-08 4.0300E-08 3.7545E-08 3.4397E-08 3.1218E-08 2.8298E-08 2.5717E-08 2.3519E-08 2.1627E-08 2.0096E-08 1.8844E-08 1.7686E-08 1.6579E-08 1.5544E-08 1.4580E-08 1.3681E-08 1.2826E-08 1.1996E-08 1.1190E-08 1.0419E-08 9.6698E-09 8.9551E-09 8.2793E-09 7.6366E-09 7.0341E-09 6.4746E-09 5.9543E-09 5.4718E-09 5.0195E-09 4.5885E-09 4.2106E-09
0.0000E+00 0.0000E+00 0.0000E+00 0.0000E+00 9.0789E-12 2.7253E-11 9.8072E-11 1.9208E-10 3.8301E-10 6.7124E-10 1.1177E-09 1.7895E-09 2.7578E-09 4.1494E-09 6.0653E-09 8.6017E-09 1.1850E-08 1.5864E-08 2.0606E-08 2.5915E-08 3.1533E-08 3.7029E-08 4.1998E-08 4.5932E-08 4.8410E-08 4.9081E-08 4.7984E-08 4.5508E-08 4.2002E-08 3.8011E-08 3.3944E-08 3.0209E-08 2.6989E-08 2.4309E-08 2.2028E-08 2.0207E-08 1.8802E-08 1.7505E-08 1.6304E-08 1.5182E-08 1.4151E-08 1.3182E-08 1.2299E-08 1.1452E-08 1.0638E-08 9.8631E-09 9.1200E-09 8.4093E-09 7.7417E-09 7.1108E-09 6.5193E-09 5.9740E-09 5.4670E-09 4.9991E-09 4.5656E-09 4.1544E-09 3.7914E-09
0.0000E+00 0.0000E+00 0.0000E+00 0.0000E+00 8.6042E-12 2.5424E-11 9.0719E-11 1.8117E-10 3.7620E-10 6.5888E-10 1.0967E-09 1.7760E-09 2.7783E-09 4.2055E-09 6.1824E-09 8.8575E-09 1.2339E-08 1.6673E-08 2.1872E-08 2.7776E-08 3.4103E-08 4.0433E-08 4.6217E-08 5.0891E-08 5.3886E-08 5.4850E-08 5.3636E-08 5.0645E-08 4.6398E-08 4.1449E-08 3.6452E-08 3.1877E-08 2.7970E-08 2.4784E-08 2.2146E-08 2.0060E-08 1.8476E-08 1.7085E-08 1.5804E-08 1.4625E-08 1.3561E-08 1.2561E-08 1.1660E-08 1.0807E-08 9.9969E-09 9.2350E-09 8.5078E-09 7.8169E-09 7.1710E-09 6.5595E-09 5.9859E-09 5.4649E-09 4.9772E-09 4.5306E-09 4.1190E-09 3.7287E-09 3.3886E-09
0.0000E+00 0.0000E+00 0.0000E+00 0.0000E+00 8.1056E-12 1.7200E-11 7.9038E-11 1.6636E-10 3.4466E-10 6.1599E-10 1.0378E-09 1.7109E-09 2.6788E-09 4.1021E-09 6.1105E-09 8.8386E-09 1.2412E-08 1.6963E-08 2.2507E-08 2.8893E-08 3.5856E-08 4.2955E-08 4.9571E-08 5.5005E-08 5.8661E-08 6.0014E-08 5.8891E-08 5.5474E-08 5.0461E-08 4.4618E-08 3.8671E-08 3.3209E-08 2.8583E-08 2.4902E-08 2.1932E-08 1.9617E-08 1.7889E-08 1.6424E-08 1.5094E-08 1.3893E-08 1.2812E-08 1.1814E-08 1.0906E-08 1.0069E-08 9.2804E-09 8.5484E-09 7.8461E-09 7.1847E-09 6.5723E-09 5.9912E-09 5.4474E-09 4.9538E-09 4.4898E-09 4.0722E-09 3.6856E-09 3.3204E-09 3.0046E-09
0.0000E+00 0.0000E+00 0.0000E+00 0.0000E+00 6.3022E-12 9.4559E-12 6.6525E-11 1.3980E-10 3.0032E-10 5.6050E-10 9.4938E-10 1.5692E-09 2.4886E-09 3.8782E-09 5.8123E-09 8.4840E-09 1.2058E-08 1.6694E-08 2.2381E-08 2.9082E-08 3.6552E-08 4.4282E-08 5.1686E-08 5.7975E-08 6.2347E-08 6.4258E-08 6.3361E-08 5.9754E-08 5.4116E-08 4.7364E-08 4.0479E-08 3.4149E-08 2.8821E-08 2.4626E-08 2.1361E-08 1.8854E-08 1.7051E-08 1.5529E-08 1.4185E-08 1.2995E-08 1.1920E-08 1.0946E-08 1.0061E-08 9.2531E-09 8.5024E-09 7.8108E-09 7.1495E-09 6.5275E-09 5.9537E-09 5.4119E-09 4.9066E-09 4.4483E-09 4.0162E-09 3.6298E-09 3.2704E-09 2.9338E-09 2.6437E-09
0.0000E+00 0.0000E+00 0.0000E+00 0.0000E+00 0.0000E+00 7.0595E-12 4.3902E-11 1.1016E-10 2.5678E-10 4.7907E-10 8.2620E-10 1.4035E-09 2.2370E-09 3.5023E-09 5.3108E-09 7.8709E-09 1.1301E-08 1.5802E-08 2.1467E-08 2.8278E-08 3.5974E-08 4.4225E-08 5.2316E-08 5.9434E-08 6.4677E-08 6.7308E-08 6.6873E-08 6.3335E-08 5.7240E-08 4.9698E-08 4.1861E-08 3.4673E-08 2.8652E-08 2.3980E-08 2.0453E-08 1.7832E-08 1.5968E-08 1.4431E-08 1.3095E-08 1.1949E-08 1.0907E-08 9.9794E-09 9.1503E-09 8.3752E-09 7.6799E-09 7.0392E-09 6.4270E-09 5.8570E-09 5.3305E-09 4.8317E-09 4.3689E-09 3.9519E-09 3.5564E-09 3.2054E-09 2.8787E-09 2.5725E-09 2.3089E-09
0.0000E+00 0.0000E+00 0.0000E+00 0.0000E+00 0.0000E+00 0.0000E+00 1.0298E-11 8.3394E-11 2.0075E-10 3.8727E-10 6.8793E-10 1.1818E-09 1.9095E-09 3.0467E-09 4.6695E-09 6.9700E-09 1.0140E-08 1.4399E-08 1.9806E-08 2.6416E-08 3.4148E-08 4.2664E-08 5.1332E-08 5.9246E-08 6.5485E-08 6.9036E-08 6.9326E-08 6.6117E-08 5.9756E-08 5.1594E-08 4.2889E-08 3.4824E-08 2.8117E-08 2.2997E-08 1.9248E-08 1.6534E-08 1.4670E-08 1.3157E-08 1.1869E-08 1.0792E-08 9.8034E-09 8.9471E-09 8.1810E-09 7.4600E-09 6.8290E-09 6.2503E-09 5.6951E-09 5.1840E-09 4.7110E-09 4.2602E-09 3.8480E-09 3.4717E-09 3.1138E-09 2.8019E-09 2.5087E-09 2.2351E-09 2.0013E-09
0.0000E+00 0.0000E+00 0.0000E+00 0.0000E+00 0.0000E+00 0.0000E+00 0.0000E+00 3.3435E-11 1.3815E-10 2.9567E-10 5.4304E-10 9.4996E-10 1.5691E-09 2.5192E-09 3.9076E-09 5.9142E-09 8.7324E-09 1.2525E-08 1.7479E-08 2.3683E-08 3.1181E-08 3.9721E-08 4.8781E-08 5.7543E-08 6.4859E-08 6.9607E-08 7.0745E-08 6.8099E-08 6.1901E-08 5.3160E-08 4.3632E-08 3.4647E-08 2.7246E-08 2.1708E-08 1.7765E-08 1.5023E-08 1.3212E-08 1.1749E-08 1.0552E-08 9.5600E-09 8.6500E-09 7.8750E-09 7.1855E-09 6.5343E-09 5.9714E-09 5.4588E-09 4.9660E-09 4.5203E-09 4.1060E-09 3.7056E-09 3.3463E-09 3.0117E-09 2.6992E-09 2.4241E-09 2.1634E-09 1.9215E-09 1.7172E-09
0.0000E+00 0.0000E+00 0.0000E+00 0.0000E+00 0.0000E+00 0.0000E+00 0.0000E+00 2.9192E-12 5.6418E-11 1.7877E-10 4.0211E-10 7.2567E-10 1.1988E-09 1.9814E-09 3.1343E-09 4.7929E-09 7.1383E-09 1.0392E-08 1.4742E-08 2.0317E-08 2.7323E-08 3.5697E-08 4.5064E-08 5.4629E-08 6.3102E-08 6.9132E-08 7.1516E-08 6.9540E-08 6.3614E-08 5.4598E-08 4.4204E-08 3.4314E-08 2.6126E-08 2.0161E-08 1.6106E-08 1.3368E-08 1.1640E-08 1.0260E-08 9.1932E-09 8.2971E-09 7.4821E-09 6.8021E-09 6.1925E-09 5.6167E-09 5.1330E-09 4.6869E-09 4.2563E-09 3.8750E-09 3.5193E-09 3.1746E-09 2.8693E-09 2.5778E-09 2.3122E-09 2.0736E-09 1.8480E-09 1.6371E-09 1.4597E-09
0.0000E+00 0.0000E+00 0.0000E+00 0.0000E+00 0.0000E+00 0.0000E+00 0.0000E+00 0.0000E+00 2.1196E-11 8.3235E-11 1.8306E-10 4.8685E-10 8.8406E-10 1.4921E-09 2.3739E-09 3.6785E-09 5.5751E-09 8.2171E-09 1.1813E-08 1.6683E-08 2.3118E-08 3.1198E-08 4.0831E-08 5.1081E-08 6.0760E-08 6.8148E-08 7.1712E-08 7.0742E-08 6.5129E-08 5.5922E-08 4.4779E-08 3.3849E-08 2.4906E-08 1.8444E-08 1.4272E-08 1.1626E-08 9.9938E-09 8.7531E-09 7.8361E-09 7.0376E-09 6.3418E-09 5.7563E-09 5.2230E-09 4.7413E-09 4.3312E-09 3.9470E-09 3.5872E-09 3.2671E-09 2.9613E-09 2.6735E-09 2.4171E-09 2.1693E-09 1.9504E-09 1.7502E-09 1.5584E-09 1.3788E-09 1.2280E-09
0.0000E+00 0.0000E+00 0.0000E+00 0.0000E+00 0.0000E+00 0.0000E+00 0.0000E+00 0.0000E+00 2.9429E-12 5.1205E-11 1.3449E-10 2.6366E-10 5.5143E-10 1.0283E-09 1.6940E-09 2.6888E-09 4.1030E-09 6.1601E-09 9.0522E-09 1.3250E-08 1.9146E-08 2.7091E-08 3.6914E-08 4.7828E-08 5.8480E-08 6.7084E-08 7.1872E-08 7.1764E-08 6.6652E-08 5.7241E-08 4.5402E-08 3.3490E-08 2.3560E-08 1.6674E-08 1.2391E-08 9.8674E-09 8.3741E-09 7.2871E-09 6.5186E-09 5.8373E-09 5.2617E-09 4.7665E-09 4.3109E-09 3.9230E-09 3.5843E-09 3.2625E-09 2.9715E-09 2.7049E-09 2.4479E-09 2.2146E-09 1.9995E-09 1.7948E-09 1.6160E-09 1.4508E-09 1.2916E-09 1.1420E-09 1.0171E-09
0.0000E+00 0.0000E+00 0.0000E+00 0.0000E+00 0.0000E+00 0.0000E+00 0.0000E+00 0.0000E+00 0.0000E+00 1.1160E-11 5.5629E-11 1.5848E-10 3.0263E-10 5.3359E-10 1.0838E-09 1.8262E-09 2.8394E-09 4.3825E-09 6.7240E-09 1.0541E-08 1.6370E-08 2.4427E-08 3.4572E-08 4.5816E-08 5.6888E-08 6.6301E-08 7.1957E-08 7.2737E-08 6.8021E-08 5.8635E-08 4.6136E-08 3.3170E-08 2.2324E-08 1.4846E-08 1.0489E-08 8.1449E-09 6.8074E-09 5.9086E-09 5.2847E-09 4.7302E-09 4.2668E-09 3.8572E-09 3.4784E-09 3.1749E-09 2.9016E-09 2.6424E-09 2.4163E-09 2.1993E-09 1.9900E-09 1.8024E-09 1.6236E-09 1.4621E-09 1.3168E-09 1.1822E-09 1.0513E-09 9.2768E-10 8.2444E-10
0.0000E+00 0.0000E+00 0.0000E+00 0.0000E+00 0.0000E+00 0.0000E+00 0.0000E+00 0.0000E+00 0.0000E+00 4.0713E-13 1.4119E-11 6.4149E-11 1.4273E-10 3.3752E-10 5.8490E-10 1.0551E-09 1.8784E-09 2.9968E-09 5.1384E-09 9.2897E-09 1.5899E-08 2.4698E-08 3.4878E-08 4.6024E-08 5.6542E-08 6.5892E-08 7.2063E-08 7.3365E-08 6.9286E-08 5.9983E-08 4.7020E-08 3.3029E-08 2.1092E-08 1.3119E-08 8.6076E-09 6.5081E-09 5.3484E-09 4.6551E-09 4.1620E-09 3.7406E-09 3.3787E-09 3.0424E-09 2.7463E-09 2.5097E-09 2.2928E-09 2.0948E-09 1.9210E-09 1.7510E-09 1.5886E-09 1.4412E-09 1.2989E-09 1.1742E-09 1.0578E-09 9.4894E-10 8.4339E-10 7.4159E-10 6.5633E-10
0.0000E+00 0.0000E+00 0.0000E+00 0.0000E+00 0.0000E+00 0.0000E+00 0.0000E+00 0.0000E+00 0.0000E+00 0.0000E+00 5.0786E-12 1.9807E-11 6.4030E-11 1.6292E-10 3.3004E-10 6.4039E-10 1.0013E-09 2.0373E-09 4.8853E-09 1.0833E-08 1.9331E-08 2.9233E-08 3.8946E-08 4.8712E-08 5.7894E-08 6.5622E-08 7.1858E-08 7.3662E-08 7.0146E-08 6.1192E-08 4.7874E-08 3.2827E-08 1.9911E-08 1.1368E-08 6.9616E-09 5.0456E-09 4.0614E-09 3.5526E-09 3.1891E-09 2.8817E-09 2.6012E-09 2.3399E-09 2.1225E-09 1.9345E-09 1.7676E-09 1.6241E-09 1.4913E-09 1.3628E-09 1.2423E-09 1.1269E-09 1.0218E-09 9.2715E-10 8.3732E-10 7.5216E-10 6.6747E-10 5.8486E-10 5.1498E-10
0.0000E+00 0.0000E+00 0.0000E+00 0.0000E+00 0.0000E+00 0.0000E+00 0.0000E+00 0.0000E+00 0.0000E+00 0.0000E+00 0.0000E+00 7.9875E-12 2.5213E-11 6.5052E-11 1.4114E-10 3.3198E-10 6.6877E-10 1.9715E-09 7.3528E-09 1.7796E-08 2.9810E-08 3.8669E-08 4.7360E-08 5.3529E-08 6.0654E-08 6.5996E-08 7.1048E-08 7.3441E-08 7.0723E-08 6.1889E-08 4.8191E-08 3.2355E-08 1.8473E-08 9.6590E-09 5.3985E-09 3.7535E-09 2.9654E-09 2.6202E-09 2.3717E-09 2.1520E-09 1.9459E-09 1.7584E-09 1.5972E-09 1.4535E-09 1.3303E-09 1.2260E-09 1.1272E-09 1.0336E-09 9.4838E-10 8.6393E-10 7.8897E-10 7.1806E-10 6.5002E-10 5.8460E-10 5.1475E-10 4.4956E-10 3.9196E-10
0.0000E+00 0.0000E+00 0.0000E+00 0.0000E+00 0.0000E+00 0.0000E+00 0.0000E+00 0.0000E+00 0.0000E+00 0.0000E+00 0.0000E+00 0.0000E+00 8.2535E-12 2.6173E-11 5.1003E-11 1.2574E-10 5.8718E-10 3.5484E-09 1.6658E-08 3.6155E-08 4.7729E-08 5.3646E-08 5.8150E-08 6.1443E-08 6.3884E-08 6.7823E-08 6.9990E-08 7.2813E-08 7.0770E-08 6.2158E-08 4.7281E-08 3.0175E-08 1.6229E-08 7.7738E-09 4.0346E-09 2.6523E-09 2.0809E-09 1.8717E-09 1.7061E-09 1.5522E-09 1.4141E-09 1.2848E-09 1.1729E-09 1.0680E-09 9.7580E-10 9.0081E-10 8.2854E-10 7.6517E-10 7.0659E-10 6.5002E-10 5.9611E-10 5.4294E-10 4.8968E-10 4.3686E-10 3.8108E-10 3.3344E-10 2.8940E-10
0.0000E+00 0.0000E+00 0.0000E+00 0.0000E+00 0.0000E+00 0.0000E+00 0.0000E+00 0.0000E+00 0.0000E+00 0.0000E+00 0.0000E+00 0.0000E+00 0.0000E+00 7.1183E-12 2.6178E-11 5.2492E-11 8.0794E-10 5.6739E-09 2.9998E-08 7.7941E-08 7.6563E-08 7.1819E-08 6.9495E-08 7.1955E-08 6.8787E-08 7.1106E-08 7.1055E-08 7.2502E-08 7.0338E-08 5.9734E-08 4.2994E-08 2.5675E-08 1.2604E-08 5.7051E-09 2.8026E-09 1.7811E-09 1.4040E-09 1.2777E-09 1.1765E-09 1.0770E-09 9.8647E-10 9.0953E-10 8.3313E-10 7.6218E-10 6.9718E-10 6.3838E-10 5.8912E-10 5.4566E-10 5.0545E-10 4.7036E-10 4.3096E-10 3.9098E-10 3.5154E-10 3.1199E-10 2.7152E-10 2.3810E-10 2.0915E-10
0.0000E+00 0.0000E+00 0.0000E+00 0.0000E+00 0.0000E+00 0.0000E+00 0.0000E+00 0.0000E+00 0.0000E+00 0.0000E+00 0.0000E+00 0.0000E+00 0.0000E+00 0.0000E+00 4.5293E-12 2.2888E-11 7.6654E-11 3.2285E-09 3.5363E-08 1.5972E-07 1.3641E-07 8.8212E-08 8.4616E-08 8.2602E-08 7.9172E-08 7.6747E-08 7.5980E-08 7.3845E-08 6.7441E-08 5.0893E-08 3.2512E-08 1.7339E-08 7.9267E-09 3.4991E-09 1.7267E-09 1.1127E-09 8.9416E-10 8.2309E-10 7.5541E-10 6.9927E-10 6.4834E-10 5.9943E-10 5.5215E-10 5.0803E-10 4.6248E-10 4.2159E-10 3.9236E-10 3.6883E-10 3.4703E-10 3.2381E-10 2.9671E-10 2.6808E-10 2.3862E-10 2.0992E-10 1.8645E-10 1.6700E-10 1.4999E-10
0.0000E+00 0.0000E+00 0.0000E+00 0.0000E+00 0.0000E+00 0.0000E+00 0.0000E+00 0.0000E+00 0.0000E+00 0.0000E+00 0.0000E+00 0.0000E+00 0.0000E+00 0.0000E+00 0.0000E+00 1.6226E-12 1.4787E-11 1.0291E-10 7.3748E-09 1.7280E-07 3.2851E-07 1.1143E-07 1.0227E-07 9.8408E-08 9.5646E-08 8.7943E-08 8.6810E-08 7.5005E-08 5.4973E-08 3.1032E-08 1.6639E-08 8.2324E-09 3.6500E-09 1.6384E-09 9.3046E-10 6.3484E-10 5.2901E-10 4.7733E-10 4.3630E-10 4.0630E-10 3.7584E-10 3.4946E-10 3.2969E-10 3.0011E-10 2.7529E-10 2.5250E-10 2.3289E-10 2.2121E-10 2.0619E-10 1.9120E-10 1.7578E-10 1.5578E-10 1.3867E-10 1.2363E-10 1.1122E-10 1.0006E-10 9.0148E-11
