Assets/Resources/2015_m01_d13_0100(utc+0800)_l00_csi_1hr_conc.grd
DSAA
         159         159
     -79.000      79.000
     -79.000      79.000
  0.0000E+00  0.2739E-05
[rows 50 to 74 of 159, columns 0 to 56 of 159]
1.7547E-09 1.8232E-09 1.8981E-09 1.9647E-09 2.0303E-09 2.0958E-09 2.1527E-09 2.2100E-09 2.2627E-09 2.3086E-09 2.3549E-09 2.3922E-09 2.4289E-09 2.4605E-09 2.4930E-09 2.5164E-09 2.5425E-09 2.5691E-09 2.5927E-09 2.6128E-09 2.6380E-09 2.6645E-09 2.6907E-09 2.7133E-09 2.7323E-09 2.7507E-09 2.7554E-09 2.7630E-09 2.7456E-09 2.7262E-09 2.6985E-09 2.6511E-09 2.5851E-09 2.5027E-09 2.4193E-09 2.2810E-09 2.1559E-09 2.0270E-09 1.8624E-09 1.7347E-09 1.5721E-09 1.4299E-09 1.2769E-09 1.1537E-09 1.0135E-09 8.8105E-10 7.6016E-10 6.4722E-10 5.5104E-10 4.4824E-10 3.3959E-10 2.4875E-10 1.9044E-10 1.4431E-10 9.9894E-11 6.4852E-11 2.5031E-11
1.9413E-09 2.0294E-09 2.1120E-09 2.1915E-09 2.2733E-09 2.3485E-09 2.4222E-09 2.4939E-09 2.5582E-09 2.6240E-09 2.6818E-09 2.7385E-09 2.7912E-09 2.8417E-09 2.8861E-09 2.9299E-09 2.9751E-09 3.0176E-09 3.0563E-09 3.0986E-09 3.1407E-09 3.1867E-09 3.2271E-09 3.2708E-09 3.3150E-09 3.3471E-09 3.3807E-09 3.3996E-09 3.4137E-09 3.4039E-09 3.3923E-09 3.3476E-09 3.2935E-09 3.2228E-09 3.1245E-09 3.0019E-09 2.8572E-09 2.7028E-09 2.5228E-09 2.3573E-09 2.1796E-09 1.9971E-09 1.8139E-09 1.6357E-09 1.4648E-09 1.2978E-09 1.1405E-09 1.0031E-09 8.7535E-10 7.4510E-10 6.0099E-10 4.5915E-10 3.5062E-10 2.7279E-10 2.0272E-10 1.4334E-10 8.3162E-11
2.1451E-09 2.2453E-09 2.3389E-09 2.4366E-09 2.5310E-09 2.6202E-09 2.7121E-09 2.7966E-09 2.8810E-09 2.9627E-09 3.0411E-09 3.1153E-09 3.1881E-09 3.2586E-09 3.3249E-09 3.3920E-09 3.4566E-09 3.5192E-09 3.5838E-09 3.6512E-09 3.7168E-09 3.7780E-09 3.8471E-09 3.9166E-09 3.9796E-09 4.0500E-09 4.0962E-09 4.1498E-09 4.1768E-09 4.1956E-09 4.1980E-09 4.1723E-09 4.1376E-09 4.0582E-09 3.9724E-09 3.8463E-09 3.7016E-09 3.5195E-09 3.3269E-09 3.1302E-09 2.9249E-09 2.7191E-09 2.5044E-09 2.2863E-09 2.0712E-09 1.8630E-09 1.6600E-09 1.4660E-09 1.2896E-09 1.1196E-09 9.5229E-10 7.6872E-10 5.8817E-10 4.5095E-10 3.4437E-10 2.5335E-10 1.7325E-10
2.3601E-09 2.4700E-09 2.5821E-09 2.6953E-09 2.8024E-09 2.9122E-09 3.0192E-09 3.1228E-09 3.2272E-09 3.3277E-09 3.4251E-09 3.5232E-09 3.6207E-09 3.7121E-09 3.8041E-09 3.8960E-09 3.9871E-09 4.0766E-09 4.1727E-09 4.2664E-09 4.3574E-09 4.4559E-09 4.5519E-09 4.6496E-09 4.7518E-09 4.8381E-09 4.9369E-09 5.0039E-09 5.0682E-09 5.1114E-09 5.1339E-09 5.1340E-09 5.1040E-09 5.0520E-09 4.9654E-09 4.8561E-09 4.7097E-09 4.5284E-09 4.3249E-09 4.1089E-09 3.8809E-09 3.6427E-09 3.3985E-09 3.1385E-09 2.8699E-09 2.6090E-09 2.3496E-09 2.0950E-09 1.8475E-09 1.6149E-09 1.3894E-09 1.1655E-09 9.2102E-10 7.0267E-10 5.3939E-10 4.0062E-10 2.8515E-10
2.5817E-09 2.7072E-09 2.8375E-09 2.9656E-09 3.0913E-09 3.2199E-09 3.3440E-09 3.4689E-09 3.5929E-09 3.7162E-09 3.8381E-09 3.9604E-09 4.0804E-09 4.1996E-09 4.3223E-09 4.4440E-09 4.5619E-09 4.6883E-09 4.8154E-09 4.9400E-09 5.0731E-09 5.2040E-09 5.3364E-09 5.4776E-09 5.6043E-09 5.7501E-09 5.8663E-09 5.9807E-09 6.0785E-09 6.1545E-09 6.2102E-09 6.2334E-09 6.2398E-09 6.2082E-09 6.1510E-09 6.0555E-09 5.9249E-09 5.7581E-09 5.5591E-09 5.3305E-09 5.0838E-09 4.8217E-09 4.5407E-09 4.2379E-09 3.9127E-09 3.5849E-09 3.2559E-09 2.9217E-09 2.5902E-09 2.2730E-09 1.9638E-09 1.6605E-09 1.3603E-09 1.0517E-09 7.9223E-10 5.9165E-10 4.2388E-10
2.8100E-09 2.9555E-09 3.1030E-09 3.2466E-09 3.3939E-09 3.5402E-09 3.6856E-09 3.8324E-09 3.9794E-09 4.1246E-09 4.2719E-09 4.4216E-09 4.5696E-09 4.7196E-09 4.8732E-09 5.0255E-09 5.1808E-09 5.3457E-09 5.5065E-09 5.6749E-09 5.8473E-09 6.0189E-09 6.2042E-09 6.3761E-09 6.5692E-09 6.7399E-09 6.9115E-09 7.0711E-09 7.2096E-09 7.3302E-09 7.4200E-09 7.4967E-09 7.5311E-09 7.5486E-09 7.5247E-09 7.4653E-09 7.3691E-09 7.2332E-09 7.0498E-09 6.8281E-09 6.5776E-09 6.2916E-09 5.9723E-09 5.6247E-09 5.2414E-09 4.8360E-09 4.4211E-09 3.9932E-09 3.5628E-09 3.1384E-09 2.7163E-09 2.3093E-09 1.9187E-09 1.5254E-09 1.1597E-09 8.6812E-10 6.2469E-10
3.0463E-09 3.2108E-09 3.3752E-09 3.5385E-09 3.7067E-09 3.8727E-09 4.0399E-09 4.2087E-09 4.3807E-09 4.5526E-09 4.7255E-09 4.9034E-09 5.0803E-09 5.2647E-09 5.4518E-09 5.6378E-09 5.8387E-09 6.0373E-09 6.2413E-09 6.4572E-09 6.6699E-09 6.9034E-09 7.1255E-09 7.3636E-09 7.5967E-09 7.8262E-09 8.0556E-09 8.2596E-09 8.4582E-09 8.6219E-09 8.7767E-09 8.8941E-09 8.9932E-09 9.0624E-09 9.0949E-09 9.0958E-09 9.0542E-09 8.9615E-09 8.8212E-09 8.6230E-09 8.3715E-09 8.0776E-09 7.7281E-09 7.3317E-09 6.8879E-09 6.3993E-09 5.8865E-09 5.3509E-09 4.8030E-09 4.2467E-09 3.6888E-09 3.1441E-09 2.6212E-09 2.1215E-09 1.6367E-09 1.2241E-09 8.9704E-10
3.2879E-09 3.4708E-09 3.6521E-09 3.8378E-09 4.0256E-09 4.2135E-09 4.4048E-09 4.5968E-09 4.7938E-09 4.9920E-09 5.1924E-09 5.4015E-09 5.6098E-09 5.8297E-09 6.0496E-09 6.2761E-09 6.5172E-09 6.7569E-09 7.0135E-09 7.2698E-09 7.5442E-09 7.8211E-09 8.1042E-09 8.4035E-09 8.6907E-09 8.9898E-09 9.2701E-09 9.5485E-09 9.7975E-09 1.0034E-08 1.0246E-08 1.0432E-08 1.0605E-08 1.0744E-08 1.0859E-08 1.0941E-08 1.0971E-08 1.0952E-08 1.0867E-08 1.0713E-08 1.0484E-08 1.0185E-08 9.8231E-09 9.3800E-09 8.8740E-09 8.3013E-09 7.6693E-09 7.0054E-09 6.3239E-09 5.6239E-09 4.9099E-09 4.2040E-09 3.5265E-09 2.8884E-09 2.2702E-09 1.7135E-09 1.2613E-09
3.5314E-09 3.7320E-09 3.9329E-09 4.1403E-09 4.3492E-09 4.5600E-09 4.7748E-09 4.9912E-09 5.2152E-09 5.4402E-09 5.6697E-09 5.9085E-09 6.1508E-09 6.4060E-09 6.6617E-09 6.9298E-09 7.2100E-09 7.4994E-09 7.7981E-09 8.1068E-09 8.4369E-09 8.7661E-09 9.1214E-09 9.4720E-09 9.8347E-09 1.0195E-08 1.0550E-08 1.0895E-08 1.1218E-08 1.1532E-08 1.1813E-08 1.2090E-08 1.2344E-08 1.2578E-08 1.2797E-08 1.2976E-08 1.3108E-08 1.3178E-08 1.3174E-08 1.3080E-08 1.2890E-08 1.2616E-08 1.2236E-08 1.1768E-08 1.1192E-08 1.0524E-08 9.7809E-09 8.9795E-09 8.1498E-09 7.2885E-09 6.4028E-09 5.5139E-09 4.6490E-09 3.8282E-09 3.0560E-09 2.3374E-09 1.7401E-09
3.7721E-09 3.9922E-09 4.2138E-09 4.4427E-09 4.6735E-09 4.9072E-09 5.1461E-09 5.3872E-09 5.6376E-09 5.8905E-09 6.1500E-09 6.4202E-09 6.6968E-09 6.9858E-09 7.2801E-09 7.5866E-09 7.9084E-09 8.2452E-09 8.5870E-09 8.9551E-09 9.3308E-09 9.7257E-09 1.0141E-08 1.0557E-08 1.0994E-08 1.1422E-08 1.1860E-08 1.2274E-08 1.2690E-08 1.3080E-08 1.3450E-08 1.3826E-08 1.4180E-08 1.4532E-08 1.4867E-08 1.5171E-08 1.5421E-08 1.5603E-08 1.5695E-08 1.5686E-08 1.5562E-08 1.5312E-08 1.4948E-08 1.4443E-08 1.3814E-08 1.3059E-08 1.2199E-08 1.1275E-08 1.0285E-08 9.2493E-09 8.1826E-09 7.0995E-09 6.0317E-09 5.0087E-09 4.0485E-09 3.1401E-09 2.3526E-09
4.0095E-09 4.2468E-09 4.4916E-09 4.7411E-09 4.9938E-09 5.2506E-09 5.5128E-09 5.7790E-09 6.0561E-09 6.3379E-09 6.6267E-09 6.9288E-09 7.2383E-09 7.5614E-09 7.8930E-09 8.2368E-09 8.6041E-09 8.9790E-09 9.3696E-09 9.7866E-09 1.0212E-08 1.0673E-08 1.1142E-08 1.1635E-08 1.2133E-08 1.2644E-08 1.3156E-08 1.3658E-08 1.4161E-08 1.4644E-08 1.5118E-08 1.5598E-08 1.6069E-08 1.6553E-08 1.7026E-08 1.7463E-08 1.7851E-08 1.8159E-08 1.8370E-08 1.8459E-08 1.8410E-08 1.8219E-08 1.7867E-08 1.7354E-08 1.6677E-08 1.5851E-08 1.4903E-08 1.3841E-08 1.2703E-08 1.1503E-08 1.0250E-08 8.9724E-09 7.7035E-09 6.4642E-09 5.2879E-09 4.1748E-09 3.1705E-09
4.2399E-09 4.4961E-09 4.7609E-09 5.0319E-09 5.3048E-09 5.5845E-09 5.8700E-09 6.1612E-09 6.4657E-09 6.7758E-09 7.0923E-09 7.4257E-09 7.7670E-09 8.1244E-09 8.4896E-09 8.8692E-09 9.2780E-09 9.6901E-09 1.0129E-08 1.0586E-08 1.1065E-08 1.1579E-08 1.2108E-08 1.2665E-08 1.3230E-08 1.3819E-08 1.4409E-08 1.4996E-08 1.5596E-08 1.6171E-08 1.6765E-08 1.7354E-08 1.7955E-08 1.8580E-08 1.9196E-08 1.9782E-08 2.0314E-08 2.0763E-08 2.1102E-08 2.1301E-08 2.1341E-08 2.1216E-08 2.0911E-08 2.0394E-08 1.9693E-08 1.8814E-08 1.7785E-08 1.6623E-08 1.5369E-08 1.4012E-08 1.2608E-08 1.1155E-08 9.6786E-09 8.2105E-09 6.7933E-09 5.4432E-09 4.1866E-09
4.4591E-09 4.7345E-09 5.0182E-09 5.3094E-09 5.6028E-09 5.9044E-09 6.2135E-09 6.5281E-09 6.8589E-09 7.1963E-09 7.5396E-09 7.9033E-09 8.2737E-09 8.6628E-09 9.0601E-09 9.4752E-09 9.9170E-09 1.0364E-08 1.0845E-08 1.1338E-08 1.1869E-08 1.2424E-08 1.3010E-08 1.3625E-08 1.4251E-08 1.4915E-08 1.5571E-08 1.6253E-08 1.6935E-08 1.7616E-08 1.8322E-08 1.9040E-08 1.9776E-08 2.0543E-08 2.1302E-08 2.2040E-08 2.2719E-08 2.3306E-08 2.3774E-08 2.4086E-08 2.4228E-08 2.4194E-08 2.3927E-08 2.3445E-08 2.2736E-08 2.1827E-08 2.0757E-08 1.9548E-08 1.8219E-08 1.6761E-08 1.5232E-08 1.3631E-08 1.1980E-08 1.0305E-08 8.6449E-09 7.0362E-09 5.4926E-09
4.6647E-09 4.9566E-09 5.2595E-09 5.5686E-09 5.8829E-09 6.2055E-09 6.5369E-09 6.8740E-09 7.2300E-09 7.5925E-09 7.9607E-09 8.3523E-09 8.7498E-09 9.1667E-09 9.5926E-09 1.0039E-08 1.0508E-08 1.0990E-08 1.1500E-08 1.2030E-08 1.2599E-08 1.3193E-08 1.3826E-08 1.4488E-08 1.5169E-08 1.5896E-08 1.6618E-08 1.7377E-08 1.8143E-08 1.8921E-08 1.9740E-08 2.0578E-08 2.1456E-08 2.2355E-08 2.3257E-08 2.4137E-08 2.4952E-08 2.5672E-08 2.6262E-08 2.6684E-08 2.6942E-08 2.6984E-08 2.6789E-08 2.6345E-08 2.5657E-08 2.4775E-08 2.3707E-08 2.2498E-08 2.1145E-08 1.9660E-08 1.8075E-08 1.6385E-08 1.4604E-08 1.2763E-08 1.0873E-08 8.9946E-09 7.1417E-09
4.8529E-09 5.1612E-09 5.4812E-09 5.8077E-09 6.1395E-09 6.4827E-09 6.8347E-09 7.1930E-09 7.5726E-09 7.9572E-09 8.3480E-09 8.7639E-09 9.1856E-09 9.6264E-09 1.0077E-08 1.0549E-08 1.1040E-08 1.1550E-08 1.2084E-08 1.2643E-08 1.3242E-08 1.3864E-08 1.4535E-08 1.5229E-08 1.5959E-08 1.6728E-08 1.7513E-08 1.8330E-08 1.9177E-08 2.0038E-08 2.0955E-08 2.1910E-08 2.2912E-08 2.3940E-08 2.4963E-08 2.5966E-08 2.6900E-08 2.7744E-08 2.8435E-08 2.8963E-08 2.9316E-08 2.9448E-08 2.9330E-08 2.8940E-08 2.8319E-08 2.7486E-08 2.6491E-08 2.5341E-08 2.4049E-08 2.2628E-08 2.1066E-08 1.9392E-08 1.7564E-08 1.5597E-08 1.3513E-08 1.1366E-08 9.1925E-09
5.0211E-09 5.3442E-09 5.6789E-09 6.0219E-09 6.3702E-09 6.7309E-09 7.1025E-09 7.4800E-09 7.8800E-09 8.2841E-09 8.6941E-09 9.1302E-09 9.5722E-09 1.0032E-08 1.0504E-08 1.0993E-08 1.1502E-08 1.2030E-08 1.2583E-08 1.3162E-08 1.3781E-08 1.4424E-08 1.5117E-08 1.5834E-08 1.6590E-08 1.7394E-08 1.8215E-08 1.9092E-08 1.9988E-08 2.0932E-08 2.1923E-08 2.2987E-08 2.4078E-08 2.5217E-08 2.6341E-08 2.7435E-08 2.8459E-08 2.9390E-08 3.0174E-08 3.0794E-08 3.1229E-08 3.1435E-08 3.1394E-08 3.1093E-08 3.0552E-08 2.9826E-08 2.8945E-08 2.7952E-08 2.6817E-08 2.5550E-08 2.4142E-08 2.2573E-08 2.0800E-08 1.8810E-08 1.6611E-08 1.4259E-08 1.1818E-08
5.1657E-09 5.5025E-09 5.8505E-09 6.2067E-09 6.5702E-09 6.9469E-09 7.3354E-09 7.7293E-09 8.1461E-09 8.5665E-09 8.9922E-09 9.4440E-09 9.9019E-09 1.0376E-08 1.0862E-08 1.1362E-08 1.1882E-08 1.2425E-08 1.2984E-08 1.3578E-08 1.4203E-08 1.4858E-08 1.5558E-08 1.6286E-08 1.7052E-08 1.7871E-08 1.8717E-08 1.9617E-08 2.0557E-08 2.1546E-08 2.2610E-08 2.3732E-08 2.4909E-08 2.6113E-08 2.7312E-08 2.8463E-08 2.9548E-08 3.0530E-08 3.1372E-08 3.2060E-08 3.2558E-08 3.2827E-08 3.2862E-08 3.2646E-08 3.2228E-08 3.1644E-08 3.0962E-08 3.0182E-08 2.9285E-08 2.8319E-08 2.7167E-08 2.5848E-08 2.4273E-08 2.2387E-08 2.0230E-08 1.7839E-08 1.5147E-08
5.2855E-09 5.6326E-09 5.9923E-09 6.3603E-09 6.7363E-09 7.1266E-09 7.5287E-09 7.9365E-09 8.3663E-09 8.7990E-09 9.2362E-09 9.6992E-09 1.0167E-08 1.0649E-08 1.1143E-08 1.1648E-08 1.2174E-08 1.2720E-08 1.3283E-08 1.3877E-08 1.4503E-08 1.5154E-08 1.5853E-08 1.6573E-08 1.7337E-08 1.8150E-08 1.8994E-08 1.9907E-08 2.0861E-08 2.1878E-08 2.2973E-08 2.4135E-08 2.5345E-08 2.6590E-08 2.7811E-08 2.8994E-08 3.0102E-08 3.1097E-08 3.1958E-08 3.2685E-08 3.3214E-08 3.3535E-08 3.3630E-08 3.3517E-08 3.3233E-08 3.2841E-08 3.2395E-08 3.1889E-08 3.1359E-08 3.0754E-08 3.0020E-08 2.9077E-08 2.7877E-08 2.6342E-08 2.4463E-08 2.2165E-08 1.9266E-08
5.3777E-09 5.7332E-09 6.1014E-09 6.4796E-09 6.8658E-09 7.2669E-09 7.6799E-09 8.0969E-09 8.5359E-09 8.9771E-09 9.4217E-09 9.8908E-09 1.0363E-08 1.0847E-08 1.1340E-08 1.1845E-08 1.2370E-08 1.2913E-08 1.3471E-08 1.4056E-08 1.4671E-08 1.5309E-08 1.5990E-08 1.6694E-08 1.7433E-08 1.8229E-08 1.9050E-08 1.9953E-08 2.0899E-08 2.1912E-08 2.3009E-08 2.4171E-08 2.5379E-08 2.6618E-08 2.7822E-08 2.8986E-08 3.0079E-08 3.1052E-08 3.1908E-08 3.2624E-08 3.3157E-08 3.3506E-08 3.3652E-08 3.3636E-08 3.3503E-08 3.3322E-08 3.3137E-08 3.2988E-08 3.2866E-08 3.2732E-08 3.2518E-08 3.2133E-08 3.1538E-08 3.0672E-08 2.9326E-08 2.7266E-08 2.4447E-08
5.4403E-09 5.8019E-09 6.1765E-09 6.5622E-09 6.9560E-09 7.3647E-09 7.7851E-09 8.2084E-09 8.6518E-09 9.0972E-09 9.5450E-09 1.0014E-08 1.0485E-08 1.0965E-08 1.1451E-08 1.1950E-08 1.2468E-08 1.3000E-08 1.3544E-08 1.4114E-08 1.4705E-08 1.5321E-08 1.5972E-08 1.6645E-08 1.7346E-08 1.8106E-08 1.8890E-08 1.9749E-08 2.0674E-08 2.1650E-08 2.2725E-08 2.3843E-08 2.5016E-08 2.6198E-08 2.7349E-08 2.8451E-08 2.9485E-08 3.0401E-08 3.1213E-08 3.1887E-08 3.2398E-08 3.2741E-08 3.2926E-08 3.2998E-08 3.3013E-08 3.3045E-08 3.3151E-08 3.3379E-08 3.3699E-08 3.4101E-08 3.4496E-08 3.4891E-08 3.5192E-08 3.5248E-08 3.4636E-08 3.3215E-08 3.0803E-08
5.4725E-09 5.8375E-09 6.2163E-09 6.6072E-09 7.0058E-09 7.4181E-09 7.8425E-09 8.2683E-09 8.7114E-09 9.1575E-09 9.6033E-09 1.0066E-08 1.0530E-08 1.1000E-08 1.1474E-08 1.1961E-08 1.2465E-08 1.2979E-08 1.3504E-08 1.4047E-08 1.4610E-08 1.5189E-08 1.5805E-08 1.6430E-08 1.7087E-08 1.7791E-08 1.8523E-08 1.9323E-08 2.0190E-08 2.1113E-08 2.2120E-08 2.3176E-08 2.4261E-08 2.5365E-08 2.6414E-08 2.7428E-08 2.8357E-08 2.9186E-08 2.9919E-08 3.0522E-08 3.0975E-08 3.1294E-08 3.1497E-08 3.1640E-08 3.1788E-08 3.2028E-08 3.2420E-08 3.3001E-08 3.3777E-08 3.4738E-08 3.5880E-08 3.7217E-08 3.8622E-08 3.9717E-08 4.0266E-08 3.9965E-08 3.8418E-08
5.4733E-09 5.8395E-09 6.2199E-09 6.6130E-09 7.0140E-09 7.4254E-09 7.8499E-09 8.2757E-09 8.7137E-09 9.1557E-09 9.5955E-09 1.0046E-08 1.0497E-08 1.0953E-08 1.1411E-08 1.1881E-08 1.2363E-08 1.2854E-08 1.3352E-08 1.3863E-08 1.4389E-08 1.4928E-08 1.5491E-08 1.6069E-08 1.6661E-08 1.7305E-08 1.7966E-08 1.8696E-08 1.9482E-08 2.0322E-08 2.1240E-08 2.2194E-08 2.3172E-08 2.4146E-08 2.5077E-08 2.5965E-08 2.6773E-08 2.7481E-08 2.8103E-08 2.8609E-08 2.8983E-08 2.9258E-08 2.9461E-08 2.9646E-08 2.9906E-08 3.0332E-08 3.0960E-08 3.1868E-08 3.3062E-08 3.4593E-08 3.6572E-08 3.8915E-08 4.1399E-08 4.3794E-08 4.5866E-08 4.7121E-08 4.7256E-08
5.4429E-09 5.8085E-09 6.1875E-09 6.5799E-09 6.9799E-09 7.3877E-09 7.8077E-09 8.2295E-09 8.6596E-09 9.0918E-09 9.5220E-09 9.9548E-09 1.0388E-08 1.0827E-08 1.1264E-08 1.1711E-08 1.2168E-08 1.2629E-08 1.3094E-08 1.3567E-08 1.4050E-08 1.4541E-08 1.5049E-08 1.5564E-08 1.6094E-08 1.6660E-08 1.7249E-08 1.7889E-08 1.8586E-08 1.9320E-08 2.0124E-08 2.0955E-08 2.1798E-08 2.2626E-08 2.3407E-08 2.4149E-08 2.4815E-08 2.5388E-08 2.5874E-08 2.6266E-08 2.6545E-08 2.6755E-08 2.6939E-08 2.7146E-08 2.7497E-08 2.8046E-08 2.8857E-08 3.0029E-08 3.1597E-08 3.3708E-08 3.6433E-08 3.9638E-08 4.3202E-08 4.7070E-08 5.0769E-08 5.4211E-08 5.6519E-08
5.3815E-09 5.7441E-09 6.1194E-09 6.5085E-09 6.9037E-09 7.3048E-09 7.7171E-09 8.1308E-09 8.5505E-09 8.9672E-09 9.3827E-09 9.7970E-09 1.0206E-08 1.0625E-08 1.1038E-08 1.1458E-08 1.1886E-08 1.2311E-08 1.2739E-08 1.3170E-08 1.3606E-08 1.4043E-08 1.4493E-08 1.4943E-08 1.5401E-08 1.5886E-08 1.6390E-08 1.6938E-08 1.7527E-08 1.8150E-08 1.8820E-08 1.9513E-08 2.0204E-08 2.0875E-08 2.1496E-08 2.2080E-08 2.2593E-08 2.3017E-08 2.3363E-08 2.3628E-08 2.3798E-08 2.3944E-08 2.4085E-08 2.4294E-08 2.4693E-08 2.5313E-08 2.6239E-08 2.7612E-08 2.9487E-08 3.2051E-08 3.5309E-08 3.9170E-08 4.3799E-08 4.8887E-08 5.4487E-08 6.0074E-08 6.5190E-08
5.2903E-09 5.6476E-09 6.0169E-09 6.3986E-09 6.7874E-09 7.1782E-09 7.5780E-09 7.9821E-09 8.3872E-09 8.7855E-09 9.1808E-09 9.5741E-09 9.9595E-09 1.0353E-08 1.0740E-08 1.1129E-08 1.1523E-08 1.1911E-08 1.2299E-08 1.2684E-08 1.3070E-08 1.3452E-08 1.3837E-08 1.4222E-08 1.4604E-08 1.5008E-08 1.5423E-08 1.5874E-08 1.6349E-08 1.6853E-08 1.7386E-08 1.7925E-08 1.8463E-08 1.8972E-08 1.9438E-08 1.9855E-08 2.0217E-08 2.0491E-08 2.0696E-08 2.0832E-08 2.0900E-08 2.0969E-08 2.1062E-08 2.1250E-08 2.1656E-08 2.2290E-08 2.3280E-08 2.4769E-08 2.6815E-08 2.9614E-08 3.3132E-08 3.7528E-08 4.2806E-08 4.9013E-08 5.6072E-08 6.3807E-08 7.1790E-08
