Assets/Resources/2015_m01_d20_1400(utc+0800)_l00_csi_1hr_conc.grd
DSAA
         159         159
     -79.000      79.000
     -79.000      79.000
  0.4568E-09  0.3706E-05
[rows 125 to 149 of 159, columns 57 to 113 of 159]
1.1033E-08 1.1564E-08 1.2090E-08 1.2667E-08 1.3114E-08 1.3606E-08 1.4081E-08 1.4535E-08 1.4966E-08 1.5375E-08 1.5762E-08 1.6126E-08 1.6465E-08 1.6778E-08 1.7067E-08 1.7332E-08 1.7570E-08 1.7782E-08 1.7968E-08 1.8128E-08 1.8264E-08 1.8370E-08 1.8454E-08 1.8513E-08 1.8551E-08 1.8567E-08 1.8562E-08 1.8535E-08 1.8488E-08 1.8419E-08 1.8331E-08 1.8223E-08 1.8096E-08 1.7949E-08 1.7787E-08 1.7611E-08 1.7423E-08 1.7225E-08 1.7017E-08 1.6803E-08 1.6581E-08 1.6356E-08 1.6129E-08 1.5896E-08 1.5664E-08 1.5429E-08 1.5195E-08 1.4959E-08 1.4724E-08 1.4489E-08 1.4254E-08 1.4019E-08 1.3782E-08 1.3545E-08 1.3306E-08 1.3067E-08 1.2826E-08
1.0319E-08 1.0809E-08 1.1303E-08 1.1790E-08 1.2267E-08 1.2732E-08 1.3180E-08 1.3614E-08 1.4033E-08 1.4425E-08 1.4799E-08 1.5151E-08 1.5481E-08 1.5789E-08 1.6075E-08 1.6339E-08 1.6581E-08 1.6796E-08 1.6987E-08 1.7153E-08 1.7297E-08 1.7416E-08 1.7512E-08 1.7585E-08 1.7639E-08 1.7672E-08 1.7684E-08 1.7675E-08 1.7647E-08 1.7598E-08 1.7531E-08 1.7444E-08 1.7338E-08 1.7213E-08 1.7073E-08 1.6917E-08 1.6750E-08 1.6572E-08 1.6383E-08 1.6188E-08 1.5985E-08 1.5778E-08 1.5568E-08 1.5353E-08 1.5136E-08 1.4918E-08 1.4697E-08 1.4476E-08 1.4253E-08 1.4031E-08 1.3808E-08 1.3584E-08 1.3359E-08 1.3133E-08 1.2905E-08 1.2676E-08 1.2445E-08
9.6135E-09 1.0078E-08 1.0540E-08 1.0995E-08 1.1445E-08 1.1881E-08 1.2308E-08 1.2720E-08 1.3116E-08 1.3494E-08 1.3854E-08 1.4194E-08 1.4516E-08 1.4818E-08 1.5097E-08 1.5358E-08 1.5599E-08 1.5817E-08 1.6012E-08 1.6185E-08 1.6335E-08 1.6466E-08 1.6572E-08 1.6659E-08 1.6726E-08 1.6773E-08 1.6801E-08 1.6810E-08 1.6800E-08 1.6770E-08 1.6722E-08 1.6655E-08 1.6569E-08 1.6465E-08 1.6345E-08 1.6210E-08 1.6063E-08 1.5904E-08 1.5736E-08 1.5559E-08 1.5375E-08 1.5186E-08 1.4993E-08 1.4796E-08 1.4595E-08 1.4393E-08 1.4188E-08 1.3980E-08 1.3772E-08 1.3562E-08 1.3352E-08 1.3140E-08 1.2926E-08 1.2711E-08 1.2494E-08 1.2275E-08 1.2055E-08
8.9445E-09 9.3749E-09 9.8042E-09 1.0231E-08 1.0651E-08 1.1063E-08 1.1465E-08 1.1855E-08 1.2231E-08 1.2594E-08 1.2936E-08 1.3263E-08 1.3574E-08 1.3867E-08 1.4142E-08 1.4400E-08 1.4638E-08 1.4860E-08 1.5054E-08 1.5231E-08 1.5389E-08 1.5526E-08 1.5643E-08 1.5742E-08 1.5820E-08 1.5881E-08 1.5924E-08 1.5947E-08 1.5953E-08 1.5941E-08 1.5910E-08 1.5862E-08 1.5795E-08 1.5711E-08 1.5611E-08 1.5496E-08 1.5368E-08 1.5229E-08 1.5080E-08 1.4922E-08 1.4756E-08 1.4586E-08 1.4410E-08 1.4230E-08 1.4046E-08 1.3860E-08 1.3669E-08 1.3476E-08 1.3281E-08 1.3085E-08 1.2887E-08 1.2687E-08 1.2486E-08 1.2282E-08 1.2075E-08 1.1867E-08 1.1658E-08
8.3103E-09 8.7102E-09 9.1093E-09 9.5060E-09 9.8983E-09 1.0287E-08 1.0662E-08 1.1028E-08 1.1384E-08 1.1727E-08 1.2056E-08 1.2370E-08 1.2669E-08 1.2955E-08 1.3223E-08 1.3472E-08 1.3704E-08 1.3922E-08 1.4122E-08 1.4302E-08 1.4462E-08 1.4607E-08 1.4732E-08 1.4840E-08 1.4929E-08 1.5002E-08 1.5056E-08 1.5095E-08 1.5114E-08 1.5117E-08 1.5102E-08 1.5072E-08 1.5023E-08 1.4957E-08 1.4876E-08 1.4780E-08 1.4671E-08 1.4550E-08 1.4419E-08 1.4280E-08 1.4132E-08 1.3980E-08 1.3822E-08 1.3658E-08 1.3491E-08 1.3320E-08 1.3145E-08 1.2967E-08 1.2786E-08 1.2603E-08 1.2417E-08 1.2229E-08 1.2040E-08 1.1847E-08 1.1652E-08 1.1455E-08 1.1255E-08
7.7084E-09 8.0786E-09 8.4469E-09 8.8138E-09 9.1787E-09 9.5382E-09 9.8916E-09 1.0237E-08 1.0572E-08 1.0898E-08 1.1213E-08 1.1511E-08 1.1797E-08 1.2071E-08 1.2329E-08 1.2573E-08 1.2803E-08 1.3017E-08 1.3215E-08 1.3399E-08 1.3564E-08 1.3713E-08 1.3845E-08 1.3961E-08 1.4059E-08 1.4142E-08 1.4207E-08 1.4257E-08 1.4288E-08 1.4305E-08 1.4306E-08 1.4291E-08 1.4258E-08 1.4209E-08 1.4145E-08 1.4067E-08 1.3976E-08 1.3873E-08 1.3760E-08 1.3638E-08 1.3509E-08 1.3374E-08 1.3232E-08 1.3085E-08 1.2934E-08 1.2779E-08 1.2619E-08 1.2454E-08 1.2287E-08 1.2117E-08 1.1944E-08 1.1769E-08 1.1590E-08 1.1409E-08 1.1225E-08 1.1039E-08 1.0850E-08
7.1413E-09 7.4807E-09 7.8217E-09 8.1629E-09 8.5015E-09 8.8367E-09 9.1691E-09 9.4910E-09 9.8058E-09 1.0113E-08 1.0410E-08 1.0696E-08 1.0970E-08 1.1231E-08 1.1480E-08 1.1715E-08 1.1940E-08 1.2153E-08 1.2349E-08 1.2532E-08 1.2700E-08 1.2852E-08 1.2988E-08 1.3110E-08 1.3216E-08 1.3306E-08 1.3380E-08 1.3439E-08 1.3483E-08 1.3512E-08 1.3525E-08 1.3523E-08 1.3505E-08 1.3471E-08 1.3423E-08 1.3362E-08 1.3287E-08 1.3201E-08 1.3105E-08 1.3000E-08 1.2888E-08 1.2770E-08 1.2645E-08 1.2514E-08 1.2379E-08 1.2238E-08 1.2092E-08 1.1942E-08 1.1789E-08 1.1631E-08 1.1471E-08 1.1307E-08 1.1140E-08 1.0970E-08 1.0798E-08 1.0622E-08 1.0443E-08
6.6141E-09 6.9263E-09 7.2421E-09 7.5558E-09 7.8687E-09 8.1795E-09 8.4871E-09 8.7890E-09 9.0855E-09 9.3742E-09 9.6544E-09 9.9254E-09 1.0185E-08 1.0433E-08 1.0674E-08 1.0906E-08 1.1124E-08 1.1329E-08 1.1524E-08 1.1704E-08 1.1871E-08 1.2025E-08 1.2166E-08 1.2291E-08 1.2402E-08 1.2498E-08 1.2580E-08 1.2647E-08 1.2701E-08 1.2739E-08 1.2764E-08 1.2773E-08 1.2768E-08 1.2749E-08 1.2715E-08 1.2669E-08 1.2609E-08 1.2539E-08 1.2459E-08 1.2371E-08 1.2275E-08 1.2172E-08 1.2063E-08 1.1948E-08 1.1827E-08 1.1701E-08 1.1569E-08 1.1433E-08 1.1293E-08 1.1148E-08 1.1000E-08 1.0848E-08 1.0692E-08 1.0533E-08 1.0371E-08 1.0206E-08 1.0037E-08
6.1220E-09 6.4081E-09 6.6968E-09 6.9862E-09 7.2760E-09 7.5638E-09 7.8495E-09 8.1317E-09 8.4087E-09 8.6800E-09 8.9423E-09 9.1976E-09 9.4472E-09 9.6878E-09 9.9195E-09 1.0139E-08 1.0350E-08 1.0549E-08 1.0738E-08 1.0916E-08 1.1083E-08 1.1238E-08 1.1380E-08 1.1507E-08 1.1621E-08 1.1722E-08 1.1811E-08 1.1885E-08 1.1946E-08 1.1993E-08 1.2027E-08 1.2046E-08 1.2052E-08 1.2045E-08 1.2024E-08 1.1991E-08 1.1946E-08 1.1891E-08 1.1826E-08 1.1753E-08 1.1672E-08 1.1585E-08 1.1490E-08 1.1389E-08 1.1283E-08 1.1170E-08 1.1052E-08 1.0929E-08 1.0801E-08 1.0669E-08 1.0532E-08 1.0391E-08 1.0246E-08 1.0099E-08 9.9468E-09 9.7916E-09 9.6333E-09
5.6706E-09 5.9320E-09 6.1963E-09 6.4630E-09 6.7300E-09 6.9970E-09 7.2610E-09 7.5228E-09 7.7799E-09 8.0326E-09 8.2825E-09 8.5254E-09 8.7621E-09 8.9897E-09 9.2083E-09 9.4177E-09 9.6188E-09 9.8143E-09 9.9997E-09 1.0174E-08 1.0338E-08 1.0489E-08 1.0630E-08 1.0760E-08 1.0878E-08 1.0983E-08 1.1075E-08 1.1155E-08 1.1221E-08 1.1275E-08 1.1316E-08 1.1344E-08 1.1360E-08 1.1363E-08 1.1354E-08 1.1332E-08 1.1300E-08 1.1259E-08 1.1209E-08 1.1150E-08 1.1083E-08 1.1009E-08 1.0928E-08 1.0841E-08 1.0747E-08 1.0648E-08 1.0543E-08 1.0432E-08 1.0316E-08 1.0196E-08 1.0070E-08 9.9401E-09 9.8067E-09 9.6689E-09 9.5272E-09 9.3821E-09 9.2338E-09
5.2520E-09 5.4919E-09 5.7330E-09 5.9770E-09 6.2233E-09 6.4684E-09 6.7126E-09 6.9559E-09 7.1973E-09 7.4356E-09 7.6681E-09 7.8975E-09 8.1197E-09 8.3332E-09 8.5418E-09 8.7448E-09 8.9405E-09 9.1273E-09 9.3050E-09 9.4740E-09 9.6311E-09 9.7817E-09 9.9224E-09 1.0053E-08 1.0172E-08 1.0280E-08 1.0374E-08 1.0458E-08 1.0529E-08 1.0588E-08 1.0634E-08 1.0670E-08 1.0693E-08 1.0705E-08 1.0706E-08 1.0695E-08 1.0676E-08 1.0647E-08 1.0609E-08 1.0563E-08 1.0509E-08 1.0448E-08 1.0381E-08 1.0305E-08 1.0224E-08 1.0137E-08 1.0043E-08 9.9445E-09 9.8401E-09 9.7303E-09 9.6154E-09 9.4968E-09 9.3733E-09 9.2453E-09 9.1135E-09 8.9783E-09 8.8395E-09
4.8691E-09 5.0895E-09 5.3108E-09 5.5335E-09 5.7587E-09 5.9856E-09 6.2119E-09 6.4379E-09 6.6621E-09 6.8833E-09 7.1015E-09 7.3132E-09 7.5230E-09 7.7285E-09 7.9274E-09 8.1208E-09 8.3053E-09 8.4826E-09 8.6514E-09 8.8153E-09 8.9718E-09 9.1191E-09 9.2572E-09 9.3865E-09 9.5041E-09 9.6131E-09 9.7104E-09 9.7963E-09 9.8699E-09 9.9326E-09 9.9842E-09 1.0025E-08 1.0055E-08 1.0074E-08 1.0083E-08 1.0083E-08 1.0074E-08 1.0056E-08 1.0030E-08 9.9958E-09 9.9538E-09 9.9047E-09 9.8479E-09 9.7844E-09 9.7143E-09 9.6381E-09 9.5561E-09 9.4678E-09 9.3737E-09 9.2744E-09 9.1704E-09 9.0618E-09 8.9477E-09 8.8294E-09 8.7073E-09 8.5812E-09 8.4513E-09
4.5193E-09 4.7204E-09 4.9241E-09 5.1289E-09 5.3354E-09 5.5435E-09 5.7522E-09 5.9609E-09 6.1681E-09 6.3730E-09 6.5766E-09 6.7786E-09 6.9751E-09 7.1686E-09 7.3562E-09 7.5353E-09 7.7103E-09 7.8819E-09 8.0469E-09 8.2053E-09 8.3557E-09 8.4986E-09 8.6337E-09 8.7592E-09 8.8766E-09 8.9846E-09 9.0816E-09 9.1691E-09 9.2454E-09 9.3107E-09 9.3657E-09 9.4102E-09 9.4451E-09 9.4709E-09 9.4886E-09 9.4973E-09 9.4975E-09 9.4894E-09 9.4733E-09 9.4495E-09 9.4181E-09 9.3789E-09 9.3326E-09 9.2794E-09 9.2200E-09 9.1542E-09 9.0817E-09 9.0032E-09 8.9190E-09 8.8301E-09 8.7359E-09 8.6362E-09 8.5315E-09 8.4228E-09 8.3096E-09 8.1922E-09 8.0711E-09
4.2013E-09 4.3838E-09 4.5701E-09 4.7586E-09 4.9480E-09 5.1382E-09 5.3289E-09 5.5213E-09 5.7141E-09 5.9058E-09 6.0966E-09 6.2843E-09 6.4689E-09 6.6482E-09 6.8234E-09 6.9972E-09 7.1655E-09 7.3281E-09 7.4861E-09 7.6366E-09 7.7817E-09 7.9196E-09 8.0498E-09 8.1728E-09 8.2882E-09 8.3935E-09 8.4904E-09 8.5770E-09 8.6532E-09 8.7207E-09 8.7789E-09 8.8262E-09 8.8662E-09 8.8984E-09 8.9224E-09 8.9385E-09 8.9470E-09 8.9473E-09 8.9403E-09 8.9255E-09 8.9029E-09 8.8731E-09 8.8357E-09 8.7924E-09 8.7421E-09 8.6849E-09 8.6213E-09 8.5521E-09 8.4777E-09 8.3978E-09 8.3124E-09 8.2213E-09 8.1263E-09 8.0261E-09 7.9213E-09 7.8124E-09 7.6998E-09
3.9104E-09 4.0779E-09 4.2472E-09 4.4201E-09 4.5941E-09 4.7695E-09 4.9463E-09 5.1235E-09 5.3009E-09 5.4789E-09 5.6550E-09 5.8286E-09 6.0015E-09 6.1720E-09 6.3395E-09 6.5029E-09 6.6616E-09 6.8161E-09 6.9656E-09 7.1093E-09 7.2485E-09 7.3802E-09 7.5065E-09 7.6257E-09 7.7374E-09 7.8405E-09 7.9350E-09 8.0198E-09 8.0958E-09 8.1628E-09 8.2215E-09 8.2725E-09 8.3193E-09 8.3560E-09 8.3855E-09 8.4084E-09 8.4235E-09 8.4312E-09 8.4313E-09 8.4242E-09 8.4096E-09 8.3874E-09 8.3592E-09 8.3239E-09 8.2809E-09 8.2317E-09 8.1767E-09 8.1163E-09 8.0502E-09 7.9783E-09 7.9009E-09 7.8190E-09 7.7322E-09 7.6398E-09 7.5434E-09 7.4427E-09 7.3378E-09
3.6431E-09 3.7978E-09 3.9542E-09 4.1121E-09 4.2732E-09 4.4347E-09 4.5974E-09 4.7604E-09 4.9235E-09 5.0862E-09 5.2509E-09 5.4153E-09 5.5767E-09 5.7371E-09 5.8940E-09 6.0472E-09 6.1973E-09 6.3432E-09 6.4844E-09 6.6217E-09 6.7539E-09 6.8800E-09 7.0015E-09 7.1166E-09 7.2233E-09 7.3230E-09 7.4146E-09 7.4966E-09 7.5720E-09 7.6385E-09 7.7002E-09 7.7550E-09 7.8012E-09 7.8443E-09 7.8789E-09 7.9069E-09 7.9273E-09 7.9406E-09 7.9477E-09 7.9463E-09 7.9385E-09 7.9242E-09 7.9025E-09 7.8732E-09 7.8374E-09 7.7961E-09 7.7490E-09 7.6958E-09 7.6369E-09 7.5725E-09 7.5036E-09 7.4295E-09 7.3498E-09 7.2654E-09 7.1769E-09 7.0833E-09 6.9857E-09
3.3972E-09 3.5389E-09 3.6832E-09 3.8291E-09 3.9764E-09 4.1255E-09 4.2744E-09 4.4248E-09 4.5766E-09 4.7287E-09 4.8810E-09 5.0326E-09 5.1840E-09 5.3340E-09 5.4802E-09 5.6250E-09 5.7664E-09 5.9035E-09 6.0377E-09 6.1682E-09 6.2935E-09 6.4146E-09 6.5315E-09 6.6403E-09 6.7429E-09 6.8384E-09 6.9248E-09 7.0067E-09 7.0806E-09 7.1501E-09 7.2117E-09 7.2673E-09 7.3180E-09 7.3621E-09 7.4023E-09 7.4329E-09 7.4583E-09 7.4768E-09 7.4878E-09 7.4930E-09 7.4912E-09 7.4819E-09 7.4650E-09 7.4417E-09 7.4135E-09 7.3787E-09 7.3377E-09 7.2908E-09 7.2388E-09 7.1821E-09 7.1202E-09 7.0528E-09 6.9803E-09 6.9038E-09 6.8217E-09 6.7353E-09 6.6448E-09
3.1728E-09 3.3036E-09 3.4367E-09 3.5713E-09 3.7077E-09 3.8463E-09 3.9859E-09 4.1249E-09 4.2652E-09 4.4059E-09 4.5472E-09 4.6881E-09 4.8282E-09 4.9671E-09 5.1043E-09 5.2402E-09 5.3726E-09 5.5020E-09 5.6287E-09 5.7523E-09 5.8708E-09 5.9875E-09 6.0961E-09 6.2002E-09 6.2955E-09 6.3856E-09 6.4712E-09 6.5493E-09 6.6246E-09 6.6918E-09 6.7552E-09 6.8128E-09 6.8659E-09 6.9116E-09 6.9515E-09 6.9880E-09 7.0162E-09 7.0387E-09 7.0547E-09 7.0635E-09 7.0652E-09 7.0594E-09 7.0482E-09 7.0316E-09 7.0083E-09 6.9784E-09 6.9430E-09 6.9027E-09 6.8572E-09 6.8066E-09 6.7505E-09 6.6900E-09 6.6247E-09 6.5542E-09 6.4787E-09 6.3992E-09 6.3148E-09
2.9649E-09 3.0877E-09 3.2094E-09 3.3347E-09 3.4614E-09 3.5892E-09 3.7194E-09 3.8498E-09 3.9798E-09 4.1099E-09 4.2408E-09 4.3718E-09 4.5022E-09 4.6319E-09 4.7598E-09 4.8862E-09 5.0099E-09 5.1336E-09 5.2522E-09 5.3691E-09 5.4821E-09 5.5884E-09 5.6898E-09 5.7836E-09 5.8776E-09 5.9641E-09 6.0470E-09 6.1252E-09 6.1971E-09 6.2676E-09 6.3323E-09 6.3897E-09 6.4420E-09 6.4884E-09 6.5314E-09 6.5692E-09 6.6022E-09 6.6267E-09 6.6446E-09 6.6551E-09 6.6600E-09 6.6599E-09 6.6534E-09 6.6404E-09 6.6207E-09 6.5961E-09 6.5668E-09 6.5317E-09 6.4912E-09 6.4459E-09 6.3962E-09 6.3417E-09 6.2819E-09 6.2174E-09 6.1485E-09 6.0745E-09 5.9962E-09
2.7740E-09 2.8889E-09 3.0008E-09 3.1139E-09 3.2313E-09 3.3511E-09 3.4712E-09 3.5933E-09 3.7163E-09 3.8382E-09 3.9605E-09 4.0824E-09 4.2040E-09 4.3249E-09 4.4427E-09 4.5611E-09 4.6755E-09 4.7899E-09 4.9017E-09 5.0082E-09 5.1110E-09 5.2067E-09 5.3039E-09 5.3977E-09 5.4872E-09 5.5742E-09 5.6539E-09 5.7333E-09 5.8069E-09 5.8727E-09 5.9379E-09 5.9932E-09 6.0461E-09 6.0968E-09 6.1406E-09 6.1798E-09 6.2108E-09 6.2365E-09 6.2558E-09 6.2706E-09 6.2791E-09 6.2815E-09 6.2775E-09 6.2671E-09 6.2529E-09 6.2333E-09 6.2078E-09 6.1767E-09 6.1413E-09 6.1016E-09 6.0567E-09 6.0070E-09 5.9529E-09 5.8943E-09 5.8305E-09 5.7620E-09 5.6897E-09
2.6054E-09 2.7052E-09 2.8114E-09 2.9151E-09 3.0213E-09 3.1313E-09 3.2431E-09 3.3551E-09 3.4688E-09 3.5832E-09 3.6962E-09 3.8071E-09 3.9201E-09 4.0325E-09 4.1458E-09 4.2552E-09 4.3626E-09 4.4663E-09 4.5654E-09 4.6671E-09 4.7633E-09 4.8604E-09 4.9524E-09 5.0400E-09 5.1296E-09 5.2153E-09 5.2954E-09 5.3704E-09 5.4422E-09 5.5069E-09 5.5681E-09 5.6293E-09 5.6837E-09 5.7323E-09 5.7749E-09 5.8092E-09 5.8423E-09 5.8701E-09 5.8911E-09 5.9086E-09 5.9183E-09 5.9215E-09 5.9208E-09 5.9154E-09 5.9044E-09 5.8872E-09 5.8652E-09 5.8393E-09 5.8082E-09 5.7722E-09 5.7316E-09 5.6871E-09 5.6381E-09 5.5836E-09 5.5251E-09 5.4621E-09 5.3946E-09
2.4481E-09 2.5378E-09 2.6356E-09 2.7312E-09 2.8286E-09 2.9285E-09 3.0312E-09 3.1345E-09 3.2398E-09 3.3441E-09 3.4483E-09 3.5528E-09 3.6546E-09 3.7606E-09 3.8625E-09 3.9666E-09 4.0664E-09 4.1617E-09 4.2593E-09 4.3531E-09 4.4485E-09 4.5401E-09 4.6275E-09 4.7196E-09 4.8024E-09 4.8869E-09 4.9638E-09 5.0349E-09 5.1046E-09 5.1714E-09 5.2355E-09 5.2924E-09 5.3430E-09 5.3857E-09 5.4277E-09 5.4676E-09 5.5000E-09 5.5263E-09 5.5486E-09 5.5632E-09 5.5745E-09 5.5839E-09 5.5857E-09 5.5818E-09 5.5722E-09 5.5590E-09 5.5414E-09 5.5182E-09 5.4900E-09 5.4581E-09 5.4223E-09 5.3816E-09 5.3360E-09 5.2865E-09 5.2327E-09 5.1738E-09 5.1111E-09
2.3048E-09 2.3929E-09 2.4781E-09 2.5705E-09 2.6576E-09 2.7480E-09 2.8408E-09 2.9358E-09 3.0339E-09 3.1294E-09 3.2262E-09 3.3237E-09 3.4208E-09 3.5167E-09 3.6089E-09 3.7049E-09 3.7982E-09 3.8932E-09 3.9867E-09 4.0782E-09 4.1657E-09 4.2564E-09 4.3405E-09 4.4243E-09 4.5078E-09 4.5827E-09 4.6587E-09 4.7304E-09 4.7971E-09 4.8624E-09 4.9188E-09 4.9713E-09 5.0219E-09 5.0679E-09 5.1110E-09 5.1466E-09 5.1753E-09 5.2012E-09 5.2241E-09 5.2417E-09 5.2560E-09 5.2633E-09 5.2669E-09 5.2654E-09 5.2597E-09 5.2491E-09 5.2328E-09 5.2123E-09 5.1887E-09 5.1600E-09 5.1269E-09 5.0892E-09 5.0482E-09 5.0026E-09 4.9519E-09 4.8978E-09 4.8393E-09
2.1743E-09 2.2555E-09 2.3359E-09 2.4157E-09 2.5020E-09 2.5814E-09 2.6655E-09 2.7522E-09 2.8400E-09 2.9312E-09 3.0202E-09 3.1112E-09 3.2051E-09 3.2950E-09 3.3862E-09 3.4727E-09 3.5629E-09 3.6532E-09 3.7411E-09 3.8273E-09 3.9131E-09 3.9965E-09 4.0770E-09 4.1560E-09 4.2324E-09 4.3082E-09 4.3804E-09 4.4498E-09 4.5112E-09 4.5690E-09 4.6273E-09 4.6797E-09 4.7274E-09 4.7717E-09 4.8071E-09 4.8401E-09 4.8738E-09 4.9009E-09 4.9243E-09 4.9403E-09 4.9513E-09 4.9622E-09 4.9669E-09 4.9668E-09 4.9635E-09 4.9537E-09 4.9411E-09 4.9242E-09 4.9020E-09 4.8756E-09 4.8457E-09 4.8116E-09 4.7732E-09 4.7303E-09 4.6840E-09 4.6335E-09 4.5795E-09
2.0549E-09 2.1273E-09 2.2060E-09 2.2763E-09 2.3539E-09 2.4314E-09 2.5074E-09 2.5868E-09 2.6683E-09 2.7480E-09 2.8330E-09 2.9202E-09 3.0079E-09 3.0959E-09 3.1823E-09 3.2677E-09 3.3545E-09 3.4372E-09 3.5187E-09 3.6023E-09 3.6817E-09 3.7605E-09 3.8372E-09 3.9116E-09 3.9863E-09 4.0550E-09 4.1214E-09 4.1840E-09 4.2446E-09 4.3029E-09 4.3563E-09 4.4047E-09 4.4483E-09 4.4888E-09 4.5271E-09 4.5635E-09 4.5927E-09 4.6170E-09 4.6366E-09 4.6551E-09 4.6707E-09 4.6793E-09 4.6830E-09 4.6847E-09 4.6821E-09 4.6751E-09 4.6657E-09 4.6492E-09 4.6298E-09 4.6065E-09 4.5785E-09 4.5461E-09 4.5103E-09 4.4711E-09 4.4277E-09 4.3817E-09 4.3314E-09
