Assets/Resources/2015_m01_d23_0400(utc+0800)_l00_csi_1hr_conc.grd
DSAA
         159         159
     -79.000      79.000
     -79.000      79.000
  0.0000E+00  0.1708E-04
[rows 75 to 99 of 159, columns 57 to 113 of 159]
0.0000E+00 0.0000E+00 0.0000E+00 0.0000E+00 0.0000E+00 0.0000E+00 0.0000E+00 0.0000E+00 0.0000E+00 0.0000E+00 0.0000E+00 2.1529E-12 2.7516E-11 5.3312E-11 9.1359E-11 1.3124E-10 1.8499E-10 2.3929E-10 3.0428E-10 3.9102E-10 4.8200E-10 6.0977E-10 7.3326E-10 8.6849E-10 1.0207E-09 1.1944E-09 1.3554E-09 1.5195E-09 1.6874E-09 1.8489E-09 2.0106E-09 2.1705E-09 2.3326E-09 2.4872E-09 2.6508E-09 2.8025E-09 2.9662E-09 3.1166E-09 3.3009E-09 3.5940E-09 4.9147E-09 7.9497E-09 1.4881E-08 4.1324E-08 1.9088E-07 5.4689E-07 7.6042E-07 8.7871E-07 9.3309E-07 9.4895E-07 9.5890E-07 9.5557E-07 9.3681E-07 9.0208E-07 8.5379E-07 7.9948E-07 7.3743E-07
0.0000E+00 0.0000E+00 0.0000E+00 0.0000E+00 0.0000E+00 0.0000E+00 0.0000E+00 0.0000E+00 0.0000E+00 0.0000E+00 0.0000E+00 0.0000E+00 6.2936E-12 3.3980E-11 6.2502E-11 9.9125E-11 1.4761E-10 1.9572E-10 2.5199E-10 3.3266E-10 4.1577E-10 5.1617E-10 6.3563E-10 7.6616E-10 8.9840E-10 1.0475E-09 1.2121E-09 1.3688E-09 1.5226E-09 1.6802E-09 1.8414E-09 1.9941E-09 2.1531E-09 2.3029E-09 2.4616E-09 2.6095E-09 2.7650E-09 2.9164E-09 3.0799E-09 3.9972E-08 1.3875E-07 2.4115E-07 4.0499E-07 6.9283E-07 1.3154E-06 1.4701E-06 1.3762E-06 1.2933E-06 1.2112E-06 1.1420E-06 1.0972E-06 1.0607E-06 1.0172E-06 9.6336E-07 8.9863E-07 8.3014E-07 7.5786E-07
0.0000E+00 0.0000E+00 0.0000E+00 0.0000E+00 0.0000E+00 0.0000E+00 0.0000E+00 0.0000E+00 0.0000E+00 0.0000E+00 0.0000E+00 0.0000E+00 0.0000E+00 1.1771E-11 4.0492E-11 7.4948E-11 1.0685E-10 1.5794E-10 2.1213E-10 2.7479E-10 3.5412E-10 4.3777E-10 5.4500E-10 6.6397E-10 7.8571E-10 9.2240E-10 1.0722E-09 1.2248E-09 1.3711E-09 1.5216E-09 1.6729E-09 1.8263E-09 1.3068E-07 6.2422E-07 1.3307E-06 2.1825E-06 3.0261E-06 3.9777E-06 4.6626E-06 4.9244E-06 4.8641E-06 4.6631E-06 4.6265E-06 4.6410E-06 3.6418E-06 2.2032E-06 1.6984E-06 1.4615E-06 1.3040E-06 1.1951E-06 1.1257E-06 1.0781E-06 1.0271E-06 9.6342E-07 8.9252E-07 8.1976E-07 7.4403E-07
0.0000E+00 0.0000E+00 0.0000E+00 0.0000E+00 0.0000E+00 0.0000E+00 0.0000E+00 0.0000E+00 0.0000E+00 0.0000E+00 0.0000E+00 0.0000E+00 0.0000E+00 0.0000E+00 1.7403E-11 4.8262E-11 8.1888E-11 1.1541E-10 1.7165E-10 2.2594E-10 2.9071E-10 3.7774E-10 4.6475E-10 5.7236E-10 6.8610E-10 8.0517E-10 9.3731E-10 1.2456E-06 6.7709E-06 1.3678E-05 1.7079E-05 1.7022E-05 1.5450E-05 1.2222E-05 9.2586E-06 7.0229E-06 5.4377E-06 4.3967E-06 3.4398E-06 2.6137E-06 2.0091E-06 1.5898E-06 1.3398E-06 1.2236E-06 1.3991E-06 1.4468E-06 1.3137E-06 1.2235E-06 1.1433E-06 1.0755E-06 1.0282E-06 9.9618E-07 9.5319E-07 8.9851E-07 8.3448E-07 7.6582E-07 6.9378E-07
0.0000E+00 0.0000E+00 0.0000E+00 0.0000E+00 0.0000E+00 0.0000E+00 0.0000E+00 0.0000E+00 0.0000E+00 0.0000E+00 0.0000E+00 0.0000E+00 0.0000E+00 0.0000E+00 0.0000E+00 2.5916E-11 5.0864E-11 8.4906E-11 1.3507E-10 1.8443E-10 2.3917E-10 3.1820E-10 3.9599E-10 5.6106E-06 2.3261E-08 7.1311E-10 8.3230E-10 9.5400E-10 1.1024E-09 1.2344E-09 1.3711E-09 1.5079E-09 1.6492E-09 1.7910E-09 1.9233E-09 2.0622E-09 2.1983E-09 2.3400E-09 2.4784E-09 2.6498E-09 3.4354E-09 5.6494E-09 1.1174E-08 2.5656E-08 6.8082E-08 4.1901E-07 6.4944E-07 7.6894E-07 8.2084E-07 8.3457E-07 8.3669E-07 8.3140E-07 8.1360E-07 7.7959E-07 7.3129E-07 6.7485E-07 6.1577E-07
0.0000E+00 0.0000E+00 0.0000E+00 0.0000E+00 0.0000E+00 0.0000E+00 0.0000E+00 0.0000E+00 0.0000E+00 0.0000E+00 0.0000E+00 0.0000E+00 0.0000E+00 0.0000E+00 0.0000E+00 2.9237E-12 2.7853E-11 5.6097E-11 9.0497E-11 1.5109E-10 1.9545E-10 2.6152E-10 3.3845E-10 4.1151E-10 5.0690E-10 6.0870E-10 7.1798E-10 8.3869E-10 9.7039E-10 1.1075E-09 1.2346E-09 1.3610E-09 1.4964E-09 1.6306E-09 1.7624E-09 1.8920E-09 2.0260E-09 2.1578E-09 2.2954E-09 2.4322E-09 3.0091E-09 4.6552E-09 8.5662E-09 1.6311E-08 3.3328E-08 9.0844E-08 2.3985E-07 3.8699E-07 4.9850E-07 5.6718E-07 6.1122E-07 6.3311E-07 6.4022E-07 6.2838E-07 6.0102E-07 5.6209E-07 5.1881E-07
0.0000E+00 0.0000E+00 0.0000E+00 0.0000E+00 0.0000E+00 0.0000E+00 0.0000E+00 0.0000E+00 0.0000E+00 0.0000E+00 0.0000E+00 0.0000E+00 0.0000E+00 0.0000E+00 0.0000E+00 0.0000E+00 6.8664E-12 3.4470E-11 6.3490E-11 1.0599E-10 1.6364E-10 2.0980E-10 2.7949E-10 3.5509E-10 4.2596E-10 5.2472E-10 6.2519E-10 7.2816E-10 8.4467E-10 9.7774E-10 1.1041E-09 1.2274E-09 1.3512E-09 1.4785E-09 1.6097E-09 1.7301E-09 1.8613E-09 1.9832E-09 2.1194E-09 2.2441E-09 2.5969E-09 3.8181E-09 6.5265E-09 1.1169E-08 1.9038E-08 3.4180E-08 7.9090E-08 1.6883E-07 2.6604E-07 3.4568E-07 4.0643E-07 4.4426E-07 4.6670E-07 4.7233E-07 4.6265E-07 4.4219E-07 4.1465E-07
0.0000E+00 0.0000E+00 0.0000E+00 0.0000E+00 0.0000E+00 0.0000E+00 0.0000E+00 0.0000E+00 0.0000E+00 0.0000E+00 0.0000E+00 0.0000E+00 0.0000E+00 0.0000E+00 0.0000E+00 0.0000E+00 8.5254E-13 1.1999E-11 3.8527E-11 6.7978E-11 1.2705E-10 1.7396E-10 2.2428E-10 2.9450E-10 3.6797E-10 4.4196E-10 5.3682E-10 6.3394E-10 7.3948E-10 8.4939E-10 9.8142E-10 1.0994E-09 1.2152E-09 1.3370E-09 1.4587E-09 1.5801E-09 1.6984E-09 1.8213E-09 1.9428E-09 2.0708E-09 2.2492E-09 3.0619E-09 5.0303E-09 8.6605E-09 1.4331E-08 2.3561E-08 3.8646E-08 7.9245E-08 1.3882E-07 1.9697E-07 2.5128E-07 2.9119E-07 3.1859E-07 3.3270E-07 3.3582E-07 3.2949E-07 3.1610E-07
0.0000E+00 0.0000E+00 0.0000E+00 0.0000E+00 0.0000E+00 0.0000E+00 0.0000E+00 0.0000E+00 0.0000E+00 0.0000E+00 0.0000E+00 0.0000E+00 0.0000E+00 0.0000E+00 0.0000E+00 0.0000E+00 0.0000E+00 5.3686E-12 1.6242E-11 4.2415E-11 8.1828E-11 1.3831E-10 1.8430E-10 2.4491E-10 3.0756E-10 3.7853E-10 4.5792E-10 5.4707E-10 6.4185E-10 7.4678E-10 8.5581E-10 9.8193E-10 1.0903E-09 1.2015E-09 1.3166E-09 1.4385E-09 1.5476E-09 1.6677E-09 1.7791E-09 1.9052E-09 2.0255E-09 2.4865E-09 3.8027E-09 6.4231E-09 1.0532E-08 1.6794E-08 2.6543E-08 4.0980E-08 6.6971E-08 1.0952E-07 1.4841E-07 1.8147E-07 2.0728E-07 2.2314E-07 2.3162E-07 2.3389E-07 2.3059E-07
0.0000E+00 0.0000E+00 0.0000E+00 0.0000E+00 0.0000E+00 0.0000E+00 0.0000E+00 0.0000E+00 0.0000E+00 0.0000E+00 0.0000E+00 0.0000E+00 0.0000E+00 0.0000E+00 0.0000E+00 0.0000E+00 0.0000E+00 0.0000E+00 8.2293E-12 1.9730E-11 4.8823E-11 1.0239E-10 1.4860E-10 1.9519E-10 2.4956E-10 3.1977E-10 3.8759E-10 4.7065E-10 5.5402E-10 6.4668E-10 7.4634E-10 8.5995E-10 9.7294E-10 1.0793E-09 1.1872E-09 1.2949E-09 1.4092E-09 1.5128E-09 1.6287E-09 1.7348E-09 1.8575E-09 2.0487E-09 2.8623E-09 4.6029E-09 7.6436E-09 1.1832E-08 1.7903E-08 2.6740E-08 3.8976E-08 5.8378E-08 8.3635E-08 1.0904E-07 1.2991E-07 1.4424E-07 1.5362E-07 1.5948E-07 1.6210E-07
0.0000E+00 0.0000E+00 0.0000E+00 0.0000E+00 0.0000E+00 0.0000E+00 0.0000E+00 0.0000E+00 0.0000E+00 0.0000E+00 0.0000E+00 0.0000E+00 0.0000E+00 0.0000E+00 0.0000E+00 0.0000E+00 0.0000E+00 0.0000E+00 2.4835E-12 1.2054E-11 2.5216E-11 5.8886E-11 1.1729E-10 1.5807E-10 2.0495E-10 2.6300E-10 3.2918E-10 3.9669E-10 4.7102E-10 5.5784E-10 6.4894E-10 7.4318E-10 8.5591E-10 9.6004E-10 1.0626E-09 1.1676E-09 1.2740E-09 1.3776E-09 1.4835E-09 1.5877E-09 1.6992E-09 1.8131E-09 2.1997E-09 3.3240E-09 5.2908E-09 8.3373E-09 1.2111E-08 1.7508E-08 2.4880E-08 3.4163E-08 4.7617E-08 6.4260E-08 7.9210E-08 9.0446E-08 9.8858E-08 1.0546E-07 1.1036E-07
0.0000E+00 0.0000E+00 0.0000E+00 0.0000E+00 0.0000E+00 0.0000E+00 0.0000E+00 0.0000E+00 0.0000E+00 0.0000E+00 0.0000E+00 0.0000E+00 0.0000E+00 0.0000E+00 0.0000E+00 0.0000E+00 0.0000E+00 0.0000E+00 0.0000E+00 5.0539E-12 1.6772E-11 3.0643E-11 8.4988E-11 1.2546E-10 1.6657E-10 2.1049E-10 2.7300E-10 3.3609E-10 4.0396E-10 4.7632E-10 5.5782E-10 6.5005E-10 7.3786E-10 8.4923E-10 9.4578E-10 1.0434E-09 1.1451E-09 1.2509E-09 1.3444E-09 1.4493E-09 1.5458E-09 1.6578E-09 1.8035E-09 2.4265E-09 3.6494E-09 5.6638E-09 8.5118E-09 1.1774E-08 1.6484E-08 2.2468E-08 2.8908E-08 3.6111E-08 4.7518E-08 5.5991E-08 6.2907E-08 6.8659E-08 7.4019E-08
0.0000E+00 0.0000E+00 0.0000E+00 0.0000E+00 0.0000E+00 0.0000E+00 0.0000E+00 0.0000E+00 0.0000E+00 0.0000E+00 0.0000E+00 0.0000E+00 0.0000E+00 0.0000E+00 0.0000E+00 0.0000E+00 0.0000E+00 0.0000E+00 0.0000E+00 0.0000E+00 7.6845E-12 1.9965E-11 4.7075E-11 1.0104E-10 1.3577E-10 1.7507E-10 2.2391E-10 2.8347E-10 3.4158E-10 4.0778E-10 4.8299E-10 5.5929E-10 6.4490E-10 7.3526E-10 8.3980E-10 9.2954E-10 1.0227E-09 1.1236E-09 1.2212E-09 1.3100E-09 1.4110E-09 1.5027E-09 1.6113E-09 1.8020E-09 2.5833E-09 3.8351E-09 5.7398E-09 8.0023E-09 1.0714E-08 1.4029E-08 1.8649E-08 2.3216E-08 2.7820E-08 3.4744E-08 3.9798E-08 4.3928E-08 4.8072E-08
0.0000E+00 0.0000E+00 0.0000E+00 0.0000E+00 0.0000E+00 0.0000E+00 0.0000E+00 0.0000E+00 0.0000E+00 0.0000E+00 0.0000E+00 0.0000E+00 0.0000E+00 0.0000E+00 0.0000E+00 0.0000E+00 0.0000E+00 0.0000E+00 0.0000E+00 0.0000E+00 2.3047E-12 1.2687E-11 2.3115E-11 7.0041E-11 1.1171E-10 1.4594E-10 1.8248E-10 2.3922E-10 2.9165E-10 3.4772E-10 4.1237E-10 4.8480E-10 5.6068E-10 6.3835E-10 7.2837E-10 8.2618E-10 9.1170E-10 1.0008E-09 1.0975E-09 1.1902E-09 1.2747E-09 1.3717E-09 1.4643E-09 1.5651E-09 1.8297E-09 2.6847E-09 3.8266E-09 5.5281E-09 7.2484E-09 9.5906E-09 1.2287E-08 1.5653E-08 1.8725E-08 2.1852E-08 2.5994E-08 2.9154E-08 3.2123E-08
0.0000E+00 0.0000E+00 0.0000E+00 0.0000E+00 0.0000E+00 0.0000E+00 0.0000E+00 0.0000E+00 0.0000E+00 0.0000E+00 0.0000E+00 0.0000E+00 0.0000E+00 0.0000E+00 0.0000E+00 0.0000E+00 0.0000E+00 0.0000E+00 0.0000E+00 0.0000E+00 0.0000E+00 4.6595E-12 1.5394E-11 3.5732E-11 8.4499E-11 1.1777E-10 1.5426E-10 1.9426E-10 2.4670E-10 2.9877E-10 3.5421E-10 4.1719E-10 4.8472E-10 5.5717E-10 6.3390E-10 7.2542E-10 8.0766E-10 8.9283E-10 9.8006E-10 1.0691E-09 1.1575E-09 1.2390E-09 1.3322E-09 1.4253E-09 1.5210E-09 1.8549E-09 2.6618E-09 3.7098E-09 5.0588E-09 6.6144E-09 8.1028E-09 9.9554E-09 1.2758E-08 1.4946E-08 1.7065E-08 1.9250E-08 2.1586E-08
0.0000E+00 0.0000E+00 0.0000E+00 0.0000E+00 0.0000E+00 0.0000E+00 0.0000E+00 0.0000E+00 0.0000E+00 0.0000E+00 0.0000E+00 0.0000E+00 0.0000E+00 0.0000E+00 0.0000E+00 0.0000E+00 0.0000E+00 0.0000E+00 0.0000E+00 0.0000E+00 0.0000E+00 0.0000E+00 7.0438E-12 1.8159E-11 5.3679E-11 9.7825E-11 1.2730E-10 1.5962E-10 2.0648E-10 2.5435E-10 3.0354E-10 3.5915E-10 4.1876E-10 4.8519E-10 5.5739E-10 6.2787E-10 7.1676E-10 7.9203E-10 8.7375E-10 9.5860E-10 1.0410E-09 1.1255E-09 1.2028E-09 1.2924E-09 1.3863E-09 1.4770E-09 1.8348E-09 2.5462E-09 3.4936E-09 4.5257E-09 5.6139E-09 6.9930E-09 8.5868E-09 1.0609E-08 1.2190E-08 1.3830E-08 1.5603E-08
0.0000E+00 0.0000E+00 0.0000E+00 0.0000E+00 0.0000E+00 0.0000E+00 0.0000E+00 0.0000E+00 0.0000E+00 0.0000E+00 0.0000E+00 0.0000E+00 0.0000E+00 0.0000E+00 0.0000E+00 0.0000E+00 0.0000E+00 0.0000E+00 0.0000E+00 0.0000E+00 0.0000E+00 0.0000E+00 2.1019E-12 1.0927E-11 2.4625E-11 6.8689E-11 1.0320E-10 1.3515E-10 1.6653E-10 2.1362E-10 2.6076E-10 3.0462E-10 3.6064E-10 4.2157E-10 4.8283E-10 5.5447E-10 6.2343E-10 7.0675E-10 7.7940E-10 8.5213E-10 9.3536E-10 1.0126E-09 1.0927E-09 1.1663E-09 1.2524E-09 1.3429E-09 1.4367E-09 1.7512E-09 2.3972E-09 3.1209E-09 4.1031E-09 4.9633E-09 5.8582E-09 6.9334E-09 8.5964E-09 9.8424E-09 1.1315E-08
0.0000E+00 0.0000E+00 0.0000E+00 0.0000E+00 0.0000E+00 0.0000E+00 0.0000E+00 0.0000E+00 0.0000E+00 0.0000E+00 0.0000E+00 0.0000E+00 0.0000E+00 0.0000E+00 0.0000E+00 0.0000E+00 0.0000E+00 0.0000E+00 0.0000E+00 0.0000E+00 0.0000E+00 0.0000E+00 0.0000E+00 4.2296E-12 1.3924E-11 3.9362E-11 8.2987E-11 1.1180E-10 1.3983E-10 1.7487E-10 2.1923E-10 2.6482E-10 3.1020E-10 3.6020E-10 4.2432E-10 4.7956E-10 5.4942E-10 6.1847E-10 6.9503E-10 7.6391E-10 8.3558E-10 9.0838E-10 9.8434E-10 1.0608E-09 1.1300E-09 1.2125E-09 1.2843E-09 1.4012E-09 1.6730E-09 2.2189E-09 2.8384E-09 3.5673E-09 4.2611E-09 5.0543E-09 6.1126E-09 7.5653E-09 8.7326E-09
0.0000E+00 0.0000E+00 0.0000E+00 0.0000E+00 0.0000E+00 0.0000E+00 0.0000E+00 0.0000E+00 0.0000E+00 0.0000E+00 0.0000E+00 0.0000E+00 0.0000E+00 0.0000E+00 0.0000E+00 0.0000E+00 0.0000E+00 0.0000E+00 0.0000E+00 0.0000E+00 0.0000E+00 0.0000E+00 0.0000E+00 0.0000E+00 6.3678E-12 1.7528E-11 5.2603E-11 8.9532E-11 1.1743E-10 1.4506E-10 1.8079E-10 2.2492E-10 2.6605E-10 3.1441E-10 3.6118E-10 4.1966E-10 4.7901E-10 5.3956E-10 6.1618E-10 6.8434E-10 7.4842E-10 8.1729E-10 8.8572E-10 9.5625E-10 1.0235E-09 1.0953E-09 1.1729E-09 1.2426E-09 1.3590E-09 1.5981E-09 2.0314E-09 2.5228E-09 3.1209E-09 3.7893E-09 4.3876E-09 5.1282E-09 6.4648E-09
0.0000E+00 0.0000E+00 0.0000E+00 0.0000E+00 0.0000E+00 0.0000E+00 0.0000E+00 0.0000E+00 0.0000E+00 0.0000E+00 0.0000E+00 0.0000E+00 0.0000E+00 0.0000E+00 0.0000E+00 0.0000E+00 0.0000E+00 0.0000E+00 0.0000E+00 0.0000E+00 0.0000E+00 0.0000E+00 0.0000E+00 0.0000E+00 0.0000E+00 8.5085E-12 2.6536E-11 6.6980E-11 9.5181E-11 1.2070E-10 1.4955E-10 1.8565E-10 2.3071E-10 2.6738E-10 3.1298E-10 3.6176E-10 4.1310E-10 4.7600E-10 5.3412E-10 6.0712E-10 6.6834E-10 7.3235E-10 7.9990E-10 8.6549E-10 9.2815E-10 9.9513E-10 1.0606E-09 1.1351E-09 1.2008E-09 1.3108E-09 1.5251E-09 1.8866E-09 2.2945E-09 2.8392E-09 3.2861E-09 3.7568E-09 4.5860E-09
0.0000E+00 0.0000E+00 0.0000E+00 0.0000E+00 0.0000E+00 0.0000E+00 0.0000E+00 0.0000E+00 0.0000E+00 0.0000E+00 0.0000E+00 0.0000E+00 0.0000E+00 0.0000E+00 0.0000E+00 0.0000E+00 0.0000E+00 0.0000E+00 0.0000E+00 0.0000E+00 0.0000E+00 0.0000E+00 0.0000E+00 0.0000E+00 0.0000E+00 3.7957E-12 1.1910E-11 3.9306E-11 7.5757E-11 1.0083E-10 1.2411E-10 1.5376E-10 1.9338E-10 2.3069E-10 2.6962E-10 3.1161E-10 3.6277E-10 4.1052E-10 4.6995E-10 5.2679E-10 5.9520E-10 6.5595E-10 7.1607E-10 7.7966E-10 8.4270E-10 9.0266E-10 9.6692E-10 1.0297E-09 1.0982E-09 1.1701E-09 1.2609E-09 1.4614E-09 1.7590E-09 2.0864E-09 2.5525E-09 2.9830E-09 3.5347E-09
0.0000E+00 0.0000E+00 0.0000E+00 0.0000E+00 0.0000E+00 0.0000E+00 0.0000E+00 0.0000E+00 0.0000E+00 0.0000E+00 0.0000E+00 0.0000E+00 0.0000E+00 0.0000E+00 0.0000E+00 0.0000E+00 0.0000E+00 0.0000E+00 0.0000E+00 0.0000E+00 0.0000E+00 0.0000E+00 0.0000E+00 0.0000E+00 0.0000E+00 0.0000E+00 5.6983E-12 1.7448E-11 5.2103E-11 8.0835E-11 1.0503E-10 1.2998E-10 1.5542E-10 1.9592E-10 2.3159E-10 2.6878E-10 3.0941E-10 3.5800E-10 4.0771E-10 4.6278E-10 5.2038E-10 5.8413E-10 6.4177E-10 7.0084E-10 7.5950E-10 8.1754E-10 8.7733E-10 9.3579E-10 1.0026E-09 1.0611E-09 1.1354E-09 1.2074E-09 1.4192E-09 1.6395E-09 1.9730E-09 2.3143E-09 2.7125E-09
0.0000E+00 0.0000E+00 0.0000E+00 0.0000E+00 0.0000E+00 0.0000E+00 0.0000E+00 0.0000E+00 0.0000E+00 0.0000E+00 0.0000E+00 0.0000E+00 0.0000E+00 0.0000E+00 0.0000E+00 0.0000E+00 0.0000E+00 0.0000E+00 0.0000E+00 0.0000E+00 0.0000E+00 0.0000E+00 0.0000E+00 0.0000E+00 0.0000E+00 0.0000E+00 0.0000E+00 7.0487E-12 2.6564E-11 6.0273E-11 8.6396E-11 1.0697E-10 1.3307E-10 1.6096E-10 1.9783E-10 2.3212E-10 2.6842E-10 3.0787E-10 3.5375E-10 3.9976E-10 4.5740E-10 5.1130E-10 5.7278E-10 6.2745E-10 6.8536E-10 7.4154E-10 7.9490E-10 8.5224E-10 9.0822E-10 9.6938E-10 1.0336E-09 1.0969E-09 1.1743E-09 1.3362E-09 1.5271E-09 1.8299E-09 2.0774E-09
0.0000E+00 0.0000E+00 0.0000E+00 0.0000E+00 0.0000E+00 0.0000E+00 0.0000E+00 0.0000E+00 0.0000E+00 0.0000E+00 0.0000E+00 0.0000E+00 0.0000E+00 0.0000E+00 0.0000E+00 0.0000E+00 0.0000E+00 0.0000E+00 0.0000E+00 0.0000E+00 0.0000E+00 0.0000E+00 0.0000E+00 0.0000E+00 0.0000E+00 0.0000E+00 0.0000E+00 1.7225E-12 1.0390E-11 3.6117E-11 6.6090E-11 8.9878E-11 1.1000E-10 1.3394E-10 1.6545E-10 1.9954E-10 2.3234E-10 2.6677E-10 3.0514E-10 3.5001E-10 3.9350E-10 4.4688E-10 5.0388E-10 5.6161E-10 6.1298E-10 6.6759E-10 7.1923E-10 7.7248E-10 8.2454E-10 8.8116E-10 9.3622E-10 1.0025E-09 1.0585E-09 1.1528E-09 1.2616E-09 1.4514E-09 1.6872E-09
0.0000E+00 0.0000E+00 0.0000E+00 0.0000E+00 0.0000E+00 0.0000E+00 0.0000E+00 0.0000E+00 0.0000E+00 0.0000E+00 0.0000E+00 0.0000E+00 0.0000E+00 0.0000E+00 0.0000E+00 0.0000E+00 0.0000E+00 0.0000E+00 0.0000E+00 0.0000E+00 0.0000E+00 0.0000E+00 0.0000E+00 0.0000E+00 0.0000E+00 0.0000E+00 0.0000E+00 0.0000E+00 3.4380E-12 1.5650E-11 4.4655E-11 7.3525E-11 9.2276E-11 1.1298E-10 1.3418E-10 1.6936E-10 1.9960E-10 2.2947E-10 2.6654E-10 3.0298E-10 3.4669E-10 3.9359E-10 4.3908E-10 4.9876E-10 5.4668E-10 5.9964E-10 6.4986E-10 6.9678E-10 7.5033E-10 8.0014E-10 8.5462E-10 9.0788E-10 9.6803E-10 1.0366E-09 1.1335E-09 1.2078E-09 1.3942E-09
