Assets/Resources/2015_m01_d17_1600(utc+0800)_l00_csi_1hr_conc.grd
DSAA
         159         159
     -79.000      79.000
     -79.000      79.000
  0.0000E+00  0.2774E-05
[rows 0 to 24 of 159, columns 57 to 113 of 159]
2.5420E-09 2.4916E-09 2.4383E-09 2.3708E-09 2.3114E-09 2.2408E-09 2.1638E-09 2.1012E-09 2.0283E-09 1.9504E-09 1.8727E-09 1.8057E-09 1.7283E-09 1.6514E-09 1.5823E-09 1.5060E-09 1.4315E-09 1.3616E-09 1.2878E-09 1.2180E-09 1.1444E-09 1.0741E-09 9.9983E-10 9.3160E-10 8.6460E-10 7.9964E-10 7.3619E-10 6.7697E-10 6.1680E-10 5.6227E-10 5.0777E-10 4.5845E-10 4.0930E-10 3.6568E-10 3.2248E-10 2.8236E-10 2.4794E-10 2.1411E-10 1.8330E-10 1.5418E-10 1.3058E-10 1.0861E-10 8.7898E-11 6.9097E-11 4.2832E-11 3.0529E-11 2.1961E-11 1.4806E-11 8.6335E-12 1.8171E-12 0.0000E+00 0.0000E+00 0.0000E+00 0.0000E+00 0.0000E+00 0.0000E+00 0.0000E+00
2.6267E-09 2.5734E-09 2.5170E-09 2.4577E-09 2.3852E-09 2.3195E-09 2.2437E-09 2.1620E-09 2.0937E-09 2.0159E-09 1.9338E-09 1.8519E-09 1.7797E-09 1.6986E-09 1.6180E-09 1.5445E-09 1.4603E-09 1.3871E-09 1.3136E-09 1.2371E-09 1.1630E-09 1.0871E-09 1.0098E-09 9.3882E-10 8.7148E-10 8.0237E-10 7.3897E-10 6.7250E-10 6.1420E-10 5.5823E-10 5.0259E-10 4.5224E-10 4.0236E-10 3.5811E-10 3.1458E-10 2.7431E-10 2.3728E-10 2.0438E-10 1.7555E-10 1.4690E-10 1.2116E-10 9.9600E-11 8.1732E-11 6.0096E-11 3.6326E-11 2.6776E-11 1.7957E-11 1.0556E-11 4.4026E-12 0.0000E+00 0.0000E+00 0.0000E+00 0.0000E+00 0.0000E+00 0.0000E+00 0.0000E+00 0.0000E+00
2.7136E-09 2.6571E-09 2.5974E-09 2.5347E-09 2.4691E-09 2.3911E-09 2.3191E-09 2.2380E-09 2.1514E-09 2.0773E-09 1.9947E-09 1.9082E-09 1.8221E-09 1.7450E-09 1.6530E-09 1.5759E-09 1.4982E-09 1.4116E-09 1.3347E-09 1.2580E-09 1.1776E-09 1.1007E-09 1.0210E-09 9.4454E-10 8.7477E-10 8.0358E-10 7.3815E-10 6.7008E-10 6.1018E-10 5.5030E-10 4.9613E-10 4.4395E-10 3.9433E-10 3.4700E-10 3.0490E-10 2.6547E-10 2.2857E-10 1.9505E-10 1.6345E-10 1.3790E-10 1.1419E-10 9.1942E-11 7.3335E-11 4.4175E-11 3.0751E-11 2.2392E-11 1.4176E-11 7.3275E-12 9.5827E-13 0.0000E+00 0.0000E+00 0.0000E+00 0.0000E+00 0.0000E+00 0.0000E+00 0.0000E+00 0.0000E+00
2.8026E-09 2.7428E-09 2.6796E-09 2.6132E-09 2.5438E-09 2.4716E-09 2.3878E-09 2.3094E-09 2.2228E-09 2.1313E-09 2.0514E-09 1.9639E-09 1.8731E-09 1.7830E-09 1.6943E-09 1.6064E-09 1.5249E-09 1.4388E-09 1.3545E-09 1.2744E-09 1.1907E-09 1.1106E-09 1.0278E-09 9.5082E-10 8.7273E-10 8.0314E-10 7.3386E-10 6.6611E-10 6.0465E-10 5.4358E-10 4.8833E-10 4.3365E-10 3.8517E-10 3.3754E-10 2.9355E-10 2.5411E-10 2.1832E-10 1.8608E-10 1.5508E-10 1.2733E-10 1.0563E-10 8.5081E-11 6.2143E-11 3.6652E-11 2.6735E-11 1.6765E-11 1.0620E-11 3.5372E-12 0.0000E+00 0.0000E+00 0.0000E+00 0.0000E+00 0.0000E+00 0.0000E+00 0.0000E+00 0.0000E+00 0.0000E+00
2.8937E-09 2.8302E-09 2.7632E-09 2.6930E-09 2.6196E-09 2.5432E-09 2.4642E-09 2.3745E-09 2.2895E-09 2.1975E-09 2.1011E-09 2.0153E-09 1.9230E-09 1.8201E-09 1.7340E-09 1.6417E-09 1.5504E-09 1.4649E-09 1.3761E-09 1.2892E-09 1.2045E-09 1.1169E-09 1.0328E-09 9.5298E-10 8.7271E-10 8.0093E-10 7.2619E-10 6.6047E-10 5.9477E-10 5.3538E-10 4.7915E-10 4.2387E-10 3.7397E-10 3.2709E-10 2.8314E-10 2.4301E-10 2.0663E-10 1.7391E-10 1.4635E-10 1.1945E-10 9.5708E-11 7.5901E-11 4.4395E-11 3.1280E-11 2.2100E-11 1.3701E-11 6.4202E-12 9.5561E-13 0.0000E+00 0.0000E+00 0.0000E+00 0.0000E+00 0.0000E+00 0.0000E+00 0.0000E+00 0.0000E+00 0.0000E+00
3.0305E-09 2.9193E-09 2.8483E-09 2.7739E-09 2.6962E-09 2.6155E-09 2.5320E-09 2.4459E-09 2.3502E-09 2.2587E-09 2.1611E-09 2.0600E-09 1.9633E-09 1.8715E-09 1.7659E-09 1.6750E-09 1.5793E-09 1.4850E-09 1.3960E-09 1.3022E-09 1.2139E-09 1.1232E-09 1.0358E-09 9.5315E-10 8.7074E-10 7.9681E-10 7.2044E-10 6.5308E-10 5.8615E-10 5.2564E-10 4.6580E-10 4.1280E-10 3.6082E-10 3.1289E-10 2.7096E-10 2.3213E-10 1.9628E-10 1.6289E-10 1.3463E-10 1.1000E-10 8.8750E-11 6.2516E-11 3.7863E-11 2.6116E-11 1.6818E-11 9.1179E-12 2.9636E-12 0.0000E+00 0.0000E+00 0.0000E+00 0.0000E+00 0.0000E+00 0.0000E+00 0.0000E+00 0.0000E+00 0.0000E+00 0.0000E+00
3.1270E-09 3.0513E-09 2.9346E-09 2.8557E-09 2.7735E-09 2.6881E-09 2.5998E-09 2.5090E-09 2.4158E-09 2.3141E-09 2.2161E-09 2.1132E-09 2.0075E-09 1.9060E-09 1.8029E-09 1.7010E-09 1.6058E-09 1.5031E-09 1.4103E-09 1.3157E-09 1.2213E-09 1.1273E-09 1.0367E-09 9.4531E-10 8.6668E-10 7.8473E-10 7.1276E-10 6.4386E-10 5.7582E-10 5.1432E-10 4.5392E-10 4.0046E-10 3.4842E-10 3.0065E-10 2.5713E-10 2.1780E-10 1.8260E-10 1.5307E-10 1.2435E-10 9.9193E-11 8.0423E-11 4.6435E-11 3.2801E-11 2.1847E-11 1.2711E-11 3.9129E-12 0.0000E+00 0.0000E+00 0.0000E+00 0.0000E+00 0.0000E+00 0.0000E+00 0.0000E+00 0.0000E+00 0.0000E+00 0.0000E+00 0.0000E+00
3.2250E-09 3.1446E-09 3.0605E-09 2.9382E-09 2.8511E-09 2.7608E-09 2.6675E-09 2.5716E-09 2.4734E-09 2.3732E-09 2.2656E-09 2.1555E-09 2.0533E-09 1.9432E-09 1.8374E-09 1.7306E-09 1.6256E-09 1.5230E-09 1.4192E-09 1.3242E-09 1.2222E-09 1.1291E-09 1.0352E-09 9.4131E-10 8.6037E-10 7.7673E-10 7.0304E-10 6.2984E-10 5.6372E-10 5.0042E-10 4.4061E-10 3.8402E-10 3.3397E-10 2.8749E-10 2.4456E-10 2.0602E-10 1.7027E-10 1.4017E-10 1.1404E-10 9.1594E-11 6.4696E-11 3.9607E-11 2.7100E-11 1.7301E-11 8.6255E-12 1.0499E-12 0.0000E+00 0.0000E+00 0.0000E+00 0.0000E+00 0.0000E+00 0.0000E+00 0.0000E+00 0.0000E+00 0.0000E+00 0.0000E+00 0.0000E+00
3.3713E-09 3.2391E-09 3.1498E-09 3.0568E-09 2.9289E-09 2.8333E-09 2.7347E-09 2.6335E-09 2.5299E-09 2.4244E-09 2.3173E-09 2.2041E-09 2.0888E-09 1.9739E-09 1.8670E-09 1.7573E-09 1.6429E-09 1.5398E-09 1.4289E-09 1.3302E-09 1.2248E-09 1.1284E-09 1.0290E-09 9.3484E-10 8.5170E-10 7.6649E-10 6.9121E-10 6.1691E-10 5.4983E-10 4.8402E-10 4.2586E-10 3.6935E-10 3.1763E-10 2.7070E-10 2.2952E-10 1.9237E-10 1.5935E-10 1.2892E-10 1.0229E-10 8.2616E-11 4.7889E-11 3.3393E-11 2.3660E-11 1.2819E-11 3.8097E-12 0.0000E+00 0.0000E+00 0.0000E+00 0.0000E+00 0.0000E+00 0.0000E+00 0.0000E+00 0.0000E+00 0.0000E+00 0.0000E+00 0.0000E+00 0.0000E+00
3.4772E-09 3.3781E-09 3.2395E-09 3.1409E-09 3.0389E-09 2.9053E-09 2.8011E-09 2.6943E-09 2.5851E-09 2.4740E-09 2.3613E-09 2.2428E-09 2.1292E-09 2.0092E-09 1.8904E-09 1.7761E-09 1.6619E-09 1.5469E-09 1.4358E-09 1.3265E-09 1.2246E-09 1.1248E-09 1.0182E-09 9.2577E-10 8.3435E-10 7.5391E-10 6.7512E-10 6.0198E-10 5.3413E-10 4.6805E-10 4.0771E-10 3.5256E-10 3.0249E-10 2.5638E-10 2.1521E-10 1.7716E-10 1.4522E-10 1.1766E-10 9.4061E-11 6.6092E-11 3.8851E-11 2.8545E-11 1.8211E-11 8.2901E-12 5.6340E-13 0.0000E+00 0.0000E+00 0.0000E+00 0.0000E+00 0.0000E+00 0.0000E+00 0.0000E+00 0.0000E+00 0.0000E+00 0.0000E+00 0.0000E+00 0.0000E+00
3.5813E-09 3.4790E-09 3.3694E-09 3.2248E-09 3.1167E-09 3.0055E-09 2.8663E-09 2.7535E-09 2.6384E-09 2.5215E-09 2.4031E-09 2.2838E-09 2.1599E-09 2.0386E-09 1.9167E-09 1.7947E-09 1.6773E-09 1.5476E-09 1.4396E-09 1.3270E-09 1.2214E-09 1.1183E-09 1.0089E-09 9.1394E-10 8.2095E-10 7.3891E-10 6.5798E-10 5.8503E-10 5.1355E-10 4.5055E-10 3.8952E-10 3.3388E-10 2.8464E-10 2.3959E-10 2.0008E-10 1.6500E-10 1.3291E-10 1.0499E-10 8.2707E-11 4.6361E-11 3.3896E-11 2.2108E-11 1.3421E-11 5.8501E-12 0.0000E+00 0.0000E+00 0.0000E+00 0.0000E+00 0.0000E+00 0.0000E+00 0.0000E+00 0.0000E+00 0.0000E+00 0.0000E+00 0.0000E+00 0.0000E+00 0.0000E+00
3.7349E-09 3.5771E-09 3.4644E-09 3.3446E-09 3.1936E-09 3.0759E-09 2.9555E-09 2.8108E-09 2.6895E-09 2.5665E-09 2.4422E-09 2.3170E-09 2.1916E-09 2.0631E-09 1.9337E-09 1.8117E-09 1.6777E-09 1.5520E-09 1.4400E-09 1.3241E-09 1.2150E-09 1.1019E-09 9.9660E-10 8.9475E-10 8.0486E-10 7.2142E-10 6.3968E-10 5.6607E-10 4.9462E-10 4.3068E-10 3.7132E-10 3.1665E-10 2.6744E-10 2.2356E-10 1.8329E-10 1.4964E-10 1.2066E-10 9.6057E-11 6.4878E-11 3.9468E-11 2.8197E-11 1.8597E-11 1.1239E-11 5.2022E-12 0.0000E+00 0.0000E+00 0.0000E+00 0.0000E+00 0.0000E+00 0.0000E+00 0.0000E+00 0.0000E+00 0.0000E+00 0.0000E+00 0.0000E+00 0.0000E+00 0.0000E+00
3.8471E-09 3.7200E-09 3.5552E-09 3.4318E-09 3.3018E-09 3.1445E-09 3.0173E-09 2.8766E-09 2.7380E-09 2.6086E-09 2.4781E-09 2.3470E-09 2.2157E-09 2.0818E-09 1.9525E-09 1.8176E-09 1.6707E-09 1.5528E-09 1.4297E-09 1.3177E-09 1.2050E-09 1.0893E-09 9.8113E-10 8.7517E-10 7.8604E-10 6.9819E-10 6.1922E-10 5.4317E-10 4.7417E-10 4.0867E-10 3.4911E-10 2.9659E-10 2.4867E-10 2.0684E-10 1.6987E-10 1.3618E-10 1.0708E-10 8.4073E-11 4.6058E-11 3.3312E-11 2.3359E-11 1.5753E-11 9.9189E-12 5.1033E-12 0.0000E+00 0.0000E+00 0.0000E+00 0.0000E+00 0.0000E+00 0.0000E+00 0.0000E+00 0.0000E+00 0.0000E+00 0.0000E+00 0.0000E+00 0.0000E+00 0.0000E+00
3.9558E-09 3.8234E-09 3.6860E-09 3.5139E-09 3.3798E-09 3.2397E-09 3.0764E-09 2.9400E-09 2.7831E-09 2.6472E-09 2.5103E-09 2.3730E-09 2.2359E-09 2.0995E-09 1.9619E-09 1.8241E-09 1.6719E-09 1.5497E-09 1.4230E-09 1.3075E-09 1.1915E-09 1.0733E-09 9.6238E-10 8.5487E-10 7.6446E-10 6.7609E-10 5.9676E-10 5.1984E-10 4.5246E-10 3.8790E-10 3.2948E-10 2.7726E-10 2.3088E-10 1.8837E-10 1.5317E-10 1.2301E-10 9.7583E-11 6.0214E-11 3.9522E-11 3.0277E-11 2.1376E-11 1.4330E-11 9.7004E-12 4.9922E-12 0.0000E+00 0.0000E+00 0.0000E+00 0.0000E+00 0.0000E+00 0.0000E+00 0.0000E+00 0.0000E+00 0.0000E+00 0.0000E+00 0.0000E+00 0.0000E+00 0.0000E+00
4.0636E-09 3.9244E-09 3.7797E-09 3.6311E-09 3.4519E-09 3.3073E-09 3.1466E-09 2.9886E-09 2.8435E-09 2.6818E-09 2.5384E-09 2.3948E-09 2.2517E-09 2.1096E-09 1.9668E-09 1.8124E-09 1.6686E-09 1.5396E-09 1.4122E-09 1.2933E-09 1.1670E-09 1.0536E-09 9.3327E-10 8.3162E-10 7.3804E-10 6.5176E-10 5.7135E-10 4.9624E-10 4.2621E-10 3.6399E-10 3.0705E-10 2.5638E-10 2.1237E-10 1.7365E-10 1.3868E-10 1.0872E-10 7.8225E-11 4.6449E-11 3.4109E-11 2.6433E-11 2.0815E-11 1.3969E-11 8.4508E-12 4.8697E-12 0.0000E+00 0.0000E+00 0.0000E+00 0.0000E+00 0.0000E+00 0.0000E+00 0.0000E+00 0.0000E+00 0.0000E+00 0.0000E+00 0.0000E+00 0.0000E+00 0.0000E+00
4.1749E-09 4.0214E-09 3.8701E-09 3.7135E-09 3.5537E-09 3.3680E-09 3.2098E-09 3.0331E-09 2.8806E-09 2.7275E-09 2.5617E-09 2.4117E-09 2.2625E-09 2.1120E-09 1.9613E-09 1.7963E-09 1.6630E-09 1.5227E-09 1.3970E-09 1.2749E-09 1.1462E-09 1.0303E-09 9.0847E-10 8.0554E-10 7.1050E-10 6.2545E-10 5.4317E-10 4.7118E-10 4.0250E-10 3.4062E-10 2.8537E-10 2.3666E-10 1.9227E-10 1.5577E-10 1.2496E-10 9.7398E-11 6.0963E-11 4.1870E-11 3.1740E-11 2.4630E-11 1.9171E-11 1.1926E-11 6.6594E-12 2.1209E-12 0.0000E+00 0.0000E+00 0.0000E+00 0.0000E+00 0.0000E+00 0.0000E+00 0.0000E+00 0.0000E+00 0.0000E+00 0.0000E+00 0.0000E+00 0.0000E+00 0.0000E+00
4.2847E-09 4.1207E-09 3.9552E-09 3.7916E-09 3.6235E-09 3.4531E-09 3.2615E-09 3.0942E-09 2.9127E-09 2.7523E-09 2.5797E-09 2.4232E-09 2.2679E-09 2.1119E-09 1.9563E-09 1.7881E-09 1.6502E-09 1.5064E-09 1.3772E-09 1.2471E-09 1.1214E-09 9.9860E-10 8.8051E-10 7.7558E-10 6.8193E-10 5.9589E-10 5.1588E-10 4.4270E-10 3.7552E-10 3.1551E-10 2.6233E-10 2.1647E-10 1.7461E-10 1.4083E-10 1.1071E-10 7.9417E-11 4.8104E-11 3.9238E-11 3.0829E-11 2.2893E-11 1.8618E-11 1.1575E-11 5.3769E-12 0.0000E+00 0.0000E+00 0.0000E+00 0.0000E+00 0.0000E+00 0.0000E+00 0.0000E+00 0.0000E+00 0.0000E+00 0.0000E+00 0.0000E+00 0.0000E+00 0.0000E+00 0.0000E+00
4.3880E-09 4.2185E-09 4.0411E-09 3.8632E-09 3.6852E-09 3.5051E-09 3.3151E-09 3.1321E-09 2.9567E-09 2.7713E-09 2.6004E-09 2.4288E-09 2.2674E-09 2.1059E-09 1.9284E-09 1.7743E-09 1.6239E-09 1.4873E-09 1.3527E-09 1.2180E-09 1.0927E-09 9.6636E-10 8.4968E-10 7.4190E-10 6.5111E-10 5.6352E-10 4.8715E-10 4.1445E-10 3.4929E-10 2.9147E-10 2.4078E-10 1.9525E-10 1.5822E-10 1.2540E-10 9.7472E-11 5.8958E-11 4.4097E-11 3.6906E-11 2.9876E-11 2.2155E-11 1.6944E-11 1.1202E-11 5.2005E-12 0.0000E+00 0.0000E+00 0.0000E+00 0.0000E+00 0.0000E+00 0.0000E+00 0.0000E+00 0.0000E+00 0.0000E+00 0.0000E+00 0.0000E+00 0.0000E+00 0.0000E+00 0.0000E+00
4.4881E-09 4.3075E-09 4.1216E-09 3.9341E-09 3.7443E-09 3.5556E-09 3.3658E-09 3.1605E-09 2.9767E-09 2.7849E-09 2.6016E-09 2.4280E-09 2.2576E-09 2.0879E-09 1.9043E-09 1.7547E-09 1.6010E-09 1.4610E-09 1.3208E-09 1.1874E-09 1.0578E-09 9.3347E-10 8.1453E-10 7.0839E-10 6.1830E-10 5.3206E-10 4.5488E-10 3.8426E-10 3.2155E-10 2.6657E-10 2.1963E-10 1.7736E-10 1.4362E-10 1.1379E-10 7.6861E-11 5.3038E-11 4.2682E-11 3.4593E-11 2.8334E-11 2.0279E-11 1.5311E-11 1.0811E-11 5.0156E-12 0.0000E+00 0.0000E+00 0.0000E+00 0.0000E+00 0.0000E+00 0.0000E+00 0.0000E+00 0.0000E+00 0.0000E+00 0.0000E+00 0.0000E+00 0.0000E+00 0.0000E+00 0.0000E+00
4.5902E-09 4.3917E-09 4.1970E-09 3.9981E-09 3.7981E-09 3.5983E-09 3.4001E-09 3.2021E-09 2.9934E-09 2.7943E-09 2.6005E-09 2.4239E-09 2.2441E-09 2.0649E-09 1.8830E-09 1.7263E-09 1.5726E-09 1.4296E-09 1.2843E-09 1.1527E-09 1.0167E-09 8.9731E-10 7.7556E-10 6.7254E-10 5.8120E-10 4.9936E-10 4.2316E-10 3.5528E-10 2.9574E-10 2.4415E-10 1.9824E-10 1.6141E-10 1.2889E-10 9.3927E-11 5.9199E-11 5.1253E-11 4.1196E-11 3.3351E-11 2.7313E-11 1.9529E-11 1.2130E-11 9.3054E-12 4.8236E-12 0.0000E+00 0.0000E+00 0.0000E+00 0.0000E+00 0.0000E+00 0.0000E+00 0.0000E+00 0.0000E+00 0.0000E+00 0.0000E+00 0.0000E+00 0.0000E+00 0.0000E+00 0.0000E+00
4.6846E-09 4.4733E-09 4.2635E-09 4.0556E-09 3.8424E-09 3.6312E-09 3.4231E-09 3.2157E-09 3.0055E-09 2.7924E-09 2.5956E-09 2.4088E-09 2.2209E-09 2.0168E-09 1.8553E-09 1.6893E-09 1.5387E-09 1.3904E-09 1.2468E-09 1.1110E-09 9.7777E-10 8.5672E-10 7.3672E-10 6.3468E-10 5.4402E-10 4.6324E-10 3.9013E-10 3.2574E-10 2.7000E-10 2.2096E-10 1.8088E-10 1.4542E-10 1.1592E-10 7.5704E-11 5.7063E-11 4.9399E-11 3.9650E-11 3.1025E-11 2.6254E-11 1.8753E-11 1.1640E-11 5.3986E-12 0.0000E+00 0.0000E+00 0.0000E+00 0.0000E+00 0.0000E+00 0.0000E+00 0.0000E+00 0.0000E+00 0.0000E+00 0.0000E+00 0.0000E+00 0.0000E+00 0.0000E+00 0.0000E+00 0.0000E+00
4.7704E-09 4.5512E-09 4.3257E-09 4.1029E-09 3.8808E-09 3.6601E-09 3.4403E-09 3.2249E-09 2.9962E-09 2.7761E-09 2.5790E-09 2.3828E-09 2.1926E-09 1.9866E-09 1.8178E-09 1.6526E-09 1.4992E-09 1.3433E-09 1.2048E-09 1.0652E-09 9.3532E-10 8.1198E-10 6.9569E-10 5.9265E-10 5.0740E-10 4.2871E-10 3.5941E-10 2.9784E-10 2.4552E-10 2.0194E-10 1.6349E-10 1.3342E-10 9.8617E-11 6.7080E-11 5.4849E-11 4.6299E-11 3.8053E-11 2.9204E-11 2.2974E-11 1.7958E-11 1.1139E-11 5.1625E-12 0.0000E+00 0.0000E+00 0.0000E+00 0.0000E+00 0.0000E+00 0.0000E+00 0.0000E+00 0.0000E+00 0.0000E+00 0.0000E+00 0.0000E+00 0.0000E+00 0.0000E+00 0.0000E+00 0.0000E+00
4.8517E-09 4.6160E-09 4.3798E-09 4.1415E-09 3.9103E-09 3.6758E-09 3.4498E-09 3.2210E-09 2.9886E-09 2.7619E-09 2.5543E-09 2.3557E-09 2.1377E-09 1.9496E-09 1.7710E-09 1.6097E-09 1.4542E-09 1.2978E-09 1.1554E-09 1.0195E-09 8.8834E-10 7.6780E-10 6.5291E-10 5.5141E-10 4.6839E-10 3.9397E-10 3.2919E-10 2.7348E-10 2.2476E-10 1.8303E-10 1.5037E-10 1.2120E-10 8.3082E-11 6.4381E-11 5.2571E-11 4.3218E-11 3.6418E-11 2.7914E-11 1.9916E-11 1.5555E-11 1.0095E-11 4.9227E-12 0.0000E+00 0.0000E+00 0.0000E+00 0.0000E+00 0.0000E+00 0.0000E+00 0.0000E+00 0.0000E+00 0.0000E+00 0.0000E+00 0.0000E+00 0.0000E+00 0.0000E+00 0.0000E+00 0.0000E+00
4.9250E-09 4.6716E-09 4.4245E-09 4.1732E-09 3.9272E-09 3.6843E-09 3.4454E-09 3.1919E-09 2.9680E-09 2.7348E-09 2.5204E-09 2.3100E-09 2.0867E-09 1.9086E-09 1.7243E-09 1.5607E-09 1.3978E-09 1.2472E-09 1.0991E-09 9.7036E-10 8.3927E-10 7.2194E-10 6.0691E-10 5.1050E-10 4.3076E-10 3.6120E-10 3.0113E-10 2.4937E-10 2.0420E-10 1.6628E-10 1.3700E-10 1.0486E-10 7.9734E-11 6.1613E-11 5.0243E-11 4.0190E-11 3.4217E-11 2.6606E-11 1.8964E-11 1.1758E-11 8.5232E-12 2.0467E-12 0.0000E+00 0.0000E+00 0.0000E+00 0.0000E+00 0.0000E+00 0.0000E+00 0.0000E+00 0.0000E+00 0.0000E+00 0.0000E+00 0.0000E+00 0.0000E+00 0.0000E+00 0.0000E+00 0.0000E+00
4.9857E-09 4.7200E-09 4.4559E-09 4.1942E-09 3.9359E-09 3.6818E-09 3.4324E-09 3.1731E-09 2.9210E-09 2.7015E-09 2.4821E-09 2.2472E-09 2.0411E-09 1.8506E-09 1.6711E-09 1.5057E-09 1.3396E-09 1.1890E-09 1.0457E-09 9.1694E-10 7.9032E-10 6.7409E-10 5.6305E-10 4.7119E-10 3.9663E-10 3.3223E-10 2.7549E-10 2.2696E-10 1.8825E-10 1.5414E-10 1.2563E-10 9.7352E-11 7.3383E-11 5.8797E-11 4.7882E-11 3.8247E-11 3.1433E-11 2.4241E-11 1.6949E-11 1.1156E-11 5.1649E-12 0.0000E+00 0.0000E+00 0.0000E+00 0.0000E+00 0.0000E+00 0.0000E+00 0.0000E+00 0.0000E+00 0.0000E+00 0.0000E+00 0.0000E+00 0.0000E+00 0.0000E+00 0.0000E+00 0.0000E+00 0.0000E+00
