Assets/Resources/2015_m01_d25_1500(utc+0800)_l00_csi_1hr_conc.grd
DSAA
         159         159
     -79.000      79.000
     -79.000      79.000
  0.0000E+00  0.3469E-05
[rows 50 to 74 of 159, columns 57 to 113 of 159]
7.4578E-11 9.4370E-11 1.2200E-10 1.5150E-10 1.9257E-10 2.3620E-10 2.8492E-10 3.4132E-10 4.0520E-10 4.7952E-10 5.6463E-10 6.6024E-10 7.7200E-10 8.9567E-10 1.0358E-09 1.1903E-09 1.3623E-09 1.5478E-09 1.7492E-09 1.9652E-09 2.1957E-09 2.4404E-09 2.6988E-09 2.9699E-09 3.2518E-09 3.5423E-09 3.8386E-09 4.1382E-09 4.4383E-09 4.7361E-09 5.0279E-09 5.3099E-09 5.5787E-09 5.8306E-09 6.0628E-09 6.2719E-09 6.4553E-09 6.6102E-09 6.7347E-09 6.8271E-09 6.8860E-09 6.9109E-09 6.9018E-09 6.8588E-09 6.7827E-09 6.6750E-09 6.5378E-09 6.3730E-09 6.1832E-09 5.9711E-09 5.7395E-09 5.4917E-09 5.2313E-09 4.9617E-09 4.6867E-09 4.4089E-09 4.1304E-09
7.6407E-11 9.6291E-11 1.2411E-10 1.5493E-10 1.9049E-10 2.4040E-10 2.8973E-10 3.4771E-10 4.1278E-10 4.8749E-10 5.7263E-10 6.7119E-10 7.8387E-10 9.0924E-10 1.0523E-09 1.2084E-09 1.3830E-09 1.5716E-09 1.7740E-09 1.9928E-09 2.2271E-09 2.4767E-09 2.7402E-09 3.0160E-09 3.3032E-09 3.5992E-09 3.9009E-09 4.2060E-09 4.5113E-09 4.8134E-09 5.1088E-09 5.3943E-09 5.6667E-09 5.9217E-09 6.1562E-09 6.3666E-09 6.5501E-09 6.7040E-09 6.8259E-09 6.9144E-09 6.9681E-09 6.9865E-09 6.9692E-09 6.9168E-09 6.8307E-09 6.7123E-09 6.5635E-09 6.3870E-09 6.1857E-09 5.9625E-09 5.7208E-09 5.4640E-09 5.1947E-09 4.9160E-09 4.6318E-09 4.3457E-09 4.0611E-09
7.8083E-11 9.8013E-11 1.2540E-10 1.5743E-10 1.9434E-10 2.3842E-10 2.9450E-10 3.5347E-10 4.2008E-10 4.9543E-10 5.8138E-10 6.8008E-10 7.9459E-10 9.2253E-10 1.0677E-09 1.2234E-09 1.4015E-09 1.5913E-09 1.7970E-09 2.0186E-09 2.2573E-09 2.5116E-09 2.7801E-09 3.0619E-09 3.3542E-09 3.6549E-09 3.9621E-09 4.2730E-09 4.5832E-09 4.8909E-09 5.1922E-09 5.4831E-09 5.7597E-09 6.0182E-09 6.2551E-09 6.4669E-09 6.6507E-09 6.8037E-09 6.9237E-09 7.0087E-09 7.0575E-09 7.0695E-09 7.0449E-09 6.9843E-09 6.8888E-09 6.7599E-09 6.6002E-09 6.4119E-09 6.1981E-09 5.9626E-09 5.7088E-09 5.4404E-09 5.1613E-09 4.8747E-09 4.5833E-09 4.2898E-09 3.9977E-09
7.9400E-11 9.9494E-11 1.2809E-10 1.5892E-10 1.9778E-10 2.4059E-10 2.9349E-10 3.5733E-10 4.2567E-10 5.0241E-10 5.8964E-10 6.8853E-10 8.0488E-10 9.3231E-10 1.0795E-09 1.2386E-09 1.4170E-09 1.6081E-09 1.8171E-09 2.0434E-09 2.2856E-09 2.5444E-09 2.8191E-09 3.1051E-09 3.4028E-09 3.7099E-09 4.0225E-09 4.3392E-09 4.6563E-09 4.9707E-09 5.2772E-09 5.5727E-09 5.8532E-09 6.1151E-09 6.3549E-09 6.5688E-09 6.7535E-09 6.9061E-09 7.0242E-09 7.1061E-09 7.1505E-09 7.1568E-09 7.1250E-09 7.0559E-09 6.9510E-09 6.8122E-09 6.6417E-09 6.4425E-09 6.2181E-09 5.9716E-09 5.7062E-09 5.4259E-09 5.1352E-09 4.8378E-09 4.5377E-09 4.2379E-09 3.9403E-09
8.0496E-11 1.0052E-10 1.2899E-10 1.6011E-10 1.9957E-10 2.4344E-10 2.9700E-10 3.5594E-10 4.2476E-10 5.0724E-10 5.9660E-10 6.9627E-10 8.1388E-10 9.4142E-10 1.0889E-09 1.2494E-09 1.4304E-09 1.6237E-09 1.8353E-09 2.0651E-09 2.3125E-09 2.5763E-09 2.8541E-09 3.1461E-09 3.4498E-09 3.7626E-09 4.0824E-09 4.4058E-09 4.7293E-09 5.0490E-09 5.3621E-09 5.6644E-09 5.9517E-09 6.2196E-09 6.4640E-09 6.6812E-09 6.8678E-09 7.0208E-09 7.1378E-09 7.2170E-09 7.2571E-09 7.2576E-09 7.2185E-09 7.1406E-09 7.0253E-09 6.8751E-09 6.6926E-09 6.4809E-09 6.2437E-09 5.9849E-09 5.7087E-09 5.4185E-09 5.1173E-09 4.8093E-09 4.4988E-09 4.1897E-09 3.8855E-09
8.1197E-11 1.0245E-10 1.3004E-10 1.6213E-10 2.0042E-10 2.4616E-10 2.9815E-10 3.5891E-10 4.2850E-10 5.0693E-10 6.0089E-10 7.0190E-10 8.2115E-10 9.4828E-10 1.0972E-09 1.2571E-09 1.4412E-09 1.6375E-09 1.8520E-09 2.0852E-09 2.3366E-09 2.6038E-09 2.8877E-09 3.1847E-09 3.4942E-09 3.8135E-09 4.1404E-09 4.4704E-09 4.8015E-09 5.1301E-09 5.4508E-09 5.7599E-09 6.0530E-09 6.3255E-09 6.5736E-09 6.7936E-09 6.9819E-09 7.1355E-09 7.2517E-09 7.3288E-09 7.3653E-09 7.3607E-09 7.3152E-09 7.2298E-09 7.1062E-09 6.9464E-09 6.7531E-09 6.5296E-09 6.2796E-09 6.0077E-09 5.7179E-09 5.4150E-09 5.1035E-09 4.7867E-09 4.4673E-09 4.1491E-09 3.8361E-09
8.1599E-11 1.0307E-10 1.3034E-10 1.6324E-10 2.0036E-10 2.4799E-10 2.9838E-10 3.6059E-10 4.2965E-10 5.1016E-10 5.9936E-10 7.0532E-10 8.2472E-10 9.5382E-10 1.1030E-09 1.2634E-09 1.4493E-09 1.6490E-09 1.8659E-09 2.1031E-09 2.3570E-09 2.6296E-09 2.9172E-09 3.2200E-09 3.5363E-09 3.8623E-09 4.1963E-09 4.5350E-09 4.8745E-09 5.2104E-09 5.5382E-09 5.8547E-09 6.1542E-09 6.4326E-09 6.6861E-09 6.9103E-09 7.1011E-09 7.2560E-09 7.3720E-09 7.4472E-09 7.4802E-09 7.4706E-09 7.4186E-09 7.3252E-09 7.1922E-09 7.0221E-09 6.8179E-09 6.5834E-09 6.3223E-09 6.0387E-09 5.7365E-09 5.4205E-09 5.0959E-09 4.7672E-09 4.4389E-09 4.1135E-09 3.7932E-09
8.1809E-11 1.0322E-10 1.3051E-10 1.6308E-10 1.9951E-10 2.4753E-10 2.9779E-10 3.6111E-10 4.2926E-10 5.1028E-10 5.9960E-10 7.0247E-10 8.2592E-10 9.5572E-10 1.1056E-09 1.2683E-09 1.4544E-09 1.6566E-09 1.8787E-09 2.1177E-09 2.3761E-09 2.6513E-09 2.9445E-09 3.2534E-09 3.5752E-09 3.9090E-09 4.2509E-09 4.5975E-09 4.9448E-09 5.2893E-09 5.6269E-09 5.9521E-09 6.2600E-09 6.5464E-09 6.8062E-09 7.0352E-09 7.2297E-09 7.3867E-09 7.5029E-09 7.5766E-09 7.6066E-09 7.5920E-09 7.5335E-09 7.4319E-09 7.2890E-09 7.1076E-09 6.8911E-09 6.6435E-09 6.3691E-09 6.0728E-09 5.7592E-09 5.4324E-09 5.0962E-09 4.7554E-09 4.4153E-09 4.0802E-09 3.7534E-09
8.1747E-11 1.0302E-10 1.3121E-10 1.6249E-10 2.0057E-10 2.4581E-10 2.9899E-10 3.5891E-10 4.2935E-10 5.0885E-10 5.9901E-10 7.0069E-10 8.2091E-10 9.4935E-10 1.1050E-09 1.2694E-09 1.4606E-09 1.6618E-09 1.8864E-09 2.1301E-09 2.3908E-09 2.6716E-09 2.9697E-09 3.2839E-09 3.6128E-09 3.9535E-09 4.3028E-09 4.6582E-09 5.0154E-09 5.3693E-09 5.7153E-09 6.0486E-09 6.3641E-09 6.6572E-09 6.9234E-09 7.1579E-09 7.3567E-09 7.5161E-09 7.6335E-09 7.7066E-09 7.7337E-09 7.7150E-09 7.6506E-09 7.5417E-09 7.3905E-09 7.1996E-09 6.9725E-09 6.7127E-09 6.4250E-09 6.1146E-09 5.7867E-09 5.4469E-09 5.1000E-09 4.7496E-09 4.3993E-09 4.0534E-09 3.7168E-09
8.2698E-11 1.0240E-10 1.3161E-10 1.6119E-10 2.0013E-10 2.4315E-10 2.9735E-10 3.5528E-10 4.2629E-10 5.0433E-10 5.9588E-10 6.9643E-10 8.1720E-10 9.4515E-10 1.0986E-09 1.2677E-09 1.4597E-09 1.6648E-09 1.8936E-09 2.1379E-09 2.4044E-09 2.6885E-09 2.9914E-09 3.3124E-09 3.6481E-09 3.9964E-09 4.3546E-09 4.7182E-09 5.0835E-09 5.4460E-09 5.8018E-09 6.1449E-09 6.4698E-09 6.7721E-09 7.0463E-09 7.2868E-09 7.4905E-09 7.6537E-09 7.7723E-09 7.8446E-09 7.8694E-09 7.8463E-09 7.7753E-09 7.6582E-09 7.4972E-09 7.2953E-09 7.0565E-09 6.7853E-09 6.4861E-09 6.1635E-09 5.8222E-09 5.4684E-09 5.1077E-09 4.7455E-09 4.3861E-09 4.0319E-09 3.6860E-09
8.1962E-11 1.0139E-10 1.2976E-10 1.5880E-10 1.9747E-10 2.3889E-10 2.9299E-10 3.5025E-10 4.2141E-10 4.9809E-10 5.8890E-10 6.8874E-10 8.1026E-10 9.3779E-10 1.0917E-09 1.2591E-09 1.4545E-09 1.6671E-09 1.8961E-09 2.1453E-09 2.4135E-09 2.7027E-09 3.0119E-09 3.3380E-09 3.6807E-09 4.0371E-09 4.4034E-09 4.7764E-09 5.1517E-09 5.5252E-09 5.8911E-09 6.2442E-09 6.5788E-09 6.8900E-09 7.1714E-09 7.4188E-09 7.6284E-09 7.7947E-09 7.9154E-09 7.9882E-09 8.0112E-09 7.9843E-09 7.9080E-09 7.7833E-09 7.6125E-09 7.3991E-09 7.1475E-09 6.8624E-09 6.5492E-09 6.2138E-09 5.8610E-09 5.4956E-09 5.1222E-09 4.7467E-09 4.3750E-09 4.0117E-09 3.6591E-09
8.0491E-11 9.9627E-11 1.2763E-10 1.5581E-10 1.9402E-10 2.3469E-10 2.8720E-10 3.4657E-10 4.1391E-10 4.9303E-10 5.7991E-10 6.8026E-10 7.9972E-10 9.2992E-10 1.0840E-09 1.2515E-09 1.4462E-09 1.6584E-09 1.8896E-09 2.1478E-09 2.4205E-09 2.7149E-09 3.0288E-09 3.3620E-09 3.7117E-09 4.0757E-09 4.4514E-09 4.8348E-09 5.2206E-09 5.6039E-09 5.9793E-09 6.3418E-09 6.6857E-09 7.0058E-09 7.2956E-09 7.5502E-09 7.7651E-09 7.9357E-09 8.0588E-09 8.1315E-09 8.1530E-09 8.1227E-09 8.0405E-09 7.9086E-09 7.7296E-09 7.5068E-09 7.2446E-09 6.9472E-09 6.6200E-09 6.2698E-09 5.9024E-09 5.5240E-09 5.1396E-09 4.7533E-09 4.3696E-09 3.9943E-09 3.6324E-09
7.8596E-11 9.7634E-11 1.2493E-10 1.5372E-10 1.8934E-10 2.3164E-10 2.8010E-10 3.4034E-10 4.0493E-10 4.8244E-10 5.6839E-10 6.7390E-10 7.8610E-10 9.2311E-10 1.0736E-09 1.2416E-09 1.4425E-09 1.6535E-09 1.8886E-09 2.1433E-09 2.4248E-09 2.7228E-09 3.0433E-09 3.3834E-09 3.7411E-09 4.1142E-09 4.4986E-09 4.8902E-09 5.2856E-09 5.6793E-09 6.0662E-09 6.4397E-09 6.7944E-09 7.1241E-09 7.4224E-09 7.6846E-09 7.9057E-09 8.0802E-09 8.2053E-09 8.2786E-09 8.2984E-09 8.2638E-09 8.1758E-09 8.0364E-09 7.8485E-09 7.6155E-09 7.3420E-09 7.0335E-09 6.6950E-09 6.3316E-09 5.9498E-09 5.5563E-09 5.1577E-09 4.7600E-09 4.3669E-09 3.9818E-09 3.6094E-09
7.6469E-11 9.5524E-11 1.2158E-10 1.4995E-10 1.8385E-10 2.2592E-10 2.7166E-10 3.3083E-10 3.9410E-10 4.7044E-10 5.5459E-10 6.5879E-10 7.7246E-10 9.0878E-10 1.0594E-09 1.2354E-09 1.4290E-09 1.6439E-09 1.8803E-09 2.1398E-09 2.4201E-09 2.7245E-09 3.0499E-09 3.4016E-09 3.7675E-09 4.1485E-09 4.5426E-09 4.9457E-09 5.3533E-09 5.7605E-09 6.1612E-09 6.5486E-09 6.9163E-09 7.2575E-09 7.5661E-09 7.8329E-09 8.0548E-09 8.2283E-09 8.3561E-09 8.4296E-09 8.4472E-09 8.4089E-09 8.3281E-09 8.1743E-09 7.9715E-09 7.7286E-09 7.4435E-09 7.1218E-09 6.7702E-09 6.3942E-09 6.0001E-09 5.5935E-09 5.1806E-09 4.7687E-09 4.3640E-09 3.9708E-09 3.5906E-09
7.3711E-11 9.2027E-11 1.1738E-10 1.4514E-10 1.7733E-10 2.1876E-10 2.6279E-10 3.2003E-10 3.8264E-10 4.5628E-10 5.4002E-10 6.4147E-10 7.5358E-10 8.8873E-10 1.0425E-09 1.2212E-09 1.4158E-09 1.6336E-09 1.8721E-09 2.1324E-09 2.4184E-09 2.7266E-09 3.0585E-09 3.4120E-09 3.7852E-09 4.1828E-09 4.5907E-09 5.0092E-09 5.4322E-09 5.8534E-09 6.2674E-09 6.6671E-09 7.0468E-09 7.3942E-09 7.7074E-09 7.9866E-09 8.2203E-09 8.4036E-09 8.5332E-09 8.5987E-09 8.6141E-09 8.5831E-09 8.4864E-09 8.3302E-09 8.1210E-09 7.8640E-09 7.5585E-09 7.2174E-09 6.8470E-09 6.4567E-09 6.0487E-09 5.6295E-09 5.2052E-09 4.7809E-09 4.3632E-09 3.9588E-09 3.5716E-09
7.0629E-11 8.7926E-11 1.1234E-10 1.3976E-10 1.7104E-10 2.1033E-10 2.5543E-10 3.0794E-10 3.7037E-10 4.4070E-10 5.2224E-10 6.2453E-10 7.3562E-10 8.7315E-10 1.0220E-09 1.2018E-09 1.3993E-09 1.6165E-09 1.8577E-09 2.1231E-09 2.4112E-09 2.7252E-09 3.0640E-09 3.4277E-09 3.8144E-09 4.2219E-09 4.6442E-09 5.0818E-09 5.5183E-09 5.9544E-09 6.3822E-09 6.7958E-09 7.1834E-09 7.5478E-09 7.8773E-09 8.1652E-09 8.4049E-09 8.5845E-09 8.7158E-09 8.8014E-09 8.8194E-09 8.7760E-09 8.6688E-09 8.5001E-09 8.2707E-09 7.9940E-09 7.6757E-09 7.3235E-09 6.9400E-09 6.5300E-09 6.1018E-09 5.6645E-09 5.2261E-09 4.7919E-09 4.3643E-09 3.9488E-09 3.5519E-09
6.6807E-11 8.3888E-11 1.0713E-10 1.3338E-10 1.6399E-10 2.0100E-10 2.4508E-10 2.9521E-10 3.5576E-10 4.2354E-10 5.0298E-10 6.0321E-10 7.1182E-10 8.4849E-10 9.9649E-10 1.1828E-09 1.3789E-09 1.6002E-09 1.8393E-09 2.1081E-09 2.4026E-09 2.7238E-09 3.0737E-09 3.4518E-09 3.8541E-09 4.2751E-09 4.7111E-09 5.1576E-09 5.6097E-09 6.0619E-09 6.5058E-09 6.9406E-09 7.3478E-09 7.7250E-09 8.0558E-09 8.3440E-09 8.5837E-09 8.7950E-09 8.9449E-09 9.0219E-09 9.0347E-09 8.9760E-09 8.8508E-09 8.6646E-09 8.4284E-09 8.1410E-09 7.8070E-09 7.4327E-09 7.0265E-09 6.5994E-09 6.1578E-09 5.7049E-09 5.2496E-09 4.8006E-09 4.3635E-09 3.9406E-09 3.5349E-09
6.2772E-11 7.9267E-11 1.0184E-10 1.2630E-10 1.5652E-10 1.9097E-10 2.3341E-10 2.8186E-10 3.4017E-10 4.0490E-10 4.8204E-10 5.8350E-10 6.8608E-10 8.2484E-10 9.7200E-10 1.1582E-09 1.3563E-09 1.5757E-09 1.8213E-09 2.0945E-09 2.3965E-09 2.7294E-09 3.0928E-09 3.4835E-09 3.8971E-09 4.3319E-09 4.7839E-09 5.2482E-09 5.7187E-09 6.1846E-09 6.6398E-09 7.0786E-09 7.5015E-09 7.8933E-09 8.2457E-09 8.5660E-09 8.8479E-09 9.0494E-09 9.1781E-09 9.2450E-09 9.2470E-09 9.1889E-09 9.0556E-09 8.8586E-09 8.6010E-09 8.2880E-09 7.9329E-09 7.5422E-09 7.1197E-09 6.6721E-09 6.2105E-09 5.7436E-09 5.2757E-09 4.8117E-09 4.3610E-09 3.9295E-09 3.5181E-09
5.7993E-11 7.4157E-11 9.5967E-11 1.1887E-10 1.4814E-10 1.8081E-10 2.2130E-10 2.6766E-10 3.2366E-10 3.8566E-10 4.5974E-10 5.5878E-10 6.6238E-10 7.9875E-10 9.4817E-10 1.1241E-09 1.3258E-09 1.5483E-09 1.8002E-09 2.0836E-09 2.3965E-09 2.7427E-09 3.1171E-09 3.5190E-09 3.9471E-09 4.3981E-09 4.8682E-09 5.3509E-09 5.8403E-09 6.3293E-09 6.8102E-09 7.2745E-09 7.7131E-09 8.1060E-09 8.4700E-09 8.8118E-09 9.0845E-09 9.2908E-09 9.4298E-09 9.4992E-09 9.4975E-09 9.4279E-09 9.2714E-09 9.0495E-09 8.7727E-09 8.4450E-09 8.0688E-09 7.6532E-09 7.2096E-09 6.7463E-09 6.2664E-09 5.7798E-09 5.2927E-09 4.8188E-09 4.3555E-09 3.9121E-09 3.4941E-09
5.2237E-11 6.8125E-11 8.9995E-11 1.1123E-10 1.3893E-10 1.7106E-10 2.0899E-10 2.5340E-10 3.0670E-10 3.6546E-10 4.3632E-10 5.3272E-10 6.3731E-10 7.7181E-10 9.1944E-10 1.0954E-09 1.2987E-09 1.5292E-09 1.7886E-09 2.0777E-09 2.4044E-09 2.7582E-09 3.1445E-09 3.5623E-09 4.0074E-09 4.4786E-09 4.9692E-09 5.4699E-09 5.9750E-09 6.4863E-09 6.9888E-09 7.4732E-09 7.9298E-09 8.3623E-09 8.7819E-09 9.1190E-09 9.3911E-09 9.5826E-09 9.7077E-09 9.7627E-09 9.7507E-09 9.6598E-09 9.4896E-09 9.2517E-09 8.9501E-09 8.5961E-09 8.1997E-09 7.7651E-09 7.2980E-09 6.8119E-09 6.3166E-09 5.8143E-09 5.3135E-09 4.8260E-09 4.3552E-09 3.9020E-09 3.4741E-09
4.7062E-11 6.1970E-11 8.3322E-11 1.0341E-10 1.2952E-10 1.6055E-10 1.9652E-10 2.3895E-10 2.8898E-10 3.4538E-10 4.1591E-10 5.0906E-10 6.1115E-10 7.3815E-10 8.8834E-10 1.0656E-09 1.2762E-09 1.5106E-09 1.7785E-09 2.0796E-09 2.4120E-09 2.7811E-09 3.1839E-09 3.6223E-09 4.0927E-09 4.5896E-09 5.1079E-09 5.6405E-09 6.1797E-09 6.7169E-09 7.2265E-09 7.7169E-09 8.1940E-09 8.6852E-09 9.0936E-09 9.4395E-09 9.7118E-09 9.9096E-09 1.0032E-08 1.0076E-08 1.0039E-08 9.9163E-09 9.7195E-09 9.4598E-09 9.1396E-09 8.7616E-09 8.3364E-09 7.8783E-09 7.3929E-09 6.8842E-09 6.3658E-09 5.8488E-09 5.3347E-09 4.8308E-09 4.3485E-09 3.8900E-09 3.4552E-09
4.1584E-11 5.5449E-11 7.4826E-11 9.5666E-11 1.1982E-10 1.4894E-10 1.8365E-10 2.2406E-10 2.7084E-10 3.2445E-10 3.9160E-10 4.8492E-10 5.8403E-10 7.0851E-10 8.5975E-10 1.0442E-09 1.2607E-09 1.4991E-09 1.7772E-09 2.0864E-09 2.4362E-09 2.8282E-09 3.2611E-09 3.7314E-09 4.2341E-09 4.7978E-09 5.3499E-09 5.8981E-09 6.4484E-09 6.9959E-09 7.5431E-09 8.1004E-09 8.6275E-09 9.0964E-09 9.4870E-09 9.8191E-09 1.0075E-08 1.0263E-08 1.0371E-08 1.0397E-08 1.0342E-08 1.0194E-08 9.9676E-09 9.6758E-09 9.3274E-09 8.9273E-09 8.4778E-09 7.9896E-09 7.4791E-09 6.9525E-09 6.4131E-09 5.8748E-09 5.3484E-09 4.8339E-09 4.3386E-09 3.8714E-09 3.4336E-09
3.7120E-11 4.9231E-11 6.6637E-11 8.5973E-11 1.0989E-10 1.3735E-10 1.7026E-10 2.0888E-10 2.5277E-10 3.0631E-10 3.7070E-10 4.5682E-10 5.5680E-10 6.7936E-10 8.3902E-10 1.0261E-09 1.2402E-09 1.4984E-09 1.7846E-09 2.1126E-09 2.5129E-09 2.9358E-09 3.4007E-09 3.9441E-09 4.5394E-09 5.1258E-09 5.7914E-09 6.3865E-09 6.9727E-09 7.5395E-09 8.0927E-09 8.6313E-09 9.1384E-09 9.5932E-09 9.9759E-09 1.0290E-08 1.0527E-08 1.0683E-08 1.0755E-08 1.0747E-08 1.0661E-08 1.0483E-08 1.0230E-08 9.9053E-09 9.5207E-09 9.0880E-09 8.6136E-09 8.1004E-09 7.5603E-09 7.0095E-09 6.4540E-09 5.8976E-09 5.3535E-09 4.8300E-09 4.3263E-09 3.8495E-09 3.4066E-09
3.1759E-11 4.3613E-11 5.8582E-11 7.6311E-11 9.8544E-11 1.2600E-10 1.5652E-10 1.9286E-10 2.3443E-10 2.8514E-10 3.4917E-10 4.2858E-10 5.2899E-10 6.6436E-10 8.1922E-10 1.0140E-09 1.2665E-09 1.5621E-09 1.8946E-09 2.3536E-09 2.8496E-09 3.4218E-09 4.0063E-09 4.6488E-09 5.2642E-09 5.8939E-09 6.5131E-09 7.1043E-09 7.6762E-09 8.2233E-09 8.7668E-09 9.2825E-09 9.7711E-09 1.0204E-08 1.0562E-08 1.0834E-08 1.1024E-08 1.1144E-08 1.1184E-08 1.1134E-08 1.1001E-08 1.0785E-08 1.0497E-08 1.0140E-08 9.7191E-09 9.2475E-09 8.7394E-09 8.2013E-09 7.6362E-09 7.0586E-09 6.4827E-09 5.9129E-09 5.3533E-09 4.8167E-09 4.3071E-09 3.8240E-09 3.3739E-09
2.6333E-11 3.7565E-11 5.0959E-11 6.7122E-11 8.7282E-11 1.1394E-10 1.4314E-10 1.7690E-10 2.1877E-10 2.6719E-10 3.2878E-10 4.0422E-10 5.1182E-10 6.4899E-10 8.3940E-10 1.0882E-09 1.3910E-09 1.9057E-09 2.4941E-09 2.9895E-09 3.7156E-09 4.4146E-09 5.0719E-09 5.7351E-09 6.3836E-09 7.0053E-09 7.5831E-09 8.1203E-09 8.6435E-09 9.1423E-09 9.6543E-09 1.0135E-08 1.0590E-08 1.0961E-08 1.1253E-08 1.1474E-08 1.1610E-08 1.1664E-08 1.1647E-08 1.1553E-08 1.1367E-08 1.1100E-08 1.0768E-08 1.0370E-08 9.9132E-09 9.4040E-09 8.8571E-09 8.2877E-09 7.7002E-09 7.0996E-09 6.5009E-09 5.9159E-09 5.3451E-09 4.7960E-09 4.2778E-09 3.7915E-09 3.3369E-09
