Assets/Resources/2015_m01_d23_0200(utc+0800)_l00_csi_1hr_conc.grd
DSAA
         159         159
     -79.000      79.000
     -79.000      79.000
  0.0000E+00  0.4719E-04
[rows 0 to 24 of 159, columns 0 to 56 of 159]
0.0000E+00 0.0000E+00 0.0000E+00 0.0000E+00 0.0000E+00 0.0000E+00 0.0000E+00 0.0000E+00 0.0000E+00 0.0000E+00 0.0000E+00 0.0000E+00 0.0000E+00 0.0000E+00 0.0000E+00 0.0000E+00 0.0000E+00 0.0000E+00 0.0000E+00 0.0000E+00 0.0000E+00 0.0000E+00 0.0000E+00 8.1278E-13 3.5500E-12 9.1693E-12 2.1037E-11 3.9609E-11 5.9013E-11 9.2864E-11 1.2834E-10 1.6420E-10 2.0745E-10 2.5466E-10 3.1650E-10 3.8231E-10 4.5960E-10 5.3030E-10 6.1118E-10 7.0134E-10 8.0281E-10 9.1559E-10 1.0407E-09 1.1826E-09 1.3392E-09 1.5116E-09 1.7043E-09 1.9129E-09 2.1456E-09 2.4029E-09 2.6917E-09 3.0178E-09 3.3820E-09 3.7754E-09 4.1848E-09 4.6009E-09 5.0244E-09
0.0000E+00 0.0000E+00 0.0000E+00 0.0000E+00 0.0000E+00 0.0000E+00 0.0000E+00 0.0000E+00 0.0000E+00 0.0000E+00 0.0000E+00 0.0000E+00 0.0000E+00 0.0000E+00 0.0000E+00 0.0000E+00 0.0000E+00 0.0000E+00 0.0000E+00 0.0000E+00 0.0000E+00 0.0000E+00 0.0000E+00 8.1209E-13 3.5491E-12 9.1729E-12 2.1164E-11 4.0939E-11 5.9430E-11 9.3222E-11 1.2945E-10 1.7020E-10 2.0965E-10 2.5753E-10 3.2790E-10 3.9310E-10 4.6582E-10 5.4185E-10 6.2118E-10 7.1300E-10 8.1532E-10 9.3138E-10 1.0612E-09 1.2026E-09 1.3636E-09 1.5395E-09 1.7352E-09 1.9516E-09 2.1860E-09 2.4479E-09 2.7454E-09 3.0726E-09 3.4459E-09 3.8421E-09 4.2600E-09 4.6841E-09 5.1122E-09
0.0000E+00 0.0000E+00 0.0000E+00 0.0000E+00 0.0000E+00 0.0000E+00 0.0000E+00 0.0000E+00 0.0000E+00 0.0000E+00 0.0000E+00 0.0000E+00 0.0000E+00 0.0000E+00 0.0000E+00 0.0000E+00 0.0000E+00 0.0000E+00 0.0000E+00 0.0000E+00 0.0000E+00 0.0000E+00 0.0000E+00 8.1036E-13 3.5437E-12 9.1646E-12 2.1255E-11 4.7196E-11 6.3576E-11 9.6855E-11 1.3030E-10 1.7333E-10 2.1331E-10 2.5979E-10 3.3040E-10 4.0044E-10 4.7017E-10 5.4817E-10 6.3073E-10 7.2302E-10 8.2810E-10 9.4388E-10 1.0760E-09 1.2232E-09 1.3836E-09 1.5651E-09 1.7620E-09 1.9826E-09 2.2211E-09 2.4910E-09 2.7892E-09 3.1247E-09 3.4991E-09 3.9021E-09 4.3255E-09 4.7585E-09 5.1907E-09
0.0000E+00 0.0000E+00 0.0000E+00 0.0000E+00 0.0000E+00 0.0000E+00 0.0000E+00 0.0000E+00 0.0000E+00 0.0000E+00 0.0000E+00 0.0000E+00 0.0000E+00 0.0000E+00 0.0000E+00 0.0000E+00 0.0000E+00 0.0000E+00 0.0000E+00 0.0000E+00 0.0000E+00 0.0000E+00 0.0000E+00 8.0760E-13 3.5337E-12 9.1443E-12 2.1312E-11 4.7361E-11 6.3790E-11 9.7300E-11 1.3387E-10 1.7429E-10 2.1461E-10 2.6562E-10 3.3281E-10 4.0561E-10 4.7629E-10 5.5312E-10 6.3673E-10 7.3127E-10 8.3781E-10 9.5743E-10 1.0881E-09 1.2376E-09 1.4037E-09 1.5846E-09 1.7881E-09 2.0087E-09 2.2546E-09 2.5246E-09 2.8304E-09 3.1667E-09 3.5443E-09 3.9552E-09 4.3844E-09 4.8239E-09 5.2594E-09
0.0000E+00 0.0000E+00 0.0000E+00 0.0000E+00 0.0000E+00 0.0000E+00 0.0000E+00 0.0000E+00 0.0000E+00 0.0000E+00 0.0000E+00 0.0000E+00 0.0000E+00 0.0000E+00 0.0000E+00 0.0000E+00 0.0000E+00 0.0000E+00 0.0000E+00 0.0000E+00 0.0000E+00 0.0000E+00 0.0000E+00 8.0383E-13 3.5192E-12 9.1122E-12 2.1333E-11 4.7440E-11 6.3886E-11 9.7554E-11 1.3382E-10 1.7488E-10 2.1724E-10 2.6865E-10 3.3440E-10 4.0787E-10 4.8120E-10 5.5778E-10 6.4223E-10 7.3777E-10 8.4436E-10 9.6540E-10 1.1009E-09 1.2499E-09 1.4171E-09 1.6037E-09 1.8064E-09 2.0334E-09 2.2791E-09 2.5545E-09 2.8613E-09 3.2010E-09 3.5853E-09 3.9970E-09 4.4315E-09 4.8771E-09 5.3205E-09
0.0000E+00 0.0000E+00 0.0000E+00 0.0000E+00 0.0000E+00 0.0000E+00 0.0000E+00 0.0000E+00 0.0000E+00 0.0000E+00 0.0000E+00 0.0000E+00 0.0000E+00 0.0000E+00 0.0000E+00 0.0000E+00 0.0000E+00 0.0000E+00 0.0000E+00 0.0000E+00 0.0000E+00 0.0000E+00 0.0000E+00 7.9905E-13 3.5003E-12 9.0683E-12 2.1318E-11 4.7430E-11 6.3865E-11 9.7615E-11 1.3390E-10 1.7507E-10 2.1756E-10 2.7300E-10 3.3724E-10 4.1272E-10 4.8485E-10 5.6100E-10 6.4610E-10 7.4240E-10 8.5101E-10 9.7198E-10 1.1076E-09 1.2603E-09 1.4268E-09 1.6153E-09 1.8235E-09 2.0496E-09 2.2977E-09 2.5771E-09 2.8849E-09 3.2313E-09 3.6142E-09 4.0296E-09 4.4743E-09 4.9200E-09 5.3712E-09
0.0000E+00 0.0000E+00 0.0000E+00 0.0000E+00 0.0000E+00 0.0000E+00 0.0000E+00 0.0000E+00 0.0000E+00 0.0000E+00 0.0000E+00 0.0000E+00 0.0000E+00 0.0000E+00 0.0000E+00 0.0000E+00 0.0000E+00 0.0000E+00 0.0000E+00 0.0000E+00 0.0000E+00 0.0000E+00 0.0000E+00 7.9328E-13 3.4769E-12 8.1950E-12 2.1267E-11 4.7334E-11 6.1098E-11 9.7483E-11 1.3370E-10 1.7446E-10 2.1736E-10 2.7282E-10 3.3719E-10 4.1288E-10 4.8533E-10 5.6274E-10 6.4827E-10 7.4511E-10 8.5436E-10 9.7718E-10 1.1137E-09 1.2652E-09 1.4363E-09 1.6227E-09 1.8327E-09 2.0603E-09 2.3143E-09 2.5918E-09 2.9051E-09 3.2500E-09 3.6342E-09 4.0608E-09 4.5020E-09 4.9521E-09 5.4110E-09
0.0000E+00 0.0000E+00 0.0000E+00 0.0000E+00 0.0000E+00 0.0000E+00 0.0000E+00 0.0000E+00 0.0000E+00 0.0000E+00 0.0000E+00 0.0000E+00 0.0000E+00 0.0000E+00 0.0000E+00 0.0000E+00 0.0000E+00 0.0000E+00 0.0000E+00 0.0000E+00 0.0000E+00 0.0000E+00 0.0000E+00 0.0000E+00 3.4493E-12 7.2900E-12 2.1180E-11 4.7149E-11 5.9668E-11 9.7157E-11 1.3324E-10 1.7387E-10 2.1625E-10 2.7178E-10 3.3829E-10 4.1196E-10 4.8453E-10 5.6313E-10 6.4885E-10 7.4594E-10 8.5438E-10 9.7766E-10 1.1158E-09 1.2691E-09 1.4387E-09 1.6294E-09 1.8369E-09 2.0694E-09 2.3211E-09 2.6034E-09 2.9144E-09 3.2606E-09 3.6535E-09 4.0752E-09 4.5194E-09 4.9817E-09 5.4373E-09
0.0000E+00 0.0000E+00 0.0000E+00 0.0000E+00 0.0000E+00 0.0000E+00 0.0000E+00 0.0000E+00 0.0000E+00 0.0000E+00 0.0000E+00 0.0000E+00 0.0000E+00 0.0000E+00 0.0000E+00 0.0000E+00 0.0000E+00 0.0000E+00 0.0000E+00 0.0000E+00 0.0000E+00 0.0000E+00 0.0000E+00 0.0000E+00 3.4174E-12 7.2289E-12 2.1057E-11 4.6878E-11 5.9326E-11 9.6640E-11 1.2954E-10 1.7288E-10 2.1461E-10 2.6991E-10 3.3655E-10 4.1215E-10 4.8355E-10 5.6202E-10 6.4773E-10 7.4483E-10 8.5447E-10 9.7671E-10 1.1139E-09 1.2686E-09 1.4396E-09 1.6285E-09 1.8399E-09 2.0695E-09 2.3255E-09 2.6046E-09 2.9162E-09 3.2709E-09 3.6567E-09 4.0797E-09 4.5345E-09 4.9929E-09 5.4521E-09
0.0000E+00 0.0000E+00 0.0000E+00 0.0000E+00 0.0000E+00 0.0000E+00 0.0000E+00 0.0000E+00 0.0000E+00 0.0000E+00 0.0000E+00 0.0000E+00 0.0000E+00 0.0000E+00 0.0000E+00 0.0000E+00 0.0000E+00 0.0000E+00 0.0000E+00 0.0000E+00 0.0000E+00 0.0000E+00 0.0000E+00 0.0000E+00 3.3815E-12 7.1588E-12 2.0900E-11 4.6522E-11 5.7631E-11 9.5934E-11 1.2857E-10 1.7151E-10 2.1288E-10 2.6736E-10 3.3323E-10 4.0840E-10 4.8025E-10 5.5771E-10 6.4489E-10 7.4177E-10 8.5119E-10 9.7435E-10 1.1114E-09 1.2635E-09 1.4356E-09 1.6231E-09 1.8346E-09 2.0640E-09 2.3204E-09 2.5990E-09 2.9183E-09 3.2656E-09 3.6507E-09 4.0825E-09 4.5320E-09 4.9928E-09 5.4608E-09
0.0000E+00 0.0000E+00 0.0000E+00 0.0000E+00 0.0000E+00 0.0000E+00 0.0000E+00 0.0000E+00 0.0000E+00 0.0000E+00 0.0000E+00 0.0000E+00 0.0000E+00 0.0000E+00 0.0000E+00 0.0000E+00 0.0000E+00 0.0000E+00 0.0000E+00 0.0000E+00 0.0000E+00 0.0000E+00 0.0000E+00 0.0000E+00 2.5316E-12 5.4546E-12 1.9033E-11 4.0488E-11 5.4409E-11 9.5044E-11 1.2735E-10 1.6542E-10 2.0628E-10 2.6073E-10 3.2941E-10 4.0282E-10 4.7676E-10 5.5481E-10 6.4050E-10 7.3688E-10 8.4578E-10 9.6726E-10 1.1049E-09 1.2576E-09 1.4268E-09 1.6172E-09 1.8245E-09 2.0571E-09 2.3091E-09 2.5944E-09 2.9057E-09 3.2519E-09 3.6436E-09 4.0683E-09 4.5188E-09 4.9871E-09 5.4569E-09
0.0000E+00 0.0000E+00 0.0000E+00 0.0000E+00 0.0000E+00 0.0000E+00 0.0000E+00 0.0000E+00 0.0000E+00 0.0000E+00 0.0000E+00 0.0000E+00 0.0000E+00 0.0000E+00 0.0000E+00 0.0000E+00 0.0000E+00 0.0000E+00 0.0000E+00 0.0000E+00 0.0000E+00 0.0000E+00 0.0000E+00 0.0000E+00 2.4992E-12 5.3879E-12 1.7861E-11 3.5384E-11 5.2769E-11 9.0957E-11 1.2546E-10 1.6298E-10 2.0368E-10 2.5313E-10 3.2711E-10 3.9744E-10 4.7102E-10 5.4841E-10 6.3447E-10 7.3011E-10 8.3823E-10 9.6000E-10 1.0944E-09 1.2473E-09 1.4166E-09 1.6037E-09 1.8134E-09 2.0412E-09 2.2917E-09 2.5763E-09 2.8857E-09 3.2380E-09 3.6208E-09 4.0445E-09 4.5007E-09 4.9692E-09 5.4384E-09
0.0000E+00 0.0000E+00 0.0000E+00 0.0000E+00 0.0000E+00 0.0000E+00 0.0000E+00 0.0000E+00 0.0000E+00 0.0000E+00 0.0000E+00 0.0000E+00 0.0000E+00 0.0000E+00 0.0000E+00 0.0000E+00 0.0000E+00 0.0000E+00 0.0000E+00 0.0000E+00 0.0000E+00 0.0000E+00 0.0000E+00 0.0000E+00 2.4640E-12 5.3151E-12 1.7633E-11 2.5647E-11 5.2077E-11 8.9753E-11 1.2376E-10 1.6063E-10 1.9563E-10 2.4927E-10 3.1942E-10 3.9149E-10 4.6513E-10 5.4100E-10 6.2684E-10 7.2151E-10 8.2858E-10 9.4923E-10 1.0835E-09 1.2327E-09 1.4018E-09 1.5872E-09 1.7942E-09 2.0200E-09 2.2769E-09 2.5516E-09 2.8583E-09 3.2091E-09 3.5891E-09 4.0140E-09 4.4710E-09 4.9375E-09 5.4143E-09
0.0000E+00 0.0000E+00 0.0000E+00 0.0000E+00 0.0000E+00 0.0000E+00 0.0000E+00 0.0000E+00 0.0000E+00 0.0000E+00 0.0000E+00 0.0000E+00 0.0000E+00 0.0000E+00 0.0000E+00 0.0000E+00 0.0000E+00 0.0000E+00 0.0000E+00 0.0000E+00 0.0000E+00 0.0000E+00 0.0000E+00 0.0000E+00 8.0981E-13 3.5604E-12 1.7378E-11 2.4443E-11 5.1299E-11 8.7971E-11 1.1606E-10 1.5175E-10 1.9232E-10 2.4225E-10 3.1374E-10 3.8274E-10 4.5717E-10 5.3298E-10 6.1782E-10 7.1127E-10 8.1701E-10 9.3503E-10 1.0689E-09 1.2176E-09 1.3824E-09 1.5683E-09 1.7705E-09 2.0018E-09 2.2489E-09 2.5206E-09 2.8326E-09 3.1726E-09 3.5491E-09 3.9782E-09 4.4284E-09 4.9008E-09 5.3774E-09
0.0000E+00 0.0000E+00 0.0000E+00 0.0000E+00 0.0000E+00 0.0000E+00 0.0000E+00 0.0000E+00 0.0000E+00 0.0000E+00 0.0000E+00 0.0000E+00 0.0000E+00 0.0000E+00 0.0000E+00 0.0000E+00 0.0000E+00 0.0000E+00 0.0000E+00 0.0000E+00 0.0000E+00 0.0000E+00 0.0000E+00 0.0000E+00 7.9577E-13 3.5003E-12 1.5360E-11 2.3187E-11 5.0438E-11 8.5494E-11 1.0765E-10 1.4896E-10 1.8684E-10 2.3130E-10 3.0152E-10 3.7094E-10 4.4921E-10 5.2387E-10 6.0734E-10 6.9937E-10 8.0354E-10 9.2099E-10 1.0506E-09 1.1984E-09 1.3621E-09 1.5432E-09 1.7452E-09 1.9716E-09 2.2156E-09 2.4918E-09 2.7927E-09 3.1287E-09 3.5099E-09 3.9280E-09 4.3764E-09 4.8526E-09 5.3269E-09
0.0000E+00 0.0000E+00 0.0000E+00 0.0000E+00 0.0000E+00 0.0000E+00 0.0000E+00 0.0000E+00 0.0000E+00 0.0000E+00 0.0000E+00 0.0000E+00 0.0000E+00 0.0000E+00 0.0000E+00 0.0000E+00 0.0000E+00 0.0000E+00 0.0000E+00 0.0000E+00 0.0000E+00 0.0000E+00 0.0000E+00 0.0000E+00 0.0000E+00 3.4368E-12 8.2020E-12 2.1762E-11 4.9498E-11 7.8032E-11 1.0122E-10 1.3907E-10 1.8243E-10 2.2617E-10 2.8672E-10 3.5985E-10 4.3848E-10 5.1173E-10 5.9442E-10 6.8589E-10 7.8827E-10 9.0374E-10 1.0324E-09 1.1753E-09 1.3377E-09 1.5145E-09 1.7188E-09 1.9369E-09 2.1798E-09 2.4503E-09 2.7466E-09 3.0863E-09 3.4550E-09 3.8695E-09 4.3241E-09 4.7917E-09 5.2712E-09
0.0000E+00 0.0000E+00 0.0000E+00 0.0000E+00 0.0000E+00 0.0000E+00 0.0000E+00 0.0000E+00 0.0000E+00 0.0000E+00 0.0000E+00 0.0000E+00 0.0000E+00 0.0000E+00 0.0000E+00 0.0000E+00 0.0000E+00 0.0000E+00 0.0000E+00 0.0000E+00 0.0000E+00 0.0000E+00 0.0000E+00 0.0000E+00 0.0000E+00 2.5586E-12 7.1762E-12 2.1340E-11 4.8485E-11 7.0431E-11 9.9082E-11 1.3603E-10 1.7623E-10 2.1550E-10 2.7369E-10 3.4502E-10 4.2870E-10 5.0038E-10 5.8248E-10 6.7107E-10 7.7140E-10 8.8344E-10 1.0108E-09 1.1522E-09 1.3091E-09 1.4877E-09 1.6838E-09 1.8979E-09 2.1424E-09 2.4034E-09 2.7002E-09 3.0296E-09 3.3934E-09 3.8116E-09 4.2552E-09 4.7212E-09 5.2042E-09
0.0000E+00 0.0000E+00 0.0000E+00 0.0000E+00 0.0000E+00 0.0000E+00 0.0000E+00 0.0000E+00 0.0000E+00 0.0000E+00 0.0000E+00 0.0000E+00 0.0000E+00 0.0000E+00 0.0000E+00 0.0000E+00 0.0000E+00 0.0000E+00 0.0000E+00 0.0000E+00 0.0000E+00 0.0000E+00 0.0000E+00 0.0000E+00 0.0000E+00 2.5061E-12 5.4186E-12 1.9201E-11 3.9346E-11 5.5672E-11 9.5777E-11 1.2756E-10 1.6748E-10 2.0524E-10 2.6333E-10 3.3433E-10 4.1442E-10 4.8695E-10 5.6651E-10 6.5490E-10 7.5301E-10 8.6258E-10 9.8594E-10 1.1256E-09 1.2779E-09 1.4557E-09 1.6453E-09 1.8629E-09 2.0957E-09 2.3519E-09 2.6459E-09 2.9673E-09 3.3336E-09 3.7386E-09 4.1779E-09 4.6511E-09 5.1250E-09
0.0000E+00 0.0000E+00 0.0000E+00 0.0000E+00 0.0000E+00 0.0000E+00 0.0000E+00 0.0000E+00 0.0000E+00 0.0000E+00 0.0000E+00 0.0000E+00 0.0000E+00 0.0000E+00 0.0000E+00 0.0000E+00 0.0000E+00 0.0000E+00 0.0000E+00 0.0000E+00 0.0000E+00 0.0000E+00 0.0000E+00 0.0000E+00 0.0000E+00 2.4515E-12 5.3033E-12 1.8759E-11 3.2145E-11 5.3460E-11 9.3379E-11 1.2430E-10 1.5431E-10 1.9714E-10 2.4530E-10 3.2033E-10 3.9808E-10 4.7484E-10 5.5135E-10 6.3751E-10 7.3321E-10 8.4127E-10 9.6174E-10 1.0957E-09 1.2494E-09 1.4185E-09 1.6037E-09 1.8173E-09 2.0452E-09 2.3039E-09 2.5846E-09 2.8994E-09 3.2604E-09 3.6584E-09 4.1021E-09 4.5645E-09 5.0369E-09
0.0000E+00 0.0000E+00 0.0000E+00 0.0000E+00 0.0000E+00 0.0000E+00 0.0000E+00 0.0000E+00 0.0000E+00 0.0000E+00 0.0000E+00 0.0000E+00 0.0000E+00 0.0000E+00 0.0000E+00 0.0000E+00 0.0000E+00 0.0000E+00 0.0000E+00 0.0000E+00 0.0000E+00 0.0000E+00 0.0000E+00 0.0000E+00 0.0000E+00 7.9519E-13 3.5037E-12 1.6531E-11 2.4404E-11 5.1057E-11 8.7509E-11 1.1262E-10 1.4524E-10 1.9111E-10 2.3077E-10 3.0511E-10 3.8333E-10 4.5870E-10 5.3448E-10 6.1797E-10 7.1107E-10 8.1627E-10 9.3471E-10 1.0639E-09 1.2164E-09 1.3788E-09 1.5671E-09 1.7687E-09 1.9910E-09 2.2446E-09 2.5188E-09 2.8351E-09 3.1812E-09 3.5779E-09 4.0116E-09 4.4701E-09 4.9470E-09
0.0000E+00 0.0000E+00 0.0000E+00 0.0000E+00 0.0000E+00 0.0000E+00 0.0000E+00 0.0000E+00 0.0000E+00 0.0000E+00 0.0000E+00 0.0000E+00 0.0000E+00 0.0000E+00 0.0000E+00 0.0000E+00 0.0000E+00 0.0000E+00 0.0000E+00 0.0000E+00 0.0000E+00 0.0000E+00 0.0000E+00 0.0000E+00 0.0000E+00 0.0000E+00 3.4180E-12 1.4338E-11 2.2901E-11 4.9638E-11 7.5599E-11 1.0126E-10 1.3867E-10 1.7681E-10 2.1843E-10 2.8459E-10 3.6400E-10 4.4408E-10 5.1770E-10 5.9872E-10 6.8907E-10 7.9122E-10 9.0509E-10 1.0354E-09 1.1792E-09 1.3369E-09 1.5210E-09 1.7172E-09 1.9419E-09 2.1819E-09 2.4545E-09 2.7582E-09 3.0971E-09 3.4894E-09 3.9148E-09 4.3748E-09 4.8438E-09
0.0000E+00 0.0000E+00 0.0000E+00 0.0000E+00 0.0000E+00 0.0000E+00 0.0000E+00 0.0000E+00 0.0000E+00 0.0000E+00 0.0000E+00 0.0000E+00 0.0000E+00 0.0000E+00 0.0000E+00 0.0000E+00 0.0000E+00 0.0000E+00 0.0000E+00 0.0000E+00 0.0000E+00 0.0000E+00 0.0000E+00 0.0000E+00 0.0000E+00 0.0000E+00 2.5319E-12 6.3643E-12 2.1258E-11 4.1015E-11 6.5490E-11 9.8140E-11 1.2943E-10 1.6401E-10 2.0608E-10 2.6192E-10 3.4312E-10 4.2524E-10 4.9834E-10 5.7864E-10 6.6614E-10 7.6512E-10 8.7418E-10 1.0032E-09 1.1403E-09 1.2985E-09 1.4728E-09 1.6657E-09 1.8826E-09 2.1161E-09 2.3843E-09 2.6778E-09 3.0174E-09 3.3934E-09 3.8159E-09 4.2677E-09 4.7334E-09
0.0000E+00 0.0000E+00 0.0000E+00 0.0000E+00 0.0000E+00 0.0000E+00 0.0000E+00 0.0000E+00 0.0000E+00 0.0000E+00 0.0000E+00 0.0000E+00 0.0000E+00 0.0000E+00 0.0000E+00 0.0000E+00 0.0000E+00 0.0000E+00 0.0000E+00 0.0000E+00 0.0000E+00 0.0000E+00 0.0000E+00 0.0000E+00 0.0000E+00 0.0000E+00 2.4637E-12 5.3384E-12 1.8951E-11 3.3601E-11 5.4721E-11 9.3905E-11 1.2205E-10 1.4988E-10 1.9837E-10 2.4072E-10 3.2257E-10 4.0542E-10 4.8032E-10 5.5715E-10 6.4242E-10 7.3813E-10 8.4477E-10 9.6753E-10 1.0999E-09 1.2563E-09 1.4226E-09 1.6152E-09 1.8210E-09 2.0532E-09 2.3087E-09 2.5971E-09 2.9262E-09 3.2928E-09 3.7109E-09 4.1549E-09 4.6230E-09
0.0000E+00 0.0000E+00 0.0000E+00 0.0000E+00 0.0000E+00 0.0000E+00 0.0000E+00 0.0000E+00 0.0000E+00 0.0000E+00 0.0000E+00 0.0000E+00 0.0000E+00 0.0000E+00 0.0000E+00 0.0000E+00 0.0000E+00 0.0000E+00 0.0000E+00 0.0000E+00 0.0000E+00 0.0000E+00 0.0000E+00 0.0000E+00 0.0000E+00 0.0000E+00 0.0000E+00 5.1905E-12 1.5731E-11 2.4473E-11 5.1013E-11 8.7292E-11 1.0970E-10 1.4226E-10 1.8215E-10 2.2464E-10 2.9626E-10 3.8269E-10 4.6035E-10 5.3479E-10 6.1697E-10 7.0929E-10 8.1461E-10 9.3083E-10 1.0613E-09 1.2104E-09 1.3709E-09 1.5583E-09 1.7574E-09 1.9855E-09 2.2308E-09 2.5167E-09 2.8314E-09 3.1949E-09 3.5995E-09 4.0433E-09 4.5009E-09
0.0000E+00 0.0000E+00 0.0000E+00 0.0000E+00 0.0000E+00 0.0000E+00 0.0000E+00 0.0000E+00 0.0000E+00 0.0000E+00 0.0000E+00 0.0000E+00 0.0000E+00 0.0000E+00 0.0000E+00 0.0000E+00 0.0000E+00 0.0000E+00 0.0000E+00 0.0000E+00 0.0000E+00 0.0000E+00 0.0000E+00 0.0000E+00 0.0000E+00 0.0000E+00 0.0000E+00 2.5808E-12 1.5199E-11 2.2798E-11 4.9224E-11 7.3418E-11 1.0003E-10 1.3462E-10 1.6649E-10 2.1286E-10 2.6940E-10 3.5632E-10 4.4202E-10 5.1257E-10 5.9236E-10 6.7989E-10 7.8387E-10 8.9341E-10 1.0244E-09 1.1633E-09 1.3237E-09 1.4999E-09 1.6976E-09 1.9139E-09 2.1539E-09 2.4287E-09 2.7341E-09 3.0883E-09 3.4844E-09 3.9215E-09 4.3737E-09
