Assets/Resources/2015_m01_d29_0000(utc+0800)_l00_csi_1hr_conc.grd
DSAA
         159         159
     -79.000      79.000
     -79.000      79.000
  0.0000E+00  0.1763E-05
[rows 0 to 24 of 159, columns 0 to 56 of 159]
3.2384E-10 3.5541E-10 3.9154E-10 4.2829E-10 4.6863E-10 5.1192E-10 5.5696E-10 6.0689E-10 6.5786E-10 7.1171E-10 7.7059E-10 8.3047E-10 8.9319E-10 9.6084E-10 1.0293E-09 1.1004E-09 1.1752E-09 1.2525E-09 1.3309E-09 1.4125E-09 1.6017E-09 1.8333E-09 2.0799E-09 2.2949E-09 2.4565E-09 2.5721E-09 2.6556E-09 2.7179E-09 2.7671E-09 2.8097E-09 2.8516E-09 2.8915E-09 2.9307E-09 2.9698E-09 3.0105E-09 3.0489E-09 3.0854E-09 3.1197E-09 3.1513E-09 3.1804E-09 3.2044E-09 3.2250E-09 3.2408E-09 3.2508E-09 3.2548E-09 3.2524E-09 3.2433E-09 3.2289E-09 3.2059E-09 3.1751E-09 3.1371E-09 3.0925E-09 3.0416E-09 2.9853E-09 2.9240E-09 2.8559E-09 2.7821E-09
3.2757E-10 3.5969E-10 3.9659E-10 4.3403E-10 4.7628E-10 5.1944E-10 5.6641E-10 6.1654E-10 6.6865E-10 7.2474E-10 7.8411E-10 8.4543E-10 9.1073E-10 9.7925E-10 1.0496E-09 1.1237E-09 1.2008E-09 1.2792E-09 1.3612E-09 1.4455E-09 1.5308E-09 1.7261E-09 1.9928E-09 2.2800E-09 2.5210E-09 2.6956E-09 2.8124E-09 2.8882E-09 2.9402E-09 2.9818E-09 3.0166E-09 3.0492E-09 3.0828E-09 3.1183E-09 3.1529E-09 3.1876E-09 3.2216E-09 3.2557E-09 3.2863E-09 3.3152E-09 3.3410E-09 3.3625E-09 3.3788E-09 3.3896E-09 3.3944E-09 3.3934E-09 3.3858E-09 3.3694E-09 3.3456E-09 3.3147E-09 3.2769E-09 3.2337E-09 3.1843E-09 3.1268E-09 3.0630E-09 2.9933E-09 2.9180E-09
3.3059E-10 3.6320E-10 4.0079E-10 4.3886E-10 4.8195E-10 5.2588E-10 5.7483E-10 6.2494E-10 6.7808E-10 7.3649E-10 7.9608E-10 8.5874E-10 9.2674E-10 9.9581E-10 1.0678E-09 1.1451E-09 1.2231E-09 1.3038E-09 1.3893E-09 1.4750E-09 1.5629E-09 1.6547E-09 1.8241E-09 2.1514E-09 2.4876E-09 2.7641E-09 2.9506E-09 3.0642E-09 3.1324E-09 3.1733E-09 3.2014E-09 3.2262E-09 3.2519E-09 3.2776E-09 3.3054E-09 3.3345E-09 3.3658E-09 3.3965E-09 3.4270E-09 3.4553E-09 3.4804E-09 3.5018E-09 3.5183E-09 3.5296E-09 3.5364E-09 3.5346E-09 3.5252E-09 3.5090E-09 3.4857E-09 3.4567E-09 3.4212E-09 3.3771E-09 3.3259E-09 3.2680E-09 3.2036E-09 3.1329E-09 3.0573E-09
3.3288E-10 3.6590E-10 4.0412E-10 4.4273E-10 4.8659E-10 5.3219E-10 5.8106E-10 6.3202E-10 6.8713E-10 7.4571E-10 8.0641E-10 8.7139E-10 9.3986E-10 1.0104E-09 1.0852E-09 1.1633E-09 1.2432E-09 1.3270E-09 1.4138E-09 1.5019E-09 1.5934E-09 1.6871E-09 1.7814E-09 1.9556E-09 2.3064E-09 2.6968E-09 3.0134E-09 3.2165E-09 3.3284E-09 3.3831E-09 3.4098E-09 3.4265E-09 3.4390E-09 3.4535E-09 3.4711E-09 3.4941E-09 3.5194E-09 3.5461E-09 3.5731E-09 3.5989E-09 3.6227E-09 3.6430E-09 3.6598E-09 3.6714E-09 3.6753E-09 3.6733E-09 3.6645E-09 3.6490E-09 3.6298E-09 3.6003E-09 3.5637E-09 3.5198E-09 3.4687E-09 3.4107E-09 3.3476E-09 3.2765E-09 3.1993E-09
3.3441E-10 3.6777E-10 4.0654E-10 4.4560E-10 4.9014E-10 5.3640E-10 5.8602E-10 6.3772E-10 6.9487E-10 7.5331E-10 8.1560E-10 8.8238E-10 9.5102E-10 1.0240E-09 1.1005E-09 1.1791E-09 1.2619E-09 1.3479E-09 1.4356E-09 1.5271E-09 1.6211E-09 1.7163E-09 1.8133E-09 1.9144E-09 2.0867E-09 2.4440E-09 2.8935E-09 3.2616E-09 3.4839E-09 3.5923E-09 3.6370E-09 3.6482E-09 3.6488E-09 3.6494E-09 3.6566E-09 3.6681E-09 3.6840E-09 3.7036E-09 3.7249E-09 3.7469E-09 3.7677E-09 3.7872E-09 3.8008E-09 3.8099E-09 3.8139E-09 3.8120E-09 3.8070E-09 3.7927E-09 3.7711E-09 3.7426E-09 3.7066E-09 3.6631E-09 3.6143E-09 3.5565E-09 3.4925E-09 3.4219E-09 3.3440E-09
3.3516E-10 3.6878E-10 4.0803E-10 4.4745E-10 4.9257E-10 5.3940E-10 5.8966E-10 6.4305E-10 7.0000E-10 7.5924E-10 8.2405E-10 8.9038E-10 9.6013E-10 1.0356E-09 1.1124E-09 1.1925E-09 1.2782E-09 1.3649E-09 1.4546E-09 1.5494E-09 1.6447E-09 1.7423E-09 1.8438E-09 1.9459E-09 2.0489E-09 2.2122E-09 2.5599E-09 3.0576E-09 3.4831E-09 3.7368E-09 3.8483E-09 3.8806E-09 3.8794E-09 3.8696E-09 3.8603E-09 3.8569E-09 3.8604E-09 3.8697E-09 3.8832E-09 3.8990E-09 3.9153E-09 3.9292E-09 3.9407E-09 3.9488E-09 3.9523E-09 3.9539E-09 3.9468E-09 3.9330E-09 3.9123E-09 3.8847E-09 3.8513E-09 3.8089E-09 3.7596E-09 3.7033E-09 3.6389E-09 3.5673E-09 3.4890E-09
3.3512E-10 3.6893E-10 4.0856E-10 4.4825E-10 4.9386E-10 5.4115E-10 5.9195E-10 6.4593E-10 7.0353E-10 7.6447E-10 8.2918E-10 8.9640E-10 9.6820E-10 1.0438E-09 1.1219E-09 1.2045E-09 1.2907E-09 1.3791E-09 1.4717E-09 1.5675E-09 1.6649E-09 1.7659E-09 1.8695E-09 1.9737E-09 2.0795E-09 2.1890E-09 2.2971E-09 2.6127E-09 3.1667E-09 3.6527E-09 3.9475E-09 4.0749E-09 4.1078E-09 4.0984E-09 4.0776E-09 4.0590E-09 4.0479E-09 4.0445E-09 4.0464E-09 4.0539E-09 4.0629E-09 4.0726E-09 4.0813E-09 4.0906E-09 4.0940E-09 4.0927E-09 4.0857E-09 4.0726E-09 4.0544E-09 4.0282E-09 3.9941E-09 3.9546E-09 3.9056E-09 3.8492E-09 3.7851E-09 3.7138E-09 3.6355E-09
3.3429E-10 3.6820E-10 4.0812E-10 4.4799E-10 4.9402E-10 5.4162E-10 5.9284E-10 6.4724E-10 7.0542E-10 7.6697E-10 8.3241E-10 9.0036E-10 9.7423E-10 1.0497E-09 1.1299E-09 1.2140E-09 1.3004E-09 1.3907E-09 1.4858E-09 1.5824E-09 1.6817E-09 1.7862E-09 1.8909E-09 1.9976E-09 2.1085E-09 2.2186E-09 2.3297E-09 2.4425E-09 2.7174E-09 3.2095E-09 3.7375E-09 4.0897E-09 4.2497E-09 4.2941E-09 4.2864E-09 4.2629E-09 4.2391E-09 4.2213E-09 4.2130E-09 4.2100E-09 4.2120E-09 4.2165E-09 4.2251E-09 4.2296E-09 4.2315E-09 4.2300E-09 4.2233E-09 4.2129E-09 4.1944E-09 4.1706E-09 4.1382E-09 4.0981E-09 4.0503E-09 3.9949E-09 3.9317E-09 3.8629E-09 3.7850E-09
3.3266E-10 3.6658E-10 4.0672E-10 4.4668E-10 4.9293E-10 5.4079E-10 5.9229E-10 6.4702E-10 7.0564E-10 7.6766E-10 8.3369E-10 9.0329E-10 9.7695E-10 1.0532E-09 1.1348E-09 1.2196E-09 1.3072E-09 1.4007E-09 1.4956E-09 1.5937E-09 1.6972E-09 1.8015E-09 1.9083E-09 2.0185E-09 2.1309E-09 2.2438E-09 2.3593E-09 2.4768E-09 2.5935E-09 2.8022E-09 3.1634E-09 3.7253E-09 4.1295E-09 4.3426E-09 4.4196E-09 4.4277E-09 4.4106E-09 4.3910E-09 4.3741E-09 4.3638E-09 4.3591E-09 4.3619E-09 4.3639E-09 4.3660E-09 4.3671E-09 4.3658E-09 4.3603E-09 4.3492E-09 4.3336E-09 4.3100E-09 4.2789E-09 4.2404E-09 4.1942E-09 4.1419E-09 4.0801E-09 4.0107E-09 3.9361E-09
3.3024E-10 3.6409E-10 4.0434E-10 4.4427E-10 4.9066E-10 5.3863E-10 5.9027E-10 6.4525E-10 7.0412E-10 7.6651E-10 8.3300E-10 9.0309E-10 9.7737E-10 1.0554E-09 1.1375E-09 1.2224E-09 1.3121E-09 1.4059E-09 1.5020E-09 1.6026E-09 1.7068E-09 1.8128E-09 1.9227E-09 2.0353E-09 2.1491E-09 2.2655E-09 2.3861E-09 2.5055E-09 2.6254E-09 2.7467E-09 2.8665E-09 3.2000E-09 3.6452E-09 4.0640E-09 4.3352E-09 4.4646E-09 4.5111E-09 4.5173E-09 4.5101E-09 4.5013E-09 4.4982E-09 4.4960E-09 4.4960E-09 4.4971E-09 4.4991E-09 4.4972E-09 4.4931E-09 4.4837E-09 4.4680E-09 4.4462E-09 4.4171E-09 4.3816E-09 4.3383E-09 4.2862E-09 4.2288E-09 4.1610E-09 4.0853E-09
3.2708E-10 3.6073E-10 4.0098E-10 4.4070E-10 4.8719E-10 5.3512E-10 5.8684E-10 6.4190E-10 7.0092E-10 7.6352E-10 8.3026E-10 9.0074E-10 9.7545E-10 1.0548E-09 1.1368E-09 1.2224E-09 1.3142E-09 1.4077E-09 1.5050E-09 1.6081E-09 1.7126E-09 1.8202E-09 1.9332E-09 2.0474E-09 2.1642E-09 2.2856E-09 2.4066E-09 2.5288E-09 2.6518E-09 2.7765E-09 2.8994E-09 3.0202E-09 3.2267E-09 3.5459E-09 3.9385E-09 4.2459E-09 4.4354E-09 4.5321E-09 4.5756E-09 4.5964E-09 4.6044E-09 4.6088E-09 4.6124E-09 4.6176E-09 4.6198E-09 4.6217E-09 4.6185E-09 4.6106E-09 4.5976E-09 4.5780E-09 4.5533E-09 4.5197E-09 4.4801E-09 4.4314E-09 4.3738E-09 4.3081E-09 4.2344E-09
3.2305E-10 3.5648E-10 3.9658E-10 4.3609E-10 4.8253E-10 5.3033E-10 5.8197E-10 6.3695E-10 6.9603E-10 7.5865E-10 8.2554E-10 8.9623E-10 9.7122E-10 1.0514E-09 1.1334E-09 1.2206E-09 1.3121E-09 1.4063E-09 1.5056E-09 1.6088E-09 1.7145E-09 1.8251E-09 1.9395E-09 2.0557E-09 2.1756E-09 2.2983E-09 2.4217E-09 2.5466E-09 2.6737E-09 2.7991E-09 2.9238E-09 3.0476E-09 3.1699E-09 3.2903E-09 3.5362E-09 3.8095E-09 4.1256E-09 4.3530E-09 4.5046E-09 4.5934E-09 4.6451E-09 4.6763E-09 4.6986E-09 4.7127E-09 4.7241E-09 4.7303E-09 4.7317E-09 4.7283E-09 4.7193E-09 4.7050E-09 4.6825E-09 4.6549E-09 4.6169E-09 4.5710E-09 4.5164E-09 4.4564E-09 4.3871E-09
3.1828E-10 3.5136E-10 3.9125E-10 4.3043E-10 4.7664E-10 5.2425E-10 5.7566E-10 6.3050E-10 6.8945E-10 7.5197E-10 8.1886E-10 8.8953E-10 9.6466E-10 1.0451E-09 1.1273E-09 1.2160E-09 1.3068E-09 1.4016E-09 1.5029E-09 1.6060E-09 1.7133E-09 1.8266E-09 1.9413E-09 2.0590E-09 2.1822E-09 2.3058E-09 2.4313E-09 2.5592E-09 2.6864E-09 2.8141E-09 2.9418E-09 3.0687E-09 3.1945E-09 3.3197E-09 3.4413E-09 3.5596E-09 3.7995E-09 4.0210E-09 4.2701E-09 4.4501E-09 4.5783E-09 4.6670E-09 4.7257E-09 4.7676E-09 4.7960E-09 4.8149E-09 4.8262E-09 4.8327E-09 4.8301E-09 4.8211E-09 4.8061E-09 4.7809E-09 4.7478E-09 4.7082E-09 4.6586E-09 4.6029E-09 4.5358E-09
3.1276E-10 3.4535E-10 3.8499E-10 4.2368E-10 4.6965E-10 5.1693E-10 5.6801E-10 6.2254E-10 6.8118E-10 7.4350E-10 8.1017E-10 8.8072E-10 9.5581E-10 1.0363E-09 1.1185E-09 1.2075E-09 1.2985E-09 1.3949E-09 1.4960E-09 1.6001E-09 1.7093E-09 1.8227E-09 1.9384E-09 2.0588E-09 2.1826E-09 2.3073E-09 2.4337E-09 2.5633E-09 2.6927E-09 2.8230E-09 2.9533E-09 3.0833E-09 3.2121E-09 3.3409E-09 3.4662E-09 3.5883E-09 3.7100E-09 3.8247E-09 4.0352E-09 4.2110E-09 4.4104E-09 4.5594E-09 4.6749E-09 4.7591E-09 4.8197E-09 4.8627E-09 4.8943E-09 4.9129E-09 4.9242E-09 4.9244E-09 4.9153E-09 4.8975E-09 4.8734E-09 4.8406E-09 4.7965E-09 4.7432E-09 4.6837E-09
3.0646E-10 3.3858E-10 3.7783E-10 4.1597E-10 4.6158E-10 5.0833E-10 5.5901E-10 6.1307E-10 6.7134E-10 7.3328E-10 7.9959E-10 8.6985E-10 9.4465E-10 1.0251E-09 1.1071E-09 1.1962E-09 1.2874E-09 1.3854E-09 1.4857E-09 1.5902E-09 1.7013E-09 1.8143E-09 1.9310E-09 2.0536E-09 2.1765E-09 2.3022E-09 2.4315E-09 2.5615E-09 2.6931E-09 2.8255E-09 2.9583E-09 3.0910E-09 3.2244E-09 3.3552E-09 3.4836E-09 3.6113E-09 3.7358E-09 3.8551E-09 3.9698E-09 4.0808E-09 4.2562E-09 4.4023E-09 4.5612E-09 4.6863E-09 4.7863E-09 4.8652E-09 4.9221E-09 4.9649E-09 4.9916E-09 5.0056E-09 5.0095E-09 5.0037E-09 4.9890E-09 4.9620E-09 4.9275E-09 4.8814E-09 4.8285E-09
2.9952E-10 3.3105E-10 3.6977E-10 4.0733E-10 4.5240E-10 4.9861E-10 5.4875E-10 6.0222E-10 6.5995E-10 7.2130E-10 7.8717E-10 8.5691E-10 9.3132E-10 1.0115E-09 1.0932E-09 1.1823E-09 1.2733E-09 1.3715E-09 1.4718E-09 1.5776E-09 1.6881E-09 1.8014E-09 1.9206E-09 2.0412E-09 2.1650E-09 2.2930E-09 2.4224E-09 2.5540E-09 2.6873E-09 2.8218E-09 2.9569E-09 3.0935E-09 3.2284E-09 3.3620E-09 3.4940E-09 3.6270E-09 3.7540E-09 3.8777E-09 3.9985E-09 4.1132E-09 4.2238E-09 4.3267E-09 4.4710E-09 4.5910E-09 4.7212E-09 4.8252E-09 4.9130E-09 4.9797E-09 5.0287E-09 5.0644E-09 5.0862E-09 5.0936E-09 5.0887E-09 5.0749E-09 5.0506E-09 5.0133E-09 4.9653E-09
2.9193E-10 3.2276E-10 3.6094E-10 3.9779E-10 4.4225E-10 4.8780E-10 5.3720E-10 5.9002E-10 6.4704E-10 7.0774E-10 7.7296E-10 8.4204E-10 9.1585E-10 9.9554E-10 1.0767E-09 1.1655E-09 1.2562E-09 1.3542E-09 1.4543E-09 1.5601E-09 1.6704E-09 1.7834E-09 1.9030E-09 2.0240E-09 2.1485E-09 2.2774E-09 2.4079E-09 2.5407E-09 2.6755E-09 2.8117E-09 2.9487E-09 3.0878E-09 3.2251E-09 3.3617E-09 3.5001E-09 3.6337E-09 3.7648E-09 3.8932E-09 4.0179E-09 4.1386E-09 4.2534E-09 4.3620E-09 4.4638E-09 4.5602E-09 4.6788E-09 4.7813E-09 4.8848E-09 4.9697E-09 5.0420E-09 5.0992E-09 5.1379E-09 5.1636E-09 5.1748E-09 5.1751E-09 5.1604E-09 5.1361E-09 5.0985E-09
2.8376E-10 3.1384E-10 3.5137E-10 3.8738E-10 4.3119E-10 4.7596E-10 5.2454E-10 5.7657E-10 6.3275E-10 6.9263E-10 7.5693E-10 8.2518E-10 8.9819E-10 9.7730E-10 1.0577E-09 1.1460E-09 1.2360E-09 1.3337E-09 1.4332E-09 1.5385E-09 1.6485E-09 1.7614E-09 1.8811E-09 2.0023E-09 2.1283E-09 2.2566E-09 2.3879E-09 2.5217E-09 2.6576E-09 2.7952E-09 2.9355E-09 3.0751E-09 3.2147E-09 3.3556E-09 3.4958E-09 3.6329E-09 3.7675E-09 3.9011E-09 4.0296E-09 4.1555E-09 4.2748E-09 4.3889E-09 4.4982E-09 4.5993E-09 4.6953E-09 4.7810E-09 4.8788E-09 4.9640E-09 5.0395E-09 5.1173E-09 5.1747E-09 5.2187E-09 5.2456E-09 5.2610E-09 5.2634E-09 5.2533E-09 5.2281E-09
2.7499E-10 3.0432E-10 3.4114E-10 3.7624E-10 4.1926E-10 4.6309E-10 5.1083E-10 5.6187E-10 6.1708E-10 6.7586E-10 7.3913E-10 8.0644E-10 8.7853E-10 9.5686E-10 1.0363E-09 1.1239E-09 1.2131E-09 1.3100E-09 1.4087E-09 1.5133E-09 1.6229E-09 1.7353E-09 1.8550E-09 1.9761E-09 2.1023E-09 2.2308E-09 2.3625E-09 2.4970E-09 2.6338E-09 2.7725E-09 2.9144E-09 3.0556E-09 3.1975E-09 3.3426E-09 3.4840E-09 3.6243E-09 3.7642E-09 3.9002E-09 4.0346E-09 4.1636E-09 4.2882E-09 4.4091E-09 4.5228E-09 4.6324E-09 4.7327E-09 4.8256E-09 4.9128E-09 4.9919E-09 5.0598E-09 5.1434E-09 5.2047E-09 5.2658E-09 5.3088E-09 5.3376E-09 5.3541E-09 5.3553E-09 5.3457E-09
2.6579E-10 2.9427E-10 3.3021E-10 3.6442E-10 4.0651E-10 4.4940E-10 4.9608E-10 5.4586E-10 5.9990E-10 6.5752E-10 7.1977E-10 7.8593E-10 8.5699E-10 9.3434E-10 1.0126E-09 1.0994E-09 1.1873E-09 1.2834E-09 1.3811E-09 1.4849E-09 1.5938E-09 1.7055E-09 1.8249E-09 1.9455E-09 2.0716E-09 2.2001E-09 2.3319E-09 2.4667E-09 2.6041E-09 2.7453E-09 2.8868E-09 3.0297E-09 3.1765E-09 3.3208E-09 3.4650E-09 3.6097E-09 3.7516E-09 3.8929E-09 4.0299E-09 4.1636E-09 4.2928E-09 4.4194E-09 4.5389E-09 4.6550E-09 4.7622E-09 4.8647E-09 4.9598E-09 5.0446E-09 5.1233E-09 5.1933E-09 5.2540E-09 5.3202E-09 5.3684E-09 5.4023E-09 5.4367E-09 5.4536E-09 5.4590E-09
2.5617E-10 2.8369E-10 3.1879E-10 3.5199E-10 3.9307E-10 4.3469E-10 4.8002E-10 5.2869E-10 5.8150E-10 6.3795E-10 6.9899E-10 7.6388E-10 8.3372E-10 9.0997E-10 9.8702E-10 1.0725E-09 1.1592E-09 1.2542E-09 1.3507E-09 1.4534E-09 1.5614E-09 1.6721E-09 1.7909E-09 1.9108E-09 2.0365E-09 2.1646E-09 2.2963E-09 2.4311E-09 2.5693E-09 2.7107E-09 2.8531E-09 2.9988E-09 3.1458E-09 3.2922E-09 3.4385E-09 3.5860E-09 3.7311E-09 3.8760E-09 4.0171E-09 4.1550E-09 4.2911E-09 4.4214E-09 4.5494E-09 4.6693E-09 4.7859E-09 4.8961E-09 4.9969E-09 5.0925E-09 5.1803E-09 5.2596E-09 5.3299E-09 5.3909E-09 5.4393E-09 5.4901E-09 5.5251E-09 5.5527E-09 5.5711E-09
2.4620E-10 2.7275E-10 3.0689E-10 3.3876E-10 3.7861E-10 4.1900E-10 4.6317E-10 5.1059E-10 5.6210E-10 6.1723E-10 6.7686E-10 7.4057E-10 8.0910E-10 8.8406E-10 9.5957E-10 1.0437E-09 1.1289E-09 1.2226E-09 1.3176E-09 1.4190E-09 1.5258E-09 1.6353E-09 1.7532E-09 1.8722E-09 1.9971E-09 2.1246E-09 2.2558E-09 2.3904E-09 2.5297E-09 2.6704E-09 2.8134E-09 2.9616E-09 3.1086E-09 3.2566E-09 3.4065E-09 3.5551E-09 3.7046E-09 3.8513E-09 3.9962E-09 4.1402E-09 4.2796E-09 4.4177E-09 4.5490E-09 4.6754E-09 4.7990E-09 4.9170E-09 5.0286E-09 5.1336E-09 5.2302E-09 5.3192E-09 5.3996E-09 5.4680E-09 5.5297E-09 5.5861E-09 5.6260E-09 5.6539E-09 5.6842E-09
2.3587E-10 2.6133E-10 2.9417E-10 3.2486E-10 3.6359E-10 4.0273E-10 4.4562E-10 4.9164E-10 5.4182E-10 5.9561E-10 6.5401E-10 7.1626E-10 7.8319E-10 8.5665E-10 9.3040E-10 1.0131E-09 1.0965E-09 1.1887E-09 1.2821E-09 1.3820E-09 1.4874E-09 1.5954E-09 1.7122E-09 1.8299E-09 1.9539E-09 2.0804E-09 2.2108E-09 2.3449E-09 2.4840E-09 2.6247E-09 2.7692E-09 2.9170E-09 3.0650E-09 3.2142E-09 3.3662E-09 3.5169E-09 3.6691E-09 3.8191E-09 3.9674E-09 4.1157E-09 4.2598E-09 4.4033E-09 4.5406E-09 4.6761E-09 4.8071E-09 4.9329E-09 5.0542E-09 5.1660E-09 5.2728E-09 5.3718E-09 5.4598E-09 5.5415E-09 5.6202E-09 5.6810E-09 5.7342E-09 5.7763E-09 5.8063E-09
2.2503E-10 2.4934E-10 2.8108E-10 3.1060E-10 3.4806E-10 3.8596E-10 4.2744E-10 4.7221E-10 5.2117E-10 5.7349E-10 6.3031E-10 6.9082E-10 7.5611E-10 8.2787E-10 8.9982E-10 9.8082E-10 1.0623E-09 1.1529E-09 1.2443E-09 1.3426E-09 1.4462E-09 1.5525E-09 1.6679E-09 1.7842E-09 1.9069E-09 2.0322E-09 2.1616E-09 2.2964E-09 2.4334E-09 2.5738E-09 2.7203E-09 2.8667E-09 3.0153E-09 3.1673E-09 3.3192E-09 3.4735E-09 3.6267E-09 3.7794E-09 3.9330E-09 4.0837E-09 4.2348E-09 4.3808E-09 4.5266E-09 4.6689E-09 4.8070E-09 4.9422E-09 5.0687E-09 5.1915E-09 5.3077E-09 5.4139E-09 5.5171E-09 5.6142E-09 5.6962E-09 5.7721E-09 5.8383E-09 5.8909E-09 5.9336E-09
2.1392E-10 2.3711E-10 2.6777E-10 2.9601E-10 3.3225E-10 3.6890E-10 4.0920E-10 4.5263E-10 4.9997E-10 5.5071E-10 6.0575E-10 6.6454E-10 7.2803E-10 7.9799E-10 8.6795E-10 9.4705E-10 1.0266E-09 1.1152E-09 1.2047E-09 1.3010E-09 1.4027E-09 1.5071E-09 1.6209E-09 1.7354E-09 1.8566E-09 1.9804E-09 2.1085E-09 2.2422E-09 2.3783E-09 2.5180E-09 2.6645E-09 2.8110E-09 2.9599E-09 3.1129E-09 3.2660E-09 3.4221E-09 3.5774E-09 3.7334E-09 3.8897E-09 4.0465E-09 4.1995E-09 4.3533E-09 4.5048E-09 4.6505E-09 4.7964E-09 4.9399E-09 5.0768E-09 5.2086E-09 5.3316E-09 5.4532E-09 5.5688E-09 5.6714E-09 5.7685E-09 5.8572E-09 5.9332E-09 6.0025E-09 6.0603E-09
