Assets/Resources/2015_m01_d07_0600(utc+0800)_l00_csi_1hr_conc.grd
DSAA
         159         159
     -79.000      79.000
     -79.000      79.000
  0.0000E+00  0.6261E-05
[rows 0 to 24 of 159, columns 57 to 113 of 159]
1.8593E-09 1.9691E-09 2.0737E-09 2.2179E-09 2.3571E-09 2.4896E-09 2.6342E-09 2.8110E-09 3.0111E-09 3.1948E-09 3.3911E-09 3.5780E-09 3.7660E-09 3.9435E-09 4.1065E-09 4.2539E-09 4.3850E-09 4.4969E-09 4.5923E-09 4.6699E-09 4.7311E-09 4.7746E-09 4.8000E-09 4.8087E-09 4.8027E-09 4.7835E-09 4.7509E-09 4.7069E-09 4.6525E-09 4.5887E-09 4.5155E-09 4.4342E-09 4.3461E-09 4.2520E-09 4.1530E-09 4.0510E-09 3.9506E-09 3.8513E-09 3.7536E-09 3.6591E-09 3.5658E-09 3.4751E-09 3.3874E-09 3.3038E-09 3.2251E-09 3.1509E-09 3.0832E-09 3.0197E-09 2.9587E-09 2.9013E-09 2.8451E-09 2.7890E-09 2.7325E-09 2.6780E-09 2.6232E-09 2.5684E-09 2.5165E-09
1.9176E-09 2.0305E-09 2.1774E-09 2.3069E-09 2.4322E-09 2.5833E-09 2.7301E-09 2.9066E-09 3.1129E-09 3.3129E-09 3.5124E-09 3.7159E-09 3.9070E-09 4.0938E-09 4.2658E-09 4.4229E-09 4.5636E-09 4.6865E-09 4.7880E-09 4.8685E-09 4.9300E-09 4.9724E-09 4.9984E-09 5.0062E-09 5.0007E-09 4.9780E-09 4.9449E-09 4.8995E-09 4.8423E-09 4.7744E-09 4.6976E-09 4.6128E-09 4.5207E-09 4.4213E-09 4.3171E-09 4.2085E-09 4.0998E-09 3.9932E-09 3.8886E-09 3.7873E-09 3.6894E-09 3.5938E-09 3.5017E-09 3.4131E-09 3.3286E-09 3.2481E-09 3.1717E-09 3.1024E-09 3.0364E-09 2.9748E-09 2.9155E-09 2.8579E-09 2.8007E-09 2.7434E-09 2.6866E-09 2.6305E-09 2.5745E-09
1.9752E-09 2.1305E-09 2.2475E-09 2.3814E-09 2.5208E-09 2.6783E-09 2.8242E-09 3.0075E-09 3.2053E-09 3.4297E-09 3.6400E-09 3.8542E-09 4.0548E-09 4.2487E-09 4.4364E-09 4.6066E-09 4.7536E-09 4.8806E-09 4.9856E-09 5.0714E-09 5.1349E-09 5.1839E-09 5.2099E-09 5.2195E-09 5.2132E-09 5.1917E-09 5.1557E-09 5.1062E-09 5.0452E-09 4.9739E-09 4.8935E-09 4.8035E-09 4.7065E-09 4.6028E-09 4.4934E-09 4.3794E-09 4.2628E-09 4.1483E-09 4.0358E-09 3.9259E-09 3.8200E-09 3.7170E-09 3.6174E-09 3.5232E-09 3.4336E-09 3.3490E-09 3.2683E-09 3.1924E-09 3.1205E-09 3.0524E-09 2.9881E-09 2.9273E-09 2.8677E-09 2.8086E-09 2.7509E-09 2.6926E-09 2.6344E-09
2.0716E-09 2.1959E-09 2.3172E-09 2.4648E-09 2.6105E-09 2.7661E-09 2.9186E-09 3.1218E-09 3.3165E-09 3.5432E-09 3.7642E-09 3.9901E-09 4.2134E-09 4.4196E-09 4.6145E-09 4.7905E-09 4.9476E-09 5.0832E-09 5.1982E-09 5.2885E-09 5.3602E-09 5.4073E-09 5.4346E-09 5.4438E-09 5.4345E-09 5.4109E-09 5.3704E-09 5.3179E-09 5.2538E-09 5.1778E-09 5.0922E-09 4.9983E-09 4.8970E-09 4.7885E-09 4.6740E-09 4.5552E-09 4.4329E-09 4.3107E-09 4.1917E-09 4.0746E-09 3.9606E-09 3.8511E-09 3.7442E-09 3.6417E-09 3.5437E-09 3.4512E-09 3.3651E-09 3.2842E-09 3.2096E-09 3.1370E-09 3.0670E-09 3.0005E-09 2.9361E-09 2.8745E-09 2.8138E-09 2.7545E-09 2.6953E-09
2.1328E-09 2.2606E-09 2.3958E-09 2.5489E-09 2.6924E-09 2.8539E-09 3.0268E-09 3.2259E-09 3.4291E-09 3.6568E-09 3.8937E-09 4.1371E-09 4.3777E-09 4.5927E-09 4.7946E-09 4.9877E-09 5.1554E-09 5.3016E-09 5.4210E-09 5.5161E-09 5.5889E-09 5.6375E-09 5.6676E-09 5.6747E-09 5.6662E-09 5.6386E-09 5.5973E-09 5.5417E-09 5.4741E-09 5.3948E-09 5.3050E-09 5.2059E-09 5.0986E-09 4.9845E-09 4.8651E-09 4.7405E-09 4.6123E-09 4.4811E-09 4.3524E-09 4.2276E-09 4.1061E-09 3.9899E-09 3.8777E-09 3.7681E-09 3.6633E-09 3.5631E-09 3.4691E-09 3.3802E-09 3.2975E-09 3.2220E-09 3.1494E-09 3.0792E-09 3.0101E-09 2.9435E-09 2.8781E-09 2.8161E-09 2.7550E-09
2.1932E-09 2.3288E-09 2.4750E-09 2.6247E-09 2.7766E-09 2.9556E-09 3.1236E-09 3.3303E-09 3.5280E-09 3.7862E-09 4.0253E-09 4.2771E-09 4.5354E-09 4.7773E-09 4.9927E-09 5.1932E-09 5.3705E-09 5.5241E-09 5.6502E-09 5.7531E-09 5.8289E-09 5.8843E-09 5.9161E-09 5.9259E-09 5.9156E-09 5.8888E-09 5.8461E-09 5.7873E-09 5.7155E-09 5.6317E-09 5.5370E-09 5.4318E-09 5.3194E-09 5.2005E-09 5.0741E-09 4.9433E-09 4.8071E-09 4.6670E-09 4.5274E-09 4.3930E-09 4.2629E-09 4.1361E-09 4.0150E-09 3.8984E-09 3.7871E-09 3.6812E-09 3.5801E-09 3.4841E-09 3.3937E-09 3.3105E-09 3.2314E-09 3.1575E-09 3.0870E-09 3.0169E-09 2.9471E-09 2.8796E-09 2.8151E-09
2.2623E-09 2.3973E-09 2.5453E-09 2.7003E-09 2.8714E-09 3.0470E-09 3.2227E-09 3.4468E-09 3.6507E-09 3.9150E-09 4.1603E-09 4.4265E-09 4.7007E-09 4.9688E-09 5.1995E-09 5.4072E-09 5.6003E-09 5.7636E-09 5.9063E-09 6.0147E-09 6.0971E-09 6.1536E-09 6.1853E-09 6.1971E-09 6.1857E-09 6.1593E-09 6.1121E-09 6.0512E-09 5.9737E-09 5.8844E-09 5.7843E-09 5.6752E-09 5.5560E-09 5.4300E-09 5.2977E-09 5.1599E-09 5.0163E-09 4.8693E-09 4.7222E-09 4.5784E-09 4.4373E-09 4.2987E-09 4.1672E-09 4.0417E-09 3.9204E-09 3.8049E-09 3.6963E-09 3.5944E-09 3.4969E-09 3.4048E-09 3.3203E-09 3.2393E-09 3.1629E-09 3.0906E-09 3.0194E-09 2.9481E-09 2.8783E-09
2.3219E-09 2.4643E-09 2.6212E-09 2.7699E-09 2.9542E-09 3.1352E-09 3.3298E-09 3.5438E-09 3.7674E-09 4.0473E-09 4.3041E-09 4.5758E-09 4.8609E-09 5.1451E-09 5.4172E-09 5.6431E-09 5.8459E-09 6.0220E-09 6.1690E-09 6.2850E-09 6.3749E-09 6.4332E-09 6.4693E-09 6.4790E-09 6.4697E-09 6.4391E-09 6.3911E-09 6.3252E-09 6.2438E-09 6.1495E-09 6.0428E-09 5.9262E-09 5.8012E-09 5.6685E-09 5.5287E-09 5.3818E-09 5.2318E-09 5.0790E-09 4.9229E-09 4.7665E-09 4.6156E-09 4.4701E-09 4.3295E-09 4.1946E-09 4.0627E-09 3.9376E-09 3.8195E-09 3.7081E-09 3.6034E-09 3.5057E-09 3.4138E-09 3.3267E-09 3.2437E-09 3.1657E-09 3.0905E-09 3.0178E-09 2.9447E-09
2.3927E-09 2.5336E-09 2.6907E-09 2.8566E-09 3.0411E-09 3.2241E-09 3.4283E-09 3.6395E-09 3.8947E-09 4.1818E-09 4.4477E-09 4.7262E-09 5.0368E-09 5.3432E-09 5.6397E-09 5.8879E-09 6.0994E-09 6.2901E-09 6.4460E-09 6.5729E-09 6.6662E-09 6.7320E-09 6.7689E-09 6.7814E-09 6.7719E-09 6.7396E-09 6.6893E-09 6.6177E-09 6.5326E-09 6.4303E-09 6.3175E-09 6.1940E-09 6.0620E-09 5.9211E-09 5.7727E-09 5.6183E-09 5.4612E-09 5.2997E-09 5.1353E-09 4.9686E-09 4.8064E-09 4.6504E-09 4.4977E-09 4.3521E-09 4.2153E-09 4.0814E-09 3.9525E-09 3.8304E-09 3.7169E-09 3.6103E-09 3.5102E-09 3.4188E-09 3.3294E-09 3.2452E-09 3.1647E-09 3.0866E-09 3.0120E-09
2.4551E-09 2.5971E-09 2.7709E-09 2.9398E-09 3.1305E-09 3.3172E-09 3.5337E-09 3.7493E-09 4.0167E-09 4.3257E-09 4.6121E-09 4.9086E-09 5.2164E-09 5.5380E-09 5.8530E-09 6.1466E-09 6.3719E-09 6.5754E-09 6.7485E-09 6.8841E-09 6.9861E-09 7.0571E-09 7.0962E-09 7.1117E-09 7.0990E-09 7.0664E-09 7.0107E-09 6.9364E-09 6.8448E-09 6.7379E-09 6.6193E-09 6.4878E-09 6.3472E-09 6.1978E-09 6.0403E-09 5.8773E-09 5.7098E-09 5.5381E-09 5.3633E-09 5.1872E-09 5.0135E-09 4.8454E-09 4.6822E-09 4.5244E-09 4.3747E-09 4.2297E-09 4.0929E-09 3.9634E-09 3.8391E-09 3.7226E-09 3.6138E-09 3.5128E-09 3.4179E-09 3.3279E-09 3.2425E-09 3.1598E-09 3.0796E-09
2.5100E-09 2.6720E-09 2.8500E-09 3.0202E-09 3.2177E-09 3.4156E-09 3.6382E-09 3.8709E-09 4.1541E-09 4.4604E-09 4.7699E-09 5.0787E-09 5.3932E-09 5.7315E-09 6.0731E-09 6.3983E-09 6.6656E-09 6.8773E-09 7.0622E-09 7.2077E-09 7.3203E-09 7.3942E-09 7.4391E-09 7.4540E-09 7.4433E-09 7.4081E-09 7.3490E-09 7.2707E-09 7.1719E-09 7.0607E-09 6.9317E-09 6.7932E-09 6.6447E-09 6.4866E-09 6.3209E-09 6.1496E-09 5.9724E-09 5.7905E-09 5.6043E-09 5.4192E-09 5.2320E-09 5.0498E-09 4.8749E-09 4.7066E-09 4.5451E-09 4.3911E-09 4.2415E-09 4.0997E-09 3.9679E-09 3.8434E-09 3.7241E-09 3.6133E-09 3.5112E-09 3.4129E-09 3.3227E-09 3.2352E-09 3.1505E-09
2.5778E-09 2.7417E-09 2.9119E-09 3.0994E-09 3.3051E-09 3.5078E-09 3.7543E-09 3.9925E-09 4.2837E-09 4.5860E-09 4.9235E-09 5.2558E-09 5.5986E-09 5.9453E-09 6.3032E-09 6.6481E-09 6.9704E-09 7.1992E-09 7.3930E-09 7.5533E-09 7.6739E-09 7.7573E-09 7.8067E-09 7.8233E-09 7.8123E-09 7.7714E-09 7.7104E-09 7.6246E-09 7.5216E-09 7.4003E-09 7.2654E-09 7.1178E-09 6.9590E-09 6.7911E-09 6.6158E-09 6.4343E-09 6.2463E-09 6.0551E-09 5.8616E-09 5.6644E-09 5.4663E-09 5.2696E-09 5.0817E-09 4.8997E-09 4.7242E-09 4.5602E-09 4.4014E-09 4.2483E-09 4.1031E-09 3.9671E-09 3.8420E-09 3.7218E-09 3.6085E-09 3.5043E-09 3.4048E-09 3.3124E-09 3.2234E-09
2.6369E-09 2.8004E-09 2.9742E-09 3.1774E-09 3.3948E-09 3.6159E-09 3.8619E-09 4.1067E-09 4.4106E-09 4.7362E-09 5.1006E-09 5.4488E-09 5.8059E-09 6.1649E-09 6.5403E-09 6.9083E-09 7.2587E-09 7.5419E-09 7.7512E-09 7.9254E-09 8.0550E-09 8.1477E-09 8.1976E-09 8.2173E-09 8.2028E-09 8.1620E-09 8.0951E-09 8.0051E-09 7.8954E-09 7.7662E-09 7.6240E-09 7.4652E-09 7.2968E-09 7.1191E-09 6.9322E-09 6.7395E-09 6.5417E-09 6.3400E-09 6.1343E-09 5.9263E-09 5.7178E-09 5.5097E-09 5.3054E-09 5.1089E-09 4.9208E-09 4.7403E-09 4.5697E-09 4.4078E-09 4.2517E-09 4.1013E-09 3.9618E-09 3.8342E-09 3.7137E-09 3.5997E-09 3.4921E-09 3.3923E-09 3.2971E-09
2.6890E-09 2.8612E-09 3.0470E-09 3.2638E-09 3.4719E-09 3.7126E-09 3.9571E-09 4.2249E-09 4.5584E-09 4.8792E-09 5.2649E-09 5.6338E-09 6.0131E-09 6.3972E-09 6.7840E-09 7.1779E-09 7.5498E-09 7.8947E-09 8.1252E-09 8.3078E-09 8.4516E-09 8.5479E-09 8.6059E-09 8.6264E-09 8.6128E-09 8.5705E-09 8.4984E-09 8.4053E-09 8.2858E-09 8.1509E-09 7.9971E-09 7.8314E-09 7.6524E-09 7.4634E-09 7.2663E-09 7.0620E-09 6.8516E-09 6.6361E-09 6.4185E-09 6.1995E-09 5.9795E-09 5.7592E-09 5.5408E-09 5.3305E-09 5.1277E-09 4.9318E-09 4.7482E-09 4.5719E-09 4.4033E-09 4.2461E-09 4.0946E-09 3.9518E-09 3.8208E-09 3.7001E-09 3.5855E-09 3.4757E-09 3.3749E-09
2.7443E-09 2.9326E-09 3.1210E-09 3.3388E-09 3.5537E-09 3.8035E-09 4.0732E-09 4.3603E-09 4.6898E-09 5.0133E-09 5.4294E-09 5.8231E-09 6.2303E-09 6.6387E-09 7.0434E-09 7.4545E-09 7.8519E-09 8.2209E-09 8.5186E-09 8.7174E-09 8.8728E-09 8.9807E-09 9.0464E-09 9.0687E-09 9.0584E-09 9.0108E-09 8.9371E-09 8.8352E-09 8.7108E-09 8.5656E-09 8.4028E-09 8.2264E-09 8.0350E-09 7.8342E-09 7.6246E-09 7.4072E-09 7.1842E-09 6.9571E-09 6.7264E-09 6.4925E-09 6.2577E-09 6.0247E-09 5.7933E-09 5.5666E-09 5.3498E-09 5.1395E-09 4.9384E-09 4.7491E-09 4.5666E-09 4.3934E-09 4.2325E-09 4.0812E-09 3.9365E-09 3.8018E-09 3.6817E-09 3.5652E-09 3.4543E-09
2.8137E-09 2.9959E-09 3.1903E-09 3.4074E-09 3.6486E-09 3.9122E-09 4.1763E-09 4.4777E-09 4.8009E-09 5.1670E-09 5.6029E-09 6.0173E-09 6.4469E-09 6.8825E-09 7.3150E-09 7.7393E-09 8.1655E-09 8.5611E-09 8.9204E-09 9.1527E-09 9.3186E-09 9.4393E-09 9.5072E-09 9.5360E-09 9.5231E-09 9.4757E-09 9.3972E-09 9.2889E-09 9.1579E-09 9.0018E-09 8.8312E-09 8.6411E-09 8.4405E-09 8.2263E-09 8.0032E-09 7.7724E-09 7.5353E-09 7.2926E-09 7.0469E-09 6.7999E-09 6.5522E-09 6.3037E-09 6.0567E-09 5.8139E-09 5.5808E-09 5.3568E-09 5.1404E-09 4.9343E-09 4.7391E-09 4.5535E-09 4.3772E-09 4.2117E-09 4.0603E-09 3.9150E-09 3.7781E-09 3.6567E-09 3.5397E-09
2.8709E-09 3.0607E-09 3.2568E-09 3.4914E-09 3.7313E-09 3.9996E-09 4.2772E-09 4.5962E-09 4.9204E-09 5.3217E-09 5.7752E-09 6.2142E-09 6.6712E-09 7.1371E-09 7.6017E-09 8.0533E-09 8.4978E-09 8.9199E-09 9.3036E-09 9.6130E-09 9.7976E-09 9.9265E-09 1.0005E-08 1.0038E-08 1.0026E-08 9.9786E-09 9.8927E-09 9.7804E-09 9.6377E-09 9.4742E-09 9.2900E-09 9.0895E-09 8.8751E-09 8.6473E-09 8.4105E-09 8.1648E-09 7.9123E-09 7.6551E-09 7.3943E-09 7.1308E-09 6.8657E-09 6.6020E-09 6.3405E-09 6.0807E-09 5.8263E-09 5.5855E-09 5.3547E-09 5.1328E-09 4.9221E-09 4.7202E-09 4.5315E-09 4.3529E-09 4.1855E-09 4.0321E-09 3.8858E-09 3.7487E-09 3.6254E-09
2.9295E-09 3.1313E-09 3.3445E-09 3.5585E-09 3.8117E-09 4.0786E-09 4.3838E-09 4.7137E-09 5.0515E-09 5.4728E-09 5.9307E-09 6.4138E-09 6.8999E-09 7.3966E-09 7.8921E-09 8.3759E-09 8.8393E-09 9.2914E-09 9.7015E-09 1.0067E-08 1.0298E-08 1.0440E-08 1.0530E-08 1.0564E-08 1.0557E-08 1.0504E-08 1.0417E-08 1.0296E-08 1.0146E-08 9.9722E-09 9.7753E-09 9.5636E-09 9.3327E-09 9.0923E-09 8.8379E-09 8.5759E-09 8.3073E-09 8.0338E-09 7.7559E-09 7.4760E-09 7.1956E-09 6.9153E-09 6.6355E-09 6.3593E-09 6.0878E-09 5.8263E-09 5.5772E-09 5.3387E-09 5.1139E-09 4.8994E-09 4.6919E-09 4.5005E-09 4.3201E-09 4.1516E-09 3.9959E-09 3.8495E-09 3.7128E-09
2.9959E-09 3.2042E-09 3.4154E-09 3.6364E-09 3.8998E-09 4.1679E-09 4.4837E-09 4.8163E-09 5.1814E-09 5.6224E-09 6.0884E-09 6.6141E-09 7.1328E-09 7.6631E-09 8.1939E-09 8.7129E-09 9.2099E-09 9.6841E-09 1.0123E-08 1.0513E-08 1.0829E-08 1.0992E-08 1.1090E-08 1.1134E-08 1.1126E-08 1.1073E-08 1.0982E-08 1.0852E-08 1.0694E-08 1.0506E-08 1.0298E-08 1.0069E-08 9.8259E-09 9.5680E-09 9.2984E-09 9.0202E-09 8.7332E-09 8.4411E-09 8.1451E-09 7.8467E-09 7.5469E-09 7.2472E-09 6.9502E-09 6.6558E-09 6.3658E-09 6.0828E-09 5.8147E-09 5.5569E-09 5.3128E-09 5.0839E-09 4.8652E-09 4.6543E-09 4.4598E-09 4.2798E-09 4.1096E-09 3.9531E-09 3.8078E-09
3.0576E-09 3.2666E-09 3.4861E-09 3.7233E-09 3.9888E-09 4.2633E-09 4.5844E-09 4.9298E-09 5.3117E-09 5.7709E-09 6.2440E-09 6.8127E-09 7.3650E-09 7.9325E-09 8.5010E-09 9.0578E-09 9.5914E-09 1.0093E-08 1.0562E-08 1.0981E-08 1.1343E-08 1.1567E-08 1.1681E-08 1.1731E-08 1.1724E-08 1.1673E-08 1.1572E-08 1.1437E-08 1.1267E-08 1.1069E-08 1.0847E-08 1.0603E-08 1.0344E-08 1.0068E-08 9.7827E-09 9.4831E-09 9.1776E-09 8.8664E-09 8.5511E-09 8.2329E-09 7.9139E-09 7.5957E-09 7.2791E-09 6.9652E-09 6.6566E-09 6.3545E-09 6.0634E-09 5.7882E-09 5.5238E-09 5.2748E-09 5.0414E-09 4.8189E-09 4.6075E-09 4.4101E-09 4.2295E-09 4.0588E-09 3.9030E-09
3.1112E-09 3.3284E-09 3.5648E-09 3.8062E-09 4.0697E-09 4.3609E-09 4.6929E-09 5.0399E-09 5.4439E-09 5.9072E-09 6.4134E-09 7.0086E-09 7.5975E-09 8.2047E-09 8.8146E-09 9.4125E-09 9.9881E-09 1.0527E-08 1.1025E-08 1.1471E-08 1.1856E-08 1.2171E-08 1.2305E-08 1.2362E-08 1.2362E-08 1.2306E-08 1.2203E-08 1.2060E-08 1.1877E-08 1.1668E-08 1.1428E-08 1.1171E-08 1.0891E-08 1.0599E-08 1.0292E-08 9.9750E-09 9.6495E-09 9.3173E-09 8.9805E-09 8.6410E-09 8.3006E-09 7.9600E-09 7.6223E-09 7.2895E-09 6.9619E-09 6.6401E-09 6.3265E-09 6.0291E-09 5.7462E-09 5.4780E-09 5.2251E-09 4.9855E-09 4.7606E-09 4.5495E-09 4.3518E-09 4.1713E-09 4.0013E-09
3.1649E-09 3.3976E-09 3.6363E-09 3.8876E-09 4.1515E-09 4.4641E-09 4.7943E-09 5.1624E-09 5.5753E-09 6.0286E-09 6.5641E-09 7.2023E-09 7.8285E-09 8.4779E-09 9.1353E-09 9.7783E-09 1.0395E-08 1.0974E-08 1.1506E-08 1.1984E-08 1.2398E-08 1.2745E-08 1.2956E-08 1.3034E-08 1.3036E-08 1.2977E-08 1.2873E-08 1.2717E-08 1.2526E-08 1.2487E-08 1.2236E-08 1.1960E-08 1.1664E-08 1.1352E-08 1.1023E-08 1.0685E-08 1.0335E-08 9.9780E-09 9.6159E-09 9.0681E-09 8.7051E-09 8.3434E-09 7.9848E-09 7.6295E-09 7.2795E-09 6.9374E-09 6.6045E-09 6.2830E-09 5.9782E-09 5.6878E-09 5.4160E-09 5.1606E-09 4.9187E-09 4.6931E-09 4.4808E-09 4.2841E-09 4.1046E-09
3.2237E-09 3.4586E-09 3.7068E-09 3.9707E-09 4.2486E-09 4.5680E-09 4.8972E-09 5.2867E-09 5.7124E-09 6.1615E-09 6.7346E-09 7.3746E-09 8.0592E-09 8.7535E-09 9.4565E-09 1.0149E-08 1.0812E-08 1.1435E-08 1.2010E-08 1.2527E-08 1.2967E-08 1.3336E-08 1.3634E-08 1.3733E-08 1.3900E-08 1.3859E-08 1.3756E-08 1.3605E-08 1.3409E-08 1.3169E-08 1.2902E-08 1.2606E-08 1.2293E-08 1.1956E-08 1.1608E-08 1.1245E-08 1.0873E-08 1.0492E-08 1.0106E-08 9.7165E-09 9.3258E-09 8.9355E-09 8.5479E-09 7.9828E-09 7.6117E-09 7.2481E-09 6.8928E-09 6.5474E-09 6.2208E-09 5.9107E-09 5.6153E-09 5.3403E-09 5.0816E-09 4.8389E-09 4.6152E-09 4.4035E-09 4.2097E-09
3.2747E-09 3.5184E-09 3.7790E-09 4.0544E-09 4.3428E-09 4.6601E-09 5.0130E-09 5.4135E-09 5.8428E-09 6.3190E-09 6.9061E-09 7.5705E-09 8.2858E-09 9.0246E-09 9.7788E-09 1.0524E-08 1.1243E-08 1.1915E-08 1.2530E-08 1.3085E-08 1.3561E-08 1.4067E-08 1.4404E-08 1.4609E-08 1.4660E-08 1.4617E-08 1.4510E-08 1.4352E-08 1.4142E-08 1.3893E-08 1.3604E-08 1.3291E-08 1.2953E-08 1.2596E-08 1.2223E-08 1.1836E-08 1.1439E-08 1.1031E-08 1.0619E-08 1.0203E-08 9.7861E-09 9.3708E-09 8.9585E-09 8.5506E-09 8.1486E-09 7.7559E-09 7.1908E-09 6.8251E-09 6.4725E-09 6.1393E-09 5.8250E-09 5.5268E-09 5.2509E-09 4.9914E-09 4.7505E-09 4.5265E-09 4.3180E-09
3.3243E-09 3.5795E-09 3.8504E-09 4.1354E-09 4.4365E-09 4.7651E-09 5.1292E-09 5.5403E-09 5.9751E-09 6.4809E-09 7.0723E-09 7.7460E-09 8.5107E-09 9.2935E-09 1.0105E-08 1.0907E-08 1.1679E-08 1.2401E-08 1.3064E-08 1.3737E-08 1.4282E-08 1.4723E-08 1.5081E-08 1.5362E-08 1.5442E-08 1.5411E-08 1.5303E-08 1.5130E-08 1.4911E-08 1.4644E-08 1.4339E-08 1.4222E-08 1.3862E-08 1.3482E-08 1.2864E-08 1.2453E-08 1.2027E-08 1.1595E-08 1.1154E-08 1.0711E-08 1.0267E-08 9.8244E-09 9.3841E-09 8.9494E-09 8.5224E-09 8.1035E-09 7.6948E-09 7.2995E-09 6.9174E-09 6.3775E-09 6.0408E-09 5.7209E-09 5.4245E-09 5.1473E-09 4.8892E-09 4.6512E-09 4.4297E-09
