Assets/Resources/2015_m01_d08_1600(utc+0800)_l00_csi_1hr_conc.grd
DSAA
         159         159
     -79.000      79.000
     -79.000      79.000
  0.2609E-09  0.7539E-04
[rows 125 to 149 of 159, columns 0 to 56 of 159]
5.8525E-10 6.0138E-10 6.1883E-10 6.3563E-10 6.5273E-10 6.7012E-10 6.8780E-10 7.0578E-10 7.2404E-10 7.4259E-10 7.6142E-10 7.8053E-10 7.9992E-10 8.1957E-10 8.3950E-10 8.6214E-10 8.8279E-10 9.0369E-10 9.2486E-10 9.4628E-10 9.6794E-10 1.0060E-09 1.0331E-09 1.0750E-09 1.1186E-09 1.1537E-09 1.1902E-09 1.2367E-09 1.2775E-09 1.3196E-09 1.3578E-09 1.4126E-09 1.4667E-09 1.5344E-09 1.5836E-09 1.6347E-09 1.6880E-09 1.7433E-09 1.8009E-09 1.8607E-09 1.9229E-09 1.9875E-09 2.0546E-09 2.1242E-09 2.2085E-09 2.3062E-09 2.3930E-09 2.5011E-09 2.6083E-09 2.7144E-09 2.8303E-09 2.9636E-09 3.0935E-09 3.2227E-09 3.3616E-09 3.5101E-09 3.6764E-09
5.7366E-10 5.8947E-10 6.0655E-10 6.2301E-10 6.3976E-10 6.5679E-10 6.7411E-10 6.9172E-10 7.0961E-10 7.2778E-10 7.4623E-10 7.6495E-10 7.8394E-10 8.0319E-10 8.2270E-10 8.4485E-10 8.6506E-10 8.8554E-10 9.0627E-10 9.2724E-10 9.4846E-10 9.6991E-10 1.0084E-09 1.0386E-09 1.0821E-09 1.1223E-09 1.1576E-09 1.1943E-09 1.2472E-09 1.2824E-09 1.3247E-09 1.3774E-09 1.4183E-09 1.4944E-09 1.5417E-09 1.5909E-09 1.6421E-09 1.6953E-09 1.7506E-09 1.8080E-09 1.8677E-09 1.9296E-09 1.9939E-09 2.0606E-09 2.1298E-09 2.2128E-09 2.3067E-09 2.3932E-09 2.4912E-09 2.6034E-09 2.7076E-09 2.8203E-09 2.9472E-09 3.0702E-09 3.2013E-09 3.3344E-09 3.4725E-09
5.6214E-10 5.7762E-10 5.9435E-10 6.1046E-10 6.2686E-10 6.4355E-10 6.6051E-10 6.7775E-10 6.9527E-10 7.1306E-10 7.3113E-10 7.4946E-10 7.6805E-10 7.8690E-10 8.0601E-10 8.2536E-10 8.4745E-10 8.6749E-10 8.8778E-10 9.0832E-10 9.2908E-10 9.5008E-10 9.8399E-10 1.0133E-09 1.0542E-09 1.0970E-09 1.1312E-09 1.1667E-09 1.1977E-09 1.2512E-09 1.2921E-09 1.3289E-09 1.3821E-09 1.4346E-09 1.5005E-09 1.5478E-09 1.5970E-09 1.6480E-09 1.7011E-09 1.7562E-09 1.8134E-09 1.8728E-09 1.9343E-09 1.9982E-09 2.0644E-09 2.1329E-09 2.2038E-09 2.3051E-09 2.3885E-09 2.4858E-09 2.5950E-09 2.6955E-09 2.8052E-09 2.9152E-09 3.0436E-09 3.1706E-09 3.3014E-09
5.5070E-10 5.6586E-10 5.8129E-10 5.9800E-10 6.1405E-10 6.3038E-10 6.4699E-10 6.6387E-10 6.8102E-10 6.9844E-10 7.1612E-10 7.3406E-10 7.5226E-10 7.7072E-10 7.8942E-10 8.0837E-10 8.2994E-10 8.4956E-10 8.6942E-10 8.8951E-10 9.0983E-10 9.3038E-10 9.5115E-10 9.8842E-10 1.0176E-09 1.0602E-09 1.0994E-09 1.1338E-09 1.1694E-09 1.2062E-09 1.2544E-09 1.2953E-09 1.3351E-09 1.3857E-09 1.4599E-09 1.5053E-09 1.5525E-09 1.6016E-09 1.6524E-09 1.7053E-09 1.7601E-09 1.8169E-09 1.8759E-09 1.9370E-09 2.0002E-09 2.0657E-09 2.1335E-09 2.2035E-09 2.2995E-09 2.3820E-09 2.4758E-09 2.5672E-09 2.6789E-09 2.7850E-09 2.8909E-09 3.0055E-09 3.1270E-09
5.3934E-10 5.5417E-10 5.6928E-10 5.8562E-10 6.0133E-10 6.1731E-10 6.3357E-10 6.5009E-10 6.6687E-10 6.8391E-10 7.0122E-10 7.1877E-10 7.3659E-10 7.5464E-10 7.7294E-10 7.9149E-10 8.1026E-10 8.3175E-10 8.5118E-10 8.7084E-10 8.9072E-10 9.1082E-10 9.3113E-10 9.5165E-10 9.9225E-10 1.0251E-09 1.0739E-09 1.1071E-09 1.1415E-09 1.1714E-09 1.2229E-09 1.2566E-09 1.2976E-09 1.3491E-09 1.3998E-09 1.4636E-09 1.5089E-09 1.5559E-09 1.6047E-09 1.6553E-09 1.7078E-09 1.7622E-09 1.8186E-09 1.8770E-09 1.9374E-09 2.0000E-09 2.0647E-09 2.1315E-09 2.2004E-09 2.2884E-09 2.3712E-09 2.4627E-09 2.5507E-09 2.6508E-09 2.7561E-09 2.8627E-09 2.9735E-09
5.2806E-10 5.4257E-10 5.5735E-10 5.7239E-10 5.8870E-10 6.0434E-10 6.2024E-10 6.3640E-10 6.5282E-10 6.6950E-10 6.8642E-10 7.0360E-10 7.2102E-10 7.3869E-10 7.5659E-10 7.7473E-10 7.9309E-10 8.1407E-10 8.3307E-10 8.5230E-10 8.7174E-10 8.9140E-10 9.1127E-10 9.3133E-10 9.6419E-10 9.9247E-10 1.0368E-09 1.0750E-09 1.1083E-09 1.1428E-09 1.1783E-09 1.2243E-09 1.2638E-09 1.3020E-09 1.3507E-09 1.4226E-09 1.4661E-09 1.5111E-09 1.5579E-09 1.6063E-09 1.6565E-09 1.7085E-09 1.7624E-09 1.8182E-09 1.8760E-09 1.9357E-09 1.9974E-09 2.0611E-09 2.1268E-09 2.1946E-09 2.2644E-09 2.3566E-09 2.4457E-09 2.5311E-09 2.6278E-09 2.7210E-09 2.8299E-09
5.1687E-10 5.3107E-10 5.4552E-10 5.6024E-10 5.7618E-10 5.9147E-10 6.0702E-10 6.2283E-10 6.3889E-10 6.5519E-10 6.7175E-10 6.8855E-10 7.0559E-10 7.2286E-10 7.4037E-10 7.5811E-10 7.7606E-10 7.9424E-10 8.1512E-10 8.3391E-10 8.5292E-10 8.7214E-10 8.9156E-10 9.1117E-10 9.3097E-10 9.6704E-10 1.0019E-09 1.0493E-09 1.0814E-09 1.1088E-09 1.1433E-09 1.1789E-09 1.2249E-09 1.2643E-09 1.3138E-09 1.3625E-09 1.4241E-09 1.4672E-09 1.5120E-09 1.5583E-09 1.6063E-09 1.6561E-09 1.7075E-09 1.7608E-09 1.8159E-09 1.8728E-09 1.9316E-09 1.9924E-09 2.0550E-09 2.1195E-09 2.1859E-09 2.2542E-09 2.3337E-09 2.4179E-09 2.5079E-09 2.5937E-09 2.6908E-09
5.0578E-10 5.1966E-10 5.3379E-10 5.4818E-10 5.6282E-10 5.7871E-10 5.9392E-10 6.0937E-10 6.2507E-10 6.4101E-10 6.5720E-10 6.7362E-10 6.9028E-10 7.0717E-10 7.2429E-10 7.4162E-10 7.5918E-10 7.7695E-10 7.9731E-10 8.1568E-10 8.3426E-10 8.5304E-10 8.7202E-10 8.9119E-10 9.1054E-10 9.3006E-10 9.6620E-10 1.0053E-09 1.0492E-09 1.0813E-09 1.1145E-09 1.1430E-09 1.1785E-09 1.2303E-09 1.2638E-09 1.3135E-09 1.3674E-09 1.4242E-09 1.4670E-09 1.5114E-09 1.5573E-09 1.6048E-09 1.6539E-09 1.7047E-09 1.7573E-09 1.8115E-09 1.8675E-09 1.9254E-09 1.9849E-09 2.0463E-09 2.1095E-09 2.1744E-09 2.2411E-09 2.3172E-09 2.3902E-09 2.4810E-09 2.5662E-09
4.9478E-10 5.0835E-10 5.2217E-10 5.3623E-10 5.5054E-10 5.6607E-10 5.8093E-10 5.9603E-10 6.1138E-10 6.2696E-10 6.4278E-10 6.5883E-10 6.7511E-10 6.9162E-10 7.0834E-10 7.2529E-10 7.4245E-10 7.5981E-10 7.7738E-10 7.9761E-10 8.1576E-10 8.3411E-10 8.5265E-10 8.7138E-10 8.9028E-10 9.0936E-10 9.2860E-10 9.6789E-10 1.0233E-09 1.0485E-09 1.0805E-09 1.1137E-09 1.1478E-09 1.1773E-09 1.2291E-09 1.2654E-09 1.3121E-09 1.3821E-09 1.4231E-09 1.4655E-09 1.5093E-09 1.5547E-09 1.6015E-09 1.6500E-09 1.7001E-09 1.7518E-09 1.8051E-09 1.8601E-09 1.9168E-09 1.9751E-09 2.0351E-09 2.0968E-09 2.1601E-09 2.2251E-09 2.2916E-09 2.3677E-09 2.4402E-09
4.8389E-10 4.9715E-10 5.1066E-10 5.2440E-10 5.3838E-10 5.5260E-10 5.6806E-10 5.8282E-10 5.9781E-10 6.1304E-10 6.2849E-10 6.4418E-10 6.6008E-10 6.7621E-10 6.9255E-10 7.0911E-10 7.2587E-10 7.4284E-10 7.6000E-10 7.7972E-10 7.9745E-10 8.1537E-10 8.3348E-10 8.5176E-10 8.7023E-10 8.8885E-10 9.0764E-10 9.3907E-10 9.7275E-10 1.0221E-09 1.0530E-09 1.0849E-09 1.1120E-09 1.1461E-09 1.1752E-09 1.2269E-09 1.2744E-09 1.3209E-09 1.3801E-09 1.4206E-09 1.4625E-09 1.5058E-09 1.5505E-09 1.5966E-09 1.6443E-09 1.6935E-09 1.7443E-09 1.7966E-09 1.8505E-09 1.9059E-09 1.9629E-09 2.0214E-09 2.0815E-09 2.1431E-09 2.2061E-09 2.2706E-09 2.3365E-09
4.7311E-10 4.8607E-10 4.9926E-10 5.1268E-10 5.2634E-10 5.4023E-10 5.5532E-10 5.6974E-10 5.8438E-10 5.9926E-10 6.1435E-10 6.2967E-10 6.4521E-10 6.6096E-10 6.7692E-10 6.9309E-10 7.0946E-10 7.2603E-10 7.4279E-10 7.5974E-10 7.7931E-10 7.9681E-10 8.1449E-10 8.3234E-10 8.5037E-10 8.6855E-10 8.8690E-10 9.0538E-10 9.3980E-10 9.7754E-10 1.0202E-09 1.0510E-09 1.0827E-09 1.1154E-09 1.1434E-09 1.1780E-09 1.2237E-09 1.2712E-09 1.3226E-09 1.3769E-09 1.4168E-09 1.4581E-09 1.5007E-09 1.5447E-09 1.5901E-09 1.6369E-09 1.6852E-09 1.7349E-09 1.7860E-09 1.8387E-09 1.8927E-09 1.9483E-09 2.0052E-09 2.0636E-09 2.1233E-09 2.1844E-09 2.2467E-09
4.6244E-10 4.7509E-10 4.8798E-10 5.0109E-10 5.1442E-10 5.2799E-10 5.4177E-10 5.5679E-10 5.7109E-10 5.8562E-10 6.0036E-10 6.1532E-10 6.3049E-10 6.4586E-10 6.6145E-10 6.7724E-10 6.9322E-10 7.0940E-10 7.2576E-10 7.4231E-10 7.5903E-10 7.7845E-10 7.9570E-10 8.1313E-10 8.3072E-10 8.4847E-10 8.6637E-10 8.8441E-10 9.0259E-10 9.3958E-10 9.8688E-10 1.0176E-09 1.0482E-09 1.0798E-09 1.1123E-09 1.1399E-09 1.1742E-09 1.2226E-09 1.2668E-09 1.3342E-09 1.3723E-09 1.4116E-09 1.4522E-09 1.4941E-09 1.5373E-09 1.5818E-09 1.6277E-09 1.6749E-09 1.7235E-09 1.7734E-09 1.8247E-09 1.8773E-09 1.9313E-09 1.9866E-09 2.0431E-09 2.1009E-09 2.1599E-09
4.5188E-10 4.6424E-10 4.7682E-10 4.8962E-10 5.0264E-10 5.1588E-10 5.2934E-10 5.4399E-10 5.5795E-10 5.7213E-10 5.8652E-10 6.0112E-10 6.1592E-10 6.3094E-10 6.4615E-10 6.6156E-10 6.7716E-10 6.9295E-10 7.0892E-10 7.2507E-10 7.4139E-10 7.6029E-10 7.7712E-10 7.9413E-10 8.1129E-10 8.2861E-10 8.4607E-10 8.6367E-10 8.8141E-10 8.9927E-10 9.4019E-10 9.9094E-10 1.0203E-09 1.0506E-09 1.0761E-09 1.1083E-09 1.1355E-09 1.1695E-09 1.2288E-09 1.2613E-09 1.3289E-09 1.3664E-09 1.4051E-09 1.4449E-09 1.4860E-09 1.5283E-09 1.5719E-09 1.6167E-09 1.6628E-09 1.7102E-09 1.7588E-09 1.8086E-09 1.8597E-09 1.9121E-09 1.9656E-09 2.0202E-09 2.0760E-09
4.4145E-10 4.5351E-10 4.6578E-10 4.7828E-10 4.9099E-10 5.0391E-10 5.1705E-10 5.3039E-10 5.4496E-10 5.5879E-10 5.7283E-10 5.8708E-10 6.0153E-10 6.1618E-10 6.3102E-10 6.4606E-10 6.6128E-10 6.7668E-10 6.9227E-10 7.0803E-10 7.2395E-10 7.4004E-10 7.5876E-10 7.7534E-10 7.9208E-10 8.0897E-10 8.2600E-10 8.4317E-10 8.6047E-10 8.7788E-10 8.9541E-10 9.3935E-10 9.8726E-10 1.0164E-09 1.0465E-09 1.0715E-09 1.1035E-09 1.1360E-09 1.1639E-09 1.2228E-09 1.2662E-09 1.3224E-09 1.3592E-09 1.3971E-09 1.4362E-09 1.4764E-09 1.5178E-09 1.5603E-09 1.6040E-09 1.6489E-09 1.6949E-09 1.7422E-09 1.7905E-09 1.8400E-09 1.8906E-09 1.9423E-09 1.9949E-09
4.3113E-10 4.4290E-10 4.5488E-10 4.6707E-10 4.7947E-10 4.9208E-10 5.0490E-10 5.1792E-10 5.3211E-10 5.4561E-10 5.5931E-10 5.7321E-10 5.8730E-10 6.0159E-10 6.1607E-10 6.3074E-10 6.4559E-10 6.6061E-10 6.7582E-10 6.9118E-10 7.0672E-10 7.2241E-10 7.4061E-10 7.5679E-10 7.7311E-10 7.8958E-10 8.0618E-10 8.2292E-10 8.3978E-10 8.5676E-10 8.7385E-10 8.9376E-10 9.5097E-10 9.8289E-10 1.0118E-09 1.0416E-09 1.0721E-09 1.0978E-09 1.1299E-09 1.1604E-09 1.2157E-09 1.2743E-09 1.3146E-09 1.3507E-09 1.3878E-09 1.4260E-09 1.4653E-09 1.5056E-09 1.5470E-09 1.5896E-09 1.6332E-09 1.6779E-09 1.7236E-09 1.7704E-09 1.8182E-09 1.8670E-09 1.9167E-09
4.2094E-10 4.3242E-10 4.4411E-10 4.5600E-10 4.6810E-10 4.8040E-10 4.9290E-10 5.0560E-10 5.1850E-10 5.3259E-10 5.4595E-10 5.5951E-10 5.7325E-10 5.8719E-10 6.0131E-10 6.1561E-10 6.3009E-10 6.4474E-10 6.5957E-10 6.7455E-10 6.8970E-10 7.0500E-10 7.2044E-10 7.3846E-10 7.5437E-10 7.7042E-10 7.8661E-10 8.0292E-10 8.1935E-10 8.3590E-10 8.5255E-10 8.6931E-10 8.9291E-10 9.4621E-10 9.8376E-10 1.0064E-09 1.0359E-09 1.0661E-09 1.0913E-09 1.1230E-09 1.1530E-09 1.2076E-09 1.2713E-09 1.3056E-09 1.3409E-09 1.3772E-09 1.4144E-09 1.4527E-09 1.4919E-09 1.5322E-09 1.5735E-09 1.6158E-09 1.6590E-09 1.7032E-09 1.7484E-09 1.7944E-09 1.8413E-09
4.1089E-10 4.2208E-10 4.3348E-10 4.4507E-10 4.5687E-10 4.6886E-10 4.8105E-10 4.9344E-10 5.0602E-10 5.1974E-10 5.3277E-10 5.4598E-10 5.5938E-10 5.7297E-10 5.8673E-10 6.0068E-10 6.1479E-10 6.2908E-10 6.4352E-10 6.5813E-10 6.7290E-10 6.8781E-10 7.0287E-10 7.1806E-10 7.3587E-10 7.5151E-10 7.6728E-10 7.8318E-10 7.9919E-10 8.1531E-10 8.3154E-10 8.4786E-10 8.6427E-10 8.8764E-10 9.4081E-10 9.7813E-10 1.0063E-09 1.0295E-09 1.0592E-09 1.0839E-09 1.1151E-09 1.1446E-09 1.1984E-09 1.2619E-09 1.2954E-09 1.3298E-09 1.3652E-09 1.4014E-09 1.4386E-09 1.4767E-09 1.5158E-09 1.5558E-09 1.5966E-09 1.6384E-09 1.6810E-09 1.7245E-09 1.7687E-09
4.0096E-10 4.1187E-10 4.2298E-10 4.3429E-10 4.4579E-10 4.5748E-10 4.6936E-10 4.8143E-10 4.9369E-10 5.0614E-10 5.1975E-10 5.3263E-10 5.4570E-10 5.5894E-10 5.7235E-10 5.8594E-10 5.9970E-10 6.1362E-10 6.2770E-10 6.4193E-10 6.5632E-10 6.7085E-10 6.8552E-10 7.0033E-10 7.1763E-10 7.3286E-10 7.4822E-10 7.6371E-10 7.7930E-10 7.9500E-10 8.1081E-10 8.2670E-10 8.4268E-10 8.5874E-10 8.8187E-10 9.3478E-10 9.7181E-10 9.9957E-10 1.0223E-09 1.0516E-09 1.0757E-09 1.1064E-09 1.1353E-09 1.1740E-09 1.2514E-09 1.2840E-09 1.3175E-09 1.3519E-09 1.3871E-09 1.4232E-09 1.4601E-09 1.4979E-09 1.5365E-09 1.5759E-09 1.6161E-09 1.6571E-09 1.6988E-09
3.9116E-10 4.0180E-10 4.1263E-10 4.2365E-10 4.3485E-10 4.4625E-10 4.5783E-10 4.6959E-10 4.8154E-10 4.9367E-10 5.0598E-10 5.1947E-10 5.3220E-10 5.4510E-10 5.5817E-10 5.7140E-10 5.8481E-10 5.9837E-10 6.1208E-10 6.2595E-10 6.3997E-10 6.5412E-10 6.6842E-10 6.8284E-10 6.9739E-10 7.1447E-10 7.2943E-10 7.4450E-10 7.5969E-10 7.7498E-10 7.9036E-10 8.0584E-10 8.2140E-10 8.3703E-10 8.5546E-10 8.8746E-10 9.2814E-10 9.6480E-10 9.9215E-10 1.0143E-09 1.0432E-09 1.0667E-09 1.0999E-09 1.1365E-09 1.1631E-09 1.2397E-09 1.2714E-09 1.3040E-09 1.3373E-09 1.3714E-09 1.4064E-09 1.4421E-09 1.4785E-09 1.5157E-09 1.5537E-09 1.5923E-09 1.6316E-09
3.8151E-10 3.9187E-10 4.0242E-10 4.1316E-10 4.2407E-10 4.3518E-10 4.4646E-10 4.5792E-10 4.6956E-10 4.8137E-10 4.9336E-10 5.0649E-10 5.1889E-10 5.3145E-10 5.4418E-10 5.5707E-10 5.7013E-10 5.8334E-10 5.9669E-10 6.1020E-10 6.2385E-10 6.3764E-10 6.5155E-10 6.6560E-10 6.7977E-10 6.9405E-10 7.1090E-10 7.2558E-10 7.4036E-10 7.5524E-10 7.7022E-10 7.8528E-10 8.0042E-10 8.1563E-10 8.3091E-10 8.4903E-10 8.8083E-10 9.2185E-10 9.5712E-10 9.8402E-10 1.0115E-09 1.0340E-09 1.0569E-09 1.0895E-09 1.1255E-09 1.1678E-09 1.2269E-09 1.2577E-09 1.2892E-09 1.3215E-09 1.3545E-09 1.3883E-09 1.4227E-09 1.4578E-09 1.4936E-09 1.5300E-09 1.5670E-09
3.7199E-10 3.8209E-10 3.9236E-10 4.0282E-10 4.1345E-10 4.2426E-10 4.3525E-10 4.4641E-10 4.5775E-10 4.6926E-10 4.8093E-10 4.9277E-10 5.0577E-10 5.1800E-10 5.3040E-10 5.4295E-10 5.5566E-10 5.6852E-10 5.8153E-10 5.9468E-10 6.0797E-10 6.2139E-10 6.3494E-10 6.4861E-10 6.6240E-10 6.7631E-10 6.9032E-10 7.0693E-10 7.2132E-10 7.3580E-10 7.5037E-10 7.6503E-10 7.7976E-10 7.9456E-10 8.0942E-10 8.2434E-10 8.4212E-10 8.7368E-10 8.9467E-10 9.4877E-10 9.7519E-10 1.0021E-09 1.0240E-09 1.0520E-09 1.0783E-09 1.1136E-09 1.1601E-09 1.1990E-09 1.2429E-09 1.2734E-09 1.3046E-09 1.3364E-09 1.3689E-09 1.4020E-09 1.4357E-09 1.4700E-09 1.5049E-09
3.6261E-10 3.7244E-10 3.8245E-10 3.9263E-10 4.0298E-10 4.1351E-10 4.2421E-10 4.3508E-10 4.4612E-10 4.5732E-10 4.6869E-10 4.8022E-10 4.9190E-10 5.0476E-10 5.1683E-10 5.2905E-10 5.4142E-10 5.5393E-10 5.6659E-10 5.7939E-10 5.9232E-10 6.0539E-10 6.1857E-10 6.3188E-10 6.4530E-10 6.5883E-10 6.7247E-10 6.8857E-10 7.0257E-10 7.1665E-10 7.3083E-10 7.4508E-10 7.5941E-10 7.7381E-10 7.8827E-10 8.0277E-10 8.1732E-10 8.3477E-10 8.6603E-10 8.9248E-10 9.3979E-10 9.6569E-10 9.9204E-10 1.0133E-09 1.0407E-09 1.0663E-09 1.1008E-09 1.1466E-09 1.1847E-09 1.2126E-09 1.2564E-09 1.2865E-09 1.3172E-09 1.3484E-09 1.3802E-09 1.4125E-09 1.4453E-09
3.5338E-10 3.6295E-10 3.7269E-10 3.8260E-10 3.9268E-10 4.0293E-10 4.1334E-10 4.2392E-10 4.3466E-10 4.4557E-10 4.5663E-10 4.6785E-10 4.7922E-10 4.9172E-10 5.0346E-10 5.1535E-10 5.2739E-10 5.3957E-10 5.5189E-10 5.6434E-10 5.7692E-10 5.8963E-10 6.0246E-10 6.1541E-10 6.2847E-10 6.4163E-10 6.5490E-10 6.6825E-10 6.8411E-10 6.9781E-10 7.1160E-10 7.2546E-10 7.3939E-10 7.5339E-10 7.6745E-10 7.8155E-10 7.9570E-10 8.0988E-10 8.2697E-10 8.5788E-10 8.8391E-10 9.3018E-10 9.5552E-10 9.8128E-10 1.0019E-09 1.0286E-09 1.0535E-09 1.0872E-09 1.1322E-09 1.1694E-09 1.1964E-09 1.2384E-09 1.2674E-09 1.2968E-09 1.3267E-09 1.3572E-09 1.3881E-09
3.4429E-10 3.5360E-10 3.6308E-10 3.7273E-10 3.8253E-10 3.9251E-10 4.0264E-10 4.1293E-10 4.2339E-10 4.3400E-10 4.4476E-10 4.5568E-10 4.6675E-10 4.7796E-10 4.9031E-10 5.0188E-10 5.1359E-10 5.2543E-10 5.3742E-10 5.4953E-10 5.6177E-10 5.7413E-10 5.8661E-10 5.9920E-10 6.1190E-10 6.2471E-10 6.3761E-10 6.5060E-10 6.6367E-10 6.7927E-10 6.9267E-10 7.0615E-10 7.1969E-10 7.3330E-10 7.4696E-10 7.6067E-10 7.7442E-10 7.8821E-10 8.0202E-10 8.1875E-10 8.4925E-10 8.7482E-10 9.0463E-10 9.4472E-10 9.6985E-10 9.8986E-10 1.0101E-09 1.0400E-09 1.0616E-09 1.1058E-09 1.1532E-09 1.1792E-09 1.2056E-09 1.2472E-09 1.2754E-09 1.3041E-09 1.3332E-09
3.3534E-10 3.4441E-10 3.5363E-10 3.6301E-10 3.7255E-10 3.8225E-10 3.9211E-10 4.0213E-10 4.1229E-10 4.2261E-10 4.3309E-10 4.4370E-10 4.5447E-10 4.6538E-10 4.7643E-10 4.8862E-10 5.0001E-10 5.1153E-10 5.2318E-10 5.3496E-10 5.4686E-10 5.5888E-10 5.7102E-10 5.8326E-10 5.9561E-10 6.0806E-10 6.2060E-10 6.3323E-10 6.4594E-10 6.5873E-10 6.7407E-10 6.8716E-10 7.0033E-10 7.1355E-10 7.2683E-10 7.4015E-10 7.5351E-10 7.6690E-10 7.8032E-10 7.9647E-10 8.1011E-10 8.4016E-10 8.6523E-10 8.8528E-10 9.3331E-10 9.5779E-10 9.7713E-10 9.9671E-10 1.0258E-09 1.0466E-09 1.0898E-09 1.1361E-09 1.1611E-09 1.1865E-09 1.2123E-09 1.2532E-09 1.2805E-09
