Assets/Resources/2015_m01_d07_1700(utc+0800)_l00_csi_1hr_conc.grd
DSAA
         159         159
     -79.000      79.000
     -79.000      79.000
  0.0000E+00  0.1681E-04
[rows 50 to 74 of 159, columns 0 to 56 of 159]
0.0000E+00 0.0000E+00 0.0000E+00 0.0000E+00 0.0000E+00 0.0000E+00 0.0000E+00 0.0000E+00 0.0000E+00 0.0000E+00 0.0000E+00 0.0000E+00 0.0000E+00 0.0000E+00 2.9059E-12 6.1469E-12 1.3770E-11 2.4367E-11 5.8547E-11 1.2973E-10 2.4317E-10 3.7876E-10 5.4144E-10 7.4578E-10 9.8197E-10 1.2737E-09 1.6361E-09 2.0878E-09 2.6344E-09 3.2935E-09 4.0813E-09 5.0029E-09 6.0702E-09 7.2978E-09 8.6884E-09 1.0239E-08 1.2005E-08 1.3869E-08 1.5875E-08 1.7952E-08 2.0083E-08 2.2225E-08 2.4354E-08 2.6418E-08 2.8479E-08 3.0308E-08 3.1932E-08 3.3282E-08 3.4453E-08 3.5565E-08 3.6630E-08 3.7564E-08 3.8274E-08 3.8751E-08 3.8997E-08 3.9011E-08 3.8805E-08
0.0000E+00 0.0000E+00 0.0000E+00 0.0000E+00 0.0000E+00 0.0000E+00 0.0000E+00 0.0000E+00 0.0000E+00 0.0000E+00 0.0000E+00 0.0000E+00 0.0000E+00 0.0000E+00 2.8229E-12 6.1952E-12 1.3799E-11 2.4339E-11 5.9053E-11 1.3128E-10 2.3745E-10 3.8272E-10 5.4729E-10 7.5663E-10 9.9473E-10 1.2905E-09 1.6590E-09 2.1188E-09 2.6753E-09 3.3469E-09 4.1508E-09 5.0915E-09 6.1819E-09 7.4276E-09 8.8396E-09 1.0416E-08 1.2213E-08 1.4105E-08 1.6152E-08 1.8274E-08 2.0476E-08 2.2668E-08 2.4862E-08 2.7033E-08 2.9152E-08 3.1062E-08 3.2738E-08 3.4128E-08 3.5320E-08 3.6446E-08 3.7539E-08 3.8502E-08 3.9264E-08 3.9789E-08 4.0061E-08 4.0079E-08 3.9863E-08
0.0000E+00 0.0000E+00 0.0000E+00 0.0000E+00 0.0000E+00 0.0000E+00 0.0000E+00 0.0000E+00 0.0000E+00 0.0000E+00 0.0000E+00 0.0000E+00 0.0000E+00 0.0000E+00 2.6549E-12 6.1657E-12 1.3589E-11 2.4006E-11 6.1202E-11 1.3420E-10 2.3743E-10 3.7436E-10 5.4750E-10 7.6050E-10 9.9803E-10 1.2951E-09 1.6660E-09 2.1294E-09 2.6902E-09 3.3672E-09 4.1790E-09 5.1287E-09 6.2309E-09 7.4918E-09 8.9083E-09 1.0499E-08 1.2312E-08 1.4233E-08 1.6284E-08 1.8455E-08 2.0676E-08 2.2939E-08 2.5180E-08 2.7411E-08 2.9588E-08 3.1563E-08 3.3282E-08 3.4704E-08 3.5927E-08 3.7086E-08 3.8212E-08 3.9229E-08 4.0078E-08 4.0676E-08 4.1002E-08 4.1060E-08 4.0855E-08
0.0000E+00 0.0000E+00 0.0000E+00 0.0000E+00 0.0000E+00 0.0000E+00 0.0000E+00 0.0000E+00 0.0000E+00 0.0000E+00 0.0000E+00 0.0000E+00 0.0000E+00 0.0000E+00 2.4076E-12 6.0603E-12 1.3218E-11 2.4986E-11 5.9828E-11 1.3165E-10 2.3478E-10 3.5262E-10 5.4218E-10 7.5572E-10 9.9147E-10 1.2863E-09 1.6551E-09 2.1161E-09 2.6742E-09 3.3485E-09 4.1587E-09 5.1078E-09 6.2112E-09 7.4763E-09 8.9000E-09 1.0486E-08 1.2294E-08 1.4223E-08 1.6279E-08 1.8447E-08 2.0689E-08 2.2963E-08 2.5246E-08 2.7512E-08 2.9717E-08 3.1752E-08 3.3531E-08 3.4987E-08 3.6278E-08 3.7487E-08 3.8662E-08 3.9763E-08 4.0695E-08 4.1381E-08 4.1792E-08 4.1905E-08 4.1732E-08
0.0000E+00 0.0000E+00 0.0000E+00 0.0000E+00 0.0000E+00 0.0000E+00 0.0000E+00 0.0000E+00 0.0000E+00 0.0000E+00 0.0000E+00 0.0000E+00 0.0000E+00 0.0000E+00 2.0884E-12 5.8833E-12 1.2623E-11 2.3975E-11 5.7483E-11 1.2547E-10 2.2113E-10 3.4400E-10 5.1912E-10 7.4082E-10 9.7154E-10 1.2605E-09 1.6225E-09 2.0763E-09 2.6263E-09 3.2917E-09 4.0936E-09 5.0335E-09 6.1279E-09 7.3844E-09 8.8004E-09 1.0378E-08 1.2143E-08 1.4070E-08 1.6109E-08 1.8253E-08 2.0481E-08 2.2764E-08 2.5036E-08 2.7341E-08 2.9579E-08 3.1641E-08 3.3472E-08 3.5005E-08 3.6366E-08 3.7649E-08 3.8890E-08 4.0078E-08 4.1104E-08 4.1899E-08 4.2404E-08 4.2605E-08 4.2492E-08
0.0000E+00 0.0000E+00 0.0000E+00 0.0000E+00 0.0000E+00 0.0000E+00 0.0000E+00 0.0000E+00 0.0000E+00 0.0000E+00 0.0000E+00 0.0000E+00 0.0000E+00 0.0000E+00 1.7062E-12 5.6406E-12 1.2012E-11 2.2711E-11 5.4179E-11 1.1785E-10 2.1305E-10 3.2306E-10 4.9110E-10 7.0802E-10 9.4205E-10 1.2231E-09 1.5759E-09 2.0190E-09 2.5563E-09 3.2069E-09 3.9925E-09 4.9133E-09 5.9867E-09 7.2206E-09 8.6133E-09 1.0166E-08 1.1888E-08 1.3787E-08 1.5792E-08 1.7897E-08 2.0088E-08 2.2330E-08 2.4608E-08 2.6892E-08 2.9167E-08 3.1256E-08 3.3123E-08 3.4735E-08 3.6186E-08 3.7554E-08 3.8885E-08 4.0157E-08 4.1291E-08 4.2196E-08 4.2826E-08 4.3127E-08 4.3108E-08
0.0000E+00 0.0000E+00 0.0000E+00 0.0000E+00 0.0000E+00 0.0000E+00 0.0000E+00 0.0000E+00 0.0000E+00 0.0000E+00 0.0000E+00 0.0000E+00 0.0000E+00 0.0000E+00 1.2713E-12 5.3402E-12 1.0931E-11 2.1300E-11 4.9926E-11 1.0990E-10 1.9981E-10 2.9427E-10 4.6100E-10 6.8101E-10 9.0725E-10 1.1783E-09 1.5188E-09 1.9470E-09 2.4663E-09 3.0952E-09 3.8563E-09 4.7485E-09 5.7899E-09 6.9891E-09 8.3436E-09 9.8556E-09 1.1519E-08 1.3385E-08 1.5330E-08 1.7384E-08 1.9515E-08 2.1727E-08 2.3949E-08 2.6230E-08 2.8472E-08 3.0583E-08 3.2500E-08 3.4198E-08 3.5716E-08 3.7198E-08 3.8630E-08 3.9991E-08 4.1229E-08 4.2259E-08 4.3020E-08 4.3454E-08 4.3549E-08
0.0000E+00 0.0000E+00 0.0000E+00 0.0000E+00 0.0000E+00 0.0000E+00 0.0000E+00 0.0000E+00 0.0000E+00 0.0000E+00 0.0000E+00 0.0000E+00 0.0000E+00 0.0000E+00 7.9495E-13 4.9913E-12 9.8863E-12 1.9592E-11 4.5238E-11 9.9927E-11 1.8551E-10 2.7930E-10 4.2193E-10 6.3791E-10 8.6652E-10 1.1252E-09 1.4504E-09 1.8599E-09 2.3565E-09 2.9583E-09 3.6879E-09 4.5434E-09 5.5431E-09 6.6967E-09 8.0005E-09 9.4583E-09 1.1065E-08 1.2848E-08 1.4744E-08 1.6729E-08 1.8800E-08 2.0931E-08 2.3104E-08 2.5312E-08 2.7539E-08 2.9635E-08 3.1589E-08 3.3375E-08 3.4989E-08 3.6533E-08 3.8068E-08 3.9543E-08 4.0884E-08 4.2045E-08 4.2954E-08 4.3544E-08 4.3789E-08
0.0000E+00 0.0000E+00 0.0000E+00 0.0000E+00 0.0000E+00 0.0000E+00 0.0000E+00 0.0000E+00 0.0000E+00 0.0000E+00 0.0000E+00 0.0000E+00 0.0000E+00 0.0000E+00 3.0745E-13 4.3394E-12 9.0021E-12 1.7668E-11 4.1694E-11 8.8473E-11 1.6905E-10 2.6250E-10 3.8213E-10 5.9276E-10 8.2044E-10 1.0650E-09 1.3725E-09 1.7602E-09 2.2303E-09 2.8001E-09 3.4925E-09 4.3042E-09 5.2541E-09 6.3522E-09 7.5943E-09 8.9857E-09 1.0522E-08 1.2208E-08 1.4051E-08 1.5957E-08 1.7938E-08 1.9990E-08 2.2087E-08 2.4199E-08 2.6341E-08 2.8452E-08 3.0404E-08 3.2234E-08 3.3960E-08 3.5609E-08 3.7216E-08 3.8786E-08 4.0248E-08 4.1558E-08 4.2620E-08 4.3383E-08 4.3795E-08
0.0000E+00 0.0000E+00 0.0000E+00 0.0000E+00 0.0000E+00 0.0000E+00 0.0000E+00 0.0000E+00 0.0000E+00 0.0000E+00 0.0000E+00 0.0000E+00 0.0000E+00 0.0000E+00 0.0000E+00 3.3079E-12 7.9941E-12 1.5790E-11 3.7435E-11 7.9971E-11 1.5023E-10 2.4171E-10 3.6050E-10 5.3651E-10 7.7027E-10 9.9933E-10 1.2873E-09 1.6507E-09 2.0913E-09 2.6253E-09 3.2758E-09 4.0382E-09 4.9316E-09 5.9667E-09 7.1381E-09 8.4537E-09 9.9073E-09 1.1488E-08 1.3246E-08 1.5064E-08 1.6952E-08 1.8905E-08 2.0898E-08 2.2945E-08 2.4975E-08 2.7055E-08 2.8999E-08 3.0863E-08 3.2660E-08 3.4398E-08 3.6100E-08 3.7761E-08 3.9334E-08 4.0749E-08 4.1984E-08 4.2930E-08 4.3549E-08
0.0000E+00 0.0000E+00 0.0000E+00 0.0000E+00 0.0000E+00 0.0000E+00 0.0000E+00 0.0000E+00 0.0000E+00 0.0000E+00 0.0000E+00 0.0000E+00 0.0000E+00 0.0000E+00 0.0000E+00 2.3120E-12 6.6556E-12 1.3880E-11 3.2662E-11 7.1153E-11 1.3385E-10 2.1765E-10 3.2680E-10 4.9161E-10 7.0504E-10 9.3003E-10 1.1973E-09 1.5350E-09 1.9442E-09 2.4407E-09 3.0464E-09 3.7562E-09 4.5886E-09 5.5544E-09 6.6479E-09 7.8779E-09 9.2381E-09 1.0722E-08 1.2352E-08 1.4081E-08 1.5868E-08 1.7718E-08 1.9614E-08 2.1538E-08 2.3504E-08 2.5469E-08 2.7421E-08 2.9298E-08 3.1126E-08 3.2928E-08 3.4690E-08 3.6442E-08 3.8123E-08 3.9654E-08 4.1025E-08 4.2161E-08 4.3010E-08
0.0000E+00 0.0000E+00 0.0000E+00 0.0000E+00 0.0000E+00 0.0000E+00 0.0000E+00 0.0000E+00 0.0000E+00 0.0000E+00 0.0000E+00 0.0000E+00 0.0000E+00 0.0000E+00 0.0000E+00 1.4842E-12 5.5041E-12 1.1695E-11 2.7712E-11 6.3966E-11 1.1735E-10 1.9160E-10 2.9947E-10 4.4763E-10 6.4143E-10 8.6023E-10 1.1066E-09 1.4180E-09 1.7952E-09 2.2523E-09 2.8109E-09 3.4649E-09 4.2324E-09 5.1238E-09 6.1352E-09 7.2725E-09 8.5339E-09 9.9115E-09 1.1412E-08 1.3038E-08 1.4712E-08 1.6453E-08 1.8254E-08 2.0059E-08 2.1895E-08 2.3837E-08 2.5699E-08 2.7567E-08 2.9407E-08 3.1225E-08 3.3052E-08 3.4824E-08 3.6585E-08 3.8251E-08 3.9771E-08 4.1095E-08 4.2179E-08
0.0000E+00 0.0000E+00 0.0000E+00 0.0000E+00 0.0000E+00 0.0000E+00 0.0000E+00 0.0000E+00 0.0000E+00 0.0000E+00 0.0000E+00 0.0000E+00 0.0000E+00 0.0000E+00 0.0000E+00 6.7423E-13 4.5839E-12 9.7929E-12 2.2386E-11 5.5816E-11 1.0539E-10 1.6721E-10 2.6007E-10 4.0222E-10 5.9034E-10 7.9068E-10 1.0157E-09 1.3003E-09 1.6444E-09 2.0614E-09 2.5715E-09 3.1684E-09 3.8692E-09 4.6851E-09 5.6108E-09 6.6534E-09 7.8108E-09 9.0783E-09 1.0445E-08 1.1939E-08 1.3512E-08 1.5137E-08 1.6825E-08 1.8538E-08 2.0283E-08 2.2040E-08 2.3927E-08 2.5700E-08 2.7516E-08 2.9345E-08 3.1174E-08 3.2990E-08 3.4768E-08 3.6522E-08 3.8176E-08 3.9720E-08 4.1075E-08
0.0000E+00 0.0000E+00 0.0000E+00 0.0000E+00 0.0000E+00 0.0000E+00 0.0000E+00 0.0000E+00 0.0000E+00 0.0000E+00 0.0000E+00 0.0000E+00 0.0000E+00 0.0000E+00 0.0000E+00 1.4616E-13 3.2893E-12 8.1183E-12 1.8079E-11 4.7518E-11 9.3895E-11 1.4555E-10 2.2652E-10 3.5327E-10 5.2886E-10 7.2165E-10 9.2541E-10 1.1832E-09 1.4945E-09 1.8715E-09 2.3333E-09 2.8731E-09 3.5074E-09 4.2475E-09 5.0866E-09 6.0333E-09 7.0851E-09 8.2406E-09 9.4876E-09 1.0840E-08 1.2293E-08 1.3795E-08 1.5370E-08 1.6975E-08 1.8620E-08 2.0283E-08 2.2014E-08 2.3805E-08 2.5531E-08 2.7311E-08 2.9118E-08 3.0922E-08 3.2730E-08 3.4543E-08 3.6315E-08 3.8022E-08 3.9648E-08
0.0000E+00 0.0000E+00 0.0000E+00 0.0000E+00 0.0000E+00 0.0000E+00 0.0000E+00 0.0000E+00 0.0000E+00 0.0000E+00 0.0000E+00 0.0000E+00 0.0000E+00 0.0000E+00 0.0000E+00 0.0000E+00 2.0262E-12 6.1996E-12 1.4135E-11 3.8701E-11 8.3048E-11 1.3052E-10 1.9506E-10 3.0594E-10 4.6584E-10 6.5413E-10 8.3740E-10 1.0691E-09 1.3483E-09 1.6864E-09 2.1007E-09 2.5846E-09 3.1548E-09 3.8192E-09 4.5739E-09 5.4244E-09 6.3727E-09 7.4140E-09 8.5427E-09 9.7544E-09 1.1074E-08 1.2467E-08 1.3909E-08 1.5398E-08 1.6924E-08 1.8489E-08 2.0108E-08 2.1808E-08 2.3506E-08 2.5218E-08 2.6935E-08 2.8701E-08 3.0500E-08 3.2322E-08 3.4209E-08 3.6097E-08 3.7965E-08
0.0000E+00 0.0000E+00 0.0000E+00 0.0000E+00 0.0000E+00 0.0000E+00 0.0000E+00 0.0000E+00 0.0000E+00 0.0000E+00 0.0000E+00 0.0000E+00 0.0000E+00 0.0000E+00 0.0000E+00 0.0000E+00 9.7213E-13 4.5791E-12 1.0680E-11 2.9900E-11 7.0676E-11 1.1781E-10 1.6915E-10 2.5677E-10 3.9811E-10 5.7652E-10 7.5297E-10 9.5962E-10 1.2081E-09 1.5088E-09 1.8775E-09 2.3085E-09 2.8162E-09 3.4081E-09 4.0790E-09 4.8375E-09 5.6841E-09 6.6146E-09 7.6276E-09 8.7174E-09 9.8751E-09 1.1160E-08 1.2478E-08 1.3844E-08 1.5251E-08 1.6710E-08 1.8212E-08 1.9785E-08 2.1425E-08 2.3066E-08 2.4737E-08 2.6421E-08 2.8158E-08 2.9958E-08 3.1893E-08 3.3939E-08 3.6018E-08
0.0000E+00 0.0000E+00 0.0000E+00 0.0000E+00 0.0000E+00 0.0000E+00 0.0000E+00 0.0000E+00 0.0000E+00 0.0000E+00 0.0000E+00 0.0000E+00 0.0000E+00 0.0000E+00 0.0000E+00 0.0000E+00 3.2223E-13 3.1825E-12 7.9837E-12 2.2133E-11 5.7205E-11 1.0518E-10 1.5159E-10 2.1603E-10 3.3607E-10 5.0108E-10 6.7313E-10 8.5612E-10 1.0757E-09 1.3411E-09 1.6667E-09 2.0480E-09 2.4963E-09 3.0191E-09 3.6102E-09 4.2816E-09 5.0285E-09 5.8550E-09 6.7557E-09 7.7276E-09 8.7624E-09 9.8760E-09 1.1096E-08 1.2329E-08 1.3623E-08 1.4938E-08 1.6331E-08 1.7772E-08 1.9312E-08 2.0878E-08 2.2454E-08 2.4109E-08 2.5819E-08 2.7581E-08 2.9482E-08 3.1599E-08 3.3861E-08
0.0000E+00 0.0000E+00 0.0000E+00 0.0000E+00 0.0000E+00 0.0000E+00 0.0000E+00 0.0000E+00 0.0000E+00 0.0000E+00 0.0000E+00 0.0000E+00 0.0000E+00 0.0000E+00 0.0000E+00 0.0000E+00 0.0000E+00 1.8236E-12 5.6935E-12 1.6188E-11 4.4991E-11 9.0784E-11 1.3717E-10 1.8937E-10 2.6988E-10 4.1722E-10 5.8885E-10 7.5959E-10 9.5227E-10 1.1850E-09 1.4714E-09 1.8055E-09 2.1993E-09 2.6553E-09 3.1732E-09 3.7610E-09 4.4164E-09 5.1447E-09 5.9389E-09 6.7974E-09 7.7105E-09 8.6830E-09 9.7618E-09 1.0886E-08 1.2043E-08 1.3241E-08 1.4483E-08 1.5795E-08 1.7190E-08 1.8687E-08 2.0180E-08 2.1714E-08 2.3401E-08 2.5188E-08 2.7094E-08 2.9213E-08 3.1588E-08
0.0000E+00 0.0000E+00 0.0000E+00 0.0000E+00 0.0000E+00 0.0000E+00 0.0000E+00 0.0000E+00 0.0000E+00 0.0000E+00 0.0000E+00 0.0000E+00 0.0000E+00 0.0000E+00 0.0000E+00 0.0000E+00 0.0000E+00 8.2804E-13 3.6441E-12 1.0346E-11 3.4195E-11 7.5947E-11 1.2273E-10 1.6952E-10 2.2539E-10 3.3948E-10 4.9551E-10 6.6311E-10 8.3867E-10 1.0418E-09 1.2917E-09 1.5831E-09 1.9252E-09 2.3216E-09 2.7712E-09 3.2807E-09 3.8533E-09 4.4882E-09 5.1845E-09 5.9347E-09 6.7330E-09 7.5880E-09 8.5034E-09 9.5194E-09 1.0555E-08 1.1614E-08 1.2734E-08 1.3911E-08 1.5147E-08 1.6493E-08 1.7920E-08 1.9377E-08 2.0938E-08 2.2695E-08 2.4649E-08 2.6811E-08 2.9259E-08
0.0000E+00 0.0000E+00 0.0000E+00 0.0000E+00 0.0000E+00 0.0000E+00 0.0000E+00 0.0000E+00 0.0000E+00 0.0000E+00 0.0000E+00 0.0000E+00 0.0000E+00 0.0000E+00 0.0000E+00 0.0000E+00 0.0000E+00 1.8716E-13 2.3619E-12 6.3642E-12 2.2941E-11 6.0150E-11 1.0847E-10 1.5236E-10 1.9723E-10 2.7224E-10 4.0265E-10 5.6181E-10 7.2796E-10 9.1203E-10 1.1285E-09 1.3815E-09 1.6756E-09 2.0190E-09 2.4049E-09 2.8449E-09 3.3416E-09 3.8919E-09 4.4958E-09 5.1444E-09 5.8376E-09 6.5784E-09 7.3736E-09 8.2113E-09 9.1532E-09 1.0091E-08 1.1075E-08 1.2103E-08 1.3221E-08 1.4405E-08 1.5684E-08 1.7056E-08 1.8541E-08 2.0196E-08 2.2076E-08 2.4300E-08 2.6816E-08
0.0000E+00 0.0000E+00 0.0000E+00 0.0000E+00 0.0000E+00 0.0000E+00 0.0000E+00 0.0000E+00 0.0000E+00 0.0000E+00 0.0000E+00 0.0000E+00 0.0000E+00 0.0000E+00 0.0000E+00 0.0000E+00 0.0000E+00 0.0000E+00 1.1906E-12 3.8785E-12 1.4264E-11 4.4830E-11 9.1074E-11 1.3542E-10 1.7768E-10 2.2906E-10 3.2357E-10 4.5673E-10 6.1628E-10 7.8697E-10 9.8229E-10 1.1988E-09 1.4522E-09 1.7469E-09 2.0769E-09 2.4546E-09 2.8818E-09 3.3559E-09 3.8749E-09 4.4320E-09 5.0266E-09 5.6619E-09 6.3435E-09 7.0665E-09 7.8489E-09 8.6809E-09 9.5390E-09 1.0424E-08 1.1392E-08 1.2427E-08 1.3552E-08 1.4789E-08 1.6176E-08 1.7745E-08 1.9546E-08 2.1659E-08 2.4141E-08
0.0000E+00 0.0000E+00 0.0000E+00 0.0000E+00 0.0000E+00 0.0000E+00 0.0000E+00 0.0000E+00 0.0000E+00 0.0000E+00 0.0000E+00 0.0000E+00 0.0000E+00 0.0000E+00 0.0000E+00 0.0000E+00 0.0000E+00 0.0000E+00 4.4762E-13 2.5387E-12 7.3128E-12 3.0671E-11 7.2624E-11 1.1706E-10 1.5813E-10 2.0074E-10 2.6496E-10 3.6898E-10 5.0242E-10 6.6348E-10 8.3998E-10 1.0343E-09 1.2536E-09 1.5041E-09 1.7869E-09 2.1089E-09 2.4736E-09 2.8798E-09 3.3212E-09 3.7971E-09 4.3003E-09 4.8410E-09 5.4209E-09 6.0352E-09 6.6869E-09 7.3774E-09 8.1362E-09 8.8971E-09 9.7151E-09 1.0606E-08 1.1580E-08 1.2648E-08 1.3883E-08 1.5328E-08 1.7024E-08 1.9024E-08 2.1403E-08
0.0000E+00 0.0000E+00 0.0000E+00 0.0000E+00 0.0000E+00 0.0000E+00 0.0000E+00 0.0000E+00 0.0000E+00 0.0000E+00 0.0000E+00 0.0000E+00 0.0000E+00 0.0000E+00 0.0000E+00 0.0000E+00 0.0000E+00 0.0000E+00 0.0000E+00 1.3831E-12 3.7733E-12 1.7424E-11 5.3307E-11 9.9200E-11 1.3841E-10 1.7751E-10 2.2529E-10 3.0274E-10 4.0824E-10 5.4197E-10 6.9697E-10 8.7775E-10 1.0724E-09 1.2911E-09 1.5329E-09 1.8060E-09 2.1153E-09 2.4594E-09 2.8342E-09 3.2366E-09 3.6600E-09 4.1089E-09 4.5890E-09 5.1118E-09 5.6707E-09 6.2362E-09 6.8507E-09 7.5095E-09 8.2154E-09 8.9607E-09 9.7824E-09 1.0698E-08 1.1740E-08 1.3017E-08 1.4554E-08 1.6372E-08 1.8598E-08
0.0000E+00 0.0000E+00 0.0000E+00 0.0000E+00 0.0000E+00 0.0000E+00 0.0000E+00 0.0000E+00 0.0000E+00 0.0000E+00 0.0000E+00 0.0000E+00 0.0000E+00 0.0000E+00 0.0000E+00 0.0000E+00 0.0000E+00 0.0000E+00 0.0000E+00 5.5577E-13 2.3377E-12 8.2354E-12 3.5158E-11 7.8745E-11 1.1959E-10 1.5658E-10 1.9695E-10 2.5577E-10 3.3823E-10 4.3893E-10 5.6895E-10 7.2425E-10 9.0188E-10 1.0938E-09 1.3069E-09 1.5437E-09 1.8043E-09 2.0934E-09 2.4088E-09 2.7454E-09 3.1023E-09 3.4793E-09 3.8756E-09 4.3040E-09 4.7636E-09 5.2251E-09 5.7491E-09 6.2532E-09 6.8705E-09 7.5043E-09 8.1894E-09 8.9381E-09 9.8189E-09 1.0871E-08 1.2187E-08 1.3798E-08 1.5773E-08
0.0000E+00 0.0000E+00 0.0000E+00 0.0000E+00 0.0000E+00 0.0000E+00 0.0000E+00 0.0000E+00 0.0000E+00 0.0000E+00 0.0000E+00 0.0000E+00 0.0000E+00 0.0000E+00 0.0000E+00 0.0000E+00 0.0000E+00 0.0000E+00 0.0000E+00 0.0000E+00 1.3929E-12 3.4075E-12 1.9049E-11 5.7396E-11 1.0127E-10 1.3585E-10 1.7188E-10 2.1523E-10 2.8362E-10 3.6740E-10 4.6608E-10 5.9169E-10 7.3937E-10 9.1221E-10 1.1015E-09 1.3069E-09 1.5305E-09 1.7773E-09 2.0402E-09 2.3218E-09 2.6210E-09 2.9372E-09 3.2692E-09 3.6149E-09 3.9670E-09 4.3603E-09 4.7776E-09 5.2305E-09 5.6764E-09 6.2052E-09 6.7868E-09 7.4057E-09 8.1278E-09 8.9857E-09 1.0058E-08 1.1348E-08 1.3055E-08
