Assets/Resources/2015_m01_d23_1400(utc+0800)_l00_csi_1hr_conc.grd
DSAA
         159         159
     -79.000      79.000
     -79.000      79.000
  0.0000E+00  0.9928E-05
[rows 50 to 74 of 159, columns 0 to 56 of 159]
7.4123E-11 7.8626E-11 8.2913E-11 8.7166E-11 9.1605E-11 9.7171E-11 1.0207E-10 1.0718E-10 1.1274E-10 1.1856E-10 1.2438E-10 1.3068E-10 1.3727E-10 1.4386E-10 1.5098E-10 1.5841E-10 1.6586E-10 1.7387E-10 1.8221E-10 1.9060E-10 1.9958E-10 2.0892E-10 2.1832E-10 2.2822E-10 2.3878E-10 2.4928E-10 2.6030E-10 2.7188E-10 2.8371E-10 2.9578E-10 3.0860E-10 3.2185E-10 3.3521E-10 3.4901E-10 3.6360E-10 3.7867E-10 3.9386E-10 4.0969E-10 4.2602E-10 4.4302E-10 4.6016E-10 4.7818E-10 4.9673E-10 5.1621E-10 5.3549E-10 5.5528E-10 5.7642E-10 5.9774E-10 6.1965E-10 6.4171E-10 6.6475E-10 6.8922E-10 7.1307E-10 7.3749E-10 7.6423E-10 7.8992E-10 8.1703E-10
7.7687E-11 8.1679E-11 8.5847E-11 9.0196E-11 9.5664E-11 1.0046E-10 1.0546E-10 1.1104E-10 1.1662E-10 1.2231E-10 1.2861E-10 1.3493E-10 1.4139E-10 1.4849E-10 1.5563E-10 1.6292E-10 1.7089E-10 1.7892E-10 1.8712E-10 1.9605E-10 2.0505E-10 2.1424E-10 2.2406E-10 2.3425E-10 2.4452E-10 2.5544E-10 2.6677E-10 2.7818E-10 2.9014E-10 3.0267E-10 3.1548E-10 3.2854E-10 3.4219E-10 3.5646E-10 3.7102E-10 3.8587E-10 4.0153E-10 4.1749E-10 4.3395E-10 4.5070E-10 4.6869E-10 4.8686E-10 5.0556E-10 5.2440E-10 5.4416E-10 5.6486E-10 5.8575E-10 6.0680E-10 6.2880E-10 6.5138E-10 6.7455E-10 6.9831E-10 7.2222E-10 7.4842E-10 7.7359E-10 7.9932E-10 8.2741E-10
8.0438E-11 8.4521E-11 8.9002E-11 9.4150E-11 9.8849E-11 1.0375E-10 1.0932E-10 1.1467E-10 1.2024E-10 1.2653E-10 1.3260E-10 1.3904E-10 1.4600E-10 1.5285E-10 1.6011E-10 1.6792E-10 1.7564E-10 1.8379E-10 1.9240E-10 2.0120E-10 2.1018E-10 2.1992E-10 2.2975E-10 2.3977E-10 2.5046E-10 2.6153E-10 2.7268E-10 2.8437E-10 2.9662E-10 3.0914E-10 3.2190E-10 3.3540E-10 3.4936E-10 3.6342E-10 3.7810E-10 3.9323E-10 4.0902E-10 4.2492E-10 4.4165E-10 4.5890E-10 4.7704E-10 4.9496E-10 5.1338E-10 5.3310E-10 5.5299E-10 5.7344E-10 5.9402E-10 6.1596E-10 6.3808E-10 6.6078E-10 6.8364E-10 7.0747E-10 7.3233E-10 7.5738E-10 7.8259E-10 8.1011E-10 8.3658E-10
8.3192E-11 8.7583E-11 9.2634E-11 9.7233E-11 1.0203E-10 1.0749E-10 1.1273E-10 1.1829E-10 1.2434E-10 1.3027E-10 1.3657E-10 1.4338E-10 1.5009E-10 1.5718E-10 1.6482E-10 1.7237E-10 1.8034E-10 1.8889E-10 1.9735E-10 2.0627E-10 2.1580E-10 2.2526E-10 2.3520E-10 2.4565E-10 2.5632E-10 2.6722E-10 2.7879E-10 2.9077E-10 3.0284E-10 3.1546E-10 3.2866E-10 3.4214E-10 3.5587E-10 3.7038E-10 3.8517E-10 4.0042E-10 4.1596E-10 4.3267E-10 4.4954E-10 4.6693E-10 4.8444E-10 5.0282E-10 5.2212E-10 5.4158E-10 5.6120E-10 5.8172E-10 6.0281E-10 6.2486E-10 6.4669E-10 6.6946E-10 6.9282E-10 7.1717E-10 7.4130E-10 7.6640E-10 7.9253E-10 8.1888E-10 8.4537E-10
8.6376E-11 9.1116E-11 9.5617E-11 1.0042E-10 1.0566E-10 1.1078E-10 1.1623E-10 1.2215E-10 1.2795E-10 1.3423E-10 1.4077E-10 1.4733E-10 1.5439E-10 1.6174E-10 1.6912E-10 1.7703E-10 1.8526E-10 1.9353E-10 2.0238E-10 2.1157E-10 2.2080E-10 2.3051E-10 2.4087E-10 2.5115E-10 2.6194E-10 2.7325E-10 2.8480E-10 2.9658E-10 3.0907E-10 3.2197E-10 3.3497E-10 3.4838E-10 3.6255E-10 3.7717E-10 3.9190E-10 4.0742E-10 4.2341E-10 4.4026E-10 4.5690E-10 4.7400E-10 4.9235E-10 5.1122E-10 5.2989E-10 5.4906E-10 5.6952E-10 5.9016E-10 6.1135E-10 6.3270E-10 6.5539E-10 6.7826E-10 7.0172E-10 7.2533E-10 7.5034E-10 7.7554E-10 8.0133E-10 8.2728E-10 8.5472E-10
8.9598E-11 9.4003E-11 9.8702E-11 1.0383E-10 1.0884E-10 1.1429E-10 1.1996E-10 1.2564E-10 1.3190E-10 1.3818E-10 1.4458E-10 1.5161E-10 1.5867E-10 1.6588E-10 1.7375E-10 1.8166E-10 1.8974E-10 1.9852E-10 2.0736E-10 2.1638E-10 2.2601E-10 2.3598E-10 2.4602E-10 2.5655E-10 2.6775E-10 2.7888E-10 2.9038E-10 3.0258E-10 3.1518E-10 3.2787E-10 3.4112E-10 3.5497E-10 3.6908E-10 3.8346E-10 3.9861E-10 4.1459E-10 4.3072E-10 4.4696E-10 4.6403E-10 4.8197E-10 5.0007E-10 5.1830E-10 5.3741E-10 5.5742E-10 5.7762E-10 5.9796E-10 6.1922E-10 6.4104E-10 6.6383E-10 6.8639E-10 7.0990E-10 7.3440E-10 7.5909E-10 7.8394E-10 8.0965E-10 8.3624E-10 8.6314E-10
9.2392E-11 9.7098E-11 1.0201E-10 1.0691E-10 1.1235E-10 1.1779E-10 1.2333E-10 1.2946E-10 1.3560E-10 1.4185E-10 1.4873E-10 1.5563E-10 1.6266E-10 1.7036E-10 1.7809E-10 1.8597E-10 1.9455E-10 2.0319E-10 2.1199E-10 2.2153E-10 2.3114E-10 2.4094E-10 2.5136E-10 2.6216E-10 2.7302E-10 2.8439E-10 2.9630E-10 3.0846E-10 3.2084E-10 3.3394E-10 3.4746E-10 3.6107E-10 3.7510E-10 3.9024E-10 4.0587E-10 4.2128E-10 4.3713E-10 4.5416E-10 4.7169E-10 4.8903E-10 5.0683E-10 5.2587E-10 5.4508E-10 5.6482E-10 5.8470E-10 6.0587E-10 6.2722E-10 6.4914E-10 6.7119E-10 6.9460E-10 7.1820E-10 7.4237E-10 7.6668E-10 7.9216E-10 8.1792E-10 8.4425E-10 8.7084E-10
9.5498E-11 1.0020E-10 1.0499E-10 1.1031E-10 1.1563E-10 1.2104E-10 1.2715E-10 1.3303E-10 1.3914E-10 1.4598E-10 1.5260E-10 1.5960E-10 1.6712E-10 1.7454E-10 1.8237E-10 1.9076E-10 1.9905E-10 2.0778E-10 2.1710E-10 2.2634E-10 2.3590E-10 2.4622E-10 2.5662E-10 2.6722E-10 2.7847E-10 2.9010E-10 3.0180E-10 3.1404E-10 3.2683E-10 3.3987E-10 3.5315E-10 3.6717E-10 3.8197E-10 3.9690E-10 4.1193E-10 4.2775E-10 4.4439E-10 4.6119E-10 4.7810E-10 4.9585E-10 5.1446E-10 5.3324E-10 5.5216E-10 5.7196E-10 5.9267E-10 6.1355E-10 6.3459E-10 6.5655E-10 6.7946E-10 7.0256E-10 7.2581E-10 7.4989E-10 7.7483E-10 8.0005E-10 8.2554E-10 8.5188E-10 8.7879E-10
9.8399E-11 1.0308E-10 1.0839E-10 1.1348E-10 1.1877E-10 1.2474E-10 1.3049E-10 1.3657E-10 1.4314E-10 1.4961E-10 1.5656E-10 1.6378E-10 1.7103E-10 1.7880E-10 1.8686E-10 1.9496E-10 2.0361E-10 2.1258E-10 2.2160E-10 2.3106E-10 2.4114E-10 2.5114E-10 2.6148E-10 2.7246E-10 2.8381E-10 2.9523E-10 3.0716E-10 3.1980E-10 3.3237E-10 3.4532E-10 3.5933E-10 3.7379E-10 3.8804E-10 4.0270E-10 4.1848E-10 4.3474E-10 4.5080E-10 4.6731E-10 4.8499E-10 5.0283E-10 5.2118E-10 5.3965E-10 5.5936E-10 5.7924E-10 5.9966E-10 6.2021E-10 6.4206E-10 6.6448E-10 6.8669E-10 7.0941E-10 7.3326E-10 7.5738E-10 7.8207E-10 8.0700E-10 8.3279E-10 8.5945E-10 8.8638E-10
1.0118E-10 1.0637E-10 1.1135E-10 1.1663E-10 1.2235E-10 1.2796E-10 1.3402E-10 1.4033E-10 1.4664E-10 1.5343E-10 1.6048E-10 1.6755E-10 1.7514E-10 1.8301E-10 1.9091E-10 1.9935E-10 2.0811E-10 2.1690E-10 2.2627E-10 2.3598E-10 2.4573E-10 2.5596E-10 2.6667E-10 2.7760E-10 2.8874E-10 3.0053E-10 3.1271E-10 3.2497E-10 3.3760E-10 3.5159E-10 3.6540E-10 3.7929E-10 3.9359E-10 4.0900E-10 4.2489E-10 4.4056E-10 4.5666E-10 4.7393E-10 4.9171E-10 5.0927E-10 5.2766E-10 5.4692E-10 5.6636E-10 5.8593E-10 6.0638E-10 6.2776E-10 6.4930E-10 6.7100E-10 6.9349E-10 7.1682E-10 7.4042E-10 7.6427E-10 7.8896E-10 8.1420E-10 8.4030E-10 8.6637E-10 8.9328E-10
1.0438E-10 1.0923E-10 1.1450E-10 1.1999E-10 1.2546E-10 1.3138E-10 1.3754E-10 1.4370E-10 1.5045E-10 1.5722E-10 1.6411E-10 1.7164E-10 1.7920E-10 1.8691E-10 1.9528E-10 2.0369E-10 2.1227E-10 2.2141E-10 2.3088E-10 2.4039E-10 2.5036E-10 2.6096E-10 2.7148E-10 2.8233E-10 2.9399E-10 3.0572E-10 3.1767E-10 3.3029E-10 3.4365E-10 3.5712E-10 3.7067E-10 3.8494E-10 3.9999E-10 4.1517E-10 4.3045E-10 4.4650E-10 4.6337E-10 4.8039E-10 4.9752E-10 5.1583E-10 5.3430E-10 5.5328E-10 5.7238E-10 5.9274E-10 6.1363E-10 6.3431E-10 6.5550E-10 6.7776E-10 7.0057E-10 7.2337E-10 7.4668E-10 7.7111E-10 7.9582E-10 8.2107E-10 8.4657E-10 8.7291E-10 9.0012E-10
1.0714E-10 1.1228E-10 1.1764E-10 1.2299E-10 1.2888E-10 1.3478E-10 1.4079E-10 1.4750E-10 1.5399E-10 1.6072E-10 1.6819E-10 1.7544E-10 1.8295E-10 1.9125E-10 1.9933E-10 2.0769E-10 2.1675E-10 2.2585E-10 2.3512E-10 2.4498E-10 2.5518E-10 2.6543E-10 2.7616E-10 2.8753E-10 2.9883E-10 3.1047E-10 3.2309E-10 3.3613E-10 3.4896E-10 3.6216E-10 3.7641E-10 3.9111E-10 4.0559E-10 4.2048E-10 4.3648E-10 4.5296E-10 4.6923E-10 4.8593E-10 5.0382E-10 5.2221E-10 5.4038E-10 5.5939E-10 5.7928E-10 5.9933E-10 6.1952E-10 6.4048E-10 6.6224E-10 6.8427E-10 7.0654E-10 7.2960E-10 7.5349E-10 7.7766E-10 8.0207E-10 8.2730E-10 8.5308E-10 8.7942E-10 9.0631E-10
1.1019E-10 1.1532E-10 1.2054E-10 1.2641E-10 1.3206E-10 1.3792E-10 1.4447E-10 1.5080E-10 1.5748E-10 1.6466E-10 1.7173E-10 1.7918E-10 1.8715E-10 1.9503E-10 2.0331E-10 2.1215E-10 2.2089E-10 2.2993E-10 2.3968E-10 2.4949E-10 2.5948E-10 2.7008E-10 2.8103E-10 2.9203E-10 3.0338E-10 3.1600E-10 3.2842E-10 3.4092E-10 3.5379E-10 3.6801E-10 3.8204E-10 3.9615E-10 4.1100E-10 4.2662E-10 4.4237E-10 4.5823E-10 4.7487E-10 4.9233E-10 5.0995E-10 5.2767E-10 5.4658E-10 5.6601E-10 5.8524E-10 6.0494E-10 6.2568E-10 6.4694E-10 6.6819E-10 6.8993E-10 7.1275E-10 7.3583E-10 7.5945E-10 7.8330E-10 8.0797E-10 8.3349E-10 8.5927E-10 8.8528E-10 9.1213E-10
1.1303E-10 1.1812E-10 1.2385E-10 1.2936E-10 1.3508E-10 1.4148E-10 1.4765E-10 1.5417E-10 1.6117E-10 1.6807E-10 1.7545E-10 1.8311E-10 1.9079E-10 1.9886E-10 2.0748E-10 2.1600E-10 2.2494E-10 2.3446E-10 2.4389E-10 2.5362E-10 2.6409E-10 2.7463E-10 2.8535E-10 2.9669E-10 3.0872E-10 3.2084E-10 3.3301E-10 3.4586E-10 3.5943E-10 3.7311E-10 3.8687E-10 4.0134E-10 4.1691E-10 4.3195E-10 4.4741E-10 4.6398E-10 4.8103E-10 4.9787E-10 5.1550E-10 5.3397E-10 5.5260E-10 5.7136E-10 5.9084E-10 6.1109E-10 6.3160E-10 6.5233E-10 6.7383E-10 6.9613E-10 7.1869E-10 7.4149E-10 7.6507E-10 7.8920E-10 8.1416E-10 8.3908E-10 8.6481E-10 8.9108E-10 9.1791E-10
1.1573E-10 1.2133E-10 1.2670E-10 1.3239E-10 1.3852E-10 1.4454E-10 1.5102E-10 1.5774E-10 1.6446E-10 1.7166E-10 1.7913E-10 1.8661E-10 1.9461E-10 2.0289E-10 2.1119E-10 2.1990E-10 2.2918E-10 2.3837E-10 2.4785E-10 2.5806E-10 2.6833E-10 2.7877E-10 2.9012E-10 3.0185E-10 3.1337E-10 3.2523E-10 3.3806E-10 3.5130E-10 3.6433E-10 3.7773E-10 3.9217E-10 4.0704E-10 4.2171E-10 4.3710E-10 4.5327E-10 4.6958E-10 4.8599E-10 5.0319E-10 5.2122E-10 5.3940E-10 5.5769E-10 5.7696E-10 5.9673E-10 6.1649E-10 6.3672E-10 6.5798E-10 6.7950E-10 7.0153E-10 7.2378E-10 7.4711E-10 7.7070E-10 7.9482E-10 8.1916E-10 8.4461E-10 8.7032E-10 8.9656E-10 9.2304E-10
1.1884E-10 1.2408E-10 1.2974E-10 1.3561E-10 1.4148E-10 1.4791E-10 1.5435E-10 1.6090E-10 1.6804E-10 1.7521E-10 1.8250E-10 1.9042E-10 1.9837E-10 2.0646E-10 2.1507E-10 2.2399E-10 2.3294E-10 2.4231E-10 2.5227E-10 2.6213E-10 2.7230E-10 2.8337E-10 2.9482E-10 3.0603E-10 3.1758E-10 3.3039E-10 3.4301E-10 3.5570E-10 3.6875E-10 3.8315E-10 3.9735E-10 4.1163E-10 4.2663E-10 4.4273E-10 4.5832E-10 4.7432E-10 4.9143E-10 5.0903E-10 5.2642E-10 5.4450E-10 5.6331E-10 5.8236E-10 6.0163E-10 6.2162E-10 6.4238E-10 6.6339E-10 6.8463E-10 7.0663E-10 7.2915E-10 7.5247E-10 7.7575E-10 7.9982E-10 8.2441E-10 8.4984E-10 8.7522E-10 9.0140E-10 9.2811E-10
1.2149E-10 1.2701E-10 1.3275E-10 1.3847E-10 1.4474E-10 1.5101E-10 1.5740E-10 1.6448E-10 1.7135E-10 1.7845E-10 1.8617E-10 1.9392E-10 2.0180E-10 2.1033E-10 2.1889E-10 2.2760E-10 2.3686E-10 2.4644E-10 2.5604E-10 2.6594E-10 2.7702E-10 2.8790E-10 2.9882E-10 3.1036E-10 3.2257E-10 3.3487E-10 3.4722E-10 3.6024E-10 3.7428E-10 3.8782E-10 4.0173E-10 4.1668E-10 4.3207E-10 4.4725E-10 4.6317E-10 4.7987E-10 4.9671E-10 5.1366E-10 5.3129E-10 5.4964E-10 5.6822E-10 5.8701E-10 6.0677E-10 6.2678E-10 6.4729E-10 6.6800E-10 6.8975E-10 7.1174E-10 7.3425E-10 7.5697E-10 7.8077E-10 8.0481E-10 8.2938E-10 8.5417E-10 8.7977E-10 9.0590E-10 9.3287E-10
1.2443E-10 1.2992E-10 1.3550E-10 1.4172E-10 1.4773E-10 1.5395E-10 1.6086E-10 1.6755E-10 1.7447E-10 1.8212E-10 1.8955E-10 1.9722E-10 2.0553E-10 2.1388E-10 2.2236E-10 2.3151E-10 2.4071E-10 2.5006E-10 2.5998E-10 2.7078E-10 2.8111E-10 2.9174E-10 3.0298E-10 3.1517E-10 3.2687E-10 3.3890E-10 3.5189E-10 3.6528E-10 3.7846E-10 3.9201E-10 4.0690E-10 4.2160E-10 4.3639E-10 4.5222E-10 4.6852E-10 4.8462E-10 5.0113E-10 5.1856E-10 5.3646E-10 5.5433E-10 5.7264E-10 5.9193E-10 6.1171E-10 6.3145E-10 6.5192E-10 6.7289E-10 6.9463E-10 7.1633E-10 7.3878E-10 7.6175E-10 7.8552E-10 8.0924E-10 8.3374E-10 8.5876E-10 8.8432E-10 9.1040E-10 9.3668E-10
1.2714E-10 1.3257E-10 1.3865E-10 1.4450E-10 1.5056E-10 1.5730E-10 1.6382E-10 1.7068E-10 1.7802E-10 1.8525E-10 1.9272E-10 2.0095E-10 2.0895E-10 2.1721E-10 2.2613E-10 2.3509E-10 2.4419E-10 2.5412E-10 2.6439E-10 2.7444E-10 2.8479E-10 2.9603E-10 3.0763E-10 3.1902E-10 3.3073E-10 3.4368E-10 3.5645E-10 3.6928E-10 3.8278E-10 3.9730E-10 4.1132E-10 4.2572E-10 4.4117E-10 4.5706E-10 4.7274E-10 4.8906E-10 5.0606E-10 5.2328E-10 5.4069E-10 5.5879E-10 5.7761E-10 5.9665E-10 6.1590E-10 6.3586E-10 6.5658E-10 6.7754E-10 6.9870E-10 7.2089E-10 7.4332E-10 7.6626E-10 7.8942E-10 8.1363E-10 8.3809E-10 8.6307E-10 8.8826E-10 9.1425E-10 9.4106E-10
1.2970E-10 1.3563E-10 1.4133E-10 1.4734E-10 1.5381E-10 1.6015E-10 1.6683E-10 1.7399E-10 1.8103E-10 1.8842E-10 1.9632E-10 2.0411E-10 2.1215E-10 2.2097E-10 2.2957E-10 2.3843E-10 2.4810E-10 2.5812E-10 2.6790E-10 2.7797E-10 2.8920E-10 3.0024E-10 3.1132E-10 3.2300E-10 3.3535E-10 3.4779E-10 3.6028E-10 3.7373E-10 3.8759E-10 4.0124E-10 4.1526E-10 4.3063E-10 4.4582E-10 4.6108E-10 4.7699E-10 4.9379E-10 5.1034E-10 5.2731E-10 5.4519E-10 5.6355E-10 5.8187E-10 6.0062E-10 6.2035E-10 6.4057E-10 6.6075E-10 6.8166E-10 7.0305E-10 7.2522E-10 7.4734E-10 7.7020E-10 7.9358E-10 8.1747E-10 8.4187E-10 8.6647E-10 8.9217E-10 9.1810E-10 9.4455E-10
1.3265E-10 1.3821E-10 1.4418E-10 1.5037E-10 1.5655E-10 1.6317E-10 1.7003E-10 1.7689E-10 1.8409E-10 1.9178E-10 1.9937E-10 2.0732E-10 2.1579E-10 2.2415E-10 2.3278E-10 2.4247E-10 2.5197E-10 2.6148E-10 2.7129E-10 2.8251E-10 2.9298E-10 3.0377E-10 3.1515E-10 3.2747E-10 3.3929E-10 3.5145E-10 3.6485E-10 3.7807E-10 3.9136E-10 4.0532E-10 4.2031E-10 4.3479E-10 4.4966E-10 4.6538E-10 4.8154E-10 4.9766E-10 5.1418E-10 5.3185E-10 5.4951E-10 5.6736E-10 5.8588E-10 6.0513E-10 6.2460E-10 6.4427E-10 6.6466E-10 6.8580E-10 7.0717E-10 7.2874E-10 7.5106E-10 7.7416E-10 7.9749E-10 8.2103E-10 8.4534E-10 8.7045E-10 8.9580E-10 9.2135E-10 9.4769E-10
1.3514E-10 1.4096E-10 1.4699E-10 1.5301E-10 1.5946E-10 1.6615E-10 1.7282E-10 1.7995E-10 1.8733E-10 1.9471E-10 2.0258E-10 2.1071E-10 2.1885E-10 2.2724E-10 2.3695E-10 2.4594E-10 2.5520E-10 2.6500E-10 2.7568E-10 2.8588E-10 2.9637E-10 3.0773E-10 3.1946E-10 3.3097E-10 3.4280E-10 3.5587E-10 3.6874E-10 3.8167E-10 3.9557E-10 4.0988E-10 4.2398E-10 4.3845E-10 4.5400E-10 4.6952E-10 4.8522E-10 5.0154E-10 5.1854E-10 5.3575E-10 5.5313E-10 5.7143E-10 5.9020E-10 6.0894E-10 6.2810E-10 6.4824E-10 6.6887E-10 6.8945E-10 7.1048E-10 7.3253E-10 7.5481E-10 7.7759E-10 8.0055E-10 8.2458E-10 8.4883E-10 8.7359E-10 8.9853E-10 9.2457E-10 9.5083E-10
1.3791E-10 1.4368E-10 1.4954E-10 1.5594E-10 1.6234E-10 1.6883E-10 1.7589E-10 1.8297E-10 1.9015E-10 1.9781E-10 2.0572E-10 2.1364E-10 2.2181E-10 2.3128E-10 2.4003E-10 2.4904E-10 2.5885E-10 2.6899E-10 2.7891E-10 2.8912E-10 3.0046E-10 3.1162E-10 3.2281E-10 3.3461E-10 3.4735E-10 3.5960E-10 3.7218E-10 3.8602E-10 3.9967E-10 4.1340E-10 4.2770E-10 4.4285E-10 4.5775E-10 4.7303E-10 4.8916E-10 5.0573E-10 5.2226E-10 5.3918E-10 5.5703E-10 5.7533E-10 5.9358E-10 6.1250E-10 6.3214E-10 6.5201E-10 6.7207E-10 6.9284E-10 7.1436E-10 7.3610E-10 7.5804E-10 7.8073E-10 8.0418E-10 8.2787E-10 8.5175E-10 8.7640E-10 9.0156E-10 9.2721E-10 9.5338E-10
1.4043E-10 1.4614E-10 1.5248E-10 1.5860E-10 1.6492E-10 1.7180E-10 1.7869E-10 1.8568E-10 1.9325E-10 2.0084E-10 2.0855E-10 2.1674E-10 2.2573E-10 2.3424E-10 2.4300E-10 2.5256E-10 2.6244E-10 2.7209E-10 2.8202E-10 2.9308E-10 3.0394E-10 3.1483E-10 3.2659E-10 3.3873E-10 3.5065E-10 3.6289E-10 3.7638E-10 3.8968E-10 4.0303E-10 4.1717E-10 4.3172E-10 4.4622E-10 4.6109E-10 4.7703E-10 4.9295E-10 5.0904E-10 5.2576E-10 5.4315E-10 5.6075E-10 5.7852E-10 5.9721E-10 6.1612E-10 6.3548E-10 6.5502E-10 6.7553E-10 6.9627E-10 7.1747E-10 7.3887E-10 7.6127E-10 7.8390E-10 8.0701E-10 8.3032E-10 8.5467E-10 8.7924E-10 9.0431E-10 9.2957E-10 9.5592E-10
1.4280E-10 1.4898E-10 1.5493E-10 1.6109E-10 1.6790E-10 1.7449E-10 1.8129E-10 1.8879E-10 1.9606E-10 2.0356E-10 2.1178E-10 2.2029E-10 2.2857E-10 2.3710E-10 2.4666E-10 2.5603E-10 2.6542E-10 2.7508E-10 2.8612E-10 2.9642E-10 3.0702E-10 3.1847E-10 3.3030E-10 3.4189E-10 3.5409E-10 3.6723E-10 3.7989E-10 3.9288E-10 4.0687E-10 4.2083E-10 4.3494E-10 4.4963E-10 4.6494E-10 4.8044E-10 4.9610E-10 5.1239E-10 5.2957E-10 5.4647E-10 5.6378E-10 5.8199E-10 6.0066E-10 6.1928E-10 6.3857E-10 6.5832E-10 6.7880E-10 6.9921E-10 7.2033E-10 7.4219E-10 7.6427E-10 7.8655E-10 8.0956E-10 8.3306E-10 8.5733E-10 8.8153E-10 9.0648E-10 9.3222E-10 9.5818E-10
