Assets/Resources/2015_m01_d27_0400(utc+0800)_l00_csi_1hr_conc.grd
DSAA
         159         159
     -79.000      79.000
     -79.000      79.000
  0.0000E+00  0.2876E-05
[rows 0 to 24 of 159, columns 57 to 113 of 159]
2.6314E-09 3.1201E-09 3.6511E-09 4.2198E-09 4.8176E-09 5.4317E-09 6.0495E-09 6.6547E-09 7.2350E-09 7.7761E-09 8.2656E-09 8.6900E-09 9.0373E-09 9.3007E-09 9.4715E-09 9.5529E-09 9.5401E-09 9.4389E-09 9.2489E-09 8.9782E-09 8.6344E-09 8.2303E-09 7.7769E-09 7.2984E-09 6.9508E-09 6.3779E-09 5.8011E-09 5.2330E-09 4.6885E-09 4.1781E-09 3.7465E-09 3.6048E-09 3.0466E-09 2.5677E-09 2.1509E-09 1.7967E-09 1.4330E-09 1.1966E-09 9.8275E-10 8.0273E-10 6.4486E-10 5.2909E-10 4.3985E-10 3.6322E-10 2.9736E-10 2.3554E-10 1.8419E-10 1.4837E-10 1.1854E-10 9.4043E-11 7.2568E-11 5.8111E-11 4.3243E-11 3.0410E-11 1.9024E-11 1.1369E-11 2.4669E-12
2.8661E-09 3.4074E-09 3.9991E-09 4.6344E-09 5.3003E-09 5.9840E-09 6.6708E-09 7.3464E-09 7.9929E-09 8.5934E-09 9.1314E-09 9.5924E-09 9.9701E-09 1.0256E-08 1.0442E-08 1.0523E-08 1.0503E-08 1.0382E-08 1.0172E-08 9.8899E-09 9.8389E-09 9.3587E-09 8.8259E-09 8.2492E-09 7.6520E-09 7.0422E-09 6.5419E-09 6.9192E-09 6.0032E-09 5.1668E-09 4.4175E-09 3.7571E-09 3.1842E-09 2.7140E-09 2.4281E-09 1.9387E-09 1.5701E-09 1.2447E-09 1.0212E-09 8.3086E-10 6.6454E-10 5.4077E-10 4.4874E-10 3.6948E-10 3.0178E-10 2.3891E-10 1.8677E-10 1.4929E-10 1.1966E-10 9.3970E-11 7.3603E-11 5.7731E-11 4.3093E-11 3.0256E-11 1.8841E-11 1.1220E-11 2.6059E-12
3.1187E-09 3.7194E-09 4.3765E-09 5.0797E-09 5.8192E-09 6.5801E-09 7.3437E-09 8.0908E-09 8.8040E-09 9.4647E-09 1.0058E-08 1.0568E-08 1.0984E-08 1.1295E-08 1.1499E-08 1.1606E-08 1.1689E-08 1.1903E-08 1.1655E-08 1.1313E-08 1.0896E-08 1.0471E-08 1.0030E-08 1.1723E-08 1.0549E-08 9.3948E-09 8.2907E-09 7.2457E-09 6.3041E-09 5.4945E-09 5.2626E-09 4.3759E-09 3.6207E-09 2.9886E-09 2.4388E-09 1.9808E-09 1.5799E-09 1.3445E-09 1.0574E-09 8.5479E-10 6.7987E-10 5.4807E-10 4.5398E-10 3.7307E-10 3.0429E-10 2.4097E-10 1.8725E-10 1.4891E-10 1.1955E-10 9.3042E-11 7.3791E-11 5.6800E-11 4.2473E-11 2.9675E-11 1.8412E-11 1.0858E-11 2.6614E-12
3.3879E-09 4.0507E-09 4.7763E-09 5.5545E-09 6.3741E-09 7.2164E-09 8.0628E-09 8.8906E-09 9.6818E-09 1.0417E-08 1.1079E-08 1.1658E-08 1.2182E-08 1.2988E-08 1.3234E-08 1.3361E-08 1.3376E-08 1.3363E-08 1.3285E-08 1.3976E-08 1.5911E-08 1.4782E-08 1.3585E-08 1.2359E-08 1.1153E-08 1.0055E-08 1.0404E-08 8.9097E-09 7.5623E-09 6.3694E-09 5.3312E-09 4.4505E-09 3.7256E-09 3.3362E-09 2.6565E-09 2.1253E-09 1.7102E-09 1.3380E-09 1.0887E-09 8.7513E-10 6.9481E-10 5.5260E-10 4.5575E-10 3.7404E-10 3.0301E-10 2.4082E-10 1.8674E-10 1.4752E-10 1.1854E-10 9.1140E-11 7.2374E-11 5.5307E-11 4.1445E-11 2.8902E-11 1.7837E-11 1.0325E-11 2.5800E-12
3.6785E-09 4.4118E-09 5.2152E-09 6.0764E-09 6.9813E-09 7.9123E-09 8.8534E-09 9.7830E-09 1.0700E-08 1.1949E-08 1.2730E-08 1.3417E-08 1.4006E-08 1.4571E-08 1.4932E-08 1.5918E-08 2.0129E-08 1.9584E-08 1.8834E-08 1.7920E-08 1.6934E-08 1.5867E-08 1.5428E-08 1.5852E-08 1.4002E-08 1.2229E-08 1.0575E-08 9.0637E-09 7.7536E-09 7.4461E-09 6.1293E-09 5.0155E-09 4.0891E-09 3.2683E-09 2.6592E-09 2.1493E-09 1.8062E-09 1.4408E-09 1.1163E-09 8.9253E-10 7.0462E-10 5.5852E-10 4.5352E-10 3.7103E-10 3.0004E-10 2.3904E-10 1.8474E-10 1.4563E-10 1.1595E-10 8.9220E-11 7.0135E-11 5.3040E-11 3.9885E-11 2.7700E-11 1.7029E-11 9.5113E-12 2.4414E-12
3.9997E-09 4.8061E-09 5.6945E-09 6.6520E-09 7.6710E-09 8.8634E-09 1.0105E-08 1.1192E-08 1.2258E-08 1.3344E-08 1.4376E-08 1.5609E-08 2.1062E-08 2.1506E-08 2.1700E-08 2.1649E-08 2.1441E-08 2.0920E-08 2.0877E-08 2.3558E-08 2.1857E-08 2.0016E-08 1.8107E-08 1.6240E-08 1.4430E-08 1.3197E-08 1.2610E-08 1.0632E-08 8.8799E-09 7.3642E-09 6.0846E-09 5.0260E-09 4.5059E-09 3.6188E-09 2.8613E-09 2.2825E-09 1.8142E-09 1.4066E-09 1.1359E-09 9.0395E-10 7.0648E-10 5.5579E-10 4.4766E-10 3.6495E-10 2.9510E-10 2.3448E-10 1.8066E-10 1.4302E-10 1.1213E-10 8.7115E-11 6.7128E-11 5.0446E-11 3.7812E-11 2.6215E-11 1.6146E-11 8.3678E-12 2.2562E-12
4.4018E-09 5.3019E-09 6.4534E-09 7.5583E-09 8.7337E-09 9.9689E-09 1.1312E-08 1.2768E-08 1.6963E-08 1.9302E-08 2.0484E-08 2.1480E-08 2.2340E-08 2.2975E-08 2.3660E-08 2.8553E-08 2.7925E-08 2.6947E-08 2.5667E-08 2.4206E-08 2.2477E-08 2.1187E-08 2.2095E-08 1.9513E-08 1.7011E-08 1.4658E-08 1.2509E-08 1.0602E-08 9.2662E-09 8.3944E-09 6.8727E-09 5.5264E-09 4.4238E-09 3.5137E-09 2.8498E-09 2.4671E-09 1.9112E-09 1.5038E-09 1.1502E-09 9.1264E-10 7.0710E-10 5.4970E-10 4.3835E-10 3.5592E-10 2.8699E-10 2.2792E-10 1.7488E-10 1.3903E-10 1.0739E-10 8.3770E-11 6.3464E-11 4.7746E-11 3.5309E-11 2.4320E-11 1.4428E-11 7.2824E-12 2.0339E-12
5.2006E-09 6.1825E-09 7.1704E-09 8.4616E-09 1.0384E-08 1.3984E-08 1.5643E-08 1.7282E-08 1.8865E-08 2.0444E-08 2.1997E-08 2.6912E-08 2.8785E-08 2.9313E-08 2.9463E-08 2.9312E-08 2.8793E-08 2.8219E-08 3.1528E-08 2.9423E-08 2.7057E-08 2.4538E-08 2.2012E-08 1.9450E-08 1.7411E-08 1.7084E-08 1.4510E-08 1.2127E-08 1.0041E-08 8.2509E-09 6.7719E-09 5.6586E-09 4.8704E-09 3.8623E-09 3.0233E-09 2.3980E-09 1.8842E-09 1.4475E-09 1.2107E-09 9.1286E-10 7.0619E-10 5.3917E-10 4.2529E-10 3.4414E-10 2.7616E-10 2.1942E-10 1.6752E-10 1.3268E-10 1.0182E-10 7.9006E-11 5.9132E-11 4.4463E-11 3.2420E-11 2.1981E-11 1.2619E-11 6.2731E-12 1.8229E-12
6.5401E-09 8.9409E-09 9.8694E-09 1.1257E-08 1.2896E-08 1.4677E-08 1.6542E-08 1.9146E-08 2.3787E-08 2.5559E-08 2.7114E-08 2.8408E-08 2.9495E-08 3.0355E-08 3.5051E-08 3.5435E-08 3.4519E-08 3.3145E-08 3.1447E-08 2.9430E-08 2.7431E-08 2.8831E-08 2.5759E-08 2.2613E-08 1.9591E-08 1.6778E-08 1.4228E-08 1.2206E-08 1.1414E-08 9.3383E-09 7.5183E-09 5.9588E-09 4.7112E-09 3.7263E-09 3.0772E-09 2.5668E-09 1.9775E-09 1.5418E-09 1.1547E-09 9.0485E-10 6.9257E-10 5.2444E-10 4.0877E-10 3.2962E-10 2.6362E-10 2.0858E-10 1.5926E-10 1.2546E-10 9.5373E-11 7.3650E-11 5.4341E-11 4.0575E-11 2.9248E-11 1.9381E-11 1.0768E-11 5.2517E-12 1.6287E-12
8.7635E-09 9.7357E-09 1.1211E-08 1.2580E-08 1.6144E-08 1.7956E-08 2.0055E-08 2.2149E-08 2.4228E-08 2.6129E-08 2.8842E-08 3.3803E-08 3.4870E-08 3.5470E-08 3.5593E-08 3.5335E-08 3.4721E-08 3.8264E-08 3.6535E-08 3.4100E-08 3.1261E-08 2.8310E-08 2.5289E-08 2.2511E-08 2.2526E-08 1.9280E-08 1.6208E-08 1.3464E-08 1.1081E-08 9.0503E-09 7.4469E-09 6.6659E-09 5.1860E-09 4.0570E-09 3.1388E-09 2.4718E-09 1.9188E-09 1.4861E-09 1.2137E-09 8.9267E-10 6.7542E-10 5.1152E-10 3.9013E-10 3.1274E-10 2.4922E-10 1.9617E-10 1.5046E-10 1.1731E-10 8.8678E-11 6.7618E-11 4.9395E-11 3.6425E-11 2.5856E-11 1.6818E-11 8.8828E-12 4.2522E-12 1.1179E-12
1.0745E-08 1.2385E-08 1.3755E-08 1.5597E-08 1.7560E-08 1.8769E-08 2.1007E-08 2.5810E-08 2.8078E-08 3.0162E-08 3.1985E-08 3.3561E-08 3.4703E-08 3.6638E-08 4.0855E-08 4.0473E-08 3.9410E-08 3.7819E-08 3.5880E-08 3.3676E-08 3.5810E-08 3.2424E-08 2.8820E-08 2.5242E-08 2.1854E-08 1.8680E-08 1.5928E-08 1.5357E-08 1.2545E-08 1.0108E-08 8.0436E-09 6.3451E-09 4.9695E-09 3.9271E-09 3.4394E-09 2.6224E-09 2.0048E-09 1.5358E-09 1.1253E-09 8.7254E-10 6.5537E-10 4.9444E-10 3.7453E-10 2.9395E-10 2.3320E-10 1.8295E-10 1.4136E-10 1.0841E-10 8.1758E-11 6.1320E-11 4.4239E-11 3.1911E-11 2.2355E-11 1.4062E-11 7.1036E-12 3.1459E-12 6.8287E-13
1.1083E-08 1.3441E-08 1.5253E-08 1.9202E-08 2.0555E-08 2.2555E-08 2.4055E-08 2.6095E-08 2.8090E-08 3.0564E-08 3.6055E-08 3.7828E-08 3.9028E-08 3.9721E-08 3.9961E-08 3.9593E-08 4.0038E-08 4.2829E-08 4.0489E-08 3.7692E-08 3.4565E-08 3.1330E-08 2.8099E-08 2.9125E-08 2.4832E-08 2.1097E-08 1.7672E-08 1.4627E-08 1.1963E-08 9.7880E-09 9.0387E-09 7.0572E-09 5.4397E-09 4.1873E-09 3.2030E-09 2.5018E-09 1.9336E-09 1.5852E-09 1.1811E-09 8.5115E-10 6.3444E-10 4.6991E-10 3.5438E-10 2.7369E-10 2.1600E-10 1.6878E-10 1.3057E-10 9.8748E-11 7.4215E-11 5.4692E-11 3.8892E-11 2.7524E-11 1.8895E-11 1.1440E-11 5.5046E-12 2.0148E-12 2.7242E-13
1.2012E-08 1.4984E-08 1.7729E-08 2.0594E-08 2.2138E-08 2.3994E-08 2.8166E-08 3.0475E-08 3.1672E-08 3.3550E-08 3.5424E-08 3.7114E-08 3.8853E-08 4.4075E-08 4.4372E-08 4.3905E-08 4.2814E-08 4.1248E-08 3.9104E-08 3.7892E-08 3.8931E-08 3.5176E-08 3.1278E-08 2.7401E-08 2.3727E-08 2.0347E-08 2.0824E-08 1.6561E-08 1.3418E-08 1.0717E-08 8.4844E-09 6.6488E-09 5.2470E-09 4.6156E-09 3.5020E-09 2.6309E-09 1.9908E-09 1.4936E-09 1.0694E-09 8.2092E-10 6.1267E-10 4.4915E-10 3.2895E-10 2.5199E-10 1.9793E-10 1.5460E-10 1.1886E-10 8.8912E-11 6.6160E-11 4.8042E-11 3.3515E-11 2.3240E-11 1.5461E-11 8.8708E-12 3.9498E-12 1.0531E-12 0.0000E+00
1.1674E-08 1.4912E-08 1.8756E-08 2.2738E-08 2.5453E-08 2.7574E-08 3.0261E-08 3.1390E-08 3.3160E-08 3.7494E-08 3.9264E-08 4.0623E-08 4.1826E-08 4.2625E-08 4.2909E-08 4.3156E-08 4.7363E-08 4.5577E-08 4.3184E-08 4.0292E-08 3.7118E-08 3.3629E-08 3.1382E-08 3.0892E-08 2.6640E-08 2.2607E-08 1.8902E-08 1.5610E-08 1.2767E-08 1.2758E-08 9.5166E-09 7.3708E-09 5.6323E-09 4.2663E-09 3.2200E-09 2.4990E-09 2.1210E-09 1.5470E-09 1.1357E-09 7.8594E-10 5.8017E-10 4.2139E-10 3.0142E-10 2.2950E-10 1.7944E-10 1.3989E-10 1.0657E-10 7.8664E-11 5.7822E-11 4.1090E-11 2.8277E-11 1.9187E-11 1.2030E-11 6.4994E-12 2.4458E-12 1.5131E-13 0.0000E+00
1.1750E-08 1.5146E-08 1.8959E-08 2.2814E-08 2.6455E-08 3.0075E-08 3.4435E-08 3.5535E-08 3.6976E-08 3.8372E-08 3.9766E-08 4.0389E-08 4.5713E-08 4.6371E-08 4.6551E-08 4.6103E-08 4.5121E-08 4.3439E-08 4.2054E-08 4.4655E-08 4.1109E-08 3.7221E-08 3.3165E-08 2.9164E-08 2.5302E-08 2.2585E-08 2.1342E-08 1.7512E-08 1.4124E-08 1.1226E-08 8.8229E-09 6.9715E-09 6.3290E-09 4.7266E-09 3.5132E-09 2.5923E-09 1.9327E-09 1.4218E-09 9.9982E-10 8.2260E-10 5.4610E-10 3.8938E-10 2.7438E-10 2.0616E-10 1.6128E-10 1.2464E-10 9.4209E-11 6.8382E-11 4.9645E-11 3.4804E-11 2.3479E-11 1.5158E-11 8.9005E-12 4.4154E-12 9.7290E-13 2.2209E-14 0.0000E+00
1.1079E-08 1.4527E-08 1.9146E-08 2.3504E-08 2.7973E-08 3.2018E-08 3.5698E-08 3.7296E-08 4.0135E-08 4.3331E-08 4.3703E-08 4.4429E-08 4.4675E-08 4.4915E-08 4.5132E-08 5.0103E-08 4.9034E-08 4.7285E-08 4.4919E-08 4.2120E-08 3.8797E-08 3.6155E-08 3.7025E-08 3.2518E-08 2.8054E-08 2.3775E-08 1.9887E-08 1.6536E-08 1.4024E-08 1.2717E-08 9.9049E-09 7.6117E-09 5.7626E-09 4.2997E-09 3.2349E-09 2.8639E-09 2.0579E-09 1.4725E-09 1.0543E-09 7.0018E-10 5.0772E-10 3.5511E-10 2.4911E-10 1.8317E-10 1.4293E-10 1.0962E-10 8.1780E-11 5.8637E-11 4.1797E-11 2.8730E-11 1.8801E-11 1.1333E-11 5.8587E-12 2.1765E-12 1.8806E-13 0.0000E+00 0.0000E+00
1.0751E-08 1.4172E-08 1.8141E-08 2.2564E-08 2.7393E-08 3.3348E-08 3.7695E-08 4.0483E-08 4.2424E-08 4.4580E-08 4.4578E-08 4.7086E-08 4.8962E-08 4.9024E-08 4.8249E-08 4.7652E-08 4.6518E-08 4.5400E-08 4.9061E-08 4.6053E-08 4.2522E-08 3.8614E-08 3.4579E-08 3.0357E-08 2.7081E-08 2.6784E-08 2.2324E-08 1.8278E-08 1.4692E-08 1.1633E-08 9.2160E-09 7.4908E-09 6.4967E-09 4.7807E-09 3.4737E-09 2.5120E-09 1.8450E-09 1.3288E-09 1.0842E-09 7.4583E-10 4.7478E-10 3.2131E-10 2.2627E-10 1.6104E-10 1.2461E-10 9.4286E-11 6.9766E-11 4.9283E-11 3.4480E-11 2.2965E-11 1.4387E-11 7.8152E-12 3.3884E-12 5.2988E-13 9.1405E-14 0.0000E+00 0.0000E+00
1.0039E-08 1.3801E-08 1.7803E-08 2.2297E-08 2.7125E-08 3.2154E-08 3.6963E-08 4.0931E-08 4.5588E-08 4.8504E-08 4.8488E-08 4.8713E-08 4.8850E-08 4.8100E-08 5.0457E-08 5.1493E-08 5.0032E-08 4.8171E-08 4.5925E-08 4.3169E-08 4.0496E-08 4.2648E-08 3.8212E-08 3.3611E-08 2.9014E-08 2.4680E-08 2.0734E-08 1.7531E-08 1.6734E-08 1.3194E-08 1.0203E-08 7.7736E-09 5.8818E-09 4.3688E-09 3.3640E-09 2.7990E-09 1.9666E-09 1.3802E-09 9.5768E-10 6.0676E-10 4.3121E-10 2.9250E-10 1.9985E-10 1.3947E-10 1.0684E-10 8.0282E-11 5.8503E-11 4.0674E-11 2.7519E-11 1.7750E-11 1.0058E-11 4.5466E-12 1.1306E-12 2.4062E-13 4.3309E-15 0.0000E+00 0.0000E+00
9.7784E-09 1.2922E-08 1.6751E-08 2.1151E-08 2.6806E-08 3.2050E-08 3.7199E-08 4.1423E-08 4.5059E-08 4.8382E-08 4.9715E-08 5.2698E-08 5.2958E-08 5.1721E-08 5.0757E-08 4.9372E-08 4.8163E-08 4.9728E-08 4.9675E-08 4.6657E-08 4.3186E-08 3.9419E-08 3.5384E-08 3.1753E-08 3.2541E-08 2.7671E-08 2.3066E-08 1.8851E-08 1.5162E-08 1.2082E-08 9.7004E-09 8.9070E-09 6.6085E-09 4.8086E-09 3.4178E-09 2.4186E-09 1.7433E-09 1.2801E-09 1.0030E-09 6.7438E-10 3.9914E-10 2.6535E-10 1.7529E-10 1.1880E-10 9.0180E-11 6.6744E-11 4.7835E-11 3.2360E-11 2.1113E-11 1.2654E-11 6.4179E-12 2.0475E-12 5.3134E-13 1.1808E-13 0.0000E+00 0.0000E+00 0.0000E+00
9.6021E-09 1.2628E-08 1.6328E-08 2.0581E-08 2.5349E-08 3.0473E-08 3.5837E-08 4.1751E-08 4.5903E-08 4.9661E-08 5.1349E-08 5.2176E-08 5.2591E-08 5.2026E-08 5.4495E-08 5.3088E-08 5.1026E-08 4.8831E-08 4.6418E-08 4.3888E-08 4.4830E-08 4.3135E-08 3.8773E-08 3.4208E-08 2.9681E-08 2.5493E-08 2.1632E-08 2.1523E-08 1.7265E-08 1.3552E-08 1.0410E-08 7.9654E-09 5.9365E-09 4.4735E-09 3.9360E-09 2.7176E-09 1.8635E-09 1.2811E-09 8.5810E-10 5.1602E-10 3.6601E-10 2.3549E-10 1.5205E-10 9.9802E-11 7.4729E-11 5.4745E-11 3.8183E-11 2.5126E-11 1.5302E-11 8.1060E-12 3.0672E-12 7.3658E-13 2.3050E-13 1.9891E-14 0.0000E+00 0.0000E+00 0.0000E+00
9.1865E-09 1.2074E-08 1.5539E-08 2.0183E-08 2.4891E-08 2.9994E-08 3.5186E-08 4.0108E-08 4.4092E-08 4.8366E-08 5.2907E-08 5.4507E-08 5.5336E-08 5.3922E-08 5.2595E-08 5.1216E-08 5.0112E-08 5.2584E-08 4.9786E-08 4.6707E-08 4.3200E-08 3.9762E-08 3.6044E-08 3.6075E-08 3.3126E-08 2.8220E-08 2.3544E-08 1.9284E-08 1.5688E-08 1.2560E-08 1.2110E-08 9.0879E-09 6.6785E-09 4.7883E-09 3.4106E-09 2.3418E-09 1.6561E-09 1.3864E-09 8.9076E-10 5.7136E-10 3.0603E-10 2.0766E-10 1.3003E-10 8.3751E-11 6.0757E-11 4.3450E-11 2.9522E-11 1.8131E-11 9.9161E-12 4.0769E-12 9.5439E-13 4.4807E-13 1.0674E-13 0.0000E+00 0.0000E+00 0.0000E+00 0.0000E+00
9.0505E-09 1.1921E-08 1.5337E-08 1.9308E-08 2.3797E-08 2.8775E-08 3.4764E-08 3.9817E-08 4.4597E-08 4.8197E-08 5.0910E-08 5.2907E-08 5.4226E-08 5.6628E-08 5.5611E-08 5.4098E-08 5.1526E-08 4.9131E-08 4.6627E-08 4.5052E-08 4.6946E-08 4.3056E-08 3.8749E-08 3.4286E-08 3.0126E-08 2.5983E-08 2.5370E-08 2.2018E-08 1.7624E-08 1.3781E-08 1.0672E-08 8.0441E-09 6.0341E-09 5.4638E-09 3.7810E-09 2.5284E-09 1.6695E-09 1.1160E-09 7.1056E-10 4.0796E-10 2.7087E-10 1.8166E-10 1.1025E-10 6.8560E-11 4.8652E-11 3.3728E-11 2.1685E-11 1.2153E-11 5.3154E-12 1.3009E-12 5.9678E-13 1.8488E-13 4.1142E-15 0.0000E+00 0.0000E+00 0.0000E+00 0.0000E+00
8.7572E-09 1.1612E-08 1.5092E-08 1.9126E-08 2.3518E-08 2.8316E-08 3.3231E-08 3.8113E-08 4.2991E-08 4.8740E-08 5.1460E-08 5.3432E-08 5.4698E-08 5.4175E-08 5.3582E-08 5.2512E-08 5.4553E-08 5.2093E-08 4.9319E-08 4.6096E-08 4.3036E-08 3.9398E-08 3.7090E-08 3.8015E-08 3.3185E-08 2.8343E-08 2.3888E-08 1.9678E-08 1.5944E-08 1.4959E-08 1.1955E-08 8.8533E-09 6.3956E-09 4.5821E-09 3.1276E-09 2.0680E-09 1.3379E-09 8.6704E-10 5.5100E-10 3.4527E-10 2.3821E-10 1.5775E-10 9.2349E-11 5.5324E-11 3.7697E-11 2.5109E-11 1.4550E-11 6.9866E-12 2.3039E-12 7.1049E-13 2.6764E-13 6.5055E-14 0.0000E+00 0.0000E+00 0.0000E+00 0.0000E+00 0.0000E+00
8.6162E-09 1.1515E-08 1.4951E-08 1.8719E-08 2.2936E-08 2.7792E-08 3.2917E-08 3.7754E-08 4.2505E-08 4.6623E-08 4.9533E-08 5.1612E-08 5.5702E-08 5.5628E-08 5.5051E-08 5.3600E-08 5.1245E-08 4.8875E-08 4.6749E-08 4.9385E-08 4.6016E-08 4.2158E-08 3.8013E-08 3.4065E-08 2.9778E-08 2.6792E-08 2.6280E-08 2.1490E-08 1.7077E-08 1.3414E-08 1.0130E-08 7.4444E-09 5.3104E-09 3.6845E-09 2.4887E-09 1.6839E-09 1.0542E-09 6.8972E-10 4.3116E-10 3.0426E-10 2.0742E-10 1.3458E-10 7.8090E-11 4.3072E-11 2.8410E-11 1.7255E-11 8.7556E-12 3.4263E-12 1.2344E-12 3.8565E-13 1.1574E-13 0.0000E+00 0.0000E+00 0.0000E+00 0.0000E+00 0.0000E+00 0.0000E+00
8.3789E-09 1.1345E-08 1.4943E-08 1.8738E-08 2.2886E-08 2.7400E-08 3.2021E-08 3.6665E-08 4.1672E-08 4.6478E-08 4.9496E-08 5.1545E-08 5.3031E-08 5.3207E-08 5.2767E-08 5.5488E-08 5.3070E-08 5.0788E-08 4.7920E-08 4.4930E-08 4.1723E-08 3.8857E-08 4.0677E-08 3.6237E-08 3.1574E-08 2.7100E-08 2.2582E-08 1.8314E-08 1.4451E-08 1.1065E-08 8.2458E-09 6.1046E-09 4.3531E-09 3.0177E-09 2.0211E-09 1.3126E-09 8.1231E-10 5.2623E-10 3.8052E-10 2.6549E-10 1.7850E-10 1.1418E-10 6.3771E-11 3.2968E-11 2.0067E-11 1.0979E-11 5.0231E-12 1.8838E-12 4.9300E-13 1.5445E-13 2.9736E-15 0.0000E+00 0.0000E+00 0.0000E+00 0.0000E+00 0.0000E+00 0.0000E+00
