Assets/Resources/2015_m01_d31_0000(utc+0800)_l00_csi_1hr_conc.grd
DSAA
         159         159
     -79.000      79.000
     -79.000      79.000
  0.0000E+00  0.1883E-05
[rows 25 to 49 of 159, columns 57 to 113 of 159]
1.0416E-09 1.7967E-09 2.9087E-09 4.6112E-09 7.0665E-09 1.0391E-08 1.4854E-08 2.0555E-08 2.7542E-08 3.5644E-08 4.4462E-08 5.3399E-08 6.1705E-08 6.8529E-08 7.3144E-08 7.5034E-08 7.4019E-08 7.0283E-08 6.4329E-08 5.6860E-08 4.8669E-08 4.0442E-08 3.2734E-08 2.5919E-08 2.0136E-08 1.5432E-08 1.1692E-08 8.7768E-09 6.4873E-09 4.8064E-09 3.6147E-09 2.7076E-09 2.0321E-09 1.5364E-09 1.1498E-09 8.8100E-10 6.4472E-10 4.6687E-10 3.4245E-10 2.4746E-10 1.7126E-10 1.1204E-10 6.3381E-11 2.9033E-11 7.8156E-12 2.3929E-12 6.2284E-13 4.8101E-15 0.0000E+00 0.0000E+00 0.0000E+00 0.0000E+00 0.0000E+00 0.0000E+00 0.0000E+00 0.0000E+00 0.0000E+00
7.7331E-10 1.4870E-09 2.5078E-09 4.0474E-09 6.3419E-09 9.5222E-09 1.3847E-08 1.9498E-08 2.6546E-08 3.4842E-08 4.4017E-08 5.3472E-08 6.2359E-08 6.9764E-08 7.4847E-08 7.7007E-08 7.5997E-08 7.2009E-08 6.5614E-08 5.7602E-08 4.8843E-08 4.0128E-08 3.2057E-08 2.4993E-08 1.9121E-08 1.4403E-08 1.0701E-08 7.8472E-09 5.6966E-09 4.1402E-09 3.0788E-09 2.2605E-09 1.6751E-09 1.2481E-09 9.2645E-10 7.0285E-10 5.0937E-10 3.6387E-10 2.6273E-10 1.8665E-10 1.2182E-10 7.6215E-11 3.7253E-11 1.3458E-11 2.4196E-12 5.1042E-13 0.0000E+00 0.0000E+00 0.0000E+00 0.0000E+00 0.0000E+00 0.0000E+00 0.0000E+00 0.0000E+00 0.0000E+00 0.0000E+00 0.0000E+00
5.1362E-10 1.1795E-09 2.1131E-09 3.4986E-09 5.6054E-09 8.6163E-09 1.2760E-08 1.8306E-08 2.5323E-08 3.3759E-08 4.3274E-08 5.3221E-08 6.2719E-08 7.0761E-08 7.6363E-08 7.8822E-08 7.7845E-08 7.3614E-08 6.6763E-08 5.8184E-08 4.8843E-08 3.9637E-08 3.1208E-08 2.3959E-08 1.7990E-08 1.3286E-08 9.6669E-09 6.9368E-09 4.9283E-09 3.5061E-09 2.5739E-09 1.8532E-09 1.3454E-09 9.9532E-10 7.3243E-10 5.4695E-10 3.9243E-10 2.7712E-10 1.9576E-10 1.3315E-10 8.3606E-11 4.6324E-11 1.8540E-11 4.4833E-12 3.5592E-13 0.0000E+00 0.0000E+00 0.0000E+00 0.0000E+00 0.0000E+00 0.0000E+00 0.0000E+00 0.0000E+00 0.0000E+00 0.0000E+00 0.0000E+00 0.0000E+00
3.0519E-10 8.4448E-10 1.7238E-09 2.9680E-09 4.8676E-09 7.6605E-09 1.1612E-08 1.6968E-08 2.3925E-08 3.2456E-08 4.2229E-08 5.2625E-08 6.2733E-08 7.1420E-08 7.7593E-08 8.0417E-08 7.9525E-08 7.5087E-08 6.7773E-08 5.8611E-08 4.8684E-08 3.8992E-08 3.0223E-08 2.2768E-08 1.6778E-08 1.2142E-08 8.5986E-09 6.0388E-09 4.1864E-09 2.9089E-09 2.1048E-09 1.4854E-09 1.0634E-09 7.7239E-10 5.6265E-10 4.1390E-10 2.9283E-10 2.0232E-10 1.4078E-10 9.0175E-11 5.3075E-11 2.5060E-11 7.7781E-12 6.8866E-13 0.0000E+00 0.0000E+00 0.0000E+00 0.0000E+00 0.0000E+00 0.0000E+00 0.0000E+00 0.0000E+00 0.0000E+00 0.0000E+00 0.0000E+00 0.0000E+00 0.0000E+00
1.0223E-10 5.3854E-10 1.3444E-09 2.4619E-09 4.1524E-09 6.7064E-09 1.0411E-08 1.5544E-08 2.2366E-08 3.0879E-08 4.0857E-08 5.1699E-08 6.2416E-08 7.1793E-08 7.8596E-08 8.1839E-08 8.1046E-08 7.6391E-08 6.8625E-08 5.8881E-08 4.8379E-08 3.8191E-08 2.9104E-08 2.1512E-08 1.5499E-08 1.0950E-08 7.5747E-09 5.1584E-09 3.4828E-09 2.3624E-09 1.6826E-09 1.1578E-09 8.1548E-10 5.7986E-10 4.2034E-10 3.0211E-10 2.0883E-10 1.4110E-10 9.5984E-11 5.5979E-11 3.0158E-11 1.0876E-11 2.0222E-12 0.0000E+00 0.0000E+00 0.0000E+00 0.0000E+00 0.0000E+00 0.0000E+00 0.0000E+00 0.0000E+00 0.0000E+00 0.0000E+00 0.0000E+00 0.0000E+00 0.0000E+00 0.0000E+00
6.1316E-12 2.8908E-10 9.1019E-10 1.9736E-09 3.4596E-09 5.7630E-09 9.1660E-09 1.4046E-08 2.0633E-08 2.9091E-08 3.9212E-08 5.0412E-08 6.1704E-08 7.1780E-08 7.9251E-08 8.2982E-08 8.2387E-08 7.7592E-08 6.9406E-08 5.9054E-08 4.7942E-08 3.7280E-08 2.7884E-08 2.0170E-08 1.4197E-08 9.7747E-09 6.5208E-09 4.3207E-09 2.8307E-09 1.8677E-09 1.3069E-09 8.7768E-10 6.0082E-10 4.2029E-10 3.0380E-10 2.0891E-10 1.4413E-10 9.6367E-11 6.0101E-11 3.2285E-11 1.4568E-11 3.7321E-12 2.8494E-13 0.0000E+00 0.0000E+00 0.0000E+00 0.0000E+00 0.0000E+00 0.0000E+00 0.0000E+00 0.0000E+00 0.0000E+00 0.0000E+00 0.0000E+00 0.0000E+00 0.0000E+00 0.0000E+00
0.0000E+00 8.2160E-11 5.6067E-10 1.5029E-09 2.8124E-09 4.8454E-09 7.9420E-09 1.2487E-08 1.8794E-08 2.7094E-08 3.7250E-08 4.8764E-08 6.0635E-08 7.1449E-08 7.9667E-08 8.3972E-08 8.3618E-08 7.8680E-08 7.0062E-08 5.9137E-08 4.7444E-08 3.6310E-08 2.6631E-08 1.8828E-08 1.2896E-08 8.6079E-09 5.5373E-09 3.5402E-09 2.2456E-09 1.4318E-09 9.7479E-10 6.3660E-10 4.2333E-10 2.9278E-10 2.0696E-10 1.4026E-10 9.4609E-11 6.0291E-11 3.4168E-11 1.7173E-11 6.1069E-12 9.1552E-13 0.0000E+00 0.0000E+00 0.0000E+00 0.0000E+00 0.0000E+00 0.0000E+00 0.0000E+00 0.0000E+00 0.0000E+00 0.0000E+00 0.0000E+00 0.0000E+00 0.0000E+00 0.0000E+00 0.0000E+00
0.0000E+00 3.4026E-12 2.7377E-10 9.9913E-10 2.2009E-09 3.9650E-09 6.7475E-09 1.0902E-08 1.6878E-08 2.4919E-08 3.5040E-08 4.6798E-08 5.9201E-08 7.0763E-08 7.9788E-08 8.4758E-08 8.4768E-08 7.9820E-08 7.0817E-08 5.9298E-08 4.6969E-08 3.5343E-08 2.5372E-08 1.7473E-08 1.1622E-08 7.5056E-09 4.6193E-09 2.8254E-09 1.7136E-09 1.0551E-09 6.9586E-10 4.3965E-10 2.8277E-10 1.9473E-10 1.3473E-10 9.0070E-11 5.6953E-11 3.4190E-11 1.8241E-11 7.6297E-12 1.4568E-12 0.0000E+00 0.0000E+00 0.0000E+00 0.0000E+00 0.0000E+00 0.0000E+00 0.0000E+00 0.0000E+00 0.0000E+00 0.0000E+00 0.0000E+00 0.0000E+00 0.0000E+00 0.0000E+00 0.0000E+00 0.0000E+00
0.0000E+00 0.0000E+00 7.1787E-11 6.0412E-10 1.6459E-09 3.1714E-09 5.6069E-09 9.3676E-09 1.4920E-08 2.2634E-08 3.2633E-08 4.4546E-08 5.7449E-08 6.9798E-08 7.9722E-08 8.5466E-08 8.5935E-08 8.1009E-08 7.1651E-08 5.9537E-08 4.6585E-08 3.4438E-08 2.4173E-08 1.6212E-08 1.0443E-08 6.4676E-09 3.7756E-09 2.1916E-09 1.2620E-09 7.4324E-10 4.6834E-10 2.7473E-10 1.7521E-10 1.2432E-10 8.4230E-11 5.3501E-11 3.3100E-11 1.8270E-11 8.1676E-12 1.9202E-12 3.8072E-14 0.0000E+00 0.0000E+00 0.0000E+00 0.0000E+00 0.0000E+00 0.0000E+00 0.0000E+00 0.0000E+00 0.0000E+00 0.0000E+00 0.0000E+00 0.0000E+00 0.0000E+00 0.0000E+00 0.0000E+00 0.0000E+00
0.0000E+00 0.0000E+00 1.6667E-12 2.8552E-10 1.0624E-09 2.4446E-09 4.5322E-09 7.8892E-09 1.2963E-08 2.0300E-08 3.0046E-08 4.2039E-08 5.5389E-08 6.8531E-08 7.9430E-08 8.6102E-08 8.7172E-08 8.2385E-08 7.2700E-08 5.9967E-08 4.6338E-08 3.3660E-08 2.3077E-08 1.5025E-08 9.3457E-09 5.5422E-09 3.0506E-09 1.6591E-09 8.9919E-10 4.9653E-10 2.8450E-10 1.5627E-10 1.0941E-10 7.5595E-11 4.8489E-11 3.0265E-11 1.7107E-11 7.7754E-12 2.2356E-12 1.8845E-13 0.0000E+00 0.0000E+00 0.0000E+00 0.0000E+00 0.0000E+00 0.0000E+00 0.0000E+00 0.0000E+00 0.0000E+00 0.0000E+00 0.0000E+00 0.0000E+00 0.0000E+00 0.0000E+00 0.0000E+00 0.0000E+00 0.0000E+00
0.0000E+00 0.0000E+00 0.0000E+00 6.2923E-11 6.1466E-10 1.8039E-09 3.5797E-09 6.4987E-09 1.1092E-08 1.7909E-08 2.7329E-08 3.9295E-08 5.3019E-08 6.6962E-08 7.8925E-08 8.6651E-08 8.8463E-08 8.3914E-08 7.3964E-08 6.0633E-08 4.6299E-08 3.3028E-08 2.2120E-08 1.3973E-08 8.3749E-09 4.7278E-09 2.4167E-09 1.2152E-09 5.8947E-10 3.0281E-10 1.5361E-10 9.3114E-11 6.4803E-11 4.2292E-11 2.5653E-11 1.4961E-11 6.7185E-12 2.0555E-12 1.8984E-13 0.0000E+00 0.0000E+00 0.0000E+00 0.0000E+00 0.0000E+00 0.0000E+00 0.0000E+00 0.0000E+00 0.0000E+00 0.0000E+00 0.0000E+00 0.0000E+00 0.0000E+00 0.0000E+00 0.0000E+00 0.0000E+00 0.0000E+00 0.0000E+00
0.0000E+00 0.0000E+00 0.0000E+00 7.2835E-13 2.6331E-10 1.1413E-09 2.7319E-09 5.2142E-09 9.2998E-09 1.5565E-08 2.4557E-08 3.6352E-08 5.0362E-08 6.5062E-08 7.8158E-08 8.7076E-08 8.9811E-08 8.5653E-08 7.5496E-08 6.1527E-08 4.6456E-08 3.2564E-08 2.1271E-08 1.3026E-08 7.5102E-09 3.9979E-09 1.9019E-09 8.6838E-10 3.8310E-10 1.6925E-10 8.7037E-11 5.2486E-11 3.4630E-11 2.0353E-11 1.1984E-11 5.1557E-12 1.6137E-12 6.0965E-14 0.0000E+00 0.0000E+00 0.0000E+00 0.0000E+00 0.0000E+00 0.0000E+00 0.0000E+00 0.0000E+00 0.0000E+00 0.0000E+00 0.0000E+00 0.0000E+00 0.0000E+00 0.0000E+00 0.0000E+00 0.0000E+00 0.0000E+00 0.0000E+00 0.0000E+00
0.0000E+00 0.0000E+00 0.0000E+00 0.0000E+00 5.4181E-11 6.4194E-10 1.9967E-09 4.0877E-09 7.6216E-09 1.3290E-08 2.1715E-08 3.3217E-08 4.7398E-08 6.2788E-08 7.7037E-08 8.7283E-08 9.1119E-08 8.7504E-08 7.7245E-08 6.2692E-08 4.6820E-08 3.2242E-08 2.0567E-08 1.2189E-08 6.7499E-09 3.3345E-09 1.4547E-09 5.7022E-10 2.2381E-10 8.8446E-11 4.2852E-11 2.5587E-11 1.4976E-11 8.3049E-12 3.4640E-12 9.8588E-13 0.0000E+00 0.0000E+00 0.0000E+00 0.0000E+00 0.0000E+00 0.0000E+00 0.0000E+00 0.0000E+00 0.0000E+00 0.0000E+00 0.0000E+00 0.0000E+00 0.0000E+00 0.0000E+00 0.0000E+00 0.0000E+00 0.0000E+00 0.0000E+00 0.0000E+00 0.0000E+00 0.0000E+00
0.0000E+00 0.0000E+00 0.0000E+00 0.0000E+00 0.0000E+00 2.3731E-10 1.2614E-09 3.1092E-09 6.1055E-09 1.1141E-08 1.8918E-08 2.9995E-08 4.4141E-08 6.0135E-08 7.5543E-08 8.7242E-08 9.2363E-08 8.9469E-08 7.9217E-08 6.4061E-08 4.7360E-08 3.2059E-08 1.9923E-08 1.1428E-08 6.0434E-09 2.7667E-09 1.1132E-09 3.8048E-10 1.1119E-10 3.6302E-11 1.6834E-11 9.6593E-12 4.7223E-12 1.9543E-12 2.6581E-13 0.0000E+00 0.0000E+00 0.0000E+00 0.0000E+00 0.0000E+00 0.0000E+00 0.0000E+00 0.0000E+00 0.0000E+00 0.0000E+00 0.0000E+00 0.0000E+00 0.0000E+00 0.0000E+00 0.0000E+00 0.0000E+00 0.0000E+00 0.0000E+00 0.0000E+00 0.0000E+00 0.0000E+00 0.0000E+00
0.0000E+00 0.0000E+00 0.0000E+00 0.0000E+00 0.0000E+00 3.0721E-11 6.9363E-10 2.2377E-09 4.7725E-09 9.1238E-09 1.6201E-08 2.6665E-08 4.0638E-08 5.7080E-08 7.3592E-08 8.6814E-08 9.3408E-08 9.1439E-08 8.1302E-08 6.5610E-08 4.8060E-08 3.1981E-08 1.9402E-08 1.0739E-08 5.4404E-09 2.2185E-09 8.0445E-10 1.9879E-10 3.5919E-11 8.8100E-12 4.7529E-12 2.1578E-12 6.5995E-13 0.0000E+00 0.0000E+00 0.0000E+00 0.0000E+00 0.0000E+00 0.0000E+00 0.0000E+00 0.0000E+00 0.0000E+00 0.0000E+00 0.0000E+00 0.0000E+00 0.0000E+00 0.0000E+00 0.0000E+00 0.0000E+00 0.0000E+00 0.0000E+00 0.0000E+00 0.0000E+00 0.0000E+00 0.0000E+00 0.0000E+00 0.0000E+00
0.0000E+00 0.0000E+00 0.0000E+00 0.0000E+00 0.0000E+00 0.0000E+00 2.4960E-10 1.4105E-09 3.6026E-09 7.3174E-09 1.3599E-08 2.3355E-08 3.6967E-08 5.3668E-08 7.1229E-08 8.6070E-08 9.4319E-08 9.3479E-08 8.3592E-08 6.7361E-08 4.8888E-08 3.1976E-08 1.8868E-08 1.0097E-08 4.8443E-09 1.8168E-09 5.5515E-10 1.0148E-10 4.0133E-12 1.6130E-12 4.8882E-13 0.0000E+00 0.0000E+00 0.0000E+00 0.0000E+00 0.0000E+00 0.0000E+00 0.0000E+00 0.0000E+00 0.0000E+00 0.0000E+00 0.0000E+00 0.0000E+00 0.0000E+00 0.0000E+00 0.0000E+00 0.0000E+00 0.0000E+00 0.0000E+00 0.0000E+00 0.0000E+00 0.0000E+00 0.0000E+00 0.0000E+00 0.0000E+00 0.0000E+00 0.0000E+00
0.0000E+00 0.0000E+00 0.0000E+00 0.0000E+00 0.0000E+00 0.0000E+00 3.3677E-11 7.8761E-10 2.5759E-09 5.7071E-09 1.1164E-08 2.0100E-08 3.3134E-08 4.9912E-08 6.8388E-08 8.4839E-08 9.4929E-08 9.5455E-08 8.6006E-08 6.9306E-08 4.9891E-08 3.2100E-08 1.8466E-08 9.4738E-09 4.3372E-09 1.3554E-09 3.1943E-10 3.2709E-11 0.0000E+00 0.0000E+00 0.0000E+00 0.0000E+00 0.0000E+00 0.0000E+00 0.0000E+00 0.0000E+00 0.0000E+00 0.0000E+00 0.0000E+00 0.0000E+00 0.0000E+00 0.0000E+00 0.0000E+00 0.0000E+00 0.0000E+00 0.0000E+00 0.0000E+00 0.0000E+00 0.0000E+00 0.0000E+00 0.0000E+00 0.0000E+00 0.0000E+00 0.0000E+00 0.0000E+00 0.0000E+00 0.0000E+00
0.0000E+00 0.0000E+00 0.0000E+00 0.0000E+00 0.0000E+00 0.0000E+00 5.7393E-14 3.1112E-10 1.6448E-09 4.2827E-09 8.9529E-09 1.6959E-08 2.9308E-08 4.5959E-08 6.5205E-08 8.3310E-08 9.5400E-08 9.7506E-08 8.8645E-08 7.1488E-08 5.1053E-08 3.2255E-08 1.8018E-08 8.9272E-09 3.8244E-09 1.0171E-09 1.9601E-10 8.9381E-12 0.0000E+00 0.0000E+00 0.0000E+00 0.0000E+00 0.0000E+00 0.0000E+00 0.0000E+00 0.0000E+00 0.0000E+00 0.0000E+00 0.0000E+00 0.0000E+00 0.0000E+00 0.0000E+00 0.0000E+00 0.0000E+00 0.0000E+00 0.0000E+00 0.0000E+00 0.0000E+00 0.0000E+00 0.0000E+00 0.0000E+00 0.0000E+00 0.0000E+00 0.0000E+00 0.0000E+00 0.0000E+00 0.0000E+00
0.0000E+00 0.0000E+00 0.0000E+00 0.0000E+00 0.0000E+00 0.0000E+00 0.0000E+00 4.8397E-11 9.4286E-10 3.0872E-09 7.0085E-09 1.4032E-08 2.5464E-08 4.1732E-08 6.1529E-08 8.1207E-08 9.5429E-08 9.9389E-08 9.1379E-08 7.3888E-08 5.2424E-08 3.2602E-08 1.7730E-08 8.4052E-09 3.4148E-09 7.1334E-10 8.3177E-11 2.2976E-13 0.0000E+00 0.0000E+00 0.0000E+00 0.0000E+00 0.0000E+00 0.0000E+00 0.0000E+00 0.0000E+00 0.0000E+00 0.0000E+00 0.0000E+00 0.0000E+00 0.0000E+00 0.0000E+00 0.0000E+00 0.0000E+00 0.0000E+00 0.0000E+00 0.0000E+00 0.0000E+00 0.0000E+00 0.0000E+00 0.0000E+00 0.0000E+00 0.0000E+00 0.0000E+00 0.0000E+00 0.0000E+00 0.0000E+00
0.0000E+00 0.0000E+00 0.0000E+00 0.0000E+00 0.0000E+00 0.0000E+00 0.0000E+00 3.4156E-13 4.1949E-10 2.0209E-09 5.3064E-09 1.1388E-08 2.1830E-08 3.7518E-08 5.7640E-08 7.8761E-08 9.5184E-08 1.0118E-07 9.4159E-08 7.6395E-08 5.3854E-08 3.2895E-08 1.7388E-08 7.9433E-09 3.0024E-09 4.4639E-10 4.6396E-11 0.0000E+00 0.0000E+00 0.0000E+00 0.0000E+00 0.0000E+00 0.0000E+00 0.0000E+00 0.0000E+00 0.0000E+00 0.0000E+00 0.0000E+00 0.0000E+00 0.0000E+00 0.0000E+00 0.0000E+00 0.0000E+00 0.0000E+00 0.0000E+00 0.0000E+00 0.0000E+00 0.0000E+00 0.0000E+00 0.0000E+00 0.0000E+00 0.0000E+00 0.0000E+00 0.0000E+00 0.0000E+00 0.0000E+00 0.0000E+00
0.0000E+00 0.0000E+00 0.0000E+00 0.0000E+00 0.0000E+00 0.0000E+00 0.0000E+00 0.0000E+00 1.0942E-10 1.2206E-09 3.8874E-09 9.0277E-09 1.8334E-08 3.3180E-08 5.3338E-08 7.5765E-08 9.4448E-08 1.0275E-07 9.7027E-08 7.9135E-08 5.5536E-08 3.3446E-08 1.7205E-08 7.5156E-09 2.6373E-09 2.5684E-10 1.3782E-11 0.0000E+00 0.0000E+00 0.0000E+00 0.0000E+00 0.0000E+00 0.0000E+00 0.0000E+00 0.0000E+00 0.0000E+00 0.0000E+00 0.0000E+00 0.0000E+00 0.0000E+00 0.0000E+00 0.0000E+00 0.0000E+00 0.0000E+00 0.0000E+00 0.0000E+00 0.0000E+00 0.0000E+00 0.0000E+00 0.0000E+00 0.0000E+00 0.0000E+00 0.0000E+00 0.0000E+00 0.0000E+00 0.0000E+00 0.0000E+00
0.0000E+00 0.0000E+00 0.0000E+00 0.0000E+00 0.0000E+00 0.0000E+00 0.0000E+00 0.0000E+00 5.0548E-14 6.1424E-10 2.6556E-09 6.9787E-09 1.5204E-08 2.9078E-08 4.8989E-08 7.2398E-08 9.3240E-08 1.0397E-07 9.9742E-08 8.1861E-08 5.7189E-08 3.3919E-08 1.6986E-08 7.1499E-09 2.3112E-09 1.4224E-10 1.0106E-12 0.0000E+00 0.0000E+00 0.0000E+00 0.0000E+00 0.0000E+00 0.0000E+00 0.0000E+00 0.0000E+00 0.0000E+00 0.0000E+00 0.0000E+00 0.0000E+00 0.0000E+00 0.0000E+00 0.0000E+00 0.0000E+00 0.0000E+00 0.0000E+00 0.0000E+00 0.0000E+00 0.0000E+00 0.0000E+00 0.0000E+00 0.0000E+00 0.0000E+00 0.0000E+00 0.0000E+00 0.0000E+00 0.0000E+00 0.0000E+00
0.0000E+00 0.0000E+00 0.0000E+00 0.0000E+00 0.0000E+00 0.0000E+00 0.0000E+00 0.0000E+00 0.0000E+00 2.3013E-10 1.6896E-09 5.2414E-09 1.2280E-08 2.4977E-08 4.4367E-08 6.8587E-08 9.1624E-08 1.0502E-07 1.0259E-07 8.4895E-08 5.9190E-08 3.4604E-08 1.6894E-08 6.8087E-09 1.9662E-09 3.7138E-11 0.0000E+00 0.0000E+00 0.0000E+00 0.0000E+00 0.0000E+00 0.0000E+00 0.0000E+00 0.0000E+00 0.0000E+00 0.0000E+00 0.0000E+00 0.0000E+00 0.0000E+00 0.0000E+00 0.0000E+00 0.0000E+00 0.0000E+00 0.0000E+00 0.0000E+00 0.0000E+00 0.0000E+00 0.0000E+00 0.0000E+00 0.0000E+00 0.0000E+00 0.0000E+00 0.0000E+00 0.0000E+00 0.0000E+00 0.0000E+00 0.0000E+00
0.0000E+00 0.0000E+00 0.0000E+00 0.0000E+00 0.0000E+00 0.0000E+00 0.0000E+00 0.0000E+00 0.0000E+00 4.9852E-11 9.5762E-10 3.7490E-09 9.7408E-09 2.1226E-08 3.9857E-08 6.4536E-08 8.9551E-08 1.0569E-07 1.0534E-07 8.7986E-08 6.1239E-08 3.5317E-08 1.6796E-08 6.5118E-09 1.6937E-09 2.0604E-11 0.0000E+00 0.0000E+00 0.0000E+00 0.0000E+00 0.0000E+00 0.0000E+00 0.0000E+00 0.0000E+00 0.0000E+00 0.0000E+00 0.0000E+00 0.0000E+00 0.0000E+00 0.0000E+00 0.0000E+00 0.0000E+00 0.0000E+00 0.0000E+00 0.0000E+00 0.0000E+00 0.0000E+00 0.0000E+00 0.0000E+00 0.0000E+00 0.0000E+00 0.0000E+00 0.0000E+00 0.0000E+00 0.0000E+00 0.0000E+00 0.0000E+00
0.0000E+00 0.0000E+00 0.0000E+00 0.0000E+00 0.0000E+00 0.0000E+00 0.0000E+00 0.0000E+00 0.0000E+00 0.0000E+00 4.3601E-10 2.4837E-09 7.5249E-09 1.7613E-08 3.5251E-08 6.0205E-08 8.7253E-08 1.0645E-07 1.0846E-07 9.1586E-08 6.3661E-08 3.6204E-08 1.6735E-08 6.1957E-09 1.4552E-09 8.6176E-12 0.0000E+00 0.0000E+00 0.0000E+00 0.0000E+00 0.0000E+00 0.0000E+00 0.0000E+00 0.0000E+00 0.0000E+00 0.0000E+00 0.0000E+00 0.0000E+00 0.0000E+00 0.0000E+00 0.0000E+00 0.0000E+00 0.0000E+00 0.0000E+00 0.0000E+00 0.0000E+00 0.0000E+00 0.0000E+00 0.0000E+00 0.0000E+00 0.0000E+00 0.0000E+00 0.0000E+00 0.0000E+00 0.0000E+00 0.0000E+00 0.0000E+00
