Assets/Resources/2015_m01_d09_2300(utc+0800)_l00_csi_1hr_conc.grd
DSAA
         159         159
     -79.000      79.000
     -79.000      79.000
  0.1697E-08  0.8159E-05
[rows 0 to 24 of 159, columns 57 to 113 of 159]
4.3393E-09 4.3352E-09 4.3285E-09 4.3194E-09 4.3080E-09 4.2943E-09 4.2556E-09 4.2387E-09 4.2200E-09 4.1996E-09 4.1776E-09 4.1528E-09 4.1265E-09 4.0750E-09 4.0241E-09 3.9996E-09 3.9741E-09 3.9263E-09 3.9010E-09 3.8750E-09 3.8483E-09 3.7802E-09 3.7412E-09 3.7017E-09 3.6574E-09 3.6268E-09 3.5957E-09 3.5644E-09 3.5195E-09 3.4910E-09 3.4630E-09 3.4353E-09 3.4126E-09 3.3895E-09 3.3659E-09 3.3420E-09 3.3176E-09 3.2929E-09 3.2679E-09 3.2427E-09 3.2171E-09 3.1913E-09 3.1653E-09 3.1392E-09 3.1128E-09 3.0864E-09 3.0598E-09 3.0331E-09 3.0063E-09 2.9795E-09 2.9526E-09 2.9257E-09 2.8987E-09 2.8718E-09 2.8412E-09 2.7992E-09 2.7613E-09
4.5330E-09 4.5273E-09 4.5188E-09 4.5076E-09 4.4939E-09 4.4778E-09 4.4594E-09 4.4389E-09 4.3912E-09 4.3679E-09 4.3423E-09 4.3140E-09 4.2844E-09 4.2528E-09 4.2204E-09 4.1413E-09 4.1131E-09 4.0840E-09 4.0542E-09 4.0027E-09 3.9735E-09 3.9436E-09 3.9133E-09 3.8414E-09 3.7992E-09 3.7566E-09 3.7095E-09 3.6762E-09 3.6427E-09 3.5951E-09 3.5570E-09 3.5270E-09 3.4974E-09 3.4730E-09 3.4481E-09 3.4228E-09 3.3972E-09 3.3712E-09 3.3449E-09 3.3183E-09 3.2915E-09 3.2644E-09 3.2371E-09 3.2096E-09 3.1820E-09 3.1543E-09 3.1264E-09 3.0985E-09 3.0705E-09 3.0425E-09 3.0144E-09 2.9863E-09 2.9582E-09 2.9301E-09 2.9021E-09 2.8741E-09 2.8270E-09
4.7402E-09 4.7328E-09 4.7222E-09 4.7088E-09 4.6926E-09 4.6738E-09 4.6524E-09 4.6288E-09 4.6030E-09 4.5753E-09 4.5441E-09 4.4851E-09 4.4513E-09 4.4161E-09 4.3794E-09 4.3186E-09 4.2853E-09 4.2272E-09 4.1943E-09 4.1608E-09 4.1267E-09 4.0921E-09 4.0389E-09 4.0054E-09 3.9715E-09 3.8963E-09 3.8511E-09 3.8057E-09 3.7560E-09 3.7202E-09 3.6710E-09 3.6226E-09 3.5906E-09 3.5590E-09 3.5327E-09 3.5061E-09 3.4791E-09 3.4517E-09 3.4240E-09 3.3961E-09 3.3679E-09 3.3394E-09 3.3108E-09 3.2820E-09 3.2531E-09 3.2240E-09 3.1949E-09 3.1656E-09 3.1364E-09 3.1070E-09 3.0777E-09 3.0484E-09 3.0191E-09 2.9898E-09 2.9606E-09 2.9314E-09 2.9023E-09
4.9620E-09 4.9525E-09 4.9398E-09 4.9238E-09 4.9048E-09 4.8829E-09 4.8584E-09 4.8313E-09 4.8019E-09 4.7699E-09 4.7343E-09 4.6970E-09 4.6571E-09 4.5889E-09 4.5476E-09 4.4804E-09 4.4434E-09 4.4056E-09 4.3672E-09 4.3048E-09 4.2673E-09 4.2295E-09 4.1913E-09 4.1528E-09 4.0970E-09 4.0599E-09 4.0227E-09 3.9447E-09 3.8820E-09 3.8427E-09 3.7905E-09 3.7458E-09 3.6876E-09 3.6535E-09 3.6199E-09 3.5918E-09 3.5633E-09 3.5345E-09 3.5054E-09 3.4760E-09 3.4464E-09 3.4166E-09 3.3865E-09 3.3563E-09 3.3260E-09 3.2956E-09 3.2650E-09 3.2345E-09 3.2038E-09 3.1732E-09 3.1426E-09 3.1120E-09 3.0814E-09 3.0509E-09 3.0204E-09 2.9900E-09 2.9598E-09
5.2139E-09 5.2026E-09 5.1876E-09 5.1690E-09 5.1314E-09 5.1061E-09 5.0780E-09 5.0471E-09 5.0138E-09 4.9766E-09 4.9365E-09 4.8941E-09 4.8496E-09 4.8034E-09 4.7555E-09 4.6512E-09 4.6102E-09 4.5684E-09 4.5260E-09 4.4830E-09 4.4397E-09 4.3961E-09 4.3318E-09 4.2898E-09 4.2477E-09 4.2055E-09 4.1476E-09 4.1072E-09 4.0390E-09 3.9730E-09 3.9218E-09 3.8666E-09 3.8195E-09 3.7593E-09 3.7156E-09 3.6800E-09 3.6500E-09 3.6197E-09 3.5891E-09 3.5582E-09 3.5271E-09 3.4958E-09 3.4643E-09 3.4326E-09 3.4008E-09 3.3689E-09 3.3370E-09 3.3050E-09 3.2730E-09 3.2410E-09 3.2090E-09 3.1771E-09 3.1452E-09 3.1133E-09 3.0816E-09 3.0500E-09 3.0185E-09
5.4714E-09 5.4723E-09 5.4550E-09 5.4337E-09 5.4086E-09 5.3642E-09 5.3122E-09 5.2772E-09 5.2392E-09 5.1965E-09 5.1516E-09 5.1035E-09 5.0539E-09 5.0018E-09 4.9641E-09 4.8789E-09 4.8300E-09 4.7400E-09 4.6932E-09 4.6459E-09 4.5983E-09 4.5505E-09 4.5026E-09 4.4546E-09 4.3875E-09 4.3416E-09 4.2959E-09 4.2503E-09 4.1906E-09 4.1470E-09 4.0623E-09 4.0086E-09 3.9553E-09 3.8856E-09 3.8227E-09 3.7768E-09 3.7391E-09 3.7073E-09 3.6751E-09 3.6427E-09 3.6100E-09 3.5771E-09 3.5441E-09 3.5109E-09 3.4776E-09 3.4442E-09 3.4108E-09 3.3773E-09 3.3439E-09 3.3104E-09 3.2770E-09 3.2437E-09 3.2104E-09 3.1772E-09 3.1442E-09 3.1112E-09 3.0784E-09
5.7649E-09 5.7493E-09 5.7291E-09 5.7194E-09 5.6909E-09 5.6585E-09 5.6364E-09 5.5755E-09 5.5057E-09 5.4565E-09 5.4045E-09 5.3494E-09 5.2923E-09 5.2552E-09 5.1948E-09 5.1335E-09 5.0615E-09 5.0049E-09 4.9347E-09 4.8660E-09 4.7855E-09 4.7127E-09 4.6602E-09 4.6079E-09 4.5556E-09 4.5037E-09 4.4343E-09 4.3849E-09 4.3358E-09 4.2871E-09 4.2387E-09 4.1515E-09 4.0798E-09 4.0162E-09 3.9571E-09 3.9002E-09 3.8369E-09 3.7973E-09 3.7635E-09 3.7294E-09 3.6951E-09 3.6606E-09 3.6260E-09 3.5912E-09 3.5563E-09 3.5214E-09 3.4864E-09 3.4514E-09 3.4165E-09 3.3815E-09 3.3467E-09 3.3119E-09 3.2772E-09 3.2426E-09 3.2082E-09 3.1739E-09 3.1397E-09
6.1229E-09 6.1049E-09 6.0816E-09 6.0532E-09 6.0200E-09 5.9973E-09 5.9554E-09 5.9095E-09 5.8523E-09 5.7705E-09 5.6805E-09 5.6413E-09 5.6041E-09 5.5365E-09 5.4907E-09 5.4194E-09 5.3190E-09 5.2541E-09 5.1886E-09 5.1228E-09 5.0587E-09 4.9345E-09 4.8496E-09 4.7912E-09 4.7331E-09 4.6753E-09 4.5990E-09 4.5434E-09 4.4723E-09 4.4197E-09 4.3676E-09 4.3160E-09 4.2650E-09 4.1636E-09 4.0830E-09 4.0279E-09 3.9615E-09 3.8959E-09 3.8542E-09 3.8185E-09 3.7825E-09 3.7463E-09 3.7100E-09 3.6736E-09 3.6370E-09 3.6005E-09 3.5639E-09 3.5273E-09 3.4908E-09 3.4543E-09 3.4179E-09 3.3816E-09 3.3455E-09 3.3094E-09 3.2736E-09 3.2379E-09 3.2023E-09
6.5181E-09 6.4981E-09 6.4719E-09 6.4397E-09 6.4018E-09 6.3586E-09 6.3509E-09 6.2956E-09 6.2342E-09 6.2222E-09 6.1419E-09 6.0398E-09 5.9627E-09 5.8839E-09 5.8032E-09 5.7215E-09 5.6434E-09 5.5329E-09 5.4573E-09 5.3814E-09 5.3053E-09 5.2110E-09 5.1234E-09 5.0124E-09 4.9224E-09 4.8390E-09 4.7765E-09 4.7145E-09 4.6533E-09 4.5741E-09 4.5161E-09 4.4462E-09 4.3914E-09 4.3374E-09 4.2486E-09 4.1634E-09 4.0968E-09 4.0218E-09 3.9536E-09 3.9099E-09 3.8722E-09 3.8342E-09 3.7962E-09 3.7580E-09 3.7198E-09 3.6816E-09 3.6433E-09 3.6051E-09 3.5669E-09 3.5288E-09 3.4909E-09 3.4530E-09 3.4153E-09 3.3778E-09 3.3404E-09 3.3032E-09 3.2663E-09
6.9439E-09 6.9215E-09 6.8918E-09 6.8553E-09 6.8620E-09 6.8122E-09 6.7563E-09 6.7225E-09 6.8641E-09 6.7960E-09 6.7218E-09 6.6413E-09 6.5002E-09 6.3372E-09 6.2484E-09 6.1588E-09 6.0723E-09 5.9838E-09 5.8937E-09 5.7702E-09 5.6813E-09 5.5918E-09 5.3710E-09 5.2878E-09 5.1929E-09 5.0585E-09 4.9653E-09 4.8961E-09 4.8092E-09 4.7436E-09 4.6790E-09 4.6155E-09 4.5354E-09 4.4648E-09 4.3988E-09 4.3436E-09 4.2199E-09 4.1580E-09 4.0803E-09 4.0098E-09 3.9642E-09 3.9244E-09 3.8846E-09 3.8446E-09 3.8046E-09 3.7646E-09 3.7246E-09 3.6847E-09 3.6448E-09 3.6051E-09 3.5655E-09 3.5260E-09 3.4867E-09 3.4476E-09 3.4087E-09 3.3700E-09 3.3315E-09
7.4189E-09 7.3945E-09 7.3618E-09 7.3210E-09 7.4069E-09 7.3599E-09 7.3848E-09 7.3732E-09 7.3061E-09 7.2304E-09 7.1482E-09 7.0578E-09 6.9620E-09 6.8305E-09 6.6912E-09 6.5068E-09 6.4099E-09 6.3107E-09 6.2097E-09 6.1073E-09 6.0042E-09 5.9007E-09 5.7690E-09 5.6689E-09 5.5694E-09 5.4709E-09 5.2052E-09 5.0918E-09 5.0149E-09 4.9228E-09 4.8508E-09 4.7629E-09 4.6954E-09 4.6292E-09 4.5468E-09 4.4671E-09 4.4008E-09 4.2959E-09 4.2105E-09 4.1507E-09 4.0585E-09 4.0169E-09 3.9752E-09 3.9333E-09 3.8915E-09 3.8497E-09 3.8079E-09 3.7662E-09 3.7246E-09 3.6831E-09 3.6417E-09 3.6006E-09 3.5596E-09 3.5189E-09 3.4784E-09 3.4381E-09 3.3982E-09
7.8821E-09 7.9884E-09 7.9634E-09 7.9294E-09 7.9304E-09 7.9887E-09 7.9333E-09 7.8686E-09 7.7942E-09 7.7109E-09 7.6191E-09 7.5188E-09 7.4122E-09 7.2997E-09 7.1835E-09 7.0338E-09 6.8777E-09 6.6697E-09 6.5564E-09 6.4416E-09 6.3257E-09 6.2094E-09 6.0932E-09 5.9775E-09 5.8364E-09 5.7259E-09 5.6170E-09 5.4975E-09 5.3572E-09 5.1316E-09 5.0320E-09 4.9384E-09 4.8632E-09 4.7726E-09 4.7028E-09 4.6248E-09 4.5423E-09 4.4640E-09 4.3629E-09 4.2681E-09 4.1993E-09 4.1117E-09 4.0680E-09 4.0242E-09 3.9805E-09 3.9368E-09 3.8931E-09 3.8495E-09 3.8061E-09 3.7628E-09 3.7197E-09 3.6768E-09 3.6342E-09 3.5917E-09 3.5496E-09 3.5077E-09 3.4661E-09
8.5364E-09 8.5206E-09 8.4944E-09 8.5682E-09 8.5940E-09 8.5463E-09 8.4863E-09 8.4161E-09 8.3342E-09 8.2429E-09 8.1406E-09 8.0297E-09 7.9111E-09 7.7858E-09 7.6597E-09 7.5324E-09 7.4005E-09 7.2231E-09 7.0416E-09 6.8088E-09 6.6787E-09 6.5480E-09 6.4173E-09 6.2873E-09 6.1583E-09 6.0310E-09 5.8817E-09 5.7618E-09 5.6445E-09 5.4947E-09 5.3755E-09 5.2737E-09 5.0377E-09 4.9434E-09 4.8657E-09 4.7629E-09 4.6925E-09 4.5874E-09 4.5248E-09 4.4213E-09 4.3236E-09 4.2449E-09 4.1630E-09 4.1173E-09 4.0716E-09 4.0259E-09 3.9803E-09 3.9348E-09 3.8895E-09 3.8443E-09 3.7994E-09 3.7547E-09 3.7103E-09 3.6661E-09 3.6222E-09 3.5787E-09 3.5355E-09
9.1175E-09 9.2236E-09 9.2760E-09 9.2501E-09 9.2124E-09 9.1611E-09 9.0972E-09 9.0207E-09 8.9318E-09 8.8312E-09 8.7185E-09 8.5960E-09 8.4644E-09 8.3249E-09 8.1882E-09 8.0451E-09 7.8967E-09 7.7438E-09 7.5873E-09 7.3816E-09 7.1751E-09 6.9196E-09 6.7728E-09 6.6265E-09 6.4815E-09 6.3385E-09 6.1978E-09 6.0600E-09 5.9039E-09 5.7758E-09 5.6151E-09 5.4864E-09 5.3765E-09 5.2519E-09 5.0328E-09 4.9384E-09 4.8310E-09 4.7474E-09 4.6679E-09 4.5666E-09 4.4774E-09 4.3849E-09 4.2963E-09 4.2126E-09 4.1648E-09 4.1171E-09 4.0694E-09 4.0220E-09 3.9747E-09 3.9276E-09 3.8808E-09 3.8342E-09 3.7880E-09 3.7420E-09 3.6964E-09 3.6511E-09 3.6062E-09
9.9669E-09 9.9679E-09 9.9566E-09 9.9319E-09 9.8935E-09 9.8395E-09 9.7720E-09 9.6892E-09 9.5932E-09 9.4825E-09 9.3589E-09 9.2238E-09 9.0781E-09 8.9276E-09 8.7747E-09 8.6142E-09 8.4473E-09 8.2750E-09 8.0985E-09 7.9187E-09 7.7368E-09 7.5031E-09 7.2717E-09 6.9984E-09 6.8354E-09 6.6745E-09 6.5164E-09 6.3616E-09 6.2106E-09 6.0640E-09 5.9220E-09 5.7451E-09 5.5932E-09 5.4751E-09 5.3612E-09 5.1058E-09 5.0070E-09 4.9146E-09 4.8094E-09 4.7181E-09 4.6228E-09 4.5231E-09 4.4362E-09 4.3457E-09 4.2601E-09 4.2103E-09 4.1606E-09 4.1111E-09 4.0618E-09 4.0127E-09 3.9639E-09 3.9154E-09 3.8673E-09 3.8195E-09 3.7720E-09 3.7249E-09 3.6783E-09
1.0706E-08 1.0712E-08 1.0704E-08 1.0682E-08 1.0643E-08 1.0588E-08 1.0516E-08 1.0428E-08 1.0324E-08 1.0203E-08 1.0068E-08 9.9196E-09 9.7586E-09 9.5963E-09 9.4254E-09 9.2456E-09 9.0581E-09 8.8642E-09 8.6652E-09 8.4622E-09 8.2566E-09 8.0485E-09 7.8401E-09 7.5798E-09 7.2760E-09 7.0420E-09 6.8642E-09 6.6902E-09 6.5207E-09 6.3562E-09 6.1970E-09 6.0435E-09 5.8728E-09 5.7088E-09 5.5685E-09 5.4472E-09 5.3005E-09 5.0726E-09 4.9666E-09 4.8681E-09 4.7746E-09 4.6763E-09 4.5743E-09 4.4702E-09 4.3861E-09 4.3055E-09 4.2537E-09 4.2021E-09 4.1507E-09 4.0996E-09 4.0488E-09 3.9983E-09 3.9482E-09 3.8984E-09 3.8491E-09 3.8002E-09 3.7517E-09
1.1514E-08 1.1527E-08 1.1525E-08 1.1506E-08 1.1468E-08 1.1412E-08 1.1337E-08 1.1244E-08 1.1131E-08 1.1001E-08 1.0853E-08 1.0690E-08 1.0516E-08 1.0381E-08 1.0191E-08 9.9896E-09 9.7787E-09 9.5596E-09 9.2930E-09 9.0640E-09 8.8313E-09 8.5957E-09 8.3601E-09 8.1257E-09 7.8939E-09 7.5567E-09 7.2947E-09 7.0487E-09 6.8582E-09 6.6735E-09 6.4951E-09 6.3232E-09 6.1582E-09 5.9773E-09 5.8184E-09 5.6560E-09 5.5274E-09 5.3929E-09 5.1134E-09 5.0257E-09 4.9051E-09 4.8198E-09 4.7374E-09 4.6229E-09 4.5088E-09 4.4168E-09 4.3488E-09 4.2950E-09 4.2414E-09 4.1882E-09 4.1353E-09 4.0828E-09 4.0306E-09 3.9789E-09 3.9277E-09 3.8768E-09 3.8265E-09
1.2398E-08 1.2419E-08 1.2424E-08 1.2409E-08 1.2374E-08 1.2319E-08 1.2241E-08 1.2143E-08 1.2022E-08 1.1935E-08 1.1777E-08 1.1601E-08 1.1417E-08 1.1219E-08 1.1007E-08 1.0782E-08 1.0546E-08 1.0300E-08 1.0045E-08 9.7845E-09 9.5179E-09 9.2484E-09 8.9784E-09 8.7094E-09 8.4067E-09 8.1487E-09 7.8963E-09 7.5459E-09 7.2723E-09 7.0183E-09 6.8182E-09 6.6257E-09 6.4411E-09 6.2649E-09 6.0742E-09 5.9065E-09 5.7483E-09 5.5886E-09 5.4613E-09 5.3037E-09 5.0705E-09 4.9577E-09 4.8613E-09 4.7855E-09 4.6687E-09 4.5530E-09 4.4597E-09 4.3898E-09 4.3340E-09 4.2786E-09 4.2236E-09 4.1689E-09 4.1147E-09 4.0610E-09 4.0077E-09 3.9549E-09 3.9026E-09
1.3362E-08 1.3393E-08 1.3407E-08 1.3399E-08 1.3369E-08 1.3314E-08 1.3235E-08 1.3132E-08 1.3119E-08 1.2974E-08 1.2806E-08 1.2618E-08 1.2420E-08 1.2202E-08 1.1966E-08 1.1714E-08 1.1448E-08 1.1169E-08 1.0881E-08 1.0583E-08 1.0239E-08 9.9340E-09 9.6282E-09 9.3234E-09 9.0216E-09 8.7246E-09 8.4340E-09 8.1174E-09 7.8495E-09 7.4904E-09 7.1683E-09 6.9527E-09 6.7464E-09 6.5495E-09 6.3622E-09 6.1625E-09 5.9866E-09 5.8074E-09 5.6562E-09 5.5115E-09 5.3614E-09 5.1220E-09 4.9889E-09 4.9086E-09 4.8304E-09 4.7116E-09 4.5947E-09 4.5001E-09 4.4285E-09 4.3708E-09 4.3135E-09 4.2567E-09 4.2003E-09 4.1445E-09 4.0892E-09 4.0344E-09 3.9801E-09
1.4411E-08 1.4456E-08 1.4481E-08 1.4481E-08 1.4457E-08 1.4404E-08 1.4326E-08 1.4366E-08 1.4242E-08 1.4089E-08 1.3910E-08 1.3712E-08 1.3494E-08 1.3254E-08 1.2992E-08 1.2711E-08 1.2413E-08 1.2101E-08 1.1775E-08 1.1438E-08 1.1093E-08 1.0744E-08 1.0394E-08 1.0044E-08 9.6601E-09 9.3234E-09 8.9948E-09 8.6756E-09 8.3666E-09 8.0338E-09 7.7541E-09 7.3935E-09 7.0755E-09 6.8557E-09 6.6469E-09 6.4493E-09 6.2414E-09 6.0445E-09 5.8627E-09 5.7038E-09 5.5577E-09 5.4024E-09 5.1611E-09 5.0353E-09 4.9525E-09 4.8719E-09 4.7373E-09 4.6137E-09 4.5247E-09 4.4647E-09 4.4052E-09 4.3461E-09 4.2875E-09 4.2295E-09 4.1721E-09 4.1152E-09 4.0589E-09
1.5550E-08 1.5610E-08 1.5650E-08 1.5661E-08 1.5644E-08 1.5596E-08 1.5705E-08 1.5611E-08 1.5484E-08 1.5324E-08 1.5134E-08 1.4925E-08 1.4687E-08 1.4423E-08 1.4133E-08 1.3821E-08 1.3488E-08 1.3136E-08 1.2769E-08 1.2389E-08 1.1999E-08 1.1604E-08 1.1206E-08 1.0809E-08 1.0415E-08 1.0028E-08 9.6114E-09 9.2500E-09 8.9002E-09 8.5637E-09 8.2414E-09 7.9006E-09 7.6151E-09 7.2607E-09 6.9522E-09 6.7324E-09 6.5136E-09 6.2973E-09 6.0931E-09 5.9206E-09 5.7572E-09 5.5954E-09 5.4485E-09 5.1867E-09 5.0780E-09 4.9929E-09 4.8918E-09 4.7535E-09 4.6372E-09 4.5603E-09 4.4984E-09 4.4371E-09 4.3763E-09 4.3160E-09 4.2564E-09 4.1974E-09 4.1390E-09
1.6783E-08 1.6863E-08 1.6919E-08 1.6944E-08 1.6936E-08 1.7127E-08 1.7073E-08 1.6982E-08 1.6854E-08 1.6689E-08 1.6493E-08 1.6268E-08 1.6009E-08 1.5719E-08 1.5400E-08 1.5052E-08 1.4681E-08 1.4287E-08 1.3873E-08 1.3444E-08 1.3004E-08 1.2557E-08 1.2106E-08 1.1656E-08 1.1209E-08 1.0770E-08 1.0342E-08 9.9252E-09 9.4839E-09 9.1036E-09 8.7399E-09 8.3937E-09 8.0282E-09 7.7255E-09 7.3964E-09 7.0990E-09 6.8051E-09 6.5662E-09 6.3409E-09 6.1472E-09 5.9571E-09 5.8027E-09 5.6384E-09 5.4690E-09 5.2275E-09 5.1170E-09 5.0297E-09 4.8993E-09 4.7885E-09 4.6719E-09 4.5934E-09 4.5296E-09 4.4665E-09 4.4040E-09 4.3421E-09 4.2810E-09 4.2205E-09
1.8112E-08 1.8217E-08 1.8292E-08 1.8334E-08 1.8619E-08 1.8617E-08 1.8574E-08 1.8490E-08 1.8363E-08 1.8459E-08 1.8267E-08 1.8032E-08 1.7755E-08 1.7437E-08 1.7081E-08 1.6689E-08 1.6265E-08 1.5562E-08 1.5097E-08 1.4614E-08 1.4117E-08 1.3612E-08 1.3102E-08 1.2591E-08 1.2085E-08 1.1588E-08 1.1102E-08 1.0630E-08 1.0174E-08 9.7362E-09 9.2819E-09 8.8920E-09 8.5230E-09 8.1754E-09 7.8165E-09 7.5182E-09 7.2012E-09 6.9170E-09 6.6196E-09 6.3899E-09 6.1675E-09 5.9986E-09 5.8196E-09 5.6744E-09 5.4960E-09 5.2642E-09 5.1522E-09 5.0628E-09 4.9244E-09 4.7916E-09 4.7038E-09 4.6238E-09 4.5582E-09 4.4934E-09 4.4292E-09 4.3658E-09 4.3031E-09
1.9542E-08 1.9675E-08 1.9773E-08 2.0166E-08 2.0227E-08 2.0527E-08 2.0525E-08 2.0473E-08 2.0371E-08 2.0219E-08 2.0022E-08 1.9774E-08 1.9476E-08 1.9130E-08 1.8737E-08 1.8301E-08 1.7826E-08 1.7314E-08 1.6772E-08 1.6206E-08 1.5621E-08 1.4777E-08 1.4201E-08 1.3623E-08 1.3051E-08 1.2488E-08 1.1937E-08 1.1402E-08 1.0886E-08 1.0391E-08 9.9190E-09 9.4717E-09 9.0171E-09 8.6273E-09 8.2622E-09 7.8871E-09 7.5775E-09 7.2895E-09 6.9783E-09 6.6748E-09 6.4147E-09 6.2040E-09 6.0189E-09 5.8511E-09 5.6841E-09 5.3977E-09 5.2966E-09 5.1836E-09 5.0924E-09 4.9400E-09 4.8030E-09 4.7194E-09 4.6514E-09 4.5842E-09 4.5177E-09 4.4520E-09 4.3870E-09
2.1076E-08 2.1238E-08 2.2027E-08 2.2198E-08 2.2325E-08 2.2404E-08 2.2431E-08 2.2402E-08 2.2314E-08 2.2172E-08 2.1972E-08 2.1712E-08 2.1394E-08 2.1017E-08 2.0585E-08 2.0101E-08 1.9569E-08 1.8994E-08 1.8382E-08 1.7741E-08 1.7077E-08 1.6399E-08 1.5712E-08 1.5025E-08 1.4111E-08 1.3474E-08 1.2851E-08 1.2246E-08 1.1662E-08 1.1103E-08 1.0571E-08 1.0067E-08 9.5925E-09 9.1129E-09 8.7049E-09 8.3248E-09 7.9367E-09 7.6179E-09 7.3227E-09 7.0113E-09 6.7275E-09 6.4516E-09 6.2310E-09 6.0352E-09 5.8634E-09 5.6824E-09 5.4278E-09 5.3069E-09 5.2112E-09 5.0924E-09 4.9465E-09 4.8310E-09 4.7460E-09 4.6764E-09 4.6075E-09 4.5394E-09 4.4722E-09
