Assets/Resources/2015_m01_d24_1000(utc+0800)_l00_csi_1hr_conc.grd
DSAA
         159         159
     -79.000      79.000
     -79.000      79.000
  0.1212E-09  0.1596E-05
[rows 100 to 124 of 159, columns 0 to 56 of 159]
5.7084E-10 5.9011E-10 6.0951E-10 6.2935E-10 6.4962E-10 6.7131E-10 6.9275E-10 7.1466E-10 7.3703E-10 7.5986E-10 7.8287E-10 8.0634E-10 8.3025E-10 8.5462E-10 8.7943E-10 9.0469E-10 9.3040E-10 9.5656E-10 9.8316E-10 1.0102E-09 1.0377E-09 1.0656E-09 1.0940E-09 1.1227E-09 1.1519E-09 1.1815E-09 1.2116E-09 1.2420E-09 1.2728E-09 1.3040E-09 1.3355E-09 1.3674E-09 1.3997E-09 1.4323E-09 1.4652E-09 1.4984E-09 1.5318E-09 1.5656E-09 1.5995E-09 1.6337E-09 1.6681E-09 1.7027E-09 1.7374E-09 1.7722E-09 1.8071E-09 1.8421E-09 1.8772E-09 1.9122E-09 1.9472E-09 1.9822E-09 2.0170E-09 2.0518E-09 2.0864E-09 2.1208E-09 2.1551E-09 2.1891E-09 2.2228E-09
5.6138E-10 5.8029E-10 5.9964E-10 6.1914E-10 6.3906E-10 6.5941E-10 6.8019E-10 7.0141E-10 7.2382E-10 7.4695E-10 7.6981E-10 7.9286E-10 8.1634E-10 8.4027E-10 8.6464E-10 8.8944E-10 9.1469E-10 9.4038E-10 9.6650E-10 9.9306E-10 1.0201E-09 1.0475E-09 1.0753E-09 1.1036E-09 1.1323E-09 1.1613E-09 1.1908E-09 1.2207E-09 1.2510E-09 1.2816E-09 1.3126E-09 1.3440E-09 1.3756E-09 1.4077E-09 1.4400E-09 1.4726E-09 1.5055E-09 1.5387E-09 1.5721E-09 1.6057E-09 1.6395E-09 1.6735E-09 1.7076E-09 1.7419E-09 1.7762E-09 1.8107E-09 1.8451E-09 1.8796E-09 1.9141E-09 1.9485E-09 1.9828E-09 2.0171E-09 2.0512E-09 2.0851E-09 2.1189E-09 2.1524E-09 2.1857E-09
5.5194E-10 5.7050E-10 5.8949E-10 6.0891E-10 6.2848E-10 6.4847E-10 6.6889E-10 6.8973E-10 7.1100E-10 7.3270E-10 7.5483E-10 7.7740E-10 8.0169E-10 8.2542E-10 8.4959E-10 8.7420E-10 8.9899E-10 9.2421E-10 9.4986E-10 9.7594E-10 1.0024E-09 1.0294E-09 1.0567E-09 1.0845E-09 1.1126E-09 1.1412E-09 1.1701E-09 1.1995E-09 1.2292E-09 1.2593E-09 1.2897E-09 1.3205E-09 1.3517E-09 1.3831E-09 1.4149E-09 1.4469E-09 1.4793E-09 1.5118E-09 1.5447E-09 1.5777E-09 1.6109E-09 1.6443E-09 1.6779E-09 1.7116E-09 1.7454E-09 1.7792E-09 1.8131E-09 1.8471E-09 1.8810E-09 1.9149E-09 1.9487E-09 1.9824E-09 2.0160E-09 2.0495E-09 2.0827E-09 2.1158E-09 2.1486E-09
5.4253E-10 5.6073E-10 5.7936E-10 5.9841E-10 6.1790E-10 6.3753E-10 6.5757E-10 6.7804E-10 6.9892E-10 7.2023E-10 7.4196E-10 7.6411E-10 7.8668E-10 8.0968E-10 8.3310E-10 8.5748E-10 8.8230E-10 9.0730E-10 9.3272E-10 9.5857E-10 9.8458E-10 1.0110E-09 1.0381E-09 1.0654E-09 1.0930E-09 1.1210E-09 1.1495E-09 1.1783E-09 1.2074E-09 1.2370E-09 1.2669E-09 1.2971E-09 1.3277E-09 1.3586E-09 1.3898E-09 1.4213E-09 1.4530E-09 1.4851E-09 1.5173E-09 1.5498E-09 1.5824E-09 1.6153E-09 1.6482E-09 1.6814E-09 1.7146E-09 1.7479E-09 1.7812E-09 1.8146E-09 1.8479E-09 1.8813E-09 1.9146E-09 1.9478E-09 1.9809E-09 2.0139E-09 2.0467E-09 2.0793E-09 2.1116E-09
5.3287E-10 5.5100E-10 5.6927E-10 5.8795E-10 6.0705E-10 6.2658E-10 6.4626E-10 6.6634E-10 6.8684E-10 7.0776E-10 7.2908E-10 7.5082E-10 7.7298E-10 7.9555E-10 8.1854E-10 8.4194E-10 8.6576E-10 8.9000E-10 9.1465E-10 9.3999E-10 9.6602E-10 9.9220E-10 1.0185E-09 1.0455E-09 1.0726E-09 1.1004E-09 1.1283E-09 1.1566E-09 1.1852E-09 1.2145E-09 1.2438E-09 1.2735E-09 1.3035E-09 1.3339E-09 1.3645E-09 1.3954E-09 1.4266E-09 1.4580E-09 1.4897E-09 1.5216E-09 1.5540E-09 1.5862E-09 1.6187E-09 1.6512E-09 1.6838E-09 1.7166E-09 1.7494E-09 1.7822E-09 1.8150E-09 1.8478E-09 1.8806E-09 1.9133E-09 1.9459E-09 1.9783E-09 2.0107E-09 2.0428E-09 2.0747E-09
5.2287E-10 5.4039E-10 5.5921E-10 5.7753E-10 5.9625E-10 6.1539E-10 6.3495E-10 6.5466E-10 6.7477E-10 6.9529E-10 7.1621E-10 7.3755E-10 7.5928E-10 7.8143E-10 8.0398E-10 8.2695E-10 8.5032E-10 8.7410E-10 8.9829E-10 9.2288E-10 9.4788E-10 9.7328E-10 9.9907E-10 1.0253E-09 1.0521E-09 1.0794E-09 1.1070E-09 1.1347E-09 1.1631E-09 1.1915E-09 1.2203E-09 1.2495E-09 1.2789E-09 1.3090E-09 1.3390E-09 1.3694E-09 1.4000E-09 1.4309E-09 1.4620E-09 1.4933E-09 1.5248E-09 1.5564E-09 1.5883E-09 1.6205E-09 1.6532E-09 1.6854E-09 1.7176E-09 1.7499E-09 1.7821E-09 1.8144E-09 1.8467E-09 1.8789E-09 1.9109E-09 1.9429E-09 1.9747E-09 2.0064E-09 2.0378E-09
5.1358E-10 5.3076E-10 5.4833E-10 5.6631E-10 5.8441E-10 6.0403E-10 6.2318E-10 6.4274E-10 6.6271E-10 6.8284E-10 7.0336E-10 7.2429E-10 7.4561E-10 7.6733E-10 7.8945E-10 8.1197E-10 8.3490E-10 8.5822E-10 8.8195E-10 9.0607E-10 9.3059E-10 9.5551E-10 9.8081E-10 1.0065E-09 1.0326E-09 1.0590E-09 1.0858E-09 1.1130E-09 1.1405E-09 1.1687E-09 1.1970E-09 1.2255E-09 1.2547E-09 1.2839E-09 1.3134E-09 1.3432E-09 1.3735E-09 1.4038E-09 1.4343E-09 1.4651E-09 1.4960E-09 1.5271E-09 1.5584E-09 1.5897E-09 1.6212E-09 1.6528E-09 1.6848E-09 1.7171E-09 1.7488E-09 1.7808E-09 1.8129E-09 1.8445E-09 1.8761E-09 1.9076E-09 1.9389E-09 1.9700E-09 2.0010E-09
5.0397E-10 5.2117E-10 5.3839E-10 5.5600E-10 5.7400E-10 5.9214E-10 6.1066E-10 6.2957E-10 6.4955E-10 6.6996E-10 6.9053E-10 7.1105E-10 7.3195E-10 7.5325E-10 7.7494E-10 7.9703E-10 8.1951E-10 8.4238E-10 8.6565E-10 8.8930E-10 9.1335E-10 9.3778E-10 9.6259E-10 9.8778E-10 1.0133E-09 1.0393E-09 1.0656E-09 1.0922E-09 1.1193E-09 1.1466E-09 1.1743E-09 1.2023E-09 1.2307E-09 1.2593E-09 1.2882E-09 1.3174E-09 1.3469E-09 1.3766E-09 1.4066E-09 1.4367E-09 1.4674E-09 1.4979E-09 1.5286E-09 1.5594E-09 1.5903E-09 1.6214E-09 1.6524E-09 1.6836E-09 1.7147E-09 1.7462E-09 1.7777E-09 1.8092E-09 1.8405E-09 1.8715E-09 1.9026E-09 1.9333E-09 1.9637E-09
4.9445E-10 5.1127E-10 5.2848E-10 5.4573E-10 5.6337E-10 5.8115E-10 5.9956E-10 6.1809E-10 6.3701E-10 6.5630E-10 6.7598E-10 6.9603E-10 7.1743E-10 7.3852E-10 7.6000E-10 7.8188E-10 8.0415E-10 8.2658E-10 8.4939E-10 8.7258E-10 8.9615E-10 9.2010E-10 9.4442E-10 9.6912E-10 9.9419E-10 1.0196E-09 1.0454E-09 1.0715E-09 1.0980E-09 1.1249E-09 1.1520E-09 1.1795E-09 1.2073E-09 1.2354E-09 1.2638E-09 1.2924E-09 1.3213E-09 1.3505E-09 1.3799E-09 1.4095E-09 1.4393E-09 1.4692E-09 1.4993E-09 1.5296E-09 1.5599E-09 1.5904E-09 1.6209E-09 1.6515E-09 1.6821E-09 1.7128E-09 1.7434E-09 1.7740E-09 1.8045E-09 1.8352E-09 1.8659E-09 1.8963E-09 1.9263E-09
4.8464E-10 5.0087E-10 5.1748E-10 5.3447E-10 5.5279E-10 5.7021E-10 5.8823E-10 6.0663E-10 6.2517E-10 6.4408E-10 6.6337E-10 6.8302E-10 7.0306E-10 7.2347E-10 7.4425E-10 7.6566E-10 7.8771E-10 8.0990E-10 8.3248E-10 8.5519E-10 8.7852E-10 9.0199E-10 9.2607E-10 9.5027E-10 9.7483E-10 9.9976E-10 1.0253E-09 1.0509E-09 1.0769E-09 1.1032E-09 1.1298E-09 1.1568E-09 1.1840E-09 1.2116E-09 1.2394E-09 1.2675E-09 1.2958E-09 1.3244E-09 1.3533E-09 1.3823E-09 1.4115E-09 1.4409E-09 1.4705E-09 1.5002E-09 1.5300E-09 1.5599E-09 1.5899E-09 1.6199E-09 1.6500E-09 1.6801E-09 1.7102E-09 1.7402E-09 1.7702E-09 1.8002E-09 1.8299E-09 1.8596E-09 1.8891E-09
4.7550E-10 4.9139E-10 5.0765E-10 5.2427E-10 5.4127E-10 5.5831E-10 5.7570E-10 5.9433E-10 6.1315E-10 6.3189E-10 6.5078E-10 6.7004E-10 6.8967E-10 7.0967E-10 7.3004E-10 7.5078E-10 7.7190E-10 7.9338E-10 8.1523E-10 8.3746E-10 8.6055E-10 8.8376E-10 9.0710E-10 9.3105E-10 9.5510E-10 9.7976E-10 1.0045E-09 1.0296E-09 1.0551E-09 1.0811E-09 1.1072E-09 1.1336E-09 1.1603E-09 1.1873E-09 1.2146E-09 1.2421E-09 1.2699E-09 1.2980E-09 1.3262E-09 1.3547E-09 1.3833E-09 1.4127E-09 1.4417E-09 1.4708E-09 1.5001E-09 1.5295E-09 1.5589E-09 1.5884E-09 1.6180E-09 1.6475E-09 1.6771E-09 1.7066E-09 1.7361E-09 1.7655E-09 1.7948E-09 1.8240E-09 1.8529E-09
4.6582E-10 4.8197E-10 4.9787E-10 5.1414E-10 5.3077E-10 5.4776E-10 5.6480E-10 5.8219E-10 5.9994E-10 6.1804E-10 6.3694E-10 6.5645E-10 6.7588E-10 6.9569E-10 7.1587E-10 7.3618E-10 7.5687E-10 7.7791E-10 7.9932E-10 8.2108E-10 8.4321E-10 8.6569E-10 8.8853E-10 9.1172E-10 9.3526E-10 9.5941E-10 9.8391E-10 1.0085E-09 1.0337E-09 1.0589E-09 1.0845E-09 1.1103E-09 1.1365E-09 1.1632E-09 1.1899E-09 1.2169E-09 1.2442E-09 1.2717E-09 1.2994E-09 1.3273E-09 1.3554E-09 1.3836E-09 1.4120E-09 1.4406E-09 1.4698E-09 1.4989E-09 1.5281E-09 1.5570E-09 1.5861E-09 1.6151E-09 1.6441E-09 1.6731E-09 1.7021E-09 1.7310E-09 1.7598E-09 1.7884E-09 1.8169E-09
4.5628E-10 4.7152E-10 4.8711E-10 5.0271E-10 5.2006E-10 5.3695E-10 5.5393E-10 5.7096E-10 5.8834E-10 6.0606E-10 6.2414E-10 6.4256E-10 6.6134E-10 6.8048E-10 7.0043E-10 7.2076E-10 7.4122E-10 7.6205E-10 7.8300E-10 8.0454E-10 8.2620E-10 8.4821E-10 8.7081E-10 8.9353E-10 9.1658E-10 9.3998E-10 9.6371E-10 9.8778E-10 1.0122E-09 1.0369E-09 1.0619E-09 1.0872E-09 1.1131E-09 1.1390E-09 1.1652E-09 1.1916E-09 1.2186E-09 1.2455E-09 1.2727E-09 1.3000E-09 1.3275E-09 1.3553E-09 1.3831E-09 1.4111E-09 1.4392E-09 1.4675E-09 1.4958E-09 1.5245E-09 1.5535E-09 1.5823E-09 1.6108E-09 1.6395E-09 1.6680E-09 1.6966E-09 1.7249E-09 1.7530E-09 1.7810E-09
4.4734E-10 4.6224E-10 4.7749E-10 4.9307E-10 5.0868E-10 5.2462E-10 5.4090E-10 5.5836E-10 5.7649E-10 5.9412E-10 6.1182E-10 6.2986E-10 6.4824E-10 6.6698E-10 6.8606E-10 7.0550E-10 7.2528E-10 7.4540E-10 7.6612E-10 7.8718E-10 8.0861E-10 8.3038E-10 8.5226E-10 8.7472E-10 8.9728E-10 9.2042E-10 9.4366E-10 9.6722E-10 9.9110E-10 1.0153E-09 1.0398E-09 1.0646E-09 1.0899E-09 1.1153E-09 1.1409E-09 1.1668E-09 1.1930E-09 1.2193E-09 1.2459E-09 1.2724E-09 1.2999E-09 1.3271E-09 1.3544E-09 1.3818E-09 1.4094E-09 1.4371E-09 1.4649E-09 1.4927E-09 1.5206E-09 1.5486E-09 1.5768E-09 1.6053E-09 1.6335E-09 1.6613E-09 1.6894E-09 1.7170E-09 1.7445E-09
4.3845E-10 4.5302E-10 4.6792E-10 4.8316E-10 4.9874E-10 5.1434E-10 5.3027E-10 5.4653E-10 5.6312E-10 5.8004E-10 5.9729E-10 6.1607E-10 6.3433E-10 6.5295E-10 6.7191E-10 6.9122E-10 7.1058E-10 7.3028E-10 7.5032E-10 7.7069E-10 7.9141E-10 8.1246E-10 8.3385E-10 8.5582E-10 8.7814E-10 9.0054E-10 9.2351E-10 9.4656E-10 9.6993E-10 9.9385E-10 1.0178E-09 1.0421E-09 1.0667E-09 1.0915E-09 1.1166E-09 1.1419E-09 1.1678E-09 1.1936E-09 1.2196E-09 1.2459E-09 1.2723E-09 1.2986E-09 1.3254E-09 1.3528E-09 1.3801E-09 1.4075E-09 1.4347E-09 1.4620E-09 1.4894E-09 1.5168E-09 1.5442E-09 1.5716E-09 1.5989E-09 1.6262E-09 1.6534E-09 1.6808E-09 1.7081E-09
4.2858E-10 4.4285E-10 4.5711E-10 4.7305E-10 4.8854E-10 5.0380E-10 5.1968E-10 5.3558E-10 5.5182E-10 5.6838E-10 5.8526E-10 6.0248E-10 6.2003E-10 6.3791E-10 6.5642E-10 6.7559E-10 6.9479E-10 7.1434E-10 7.3423E-10 7.5416E-10 7.7472E-10 7.9531E-10 8.1624E-10 8.3749E-10 8.5939E-10 8.8130E-10 9.0353E-10 9.2607E-10 9.4892E-10 9.7233E-10 9.9579E-10 1.0195E-09 1.0438E-09 1.0681E-09 1.0927E-09 1.1175E-09 1.1425E-09 1.1678E-09 1.1933E-09 1.2190E-09 1.2448E-09 1.2709E-09 1.2971E-09 1.3234E-09 1.3499E-09 1.3765E-09 1.4037E-09 1.4307E-09 1.4578E-09 1.4849E-09 1.5118E-09 1.5389E-09 1.5657E-09 1.5925E-09 1.6192E-09 1.6458E-09 1.6722E-09
4.1983E-10 4.3378E-10 4.4804E-10 4.6230E-10 4.7687E-10 4.9174E-10 5.0748E-10 5.2413E-10 5.4055E-10 5.5675E-10 5.7327E-10 5.9011E-10 6.0728E-10 6.2477E-10 6.4259E-10 6.6073E-10 6.7920E-10 6.9799E-10 7.1711E-10 7.3717E-10 7.5727E-10 7.7739E-10 7.9815E-10 8.1893E-10 8.4034E-10 8.6176E-10 8.8349E-10 9.0586E-10 9.2821E-10 9.5085E-10 9.7379E-10 9.9702E-10 1.0205E-09 1.0443E-09 1.0683E-09 1.0926E-09 1.1171E-09 1.1418E-09 1.1667E-09 1.1919E-09 1.2172E-09 1.2434E-09 1.2690E-09 1.2948E-09 1.3207E-09 1.3467E-09 1.3729E-09 1.3991E-09 1.4253E-09 1.4519E-09 1.4788E-09 1.5054E-09 1.5319E-09 1.5582E-09 1.5846E-09 1.6107E-09 1.6366E-09
4.1115E-10 4.2477E-10 4.3869E-10 4.5293E-10 4.6718E-10 4.8173E-10 4.9658E-10 5.1174E-10 5.2721E-10 5.4299E-10 5.6023E-10 5.7696E-10 5.9402E-10 6.1140E-10 6.2911E-10 6.4684E-10 6.6490E-10 6.8327E-10 7.0197E-10 7.2098E-10 7.4031E-10 7.5997E-10 7.7994E-10 8.0023E-10 8.2116E-10 8.4240E-10 8.6364E-10 8.8551E-10 9.0735E-10 9.2949E-10 9.5191E-10 9.7495E-10 9.9793E-10 1.0212E-09 1.0447E-09 1.0684E-09 1.0924E-09 1.1166E-09 1.1410E-09 1.1656E-09 1.1903E-09 1.2153E-09 1.2403E-09 1.2656E-09 1.2916E-09 1.3178E-09 1.3434E-09 1.3690E-09 1.3948E-09 1.4205E-09 1.4463E-09 1.4721E-09 1.4978E-09 1.5238E-09 1.5497E-09 1.5755E-09 1.6009E-09
4.0131E-10 4.1454E-10 4.2916E-10 4.4332E-10 4.5724E-10 4.7175E-10 4.8627E-10 5.0110E-10 5.1622E-10 5.3165E-10 5.4739E-10 5.6343E-10 5.7979E-10 5.9674E-10 6.1430E-10 6.3190E-10 6.4982E-10 6.6806E-10 6.8632E-10 7.0519E-10 7.2408E-10 7.4329E-10 7.6281E-10 7.8295E-10 8.0310E-10 8.2355E-10 8.4430E-10 8.6535E-10 8.8669E-10 9.0832E-10 9.3023E-10 9.5275E-10 9.7521E-10 9.9793E-10 1.0212E-09 1.0445E-09 1.0679E-09 1.0915E-09 1.1154E-09 1.1395E-09 1.1637E-09 1.1881E-09 1.2126E-09 1.2373E-09 1.2621E-09 1.2870E-09 1.3120E-09 1.3378E-09 1.3634E-09 1.3889E-09 1.4145E-09 1.4397E-09 1.4653E-09 1.4904E-09 1.5156E-09 1.5405E-09 1.5654E-09
3.9287E-10 4.0579E-10 4.1900E-10 4.3228E-10 4.4583E-10 4.6048E-10 4.7573E-10 4.9049E-10 5.0527E-10 5.2035E-10 5.3574E-10 5.5142E-10 5.6739E-10 5.8368E-10 6.0026E-10 6.1715E-10 6.3434E-10 6.5183E-10 6.7024E-10 6.8867E-10 7.0711E-10 7.2616E-10 7.4523E-10 7.6490E-10 7.8458E-10 8.0455E-10 8.2513E-10 8.4570E-10 8.6655E-10 8.8769E-10 9.0910E-10 9.3079E-10 9.5274E-10 9.7494E-10 9.9739E-10 1.0201E-09 1.0430E-09 1.0661E-09 1.0894E-09 1.1129E-09 1.1373E-09 1.1611E-09 1.1851E-09 1.2093E-09 1.2335E-09 1.2579E-09 1.2824E-09 1.3069E-09 1.3315E-09 1.3562E-09 1.3816E-09 1.4066E-09 1.4316E-09 1.4566E-09 1.4812E-09 1.5060E-09 1.5303E-09
3.8448E-10 3.9709E-10 4.0999E-10 4.2317E-10 4.3642E-10 4.4995E-10 4.6376E-10 4.7786E-10 4.9225E-10 5.0804E-10 5.2359E-10 5.3917E-10 5.5478E-10 5.7096E-10 5.8716E-10 6.0365E-10 6.2044E-10 6.3754E-10 6.5493E-10 6.7262E-10 6.9062E-10 7.0892E-10 7.2752E-10 7.4672E-10 7.6624E-10 7.8574E-10 8.0584E-10 8.2592E-10 8.4629E-10 8.6725E-10 8.8817E-10 9.0935E-10 9.3079E-10 9.5249E-10 9.7442E-10 9.9659E-10 1.0190E-09 1.0416E-09 1.0643E-09 1.0873E-09 1.1105E-09 1.1338E-09 1.1572E-09 1.1815E-09 1.2055E-09 1.2297E-09 1.2537E-09 1.2777E-09 1.3017E-09 1.3258E-09 1.3500E-09 1.3741E-09 1.3982E-09 1.4223E-09 1.4467E-09 1.4710E-09 1.4952E-09
3.7519E-10 3.8788E-10 4.0103E-10 4.1389E-10 4.2704E-10 4.4025E-10 4.5375E-10 4.6752E-10 4.8158E-10 4.9591E-10 5.1053E-10 5.2543E-10 5.4091E-10 5.5696E-10 5.7303E-10 5.8940E-10 6.0607E-10 6.2275E-10 6.4001E-10 6.5729E-10 6.7515E-10 6.9302E-10 7.1119E-10 7.2964E-10 7.4839E-10 7.6742E-10 7.8674E-10 8.0634E-10 8.2621E-10 8.4636E-10 8.6711E-10 8.8779E-10 9.0873E-10 9.3024E-10 9.5166E-10 9.7331E-10 9.9517E-10 1.0172E-09 1.0395E-09 1.0619E-09 1.0846E-09 1.1073E-09 1.1303E-09 1.1533E-09 1.1765E-09 1.1997E-09 1.2235E-09 1.2476E-09 1.2715E-09 1.2954E-09 1.3190E-09 1.3429E-09 1.3665E-09 1.3900E-09 1.4135E-09 1.4369E-09 1.4602E-09
3.6695E-10 3.7896E-10 3.9124E-10 4.0358E-10 4.1617E-10 4.3022E-10 4.4358E-10 4.5723E-10 4.7095E-10 4.8495E-10 4.9922E-10 5.1377E-10 5.2859E-10 5.4370E-10 5.5909E-10 5.7476E-10 5.9100E-10 6.0755E-10 6.2439E-10 6.4152E-10 6.5866E-10 6.7639E-10 6.9411E-10 7.1211E-10 7.3071E-10 7.4928E-10 7.6814E-10 7.8727E-10 8.0667E-10 8.2634E-10 8.4659E-10 8.6678E-10 8.8722E-10 9.0790E-10 9.2881E-10 9.4994E-10 9.7129E-10 9.9283E-10 1.0146E-09 1.0368E-09 1.0589E-09 1.0811E-09 1.1035E-09 1.1260E-09 1.1487E-09 1.1714E-09 1.1942E-09 1.2171E-09 1.2401E-09 1.2635E-09 1.2872E-09 1.3106E-09 1.3340E-09 1.3570E-09 1.3803E-09 1.4032E-09 1.4260E-09
3.5877E-10 3.7048E-10 3.8246E-10 3.9470E-10 4.0700E-10 4.1956E-10 4.3238E-10 4.4547E-10 4.5942E-10 4.7345E-10 4.8757E-10 5.0196E-10 5.1662E-10 5.3136E-10 5.4638E-10 5.6167E-10 5.7724E-10 5.9310E-10 6.0924E-10 6.2566E-10 6.4236E-10 6.5964E-10 6.7691E-10 6.9477E-10 7.1260E-10 7.3102E-10 7.4941E-10 7.6838E-10 7.8732E-10 8.0651E-10 8.2597E-10 8.4567E-10 8.6562E-10 8.8580E-10 9.0653E-10 9.2715E-10 9.4799E-10 9.6902E-10 9.9023E-10 1.0116E-09 1.0332E-09 1.0545E-09 1.0767E-09 1.0994E-09 1.1218E-09 1.1440E-09 1.1663E-09 1.1887E-09 1.2111E-09 1.2336E-09 1.2561E-09 1.2786E-09 1.3011E-09 1.3239E-09 1.3467E-09 1.3690E-09 1.3916E-09
3.4975E-10 3.6117E-10 3.7355E-10 3.8567E-10 3.9786E-10 4.1012E-10 4.2263E-10 4.3540E-10 4.4843E-10 4.6171E-10 4.7525E-10 4.8906E-10 5.0355E-10 5.1831E-10 5.3315E-10 5.4826E-10 5.6344E-10 5.7911E-10 5.9485E-10 6.1087E-10 6.2737E-10 6.4395E-10 6.6079E-10 6.7791E-10 6.9530E-10 7.1296E-10 7.3089E-10 7.4908E-10 7.6785E-10 7.8657E-10 8.0555E-10 8.2508E-10 8.4454E-10 8.6423E-10 8.8414E-10 9.0426E-10 9.2458E-10 9.4510E-10 9.6612E-10 9.8700E-10 1.0080E-09 1.0292E-09 1.0505E-09 1.0720E-09 1.0932E-09 1.1152E-09 1.1376E-09 1.1598E-09 1.1820E-09 1.2039E-09 1.2262E-09 1.2482E-09 1.2702E-09 1.2921E-09 1.3140E-09 1.3358E-09 1.3575E-09
