Assets/Resources/2015_m01_d13_1400(utc+0800)_l00_csi_1hr_conc.grd
DSAA
         159         159
     -79.000      79.000
     -79.000      79.000
  0.0000E+00  0.4479E-05
[rows 50 to 74 of 159, columns 0 to 56 of 159]
2.2906E-09 2.3728E-09 2.4569E-09 2.5450E-09 2.6334E-09 2.7220E-09 2.8140E-09 2.9076E-09 3.0007E-09 3.0954E-09 3.1936E-09 3.2917E-09 3.3895E-09 3.4910E-09 3.5912E-09 3.6944E-09 3.7988E-09 3.9004E-09 4.0052E-09 4.1062E-09 4.2033E-09 4.3070E-09 4.4129E-09 4.5166E-09 4.6139E-09 4.7132E-09 4.8114E-09 4.9054E-09 4.9897E-09 5.0744E-09 5.1520E-09 5.2163E-09 5.2719E-09 5.3227E-09 5.3625E-09 5.3884E-09 5.4001E-09 5.3983E-09 5.3772E-09 5.3300E-09 5.2576E-09 5.1572E-09 5.0294E-09 4.8798E-09 4.7070E-09 4.5108E-09 4.2930E-09 4.0568E-09 3.8054E-09 3.5378E-09 3.2660E-09 2.9873E-09 2.6998E-09 2.4083E-09 2.1208E-09 1.8510E-09 1.6131E-09
2.3951E-09 2.4821E-09 2.5738E-09 2.6676E-09 2.7607E-09 2.8573E-09 2.9570E-09 3.0565E-09 3.1575E-09 3.2622E-09 3.3682E-09 3.4746E-09 3.5821E-09 3.6943E-09 3.8063E-09 3.9209E-09 4.0376E-09 4.1539E-09 4.2737E-09 4.3860E-09 4.5018E-09 4.6252E-09 4.7470E-09 4.8654E-09 4.9850E-09 5.1090E-09 5.2280E-09 5.3400E-09 5.4523E-09 5.5585E-09 5.6564E-09 5.7445E-09 5.8291E-09 5.9026E-09 5.9584E-09 5.9995E-09 6.0294E-09 6.0494E-09 6.0476E-09 6.0137E-09 5.9543E-09 5.8653E-09 5.7457E-09 5.5953E-09 5.4114E-09 5.2068E-09 4.9812E-09 4.7308E-09 4.4634E-09 4.1721E-09 3.8699E-09 3.5463E-09 3.2192E-09 2.8876E-09 2.5506E-09 2.2253E-09 1.9266E-09
2.5001E-09 2.5944E-09 2.6929E-09 2.7909E-09 2.8913E-09 2.9959E-09 3.1016E-09 3.2084E-09 3.3189E-09 3.4324E-09 3.5467E-09 3.6624E-09 3.7807E-09 3.9051E-09 4.0279E-09 4.1547E-09 4.2866E-09 4.4164E-09 4.5525E-09 4.6853E-09 4.8210E-09 4.9592E-09 5.0967E-09 5.2380E-09 5.3832E-09 5.5301E-09 5.6704E-09 5.8094E-09 5.9500E-09 6.0822E-09 6.2071E-09 6.3294E-09 6.4397E-09 6.5332E-09 6.6136E-09 6.6835E-09 6.7375E-09 6.7710E-09 6.7870E-09 6.7752E-09 6.7339E-09 6.6556E-09 6.5395E-09 6.3922E-09 6.2157E-09 6.0093E-09 5.7730E-09 5.5036E-09 5.2142E-09 4.8927E-09 4.5516E-09 4.1872E-09 3.8126E-09 3.4390E-09 3.0617E-09 2.6801E-09 2.3081E-09
2.6072E-09 2.7086E-09 2.8118E-09 2.9157E-09 3.0245E-09 3.1359E-09 3.2480E-09 3.3636E-09 3.4839E-09 3.6057E-09 3.7291E-09 3.8555E-09 3.9848E-09 4.1211E-09 4.2554E-09 4.3973E-09 4.5439E-09 4.6876E-09 4.8428E-09 4.9981E-09 5.1554E-09 5.3111E-09 5.4682E-09 5.6352E-09 5.8023E-09 5.9744E-09 6.1433E-09 6.3141E-09 6.4845E-09 6.6474E-09 6.8084E-09 6.9600E-09 7.0980E-09 7.2243E-09 7.3414E-09 7.4405E-09 7.5171E-09 7.5730E-09 7.6136E-09 7.6286E-09 7.6076E-09 7.5472E-09 7.4499E-09 7.3178E-09 7.1481E-09 6.9375E-09 6.6927E-09 6.4095E-09 6.0966E-09 5.7563E-09 5.3874E-09 4.9887E-09 4.5639E-09 4.1303E-09 3.6963E-09 3.2606E-09 2.8238E-09
2.7155E-09 2.8236E-09 2.9312E-09 3.0429E-09 3.1594E-09 3.2768E-09 3.3971E-09 3.5226E-09 3.6510E-09 3.7816E-09 3.9152E-09 4.0522E-09 4.1937E-09 4.3419E-09 4.4903E-09 4.6473E-09 4.8070E-09 4.9691E-09 5.1449E-09 5.3197E-09 5.4975E-09 5.6817E-09 5.8652E-09 6.0540E-09 6.2429E-09 6.4451E-09 6.6488E-09 6.8491E-09 7.0547E-09 7.2556E-09 7.4525E-09 7.6373E-09 7.8145E-09 7.9828E-09 8.1336E-09 8.2635E-09 8.3763E-09 8.4660E-09 8.5322E-09 8.5722E-09 8.5814E-09 8.5501E-09 8.4751E-09 8.3560E-09 8.1897E-09 7.9792E-09 7.7324E-09 7.4433E-09 7.1188E-09 6.7533E-09 6.3452E-09 5.9054E-09 5.4264E-09 4.9329E-09 4.4298E-09 3.9314E-09 3.4333E-09
2.8249E-09 2.9377E-09 3.0519E-09 3.1717E-09 3.2944E-09 3.4190E-09 3.5483E-09 3.6828E-09 3.8199E-09 3.9598E-09 4.1043E-09 4.2533E-09 4.4062E-09 4.5674E-09 4.7308E-09 4.9011E-09 5.0790E-09 5.2602E-09 5.4569E-09 5.6489E-09 5.8511E-09 6.0644E-09 6.2788E-09 6.4953E-09 6.7128E-09 6.9440E-09 7.1801E-09 7.4161E-09 7.6626E-09 7.9024E-09 8.1375E-09 8.3671E-09 8.5881E-09 8.7976E-09 8.9887E-09 9.1621E-09 9.3176E-09 9.4471E-09 9.5457E-09 9.6209E-09 9.6663E-09 9.6689E-09 9.6172E-09 9.5168E-09 9.3667E-09 9.1665E-09 8.9224E-09 8.6278E-09 8.2858E-09 7.9012E-09 7.4598E-09 6.9756E-09 6.4508E-09 5.8993E-09 5.3274E-09 4.7478E-09 4.1751E-09
2.9341E-09 3.0515E-09 3.1736E-09 3.3010E-09 3.4297E-09 3.5625E-09 3.7014E-09 3.8443E-09 3.9903E-09 4.1407E-09 4.2959E-09 4.4568E-09 4.6215E-09 4.7973E-09 4.9751E-09 5.1607E-09 5.3584E-09 5.5598E-09 5.7745E-09 5.9891E-09 6.2178E-09 6.4576E-09 6.6985E-09 6.9555E-09 7.2115E-09 7.4754E-09 7.7386E-09 8.0152E-09 8.3041E-09 8.5825E-09 8.8670E-09 9.1447E-09 9.4136E-09 9.6708E-09 9.9103E-09 1.0135E-08 1.0338E-08 1.0514E-08 1.0662E-08 1.0778E-08 1.0862E-08 1.0900E-08 1.0885E-08 1.0815E-08 1.0688E-08 1.0502E-08 1.0264E-08 9.9695E-09 9.6188E-09 9.2175E-09 8.7541E-09 8.2399E-09 7.6621E-09 7.0498E-09 6.4039E-09 5.7311E-09 5.0601E-09
3.0418E-09 3.1658E-09 3.2960E-09 3.4293E-09 3.5653E-09 3.7069E-09 3.8548E-09 4.0062E-09 4.1613E-09 4.3225E-09 4.4896E-09 4.6620E-09 4.8396E-09 5.0306E-09 5.2210E-09 5.4268E-09 5.6443E-09 5.8632E-09 6.0997E-09 6.3395E-09 6.5950E-09 6.8595E-09 7.1314E-09 7.4263E-09 7.7239E-09 8.0306E-09 8.3382E-09 8.6483E-09 8.9721E-09 9.2997E-09 9.6367E-09 9.9652E-09 1.0290E-08 1.0600E-08 1.0896E-08 1.1177E-08 1.1435E-08 1.1670E-08 1.1874E-08 1.2041E-08 1.2167E-08 1.2255E-08 1.2284E-08 1.2251E-08 1.2154E-08 1.1991E-08 1.1767E-08 1.1484E-08 1.1133E-08 1.0726E-08 1.0243E-08 9.6970E-09 9.0762E-09 8.3988E-09 7.6839E-09 6.9371E-09 6.1590E-09
3.1489E-09 3.2801E-09 3.4174E-09 3.5572E-09 3.7010E-09 3.8520E-09 4.0080E-09 4.1679E-09 4.3337E-09 4.5051E-09 4.6838E-09 4.8682E-09 5.0594E-09 5.2648E-09 5.4709E-09 5.6968E-09 5.9337E-09 6.1698E-09 6.4314E-09 6.6987E-09 6.9778E-09 7.2718E-09 7.5774E-09 7.9094E-09 8.2426E-09 8.5980E-09 8.9627E-09 9.3155E-09 9.6809E-09 1.0049E-08 1.0442E-08 1.0826E-08 1.1210E-08 1.1581E-08 1.1938E-08 1.2284E-08 1.2607E-08 1.2908E-08 1.3174E-08 1.3403E-08 1.3588E-08 1.3726E-08 1.3809E-08 1.3824E-08 1.3765E-08 1.3637E-08 1.3438E-08 1.3174E-08 1.2836E-08 1.2429E-08 1.1937E-08 1.1368E-08 1.0720E-08 1.0002E-08 9.2155E-09 8.3824E-09 7.4947E-09
3.2550E-09 3.3940E-09 3.5376E-09 3.6839E-09 3.8365E-09 3.9962E-09 4.1602E-09 4.3292E-09 4.5052E-09 4.6879E-09 4.8781E-09 5.0742E-09 5.2802E-09 5.4988E-09 5.7236E-09 5.9697E-09 6.2216E-09 6.4817E-09 6.7702E-09 7.0598E-09 7.3671E-09 7.6935E-09 8.0332E-09 8.3996E-09 8.7738E-09 9.1754E-09 9.5873E-09 1.0003E-08 1.0426E-08 1.0847E-08 1.1277E-08 1.1720E-08 1.2168E-08 1.2606E-08 1.3030E-08 1.3449E-08 1.3846E-08 1.4217E-08 1.4557E-08 1.4859E-08 1.5114E-08 1.5315E-08 1.5455E-08 1.5529E-08 1.5520E-08 1.5435E-08 1.5276E-08 1.5042E-08 1.4727E-08 1.4332E-08 1.3850E-08 1.3284E-08 1.2615E-08 1.1851E-08 1.1003E-08 1.0078E-08 9.0996E-09
3.3607E-09 3.5067E-09 3.6563E-09 3.8097E-09 3.9713E-09 4.1388E-09 4.3111E-09 4.4902E-09 4.6751E-09 4.8697E-09 5.0714E-09 5.2802E-09 5.4999E-09 5.7327E-09 5.9777E-09 6.2401E-09 6.5113E-09 6.7969E-09 7.1108E-09 7.4231E-09 7.7612E-09 8.1217E-09 8.4939E-09 8.8969E-09 9.3126E-09 9.7610E-09 1.0220E-08 1.0687E-08 1.1184E-08 1.1668E-08 1.2158E-08 1.2647E-08 1.3159E-08 1.3666E-08 1.4166E-08 1.4664E-08 1.5137E-08 1.5589E-08 1.6012E-08 1.6394E-08 1.6731E-08 1.7009E-08 1.7215E-08 1.7354E-08 1.7408E-08 1.7382E-08 1.7274E-08 1.7080E-08 1.6801E-08 1.6443E-08 1.5990E-08 1.5432E-08 1.4756E-08 1.3969E-08 1.3088E-08 1.2108E-08 1.1038E-08
3.4652E-09 3.6177E-09 3.7728E-09 3.9345E-09 4.1042E-09 4.2791E-09 4.4604E-09 4.6486E-09 4.8444E-09 5.0498E-09 5.2618E-09 5.4851E-09 5.7173E-09 5.9672E-09 6.2313E-09 6.5081E-09 6.8027E-09 7.1132E-09 7.4476E-09 7.7886E-09 8.1586E-09 8.5512E-09 8.9582E-09 9.3993E-09 9.8558E-09 1.0349E-08 1.0858E-08 1.1381E-08 1.1934E-08 1.2485E-08 1.3055E-08 1.3612E-08 1.4183E-08 1.4754E-08 1.5332E-08 1.5912E-08 1.6471E-08 1.7010E-08 1.7522E-08 1.7995E-08 1.8419E-08 1.8790E-08 1.9078E-08 1.9285E-08 1.9418E-08 1.9461E-08 1.9415E-08 1.9274E-08 1.9058E-08 1.8750E-08 1.8341E-08 1.7811E-08 1.7167E-08 1.6396E-08 1.5497E-08 1.4467E-08 1.3312E-08
3.5682E-09 3.7261E-09 3.8876E-09 4.0574E-09 4.2344E-09 4.4174E-09 4.6070E-09 4.8040E-09 5.0111E-09 5.2270E-09 5.4500E-09 5.6870E-09 5.9313E-09 6.2004E-09 6.4807E-09 6.7731E-09 7.0935E-09 7.4248E-09 7.7824E-09 8.1535E-09 8.5551E-09 8.9777E-09 9.4216E-09 9.9019E-09 1.0396E-08 1.0935E-08 1.1496E-08 1.2076E-08 1.2683E-08 1.3295E-08 1.3938E-08 1.4583E-08 1.5228E-08 1.5871E-08 1.6516E-08 1.7181E-08 1.7832E-08 1.8464E-08 1.9069E-08 1.9639E-08 2.0162E-08 2.0631E-08 2.1016E-08 2.1303E-08 2.1524E-08 2.1648E-08 2.1675E-08 2.1618E-08 2.1476E-08 2.1236E-08 2.0896E-08 2.0445E-08 1.9860E-08 1.9125E-08 1.8233E-08 1.7194E-08 1.6013E-08
3.6687E-09 3.8319E-09 4.0004E-09 4.1774E-09 4.3616E-09 4.5526E-09 4.7505E-09 4.9564E-09 5.1740E-09 5.3999E-09 5.6360E-09 5.8846E-09 6.1418E-09 6.4306E-09 6.7243E-09 7.0373E-09 7.3810E-09 7.7306E-09 8.1146E-09 8.5164E-09 8.9434E-09 9.4010E-09 9.8803E-09 1.0397E-08 1.0934E-08 1.1514E-08 1.2126E-08 1.2758E-08 1.3426E-08 1.4101E-08 1.4811E-08 1.5526E-08 1.6266E-08 1.6989E-08 1.7715E-08 1.8459E-08 1.9201E-08 1.9928E-08 2.0632E-08 2.1304E-08 2.1934E-08 2.2506E-08 2.2995E-08 2.3386E-08 2.3697E-08 2.3912E-08 2.4041E-08 2.4072E-08 2.4022E-08 2.3881E-08 2.3652E-08 2.3302E-08 2.2808E-08 2.2150E-08 2.1341E-08 2.0361E-08 1.9193E-08
3.7660E-09 3.9348E-09 4.1104E-09 4.2946E-09 4.4855E-09 4.6837E-09 4.8899E-09 5.1057E-09 5.3324E-09 5.5682E-09 5.8167E-09 6.0771E-09 6.3494E-09 6.6546E-09 6.9624E-09 7.2967E-09 7.6618E-09 8.0286E-09 8.4419E-09 8.8699E-09 9.3231E-09 9.8169E-09 1.0328E-08 1.0882E-08 1.1462E-08 1.2084E-08 1.2739E-08 1.3423E-08 1.4151E-08 1.4892E-08 1.5668E-08 1.6452E-08 1.7267E-08 1.8079E-08 1.8892E-08 1.9726E-08 2.0557E-08 2.1381E-08 2.2185E-08 2.2967E-08 2.3705E-08 2.4380E-08 2.4987E-08 2.5490E-08 2.5901E-08 2.6219E-08 2.6452E-08 2.6588E-08 2.6649E-08 2.6640E-08 2.6546E-08 2.6330E-08 2.5976E-08 2.5476E-08 2.4802E-08 2.3935E-08 2.2853E-08
3.8604E-09 4.0344E-09 4.2169E-09 4.4080E-09 4.6057E-09 4.8106E-09 5.0249E-09 5.2496E-09 5.4862E-09 5.7311E-09 5.9915E-09 6.2636E-09 6.5516E-09 6.8721E-09 7.1933E-09 7.5504E-09 7.9323E-09 8.3191E-09 8.7611E-09 9.2109E-09 9.6939E-09 1.0219E-08 1.0758E-08 1.1354E-08 1.1972E-08 1.2634E-08 1.3333E-08 1.4064E-08 1.4851E-08 1.5655E-08 1.6497E-08 1.7351E-08 1.8238E-08 1.9125E-08 2.0023E-08 2.0945E-08 2.1864E-08 2.2790E-08 2.3704E-08 2.4591E-08 2.5443E-08 2.6222E-08 2.6948E-08 2.7571E-08 2.8088E-08 2.8523E-08 2.8862E-08 2.9110E-08 2.9318E-08 2.9455E-08 2.9516E-08 2.9480E-08 2.9334E-08 2.9041E-08 2.8558E-08 2.7890E-08 2.7011E-08
3.9509E-09 4.1301E-09 4.3195E-09 4.5165E-09 4.7210E-09 4.9332E-09 5.1545E-09 5.3883E-09 5.6337E-09 5.8880E-09 6.1599E-09 6.4429E-09 6.7466E-09 7.0803E-09 7.4166E-09 7.7937E-09 8.1912E-09 8.6010E-09 9.0674E-09 9.5369E-09 1.0050E-08 1.0603E-08 1.1170E-08 1.1804E-08 1.2458E-08 1.3159E-08 1.3901E-08 1.4674E-08 1.5514E-08 1.6378E-08 1.7286E-08 1.8207E-08 1.9162E-08 2.0121E-08 2.1097E-08 2.2105E-08 2.3097E-08 2.4112E-08 2.5129E-08 2.6148E-08 2.7108E-08 2.7997E-08 2.8835E-08 2.9576E-08 3.0208E-08 3.0768E-08 3.1217E-08 3.1592E-08 3.1947E-08 3.2243E-08 3.2491E-08 3.2683E-08 3.2778E-08 3.2748E-08 3.2543E-08 3.2178E-08 3.1601E-08
4.0369E-09 4.2220E-09 4.4174E-09 4.6199E-09 4.8313E-09 5.0503E-09 5.2785E-09 5.5211E-09 5.7740E-09 6.0388E-09 6.3208E-09 6.6139E-09 6.9329E-09 7.2789E-09 7.6313E-09 8.0253E-09 8.4378E-09 8.8701E-09 9.3570E-09 9.8456E-09 1.0387E-08 1.0964E-08 1.1561E-08 1.2229E-08 1.2912E-08 1.3653E-08 1.4436E-08 1.5249E-08 1.6134E-08 1.7050E-08 1.8020E-08 1.9005E-08 2.0025E-08 2.1052E-08 2.2100E-08 2.3188E-08 2.4258E-08 2.5338E-08 2.6432E-08 2.7538E-08 2.8648E-08 2.9664E-08 3.0607E-08 3.1461E-08 3.2215E-08 3.2896E-08 3.3458E-08 3.3963E-08 3.4467E-08 3.4924E-08 3.5396E-08 3.5828E-08 3.6198E-08 3.6489E-08 3.6644E-08 3.6663E-08 3.6488E-08
4.1186E-09 4.3094E-09 4.5100E-09 4.7181E-09 4.9357E-09 5.1611E-09 5.3973E-09 5.6465E-09 5.9071E-09 6.1814E-09 6.4733E-09 6.7764E-09 7.1089E-09 7.4663E-09 7.8348E-09 8.2442E-09 8.6697E-09 9.1230E-09 9.6271E-09 1.0136E-08 1.0701E-08 1.1298E-08 1.1924E-08 1.2622E-08 1.3333E-08 1.4108E-08 1.4927E-08 1.5779E-08 1.6704E-08 1.7662E-08 1.8688E-08 1.9732E-08 2.0811E-08 2.1901E-08 2.3013E-08 2.4172E-08 2.5316E-08 2.6473E-08 2.7626E-08 2.8774E-08 2.9962E-08 3.1129E-08 3.2211E-08 3.3174E-08 3.4045E-08 3.4839E-08 3.5519E-08 3.6149E-08 3.6792E-08 3.7420E-08 3.8118E-08 3.8797E-08 3.9452E-08 4.0117E-08 4.0686E-08 4.1151E-08 4.1477E-08
4.1956E-09 4.3913E-09 4.5969E-09 4.8105E-09 5.0336E-09 5.2654E-09 5.5086E-09 5.7648E-09 6.0328E-09 6.3154E-09 6.6162E-09 6.9289E-09 7.2738E-09 7.6414E-09 8.0245E-09 8.4471E-09 8.8852E-09 9.3572E-09 9.8750E-09 1.0404E-08 1.0989E-08 1.1603E-08 1.2255E-08 1.2976E-08 1.3713E-08 1.4518E-08 1.5370E-08 1.6256E-08 1.7216E-08 1.8207E-08 1.9277E-08 2.0372E-08 2.1506E-08 2.2651E-08 2.3816E-08 2.5039E-08 2.6247E-08 2.7471E-08 2.8696E-08 2.9893E-08 3.1077E-08 3.2321E-08 3.3522E-08 3.4672E-08 3.5646E-08 3.6540E-08 3.7334E-08 3.8079E-08 3.8845E-08 3.9634E-08 4.0538E-08 4.1458E-08 4.2424E-08 4.3454E-08 4.4460E-08 4.5421E-08 4.6292E-08
4.2670E-09 4.4675E-09 4.6779E-09 4.8963E-09 5.1249E-09 5.3625E-09 5.6119E-09 5.8753E-09 6.1493E-09 6.4396E-09 6.7489E-09 7.0712E-09 7.4259E-09 7.8027E-09 8.1992E-09 8.6319E-09 9.0833E-09 9.5698E-09 1.0099E-08 1.0646E-08 1.1246E-08 1.1877E-08 1.2549E-08 1.3289E-08 1.4049E-08 1.4878E-08 1.5756E-08 1.6670E-08 1.7661E-08 1.8680E-08 1.9781E-08 2.0913E-08 2.2094E-08 2.3287E-08 2.4497E-08 2.5771E-08 2.7032E-08 2.8309E-08 2.9594E-08 3.0852E-08 3.2084E-08 3.3293E-08 3.4526E-08 3.5755E-08 3.6948E-08 3.7946E-08 3.8833E-08 3.9677E-08 4.0553E-08 4.1482E-08 4.2562E-08 4.3697E-08 4.4950E-08 4.6328E-08 4.7753E-08 4.9219E-08 5.0632E-08
4.3327E-09 4.5379E-09 4.7520E-09 4.9753E-09 5.2091E-09 5.4515E-09 5.7071E-09 5.9767E-09 6.2573E-09 6.5544E-09 6.8702E-09 7.2007E-09 7.5641E-09 7.9496E-09 8.3566E-09 8.7977E-09 9.2614E-09 9.7588E-09 1.0297E-08 1.0858E-08 1.1469E-08 1.2116E-08 1.2804E-08 1.3558E-08 1.4336E-08 1.5183E-08 1.6081E-08 1.7017E-08 1.8030E-08 1.9071E-08 2.0194E-08 2.1348E-08 2.2563E-08 2.3795E-08 2.5043E-08 2.6351E-08 2.7654E-08 2.8971E-08 3.0296E-08 3.1603E-08 3.2873E-08 3.4120E-08 3.5306E-08 3.6506E-08 3.7742E-08 3.8938E-08 3.9964E-08 4.0869E-08 4.1848E-08 4.2876E-08 4.4091E-08 4.5409E-08 4.6899E-08 4.8564E-08 5.0367E-08 5.2282E-08 5.4218E-08
4.3925E-09 4.6015E-09 4.8192E-09 5.0472E-09 5.2851E-09 5.5324E-09 5.7934E-09 6.0683E-09 6.3551E-09 6.6580E-09 6.9801E-09 7.3168E-09 7.6878E-09 8.0800E-09 8.4953E-09 8.9433E-09 9.4163E-09 9.9223E-09 1.0467E-08 1.1039E-08 1.1658E-08 1.2317E-08 1.3015E-08 1.3780E-08 1.4569E-08 1.5428E-08 1.6339E-08 1.7290E-08 1.8317E-08 1.9374E-08 2.0509E-08 2.1673E-08 2.2905E-08 2.4162E-08 2.5438E-08 2.6766E-08 2.8097E-08 2.9440E-08 3.0788E-08 3.2122E-08 3.3415E-08 3.4677E-08 3.5888E-08 3.7040E-08 3.8177E-08 3.9398E-08 4.0560E-08 4.1627E-08 4.2667E-08 4.3754E-08 4.5046E-08 4.6492E-08 4.8149E-08 5.0029E-08 5.2119E-08 5.4401E-08 5.6745E-08
4.4459E-09 4.6582E-09 4.8795E-09 5.1110E-09 5.3529E-09 5.6045E-09 5.8699E-09 6.1498E-09 6.4418E-09 6.7502E-09 7.0767E-09 7.4181E-09 7.7950E-09 8.1927E-09 8.6141E-09 9.0671E-09 9.5466E-09 1.0059E-08 1.0608E-08 1.1187E-08 1.1811E-08 1.2476E-08 1.3180E-08 1.3950E-08 1.4746E-08 1.5611E-08 1.6528E-08 1.7485E-08 1.8518E-08 1.9581E-08 2.0721E-08 2.1885E-08 2.3117E-08 2.4382E-08 2.5674E-08 2.7012E-08 2.8353E-08 2.9707E-08 3.1058E-08 3.2399E-08 3.3698E-08 3.4952E-08 3.6163E-08 3.7316E-08 3.8412E-08 3.9456E-08 4.0610E-08 4.1735E-08 4.2970E-08 4.4069E-08 4.5383E-08 4.6878E-08 4.8618E-08 5.0621E-08 5.2872E-08 5.5402E-08 5.8017E-08
4.4925E-09 4.7078E-09 4.9321E-09 5.1665E-09 5.4121E-09 5.6671E-09 5.9364E-09 6.2203E-09 6.5168E-09 6.8292E-09 7.1602E-09 7.5055E-09 7.8858E-09 8.2867E-09 8.7116E-09 9.1679E-09 9.6509E-09 1.0166E-08 1.0718E-08 1.1300E-08 1.1925E-08 1.2593E-08 1.3298E-08 1.4068E-08 1.4864E-08 1.5728E-08 1.6645E-08 1.7599E-08 1.8630E-08 1.9689E-08 2.0823E-08 2.1981E-08 2.3199E-08 2.4454E-08 2.5744E-08 2.7084E-08 2.8417E-08 2.9762E-08 3.1102E-08 3.2426E-08 3.3713E-08 3.4938E-08 3.6122E-08 3.7252E-08 3.8318E-08 3.9323E-08 4.0285E-08 4.1315E-08 4.2519E-08 4.3762E-08 4.5082E-08 4.6542E-08 4.8267E-08 5.0292E-08 5.2584E-08 5.5189E-08 5.7933E-08
