Assets/Resources/2015_m01_d13_0300(utc+0800)_l00_csi_1hr_conc.grd
DSAA
         159         159
     -79.000      79.000
     -79.000      79.000
  0.0000E+00  0.4315E-05
[rows 50 to 74 of 159, columns 0 to 56 of 159]
2.0179E-09 2.1293E-09 2.2457E-09 2.3692E-09 2.4908E-09 2.6138E-09 2.7451E-09 2.8728E-09 2.9999E-09 3.1279E-09 3.2574E-09 3.3761E-09 3.4942E-09 3.6093E-09 3.7159E-09 3.8173E-09 3.9148E-09 4.0035E-09 4.0821E-09 4.1533E-09 4.2095E-09 4.2529E-09 4.2851E-09 4.3008E-09 4.2998E-09 4.2820E-09 4.2432E-09 4.1878E-09 4.1109E-09 4.0161E-09 3.9078E-09 3.7846E-09 3.6439E-09 3.4884E-09 3.3212E-09 3.1430E-09 2.9548E-09 2.7623E-09 2.5658E-09 2.3659E-09 2.1670E-09 1.9678E-09 1.7721E-09 1.5854E-09 1.4018E-09 1.2267E-09 1.0668E-09 9.1734E-10 7.7896E-10 6.5292E-10 5.4027E-10 4.2980E-10 3.2005E-10 2.3978E-10 1.7555E-10 1.2047E-10 4.4092E-11
2.2390E-09 2.3683E-09 2.5045E-09 2.6423E-09 2.7816E-09 2.9264E-09 3.0743E-09 3.2202E-09 3.3661E-09 3.5189E-09 3.6625E-09 3.8035E-09 3.9445E-09 4.0760E-09 4.2017E-09 4.3221E-09 4.4370E-09 4.5444E-09 4.6430E-09 4.7286E-09 4.8013E-09 4.8629E-09 4.9097E-09 4.9372E-09 4.9490E-09 4.9396E-09 4.9089E-09 4.8543E-09 4.7803E-09 4.6861E-09 4.5685E-09 4.4310E-09 4.2781E-09 4.1044E-09 3.9152E-09 3.7112E-09 3.4969E-09 3.2770E-09 3.0496E-09 2.8181E-09 2.5861E-09 2.3526E-09 2.1234E-09 1.9036E-09 1.6910E-09 1.4820E-09 1.2864E-09 1.1090E-09 9.4508E-10 7.9461E-10 6.5914E-10 5.3835E-10 4.1086E-10 3.0336E-10 2.2835E-10 1.6347E-10 1.0751E-10
2.4714E-09 2.6190E-09 2.7738E-09 2.9290E-09 3.0879E-09 3.2555E-09 3.4210E-09 3.5869E-09 3.7592E-09 3.9298E-09 4.0937E-09 4.2611E-09 4.4216E-09 4.5749E-09 4.7220E-09 4.8651E-09 4.9996E-09 5.1280E-09 5.2456E-09 5.3506E-09 5.4451E-09 5.5250E-09 5.5864E-09 5.6325E-09 5.6591E-09 5.6606E-09 5.6391E-09 5.5932E-09 5.5212E-09 5.4221E-09 5.3015E-09 5.1539E-09 4.9827E-09 4.7901E-09 4.5850E-09 4.3568E-09 4.1119E-09 3.8550E-09 3.5932E-09 3.3279E-09 3.0587E-09 2.7903E-09 2.5256E-09 2.2663E-09 2.0182E-09 1.7790E-09 1.5466E-09 1.3323E-09 1.1377E-09 9.5921E-10 7.9766E-10 6.5496E-10 5.2028E-10 3.8821E-10 2.8713E-10 2.1192E-10 1.4650E-10
2.7133E-09 2.8816E-09 3.0523E-09 3.2271E-09 3.4104E-09 3.5962E-09 3.7837E-09 3.9734E-09 4.1706E-09 4.3599E-09 4.5514E-09 4.7424E-09 4.9252E-09 5.1027E-09 5.2761E-09 5.4406E-09 5.6007E-09 5.7501E-09 5.8894E-09 6.0193E-09 6.1357E-09 6.2340E-09 6.3181E-09 6.3832E-09 6.4247E-09 6.4439E-09 6.4360E-09 6.3969E-09 6.3297E-09 6.2318E-09 6.1032E-09 5.9488E-09 5.7673E-09 5.5564E-09 5.3220E-09 5.0680E-09 4.7960E-09 4.5054E-09 4.2055E-09 3.8995E-09 3.5913E-09 3.2848E-09 2.9832E-09 2.6833E-09 2.3923E-09 2.1164E-09 1.8488E-09 1.5937E-09 1.3620E-09 1.1519E-09 9.6088E-10 7.8958E-10 6.3751E-10 4.8758E-10 3.6054E-10 2.6561E-10 1.9559E-10
2.9638E-09 3.1498E-09 3.3395E-09 3.5360E-09 3.7412E-09 3.9482E-09 4.1571E-09 4.3750E-09 4.5934E-09 4.8090E-09 5.0289E-09 5.2429E-09 5.4518E-09 5.6567E-09 5.8558E-09 6.0487E-09 6.2317E-09 6.4064E-09 6.5729E-09 6.7281E-09 6.8661E-09 6.9906E-09 7.0981E-09 7.1827E-09 7.2472E-09 7.2849E-09 7.2895E-09 7.2643E-09 7.2022E-09 7.1067E-09 6.9791E-09 6.8152E-09 6.6171E-09 6.3914E-09 6.1346E-09 5.8517E-09 5.5469E-09 5.2264E-09 4.8915E-09 4.5458E-09 4.1945E-09 3.8442E-09 3.4992E-09 3.1575E-09 2.8210E-09 2.4993E-09 2.1939E-09 1.8985E-09 1.6223E-09 1.3740E-09 1.1494E-09 9.4753E-10 7.7047E-10 6.0351E-10 4.4645E-10 3.2990E-10 2.3514E-10
3.2183E-09 3.4225E-09 3.6323E-09 3.8513E-09 4.0775E-09 4.3066E-09 4.5410E-09 4.7843E-09 5.0268E-09 5.2723E-09 5.5190E-09 5.7595E-09 5.9965E-09 6.2308E-09 6.4583E-09 6.6785E-09 6.8896E-09 7.0940E-09 7.2885E-09 7.4681E-09 7.6346E-09 7.7867E-09 7.9178E-09 8.0300E-09 8.1179E-09 8.1740E-09 8.1995E-09 8.1853E-09 8.1353E-09 8.0462E-09 7.9142E-09 7.7456E-09 7.5375E-09 7.2919E-09 7.0125E-09 6.7111E-09 6.3762E-09 6.0186E-09 5.6410E-09 5.2546E-09 4.8622E-09 4.4679E-09 4.0786E-09 3.6924E-09 3.3089E-09 2.9368E-09 2.5844E-09 2.2481E-09 1.9258E-09 1.6309E-09 1.3676E-09 1.1291E-09 9.1678E-10 7.3278E-10 5.5004E-10 4.0089E-10 2.9266E-10
3.4753E-09 3.6985E-09 3.9290E-09 4.1693E-09 4.4173E-09 4.6683E-09 4.9300E-09 5.1968E-09 5.4673E-09 5.7425E-09 6.0160E-09 6.2864E-09 6.5538E-09 6.8185E-09 7.0756E-09 7.3252E-09 7.5673E-09 7.8041E-09 8.0261E-09 8.2357E-09 8.4332E-09 8.6117E-09 8.7731E-09 8.9133E-09 9.0259E-09 9.1085E-09 9.1519E-09 9.1567E-09 9.1194E-09 9.0335E-09 8.9058E-09 8.7322E-09 8.5139E-09 8.2613E-09 7.9642E-09 7.6302E-09 7.2667E-09 6.8781E-09 6.4657E-09 6.0371E-09 5.5987E-09 5.1636E-09 4.7274E-09 4.2913E-09 3.8604E-09 3.4364E-09 3.0314E-09 2.6463E-09 2.2788E-09 1.9352E-09 1.6237E-09 1.3450E-09 1.0930E-09 8.6593E-10 6.6551E-10 4.8825E-10 3.5318E-10
3.7320E-09 3.9747E-09 4.2255E-09 4.4860E-09 4.7562E-09 5.0307E-09 5.3178E-09 5.6090E-09 5.9095E-09 6.2116E-09 6.5154E-09 6.8150E-09 7.1160E-09 7.4119E-09 7.7003E-09 7.9810E-09 8.2579E-09 8.5236E-09 8.7780E-09 9.0226E-09 9.2497E-09 9.4608E-09 9.6520E-09 9.8220E-09 9.9659E-09 1.0073E-08 1.0140E-08 1.0165E-08 1.0138E-08 1.0065E-08 9.9393E-09 9.7690E-09 9.5491E-09 9.2803E-09 8.9694E-09 8.6129E-09 8.2253E-09 7.8024E-09 7.3574E-09 6.8868E-09 6.4080E-09 5.9272E-09 5.4409E-09 4.9548E-09 4.4725E-09 3.9946E-09 3.5328E-09 3.0942E-09 2.6768E-09 2.2801E-09 1.9177E-09 1.5930E-09 1.3013E-09 1.0294E-09 7.9510E-10 5.8563E-10 4.2813E-10
3.9879E-09 4.2486E-09 4.5190E-09 4.8004E-09 5.0906E-09 5.3898E-09 5.7006E-09 6.0170E-09 6.3457E-09 6.6754E-09 7.0084E-09 7.3400E-09 7.6737E-09 8.0011E-09 8.3227E-09 8.6381E-09 8.9488E-09 9.2462E-09 9.5360E-09 9.8139E-09 1.0076E-08 1.0318E-08 1.0545E-08 1.0748E-08 1.0921E-08 1.1056E-08 1.1150E-08 1.1193E-08 1.1184E-08 1.1123E-08 1.1008E-08 1.0840E-08 1.0618E-08 1.0346E-08 1.0022E-08 9.6491E-09 9.2379E-09 8.7861E-09 8.3097E-09 7.8044E-09 7.2838E-09 6.7566E-09 6.2258E-09 5.6878E-09 5.1514E-09 4.6200E-09 4.0987E-09 3.6010E-09 3.1266E-09 2.6769E-09 2.2578E-09 1.8796E-09 1.5369E-09 1.2275E-09 9.5889E-10 6.9753E-10 5.0970E-10
4.2380E-09 4.5181E-09 4.8059E-09 5.1074E-09 5.4185E-09 5.7410E-09 6.0737E-09 6.4168E-09 6.7703E-09 7.1272E-09 7.4895E-09 7.8518E-09 8.2192E-09 8.5786E-09 8.9344E-09 9.2872E-09 9.6297E-09 9.9605E-09 1.0288E-08 1.0600E-08 1.0894E-08 1.1175E-08 1.1437E-08 1.1674E-08 1.1878E-08 1.2044E-08 1.2163E-08 1.2230E-08 1.2241E-08 1.2193E-08 1.2092E-08 1.1934E-08 1.1720E-08 1.1441E-08 1.1108E-08 1.0726E-08 1.0297E-08 9.8270E-09 9.3171E-09 8.7779E-09 8.2222E-09 7.6575E-09 7.0765E-09 6.4883E-09 5.8984E-09 5.3115E-09 4.7305E-09 4.1701E-09 3.6353E-09 3.1271E-09 2.6444E-09 2.2030E-09 1.8085E-09 1.4550E-09 1.1464E-09 8.4973E-10 6.1171E-10
4.4815E-09 4.7783E-09 5.0838E-09 5.4040E-09 5.7356E-09 6.0793E-09 6.4338E-09 6.8012E-09 7.1784E-09 7.5609E-09 7.9517E-09 8.3441E-09 8.7429E-09 9.1338E-09 9.5274E-09 9.9126E-09 1.0288E-08 1.0658E-08 1.1019E-08 1.1365E-08 1.1696E-08 1.2013E-08 1.2313E-08 1.2585E-08 1.2821E-08 1.3016E-08 1.3163E-08 1.3256E-08 1.3285E-08 1.3260E-08 1.3176E-08 1.3034E-08 1.2824E-08 1.2550E-08 1.2223E-08 1.1836E-08 1.1391E-08 1.0899E-08 1.0371E-08 9.8105E-09 9.2243E-09 8.6170E-09 7.9920E-09 7.3600E-09 6.7157E-09 6.0731E-09 5.4328E-09 4.8064E-09 4.2065E-09 3.6318E-09 3.0851E-09 2.5777E-09 2.1232E-09 1.7179E-09 1.3599E-09 1.0275E-09 7.4569E-10
4.7140E-09 5.0271E-09 5.3501E-09 5.6864E-09 6.0390E-09 6.4014E-09 6.7759E-09 7.1652E-09 7.5641E-09 7.9710E-09 8.3872E-09 8.8092E-09 9.2349E-09 9.6602E-09 1.0084E-08 1.0507E-08 1.0914E-08 1.1324E-08 1.1718E-08 1.2097E-08 1.2466E-08 1.2821E-08 1.3157E-08 1.3462E-08 1.3733E-08 1.3959E-08 1.4133E-08 1.4247E-08 1.4305E-08 1.4302E-08 1.4242E-08 1.4112E-08 1.3918E-08 1.3662E-08 1.3339E-08 1.2949E-08 1.2505E-08 1.2009E-08 1.1466E-08 1.0882E-08 1.0269E-08 9.6332E-09 8.9767E-09 8.2962E-09 7.6052E-09 6.9079E-09 6.2074E-09 5.5166E-09 4.8489E-09 4.2049E-09 3.5909E-09 3.0127E-09 2.4882E-09 2.0197E-09 1.6084E-09 1.2412E-09 9.0706E-10
4.9335E-09 5.2615E-09 5.5997E-09 5.9534E-09 6.3236E-09 6.7035E-09 7.0955E-09 7.5045E-09 7.9224E-09 8.3514E-09 8.7917E-09 9.2372E-09 9.6894E-09 1.0144E-08 1.0602E-08 1.1053E-08 1.1500E-08 1.1942E-08 1.2369E-08 1.2782E-08 1.3189E-08 1.3582E-08 1.3952E-08 1.4292E-08 1.4596E-08 1.4852E-08 1.5050E-08 1.5192E-08 1.5275E-08 1.5303E-08 1.5264E-08 1.5157E-08 1.4991E-08 1.4748E-08 1.4436E-08 1.4061E-08 1.3627E-08 1.3126E-08 1.2573E-08 1.1985E-08 1.1363E-08 1.0704E-08 1.0014E-08 9.2972E-09 8.5659E-09 7.8155E-09 7.0628E-09 6.3072E-09 5.5672E-09 4.8501E-09 4.1623E-09 3.5089E-09 2.9109E-09 2.3745E-09 1.8998E-09 1.4836E-09 1.0990E-09
5.1366E-09 5.4776E-09 5.8307E-09 6.1999E-09 6.5866E-09 6.9802E-09 7.3892E-09 7.8128E-09 8.2493E-09 8.6963E-09 9.1582E-09 9.6240E-09 1.0099E-08 1.0582E-08 1.1065E-08 1.1548E-08 1.2027E-08 1.2502E-08 1.2960E-08 1.3409E-08 1.3849E-08 1.4276E-08 1.4680E-08 1.5056E-08 1.5390E-08 1.5674E-08 1.5901E-08 1.6068E-08 1.6182E-08 1.6235E-08 1.6222E-08 1.6154E-08 1.6005E-08 1.5786E-08 1.5504E-08 1.5151E-08 1.4724E-08 1.4232E-08 1.3696E-08 1.3111E-08 1.2482E-08 1.1807E-08 1.1102E-08 1.0365E-08 9.5936E-09 8.8033E-09 7.9969E-09 7.1812E-09 6.3759E-09 5.5867E-09 4.8206E-09 4.0883E-09 3.4077E-09 2.7951E-09 2.2486E-09 1.7638E-09 1.3321E-09
5.3205E-09 5.6735E-09 6.0400E-09 6.4229E-09 6.8232E-09 7.2293E-09 7.6510E-09 8.0884E-09 8.5385E-09 9.0020E-09 9.4805E-09 9.9641E-09 1.0459E-08 1.0964E-08 1.1469E-08 1.1976E-08 1.2488E-08 1.2991E-08 1.3480E-08 1.3963E-08 1.4436E-08 1.4892E-08 1.5328E-08 1.5734E-08 1.6098E-08 1.6406E-08 1.6659E-08 1.6861E-08 1.6999E-08 1.7078E-08 1.7110E-08 1.7063E-08 1.6944E-08 1.6766E-08 1.6513E-08 1.6183E-08 1.5784E-08 1.5323E-08 1.4802E-08 1.4229E-08 1.3612E-08 1.2948E-08 1.2236E-08 1.1483E-08 1.0687E-08 9.8660E-09 9.0175E-09 8.1547E-09 7.2792E-09 6.4146E-09 5.5674E-09 4.7512E-09 3.9824E-09 3.2847E-09 2.6567E-09 2.1024E-09 1.6159E-09
5.4828E-09 5.8470E-09 6.2245E-09 6.6191E-09 7.0299E-09 7.4459E-09 7.8780E-09 8.3265E-09 8.7876E-09 9.2636E-09 9.7549E-09 1.0249E-08 1.0763E-08 1.1282E-08 1.1808E-08 1.2336E-08 1.2875E-08 1.3397E-08 1.3918E-08 1.4430E-08 1.4934E-08 1.5417E-08 1.5881E-08 1.6316E-08 1.6702E-08 1.7034E-08 1.7318E-08 1.7539E-08 1.7706E-08 1.7827E-08 1.7885E-08 1.7870E-08 1.7795E-08 1.7655E-08 1.7435E-08 1.7146E-08 1.6792E-08 1.6363E-08 1.5870E-08 1.5332E-08 1.4748E-08 1.4105E-08 1.3402E-08 1.2655E-08 1.1861E-08 1.1022E-08 1.0144E-08 9.2303E-09 8.2947E-09 7.3618E-09 6.4320E-09 5.5274E-09 4.6547E-09 3.8614E-09 3.1434E-09 2.5120E-09 1.9523E-09
5.6222E-09 5.9958E-09 6.3819E-09 6.7851E-09 7.2040E-09 7.6265E-09 8.0678E-09 8.5228E-09 8.9933E-09 9.4764E-09 9.9771E-09 1.0480E-08 1.1006E-08 1.1536E-08 1.2074E-08 1.2621E-08 1.3172E-08 1.3719E-08 1.4258E-08 1.4802E-08 1.5327E-08 1.5838E-08 1.6327E-08 1.6781E-08 1.7188E-08 1.7548E-08 1.7849E-08 1.8093E-08 1.8295E-08 1.8449E-08 1.8535E-08 1.8559E-08 1.8532E-08 1.8426E-08 1.8253E-08 1.8023E-08 1.7709E-08 1.7327E-08 1.6893E-08 1.6408E-08 1.5859E-08 1.5249E-08 1.4589E-08 1.3865E-08 1.3085E-08 1.2251E-08 1.1364E-08 1.0422E-08 9.4340E-09 8.4278E-09 7.4164E-09 6.4213E-09 5.4579E-09 4.5445E-09 3.7192E-09 2.9965E-09 2.3511E-09
5.7371E-09 6.1174E-09 6.5097E-09 6.9185E-09 7.3421E-09 7.7698E-09 8.2160E-09 8.6773E-09 9.1506E-09 9.6406E-09 1.0143E-08 1.0653E-08 1.1183E-08 1.1720E-08 1.2262E-08 1.2822E-08 1.3385E-08 1.3942E-08 1.4505E-08 1.5062E-08 1.5611E-08 1.6143E-08 1.6653E-08 1.7121E-08 1.7545E-08 1.7926E-08 1.8243E-08 1.8511E-08 1.8746E-08 1.8924E-08 1.9043E-08 1.9118E-08 1.9123E-08 1.9064E-08 1.8958E-08 1.8772E-08 1.8517E-08 1.8210E-08 1.7840E-08 1.7410E-08 1.6923E-08 1.6387E-08 1.5770E-08 1.5094E-08 1.4358E-08 1.3561E-08 1.2676E-08 1.1723E-08 1.0700E-08 9.6420E-09 8.5578E-09 7.4766E-09 6.4102E-09 5.4052E-09 4.4597E-09 3.6241E-09 2.8416E-09
5.8261E-09 6.2108E-09 6.6059E-09 7.0167E-09 7.4423E-09 7.8728E-09 8.3218E-09 8.7848E-09 9.2600E-09 9.7497E-09 1.0253E-08 1.0762E-08 1.1293E-08 1.1830E-08 1.2376E-08 1.2939E-08 1.3505E-08 1.4070E-08 1.4645E-08 1.5216E-08 1.5777E-08 1.6326E-08 1.6849E-08 1.7329E-08 1.7765E-08 1.8156E-08 1.8491E-08 1.8786E-08 1.9041E-08 1.9245E-08 1.9404E-08 1.9511E-08 1.9559E-08 1.9562E-08 1.9506E-08 1.9381E-08 1.9206E-08 1.8973E-08 1.8675E-08 1.8326E-08 1.7934E-08 1.7466E-08 1.6932E-08 1.6349E-08 1.5679E-08 1.4916E-08 1.4057E-08 1.3123E-08 1.2087E-08 1.0992E-08 9.8583E-09 8.7033E-09 7.5513E-09 6.4419E-09 5.4020E-09 4.4361E-09 3.5441E-09
5.8878E-09 6.2741E-09 6.6693E-09 7.0790E-09 7.5039E-09 7.9345E-09 8.3830E-09 8.8448E-09 9.3180E-09 9.8050E-09 1.0303E-08 1.0810E-08 1.1336E-08 1.1869E-08 1.2411E-08 1.2972E-08 1.3533E-08 1.4100E-08 1.4679E-08 1.5256E-08 1.5823E-08 1.6383E-08 1.6910E-08 1.7398E-08 1.7843E-08 1.8236E-08 1.8583E-08 1.8902E-08 1.9174E-08 1.9402E-08 1.9594E-08 1.9734E-08 1.9830E-08 1.9889E-08 1.9887E-08 1.9837E-08 1.9748E-08 1.9589E-08 1.9384E-08 1.9145E-08 1.8841E-08 1.8481E-08 1.8077E-08 1.7586E-08 1.6999E-08 1.6320E-08 1.5519E-08 1.4605E-08 1.3575E-08 1.2493E-08 1.1322E-08 1.0111E-08 8.8861E-09 7.6833E-09 6.5462E-09 5.4573E-09 4.4310E-09
5.9217E-09 6.3061E-09 6.6979E-09 7.1043E-09 7.5265E-09 7.9541E-09 8.3988E-09 8.8566E-09 9.3240E-09 9.8055E-09 1.0295E-08 1.0794E-08 1.1311E-08 1.1835E-08 1.2368E-08 1.2918E-08 1.3471E-08 1.4032E-08 1.4608E-08 1.5181E-08 1.5751E-08 1.6307E-08 1.6836E-08 1.7321E-08 1.7773E-08 1.8166E-08 1.8522E-08 1.8851E-08 1.9138E-08 1.9392E-08 1.9606E-08 1.9779E-08 1.9928E-08 2.0032E-08 2.0091E-08 2.0129E-08 2.0109E-08 2.0043E-08 1.9957E-08 1.9816E-08 1.9635E-08 1.9427E-08 1.9145E-08 1.8774E-08 1.8315E-08 1.7730E-08 1.7008E-08 1.6174E-08 1.5198E-08 1.4116E-08 1.2941E-08 1.1710E-08 1.0422E-08 9.1389E-09 7.9026E-09 6.6950E-09 5.5371E-09
5.9273E-09 6.3068E-09 6.6928E-09 7.0936E-09 7.5101E-09 7.9319E-09 8.3694E-09 8.8200E-09 9.2792E-09 9.7500E-09 1.0231E-08 1.0715E-08 1.1221E-08 1.1726E-08 1.2248E-08 1.2782E-08 1.3322E-08 1.3872E-08 1.4434E-08 1.4997E-08 1.5556E-08 1.6108E-08 1.6623E-08 1.7106E-08 1.7549E-08 1.7944E-08 1.8306E-08 1.8638E-08 1.8935E-08 1.9206E-08 1.9440E-08 1.9648E-08 1.9836E-08 1.9985E-08 2.0119E-08 2.0221E-08 2.0283E-08 2.0328E-08 2.0345E-08 2.0333E-08 2.0309E-08 2.0245E-08 2.0106E-08 1.9894E-08 1.9567E-08 1.9110E-08 1.8524E-08 1.7783E-08 1.6886E-08 1.5881E-08 1.4729E-08 1.3474E-08 1.2169E-08 1.0842E-08 9.5092E-09 8.1945E-09 6.9450E-09
5.9039E-09 6.2754E-09 6.6540E-09 7.0474E-09 7.4555E-09 7.8687E-09 8.2959E-09 8.7357E-09 9.1836E-09 9.6406E-09 1.0108E-08 1.0577E-08 1.1065E-08 1.1554E-08 1.2054E-08 1.2568E-08 1.3088E-08 1.3621E-08 1.4165E-08 1.4709E-08 1.5251E-08 1.5784E-08 1.6285E-08 1.6753E-08 1.7185E-08 1.7574E-08 1.7936E-08 1.8267E-08 1.8569E-08 1.8847E-08 1.9098E-08 1.9338E-08 1.9555E-08 1.9753E-08 1.9947E-08 2.0115E-08 2.0264E-08 2.0414E-08 2.0547E-08 2.0685E-08 2.0817E-08 2.0902E-08 2.0938E-08 2.0884E-08 2.0719E-08 2.0438E-08 1.9995E-08 1.9395E-08 1.8641E-08 1.7716E-08 1.6621E-08 1.5429E-08 1.4131E-08 1.2777E-08 1.1415E-08 1.0037E-08 8.6628E-09
5.8522E-09 6.2138E-09 6.5833E-09 6.9668E-09 7.3639E-09 7.7660E-09 8.1800E-09 8.6060E-09 9.0394E-09 9.4812E-09 9.9308E-09 1.0382E-08 1.0849E-08 1.1315E-08 1.1793E-08 1.2280E-08 1.2776E-08 1.3284E-08 1.3805E-08 1.4322E-08 1.4840E-08 1.5347E-08 1.5826E-08 1.6275E-08 1.6688E-08 1.7065E-08 1.7420E-08 1.7745E-08 1.8046E-08 1.8327E-08 1.8591E-08 1.8849E-08 1.9092E-08 1.9337E-08 1.9578E-08 1.9808E-08 2.0048E-08 2.0296E-08 2.0559E-08 2.0847E-08 2.1121E-08 2.1376E-08 2.1582E-08 2.1704E-08 2.1734E-08 2.1638E-08 2.1381E-08 2.0975E-08 2.0368E-08 1.9569E-08 1.8617E-08 1.7512E-08 1.6278E-08 1.4982E-08 1.3617E-08 1.2209E-08 1.0804E-08
5.7728E-09 6.1236E-09 6.4819E-09 6.8535E-09 7.2368E-09 7.6255E-09 8.0243E-09 8.4337E-09 8.8498E-09 9.2734E-09 9.7030E-09 1.0133E-08 1.0576E-08 1.1017E-08 1.1468E-08 1.1927E-08 1.2394E-08 1.2872E-08 1.3361E-08 1.3848E-08 1.4334E-08 1.4809E-08 1.5256E-08 1.5681E-08 1.6070E-08 1.6433E-08 1.6771E-08 1.7085E-08 1.7378E-08 1.7656E-08 1.7927E-08 1.8195E-08 1.8461E-08 1.8738E-08 1.9018E-08 1.9308E-08 1.9629E-08 1.9979E-08 2.0368E-08 2.0785E-08 2.1206E-08 2.1627E-08 2.2003E-08 2.2316E-08 2.2552E-08 2.2662E-08 2.2627E-08 2.2422E-08 2.1997E-08 2.1403E-08 2.0627E-08 1.9673E-08 1.8590E-08 1.7393E-08 1.6102E-08 1.4767E-08 1.3390E-08
