Assets/Resources/2015_m01_d19_0700(utc+0800)_l00_csi_1hr_conc.grd
DSAA
         159         159
     -79.000      79.000
     -79.000      79.000
  0.0000E+00  0.1757E-04
[rows 75 to 99 of 159, columns 57 to 113 of 159]
0.0000E+00 0.0000E+00 0.0000E+00 0.0000E+00 0.0000E+00 8.8614E-12 4.8837E-11 1.0983E-10 1.6784E-10 2.6250E-10 3.9660E-10 5.8965E-10 8.3534E-10 1.1742E-09 1.7028E-09 3.8057E-09 1.4854E-08 4.7904E-08 1.5282E-07 4.1824E-07 9.3667E-07 1.6553E-06 3.5537E-06 1.8809E-06 1.2896E-06 6.7892E-07 2.9749E-07 1.1664E-07 4.6123E-08 2.1452E-08 1.5290E-08 1.4446E-08 1.4111E-08 1.3837E-08 1.3641E-08 1.3534E-08 1.3513E-08 1.3571E-08 1.3686E-08 1.3868E-08 1.4134E-08 1.4447E-08 1.4803E-08 1.5195E-08 1.5611E-08 1.6029E-08 1.6444E-08 1.6866E-08 1.7259E-08 1.7608E-08 1.7927E-08 1.8180E-08 1.8351E-08 1.8460E-08 1.8495E-08 1.8471E-08 1.8422E-08
0.0000E+00 0.0000E+00 0.0000E+00 0.0000E+00 0.0000E+00 7.1219E-13 2.6374E-11 8.5435E-11 1.4414E-10 2.0976E-10 3.2868E-10 4.9473E-10 7.0488E-10 9.9533E-10 1.3651E-09 2.4601E-09 9.3772E-09 2.8970E-08 1.0795E-07 3.5502E-07 9.2937E-07 1.8109E-06 5.0318E-06 2.2631E-06 1.4826E-06 7.2279E-07 2.7566E-07 1.0077E-07 3.5890E-08 1.6543E-08 1.2994E-08 1.2593E-08 1.2310E-08 1.2071E-08 1.1898E-08 1.1804E-08 1.1786E-08 1.1836E-08 1.1935E-08 1.2123E-08 1.2372E-08 1.2666E-08 1.3002E-08 1.3372E-08 1.3767E-08 1.4159E-08 1.4573E-08 1.4986E-08 1.5368E-08 1.5731E-08 1.6059E-08 1.6323E-08 1.6530E-08 1.6671E-08 1.6746E-08 1.6785E-08 1.6786E-08
0.0000E+00 0.0000E+00 0.0000E+00 0.0000E+00 0.0000E+00 0.0000E+00 7.5380E-12 5.6014E-11 1.1967E-10 1.7310E-10 2.6444E-10 4.0171E-10 5.8565E-10 8.2026E-10 1.1346E-09 1.5749E-09 4.0882E-09 1.7857E-08 6.4714E-08 2.7277E-07 8.7022E-07 1.9836E-06 8.0221E-06 2.7231E-06 1.6897E-06 7.4862E-07 2.5884E-07 8.2635E-08 2.4413E-08 1.2754E-08 1.1017E-08 1.0782E-08 1.0559E-08 1.0371E-08 1.0232E-08 1.0157E-08 1.0147E-08 1.0200E-08 1.0298E-08 1.0486E-08 1.0720E-08 1.0998E-08 1.1315E-08 1.1664E-08 1.2036E-08 1.2410E-08 1.2814E-08 1.3213E-08 1.3587E-08 1.3957E-08 1.4287E-08 1.4559E-08 1.4790E-08 1.4960E-08 1.5075E-08 1.5163E-08 1.5209E-08
0.0000E+00 0.0000E+00 0.0000E+00 0.0000E+00 0.0000E+00 0.0000E+00 0.0000E+00 2.5276E-11 8.8583E-11 1.4377E-10 2.0432E-10 3.2235E-10 4.7093E-10 6.6434E-10 9.2159E-10 1.2442E-09 2.0694E-09 1.0099E-08 3.5675E-08 1.7874E-07 7.1672E-07 1.9726E-06 1.7573E-05 3.0164E-06 1.7865E-06 7.3324E-07 2.2980E-07 6.1949E-08 1.6012E-08 9.5815E-09 9.2160E-09 9.0575E-09 8.9031E-09 8.7703E-09 8.6703E-09 8.6175E-09 8.6246E-09 8.6789E-09 8.7956E-09 8.9755E-09 9.1974E-09 9.4595E-09 9.7583E-09 1.0086E-08 1.0430E-08 1.0797E-08 1.1183E-08 1.1563E-08 1.1937E-08 1.2299E-08 1.2627E-08 1.2912E-08 1.3155E-08 1.3345E-08 1.3495E-08 1.3618E-08 1.3706E-08
0.0000E+00 0.0000E+00 0.0000E+00 0.0000E+00 0.0000E+00 0.0000E+00 0.0000E+00 4.8525E-12 5.2309E-11 1.1335E-10 1.6515E-10 2.4557E-10 3.6529E-10 5.2597E-10 7.2753E-10 9.8983E-10 1.3143E-09 4.0061E-09 1.9332E-08 7.8152E-08 2.8769E-07 7.9715E-07 1.5323E-06 1.9679E-06 1.4268E-06 6.2458E-07 1.8530E-07 4.1323E-08 1.0436E-08 7.6298E-09 7.5514E-09 7.4640E-09 7.3733E-09 7.2928E-09 7.2358E-09 7.2125E-09 7.2348E-09 7.2981E-09 7.4306E-09 7.6033E-09 7.8145E-09 8.0619E-09 8.3414E-09 8.6473E-09 8.9679E-09 9.3224E-09 9.6871E-09 1.0048E-08 1.0417E-08 1.0769E-08 1.1088E-08 1.1381E-08 1.1630E-08 1.1835E-08 1.2014E-08 1.2162E-08 1.2284E-08
0.0000E+00 0.0000E+00 0.0000E+00 0.0000E+00 0.0000E+00 0.0000E+00 0.0000E+00 0.0000E+00 2.0176E-11 7.4291E-11 1.2953E-10 1.8411E-10 2.8061E-10 4.0278E-10 5.6201E-10 7.6585E-10 1.0171E-09 1.4945E-09 9.5470E-09 4.2488E-08 1.8290E-07 6.2949E-07 1.4205E-06 1.3836E-06 1.0545E-06 4.6514E-07 1.3032E-07 2.4168E-08 6.6586E-09 6.0412E-09 6.0534E-09 6.0285E-09 5.9922E-09 5.9612E-09 5.9477E-09 5.9526E-09 5.9875E-09 6.0721E-09 6.2093E-09 6.3766E-09 6.5769E-09 6.8085E-09 7.0691E-09 7.3528E-09 7.6568E-09 7.9910E-09 8.3334E-09 8.6790E-09 9.0327E-09 9.3704E-09 9.6834E-09 9.9739E-09 1.0225E-08 1.0442E-08 1.0638E-08 1.0806E-08 1.0947E-08
0.0000E+00 0.0000E+00 0.0000E+00 0.0000E+00 0.0000E+00 0.0000E+00 0.0000E+00 0.0000E+00 2.2828E-12 3.7114E-11 9.0018E-11 1.4149E-10 2.0593E-10 3.0030E-10 4.2391E-10 5.7646E-10 7.6999E-10 1.0001E-09 2.9873E-09 1.9403E-08 8.9665E-08 3.0314E-07 6.9277E-07 9.1113E-07 6.8789E-07 2.8989E-07 7.8634E-08 1.2253E-08 4.5009E-09 4.6196E-09 4.7277E-09 4.7665E-09 4.7814E-09 4.7914E-09 4.8113E-09 4.8434E-09 4.8948E-09 4.9965E-09 5.1315E-09 5.2952E-09 5.4829E-09 5.6999E-09 5.9418E-09 6.2024E-09 6.4930E-09 6.8020E-09 7.1193E-09 7.4515E-09 7.7853E-09 8.1049E-09 8.4114E-09 8.6921E-09 8.9403E-09 9.1651E-09 9.3647E-09 9.5435E-09 9.6969E-09
0.0000E+00 0.0000E+00 0.0000E+00 0.0000E+00 0.0000E+00 0.0000E+00 0.0000E+00 0.0000E+00 0.0000E+00 1.0883E-11 5.0066E-11 9.8904E-11 1.4874E-10 2.1857E-10 3.1022E-10 4.2650E-10 5.6771E-10 7.3987E-10 9.9853E-10 6.5863E-09 4.0337E-08 1.4058E-07 3.1869E-07 4.3976E-07 3.3986E-07 1.4696E-07 3.8344E-08 5.4108E-09 3.1917E-09 3.4118E-09 3.5635E-09 3.6749E-09 3.7412E-09 3.7840E-09 3.8294E-09 3.8809E-09 3.9570E-09 4.0612E-09 4.1932E-09 4.3516E-09 4.5296E-09 4.7307E-09 4.9518E-09 5.1967E-09 5.4673E-09 5.7490E-09 6.0477E-09 6.3595E-09 6.6688E-09 6.9714E-09 7.2630E-09 7.5283E-09 7.7709E-09 7.9960E-09 8.2014E-09 8.3857E-09 8.5453E-09
0.0000E+00 0.0000E+00 0.0000E+00 0.0000E+00 0.0000E+00 0.0000E+00 0.0000E+00 0.0000E+00 0.0000E+00 3.5472E-13 1.9622E-11 5.8585E-11 1.0242E-10 1.5121E-10 2.1916E-10 3.0618E-10 4.1038E-10 5.3448E-10 6.8009E-10 1.7960E-09 1.3989E-08 5.2887E-08 1.2411E-07 1.6761E-07 1.2709E-07 5.4569E-08 1.4417E-08 2.4407E-09 2.2417E-09 2.4254E-09 2.5988E-09 2.7369E-09 2.8466E-09 2.9255E-09 2.9944E-09 3.0691E-09 3.1564E-09 3.2585E-09 3.3869E-09 3.5359E-09 3.7053E-09 3.8910E-09 4.0943E-09 4.3237E-09 4.5698E-09 4.8280E-09 5.1053E-09 5.3892E-09 5.6736E-09 5.9590E-09 6.2331E-09 6.4859E-09 6.7222E-09 6.9436E-09 7.1478E-09 7.3301E-09 7.4899E-09
0.0000E+00 0.0000E+00 0.0000E+00 0.0000E+00 0.0000E+00 0.0000E+00 0.0000E+00 0.0000E+00 0.0000E+00 0.0000E+00 3.1516E-12 2.5406E-11 6.1843E-11 1.0131E-10 1.4710E-10 2.0852E-10 2.8638E-10 3.7746E-10 4.8147E-10 5.9863E-10 3.3788E-09 1.2970E-08 3.0740E-08 4.1656E-08 3.1539E-08 1.3693E-08 3.9954E-09 1.4984E-09 1.5625E-09 1.6771E-09 1.8329E-09 1.9697E-09 2.0957E-09 2.1986E-09 2.2907E-09 2.3851E-09 2.4771E-09 2.5777E-09 2.6957E-09 2.8381E-09 2.9982E-09 3.1674E-09 3.3580E-09 3.5678E-09 3.7899E-09 4.0265E-09 4.2780E-09 4.5393E-09 4.8029E-09 5.0678E-09 5.3229E-09 5.5615E-09 5.7854E-09 6.0005E-09 6.1967E-09 6.3734E-09 6.5319E-09
0.0000E+00 0.0000E+00 0.0000E+00 0.0000E+00 0.0000E+00 0.0000E+00 0.0000E+00 0.0000E+00 0.0000E+00 0.0000E+00 0.0000E+00 5.6369E-12 2.8213E-11 6.0853E-11 9.5820E-11 1.3647E-10 1.8860E-10 2.5505E-10 3.2970E-10 4.1338E-10 6.7590E-10 2.1110E-09 4.8736E-09 6.5945E-09 5.1197E-09 2.5021E-09 1.2032E-09 1.0550E-09 1.1073E-09 1.1566E-09 1.2347E-09 1.3647E-09 1.4834E-09 1.6045E-09 1.7053E-09 1.8036E-09 1.9019E-09 2.0039E-09 2.1141E-09 2.2457E-09 2.3918E-09 2.5535E-09 2.7298E-09 2.9167E-09 3.1204E-09 3.3371E-09 3.5633E-09 3.8016E-09 4.0445E-09 4.2874E-09 4.5231E-09 4.7440E-09 4.9555E-09 5.1581E-09 5.3436E-09 5.5126E-09 5.6672E-09
0.0000E+00 0.0000E+00 0.0000E+00 0.0000E+00 0.0000E+00 0.0000E+00 0.0000E+00 0.0000E+00 0.0000E+00 0.0000E+00 0.0000E+00 0.0000E+00 6.7168E-12 2.7385E-11 5.5892E-11 8.6372E-11 1.2042E-10 1.6233E-10 2.1436E-10 2.7332E-10 3.3711E-10 4.4445E-10 7.0194E-10 8.9608E-10 8.3802E-10 6.9831E-10 6.9218E-10 7.2522E-10 7.6669E-10 7.9928E-10 8.3103E-10 8.9835E-10 1.0102E-09 1.1250E-09 1.2291E-09 1.3229E-09 1.4209E-09 1.5186E-09 1.6261E-09 1.7466E-09 1.8832E-09 2.0364E-09 2.1964E-09 2.3663E-09 2.5523E-09 2.7472E-09 2.9512E-09 3.1668E-09 3.3889E-09 3.6070E-09 3.8229E-09 4.0272E-09 4.2228E-09 4.4092E-09 4.5828E-09 4.7429E-09 4.8917E-09
0.0000E+00 0.0000E+00 0.0000E+00 0.0000E+00 0.0000E+00 0.0000E+00 0.0000E+00 0.0000E+00 0.0000E+00 0.0000E+00 0.0000E+00 0.0000E+00 2.1768E-13 6.3343E-12 2.3956E-11 4.8082E-11 7.3806E-11 1.0186E-10 1.3379E-10 1.7170E-10 2.1432E-10 2.6006E-10 3.0686E-10 3.5247E-10 3.9460E-10 4.3194E-10 4.6336E-10 4.8650E-10 5.0706E-10 5.3350E-10 5.7183E-10 6.0179E-10 6.5581E-10 7.4617E-10 8.4909E-10 9.3588E-10 1.0246E-09 1.1196E-09 1.2192E-09 1.3329E-09 1.4631E-09 1.6010E-09 1.7495E-09 1.9046E-09 2.0703E-09 2.2450E-09 2.4293E-09 2.6228E-09 2.8207E-09 3.0177E-09 3.2143E-09 3.3997E-09 3.5756E-09 3.7487E-09 3.9101E-09 4.0615E-09 4.2035E-09
0.0000E+00 0.0000E+00 0.0000E+00 0.0000E+00 0.0000E+00 0.0000E+00 0.0000E+00 0.0000E+00 0.0000E+00 0.0000E+00 0.0000E+00 0.0000E+00 0.0000E+00 7.2041E-14 4.6495E-12 1.8160E-11 3.7860E-11 5.9135E-11 8.1500E-11 1.0524E-10 1.3167E-10 1.6138E-10 1.9182E-10 2.2212E-10 2.5076E-10 2.7670E-10 2.9896E-10 3.1561E-10 3.2937E-10 3.4922E-10 3.7393E-10 4.0542E-10 4.3175E-10 4.6732E-10 5.4432E-10 6.3005E-10 7.0789E-10 7.9664E-10 8.9083E-10 9.9468E-10 1.1088E-09 1.2375E-09 1.3761E-09 1.5177E-09 1.6654E-09 1.8221E-09 1.9860E-09 2.1591E-09 2.3350E-09 2.5118E-09 2.6852E-09 2.8523E-09 3.0139E-09 3.1749E-09 3.3262E-09 3.4699E-09 3.6008E-09
0.0000E+00 0.0000E+00 0.0000E+00 0.0000E+00 0.0000E+00 0.0000E+00 0.0000E+00 0.0000E+00 0.0000E+00 0.0000E+00 0.0000E+00 0.0000E+00 0.0000E+00 0.0000E+00 0.0000E+00 2.5004E-12 1.1420E-11 2.6547E-11 4.3333E-11 6.0837E-11 7.8345E-11 9.7123E-11 1.1628E-10 1.3605E-10 1.5507E-10 1.7205E-10 1.8739E-10 2.0048E-10 2.0895E-10 2.1542E-10 2.3207E-10 2.5395E-10 2.7726E-10 3.0370E-10 3.2909E-10 3.9068E-10 4.5992E-10 5.4255E-10 6.3284E-10 7.2417E-10 8.2603E-10 9.3755E-10 1.0624E-09 1.1953E-09 1.3300E-09 1.4680E-09 1.6140E-09 1.7692E-09 1.9252E-09 2.0803E-09 2.2362E-09 2.3914E-09 2.5399E-09 2.6823E-09 2.8189E-09 2.9486E-09 3.0681E-09
0.0000E+00 0.0000E+00 0.0000E+00 0.0000E+00 0.0000E+00 0.0000E+00 0.0000E+00 0.0000E+00 0.0000E+00 0.0000E+00 0.0000E+00 0.0000E+00 0.0000E+00 0.0000E+00 0.0000E+00 0.0000E+00 5.5984E-13 5.3060E-12 1.4842E-11 2.7805E-11 4.0430E-11 5.3467E-11 6.5859E-11 7.8446E-11 9.0362E-11 1.0119E-10 1.1109E-10 1.1905E-10 1.2387E-10 1.2694E-10 1.3181E-10 1.4329E-10 1.6448E-10 1.8542E-10 2.0734E-10 2.3570E-10 2.8450E-10 3.4777E-10 4.2837E-10 5.1387E-10 6.0305E-10 6.9787E-10 8.1131E-10 9.2922E-10 1.0510E-09 1.1772E-09 1.3109E-09 1.4511E-09 1.5907E-09 1.7266E-09 1.8622E-09 1.9950E-09 2.1270E-09 2.2545E-09 2.3764E-09 2.4930E-09 2.6033E-09
0.0000E+00 0.0000E+00 0.0000E+00 0.0000E+00 0.0000E+00 0.0000E+00 0.0000E+00 0.0000E+00 0.0000E+00 0.0000E+00 0.0000E+00 0.0000E+00 0.0000E+00 0.0000E+00 0.0000E+00 0.0000E+00 0.0000E+00 0.0000E+00 1.0801E-12 5.9114E-12 1.2740E-11 2.2068E-11 3.1177E-11 3.9328E-11 4.6989E-11 5.3465E-11 5.9141E-11 6.3393E-11 6.5749E-11 6.7032E-11 6.6327E-11 7.0457E-11 8.0302E-11 1.0119E-10 1.2448E-10 1.5111E-10 1.8162E-10 2.2601E-10 2.8297E-10 3.5598E-10 4.3577E-10 5.1810E-10 6.0968E-10 7.1946E-10 8.3325E-10 9.4935E-10 1.0681E-09 1.1890E-09 1.3080E-09 1.4247E-09 1.5404E-09 1.6559E-09 1.7731E-09 1.8857E-09 1.9941E-09 2.0997E-09 2.1994E-09
0.0000E+00 0.0000E+00 0.0000E+00 0.0000E+00 0.0000E+00 0.0000E+00 0.0000E+00 0.0000E+00 0.0000E+00 0.0000E+00 0.0000E+00 0.0000E+00 0.0000E+00 0.0000E+00 0.0000E+00 0.0000E+00 0.0000E+00 0.0000E+00 0.0000E+00 0.0000E+00 2.4953E-13 3.7419E-12 7.5712E-12 1.2390E-11 1.7450E-11 2.1669E-11 2.4990E-11 2.7223E-11 2.8424E-11 2.8961E-11 2.8339E-11 2.6916E-11 3.3600E-11 4.6493E-11 6.5818E-11 9.2719E-11 1.2119E-10 1.5538E-10 1.9743E-10 2.5072E-10 3.1633E-10 3.8969E-10 4.6979E-10 5.6640E-10 6.6158E-10 7.6335E-10 8.6681E-10 9.7004E-10 1.0706E-09 1.1705E-09 1.2695E-09 1.3696E-09 1.4699E-09 1.5706E-09 1.6671E-09 1.7603E-09 1.8492E-09
0.0000E+00 0.0000E+00 0.0000E+00 0.0000E+00 0.0000E+00 0.0000E+00 0.0000E+00 0.0000E+00 0.0000E+00 0.0000E+00 0.0000E+00 0.0000E+00 0.0000E+00 0.0000E+00 0.0000E+00 0.0000E+00 0.0000E+00 0.0000E+00 0.0000E+00 0.0000E+00 0.0000E+00 0.0000E+00 0.0000E+00 8.5271E-13 2.4959E-12 4.1438E-12 5.9060E-12 7.3758E-12 8.4271E-12 9.0110E-12 9.0797E-12 8.6232E-12 9.3597E-12 1.6710E-11 3.0822E-11 5.1526E-11 7.7851E-11 1.0868E-10 1.4478E-10 1.8564E-10 2.3492E-10 2.9117E-10 3.5984E-10 4.4573E-10 5.2521E-10 6.1235E-10 7.0134E-10 7.8910E-10 8.7468E-10 9.5938E-10 1.0438E-09 1.1286E-09 1.2148E-09 1.3029E-09 1.3883E-09 1.4707E-09 1.5498E-09
0.0000E+00 0.0000E+00 0.0000E+00 0.0000E+00 0.0000E+00 0.0000E+00 0.0000E+00 0.0000E+00 0.0000E+00 0.0000E+00 0.0000E+00 0.0000E+00 0.0000E+00 0.0000E+00 0.0000E+00 0.0000E+00 0.0000E+00 0.0000E+00 0.0000E+00 0.0000E+00 0.0000E+00 0.0000E+00 0.0000E+00 0.0000E+00 0.0000E+00 0.0000E+00 2.2899E-13 5.8793E-13 8.9364E-13 1.1289E-12 1.2796E-12 1.3356E-12 1.2915E-12 3.2608E-12 1.0438E-11 2.4696E-11 4.5373E-11 7.0948E-11 1.0110E-10 1.3638E-10 1.7731E-10 2.2350E-10 2.7487E-10 3.4219E-10 4.1662E-10 4.8950E-10 5.6650E-10 6.4082E-10 7.1388E-10 7.8590E-10 8.5766E-10 9.2969E-10 1.0027E-09 1.0765E-09 1.1527E-09 1.2249E-09 1.2947E-09
0.0000E+00 0.0000E+00 0.0000E+00 0.0000E+00 0.0000E+00 0.0000E+00 0.0000E+00 0.0000E+00 0.0000E+00 0.0000E+00 0.0000E+00 0.0000E+00 0.0000E+00 0.0000E+00 0.0000E+00 0.0000E+00 0.0000E+00 0.0000E+00 0.0000E+00 0.0000E+00 0.0000E+00 0.0000E+00 0.0000E+00 0.0000E+00 0.0000E+00 0.0000E+00 0.0000E+00 0.0000E+00 0.0000E+00 0.0000E+00 0.0000E+00 0.0000E+00 0.0000E+00 0.0000E+00 2.2988E-12 9.3415E-12 2.2001E-11 4.1139E-11 6.5178E-11 9.3490E-11 1.2687E-10 1.6584E-10 2.0962E-10 2.6578E-10 3.2915E-10 3.9060E-10 4.5553E-10 5.1922E-10 5.8130E-10 6.4227E-10 7.0380E-10 7.6523E-10 8.2641E-10 8.8876E-10 9.5244E-10 1.0159E-09 1.0768E-09
0.0000E+00 0.0000E+00 0.0000E+00 0.0000E+00 0.0000E+00 0.0000E+00 0.0000E+00 0.0000E+00 0.0000E+00 0.0000E+00 0.0000E+00 0.0000E+00 0.0000E+00 0.0000E+00 0.0000E+00 0.0000E+00 0.0000E+00 0.0000E+00 0.0000E+00 0.0000E+00 0.0000E+00 0.0000E+00 0.0000E+00 0.0000E+00 0.0000E+00 0.0000E+00 0.0000E+00 0.0000E+00 0.0000E+00 0.0000E+00 0.0000E+00 0.0000E+00 0.0000E+00 0.0000E+00 0.0000E+00 2.0749E-12 8.4438E-12 1.9521E-11 3.5971E-11 5.7390E-11 8.4062E-11 1.1452E-10 1.5200E-10 2.0168E-10 2.5520E-10 3.0872E-10 3.6091E-10 4.1644E-10 4.7050E-10 5.2210E-10 5.7418E-10 6.2685E-10 6.7924E-10 7.3129E-10 7.8397E-10 8.3912E-10 8.9186E-10
0.0000E+00 0.0000E+00 0.0000E+00 0.0000E+00 0.0000E+00 0.0000E+00 0.0000E+00 0.0000E+00 0.0000E+00 0.0000E+00 0.0000E+00 0.0000E+00 0.0000E+00 0.0000E+00 0.0000E+00 0.0000E+00 0.0000E+00 0.0000E+00 0.0000E+00 0.0000E+00 0.0000E+00 0.0000E+00 0.0000E+00 0.0000E+00 0.0000E+00 0.0000E+00 0.0000E+00 0.0000E+00 0.0000E+00 0.0000E+00 0.0000E+00 0.0000E+00 0.0000E+00 0.0000E+00 0.0000E+00 0.0000E+00 1.5609E-12 6.6787E-12 1.6151E-11 2.9834E-11 4.9404E-11 7.2629E-11 1.0063E-10 1.4036E-10 1.8851E-10 2.3681E-10 2.8230E-10 3.2799E-10 3.7553E-10 4.2168E-10 4.6641E-10 5.1110E-10 5.5593E-10 6.0030E-10 6.4456E-10 6.8923E-10 7.3560E-10
0.0000E+00 0.0000E+00 0.0000E+00 0.0000E+00 0.0000E+00 0.0000E+00 0.0000E+00 0.0000E+00 0.0000E+00 0.0000E+00 0.0000E+00 0.0000E+00 0.0000E+00 0.0000E+00 0.0000E+00 0.0000E+00 0.0000E+00 0.0000E+00 0.0000E+00 0.0000E+00 0.0000E+00 0.0000E+00 0.0000E+00 0.0000E+00 0.0000E+00 0.0000E+00 0.0000E+00 0.0000E+00 0.0000E+00 0.0000E+00 0.0000E+00 0.0000E+00 0.0000E+00 0.0000E+00 0.0000E+00 0.0000E+00 0.0000E+00 1.1241E-12 4.7858E-12 1.2313E-11 2.3636E-11 4.0385E-11 6.0725E-11 8.5841E-11 1.2819E-10 1.7041E-10 2.0951E-10 2.4890E-10 2.8993E-10 3.3196E-10 3.7298E-10 4.1300E-10 4.5189E-10 4.9001E-10 5.2741E-10 5.6474E-10 6.0313E-10
0.0000E+00 0.0000E+00 0.0000E+00 0.0000E+00 0.0000E+00 0.0000E+00 0.0000E+00 0.0000E+00 0.0000E+00 0.0000E+00 0.0000E+00 0.0000E+00 0.0000E+00 0.0000E+00 0.0000E+00 0.0000E+00 0.0000E+00 0.0000E+00 0.0000E+00 0.0000E+00 0.0000E+00 0.0000E+00 0.0000E+00 0.0000E+00 0.0000E+00 0.0000E+00 0.0000E+00 0.0000E+00 0.0000E+00 0.0000E+00 0.0000E+00 0.0000E+00 0.0000E+00 0.0000E+00 0.0000E+00 0.0000E+00 0.0000E+00 0.0000E+00 5.4181E-13 3.1268E-12 8.9222E-12 1.7335E-11 3.0448E-11 4.8460E-11 7.7311E-11 1.1230E-10 1.4598E-10 1.7918E-10 2.1339E-10 2.4921E-10 2.8601E-10 3.2259E-10 3.5796E-10 3.9220E-10 4.2529E-10 4.5778E-10 4.9021E-10
