Assets/Resources/2015_m01_d07_1200(utc+0800)_l00_csi_1hr_conc.grd
DSAA
         159         159
     -79.000      79.000
     -79.000      79.000
  0.0000E+00  0.6582E-05
[rows 25 to 49 of 159, columns 57 to 113 of 159]
2.2122E-09 2.3179E-09 2.4206E-09 2.5359E-09 2.6457E-09 2.7680E-09 2.8849E-09 3.0061E-09 3.1347E-09 3.2618E-09 3.3933E-09 3.5270E-09 3.6632E-09 3.8034E-09 3.9464E-09 4.0912E-09 4.2387E-09 4.3893E-09 4.5417E-09 4.6953E-09 4.8512E-09 5.0090E-09 5.1672E-09 5.3254E-09 5.4851E-09 5.6456E-09 5.8057E-09 5.9647E-09 6.1226E-09 6.2794E-09 6.4562E-09 6.6111E-09 6.7638E-09 6.9133E-09 7.0595E-09 7.2021E-09 7.3410E-09 7.4755E-09 7.6051E-09 7.7293E-09 7.8477E-09 7.9808E-09 8.0865E-09 8.1852E-09 8.2766E-09 8.3603E-09 8.4359E-09 8.5033E-09 8.5622E-09 8.6123E-09 8.6327E-09 8.6652E-09 8.6885E-09 8.7026E-09 8.7074E-09 8.7028E-09 8.6885E-09
2.2278E-09 2.3325E-09 2.4462E-09 2.5550E-09 2.6670E-09 2.7923E-09 2.9126E-09 3.0410E-09 3.1677E-09 3.2992E-09 3.4336E-09 3.5704E-09 3.7116E-09 3.8560E-09 4.0027E-09 4.1525E-09 4.3058E-09 4.4609E-09 4.6182E-09 4.7783E-09 4.9402E-09 5.1029E-09 5.2669E-09 5.4324E-09 5.5993E-09 5.7658E-09 5.9316E-09 6.1172E-09 6.2837E-09 6.4488E-09 6.6126E-09 6.7737E-09 6.9326E-09 7.0890E-09 7.2421E-09 7.4128E-09 7.5585E-09 7.6996E-09 7.8355E-09 7.9657E-09 8.0898E-09 8.2075E-09 8.3183E-09 8.4218E-09 8.5176E-09 8.6053E-09 8.6846E-09 8.7550E-09 8.8164E-09 8.8684E-09 8.9110E-09 8.9439E-09 8.9670E-09 8.9802E-09 8.9836E-09 8.9771E-09 8.9406E-09
2.2377E-09 2.3444E-09 2.4609E-09 2.5718E-09 2.6956E-09 2.8147E-09 2.9422E-09 3.0686E-09 3.1995E-09 3.3343E-09 3.4713E-09 3.6129E-09 3.7584E-09 3.9062E-09 4.0576E-09 4.2131E-09 4.3706E-09 4.5311E-09 4.6949E-09 4.8606E-09 5.0271E-09 5.1962E-09 5.3681E-09 5.5404E-09 5.7127E-09 5.9058E-09 6.0798E-09 6.2543E-09 6.4279E-09 6.5998E-09 6.7704E-09 6.9596E-09 7.1269E-09 7.2910E-09 7.4517E-09 7.6086E-09 7.7610E-09 7.9087E-09 8.0513E-09 8.1881E-09 8.3184E-09 8.4417E-09 8.5578E-09 8.6660E-09 8.7661E-09 8.8576E-09 8.9401E-09 9.0135E-09 9.0773E-09 9.1315E-09 9.1758E-09 9.2099E-09 9.2337E-09 9.2471E-09 9.2499E-09 9.2423E-09 9.2242E-09
2.2450E-09 2.3628E-09 2.4735E-09 2.5956E-09 2.7129E-09 2.8347E-09 2.9651E-09 3.0947E-09 3.2293E-09 3.3661E-09 3.5077E-09 3.6537E-09 3.8023E-09 3.9547E-09 4.1118E-09 4.2712E-09 4.4342E-09 4.6008E-09 4.7699E-09 4.9404E-09 5.1140E-09 5.2909E-09 5.4685E-09 5.6667E-09 5.8468E-09 6.0290E-09 6.2109E-09 6.3925E-09 6.5728E-09 6.7740E-09 6.9531E-09 7.1304E-09 7.3049E-09 7.4766E-09 7.6447E-09 7.8092E-09 7.9688E-09 8.1235E-09 8.2946E-09 8.4377E-09 8.5740E-09 8.7031E-09 8.8245E-09 8.9379E-09 9.0426E-09 9.1384E-09 9.2247E-09 9.3011E-09 9.3675E-09 9.4234E-09 9.4687E-09 9.5033E-09 9.5270E-09 9.5399E-09 9.5202E-09 9.5118E-09 9.4926E-09
2.2501E-09 2.3696E-09 2.4835E-09 2.6081E-09 2.7281E-09 2.8571E-09 2.9854E-09 3.1189E-09 3.2557E-09 3.3963E-09 3.5424E-09 3.6914E-09 3.8443E-09 4.0024E-09 4.1632E-09 4.3279E-09 4.4970E-09 4.6688E-09 4.8426E-09 5.0204E-09 5.2013E-09 5.4037E-09 5.5883E-09 5.7751E-09 5.9636E-09 6.1529E-09 6.3626E-09 6.5527E-09 6.7423E-09 6.9312E-09 7.1183E-09 7.3033E-09 7.4861E-09 7.6657E-09 7.8640E-09 8.0361E-09 8.2035E-09 8.3656E-09 8.5221E-09 8.6722E-09 8.8155E-09 8.9509E-09 9.0783E-09 9.1970E-09 9.3065E-09 9.4064E-09 9.4964E-09 9.5760E-09 9.6450E-09 9.7031E-09 9.7500E-09 9.7855E-09 9.8095E-09 9.8218E-09 9.8228E-09 9.8121E-09 9.7899E-09
2.2618E-09 2.3742E-09 2.5003E-09 2.6182E-09 2.7406E-09 2.8722E-09 3.0038E-09 3.1399E-09 3.2796E-09 3.4247E-09 3.5739E-09 3.7266E-09 3.8852E-09 4.0469E-09 4.2128E-09 4.3837E-09 4.5577E-09 4.7340E-09 4.9154E-09 5.1000E-09 5.3070E-09 5.4963E-09 5.6894E-09 5.8843E-09 6.1006E-09 6.2981E-09 6.4961E-09 6.6946E-09 6.8927E-09 7.0896E-09 7.3070E-09 7.5016E-09 7.6931E-09 7.8816E-09 8.0662E-09 8.2469E-09 8.4224E-09 8.5924E-09 8.7562E-09 8.9130E-09 9.0625E-09 9.2266E-09 9.3602E-09 9.4844E-09 9.5990E-09 9.7034E-09 9.7973E-09 9.8802E-09 9.9521E-09 1.0012E-08 1.0061E-08 1.0074E-08 1.0099E-08 1.0111E-08 1.0112E-08 1.0100E-08 1.0075E-08
2.2628E-09 2.3761E-09 2.5048E-09 2.6260E-09 2.7554E-09 2.8847E-09 3.0192E-09 3.1579E-09 3.3014E-09 3.4504E-09 3.6024E-09 3.7607E-09 3.9228E-09 4.0893E-09 4.2613E-09 4.4369E-09 4.6153E-09 4.7993E-09 5.0073E-09 5.1980E-09 5.3917E-09 5.5898E-09 5.7903E-09 6.0134E-09 6.2176E-09 6.4239E-09 6.6307E-09 6.8375E-09 7.0666E-09 7.2731E-09 7.4784E-09 7.6815E-09 7.8822E-09 8.0797E-09 8.2732E-09 8.4618E-09 8.6688E-09 8.8470E-09 9.0187E-09 9.1833E-09 9.3404E-09 9.4889E-09 9.6288E-09 9.7588E-09 9.8790E-09 9.9883E-09 1.0086E-08 1.0173E-08 1.0248E-08 1.0310E-08 1.0360E-08 1.0397E-08 1.0421E-08 1.0433E-08 1.0431E-08 1.0416E-08 1.0366E-08
2.2610E-09 2.3844E-09 2.5060E-09 2.6309E-09 2.7627E-09 2.8948E-09 3.0319E-09 3.1734E-09 3.3209E-09 3.4723E-09 3.6291E-09 3.7916E-09 3.9577E-09 4.1302E-09 4.3069E-09 4.4866E-09 4.6724E-09 4.8833E-09 5.0770E-09 5.2746E-09 5.4770E-09 5.7033E-09 5.9115E-09 6.1224E-09 6.3354E-09 6.5499E-09 6.7876E-09 7.0044E-09 7.2211E-09 7.4368E-09 7.6518E-09 7.8644E-09 8.0973E-09 8.3045E-09 8.5076E-09 8.7062E-09 8.8995E-09 9.0865E-09 9.2666E-09 9.4394E-09 9.6036E-09 9.7591E-09 9.9048E-09 1.0041E-08 1.0167E-08 1.0280E-08 1.0383E-08 1.0473E-08 1.0551E-08 1.0616E-08 1.0667E-08 1.0705E-08 1.0730E-08 1.0741E-08 1.0738E-08 1.0721E-08 1.0691E-08
2.2565E-09 2.3813E-09 2.5039E-09 2.6376E-09 2.7671E-09 2.9018E-09 3.0415E-09 3.1864E-09 3.3365E-09 3.4917E-09 3.6536E-09 3.8190E-09 3.9910E-09 4.1682E-09 4.3485E-09 4.5354E-09 4.7484E-09 4.9443E-09 5.1450E-09 5.3509E-09 5.5818E-09 5.7948E-09 6.0116E-09 6.2311E-09 6.4747E-09 6.6991E-09 6.9247E-09 7.1507E-09 7.3771E-09 7.6028E-09 7.8510E-09 8.0741E-09 8.2949E-09 8.5122E-09 8.7253E-09 8.9336E-09 9.1361E-09 9.3320E-09 9.5447E-09 9.7264E-09 9.8992E-09 1.0063E-08 1.0216E-08 1.0359E-08 1.0489E-08 1.0609E-08 1.0715E-08 1.0809E-08 1.0890E-08 1.0957E-08 1.1009E-08 1.1047E-08 1.1071E-08 1.1081E-08 1.1052E-08 1.1034E-08 1.1001E-08
2.2553E-09 2.3758E-09 2.4993E-09 2.6360E-09 2.7689E-09 2.9059E-09 3.0480E-09 3.1962E-09 3.3492E-09 3.5091E-09 3.6737E-09 3.8440E-09 4.0214E-09 4.2018E-09 4.3887E-09 4.6031E-09 4.8005E-09 5.0033E-09 5.2333E-09 5.4467E-09 5.6639E-09 5.8856E-09 6.1327E-09 6.3618E-09 6.5934E-09 6.8270E-09 7.0623E-09 7.3213E-09 7.5587E-09 7.7953E-09 8.0311E-09 8.2650E-09 8.4963E-09 8.7238E-09 8.9713E-09 9.1910E-09 9.4046E-09 9.6113E-09 9.8103E-09 1.0001E-08 1.0182E-08 1.0353E-08 1.0513E-08 1.0662E-08 1.0799E-08 1.0923E-08 1.1034E-08 1.1132E-08 1.1216E-08 1.1285E-08 1.1339E-08 1.1378E-08 1.1402E-08 1.1410E-08 1.1403E-08 1.1380E-08 1.1343E-08
2.2518E-09 2.3678E-09 2.4965E-09 2.6286E-09 2.7670E-09 2.9065E-09 3.0515E-09 3.2025E-09 3.3594E-09 3.5223E-09 3.6909E-09 3.8670E-09 4.0473E-09 4.2533E-09 4.4480E-09 4.6463E-09 4.8502E-09 5.0825E-09 5.2984E-09 5.5191E-09 5.7449E-09 5.9972E-09 6.2321E-09 6.4704E-09 6.7114E-09 6.9779E-09 7.2242E-09 7.4714E-09 7.7194E-09 7.9672E-09 8.2140E-09 8.4827E-09 8.7264E-09 8.9666E-09 9.2024E-09 9.4329E-09 9.6568E-09 9.8732E-09 1.0082E-08 1.0281E-08 1.0471E-08 1.0651E-08 1.0819E-08 1.0975E-08 1.1118E-08 1.1248E-08 1.1363E-08 1.1464E-08 1.1550E-08 1.1621E-08 1.1676E-08 1.1716E-08 1.1740E-08 1.1748E-08 1.1739E-08 1.1714E-08 1.1673E-08
2.2409E-09 2.3572E-09 2.4861E-09 2.6194E-09 2.7608E-09 2.9038E-09 3.0516E-09 3.2055E-09 3.3653E-09 3.5322E-09 3.7058E-09 3.8853E-09 4.0900E-09 4.2839E-09 4.4823E-09 4.6863E-09 4.9200E-09 5.1376E-09 5.3608E-09 5.6117E-09 5.8465E-09 6.0861E-09 6.3300E-09 6.5777E-09 6.8525E-09 7.1071E-09 7.3641E-09 7.6225E-09 7.8816E-09 8.1651E-09 8.4250E-09 8.6832E-09 8.9387E-09 9.1905E-09 9.4374E-09 9.6788E-09 9.9138E-09 1.0142E-08 1.0361E-08 1.0571E-08 1.0771E-08 1.0959E-08 1.1135E-08 1.1298E-08 1.1448E-08 1.1583E-08 1.1704E-08 1.1809E-08 1.1898E-08 1.1971E-08 1.2027E-08 1.2066E-08 1.2089E-08 1.2094E-08 1.2083E-08 1.2055E-08 1.2010E-08
2.2272E-09 2.3493E-09 2.4734E-09 2.6071E-09 2.7497E-09 2.8971E-09 3.0476E-09 3.2042E-09 3.3679E-09 3.5385E-09 3.7161E-09 3.8991E-09 4.1113E-09 4.3094E-09 4.5127E-09 4.7465E-09 4.9650E-09 5.1895E-09 5.4430E-09 5.6808E-09 5.9243E-09 6.1727E-09 6.4495E-09 6.7082E-09 6.9704E-09 7.2360E-09 7.5040E-09 7.7983E-09 8.0712E-09 8.3442E-09 8.6165E-09 8.8864E-09 9.1537E-09 9.4175E-09 9.6773E-09 9.9313E-09 1.0178E-08 1.0418E-08 1.0648E-08 1.0869E-08 1.1078E-08 1.1276E-08 1.1460E-08 1.1631E-08 1.1788E-08 1.1929E-08 1.2055E-08 1.2163E-08 1.2256E-08 1.2330E-08 1.2388E-08 1.2427E-08 1.2449E-08 1.2452E-08 1.2439E-08 1.2406E-08 1.2356E-08
2.2104E-09 2.3335E-09 2.4576E-09 2.5914E-09 2.7345E-09 2.8849E-09 3.0397E-09 3.1992E-09 3.3662E-09 3.5405E-09 3.7219E-09 3.9313E-09 4.1279E-09 4.3301E-09 4.5629E-09 4.7814E-09 5.0062E-09 5.2610E-09 5.5008E-09 5.7470E-09 5.9991E-09 6.2809E-09 6.5450E-09 6.8140E-09 7.0873E-09 7.3884E-09 7.6698E-09 7.9538E-09 8.2391E-09 8.5239E-09 8.8081E-09 9.0914E-09 9.3726E-09 9.6502E-09 9.9230E-09 1.0190E-08 1.0449E-08 1.0700E-08 1.0942E-08 1.1174E-08 1.1394E-08 1.1601E-08 1.1795E-08 1.1974E-08 1.2139E-08 1.2286E-08 1.2417E-08 1.2530E-08 1.2626E-08 1.2702E-08 1.2760E-08 1.2799E-08 1.2819E-08 1.2819E-08 1.2802E-08 1.2765E-08 1.2711E-08
2.1904E-09 2.3145E-09 2.4398E-09 2.5726E-09 2.7163E-09 2.8691E-09 3.0267E-09 3.1901E-09 3.3603E-09 3.5385E-09 3.7444E-09 3.9382E-09 4.1393E-09 4.3699E-09 4.5875E-09 4.8116E-09 5.0668E-09 5.3072E-09 5.5551E-09 5.8328E-09 6.0952E-09 6.3638E-09 6.6382E-09 6.9419E-09 7.2275E-09 7.5184E-09 7.8126E-09 8.1085E-09 8.4059E-09 8.7046E-09 9.0034E-09 9.3009E-09 9.5955E-09 9.8860E-09 1.0172E-08 1.0452E-08 1.0725E-08 1.0989E-08 1.1245E-08 1.1489E-08 1.1721E-08 1.1939E-08 1.2143E-08 1.2331E-08 1.2503E-08 1.2657E-08 1.2793E-08 1.2910E-08 1.3008E-08 1.3087E-08 1.3144E-08 1.3183E-08 1.3200E-08 1.3197E-08 1.3175E-08 1.3132E-08 1.3071E-08
2.1719E-09 2.2925E-09 2.4184E-09 2.5506E-09 2.6943E-09 2.8493E-09 3.0090E-09 3.1768E-09 3.3502E-09 3.5520E-09 3.7419E-09 3.9405E-09 4.1679E-09 4.3834E-09 4.6065E-09 4.8609E-09 5.1011E-09 5.3495E-09 5.6288E-09 5.8933E-09 6.1649E-09 6.4435E-09 6.7531E-09 7.0457E-09 7.3443E-09 7.6472E-09 7.9531E-09 8.2623E-09 8.5743E-09 8.8873E-09 9.1998E-09 9.5107E-09 9.8194E-09 1.0125E-08 1.0426E-08 1.0722E-08 1.1010E-08 1.1288E-08 1.1556E-08 1.1812E-08 1.2055E-08 1.2284E-08 1.2498E-08 1.2695E-08 1.2875E-08 1.3036E-08 1.3177E-08 1.3299E-08 1.3400E-08 1.3480E-08 1.3539E-08 1.3576E-08 1.3591E-08 1.3585E-08 1.3557E-08 1.3509E-08 1.3439E-08
2.1456E-09 2.2670E-09 2.3934E-09 2.5261E-09 2.6683E-09 2.8236E-09 2.9876E-09 3.1575E-09 3.3560E-09 3.5411E-09 3.7350E-09 3.9590E-09 4.1709E-09 4.3918E-09 4.6438E-09 4.8828E-09 5.1305E-09 5.4103E-09 5.6758E-09 5.9494E-09 6.2307E-09 6.5447E-09 6.8427E-09 7.1477E-09 7.4577E-09 7.7725E-09 8.0928E-09 8.4167E-09 8.7426E-09 9.0693E-09 9.3963E-09 9.7233E-09 1.0049E-08 1.0371E-08 1.0687E-08 1.0997E-08 1.1298E-08 1.1590E-08 1.1872E-08 1.2141E-08 1.2397E-08 1.2638E-08 1.2862E-08 1.3069E-08 1.3257E-08 1.3425E-08 1.3572E-08 1.3698E-08 1.3802E-08 1.3883E-08 1.3941E-08 1.3977E-08 1.3990E-08 1.3980E-08 1.3947E-08 1.3893E-08 1.3816E-08
2.1162E-09 2.2376E-09 2.3647E-09 2.4983E-09 2.6394E-09 2.7953E-09 2.9632E-09 3.1538E-09 3.3374E-09 3.5252E-09 3.7442E-09 3.9515E-09 4.1684E-09 4.4171E-09 4.6533E-09 4.8992E-09 5.1780E-09 5.4433E-09 5.7175E-09 6.0249E-09 6.3173E-09 6.6193E-09 6.9293E-09 7.2451E-09 7.5676E-09 7.8971E-09 8.2314E-09 8.5685E-09 8.9084E-09 9.2513E-09 9.5957E-09 9.9395E-09 1.0280E-08 1.0617E-08 1.0948E-08 1.1274E-08 1.1591E-08 1.1899E-08 1.2196E-08 1.2479E-08 1.2747E-08 1.2999E-08 1.3234E-08 1.3450E-08 1.3647E-08 1.3822E-08 1.3975E-08 1.4105E-08 1.4212E-08 1.4295E-08 1.4354E-08 1.4388E-08 1.4397E-08 1.4383E-08 1.4344E-08 1.4282E-08 1.4197E-08
2.0834E-09 2.2049E-09 2.3326E-09 2.4665E-09 2.6077E-09 2.7628E-09 2.9316E-09 3.1274E-09 3.3120E-09 3.5259E-09 3.7277E-09 3.9388E-09 4.1827E-09 4.4149E-09 4.6573E-09 4.9333E-09 5.1968E-09 5.4701E-09 5.7778E-09 6.0716E-09 6.3760E-09 6.6896E-09 7.0098E-09 7.3386E-09 7.6755E-09 8.0180E-09 8.3653E-09 8.7178E-09 9.0750E-09 9.4351E-09 9.7950E-09 1.0154E-08 1.0511E-08 1.0864E-08 1.1214E-08 1.1556E-08 1.1890E-08 1.2212E-08 1.2523E-08 1.2819E-08 1.3101E-08 1.3365E-08 1.3612E-08 1.3838E-08 1.4043E-08 1.4225E-08 1.4384E-08 1.4519E-08 1.4629E-08 1.4713E-08 1.4772E-08 1.4804E-08 1.4811E-08 1.4792E-08 1.4747E-08 1.4677E-08 1.4584E-08
2.0468E-09 2.1683E-09 2.2965E-09 2.4309E-09 2.5733E-09 2.7265E-09 2.9166E-09 3.0973E-09 3.2820E-09 3.5015E-09 3.7055E-09 3.9430E-09 4.1697E-09 4.4069E-09 4.6787E-09 4.9386E-09 5.2093E-09 5.5154E-09 5.8087E-09 6.1136E-09 6.4289E-09 6.7523E-09 7.0857E-09 7.4284E-09 7.7777E-09 8.1335E-09 8.4969E-09 8.8669E-09 9.2401E-09 9.6148E-09 9.9909E-09 1.0368E-08 1.0743E-08 1.1115E-08 1.1481E-08 1.1839E-08 1.2188E-08 1.2528E-08 1.2855E-08 1.3168E-08 1.3464E-08 1.3743E-08 1.4001E-08 1.4237E-08 1.4451E-08 1.4641E-08 1.4806E-08 1.4945E-08 1.5057E-08 1.5142E-08 1.5199E-08 1.5229E-08 1.5230E-08 1.5205E-08 1.5154E-08 1.5077E-08 1.4973E-08
2.0068E-09 2.1285E-09 2.2563E-09 2.3912E-09 2.5345E-09 2.6863E-09 2.8769E-09 3.0618E-09 3.2710E-09 3.4701E-09 3.7009E-09 3.9212E-09 4.1511E-09 4.4168E-09 4.6715E-09 4.9375E-09 5.2400E-09 5.5306E-09 5.8340E-09 6.1490E-09 6.4736E-09 6.8097E-09 7.1564E-09 7.5108E-09 7.8739E-09 8.2465E-09 8.6267E-09 9.0113E-09 9.3994E-09 9.7919E-09 1.0187E-08 1.0582E-08 1.0974E-08 1.1363E-08 1.1747E-08 1.2125E-08 1.2494E-08 1.2852E-08 1.3195E-08 1.3522E-08 1.3832E-08 1.4123E-08 1.4392E-08 1.4639E-08 1.4862E-08 1.5059E-08 1.5230E-08 1.5373E-08 1.5489E-08 1.5575E-08 1.5632E-08 1.5660E-08 1.5658E-08 1.5626E-08 1.5567E-08 1.5479E-08 1.5365E-08
1.9628E-09 2.0849E-09 2.2125E-09 2.3484E-09 2.4917E-09 2.6665E-09 2.8355E-09 3.0404E-09 3.2346E-09 3.4348E-09 3.6705E-09 3.8932E-09 4.1509E-09 4.3988E-09 4.6582E-09 4.9549E-09 5.2405E-09 5.5398E-09 5.8526E-09 6.1759E-09 6.5122E-09 6.8607E-09 7.2184E-09 7.5866E-09 7.9664E-09 8.3547E-09 8.7488E-09 9.1496E-09 9.5569E-09 9.9678E-09 1.0380E-08 1.0791E-08 1.1204E-08 1.1614E-08 1.2019E-08 1.2415E-08 1.2800E-08 1.3173E-08 1.3532E-08 1.3875E-08 1.4200E-08 1.4505E-08 1.4788E-08 1.5046E-08 1.5278E-08 1.5483E-08 1.5660E-08 1.5807E-08 1.5924E-08 1.6010E-08 1.6065E-08 1.6090E-08 1.6084E-08 1.6048E-08 1.5981E-08 1.5885E-08 1.5759E-08
1.9159E-09 2.0379E-09 2.1659E-09 2.3018E-09 2.4662E-09 2.6223E-09 2.7868E-09 2.9953E-09 3.1934E-09 3.4182E-09 3.6347E-09 3.8603E-09 4.1234E-09 4.3746E-09 4.6638E-09 4.9424E-09 5.2349E-09 5.5428E-09 5.8623E-09 6.1961E-09 6.5438E-09 6.9023E-09 7.2731E-09 7.6576E-09 8.0520E-09 8.4536E-09 8.8651E-09 9.2851E-09 9.7094E-09 1.0136E-08 1.0568E-08 1.1002E-08 1.1436E-08 1.1864E-08 1.2285E-08 1.2699E-08 1.3104E-08 1.3496E-08 1.3874E-08 1.4235E-08 1.4576E-08 1.4895E-08 1.5190E-08 1.5460E-08 1.5702E-08 1.5914E-08 1.6097E-08 1.6248E-08 1.6368E-08 1.6454E-08 1.6507E-08 1.6527E-08 1.6514E-08 1.6469E-08 1.6392E-08 1.6286E-08 1.6151E-08
1.8660E-09 1.9874E-09 2.1159E-09 2.2516E-09 2.4182E-09 2.5739E-09 2.7619E-09 2.9419E-09 3.1668E-09 3.3755E-09 3.5932E-09 3.8468E-09 4.0894E-09 4.3449E-09 4.6397E-09 4.9234E-09 5.2239E-09 5.5373E-09 5.8653E-09 6.2093E-09 6.5655E-09 6.9360E-09 7.3221E-09 7.7200E-09 8.1272E-09 8.5468E-09 8.9765E-09 9.4120E-09 9.8540E-09 1.0304E-08 1.0757E-08 1.1209E-08 1.1660E-08 1.2107E-08 1.2550E-08 1.2986E-08 1.3411E-08 1.3823E-08 1.4221E-08 1.4599E-08 1.4956E-08 1.5290E-08 1.5599E-08 1.5880E-08 1.6131E-08 1.6352E-08 1.6540E-08 1.6694E-08 1.6814E-08 1.6899E-08 1.6949E-08 1.6964E-08 1.6946E-08 1.6894E-08 1.6807E-08 1.6688E-08 1.6538E-08
1.8143E-09 1.9337E-09 2.0628E-09 2.2195E-09 2.3663E-09 2.5223E-09 2.7113E-09 2.8888E-09 3.1142E-09 3.3278E-09 3.5709E-09 3.8046E-09 4.0498E-09 4.3347E-09 4.6089E-09 4.8993E-09 5.2048E-09 5.5245E-09 5.8619E-09 6.2129E-09 6.5794E-09 6.9636E-09 7.3616E-09 7.7713E-09 8.1959E-09 8.6324E-09 9.0768E-09 9.5319E-09 9.9968E-09 1.0466E-08 1.0936E-08 1.1408E-08 1.1880E-08 1.2350E-08 1.2816E-08 1.3273E-08 1.3719E-08 1.4152E-08 1.4569E-08 1.4967E-08 1.5342E-08 1.5693E-08 1.6016E-08 1.6309E-08 1.6570E-08 1.6798E-08 1.6991E-08 1.7148E-08 1.7268E-08 1.7352E-08 1.7399E-08 1.7407E-08 1.7378E-08 1.7314E-08 1.7216E-08 1.7087E-08 1.6924E-08
