Assets/Resources/2015_m01_d02_1500(utc+0800)_l00_csi_1hr_conc.grd
DSAA
         159         159
     -79.000      79.000
     -79.000      79.000
  0.0000E+00  0.8097E-05
[rows 25 to 49 of 159, columns 57 to 113 of 159]
1.0252E-08 1.0189E-08 1.0044E-08 9.8227E-09 9.5302E-09 9.1742E-09 8.7628E-09 8.3076E-09 7.8158E-09 7.3023E-09 6.7729E-09 6.2413E-09 5.7140E-09 5.2004E-09 4.7070E-09 4.2379E-09 3.8010E-09 3.3955E-09 3.0236E-09 2.6876E-09 2.3845E-09 2.1131E-09 1.8698E-09 1.6536E-09 1.4638E-09 1.2955E-09 1.1461E-09 1.0110E-09 8.8409E-10 7.7266E-10 6.7750E-10 6.0015E-10 5.4276E-10 4.9195E-10 4.4394E-10 3.9914E-10 3.5767E-10 3.1994E-10 2.8598E-10 2.5555E-10 2.2794E-10 2.0209E-10 1.7649E-10 1.5244E-10 1.3001E-10 1.0985E-10 9.2460E-11 7.9207E-11 6.7399E-11 5.6775E-11 4.7553E-11 3.9208E-11 3.2411E-11 2.6403E-11 2.1136E-11 1.7077E-11 1.3674E-11
1.0286E-08 1.0209E-08 1.0049E-08 9.8103E-09 9.4995E-09 9.1244E-09 8.6932E-09 8.2187E-09 7.7083E-09 7.1771E-09 6.6336E-09 6.0899E-09 5.5516E-09 5.0303E-09 4.5314E-09 4.0588E-09 3.6183E-09 3.2140E-09 2.8443E-09 2.5115E-09 2.2147E-09 1.9508E-09 1.7173E-09 1.5090E-09 1.3286E-09 1.1667E-09 1.0260E-09 8.9694E-10 7.7906E-10 6.7615E-10 5.9020E-10 5.2053E-10 4.7259E-10 4.2761E-10 3.8513E-10 3.4555E-10 3.0946E-10 2.7687E-10 2.4764E-10 2.2115E-10 1.9605E-10 1.7134E-10 1.4802E-10 1.2687E-10 1.0766E-10 9.1886E-11 7.8834E-11 6.7369E-11 5.6985E-11 4.7857E-11 3.9732E-11 3.2816E-11 2.6947E-11 2.1664E-11 1.7467E-11 1.4059E-11 1.1122E-11
1.0315E-08 1.0225E-08 1.0050E-08 9.7948E-09 9.4656E-09 9.0713E-09 8.6210E-09 8.1272E-09 7.5996E-09 7.0529E-09 6.4940E-09 5.9375E-09 5.3909E-09 4.8623E-09 4.3571E-09 3.8826E-09 3.4415E-09 3.0372E-09 2.6726E-09 2.3431E-09 2.0525E-09 1.7964E-09 1.5717E-09 1.3749E-09 1.2002E-09 1.0480E-09 9.1258E-10 7.9163E-10 6.8166E-10 5.8709E-10 5.0948E-10 4.5007E-10 4.0853E-10 3.6896E-10 3.3146E-10 2.9686E-10 2.6574E-10 2.3783E-10 2.1253E-10 1.8733E-10 1.6425E-10 1.4242E-10 1.2177E-10 1.0366E-10 9.0227E-11 7.7676E-11 6.6566E-11 5.6572E-11 4.7627E-11 3.9737E-11 3.2901E-11 2.7081E-11 2.1909E-11 1.7658E-11 1.4256E-11 1.1334E-11 8.7241E-12
1.0334E-08 1.0228E-08 1.0038E-08 9.7660E-09 9.4194E-09 9.0065E-09 8.5392E-09 8.0287E-09 7.4854E-09 6.9240E-09 6.3521E-09 5.7846E-09 5.2287E-09 4.6951E-09 4.1881E-09 3.7112E-09 3.2713E-09 2.8687E-09 2.5073E-09 2.1854E-09 1.8989E-09 1.6512E-09 1.4352E-09 1.2479E-09 1.0825E-09 9.3652E-10 8.0813E-10 6.9518E-10 5.9297E-10 5.0644E-10 4.3792E-10 3.8687E-10 3.5051E-10 3.1573E-10 2.8286E-10 2.5303E-10 2.2637E-10 2.0099E-10 1.7651E-10 1.5473E-10 1.3504E-10 1.1549E-10 1.0022E-10 8.7597E-11 7.5683E-11 6.5028E-11 5.5474E-11 4.6859E-11 3.9200E-11 3.2550E-11 2.6857E-11 2.1824E-11 1.7626E-11 1.4253E-11 1.1381E-11 8.8073E-12 6.7148E-12
1.0325E-08 1.0208E-08 1.0004E-08 9.7134E-09 9.3510E-09 8.9231E-09 8.4405E-09 7.9151E-09 7.3581E-09 6.7845E-09 6.2037E-09 5.6286E-09 5.0670E-09 4.5282E-09 4.0201E-09 3.5460E-09 3.1079E-09 2.7105E-09 2.3515E-09 2.0367E-09 1.7578E-09 1.5160E-09 1.3089E-09 1.1305E-09 9.7542E-10 8.3381E-10 7.1322E-10 6.0717E-10 5.1296E-10 4.3423E-10 3.7436E-10 3.3011E-10 2.9821E-10 2.6757E-10 2.3908E-10 2.1358E-10 1.8779E-10 1.6432E-10 1.4414E-10 1.2537E-10 1.0794E-10 9.5853E-11 8.4059E-11 7.2869E-11 6.2800E-11 5.3712E-11 4.5501E-11 3.8146E-11 3.1763E-11 2.6275E-11 2.1402E-11 1.7327E-11 1.4047E-11 1.1256E-11 8.7425E-12 6.6870E-12 4.8802E-12
1.0315E-08 1.0188E-08 9.9704E-09 9.6671E-09 9.2869E-09 8.8401E-09 8.3428E-09 7.8035E-09 7.2338E-09 6.6494E-09 6.0606E-09 5.4779E-09 4.9120E-09 4.3709E-09 3.8607E-09 3.3886E-09 2.9529E-09 2.5610E-09 2.2096E-09 1.8961E-09 1.6281E-09 1.3913E-09 1.1925E-09 1.0226E-09 8.7465E-10 7.4092E-10 6.2671E-10 5.2766E-10 4.4156E-10 3.7100E-10 3.1783E-10 2.7952E-10 2.5114E-10 2.2427E-10 1.9807E-10 1.7275E-10 1.5086E-10 1.3265E-10 1.1478E-10 1.0153E-10 9.0555E-11 7.9721E-11 6.9299E-11 5.9885E-11 5.1323E-11 4.3582E-11 3.6601E-11 3.0554E-11 2.5319E-11 2.0649E-11 1.6762E-11 1.3640E-11 1.0960E-11 8.5278E-12 6.5303E-12 4.7653E-12 3.1876E-12
1.0303E-08 1.0159E-08 9.9289E-09 9.6098E-09 9.2164E-09 8.7568E-09 8.2431E-09 7.6881E-09 7.1088E-09 6.5148E-09 5.9186E-09 5.3302E-09 4.7608E-09 4.2191E-09 3.7101E-09 3.2400E-09 2.8087E-09 2.4199E-09 2.0764E-09 1.7707E-09 1.5051E-09 1.2800E-09 1.0859E-09 9.2398E-10 7.8301E-10 6.5759E-10 5.4897E-10 4.5657E-10 3.7801E-10 3.1530E-10 2.6829E-10 2.3397E-10 2.0841E-10 1.8188E-10 1.5777E-10 1.3679E-10 1.1916E-10 1.0427E-10 9.4388E-11 8.4447E-11 7.4551E-11 6.5027E-11 5.6328E-11 4.8366E-11 4.1145E-11 3.4572E-11 2.8951E-11 2.3974E-11 1.9579E-11 1.5944E-11 1.3040E-11 1.0491E-11 8.1664E-12 6.2083E-12 4.5399E-12 2.9333E-12 1.7130E-12
1.0278E-08 1.0122E-08 9.8773E-09 9.5400E-09 9.1334E-09 8.6614E-09 8.1333E-09 7.5662E-09 6.9741E-09 6.3730E-09 5.7715E-09 5.1813E-09 4.6116E-09 4.0703E-09 3.5637E-09 3.0960E-09 2.6733E-09 2.2915E-09 1.9512E-09 1.6566E-09 1.3933E-09 1.1768E-09 9.8989E-10 8.3353E-10 6.9944E-10 5.8078E-10 4.7952E-10 3.9333E-10 3.2234E-10 2.6635E-10 2.2376E-10 1.9017E-10 1.6438E-10 1.4184E-10 1.2236E-10 1.0632E-10 9.5430E-11 8.6645E-11 7.7688E-11 6.8663E-11 6.0066E-11 5.2158E-11 4.4911E-11 3.8192E-11 3.2120E-11 2.6943E-11 2.2306E-11 1.8219E-11 1.4937E-11 1.2247E-11 9.7617E-12 7.6207E-12 5.7033E-12 4.1027E-12 2.5951E-12 1.4945E-12 7.5726E-13
1.0257E-08 1.0087E-08 9.8262E-09 9.4761E-09 9.0544E-09 8.5656E-09 8.0244E-09 7.4477E-09 6.8462E-09 6.2336E-09 5.6275E-09 5.0352E-09 4.4657E-09 3.9271E-09 3.4243E-09 2.9622E-09 2.5426E-09 2.1707E-09 1.8383E-09 1.5485E-09 1.2965E-09 1.0804E-09 9.0371E-10 7.5081E-10 6.2373E-10 5.1238E-10 4.1762E-10 3.3649E-10 2.7224E-10 2.2070E-10 1.7818E-10 1.4635E-10 1.2506E-10 1.0760E-10 9.4182E-11 8.6508E-11 7.8523E-11 7.0361E-11 6.2178E-11 5.4505E-11 4.7397E-11 4.0857E-11 3.4763E-11 2.9315E-11 2.4525E-11 2.0355E-11 1.6587E-11 1.3724E-11 1.1165E-11 8.8584E-12 6.8829E-12 5.1520E-12 3.5941E-12 2.2109E-12 1.3041E-12 5.8379E-13 1.3195E-13
1.0250E-08 1.0067E-08 9.7886E-09 9.4252E-09 8.9856E-09 8.4805E-09 7.9230E-09 7.3366E-09 6.7248E-09 6.1051E-09 5.4895E-09 4.8948E-09 4.3260E-09 3.7897E-09 3.2918E-09 2.8356E-09 2.4220E-09 2.0542E-09 1.7340E-09 1.4501E-09 1.2059E-09 9.9367E-10 8.2285E-10 6.7662E-10 5.5527E-10 4.5044E-10 3.6136E-10 2.8415E-10 2.2266E-10 1.7115E-10 1.3455E-10 1.0876E-10 9.3359E-11 8.4157E-11 7.7475E-11 7.0242E-11 6.2731E-11 5.5282E-11 4.8569E-11 4.2196E-11 3.6389E-11 3.0909E-11 2.6179E-11 2.1862E-11 1.8033E-11 1.4810E-11 1.2259E-11 9.9864E-12 7.8899E-12 6.0417E-12 4.4740E-12 2.9141E-12 1.7513E-12 8.8161E-13 3.7657E-13 0.0000E+00 0.0000E+00
1.0273E-08 1.0074E-08 9.7762E-09 9.3921E-09 8.9331E-09 8.4090E-09 7.8389E-09 7.2352E-09 6.6125E-09 5.9857E-09 5.3653E-09 4.7626E-09 4.1935E-09 3.6595E-09 3.1657E-09 2.7156E-09 2.3106E-09 1.9475E-09 1.6332E-09 1.3607E-09 1.1217E-09 9.1670E-10 7.4722E-10 6.0846E-10 4.9104E-10 3.9167E-10 3.0639E-10 2.3086E-10 1.7433E-10 1.3031E-10 9.9028E-11 8.1115E-11 7.4019E-11 6.8178E-11 6.1633E-11 5.4796E-11 4.8197E-11 4.2149E-11 3.6630E-11 3.1392E-11 2.6769E-11 2.2551E-11 1.8923E-11 1.5502E-11 1.2960E-11 1.0662E-11 8.5536E-12 6.6708E-12 5.0256E-12 3.5294E-12 2.1783E-12 1.2590E-12 5.6340E-13 1.4123E-13 0.0000E+00 0.0000E+00 0.0000E+00
1.0335E-08 1.0105E-08 9.7878E-09 9.3810E-09 8.9006E-09 8.3595E-09 7.7730E-09 7.1525E-09 6.5120E-09 5.8792E-09 5.2514E-09 4.6439E-09 4.0680E-09 3.5362E-09 3.0463E-09 2.6015E-09 2.2033E-09 1.8507E-09 1.5388E-09 1.2758E-09 1.0425E-09 8.4378E-10 6.7577E-10 5.4129E-10 4.2941E-10 3.3479E-10 2.5280E-10 1.8480E-10 1.3521E-10 9.8004E-11 7.4482E-11 6.4086E-11 5.8547E-11 5.2557E-11 4.6702E-11 4.0958E-11 3.5820E-11 3.0723E-11 2.6300E-11 2.2332E-11 1.8801E-11 1.5607E-11 1.3059E-11 1.0925E-11 8.8861E-12 7.0339E-12 5.3045E-12 3.8847E-12 2.4166E-12 1.4405E-12 6.6630E-13 2.4776E-13 0.0000E+00 0.0000E+00 0.0000E+00 0.0000E+00 0.0000E+00
1.0442E-08 1.0184E-08 9.8295E-09 9.3961E-09 8.8923E-09 8.3278E-09 7.7173E-09 7.0795E-09 6.4308E-09 5.7797E-09 5.1448E-09 4.5349E-09 3.9541E-09 3.4187E-09 2.9324E-09 2.4927E-09 2.1006E-09 1.7555E-09 1.4521E-09 1.1907E-09 9.6481E-10 7.6791E-10 6.0635E-10 4.7682E-10 3.7239E-10 2.8370E-10 2.0852E-10 1.4786E-10 1.0494E-10 7.3880E-11 5.6772E-11 4.8473E-11 4.3004E-11 3.8076E-11 3.3420E-11 2.8870E-11 2.4828E-11 2.0845E-11 1.7694E-11 1.4598E-11 1.2412E-11 1.0329E-11 8.6726E-12 6.9416E-12 4.8652E-12 3.3542E-12 1.9696E-12 1.1075E-12 6.6352E-13 0.0000E+00 0.0000E+00 0.0000E+00 0.0000E+00 0.0000E+00 0.0000E+00 0.0000E+00 0.0000E+00
1.0579E-08 1.0300E-08 9.8979E-09 9.4414E-09 8.9104E-09 8.3209E-09 7.6814E-09 7.0225E-09 6.3564E-09 5.6900E-09 5.0449E-09 4.4308E-09 3.8493E-09 3.3061E-09 2.8204E-09 2.3850E-09 1.9981E-09 1.6587E-09 1.3644E-09 1.1067E-09 8.8712E-10 6.9700E-10 5.4326E-10 4.2034E-10 3.2331E-10 2.4109E-10 1.7188E-10 1.1603E-10 7.7080E-11 5.0348E-11 3.8023E-11 3.1941E-11 2.8014E-11 2.3856E-11 2.0559E-11 1.6886E-11 1.4512E-11 1.1116E-11 1.0458E-11 9.3192E-12 6.3825E-12 4.9210E-12 3.6039E-12 2.0105E-12 1.1706E-12 4.7396E-13 0.0000E+00 0.0000E+00 0.0000E+00 0.0000E+00 0.0000E+00 0.0000E+00 0.0000E+00 0.0000E+00 0.0000E+00 0.0000E+00 0.0000E+00
1.0775E-08 1.0462E-08 1.0033E-08 9.5085E-09 8.9481E-09 8.3264E-09 7.6652E-09 6.9794E-09 6.2888E-09 5.6092E-09 4.9469E-09 4.3246E-09 3.7440E-09 3.2027E-09 2.7077E-09 2.2780E-09 1.8979E-09 1.5652E-09 1.2782E-09 1.0310E-09 8.1559E-10 6.3528E-10 4.8702E-10 3.6923E-10 2.7455E-10 1.9424E-10 1.2872E-10 7.8116E-11 4.7564E-11 2.6672E-11 1.8799E-11 1.3568E-11 1.2433E-11 8.3499E-12 7.9060E-12 8.7569E-12 5.3069E-12 3.6744E-12 2.2442E-12 1.1836E-12 6.1319E-13 0.0000E+00 0.0000E+00 0.0000E+00 0.0000E+00 0.0000E+00 0.0000E+00 0.0000E+00 0.0000E+00 0.0000E+00 0.0000E+00 0.0000E+00 0.0000E+00 0.0000E+00 0.0000E+00 0.0000E+00 0.0000E+00
1.1018E-08 1.0663E-08 1.0205E-08 9.6453E-09 9.0073E-09 8.3490E-09 7.6573E-09 6.9463E-09 6.2297E-09 5.5319E-09 4.8595E-09 4.2187E-09 3.6346E-09 3.0992E-09 2.6032E-09 2.1711E-09 1.7981E-09 1.4743E-09 1.1930E-09 9.5403E-10 7.4372E-10 5.6660E-10 4.2206E-10 3.1031E-10 2.2438E-10 1.4953E-10 9.3236E-11 4.9434E-11 2.5250E-11 1.0861E-11 6.2513E-12 5.9281E-12 5.6189E-12 4.2421E-12 3.1457E-12 1.8766E-12 9.7390E-13 4.1382E-13 0.0000E+00 0.0000E+00 0.0000E+00 0.0000E+00 0.0000E+00 0.0000E+00 0.0000E+00 0.0000E+00 0.0000E+00 0.0000E+00 0.0000E+00 0.0000E+00 0.0000E+00 0.0000E+00 0.0000E+00 0.0000E+00 0.0000E+00 0.0000E+00 0.0000E+00
1.1319E-08 1.0914E-08 1.0405E-08 9.8083E-09 9.0949E-09 8.3911E-09 7.6661E-09 6.9227E-09 6.1810E-09 5.4562E-09 4.7729E-09 4.1214E-09 3.5205E-09 2.9843E-09 2.4998E-09 2.0562E-09 1.6861E-09 1.3684E-09 1.0980E-09 8.6905E-10 6.6980E-10 4.9698E-10 3.6164E-10 2.5806E-10 1.7917E-10 1.1447E-10 6.7625E-11 3.2429E-11 1.1121E-11 3.9734E-12 1.2843E-12 9.2705E-13 3.8158E-13 2.0634E-13 7.6842E-14 0.0000E+00 0.0000E+00 0.0000E+00 0.0000E+00 0.0000E+00 0.0000E+00 0.0000E+00 0.0000E+00 0.0000E+00 0.0000E+00 0.0000E+00 0.0000E+00 0.0000E+00 0.0000E+00 0.0000E+00 0.0000E+00 0.0000E+00 0.0000E+00 0.0000E+00 0.0000E+00 0.0000E+00 0.0000E+00
1.1691E-08 1.1225E-08 1.0654E-08 9.9988E-09 9.2642E-09 8.4442E-09 7.6811E-09 6.9088E-09 6.1405E-09 5.3920E-09 4.6865E-09 4.0349E-09 3.4216E-09 2.8804E-09 2.4026E-09 1.9733E-09 1.5988E-09 1.2904E-09 1.0286E-09 8.0823E-10 6.1523E-10 4.4970E-10 3.2047E-10 2.2387E-10 1.5101E-10 9.4901E-11 5.2082E-11 2.0758E-11 5.3496E-12 7.8293E-13 0.0000E+00 0.0000E+00 0.0000E+00 0.0000E+00 0.0000E+00 0.0000E+00 0.0000E+00 0.0000E+00 0.0000E+00 0.0000E+00 0.0000E+00 0.0000E+00 0.0000E+00 0.0000E+00 0.0000E+00 0.0000E+00 0.0000E+00 0.0000E+00 0.0000E+00 0.0000E+00 0.0000E+00 0.0000E+00 0.0000E+00 0.0000E+00 0.0000E+00 0.0000E+00 0.0000E+00
1.2118E-08 1.1578E-08 1.0938E-08 1.0214E-08 9.4304E-09 8.5941E-09 7.7056E-09 6.8994E-09 6.1084E-09 5.3449E-09 4.6136E-09 3.9514E-09 3.3468E-09 2.7885E-09 2.3136E-09 1.8963E-09 1.5231E-09 1.2177E-09 9.6286E-10 7.4944E-10 5.6514E-10 4.0799E-10 2.8504E-10 1.9640E-10 1.2987E-10 7.7674E-11 3.9195E-11 1.2387E-11 2.7573E-12 1.8893E-13 0.0000E+00 0.0000E+00 0.0000E+00 0.0000E+00 0.0000E+00 0.0000E+00 0.0000E+00 0.0000E+00 0.0000E+00 0.0000E+00 0.0000E+00 0.0000E+00 0.0000E+00 0.0000E+00 0.0000E+00 0.0000E+00 0.0000E+00 0.0000E+00 0.0000E+00 0.0000E+00 0.0000E+00 0.0000E+00 0.0000E+00 0.0000E+00 0.0000E+00 0.0000E+00 0.0000E+00
1.2642E-08 1.2009E-08 1.1280E-08 1.0475E-08 9.6163E-09 8.7291E-09 7.7626E-09 6.8911E-09 6.0712E-09 5.2891E-09 4.5500E-09 3.8625E-09 3.2571E-09 2.7039E-09 2.2212E-09 1.8112E-09 1.4507E-09 1.1413E-09 8.9490E-10 6.9165E-10 5.1828E-10 3.7204E-10 2.5584E-10 1.7126E-10 1.0829E-10 6.1710E-11 2.7055E-11 5.5531E-12 1.0897E-12 0.0000E+00 0.0000E+00 0.0000E+00 0.0000E+00 0.0000E+00 0.0000E+00 0.0000E+00 0.0000E+00 0.0000E+00 0.0000E+00 0.0000E+00 0.0000E+00 0.0000E+00 0.0000E+00 0.0000E+00 0.0000E+00 0.0000E+00 0.0000E+00 0.0000E+00 0.0000E+00 0.0000E+00 0.0000E+00 0.0000E+00 0.0000E+00 0.0000E+00 0.0000E+00 0.0000E+00 0.0000E+00
1.3258E-08 1.2517E-08 1.1676E-08 1.0772E-08 9.8288E-09 8.8632E-09 7.8977E-09 6.8777E-09 6.0277E-09 5.2231E-09 4.4749E-09 3.7768E-09 3.1592E-09 2.6155E-09 2.1267E-09 1.7200E-09 1.3707E-09 1.0692E-09 8.3070E-10 6.4059E-10 4.7964E-10 3.4165E-10 2.2930E-10 1.4637E-10 8.8350E-11 4.4593E-11 1.6300E-11 2.6326E-12 2.8884E-13 0.0000E+00 0.0000E+00 0.0000E+00 0.0000E+00 0.0000E+00 0.0000E+00 0.0000E+00 0.0000E+00 0.0000E+00 0.0000E+00 0.0000E+00 0.0000E+00 0.0000E+00 0.0000E+00 0.0000E+00 0.0000E+00 0.0000E+00 0.0000E+00 0.0000E+00 0.0000E+00 0.0000E+00 0.0000E+00 0.0000E+00 0.0000E+00 0.0000E+00 0.0000E+00 0.0000E+00 0.0000E+00
1.3965E-08 1.3106E-08 1.2145E-08 1.1122E-08 1.0073E-08 9.0226E-09 7.9878E-09 6.9739E-09 5.9745E-09 5.1465E-09 4.3828E-09 3.6867E-09 3.0520E-09 2.5118E-09 2.0330E-09 1.6263E-09 1.2910E-09 1.0053E-09 7.7424E-10 5.9684E-10 4.4500E-10 3.1196E-10 2.0209E-10 1.2161E-10 6.8858E-11 3.0344E-11 7.3042E-12 9.6181E-13 0.0000E+00 0.0000E+00 0.0000E+00 0.0000E+00 0.0000E+00 0.0000E+00 0.0000E+00 0.0000E+00 0.0000E+00 0.0000E+00 0.0000E+00 0.0000E+00 0.0000E+00 0.0000E+00 0.0000E+00 0.0000E+00 0.0000E+00 0.0000E+00 0.0000E+00 0.0000E+00 0.0000E+00 0.0000E+00 0.0000E+00 0.0000E+00 0.0000E+00 0.0000E+00 0.0000E+00 0.0000E+00 0.0000E+00
1.4761E-08 1.3778E-08 1.2688E-08 1.1531E-08 1.0359E-08 9.2009E-09 8.0841E-09 7.0158E-09 5.9436E-09 5.0557E-09 4.2795E-09 3.5794E-09 2.9480E-09 2.4035E-09 1.9386E-09 1.5390E-09 1.2160E-09 9.4631E-10 7.2472E-10 5.5518E-10 4.1051E-10 2.8239E-10 1.7328E-10 9.7351E-11 5.0249E-11 1.7880E-11 1.9909E-12 2.1631E-13 0.0000E+00 0.0000E+00 0.0000E+00 0.0000E+00 0.0000E+00 0.0000E+00 0.0000E+00 0.0000E+00 0.0000E+00 0.0000E+00 0.0000E+00 0.0000E+00 0.0000E+00 0.0000E+00 0.0000E+00 0.0000E+00 0.0000E+00 0.0000E+00 0.0000E+00 0.0000E+00 0.0000E+00 0.0000E+00 0.0000E+00 0.0000E+00 0.0000E+00 0.0000E+00 0.0000E+00 0.0000E+00 0.0000E+00
1.5631E-08 1.4513E-08 1.3279E-08 1.1987E-08 1.0678E-08 9.3996E-09 8.1851E-09 7.0513E-09 5.9865E-09 4.9521E-09 4.1654E-09 3.4638E-09 2.8413E-09 2.2977E-09 1.8445E-09 1.4589E-09 1.1442E-09 8.8782E-10 6.7708E-10 5.1374E-10 3.7569E-10 2.5045E-10 1.4504E-10 7.4153E-11 3.2858E-11 8.5477E-12 5.2887E-13 0.0000E+00 0.0000E+00 0.0000E+00 0.0000E+00 0.0000E+00 0.0000E+00 0.0000E+00 0.0000E+00 0.0000E+00 0.0000E+00 0.0000E+00 0.0000E+00 0.0000E+00 0.0000E+00 0.0000E+00 0.0000E+00 0.0000E+00 0.0000E+00 0.0000E+00 0.0000E+00 0.0000E+00 0.0000E+00 0.0000E+00 0.0000E+00 0.0000E+00 0.0000E+00 0.0000E+00 0.0000E+00 0.0000E+00 0.0000E+00
1.6592E-08 1.5330E-08 1.3951E-08 1.2511E-08 1.1062E-08 9.6556E-09 8.3286E-09 7.1095E-09 5.9836E-09 4.9602E-09 4.0408E-09 3.3413E-09 2.7285E-09 2.1957E-09 1.7502E-09 1.3796E-09 1.0740E-09 8.2950E-10 6.3059E-10 4.7281E-10 3.3952E-10 2.1835E-10 1.1838E-10 5.2615E-11 1.9767E-11 1.8520E-12 0.0000E+00 0.0000E+00 0.0000E+00 0.0000E+00 0.0000E+00 0.0000E+00 0.0000E+00 0.0000E+00 0.0000E+00 0.0000E+00 0.0000E+00 0.0000E+00 0.0000E+00 0.0000E+00 0.0000E+00 0.0000E+00 0.0000E+00 0.0000E+00 0.0000E+00 0.0000E+00 0.0000E+00 0.0000E+00 0.0000E+00 0.0000E+00 0.0000E+00 0.0000E+00 0.0000E+00 0.0000E+00 0.0000E+00 0.0000E+00 0.0000E+00
