Assets/Resources/2015_m01_d30_0700(utc+0800)_l00_csi_1hr_conc.grd
DSAA
         159         159
     -79.000      79.000
     -79.000      79.000
  0.0000E+00  0.1609E-04
[rows 25 to 49 of 159, columns 57 to 113 of 159]
0.0000E+00 0.0000E+00 0.0000E+00 0.0000E+00 0.0000E+00 0.0000E+00 0.0000E+00 0.0000E+00 0.0000E+00 0.0000E+00 0.0000E+00 0.0000E+00 0.0000E+00 0.0000E+00 0.0000E+00 0.0000E+00 0.0000E+00 0.0000E+00 0.0000E+00 0.0000E+00 0.0000E+00 0.0000E+00 0.0000E+00 0.0000E+00 0.0000E+00 0.0000E+00 0.0000E+00 0.0000E+00 3.2231E-12 1.1738E-11 2.6633E-11 4.6081E-11 7.7666E-11 1.2066E-10 1.7431E-10 2.3678E-10 3.0340E-10 3.8559E-10 4.8987E-10 5.9444E-10 7.1741E-10 8.5038E-10 1.0007E-09 1.1622E-09 1.3321E-09 1.5209E-09 1.7247E-09 1.9409E-09 2.1677E-09 2.4151E-09 2.6762E-09 2.9203E-09 3.1637E-09 3.4082E-09 3.6535E-09 3.8996E-09 4.1433E-09
0.0000E+00 0.0000E+00 0.0000E+00 0.0000E+00 0.0000E+00 0.0000E+00 0.0000E+00 0.0000E+00 0.0000E+00 0.0000E+00 0.0000E+00 0.0000E+00 0.0000E+00 0.0000E+00 0.0000E+00 0.0000E+00 0.0000E+00 0.0000E+00 0.0000E+00 0.0000E+00 0.0000E+00 0.0000E+00 0.0000E+00 0.0000E+00 0.0000E+00 0.0000E+00 0.0000E+00 5.4833E-13 6.1892E-12 1.9846E-11 3.7535E-11 6.2133E-11 1.0283E-10 1.5067E-10 2.1013E-10 2.8305E-10 3.6491E-10 4.6183E-10 5.7700E-10 6.9349E-10 8.4009E-10 9.9430E-10 1.1473E-09 1.3468E-09 1.5513E-09 1.7719E-09 2.0030E-09 2.2446E-09 2.4989E-09 2.7736E-09 3.0636E-09 3.3317E-09 3.6012E-09 3.8706E-09 4.1401E-09 4.4083E-09 4.6700E-09
0.0000E+00 0.0000E+00 0.0000E+00 0.0000E+00 0.0000E+00 0.0000E+00 0.0000E+00 0.0000E+00 0.0000E+00 0.0000E+00 0.0000E+00 0.0000E+00 0.0000E+00 0.0000E+00 0.0000E+00 0.0000E+00 0.0000E+00 0.0000E+00 0.0000E+00 0.0000E+00 0.0000E+00 0.0000E+00 0.0000E+00 0.0000E+00 0.0000E+00 0.0000E+00 0.0000E+00 2.5053E-12 1.1472E-11 2.9362E-11 4.9536E-11 8.2824E-11 1.3055E-10 1.8179E-10 2.5544E-10 3.4138E-10 4.2941E-10 5.4930E-10 6.7079E-10 8.1522E-10 9.7425E-10 1.1573E-09 1.3553E-09 1.5649E-09 1.7738E-09 2.0451E-09 2.3118E-09 2.5907E-09 2.8805E-09 3.1926E-09 3.5086E-09 3.8062E-09 4.1024E-09 4.3957E-09 4.6865E-09 4.9700E-09 5.2431E-09
0.0000E+00 0.0000E+00 0.0000E+00 0.0000E+00 0.0000E+00 0.0000E+00 0.0000E+00 0.0000E+00 0.0000E+00 0.0000E+00 0.0000E+00 0.0000E+00 0.0000E+00 0.0000E+00 0.0000E+00 0.0000E+00 0.0000E+00 0.0000E+00 0.0000E+00 0.0000E+00 0.0000E+00 0.0000E+00 0.0000E+00 0.0000E+00 0.0000E+00 0.0000E+00 0.0000E+00 5.4610E-12 1.9505E-11 3.9193E-11 6.3764E-11 1.0531E-10 1.5830E-10 2.1626E-10 3.1131E-10 4.0177E-10 5.1000E-10 6.4765E-10 7.8335E-10 9.5309E-10 1.1396E-09 1.3391E-09 1.5678E-09 1.8171E-09 2.0845E-09 2.3698E-09 2.6681E-09 2.9811E-09 3.3067E-09 3.6527E-09 4.0021E-09 4.3317E-09 4.6581E-09 4.9802E-09 5.2953E-09 5.5975E-09 5.8850E-09
0.0000E+00 0.0000E+00 0.0000E+00 0.0000E+00 0.0000E+00 0.0000E+00 0.0000E+00 0.0000E+00 0.0000E+00 0.0000E+00 0.0000E+00 0.0000E+00 0.0000E+00 0.0000E+00 0.0000E+00 0.0000E+00 0.0000E+00 0.0000E+00 0.0000E+00 0.0000E+00 0.0000E+00 0.0000E+00 0.0000E+00 0.0000E+00 0.0000E+00 0.0000E+00 9.6993E-13 9.5873E-12 2.8199E-11 4.9614E-11 8.1042E-11 1.3214E-10 1.8663E-10 2.6548E-10 3.6689E-10 4.7348E-10 6.0897E-10 7.5072E-10 9.2038E-10 1.1064E-09 1.3240E-09 1.5606E-09 1.8164E-09 2.0972E-09 2.4056E-09 2.7337E-09 3.0760E-09 3.4294E-09 3.7961E-09 4.1844E-09 4.5666E-09 4.9289E-09 5.2842E-09 5.6314E-09 5.9633E-09 6.2782E-09 6.5744E-09
0.0000E+00 0.0000E+00 0.0000E+00 0.0000E+00 0.0000E+00 0.0000E+00 0.0000E+00 0.0000E+00 0.0000E+00 0.0000E+00 0.0000E+00 0.0000E+00 0.0000E+00 0.0000E+00 0.0000E+00 0.0000E+00 0.0000E+00 0.0000E+00 0.0000E+00 0.0000E+00 0.0000E+00 0.0000E+00 0.0000E+00 0.0000E+00 0.0000E+00 0.0000E+00 3.4266E-12 1.6504E-11 3.8079E-11 6.2305E-11 1.0195E-10 1.6189E-10 2.2139E-10 3.2300E-10 4.3376E-10 5.6190E-10 7.1700E-10 8.7683E-10 1.0719E-09 1.2820E-09 1.5296E-09 1.8059E-09 2.1073E-09 2.4303E-09 2.7783E-09 3.1479E-09 3.5341E-09 3.9314E-09 4.3436E-09 4.7697E-09 5.1913E-09 5.5921E-09 5.9815E-09 6.3554E-09 6.7082E-09 7.0361E-09 7.3396E-09
0.0000E+00 0.0000E+00 0.0000E+00 0.0000E+00 0.0000E+00 0.0000E+00 0.0000E+00 0.0000E+00 0.0000E+00 0.0000E+00 0.0000E+00 0.0000E+00 0.0000E+00 0.0000E+00 0.0000E+00 0.0000E+00 0.0000E+00 0.0000E+00 0.0000E+00 0.0000E+00 0.0000E+00 0.0000E+00 0.0000E+00 0.0000E+00 0.0000E+00 0.0000E+00 7.1568E-12 2.4182E-11 4.7114E-11 7.5949E-11 1.2722E-10 1.9127E-10 2.7107E-10 3.8875E-10 5.1482E-10 6.6374E-10 8.3090E-10 1.0265E-09 1.2398E-09 1.5008E-09 1.7805E-09 2.0690E-09 2.4274E-09 2.7998E-09 3.2010E-09 3.6227E-09 4.0606E-09 4.5075E-09 4.9701E-09 5.4374E-09 5.8996E-09 6.3361E-09 6.7550E-09 7.1503E-09 7.5163E-09 7.8541E-09 8.1628E-09
0.0000E+00 0.0000E+00 0.0000E+00 0.0000E+00 0.0000E+00 0.0000E+00 0.0000E+00 0.0000E+00 0.0000E+00 0.0000E+00 0.0000E+00 0.0000E+00 0.0000E+00 0.0000E+00 0.0000E+00 0.0000E+00 0.0000E+00 0.0000E+00 0.0000E+00 0.0000E+00 0.0000E+00 0.0000E+00 0.0000E+00 0.0000E+00 0.0000E+00 5.2861E-13 1.1447E-11 3.3566E-11 5.6382E-11 9.3252E-11 1.5621E-10 2.2547E-10 3.3837E-10 4.6293E-10 6.1040E-10 7.8156E-10 9.6614E-10 1.1925E-09 1.4469E-09 1.7295E-09 2.0552E-09 2.4160E-09 2.8060E-09 3.2272E-09 3.6779E-09 4.1532E-09 4.6457E-09 5.1471E-09 5.6608E-09 6.1759E-09 6.6812E-09 7.1592E-09 7.6102E-09 8.0272E-09 8.4088E-09 8.7515E-09 9.0577E-09
0.0000E+00 0.0000E+00 0.0000E+00 0.0000E+00 0.0000E+00 0.0000E+00 0.0000E+00 0.0000E+00 0.0000E+00 0.0000E+00 0.0000E+00 0.0000E+00 0.0000E+00 0.0000E+00 0.0000E+00 0.0000E+00 0.0000E+00 0.0000E+00 0.0000E+00 0.0000E+00 0.0000E+00 0.0000E+00 0.0000E+00 0.0000E+00 0.0000E+00 2.9609E-12 1.6568E-11 4.2065E-11 6.6896E-11 1.1488E-10 1.8382E-10 2.6877E-10 4.0676E-10 5.4912E-10 7.1631E-10 9.0294E-10 1.1289E-09 1.3722E-09 1.6743E-09 2.0042E-09 2.3718E-09 2.7790E-09 3.2264E-09 3.7088E-09 4.2224E-09 4.7607E-09 5.3151E-09 5.8746E-09 6.4436E-09 7.0091E-09 7.5582E-09 8.0725E-09 8.5482E-09 8.9822E-09 9.3732E-09 9.7200E-09 1.0025E-08
0.0000E+00 0.0000E+00 0.0000E+00 0.0000E+00 0.0000E+00 0.0000E+00 0.0000E+00 0.0000E+00 0.0000E+00 0.0000E+00 0.0000E+00 0.0000E+00 0.0000E+00 0.0000E+00 0.0000E+00 0.0000E+00 0.0000E+00 0.0000E+00 0.0000E+00 0.0000E+00 0.0000E+00 0.0000E+00 0.0000E+00 0.0000E+00 0.0000E+00 6.6251E-12 2.4316E-11 4.8842E-11 8.0358E-11 1.4076E-10 2.1416E-10 3.2676E-10 4.8451E-10 6.4714E-10 8.3399E-10 1.0488E-09 1.3070E-09 1.5917E-09 1.9268E-09 2.3079E-09 2.7336E-09 3.1992E-09 3.7075E-09 4.2540E-09 4.8333E-09 5.4367E-09 6.0562E-09 6.6786E-09 7.3065E-09 7.9249E-09 8.5206E-09 9.0737E-09 9.5741E-09 1.0026E-08 1.0422E-08 1.0765E-08 1.1054E-08
0.0000E+00 0.0000E+00 0.0000E+00 0.0000E+00 0.0000E+00 0.0000E+00 0.0000E+00 0.0000E+00 0.0000E+00 0.0000E+00 0.0000E+00 0.0000E+00 0.0000E+00 0.0000E+00 0.0000E+00 0.0000E+00 0.0000E+00 0.0000E+00 0.0000E+00 0.0000E+00 0.0000E+00 0.0000E+00 0.0000E+00 0.0000E+00 0.0000E+00 9.6619E-12 3.2504E-11 5.4791E-11 9.7369E-11 1.6691E-10 2.4824E-10 3.9472E-10 5.7230E-10 7.5204E-10 9.5975E-10 1.2152E-09 1.4928E-09 1.8368E-09 2.2016E-09 2.6517E-09 3.1360E-09 3.6710E-09 4.2486E-09 4.8682E-09 5.5223E-09 6.2000E-09 6.8902E-09 7.5810E-09 8.2686E-09 8.9421E-09 9.5815E-09 1.0167E-08 1.0689E-08 1.1150E-08 1.1550E-08 1.1886E-08 1.2161E-08
0.0000E+00 0.0000E+00 0.0000E+00 0.0000E+00 0.0000E+00 0.0000E+00 0.0000E+00 0.0000E+00 0.0000E+00 0.0000E+00 0.0000E+00 0.0000E+00 0.0000E+00 0.0000E+00 0.0000E+00 0.0000E+00 0.0000E+00 0.0000E+00 0.0000E+00 0.0000E+00 0.0000E+00 0.0000E+00 0.0000E+00 0.0000E+00 1.1829E-12 1.2896E-11 3.9255E-11 6.3319E-11 1.1787E-10 1.9391E-10 3.1042E-10 4.8680E-10 6.6421E-10 8.6910E-10 1.1092E-09 1.3952E-09 1.7213E-09 2.1040E-09 2.5455E-09 3.0440E-09 3.5686E-09 4.2002E-09 4.8551E-09 5.5526E-09 6.2858E-09 7.0452E-09 7.8148E-09 8.5790E-09 9.3345E-09 1.0064E-08 1.0745E-08 1.1363E-08 1.1902E-08 1.2370E-08 1.2762E-08 1.3081E-08 1.3327E-08
0.0000E+00 0.0000E+00 0.0000E+00 0.0000E+00 0.0000E+00 0.0000E+00 0.0000E+00 0.0000E+00 0.0000E+00 0.0000E+00 0.0000E+00 0.0000E+00 0.0000E+00 0.0000E+00 0.0000E+00 0.0000E+00 0.0000E+00 0.0000E+00 0.0000E+00 0.0000E+00 0.0000E+00 0.0000E+00 0.0000E+00 0.0000E+00 3.3042E-12 1.8192E-11 4.4002E-11 7.4269E-11 1.3962E-10 2.2506E-10 3.8730E-10 5.7417E-10 7.7029E-10 9.9328E-10 1.2773E-09 1.5895E-09 1.9720E-09 2.4124E-09 2.9121E-09 3.4769E-09 4.1043E-09 4.7898E-09 5.5322E-09 6.3223E-09 7.1452E-09 7.9883E-09 8.8386E-09 9.6781E-09 1.0499E-08 1.1282E-08 1.2006E-08 1.2648E-08 1.3203E-08 1.3672E-08 1.4056E-08 1.4352E-08 1.4563E-08
0.0000E+00 0.0000E+00 0.0000E+00 0.0000E+00 0.0000E+00 0.0000E+00 0.0000E+00 0.0000E+00 0.0000E+00 0.0000E+00 0.0000E+00 0.0000E+00 0.0000E+00 0.0000E+00 0.0000E+00 0.0000E+00 0.0000E+00 0.0000E+00 0.0000E+00 0.0000E+00 0.0000E+00 0.0000E+00 0.0000E+00 0.0000E+00 5.2434E-12 2.3465E-11 4.8117E-11 8.7798E-11 1.6285E-10 2.7250E-10 4.6470E-10 6.6527E-10 8.7486E-10 1.1420E-09 1.4534E-09 1.8174E-09 2.2507E-09 2.7493E-09 3.3216E-09 3.9602E-09 4.6727E-09 5.4517E-09 6.2864E-09 7.1677E-09 8.0870E-09 9.0254E-09 9.9647E-09 1.0886E-08 1.1776E-08 1.2615E-08 1.3375E-08 1.4041E-08 1.4602E-08 1.5061E-08 1.5421E-08 1.5683E-08 1.5851E-08
0.0000E+00 0.0000E+00 0.0000E+00 0.0000E+00 0.0000E+00 0.0000E+00 0.0000E+00 0.0000E+00 0.0000E+00 0.0000E+00 0.0000E+00 0.0000E+00 0.0000E+00 0.0000E+00 0.0000E+00 0.0000E+00 0.0000E+00 0.0000E+00 0.0000E+00 0.0000E+00 0.0000E+00 0.0000E+00 0.0000E+00 0.0000E+00 7.0345E-12 2.8347E-11 5.2711E-11 1.0300E-10 1.9823E-10 3.5472E-10 5.4366E-10 7.5546E-10 1.0006E-09 1.3017E-09 1.6433E-09 2.0620E-09 2.5600E-09 3.1253E-09 3.7711E-09 4.4944E-09 5.3023E-09 6.1796E-09 7.1188E-09 8.1050E-09 9.1236E-09 1.0158E-08 1.1189E-08 1.2193E-08 1.3149E-08 1.4040E-08 1.4833E-08 1.5522E-08 1.6086E-08 1.6534E-08 1.6861E-08 1.7079E-08 1.7183E-08
0.0000E+00 0.0000E+00 0.0000E+00 0.0000E+00 0.0000E+00 0.0000E+00 0.0000E+00 0.0000E+00 0.0000E+00 0.0000E+00 0.0000E+00 0.0000E+00 0.0000E+00 0.0000E+00 0.0000E+00 0.0000E+00 0.0000E+00 0.0000E+00 0.0000E+00 0.0000E+00 0.0000E+00 0.0000E+00 0.0000E+00 5.8435E-13 9.0071E-12 3.1699E-11 5.8758E-11 1.1933E-10 2.3909E-10 4.1976E-10 6.2901E-10 8.5545E-10 1.1376E-09 1.4629E-09 1.8664E-09 2.3443E-09 2.8950E-09 3.5177E-09 4.2638E-09 5.0829E-09 5.9991E-09 6.9826E-09 8.0280E-09 9.1275E-09 1.0258E-08 1.1397E-08 1.2522E-08 1.3609E-08 1.4636E-08 1.5573E-08 1.6398E-08 1.7094E-08 1.7656E-08 1.8073E-08 1.8363E-08 1.8522E-08 1.8565E-08
0.0000E+00 0.0000E+00 0.0000E+00 0.0000E+00 0.0000E+00 0.0000E+00 0.0000E+00 0.0000E+00 0.0000E+00 0.0000E+00 0.0000E+00 0.0000E+00 0.0000E+00 0.0000E+00 0.0000E+00 0.0000E+00 0.0000E+00 0.0000E+00 0.0000E+00 0.0000E+00 0.0000E+00 0.0000E+00 0.0000E+00 1.3240E-12 1.1312E-11 3.4114E-11 6.6027E-11 1.4144E-10 2.8737E-10 5.0031E-10 7.1752E-10 9.7011E-10 1.2770E-09 1.6494E-09 2.1057E-09 2.6393E-09 3.2645E-09 3.9864E-09 4.8054E-09 5.7281E-09 6.7553E-09 7.8577E-09 9.0218E-09 1.0236E-08 1.1478E-08 1.2726E-08 1.3952E-08 1.5126E-08 1.6213E-08 1.7198E-08 1.8051E-08 1.8759E-08 1.9303E-08 1.9687E-08 1.9916E-08 2.0003E-08 1.9967E-08
0.0000E+00 0.0000E+00 0.0000E+00 0.0000E+00 0.0000E+00 0.0000E+00 0.0000E+00 0.0000E+00 0.0000E+00 0.0000E+00 0.0000E+00 0.0000E+00 0.0000E+00 0.0000E+00 0.0000E+00 0.0000E+00 0.0000E+00 0.0000E+00 0.0000E+00 0.0000E+00 0.0000E+00 0.0000E+00 0.0000E+00 1.9316E-12 1.3226E-11 3.6148E-11 7.3598E-11 1.7303E-10 3.5025E-10 5.8477E-10 8.1140E-10 1.0887E-09 1.4309E-09 1.8530E-09 2.3637E-09 2.9597E-09 3.6644E-09 4.4691E-09 5.3882E-09 6.4263E-09 7.5572E-09 8.7995E-09 1.0096E-08 1.1443E-08 1.2812E-08 1.4172E-08 1.5495E-08 1.6746E-08 1.7892E-08 1.8917E-08 1.9788E-08 2.0490E-08 2.1014E-08 2.1354E-08 2.1517E-08 2.1519E-08 2.1388E-08
0.0000E+00 0.0000E+00 0.0000E+00 0.0000E+00 0.0000E+00 0.0000E+00 0.0000E+00 0.0000E+00 0.0000E+00 0.0000E+00 0.0000E+00 0.0000E+00 0.0000E+00 0.0000E+00 0.0000E+00 0.0000E+00 0.0000E+00 0.0000E+00 0.0000E+00 0.0000E+00 0.0000E+00 0.0000E+00 0.0000E+00 2.3988E-12 1.4928E-11 3.7878E-11 8.1275E-11 2.3544E-10 4.4724E-10 6.5572E-10 9.0773E-10 1.2152E-09 1.5991E-09 2.0725E-09 2.6383E-09 3.3039E-09 4.0886E-09 4.9908E-09 6.0099E-09 7.1641E-09 8.4368E-09 9.8177E-09 1.1254E-08 1.2731E-08 1.4226E-08 1.5708E-08 1.7135E-08 1.8467E-08 1.9672E-08 2.0728E-08 2.1609E-08 2.2292E-08 2.2775E-08 2.3051E-08 2.3133E-08 2.3045E-08 2.2811E-08
0.0000E+00 0.0000E+00 0.0000E+00 0.0000E+00 0.0000E+00 0.0000E+00 0.0000E+00 0.0000E+00 0.0000E+00 0.0000E+00 0.0000E+00 0.0000E+00 0.0000E+00 0.0000E+00 0.0000E+00 0.0000E+00 0.0000E+00 0.0000E+00 0.0000E+00 0.0000E+00 0.0000E+00 0.0000E+00 0.0000E+00 2.8729E-12 1.6041E-11 3.9379E-11 9.3428E-11 2.9346E-10 5.1200E-10 7.3129E-10 1.0044E-09 1.3473E-09 1.7788E-09 2.3016E-09 2.9119E-09 3.6728E-09 4.5409E-09 5.5426E-09 6.6786E-09 7.9581E-09 9.3869E-09 1.0909E-08 1.2501E-08 1.4134E-08 1.5757E-08 1.7351E-08 1.8869E-08 2.0276E-08 2.1528E-08 2.2608E-08 2.3486E-08 2.4150E-08 2.4580E-08 2.4785E-08 2.4765E-08 2.4565E-08 2.4199E-08
0.0000E+00 0.0000E+00 0.0000E+00 0.0000E+00 0.0000E+00 0.0000E+00 0.0000E+00 0.0000E+00 0.0000E+00 0.0000E+00 0.0000E+00 0.0000E+00 0.0000E+00 0.0000E+00 0.0000E+00 0.0000E+00 0.0000E+00 0.0000E+00 0.0000E+00 0.0000E+00 0.0000E+00 0.0000E+00 0.0000E+00 3.2001E-12 1.6602E-11 4.0721E-11 1.2182E-10 3.4367E-10 5.7299E-10 8.0642E-10 1.1062E-09 1.4930E-09 1.9643E-09 2.5406E-09 3.2314E-09 4.0563E-09 4.9970E-09 6.1175E-09 7.3890E-09 8.8106E-09 1.0402E-08 1.2077E-08 1.3821E-08 1.5606E-08 1.7381E-08 1.9099E-08 2.0719E-08 2.2193E-08 2.3489E-08 2.4570E-08 2.5426E-08 2.6035E-08 2.6396E-08 2.6505E-08 2.6391E-08 2.6065E-08 2.5563E-08
0.0000E+00 0.0000E+00 0.0000E+00 0.0000E+00 0.0000E+00 0.0000E+00 0.0000E+00 0.0000E+00 0.0000E+00 0.0000E+00 0.0000E+00 0.0000E+00 0.0000E+00 0.0000E+00 0.0000E+00 0.0000E+00 0.0000E+00 0.0000E+00 0.0000E+00 0.0000E+00 0.0000E+00 0.0000E+00 0.0000E+00 3.3994E-12 1.6637E-11 4.1575E-11 1.6058E-10 4.0686E-10 6.2264E-10 8.8447E-10 1.2211E-09 1.6394E-09 2.1584E-09 2.7843E-09 3.5478E-09 4.4502E-09 5.5095E-09 6.7352E-09 8.1349E-09 9.7266E-09 1.1481E-08 1.3334E-08 1.5262E-08 1.7192E-08 1.9101E-08 2.0933E-08 2.2643E-08 2.4184E-08 2.5509E-08 2.6593E-08 2.7417E-08 2.7967E-08 2.8230E-08 2.8224E-08 2.7971E-08 2.7505E-08 2.6863E-08
0.0000E+00 0.0000E+00 0.0000E+00 0.0000E+00 0.0000E+00 0.0000E+00 0.0000E+00 0.0000E+00 0.0000E+00 0.0000E+00 0.0000E+00 0.0000E+00 0.0000E+00 0.0000E+00 0.0000E+00 0.0000E+00 0.0000E+00 0.0000E+00 0.0000E+00 0.0000E+00 0.0000E+00 0.0000E+00 0.0000E+00 3.4467E-12 1.6195E-11 4.1700E-11 2.2918E-10 4.6205E-10 6.8605E-10 9.7273E-10 1.3333E-09 1.7904E-09 2.3513E-09 3.0445E-09 3.8851E-09 4.8736E-09 6.0381E-09 7.3989E-09 8.9488E-09 1.0744E-08 1.2674E-08 1.4707E-08 1.6817E-08 1.8933E-08 2.0996E-08 2.2948E-08 2.4741E-08 2.6319E-08 2.7643E-08 2.8690E-08 2.9439E-08 2.9887E-08 3.0046E-08 2.9914E-08 2.9519E-08 2.8886E-08 2.8066E-08
0.0000E+00 0.0000E+00 0.0000E+00 0.0000E+00 0.0000E+00 0.0000E+00 0.0000E+00 0.0000E+00 0.0000E+00 0.0000E+00 0.0000E+00 0.0000E+00 0.0000E+00 0.0000E+00 0.0000E+00 0.0000E+00 0.0000E+00 0.0000E+00 0.0000E+00 0.0000E+00 0.0000E+00 0.0000E+00 0.0000E+00 3.2923E-12 1.5480E-11 5.1491E-11 2.7853E-10 4.9639E-10 7.4499E-10 1.0555E-09 1.4472E-09 1.9372E-09 2.5538E-09 3.3108E-09 4.2163E-09 5.2983E-09 6.6075E-09 8.1318E-09 9.8697E-09 1.1922E-08 1.4046E-08 1.6294E-08 1.8583E-08 2.0867E-08 2.3073E-08 2.5135E-08 2.6994E-08 2.8594E-08 2.9900E-08 3.0885E-08 3.1541E-08 3.1854E-08 3.1846E-08 3.1543E-08 3.0977E-08 3.0180E-08 2.9182E-08
0.0000E+00 0.0000E+00 0.0000E+00 0.0000E+00 0.0000E+00 0.0000E+00 0.0000E+00 0.0000E+00 0.0000E+00 0.0000E+00 0.0000E+00 0.0000E+00 0.0000E+00 0.0000E+00 0.0000E+00 0.0000E+00 0.0000E+00 0.0000E+00 0.0000E+00 0.0000E+00 0.0000E+00 0.0000E+00 0.0000E+00 2.9540E-12 1.4355E-11 7.8765E-11 2.9817E-10 5.2526E-10 7.9488E-10 1.1378E-09 1.5643E-09 2.0913E-09 2.7634E-09 3.5724E-09 4.5964E-09 5.8349E-09 7.2979E-09 8.9981E-09 1.1036E-08 1.3255E-08 1.5617E-08 1.8101E-08 2.0617E-08 2.3092E-08 2.5430E-08 2.7585E-08 2.9472E-08 3.1057E-08 3.2297E-08 3.3174E-08 3.3664E-08 3.3824E-08 3.3636E-08 3.3134E-08 3.2352E-08 3.1347E-08 3.0165E-08
