Assets/Resources/2015_m01_d24_0500(utc+0800)_l00_csi_1hr_conc.grd
DSAA
         159         159
     -79.000      79.000
     -79.000      79.000
  0.0000E+00  0.1039E-04
[rows 25 to 49 of 159, columns 0 to 56 of 159]
0.0000E+00 0.0000E+00 0.0000E+00 0.0000E+00 0.0000E+00 0.0000E+00 0.0000E+00 0.0000E+00 0.0000E+00 0.0000E+00 0.0000E+00 0.0000E+00 0.0000E+00 0.0000E+00 0.0000E+00 0.0000E+00 0.0000E+00 0.0000E+00 0.0000E+00 0.0000E+00 0.0000E+00 0.0000E+00 0.0000E+00 0.0000E+00 0.0000E+00 0.0000E+00 0.0000E+00 0.0000E+00 0.0000E+00 0.0000E+00 0.0000E+00 0.0000E+00 0.0000E+00 0.0000E+00 4.1983E-12 8.0765E-12 2.3164E-11 2.9025E-11 4.6228E-11 6.6388E-11 7.5347E-11 9.3284E-11 1.1208E-10 1.3570E-10 1.4968E-10 1.7249E-10 2.0001E-10 2.2447E-10 2.3897E-10 2.5729E-10 2.7191E-10 2.8694E-10 3.0851E-10 3.2828E-10 3.4465E-10 3.6941E-10 3.8634E-10
0.0000E+00 0.0000E+00 0.0000E+00 0.0000E+00 0.0000E+00 0.0000E+00 0.0000E+00 0.0000E+00 0.0000E+00 0.0000E+00 0.0000E+00 0.0000E+00 0.0000E+00 0.0000E+00 0.0000E+00 0.0000E+00 0.0000E+00 0.0000E+00 0.0000E+00 0.0000E+00 0.0000E+00 0.0000E+00 0.0000E+00 0.0000E+00 0.0000E+00 0.0000E+00 0.0000E+00 0.0000E+00 0.0000E+00 0.0000E+00 0.0000E+00 0.0000E+00 0.0000E+00 3.0983E-12 7.9978E-12 1.7631E-11 2.5303E-11 4.0362E-11 5.7191E-11 7.0921E-11 8.9327E-11 1.0297E-10 1.2660E-10 1.4507E-10 1.6510E-10 1.9383E-10 2.1936E-10 2.3428E-10 2.5162E-10 2.6982E-10 2.8497E-10 3.0648E-10 3.2632E-10 3.4285E-10 3.5993E-10 3.8478E-10 4.0466E-10
0.0000E+00 0.0000E+00 0.0000E+00 0.0000E+00 0.0000E+00 0.0000E+00 0.0000E+00 0.0000E+00 0.0000E+00 0.0000E+00 0.0000E+00 0.0000E+00 0.0000E+00 0.0000E+00 0.0000E+00 0.0000E+00 0.0000E+00 0.0000E+00 0.0000E+00 0.0000E+00 0.0000E+00 0.0000E+00 0.0000E+00 0.0000E+00 0.0000E+00 0.0000E+00 0.0000E+00 0.0000E+00 0.0000E+00 0.0000E+00 0.0000E+00 0.0000E+00 0.0000E+00 6.8152E-12 9.6476E-12 2.4944E-11 3.6361E-11 4.8425E-11 6.9901E-11 7.9373E-11 9.9304E-11 1.2355E-10 1.3955E-10 1.6194E-10 1.9237E-10 2.1320E-10 2.3186E-10 2.4920E-10 2.6813E-10 2.8261E-10 2.9764E-10 3.2473E-10 3.4131E-10 3.5781E-10 3.8339E-10 4.0277E-10 4.2426E-10
0.0000E+00 0.0000E+00 0.0000E+00 0.0000E+00 0.0000E+00 0.0000E+00 0.0000E+00 0.0000E+00 0.0000E+00 0.0000E+00 0.0000E+00 0.0000E+00 0.0000E+00 0.0000E+00 0.0000E+00 0.0000E+00 0.0000E+00 0.0000E+00 0.0000E+00 0.0000E+00 0.0000E+00 0.0000E+00 0.0000E+00 0.0000E+00 0.0000E+00 0.0000E+00 0.0000E+00 0.0000E+00 0.0000E+00 0.0000E+00 0.0000E+00 0.0000E+00 6.7382E-12 8.1719E-12 2.0038E-11 3.3404E-11 4.5007E-11 6.2595E-11 7.7080E-11 9.6701E-11 1.1842E-10 1.3363E-10 1.5980E-10 1.8301E-10 2.1060E-10 2.2915E-10 2.4645E-10 2.6532E-10 2.7988E-10 2.9499E-10 3.1731E-10 3.3855E-10 3.5660E-10 3.8072E-10 4.0164E-10 4.2376E-10 4.5310E-10
0.0000E+00 0.0000E+00 0.0000E+00 0.0000E+00 0.0000E+00 0.0000E+00 0.0000E+00 0.0000E+00 0.0000E+00 0.0000E+00 0.0000E+00 0.0000E+00 0.0000E+00 0.0000E+00 0.0000E+00 0.0000E+00 0.0000E+00 0.0000E+00 0.0000E+00 0.0000E+00 0.0000E+00 0.0000E+00 0.0000E+00 0.0000E+00 0.0000E+00 0.0000E+00 0.0000E+00 0.0000E+00 0.0000E+00 0.0000E+00 0.0000E+00 3.1322E-12 6.9580E-12 1.7671E-11 2.7447E-11 3.8449E-11 5.8706E-11 7.2437E-11 9.2470E-11 1.0783E-10 1.2816E-10 1.5347E-10 1.7013E-10 2.0010E-10 2.2323E-10 2.4017E-10 2.5793E-10 2.7678E-10 2.9274E-10 3.0690E-10 3.3612E-10 3.5349E-10 3.7201E-10 3.9860E-10 4.2168E-10 4.4360E-10 5.5258E-10
0.0000E+00 0.0000E+00 0.0000E+00 0.0000E+00 0.0000E+00 0.0000E+00 0.0000E+00 0.0000E+00 0.0000E+00 0.0000E+00 0.0000E+00 0.0000E+00 0.0000E+00 0.0000E+00 0.0000E+00 0.0000E+00 0.0000E+00 0.0000E+00 0.0000E+00 0.0000E+00 0.0000E+00 0.0000E+00 0.0000E+00 0.0000E+00 0.0000E+00 0.0000E+00 0.0000E+00 0.0000E+00 0.0000E+00 0.0000E+00 2.0518E-12 6.8677E-12 9.7311E-12 2.1708E-11 3.7825E-11 4.7123E-11 6.8253E-11 8.5998E-11 1.0156E-10 1.2612E-10 1.3897E-10 1.6758E-10 1.9721E-10 2.1630E-10 2.3690E-10 2.5459E-10 2.7333E-10 2.8933E-10 3.0495E-10 3.3247E-10 3.4992E-10 3.6935E-10 3.9501E-10 4.1905E-10 4.4035E-10 5.4934E-10 6.5927E-10
0.0000E+00 0.0000E+00 0.0000E+00 0.0000E+00 0.0000E+00 0.0000E+00 0.0000E+00 0.0000E+00 0.0000E+00 0.0000E+00 0.0000E+00 0.0000E+00 0.0000E+00 0.0000E+00 0.0000E+00 0.0000E+00 0.0000E+00 0.0000E+00 0.0000E+00 0.0000E+00 0.0000E+00 0.0000E+00 0.0000E+00 0.0000E+00 0.0000E+00 0.0000E+00 0.0000E+00 0.0000E+00 0.0000E+00 0.0000E+00 5.6901E-12 9.5984E-12 1.9271E-11 3.2800E-11 4.1476E-11 6.2415E-11 7.8833E-11 9.7082E-11 1.1544E-10 1.3315E-10 1.6081E-10 1.8380E-10 2.0525E-10 2.3040E-10 2.4769E-10 2.6528E-10 2.8557E-10 3.0122E-10 3.1664E-10 3.4589E-10 3.6540E-10 3.9411E-10 4.1506E-10 4.3650E-10 5.4570E-10 6.1528E-10 6.9975E-10
0.0000E+00 0.0000E+00 0.0000E+00 0.0000E+00 0.0000E+00 0.0000E+00 0.0000E+00 0.0000E+00 0.0000E+00 0.0000E+00 0.0000E+00 0.0000E+00 0.0000E+00 0.0000E+00 0.0000E+00 0.0000E+00 0.0000E+00 0.0000E+00 0.0000E+00 0.0000E+00 0.0000E+00 0.0000E+00 0.0000E+00 0.0000E+00 0.0000E+00 0.0000E+00 0.0000E+00 0.0000E+00 0.0000E+00 4.5468E-12 8.3560E-12 1.1247E-11 2.9712E-11 3.9609E-11 4.8526E-11 7.0933E-11 8.9356E-11 1.0435E-10 1.3002E-10 1.4971E-10 1.7225E-10 2.0188E-10 2.2290E-10 2.4385E-10 2.6132E-10 2.8146E-10 2.9712E-10 3.1256E-10 3.4142E-10 3.6098E-10 3.8202E-10 4.1227E-10 4.3206E-10 4.5528E-10 6.1051E-10 6.9120E-10 7.3906E-10
0.0000E+00 0.0000E+00 0.0000E+00 0.0000E+00 0.0000E+00 0.0000E+00 0.0000E+00 0.0000E+00 0.0000E+00 0.0000E+00 0.0000E+00 0.0000E+00 0.0000E+00 0.0000E+00 0.0000E+00 0.0000E+00 0.0000E+00 0.0000E+00 0.0000E+00 0.0000E+00 0.0000E+00 0.0000E+00 0.0000E+00 0.0000E+00 0.0000E+00 0.0000E+00 0.0000E+00 0.0000E+00 2.0566E-12 6.8694E-12 9.7431E-12 2.3918E-11 3.5610E-11 4.4198E-11 6.5239E-11 8.4239E-11 9.9654E-11 1.2122E-10 1.4079E-10 1.6630E-10 1.9171E-10 2.1500E-10 2.3677E-10 2.5381E-10 2.7275E-10 2.9267E-10 3.0893E-10 3.2479E-10 3.5611E-10 3.7719E-10 4.0721E-10 4.2706E-10 4.5037E-10 6.0421E-10 6.8262E-10 7.2955E-10 8.7782E-10
0.0000E+00 0.0000E+00 0.0000E+00 0.0000E+00 0.0000E+00 0.0000E+00 0.0000E+00 0.0000E+00 0.0000E+00 0.0000E+00 0.0000E+00 0.0000E+00 0.0000E+00 0.0000E+00 0.0000E+00 0.0000E+00 0.0000E+00 0.0000E+00 0.0000E+00 0.0000E+00 0.0000E+00 0.0000E+00 0.0000E+00 0.0000E+00 0.0000E+00 0.0000E+00 0.0000E+00 0.0000E+00 5.6851E-12 8.4757E-12 1.1413E-11 2.9350E-11 4.2214E-11 5.2355E-11 7.7788E-11 9.1583E-11 1.1282E-10 1.3137E-10 1.5438E-10 1.8338E-10 2.0747E-10 2.2455E-10 2.4939E-10 2.6818E-10 2.8790E-10 3.0330E-10 3.1997E-10 3.5082E-10 3.7191E-10 3.9417E-10 4.2153E-10 4.4490E-10 5.5034E-10 6.7221E-10 7.1767E-10 7.6970E-10 9.7491E-10
0.0000E+00 0.0000E+00 0.0000E+00 0.0000E+00 0.0000E+00 0.0000E+00 0.0000E+00 0.0000E+00 0.0000E+00 0.0000E+00 0.0000E+00 0.0000E+00 0.0000E+00 0.0000E+00 0.0000E+00 0.0000E+00 0.0000E+00 0.0000E+00 0.0000E+00 0.0000E+00 0.0000E+00 0.0000E+00 0.0000E+00 0.0000E+00 0.0000E+00 0.0000E+00 0.0000E+00 3.4900E-12 8.3331E-12 1.1225E-11 2.5190E-11 3.5940E-11 4.5989E-11 6.9261E-11 8.6278E-11 9.8517E-11 1.2311E-10 1.4644E-10 1.6945E-10 1.9601E-10 2.2033E-10 2.4174E-10 2.6006E-10 2.7855E-10 2.9817E-10 3.1479E-10 3.3344E-10 3.6620E-10 3.8845E-10 4.1549E-10 4.3888E-10 4.6468E-10 6.2363E-10 7.0535E-10 7.5474E-10 9.5757E-10 1.0761E-09
0.0000E+00 0.0000E+00 0.0000E+00 0.0000E+00 0.0000E+00 0.0000E+00 0.0000E+00 0.0000E+00 0.0000E+00 0.0000E+00 0.0000E+00 0.0000E+00 0.0000E+00 0.0000E+00 0.0000E+00 0.0000E+00 0.0000E+00 0.0000E+00 0.0000E+00 0.0000E+00 0.0000E+00 0.0000E+00 0.0000E+00 0.0000E+00 0.0000E+00 0.0000E+00 1.0214E-12 5.7474E-12 8.5728E-12 1.3924E-11 3.0908E-11 4.0364E-11 5.2733E-11 8.0431E-11 9.5683E-11 1.1309E-10 1.3922E-10 1.5844E-10 1.8975E-10 2.1155E-10 2.2903E-10 2.5427E-10 2.7335E-10 2.9273E-10 3.0928E-10 3.2788E-10 3.6008E-10 3.8229E-10 4.0230E-10 4.3373E-10 4.5816E-10 6.0451E-10 6.9113E-10 7.3894E-10 9.2885E-10 1.0523E-09 1.1427E-09
0.0000E+00 0.0000E+00 0.0000E+00 0.0000E+00 0.0000E+00 0.0000E+00 0.0000E+00 0.0000E+00 0.0000E+00 0.0000E+00 0.0000E+00 0.0000E+00 0.0000E+00 0.0000E+00 0.0000E+00 0.0000E+00 0.0000E+00 0.0000E+00 0.0000E+00 0.0000E+00 0.0000E+00 0.0000E+00 0.0000E+00 0.0000E+00 0.0000E+00 0.0000E+00 4.5841E-12 8.4143E-12 1.1339E-11 2.6881E-11 3.8396E-11 4.7075E-11 7.0302E-11 8.6107E-11 1.0134E-10 1.2938E-10 1.4883E-10 1.6902E-10 2.0256E-10 2.2430E-10 2.4608E-10 2.6465E-10 2.8278E-10 3.0346E-10 3.2197E-10 3.4203E-10 3.7572E-10 3.9567E-10 4.1903E-10 4.5111E-10 5.5507E-10 6.3932E-10 7.2334E-10 8.6539E-10 9.8531E-10 1.1140E-09 1.2112E-09
0.0000E+00 0.0000E+00 0.0000E+00 0.0000E+00 0.0000E+00 0.0000E+00 0.0000E+00 0.0000E+00 0.0000E+00 0.0000E+00 0.0000E+00 0.0000E+00 0.0000E+00 0.0000E+00 0.0000E+00 0.0000E+00 0.0000E+00 0.0000E+00 0.0000E+00 0.0000E+00 0.0000E+00 0.0000E+00 0.0000E+00 0.0000E+00 0.0000E+00 3.4632E-12 7.1747E-12 1.0011E-11 1.5125E-11 3.3291E-11 4.2761E-11 5.1995E-11 8.1916E-11 9.6830E-11 1.1684E-10 1.4251E-10 1.6169E-10 1.9100E-10 2.1126E-10 2.3206E-10 2.5683E-10 2.7696E-10 2.9300E-10 3.1576E-10 3.3572E-10 3.6151E-10 3.8864E-10 4.1192E-10 4.4357E-10 4.6997E-10 6.1808E-10 7.0478E-10 7.6127E-10 9.5297E-10 1.0828E-09 1.1768E-09 1.4335E-09
0.0000E+00 0.0000E+00 0.0000E+00 0.0000E+00 0.0000E+00 0.0000E+00 0.0000E+00 0.0000E+00 0.0000E+00 0.0000E+00 0.0000E+00 0.0000E+00 0.0000E+00 0.0000E+00 0.0000E+00 0.0000E+00 0.0000E+00 0.0000E+00 0.0000E+00 0.0000E+00 0.0000E+00 0.0000E+00 0.0000E+00 0.0000E+00 0.0000E+00 4.6181E-12 8.4724E-12 1.2754E-11 2.4961E-11 3.8547E-11 4.8609E-11 7.3000E-11 8.7155E-11 1.0166E-10 1.3187E-10 1.4944E-10 1.6837E-10 2.0291E-10 2.2610E-10 2.4397E-10 2.6692E-10 2.8682E-10 3.0844E-10 3.2909E-10 3.5011E-10 3.8047E-10 4.0439E-10 4.2673E-10 4.6189E-10 5.6630E-10 6.4993E-10 7.4088E-10 8.8376E-10 1.0513E-09 1.1412E-09 1.3425E-09 1.5642E-09
0.0000E+00 0.0000E+00 0.0000E+00 0.0000E+00 0.0000E+00 0.0000E+00 0.0000E+00 0.0000E+00 0.0000E+00 0.0000E+00 0.0000E+00 0.0000E+00 0.0000E+00 0.0000E+00 0.0000E+00 0.0000E+00 0.0000E+00 0.0000E+00 0.0000E+00 0.0000E+00 0.0000E+00 0.0000E+00 0.0000E+00 0.0000E+00 3.4864E-12 7.2192E-12 1.0077E-11 1.7985E-11 3.3412E-11 4.2902E-11 5.5513E-11 7.9087E-11 9.2863E-11 1.1691E-10 1.4506E-10 1.6359E-10 1.9048E-10 2.1406E-10 2.3456E-10 2.6079E-10 2.8040E-10 2.9741E-10 3.2217E-10 3.4132E-10 3.6562E-10 3.9648E-10 4.1870E-10 4.5188E-10 4.7787E-10 6.2669E-10 7.1909E-10 7.7286E-10 9.6997E-10 1.1033E-09 1.2024E-09 1.4629E-09 1.6544E-09
0.0000E+00 0.0000E+00 0.0000E+00 0.0000E+00 0.0000E+00 0.0000E+00 0.0000E+00 0.0000E+00 0.0000E+00 0.0000E+00 0.0000E+00 0.0000E+00 0.0000E+00 0.0000E+00 0.0000E+00 0.0000E+00 0.0000E+00 0.0000E+00 0.0000E+00 0.0000E+00 0.0000E+00 0.0000E+00 0.0000E+00 0.0000E+00 4.6392E-12 9.8635E-12 1.3869E-11 2.1516E-11 3.7581E-11 4.7215E-11 6.7246E-11 8.7986E-11 1.0198E-10 1.3200E-10 1.5043E-10 1.7080E-10 2.0458E-10 2.2204E-10 2.4679E-10 2.7061E-10 2.9061E-10 3.0917E-10 3.3397E-10 3.5353E-10 3.7957E-10 4.1029E-10 4.3553E-10 4.6615E-10 5.7309E-10 6.5416E-10 7.4915E-10 8.9563E-10 1.0662E-09 1.1608E-09 1.4088E-09 1.5913E-09 1.7469E-09
0.0000E+00 0.0000E+00 0.0000E+00 0.0000E+00 0.0000E+00 0.0000E+00 0.0000E+00 0.0000E+00 0.0000E+00 0.0000E+00 0.0000E+00 0.0000E+00 0.0000E+00 0.0000E+00 0.0000E+00 0.0000E+00 0.0000E+00 0.0000E+00 0.0000E+00 0.0000E+00 0.0000E+00 0.0000E+00 0.0000E+00 3.5000E-12 7.2436E-12 1.1440E-11 1.8080E-11 3.1141E-11 4.4273E-11 5.5720E-11 7.9079E-11 9.3566E-11 1.1477E-10 1.4039E-10 1.5850E-10 1.8879E-10 2.1569E-10 2.3693E-10 2.5599E-10 2.7959E-10 3.0197E-10 3.2557E-10 3.4575E-10 3.6689E-10 4.0153E-10 4.2659E-10 4.4904E-10 4.8379E-10 6.3716E-10 7.2535E-10 7.8116E-10 9.7982E-10 1.1163E-09 1.3091E-09 1.4811E-09 1.6737E-09 1.9510E-09
0.0000E+00 0.0000E+00 0.0000E+00 0.0000E+00 0.0000E+00 0.0000E+00 0.0000E+00 0.0000E+00 0.0000E+00 0.0000E+00 0.0000E+00 0.0000E+00 0.0000E+00 0.0000E+00 0.0000E+00 0.0000E+00 0.0000E+00 0.0000E+00 0.0000E+00 0.0000E+00 0.0000E+00 0.0000E+00 1.0179E-12 6.0236E-12 9.8844E-12 1.5201E-11 2.3010E-11 3.7587E-11 4.7215E-11 6.5807E-11 8.3249E-11 9.9170E-11 1.2973E-10 1.5247E-10 1.7215E-10 1.9895E-10 2.2322E-10 2.4431E-10 2.7117E-10 2.9280E-10 3.1347E-10 3.3771E-10 3.5865E-10 3.8543E-10 4.1552E-10 4.3879E-10 4.6589E-10 4.9941E-10 6.5904E-10 7.5427E-10 9.0226E-10 1.0239E-09 1.1654E-09 1.4180E-09 1.5998E-09 1.7626E-09 2.1068E-09
0.0000E+00 0.0000E+00 0.0000E+00 0.0000E+00 0.0000E+00 0.0000E+00 0.0000E+00 0.0000E+00 0.0000E+00 0.0000E+00 0.0000E+00 0.0000E+00 0.0000E+00 0.0000E+00 0.0000E+00 0.0000E+00 0.0000E+00 0.0000E+00 0.0000E+00 0.0000E+00 0.0000E+00 0.0000E+00 3.5038E-12 7.2478E-12 1.1461E-11 1.8125E-11 2.7624E-11 4.0624E-11 5.3452E-11 7.6228E-11 9.1960E-11 1.1224E-10 1.3999E-10 1.6030E-10 1.8448E-10 2.1188E-10 2.3390E-10 2.5633E-10 2.8205E-10 3.0490E-10 3.2507E-10 3.5016E-10 3.7061E-10 3.9874E-10 4.2898E-10 4.5585E-10 4.8871E-10 6.0138E-10 6.8273E-10 7.8457E-10 9.8442E-10 1.1162E-09 1.3132E-09 1.4819E-09 1.6793E-09 1.9531E-09 2.2185E-09
0.0000E+00 0.0000E+00 0.0000E+00 0.0000E+00 0.0000E+00 0.0000E+00 0.0000E+00 0.0000E+00 0.0000E+00 0.0000E+00 0.0000E+00 0.0000E+00 0.0000E+00 0.0000E+00 0.0000E+00 0.0000E+00 0.0000E+00 0.0000E+00 0.0000E+00 0.0000E+00 0.0000E+00 0.0000E+00 6.0230E-12 8.7943E-12 1.4097E-11 2.1899E-11 3.5187E-11 4.9902E-11 6.3452E-11 8.0209E-11 1.0280E-10 1.2901E-10 1.4975E-10 1.6983E-10 1.9982E-10 2.2390E-10 2.4564E-10 2.6525E-10 2.9192E-10 3.1683E-10 3.3936E-10 3.6165E-10 3.8480E-10 4.1153E-10 4.4405E-10 4.7012E-10 5.0672E-10 6.5990E-10 7.5278E-10 9.0478E-10 1.0207E-09 1.1630E-09 1.4133E-09 1.5978E-09 1.7556E-09 2.1004E-09 2.3813E-09
0.0000E+00 0.0000E+00 0.0000E+00 0.0000E+00 0.0000E+00 0.0000E+00 0.0000E+00 0.0000E+00 0.0000E+00 0.0000E+00 0.0000E+00 0.0000E+00 0.0000E+00 0.0000E+00 0.0000E+00 0.0000E+00 0.0000E+00 0.0000E+00 0.0000E+00 0.0000E+00 0.0000E+00 2.4641E-12 6.1650E-12 1.1450E-11 1.8914E-11 2.5485E-11 4.0494E-11 5.4847E-11 7.3793E-11 8.8958E-11 1.0788E-10 1.3864E-10 1.6024E-10 1.7645E-10 2.0664E-10 2.3118E-10 2.5335E-10 2.7979E-10 3.0526E-10 3.2408E-10 3.5067E-10 3.7408E-10 4.0159E-10 4.3338E-10 4.5918E-10 4.8553E-10 6.0182E-10 6.8271E-10 7.8255E-10 9.7852E-10 1.1033E-09 1.2082E-09 1.4726E-09 1.6626E-09 1.9419E-09 2.1952E-09 2.4988E-09
0.0000E+00 0.0000E+00 0.0000E+00 0.0000E+00 0.0000E+00 0.0000E+00 0.0000E+00 0.0000E+00 0.0000E+00 0.0000E+00 0.0000E+00 0.0000E+00 0.0000E+00 0.0000E+00 0.0000E+00 0.0000E+00 0.0000E+00 0.0000E+00 0.0000E+00 0.0000E+00 0.0000E+00 4.9591E-12 8.7727E-12 1.4079E-11 2.1878E-11 3.0765E-11 4.6490E-11 5.7564E-11 7.9758E-11 1.0022E-10 1.1849E-10 1.4609E-10 1.6592E-10 1.9370E-10 2.1635E-10 2.4297E-10 2.6760E-10 2.9279E-10 3.1528E-10 3.3702E-10 3.6185E-10 3.8705E-10 4.1545E-10 4.4642E-10 4.7399E-10 5.0771E-10 6.2207E-10 7.0421E-10 8.0960E-10 1.0121E-09 1.1502E-09 1.3538E-09 1.5282E-09 1.7321E-09 2.0713E-09 2.3459E-09 2.6130E-09
0.0000E+00 0.0000E+00 0.0000E+00 0.0000E+00 0.0000E+00 0.0000E+00 0.0000E+00 0.0000E+00 0.0000E+00 0.0000E+00 0.0000E+00 0.0000E+00 0.0000E+00 0.0000E+00 0.0000E+00 0.0000E+00 0.0000E+00 0.0000E+00 0.0000E+00 0.0000E+00 2.4554E-12 6.1403E-12 1.1407E-11 1.8862E-11 2.5668E-11 3.7966E-11 5.0218E-11 6.4187E-11 8.3716E-11 1.0518E-10 1.3220E-10 1.5690E-10 1.7318E-10 2.0206E-10 2.2621E-10 2.5035E-10 2.7661E-10 3.0313E-10 3.2637E-10 3.4766E-10 3.7692E-10 3.9771E-10 4.2783E-10 4.6218E-10 4.8776E-10 5.2559E-10 6.8104E-10 7.6867E-10 9.2409E-10 1.0452E-09 1.1909E-09 1.4492E-09 1.6362E-09 1.9056E-09 2.1552E-09 2.4415E-09 2.7200E-09
0.0000E+00 0.0000E+00 0.0000E+00 0.0000E+00 0.0000E+00 0.0000E+00 0.0000E+00 0.0000E+00 0.0000E+00 0.0000E+00 0.0000E+00 0.0000E+00 0.0000E+00 0.0000E+00 0.0000E+00 0.0000E+00 0.0000E+00 0.0000E+00 0.0000E+00 0.0000E+00 3.5582E-12 8.7270E-12 1.4022E-11 2.2573E-11 2.9528E-11 4.5047E-11 5.7982E-11 7.6650E-11 9.2641E-11 1.1561E-10 1.4051E-10 1.6238E-10 1.8507E-10 2.1226E-10 2.3523E-10 2.6292E-10 2.9019E-10 3.1166E-10 3.3648E-10 3.6338E-10 3.8489E-10 4.1023E-10 4.4033E-10 4.7536E-10 5.0486E-10 5.4270E-10 7.0247E-10 7.9631E-10 9.5285E-10 1.1230E-09 1.2297E-09 1.4999E-09 1.6932E-09 1.9790E-09 2.2888E-09 2.5400E-09 2.8190E-09
