Assets/Resources/2015_m01_d09_1900(utc+0800)_l00_csi_1hr_conc.grd
DSAA
         159         159
     -79.000      79.000
     -79.000      79.000
  0.8818E-09  0.3548E-05
[rows 50 to 74 of 159, columns 57 to 113 of 159]
1.0382E-08 1.0484E-08 1.0557E-08 1.0600E-08 1.0613E-08 1.0596E-08 1.0550E-08 1.0478E-08 1.0231E-08 1.0114E-08 9.9794E-09 9.8273E-09 9.6474E-09 9.4587E-09 9.0583E-09 8.6851E-09 8.5418E-09 8.3972E-09 8.2526E-09 7.9785E-09 7.8561E-09 7.7343E-09 7.4943E-09 7.3461E-09 7.1984E-09 7.0248E-09 6.9363E-09 6.8225E-09 6.7172E-09 6.6384E-09 6.5418E-09 6.4559E-09 6.3454E-09 6.2500E-09 6.1814E-09 6.1119E-09 6.0417E-09 5.9708E-09 5.8996E-09 5.8280E-09 5.7562E-09 5.6844E-09 5.6127E-09 5.5411E-09 5.4697E-09 5.3987E-09 5.3281E-09 5.2580E-09 5.1884E-09 5.1194E-09 5.0510E-09 4.9832E-09 4.9162E-09 4.8499E-09 4.7760E-09 4.6666E-09 4.5906E-09
1.1464E-08 1.1581E-08 1.1663E-08 1.1708E-08 1.1718E-08 1.1691E-08 1.1630E-08 1.1537E-08 1.1414E-08 1.1263E-08 1.0898E-08 1.0703E-08 1.0484E-08 1.0251E-08 1.0003E-08 9.7507E-09 9.1330E-09 8.9603E-09 8.7883E-09 8.6183E-09 8.4513E-09 8.1721E-09 8.0318E-09 7.8940E-09 7.6817E-09 7.4356E-09 7.2858E-09 7.1147E-09 7.0225E-09 6.9080E-09 6.7996E-09 6.7158E-09 6.6053E-09 6.5148E-09 6.4006E-09 6.3258E-09 6.2503E-09 6.1742E-09 6.0977E-09 6.0209E-09 5.9440E-09 5.8671E-09 5.7904E-09 5.7139E-09 5.6378E-09 5.5620E-09 5.4868E-09 5.4122E-09 5.3382E-09 5.2649E-09 5.1923E-09 5.1204E-09 5.0494E-09 4.9792E-09 4.9099E-09 4.8331E-09 4.7286E-09
1.2701E-08 1.2835E-08 1.2928E-08 1.2977E-08 1.2982E-08 1.2945E-08 1.2866E-08 1.2748E-08 1.2594E-08 1.2407E-08 1.2193E-08 1.1936E-08 1.1428E-08 1.1141E-08 1.0843E-08 1.0534E-08 1.0038E-08 9.8018E-09 9.5690E-09 9.1760E-09 8.9798E-09 8.7886E-09 8.6033E-09 8.3255E-09 8.1703E-09 7.9661E-09 7.7113E-09 7.5129E-09 7.3611E-09 7.1919E-09 7.0957E-09 6.9786E-09 6.8867E-09 6.7783E-09 6.6700E-09 6.5485E-09 6.4674E-09 6.3857E-09 6.3036E-09 6.2214E-09 6.1390E-09 6.0568E-09 5.9748E-09 5.8932E-09 5.8119E-09 5.7312E-09 5.6511E-09 5.5717E-09 5.4931E-09 5.4152E-09 5.3382E-09 5.2621E-09 5.1869E-09 5.1126E-09 5.0393E-09 4.9670E-09 4.8957E-09
1.4109E-08 1.4264E-08 1.4369E-08 1.4423E-08 1.4424E-08 1.4373E-08 1.4274E-08 1.4127E-08 1.3937E-08 1.3709E-08 1.3439E-08 1.3130E-08 1.2792E-08 1.2425E-08 1.1783E-08 1.1407E-08 1.0820E-08 1.0538E-08 1.0262E-08 9.9925E-09 9.7321E-09 9.3334E-09 9.1180E-09 8.9106E-09 8.7116E-09 8.4403E-09 8.2211E-09 8.0241E-09 7.7706E-09 7.5331E-09 7.4230E-09 7.2543E-09 7.1539E-09 7.0342E-09 6.9378E-09 6.8216E-09 6.6931E-09 6.6055E-09 6.5176E-09 6.4295E-09 6.3415E-09 6.2536E-09 6.1661E-09 6.0789E-09 5.9923E-09 5.9064E-09 5.8211E-09 5.7367E-09 5.6531E-09 5.5705E-09 5.4888E-09 5.4082E-09 5.3286E-09 5.2501E-09 5.1727E-09 5.0963E-09 5.0211E-09
1.5706E-08 1.5886E-08 1.6006E-08 1.6064E-08 1.6061E-08 1.5996E-08 1.5872E-08 1.5692E-08 1.5461E-08 1.5184E-08 1.4852E-08 1.4482E-08 1.4071E-08 1.3633E-08 1.3170E-08 1.2695E-08 1.1966E-08 1.1351E-08 1.1024E-08 1.0707E-08 1.0402E-08 1.0109E-08 9.8290E-09 9.4367E-09 9.2077E-09 8.9890E-09 8.7189E-09 8.5321E-09 8.2584E-09 8.0281E-09 7.7787E-09 7.5834E-09 7.4336E-09 7.3015E-09 7.1970E-09 7.0930E-09 6.9691E-09 6.8338E-09 6.7397E-09 6.6456E-09 6.5515E-09 6.4576E-09 6.3642E-09 6.2713E-09 6.1791E-09 6.0876E-09 5.9969E-09 5.9072E-09 5.8185E-09 5.7308E-09 5.6443E-09 5.5589E-09 5.4747E-09 5.3917E-09 5.3100E-09 5.2294E-09 5.1501E-09
1.7507E-08 1.7716E-08 1.7854E-08 1.7919E-08 1.7911E-08 1.7830E-08 1.7678E-08 1.7461E-08 1.7182E-08 1.6845E-08 1.6448E-08 1.6006E-08 1.5512E-08 1.4993E-08 1.4432E-08 1.3868E-08 1.3000E-08 1.2561E-08 1.2134E-08 1.1491E-08 1.1133E-08 1.0792E-08 1.0467E-08 1.0160E-08 9.8691E-09 9.4923E-09 9.1821E-09 8.9705E-09 8.7162E-09 8.5323E-09 8.2806E-09 7.9748E-09 7.7681E-09 7.6078E-09 7.4675E-09 7.3549E-09 7.2432E-09 7.1118E-09 6.9702E-09 6.8696E-09 6.7691E-09 6.6690E-09 6.5694E-09 6.4704E-09 6.3723E-09 6.2749E-09 6.1786E-09 6.0833E-09 5.9892E-09 5.8963E-09 5.8046E-09 5.7143E-09 5.6252E-09 5.5375E-09 5.4512E-09 5.3663E-09 5.2827E-09
1.9528E-08 1.9771E-08 2.0317E-08 2.0424E-08 2.0440E-08 1.9890E-08 1.9708E-08 1.9448E-08 1.9115E-08 1.8711E-08 1.8244E-08 1.7713E-08 1.7132E-08 1.6507E-08 1.5845E-08 1.5177E-08 1.4517E-08 1.3627E-08 1.3124E-08 1.2640E-08 1.2179E-08 1.1535E-08 1.1159E-08 1.0805E-08 1.0471E-08 1.0157E-08 9.8630E-09 9.4385E-09 9.1499E-09 8.9438E-09 8.7022E-09 8.5205E-09 8.1697E-09 7.9466E-09 7.7880E-09 7.6278E-09 7.5073E-09 7.3879E-09 7.2492E-09 7.1017E-09 6.9945E-09 6.8878E-09 6.7817E-09 6.6764E-09 6.5720E-09 6.4685E-09 6.3662E-09 6.2651E-09 6.1653E-09 6.0669E-09 5.9699E-09 5.8743E-09 5.7802E-09 5.6876E-09 5.5965E-09 5.5070E-09 5.4189E-09
2.2206E-08 2.2537E-08 2.2770E-08 2.2899E-08 2.2921E-08 2.2820E-08 2.2102E-08 2.1820E-08 2.1454E-08 2.1008E-08 2.0487E-08 1.9624E-08 1.8944E-08 1.8196E-08 1.7420E-08 1.6633E-08 1.5855E-08 1.4802E-08 1.4212E-08 1.3647E-08 1.3108E-08 1.2599E-08 1.2121E-08 1.1501E-08 1.1118E-08 1.0760E-08 1.0426E-08 1.0033E-08 9.7568E-09 9.4395E-09 9.1090E-09 8.9075E-09 8.6440E-09 8.3955E-09 8.0875E-09 7.9512E-09 7.7819E-09 7.6534E-09 7.5266E-09 7.3809E-09 7.2277E-09 7.1141E-09 7.0012E-09 6.8892E-09 6.7783E-09 6.6684E-09 6.5599E-09 6.4527E-09 6.3469E-09 6.2427E-09 6.1400E-09 6.0390E-09 5.9396E-09 5.8419E-09 5.7458E-09 5.6515E-09 5.5588E-09
2.4842E-08 2.5235E-08 2.5513E-08 2.5670E-08 2.5829E-08 2.5768E-08 2.5379E-08 2.4372E-08 2.4102E-08 2.3625E-08 2.3053E-08 2.2390E-08 2.1392E-08 2.0075E-08 1.9582E-08 1.8612E-08 1.7653E-08 1.6824E-08 1.6026E-08 1.4934E-08 1.4273E-08 1.3653E-08 1.3075E-08 1.2538E-08 1.1987E-08 1.1407E-08 1.1027E-08 1.0582E-08 1.0550E-08 1.0157E-08 9.6522E-09 9.3575E-09 9.1017E-09 8.8319E-09 8.5708E-09 8.2974E-09 8.1071E-09 7.9291E-09 7.7929E-09 7.6586E-09 7.4688E-09 7.3480E-09 7.2280E-09 7.1090E-09 6.9912E-09 6.8746E-09 6.7595E-09 6.6460E-09 6.5340E-09 6.4237E-09 6.3152E-09 6.2085E-09 6.1035E-09 6.0005E-09 5.8992E-09 5.7999E-09 5.7023E-09
2.7763E-08 2.8228E-08 2.8675E-08 2.8903E-08 2.8993E-08 2.9643E-08 2.9460E-08 2.9007E-08 2.7817E-08 2.7426E-08 2.6800E-08 2.6062E-08 2.5197E-08 2.3982E-08 2.2437E-08 2.0548E-08 1.9977E-08 1.8926E-08 1.7913E-08 1.6951E-08 1.6048E-08 1.4915E-08 1.4425E-08 1.3717E-08 1.3074E-08 1.2266E-08 1.2108E-08 1.2180E-08 1.1529E-08 1.1027E-08 1.0477E-08 1.0085E-08 9.7791E-09 9.2101E-09 9.0090E-09 8.7028E-09 8.4542E-09 8.2551E-09 8.0688E-09 7.9251E-09 7.7837E-09 7.5894E-09 7.4620E-09 7.3357E-09 7.2107E-09 7.0872E-09 6.9653E-09 6.8450E-09 6.7266E-09 6.6100E-09 6.4954E-09 6.3827E-09 6.2720E-09 6.1633E-09 6.0567E-09 5.9521E-09 5.8495E-09
3.1460E-08 3.2231E-08 3.2774E-08 3.3167E-08 3.3535E-08 3.3647E-08 3.3420E-08 3.3094E-08 3.3766E-08 3.2199E-08 3.1549E-08 3.0881E-08 2.9914E-08 2.8805E-08 2.8682E-08 2.6516E-08 2.4312E-08 2.1821E-08 2.0496E-08 1.9235E-08 1.8764E-08 1.7551E-08 1.6440E-08 1.5192E-08 1.9226E-08 2.0031E-08 1.4546E-08 1.3732E-08 1.2873E-08 1.2129E-08 1.1476E-08 1.0948E-08 1.0367E-08 9.9401E-09 9.6121E-09 9.1365E-09 8.8598E-09 8.6020E-09 8.3947E-09 8.2007E-09 8.0496E-09 7.9014E-09 7.7032E-09 7.5693E-09 7.4369E-09 7.3061E-09 7.1770E-09 7.0499E-09 6.9247E-09 6.8015E-09 6.6805E-09 6.5616E-09 6.4449E-09 6.3304E-09 6.2182E-09 6.1082E-09 6.0004E-09
3.5699E-08 3.6640E-08 3.7444E-08 3.8245E-08 3.8781E-08 3.9146E-08 4.0407E-08 4.0384E-08 4.0350E-08 4.0288E-08 3.9906E-08 3.9244E-08 3.8328E-08 3.7085E-08 3.5580E-08 3.3902E-08 3.2157E-08 2.8954E-08 2.5855E-08 2.7321E-08 2.6545E-08 2.5827E-08 2.5118E-08 2.6041E-08 2.6826E-08 2.5505E-08 2.4207E-08 2.2597E-08 2.0836E-08 1.9146E-08 1.7485E-08 1.1989E-08 1.1326E-08 1.0834E-08 1.0144E-08 9.8162E-09 9.2921E-09 9.0061E-09 8.6954E-09 8.5254E-09 8.3243E-09 8.1662E-09 7.9628E-09 7.8098E-09 7.6696E-09 7.5312E-09 7.3948E-09 7.2604E-09 7.1282E-09 6.9982E-09 6.8705E-09 6.7452E-09 6.6223E-09 6.5018E-09 6.3837E-09 6.2681E-09 6.1548E-09
4.0323E-08 4.1614E-08 4.2949E-08 4.4052E-08 4.5142E-08 4.5991E-08 4.6604E-08 4.7025E-08 4.7274E-08 4.7349E-08 4.7160E-08 4.6638E-08 4.5777E-08 4.4446E-08 4.2737E-08 4.0820E-08 3.8693E-08 4.1370E-08 4.0243E-08 3.7029E-08 3.4530E-08 3.3298E-08 3.7033E-08 3.6327E-08 3.5269E-08 3.3821E-08 3.1991E-08 2.9834E-08 2.7221E-08 2.4602E-08 2.2008E-08 1.9720E-08 1.7536E-08 1.1679E-08 1.1026E-08 1.0359E-08 9.9563E-09 9.6399E-09 9.1413E-09 8.8244E-09 8.6468E-09 8.4392E-09 8.2596E-09 8.0571E-09 7.9089E-09 7.7626E-09 7.6185E-09 7.4766E-09 7.3371E-09 7.2001E-09 7.0655E-09 6.9335E-09 6.8041E-09 6.6774E-09 6.5532E-09 6.4317E-09 6.3128E-09
4.5115E-08 4.6890E-08 4.8467E-08 5.0069E-08 5.1460E-08 5.2705E-08 5.3965E-08 5.4771E-08 5.5432E-08 5.5913E-08 5.6046E-08 5.5803E-08 5.5081E-08 5.3743E-08 5.1856E-08 5.4137E-08 5.3127E-08 5.2110E-08 5.1118E-08 5.1870E-08 5.6997E-08 5.3476E-08 4.9253E-08 4.8672E-08 4.7477E-08 4.5610E-08 4.3090E-08 4.0008E-08 3.6516E-08 3.2586E-08 2.8770E-08 2.5112E-08 2.1855E-08 1.9011E-08 1.6430E-08 1.1235E-08 1.0494E-08 1.0111E-08 9.7756E-09 9.2651E-09 8.9435E-09 8.7586E-09 8.5287E-09 8.3471E-09 8.1546E-09 8.0002E-09 7.8481E-09 7.6984E-09 7.5514E-09 7.4070E-09 7.2653E-09 7.1264E-09 6.9903E-09 6.8571E-09 6.7267E-09 6.5991E-09 6.4744E-09
5.0498E-08 5.2575E-08 5.4725E-08 5.6716E-08 5.8613E-08 6.0584E-08 6.2358E-08 6.3857E-08 6.5139E-08 6.6220E-08 6.6861E-08 6.7078E-08 6.6630E-08 6.5396E-08 6.8328E-08 6.7693E-08 6.6994E-08 6.6296E-08 7.1479E-08 7.6008E-08 7.6344E-08 7.6186E-08 7.5356E-08 7.0098E-08 6.4730E-08 6.2308E-08 5.8826E-08 5.4434E-08 4.9373E-08 4.3759E-08 3.8154E-08 3.2757E-08 2.7984E-08 2.3750E-08 2.0195E-08 1.7062E-08 1.1416E-08 1.0638E-08 1.0234E-08 9.8852E-09 9.3359E-09 9.0522E-09 8.8052E-09 8.6270E-09 8.4173E-09 8.2438E-09 8.0834E-09 7.9258E-09 7.7709E-09 7.6189E-09 7.4698E-09 7.3238E-09 7.1808E-09 7.0409E-09 6.9040E-09 6.7702E-09 6.6394E-09
5.6205E-08 5.8905E-08 6.1516E-08 6.4104E-08 6.6803E-08 6.9430E-08 7.1964E-08 7.4407E-08 7.6568E-08 7.8479E-08 7.9879E-08 8.0785E-08 8.0794E-08 8.4952E-08 8.5038E-08 8.4962E-08 8.7996E-08 9.7380E-08 9.9340E-08 1.0113E-07 1.0250E-07 1.0309E-07 1.0262E-07 1.0082E-07 9.7492E-08 8.6992E-08 8.0503E-08 7.4305E-08 6.7068E-08 5.9244E-08 5.1067E-08 4.3304E-08 3.6241E-08 3.0127E-08 2.4998E-08 2.0771E-08 1.7370E-08 1.1482E-08 1.0740E-08 1.0326E-08 9.7879E-09 9.4002E-09 9.1304E-09 8.9003E-09 8.6893E-09 8.4932E-09 8.3244E-09 8.1584E-09 7.9955E-09 7.8356E-09 7.6790E-09 7.5256E-09 7.3754E-09 7.2286E-09 7.0851E-09 6.9448E-09 6.8079E-09
6.2431E-08 6.5642E-08 6.8913E-08 7.2381E-08 7.5815E-08 7.9368E-08 8.2828E-08 8.6479E-08 8.9835E-08 9.2865E-08 9.5312E-08 9.7196E-08 1.0282E-07 1.0477E-07 1.0573E-07 1.1918E-07 1.2276E-07 1.2655E-07 1.3045E-07 1.3403E-07 1.3693E-07 1.3868E-07 1.3881E-07 1.3691E-07 1.3272E-07 1.2619E-07 1.1527E-07 1.0206E-07 9.0647E-08 7.9613E-08 6.8376E-08 5.7451E-08 4.7332E-08 3.8524E-08 3.1288E-08 2.5403E-08 2.0806E-08 1.7198E-08 1.1530E-08 1.0805E-08 1.0391E-08 9.8013E-09 9.4257E-09 9.2202E-09 8.9562E-09 8.7595E-09 8.5708E-09 8.3963E-09 8.2250E-09 8.0571E-09 7.8926E-09 7.7316E-09 7.5741E-09 7.4202E-09 7.2698E-09 7.1229E-09 6.9796E-09
6.8929E-08 7.2825E-08 7.7006E-08 8.1245E-08 8.5741E-08 9.0371E-08 9.5007E-08 1.0006E-07 1.0499E-07 1.0944E-07 1.1327E-07 1.1642E-07 1.2823E-07 1.3645E-07 1.4503E-07 1.5071E-07 1.5678E-07 1.6316E-07 1.6968E-07 1.7587E-07 1.8094E-07 1.8431E-07 1.8531E-07 1.8336E-07 1.7809E-07 1.6945E-07 1.5769E-07 1.4341E-07 1.2538E-07 1.0658E-07 9.0256E-08 7.5206E-08 6.1407E-08 4.9295E-08 3.9305E-08 3.1268E-08 2.4928E-08 2.0267E-08 1.2237E-08 1.1525E-08 1.0837E-08 1.0432E-08 9.8593E-09 9.5109E-09 9.2669E-09 9.0215E-09 8.8225E-09 8.6392E-09 8.4594E-09 8.2832E-09 8.1106E-09 7.9418E-09 7.7768E-09 7.6155E-09 7.4581E-09 7.3044E-09 7.1544E-09
7.5700E-08 8.0487E-08 8.5464E-08 9.0732E-08 9.6446E-08 1.0234E-07 1.0838E-07 1.1504E-07 1.2193E-07 1.2812E-07 1.3371E-07 1.5076E-07 1.6207E-07 1.7164E-07 1.7986E-07 1.8860E-07 1.9792E-07 2.0772E-07 2.1765E-07 2.2731E-07 2.3533E-07 2.4082E-07 2.4297E-07 2.4100E-07 2.3441E-07 2.2314E-07 2.0757E-07 1.8849E-07 1.6699E-07 1.4432E-07 1.1893E-07 9.7692E-08 7.8692E-08 6.2667E-08 4.9132E-08 3.8329E-08 2.9918E-08 2.3731E-08 1.9024E-08 1.2152E-08 1.1313E-08 1.0847E-08 1.0291E-08 9.8540E-09 9.5494E-09 9.2887E-09 9.0792E-09 8.8869E-09 8.6983E-09 8.5136E-09 8.3328E-09 8.1559E-09 7.9831E-09 7.8144E-09 7.6497E-09 7.4890E-09 7.3323E-09
8.2631E-08 8.8293E-08 9.4248E-08 1.0075E-07 1.0775E-07 1.1511E-07 1.2273E-07 1.3118E-07 1.4040E-07 1.5128E-07 1.6941E-07 1.8196E-07 1.9461E-07 2.0833E-07 2.2012E-07 2.3269E-07 2.4606E-07 2.6008E-07 2.7434E-07 2.8810E-07 3.0011E-07 3.0823E-07 3.1179E-07 3.0978E-07 3.0158E-07 2.8712E-07 2.6693E-07 2.4367E-07 2.1502E-07 1.8500E-07 1.5501E-07 1.2715E-07 1.0002E-07 7.8379E-08 6.0581E-08 4.6669E-08 3.5834E-08 2.7748E-08 2.1917E-08 1.7733E-08 1.2031E-08 1.1281E-08 1.0844E-08 1.0248E-08 9.8566E-09 9.6004E-09 9.3407E-09 9.1391E-09 8.9416E-09 8.7481E-09 8.5588E-09 8.3738E-09 8.1931E-09 8.0167E-09 7.8445E-09 7.6767E-09 7.5131E-09
8.9710E-08 9.6168E-08 1.0317E-07 1.1101E-07 1.1941E-07 1.2838E-07 1.3773E-07 1.4814E-07 1.6390E-07 1.7794E-07 1.9743E-07 2.1354E-07 2.3036E-07 2.4884E-07 2.6500E-07 2.8209E-07 3.0028E-07 3.1929E-07 3.3879E-07 3.5734E-07 3.7362E-07 3.8537E-07 3.9054E-07 3.8844E-07 3.7833E-07 3.6012E-07 3.4105E-07 3.0806E-07 2.7021E-07 2.3143E-07 1.9335E-07 1.5740E-07 1.2555E-07 9.7989E-08 7.3994E-08 5.5969E-08 4.2446E-08 3.2285E-08 2.5057E-08 1.9900E-08 1.2612E-08 1.1732E-08 1.1241E-08 1.0655E-08 1.0199E-08 9.8813E-09 9.6067E-09 9.3957E-09 9.1889E-09 8.9866E-09 8.7886E-09 8.5952E-09 8.4064E-09 8.2221E-09 8.0424E-09 7.8673E-09 7.6966E-09
9.6542E-08 1.0391E-07 1.1211E-07 1.2122E-07 1.3110E-07 1.4175E-07 1.5443E-07 1.6959E-07 1.8596E-07 2.0699E-07 2.2681E-07 2.4656E-07 2.6807E-07 2.9144E-07 3.1310E-07 3.3528E-07 3.5889E-07 3.8367E-07 4.0890E-07 4.3279E-07 4.5357E-07 4.6952E-07 4.7661E-07 4.7431E-07 4.6198E-07 4.6144E-07 4.2783E-07 3.8232E-07 3.3292E-07 2.8266E-07 2.3485E-07 1.9059E-07 1.5093E-07 1.1715E-07 8.9333E-08 6.7075E-08 4.9512E-08 3.7043E-08 2.8274E-08 2.2106E-08 1.7778E-08 1.2395E-08 1.1649E-08 1.0991E-08 1.0591E-08 1.0167E-08 9.9170E-09 9.6562E-09 9.4401E-09 9.2286E-09 9.0219E-09 8.8199E-09 8.6228E-09 8.4305E-09 8.2431E-09 8.0605E-09 7.8826E-09
1.0304E-07 1.1130E-07 1.2070E-07 1.3106E-07 1.4322E-07 1.5660E-07 1.7127E-07 1.8732E-07 2.0669E-07 2.3208E-07 2.5587E-07 2.7970E-07 3.0623E-07 3.3478E-07 3.6247E-07 3.8991E-07 4.1927E-07 4.5041E-07 4.8152E-07 5.1090E-07 5.3635E-07 5.5564E-07 5.6592E-07 5.6325E-07 6.0867E-07 5.8751E-07 5.3305E-07 4.6870E-07 4.0216E-07 3.3797E-07 2.7801E-07 2.2436E-07 1.7713E-07 1.3664E-07 1.0359E-07 7.7277E-08 5.7187E-08 4.2248E-08 3.1513E-08 2.4276E-08 1.9260E-08 1.2904E-08 1.2063E-08 1.1545E-08 1.0994E-08 1.0543E-08 1.0194E-08 9.9204E-09 9.6947E-09 9.4740E-09 9.2583E-09 9.0477E-09 8.8421E-09 8.6417E-09 8.4464E-09 8.2562E-09 8.0710E-09
1.0901E-07 1.1819E-07 1.2862E-07 1.4103E-07 1.5450E-07 1.6922E-07 1.8559E-07 2.0369E-07 2.2612E-07 2.5594E-07 2.8307E-07 3.1139E-07 3.4291E-07 3.7658E-07 4.1048E-07 4.4332E-07 4.7845E-07 5.1568E-07 5.5256E-07 5.8718E-07 6.1713E-07 6.3945E-07 6.5189E-07 7.7998E-07 8.1518E-07 7.5927E-07 6.7052E-07 5.7176E-07 4.7813E-07 3.9461E-07 3.2125E-07 2.5694E-07 2.0190E-07 1.5500E-07 1.1707E-07 8.6990E-08 6.3915E-08 4.6907E-08 3.4759E-08 2.6334E-08 2.0812E-08 1.3414E-08 1.2480E-08 1.1921E-08 1.1323E-08 1.0910E-08 1.0475E-08 1.0228E-08 9.9525E-09 9.7224E-09 9.4976E-09 9.2781E-09 9.0640E-09 8.8553E-09 8.6521E-09 8.4541E-09 8.2615E-09
1.1425E-07 1.2447E-07 1.3578E-07 1.4886E-07 1.6360E-07 1.8000E-07 1.9826E-07 2.1824E-07 2.4341E-07 2.7714E-07 3.0728E-07 3.3979E-07 3.7596E-07 4.1434E-07 4.5419E-07 4.9206E-07 5.3274E-07 5.7518E-07 6.1727E-07 6.5650E-07 6.9018E-07 7.1515E-07 9.3145E-07 1.1262E-06 1.1288E-06 1.0261E-06 8.6212E-07 6.9720E-07 5.5977E-07 4.5009E-07 3.6088E-07 2.8643E-07 2.2363E-07 1.7150E-07 1.2877E-07 9.5353E-08 6.9762E-08 5.0917E-08 3.7471E-08 2.8213E-08 2.2066E-08 1.3964E-08 1.3076E-08 1.2296E-08 1.1655E-08 1.1306E-08 1.0845E-08 1.0502E-08 1.0213E-08 9.9735E-09 9.7394E-09 9.5110E-09 9.2882E-09 9.0712E-09 8.8598E-09 8.6540E-09 8.4539E-09
