Assets/Resources/2015_m01_d14_1500(utc+0800)_l00_csi_1hr_conc.grd
DSAA
         159         159
     -79.000      79.000
     -79.000      79.000
  0.0000E+00  0.2246E-05
[rows 0 to 24 of 159, columns 57 to 113 of 159]
7.3369E-09 6.8144E-09 6.3099E-09 5.8254E-09 5.3670E-09 4.9303E-09 4.5172E-09 4.1222E-09 3.7478E-09 3.4085E-09 3.1075E-09 2.8283E-09 2.5731E-09 2.3401E-09 2.1266E-09 1.9288E-09 1.7460E-09 1.5775E-09 1.4187E-09 1.2692E-09 1.1372E-09 1.0211E-09 9.1172E-10 8.1251E-10 7.1904E-10 6.3810E-10 5.6126E-10 4.9702E-10 4.3531E-10 3.8181E-10 3.3078E-10 2.8633E-10 2.5001E-10 2.1597E-10 1.8462E-10 1.5680E-10 1.2969E-10 1.0556E-10 8.5273E-11 6.9264E-11 5.4003E-11 4.2896E-11 3.1341E-11 2.1574E-11 1.5306E-11 9.9989E-12 4.3844E-12 8.7210E-13 0.0000E+00 0.0000E+00 0.0000E+00 0.0000E+00 0.0000E+00 0.0000E+00 0.0000E+00 0.0000E+00 0.0000E+00
7.5524E-09 7.0070E-09 6.4840E-09 5.9831E-09 5.5054E-09 5.0554E-09 4.6260E-09 4.2249E-09 3.8392E-09 3.4835E-09 3.1697E-09 2.8829E-09 2.6209E-09 2.3817E-09 2.1625E-09 1.9608E-09 1.7744E-09 1.6026E-09 1.4424E-09 1.2910E-09 1.1543E-09 1.0354E-09 9.2770E-10 8.2333E-10 7.3206E-10 6.4596E-10 5.7189E-10 5.0259E-10 4.4309E-10 3.8671E-10 3.3725E-10 2.8984E-10 2.5293E-10 2.1859E-10 1.8580E-10 1.5767E-10 1.3264E-10 1.0694E-10 8.5506E-11 6.9425E-11 5.5418E-11 4.2960E-11 3.1378E-11 2.1599E-11 1.5670E-11 1.0016E-11 4.3919E-12 8.7151E-13 0.0000E+00 0.0000E+00 0.0000E+00 0.0000E+00 0.0000E+00 0.0000E+00 0.0000E+00 0.0000E+00 0.0000E+00
7.7621E-09 7.1929E-09 6.6475E-09 6.1292E-09 5.6381E-09 5.1699E-09 4.7295E-09 4.3115E-09 3.9199E-09 3.5602E-09 3.2270E-09 2.9331E-09 2.6640E-09 2.4183E-09 2.1941E-09 1.9888E-09 1.7991E-09 1.6244E-09 1.4626E-09 1.3094E-09 1.1694E-09 1.0477E-09 9.3844E-10 8.3602E-10 7.3995E-10 6.5640E-10 5.7745E-10 5.0718E-10 4.4696E-10 3.9300E-10 3.3979E-10 2.9615E-10 2.5554E-10 2.1976E-10 1.8761E-10 1.6028E-10 1.3397E-10 1.0712E-10 8.6720E-11 6.9469E-11 5.5438E-11 4.2958E-11 3.1368E-11 2.1593E-11 1.5670E-11 1.0018E-11 4.3935E-12 8.6988E-13 0.0000E+00 0.0000E+00 0.0000E+00 0.0000E+00 0.0000E+00 0.0000E+00 0.0000E+00 0.0000E+00 0.0000E+00
7.9675E-09 7.3699E-09 6.8038E-09 6.2667E-09 5.7580E-09 5.2820E-09 4.8238E-09 4.3985E-09 3.9987E-09 3.6199E-09 3.2831E-09 2.9774E-09 2.7022E-09 2.4512E-09 2.2218E-09 2.0125E-09 1.8201E-09 1.6429E-09 1.4794E-09 1.3253E-09 1.1829E-09 1.0578E-09 9.4724E-10 8.4359E-10 7.4632E-10 6.6180E-10 5.8572E-10 5.1364E-10 4.4994E-10 3.9547E-10 3.4271E-10 2.9759E-10 2.5657E-10 2.2150E-10 1.8922E-10 1.6061E-10 1.3518E-10 1.0818E-10 8.6655E-11 6.9396E-11 5.4791E-11 4.2889E-11 3.0992E-11 2.1138E-11 1.5307E-11 1.0007E-11 4.3892E-12 8.6722E-13 0.0000E+00 0.0000E+00 0.0000E+00 0.0000E+00 0.0000E+00 0.0000E+00 0.0000E+00 0.0000E+00 0.0000E+00
8.1735E-09 7.5426E-09 6.9516E-09 6.3947E-09 5.8694E-09 5.3765E-09 4.9174E-09 4.4740E-09 4.0654E-09 3.6774E-09 3.3294E-09 3.0161E-09 2.7346E-09 2.4781E-09 2.2444E-09 2.0319E-09 1.8371E-09 1.6577E-09 1.4929E-09 1.3379E-09 1.1937E-09 1.0658E-09 9.5402E-10 8.4937E-10 7.5473E-10 6.6581E-10 5.8904E-10 5.1620E-10 4.5296E-10 3.9712E-10 3.4716E-10 2.9950E-10 2.5813E-10 2.2182E-10 1.9039E-10 1.6162E-10 1.3607E-10 1.0837E-10 8.5314E-11 6.9205E-11 5.4635E-11 4.2754E-11 3.0892E-11 2.1074E-11 1.5264E-11 9.9822E-12 4.3791E-12 8.6353E-13 0.0000E+00 0.0000E+00 0.0000E+00 0.0000E+00 0.0000E+00 0.0000E+00 0.0000E+00 0.0000E+00 0.0000E+00
8.3670E-09 7.7151E-09 7.0883E-09 6.5123E-09 5.9714E-09 5.4621E-09 4.9926E-09 4.5462E-09 4.1217E-09 3.7327E-09 3.3716E-09 3.0503E-09 2.7621E-09 2.5010E-09 2.2631E-09 2.0470E-09 1.8500E-09 1.6689E-09 1.5027E-09 1.3471E-09 1.2021E-09 1.0720E-09 9.5872E-10 8.5331E-10 7.5799E-10 6.6839E-10 5.9110E-10 5.2172E-10 4.5408E-10 3.9795E-10 3.4773E-10 2.9976E-10 2.5815E-10 2.2363E-10 1.9020E-10 1.6134E-10 1.3575E-10 1.0900E-10 8.4953E-11 6.8898E-11 5.4390E-11 4.2553E-11 2.9736E-11 2.0980E-11 1.5200E-11 9.9434E-12 4.3630E-12 4.3267E-13 0.0000E+00 0.0000E+00 0.0000E+00 0.0000E+00 0.0000E+00 0.0000E+00 0.0000E+00 0.0000E+00 0.0000E+00
8.5457E-09 7.8784E-09 7.2384E-09 6.6205E-09 6.0630E-09 5.5413E-09 5.0563E-09 4.6040E-09 4.1760E-09 3.7720E-09 3.4026E-09 3.0770E-09 2.7823E-09 2.5171E-09 2.2762E-09 2.0573E-09 1.8586E-09 1.6762E-09 1.5089E-09 1.3531E-09 1.2076E-09 1.0758E-09 9.6128E-10 8.5536E-10 7.5959E-10 6.7322E-10 5.9189E-10 5.2221E-10 4.5724E-10 3.9795E-10 3.4853E-10 3.0274E-10 2.5873E-10 2.2309E-10 1.8964E-10 1.6177E-10 1.3617E-10 1.0845E-10 8.4445E-11 6.7372E-11 5.4059E-11 4.1972E-11 2.9141E-11 2.0857E-11 1.5115E-11 8.8094E-12 3.9634E-12 4.2950E-13 0.0000E+00 0.0000E+00 0.0000E+00 0.0000E+00 0.0000E+00 0.0000E+00 0.0000E+00 0.0000E+00 0.0000E+00
8.7122E-09 8.0244E-09 7.3670E-09 6.7340E-09 6.1438E-09 5.6085E-09 5.1107E-09 4.6506E-09 4.2185E-09 3.8074E-09 3.4335E-09 3.0994E-09 2.7994E-09 2.5292E-09 2.2847E-09 2.0631E-09 1.8628E-09 1.6796E-09 1.5116E-09 1.3558E-09 1.2098E-09 1.0771E-09 9.6167E-10 8.5549E-10 7.5950E-10 6.7295E-10 5.9138E-10 5.2157E-10 4.5647E-10 3.9809E-10 3.4766E-10 3.0183E-10 2.6106E-10 2.2123E-10 1.8976E-10 1.6089E-10 1.3535E-10 1.0761E-10 8.3793E-11 6.6848E-11 5.3641E-11 4.0654E-11 2.8921E-11 2.0372E-11 1.5010E-11 8.3956E-12 3.5182E-12 4.2585E-13 0.0000E+00 0.0000E+00 0.0000E+00 0.0000E+00 0.0000E+00 0.0000E+00 0.0000E+00 0.0000E+00 0.0000E+00
8.8649E-09 8.1545E-09 7.4774E-09 6.8402E-09 6.2311E-09 5.6652E-09 5.1565E-09 4.6861E-09 4.2485E-09 3.8364E-09 3.4504E-09 3.1105E-09 2.8068E-09 2.5340E-09 2.2878E-09 2.0641E-09 1.8625E-09 1.6790E-09 1.5107E-09 1.3550E-09 1.2090E-09 1.0763E-09 9.5987E-10 8.5368E-10 7.5771E-10 6.7118E-10 5.9334E-10 5.1979E-10 4.5471E-10 3.9944E-10 3.4606E-10 3.0031E-10 2.5959E-10 2.2091E-10 1.8848E-10 1.5970E-10 1.3310E-10 1.0669E-10 8.1923E-11 6.6215E-11 5.3140E-11 4.0278E-11 2.7229E-11 2.0195E-11 1.3470E-11 7.9576E-12 3.4918E-12 4.2174E-13 0.0000E+00 0.0000E+00 0.0000E+00 0.0000E+00 0.0000E+00 0.0000E+00 0.0000E+00 0.0000E+00 0.0000E+00
9.0028E-09 8.2700E-09 7.5738E-09 6.9203E-09 6.3108E-09 5.7293E-09 5.1888E-09 4.7101E-09 4.2695E-09 3.8535E-09 3.4647E-09 3.1168E-09 2.8080E-09 2.5346E-09 2.2855E-09 2.0604E-09 1.8579E-09 1.6744E-09 1.5062E-09 1.3508E-09 1.2053E-09 1.0728E-09 9.5588E-10 8.4995E-10 7.5421E-10 6.6791E-10 5.9029E-10 5.1689E-10 4.5198E-10 3.9694E-10 3.4374E-10 2.9816E-10 2.5854E-10 2.1907E-10 1.8682E-10 1.5821E-10 1.3178E-10 1.0420E-10 8.1010E-11 6.4521E-11 5.1596E-11 3.8434E-11 2.6946E-11 1.8948E-11 1.2719E-11 7.4735E-12 3.1163E-12 4.1717E-13 0.0000E+00 0.0000E+00 0.0000E+00 0.0000E+00 0.0000E+00 0.0000E+00 0.0000E+00 0.0000E+00 0.0000E+00
9.1256E-09 8.3703E-09 7.6549E-09 6.9852E-09 6.3621E-09 5.7844E-09 5.2253E-09 4.7289E-09 4.2785E-09 3.8599E-09 3.4746E-09 3.1152E-09 2.8035E-09 2.5269E-09 2.2779E-09 2.0518E-09 1.8489E-09 1.6657E-09 1.4981E-09 1.3434E-09 1.1987E-09 1.0667E-09 9.4971E-10 8.4429E-10 7.4903E-10 6.6316E-10 5.8595E-10 5.1287E-10 4.4829E-10 3.9360E-10 3.4071E-10 2.9540E-10 2.5603E-10 2.1680E-10 1.8481E-10 1.5638E-10 1.2923E-10 1.0295E-10 7.9033E-11 6.3700E-11 4.9888E-11 3.7964E-11 2.5601E-11 1.7778E-11 1.1813E-11 7.3952E-12 3.0842E-12 4.1218E-13 0.0000E+00 0.0000E+00 0.0000E+00 0.0000E+00 0.0000E+00 0.0000E+00 0.0000E+00 0.0000E+00 0.0000E+00
9.2328E-09 8.4558E-09 7.7225E-09 7.0378E-09 6.4009E-09 5.8122E-09 5.2653E-09 4.7446E-09 4.2798E-09 3.8569E-09 3.4693E-09 3.1128E-09 2.7930E-09 2.5141E-09 2.2649E-09 2.0384E-09 1.8354E-09 1.6531E-09 1.4864E-09 1.3328E-09 1.1891E-09 1.0580E-09 9.4138E-10 8.3673E-10 7.4217E-10 6.5696E-10 5.8033E-10 5.1159E-10 4.4365E-10 3.8945E-10 3.3697E-10 2.9206E-10 2.5209E-10 2.1411E-10 1.8245E-10 1.5434E-10 1.2617E-10 1.0152E-10 7.7884E-11 6.1745E-11 4.9188E-11 3.5508E-11 2.3975E-11 1.7199E-11 1.1670E-11 6.9704E-12 2.6077E-12 0.0000E+00 0.0000E+00 0.0000E+00 0.0000E+00 0.0000E+00 0.0000E+00 0.0000E+00 0.0000E+00 0.0000E+00 0.0000E+00
9.3269E-09 8.5287E-09 7.7767E-09 7.0762E-09 6.4281E-09 5.8277E-09 5.2749E-09 4.7632E-09 4.2795E-09 3.8463E-09 3.4570E-09 3.0992E-09 2.7764E-09 2.4958E-09 2.2459E-09 2.0203E-09 1.8177E-09 1.6365E-09 1.4713E-09 1.3189E-09 1.1766E-09 1.0467E-09 9.3094E-10 8.2731E-10 7.3369E-10 6.4932E-10 5.7346E-10 5.0542E-10 4.3810E-10 3.8450E-10 3.3257E-10 2.8813E-10 2.4859E-10 2.1102E-10 1.7976E-10 1.5202E-10 1.2425E-10 9.8928E-11 7.5609E-11 6.0184E-11 4.7842E-11 3.3423E-11 2.3629E-11 1.6959E-11 1.1181E-11 6.4444E-12 2.2163E-12 0.0000E+00 0.0000E+00 0.0000E+00 0.0000E+00 0.0000E+00 0.0000E+00 0.0000E+00 0.0000E+00 0.0000E+00 0.0000E+00
9.4061E-09 8.5874E-09 7.8179E-09 7.1023E-09 6.4418E-09 5.8332E-09 5.2723E-09 4.7576E-09 4.2834E-09 3.8332E-09 3.4365E-09 3.0786E-09 2.7543E-09 2.4725E-09 2.2222E-09 1.9973E-09 1.7956E-09 1.6161E-09 1.4527E-09 1.3020E-09 1.1613E-09 1.0330E-09 9.1845E-10 8.1609E-10 7.2363E-10 6.4030E-10 5.6539E-10 4.9820E-10 4.3166E-10 3.7878E-10 3.2751E-10 2.8365E-10 2.4463E-10 2.0755E-10 1.7549E-10 1.4817E-10 1.2114E-10 9.6234E-11 7.4255E-11 5.7961E-11 4.4570E-11 3.1711E-11 2.2931E-11 1.5951E-11 1.0588E-11 5.9991E-12 2.1837E-12 0.0000E+00 0.0000E+00 0.0000E+00 0.0000E+00 0.0000E+00 0.0000E+00 0.0000E+00 0.0000E+00 0.0000E+00 0.0000E+00
9.4691E-09 8.6306E-09 7.8448E-09 7.1151E-09 6.4429E-09 5.8262E-09 5.2603E-09 4.7379E-09 4.2702E-09 3.8250E-09 3.4123E-09 3.0511E-09 2.7277E-09 2.4430E-09 2.1932E-09 1.9696E-09 1.7695E-09 1.5920E-09 1.4309E-09 1.2821E-09 1.1433E-09 1.0168E-09 9.0399E-10 8.0314E-10 7.1204E-10 6.2996E-10 5.5616E-10 4.8998E-10 4.2437E-10 3.7232E-10 3.2089E-10 2.7865E-10 2.4022E-10 2.0249E-10 1.7220E-10 1.4537E-10 1.1789E-10 9.2268E-11 7.0433E-11 5.4489E-11 4.2298E-11 2.9412E-11 2.1108E-11 1.5684E-11 1.0072E-11 5.9024E-12 1.6176E-12 0.0000E+00 0.0000E+00 0.0000E+00 0.0000E+00 0.0000E+00 0.0000E+00 0.0000E+00 0.0000E+00 0.0000E+00 0.0000E+00
9.5194E-09 8.6596E-09 7.8568E-09 7.1141E-09 6.4321E-09 5.8079E-09 5.2338E-09 4.7102E-09 4.2417E-09 3.8047E-09 3.3938E-09 3.0194E-09 2.6937E-09 2.4093E-09 2.1599E-09 1.9377E-09 1.7393E-09 1.5643E-09 1.4058E-09 1.2593E-09 1.1226E-09 9.9836E-10 8.8765E-10 7.8853E-10 6.9901E-10 6.1834E-10 5.4583E-10 4.8080E-10 4.1627E-10 3.6121E-10 3.1463E-10 2.7314E-10 2.3540E-10 1.9834E-10 1.6864E-10 1.3930E-10 1.1113E-10 8.7041E-11 6.6914E-11 5.2404E-11 4.0480E-11 2.8849E-11 2.0386E-11 1.4555E-11 8.8219E-12 3.9379E-12 4.2234E-13 0.0000E+00 0.0000E+00 0.0000E+00 0.0000E+00 0.0000E+00 0.0000E+00 0.0000E+00 0.0000E+00 0.0000E+00 0.0000E+00
9.5609E-09 8.6826E-09 7.8641E-09 7.1064E-09 6.4135E-09 5.7774E-09 5.2012E-09 4.6756E-09 4.2036E-09 3.7697E-09 3.3665E-09 2.9853E-09 2.6556E-09 2.3698E-09 2.1213E-09 1.9011E-09 1.7054E-09 1.5332E-09 1.3778E-09 1.2338E-09 1.0996E-09 9.7774E-10 8.6952E-10 7.7236E-10 6.8460E-10 6.0553E-10 5.3446E-10 4.6694E-10 4.0354E-10 3.5346E-10 3.0782E-10 2.6717E-10 2.3018E-10 1.9299E-10 1.6279E-10 1.3406E-10 1.0861E-10 8.4135E-11 6.5394E-11 5.0185E-11 3.7206E-11 2.5221E-11 1.7993E-11 1.2359E-11 7.5265E-12 3.4938E-12 4.1436E-13 0.0000E+00 0.0000E+00 0.0000E+00 0.0000E+00 0.0000E+00 0.0000E+00 0.0000E+00 0.0000E+00 0.0000E+00 0.0000E+00
9.5903E-09 8.6940E-09 7.8592E-09 7.0891E-09 6.3846E-09 5.7419E-09 5.1581E-09 4.6303E-09 4.1573E-09 3.7262E-09 3.3202E-09 2.9537E-09 2.6168E-09 2.3280E-09 2.0790E-09 1.8611E-09 1.6679E-09 1.4990E-09 1.3469E-09 1.2055E-09 1.0742E-09 9.5509E-10 8.4973E-10 7.5473E-10 6.6892E-10 5.9161E-10 5.2211E-10 4.5321E-10 3.9406E-10 3.4511E-10 3.0050E-10 2.6076E-10 2.2375E-10 1.8826E-10 1.5786E-10 1.2871E-10 1.0295E-10 8.1061E-11 6.0821E-11 4.8426E-11 3.5096E-11 2.3990E-11 1.7263E-11 1.1749E-11 7.3761E-12 3.0808E-12 0.0000E+00 0.0000E+00 0.0000E+00 0.0000E+00 0.0000E+00 0.0000E+00 0.0000E+00 0.0000E+00 0.0000E+00 0.0000E+00 0.0000E+00
9.6145E-09 8.7001E-09 7.8534E-09 7.0674E-09 6.3526E-09 5.6995E-09 5.1088E-09 4.5770E-09 4.0970E-09 3.6650E-09 3.2698E-09 2.9098E-09 2.5782E-09 2.2812E-09 2.0320E-09 1.8167E-09 1.6269E-09 1.4619E-09 1.3135E-09 1.1747E-09 1.0467E-09 9.3056E-10 8.2840E-10 7.3574E-10 6.5206E-10 5.7666E-10 5.0525E-10 4.4165E-10 3.8394E-10 3.3622E-10 2.9271E-10 2.5396E-10 2.1699E-10 1.8237E-10 1.5237E-10 1.2202E-10 9.8893E-11 7.7589E-11 5.9251E-11 4.6024E-11 3.3049E-11 2.3442E-11 1.6881E-11 1.1162E-11 6.4476E-12 2.5773E-12 0.0000E+00 0.0000E+00 0.0000E+00 0.0000E+00 0.0000E+00 0.0000E+00 0.0000E+00 0.0000E+00 0.0000E+00 0.0000E+00 0.0000E+00
9.6272E-09 8.6956E-09 7.8364E-09 7.0425E-09 6.3145E-09 5.6522E-09 5.0527E-09 4.5134E-09 4.0325E-09 3.6051E-09 3.2086E-09 2.8595E-09 2.5300E-09 2.2361E-09 1.9825E-09 1.7694E-09 1.5830E-09 1.4220E-09 1.2771E-09 1.1418E-09 1.0172E-09 9.0434E-10 8.0567E-10 7.1553E-10 6.3063E-10 5.5725E-10 4.9129E-10 4.2940E-10 3.7324E-10 3.2682E-10 2.8450E-10 2.4681E-10 2.0962E-10 1.7502E-10 1.4298E-10 1.1640E-10 9.2993E-11 7.2268E-11 5.3173E-11 4.1126E-11 2.9361E-11 2.1136E-11 1.5742E-11 1.0482E-11 5.9503E-12 2.1663E-12 0.0000E+00 0.0000E+00 0.0000E+00 0.0000E+00 0.0000E+00 0.0000E+00 0.0000E+00 0.0000E+00 0.0000E+00 0.0000E+00 0.0000E+00
9.6355E-09 8.6877E-09 7.8153E-09 7.0100E-09 6.2766E-09 5.6050E-09 4.9985E-09 4.4487E-09 3.9614E-09 3.5354E-09 3.1453E-09 2.8013E-09 2.4778E-09 2.1868E-09 1.9307E-09 1.7185E-09 1.5362E-09 1.3798E-09 1.2386E-09 1.1068E-09 9.8606E-10 8.7699E-10 7.7837E-10 6.9086E-10 6.1183E-10 5.4062E-10 4.7661E-10 4.1654E-10 3.6203E-10 3.1699E-10 2.7592E-10 2.3933E-10 2.0044E-10 1.6553E-10 1.3748E-10 1.1172E-10 8.8076E-11 6.6930E-11 5.0598E-11 3.8068E-11 2.6143E-11 1.8615E-11 1.3340E-11 8.8230E-12 3.9486E-12 8.0355E-13 0.0000E+00 0.0000E+00 0.0000E+00 0.0000E+00 0.0000E+00 0.0000E+00 0.0000E+00 0.0000E+00 0.0000E+00 0.0000E+00 0.0000E+00
9.6478E-09 8.6840E-09 7.7949E-09 6.9828E-09 6.2354E-09 5.5587E-09 4.9443E-09 4.3865E-09 3.8916E-09 3.4637E-09 3.0776E-09 2.7365E-09 2.4190E-09 2.1330E-09 1.8786E-09 1.6654E-09 1.4870E-09 1.3354E-09 1.1982E-09 1.0702E-09 9.5335E-10 8.4832E-10 7.5339E-10 6.6869E-10 5.9219E-10 5.2326E-10 4.6130E-10 4.0315E-10 3.5037E-10 3.0677E-10 2.6606E-10 2.2465E-10 1.8881E-10 1.5925E-10 1.3117E-10 1.0625E-10 8.4311E-11 6.3303E-11 4.8517E-11 3.5591E-11 2.4154E-11 1.7427E-11 1.1889E-11 7.4789E-12 3.4802E-12 0.0000E+00 0.0000E+00 0.0000E+00 0.0000E+00 0.0000E+00 0.0000E+00 0.0000E+00 0.0000E+00 0.0000E+00 0.0000E+00 0.0000E+00 0.0000E+00
9.6603E-09 8.6791E-09 7.7759E-09 6.9503E-09 6.1937E-09 5.5110E-09 4.8925E-09 4.3265E-09 3.8215E-09 3.3826E-09 3.0050E-09 2.6622E-09 2.3544E-09 2.0738E-09 1.8241E-09 1.6116E-09 1.4357E-09 1.2891E-09 1.1561E-09 1.0320E-09 9.1924E-10 8.1853E-10 7.2745E-10 6.4569E-10 5.7183E-10 5.0528E-10 4.4545E-10 3.8930E-10 3.3736E-10 2.9131E-10 2.5285E-10 2.1564E-10 1.8010E-10 1.5155E-10 1.2445E-10 9.9265E-11 7.8060E-11 5.7592E-11 4.4674E-11 3.1822E-11 2.2444E-11 1.6946E-11 1.1567E-11 7.2790E-12 3.0454E-12 0.0000E+00 0.0000E+00 0.0000E+00 0.0000E+00 0.0000E+00 0.0000E+00 0.0000E+00 0.0000E+00 0.0000E+00 0.0000E+00 0.0000E+00 0.0000E+00
9.6669E-09 8.6705E-09 7.7516E-09 6.9145E-09 6.1481E-09 5.4534E-09 4.8296E-09 4.2636E-09 3.7545E-09 3.3126E-09 2.9244E-09 2.5880E-09 2.2856E-09 2.0109E-09 1.7663E-09 1.5567E-09 1.3825E-09 1.2410E-09 1.1119E-09 9.9256E-10 8.8405E-10 7.8780E-10 7.0072E-10 6.2199E-10 5.5087E-10 4.8678E-10 4.2634E-10 3.6747E-10 3.2214E-10 2.8065E-10 2.4360E-10 2.0690E-10 1.7239E-10 1.4285E-10 1.1576E-10 9.1629E-11 7.1161E-11 5.2475E-11 4.0696E-11 2.9148E-11 2.1050E-11 1.5712E-11 1.0487E-11 6.3142E-12 2.1717E-12 0.0000E+00 0.0000E+00 0.0000E+00 0.0000E+00 0.0000E+00 0.0000E+00 0.0000E+00 0.0000E+00 0.0000E+00 0.0000E+00 0.0000E+00 0.0000E+00
9.6832E-09 8.6679E-09 7.7359E-09 6.8815E-09 6.1059E-09 5.4043E-09 4.7742E-09 4.2066E-09 3.6913E-09 3.2383E-09 2.8550E-09 2.5103E-09 2.2124E-09 1.9443E-09 1.7055E-09 1.4999E-09 1.3291E-09 1.1912E-09 1.0666E-09 9.5210E-10 8.4808E-10 7.5354E-10 6.6997E-10 5.9429E-10 5.2592E-10 4.6429E-10 4.0618E-10 3.5323E-10 3.0967E-10 2.6980E-10 2.3418E-10 1.9803E-10 1.6485E-10 1.3461E-10 1.0849E-10 8.5277E-11 6.5020E-11 4.9058E-11 3.6402E-11 2.5236E-11 1.8452E-11 1.2849E-11 8.3731E-12 3.9407E-12 8.0011E-13 0.0000E+00 0.0000E+00 0.0000E+00 0.0000E+00 0.0000E+00 0.0000E+00 0.0000E+00 0.0000E+00 0.0000E+00 0.0000E+00 0.0000E+00 0.0000E+00
