Assets/Resources/2015_m01_d05_0100(utc+0800)_l00_csi_1hr_conc.grd
DSAA
         159         159
     -79.000      79.000
     -79.000      79.000
  0.2889E-09  0.7649E-05
[rows 125 to 149 of 159, columns 57 to 113 of 159]
1.3431E-09 1.3380E-09 1.3332E-09 1.3276E-09 1.3223E-09 1.3168E-09 1.3110E-09 1.3045E-09 1.2977E-09 1.2913E-09 1.2847E-09 1.2779E-09 1.2693E-09 1.2606E-09 1.2533E-09 1.2458E-09 1.2366E-09 1.2273E-09 1.2195E-09 1.2115E-09 1.2033E-09 1.1949E-09 1.1864E-09 1.1778E-09 1.1690E-09 1.1595E-09 1.1499E-09 1.1407E-09 1.1314E-09 1.1220E-09 1.1125E-09 1.1029E-09 1.0932E-09 1.0834E-09 1.0730E-09 1.0625E-09 1.0525E-09 1.0424E-09 1.0323E-09 1.0221E-09 1.0108E-09 1.0005E-09 9.9017E-10 9.7978E-10 9.6842E-10 9.5800E-10 9.4708E-10 9.3616E-10 9.2569E-10 9.1447E-10 9.0328E-10 8.9210E-10 8.8095E-10 8.7055E-10 8.5872E-10 8.4838E-10 8.3803E-10
1.3186E-09 1.3137E-09 1.3092E-09 1.3043E-09 1.2993E-09 1.2940E-09 1.2879E-09 1.2817E-09 1.2758E-09 1.2696E-09 1.2633E-09 1.2535E-09 1.2469E-09 1.2401E-09 1.2330E-09 1.2243E-09 1.2154E-09 1.2080E-09 1.2004E-09 1.1926E-09 1.1847E-09 1.1766E-09 1.1683E-09 1.1599E-09 1.1508E-09 1.1416E-09 1.1328E-09 1.1239E-09 1.1148E-09 1.1057E-09 1.0964E-09 1.0871E-09 1.0776E-09 1.0675E-09 1.0574E-09 1.0477E-09 1.0379E-09 1.0281E-09 1.0181E-09 1.0072E-09 9.9718E-10 9.8711E-10 9.7699E-10 9.6590E-10 9.5574E-10 9.4507E-10 9.3441E-10 9.2417E-10 9.1319E-10 9.0222E-10 8.9126E-10 8.8033E-10 8.7013E-10 8.5851E-10 8.4836E-10 8.3820E-10 8.2804E-10
1.2945E-09 1.2904E-09 1.2861E-09 1.2815E-09 1.2761E-09 1.2705E-09 1.2653E-09 1.2598E-09 1.2541E-09 1.2466E-09 1.2390E-09 1.2328E-09 1.2264E-09 1.2198E-09 1.2115E-09 1.2031E-09 1.1961E-09 1.1889E-09 1.1815E-09 1.1740E-09 1.1663E-09 1.1584E-09 1.1504E-09 1.1417E-09 1.1328E-09 1.1244E-09 1.1159E-09 1.1072E-09 1.0984E-09 1.0895E-09 1.0805E-09 1.0713E-09 1.0611E-09 1.0518E-09 1.0424E-09 1.0330E-09 1.0234E-09 1.0138E-09 1.0031E-09 9.9341E-10 9.8363E-10 9.7379E-10 9.6297E-10 9.5307E-10 9.4266E-10 9.3225E-10 9.2226E-10 9.1151E-10 9.0078E-10 8.9005E-10 8.7933E-10 8.6935E-10 8.5793E-10 8.4798E-10 8.3802E-10 8.2805E-10 8.1807E-10
1.2713E-09 1.2674E-09 1.2627E-09 1.2578E-09 1.2533E-09 1.2485E-09 1.2435E-09 1.2366E-09 1.2296E-09 1.2240E-09 1.2183E-09 1.2123E-09 1.2046E-09 1.1968E-09 1.1904E-09 1.1838E-09 1.1770E-09 1.1700E-09 1.1629E-09 1.1556E-09 1.1481E-09 1.1404E-09 1.1315E-09 1.1236E-09 1.1156E-09 1.1074E-09 1.0991E-09 1.0907E-09 1.0821E-09 1.0734E-09 1.0646E-09 1.0547E-09 1.0458E-09 1.0367E-09 1.0276E-09 1.0183E-09 1.0090E-09 9.9866E-10 9.8924E-10 9.7974E-10 9.7017E-10 9.5963E-10 9.5000E-10 9.3986E-10 9.2969E-10 9.1995E-10 9.0871E-10 8.9896E-10 8.8846E-10 8.7797E-10 8.6747E-10 8.5700E-10 8.4725E-10 8.3749E-10 8.2771E-10 8.1792E-10 8.0813E-10
1.2480E-09 1.2443E-09 1.2399E-09 1.2357E-09 1.2314E-09 1.2268E-09 1.2204E-09 1.2139E-09 1.2087E-09 1.2034E-09 1.1979E-09 1.1906E-09 1.1832E-09 1.1772E-09 1.1710E-09 1.1646E-09 1.1581E-09 1.1513E-09 1.1444E-09 1.1373E-09 1.1295E-09 1.1215E-09 1.1140E-09 1.1064E-09 1.0986E-09 1.0906E-09 1.0825E-09 1.0743E-09 1.0660E-09 1.0570E-09 1.0480E-09 1.0393E-09 1.0306E-09 1.0218E-09 1.0128E-09 1.0033E-09 9.9378E-10 9.8464E-10 9.7543E-10 9.6568E-10 9.5589E-10 9.4653E-10 9.3665E-10 9.2675E-10 9.1726E-10 9.0627E-10 8.9676E-10 8.8649E-10 8.7623E-10 8.6596E-10 8.5570E-10 8.4617E-10 8.3660E-10 8.2702E-10 8.1743E-10 8.0782E-10 7.9821E-10
1.2250E-09 1.2216E-09 1.2179E-09 1.2140E-09 1.2082E-09 1.2023E-09 1.1978E-09 1.1931E-09 1.1882E-09 1.1815E-09 1.1747E-09 1.1693E-09 1.1637E-09 1.1579E-09 1.1519E-09 1.1458E-09 1.1394E-09 1.1329E-09 1.1262E-09 1.1187E-09 1.1112E-09 1.1040E-09 1.0967E-09 1.0893E-09 1.0817E-09 1.0740E-09 1.0661E-09 1.0581E-09 1.0495E-09 1.0408E-09 1.0325E-09 1.0241E-09 1.0155E-09 1.0069E-09 9.9774E-10 9.8849E-10 9.7965E-10 9.7073E-10 9.6127E-10 9.5176E-10 9.4266E-10 9.3306E-10 9.2342E-10 9.1419E-10 9.0345E-10 8.9418E-10 8.8416E-10 8.7413E-10 8.6409E-10 8.5405E-10 8.4473E-10 8.3538E-10 8.2600E-10 8.1660E-10 8.0718E-10 7.9776E-10 7.8832E-10
1.2030E-09 1.1998E-09 1.1946E-09 1.1893E-09 1.1855E-09 1.1814E-09 1.1772E-09 1.1727E-09 1.1664E-09 1.1600E-09 1.1551E-09 1.1499E-09 1.1445E-09 1.1389E-09 1.1331E-09 1.1271E-09 1.1210E-09 1.1146E-09 1.1070E-09 1.1004E-09 1.0936E-09 1.0867E-09 1.0796E-09 1.0724E-09 1.0650E-09 1.0575E-09 1.0498E-09 1.0415E-09 1.0332E-09 1.0252E-09 1.0171E-09 1.0089E-09 1.0006E-09 9.9175E-10 9.8280E-10 9.7426E-10 9.6563E-10 9.5646E-10 9.4724E-10 9.3842E-10 9.2908E-10 9.1971E-10 9.0999E-10 9.0026E-10 8.9124E-10 8.8072E-10 8.7167E-10 8.6186E-10 8.5205E-10 8.4294E-10 8.3380E-10 8.2463E-10 8.1543E-10 8.0621E-10 7.9698E-10 7.8773E-10 7.7846E-10
1.1798E-09 1.1751E-09 1.1719E-09 1.1685E-09 1.1648E-09 1.1609E-09 1.1553E-09 1.1495E-09 1.1451E-09 1.1405E-09 1.1357E-09 1.1306E-09 1.1254E-09 1.1200E-09 1.1144E-09 1.1087E-09 1.1022E-09 1.0955E-09 1.0893E-09 1.0828E-09 1.0763E-09 1.0695E-09 1.0627E-09 1.0556E-09 1.0485E-09 1.0412E-09 1.0327E-09 1.0252E-09 1.0175E-09 1.0098E-09 1.0019E-09 9.9393E-10 9.8536E-10 9.7672E-10 9.6848E-10 9.6015E-10 9.5127E-10 9.4233E-10 9.3379E-10 9.2427E-10 9.1563E-10 9.0617E-10 8.9670E-10 8.8793E-10 8.7767E-10 8.6885E-10 8.5928E-10 8.4970E-10 8.4081E-10 8.3189E-10 8.2293E-10 8.1393E-10 8.0491E-10 7.9587E-10 7.8681E-10 7.7773E-10 7.6864E-10
1.1570E-09 1.1542E-09 1.1512E-09 1.1479E-09 1.1428E-09 1.1376E-09 1.1338E-09 1.1298E-09 1.1256E-09 1.1212E-09 1.1165E-09 1.1117E-09 1.1067E-09 1.1015E-09 1.0961E-09 1.0899E-09 1.0836E-09 1.0778E-09 1.0717E-09 1.0655E-09 1.0591E-09 1.0526E-09 1.0459E-09 1.0391E-09 1.0316E-09 1.0240E-09 1.0168E-09 1.0095E-09 1.0021E-09 9.9452E-10 9.8685E-10 9.7811E-10 9.7027E-10 9.6233E-10 9.5428E-10 9.4523E-10 9.3705E-10 9.2833E-10 9.1955E-10 9.1117E-10 9.0199E-10 8.9278E-10 8.8353E-10 8.7426E-10 8.6568E-10 8.5635E-10 8.4701E-10 8.3834E-10 8.2963E-10 8.2088E-10 8.1210E-10 8.0328E-10 7.9444E-10 7.8557E-10 7.7668E-10 7.6777E-10 7.5886E-10
1.1363E-09 1.1336E-09 1.1292E-09 1.1245E-09 1.1213E-09 1.1179E-09 1.1143E-09 1.1104E-09 1.1064E-09 1.1021E-09 1.0976E-09 1.0930E-09 1.0881E-09 1.0825E-09 1.0768E-09 1.0714E-09 1.0659E-09 1.0602E-09 1.0544E-09 1.0483E-09 1.0422E-09 1.0358E-09 1.0294E-09 1.0222E-09 1.0150E-09 1.0081E-09 1.0011E-09 9.9400E-10 9.8676E-10 9.7892E-10 9.7099E-10 9.6345E-10 9.5580E-10 9.4759E-10 9.3930E-10 9.3140E-10 9.2297E-10 9.1447E-10 9.0636E-10 8.9745E-10 8.8851E-10 8.7951E-10 8.7050E-10 8.6216E-10 8.5235E-10 8.4397E-10 8.3553E-10 8.2704E-10 8.1851E-10 8.0994E-10 8.0133E-10 7.9268E-10 7.8401E-10 7.7531E-10 7.6659E-10 7.5786E-10 7.4911E-10
1.1143E-09 1.1119E-09 1.1077E-09 1.1048E-09 1.1018E-09 1.0985E-09 1.0950E-09 1.0913E-09 1.0874E-09 1.0833E-09 1.0790E-09 1.0745E-09 1.0693E-09 1.0639E-09 1.0589E-09 1.0538E-09 1.0484E-09 1.0429E-09 1.0372E-09 1.0314E-09 1.0254E-09 1.0193E-09 1.0120E-09 1.0056E-09 9.9903E-10 9.9236E-10 9.8557E-10 9.7864E-10 9.7112E-10 9.6350E-10 9.5626E-10 9.4892E-10 9.4100E-10 9.3301E-10 9.2540E-10 9.1725E-10 9.0903E-10 9.0045E-10 8.9182E-10 8.8388E-10 8.7515E-10 8.6639E-10 8.5758E-10 8.4875E-10 8.4059E-10 8.3238E-10 8.2412E-10 8.1581E-10 8.0745E-10 7.9905E-10 7.9061E-10 7.8213E-10 7.7363E-10 7.6510E-10 7.5655E-10 7.4799E-10 7.3940E-10
1.0928E-09 1.0906E-09 1.0881E-09 1.0854E-09 1.0825E-09 1.0793E-09 1.0760E-09 1.0724E-09 1.0687E-09 1.0648E-09 1.0601E-09 1.0552E-09 1.0508E-09 1.0461E-09 1.0413E-09 1.0363E-09 1.0311E-09 1.0258E-09 1.0203E-09 1.0147E-09 1.0083E-09 1.0019E-09 9.9582E-10 9.8962E-10 9.8327E-10 9.7679E-10 9.7018E-10 9.6248E-10 9.5567E-10 9.4873E-10 9.4169E-10 9.3407E-10 9.2637E-10 9.1905E-10 9.1073E-10 9.0325E-10 8.9494E-10 8.8659E-10 8.7891E-10 8.6972E-10 8.6195E-10 8.5339E-10 8.4480E-10 8.3689E-10 8.2891E-10 8.2087E-10 8.1278E-10 8.0464E-10 7.9645E-10 7.8822E-10 7.7995E-10 7.7164E-10 7.6331E-10 7.5495E-10 7.4656E-10 7.3816E-10 7.2974E-10
1.0733E-09 1.0711E-09 1.0688E-09 1.0662E-09 1.0634E-09 1.0604E-09 1.0573E-09 1.0539E-09 1.0497E-09 1.0454E-09 1.0414E-09 1.0373E-09 1.0330E-09 1.0286E-09 1.0239E-09 1.0191E-09 1.0141E-09 1.0089E-09 1.0036E-09 9.9761E-10 9.9150E-10 9.8576E-10 9.7988E-10 9.7385E-10 9.6768E-10 9.6090E-10 9.5401E-10 9.4750E-10 9.4087E-10 9.3365E-10 9.2633E-10 9.1940E-10 9.1191E-10 9.0433E-10 8.9713E-10 8.8910E-10 8.8102E-10 8.7288E-10 8.6469E-10 8.5717E-10 8.4887E-10 8.4054E-10 8.3286E-10 8.2511E-10 8.1730E-10 8.0943E-10 8.0151E-10 7.9353E-10 7.8551E-10 7.7745E-10 7.6935E-10 7.6121E-10 7.5304E-10 7.4484E-10 7.3662E-10 7.2838E-10 7.2012E-10
1.0540E-09 1.0520E-09 1.0498E-09 1.0473E-09 1.0447E-09 1.0418E-09 1.0382E-09 1.0344E-09 1.0310E-09 1.0274E-09 1.0236E-09 1.0197E-09 1.0155E-09 1.0112E-09 1.0067E-09 1.0021E-09 9.9723E-10 9.9172E-10 9.8608E-10 9.8081E-10 9.7539E-10 9.6982E-10 9.6411E-10 9.5826E-10 9.5180E-10 9.4522E-10 9.3901E-10 9.3268E-10 9.2576E-10 9.1875E-10 9.1210E-10 9.0489E-10 8.9761E-10 8.8993E-10 8.8219E-10 8.7513E-10 8.6726E-10 8.5934E-10 8.5135E-10 8.4331E-10 8.3594E-10 8.2850E-10 8.2099E-10 8.1341E-10 8.0577E-10 7.9806E-10 7.9031E-10 7.8250E-10 7.7464E-10 7.6674E-10 7.5881E-10 7.5083E-10 7.4282E-10 7.3479E-10 7.2673E-10 7.1864E-10 7.1054E-10
1.0351E-09 1.0332E-09 1.0311E-09 1.0288E-09 1.0262E-09 1.0230E-09 1.0195E-09 1.0164E-09 1.0132E-09 1.0097E-09 1.0061E-09 1.0023E-09 9.9829E-10 9.9412E-10 9.8978E-10 9.8475E-10 9.7958E-10 9.7479E-10 9.6984E-10 9.6473E-10 9.5948E-10 9.5408E-10 9.4805E-10 9.4190E-10 9.3612E-10 9.3021E-10 9.2417E-10 9.1755E-10 9.1084E-10 9.0402E-10 8.9711E-10 8.9056E-10 8.8317E-10 8.7572E-10 8.6819E-10 8.6059E-10 8.5367E-10 8.4594E-10 8.3816E-10 8.3104E-10 8.2384E-10 8.1656E-10 8.0921E-10 8.0179E-10 7.9431E-10 7.8677E-10 7.7918E-10 7.7154E-10 7.6384E-10 7.5611E-10 7.4833E-10 7.4051E-10 7.3267E-10 7.2479E-10 7.1689E-10 7.0896E-10 7.0102E-10
1.0165E-09 1.0147E-09 1.0127E-09 1.0099E-09 1.0070E-09 1.0044E-09 1.0017E-09 9.9871E-10 9.9559E-10 9.9227E-10 9.8878E-10 9.8511E-10 9.8126E-10 9.7724E-10 9.7254E-10 9.6770E-10 9.6322E-10 9.5859E-10 9.5379E-10 9.4885E-10 9.4375E-10 9.3804E-10 9.3221E-10 9.2673E-10 9.2111E-10 9.1490E-10 9.0859E-10 9.0263E-10 8.9610E-10 8.8948E-10 8.8321E-10 8.7536E-10 8.6893E-10 8.6168E-10 8.5436E-10 8.4696E-10 8.3950E-10 8.3271E-10 8.2583E-10 8.1886E-10 8.1182E-10 8.0470E-10 7.9751E-10 7.9026E-10 7.8294E-10 7.7556E-10 7.6813E-10 7.6065E-10 7.5311E-10 7.4553E-10 7.3792E-10 7.3026E-10 7.2257E-10 7.1485E-10 7.0710E-10 6.9933E-10 6.9154E-10
9.9809E-10 9.9584E-10 9.9341E-10 9.9136E-10 9.8912E-10 9.8668E-10 9.8406E-10 9.8125E-10 9.7825E-10 9.7507E-10 9.7171E-10 9.6817E-10 9.6395E-10 9.5958E-10 9.5558E-10 9.5141E-10 9.4708E-10 9.4259E-10 9.3795E-10 9.3268E-10 9.2728E-10 9.2223E-10 9.1705E-10 9.1173E-10 9.0582E-10 8.9980E-10 8.9367E-10 8.8744E-10 8.8155E-10 8.7482E-10 8.6801E-10 8.6185E-10 8.5414E-10 8.4782E-10 8.4069E-10 8.3350E-10 8.2695E-10 8.2031E-10 8.1359E-10 8.0678E-10 7.9990E-10 7.9294E-10 7.8591E-10 7.7881E-10 7.7165E-10 7.6443E-10 7.5716E-10 7.4983E-10 7.4245E-10 7.3503E-10 7.2757E-10 7.2007E-10 7.1253E-10 7.0497E-10 6.9737E-10 6.8976E-10 6.8212E-10
9.7892E-10 9.7737E-10 9.7563E-10 9.7368E-10 9.7155E-10 9.6923E-10 9.6672E-10 9.6403E-10 9.6116E-10 9.5810E-10 9.5436E-10 9.5046E-10 9.4692E-10 9.4322E-10 9.3936E-10 9.3533E-10 9.3114E-10 9.2631E-10 9.2135E-10 9.1674E-10 9.1199E-10 9.0710E-10 9.0161E-10 8.9600E-10 8.9073E-10 8.8489E-10 8.7895E-10 8.7334E-10 8.6615E-10 8.6037E-10 8.5375E-10 8.4705E-10 8.4027E-10 8.3341E-10 8.2721E-10 8.2090E-10 8.1451E-10 8.0802E-10 8.0145E-10 7.9480E-10 7.8807E-10 7.8127E-10 7.7439E-10 7.6745E-10 7.6045E-10 7.5338E-10 7.4626E-10 7.3909E-10 7.3187E-10 7.2460E-10 7.1729E-10 7.0994E-10 7.0256E-10 6.9515E-10 6.8770E-10 6.8024E-10 6.7275E-10
9.6122E-10 9.5976E-10 9.5811E-10 9.5627E-10 9.5425E-10 9.5204E-10 9.4964E-10 9.4707E-10 9.4379E-10 9.4088E-10 9.3729E-10 9.3406E-10 9.3065E-10 9.2708E-10 9.2335E-10 9.1946E-10 9.1494E-10 9.1028E-10 9.0596E-10 9.0150E-10 8.9643E-10 8.9123E-10 8.8638E-10 8.8095E-10 8.7540E-10 8.7019E-10 8.6413E-10 8.5797E-10 8.5172E-10 8.4538E-10 8.3969E-10 8.3318E-10 8.2659E-10 8.2063E-10 8.1457E-10 8.0842E-10 8.0217E-10 7.9584E-10 7.8942E-10 7.8292E-10 7.7634E-10 7.6969E-10 7.6297E-10 7.5618E-10 7.4933E-10 7.4241E-10 7.3545E-10 7.2843E-10 7.2135E-10 7.1424E-10 7.0708E-10 6.9988E-10 6.9265E-10 6.8539E-10 6.7809E-10 6.7077E-10 6.6343E-10
9.4378E-10 9.4242E-10 9.4087E-10 9.3913E-10 9.3720E-10 9.3510E-10 9.3229E-10 9.2985E-10 9.2672E-10 9.2395E-10 9.2100E-10 9.1789E-10 9.1461E-10 9.1116E-10 9.0708E-10 9.0286E-10 8.9898E-10 8.9495E-10 8.9077E-10 8.8600E-10 8.8109E-10 8.7606E-10 8.7137E-10 8.6611E-10 8.6043E-10 8.5466E-10 8.4952E-10 8.4355E-10 8.3749E-10 8.3133E-10 8.2509E-10 8.1949E-10 8.1378E-10 8.0796E-10 8.0205E-10 7.9605E-10 7.8995E-10 7.8376E-10 7.7749E-10 7.7114E-10 7.6471E-10 7.5821E-10 7.5164E-10 7.4500E-10 7.3829E-10 7.3153E-10 7.2471E-10 7.1784E-10 7.1092E-10 7.0395E-10 6.9694E-10 6.8989E-10 6.8281E-10 6.7569E-10 6.6854E-10 6.6137E-10 6.5417E-10
9.2662E-10 9.2535E-10 9.2389E-10 9.2224E-10 9.1990E-10 9.1791E-10 9.1524E-10 9.1292E-10 9.1043E-10 9.0776E-10 9.0493E-10 9.0194E-10 8.9830E-10 8.9451E-10 8.9107E-10 8.8747E-10 8.8372E-10 8.7936E-10 8.7487E-10 8.7072E-10 8.6598E-10 8.6111E-10 8.5583E-10 8.5119E-10 8.4569E-10 8.4010E-10 8.3440E-10 8.2934E-10 8.2346E-10 8.1748E-10 8.1213E-10 8.0666E-10 8.0109E-10 7.9542E-10 7.8965E-10 7.8379E-10 7.7784E-10 7.7179E-10 7.6567E-10 7.5946E-10 7.5318E-10 7.4682E-10 7.4040E-10 7.3390E-10 7.2735E-10 7.2073E-10 7.1406E-10 7.0733E-10 7.0056E-10 6.9374E-10 6.8687E-10 6.7997E-10 6.7303E-10 6.6606E-10 6.5905E-10 6.5202E-10 6.4497E-10
9.0974E-10 9.0854E-10 9.0665E-10 9.0459E-10 9.0290E-10 9.0102E-10 8.9898E-10 8.9676E-10 8.9437E-10 8.9182E-10 8.8861E-10 8.8526E-10 8.8225E-10 8.7908E-10 8.7576E-10 8.7182E-10 8.6775E-10 8.6401E-10 8.5968E-10 8.5522E-10 8.5108E-10 8.4608E-10 8.4098E-10 8.3576E-10 8.3044E-10 8.2576E-10 8.2023E-10 8.1462E-10 8.0962E-10 8.0451E-10 7.9929E-10 7.9396E-10 7.8853E-10 7.8300E-10 7.7737E-10 7.7165E-10 7.6583E-10 7.5993E-10 7.5395E-10 7.4789E-10 7.4175E-10 7.3554E-10 7.2925E-10 7.2290E-10 7.1649E-10 7.1002E-10 7.0349E-10 6.9691E-10 6.9028E-10 6.8360E-10 6.7688E-10 6.7012E-10 6.6332E-10 6.5649E-10 6.4963E-10 6.4274E-10 6.3582E-10
8.9260E-10 8.9099E-10 8.8973E-10 8.8829E-10 8.8668E-10 8.8490E-10 8.8295E-10 8.8083E-10 8.7806E-10 8.7514E-10 8.7256E-10 8.6982E-10 8.6692E-10 8.6340E-10 8.5975E-10 8.5642E-10 8.5250E-10 8.4844E-10 8.4471E-10 8.4010E-10 8.3539E-10 8.3056E-10 8.2635E-10 8.2131E-10 8.1616E-10 8.1091E-10 8.0627E-10 8.0152E-10 7.9666E-10 7.9168E-10 7.8659E-10 7.8139E-10 7.7609E-10 7.7070E-10 7.6521E-10 7.5962E-10 7.5395E-10 7.4818E-10 7.4234E-10 7.3642E-10 7.3042E-10 7.2434E-10 7.1820E-10 7.1200E-10 7.0572E-10 6.9939E-10 6.9301E-10 6.8657E-10 6.8008E-10 6.7354E-10 6.6696E-10 6.6034E-10 6.5368E-10 6.4699E-10 6.4027E-10 6.3352E-10 6.2507E-10
8.7578E-10 8.7478E-10 8.7360E-10 8.7224E-10 8.7072E-10 8.6903E-10 8.6668E-10 8.6419E-10 8.6203E-10 8.5971E-10 8.5723E-10 8.5413E-10 8.5089E-10 8.4797E-10 8.4446E-10 8.4081E-10 8.3748E-10 8.3327E-10 8.2894E-10 8.2450E-10 8.2068E-10 8.1602E-10 8.1124E-10 8.0636E-10 8.0209E-10 7.9770E-10 7.9319E-10 7.8857E-10 7.8382E-10 7.7897E-10 7.7401E-10 7.6895E-10 7.6378E-10 7.5852E-10 7.5316E-10 7.4771E-10 7.4217E-10 7.3654E-10 7.3084E-10 7.2505E-10 7.1919E-10 7.1325E-10 7.0725E-10 7.0118E-10 6.9505E-10 6.8886E-10 6.8261E-10 6.7631E-10 6.6996E-10 6.6356E-10 6.5712E-10 6.5063E-10 6.4411E-10 6.3756E-10 6.3097E-10 6.2271E-10 6.1285E-10
8.5975E-10 8.5882E-10 8.5771E-10 8.5644E-10 8.5452E-10 8.5244E-10 8.5070E-10 8.4879E-10 8.4673E-10 8.4404E-10 8.4121E-10 8.3870E-10 8.3559E-10 8.3234E-10 8.2941E-10 8.2560E-10 8.2167E-10 8.1762E-10 8.1418E-10 8.0990E-10 8.0550E-10 8.0098E-10 7.9709E-10 7.9306E-10 7.8891E-10 7.8464E-10 7.8025E-10 7.7575E-10 7.7113E-10 7.6640E-10 7.6157E-10 7.5663E-10 7.5160E-10 7.4646E-10 7.4123E-10 7.3591E-10 7.3051E-10 7.2502E-10 7.1944E-10 7.1379E-10 7.0806E-10 7.0226E-10 6.9639E-10 6.9046E-10 6.8446E-10 6.7841E-10 6.7230E-10 6.6613E-10 6.5992E-10 6.5366E-10 6.4735E-10 6.4100E-10 6.3462E-10 6.2820E-10 6.1928E-10 6.0961E-10 6.0250E-10
