Assets/Resources/2015_m01_d28_2100(utc+0800)_l00_csi_1hr_conc.grd
DSAA
         159         159
     -79.000      79.000
     -79.000      79.000
  0.0000E+00  0.8001E-04
[rows 50 to 74 of 159, columns 57 to 113 of 159]
1.8002E-08 1.9455E-08 2.0773E-08 2.1886E-08 2.2707E-08 2.2982E-08 2.2811E-08 2.2182E-08 2.1115E-08 1.9658E-08 1.7891E-08 1.5906E-08 1.3813E-08 1.1671E-08 9.5249E-09 7.6605E-09 5.8173E-09 4.0131E-09 3.0285E-09 2.2396E-09 1.6239E-09 9.7702E-10 5.0080E-10 2.1155E-10 1.4927E-10 1.0291E-10 7.2471E-11 4.7814E-11 3.0101E-11 9.8347E-12 0.0000E+00 0.0000E+00 0.0000E+00 0.0000E+00 0.0000E+00 0.0000E+00 0.0000E+00 0.0000E+00 0.0000E+00 0.0000E+00 0.0000E+00 0.0000E+00 0.0000E+00 0.0000E+00 0.0000E+00 0.0000E+00 0.0000E+00 0.0000E+00 0.0000E+00 0.0000E+00 0.0000E+00 0.0000E+00 0.0000E+00 0.0000E+00 0.0000E+00 0.0000E+00 0.0000E+00
1.8326E-08 2.0000E-08 2.1567E-08 2.2935E-08 2.3869E-08 2.4348E-08 2.4347E-08 2.3840E-08 2.2833E-08 2.1387E-08 1.9558E-08 1.7462E-08 1.5212E-08 1.2932E-08 1.0618E-08 8.5206E-09 6.5009E-09 4.7266E-09 3.1151E-09 2.2936E-09 1.6584E-09 9.6258E-10 4.8180E-10 1.9802E-10 1.3985E-10 9.6529E-11 6.4594E-11 4.1315E-11 2.4534E-11 9.2246E-12 0.0000E+00 0.0000E+00 0.0000E+00 0.0000E+00 0.0000E+00 0.0000E+00 0.0000E+00 0.0000E+00 0.0000E+00 0.0000E+00 0.0000E+00 0.0000E+00 0.0000E+00 0.0000E+00 0.0000E+00 0.0000E+00 0.0000E+00 0.0000E+00 0.0000E+00 0.0000E+00 0.0000E+00 0.0000E+00 0.0000E+00 0.0000E+00 0.0000E+00 0.0000E+00 0.0000E+00
1.8481E-08 2.0383E-08 2.2212E-08 2.3754E-08 2.4912E-08 2.5632E-08 2.5841E-08 2.5504E-08 2.4606E-08 2.3189E-08 2.1330E-08 1.9141E-08 1.6747E-08 1.4276E-08 1.1831E-08 9.3750E-09 7.2920E-09 5.3214E-09 3.4397E-09 2.5097E-09 1.6668E-09 1.0663E-09 4.5241E-10 2.5023E-10 1.2915E-10 8.9248E-11 5.9815E-11 3.8338E-11 1.8174E-11 4.8724E-12 0.0000E+00 0.0000E+00 0.0000E+00 0.0000E+00 0.0000E+00 0.0000E+00 0.0000E+00 0.0000E+00 0.0000E+00 0.0000E+00 0.0000E+00 0.0000E+00 0.0000E+00 0.0000E+00 0.0000E+00 0.0000E+00 0.0000E+00 0.0000E+00 0.0000E+00 0.0000E+00 0.0000E+00 0.0000E+00 0.0000E+00 0.0000E+00 0.0000E+00 0.0000E+00 0.0000E+00
1.8459E-08 2.0583E-08 2.2606E-08 2.4371E-08 2.5806E-08 2.6812E-08 2.7276E-08 2.7147E-08 2.6404E-08 2.5071E-08 2.3225E-08 2.0983E-08 1.8466E-08 1.5809E-08 1.3143E-08 1.0613E-08 8.0597E-09 6.0468E-09 3.8529E-09 2.5504E-09 1.8128E-09 1.0339E-09 5.2372E-10 2.2653E-10 1.1419E-10 8.1333E-11 5.4595E-11 3.5060E-11 1.6637E-11 4.4703E-12 0.0000E+00 0.0000E+00 0.0000E+00 0.0000E+00 0.0000E+00 0.0000E+00 0.0000E+00 0.0000E+00 0.0000E+00 0.0000E+00 0.0000E+00 0.0000E+00 0.0000E+00 0.0000E+00 0.0000E+00 0.0000E+00 0.0000E+00 0.0000E+00 0.0000E+00 0.0000E+00 0.0000E+00 0.0000E+00 0.0000E+00 0.0000E+00 0.0000E+00 0.0000E+00 0.0000E+00
1.8236E-08 2.0545E-08 2.2753E-08 2.4789E-08 2.6533E-08 2.7837E-08 2.8601E-08 2.8738E-08 2.8213E-08 2.7043E-08 2.5268E-08 2.3005E-08 2.0411E-08 1.7581E-08 1.4690E-08 1.1898E-08 9.3383E-09 7.0743E-09 4.8351E-09 2.8639E-09 1.8041E-09 9.6459E-10 4.8620E-10 2.0465E-10 1.0252E-10 6.9805E-11 4.5529E-11 3.1598E-11 1.5023E-11 4.0482E-12 0.0000E+00 0.0000E+00 0.0000E+00 0.0000E+00 0.0000E+00 0.0000E+00 0.0000E+00 0.0000E+00 0.0000E+00 0.0000E+00 0.0000E+00 0.0000E+00 0.0000E+00 0.0000E+00 0.0000E+00 0.0000E+00 0.0000E+00 0.0000E+00 0.0000E+00 0.0000E+00 0.0000E+00 0.0000E+00 0.0000E+00 0.0000E+00 0.0000E+00 0.0000E+00 0.0000E+00
1.7813E-08 2.0241E-08 2.2671E-08 2.4986E-08 2.7031E-08 2.8675E-08 2.9780E-08 3.0257E-08 3.0023E-08 2.9068E-08 2.7437E-08 2.5284E-08 2.2640E-08 1.9668E-08 1.6544E-08 1.3468E-08 1.0596E-08 7.9960E-09 5.8791E-09 3.3184E-09 2.0314E-09 1.0760E-09 5.3279E-10 2.3831E-10 9.0714E-11 6.1856E-11 4.0413E-11 2.4607E-11 9.5894E-12 0.0000E+00 0.0000E+00 0.0000E+00 0.0000E+00 0.0000E+00 0.0000E+00 0.0000E+00 0.0000E+00 0.0000E+00 0.0000E+00 0.0000E+00 0.0000E+00 0.0000E+00 0.0000E+00 0.0000E+00 0.0000E+00 0.0000E+00 0.0000E+00 0.0000E+00 0.0000E+00 0.0000E+00 0.0000E+00 0.0000E+00 0.0000E+00 0.0000E+00 0.0000E+00 0.0000E+00 0.0000E+00
1.7151E-08 1.9718E-08 2.2349E-08 2.4913E-08 2.7269E-08 2.9264E-08 3.0766E-08 3.1624E-08 3.1757E-08 3.1118E-08 2.9818E-08 2.7832E-08 2.5197E-08 2.2099E-08 1.8755E-08 1.5378E-08 1.2174E-08 9.2674E-09 6.6967E-09 4.4820E-09 2.3784E-09 1.2321E-09 7.2285E-10 2.7462E-10 1.0713E-10 5.4021E-11 3.5350E-11 1.6858E-11 4.5703E-12 0.0000E+00 0.0000E+00 0.0000E+00 0.0000E+00 0.0000E+00 0.0000E+00 0.0000E+00 0.0000E+00 0.0000E+00 0.0000E+00 0.0000E+00 0.0000E+00 0.0000E+00 0.0000E+00 0.0000E+00 0.0000E+00 0.0000E+00 0.0000E+00 0.0000E+00 0.0000E+00 0.0000E+00 0.0000E+00 0.0000E+00 0.0000E+00 0.0000E+00 0.0000E+00 0.0000E+00 0.0000E+00
1.6302E-08 1.8962E-08 2.1756E-08 2.4546E-08 2.7197E-08 2.9567E-08 3.1473E-08 3.2775E-08 3.3350E-08 3.3244E-08 3.2356E-08 3.0597E-08 2.8055E-08 2.4909E-08 2.1364E-08 1.7683E-08 1.4106E-08 1.0832E-08 7.9343E-09 5.4375E-09 2.9302E-09 1.4872E-09 6.9809E-10 3.4026E-10 1.3404E-10 4.3305E-11 2.6871E-11 1.4604E-11 0.0000E+00 0.0000E+00 0.0000E+00 0.0000E+00 0.0000E+00 0.0000E+00 0.0000E+00 0.0000E+00 0.0000E+00 0.0000E+00 0.0000E+00 0.0000E+00 0.0000E+00 0.0000E+00 0.0000E+00 0.0000E+00 0.0000E+00 0.0000E+00 0.0000E+00 0.0000E+00 0.0000E+00 0.0000E+00 0.0000E+00 0.0000E+00 0.0000E+00 0.0000E+00 0.0000E+00 0.0000E+00 0.0000E+00
1.5273E-08 1.7991E-08 2.0884E-08 2.3856E-08 2.6784E-08 2.9493E-08 3.1826E-08 3.3608E-08 3.4816E-08 3.5331E-08 3.4907E-08 3.3479E-08 3.1151E-08 2.8053E-08 2.4399E-08 2.0452E-08 1.6491E-08 1.2740E-08 9.4554E-09 6.6022E-09 4.2506E-09 2.0550E-09 8.7857E-10 4.9926E-10 1.7938E-10 6.2360E-11 2.2830E-11 4.8311E-12 0.0000E+00 0.0000E+00 0.0000E+00 0.0000E+00 0.0000E+00 0.0000E+00 0.0000E+00 0.0000E+00 0.0000E+00 0.0000E+00 0.0000E+00 0.0000E+00 0.0000E+00 0.0000E+00 0.0000E+00 0.0000E+00 0.0000E+00 0.0000E+00 0.0000E+00 0.0000E+00 0.0000E+00 0.0000E+00 0.0000E+00 0.0000E+00 0.0000E+00 0.0000E+00 0.0000E+00 0.0000E+00 0.0000E+00
1.4082E-08 1.6793E-08 1.9737E-08 2.2832E-08 2.5977E-08 2.8999E-08 3.1716E-08 3.4049E-08 3.5938E-08 3.7037E-08 3.7167E-08 3.6290E-08 3.4348E-08 3.1464E-08 2.7815E-08 2.3669E-08 1.9337E-08 1.5126E-08 1.1248E-08 7.8055E-09 5.3620E-09 3.2186E-09 1.2655E-09 4.9630E-10 2.5076E-10 8.8154E-11 2.9703E-11 4.0958E-12 0.0000E+00 0.0000E+00 0.0000E+00 0.0000E+00 0.0000E+00 0.0000E+00 0.0000E+00 0.0000E+00 0.0000E+00 0.0000E+00 0.0000E+00 0.0000E+00 0.0000E+00 0.0000E+00 0.0000E+00 0.0000E+00 0.0000E+00 0.0000E+00 0.0000E+00 0.0000E+00 0.0000E+00 0.0000E+00 0.0000E+00 0.0000E+00 0.0000E+00 0.0000E+00 0.0000E+00 0.0000E+00 0.0000E+00
1.2770E-08 1.5401E-08 1.8308E-08 2.1439E-08 2.4676E-08 2.7892E-08 3.0992E-08 3.3971E-08 3.6460E-08 3.8211E-08 3.9080E-08 3.8860E-08 3.7502E-08 3.5019E-08 3.1543E-08 2.7332E-08 2.2679E-08 1.7982E-08 1.3577E-08 9.6980E-09 6.3222E-09 3.5958E-09 1.7425E-09 6.9394E-10 2.6942E-10 1.3444E-10 3.9329E-11 0.0000E+00 0.0000E+00 0.0000E+00 0.0000E+00 0.0000E+00 0.0000E+00 0.0000E+00 0.0000E+00 0.0000E+00 0.0000E+00 0.0000E+00 0.0000E+00 0.0000E+00 0.0000E+00 0.0000E+00 0.0000E+00 0.0000E+00 0.0000E+00 0.0000E+00 0.0000E+00 0.0000E+00 0.0000E+00 0.0000E+00 0.0000E+00 0.0000E+00 0.0000E+00 0.0000E+00 0.0000E+00 0.0000E+00 0.0000E+00
1.1345E-08 1.3823E-08 1.6614E-08 1.9687E-08 2.2947E-08 2.6311E-08 2.9846E-08 3.3240E-08 3.6265E-08 3.8729E-08 4.0363E-08 4.0962E-08 4.0374E-08 3.8525E-08 3.5462E-08 3.1338E-08 2.6506E-08 2.1352E-08 1.6307E-08 1.1893E-08 7.9918E-09 4.7418E-09 1.8446E-09 1.0618E-09 3.9055E-10 2.0980E-10 6.2346E-11 1.0630E-11 0.0000E+00 0.0000E+00 0.0000E+00 0.0000E+00 0.0000E+00 0.0000E+00 0.0000E+00 0.0000E+00 0.0000E+00 0.0000E+00 0.0000E+00 0.0000E+00 0.0000E+00 0.0000E+00 0.0000E+00 0.0000E+00 0.0000E+00 0.0000E+00 0.0000E+00 0.0000E+00 0.0000E+00 0.0000E+00 0.0000E+00 0.0000E+00 0.0000E+00 0.0000E+00 0.0000E+00 0.0000E+00 0.0000E+00
9.8780E-09 1.2151E-08 1.4771E-08 1.7694E-08 2.0876E-08 2.4403E-08 2.8085E-08 3.1762E-08 3.5271E-08 3.8369E-08 4.0797E-08 4.2318E-08 4.2681E-08 4.1716E-08 3.9307E-08 3.5578E-08 3.0757E-08 2.5139E-08 1.9596E-08 1.4331E-08 9.4760E-09 6.1759E-09 2.6210E-09 1.0891E-09 5.9283E-10 1.9431E-10 1.0263E-10 2.5257E-11 0.0000E+00 0.0000E+00 0.0000E+00 0.0000E+00 0.0000E+00 0.0000E+00 0.0000E+00 0.0000E+00 0.0000E+00 0.0000E+00 0.0000E+00 0.0000E+00 0.0000E+00 0.0000E+00 0.0000E+00 0.0000E+00 0.0000E+00 0.0000E+00 0.0000E+00 0.0000E+00 0.0000E+00 0.0000E+00 0.0000E+00 0.0000E+00 0.0000E+00 0.0000E+00 0.0000E+00 0.0000E+00 0.0000E+00
8.4156E-09 1.0449E-08 1.2827E-08 1.5532E-08 1.8620E-08 2.2048E-08 2.5720E-08 2.9556E-08 3.3385E-08 3.7007E-08 4.0195E-08 4.2666E-08 4.4121E-08 4.4240E-08 4.2838E-08 3.9832E-08 3.5069E-08 2.9473E-08 2.3417E-08 1.7479E-08 1.2018E-08 7.1911E-09 2.7416E-09 1.5382E-09 5.9573E-10 3.0706E-10 1.6320E-10 3.6277E-11 0.0000E+00 0.0000E+00 0.0000E+00 0.0000E+00 0.0000E+00 0.0000E+00 0.0000E+00 0.0000E+00 0.0000E+00 0.0000E+00 0.0000E+00 0.0000E+00 0.0000E+00 0.0000E+00 0.0000E+00 0.0000E+00 0.0000E+00 0.0000E+00 0.0000E+00 0.0000E+00 0.0000E+00 0.0000E+00 0.0000E+00 0.0000E+00 0.0000E+00 0.0000E+00 0.0000E+00 0.0000E+00 0.0000E+00
7.0070E-09 8.7723E-09 1.0869E-08 1.3313E-08 1.6148E-08 1.9339E-08 2.2865E-08 2.6676E-08 3.0643E-08 3.4635E-08 3.8448E-08 4.1816E-08 4.4385E-08 4.5798E-08 4.5706E-08 4.3557E-08 3.9672E-08 3.4238E-08 2.7816E-08 2.1091E-08 1.4982E-08 9.4474E-09 4.9404E-09 1.5731E-09 5.6402E-10 2.9907E-10 1.5880E-10 6.7351E-11 0.0000E+00 0.0000E+00 0.0000E+00 0.0000E+00 0.0000E+00 0.0000E+00 0.0000E+00 0.0000E+00 0.0000E+00 0.0000E+00 0.0000E+00 0.0000E+00 0.0000E+00 0.0000E+00 0.0000E+00 0.0000E+00 0.0000E+00 0.0000E+00 0.0000E+00 0.0000E+00 0.0000E+00 0.0000E+00 0.0000E+00 0.0000E+00 0.0000E+00 0.0000E+00 0.0000E+00 0.0000E+00 0.0000E+00
5.6958E-09 7.1828E-09 8.9741E-09 1.1084E-08 1.3572E-08 1.6429E-08 1.9680E-08 2.3277E-08 2.7195E-08 3.1338E-08 3.5568E-08 3.9655E-08 4.3285E-08 4.6081E-08 4.7445E-08 4.6863E-08 4.4133E-08 3.9301E-08 3.2894E-08 2.5637E-08 1.8268E-08 1.1171E-08 6.7694E-09 2.2383E-09 8.1350E-10 2.7874E-10 1.3911E-10 6.3799E-11 1.5459E-11 0.0000E+00 0.0000E+00 0.0000E+00 0.0000E+00 0.0000E+00 0.0000E+00 0.0000E+00 0.0000E+00 0.0000E+00 0.0000E+00 0.0000E+00 0.0000E+00 0.0000E+00 0.0000E+00 0.0000E+00 0.0000E+00 0.0000E+00 0.0000E+00 0.0000E+00 0.0000E+00 0.0000E+00 0.0000E+00 0.0000E+00 0.0000E+00 0.0000E+00 0.0000E+00 0.0000E+00 0.0000E+00
4.5156E-09 5.7197E-09 7.1835E-09 8.9330E-09 1.1035E-08 1.3491E-08 1.6342E-08 1.9599E-08 2.3255E-08 2.7320E-08 3.1692E-08 3.6242E-08 4.0771E-08 4.4945E-08 4.7882E-08 4.9119E-08 4.8136E-08 4.4587E-08 3.8588E-08 3.0988E-08 2.2898E-08 1.4897E-08 7.6829E-09 3.2071E-09 1.1867E-09 4.0278E-10 1.2477E-10 5.7737E-11 1.4409E-11 0.0000E+00 0.0000E+00 0.0000E+00 0.0000E+00 0.0000E+00 0.0000E+00 0.0000E+00 0.0000E+00 0.0000E+00 0.0000E+00 0.0000E+00 0.0000E+00 0.0000E+00 0.0000E+00 0.0000E+00 0.0000E+00 0.0000E+00 0.0000E+00 0.0000E+00 0.0000E+00 0.0000E+00 0.0000E+00 0.0000E+00 0.0000E+00 0.0000E+00 0.0000E+00 0.0000E+00 0.0000E+00
3.4823E-09 4.4063E-09 5.5634E-09 6.9629E-09 8.6645E-09 1.0682E-08 1.3078E-08 1.5876E-08 1.9134E-08 2.2874E-08 2.7107E-08 3.1860E-08 3.7036E-08 4.2093E-08 4.6625E-08 4.9999E-08 5.1282E-08 4.9671E-08 4.4961E-08 3.7457E-08 2.8412E-08 1.9564E-08 1.1138E-08 3.2504E-09 1.0996E-09 5.7998E-10 1.7029E-10 4.1258E-11 1.2787E-11 0.0000E+00 0.0000E+00 0.0000E+00 0.0000E+00 0.0000E+00 0.0000E+00 0.0000E+00 0.0000E+00 0.0000E+00 0.0000E+00 0.0000E+00 0.0000E+00 0.0000E+00 0.0000E+00 0.0000E+00 0.0000E+00 0.0000E+00 0.0000E+00 0.0000E+00 0.0000E+00 0.0000E+00 0.0000E+00 0.0000E+00 0.0000E+00 0.0000E+00 0.0000E+00 0.0000E+00 0.0000E+00
2.5847E-09 3.2837E-09 4.1659E-09 5.2375E-09 6.5598E-09 8.1488E-09 1.0069E-08 1.2353E-08 1.5094E-08 1.8341E-08 2.2197E-08 2.6790E-08 3.2004E-08 3.7714E-08 4.3648E-08 4.9056E-08 5.2974E-08 5.4264E-08 5.1737E-08 4.5164E-08 3.5623E-08 2.5076E-08 1.3463E-08 4.8611E-09 1.6319E-09 5.0402E-10 1.4441E-10 6.5624E-11 1.0794E-11 0.0000E+00 0.0000E+00 0.0000E+00 0.0000E+00 0.0000E+00 0.0000E+00 0.0000E+00 0.0000E+00 0.0000E+00 0.0000E+00 0.0000E+00 0.0000E+00 0.0000E+00 0.0000E+00 0.0000E+00 0.0000E+00 0.0000E+00 0.0000E+00 0.0000E+00 0.0000E+00 0.0000E+00 0.0000E+00 0.0000E+00 0.0000E+00 0.0000E+00 0.0000E+00 0.0000E+00 0.0000E+00
1.8482E-09 2.3598E-09 3.0077E-09 3.7981E-09 4.7777E-09 5.9678E-09 7.4448E-09 9.2190E-09 1.1399E-08 1.4025E-08 1.7297E-08 2.1369E-08 2.6309E-08 3.2216E-08 3.8909E-08 4.6048E-08 5.2771E-08 5.7443E-08 5.8463E-08 5.4354E-08 4.4937E-08 3.2698E-08 2.0625E-08 4.7817E-09 2.4584E-09 7.3719E-10 2.0901E-10 4.3858E-11 0.0000E+00 0.0000E+00 0.0000E+00 0.0000E+00 0.0000E+00 0.0000E+00 0.0000E+00 0.0000E+00 0.0000E+00 0.0000E+00 0.0000E+00 0.0000E+00 0.0000E+00 0.0000E+00 0.0000E+00 0.0000E+00 0.0000E+00 0.0000E+00 0.0000E+00 0.0000E+00 0.0000E+00 0.0000E+00 0.0000E+00 0.0000E+00 0.0000E+00 0.0000E+00 0.0000E+00 0.0000E+00 0.0000E+00
1.2624E-09 1.6227E-09 2.0862E-09 2.6464E-09 3.3456E-09 4.2008E-09 5.2729E-09 6.5785E-09 8.1724E-09 1.0172E-08 1.2806E-08 1.6181E-08 2.0496E-08 2.6000E-08 3.2824E-08 4.0977E-08 4.9869E-08 5.8454E-08 6.4377E-08 6.4445E-08 5.7231E-08 4.3624E-08 2.7433E-08 1.1217E-08 2.2233E-09 6.0817E-10 2.9143E-10 7.0498E-11 9.7745E-12 0.0000E+00 0.0000E+00 0.0000E+00 0.0000E+00 0.0000E+00 0.0000E+00 0.0000E+00 0.0000E+00 0.0000E+00 0.0000E+00 0.0000E+00 0.0000E+00 0.0000E+00 0.0000E+00 0.0000E+00 0.0000E+00 0.0000E+00 0.0000E+00 0.0000E+00 0.0000E+00 0.0000E+00 0.0000E+00 0.0000E+00 0.0000E+00 0.0000E+00 0.0000E+00 0.0000E+00 0.0000E+00
8.1574E-10 1.0637E-09 1.3661E-09 1.7505E-09 2.2336E-09 2.8247E-09 3.5582E-09 4.4284E-09 5.5514E-09 7.0448E-09 9.0087E-09 1.1601E-08 1.5068E-08 1.9730E-08 2.5947E-08 3.4076E-08 4.4354E-08 5.6222E-08 6.7706E-08 7.5350E-08 7.3277E-08 5.9425E-08 3.6835E-08 2.0022E-08 3.5771E-09 8.9969E-10 2.1999E-10 4.3875E-11 1.2935E-11 0.0000E+00 0.0000E+00 0.0000E+00 0.0000E+00 0.0000E+00 0.0000E+00 0.0000E+00 0.0000E+00 0.0000E+00 0.0000E+00 0.0000E+00 0.0000E+00 0.0000E+00 0.0000E+00 0.0000E+00 0.0000E+00 0.0000E+00 0.0000E+00 0.0000E+00 0.0000E+00 0.0000E+00 0.0000E+00 0.0000E+00 0.0000E+00 0.0000E+00 0.0000E+00 0.0000E+00 0.0000E+00
5.0214E-10 6.4920E-10 8.4614E-10 1.0984E-09 1.4177E-09 1.7875E-09 2.2479E-09 2.8135E-09 3.5944E-09 4.6135E-09 5.9908E-09 7.8463E-09 1.0403E-08 1.3986E-08 1.9075E-08 2.6317E-08 3.6472E-08 5.0229E-08 6.7663E-08 8.4855E-08 9.3357E-08 8.3082E-08 5.5451E-08 2.5667E-08 3.0406E-09 1.4096E-09 3.2216E-10 7.0130E-11 0.0000E+00 0.0000E+00 0.0000E+00 0.0000E+00 0.0000E+00 0.0000E+00 0.0000E+00 0.0000E+00 0.0000E+00 0.0000E+00 0.0000E+00 0.0000E+00 0.0000E+00 0.0000E+00 0.0000E+00 0.0000E+00 0.0000E+00 0.0000E+00 0.0000E+00 0.0000E+00 0.0000E+00 0.0000E+00 0.0000E+00 0.0000E+00 0.0000E+00 0.0000E+00 0.0000E+00 0.0000E+00 0.0000E+00
2.7879E-10 3.7355E-10 4.9553E-10 6.4445E-10 8.3356E-10 1.0592E-09 1.3474E-09 1.7083E-09 2.1949E-09 2.8619E-09 3.7393E-09 4.9838E-09 6.7107E-09 9.2297E-09 1.2991E-08 1.8698E-08 2.7546E-08 4.1463E-08 6.2414E-08 9.0939E-08 1.1679E-07 1.1398E-07 7.6365E-08 2.9113E-08 5.4510E-09 1.0789E-09 2.2447E-10 9.3138E-11 1.1933E-11 0.0000E+00 0.0000E+00 0.0000E+00 0.0000E+00 0.0000E+00 0.0000E+00 0.0000E+00 0.0000E+00 0.0000E+00 0.0000E+00 0.0000E+00 0.0000E+00 0.0000E+00 0.0000E+00 0.0000E+00 0.0000E+00 0.0000E+00 0.0000E+00 0.0000E+00 0.0000E+00 0.0000E+00 0.0000E+00 0.0000E+00 0.0000E+00 0.0000E+00 0.0000E+00 0.0000E+00 0.0000E+00
1.3479E-10 1.8949E-10 2.5966E-10 3.4300E-10 4.5121E-10 5.8292E-10 7.5108E-10 9.7577E-10 1.2738E-09 1.6613E-09 2.2117E-09 2.9515E-09 4.0385E-09 5.6382E-09 8.1826E-09 1.2264E-08 1.9128E-08 3.1290E-08 5.2888E-08 9.2956E-08 1.5378E-07 1.8241E-07 1.0753E-07 8.7320E-09 4.1343E-09 1.8266E-09 3.3348E-10 6.3443E-11 1.4429E-11 0.0000E+00 0.0000E+00 0.0000E+00 0.0000E+00 0.0000E+00 0.0000E+00 0.0000E+00 0.0000E+00 0.0000E+00 0.0000E+00 0.0000E+00 0.0000E+00 0.0000E+00 0.0000E+00 0.0000E+00 0.0000E+00 0.0000E+00 0.0000E+00 0.0000E+00 0.0000E+00 0.0000E+00 0.0000E+00 0.0000E+00 0.0000E+00 0.0000E+00 0.0000E+00 0.0000E+00 0.0000E+00
