Assets/Resources/2015_m01_d13_0800(utc+0800)_l00_csi_1hr_conc.grd
DSAA
         159         159
     -79.000      79.000
     -79.000      79.000
  0.0000E+00  0.1234E-04
[rows 25 to 49 of 159, columns 0 to 56 of 159]
1.3220E-10 1.3650E-10 1.3988E-10 1.4307E-10 1.4622E-10 1.4919E-10 1.5194E-10 1.5499E-10 1.5761E-10 1.5929E-10 1.6100E-10 1.6243E-10 1.6340E-10 1.6354E-10 1.6328E-10 1.6260E-10 1.6152E-10 1.6005E-10 1.5819E-10 1.5595E-10 1.5335E-10 1.5029E-10 1.4694E-10 1.4341E-10 1.3963E-10 1.3562E-10 1.3140E-10 1.2699E-10 1.2244E-10 1.1777E-10 1.1075E-10 1.0614E-10 1.0124E-10 9.5977E-11 9.0614E-11 8.4825E-11 7.9057E-11 7.3583E-11 6.8528E-11 6.3681E-11 5.8893E-11 5.2685E-11 4.6251E-11 4.0967E-11 3.6331E-11 3.0424E-11 2.6405E-11 2.2525E-11 1.7723E-11 9.3416E-12 7.1423E-12 9.2705E-13 0.0000E+00 0.0000E+00 0.0000E+00 0.0000E+00 0.0000E+00
1.4986E-10 1.5400E-10 1.5788E-10 1.6153E-10 1.6600E-10 1.6990E-10 1.7321E-10 1.7672E-10 1.7956E-10 1.8157E-10 1.8315E-10 1.8428E-10 1.8495E-10 1.8515E-10 1.8488E-10 1.8422E-10 1.8333E-10 1.8196E-10 1.8012E-10 1.7782E-10 1.7501E-10 1.7166E-10 1.6797E-10 1.6399E-10 1.5966E-10 1.5502E-10 1.5009E-10 1.4492E-10 1.3955E-10 1.3404E-10 1.2828E-10 1.2008E-10 1.1459E-10 1.0897E-10 1.0319E-10 9.7404E-11 9.1565E-11 8.5260E-11 7.8782E-11 7.2241E-11 6.6409E-11 6.1280E-11 5.6357E-11 4.8832E-11 4.2532E-11 3.7443E-11 3.1345E-11 2.7248E-11 2.3118E-11 1.3461E-11 9.8007E-12 2.6089E-12 1.3058E-12 0.0000E+00 0.0000E+00 0.0000E+00 0.0000E+00
1.6860E-10 1.7385E-10 1.7922E-10 1.8349E-10 1.8852E-10 1.9288E-10 1.9655E-10 1.9980E-10 2.0259E-10 2.0491E-10 2.0674E-10 2.0859E-10 2.0999E-10 2.1065E-10 2.1045E-10 2.1004E-10 2.0913E-10 2.0767E-10 2.0567E-10 2.0306E-10 1.9973E-10 1.9589E-10 1.9175E-10 1.8727E-10 1.8245E-10 1.7730E-10 1.7187E-10 1.6619E-10 1.6030E-10 1.5395E-10 1.4723E-10 1.4042E-10 1.3131E-10 1.2413E-10 1.1703E-10 1.1000E-10 1.0301E-10 9.6447E-11 9.0011E-11 8.3731E-11 7.7215E-11 7.0283E-11 6.3684E-11 5.8121E-11 5.0708E-11 4.3879E-11 3.8405E-11 3.2078E-11 2.7539E-11 2.3494E-11 1.4237E-11 1.0245E-11 2.8971E-12 1.6217E-12 1.2494E-13 0.0000E+00 0.0000E+00
1.9072E-10 1.9671E-10 2.0281E-10 2.0774E-10 2.1241E-10 2.1695E-10 2.2114E-10 2.2507E-10 2.2913E-10 2.3225E-10 2.3456E-10 2.3678E-10 2.3845E-10 2.3898E-10 2.3885E-10 2.3811E-10 2.3677E-10 2.3483E-10 2.3231E-10 2.2923E-10 2.2547E-10 2.2118E-10 2.1657E-10 2.1153E-10 2.0610E-10 2.0029E-10 1.9416E-10 1.8781E-10 1.8110E-10 1.7395E-10 1.6668E-10 1.5918E-10 1.5143E-10 1.4161E-10 1.3409E-10 1.2614E-10 1.1812E-10 1.0985E-10 1.0174E-10 9.4171E-11 8.7266E-11 8.0655E-11 7.4267E-11 6.7211E-11 5.9621E-11 5.2052E-11 4.4597E-11 3.9133E-11 3.2592E-11 2.7789E-11 1.8298E-11 1.4595E-11 5.4247E-12 3.1111E-12 1.8609E-12 2.6330E-13 0.0000E+00
2.1508E-10 2.2146E-10 2.2749E-10 2.3313E-10 2.3839E-10 2.4454E-10 2.4978E-10 2.5441E-10 2.5905E-10 2.6248E-10 2.6508E-10 2.6702E-10 2.6830E-10 2.6889E-10 2.6879E-10 2.6808E-10 2.6702E-10 2.6528E-10 2.6286E-10 2.5973E-10 2.5558E-10 2.5084E-10 2.4572E-10 2.4008E-10 2.3398E-10 2.2746E-10 2.2063E-10 2.1326E-10 2.0554E-10 1.9740E-10 1.8884E-10 1.7990E-10 1.7090E-10 1.6115E-10 1.5056E-10 1.4199E-10 1.3349E-10 1.2510E-10 1.1685E-10 1.0835E-10 9.9617E-11 9.1038E-11 8.3402E-11 7.6574E-11 7.0063E-11 6.0856E-11 5.4919E-11 4.6838E-11 3.9600E-11 3.2809E-11 2.7829E-11 1.8519E-11 1.4635E-11 5.7184E-12 3.2417E-12 2.0126E-12 3.3656E-13
2.4048E-10 2.4772E-10 2.5496E-10 2.6248E-10 2.6857E-10 2.7546E-10 2.8132E-10 2.8633E-10 2.9070E-10 2.9438E-10 2.9736E-10 2.9981E-10 3.0201E-10 3.0342E-10 3.0344E-10 3.0311E-10 3.0214E-10 3.0039E-10 2.9767E-10 2.9387E-10 2.8925E-10 2.8408E-10 2.7838E-10 2.7209E-10 2.6527E-10 2.5796E-10 2.5016E-10 2.4185E-10 2.3314E-10 2.2405E-10 2.1448E-10 2.0479E-10 1.9474E-10 1.8418E-10 1.7213E-10 1.6118E-10 1.5071E-10 1.4077E-10 1.3110E-10 1.2209E-10 1.1333E-10 1.0484E-10 9.6119E-11 8.6967E-11 7.8540E-11 7.1622E-11 6.1801E-11 5.5755E-11 4.7254E-11 3.9784E-11 3.2602E-11 2.1959E-11 1.8560E-11 9.4058E-12 5.8933E-12 3.2833E-12 2.0700E-12
2.6879E-10 2.7795E-10 2.8619E-10 2.9468E-10 3.0166E-10 3.0826E-10 3.1454E-10 3.2022E-10 3.2554E-10 3.3076E-10 3.3444E-10 3.3759E-10 3.4033E-10 3.4176E-10 3.4194E-10 3.4125E-10 3.3967E-10 3.3724E-10 3.3395E-10 3.2969E-10 3.2458E-10 3.1905E-10 3.1311E-10 3.0646E-10 2.9911E-10 2.9106E-10 2.8228E-10 2.7288E-10 2.6277E-10 2.5220E-10 2.4125E-10 2.3008E-10 2.1856E-10 2.0703E-10 1.9568E-10 1.8234E-10 1.7157E-10 1.6080E-10 1.4974E-10 1.3856E-10 1.2758E-10 1.1751E-10 1.0834E-10 9.9560E-11 9.0943E-11 8.0153E-11 7.2847E-11 6.4145E-11 5.6232E-11 4.7362E-11 3.9672E-11 3.4107E-11 2.1832E-11 1.8412E-11 9.4306E-12 5.9010E-12 3.2340E-12
3.0060E-10 3.1099E-10 3.2002E-10 3.2853E-10 3.3644E-10 3.4381E-10 3.5202E-10 3.5891E-10 3.6522E-10 3.7131E-10 3.7543E-10 3.7861E-10 3.8085E-10 3.8212E-10 3.8241E-10 3.8176E-10 3.8130E-10 3.7993E-10 3.7748E-10 3.7301E-10 3.6751E-10 3.6133E-10 3.5435E-10 3.4660E-10 3.3814E-10 3.2891E-10 3.1893E-10 3.0838E-10 2.9725E-10 2.8568E-10 2.7358E-10 2.6118E-10 2.4851E-10 2.3536E-10 2.2217E-10 2.0771E-10 1.9332E-10 1.8077E-10 1.6861E-10 1.5707E-10 1.4592E-10 1.3456E-10 1.2234E-10 1.1179E-10 1.0205E-10 9.3147E-11 8.1380E-11 7.3709E-11 6.4574E-11 5.6333E-11 4.7151E-11 3.9257E-11 2.7679E-11 2.1508E-11 1.2708E-11 9.2538E-12 5.8275E-12
3.3490E-10 3.4559E-10 3.5577E-10 3.6556E-10 3.7589E-10 3.8431E-10 3.9373E-10 4.0150E-10 4.0812E-10 4.1379E-10 4.1848E-10 4.2214E-10 4.2591E-10 4.2949E-10 4.3062E-10 4.3013E-10 4.2853E-10 4.2583E-10 4.2197E-10 4.1691E-10 4.1092E-10 4.0433E-10 3.9725E-10 3.8924E-10 3.8022E-10 3.7015E-10 3.5927E-10 3.4754E-10 3.3500E-10 3.2184E-10 3.0807E-10 2.9380E-10 2.7926E-10 2.6456E-10 2.5002E-10 2.3556E-10 2.1933E-10 2.0576E-10 1.9189E-10 1.7820E-10 1.6434E-10 1.5161E-10 1.3950E-10 1.2630E-10 1.1547E-10 1.0407E-10 9.4674E-11 8.3943E-11 7.4188E-11 6.4656E-11 5.6050E-11 4.6622E-11 3.8542E-11 2.7347E-11 2.0990E-11 1.2518E-11 8.9272E-12
3.7112E-10 3.8326E-10 3.9613E-10 4.0730E-10 4.1909E-10 4.2872E-10 4.3774E-10 4.4615E-10 4.5362E-10 4.6118E-10 4.6915E-10 4.7358E-10 4.7683E-10 4.7887E-10 4.7968E-10 4.7925E-10 4.7802E-10 4.7659E-10 4.7385E-10 4.6898E-10 4.6262E-10 4.5524E-10 4.4683E-10 4.3733E-10 4.2671E-10 4.1524E-10 4.0287E-10 3.8962E-10 3.7573E-10 3.6118E-10 3.4605E-10 3.3059E-10 3.1489E-10 2.9905E-10 2.8316E-10 2.6708E-10 2.5028E-10 2.3260E-10 2.1677E-10 2.0153E-10 1.8692E-10 1.7255E-10 1.5785E-10 1.4332E-10 1.3140E-10 1.1796E-10 1.0558E-10 9.5725E-11 8.4461E-11 7.4267E-11 6.6559E-11 5.5383E-11 4.5781E-11 3.1429E-11 2.6868E-11 1.4823E-11 1.2171E-11
4.1181E-10 4.2550E-10 4.4015E-10 4.5261E-10 4.6429E-10 4.7511E-10 4.8518E-10 4.9738E-10 5.0694E-10 5.1449E-10 5.2082E-10 5.2588E-10 5.2963E-10 5.3349E-10 5.3685E-10 5.3685E-10 5.3535E-10 5.3246E-10 5.2801E-10 5.2221E-10 5.1531E-10 5.0742E-10 4.9893E-10 4.8911E-10 4.7816E-10 4.6601E-10 4.5261E-10 4.3812E-10 4.2272E-10 4.0646E-10 3.8962E-10 3.7233E-10 3.5466E-10 3.3657E-10 3.1831E-10 3.0002E-10 2.8182E-10 2.6232E-10 2.4495E-10 2.2864E-10 2.1205E-10 1.9585E-10 1.7968E-10 1.6211E-10 1.4870E-10 1.3388E-10 1.1961E-10 1.0655E-10 9.6275E-11 8.4524E-11 7.3938E-11 6.6031E-11 5.4342E-11 4.4739E-11 3.0552E-11 2.4024E-11 1.4354E-11
4.5597E-10 4.7134E-10 4.8604E-10 5.0000E-10 5.1311E-10 5.2899E-10 5.4054E-10 5.5135E-10 5.6113E-10 5.6965E-10 5.7789E-10 5.8647E-10 5.9106E-10 5.9416E-10 5.9574E-10 5.9578E-10 5.9428E-10 5.9216E-10 5.8908E-10 5.8428E-10 5.7703E-10 5.6830E-10 5.5804E-10 5.4652E-10 5.3372E-10 5.1959E-10 5.0444E-10 4.8826E-10 4.7107E-10 4.5317E-10 4.3469E-10 4.1574E-10 3.9644E-10 3.7691E-10 3.5727E-10 3.3762E-10 3.1807E-10 2.9880E-10 2.7760E-10 2.5821E-10 2.3930E-10 2.2113E-10 2.0391E-10 1.8548E-10 1.6774E-10 1.5144E-10 1.3571E-10 1.2064E-10 1.0696E-10 9.6305E-11 8.6400E-11 7.3200E-11 6.5141E-11 5.2929E-11 3.7204E-11 3.1335E-11 1.7405E-11
5.0184E-10 5.1900E-10 5.3540E-10 5.5469E-10 5.6971E-10 5.8373E-10 5.9667E-10 6.0869E-10 6.2210E-10 6.3326E-10 6.4168E-10 6.4856E-10 6.5383E-10 6.5746E-10 6.6119E-10 6.6369E-10 6.6246E-10 6.5942E-10 6.5456E-10 6.4820E-10 6.4021E-10 6.3061E-10 6.2033E-10 6.0875E-10 5.9556E-10 5.8098E-10 5.6468E-10 5.4687E-10 5.2804E-10 5.0839E-10 4.8805E-10 4.6715E-10 4.4582E-10 4.2406E-10 4.0198E-10 3.7982E-10 3.5757E-10 3.3545E-10 3.1364E-10 2.9079E-10 2.6974E-10 2.5020E-10 2.3072E-10 2.1125E-10 1.9085E-10 1.7355E-10 1.5345E-10 1.3683E-10 1.2375E-10 1.0678E-10 9.5805E-11 8.5651E-11 7.2060E-11 6.3616E-11 4.8437E-11 3.6007E-11 2.7925E-11
5.5099E-10 5.7283E-10 5.9230E-10 6.1008E-10 6.2687E-10 6.4255E-10 6.6016E-10 6.7451E-10 6.8710E-10 6.9822E-10 7.0773E-10 7.1654E-10 7.2557E-10 7.3010E-10 7.3277E-10 7.3356E-10 7.3245E-10 7.2927E-10 7.2563E-10 7.2084E-10 7.1303E-10 7.0282E-10 6.9078E-10 6.7706E-10 6.6176E-10 6.4494E-10 6.2657E-10 6.0700E-10 5.8644E-10 5.6507E-10 5.4286E-10 5.1993E-10 4.9645E-10 4.7256E-10 4.4840E-10 4.2411E-10 3.9990E-10 3.7608E-10 3.5271E-10 3.2971E-10 3.0520E-10 2.8207E-10 2.6003E-10 2.3885E-10 2.1657E-10 1.9804E-10 1.7601E-10 1.5467E-10 1.3995E-10 1.2367E-10 1.0838E-10 9.4775E-11 8.4152E-11 6.9944E-11 6.1443E-11 4.2078E-11 3.2100E-11
6.0727E-10 6.2890E-10 6.4959E-10 6.6935E-10 6.9075E-10 7.0965E-10 7.2622E-10 7.4150E-10 7.5555E-10 7.7012E-10 7.8285E-10 7.9203E-10 7.9929E-10 8.0455E-10 8.0778E-10 8.1099E-10 8.1214E-10 8.0916E-10 8.0409E-10 7.9712E-10 7.8806E-10 7.7701E-10 7.6434E-10 7.5077E-10 7.3541E-10 7.1800E-10 6.9837E-10 6.7712E-10 6.5464E-10 6.3108E-10 6.0660E-10 5.8134E-10 5.5548E-10 5.2918E-10 5.0259E-10 4.7588E-10 4.4930E-10 4.2269E-10 3.9627E-10 3.7001E-10 3.4399E-10 3.1714E-10 2.9251E-10 2.6961E-10 2.4571E-10 2.2499E-10 2.0101E-10 1.8000E-10 1.5777E-10 1.3982E-10 1.2292E-10 1.0973E-10 9.2598E-11 8.1803E-11 6.7310E-11 5.6579E-11 3.7991E-11
6.6377E-10 6.8771E-10 7.1160E-10 7.3656E-10 7.5776E-10 7.7770E-10 7.9622E-10 8.1557E-10 8.3446E-10 8.4894E-10 8.6150E-10 8.7205E-10 8.8133E-10 8.9083E-10 8.9517E-10 8.9724E-10 8.9694E-10 8.9429E-10 8.8914E-10 8.8377E-10 8.7633E-10 8.6471E-10 8.5088E-10 8.3486E-10 8.1684E-10 7.9689E-10 7.7524E-10 7.5203E-10 7.2489E-10 6.9934E-10 6.7274E-10 6.4520E-10 6.1688E-10 5.8797E-10 5.5864E-10 5.2908E-10 4.9969E-10 4.7050E-10 4.4170E-10 4.1336E-10 3.8555E-10 3.5840E-10 3.3000E-10 3.0346E-10 2.7818E-10 2.5397E-10 2.2868E-10 2.0534E-10 1.8092E-10 1.6084E-10 1.3869E-10 1.2374E-10 1.0731E-10 8.9710E-11 7.8837E-11 6.4414E-11 4.5170E-11
7.2374E-10 7.5398E-10 7.7979E-10 8.0451E-10 8.2803E-10 8.5156E-10 8.7612E-10 8.9586E-10 9.1378E-10 9.2996E-10 9.4565E-10 9.6016E-10 9.7014E-10 9.7774E-10 9.8290E-10 9.8557E-10 9.8788E-10 9.8732E-10 9.8252E-10 9.7513E-10 9.6521E-10 9.5276E-10 9.3792E-10 9.2114E-10 9.0244E-10 8.8169E-10 8.5863E-10 8.3350E-10 8.0678E-10 7.7864E-10 7.4647E-10 7.1620E-10 6.8511E-10 6.5339E-10 6.2123E-10 5.8887E-10 5.5675E-10 5.2476E-10 4.9300E-10 4.6162E-10 4.3027E-10 3.9962E-10 3.6983E-10 3.3915E-10 3.1186E-10 2.8611E-10 2.5926E-10 2.3317E-10 2.0964E-10 1.8398E-10 1.5933E-10 1.3914E-10 1.2089E-10 1.0406E-10 8.6276E-11 7.3136E-11 6.1542E-11
7.9122E-10 8.2079E-10 8.4927E-10 8.7658E-10 9.0665E-10 9.3305E-10 9.5658E-10 9.7834E-10 9.9963E-10 1.0205E-09 1.0383E-09 1.0523E-09 1.0638E-09 1.0733E-09 1.0832E-09 1.0871E-09 1.0882E-09 1.0864E-09 1.0819E-09 1.0746E-09 1.0654E-09 1.0533E-09 1.0376E-09 1.0193E-09 9.9845E-10 9.7532E-10 9.5004E-10 9.2275E-10 8.9365E-10 8.6012E-10 8.2812E-10 7.9492E-10 7.6076E-10 7.2294E-10 6.8768E-10 6.5223E-10 6.1697E-10 5.8177E-10 5.4678E-10 5.1219E-10 4.7819E-10 4.4494E-10 4.1257E-10 3.8100E-10 3.4860E-10 3.1914E-10 2.9070E-10 2.6225E-10 2.3788E-10 2.0942E-10 1.8229E-10 1.5957E-10 1.3913E-10 1.1714E-10 1.0004E-10 7.9923E-11 6.9845E-11
8.5886E-10 8.9132E-10 9.2515E-10 9.5835E-10 9.8771E-10 1.0155E-09 1.0416E-09 1.0700E-09 1.0937E-09 1.1148E-09 1.1331E-09 1.1498E-09 1.1662E-09 1.1769E-09 1.1846E-09 1.1895E-09 1.1912E-09 1.1912E-09 1.1880E-09 1.1807E-09 1.1701E-09 1.1565E-09 1.1399E-09 1.1204E-09 1.0982E-09 1.0734E-09 1.0461E-09 1.0167E-09 9.8517E-10 9.5183E-10 9.1689E-10 8.7744E-10 8.4016E-10 8.0200E-10 7.6321E-10 7.2115E-10 6.8248E-10 6.4381E-10 6.0534E-10 5.6728E-10 5.2983E-10 4.9317E-10 4.5747E-10 4.2288E-10 3.8882E-10 3.5541E-10 3.2520E-10 2.9385E-10 2.6627E-10 2.3758E-10 2.0765E-10 1.8229E-10 1.5927E-10 1.3151E-10 1.1266E-10 9.3069E-11 7.6145E-11
9.3002E-10 9.6947E-10 1.0058E-09 1.0396E-09 1.0719E-09 1.1065E-09 1.1359E-09 1.1649E-09 1.1902E-09 1.2134E-09 1.2379E-09 1.2561E-09 1.2713E-09 1.2835E-09 1.2928E-09 1.3009E-09 1.3037E-09 1.3033E-09 1.3003E-09 1.2944E-09 1.2837E-09 1.2696E-09 1.2523E-09 1.2319E-09 1.2084E-09 1.1821E-09 1.1530E-09 1.1214E-09 1.0875E-09 1.0545E-09 1.0168E-09 9.7756E-10 9.3695E-10 8.9182E-10 8.4958E-10 8.0703E-10 7.6419E-10 7.1468E-10 6.7243E-10 6.3059E-10 5.8936E-10 5.4895E-10 5.0955E-10 4.7133E-10 4.3445E-10 3.9779E-10 3.6314E-10 3.3065E-10 2.9989E-10 2.6810E-10 2.3791E-10 2.0874E-10 1.8208E-10 1.5445E-10 1.2652E-10 1.1087E-10 8.8883E-11
1.0087E-09 1.0495E-09 1.0878E-09 1.1249E-09 1.1646E-09 1.2001E-09 1.2330E-09 1.2635E-09 1.2957E-09 1.3218E-09 1.3451E-09 1.3654E-09 1.3827E-09 1.3989E-09 1.4099E-09 1.4174E-09 1.4226E-09 1.4239E-09 1.4209E-09 1.4141E-09 1.4048E-09 1.3910E-09 1.3731E-09 1.3518E-09 1.3283E-09 1.3015E-09 1.2707E-09 1.2372E-09 1.2010E-09 1.1625E-09 1.1219E-09 1.0795E-09 1.0355E-09 9.9032E-10 9.4425E-10 8.9771E-10 8.4719E-10 8.0024E-10 7.5338E-10 7.0341E-10 6.5474E-10 6.1030E-10 5.6692E-10 5.2479E-10 4.8408E-10 4.4495E-10 4.0509E-10 3.6870E-10 3.3454E-10 3.0222E-10 2.6888E-10 2.3702E-10 2.1093E-10 1.7975E-10 1.4681E-10 1.2442E-10 1.0030E-10
1.0889E-09 1.1319E-09 1.1765E-09 1.2186E-09 1.2596E-09 1.2976E-09 1.3349E-09 1.3715E-09 1.4032E-09 1.4322E-09 1.4581E-09 1.4831E-09 1.5028E-09 1.5192E-09 1.5333E-09 1.5432E-09 1.5488E-09 1.5504E-09 1.5502E-09 1.5446E-09 1.5356E-09 1.5216E-09 1.5051E-09 1.4862E-09 1.4610E-09 1.4326E-09 1.4022E-09 1.3675E-09 1.3297E-09 1.2925E-09 1.2498E-09 1.2051E-09 1.1587E-09 1.1107E-09 1.0618E-09 1.0122E-09 9.6156E-10 9.1055E-10 8.5218E-10 8.0208E-10 7.5253E-10 7.0012E-10 6.4969E-10 6.0437E-10 5.6058E-10 5.1828E-10 4.7715E-10 4.3643E-10 3.9969E-10 3.6507E-10 3.2951E-10 2.9135E-10 2.5853E-10 2.2505E-10 1.8165E-10 1.4890E-10 1.2508E-10
1.1711E-09 1.2217E-09 1.2677E-09 1.3141E-09 1.3576E-09 1.4033E-09 1.4433E-09 1.4809E-09 1.5160E-09 1.5495E-09 1.5794E-09 1.6051E-09 1.6281E-09 1.6482E-09 1.6634E-09 1.6746E-09 1.6837E-09 1.6880E-09 1.6881E-09 1.6832E-09 1.6748E-09 1.6621E-09 1.6474E-09 1.6263E-09 1.6015E-09 1.5731E-09 1.5409E-09 1.5051E-09 1.4667E-09 1.4240E-09 1.3787E-09 1.3311E-09 1.2814E-09 1.2300E-09 1.1776E-09 1.1241E-09 1.0693E-09 1.0139E-09 9.5844E-10 9.0311E-10 8.4529E-10 7.9599E-10 7.4489E-10 6.9510E-10 6.4606E-10 6.0093E-10 5.5534E-10 5.1015E-10 4.6743E-10 4.2782E-10 3.8821E-10 3.5083E-10 3.1574E-10 2.7869E-10 2.4309E-10 1.9598E-10 1.6475E-10
1.2605E-09 1.3115E-09 1.3632E-09 1.4121E-09 1.4638E-09 1.5099E-09 1.5538E-09 1.5952E-09 1.6361E-09 1.6720E-09 1.7044E-09 1.7352E-09 1.7607E-09 1.7823E-09 1.8014E-09 1.8163E-09 1.8270E-09 1.8320E-09 1.8345E-09 1.8322E-09 1.8232E-09 1.8135E-09 1.7967E-09 1.7765E-09 1.7499E-09 1.7208E-09 1.6904E-09 1.6544E-09 1.6134E-09 1.5705E-09 1.5240E-09 1.4742E-09 1.4221E-09 1.3681E-09 1.3131E-09 1.2565E-09 1.1985E-09 1.1397E-09 1.0860E-09 1.0273E-09 9.7460E-10 9.2295E-10 8.6257E-10 8.1048E-10 7.5784E-10 7.0268E-10 6.5368E-10 6.0429E-10 5.5793E-10 5.1528E-10 4.7061E-10 4.2694E-10 3.8492E-10 3.4555E-10 3.0524E-10 2.7040E-10 2.0324E-10
1.3498E-09 1.4063E-09 1.4614E-09 1.5182E-09 1.5703E-09 1.6206E-09 1.6694E-09 1.7164E-09 1.7593E-09 1.7999E-09 1.8372E-09 1.8699E-09 1.8985E-09 1.9251E-09 1.9480E-09 1.9644E-09 1.9781E-09 1.9870E-09 1.9898E-09 1.9875E-09 1.9839E-09 1.9733E-09 1.9557E-09 1.9351E-09 1.9095E-09 1.8827E-09 1.8474E-09 1.8102E-09 1.7680E-09 1.7230E-09 1.6732E-09 1.6204E-09 1.5651E-09 1.5078E-09 1.4491E-09 1.3885E-09 1.3322E-09 1.2693E-09 1.2124E-09 1.1493E-09 1.0934E-09 1.0440E-09 9.8321E-10 9.2866E-10 8.7352E-10 8.1615E-10 7.6877E-10 7.1667E-10 6.6464E-10 6.1175E-10 5.6338E-10 5.1535E-10 4.6995E-10 4.2708E-10 3.7907E-10 3.3929E-10 2.9718E-10
