Assets/Resources/2015_m01_d14_1300(utc+0800)_l00_csi_1hr_conc.grd
DSAA
         159         159
     -79.000      79.000
     -79.000      79.000
  0.0000E+00  0.5133E-05
[rows 50 to 74 of 159, columns 0 to 56 of 159]
1.3866E-09 1.4311E-09 1.4798E-09 1.5307E-09 1.5830E-09 1.6330E-09 1.6858E-09 1.7398E-09 1.7927E-09 1.8481E-09 1.9406E-09 2.0210E-09 2.1105E-09 2.1989E-09 2.2793E-09 2.3856E-09 2.4859E-09 2.5867E-09 2.6877E-09 2.7939E-09 2.9056E-09 3.0229E-09 3.1460E-09 3.2903E-09 3.4713E-09 3.6643E-09 3.8706E-09 4.1022E-09 4.3453E-09 4.6207E-09 4.9339E-09 5.2963E-09 5.6592E-09 6.0546E-09 6.4846E-09 6.9447E-09 7.4545E-09 8.0107E-09 8.6292E-09 9.2978E-09 1.0024E-08 1.0821E-08 1.1688E-08 1.2645E-08 1.3701E-08 1.4829E-08 1.6038E-08 1.7332E-08 1.8720E-08 2.0187E-08 2.1742E-08 2.3339E-08 2.4973E-08 2.6589E-08 2.8157E-08 2.9608E-08 3.0872E-08
1.3140E-09 1.3573E-09 1.4013E-09 1.4477E-09 1.4965E-09 1.5464E-09 1.5923E-09 1.6443E-09 1.6938E-09 1.7438E-09 1.8155E-09 1.8898E-09 1.9711E-09 2.0615E-09 2.1427E-09 2.2298E-09 2.3267E-09 2.4181E-09 2.5148E-09 2.6112E-09 2.7124E-09 2.8184E-09 2.9295E-09 3.0461E-09 3.1860E-09 3.3535E-09 3.5327E-09 3.7321E-09 3.9488E-09 4.1832E-09 4.4549E-09 4.7744E-09 5.1048E-09 5.4459E-09 5.8107E-09 6.2048E-09 6.6367E-09 7.1062E-09 7.6318E-09 8.1984E-09 8.8262E-09 9.5094E-09 1.0259E-08 1.1092E-08 1.2012E-08 1.3006E-08 1.4081E-08 1.5249E-08 1.6510E-08 1.7860E-08 1.9319E-08 2.0840E-08 2.2433E-08 2.4055E-08 2.5681E-08 2.7250E-08 2.8694E-08
1.2436E-09 1.2857E-09 1.3255E-09 1.3689E-09 1.4115E-09 1.4597E-09 1.5054E-09 1.5520E-09 1.5982E-09 1.6449E-09 1.6969E-09 1.7714E-09 1.8446E-09 1.9223E-09 2.0043E-09 2.0809E-09 2.1698E-09 2.2576E-09 2.3449E-09 2.4369E-09 2.5283E-09 2.6238E-09 2.7237E-09 2.8280E-09 2.9374E-09 3.0689E-09 3.2249E-09 3.3995E-09 3.5847E-09 3.7898E-09 4.0177E-09 4.2904E-09 4.5804E-09 4.8880E-09 5.1994E-09 5.5300E-09 5.8879E-09 6.2912E-09 6.7296E-09 7.2043E-09 7.7285E-09 8.3107E-09 8.9454E-09 9.6577E-09 1.0449E-08 1.1308E-08 1.2242E-08 1.3267E-08 1.4390E-08 1.5603E-08 1.6940E-08 1.8361E-08 1.9878E-08 2.1481E-08 2.3125E-08 2.4774E-08 2.6368E-08
1.1753E-09 1.2151E-09 1.2538E-09 1.2913E-09 1.3325E-09 1.3745E-09 1.4187E-09 1.4619E-09 1.5076E-09 1.5510E-09 1.5931E-09 1.6522E-09 1.7189E-09 1.7910E-09 1.8675E-09 1.9421E-09 2.0200E-09 2.0998E-09 2.1836E-09 2.2664E-09 2.3534E-09 2.4393E-09 2.5289E-09 2.6222E-09 2.7191E-09 2.8205E-09 2.9413E-09 3.0874E-09 3.2450E-09 3.4184E-09 3.6092E-09 3.8336E-09 4.0848E-09 4.3744E-09 4.6428E-09 4.9186E-09 5.2158E-09 5.5451E-09 5.9146E-09 6.3047E-09 6.7389E-09 7.2154E-09 7.7533E-09 8.3543E-09 9.0190E-09 9.7429E-09 1.0537E-08 1.1418E-08 1.2396E-08 1.3458E-08 1.4653E-08 1.5946E-08 1.7369E-08 1.8907E-08 2.0537E-08 2.2225E-08 2.3943E-08
1.1123E-09 1.1467E-09 1.1831E-09 1.2196E-09 1.2565E-09 1.2955E-09 1.3350E-09 1.3753E-09 1.4159E-09 1.4591E-09 1.4997E-09 1.5405E-09 1.6012E-09 1.6618E-09 1.7343E-09 1.8066E-09 1.8750E-09 1.9554E-09 2.0310E-09 2.1052E-09 2.1831E-09 2.2647E-09 2.3447E-09 2.4280E-09 2.5143E-09 2.6036E-09 2.6962E-09 2.8086E-09 2.9387E-09 3.0845E-09 3.2453E-09 3.4306E-09 3.6314E-09 3.8699E-09 4.1276E-09 4.3640E-09 4.6132E-09 4.8771E-09 5.1803E-09 5.4991E-09 5.8551E-09 6.2390E-09 6.6719E-09 7.1727E-09 7.7239E-09 8.3225E-09 8.9808E-09 9.7172E-09 1.0545E-08 1.1453E-08 1.2496E-08 1.3648E-08 1.4948E-08 1.6393E-08 1.7973E-08 1.9669E-08 2.1459E-08
1.0501E-09 1.0822E-09 1.1147E-09 1.1490E-09 1.1834E-09 1.2182E-09 1.2548E-09 1.2937E-09 1.3314E-09 1.3678E-09 1.4069E-09 1.4462E-09 1.4876E-09 1.5488E-09 1.6081E-09 1.6765E-09 1.7441E-09 1.8047E-09 1.8804E-09 1.9531E-09 2.0226E-09 2.0954E-09 2.1713E-09 2.2453E-09 2.3219E-09 2.4010E-09 2.4825E-09 2.5673E-09 2.6649E-09 2.7787E-09 2.9106E-09 3.0646E-09 3.2204E-09 3.4106E-09 3.6362E-09 3.8477E-09 4.0586E-09 4.2784E-09 4.5189E-09 4.7758E-09 5.0651E-09 5.3755E-09 5.7171E-09 6.1131E-09 6.5588E-09 7.0510E-09 7.5793E-09 8.1798E-09 8.8631E-09 9.6183E-09 1.0509E-08 1.1505E-08 1.2664E-08 1.3990E-08 1.5488E-08 1.7153E-08 1.8995E-08
9.8898E-10 1.0203E-09 1.0504E-09 1.0825E-09 1.1132E-09 1.1455E-09 1.1780E-09 1.2123E-09 1.2489E-09 1.2841E-09 1.3198E-09 1.3561E-09 1.3908E-09 1.4361E-09 1.4889E-09 1.5465E-09 1.6136E-09 1.6748E-09 1.7317E-09 1.8035E-09 1.8719E-09 1.9365E-09 2.0038E-09 2.0738E-09 2.1415E-09 2.2113E-09 2.2831E-09 2.3565E-09 2.4332E-09 2.5180E-09 2.6151E-09 2.7394E-09 2.8670E-09 3.0132E-09 3.1832E-09 3.3686E-09 3.5482E-09 3.7317E-09 3.9210E-09 4.1275E-09 4.3480E-09 4.5968E-09 4.8677E-09 5.1784E-09 5.5179E-09 5.9054E-09 6.3342E-09 6.8122E-09 7.3544E-09 7.9645E-09 8.7017E-09 9.5475E-09 1.0553E-08 1.1743E-08 1.3134E-08 1.4745E-08 1.6588E-08
9.3139E-10 9.6072E-10 9.8889E-10 1.0171E-09 1.0472E-09 1.0773E-09 1.1059E-09 1.1379E-09 1.1683E-09 1.2025E-09 1.2352E-09 1.2683E-09 1.3019E-09 1.3339E-09 1.3768E-09 1.4286E-09 1.4846E-09 1.5438E-09 1.6033E-09 1.6623E-09 1.7228E-09 1.7824E-09 1.8472E-09 1.9090E-09 1.9682E-09 2.0343E-09 2.0972E-09 2.1615E-09 2.2270E-09 2.2956E-09 2.3658E-09 2.4547E-09 2.5515E-09 2.6654E-09 2.7921E-09 2.9424E-09 3.0915E-09 3.2408E-09 3.3937E-09 3.5511E-09 3.7258E-09 3.9149E-09 4.1186E-09 4.3542E-09 4.6139E-09 4.9069E-09 5.2322E-09 5.6022E-09 6.0322E-09 6.5110E-09 7.1040E-09 7.7988E-09 8.6492E-09 9.6974E-09 1.0967E-08 1.2476E-08 1.4271E-08
8.7474E-10 9.0228E-10 9.2856E-10 9.5612E-10 9.8237E-10 1.0105E-09 1.0372E-09 1.0651E-09 1.0948E-09 1.1247E-09 1.1534E-09 1.1836E-09 1.2142E-09 1.2465E-09 1.2807E-09 1.3224E-09 1.3668E-09 1.4227E-09 1.4756E-09 1.5282E-09 1.5833E-09 1.6399E-09 1.6960E-09 1.7506E-09 1.8069E-09 1.8649E-09 1.9244E-09 1.9805E-09 2.0374E-09 2.0950E-09 2.1558E-09 2.2215E-09 2.2868E-09 2.3675E-09 2.4591E-09 2.5657E-09 2.6900E-09 2.8101E-09 2.9305E-09 3.0518E-09 3.1858E-09 3.3240E-09 3.4785E-09 3.6480E-09 3.8388E-09 4.0509E-09 4.2918E-09 4.5673E-09 4.8947E-09 5.2547E-09 5.7274E-09 6.2815E-09 6.9878E-09 7.8842E-09 9.0120E-09 1.0389E-08 1.2091E-08
8.2174E-10 8.4748E-10 8.7196E-10 8.9646E-10 9.2215E-10 9.4800E-10 9.7270E-10 9.9730E-10 1.0231E-09 1.0506E-09 1.0782E-09 1.1046E-09 1.1309E-09 1.1605E-09 1.1902E-09 1.2204E-09 1.2610E-09 1.3025E-09 1.3512E-09 1.4007E-09 1.4522E-09 1.5033E-09 1.5554E-09 1.6067E-09 1.6573E-09 1.7080E-09 1.7599E-09 1.8081E-09 1.8621E-09 1.9118E-09 1.9618E-09 2.0187E-09 2.0688E-09 2.1236E-09 2.1848E-09 2.2511E-09 2.3388E-09 2.4369E-09 2.5319E-09 2.6261E-09 2.7214E-09 2.8234E-09 2.9374E-09 3.0570E-09 3.1865E-09 3.3345E-09 3.5014E-09 3.7025E-09 3.9297E-09 4.2015E-09 4.5666E-09 5.0021E-09 5.5681E-09 6.3170E-09 7.2907E-09 8.4995E-09 1.0066E-08
7.7231E-10 7.9369E-10 8.1781E-10 8.4059E-10 8.6333E-10 8.8596E-10 9.0995E-10 9.3391E-10 9.5651E-10 9.7889E-10 1.0043E-09 1.0297E-09 1.0551E-09 1.0790E-09 1.1046E-09 1.1301E-09 1.1593E-09 1.1972E-09 1.2359E-09 1.2815E-09 1.3290E-09 1.3766E-09 1.4205E-09 1.4682E-09 1.5163E-09 1.5629E-09 1.6030E-09 1.6492E-09 1.6960E-09 1.7384E-09 1.7858E-09 1.8318E-09 1.8750E-09 1.9161E-09 1.9626E-09 2.0053E-09 2.0524E-09 2.1169E-09 2.1903E-09 2.2622E-09 2.3323E-09 2.4007E-09 2.4773E-09 2.5654E-09 2.6550E-09 2.7446E-09 2.8538E-09 2.9904E-09 3.1549E-09 3.3276E-09 3.5896E-09 3.9363E-09 4.3840E-09 4.9888E-09 5.8004E-09 6.8467E-09 8.2174E-09
7.2431E-10 7.4492E-10 7.6474E-10 7.8724E-10 8.0835E-10 8.2936E-10 8.5020E-10 8.7234E-10 8.9437E-10 9.1503E-10 9.3540E-10 9.5875E-10 9.8199E-10 1.0051E-09 1.0267E-09 1.0485E-09 1.0716E-09 1.1012E-09 1.1334E-09 1.1687E-09 1.2098E-09 1.2494E-09 1.2935E-09 1.3320E-09 1.3823E-09 1.4172E-09 1.4618E-09 1.5030E-09 1.5434E-09 1.5793E-09 1.6201E-09 1.6561E-09 1.6969E-09 1.7311E-09 1.7660E-09 1.8002E-09 1.8311E-09 1.8657E-09 1.9102E-09 1.9627E-09 2.0139E-09 2.0621E-09 2.1075E-09 2.1608E-09 2.2170E-09 2.2763E-09 2.3308E-09 2.4161E-09 2.5262E-09 2.6455E-09 2.8191E-09 3.0755E-09 3.4083E-09 3.8917E-09 4.5519E-09 5.4079E-09 6.5876E-09
6.7772E-10 6.9692E-10 7.1604E-10 7.3504E-10 7.5595E-10 7.7542E-10 7.9473E-10 8.1382E-10 8.3415E-10 8.5430E-10 8.7308E-10 8.9151E-10 9.1127E-10 9.3110E-10 9.5213E-10 9.7287E-10 9.9382E-10 1.0145E-09 1.0388E-09 1.0712E-09 1.1050E-09 1.1399E-09 1.1735E-09 1.2125E-09 1.2482E-09 1.2882E-09 1.3270E-09 1.3648E-09 1.3971E-09 1.4336E-09 1.4686E-09 1.4986E-09 1.5329E-09 1.5618E-09 1.5897E-09 1.6212E-09 1.6464E-09 1.6697E-09 1.6911E-09 1.7191E-09 1.7532E-09 1.7869E-09 1.8176E-09 1.8453E-09 1.8767E-09 1.9092E-09 1.9431E-09 1.9738E-09 2.0360E-09 2.1154E-09 2.2065E-09 2.3779E-09 2.6324E-09 3.0053E-09 3.5198E-09 4.2039E-09 5.1630E-09
6.3401E-10 6.5185E-10 6.6962E-10 6.8727E-10 7.0475E-10 7.2277E-10 7.4197E-10 7.5962E-10 7.7577E-10 7.9289E-10 8.1276E-10 8.3086E-10 8.4604E-10 8.6392E-10 8.8145E-10 9.0202E-10 9.1772E-10 9.3780E-10 9.5485E-10 9.7969E-10 1.0033E-09 1.0315E-09 1.0665E-09 1.0994E-09 1.1315E-09 1.1623E-09 1.2009E-09 1.2347E-09 1.2642E-09 1.2965E-09 1.3292E-09 1.3551E-09 1.3843E-09 1.4081E-09 1.4308E-09 1.4574E-09 1.4778E-09 1.4964E-09 1.5179E-09 1.5326E-09 1.5486E-09 1.5678E-09 1.5872E-09 1.6041E-09 1.6175E-09 1.6274E-09 1.6423E-09 1.6610E-09 1.6799E-09 1.7177E-09 1.7756E-09 1.8701E-09 2.0349E-09 2.2859E-09 2.6759E-09 3.1954E-09 3.9567E-09
5.9240E-10 6.0896E-10 6.2545E-10 6.4182E-10 6.5803E-10 6.7404E-10 6.9056E-10 7.0689E-10 7.2298E-10 7.3877E-10 7.5422E-10 7.7089E-10 7.8604E-10 8.0205E-10 8.1807E-10 8.3369E-10 8.4933E-10 8.6448E-10 8.8068E-10 8.9707E-10 9.1516E-10 9.3965E-10 9.6636E-10 9.9047E-10 1.0233E-09 1.0498E-09 1.0807E-09 1.1038E-09 1.1393E-09 1.1693E-09 1.1932E-09 1.2208E-09 1.2431E-09 1.2675E-09 1.2870E-09 1.3094E-09 1.3255E-09 1.3402E-09 1.3580E-09 1.3692E-09 1.3782E-09 1.3860E-09 1.3944E-09 1.4077E-09 1.4150E-09 1.4191E-09 1.4197E-09 1.4202E-09 1.4251E-09 1.4365E-09 1.4512E-09 1.4883E-09 1.5728E-09 1.7435E-09 2.0197E-09 2.3808E-09 2.9405E-09
5.5205E-10 5.6740E-10 5.8348E-10 5.9864E-10 6.1366E-10 6.2774E-10 6.4235E-10 6.5811E-10 6.7295E-10 6.8750E-10 7.0173E-10 7.1558E-10 7.2938E-10 7.4406E-10 7.5832E-10 7.7118E-10 7.8352E-10 7.9869E-10 8.1209E-10 8.2637E-10 8.3903E-10 8.5793E-10 8.7702E-10 8.9623E-10 9.1955E-10 9.4634E-10 9.7045E-10 9.9262E-10 1.0206E-09 1.0447E-09 1.0720E-09 1.0954E-09 1.1160E-09 1.1375E-09 1.1530E-09 1.1745E-09 1.1871E-09 1.1995E-09 1.2142E-09 1.2224E-09 1.2288E-09 1.2330E-09 1.2351E-09 1.2364E-09 1.2416E-09 1.2407E-09 1.2376E-09 1.2316E-09 1.2243E-09 1.2185E-09 1.2189E-09 1.2160E-09 1.2465E-09 1.3083E-09 1.5039E-09 1.7610E-09 2.1494E-09
5.1532E-10 5.2873E-10 5.4287E-10 5.5692E-10 5.7082E-10 5.8454E-10 5.9804E-10 6.1128E-10 6.2561E-10 6.3900E-10 6.5209E-10 6.6356E-10 6.7595E-10 6.8940E-10 7.0125E-10 7.1253E-10 7.2475E-10 7.3698E-10 7.4902E-10 7.6040E-10 7.7014E-10 7.8396E-10 7.9601E-10 8.1122E-10 8.2990E-10 8.5048E-10 8.7254E-10 8.9255E-10 9.1437E-10 9.3172E-10 9.5502E-10 9.7558E-10 9.9295E-10 1.0166E-09 1.0311E-09 1.0505E-09 1.0598E-09 1.0692E-09 1.0824E-09 1.0897E-09 1.0949E-09 1.0972E-09 1.0975E-09 1.0959E-09 1.0972E-09 1.0924E-09 1.0857E-09 1.0774E-09 1.0667E-09 1.0535E-09 1.0409E-09 1.0316E-09 1.0189E-09 1.0320E-09 1.1382E-09 1.2999E-09 1.5472E-09
4.7985E-10 4.9289E-10 5.0517E-10 5.1814E-10 5.3098E-10 5.4365E-10 5.5611E-10 5.6832E-10 5.7952E-10 5.9115E-10 6.0390E-10 6.1564E-10 6.2701E-10 6.3795E-10 6.4722E-10 6.5887E-10 6.6883E-10 6.7956E-10 6.8998E-10 6.9863E-10 7.0870E-10 7.1960E-10 7.2560E-10 7.3731E-10 7.5078E-10 7.6681E-10 7.7733E-10 7.9734E-10 8.1704E-10 8.3175E-10 8.5156E-10 8.6488E-10 8.7741E-10 9.0170E-10 9.1267E-10 9.3152E-10 9.4318E-10 9.5110E-10 9.5789E-10 9.6828E-10 9.7149E-10 9.7322E-10 9.7216E-10 9.6938E-10 9.7003E-10 9.6540E-10 9.5720E-10 9.4841E-10 9.3689E-10 9.2338E-10 9.0787E-10 8.9114E-10 8.7493E-10 8.5192E-10 8.7331E-10 9.5404E-10 1.1009E-09
4.4560E-10 4.5768E-10 4.6965E-10 4.8148E-10 4.9332E-10 5.0500E-10 5.1649E-10 5.2697E-10 5.3798E-10 5.4869E-10 5.5906E-10 5.6978E-10 5.8089E-10 5.8962E-10 5.9929E-10 6.0848E-10 6.1746E-10 6.2583E-10 6.3396E-10 6.4280E-10 6.5015E-10 6.5957E-10 6.6620E-10 6.7511E-10 6.7909E-10 6.9352E-10 7.0049E-10 7.1478E-10 7.2889E-10 7.4233E-10 7.5810E-10 7.6876E-10 7.8000E-10 7.9595E-10 8.0392E-10 8.1136E-10 8.3041E-10 8.3703E-10 8.4012E-10 8.4965E-10 8.5753E-10 8.5927E-10 8.5943E-10 8.5571E-10 8.5584E-10 8.5090E-10 8.4266E-10 8.3401E-10 8.2374E-10 8.1067E-10 7.9601E-10 7.7982E-10 7.6216E-10 7.3784E-10 7.2668E-10 7.3726E-10 8.0180E-10
4.1388E-10 4.2503E-10 4.3609E-10 4.4701E-10 4.5777E-10 4.6771E-10 4.7830E-10 4.8869E-10 4.9882E-10 5.0866E-10 5.1744E-10 5.2665E-10 5.3685E-10 5.4467E-10 5.5421E-10 5.6261E-10 5.6931E-10 5.7681E-10 5.8411E-10 5.9217E-10 5.9710E-10 6.0413E-10 6.0972E-10 6.1894E-10 6.2210E-10 6.2912E-10 6.3301E-10 6.4414E-10 6.5049E-10 6.6144E-10 6.6752E-10 6.8315E-10 6.9074E-10 7.0597E-10 7.1179E-10 7.1572E-10 7.2835E-10 7.3272E-10 7.3505E-10 7.4282E-10 7.4785E-10 7.5085E-10 7.4982E-10 7.4513E-10 7.4470E-10 7.3939E-10 7.3233E-10 7.2522E-10 7.1431E-10 7.0334E-10 6.9110E-10 6.7640E-10 6.6052E-10 6.3810E-10 6.2024E-10 5.9776E-10 6.0205E-10
3.8393E-10 3.9423E-10 4.0443E-10 4.1450E-10 4.2376E-10 4.3353E-10 4.4308E-10 4.5262E-10 4.6193E-10 4.7097E-10 4.7896E-10 4.8741E-10 4.9550E-10 5.0250E-10 5.1124E-10 5.1887E-10 5.2555E-10 5.3238E-10 5.3748E-10 5.4337E-10 5.4907E-10 5.5548E-10 5.5877E-10 5.6568E-10 5.6804E-10 5.7301E-10 5.7700E-10 5.7948E-10 5.8272E-10 5.9249E-10 5.9550E-10 6.0605E-10 6.1034E-10 6.2236E-10 6.2637E-10 6.2986E-10 6.4065E-10 6.4512E-10 6.4604E-10 6.4672E-10 6.5044E-10 6.5230E-10 6.4899E-10 6.4478E-10 6.4395E-10 6.3838E-10 6.3132E-10 6.2453E-10 6.1416E-10 6.0403E-10 5.9292E-10 5.7959E-10 5.6535E-10 5.4469E-10 5.2898E-10 5.0879E-10 4.8995E-10
3.5511E-10 3.6521E-10 3.7461E-10 3.8320E-10 3.9236E-10 4.0135E-10 4.1014E-10 4.1807E-10 4.2725E-10 4.3474E-10 4.4279E-10 4.5054E-10 4.5719E-10 4.6428E-10 4.7098E-10 4.7656E-10 4.8390E-10 4.9008E-10 4.9456E-10 5.0063E-10 5.0424E-10 5.1009E-10 5.1283E-10 5.1646E-10 5.1948E-10 5.2070E-10 5.2568E-10 5.2762E-10 5.3039E-10 5.2975E-10 5.3286E-10 5.3946E-10 5.4232E-10 5.4821E-10 5.5223E-10 5.5144E-10 5.6237E-10 5.6419E-10 5.6532E-10 5.6308E-10 5.6650E-10 5.6744E-10 5.6515E-10 5.6052E-10 5.5378E-10 5.4806E-10 5.4108E-10 5.3465E-10 5.2481E-10 5.1550E-10 5.0545E-10 4.9339E-10 4.8066E-10 4.6730E-10 4.5337E-10 4.3502E-10 4.1437E-10
3.2801E-10 3.3659E-10 3.4584E-10 3.5441E-10 3.6284E-10 3.7110E-10 3.7851E-10 3.8641E-10 3.9408E-10 4.0084E-10 4.0885E-10 4.1594E-10 4.2195E-10 4.2844E-10 4.3380E-10 4.3959E-10 4.4496E-10 4.5055E-10 4.5446E-10 4.6001E-10 4.6313E-10 4.6779E-10 4.7004E-10 4.7178E-10 4.7586E-10 4.7672E-10 4.7853E-10 4.7966E-10 4.8204E-10 4.8102E-10 4.8234E-10 4.8193E-10 4.8243E-10 4.8420E-10 4.8603E-10 4.8689E-10 4.9358E-10 4.9305E-10 4.9323E-10 4.9010E-10 4.9289E-10 4.9331E-10 4.9061E-10 4.8569E-10 4.7878E-10 4.7311E-10 4.6635E-10 4.6035E-10 4.5106E-10 4.4252E-10 4.3342E-10 4.2247E-10 4.1101E-10 3.9791E-10 3.8560E-10 3.6893E-10 3.5006E-10
3.0325E-10 3.1115E-10 3.1894E-10 3.2677E-10 3.3511E-10 3.4271E-10 3.4945E-10 3.5671E-10 3.6374E-10 3.6988E-10 3.7645E-10 3.8289E-10 3.8895E-10 3.9488E-10 3.9969E-10 4.0497E-10 4.0911E-10 4.1366E-10 4.1705E-10 4.2079E-10 4.2480E-10 4.2775E-10 4.3094E-10 4.3234E-10 4.3531E-10 4.3585E-10 4.3740E-10 4.3833E-10 4.3751E-10 4.3767E-10 4.3714E-10 4.3653E-10 4.3530E-10 4.3388E-10 4.3189E-10 4.2912E-10 4.3232E-10 4.3264E-10 4.2937E-10 4.2714E-10 4.2759E-10 4.2626E-10 4.2325E-10 4.1812E-10 4.1113E-10 4.0557E-10 3.9906E-10 3.9351E-10 3.8477E-10 3.7697E-10 3.6877E-10 3.5885E-10 3.4857E-10 3.3677E-10 3.2451E-10 3.1074E-10 2.9345E-10
2.8001E-10 2.8728E-10 2.9381E-10 3.0088E-10 3.0856E-10 3.1478E-10 3.2222E-10 3.2887E-10 3.3463E-10 3.4089E-10 3.4690E-10 3.5200E-10 3.5749E-10 3.6286E-10 3.6781E-10 3.7262E-10 3.7631E-10 3.8045E-10 3.8346E-10 3.8685E-10 3.8911E-10 3.9095E-10 3.9455E-10 3.9566E-10 3.9766E-10 3.9871E-10 3.9858E-10 3.9930E-10 3.9902E-10 3.9910E-10 3.9853E-10 3.9628E-10 3.9503E-10 3.9192E-10 3.8994E-10 3.8599E-10 3.8588E-10 3.8119E-10 3.7608E-10 3.7210E-10 3.7084E-10 3.7091E-10 3.6641E-10 3.6127E-10 3.5435E-10 3.4706E-10 3.4086E-10 3.3439E-10 3.2618E-10 3.1908E-10 3.1033E-10 3.0274E-10 2.9353E-10 2.8292E-10 2.7194E-10 2.5953E-10 2.4694E-10
