Assets/Resources/2015_m01_d28_0700(utc+0800)_l00_csi_1hr_conc.grd
DSAA
         159         159
     -79.000      79.000
     -79.000      79.000
  0.0000E+00  0.1145E-05
[rows 25 to 49 of 159, columns 57 to 113 of 159]
1.3696E-09 2.1336E-09 3.1910E-09 4.5954E-09 6.3677E-09 8.4792E-09 1.0853E-08 1.3358E-08 1.5820E-08 1.8037E-08 1.9812E-08 2.0988E-08 2.1460E-08 2.1182E-08 2.0206E-08 1.8645E-08 1.6657E-08 1.4418E-08 1.2101E-08 9.8589E-09 7.7952E-09 5.9851E-09 4.4703E-09 3.2531E-09 2.3048E-09 1.5941E-09 1.0635E-09 6.7882E-10 4.2425E-10 2.4092E-10 9.1727E-11 9.1820E-12 3.0072E-12 0.0000E+00 0.0000E+00 0.0000E+00 0.0000E+00 0.0000E+00 0.0000E+00 0.0000E+00 0.0000E+00 0.0000E+00 0.0000E+00 0.0000E+00 0.0000E+00 0.0000E+00 0.0000E+00 0.0000E+00 0.0000E+00 0.0000E+00 0.0000E+00 0.0000E+00 0.0000E+00 0.0000E+00 0.0000E+00 0.0000E+00 0.0000E+00
1.2610E-09 2.0237E-09 3.0996E-09 4.5420E-09 6.3816E-09 8.5942E-09 1.1095E-08 1.3749E-08 1.6356E-08 1.8694E-08 2.0545E-08 2.1732E-08 2.2147E-08 2.1764E-08 2.0643E-08 1.8917E-08 1.6761E-08 1.4364E-08 1.1918E-08 9.5816E-09 7.4761E-09 5.6599E-09 4.1634E-09 2.9831E-09 2.0709E-09 1.3957E-09 9.0441E-10 5.5511E-10 3.3520E-10 1.5908E-10 2.5527E-11 5.0430E-12 1.9389E-13 0.0000E+00 0.0000E+00 0.0000E+00 0.0000E+00 0.0000E+00 0.0000E+00 0.0000E+00 0.0000E+00 0.0000E+00 0.0000E+00 0.0000E+00 0.0000E+00 0.0000E+00 0.0000E+00 0.0000E+00 0.0000E+00 0.0000E+00 0.0000E+00 0.0000E+00 0.0000E+00 0.0000E+00 0.0000E+00 0.0000E+00 0.0000E+00
1.1689E-09 1.9286E-09 3.0131E-09 4.4971E-09 6.4107E-09 8.7324E-09 1.1374E-08 1.4173E-08 1.6921E-08 1.9371E-08 2.1289E-08 2.2491E-08 2.2840E-08 2.2332E-08 2.1043E-08 1.9126E-08 1.6786E-08 1.4236E-08 1.1675E-08 9.2644E-09 7.1171E-09 5.2990E-09 3.8257E-09 2.6816E-09 1.8207E-09 1.2010E-09 7.5467E-10 4.4385E-10 2.4146E-10 6.3390E-11 7.1556E-12 7.5557E-13 0.0000E+00 0.0000E+00 0.0000E+00 0.0000E+00 0.0000E+00 0.0000E+00 0.0000E+00 0.0000E+00 0.0000E+00 0.0000E+00 0.0000E+00 0.0000E+00 0.0000E+00 0.0000E+00 0.0000E+00 0.0000E+00 0.0000E+00 0.0000E+00 0.0000E+00 0.0000E+00 0.0000E+00 0.0000E+00 0.0000E+00 0.0000E+00 0.0000E+00
1.0857E-09 1.8414E-09 2.9467E-09 4.4744E-09 6.4620E-09 8.8919E-09 1.1667E-08 1.4623E-08 1.7518E-08 2.0079E-08 2.2049E-08 2.3225E-08 2.3493E-08 2.2848E-08 2.1385E-08 1.9285E-08 1.6761E-08 1.4054E-08 1.1380E-08 8.9010E-09 6.7297E-09 4.9257E-09 3.4917E-09 2.3931E-09 1.5898E-09 1.0128E-09 6.1461E-10 3.3585E-10 1.1604E-10 9.5392E-12 1.5538E-12 0.0000E+00 0.0000E+00 0.0000E+00 0.0000E+00 0.0000E+00 0.0000E+00 0.0000E+00 0.0000E+00 0.0000E+00 0.0000E+00 0.0000E+00 0.0000E+00 0.0000E+00 0.0000E+00 0.0000E+00 0.0000E+00 0.0000E+00 0.0000E+00 0.0000E+00 0.0000E+00 0.0000E+00 0.0000E+00 0.0000E+00 0.0000E+00 0.0000E+00 0.0000E+00
1.0161E-09 1.7600E-09 2.8761E-09 4.4438E-09 6.5067E-09 9.0485E-09 1.1969E-08 1.5077E-08 1.8109E-08 2.0776E-08 2.2818E-08 2.3975E-08 2.4151E-08 2.3348E-08 2.1692E-08 1.9388E-08 1.6682E-08 1.3830E-08 1.1055E-08 8.5255E-09 6.3421E-09 4.5569E-09 3.1636E-09 2.1165E-09 1.3688E-09 8.4651E-10 4.8266E-10 1.9593E-10 2.7987E-11 2.6159E-12 0.0000E+00 0.0000E+00 0.0000E+00 0.0000E+00 0.0000E+00 0.0000E+00 0.0000E+00 0.0000E+00 0.0000E+00 0.0000E+00 0.0000E+00 0.0000E+00 0.0000E+00 0.0000E+00 0.0000E+00 0.0000E+00 0.0000E+00 0.0000E+00 0.0000E+00 0.0000E+00 0.0000E+00 0.0000E+00 0.0000E+00 0.0000E+00 0.0000E+00 0.0000E+00 0.0000E+00
9.4123E-10 1.6874E-09 2.8140E-09 4.4170E-09 6.5517E-09 9.1952E-09 1.2255E-08 1.5520E-08 1.8702E-08 2.1480E-08 2.3537E-08 2.4657E-08 2.4728E-08 2.3775E-08 2.1943E-08 1.9456E-08 1.6578E-08 1.3590E-08 1.0729E-08 8.1590E-09 5.9758E-09 4.2161E-09 2.8655E-09 1.8750E-09 1.1772E-09 6.9539E-10 3.4344E-10 9.0389E-11 7.0325E-12 0.0000E+00 0.0000E+00 0.0000E+00 0.0000E+00 0.0000E+00 0.0000E+00 0.0000E+00 0.0000E+00 0.0000E+00 0.0000E+00 0.0000E+00 0.0000E+00 0.0000E+00 0.0000E+00 0.0000E+00 0.0000E+00 0.0000E+00 0.0000E+00 0.0000E+00 0.0000E+00 0.0000E+00 0.0000E+00 0.0000E+00 0.0000E+00 0.0000E+00 0.0000E+00 0.0000E+00 0.0000E+00
8.7240E-10 1.6096E-09 2.7382E-09 4.3699E-09 6.5700E-09 9.3280E-09 1.2526E-08 1.5934E-08 1.9243E-08 2.2115E-08 2.4215E-08 2.5313E-08 2.5288E-08 2.4182E-08 2.2161E-08 1.9487E-08 1.6459E-08 1.3361E-08 1.0426E-08 7.8217E-09 5.6435E-09 3.9177E-09 2.6108E-09 1.6723E-09 1.0174E-09 5.5867E-10 2.0131E-10 4.0375E-11 6.4000E-12 0.0000E+00 0.0000E+00 0.0000E+00 0.0000E+00 0.0000E+00 0.0000E+00 0.0000E+00 0.0000E+00 0.0000E+00 0.0000E+00 0.0000E+00 0.0000E+00 0.0000E+00 0.0000E+00 0.0000E+00 0.0000E+00 0.0000E+00 0.0000E+00 0.0000E+00 0.0000E+00 0.0000E+00 0.0000E+00 0.0000E+00 0.0000E+00 0.0000E+00 0.0000E+00 0.0000E+00 0.0000E+00
7.9915E-10 1.5162E-09 2.6447E-09 4.2993E-09 6.5539E-09 9.4042E-09 1.2723E-08 1.6277E-08 1.9729E-08 2.2702E-08 2.4852E-08 2.5894E-08 2.5755E-08 2.4500E-08 2.2320E-08 1.9493E-08 1.6336E-08 1.3146E-08 1.0162E-08 7.5473E-09 5.3857E-09 3.6882E-09 2.4154E-09 1.5112E-09 8.8020E-10 4.0342E-10 1.2555E-10 4.4183E-11 9.1640E-12 0.0000E+00 0.0000E+00 0.0000E+00 0.0000E+00 0.0000E+00 0.0000E+00 0.0000E+00 0.0000E+00 0.0000E+00 0.0000E+00 0.0000E+00 0.0000E+00 0.0000E+00 0.0000E+00 0.0000E+00 0.0000E+00 0.0000E+00 0.0000E+00 0.0000E+00 0.0000E+00 0.0000E+00 0.0000E+00 0.0000E+00 0.0000E+00 0.0000E+00 0.0000E+00 0.0000E+00 0.0000E+00
7.1878E-10 1.4144E-09 2.5289E-09 4.1854E-09 6.4672E-09 9.3891E-09 1.2832E-08 1.6529E-08 2.0106E-08 2.3163E-08 2.5332E-08 2.6358E-08 2.6155E-08 2.4786E-08 2.2470E-08 1.9513E-08 1.6253E-08 1.2998E-08 9.9758E-09 7.3507E-09 5.2005E-09 3.5282E-09 2.2790E-09 1.4005E-09 7.6370E-10 3.0546E-10 1.3262E-10 5.2648E-11 1.2704E-11 0.0000E+00 0.0000E+00 0.0000E+00 0.0000E+00 0.0000E+00 0.0000E+00 0.0000E+00 0.0000E+00 0.0000E+00 0.0000E+00 0.0000E+00 0.0000E+00 0.0000E+00 0.0000E+00 0.0000E+00 0.0000E+00 0.0000E+00 0.0000E+00 0.0000E+00 0.0000E+00 0.0000E+00 0.0000E+00 0.0000E+00 0.0000E+00 0.0000E+00 0.0000E+00 0.0000E+00 0.0000E+00
6.4338E-10 1.3020E-09 2.3741E-09 4.0077E-09 6.3077E-09 9.2743E-09 1.2787E-08 1.6580E-08 2.0262E-08 2.3423E-08 2.5659E-08 2.6716E-08 2.6445E-08 2.4987E-08 2.2574E-08 1.9530E-08 1.6208E-08 1.2919E-08 9.8927E-09 7.2681E-09 5.1268E-09 3.4631E-09 2.2206E-09 1.3302E-09 6.4829E-10 3.1718E-10 1.5472E-10 6.3614E-11 1.6607E-11 0.0000E+00 0.0000E+00 0.0000E+00 0.0000E+00 0.0000E+00 0.0000E+00 0.0000E+00 0.0000E+00 0.0000E+00 0.0000E+00 0.0000E+00 0.0000E+00 0.0000E+00 0.0000E+00 0.0000E+00 0.0000E+00 0.0000E+00 0.0000E+00 0.0000E+00 0.0000E+00 0.0000E+00 0.0000E+00 0.0000E+00 0.0000E+00 0.0000E+00 0.0000E+00 0.0000E+00 0.0000E+00
5.5359E-10 1.1726E-09 2.1951E-09 3.7800E-09 6.0370E-09 8.9918E-09 1.2535E-08 1.6419E-08 2.0227E-08 2.3466E-08 2.5751E-08 2.6809E-08 2.6548E-08 2.5071E-08 2.2639E-08 1.9578E-08 1.6250E-08 1.2959E-08 9.9380E-09 7.3094E-09 5.1632E-09 3.4916E-09 2.2258E-09 1.2713E-09 6.7442E-10 3.6783E-10 1.8311E-10 7.7280E-11 2.3868E-11 1.1325E-12 0.0000E+00 0.0000E+00 0.0000E+00 0.0000E+00 0.0000E+00 0.0000E+00 0.0000E+00 0.0000E+00 0.0000E+00 0.0000E+00 0.0000E+00 0.0000E+00 0.0000E+00 0.0000E+00 0.0000E+00 0.0000E+00 0.0000E+00 0.0000E+00 0.0000E+00 0.0000E+00 0.0000E+00 0.0000E+00 0.0000E+00 0.0000E+00 0.0000E+00 0.0000E+00 0.0000E+00
4.6854E-10 1.0315E-09 1.9789E-09 3.4749E-09 5.6462E-09 8.5585E-09 1.2088E-08 1.5976E-08 1.9813E-08 2.3140E-08 2.5526E-08 2.6686E-08 2.6512E-08 2.5098E-08 2.2701E-08 1.9682E-08 1.6390E-08 1.3125E-08 1.0122E-08 7.4962E-09 5.3309E-09 3.6196E-09 2.3002E-09 1.3196E-09 7.7994E-10 4.2805E-10 2.1770E-10 9.5345E-11 2.9769E-11 2.9214E-12 0.0000E+00 0.0000E+00 0.0000E+00 0.0000E+00 0.0000E+00 0.0000E+00 0.0000E+00 0.0000E+00 0.0000E+00 0.0000E+00 0.0000E+00 0.0000E+00 0.0000E+00 0.0000E+00 0.0000E+00 0.0000E+00 0.0000E+00 0.0000E+00 0.0000E+00 0.0000E+00 0.0000E+00 0.0000E+00 0.0000E+00 0.0000E+00 0.0000E+00 0.0000E+00 0.0000E+00
3.7015E-10 8.7626E-10 1.7287E-09 3.1066E-09 5.1528E-09 7.9259E-09 1.1357E-08 1.5197E-08 1.9073E-08 2.2535E-08 2.5033E-08 2.6316E-08 2.6277E-08 2.5006E-08 2.2745E-08 1.9841E-08 1.6642E-08 1.3446E-08 1.0472E-08 7.8396E-09 5.6335E-09 3.8500E-09 2.4121E-09 1.5175E-09 9.0600E-10 5.0384E-10 2.5497E-10 1.1269E-10 4.1131E-11 5.6422E-12 0.0000E+00 0.0000E+00 0.0000E+00 0.0000E+00 0.0000E+00 0.0000E+00 0.0000E+00 0.0000E+00 0.0000E+00 0.0000E+00 0.0000E+00 0.0000E+00 0.0000E+00 0.0000E+00 0.0000E+00 0.0000E+00 0.0000E+00 0.0000E+00 0.0000E+00 0.0000E+00 0.0000E+00 0.0000E+00 0.0000E+00 0.0000E+00 0.0000E+00 0.0000E+00 0.0000E+00
2.7653E-10 7.1343E-10 1.4641E-09 2.6933E-09 4.5546E-09 7.1247E-09 1.0411E-08 1.4156E-08 1.7998E-08 2.1467E-08 2.4130E-08 2.5642E-08 2.5871E-08 2.4865E-08 2.2844E-08 2.0133E-08 1.7075E-08 1.3960E-08 1.1003E-08 8.3478E-09 6.0482E-09 4.1267E-09 2.7437E-09 1.7508E-09 1.0497E-09 5.8754E-10 3.0117E-10 1.3562E-10 5.0678E-11 9.4928E-12 0.0000E+00 0.0000E+00 0.0000E+00 0.0000E+00 0.0000E+00 0.0000E+00 0.0000E+00 0.0000E+00 0.0000E+00 0.0000E+00 0.0000E+00 0.0000E+00 0.0000E+00 0.0000E+00 0.0000E+00 0.0000E+00 0.0000E+00 0.0000E+00 0.0000E+00 0.0000E+00 0.0000E+00 0.0000E+00 0.0000E+00 0.0000E+00 0.0000E+00 0.0000E+00 0.0000E+00
2.0495E-10 5.5822E-10 1.1791E-09 2.2438E-09 3.8823E-09 6.2157E-09 9.2395E-09 1.2792E-08 1.6552E-08 2.0092E-08 2.2999E-08 2.4799E-08 2.5366E-08 2.4707E-08 2.3008E-08 2.0555E-08 1.7669E-08 1.4642E-08 1.1710E-08 9.0130E-09 6.5982E-09 4.6221E-09 3.1459E-09 2.0220E-09 1.2238E-09 6.9034E-10 3.5683E-10 1.6649E-10 6.2322E-11 1.3974E-11 4.8464E-13 0.0000E+00 0.0000E+00 0.0000E+00 0.0000E+00 0.0000E+00 0.0000E+00 0.0000E+00 0.0000E+00 0.0000E+00 0.0000E+00 0.0000E+00 0.0000E+00 0.0000E+00 0.0000E+00 0.0000E+00 0.0000E+00 0.0000E+00 0.0000E+00 0.0000E+00 0.0000E+00 0.0000E+00 0.0000E+00 0.0000E+00 0.0000E+00 0.0000E+00 0.0000E+00
1.2681E-10 4.0774E-10 9.1692E-10 1.8047E-09 3.2059E-09 5.2380E-09 7.9475E-09 1.1278E-08 1.4923E-08 1.8496E-08 2.1557E-08 2.3729E-08 2.4748E-08 2.4549E-08 2.3259E-08 2.1128E-08 1.8457E-08 1.5542E-08 1.2605E-08 9.8233E-09 7.2830E-09 5.2531E-09 3.6002E-09 2.3354E-09 1.4242E-09 8.1550E-10 4.2983E-10 2.0100E-10 7.9475E-11 2.1440E-11 2.1126E-12 0.0000E+00 0.0000E+00 0.0000E+00 0.0000E+00 0.0000E+00 0.0000E+00 0.0000E+00 0.0000E+00 0.0000E+00 0.0000E+00 0.0000E+00 0.0000E+00 0.0000E+00 0.0000E+00 0.0000E+00 0.0000E+00 0.0000E+00 0.0000E+00 0.0000E+00 0.0000E+00 0.0000E+00 0.0000E+00 0.0000E+00 0.0000E+00 0.0000E+00 0.0000E+00
8.1626E-11 2.8475E-10 6.8289E-10 1.3877E-09 2.5350E-09 4.2607E-09 6.6475E-09 9.6671E-09 1.3119E-08 1.6709E-08 2.0004E-08 2.2583E-08 2.4124E-08 2.4463E-08 2.3646E-08 2.1878E-08 1.9430E-08 1.6607E-08 1.3654E-08 1.0762E-08 8.1835E-09 5.9594E-09 4.1248E-09 2.7039E-09 1.6736E-09 9.6290E-10 5.1260E-10 2.5032E-10 1.0548E-10 3.0834E-11 4.1371E-12 0.0000E+00 0.0000E+00 0.0000E+00 0.0000E+00 0.0000E+00 0.0000E+00 0.0000E+00 0.0000E+00 0.0000E+00 0.0000E+00 0.0000E+00 0.0000E+00 0.0000E+00 0.0000E+00 0.0000E+00 0.0000E+00 0.0000E+00 0.0000E+00 0.0000E+00 0.0000E+00 0.0000E+00 0.0000E+00 0.0000E+00 0.0000E+00 0.0000E+00 0.0000E+00
4.2074E-11 1.8199E-10 4.7783E-10 1.0198E-09 1.9356E-09 3.3692E-09 5.4107E-09 8.0991E-09 1.1355E-08 1.4922E-08 1.8416E-08 2.1403E-08 2.3485E-08 2.4409E-08 2.4121E-08 2.2744E-08 2.0547E-08 1.7830E-08 1.4845E-08 1.1930E-08 9.1781E-09 6.7502E-09 4.7303E-09 3.1397E-09 1.9601E-09 1.1480E-09 6.2156E-10 3.0659E-10 1.3274E-10 4.5344E-11 7.1737E-12 0.0000E+00 0.0000E+00 0.0000E+00 0.0000E+00 0.0000E+00 0.0000E+00 0.0000E+00 0.0000E+00 0.0000E+00 0.0000E+00 0.0000E+00 0.0000E+00 0.0000E+00 0.0000E+00 0.0000E+00 0.0000E+00 0.0000E+00 0.0000E+00 0.0000E+00 0.0000E+00 0.0000E+00 0.0000E+00 0.0000E+00 0.0000E+00 0.0000E+00 0.0000E+00
9.9409E-12 9.8198E-11 3.0862E-10 7.1073E-10 1.4132E-09 2.5665E-09 4.2795E-09 6.6425E-09 9.6569E-09 1.3153E-08 1.6812E-08 2.0185E-08 2.2831E-08 2.4372E-08 2.4655E-08 2.3719E-08 2.1782E-08 1.9166E-08 1.6211E-08 1.3194E-08 1.0269E-08 7.6470E-09 5.4240E-09 3.6466E-09 2.3120E-09 1.3657E-09 7.5659E-10 3.7890E-10 1.6904E-10 6.0756E-11 1.4007E-11 0.0000E+00 0.0000E+00 0.0000E+00 0.0000E+00 0.0000E+00 0.0000E+00 0.0000E+00 0.0000E+00 0.0000E+00 0.0000E+00 0.0000E+00 0.0000E+00 0.0000E+00 0.0000E+00 0.0000E+00 0.0000E+00 0.0000E+00 0.0000E+00 0.0000E+00 0.0000E+00 0.0000E+00 0.0000E+00 0.0000E+00 0.0000E+00 0.0000E+00 0.0000E+00
0.0000E+00 3.6644E-11 1.7513E-10 4.5986E-10 9.7665E-10 1.8776E-09 3.2810E-09 5.3368E-09 8.0771E-09 1.1442E-08 1.5194E-08 1.8909E-08 2.2086E-08 2.4267E-08 2.5152E-08 2.4704E-08 2.3076E-08 2.0610E-08 1.7679E-08 1.4554E-08 1.1497E-08 8.6657E-09 6.2322E-09 4.2542E-09 2.7275E-09 1.6395E-09 9.1220E-10 4.7061E-10 2.1579E-10 8.1349E-11 2.0646E-11 0.0000E+00 0.0000E+00 0.0000E+00 0.0000E+00 0.0000E+00 0.0000E+00 0.0000E+00 0.0000E+00 0.0000E+00 0.0000E+00 0.0000E+00 0.0000E+00 0.0000E+00 0.0000E+00 0.0000E+00 0.0000E+00 0.0000E+00 0.0000E+00 0.0000E+00 0.0000E+00 0.0000E+00 0.0000E+00 0.0000E+00 0.0000E+00 0.0000E+00 0.0000E+00
0.0000E+00 0.0000E+00 7.5086E-11 2.6989E-10 6.3666E-10 1.3165E-09 2.4251E-09 4.1460E-09 6.5904E-09 9.7689E-09 1.3529E-08 1.7497E-08 2.1170E-08 2.3993E-08 2.5546E-08 2.5635E-08 2.4393E-08 2.2135E-08 1.9222E-08 1.6039E-08 1.2835E-08 9.8104E-09 7.1620E-09 4.9562E-09 3.2277E-09 1.9613E-09 1.1073E-09 5.7115E-10 2.6196E-10 1.0364E-10 2.9867E-11 0.0000E+00 0.0000E+00 0.0000E+00 0.0000E+00 0.0000E+00 0.0000E+00 0.0000E+00 0.0000E+00 0.0000E+00 0.0000E+00 0.0000E+00 0.0000E+00 0.0000E+00 0.0000E+00 0.0000E+00 0.0000E+00 0.0000E+00 0.0000E+00 0.0000E+00 0.0000E+00 0.0000E+00 0.0000E+00 0.0000E+00 0.0000E+00 0.0000E+00 0.0000E+00
0.0000E+00 0.0000E+00 6.4929E-12 1.3105E-10 3.7554E-10 8.6768E-10 1.7195E-09 3.1135E-09 5.2252E-09 8.1311E-09 1.1787E-08 1.5915E-08 2.0027E-08 2.3491E-08 2.5751E-08 2.6486E-08 2.5696E-08 2.3689E-08 2.0864E-08 1.7633E-08 1.4316E-08 1.1102E-08 8.2246E-09 5.7649E-09 3.7980E-09 2.3374E-09 1.3297E-09 6.9193E-10 3.2264E-10 1.2883E-10 3.7494E-11 0.0000E+00 0.0000E+00 0.0000E+00 0.0000E+00 0.0000E+00 0.0000E+00 0.0000E+00 0.0000E+00 0.0000E+00 0.0000E+00 0.0000E+00 0.0000E+00 0.0000E+00 0.0000E+00 0.0000E+00 0.0000E+00 0.0000E+00 0.0000E+00 0.0000E+00 0.0000E+00 0.0000E+00 0.0000E+00 0.0000E+00 0.0000E+00 0.0000E+00 0.0000E+00
0.0000E+00 0.0000E+00 0.0000E+00 3.5418E-11 1.8819E-10 5.3614E-10 1.1487E-09 2.2294E-09 3.9849E-09 6.5748E-09 1.0024E-08 1.4184E-08 1.8635E-08 2.2718E-08 2.5731E-08 2.7192E-08 2.6951E-08 2.5266E-08 2.2588E-08 1.9374E-08 1.5957E-08 1.2567E-08 9.4510E-09 6.7203E-09 4.4775E-09 2.7711E-09 1.5802E-09 8.1993E-10 3.7900E-10 1.5004E-10 4.4126E-11 1.8208E-13 0.0000E+00 0.0000E+00 0.0000E+00 0.0000E+00 0.0000E+00 0.0000E+00 0.0000E+00 0.0000E+00 0.0000E+00 0.0000E+00 0.0000E+00 0.0000E+00 0.0000E+00 0.0000E+00 0.0000E+00 0.0000E+00 0.0000E+00 0.0000E+00 0.0000E+00 0.0000E+00 0.0000E+00 0.0000E+00 0.0000E+00 0.0000E+00 0.0000E+00
0.0000E+00 0.0000E+00 0.0000E+00 0.0000E+00 6.5600E-11 2.8286E-10 7.1902E-10 1.5238E-09 2.9081E-09 5.0967E-09 8.2489E-09 1.2318E-08 1.6999E-08 2.1636E-08 2.5424E-08 2.7674E-08 2.8121E-08 2.6889E-08 2.4431E-08 2.1256E-08 1.7771E-08 1.4212E-08 1.0837E-08 7.7971E-09 5.2403E-09 3.2641E-09 1.8593E-09 9.6867E-10 4.4738E-10 1.7779E-10 5.0331E-11 1.1011E-12 0.0000E+00 0.0000E+00 0.0000E+00 0.0000E+00 0.0000E+00 0.0000E+00 0.0000E+00 0.0000E+00 0.0000E+00 0.0000E+00 0.0000E+00 0.0000E+00 0.0000E+00 0.0000E+00 0.0000E+00 0.0000E+00 0.0000E+00 0.0000E+00 0.0000E+00 0.0000E+00 0.0000E+00 0.0000E+00 0.0000E+00 0.0000E+00 0.0000E+00
0.0000E+00 0.0000E+00 0.0000E+00 0.0000E+00 5.3644E-14 1.1782E-10 4.0957E-10 9.7052E-10 2.0088E-09 3.7865E-09 6.5425E-09 1.0376E-08 1.5126E-08 2.0214E-08 2.4772E-08 2.7917E-08 2.9128E-08 2.8480E-08 2.6346E-08 2.3312E-08 1.9805E-08 1.6097E-08 1.2443E-08 9.0541E-09 6.1264E-09 3.8177E-09 2.1747E-09 1.1146E-09 5.0612E-10 1.9349E-10 4.8173E-11 1.0375E-12 0.0000E+00 0.0000E+00 0.0000E+00 0.0000E+00 0.0000E+00 0.0000E+00 0.0000E+00 0.0000E+00 0.0000E+00 0.0000E+00 0.0000E+00 0.0000E+00 0.0000E+00 0.0000E+00 0.0000E+00 0.0000E+00 0.0000E+00 0.0000E+00 0.0000E+00 0.0000E+00 0.0000E+00 0.0000E+00 0.0000E+00 0.0000E+00 0.0000E+00
