Assets/Resources/2015_m01_d23_2100(utc+0800)_l00_csi_1hr_conc.grd
DSAA
         159         159
     -79.000      79.000
     -79.000      79.000
  0.5921E-10  0.8484E-05
[rows 125 to 149 of 159, columns 57 to 113 of 159]
8.6323E-10 9.3316E-10 1.0036E-09 1.0843E-09 1.1751E-09 1.2732E-09 1.3856E-09 1.5161E-09 1.6368E-09 1.7671E-09 1.9094E-09 2.0624E-09 2.2280E-09 2.4046E-09 2.5929E-09 2.7925E-09 3.0069E-09 3.2304E-09 3.4651E-09 3.7111E-09 3.9681E-09 4.2435E-09 4.5221E-09 4.8106E-09 5.1082E-09 5.4146E-09 5.7287E-09 6.0495E-09 6.3758E-09 6.7061E-09 7.0389E-09 7.3811E-09 7.7160E-09 8.0496E-09 8.3805E-09 8.7074E-09 9.0287E-09 9.3436E-09 9.6505E-09 9.9478E-09 1.0234E-08 1.0509E-08 1.0772E-08 1.1020E-08 1.1254E-08 1.1472E-08 1.1675E-08 1.1853E-08 1.2023E-08 1.2176E-08 1.2312E-08 1.2431E-08 1.2532E-08 1.2617E-08 1.2684E-08 1.2736E-08 1.2771E-08
8.5295E-10 9.1980E-10 9.9201E-10 1.0718E-09 1.1619E-09 1.2601E-09 1.3724E-09 1.4986E-09 1.6167E-09 1.7447E-09 1.8838E-09 2.0341E-09 2.1950E-09 2.3692E-09 2.5542E-09 2.7501E-09 2.9577E-09 3.1796E-09 3.4107E-09 3.6522E-09 3.9047E-09 4.1680E-09 4.4411E-09 4.7321E-09 5.0253E-09 5.3272E-09 5.6369E-09 5.9534E-09 6.2749E-09 6.6010E-09 6.9303E-09 7.2615E-09 7.5934E-09 7.9247E-09 8.2539E-09 8.5799E-09 8.9015E-09 9.2169E-09 9.5250E-09 9.8246E-09 1.0114E-08 1.0393E-08 1.0660E-08 1.0914E-08 1.1154E-08 1.1379E-08 1.1589E-08 1.1784E-08 1.1962E-08 1.2124E-08 1.2270E-08 1.2398E-08 1.2510E-08 1.2605E-08 1.2683E-08 1.2738E-08 1.2785E-08
8.4626E-10 9.0883E-10 9.8616E-10 1.0649E-09 1.1477E-09 1.2418E-09 1.3575E-09 1.4802E-09 1.5962E-09 1.7218E-09 1.8582E-09 2.0043E-09 2.1626E-09 2.3323E-09 2.5117E-09 2.7068E-09 2.9105E-09 3.1258E-09 3.3512E-09 3.5923E-09 3.8403E-09 4.0994E-09 4.3681E-09 4.6468E-09 4.9348E-09 5.2389E-09 5.5438E-09 5.8555E-09 6.1729E-09 6.4950E-09 6.8208E-09 7.1489E-09 7.4781E-09 7.8073E-09 8.1353E-09 8.4605E-09 8.7818E-09 9.0976E-09 9.4069E-09 9.7082E-09 1.0001E-08 1.0283E-08 1.0553E-08 1.0812E-08 1.1058E-08 1.1289E-08 1.1507E-08 1.1709E-08 1.1895E-08 1.2065E-08 1.2220E-08 1.2357E-08 1.2479E-08 1.2577E-08 1.2666E-08 1.2738E-08 1.2796E-08
8.3564E-10 9.0058E-10 9.7132E-10 1.0512E-09 1.1327E-09 1.2255E-09 1.3476E-09 1.4610E-09 1.5752E-09 1.6983E-09 1.8312E-09 1.9752E-09 2.1297E-09 2.2956E-09 2.4727E-09 2.6605E-09 2.8631E-09 3.0734E-09 3.2956E-09 3.5277E-09 3.7706E-09 4.0293E-09 4.2938E-09 4.5681E-09 4.8515E-09 5.1435E-09 5.4432E-09 5.7500E-09 6.0699E-09 6.3881E-09 6.7103E-09 7.0351E-09 7.3618E-09 7.6890E-09 8.0152E-09 8.3394E-09 8.6601E-09 8.9761E-09 9.2861E-09 9.5890E-09 9.8835E-09 1.0168E-08 1.0443E-08 1.0706E-08 1.0957E-08 1.1194E-08 1.1418E-08 1.1627E-08 1.1820E-08 1.1999E-08 1.2155E-08 1.2302E-08 1.2433E-08 1.2547E-08 1.2646E-08 1.2730E-08 1.2797E-08
8.2236E-10 8.8864E-10 9.5841E-10 1.0346E-09 1.1172E-09 1.2116E-09 1.3296E-09 1.4410E-09 1.5532E-09 1.6742E-09 1.8045E-09 1.9446E-09 2.0963E-09 2.2580E-09 2.4314E-09 2.6163E-09 2.8114E-09 3.0171E-09 3.2376E-09 3.4664E-09 3.7050E-09 3.9542E-09 4.2133E-09 4.4881E-09 4.7669E-09 5.0542E-09 5.3495E-09 5.6518E-09 5.9604E-09 6.2743E-09 6.5924E-09 6.9139E-09 7.2375E-09 7.5691E-09 7.8935E-09 8.2162E-09 8.5362E-09 8.8520E-09 9.1625E-09 9.4665E-09 9.7629E-09 1.0050E-08 1.0328E-08 1.0595E-08 1.0850E-08 1.1086E-08 1.1316E-08 1.1531E-08 1.1733E-08 1.1919E-08 1.2090E-08 1.2245E-08 1.2384E-08 1.2509E-08 1.2617E-08 1.2710E-08 1.2786E-08
8.1451E-10 8.7396E-10 9.4507E-10 1.0202E-09 1.1018E-09 1.2007E-09 1.3164E-09 1.4180E-09 1.5304E-09 1.6492E-09 1.7771E-09 1.9143E-09 2.0614E-09 2.2205E-09 2.3895E-09 2.5709E-09 2.7614E-09 2.9636E-09 3.1764E-09 3.4035E-09 3.6383E-09 3.8834E-09 4.1381E-09 4.4024E-09 4.6760E-09 4.9638E-09 5.2545E-09 5.5524E-09 5.8568E-09 6.1668E-09 6.4814E-09 6.7995E-09 7.1201E-09 7.4420E-09 7.7641E-09 8.0851E-09 8.4038E-09 8.7191E-09 9.0298E-09 9.3346E-09 9.6324E-09 9.9221E-09 1.0203E-08 1.0473E-08 1.0733E-08 1.0980E-08 1.1215E-08 1.1437E-08 1.1644E-08 1.1838E-08 1.2016E-08 1.2179E-08 1.2328E-08 1.2461E-08 1.2578E-08 1.2674E-08 1.2760E-08
8.0300E-10 8.6151E-10 9.3129E-10 1.0083E-09 1.0856E-09 1.1825E-09 1.2971E-09 1.3968E-09 1.5046E-09 1.6233E-09 1.7488E-09 1.8834E-09 2.0275E-09 2.1811E-09 2.3475E-09 2.5225E-09 2.7087E-09 2.9091E-09 3.1175E-09 3.3373E-09 3.5668E-09 3.8114E-09 4.0616E-09 4.3214E-09 4.5903E-09 4.8679E-09 5.1536E-09 5.4468E-09 5.7521E-09 6.0580E-09 6.3687E-09 6.6834E-09 7.0008E-09 7.3199E-09 7.6397E-09 7.9589E-09 8.2763E-09 8.5908E-09 8.9013E-09 9.2065E-09 9.5054E-09 9.7968E-09 1.0080E-08 1.0353E-08 1.0616E-08 1.0868E-08 1.1108E-08 1.1335E-08 1.1548E-08 1.1748E-08 1.1934E-08 1.2105E-08 1.2256E-08 1.2397E-08 1.2523E-08 1.2632E-08 1.2726E-08
7.8886E-10 8.5500E-10 9.2131E-10 9.9298E-10 1.0707E-09 1.1674E-09 1.2772E-09 1.3749E-09 1.4806E-09 1.5946E-09 1.7171E-09 1.8510E-09 1.9919E-09 2.1424E-09 2.3029E-09 2.4761E-09 2.6586E-09 2.8511E-09 3.0581E-09 3.2741E-09 3.4992E-09 3.7345E-09 3.9794E-09 4.2393E-09 4.5035E-09 4.7764E-09 5.0576E-09 5.3462E-09 5.6417E-09 5.9431E-09 6.2496E-09 6.5603E-09 6.8742E-09 7.1957E-09 7.5129E-09 7.8299E-09 8.1458E-09 8.4592E-09 8.7692E-09 9.0744E-09 9.3740E-09 9.6667E-09 9.9515E-09 1.0227E-08 1.0494E-08 1.0749E-08 1.0993E-08 1.1219E-08 1.1439E-08 1.1646E-08 1.1839E-08 1.2017E-08 1.2180E-08 1.2328E-08 1.2461E-08 1.2578E-08 1.2680E-08
7.7692E-10 8.4188E-10 9.0708E-10 9.7503E-10 1.0554E-09 1.1516E-09 1.2545E-09 1.3524E-09 1.4558E-09 1.5670E-09 1.6866E-09 1.8151E-09 1.9554E-09 2.1029E-09 2.2601E-09 2.4273E-09 2.6077E-09 2.7965E-09 2.9963E-09 3.2061E-09 3.4306E-09 3.6618E-09 3.9021E-09 4.1518E-09 4.4108E-09 4.6786E-09 4.9602E-09 5.2443E-09 5.5352E-09 5.8324E-09 6.1348E-09 6.4417E-09 6.7521E-09 7.0649E-09 7.3791E-09 7.6937E-09 8.0075E-09 8.3195E-09 8.6285E-09 8.9335E-09 9.2333E-09 9.5268E-09 9.8131E-09 1.0091E-08 1.0360E-08 1.0619E-08 1.0867E-08 1.1104E-08 1.1329E-08 1.1541E-08 1.1739E-08 1.1923E-08 1.2093E-08 1.2247E-08 1.2387E-08 1.2511E-08 1.2620E-08
7.6797E-10 8.2632E-10 8.9245E-10 9.5908E-10 1.0355E-09 1.1324E-09 1.2336E-09 1.3267E-09 1.4296E-09 1.5384E-09 1.6555E-09 1.7812E-09 1.9159E-09 2.0625E-09 2.2164E-09 2.3804E-09 2.5544E-09 2.7385E-09 2.9363E-09 3.1420E-09 3.3577E-09 3.5834E-09 3.8236E-09 4.0687E-09 4.3229E-09 4.5859E-09 4.8571E-09 5.1361E-09 5.4222E-09 5.7200E-09 6.0182E-09 6.3211E-09 6.6277E-09 6.9372E-09 7.2484E-09 7.5603E-09 7.8720E-09 8.1822E-09 8.4900E-09 8.7943E-09 9.0939E-09 9.3879E-09 9.6751E-09 9.9547E-09 1.0226E-08 1.0488E-08 1.0740E-08 1.0981E-08 1.1210E-08 1.1426E-08 1.1629E-08 1.1819E-08 1.1995E-08 1.2155E-08 1.2297E-08 1.2428E-08 1.2544E-08
7.5546E-10 8.1277E-10 8.7533E-10 9.4274E-10 1.0205E-09 1.1176E-09 1.2115E-09 1.3025E-09 1.4009E-09 1.5070E-09 1.6238E-09 1.7467E-09 1.8784E-09 2.0194E-09 2.1725E-09 2.3329E-09 2.5032E-09 2.6833E-09 2.8735E-09 3.0769E-09 3.2884E-09 3.5096E-09 3.7400E-09 3.9797E-09 4.2338E-09 4.4919E-09 4.7584E-09 5.0326E-09 5.3139E-09 5.6018E-09 5.8953E-09 6.1937E-09 6.4962E-09 6.8071E-09 7.1150E-09 7.4240E-09 7.7332E-09 8.0414E-09 8.3476E-09 8.6508E-09 8.9498E-09 9.2437E-09 9.5315E-09 9.8125E-09 1.0086E-08 1.0350E-08 1.0605E-08 1.0849E-08 1.1082E-08 1.1302E-08 1.1505E-08 1.1700E-08 1.1881E-08 1.2048E-08 1.2200E-08 1.2338E-08 1.2460E-08
7.4058E-10 7.9892E-10 8.6016E-10 9.2340E-10 1.0016E-09 1.0994E-09 1.1868E-09 1.2779E-09 1.3741E-09 1.4777E-09 1.5893E-09 1.7117E-09 1.8408E-09 1.9787E-09 2.1258E-09 2.2824E-09 2.4512E-09 2.6273E-09 2.8133E-09 3.0091E-09 3.2147E-09 3.4343E-09 3.6605E-09 3.8955E-09 4.1395E-09 4.3923E-09 4.6534E-09 4.9276E-09 5.2042E-09 5.4873E-09 5.7763E-09 6.0704E-09 6.3688E-09 6.6705E-09 6.9747E-09 7.2804E-09 7.5867E-09 7.8924E-09 8.1966E-09 8.4982E-09 8.7963E-09 9.0898E-09 9.3784E-09 9.6605E-09 9.9350E-09 1.0201E-08 1.0458E-08 1.0705E-08 1.0941E-08 1.1165E-08 1.1377E-08 1.1576E-08 1.1762E-08 1.1934E-08 1.2091E-08 1.2234E-08 1.2363E-08
7.2758E-10 7.8223E-10 8.4419E-10 9.0903E-10 9.8027E-10 1.0786E-09 1.1642E-09 1.2508E-09 1.3468E-09 1.4480E-09 1.5572E-09 1.6745E-09 1.8027E-09 1.9374E-09 2.0811E-09 2.2340E-09 2.3963E-09 2.5707E-09 2.7523E-09 2.9437E-09 3.1448E-09 3.3555E-09 3.5757E-09 3.8102E-09 4.0493E-09 4.2971E-09 4.5532E-09 4.8172E-09 5.0885E-09 5.3664E-09 5.6556E-09 5.9451E-09 6.2392E-09 6.5368E-09 6.8373E-09 7.1395E-09 7.4427E-09 7.7457E-09 8.0476E-09 8.3473E-09 8.6445E-09 8.9377E-09 9.2259E-09 9.5081E-09 9.7832E-09 1.0051E-08 1.0309E-08 1.0558E-08 1.0796E-08 1.1024E-08 1.1239E-08 1.1442E-08 1.1632E-08 1.1808E-08 1.1971E-08 1.2114E-08 1.2248E-08
7.1350E-10 7.6757E-10 8.2582E-10 8.9143E-10 9.6112E-10 1.0554E-09 1.1413E-09 1.2258E-09 1.3172E-09 1.4184E-09 1.5250E-09 1.6394E-09 1.7621E-09 1.8957E-09 2.0359E-09 2.1851E-09 2.3434E-09 2.5111E-09 2.6882E-09 2.8776E-09 3.0741E-09 3.2801E-09 3.4955E-09 3.7201E-09 3.9538E-09 4.1961E-09 4.4519E-09 4.7107E-09 4.9770E-09 5.2500E-09 5.5291E-09 5.8137E-09 6.1030E-09 6.3961E-09 6.6973E-09 6.9958E-09 7.2955E-09 7.5955E-09 7.8949E-09 8.1930E-09 8.4885E-09 8.7804E-09 9.0678E-09 9.3496E-09 9.6248E-09 9.8927E-09 1.0152E-08 1.0403E-08 1.0643E-08 1.0873E-08 1.1091E-08 1.1293E-08 1.1487E-08 1.1667E-08 1.1834E-08 1.1987E-08 1.2126E-08
6.9722E-10 7.5264E-10 8.1277E-10 8.7142E-10 9.4502E-10 1.0344E-09 1.1159E-09 1.2007E-09 1.2901E-09 1.3864E-09 1.4924E-09 1.6040E-09 1.7236E-09 1.8515E-09 1.9879E-09 2.1356E-09 2.2900E-09 2.4535E-09 2.6264E-09 2.8086E-09 3.0003E-09 3.2039E-09 3.4144E-09 3.6341E-09 3.8626E-09 4.0998E-09 4.3453E-09 4.5986E-09 4.8641E-09 5.1320E-09 5.4061E-09 5.6858E-09 5.9704E-09 6.2590E-09 6.5510E-09 6.8453E-09 7.1412E-09 7.4381E-09 7.7348E-09 8.0302E-09 8.3236E-09 8.6137E-09 8.8997E-09 9.1807E-09 9.4556E-09 9.7237E-09 9.9838E-09 1.0235E-08 1.0477E-08 1.0709E-08 1.0930E-08 1.1139E-08 1.1336E-08 1.1520E-08 1.1691E-08 1.1848E-08 1.1991E-08
6.8305E-10 7.3494E-10 7.9649E-10 8.5370E-10 9.2642E-10 1.0188E-09 1.0931E-09 1.1734E-09 1.2626E-09 1.3565E-09 1.4575E-09 1.5659E-09 1.6847E-09 1.8092E-09 1.9420E-09 2.0835E-09 2.2361E-09 2.3955E-09 2.5641E-09 2.7418E-09 2.9288E-09 3.1250E-09 3.3303E-09 3.5473E-09 3.7707E-09 4.0026E-09 4.2428E-09 4.4908E-09 4.7462E-09 5.0086E-09 5.2772E-09 5.5563E-09 5.8359E-09 6.1198E-09 6.4072E-09 6.6974E-09 6.9897E-09 7.2830E-09 7.5764E-09 7.8689E-09 8.1596E-09 8.4476E-09 8.7319E-09 9.0116E-09 9.2856E-09 9.5532E-09 9.8134E-09 1.0065E-08 1.0308E-08 1.0541E-08 1.0764E-08 1.0975E-08 1.1175E-08 1.1362E-08 1.1536E-08 1.1692E-08 1.1839E-08
6.6824E-10 7.2593E-10 7.7991E-10 8.3582E-10 9.0720E-10 9.9553E-10 1.0701E-09 1.1483E-09 1.2328E-09 1.3263E-09 1.4246E-09 1.5302E-09 1.6432E-09 1.7665E-09 1.8959E-09 2.0336E-09 2.1798E-09 2.3349E-09 2.5014E-09 2.6746E-09 2.8569E-09 3.0482E-09 3.2485E-09 3.4577E-09 3.6757E-09 3.9046E-09 4.1394E-09 4.3820E-09 4.6320E-09 4.8890E-09 5.1523E-09 5.4214E-09 5.6957E-09 5.9745E-09 6.2572E-09 6.5429E-09 6.8354E-09 7.1247E-09 7.4144E-09 7.7036E-09 7.9914E-09 8.2768E-09 8.5590E-09 8.8368E-09 9.1096E-09 9.3763E-09 9.6360E-09 9.8880E-09 1.0131E-08 1.0365E-08 1.0588E-08 1.0798E-08 1.0999E-08 1.1189E-08 1.1366E-08 1.1530E-08 1.1681E-08
6.5448E-10 7.1042E-10 7.6156E-10 8.1812E-10 8.8792E-10 9.7455E-10 1.0447E-09 1.1230E-09 1.2052E-09 1.2939E-09 1.3914E-09 1.4940E-09 1.6040E-09 1.7216E-09 1.8472E-09 1.9834E-09 2.1257E-09 2.2767E-09 2.4363E-09 2.6047E-09 2.7846E-09 2.9710E-09 3.1663E-09 3.3703E-09 3.5829E-09 3.8039E-09 4.0330E-09 4.2699E-09 4.5168E-09 4.7682E-09 5.0261E-09 5.2898E-09 5.5589E-09 5.8327E-09 6.1105E-09 6.3914E-09 6.6748E-09 6.9597E-09 7.2453E-09 7.5308E-09 7.8151E-09 8.0975E-09 8.3771E-09 8.6527E-09 8.9237E-09 9.1891E-09 9.4479E-09 9.6994E-09 9.9428E-09 1.0177E-08 1.0402E-08 1.0616E-08 1.0819E-08 1.1011E-08 1.1190E-08 1.1357E-08 1.1510E-08
6.4390E-10 6.9495E-10 7.4463E-10 7.9823E-10 8.6849E-10 9.5338E-10 1.0216E-09 1.0954E-09 1.1774E-09 1.2635E-09 1.3561E-09 1.4555E-09 1.5646E-09 1.6789E-09 1.8009E-09 1.9309E-09 2.0714E-09 2.2182E-09 2.3735E-09 2.5373E-09 2.7099E-09 2.8912E-09 3.0837E-09 3.2824E-09 3.4897E-09 3.7052E-09 3.9288E-09 4.1601E-09 4.3987E-09 4.6443E-09 4.8964E-09 5.1571E-09 5.4207E-09 5.6892E-09 5.9618E-09 6.2377E-09 6.5162E-09 6.7966E-09 7.0779E-09 7.3593E-09 7.6400E-09 7.9191E-09 8.1956E-09 8.4687E-09 8.7374E-09 9.0009E-09 9.2584E-09 9.5089E-09 9.7516E-09 9.9858E-09 1.0211E-08 1.0426E-08 1.0630E-08 1.0823E-08 1.1004E-08 1.1170E-08 1.1326E-08
6.3018E-10 6.7779E-10 7.2801E-10 7.8059E-10 8.4705E-10 9.2989E-10 9.9835E-10 1.0700E-09 1.1473E-09 1.2329E-09 1.3229E-09 1.4195E-09 1.5230E-09 1.6361E-09 1.7546E-09 1.8808E-09 2.0150E-09 2.1574E-09 2.3105E-09 2.4698E-09 2.6376E-09 2.8139E-09 2.9988E-09 3.1921E-09 3.3961E-09 3.6061E-09 3.8240E-09 4.0496E-09 4.2825E-09 4.5224E-09 4.7688E-09 5.0212E-09 5.2791E-09 5.5419E-09 5.8090E-09 6.0796E-09 6.3554E-09 6.6309E-09 6.9076E-09 7.1847E-09 7.4614E-09 7.7367E-09 8.0098E-09 8.2799E-09 8.5460E-09 8.8072E-09 9.0628E-09 9.3118E-09 9.5535E-09 9.7870E-09 1.0009E-08 1.0224E-08 1.0429E-08 1.0623E-08 1.0806E-08 1.0976E-08 1.1134E-08
6.1441E-10 6.6202E-10 7.0918E-10 7.6213E-10 8.2757E-10 9.0868E-10 9.7275E-10 1.0444E-09 1.1195E-09 1.2003E-09 1.2896E-09 1.3833E-09 1.4837E-09 1.5912E-09 1.7060E-09 1.8307E-09 1.9610E-09 2.0992E-09 2.2455E-09 2.4000E-09 2.5652E-09 2.7366E-09 2.9163E-09 3.1042E-09 3.3004E-09 3.5046E-09 3.7167E-09 3.9387E-09 4.1658E-09 4.3998E-09 4.6403E-09 4.8869E-09 5.1390E-09 5.3961E-09 5.6575E-09 5.9226E-09 6.1907E-09 6.4610E-09 6.7327E-09 7.0051E-09 7.2774E-09 7.5486E-09 7.8179E-09 8.0846E-09 8.3476E-09 8.6062E-09 8.8595E-09 9.1066E-09 9.3468E-09 9.5793E-09 9.8033E-09 1.0018E-08 1.0223E-08 1.0418E-08 1.0601E-08 1.0773E-08 1.0932E-08
6.0063E-10 6.4537E-10 6.9290E-10 7.4237E-10 8.0489E-10 8.8734E-10 9.4951E-10 1.0167E-09 1.0915E-09 1.1700E-09 1.2543E-09 1.3450E-09 1.4445E-09 1.5487E-09 1.6599E-09 1.7785E-09 1.9069E-09 2.0409E-09 2.1828E-09 2.3328E-09 2.4908E-09 2.6570E-09 2.8337E-09 3.0163E-09 3.2070E-09 3.4056E-09 3.6118E-09 3.8256E-09 4.0465E-09 4.2744E-09 4.5112E-09 4.7518E-09 4.9979E-09 5.2491E-09 5.5047E-09 5.7641E-09 6.0266E-09 6.2916E-09 6.5582E-09 6.8256E-09 7.0932E-09 7.3600E-09 7.6252E-09 7.8880E-09 8.1476E-09 8.4031E-09 8.6536E-09 8.8984E-09 9.1367E-09 9.3676E-09 9.5905E-09 9.8045E-09 1.0009E-08 1.0204E-08 1.0387E-08 1.0557E-08 1.0718E-08
5.7925E-10 6.3022E-10 6.7448E-10 7.2386E-10 7.7954E-10 8.6585E-10 9.2621E-10 9.9133E-10 1.0616E-09 1.1396E-09 1.2213E-09 1.3091E-09 1.4032E-09 1.5062E-09 1.6140E-09 1.7288E-09 1.8510E-09 1.9807E-09 2.1203E-09 2.2657E-09 2.4189E-09 2.5801E-09 2.7493E-09 2.9264E-09 3.1135E-09 3.3064E-09 3.5068E-09 3.7146E-09 3.9296E-09 4.1515E-09 4.3798E-09 4.6142E-09 4.8541E-09 5.0991E-09 5.3487E-09 5.6044E-09 5.8612E-09 6.1205E-09 6.3816E-09 6.6439E-09 6.9064E-09 7.1685E-09 7.4293E-09 7.6880E-09 7.9437E-09 8.1957E-09 8.4432E-09 8.6852E-09 8.9211E-09 9.1500E-09 9.3689E-09 9.5818E-09 9.7857E-09 9.9798E-09 1.0164E-08 1.0337E-08 1.0498E-08
5.6480E-10 6.0732E-10 6.5794E-10 7.0419E-10 7.6030E-10 8.3705E-10 9.0080E-10 9.6596E-10 1.0340E-09 1.1073E-09 1.1862E-09 1.2733E-09 1.3644E-09 1.4619E-09 1.5660E-09 1.6793E-09 1.7976E-09 1.9231E-09 2.0561E-09 2.1967E-09 2.3472E-09 2.5034E-09 2.6673E-09 2.8389E-09 3.0183E-09 3.2052E-09 3.3997E-09 3.6037E-09 3.8127E-09 4.0284E-09 4.2505E-09 4.4786E-09 4.7124E-09 4.9512E-09 5.1946E-09 5.4419E-09 5.6926E-09 5.9461E-09 6.2015E-09 6.4582E-09 6.7155E-09 6.9725E-09 7.2285E-09 7.4827E-09 7.7343E-09 7.9825E-09 8.2265E-09 8.4654E-09 8.6986E-09 8.9252E-09 9.1444E-09 9.3557E-09 9.5583E-09 9.7516E-09 9.9349E-09 1.0108E-08 1.0270E-08
5.5004E-10 5.9288E-10 6.3985E-10 6.8648E-10 7.3823E-10 8.1547E-10 8.7773E-10 9.3860E-10 1.0065E-09 1.0774E-09 1.1537E-09 1.2356E-09 1.3257E-09 1.4200E-09 1.5207E-09 1.6280E-09 1.7422E-09 1.8658E-09 1.9944E-09 2.1305E-09 2.2739E-09 2.4248E-09 2.5833E-09 2.7517E-09 2.9255E-09 3.1068E-09 3.2954E-09 3.4911E-09 3.6939E-09 3.9032E-09 4.1190E-09 4.3430E-09 4.5704E-09 4.8029E-09 5.0400E-09 5.2811E-09 5.5257E-09 5.7730E-09 6.0226E-09 6.2736E-09 6.5253E-09 6.7771E-09 7.0280E-09 7.2775E-09 7.5246E-09 7.7686E-09 8.0087E-09 8.2441E-09 8.4741E-09 8.6979E-09 8.9148E-09 9.1240E-09 9.3250E-09 9.5147E-09 9.6972E-09 9.8697E-09 1.0032E-08
