Assets/Resources/2015_m01_d18_1000(utc+0800)_l00_csi_1hr_conc.grd
DSAA
         159         159
     -79.000      79.000
     -79.000      79.000
  0.6503E-11  0.1432E-05
[rows 125 to 149 of 159, columns 0 to 56 of 159]
5.1262E-11 5.5580E-11 6.0051E-11 6.4730E-11 6.9707E-11 7.4704E-11 7.9797E-11 8.4864E-11 9.0117E-11 9.5353E-11 1.0081E-10 1.0661E-10 1.1262E-10 1.1897E-10 1.2557E-10 1.3248E-10 1.3973E-10 1.4731E-10 1.5524E-10 1.6354E-10 1.7207E-10 1.8109E-10 1.9051E-10 2.0039E-10 2.1071E-10 2.2147E-10 2.3264E-10 2.4429E-10 2.5649E-10 2.6909E-10 2.8232E-10 2.9596E-10 3.1021E-10 3.2505E-10 3.4041E-10 3.5641E-10 3.7309E-10 3.9034E-10 4.0809E-10 4.2659E-10 4.4575E-10 4.6552E-10 4.8591E-10 5.0700E-10 5.2881E-10 5.5136E-10 5.7456E-10 5.9852E-10 6.2330E-10 6.4877E-10 6.7493E-10 7.0193E-10 7.2954E-10 7.5800E-10 7.8715E-10 8.1705E-10 8.4781E-10
5.0459E-11 5.4660E-11 5.9132E-11 6.3891E-11 6.8775E-11 7.3795E-11 7.8841E-11 8.3985E-11 8.9189E-11 9.4335E-11 9.9776E-11 1.0552E-10 1.1148E-10 1.1776E-10 1.2431E-10 1.3116E-10 1.3834E-10 1.4584E-10 1.5371E-10 1.6193E-10 1.7038E-10 1.7932E-10 1.8866E-10 1.9846E-10 2.0868E-10 2.1935E-10 2.3042E-10 2.4197E-10 2.5407E-10 2.6656E-10 2.7962E-10 2.9321E-10 3.0735E-10 3.2207E-10 3.3730E-10 3.5318E-10 3.6973E-10 3.8683E-10 4.0451E-10 4.2280E-10 4.4181E-10 4.6142E-10 4.8166E-10 5.0260E-10 5.2425E-10 5.4663E-10 5.6967E-10 5.9345E-10 6.1805E-10 6.4333E-10 6.6930E-10 6.9610E-10 7.2350E-10 7.5176E-10 7.8068E-10 8.1037E-10 8.4089E-10
4.9806E-11 5.3966E-11 5.8353E-11 6.3016E-11 6.7855E-11 7.2828E-11 7.7828E-11 8.3041E-11 8.8127E-11 9.3329E-11 9.8716E-11 1.0441E-10 1.1030E-10 1.1648E-10 1.2295E-10 1.2974E-10 1.3690E-10 1.4428E-10 1.5207E-10 1.6022E-10 1.6864E-10 1.7750E-10 1.8675E-10 1.9646E-10 2.0658E-10 2.1716E-10 2.2814E-10 2.3958E-10 2.5157E-10 2.6401E-10 2.7690E-10 2.9037E-10 3.0439E-10 3.1898E-10 3.3414E-10 3.4983E-10 3.6624E-10 3.8321E-10 4.0073E-10 4.1887E-10 4.3773E-10 4.5718E-10 4.7726E-10 4.9803E-10 5.1952E-10 5.4172E-10 5.6459E-10 5.8818E-10 6.1260E-10 6.3768E-10 6.6345E-10 6.9004E-10 7.1723E-10 7.4526E-10 7.7396E-10 8.0341E-10 8.3369E-10
4.9212E-11 5.3328E-11 5.7671E-11 6.2218E-11 6.7009E-11 7.1933E-11 7.6883E-11 8.2045E-11 8.7147E-11 9.2295E-11 9.7626E-11 1.0326E-10 1.0909E-10 1.1520E-10 1.2162E-10 1.2833E-10 1.3537E-10 1.4273E-10 1.5045E-10 1.5851E-10 1.6685E-10 1.7562E-10 1.8478E-10 1.9439E-10 2.0443E-10 2.1485E-10 2.2578E-10 2.3712E-10 2.4900E-10 2.6132E-10 2.7403E-10 2.8744E-10 3.0134E-10 3.1579E-10 3.3082E-10 3.4637E-10 3.6263E-10 3.7939E-10 3.9683E-10 4.1481E-10 4.3350E-10 4.5280E-10 4.7263E-10 4.9331E-10 5.1462E-10 5.3665E-10 5.5932E-10 5.8273E-10 6.0694E-10 6.3183E-10 6.5738E-10 6.8375E-10 7.1072E-10 7.3852E-10 7.6698E-10 7.9618E-10 8.2622E-10
4.8352E-11 5.2551E-11 5.6974E-11 6.1473E-11 6.6215E-11 7.1045E-11 7.5943E-11 8.1051E-11 8.6099E-11 9.1191E-11 9.6465E-11 1.0204E-10 1.0781E-10 1.1390E-10 1.2024E-10 1.2689E-10 1.3385E-10 1.4114E-10 1.4872E-10 1.5670E-10 1.6495E-10 1.7359E-10 1.8270E-10 1.9222E-10 2.0216E-10 2.1248E-10 2.2330E-10 2.3453E-10 2.4629E-10 2.5849E-10 2.7114E-10 2.8443E-10 2.9819E-10 3.1251E-10 3.2740E-10 3.4280E-10 3.5885E-10 3.7552E-10 3.9280E-10 4.1068E-10 4.2915E-10 4.4827E-10 4.6795E-10 4.8844E-10 5.0957E-10 5.3141E-10 5.5389E-10 5.7710E-10 6.0110E-10 6.2577E-10 6.5110E-10 6.7725E-10 7.0399E-10 7.3155E-10 7.5976E-10 7.8871E-10 8.1847E-10
4.7582E-11 5.1762E-11 5.6011E-11 6.0669E-11 6.5360E-11 7.0181E-11 7.5026E-11 8.0036E-11 8.5028E-11 9.0064E-11 9.5278E-11 1.0079E-10 1.0650E-10 1.1248E-10 1.1879E-10 1.2537E-10 1.3226E-10 1.3951E-10 1.4700E-10 1.5481E-10 1.6298E-10 1.7161E-10 1.8063E-10 1.9005E-10 1.9989E-10 2.1010E-10 2.2081E-10 2.3192E-10 2.4357E-10 2.5565E-10 2.6818E-10 2.8133E-10 2.9496E-10 3.0907E-10 3.2381E-10 3.3907E-10 3.5503E-10 3.7154E-10 3.8865E-10 4.0630E-10 4.2460E-10 4.4348E-10 4.6312E-10 4.8343E-10 5.0437E-10 5.2594E-10 5.4830E-10 5.7129E-10 5.9508E-10 6.1953E-10 6.4463E-10 6.7046E-10 6.9704E-10 7.2434E-10 7.5230E-10 7.8098E-10 8.1048E-10
4.6722E-11 5.0894E-11 5.5093E-11 5.9645E-11 6.4409E-11 6.9258E-11 7.4048E-11 7.9044E-11 8.3979E-11 8.8913E-11 9.4068E-11 9.9514E-11 1.0516E-10 1.1107E-10 1.1727E-10 1.2381E-10 1.3062E-10 1.3771E-10 1.4512E-10 1.5289E-10 1.6105E-10 1.6959E-10 1.7851E-10 1.8783E-10 1.9756E-10 2.0766E-10 2.1826E-10 2.2925E-10 2.4078E-10 2.5274E-10 2.6513E-10 2.7815E-10 2.9159E-10 3.0560E-10 3.2020E-10 3.3535E-10 3.5110E-10 3.6745E-10 3.8440E-10 4.0187E-10 4.1993E-10 4.3871E-10 4.5808E-10 4.7821E-10 4.9895E-10 5.2040E-10 5.4254E-10 5.6532E-10 5.8888E-10 6.1310E-10 6.3797E-10 6.6356E-10 6.8987E-10 7.1692E-10 7.4461E-10 7.7301E-10 8.0223E-10
4.5667E-11 4.9999E-11 5.4233E-11 5.8739E-11 6.3365E-11 6.8113E-11 7.2971E-11 7.7990E-11 8.2866E-11 8.7783E-11 9.2875E-11 9.8216E-11 1.0379E-10 1.0963E-10 1.1580E-10 1.2222E-10 1.2890E-10 1.3596E-10 1.4329E-10 1.5101E-10 1.5908E-10 1.6752E-10 1.7634E-10 1.8550E-10 1.9512E-10 2.0511E-10 2.1565E-10 2.2652E-10 2.3793E-10 2.4975E-10 2.6201E-10 2.7484E-10 2.8818E-10 3.0206E-10 3.1650E-10 3.3149E-10 3.4701E-10 3.6318E-10 3.7997E-10 3.9727E-10 4.1522E-10 4.3381E-10 4.5300E-10 4.7293E-10 4.9348E-10 5.1470E-10 5.3663E-10 5.5918E-10 5.8253E-10 6.0650E-10 6.3112E-10 6.5645E-10 6.8251E-10 7.0929E-10 7.3670E-10 7.6482E-10 7.9375E-10
4.4617E-11 4.8897E-11 5.3112E-11 5.7730E-11 6.2385E-11 6.7083E-11 7.1878E-11 7.6714E-11 8.1654E-11 8.6590E-11 9.1619E-11 9.6935E-11 1.0244E-10 1.0821E-10 1.1427E-10 1.2061E-10 1.2721E-10 1.3417E-10 1.4141E-10 1.4904E-10 1.5706E-10 1.6541E-10 1.7412E-10 1.8318E-10 1.9269E-10 2.0257E-10 2.1293E-10 2.2368E-10 2.3496E-10 2.4660E-10 2.5878E-10 2.7151E-10 2.8471E-10 2.9843E-10 3.1271E-10 3.2755E-10 3.4289E-10 3.5890E-10 3.7551E-10 3.9264E-10 4.1041E-10 4.2881E-10 4.4780E-10 4.6753E-10 4.8786E-10 5.0888E-10 5.3058E-10 5.5290E-10 5.7600E-10 5.9973E-10 6.2410E-10 6.4917E-10 6.7496E-10 7.0146E-10 7.2858E-10 7.5641E-10 7.8504E-10
4.3783E-11 4.7739E-11 5.2108E-11 5.6514E-11 6.1225E-11 6.6033E-11 7.0852E-11 7.5627E-11 8.0423E-11 8.5419E-11 9.0383E-11 9.5591E-11 1.0103E-10 1.0672E-10 1.1274E-10 1.1901E-10 1.2552E-10 1.3240E-10 1.3955E-10 1.4708E-10 1.5496E-10 1.6315E-10 1.7181E-10 1.8081E-10 1.9021E-10 1.9997E-10 2.1021E-10 2.2084E-10 2.3191E-10 2.4349E-10 2.5553E-10 2.6812E-10 2.8117E-10 2.9473E-10 3.0885E-10 3.2351E-10 3.3870E-10 3.5453E-10 3.7097E-10 3.8785E-10 4.0549E-10 4.2370E-10 4.4249E-10 4.6201E-10 4.8213E-10 5.0292E-10 5.2439E-10 5.4648E-10 5.6933E-10 5.9281E-10 6.1691E-10 6.4171E-10 6.6722E-10 6.9344E-10 7.2027E-10 7.4780E-10 7.7611E-10
4.3137E-11 4.6974E-11 5.0962E-11 5.5493E-11 6.0002E-11 6.4767E-11 6.9601E-11 7.4442E-11 7.9214E-11 8.4189E-11 8.9084E-11 9.4267E-11 9.9586E-11 1.0525E-10 1.1110E-10 1.1728E-10 1.2377E-10 1.3055E-10 1.3766E-10 1.4509E-10 1.5287E-10 1.6096E-10 1.6946E-10 1.7830E-10 1.8758E-10 1.9728E-10 2.0739E-10 2.1790E-10 2.2884E-10 2.4026E-10 2.5215E-10 2.6459E-10 2.7755E-10 2.9096E-10 3.0491E-10 3.1936E-10 3.3442E-10 3.5008E-10 3.6634E-10 3.8303E-10 4.0048E-10 4.1849E-10 4.3707E-10 4.5638E-10 4.7627E-10 4.9683E-10 5.1807E-10 5.3991E-10 5.6251E-10 5.8573E-10 6.0957E-10 6.3409E-10 6.5931E-10 6.8523E-10 7.1177E-10 7.3899E-10 7.6698E-10
4.2201E-11 4.6139E-11 5.0158E-11 5.4354E-11 5.8791E-11 6.3574E-11 6.8364E-11 7.3204E-11 7.8031E-11 8.2939E-11 8.7726E-11 9.2839E-11 9.8170E-11 1.0372E-10 1.0953E-10 1.1563E-10 1.2198E-10 1.2867E-10 1.3573E-10 1.4302E-10 1.5075E-10 1.5874E-10 1.6713E-10 1.7586E-10 1.8502E-10 1.9454E-10 2.0453E-10 2.1495E-10 2.2576E-10 2.3704E-10 2.4878E-10 2.6100E-10 2.7381E-10 2.8705E-10 3.0079E-10 3.1512E-10 3.3000E-10 3.4549E-10 3.6156E-10 3.7813E-10 3.9538E-10 4.1319E-10 4.3155E-10 4.5064E-10 4.7031E-10 4.9056E-10 5.1155E-10 5.3322E-10 5.5556E-10 5.7851E-10 6.0207E-10 6.2631E-10 6.5124E-10 6.7686E-10 7.0309E-10 7.2999E-10 7.5766E-10
4.0843E-11 4.5021E-11 4.9106E-11 5.3483E-11 5.7733E-11 6.2304E-11 6.7164E-11 7.1944E-11 7.6837E-11 8.1674E-11 8.6437E-11 9.1435E-11 9.6651E-11 1.0212E-10 1.0785E-10 1.1391E-10 1.2021E-10 1.2682E-10 1.3374E-10 1.4098E-10 1.4855E-10 1.5643E-10 1.6477E-10 1.7338E-10 1.8242E-10 1.9182E-10 2.0162E-10 2.1191E-10 2.2258E-10 2.3372E-10 2.4531E-10 2.5738E-10 2.6995E-10 2.8303E-10 2.9672E-10 3.1087E-10 3.2559E-10 3.4089E-10 3.5678E-10 3.7315E-10 3.9020E-10 4.0779E-10 4.2595E-10 4.4480E-10 4.6424E-10 4.8425E-10 5.0499E-10 5.2633E-10 5.4832E-10 5.7108E-10 5.9443E-10 6.1838E-10 6.4301E-10 6.6833E-10 6.9424E-10 7.2082E-10 7.4816E-10
3.9819E-11 4.3695E-11 4.8082E-11 5.2366E-11 5.6707E-11 6.1299E-11 6.5886E-11 7.0611E-11 7.5493E-11 8.0331E-11 8.5050E-11 9.0015E-11 9.5157E-11 1.0055E-10 1.0620E-10 1.1217E-10 1.1839E-10 1.2489E-10 1.3176E-10 1.3885E-10 1.4633E-10 1.5414E-10 1.6232E-10 1.7086E-10 1.7973E-10 1.8906E-10 1.9873E-10 2.0883E-10 2.1936E-10 2.3040E-10 2.4184E-10 2.5375E-10 2.6616E-10 2.7908E-10 2.9252E-10 3.0651E-10 3.2111E-10 3.3623E-10 3.5192E-10 3.6809E-10 3.8493E-10 4.0231E-10 4.2025E-10 4.3888E-10 4.5807E-10 4.7784E-10 4.9833E-10 5.1940E-10 5.4113E-10 5.6352E-10 5.8659E-10 6.1024E-10 6.3465E-10 6.5964E-10 6.8523E-10 7.1148E-10 7.3848E-10
3.8971E-11 4.2776E-11 4.6664E-11 5.1065E-11 5.5724E-11 6.0123E-11 6.4806E-11 6.9380E-11 7.4069E-11 7.8973E-11 8.3663E-11 8.8584E-11 9.3607E-11 9.8999E-11 1.0453E-10 1.1042E-10 1.1654E-10 1.2295E-10 1.2967E-10 1.3671E-10 1.4412E-10 1.5178E-10 1.5984E-10 1.6822E-10 1.7701E-10 1.8621E-10 1.9580E-10 2.0576E-10 2.1615E-10 2.2699E-10 2.3833E-10 2.5008E-10 2.6233E-10 2.7507E-10 2.8828E-10 3.0209E-10 3.1651E-10 3.3144E-10 3.4693E-10 3.6297E-10 3.7952E-10 3.9676E-10 4.1446E-10 4.3286E-10 4.5181E-10 4.7133E-10 4.9156E-10 5.1236E-10 5.3381E-10 5.5592E-10 5.7869E-10 6.0204E-10 6.2614E-10 6.5082E-10 6.7608E-10 7.0199E-10 7.2864E-10
3.7694E-11 4.1869E-11 4.5822E-11 4.9687E-11 5.4068E-11 5.8855E-11 6.3556E-11 6.8180E-11 7.2798E-11 7.7426E-11 8.2291E-11 8.7026E-11 9.2125E-11 9.7312E-11 1.0284E-10 1.0859E-10 1.1467E-10 1.2099E-10 1.2762E-10 1.3455E-10 1.4181E-10 1.4945E-10 1.5734E-10 1.6559E-10 1.7427E-10 1.8328E-10 1.9273E-10 2.0261E-10 2.1290E-10 2.2352E-10 2.3472E-10 2.4631E-10 2.5845E-10 2.7103E-10 2.8407E-10 2.9770E-10 3.1186E-10 3.2652E-10 3.4189E-10 3.5772E-10 3.7406E-10 3.9100E-10 4.0854E-10 4.2669E-10 4.4548E-10 4.6473E-10 4.8470E-10 5.0523E-10 5.2639E-10 5.4822E-10 5.7068E-10 5.9373E-10 6.1751E-10 6.4186E-10 6.6678E-10 6.9236E-10 7.1857E-10
3.6701E-11 4.0492E-11 4.4771E-11 4.8653E-11 5.2912E-11 5.7309E-11 6.2131E-11 6.6889E-11 7.1478E-11 7.6075E-11 8.0906E-11 8.5567E-11 9.0546E-11 9.5738E-11 1.0114E-10 1.0680E-10 1.1274E-10 1.1897E-10 1.2554E-10 1.3237E-10 1.3947E-10 1.4700E-10 1.5482E-10 1.6300E-10 1.7149E-10 1.8043E-10 1.8970E-10 1.9938E-10 2.0947E-10 2.2009E-10 2.3106E-10 2.4256E-10 2.5448E-10 2.6689E-10 2.7975E-10 2.9326E-10 3.0723E-10 3.2170E-10 3.3678E-10 3.5234E-10 3.6860E-10 3.8531E-10 4.0262E-10 4.2045E-10 4.3898E-10 4.5798E-10 4.7775E-10 4.9800E-10 5.1888E-10 5.4041E-10 5.6257E-10 5.8530E-10 6.0868E-10 6.3270E-10 6.5737E-10 6.8259E-10 7.0844E-10
3.5442E-11 3.9370E-11 4.3415E-11 4.7563E-11 5.1809E-11 5.6153E-11 6.0623E-11 6.5517E-11 7.0114E-11 7.4800E-11 7.9471E-11 8.4100E-11 8.8999E-11 9.4069E-11 9.9384E-11 1.0500E-10 1.1089E-10 1.1698E-10 1.2344E-10 1.3018E-10 1.3716E-10 1.4453E-10 1.5224E-10 1.6029E-10 1.6871E-10 1.7750E-10 1.8663E-10 1.9622E-10 2.0616E-10 2.1652E-10 2.2734E-10 2.3866E-10 2.5040E-10 2.6278E-10 2.7546E-10 2.8872E-10 3.0251E-10 3.1682E-10 3.3171E-10 3.4704E-10 3.6294E-10 3.7943E-10 3.9663E-10 4.1423E-10 4.3242E-10 4.5116E-10 4.7058E-10 4.9062E-10 5.1128E-10 5.3251E-10 5.5436E-10 5.7678E-10 5.9982E-10 6.2351E-10 6.4783E-10 6.7270E-10 6.9819E-10
3.4447E-11 3.8126E-11 4.2145E-11 4.6228E-11 5.0326E-11 5.4979E-11 5.9462E-11 6.3935E-11 6.8743E-11 7.3434E-11 7.8112E-11 8.2624E-11 8.7446E-11 9.2431E-11 9.7705E-11 1.0315E-10 1.0895E-10 1.1502E-10 1.2129E-10 1.2792E-10 1.3489E-10 1.4210E-10 1.4963E-10 1.5761E-10 1.6585E-10 1.7445E-10 1.8355E-10 1.9293E-10 2.0277E-10 2.1304E-10 2.2369E-10 2.3481E-10 2.4633E-10 2.5845E-10 2.7114E-10 2.8421E-10 2.9780E-10 3.1186E-10 3.2653E-10 3.4170E-10 3.5738E-10 3.7363E-10 3.9046E-10 4.0779E-10 4.2587E-10 4.4434E-10 4.6340E-10 4.8323E-10 5.0353E-10 5.2452E-10 5.4607E-10 5.6816E-10 5.9087E-10 6.1422E-10 6.3819E-10 6.6270E-10 6.8782E-10
3.2932E-11 3.6996E-11 4.0884E-11 4.4892E-11 4.9059E-11 5.3417E-11 5.8235E-11 6.2762E-11 6.7124E-11 7.1765E-11 7.6621E-11 8.1184E-11 8.5840E-11 9.0748E-11 9.5934E-11 1.0133E-10 1.0698E-10 1.1296E-10 1.1917E-10 1.2569E-10 1.3245E-10 1.3964E-10 1.4711E-10 1.5486E-10 1.6302E-10 1.7154E-10 1.8039E-10 1.8972E-10 1.9937E-10 2.0942E-10 2.2003E-10 2.3098E-10 2.4233E-10 2.5422E-10 2.6659E-10 2.7946E-10 2.9305E-10 3.0692E-10 3.2137E-10 3.3633E-10 3.5177E-10 3.6779E-10 3.8436E-10 4.0145E-10 4.1919E-10 4.3746E-10 4.5624E-10 4.7571E-10 4.9570E-10 5.1639E-10 5.3769E-10 5.5946E-10 5.8184E-10 6.0483E-10 6.2845E-10 6.5259E-10 6.7735E-10
3.1926E-11 3.5498E-11 3.9695E-11 4.3698E-11 4.7806E-11 5.2164E-11 5.6602E-11 6.1380E-11 6.5746E-11 7.0392E-11 7.4832E-11 7.9613E-11 8.4234E-11 8.9096E-11 9.4153E-11 9.9457E-11 1.0506E-10 1.1089E-10 1.1701E-10 1.2345E-10 1.3015E-10 1.3717E-10 1.4452E-10 1.5219E-10 1.6017E-10 1.6856E-10 1.7731E-10 1.8640E-10 1.9595E-10 2.0590E-10 2.1618E-10 2.2708E-10 2.3832E-10 2.5003E-10 2.6222E-10 2.7484E-10 2.8803E-10 3.0194E-10 3.1611E-10 3.3091E-10 3.4613E-10 3.6182E-10 3.7823E-10 3.9506E-10 4.1253E-10 4.3052E-10 4.4902E-10 4.6820E-10 4.8789E-10 5.0819E-10 5.2909E-10 5.5060E-10 5.7272E-10 5.9537E-10 6.1862E-10 6.4240E-10 6.6678E-10
3.0611E-11 3.4542E-11 3.8139E-11 4.2510E-11 4.6343E-11 5.0842E-11 5.5124E-11 5.9752E-11 6.4494E-11 6.8935E-11 7.3424E-11 7.8054E-11 8.2595E-11 8.7360E-11 9.2410E-11 9.7626E-11 1.0309E-10 1.0886E-10 1.1487E-10 1.2122E-10 1.2781E-10 1.3465E-10 1.4187E-10 1.4947E-10 1.5732E-10 1.6556E-10 1.7418E-10 1.8312E-10 1.9251E-10 2.0227E-10 2.1244E-10 2.2311E-10 2.3418E-10 2.4582E-10 2.5782E-10 2.7025E-10 2.8324E-10 2.9668E-10 3.1064E-10 3.2539E-10 3.4045E-10 3.5590E-10 3.7198E-10 3.8855E-10 4.0576E-10 4.2346E-10 4.4176E-10 4.6063E-10 4.8002E-10 5.0000E-10 5.2058E-10 5.4176E-10 5.6346E-10 5.8575E-10 6.0872E-10 6.3213E-10 6.5613E-10
2.9565E-11 3.3097E-11 3.7122E-11 4.0894E-11 4.5222E-11 4.9268E-11 5.3883E-11 5.8251E-11 6.2791E-11 6.7318E-11 7.2012E-11 7.6520E-11 8.0981E-11 8.5746E-11 9.0585E-11 9.5789E-11 1.0116E-10 1.0679E-10 1.1274E-10 1.1887E-10 1.2540E-10 1.3222E-10 1.3927E-10 1.4668E-10 1.5445E-10 1.6256E-10 1.7098E-10 1.7983E-10 1.8903E-10 1.9873E-10 2.0869E-10 2.1919E-10 2.3008E-10 2.4142E-10 2.5336E-10 2.6564E-10 2.7843E-10 2.9166E-10 3.0540E-10 3.1972E-10 3.3460E-10 3.4988E-10 3.6577E-10 3.8208E-10 3.9894E-10 4.1645E-10 4.3437E-10 4.5302E-10 4.7210E-10 4.9177E-10 5.1202E-10 5.3286E-10 5.5421E-10 5.7615E-10 5.9868E-10 6.2179E-10 6.4541E-10
2.8398E-11 3.1797E-11 3.5620E-11 3.9603E-11 4.3568E-11 4.7992E-11 5.2154E-11 5.7002E-11 6.1342E-11 6.5798E-11 7.0313E-11 7.5027E-11 7.9407E-11 8.4002E-11 8.8882E-11 9.3865E-11 9.9184E-11 1.0470E-10 1.1056E-10 1.1667E-10 1.2299E-10 1.2964E-10 1.3667E-10 1.4396E-10 1.5152E-10 1.5955E-10 1.6783E-10 1.7649E-10 1.8558E-10 1.9508E-10 2.0493E-10 2.1526E-10 2.2603E-10 2.3713E-10 2.4875E-10 2.6085E-10 2.7348E-10 2.8662E-10 3.0014E-10 3.1423E-10 3.2874E-10 3.4377E-10 3.5947E-10 3.7558E-10 3.9217E-10 4.0932E-10 4.2695E-10 4.4522E-10 4.6414E-10 4.8349E-10 5.0341E-10 5.2391E-10 5.4491E-10 5.6649E-10 5.8865E-10 6.1139E-10 6.3462E-10
2.7318E-11 3.0511E-11 3.4367E-11 3.8122E-11 4.2365E-11 4.6317E-11 5.0889E-11 5.5203E-11 5.9766E-11 6.4342E-11 6.8772E-11 7.3250E-11 7.7834E-11 8.2344E-11 8.7052E-11 9.2029E-11 9.7206E-11 1.0267E-10 1.0837E-10 1.1438E-10 1.2063E-10 1.2716E-10 1.3392E-10 1.4123E-10 1.4866E-10 1.5645E-10 1.6469E-10 1.7325E-10 1.8209E-10 1.9143E-10 2.0117E-10 2.1121E-10 2.2192E-10 2.3284E-10 2.4432E-10 2.5616E-10 2.6853E-10 2.8151E-10 2.9487E-10 3.0866E-10 3.2299E-10 3.3777E-10 3.5301E-10 3.6899E-10 3.8531E-10 4.0224E-10 4.1958E-10 4.3747E-10 4.5600E-10 4.7502E-10 4.9468E-10 5.1492E-10 5.3557E-10 5.5679E-10 5.7858E-10 6.0094E-10 6.2378E-10
