Assets/Resources/2015_m01_d22_0500(utc+0800)_l00_csi_1hr_conc.grd
DSAA
         159         159
     -79.000      79.000
     -79.000      79.000
  0.0000E+00  0.9640E-05
[rows 75 to 99 of 159, columns 57 to 113 of 159]
0.0000E+00 0.0000E+00 0.0000E+00 0.0000E+00 0.0000E+00 0.0000E+00 0.0000E+00 0.0000E+00 0.0000E+00 0.0000E+00 0.0000E+00 0.0000E+00 0.0000E+00 0.0000E+00 0.0000E+00 0.0000E+00 0.0000E+00 0.0000E+00 0.0000E+00 0.0000E+00 1.9443E-12 1.8571E-11 6.0549E-11 1.1711E-10 2.3454E-10 6.3583E-10 2.3946E-09 9.7631E-08 1.6257E-07 1.3077E-07 1.0505E-07 9.5328E-08 9.3496E-08 9.4689E-08 9.3796E-08 8.9503E-08 8.4547E-08 7.9889E-08 7.5234E-08 7.0686E-08 6.6258E-08 6.1827E-08 5.7328E-08 5.2757E-08 4.8076E-08 4.3438E-08 3.9043E-08 3.4977E-08 3.1387E-08 2.8283E-08 2.5667E-08 2.3505E-08 2.1728E-08 2.0250E-08 1.9037E-08 1.8066E-08 1.7268E-08
0.0000E+00 0.0000E+00 0.0000E+00 0.0000E+00 0.0000E+00 0.0000E+00 0.0000E+00 0.0000E+00 0.0000E+00 0.0000E+00 0.0000E+00 0.0000E+00 0.0000E+00 0.0000E+00 0.0000E+00 0.0000E+00 0.0000E+00 0.0000E+00 0.0000E+00 0.0000E+00 1.3993E-12 1.4881E-11 5.2384E-11 1.0712E-10 2.6455E-10 1.0231E-09 5.6079E-07 9.8569E-07 5.2247E-07 2.7110E-07 2.0784E-07 1.7002E-07 1.5190E-07 1.3943E-07 1.2514E-07 1.1085E-07 9.9744E-08 9.0852E-08 8.3138E-08 7.6340E-08 7.0258E-08 6.4596E-08 5.9225E-08 5.3932E-08 4.8679E-08 4.3610E-08 3.8852E-08 3.4517E-08 3.0736E-08 2.7501E-08 2.4812E-08 2.2629E-08 2.0859E-08 1.9426E-08 1.8258E-08 1.7335E-08 1.6593E-08
0.0000E+00 0.0000E+00 0.0000E+00 0.0000E+00 0.0000E+00 0.0000E+00 0.0000E+00 0.0000E+00 0.0000E+00 0.0000E+00 0.0000E+00 0.0000E+00 0.0000E+00 0.0000E+00 0.0000E+00 0.0000E+00 0.0000E+00 0.0000E+00 0.0000E+00 0.0000E+00 8.5959E-13 1.1019E-11 4.3196E-11 9.5508E-11 5.2641E-10 3.1564E-06 2.6162E-06 9.2373E-07 5.1908E-07 4.0865E-07 3.1358E-07 2.5134E-07 2.1269E-07 1.7985E-07 1.5048E-07 1.2744E-07 1.1066E-07 9.7914E-08 8.7647E-08 7.9084E-08 7.1698E-08 6.5193E-08 5.9177E-08 5.3416E-08 4.7886E-08 4.2610E-08 3.7686E-08 3.3272E-08 2.9439E-08 2.6204E-08 2.3547E-08 2.1405E-08 1.9709E-08 1.8359E-08 1.7275E-08 1.6422E-08 1.5763E-08
0.0000E+00 0.0000E+00 0.0000E+00 0.0000E+00 0.0000E+00 0.0000E+00 0.0000E+00 0.0000E+00 0.0000E+00 0.0000E+00 0.0000E+00 0.0000E+00 0.0000E+00 0.0000E+00 0.0000E+00 0.0000E+00 0.0000E+00 0.0000E+00 0.0000E+00 0.0000E+00 3.1862E-13 6.8457E-12 3.2050E-11 4.1472E-07 9.6399E-06 8.1885E-07 1.0997E-07 1.8707E-07 3.3235E-07 3.9579E-07 3.5213E-07 2.8876E-07 2.3876E-07 1.9570E-07 1.5986E-07 1.3303E-07 1.1336E-07 9.8423E-08 8.6827E-08 7.7436E-08 6.9588E-08 6.2816E-08 5.6612E-08 5.0811E-08 4.5327E-08 4.0145E-08 3.5397E-08 3.1146E-08 2.7479E-08 2.4413E-08 2.1906E-08 1.9907E-08 1.8351E-08 1.7120E-08 1.6136E-08 1.5397E-08 1.4830E-08
0.0000E+00 0.0000E+00 0.0000E+00 0.0000E+00 0.0000E+00 0.0000E+00 0.0000E+00 0.0000E+00 0.0000E+00 0.0000E+00 0.0000E+00 0.0000E+00 0.0000E+00 0.0000E+00 0.0000E+00 0.0000E+00 0.0000E+00 0.0000E+00 0.0000E+00 0.0000E+00 0.0000E+00 3.5802E-12 2.2331E-11 7.8720E-11 1.9143E-10 5.2165E-10 1.2119E-09 5.1910E-09 3.4006E-08 1.3822E-07 2.1219E-07 2.2470E-07 2.0456E-07 1.7564E-07 1.4782E-07 1.2445E-07 1.0622E-07 9.1824E-08 8.0633E-08 7.1523E-08 6.3999E-08 5.7524E-08 5.1672E-08 4.6277E-08 4.1213E-08 3.6476E-08 3.2159E-08 2.8312E-08 2.5017E-08 2.2261E-08 2.0019E-08 1.8253E-08 1.6875E-08 1.5782E-08 1.4938E-08 1.4316E-08 1.3851E-08
0.0000E+00 0.0000E+00 0.0000E+00 0.0000E+00 0.0000E+00 0.0000E+00 0.0000E+00 0.0000E+00 0.0000E+00 0.0000E+00 0.0000E+00 0.0000E+00 0.0000E+00 0.0000E+00 0.0000E+00 0.0000E+00 0.0000E+00 0.0000E+00 0.0000E+00 0.0000E+00 0.0000E+00 1.0919E-12 1.2694E-11 5.4665E-11 1.5431E-10 4.4118E-10 9.8749E-10 2.1867E-09 5.4086E-09 2.4378E-08 7.9815E-08 1.2223E-07 1.3522E-07 1.3154E-07 1.1849E-07 1.0387E-07 9.0540E-08 7.9354E-08 7.0252E-08 6.2599E-08 5.6111E-08 5.0432E-08 4.5297E-08 4.0593E-08 3.6193E-08 3.2096E-08 2.8371E-08 2.5077E-08 2.2267E-08 1.9908E-08 1.8001E-08 1.6502E-08 1.5321E-08 1.4414E-08 1.3716E-08 1.3211E-08 1.2830E-08
0.0000E+00 0.0000E+00 0.0000E+00 0.0000E+00 0.0000E+00 0.0000E+00 0.0000E+00 0.0000E+00 0.0000E+00 0.0000E+00 0.0000E+00 0.0000E+00 0.0000E+00 0.0000E+00 0.0000E+00 0.0000E+00 0.0000E+00 0.0000E+00 0.0000E+00 0.0000E+00 0.0000E+00 2.9512E-13 6.3855E-12 3.3489E-11 1.2343E-10 3.4766E-10 7.7546E-10 1.5865E-09 3.3449E-09 8.4813E-09 2.6607E-08 5.3600E-08 7.3820E-08 8.2955E-08 8.2406E-08 7.7141E-08 7.0328E-08 6.3590E-08 5.7396E-08 5.1837E-08 4.6872E-08 4.2344E-08 3.8196E-08 3.4356E-08 3.0748E-08 2.7389E-08 2.4333E-08 2.1649E-08 1.9362E-08 1.7448E-08 1.5903E-08 1.4694E-08 1.3749E-08 1.3010E-08 1.2463E-08 1.2072E-08 1.1784E-08
0.0000E+00 0.0000E+00 0.0000E+00 0.0000E+00 0.0000E+00 0.0000E+00 0.0000E+00 0.0000E+00 0.0000E+00 0.0000E+00 0.0000E+00 0.0000E+00 0.0000E+00 0.0000E+00 0.0000E+00 0.0000E+00 0.0000E+00 0.0000E+00 0.0000E+00 0.0000E+00 0.0000E+00 0.0000E+00 2.3500E-12 1.6599E-11 7.4651E-11 2.4859E-10 5.8256E-10 1.1520E-09 2.2491E-09 4.3668E-09 9.0126E-09 2.2513E-08 3.5813E-08 4.5293E-08 5.0215E-08 5.1444E-08 5.0132E-08 4.7386E-08 4.4100E-08 4.0689E-08 3.7320E-08 3.4074E-08 3.1016E-08 2.8076E-08 2.5282E-08 2.2685E-08 2.0311E-08 1.8233E-08 1.6463E-08 1.4990E-08 1.3808E-08 1.2892E-08 1.2171E-08 1.1612E-08 1.1213E-08 1.0926E-08 1.0726E-08
0.0000E+00 0.0000E+00 0.0000E+00 0.0000E+00 0.0000E+00 0.0000E+00 0.0000E+00 0.0000E+00 0.0000E+00 0.0000E+00 0.0000E+00 0.0000E+00 0.0000E+00 0.0000E+00 0.0000E+00 0.0000E+00 0.0000E+00 0.0000E+00 0.0000E+00 0.0000E+00 0.0000E+00 0.0000E+00 4.9836E-13 7.5613E-12 3.6781E-11 1.5203E-10 4.1095E-10 8.1354E-10 1.5010E-09 2.7306E-09 5.0379E-09 1.0376E-08 1.6987E-08 2.3012E-08 2.7977E-08 3.1508E-08 3.3091E-08 3.3047E-08 3.1974E-08 3.0324E-08 2.8410E-08 2.6348E-08 2.4254E-08 2.2183E-08 2.0166E-08 1.8253E-08 1.6514E-08 1.5005E-08 1.3705E-08 1.2640E-08 1.1798E-08 1.1151E-08 1.0641E-08 1.0266E-08 9.9888E-09 9.8143E-09 9.6809E-09
0.0000E+00 0.0000E+00 0.0000E+00 0.0000E+00 0.0000E+00 0.0000E+00 0.0000E+00 0.0000E+00 0.0000E+00 0.0000E+00 0.0000E+00 0.0000E+00 0.0000E+00 0.0000E+00 0.0000E+00 0.0000E+00 0.0000E+00 0.0000E+00 0.0000E+00 0.0000E+00 0.0000E+00 0.0000E+00 0.0000E+00 2.3167E-12 1.5387E-11 7.3561E-11 2.5348E-10 5.5701E-10 1.0122E-09 1.7643E-09 2.9765E-09 4.6540E-09 7.8458E-09 1.1566E-08 1.5187E-08 1.8245E-08 2.0513E-08 2.1706E-08 2.1994E-08 2.1584E-08 2.0722E-08 1.9611E-08 1.8329E-08 1.6977E-08 1.5626E-08 1.4319E-08 1.3131E-08 1.2083E-08 1.1197E-08 1.0484E-08 9.9365E-09 9.5173E-09 9.2002E-09 8.9651E-09 8.8163E-09 8.7315E-09 8.6705E-09
0.0000E+00 0.0000E+00 0.0000E+00 0.0000E+00 0.0000E+00 0.0000E+00 0.0000E+00 0.0000E+00 0.0000E+00 0.0000E+00 0.0000E+00 0.0000E+00 0.0000E+00 0.0000E+00 0.0000E+00 0.0000E+00 0.0000E+00 0.0000E+00 0.0000E+00 0.0000E+00 0.0000E+00 0.0000E+00 0.0000E+00 3.5406E-13 5.7167E-12 2.9951E-11 1.2677E-10 3.4551E-10 6.6335E-10 1.1292E-09 1.8478E-09 2.8810E-09 4.3938E-09 6.0126E-09 8.0438E-09 1.0362E-08 1.2194E-08 1.3637E-08 1.4289E-08 1.4617E-08 1.4514E-08 1.4081E-08 1.3413E-08 1.2638E-08 1.1799E-08 1.0975E-08 1.0227E-08 9.5562E-09 9.0059E-09 8.5742E-09 8.2603E-09 8.0321E-09 7.8643E-09 7.7583E-09 7.7232E-09 7.6981E-09 7.7037E-09
0.0000E+00 0.0000E+00 0.0000E+00 0.0000E+00 0.0000E+00 0.0000E+00 0.0000E+00 0.0000E+00 0.0000E+00 0.0000E+00 0.0000E+00 0.0000E+00 0.0000E+00 0.0000E+00 0.0000E+00 0.0000E+00 0.0000E+00 0.0000E+00 0.0000E+00 0.0000E+00 0.0000E+00 0.0000E+00 0.0000E+00 0.0000E+00 1.0973E-12 1.0548E-11 4.8924E-11 1.7826E-10 4.0698E-10 7.1022E-10 1.1406E-09 1.7524E-09 2.5443E-09 3.5020E-09 4.5505E-09 5.5292E-09 6.8209E-09 8.2149E-09 9.1238E-09 9.6585E-09 9.7512E-09 9.7479E-09 9.5331E-09 9.1694E-09 8.7104E-09 8.2624E-09 7.8246E-09 7.4483E-09 7.1460E-09 6.9368E-09 6.7913E-09 6.7063E-09 6.6500E-09 6.6777E-09 6.7091E-09 6.7352E-09 6.8153E-09
0.0000E+00 0.0000E+00 0.0000E+00 0.0000E+00 0.0000E+00 0.0000E+00 0.0000E+00 0.0000E+00 0.0000E+00 0.0000E+00 0.0000E+00 0.0000E+00 0.0000E+00 0.0000E+00 0.0000E+00 0.0000E+00 0.0000E+00 0.0000E+00 0.0000E+00 0.0000E+00 0.0000E+00 0.0000E+00 0.0000E+00 0.0000E+00 0.0000E+00 2.8318E-12 1.4745E-11 6.8006E-11 2.0773E-10 4.2714E-10 6.9856E-10 1.0568E-09 1.5103E-09 2.0655E-09 2.7092E-09 3.4091E-09 3.9685E-09 4.6296E-09 5.5617E-09 5.9816E-09 6.3660E-09 6.5873E-09 6.6231E-09 6.4788E-09 6.3137E-09 6.1181E-09 5.9120E-09 5.7413E-09 5.6297E-09 5.5563E-09 5.5353E-09 5.5277E-09 5.6052E-09 5.6916E-09 5.7615E-09 5.8695E-09 5.9816E-09
0.0000E+00 0.0000E+00 0.0000E+00 0.0000E+00 0.0000E+00 0.0000E+00 0.0000E+00 0.0000E+00 0.0000E+00 0.0000E+00 0.0000E+00 0.0000E+00 0.0000E+00 0.0000E+00 0.0000E+00 0.0000E+00 0.0000E+00 0.0000E+00 0.0000E+00 0.0000E+00 0.0000E+00 0.0000E+00 0.0000E+00 0.0000E+00 0.0000E+00 2.9502E-13 4.4160E-12 1.9589E-11 7.8165E-11 2.1109E-10 4.0515E-10 6.3383E-10 9.1229E-10 1.2507E-09 1.5878E-09 2.0187E-09 2.4616E-09 2.8664E-09 3.1424E-09 3.7566E-09 4.0908E-09 4.2511E-09 4.4385E-09 4.5259E-09 4.4827E-09 4.4623E-09 4.4316E-09 4.4112E-09 4.4017E-09 4.4265E-09 4.4466E-09 4.5643E-09 4.6874E-09 4.7912E-09 4.9388E-09 5.0721E-09 5.1751E-09
0.0000E+00 0.0000E+00 0.0000E+00 0.0000E+00 0.0000E+00 0.0000E+00 0.0000E+00 0.0000E+00 0.0000E+00 0.0000E+00 0.0000E+00 0.0000E+00 0.0000E+00 0.0000E+00 0.0000E+00 0.0000E+00 0.0000E+00 0.0000E+00 0.0000E+00 0.0000E+00 0.0000E+00 0.0000E+00 0.0000E+00 0.0000E+00 0.0000E+00 0.0000E+00 6.1056E-13 5.5283E-12 2.2016E-11 7.6226E-11 1.8953E-10 3.4910E-10 5.3838E-10 7.3877E-10 9.6634E-10 1.2335E-09 1.4855E-09 1.7640E-09 2.0122E-09 2.1573E-09 2.5611E-09 2.7912E-09 2.9748E-09 3.0464E-09 3.1488E-09 3.2324E-09 3.2580E-09 3.3528E-09 3.4162E-09 3.4797E-09 3.6130E-09 3.7497E-09 3.8630E-09 4.0240E-09 4.1997E-09 4.3327E-09 4.4827E-09
0.0000E+00 0.0000E+00 0.0000E+00 0.0000E+00 0.0000E+00 0.0000E+00 0.0000E+00 0.0000E+00 0.0000E+00 0.0000E+00 0.0000E+00 0.0000E+00 0.0000E+00 0.0000E+00 0.0000E+00 0.0000E+00 0.0000E+00 0.0000E+00 0.0000E+00 0.0000E+00 0.0000E+00 0.0000E+00 0.0000E+00 0.0000E+00 0.0000E+00 0.0000E+00 0.0000E+00 7.9959E-13 5.9242E-12 2.0160E-11 6.3470E-11 1.5208E-10 2.7868E-10 4.2868E-10 5.8098E-10 7.1922E-10 9.0561E-10 1.1094E-09 1.2531E-09 1.4145E-09 1.5657E-09 1.8007E-09 1.9642E-09 2.1137E-09 2.1953E-09 2.3056E-09 2.3866E-09 2.4692E-09 2.5771E-09 2.7374E-09 2.8917E-09 3.0201E-09 3.2032E-09 3.3863E-09 3.5228E-09 3.6899E-09 3.8555E-09
0.0000E+00 0.0000E+00 0.0000E+00 0.0000E+00 0.0000E+00 0.0000E+00 0.0000E+00 0.0000E+00 0.0000E+00 0.0000E+00 0.0000E+00 0.0000E+00 0.0000E+00 0.0000E+00 0.0000E+00 0.0000E+00 0.0000E+00 0.0000E+00 0.0000E+00 0.0000E+00 0.0000E+00 0.0000E+00 0.0000E+00 0.0000E+00 0.0000E+00 0.0000E+00 0.0000E+00 0.0000E+00 8.2970E-13 5.4932E-12 1.6275E-11 4.5921E-11 1.1109E-10 2.0090E-10 3.0866E-10 4.2119E-10 5.4255E-10 6.5555E-10 8.0202E-10 9.3382E-10 1.0501E-09 1.1638E-09 1.2800E-09 1.4776E-09 1.5523E-09 1.6453E-09 1.7443E-09 1.8828E-09 1.9856E-09 2.0960E-09 2.2565E-09 2.4518E-09 2.6262E-09 2.7728E-09 2.9692E-09 3.1313E-09 3.2960E-09
0.0000E+00 0.0000E+00 0.0000E+00 0.0000E+00 0.0000E+00 0.0000E+00 0.0000E+00 0.0000E+00 0.0000E+00 0.0000E+00 0.0000E+00 0.0000E+00 0.0000E+00 0.0000E+00 0.0000E+00 0.0000E+00 0.0000E+00 0.0000E+00 0.0000E+00 0.0000E+00 0.0000E+00 0.0000E+00 0.0000E+00 0.0000E+00 0.0000E+00 0.0000E+00 0.0000E+00 0.0000E+00 0.0000E+00 6.8626E-13 4.3380E-12 1.2938E-11 3.0792E-11 7.0879E-11 1.3834E-10 2.1143E-10 2.9266E-10 3.8308E-10 4.7895E-10 5.7020E-10 6.7735E-10 7.6317E-10 8.5370E-10 9.5987E-10 1.1043E-09 1.2313E-09 1.3282E-09 1.4277E-09 1.5468E-09 1.6954E-09 1.8153E-09 1.9398E-09 2.1031E-09 2.2927E-09 2.4735E-09 2.6253E-09 2.7927E-09
0.0000E+00 0.0000E+00 0.0000E+00 0.0000E+00 0.0000E+00 0.0000E+00 0.0000E+00 0.0000E+00 0.0000E+00 0.0000E+00 0.0000E+00 0.0000E+00 0.0000E+00 0.0000E+00 0.0000E+00 0.0000E+00 0.0000E+00 0.0000E+00 0.0000E+00 0.0000E+00 0.0000E+00 0.0000E+00 0.0000E+00 0.0000E+00 0.0000E+00 0.0000E+00 0.0000E+00 0.0000E+00 0.0000E+00 0.0000E+00 3.7564E-13 2.5734E-12 8.9867E-12 2.1783E-11 4.6884E-11 8.8326E-11 1.4258E-10 2.0046E-10 2.6948E-10 3.3950E-10 4.3398E-10 5.3005E-10 6.1397E-10 6.8772E-10 7.7423E-10 8.8348E-10 1.0022E-09 1.1265E-09 1.2260E-09 1.3335E-09 1.4618E-09 1.6067E-09 1.7387E-09 1.8849E-09 2.0178E-09 2.2007E-09 2.3332E-09
0.0000E+00 0.0000E+00 0.0000E+00 0.0000E+00 0.0000E+00 0.0000E+00 0.0000E+00 0.0000E+00 0.0000E+00 0.0000E+00 0.0000E+00 0.0000E+00 0.0000E+00 0.0000E+00 0.0000E+00 0.0000E+00 0.0000E+00 0.0000E+00 0.0000E+00 0.0000E+00 0.0000E+00 0.0000E+00 0.0000E+00 0.0000E+00 0.0000E+00 0.0000E+00 0.0000E+00 0.0000E+00 0.0000E+00 0.0000E+00 0.0000E+00 0.0000E+00 1.4034E-12 5.7978E-12 1.4887E-11 3.6236E-11 6.3114E-11 9.7535E-11 1.4735E-10 2.0562E-10 2.5999E-10 3.3195E-10 4.2769E-10 5.1039E-10 5.9150E-10 6.7039E-10 7.5527E-10 8.6292E-10 9.6744E-10 1.0873E-09 1.2000E-09 1.3265E-09 1.4422E-09 1.5714E-09 1.7018E-09 1.8305E-09 1.9451E-09
0.0000E+00 0.0000E+00 0.0000E+00 0.0000E+00 0.0000E+00 0.0000E+00 0.0000E+00 0.0000E+00 0.0000E+00 0.0000E+00 0.0000E+00 0.0000E+00 0.0000E+00 0.0000E+00 0.0000E+00 0.0000E+00 0.0000E+00 0.0000E+00 0.0000E+00 0.0000E+00 0.0000E+00 0.0000E+00 0.0000E+00 0.0000E+00 0.0000E+00 0.0000E+00 0.0000E+00 0.0000E+00 0.0000E+00 0.0000E+00 0.0000E+00 0.0000E+00 0.0000E+00 5.5221E-13 2.6406E-12 1.1422E-11 2.8728E-11 5.2607E-11 8.0823E-11 1.2197E-10 1.6312E-10 2.0253E-10 2.6310E-10 3.5749E-10 4.3598E-10 5.1070E-10 6.0010E-10 6.8501E-10 7.8231E-10 8.8440E-10 9.8092E-10 1.0903E-09 1.2012E-09 1.3134E-09 1.4169E-09 1.5307E-09 1.6431E-09
0.0000E+00 0.0000E+00 0.0000E+00 0.0000E+00 0.0000E+00 0.0000E+00 0.0000E+00 0.0000E+00 0.0000E+00 0.0000E+00 0.0000E+00 0.0000E+00 0.0000E+00 0.0000E+00 0.0000E+00 0.0000E+00 0.0000E+00 0.0000E+00 0.0000E+00 0.0000E+00 0.0000E+00 0.0000E+00 0.0000E+00 0.0000E+00 0.0000E+00 0.0000E+00 0.0000E+00 0.0000E+00 0.0000E+00 0.0000E+00 0.0000E+00 0.0000E+00 0.0000E+00 0.0000E+00 0.0000E+00 1.3704E-12 7.7366E-12 2.2925E-11 4.4462E-11 7.4538E-11 1.1381E-10 1.4681E-10 1.7808E-10 2.3141E-10 3.0135E-10 4.0307E-10 4.7460E-10 5.4812E-10 6.3068E-10 7.1650E-10 8.0665E-10 8.9968E-10 9.8641E-10 1.0837E-09 1.1829E-09 1.2816E-09 1.3798E-09
0.0000E+00 0.0000E+00 0.0000E+00 0.0000E+00 0.0000E+00 0.0000E+00 0.0000E+00 0.0000E+00 0.0000E+00 0.0000E+00 0.0000E+00 0.0000E+00 0.0000E+00 0.0000E+00 0.0000E+00 0.0000E+00 0.0000E+00 0.0000E+00 0.0000E+00 0.0000E+00 0.0000E+00 0.0000E+00 0.0000E+00 0.0000E+00 0.0000E+00 0.0000E+00 0.0000E+00 0.0000E+00 0.0000E+00 0.0000E+00 0.0000E+00 0.0000E+00 0.0000E+00 0.0000E+00 0.0000E+00 0.0000E+00 5.5114E-13 5.3907E-12 1.8450E-11 3.9700E-11 7.1450E-11 1.0619E-10 1.4085E-10 1.7010E-10 2.0356E-10 2.8558E-10 3.7161E-10 4.3453E-10 5.0519E-10 5.7214E-10 6.4780E-10 7.3226E-10 8.1332E-10 8.9669E-10 9.8179E-10 1.0647E-09 1.1488E-09
0.0000E+00 0.0000E+00 0.0000E+00 0.0000E+00 0.0000E+00 0.0000E+00 0.0000E+00 0.0000E+00 0.0000E+00 0.0000E+00 0.0000E+00 0.0000E+00 0.0000E+00 0.0000E+00 0.0000E+00 0.0000E+00 0.0000E+00 0.0000E+00 0.0000E+00 0.0000E+00 0.0000E+00 0.0000E+00 0.0000E+00 0.0000E+00 0.0000E+00 0.0000E+00 0.0000E+00 0.0000E+00 0.0000E+00 0.0000E+00 0.0000E+00 0.0000E+00 0.0000E+00 0.0000E+00 0.0000E+00 0.0000E+00 0.0000E+00 3.8946E-13 4.8279E-12 1.7247E-11 4.0721E-11 7.5449E-11 1.0697E-10 1.3245E-10 1.5852E-10 1.8657E-10 2.4572E-10 3.1772E-10 3.9564E-10 4.5762E-10 5.2317E-10 5.9493E-10 6.6347E-10 7.3448E-10 8.0725E-10 8.8073E-10 9.5445E-10
0.0000E+00 0.0000E+00 0.0000E+00 0.0000E+00 0.0000E+00 0.0000E+00 0.0000E+00 0.0000E+00 0.0000E+00 0.0000E+00 0.0000E+00 0.0000E+00 0.0000E+00 0.0000E+00 0.0000E+00 0.0000E+00 0.0000E+00 0.0000E+00 0.0000E+00 0.0000E+00 0.0000E+00 0.0000E+00 0.0000E+00 0.0000E+00 0.0000E+00 0.0000E+00 0.0000E+00 0.0000E+00 0.0000E+00 0.0000E+00 0.0000E+00 0.0000E+00 0.0000E+00 0.0000E+00 0.0000E+00 0.0000E+00 0.0000E+00 0.0000E+00 1.3876E-13 3.5996E-12 1.4778E-11 4.0347E-11 7.6222E-11 1.0687E-10 1.3004E-10 1.5450E-10 1.8070E-10 2.1106E-10 2.9083E-10 3.6303E-10 4.1665E-10 4.7942E-10 5.3806E-10 5.9793E-10 6.5968E-10 7.2236E-10 7.8559E-10
