Assets/Resources/2015_m01_d20_0600(utc+0800)_l00_csi_1hr_conc.grd
DSAA
         159         159
     -79.000      79.000
     -79.000      79.000
  0.0000E+00  0.2262E-04
[rows 50 to 74 of 159, columns 0 to 56 of 159]
3.8473E-10 4.1218E-10 4.4113E-10 4.7184E-10 5.0402E-10 5.3760E-10 5.7389E-10 6.1121E-10 6.5059E-10 6.9245E-10 7.3598E-10 7.8154E-10 8.2949E-10 8.7989E-10 9.3179E-10 9.8667E-10 1.0437E-09 1.1030E-09 1.1647E-09 1.2288E-09 1.2955E-09 1.3646E-09 1.4359E-09 1.5106E-09 1.5871E-09 1.6665E-09 1.7488E-09 1.8340E-09 1.9211E-09 2.0116E-09 2.1032E-09 2.1974E-09 2.2921E-09 2.3882E-09 2.4851E-09 2.5826E-09 2.6800E-09 2.7781E-09 2.8764E-09 2.9748E-09 3.0730E-09 3.1710E-09 3.2686E-09 3.3645E-09 3.4605E-09 3.5546E-09 3.6477E-09 3.7406E-09 3.8312E-09 3.9223E-09 4.0127E-09 4.1018E-09 4.1899E-09 4.2752E-09 4.3614E-09 4.4438E-09 4.5249E-09
3.7576E-10 4.0288E-10 4.3108E-10 4.6129E-10 4.9266E-10 5.2568E-10 5.6117E-10 5.9766E-10 6.3694E-10 6.7727E-10 7.2006E-10 7.6472E-10 8.1160E-10 8.6109E-10 9.1206E-10 9.6570E-10 1.0217E-09 1.0800E-09 1.1410E-09 1.2036E-09 1.2690E-09 1.3369E-09 1.4073E-09 1.4802E-09 1.5558E-09 1.6335E-09 1.7149E-09 1.7982E-09 1.8846E-09 1.9733E-09 2.0642E-09 2.1569E-09 2.2511E-09 2.3458E-09 2.4424E-09 2.5387E-09 2.6354E-09 2.7335E-09 2.8307E-09 2.9292E-09 3.0266E-09 3.1244E-09 3.2217E-09 3.3176E-09 3.4136E-09 3.5077E-09 3.6020E-09 3.6942E-09 3.7852E-09 3.8782E-09 3.9676E-09 4.0574E-09 4.1462E-09 4.2338E-09 4.3199E-09 4.4027E-09 4.4848E-09
3.6692E-10 3.9330E-10 4.2102E-10 4.5037E-10 4.8128E-10 5.1400E-10 5.4826E-10 5.8396E-10 6.2236E-10 6.6197E-10 7.0368E-10 7.4782E-10 7.9389E-10 8.4191E-10 8.9183E-10 9.4487E-10 9.9969E-10 1.0568E-09 1.1164E-09 1.1778E-09 1.2423E-09 1.3085E-09 1.3776E-09 1.4493E-09 1.5234E-09 1.5997E-09 1.6797E-09 1.7616E-09 1.8471E-09 1.9341E-09 2.0238E-09 2.1154E-09 2.2085E-09 2.3023E-09 2.3980E-09 2.4935E-09 2.5904E-09 2.6868E-09 2.7834E-09 2.8815E-09 2.9793E-09 3.0759E-09 3.1731E-09 3.2697E-09 3.3647E-09 3.4589E-09 3.5533E-09 3.6456E-09 3.7378E-09 3.8304E-09 3.9202E-09 4.0120E-09 4.1000E-09 4.1884E-09 4.2753E-09 4.3589E-09 4.4425E-09
3.5780E-10 3.8376E-10 4.1071E-10 4.3954E-10 4.6961E-10 5.0175E-10 5.3510E-10 5.7014E-10 6.0772E-10 6.4625E-10 6.8726E-10 7.3047E-10 7.7536E-10 8.2256E-10 8.7143E-10 9.2312E-10 9.7707E-10 1.0330E-09 1.0913E-09 1.1515E-09 1.2148E-09 1.2801E-09 1.3475E-09 1.4181E-09 1.4905E-09 1.5658E-09 1.6439E-09 1.7248E-09 1.8084E-09 1.8945E-09 1.9824E-09 2.0733E-09 2.1649E-09 2.2581E-09 2.3524E-09 2.4469E-09 2.5431E-09 2.6388E-09 2.7352E-09 2.8322E-09 2.9295E-09 3.0258E-09 3.1226E-09 3.2191E-09 3.3139E-09 3.4091E-09 3.5025E-09 3.5949E-09 3.6890E-09 3.7802E-09 3.8704E-09 3.9628E-09 4.0529E-09 4.1410E-09 4.2281E-09 4.3125E-09 4.3976E-09
3.4904E-10 3.7395E-10 4.0036E-10 4.2845E-10 4.5796E-10 4.8915E-10 5.2194E-10 5.5603E-10 5.9291E-10 6.3056E-10 6.7079E-10 7.1290E-10 7.5680E-10 8.0283E-10 8.5109E-10 9.0170E-10 9.5394E-10 1.0089E-09 1.0659E-09 1.1253E-09 1.1868E-09 1.2508E-09 1.3168E-09 1.3861E-09 1.4570E-09 1.5312E-09 1.6074E-09 1.6868E-09 1.7689E-09 1.8537E-09 1.9407E-09 2.0299E-09 2.1203E-09 2.2129E-09 2.3056E-09 2.3997E-09 2.4945E-09 2.5899E-09 2.6851E-09 2.7823E-09 2.8783E-09 2.9740E-09 3.0715E-09 3.1667E-09 3.2613E-09 3.3563E-09 3.4497E-09 3.5432E-09 3.6364E-09 3.7279E-09 3.8185E-09 3.9113E-09 4.0019E-09 4.0906E-09 4.1783E-09 4.2646E-09 4.3494E-09
3.3974E-10 3.6416E-10 3.8985E-10 4.1741E-10 4.4599E-10 4.7665E-10 5.0852E-10 5.4250E-10 5.7774E-10 6.1471E-10 6.5435E-10 6.9494E-10 7.3803E-10 7.8302E-10 8.2999E-10 8.7960E-10 9.3074E-10 9.8431E-10 1.0401E-09 1.0983E-09 1.1589E-09 1.2212E-09 1.2862E-09 1.3536E-09 1.4230E-09 1.4957E-09 1.5708E-09 1.6482E-09 1.7293E-09 1.8121E-09 1.8978E-09 1.9856E-09 2.0748E-09 2.1662E-09 2.2579E-09 2.3510E-09 2.4448E-09 2.5393E-09 2.6346E-09 2.7303E-09 2.8256E-09 2.9216E-09 3.0178E-09 3.1126E-09 3.2079E-09 3.3018E-09 3.3951E-09 3.4886E-09 3.5819E-09 3.6735E-09 3.7658E-09 3.8575E-09 3.9486E-09 4.0378E-09 4.1261E-09 4.2131E-09 4.2986E-09
3.3004E-10 3.5429E-10 3.7943E-10 4.0616E-10 4.3417E-10 4.6393E-10 4.9515E-10 5.2809E-10 5.6268E-10 5.9859E-10 6.3723E-10 6.7704E-10 7.1897E-10 7.6282E-10 8.0889E-10 8.5730E-10 9.0705E-10 9.5998E-10 1.0146E-09 1.0709E-09 1.1303E-09 1.1912E-09 1.2551E-09 1.3207E-09 1.3890E-09 1.4598E-09 1.5333E-09 1.6092E-09 1.6887E-09 1.7699E-09 1.8546E-09 1.9406E-09 2.0289E-09 2.1187E-09 2.2097E-09 2.3012E-09 2.3946E-09 2.4876E-09 2.5820E-09 2.6769E-09 2.7715E-09 2.8679E-09 2.9626E-09 3.0570E-09 3.1519E-09 3.2456E-09 3.3387E-09 3.4320E-09 3.5254E-09 3.6171E-09 3.7096E-09 3.8032E-09 3.8930E-09 3.9826E-09 4.0715E-09 4.1590E-09 4.2452E-09
3.2057E-10 3.4441E-10 3.6879E-10 3.9493E-10 4.2214E-10 4.5128E-10 4.8149E-10 5.1381E-10 5.4738E-10 5.8252E-10 6.2021E-10 6.5888E-10 6.9992E-10 7.4269E-10 7.8788E-10 8.3489E-10 8.8344E-10 9.3493E-10 9.8841E-10 1.0438E-09 1.1015E-09 1.1609E-09 1.2234E-09 1.2875E-09 1.3543E-09 1.4235E-09 1.4954E-09 1.5701E-09 1.6476E-09 1.7272E-09 1.8104E-09 1.8950E-09 1.9819E-09 2.0704E-09 2.1602E-09 2.2506E-09 2.3428E-09 2.4349E-09 2.5283E-09 2.6224E-09 2.7170E-09 2.8119E-09 2.9060E-09 2.9999E-09 3.0944E-09 3.1877E-09 3.2815E-09 3.3738E-09 3.4670E-09 3.5588E-09 3.6514E-09 3.7452E-09 3.8353E-09 3.9252E-09 4.0150E-09 4.1026E-09 4.1894E-09
3.1116E-10 3.3428E-10 3.5823E-10 3.8360E-10 4.1022E-10 4.3838E-10 4.6800E-10 4.9934E-10 5.3217E-10 5.6618E-10 6.0297E-10 6.4079E-10 6.8057E-10 7.2274E-10 7.6652E-10 8.1216E-10 8.5962E-10 9.0993E-10 9.6191E-10 1.0160E-09 1.0724E-09 1.1305E-09 1.1915E-09 1.2544E-09 1.3192E-09 1.3874E-09 1.4572E-09 1.5302E-09 1.6060E-09 1.6841E-09 1.7657E-09 1.8492E-09 1.9343E-09 2.0220E-09 2.1100E-09 2.1991E-09 2.2902E-09 2.3812E-09 2.4741E-09 2.5667E-09 2.6606E-09 2.7547E-09 2.8481E-09 2.9423E-09 3.0354E-09 3.1283E-09 3.2218E-09 3.3138E-09 3.4069E-09 3.5001E-09 3.5912E-09 3.6851E-09 3.7754E-09 3.8656E-09 3.9558E-09 4.0438E-09 4.1311E-09
3.0167E-10 3.2427E-10 3.4756E-10 3.7240E-10 3.9807E-10 4.2568E-10 4.5435E-10 4.8498E-10 5.1672E-10 5.5001E-10 5.8584E-10 6.2243E-10 6.6137E-10 7.0238E-10 7.4488E-10 7.8954E-10 8.3571E-10 8.8455E-10 9.3548E-10 9.8826E-10 1.0431E-09 1.0998E-09 1.1593E-09 1.2207E-09 1.2840E-09 1.3505E-09 1.4187E-09 1.4900E-09 1.5641E-09 1.6410E-09 1.7205E-09 1.8026E-09 1.8861E-09 1.9724E-09 2.0591E-09 2.1475E-09 2.2369E-09 2.3266E-09 2.4185E-09 2.5101E-09 2.6030E-09 2.6964E-09 2.7890E-09 2.8826E-09 2.9751E-09 3.0675E-09 3.1605E-09 3.2522E-09 3.3451E-09 3.4382E-09 3.5292E-09 3.6232E-09 3.7135E-09 3.8054E-09 3.8944E-09 3.9827E-09 4.0709E-09
2.9219E-10 3.1405E-10 3.3708E-10 3.6097E-10 3.8615E-10 4.1284E-10 4.4084E-10 4.7041E-10 5.0147E-10 5.3369E-10 5.6855E-10 6.0427E-10 6.4201E-10 6.8199E-10 7.2341E-10 7.6675E-10 8.1174E-10 8.5974E-10 9.0879E-10 9.6026E-10 1.0138E-09 1.0694E-09 1.1271E-09 1.1869E-09 1.2486E-09 1.3135E-09 1.3799E-09 1.4500E-09 1.5220E-09 1.5972E-09 1.6751E-09 1.7555E-09 1.8375E-09 1.9224E-09 2.0077E-09 2.0952E-09 2.1828E-09 2.2714E-09 2.3621E-09 2.4535E-09 2.5446E-09 2.6370E-09 2.7288E-09 2.8216E-09 2.9135E-09 3.0053E-09 3.0979E-09 3.1892E-09 3.2817E-09 3.3746E-09 3.4654E-09 3.5593E-09 3.6497E-09 3.7417E-09 3.8308E-09 3.9194E-09 4.0080E-09
2.8263E-10 3.0380E-10 3.2614E-10 3.4982E-10 3.7412E-10 4.0017E-10 4.2715E-10 4.5581E-10 4.8610E-10 5.1747E-10 5.5135E-10 5.8598E-10 6.2280E-10 6.6153E-10 7.0181E-10 7.4408E-10 7.8770E-10 8.3441E-10 8.8226E-10 9.3228E-10 9.8438E-10 1.0386E-09 1.0948E-09 1.1531E-09 1.2136E-09 1.2764E-09 1.3411E-09 1.4094E-09 1.4797E-09 1.5532E-09 1.6299E-09 1.7081E-09 1.7891E-09 1.8719E-09 1.9558E-09 2.0419E-09 2.1282E-09 2.2160E-09 2.3050E-09 2.3953E-09 2.4853E-09 2.5767E-09 2.6676E-09 2.7596E-09 2.8507E-09 2.9419E-09 3.0340E-09 3.1247E-09 3.2169E-09 3.3094E-09 3.4000E-09 3.4938E-09 3.5841E-09 3.6761E-09 3.7653E-09 3.8540E-09 3.9428E-09
2.7323E-10 2.9367E-10 3.1564E-10 3.3827E-10 3.6217E-10 3.8707E-10 4.1364E-10 4.4138E-10 4.7086E-10 5.0122E-10 5.3412E-10 5.6787E-10 6.0343E-10 6.4119E-10 6.8038E-10 7.2125E-10 7.6376E-10 8.0925E-10 8.5549E-10 9.0426E-10 9.5505E-10 1.0077E-09 1.0624E-09 1.1192E-09 1.1781E-09 1.2392E-09 1.3022E-09 1.3688E-09 1.4378E-09 1.5090E-09 1.5840E-09 1.6605E-09 1.7399E-09 1.8212E-09 1.9035E-09 1.9882E-09 2.0731E-09 2.1595E-09 2.2473E-09 2.3364E-09 2.4252E-09 2.5156E-09 2.6056E-09 2.6967E-09 2.7869E-09 2.8774E-09 2.9688E-09 3.0590E-09 3.1507E-09 3.2428E-09 3.3331E-09 3.4266E-09 3.5167E-09 3.6071E-09 3.6978E-09 3.7866E-09 3.8756E-09
2.6353E-10 2.8380E-10 3.0490E-10 3.2702E-10 3.5025E-10 3.7445E-10 4.0021E-10 4.2703E-10 4.5561E-10 4.8504E-10 5.1711E-10 5.4963E-10 5.8433E-10 6.2091E-10 6.5881E-10 6.9869E-10 7.3989E-10 7.8394E-10 8.2905E-10 8.7636E-10 9.2559E-10 9.7693E-10 1.0305E-09 1.0853E-09 1.1426E-09 1.2021E-09 1.2633E-09 1.3282E-09 1.3953E-09 1.4648E-09 1.5380E-09 1.6128E-09 1.6905E-09 1.7702E-09 1.8510E-09 1.9341E-09 2.0176E-09 2.1026E-09 2.1891E-09 2.2769E-09 2.3645E-09 2.4538E-09 2.5427E-09 2.6328E-09 2.7222E-09 2.8119E-09 2.9026E-09 2.9921E-09 3.0832E-09 3.1748E-09 3.2647E-09 3.3579E-09 3.4478E-09 3.5380E-09 3.6286E-09 3.7173E-09 3.8063E-09
2.5428E-10 2.7370E-10 2.9407E-10 3.1580E-10 3.3819E-10 3.6191E-10 3.8680E-10 4.1254E-10 4.4046E-10 4.6910E-10 4.9971E-10 5.3170E-10 5.6520E-10 6.0026E-10 6.3756E-10 6.7610E-10 7.1605E-10 7.5895E-10 8.0257E-10 8.4844E-10 8.9642E-10 9.4615E-10 9.9820E-10 1.0515E-09 1.1072E-09 1.1650E-09 1.2245E-09 1.2876E-09 1.3530E-09 1.4206E-09 1.4920E-09 1.5651E-09 1.6411E-09 1.7191E-09 1.7983E-09 1.8799E-09 1.9619E-09 2.0454E-09 2.1305E-09 2.2169E-09 2.3033E-09 2.3914E-09 2.4792E-09 2.5683E-09 2.6567E-09 2.7455E-09 2.8353E-09 2.9242E-09 3.0146E-09 3.1041E-09 3.1950E-09 3.2878E-09 3.3773E-09 3.4672E-09 3.5576E-09 3.6462E-09 3.7351E-09
2.4523E-10 2.6362E-10 2.8352E-10 3.0425E-10 3.2654E-10 3.4902E-10 3.7330E-10 3.9840E-10 4.2530E-10 4.5308E-10 4.8258E-10 5.1377E-10 5.4628E-10 5.8030E-10 6.1631E-10 6.5372E-10 6.9243E-10 7.3396E-10 7.7631E-10 8.2079E-10 8.6720E-10 9.1551E-10 9.6616E-10 1.0179E-09 1.0720E-09 1.1281E-09 1.1859E-09 1.2471E-09 1.3107E-09 1.3765E-09 1.4461E-09 1.5173E-09 1.5916E-09 1.6679E-09 1.7455E-09 1.8255E-09 1.9059E-09 1.9880E-09 2.0716E-09 2.1566E-09 2.2417E-09 2.3285E-09 2.4151E-09 2.5031E-09 2.5905E-09 2.6783E-09 2.7673E-09 2.8553E-09 2.9450E-09 3.0338E-09 3.1241E-09 3.2163E-09 3.3054E-09 3.3950E-09 3.4850E-09 3.5734E-09 3.6622E-09
2.3589E-10 2.5372E-10 2.7307E-10 2.9331E-10 3.1459E-10 3.3680E-10 3.6013E-10 3.8446E-10 4.1034E-10 4.3741E-10 4.6580E-10 4.9605E-10 5.2744E-10 5.6037E-10 5.9537E-10 6.3145E-10 6.6892E-10 7.0893E-10 7.5018E-10 7.9327E-10 8.3838E-10 8.8513E-10 9.3419E-10 9.8447E-10 1.0369E-09 1.0913E-09 1.1474E-09 1.2068E-09 1.2686E-09 1.3326E-09 1.4003E-09 1.4697E-09 1.5422E-09 1.6168E-09 1.6927E-09 1.7711E-09 1.8499E-09 1.9304E-09 2.0125E-09 2.0961E-09 2.1798E-09 2.2652E-09 2.3506E-09 2.4374E-09 2.5237E-09 2.6104E-09 2.6984E-09 2.7856E-09 2.8745E-09 2.9625E-09 3.0522E-09 3.1437E-09 3.2323E-09 3.3213E-09 3.4104E-09 3.4990E-09 3.5875E-09
2.2687E-10 2.4428E-10 2.6268E-10 2.8209E-10 3.0278E-10 3.2454E-10 3.4686E-10 3.7061E-10 3.9539E-10 4.2177E-10 4.4921E-10 4.7845E-10 5.0879E-10 5.4077E-10 5.7442E-10 6.0938E-10 6.4576E-10 6.8428E-10 7.2426E-10 7.6611E-10 8.0953E-10 8.5487E-10 9.0258E-10 9.5117E-10 1.0021E-09 1.0548E-09 1.1092E-09 1.1668E-09 1.2267E-09 1.2889E-09 1.3547E-09 1.4223E-09 1.4930E-09 1.5659E-09 1.6400E-09 1.7167E-09 1.7938E-09 1.8728E-09 1.9533E-09 2.0354E-09 2.1176E-09 2.2017E-09 2.2857E-09 2.3712E-09 2.4564E-09 2.5420E-09 2.6280E-09 2.7152E-09 2.8031E-09 2.8904E-09 2.9792E-09 3.0684E-09 3.1580E-09 3.2465E-09 3.3351E-09 3.4232E-09 3.5108E-09
2.1802E-10 2.3469E-10 2.5229E-10 2.7096E-10 2.9120E-10 3.1214E-10 3.3401E-10 3.5692E-10 3.8092E-10 4.0624E-10 4.3288E-10 4.6072E-10 4.9050E-10 5.2118E-10 5.5314E-10 5.8769E-10 6.2264E-10 6.5969E-10 6.9875E-10 7.3902E-10 7.8115E-10 8.2473E-10 8.7070E-10 9.1816E-10 9.6759E-10 1.0187E-09 1.0713E-09 1.1271E-09 1.1852E-09 1.2455E-09 1.3094E-09 1.3752E-09 1.4440E-09 1.5151E-09 1.5874E-09 1.6624E-09 1.7379E-09 1.8152E-09 1.8941E-09 1.9746E-09 2.0554E-09 2.1380E-09 2.2206E-09 2.3048E-09 2.3887E-09 2.4732E-09 2.5581E-09 2.6442E-09 2.7311E-09 2.8175E-09 2.9040E-09 2.9939E-09 3.0826E-09 3.1705E-09 3.2585E-09 3.3461E-09 3.4332E-09
2.0927E-10 2.2522E-10 2.4211E-10 2.6048E-10 2.7969E-10 2.9991E-10 3.2131E-10 3.4320E-10 3.6650E-10 3.9114E-10 4.1669E-10 4.4362E-10 4.7223E-10 5.0198E-10 5.3282E-10 5.6606E-10 6.0000E-10 6.3572E-10 6.7333E-10 7.1244E-10 7.5308E-10 7.9501E-10 8.3959E-10 8.8562E-10 9.3331E-10 9.8284E-10 1.0337E-09 1.0878E-09 1.1436E-09 1.2024E-09 1.2645E-09 1.3284E-09 1.3953E-09 1.4646E-09 1.5352E-09 1.6084E-09 1.6822E-09 1.7573E-09 1.8350E-09 1.9140E-09 1.9931E-09 2.0742E-09 2.1554E-09 2.2373E-09 2.3208E-09 2.4040E-09 2.4877E-09 2.5727E-09 2.6586E-09 2.7439E-09 2.8295E-09 2.9185E-09 3.0048E-09 3.0935E-09 3.1808E-09 3.2673E-09 3.3543E-09
2.0066E-10 2.1607E-10 2.3247E-10 2.4948E-10 2.6820E-10 2.8795E-10 3.0867E-10 3.2992E-10 3.5237E-10 3.7585E-10 4.0068E-10 4.2670E-10 4.5430E-10 4.8305E-10 5.1265E-10 5.4493E-10 5.7754E-10 6.1193E-10 6.4808E-10 6.8606E-10 7.2524E-10 7.6591E-10 8.0893E-10 8.5327E-10 8.9955E-10 9.4742E-10 9.9662E-10 1.0489E-09 1.1028E-09 1.1598E-09 1.2195E-09 1.2820E-09 1.3465E-09 1.4145E-09 1.4832E-09 1.5542E-09 1.6267E-09 1.7001E-09 1.7761E-09 1.8525E-09 1.9309E-09 2.0105E-09 2.0902E-09 2.1707E-09 2.2527E-09 2.3347E-09 2.4171E-09 2.4999E-09 2.5840E-09 2.6699E-09 2.7545E-09 2.8410E-09 2.9279E-09 3.0157E-09 3.1022E-09 3.1879E-09 3.2743E-09
1.9207E-10 2.0704E-10 2.2242E-10 2.3926E-10 2.5728E-10 2.7583E-10 2.9601E-10 3.1683E-10 3.3835E-10 3.6100E-10 3.8485E-10 4.1006E-10 4.3610E-10 4.6427E-10 4.9299E-10 5.2331E-10 5.5533E-10 5.8869E-10 6.2342E-10 6.5999E-10 6.9798E-10 7.3709E-10 7.7813E-10 8.2154E-10 8.6563E-10 9.1233E-10 9.5996E-10 1.0100E-09 1.0625E-09 1.1176E-09 1.1755E-09 1.2360E-09 1.2987E-09 1.3648E-09 1.4317E-09 1.5009E-09 1.5716E-09 1.6432E-09 1.7175E-09 1.7923E-09 1.8690E-09 1.9469E-09 2.0250E-09 2.1040E-09 2.1847E-09 2.2652E-09 2.3463E-09 2.4279E-09 2.5108E-09 2.5955E-09 2.6790E-09 2.7644E-09 2.8503E-09 2.9350E-09 3.0227E-09 3.1077E-09 3.1928E-09
1.8335E-10 1.9791E-10 2.1326E-10 2.2922E-10 2.4585E-10 2.6429E-10 2.8362E-10 3.0359E-10 3.2461E-10 3.4657E-10 3.6909E-10 3.9370E-10 4.1868E-10 4.4556E-10 4.7353E-10 5.0264E-10 5.3369E-10 5.6570E-10 5.9908E-10 6.3415E-10 6.7101E-10 7.0863E-10 7.4840E-10 7.8972E-10 8.3260E-10 8.7786E-10 9.2381E-10 9.7208E-10 1.0228E-09 1.0756E-09 1.1320E-09 1.1906E-09 1.2514E-09 1.3156E-09 1.3807E-09 1.4480E-09 1.5169E-09 1.5868E-09 1.6593E-09 1.7323E-09 1.8065E-09 1.8826E-09 1.9601E-09 2.0376E-09 2.1158E-09 2.1948E-09 2.2755E-09 2.3558E-09 2.4365E-09 2.5193E-09 2.6031E-09 2.6857E-09 2.7722E-09 2.8559E-09 2.9406E-09 3.0261E-09 3.1109E-09
1.7451E-10 1.8881E-10 2.0373E-10 2.1905E-10 2.3548E-10 2.5282E-10 2.7107E-10 2.9089E-10 3.1091E-10 3.3214E-10 3.5390E-10 3.7744E-10 4.0166E-10 4.2730E-10 4.5434E-10 4.8255E-10 5.1196E-10 5.4302E-10 5.7536E-10 6.0864E-10 6.4448E-10 6.8084E-10 7.1902E-10 7.5877E-10 8.0028E-10 8.4381E-10 8.8810E-10 9.3474E-10 9.8365E-10 1.0346E-09 1.0891E-09 1.1454E-09 1.2047E-09 1.2665E-09 1.3303E-09 1.3952E-09 1.4628E-09 1.5308E-09 1.6011E-09 1.6728E-09 1.7452E-09 1.8197E-09 1.8945E-09 1.9713E-09 2.0480E-09 2.1255E-09 2.2038E-09 2.2836E-09 2.3630E-09 2.4445E-09 2.5256E-09 2.6085E-09 2.6938E-09 2.7764E-09 2.8599E-09 2.9444E-09 3.0277E-09
1.6630E-10 1.8016E-10 1.9442E-10 2.0929E-10 2.2494E-10 2.4143E-10 2.5939E-10 2.7795E-10 2.9765E-10 3.1782E-10 3.3917E-10 3.6137E-10 3.8497E-10 4.0954E-10 4.3525E-10 4.6271E-10 4.9090E-10 5.2064E-10 5.5195E-10 5.8394E-10 6.1780E-10 6.5341E-10 6.9015E-10 7.2848E-10 7.6797E-10 8.0986E-10 8.5310E-10 8.9802E-10 9.4512E-10 9.9425E-10 1.0469E-09 1.1013E-09 1.1587E-09 1.2185E-09 1.2804E-09 1.3435E-09 1.4092E-09 1.4754E-09 1.5439E-09 1.6138E-09 1.6844E-09 1.7563E-09 1.8303E-09 1.9054E-09 1.9806E-09 2.0565E-09 2.1332E-09 2.2116E-09 2.2896E-09 2.3697E-09 2.4495E-09 2.5296E-09 2.6135E-09 2.6965E-09 2.7789E-09 2.8618E-09 2.9446E-09
