Assets/Resources/2015_m01_d06_1700(utc+0800)_l00_csi_1hr_conc.grd
DSAA
         159         159
     -79.000      79.000
     -79.000      79.000
  0.0000E+00  0.1218E-04
[rows 25 to 49 of 159, columns 57 to 113 of 159]
1.9336E-09 2.2048E-09 2.5008E-09 2.8205E-09 3.1652E-09 3.5348E-09 3.9304E-09 4.3451E-09 4.7743E-09 5.2177E-09 5.6714E-09 6.1326E-09 6.5955E-09 7.0528E-09 7.5009E-09 7.9345E-09 8.3481E-09 8.7359E-09 9.0930E-09 9.4143E-09 9.6956E-09 9.9329E-09 1.0123E-08 1.0263E-08 1.0353E-08 1.0390E-08 1.0374E-08 1.0307E-08 1.0190E-08 1.0025E-08 9.8144E-09 9.5625E-09 9.2729E-09 8.9500E-09 8.5983E-09 8.2226E-09 7.8276E-09 7.4178E-09 6.9987E-09 6.5759E-09 6.1525E-09 5.7323E-09 5.3162E-09 4.9096E-09 4.5198E-09 4.1449E-09 3.7858E-09 3.4425E-09 3.1184E-09 2.8187E-09 2.5390E-09 2.2769E-09 2.0367E-09 1.8154E-09 1.6124E-09 1.4292E-09 1.2613E-09
1.9179E-09 2.1908E-09 2.4878E-09 2.8118E-09 3.1630E-09 3.5389E-09 3.9394E-09 4.3601E-09 4.7977E-09 5.2514E-09 5.7175E-09 6.1899E-09 6.6638E-09 7.1347E-09 7.5950E-09 8.0414E-09 8.4675E-09 8.8675E-09 9.2361E-09 9.5677E-09 9.8578E-09 1.0102E-08 1.0298E-08 1.0442E-08 1.0533E-08 1.0569E-08 1.0552E-08 1.0480E-08 1.0357E-08 1.0184E-08 9.9640E-09 9.7011E-09 9.3995E-09 9.0636E-09 8.6985E-09 8.3091E-09 7.9006E-09 7.4783E-09 7.0466E-09 6.6095E-09 6.1732E-09 5.7421E-09 5.3187E-09 4.9056E-09 4.5022E-09 4.1199E-09 3.7562E-09 3.4110E-09 3.0841E-09 2.7769E-09 2.4954E-09 2.2349E-09 1.9927E-09 1.7725E-09 1.5707E-09 1.3870E-09 1.2211E-09
1.8992E-09 2.1715E-09 2.4716E-09 2.8003E-09 3.1548E-09 3.5339E-09 3.9396E-09 4.3691E-09 4.8214E-09 5.2876E-09 5.7645E-09 6.2496E-09 6.7378E-09 7.2221E-09 7.6971E-09 8.1571E-09 8.5967E-09 9.0104E-09 9.3916E-09 9.7348E-09 1.0035E-08 1.0288E-08 1.0489E-08 1.0637E-08 1.0729E-08 1.0764E-08 1.0743E-08 1.0666E-08 1.0535E-08 1.0353E-08 1.0122E-08 9.8467E-09 9.5316E-09 9.1815E-09 8.8015E-09 8.3970E-09 7.9735E-09 7.5364E-09 7.0906E-09 6.6410E-09 6.1908E-09 5.7453E-09 5.3116E-09 4.8901E-09 4.4837E-09 4.0892E-09 3.7165E-09 3.3683E-09 3.0405E-09 2.7328E-09 2.4456E-09 2.1847E-09 1.9452E-09 1.7241E-09 1.5242E-09 1.3431E-09 1.1797E-09
1.8771E-09 2.1516E-09 2.4548E-09 2.7838E-09 3.1388E-09 3.5225E-09 3.9358E-09 4.3736E-09 4.8310E-09 5.3037E-09 5.7902E-09 6.2857E-09 6.7852E-09 7.2840E-09 7.7733E-09 8.2471E-09 8.6999E-09 9.1255E-09 9.5176E-09 9.8708E-09 1.0180E-08 1.0440E-08 1.0648E-08 1.0800E-08 1.0895E-08 1.0930E-08 1.0906E-08 1.0824E-08 1.0686E-08 1.0494E-08 1.0252E-08 9.9640E-09 9.6365E-09 9.2730E-09 8.8792E-09 8.4607E-09 8.0231E-09 7.5721E-09 7.1131E-09 6.6511E-09 6.1911E-09 5.7367E-09 5.2899E-09 4.8593E-09 4.4460E-09 4.0512E-09 3.6729E-09 3.3156E-09 2.9866E-09 2.6792E-09 2.3934E-09 2.1286E-09 1.8903E-09 1.6727E-09 1.4735E-09 1.2953E-09 1.1347E-09
1.8542E-09 2.1299E-09 2.4320E-09 2.7607E-09 3.1188E-09 3.5091E-09 3.9261E-09 4.3666E-09 4.8302E-09 5.3098E-09 5.8054E-09 6.3124E-09 6.8239E-09 7.3338E-09 7.8353E-09 8.3202E-09 8.7835E-09 9.2200E-09 9.6227E-09 9.9857E-09 1.0304E-08 1.0571E-08 1.0785E-08 1.0941E-08 1.1037E-08 1.1073E-08 1.1047E-08 1.0961E-08 1.0817E-08 1.0618E-08 1.0367E-08 1.0069E-08 9.7272E-09 9.3488E-09 8.9412E-09 8.5090E-09 8.0578E-09 7.5934E-09 7.1215E-09 6.6475E-09 6.1763E-09 5.7125E-09 5.2600E-09 4.8198E-09 4.3976E-09 3.9980E-09 3.6198E-09 3.2612E-09 2.9239E-09 2.6173E-09 2.3326E-09 2.0708E-09 1.8300E-09 1.6156E-09 1.4202E-09 1.2437E-09 1.0871E-09
1.8292E-09 2.1040E-09 2.4052E-09 2.7358E-09 3.0968E-09 3.4877E-09 3.9065E-09 4.3518E-09 4.8216E-09 5.3140E-09 5.8209E-09 6.3375E-09 6.8595E-09 7.3807E-09 7.8940E-09 8.3932E-09 8.8711E-09 9.3197E-09 9.7345E-09 1.0108E-08 1.0435E-08 1.0710E-08 1.0929E-08 1.1088E-08 1.1185E-08 1.1218E-08 1.1187E-08 1.1094E-08 1.0943E-08 1.0735E-08 1.0474E-08 1.0165E-08 9.8121E-09 9.4219E-09 8.9989E-09 8.5501E-09 8.0845E-09 7.6065E-09 7.1217E-09 6.6357E-09 6.1535E-09 5.6798E-09 5.2187E-09 4.7735E-09 4.3443E-09 3.9350E-09 3.5539E-09 3.1967E-09 2.8607E-09 2.5478E-09 2.2659E-09 2.0058E-09 1.7690E-09 1.5537E-09 1.3635E-09 1.1905E-09 1.0358E-09
1.7993E-09 2.0718E-09 2.3738E-09 2.7064E-09 3.0677E-09 3.4602E-09 3.8822E-09 4.3330E-09 4.8080E-09 5.3059E-09 5.8190E-09 6.3438E-09 6.8757E-09 7.4092E-09 7.9365E-09 8.4465E-09 8.9344E-09 9.3938E-09 9.8151E-09 1.0196E-08 1.0530E-08 1.0810E-08 1.1033E-08 1.1195E-08 1.1294E-08 1.1327E-08 1.1295E-08 1.1199E-08 1.1040E-08 1.0821E-08 1.0547E-08 1.0225E-08 9.8615E-09 9.4594E-09 9.0256E-09 8.5665E-09 8.0871E-09 7.5945E-09 7.0988E-09 6.6027E-09 6.1114E-09 5.6296E-09 5.1616E-09 4.7108E-09 4.2800E-09 3.8699E-09 3.4800E-09 3.1220E-09 2.7895E-09 2.4793E-09 2.1929E-09 1.9377E-09 1.7040E-09 1.4916E-09 1.3026E-09 1.1357E-09 9.8384E-10
1.7644E-09 2.0376E-09 2.3395E-09 2.6709E-09 3.0324E-09 3.4271E-09 3.8529E-09 4.3064E-09 4.7867E-09 5.2928E-09 5.8121E-09 6.3469E-09 6.8881E-09 7.4291E-09 7.9634E-09 8.4842E-09 8.9808E-09 9.4480E-09 9.8786E-09 1.0267E-08 1.0606E-08 1.0891E-08 1.1117E-08 1.1280E-08 1.1378E-08 1.1410E-08 1.1376E-08 1.1275E-08 1.1110E-08 1.0886E-08 1.0605E-08 1.0272E-08 9.8928E-09 9.4758E-09 9.0298E-09 8.5592E-09 8.0702E-09 7.5693E-09 7.0606E-09 6.5540E-09 6.0548E-09 5.5664E-09 5.0927E-09 4.6375E-09 4.2035E-09 3.7931E-09 3.4065E-09 3.0410E-09 2.7098E-09 2.4047E-09 2.1222E-09 1.8644E-09 1.6356E-09 1.4297E-09 1.2404E-09 1.0785E-09 9.3288E-10
1.7274E-09 1.9980E-09 2.2987E-09 2.6280E-09 2.9918E-09 3.3889E-09 3.8171E-09 4.2772E-09 4.7630E-09 5.2744E-09 5.8010E-09 6.3408E-09 6.8892E-09 7.4390E-09 7.9845E-09 8.5166E-09 9.0257E-09 9.5062E-09 9.9464E-09 1.0342E-08 1.0687E-08 1.0976E-08 1.1205E-08 1.1367E-08 1.1462E-08 1.1488E-08 1.1444E-08 1.1334E-08 1.1160E-08 1.0927E-08 1.0636E-08 1.0295E-08 9.9085E-09 9.4811E-09 9.0191E-09 8.5338E-09 8.0338E-09 7.5235E-09 7.0085E-09 6.4936E-09 5.9848E-09 5.4908E-09 5.0129E-09 4.5546E-09 4.1186E-09 3.7073E-09 3.3220E-09 2.9625E-09 2.6258E-09 2.3238E-09 2.0470E-09 1.7934E-09 1.5658E-09 1.3632E-09 1.1804E-09 1.0208E-09 8.7972E-10
1.6864E-09 1.9561E-09 2.2535E-09 2.5814E-09 2.9468E-09 3.3468E-09 3.7794E-09 4.2413E-09 4.7334E-09 5.2495E-09 5.7845E-09 6.3350E-09 6.8937E-09 7.4539E-09 8.0091E-09 8.5498E-09 9.0690E-09 9.5547E-09 1.0002E-08 1.0404E-08 1.0753E-08 1.1045E-08 1.1274E-08 1.1437E-08 1.1531E-08 1.1556E-08 1.1509E-08 1.1393E-08 1.1210E-08 1.0961E-08 1.0656E-08 1.0301E-08 9.9022E-09 9.4647E-09 8.9953E-09 8.4998E-09 7.9849E-09 7.4627E-09 6.9397E-09 6.4193E-09 5.9066E-09 5.4042E-09 4.9232E-09 4.4630E-09 4.0262E-09 3.6151E-09 3.2311E-09 2.8750E-09 2.5447E-09 2.2399E-09 1.9686E-09 1.7209E-09 1.4962E-09 1.2987E-09 1.1197E-09 9.6333E-10 8.2717E-10
1.6441E-09 1.9087E-09 2.2033E-09 2.5290E-09 2.8976E-09 3.3018E-09 3.7367E-09 4.2047E-09 4.7040E-09 5.2284E-09 5.7699E-09 6.3291E-09 6.8958E-09 7.4637E-09 8.0263E-09 8.5740E-09 9.1004E-09 9.5968E-09 1.0051E-08 1.0459E-08 1.0813E-08 1.1105E-08 1.1335E-08 1.1497E-08 1.1589E-08 1.1608E-08 1.1556E-08 1.1432E-08 1.1241E-08 1.0986E-08 1.0670E-08 1.0302E-08 9.8863E-09 9.4335E-09 8.9534E-09 8.4492E-09 7.9281E-09 7.3947E-09 6.8598E-09 6.3323E-09 5.8151E-09 5.3125E-09 4.8249E-09 4.3637E-09 3.9273E-09 3.5175E-09 3.1357E-09 2.7825E-09 2.4582E-09 2.1586E-09 1.8874E-09 1.6473E-09 1.4299E-09 1.2323E-09 1.0578E-09 9.0868E-10 7.7545E-10
1.5992E-09 1.8604E-09 2.1522E-09 2.4784E-09 2.8474E-09 3.2539E-09 3.6943E-09 4.1679E-09 4.6738E-09 5.2035E-09 5.7538E-09 6.3216E-09 6.8993E-09 7.4802E-09 8.0555E-09 8.6167E-09 9.1541E-09 9.6590E-09 1.0124E-08 1.0536E-08 1.0893E-08 1.1187E-08 1.1414E-08 1.1570E-08 1.1653E-08 1.1662E-08 1.1598E-08 1.1464E-08 1.1261E-08 1.0995E-08 1.0671E-08 1.0293E-08 9.8661E-09 9.3998E-09 8.9023E-09 8.3841E-09 7.8542E-09 7.3169E-09 6.7751E-09 6.2382E-09 5.7151E-09 5.2097E-09 4.7241E-09 4.2582E-09 3.8230E-09 3.4157E-09 3.0371E-09 2.6879E-09 2.3681E-09 2.0765E-09 1.8086E-09 1.5711E-09 1.3591E-09 1.1680E-09 9.9931E-10 8.5300E-10 7.2474E-10
1.5559E-09 1.8140E-09 2.1048E-09 2.4296E-09 2.7998E-09 3.2093E-09 3.6563E-09 4.1368E-09 4.6495E-09 5.1876E-09 5.7503E-09 6.3306E-09 6.9199E-09 7.5110E-09 8.0950E-09 8.6631E-09 9.2073E-09 9.7188E-09 1.0189E-08 1.0606E-08 1.0966E-08 1.1262E-08 1.1489E-08 1.1643E-08 1.1724E-08 1.1728E-08 1.1654E-08 1.1506E-08 1.1287E-08 1.1003E-08 1.0662E-08 1.0270E-08 9.8324E-09 9.3573E-09 8.8485E-09 8.3188E-09 7.7747E-09 7.2265E-09 6.6813E-09 6.1405E-09 5.6109E-09 5.1009E-09 4.6150E-09 4.1538E-09 3.7155E-09 3.3104E-09 2.9354E-09 2.5908E-09 2.2760E-09 1.9905E-09 1.7312E-09 1.4956E-09 1.2924E-09 1.1065E-09 9.3968E-10 7.9868E-10 6.7495E-10
1.5143E-09 1.7714E-09 2.0586E-09 2.3839E-09 2.7559E-09 3.1689E-09 3.6238E-09 4.1175E-09 4.6415E-09 5.1880E-09 5.7605E-09 6.3496E-09 6.9486E-09 7.5498E-09 8.1438E-09 8.7231E-09 9.2779E-09 9.7988E-09 1.0275E-08 1.0699E-08 1.1060E-08 1.1354E-08 1.1576E-08 1.1724E-08 1.1795E-08 1.1789E-08 1.1706E-08 1.1549E-08 1.1318E-08 1.1021E-08 1.0662E-08 1.0250E-08 9.7955E-09 9.3055E-09 8.7877E-09 8.2463E-09 7.6935E-09 7.1342E-09 6.5784E-09 6.0356E-09 5.5045E-09 4.9911E-09 4.5021E-09 4.0419E-09 3.6099E-09 3.2048E-09 2.8343E-09 2.4945E-09 2.1847E-09 1.9051E-09 1.6541E-09 1.4230E-09 1.2237E-09 1.0431E-09 8.8155E-10 7.4710E-10 6.2714E-10
1.4742E-09 1.7287E-09 2.0168E-09 2.3442E-09 2.7179E-09 3.1384E-09 3.6031E-09 4.1078E-09 4.6410E-09 5.1999E-09 5.7826E-09 6.3852E-09 7.0000E-09 7.6185E-09 8.2295E-09 8.8226E-09 9.3883E-09 9.9173E-09 1.0399E-08 1.0826E-08 1.1190E-08 1.1481E-08 1.1698E-08 1.1838E-08 1.1897E-08 1.1875E-08 1.1775E-08 1.1600E-08 1.1354E-08 1.1041E-08 1.0667E-08 1.0238E-08 9.7667E-09 9.2578E-09 8.7227E-09 8.1734E-09 7.6098E-09 7.0427E-09 6.4783E-09 5.9259E-09 5.3940E-09 4.8802E-09 4.3903E-09 3.9297E-09 3.5007E-09 3.1011E-09 2.7326E-09 2.3976E-09 2.0941E-09 1.8204E-09 1.5755E-09 1.3518E-09 1.1575E-09 9.8503E-10 8.2460E-10 6.9714E-10 5.7957E-10
1.4309E-09 1.6857E-09 1.9733E-09 2.3037E-09 2.6850E-09 3.1106E-09 3.5817E-09 4.1000E-09 4.6508E-09 5.2301E-09 5.8332E-09 6.4547E-09 7.0857E-09 7.7193E-09 8.3440E-09 8.9503E-09 9.5276E-09 1.0065E-08 1.0554E-08 1.0983E-08 1.1347E-08 1.1637E-08 1.1847E-08 1.1979E-08 1.2026E-08 1.1993E-08 1.1876E-08 1.1680E-08 1.1411E-08 1.1077E-08 1.0685E-08 1.0241E-08 9.7497E-09 9.2242E-09 8.6725E-09 8.1043E-09 7.5304E-09 6.9552E-09 6.3850E-09 5.8255E-09 5.2850E-09 4.7714E-09 4.2808E-09 3.8202E-09 3.3926E-09 2.9984E-09 2.6330E-09 2.3035E-09 2.0059E-09 1.7386E-09 1.4993E-09 1.2827E-09 1.0917E-09 9.2432E-10 7.6897E-10 6.4442E-10 5.2604E-10
1.3852E-09 1.6389E-09 1.9298E-09 2.2704E-09 2.6509E-09 3.0826E-09 3.5655E-09 4.1017E-09 4.6739E-09 5.2772E-09 5.8992E-09 6.5400E-09 7.1937E-09 7.8475E-09 8.4925E-09 9.1186E-09 9.7130E-09 1.0264E-08 1.0760E-08 1.1195E-08 1.1558E-08 1.1842E-08 1.2044E-08 1.2162E-08 1.2194E-08 1.2142E-08 1.2008E-08 1.1793E-08 1.1505E-08 1.1146E-08 1.0726E-08 1.0257E-08 9.7485E-09 9.2039E-09 8.6361E-09 8.0511E-09 7.4620E-09 6.8746E-09 6.2959E-09 5.7321E-09 5.1867E-09 4.6663E-09 4.1793E-09 3.7179E-09 3.2892E-09 2.8992E-09 2.5410E-09 2.2126E-09 1.9209E-09 1.6595E-09 1.4264E-09 1.2148E-09 1.0295E-09 8.6727E-10 7.1273E-10 5.9017E-10 4.7741E-10
1.3352E-09 1.5949E-09 1.8894E-09 2.2332E-09 2.6154E-09 3.0564E-09 3.5573E-09 4.1122E-09 4.7020E-09 5.3295E-09 5.9849E-09 6.6559E-09 7.3376E-09 8.0208E-09 8.6931E-09 9.3417E-09 9.9546E-09 1.0520E-08 1.1027E-08 1.1466E-08 1.1829E-08 1.2108E-08 1.2302E-08 1.2403E-08 1.2414E-08 1.2339E-08 1.2181E-08 1.1942E-08 1.1627E-08 1.1244E-08 1.0800E-08 1.0303E-08 9.7660E-09 9.2008E-09 8.6143E-09 8.0121E-09 7.4055E-09 6.8056E-09 6.2164E-09 5.6444E-09 5.0958E-09 4.5718E-09 4.0782E-09 3.6214E-09 3.1950E-09 2.8027E-09 2.4500E-09 2.1285E-09 1.8395E-09 1.5829E-09 1.3560E-09 1.1498E-09 9.7169E-10 8.0957E-10 6.5800E-10 5.3480E-10 4.3715E-10
1.2912E-09 1.5478E-09 1.8457E-09 2.1983E-09 2.5918E-09 3.0413E-09 3.5547E-09 4.1266E-09 4.7405E-09 5.4004E-09 6.0950E-09 6.8046E-09 7.5189E-09 8.2334E-09 8.9356E-09 9.6118E-09 1.0248E-08 1.0833E-08 1.1353E-08 1.1799E-08 1.2162E-08 1.2437E-08 1.2617E-08 1.2701E-08 1.2691E-08 1.2588E-08 1.2399E-08 1.2129E-08 1.1781E-08 1.1368E-08 1.0896E-08 1.0374E-08 9.8069E-09 9.2140E-09 8.6021E-09 7.9821E-09 7.3590E-09 6.7414E-09 6.1414E-09 5.5609E-09 5.0035E-09 4.4793E-09 3.9848E-09 3.5241E-09 3.0998E-09 2.7129E-09 2.3599E-09 2.0449E-09 1.7592E-09 1.5092E-09 1.2879E-09 1.0861E-09 9.1376E-10 7.5212E-10 6.0486E-10 4.9286E-10 4.0163E-10
1.2430E-09 1.5035E-09 1.8016E-09 2.1712E-09 2.5770E-09 3.0304E-09 3.5557E-09 4.1498E-09 4.7982E-09 5.4929E-09 6.2243E-09 6.9787E-09 7.7399E-09 8.4969E-09 9.2379E-09 9.9492E-09 1.0615E-08 1.1222E-08 1.1757E-08 1.2209E-08 1.2570E-08 1.2832E-08 1.2993E-08 1.3055E-08 1.3019E-08 1.2886E-08 1.2663E-08 1.2357E-08 1.1975E-08 1.1521E-08 1.1012E-08 1.0456E-08 9.8623E-09 9.2388E-09 8.6009E-09 7.9557E-09 7.3153E-09 6.6841E-09 6.0678E-09 5.4777E-09 4.9160E-09 4.3839E-09 3.8874E-09 3.4282E-09 3.0064E-09 2.6195E-09 2.2702E-09 1.9609E-09 1.6825E-09 1.4357E-09 1.2206E-09 1.0238E-09 8.5386E-10 6.9489E-10 5.5558E-10 4.5404E-10 3.6661E-10
1.2002E-09 1.4584E-09 1.7656E-09 2.1533E-09 2.5702E-09 3.0340E-09 3.5765E-09 4.1941E-09 4.8681E-09 5.6010E-09 6.3832E-09 7.1928E-09 8.0080E-09 8.8116E-09 9.5953E-09 1.0345E-08 1.1043E-08 1.1675E-08 1.2227E-08 1.2687E-08 1.3049E-08 1.3303E-08 1.3448E-08 1.3481E-08 1.3406E-08 1.3230E-08 1.2966E-08 1.2617E-08 1.2189E-08 1.1702E-08 1.1149E-08 1.0552E-08 9.9247E-09 9.2729E-09 8.6035E-09 7.9350E-09 7.2710E-09 6.6217E-09 5.9969E-09 5.3944E-09 4.8232E-09 4.2895E-09 3.7915E-09 3.3304E-09 2.9084E-09 2.5273E-09 2.1849E-09 1.8765E-09 1.6062E-09 1.3639E-09 1.1555E-09 9.6158E-10 7.9416E-10 6.4671E-10 5.1340E-10 4.1904E-10 3.2821E-10
1.1536E-09 1.4228E-09 1.7296E-09 2.1660E-09 2.5816E-09 3.0673E-09 3.6255E-09 4.2515E-09 4.9637E-09 5.7455E-09 6.5761E-09 7.4391E-09 8.3136E-09 9.1751E-09 1.0008E-08 1.0802E-08 1.1538E-08 1.2198E-08 1.2768E-08 1.3236E-08 1.3593E-08 1.3833E-08 1.3954E-08 1.3957E-08 1.3846E-08 1.3626E-08 1.3310E-08 1.2907E-08 1.2433E-08 1.1895E-08 1.1301E-08 1.0661E-08 9.9887E-09 9.3026E-09 8.6078E-09 7.9090E-09 7.2258E-09 6.5592E-09 5.9161E-09 5.3069E-09 4.7319E-09 4.1917E-09 3.6917E-09 3.2350E-09 2.8168E-09 2.4372E-09 2.0972E-09 1.7934E-09 1.5296E-09 1.2933E-09 1.0901E-09 8.9912E-10 7.3879E-10 6.0210E-10 4.7246E-10 3.7858E-10 2.9086E-10
1.1126E-09 1.3832E-09 1.7019E-09 2.5374E-09 2.6469E-09 3.1249E-09 3.7045E-09 4.3569E-09 5.0923E-09 5.9146E-09 6.8008E-09 7.7264E-09 8.6697E-09 9.6043E-09 1.0500E-08 1.1346E-08 1.2123E-08 1.2813E-08 1.3400E-08 1.3869E-08 1.4217E-08 1.4436E-08 1.4524E-08 1.4487E-08 1.4331E-08 1.4061E-08 1.3689E-08 1.3228E-08 1.2688E-08 1.2096E-08 1.1454E-08 1.0772E-08 1.0061E-08 9.3310E-09 8.6042E-09 7.8836E-09 7.1730E-09 6.4890E-09 5.8352E-09 5.2149E-09 4.6315E-09 4.0921E-09 3.5917E-09 3.1354E-09 2.7184E-09 2.3439E-09 2.0095E-09 1.7163E-09 1.4563E-09 1.2304E-09 1.0257E-09 8.4013E-10 6.8996E-10 5.5782E-10 4.2705E-10 3.3700E-10 2.5315E-10
1.0752E-09 1.3498E-09 1.7775E-09 2.4360E-09 3.1402E-09 3.2412E-09 3.8328E-09 4.5051E-09 5.2644E-09 6.1251E-09 7.0798E-09 8.0860E-09 9.1068E-09 1.0111E-08 1.1072E-08 1.1967E-08 1.2787E-08 1.3509E-08 1.4114E-08 1.4589E-08 1.4924E-08 1.5116E-08 1.5165E-08 1.5079E-08 1.4864E-08 1.4532E-08 1.4098E-08 1.3572E-08 1.2974E-08 1.2313E-08 1.1612E-08 1.0881E-08 1.0127E-08 9.3610E-09 8.5941E-09 7.8458E-09 7.1168E-09 6.4129E-09 5.7423E-09 5.1117E-09 4.5290E-09 3.9843E-09 3.4842E-09 3.0297E-09 2.6219E-09 2.2554E-09 1.9276E-09 1.6374E-09 1.3825E-09 1.1601E-09 9.6118E-10 7.8461E-10 6.4024E-10 5.1017E-10 3.8324E-10 2.9869E-10 2.2642E-10
1.0347E-09 1.3156E-09 1.9421E-09 2.4876E-09 3.5268E-09 3.6405E-09 4.0276E-09 4.7074E-09 5.5070E-09 6.4207E-09 7.4313E-09 8.5043E-09 9.6028E-09 1.0687E-08 1.1722E-08 1.2676E-08 1.3540E-08 1.4295E-08 1.4915E-08 1.5387E-08 1.5705E-08 1.5865E-08 1.5872E-08 1.5730E-08 1.5447E-08 1.5047E-08 1.4534E-08 1.3938E-08 1.3266E-08 1.2543E-08 1.1775E-08 1.0985E-08 1.0187E-08 9.3810E-09 8.5809E-09 7.7988E-09 7.0481E-09 6.3243E-09 5.6477E-09 5.0083E-09 4.4157E-09 3.8700E-09 3.3771E-09 2.9214E-09 2.5193E-09 2.1576E-09 1.8370E-09 1.5547E-09 1.3044E-09 1.0883E-09 8.9881E-10 7.2849E-10 5.8633E-10 4.6308E-10 3.4524E-10 2.7161E-10 2.0357E-10
