Assets/Resources/2015_m01_d11_1500(utc+0800)_l00_csi_1hr_conc.grd
DSAA
         159         159
     -79.000      79.000
     -79.000      79.000
  0.0000E+00  0.2235E-05
[rows 25 to 49 of 159, columns 57 to 113 of 159]
1.9001E-10 1.4144E-10 1.4391E-10 1.4622E-10 1.4834E-10 1.5027E-10 1.5201E-10 1.5353E-10 1.5483E-10 1.5589E-10 1.5672E-10 1.5729E-10 1.5760E-10 1.5765E-10 1.5744E-10 1.5696E-10 1.5621E-10 1.5520E-10 1.5392E-10 1.5238E-10 1.5060E-10 1.4856E-10 1.4630E-10 1.4379E-10 1.4107E-10 1.3815E-10 1.3502E-10 1.3173E-10 1.2829E-10 1.2469E-10 1.2097E-10 1.1715E-10 1.1324E-10 1.0926E-10 1.0524E-10 1.0118E-10 9.7116E-11 9.3055E-11 8.9013E-11 8.5003E-11 8.1036E-11 7.7124E-11 7.3278E-11 6.9505E-11 6.5816E-11 6.2218E-11 5.8718E-11 5.5322E-11 5.2035E-11 4.8861E-11 4.5803E-11 4.2865E-11 4.0049E-11 3.7354E-11 3.4783E-11 3.2335E-11 3.0009E-11
2.0919E-10 1.3607E-10 1.3843E-10 1.4063E-10 1.4266E-10 1.4451E-10 1.4615E-10 1.4759E-10 1.4881E-10 1.4981E-10 1.5056E-10 1.5107E-10 1.5134E-10 1.5135E-10 1.5110E-10 1.5060E-10 1.4984E-10 1.4882E-10 1.4756E-10 1.4604E-10 1.4428E-10 1.4229E-10 1.4006E-10 1.3762E-10 1.3497E-10 1.3212E-10 1.2911E-10 1.2592E-10 1.2258E-10 1.1913E-10 1.1554E-10 1.1187E-10 1.0812E-10 1.0431E-10 1.0046E-10 9.6588E-11 9.2708E-11 8.8834E-11 8.4977E-11 8.1151E-11 7.7366E-11 7.3633E-11 6.9962E-11 6.6362E-11 6.2841E-11 5.9407E-11 5.6067E-11 5.2825E-11 4.9687E-11 4.6658E-11 4.3739E-11 4.0935E-11 3.8246E-11 3.5674E-11 3.3219E-11 3.0882E-11 2.8661E-11
2.3470E-10 1.4374E-10 1.3283E-10 1.3493E-10 1.3686E-10 1.3861E-10 1.4016E-10 1.4152E-10 1.4266E-10 1.4357E-10 1.4427E-10 1.4473E-10 1.4494E-10 1.4491E-10 1.4464E-10 1.4412E-10 1.4335E-10 1.4234E-10 1.4109E-10 1.3960E-10 1.3787E-10 1.3592E-10 1.3376E-10 1.3138E-10 1.2881E-10 1.2606E-10 1.2314E-10 1.2008E-10 1.1687E-10 1.1354E-10 1.1012E-10 1.0660E-10 1.0302E-10 9.9391E-11 9.5725E-11 9.2038E-11 8.8343E-11 8.4653E-11 8.0980E-11 7.7336E-11 7.3731E-11 7.0175E-11 6.6678E-11 6.3249E-11 5.9895E-11 5.6623E-11 5.3440E-11 5.0352E-11 4.7362E-11 4.4475E-11 4.1694E-11 3.9022E-11 3.6459E-11 3.4008E-11 3.1669E-11 2.9441E-11 2.7325E-11
2.6319E-10 1.5308E-10 1.2712E-10 1.2912E-10 1.3095E-10 1.3260E-10 1.3406E-10 1.3533E-10 1.3639E-10 1.3724E-10 1.3787E-10 1.3827E-10 1.3845E-10 1.3838E-10 1.3809E-10 1.3756E-10 1.3679E-10 1.3579E-10 1.3455E-10 1.3309E-10 1.3141E-10 1.2951E-10 1.2741E-10 1.2512E-10 1.2264E-10 1.2000E-10 1.1719E-10 1.1425E-10 1.1118E-10 1.0801E-10 1.0474E-10 1.0139E-10 9.7987E-11 9.4536E-11 9.1052E-11 8.7547E-11 8.4035E-11 8.0527E-11 7.7035E-11 7.3570E-11 7.0142E-11 6.6761E-11 6.3436E-11 6.0175E-11 5.6985E-11 5.3874E-11 5.0847E-11 4.7910E-11 4.5066E-11 4.2320E-11 3.9675E-11 3.7133E-11 3.4695E-11 3.2364E-11 3.0138E-11 2.8019E-11 2.6005E-11
2.9983E-10 1.6622E-10 1.2134E-10 1.2323E-10 1.2496E-10 1.2651E-10 1.2788E-10 1.2907E-10 1.3005E-10 1.3084E-10 1.3141E-10 1.3176E-10 1.3190E-10 1.3181E-10 1.3150E-10 1.3096E-10 1.3019E-10 1.2920E-10 1.2800E-10 1.2657E-10 1.2494E-10 1.2311E-10 1.2108E-10 1.1887E-10 1.1650E-10 1.1396E-10 1.1128E-10 1.0848E-10 1.0556E-10 1.0254E-10 9.9436E-11 9.6263E-11 9.3033E-11 8.9759E-11 8.6453E-11 8.3127E-11 7.9795E-11 7.6466E-11 7.3152E-11 6.9863E-11 6.6610E-11 6.3401E-11 6.0244E-11 5.7149E-11 5.4121E-11 5.1168E-11 4.8294E-11 4.5505E-11 4.2806E-11 4.0198E-11 3.7687E-11 3.5273E-11 3.2958E-11 3.0744E-11 2.8631E-11 2.6618E-11 2.4706E-11
3.3218E-10 1.8227E-10 1.1551E-10 1.1729E-10 1.1891E-10 1.2037E-10 1.2166E-10 1.2276E-10 1.2368E-10 1.2440E-10 1.2492E-10 1.2523E-10 1.2533E-10 1.2522E-10 1.2489E-10 1.2435E-10 1.2360E-10 1.2263E-10 1.2145E-10 1.2008E-10 1.1850E-10 1.1674E-10 1.1480E-10 1.1269E-10 1.1042E-10 1.0801E-10 1.0546E-10 1.0280E-10 1.0003E-10 9.7173E-11 9.4236E-11 9.1231E-11 8.8173E-11 8.5072E-11 8.1941E-11 7.8791E-11 7.5634E-11 7.2481E-11 6.9341E-11 6.6226E-11 6.3144E-11 6.0103E-11 5.7113E-11 5.4179E-11 5.1310E-11 4.8512E-11 4.5788E-11 4.3145E-11 4.0587E-11 3.8116E-11 3.5735E-11 3.3447E-11 3.1253E-11 2.9154E-11 2.7151E-11 2.5243E-11 2.3430E-11
3.6618E-10 2.0626E-10 1.1760E-10 1.1133E-10 1.1286E-10 1.1423E-10 1.1543E-10 1.1646E-10 1.1730E-10 1.1797E-10 1.1844E-10 1.1871E-10 1.1878E-10 1.1865E-10 1.1832E-10 1.1778E-10 1.1704E-10 1.1611E-10 1.1497E-10 1.1365E-10 1.1214E-10 1.1046E-10 1.0861E-10 1.0661E-10 1.0445E-10 1.0217E-10 9.9759E-11 9.7242E-11 9.4627E-11 9.1926E-11 8.9149E-11 8.6309E-11 8.3418E-11 8.0487E-11 7.7526E-11 7.4549E-11 7.1563E-11 6.8582E-11 6.5613E-11 6.2667E-11 5.9752E-11 5.6876E-11 5.4048E-11 5.1273E-11 4.8560E-11 4.5912E-11 4.3336E-11 4.0836E-11 3.8415E-11 3.6077E-11 3.3825E-11 3.1660E-11 2.9584E-11 2.7598E-11 2.5702E-11 2.3897E-11 2.2181E-11
4.0643E-10 2.3983E-10 1.2253E-10 1.0539E-10 1.0682E-10 1.0810E-10 1.0923E-10 1.1018E-10 1.1097E-10 1.1157E-10 1.1200E-10 1.1224E-10 1.1229E-10 1.1215E-10 1.1182E-10 1.1129E-10 1.1058E-10 1.0968E-10 1.0860E-10 1.0733E-10 1.0590E-10 1.0430E-10 1.0255E-10 1.0065E-10 9.8622E-11 9.6466E-11 9.4196E-11 9.1822E-11 8.9356E-11 8.6807E-11 8.4187E-11 8.1508E-11 7.8780E-11 7.6013E-11 7.3220E-11 7.0409E-11 6.7592E-11 6.4778E-11 6.1975E-11 5.9194E-11 5.6442E-11 5.3727E-11 5.1057E-11 4.8437E-11 4.5875E-11 4.3375E-11 4.0942E-11 3.8581E-11 3.6295E-11 3.4087E-11 3.1960E-11 2.9916E-11 2.7955E-11 2.6079E-11 2.4288E-11 2.2583E-11 2.0962E-11
4.5193E-10 2.7833E-10 1.3369E-10 9.9503E-11 1.0084E-10 1.0204E-10 1.0308E-10 1.0397E-10 1.0470E-10 1.0526E-10 1.0565E-10 1.0586E-10 1.0590E-10 1.0575E-10 1.0543E-10 1.0492E-10 1.0424E-10 1.0338E-10 1.0236E-10 1.0116E-10 9.9808E-11 9.8300E-11 9.6650E-11 9.4864E-11 9.2952E-11 9.0922E-11 8.8785E-11 8.6550E-11 8.4228E-11 8.1828E-11 7.9361E-11 7.6837E-11 7.4267E-11 7.1662E-11 6.9030E-11 6.6382E-11 6.3728E-11 6.1076E-11 5.8436E-11 5.5815E-11 5.3222E-11 5.0663E-11 4.8146E-11 4.5678E-11 4.3262E-11 4.0906E-11 3.8613E-11 3.6387E-11 3.4232E-11 3.2151E-11 3.0145E-11 2.8217E-11 2.6369E-11 2.4600E-11 2.2911E-11 2.1303E-11 1.9775E-11
5.0957E-10 3.0981E-10 1.5356E-10 9.3694E-11 9.4945E-11 9.6062E-11 9.7036E-11 9.7868E-11 9.8546E-11 9.9065E-11 9.9425E-11 9.9618E-11 9.9645E-11 9.9503E-11 9.9192E-11 9.8713E-11 9.8068E-11 9.7259E-11 9.6289E-11 9.5165E-11 9.3891E-11 9.2476E-11 9.0926E-11 8.9248E-11 8.7452E-11 8.5545E-11 8.3537E-11 8.1436E-11 7.9253E-11 7.6997E-11 7.4678E-11 7.2306E-11 6.9890E-11 6.7439E-11 6.4965E-11 6.2475E-11 5.9978E-11 5.7484E-11 5.5001E-11 5.2536E-11 5.0096E-11 4.7689E-11 4.5322E-11 4.2999E-11 4.0727E-11 3.8509E-11 3.6352E-11 3.4257E-11 3.2229E-11 3.0270E-11 2.8383E-11 2.6569E-11 2.4829E-11 2.3164E-11 2.1575E-11 2.0061E-11 1.8622E-11
5.7766E-10 3.5524E-10 1.6332E-10 8.7995E-11 8.9163E-11 9.0210E-11 9.1126E-11 9.1901E-11 9.2537E-11 9.3024E-11 9.3357E-11 9.3539E-11 9.3563E-11 9.3428E-11 9.3138E-11 9.2688E-11 9.2082E-11 9.1324E-11 9.0415E-11 8.9361E-11 8.8168E-11 8.6842E-11 8.5389E-11 8.3816E-11 8.2131E-11 8.0343E-11 7.8459E-11 7.6489E-11 7.4440E-11 7.2324E-11 7.0147E-11 6.7921E-11 6.5653E-11 6.3353E-11 6.1030E-11 5.8693E-11 5.6349E-11 5.4008E-11 5.1676E-11 4.9361E-11 4.7071E-11 4.4811E-11 4.2587E-11 4.0406E-11 3.8272E-11 3.6189E-11 3.4163E-11 3.2195E-11 3.0290E-11 2.8450E-11 2.6677E-11 2.4972E-11 2.3338E-11 2.1773E-11 2.0280E-11 1.8858E-11 1.7506E-11
6.6127E-10 4.0742E-10 1.9053E-10 9.0955E-11 8.3538E-11 8.4518E-11 8.5378E-11 8.6111E-11 8.6704E-11 8.7165E-11 8.7482E-11 8.7653E-11 8.7681E-11 8.7560E-11 8.7288E-11 8.6870E-11 8.6306E-11 8.5597E-11 8.4748E-11 8.3763E-11 8.2647E-11 8.1406E-11 8.0046E-11 7.8574E-11 7.6997E-11 7.5323E-11 7.3559E-11 7.1714E-11 6.9796E-11 6.7813E-11 6.5774E-11 6.3689E-11 6.1564E-11 5.9410E-11 5.7233E-11 5.5043E-11 5.2847E-11 5.0652E-11 4.8467E-11 4.6297E-11 4.4150E-11 4.2031E-11 3.9947E-11 3.7902E-11 3.5901E-11 3.3949E-11 3.2049E-11 3.0204E-11 2.8418E-11 2.6692E-11 2.5029E-11 2.3431E-11 2.1898E-11 2.0430E-11 1.9030E-11 1.7695E-11 1.6427E-11
7.6285E-10 4.7427E-10 2.4620E-10 1.0103E-10 7.8089E-11 7.9018E-11 7.9825E-11 8.0516E-11 8.1082E-11 8.1514E-11 8.1821E-11 8.1990E-11 8.2018E-11 8.1910E-11 8.1661E-11 8.1273E-11 8.0747E-11 8.0086E-11 7.9294E-11 7.8375E-11 7.7334E-11 7.6175E-11 7.4905E-11 7.3529E-11 7.2056E-11 7.0491E-11 6.8843E-11 6.7118E-11 6.5325E-11 6.3471E-11 6.1565E-11 5.9615E-11 5.7628E-11 5.5613E-11 5.3577E-11 5.1528E-11 4.9474E-11 4.7421E-11 4.5376E-11 4.3346E-11 4.1337E-11 3.9355E-11 3.7405E-11 3.5491E-11 3.3618E-11 3.1791E-11 3.0013E-11 2.8286E-11 2.6614E-11 2.4999E-11 2.3442E-11 2.1945E-11 2.0510E-11 1.9137E-11 1.7825E-11 1.6576E-11 1.5388E-11
8.8729E-10 5.5579E-10 3.1285E-10 1.1392E-10 7.5631E-11 7.3722E-11 7.4492E-11 7.5142E-11 7.5681E-11 7.6101E-11 7.6390E-11 7.6554E-11 7.6589E-11 7.6491E-11 7.6261E-11 7.5901E-11 7.5412E-11 7.4798E-11 7.4060E-11 7.3204E-11 7.2233E-11 7.1153E-11 6.9969E-11 6.8687E-11 6.7312E-11 6.5853E-11 6.4315E-11 6.2705E-11 6.1032E-11 5.9302E-11 5.7523E-11 5.5702E-11 5.3848E-11 5.1966E-11 5.0066E-11 4.8153E-11 4.6234E-11 4.4317E-11 4.2408E-11 4.0512E-11 3.8636E-11 3.6784E-11 3.4962E-11 3.3174E-11 3.1425E-11 2.9718E-11 2.8056E-11 2.6443E-11 2.4881E-11 2.3371E-11 2.1917E-11 2.0518E-11 1.9177E-11 1.7893E-11 1.6667E-11 1.5500E-11 1.4390E-11
1.0425E-09 6.5392E-10 3.7768E-10 1.5690E-10 7.7095E-11 6.8661E-11 6.9387E-11 7.0013E-11 7.0523E-11 7.0919E-11 7.1200E-11 7.1358E-11 7.1392E-11 7.1303E-11 7.1092E-11 7.0758E-11 7.0305E-11 6.9734E-11 6.9048E-11 6.8252E-11 6.7349E-11 6.6344E-11 6.5242E-11 6.4049E-11 6.2769E-11 6.1410E-11 5.9978E-11 5.8479E-11 5.6920E-11 5.5308E-11 5.3651E-11 5.1955E-11 5.0226E-11 4.8473E-11 4.6702E-11 4.4919E-11 4.3131E-11 4.1344E-11 3.9564E-11 3.7796E-11 3.6047E-11 3.4320E-11 3.2622E-11 3.0954E-11 2.9323E-11 2.7731E-11 2.6181E-11 2.4677E-11 2.3219E-11 2.1812E-11 2.0455E-11 1.9150E-11 1.7899E-11 1.6701E-11 1.5557E-11 1.4468E-11 1.3432E-11
1.2377E-09 7.8949E-10 4.6541E-10 2.1050E-10 8.7825E-11 6.4278E-11 6.4534E-11 6.5121E-11 6.5608E-11 6.5984E-11 6.6247E-11 6.6396E-11 6.6430E-11 6.6350E-11 6.6155E-11 6.5846E-11 6.5426E-11 6.4897E-11 6.4261E-11 6.3523E-11 6.2684E-11 6.1751E-11 6.0727E-11 5.9618E-11 5.8429E-11 5.7166E-11 5.5834E-11 5.4441E-11 5.2991E-11 5.1493E-11 4.9951E-11 4.8373E-11 4.6766E-11 4.5135E-11 4.3487E-11 4.1828E-11 4.0164E-11 3.8502E-11 3.6845E-11 3.5200E-11 3.3572E-11 3.1965E-11 3.0384E-11 2.8832E-11 2.7314E-11 2.5832E-11 2.4389E-11 2.2988E-11 2.1631E-11 2.0320E-11 1.9057E-11 1.7842E-11 1.6676E-11 1.5561E-11 1.4496E-11 1.3481E-11 1.2517E-11
1.4858E-09 9.5243E-10 5.7562E-10 2.8376E-10 1.1915E-10 6.2527E-11 5.9922E-11 6.0477E-11 6.0931E-11 6.1282E-11 6.1529E-11 6.1669E-11 6.1703E-11 6.1630E-11 6.1451E-11 6.1166E-11 6.0778E-11 6.0289E-11 5.9700E-11 5.9016E-11 5.8239E-11 5.7374E-11 5.6424E-11 5.5396E-11 5.4293E-11 5.3121E-11 5.1885E-11 5.0592E-11 4.9246E-11 4.7855E-11 4.6424E-11 4.4959E-11 4.3467E-11 4.1952E-11 4.0422E-11 3.8881E-11 3.7336E-11 3.5791E-11 3.4253E-11 3.2725E-11 3.1212E-11 2.9719E-11 2.8250E-11 2.6808E-11 2.5397E-11 2.4020E-11 2.2679E-11 2.1377E-11 2.0116E-11 1.8897E-11 1.7723E-11 1.6594E-11 1.5510E-11 1.4473E-11 1.3483E-11 1.2540E-11 1.1643E-11
1.7977E-09 1.1734E-09 7.1732E-10 3.9073E-10 1.6673E-10 7.7845E-11 5.5548E-11 5.6064E-11 5.6487E-11 5.6815E-11 5.7045E-11 5.7177E-11 5.7210E-11 5.7144E-11 5.6980E-11 5.6718E-11 5.6360E-11 5.5908E-11 5.5364E-11 5.4731E-11 5.4013E-11 5.3212E-11 5.2333E-11 5.1381E-11 5.0360E-11 4.9274E-11 4.8130E-11 4.6932E-11 4.5685E-11 4.4396E-11 4.3070E-11 4.1712E-11 4.0329E-11 3.8925E-11 3.7507E-11 3.6078E-11 3.4646E-11 3.3213E-11 3.1787E-11 3.0370E-11 2.8967E-11 2.7582E-11 2.6220E-11 2.4882E-11 2.3573E-11 2.2296E-11 2.1052E-11 1.9844E-11 1.8674E-11 1.7543E-11 1.6454E-11 1.5406E-11 1.4400E-11 1.3438E-11 1.2519E-11 1.1644E-11 1.0811E-11
2.1982E-09 1.4546E-09 9.1058E-10 5.1182E-10 2.3175E-10 1.0789E-10 5.6222E-11 5.1881E-11 5.2274E-11 5.2579E-11 5.2794E-11 5.2918E-11 5.2950E-11 5.2891E-11 5.2741E-11 5.2500E-11 5.2171E-11 5.1754E-11 5.1252E-11 5.0668E-11 5.0004E-11 4.9265E-11 4.8453E-11 4.7573E-11 4.6629E-11 4.5625E-11 4.4567E-11 4.3459E-11 4.2307E-11 4.1114E-11 3.9888E-11 3.8632E-11 3.7352E-11 3.6053E-11 3.4740E-11 3.3418E-11 3.2092E-11 3.0767E-11 2.9446E-11 2.8135E-11 2.6836E-11 2.5554E-11 2.4292E-11 2.3054E-11 2.1842E-11 2.0659E-11 1.9507E-11 1.8388E-11 1.7305E-11 1.6258E-11 1.5248E-11 1.4278E-11 1.3346E-11 1.2455E-11 1.1604E-11 1.0792E-11 9.7891E-12
2.7065E-09 1.8188E-09 1.1598E-09 6.7786E-10 3.3622E-10 1.6067E-10 6.9706E-11 4.7925E-11 4.8289E-11 4.8573E-11 4.8773E-11 4.8889E-11 4.8920E-11 4.8867E-11 4.8730E-11 4.8510E-11 4.8207E-11 4.7823E-11 4.7361E-11 4.6823E-11 4.6211E-11 4.5530E-11 4.4781E-11 4.3969E-11 4.3098E-11 4.2172E-11 4.1195E-11 4.0173E-11 3.9109E-11 3.8008E-11 3.6875E-11 3.5715E-11 3.4533E-11 3.3333E-11 3.2121E-11 3.0900E-11 2.9675E-11 2.8450E-11 2.7230E-11 2.6018E-11 2.4818E-11 2.3633E-11 2.2467E-11 2.1323E-11 2.0202E-11 1.9109E-11 1.8044E-11 1.7010E-11 1.6008E-11 1.5040E-11 1.4107E-11 1.3209E-11 1.2348E-11 1.1524E-11 1.0736E-11 9.7507E-12 9.0603E-12
3.3416E-09 2.2969E-09 1.4963E-09 9.1032E-10 4.7569E-10 2.3334E-10 1.0609E-10 5.3192E-11 4.4529E-11 4.4792E-11 4.4978E-11 4.5086E-11 4.5117E-11 4.5070E-11 4.4945E-11 4.4743E-11 4.4465E-11 4.4113E-11 4.3688E-11 4.3193E-11 4.2631E-11 4.2003E-11 4.1314E-11 4.0566E-11 3.9764E-11 3.8911E-11 3.8011E-11 3.7069E-11 3.6088E-11 3.5074E-11 3.4030E-11 3.2961E-11 3.1871E-11 3.0765E-11 2.9647E-11 2.8521E-11 2.7391E-11 2.6262E-11 2.5136E-11 2.4018E-11 2.2911E-11 2.1818E-11 2.0743E-11 1.9687E-11 1.8653E-11 1.7644E-11 1.6661E-11 1.5707E-11 1.4782E-11 1.3889E-11 1.3027E-11 1.2199E-11 1.1404E-11 1.0643E-11 9.6787E-12 9.0087E-12 8.3710E-12
4.1493E-09 2.9080E-09 1.9355E-09 1.2145E-09 6.8051E-10 3.4828E-10 1.6247E-10 7.7616E-11 4.1791E-11 4.1232E-11 4.1404E-11 4.1506E-11 4.1536E-11 4.1493E-11 4.1380E-11 4.1195E-11 4.0941E-11 4.0618E-11 4.0229E-11 3.9774E-11 3.9258E-11 3.8681E-11 3.8048E-11 3.7361E-11 3.6623E-11 3.5839E-11 3.5011E-11 3.4145E-11 3.3243E-11 3.2309E-11 3.1349E-11 3.0365E-11 2.9362E-11 2.8344E-11 2.7315E-11 2.6278E-11 2.5238E-11 2.4199E-11 2.3162E-11 2.2133E-11 2.1114E-11 2.0107E-11 1.9117E-11 1.8144E-11 1.7192E-11 1.6263E-11 1.5357E-11 1.4478E-11 1.3627E-11 1.2803E-11 1.2010E-11 1.1246E-11 1.0514E-11 9.5736E-12 8.9262E-12 8.3086E-12 7.4822E-12
5.1551E-09 3.6965E-09 2.5294E-09 1.6334E-09 9.7811E-10 5.2322E-10 2.6310E-10 1.2927E-10 5.6461E-11 3.7887E-11 3.8047E-11 3.8142E-11 3.8171E-11 3.8133E-11 3.8030E-11 3.7862E-11 3.7630E-11 3.7334E-11 3.6977E-11 3.6561E-11 3.6087E-11 3.5559E-11 3.4978E-11 3.4347E-11 3.3671E-11 3.2951E-11 3.2191E-11 3.1395E-11 3.0567E-11 2.9710E-11 2.8828E-11 2.7924E-11 2.7003E-11 2.6068E-11 2.5122E-11 2.4170E-11 2.3214E-11 2.2258E-11 2.1306E-11 2.0360E-11 1.9423E-11 1.8498E-11 1.7587E-11 1.6693E-11 1.5818E-11 1.4963E-11 1.4131E-11 1.3322E-11 1.2539E-11 1.1782E-11 1.1052E-11 1.0350E-11 9.4367E-12 8.8137E-12 8.2179E-12 7.4095E-12 6.8907E-12
6.3933E-09 4.7007E-09 3.2970E-09 2.1937E-09 1.3711E-09 7.7287E-10 4.0628E-10 2.1140E-10 9.9247E-11 4.5241E-11 3.4900E-11 3.4988E-11 3.5016E-11 3.4983E-11 3.4890E-11 3.4737E-11 3.4525E-11 3.4255E-11 3.3929E-11 3.3548E-11 3.3115E-11 3.2631E-11 3.2099E-11 3.1522E-11 3.0902E-11 3.0242E-11 2.9546E-11 2.8817E-11 2.8058E-11 2.7272E-11 2.6463E-11 2.5634E-11 2.4790E-11 2.3932E-11 2.3065E-11 2.2191E-11 2.1315E-11 2.0438E-11 1.9564E-11 1.8696E-11 1.7836E-11 1.6988E-11 1.6152E-11 1.5331E-11 1.4528E-11 1.3743E-11 1.2979E-11 1.2237E-11 1.1518E-11 1.0823E-11 1.0153E-11 9.2692E-12 8.6722E-12 8.0999E-12 7.3121E-12 6.8118E-12 6.3350E-12
7.9021E-09 5.9632E-09 4.2940E-09 2.9505E-09 1.9082E-09 1.1408E-09 6.3551E-10 3.4036E-10 1.7333E-10 8.0938E-11 3.9012E-11 3.2039E-11 3.2065E-11 3.2036E-11 3.1952E-11 3.1813E-11 3.1620E-11 3.1374E-11 3.1077E-11 3.0729E-11 3.0333E-11 2.9891E-11 2.9405E-11 2.8877E-11 2.8310E-11 2.7707E-11 2.7070E-11 2.6403E-11 2.5709E-11 2.4990E-11 2.4249E-11 2.3491E-11 2.2718E-11 2.1932E-11 2.1138E-11 2.0339E-11 1.9536E-11 1.8733E-11 1.7933E-11 1.7138E-11 1.6351E-11 1.5573E-11 1.4807E-11 1.4056E-11 1.3320E-11 1.2601E-11 1.1901E-11 1.1221E-11 1.0562E-11 9.9249E-12 9.0729E-12 8.5031E-12 7.9556E-12 7.1907E-12 6.7103E-12 6.2513E-12 5.5788E-12
