Assets/Resources/2015_m01_d13_0900(utc+0800)_l00_csi_1hr_conc.grd
DSAA
         159         159
     -79.000      79.000
     -79.000      79.000
  0.0000E+00  0.9504E-05
[rows 50 to 74 of 159, columns 0 to 56 of 159]
2.1027E-09 2.1657E-09 2.2267E-09 2.2865E-09 2.3448E-09 2.3996E-09 2.4508E-09 2.4991E-09 2.5430E-09 2.5808E-09 2.6130E-09 2.6396E-09 2.6589E-09 2.6697E-09 2.6741E-09 2.6701E-09 2.6574E-09 2.6352E-09 2.6049E-09 2.5644E-09 2.5143E-09 2.4552E-09 2.3885E-09 2.3153E-09 2.2384E-09 2.1566E-09 2.0715E-09 1.9842E-09 1.8976E-09 1.8100E-09 1.7246E-09 1.6401E-09 1.5580E-09 1.4792E-09 1.4026E-09 1.3316E-09 1.2638E-09 1.2014E-09 1.1435E-09 1.0889E-09 1.0398E-09 9.9276E-10 9.3905E-10 8.8388E-10 8.3671E-10 7.8955E-10 7.4301E-10 6.9875E-10 6.5752E-10 6.1418E-10 5.6942E-10 5.2465E-10 4.8792E-10 4.5515E-10 4.2352E-10 3.9261E-10 3.5412E-10
2.2102E-09 2.2784E-09 2.3458E-09 2.4132E-09 2.4773E-09 2.5385E-09 2.5973E-09 2.6523E-09 2.7020E-09 2.7469E-09 2.7861E-09 2.8192E-09 2.8441E-09 2.8626E-09 2.8725E-09 2.8738E-09 2.8664E-09 2.8493E-09 2.8213E-09 2.7834E-09 2.7364E-09 2.6791E-09 2.6131E-09 2.5408E-09 2.4616E-09 2.3775E-09 2.2905E-09 2.2012E-09 2.1103E-09 2.0187E-09 1.9275E-09 1.8376E-09 1.7493E-09 1.6645E-09 1.5824E-09 1.5052E-09 1.4320E-09 1.3646E-09 1.3035E-09 1.2454E-09 1.1881E-09 1.1334E-09 1.0812E-09 1.0232E-09 9.7021E-10 9.1917E-10 8.6909E-10 8.1832E-10 7.7016E-10 7.2396E-10 6.7560E-10 6.2247E-10 5.7831E-10 5.4113E-10 5.0328E-10 4.6641E-10 4.2632E-10
2.3185E-09 2.3932E-09 2.4677E-09 2.5417E-09 2.6124E-09 2.6810E-09 2.7471E-09 2.8086E-09 2.8658E-09 2.9179E-09 2.9646E-09 3.0044E-09 3.0375E-09 3.0618E-09 3.0787E-09 3.0869E-09 3.0845E-09 3.0714E-09 3.0475E-09 3.0142E-09 2.9698E-09 2.9171E-09 2.8520E-09 2.7785E-09 2.6988E-09 2.6149E-09 2.5262E-09 2.4343E-09 2.3394E-09 2.2434E-09 2.1471E-09 2.0513E-09 1.9572E-09 1.8661E-09 1.7791E-09 1.6973E-09 1.6203E-09 1.5464E-09 1.4771E-09 1.4128E-09 1.3527E-09 1.2968E-09 1.2399E-09 1.1795E-09 1.1174E-09 1.0589E-09 1.0048E-09 9.5202E-10 8.9863E-10 8.4685E-10 7.9443E-10 7.4017E-10 6.8474E-10 6.3978E-10 5.9803E-10 5.5448E-10 5.0688E-10
2.4284E-09 2.5104E-09 2.5910E-09 2.6720E-09 2.7504E-09 2.8257E-09 2.8995E-09 2.9689E-09 3.0331E-09 3.0939E-09 3.1482E-09 3.1961E-09 3.2359E-09 3.2686E-09 3.2933E-09 3.3066E-09 3.3100E-09 3.3020E-09 3.2849E-09 3.2548E-09 3.2170E-09 3.1662E-09 3.1040E-09 3.0334E-09 2.9571E-09 2.8700E-09 2.7771E-09 2.6810E-09 2.5828E-09 2.4822E-09 2.3813E-09 2.2803E-09 2.1819E-09 2.0870E-09 1.9960E-09 1.9075E-09 1.8226E-09 1.7434E-09 1.6718E-09 1.6047E-09 1.5375E-09 1.4735E-09 1.4111E-09 1.3483E-09 1.2840E-09 1.2222E-09 1.1600E-09 1.1019E-09 1.0433E-09 9.8222E-10 9.2742E-10 8.7134E-10 8.1002E-10 7.5189E-10 7.0499E-10 6.5711E-10 6.0361E-10
2.5400E-09 2.6281E-09 2.7156E-09 2.8045E-09 2.8897E-09 2.9725E-09 3.0549E-09 3.1315E-09 3.2041E-09 3.2741E-09 3.3364E-09 3.3913E-09 3.4409E-09 3.4821E-09 3.5125E-09 3.5334E-09 3.5430E-09 3.5429E-09 3.5298E-09 3.5083E-09 3.4733E-09 3.4256E-09 3.3674E-09 3.3020E-09 3.2281E-09 3.1442E-09 3.0529E-09 2.9563E-09 2.8508E-09 2.7423E-09 2.6332E-09 2.5288E-09 2.4272E-09 2.3267E-09 2.2282E-09 2.1343E-09 2.0470E-09 1.9645E-09 1.8856E-09 1.8109E-09 1.7395E-09 1.6723E-09 1.6056E-09 1.5404E-09 1.4676E-09 1.3989E-09 1.3348E-09 1.2719E-09 1.2095E-09 1.1477E-09 1.0796E-09 1.0156E-09 9.5300E-10 8.8532E-10 8.2406E-10 7.6921E-10 7.1340E-10
2.6517E-09 2.7465E-09 2.8418E-09 2.9377E-09 3.0304E-09 3.1218E-09 3.2117E-09 3.2970E-09 3.3787E-09 3.4572E-09 3.5273E-09 3.5921E-09 3.6511E-09 3.6991E-09 3.7380E-09 3.7662E-09 3.7846E-09 3.7897E-09 3.7865E-09 3.7697E-09 3.7391E-09 3.6959E-09 3.6442E-09 3.5823E-09 3.5073E-09 3.4272E-09 3.3391E-09 3.2449E-09 3.1408E-09 3.0338E-09 2.9253E-09 2.8116E-09 2.6958E-09 2.5833E-09 2.4811E-09 2.3849E-09 2.2913E-09 2.2017E-09 2.1191E-09 2.0409E-09 1.9645E-09 1.8901E-09 1.8190E-09 1.7493E-09 1.6763E-09 1.6008E-09 1.5304E-09 1.4601E-09 1.3897E-09 1.3235E-09 1.2518E-09 1.1806E-09 1.1098E-09 1.0332E-09 9.6268E-10 8.9770E-10 8.3330E-10
2.7635E-09 2.8659E-09 2.9681E-09 3.0715E-09 3.1728E-09 3.2717E-09 3.3705E-09 3.4650E-09 3.5554E-09 3.6422E-09 3.7228E-09 3.7965E-09 3.8638E-09 3.9210E-09 3.9685E-09 4.0056E-09 4.0308E-09 4.0453E-09 4.0499E-09 4.0385E-09 4.0139E-09 3.9770E-09 3.9322E-09 3.8714E-09 3.7989E-09 3.7247E-09 3.6387E-09 3.5418E-09 3.4459E-09 3.3441E-09 3.2363E-09 3.1189E-09 3.0038E-09 2.8894E-09 2.7753E-09 2.6589E-09 2.5547E-09 2.4626E-09 2.3747E-09 2.2902E-09 2.2088E-09 2.1319E-09 2.0576E-09 1.9823E-09 1.9088E-09 1.8257E-09 1.7466E-09 1.6708E-09 1.5961E-09 1.5195E-09 1.4423E-09 1.3671E-09 1.2861E-09 1.2058E-09 1.1217E-09 1.0442E-09 9.7025E-10
2.8756E-09 2.9850E-09 3.0941E-09 3.2062E-09 3.3152E-09 3.4226E-09 3.5308E-09 3.6342E-09 3.7328E-09 3.8304E-09 3.9203E-09 4.0028E-09 4.0802E-09 4.1466E-09 4.2033E-09 4.2488E-09 4.2842E-09 4.3067E-09 4.3191E-09 4.3145E-09 4.2965E-09 4.2686E-09 4.2270E-09 4.1697E-09 4.1035E-09 4.0343E-09 3.9496E-09 3.8560E-09 3.7677E-09 3.6681E-09 3.5584E-09 3.4507E-09 3.3380E-09 3.2235E-09 3.1046E-09 2.9910E-09 2.8777E-09 2.7644E-09 2.6518E-09 2.5638E-09 2.4801E-09 2.3975E-09 2.3174E-09 2.2376E-09 2.1592E-09 2.0749E-09 1.9889E-09 1.9073E-09 1.8246E-09 1.7410E-09 1.6587E-09 1.5732E-09 1.4854E-09 1.3966E-09 1.3027E-09 1.2114E-09 1.1259E-09
2.9869E-09 3.1029E-09 3.2203E-09 3.3403E-09 3.4573E-09 3.5741E-09 3.6916E-09 3.8033E-09 3.9125E-09 4.0197E-09 4.1189E-09 4.2116E-09 4.2989E-09 4.3749E-09 4.4411E-09 4.4972E-09 4.5416E-09 4.5726E-09 4.5932E-09 4.5972E-09 4.5874E-09 4.5658E-09 4.5301E-09 4.4789E-09 4.4195E-09 4.3541E-09 4.2735E-09 4.1862E-09 4.1022E-09 4.0027E-09 3.8960E-09 3.7972E-09 3.6903E-09 3.5788E-09 3.4648E-09 3.3523E-09 3.2362E-09 3.1218E-09 3.0116E-09 2.9001E-09 2.7900E-09 2.6863E-09 2.6021E-09 2.5183E-09 2.4352E-09 2.3457E-09 2.2567E-09 2.1676E-09 2.0787E-09 1.9899E-09 1.8980E-09 1.8041E-09 1.7106E-09 1.6088E-09 1.5085E-09 1.4035E-09 1.3018E-09
3.0966E-09 3.2203E-09 3.3456E-09 3.4733E-09 3.5994E-09 3.7252E-09 3.8512E-09 3.9731E-09 4.0923E-09 4.2092E-09 4.3185E-09 4.4214E-09 4.5187E-09 4.6049E-09 4.6820E-09 4.7480E-09 4.8020E-09 4.8417E-09 4.8726E-09 4.8858E-09 4.8839E-09 4.8691E-09 4.8417E-09 4.7967E-09 4.7425E-09 4.6870E-09 4.6113E-09 4.5301E-09 4.4498E-09 4.3531E-09 4.2519E-09 4.1604E-09 4.0551E-09 3.9464E-09 3.8417E-09 3.7359E-09 3.6264E-09 3.5171E-09 3.4075E-09 3.2958E-09 3.1778E-09 3.0650E-09 2.9476E-09 2.8308E-09 2.7378E-09 2.6476E-09 2.5504E-09 2.4550E-09 2.3595E-09 2.2618E-09 2.1618E-09 2.0612E-09 1.9608E-09 1.8599E-09 1.7534E-09 1.6386E-09 1.5257E-09
3.2048E-09 3.3364E-09 3.4687E-09 3.6053E-09 3.7404E-09 3.8745E-09 4.0102E-09 4.1424E-09 4.2708E-09 4.3980E-09 4.5181E-09 4.6306E-09 4.7388E-09 4.8361E-09 4.9240E-09 5.0006E-09 5.0640E-09 5.1142E-09 5.1558E-09 5.1784E-09 5.1839E-09 5.1785E-09 5.1598E-09 5.1215E-09 5.0768E-09 5.0287E-09 4.9590E-09 4.8813E-09 4.8124E-09 4.7197E-09 4.6243E-09 4.5413E-09 4.4397E-09 4.3344E-09 4.2396E-09 4.1383E-09 4.0338E-09 3.9328E-09 3.8290E-09 3.7208E-09 3.6144E-09 3.5058E-09 3.3887E-09 3.2565E-09 3.1281E-09 2.9936E-09 2.8732E-09 2.7706E-09 2.6688E-09 2.5638E-09 2.4589E-09 2.3585E-09 2.2511E-09 2.1401E-09 2.0219E-09 1.8935E-09 1.7681E-09
3.3114E-09 3.4499E-09 3.5901E-09 3.7356E-09 3.8791E-09 4.0217E-09 4.1682E-09 4.3094E-09 4.4477E-09 4.5861E-09 4.7159E-09 4.8390E-09 4.9588E-09 5.0672E-09 5.1661E-09 5.2528E-09 5.3271E-09 5.3883E-09 5.4409E-09 5.4723E-09 5.4877E-09 5.4926E-09 5.4826E-09 5.4544E-09 5.4185E-09 5.3781E-09 5.3152E-09 5.2459E-09 5.1862E-09 5.0998E-09 5.0089E-09 4.9382E-09 4.8425E-09 4.7439E-09 4.6625E-09 4.5651E-09 4.4662E-09 4.3729E-09 4.2778E-09 4.1805E-09 4.0785E-09 3.9737E-09 3.8653E-09 3.7479E-09 3.6236E-09 3.4828E-09 3.3176E-09 3.1576E-09 3.0158E-09 2.9043E-09 2.7980E-09 2.6860E-09 2.5689E-09 2.4531E-09 2.3407E-09 2.2102E-09 2.0721E-09
3.4152E-09 3.5606E-09 3.7092E-09 3.8632E-09 4.0146E-09 4.1672E-09 4.3231E-09 4.4737E-09 4.6228E-09 4.7711E-09 4.9112E-09 5.0457E-09 5.1770E-09 5.2967E-09 5.4064E-09 5.5039E-09 5.5896E-09 5.6627E-09 5.7258E-09 5.7677E-09 5.7941E-09 5.8090E-09 5.8102E-09 5.7922E-09 5.7645E-09 5.7332E-09 5.6787E-09 5.6202E-09 5.5685E-09 5.4932E-09 5.4086E-09 5.3494E-09 5.2635E-09 5.1756E-09 5.1030E-09 5.0160E-09 4.9235E-09 4.8450E-09 4.7562E-09 4.6677E-09 4.5742E-09 4.4832E-09 4.3814E-09 4.2734E-09 4.1578E-09 4.0303E-09 3.8867E-09 3.7332E-09 3.5495E-09 3.3568E-09 3.1728E-09 3.0511E-09 2.9426E-09 2.8216E-09 2.6919E-09 2.5546E-09 2.4109E-09
3.5153E-09 3.6685E-09 3.8251E-09 3.9869E-09 4.1471E-09 4.3093E-09 4.4741E-09 4.6348E-09 4.7941E-09 4.9523E-09 5.1035E-09 5.2492E-09 5.3920E-09 5.5232E-09 5.6436E-09 5.7531E-09 5.8511E-09 5.9351E-09 6.0093E-09 6.0630E-09 6.1001E-09 6.1263E-09 6.1401E-09 6.1316E-09 6.1133E-09 6.0942E-09 6.0497E-09 6.0009E-09 5.9611E-09 5.8953E-09 5.8204E-09 5.7744E-09 5.7012E-09 5.6244E-09 5.5669E-09 5.4879E-09 5.4118E-09 5.3452E-09 5.2705E-09 5.1916E-09 5.1139E-09 5.0294E-09 4.9406E-09 4.8453E-09 4.7408E-09 4.6262E-09 4.5025E-09 4.3594E-09 4.1919E-09 4.0056E-09 3.8140E-09 3.5652E-09 3.3511E-09 3.2227E-09 3.1014E-09 2.9846E-09 2.8391E-09
3.6120E-09 3.7730E-09 3.9369E-09 4.1065E-09 4.2761E-09 4.4468E-09 4.6209E-09 4.7921E-09 4.9604E-09 5.1293E-09 5.2917E-09 5.4482E-09 5.6028E-09 5.7447E-09 5.8768E-09 5.9984E-09 6.1085E-09 6.2031E-09 6.2901E-09 6.3559E-09 6.4039E-09 6.4438E-09 6.4700E-09 6.4713E-09 6.4645E-09 6.4584E-09 6.4236E-09 6.3843E-09 6.3608E-09 6.3032E-09 6.2427E-09 6.2119E-09 6.1517E-09 6.0843E-09 6.0472E-09 5.9816E-09 5.9193E-09 5.8722E-09 5.8135E-09 5.7501E-09 5.6945E-09 5.6232E-09 5.5522E-09 5.4741E-09 5.3838E-09 5.2873E-09 5.1777E-09 5.0427E-09 4.8973E-09 4.7432E-09 4.5596E-09 4.3369E-09 4.1101E-09 3.8265E-09 3.5878E-09 3.4565E-09 3.3169E-09
3.7048E-09 3.8728E-09 4.0436E-09 4.2217E-09 4.3999E-09 4.5786E-09 4.7628E-09 4.9434E-09 5.1209E-09 5.3012E-09 5.4739E-09 5.6417E-09 5.8077E-09 5.9606E-09 6.1048E-09 6.2389E-09 6.3603E-09 6.4666E-09 6.5671E-09 6.6444E-09 6.7055E-09 6.7588E-09 6.7965E-09 6.8093E-09 6.8153E-09 6.8225E-09 6.7986E-09 6.7724E-09 6.7643E-09 6.7188E-09 6.6714E-09 6.6604E-09 6.6090E-09 6.5611E-09 6.5396E-09 6.4951E-09 6.4480E-09 6.4265E-09 6.3804E-09 6.3407E-09 6.3037E-09 6.2653E-09 6.2144E-09 6.1596E-09 6.0960E-09 6.0226E-09 5.9317E-09 5.8244E-09 5.7060E-09 5.5608E-09 5.3846E-09 5.2031E-09 5.0040E-09 4.7658E-09 4.4812E-09 4.1295E-09 3.9302E-09
3.7931E-09 3.9675E-09 4.1453E-09 4.3321E-09 4.5180E-09 4.7050E-09 4.8991E-09 5.0880E-09 5.2754E-09 5.4664E-09 5.6495E-09 5.8284E-09 6.0050E-09 6.1696E-09 6.3257E-09 6.4720E-09 6.6044E-09 6.7235E-09 6.8370E-09 6.9266E-09 7.0015E-09 7.0676E-09 7.1181E-09 7.1439E-09 7.1634E-09 7.1844E-09 7.1736E-09 7.1608E-09 7.1673E-09 7.1387E-09 7.1037E-09 7.1140E-09 7.0771E-09 7.0446E-09 7.0440E-09 7.0179E-09 6.9918E-09 6.9898E-09 6.9756E-09 6.9564E-09 6.9540E-09 6.9409E-09 6.9196E-09 6.8952E-09 6.8711E-09 6.8259E-09 6.7733E-09 6.7106E-09 6.6210E-09 6.5081E-09 6.3847E-09 6.2284E-09 6.0292E-09 5.8031E-09 5.5746E-09 5.3261E-09 5.0238E-09
3.8757E-09 4.0561E-09 4.2413E-09 4.4359E-09 4.6288E-09 4.8250E-09 5.0277E-09 5.2250E-09 5.4227E-09 5.6236E-09 5.8172E-09 6.0066E-09 6.1940E-09 6.3702E-09 6.5386E-09 6.6960E-09 6.8403E-09 6.9724E-09 7.0985E-09 7.2019E-09 7.2901E-09 7.3687E-09 7.4334E-09 7.4726E-09 7.5056E-09 7.5420E-09 7.5454E-09 7.5467E-09 7.5714E-09 7.5596E-09 7.5380E-09 7.5656E-09 7.5499E-09 7.5303E-09 7.5592E-09 7.5486E-09 7.5515E-09 7.5717E-09 7.5864E-09 7.5946E-09 7.6279E-09 7.6427E-09 7.6651E-09 7.6814E-09 7.6945E-09 7.6936E-09 7.6969E-09 7.6792E-09 7.6427E-09 7.6044E-09 7.5435E-09 7.4369E-09 7.2946E-09 7.1253E-09 6.9128E-09 6.6487E-09 6.3685E-09
3.9524E-09 4.1390E-09 4.3314E-09 4.5328E-09 4.7332E-09 4.9378E-09 5.1481E-09 5.3544E-09 5.5615E-09 5.7719E-09 5.9757E-09 6.1748E-09 6.3734E-09 6.5609E-09 6.7409E-09 6.9091E-09 7.0659E-09 7.2103E-09 7.3496E-09 7.4668E-09 7.5676E-09 7.6599E-09 7.7393E-09 7.7922E-09 7.8395E-09 7.8930E-09 7.9109E-09 7.9279E-09 7.9730E-09 7.9746E-09 7.9702E-09 8.0195E-09 8.0234E-09 8.0220E-09 8.0723E-09 8.0884E-09 8.1112E-09 8.1661E-09 8.2032E-09 8.2534E-09 8.3162E-09 8.3727E-09 8.4371E-09 8.4984E-09 8.5497E-09 8.6198E-09 8.6802E-09 8.7238E-09 8.7730E-09 8.8227E-09 8.8418E-09 8.8354E-09 8.8055E-09 8.7275E-09 8.5801E-09 8.3764E-09 8.1242E-09
4.0225E-09 4.2151E-09 4.4140E-09 4.6216E-09 4.8300E-09 5.0419E-09 5.2597E-09 5.4750E-09 5.6906E-09 5.9106E-09 6.1240E-09 6.3326E-09 6.5419E-09 6.7409E-09 6.9315E-09 7.1107E-09 7.2799E-09 7.4359E-09 7.5893E-09 7.7198E-09 7.8328E-09 7.9394E-09 8.0339E-09 8.1004E-09 8.1636E-09 8.2347E-09 8.2678E-09 8.3021E-09 8.3672E-09 8.3840E-09 8.3948E-09 8.4692E-09 8.4886E-09 8.5117E-09 8.5846E-09 8.6288E-09 8.6696E-09 8.7617E-09 8.8286E-09 8.9165E-09 9.0116E-09 9.1161E-09 9.2220E-09 9.3294E-09 9.4471E-09 9.5759E-09 9.7042E-09 9.8337E-09 9.9849E-09 1.0128E-08 1.0264E-08 1.0409E-08 1.0524E-08 1.0585E-08 1.0597E-08 1.0540E-08 1.0381E-08
4.0857E-09 4.2844E-09 4.4887E-09 4.7025E-09 4.9180E-09 5.1363E-09 5.3617E-09 5.5852E-09 5.8086E-09 6.0380E-09 6.2600E-09 6.4781E-09 6.6976E-09 6.9075E-09 7.1079E-09 7.2987E-09 7.4797E-09 7.6474E-09 7.8147E-09 7.9577E-09 8.0834E-09 8.2044E-09 8.3139E-09 8.3950E-09 8.4748E-09 8.5639E-09 8.6129E-09 8.6654E-09 8.7501E-09 8.7830E-09 8.8116E-09 8.9107E-09 8.9498E-09 8.9928E-09 9.0942E-09 9.1591E-09 9.2305E-09 9.3544E-09 9.4576E-09 9.5670E-09 9.7152E-09 9.8563E-09 1.0016E-08 1.0171E-08 1.0362E-08 1.0550E-08 1.0756E-08 1.0989E-08 1.1239E-08 1.1498E-08 1.1791E-08 1.2105E-08 1.2398E-08 1.2677E-08 1.2925E-08 1.3081E-08 1.3122E-08
4.1419E-09 4.3458E-09 4.5551E-09 4.7753E-09 4.9970E-09 5.2211E-09 5.4541E-09 5.6848E-09 5.9160E-09 6.1537E-09 6.3838E-09 6.6109E-09 6.8406E-09 7.0600E-09 7.2700E-09 7.4721E-09 7.6637E-09 7.8435E-09 8.0241E-09 8.1789E-09 8.3175E-09 8.4529E-09 8.5776E-09 8.6741E-09 8.7709E-09 8.8776E-09 8.9437E-09 9.0135E-09 9.1177E-09 9.1687E-09 9.2151E-09 9.3384E-09 9.3993E-09 9.4616E-09 9.5937E-09 9.6809E-09 9.7804E-09 9.9353E-09 1.0076E-08 1.0219E-08 1.0409E-08 1.0597E-08 1.0794E-08 1.1018E-08 1.1266E-08 1.1523E-08 1.1815E-08 1.2155E-08 1.2509E-08 1.2912E-08 1.3374E-08 1.3868E-08 1.4387E-08 1.4935E-08 1.5465E-08 1.5928E-08 1.6307E-08
4.1903E-09 4.3987E-09 4.6122E-09 4.8385E-09 5.0655E-09 5.2952E-09 5.5351E-09 5.7723E-09 6.0108E-09 6.2562E-09 6.4939E-09 6.7293E-09 6.9687E-09 7.1967E-09 7.4162E-09 7.6288E-09 7.8306E-09 8.0222E-09 8.2151E-09 8.3814E-09 8.5328E-09 8.6829E-09 8.8228E-09 8.9353E-09 9.0484E-09 9.1731E-09 9.2558E-09 9.3425E-09 9.4675E-09 9.5365E-09 9.6022E-09 9.7505E-09 9.8322E-09 9.9147E-09 1.0076E-08 1.0190E-08 1.0315E-08 1.0506E-08 1.0674E-08 1.0857E-08 1.1084E-08 1.1321E-08 1.1560E-08 1.1850E-08 1.2147E-08 1.2483E-08 1.2867E-08 1.3294E-08 1.3768E-08 1.4326E-08 1.4956E-08 1.5650E-08 1.6425E-08 1.7266E-08 1.8126E-08 1.8981E-08 1.9780E-08
4.2306E-09 4.4427E-09 4.6604E-09 4.8918E-09 5.1233E-09 5.3582E-09 5.6042E-09 5.8471E-09 6.0922E-09 6.3443E-09 6.5892E-09 6.8321E-09 7.0803E-09 7.3161E-09 7.5449E-09 7.7672E-09 7.9789E-09 8.1814E-09 8.3858E-09 8.5637E-09 8.7277E-09 8.8921E-09 9.0479E-09 9.1758E-09 9.3047E-09 9.4467E-09 9.5457E-09 9.6494E-09 9.7952E-09 9.8836E-09 9.9678E-09 1.0142E-08 1.0244E-08 1.0349E-08 1.0537E-08 1.0676E-08 1.0829E-08 1.1053E-08 1.1250E-08 1.1471E-08 1.1740E-08 1.2008E-08 1.2307E-08 1.2642E-08 1.3000E-08 1.3404E-08 1.3881E-08 1.4395E-08 1.4997E-08 1.5700E-08 1.6494E-08 1.7404E-08 1.8439E-08 1.9578E-08 2.0803E-08 2.2089E-08 2.3359E-08
4.2625E-09 4.4776E-09 4.6993E-09 4.9349E-09 5.1702E-09 5.4100E-09 5.6612E-09 5.9092E-09 6.1600E-09 6.4181E-09 6.6692E-09 6.9194E-09 7.1749E-09 7.4179E-09 7.6554E-09 7.8860E-09 8.1073E-09 8.3201E-09 8.5348E-09 8.7242E-09 8.9008E-09 9.0794E-09 9.2505E-09 9.3930E-09 9.5362E-09 9.6959E-09 9.8103E-09 9.9309E-09 1.0099E-08 1.0205E-08 1.0308E-08 1.0507E-08 1.0631E-08 1.0758E-08 1.0975E-08 1.1138E-08 1.1319E-08 1.1573E-08 1.1799E-08 1.2051E-08 1.2362E-08 1.2664E-08 1.3014E-08 1.3392E-08 1.3803E-08 1.4284E-08 1.4831E-08 1.5434E-08 1.6150E-08 1.6993E-08 1.7945E-08 1.9069E-08 2.0355E-08 2.1788E-08 2.3383E-08 2.5096E-08 2.6864E-08
