Assets/Resources/2015_m01_d06_1000(utc+0800)_l00_csi_1hr_conc.grd
DSAA
         159         159
     -79.000      79.000
     -79.000      79.000
  0.0000E+00  0.3989E-05
[rows 25 to 49 of 159, columns 57 to 113 of 159]
0.0000E+00 0.0000E+00 4.9172E-12 2.3411E-11 4.8722E-11 8.6674E-11 1.5310E-10 2.6146E-10 4.2051E-10 6.2533E-10 8.8621E-10 1.2297E-09 1.6644E-09 2.2022E-09 2.8533E-09 3.6184E-09 4.4950E-09 5.4732E-09 6.5352E-09 7.6559E-09 8.7941E-09 9.9045E-09 1.0941E-08 1.1859E-08 1.2617E-08 1.3183E-08 1.3533E-08 1.3658E-08 1.3561E-08 1.3260E-08 1.2776E-08 1.2145E-08 1.1402E-08 1.0581E-08 9.7168E-09 8.8399E-09 7.9803E-09 7.1558E-09 6.3740E-09 5.6510E-09 4.9873E-09 4.3843E-09 3.8394E-09 3.3491E-09 2.9221E-09 2.5400E-09 2.1989E-09 1.8972E-09 1.6251E-09 1.3806E-09 1.1607E-09 9.8300E-10 8.2967E-10 6.9667E-10 5.7932E-10 4.7567E-10 3.8643E-10
0.0000E+00 0.0000E+00 5.2459E-12 2.6700E-11 5.5088E-11 9.6542E-11 1.6340E-10 2.7658E-10 4.4238E-10 6.5891E-10 9.3600E-10 1.2979E-09 1.7560E-09 2.3218E-09 3.0063E-09 3.8118E-09 4.7350E-09 5.7637E-09 6.8737E-09 8.0388E-09 9.2164E-09 1.0357E-08 1.1412E-08 1.2330E-08 1.3071E-08 1.3598E-08 1.3891E-08 1.3944E-08 1.3763E-08 1.3366E-08 1.2783E-08 1.2051E-08 1.1212E-08 1.0306E-08 9.3747E-09 8.4436E-09 7.5382E-09 6.6838E-09 5.8929E-09 5.1669E-09 4.5154E-09 3.9301E-09 3.4066E-09 2.9439E-09 2.5486E-09 2.1998E-09 1.8913E-09 1.6218E-09 1.3770E-09 1.1604E-09 9.7212E-10 8.2227E-10 6.9303E-10 5.7969E-10 4.7778E-10 3.8844E-10 3.1160E-10
0.0000E+00 0.0000E+00 6.9361E-12 2.8507E-11 6.1291E-11 1.0698E-10 1.7584E-10 2.9083E-10 4.6311E-10 6.9328E-10 9.8527E-10 1.3638E-09 1.8427E-09 2.4370E-09 3.1572E-09 4.0047E-09 4.9736E-09 6.0482E-09 7.2062E-09 8.4130E-09 9.6268E-09 1.0795E-08 1.1862E-08 1.2780E-08 1.3500E-08 1.3987E-08 1.4223E-08 1.4200E-08 1.3929E-08 1.3436E-08 1.2754E-08 1.1927E-08 1.0999E-08 1.0012E-08 9.0089E-09 8.0253E-09 7.0894E-09 6.2140E-09 5.4137E-09 4.6945E-09 4.0530E-09 3.4897E-09 2.9936E-09 2.5619E-09 2.1995E-09 1.8828E-09 1.6073E-09 1.3677E-09 1.1483E-09 9.6004E-10 8.0312E-10 6.7935E-10 5.6908E-10 4.7147E-10 3.8362E-10 3.1022E-10 2.4541E-10
0.0000E+00 0.0000E+00 8.8109E-12 3.0327E-11 6.6479E-11 1.1779E-10 1.8909E-10 3.0608E-10 4.8264E-10 7.2680E-10 1.0326E-09 1.4263E-09 1.9277E-09 2.5520E-09 3.3053E-09 4.1907E-09 5.2034E-09 6.3266E-09 7.5330E-09 8.7851E-09 1.0037E-08 1.1234E-08 1.2317E-08 1.3232E-08 1.3929E-08 1.4373E-08 1.4544E-08 1.4442E-08 1.4079E-08 1.3486E-08 1.2702E-08 1.1775E-08 1.0758E-08 9.6971E-09 8.6364E-09 7.6047E-09 6.6346E-09 5.7465E-09 4.9428E-09 4.2327E-09 3.6122E-09 3.0702E-09 2.6033E-09 2.2034E-09 1.8755E-09 1.5919E-09 1.3464E-09 1.1321E-09 9.4235E-10 7.8224E-10 6.5315E-10 5.4988E-10 4.5529E-10 3.7415E-10 3.0125E-10 2.4160E-10 1.8937E-10
0.0000E+00 0.0000E+00 9.4806E-12 3.0806E-11 7.0728E-11 1.2641E-10 2.0180E-10 3.1905E-10 5.0163E-10 7.5725E-10 1.0736E-09 1.4851E-09 2.0106E-09 2.6596E-09 3.4452E-09 4.3699E-09 5.4268E-09 6.5983E-09 7.8530E-09 9.1502E-09 1.0440E-08 1.1662E-08 1.2757E-08 1.3664E-08 1.4337E-08 1.4737E-08 1.4846E-08 1.4664E-08 1.4210E-08 1.3519E-08 1.2636E-08 1.1614E-08 1.0508E-08 9.3701E-09 8.2478E-09 7.1792E-09 6.1865E-09 5.2855E-09 4.4893E-09 3.7907E-09 3.1909E-09 2.6768E-09 2.2389E-09 1.8738E-09 1.5782E-09 1.3261E-09 1.1079E-09 9.1357E-10 7.5738E-10 6.2377E-10 5.1828E-10 4.3412E-10 3.5685E-10 2.9038E-10 2.3184E-10 1.8381E-10 1.4232E-10
0.0000E+00 0.0000E+00 9.4430E-12 3.0680E-11 7.4385E-11 1.3427E-10 2.1382E-10 3.3189E-10 5.1745E-10 7.7929E-10 1.1129E-09 1.5433E-09 2.0856E-09 2.7597E-09 3.5774E-09 4.5410E-09 5.6407E-09 6.8576E-09 8.1614E-09 9.5046E-09 1.0833E-08 1.2084E-08 1.3193E-08 1.4097E-08 1.4746E-08 1.5100E-08 1.5143E-08 1.4878E-08 1.4329E-08 1.3536E-08 1.2551E-08 1.1435E-08 1.0247E-08 9.0444E-09 7.8687E-09 6.7583E-09 5.7449E-09 4.8412E-09 4.0496E-09 3.3731E-09 2.7951E-09 2.3098E-09 1.9010E-09 1.5717E-09 1.3079E-09 1.0830E-09 8.8873E-10 7.2482E-10 5.9205E-10 4.8568E-10 4.0413E-10 3.3599E-10 2.7374E-10 2.1985E-10 1.7388E-10 1.3563E-10 1.0257E-10
0.0000E+00 0.0000E+00 8.2035E-12 2.9079E-11 7.5016E-11 1.3934E-10 2.2317E-10 3.4517E-10 5.3309E-10 8.0293E-10 1.1479E-09 1.5890E-09 2.1506E-09 2.8519E-09 3.7012E-09 4.6992E-09 5.8410E-09 7.1074E-09 8.4618E-09 9.8540E-09 1.1224E-08 1.2504E-08 1.3626E-08 1.4524E-08 1.5148E-08 1.5457E-08 1.5435E-08 1.5089E-08 1.4447E-08 1.3556E-08 1.2472E-08 1.1262E-08 9.9883E-09 8.7139E-09 7.4898E-09 6.3522E-09 5.3214E-09 4.4162E-09 3.6378E-09 2.9780E-09 2.4293E-09 1.9717E-09 1.5943E-09 1.2990E-09 1.0644E-09 8.6652E-10 6.9212E-10 5.6110E-10 4.5350E-10 3.7085E-10 3.0837E-10 2.5388E-10 2.0420E-10 1.6167E-10 1.2562E-10 9.5999E-11 7.0630E-11
0.0000E+00 0.0000E+00 7.6347E-12 2.6947E-11 7.4195E-11 1.4186E-10 2.2937E-10 3.5322E-10 5.4286E-10 8.1445E-10 1.1742E-09 1.6293E-09 2.2106E-09 2.9327E-09 3.8085E-09 4.8437E-09 6.0316E-09 7.3461E-09 8.7474E-09 1.0188E-08 1.1602E-08 1.2918E-08 1.4061E-08 1.4962E-08 1.5564E-08 1.5830E-08 1.5743E-08 1.5314E-08 1.4577E-08 1.3582E-08 1.2397E-08 1.1093E-08 9.7404E-09 8.4033E-09 7.1293E-09 5.9614E-09 4.9220E-09 4.0171E-09 3.2521E-09 2.6160E-09 2.0925E-09 1.6662E-09 1.3162E-09 1.0548E-09 8.4825E-10 6.7473E-10 5.2342E-10 4.2298E-10 3.3846E-10 2.7661E-10 2.2898E-10 1.8627E-10 1.4695E-10 1.1446E-10 8.6363E-11 6.4284E-11 4.5101E-11
0.0000E+00 0.0000E+00 6.2117E-12 2.3576E-11 7.0863E-11 1.3975E-10 2.3250E-10 3.6209E-10 5.4996E-10 8.2993E-10 1.1909E-09 1.6576E-09 2.2535E-09 2.9966E-09 3.9042E-09 4.9777E-09 6.2042E-09 7.5641E-09 9.0206E-09 1.0515E-08 1.1979E-08 1.3332E-08 1.4498E-08 1.5400E-08 1.5984E-08 1.6209E-08 1.6060E-08 1.5549E-08 1.4717E-08 1.3623E-08 1.2338E-08 1.0941E-08 9.5061E-09 8.1043E-09 6.7890E-09 5.5930E-09 4.5438E-09 3.6488E-09 2.9000E-09 2.2860E-09 1.7895E-09 1.3910E-09 1.0689E-09 8.4200E-10 6.6260E-10 5.0600E-10 3.8940E-10 3.0869E-10 2.4499E-10 2.0140E-10 1.6435E-10 1.3124E-10 1.0058E-10 7.6905E-11 5.5555E-11 3.8978E-11 2.5483E-11
0.0000E+00 0.0000E+00 4.7766E-12 2.0545E-11 6.5053E-11 1.3403E-10 2.3156E-10 3.6599E-10 5.5208E-10 8.2729E-10 1.1989E-09 1.6768E-09 2.2860E-09 3.0486E-09 3.9831E-09 5.0859E-09 6.3561E-09 7.7682E-09 9.2780E-09 1.0825E-08 1.2340E-08 1.3738E-08 1.4935E-08 1.5851E-08 1.6423E-08 1.6611E-08 1.6401E-08 1.5811E-08 1.4885E-08 1.3687E-08 1.2300E-08 1.0808E-08 9.2945E-09 7.8312E-09 6.4720E-09 5.2559E-09 4.1991E-09 3.3070E-09 2.5772E-09 1.9874E-09 1.5197E-09 1.1460E-09 8.5387E-10 6.5956E-10 5.0402E-10 3.6859E-10 2.7915E-10 2.1596E-10 1.7297E-10 1.4076E-10 1.1241E-10 8.7837E-11 6.4429E-11 4.7239E-11 3.1869E-11 2.0282E-11 1.0787E-11
0.0000E+00 0.0000E+00 2.2156E-12 1.6898E-11 5.8978E-11 1.2432E-10 2.2610E-10 3.6481E-10 5.5275E-10 8.2715E-10 1.1954E-09 1.6787E-09 2.2979E-09 3.0782E-09 4.0360E-09 5.1769E-09 6.4913E-09 7.9494E-09 9.5116E-09 1.1121E-08 1.2696E-08 1.4146E-08 1.5381E-08 1.6315E-08 1.6883E-08 1.7040E-08 1.6774E-08 1.6106E-08 1.5084E-08 1.3786E-08 1.2297E-08 1.0710E-08 9.1149E-09 7.5877E-09 6.1837E-09 4.9409E-09 3.8811E-09 3.0015E-09 2.2880E-09 1.7249E-09 1.2803E-09 9.2765E-10 6.7201E-10 5.0701E-10 3.6473E-10 2.5218E-10 1.9033E-10 1.4492E-10 1.1720E-10 9.3880E-11 7.1992E-11 5.4061E-11 3.7167E-11 2.4775E-11 1.4142E-11 7.0510E-12 1.9316E-12
0.0000E+00 0.0000E+00 0.0000E+00 1.1949E-11 5.1136E-11 1.1343E-10 2.1617E-10 3.5598E-10 5.4484E-10 8.1100E-10 1.1802E-09 1.6682E-09 2.2961E-09 3.0884E-09 4.0693E-09 5.2392E-09 6.5872E-09 8.0990E-09 9.7253E-09 1.1399E-08 1.3034E-08 1.4541E-08 1.5822E-08 1.6784E-08 1.7356E-08 1.7489E-08 1.7173E-08 1.6431E-08 1.5318E-08 1.3916E-08 1.2324E-08 1.0642E-08 8.9648E-09 7.3748E-09 5.9289E-09 4.6672E-09 3.5983E-09 2.7268E-09 2.0332E-09 1.4894E-09 1.0742E-09 7.4393E-10 5.2008E-10 3.7732E-10 2.5167E-10 1.6948E-10 1.2132E-10 9.5280E-11 7.4652E-11 5.7303E-11 4.1476E-11 2.8272E-11 1.6952E-11 8.8085E-12 3.1352E-12 1.0818E-12 4.5627E-13
0.0000E+00 0.0000E+00 0.0000E+00 4.8031E-12 4.2689E-11 9.9469E-11 1.9851E-10 3.4204E-10 5.3322E-10 7.9147E-10 1.1556E-09 1.6384E-09 2.2690E-09 3.0699E-09 4.0708E-09 5.2672E-09 6.6612E-09 8.2220E-09 9.9030E-09 1.1644E-08 1.3356E-08 1.4936E-08 1.6278E-08 1.7280E-08 1.7869E-08 1.7991E-08 1.7634E-08 1.6822E-08 1.5616E-08 1.4109E-08 1.2409E-08 1.0624E-08 8.8594E-09 7.2006E-09 5.7083E-09 4.4197E-09 3.3497E-09 2.4844E-09 1.8118E-09 1.2901E-09 8.9573E-10 5.9020E-10 3.9830E-10 2.6495E-10 1.6028E-10 1.0416E-10 7.3928E-11 5.7709E-11 4.3057E-11 3.0421E-11 1.8886E-11 1.0117E-11 4.0303E-12 1.1756E-12 5.9432E-13 1.9070E-13 0.0000E+00
0.0000E+00 0.0000E+00 0.0000E+00 1.8064E-13 2.7110E-11 8.4995E-11 1.7903E-10 3.2164E-10 5.0976E-10 7.5961E-10 1.1170E-09 1.5957E-09 2.2255E-09 3.0286E-09 4.0393E-09 5.2614E-09 6.6885E-09 8.2949E-09 1.0045E-08 1.1861E-08 1.3651E-08 1.5309E-08 1.6721E-08 1.7780E-08 1.8398E-08 1.8518E-08 1.8126E-08 1.7250E-08 1.5957E-08 1.4347E-08 1.2536E-08 1.0647E-08 8.7919E-09 7.0636E-09 5.5283E-09 4.2133E-09 3.1305E-09 2.2779E-09 1.6173E-09 1.1222E-09 7.4112E-10 4.6162E-10 2.9904E-10 1.7175E-10 8.7454E-11 5.4715E-11 4.1538E-11 3.0034E-11 2.0631E-11 1.1213E-11 4.9170E-12 9.4470E-13 5.6130E-13 2.3328E-13 0.0000E+00 0.0000E+00 0.0000E+00
0.0000E+00 0.0000E+00 0.0000E+00 0.0000E+00 1.4893E-11 6.5101E-11 1.5783E-10 2.9467E-10 4.8302E-10 7.2485E-10 1.0657E-09 1.5343E-09 2.1536E-09 2.9520E-09 3.9755E-09 5.2170E-09 6.6713E-09 8.3297E-09 1.0142E-08 1.2036E-08 1.3916E-08 1.5668E-08 1.7164E-08 1.8289E-08 1.8952E-08 1.9088E-08 1.8673E-08 1.7739E-08 1.6359E-08 1.4642E-08 1.2721E-08 1.0725E-08 8.7748E-09 6.9688E-09 5.3789E-09 4.0386E-09 2.9501E-09 2.0981E-09 1.4571E-09 9.7368E-10 6.1161E-10 3.5685E-10 2.1250E-10 9.8967E-11 4.3666E-11 2.8133E-11 1.9720E-11 1.1203E-11 5.4985E-12 6.7759E-13 3.8270E-13 1.4256E-13 0.0000E+00 0.0000E+00 0.0000E+00 0.0000E+00 0.0000E+00
0.0000E+00 0.0000E+00 0.0000E+00 0.0000E+00 5.3205E-12 4.1671E-11 1.3300E-10 2.6215E-10 4.4495E-10 6.7641E-10 1.0035E-09 1.4594E-09 2.0659E-09 2.8500E-09 3.8720E-09 5.1202E-09 6.6068E-09 8.3106E-09 1.0184E-08 1.2166E-08 1.4147E-08 1.6011E-08 1.7619E-08 1.8839E-08 1.9563E-08 1.9720E-08 1.9288E-08 1.8297E-08 1.6830E-08 1.5001E-08 1.2960E-08 1.0847E-08 8.7968E-09 6.9157E-09 5.2716E-09 3.8957E-09 2.7980E-09 1.9527E-09 1.3207E-09 8.5542E-10 5.0146E-10 2.7492E-10 1.3738E-10 4.1523E-11 1.7604E-11 1.0777E-11 5.6572E-12 9.5344E-13 1.0882E-13 0.0000E+00 0.0000E+00 0.0000E+00 0.0000E+00 0.0000E+00 0.0000E+00 0.0000E+00 0.0000E+00
0.0000E+00 0.0000E+00 0.0000E+00 0.0000E+00 0.0000E+00 2.2273E-11 9.8453E-11 2.2552E-10 4.0300E-10 6.2201E-10 9.3326E-10 1.3662E-09 1.9503E-09 2.7155E-09 3.7300E-09 4.9887E-09 6.4899E-09 8.2311E-09 1.0179E-08 1.2257E-08 1.4355E-08 1.6337E-08 1.8060E-08 1.9382E-08 2.0188E-08 2.0388E-08 1.9952E-08 1.8916E-08 1.7360E-08 1.5420E-08 1.3254E-08 1.1022E-08 8.8655E-09 6.8989E-09 5.1940E-09 3.7880E-09 2.6723E-09 1.8296E-09 1.2084E-09 7.5329E-10 4.1261E-10 2.1010E-10 8.0493E-11 1.0161E-11 5.0106E-12 1.3122E-12 0.0000E+00 0.0000E+00 0.0000E+00 0.0000E+00 0.0000E+00 0.0000E+00 0.0000E+00 0.0000E+00 0.0000E+00 0.0000E+00 0.0000E+00
0.0000E+00 0.0000E+00 0.0000E+00 0.0000E+00 0.0000E+00 1.0562E-11 6.8181E-11 1.8273E-10 3.4793E-10 5.5801E-10 8.5332E-10 1.2622E-09 1.8213E-09 2.5571E-09 3.5505E-09 4.7989E-09 6.3165E-09 8.1038E-09 1.0117E-08 1.2285E-08 1.4506E-08 1.6639E-08 1.8519E-08 1.9982E-08 2.0886E-08 2.1139E-08 2.0705E-08 1.9618E-08 1.7971E-08 1.5912E-08 1.3610E-08 1.1243E-08 8.9704E-09 6.9131E-09 5.1456E-09 3.7016E-09 2.5775E-09 1.7287E-09 1.1213E-09 6.5663E-10 3.4211E-10 1.5580E-10 4.0639E-11 1.6377E-12 0.0000E+00 0.0000E+00 0.0000E+00 0.0000E+00 0.0000E+00 0.0000E+00 0.0000E+00 0.0000E+00 0.0000E+00 0.0000E+00 0.0000E+00 0.0000E+00 0.0000E+00
0.0000E+00 0.0000E+00 0.0000E+00 0.0000E+00 0.0000E+00 1.8995E-12 4.2133E-11 1.4186E-10 2.9164E-10 4.9107E-10 7.6509E-10 1.1438E-09 1.6670E-09 2.3674E-09 3.3323E-09 4.5742E-09 6.1009E-09 7.9119E-09 9.9957E-09 1.2286E-08 1.4653E-08 1.6946E-08 1.8988E-08 2.0599E-08 2.1626E-08 2.1953E-08 2.1534E-08 2.0401E-08 1.8654E-08 1.6460E-08 1.4012E-08 1.1509E-08 9.1155E-09 6.9591E-09 5.1257E-09 3.6378E-09 2.4923E-09 1.6479E-09 1.0419E-09 5.7952E-10 2.8522E-10 1.1290E-10 1.9184E-11 0.0000E+00 0.0000E+00 0.0000E+00 0.0000E+00 0.0000E+00 0.0000E+00 0.0000E+00 0.0000E+00 0.0000E+00 0.0000E+00 0.0000E+00 0.0000E+00 0.0000E+00 0.0000E+00
0.0000E+00 0.0000E+00 0.0000E+00 0.0000E+00 0.0000E+00 0.0000E+00 2.3381E-11 1.0042E-10 2.2446E-10 4.1392E-10 6.6984E-10 1.0190E-09 1.5064E-09 2.1631E-09 3.0867E-09 4.3059E-09 5.8243E-09 7.6717E-09 9.8291E-09 1.2226E-08 1.4743E-08 1.7231E-08 1.9477E-08 2.1278E-08 2.2448E-08 2.2857E-08 2.2453E-08 2.1271E-08 1.9424E-08 1.7088E-08 1.4478E-08 1.1812E-08 9.2786E-09 7.0228E-09 5.1184E-09 3.5923E-09 2.4265E-09 1.5772E-09 9.7472E-10 5.1918E-10 2.4399E-10 8.4892E-11 1.5200E-11 0.0000E+00 0.0000E+00 0.0000E+00 0.0000E+00 0.0000E+00 0.0000E+00 0.0000E+00 0.0000E+00 0.0000E+00 0.0000E+00 0.0000E+00 0.0000E+00 0.0000E+00 0.0000E+00
0.0000E+00 0.0000E+00 0.0000E+00 0.0000E+00 0.0000E+00 0.0000E+00 9.4745E-12 6.7014E-11 1.7003E-10 3.3120E-10 5.6722E-10 8.8692E-10 1.3326E-09 1.9391E-09 2.8125E-09 3.9996E-09 5.5131E-09 7.3897E-09 9.6185E-09 1.2146E-08 1.4850E-08 1.7550E-08 2.0022E-08 2.2033E-08 2.3372E-08 2.3881E-08 2.3493E-08 2.2245E-08 2.0264E-08 1.7760E-08 1.4976E-08 1.2143E-08 9.4642E-09 7.0942E-09 5.1158E-09 3.5483E-09 2.3701E-09 1.5137E-09 9.0819E-10 4.6481E-10 2.1511E-10 7.0762E-11 1.1004E-11 0.0000E+00 0.0000E+00 0.0000E+00 0.0000E+00 0.0000E+00 0.0000E+00 0.0000E+00 0.0000E+00 0.0000E+00 0.0000E+00 0.0000E+00 0.0000E+00 0.0000E+00 0.0000E+00
0.0000E+00 0.0000E+00 0.0000E+00 0.0000E+00 0.0000E+00 0.0000E+00 4.3754E-13 3.8484E-11 1.2108E-10 2.5188E-10 4.6088E-10 7.4577E-10 1.1585E-09 1.7097E-09 2.5201E-09 3.6691E-09 5.1654E-09 7.0548E-09 9.3602E-09 1.2028E-08 1.4937E-08 1.7879E-08 2.0612E-08 2.2862E-08 2.4381E-08 2.4991E-08 2.4622E-08 2.3307E-08 2.1185E-08 1.8492E-08 1.5500E-08 1.2479E-08 9.6530E-09 7.1689E-09 5.1139E-09 3.5051E-09 2.3047E-09 1.4580E-09 8.5036E-10 4.1834E-10 1.8324E-10 6.2678E-11 8.8300E-12 0.0000E+00 0.0000E+00 0.0000E+00 0.0000E+00 0.0000E+00 0.0000E+00 0.0000E+00 0.0000E+00 0.0000E+00 0.0000E+00 0.0000E+00 0.0000E+00 0.0000E+00 0.0000E+00
0.0000E+00 0.0000E+00 0.0000E+00 0.0000E+00 0.0000E+00 0.0000E+00 0.0000E+00 1.8477E-11 7.7360E-11 1.8246E-10 3.5722E-10 6.1178E-10 9.7900E-10 1.4756E-09 2.2144E-09 3.3148E-09 4.7888E-09 6.7062E-09 9.0866E-09 1.1898E-08 1.5026E-08 1.8246E-08 2.1278E-08 2.3802E-08 2.5528E-08 2.6247E-08 2.5872E-08 2.4449E-08 2.2156E-08 1.9257E-08 1.6044E-08 1.2814E-08 9.8200E-09 7.2191E-09 5.0968E-09 3.4557E-09 2.2419E-09 1.3874E-09 7.7823E-10 3.8040E-10 1.6227E-10 5.4137E-11 7.4029E-12 0.0000E+00 0.0000E+00 0.0000E+00 0.0000E+00 0.0000E+00 0.0000E+00 0.0000E+00 0.0000E+00 0.0000E+00 0.0000E+00 0.0000E+00 0.0000E+00 0.0000E+00 0.0000E+00
0.0000E+00 0.0000E+00 0.0000E+00 0.0000E+00 0.0000E+00 0.0000E+00 0.0000E+00 4.3357E-12 4.3389E-11 1.2660E-10 2.6357E-10 4.7576E-10 8.0024E-10 1.2453E-09 1.9105E-09 2.9550E-09 4.3941E-09 6.3155E-09 8.7802E-09 1.1779E-08 1.5158E-08 1.8692E-08 2.2046E-08 2.4856E-08 2.6789E-08 2.7610E-08 2.7222E-08 2.5672E-08 2.3169E-08 2.0016E-08 1.6565E-08 1.3130E-08 9.9627E-09 7.2476E-09 5.0522E-09 3.3745E-09 2.1618E-09 1.3211E-09 7.1749E-10 3.3736E-10 1.4579E-10 3.7370E-11 5.9165E-12 0.0000E+00 0.0000E+00 0.0000E+00 0.0000E+00 0.0000E+00 0.0000E+00 0.0000E+00 0.0000E+00 0.0000E+00 0.0000E+00 0.0000E+00 0.0000E+00 0.0000E+00 0.0000E+00
0.0000E+00 0.0000E+00 0.0000E+00 0.0000E+00 0.0000E+00 0.0000E+00 0.0000E+00 0.0000E+00 1.9656E-11 7.8678E-11 1.7834E-10 3.5977E-10 6.2750E-10 1.0236E-09 1.6195E-09 2.5918E-09 3.9961E-09 5.9370E-09 8.4910E-09 1.1665E-08 1.5324E-08 1.9209E-08 2.2933E-08 2.6061E-08 2.8217E-08 2.9120E-08 2.8669E-08 2.6949E-08 2.4205E-08 2.0777E-08 1.7045E-08 1.3377E-08 1.0044E-08 7.2249E-09 4.9756E-09 3.2827E-09 2.0631E-09 1.2281E-09 6.4716E-10 3.0000E-10 1.2950E-10 2.0732E-11 2.1353E-12 0.0000E+00 0.0000E+00 0.0000E+00 0.0000E+00 0.0000E+00 0.0000E+00 0.0000E+00 0.0000E+00 0.0000E+00 0.0000E+00 0.0000E+00 0.0000E+00 0.0000E+00 0.0000E+00
