Assets/Resources/2015_m01_d18_0200(utc+0800)_l00_csi_1hr_conc.grd
DSAA
         159         159
     -79.000      79.000
     -79.000      79.000
  0.0000E+00  0.3100E-05
[rows 125 to 149 of 159, columns 0 to 56 of 159]
3.0515E-11 3.4223E-11 3.8183E-11 4.2433E-11 4.9547E-11 5.8285E-11 6.8963E-11 7.9683E-11 9.1492E-11 1.0474E-10 1.1790E-10 1.2803E-10 1.3776E-10 1.4765E-10 1.5838E-10 1.6947E-10 1.8125E-10 1.9322E-10 2.0608E-10 2.1932E-10 2.3330E-10 2.4783E-10 2.6274E-10 2.7844E-10 2.9438E-10 3.1107E-10 3.2811E-10 3.4567E-10 3.6424E-10 3.8286E-10 4.0225E-10 4.2191E-10 4.4255E-10 4.6320E-10 4.8482E-10 5.0641E-10 5.2878E-10 5.5142E-10 5.7474E-10 5.9821E-10 6.2171E-10 6.4620E-10 6.7074E-10 6.9555E-10 7.2105E-10 7.4613E-10 7.7177E-10 7.9766E-10 8.2372E-10 8.4997E-10 8.7641E-10 9.0296E-10 9.3004E-10 9.5684E-10 9.8375E-10 1.0107E-09 1.0373E-09
2.8583E-11 3.2538E-11 3.5910E-11 3.9987E-11 4.5234E-11 5.3178E-11 6.3389E-11 7.3183E-11 8.5149E-11 9.7126E-11 1.1030E-10 1.2227E-10 1.3122E-10 1.4099E-10 1.5089E-10 1.6164E-10 1.7270E-10 1.8447E-10 1.9674E-10 2.0919E-10 2.2270E-10 2.3620E-10 2.5079E-10 2.6535E-10 2.8096E-10 2.9667E-10 3.1314E-10 3.2990E-10 3.4740E-10 3.6541E-10 3.8391E-10 4.0268E-10 4.2237E-10 4.4210E-10 4.6249E-10 4.8335E-10 5.0443E-10 5.2629E-10 5.4828E-10 5.7098E-10 5.9374E-10 6.1683E-10 6.4028E-10 6.6401E-10 6.8803E-10 7.1234E-10 7.3684E-10 7.6159E-10 7.8652E-10 8.1126E-10 8.3689E-10 8.6228E-10 8.8818E-10 9.1383E-10 9.3916E-10 9.6535E-10 9.9114E-10
2.7506E-11 3.0530E-11 3.4152E-11 3.7630E-11 4.1775E-11 4.8727E-11 5.8159E-11 6.7691E-11 7.8462E-11 9.0163E-11 1.0287E-10 1.1563E-10 1.2527E-10 1.3441E-10 1.4403E-10 1.5410E-10 1.6466E-10 1.7588E-10 1.8724E-10 1.9963E-10 2.1216E-10 2.2540E-10 2.3913E-10 2.5302E-10 2.6784E-10 2.8283E-10 2.9853E-10 3.1475E-10 3.3120E-10 3.4840E-10 3.6582E-10 3.8419E-10 4.0253E-10 4.2181E-10 4.4104E-10 4.6095E-10 4.8103E-10 5.0213E-10 5.2314E-10 5.4451E-10 5.6625E-10 5.8830E-10 6.1100E-10 6.3368E-10 6.5662E-10 6.7984E-10 7.0328E-10 7.2658E-10 7.5075E-10 7.7440E-10 7.9854E-10 8.2317E-10 8.4756E-10 8.7245E-10 8.9668E-10 9.2168E-10 9.4633E-10
2.5978E-11 2.8214E-11 3.2077E-11 3.5370E-11 3.9742E-11 4.4458E-11 5.2490E-11 6.2193E-11 7.2012E-11 8.3670E-11 9.5048E-11 1.0808E-10 1.1938E-10 1.2810E-10 1.3726E-10 1.4687E-10 1.5711E-10 1.6745E-10 1.7863E-10 1.9027E-10 2.0222E-10 2.1484E-10 2.2758E-10 2.4135E-10 2.5506E-10 2.6975E-10 2.8451E-10 2.9997E-10 3.1589E-10 3.3228E-10 3.4891E-10 3.6619E-10 3.8393E-10 4.0209E-10 4.2045E-10 4.3967E-10 4.5883E-10 4.7864E-10 4.9899E-10 5.1909E-10 5.4013E-10 5.6120E-10 5.8255E-10 6.0453E-10 6.2644E-10 6.4862E-10 6.7101E-10 6.9327E-10 7.1604E-10 7.3897E-10 7.6168E-10 7.8524E-10 8.0854E-10 8.3232E-10 8.5581E-10 8.7895E-10 9.0286E-10
2.4746E-11 2.7135E-11 2.9689E-11 3.3614E-11 3.6993E-11 4.1428E-11 4.7818E-11 5.6668E-11 6.6240E-11 7.7102E-11 8.8411E-11 9.9043E-11 1.1280E-10 1.2204E-10 1.3077E-10 1.3993E-10 1.4951E-10 1.5971E-10 1.7019E-10 1.8111E-10 1.9268E-10 2.0452E-10 2.1702E-10 2.2997E-10 2.4321E-10 2.5697E-10 2.7126E-10 2.8578E-10 3.0097E-10 3.1637E-10 3.3267E-10 3.4892E-10 3.6585E-10 3.8294E-10 4.0090E-10 4.1878E-10 4.3752E-10 4.5615E-10 4.7551E-10 4.9498E-10 5.1476E-10 5.3517E-10 5.5555E-10 5.7623E-10 5.9747E-10 6.1832E-10 6.4002E-10 6.6160E-10 6.8270E-10 7.0493E-10 7.2697E-10 7.4913E-10 7.7141E-10 7.9375E-10 8.1653E-10 8.3897E-10 8.6140E-10
2.2623E-11 2.5852E-11 2.7782E-11 3.1546E-11 3.4754E-11 3.9003E-11 4.3255E-11 5.1405E-11 6.0879E-11 7.0702E-11 8.0772E-11 9.2467E-11 1.0533E-10 1.1622E-10 1.2453E-10 1.3342E-10 1.4239E-10 1.5211E-10 1.6192E-10 1.7250E-10 1.8334E-10 1.9480E-10 2.0670E-10 2.1887E-10 2.3167E-10 2.4472E-10 2.5834E-10 2.7238E-10 2.8687E-10 3.0155E-10 3.1687E-10 3.3259E-10 3.4849E-10 3.6502E-10 3.8192E-10 3.9920E-10 4.1684E-10 4.3485E-10 4.5298E-10 4.7185E-10 4.9072E-10 5.0990E-10 5.2965E-10 5.4907E-10 5.6936E-10 5.8955E-10 6.0997E-10 6.3058E-10 6.5103E-10 6.7226E-10 6.9331E-10 7.1380E-10 7.3575E-10 7.5707E-10 7.7845E-10 8.0021E-10 8.2087E-10
2.0169E-11 2.4378E-11 2.6705E-11 2.9179E-11 3.3005E-11 3.6280E-11 4.0593E-11 4.6538E-11 5.4758E-11 6.5067E-11 7.4520E-11 8.5718E-11 9.5532E-11 1.0985E-10 1.1855E-10 1.2670E-10 1.3572E-10 1.4466E-10 1.5433E-10 1.6424E-10 1.7457E-10 1.8548E-10 1.9664E-10 2.0841E-10 2.2060E-10 2.3304E-10 2.4594E-10 2.5933E-10 2.7291E-10 2.8733E-10 3.0149E-10 3.1671E-10 3.3186E-10 3.4761E-10 3.6372E-10 3.8020E-10 3.9701E-10 4.1418E-10 4.3166E-10 4.4937E-10 4.6766E-10 4.8566E-10 5.0452E-10 5.2333E-10 5.4268E-10 5.6197E-10 5.8082E-10 6.0111E-10 6.2095E-10 6.4027E-10 6.6102E-10 6.8091E-10 7.0118E-10 7.2186E-10 7.4154E-10 7.6262E-10 7.8299E-10
1.6863E-11 2.2271E-11 2.5426E-11 2.7294E-11 3.0951E-11 3.4068E-11 3.8187E-11 4.1765E-11 4.9650E-11 5.9162E-11 6.8314E-11 7.8677E-11 8.9701E-11 1.0190E-10 1.1282E-10 1.2073E-10 1.2917E-10 1.3768E-10 1.4689E-10 1.5616E-10 1.6615E-10 1.7620E-10 1.8718E-10 1.9838E-10 2.0982E-10 2.2183E-10 2.3407E-10 2.4703E-10 2.5997E-10 2.7350E-10 2.8741E-10 3.0148E-10 3.1613E-10 3.3092E-10 3.4628E-10 3.6175E-10 3.7802E-10 3.9437E-10 4.1105E-10 4.2754E-10 4.4528E-10 4.6272E-10 4.8041E-10 4.9865E-10 5.1621E-10 5.3551E-10 5.5380E-10 5.7255E-10 5.9180E-10 6.1024E-10 6.2972E-10 6.4901E-10 6.6769E-10 6.8774E-10 7.0713E-10 7.2653E-10 7.4626E-10
1.4188E-11 1.9558E-11 2.3960E-11 2.6222E-11 2.7857E-11 3.2332E-11 3.4719E-11 3.9682E-11 4.4266E-11 5.3381E-11 6.3405E-11 7.1060E-11 8.2856E-11 9.2777E-11 1.0656E-10 1.1501E-10 1.2242E-10 1.3115E-10 1.3926E-10 1.4874E-10 1.5793E-10 1.6799E-10 1.7811E-10 1.8861E-10 1.9966E-10 2.1075E-10 2.2293E-10 2.3462E-10 2.4757E-10 2.5982E-10 2.7350E-10 2.8668E-10 3.0085E-10 3.1494E-10 3.2979E-10 3.4454E-10 3.5981E-10 3.7540E-10 3.9129E-10 4.0747E-10 4.2382E-10 4.4074E-10 4.5702E-10 4.7500E-10 4.9204E-10 5.0986E-10 5.2789E-10 5.4489E-10 5.6355E-10 5.8176E-10 5.9910E-10 6.1842E-10 6.3655E-10 6.5466E-10 6.7379E-10 6.9157E-10 7.1099E-10
1.0556E-11 1.6454E-11 2.1339E-11 2.4950E-11 2.6755E-11 3.0299E-11 3.3322E-11 3.6917E-11 4.0763E-11 4.8143E-11 5.6707E-11 6.5833E-11 7.6178E-11 8.6314E-11 9.5002E-11 1.0859E-10 1.1674E-10 1.2458E-10 1.3278E-10 1.4148E-10 1.5022E-10 1.5964E-10 1.6909E-10 1.7958E-10 1.8977E-10 2.0083E-10 2.1192E-10 2.2337E-10 2.3549E-10 2.4756E-10 2.5997E-10 2.7315E-10 2.8601E-10 2.9985E-10 3.1313E-10 3.2805E-10 3.4194E-10 3.5746E-10 3.7192E-10 3.8802E-10 4.0301E-10 4.1968E-10 4.3549E-10 4.5178E-10 4.6888E-10 4.8472E-10 5.0250E-10 5.1929E-10 5.3649E-10 5.5416E-10 5.7100E-10 5.8847E-10 6.0668E-10 6.2328E-10 6.4147E-10 6.5902E-10 6.7647E-10
7.9724E-12 1.3655E-11 1.8570E-11 2.3262E-11 2.5691E-11 2.7262E-11 3.1604E-11 3.3902E-11 3.8706E-11 4.2223E-11 5.1670E-11 6.0009E-11 6.8679E-11 7.9461E-11 8.9123E-11 1.0085E-10 1.1065E-10 1.1814E-10 1.2640E-10 1.3405E-10 1.4300E-10 1.5132E-10 1.6113E-10 1.7046E-10 1.8047E-10 1.9084E-10 2.0121E-10 2.1262E-10 2.2332E-10 2.3562E-10 2.4702E-10 2.5978E-10 2.7203E-10 2.8520E-10 2.9828E-10 3.1184E-10 3.2571E-10 3.3985E-10 3.5428E-10 3.6896E-10 3.8391E-10 3.9870E-10 4.1487E-10 4.2956E-10 4.4614E-10 4.6180E-10 4.7789E-10 4.9476E-10 5.1030E-10 5.2741E-10 5.4406E-10 5.5979E-10 5.7741E-10 5.9383E-10 6.0952E-10 6.2746E-10 6.4335E-10
6.0913E-12 1.0174E-11 1.5802E-11 2.0573E-11 2.4431E-11 2.6171E-11 2.8861E-11 3.2521E-11 3.5602E-11 3.9699E-11 4.5206E-11 5.3566E-11 6.3297E-11 7.0847E-11 8.2315E-11 9.1109E-11 1.0297E-10 1.1160E-10 1.1884E-10 1.2774E-10 1.3578E-10 1.4416E-10 1.5302E-10 1.6189E-10 1.7175E-10 1.8094E-10 1.9164E-10 2.0183E-10 2.1269E-10 2.2380E-10 2.3525E-10 2.4658E-10 2.5906E-10 2.7056E-10 2.8405E-10 2.9612E-10 3.0997E-10 3.2279E-10 3.3718E-10 3.5051E-10 3.6540E-10 3.7919E-10 3.9459E-10 4.0913E-10 4.2382E-10 4.3986E-10 4.5436E-10 4.7072E-10 4.8610E-10 5.0091E-10 5.1824E-10 5.3322E-10 5.4875E-10 5.6558E-10 5.8049E-10 5.9686E-10 6.1254E-10
5.1601E-12 7.5027E-12 1.2918E-11 1.7729E-11 2.2531E-11 2.5117E-11 2.6624E-11 3.0826E-11 3.3034E-11 3.7673E-11 4.0266E-11 4.7965E-11 5.6681E-11 6.4420E-11 7.4734E-11 8.3808E-11 9.2997E-11 1.0442E-10 1.1223E-10 1.2084E-10 1.2873E-10 1.3699E-10 1.4496E-10 1.5418E-10 1.6243E-10 1.7231E-10 1.8200E-10 1.9169E-10 2.0235E-10 2.1231E-10 2.2379E-10 2.3437E-10 2.4624E-10 2.5760E-10 2.6983E-10 2.8194E-10 2.9450E-10 3.0734E-10 3.2018E-10 3.3373E-10 3.4705E-10 3.6106E-10 3.7412E-10 3.8958E-10 4.0305E-10 4.1832E-10 4.3269E-10 4.4657E-10 4.6291E-10 4.7703E-10 4.9264E-10 5.0776E-10 5.2194E-10 5.3789E-10 5.5264E-10 5.6658E-10 5.8299E-10
3.7365E-12 5.9765E-12 9.3869E-12 1.4721E-11 1.9551E-11 2.3811E-11 2.5546E-11 2.7049E-11 3.1674E-11 3.3511E-11 3.8583E-11 4.2113E-11 5.0216E-11 5.9000E-11 6.6403E-11 7.5784E-11 8.5430E-11 9.6267E-11 1.0527E-10 1.1262E-10 1.2136E-10 1.2897E-10 1.3787E-10 1.4555E-10 1.5448E-10 1.6356E-10 1.7247E-10 1.8231E-10 1.9147E-10 2.0211E-10 2.1165E-10 2.2310E-10 2.3320E-10 2.4521E-10 2.5584E-10 2.6838E-10 2.7952E-10 2.9235E-10 3.0417E-10 3.1748E-10 3.2974E-10 3.4350E-10 3.5616E-10 3.7009E-10 3.8372E-10 3.9664E-10 4.1196E-10 4.2519E-10 4.4017E-10 4.5416E-10 4.6756E-10 4.8336E-10 4.9683E-10 5.1018E-10 5.2591E-10 5.3913E-10 5.5309E-10
2.6031E-12 4.8269E-12 6.4589E-12 1.1274E-11 1.6793E-11 2.1139E-11 2.4445E-11 2.5948E-11 2.9278E-11 3.2124E-11 3.5463E-11 3.8669E-11 4.5191E-11 5.1369E-11 5.9559E-11 6.8427E-11 7.7581E-11 8.5658E-11 9.6651E-11 1.0424E-10 1.1334E-10 1.2094E-10 1.2962E-10 1.3778E-10 1.4690E-10 1.5474E-10 1.6400E-10 1.7222E-10 1.8207E-10 1.9185E-10 2.0144E-10 2.1193E-10 2.2194E-10 2.3256E-10 2.4349E-10 2.5378E-10 2.6579E-10 2.7678E-10 2.8926E-10 3.0069E-10 3.1360E-10 3.2543E-10 3.3899E-10 3.5096E-10 3.6495E-10 3.7756E-10 3.9104E-10 4.0472E-10 4.1732E-10 4.3195E-10 4.4500E-10 4.5855E-10 4.7277E-10 4.8541E-10 4.9878E-10 5.1246E-10 5.2510E-10
8.5217E-13 3.6613E-12 5.7235E-12 8.4804E-12 1.3677E-11 1.8212E-11 2.2638E-11 2.4759E-11 2.6258E-11 3.0041E-11 3.2142E-11 3.6654E-11 3.9110E-11 4.6149E-11 5.3379E-11 5.9887E-11 6.9314E-11 7.7726E-11 8.7458E-11 9.6299E-11 1.0446E-10 1.1262E-10 1.2059E-10 1.2901E-10 1.3794E-10 1.4692E-10 1.5478E-10 1.6353E-10 1.7274E-10 1.8158E-10 1.9113E-10 2.0033E-10 2.1097E-10 2.2029E-10 2.3126E-10 2.4126E-10 2.5249E-10 2.6314E-10 2.7461E-10 2.8589E-10 2.9777E-10 3.0945E-10 3.2172E-10 3.3375E-10 3.4547E-10 3.5902E-10 3.7108E-10 3.8485E-10 3.9680E-10 4.0991E-10 4.2310E-10 4.3543E-10 4.4910E-10 4.6133E-10 4.7347E-10 4.8692E-10 4.9885E-10
0.0000E+00 2.2758E-12 3.9100E-12 6.0646E-12 1.0188E-11 1.5511E-11 1.9638E-11 2.3254E-11 2.5048E-11 2.6604E-11 3.0423E-11 3.2517E-11 3.7064E-11 4.0809E-11 4.6957E-11 5.5162E-11 6.0389E-11 6.8635E-11 7.7837E-11 8.6555E-11 9.5591E-11 1.0372E-10 1.1206E-10 1.2041E-10 1.2913E-10 1.3775E-10 1.4628E-10 1.5505E-10 1.6320E-10 1.7240E-10 1.8049E-10 1.9021E-10 1.9955E-10 2.0936E-10 2.1861E-10 2.2931E-10 2.3899E-10 2.5013E-10 2.6023E-10 2.7152E-10 2.8226E-10 2.9394E-10 3.0503E-10 3.1706E-10 3.2847E-10 3.4131E-10 3.5277E-10 3.6396E-10 3.7721E-10 3.8883E-10 4.0214E-10 4.1380E-10 4.2503E-10 4.3830E-10 4.4973E-10 4.6067E-10 4.7370E-10
0.0000E+00 4.6941E-13 3.4081E-12 5.4916E-12 7.0918E-12 1.1215E-11 1.5895E-11 2.0029E-11 2.3174E-11 2.5122E-11 2.8654E-11 3.0702E-11 3.4307E-11 3.6605E-11 4.2395E-11 4.7682E-11 5.4744E-11 6.2071E-11 6.9442E-11 7.6807E-11 8.6576E-11 9.4840E-11 1.0237E-10 1.1150E-10 1.1965E-10 1.2826E-10 1.3658E-10 1.4489E-10 1.5403E-10 1.6299E-10 1.7112E-10 1.8038E-10 1.8906E-10 1.9834E-10 2.0752E-10 2.1768E-10 2.2687E-10 2.3685E-10 2.4706E-10 2.5683E-10 2.6802E-10 2.7813E-10 2.8968E-10 3.0012E-10 3.1198E-10 3.2266E-10 3.3502E-10 3.4589E-10 3.5815E-10 3.6948E-10 3.8045E-10 3.9246E-10 4.0370E-10 4.1563E-10 4.2702E-10 4.3733E-10 4.4927E-10
0.0000E+00 0.0000E+00 1.6873E-12 3.8183E-12 5.9164E-12 8.9426E-12 1.3183E-11 1.6840E-11 2.0966E-11 2.3160E-11 2.5280E-11 2.8639E-11 3.0627E-11 3.4262E-11 3.7683E-11 4.3084E-11 4.8397E-11 5.3799E-11 6.1775E-11 6.8734E-11 7.6631E-11 8.5209E-11 9.2124E-11 1.0124E-10 1.0871E-10 1.1859E-10 1.2610E-10 1.3516E-10 1.4379E-10 1.5169E-10 1.6129E-10 1.6946E-10 1.7903E-10 1.8710E-10 1.9675E-10 2.0543E-10 2.1510E-10 2.2422E-10 2.3406E-10 2.4379E-10 2.5399E-10 2.6406E-10 2.7459E-10 2.8497E-10 2.9598E-10 3.0638E-10 3.1728E-10 3.2836E-10 3.3867E-10 3.5066E-10 3.6099E-10 3.7237E-10 3.8295E-10 3.9308E-10 4.0496E-10 4.1462E-10 4.2483E-10
0.0000E+00 0.0000E+00 9.1728E-14 2.8110E-12 4.3421E-12 5.7745E-12 9.8247E-12 1.3793E-11 1.7728E-11 2.0565E-11 2.3170E-11 2.5743E-11 2.8482E-11 3.0831E-11 3.4480E-11 3.8131E-11 4.2141E-11 4.8671E-11 5.3839E-11 6.0261E-11 6.7433E-11 7.5261E-11 8.1971E-11 9.0997E-11 9.8603E-11 1.0832E-10 1.1519E-10 1.2427E-10 1.3300E-10 1.4132E-10 1.4991E-10 1.5868E-10 1.6819E-10 1.7637E-10 1.8606E-10 1.9429E-10 2.0292E-10 2.1255E-10 2.2109E-10 2.3112E-10 2.4027E-10 2.5039E-10 2.5957E-10 2.7025E-10 2.7966E-10 2.9057E-10 3.0014E-10 3.1137E-10 3.2108E-10 3.3136E-10 3.4180E-10 3.5209E-10 3.6275E-10 3.7265E-10 3.8209E-10 3.9293E-10 4.0250E-10
0.0000E+00 0.0000E+00 0.0000E+00 6.4620E-13 3.1828E-12 5.2151E-12 7.2979E-12 1.0702E-11 1.3820E-11 1.7910E-11 2.0607E-11 2.2663E-11 2.6016E-11 2.8595E-11 3.1813E-11 3.4234E-11 3.7827E-11 4.3497E-11 4.7874E-11 5.3402E-11 5.9388E-11 6.5035E-11 7.2671E-11 8.1320E-11 8.7427E-11 9.7052E-11 1.0493E-10 1.1313E-10 1.2111E-10 1.2994E-10 1.3865E-10 1.4805E-10 1.5613E-10 1.6421E-10 1.7362E-10 1.8290E-10 1.9184E-10 2.0099E-10 2.0930E-10 2.1884E-10 2.2749E-10 2.3692E-10 2.4607E-10 2.5513E-10 2.6483E-10 2.7479E-10 2.8424E-10 2.9413E-10 3.0399E-10 3.1366E-10 3.2350E-10 3.3345E-10 3.4238E-10 3.5276E-10 3.6158E-10 3.7186E-10 3.8077E-10
0.0000E+00 0.0000E+00 0.0000E+00 0.0000E+00 1.6664E-12 3.1293E-12 5.1977E-12 7.5607E-12 1.1042E-11 1.4573E-11 1.7196E-11 2.0102E-11 2.2160E-11 2.5885E-11 2.8267E-11 3.1112E-11 3.4170E-11 3.8557E-11 4.2334E-11 4.6184E-11 5.2252E-11 5.7531E-11 6.3839E-11 7.1457E-11 7.7587E-11 8.6587E-11 9.3877E-11 1.0247E-10 1.0984E-10 1.1813E-10 1.2645E-10 1.3544E-10 1.4421E-10 1.5262E-10 1.6176E-10 1.6952E-10 1.7866E-10 1.8861E-10 1.9677E-10 2.0632E-10 2.1534E-10 2.2367E-10 2.3269E-10 2.4150E-10 2.5103E-10 2.5973E-10 2.6879E-10 2.7819E-10 2.8739E-10 2.9678E-10 3.0522E-10 3.1536E-10 3.2402E-10 3.3320E-10 3.4169E-10 3.5084E-10 3.5963E-10
0.0000E+00 0.0000E+00 0.0000E+00 0.0000E+00 2.7057E-13 2.1289E-12 3.9675E-12 4.8388E-12 8.1115E-12 1.1285E-11 1.4194E-11 1.7083E-11 1.9601E-11 2.2563E-11 2.4998E-11 2.7930E-11 3.0645E-11 3.4016E-11 3.7286E-11 4.1199E-11 4.5845E-11 5.0514E-11 5.5812E-11 6.2821E-11 6.7849E-11 7.5943E-11 8.2976E-11 9.1256E-11 9.7941E-11 1.0647E-10 1.1426E-10 1.2233E-10 1.3017E-10 1.4013E-10 1.4870E-10 1.5684E-10 1.6621E-10 1.7533E-10 1.8299E-10 1.9171E-10 2.0183E-10 2.1027E-10 2.1932E-10 2.2800E-10 2.3666E-10 2.4550E-10 2.5369E-10 2.6291E-10 2.7079E-10 2.8039E-10 2.8824E-10 2.9783E-10 3.0587E-10 3.1427E-10 3.2273E-10 3.3126E-10 3.3861E-10
0.0000E+00 0.0000E+00 0.0000E+00 0.0000E+00 0.0000E+00 8.0689E-13 2.3106E-12 3.8291E-12 5.8889E-12 8.5358E-12 1.0941E-11 1.3803E-11 1.6615E-11 1.8478E-11 2.1623E-11 2.4246E-11 2.7179E-11 3.0100E-11 3.3165E-11 3.6605E-11 4.0477E-11 4.4469E-11 4.8575E-11 5.5011E-11 5.9161E-11 6.7124E-11 7.2459E-11 7.9870E-11 8.6754E-11 9.4664E-11 1.0205E-10 1.1075E-10 1.1793E-10 1.2644E-10 1.3456E-10 1.4395E-10 1.5280E-10 1.6069E-10 1.6952E-10 1.7923E-10 1.8671E-10 1.9615E-10 2.0426E-10 2.1401E-10 2.2213E-10 2.3047E-10 2.3994E-10 2.4806E-10 2.5569E-10 2.6422E-10 2.7176E-10 2.8057E-10 2.8831E-10 2.9644E-10 3.0375E-10 3.1191E-10 3.1943E-10
0.0000E+00 0.0000E+00 0.0000E+00 0.0000E+00 0.0000E+00 0.0000E+00 1.5301E-12 2.3443E-12 3.6834E-12 5.7297E-12 8.1134E-12 1.0736E-11 1.3286E-11 1.5483E-11 1.8040E-11 2.0696E-11 2.3500E-11 2.6342E-11 2.9227E-11 3.2361E-11 3.5888E-11 3.8958E-11 4.2737E-11 4.8067E-11 5.1727E-11 5.8158E-11 6.2315E-11 7.0052E-11 7.5681E-11 8.3145E-11 9.0340E-11 9.8880E-11 1.0535E-10 1.1350E-10 1.2080E-10 1.2995E-10 1.3786E-10 1.4564E-10 1.5478E-10 1.6370E-10 1.7173E-10 1.8082E-10 1.9041E-10 1.9781E-10 2.0714E-10 2.1454E-10 2.2356E-10 2.3195E-10 2.3984E-10 2.4870E-10 2.5636E-10 2.6367E-10 2.7124E-10 2.7875E-10 2.8587E-10 2.9319E-10 3.0048E-10
