Assets/Resources/2015_m01_d23_2300(utc+0800)_l00_csi_1hr_conc.grd
DSAA
         159         159
     -79.000      79.000
     -79.000      79.000
  0.3836E-10  0.2494E-04
[rows 75 to 99 of 159, columns 57 to 113 of 159]
5.0824E-10 5.3010E-10 5.6384E-10 5.9459E-10 6.2609E-10 6.6015E-10 6.9784E-10 7.4229E-10 8.0472E-10 8.7630E-10 9.5296E-10 1.0343E-09 1.2921E-09 1.6933E-09 1.9679E-09 2.4962E-09 3.7004E-09 6.5669E-09 1.1937E-08 2.2061E-08 4.0428E-08 7.2023E-08 1.2287E-07 1.9787E-07 4.0441E-07 8.7227E-07 1.1386E-06 1.2073E-06 1.2123E-06 1.2115E-06 1.2099E-06 1.2078E-06 1.2139E-06 1.2139E-06 1.2119E-06 1.2035E-06 1.1836E-06 1.1491E-06 1.0975E-06 1.0146E-06 9.3150E-07 8.3462E-07 7.3079E-07 6.1612E-07 5.1609E-07 4.1974E-07 3.3461E-07 2.6278E-07 2.0268E-07 1.5391E-07 1.1639E-07 8.8637E-08 6.7655E-08 5.2569E-08 3.4254E-08 1.9123E-08 1.3929E-08
5.1105E-10 5.3361E-10 5.6831E-10 5.9996E-10 6.3192E-10 6.6693E-10 7.0572E-10 7.5890E-10 8.2494E-10 8.9708E-10 9.7507E-10 1.0700E-09 1.3726E-09 1.7570E-09 2.0412E-09 2.6657E-09 3.9718E-09 7.2014E-09 1.3362E-08 2.5085E-08 4.6490E-08 8.3251E-08 1.4254E-07 2.3000E-07 5.6011E-07 1.1883E-06 1.4294E-06 1.4356E-06 1.3975E-06 1.3669E-06 1.3418E-06 1.3179E-06 1.3021E-06 1.2799E-06 1.2557E-06 1.2261E-06 1.1852E-06 1.1319E-06 1.0643E-06 9.6791E-07 8.7627E-07 7.7449E-07 6.6682E-07 5.5092E-07 4.5432E-07 3.6772E-07 2.9256E-07 2.2939E-07 1.7786E-07 1.3719E-07 1.0562E-07 8.1920E-08 5.5225E-08 3.3400E-08 2.3917E-08 1.8092E-08 1.4250E-08
5.1364E-10 5.3684E-10 5.7240E-10 6.0484E-10 6.3731E-10 6.7320E-10 7.2014E-10 7.6936E-10 8.4021E-10 9.1658E-10 9.9595E-10 1.1073E-09 1.4455E-09 1.8115E-09 2.1080E-09 2.8072E-09 4.2076E-09 7.7099E-09 1.4374E-08 2.6972E-08 5.0049E-08 8.9682E-08 1.5360E-07 2.4772E-07 6.9602E-07 1.4497E-06 1.6468E-06 1.5875E-06 1.5071E-06 1.4652E-06 1.3986E-06 1.3543E-06 1.3175E-06 1.2763E-06 1.2331E-06 1.1873E-06 1.1335E-06 1.0688E-06 9.9385E-07 8.9227E-07 7.9927E-07 7.0002E-07 5.9974E-07 4.9319E-07 4.0550E-07 3.2757E-07 2.6046E-07 2.0464E-07 1.5941E-07 1.1433E-07 7.7072E-08 5.5811E-08 4.1491E-08 3.1217E-08 2.3947E-08 1.8849E-08 1.5285E-08
5.1601E-10 5.3974E-10 5.7606E-10 6.0910E-10 6.4221E-10 6.8601E-10 7.2846E-10 7.8826E-10 8.5489E-10 9.3411E-10 1.0152E-09 1.1407E-09 1.5231E-09 1.8727E-09 2.2190E-09 2.9866E-09 4.4409E-09 8.0011E-09 1.4671E-08 2.7305E-08 5.0310E-08 8.9837E-08 1.5339E-07 2.4664E-07 7.0166E-07 2.8590E-06 2.4936E-05 2.0883E-05 5.4055E-06 1.5496E-06 1.3688E-06 1.3082E-06 1.2556E-06 1.2013E-06 1.1449E-06 1.0898E-06 1.0280E-06 9.5816E-07 8.8011E-07 7.8098E-07 6.9618E-07 6.0841E-07 5.2102E-07 4.2732E-07 3.5227E-07 2.8574E-07 2.2850E-07 1.6989E-07 1.2045E-07 8.9646E-08 6.7150E-08 5.0456E-08 3.8232E-08 2.9297E-08 2.2956E-08 1.8521E-08 1.5361E-08
5.1813E-10 5.4228E-10 5.7927E-10 6.1283E-10 6.5356E-10 6.9266E-10 7.4529E-10 7.9938E-10 8.6776E-10 9.5054E-10 1.0332E-09 1.2357E-09 1.6703E-09 2.0008E-09 2.3903E-09 3.1563E-09 4.5903E-09 7.9998E-09 1.4286E-08 2.6043E-08 4.7220E-08 8.3725E-08 1.4193E-07 7.0036E-07 5.6724E-07 1.3217E-06 1.5856E-06 1.5244E-06 1.4203E-06 1.3305E-06 1.2572E-06 1.1883E-06 1.1275E-06 1.0680E-06 1.0061E-06 9.4643E-07 8.8234E-07 8.1546E-07 7.4373E-07 6.5460E-07 5.8151E-07 5.0776E-07 4.3516E-07 3.5653E-07 2.9545E-07 2.2947E-07 1.7155E-07 1.3224E-07 1.0147E-07 7.7228E-08 5.8768E-08 4.4787E-08 3.4584E-08 2.7014E-08 2.1535E-08 1.7740E-08 1.4959E-08
5.1999E-10 5.4444E-10 5.8199E-10 6.2290E-10 6.5879E-10 7.0765E-10 7.5438E-10 8.0750E-10 8.8190E-10 9.6475E-10 1.0894E-09 1.4483E-09 1.8037E-09 2.1440E-09 2.5645E-09 3.2891E-09 4.6592E-09 7.7591E-09 1.3332E-08 2.3557E-08 4.1679E-08 7.2847E-08 1.2199E-07 1.9356E-07 3.4384E-07 9.2580E-07 1.2824E-06 1.3051E-06 1.2340E-06 1.1561E-06 1.0854E-06 1.0175E-06 9.5661E-07 8.9787E-07 8.3730E-07 7.8128E-07 7.2328E-07 6.6386E-07 6.0248E-07 5.2632E-07 4.6701E-07 4.0793E-07 3.3930E-07 2.6415E-07 2.1544E-07 1.7374E-07 1.3821E-07 1.0838E-07 8.4337E-08 6.5123E-08 5.0478E-08 3.9241E-08 3.0848E-08 2.4602E-08 2.0178E-08 1.6887E-08 1.4450E-08
5.2156E-10 5.4619E-10 5.8418E-10 6.2689E-10 6.7213E-10 7.1495E-10 7.6286E-10 8.1805E-10 8.9415E-10 9.6794E-10 1.2310E-09 1.6250E-09 1.9204E-09 2.2859E-09 2.7333E-09 3.3991E-09 4.6815E-09 7.3404E-09 1.1935E-08 2.0273E-08 3.4867E-08 5.9583E-08 9.7982E-08 1.5373E-07 2.2742E-07 5.3519E-07 8.9660E-07 1.0109E-06 9.9364E-07 9.4157E-07 8.8361E-07 8.2418E-07 7.6918E-07 7.1810E-07 6.6571E-07 6.1747E-07 5.6849E-07 5.1935E-07 4.6996E-07 4.0762E-07 3.5047E-07 2.9402E-07 2.4992E-07 2.0079E-07 1.6631E-07 1.3554E-07 1.0927E-07 8.6894E-08 6.8699E-08 5.4069E-08 4.2653E-08 3.3929E-08 2.7421E-08 2.2375E-08 1.8803E-08 1.5980E-08 1.3935E-08
5.2282E-10 5.4752E-10 5.9259E-10 6.3851E-10 6.7791E-10 7.2167E-10 7.7062E-10 8.2813E-10 8.9483E-10 1.0380E-09 1.4052E-09 1.7194E-09 2.0355E-09 2.4230E-09 2.8931E-09 3.5084E-09 4.6758E-09 6.6868E-09 1.0423E-08 1.6954E-08 2.8026E-08 4.6162E-08 7.4322E-08 1.1472E-07 1.6759E-07 2.8770E-07 5.4436E-07 7.0447E-07 7.3992E-07 7.2001E-07 6.8100E-07 6.3619E-07 5.9144E-07 5.5051E-07 5.0872E-07 4.7016E-07 4.3164E-07 3.9321E-07 3.2824E-07 2.8368E-07 2.4949E-07 2.1719E-07 1.8642E-07 1.4933E-07 1.2504E-07 1.0342E-07 8.4560E-08 6.8458E-08 5.4976E-08 4.4357E-08 3.5883E-08 2.9303E-08 2.4156E-08 2.0433E-08 1.7409E-08 1.5112E-08 1.3432E-08
5.2397E-10 5.5464E-10 6.0365E-10 6.4318E-10 6.8378E-10 7.2846E-10 7.7865E-10 8.3845E-10 9.0610E-10 1.1463E-09 1.5421E-09 1.8141E-09 2.1483E-09 2.5545E-09 3.0448E-09 3.6313E-09 4.5675E-09 6.1654E-09 9.1533E-09 1.3994E-08 2.1921E-08 3.4642E-08 5.4060E-08 8.1337E-08 1.1707E-07 1.5961E-07 2.9835E-07 4.4215E-07 5.0907E-07 5.1826E-07 4.9994E-07 4.7114E-07 4.3862E-07 4.0833E-07 3.7709E-07 3.3818E-07 2.9912E-07 2.6874E-07 2.2658E-07 2.0294E-07 1.7977E-07 1.5753E-07 1.2642E-07 1.0849E-07 9.2019E-08 7.7343E-08 6.4164E-08 5.3133E-08 4.3816E-08 3.6272E-08 3.0110E-08 2.5301E-08 2.1515E-08 1.8528E-08 1.6113E-08 1.4359E-08 1.2883E-08
5.3263E-10 5.7339E-10 6.0941E-10 6.4483E-10 6.9120E-10 7.3687E-10 7.8856E-10 8.5034E-10 9.1821E-10 1.3292E-09 1.6077E-09 1.9085E-09 2.2579E-09 2.6811E-09 3.1828E-09 3.7775E-09 4.5527E-09 5.8903E-09 7.9618E-09 1.1516E-08 1.7114E-08 2.5765E-08 3.8348E-08 5.6018E-08 7.8900E-08 1.0590E-07 1.6026E-07 2.5358E-07 3.2408E-07 3.5174E-07 3.5155E-07 3.3742E-07 3.1728E-07 2.8718E-07 2.5558E-07 2.3304E-07 2.1211E-07 1.7566E-07 1.5923E-07 1.4318E-07 1.2778E-07 1.1267E-07 8.9117E-08 7.7219E-08 6.6689E-08 5.6987E-08 4.8679E-08 4.1326E-08 3.5058E-08 2.9843E-08 2.5513E-08 2.1950E-08 1.9204E-08 1.6795E-08 1.5031E-08 1.3592E-08 1.2531E-08
5.4965E-10 5.7819E-10 6.0976E-10 6.5100E-10 6.9800E-10 7.4447E-10 7.9745E-10 8.6068E-10 1.0788E-09 1.4303E-09 1.6848E-09 1.9974E-09 2.3589E-09 2.7932E-09 3.3080E-09 3.9082E-09 4.6068E-09 5.6257E-09 7.1802E-09 9.6999E-09 1.3528E-08 1.9346E-08 2.7498E-08 3.8475E-08 5.2484E-08 6.9006E-08 8.6714E-08 1.3828E-07 1.9253E-07 2.2662E-07 2.3806E-07 2.2775E-07 2.0946E-07 1.9462E-07 1.7910E-07 1.6405E-07 1.3259E-07 1.2193E-07 1.1126E-07 1.0065E-07 8.9986E-08 7.0019E-08 6.2098E-08 5.4996E-08 4.8409E-08 4.2533E-08 3.7311E-08 3.2490E-08 2.8412E-08 2.4805E-08 2.1827E-08 1.9309E-08 1.7115E-08 1.5486E-08 1.4154E-08 1.3118E-08 1.2168E-08
5.5354E-10 5.8268E-10 6.1489E-10 6.5662E-10 7.0407E-10 7.5117E-10 8.0518E-10 8.6932E-10 1.1236E-09 1.4933E-09 1.7575E-09 2.0628E-09 2.4519E-09 2.8955E-09 3.4147E-09 4.0181E-09 4.7118E-09 5.5250E-09 6.7548E-09 8.4736E-09 1.1220E-08 1.5054E-08 2.0329E-08 2.7078E-08 3.5406E-08 4.5219E-08 5.5913E-08 6.6506E-08 1.0368E-07 1.2641E-07 1.4120E-07 1.4548E-07 1.4255E-07 1.3482E-07 1.2503E-07 9.7659E-08 9.1399E-08 8.4757E-08 7.7877E-08 7.0782E-08 5.3396E-08 4.8510E-08 4.4184E-08 3.9981E-08 3.6111E-08 3.2591E-08 2.9161E-08 2.6174E-08 2.3396E-08 2.1076E-08 1.8979E-08 1.7122E-08 1.5733E-08 1.4568E-08 1.3584E-08 1.2678E-08 1.1766E-08
5.5604E-10 5.8552E-10 6.1807E-10 6.5995E-10 7.0116E-10 7.5477E-10 8.0959E-10 8.7387E-10 1.3367E-09 1.5497E-09 1.8072E-09 2.1363E-09 2.5322E-09 2.9793E-09 3.5015E-09 4.1044E-09 4.7825E-09 5.5467E-09 6.5456E-09 7.9881E-09 9.7555E-09 1.2215E-08 1.5618E-08 1.9926E-08 2.4986E-08 3.0840E-08 3.1916E-08 3.2136E-08 4.9297E-08 6.9419E-08 8.4901E-08 9.3403E-08 9.5569E-08 9.2867E-08 7.0421E-08 6.7296E-08 6.3674E-08 5.9726E-08 5.5303E-08 3.9940E-08 3.7277E-08 3.4838E-08 3.2458E-08 3.0265E-08 2.8035E-08 2.5681E-08 2.3642E-08 2.1610E-08 1.9901E-08 1.8284E-08 1.6897E-08 1.5783E-08 1.4826E-08 1.3925E-08 1.3077E-08 1.2201E-08 1.1523E-08
5.5730E-10 5.8697E-10 6.1972E-10 6.5589E-10 7.0286E-10 7.5620E-10 8.1155E-10 1.0465E-09 1.3806E-09 1.6004E-09 1.8665E-09 2.2019E-09 2.5811E-09 3.0496E-09 3.5694E-09 4.1608E-09 4.8739E-09 5.6731E-09 6.5374E-09 7.5270E-09 8.9326E-09 1.0636E-08 1.2736E-08 1.5354E-08 1.4442E-08 1.3165E-08 1.5642E-08 1.8577E-08 2.1402E-08 3.7201E-08 4.9774E-08 5.8978E-08 4.7729E-08 4.9177E-08 4.8852E-08 4.7791E-08 4.5736E-08 4.3257E-08 2.9573E-08 2.8478E-08 2.7607E-08 2.6546E-08 2.5231E-08 2.3960E-08 2.2507E-08 2.1233E-08 1.9790E-08 1.8551E-08 1.7425E-08 1.6585E-08 1.5752E-08 1.4926E-08 1.4128E-08 1.3350E-08 1.2527E-08 1.1897E-08 1.1302E-08
5.5815E-10 5.8792E-10 6.2076E-10 6.5700E-10 7.0370E-10 7.4940E-10 8.1217E-10 1.0638E-09 1.4209E-09 1.6481E-09 1.9207E-09 2.2402E-09 2.6384E-09 3.1029E-09 3.6302E-09 4.2619E-09 4.9383E-09 5.6849E-09 6.5063E-09 7.3960E-09 8.3678E-09 6.8859E-09 5.0004E-09 5.7703E-09 6.9768E-09 8.3413E-09 9.9933E-09 1.1704E-08 1.3578E-08 1.5269E-08 2.3133E-08 2.8055E-08 3.1929E-08 3.4024E-08 3.5134E-08 3.5371E-08 3.4161E-08 2.1949E-08 2.2157E-08 2.2083E-08 2.1821E-08 2.1271E-08 2.0697E-08 1.9875E-08 1.9044E-08 1.8075E-08 1.7453E-08 1.6884E-08 1.6250E-08 1.5578E-08 1.4890E-08 1.4204E-08 1.3487E-08 1.2780E-08 1.2193E-08 1.1632E-08 1.1096E-08
5.5856E-10 5.8835E-10 6.2119E-10 6.5739E-10 6.9730E-10 7.4913E-10 8.1142E-10 1.0789E-09 1.4593E-09 1.6900E-09 1.9653E-09 2.2905E-09 2.6858E-09 3.1846E-09 3.7056E-09 4.2892E-09 4.9422E-09 5.6601E-09 6.4386E-09 5.1815E-09 3.3499E-09 3.3993E-09 3.8078E-09 4.5082E-09 5.3598E-09 6.4232E-09 7.4258E-09 8.4561E-09 9.6057E-09 1.0644E-08 1.4836E-08 1.8691E-08 2.2143E-08 2.4678E-08 2.6362E-08 1.6277E-08 1.6833E-08 1.7325E-08 1.7657E-08 1.7812E-08 1.7844E-08 1.7722E-08 1.7514E-08 1.7189E-08 1.6991E-08 1.6688E-08 1.6293E-08 1.5826E-08 1.5304E-08 1.4747E-08 1.4155E-08 1.3482E-08 1.2944E-08 1.2412E-08 1.1892E-08 1.1389E-08 1.0906E-08
5.5851E-10 5.8825E-10 6.2098E-10 6.5702E-10 6.9673E-10 7.4783E-10 9.6922E-10 1.2966E-09 1.4910E-09 1.7261E-09 2.0043E-09 2.3428E-09 2.7567E-09 3.2037E-09 3.7267E-09 4.2904E-09 3.7202E-09 2.6367E-09 2.5673E-09 2.7809E-09 3.0458E-09 3.3324E-09 3.6419E-09 4.0096E-09 4.3926E-09 4.9082E-09 5.7131E-09 6.5010E-09 7.4355E-09 8.3539E-09 9.1997E-09 1.3189E-08 1.0902E-08 1.1837E-08 1.2801E-08 1.3678E-08 1.4432E-08 1.5034E-08 1.5551E-08 1.5735E-08 1.5999E-08 1.6145E-08 1.6178E-08 1.6108E-08 1.5940E-08 1.5685E-08 1.5357E-08 1.4967E-08 1.4463E-08 1.3954E-08 1.3497E-08 1.3029E-08 1.2557E-08 1.2087E-08 1.1623E-08 1.1172E-08 1.0733E-08
5.5801E-10 5.8760E-10 6.2013E-10 6.5592E-10 6.9529E-10 7.3859E-10 9.7911E-10 1.3217E-09 1.5222E-09 1.7600E-09 2.0591E-09 2.3953E-09 2.7746E-09 3.2190E-09 2.8314E-09 2.0461E-09 2.0801E-09 2.2763E-09 2.4921E-09 2.7315E-09 2.9908E-09 3.2627E-09 3.5551E-09 3.8787E-09 4.2594E-09 4.6993E-09 5.2924E-09 5.9805E-09 6.7532E-09 7.6098E-09 8.5551E-09 9.5364E-09 1.0503E-08 1.1414E-08 1.2245E-08 1.2976E-08 1.3605E-08 1.4133E-08 1.4547E-08 1.4854E-08 1.5059E-08 1.5167E-08 1.5185E-08 1.5119E-08 1.4977E-08 1.4768E-08 1.4499E-08 1.4182E-08 1.3829E-08 1.3448E-08 1.3049E-08 1.2638E-08 1.2221E-08 1.1801E-08 1.1387E-08 1.0978E-08 1.0565E-08
5.5704E-10 5.8641E-10 6.1866E-10 6.5408E-10 6.9300E-10 7.3576E-10 9.8906E-10 1.3472E-09 1.5484E-09 1.8089E-09 2.0970E-09 2.4186E-09 2.1676E-09 1.6429E-09 1.6866E-09 1.8661E-09 2.0421E-09 2.2351E-09 2.4496E-09 2.6793E-09 2.9278E-09 3.1928E-09 3.4729E-09 3.7681E-09 4.1079E-09 4.5684E-09 5.1143E-09 5.8052E-09 6.5669E-09 7.4138E-09 8.3421E-09 9.2986E-09 1.0237E-08 1.1113E-08 1.1902E-08 1.2591E-08 1.3171E-08 1.3646E-08 1.4010E-08 1.4276E-08 1.4450E-08 1.4540E-08 1.4549E-08 1.4487E-08 1.4359E-08 1.4173E-08 1.3938E-08 1.3664E-08 1.3356E-08 1.3020E-08 1.2667E-08 1.2302E-08 1.1930E-08 1.1554E-08 1.1179E-08 1.0791E-08 1.0394E-08
5.5561E-10 5.8469E-10 6.1657E-10 6.5154E-10 6.8991E-10 7.3413E-10 1.1852E-09 1.3686E-09 1.5906E-09 1.5142E-09 1.2462E-09 1.2759E-09 1.3853E-09 1.5090E-09 1.6641E-09 1.8328E-09 2.0065E-09 2.1978E-09 2.3997E-09 2.6247E-09 2.8653E-09 3.1181E-09 3.3867E-09 3.6799E-09 3.9875E-09 4.4103E-09 4.9855E-09 5.6198E-09 6.3801E-09 7.2379E-09 8.1549E-09 9.1001E-09 1.0014E-08 1.0865E-08 1.1622E-08 1.2273E-08 1.2814E-08 1.3242E-08 1.3568E-08 1.3803E-08 1.3953E-08 1.4026E-08 1.4028E-08 1.3966E-08 1.3849E-08 1.3684E-08 1.3478E-08 1.3235E-08 1.2960E-08 1.2659E-08 1.2343E-08 1.2016E-08 1.1680E-08 1.1340E-08 1.0973E-08 1.0616E-08 1.0291E-08
5.5373E-10 5.8244E-10 6.1387E-10 6.4831E-10 6.8603E-10 8.9699E-10 1.2015E-09 1.1809E-09 1.0213E-09 1.0645E-09 1.1595E-09 1.2574E-09 1.3690E-09 1.4894E-09 1.6369E-09 1.7878E-09 1.9686E-09 2.1534E-09 2.3548E-09 2.5696E-09 2.7975E-09 3.0423E-09 3.3053E-09 3.5841E-09 3.8882E-09 4.3032E-09 4.8224E-09 5.4818E-09 6.2077E-09 7.0486E-09 7.9946E-09 8.9265E-09 9.8300E-09 1.0661E-08 1.1389E-08 1.2008E-08 1.2515E-08 1.2911E-08 1.3209E-08 1.3418E-08 1.3548E-08 1.3607E-08 1.3602E-08 1.3542E-08 1.3435E-08 1.3286E-08 1.3098E-08 1.2877E-08 1.2628E-08 1.2356E-08 1.2070E-08 1.1773E-08 1.1464E-08 1.1107E-08 1.0807E-08 1.0506E-08 1.0203E-08
5.5101E-10 5.7970E-10 6.1061E-10 6.4443E-10 6.8361E-10 9.0425E-10 8.3902E-10 8.8886E-10 9.6719E-10 1.0551E-09 1.1456E-09 1.2446E-09 1.3513E-09 1.4688E-09 1.6003E-09 1.7568E-09 1.9346E-09 2.1144E-09 2.3067E-09 2.5113E-09 2.7298E-09 2.9670E-09 3.2213E-09 3.4953E-09 3.7933E-09 4.1993E-09 4.7005E-09 5.3081E-09 6.0738E-09 6.9074E-09 7.8010E-09 8.7454E-09 9.6716E-09 1.0483E-08 1.1193E-08 1.1785E-08 1.2268E-08 1.2640E-08 1.2915E-08 1.3105E-08 1.3219E-08 1.3266E-08 1.3257E-08 1.3200E-08 1.3099E-08 1.2959E-08 1.2784E-08 1.2580E-08 1.2351E-08 1.2105E-08 1.1843E-08 1.1523E-08 1.1246E-08 1.0974E-08 1.0693E-08 1.0409E-08 1.0124E-08
5.4734E-10 5.7648E-10 6.0681E-10 6.3994E-10 6.7849E-10 7.4369E-10 8.0847E-10 8.7996E-10 9.5966E-10 1.0468E-09 1.1344E-09 1.2270E-09 1.3333E-09 1.4485E-09 1.5746E-09 1.7297E-09 1.9012E-09 2.0694E-09 2.2559E-09 2.4523E-09 2.6626E-09 2.8962E-09 3.1451E-09 3.4002E-09 3.6926E-09 4.0942E-09 4.5868E-09 5.1980E-09 5.9253E-09 6.7616E-09 7.6838E-09 8.6023E-09 9.4797E-09 1.0287E-08 1.1008E-08 1.1599E-08 1.2063E-08 1.2417E-08 1.2675E-08 1.2849E-08 1.2950E-08 1.2991E-08 1.2979E-08 1.2922E-08 1.2823E-08 1.2688E-08 1.2524E-08 1.2336E-08 1.2114E-08 1.1842E-08 1.1610E-08 1.1366E-08 1.1115E-08 1.0856E-08 1.0593E-08 1.0320E-08 1.0008E-08
5.4335E-10 5.7281E-10 6.0251E-10 6.3713E-10 6.8234E-10 7.4158E-10 8.0689E-10 8.7354E-10 9.5334E-10 1.0334E-09 1.1187E-09 1.2131E-09 1.3136E-09 1.4273E-09 1.5528E-09 1.6998E-09 1.8503E-09 2.0273E-09 2.2032E-09 2.3939E-09 2.6030E-09 2.8220E-09 3.0612E-09 3.3038E-09 3.5940E-09 3.9889E-09 4.4733E-09 5.0886E-09 5.8197E-09 6.6385E-09 7.5285E-09 8.4648E-09 9.3596E-09 1.0149E-08 1.0830E-08 1.1393E-08 1.1838E-08 1.2192E-08 1.2461E-08 1.2638E-08 1.2733E-08 1.2768E-08 1.2752E-08 1.2692E-08 1.2594E-08 1.2412E-08 1.2260E-08 1.2086E-08 1.1896E-08 1.1688E-08 1.1467E-08 1.1237E-08 1.0999E-08 1.0755E-08 1.0470E-08 1.0211E-08 9.9647E-09
5.3910E-10 5.6853E-10 5.9985E-10 6.3381E-10 6.8058E-10 7.3966E-10 7.9559E-10 8.6636E-10 9.4221E-10 1.0164E-09 1.1034E-09 1.1957E-09 1.2966E-09 1.4033E-09 1.5252E-09 1.6591E-09 1.8165E-09 1.9834E-09 2.1521E-09 2.3351E-09 2.5403E-09 2.7583E-09 2.9775E-09 3.2097E-09 3.5157E-09 3.8771E-09 4.3600E-09 4.9783E-09 5.7179E-09 6.5408E-09 7.4281E-09 8.3313E-09 9.1979E-09 1.0002E-08 1.0706E-08 1.1267E-08 1.1704E-08 1.2034E-08 1.2269E-08 1.2425E-08 1.2512E-08 1.2542E-08 1.2524E-08 1.2465E-08 1.2370E-08 1.2247E-08 1.2103E-08 1.1936E-08 1.1751E-08 1.1553E-08 1.1344E-08 1.1125E-08 1.0851E-08 1.0627E-08 1.0398E-08 1.0164E-08 9.9274E-09
