Assets/Resources/2015_m01_d16_1100(utc+0800)_l00_csi_1hr_conc.grd
DSAA
         159         159
     -79.000      79.000
     -79.000      79.000
  0.3555E-11  0.1017E-05
[rows 50 to 74 of 159, columns 57 to 113 of 159]
3.6451E-10 3.8293E-10 4.0200E-10 4.2194E-10 4.4291E-10 4.6446E-10 4.8710E-10 5.1071E-10 5.3512E-10 5.6076E-10 5.8727E-10 6.1508E-10 6.4376E-10 6.7333E-10 7.0428E-10 7.3615E-10 7.6919E-10 8.0342E-10 8.3887E-10 8.7556E-10 9.1350E-10 9.5272E-10 9.9323E-10 1.0350E-09 1.0782E-09 1.1226E-09 1.1684E-09 1.2156E-09 1.2641E-09 1.3140E-09 1.3652E-09 1.4178E-09 1.4717E-09 1.5269E-09 1.5835E-09 1.6414E-09 1.7006E-09 1.7610E-09 1.8227E-09 1.8854E-09 1.9493E-09 2.0141E-09 2.0798E-09 2.1491E-09 2.2257E-09 2.3093E-09 2.4128E-09 2.5540E-09 2.7407E-09 2.9658E-09 3.2331E-09 3.5401E-09 3.8828E-09 4.2649E-09 4.6864E-09 5.1282E-09 5.5663E-09
3.6750E-10 3.8594E-10 4.0537E-10 4.2551E-10 4.4654E-10 4.6831E-10 4.9119E-10 5.1504E-10 5.3971E-10 5.6563E-10 5.9242E-10 6.2053E-10 6.4952E-10 6.7965E-10 7.1070E-10 7.4292E-10 7.7631E-10 8.1092E-10 8.4676E-10 8.8386E-10 9.2222E-10 9.6188E-10 1.0028E-09 1.0451E-09 1.0887E-09 1.1337E-09 1.1800E-09 1.2277E-09 1.2768E-09 1.3272E-09 1.3790E-09 1.4322E-09 1.4867E-09 1.5426E-09 1.5999E-09 1.6584E-09 1.7183E-09 1.7794E-09 1.8417E-09 1.9051E-09 1.9697E-09 2.0352E-09 2.1027E-09 2.1761E-09 2.2576E-09 2.3593E-09 2.5050E-09 2.7017E-09 2.9501E-09 3.2555E-09 3.6181E-09 4.0431E-09 4.5326E-09 5.0708E-09 5.6446E-09 6.2419E-09 6.8413E-09
3.7017E-10 3.8896E-10 4.0841E-10 4.2875E-10 4.4998E-10 4.7196E-10 4.9507E-10 5.1916E-10 5.4407E-10 5.7025E-10 5.9732E-10 6.2571E-10 6.5500E-10 6.8544E-10 7.1681E-10 7.4935E-10 7.8310E-10 8.1807E-10 8.5428E-10 8.9176E-10 9.3053E-10 9.7060E-10 1.0120E-09 1.0547E-09 1.0988E-09 1.1443E-09 1.1911E-09 1.2393E-09 1.2889E-09 1.3398E-09 1.3922E-09 1.4459E-09 1.5011E-09 1.5576E-09 1.6154E-09 1.6746E-09 1.7351E-09 1.7969E-09 1.8598E-09 1.9239E-09 1.9891E-09 2.0552E-09 2.1256E-09 2.2041E-09 2.2992E-09 2.4374E-09 2.6373E-09 2.8991E-09 3.2346E-09 3.6523E-09 4.1630E-09 4.7731E-09 5.4664E-09 6.2132E-09 6.9929E-09 7.8288E-09 8.6523E-09
3.7287E-10 3.9165E-10 4.1128E-10 4.3180E-10 4.5323E-10 4.7541E-10 4.9891E-10 5.2305E-10 5.4820E-10 5.7463E-10 6.0195E-10 6.3062E-10 6.6019E-10 6.9092E-10 7.2259E-10 7.5545E-10 7.8953E-10 8.2484E-10 8.6140E-10 8.9925E-10 9.3840E-10 9.7887E-10 1.0207E-09 1.0638E-09 1.1084E-09 1.1543E-09 1.2015E-09 1.2502E-09 1.3003E-09 1.3518E-09 1.4047E-09 1.4590E-09 1.5147E-09 1.5718E-09 1.6302E-09 1.6900E-09 1.7511E-09 1.8135E-09 1.8770E-09 1.9417E-09 2.0075E-09 2.0752E-09 2.1492E-09 2.2353E-09 2.3580E-09 2.5511E-09 2.8133E-09 3.1636E-09 3.6181E-09 4.1969E-09 4.9174E-09 5.7711E-09 6.7318E-09 7.7748E-09 8.8648E-09 9.9681E-09 1.1114E-08
3.7524E-10 3.9418E-10 4.1397E-10 4.3467E-10 4.5645E-10 4.7883E-10 5.0236E-10 5.2671E-10 5.5208E-10 5.7897E-10 6.0653E-10 6.3523E-10 6.6507E-10 6.9608E-10 7.2804E-10 7.6120E-10 7.9559E-10 8.3122E-10 8.6812E-10 9.0632E-10 9.4583E-10 9.8667E-10 1.0289E-09 1.0724E-09 1.1174E-09 1.1637E-09 1.2114E-09 1.2606E-09 1.3111E-09 1.3631E-09 1.4165E-09 1.4713E-09 1.5275E-09 1.5852E-09 1.6442E-09 1.7045E-09 1.7662E-09 1.8291E-09 1.8932E-09 1.9585E-09 2.0248E-09 2.0947E-09 2.1730E-09 2.2758E-09 2.4419E-09 2.6925E-09 3.0399E-09 3.5083E-09 4.1276E-09 4.9284E-09 5.9208E-09 7.0922E-09 8.4200E-09 9.8636E-09 1.1375E-08 1.2879E-08 1.4322E-08
3.7744E-10 3.9653E-10 4.1648E-10 4.3752E-10 4.5930E-10 4.8186E-10 5.0558E-10 5.3013E-10 5.5612E-10 5.8282E-10 6.1062E-10 6.3978E-10 6.6965E-10 7.0092E-10 7.3315E-10 7.6659E-10 8.0126E-10 8.3720E-10 8.7442E-10 9.1295E-10 9.5280E-10 9.9399E-10 1.0366E-09 1.0805E-09 1.1258E-09 1.1726E-09 1.2207E-09 1.2703E-09 1.3213E-09 1.3737E-09 1.4276E-09 1.4829E-09 1.5396E-09 1.5978E-09 1.6573E-09 1.7182E-09 1.7803E-09 1.8438E-09 1.9084E-09 1.9742E-09 2.0413E-09 2.1141E-09 2.2001E-09 2.3265E-09 2.5461E-09 2.8670E-09 3.3210E-09 3.9460E-09 4.7813E-09 5.8621E-09 7.1976E-09 8.7762E-09 1.0573E-08 1.2504E-08 1.4569E-08 1.6564E-08 1.8394E-08
3.7947E-10 3.9871E-10 4.1898E-10 4.4000E-10 4.6194E-10 4.8467E-10 5.0856E-10 5.3349E-10 5.5949E-10 5.8640E-10 6.1464E-10 6.4381E-10 6.7390E-10 7.0542E-10 7.3790E-10 7.7160E-10 8.0655E-10 8.4277E-10 8.8029E-10 9.1912E-10 9.5929E-10 1.0008E-09 1.0437E-09 1.0880E-09 1.1337E-09 1.1808E-09 1.2294E-09 1.2794E-09 1.3308E-09 1.3836E-09 1.4380E-09 1.4937E-09 1.5509E-09 1.6095E-09 1.6695E-09 1.7309E-09 1.7935E-09 1.8575E-09 1.9226E-09 1.9888E-09 2.0573E-09 2.1331E-09 2.2308E-09 2.3996E-09 2.6783E-09 3.0863E-09 3.6699E-09 4.4851E-09 5.5883E-09 7.0105E-09 8.7585E-09 1.0832E-08 1.3197E-08 1.5764E-08 1.8387E-08 2.0993E-08 2.3221E-08
3.8134E-10 4.0086E-10 4.2111E-10 4.4227E-10 4.6437E-10 4.8725E-10 5.1150E-10 5.3641E-10 5.6260E-10 5.8970E-10 6.1814E-10 6.4751E-10 6.7806E-10 7.0957E-10 7.4228E-10 7.7623E-10 8.1144E-10 8.4792E-10 8.8571E-10 9.2483E-10 9.6530E-10 1.0071E-09 1.0504E-09 1.0950E-09 1.1410E-09 1.1885E-09 1.2374E-09 1.2878E-09 1.3396E-09 1.3928E-09 1.4476E-09 1.5037E-09 1.5614E-09 1.6204E-09 1.6808E-09 1.7426E-09 1.8058E-09 1.8701E-09 1.9356E-09 2.0023E-09 2.0722E-09 2.1512E-09 2.2675E-09 2.4875E-09 2.8336E-09 3.3472E-09 4.0885E-09 5.1305E-09 6.5393E-09 8.3540E-09 1.0587E-08 1.3235E-08 1.6245E-08 1.9517E-08 2.2834E-08 2.5942E-08 2.8635E-08
3.8303E-10 4.0266E-10 4.2305E-10 4.4450E-10 4.6657E-10 4.8960E-10 5.1400E-10 5.3907E-10 5.6543E-10 5.9270E-10 6.2134E-10 6.5090E-10 6.8165E-10 7.1337E-10 7.4630E-10 7.8047E-10 8.1591E-10 8.5264E-10 8.9068E-10 9.3007E-10 9.7081E-10 1.0129E-09 1.0564E-09 1.1014E-09 1.1477E-09 1.1955E-09 1.2448E-09 1.2955E-09 1.3476E-09 1.4013E-09 1.4564E-09 1.5129E-09 1.5710E-09 1.6304E-09 1.6912E-09 1.7534E-09 1.8169E-09 1.8817E-09 1.9476E-09 2.0146E-09 2.0864E-09 2.1710E-09 2.3164E-09 2.5928E-09 3.0201E-09 3.6594E-09 4.5862E-09 5.8905E-09 7.6413E-09 9.8793E-09 1.2630E-08 1.5881E-08 1.9549E-08 2.3577E-08 2.7593E-08 3.1261E-08 3.4316E-08
3.8470E-10 4.0428E-10 4.2478E-10 4.4636E-10 4.6855E-10 4.9190E-10 5.1625E-10 5.4147E-10 5.6798E-10 5.9542E-10 6.2422E-10 6.5396E-10 6.8489E-10 7.1680E-10 7.4993E-10 7.8431E-10 8.1996E-10 8.5692E-10 8.9519E-10 9.3482E-10 9.7581E-10 1.0182E-09 1.0620E-09 1.1072E-09 1.1538E-09 1.2019E-09 1.2515E-09 1.3025E-09 1.3550E-09 1.4089E-09 1.4644E-09 1.5213E-09 1.5797E-09 1.6395E-09 1.7007E-09 1.7633E-09 1.8271E-09 1.8922E-09 1.9585E-09 2.0260E-09 2.0995E-09 2.1927E-09 2.3814E-09 2.7198E-09 3.2396E-09 4.0257E-09 5.1661E-09 6.7650E-09 8.8871E-09 1.1579E-08 1.4868E-08 1.8726E-08 2.3060E-08 2.7687E-08 3.2387E-08 3.6565E-08 3.9912E-08
3.8602E-10 4.0571E-10 4.2647E-10 4.4800E-10 4.7030E-10 4.9377E-10 5.1825E-10 5.4360E-10 5.7025E-10 5.9783E-10 6.2679E-10 6.5669E-10 6.8779E-10 7.1987E-10 7.5318E-10 7.8774E-10 8.2359E-10 8.6074E-10 8.9923E-10 9.3907E-10 9.8029E-10 1.0229E-09 1.0669E-09 1.1124E-09 1.1593E-09 1.2076E-09 1.2575E-09 1.3088E-09 1.3616E-09 1.4158E-09 1.4716E-09 1.5288E-09 1.5875E-09 1.6477E-09 1.7092E-09 1.7721E-09 1.8362E-09 1.9016E-09 1.9682E-09 2.0361E-09 2.1113E-09 2.2174E-09 2.4566E-09 2.8599E-09 3.4977E-09 4.4567E-09 5.8351E-09 7.7449E-09 1.0247E-08 1.3391E-08 1.7188E-08 2.1600E-08 2.6518E-08 3.1711E-08 3.6817E-08 4.1443E-08 4.5077E-08
3.8717E-10 4.0694E-10 4.2780E-10 4.4941E-10 4.7182E-10 4.9540E-10 5.1999E-10 5.4546E-10 5.7223E-10 5.9994E-10 6.2904E-10 6.5908E-10 6.9033E-10 7.2256E-10 7.5603E-10 7.9076E-10 8.2678E-10 8.6411E-10 9.0279E-10 9.4282E-10 9.8424E-10 1.0271E-09 1.0713E-09 1.1170E-09 1.1641E-09 1.2127E-09 1.2628E-09 1.3144E-09 1.3674E-09 1.4219E-09 1.4780E-09 1.5355E-09 1.5945E-09 1.6549E-09 1.7167E-09 1.7798E-09 1.8443E-09 1.9099E-09 1.9767E-09 2.0450E-09 2.1240E-09 2.2545E-09 2.5414E-09 3.0321E-09 3.8010E-09 4.9454E-09 6.5789E-09 8.8070E-09 1.1681E-08 1.5240E-08 1.9482E-08 2.4316E-08 2.9699E-08 3.5302E-08 4.0758E-08 4.5590E-08 4.9418E-08
3.8812E-10 4.0797E-10 4.2891E-10 4.5061E-10 4.7311E-10 4.9677E-10 5.2147E-10 5.4704E-10 5.7392E-10 6.0175E-10 6.3096E-10 6.6113E-10 6.9250E-10 7.2487E-10 7.5848E-10 7.9335E-10 8.2953E-10 8.6702E-10 9.0585E-10 9.4606E-10 9.8765E-10 1.0307E-09 1.0751E-09 1.1210E-09 1.1683E-09 1.2171E-09 1.2674E-09 1.3192E-09 1.3725E-09 1.4272E-09 1.4835E-09 1.5413E-09 1.6005E-09 1.6611E-09 1.7232E-09 1.7865E-09 1.8512E-09 1.9170E-09 1.9840E-09 2.0526E-09 2.1386E-09 2.3060E-09 2.6557E-09 3.2526E-09 4.1804E-09 5.5430E-09 7.4518E-09 9.9998E-09 1.3229E-08 1.7158E-08 2.1741E-08 2.6886E-08 3.2459E-08 3.8298E-08 4.3906E-08 4.8795E-08 5.2732E-08
3.8889E-10 4.0897E-10 4.2981E-10 4.5158E-10 4.7415E-10 4.9790E-10 5.2268E-10 5.4833E-10 5.7531E-10 6.0346E-10 6.3255E-10 6.6282E-10 6.9431E-10 7.2679E-10 7.6052E-10 7.9552E-10 8.3182E-10 8.6945E-10 9.0843E-10 9.4878E-10 9.9052E-10 1.0337E-09 1.0783E-09 1.1243E-09 1.1718E-09 1.2208E-09 1.2713E-09 1.3233E-09 1.3767E-09 1.4317E-09 1.4882E-09 1.5462E-09 1.6056E-09 1.6664E-09 1.7287E-09 1.7922E-09 1.8570E-09 1.9230E-09 1.9901E-09 2.0591E-09 2.1579E-09 2.3796E-09 2.8120E-09 3.5367E-09 4.6483E-09 6.2509E-09 8.4501E-09 1.1309E-08 1.4845E-08 1.9055E-08 2.3816E-08 2.9146E-08 3.4772E-08 4.0503E-08 4.6073E-08 5.0909E-08 5.4770E-08
3.8946E-10 4.0959E-10 4.3049E-10 4.5232E-10 4.7496E-10 4.9894E-10 5.2362E-10 5.4935E-10 5.7640E-10 6.0463E-10 6.3381E-10 6.6417E-10 6.9575E-10 7.2833E-10 7.6215E-10 7.9726E-10 8.3367E-10 8.7141E-10 9.1050E-10 9.5097E-10 9.9284E-10 1.0361E-09 1.0809E-09 1.1270E-09 1.1747E-09 1.2238E-09 1.2745E-09 1.3266E-09 1.3802E-09 1.4354E-09 1.4920E-09 1.5502E-09 1.6097E-09 1.6707E-09 1.7331E-09 1.7968E-09 1.8617E-09 1.9279E-09 1.9950E-09 2.0671E-09 2.2095E-09 2.5055E-09 3.0238E-09 3.8996E-09 5.2227E-09 7.0903E-09 9.5692E-09 1.2702E-08 1.6498E-08 2.0880E-08 2.5731E-08 3.1006E-08 3.6488E-08 4.1974E-08 4.7179E-08 5.1828E-08 5.5536E-08
3.8984E-10 4.1001E-10 4.3095E-10 4.5283E-10 4.7552E-10 4.9956E-10 5.2429E-10 5.5007E-10 5.7719E-10 6.0548E-10 6.3473E-10 6.6516E-10 6.9681E-10 7.2947E-10 7.6337E-10 7.9856E-10 8.3506E-10 8.7288E-10 9.1207E-10 9.5264E-10 9.9461E-10 1.0380E-09 1.0828E-09 1.1291E-09 1.1769E-09 1.2262E-09 1.2769E-09 1.3292E-09 1.3829E-09 1.4382E-09 1.4950E-09 1.5532E-09 1.6129E-09 1.6740E-09 1.7365E-09 1.8003E-09 1.8653E-09 1.9315E-09 1.9987E-09 2.0979E-09 2.3218E-09 2.7187E-09 3.3752E-09 4.4482E-09 6.0142E-09 8.1567E-09 1.0917E-08 1.4265E-08 1.8211E-08 2.2639E-08 2.7428E-08 3.2436E-08 3.7612E-08 4.2659E-08 4.7398E-08 5.1620E-08 5.5047E-08
3.9002E-10 4.1023E-10 4.3120E-10 4.5311E-10 4.7584E-10 4.9991E-10 5.2468E-10 5.5051E-10 5.7767E-10 6.0601E-10 6.3531E-10 6.6579E-10 6.9750E-10 7.3021E-10 7.6417E-10 7.9942E-10 8.3598E-10 8.7388E-10 9.1313E-10 9.5377E-10 9.9581E-10 1.0393E-09 1.0842E-09 1.1306E-09 1.1784E-09 1.2278E-09 1.2786E-09 1.3310E-09 1.3848E-09 1.4402E-09 1.4971E-09 1.5554E-09 1.6152E-09 1.6763E-09 1.7389E-09 1.8027E-09 1.8678E-09 1.9339E-09 2.0144E-09 2.1813E-09 2.4944E-09 3.0343E-09 3.8811E-09 5.1875E-09 7.0394E-09 9.4476E-09 1.2427E-08 1.5921E-08 1.9905E-08 2.4238E-08 2.8804E-08 3.3447E-08 3.8070E-08 4.2577E-08 4.6722E-08 5.0375E-08 5.3430E-08
3.9001E-10 4.1007E-10 4.3122E-10 4.5316E-10 4.7590E-10 5.0000E-10 5.2480E-10 5.5066E-10 5.7785E-10 6.0622E-10 6.3554E-10 6.6606E-10 6.9781E-10 7.3055E-10 7.6455E-10 7.9984E-10 8.3644E-10 8.7438E-10 9.1368E-10 9.5436E-10 9.9646E-10 1.0400E-09 1.0849E-09 1.1314E-09 1.1793E-09 1.2287E-09 1.2796E-09 1.3320E-09 1.3859E-09 1.4413E-09 1.4982E-09 1.5566E-09 1.6164E-09 1.6776E-09 1.7402E-09 1.8040E-09 1.8691E-09 1.9411E-09 2.0872E-09 2.3544E-09 2.8165E-09 3.5619E-09 4.6729E-09 6.2366E-09 8.3844E-09 1.1041E-08 1.4178E-08 1.7723E-08 2.1572E-08 2.5670E-08 2.9850E-08 3.3982E-08 3.7988E-08 4.1767E-08 4.5276E-08 4.8332E-08 5.0871E-08
3.8980E-10 4.0986E-10 4.3103E-10 4.5297E-10 4.7573E-10 4.9984E-10 5.2464E-10 5.5051E-10 5.7771E-10 6.0610E-10 6.3544E-10 6.6597E-10 6.9773E-10 7.3049E-10 7.6451E-10 7.9982E-10 8.3644E-10 8.7440E-10 9.1372E-10 9.5442E-10 9.9653E-10 1.0401E-09 1.0851E-09 1.1315E-09 1.1794E-09 1.2289E-09 1.2798E-09 1.3322E-09 1.3862E-09 1.4416E-09 1.4985E-09 1.5569E-09 1.6167E-09 1.6779E-09 1.7405E-09 1.8043E-09 1.8696E-09 2.0120E-09 2.2601E-09 2.6839E-09 3.3673E-09 4.3952E-09 5.8205E-09 7.6942E-09 1.0079E-08 1.2907E-08 1.6079E-08 1.9544E-08 2.3185E-08 2.6854E-08 3.0497E-08 3.4023E-08 3.7344E-08 4.0405E-08 4.3197E-08 4.5632E-08 4.7668E-08
3.8939E-10 4.0945E-10 4.3061E-10 4.5255E-10 4.7530E-10 4.9941E-10 5.2421E-10 5.5007E-10 5.7727E-10 6.0565E-10 6.3499E-10 6.6552E-10 6.9728E-10 7.3003E-10 7.6405E-10 7.9935E-10 8.3597E-10 8.7392E-10 9.1324E-10 9.5394E-10 9.9605E-10 1.0396E-09 1.0846E-09 1.1310E-09 1.1789E-09 1.2284E-09 1.2793E-09 1.3317E-09 1.3856E-09 1.4411E-09 1.4980E-09 1.5563E-09 1.6161E-09 1.6772E-09 1.7397E-09 1.8034E-09 1.9347E-09 2.1856E-09 2.6138E-09 3.2941E-09 4.3021E-09 5.6845E-09 7.4631E-09 9.6261E-09 1.2129E-08 1.5011E-08 1.8087E-08 2.1274E-08 2.4518E-08 2.7706E-08 3.0754E-08 3.3583E-08 3.6191E-08 3.8540E-08 4.0616E-08 4.2460E-08 4.3994E-08
3.8879E-10 4.0883E-10 4.2997E-10 4.5190E-10 4.7463E-10 4.9871E-10 5.2350E-10 5.4934E-10 5.7652E-10 6.0488E-10 6.3420E-10 6.6471E-10 6.9644E-10 7.2917E-10 7.6317E-10 7.9844E-10 8.3503E-10 8.7296E-10 9.1224E-10 9.5292E-10 9.9499E-10 1.0385E-09 1.0834E-09 1.1299E-09 1.1777E-09 1.2271E-09 1.2780E-09 1.3304E-09 1.3843E-09 1.4396E-09 1.4965E-09 1.5548E-09 1.6145E-09 1.6755E-09 1.7420E-09 1.8646E-09 2.1185E-09 2.5717E-09 3.2995E-09 4.3705E-09 5.7976E-09 7.5767E-09 9.6731E-09 1.2028E-08 1.4557E-08 1.7232E-08 2.0068E-08 2.2840E-08 2.5527E-08 2.8090E-08 3.0473E-08 3.2667E-08 3.4593E-08 3.6280E-08 3.7725E-08 3.8976E-08 4.0054E-08
3.8798E-10 4.0800E-10 4.2911E-10 4.5101E-10 4.7371E-10 4.9759E-10 5.2251E-10 5.4832E-10 5.7546E-10 6.0378E-10 6.3306E-10 6.6353E-10 6.9522E-10 7.2791E-10 7.6186E-10 7.9709E-10 8.3363E-10 8.7150E-10 9.1074E-10 9.5135E-10 9.9337E-10 1.0368E-09 1.0817E-09 1.1281E-09 1.1759E-09 1.2252E-09 1.2760E-09 1.3283E-09 1.3821E-09 1.4374E-09 1.4941E-09 1.5523E-09 1.6119E-09 1.6761E-09 1.7986E-09 2.0649E-09 2.5423E-09 3.3367E-09 4.5078E-09 6.0757E-09 7.9745E-09 1.0123E-08 1.2412E-08 1.4774E-08 1.7140E-08 1.9489E-08 2.1804E-08 2.4093E-08 2.6152E-08 2.8038E-08 2.9722E-08 3.1230E-08 3.2559E-08 3.3703E-08 3.4620E-08 3.5378E-08 3.6007E-08
3.8683E-10 4.0696E-10 4.2769E-10 4.4988E-10 4.7254E-10 4.9638E-10 5.2125E-10 5.4701E-10 5.7410E-10 6.0236E-10 6.3158E-10 6.6199E-10 6.9363E-10 7.2625E-10 7.6013E-10 7.9529E-10 8.3176E-10 8.6956E-10 9.0872E-10 9.4926E-10 9.9119E-10 1.0346E-09 1.0793E-09 1.1256E-09 1.1733E-09 1.2225E-09 1.2732E-09 1.3254E-09 1.3791E-09 1.4343E-09 1.4909E-09 1.5489E-09 1.6112E-09 1.7161E-09 2.0002E-09 2.5403E-09 3.4434E-09 4.7660E-09 6.5215E-09 8.6001E-09 1.0884E-08 1.3227E-08 1.5506E-08 1.7660E-08 1.9669E-08 2.1517E-08 2.3226E-08 2.4874E-08 2.6325E-08 2.7558E-08 2.8596E-08 2.9468E-08 3.0197E-08 3.0815E-08 3.1345E-08 3.1741E-08 3.2039E-08
3.8563E-10 4.0572E-10 4.2639E-10 4.4853E-10 4.7113E-10 4.9472E-10 5.1971E-10 5.4541E-10 5.7243E-10 6.0062E-10 6.2977E-10 6.6010E-10 6.9165E-10 7.2420E-10 7.5799E-10 7.9306E-10 8.2944E-10 8.6714E-10 9.0619E-10 9.4662E-10 9.8845E-10 1.0317E-09 1.0764E-09 1.1225E-09 1.1701E-09 1.2192E-09 1.2698E-09 1.3218E-09 1.3754E-09 1.4304E-09 1.4868E-09 1.5448E-09 1.6352E-09 1.9202E-09 2.5152E-09 3.5636E-09 5.1141E-09 7.1117E-09 9.4395E-09 1.1926E-08 1.4344E-08 1.6593E-08 1.8597E-08 2.0334E-08 2.1825E-08 2.3097E-08 2.4179E-08 2.5118E-08 2.5984E-08 2.6624E-08 2.7117E-08 2.7446E-08 2.7694E-08 2.7855E-08 2.7975E-08 2.8087E-08 2.8173E-08
3.8425E-10 4.0427E-10 4.2488E-10 4.4694E-10 4.6947E-10 4.9299E-10 5.1791E-10 5.4352E-10 5.7046E-10 5.9834E-10 6.2761E-10 6.5785E-10 6.8930E-10 7.2174E-10 7.5543E-10 7.9039E-10 8.2665E-10 8.6423E-10 9.0316E-10 9.4346E-10 9.8516E-10 1.0283E-09 1.0728E-09 1.1188E-09 1.1662E-09 1.2151E-09 1.2655E-09 1.3174E-09 1.3708E-09 1.4256E-09 1.4818E-09 1.5539E-09 1.8245E-09 2.4760E-09 3.6904E-09 5.5359E-09 7.8781E-09 1.0509E-08 1.3168E-08 1.5722E-08 1.7938E-08 1.9788E-08 2.1285E-08 2.2482E-08 2.3383E-08 2.4061E-08 2.4546E-08 2.4896E-08 2.5152E-08 2.5316E-08 2.5326E-08 2.5230E-08 2.5073E-08 2.4895E-08 2.4709E-08 2.4550E-08 2.4438E-08
