Assets/Resources/2015_m01_d22_0900(utc+0800)_l00_csi_1hr_conc.grd
DSAA
         159         159
     -79.000      79.000
     -79.000      79.000
  0.0000E+00  0.1687E-05
[rows 75 to 99 of 159, columns 57 to 113 of 159]
0.0000E+00 0.0000E+00 0.0000E+00 0.0000E+00 0.0000E+00 0.0000E+00 0.0000E+00 1.1881E-12 7.9018E-12 2.1694E-11 3.3879E-11 6.1254E-11 1.4044E-10 3.4471E-10 6.4419E-10 9.9223E-10 1.4456E-09 2.0883E-09 2.9736E-09 4.1637E-09 5.7293E-09 9.2149E-09 1.3765E-08 1.9382E-08 2.5352E-08 3.1377E-08 3.7335E-08 4.3018E-08 4.8215E-08 5.2475E-08 5.5187E-08 5.6075E-08 5.5456E-08 5.3762E-08 5.1556E-08 4.9106E-08 4.6713E-08 4.4299E-08 4.1893E-08 3.9499E-08 3.7169E-08 3.4928E-08 3.2780E-08 3.0350E-08 2.8537E-08 2.6867E-08 2.5025E-08 2.3735E-08 2.2558E-08 2.1499E-08 2.0344E-08 1.9546E-08 1.8788E-08 1.8126E-08 1.7511E-08 1.6921E-08 1.6395E-08
0.0000E+00 0.0000E+00 0.0000E+00 0.0000E+00 0.0000E+00 0.0000E+00 0.0000E+00 1.0729E-12 7.5744E-12 2.1171E-11 3.3332E-11 6.2719E-11 1.5340E-10 3.8880E-10 7.0956E-10 1.0695E-09 1.5683E-09 2.2784E-09 3.2599E-09 4.5826E-09 6.3250E-09 1.0295E-08 1.5760E-08 2.2564E-08 2.9988E-08 4.2464E-08 4.9538E-08 5.8776E-08 6.6090E-08 7.0474E-08 7.1973E-08 7.1047E-08 6.8145E-08 6.3951E-08 5.9423E-08 5.5122E-08 5.1218E-08 4.7696E-08 4.4594E-08 4.1695E-08 3.9018E-08 3.6479E-08 3.4094E-08 3.1441E-08 2.9483E-08 2.7692E-08 2.6056E-08 2.4318E-08 2.3058E-08 2.1923E-08 2.0685E-08 1.9836E-08 1.9038E-08 1.8329E-08 1.7680E-08 1.7061E-08 1.6500E-08
0.0000E+00 0.0000E+00 0.0000E+00 0.0000E+00 0.0000E+00 0.0000E+00 0.0000E+00 9.3970E-13 7.1699E-12 2.0335E-11 3.9453E-11 6.4979E-11 1.6370E-10 4.2328E-10 7.5585E-10 1.1336E-09 1.6716E-09 2.4397E-09 3.5053E-09 4.9433E-09 6.8519E-09 1.1216E-08 1.7691E-08 2.5999E-08 1.2459E-07 2.2211E-07 1.3277E-07 1.0381E-07 1.0238E-07 9.9998E-08 9.7897E-08 9.2712E-08 8.5251E-08 7.6880E-08 6.8647E-08 6.1555E-08 5.5619E-08 5.0817E-08 4.6782E-08 4.3401E-08 4.0391E-08 3.7603E-08 3.5018E-08 3.2626E-08 3.0130E-08 2.8244E-08 2.6521E-08 2.4686E-08 2.3372E-08 2.2182E-08 2.0876E-08 1.9992E-08 1.9167E-08 1.8424E-08 1.7750E-08 1.7112E-08 1.6521E-08
0.0000E+00 0.0000E+00 0.0000E+00 0.0000E+00 0.0000E+00 0.0000E+00 0.0000E+00 7.9125E-13 6.6527E-12 1.9067E-11 3.8192E-11 6.6406E-11 1.7092E-10 4.4766E-10 7.8601E-10 1.1797E-09 1.7472E-09 2.5596E-09 3.6897E-09 5.2166E-09 7.2615E-09 1.1975E-08 1.9393E-08 9.7430E-07 1.6874E-06 4.4794E-07 2.3130E-07 1.7407E-07 1.5121E-07 1.4248E-07 1.3395E-07 1.2114E-07 1.0653E-07 9.1823E-08 7.8644E-08 6.7829E-08 5.9574E-08 5.3300E-08 4.8412E-08 4.4502E-08 4.1195E-08 3.8221E-08 3.5486E-08 3.3007E-08 3.0414E-08 2.8468E-08 2.6697E-08 2.4802E-08 2.3453E-08 2.2234E-08 2.0884E-08 1.9978E-08 1.9139E-08 1.8378E-08 1.7693E-08 1.7042E-08 1.6438E-08
0.0000E+00 0.0000E+00 0.0000E+00 0.0000E+00 0.0000E+00 0.0000E+00 0.0000E+00 6.3053E-13 5.7280E-12 1.7440E-11 3.6695E-11 6.6669E-11 1.8241E-10 4.5712E-10 7.9932E-10 1.2034E-09 1.7884E-09 2.6270E-09 3.7965E-09 5.3781E-09 7.5104E-09 1.2419E-08 2.0605E-08 9.0031E-07 4.7253E-07 3.4109E-07 2.9249E-07 2.2749E-07 2.0499E-07 1.9449E-07 1.7668E-07 1.5348E-07 1.2909E-07 1.0635E-07 8.7482E-08 7.3140E-08 6.2505E-08 5.4845E-08 4.9268E-08 4.4910E-08 4.1374E-08 3.8285E-08 3.5481E-08 3.2958E-08 3.0311E-08 2.8350E-08 2.6559E-08 2.4637E-08 2.3282E-08 2.2053E-08 2.0685E-08 1.9778E-08 1.8929E-08 1.8169E-08 1.7484E-08 1.6832E-08 1.6227E-08
0.0000E+00 0.0000E+00 0.0000E+00 0.0000E+00 0.0000E+00 0.0000E+00 0.0000E+00 4.6052E-13 4.7258E-12 1.5548E-11 3.4713E-11 6.5602E-11 1.8059E-10 4.5313E-10 7.9572E-10 1.2022E-09 1.7907E-09 2.6348E-09 3.8141E-09 5.4103E-09 8.2534E-09 1.2601E-08 2.1170E-08 3.8493E-08 2.1197E-07 2.8916E-07 2.8609E-07 2.6295E-07 2.5684E-07 2.4388E-07 2.1700E-07 1.8228E-07 1.4724E-07 1.1695E-07 9.3230E-08 7.6007E-08 6.3784E-08 5.5282E-08 4.9148E-08 4.4564E-08 4.0909E-08 3.7800E-08 3.5009E-08 3.2498E-08 2.9855E-08 2.7910E-08 2.6132E-08 2.4213E-08 2.2870E-08 2.1651E-08 2.0295E-08 1.9394E-08 1.8553E-08 1.7800E-08 1.7121E-08 1.6475E-08 1.5882E-08
0.0000E+00 0.0000E+00 0.0000E+00 0.0000E+00 0.0000E+00 0.0000E+00 0.0000E+00 2.8431E-13 3.6751E-12 1.3306E-11 3.1919E-11 7.4172E-11 1.7389E-10 4.3641E-10 7.7466E-10 1.1750E-09 1.7522E-09 2.5799E-09 3.7378E-09 5.3056E-09 8.1840E-09 1.2480E-08 2.0732E-08 3.4749E-08 5.4320E-08 1.0917E-07 2.0474E-07 2.5122E-07 2.7283E-07 2.6753E-07 2.3791E-07 1.9588E-07 1.5406E-07 1.1945E-07 9.3756E-08 7.5622E-08 6.2985E-08 5.4232E-08 4.8040E-08 4.3431E-08 3.9802E-08 3.6774E-08 3.4074E-08 3.1635E-08 2.9058E-08 2.7170E-08 2.5445E-08 2.3562E-08 2.2257E-08 2.1068E-08 1.9745E-08 1.8863E-08 1.8037E-08 1.7301E-08 1.6636E-08 1.6002E-08 1.5424E-08
0.0000E+00 0.0000E+00 0.0000E+00 0.0000E+00 0.0000E+00 0.0000E+00 0.0000E+00 1.0498E-13 2.4475E-12 1.0724E-11 2.8440E-11 6.8925E-11 1.6278E-10 4.0924E-10 7.3493E-10 1.1231E-09 1.6747E-09 2.4649E-09 3.5709E-09 5.0690E-09 7.6748E-09 1.1969E-08 1.9265E-08 3.2875E-08 5.1945E-08 7.7163E-08 1.2793E-07 1.9279E-07 2.3799E-07 2.4735E-07 2.2502E-07 1.8549E-07 1.4532E-07 1.1248E-07 8.8515E-08 7.1669E-08 5.9962E-08 5.1763E-08 4.5965E-08 4.1546E-08 3.8116E-08 3.5256E-08 3.2699E-08 3.0411E-08 2.7946E-08 2.6160E-08 2.4513E-08 2.2710E-08 2.1465E-08 2.0327E-08 1.9049E-08 1.8201E-08 1.7396E-08 1.6693E-08 1.6050E-08 1.5427E-08 1.4875E-08
0.0000E+00 0.0000E+00 0.0000E+00 0.0000E+00 0.0000E+00 0.0000E+00 0.0000E+00 0.0000E+00 1.5898E-12 8.5227E-12 2.5522E-11 6.1967E-11 1.4813E-10 3.6698E-10 6.7704E-10 1.0496E-09 1.5633E-09 2.2977E-09 3.3251E-09 4.7169E-09 7.0839E-09 1.0924E-08 1.7205E-08 2.8685E-08 4.6078E-08 6.7885E-08 9.7529E-08 1.4037E-07 1.7939E-07 1.9469E-07 1.8253E-07 1.5401E-07 1.2331E-07 9.7737E-08 7.8649E-08 6.4919E-08 5.5160E-08 4.8155E-08 4.3031E-08 3.9084E-08 3.5944E-08 3.3310E-08 3.0972E-08 2.8870E-08 2.6565E-08 2.4906E-08 2.3369E-08 2.1669E-08 2.0507E-08 1.9433E-08 1.8229E-08 1.7422E-08 1.6652E-08 1.5990E-08 1.5368E-08 1.4771E-08 1.4249E-08
0.0000E+00 0.0000E+00 0.0000E+00 0.0000E+00 0.0000E+00 0.0000E+00 0.0000E+00 0.0000E+00 7.6727E-13 5.8757E-12 1.9971E-11 5.3043E-11 1.3096E-10 3.1720E-10 6.0766E-10 9.5941E-10 1.4255E-09 2.0903E-09 3.0183E-09 4.2759E-09 6.1785E-09 9.5196E-09 1.4610E-08 2.3021E-08 3.7360E-08 5.5424E-08 7.5220E-08 1.0101E-07 1.2463E-07 1.3600E-07 1.3100E-07 1.1518E-07 9.6388E-08 7.9857E-08 6.6684E-08 5.6733E-08 4.9308E-08 4.3783E-08 3.9516E-08 3.6169E-08 3.3387E-08 3.1031E-08 2.8962E-08 2.7074E-08 2.4962E-08 2.3452E-08 2.2053E-08 2.0482E-08 1.9413E-08 1.8417E-08 1.7295E-08 1.6541E-08 1.5828E-08 1.5203E-08 1.4610E-08 1.4046E-08 1.3552E-08
0.0000E+00 0.0000E+00 0.0000E+00 0.0000E+00 0.0000E+00 0.0000E+00 0.0000E+00 0.0000E+00 3.1876E-13 3.9770E-12 1.5500E-11 4.3710E-11 1.1406E-10 2.6346E-10 5.2104E-10 8.5486E-10 1.2705E-09 1.8569E-09 2.6726E-09 3.7775E-09 5.2252E-09 8.0021E-09 1.1848E-08 1.7866E-08 2.7686E-08 4.1297E-08 5.6118E-08 7.1061E-08 8.3661E-08 9.0244E-08 8.8928E-08 8.2033E-08 7.2388E-08 6.3071E-08 5.5034E-08 4.8411E-08 4.3190E-08 3.9057E-08 3.5694E-08 3.2948E-08 3.0590E-08 2.8524E-08 2.6742E-08 2.5087E-08 2.3188E-08 2.1849E-08 2.0601E-08 1.9178E-08 1.8208E-08 1.7313E-08 1.6277E-08 1.5580E-08 1.4935E-08 1.4354E-08 1.3787E-08 1.3266E-08 1.2801E-08
0.0000E+00 0.0000E+00 0.0000E+00 0.0000E+00 0.0000E+00 0.0000E+00 0.0000E+00 0.0000E+00 7.3592E-14 2.2473E-12 1.0740E-11 3.2788E-11 9.0208E-11 2.1061E-10 4.2891E-10 7.3867E-10 1.1083E-09 1.6124E-09 2.3107E-09 3.2550E-09 4.4895E-09 6.3259E-09 9.3482E-09 1.3444E-08 1.9304E-08 2.8407E-08 3.9080E-08 4.8672E-08 5.6616E-08 6.0765E-08 6.1187E-08 5.8507E-08 5.4370E-08 4.9530E-08 4.4870E-08 4.0768E-08 3.7263E-08 3.4273E-08 3.1755E-08 2.9577E-08 2.7616E-08 2.5911E-08 2.4398E-08 2.2973E-08 2.1305E-08 2.0144E-08 1.8711E-08 1.7793E-08 1.6924E-08 1.5857E-08 1.5200E-08 1.4558E-08 1.3987E-08 1.3453E-08 1.2920E-08 1.2447E-08 1.2008E-08
0.0000E+00 0.0000E+00 0.0000E+00 0.0000E+00 0.0000E+00 0.0000E+00 0.0000E+00 0.0000E+00 0.0000E+00 1.1446E-12 7.1000E-12 2.4241E-11 6.8481E-11 1.6339E-10 3.3703E-10 6.1371E-10 9.4626E-10 1.3708E-09 1.9541E-09 2.7401E-09 3.7675E-09 5.0630E-09 7.1810E-09 1.0020E-08 1.3607E-08 1.8523E-08 2.5659E-08 3.1945E-08 3.7446E-08 4.1176E-08 4.3242E-08 4.2751E-08 4.1187E-08 3.8991E-08 3.6488E-08 3.4030E-08 3.1717E-08 2.9669E-08 2.7847E-08 2.6135E-08 2.4615E-08 2.3250E-08 2.1990E-08 2.0389E-08 1.9368E-08 1.8385E-08 1.7148E-08 1.6362E-08 1.5599E-08 1.4662E-08 1.4076E-08 1.3510E-08 1.3006E-08 1.2511E-08 1.2031E-08 1.1603E-08 1.1188E-08
0.0000E+00 0.0000E+00 0.0000E+00 0.0000E+00 0.0000E+00 0.0000E+00 0.0000E+00 0.0000E+00 0.0000E+00 3.5910E-13 4.2177E-12 1.6707E-11 5.0172E-11 1.2408E-10 2.5555E-10 4.8263E-10 7.8505E-10 1.1434E-09 1.6196E-09 2.2579E-09 3.0916E-09 4.1418E-09 5.4216E-09 7.2439E-09 9.8373E-09 1.2531E-08 1.6456E-08 2.1181E-08 2.5604E-08 2.8697E-08 3.0974E-08 3.1695E-08 3.1429E-08 3.0592E-08 2.9495E-08 2.8031E-08 2.6675E-08 2.5337E-08 2.4016E-08 2.2788E-08 2.1667E-08 2.0602E-08 1.9595E-08 1.8264E-08 1.7435E-08 1.6628E-08 1.5571E-08 1.4905E-08 1.3973E-08 1.3444E-08 1.2922E-08 1.2453E-08 1.2009E-08 1.1547E-08 1.1136E-08 1.0743E-08 1.0353E-08
0.0000E+00 0.0000E+00 0.0000E+00 0.0000E+00 0.0000E+00 0.0000E+00 0.0000E+00 0.0000E+00 0.0000E+00 6.2724E-14 2.1301E-12 1.0746E-11 3.4872E-11 9.0248E-11 1.8922E-10 3.6091E-10 6.2330E-10 9.3495E-10 1.3188E-09 1.8262E-09 2.4867E-09 3.3192E-09 4.3306E-09 5.5238E-09 6.8768E-09 9.0340E-09 1.1125E-08 1.3849E-08 1.6993E-08 1.9862E-08 2.2013E-08 2.3239E-08 2.3789E-08 2.3744E-08 2.3515E-08 2.2882E-08 2.2119E-08 2.1220E-08 2.0429E-08 1.9614E-08 1.8811E-08 1.8026E-08 1.6836E-08 1.6199E-08 1.5536E-08 1.4564E-08 1.4019E-08 1.3460E-08 1.2681E-08 1.2233E-08 1.1784E-08 1.1390E-08 1.0994E-08 1.0597E-08 1.0237E-08 9.8737E-09 9.5252E-09
0.0000E+00 0.0000E+00 0.0000E+00 0.0000E+00 0.0000E+00 0.0000E+00 0.0000E+00 0.0000E+00 0.0000E+00 0.0000E+00 8.5261E-13 5.9807E-12 2.2929E-11 6.4260E-11 1.3713E-10 2.5970E-10 4.6596E-10 7.3954E-10 1.0585E-09 1.4546E-09 1.9672E-09 2.6136E-09 3.3990E-09 4.3212E-09 5.3756E-09 6.5200E-09 7.7160E-09 9.2496E-09 1.1435E-08 1.3544E-08 1.5456E-08 1.6871E-08 1.7765E-08 1.8223E-08 1.8360E-08 1.8250E-08 1.7974E-08 1.7589E-08 1.7135E-08 1.6654E-08 1.6113E-08 1.5588E-08 1.4677E-08 1.4217E-08 1.3729E-08 1.2942E-08 1.2492E-08 1.1775E-08 1.1422E-08 1.1030E-08 1.0678E-08 1.0348E-08 9.9886E-09 9.6717E-09 9.3487E-09 9.0181E-09 8.7125E-09
0.0000E+00 0.0000E+00 0.0000E+00 0.0000E+00 0.0000E+00 0.0000E+00 0.0000E+00 0.0000E+00 0.0000E+00 0.0000E+00 2.2163E-13 3.1745E-12 1.3721E-11 4.4488E-11 9.9628E-11 1.8437E-10 3.3271E-10 5.5432E-10 8.2826E-10 1.1449E-09 1.5362E-09 2.0285E-09 2.6282E-09 3.3322E-09 4.1361E-09 5.0207E-09 5.9474E-09 6.8885E-09 7.8096E-09 9.3197E-09 1.0835E-08 1.2072E-08 1.3045E-08 1.3736E-08 1.4157E-08 1.4361E-08 1.4403E-08 1.4320E-08 1.4149E-08 1.3923E-08 1.3642E-08 1.2913E-08 1.2636E-08 1.2344E-08 1.1672E-08 1.1361E-08 1.1062E-08 1.0459E-08 1.0176E-08 9.8967E-09 9.6181E-09 9.3088E-09 9.0298E-09 8.7643E-09 8.4727E-09 8.1937E-09 7.9235E-09
0.0000E+00 0.0000E+00 0.0000E+00 0.0000E+00 0.0000E+00 0.0000E+00 0.0000E+00 0.0000E+00 0.0000E+00 0.0000E+00 0.0000E+00 1.2867E-12 7.4615E-12 2.7717E-11 7.1828E-11 1.3224E-10 2.2870E-10 3.9366E-10 6.1737E-10 8.8535E-10 1.1898E-09 1.5592E-09 2.0106E-09 2.5417E-09 3.1470E-09 3.8188E-09 4.5332E-09 5.2602E-09 5.9817E-09 6.6725E-09 7.5179E-09 8.6656E-09 9.5173E-09 1.0227E-08 1.0765E-08 1.1146E-08 1.1383E-08 1.1507E-08 1.1540E-08 1.1505E-08 1.0955E-08 1.0893E-08 1.0793E-08 1.0258E-08 1.0112E-08 9.9060E-09 9.3961E-09 9.2078E-09 9.0263E-09 8.8011E-09 8.5666E-09 8.3326E-09 8.1125E-09 7.8716E-09 7.6381E-09 7.3985E-09 7.1628E-09
0.0000E+00 0.0000E+00 0.0000E+00 0.0000E+00 0.0000E+00 0.0000E+00 0.0000E+00 0.0000E+00 0.0000E+00 0.0000E+00 0.0000E+00 3.0137E-13 3.6401E-12 1.5504E-11 4.9279E-11 9.9368E-11 1.5994E-10 2.6641E-10 4.3602E-10 6.5218E-10 9.0773E-10 1.1926E-09 1.5278E-09 1.9251E-09 2.3785E-09 2.8822E-09 3.4263E-09 3.9897E-09 4.5516E-09 5.1000E-09 5.6223E-09 6.1115E-09 6.8792E-09 7.5950E-09 8.1273E-09 8.5605E-09 8.8976E-09 9.1452E-09 9.2463E-09 9.0313E-09 9.1055E-09 9.0909E-09 8.7428E-09 8.6982E-09 8.6368E-09 8.2921E-09 8.1905E-09 8.0600E-09 7.9132E-09 7.7720E-09 7.6038E-09 7.4091E-09 7.2244E-09 7.0301E-09 6.8376E-09 6.6438E-09 6.4297E-09
0.0000E+00 0.0000E+00 0.0000E+00 0.0000E+00 0.0000E+00 0.0000E+00 0.0000E+00 0.0000E+00 0.0000E+00 0.0000E+00 0.0000E+00 0.0000E+00 1.3891E-12 7.8039E-12 2.9380E-11 7.4003E-11 1.2187E-10 1.8462E-10 2.9322E-10 4.5374E-10 6.5881E-10 8.9750E-10 1.1597E-09 1.4544E-09 1.7936E-09 2.1720E-09 2.5818E-09 3.0146E-09 3.4555E-09 3.8895E-09 4.3145E-09 4.7263E-09 5.1170E-09 5.4767E-09 5.9697E-09 6.4987E-09 6.7921E-09 7.1073E-09 7.1963E-09 7.3299E-09 7.4256E-09 7.2987E-09 7.3404E-09 7.3619E-09 7.1496E-09 7.1012E-09 7.0531E-09 7.0063E-09 6.9292E-09 6.8035E-09 6.6896E-09 6.5549E-09 6.3996E-09 6.2385E-09 6.0860E-09 5.9168E-09 5.7431E-09
0.0000E+00 0.0000E+00 0.0000E+00 0.0000E+00 0.0000E+00 0.0000E+00 0.0000E+00 0.0000E+00 0.0000E+00 0.0000E+00 0.0000E+00 0.0000E+00 2.9365E-13 3.4436E-12 1.4988E-11 4.8799E-11 9.6340E-11 1.4000E-10 2.0346E-10 3.0577E-10 4.5184E-10 6.4085E-10 8.5698E-10 1.0953E-09 1.3544E-09 1.6385E-09 1.9501E-09 2.2794E-09 2.6241E-09 2.9717E-09 3.3171E-09 3.6617E-09 3.9283E-09 4.2584E-09 4.5048E-09 4.7936E-09 5.0887E-09 5.4224E-09 5.6281E-09 5.8557E-09 5.8721E-09 6.0122E-09 6.0965E-09 6.0376E-09 6.0506E-09 6.0657E-09 6.0913E-09 6.0448E-09 6.0056E-09 5.9442E-09 5.8631E-09 5.7645E-09 5.6408E-09 5.5098E-09 5.3722E-09 5.2354E-09 5.1038E-09
0.0000E+00 0.0000E+00 0.0000E+00 0.0000E+00 0.0000E+00 0.0000E+00 0.0000E+00 0.0000E+00 0.0000E+00 0.0000E+00 0.0000E+00 0.0000E+00 0.0000E+00 1.1490E-12 6.5285E-12 2.6254E-11 6.9798E-11 1.1365E-10 1.5531E-10 2.1798E-10 3.1105E-10 4.3457E-10 5.9550E-10 7.8560E-10 9.9392E-10 1.2368E-09 1.4798E-09 1.7350E-09 1.9997E-09 2.2783E-09 2.5631E-09 2.8060E-09 3.0974E-09 3.3428E-09 3.5647E-09 3.7929E-09 3.9989E-09 4.2344E-09 4.3899E-09 4.6589E-09 4.7556E-09 4.9129E-09 4.9274E-09 4.9760E-09 5.0974E-09 5.1498E-09 5.1935E-09 5.2142E-09 5.2030E-09 5.1625E-09 5.1053E-09 5.0264E-09 4.9410E-09 4.8373E-09 4.7207E-09 4.6072E-09 4.5015E-09
0.0000E+00 0.0000E+00 0.0000E+00 0.0000E+00 0.0000E+00 0.0000E+00 0.0000E+00 0.0000E+00 0.0000E+00 0.0000E+00 0.0000E+00 0.0000E+00 0.0000E+00 1.9865E-13 2.6050E-12 1.1898E-11 4.2111E-11 8.7382E-11 1.2681E-10 1.7039E-10 2.2953E-10 3.0779E-10 4.1075E-10 5.4258E-10 6.9762E-10 8.6780E-10 1.0743E-09 1.2821E-09 1.5023E-09 1.7243E-09 1.9594E-09 2.1833E-09 2.4285E-09 2.6101E-09 2.8547E-09 3.0590E-09 3.2430E-09 3.4197E-09 3.5867E-09 3.7448E-09 3.9037E-09 4.0064E-09 4.1266E-09 4.2240E-09 4.3007E-09 4.3628E-09 4.4177E-09 4.4682E-09 4.4753E-09 4.4621E-09 4.4159E-09 4.3604E-09 4.3018E-09 4.2198E-09 4.1342E-09 4.0313E-09 3.9292E-09
0.0000E+00 0.0000E+00 0.0000E+00 0.0000E+00 0.0000E+00 0.0000E+00 0.0000E+00 0.0000E+00 0.0000E+00 0.0000E+00 0.0000E+00 0.0000E+00 0.0000E+00 0.0000E+00 5.9034E-13 4.5456E-12 1.9867E-11 5.7813E-11 1.0119E-10 1.3852E-10 1.8247E-10 2.3780E-10 3.0659E-10 3.9047E-10 4.9164E-10 6.0793E-10 7.6109E-10 9.3159E-10 1.1057E-09 1.3134E-09 1.4996E-09 1.6773E-09 1.8890E-09 2.0750E-09 2.2824E-09 2.4294E-09 2.6028E-09 2.7957E-09 2.9699E-09 3.0969E-09 3.2396E-09 3.3648E-09 3.4777E-09 3.5698E-09 3.6429E-09 3.7035E-09 3.7585E-09 3.7999E-09 3.8193E-09 3.8263E-09 3.8113E-09 3.7765E-09 3.7181E-09 3.6586E-09 3.5944E-09 3.5100E-09 3.4268E-09
0.0000E+00 0.0000E+00 0.0000E+00 0.0000E+00 0.0000E+00 0.0000E+00 0.0000E+00 0.0000E+00 0.0000E+00 0.0000E+00 0.0000E+00 0.0000E+00 0.0000E+00 0.0000E+00 2.5109E-14 1.5574E-12 7.5997E-12 2.9179E-11 7.1486E-11 1.1110E-10 1.4742E-10 1.9122E-10 2.4466E-10 3.0445E-10 3.7715E-10 4.5669E-10 5.4711E-10 6.7313E-10 8.0680E-10 9.6149E-10 1.1458E-09 1.3048E-09 1.4772E-09 1.6362E-09 1.8171E-09 1.9748E-09 2.1467E-09 2.2817E-09 2.4343E-09 2.5756E-09 2.7039E-09 2.8174E-09 2.9177E-09 3.0011E-09 3.0761E-09 3.1375E-09 3.1854E-09 3.2280E-09 3.2608E-09 3.2769E-09 3.2696E-09 3.2513E-09 3.2109E-09 3.1616E-09 3.0966E-09 3.0381E-09 2.9730E-09
