Assets/Resources/2015_m01_d05_1500(utc+0800)_l00_csi_1hr_conc.grd
DSAA
         159         159
     -79.000      79.000
     -79.000      79.000
  0.9467E-10  0.6481E-05
[rows 125 to 149 of 159, columns 0 to 56 of 159]
8.2451E-10 8.3178E-10 8.3871E-10 8.4529E-10 8.5148E-10 8.5727E-10 8.6630E-10 8.7485E-10 8.7993E-10 8.8486E-10 8.8958E-10 9.3963E-10 9.5615E-10 9.7926E-10 9.9548E-10 1.0050E-09 1.0242E-09 1.0263E-09 1.0276E-09 1.0300E-09 1.0297E-09 1.0304E-09 1.0232E-09 1.0272E-09 1.0182E-09 1.0139E-09 1.0089E-09 9.9760E-10 9.8453E-10 9.6631E-10 9.5305E-10 9.4509E-10 9.2472E-10 9.0484E-10 8.9417E-10 8.7867E-10 8.5755E-10 8.4817E-10 8.3008E-10 8.0835E-10 7.9744E-10 7.7502E-10 7.6411E-10 7.5415E-10 7.4342E-10 7.3135E-10 7.2219E-10 7.1126E-10 7.0213E-10 6.9300E-10 6.8252E-10 6.7202E-10 6.6311E-10 6.5227E-10 6.4264E-10 6.3157E-10 6.2175E-10
7.9612E-10 8.0290E-10 8.0937E-10 8.1550E-10 8.2128E-10 8.2669E-10 8.3172E-10 8.3635E-10 8.4057E-10 8.4436E-10 8.5137E-10 8.5634E-10 8.6099E-10 8.6379E-10 8.6623E-10 8.8209E-10 8.9675E-10 8.9793E-10 9.1064E-10 9.1739E-10 9.1684E-10 9.1568E-10 9.1392E-10 9.1157E-10 9.1497E-10 9.0512E-10 9.0104E-10 8.9642E-10 8.9126E-10 8.8559E-10 8.6768E-10 8.6128E-10 8.4785E-10 8.2819E-10 8.2107E-10 8.1210E-10 7.9108E-10 7.8344E-10 7.7382E-10 7.6549E-10 7.5698E-10 7.4622E-10 7.3690E-10 7.2650E-10 7.1818E-10 7.0979E-10 7.0135E-10 6.9148E-10 6.8305E-10 6.7315E-10 6.6478E-10 6.5493E-10 6.4412E-10 6.3510E-10 6.2566E-10 6.1553E-10 6.0684E-10
7.6963E-10 7.7596E-10 7.8199E-10 7.8771E-10 7.9311E-10 7.9816E-10 8.0286E-10 8.0719E-10 8.1115E-10 8.1471E-10 8.1786E-10 8.2061E-10 8.2294E-10 8.2485E-10 8.2633E-10 8.2937E-10 8.3204E-10 8.3265E-10 8.3460E-10 8.3442E-10 8.3374E-10 8.3259E-10 8.3095E-10 8.2885E-10 8.2628E-10 8.3679E-10 8.1978E-10 8.1589E-10 8.1157E-10 8.0685E-10 8.0175E-10 7.9465E-10 7.8886E-10 7.8275E-10 7.7633E-10 7.6792E-10 7.6100E-10 7.5383E-10 7.4450E-10 7.3697E-10 7.2941E-10 7.2200E-10 7.1447E-10 7.0684E-10 6.9772E-10 6.8998E-10 6.8073E-10 6.7295E-10 6.6363E-10 6.5588E-10 6.4607E-10 6.3750E-10 6.2898E-10 6.1874E-10 6.1041E-10 5.9959E-10 5.8891E-10
7.3911E-10 7.4480E-10 7.5021E-10 7.6181E-10 7.6685E-10 7.7157E-10 7.7597E-10 7.8003E-10 7.8373E-10 7.8707E-10 7.9004E-10 7.9263E-10 7.9484E-10 7.9665E-10 7.9806E-10 7.9908E-10 7.9970E-10 7.9991E-10 7.9972E-10 7.9913E-10 7.9815E-10 7.9677E-10 7.9501E-10 7.9286E-10 7.9217E-10 7.8930E-10 7.8607E-10 7.8249E-10 7.7858E-10 7.7253E-10 7.6800E-10 7.6319E-10 7.5809E-10 7.5274E-10 7.4714E-10 7.4132E-10 7.3528E-10 7.2904E-10 7.2262E-10 7.1604E-10 7.0788E-10 7.0106E-10 6.9413E-10 6.8564E-10 6.7858E-10 6.6991E-10 6.6277E-10 6.5399E-10 6.4684E-10 6.3828E-10 6.3021E-10 6.2090E-10 6.1160E-10 6.0313E-10 5.9216E-10 5.8087E-10 5.6651E-10
7.1674E-10 7.2206E-10 7.2713E-10 7.3193E-10 7.3646E-10 7.4070E-10 7.4635E-10 7.5325E-10 7.5819E-10 7.6133E-10 7.6413E-10 7.6657E-10 7.6866E-10 7.7038E-10 7.7174E-10 7.7273E-10 7.7334E-10 7.7359E-10 7.7346E-10 7.7296E-10 7.7210E-10 7.7087E-10 7.6929E-10 7.6735E-10 7.6506E-10 7.6244E-10 7.5950E-10 7.5623E-10 7.5266E-10 7.4879E-10 7.4463E-10 7.4021E-10 7.3552E-10 7.3060E-10 7.2544E-10 7.2007E-10 7.1308E-10 7.0735E-10 7.0146E-10 6.9394E-10 6.8780E-10 6.7997E-10 6.7363E-10 6.6555E-10 6.5909E-10 6.5255E-10 6.4596E-10 6.3840E-10 6.2952E-10 6.2201E-10 6.1316E-10 6.0522E-10 5.9455E-10 5.8201E-10 5.7090E-10 5.5833E-10 5.4010E-10
6.9588E-10 7.0086E-10 7.0561E-10 7.1011E-10 7.1435E-10 7.1833E-10 7.2203E-10 7.2544E-10 7.2855E-10 7.3136E-10 7.3386E-10 7.3939E-10 7.4132E-10 7.4448E-10 7.4723E-10 7.4819E-10 7.4880E-10 7.4908E-10 7.4901E-10 7.4859E-10 7.4784E-10 7.4675E-10 7.4532E-10 7.4358E-10 7.4151E-10 7.3912E-10 7.3643E-10 7.3345E-10 7.3018E-10 7.2520E-10 7.2141E-10 7.1736E-10 7.1308E-10 7.0708E-10 7.0238E-10 6.9749E-10 6.9083E-10 6.8562E-10 6.8024E-10 6.7307E-10 6.6746E-10 6.6173E-10 6.5589E-10 6.4996E-10 6.4394E-10 6.3692E-10 6.2859E-10 6.2020E-10 6.1320E-10 6.0479E-10 5.9595E-10 5.8500E-10 5.7248E-10 5.6079E-10 5.4211E-10 5.3120E-10 5.1612E-10
6.7642E-10 6.8109E-10 6.8554E-10 6.8976E-10 6.9374E-10 6.9748E-10 7.0095E-10 7.0416E-10 7.0710E-10 7.0975E-10 7.1212E-10 7.1419E-10 7.1596E-10 7.1743E-10 7.1859E-10 7.1945E-10 7.1999E-10 7.2193E-10 7.2188E-10 7.2151E-10 7.2084E-10 7.2147E-10 7.2020E-10 7.1862E-10 7.1676E-10 7.1461E-10 7.1218E-10 7.0789E-10 7.0494E-10 7.0174E-10 6.9829E-10 6.9462E-10 6.9072E-10 6.8497E-10 6.8070E-10 6.7624E-10 6.7160E-10 6.6681E-10 6.6187E-10 6.5678E-10 6.5157E-10 6.4625E-10 6.4082E-10 6.3309E-10 6.2661E-10 6.1877E-10 6.1224E-10 6.0433E-10 5.9442E-10 5.8540E-10 5.7379E-10 5.6244E-10 5.4475E-10 5.3205E-10 5.2087E-10 5.0472E-10 4.9880E-10
6.5258E-10 6.6265E-10 6.6682E-10 6.7079E-10 6.7453E-10 6.7804E-10 6.8131E-10 6.8434E-10 6.8710E-10 6.8961E-10 6.9185E-10 6.9382E-10 6.9551E-10 6.9692E-10 6.9804E-10 6.9888E-10 6.9944E-10 6.9970E-10 6.9968E-10 6.9937E-10 6.9878E-10 6.9791E-10 6.9676E-10 6.9534E-10 6.9366E-10 6.9171E-10 6.8950E-10 6.8705E-10 6.8436E-10 6.8143E-10 6.7828E-10 6.7492E-10 6.7136E-10 6.6759E-10 6.6365E-10 6.5952E-10 6.5524E-10 6.5080E-10 6.4621E-10 6.4021E-10 6.3540E-10 6.2820E-10 6.2230E-10 6.1492E-10 6.0894E-10 6.0009E-10 5.9353E-10 5.8431E-10 5.7301E-10 5.6152E-10 5.4547E-10 5.3308E-10 5.1918E-10 5.0621E-10 5.0046E-10 4.9485E-10 4.8918E-10
6.3627E-10 6.4022E-10 6.4399E-10 6.4756E-10 6.5093E-10 6.5859E-10 6.6300E-10 6.6586E-10 6.6847E-10 6.7084E-10 6.7297E-10 6.7484E-10 6.7645E-10 6.7780E-10 6.7889E-10 6.7971E-10 6.8027E-10 6.8056E-10 6.8059E-10 6.8034E-10 6.7984E-10 6.7907E-10 6.7805E-10 6.7677E-10 6.7525E-10 6.7347E-10 6.7146E-10 6.6922E-10 6.6676E-10 6.6407E-10 6.6118E-10 6.5809E-10 6.5480E-10 6.5133E-10 6.4637E-10 6.4259E-10 6.3865E-10 6.3320E-10 6.2901E-10 6.2377E-10 6.1702E-10 6.1164E-10 6.0468E-10 5.9726E-10 5.9047E-10 5.8182E-10 5.6818E-10 5.5865E-10 5.4201E-10 5.3272E-10 5.1855E-10 5.0726E-10 5.0172E-10 4.9304E-10 4.9078E-10 4.8844E-10 4.8601E-10
6.2103E-10 6.2476E-10 6.2831E-10 6.3167E-10 6.3485E-10 6.3784E-10 6.4062E-10 6.4319E-10 6.4555E-10 6.4925E-10 6.5268E-10 6.5583E-10 6.5736E-10 6.5998E-10 6.6103E-10 6.6184E-10 6.6240E-10 6.6271E-10 6.6278E-10 6.6260E-10 6.6217E-10 6.6150E-10 6.6058E-10 6.5944E-10 6.5805E-10 6.5645E-10 6.5461E-10 6.5125E-10 6.4901E-10 6.4656E-10 6.4392E-10 6.3972E-10 6.3673E-10 6.3357E-10 6.2881E-10 6.2536E-10 6.2130E-10 6.1561E-10 6.1038E-10 6.0604E-10 5.9927E-10 5.9421E-10 5.8481E-10 5.7608E-10 5.6477E-10 5.5354E-10 5.4021E-10 5.2701E-10 5.1614E-10 5.0477E-10 5.0256E-10 4.9412E-10 4.9202E-10 4.8983E-10 4.8755E-10 4.8519E-10 4.8274E-10
6.0680E-10 6.1031E-10 6.1366E-10 6.1684E-10 6.1984E-10 6.2266E-10 6.2529E-10 6.2773E-10 6.2997E-10 6.3200E-10 6.3383E-10 6.3544E-10 6.3684E-10 6.3802E-10 6.3898E-10 6.3972E-10 6.4178E-10 6.4209E-10 6.4217E-10 6.4203E-10 6.4167E-10 6.4108E-10 6.4028E-10 6.3926E-10 6.3803E-10 6.3659E-10 6.3495E-10 6.3312E-10 6.3109E-10 6.2887E-10 6.2495E-10 6.2240E-10 6.1968E-10 6.1680E-10 6.1284E-10 6.0873E-10 6.0452E-10 5.9934E-10 5.9261E-10 5.8601E-10 5.7801E-10 5.6702E-10 5.5961E-10 5.4369E-10 5.3239E-10 5.2217E-10 5.1013E-10 5.0503E-10 4.9998E-10 4.9484E-10 4.9289E-10 4.9085E-10 4.8873E-10 4.8652E-10 4.8422E-10 4.8184E-10 4.7938E-10
5.8835E-10 5.9153E-10 5.9872E-10 6.0297E-10 6.0581E-10 6.0848E-10 6.1097E-10 6.1329E-10 6.1541E-10 6.1735E-10 6.1909E-10 6.2063E-10 6.2198E-10 6.2312E-10 6.2405E-10 6.2478E-10 6.2530E-10 6.2561E-10 6.2571E-10 6.2561E-10 6.2530E-10 6.2479E-10 6.2408E-10 6.2316E-10 6.2205E-10 6.2075E-10 6.1926E-10 6.1759E-10 6.1573E-10 6.1370E-10 6.1151E-10 6.0821E-10 6.0524E-10 6.0116E-10 5.9591E-10 5.9029E-10 5.8558E-10 5.7607E-10 5.6710E-10 5.5536E-10 5.4414E-10 5.3237E-10 5.2329E-10 5.1507E-10 5.0664E-10 5.0182E-10 4.9689E-10 4.9518E-10 4.9339E-10 4.9151E-10 4.8954E-10 4.8749E-10 4.8535E-10 4.8312E-10 4.8081E-10 4.7842E-10 4.7594E-10
5.7644E-10 5.7945E-10 5.8232E-10 5.8505E-10 5.8763E-10 5.9005E-10 5.9376E-10 5.9727E-10 6.0057E-10 6.0240E-10 6.0531E-10 6.0679E-10 6.0808E-10 6.0918E-10 6.1009E-10 6.1080E-10 6.1132E-10 6.1165E-10 6.1178E-10 6.1172E-10 6.1147E-10 6.1103E-10 6.1039E-10 6.0957E-10 6.0857E-10 6.0738E-10 6.0602E-10 6.0325E-10 6.0063E-10 5.9763E-10 5.9357E-10 5.8891E-10 5.8389E-10 5.7746E-10 5.6893E-10 5.6136E-10 5.4905E-10 5.3933E-10 5.2682E-10 5.2338E-10 5.1312E-10 5.0739E-10 5.0285E-10 4.9818E-10 4.9672E-10 4.9517E-10 4.9353E-10 4.9180E-10 4.8999E-10 4.8809E-10 4.8610E-10 4.8403E-10 4.8187E-10 4.7963E-10 4.7731E-10 4.7490E-10 4.7241E-10
5.5299E-10 5.6219E-10 5.7084E-10 5.7343E-10 5.7588E-10 5.7819E-10 5.8034E-10 5.8235E-10 5.8419E-10 5.8588E-10 5.8740E-10 5.8875E-10 5.9136E-10 5.9240E-10 5.9325E-10 5.9530E-10 5.9581E-10 5.9614E-10 5.9630E-10 5.9628E-10 5.9608E-10 5.9570E-10 5.9515E-10 5.9373E-10 5.9191E-10 5.8950E-10 5.8603E-10 5.8000E-10 5.7723E-10 5.7118E-10 5.6451E-10 5.5421E-10 5.4647E-10 5.4116E-10 5.2739E-10 5.2613E-10 5.1683E-10 5.0963E-10 5.0729E-10 4.9983E-10 4.9870E-10 4.9749E-10 4.9618E-10 4.9479E-10 4.9330E-10 4.9173E-10 4.9007E-10 4.8833E-10 4.8650E-10 4.8458E-10 4.8258E-10 4.8048E-10 4.7831E-10 4.7606E-10 4.7372E-10 4.7130E-10 4.6880E-10
5.0519E-10 5.0764E-10 5.0932E-10 5.2164E-10 5.3346E-10 5.3894E-10 5.5539E-10 5.5867E-10 5.6605E-10 5.6762E-10 5.7444E-10 5.7574E-10 5.7688E-10 5.7787E-10 5.7869E-10 5.7936E-10 5.7920E-10 5.7708E-10 5.7656E-10 5.7661E-10 5.7215E-10 5.7064E-10 5.6931E-10 5.6169E-10 5.5842E-10 5.5086E-10 5.4971E-10 5.4501E-10 5.3431E-10 5.2993E-10 5.2565E-10 5.1603E-10 5.1178E-10 5.0926E-10 5.0537E-10 5.0018E-10 4.9937E-10 4.9848E-10 4.9750E-10 4.9644E-10 4.9529E-10 4.9405E-10 4.9272E-10 4.9130E-10 4.8980E-10 4.8821E-10 4.8653E-10 4.8476E-10 4.8291E-10 4.8098E-10 4.7896E-10 4.7685E-10 4.7467E-10 4.7240E-10 4.7005E-10 4.6762E-10 4.6511E-10
4.9715E-10 4.9952E-10 5.0114E-10 5.0269E-10 5.0481E-10 5.0622E-10 5.0755E-10 5.0954E-10 5.1071E-10 5.1496E-10 5.1601E-10 5.2000E-10 5.2670E-10 5.3087E-10 5.3067E-10 5.3133E-10 5.3124E-10 5.3072E-10 5.2952E-10 5.2980E-10 5.2824E-10 5.2667E-10 5.2333E-10 5.1872E-10 5.1461E-10 5.1317E-10 5.1079E-10 5.0726E-10 5.0325E-10 5.0125E-10 5.0089E-10 4.9926E-10 4.9877E-10 4.9819E-10 4.9752E-10 4.9678E-10 4.9595E-10 4.9504E-10 4.9404E-10 4.9295E-10 4.9178E-10 4.9051E-10 4.8916E-10 4.8772E-10 4.8620E-10 4.8459E-10 4.8289E-10 4.8111E-10 4.7924E-10 4.7729E-10 4.7526E-10 4.7314E-10 4.7094E-10 4.6866E-10 4.6630E-10 4.6386E-10 4.6134E-10
4.9035E-10 4.9198E-10 4.9419E-10 4.9521E-10 4.9617E-10 4.9755E-10 4.9885E-10 5.0007E-10 5.0123E-10 5.0231E-10 5.0136E-10 5.0231E-10 5.0318E-10 5.0398E-10 5.0267E-10 5.0334E-10 5.0338E-10 5.0390E-10 5.0164E-10 5.0204E-10 5.0180E-10 5.0043E-10 5.0000E-10 5.0014E-10 4.9850E-10 4.9851E-10 4.9845E-10 4.9713E-10 4.9694E-10 4.9666E-10 4.9630E-10 4.9586E-10 4.9534E-10 4.9474E-10 4.9406E-10 4.9329E-10 4.9244E-10 4.9151E-10 4.9048E-10 4.8937E-10 4.8817E-10 4.8689E-10 4.8551E-10 4.8406E-10 4.8251E-10 4.8088E-10 4.7917E-10 4.7737E-10 4.7549E-10 4.7352E-10 4.7147E-10 4.6934E-10 4.6713E-10 4.6484E-10 4.6247E-10 4.6002E-10 4.5750E-10
4.7763E-10 4.8035E-10 4.8188E-10 4.8336E-10 4.8478E-10 4.8613E-10 4.8690E-10 4.8813E-10 4.8878E-10 4.8988E-10 4.9092E-10 4.9189E-10 4.9225E-10 4.9200E-10 4.9278E-10 4.9290E-10 4.9354E-10 4.9355E-10 4.9350E-10 4.9395E-10 4.9371E-10 4.9343E-10 4.9367E-10 4.9384E-10 4.9393E-10 4.9394E-10 4.9387E-10 4.9373E-10 4.9351E-10 4.9321E-10 4.9283E-10 4.9237E-10 4.9183E-10 4.9121E-10 4.9050E-10 4.8972E-10 4.8884E-10 4.8788E-10 4.8683E-10 4.8570E-10 4.8448E-10 4.8317E-10 4.8178E-10 4.8030E-10 4.7874E-10 4.7709E-10 4.7536E-10 4.7355E-10 4.7165E-10 4.6967E-10 4.6761E-10 4.6546E-10 4.6324E-10 4.6094E-10 4.5857E-10 4.5611E-10 4.5358E-10
4.7012E-10 4.7166E-10 4.7315E-10 4.7459E-10 4.7597E-10 4.7730E-10 4.7857E-10 4.7979E-10 4.8094E-10 4.8204E-10 4.8307E-10 4.8404E-10 4.8495E-10 4.8579E-10 4.8657E-10 4.8728E-10 4.8792E-10 4.8849E-10 4.8900E-10 4.8943E-10 4.8979E-10 4.9008E-10 4.9030E-10 4.9044E-10 4.9051E-10 4.9049E-10 4.9041E-10 4.9024E-10 4.9000E-10 4.8968E-10 4.8928E-10 4.8879E-10 4.8823E-10 4.8759E-10 4.8686E-10 4.8605E-10 4.8515E-10 4.8416E-10 4.8309E-10 4.8193E-10 4.8069E-10 4.7937E-10 4.7795E-10 4.7646E-10 4.7488E-10 4.7322E-10 4.7147E-10 4.6964E-10 4.6773E-10 4.6574E-10 4.6366E-10 4.6152E-10 4.5928E-10 4.5698E-10 4.5459E-10 4.5213E-10 4.4960E-10
4.6718E-10 4.6870E-10 4.7017E-10 4.7158E-10 4.7294E-10 4.7425E-10 4.7549E-10 4.7668E-10 4.7781E-10 4.7889E-10 4.7989E-10 4.8084E-10 4.8172E-10 4.8254E-10 4.8330E-10 4.8398E-10 4.8460E-10 4.8515E-10 4.8563E-10 4.8604E-10 4.8638E-10 4.8665E-10 4.8684E-10 4.8696E-10 4.8700E-10 4.8696E-10 4.8685E-10 4.8667E-10 4.8640E-10 4.8606E-10 4.8563E-10 4.8513E-10 4.8454E-10 4.8388E-10 4.8312E-10 4.8228E-10 4.8136E-10 4.8035E-10 4.7926E-10 4.7808E-10 4.7682E-10 4.7548E-10 4.7405E-10 4.7253E-10 4.7094E-10 4.6926E-10 4.6750E-10 4.6566E-10 4.6373E-10 4.6173E-10 4.5965E-10 4.5749E-10 4.5525E-10 4.5294E-10 4.5054E-10 4.4808E-10 4.4554E-10
4.6417E-10 4.6566E-10 4.6711E-10 4.6850E-10 4.6983E-10 4.7111E-10 4.7234E-10 4.7350E-10 4.7461E-10 4.7565E-10 4.7664E-10 4.7756E-10 4.7842E-10 4.7921E-10 4.7994E-10 4.8061E-10 4.8120E-10 4.8173E-10 4.8218E-10 4.8257E-10 4.8288E-10 4.8312E-10 4.8329E-10 4.8339E-10 4.8341E-10 4.8335E-10 4.8322E-10 4.8301E-10 4.8272E-10 4.8235E-10 4.8190E-10 4.8138E-10 4.8077E-10 4.8007E-10 4.7929E-10 4.7843E-10 4.7749E-10 4.7646E-10 4.7535E-10 4.7415E-10 4.7287E-10 4.7151E-10 4.7006E-10 4.6853E-10 4.6692E-10 4.6523E-10 4.6345E-10 4.6160E-10 4.5966E-10 4.5765E-10 4.5556E-10 4.5339E-10 4.5115E-10 4.4883E-10 4.4643E-10 4.4397E-10 4.4143E-10
4.6108E-10 4.6255E-10 4.6397E-10 4.6533E-10 4.6664E-10 4.6790E-10 4.6910E-10 4.7024E-10 4.7132E-10 4.7234E-10 4.7330E-10 4.7420E-10 4.7503E-10 4.7580E-10 4.7651E-10 4.7714E-10 4.7771E-10 4.7822E-10 4.7865E-10 4.7901E-10 4.7930E-10 4.7952E-10 4.7966E-10 4.7973E-10 4.7973E-10 4.7965E-10 4.7949E-10 4.7926E-10 4.7895E-10 4.7856E-10 4.7809E-10 4.7754E-10 4.7690E-10 4.7618E-10 4.7538E-10 4.7450E-10 4.7353E-10 4.7248E-10 4.7135E-10 4.7013E-10 4.6883E-10 4.6745E-10 4.6599E-10 4.6445E-10 4.6282E-10 4.6112E-10 4.5933E-10 4.5747E-10 4.5552E-10 4.5350E-10 4.5140E-10 4.4923E-10 4.4698E-10 4.4465E-10 4.4226E-10 4.3979E-10 4.3725E-10
4.5791E-10 4.5935E-10 4.6075E-10 4.6209E-10 4.6337E-10 4.6461E-10 4.6578E-10 4.6689E-10 4.6795E-10 4.6895E-10 4.6988E-10 4.7076E-10 4.7157E-10 4.7231E-10 4.7299E-10 4.7360E-10 4.7415E-10 4.7463E-10 4.7503E-10 4.7537E-10 4.7564E-10 4.7583E-10 4.7595E-10 4.7600E-10 4.7597E-10 4.7587E-10 4.7569E-10 4.7543E-10 4.7510E-10 4.7468E-10 4.7419E-10 4.7361E-10 4.7295E-10 4.7221E-10 4.7138E-10 4.7048E-10 4.6949E-10 4.6842E-10 4.6727E-10 4.6604E-10 4.6472E-10 4.6333E-10 4.6185E-10 4.6029E-10 4.5865E-10 4.5694E-10 4.5514E-10 4.5326E-10 4.5131E-10 4.4928E-10 4.4718E-10 4.4500E-10 4.4274E-10 4.4042E-10 4.3802E-10 4.3555E-10 4.3301E-10
4.5467E-10 4.5609E-10 4.5745E-10 4.5877E-10 4.6003E-10 4.6124E-10 4.6238E-10 4.6347E-10 4.6450E-10 4.6548E-10 4.6639E-10 4.6723E-10 4.6802E-10 4.6874E-10 4.6939E-10 4.6998E-10 4.7050E-10 4.7095E-10 4.7134E-10 4.7165E-10 4.7189E-10 4.7206E-10 4.7216E-10 4.7218E-10 4.7213E-10 4.7200E-10 4.7180E-10 4.7152E-10 4.7116E-10 4.7072E-10 4.7020E-10 4.6959E-10 4.6891E-10 4.6815E-10 4.6730E-10 4.6638E-10 4.6537E-10 4.6429E-10 4.6311E-10 4.6187E-10 4.6054E-10 4.5912E-10 4.5763E-10 4.5606E-10 4.5441E-10 4.5269E-10 4.5088E-10 4.4900E-10 4.4704E-10 4.4500E-10 4.4289E-10 4.4070E-10 4.3845E-10 4.3612E-10 4.3372E-10 4.3125E-10 4.2871E-10
4.5135E-10 4.5274E-10 4.5409E-10 4.5538E-10 4.5661E-10 4.5779E-10 4.5891E-10 4.5998E-10 4.6098E-10 4.6193E-10 4.6281E-10 4.6363E-10 4.6439E-10 4.6509E-10 4.6572E-10 4.6628E-10 4.6677E-10 4.6720E-10 4.6756E-10 4.6785E-10 4.6806E-10 4.6821E-10 4.6828E-10 4.6828E-10 4.6821E-10 4.6806E-10 4.6783E-10 4.6752E-10 4.6714E-10 4.6667E-10 4.6613E-10 4.6550E-10 4.6480E-10 4.6401E-10 4.6315E-10 4.6220E-10 4.6118E-10 4.6007E-10 4.5889E-10 4.5762E-10 4.5628E-10 4.5485E-10 4.5335E-10 4.5177E-10 4.5011E-10 4.4837E-10 4.4655E-10 4.4466E-10 4.4270E-10 4.4065E-10 4.3854E-10 4.3635E-10 4.3409E-10 4.3176E-10 4.2936E-10 4.2689E-10 4.2435E-10
