Assets/Resources/2015_m01_d04_1300(utc+0800)_l00_csi_1hr_conc.grd
DSAA
         159         159
     -79.000      79.000
     -79.000      79.000
  0.1727E-09  0.1428E-05
[rows 100 to 124 of 159, columns 0 to 56 of 159]
1.1632E-09 1.2099E-09 1.2580E-09 1.3147E-09 1.3663E-09 1.4331E-09 1.4887E-09 1.5596E-09 1.6198E-09 1.6883E-09 1.7592E-09 1.8243E-09 1.9064E-09 1.9773E-09 2.0474E-09 2.1213E-09 2.1938E-09 2.2680E-09 2.3449E-09 2.4232E-09 2.5024E-09 2.5788E-09 2.6555E-09 2.7354E-09 2.8158E-09 2.8932E-09 2.9707E-09 3.0467E-09 3.1198E-09 3.1936E-09 3.2630E-09 3.3354E-09 3.4036E-09 3.4724E-09 3.5398E-09 3.6051E-09 3.6680E-09 3.7280E-09 3.7850E-09 3.8388E-09 3.8893E-09 3.9363E-09 3.9798E-09 4.0191E-09 4.0545E-09 4.0876E-09 4.1183E-09 4.1472E-09 4.1734E-09 4.1961E-09 4.2149E-09 4.2313E-09 4.2457E-09 4.2578E-09 4.2628E-09 4.2646E-09 4.2601E-09
1.1332E-09 1.1845E-09 1.2309E-09 1.2793E-09 1.3357E-09 1.3870E-09 1.4534E-09 1.5082E-09 1.5786E-09 1.6374E-09 1.6972E-09 1.7729E-09 1.8355E-09 1.9147E-09 1.9823E-09 2.0495E-09 2.1193E-09 2.1886E-09 2.2578E-09 2.3279E-09 2.3989E-09 2.4710E-09 2.5422E-09 2.6141E-09 2.6879E-09 2.7594E-09 2.8307E-09 2.9040E-09 2.9747E-09 3.0447E-09 3.1156E-09 3.1833E-09 3.2497E-09 3.3146E-09 3.3784E-09 3.4398E-09 3.4985E-09 3.5546E-09 3.6081E-09 3.6586E-09 3.7059E-09 3.7504E-09 3.7919E-09 3.8308E-09 3.8669E-09 3.9004E-09 3.9307E-09 3.9581E-09 3.9832E-09 4.0069E-09 4.0284E-09 4.0469E-09 4.0549E-09 4.0638E-09 4.0707E-09 4.0796E-09 4.0856E-09
1.1081E-09 1.1532E-09 1.2046E-09 1.2509E-09 1.2993E-09 1.3552E-09 1.4062E-09 1.4716E-09 1.5255E-09 1.5943E-09 1.6513E-09 1.7091E-09 1.7823E-09 1.8426E-09 1.9179E-09 1.9832E-09 2.0467E-09 2.1120E-09 2.1789E-09 2.2435E-09 2.3105E-09 2.3775E-09 2.4434E-09 2.5113E-09 2.5795E-09 2.6458E-09 2.7139E-09 2.7819E-09 2.8479E-09 2.9128E-09 2.9789E-09 3.0424E-09 3.1048E-09 3.1662E-09 3.2253E-09 3.2823E-09 3.3374E-09 3.3904E-09 3.4411E-09 3.4894E-09 3.5350E-09 3.5779E-09 3.6178E-09 3.6547E-09 3.6893E-09 3.7219E-09 3.7531E-09 3.7822E-09 3.8050E-09 3.8165E-09 3.8379E-09 3.8570E-09 3.8751E-09 3.8907E-09 3.9030E-09 3.9085E-09 3.9122E-09
1.0815E-09 1.1271E-09 1.1723E-09 1.2236E-09 1.2697E-09 1.3178E-09 1.3731E-09 1.4233E-09 1.4875E-09 1.5398E-09 1.5937E-09 1.6618E-09 1.7176E-09 1.7878E-09 1.8457E-09 1.9038E-09 1.9789E-09 2.0397E-09 2.1016E-09 2.1635E-09 2.2267E-09 2.2886E-09 2.3506E-09 2.4148E-09 2.4775E-09 2.5409E-09 2.6035E-09 2.6662E-09 2.7283E-09 2.7892E-09 2.8507E-09 2.9105E-09 2.9685E-09 3.0262E-09 3.0816E-09 3.1357E-09 3.1879E-09 3.2378E-09 3.2855E-09 3.3311E-09 3.3745E-09 3.4157E-09 3.4545E-09 3.4910E-09 3.5218E-09 3.5504E-09 3.5768E-09 3.6015E-09 3.6282E-09 3.6536E-09 3.6767E-09 3.6971E-09 3.7141E-09 3.7254E-09 3.7354E-09 3.7443E-09 3.7473E-09
1.0556E-09 1.1012E-09 1.1473E-09 1.1904E-09 1.2414E-09 1.2871E-09 1.3346E-09 1.3891E-09 1.4381E-09 1.4945E-09 1.5513E-09 1.6033E-09 1.6689E-09 1.7227E-09 1.7839E-09 1.8449E-09 1.9003E-09 1.9712E-09 2.0290E-09 2.0866E-09 2.1472E-09 2.2048E-09 2.2639E-09 2.3229E-09 2.3817E-09 2.4412E-09 2.4992E-09 2.5577E-09 2.6166E-09 2.6733E-09 2.7302E-09 2.7865E-09 2.8411E-09 2.8947E-09 2.9476E-09 2.9982E-09 3.0471E-09 3.0945E-09 3.1404E-09 3.1842E-09 3.2258E-09 3.2650E-09 3.2988E-09 3.3307E-09 3.3613E-09 3.3904E-09 3.4215E-09 3.4504E-09 3.4765E-09 3.5001E-09 3.5219E-09 3.5358E-09 3.5520E-09 3.5582E-09 3.5744E-09 3.5880E-09 3.5985E-09
1.0307E-09 1.0741E-09 1.1205E-09 1.1644E-09 1.2072E-09 1.2520E-09 1.3027E-09 1.3496E-09 1.4027E-09 1.4505E-09 1.4990E-09 1.5601E-09 1.6101E-09 1.6674E-09 1.7244E-09 1.7763E-09 1.8411E-09 1.8935E-09 1.9531E-09 2.0158E-09 2.0695E-09 2.1252E-09 2.1816E-09 2.2360E-09 2.2924E-09 2.3472E-09 2.4013E-09 2.4575E-09 2.5115E-09 2.5646E-09 2.6174E-09 2.6711E-09 2.7223E-09 2.7722E-09 2.8221E-09 2.8699E-09 2.9163E-09 2.9611E-09 3.0043E-09 3.0457E-09 3.0823E-09 3.1173E-09 3.1470E-09 3.1825E-09 3.2161E-09 3.2476E-09 3.2772E-09 3.3019E-09 3.3181E-09 3.3400E-09 3.3602E-09 3.3826E-09 3.4028E-09 3.4200E-09 3.4347E-09 3.4476E-09 3.4595E-09
1.0046E-09 1.0470E-09 1.0905E-09 1.1366E-09 1.1804E-09 1.2227E-09 1.2667E-09 1.3167E-09 1.3621E-09 1.4080E-09 1.4601E-09 1.5075E-09 1.5608E-09 1.6140E-09 1.6624E-09 1.7229E-09 1.7729E-09 1.8286E-09 1.8842E-09 1.9341E-09 1.9917E-09 2.0507E-09 2.1016E-09 2.1551E-09 2.2078E-09 2.2589E-09 2.3105E-09 2.3612E-09 2.4128E-09 2.4640E-09 2.5134E-09 2.5630E-09 2.6109E-09 2.6582E-09 2.7045E-09 2.7504E-09 2.7942E-09 2.8366E-09 2.8712E-09 2.9082E-09 2.9437E-09 2.9812E-09 3.0169E-09 3.0479E-09 3.0776E-09 3.1059E-09 3.1325E-09 3.1575E-09 3.1808E-09 3.2061E-09 3.2286E-09 3.2492E-09 3.2682E-09 3.2865E-09 3.3031E-09 3.3179E-09 3.3308E-09
9.7947E-10 1.0201E-09 1.0646E-09 1.1081E-09 1.1516E-09 1.1950E-09 1.2366E-09 1.2797E-09 1.3283E-09 1.3724E-09 1.4174E-09 1.4677E-09 1.5132E-09 1.5589E-09 1.6105E-09 1.6619E-09 1.7140E-09 1.7663E-09 1.8138E-09 1.8669E-09 1.9197E-09 1.9733E-09 2.0225E-09 2.0768E-09 2.1247E-09 2.1759E-09 2.2247E-09 2.2723E-09 2.3205E-09 2.3683E-09 2.4148E-09 2.4606E-09 2.5075E-09 2.5521E-09 2.5956E-09 2.6350E-09 2.6739E-09 2.7084E-09 2.7486E-09 2.7874E-09 2.8248E-09 2.8576E-09 2.8891E-09 2.9194E-09 2.9483E-09 2.9757E-09 3.0014E-09 3.0292E-09 3.0553E-09 3.0800E-09 3.1034E-09 3.1251E-09 3.1451E-09 3.1635E-09 3.1802E-09 3.1951E-09 3.2084E-09
9.5626E-10 9.9572E-10 1.0349E-09 1.0792E-09 1.1224E-09 1.1652E-09 1.2079E-09 1.2487E-09 1.2907E-09 1.3329E-09 1.3808E-09 1.4243E-09 1.4676E-09 1.5164E-09 1.5606E-09 1.6097E-09 1.6543E-09 1.7029E-09 1.7528E-09 1.7983E-09 1.8533E-09 1.8984E-09 1.9476E-09 1.9987E-09 2.0453E-09 2.0954E-09 2.1410E-09 2.1882E-09 2.2328E-09 2.2784E-09 2.3226E-09 2.3659E-09 2.4065E-09 2.4425E-09 2.4813E-09 2.5234E-09 2.5636E-09 2.6028E-09 2.6408E-09 2.6746E-09 2.7073E-09 2.7389E-09 2.7694E-09 2.7952E-09 2.8271E-09 2.8576E-09 2.8867E-09 2.9142E-09 2.9402E-09 2.9646E-09 2.9874E-09 3.0087E-09 3.0284E-09 3.0467E-09 3.0631E-09 3.0767E-09 3.0890E-09
9.3045E-10 9.7041E-10 1.0098E-09 1.0486E-09 1.0927E-09 1.1352E-09 1.1774E-09 1.2189E-09 1.2591E-09 1.2997E-09 1.3410E-09 1.3822E-09 1.4288E-09 1.4708E-09 1.5172E-09 1.5597E-09 1.6018E-09 1.6488E-09 1.6918E-09 1.7378E-09 1.7857E-09 1.8287E-09 1.8803E-09 1.9231E-09 1.9658E-09 2.0166E-09 2.0595E-09 2.1042E-09 2.1493E-09 2.1863E-09 2.2244E-09 2.2659E-09 2.3077E-09 2.3480E-09 2.3877E-09 2.4266E-09 2.4654E-09 2.4997E-09 2.5300E-09 2.5627E-09 2.5949E-09 2.6261E-09 2.6596E-09 2.6916E-09 2.7223E-09 2.7517E-09 2.7796E-09 2.8061E-09 2.8311E-09 2.8547E-09 2.8766E-09 2.8967E-09 2.9150E-09 2.9320E-09 2.9482E-09 2.9638E-09 2.9780E-09
9.0833E-10 9.4397E-10 9.8381E-10 1.0229E-09 1.0614E-09 1.1047E-09 1.1466E-09 1.1879E-09 1.2283E-09 1.2675E-09 1.3070E-09 1.3466E-09 1.3868E-09 1.4268E-09 1.4715E-09 1.5117E-09 1.5559E-09 1.5969E-09 1.6372E-09 1.6823E-09 1.7233E-09 1.7639E-09 1.8123E-09 1.8530E-09 1.8935E-09 1.9354E-09 1.9765E-09 2.0208E-09 2.0608E-09 2.1025E-09 2.1432E-09 2.1823E-09 2.2210E-09 2.2621E-09 2.2972E-09 2.3313E-09 2.3618E-09 2.3950E-09 2.4277E-09 2.4626E-09 2.4966E-09 2.5294E-09 2.5611E-09 2.5917E-09 2.6210E-09 2.6491E-09 2.6758E-09 2.7010E-09 2.7247E-09 2.7472E-09 2.7686E-09 2.7892E-09 2.8087E-09 2.8269E-09 2.8438E-09 2.8595E-09 2.8731E-09
8.8376E-10 9.2128E-10 9.5799E-10 9.9633E-10 1.0334E-09 1.0728E-09 1.1154E-09 1.1564E-09 1.1968E-09 1.2361E-09 1.2736E-09 1.3121E-09 1.3503E-09 1.3887E-09 1.4277E-09 1.4659E-09 1.5087E-09 1.5470E-09 1.5894E-09 1.6286E-09 1.6672E-09 1.7101E-09 1.7490E-09 1.7876E-09 1.8306E-09 1.8691E-09 1.9075E-09 1.9492E-09 1.9872E-09 2.0250E-09 2.0659E-09 2.1033E-09 2.1345E-09 2.1646E-09 2.1981E-09 2.2341E-09 2.2698E-09 2.3068E-09 2.3408E-09 2.3739E-09 2.4061E-09 2.4374E-09 2.4675E-09 2.4966E-09 2.5246E-09 2.5515E-09 2.5774E-09 2.6023E-09 2.6260E-09 2.6486E-09 2.6701E-09 2.6904E-09 2.7088E-09 2.7257E-09 2.7414E-09 2.7562E-09 2.7709E-09
8.5857E-10 8.9620E-10 9.2982E-10 9.6992E-10 1.0077E-09 1.0442E-09 1.0827E-09 1.1228E-09 1.1623E-09 1.2039E-09 1.2420E-09 1.2782E-09 1.3147E-09 1.3521E-09 1.3885E-09 1.4260E-09 1.4630E-09 1.4997E-09 1.5404E-09 1.5773E-09 1.6142E-09 1.6549E-09 1.6917E-09 1.7290E-09 1.7692E-09 1.8058E-09 1.8432E-09 1.8825E-09 1.9161E-09 1.9441E-09 1.9803E-09 2.0162E-09 2.0517E-09 2.0868E-09 2.1214E-09 2.1555E-09 2.1890E-09 2.2219E-09 2.2549E-09 2.2872E-09 2.3184E-09 2.3485E-09 2.3776E-09 2.4057E-09 2.4327E-09 2.4588E-09 2.4836E-09 2.5073E-09 2.5300E-09 2.5518E-09 2.5725E-09 2.5925E-09 2.6117E-09 2.6298E-09 2.6451E-09 2.6594E-09 2.6747E-09
8.3442E-10 8.6887E-10 9.0787E-10 9.4244E-10 9.8067E-10 1.0142E-09 1.0519E-09 1.0913E-09 1.1282E-09 1.1688E-09 1.2075E-09 1.2461E-09 1.2808E-09 1.3157E-09 1.3512E-09 1.3869E-09 1.4218E-09 1.4581E-09 1.4935E-09 1.5286E-09 1.5646E-09 1.6025E-09 1.6376E-09 1.6736E-09 1.7061E-09 1.7412E-09 1.7770E-09 1.8120E-09 1.8468E-09 1.8823E-09 1.9168E-09 1.9509E-09 1.9847E-09 2.0182E-09 2.0512E-09 2.0837E-09 2.1157E-09 2.1470E-09 2.1778E-09 2.2079E-09 2.2372E-09 2.2658E-09 2.2936E-09 2.3206E-09 2.3467E-09 2.3720E-09 2.3963E-09 2.4198E-09 2.4423E-09 2.4640E-09 2.4809E-09 2.5009E-09 2.5200E-09 2.5382E-09 2.5554E-09 2.5717E-09 2.5872E-09
8.1323E-10 8.4589E-10 8.8257E-10 9.1656E-10 9.5271E-10 9.8753E-10 1.0231E-09 1.0599E-09 1.0983E-09 1.1343E-09 1.1706E-09 1.2089E-09 1.2482E-09 1.2817E-09 1.3151E-09 1.3485E-09 1.3827E-09 1.4169E-09 1.4508E-09 1.4848E-09 1.5192E-09 1.5528E-09 1.5865E-09 1.6208E-09 1.6543E-09 1.6877E-09 1.7219E-09 1.7552E-09 1.7883E-09 1.8222E-09 1.8550E-09 1.8875E-09 1.9206E-09 1.9525E-09 1.9840E-09 2.0150E-09 2.0456E-09 2.0755E-09 2.1049E-09 2.1337E-09 2.1619E-09 2.1893E-09 2.2160E-09 2.2420E-09 2.2672E-09 2.2916E-09 2.3143E-09 2.3363E-09 2.3574E-09 2.3779E-09 2.3984E-09 2.4181E-09 2.4370E-09 2.4550E-09 2.4722E-09 2.4883E-09 2.5008E-09
7.9176E-10 8.2555E-10 8.5669E-10 8.9221E-10 9.2639E-10 9.6039E-10 9.9443E-10 1.0306E-09 1.0646E-09 1.1017E-09 1.1371E-09 1.1722E-09 1.2106E-09 1.2486E-09 1.2807E-09 1.3128E-09 1.3449E-09 1.3771E-09 1.4097E-09 1.4424E-09 1.4753E-09 1.5075E-09 1.5401E-09 1.5724E-09 1.6044E-09 1.6363E-09 1.6690E-09 1.7007E-09 1.7324E-09 1.7647E-09 1.7959E-09 1.8269E-09 1.8583E-09 1.8889E-09 1.9190E-09 1.9486E-09 1.9784E-09 2.0073E-09 2.0355E-09 2.0631E-09 2.0901E-09 2.1165E-09 2.1422E-09 2.1672E-09 2.1907E-09 2.2136E-09 2.2358E-09 2.2573E-09 2.2790E-09 2.2999E-09 2.3201E-09 2.3393E-09 2.3540E-09 2.3696E-09 2.3846E-09 2.4002E-09 2.4163E-09
7.6828E-10 8.0040E-10 8.3594E-10 8.6452E-10 9.0027E-10 9.3100E-10 9.6644E-10 1.0017E-09 1.0348E-09 1.0683E-09 1.1015E-09 1.1379E-09 1.1738E-09 1.2070E-09 1.2436E-09 1.2781E-09 1.3089E-09 1.3397E-09 1.3705E-09 1.4015E-09 1.4326E-09 1.4633E-09 1.4946E-09 1.5260E-09 1.5566E-09 1.5870E-09 1.6182E-09 1.6486E-09 1.6788E-09 1.7091E-09 1.7395E-09 1.7691E-09 1.7985E-09 1.8278E-09 1.8570E-09 1.8853E-09 1.9132E-09 1.9407E-09 1.9680E-09 1.9947E-09 2.0208E-09 2.0462E-09 2.0702E-09 2.0936E-09 2.1164E-09 2.1386E-09 2.1611E-09 2.1819E-09 2.2019E-09 2.2217E-09 2.2398E-09 2.2575E-09 2.2751E-09 2.2901E-09 2.3069E-09 2.3231E-09 2.3356E-09
7.5182E-10 7.7854E-10 8.1040E-10 8.4220E-10 8.7102E-10 9.0676E-10 9.3885E-10 9.7203E-10 1.0044E-09 1.0358E-09 1.0702E-09 1.1043E-09 1.1358E-09 1.1704E-09 1.2031E-09 1.2388E-09 1.2740E-09 1.3036E-09 1.3332E-09 1.3627E-09 1.3921E-09 1.4217E-09 1.4515E-09 1.4807E-09 1.5104E-09 1.5398E-09 1.5689E-09 1.5986E-09 1.6275E-09 1.6562E-09 1.6849E-09 1.7137E-09 1.7420E-09 1.7698E-09 1.7972E-09 1.8245E-09 1.8514E-09 1.8779E-09 1.9038E-09 1.9293E-09 1.9535E-09 1.9763E-09 1.9995E-09 2.0229E-09 2.0457E-09 2.0678E-09 2.0887E-09 2.1090E-09 2.1290E-09 2.1479E-09 2.1653E-09 2.1832E-09 2.2005E-09 2.2173E-09 2.2311E-09 2.2464E-09 2.2610E-09
7.3323E-10 7.6364E-10 7.8821E-10 8.1639E-10 8.5105E-10 8.7931E-10 9.1435E-10 9.4244E-10 9.7347E-10 1.0074E-09 1.0398E-09 1.0717E-09 1.1026E-09 1.1337E-09 1.1662E-09 1.2009E-09 1.2317E-09 1.2654E-09 1.2971E-09 1.3254E-09 1.3536E-09 1.3818E-09 1.4099E-09 1.4379E-09 1.4666E-09 1.4945E-09 1.5223E-09 1.5508E-09 1.5785E-09 1.6060E-09 1.6334E-09 1.6605E-09 1.6874E-09 1.7141E-09 1.7406E-09 1.7667E-09 1.7924E-09 1.8169E-09 1.8410E-09 1.8647E-09 1.8881E-09 1.9119E-09 1.9353E-09 1.9583E-09 1.9800E-09 2.0013E-09 2.0213E-09 2.0409E-09 2.0601E-09 2.0789E-09 2.0972E-09 2.1150E-09 2.1313E-09 2.1478E-09 2.1627E-09 2.1779E-09 2.1915E-09
7.1796E-10 7.4269E-10 7.7289E-10 7.9727E-10 8.2514E-10 8.5729E-10 8.8557E-10 9.1687E-10 9.4849E-10 9.7868E-10 1.0103E-09 1.0396E-09 1.0692E-09 1.1002E-09 1.1319E-09 1.1625E-09 1.1933E-09 1.2246E-09 1.2561E-09 1.2871E-09 1.3165E-09 1.3436E-09 1.3706E-09 1.3975E-09 1.4243E-09 1.4511E-09 1.4780E-09 1.5051E-09 1.5316E-09 1.5580E-09 1.5849E-09 1.6110E-09 1.6368E-09 1.6624E-09 1.6877E-09 1.7120E-09 1.7352E-09 1.7589E-09 1.7831E-09 1.8070E-09 1.8305E-09 1.8536E-09 1.8748E-09 1.8964E-09 1.9176E-09 1.9377E-09 1.9574E-09 1.9769E-09 1.9960E-09 2.0146E-09 2.0317E-09 2.0493E-09 2.0653E-09 2.0816E-09 2.0952E-09 2.1108E-09 2.1259E-09
6.9945E-10 7.2705E-10 7.5154E-10 7.8157E-10 8.0561E-10 8.3323E-10 8.6071E-10 8.9060E-10 9.2294E-10 9.5182E-10 9.8169E-10 1.0094E-09 1.0389E-09 1.0691E-09 1.0971E-09 1.1277E-09 1.1563E-09 1.1875E-09 1.2170E-09 1.2451E-09 1.2769E-09 1.3047E-09 1.3327E-09 1.3585E-09 1.3843E-09 1.4100E-09 1.4357E-09 1.4613E-09 1.4867E-09 1.5120E-09 1.5379E-09 1.5629E-09 1.5870E-09 1.6108E-09 1.6345E-09 1.6588E-09 1.6828E-09 1.7064E-09 1.7298E-09 1.7522E-09 1.7742E-09 1.7959E-09 1.8174E-09 1.8370E-09 1.8578E-09 1.8777E-09 1.8973E-09 1.9165E-09 1.9343E-09 1.9525E-09 1.9682E-09 1.9854E-09 2.0012E-09 2.0178E-09 2.0340E-09 2.0497E-09 2.0661E-09
6.8078E-10 7.0818E-10 7.3556E-10 7.5983E-10 7.8956E-10 8.1331E-10 8.4053E-10 8.6762E-10 8.9321E-10 9.2542E-10 9.5225E-10 9.8158E-10 1.0108E-09 1.0364E-09 1.0666E-09 1.0932E-09 1.1237E-09 1.1520E-09 1.1769E-09 1.2074E-09 1.2357E-09 1.2616E-09 1.2927E-09 1.3193E-09 1.3451E-09 1.3706E-09 1.3953E-09 1.4199E-09 1.4444E-09 1.4666E-09 1.4902E-09 1.5143E-09 1.5383E-09 1.5621E-09 1.5864E-09 1.6097E-09 1.6329E-09 1.6550E-09 1.6767E-09 1.6987E-09 1.7193E-09 1.7406E-09 1.7616E-09 1.7810E-09 1.8008E-09 1.8203E-09 1.8383E-09 1.8562E-09 1.8744E-09 1.8922E-09 1.9076E-09 1.9249E-09 1.9418E-09 1.9594E-09 1.9764E-09 1.9929E-09 2.0102E-09
6.6546E-10 6.8915E-10 7.1638E-10 7.4349E-10 7.6860E-10 7.9571E-10 8.2029E-10 8.4706E-10 8.7362E-10 8.9660E-10 9.2822E-10 9.5481E-10 9.8063E-10 1.0107E-09 1.0361E-09 1.0610E-09 1.0900E-09 1.1155E-09 1.1438E-09 1.1716E-09 1.1956E-09 1.2254E-09 1.2516E-09 1.2754E-09 1.3051E-09 1.3292E-09 1.3530E-09 1.3776E-09 1.4013E-09 1.4249E-09 1.4483E-09 1.4716E-09 1.4948E-09 1.5177E-09 1.5398E-09 1.5610E-09 1.5820E-09 1.6035E-09 1.6256E-09 1.6461E-09 1.6671E-09 1.6867E-09 1.7060E-09 1.7254E-09 1.7446E-09 1.7636E-09 1.7799E-09 1.7981E-09 1.8161E-09 1.8339E-09 1.8504E-09 1.8688E-09 1.8869E-09 1.9056E-09 1.9240E-09 1.9418E-09 1.9591E-09
6.4844E-10 6.7352E-10 6.9704E-10 7.2281E-10 7.5085E-10 7.7559E-10 8.0238E-10 8.2647E-10 8.5154E-10 8.7871E-10 9.0109E-10 9.2738E-10 9.5459E-10 9.8164E-10 1.0059E-09 1.0344E-09 1.0590E-09 1.0821E-09 1.1121E-09 1.1351E-09 1.1605E-09 1.1880E-09 1.2111E-09 1.2363E-09 1.2638E-09 1.2868E-09 1.3142E-09 1.3393E-09 1.3622E-09 1.3849E-09 1.4083E-09 1.4301E-09 1.4505E-09 1.4714E-09 1.4935E-09 1.5155E-09 1.5366E-09 1.5570E-09 1.5765E-09 1.5965E-09 1.6165E-09 1.6359E-09 1.6541E-09 1.6728E-09 1.6904E-09 1.7089E-09 1.7263E-09 1.7445E-09 1.7635E-09 1.7813E-09 1.8009E-09 1.8201E-09 1.8390E-09 1.8574E-09 1.8755E-09 1.8932E-09 1.9104E-09
6.3256E-10 6.5623E-10 6.7897E-10 7.0437E-10 7.2989E-10 7.5755E-10 7.8197E-10 8.0503E-10 8.3186E-10 8.5631E-10 8.8289E-10 9.0470E-10 9.3033E-10 9.5367E-10 9.7793E-10 1.0062E-09 1.0285E-09 1.0558E-09 1.0794E-09 1.1016E-09 1.1301E-09 1.1523E-09 1.1745E-09 1.2028E-09 1.2250E-09 1.2472E-09 1.2747E-09 1.2975E-09 1.3171E-09 1.3443E-09 1.3663E-09 1.3881E-09 1.4098E-09 1.4302E-09 1.4504E-09 1.4699E-09 1.4905E-09 1.5105E-09 1.5293E-09 1.5482E-09 1.5670E-09 1.5848E-09 1.6045E-09 1.6220E-09 1.6396E-09 1.6589E-09 1.6771E-09 1.6971E-09 1.7168E-09 1.7363E-09 1.7555E-09 1.7745E-09 1.7930E-09 1.8113E-09 1.8291E-09 1.8466E-09 1.8638E-09
