Assets/Resources/2015_m01_d09_0100(utc+0800)_l00_csi_1hr_conc.grd
DSAA
         159         159
     -79.000      79.000
     -79.000      79.000
  0.4730E-09  0.1524E-04
[rows 25 to 49 of 159, columns 0 to 56 of 159]
7.8145E-10 7.9981E-10 8.1843E-10 8.3732E-10 8.5647E-10 8.7588E-10 8.9556E-10 9.1570E-10 9.3610E-10 9.5677E-10 9.7771E-10 1.0000E-09 1.0227E-09 1.0455E-09 1.0688E-09 1.0927E-09 1.1171E-09 1.1432E-09 1.1691E-09 1.1950E-09 1.2218E-09 1.2488E-09 1.2762E-09 1.3048E-09 1.3332E-09 1.3635E-09 1.3944E-09 1.4284E-09 1.4630E-09 1.4980E-09 1.5331E-09 1.5673E-09 1.6028E-09 1.6366E-09 1.6701E-09 1.7061E-09 1.7438E-09 1.7815E-09 1.8207E-09 1.8602E-09 1.8995E-09 1.9415E-09 1.9835E-09 2.0273E-09 2.0724E-09 2.1193E-09 2.1652E-09 2.2137E-09 2.2621E-09 2.3109E-09 2.3597E-09 2.4099E-09 2.4603E-09 2.5104E-09 2.5628E-09 2.6139E-09 2.6652E-09
7.8667E-10 8.0516E-10 8.2392E-10 8.4295E-10 8.6224E-10 8.8180E-10 9.0162E-10 9.2192E-10 9.4269E-10 9.6353E-10 9.8553E-10 1.0081E-09 1.0310E-09 1.0542E-09 1.0778E-09 1.1021E-09 1.1273E-09 1.1537E-09 1.1797E-09 1.2065E-09 1.2332E-09 1.2605E-09 1.2890E-09 1.3169E-09 1.3464E-09 1.3776E-09 1.4109E-09 1.4463E-09 1.4813E-09 1.5164E-09 1.5518E-09 1.5874E-09 1.6212E-09 1.6565E-09 1.6926E-09 1.7301E-09 1.7688E-09 1.8077E-09 1.8480E-09 1.8891E-09 1.9316E-09 1.9742E-09 2.0192E-09 2.0654E-09 2.1140E-09 2.1612E-09 2.2108E-09 2.2600E-09 2.3095E-09 2.3616E-09 2.4143E-09 2.4660E-09 2.5186E-09 2.5720E-09 2.6248E-09 2.6804E-09 2.7340E-09
7.9177E-10 8.1040E-10 8.2929E-10 8.4846E-10 8.6789E-10 8.8759E-10 9.0777E-10 9.2822E-10 9.4895E-10 9.7014E-10 9.9235E-10 1.0151E-09 1.0383E-09 1.0618E-09 1.0858E-09 1.1114E-09 1.1380E-09 1.1641E-09 1.1905E-09 1.2174E-09 1.2440E-09 1.2716E-09 1.3005E-09 1.3298E-09 1.3611E-09 1.3942E-09 1.4289E-09 1.4642E-09 1.4984E-09 1.5346E-09 1.5694E-09 1.6045E-09 1.6406E-09 1.6774E-09 1.7157E-09 1.7541E-09 1.7944E-09 1.8352E-09 1.8776E-09 1.9198E-09 1.9648E-09 2.0095E-09 2.0572E-09 2.1071E-09 2.1540E-09 2.2057E-09 2.2557E-09 2.3072E-09 2.3621E-09 2.4146E-09 2.4688E-09 2.5241E-09 2.5791E-09 2.6364E-09 2.6933E-09 2.7495E-09 2.8086E-09
7.9675E-10 8.1551E-10 8.3454E-10 8.5384E-10 8.7341E-10 8.9325E-10 9.1357E-10 9.3438E-10 9.5526E-10 9.7734E-10 9.9999E-10 1.0230E-09 1.0463E-09 1.0703E-09 1.0948E-09 1.1210E-09 1.1468E-09 1.1730E-09 1.2003E-09 1.2278E-09 1.2553E-09 1.2838E-09 1.3127E-09 1.3436E-09 1.3757E-09 1.4103E-09 1.4456E-09 1.4805E-09 1.5163E-09 1.5524E-09 1.5874E-09 1.6240E-09 1.6610E-09 1.6995E-09 1.7388E-09 1.7793E-09 1.8208E-09 1.8640E-09 1.9071E-09 1.9526E-09 1.9984E-09 2.0480E-09 2.0981E-09 2.1456E-09 2.1982E-09 2.2501E-09 2.3053E-09 2.3585E-09 2.4141E-09 2.4701E-09 2.5283E-09 2.5864E-09 2.6454E-09 2.7042E-09 2.7649E-09 2.8246E-09 2.8866E-09
8.0162E-10 8.2050E-10 8.3965E-10 8.5909E-10 8.7879E-10 8.9898E-10 9.1945E-10 9.4020E-10 9.6144E-10 9.8483E-10 1.0077E-09 1.0309E-09 1.0545E-09 1.0787E-09 1.1049E-09 1.1306E-09 1.1568E-09 1.1836E-09 1.2108E-09 1.2386E-09 1.2674E-09 1.2961E-09 1.3264E-09 1.3580E-09 1.3911E-09 1.4263E-09 1.4622E-09 1.4979E-09 1.5339E-09 1.5694E-09 1.6060E-09 1.6443E-09 1.6830E-09 1.7238E-09 1.7642E-09 1.8060E-09 1.8492E-09 1.8933E-09 1.9394E-09 1.9869E-09 2.0369E-09 2.0870E-09 2.1382E-09 2.1896E-09 2.2441E-09 2.2994E-09 2.3554E-09 2.4128E-09 2.4708E-09 2.5306E-09 2.5910E-09 2.6530E-09 2.7141E-09 2.7770E-09 2.8413E-09 2.9036E-09 2.9684E-09
8.0635E-10 8.2536E-10 8.4464E-10 8.6420E-10 8.8404E-10 9.0437E-10 9.2519E-10 9.4609E-10 9.6821E-10 9.9092E-10 1.0142E-09 1.0379E-09 1.0619E-09 1.0876E-09 1.1139E-09 1.1399E-09 1.1666E-09 1.1936E-09 1.2214E-09 1.2491E-09 1.2773E-09 1.3076E-09 1.3383E-09 1.3725E-09 1.4076E-09 1.4427E-09 1.4793E-09 1.5153E-09 1.5511E-09 1.5881E-09 1.6264E-09 1.6661E-09 1.7067E-09 1.7468E-09 1.7897E-09 1.8336E-09 1.8785E-09 1.9250E-09 1.9731E-09 2.0241E-09 2.0748E-09 2.1262E-09 2.1791E-09 2.2357E-09 2.2917E-09 2.3490E-09 2.4081E-09 2.4690E-09 2.5307E-09 2.5935E-09 2.6581E-09 2.7224E-09 2.7889E-09 2.8539E-09 2.9228E-09 2.9903E-09 3.0574E-09
8.1096E-10 8.3008E-10 8.4949E-10 8.6918E-10 8.8935E-10 9.0982E-10 9.3058E-10 9.5274E-10 9.7528E-10 9.9818E-10 1.0215E-09 1.0454E-09 1.0697E-09 1.0963E-09 1.1221E-09 1.1484E-09 1.1765E-09 1.2032E-09 1.2310E-09 1.2600E-09 1.2892E-09 1.3201E-09 1.3518E-09 1.3861E-09 1.4225E-09 1.4587E-09 1.4945E-09 1.5307E-09 1.5684E-09 1.6079E-09 1.6467E-09 1.6883E-09 1.7285E-09 1.7716E-09 1.8159E-09 1.8620E-09 1.9090E-09 1.9584E-09 2.0092E-09 2.0606E-09 2.1127E-09 2.1673E-09 2.2250E-09 2.2821E-09 2.3408E-09 2.4018E-09 2.4646E-09 2.5286E-09 2.5955E-09 2.6609E-09 2.7297E-09 2.7969E-09 2.8675E-09 2.9376E-09 3.0097E-09 3.0839E-09 3.1550E-09
8.1543E-10 8.3468E-10 8.5421E-10 8.7402E-10 8.9432E-10 9.1514E-10 9.3604E-10 9.5817E-10 9.8133E-10 1.0053E-09 1.0288E-09 1.0530E-09 1.0789E-09 1.1046E-09 1.1307E-09 1.1579E-09 1.1850E-09 1.2130E-09 1.2418E-09 1.2705E-09 1.3010E-09 1.3329E-09 1.3667E-09 1.4026E-09 1.4385E-09 1.4745E-09 1.5109E-09 1.5475E-09 1.5879E-09 1.6274E-09 1.6691E-09 1.7094E-09 1.7531E-09 1.7976E-09 1.8440E-09 1.8923E-09 1.9418E-09 1.9926E-09 2.0449E-09 2.0961E-09 2.1535E-09 2.2118E-09 2.2716E-09 2.3317E-09 2.3945E-09 2.4584E-09 2.5253E-09 2.5931E-09 2.6623E-09 2.7322E-09 2.8038E-09 2.8760E-09 2.9516E-09 3.0271E-09 3.1024E-09 3.1830E-09 3.2600E-09
8.1978E-10 8.3914E-10 8.5878E-10 8.7872E-10 8.9937E-10 9.2011E-10 9.4227E-10 9.6481E-10 9.8774E-10 1.0113E-09 1.0352E-09 1.0608E-09 1.0873E-09 1.1133E-09 1.1397E-09 1.1667E-09 1.1947E-09 1.2225E-09 1.2517E-09 1.2818E-09 1.3126E-09 1.3456E-09 1.3808E-09 1.4178E-09 1.4539E-09 1.4902E-09 1.5274E-09 1.5671E-09 1.6075E-09 1.6470E-09 1.6899E-09 1.7333E-09 1.7782E-09 1.8262E-09 1.8738E-09 1.9238E-09 1.9751E-09 2.0273E-09 2.0794E-09 2.1376E-09 2.1977E-09 2.2576E-09 2.3189E-09 2.3833E-09 2.4523E-09 2.5177E-09 2.5909E-09 2.6607E-09 2.7348E-09 2.8070E-09 2.8844E-09 2.9620E-09 3.0403E-09 3.1236E-09 3.2042E-09 3.2876E-09 3.3719E-09
8.2398E-10 8.4347E-10 8.6324E-10 8.8350E-10 9.0407E-10 9.2514E-10 9.4749E-10 9.7131E-10 9.9446E-10 1.0180E-09 1.0422E-09 1.0684E-09 1.0944E-09 1.1206E-09 1.1476E-09 1.1764E-09 1.2043E-09 1.2324E-09 1.2612E-09 1.2926E-09 1.3247E-09 1.3584E-09 1.3944E-09 1.4309E-09 1.4678E-09 1.5053E-09 1.5446E-09 1.5853E-09 1.6263E-09 1.6695E-09 1.7126E-09 1.7576E-09 1.8057E-09 1.8531E-09 1.9039E-09 1.9559E-09 2.0069E-09 2.0621E-09 2.1197E-09 2.1812E-09 2.2424E-09 2.3051E-09 2.3699E-09 2.4410E-09 2.5100E-09 2.5827E-09 2.6571E-09 2.7313E-09 2.8081E-09 2.8891E-09 2.9693E-09 3.0541E-09 3.1387E-09 3.2254E-09 3.3124E-09 3.4000E-09 3.4912E-09
8.2808E-10 8.4767E-10 8.6755E-10 8.8814E-10 9.0883E-10 9.3075E-10 9.5347E-10 9.7639E-10 1.0002E-09 1.0250E-09 1.0504E-09 1.0759E-09 1.1024E-09 1.1289E-09 1.1565E-09 1.1844E-09 1.2132E-09 1.2418E-09 1.2721E-09 1.3032E-09 1.3365E-09 1.3737E-09 1.4098E-09 1.4463E-09 1.4825E-09 1.5210E-09 1.5629E-09 1.6050E-09 1.6468E-09 1.6911E-09 1.7361E-09 1.7841E-09 1.8317E-09 1.8827E-09 1.9334E-09 1.9863E-09 2.0422E-09 2.1004E-09 2.1626E-09 2.2238E-09 2.2866E-09 2.3550E-09 2.4270E-09 2.4997E-09 2.5719E-09 2.6503E-09 2.7257E-09 2.8081E-09 2.8884E-09 2.9756E-09 3.0625E-09 3.1508E-09 3.2414E-09 3.3328E-09 3.4262E-09 3.5202E-09 3.6168E-09
8.3203E-10 8.5173E-10 8.7192E-10 8.9243E-10 9.1344E-10 9.3664E-10 9.5935E-10 9.8270E-10 1.0062E-09 1.0309E-09 1.0571E-09 1.0836E-09 1.1102E-09 1.1373E-09 1.1650E-09 1.1929E-09 1.2212E-09 1.2508E-09 1.2828E-09 1.3152E-09 1.3496E-09 1.3860E-09 1.4235E-09 1.4607E-09 1.4983E-09 1.5394E-09 1.5821E-09 1.6242E-09 1.6679E-09 1.7130E-09 1.7590E-09 1.8096E-09 1.8603E-09 1.9115E-09 1.9647E-09 2.0198E-09 2.0794E-09 2.1411E-09 2.2041E-09 2.2686E-09 2.3379E-09 2.4112E-09 2.4855E-09 2.5608E-09 2.6394E-09 2.7197E-09 2.8012E-09 2.8888E-09 2.9763E-09 3.0684E-09 3.1601E-09 3.2541E-09 3.3498E-09 3.4473E-09 3.5475E-09 3.6496E-09 3.7533E-09
8.3584E-10 8.5564E-10 8.7595E-10 8.9677E-10 9.1864E-10 9.4134E-10 9.6467E-10 9.8887E-10 1.0128E-09 1.0382E-09 1.0639E-09 1.0904E-09 1.1172E-09 1.1444E-09 1.1732E-09 1.2018E-09 1.2306E-09 1.2607E-09 1.2919E-09 1.3263E-09 1.3630E-09 1.3994E-09 1.4361E-09 1.4733E-09 1.5151E-09 1.5583E-09 1.6005E-09 1.6440E-09 1.6883E-09 1.7356E-09 1.7860E-09 1.8367E-09 1.8883E-09 1.9416E-09 1.9969E-09 2.0559E-09 2.1181E-09 2.1820E-09 2.2484E-09 2.3177E-09 2.3929E-09 2.4674E-09 2.5464E-09 2.6248E-09 2.7088E-09 2.7929E-09 2.8825E-09 2.9741E-09 3.0680E-09 3.1641E-09 3.2613E-09 3.3622E-09 3.4651E-09 3.5706E-09 3.6790E-09 3.7892E-09 3.8995E-09
8.3952E-10 8.5942E-10 8.8006E-10 9.0081E-10 9.2417E-10 9.4683E-10 9.7012E-10 9.9361E-10 1.0184E-09 1.0442E-09 1.0709E-09 1.0975E-09 1.1249E-09 1.1526E-09 1.1808E-09 1.2098E-09 1.2397E-09 1.2709E-09 1.3035E-09 1.3377E-09 1.3755E-09 1.4136E-09 1.4509E-09 1.4900E-09 1.5325E-09 1.5747E-09 1.6188E-09 1.6637E-09 1.7115E-09 1.7606E-09 1.8120E-09 1.8629E-09 1.9162E-09 1.9714E-09 2.0308E-09 2.0925E-09 2.1583E-09 2.2254E-09 2.2954E-09 2.3722E-09 2.4479E-09 2.5273E-09 2.6094E-09 2.6938E-09 2.7822E-09 2.8721E-09 2.9682E-09 3.0649E-09 3.1651E-09 3.2648E-09 3.3705E-09 3.4783E-09 3.5890E-09 3.7028E-09 3.8177E-09 3.9359E-09 4.0541E-09
8.4308E-10 8.6332E-10 8.8407E-10 9.0586E-10 9.2846E-10 9.5237E-10 9.7585E-10 9.9975E-10 1.0251E-09 1.0510E-09 1.0772E-09 1.1040E-09 1.1324E-09 1.1607E-09 1.1887E-09 1.2175E-09 1.2477E-09 1.2803E-09 1.3148E-09 1.3516E-09 1.3878E-09 1.4243E-09 1.4631E-09 1.5064E-09 1.5494E-09 1.5929E-09 1.6377E-09 1.6856E-09 1.7348E-09 1.7855E-09 1.8371E-09 1.8882E-09 1.9439E-09 2.0033E-09 2.0666E-09 2.1327E-09 2.1996E-09 2.2707E-09 2.3474E-09 2.4263E-09 2.5061E-09 2.5898E-09 2.6753E-09 2.7662E-09 2.8592E-09 2.9577E-09 3.0584E-09 3.1596E-09 3.2645E-09 3.3730E-09 3.4858E-09 3.6021E-09 3.7201E-09 3.8419E-09 3.9648E-09 4.0906E-09 4.2194E-09
8.4655E-10 8.6709E-10 8.8774E-10 9.1098E-10 9.3354E-10 9.5674E-10 9.8015E-10 1.0057E-09 1.0306E-09 1.0573E-09 1.0838E-09 1.1113E-09 1.1391E-09 1.1680E-09 1.1965E-09 1.2264E-09 1.2578E-09 1.2903E-09 1.3243E-09 1.3631E-09 1.4009E-09 1.4381E-09 1.4794E-09 1.5224E-09 1.5668E-09 1.6117E-09 1.6582E-09 1.7068E-09 1.7582E-09 1.8087E-09 1.8612E-09 1.9167E-09 1.9758E-09 2.0386E-09 2.1046E-09 2.1731E-09 2.2447E-09 2.3204E-09 2.4015E-09 2.4811E-09 2.5669E-09 2.6550E-09 2.7463E-09 2.8425E-09 2.9421E-09 3.0458E-09 3.1496E-09 3.2588E-09 3.3709E-09 3.4874E-09 3.6085E-09 3.7315E-09 3.8590E-09 3.9874E-09 4.1208E-09 4.2568E-09 4.3958E-09
8.4988E-10 8.7052E-10 8.9239E-10 9.1467E-10 9.3866E-10 9.6204E-10 9.8584E-10 1.0111E-09 1.0371E-09 1.0630E-09 1.0908E-09 1.1184E-09 1.1466E-09 1.1744E-09 1.2035E-09 1.2350E-09 1.2665E-09 1.3004E-09 1.3372E-09 1.3738E-09 1.4119E-09 1.4522E-09 1.4966E-09 1.5401E-09 1.5837E-09 1.6298E-09 1.6778E-09 1.7293E-09 1.7807E-09 1.8329E-09 1.8884E-09 1.9471E-09 2.0096E-09 2.0741E-09 2.1427E-09 2.2151E-09 2.2904E-09 2.3729E-09 2.4537E-09 2.5403E-09 2.6305E-09 2.7237E-09 2.8216E-09 2.9241E-09 3.0284E-09 3.1361E-09 3.2472E-09 3.3627E-09 3.4852E-09 3.6087E-09 3.7373E-09 3.8690E-09 4.0045E-09 4.1435E-09 4.2867E-09 4.4334E-09 4.5829E-09
8.5330E-10 8.7402E-10 8.9579E-10 9.1953E-10 9.4260E-10 9.6611E-10 9.9136E-10 1.0162E-09 1.0425E-09 1.0696E-09 1.0964E-09 1.1243E-09 1.1532E-09 1.1823E-09 1.2115E-09 1.2429E-09 1.2754E-09 1.3107E-09 1.3484E-09 1.3855E-09 1.4241E-09 1.4657E-09 1.5105E-09 1.5553E-09 1.6008E-09 1.6484E-09 1.6996E-09 1.7520E-09 1.8031E-09 1.8568E-09 1.9142E-09 1.9755E-09 2.0414E-09 2.1106E-09 2.1833E-09 2.2586E-09 2.3405E-09 2.4241E-09 2.5106E-09 2.6026E-09 2.6973E-09 2.7952E-09 2.8996E-09 3.0069E-09 3.1166E-09 3.2309E-09 3.3499E-09 3.4752E-09 3.6032E-09 3.7359E-09 3.8726E-09 4.0133E-09 4.1584E-09 4.3089E-09 4.4628E-09 4.6200E-09 4.7816E-09
8.5656E-10 8.7806E-10 9.0040E-10 9.2314E-10 9.4747E-10 9.7114E-10 9.9625E-10 1.0219E-09 1.0480E-09 1.0754E-09 1.1032E-09 1.1311E-09 1.1593E-09 1.1889E-09 1.2198E-09 1.2513E-09 1.2850E-09 1.3218E-09 1.3585E-09 1.3975E-09 1.4373E-09 1.4822E-09 1.5271E-09 1.5719E-09 1.6200E-09 1.6697E-09 1.7216E-09 1.7726E-09 1.8256E-09 1.8823E-09 1.9430E-09 2.0087E-09 2.0776E-09 2.1497E-09 2.2250E-09 2.3067E-09 2.3919E-09 2.4788E-09 2.5709E-09 2.6675E-09 2.7648E-09 2.8720E-09 2.9817E-09 3.0917E-09 3.2082E-09 3.3304E-09 3.4591E-09 3.5908E-09 3.7268E-09 3.8689E-09 4.0144E-09 4.1653E-09 4.3223E-09 4.4833E-09 4.6483E-09 4.8186E-09 4.9932E-09
8.5948E-10 8.8129E-10 9.0485E-10 9.2776E-10 9.5090E-10 9.7622E-10 1.0009E-09 1.0271E-09 1.0538E-09 1.0807E-09 1.1095E-09 1.1376E-09 1.1663E-09 1.1955E-09 1.2269E-09 1.2604E-09 1.2947E-09 1.3317E-09 1.3699E-09 1.4090E-09 1.4511E-09 1.4965E-09 1.5432E-09 1.5895E-09 1.6378E-09 1.6900E-09 1.7407E-09 1.7933E-09 1.8483E-09 1.9104E-09 1.9750E-09 2.0435E-09 2.1152E-09 2.1905E-09 2.2713E-09 2.3559E-09 2.4436E-09 2.5362E-09 2.6330E-09 2.7323E-09 2.8392E-09 2.9503E-09 3.0631E-09 3.1813E-09 3.3052E-09 3.4368E-09 3.5719E-09 3.7113E-09 3.8570E-09 4.0075E-09 4.1637E-09 4.3266E-09 4.4945E-09 4.6667E-09 4.8452E-09 5.0288E-09 5.2153E-09
8.6245E-10 8.8550E-10 9.0786E-10 9.3199E-10 9.5572E-10 9.7969E-10 1.0060E-09 1.0318E-09 1.0593E-09 1.0867E-09 1.1148E-09 1.1429E-09 1.1724E-09 1.2035E-09 1.2345E-09 1.2683E-09 1.3043E-09 1.3417E-09 1.3808E-09 1.4210E-09 1.4656E-09 1.5110E-09 1.5572E-09 1.6053E-09 1.6560E-09 1.7088E-09 1.7610E-09 1.8151E-09 1.8738E-09 1.9368E-09 2.0038E-09 2.0756E-09 2.1504E-09 2.2305E-09 2.3166E-09 2.4057E-09 2.4976E-09 2.5941E-09 2.6956E-09 2.8023E-09 2.9144E-09 3.0295E-09 3.1484E-09 3.2739E-09 3.4083E-09 3.5457E-09 3.6886E-09 3.8373E-09 3.9923E-09 4.1532E-09 4.3216E-09 4.4958E-09 4.6746E-09 4.8608E-09 5.0530E-09 5.2487E-09 5.4475E-09
8.6600E-10 8.8825E-10 9.1228E-10 9.3525E-10 9.6017E-10 9.8488E-10 1.0097E-09 1.0372E-09 1.0642E-09 1.0925E-09 1.1208E-09 1.1489E-09 1.1787E-09 1.2095E-09 1.2432E-09 1.2774E-09 1.3139E-09 1.3524E-09 1.3916E-09 1.4337E-09 1.4797E-09 1.5265E-09 1.5744E-09 1.6235E-09 1.6764E-09 1.7275E-09 1.7801E-09 1.8387E-09 1.9006E-09 1.9668E-09 2.0372E-09 2.1119E-09 2.1919E-09 2.2770E-09 2.3654E-09 2.4553E-09 2.5544E-09 2.6550E-09 2.7621E-09 2.8750E-09 2.9902E-09 3.1112E-09 3.2377E-09 3.3730E-09 3.5128E-09 3.6582E-09 3.8098E-09 3.9687E-09 4.1337E-09 4.3068E-09 4.4868E-09 4.6716E-09 4.8649E-09 5.0653E-09 5.2698E-09 5.4784E-09 5.6909E-09
8.6962E-10 8.9221E-10 9.1591E-10 9.3944E-10 9.6343E-10 9.8926E-10 1.0152E-09 1.0424E-09 1.0694E-09 1.0975E-09 1.1256E-09 1.1550E-09 1.1851E-09 1.2168E-09 1.2497E-09 1.2849E-09 1.3233E-09 1.3626E-09 1.4022E-09 1.4467E-09 1.4939E-09 1.5410E-09 1.5900E-09 1.6412E-09 1.6927E-09 1.7461E-09 1.8013E-09 1.8604E-09 1.9254E-09 1.9978E-09 2.0715E-09 2.1504E-09 2.2339E-09 2.3212E-09 2.4129E-09 2.5110E-09 2.6116E-09 2.7191E-09 2.8309E-09 2.9473E-09 3.0685E-09 3.1961E-09 3.3323E-09 3.4741E-09 3.6207E-09 3.7745E-09 3.9368E-09 4.1054E-09 4.2823E-09 4.4674E-09 4.6581E-09 4.8574E-09 5.0649E-09 5.2776E-09 5.4955E-09 5.7182E-09 5.9445E-09
8.7246E-10 8.9582E-10 9.1899E-10 9.4347E-10 9.6795E-10 9.9274E-10 1.0193E-09 1.0466E-09 1.0750E-09 1.1020E-09 1.1312E-09 1.1608E-09 1.1914E-09 1.2237E-09 1.2579E-09 1.2941E-09 1.3318E-09 1.3719E-09 1.4126E-09 1.4607E-09 1.5060E-09 1.5554E-09 1.6057E-09 1.6587E-09 1.7103E-09 1.7639E-09 1.8237E-09 1.8865E-09 1.9547E-09 2.0267E-09 2.1051E-09 2.1860E-09 2.2743E-09 2.3662E-09 2.4638E-09 2.5645E-09 2.6711E-09 2.7822E-09 2.8997E-09 3.0212E-09 3.1490E-09 3.2853E-09 3.4285E-09 3.5769E-09 3.7320E-09 3.8965E-09 4.0684E-09 4.2485E-09 4.4375E-09 4.6334E-09 4.8378E-09 5.0515E-09 5.2719E-09 5.4984E-09 5.7305E-09 5.9671E-09 6.2080E-09
8.7583E-10 8.9862E-10 9.2255E-10 9.4653E-10 9.7093E-10 9.9704E-10 1.0234E-09 1.0514E-09 1.0794E-09 1.1075E-09 1.1359E-09 1.1662E-09 1.1979E-09 1.2302E-09 1.2658E-09 1.3029E-09 1.3410E-09 1.3810E-09 1.4272E-09 1.4727E-09 1.5209E-09 1.5711E-09 1.6221E-09 1.6738E-09 1.7276E-09 1.7835E-09 1.8444E-09 1.9129E-09 1.9855E-09 2.0612E-09 2.1414E-09 2.2274E-09 2.3187E-09 2.4146E-09 2.5156E-09 2.6209E-09 2.7301E-09 2.8483E-09 2.9696E-09 3.0975E-09 3.2319E-09 3.3766E-09 3.5264E-09 3.6823E-09 3.8481E-09 4.0226E-09 4.2051E-09 4.3971E-09 4.5974E-09 4.8061E-09 5.0250E-09 5.2524E-09 5.4866E-09 5.7273E-09 5.9735E-09 6.2250E-09 6.4819E-09
