Assets/Resources/2015_m01_d20_1700(utc+0800)_l00_csi_1hr_conc.grd
DSAA
         159         159
     -79.000      79.000
     -79.000      79.000
  0.1300E-10  0.2886E-05
[rows 75 to 99 of 159, columns 0 to 56 of 159]
3.6391E-09 3.9578E-09 4.3063E-09 4.6929E-09 5.1052E-09 5.5236E-09 5.9744E-09 6.5054E-09 7.0354E-09 7.5890E-09 8.1368E-09 8.7080E-09 9.2914E-09 9.8967E-09 1.0462E-08 1.1012E-08 1.1543E-08 1.2052E-08 1.2524E-08 1.2953E-08 1.3327E-08 1.3647E-08 1.3912E-08 1.4111E-08 1.4244E-08 1.4310E-08 1.4299E-08 1.4218E-08 1.4061E-08 1.3826E-08 1.3528E-08 1.3169E-08 1.2769E-08 1.2329E-08 1.1877E-08 1.1432E-08 1.1017E-08 1.0588E-08 1.0194E-08 9.8050E-09 9.4467E-09 9.1287E-09 8.8426E-09 8.5736E-09 8.3277E-09 8.1353E-09 7.9638E-09 7.8017E-09 7.6351E-09 7.4701E-09 7.3484E-09 7.2617E-09 7.2054E-09 7.1762E-09 7.1620E-09 7.1359E-09 7.1071E-09
3.8483E-09 4.1952E-09 4.5793E-09 5.0031E-09 5.4466E-09 5.9489E-09 6.4551E-09 7.0146E-09 7.6076E-09 8.1922E-09 8.8145E-09 9.4620E-09 1.0132E-08 1.0781E-08 1.1413E-08 1.2044E-08 1.2653E-08 1.3241E-08 1.3788E-08 1.4288E-08 1.4739E-08 1.5131E-08 1.5459E-08 1.5717E-08 1.5904E-08 1.6018E-08 1.6051E-08 1.6005E-08 1.5874E-08 1.5654E-08 1.5359E-08 1.4985E-08 1.4554E-08 1.4062E-08 1.3549E-08 1.3035E-08 1.2559E-08 1.2076E-08 1.1622E-08 1.1183E-08 1.0768E-08 1.0386E-08 1.0031E-08 9.7202E-09 9.4327E-09 9.1829E-09 8.9857E-09 8.8052E-09 8.6290E-09 8.4411E-09 8.3036E-09 8.1929E-09 8.1194E-09 8.0702E-09 8.0374E-09 8.0142E-09 7.9917E-09
4.0554E-09 4.4406E-09 4.8811E-09 5.3362E-09 5.8308E-09 6.3504E-09 6.9316E-09 7.5404E-09 8.1677E-09 8.8327E-09 9.5435E-09 1.0264E-08 1.0984E-08 1.1700E-08 1.2424E-08 1.3140E-08 1.3836E-08 1.4504E-08 1.5135E-08 1.5718E-08 1.6255E-08 1.6724E-08 1.7124E-08 1.7454E-08 1.7708E-08 1.7884E-08 1.7977E-08 1.7982E-08 1.7895E-08 1.7709E-08 1.7433E-08 1.7060E-08 1.6610E-08 1.6077E-08 1.5515E-08 1.4933E-08 1.4379E-08 1.3845E-08 1.3331E-08 1.2848E-08 1.2384E-08 1.1941E-08 1.1531E-08 1.1171E-08 1.0852E-08 1.0557E-08 1.0338E-08 1.0138E-08 9.9604E-09 9.7781E-09 9.6325E-09 9.5288E-09 9.4641E-09 9.4279E-09 9.4078E-09 9.4152E-09 9.4307E-09
4.2725E-09 4.7323E-09 5.1857E-09 5.6700E-09 6.2086E-09 6.7938E-09 7.4177E-09 8.0645E-09 8.7733E-09 9.5147E-09 1.0286E-08 1.1068E-08 1.1868E-08 1.2668E-08 1.3479E-08 1.4279E-08 1.5068E-08 1.5825E-08 1.6547E-08 1.7222E-08 1.7848E-08 1.8402E-08 1.8890E-08 1.9304E-08 1.9639E-08 1.9892E-08 2.0057E-08 2.0131E-08 2.0107E-08 1.9976E-08 1.9742E-08 1.9387E-08 1.8935E-08 1.8385E-08 1.7776E-08 1.7126E-08 1.6503E-08 1.5910E-08 1.5344E-08 1.4809E-08 1.4293E-08 1.3823E-08 1.3369E-08 1.2962E-08 1.2604E-08 1.2300E-08 1.2063E-08 1.1864E-08 1.1692E-08 1.1538E-08 1.1420E-08 1.1351E-08 1.1338E-08 1.1365E-08 1.1421E-08 1.1511E-08 1.1640E-08
4.5582E-09 5.0045E-09 5.4831E-09 6.0138E-09 6.6083E-09 7.2404E-09 7.8976E-09 8.6143E-09 9.3958E-09 1.0209E-08 1.1033E-08 1.1893E-08 1.2763E-08 1.3657E-08 1.4559E-08 1.5451E-08 1.6329E-08 1.7177E-08 1.7993E-08 1.8764E-08 1.9485E-08 2.0133E-08 2.0716E-08 2.1224E-08 2.1655E-08 2.2000E-08 2.2253E-08 2.2412E-08 2.2472E-08 2.2417E-08 2.2249E-08 2.1938E-08 2.1510E-08 2.0958E-08 2.0318E-08 1.9594E-08 1.8910E-08 1.8262E-08 1.7641E-08 1.7058E-08 1.6508E-08 1.6004E-08 1.5542E-08 1.5106E-08 1.4739E-08 1.4424E-08 1.4192E-08 1.4015E-08 1.3884E-08 1.3793E-08 1.3726E-08 1.3750E-08 1.3833E-08 1.3985E-08 1.4179E-08 1.4436E-08 1.4764E-08
4.7862E-09 5.2814E-09 5.8024E-09 6.3749E-09 7.0061E-09 7.6738E-09 8.3898E-09 9.1819E-09 1.0029E-08 1.0884E-08 1.1787E-08 1.2723E-08 1.3676E-08 1.4653E-08 1.5635E-08 1.6619E-08 1.7588E-08 1.8528E-08 1.9439E-08 2.0306E-08 2.1122E-08 2.1871E-08 2.2557E-08 2.3169E-08 2.3704E-08 2.4153E-08 2.4513E-08 2.4773E-08 2.4933E-08 2.4976E-08 2.4892E-08 2.4653E-08 2.4273E-08 2.3740E-08 2.3084E-08 2.2324E-08 2.1565E-08 2.0861E-08 2.0186E-08 1.9562E-08 1.8980E-08 1.8461E-08 1.7992E-08 1.7565E-08 1.7210E-08 1.6908E-08 1.6710E-08 1.6585E-08 1.6529E-08 1.6532E-08 1.6580E-08 1.6733E-08 1.6976E-08 1.7324E-08 1.7746E-08 1.8257E-08 1.8892E-08
5.0400E-09 5.5616E-09 6.1253E-09 6.7307E-09 7.4021E-09 8.1124E-09 8.8911E-09 9.7488E-09 1.0637E-08 1.1561E-08 1.2531E-08 1.3532E-08 1.4569E-08 1.5625E-08 1.6691E-08 1.7757E-08 1.8809E-08 1.9840E-08 2.0843E-08 2.1805E-08 2.2716E-08 2.3569E-08 2.4362E-08 2.5084E-08 2.5731E-08 2.6296E-08 2.6768E-08 2.7146E-08 2.7418E-08 2.7578E-08 2.7596E-08 2.7450E-08 2.7141E-08 2.6649E-08 2.6001E-08 2.5221E-08 2.4408E-08 2.3620E-08 2.2911E-08 2.2251E-08 2.1646E-08 2.1117E-08 2.0652E-08 2.0262E-08 1.9942E-08 1.9697E-08 1.9533E-08 1.9494E-08 1.9539E-08 1.9671E-08 1.9873E-08 2.0207E-08 2.0649E-08 2.1252E-08 2.1981E-08 2.2834E-08 2.3858E-08
5.2945E-09 5.8370E-09 6.4401E-09 7.0802E-09 7.7894E-09 8.5559E-09 9.4065E-09 1.0280E-08 1.1223E-08 1.2213E-08 1.3246E-08 1.4316E-08 1.5422E-08 1.6545E-08 1.7693E-08 1.8834E-08 1.9970E-08 2.1085E-08 2.2177E-08 2.3227E-08 2.4236E-08 2.5189E-08 2.6088E-08 2.6921E-08 2.7683E-08 2.8367E-08 2.8965E-08 2.9462E-08 2.9862E-08 3.0141E-08 3.0277E-08 3.0235E-08 3.0014E-08 2.9582E-08 2.8960E-08 2.8185E-08 2.7329E-08 2.6480E-08 2.5712E-08 2.5018E-08 2.4393E-08 2.3868E-08 2.3428E-08 2.3074E-08 2.2808E-08 2.2641E-08 2.2544E-08 2.2609E-08 2.2754E-08 2.3034E-08 2.3409E-08 2.3932E-08 2.4602E-08 2.5458E-08 2.6524E-08 2.7746E-08 2.9187E-08
5.5446E-09 6.1361E-09 6.7462E-09 7.4182E-09 8.1757E-09 9.0045E-09 9.8672E-09 1.0787E-08 1.1785E-08 1.2828E-08 1.3913E-08 1.5049E-08 1.6213E-08 1.7406E-08 1.8621E-08 1.9834E-08 2.1043E-08 2.2236E-08 2.3408E-08 2.4542E-08 2.5642E-08 2.6689E-08 2.7690E-08 2.8629E-08 2.9507E-08 3.0307E-08 3.1030E-08 3.1648E-08 3.2177E-08 3.2581E-08 3.2829E-08 3.2902E-08 3.2772E-08 3.2418E-08 3.1842E-08 3.1085E-08 3.0205E-08 2.9297E-08 2.8469E-08 2.7731E-08 2.7090E-08 2.6567E-08 2.6154E-08 2.5844E-08 2.5638E-08 2.5549E-08 2.5522E-08 2.5699E-08 2.5954E-08 2.6352E-08 2.6881E-08 2.7568E-08 2.8441E-08 2.9521E-08 3.0832E-08 3.2349E-08 3.4105E-08
5.8093E-09 6.3949E-09 7.0395E-09 7.7533E-09 8.5522E-09 9.3983E-09 1.0301E-08 1.1260E-08 1.2307E-08 1.3389E-08 1.4528E-08 1.5714E-08 1.6931E-08 1.8178E-08 1.9448E-08 2.0722E-08 2.1992E-08 2.3251E-08 2.4493E-08 2.5699E-08 2.6879E-08 2.8008E-08 2.9102E-08 3.0142E-08 3.1123E-08 3.2042E-08 3.2878E-08 3.3623E-08 3.4269E-08 3.4792E-08 3.5143E-08 3.5330E-08 3.5297E-08 3.5020E-08 3.4504E-08 3.3771E-08 3.2879E-08 3.1923E-08 3.1031E-08 3.0244E-08 2.9577E-08 2.9048E-08 2.8655E-08 2.8379E-08 2.8229E-08 2.8193E-08 2.8242E-08 2.8476E-08 2.8829E-08 2.9306E-08 2.9947E-08 3.0733E-08 3.1708E-08 3.2889E-08 3.4291E-08 3.5911E-08 3.7753E-08
6.0346E-09 6.6463E-09 7.3210E-09 8.0776E-09 8.8986E-09 9.7643E-09 1.0696E-08 1.1690E-08 1.2773E-08 1.3891E-08 1.5065E-08 1.6285E-08 1.7547E-08 1.8833E-08 2.0148E-08 2.1466E-08 2.2786E-08 2.4094E-08 2.5393E-08 2.6659E-08 2.7909E-08 2.9109E-08 3.0283E-08 3.1414E-08 3.2491E-08 3.3515E-08 3.4462E-08 3.5315E-08 3.6072E-08 3.6688E-08 3.7140E-08 3.7414E-08 3.7468E-08 3.7262E-08 3.6807E-08 3.6099E-08 3.5212E-08 3.4209E-08 3.3250E-08 3.2401E-08 3.1695E-08 3.1142E-08 3.0748E-08 3.0487E-08 3.0358E-08 3.0348E-08 3.0441E-08 3.0686E-08 3.1085E-08 3.1597E-08 3.2247E-08 3.3021E-08 3.3969E-08 3.5077E-08 3.6361E-08 3.7824E-08 3.9436E-08
6.2463E-09 6.8912E-09 7.5891E-09 8.3757E-09 9.2082E-09 1.0098E-08 1.1054E-08 1.2073E-08 1.3179E-08 1.4326E-08 1.5524E-08 1.6774E-08 1.8062E-08 1.9375E-08 2.0724E-08 2.2075E-08 2.3431E-08 2.4785E-08 2.6120E-08 2.7440E-08 2.8736E-08 2.9998E-08 3.1232E-08 3.2431E-08 3.3592E-08 3.4694E-08 3.5736E-08 3.6674E-08 3.7514E-08 3.8198E-08 3.8720E-08 3.9065E-08 3.9169E-08 3.9030E-08 3.8619E-08 3.7941E-08 3.7063E-08 3.6026E-08 3.4983E-08 3.4068E-08 3.3305E-08 3.2705E-08 3.2280E-08 3.1998E-08 3.1852E-08 3.1828E-08 3.1905E-08 3.2114E-08 3.2473E-08 3.2942E-08 3.3505E-08 3.4150E-08 3.4919E-08 3.5783E-08 3.6738E-08 3.7791E-08 3.8881E-08
6.4650E-09 7.1297E-09 7.8666E-09 8.6354E-09 9.4858E-09 1.0394E-08 1.1368E-08 1.2404E-08 1.3529E-08 1.4692E-08 1.5905E-08 1.7174E-08 1.8478E-08 1.9809E-08 2.1176E-08 2.2547E-08 2.3926E-08 2.5304E-08 2.6664E-08 2.8014E-08 2.9342E-08 3.0642E-08 3.1918E-08 3.3169E-08 3.4383E-08 3.5549E-08 3.6646E-08 3.7651E-08 3.8533E-08 3.9267E-08 3.9820E-08 4.0193E-08 4.0332E-08 4.0230E-08 3.9853E-08 3.9195E-08 3.8322E-08 3.7247E-08 3.6143E-08 3.5140E-08 3.4300E-08 3.3628E-08 3.3138E-08 3.2795E-08 3.2585E-08 3.2500E-08 3.2498E-08 3.2615E-08 3.2854E-08 3.3191E-08 3.3577E-08 3.3986E-08 3.4465E-08 3.4953E-08 3.5439E-08 3.5927E-08 3.6333E-08
6.6625E-09 7.3552E-09 8.0837E-09 8.8654E-09 9.7288E-09 1.0649E-08 1.1635E-08 1.2679E-08 1.3815E-08 1.4985E-08 1.6205E-08 1.7480E-08 1.8788E-08 2.0125E-08 2.1497E-08 2.2874E-08 2.4260E-08 2.5647E-08 2.7015E-08 2.8378E-08 2.9717E-08 3.1037E-08 3.2327E-08 3.3610E-08 3.4850E-08 3.6051E-08 3.7178E-08 3.8206E-08 3.9105E-08 3.9843E-08 4.0409E-08 4.0760E-08 4.0913E-08 4.0815E-08 4.0454E-08 3.9802E-08 3.8921E-08 3.7808E-08 3.6645E-08 3.5552E-08 3.4621E-08 3.3856E-08 3.3269E-08 3.2827E-08 3.2514E-08 3.2311E-08 3.2188E-08 3.2153E-08 3.2214E-08 3.2354E-08 3.2494E-08 3.2620E-08 3.2736E-08 3.2792E-08 3.2773E-08 3.2676E-08 3.2408E-08
6.8559E-09 7.5553E-09 8.2782E-09 9.0672E-09 9.9369E-09 1.0862E-08 1.1850E-08 1.2897E-08 1.4034E-08 1.5204E-08 1.6424E-08 1.7698E-08 1.9003E-08 2.0336E-08 2.1704E-08 2.3076E-08 2.4456E-08 2.5838E-08 2.7200E-08 2.8559E-08 2.9893E-08 3.1210E-08 3.2500E-08 3.3775E-08 3.5021E-08 3.6214E-08 3.7341E-08 3.8349E-08 3.9229E-08 3.9936E-08 4.0453E-08 4.0771E-08 4.0899E-08 4.0784E-08 4.0409E-08 3.9749E-08 3.8839E-08 3.7694E-08 3.6479E-08 3.5301E-08 3.4274E-08 3.3405E-08 3.2698E-08 3.2130E-08 3.1682E-08 3.1324E-08 3.1047E-08 3.0825E-08 3.0677E-08 3.0589E-08 3.0452E-08 3.0283E-08 3.0033E-08 2.9706E-08 2.9241E-08 2.8661E-08 2.7876E-08
7.0395E-09 7.7192E-09 8.4465E-09 9.2392E-09 1.0111E-08 1.1035E-08 1.2022E-08 1.3063E-08 1.4194E-08 1.5355E-08 1.6564E-08 1.7826E-08 1.9119E-08 2.0439E-08 2.1794E-08 2.3153E-08 2.4519E-08 2.5885E-08 2.7237E-08 2.8565E-08 2.9887E-08 3.1166E-08 3.2442E-08 3.3674E-08 3.4886E-08 3.6044E-08 3.7120E-08 3.8084E-08 3.8896E-08 3.9546E-08 3.9989E-08 4.0250E-08 4.0321E-08 4.0165E-08 3.9755E-08 3.9072E-08 3.8126E-08 3.6954E-08 3.5682E-08 3.4438E-08 3.3319E-08 3.2343E-08 3.1511E-08 3.0806E-08 3.0204E-08 2.9683E-08 2.9236E-08 2.8826E-08 2.8472E-08 2.8155E-08 2.7768E-08 2.7336E-08 2.6784E-08 2.6159E-08 2.5408E-08 2.4492E-08 2.3438E-08
7.1732E-09 7.8563E-09 8.5849E-09 9.3790E-09 1.0247E-08 1.1169E-08 1.2147E-08 1.3178E-08 1.4297E-08 1.5443E-08 1.6635E-08 1.7874E-08 1.9144E-08 2.0438E-08 2.1763E-08 2.3090E-08 2.4420E-08 2.5750E-08 2.7064E-08 2.8352E-08 2.9631E-08 3.0871E-08 3.2096E-08 3.3282E-08 3.4435E-08 3.5532E-08 3.6534E-08 3.7412E-08 3.8147E-08 3.8696E-08 3.9062E-08 3.9243E-08 3.9242E-08 3.9022E-08 3.8567E-08 3.7843E-08 3.6863E-08 3.5670E-08 3.4355E-08 3.3047E-08 3.1863E-08 3.0792E-08 2.9846E-08 2.9011E-08 2.8263E-08 2.7592E-08 2.6981E-08 2.6407E-08 2.5882E-08 2.5359E-08 2.4792E-08 2.4150E-08 2.3424E-08 2.2600E-08 2.1734E-08 2.0706E-08 1.9572E-08
7.2876E-09 7.9711E-09 8.6995E-09 9.4883E-09 1.0351E-08 1.1262E-08 1.2229E-08 1.3248E-08 1.4344E-08 1.5470E-08 1.6636E-08 1.7846E-08 1.9086E-08 2.0343E-08 2.1628E-08 2.2914E-08 2.4197E-08 2.5477E-08 2.6738E-08 2.7968E-08 2.9186E-08 3.0360E-08 3.1517E-08 3.2622E-08 3.3694E-08 3.4694E-08 3.5606E-08 3.6376E-08 3.7009E-08 3.7460E-08 3.7735E-08 3.7832E-08 3.7750E-08 3.7459E-08 3.6950E-08 3.6180E-08 3.5166E-08 3.3959E-08 3.2617E-08 3.1279E-08 3.0044E-08 2.8905E-08 2.7868E-08 2.6929E-08 2.6064E-08 2.5264E-08 2.4526E-08 2.3833E-08 2.3186E-08 2.2521E-08 2.1846E-08 2.1095E-08 2.0298E-08 1.9416E-08 1.8545E-08 1.7561E-08 1.6532E-08
7.3835E-09 8.0653E-09 8.7887E-09 9.5707E-09 1.0427E-08 1.1321E-08 1.2274E-08 1.3273E-08 1.4345E-08 1.5446E-08 1.6580E-08 1.7753E-08 1.8955E-08 2.0168E-08 2.1404E-08 2.2639E-08 2.3866E-08 2.5086E-08 2.6284E-08 2.7443E-08 2.8588E-08 2.9680E-08 3.0752E-08 3.1761E-08 3.2729E-08 3.3619E-08 3.4406E-08 3.5068E-08 3.5578E-08 3.5928E-08 3.6106E-08 3.6116E-08 3.5945E-08 3.5593E-08 3.5020E-08 3.4210E-08 3.3173E-08 3.1959E-08 3.0611E-08 2.9276E-08 2.8019E-08 2.6846E-08 2.5754E-08 2.4741E-08 2.3802E-08 2.2925E-08 2.2102E-08 2.1343E-08 2.0632E-08 1.9904E-08 1.9190E-08 1.8406E-08 1.7634E-08 1.6802E-08 1.5994E-08 1.5157E-08 1.4303E-08
7.4622E-09 8.1424E-09 8.8573E-09 9.6299E-09 1.0474E-08 1.1351E-08 1.2287E-08 1.3262E-08 1.4303E-08 1.5375E-08 1.6473E-08 1.7606E-08 1.8765E-08 1.9931E-08 2.1111E-08 2.2290E-08 2.3453E-08 2.4603E-08 2.5729E-08 2.6809E-08 2.7868E-08 2.8871E-08 2.9840E-08 3.0745E-08 3.1593E-08 3.2360E-08 3.3021E-08 3.3557E-08 3.3954E-08 3.4197E-08 3.4284E-08 3.4209E-08 3.3959E-08 3.3541E-08 3.2912E-08 3.2071E-08 3.1023E-08 2.9819E-08 2.8504E-08 2.7174E-08 2.5940E-08 2.4769E-08 2.3668E-08 2.2621E-08 2.1649E-08 2.0741E-08 1.9891E-08 1.9118E-08 1.8392E-08 1.7669E-08 1.6970E-08 1.6236E-08 1.5521E-08 1.4817E-08 1.4134E-08 1.3491E-08 1.2833E-08
7.5260E-09 8.1992E-09 8.9071E-09 9.6705E-09 1.0497E-08 1.1358E-08 1.2271E-08 1.3224E-08 1.4235E-08 1.5272E-08 1.6333E-08 1.7420E-08 1.8530E-08 1.9646E-08 2.0763E-08 2.1878E-08 2.2975E-08 2.4049E-08 2.5097E-08 2.6103E-08 2.7062E-08 2.7979E-08 2.8832E-08 2.9631E-08 3.0349E-08 3.0984E-08 3.1523E-08 3.1937E-08 3.2223E-08 3.2369E-08 3.2370E-08 3.2218E-08 3.1902E-08 3.1420E-08 3.0748E-08 2.9892E-08 2.8846E-08 2.7668E-08 2.6411E-08 2.5135E-08 2.3922E-08 2.2797E-08 2.1724E-08 2.0694E-08 1.9728E-08 1.8831E-08 1.8014E-08 1.7265E-08 1.6564E-08 1.5896E-08 1.5250E-08 1.4616E-08 1.3991E-08 1.3431E-08 1.2890E-08 1.2419E-08 1.1959E-08
7.5774E-09 8.2398E-09 8.9423E-09 9.6877E-09 1.0498E-08 1.1343E-08 1.2229E-08 1.3160E-08 1.4138E-08 1.5138E-08 1.6163E-08 1.7205E-08 1.8264E-08 1.9329E-08 2.0384E-08 2.1435E-08 2.2463E-08 2.3459E-08 2.4426E-08 2.5344E-08 2.6207E-08 2.7022E-08 2.7767E-08 2.8449E-08 2.9047E-08 2.9562E-08 2.9978E-08 3.0288E-08 3.0472E-08 3.0532E-08 3.0455E-08 3.0240E-08 2.9865E-08 2.9339E-08 2.8634E-08 2.7776E-08 2.6761E-08 2.5625E-08 2.4440E-08 2.3241E-08 2.2100E-08 2.1028E-08 2.0008E-08 1.9033E-08 1.8117E-08 1.7259E-08 1.6506E-08 1.5820E-08 1.5174E-08 1.4582E-08 1.4021E-08 1.3499E-08 1.2987E-08 1.2556E-08 1.2154E-08 1.1813E-08 1.1493E-08
7.6142E-09 8.2668E-09 8.9587E-09 9.6891E-09 1.0484E-08 1.1307E-08 1.2167E-08 1.3071E-08 1.4018E-08 1.4977E-08 1.5966E-08 1.6961E-08 1.7968E-08 1.8980E-08 1.9978E-08 2.0961E-08 2.1923E-08 2.2845E-08 2.3728E-08 2.4566E-08 2.5337E-08 2.6055E-08 2.6697E-08 2.7269E-08 2.7754E-08 2.8159E-08 2.8466E-08 2.8680E-08 2.8779E-08 2.8762E-08 2.8619E-08 2.8351E-08 2.7932E-08 2.7374E-08 2.6660E-08 2.5815E-08 2.4845E-08 2.3778E-08 2.2670E-08 2.1564E-08 2.0517E-08 1.9522E-08 1.8576E-08 1.7677E-08 1.6833E-08 1.6059E-08 1.5379E-08 1.4770E-08 1.4209E-08 1.3703E-08 1.3222E-08 1.2793E-08 1.2394E-08 1.2062E-08 1.1778E-08 1.1532E-08 1.1265E-08
7.6406E-09 8.2849E-09 8.9601E-09 9.6779E-09 1.0450E-08 1.1254E-08 1.2091E-08 1.2963E-08 1.3879E-08 1.4801E-08 1.5747E-08 1.6700E-08 1.7655E-08 1.8611E-08 1.9554E-08 2.0469E-08 2.1364E-08 2.2218E-08 2.3022E-08 2.3777E-08 2.4466E-08 2.5091E-08 2.5641E-08 2.6114E-08 2.6504E-08 2.6815E-08 2.7037E-08 2.7166E-08 2.7197E-08 2.7120E-08 2.6921E-08 2.6613E-08 2.6164E-08 2.5595E-08 2.4889E-08 2.4064E-08 2.3155E-08 2.2170E-08 2.1159E-08 2.0140E-08 1.9201E-08 1.8301E-08 1.7445E-08 1.6626E-08 1.5869E-08 1.5205E-08 1.4611E-08 1.4072E-08 1.3584E-08 1.3165E-08 1.2775E-08 1.2425E-08 1.2115E-08 1.1840E-08 1.1656E-08 1.1453E-08 1.1279E-08
7.6577E-09 8.2877E-09 8.9504E-09 9.6560E-09 1.0406E-08 1.1188E-08 1.2002E-08 1.2842E-08 1.3726E-08 1.4613E-08 1.5513E-08 1.6427E-08 1.7332E-08 1.8231E-08 1.9121E-08 1.9979E-08 2.0805E-08 2.1594E-08 2.2327E-08 2.3002E-08 2.3618E-08 2.4160E-08 2.4627E-08 2.5021E-08 2.5330E-08 2.5565E-08 2.5717E-08 2.5782E-08 2.5752E-08 2.5632E-08 2.5394E-08 2.5057E-08 2.4598E-08 2.4030E-08 2.3350E-08 2.2572E-08 2.1723E-08 2.0823E-08 1.9918E-08 1.9010E-08 1.8151E-08 1.7352E-08 1.6603E-08 1.5871E-08 1.5213E-08 1.4631E-08 1.4115E-08 1.3656E-08 1.3246E-08 1.2875E-08 1.2536E-08 1.2249E-08 1.1975E-08 1.1786E-08 1.1629E-08 1.1513E-08 1.1447E-08
