Assets/Resources/2015_m01_d21_1000(utc+0800)_l00_csi_1hr_conc.grd
DSAA
         159         159
     -79.000      79.000
     -79.000      79.000
  0.6465E-09  0.6203E-05
[rows 25 to 49 of 159, columns 57 to 113 of 159]
1.1693E-08 1.2277E-08 1.2861E-08 1.3481E-08 1.4263E-08 1.5143E-08 1.5982E-08 1.6918E-08 1.7967E-08 1.9159E-08 2.0523E-08 2.1884E-08 2.3215E-08 2.4632E-08 2.5761E-08 2.7284E-08 2.8700E-08 3.0241E-08 3.2050E-08 3.3595E-08 3.5506E-08 3.7155E-08 3.9181E-08 4.0908E-08 4.3026E-08 4.4856E-08 4.7092E-08 4.8639E-08 5.0875E-08 5.2383E-08 5.9397E-08 5.7512E-08 5.6914E-08 5.8534E-08 5.6548E-08 5.6150E-08 5.9674E-08 5.1554E-08 5.1716E-08 5.3043E-08 6.0213E-08 4.9579E-08 4.0737E-08 3.4470E-08 2.7943E-08 1.9886E-08 1.4213E-08 1.2854E-08 1.2181E-08 1.1767E-08 1.1477E-08 1.1229E-08 1.0986E-08 1.0737E-08 1.0480E-08 1.0216E-08 9.9481E-09
1.2026E-08 1.2634E-08 1.3241E-08 1.3944E-08 1.4788E-08 1.5654E-08 1.6519E-08 1.7559E-08 1.8675E-08 1.9970E-08 2.1385E-08 2.2726E-08 2.4125E-08 2.5615E-08 2.6837E-08 2.8418E-08 3.0025E-08 3.1548E-08 3.3445E-08 3.5094E-08 3.7098E-08 3.8855E-08 4.0980E-08 4.2820E-08 4.5038E-08 4.6983E-08 4.9314E-08 5.0978E-08 5.3290E-08 5.4913E-08 5.9528E-08 6.1677E-08 5.9968E-08 6.1620E-08 6.0280E-08 5.9091E-08 5.9881E-08 5.4406E-08 5.4376E-08 5.5907E-08 5.1486E-08 5.2491E-08 4.3390E-08 3.9019E-08 3.0496E-08 2.1753E-08 1.5188E-08 1.3579E-08 1.2812E-08 1.2342E-08 1.2016E-08 1.1742E-08 1.1477E-08 1.1205E-08 1.0927E-08 1.0642E-08 1.0353E-08
1.2397E-08 1.2987E-08 1.3617E-08 1.4428E-08 1.5311E-08 1.6161E-08 1.7125E-08 1.8185E-08 1.9398E-08 2.0792E-08 2.2188E-08 2.3566E-08 2.5033E-08 2.6597E-08 2.7928E-08 2.9555E-08 3.1388E-08 3.2862E-08 3.4847E-08 3.6604E-08 3.8700E-08 4.0571E-08 4.2794E-08 4.4755E-08 4.7072E-08 4.9138E-08 5.1561E-08 5.3355E-08 5.5735E-08 5.7487E-08 5.9979E-08 6.6876E-08 6.3145E-08 6.4842E-08 6.4659E-08 6.2125E-08 6.2796E-08 5.7388E-08 5.7093E-08 5.8949E-08 5.3364E-08 5.5594E-08 4.6345E-08 4.2566E-08 3.2538E-08 2.4186E-08 1.6270E-08 1.4353E-08 1.3478E-08 1.2948E-08 1.2582E-08 1.2279E-08 1.1989E-08 1.1694E-08 1.1393E-08 1.1085E-08 1.0774E-08
1.2723E-08 1.3334E-08 1.4008E-08 1.4869E-08 1.5767E-08 1.6655E-08 1.7652E-08 1.8755E-08 2.0122E-08 2.1581E-08 2.2956E-08 2.4399E-08 2.5935E-08 2.7573E-08 2.9040E-08 3.0691E-08 3.2608E-08 3.4178E-08 3.6248E-08 3.8122E-08 4.0306E-08 4.2299E-08 4.4615E-08 4.6705E-08 4.9117E-08 5.1312E-08 5.3824E-08 5.5763E-08 5.8199E-08 6.0102E-08 6.2323E-08 7.0635E-08 6.6461E-08 6.8232E-08 7.0124E-08 6.5257E-08 6.5763E-08 6.0531E-08 5.9863E-08 6.2260E-08 5.6304E-08 5.8906E-08 4.9769E-08 4.5256E-08 3.4465E-08 2.7606E-08 1.7481E-08 1.5181E-08 1.4181E-08 1.3585E-08 1.3174E-08 1.2839E-08 1.2523E-08 1.2203E-08 1.1877E-08 1.1546E-08 1.1210E-08
1.3041E-08 1.3681E-08 1.4460E-08 1.5328E-08 1.6228E-08 1.7150E-08 1.8218E-08 1.9460E-08 2.0869E-08 2.2307E-08 2.3714E-08 2.5221E-08 2.6827E-08 2.8540E-08 3.0184E-08 3.1818E-08 3.3819E-08 3.5488E-08 3.7642E-08 3.9641E-08 4.1907E-08 4.4031E-08 4.6433E-08 4.8662E-08 5.1163E-08 5.3497E-08 5.6091E-08 5.8199E-08 6.0670E-08 6.2758E-08 6.4972E-08 7.5359E-08 6.9932E-08 7.1857E-08 7.6719E-08 6.8494E-08 6.8776E-08 6.3894E-08 6.2676E-08 6.6000E-08 5.9472E-08 6.2523E-08 5.3394E-08 4.7552E-08 3.6549E-08 3.0898E-08 1.8855E-08 1.6062E-08 1.4922E-08 1.4250E-08 1.3792E-08 1.3422E-08 1.3078E-08 1.2732E-08 1.2379E-08 1.2022E-08 1.1662E-08
1.3352E-08 1.4043E-08 1.4890E-08 1.5738E-08 1.6673E-08 1.7667E-08 1.8772E-08 2.0140E-08 2.1605E-08 2.2992E-08 2.4457E-08 2.6028E-08 2.7702E-08 2.9491E-08 3.1391E-08 3.2932E-08 3.5014E-08 3.6789E-08 3.9021E-08 4.1159E-08 4.3495E-08 4.5761E-08 4.8239E-08 5.0621E-08 5.3199E-08 5.5686E-08 5.8350E-08 6.0661E-08 6.3140E-08 6.5462E-08 6.7617E-08 8.0868E-08 7.3590E-08 7.5854E-08 7.5173E-08 7.1853E-08 7.1826E-08 6.7608E-08 6.5529E-08 7.0268E-08 6.3005E-08 6.6658E-08 5.6627E-08 4.9931E-08 3.8837E-08 3.2661E-08 2.0441E-08 1.7000E-08 1.5699E-08 1.4948E-08 1.4434E-08 1.4027E-08 1.3652E-08 1.3278E-08 1.2898E-08 1.2514E-08 1.2127E-08
1.3671E-08 1.4396E-08 1.5252E-08 1.6185E-08 1.7103E-08 1.8120E-08 1.9265E-08 2.0721E-08 2.2246E-08 2.3659E-08 2.5182E-08 2.6816E-08 2.8558E-08 3.0420E-08 3.2399E-08 3.4025E-08 3.6186E-08 3.8077E-08 4.0377E-08 4.2675E-08 4.5060E-08 4.7489E-08 5.0023E-08 5.2580E-08 5.5212E-08 5.7878E-08 6.0589E-08 6.3167E-08 6.5591E-08 6.8248E-08 7.0246E-08 8.7356E-08 7.7482E-08 8.0421E-08 7.8450E-08 7.5364E-08 7.4906E-08 7.1892E-08 6.8410E-08 6.8440E-08 6.7109E-08 7.1688E-08 6.0322E-08 5.2403E-08 4.1416E-08 3.4578E-08 2.2324E-08 1.8002E-08 1.6512E-08 1.5672E-08 1.5100E-08 1.4653E-08 1.4245E-08 1.3841E-08 1.3432E-08 1.3020E-08 1.2606E-08
1.3991E-08 1.4773E-08 1.5663E-08 1.6579E-08 1.7512E-08 1.8608E-08 1.9884E-08 2.1344E-08 2.2839E-08 2.4305E-08 2.5884E-08 2.7578E-08 2.9388E-08 3.1321E-08 3.3377E-08 3.5092E-08 3.7327E-08 3.9348E-08 4.1702E-08 4.4199E-08 4.6592E-08 4.9222E-08 5.1773E-08 5.4542E-08 5.7191E-08 6.0080E-08 6.2793E-08 6.5746E-08 6.8011E-08 7.0922E-08 7.2844E-08 9.4035E-08 8.1688E-08 8.5969E-08 8.1785E-08 7.9082E-08 7.8009E-08 7.7308E-08 7.1316E-08 7.1186E-08 7.2486E-08 7.8085E-08 6.4722E-08 5.4982E-08 4.4452E-08 3.6704E-08 2.4663E-08 1.9068E-08 1.7361E-08 1.6422E-08 1.5788E-08 1.5297E-08 1.4854E-08 1.4419E-08 1.3980E-08 1.3538E-08 1.3095E-08
1.4295E-08 1.5086E-08 1.6003E-08 1.6939E-08 1.7899E-08 1.9030E-08 2.0443E-08 2.1948E-08 2.3410E-08 2.4925E-08 2.6558E-08 2.8312E-08 3.0187E-08 3.2190E-08 3.4321E-08 3.6128E-08 3.8431E-08 4.0610E-08 4.2988E-08 4.5683E-08 4.8081E-08 5.0933E-08 5.3479E-08 5.6477E-08 5.9124E-08 6.2223E-08 6.4953E-08 6.8112E-08 7.0384E-08 7.3370E-08 7.5396E-08 9.5416E-08 8.6350E-08 8.3534E-08 8.5185E-08 8.3113E-08 8.1126E-08 8.4536E-08 7.4242E-08 7.3915E-08 7.5439E-08 8.7156E-08 7.0327E-08 5.7698E-08 4.8229E-08 3.9142E-08 2.7762E-08 2.0206E-08 1.8245E-08 1.7198E-08 1.6495E-08 1.5957E-08 1.5478E-08 1.5010E-08 1.4540E-08 1.4067E-08 1.3594E-08
1.4574E-08 1.5445E-08 1.6338E-08 1.7298E-08 1.8322E-08 1.9479E-08 2.0953E-08 2.2502E-08 2.3953E-08 2.5517E-08 2.7202E-08 2.9012E-08 3.0950E-08 3.3019E-08 3.5223E-08 3.7130E-08 3.9489E-08 4.1871E-08 4.4225E-08 4.7010E-08 4.9518E-08 5.2465E-08 5.5127E-08 5.8227E-08 6.0996E-08 6.4198E-08 6.7049E-08 7.0302E-08 7.2696E-08 7.5748E-08 7.7888E-08 8.8510E-08 9.1670E-08 8.6866E-08 8.8667E-08 8.7678E-08 8.4254E-08 8.4367E-08 7.7188E-08 7.6612E-08 7.8451E-08 8.0188E-08 7.3425E-08 6.0599E-08 5.3395E-08 4.2111E-08 3.0192E-08 2.1426E-08 1.9161E-08 1.7995E-08 1.7220E-08 1.6631E-08 1.6113E-08 1.5611E-08 1.5109E-08 1.4604E-08 1.4100E-08
1.4839E-08 1.5732E-08 1.6687E-08 1.7622E-08 1.8672E-08 1.9956E-08 2.1437E-08 2.2975E-08 2.4467E-08 2.6076E-08 2.7810E-08 2.9674E-08 3.1672E-08 3.3805E-08 3.6078E-08 3.8097E-08 4.0495E-08 4.3148E-08 4.5404E-08 4.8275E-08 5.0893E-08 5.3929E-08 5.6708E-08 5.9903E-08 6.2796E-08 6.6093E-08 6.9067E-08 7.2406E-08 7.4932E-08 7.8040E-08 8.0305E-08 8.5058E-08 9.8205E-08 9.0365E-08 9.2265E-08 9.3157E-08 8.7391E-08 8.7244E-08 8.0163E-08 7.9263E-08 8.1598E-08 7.3778E-08 7.6654E-08 6.3778E-08 5.7915E-08 4.4578E-08 3.3018E-08 2.2739E-08 2.0109E-08 1.8811E-08 1.7958E-08 1.7316E-08 1.6757E-08 1.6219E-08 1.5684E-08 1.5146E-08 1.4611E-08
1.5098E-08 1.6009E-08 1.6981E-08 1.7926E-08 1.8999E-08 2.0347E-08 2.1896E-08 2.3417E-08 2.4947E-08 2.6599E-08 2.8379E-08 3.0294E-08 3.2348E-08 3.4541E-08 3.6880E-08 3.9033E-08 4.1442E-08 4.4171E-08 4.6518E-08 4.9467E-08 5.2198E-08 5.5312E-08 5.8211E-08 6.1491E-08 6.4510E-08 6.7894E-08 7.0993E-08 7.4411E-08 7.7081E-08 8.0227E-08 8.2637E-08 8.5311E-08 1.0386E-07 9.3939E-08 9.6045E-08 1.0027E-07 9.0537E-08 9.0061E-08 8.3190E-08 8.1853E-08 8.5014E-08 7.6619E-08 8.0044E-08 6.7421E-08 6.0934E-08 4.6566E-08 3.6831E-08 2.4162E-08 2.1089E-08 1.9643E-08 1.8709E-08 1.8008E-08 1.7407E-08 1.6832E-08 1.6262E-08 1.5691E-08 1.5124E-08
1.5383E-08 1.6265E-08 1.7244E-08 1.8206E-08 1.9352E-08 2.0773E-08 2.2296E-08 2.3825E-08 2.5391E-08 2.7082E-08 2.8905E-08 3.0868E-08 3.2973E-08 3.5223E-08 3.7623E-08 3.9949E-08 4.2324E-08 4.5122E-08 4.7560E-08 5.0578E-08 5.3426E-08 5.6606E-08 5.9626E-08 6.2977E-08 6.6126E-08 6.9584E-08 7.2813E-08 7.6297E-08 7.9132E-08 8.2292E-08 8.4877E-08 8.7522E-08 1.1037E-07 9.7612E-08 1.0014E-07 1.0918E-07 9.3705E-08 9.2803E-08 8.6320E-08 8.4380E-08 8.8894E-08 7.9598E-08 8.3695E-08 7.1406E-08 6.3091E-08 4.8656E-08 4.1040E-08 2.5724E-08 2.2094E-08 2.0486E-08 1.9465E-08 1.8704E-08 1.8058E-08 1.7445E-08 1.6841E-08 1.6235E-08 1.5635E-08
1.5603E-08 1.6537E-08 1.7484E-08 1.8462E-08 1.9660E-08 2.1127E-08 2.2694E-08 2.4197E-08 2.5795E-08 2.7522E-08 2.9384E-08 3.1391E-08 3.3543E-08 3.5845E-08 3.8301E-08 4.0894E-08 4.3133E-08 4.5994E-08 4.8523E-08 5.1600E-08 5.4571E-08 5.7799E-08 6.0947E-08 6.4352E-08 6.7638E-08 7.1150E-08 7.4517E-08 7.8050E-08 8.1078E-08 8.4220E-08 8.7027E-08 8.9590E-08 1.1837E-07 1.0142E-07 1.0483E-07 1.0056E-07 9.6926E-08 9.5475E-08 8.9690E-08 8.6822E-08 9.3557E-08 8.2826E-08 8.7851E-08 7.4439E-08 6.5262E-08 5.0908E-08 4.2785E-08 2.7476E-08 2.3126E-08 2.1341E-08 2.0225E-08 1.9398E-08 1.8706E-08 1.8055E-08 1.7415E-08 1.6775E-08 1.6142E-08
1.5806E-08 1.6740E-08 1.7701E-08 1.8693E-08 1.9943E-08 2.1463E-08 2.3000E-08 2.4530E-08 2.6157E-08 2.7916E-08 2.9814E-08 3.1859E-08 3.4054E-08 3.6402E-08 3.8910E-08 4.1576E-08 4.3864E-08 4.6778E-08 4.9404E-08 5.2522E-08 5.5633E-08 5.8880E-08 6.2171E-08 6.5602E-08 6.9039E-08 7.2578E-08 7.6102E-08 7.9653E-08 8.2930E-08 8.5991E-08 8.9116E-08 9.1498E-08 1.2807E-07 1.0541E-07 1.1050E-07 1.0345E-07 1.0024E-07 9.8060E-08 9.3520E-08 8.9185E-08 8.8594E-08 8.6539E-08 9.2966E-08 7.7843E-08 6.7440E-08 5.3383E-08 4.4629E-08 2.9502E-08 2.4199E-08 2.2201E-08 2.0980E-08 2.0088E-08 1.9347E-08 1.8657E-08 1.7981E-08 1.7308E-08 1.6641E-08
1.5979E-08 1.6921E-08 1.7893E-08 1.8949E-08 2.0196E-08 2.1738E-08 2.3270E-08 2.4822E-08 2.6474E-08 2.8260E-08 3.0189E-08 3.2268E-08 3.4501E-08 3.6891E-08 3.9443E-08 4.2159E-08 4.4511E-08 4.7469E-08 5.0200E-08 5.3339E-08 5.6620E-08 5.9841E-08 6.3303E-08 6.6717E-08 7.0335E-08 7.3856E-08 7.7572E-08 8.1093E-08 8.4719E-08 8.7591E-08 9.1006E-08 9.3233E-08 1.3800E-07 1.0971E-07 1.1808E-07 1.0630E-07 1.0373E-07 1.0057E-07 9.8300E-08 9.1474E-08 9.0696E-08 9.1382E-08 9.9610E-08 8.1881E-08 6.9673E-08 5.6281E-08 4.6644E-08 3.1943E-08 2.5292E-08 2.3067E-08 2.1738E-08 2.0767E-08 1.9975E-08 1.9246E-08 1.8535E-08 1.7828E-08 1.7128E-08
1.6130E-08 1.7078E-08 1.8059E-08 1.9125E-08 2.0386E-08 2.1977E-08 2.3526E-08 2.5070E-08 2.6743E-08 2.8553E-08 3.0507E-08 3.2615E-08 3.4880E-08 3.7306E-08 3.9897E-08 4.2655E-08 4.5072E-08 4.8061E-08 5.0917E-08 5.4041E-08 5.7514E-08 6.0672E-08 6.4346E-08 6.7686E-08 7.1523E-08 7.4973E-08 7.8891E-08 8.2358E-08 8.6213E-08 8.9006E-08 9.2466E-08 9.4795E-08 1.3863E-07 1.1446E-07 1.1173E-07 1.0917E-07 1.0759E-07 1.0300E-07 1.0509E-07 9.3702E-08 9.2715E-08 9.4218E-08 1.0937E-07 8.7366E-08 7.1959E-08 5.9860E-08 4.8934E-08 3.5128E-08 2.6429E-08 2.3927E-08 2.2484E-08 2.1442E-08 2.0590E-08 1.9818E-08 1.9071E-08 1.8332E-08 1.7599E-08
1.6257E-08 1.7211E-08 1.8198E-08 1.9273E-08 2.0606E-08 2.2152E-08 2.3715E-08 2.5274E-08 2.6964E-08 2.8792E-08 3.0767E-08 3.2898E-08 3.5189E-08 3.7643E-08 4.0267E-08 4.3060E-08 4.5543E-08 4.8547E-08 5.1568E-08 5.4623E-08 5.8141E-08 6.1367E-08 6.5087E-08 6.8499E-08 7.2388E-08 7.5915E-08 7.9886E-08 8.3432E-08 8.7339E-08 9.0228E-08 9.3738E-08 9.6177E-08 1.1684E-07 1.1993E-07 1.1025E-07 1.1211E-07 1.1217E-07 1.0543E-07 1.0444E-07 9.5915E-08 9.4652E-08 9.6538E-08 1.0917E-07 9.0047E-08 7.4428E-08 6.4722E-08 5.1701E-08 3.7754E-08 2.7620E-08 2.4801E-08 2.3218E-08 2.2094E-08 2.1190E-08 2.0371E-08 1.9586E-08 1.8815E-08 1.8050E-08
1.6361E-08 1.7319E-08 1.8311E-08 1.9390E-08 2.0733E-08 2.2288E-08 2.3862E-08 2.5431E-08 2.7133E-08 2.8975E-08 3.0965E-08 3.3113E-08 3.5424E-08 3.7901E-08 4.0549E-08 4.3369E-08 4.5925E-08 4.8924E-08 5.2209E-08 5.5079E-08 5.8631E-08 6.1918E-08 6.5671E-08 6.9149E-08 7.3075E-08 7.6674E-08 8.0685E-08 8.4305E-08 8.8253E-08 9.1268E-08 9.4822E-08 9.7406E-08 1.0761E-07 1.2668E-07 1.1306E-07 1.1521E-07 1.1807E-07 1.0788E-07 1.0655E-07 9.8199E-08 9.6606E-08 9.9068E-08 8.9543E-08 9.2618E-08 7.7130E-08 6.9524E-08 5.4178E-08 4.0443E-08 2.8866E-08 2.5670E-08 2.3947E-08 2.2730E-08 2.1763E-08 2.0904E-08 2.0076E-08 1.9273E-08 1.8478E-08
1.6443E-08 1.7402E-08 1.8395E-08 1.9476E-08 2.0855E-08 2.2415E-08 2.3966E-08 2.5541E-08 2.7250E-08 2.9100E-08 3.1101E-08 3.3260E-08 3.5584E-08 3.8076E-08 4.0741E-08 4.3581E-08 4.6226E-08 4.9186E-08 5.2494E-08 5.5404E-08 5.8977E-08 6.2321E-08 6.6091E-08 6.9630E-08 7.3578E-08 7.7242E-08 8.1278E-08 8.4968E-08 8.8965E-08 9.2131E-08 9.5725E-08 9.8475E-08 1.0146E-07 1.3433E-07 1.1601E-07 1.1867E-07 1.2626E-07 1.1050E-07 1.0872E-07 1.0062E-07 9.8570E-08 1.0200E-07 9.1818E-08 9.5473E-08 8.0341E-08 7.2369E-08 5.5798E-08 4.4025E-08 3.0211E-08 2.6549E-08 2.4659E-08 2.3349E-08 2.2313E-08 2.1405E-08 2.0542E-08 1.9702E-08 1.8877E-08
1.6501E-08 1.7459E-08 1.8451E-08 1.9564E-08 2.0912E-08 2.2501E-08 2.4026E-08 2.5603E-08 2.7314E-08 2.9168E-08 3.1172E-08 3.3336E-08 3.5667E-08 3.8167E-08 4.0841E-08 4.3692E-08 4.6459E-08 4.9332E-08 5.2651E-08 5.5597E-08 5.9175E-08 6.2574E-08 6.6342E-08 6.9938E-08 7.3888E-08 7.7614E-08 8.1655E-08 8.5431E-08 8.9496E-08 9.2805E-08 9.6445E-08 9.9436E-08 1.0251E-07 1.4062E-07 1.1921E-07 1.2281E-07 1.3765E-07 1.1342E-07 1.1115E-07 1.0348E-07 1.0081E-07 1.0565E-07 9.4334E-08 9.8648E-08 8.4254E-08 7.4042E-08 5.7558E-08 4.8605E-08 3.1675E-08 2.7437E-08 2.5362E-08 2.3945E-08 2.2833E-08 2.1877E-08 2.0973E-08 2.0101E-08 1.9245E-08
1.6536E-08 1.7491E-08 1.8479E-08 1.9589E-08 2.0934E-08 2.2520E-08 2.4042E-08 2.5617E-08 2.7325E-08 2.9177E-08 3.1179E-08 3.3342E-08 3.5672E-08 3.8172E-08 4.0848E-08 4.3701E-08 4.6671E-08 4.9360E-08 5.2678E-08 5.5655E-08 5.9224E-08 6.2678E-08 6.6420E-08 7.0071E-08 7.4001E-08 7.7789E-08 8.1816E-08 8.5720E-08 8.9796E-08 9.3332E-08 9.7037E-08 1.0037E-07 1.0354E-07 1.5016E-07 1.2283E-07 1.2816E-07 1.2189E-07 1.1697E-07 1.1402E-07 1.0703E-07 1.0337E-07 1.1065E-07 9.7416E-08 1.0258E-07 8.6895E-08 7.5804E-08 5.9493E-08 5.0063E-08 3.3328E-08 2.8343E-08 2.6052E-08 2.4518E-08 2.3326E-08 2.2311E-08 2.1370E-08 2.0464E-08 1.9578E-08
1.6547E-08 1.7496E-08 1.8479E-08 1.9583E-08 2.0892E-08 2.2500E-08 2.4014E-08 2.5581E-08 2.7283E-08 2.9127E-08 3.1122E-08 3.3277E-08 3.5599E-08 3.8092E-08 4.0761E-08 4.3608E-08 4.6634E-08 4.9270E-08 5.2575E-08 5.5581E-08 5.9120E-08 6.2638E-08 6.6324E-08 7.0038E-08 7.3914E-08 7.7769E-08 8.1785E-08 8.5812E-08 8.9908E-08 9.3763E-08 9.7508E-08 1.0136E-07 1.0467E-07 1.6218E-07 1.2714E-07 1.3562E-07 1.2377E-07 1.2151E-07 1.1768E-07 1.1178E-07 1.0653E-07 1.0596E-07 1.0131E-07 1.0774E-07 9.0073E-08 7.7739E-08 6.1744E-08 5.1655E-08 3.5226E-08 2.9280E-08 2.6731E-08 2.5062E-08 2.3783E-08 2.2707E-08 2.1725E-08 2.0785E-08 1.9875E-08
1.6536E-08 1.7476E-08 1.8450E-08 1.9545E-08 2.0845E-08 2.2440E-08 2.3916E-08 2.5498E-08 2.7187E-08 2.9019E-08 3.1000E-08 3.3141E-08 3.5449E-08 3.7928E-08 4.0581E-08 4.3413E-08 4.6424E-08 4.9062E-08 5.2342E-08 5.5381E-08 5.8865E-08 6.2471E-08 6.6054E-08 6.9850E-08 7.3628E-08 7.7572E-08 8.1547E-08 8.5725E-08 8.9857E-08 9.4126E-08 9.7938E-08 1.0246E-07 1.0600E-07 1.7497E-07 1.3265E-07 1.4680E-07 1.2864E-07 1.2740E-07 1.2231E-07 1.1827E-07 1.1048E-07 1.0806E-07 1.0673E-07 1.1481E-07 9.4076E-08 7.9874E-08 6.4446E-08 5.3458E-08 3.7521E-08 3.0230E-08 2.7400E-08 2.5578E-08 2.4198E-08 2.3064E-08 2.2035E-08 2.1065E-08 2.0129E-08
1.6502E-08 1.7387E-08 1.8395E-08 1.9427E-08 2.0764E-08 2.2268E-08 2.3802E-08 2.5368E-08 2.7040E-08 2.8853E-08 3.0815E-08 3.2935E-08 3.5222E-08 3.7679E-08 4.0309E-08 4.3117E-08 4.6104E-08 4.8741E-08 5.1979E-08 5.5067E-08 5.8460E-08 6.2196E-08 6.5610E-08 6.9533E-08 7.3144E-08 7.7220E-08 8.1097E-08 8.5501E-08 8.9600E-08 9.4346E-08 9.8360E-08 1.0341E-07 1.0774E-07 1.7764E-07 1.3967E-07 1.4737E-07 1.3498E-07 1.3519E-07 1.2835E-07 1.2797E-07 1.1545E-07 1.1217E-07 1.1146E-07 1.2532E-07 9.9589E-08 8.2277E-08 6.7878E-08 5.5553E-08 4.0438E-08 3.1215E-08 2.8043E-08 2.6054E-08 2.4576E-08 2.3367E-08 2.2298E-08 2.1296E-08 2.0336E-08
