Assets/Resources/2015_m01_d04_2300(utc+0800)_l00_csi_1hr_conc.grd
DSAA
         159         159
     -79.000      79.000
     -79.000      79.000
  0.1373E-09  0.6355E-05
[rows 125 to 149 of 159, columns 0 to 56 of 159]
6.3711E-10 6.5222E-10 6.6705E-10 6.8266E-10 6.9852E-10 7.1410E-10 7.2994E-10 7.4656E-10 7.6341E-10 7.7995E-10 7.9668E-10 8.1415E-10 8.3128E-10 8.4857E-10 8.6658E-10 8.8420E-10 9.0194E-10 9.2035E-10 9.3833E-10 9.5640E-10 9.7453E-10 9.9279E-10 1.0117E-09 1.0300E-09 1.0483E-09 1.0666E-09 1.0849E-09 1.1031E-09 1.1218E-09 1.1398E-09 1.1576E-09 1.1753E-09 1.1928E-09 1.2101E-09 1.2272E-09 1.2439E-09 1.2605E-09 1.2768E-09 1.2927E-09 1.3082E-09 1.3234E-09 1.3382E-09 1.3525E-09 1.3663E-09 1.3797E-09 1.3925E-09 1.4049E-09 1.4166E-09 1.4278E-09 1.4384E-09 1.4484E-09 1.4577E-09 1.4665E-09 1.4745E-09 1.4819E-09 1.4886E-09 1.4946E-09
6.2372E-10 6.3861E-10 6.5376E-10 6.6865E-10 6.8430E-10 6.9968E-10 7.1583E-10 7.3168E-10 7.4774E-10 7.6457E-10 7.8160E-10 7.9831E-10 8.1519E-10 8.3233E-10 8.5019E-10 8.6766E-10 8.8582E-10 9.0357E-10 9.2142E-10 9.3936E-10 9.5793E-10 9.7602E-10 9.9415E-10 1.0123E-09 1.0304E-09 1.0486E-09 1.0672E-09 1.0852E-09 1.1033E-09 1.1212E-09 1.1390E-09 1.1566E-09 1.1741E-09 1.1913E-09 1.2083E-09 1.2257E-09 1.2422E-09 1.2584E-09 1.2742E-09 1.2897E-09 1.3048E-09 1.3195E-09 1.3338E-09 1.3476E-09 1.3610E-09 1.3739E-09 1.3863E-09 1.3981E-09 1.4093E-09 1.4200E-09 1.4300E-09 1.4394E-09 1.4482E-09 1.4563E-09 1.4632E-09 1.4699E-09 1.4760E-09
6.1068E-10 6.2481E-10 6.3969E-10 6.5432E-10 6.6974E-10 6.8494E-10 7.0089E-10 7.1656E-10 7.3299E-10 7.4912E-10 7.6544E-10 7.8251E-10 7.9923E-10 8.1669E-10 8.3377E-10 8.5101E-10 8.6892E-10 8.8644E-10 9.0405E-10 9.2232E-10 9.4022E-10 9.5818E-10 9.7619E-10 9.9422E-10 1.0128E-09 1.0308E-09 1.0488E-09 1.0668E-09 1.0846E-09 1.1024E-09 1.1200E-09 1.1375E-09 1.1554E-09 1.1725E-09 1.1894E-09 1.2061E-09 1.2226E-09 1.2387E-09 1.2545E-09 1.2700E-09 1.2851E-09 1.2998E-09 1.3141E-09 1.3279E-09 1.3413E-09 1.3541E-09 1.3665E-09 1.3783E-09 1.3895E-09 1.4002E-09 1.4102E-09 1.4197E-09 1.4286E-09 1.4367E-09 1.4443E-09 1.4511E-09 1.4572E-09
5.9655E-10 6.1099E-10 6.2570E-10 6.4014E-10 6.5534E-10 6.7028E-10 6.8599E-10 7.0140E-10 7.1756E-10 7.3342E-10 7.5003E-10 7.6632E-10 7.8287E-10 8.0013E-10 8.1704E-10 8.3465E-10 8.5188E-10 8.6924E-10 8.8671E-10 9.0482E-10 9.2249E-10 9.4022E-10 9.5800E-10 9.7638E-10 9.9421E-10 1.0120E-09 1.0298E-09 1.0477E-09 1.0660E-09 1.0836E-09 1.1012E-09 1.1186E-09 1.1358E-09 1.1529E-09 1.1697E-09 1.1863E-09 1.2026E-09 1.2187E-09 1.2344E-09 1.2497E-09 1.2647E-09 1.2794E-09 1.2936E-09 1.3074E-09 1.3208E-09 1.3337E-09 1.3460E-09 1.3579E-09 1.3691E-09 1.3798E-09 1.3899E-09 1.3994E-09 1.4083E-09 1.4165E-09 1.4241E-09 1.4309E-09 1.4371E-09
5.8337E-10 5.9704E-10 6.1146E-10 6.2566E-10 6.4067E-10 6.5541E-10 6.7091E-10 6.8612E-10 7.0210E-10 7.1777E-10 7.3418E-10 7.5027E-10 7.6709E-10 7.8357E-10 8.0022E-10 8.1703E-10 8.3452E-10 8.5162E-10 8.6940E-10 8.8682E-10 9.0433E-10 9.2190E-10 9.4007E-10 9.5775E-10 9.7545E-10 9.9314E-10 1.0108E-09 1.0290E-09 1.0465E-09 1.0640E-09 1.0814E-09 1.0986E-09 1.1157E-09 1.1326E-09 1.1493E-09 1.1664E-09 1.1826E-09 1.1986E-09 1.2143E-09 1.2296E-09 1.2446E-09 1.2592E-09 1.2734E-09 1.2871E-09 1.3004E-09 1.3132E-09 1.3255E-09 1.3373E-09 1.3486E-09 1.3593E-09 1.3694E-09 1.3789E-09 1.3878E-09 1.3961E-09 1.4037E-09 1.4101E-09 1.4164E-09
5.6921E-10 5.8317E-10 5.9740E-10 6.1137E-10 6.2610E-10 6.4108E-10 6.5580E-10 6.7073E-10 6.8642E-10 7.0181E-10 7.1798E-10 7.3387E-10 7.4996E-10 7.6676E-10 7.8322E-10 8.0038E-10 8.1717E-10 8.3408E-10 8.5165E-10 8.6882E-10 8.8607E-10 9.0394E-10 9.2134E-10 9.3876E-10 9.5621E-10 9.7370E-10 9.9176E-10 1.0092E-09 1.0267E-09 1.0440E-09 1.0613E-09 1.0784E-09 1.0959E-09 1.1127E-09 1.1293E-09 1.1456E-09 1.1617E-09 1.1776E-09 1.1931E-09 1.2083E-09 1.2232E-09 1.2377E-09 1.2518E-09 1.2656E-09 1.2788E-09 1.2916E-09 1.3039E-09 1.3157E-09 1.3270E-09 1.3376E-09 1.3477E-09 1.3572E-09 1.3661E-09 1.3743E-09 1.3819E-09 1.3889E-09 1.3952E-09
5.5593E-10 5.6911E-10 5.8308E-10 5.9734E-10 6.1136E-10 6.2560E-10 6.4061E-10 6.5585E-10 6.7082E-10 6.8601E-10 7.0192E-10 7.1753E-10 7.3387E-10 7.4988E-10 7.6605E-10 7.8291E-10 7.9941E-10 8.1662E-10 8.3348E-10 8.5045E-10 8.6752E-10 8.8466E-10 9.0241E-10 9.1967E-10 9.3696E-10 9.5481E-10 9.7210E-10 9.8936E-10 1.0066E-09 1.0237E-09 1.0407E-09 1.0581E-09 1.0749E-09 1.0916E-09 1.1081E-09 1.1243E-09 1.1403E-09 1.1561E-09 1.1715E-09 1.1867E-09 1.2014E-09 1.2159E-09 1.2304E-09 1.2440E-09 1.2571E-09 1.2698E-09 1.2820E-09 1.2938E-09 1.3044E-09 1.3151E-09 1.3252E-09 1.3346E-09 1.3435E-09 1.3517E-09 1.3594E-09 1.3663E-09 1.3726E-09
5.4177E-10 5.5523E-10 5.6896E-10 5.8242E-10 5.9664E-10 6.1112E-10 6.2533E-10 6.3975E-10 6.5493E-10 6.7038E-10 6.8557E-10 7.0096E-10 7.1707E-10 7.3286E-10 7.4935E-10 7.6549E-10 7.8179E-10 7.9822E-10 8.1532E-10 8.3201E-10 8.4933E-10 8.6621E-10 8.8316E-10 9.0014E-10 9.1721E-10 9.3486E-10 9.5198E-10 9.6907E-10 9.8611E-10 1.0036E-09 1.0205E-09 1.0373E-09 1.0539E-09 1.0703E-09 1.0866E-09 1.1026E-09 1.1184E-09 1.1340E-09 1.1493E-09 1.1643E-09 1.1795E-09 1.1938E-09 1.2077E-09 1.2212E-09 1.2342E-09 1.2468E-09 1.2590E-09 1.2706E-09 1.2817E-09 1.2923E-09 1.3023E-09 1.3117E-09 1.3200E-09 1.3282E-09 1.3358E-09 1.3428E-09 1.3491E-09
5.2843E-10 5.4115E-10 5.5463E-10 5.6837E-10 5.8186E-10 5.9559E-10 6.1007E-10 6.2479E-10 6.3924E-10 6.5390E-10 6.6929E-10 6.8490E-10 7.0020E-10 7.1569E-10 7.3134E-10 7.4769E-10 7.6374E-10 7.8050E-10 7.9686E-10 8.1333E-10 8.2991E-10 8.4711E-10 8.6385E-10 8.8065E-10 8.9802E-10 9.1486E-10 9.3170E-10 9.4851E-10 9.6527E-10 9.8196E-10 9.9913E-10 1.0157E-09 1.0321E-09 1.0484E-09 1.0645E-09 1.0809E-09 1.0965E-09 1.1119E-09 1.1271E-09 1.1419E-09 1.1564E-09 1.1705E-09 1.1842E-09 1.1976E-09 1.2105E-09 1.2230E-09 1.2351E-09 1.2466E-09 1.2576E-09 1.2682E-09 1.2781E-09 1.2875E-09 1.2962E-09 1.3044E-09 1.3119E-09 1.3189E-09 1.3246E-09
5.1431E-10 5.2724E-10 5.4043E-10 5.5337E-10 5.6705E-10 5.8098E-10 5.9465E-10 6.0905E-10 6.2324E-10 6.3818E-10 6.5283E-10 6.6768E-10 6.8325E-10 6.9850E-10 7.1446E-10 7.3007E-10 7.4584E-10 7.6225E-10 7.7829E-10 7.9445E-10 8.1124E-10 8.2760E-10 8.4406E-10 8.6062E-10 8.7773E-10 8.9435E-10 9.1095E-10 9.2752E-10 9.4460E-10 9.6109E-10 9.7749E-10 9.9379E-10 1.0100E-09 1.0260E-09 1.0418E-09 1.0574E-09 1.0734E-09 1.0886E-09 1.1036E-09 1.1182E-09 1.1325E-09 1.1465E-09 1.1602E-09 1.1734E-09 1.1861E-09 1.1985E-09 1.2104E-09 1.2218E-09 1.2327E-09 1.2431E-09 1.2530E-09 1.2623E-09 1.2711E-09 1.2792E-09 1.2867E-09 1.2936E-09 1.2994E-09
5.0100E-10 5.1320E-10 5.2613E-10 5.3932E-10 5.5227E-10 5.6545E-10 5.7937E-10 5.9354E-10 6.0743E-10 6.2202E-10 6.3634E-10 6.5138E-10 6.6611E-10 6.8102E-10 6.9667E-10 7.1201E-10 7.2803E-10 7.4367E-10 7.5944E-10 7.7533E-10 7.9185E-10 8.0794E-10 8.2411E-10 8.4087E-10 8.5715E-10 8.7345E-10 8.8974E-10 9.0600E-10 9.2281E-10 9.3906E-10 9.5523E-10 9.7129E-10 9.8724E-10 1.0036E-09 1.0192E-09 1.0346E-09 1.0498E-09 1.0648E-09 1.0795E-09 1.0939E-09 1.1080E-09 1.1218E-09 1.1353E-09 1.1484E-09 1.1610E-09 1.1733E-09 1.1851E-09 1.1964E-09 1.2072E-09 1.2175E-09 1.2273E-09 1.2366E-09 1.2452E-09 1.2533E-09 1.2608E-09 1.2677E-09 1.2739E-09
4.8689E-10 4.9926E-10 5.1188E-10 5.2425E-10 5.3736E-10 5.5071E-10 5.6385E-10 5.7772E-10 5.9133E-10 6.0566E-10 6.1970E-10 6.3444E-10 6.4888E-10 6.6403E-10 6.7886E-10 6.9385E-10 7.0899E-10 7.2481E-10 7.4023E-10 7.5629E-10 7.7201E-10 7.8783E-10 8.0372E-10 8.2019E-10 8.3619E-10 8.5223E-10 8.6826E-10 8.8479E-10 9.0077E-10 9.1670E-10 9.3255E-10 9.4831E-10 9.6396E-10 9.7948E-10 9.9541E-10 1.0106E-09 1.0256E-09 1.0404E-09 1.0549E-09 1.0692E-09 1.0831E-09 1.0967E-09 1.1100E-09 1.1229E-09 1.1359E-09 1.1480E-09 1.1597E-09 1.1709E-09 1.1811E-09 1.1913E-09 1.2010E-09 1.2102E-09 1.2188E-09 1.2268E-09 1.2342E-09 1.2411E-09 1.2473E-09
4.7362E-10 4.8523E-10 4.9756E-10 5.1015E-10 5.2249E-10 5.3506E-10 5.4836E-10 5.6190E-10 5.7516E-10 5.8913E-10 6.0281E-10 6.1721E-10 6.3136E-10 6.4570E-10 6.6072E-10 6.7541E-10 6.9078E-10 7.0579E-10 7.2092E-10 7.3668E-10 7.5204E-10 7.6749E-10 7.8355E-10 7.9915E-10 8.1480E-10 8.3051E-10 8.4626E-10 8.6253E-10 8.7825E-10 8.9391E-10 9.0951E-10 9.2555E-10 9.4096E-10 9.5624E-10 9.7136E-10 9.8631E-10 1.0011E-09 1.0156E-09 1.0299E-09 1.0439E-09 1.0576E-09 1.0711E-09 1.0842E-09 1.0969E-09 1.1093E-09 1.1212E-09 1.1327E-09 1.1438E-09 1.1544E-09 1.1645E-09 1.1741E-09 1.1831E-09 1.1916E-09 1.1996E-09 1.2070E-09 1.2138E-09 1.2199E-09
4.5937E-10 4.7113E-10 4.8314E-10 4.9490E-10 5.0743E-10 5.2020E-10 5.3271E-10 5.4593E-10 5.5890E-10 5.7258E-10 5.8596E-10 6.0003E-10 6.1381E-10 6.2828E-10 6.4243E-10 6.5675E-10 6.7173E-10 6.8640E-10 7.0173E-10 7.1670E-10 7.3176E-10 7.4692E-10 7.6266E-10 7.7797E-10 7.9334E-10 8.0873E-10 8.2466E-10 8.4007E-10 8.5546E-10 8.7081E-10 8.8610E-10 9.0134E-10 9.1700E-10 9.3202E-10 9.4690E-10 9.6160E-10 9.7611E-10 9.9041E-10 1.0045E-09 1.0188E-09 1.0323E-09 1.0455E-09 1.0584E-09 1.0709E-09 1.0831E-09 1.0949E-09 1.1062E-09 1.1171E-09 1.1276E-09 1.1376E-09 1.1471E-09 1.1560E-09 1.1645E-09 1.1723E-09 1.1796E-09 1.1858E-09 1.1919E-09
4.4610E-10 4.5711E-10 4.6880E-10 4.8075E-10 4.9244E-10 5.0436E-10 5.1699E-10 5.2986E-10 5.4245E-10 5.5578E-10 5.6885E-10 5.8263E-10 5.9610E-10 6.0975E-10 6.2408E-10 6.3859E-10 6.5277E-10 6.6708E-10 6.8154E-10 6.9662E-10 7.1132E-10 7.2662E-10 7.4151E-10 7.5651E-10 7.7157E-10 7.8666E-10 8.0228E-10 8.1739E-10 8.3249E-10 8.4755E-10 8.6307E-10 8.7801E-10 8.9284E-10 9.0756E-10 9.2212E-10 9.3652E-10 9.5075E-10 9.6480E-10 9.7862E-10 9.9271E-10 1.0060E-09 1.0190E-09 1.0317E-09 1.0440E-09 1.0560E-09 1.0676E-09 1.0787E-09 1.0895E-09 1.0998E-09 1.1096E-09 1.1189E-09 1.1278E-09 1.1361E-09 1.1439E-09 1.1511E-09 1.1572E-09 1.1633E-09
4.3180E-10 4.4296E-10 4.5437E-10 4.6553E-10 4.7740E-10 4.8950E-10 5.0134E-10 5.1388E-10 5.2616E-10 5.3915E-10 5.5185E-10 5.6524E-10 5.7833E-10 5.9211E-10 6.0558E-10 6.1926E-10 6.3359E-10 6.4759E-10 6.6223E-10 6.7649E-10 6.9086E-10 7.0533E-10 7.2040E-10 7.3503E-10 7.4972E-10 7.6496E-10 7.7970E-10 7.9445E-10 8.0921E-10 8.2397E-10 8.3918E-10 8.5382E-10 8.6836E-10 8.8279E-10 8.9709E-10 9.1123E-10 9.2571E-10 9.3947E-10 9.5300E-10 9.6629E-10 9.7932E-10 9.9205E-10 1.0045E-09 1.0166E-09 1.0284E-09 1.0398E-09 1.0508E-09 1.0614E-09 1.0715E-09 1.0812E-09 1.0904E-09 1.0990E-09 1.1072E-09 1.1149E-09 1.1220E-09 1.1285E-09 1.1345E-09
4.1866E-10 4.2902E-10 4.4007E-10 4.5136E-10 4.6240E-10 4.7365E-10 4.8562E-10 4.9785E-10 5.0981E-10 5.2246E-10 5.3483E-10 5.4790E-10 5.6067E-10 5.7410E-10 5.8723E-10 6.0103E-10 6.1449E-10 6.2809E-10 6.4182E-10 6.5618E-10 6.7019E-10 6.8484E-10 6.9907E-10 7.1337E-10 7.2773E-10 7.4263E-10 7.5706E-10 7.7149E-10 7.8591E-10 8.0082E-10 8.1516E-10 8.2944E-10 8.4363E-10 8.5771E-10 8.7171E-10 8.8556E-10 8.9975E-10 9.1325E-10 9.2653E-10 9.3956E-10 9.5233E-10 9.6483E-10 9.7702E-10 9.8888E-10 1.0004E-09 1.0116E-09 1.0223E-09 1.0327E-09 1.0427E-09 1.0522E-09 1.0613E-09 1.0698E-09 1.0779E-09 1.0854E-09 1.0924E-09 1.0989E-09 1.1048E-09
4.0461E-10 4.1512E-10 4.2588E-10 4.3637E-10 4.4756E-10 4.5899E-10 4.7015E-10 4.8199E-10 4.9357E-10 5.0585E-10 5.1784E-10 5.3049E-10 5.4290E-10 5.5601E-10 5.6880E-10 5.8175E-10 5.9535E-10 6.0861E-10 6.2251E-10 6.3604E-10 6.4967E-10 6.6390E-10 6.7772E-10 6.9162E-10 7.0609E-10 7.2010E-10 7.3418E-10 7.4828E-10 7.6237E-10 7.7694E-10 7.9097E-10 8.0493E-10 8.1880E-10 8.3257E-10 8.4673E-10 8.6024E-10 8.7359E-10 8.8675E-10 8.9971E-10 9.1250E-10 9.2504E-10 9.3730E-10 9.4925E-10 9.6089E-10 9.7220E-10 9.8314E-10 9.9371E-10 1.0039E-09 1.0136E-09 1.0230E-09 1.0318E-09 1.0402E-09 1.0482E-09 1.0556E-09 1.0625E-09 1.0688E-09 1.0746E-09
3.9166E-10 4.0137E-10 4.1175E-10 4.2236E-10 4.3276E-10 4.4337E-10 4.5467E-10 4.6620E-10 4.7745E-10 4.8937E-10 5.0150E-10 5.1336E-10 5.2539E-10 5.3807E-10 5.5045E-10 5.6349E-10 5.7619E-10 5.8904E-10 6.0257E-10 6.1574E-10 6.2952E-10 6.4291E-10 6.5639E-10 6.6994E-10 6.8353E-10 6.9768E-10 7.1136E-10 7.2506E-10 7.3926E-10 7.5293E-10 7.6659E-10 7.8024E-10 7.9382E-10 8.0729E-10 8.2064E-10 8.3436E-10 8.4741E-10 8.6029E-10 8.7297E-10 8.8542E-10 8.9764E-10 9.0959E-10 9.2178E-10 9.3319E-10 9.4427E-10 9.5501E-10 9.6538E-10 9.7535E-10 9.8493E-10 9.9407E-10 1.0028E-09 1.0110E-09 1.0188E-09 1.0260E-09 1.0323E-09 1.0386E-09 1.0443E-09
3.7797E-10 3.8782E-10 3.9790E-10 4.0772E-10 4.1822E-10 4.2893E-10 4.3938E-10 4.5050E-10 4.6136E-10 4.7291E-10 4.8422E-10 4.9618E-10 5.0786E-10 5.2021E-10 5.3224E-10 5.4441E-10 5.5724E-10 5.7021E-10 5.8284E-10 5.9559E-10 6.0844E-10 6.2189E-10 6.3498E-10 6.4868E-10 6.6196E-10 6.7529E-10 6.8864E-10 7.0199E-10 7.1535E-10 7.2919E-10 7.4250E-10 7.5575E-10 7.6944E-10 7.8253E-10 7.9554E-10 8.0845E-10 8.2122E-10 8.3381E-10 8.4621E-10 8.5839E-10 8.7033E-10 8.8203E-10 8.9344E-10 9.0456E-10 9.1587E-10 9.2634E-10 9.3646E-10 9.4623E-10 9.5561E-10 9.6457E-10 9.7310E-10 9.8117E-10 9.8878E-10 9.9541E-10 1.0021E-09 1.0082E-09 1.0138E-09
3.6532E-10 3.7438E-10 3.8412E-10 3.9408E-10 4.0380E-10 4.1371E-10 4.2429E-10 4.3508E-10 4.4560E-10 4.5677E-10 4.6814E-10 4.7924E-10 4.9050E-10 5.0241E-10 5.1406E-10 5.2640E-10 5.3841E-10 5.5055E-10 5.6331E-10 5.7571E-10 5.8871E-10 6.0134E-10 6.1404E-10 6.2682E-10 6.4015E-10 6.5304E-10 6.6601E-10 6.7953E-10 6.9256E-10 7.0558E-10 7.1856E-10 7.3149E-10 7.4434E-10 7.5761E-10 7.7027E-10 7.8282E-10 7.9521E-10 8.0744E-10 8.1951E-10 8.3191E-10 8.4358E-10 8.5501E-10 8.6616E-10 8.7703E-10 8.8758E-10 8.9782E-10 9.0770E-10 9.1722E-10 9.2636E-10 9.3509E-10 9.4342E-10 9.5132E-10 9.5877E-10 9.6575E-10 9.7224E-10 9.7824E-10 9.8373E-10
3.5211E-10 3.6128E-10 3.7067E-10 3.7980E-10 3.8958E-10 3.9958E-10 4.0936E-10 4.1982E-10 4.3048E-10 4.4088E-10 4.5145E-10 4.6267E-10 4.7407E-10 4.8518E-10 4.9645E-10 5.0834E-10 5.1992E-10 5.3212E-10 5.4403E-10 5.5608E-10 5.6825E-10 5.8100E-10 5.9336E-10 6.0628E-10 6.1879E-10 6.3134E-10 6.4392E-10 6.5652E-10 6.6961E-10 6.8221E-10 6.9482E-10 7.0790E-10 7.2044E-10 7.3288E-10 7.4523E-10 7.5745E-10 7.6953E-10 7.8145E-10 7.9319E-10 8.0473E-10 8.1655E-10 8.2764E-10 8.3850E-10 8.4909E-10 8.5939E-10 8.6937E-10 8.7902E-10 8.8830E-10 8.9722E-10 9.0574E-10 9.1386E-10 9.2156E-10 9.2882E-10 9.3562E-10 9.4196E-10 9.4782E-10 9.5319E-10
3.3959E-10 3.4849E-10 3.5756E-10 3.6685E-10 3.7588E-10 3.8510E-10 3.9497E-10 4.0505E-10 4.1485E-10 4.2529E-10 4.3599E-10 4.4642E-10 4.5702E-10 4.6825E-10 4.7918E-10 4.9075E-10 5.0198E-10 5.1335E-10 5.2533E-10 5.3696E-10 5.4918E-10 5.6102E-10 5.7300E-10 5.8508E-10 5.9771E-10 6.0991E-10 6.2263E-10 6.3488E-10 6.4715E-10 6.5939E-10 6.7161E-10 6.8379E-10 6.9639E-10 7.0843E-10 7.2042E-10 7.3231E-10 7.4406E-10 7.5616E-10 7.6759E-10 7.7883E-10 7.8986E-10 8.0065E-10 8.1120E-10 8.2147E-10 8.3146E-10 8.4115E-10 8.5051E-10 8.5955E-10 8.6824E-10 8.7654E-10 8.8445E-10 8.9195E-10 8.9902E-10 9.0566E-10 9.1184E-10 9.1755E-10 9.2278E-10
3.2715E-10 3.3602E-10 3.4481E-10 3.5334E-10 3.6252E-10 3.7190E-10 3.8101E-10 3.9076E-10 4.0070E-10 4.1038E-10 4.2022E-10 4.3070E-10 4.4136E-10 4.5172E-10 4.6230E-10 4.7351E-10 4.8440E-10 4.9591E-10 5.0707E-10 5.1834E-10 5.2972E-10 5.4168E-10 5.5325E-10 5.6539E-10 5.7710E-10 5.8886E-10 6.0072E-10 6.1309E-10 6.2500E-10 6.3689E-10 6.4925E-10 6.6108E-10 6.7285E-10 6.8455E-10 6.9615E-10 7.0764E-10 7.1900E-10 7.3021E-10 7.4176E-10 7.5268E-10 7.6340E-10 7.7389E-10 7.8414E-10 7.9412E-10 8.0383E-10 8.1325E-10 8.2234E-10 8.3111E-10 8.3953E-10 8.4759E-10 8.5526E-10 8.6254E-10 8.6942E-10 8.7587E-10 8.8188E-10 8.8744E-10 8.9254E-10
3.1527E-10 3.2386E-10 3.3182E-10 3.4080E-10 3.4962E-10 3.5816E-10 3.6742E-10 3.7687E-10 3.8604E-10 3.9584E-10 4.0583E-10 4.1553E-10 4.2539E-10 4.3587E-10 4.4605E-10 4.5685E-10 4.6732E-10 4.7791E-10 4.8919E-10 5.0011E-10 5.1162E-10 5.2276E-10 5.3397E-10 5.4573E-10 5.5708E-10 5.6848E-10 5.8041E-10 5.9187E-10 6.0334E-10 6.1481E-10 6.2626E-10 6.3821E-10 6.4963E-10 6.6097E-10 6.7223E-10 6.8337E-10 6.9489E-10 7.0578E-10 7.1650E-10 7.2705E-10 7.3740E-10 7.4753E-10 7.5744E-10 7.6709E-10 7.7651E-10 7.8564E-10 7.9447E-10 8.0298E-10 8.1116E-10 8.1898E-10 8.2643E-10 8.3349E-10 8.4016E-10 8.4642E-10 8.5225E-10 8.5765E-10 8.6260E-10
