Assets/Resources/2015_m01_d04_1400(utc+0800)_l00_csi_1hr_conc.grd
DSAA
         159         159
     -79.000      79.000
     -79.000      79.000
  0.2006E-09  0.3950E-05
[rows 125 to 149 of 159, columns 57 to 113 of 159]
1.8397E-09 1.8567E-09 1.8733E-09 1.8893E-09 1.9049E-09 1.9200E-09 1.9346E-09 1.9486E-09 1.9621E-09 1.9750E-09 1.9873E-09 1.9991E-09 2.0103E-09 2.0208E-09 2.0308E-09 2.0401E-09 2.0487E-09 2.0552E-09 2.0611E-09 2.0652E-09 2.0707E-09 2.0724E-09 2.0750E-09 2.0775E-09 2.0773E-09 2.0763E-09 2.0741E-09 2.0699E-09 2.0694E-09 2.0656E-09 2.0645E-09 2.0604E-09 2.0556E-09 2.0527E-09 2.0458E-09 2.0409E-09 2.0338E-09 2.0286E-09 2.0217E-09 2.0143E-09 2.0066E-09 1.9974E-09 1.9875E-09 1.9771E-09 1.9654E-09 1.9534E-09 1.9396E-09 1.9259E-09 1.9110E-09 1.8953E-09 1.8793E-09 1.8621E-09 1.8441E-09 1.8258E-09 1.8065E-09 1.7864E-09 1.7661E-09
1.8046E-09 1.8215E-09 1.8380E-09 1.8541E-09 1.8698E-09 1.8849E-09 1.8995E-09 1.9136E-09 1.9272E-09 1.9403E-09 1.9528E-09 1.9647E-09 1.9761E-09 1.9869E-09 1.9970E-09 2.0051E-09 2.0126E-09 2.0175E-09 2.0247E-09 2.0289E-09 2.0329E-09 2.0374E-09 2.0377E-09 2.0399E-09 2.0385E-09 2.0367E-09 2.0366E-09 2.0360E-09 2.0355E-09 2.0346E-09 2.0318E-09 2.0307E-09 2.0264E-09 2.0229E-09 2.0182E-09 2.0140E-09 2.0100E-09 2.0046E-09 1.9988E-09 1.9917E-09 1.9837E-09 1.9753E-09 1.9656E-09 1.9555E-09 1.9436E-09 1.9319E-09 1.9189E-09 1.9055E-09 1.8909E-09 1.8754E-09 1.8597E-09 1.8427E-09 1.8250E-09 1.8071E-09 1.7880E-09 1.7687E-09 1.7487E-09
1.7705E-09 1.7874E-09 1.8039E-09 1.8200E-09 1.8356E-09 1.8508E-09 1.8654E-09 1.8796E-09 1.8933E-09 1.9065E-09 1.9191E-09 1.9312E-09 1.9427E-09 1.9507E-09 1.9608E-09 1.9677E-09 1.9763E-09 1.9821E-09 1.9864E-09 1.9926E-09 1.9949E-09 1.9977E-09 1.9984E-09 1.9983E-09 2.0001E-09 2.0020E-09 2.0029E-09 2.0042E-09 2.0033E-09 2.0032E-09 2.0020E-09 1.9987E-09 1.9982E-09 1.9959E-09 1.9938E-09 1.9904E-09 1.9865E-09 1.9813E-09 1.9753E-09 1.9688E-09 1.9610E-09 1.9529E-09 1.9434E-09 1.9331E-09 1.9220E-09 1.9105E-09 1.8978E-09 1.8842E-09 1.8703E-09 1.8551E-09 1.8392E-09 1.8230E-09 1.8056E-09 1.7879E-09 1.7696E-09 1.7503E-09 1.7306E-09
1.7376E-09 1.7544E-09 1.7709E-09 1.7869E-09 1.8025E-09 1.8176E-09 1.8323E-09 1.8466E-09 1.8603E-09 1.8736E-09 1.8855E-09 1.8952E-09 1.9046E-09 1.9145E-09 1.9217E-09 1.9309E-09 1.9366E-09 1.9434E-09 1.9471E-09 1.9508E-09 1.9542E-09 1.9557E-09 1.9592E-09 1.9628E-09 1.9662E-09 1.9685E-09 1.9709E-09 1.9718E-09 1.9732E-09 1.9727E-09 1.9735E-09 1.9736E-09 1.9728E-09 1.9717E-09 1.9692E-09 1.9664E-09 1.9623E-09 1.9577E-09 1.9519E-09 1.9451E-09 1.9381E-09 1.9297E-09 1.9205E-09 1.9109E-09 1.9000E-09 1.8888E-09 1.8763E-09 1.8630E-09 1.8493E-09 1.8344E-09 1.8188E-09 1.8029E-09 1.7862E-09 1.7688E-09 1.7504E-09 1.7314E-09 1.7120E-09
1.7056E-09 1.7224E-09 1.7387E-09 1.7547E-09 1.7703E-09 1.7854E-09 1.8001E-09 1.8136E-09 1.8248E-09 1.8369E-09 1.8469E-09 1.8582E-09 1.8659E-09 1.8743E-09 1.8819E-09 1.8882E-09 1.8948E-09 1.9001E-09 1.9054E-09 1.9105E-09 1.9147E-09 1.9203E-09 1.9249E-09 1.9296E-09 1.9328E-09 1.9371E-09 1.9385E-09 1.9423E-09 1.9449E-09 1.9472E-09 1.9482E-09 1.9488E-09 1.9482E-09 1.9467E-09 1.9449E-09 1.9417E-09 1.9382E-09 1.9334E-09 1.9282E-09 1.9218E-09 1.9144E-09 1.9067E-09 1.8977E-09 1.8884E-09 1.8777E-09 1.8663E-09 1.8544E-09 1.8414E-09 1.8275E-09 1.8134E-09 1.7984E-09 1.7828E-09 1.7661E-09 1.7490E-09 1.7309E-09 1.7121E-09 1.6931E-09
1.6741E-09 1.6902E-09 1.7065E-09 1.7224E-09 1.7363E-09 1.7492E-09 1.7615E-09 1.7737E-09 1.7853E-09 1.7957E-09 1.8058E-09 1.8143E-09 1.8235E-09 1.8316E-09 1.8373E-09 1.8467E-09 1.8514E-09 1.8594E-09 1.8669E-09 1.8736E-09 1.8814E-09 1.8868E-09 1.8933E-09 1.8975E-09 1.9036E-09 1.9086E-09 1.9132E-09 1.9166E-09 1.9197E-09 1.9216E-09 1.9232E-09 1.9234E-09 1.9229E-09 1.9220E-09 1.9198E-09 1.9173E-09 1.9140E-09 1.9094E-09 1.9039E-09 1.8981E-09 1.8910E-09 1.8834E-09 1.8747E-09 1.8651E-09 1.8551E-09 1.8438E-09 1.8323E-09 1.8194E-09 1.8063E-09 1.7924E-09 1.7777E-09 1.7620E-09 1.7456E-09 1.7287E-09 1.7109E-09 1.6925E-09 1.6737E-09
1.6376E-09 1.6509E-09 1.6656E-09 1.6789E-09 1.6930E-09 1.7053E-09 1.7162E-09 1.7286E-09 1.7390E-09 1.7497E-09 1.7600E-09 1.7687E-09 1.7811E-09 1.7866E-09 1.7982E-09 1.8071E-09 1.8166E-09 1.8247E-09 1.8347E-09 1.8419E-09 1.8499E-09 1.8577E-09 1.8652E-09 1.8715E-09 1.8777E-09 1.8826E-09 1.8873E-09 1.8907E-09 1.8939E-09 1.8959E-09 1.8975E-09 1.8978E-09 1.8979E-09 1.8971E-09 1.8951E-09 1.8928E-09 1.8891E-09 1.8851E-09 1.8798E-09 1.8737E-09 1.8672E-09 1.8594E-09 1.8513E-09 1.8419E-09 1.8317E-09 1.8211E-09 1.8097E-09 1.7976E-09 1.7847E-09 1.7707E-09 1.7563E-09 1.7408E-09 1.7247E-09 1.7081E-09 1.6906E-09 1.6725E-09 1.6540E-09
1.5921E-09 1.6051E-09 1.6195E-09 1.6317E-09 1.6467E-09 1.6600E-09 1.6707E-09 1.6844E-09 1.6950E-09 1.7081E-09 1.7174E-09 1.7306E-09 1.7426E-09 1.7535E-09 1.7652E-09 1.7749E-09 1.7856E-09 1.7962E-09 1.8062E-09 1.8152E-09 1.8240E-09 1.8316E-09 1.8391E-09 1.8455E-09 1.8516E-09 1.8570E-09 1.8613E-09 1.8652E-09 1.8680E-09 1.8704E-09 1.8721E-09 1.8731E-09 1.8728E-09 1.8721E-09 1.8702E-09 1.8675E-09 1.8645E-09 1.8601E-09 1.8554E-09 1.8495E-09 1.8431E-09 1.8355E-09 1.8271E-09 1.8184E-09 1.8088E-09 1.7985E-09 1.7873E-09 1.7751E-09 1.7624E-09 1.7487E-09 1.7342E-09 1.7193E-09 1.7034E-09 1.6869E-09 1.6699E-09 1.6521E-09 1.6339E-09
1.5477E-09 1.5607E-09 1.5764E-09 1.5889E-09 1.6045E-09 1.6193E-09 1.6314E-09 1.6453E-09 1.6600E-09 1.6732E-09 1.6867E-09 1.7003E-09 1.7134E-09 1.7255E-09 1.7377E-09 1.7493E-09 1.7599E-09 1.7704E-09 1.7799E-09 1.7892E-09 1.7979E-09 1.8056E-09 1.8130E-09 1.8193E-09 1.8254E-09 1.8309E-09 1.8356E-09 1.8396E-09 1.8428E-09 1.8449E-09 1.8467E-09 1.8472E-09 1.8474E-09 1.8465E-09 1.8447E-09 1.8425E-09 1.8391E-09 1.8354E-09 1.8304E-09 1.8250E-09 1.8184E-09 1.8114E-09 1.8036E-09 1.7951E-09 1.7857E-09 1.7752E-09 1.7643E-09 1.7523E-09 1.7398E-09 1.7264E-09 1.7121E-09 1.6975E-09 1.6819E-09 1.6656E-09 1.6489E-09 1.6313E-09 1.6134E-09
1.5077E-09 1.5248E-09 1.5412E-09 1.5574E-09 1.5733E-09 1.5889E-09 1.6042E-09 1.6191E-09 1.6338E-09 1.6475E-09 1.6613E-09 1.6747E-09 1.6877E-09 1.7002E-09 1.7117E-09 1.7232E-09 1.7341E-09 1.7441E-09 1.7539E-09 1.7632E-09 1.7719E-09 1.7799E-09 1.7873E-09 1.7941E-09 1.8002E-09 1.8056E-09 1.8099E-09 1.8139E-09 1.8167E-09 1.8193E-09 1.8206E-09 1.8217E-09 1.8215E-09 1.8206E-09 1.8193E-09 1.8168E-09 1.8140E-09 1.8099E-09 1.8055E-09 1.8003E-09 1.7943E-09 1.7874E-09 1.7798E-09 1.7714E-09 1.7619E-09 1.7517E-09 1.7410E-09 1.7292E-09 1.7167E-09 1.7037E-09 1.6897E-09 1.6753E-09 1.6600E-09 1.6439E-09 1.6276E-09 1.6106E-09 1.5929E-09
1.4850E-09 1.5014E-09 1.5176E-09 1.5335E-09 1.5492E-09 1.5645E-09 1.5796E-09 1.5944E-09 1.6088E-09 1.6228E-09 1.6365E-09 1.6497E-09 1.6625E-09 1.6748E-09 1.6867E-09 1.6981E-09 1.7089E-09 1.7192E-09 1.7289E-09 1.7381E-09 1.7467E-09 1.7547E-09 1.7616E-09 1.7683E-09 1.7739E-09 1.7793E-09 1.7836E-09 1.7876E-09 1.7904E-09 1.7930E-09 1.7944E-09 1.7955E-09 1.7954E-09 1.7950E-09 1.7933E-09 1.7914E-09 1.7887E-09 1.7852E-09 1.7809E-09 1.7758E-09 1.7699E-09 1.7632E-09 1.7554E-09 1.7469E-09 1.7379E-09 1.7279E-09 1.7170E-09 1.7058E-09 1.6935E-09 1.6807E-09 1.6670E-09 1.6526E-09 1.6378E-09 1.6223E-09 1.6062E-09 1.5895E-09 1.5721E-09
1.4633E-09 1.4794E-09 1.4954E-09 1.5111E-09 1.5265E-09 1.5417E-09 1.5566E-09 1.5711E-09 1.5853E-09 1.5992E-09 1.6126E-09 1.6257E-09 1.6383E-09 1.6505E-09 1.6622E-09 1.6734E-09 1.6841E-09 1.6942E-09 1.7034E-09 1.7125E-09 1.7206E-09 1.7285E-09 1.7353E-09 1.7420E-09 1.7475E-09 1.7529E-09 1.7576E-09 1.7612E-09 1.7645E-09 1.7666E-09 1.7685E-09 1.7692E-09 1.7696E-09 1.7692E-09 1.7681E-09 1.7662E-09 1.7636E-09 1.7602E-09 1.7560E-09 1.7507E-09 1.7449E-09 1.7381E-09 1.7308E-09 1.7225E-09 1.7133E-09 1.7038E-09 1.6931E-09 1.6821E-09 1.6700E-09 1.6572E-09 1.6440E-09 1.6301E-09 1.6156E-09 1.6003E-09 1.5845E-09 1.5678E-09 1.5507E-09
1.4416E-09 1.4575E-09 1.4732E-09 1.4887E-09 1.5039E-09 1.5188E-09 1.5335E-09 1.5478E-09 1.5618E-09 1.5754E-09 1.5887E-09 1.6011E-09 1.6136E-09 1.6256E-09 1.6367E-09 1.6478E-09 1.6583E-09 1.6679E-09 1.6775E-09 1.6864E-09 1.6944E-09 1.7022E-09 1.7090E-09 1.7156E-09 1.7211E-09 1.7264E-09 1.7311E-09 1.7346E-09 1.7379E-09 1.7405E-09 1.7424E-09 1.7436E-09 1.7440E-09 1.7437E-09 1.7427E-09 1.7408E-09 1.7383E-09 1.7346E-09 1.7305E-09 1.7254E-09 1.7195E-09 1.7131E-09 1.7057E-09 1.6978E-09 1.6888E-09 1.6794E-09 1.6690E-09 1.6578E-09 1.6463E-09 1.6340E-09 1.6210E-09 1.6074E-09 1.5931E-09 1.5781E-09 1.5623E-09 1.5459E-09 1.5291E-09
1.4186E-09 1.4342E-09 1.4497E-09 1.4654E-09 1.4804E-09 1.4947E-09 1.5091E-09 1.5232E-09 1.5370E-09 1.5504E-09 1.5635E-09 1.5757E-09 1.5880E-09 1.5999E-09 1.6112E-09 1.6217E-09 1.6321E-09 1.6421E-09 1.6510E-09 1.6599E-09 1.6682E-09 1.6754E-09 1.6826E-09 1.6891E-09 1.6951E-09 1.7003E-09 1.7050E-09 1.7089E-09 1.7122E-09 1.7148E-09 1.7167E-09 1.7178E-09 1.7183E-09 1.7180E-09 1.7167E-09 1.7150E-09 1.7122E-09 1.7089E-09 1.7047E-09 1.6999E-09 1.6941E-09 1.6879E-09 1.6806E-09 1.6725E-09 1.6641E-09 1.6545E-09 1.6446E-09 1.6340E-09 1.6226E-09 1.6105E-09 1.5978E-09 1.5844E-09 1.5700E-09 1.5551E-09 1.5398E-09 1.5237E-09 1.5072E-09
1.3953E-09 1.4107E-09 1.4259E-09 1.4409E-09 1.4556E-09 1.4701E-09 1.4843E-09 1.4982E-09 1.5118E-09 1.5250E-09 1.5379E-09 1.5504E-09 1.5625E-09 1.5741E-09 1.5854E-09 1.5961E-09 1.6064E-09 1.6162E-09 1.6254E-09 1.6342E-09 1.6424E-09 1.6500E-09 1.6571E-09 1.6635E-09 1.6694E-09 1.6746E-09 1.6791E-09 1.6831E-09 1.6863E-09 1.6889E-09 1.6907E-09 1.6919E-09 1.6921E-09 1.6919E-09 1.6906E-09 1.6886E-09 1.6862E-09 1.6828E-09 1.6789E-09 1.6739E-09 1.6686E-09 1.6621E-09 1.6553E-09 1.6474E-09 1.6391E-09 1.6301E-09 1.6203E-09 1.6098E-09 1.5987E-09 1.5868E-09 1.5740E-09 1.5609E-09 1.5468E-09 1.5321E-09 1.5171E-09 1.5012E-09 1.4848E-09
1.3738E-09 1.3890E-09 1.4040E-09 1.4187E-09 1.4332E-09 1.4475E-09 1.4614E-09 1.4751E-09 1.4885E-09 1.5015E-09 1.5141E-09 1.5264E-09 1.5383E-09 1.5498E-09 1.5608E-09 1.5714E-09 1.5815E-09 1.5912E-09 1.6003E-09 1.6089E-09 1.6170E-09 1.6245E-09 1.6314E-09 1.6378E-09 1.6435E-09 1.6487E-09 1.6532E-09 1.6571E-09 1.6603E-09 1.6625E-09 1.6641E-09 1.6653E-09 1.6655E-09 1.6653E-09 1.6641E-09 1.6625E-09 1.6598E-09 1.6567E-09 1.6526E-09 1.6481E-09 1.6425E-09 1.6365E-09 1.6298E-09 1.6224E-09 1.6142E-09 1.6053E-09 1.5958E-09 1.5855E-09 1.5743E-09 1.5626E-09 1.5501E-09 1.5371E-09 1.5233E-09 1.5089E-09 1.4941E-09 1.4786E-09 1.4624E-09
1.3524E-09 1.3673E-09 1.3820E-09 1.3965E-09 1.4108E-09 1.4248E-09 1.4385E-09 1.4520E-09 1.4651E-09 1.4779E-09 1.4904E-09 1.5024E-09 1.5141E-09 1.5254E-09 1.5362E-09 1.5466E-09 1.5566E-09 1.5661E-09 1.5750E-09 1.5835E-09 1.5915E-09 1.5989E-09 1.6057E-09 1.6119E-09 1.6176E-09 1.6224E-09 1.6269E-09 1.6304E-09 1.6336E-09 1.6358E-09 1.6377E-09 1.6386E-09 1.6391E-09 1.6386E-09 1.6377E-09 1.6358E-09 1.6335E-09 1.6302E-09 1.6265E-09 1.6221E-09 1.6169E-09 1.6111E-09 1.6045E-09 1.5972E-09 1.5891E-09 1.5804E-09 1.5708E-09 1.5607E-09 1.5497E-09 1.5382E-09 1.5259E-09 1.5130E-09 1.4997E-09 1.4855E-09 1.4707E-09 1.4557E-09 1.4398E-09
1.3310E-09 1.3456E-09 1.3601E-09 1.3743E-09 1.3883E-09 1.4021E-09 1.4156E-09 1.4288E-09 1.4417E-09 1.4543E-09 1.4665E-09 1.4784E-09 1.4898E-09 1.5009E-09 1.5116E-09 1.5218E-09 1.5316E-09 1.5409E-09 1.5497E-09 1.5581E-09 1.5659E-09 1.5729E-09 1.5796E-09 1.5855E-09 1.5911E-09 1.5958E-09 1.6002E-09 1.6036E-09 1.6068E-09 1.6090E-09 1.6108E-09 1.6120E-09 1.6122E-09 1.6121E-09 1.6109E-09 1.6094E-09 1.6072E-09 1.6042E-09 1.6006E-09 1.5962E-09 1.5912E-09 1.5854E-09 1.5789E-09 1.5718E-09 1.5636E-09 1.5551E-09 1.5456E-09 1.5357E-09 1.5249E-09 1.5134E-09 1.5016E-09 1.4889E-09 1.4758E-09 1.4619E-09 1.4474E-09 1.4327E-09 1.4171E-09
1.3095E-09 1.3239E-09 1.3381E-09 1.3521E-09 1.3659E-09 1.3794E-09 1.3927E-09 1.4056E-09 1.4183E-09 1.4306E-09 1.4426E-09 1.4543E-09 1.4656E-09 1.4764E-09 1.4869E-09 1.4967E-09 1.5063E-09 1.5154E-09 1.5238E-09 1.5320E-09 1.5394E-09 1.5466E-09 1.5532E-09 1.5590E-09 1.5645E-09 1.5691E-09 1.5734E-09 1.5768E-09 1.5799E-09 1.5824E-09 1.5839E-09 1.5851E-09 1.5856E-09 1.5855E-09 1.5847E-09 1.5832E-09 1.5810E-09 1.5781E-09 1.5745E-09 1.5702E-09 1.5653E-09 1.5596E-09 1.5530E-09 1.5459E-09 1.5380E-09 1.5296E-09 1.5203E-09 1.5103E-09 1.5000E-09 1.4887E-09 1.4768E-09 1.4646E-09 1.4516E-09 1.4382E-09 1.4240E-09 1.4093E-09 1.3942E-09
1.2878E-09 1.3019E-09 1.3159E-09 1.3296E-09 1.3431E-09 1.3564E-09 1.3694E-09 1.3821E-09 1.3943E-09 1.4064E-09 1.4182E-09 1.4296E-09 1.4404E-09 1.4511E-09 1.4614E-09 1.4712E-09 1.4804E-09 1.4894E-09 1.4979E-09 1.5056E-09 1.5132E-09 1.5202E-09 1.5264E-09 1.5324E-09 1.5378E-09 1.5424E-09 1.5466E-09 1.5503E-09 1.5533E-09 1.5558E-09 1.5576E-09 1.5587E-09 1.5592E-09 1.5591E-09 1.5583E-09 1.5568E-09 1.5546E-09 1.5518E-09 1.5483E-09 1.5441E-09 1.5390E-09 1.5334E-09 1.5269E-09 1.5198E-09 1.5122E-09 1.5037E-09 1.4949E-09 1.4851E-09 1.4747E-09 1.4639E-09 1.4522E-09 1.4402E-09 1.4275E-09 1.4143E-09 1.4004E-09 1.3859E-09 1.3712E-09
1.2647E-09 1.2786E-09 1.2922E-09 1.3057E-09 1.3193E-09 1.3323E-09 1.3451E-09 1.3575E-09 1.3697E-09 1.3816E-09 1.3932E-09 1.4044E-09 1.4153E-09 1.4258E-09 1.4359E-09 1.4455E-09 1.4545E-09 1.4633E-09 1.4717E-09 1.4796E-09 1.4870E-09 1.4939E-09 1.5003E-09 1.5062E-09 1.5115E-09 1.5162E-09 1.5204E-09 1.5240E-09 1.5270E-09 1.5294E-09 1.5311E-09 1.5323E-09 1.5328E-09 1.5326E-09 1.5318E-09 1.5303E-09 1.5282E-09 1.5252E-09 1.5217E-09 1.5174E-09 1.5126E-09 1.5069E-09 1.5008E-09 1.4937E-09 1.4861E-09 1.4780E-09 1.4690E-09 1.4597E-09 1.4495E-09 1.4389E-09 1.4275E-09 1.4158E-09 1.4032E-09 1.3901E-09 1.3767E-09 1.3625E-09 1.3478E-09
1.2435E-09 1.2571E-09 1.2705E-09 1.2837E-09 1.2967E-09 1.3095E-09 1.3220E-09 1.3342E-09 1.3462E-09 1.3578E-09 1.3692E-09 1.3802E-09 1.3908E-09 1.4011E-09 1.4110E-09 1.4205E-09 1.4296E-09 1.4382E-09 1.4464E-09 1.4542E-09 1.4614E-09 1.4682E-09 1.4745E-09 1.4802E-09 1.4854E-09 1.4901E-09 1.4941E-09 1.4977E-09 1.5006E-09 1.5029E-09 1.5046E-09 1.5057E-09 1.5062E-09 1.5060E-09 1.5050E-09 1.5036E-09 1.5012E-09 1.4985E-09 1.4948E-09 1.4908E-09 1.4859E-09 1.4805E-09 1.4743E-09 1.4676E-09 1.4601E-09 1.4519E-09 1.4434E-09 1.4343E-09 1.4243E-09 1.4139E-09 1.4027E-09 1.3910E-09 1.3789E-09 1.3660E-09 1.3529E-09 1.3389E-09 1.3243E-09
1.2223E-09 1.2356E-09 1.2488E-09 1.2617E-09 1.2745E-09 1.2870E-09 1.2992E-09 1.3112E-09 1.3230E-09 1.3344E-09 1.3455E-09 1.3562E-09 1.3667E-09 1.3767E-09 1.3864E-09 1.3957E-09 1.4046E-09 1.4131E-09 1.4212E-09 1.4287E-09 1.4358E-09 1.4425E-09 1.4486E-09 1.4542E-09 1.4593E-09 1.4638E-09 1.4678E-09 1.4713E-09 1.4741E-09 1.4764E-09 1.4781E-09 1.4789E-09 1.4793E-09 1.4789E-09 1.4781E-09 1.4765E-09 1.4744E-09 1.4715E-09 1.4682E-09 1.4639E-09 1.4594E-09 1.4539E-09 1.4480E-09 1.4412E-09 1.4341E-09 1.4263E-09 1.4177E-09 1.4088E-09 1.3990E-09 1.3886E-09 1.3779E-09 1.3663E-09 1.3545E-09 1.3418E-09 1.3287E-09 1.3151E-09 1.3007E-09
1.2012E-09 1.2142E-09 1.2271E-09 1.2398E-09 1.2523E-09 1.2645E-09 1.2765E-09 1.2883E-09 1.2997E-09 1.3109E-09 1.3218E-09 1.3323E-09 1.3425E-09 1.3524E-09 1.3619E-09 1.3710E-09 1.3797E-09 1.3880E-09 1.3959E-09 1.4033E-09 1.4102E-09 1.4167E-09 1.4227E-09 1.4282E-09 1.4332E-09 1.4376E-09 1.4415E-09 1.4449E-09 1.4474E-09 1.4496E-09 1.4510E-09 1.4520E-09 1.4522E-09 1.4521E-09 1.4510E-09 1.4496E-09 1.4474E-09 1.4447E-09 1.4412E-09 1.4373E-09 1.4325E-09 1.4274E-09 1.4217E-09 1.4153E-09 1.4081E-09 1.4005E-09 1.3920E-09 1.3830E-09 1.3736E-09 1.3634E-09 1.3529E-09 1.3416E-09 1.3297E-09 1.3174E-09 1.3043E-09 1.2911E-09 1.2773E-09
1.1800E-09 1.1928E-09 1.2055E-09 1.2179E-09 1.2301E-09 1.2421E-09 1.2538E-09 1.2653E-09 1.2765E-09 1.2875E-09 1.2981E-09 1.3084E-09 1.3184E-09 1.3281E-09 1.3374E-09 1.3463E-09 1.3548E-09 1.3629E-09 1.3706E-09 1.3778E-09 1.3846E-09 1.3910E-09 1.3968E-09 1.4022E-09 1.4068E-09 1.4111E-09 1.4147E-09 1.4180E-09 1.4204E-09 1.4226E-09 1.4239E-09 1.4249E-09 1.4251E-09 1.4249E-09 1.4239E-09 1.4225E-09 1.4205E-09 1.4177E-09 1.4145E-09 1.4107E-09 1.4063E-09 1.4010E-09 1.3953E-09 1.3888E-09 1.3820E-09 1.3743E-09 1.3663E-09 1.3574E-09 1.3480E-09 1.3382E-09 1.3277E-09 1.3166E-09 1.3048E-09 1.2929E-09 1.2803E-09 1.2674E-09 1.2538E-09
