Assets/Resources/2015_m01_d05_2200(utc+0800)_l00_csi_1hr_conc.grd
DSAA
         159         159
     -79.000      79.000
     -79.000      79.000
  0.0000E+00  0.2025E-05
[rows 0 to 24 of 159, columns 57 to 113 of 159]
2.7991E-10 3.6198E-10 4.6284E-10 5.8089E-10 7.2008E-10 8.7741E-10 1.0554E-09 1.2499E-09 1.4664E-09 1.6946E-09 1.9364E-09 2.1838E-09 2.4375E-09 2.6872E-09 2.9365E-09 3.1762E-09 3.4049E-09 3.6251E-09 3.8342E-09 4.0359E-09 4.2295E-09 4.4175E-09 4.6060E-09 4.7917E-09 4.9854E-09 5.1801E-09 5.3825E-09 5.5830E-09 5.7831E-09 5.9774E-09 6.1601E-09 6.4613E-09 6.7508E-09 7.0907E-09 7.4954E-09 7.9647E-09 8.4757E-09 8.9717E-09 9.3718E-09 9.5848E-09 9.5319E-09 9.1584E-09 8.4588E-09 7.4848E-09 6.3258E-09 5.0902E-09 3.8938E-09 2.8282E-09 1.9475E-09 1.2717E-09 7.8580E-10 4.5607E-10 2.4836E-10 1.2512E-10 5.4763E-11 2.0214E-11 4.7297E-12
2.8200E-10 3.6776E-10 4.7098E-10 5.9538E-10 7.3964E-10 9.0685E-10 1.0941E-09 1.3038E-09 1.5349E-09 1.7820E-09 2.0434E-09 2.3147E-09 2.5904E-09 2.8676E-09 3.1415E-09 3.4071E-09 3.6610E-09 3.9089E-09 4.1419E-09 4.3716E-09 4.5888E-09 4.8063E-09 5.0197E-09 5.2358E-09 5.4590E-09 5.6833E-09 5.9200E-09 6.1554E-09 6.3889E-09 6.6130E-09 6.8785E-09 7.2366E-09 7.6102E-09 8.0631E-09 8.6126E-09 9.2522E-09 9.9423E-09 1.0606E-08 1.1134E-08 1.1406E-08 1.1321E-08 1.0826E-08 9.9305E-09 8.7029E-09 7.2718E-09 5.7804E-09 4.3664E-09 3.1302E-09 2.1306E-09 1.3742E-09 8.4039E-10 4.8284E-10 2.6075E-10 1.2803E-10 5.5842E-11 1.9638E-11 3.7418E-12
2.7874E-10 3.6624E-10 4.7116E-10 5.9890E-10 7.4726E-10 9.2149E-10 1.1165E-09 1.3390E-09 1.5827E-09 1.8471E-09 2.1261E-09 2.4185E-09 2.7160E-09 3.0182E-09 3.3172E-09 3.6090E-09 3.8915E-09 4.1638E-09 4.4252E-09 4.6805E-09 4.9248E-09 5.1703E-09 5.4122E-09 5.6601E-09 5.9124E-09 6.1725E-09 6.4389E-09 6.7037E-09 6.9716E-09 7.2227E-09 7.5967E-09 8.0066E-09 8.4821E-09 9.0711E-09 9.7923E-09 1.0633E-08 1.1528E-08 1.2372E-08 1.3021E-08 1.3328E-08 1.3176E-08 1.2511E-08 1.1365E-08 9.8477E-09 8.1240E-09 6.3698E-09 4.7416E-09 3.3512E-09 2.2491E-09 1.4324E-09 8.6200E-10 4.9117E-10 2.6138E-10 1.2550E-10 5.3149E-11 1.6724E-11 6.5049E-13
2.7086E-10 3.5851E-10 4.6316E-10 5.9243E-10 7.4343E-10 9.2127E-10 1.1221E-09 1.3538E-09 1.6079E-09 1.8863E-09 2.1807E-09 2.4918E-09 2.8104E-09 3.1362E-09 3.4597E-09 3.7764E-09 4.0871E-09 4.3847E-09 4.6761E-09 4.9564E-09 5.2301E-09 5.5032E-09 5.7719E-09 6.0536E-09 6.3360E-09 6.6282E-09 6.9272E-09 7.2217E-09 7.5169E-09 7.8129E-09 8.2788E-09 8.7628E-09 9.3584E-09 1.0111E-08 1.1035E-08 1.2102E-08 1.3224E-08 1.4253E-08 1.5010E-08 1.5311E-08 1.5032E-08 1.4137E-08 1.2694E-08 1.0855E-08 8.8183E-09 6.8086E-09 4.9893E-09 3.4736E-09 2.2943E-09 1.4397E-09 8.5359E-10 4.7937E-10 2.4907E-10 1.1681E-10 4.6100E-11 1.1766E-11 0.0000E+00
2.5961E-10 3.4409E-10 4.4863E-10 5.7617E-10 7.2801E-10 9.0615E-10 1.1109E-09 1.3485E-09 1.6100E-09 1.8989E-09 2.2067E-09 2.5340E-09 2.8726E-09 3.2187E-09 3.5651E-09 3.9064E-09 4.2451E-09 4.5700E-09 4.8907E-09 5.1996E-09 5.5040E-09 5.8062E-09 6.1075E-09 6.4174E-09 6.7308E-09 7.0546E-09 7.3792E-09 7.7049E-09 8.0202E-09 8.4004E-09 8.9251E-09 9.5048E-09 1.0242E-08 1.1184E-08 1.2342E-08 1.3661E-08 1.5021E-08 1.6225E-08 1.7046E-08 1.7288E-08 1.6823E-08 1.5638E-08 1.3838E-08 1.1651E-08 9.3145E-09 7.0659E-09 5.0876E-09 3.4799E-09 2.2612E-09 1.3915E-09 8.1347E-10 4.4772E-10 2.2561E-10 1.0159E-10 3.6581E-11 6.9957E-12 0.0000E+00
2.4392E-10 3.2414E-10 4.2674E-10 5.5041E-10 7.0089E-10 8.7689E-10 1.0848E-09 1.3227E-09 1.5902E-09 1.8854E-09 2.2044E-09 2.5441E-09 2.9006E-09 3.2652E-09 3.6336E-09 4.0005E-09 4.3646E-09 4.7181E-09 5.0675E-09 5.4046E-09 5.7420E-09 6.0722E-09 6.4075E-09 6.7472E-09 7.0897E-09 7.4452E-09 7.7945E-09 8.1432E-09 8.4777E-09 8.9665E-09 9.5415E-09 1.0236E-08 1.1138E-08 1.2301E-08 1.3720E-08 1.5313E-08 1.6904E-08 1.8255E-08 1.9095E-08 1.9201E-08 1.8459E-08 1.6920E-08 1.4744E-08 1.2191E-08 9.5639E-09 7.1199E-09 5.0325E-09 3.3749E-09 2.1524E-09 1.2995E-09 7.4477E-10 3.9809E-10 1.9445E-10 8.2475E-11 2.6370E-11 0.0000E+00 0.0000E+00
2.2408E-10 2.9990E-10 3.9851E-10 5.1689E-10 6.6354E-10 8.3534E-10 1.0420E-09 1.2787E-09 1.5492E-09 1.8471E-09 2.1748E-09 2.5236E-09 2.8958E-09 3.2769E-09 3.6659E-09 4.0582E-09 4.4475E-09 4.8329E-09 5.2109E-09 5.5792E-09 5.9491E-09 6.3111E-09 6.6789E-09 7.0490E-09 7.4253E-09 7.8022E-09 8.1743E-09 8.5412E-09 8.9140E-09 9.4973E-09 1.0143E-08 1.0967E-08 1.2063E-08 1.3475E-08 1.5178E-08 1.7049E-08 1.8859E-08 2.0304E-08 2.1078E-08 2.0969E-08 1.9888E-08 1.7924E-08 1.5333E-08 1.2439E-08 9.5636E-09 6.9716E-09 4.8235E-09 3.1707E-09 1.9748E-09 1.1698E-09 6.5405E-10 3.3763E-10 1.5765E-10 6.1120E-11 9.4655E-12 0.0000E+00 0.0000E+00
2.0203E-10 2.7414E-10 3.6542E-10 4.7912E-10 6.1829E-10 7.8483E-10 9.8679E-10 1.2198E-09 1.4890E-09 1.7881E-09 2.1193E-09 2.4768E-09 2.8607E-09 3.2573E-09 3.6651E-09 4.0813E-09 4.4959E-09 4.9120E-09 5.3197E-09 5.7237E-09 6.1237E-09 6.5186E-09 6.9214E-09 7.3206E-09 7.7280E-09 8.1286E-09 8.5228E-09 8.9021E-09 9.3502E-09 9.9916E-09 1.0731E-08 1.1715E-08 1.3030E-08 1.4720E-08 1.6724E-08 1.8865E-08 2.0850E-08 2.2324E-08 2.2954E-08 2.2519E-08 2.1011E-08 1.8597E-08 1.5591E-08 1.2375E-08 9.3046E-09 6.6359E-09 4.4860E-09 2.8822E-09 1.7555E-09 1.0143E-09 5.4855E-10 2.7230E-10 1.1932E-10 2.6143E-11 0.0000E+00 0.0000E+00 0.0000E+00
1.7852E-10 2.4532E-10 3.2906E-10 4.3639E-10 5.6638E-10 7.2668E-10 9.2151E-10 1.1484E-09 1.4126E-09 1.7109E-09 2.0427E-09 2.4072E-09 2.7998E-09 3.2093E-09 3.6346E-09 4.0743E-09 4.5140E-09 4.9612E-09 5.3999E-09 5.8400E-09 6.2740E-09 6.7074E-09 7.1415E-09 7.5711E-09 8.0074E-09 8.4296E-09 8.8419E-09 9.2325E-09 9.7841E-09 1.0473E-08 1.1330E-08 1.2498E-08 1.4063E-08 1.6050E-08 1.8359E-08 2.0746E-08 2.2851E-08 2.4254E-08 2.4627E-08 2.3793E-08 2.1793E-08 1.8891E-08 1.5492E-08 1.2018E-08 8.8219E-09 6.1378E-09 4.0527E-09 2.5343E-09 1.5070E-09 8.4479E-10 4.4001E-10 2.0550E-10 7.7205E-11 9.2853E-13 0.0000E+00 0.0000E+00 0.0000E+00
1.5458E-10 2.1513E-10 2.9100E-10 3.9022E-10 5.1042E-10 6.6349E-10 8.4830E-10 1.0681E-09 1.3239E-09 1.6195E-09 1.9488E-09 2.3176E-09 2.7157E-09 3.1374E-09 3.5825E-09 4.0412E-09 4.5091E-09 4.9832E-09 5.4541E-09 5.9299E-09 6.3993E-09 6.8721E-09 7.3401E-09 7.8059E-09 8.2661E-09 8.7078E-09 9.1357E-09 9.5469E-09 1.0202E-08 1.0955E-08 1.1955E-08 1.3332E-08 1.5180E-08 1.7482E-08 2.0086E-08 2.2673E-08 2.4810E-08 2.6052E-08 2.6059E-08 2.4719E-08 2.2182E-08 1.8810E-08 1.5057E-08 1.1387E-08 8.1530E-09 5.5239E-09 3.5501E-09 2.1634E-09 1.2495E-09 6.7192E-10 3.3393E-10 1.3927E-10 1.6752E-11 0.0000E+00 0.0000E+00 0.0000E+00 0.0000E+00
1.3184E-10 1.8514E-10 2.5438E-10 3.4313E-10 4.5447E-10 5.9732E-10 7.7063E-10 9.8091E-10 1.2272E-09 1.5177E-09 1.8412E-09 2.2120E-09 2.6148E-09 3.0452E-09 3.5064E-09 3.9842E-09 4.4798E-09 4.9814E-09 5.4882E-09 5.9990E-09 6.5050E-09 7.0182E-09 7.5224E-09 8.0227E-09 8.5084E-09 8.9723E-09 9.4093E-09 9.8780E-09 1.0602E-08 1.1454E-08 1.2624E-08 1.4249E-08 1.6401E-08 1.9026E-08 2.1900E-08 2.4626E-08 2.6696E-08 2.7643E-08 2.7181E-08 2.5280E-08 2.2184E-08 1.8349E-08 1.4322E-08 1.0550E-08 7.3454E-09 4.8426E-09 3.0202E-09 1.7884E-09 9.9652E-10 5.0992E-10 2.3264E-10 5.7328E-11 0.0000E+00 0.0000E+00 0.0000E+00 0.0000E+00 0.0000E+00
1.1015E-10 1.5639E-10 2.1803E-10 2.9683E-10 3.9857E-10 5.3089E-10 6.9231E-10 8.9083E-10 1.1283E-09 1.4080E-09 1.7280E-09 2.0949E-09 2.4993E-09 2.9361E-09 3.4109E-09 3.9062E-09 4.4278E-09 4.9593E-09 5.5027E-09 6.0492E-09 6.5988E-09 7.1492E-09 7.6893E-09 8.2256E-09 8.7368E-09 9.2205E-09 9.6666E-09 1.0239E-08 1.1009E-08 1.1989E-08 1.3359E-08 1.5263E-08 1.7743E-08 2.0692E-08 2.3797E-08 2.6568E-08 2.8460E-08 2.9009E-08 2.7972E-08 2.5433E-08 2.1793E-08 1.7572E-08 1.3340E-08 9.5553E-09 6.4596E-09 4.1294E-09 2.4999E-09 1.4307E-09 7.5865E-10 3.6202E-10 1.2279E-10 5.1586E-12 0.0000E+00 0.0000E+00 0.0000E+00 0.0000E+00 0.0000E+00
8.9931E-11 1.2950E-10 1.8357E-10 2.5263E-10 3.4591E-10 4.6476E-10 6.1643E-10 8.0081E-10 1.0269E-09 1.2948E-09 1.6089E-09 1.9695E-09 2.3724E-09 2.8163E-09 3.3001E-09 3.8149E-09 4.3582E-09 4.9166E-09 5.4989E-09 6.0833E-09 6.6757E-09 7.2671E-09 7.8477E-09 8.4167E-09 8.9498E-09 9.4529E-09 9.9138E-09 1.0606E-08 1.1440E-08 1.2576E-08 1.4184E-08 1.6400E-08 1.9229E-08 2.2478E-08 2.5752E-08 2.8479E-08 3.0061E-08 3.0072E-08 2.8396E-08 2.5229E-08 2.1052E-08 1.6518E-08 1.2192E-08 8.4703E-09 5.5535E-09 3.4358E-09 2.0094E-09 1.0977E-09 5.4863E-10 2.2220E-10 3.1203E-11 0.0000E+00 0.0000E+00 0.0000E+00 0.0000E+00 0.0000E+00 0.0000E+00
7.1624E-11 1.0534E-10 1.5151E-10 2.1211E-10 2.9498E-10 4.0153E-10 5.4238E-10 7.1118E-10 9.2606E-10 1.1814E-09 1.4856E-09 1.8387E-09 2.2367E-09 2.6847E-09 3.1745E-09 3.7068E-09 4.2709E-09 4.8613E-09 5.4759E-09 6.1014E-09 6.7398E-09 7.3714E-09 7.9952E-09 8.5939E-09 9.1549E-09 9.6699E-09 1.0182E-08 1.0969E-08 1.1903E-08 1.3229E-08 1.5116E-08 1.7680E-08 2.0863E-08 2.4391E-08 2.7743E-08 3.0293E-08 3.1452E-08 3.0843E-08 2.8442E-08 2.4640E-08 2.0025E-08 1.5266E-08 1.0933E-08 7.3618E-09 4.6663E-09 2.7878E-09 1.5647E-09 8.1006E-10 3.6436E-10 9.1718E-11 6.8960E-13 0.0000E+00 0.0000E+00 0.0000E+00 0.0000E+00 0.0000E+00 0.0000E+00
5.5586E-11 8.3708E-11 1.2265E-10 1.7500E-10 2.4751E-10 3.4260E-10 4.7089E-10 6.2604E-10 8.2731E-10 1.0690E-09 1.3617E-09 1.7039E-09 2.0944E-09 2.5430E-09 3.0374E-09 3.5839E-09 4.1674E-09 4.7896E-09 5.4392E-09 6.1047E-09 6.7889E-09 7.4631E-09 8.1289E-09 8.7591E-09 9.3471E-09 9.8760E-09 1.0490E-08 1.1341E-08 1.2418E-08 1.3978E-08 1.6190E-08 1.9123E-08 2.2655E-08 2.6391E-08 2.9737E-08 3.1991E-08 3.2572E-08 3.1247E-08 2.8140E-08 2.3739E-08 1.8757E-08 1.3892E-08 9.6426E-09 6.2829E-09 3.8450E-09 2.2102E-09 1.1782E-09 5.6853E-10 1.8493E-10 1.7478E-11 0.0000E+00 0.0000E+00 0.0000E+00 0.0000E+00 0.0000E+00 0.0000E+00 0.0000E+00
4.1659E-11 6.4862E-11 9.7239E-11 1.4160E-10 2.0474E-10 2.9106E-10 4.0382E-10 5.4676E-10 7.3174E-10 9.5891E-10 1.2378E-09 1.5674E-09 1.9498E-09 2.3940E-09 2.8913E-09 3.4491E-09 4.0500E-09 4.7012E-09 5.3852E-09 6.0973E-09 6.8207E-09 7.5405E-09 8.2463E-09 8.9084E-09 9.5220E-09 1.0071E-08 1.0822E-08 1.1745E-08 1.3005E-08 1.4839E-08 1.7416E-08 2.0745E-08 2.4603E-08 2.8481E-08 3.1672E-08 3.3487E-08 3.3409E-08 3.1298E-08 2.7470E-08 2.2563E-08 1.7332E-08 1.2457E-08 8.3785E-09 5.2753E-09 3.1108E-09 1.7107E-09 8.5763E-10 3.4453E-10 6.2769E-11 0.0000E+00 0.0000E+00 0.0000E+00 0.0000E+00 0.0000E+00 0.0000E+00 0.0000E+00 0.0000E+00
3.0011E-11 4.8657E-11 7.4946E-11 1.1211E-10 1.6633E-10 2.4291E-10 3.4187E-10 4.7310E-10 6.4021E-10 8.5362E-10 1.1155E-09 1.4294E-09 1.8040E-09 2.2394E-09 2.7390E-09 3.3018E-09 3.9196E-09 4.5970E-09 5.3125E-09 6.0675E-09 6.8334E-09 7.6000E-09 8.3450E-09 9.0406E-09 9.6791E-09 1.0270E-08 1.1155E-08 1.2196E-08 1.3685E-08 1.5844E-08 1.8825E-08 2.2554E-08 2.6685E-08 3.0596E-08 3.3519E-08 3.4743E-08 3.3879E-08 3.0977E-08 2.6496E-08 2.1178E-08 1.5816E-08 1.1033E-08 7.1887E-09 4.3731E-09 2.4794E-09 1.2923E-09 5.9184E-10 1.6972E-10 7.0037E-12 0.0000E+00 0.0000E+00 0.0000E+00 0.0000E+00 0.0000E+00 0.0000E+00 0.0000E+00 0.0000E+00
2.0483E-11 3.4964E-11 5.6250E-11 8.6335E-11 1.3276E-10 1.9945E-10 2.8606E-10 4.0358E-10 5.5456E-10 7.5207E-10 9.9651E-10 1.2914E-09 1.6541E-09 2.0789E-09 2.5776E-09 3.1425E-09 3.7770E-09 4.4746E-09 5.2207E-09 6.0151E-09 6.8240E-09 7.6364E-09 8.4194E-09 9.1520E-09 9.8143E-09 1.0510E-08 1.1495E-08 1.2712E-08 1.4472E-08 1.7019E-08 2.0435E-08 2.4550E-08 2.8892E-08 3.2704E-08 3.5179E-08 3.5692E-08 3.3996E-08 3.0301E-08 2.5240E-08 1.9645E-08 1.4270E-08 9.6707E-09 6.1055E-09 3.5867E-09 1.9443E-09 9.5152E-10 3.5839E-10 6.1264E-11 5.3228E-13 0.0000E+00 0.0000E+00 0.0000E+00 0.0000E+00 0.0000E+00 0.0000E+00 0.0000E+00 0.0000E+00
1.3010E-11 2.4264E-11 4.0821E-11 6.5073E-11 1.0400E-10 1.6109E-10 2.3743E-10 3.3996E-10 4.7760E-10 6.5560E-10 8.8032E-10 1.1579E-09 1.5039E-09 1.9150E-09 2.4075E-09 2.9713E-09 3.6177E-09 4.3324E-09 5.1111E-09 5.9372E-09 6.7847E-09 7.6427E-09 8.4644E-09 9.2334E-09 9.9233E-09 1.0782E-08 1.1860E-08 1.3303E-08 1.5409E-08 1.8383E-08 2.2261E-08 2.6726E-08 3.1158E-08 3.4725E-08 3.6613E-08 3.6282E-08 3.3691E-08 2.9278E-08 2.3778E-08 1.8033E-08 1.2761E-08 8.4145E-09 5.1558E-09 2.9237E-09 1.5106E-09 6.6814E-10 1.9257E-10 2.4078E-11 0.0000E+00 0.0000E+00 0.0000E+00 0.0000E+00 0.0000E+00 0.0000E+00 0.0000E+00 0.0000E+00 0.0000E+00
7.6222E-12 1.5910E-11 2.8709E-11 4.7728E-11 8.0431E-11 1.2804E-10 1.9344E-10 2.8261E-10 4.0477E-10 5.6454E-10 7.6919E-10 1.0299E-09 1.3559E-09 1.7529E-09 2.2314E-09 2.7901E-09 3.4425E-09 4.1677E-09 4.9717E-09 5.8289E-09 6.7193E-09 7.6144E-09 8.4734E-09 9.2806E-09 1.0017E-08 1.1055E-08 1.2281E-08 1.4000E-08 1.6505E-08 1.9968E-08 2.4300E-08 2.9055E-08 3.3460E-08 3.6587E-08 3.7700E-08 3.6466E-08 3.3020E-08 2.7961E-08 2.2156E-08 1.6404E-08 1.1333E-08 7.2842E-09 4.3406E-09 2.3709E-09 1.1612E-09 4.3495E-10 1.0283E-10 1.7292E-11 0.0000E+00 0.0000E+00 0.0000E+00 0.0000E+00 0.0000E+00 0.0000E+00 0.0000E+00 0.0000E+00 0.0000E+00
3.6730E-12 9.5025E-12 1.9214E-11 3.3737E-11 6.0718E-11 1.0032E-10 1.5445E-10 2.3138E-10 3.3761E-10 4.8008E-10 6.6353E-10 9.0578E-10 1.2067E-09 1.5879E-09 2.0492E-09 2.5995E-09 3.2467E-09 3.9788E-09 4.8032E-09 5.6859E-09 6.6122E-09 7.5441E-09 8.4458E-09 9.2859E-09 1.0132E-08 1.1317E-08 1.2759E-08 1.4831E-08 1.7805E-08 2.1790E-08 2.6564E-08 3.1492E-08 3.5681E-08 3.8214E-08 3.8430E-08 3.6194E-08 3.1947E-08 2.6414E-08 2.0461E-08 1.4830E-08 1.0040E-08 6.3145E-09 3.6674E-09 1.9327E-09 8.6095E-10 2.8063E-10 7.4570E-11 1.3530E-11 0.0000E+00 0.0000E+00 0.0000E+00 0.0000E+00 0.0000E+00 0.0000E+00 0.0000E+00 0.0000E+00 0.0000E+00
1.1645E-12 4.9314E-12 1.1652E-11 2.2720E-11 4.4283E-11 7.6409E-11 1.2090E-10 1.8562E-10 2.7747E-10 4.0166E-10 5.6346E-10 7.8371E-10 1.0601E-09 1.4202E-09 1.8592E-09 2.3956E-09 3.0318E-09 3.7680E-09 4.5998E-09 5.4999E-09 6.4586E-09 7.4239E-09 8.3679E-09 9.2467E-09 1.0276E-08 1.1603E-08 1.3328E-08 1.5823E-08 1.9337E-08 2.3861E-08 2.9011E-08 3.3992E-08 3.7775E-08 3.9474E-08 3.8687E-08 3.5512E-08 3.0558E-08 2.4694E-08 1.8751E-08 1.3355E-08 8.8871E-09 5.4923E-09 3.1138E-09 1.5770E-09 6.3763E-10 2.0216E-10 6.3727E-11 9.7141E-12 0.0000E+00 0.0000E+00 0.0000E+00 0.0000E+00 0.0000E+00 0.0000E+00 0.0000E+00 0.0000E+00 0.0000E+00
2.1507E-13 1.9175E-12 6.4851E-12 1.4242E-11 3.0673E-11 5.6087E-11 9.2158E-11 1.4554E-10 2.2323E-10 3.2993E-10 4.7375E-10 6.6669E-10 9.2059E-10 1.2510E-09 1.6616E-09 2.1798E-09 2.7976E-09 3.5274E-09 4.3589E-09 5.2751E-09 6.2536E-09 7.2482E-09 8.2315E-09 9.1609E-09 1.0418E-08 1.1924E-08 1.4009E-08 1.7013E-08 2.1115E-08 2.6185E-08 3.1618E-08 3.6439E-08 3.9615E-08 4.0362E-08 3.8465E-08 3.4373E-08 2.8894E-08 2.2897E-08 1.7111E-08 1.2040E-08 7.9215E-09 4.8261E-09 2.6814E-09 1.2735E-09 4.9982E-10 1.8412E-10 5.5157E-11 5.8427E-12 0.0000E+00 0.0000E+00 0.0000E+00 0.0000E+00 0.0000E+00 0.0000E+00 0.0000E+00 0.0000E+00 0.0000E+00
0.0000E+00 5.1598E-13 2.6643E-12 8.2765E-12 1.9543E-11 3.9390E-11 6.7735E-11 1.1050E-10 1.7497E-10 2.6442E-10 3.8865E-10 5.5591E-10 7.8488E-10 1.0829E-09 1.4640E-09 1.9526E-09 2.5439E-09 3.2585E-09 4.0799E-09 5.0027E-09 5.9928E-09 7.0117E-09 8.0295E-09 9.0650E-09 1.0529E-08 1.2315E-08 1.4842E-08 1.8431E-08 2.3176E-08 2.8739E-08 3.4316E-08 3.8796E-08 4.1097E-08 4.0711E-08 3.7743E-08 3.2884E-08 2.7044E-08 2.1083E-08 1.5589E-08 1.0882E-08 7.1158E-09 4.2906E-09 2.3195E-09 1.0627E-09 4.3506E-10 1.6603E-10 4.6233E-11 2.5599E-12 0.0000E+00 0.0000E+00 0.0000E+00 0.0000E+00 0.0000E+00 0.0000E+00 0.0000E+00 0.0000E+00 0.0000E+00
0.0000E+00 0.0000E+00 8.6241E-13 3.6711E-12 1.1674E-11 2.5472E-11 4.7943E-11 8.0706E-11 1.3406E-10 2.0551E-10 3.1035E-10 4.5281E-10 6.5402E-10 9.1760E-10 1.2699E-09 1.7178E-09 2.2769E-09 2.9639E-09 3.7626E-09 4.6781E-09 5.6699E-09 6.7133E-09 7.7617E-09 8.9884E-09 1.0651E-08 1.2793E-08 1.5856E-08 2.0119E-08 2.5520E-08 3.1510E-08 3.7021E-08 4.0879E-08 4.2147E-08 4.0555E-08 3.6541E-08 3.1064E-08 2.5099E-08 1.9351E-08 1.4246E-08 9.9348E-09 6.4813E-09 3.8836E-09 2.0371E-09 9.4568E-10 4.0876E-10 1.4947E-10 3.7787E-11 4.2552E-13 0.0000E+00 0.0000E+00 0.0000E+00 0.0000E+00 0.0000E+00 0.0000E+00 0.0000E+00 0.0000E+00 0.0000E+00
