Assets/Resources/2015_m01_d30_0200(utc+0800)_l00_csi_1hr_conc.grd
DSAA
         159         159
     -79.000      79.000
     -79.000      79.000
  0.0000E+00  0.4566E-05
[rows 50 to 74 of 159, columns 57 to 113 of 159]
0.0000E+00 0.0000E+00 0.0000E+00 0.0000E+00 0.0000E+00 0.0000E+00 0.0000E+00 0.0000E+00 0.0000E+00 0.0000E+00 0.0000E+00 0.0000E+00 0.0000E+00 0.0000E+00 0.0000E+00 0.0000E+00 0.0000E+00 0.0000E+00 0.0000E+00 0.0000E+00 0.0000E+00 0.0000E+00 0.0000E+00 0.0000E+00 0.0000E+00 0.0000E+00 0.0000E+00 0.0000E+00 0.0000E+00 1.4088E-11 4.6817E-11 9.5072E-11 1.9835E-10 3.1772E-10 4.7935E-10 6.6124E-10 8.9578E-10 1.2102E-09 1.5725E-09 2.0186E-09 2.5983E-09 3.3043E-09 4.1790E-09 5.2018E-09 6.3284E-09 7.5816E-09 9.0080E-09 1.0562E-08 1.2232E-08 1.4056E-08 1.6027E-08 1.8134E-08 2.0365E-08 2.2685E-08 2.5059E-08 2.7430E-08 2.9756E-08
0.0000E+00 0.0000E+00 0.0000E+00 0.0000E+00 0.0000E+00 0.0000E+00 0.0000E+00 0.0000E+00 0.0000E+00 0.0000E+00 0.0000E+00 0.0000E+00 0.0000E+00 0.0000E+00 0.0000E+00 0.0000E+00 0.0000E+00 0.0000E+00 0.0000E+00 0.0000E+00 0.0000E+00 0.0000E+00 0.0000E+00 0.0000E+00 0.0000E+00 0.0000E+00 0.0000E+00 0.0000E+00 2.7792E-11 7.9471E-11 1.5674E-10 2.7498E-10 4.3402E-10 6.1397E-10 8.4997E-10 1.1306E-09 1.4744E-09 1.8850E-09 2.3615E-09 2.9215E-09 3.6076E-09 4.4342E-09 5.4251E-09 6.5389E-09 7.8207E-09 9.2057E-09 1.0732E-08 1.2446E-08 1.4246E-08 1.6186E-08 1.8258E-08 2.0462E-08 2.2763E-08 2.5147E-08 2.7562E-08 2.9977E-08 3.2322E-08
0.0000E+00 0.0000E+00 0.0000E+00 0.0000E+00 0.0000E+00 0.0000E+00 0.0000E+00 0.0000E+00 0.0000E+00 0.0000E+00 0.0000E+00 0.0000E+00 0.0000E+00 0.0000E+00 0.0000E+00 0.0000E+00 0.0000E+00 0.0000E+00 0.0000E+00 0.0000E+00 0.0000E+00 0.0000E+00 0.0000E+00 0.0000E+00 0.0000E+00 0.0000E+00 0.0000E+00 6.2608E-12 1.0687E-10 2.1802E-10 3.6347E-10 6.1467E-10 8.9187E-10 1.2330E-09 1.5930E-09 2.0384E-09 2.5333E-09 3.0628E-09 3.6387E-09 4.2712E-09 5.0517E-09 5.9924E-09 7.1089E-09 8.3219E-09 9.6969E-09 1.1216E-08 1.2853E-08 1.4614E-08 1.6582E-08 1.8600E-08 2.0742E-08 2.3000E-08 2.5354E-08 2.7751E-08 3.0172E-08 3.2552E-08 3.4867E-08
0.0000E+00 0.0000E+00 0.0000E+00 0.0000E+00 0.0000E+00 0.0000E+00 0.0000E+00 0.0000E+00 0.0000E+00 0.0000E+00 0.0000E+00 0.0000E+00 0.0000E+00 0.0000E+00 0.0000E+00 0.0000E+00 0.0000E+00 0.0000E+00 0.0000E+00 0.0000E+00 0.0000E+00 0.0000E+00 0.0000E+00 0.0000E+00 0.0000E+00 0.0000E+00 2.8845E-12 3.8967E-11 2.0947E-10 4.8484E-10 8.4082E-10 1.2575E-09 1.7566E-09 2.3039E-09 2.8922E-09 3.5366E-09 4.2086E-09 4.8775E-09 5.5481E-09 6.2574E-09 7.1011E-09 8.1322E-09 9.3382E-09 1.0653E-08 1.2093E-08 1.3700E-08 1.5407E-08 1.7252E-08 1.9234E-08 2.1334E-08 2.3482E-08 2.5751E-08 2.8083E-08 3.0466E-08 3.2832E-08 3.5148E-08 3.7356E-08
0.0000E+00 0.0000E+00 0.0000E+00 0.0000E+00 0.0000E+00 0.0000E+00 0.0000E+00 0.0000E+00 0.0000E+00 0.0000E+00 0.0000E+00 0.0000E+00 0.0000E+00 0.0000E+00 0.0000E+00 0.0000E+00 0.0000E+00 0.0000E+00 0.0000E+00 0.0000E+00 0.0000E+00 0.0000E+00 0.0000E+00 0.0000E+00 0.0000E+00 0.0000E+00 3.2646E-11 8.7204E-11 4.2961E-10 9.2761E-10 1.6078E-09 2.3286E-09 3.1933E-09 4.0808E-09 5.0332E-09 5.9953E-09 6.9077E-09 7.7333E-09 8.4677E-09 9.2109E-09 1.0058E-08 1.1107E-08 1.2308E-08 1.3646E-08 1.5123E-08 1.6706E-08 1.8461E-08 2.0314E-08 2.2290E-08 2.4336E-08 2.6506E-08 2.8708E-08 3.0964E-08 3.3237E-08 3.5491E-08 3.7683E-08 3.9751E-08
0.0000E+00 0.0000E+00 0.0000E+00 0.0000E+00 0.0000E+00 0.0000E+00 0.0000E+00 0.0000E+00 0.0000E+00 0.0000E+00 0.0000E+00 0.0000E+00 0.0000E+00 0.0000E+00 0.0000E+00 0.0000E+00 0.0000E+00 0.0000E+00 0.0000E+00 0.0000E+00 0.0000E+00 0.0000E+00 0.0000E+00 0.0000E+00 0.0000E+00 2.1518E-11 7.0620E-11 2.2292E-10 7.0505E-10 1.7077E-09 2.8446E-09 4.1841E-09 5.6100E-09 7.1168E-09 8.6457E-09 1.0033E-08 1.1172E-08 1.2056E-08 1.2763E-08 1.3421E-08 1.4163E-08 1.5117E-08 1.6237E-08 1.7473E-08 1.8878E-08 2.0395E-08 2.2061E-08 2.3871E-08 2.5740E-08 2.7695E-08 2.9768E-08 3.1837E-08 3.3950E-08 3.6047E-08 3.8109E-08 4.0091E-08 4.1962E-08
0.0000E+00 0.0000E+00 0.0000E+00 0.0000E+00 0.0000E+00 0.0000E+00 0.0000E+00 0.0000E+00 0.0000E+00 0.0000E+00 0.0000E+00 0.0000E+00 0.0000E+00 0.0000E+00 0.0000E+00 0.0000E+00 0.0000E+00 0.0000E+00 0.0000E+00 0.0000E+00 0.0000E+00 0.0000E+00 0.0000E+00 0.0000E+00 0.0000E+00 3.9314E-11 1.5733E-10 4.4697E-10 1.0831E-09 2.8127E-09 4.8615E-09 7.1539E-09 9.5367E-09 1.1993E-08 1.4230E-08 1.6110E-08 1.7412E-08 1.8227E-08 1.8789E-08 1.9199E-08 1.9675E-08 2.0355E-08 2.1244E-08 2.2281E-08 2.3451E-08 2.4781E-08 2.6278E-08 2.7918E-08 2.9620E-08 3.1370E-08 3.3215E-08 3.5096E-08 3.6990E-08 3.8849E-08 4.0649E-08 4.2344E-08 4.3916E-08
0.0000E+00 0.0000E+00 0.0000E+00 0.0000E+00 0.0000E+00 0.0000E+00 0.0000E+00 0.0000E+00 0.0000E+00 0.0000E+00 0.0000E+00 0.0000E+00 0.0000E+00 0.0000E+00 0.0000E+00 0.0000E+00 0.0000E+00 0.0000E+00 0.0000E+00 0.0000E+00 0.0000E+00 0.0000E+00 0.0000E+00 0.0000E+00 2.5316E-11 9.5037E-11 3.3420E-10 7.6246E-10 1.7369E-09 4.5120E-09 8.0595E-09 1.1912E-08 1.5771E-08 1.9483E-08 2.2645E-08 2.4918E-08 2.6238E-08 2.6851E-08 2.6991E-08 2.6898E-08 2.6895E-08 2.7074E-08 2.7505E-08 2.8159E-08 2.8927E-08 2.9935E-08 3.1103E-08 3.2443E-08 3.3856E-08 3.5305E-08 3.6838E-08 3.8427E-08 4.0008E-08 4.1545E-08 4.3007E-08 4.4383E-08 4.5607E-08
0.0000E+00 0.0000E+00 0.0000E+00 0.0000E+00 0.0000E+00 0.0000E+00 0.0000E+00 0.0000E+00 0.0000E+00 0.0000E+00 0.0000E+00 0.0000E+00 0.0000E+00 0.0000E+00 0.0000E+00 0.0000E+00 0.0000E+00 0.0000E+00 0.0000E+00 0.0000E+00 0.0000E+00 0.0000E+00 0.0000E+00 0.0000E+00 3.5362E-11 1.5669E-10 5.1288E-10 1.2383E-09 2.8808E-09 7.0152E-09 1.2972E-08 1.9294E-08 2.5299E-08 3.0509E-08 3.4708E-08 3.7262E-08 3.8313E-08 3.8290E-08 3.7680E-08 3.6688E-08 3.5904E-08 3.5362E-08 3.5103E-08 3.5097E-08 3.5326E-08 3.5812E-08 3.6535E-08 3.7395E-08 3.8391E-08 3.9426E-08 4.0558E-08 4.1700E-08 4.2904E-08 4.4059E-08 4.5112E-08 4.6101E-08 4.6952E-08
0.0000E+00 0.0000E+00 0.0000E+00 0.0000E+00 0.0000E+00 0.0000E+00 0.0000E+00 0.0000E+00 0.0000E+00 0.0000E+00 0.0000E+00 0.0000E+00 0.0000E+00 0.0000E+00 0.0000E+00 0.0000E+00 0.0000E+00 0.0000E+00 0.0000E+00 0.0000E+00 0.0000E+00 0.0000E+00 0.0000E+00 0.0000E+00 4.3499E-11 3.1331E-10 7.7578E-10 1.9201E-09 4.4233E-09 1.0967E-08 2.0598E-08 3.0805E-08 3.9576E-08 4.6569E-08 5.1226E-08 5.3617E-08 5.3876E-08 5.2795E-08 5.0877E-08 4.8644E-08 4.6749E-08 4.5205E-08 4.4037E-08 4.3135E-08 4.2564E-08 4.2347E-08 4.2451E-08 4.2706E-08 4.3134E-08 4.3626E-08 4.4242E-08 4.4858E-08 4.5591E-08 4.6271E-08 4.6881E-08 4.7405E-08 4.7849E-08
0.0000E+00 0.0000E+00 0.0000E+00 0.0000E+00 0.0000E+00 0.0000E+00 0.0000E+00 0.0000E+00 0.0000E+00 0.0000E+00 0.0000E+00 0.0000E+00 0.0000E+00 0.0000E+00 0.0000E+00 0.0000E+00 0.0000E+00 0.0000E+00 0.0000E+00 0.0000E+00 0.0000E+00 0.0000E+00 0.0000E+00 0.0000E+00 7.5394E-11 3.9015E-10 1.1020E-09 2.7256E-09 6.8596E-09 1.6886E-08 3.2639E-08 4.8808E-08 6.1073E-08 6.8922E-08 7.3273E-08 7.4332E-08 7.3090E-08 7.0317E-08 6.6432E-08 6.2615E-08 5.9322E-08 5.6455E-08 5.4074E-08 5.2066E-08 5.0521E-08 4.9357E-08 4.8694E-08 4.8190E-08 4.7920E-08 4.7758E-08 4.7726E-08 4.7782E-08 4.7944E-08 4.8078E-08 4.8210E-08 4.8223E-08 4.8231E-08
0.0000E+00 0.0000E+00 0.0000E+00 0.0000E+00 0.0000E+00 0.0000E+00 0.0000E+00 0.0000E+00 0.0000E+00 0.0000E+00 0.0000E+00 0.0000E+00 0.0000E+00 0.0000E+00 0.0000E+00 0.0000E+00 0.0000E+00 0.0000E+00 0.0000E+00 0.0000E+00 0.0000E+00 0.0000E+00 0.0000E+00 1.9908E-11 1.1760E-10 4.6573E-10 1.4733E-09 3.8584E-09 1.0650E-08 2.6622E-08 5.2122E-08 7.6647E-08 9.2354E-08 9.9834E-08 1.0147E-07 9.9484E-08 9.5438E-08 9.0134E-08 8.3709E-08 7.7968E-08 7.3001E-08 6.8608E-08 6.4833E-08 6.1531E-08 5.8775E-08 5.6583E-08 5.4955E-08 5.3618E-08 5.2537E-08 5.1638E-08 5.0905E-08 5.0273E-08 4.9791E-08 4.9367E-08 4.8980E-08 4.8534E-08 4.8051E-08
0.0000E+00 0.0000E+00 0.0000E+00 0.0000E+00 0.0000E+00 0.0000E+00 0.0000E+00 0.0000E+00 0.0000E+00 0.0000E+00 0.0000E+00 0.0000E+00 0.0000E+00 0.0000E+00 0.0000E+00 0.0000E+00 0.0000E+00 0.0000E+00 0.0000E+00 0.0000E+00 0.0000E+00 0.0000E+00 0.0000E+00 2.1660E-11 1.4529E-10 5.0681E-10 1.7810E-09 5.2716E-09 1.6945E-08 4.3327E-08 8.4008E-08 1.1968E-07 1.3728E-07 1.4008E-07 1.3557E-07 1.2809E-07 1.1958E-07 1.1076E-07 1.0164E-07 9.3780E-08 8.7071E-08 8.1079E-08 7.5767E-08 7.1013E-08 6.6901E-08 6.3653E-08 6.0944E-08 5.8657E-08 5.6737E-08 5.5007E-08 5.3554E-08 5.2180E-08 5.1080E-08 5.0058E-08 4.9143E-08 4.8224E-08 4.7302E-08
0.0000E+00 0.0000E+00 0.0000E+00 0.0000E+00 0.0000E+00 0.0000E+00 0.0000E+00 0.0000E+00 0.0000E+00 0.0000E+00 0.0000E+00 0.0000E+00 0.0000E+00 0.0000E+00 0.0000E+00 0.0000E+00 0.0000E+00 0.0000E+00 0.0000E+00 0.0000E+00 0.0000E+00 0.0000E+00 0.0000E+00 1.7470E-11 1.4633E-10 5.6894E-10 2.0400E-09 7.5515E-09 2.9073E-08 7.5017E-08 1.3659E-07 1.8395E-07 1.9714E-07 1.8872E-07 1.7298E-07 1.5688E-07 1.4340E-07 1.3015E-07 1.1853E-07 1.0880E-07 1.0047E-07 9.3034E-08 8.6107E-08 7.9851E-08 7.4398E-08 7.0060E-08 6.6277E-08 6.2967E-08 6.0211E-08 5.7639E-08 5.5455E-08 5.3393E-08 5.1660E-08 5.0053E-08 4.8631E-08 4.7284E-08 4.5951E-08
0.0000E+00 0.0000E+00 0.0000E+00 0.0000E+00 0.0000E+00 0.0000E+00 0.0000E+00 0.0000E+00 0.0000E+00 0.0000E+00 0.0000E+00 0.0000E+00 0.0000E+00 0.0000E+00 0.0000E+00 0.0000E+00 0.0000E+00 0.0000E+00 0.0000E+00 0.0000E+00 0.0000E+00 0.0000E+00 0.0000E+00 1.0873E-11 1.2612E-10 5.4291E-10 2.2259E-09 1.1942E-08 5.5974E-08 1.3613E-07 2.2131E-07 2.7111E-07 2.6846E-07 2.3862E-07 2.0681E-07 1.8177E-07 1.6237E-07 1.4578E-07 1.3234E-07 1.2136E-07 1.1188E-07 1.0327E-07 9.4962E-08 8.7284E-08 8.0711E-08 7.5306E-08 7.0514E-08 6.6249E-08 6.2650E-08 5.9324E-08 5.6431E-08 5.3745E-08 5.1399E-08 4.9309E-08 4.7371E-08 4.5672E-08 4.4027E-08
0.0000E+00 0.0000E+00 0.0000E+00 0.0000E+00 0.0000E+00 0.0000E+00 0.0000E+00 0.0000E+00 0.0000E+00 0.0000E+00 0.0000E+00 0.0000E+00 0.0000E+00 0.0000E+00 0.0000E+00 0.0000E+00 0.0000E+00 0.0000E+00 0.0000E+00 0.0000E+00 0.0000E+00 0.0000E+00 0.0000E+00 4.1067E-12 9.6991E-11 4.5741E-10 2.4566E-09 2.8427E-08 1.2879E-07 2.4761E-07 3.4119E-07 3.7559E-07 3.3647E-07 2.7667E-07 2.2831E-07 1.9530E-07 1.7293E-07 1.5466E-07 1.4103E-07 1.2980E-07 1.2007E-07 1.1062E-07 1.0131E-07 9.2530E-08 8.5185E-08 7.8886E-08 7.3214E-08 6.8159E-08 6.3809E-08 5.9839E-08 5.6336E-08 5.3132E-08 5.0283E-08 4.7779E-08 4.5484E-08 4.3396E-08 4.1540E-08
0.0000E+00 0.0000E+00 0.0000E+00 0.0000E+00 0.0000E+00 0.0000E+00 0.0000E+00 0.0000E+00 0.0000E+00 0.0000E+00 0.0000E+00 0.0000E+00 0.0000E+00 0.0000E+00 0.0000E+00 0.0000E+00 0.0000E+00 0.0000E+00 0.0000E+00 0.0000E+00 0.0000E+00 0.0000E+00 0.0000E+00 0.0000E+00 6.4174E-11 3.5341E-10 9.0712E-09 1.1450E-07 3.0146E-07 4.2034E-07 4.7851E-07 4.6793E-07 3.7843E-07 2.8795E-07 2.2790E-07 1.9380E-07 1.7096E-07 1.5491E-07 1.4297E-07 1.3288E-07 1.2361E-07 1.1397E-07 1.0428E-07 9.5065E-08 8.7278E-08 8.0332E-08 7.4049E-08 6.8409E-08 6.3487E-08 5.9022E-08 5.5077E-08 5.1494E-08 4.8264E-08 4.5452E-08 4.2923E-08 4.0608E-08 3.8546E-08
0.0000E+00 0.0000E+00 0.0000E+00 0.0000E+00 0.0000E+00 0.0000E+00 0.0000E+00 0.0000E+00 0.0000E+00 0.0000E+00 0.0000E+00 0.0000E+00 0.0000E+00 0.0000E+00 0.0000E+00 0.0000E+00 0.0000E+00 0.0000E+00 0.0000E+00 0.0000E+00 0.0000E+00 0.0000E+00 0.0000E+00 0.0000E+00 2.8419E-11 5.1228E-10 1.1680E-07 4.5609E-07 5.6703E-07 5.7628E-07 5.8066E-07 5.2099E-07 3.6755E-07 2.6065E-07 2.0405E-07 1.7437E-07 1.5734E-07 1.4613E-07 1.3756E-07 1.2998E-07 1.2182E-07 1.1283E-07 1.0328E-07 9.4446E-08 8.6591E-08 7.9374E-08 7.2765E-08 6.6838E-08 6.1587E-08 5.6834E-08 5.2631E-08 4.8846E-08 4.5433E-08 4.2433E-08 3.9764E-08 3.7348E-08 3.5183E-08
0.0000E+00 0.0000E+00 0.0000E+00 0.0000E+00 0.0000E+00 0.0000E+00 0.0000E+00 0.0000E+00 0.0000E+00 0.0000E+00 0.0000E+00 0.0000E+00 0.0000E+00 0.0000E+00 0.0000E+00 0.0000E+00 0.0000E+00 0.0000E+00 0.0000E+00 0.0000E+00 0.0000E+00 0.0000E+00 0.0000E+00 0.0000E+00 6.2697E-12 2.8884E-08 5.6514E-07 7.6871E-07 6.3383E-07 6.4591E-07 6.4204E-07 4.8084E-07 2.8367E-07 1.9667E-07 1.6015E-07 1.4323E-07 1.3423E-07 1.2984E-07 1.2567E-07 1.2102E-07 1.1456E-07 1.0688E-07 9.8394E-08 9.0546E-08 8.3068E-08 7.5896E-08 6.9399E-08 6.3448E-08 5.8142E-08 5.3343E-08 4.9084E-08 4.5273E-08 4.1851E-08 3.8781E-08 3.6115E-08 3.3708E-08 3.1567E-08
0.0000E+00 0.0000E+00 0.0000E+00 0.0000E+00 0.0000E+00 0.0000E+00 0.0000E+00 0.0000E+00 0.0000E+00 0.0000E+00 0.0000E+00 0.0000E+00 0.0000E+00 0.0000E+00 0.0000E+00 0.0000E+00 0.0000E+00 0.0000E+00 0.0000E+00 0.0000E+00 0.0000E+00 0.0000E+00 0.0000E+00 0.0000E+00 8.2764E-11 2.2694E-07 1.2708E-06 8.0200E-07 6.7230E-07 6.4942E-07 5.1741E-07 2.6932E-07 1.4066E-07 1.1567E-07 1.0869E-07 1.0701E-07 1.0783E-07 1.0917E-07 1.0908E-07 1.0694E-07 1.0283E-07 9.6926E-08 9.0177E-08 8.3619E-08 7.6790E-08 7.0189E-08 6.4034E-08 5.8410E-08 5.3319E-08 4.8706E-08 4.4582E-08 4.0920E-08 3.7658E-08 3.4713E-08 3.2121E-08 2.9840E-08 2.7797E-08
0.0000E+00 0.0000E+00 0.0000E+00 0.0000E+00 0.0000E+00 0.0000E+00 0.0000E+00 0.0000E+00 0.0000E+00 0.0000E+00 0.0000E+00 0.0000E+00 0.0000E+00 0.0000E+00 0.0000E+00 0.0000E+00 0.0000E+00 0.0000E+00 0.0000E+00 0.0000E+00 0.0000E+00 0.0000E+00 0.0000E+00 0.0000E+00 3.4950E-08 9.0635E-07 1.6597E-06 7.9250E-07 7.2646E-07 4.9029E-07 1.4890E-07 4.0492E-08 4.2595E-08 5.6035E-08 6.6908E-08 7.5226E-08 8.1877E-08 8.7107E-08 9.0045E-08 9.0271E-08 8.8054E-08 8.3963E-08 7.9201E-08 7.4090E-08 6.8455E-08 6.2674E-08 5.7108E-08 5.2019E-08 4.7424E-08 4.3202E-08 3.9407E-08 3.6046E-08 3.3056E-08 3.0362E-08 2.7957E-08 2.5872E-08 2.4003E-08
0.0000E+00 0.0000E+00 0.0000E+00 0.0000E+00 0.0000E+00 0.0000E+00 0.0000E+00 0.0000E+00 0.0000E+00 0.0000E+00 0.0000E+00 0.0000E+00 0.0000E+00 0.0000E+00 0.0000E+00 0.0000E+00 0.0000E+00 0.0000E+00 0.0000E+00 0.0000E+00 0.0000E+00 0.0000E+00 0.0000E+00 0.0000E+00 3.1986E-07 1.8449E-06 1.5852E-06 8.3715E-07 4.5148E-07 6.5153E-08 9.5590E-09 1.3886E-08 2.2623E-08 3.2493E-08 4.2470E-08 5.2018E-08 6.0068E-08 6.6858E-08 7.1069E-08 7.2622E-08 7.1914E-08 6.9560E-08 6.6851E-08 6.3166E-08 5.8693E-08 5.3927E-08 4.9193E-08 4.4772E-08 4.0803E-08 3.7147E-08 3.3826E-08 3.0885E-08 2.8254E-08 2.5897E-08 2.3800E-08 2.1918E-08 2.0308E-08
0.0000E+00 0.0000E+00 0.0000E+00 0.0000E+00 0.0000E+00 0.0000E+00 0.0000E+00 0.0000E+00 0.0000E+00 0.0000E+00 0.0000E+00 0.0000E+00 0.0000E+00 0.0000E+00 0.0000E+00 0.0000E+00 0.0000E+00 0.0000E+00 0.0000E+00 0.0000E+00 0.0000E+00 0.0000E+00 0.0000E+00 4.2587E-08 1.2095E-06 2.4638E-06 1.2866E-06 3.3355E-07 1.3163E-08 1.8484E-09 4.4078E-09 8.2575E-09 1.3746E-08 2.0661E-08 2.8263E-08 3.6117E-08 4.3343E-08 4.9339E-08 5.3510E-08 5.5799E-08 5.6279E-08 5.5524E-08 5.4067E-08 5.1577E-08 4.8315E-08 4.4629E-08 4.0862E-08 3.7224E-08 3.3915E-08 3.0930E-08 2.8193E-08 2.5733E-08 2.3503E-08 2.1537E-08 1.9779E-08 1.8186E-08 1.6812E-08
0.0000E+00 0.0000E+00 0.0000E+00 0.0000E+00 0.0000E+00 0.0000E+00 0.0000E+00 0.0000E+00 0.0000E+00 0.0000E+00 0.0000E+00 0.0000E+00 0.0000E+00 0.0000E+00 0.0000E+00 0.0000E+00 0.0000E+00 0.0000E+00 0.0000E+00 0.0000E+00 0.0000E+00 0.0000E+00 0.0000E+00 4.2319E-07 2.1418E-06 3.0921E-06 1.3100E-07 8.4920E-12 2.6463E-10 1.0895E-09 2.2590E-09 4.9844E-09 8.4246E-09 1.3134E-08 1.8703E-08 2.4592E-08 3.0219E-08 3.5038E-08 3.8781E-08 4.1204E-08 4.2268E-08 4.2498E-08 4.1870E-08 4.0391E-08 3.8193E-08 3.5523E-08 3.2670E-08 2.9860E-08 2.7223E-08 2.4864E-08 2.2748E-08 2.0794E-08 1.9007E-08 1.7429E-08 1.6018E-08 1.4731E-08 1.3595E-08
0.0000E+00 0.0000E+00 0.0000E+00 0.0000E+00 0.0000E+00 0.0000E+00 0.0000E+00 0.0000E+00 0.0000E+00 0.0000E+00 0.0000E+00 0.0000E+00 0.0000E+00 0.0000E+00 0.0000E+00 0.0000E+00 0.0000E+00 0.0000E+00 0.0000E+00 0.0000E+00 0.0000E+00 0.0000E+00 1.3700E-12 1.7320E-06 2.6185E-06 1.2738E-06 0.0000E+00 0.0000E+00 3.7190E-11 4.0179E-10 1.1486E-09 2.3635E-09 5.0929E-09 8.1708E-09 1.1920E-08 1.6055E-08 2.0105E-08 2.3799E-08 2.6907E-08 2.9155E-08 3.0485E-08 3.1161E-08 3.1076E-08 3.0315E-08 2.8925E-08 2.7119E-08 2.5117E-08 2.3089E-08 2.1148E-08 1.9335E-08 1.7734E-08 1.6290E-08 1.4950E-08 1.3737E-08 1.2642E-08 1.1651E-08 1.0772E-08
