Assets/Resources/2015_m01_d07_1100(utc+0800)_l00_csi_1hr_conc.grd
DSAA
         159         159
     -79.000      79.000
     -79.000      79.000
  0.0000E+00  0.3078E-05
[rows 0 to 24 of 159, columns 57 to 113 of 159]
3.8926E-10 4.2208E-10 4.5706E-10 4.9426E-10 5.3376E-10 5.7562E-10 6.1990E-10 6.6664E-10 7.1589E-10 7.6768E-10 8.2201E-10 8.7892E-10 9.3837E-10 1.0004E-09 1.0649E-09 1.1318E-09 1.2011E-09 1.2728E-09 1.3466E-09 1.4225E-09 1.5072E-09 1.5945E-09 1.6776E-09 1.7622E-09 1.8482E-09 1.9354E-09 2.0235E-09 2.1330E-09 2.2511E-09 2.3528E-09 2.4715E-09 2.5831E-09 2.7089E-09 2.8255E-09 2.9442E-09 3.0473E-09 3.1563E-09 3.3064E-09 3.4274E-09 3.5566E-09 3.7470E-09 3.8844E-09 4.0061E-09 4.1131E-09 4.1914E-09 4.2513E-09 4.2915E-09 4.3190E-09 4.3304E-09 4.3468E-09 4.3339E-09 4.3092E-09 4.2737E-09 4.2289E-09 4.1759E-09 4.1158E-09 4.0498E-09
4.0180E-10 4.3578E-10 4.7200E-10 5.1054E-10 5.5146E-10 5.9484E-10 6.4073E-10 6.8919E-10 7.4026E-10 7.9396E-10 8.5032E-10 9.0935E-10 9.7104E-10 1.0354E-09 1.1023E-09 1.1718E-09 1.2438E-09 1.3182E-09 1.3948E-09 1.4805E-09 1.5690E-09 1.6536E-09 1.7400E-09 1.8281E-09 1.9177E-09 2.0085E-09 2.1159E-09 2.2383E-09 2.3429E-09 2.4555E-09 2.5760E-09 2.6937E-09 2.8274E-09 2.9497E-09 3.0727E-09 3.1772E-09 3.2902E-09 3.4500E-09 3.5772E-09 3.7453E-09 3.9211E-09 4.0652E-09 4.1918E-09 4.3023E-09 4.3854E-09 4.4407E-09 4.4814E-09 4.5016E-09 4.5082E-09 4.5217E-09 4.5028E-09 4.4717E-09 4.4296E-09 4.3780E-09 4.3180E-09 4.2511E-09 4.1783E-09
4.1421E-10 4.4934E-10 4.8680E-10 5.2667E-10 5.6901E-10 6.1390E-10 6.6140E-10 7.1157E-10 7.6444E-10 8.2006E-10 8.7844E-10 9.3960E-10 1.0035E-09 1.0702E-09 1.1396E-09 1.2116E-09 1.2862E-09 1.3633E-09 1.4496E-09 1.5390E-09 1.6248E-09 1.7126E-09 1.8025E-09 1.8941E-09 2.0018E-09 2.1125E-09 2.2115E-09 2.3260E-09 2.4358E-09 2.5605E-09 2.6823E-09 2.8118E-09 2.9482E-09 3.0767E-09 3.2045E-09 3.3205E-09 3.4583E-09 3.5987E-09 3.7347E-09 3.9451E-09 4.1074E-09 4.2546E-09 4.3900E-09 4.4999E-09 4.5844E-09 4.6378E-09 4.6754E-09 4.6908E-09 4.6920E-09 4.7023E-09 4.6770E-09 4.6389E-09 4.5897E-09 4.5308E-09 4.4635E-09 4.3893E-09 4.3093E-09
4.2645E-10 4.6273E-10 5.0141E-10 5.4259E-10 5.8634E-10 6.3274E-10 6.8184E-10 7.3370E-10 7.8837E-10 8.4589E-10 9.0628E-10 9.6954E-10 1.0357E-09 1.1047E-09 1.1765E-09 1.2510E-09 1.3283E-09 1.4148E-09 1.5047E-09 1.5913E-09 1.6802E-09 1.7714E-09 1.8647E-09 1.9748E-09 2.0884E-09 2.1903E-09 2.2935E-09 2.4144E-09 2.5297E-09 2.6618E-09 2.7900E-09 2.9325E-09 3.0712E-09 3.2119E-09 3.3395E-09 3.4694E-09 3.6304E-09 3.7638E-09 3.9092E-09 4.1336E-09 4.2987E-09 4.4530E-09 4.5938E-09 4.7062E-09 4.7915E-09 4.8428E-09 4.8768E-09 4.8901E-09 4.9064E-09 4.8888E-09 4.8564E-09 4.8109E-09 4.7540E-09 4.6873E-09 4.6123E-09 4.5304E-09 4.4429E-09
4.3847E-10 4.7588E-10 5.1578E-10 5.5826E-10 6.0340E-10 6.5128E-10 7.0196E-10 7.5568E-10 8.1389E-10 8.7345E-10 9.3600E-10 1.0015E-09 1.0701E-09 1.1416E-09 1.2160E-09 1.2933E-09 1.3799E-09 1.4701E-09 1.5574E-09 1.6474E-09 1.7398E-09 1.8346E-09 1.9470E-09 2.0632E-09 2.1678E-09 2.2742E-09 2.3821E-09 2.5101E-09 2.6313E-09 2.7715E-09 2.9068E-09 3.0582E-09 3.2046E-09 3.3592E-09 3.4865E-09 3.6222E-09 3.7956E-09 3.9348E-09 4.1233E-09 4.3363E-09 4.5100E-09 4.6718E-09 4.8182E-09 4.9369E-09 5.0189E-09 5.0715E-09 5.0975E-09 5.1053E-09 5.1181E-09 5.0935E-09 5.0535E-09 5.0001E-09 4.9350E-09 4.8600E-09 4.7768E-09 4.6867E-09 4.5913E-09
4.5023E-10 4.8875E-10 5.2985E-10 5.7361E-10 6.2012E-10 6.6946E-10 7.2216E-10 7.7886E-10 8.3724E-10 8.9867E-10 9.6320E-10 1.0308E-09 1.1015E-09 1.1753E-09 1.2521E-09 1.3383E-09 1.4282E-09 1.5157E-09 1.6060E-09 1.6990E-09 1.7947E-09 1.9085E-09 2.0265E-09 2.1332E-09 2.2420E-09 2.3527E-09 2.4715E-09 2.6001E-09 2.7271E-09 2.8757E-09 3.0179E-09 3.1783E-09 3.3323E-09 3.4966E-09 3.6286E-09 3.7764E-09 3.9575E-09 4.1028E-09 4.3325E-09 4.5434E-09 4.7216E-09 4.8952E-09 5.0424E-09 5.1636E-09 5.2448E-09 5.2946E-09 5.3151E-09 5.3166E-09 5.3255E-09 5.2931E-09 5.2449E-09 5.1828E-09 5.1090E-09 5.0252E-09 4.9333E-09 4.8347E-09 4.7310E-09
4.6169E-10 5.0130E-10 5.4356E-10 5.8858E-10 6.3643E-10 6.8788E-10 7.4296E-10 7.9996E-10 8.6007E-10 9.2336E-10 9.8982E-10 1.0595E-09 1.1324E-09 1.2084E-09 1.2937E-09 1.3830E-09 1.4702E-09 1.5605E-09 1.6538E-09 1.7499E-09 1.8646E-09 1.9839E-09 2.0921E-09 2.2029E-09 2.3159E-09 2.4310E-09 2.5615E-09 2.6904E-09 2.8299E-09 2.9806E-09 3.1300E-09 3.2999E-09 3.4617E-09 3.6365E-09 3.7848E-09 3.9518E-09 4.1310E-09 4.2819E-09 4.5566E-09 4.7570E-09 4.9437E-09 5.1254E-09 5.2770E-09 5.4002E-09 5.4800E-09 5.5263E-09 5.5442E-09 5.5618E-09 5.5396E-09 5.4988E-09 5.4416E-09 5.3703E-09 5.2871E-09 5.1941E-09 5.0930E-09 4.9855E-09 4.8731E-09
4.7279E-10 5.1346E-10 5.5686E-10 6.0310E-10 6.5309E-10 7.0645E-10 7.6189E-10 8.2049E-10 8.8260E-10 9.4952E-10 1.0181E-09 1.0900E-09 1.1652E-09 1.2436E-09 1.3322E-09 1.4249E-09 1.5150E-09 1.6084E-09 1.7049E-09 1.8202E-09 1.9405E-09 2.0502E-09 2.1627E-09 2.2779E-09 2.3956E-09 2.5155E-09 2.6530E-09 2.7881E-09 2.9413E-09 3.0942E-09 3.2578E-09 3.4316E-09 3.6019E-09 3.7884E-09 3.9561E-09 4.1581E-09 4.3229E-09 4.5050E-09 4.7786E-09 4.9929E-09 5.1889E-09 5.3791E-09 5.5370E-09 5.6596E-09 5.7421E-09 5.7800E-09 5.7915E-09 5.8048E-09 5.7743E-09 5.7244E-09 5.6576E-09 5.5766E-09 5.4835E-09 5.3806E-09 5.2698E-09 5.1529E-09 5.0314E-09
4.8349E-10 5.2519E-10 5.6970E-10 6.1801E-10 6.6959E-10 7.2331E-10 7.8021E-10 8.4130E-10 9.0809E-10 9.7531E-10 1.0459E-09 1.1200E-09 1.1975E-09 1.2849E-09 1.3766E-09 1.4663E-09 1.5594E-09 1.6559E-09 1.7713E-09 1.8920E-09 2.0026E-09 2.1164E-09 2.2333E-09 2.3531E-09 2.4755E-09 2.6003E-09 2.7449E-09 2.8864E-09 3.0484E-09 3.2093E-09 3.3882E-09 3.5654E-09 3.7507E-09 3.9431E-09 4.1216E-09 4.3408E-09 4.5163E-09 4.7431E-09 5.0125E-09 5.2411E-09 5.4521E-09 5.6459E-09 5.8103E-09 5.9309E-09 6.0117E-09 6.0441E-09 6.0484E-09 6.0571E-09 6.0175E-09 5.9577E-09 5.8807E-09 5.7892E-09 5.6857E-09 5.5724E-09 5.4515E-09 5.3247E-09 5.1936E-09
4.9374E-10 5.3643E-10 5.8288E-10 6.3262E-10 6.8448E-10 7.3953E-10 7.9924E-10 8.6382E-10 9.2931E-10 9.9827E-10 1.0707E-09 1.1468E-09 1.2325E-09 1.3226E-09 1.4112E-09 1.5034E-09 1.5992E-09 1.7138E-09 1.8341E-09 1.9448E-09 2.0591E-09 2.1769E-09 2.2979E-09 2.4220E-09 2.5488E-09 2.6782E-09 2.8299E-09 2.9777E-09 3.1483E-09 3.3170E-09 3.5058E-09 3.6919E-09 3.8868E-09 4.0892E-09 4.2951E-09 4.5193E-09 4.7119E-09 4.9863E-09 5.2529E-09 5.4908E-09 5.7127E-09 5.9137E-09 6.0818E-09 6.2015E-09 6.2792E-09 6.3093E-09 6.3307E-09 6.3049E-09 6.2552E-09 6.1847E-09 6.0967E-09 5.9940E-09 5.8793E-09 5.7551E-09 5.6235E-09 5.4865E-09 5.3456E-09
5.0350E-10 5.4793E-10 5.9578E-10 6.4565E-10 6.9871E-10 7.5672E-10 8.1907E-10 8.8262E-10 9.4969E-10 1.0205E-09 1.0968E-09 1.1749E-09 1.2634E-09 1.3566E-09 1.4477E-09 1.5427E-09 1.6564E-09 1.7760E-09 1.8866E-09 2.0012E-09 2.1196E-09 2.2416E-09 2.3671E-09 2.4958E-09 2.6274E-09 2.7618E-09 2.9213E-09 3.0758E-09 3.2559E-09 3.4330E-09 3.6326E-09 3.8281E-09 4.0406E-09 4.2465E-09 4.4763E-09 4.7288E-09 4.9205E-09 5.2428E-09 5.5125E-09 5.7654E-09 5.9989E-09 6.2069E-09 6.3785E-09 6.5012E-09 6.5705E-09 6.5940E-09 6.6103E-09 6.5746E-09 6.5141E-09 6.4322E-09 6.3324E-09 6.2178E-09 6.0914E-09 5.9557E-09 5.8129E-09 5.6651E-09 5.5138E-09
5.1335E-10 5.5930E-10 6.0708E-10 6.5802E-10 7.1401E-10 7.7414E-10 8.3633E-10 9.0269E-10 9.7194E-10 1.0462E-09 1.1227E-09 1.2092E-09 1.3005E-09 1.3903E-09 1.4840E-09 1.5963E-09 1.7147E-09 1.8248E-09 1.9392E-09 2.0577E-09 2.1802E-09 2.3065E-09 2.4365E-09 2.5699E-09 2.7064E-09 2.8459E-09 3.0135E-09 3.1749E-09 3.3649E-09 3.5507E-09 3.7615E-09 3.9667E-09 4.1910E-09 4.4211E-09 4.6840E-09 4.9339E-09 5.1688E-09 5.4995E-09 5.7874E-09 6.0586E-09 6.3024E-09 6.5214E-09 6.6904E-09 6.8113E-09 6.8749E-09 6.8908E-09 6.9017E-09 6.8552E-09 6.7829E-09 6.6888E-09 6.5765E-09 6.4494E-09 6.3106E-09 6.1628E-09 6.0083E-09 5.8492E-09 5.6872E-09
5.2337E-10 5.6898E-10 6.1770E-10 6.7139E-10 7.2932E-10 7.8943E-10 8.5336E-10 9.2062E-10 9.9250E-10 1.0668E-09 1.1449E-09 1.2338E-09 1.3276E-09 1.4195E-09 1.5296E-09 1.6459E-09 1.7548E-09 1.8681E-09 1.9858E-09 2.1079E-09 2.2342E-09 2.3645E-09 2.4986E-09 2.6364E-09 2.7775E-09 2.9299E-09 3.0972E-09 3.2728E-09 3.4652E-09 3.6593E-09 3.8814E-09 4.0961E-09 4.3322E-09 4.5967E-09 4.8760E-09 5.1369E-09 5.4199E-09 5.7632E-09 6.0640E-09 6.3549E-09 6.6078E-09 6.8327E-09 7.0018E-09 7.1200E-09 7.1766E-09 7.2158E-09 7.1886E-09 7.1301E-09 7.0450E-09 6.9376E-09 6.8120E-09 6.6716E-09 6.5199E-09 6.3594E-09 6.1928E-09 6.0221E-09 5.8491E-09
5.3157E-10 5.7800E-10 6.2914E-10 6.8488E-10 7.4269E-10 8.0412E-10 8.6912E-10 9.3848E-10 1.0104E-09 1.0862E-09 1.1724E-09 1.2635E-09 1.3533E-09 1.4473E-09 1.5612E-09 1.6817E-09 1.7935E-09 1.9100E-09 2.0311E-09 2.1567E-09 2.2867E-09 2.4209E-09 2.5592E-09 2.7013E-09 2.8470E-09 3.0051E-09 3.1795E-09 3.3628E-09 3.5644E-09 3.7748E-09 4.0008E-09 4.2252E-09 4.4735E-09 4.7671E-09 5.0835E-09 5.3464E-09 5.7264E-09 6.0352E-09 6.3546E-09 6.6636E-09 6.9281E-09 7.1583E-09 7.3287E-09 7.4406E-09 7.4941E-09 7.5235E-09 7.4844E-09 7.4129E-09 7.3141E-09 7.1927E-09 7.0528E-09 6.8985E-09 6.7331E-09 6.5595E-09 6.3802E-09 6.1974E-09 6.0130E-09
5.3911E-10 5.8692E-10 6.4109E-10 6.9640E-10 7.5528E-10 8.1778E-10 8.8453E-10 9.5453E-10 1.0295E-09 1.1070E-09 1.1954E-09 1.2890E-09 1.3810E-09 1.4922E-09 1.6101E-09 1.7203E-09 1.8353E-09 1.9553E-09 2.0801E-09 2.2096E-09 2.3437E-09 2.4822E-09 2.6251E-09 2.7720E-09 2.9226E-09 3.0951E-09 3.2692E-09 3.4686E-09 3.6723E-09 3.8930E-09 4.1304E-09 4.3729E-09 4.6265E-09 4.9449E-09 5.2973E-09 5.5807E-09 5.9990E-09 6.3354E-09 6.6750E-09 7.0031E-09 7.2850E-09 7.5144E-09 7.6862E-09 7.7895E-09 7.8348E-09 7.8585E-09 7.8067E-09 7.7213E-09 7.6078E-09 7.4715E-09 7.3167E-09 7.1477E-09 6.9679E-09 6.7805E-09 6.5879E-09 6.3926E-09 6.1962E-09
5.4613E-10 5.9598E-10 6.5082E-10 7.0713E-10 7.6691E-10 8.3100E-10 8.9845E-10 9.7056E-10 1.0453E-09 1.1306E-09 1.2211E-09 1.3104E-09 1.4182E-09 1.5329E-09 1.6406E-09 1.7534E-09 1.8714E-09 1.9944E-09 2.1224E-09 2.2554E-09 2.3932E-09 2.5357E-09 2.6826E-09 2.8338E-09 2.9890E-09 3.1683E-09 3.3488E-09 3.5573E-09 3.7696E-09 4.0083E-09 4.2488E-09 4.5024E-09 4.7679E-09 5.1093E-09 5.4958E-09 5.8274E-09 6.2739E-09 6.6367E-09 7.0045E-09 7.3450E-09 7.6388E-09 7.8710E-09 8.0401E-09 8.1356E-09 8.1889E-09 8.1918E-09 8.1260E-09 8.0255E-09 7.8964E-09 7.7441E-09 7.5736E-09 7.3892E-09 7.1944E-09 6.9926E-09 6.7864E-09 6.5781E-09 6.3695E-09
5.5203E-10 6.0384E-10 6.6010E-10 7.1680E-10 7.7818E-10 8.4286E-10 9.1204E-10 9.8394E-10 1.0599E-09 1.1470E-09 1.2393E-09 1.3303E-09 1.4412E-09 1.5593E-09 1.6695E-09 1.7849E-09 1.9057E-09 2.0317E-09 2.1629E-09 2.2993E-09 2.4407E-09 2.5870E-09 2.7380E-09 2.8934E-09 3.0531E-09 3.2393E-09 3.4262E-09 3.6439E-09 3.8649E-09 4.1148E-09 4.3656E-09 4.6388E-09 4.9433E-09 5.2897E-09 5.7052E-09 6.0939E-09 6.5628E-09 6.9532E-09 7.3451E-09 7.7044E-09 8.0123E-09 8.2464E-09 8.4115E-09 8.5033E-09 8.5623E-09 8.5324E-09 8.4513E-09 8.3345E-09 8.1886E-09 8.0196E-09 7.8325E-09 7.6319E-09 7.4216E-09 7.2049E-09 6.9846E-09 6.7630E-09 6.5419E-09
5.5716E-10 6.1107E-10 6.6708E-10 7.2641E-10 7.8825E-10 8.5429E-10 9.2317E-10 9.9611E-10 1.0795E-09 1.1682E-09 1.2561E-09 1.3630E-09 1.4770E-09 1.5841E-09 1.6966E-09 1.8146E-09 1.9380E-09 2.0669E-09 2.2013E-09 2.3410E-09 2.4859E-09 2.6360E-09 2.7909E-09 2.9506E-09 3.1147E-09 3.3077E-09 3.5011E-09 3.7280E-09 3.9578E-09 4.2190E-09 4.4802E-09 4.7660E-09 5.1129E-09 5.4844E-09 5.9125E-09 6.4243E-09 6.8650E-09 7.2892E-09 7.7067E-09 8.0862E-09 8.3991E-09 8.6396E-09 8.7932E-09 8.8748E-09 8.9269E-09 8.8827E-09 8.7853E-09 8.6511E-09 8.4875E-09 8.3007E-09 8.0963E-09 7.8787E-09 7.6523E-09 7.4201E-09 7.1853E-09 6.9499E-09 6.7160E-09
5.6149E-10 6.1632E-10 6.7320E-10 7.3431E-10 7.9747E-10 8.6335E-10 9.3327E-10 1.0070E-09 1.0919E-09 1.1821E-09 1.2713E-09 1.3809E-09 1.4979E-09 1.6071E-09 1.7219E-09 1.8423E-09 1.9684E-09 2.1001E-09 2.2374E-09 2.3803E-09 2.5287E-09 2.6824E-09 2.8413E-09 3.0051E-09 3.1735E-09 3.3733E-09 3.5732E-09 3.8093E-09 4.0478E-09 4.3205E-09 4.5920E-09 4.8906E-09 5.2611E-09 5.6872E-09 6.1368E-09 6.7005E-09 7.1802E-09 7.6420E-09 8.0826E-09 8.4837E-09 8.8021E-09 9.0425E-09 9.1902E-09 9.2619E-09 9.3067E-09 9.2467E-09 9.1319E-09 8.9793E-09 8.7970E-09 8.5916E-09 8.3689E-09 8.1338E-09 7.8905E-09 7.6424E-09 7.3924E-09 7.1429E-09 6.8957E-09
5.6498E-10 6.2063E-10 6.7812E-10 7.4180E-10 8.0434E-10 8.7110E-10 9.4162E-10 1.0227E-09 1.1090E-09 1.1949E-09 1.2995E-09 1.4117E-09 1.5172E-09 1.6283E-09 1.7452E-09 1.8680E-09 1.9965E-09 2.1309E-09 2.2712E-09 2.4172E-09 2.5689E-09 2.7262E-09 2.8888E-09 3.0566E-09 3.2293E-09 3.4358E-09 3.6420E-09 3.8874E-09 4.1345E-09 4.4188E-09 4.7006E-09 5.0152E-09 5.4121E-09 5.8863E-09 6.3640E-09 6.9928E-09 7.5094E-09 8.0127E-09 8.4803E-09 8.8998E-09 9.2257E-09 9.4648E-09 9.6069E-09 9.7019E-09 9.6978E-09 9.6208E-09 9.4874E-09 9.3151E-09 9.1131E-09 8.8882E-09 8.6465E-09 8.3931E-09 8.1323E-09 7.8677E-09 7.6023E-09 7.3382E-09 7.0775E-09
5.6762E-10 6.2382E-10 6.8171E-10 7.4635E-10 8.0979E-10 8.7732E-10 9.4868E-10 1.0310E-09 1.1184E-09 1.2052E-09 1.3127E-09 1.4277E-09 1.5346E-09 1.6476E-09 1.7665E-09 1.8914E-09 2.0224E-09 2.1594E-09 2.3024E-09 2.4514E-09 2.6063E-09 2.7670E-09 2.9333E-09 3.1050E-09 3.2819E-09 3.4949E-09 3.7072E-09 3.9618E-09 4.2174E-09 4.5165E-09 4.8093E-09 5.1567E-09 5.5582E-09 6.0781E-09 6.6059E-09 7.2947E-09 7.8582E-09 8.4019E-09 8.8930E-09 9.3340E-09 9.6727E-09 9.9022E-09 1.0034E-08 1.0121E-08 1.0097E-08 1.0001E-08 9.8476E-09 9.6546E-09 9.4317E-09 9.1864E-09 8.9249E-09 8.6526E-09 8.3739E-09 8.0924E-09 7.8110E-09 7.5322E-09 7.2577E-09
5.6939E-10 6.2619E-10 6.8426E-10 7.4987E-10 8.1392E-10 8.8174E-10 9.5402E-10 1.0375E-09 1.1262E-09 1.2286E-09 1.3383E-09 1.4411E-09 1.5502E-09 1.6652E-09 1.7857E-09 1.9127E-09 2.0458E-09 2.1853E-09 2.3309E-09 2.4828E-09 2.6408E-09 2.8048E-09 2.9746E-09 3.1501E-09 3.3309E-09 3.5502E-09 3.7686E-09 4.0348E-09 4.3001E-09 4.6076E-09 4.9101E-09 5.2858E-09 5.7165E-09 6.2678E-09 6.9025E-09 7.6067E-09 8.2231E-09 8.8091E-09 9.3361E-09 9.7824E-09 1.0126E-08 1.0350E-08 1.0469E-08 1.0548E-08 1.0505E-08 1.0390E-08 1.0215E-08 1.0000E-08 9.7559E-09 9.4893E-09 9.2073E-09 8.9154E-09 8.6181E-09 8.3192E-09 8.0216E-09 7.7277E-09 7.4391E-09
5.7027E-10 6.2719E-10 6.8570E-10 7.5201E-10 8.1657E-10 8.8489E-10 9.6394E-10 1.0480E-09 1.1320E-09 1.2363E-09 1.3480E-09 1.4528E-09 1.5635E-09 1.6797E-09 1.8026E-09 1.9318E-09 2.0668E-09 2.2085E-09 2.3567E-09 2.5112E-09 2.6721E-09 2.8393E-09 3.0125E-09 3.1916E-09 3.3762E-09 3.6029E-09 3.8391E-09 4.1023E-09 4.3844E-09 4.6935E-09 5.0186E-09 5.4271E-09 5.8762E-09 6.4707E-09 7.2423E-09 7.9340E-09 8.6094E-09 9.2304E-09 9.7875E-09 1.0248E-08 1.0595E-08 1.0812E-08 1.0969E-08 1.0991E-08 1.0928E-08 1.0792E-08 1.0595E-08 1.0357E-08 1.0090E-08 9.8011E-09 9.4979E-09 9.1858E-09 8.8694E-09 8.5526E-09 8.2383E-09 7.9288E-09 7.6259E-09
5.6765E-10 6.2720E-10 6.8580E-10 7.5255E-10 8.1733E-10 8.8637E-10 9.6624E-10 1.0512E-09 1.1499E-09 1.2557E-09 1.3558E-09 1.4619E-09 1.5742E-09 1.6922E-09 1.8169E-09 1.9475E-09 2.0851E-09 2.2292E-09 2.3800E-09 2.5366E-09 2.7002E-09 2.8703E-09 3.0467E-09 3.2292E-09 3.4306E-09 3.6528E-09 3.8930E-09 4.1639E-09 4.4575E-09 4.7783E-09 5.1119E-09 5.5480E-09 6.0457E-09 6.6746E-09 7.5218E-09 8.2708E-09 9.0049E-09 9.6706E-09 1.0261E-08 1.0734E-08 1.1083E-08 1.1299E-08 1.1437E-08 1.1445E-08 1.1361E-08 1.1202E-08 1.0982E-08 1.0720E-08 1.0429E-08 1.0117E-08 9.7923E-09 9.4595E-09 9.1236E-09 8.7885E-09 8.4572E-09 8.1319E-09 7.8137E-09
5.6678E-10 6.2621E-10 6.8480E-10 7.5183E-10 8.1690E-10 8.8629E-10 9.6634E-10 1.0523E-09 1.1526E-09 1.2601E-09 1.3614E-09 1.4683E-09 1.5818E-09 1.7017E-09 1.8282E-09 1.9607E-09 2.1003E-09 2.2461E-09 2.3991E-09 2.5588E-09 2.7254E-09 2.8978E-09 3.0784E-09 3.2669E-09 3.4690E-09 3.6959E-09 3.9437E-09 4.2246E-09 4.5247E-09 4.8576E-09 5.2155E-09 5.6813E-09 6.2226E-09 6.8690E-09 7.8040E-09 8.6254E-09 9.4212E-09 1.0129E-08 1.0751E-08 1.1245E-08 1.1584E-08 1.1792E-08 1.1922E-08 1.1906E-08 1.1798E-08 1.1616E-08 1.1371E-08 1.1084E-08 1.0769E-08 1.0434E-08 1.0086E-08 9.7321E-09 9.3763E-09 9.0226E-09 8.6741E-09 8.3329E-09 8.0007E-09
