Assets/Resources/2015_m01_d30_1700(utc+0800)_l00_csi_1hr_conc.grd
DSAA
         159         159
     -79.000      79.000
     -79.000      79.000
  0.0000E+00  0.7942E-05
[rows 25 to 49 of 159, columns 57 to 113 of 159]
4.5937E-12 9.4398E-12 1.2783E-11 3.1907E-11 6.2262E-11 1.0172E-10 1.4712E-10 2.0816E-10 2.8202E-10 3.7535E-10 5.0346E-10 6.5993E-10 8.4127E-10 1.0433E-09 1.2685E-09 1.5221E-09 1.8080E-09 2.1247E-09 2.4664E-09 2.8302E-09 3.2077E-09 3.5954E-09 3.9920E-09 4.3932E-09 4.7913E-09 5.1826E-09 5.5604E-09 5.9235E-09 6.2654E-09 6.5819E-09 6.8671E-09 7.1183E-09 7.3368E-09 7.5251E-09 7.6926E-09 7.8332E-09 7.9521E-09 8.0493E-09 8.1358E-09 8.2053E-09 8.2492E-09 8.2827E-09 8.3050E-09 8.3241E-09 8.3375E-09 8.3456E-09 8.3478E-09 8.3482E-09 8.3364E-09 8.3161E-09 8.2936E-09 8.2636E-09 8.2254E-09 8.1806E-09 8.1298E-09 8.0686E-09 8.0005E-09
5.3221E-12 1.1060E-11 2.6026E-11 5.0906E-11 7.9900E-11 1.2800E-10 1.9025E-10 2.6084E-10 3.5211E-10 4.6746E-10 6.1639E-10 7.9919E-10 1.0075E-09 1.2371E-09 1.4974E-09 1.7952E-09 2.1248E-09 2.4877E-09 2.8826E-09 3.2999E-09 3.7332E-09 4.1724E-09 4.6163E-09 5.0621E-09 5.5009E-09 5.9264E-09 6.3322E-09 6.7144E-09 7.0687E-09 7.3898E-09 7.6730E-09 7.9138E-09 8.1149E-09 8.2825E-09 8.4230E-09 8.5287E-09 8.6075E-09 8.6659E-09 8.7099E-09 8.7282E-09 8.7256E-09 8.7148E-09 8.6935E-09 8.6677E-09 8.6390E-09 8.6056E-09 8.5687E-09 8.5358E-09 8.4898E-09 8.4391E-09 8.3846E-09 8.3244E-09 8.2568E-09 8.1829E-09 8.1042E-09 8.0191E-09 7.9252E-09
8.0640E-12 1.4844E-11 3.0821E-11 6.5694E-11 1.1449E-10 1.6940E-10 2.3465E-10 3.2257E-10 4.3440E-10 5.6919E-10 7.4714E-10 9.5449E-10 1.1907E-09 1.4567E-09 1.7598E-09 2.1023E-09 2.4843E-09 2.9041E-09 3.3569E-09 3.8345E-09 4.3269E-09 4.8256E-09 5.3250E-09 5.8195E-09 6.3015E-09 6.7634E-09 7.1973E-09 7.5978E-09 7.9623E-09 8.2839E-09 8.5600E-09 8.7861E-09 8.9627E-09 9.1052E-09 9.2079E-09 9.2738E-09 9.3054E-09 9.3187E-09 9.3086E-09 9.2667E-09 9.2144E-09 9.1521E-09 9.0839E-09 9.0102E-09 8.9334E-09 8.8585E-09 8.7793E-09 8.7081E-09 8.6275E-09 8.5437E-09 8.4586E-09 8.3664E-09 8.2694E-09 8.1674E-09 8.0598E-09 7.9501E-09 7.8325E-09
9.2529E-12 2.3909E-11 5.0989E-11 8.8440E-11 1.3972E-10 2.0899E-10 2.9307E-10 3.9313E-10 5.2835E-10 6.8752E-10 8.9034E-10 1.1263E-09 1.3969E-09 1.7047E-09 2.0537E-09 2.4522E-09 2.8941E-09 3.3763E-09 3.8956E-09 4.4394E-09 5.0013E-09 5.5650E-09 6.1241E-09 6.6725E-09 7.2051E-09 7.7054E-09 8.1682E-09 8.5873E-09 8.9590E-09 9.2786E-09 9.5412E-09 9.7463E-09 9.8962E-09 9.9988E-09 1.0053E-08 1.0068E-08 1.0049E-08 1.0006E-08 9.9275E-09 9.8290E-09 9.7152E-09 9.5967E-09 9.4726E-09 9.3487E-09 9.2226E-09 9.0989E-09 8.9776E-09 8.8615E-09 8.7457E-09 8.6258E-09 8.5116E-09 8.3891E-09 8.2616E-09 8.1317E-09 7.9976E-09 7.8610E-09 7.7219E-09
1.2461E-11 2.9088E-11 6.3892E-11 1.1607E-10 1.8043E-10 2.5728E-10 3.5026E-10 4.7548E-10 6.2659E-10 8.1296E-10 1.0474E-09 1.3166E-09 1.6275E-09 1.9814E-09 2.3863E-09 2.8433E-09 3.3501E-09 3.9014E-09 4.4924E-09 5.1111E-09 5.7454E-09 6.3831E-09 7.0094E-09 7.6188E-09 8.1992E-09 8.7406E-09 9.2324E-09 9.6694E-09 1.0046E-08 1.0360E-08 1.0605E-08 1.0782E-08 1.0898E-08 1.0952E-08 1.0949E-08 1.0903E-08 1.0823E-08 1.0707E-08 1.0559E-08 1.0398E-08 1.0222E-08 1.0041E-08 9.8591E-09 9.6783E-09 9.5026E-09 9.3264E-09 9.1595E-09 8.9995E-09 8.8419E-09 8.6887E-09 8.5394E-09 8.3907E-09 8.2337E-09 8.0755E-09 7.9163E-09 7.7532E-09 7.5927E-09
1.6535E-11 4.4771E-11 8.5593E-11 1.4206E-10 2.1379E-10 3.0908E-10 4.2262E-10 5.5944E-10 7.3935E-10 9.5478E-10 1.2182E-09 1.5260E-09 1.8832E-09 2.2897E-09 2.7515E-09 3.2757E-09 3.8531E-09 4.4806E-09 5.1499E-09 5.8515E-09 6.5686E-09 7.2838E-09 7.9819E-09 8.6598E-09 9.2932E-09 9.8767E-09 1.0399E-08 1.0852E-08 1.1232E-08 1.1533E-08 1.1756E-08 1.1900E-08 1.1971E-08 1.1968E-08 1.1903E-08 1.1789E-08 1.1633E-08 1.1435E-08 1.1212E-08 1.0973E-08 1.0729E-08 1.0480E-08 1.0237E-08 9.9956E-09 9.7649E-09 9.5408E-09 9.3223E-09 9.1169E-09 8.9178E-09 8.7272E-09 8.5437E-09 8.3644E-09 8.1846E-09 7.9980E-09 7.8150E-09 7.6288E-09 7.4447E-09
2.0776E-11 5.4457E-11 1.0595E-10 1.7676E-10 2.6618E-10 3.6288E-10 4.8803E-10 6.5412E-10 8.5554E-10 1.1023E-09 1.4036E-09 1.7539E-09 2.1618E-09 2.6227E-09 3.1525E-09 3.7460E-09 4.4012E-09 5.1116E-09 5.8689E-09 6.6576E-09 7.4588E-09 8.2595E-09 9.0451E-09 9.7921E-09 1.0485E-08 1.1115E-08 1.1668E-08 1.2139E-08 1.2517E-08 1.2804E-08 1.2995E-08 1.3095E-08 1.3109E-08 1.3040E-08 1.2903E-08 1.2708E-08 1.2467E-08 1.2185E-08 1.1879E-08 1.1560E-08 1.1237E-08 1.0915E-08 1.0600E-08 1.0298E-08 1.0007E-08 9.7311E-09 9.4661E-09 9.2125E-09 8.9713E-09 8.7415E-09 8.5253E-09 8.3146E-09 8.1095E-09 7.9005E-09 7.6922E-09 7.4861E-09 7.2798E-09
2.6848E-11 6.6613E-11 1.2679E-10 2.0287E-10 3.0568E-10 4.2148E-10 5.6639E-10 7.5148E-10 9.8010E-10 1.2616E-09 1.5998E-09 1.9980E-09 2.4572E-09 2.9853E-09 3.5805E-09 4.2527E-09 4.9901E-09 5.7915E-09 6.6373E-09 7.5208E-09 8.4194E-09 9.3149E-09 1.0187E-08 1.1006E-08 1.1762E-08 1.2438E-08 1.3022E-08 1.3508E-08 1.3884E-08 1.4148E-08 1.4299E-08 1.4348E-08 1.4297E-08 1.4156E-08 1.3935E-08 1.3650E-08 1.3313E-08 1.2939E-08 1.2545E-08 1.2141E-08 1.1734E-08 1.1335E-08 1.0950E-08 1.0579E-08 1.0229E-08 9.8954E-09 9.5830E-09 9.2850E-09 9.0024E-09 8.7324E-09 8.4792E-09 8.2394E-09 8.0063E-09 7.7788E-09 7.5490E-09 7.3247E-09 7.0988E-09
3.5404E-11 8.2615E-11 1.5522E-10 2.4805E-10 3.5614E-10 4.8398E-10 6.4179E-10 8.5079E-10 1.1106E-09 1.4274E-09 1.8066E-09 2.2520E-09 2.7745E-09 3.3632E-09 4.0369E-09 4.7860E-09 5.6149E-09 6.5068E-09 7.4544E-09 8.4359E-09 9.4327E-09 1.0431E-08 1.1397E-08 1.2301E-08 1.3127E-08 1.3854E-08 1.4476E-08 1.4972E-08 1.5345E-08 1.5579E-08 1.5682E-08 1.5667E-08 1.5543E-08 1.5318E-08 1.5004E-08 1.4623E-08 1.4186E-08 1.3712E-08 1.3218E-08 1.2715E-08 1.2220E-08 1.1733E-08 1.1273E-08 1.0835E-08 1.0422E-08 1.0035E-08 9.6680E-09 9.3287E-09 9.0058E-09 8.6980E-09 8.4108E-09 8.1418E-09 7.8801E-09 7.6318E-09 7.3833E-09 7.1447E-09 6.9031E-09
4.1503E-11 9.6177E-11 1.7451E-10 2.7878E-10 3.9867E-10 5.4283E-10 7.2012E-10 9.5412E-10 1.2465E-09 1.5946E-09 2.0175E-09 2.5194E-09 3.0970E-09 3.7604E-09 4.5052E-09 5.3447E-09 6.2623E-09 7.2559E-09 8.3024E-09 9.3865E-09 1.0494E-08 1.1597E-08 1.2661E-08 1.3655E-08 1.4553E-08 1.5338E-08 1.5991E-08 1.6506E-08 1.6867E-08 1.7058E-08 1.7106E-08 1.7025E-08 1.6817E-08 1.6493E-08 1.6079E-08 1.5597E-08 1.5056E-08 1.4475E-08 1.3876E-08 1.3275E-08 1.2686E-08 1.2111E-08 1.1566E-08 1.1060E-08 1.0583E-08 1.0140E-08 9.7269E-09 9.3375E-09 8.9785E-09 8.6363E-09 8.3162E-09 8.0196E-09 7.7311E-09 7.4634E-09 7.1968E-09 6.9406E-09 6.6919E-09
4.9526E-11 1.1502E-10 2.0749E-10 3.1800E-10 4.4674E-10 6.0143E-10 7.9726E-10 1.0588E-09 1.3796E-09 1.7654E-09 2.2319E-09 2.7845E-09 3.4294E-09 4.1567E-09 4.9887E-09 5.9097E-09 6.9259E-09 8.0154E-09 9.1670E-09 1.0361E-08 1.1584E-08 1.2801E-08 1.3970E-08 1.5059E-08 1.6034E-08 1.6877E-08 1.7568E-08 1.8095E-08 1.8431E-08 1.8580E-08 1.8575E-08 1.8413E-08 1.8109E-08 1.7681E-08 1.7171E-08 1.6580E-08 1.5925E-08 1.5228E-08 1.4516E-08 1.3808E-08 1.3120E-08 1.2458E-08 1.1831E-08 1.1248E-08 1.0710E-08 1.0209E-08 9.7492E-09 9.3184E-09 8.9164E-09 8.5462E-09 8.1948E-09 7.8776E-09 7.5648E-09 7.2722E-09 6.9927E-09 6.7187E-09 6.4586E-09
5.8084E-11 1.2931E-10 2.3010E-10 3.4965E-10 4.8989E-10 6.5694E-10 8.7485E-10 1.1621E-09 1.5082E-09 1.9305E-09 2.4439E-09 3.0500E-09 3.7524E-09 4.5566E-09 5.4628E-09 6.4764E-09 7.5817E-09 8.7757E-09 1.0036E-08 1.1345E-08 1.2687E-08 1.4018E-08 1.5295E-08 1.6487E-08 1.7548E-08 1.8462E-08 1.9195E-08 1.9733E-08 2.0033E-08 2.0143E-08 2.0072E-08 1.9826E-08 1.9411E-08 1.8879E-08 1.8261E-08 1.7552E-08 1.6777E-08 1.5963E-08 1.5134E-08 1.4312E-08 1.3520E-08 1.2763E-08 1.2055E-08 1.1399E-08 1.0795E-08 1.0239E-08 9.7267E-09 9.2626E-09 8.8240E-09 8.4244E-09 8.0484E-09 7.7069E-09 7.3799E-09 7.0642E-09 6.7689E-09 6.4830E-09 6.2128E-09
6.4768E-11 1.4795E-10 2.5497E-10 3.8114E-10 5.2817E-10 7.0974E-10 9.4726E-10 1.2600E-09 1.6335E-09 2.0905E-09 2.6448E-09 3.3019E-09 4.0693E-09 4.9394E-09 5.9261E-09 7.0206E-09 8.2255E-09 9.5176E-09 1.0884E-08 1.2318E-08 1.3782E-08 1.5231E-08 1.6627E-08 1.7917E-08 1.9071E-08 2.0050E-08 2.0831E-08 2.1351E-08 2.1632E-08 2.1704E-08 2.1564E-08 2.1215E-08 2.0694E-08 2.0074E-08 1.9336E-08 1.8498E-08 1.7594E-08 1.6655E-08 1.5707E-08 1.4776E-08 1.3876E-08 1.3025E-08 1.2229E-08 1.1501E-08 1.0834E-08 1.0228E-08 9.6678E-09 9.1641E-09 8.6991E-09 8.2699E-09 7.8750E-09 7.5106E-09 7.1713E-09 6.8406E-09 6.5337E-09 6.2317E-09 5.9555E-09
7.2974E-11 1.6255E-10 2.7491E-10 4.0765E-10 5.6299E-10 7.6073E-10 1.0135E-09 1.3478E-09 1.7467E-09 2.2376E-09 2.8340E-09 3.5366E-09 4.3588E-09 5.2982E-09 6.3570E-09 7.5385E-09 8.8303E-09 1.0221E-08 1.1699E-08 1.3256E-08 1.4844E-08 1.6417E-08 1.7934E-08 1.9343E-08 2.0595E-08 2.1656E-08 2.2467E-08 2.2984E-08 2.3256E-08 2.3280E-08 2.3060E-08 2.2599E-08 2.1992E-08 2.1256E-08 2.0388E-08 1.9417E-08 1.8378E-08 1.7303E-08 1.6228E-08 1.5179E-08 1.4178E-08 1.3235E-08 1.2353E-08 1.1551E-08 1.0822E-08 1.0166E-08 9.5686E-09 9.0282E-09 8.5381E-09 8.0868E-09 7.6742E-09 7.2902E-09 6.9407E-09 6.5989E-09 6.2843E-09 5.9761E-09 5.6898E-09
7.9897E-11 1.7345E-10 2.9054E-10 4.2898E-10 5.9318E-10 8.0341E-10 1.0721E-09 1.4260E-09 1.8489E-09 2.3685E-09 2.9973E-09 3.7465E-09 4.6212E-09 5.6206E-09 6.7495E-09 8.0061E-09 9.3820E-09 1.0868E-08 1.2465E-08 1.4143E-08 1.5855E-08 1.7557E-08 1.9199E-08 2.0720E-08 2.2076E-08 2.3217E-08 2.4036E-08 2.4573E-08 2.4834E-08 2.4818E-08 2.4497E-08 2.3946E-08 2.3263E-08 2.2400E-08 2.1387E-08 2.0274E-08 1.9095E-08 1.7891E-08 1.6689E-08 1.5522E-08 1.4413E-08 1.3378E-08 1.2419E-08 1.1546E-08 1.0758E-08 1.0057E-08 9.4252E-09 8.8564E-09 8.3418E-09 7.8729E-09 7.4473E-09 7.0485E-09 6.6885E-09 6.3401E-09 6.0189E-09 5.7079E-09 5.4196E-09
8.5172E-11 1.8418E-10 3.0437E-10 4.4564E-10 6.1765E-10 8.3846E-10 1.1215E-09 1.4886E-09 1.9311E-09 2.4753E-09 3.1385E-09 3.9193E-09 4.8384E-09 5.8953E-09 7.0847E-09 8.4107E-09 9.8672E-09 1.1442E-08 1.3156E-08 1.4951E-08 1.6789E-08 1.8622E-08 2.0393E-08 2.2039E-08 2.3508E-08 2.4701E-08 2.5566E-08 2.6134E-08 2.6385E-08 2.6295E-08 2.5892E-08 2.5290E-08 2.4493E-08 2.3490E-08 2.2336E-08 2.1069E-08 1.9741E-08 1.8396E-08 1.7072E-08 1.5793E-08 1.4578E-08 1.3450E-08 1.2414E-08 1.1479E-08 1.0642E-08 9.8994E-09 9.2380E-09 8.6464E-09 8.1146E-09 7.6293E-09 7.1946E-09 6.7864E-09 6.4168E-09 6.0664E-09 5.7405E-09 5.4299E-09 5.1409E-09
8.8194E-11 1.9201E-10 3.1400E-10 4.5739E-10 6.3579E-10 8.6455E-10 1.1577E-09 1.5351E-09 1.9970E-09 2.5600E-09 3.2437E-09 4.0579E-09 5.0134E-09 6.1122E-09 7.3512E-09 8.7412E-09 1.0272E-08 1.1944E-08 1.3764E-08 1.5676E-08 1.7644E-08 1.9617E-08 2.1520E-08 2.3301E-08 2.4884E-08 2.6118E-08 2.7045E-08 2.7649E-08 2.7886E-08 2.7728E-08 2.7263E-08 2.6593E-08 2.5655E-08 2.4503E-08 2.3196E-08 2.1782E-08 2.0309E-08 1.8822E-08 1.7364E-08 1.5971E-08 1.4662E-08 1.3448E-08 1.2338E-08 1.1349E-08 1.0471E-08 9.6944E-09 9.0080E-09 8.4006E-09 7.8569E-09 7.3600E-09 6.9153E-09 6.5037E-09 6.1284E-09 5.7780E-09 5.4512E-09 5.1435E-09 4.8559E-09
8.8614E-11 1.9642E-10 3.1779E-10 4.6374E-10 6.4555E-10 8.8032E-10 1.1787E-09 1.5640E-09 2.0351E-09 2.6106E-09 3.3093E-09 4.1448E-09 5.1266E-09 6.2592E-09 7.5452E-09 8.9898E-09 1.0583E-08 1.2334E-08 1.4264E-08 1.6292E-08 1.8390E-08 2.0492E-08 2.2534E-08 2.4448E-08 2.6105E-08 2.7434E-08 2.8447E-08 2.9073E-08 2.9276E-08 2.9070E-08 2.8603E-08 2.7823E-08 2.6749E-08 2.5442E-08 2.3968E-08 2.2394E-08 2.0774E-08 1.9152E-08 1.7565E-08 1.6054E-08 1.4650E-08 1.3366E-08 1.2195E-08 1.1156E-08 1.0243E-08 9.4465E-09 8.7387E-09 8.1211E-09 7.5661E-09 7.0640E-09 6.6138E-09 6.2025E-09 5.8251E-09 5.4775E-09 5.1534E-09 4.8505E-09 4.5675E-09
8.6230E-11 1.9677E-10 3.1694E-10 4.6330E-10 6.4732E-10 8.8513E-10 1.1838E-09 1.5708E-09 2.0496E-09 2.6313E-09 3.3365E-09 4.1865E-09 5.1818E-09 6.3388E-09 7.6580E-09 9.1416E-09 1.0786E-08 1.2633E-08 1.4652E-08 1.6789E-08 1.9020E-08 2.1257E-08 2.3451E-08 2.5502E-08 2.7244E-08 2.8694E-08 2.9776E-08 3.0436E-08 3.0601E-08 3.0395E-08 2.9859E-08 2.8952E-08 2.7741E-08 2.6282E-08 2.4646E-08 2.2907E-08 2.1126E-08 1.9364E-08 1.7658E-08 1.6042E-08 1.4548E-08 1.3198E-08 1.1981E-08 1.0903E-08 9.9637E-09 9.1523E-09 8.4345E-09 7.8057E-09 7.2465E-09 6.7434E-09 6.2927E-09 5.8833E-09 5.5093E-09 5.1668E-09 4.8486E-09 4.5528E-09 4.2779E-09
8.1229E-11 1.9305E-10 3.1161E-10 4.5628E-10 6.4054E-10 8.7721E-10 1.1727E-09 1.5571E-09 2.0369E-09 2.6141E-09 3.3186E-09 4.1709E-09 5.1729E-09 6.3429E-09 7.6816E-09 9.1983E-09 1.0894E-08 1.2814E-08 1.4932E-08 1.7194E-08 1.9554E-08 2.1947E-08 2.4295E-08 2.6440E-08 2.8326E-08 2.9892E-08 3.1054E-08 3.1707E-08 3.1871E-08 3.1681E-08 3.1044E-08 3.0004E-08 2.8626E-08 2.7004E-08 2.5202E-08 2.3303E-08 2.1363E-08 1.9454E-08 1.7633E-08 1.5928E-08 1.4357E-08 1.2946E-08 1.1693E-08 1.0594E-08 9.6358E-09 8.8131E-09 8.0919E-09 7.4589E-09 6.9004E-09 6.3999E-09 5.9528E-09 5.5495E-09 5.1836E-09 4.8484E-09 4.5383E-09 4.2525E-09 3.9872E-09
7.3822E-11 1.8547E-10 3.0219E-10 4.4272E-10 6.2497E-10 8.5698E-10 1.1463E-09 1.5218E-09 1.9935E-09 2.5633E-09 3.2606E-09 4.1024E-09 5.0991E-09 6.2695E-09 7.6237E-09 9.1544E-09 1.0910E-08 1.2894E-08 1.5100E-08 1.7480E-08 1.9976E-08 2.2536E-08 2.5033E-08 2.7325E-08 2.9365E-08 3.1047E-08 3.2260E-08 3.2921E-08 3.3127E-08 3.2869E-08 3.2125E-08 3.0946E-08 2.9415E-08 2.7603E-08 2.5628E-08 2.3555E-08 2.1469E-08 1.9427E-08 1.7492E-08 1.5702E-08 1.4075E-08 1.2619E-08 1.1337E-08 1.0226E-08 9.2626E-09 8.4323E-09 7.7142E-09 7.0832E-09 6.5277E-09 6.0345E-09 5.5977E-09 5.2053E-09 4.8501E-09 4.5256E-09 4.2249E-09 3.9528E-09 3.6980E-09
6.1784E-11 1.7324E-10 2.8811E-10 4.2320E-10 6.0032E-10 8.2559E-10 1.1029E-09 1.4655E-09 1.9230E-09 2.4795E-09 3.1559E-09 3.9820E-09 4.9606E-09 6.1272E-09 7.4759E-09 9.0247E-09 1.0818E-08 1.2871E-08 1.5185E-08 1.7702E-08 2.0368E-08 2.3103E-08 2.5741E-08 2.8213E-08 3.0405E-08 3.2203E-08 3.3441E-08 3.4138E-08 3.4355E-08 3.4004E-08 3.3111E-08 3.1769E-08 3.0058E-08 2.8079E-08 2.5905E-08 2.3664E-08 2.1422E-08 1.9270E-08 1.7234E-08 1.5364E-08 1.3696E-08 1.2217E-08 1.0921E-08 9.8028E-09 8.8434E-09 8.0138E-09 7.3017E-09 6.6803E-09 6.1322E-09 5.6525E-09 5.2308E-09 4.8515E-09 4.5102E-09 4.1992E-09 3.9123E-09 3.6545E-09 3.4123E-09
4.8214E-11 1.5690E-10 2.7113E-10 3.9732E-10 5.6590E-10 7.8268E-10 1.0440E-09 1.3910E-09 1.8265E-09 2.3613E-09 3.0174E-09 3.8089E-09 4.7732E-09 5.9136E-09 7.2604E-09 8.8246E-09 1.0655E-08 1.2783E-08 1.5215E-08 1.7862E-08 2.0699E-08 2.3610E-08 2.6458E-08 2.9130E-08 3.1480E-08 3.3344E-08 3.4634E-08 3.5379E-08 3.5536E-08 3.5058E-08 3.4017E-08 3.2483E-08 3.0562E-08 2.8375E-08 2.6029E-08 2.3619E-08 2.1235E-08 1.8955E-08 1.6848E-08 1.4926E-08 1.3226E-08 1.1743E-08 1.0447E-08 9.3304E-09 8.3812E-09 7.5596E-09 6.8569E-09 6.2522E-09 5.7209E-09 5.2577E-09 4.8548E-09 4.4915E-09 4.1664E-09 3.8737E-09 3.6025E-09 3.3606E-09 3.1302E-09
3.5906E-11 1.3278E-10 2.5110E-10 3.6697E-10 5.2469E-10 7.3100E-10 9.7315E-10 1.2989E-09 1.7074E-09 2.2161E-09 2.8394E-09 3.6001E-09 4.5317E-09 5.6511E-09 6.9807E-09 8.5530E-09 1.0428E-08 1.2651E-08 1.5190E-08 1.8017E-08 2.1073E-08 2.4203E-08 2.7297E-08 3.0182E-08 3.2685E-08 3.4624E-08 3.5951E-08 3.6681E-08 3.6700E-08 3.6052E-08 3.4798E-08 3.3047E-08 3.0910E-08 2.8503E-08 2.5964E-08 2.3391E-08 2.0878E-08 1.8499E-08 1.6328E-08 1.4384E-08 1.2675E-08 1.1197E-08 9.9154E-09 8.8110E-09 7.8764E-09 7.0750E-09 6.3891E-09 5.8068E-09 5.2958E-09 4.8540E-09 4.4720E-09 4.1287E-09 3.8227E-09 3.5494E-09 3.2948E-09 3.0722E-09 2.8571E-09
2.6445E-11 1.0232E-10 2.2774E-10 3.3284E-10 4.7811E-10 6.6979E-10 8.9239E-10 1.1927E-09 1.5706E-09 2.0453E-09 2.6308E-09 3.3525E-09 4.2630E-09 5.3435E-09 6.6524E-09 8.2503E-09 1.0182E-08 1.2507E-08 1.5207E-08 1.8243E-08 2.1549E-08 2.4964E-08 2.8331E-08 3.1441E-08 3.4072E-08 3.6078E-08 3.7436E-08 3.8043E-08 3.7883E-08 3.6995E-08 3.5481E-08 3.3451E-08 3.1063E-08 2.8438E-08 2.5687E-08 2.2959E-08 2.0331E-08 1.7896E-08 1.5693E-08 1.3746E-08 1.2047E-08 1.0584E-08 9.3278E-09 8.2476E-09 7.3395E-09 6.5674E-09 5.9041E-09 5.3484E-09 4.8628E-09 4.4470E-09 4.0870E-09 3.7683E-09 3.4826E-09 3.2264E-09 2.9924E-09 2.7878E-09 2.5929E-09
