Assets/Resources/2015_m01_d26_2300(utc+0800)_l00_csi_1hr_conc.grd
DSAA
         159         159
     -79.000      79.000
     -79.000      79.000
  0.0000E+00  0.2761E-05
[rows 25 to 49 of 159, columns 57 to 113 of 159]
1.1634E-08 1.3571E-08 1.5625E-08 1.7750E-08 1.9867E-08 2.1865E-08 2.3627E-08 2.5034E-08 2.5954E-08 2.6280E-08 2.5935E-08 2.4903E-08 2.3221E-08 2.0983E-08 1.8339E-08 1.5481E-08 1.2600E-08 9.8742E-09 7.4522E-09 5.4057E-09 3.7648E-09 2.5040E-09 1.5851E-09 9.2264E-10 4.6887E-10 2.0544E-10 7.7036E-11 1.9736E-11 0.0000E+00 0.0000E+00 0.0000E+00 0.0000E+00 0.0000E+00 0.0000E+00 0.0000E+00 0.0000E+00 0.0000E+00 0.0000E+00 0.0000E+00 0.0000E+00 0.0000E+00 0.0000E+00 0.0000E+00 0.0000E+00 0.0000E+00 0.0000E+00 0.0000E+00 0.0000E+00 0.0000E+00 0.0000E+00 0.0000E+00 0.0000E+00 0.0000E+00 0.0000E+00 0.0000E+00 0.0000E+00 0.0000E+00
1.0744E-08 1.2670E-08 1.4767E-08 1.6987E-08 1.9245E-08 2.1444E-08 2.3469E-08 2.5172E-08 2.6407E-08 2.7046E-08 2.6985E-08 2.6174E-08 2.4626E-08 2.2431E-08 1.9744E-08 1.6760E-08 1.3709E-08 1.0791E-08 8.1630E-09 5.9328E-09 4.1347E-09 2.7451E-09 1.7395E-09 1.0272E-09 5.2730E-10 2.4455E-10 9.6313E-11 3.2778E-11 5.0123E-12 0.0000E+00 0.0000E+00 0.0000E+00 0.0000E+00 0.0000E+00 0.0000E+00 0.0000E+00 0.0000E+00 0.0000E+00 0.0000E+00 0.0000E+00 0.0000E+00 0.0000E+00 0.0000E+00 0.0000E+00 0.0000E+00 0.0000E+00 0.0000E+00 0.0000E+00 0.0000E+00 0.0000E+00 0.0000E+00 0.0000E+00 0.0000E+00 0.0000E+00 0.0000E+00 0.0000E+00 0.0000E+00
9.7053E-09 1.1599E-08 1.3705E-08 1.5970E-08 1.8344E-08 2.0731E-08 2.3003E-08 2.5009E-08 2.6585E-08 2.7575E-08 2.7840E-08 2.7296E-08 2.5939E-08 2.3836E-08 2.1135E-08 1.8065E-08 1.4856E-08 1.1744E-08 8.9095E-09 6.4869E-09 4.5228E-09 3.0119E-09 1.9158E-09 1.1383E-09 6.0456E-10 2.9412E-10 1.2674E-10 5.2133E-11 1.0196E-11 0.0000E+00 0.0000E+00 0.0000E+00 0.0000E+00 0.0000E+00 0.0000E+00 0.0000E+00 0.0000E+00 0.0000E+00 0.0000E+00 0.0000E+00 0.0000E+00 0.0000E+00 0.0000E+00 0.0000E+00 0.0000E+00 0.0000E+00 0.0000E+00 0.0000E+00 0.0000E+00 0.0000E+00 0.0000E+00 0.0000E+00 0.0000E+00 0.0000E+00 0.0000E+00 0.0000E+00 0.0000E+00
8.5779E-09 1.0394E-08 1.2456E-08 1.4737E-08 1.7196E-08 1.9732E-08 2.2226E-08 2.4527E-08 2.6451E-08 2.7810E-08 2.8438E-08 2.8214E-08 2.7092E-08 2.5133E-08 2.2481E-08 1.9348E-08 1.6008E-08 1.2712E-08 9.6809E-09 7.0648E-09 4.9306E-09 3.2946E-09 2.1115E-09 1.2613E-09 6.8334E-10 3.4842E-10 1.6153E-10 7.1802E-11 1.9561E-11 0.0000E+00 0.0000E+00 0.0000E+00 0.0000E+00 0.0000E+00 0.0000E+00 0.0000E+00 0.0000E+00 0.0000E+00 0.0000E+00 0.0000E+00 0.0000E+00 0.0000E+00 0.0000E+00 0.0000E+00 0.0000E+00 0.0000E+00 0.0000E+00 0.0000E+00 0.0000E+00 0.0000E+00 0.0000E+00 0.0000E+00 0.0000E+00 0.0000E+00 0.0000E+00 0.0000E+00 0.0000E+00
7.3889E-09 9.1042E-09 1.1091E-08 1.3343E-08 1.5826E-08 1.8463E-08 2.1146E-08 2.3711E-08 2.5969E-08 2.7704E-08 2.8713E-08 2.8845E-08 2.8023E-08 2.6257E-08 2.3693E-08 2.0554E-08 1.7113E-08 1.3664E-08 1.0455E-08 7.6498E-09 5.3686E-09 3.6025E-09 2.3208E-09 1.4213E-09 7.8879E-10 4.1053E-10 2.0501E-10 9.4276E-11 2.9609E-11 0.0000E+00 0.0000E+00 0.0000E+00 0.0000E+00 0.0000E+00 0.0000E+00 0.0000E+00 0.0000E+00 0.0000E+00 0.0000E+00 0.0000E+00 0.0000E+00 0.0000E+00 0.0000E+00 0.0000E+00 0.0000E+00 0.0000E+00 0.0000E+00 0.0000E+00 0.0000E+00 0.0000E+00 0.0000E+00 0.0000E+00 0.0000E+00 0.0000E+00 0.0000E+00 0.0000E+00 0.0000E+00
6.2139E-09 7.7859E-09 9.6516E-09 1.1824E-08 1.4283E-08 1.6967E-08 1.9777E-08 2.2562E-08 2.5113E-08 2.7206E-08 2.8612E-08 2.9123E-08 2.8625E-08 2.7119E-08 2.4706E-08 2.1607E-08 1.8131E-08 1.4568E-08 1.1205E-08 8.2420E-09 5.8189E-09 3.9391E-09 2.5588E-09 1.5757E-09 9.0685E-10 4.9004E-10 2.5085E-10 1.1882E-10 3.9959E-11 0.0000E+00 0.0000E+00 0.0000E+00 0.0000E+00 0.0000E+00 0.0000E+00 0.0000E+00 0.0000E+00 0.0000E+00 0.0000E+00 0.0000E+00 0.0000E+00 0.0000E+00 0.0000E+00 0.0000E+00 0.0000E+00 0.0000E+00 0.0000E+00 0.0000E+00 0.0000E+00 0.0000E+00 0.0000E+00 0.0000E+00 0.0000E+00 0.0000E+00 0.0000E+00 0.0000E+00 0.0000E+00
5.0811E-09 6.4858E-09 8.2005E-09 1.0248E-08 1.2618E-08 1.5284E-08 1.8155E-08 2.1082E-08 2.3879E-08 2.6293E-08 2.8063E-08 2.8967E-08 2.8838E-08 2.7626E-08 2.5440E-08 2.2462E-08 1.8999E-08 1.5373E-08 1.1916E-08 8.8425E-09 6.2918E-09 4.2931E-09 2.8146E-09 1.7631E-09 1.0379E-09 5.7218E-10 2.9884E-10 1.4312E-10 4.9984E-11 4.1501E-12 0.0000E+00 0.0000E+00 0.0000E+00 0.0000E+00 0.0000E+00 0.0000E+00 0.0000E+00 0.0000E+00 0.0000E+00 0.0000E+00 0.0000E+00 0.0000E+00 0.0000E+00 0.0000E+00 0.0000E+00 0.0000E+00 0.0000E+00 0.0000E+00 0.0000E+00 0.0000E+00 0.0000E+00 0.0000E+00 0.0000E+00 0.0000E+00 0.0000E+00 0.0000E+00 0.0000E+00
4.0404E-09 5.2631E-09 6.7970E-09 8.6669E-09 1.0901E-08 1.3473E-08 1.6318E-08 1.9319E-08 2.2274E-08 2.4944E-08 2.7046E-08 2.8323E-08 2.8590E-08 2.7740E-08 2.5828E-08 2.3042E-08 1.9680E-08 1.6080E-08 1.2579E-08 9.4170E-09 6.7643E-09 4.6570E-09 3.0868E-09 1.9529E-09 1.1711E-09 6.5583E-10 3.4948E-10 1.6657E-10 5.9079E-11 8.6350E-12 0.0000E+00 0.0000E+00 0.0000E+00 0.0000E+00 0.0000E+00 0.0000E+00 0.0000E+00 0.0000E+00 0.0000E+00 0.0000E+00 0.0000E+00 0.0000E+00 0.0000E+00 0.0000E+00 0.0000E+00 0.0000E+00 0.0000E+00 0.0000E+00 0.0000E+00 0.0000E+00 0.0000E+00 0.0000E+00 0.0000E+00 0.0000E+00 0.0000E+00 0.0000E+00 0.0000E+00
3.1201E-09 4.1490E-09 5.4812E-09 7.1506E-09 9.1878E-09 1.1604E-08 1.4348E-08 1.7321E-08 2.0348E-08 2.3189E-08 2.5571E-08 2.7205E-08 2.7854E-08 2.7395E-08 2.5830E-08 2.3316E-08 2.0142E-08 1.6637E-08 1.3161E-08 9.9642E-09 7.2406E-09 5.0366E-09 3.3625E-09 2.1462E-09 1.3080E-09 7.4597E-10 3.9959E-10 1.9143E-10 7.8867E-11 1.3037E-11 0.0000E+00 0.0000E+00 0.0000E+00 0.0000E+00 0.0000E+00 0.0000E+00 0.0000E+00 0.0000E+00 0.0000E+00 0.0000E+00 0.0000E+00 0.0000E+00 0.0000E+00 0.0000E+00 0.0000E+00 0.0000E+00 0.0000E+00 0.0000E+00 0.0000E+00 0.0000E+00 0.0000E+00 0.0000E+00 0.0000E+00 0.0000E+00 0.0000E+00 0.0000E+00 0.0000E+00
2.3280E-09 3.1738E-09 4.2948E-09 5.7366E-09 7.5461E-09 9.7414E-09 1.2315E-08 1.5176E-08 1.8182E-08 2.1113E-08 2.3690E-08 2.5624E-08 2.6646E-08 2.6590E-08 2.5427E-08 2.3261E-08 2.0369E-08 1.7059E-08 1.3666E-08 1.0473E-08 7.6932E-09 5.4088E-09 3.6446E-09 2.3486E-09 1.4447E-09 8.4024E-10 4.4921E-10 2.2190E-10 8.9724E-11 1.8054E-11 0.0000E+00 0.0000E+00 0.0000E+00 0.0000E+00 0.0000E+00 0.0000E+00 0.0000E+00 0.0000E+00 0.0000E+00 0.0000E+00 0.0000E+00 0.0000E+00 0.0000E+00 0.0000E+00 0.0000E+00 0.0000E+00 0.0000E+00 0.0000E+00 0.0000E+00 0.0000E+00 0.0000E+00 0.0000E+00 0.0000E+00 0.0000E+00 0.0000E+00 0.0000E+00 0.0000E+00
1.6814E-09 2.3553E-09 3.2710E-09 4.4797E-09 6.0371E-09 7.9810E-09 1.0316E-08 1.2987E-08 1.5882E-08 1.8803E-08 2.1491E-08 2.3652E-08 2.5018E-08 2.5369E-08 2.4653E-08 2.2929E-08 2.0379E-08 1.7316E-08 1.4084E-08 1.0942E-08 8.1344E-09 5.7847E-09 3.9306E-09 2.5519E-09 1.5841E-09 9.3818E-10 5.0447E-10 2.5177E-10 1.0019E-10 2.3046E-11 0.0000E+00 0.0000E+00 0.0000E+00 0.0000E+00 0.0000E+00 0.0000E+00 0.0000E+00 0.0000E+00 0.0000E+00 0.0000E+00 0.0000E+00 0.0000E+00 0.0000E+00 0.0000E+00 0.0000E+00 0.0000E+00 0.0000E+00 0.0000E+00 0.0000E+00 0.0000E+00 0.0000E+00 0.0000E+00 0.0000E+00 0.0000E+00 0.0000E+00 0.0000E+00 0.0000E+00
1.1438E-09 1.6771E-09 2.4156E-09 3.3984E-09 4.7038E-09 6.3681E-09 8.4311E-09 1.0856E-08 1.3562E-08 1.6381E-08 1.9096E-08 2.1415E-08 2.3081E-08 2.3851E-08 2.3586E-08 2.2318E-08 2.0205E-08 1.7461E-08 1.4415E-08 1.1363E-08 8.5552E-09 6.1506E-09 4.2210E-09 2.7710E-09 1.7376E-09 1.0401E-09 5.6803E-10 2.8124E-10 1.1568E-10 3.0663E-11 0.0000E+00 0.0000E+00 0.0000E+00 0.0000E+00 0.0000E+00 0.0000E+00 0.0000E+00 0.0000E+00 0.0000E+00 0.0000E+00 0.0000E+00 0.0000E+00 0.0000E+00 0.0000E+00 0.0000E+00 0.0000E+00 0.0000E+00 0.0000E+00 0.0000E+00 0.0000E+00 0.0000E+00 0.0000E+00 0.0000E+00 0.0000E+00 0.0000E+00 0.0000E+00 0.0000E+00
7.1045E-10 1.1523E-09 1.7232E-09 2.5055E-09 3.5711E-09 4.9680E-09 6.7358E-09 8.8710E-09 1.1331E-08 1.3984E-08 1.6656E-08 1.9077E-08 2.0968E-08 2.2101E-08 2.2323E-08 2.1535E-08 1.9849E-08 1.7471E-08 1.4665E-08 1.1746E-08 8.9742E-09 6.5387E-09 4.5420E-09 3.0034E-09 1.9033E-09 1.1548E-09 6.3320E-10 3.1373E-10 1.3410E-10 4.1189E-11 1.6118E-12 0.0000E+00 0.0000E+00 0.0000E+00 0.0000E+00 0.0000E+00 0.0000E+00 0.0000E+00 0.0000E+00 0.0000E+00 0.0000E+00 0.0000E+00 0.0000E+00 0.0000E+00 0.0000E+00 0.0000E+00 0.0000E+00 0.0000E+00 0.0000E+00 0.0000E+00 0.0000E+00 0.0000E+00 0.0000E+00 0.0000E+00 0.0000E+00 0.0000E+00 0.0000E+00
3.4283E-10 7.1910E-10 1.1757E-09 1.8087E-09 2.6520E-09 3.7936E-09 5.2682E-09 7.1109E-09 9.3008E-09 1.1742E-08 1.4282E-08 1.6714E-08 1.8808E-08 2.0259E-08 2.0888E-08 2.0593E-08 1.9373E-08 1.7386E-08 1.4879E-08 1.2127E-08 9.4087E-09 6.9472E-09 4.8820E-09 3.2702E-09 2.0969E-09 1.2776E-09 7.0807E-10 3.5447E-10 1.5425E-10 5.4328E-11 6.8021E-12 0.0000E+00 0.0000E+00 0.0000E+00 0.0000E+00 0.0000E+00 0.0000E+00 0.0000E+00 0.0000E+00 0.0000E+00 0.0000E+00 0.0000E+00 0.0000E+00 0.0000E+00 0.0000E+00 0.0000E+00 0.0000E+00 0.0000E+00 0.0000E+00 0.0000E+00 0.0000E+00 0.0000E+00 0.0000E+00 0.0000E+00 0.0000E+00 0.0000E+00 0.0000E+00
1.4366E-10 3.7069E-10 7.6270E-10 1.2626E-09 1.9255E-09 2.8378E-09 4.0536E-09 5.6035E-09 7.4933E-09 9.6862E-09 1.2073E-08 1.4470E-08 1.6648E-08 1.8367E-08 1.9384E-08 1.9549E-08 1.8815E-08 1.7259E-08 1.5074E-08 1.2519E-08 9.8822E-09 7.4169E-09 5.2858E-09 3.5871E-09 2.3163E-09 1.4178E-09 7.9266E-10 4.0962E-10 1.8841E-10 6.9941E-11 1.3838E-11 0.0000E+00 0.0000E+00 0.0000E+00 0.0000E+00 0.0000E+00 0.0000E+00 0.0000E+00 0.0000E+00 0.0000E+00 0.0000E+00 0.0000E+00 0.0000E+00 0.0000E+00 0.0000E+00 0.0000E+00 0.0000E+00 0.0000E+00 0.0000E+00 0.0000E+00 0.0000E+00 0.0000E+00 0.0000E+00 0.0000E+00 0.0000E+00 0.0000E+00 0.0000E+00
6.6372E-11 1.8007E-10 4.1390E-10 8.4386E-10 1.3698E-09 2.0853E-09 3.0555E-09 4.3333E-09 5.9468E-09 7.8774E-09 1.0054E-08 1.2352E-08 1.4576E-08 1.6494E-08 1.7860E-08 1.8475E-08 1.8229E-08 1.7124E-08 1.5294E-08 1.2969E-08 1.0429E-08 7.9485E-09 5.7542E-09 3.9542E-09 2.5839E-09 1.5937E-09 9.0826E-10 4.7211E-10 2.2239E-10 9.0471E-11 2.3828E-11 0.0000E+00 0.0000E+00 0.0000E+00 0.0000E+00 0.0000E+00 0.0000E+00 0.0000E+00 0.0000E+00 0.0000E+00 0.0000E+00 0.0000E+00 0.0000E+00 0.0000E+00 0.0000E+00 0.0000E+00 0.0000E+00 0.0000E+00 0.0000E+00 0.0000E+00 0.0000E+00 0.0000E+00 0.0000E+00 0.0000E+00 0.0000E+00 0.0000E+00 0.0000E+00
2.4414E-11 9.7421E-11 2.5170E-10 5.1787E-10 9.4437E-10 1.5001E-09 2.2677E-09 3.3000E-09 4.6382E-09 6.2982E-09 8.2543E-09 1.0424E-08 1.2643E-08 1.4703E-08 1.6372E-08 1.7412E-08 1.7644E-08 1.6997E-08 1.5541E-08 1.3462E-08 1.1042E-08 8.5793E-09 6.3150E-09 4.3981E-09 2.8931E-09 1.7989E-09 1.0455E-09 5.5450E-10 2.6778E-10 1.1463E-10 3.6714E-11 0.0000E+00 0.0000E+00 0.0000E+00 0.0000E+00 0.0000E+00 0.0000E+00 0.0000E+00 0.0000E+00 0.0000E+00 0.0000E+00 0.0000E+00 0.0000E+00 0.0000E+00 0.0000E+00 0.0000E+00 0.0000E+00 0.0000E+00 0.0000E+00 0.0000E+00 0.0000E+00 0.0000E+00 0.0000E+00 0.0000E+00 0.0000E+00 0.0000E+00 0.0000E+00
7.7312E-12 3.3603E-11 1.2682E-10 3.0721E-10 6.1198E-10 1.0548E-09 1.6469E-09 2.4590E-09 3.5548E-09 4.9695E-09 6.6962E-09 8.6955E-09 1.0861E-08 1.3023E-08 1.4946E-08 1.6363E-08 1.7051E-08 1.6872E-08 1.5818E-08 1.4033E-08 1.1766E-08 9.3115E-09 6.9595E-09 4.9057E-09 3.2688E-09 2.0583E-09 1.2145E-09 6.5223E-10 3.2715E-10 1.4456E-10 5.0688E-11 5.1778E-12 0.0000E+00 0.0000E+00 0.0000E+00 0.0000E+00 0.0000E+00 0.0000E+00 0.0000E+00 0.0000E+00 0.0000E+00 0.0000E+00 0.0000E+00 0.0000E+00 0.0000E+00 0.0000E+00 0.0000E+00 0.0000E+00 0.0000E+00 0.0000E+00 0.0000E+00 0.0000E+00 0.0000E+00 0.0000E+00 0.0000E+00 0.0000E+00 0.0000E+00
0.0000E+00 1.4724E-11 4.5735E-11 1.6758E-10 3.7841E-10 6.7797E-10 1.1712E-09 1.8034E-09 2.6820E-09 3.8558E-09 5.3563E-09 7.1797E-09 9.2643E-09 1.1465E-08 1.3569E-08 1.5321E-08 1.6450E-08 1.6747E-08 1.6123E-08 1.4653E-08 1.2554E-08 1.0131E-08 7.7039E-09 5.5155E-09 3.7168E-09 2.3620E-09 1.4095E-09 7.7232E-10 3.9280E-10 1.8013E-10 6.4752E-11 1.0894E-11 0.0000E+00 0.0000E+00 0.0000E+00 0.0000E+00 0.0000E+00 0.0000E+00 0.0000E+00 0.0000E+00 0.0000E+00 0.0000E+00 0.0000E+00 0.0000E+00 0.0000E+00 0.0000E+00 0.0000E+00 0.0000E+00 0.0000E+00 0.0000E+00 0.0000E+00 0.0000E+00 0.0000E+00 0.0000E+00 0.0000E+00 0.0000E+00 0.0000E+00
0.0000E+00 0.0000E+00 2.1824E-11 9.1964E-11 2.3131E-10 4.7340E-10 8.3216E-10 1.3054E-09 1.9913E-09 2.9535E-09 4.2384E-09 5.8666E-09 7.8213E-09 1.0008E-08 1.2252E-08 1.4292E-08 1.5823E-08 1.6582E-08 1.6408E-08 1.5293E-08 1.3414E-08 1.1043E-08 8.5408E-09 6.2024E-09 4.2375E-09 2.7250E-09 1.6481E-09 9.2378E-10 4.7410E-10 2.1872E-10 8.2523E-11 1.7795E-11 0.0000E+00 0.0000E+00 0.0000E+00 0.0000E+00 0.0000E+00 0.0000E+00 0.0000E+00 0.0000E+00 0.0000E+00 0.0000E+00 0.0000E+00 0.0000E+00 0.0000E+00 0.0000E+00 0.0000E+00 0.0000E+00 0.0000E+00 0.0000E+00 0.0000E+00 0.0000E+00 0.0000E+00 0.0000E+00 0.0000E+00 0.0000E+00 0.0000E+00
0.0000E+00 0.0000E+00 3.9951E-13 1.5697E-11 1.0617E-10 2.6611E-10 5.1904E-10 9.3298E-10 1.4692E-09 2.2393E-09 3.3133E-09 4.7483E-09 6.5557E-09 8.6854E-09 1.0991E-08 1.3241E-08 1.5131E-08 1.6348E-08 1.6644E-08 1.5920E-08 1.4290E-08 1.2023E-08 9.4826E-09 7.0117E-09 4.8522E-09 3.1525E-09 1.9270E-09 1.0974E-09 5.7000E-10 2.6526E-10 1.0658E-10 2.8232E-11 0.0000E+00 0.0000E+00 0.0000E+00 0.0000E+00 0.0000E+00 0.0000E+00 0.0000E+00 0.0000E+00 0.0000E+00 0.0000E+00 0.0000E+00 0.0000E+00 0.0000E+00 0.0000E+00 0.0000E+00 0.0000E+00 0.0000E+00 0.0000E+00 0.0000E+00 0.0000E+00 0.0000E+00 0.0000E+00 0.0000E+00 0.0000E+00 0.0000E+00
0.0000E+00 0.0000E+00 0.0000E+00 1.0904E-12 1.1008E-11 1.0829E-10 2.8600E-10 5.8882E-10 1.0565E-09 1.6709E-09 2.5657E-09 3.8064E-09 5.4302E-09 7.4484E-09 9.7523E-09 1.2160E-08 1.4354E-08 1.5988E-08 1.6758E-08 1.6481E-08 1.5179E-08 1.3070E-08 1.0515E-08 7.8991E-09 5.5482E-09 3.6613E-09 2.2615E-09 1.3065E-09 6.8065E-10 3.2461E-10 1.3346E-10 4.1244E-11 9.4860E-13 0.0000E+00 0.0000E+00 0.0000E+00 0.0000E+00 0.0000E+00 0.0000E+00 0.0000E+00 0.0000E+00 0.0000E+00 0.0000E+00 0.0000E+00 0.0000E+00 0.0000E+00 0.0000E+00 0.0000E+00 0.0000E+00 0.0000E+00 0.0000E+00 0.0000E+00 0.0000E+00 0.0000E+00 0.0000E+00 0.0000E+00 0.0000E+00
0.0000E+00 0.0000E+00 0.0000E+00 0.0000E+00 7.8380E-14 5.6578E-11 1.7093E-10 3.7149E-10 7.3195E-10 1.2126E-09 1.9348E-09 2.9745E-09 4.4178E-09 6.2902E-09 8.5323E-09 1.1011E-08 1.3446E-08 1.5477E-08 1.6738E-08 1.6946E-08 1.6031E-08 1.4140E-08 1.1622E-08 8.9039E-09 6.3673E-09 4.2448E-09 2.6467E-09 1.5459E-09 8.1554E-10 3.9661E-10 1.6775E-10 5.5000E-11 4.4538E-12 0.0000E+00 0.0000E+00 0.0000E+00 0.0000E+00 0.0000E+00 0.0000E+00 0.0000E+00 0.0000E+00 0.0000E+00 0.0000E+00 0.0000E+00 0.0000E+00 0.0000E+00 0.0000E+00 0.0000E+00 0.0000E+00 0.0000E+00 0.0000E+00 0.0000E+00 0.0000E+00 0.0000E+00 0.0000E+00 0.0000E+00 0.0000E+00
0.0000E+00 0.0000E+00 0.0000E+00 0.0000E+00 0.0000E+00 0.0000E+00 6.7174E-11 1.9904E-10 4.3812E-10 8.6214E-10 1.4425E-09 2.3111E-09 3.5560E-09 5.2331E-09 7.3595E-09 9.8427E-09 1.2440E-08 1.4806E-08 1.6536E-08 1.7263E-08 1.6803E-08 1.5220E-08 1.2808E-08 1.0012E-08 7.2717E-09 4.9200E-09 3.1033E-09 1.8276E-09 9.7907E-10 4.8273E-10 2.1286E-10 7.4574E-11 9.9920E-12 0.0000E+00 0.0000E+00 0.0000E+00 0.0000E+00 0.0000E+00 0.0000E+00 0.0000E+00 0.0000E+00 0.0000E+00 0.0000E+00 0.0000E+00 0.0000E+00 0.0000E+00 0.0000E+00 0.0000E+00 0.0000E+00 0.0000E+00 0.0000E+00 0.0000E+00 0.0000E+00 0.0000E+00 0.0000E+00 0.0000E+00 0.0000E+00
0.0000E+00 0.0000E+00 0.0000E+00 0.0000E+00 0.0000E+00 0.0000E+00 1.6650E-12 8.4243E-11 2.4135E-10 5.3248E-10 1.0442E-09 1.7464E-09 2.7885E-09 4.2723E-09 6.2378E-09 8.6365E-09 1.1312E-08 1.3949E-08 1.6125E-08 1.7392E-08 1.7455E-08 1.6260E-08 1.4034E-08 1.1211E-08 8.3038E-09 5.6977E-09 3.6352E-09 2.1627E-09 1.1824E-09 5.8767E-10 2.6240E-10 9.7280E-11 1.8645E-11 0.0000E+00 0.0000E+00 0.0000E+00 0.0000E+00 0.0000E+00 0.0000E+00 0.0000E+00 0.0000E+00 0.0000E+00 0.0000E+00 0.0000E+00 0.0000E+00 0.0000E+00 0.0000E+00 0.0000E+00 0.0000E+00 0.0000E+00 0.0000E+00 0.0000E+00 0.0000E+00 0.0000E+00 0.0000E+00 0.0000E+00 0.0000E+00
