Assets/Resources/2015_m01_d25_0100(utc+0800)_l00_csi_1hr_conc.grd
DSAA
         159         159
     -79.000      79.000
     -79.000      79.000
  0.0000E+00  0.3811E-05
[rows 25 to 49 of 159, columns 0 to 56 of 159]
6.0868E-10 6.9877E-10 8.0076E-10 9.1675E-10 1.0462E-09 1.1929E-09 1.3570E-09 1.5419E-09 1.7451E-09 1.9708E-09 2.2168E-09 2.4849E-09 2.7729E-09 3.0811E-09 3.4094E-09 3.7524E-09 4.1129E-09 4.4853E-09 4.8708E-09 5.2629E-09 5.6640E-09 6.0667E-09 6.4722E-09 6.8779E-09 7.2824E-09 7.6853E-09 8.0880E-09 8.4859E-09 8.8853E-09 9.2840E-09 9.6819E-09 1.0075E-08 1.0467E-08 1.0850E-08 1.1221E-08 1.1573E-08 1.1894E-08 1.2178E-08 1.2414E-08 1.2584E-08 1.2676E-08 1.2677E-08 1.2575E-08 1.2361E-08 1.2027E-08 1.1573E-08 1.1005E-08 1.0332E-08 9.5706E-09 8.7408E-09 7.8659E-09 6.9691E-09 6.0736E-09 5.2084E-09 4.3916E-09 3.6351E-09 2.9506E-09
5.1758E-10 5.9611E-10 6.8477E-10 7.8460E-10 8.9742E-10 1.0245E-09 1.1685E-09 1.3299E-09 1.5093E-09 1.7083E-09 1.9263E-09 2.1649E-09 2.4218E-09 2.6979E-09 2.9906E-09 3.3029E-09 3.6296E-09 3.9686E-09 4.3218E-09 4.6835E-09 5.0559E-09 5.4313E-09 5.8133E-09 6.2001E-09 6.5900E-09 6.9819E-09 7.3784E-09 7.7774E-09 8.1838E-09 8.5950E-09 9.0124E-09 9.4374E-09 9.8665E-09 1.0297E-08 1.0726E-08 1.1142E-08 1.1543E-08 1.1916E-08 1.2245E-08 1.2517E-08 1.2714E-08 1.2823E-08 1.2827E-08 1.2713E-08 1.2471E-08 1.2099E-08 1.1599E-08 1.0979E-08 1.0250E-08 9.4330E-09 8.5513E-09 7.6311E-09 6.7006E-09 5.7855E-09 4.9089E-09 4.0880E-09 3.3323E-09
4.3705E-10 5.0440E-10 5.8020E-10 6.6579E-10 7.6288E-10 8.7258E-10 9.9719E-10 1.1375E-09 1.2943E-09 1.4685E-09 1.6599E-09 1.8700E-09 2.0974E-09 2.3425E-09 2.6033E-09 2.8796E-09 3.1753E-09 3.4804E-09 3.8006E-09 4.1298E-09 4.4710E-09 4.8181E-09 5.1741E-09 5.5367E-09 5.9058E-09 6.2820E-09 6.6680E-09 7.0603E-09 7.4638E-09 7.8798E-09 8.3115E-09 8.7562E-09 9.2131E-09 9.6835E-09 1.0159E-08 1.0637E-08 1.1110E-08 1.1563E-08 1.1984E-08 1.2356E-08 1.2662E-08 1.2883E-08 1.2998E-08 1.2993E-08 1.2856E-08 1.2579E-08 1.2160E-08 1.1601E-08 1.0916E-08 1.0125E-08 9.2511E-09 8.3202E-09 7.3598E-09 6.4005E-09 5.4682E-09 4.5792E-09 3.7584E-09
3.6096E-10 4.2269E-10 4.8703E-10 5.6012E-10 6.4274E-10 7.3674E-10 8.4362E-10 9.6525E-10 1.1004E-09 1.2515E-09 1.4183E-09 1.6014E-09 1.8012E-09 2.0167E-09 2.2467E-09 2.4895E-09 2.7504E-09 3.0248E-09 3.3115E-09 3.6077E-09 3.9174E-09 4.2333E-09 4.5596E-09 4.8955E-09 5.2413E-09 5.5968E-09 5.9636E-09 6.3431E-09 6.7400E-09 7.1534E-09 7.5890E-09 8.0420E-09 8.5220E-09 9.0200E-09 9.5351E-09 1.0065E-08 1.0599E-08 1.1127E-08 1.1635E-08 1.2105E-08 1.2517E-08 1.2850E-08 1.3083E-08 1.3196E-08 1.3174E-08 1.3003E-08 1.2678E-08 1.2201E-08 1.1583E-08 1.0837E-08 9.9842E-09 9.0521E-09 8.0735E-09 7.0760E-09 6.0885E-09 5.1368E-09 4.2407E-09
2.8165E-10 3.4642E-10 4.0402E-10 4.6677E-10 5.3662E-10 6.1673E-10 7.0782E-10 8.1148E-10 9.2719E-10 1.0576E-09 1.2008E-09 1.3601E-09 1.5325E-09 1.7210E-09 1.9217E-09 2.1343E-09 2.3589E-09 2.6014E-09 2.8581E-09 3.1214E-09 3.3984E-09 3.6823E-09 3.9785E-09 4.2851E-09 4.6025E-09 4.9325E-09 5.2784E-09 5.6400E-09 6.0218E-09 6.4244E-09 6.8557E-09 7.3125E-09 7.8021E-09 8.3178E-09 8.8640E-09 9.4341E-09 1.0022E-08 1.0617E-08 1.1203E-08 1.1765E-08 1.2281E-08 1.2728E-08 1.3080E-08 1.3317E-08 1.3418E-08 1.3365E-08 1.3152E-08 1.2774E-08 1.2234E-08 1.1549E-08 1.0737E-08 9.8220E-09 8.8362E-09 7.8120E-09 6.7786E-09 5.7617E-09 4.7943E-09
2.0357E-10 2.6882E-10 3.2914E-10 3.8258E-10 4.4341E-10 5.1105E-10 5.8867E-10 6.7626E-10 7.7475E-10 8.8554E-10 1.0083E-09 1.1444E-09 1.2929E-09 1.4552E-09 1.6292E-09 1.8132E-09 2.0081E-09 2.2117E-09 2.4396E-09 2.6740E-09 2.9185E-09 3.1704E-09 3.4344E-09 3.7097E-09 3.9985E-09 4.3012E-09 4.6203E-09 4.9580E-09 5.3208E-09 5.7073E-09 6.1258E-09 6.5764E-09 7.0650E-09 7.5927E-09 8.1583E-09 8.7571E-09 9.3886E-09 1.0039E-08 1.0696E-08 1.1344E-08 1.1957E-08 1.2513E-08 1.2986E-08 1.3353E-08 1.3584E-08 1.3662E-08 1.3573E-08 1.3307E-08 1.2871E-08 1.2267E-08 1.1511E-08 1.0630E-08 9.6524E-09 8.6107E-09 7.5346E-09 6.4591E-09 5.4193E-09
1.4563E-10 1.9580E-10 2.5421E-10 3.0803E-10 3.5864E-10 4.1789E-10 4.8314E-10 5.5773E-10 6.4114E-10 7.3461E-10 8.3875E-10 9.5387E-10 1.0806E-09 1.2184E-09 1.3674E-09 1.5253E-09 1.6927E-09 1.8680E-09 2.0528E-09 2.2641E-09 2.4795E-09 2.6998E-09 2.9326E-09 3.1770E-09 3.4348E-09 3.7071E-09 3.9979E-09 4.3087E-09 4.6470E-09 5.0092E-09 5.4088E-09 5.8474E-09 6.3290E-09 6.8568E-09 7.4286E-09 8.0491E-09 8.7127E-09 9.4070E-09 1.0125E-08 1.0847E-08 1.1550E-08 1.2212E-08 1.2806E-08 1.3300E-08 1.3667E-08 1.3888E-08 1.3937E-08 1.3808E-08 1.3489E-08 1.2983E-08 1.2309E-08 1.1483E-08 1.0532E-08 9.4879E-09 8.3827E-09 7.2537E-09 6.1367E-09
1.1235E-10 1.2930E-10 1.8470E-10 2.3832E-10 2.8423E-10 3.3409E-10 3.8997E-10 4.5275E-10 5.2285E-10 6.0263E-10 6.8934E-10 7.8729E-10 8.9341E-10 1.0100E-09 1.1358E-09 1.2695E-09 1.4124E-09 1.5613E-09 1.7187E-09 1.8848E-09 2.0799E-09 2.2737E-09 2.4757E-09 2.6889E-09 2.9154E-09 3.1571E-09 3.4163E-09 3.6965E-09 4.0053E-09 4.3420E-09 4.7192E-09 5.1364E-09 5.6029E-09 6.1224E-09 6.6943E-09 7.3246E-09 8.0037E-09 8.7326E-09 9.4995E-09 1.0283E-08 1.1068E-08 1.1829E-08 1.2535E-08 1.3157E-08 1.3669E-08 1.4037E-08 1.4240E-08 1.4253E-08 1.4071E-08 1.3693E-08 1.3121E-08 1.2370E-08 1.1465E-08 1.0433E-08 9.3123E-09 8.1392E-09 6.9571E-09
8.1282E-11 9.6141E-11 1.1591E-10 1.7000E-10 2.1647E-10 2.6042E-10 3.0779E-10 3.6099E-10 4.1994E-10 4.8562E-10 5.5927E-10 6.4029E-10 7.2955E-10 8.2727E-10 9.3170E-10 1.0448E-09 1.1650E-09 1.2909E-09 1.4238E-09 1.5607E-09 1.7115E-09 1.8886E-09 2.0648E-09 2.2476E-09 2.4429E-09 2.6527E-09 2.8791E-09 3.1286E-09 3.4082E-09 3.7146E-09 4.0645E-09 4.4553E-09 4.9028E-09 5.4041E-09 5.9657E-09 6.5902E-09 7.2799E-09 8.0299E-09 8.8274E-09 9.6639E-09 1.0519E-08 1.1367E-08 1.2181E-08 1.2930E-08 1.3583E-08 1.4104E-08 1.4466E-08 1.4646E-08 1.4628E-08 1.4393E-08 1.3949E-08 1.3302E-08 1.2473E-08 1.1483E-08 1.0364E-08 9.1595E-09 7.9101E-09
5.7343E-11 6.7192E-11 8.0740E-11 1.0526E-10 1.5564E-10 1.9421E-10 2.3504E-10 2.8076E-10 3.2912E-10 3.8564E-10 4.4546E-10 5.1354E-10 5.8715E-10 6.6763E-10 7.5516E-10 8.4723E-10 9.4886E-10 1.0544E-09 1.1648E-09 1.2790E-09 1.3973E-09 1.5333E-09 1.6946E-09 1.8511E-09 2.0169E-09 2.1965E-09 2.3937E-09 2.6122E-09 2.8596E-09 3.1339E-09 3.4549E-09 3.8170E-09 4.2353E-09 4.7104E-09 5.2559E-09 5.8678E-09 6.5521E-09 7.3071E-09 8.1267E-09 9.0014E-09 9.9108E-09 1.0836E-08 1.1747E-08 1.2617E-08 1.3408E-08 1.4084E-08 1.4619E-08 1.4978E-08 1.5129E-08 1.5067E-08 1.4779E-08 1.4266E-08 1.3536E-08 1.2609E-08 1.1514E-08 1.0292E-08 9.0009E-09
3.7351E-11 4.6052E-11 5.3958E-11 6.5826E-11 9.4804E-11 1.3503E-10 1.7082E-10 2.0846E-10 2.5170E-10 2.9666E-10 3.4812E-10 4.0308E-10 4.6398E-10 5.3095E-10 6.0095E-10 6.7847E-10 7.6062E-10 8.4897E-10 9.3998E-10 1.0335E-09 1.1303E-09 1.2284E-09 1.3521E-09 1.4967E-09 1.6409E-09 1.7930E-09 1.9609E-09 2.1487E-09 2.3659E-09 2.6080E-09 2.8948E-09 3.2229E-09 3.6105E-09 4.0581E-09 4.5725E-09 5.1629E-09 5.8322E-09 6.5823E-09 7.4102E-09 8.3051E-09 9.2572E-09 1.0244E-08 1.1239E-08 1.2221E-08 1.3141E-08 1.3978E-08 1.4685E-08 1.5224E-08 1.5577E-08 1.5709E-08 1.5603E-08 1.5255E-08 1.4656E-08 1.3823E-08 1.2787E-08 1.1584E-08 1.0258E-08
2.4101E-11 2.8105E-11 3.5376E-11 4.2762E-11 5.2698E-11 8.3134E-11 1.1475E-10 1.4754E-10 1.8091E-10 2.1965E-10 2.6081E-10 3.0705E-10 3.5686E-10 4.1070E-10 4.7002E-10 5.3138E-10 5.9930E-10 6.6984E-10 7.4554E-10 8.2163E-10 9.0009E-10 9.7997E-10 1.0649E-09 1.1754E-09 1.3089E-09 1.4399E-09 1.5814E-09 1.7412E-09 1.9270E-09 2.1358E-09 2.3893E-09 2.6841E-09 3.0351E-09 3.4469E-09 3.9276E-09 4.4893E-09 5.1329E-09 5.8657E-09 6.6854E-09 7.5888E-09 8.5676E-09 9.5984E-09 1.0665E-08 1.1741E-08 1.2790E-08 1.3774E-08 1.4651E-08 1.5391E-08 1.5949E-08 1.6295E-08 1.6404E-08 1.6247E-08 1.5821E-08 1.5134E-08 1.4199E-08 1.3040E-08 1.1713E-08
1.3261E-11 1.5829E-11 1.9341E-11 2.5366E-11 3.2070E-11 4.0196E-11 6.8166E-11 9.4609E-11 1.2415E-10 1.5370E-10 1.8866E-10 2.2419E-10 2.6396E-10 3.0744E-10 3.5298E-10 4.0327E-10 4.5733E-10 5.1495E-10 5.7698E-10 6.4092E-10 7.0497E-10 7.6935E-10 8.3465E-10 9.0884E-10 1.0097E-09 1.1319E-09 1.2508E-09 1.3843E-09 1.5422E-09 1.7207E-09 1.9414E-09 2.1984E-09 2.5119E-09 2.8883E-09 3.3306E-09 3.8537E-09 4.4641E-09 5.1689E-09 5.9691E-09 6.8685E-09 7.8505E-09 8.9103E-09 1.0030E-08 1.1189E-08 1.2346E-08 1.3467E-08 1.4519E-08 1.5453E-08 1.6228E-08 1.6811E-08 1.7150E-08 1.7225E-08 1.7020E-08 1.6516E-08 1.5714E-08 1.4663E-08 1.3399E-08
6.0785E-12 7.6992E-12 9.3088E-12 1.2689E-11 1.6926E-11 2.3188E-11 3.0669E-11 5.3971E-11 7.5754E-11 1.0103E-10 1.2694E-10 1.5665E-10 1.8717E-10 2.2041E-10 2.5774E-10 2.9583E-10 3.3950E-10 3.8466E-10 4.3288E-10 4.8449E-10 5.3740E-10 5.8959E-10 6.4232E-10 6.9502E-10 7.6004E-10 8.5222E-10 9.6433E-10 1.0776E-09 1.2098E-09 1.3592E-09 1.5473E-09 1.7716E-09 2.0484E-09 2.3819E-09 2.7843E-09 3.2657E-09 3.8342E-09 4.5023E-09 5.2703E-09 6.1439E-09 7.1204E-09 8.1917E-09 9.3418E-09 1.0561E-08 1.1813E-08 1.3063E-08 1.4271E-08 1.5396E-08 1.6400E-08 1.7221E-08 1.7821E-08 1.8169E-08 1.8216E-08 1.7946E-08 1.7364E-08 1.6490E-08 1.5340E-08
1.7215E-12 2.4989E-12 3.3055E-12 4.2966E-12 7.3503E-12 1.0037E-11 1.5652E-11 2.2358E-11 3.9975E-11 5.8366E-11 7.9096E-11 1.0219E-10 1.2523E-10 1.5299E-10 1.7997E-10 2.1139E-10 2.4331E-10 2.7917E-10 3.1691E-10 3.5537E-10 3.9805E-10 4.3980E-10 4.8097E-10 5.2193E-10 5.6276E-10 6.2145E-10 7.0487E-10 8.1312E-10 9.2412E-10 1.0494E-09 1.2100E-09 1.4005E-09 1.6404E-09 1.9340E-09 2.2926E-09 2.7285E-09 3.2514E-09 3.8711E-09 4.5973E-09 5.4380E-09 6.3882E-09 7.4489E-09 8.6127E-09 9.8732E-09 1.1197E-08 1.2550E-08 1.3902E-08 1.5214E-08 1.6432E-08 1.7506E-08 1.8393E-08 1.9028E-08 1.9381E-08 1.9407E-08 1.9113E-08 1.8484E-08 1.7536E-08
4.0305E-14 2.7151E-13 5.3679E-13 8.3928E-13 1.2486E-12 3.5301E-12 5.4428E-12 9.3789E-12 1.5617E-11 2.8546E-11 4.3957E-11 5.9574E-11 7.9227E-11 9.7370E-11 1.2060E-10 1.4234E-10 1.6821E-10 1.9540E-10 2.2286E-10 2.5412E-10 2.8411E-10 3.1934E-10 3.5085E-10 3.8205E-10 4.1337E-10 4.4407E-10 4.9726E-10 5.7640E-10 6.8348E-10 7.8626E-10 9.2177E-10 1.0830E-09 1.2906E-09 1.5446E-09 1.8566E-09 2.2452E-09 2.7165E-09 3.2852E-09 3.9619E-09 4.7498E-09 5.6619E-09 6.7003E-09 7.8512E-09 9.1283E-09 1.0499E-08 1.1937E-08 1.3410E-08 1.4886E-08 1.6312E-08 1.7641E-08 1.8812E-08 1.9779E-08 2.0477E-08 2.0859E-08 2.0932E-08 2.0643E-08 2.0029E-08
0.0000E+00 0.0000E+00 0.0000E+00 0.0000E+00 3.3290E-14 1.9370E-13 1.5177E-12 3.1474E-12 5.4485E-12 1.0336E-11 1.9206E-11 3.1457E-11 4.3403E-11 5.8041E-11 7.3468E-11 9.0857E-11 1.0968E-10 1.2908E-10 1.5176E-10 1.7201E-10 1.9684E-10 2.2090E-10 2.4686E-10 2.7081E-10 2.9410E-10 3.1757E-10 3.4086E-10 3.8974E-10 4.7123E-10 5.7122E-10 6.8264E-10 8.1934E-10 9.9257E-10 1.2088E-09 1.4791E-09 1.8194E-09 2.2349E-09 2.7495E-09 3.3632E-09 4.0982E-09 4.9581E-09 5.9484E-09 7.0705E-09 8.3423E-09 9.7313E-09 1.1224E-08 1.2790E-08 1.4409E-08 1.6023E-08 1.7591E-08 1.9063E-08 2.0362E-08 2.1426E-08 2.2253E-08 2.2743E-08 2.2938E-08 2.2752E-08
0.0000E+00 0.0000E+00 0.0000E+00 0.0000E+00 0.0000E+00 0.0000E+00 1.2489E-13 6.6172E-13 1.8770E-12 3.4179E-12 6.8355E-12 1.3000E-11 2.1813E-11 3.1172E-11 4.2086E-11 5.4079E-11 6.6785E-11 8.1778E-11 9.6217E-11 1.1279E-10 1.2898E-10 1.4752E-10 1.6673E-10 1.8539E-10 2.0272E-10 2.2012E-10 2.3699E-10 2.5394E-10 3.0331E-10 3.8268E-10 4.8852E-10 5.9988E-10 7.4464E-10 9.2893E-10 1.1544E-09 1.4459E-09 1.8089E-09 2.2646E-09 2.8171E-09 3.4855E-09 4.2793E-09 5.2126E-09 6.2879E-09 7.5222E-09 8.9048E-09 1.0421E-08 1.2052E-08 1.3773E-08 1.5550E-08 1.7342E-08 1.9086E-08 2.0729E-08 2.2216E-08 2.3473E-08 2.4519E-08 2.5239E-08 2.5658E-08
0.0000E+00 0.0000E+00 0.0000E+00 0.0000E+00 0.0000E+00 0.0000E+00 0.0000E+00 0.0000E+00 1.8144E-13 7.0347E-13 1.8688E-12 4.0199E-12 8.0877E-12 1.4133E-11 2.0817E-11 2.9179E-11 3.7921E-11 4.7334E-11 5.8528E-11 6.8880E-11 8.0960E-11 9.3739E-11 1.0652E-10 1.2136E-10 1.3426E-10 1.4681E-10 1.5917E-10 1.7016E-10 1.8413E-10 2.3301E-10 3.1854E-10 4.2212E-10 5.4241E-10 6.9327E-10 8.8217E-10 1.1311E-09 1.4380E-09 1.8338E-09 2.3216E-09 2.9178E-09 3.6426E-09 4.5030E-09 5.5083E-09 6.6888E-09 8.0357E-09 9.5400E-09 1.1198E-08 1.2989E-08 1.4894E-08 1.6863E-08 1.8869E-08 2.0838E-08 2.2731E-08 2.4503E-08 2.6101E-08 2.7494E-08 2.8594E-08
0.0000E+00 0.0000E+00 0.0000E+00 0.0000E+00 0.0000E+00 0.0000E+00 0.0000E+00 0.0000E+00 0.0000E+00 0.0000E+00 7.3727E-14 4.7633E-13 1.4177E-12 3.6053E-12 7.3770E-12 1.2253E-11 1.7546E-11 2.4081E-11 3.0779E-11 3.8258E-11 4.5786E-11 5.4575E-11 6.3781E-11 7.2297E-11 8.2868E-11 9.1941E-11 1.0089E-10 1.0860E-10 1.1575E-10 1.2798E-10 1.8273E-10 2.7112E-10 3.7465E-10 5.0072E-10 6.5792E-10 8.6235E-10 1.1225E-09 1.4589E-09 1.8802E-09 2.4053E-09 3.0483E-09 3.8271E-09 4.7555E-09 5.8570E-09 7.1371E-09 8.6021E-09 1.0247E-08 1.2068E-08 1.4042E-08 1.6166E-08 1.8378E-08 2.0640E-08 2.2935E-08 2.5193E-08 2.7405E-08 2.9477E-08 3.1399E-08
0.0000E+00 0.0000E+00 0.0000E+00 0.0000E+00 0.0000E+00 0.0000E+00 0.0000E+00 0.0000E+00 0.0000E+00 0.0000E+00 0.0000E+00 0.0000E+00 0.0000E+00 0.0000E+00 7.1002E-13 2.3665E-12 5.2854E-12 8.3363E-12 1.2305E-11 1.6676E-11 2.1374E-11 2.7151E-11 3.2426E-11 3.8594E-11 4.4497E-11 5.1834E-11 5.8352E-11 6.3419E-11 6.8852E-11 7.3267E-11 8.5457E-11 1.4529E-10 2.3764E-10 3.4230E-10 4.7036E-10 6.4089E-10 8.5556E-10 1.1375E-09 1.4975E-09 1.9450E-09 2.5075E-09 3.1995E-09 4.0314E-09 5.0395E-09 6.2354E-09 7.6240E-09 9.2177E-09 1.1019E-08 1.3024E-08 1.5237E-08 1.7605E-08 2.0126E-08 2.2753E-08 2.5502E-08 2.8248E-08 3.1062E-08 3.3828E-08
0.0000E+00 0.0000E+00 0.0000E+00 0.0000E+00 0.0000E+00 0.0000E+00 0.0000E+00 0.0000E+00 0.0000E+00 0.0000E+00 0.0000E+00 0.0000E+00 0.0000E+00 0.0000E+00 0.0000E+00 0.0000E+00 3.8186E-13 8.6972E-13 1.9623E-12 3.6052E-12 5.7680E-12 8.7236E-12 1.1809E-11 1.4920E-11 1.8541E-11 2.2702E-11 2.7273E-11 3.1450E-11 3.4669E-11 3.8182E-11 4.1195E-11 5.3970E-11 1.1553E-10 2.1435E-10 3.2115E-10 4.5931E-10 6.3227E-10 8.6774E-10 1.1663E-09 1.5426E-09 2.0264E-09 2.6215E-09 3.3541E-09 4.2603E-09 5.3435E-09 6.6327E-09 8.1360E-09 9.8813E-09 1.1859E-08 1.4100E-08 1.6564E-08 1.9250E-08 2.2178E-08 2.5271E-08 2.8592E-08 3.2052E-08 3.5656E-08
0.0000E+00 0.0000E+00 0.0000E+00 0.0000E+00 0.0000E+00 0.0000E+00 0.0000E+00 0.0000E+00 0.0000E+00 0.0000E+00 0.0000E+00 0.0000E+00 0.0000E+00 0.0000E+00 0.0000E+00 0.0000E+00 0.0000E+00 0.0000E+00 1.9360E-13 5.3119E-13 8.5079E-13 1.3749E-12 1.9448E-12 2.4159E-12 3.2595E-12 5.1241E-12 7.5665E-12 9.7215E-12 1.2163E-11 1.4698E-11 1.7110E-11 2.1524E-11 3.3801E-11 1.0103E-10 1.9651E-10 3.1266E-10 4.5166E-10 6.4164E-10 8.8545E-10 1.1986E-09 1.5973E-09 2.1083E-09 2.7363E-09 3.5213E-09 4.4891E-09 5.6537E-09 7.0399E-09 8.6802E-09 1.0581E-08 1.2785E-08 1.5275E-08 1.8053E-08 2.1132E-08 2.4564E-08 2.8259E-08 3.2331E-08 3.6711E-08
0.0000E+00 0.0000E+00 0.0000E+00 0.0000E+00 0.0000E+00 0.0000E+00 0.0000E+00 0.0000E+00 0.0000E+00 0.0000E+00 0.0000E+00 0.0000E+00 0.0000E+00 0.0000E+00 0.0000E+00 0.0000E+00 0.0000E+00 0.0000E+00 0.0000E+00 0.0000E+00 0.0000E+00 9.5259E-14 2.8162E-13 4.3977E-13 5.6484E-13 6.5080E-13 7.0021E-13 7.1016E-13 6.8166E-13 1.1850E-12 2.9692E-12 4.5423E-12 9.2807E-12 2.5802E-11 9.3847E-11 1.8971E-10 3.0063E-10 4.5456E-10 6.5143E-10 9.0440E-10 1.2328E-09 1.6531E-09 2.1745E-09 2.8533E-09 3.6852E-09 4.7092E-09 5.9604E-09 7.4630E-09 9.2383E-09 1.1341E-08 1.3776E-08 1.6549E-08 1.9723E-08 2.3294E-08 2.7312E-08 3.1788E-08 3.6821E-08
0.0000E+00 0.0000E+00 0.0000E+00 0.0000E+00 0.0000E+00 0.0000E+00 0.0000E+00 0.0000E+00 0.0000E+00 0.0000E+00 0.0000E+00 0.0000E+00 0.0000E+00 0.0000E+00 0.0000E+00 0.0000E+00 0.0000E+00 0.0000E+00 0.0000E+00 0.0000E+00 0.0000E+00 0.0000E+00 0.0000E+00 0.0000E+00 0.0000E+00 0.0000E+00 0.0000E+00 0.0000E+00 0.0000E+00 0.0000E+00 0.0000E+00 0.0000E+00 0.0000E+00 5.7274E-12 2.1907E-11 9.5811E-11 1.8312E-10 3.0042E-10 4.5139E-10 6.5750E-10 9.2294E-10 1.2574E-09 1.6934E-09 2.2477E-09 2.9516E-09 3.8344E-09 4.9230E-09 6.2546E-09 7.8700E-09 9.8134E-09 1.2126E-08 1.4819E-08 1.7941E-08 2.1558E-08 2.5708E-08 3.0457E-08 3.5916E-08
