Assets/Resources/2015_m01_d09_2000(utc+0800)_l00_csi_1hr_conc.grd
DSAA
         159         159
     -79.000      79.000
     -79.000      79.000
  0.1095E-08  0.8572E-05
[rows 25 to 49 of 159, columns 0 to 56 of 159]
1.6681E-09 1.6895E-09 1.7109E-09 1.7325E-09 1.7541E-09 1.7758E-09 1.7976E-09 1.8343E-09 1.8570E-09 1.8848E-09 1.9078E-09 1.9358E-09 1.9746E-09 2.0038E-09 2.0403E-09 2.0854E-09 2.1246E-09 2.1808E-09 2.2163E-09 2.2632E-09 2.3128E-09 2.3464E-09 2.3916E-09 2.4560E-09 2.4955E-09 2.5425E-09 2.5911E-09 2.6424E-09 2.6927E-09 2.7577E-09 2.8050E-09 2.8501E-09 2.8935E-09 2.9478E-09 3.0020E-09 3.0422E-09 3.0995E-09 3.1440E-09 3.1819E-09 3.2262E-09 3.2667E-09 3.3106E-09 3.3626E-09 3.4052E-09 3.4508E-09 3.4973E-09 3.5328E-09 3.5622E-09 3.5907E-09 3.6182E-09 3.6483E-09 3.6773E-09 3.7051E-09 3.7282E-09 3.7575E-09 3.7782E-09 3.7996E-09
1.6914E-09 1.7132E-09 1.7351E-09 1.7571E-09 1.7791E-09 1.8013E-09 1.8385E-09 1.8665E-09 1.8899E-09 1.9134E-09 1.9419E-09 1.9815E-09 2.0183E-09 2.0573E-09 2.1030E-09 2.1487E-09 2.2001E-09 2.2355E-09 2.2864E-09 2.3321E-09 2.3781E-09 2.4433E-09 2.4837E-09 2.5319E-09 2.5817E-09 2.6344E-09 2.6879E-09 2.7528E-09 2.8018E-09 2.8504E-09 2.9053E-09 2.9631E-09 3.0072E-09 3.0721E-09 3.1192E-09 3.1600E-09 3.2073E-09 3.2510E-09 3.3017E-09 3.3537E-09 3.3963E-09 3.4546E-09 3.5049E-09 3.5394E-09 3.5729E-09 3.6101E-09 3.6506E-09 3.6882E-09 3.7219E-09 3.7521E-09 3.7811E-09 3.8145E-09 3.8408E-09 3.8654E-09 3.8900E-09 3.9110E-09 3.9301E-09
1.7150E-09 1.7372E-09 1.7595E-09 1.7819E-09 1.8044E-09 1.8422E-09 1.8706E-09 1.8944E-09 1.9184E-09 1.9625E-09 1.9876E-09 2.0346E-09 2.0762E-09 2.1131E-09 2.1741E-09 2.2126E-09 2.2642E-09 2.3151E-09 2.3567E-09 2.4115E-09 2.4689E-09 2.5130E-09 2.5648E-09 2.6227E-09 2.6776E-09 2.7439E-09 2.7997E-09 2.8448E-09 2.9015E-09 2.9683E-09 3.0076E-09 3.0748E-09 3.1278E-09 3.1745E-09 3.2190E-09 3.2694E-09 3.3332E-09 3.3845E-09 3.4411E-09 3.4951E-09 3.5334E-09 3.5759E-09 3.6224E-09 3.6666E-09 3.7075E-09 3.7459E-09 3.7887E-09 3.8246E-09 3.8590E-09 3.8986E-09 3.9293E-09 3.9701E-09 3.9976E-09 4.0235E-09 4.0476E-09 4.0721E-09 4.0926E-09
1.7387E-09 1.7614E-09 1.7841E-09 1.8070E-09 1.8452E-09 1.8741E-09 1.8983E-09 1.9227E-09 1.9675E-09 1.9981E-09 2.0450E-09 2.0917E-09 2.1385E-09 2.1911E-09 2.2279E-09 2.2844E-09 2.3278E-09 2.3805E-09 2.4431E-09 2.4960E-09 2.5486E-09 2.6075E-09 2.6566E-09 2.7145E-09 2.7882E-09 2.8348E-09 2.8933E-09 2.9620E-09 3.0066E-09 3.0741E-09 3.1328E-09 3.1802E-09 3.2292E-09 3.2891E-09 3.3557E-09 3.3979E-09 3.4628E-09 3.5147E-09 3.5611E-09 3.6158E-09 3.6617E-09 3.7089E-09 3.7569E-09 3.8022E-09 3.8483E-09 3.8976E-09 3.9391E-09 3.9763E-09 4.0117E-09 4.0549E-09 4.0947E-09 4.1259E-09 4.1551E-09 4.1847E-09 4.2099E-09 4.2349E-09 4.2558E-09
1.7627E-09 1.7858E-09 1.8090E-09 1.8477E-09 1.8769E-09 1.9016E-09 1.9312E-09 1.9719E-09 2.0101E-09 2.0546E-09 2.0997E-09 2.1459E-09 2.2011E-09 2.2491E-09 2.3064E-09 2.3531E-09 2.4224E-09 2.4658E-09 2.5195E-09 2.5848E-09 2.6303E-09 2.6979E-09 2.7594E-09 2.8207E-09 2.8806E-09 2.9510E-09 2.9974E-09 3.0703E-09 3.1276E-09 3.1772E-09 3.2342E-09 3.3033E-09 3.3604E-09 3.4179E-09 3.4749E-09 3.5318E-09 3.5898E-09 3.6400E-09 3.6956E-09 3.7454E-09 3.8014E-09 3.8557E-09 3.9060E-09 3.9503E-09 4.0011E-09 4.0504E-09 4.0964E-09 4.1445E-09 4.1867E-09 4.2253E-09 4.2677E-09 4.3018E-09 4.3334E-09 4.3626E-09 4.3895E-09 4.4204E-09 4.4459E-09
1.7869E-09 1.8105E-09 1.8495E-09 1.8792E-09 1.9042E-09 1.9343E-09 1.9755E-09 2.0230E-09 2.0667E-09 2.1100E-09 2.1683E-09 2.2088E-09 2.2716E-09 2.3163E-09 2.3754E-09 2.4350E-09 2.4897E-09 2.5494E-09 2.6092E-09 2.6680E-09 2.7399E-09 2.7953E-09 2.8635E-09 2.9311E-09 2.9834E-09 3.0580E-09 3.1089E-09 3.1689E-09 3.2359E-09 3.3045E-09 3.3592E-09 3.4212E-09 3.4828E-09 3.5442E-09 3.6006E-09 3.6608E-09 3.7154E-09 3.7767E-09 3.8369E-09 3.8927E-09 3.9498E-09 4.0039E-09 4.0672E-09 4.1176E-09 4.1701E-09 4.2510E-09 4.3068E-09 4.3523E-09 4.3949E-09 4.4795E-09 4.5216E-09 4.5575E-09 4.5914E-09 4.6229E-09 4.6539E-09 4.6835E-09 4.7064E-09
1.8113E-09 1.8508E-09 1.8808E-09 1.9062E-09 1.9367E-09 1.9785E-09 2.0266E-09 2.0794E-09 2.1278E-09 2.1835E-09 2.2325E-09 2.2796E-09 2.3388E-09 2.3935E-09 2.4560E-09 2.5147E-09 2.5774E-09 2.6356E-09 2.7001E-09 2.7729E-09 2.8294E-09 2.9032E-09 2.9646E-09 3.0309E-09 3.0933E-09 3.1551E-09 3.2242E-09 3.2958E-09 3.3520E-09 3.4165E-09 3.4807E-09 3.5505E-09 3.6053E-09 3.6674E-09 3.7331E-09 3.7918E-09 3.8613E-09 3.9230E-09 3.9817E-09 4.0511E-09 4.1225E-09 4.2076E-09 4.2657E-09 4.3683E-09 4.4221E-09 4.4925E-09 4.5429E-09 4.5994E-09 4.6469E-09 4.6951E-09 4.7421E-09 4.7828E-09 4.8226E-09 4.8641E-09 4.8950E-09 4.9224E-09 4.9461E-09
1.8514E-09 1.8818E-09 1.9076E-09 1.9385E-09 1.9807E-09 2.0342E-09 2.0844E-09 2.1321E-09 2.1887E-09 2.2432E-09 2.2978E-09 2.3483E-09 2.4188E-09 2.4698E-09 2.5383E-09 2.5982E-09 2.6607E-09 2.7335E-09 2.7965E-09 2.8675E-09 2.9378E-09 2.9998E-09 3.0726E-09 3.1361E-09 3.1937E-09 3.2725E-09 3.3388E-09 3.4056E-09 3.4774E-09 3.5447E-09 3.6008E-09 3.6654E-09 3.7346E-09 3.8088E-09 3.8712E-09 3.9408E-09 4.0131E-09 4.1036E-09 4.2096E-09 4.2765E-09 4.3745E-09 4.4371E-09 4.5013E-09 4.5686E-09 4.6288E-09 4.6945E-09 4.7601E-09 4.8188E-09 4.8734E-09 4.9250E-09 4.9938E-09 5.0521E-09 5.0925E-09 5.1293E-09 5.1620E-09 5.1908E-09 5.2156E-09
1.8822E-09 1.9083E-09 1.9396E-09 1.9822E-09 2.0403E-09 2.0872E-09 2.1355E-09 2.1929E-09 2.2525E-09 2.3141E-09 2.3652E-09 2.4350E-09 2.4966E-09 2.5534E-09 2.6209E-09 2.6874E-09 2.7624E-09 2.8290E-09 2.8981E-09 2.9625E-09 3.0337E-09 3.1035E-09 3.1711E-09 3.2420E-09 3.3196E-09 3.3884E-09 3.4625E-09 3.5321E-09 3.5957E-09 3.6603E-09 3.7268E-09 3.8047E-09 3.8719E-09 3.9458E-09 4.0493E-09 4.1485E-09 4.2314E-09 4.3378E-09 4.4096E-09 4.4822E-09 4.5575E-09 4.6263E-09 4.7102E-09 4.7802E-09 4.8811E-09 4.9563E-09 5.0212E-09 5.1275E-09 5.1849E-09 5.2386E-09 5.3052E-09 5.3530E-09 5.3970E-09 5.4366E-09 5.4719E-09 5.5026E-09 5.5288E-09
1.9084E-09 1.9400E-09 1.9900E-09 2.0500E-09 2.0937E-09 2.1396E-09 2.2008E-09 2.2615E-09 2.3240E-09 2.3792E-09 2.4471E-09 2.5049E-09 2.5746E-09 2.6369E-09 2.7000E-09 2.7817E-09 2.8551E-09 2.9280E-09 2.9965E-09 3.0690E-09 3.1375E-09 3.2154E-09 3.2945E-09 3.3634E-09 3.4360E-09 3.5130E-09 3.5767E-09 3.6429E-09 3.7098E-09 3.7830E-09 3.8668E-09 3.9554E-09 4.0476E-09 4.1621E-09 4.2705E-09 4.3532E-09 4.4352E-09 4.5182E-09 4.5923E-09 4.6834E-09 4.7923E-09 4.8833E-09 4.9943E-09 5.0896E-09 5.1791E-09 5.2503E-09 5.3197E-09 5.3869E-09 5.4528E-09 5.5154E-09 5.5739E-09 5.6283E-09 5.6792E-09 5.7252E-09 5.7656E-09 5.8000E-09 5.8284E-09
1.9397E-09 1.9942E-09 2.0506E-09 2.0948E-09 2.1491E-09 2.2031E-09 2.2687E-09 2.3281E-09 2.3842E-09 2.4531E-09 2.5230E-09 2.5950E-09 2.6514E-09 2.7331E-09 2.8021E-09 2.8810E-09 2.9567E-09 3.0269E-09 3.0948E-09 3.1656E-09 3.2517E-09 3.3252E-09 3.4001E-09 3.4735E-09 3.5496E-09 3.6215E-09 3.6861E-09 3.7599E-09 3.8468E-09 3.9414E-09 4.0663E-09 4.1534E-09 4.2680E-09 4.3540E-09 4.4433E-09 4.5325E-09 4.6126E-09 4.7400E-09 4.8687E-09 4.9617E-09 5.0859E-09 5.1742E-09 5.2587E-09 5.3417E-09 5.4256E-09 5.5092E-09 5.5900E-09 5.6685E-09 5.7751E-09 5.8539E-09 5.9199E-09 5.9799E-09 6.0338E-09 6.0991E-09 6.1411E-09 6.1770E-09 6.2061E-09
1.9935E-09 2.0519E-09 2.1029E-09 2.1499E-09 2.2117E-09 2.2793E-09 2.3310E-09 2.3880E-09 2.4625E-09 2.5289E-09 2.6073E-09 2.6732E-09 2.7527E-09 2.8260E-09 2.8983E-09 2.9785E-09 3.0520E-09 3.1234E-09 3.1992E-09 3.2870E-09 3.3616E-09 3.4417E-09 3.5179E-09 3.5884E-09 3.6590E-09 3.7288E-09 3.8092E-09 3.9159E-09 4.0473E-09 4.1344E-09 4.2503E-09 4.3406E-09 4.4368E-09 4.5327E-09 4.6459E-09 4.7811E-09 4.8888E-09 5.0230E-09 5.1258E-09 5.2239E-09 5.3187E-09 5.4144E-09 5.5131E-09 5.6261E-09 5.7460E-09 5.8426E-09 5.9661E-09 6.0697E-09 6.1673E-09 6.2446E-09 6.3165E-09 6.3822E-09 6.4427E-09 6.4965E-09 6.5434E-09 6.5827E-09 6.6144E-09
2.0509E-09 2.1024E-09 2.1499E-09 2.2163E-09 2.2821E-09 2.3376E-09 2.3921E-09 2.4661E-09 2.5426E-09 2.6146E-09 2.6802E-09 2.7645E-09 2.8428E-09 2.9209E-09 2.9967E-09 3.0724E-09 3.1460E-09 3.2350E-09 3.3118E-09 3.3903E-09 3.4731E-09 3.5538E-09 3.6244E-09 3.6924E-09 3.7710E-09 3.8720E-09 4.0091E-09 4.1032E-09 4.2219E-09 4.3135E-09 4.4138E-09 4.5184E-09 4.6525E-09 4.7793E-09 4.9055E-09 5.0321E-09 5.1446E-09 5.2529E-09 5.3573E-09 5.4649E-09 5.6064E-09 5.7583E-09 5.8723E-09 6.0191E-09 6.1268E-09 6.2302E-09 6.3306E-09 6.4284E-09 6.5221E-09 6.6105E-09 6.6943E-09 6.7744E-09 6.8471E-09 6.9103E-09 6.9794E-09 7.0236E-09 7.0584E-09
2.1010E-09 2.1489E-09 2.2158E-09 2.2823E-09 2.3383E-09 2.4015E-09 2.4684E-09 2.5492E-09 2.6190E-09 2.6909E-09 2.7734E-09 2.8553E-09 2.9413E-09 3.0218E-09 3.0954E-09 3.1737E-09 3.2520E-09 3.3455E-09 3.4255E-09 3.5071E-09 3.5851E-09 3.6550E-09 3.7289E-09 3.8052E-09 3.9161E-09 4.0660E-09 4.1711E-09 4.2748E-09 4.3769E-09 4.4793E-09 4.6227E-09 4.7602E-09 4.9042E-09 5.0202E-09 5.1408E-09 5.2596E-09 5.3744E-09 5.5210E-09 5.6823E-09 5.8110E-09 5.9737E-09 6.1019E-09 6.2254E-09 6.3465E-09 6.4684E-09 6.5889E-09 6.7092E-09 6.8577E-09 6.9713E-09 7.0768E-09 7.1727E-09 7.3100E-09 7.3883E-09 7.4591E-09 7.5354E-09 7.5846E-09 7.6203E-09
2.1470E-09 2.2143E-09 2.2828E-09 2.3459E-09 2.4051E-09 2.4810E-09 2.5598E-09 2.6267E-09 2.6964E-09 2.7834E-09 2.8670E-09 2.9545E-09 3.0314E-09 3.1102E-09 3.1867E-09 3.2827E-09 3.3643E-09 3.4468E-09 3.5345E-09 3.6090E-09 3.6847E-09 3.7614E-09 3.8503E-09 4.0049E-09 4.1065E-09 4.2332E-09 4.3278E-09 4.4325E-09 4.5689E-09 4.7291E-09 4.8717E-09 4.9887E-09 5.1148E-09 5.2439E-09 5.3842E-09 5.5228E-09 5.6933E-09 5.8673E-09 6.0109E-09 6.1527E-09 6.2921E-09 6.4304E-09 6.5743E-09 6.7521E-09 6.8988E-09 7.0750E-09 7.2323E-09 7.3798E-09 7.5029E-09 7.6180E-09 7.7257E-09 7.8240E-09 7.9107E-09 7.9874E-09 8.0518E-09 8.1073E-09 8.1487E-09
2.2046E-09 2.2759E-09 2.3444E-09 2.4042E-09 2.4825E-09 2.5621E-09 2.6281E-09 2.7069E-09 2.7869E-09 2.8760E-09 2.9607E-09 3.0411E-09 3.1216E-09 3.2092E-09 3.3065E-09 3.3843E-09 3.4757E-09 3.5587E-09 3.6323E-09 3.7102E-09 3.7874E-09 3.8840E-09 4.0400E-09 4.1667E-09 4.2779E-09 4.3730E-09 4.4978E-09 4.6777E-09 4.7984E-09 4.9426E-09 5.0686E-09 5.2037E-09 5.3550E-09 5.5334E-09 5.6787E-09 5.8605E-09 6.0157E-09 6.1704E-09 6.3249E-09 6.4944E-09 6.6781E-09 6.8839E-09 7.0761E-09 7.2649E-09 7.4310E-09 7.5877E-09 7.7387E-09 7.8872E-09 8.0321E-09 8.1661E-09 8.2899E-09 8.4033E-09 8.5366E-09 8.6237E-09 8.6960E-09 8.7510E-09 8.7902E-09
2.2728E-09 2.3418E-09 2.4021E-09 2.4809E-09 2.5627E-09 2.6361E-09 2.7077E-09 2.7964E-09 2.8913E-09 2.9699E-09 3.0501E-09 3.1336E-09 3.2233E-09 3.3224E-09 3.4053E-09 3.4955E-09 3.5754E-09 3.6511E-09 3.7350E-09 3.8246E-09 3.9626E-09 4.0758E-09 4.2155E-09 4.3152E-09 4.4281E-09 4.6014E-09 4.7334E-09 4.8885E-09 5.0080E-09 5.1426E-09 5.3015E-09 5.4911E-09 5.6397E-09 5.8252E-09 5.9889E-09 6.1570E-09 6.3229E-09 6.5050E-09 6.7346E-09 6.9295E-09 7.1608E-09 7.3569E-09 7.5457E-09 7.7276E-09 7.9077E-09 8.0933E-09 8.2892E-09 8.4788E-09 8.6470E-09 8.8323E-09 8.9901E-09 9.1335E-09 9.2452E-09 9.3436E-09 9.4254E-09 9.4907E-09 9.5358E-09
2.3380E-09 2.3988E-09 2.4780E-09 2.5554E-09 2.6346E-09 2.7104E-09 2.8026E-09 2.8942E-09 2.9723E-09 3.0636E-09 3.1386E-09 3.2342E-09 3.3308E-09 3.4155E-09 3.5099E-09 3.5914E-09 3.6707E-09 3.7533E-09 3.8510E-09 3.9885E-09 4.1025E-09 4.2480E-09 4.3486E-09 4.4704E-09 4.6461E-09 4.8033E-09 4.9419E-09 5.0673E-09 5.2249E-09 5.4231E-09 5.5753E-09 5.7672E-09 5.9328E-09 6.1086E-09 6.3032E-09 6.4975E-09 6.7193E-09 6.9611E-09 7.1783E-09 7.3966E-09 7.6074E-09 7.8134E-09 8.0409E-09 8.2735E-09 8.5216E-09 8.7329E-09 8.9758E-09 9.1686E-09 9.3498E-09 9.5197E-09 9.6784E-09 9.8257E-09 9.9563E-09 1.0069E-08 1.0164E-08 1.0241E-08 1.0298E-08
2.3892E-09 2.4665E-09 2.5518E-09 2.6315E-09 2.7080E-09 2.8010E-09 2.8951E-09 2.9727E-09 3.0652E-09 3.1493E-09 3.2510E-09 3.3367E-09 3.4286E-09 3.5244E-09 3.6028E-09 3.6896E-09 3.7687E-09 3.8689E-09 4.0093E-09 4.1379E-09 4.2722E-09 4.3780E-09 4.5316E-09 4.6897E-09 4.8616E-09 4.9897E-09 5.1202E-09 5.2855E-09 5.4930E-09 5.6920E-09 5.8540E-09 6.0310E-09 6.2346E-09 6.4404E-09 6.6660E-09 6.9146E-09 7.1454E-09 7.3824E-09 7.6147E-09 7.8431E-09 8.1129E-09 8.3933E-09 8.6631E-09 8.9315E-09 9.1771E-09 9.4101E-09 9.6358E-09 9.8612E-09 1.0078E-08 1.0283E-08 1.0470E-08 1.0639E-08 1.0789E-08 1.0918E-08 1.1029E-08 1.1117E-08 1.1179E-08
2.4610E-09 2.5467E-09 2.6269E-09 2.7041E-09 2.7977E-09 2.8874E-09 2.9794E-09 3.0682E-09 3.1563E-09 3.2549E-09 3.3454E-09 3.4354E-09 3.5313E-09 3.6114E-09 3.7001E-09 3.7811E-09 3.8874E-09 4.0189E-09 4.1579E-09 4.2917E-09 4.4236E-09 4.5769E-09 4.7202E-09 4.8974E-09 5.0316E-09 5.1815E-09 5.3847E-09 5.5540E-09 5.7611E-09 5.9317E-09 6.1193E-09 6.3503E-09 6.5850E-09 6.8310E-09 7.0654E-09 7.3158E-09 7.5687E-09 7.8343E-09 8.1399E-09 8.4075E-09 8.7221E-09 9.0053E-09 9.2840E-09 9.5562E-09 9.8277E-09 1.0100E-08 1.0368E-08 1.0626E-08 1.0876E-08 1.1111E-08 1.1320E-08 1.1508E-08 1.1682E-08 1.1834E-08 1.1963E-08 1.2068E-08 1.2147E-08
2.5403E-09 2.6209E-09 2.6933E-09 2.7850E-09 2.8831E-09 2.9759E-09 3.0656E-09 3.1548E-09 3.2547E-09 3.3464E-09 3.4464E-09 3.5354E-09 3.6172E-09 3.7077E-09 3.7963E-09 3.9296E-09 4.0351E-09 4.1711E-09 4.3063E-09 4.4438E-09 4.6018E-09 4.7599E-09 4.9264E-09 5.0675E-09 5.2210E-09 5.4308E-09 5.6465E-09 5.8214E-09 5.9994E-09 6.2130E-09 6.4727E-09 6.7025E-09 6.9501E-09 7.2020E-09 7.4703E-09 7.7528E-09 8.0746E-09 8.3598E-09 8.6920E-09 9.0004E-09 9.3078E-09 9.6173E-09 9.9297E-09 1.0244E-08 1.0564E-08 1.0879E-08 1.1189E-08 1.1481E-08 1.1759E-08 1.2025E-08 1.2281E-08 1.2513E-08 1.2718E-08 1.2902E-08 1.3056E-08 1.3184E-08 1.3280E-08
2.6133E-09 2.6828E-09 2.7783E-09 2.8770E-09 2.9704E-09 3.0609E-09 3.1511E-09 3.2483E-09 3.3535E-09 3.4464E-09 3.5369E-09 3.6237E-09 3.7124E-09 3.8027E-09 3.9382E-09 4.0459E-09 4.1830E-09 4.3161E-09 4.4572E-09 4.6218E-09 4.7788E-09 4.9486E-09 5.1117E-09 5.3000E-09 5.4683E-09 5.6899E-09 5.8724E-09 6.0726E-09 6.3276E-09 6.5510E-09 6.8105E-09 7.0544E-09 7.3225E-09 7.6218E-09 7.9544E-09 8.2519E-09 8.5981E-09 8.9213E-09 9.2537E-09 9.5902E-09 9.9385E-09 1.0288E-08 1.0646E-08 1.1010E-08 1.1368E-08 1.1721E-08 1.2065E-08 1.2402E-08 1.2732E-08 1.3049E-08 1.3344E-08 1.3621E-08 1.3861E-08 1.4073E-08 1.4259E-08 1.4413E-08 1.4532E-08
2.6743E-09 2.7699E-09 2.8690E-09 2.9629E-09 3.0488E-09 3.1374E-09 3.2434E-09 3.3497E-09 3.4474E-09 3.5375E-09 3.6257E-09 3.7141E-09 3.8061E-09 3.9434E-09 4.0531E-09 4.1915E-09 4.3234E-09 4.4676E-09 4.6371E-09 4.7930E-09 4.9639E-09 5.1340E-09 5.3283E-09 5.5131E-09 5.7239E-09 5.9140E-09 6.1199E-09 6.3842E-09 6.6330E-09 6.8880E-09 7.1425E-09 7.4417E-09 7.7885E-09 8.0905E-09 8.4464E-09 8.7792E-09 9.1260E-09 9.4811E-09 9.8533E-09 1.0236E-08 1.0624E-08 1.1025E-08 1.1427E-08 1.1834E-08 1.2241E-08 1.2642E-08 1.3039E-08 1.3433E-08 1.3814E-08 1.4180E-08 1.4519E-08 1.4829E-08 1.5124E-08 1.5383E-08 1.5607E-08 1.5800E-08 1.5950E-08
2.7435E-09 2.8538E-09 2.9536E-09 3.0366E-09 3.1293E-09 3.2362E-09 3.3433E-09 3.4422E-09 3.5335E-09 3.6230E-09 3.7128E-09 3.8064E-09 3.9169E-09 4.0604E-09 4.1898E-09 4.3319E-09 4.4995E-09 4.6456E-09 4.8047E-09 4.9725E-09 5.1468E-09 5.3497E-09 5.5338E-09 5.7492E-09 5.9615E-09 6.2040E-09 6.4285E-09 6.7029E-09 6.9507E-09 7.2141E-09 7.5759E-09 7.8878E-09 8.2437E-09 8.5822E-09 8.9361E-09 9.3021E-09 9.6830E-09 1.0089E-08 1.0505E-08 1.0932E-08 1.1368E-08 1.1816E-08 1.2278E-08 1.2737E-08 1.3196E-08 1.3661E-08 1.4121E-08 1.4574E-08 1.5014E-08 1.5439E-08 1.5847E-08 1.6228E-08 1.6573E-08 1.6888E-08 1.7159E-08 1.7386E-08 1.7576E-08
2.8390E-09 2.9297E-09 3.0259E-09 3.1192E-09 3.2267E-09 3.3345E-09 3.4344E-09 3.5268E-09 3.6174E-09 3.7086E-09 3.8073E-09 3.9176E-09 4.0605E-09 4.1760E-09 4.3337E-09 4.4970E-09 4.6464E-09 4.8117E-09 4.9760E-09 5.1520E-09 5.3632E-09 5.5471E-09 5.7649E-09 5.9835E-09 6.2329E-09 6.4603E-09 6.7414E-09 6.9986E-09 7.2869E-09 7.6438E-09 7.9849E-09 8.3371E-09 8.6940E-09 9.0673E-09 9.4520E-09 9.8590E-09 1.0293E-08 1.0741E-08 1.1201E-08 1.1676E-08 1.2175E-08 1.2685E-08 1.3198E-08 1.3717E-08 1.4240E-08 1.4770E-08 1.5300E-08 1.5821E-08 1.6328E-08 1.6831E-08 1.7304E-08 1.7746E-08 1.8153E-08 1.8515E-08 1.8841E-08 1.9129E-08 1.9366E-08
