Assets/Resources/2015_m01_d16_1200(utc+0800)_l00_csi_1hr_conc.grd
DSAA
         159         159
     -79.000      79.000
     -79.000      79.000
  0.0000E+00  0.1180E-05
[rows 75 to 99 of 159, columns 0 to 56 of 159]
1.0815E-12 1.1172E-12 1.1539E-12 1.1915E-12 1.2301E-12 1.2697E-12 1.3103E-12 1.3519E-12 1.3945E-12 1.4382E-12 1.4830E-12 1.5288E-12 1.5758E-12 1.6238E-12 1.6730E-12 1.7233E-12 1.7747E-12 1.8273E-12 1.8811E-12 1.9361E-12 1.9923E-12 2.0497E-12 2.1083E-12 2.1681E-12 2.2292E-12 2.2915E-12 2.3551E-12 2.4200E-12 2.4861E-12 2.5535E-12 4.8722E-12 5.7805E-12 6.2959E-12 6.6178E-12 6.9565E-12 7.3127E-12 7.6872E-12 8.3537E-12 9.6184E-12 1.2051E-11 1.6336E-11 1.9724E-11 2.2456E-11 2.4732E-11 2.6771E-11 2.9740E-11 3.2135E-11 3.5354E-11 3.8047E-11 4.1202E-11 4.4598E-11 4.7898E-11 5.1415E-11 5.5155E-11 5.8813E-11 6.2687E-11 6.7130E-11
1.0673E-12 1.1026E-12 1.1387E-12 1.1759E-12 1.2140E-12 1.2530E-12 1.2931E-12 1.3341E-12 1.3762E-12 1.4194E-12 1.4635E-12 1.5088E-12 1.5551E-12 1.6025E-12 1.6510E-12 1.7007E-12 1.7514E-12 1.8034E-12 1.8564E-12 1.9107E-12 1.9661E-12 2.0228E-12 2.0806E-12 2.1397E-12 2.1999E-12 2.2614E-12 2.3242E-12 2.3882E-12 2.4535E-12 2.5200E-12 4.8288E-12 5.7329E-12 6.2456E-12 6.5656E-12 6.9023E-12 7.2564E-12 7.6287E-12 8.2929E-12 9.5558E-12 1.1987E-11 1.6271E-11 1.9906E-11 2.2385E-11 2.4657E-11 2.6693E-11 2.9657E-11 3.2048E-11 3.5260E-11 3.7950E-11 4.1100E-11 4.4490E-11 4.7786E-11 5.1298E-11 5.5034E-11 5.8686E-11 6.2555E-11 6.6993E-11
1.0531E-12 1.0879E-12 1.1236E-12 1.1602E-12 1.1978E-12 1.2363E-12 1.2759E-12 1.3164E-12 1.3579E-12 1.4004E-12 1.4440E-12 1.4887E-12 1.5344E-12 1.5812E-12 1.6290E-12 1.6780E-12 1.7281E-12 1.7793E-12 1.8317E-12 1.8853E-12 1.9399E-12 1.9958E-12 2.0529E-12 2.1112E-12 2.1706E-12 2.2313E-12 2.2932E-12 2.3564E-12 2.4208E-12 2.4864E-12 4.7843E-12 5.6837E-12 6.1935E-12 6.5114E-12 6.8459E-12 7.1977E-12 7.5677E-12 8.2292E-12 9.4895E-12 1.2179E-11 1.6197E-11 1.9828E-11 2.2302E-11 2.4568E-11 2.6599E-11 2.9556E-11 3.1941E-11 3.5147E-11 3.7830E-11 4.0973E-11 4.4357E-11 4.7645E-11 5.1150E-11 5.4878E-11 5.8524E-11 6.2384E-11 6.6814E-11
1.0389E-12 1.0732E-12 1.1084E-12 1.1445E-12 1.1816E-12 1.2196E-12 1.2586E-12 1.2986E-12 1.3395E-12 1.3815E-12 1.4245E-12 1.4685E-12 1.5136E-12 1.5598E-12 1.6070E-12 1.6553E-12 1.7047E-12 1.7553E-12 1.8069E-12 1.8597E-12 1.9137E-12 1.9688E-12 2.0251E-12 2.0826E-12 2.1413E-12 2.2011E-12 2.2622E-12 2.3245E-12 2.3880E-12 2.4528E-12 4.7385E-12 5.4130E-12 6.1394E-12 6.4552E-12 6.7874E-12 7.1368E-12 7.5043E-12 7.8906E-12 9.4196E-12 1.2105E-11 1.6115E-11 1.9740E-11 2.2207E-11 2.4467E-11 2.6491E-11 2.9439E-11 3.1817E-11 3.4653E-11 3.7688E-11 4.0821E-11 4.4196E-11 4.7476E-11 5.0971E-11 5.4690E-11 5.8325E-11 6.2175E-11 6.6595E-11
1.0246E-12 1.0584E-12 1.0932E-12 1.1288E-12 1.1654E-12 1.2029E-12 1.2413E-12 1.2807E-12 1.3211E-12 1.3625E-12 1.4049E-12 1.4484E-12 1.4928E-12 1.5384E-12 1.5849E-12 1.6326E-12 1.6813E-12 1.7312E-12 1.7821E-12 1.8342E-12 1.8874E-12 1.9418E-12 1.9973E-12 2.0540E-12 2.1119E-12 2.1709E-12 2.2312E-12 2.2926E-12 2.3553E-12 2.4191E-12 3.8368E-12 5.3617E-12 6.0836E-12 6.3970E-12 6.7267E-12 7.0736E-12 7.4385E-12 7.8221E-12 9.3462E-12 1.2026E-11 1.6025E-11 1.9641E-11 2.2100E-11 2.4351E-11 2.6368E-11 2.9305E-11 3.1675E-11 3.4500E-11 3.7524E-11 4.0646E-11 4.4010E-11 4.7278E-11 5.0762E-11 5.4469E-11 5.8092E-11 6.1929E-11 6.6334E-11
1.0103E-12 1.0437E-12 1.0779E-12 1.1131E-12 1.1491E-12 1.1861E-12 1.2240E-12 1.2629E-12 1.3027E-12 1.3436E-12 1.3854E-12 1.4282E-12 1.4720E-12 1.5169E-12 1.5629E-12 1.6099E-12 1.6579E-12 1.7071E-12 1.7573E-12 1.8087E-12 1.8611E-12 1.9148E-12 1.9695E-12 2.0254E-12 2.0824E-12 2.1407E-12 2.2001E-12 2.2607E-12 2.3224E-12 2.3854E-12 3.7941E-12 5.3090E-12 6.0259E-12 6.3369E-12 6.6641E-12 7.0083E-12 7.3703E-12 7.7510E-12 9.2693E-12 1.1941E-11 1.5806E-11 1.9532E-11 2.1982E-11 2.4223E-11 2.6231E-11 2.8780E-11 3.1515E-11 3.4328E-11 3.7339E-11 4.0448E-11 4.3798E-11 4.7053E-11 5.0523E-11 5.4214E-11 5.7823E-11 6.1644E-11 6.6033E-11
9.9605E-13 1.0289E-12 1.0627E-12 1.0973E-12 1.1329E-12 1.1693E-12 1.2067E-12 1.2450E-12 1.2843E-12 1.3246E-12 1.3658E-12 1.4080E-12 1.4512E-12 1.4955E-12 1.5408E-12 1.5871E-12 1.6345E-12 1.6829E-12 1.7325E-12 1.7831E-12 1.8348E-12 1.8877E-12 1.9417E-12 1.9968E-12 2.0530E-12 2.1104E-12 2.1690E-12 2.2287E-12 2.2896E-12 2.3517E-12 3.7506E-12 5.2548E-12 5.9665E-12 6.2749E-12 6.5994E-12 6.9408E-12 7.2999E-12 7.6775E-12 9.1891E-12 1.1852E-11 1.5701E-11 1.9042E-11 2.1852E-11 2.3717E-11 2.6080E-11 2.8616E-11 3.1337E-11 3.4136E-11 3.7132E-11 3.9948E-11 4.3560E-11 4.6799E-11 5.0253E-11 5.3928E-11 5.7519E-11 6.1323E-11 6.5692E-11
9.8177E-13 1.0142E-12 1.0475E-12 1.0816E-12 1.1167E-12 1.1526E-12 1.1894E-12 1.2272E-12 1.2659E-12 1.3056E-12 1.3462E-12 1.3878E-12 1.4304E-12 1.4741E-12 1.5187E-12 1.5644E-12 1.6111E-12 1.6588E-12 1.7076E-12 1.7576E-12 1.8085E-12 1.8606E-12 1.9138E-12 1.9682E-12 2.0236E-12 2.0802E-12 2.1379E-12 2.1968E-12 2.2568E-12 2.3180E-12 3.7065E-12 5.1993E-12 5.6896E-12 6.2111E-12 6.5328E-12 6.8713E-12 7.2273E-12 7.6016E-12 9.1055E-12 1.1757E-11 1.4975E-11 1.8914E-11 2.1710E-11 2.3565E-11 2.5914E-11 2.8436E-11 3.1142E-11 3.3634E-11 3.6904E-11 3.9704E-11 4.3297E-11 4.6519E-11 4.9954E-11 5.3609E-11 5.7182E-11 6.0965E-11 6.5311E-11
9.6749E-13 9.9945E-13 1.0322E-12 1.0659E-12 1.1004E-12 1.1358E-12 1.1721E-12 1.2094E-12 1.2475E-12 1.2866E-12 1.3266E-12 1.3677E-12 1.4096E-12 1.4526E-12 1.4966E-12 1.5416E-12 1.5876E-12 1.6347E-12 1.6828E-12 1.7320E-12 1.7823E-12 1.8336E-12 1.8860E-12 1.9395E-12 1.9942E-12 2.0499E-12 2.1068E-12 2.1648E-12 2.2240E-12 2.2843E-12 3.6617E-12 5.1425E-12 5.6285E-12 6.1456E-12 6.4644E-12 6.7997E-12 7.1525E-12 7.5235E-12 9.0187E-12 1.1397E-11 1.4604E-11 1.8777E-11 2.1557E-11 2.3400E-11 2.5735E-11 2.8241E-11 3.0929E-11 3.3406E-11 3.6655E-11 3.9438E-11 4.2717E-11 4.6211E-11 4.9321E-11 5.3260E-11 5.6811E-11 6.0571E-11 6.4892E-11
9.5324E-13 9.8472E-13 1.0170E-12 1.0502E-12 1.0842E-12 1.1191E-12 1.1549E-12 1.1915E-12 1.2291E-12 1.2676E-12 1.3071E-12 1.3475E-12 1.3889E-12 1.4312E-12 1.4746E-12 1.5189E-12 1.5642E-12 1.6106E-12 1.6580E-12 1.7065E-12 1.7560E-12 1.8066E-12 1.8582E-12 1.9110E-12 1.9648E-12 2.0197E-12 2.0758E-12 2.1329E-12 2.1912E-12 2.2507E-12 3.1890E-12 5.0844E-12 5.5660E-12 6.0784E-12 6.3941E-12 6.7263E-12 7.0757E-12 7.4432E-12 8.6613E-12 1.1032E-11 1.4232E-11 1.8507E-11 2.1393E-11 2.3224E-11 2.5542E-11 2.8031E-11 3.0332E-11 3.3160E-11 3.6386E-11 3.9150E-11 4.2407E-11 4.5877E-11 4.8967E-11 5.2879E-11 5.6406E-11 6.0142E-11 6.4435E-11
9.3900E-13 9.7001E-13 1.0018E-12 1.0345E-12 1.0680E-12 1.1024E-12 1.1376E-12 1.1737E-12 1.2108E-12 1.2487E-12 1.2876E-12 1.3274E-12 1.3681E-12 1.4098E-12 1.4525E-12 1.4962E-12 1.5409E-12 1.5866E-12 1.6333E-12 1.6810E-12 1.7298E-12 1.7796E-12 1.8305E-12 1.8824E-12 1.9354E-12 1.9896E-12 2.0448E-12 2.1011E-12 2.1585E-12 2.2170E-12 3.1468E-12 5.0251E-12 5.5021E-12 6.0095E-12 6.3221E-12 6.6509E-12 6.9968E-12 7.3606E-12 8.3043E-12 1.0926E-11 1.4106E-11 1.8000E-11 2.1219E-11 2.3036E-11 2.4979E-11 2.7806E-11 3.0089E-11 3.2896E-11 3.6097E-11 3.8841E-11 4.2073E-11 4.5518E-11 4.8584E-11 5.2469E-11 5.5970E-11 5.9679E-11 6.3940E-11
9.2478E-13 9.5532E-13 9.8667E-13 1.0188E-12 1.0518E-12 1.0857E-12 1.1204E-12 1.1560E-12 1.1924E-12 1.2298E-12 1.2681E-12 1.3073E-12 1.3474E-12 1.3885E-12 1.4305E-12 1.4735E-12 1.5175E-12 1.5625E-12 1.6085E-12 1.6555E-12 1.7036E-12 1.7526E-12 1.8027E-12 1.8539E-12 1.9061E-12 1.9594E-12 2.0138E-12 2.0693E-12 2.1258E-12 2.1835E-12 2.2422E-12 4.5424E-12 5.4368E-12 5.9392E-12 6.2484E-12 6.5738E-12 6.9161E-12 7.2761E-12 8.2119E-12 1.0815E-11 1.3973E-11 1.7595E-11 2.0658E-11 2.2836E-11 2.4763E-11 2.7566E-11 2.9831E-11 3.2249E-11 3.5504E-11 3.8510E-11 4.1716E-11 4.4845E-11 4.8175E-11 5.2029E-11 5.5502E-11 5.9181E-11 6.3409E-11
9.1059E-13 9.4066E-13 9.7153E-13 1.0032E-12 1.0357E-12 1.0690E-12 1.1032E-12 1.1382E-12 1.1741E-12 1.2109E-12 1.2486E-12 1.2872E-12 1.3267E-12 1.3672E-12 1.4086E-12 1.4509E-12 1.4943E-12 1.5386E-12 1.5838E-12 1.6301E-12 1.6774E-12 1.7257E-12 1.7751E-12 1.8255E-12 1.8769E-12 1.9294E-12 1.9829E-12 2.0375E-12 2.0932E-12 2.1500E-12 2.2078E-12 4.4849E-12 5.1501E-12 5.8672E-12 6.1731E-12 6.4949E-12 6.8335E-12 7.1896E-12 8.1169E-12 1.0071E-11 1.3452E-11 1.7055E-11 2.0119E-11 2.2625E-11 2.4535E-11 2.6959E-11 2.9558E-11 3.1954E-11 3.5180E-11 3.8159E-11 4.1337E-11 4.4439E-11 4.7740E-11 5.1261E-11 5.5003E-11 5.8651E-11 6.2843E-11
8.9643E-13 9.2604E-13 9.5643E-13 9.8761E-13 1.0196E-12 1.0524E-12 1.0861E-12 1.1205E-12 1.1559E-12 1.1921E-12 1.2292E-12 1.2672E-12 1.3061E-12 1.3459E-12 1.3867E-12 1.4284E-12 1.4710E-12 1.5146E-12 1.5592E-12 1.6048E-12 1.6514E-12 1.6989E-12 1.7475E-12 1.7971E-12 1.8477E-12 1.8994E-12 1.9521E-12 2.0059E-12 2.0607E-12 2.1165E-12 2.1735E-12 3.5775E-12 5.0845E-12 5.7939E-12 6.0962E-12 6.4144E-12 6.7491E-12 7.1011E-12 8.0196E-12 9.8274E-12 1.3310E-11 1.6757E-11 1.9799E-11 2.2403E-11 2.4295E-11 2.6317E-11 2.9269E-11 3.1643E-11 3.4477E-11 3.7507E-11 4.0936E-11 4.4009E-11 4.7279E-11 5.0767E-11 5.4475E-11 5.8088E-11 6.2242E-11
8.8232E-13 9.1146E-13 9.4137E-13 9.7206E-13 1.0035E-12 1.0358E-12 1.0690E-12 1.1029E-12 1.1377E-12 1.1733E-12 1.2099E-12 1.2473E-12 1.2856E-12 1.3247E-12 1.3649E-12 1.4059E-12 1.4479E-12 1.4908E-12 1.5347E-12 1.5795E-12 1.6254E-12 1.6722E-12 1.7200E-12 1.7688E-12 1.8186E-12 1.8695E-12 1.9214E-12 1.9743E-12 2.0282E-12 2.0832E-12 2.1393E-12 3.5277E-12 5.0179E-12 5.5026E-12 6.0179E-12 6.3323E-12 6.6630E-12 7.0109E-12 7.6524E-12 9.4503E-12 1.2159E-11 1.6578E-11 1.9593E-11 2.1803E-11 2.4043E-11 2.6045E-11 2.8966E-11 3.1316E-11 3.4121E-11 3.7119E-11 4.0513E-11 4.3556E-11 4.6793E-11 5.0246E-11 5.3917E-11 5.7495E-11 6.1607E-11
8.6825E-13 8.9693E-13 9.2636E-13 9.5656E-13 9.8754E-13 1.0193E-12 1.0519E-12 1.0853E-12 1.1195E-12 1.1546E-12 1.1906E-12 1.2274E-12 1.2650E-12 1.3036E-12 1.3431E-12 1.3835E-12 1.4248E-12 1.4670E-12 1.5102E-12 1.5543E-12 1.5994E-12 1.6455E-12 1.6925E-12 1.7406E-12 1.7896E-12 1.8397E-12 1.8907E-12 1.9428E-12 1.9959E-12 2.0500E-12 2.1052E-12 3.4775E-12 4.9502E-12 5.4291E-12 5.9382E-12 6.2487E-12 6.5754E-12 6.9190E-12 7.5531E-12 9.3338E-12 1.2017E-11 1.5896E-11 1.9255E-11 2.1564E-11 2.3415E-11 2.5760E-11 2.8276E-11 3.0974E-11 3.3748E-11 3.6714E-11 3.9498E-11 4.3080E-11 4.6283E-11 4.9700E-11 5.3332E-11 5.6872E-11 6.0941E-11
8.5423E-13 8.8244E-13 9.1140E-13 9.4111E-13 9.7159E-13 1.0029E-12 1.0349E-12 1.0678E-12 1.1015E-12 1.1360E-12 1.1713E-12 1.2075E-12 1.2446E-12 1.2826E-12 1.3214E-12 1.3611E-12 1.4018E-12 1.4433E-12 1.4858E-12 1.5292E-12 1.5736E-12 1.6189E-12 1.6652E-12 1.7125E-12 1.7607E-12 1.8100E-12 1.8602E-12 1.9114E-12 1.9636E-12 2.0169E-12 2.0712E-12 3.0008E-12 4.8816E-12 5.3545E-12 5.8572E-12 6.1637E-12 6.4862E-12 6.8254E-12 7.1821E-12 8.9498E-12 1.1483E-11 1.5098E-11 1.8908E-11 2.1316E-11 2.3146E-11 2.5464E-11 2.7950E-11 3.0617E-11 3.3068E-11 3.6290E-11 3.9043E-11 4.2584E-11 4.5750E-11 4.9128E-11 5.2719E-11 5.6219E-11 6.0243E-11
8.4026E-13 8.6801E-13 8.9649E-13 9.2572E-13 9.5571E-13 9.8646E-13 1.0180E-12 1.0503E-12 1.0835E-12 1.1174E-12 1.1522E-12 1.1878E-12 1.2243E-12 1.2616E-12 1.2998E-12 1.3389E-12 1.3789E-12 1.4197E-12 1.4615E-12 1.5042E-12 1.5479E-12 1.5925E-12 1.6380E-12 1.6845E-12 1.7319E-12 1.7804E-12 1.8298E-12 1.8802E-12 1.9315E-12 1.9839E-12 2.0373E-12 2.0917E-12 4.3894E-12 5.2788E-12 5.7749E-12 6.0774E-12 6.3956E-12 6.7303E-12 7.0823E-12 8.8305E-12 1.1335E-11 1.4536E-11 1.8206E-11 2.1058E-11 2.2866E-11 2.4798E-11 2.7612E-11 2.9880E-11 3.2667E-11 3.5850E-11 3.8569E-11 4.1777E-11 4.5195E-11 4.8533E-11 5.2081E-11 5.5539E-11 5.9200E-11
8.2635E-13 8.5364E-13 8.8166E-13 9.1040E-13 9.3989E-13 9.7013E-13 1.0011E-12 1.0329E-12 1.0655E-12 1.0989E-12 1.1331E-12 1.1681E-12 1.2040E-12 1.2407E-12 1.2783E-12 1.3167E-12 1.3560E-12 1.3962E-12 1.4373E-12 1.4793E-12 1.5223E-12 1.5661E-12 1.6109E-12 1.6566E-12 1.7033E-12 1.7509E-12 1.7995E-12 1.8490E-12 1.8996E-12 1.9511E-12 2.0036E-12 2.0571E-12 3.4689E-12 4.9822E-12 5.6915E-12 5.9898E-12 6.3037E-12 6.6338E-12 6.9809E-12 8.1803E-12 1.0796E-11 1.4225E-11 1.7855E-11 2.0416E-11 2.2577E-11 2.4484E-11 2.7261E-11 2.9501E-11 3.1889E-11 3.5108E-11 3.8077E-11 4.1244E-11 4.4331E-11 4.7612E-11 5.1418E-11 5.4833E-11 5.8448E-11
8.1251E-13 8.3934E-13 8.6689E-13 8.9514E-13 9.2414E-13 9.5388E-13 9.8438E-13 1.0156E-12 1.0477E-12 1.0805E-12 1.1141E-12 1.1486E-12 1.1838E-12 1.2199E-12 1.2569E-12 1.2947E-12 1.3333E-12 1.3728E-12 1.4132E-12 1.4545E-12 1.4968E-12 1.5399E-12 1.5839E-12 1.6288E-12 1.6747E-12 1.7216E-12 1.7693E-12 1.8181E-12 1.8677E-12 1.9184E-12 1.9700E-12 2.0226E-12 3.4151E-12 4.9076E-12 5.6070E-12 5.9011E-12 6.2104E-12 6.5359E-12 6.8782E-12 8.0622E-12 1.0018E-11 1.3654E-11 1.7248E-11 1.9802E-11 2.2278E-11 2.4160E-11 2.6169E-11 2.9108E-11 3.1465E-11 3.4280E-11 3.7287E-11 4.0693E-11 4.3738E-11 4.6976E-11 5.0431E-11 5.4101E-11 5.7668E-11
7.9873E-13 8.2511E-13 8.5219E-13 8.7997E-13 9.0847E-13 9.3771E-13 9.6768E-13 9.9842E-13 1.0299E-12 1.0622E-12 1.0952E-12 1.1291E-12 1.1638E-12 1.1992E-12 1.2356E-12 1.2727E-12 1.3107E-12 1.3496E-12 1.3893E-12 1.4299E-12 1.4714E-12 1.5138E-12 1.5570E-12 1.6012E-12 1.6463E-12 1.6924E-12 1.7393E-12 1.7872E-12 1.8361E-12 1.8859E-12 1.9366E-12 1.9883E-12 3.3611E-12 4.8322E-12 5.3069E-12 5.8112E-12 6.1161E-12 6.4368E-12 6.7740E-12 7.6773E-12 9.6138E-12 1.2595E-11 1.6637E-11 1.9530E-11 2.1604E-11 2.3826E-11 2.5807E-11 2.8704E-11 3.1028E-11 3.3803E-11 3.6766E-11 4.0124E-11 4.3127E-11 4.6319E-11 4.9726E-11 5.3345E-11 5.6862E-11
7.8503E-13 8.1096E-13 8.3756E-13 8.6487E-13 8.9289E-13 9.2162E-13 9.5108E-13 9.8128E-13 1.0122E-12 1.0440E-12 1.0765E-12 1.1097E-12 1.1438E-12 1.1787E-12 1.2144E-12 1.2509E-12 1.2882E-12 1.3264E-12 1.3655E-12 1.4054E-12 1.4461E-12 1.4878E-12 1.5303E-12 1.5738E-12 1.6181E-12 1.6633E-12 1.7095E-12 1.7566E-12 1.8046E-12 1.8535E-12 1.9034E-12 1.9542E-12 2.8804E-12 4.7561E-12 5.2237E-12 5.7204E-12 6.0206E-12 6.3365E-12 6.6686E-12 7.2911E-12 9.4698E-12 1.2154E-11 1.5418E-11 1.9129E-11 2.1293E-11 2.3121E-11 2.5435E-11 2.7918E-11 3.0578E-11 3.3312E-11 3.6231E-11 3.8968E-11 4.2497E-11 4.5643E-11 4.9000E-11 5.2566E-11 5.6032E-11
7.7140E-13 7.9688E-13 8.2303E-13 8.4986E-13 8.7739E-13 9.0562E-13 9.3457E-13 9.6425E-13 9.9468E-13 1.0258E-12 1.0578E-12 1.0905E-12 1.1239E-12 1.1582E-12 1.1933E-12 1.2292E-12 1.2659E-12 1.3034E-12 1.3418E-12 1.3810E-12 1.4210E-12 1.4620E-12 1.5038E-12 1.5464E-12 1.5900E-12 1.6345E-12 1.6798E-12 1.7261E-12 1.7733E-12 1.8213E-12 1.8704E-12 1.9203E-12 1.9712E-12 4.2580E-12 5.1397E-12 5.6287E-12 5.9243E-12 6.2351E-12 6.5621E-12 6.9059E-12 8.6677E-12 1.1587E-11 1.4808E-11 1.8844E-11 2.0975E-11 2.2775E-11 2.4696E-11 2.7497E-11 2.9750E-11 3.2519E-11 3.5681E-11 3.8377E-11 4.1558E-11 4.4948E-11 4.8254E-11 5.1765E-11 5.5179E-11
7.5786E-13 7.8289E-13 8.0858E-13 8.3494E-13 8.6198E-13 8.8972E-13 9.1817E-13 9.4732E-13 9.7720E-13 1.0078E-12 1.0392E-12 1.0713E-12 1.1042E-12 1.1379E-12 1.1723E-12 1.2076E-12 1.2436E-12 1.2805E-12 1.3182E-12 1.3567E-12 1.3961E-12 1.4363E-12 1.4774E-12 1.5193E-12 1.5621E-12 1.6058E-12 1.6503E-12 1.6958E-12 1.7421E-12 1.7894E-12 1.8375E-12 1.8866E-12 1.9365E-12 3.3371E-12 4.8363E-12 5.5362E-12 5.8270E-12 6.1329E-12 6.4546E-12 6.7928E-12 8.2622E-12 1.1147E-11 1.4453E-11 1.7721E-11 2.0274E-11 2.2421E-11 2.4311E-11 2.6714E-11 2.9284E-11 3.1647E-11 3.4834E-11 3.7771E-11 4.0901E-11 4.4236E-11 4.7185E-11 5.0944E-11 5.4304E-11
7.4440E-13 7.6898E-13 7.9422E-13 8.2011E-13 8.4667E-13 8.7392E-13 9.0186E-13 9.3050E-13 9.5985E-13 9.8993E-13 1.0207E-12 1.0523E-12 1.0846E-12 1.1177E-12 1.1515E-12 1.1861E-12 1.2215E-12 1.2578E-12 1.2948E-12 1.3326E-12 1.3713E-12 1.4108E-12 1.4511E-12 1.4923E-12 1.5343E-12 1.5772E-12 1.6210E-12 1.6657E-12 1.7112E-12 1.7576E-12 1.8049E-12 1.8531E-12 1.9021E-12 3.2798E-12 4.7545E-12 5.2271E-12 5.7289E-12 6.0297E-12 6.3461E-12 6.6788E-12 8.1255E-12 9.8228E-12 1.3593E-11 1.7437E-11 1.9607E-11 2.2059E-11 2.3919E-11 2.5902E-11 2.8808E-11 3.1131E-11 3.3908E-11 3.6871E-11 4.0229E-11 4.3225E-11 4.6408E-11 5.0105E-11 5.3409E-11
