Assets/Resources/2015_m01_d03_1500(utc+0800)_l00_csi_1hr_conc.grd
DSAA
         159         159
     -79.000      79.000
     -79.000      79.000
  0.0000E+00  0.3486E-05
[rows 100 to 124 of 159, columns 0 to 56 of 159]
4.3066E-11 4.6165E-11 5.0150E-11 5.3672E-11 5.8096E-11 6.2083E-11 6.6976E-11 7.1462E-11 7.6184E-11 8.1892E-11 8.7176E-11 9.3449E-11 9.9330E-11 1.0621E-10 1.1273E-10 1.1956E-10 1.2745E-10 1.3497E-10 1.4301E-10 1.5180E-10 1.6042E-10 1.7040E-10 1.8018E-10 1.9004E-10 2.0166E-10 2.1245E-10 2.2366E-10 2.3672E-10 2.4894E-10 2.6162E-10 2.7620E-10 2.8995E-10 3.0419E-10 3.1965E-10 3.3566E-10 3.5148E-10 3.6779E-10 3.8649E-10 4.0390E-10 4.2181E-10 4.4164E-10 4.6106E-10 4.8050E-10 5.0138E-10 5.2278E-10 5.4370E-10 5.6555E-10 5.8886E-10 6.1120E-10 6.3393E-10 6.5790E-10 6.8229E-10 7.0628E-10 7.3146E-10 7.5701E-10 7.8211E-10 8.0795E-10
4.3905E-11 4.7042E-11 5.1085E-11 5.4652E-11 5.9132E-11 6.3163E-11 6.8121E-11 7.2657E-11 7.8129E-11 8.3206E-11 8.8540E-11 9.4889E-11 1.0083E-10 1.0779E-10 1.1437E-10 1.2162E-10 1.2922E-10 1.3682E-10 1.4547E-10 1.5380E-10 1.6250E-10 1.7293E-10 1.8248E-10 1.9280E-10 2.0424E-10 2.1514E-10 2.2720E-10 2.3977E-10 2.5215E-10 2.6536E-10 2.7980E-10 2.9373E-10 3.0813E-10 3.2414E-10 3.3998E-10 3.5594E-10 3.7335E-10 3.9130E-10 4.0885E-10 4.2782E-10 4.4733E-10 4.6643E-10 4.8597E-10 5.0796E-10 5.2856E-10 5.4959E-10 5.7209E-10 5.9508E-10 6.1753E-10 6.4081E-10 6.6533E-10 6.8908E-10 7.1361E-10 7.3894E-10 7.6426E-10 7.8950E-10 8.1593E-10
4.4739E-11 4.8596E-11 5.2011E-11 5.5617E-11 6.0157E-11 6.4234E-11 6.9252E-11 7.3834E-11 7.9369E-11 8.4498E-11 9.0591E-11 9.6304E-11 1.0229E-10 1.0933E-10 1.1597E-10 1.2364E-10 1.3096E-10 1.3861E-10 1.4737E-10 1.5578E-10 1.6490E-10 1.7515E-10 1.8481E-10 1.9592E-10 2.0686E-10 2.1792E-10 2.3082E-10 2.4289E-10 2.5544E-10 2.6953E-10 2.8345E-10 2.9753E-10 3.1245E-10 3.2861E-10 3.4424E-10 3.6033E-10 3.7879E-10 3.9597E-10 4.1362E-10 4.3321E-10 4.5239E-10 4.7158E-10 4.9223E-10 5.1341E-10 5.3411E-10 5.5576E-10 5.7888E-10 6.0104E-10 6.2360E-10 6.4782E-10 6.7169E-10 6.9554E-10 7.2063E-10 7.4613E-10 7.7117E-10 7.9697E-10 8.2397E-10
4.5566E-11 4.9473E-11 5.2928E-11 5.7264E-11 6.1170E-11 6.5287E-11 7.0365E-11 7.4993E-11 8.0593E-11 8.5767E-11 9.1923E-11 9.7688E-11 1.0444E-10 1.1084E-10 1.1753E-10 1.2528E-10 1.3268E-10 1.4059E-10 1.4927E-10 1.5778E-10 1.6799E-10 1.7739E-10 1.8719E-10 1.9880E-10 2.0956E-10 2.2076E-10 2.3386E-10 2.4609E-10 2.5876E-10 2.7337E-10 2.8710E-10 3.0131E-10 3.1708E-10 3.3268E-10 3.4840E-10 3.6553E-10 3.8322E-10 4.0049E-10 4.1872E-10 4.3843E-10 4.5726E-10 4.7655E-10 4.9829E-10 5.1863E-10 5.3943E-10 5.6219E-10 5.8448E-10 6.0672E-10 6.3021E-10 6.5416E-10 6.7774E-10 7.0213E-10 7.2775E-10 7.5257E-10 7.7772E-10 8.0453E-10 8.3086E-10
4.6387E-11 5.0344E-11 5.3835E-11 5.8221E-11 6.2168E-11 6.7024E-11 7.1463E-11 7.6133E-11 8.1790E-11 8.7013E-11 9.3235E-11 9.9047E-11 1.0587E-10 1.1232E-10 1.1908E-10 1.2692E-10 1.3440E-10 1.4295E-10 1.5118E-10 1.5981E-10 1.7019E-10 1.7970E-10 1.8998E-10 2.0143E-10 2.1233E-10 2.2471E-10 2.3694E-10 2.4930E-10 2.6282E-10 2.7687E-10 2.9072E-10 3.0502E-10 3.2127E-10 3.3662E-10 3.5243E-10 3.7059E-10 3.8748E-10 4.0484E-10 4.2413E-10 4.4303E-10 4.6193E-10 4.8229E-10 5.0320E-10 5.2363E-10 5.4502E-10 5.6789E-10 5.8980E-10 6.1213E-10 6.3615E-10 6.5982E-10 6.8349E-10 7.0841E-10 7.3376E-10 7.5868E-10 7.8481E-10 8.1132E-10 8.3736E-10
4.7199E-11 5.1202E-11 5.4731E-11 5.9169E-11 6.3153E-11 6.8060E-11 7.2539E-11 7.7955E-11 8.2969E-11 8.8233E-11 9.4515E-11 1.0039E-10 1.0728E-10 1.1380E-10 1.2136E-10 1.2858E-10 1.3615E-10 1.4483E-10 1.5318E-10 1.6191E-10 1.7246E-10 1.8210E-10 1.9353E-10 2.0412E-10 2.1515E-10 2.2802E-10 2.4003E-10 2.5250E-10 2.6683E-10 2.8031E-10 2.9424E-10 3.0936E-10 3.2501E-10 3.4043E-10 3.5678E-10 3.7461E-10 3.9159E-10 4.0902E-10 4.2890E-10 4.4742E-10 4.6640E-10 4.8784E-10 5.0789E-10 5.2839E-10 5.5086E-10 5.7288E-10 5.9487E-10 6.1810E-10 6.4181E-10 6.6517E-10 6.8935E-10 7.1479E-10 7.3944E-10 7.6443E-10 7.9112E-10 8.1735E-10 8.4349E-10
4.8168E-11 5.2053E-11 5.5614E-11 6.0100E-11 6.4122E-11 6.9081E-11 7.3600E-11 7.9068E-11 8.4127E-11 9.0157E-11 9.5797E-11 1.0173E-10 1.0872E-10 1.1531E-10 1.2298E-10 1.3030E-10 1.3797E-10 1.4678E-10 1.5524E-10 1.6544E-10 1.7480E-10 1.8456E-10 1.9614E-10 2.0684E-10 2.1797E-10 2.3098E-10 2.4309E-10 2.5563E-10 2.7009E-10 2.8365E-10 2.9765E-10 3.1357E-10 3.2861E-10 3.4411E-10 3.6148E-10 3.7849E-10 3.9552E-10 4.1446E-10 4.3304E-10 4.5162E-10 4.7165E-10 4.9223E-10 5.1235E-10 5.3342E-10 5.5600E-10 5.7761E-10 5.9964E-10 6.2339E-10 6.4680E-10 6.7022E-10 6.9532E-10 7.2005E-10 7.4477E-10 7.7073E-10 7.9709E-10 8.2300E-10 8.4968E-10
4.9482E-11 5.2889E-11 5.6822E-11 6.1019E-11 6.5075E-11 7.0082E-11 7.4647E-11 8.0178E-11 8.5284E-11 9.1392E-11 9.7099E-11 1.0382E-10 1.1019E-10 1.1688E-10 1.2466E-10 1.3208E-10 1.4059E-10 1.4880E-10 1.5738E-10 1.6771E-10 1.7718E-10 1.8704E-10 1.9875E-10 2.0955E-10 2.2181E-10 2.3389E-10 2.4607E-10 2.5941E-10 2.7326E-10 2.8688E-10 3.0095E-10 3.1698E-10 3.3209E-10 3.4764E-10 3.6556E-10 3.8220E-10 3.9930E-10 4.1881E-10 4.3698E-10 4.5562E-10 4.7669E-10 4.9641E-10 5.1658E-10 5.3822E-10 5.6040E-10 5.8207E-10 6.0500E-10 6.2841E-10 6.5148E-10 6.7538E-10 7.0058E-10 7.2499E-10 7.4976E-10 7.7665E-10 8.0229E-10 8.2828E-10 8.5595E-10
5.0276E-11 5.3717E-11 5.8037E-11 6.1922E-11 6.6537E-11 7.1086E-11 7.5697E-11 8.1300E-11 8.6467E-11 9.2655E-11 9.8449E-11 1.0527E-10 1.1173E-10 1.1906E-10 1.2642E-10 1.3395E-10 1.4257E-10 1.5088E-10 1.5956E-10 1.7002E-10 1.7958E-10 1.9088E-10 2.0134E-10 2.1221E-10 2.2490E-10 2.3672E-10 2.4897E-10 2.6308E-10 2.7632E-10 2.9001E-10 3.0487E-10 3.2027E-10 3.3542E-10 3.5150E-10 3.6907E-10 3.8575E-10 4.0338E-10 4.2251E-10 4.4074E-10 4.5992E-10 4.8060E-10 5.0036E-10 5.2057E-10 5.4329E-10 5.6456E-10 5.8626E-10 6.0966E-10 6.3275E-10 6.5587E-10 6.8067E-10 7.0512E-10 7.2957E-10 7.5528E-10 7.8143E-10 8.0714E-10 8.3363E-10 8.6140E-10
5.1060E-11 5.4534E-11 5.8906E-11 6.2830E-11 6.7679E-11 7.2107E-11 7.7291E-11 8.2455E-11 8.7704E-11 9.3982E-11 9.9863E-11 1.0679E-10 1.1335E-10 1.2096E-10 1.2823E-10 1.3586E-10 1.4459E-10 1.5298E-10 1.6275E-10 1.7231E-10 1.8193E-10 1.9334E-10 2.0387E-10 2.1480E-10 2.2759E-10 2.3947E-10 2.5177E-10 2.6599E-10 2.7928E-10 2.9301E-10 3.0867E-10 3.2342E-10 3.3862E-10 3.5615E-10 3.7241E-10 3.8913E-10 4.0824E-10 4.2604E-10 4.4429E-10 4.6449E-10 4.8429E-10 5.0409E-10 5.2534E-10 5.4714E-10 5.6844E-10 5.9060E-10 6.1407E-10 6.3680E-10 6.6037E-10 6.8524E-10 7.0934E-10 7.3383E-10 7.6046E-10 7.8584E-10 8.1160E-10 8.3907E-10 8.6610E-10
5.1846E-11 5.5356E-11 5.9785E-11 6.3757E-11 6.8668E-11 7.3163E-11 7.8612E-11 8.3669E-11 8.9705E-11 9.5377E-11 1.0135E-10 1.0837E-10 1.1502E-10 1.2273E-10 1.3009E-10 1.3779E-10 1.4662E-10 1.5508E-10 1.6526E-10 1.7456E-10 1.8425E-10 1.9574E-10 2.0633E-10 2.1835E-10 2.3020E-10 2.4214E-10 2.5520E-10 2.6878E-10 2.8213E-10 2.9591E-10 3.1165E-10 3.2644E-10 3.4167E-10 3.5929E-10 3.7560E-10 3.9234E-10 4.1153E-10 4.2936E-10 4.4765E-10 4.6841E-10 4.8776E-10 5.0757E-10 5.2987E-10 5.5075E-10 5.7207E-10 5.9508E-10 6.1779E-10 6.4054E-10 6.6458E-10 6.8911E-10 7.1322E-10 7.3862E-10 7.6447E-10 7.8992E-10 8.1618E-10 8.4374E-10 8.7041E-10
5.2646E-11 5.6200E-11 6.0689E-11 6.4727E-11 6.9714E-11 7.4278E-11 7.9813E-11 8.4951E-11 9.1082E-11 9.6831E-11 1.0359E-10 1.1000E-10 1.1672E-10 1.2453E-10 1.3195E-10 1.4045E-10 1.4862E-10 1.5714E-10 1.6741E-10 1.7677E-10 1.8719E-10 1.9809E-10 2.0873E-10 2.2116E-10 2.3272E-10 2.4470E-10 2.5854E-10 2.7149E-10 2.8487E-10 2.9942E-10 3.1450E-10 3.2932E-10 3.4506E-10 3.6228E-10 3.7860E-10 3.9635E-10 4.1466E-10 4.3250E-10 4.5179E-10 4.7163E-10 4.9101E-10 5.1134E-10 5.3321E-10 5.5410E-10 5.7542E-10 5.9890E-10 6.2124E-10 6.4400E-10 6.6890E-10 6.9264E-10 7.1679E-10 7.4309E-10 7.6818E-10 7.9365E-10 8.2086E-10 8.4765E-10 8.7439E-10
5.3474E-11 5.7256E-11 6.1644E-11 6.5748E-11 7.0816E-11 7.5453E-11 8.1075E-11 8.6284E-11 9.2501E-11 9.8325E-11 1.0517E-10 1.1165E-10 1.1843E-10 1.2630E-10 1.3379E-10 1.4236E-10 1.5058E-10 1.5915E-10 1.6950E-10 1.7891E-10 1.9008E-10 2.0036E-10 2.1104E-10 2.2356E-10 2.3517E-10 2.4719E-10 2.6109E-10 2.7407E-10 2.8749E-10 3.0281E-10 3.1722E-10 3.3206E-10 3.4922E-10 3.6512E-10 3.8146E-10 4.0018E-10 4.1759E-10 4.3544E-10 4.5572E-10 4.7466E-10 4.9403E-10 5.1538E-10 5.3630E-10 5.5719E-10 5.7937E-10 6.0205E-10 6.2439E-10 6.4800E-10 6.7214E-10 6.9590E-10 7.2049E-10 7.4644E-10 7.7155E-10 7.9752E-10 8.2481E-10 8.5123E-10 8.7847E-10
5.4348E-11 5.8364E-11 6.2656E-11 6.6997E-11 7.1970E-11 7.6675E-11 8.2377E-11 8.7652E-11 9.3949E-11 9.9838E-11 1.0675E-10 1.1328E-10 1.2085E-10 1.2807E-10 1.3560E-10 1.4423E-10 1.5251E-10 1.6211E-10 1.7155E-10 1.8101E-10 1.9224E-10 2.0257E-10 2.1330E-10 2.2588E-10 2.3752E-10 2.4957E-10 2.6355E-10 2.7656E-10 2.9000E-10 3.0537E-10 3.1980E-10 3.3466E-10 3.5189E-10 3.6779E-10 3.8413E-10 4.0292E-10 4.2033E-10 4.3819E-10 4.5853E-10 4.7745E-10 4.9682E-10 5.1871E-10 5.3915E-10 5.6002E-10 5.8303E-10 6.0492E-10 6.2727E-10 6.5175E-10 6.7508E-10 6.9884E-10 7.2434E-10 7.4949E-10 7.7464E-10 8.0152E-10 8.2801E-10 8.5449E-10 8.8270E-10
5.5276E-11 5.9534E-11 6.3714E-11 6.8468E-11 7.3166E-11 7.8275E-11 8.3706E-11 8.9212E-11 9.5396E-11 1.0134E-10 1.0832E-10 1.1490E-10 1.2252E-10 1.2979E-10 1.3738E-10 1.4607E-10 1.5439E-10 1.6440E-10 1.7354E-10 1.8304E-10 1.9434E-10 2.0471E-10 2.1684E-10 2.2811E-10 2.3979E-10 2.5328E-10 2.6589E-10 2.7892E-10 2.9238E-10 3.0781E-10 3.2225E-10 3.3711E-10 3.5439E-10 3.7030E-10 3.8761E-10 4.0548E-10 4.2288E-10 4.4172E-10 4.6112E-10 4.8003E-10 4.9990E-10 5.2132E-10 5.4174E-10 5.6303E-10 5.8566E-10 6.0755E-10 6.3030E-10 6.5441E-10 6.7775E-10 7.0152E-10 7.2750E-10 7.5225E-10 7.7741E-10 8.0481E-10 8.3093E-10 8.5743E-10 8.8616E-10
5.6246E-11 6.0744E-11 6.4809E-11 6.9626E-11 7.4384E-11 7.9728E-11 8.5032E-11 9.0767E-11 9.6836E-11 1.0300E-10 1.0986E-10 1.1649E-10 1.2417E-10 1.3149E-10 1.3947E-10 1.4786E-10 1.5622E-10 1.6630E-10 1.7548E-10 1.8534E-10 1.9637E-10 2.0677E-10 2.1896E-10 2.3026E-10 2.4196E-10 2.5549E-10 2.6813E-10 2.8118E-10 2.9610E-10 3.1011E-10 3.2455E-10 3.4128E-10 3.5675E-10 3.7265E-10 3.9091E-10 4.0785E-10 4.2524E-10 4.4506E-10 4.6350E-10 4.8238E-10 5.0374E-10 5.2370E-10 5.4411E-10 5.6621E-10 5.8804E-10 6.0992E-10 6.3352E-10 6.5683E-10 6.8016E-10 7.0523E-10 7.2997E-10 7.5474E-10 7.8082E-10 8.0738E-10 8.3351E-10 8.6095E-10 8.8887E-10
5.7247E-11 6.1806E-11 6.5924E-11 7.0973E-11 7.5600E-11 8.1178E-11 8.6353E-11 9.2316E-11 9.8252E-11 1.0464E-10 1.1138E-10 1.1806E-10 1.2579E-10 1.3314E-10 1.4155E-10 1.4961E-10 1.5801E-10 1.6814E-10 1.7735E-10 1.8828E-10 1.9833E-10 2.0876E-10 2.2100E-10 2.3232E-10 2.4403E-10 2.5762E-10 2.7026E-10 2.8331E-10 2.9827E-10 3.1228E-10 3.2672E-10 3.4349E-10 3.5894E-10 3.7482E-10 3.9312E-10 4.1005E-10 4.2741E-10 4.4725E-10 4.6567E-10 4.8453E-10 5.0594E-10 5.2586E-10 5.4624E-10 5.6878E-10 5.9020E-10 6.1207E-10 6.3610E-10 6.5899E-10 6.8232E-10 7.0786E-10 7.3220E-10 7.5695E-10 7.8392E-10 8.0966E-10 8.3581E-10 8.6418E-10 8.9125E-10
5.8269E-11 6.2875E-11 6.7039E-11 7.2140E-11 7.6811E-11 8.2440E-11 8.7656E-11 9.3853E-11 9.9656E-11 1.0627E-10 1.1287E-10 1.1976E-10 1.2737E-10 1.3477E-10 1.4322E-10 1.5131E-10 1.5974E-10 1.6993E-10 1.7917E-10 1.9015E-10 2.0022E-10 2.1066E-10 2.2295E-10 2.3428E-10 2.4601E-10 2.5963E-10 2.7228E-10 2.8533E-10 3.0031E-10 3.1432E-10 3.2874E-10 3.4554E-10 3.6097E-10 3.7683E-10 3.9515E-10 4.1205E-10 4.2988E-10 4.4926E-10 4.6765E-10 4.8699E-10 5.0791E-10 5.2782E-10 5.4860E-10 5.7074E-10 5.9214E-10 6.1440E-10 6.3806E-10 6.6094E-10 6.8468E-10 7.0981E-10 7.3413E-10 7.5932E-10 7.8591E-10 8.1164E-10 8.3822E-10 8.6620E-10 8.9328E-10
5.9285E-11 6.3945E-11 6.8148E-11 7.3296E-11 7.8009E-11 8.3688E-11 8.8949E-11 9.5193E-11 1.0103E-10 1.0788E-10 1.1434E-10 1.2145E-10 1.2892E-10 1.3634E-10 1.4484E-10 1.5297E-10 1.6242E-10 1.7166E-10 1.8092E-10 1.9194E-10 2.0203E-10 2.1317E-10 2.2481E-10 2.3615E-10 2.4893E-10 2.6154E-10 2.7418E-10 2.8722E-10 3.0222E-10 3.1621E-10 3.3062E-10 3.4743E-10 3.6284E-10 3.8058E-10 3.9702E-10 4.1389E-10 4.3316E-10 4.5108E-10 4.6944E-10 4.9027E-10 5.0971E-10 5.2958E-10 5.5156E-10 5.7249E-10 5.9387E-10 6.1738E-10 6.3978E-10 6.6263E-10 6.8763E-10 7.1151E-10 7.3582E-10 7.6229E-10 7.8759E-10 8.1330E-10 8.4123E-10 8.6792E-10 8.9499E-10
6.0639E-11 6.5005E-11 6.9248E-11 7.4446E-11 7.9199E-11 8.4923E-11 9.0219E-11 9.6512E-11 1.0239E-10 1.0928E-10 1.1578E-10 1.2310E-10 1.3043E-10 1.3789E-10 1.4642E-10 1.5457E-10 1.6440E-10 1.7333E-10 1.8261E-10 1.9366E-10 2.0377E-10 2.1562E-10 2.2659E-10 2.3793E-10 2.5109E-10 2.6333E-10 2.7596E-10 2.9044E-10 3.0401E-10 3.1797E-10 3.3422E-10 3.4918E-10 3.6456E-10 3.8232E-10 3.9872E-10 4.1555E-10 4.3485E-10 4.5274E-10 4.7106E-10 4.9191E-10 5.1131E-10 5.3116E-10 5.5317E-10 5.7405E-10 5.9538E-10 6.1890E-10 6.4127E-10 6.6409E-10 6.8912E-10 7.1295E-10 7.3722E-10 7.6372E-10 7.8900E-10 8.1468E-10 8.4263E-10 8.6930E-10 8.9636E-10
6.1820E-11 6.6056E-11 7.0683E-11 7.5582E-11 8.0541E-11 8.6141E-11 9.1477E-11 9.7809E-11 1.0372E-10 1.1065E-10 1.1718E-10 1.2473E-10 1.3191E-10 1.3956E-10 1.4795E-10 1.5612E-10 1.6599E-10 1.7494E-10 1.8455E-10 1.9531E-10 2.0543E-10 2.1731E-10 2.2827E-10 2.3961E-10 2.5278E-10 2.6501E-10 2.7763E-10 2.9212E-10 3.0565E-10 3.1960E-10 3.3586E-10 3.5079E-10 3.6613E-10 3.8390E-10 4.0027E-10 4.1708E-10 4.3638E-10 4.5423E-10 4.7251E-10 4.9339E-10 5.1275E-10 5.3255E-10 5.5455E-10 5.7540E-10 5.9711E-10 6.2023E-10 6.4254E-10 6.6574E-10 6.9034E-10 7.1412E-10 7.3924E-10 7.6488E-10 7.9010E-10 8.1666E-10 8.4373E-10 8.7036E-10 8.9973E-10
6.2990E-11 6.7088E-11 7.1937E-11 7.6702E-11 8.1876E-11 8.7341E-11 9.2880E-11 9.9082E-11 1.0503E-10 1.1199E-10 1.1855E-10 1.2613E-10 1.3333E-10 1.4120E-10 1.4943E-10 1.5762E-10 1.6752E-10 1.7648E-10 1.8679E-10 1.9689E-10 2.0700E-10 2.1890E-10 2.2986E-10 2.4119E-10 2.5437E-10 2.6658E-10 2.7917E-10 2.9367E-10 3.0719E-10 3.2110E-10 3.3736E-10 3.5226E-10 3.6757E-10 3.8536E-10 4.0168E-10 4.2038E-10 4.3776E-10 4.5557E-10 4.7583E-10 4.9469E-10 5.1400E-10 5.3540E-10 5.5576E-10 5.7656E-10 5.9948E-10 6.2131E-10 6.4358E-10 6.6801E-10 6.9133E-10 7.1505E-10 7.4099E-10 7.6575E-10 7.9091E-10 8.1835E-10 8.4454E-10 8.7112E-10 9.0128E-10
6.3973E-11 6.8282E-11 7.3176E-11 7.7798E-11 8.3366E-11 8.8517E-11 9.4444E-11 1.0033E-10 1.0647E-10 1.1330E-10 1.1988E-10 1.2750E-10 1.3472E-10 1.4279E-10 1.5086E-10 1.5906E-10 1.6899E-10 1.7795E-10 1.8862E-10 1.9838E-10 2.0849E-10 2.2041E-10 2.3135E-10 2.4266E-10 2.5585E-10 2.6805E-10 2.8062E-10 2.9511E-10 3.0859E-10 3.2248E-10 3.3875E-10 3.5362E-10 3.7080E-10 3.8666E-10 4.0296E-10 4.2167E-10 4.3900E-10 4.5675E-10 4.7700E-10 4.9582E-10 5.1509E-10 5.3648E-10 5.5677E-10 5.7750E-10 6.0040E-10 6.2218E-10 6.4439E-10 6.6880E-10 6.9205E-10 7.1572E-10 7.4164E-10 7.6635E-10 7.9147E-10 8.1889E-10 8.4504E-10 8.7158E-10 9.0179E-10
6.5106E-11 6.9627E-11 7.4219E-11 7.9051E-11 8.4487E-11 8.9664E-11 9.5808E-11 1.0154E-10 1.0808E-10 1.1458E-10 1.2118E-10 1.2882E-10 1.3606E-10 1.4415E-10 1.5223E-10 1.6076E-10 1.7039E-10 1.7935E-10 1.9005E-10 1.9980E-10 2.1023E-10 2.2182E-10 2.3275E-10 2.4474E-10 2.5724E-10 2.6941E-10 2.8230E-10 2.9644E-10 3.0990E-10 3.2466E-10 3.4002E-10 3.5484E-10 3.7203E-10 3.8786E-10 4.0410E-10 4.2280E-10 4.4007E-10 4.5778E-10 4.7803E-10 4.9679E-10 5.1598E-10 5.3735E-10 5.5758E-10 5.7825E-10 6.0113E-10 6.2282E-10 6.4496E-10 6.6936E-10 6.9253E-10 7.1614E-10 7.4205E-10 7.6668E-10 7.9266E-10 8.1916E-10 8.4524E-10 8.7481E-10 9.0201E-10
6.6221E-11 7.0780E-11 7.5409E-11 8.0450E-11 8.5578E-11 9.0961E-11 9.6968E-11 1.0273E-10 1.0947E-10 1.1582E-10 1.2261E-10 1.3010E-10 1.3735E-10 1.4564E-10 1.5355E-10 1.6242E-10 1.7173E-10 1.8069E-10 1.9139E-10 2.0113E-10 2.1190E-10 2.2315E-10 2.3406E-10 2.4640E-10 2.5853E-10 2.7067E-10 2.8391E-10 2.9768E-10 3.1109E-10 3.2679E-10 3.4118E-10 3.5597E-10 3.7314E-10 3.8891E-10 4.0511E-10 4.2380E-10 4.4102E-10 4.5866E-10 4.7889E-10 4.9758E-10 5.1670E-10 5.3805E-10 5.5820E-10 5.8045E-10 6.0164E-10 6.2325E-10 6.4704E-10 6.6969E-10 6.9277E-10 7.1808E-10 7.4220E-10 7.6674E-10 7.9358E-10 8.1917E-10 8.4516E-10 8.7478E-10 9.0195E-10
