Assets/Resources/2015_m01_d06_1700(utc+0800)_l00_csi_1hr_conc.grd
DSAA
         159         159
     -79.000      79.000
     -79.000      79.000
  0.0000E+00  0.1218E-04
[rows 50 to 74 of 159, columns 57 to 113 of 159]
9.6676E-10 1.2767E-09 1.9580E-09 2.5451E-09 3.6773E-09 5.0115E-09 4.4834E-09 5.0188E-09 5.8459E-09 6.7910E-09 7.8472E-09 8.9941E-09 1.0183E-08 1.1368E-08 1.2494E-08 1.3523E-08 1.4430E-08 1.5208E-08 1.5840E-08 1.6300E-08 1.6585E-08 1.6698E-08 1.6642E-08 1.6430E-08 1.6078E-08 1.5594E-08 1.5002E-08 1.4319E-08 1.3569E-08 1.2768E-08 1.1938E-08 1.1087E-08 1.0235E-08 9.3879E-09 8.5548E-09 7.7399E-09 6.9664E-09 6.2322E-09 5.5365E-09 4.8896E-09 4.2930E-09 3.7532E-09 3.2580E-09 2.8113E-09 2.4133E-09 2.0591E-09 1.7486E-09 1.4666E-09 1.2262E-09 1.0143E-09 8.3762E-10 6.6903E-10 5.3749E-10 4.2471E-10 3.1595E-10 2.4630E-10 1.8074E-10
9.2150E-10 1.2966E-09 1.9561E-09 2.8052E-09 3.8500E-09 5.4088E-09 7.2413E-09 5.5988E-09 6.2935E-09 7.2627E-09 8.3715E-09 9.6138E-09 1.0906E-08 1.2188E-08 1.3406E-08 1.4511E-08 1.5468E-08 1.6258E-08 1.6887E-08 1.7328E-08 1.7570E-08 1.7621E-08 1.7489E-08 1.7192E-08 1.6743E-08 1.6168E-08 1.5484E-08 1.4711E-08 1.3874E-08 1.2993E-08 1.2092E-08 1.1172E-08 1.0266E-08 9.3761E-09 8.5082E-09 7.6718E-09 6.8688E-09 6.1196E-09 5.4129E-09 4.7668E-09 4.1669E-09 3.6247E-09 3.1335E-09 2.6967E-09 2.3020E-09 1.9578E-09 1.6479E-09 1.3753E-09 1.1417E-09 9.4195E-10 7.7486E-10 6.1549E-10 4.9442E-10 3.8628E-10 2.8738E-10 2.2021E-10 1.5668E-10
8.8645E-10 1.3790E-09 1.9193E-09 2.9328E-09 3.9918E-09 5.8724E-09 7.9346E-09 9.2012E-09 7.0208E-09 7.9198E-09 9.0886E-09 1.0376E-08 1.1752E-08 1.3131E-08 1.4448E-08 1.5639E-08 1.6652E-08 1.7457E-08 1.8061E-08 1.8468E-08 1.8657E-08 1.8628E-08 1.8401E-08 1.8000E-08 1.7442E-08 1.6760E-08 1.5968E-08 1.5101E-08 1.4173E-08 1.3204E-08 1.2223E-08 1.1247E-08 1.0273E-08 9.3399E-09 8.4396E-09 7.5770E-09 6.7570E-09 5.9910E-09 5.2833E-09 4.6268E-09 4.0279E-09 3.4879E-09 3.0020E-09 2.5731E-09 2.1793E-09 1.8418E-09 1.5414E-09 1.2817E-09 1.0606E-09 8.7101E-10 7.1540E-10 5.6679E-10 4.5594E-10 3.5302E-10 2.5760E-10 1.9294E-10 1.2524E-10
8.5303E-10 1.3816E-09 1.8517E-09 2.9317E-09 4.1455E-09 6.1643E-09 8.4567E-09 1.1427E-08 9.6463E-09 8.8942E-09 9.9782E-09 1.1320E-08 1.2774E-08 1.4263E-08 1.5681E-08 1.6959E-08 1.8026E-08 1.8842E-08 1.9398E-08 1.9725E-08 1.9824E-08 1.9699E-08 1.9360E-08 1.8830E-08 1.8152E-08 1.7343E-08 1.6446E-08 1.5468E-08 1.4445E-08 1.3395E-08 1.2330E-08 1.1284E-08 1.0266E-08 9.2803E-09 8.3424E-09 7.4576E-09 6.6241E-09 5.8423E-09 5.1295E-09 4.4711E-09 3.8810E-09 3.3379E-09 2.8624E-09 2.4335E-09 2.0540E-09 1.7238E-09 1.4375E-09 1.1916E-09 9.8234E-10 8.0508E-10 6.6167E-10 5.2153E-10 4.1769E-10 3.1885E-10 2.2745E-10 1.6540E-10 1.0553E-10
8.1723E-10 1.3593E-09 1.8420E-09 2.8897E-09 4.4232E-09 6.3585E-09 8.8877E-09 1.2171E-08 1.6508E-08 1.1184E-08 1.1284E-08 1.2621E-08 1.4222E-08 1.5851E-08 1.7383E-08 1.8722E-08 1.9798E-08 2.0553E-08 2.1028E-08 2.1212E-08 2.1150E-08 2.0867E-08 2.0358E-08 1.9675E-08 1.8834E-08 1.7897E-08 1.6868E-08 1.5790E-08 1.4665E-08 1.3525E-08 1.2397E-08 1.1283E-08 1.0209E-08 9.1802E-09 8.2144E-09 7.3033E-09 6.4586E-09 5.6677E-09 4.9526E-09 4.2977E-09 3.7080E-09 3.1688E-09 2.7041E-09 2.2878E-09 1.9223E-09 1.6084E-09 1.3369E-09 1.1095E-09 9.0814E-10 7.4328E-10 6.0956E-10 4.7605E-10 3.7866E-10 2.8390E-10 1.9232E-10 1.2867E-10 7.6810E-11
7.8267E-10 1.3330E-09 1.9506E-09 2.8985E-09 4.5169E-09 6.4797E-09 9.1530E-09 1.2729E-08 1.7311E-08 2.3073E-08 1.3826E-08 1.4523E-08 1.6118E-08 1.7848E-08 1.9501E-08 2.0897E-08 2.1982E-08 2.2697E-08 2.3005E-08 2.2930E-08 2.2593E-08 2.2085E-08 2.1376E-08 2.0494E-08 1.9482E-08 1.8375E-08 1.7221E-08 1.6018E-08 1.4806E-08 1.3586E-08 1.2384E-08 1.1213E-08 1.0098E-08 9.0333E-09 8.0368E-09 7.1127E-09 6.2578E-09 5.4710E-09 4.7478E-09 4.1007E-09 3.5160E-09 2.9959E-09 2.5385E-09 2.1385E-09 1.7969E-09 1.4919E-09 1.2357E-09 1.0237E-09 8.3533E-10 6.8192E-10 5.5621E-10 4.2965E-10 3.3873E-10 2.4874E-10 1.4861E-10 9.5907E-11 4.6662E-11
7.4715E-10 1.2994E-09 2.0138E-09 2.8974E-09 4.5667E-09 6.5414E-09 9.3241E-09 1.3093E-08 1.8165E-08 2.4474E-08 2.8685E-08 1.7532E-08 1.8662E-08 2.0425E-08 2.2189E-08 2.3654E-08 2.4676E-08 2.5240E-08 2.5344E-08 2.5025E-08 2.4349E-08 2.3390E-08 2.2415E-08 2.1287E-08 2.0084E-08 1.8772E-08 1.7465E-08 1.6157E-08 1.4841E-08 1.3543E-08 1.2281E-08 1.1076E-08 9.9168E-09 8.8306E-09 7.8112E-09 6.8740E-09 6.0157E-09 5.2329E-09 4.5177E-09 3.8837E-09 3.3115E-09 2.8096E-09 2.3694E-09 1.9874E-09 1.6634E-09 1.3756E-09 1.1412E-09 9.3784E-10 7.6109E-10 6.2172E-10 5.0202E-10 3.8234E-10 2.9860E-10 1.9895E-10 1.2446E-10 7.4153E-11 3.6336E-11
7.1646E-10 1.2562E-09 2.0125E-09 2.8699E-09 4.5670E-09 6.5939E-09 9.4638E-09 1.3542E-08 1.8864E-08 2.5669E-08 3.3987E-08 2.9581E-08 2.2861E-08 2.4346E-08 2.6144E-08 2.7584E-08 2.8435E-08 2.8625E-08 2.8295E-08 2.7520E-08 2.6379E-08 2.5020E-08 2.3518E-08 2.2043E-08 2.0552E-08 1.9065E-08 1.7609E-08 1.6171E-08 1.4765E-08 1.3410E-08 1.2094E-08 1.0843E-08 9.6574E-09 8.5570E-09 7.5263E-09 6.5933E-09 5.7411E-09 4.9677E-09 4.2663E-09 3.6507E-09 3.0994E-09 2.6232E-09 2.1975E-09 1.8354E-09 1.5306E-09 1.2601E-09 1.0412E-09 8.5145E-10 6.8705E-10 5.5917E-10 4.4759E-10 3.3566E-10 2.5420E-10 1.6553E-10 8.6998E-11 4.1400E-11 2.8069E-11
6.7429E-10 1.2033E-09 1.9532E-09 2.8138E-09 4.5115E-09 6.5688E-09 9.6894E-09 1.3915E-08 1.9542E-08 2.6846E-08 3.6061E-08 4.6881E-08 3.2278E-08 3.0504E-08 3.1980E-08 3.3199E-08 3.3700E-08 3.3366E-08 3.2303E-08 3.0684E-08 2.8831E-08 2.6794E-08 2.4736E-08 2.2700E-08 2.0892E-08 1.9208E-08 1.7599E-08 1.6046E-08 1.4568E-08 1.3146E-08 1.1792E-08 1.0519E-08 9.3223E-09 8.2217E-09 7.1949E-09 6.2675E-09 5.4306E-09 4.6781E-09 3.9982E-09 3.4078E-09 2.8802E-09 2.4278E-09 2.0247E-09 1.6880E-09 1.3988E-09 1.1456E-09 9.4261E-10 7.6714E-10 6.1512E-10 4.9697E-10 3.9543E-10 2.9177E-10 2.0132E-10 1.1440E-10 4.6189E-11 3.2195E-11 2.0986E-11
6.2324E-10 1.1456E-09 1.8687E-09 2.7285E-09 4.4013E-09 6.6335E-09 9.7982E-09 1.4237E-08 2.0359E-08 2.8421E-08 3.8423E-08 5.0255E-08 6.1389E-08 4.1043E-08 4.0591E-08 4.1161E-08 4.0863E-08 3.9528E-08 3.7343E-08 3.4638E-08 3.1664E-08 2.8646E-08 2.5926E-08 2.3405E-08 2.1057E-08 1.9189E-08 1.7433E-08 1.5776E-08 1.4223E-08 1.2759E-08 1.1397E-08 1.0102E-08 8.9211E-09 7.8210E-09 6.8121E-09 5.9085E-09 5.0938E-09 4.3687E-09 3.7257E-09 3.1542E-09 2.6546E-09 2.2290E-09 1.8503E-09 1.5374E-09 1.2678E-09 1.0331E-09 8.4704E-10 6.8614E-10 5.4639E-10 4.3771E-10 3.4705E-10 2.2196E-10 1.4983E-10 7.4391E-11 3.5626E-11 2.5072E-11 1.6290E-11
5.7660E-10 1.0720E-09 1.5180E-09 2.6174E-09 4.3295E-09 6.5700E-09 9.8385E-09 1.4625E-08 2.1439E-08 3.0363E-08 4.1592E-08 5.4848E-08 6.9688E-08 7.6193E-08 5.4616E-08 5.3491E-08 5.1692E-08 4.8429E-08 4.4154E-08 3.9588E-08 3.5088E-08 3.0876E-08 2.7029E-08 2.3818E-08 2.1156E-08 1.8971E-08 1.7071E-08 1.5338E-08 1.3731E-08 1.2261E-08 1.0887E-08 9.6003E-09 8.4412E-09 7.3668E-09 6.3872E-09 5.5156E-09 4.7345E-09 4.0421E-09 3.4319E-09 2.8925E-09 2.4235E-09 2.0268E-09 1.6746E-09 1.3855E-09 1.1389E-09 9.2416E-10 7.5489E-10 6.0836E-10 4.8137E-10 3.8221E-10 2.8508E-10 1.7278E-10 1.0608E-10 6.1453E-11 2.7471E-11 1.9454E-11 1.2700E-11
5.2924E-10 9.7669E-10 1.4212E-09 2.4734E-09 4.1982E-09 6.4799E-09 9.8382E-09 1.5149E-08 2.2656E-08 3.2818E-08 4.5920E-08 6.1493E-08 7.8447E-08 9.5369E-08 9.0145E-08 7.1270E-08 6.7004E-08 6.0975E-08 5.3729E-08 4.6104E-08 3.9030E-08 3.3080E-08 2.8026E-08 2.3997E-08 2.1029E-08 1.8534E-08 1.6525E-08 1.4740E-08 1.3101E-08 1.1639E-08 1.0283E-08 9.0371E-09 7.9015E-09 6.8659E-09 5.9290E-09 5.0964E-09 4.3558E-09 3.7017E-09 3.1291E-09 2.6256E-09 2.1902E-09 1.8249E-09 1.5016E-09 1.2367E-09 1.0144E-09 8.1926E-10 6.6425E-10 5.3443E-10 4.2042E-10 3.2884E-10 2.3619E-10 1.3721E-10 8.5485E-11 5.1420E-11 2.2710E-11 1.5869E-11 9.1367E-12
4.6581E-10 6.8077E-10 1.3029E-09 2.3100E-09 4.0226E-09 6.3659E-09 1.0056E-08 1.5658E-08 2.4044E-08 3.6079E-08 5.1744E-08 7.0444E-08 9.0725E-08 1.1018E-07 1.2670E-07 1.0252E-07 8.8352E-08 7.8026E-08 6.6355E-08 5.4487E-08 4.3820E-08 3.5301E-08 2.8734E-08 2.3870E-08 2.0643E-08 1.7873E-08 1.5790E-08 1.3971E-08 1.2355E-08 1.0909E-08 9.5935E-09 8.3946E-09 7.3097E-09 6.3260E-09 5.4399E-09 4.6585E-09 3.9658E-09 3.3564E-09 2.8265E-09 2.3618E-09 1.9627E-09 1.6302E-09 1.3358E-09 1.0938E-09 8.9520E-10 7.1913E-10 5.7834E-10 4.6546E-10 3.6055E-10 2.5688E-10 1.7879E-10 1.0051E-10 7.3959E-11 4.1264E-11 1.8664E-11 1.1799E-11 6.4616E-12
4.1932E-10 6.1356E-10 1.1718E-09 2.1716E-09 3.8046E-09 6.1905E-09 1.0131E-08 1.6238E-08 2.5718E-08 3.9819E-08 5.8863E-08 8.2122E-08 1.0757E-07 1.3153E-07 1.4985E-07 1.6047E-07 1.1935E-07 1.0046E-07 8.2492E-08 6.4843E-08 4.9407E-08 3.7318E-08 2.9100E-08 2.3508E-08 1.9953E-08 1.6982E-08 1.4858E-08 1.3046E-08 1.1474E-08 1.0085E-08 8.8324E-09 7.6988E-09 6.6796E-09 5.7597E-09 4.9334E-09 4.2112E-09 3.5723E-09 3.0130E-09 2.5278E-09 2.1055E-09 1.7436E-09 1.4439E-09 1.1795E-09 9.6065E-10 7.8403E-10 6.2708E-10 5.0069E-10 3.9497E-10 2.8334E-10 1.9676E-10 1.3204E-10 8.7408E-11 6.6505E-11 3.7159E-11 1.4245E-11 8.1403E-12 3.5886E-12
3.7038E-10 5.4216E-10 1.0187E-09 1.8161E-09 3.2365E-09 5.9876E-09 1.0088E-08 1.6695E-08 2.7390E-08 4.3513E-08 6.6713E-08 9.6497E-08 1.2949E-07 1.5991E-07 1.8196E-07 1.9182E-07 1.8429E-07 1.3034E-07 1.0169E-07 7.5776E-08 5.4615E-08 3.8683E-08 2.8988E-08 2.2799E-08 1.8524E-08 1.5867E-08 1.3760E-08 1.1992E-08 1.0492E-08 9.1880E-09 8.0193E-09 6.9527E-09 6.0110E-09 5.1803E-09 4.4235E-09 3.7633E-09 3.1824E-09 2.6759E-09 2.2365E-09 1.8582E-09 1.5356E-09 1.2598E-09 1.0316E-09 8.3835E-10 6.7739E-10 5.4222E-10 4.2699E-10 3.0675E-10 2.1971E-10 1.5634E-10 1.1578E-10 7.8532E-11 6.0687E-11 3.1729E-11 1.0053E-11 5.0114E-12 1.1104E-12
3.1465E-10 4.7142E-10 6.9919E-10 1.5274E-09 2.9075E-09 5.5721E-09 9.7303E-09 1.6785E-08 2.8508E-08 4.6997E-08 7.4689E-08 1.1173E-07 1.5460E-07 1.9540E-07 2.2372E-07 2.3387E-07 2.2417E-07 1.8455E-07 1.2463E-07 8.6994E-08 5.8100E-08 3.8532E-08 2.8092E-08 2.1557E-08 1.7134E-08 1.4512E-08 1.2500E-08 1.0832E-08 9.4347E-09 8.2138E-09 7.1448E-09 6.1996E-09 5.3465E-09 4.5808E-09 3.9152E-09 3.3234E-09 2.8033E-09 2.3510E-09 1.9522E-09 1.6136E-09 1.3378E-09 1.0911E-09 8.9613E-10 7.2577E-10 5.7762E-10 4.6299E-10 3.3957E-10 2.3889E-10 1.7453E-10 1.3900E-10 1.0497E-10 6.7276E-11 5.4383E-11 2.6105E-11 6.2138E-12 2.0954E-12 0.0000E+00
2.7419E-10 3.9394E-10 5.9241E-10 1.3529E-09 2.4979E-09 4.7646E-09 8.9654E-09 1.6017E-08 2.8400E-08 4.8881E-08 8.0577E-08 1.2530E-07 1.7972E-07 2.3377E-07 2.7272E-07 2.8702E-07 2.7224E-07 2.3423E-07 1.6108E-07 9.6974E-08 5.8529E-08 3.5988E-08 2.6033E-08 1.9521E-08 1.5302E-08 1.2856E-08 1.1036E-08 9.5525E-09 8.2938E-09 7.2336E-09 6.2637E-09 5.4221E-09 4.6624E-09 4.0063E-09 3.4158E-09 2.8930E-09 2.4350E-09 2.0378E-09 1.6884E-09 1.3928E-09 1.1434E-09 9.3767E-10 7.6716E-10 6.2196E-10 4.9204E-10 3.7601E-10 2.7860E-10 1.9927E-10 1.5335E-10 1.2326E-10 9.5362E-11 6.0625E-11 4.6383E-11 2.0935E-11 3.1987E-12 9.6459E-14 0.0000E+00
2.3912E-10 3.3988E-10 4.9101E-10 9.3983E-10 2.0205E-09 4.0770E-09 7.9262E-09 1.4522E-08 2.6523E-08 4.7411E-08 8.1716E-08 1.3243E-07 1.9769E-07 2.6736E-07 3.2497E-07 3.5024E-07 3.3479E-07 2.7901E-07 2.0142E-07 1.0543E-07 5.4670E-08 3.1341E-08 2.2773E-08 1.6804E-08 1.3061E-08 1.0917E-08 9.3367E-09 8.0513E-09 7.0481E-09 6.1720E-09 5.4029E-09 4.6852E-09 4.0318E-09 3.4582E-09 2.9432E-09 2.4868E-09 2.0889E-09 1.7321E-09 1.4290E-09 1.1859E-09 9.7110E-10 7.9419E-10 6.4702E-10 5.2591E-10 4.0588E-10 3.0171E-10 2.2043E-10 1.7298E-10 1.3778E-10 1.0875E-10 8.6177E-11 5.1782E-11 3.8353E-11 1.6657E-11 2.9485E-13 0.0000E+00 0.0000E+00
2.0378E-10 2.7898E-10 4.0993E-10 8.0809E-10 1.5377E-09 3.2951E-09 6.5695E-09 1.2553E-08 2.3253E-08 4.2705E-08 7.6154E-08 1.2863E-07 2.0169E-07 2.8768E-07 3.7017E-07 4.2275E-07 4.1743E-07 3.4000E-07 2.1860E-07 1.1589E-07 4.6098E-08 2.6381E-08 1.7964E-08 1.3866E-08 1.0651E-08 8.9324E-09 7.5580E-09 6.5928E-09 5.8054E-09 5.0921E-09 4.4913E-09 3.9255E-09 3.4224E-09 2.9407E-09 2.5046E-09 2.1130E-09 1.7545E-09 1.4655E-09 1.2068E-09 9.8873E-10 8.1311E-10 6.6648E-10 5.4228E-10 4.2308E-10 3.2341E-10 2.4272E-10 1.8686E-10 1.5113E-10 1.2282E-10 9.4168E-11 7.4390E-11 4.3947E-11 3.0588E-11 1.2421E-11 0.0000E+00 0.0000E+00 0.0000E+00
1.7064E-10 2.3421E-10 3.3129E-10 6.1301E-10 1.1170E-09 2.4256E-09 5.0498E-09 9.9269E-09 1.8927E-08 3.4623E-08 6.3467E-08 1.1131E-07 1.8440E-07 2.8141E-07 3.9433E-07 4.9949E-07 5.3304E-07 4.2823E-07 2.3157E-07 9.2271E-08 4.7906E-08 2.1638E-08 1.4287E-08 1.0995E-08 8.4740E-09 7.0773E-09 5.9935E-09 5.2336E-09 4.5709E-09 4.0647E-09 3.6395E-09 3.2123E-09 2.8248E-09 2.4457E-09 2.0954E-09 1.7725E-09 1.4715E-09 1.2133E-09 9.9561E-10 8.2567E-10 6.7525E-10 5.5274E-10 4.4121E-10 3.3281E-10 2.5479E-10 2.0725E-10 1.6613E-10 1.3303E-10 1.0595E-10 8.1909E-11 6.1772E-11 3.5047E-11 2.4958E-11 1.0938E-11 0.0000E+00 0.0000E+00 0.0000E+00
1.3907E-10 1.9317E-10 2.6124E-10 4.5223E-10 8.1408E-10 1.5414E-09 3.3634E-09 6.6275E-09 1.3222E-08 2.4352E-08 4.6056E-08 8.2205E-08 1.4212E-07 2.3366E-07 3.7260E-07 5.6053E-07 7.0682E-07 5.7575E-07 2.3507E-07 6.6858E-08 3.5603E-08 2.3161E-08 1.1161E-08 8.3378E-09 6.4971E-09 5.3793E-09 4.6272E-09 4.0499E-09 3.5706E-09 3.1843E-09 2.8309E-09 2.5337E-09 2.2455E-09 1.9605E-09 1.6952E-09 1.4300E-09 1.2137E-09 1.0053E-09 8.2574E-10 6.8402E-10 5.5986E-10 4.4628E-10 3.4257E-10 2.6658E-10 2.1664E-10 1.7277E-10 1.4364E-10 1.1737E-10 8.8530E-11 6.8273E-11 5.1722E-11 2.7737E-11 2.2151E-11 1.0036E-11 0.0000E+00 0.0000E+00 0.0000E+00
1.0241E-10 1.5537E-10 2.1247E-10 2.8824E-10 4.2734E-10 8.7436E-10 1.5174E-09 3.6131E-09 7.5179E-09 1.4425E-08 2.6315E-08 4.7575E-08 8.3283E-08 1.4359E-07 2.6248E-07 5.1333E-07 9.3808E-07 8.8113E-07 2.9196E-07 6.4937E-08 2.4461E-08 2.0443E-08 1.0449E-08 6.0214E-09 4.9083E-09 4.1212E-09 3.5875E-09 3.1409E-09 2.8161E-09 2.5498E-09 2.2727E-09 2.0268E-09 1.7887E-09 1.5563E-09 1.3398E-09 1.1399E-09 9.6427E-10 8.1021E-10 6.7632E-10 5.5329E-10 4.4563E-10 3.4844E-10 2.6651E-10 2.1675E-10 1.7970E-10 1.4864E-10 1.2161E-10 9.4444E-11 7.4489E-11 5.6430E-11 4.1512E-11 2.4476E-11 2.0154E-11 9.1509E-12 0.0000E+00 0.0000E+00 0.0000E+00
7.0996E-11 1.2132E-10 1.6801E-10 2.2614E-10 3.1008E-10 5.4004E-10 9.7474E-10 1.8732E-09 3.4746E-09 6.6704E-09 1.1522E-08 1.9341E-08 3.0883E-08 5.0533E-08 7.9423E-08 2.0434E-07 7.8423E-07 1.3242E-06 6.5349E-07 1.5615E-07 1.8227E-08 1.3833E-08 1.2650E-08 5.3740E-09 3.8762E-09 3.2208E-09 2.7900E-09 2.4624E-09 2.2031E-09 1.9798E-09 1.7886E-09 1.6014E-09 1.4208E-09 1.2457E-09 1.0758E-09 9.1815E-10 7.7699E-10 6.5209E-10 5.3733E-10 4.3455E-10 3.4084E-10 2.6486E-10 2.1516E-10 1.7978E-10 1.4385E-10 1.2043E-10 9.8229E-11 7.6506E-11 5.9557E-11 4.6319E-11 3.6692E-11 2.2122E-11 1.8216E-11 8.2918E-12 0.0000E+00 0.0000E+00 0.0000E+00
5.2787E-11 8.2202E-11 1.2950E-10 1.7671E-10 2.3286E-10 3.1932E-10 6.1432E-10 9.9656E-10 1.8547E-09 3.2763E-09 5.8482E-09 9.3088E-09 1.3275E-08 1.7201E-08 2.0074E-08 2.3503E-08 1.2981E-07 8.6275E-07 1.1238E-06 5.7225E-07 7.3769E-08 9.1227E-09 8.6203E-09 7.7066E-09 3.2761E-09 2.5592E-09 2.1680E-09 1.8946E-09 1.6785E-09 1.5212E-09 1.3769E-09 1.2378E-09 1.1030E-09 9.7412E-10 8.4797E-10 7.2561E-10 6.1195E-10 4.9951E-10 4.1127E-10 3.2589E-10 2.5008E-10 2.0834E-10 1.7222E-10 1.3639E-10 1.1106E-10 9.4037E-11 7.3293E-11 6.0403E-11 4.7991E-11 3.9588E-11 3.2847E-11 1.9862E-11 1.6356E-11 7.4666E-12 0.0000E+00 0.0000E+00 0.0000E+00
2.9797E-11 5.7238E-11 9.2065E-11 1.3354E-10 1.7943E-10 2.3229E-10 3.1176E-10 5.7499E-10 9.2213E-10 1.6126E-09 2.5418E-09 4.2399E-09 6.1128E-09 7.8856E-09 9.0550E-09 9.7481E-09 9.7879E-09 1.2141E-07 1.0496E-06 1.1516E-06 4.7750E-07 2.4103E-08 5.7374E-09 5.5321E-09 4.4226E-09 2.0734E-09 1.6902E-09 1.4639E-09 1.2801E-09 1.1465E-09 1.0359E-09 9.3307E-10 8.3430E-10 7.3943E-10 6.4743E-10 5.5629E-10 4.5684E-10 3.8008E-10 3.0347E-10 2.3302E-10 1.9564E-10 1.6136E-10 1.2566E-10 1.0101E-10 8.5741E-11 6.6005E-11 5.4654E-11 4.6270E-11 3.9560E-11 3.4863E-11 2.9248E-11 1.7716E-11 1.4589E-11 6.6815E-12 0.0000E+00 0.0000E+00 0.0000E+00
