Assets/Resources/2015_m01_d20_1200(utc+0800)_l00_csi_1hr_conc.grd
DSAA
         159         159
     -79.000      79.000
     -79.000      79.000
  0.2295E-09  0.1075E-05
[rows 0 to 24 of 159, columns 57 to 113 of 159]
1.3281E-09 1.3418E-09 1.3555E-09 1.3711E-09 1.3863E-09 1.3997E-09 1.4129E-09 1.4279E-09 1.4423E-09 1.4556E-09 1.4684E-09 1.4814E-09 1.4956E-09 1.5083E-09 1.5208E-09 1.5327E-09 1.5451E-09 1.5569E-09 1.5685E-09 1.5799E-09 1.5906E-09 1.6018E-09 1.6124E-09 1.6227E-09 1.6322E-09 1.6419E-09 1.6511E-09 1.6601E-09 1.6693E-09 1.6771E-09 1.6850E-09 1.6921E-09 1.6991E-09 1.7060E-09 1.7122E-09 1.7182E-09 1.7236E-09 1.7281E-09 1.7326E-09 1.7367E-09 1.7398E-09 1.7425E-09 1.7456E-09 1.7472E-09 1.7493E-09 1.7499E-09 1.7506E-09 1.7501E-09 1.7491E-09 1.7481E-09 1.7460E-09 1.7438E-09 1.7412E-09 1.7374E-09 1.7337E-09 1.7288E-09 1.7233E-09
1.3497E-09 1.3654E-09 1.3808E-09 1.3954E-09 1.4093E-09 1.4234E-09 1.4388E-09 1.4538E-09 1.4672E-09 1.4805E-09 1.4954E-09 1.5088E-09 1.5220E-09 1.5350E-09 1.5475E-09 1.5608E-09 1.5733E-09 1.5851E-09 1.5970E-09 1.6087E-09 1.6206E-09 1.6317E-09 1.6423E-09 1.6528E-09 1.6631E-09 1.6730E-09 1.6832E-09 1.6921E-09 1.7010E-09 1.7095E-09 1.7173E-09 1.7252E-09 1.7326E-09 1.7401E-09 1.7462E-09 1.7522E-09 1.7574E-09 1.7628E-09 1.7671E-09 1.7718E-09 1.7751E-09 1.7790E-09 1.7813E-09 1.7836E-09 1.7849E-09 1.7856E-09 1.7864E-09 1.7860E-09 1.7861E-09 1.7846E-09 1.7832E-09 1.7806E-09 1.7774E-09 1.7743E-09 1.7700E-09 1.7650E-09 1.7602E-09
1.3734E-09 1.3896E-09 1.4040E-09 1.4183E-09 1.4343E-09 1.4498E-09 1.4642E-09 1.4782E-09 1.4923E-09 1.5078E-09 1.5217E-09 1.5354E-09 1.5486E-09 1.5624E-09 1.5756E-09 1.5886E-09 1.6014E-09 1.6139E-09 1.6266E-09 1.6383E-09 1.6501E-09 1.6616E-09 1.6728E-09 1.6838E-09 1.6946E-09 1.7048E-09 1.7148E-09 1.7243E-09 1.7332E-09 1.7422E-09 1.7506E-09 1.7592E-09 1.7665E-09 1.7737E-09 1.7800E-09 1.7865E-09 1.7926E-09 1.7979E-09 1.8024E-09 1.8075E-09 1.8110E-09 1.8146E-09 1.8170E-09 1.8196E-09 1.8210E-09 1.8229E-09 1.8232E-09 1.8235E-09 1.8227E-09 1.8213E-09 1.8199E-09 1.8174E-09 1.8142E-09 1.8111E-09 1.8068E-09 1.8025E-09 1.7977E-09
1.3971E-09 1.4119E-09 1.4267E-09 1.4435E-09 1.4595E-09 1.4741E-09 1.4885E-09 1.5046E-09 1.5192E-09 1.5336E-09 1.5479E-09 1.5620E-09 1.5763E-09 1.5901E-09 1.6036E-09 1.6166E-09 1.6302E-09 1.6431E-09 1.6558E-09 1.6682E-09 1.6803E-09 1.6918E-09 1.7040E-09 1.7153E-09 1.7262E-09 1.7364E-09 1.7467E-09 1.7568E-09 1.7663E-09 1.7760E-09 1.7844E-09 1.7927E-09 1.8008E-09 1.8079E-09 1.8151E-09 1.8217E-09 1.8284E-09 1.8336E-09 1.8389E-09 1.8432E-09 1.8475E-09 1.8507E-09 1.8539E-09 1.8564E-09 1.8580E-09 1.8596E-09 1.8600E-09 1.8605E-09 1.8598E-09 1.8591E-09 1.8572E-09 1.8547E-09 1.8529E-09 1.8492E-09 1.8455E-09 1.8406E-09 1.8351E-09
1.4193E-09 1.4348E-09 1.4517E-09 1.4682E-09 1.4833E-09 1.4982E-09 1.5151E-09 1.5302E-09 1.5452E-09 1.5596E-09 1.5746E-09 1.5891E-09 1.6035E-09 1.6176E-09 1.6316E-09 1.6457E-09 1.6592E-09 1.6725E-09 1.6852E-09 1.6980E-09 1.7111E-09 1.7234E-09 1.7353E-09 1.7465E-09 1.7578E-09 1.7690E-09 1.7795E-09 1.7904E-09 1.7998E-09 1.8093E-09 1.8186E-09 1.8268E-09 1.8352E-09 1.8429E-09 1.8509E-09 1.8573E-09 1.8639E-09 1.8693E-09 1.8749E-09 1.8793E-09 1.8843E-09 1.8877E-09 1.8911E-09 1.8934E-09 1.8958E-09 1.8969E-09 1.8981E-09 1.8981E-09 1.8981E-09 1.8975E-09 1.8957E-09 1.8939E-09 1.8908E-09 1.8872E-09 1.8835E-09 1.8786E-09 1.8731E-09
1.4433E-09 1.4603E-09 1.4763E-09 1.4918E-09 1.5079E-09 1.5246E-09 1.5402E-09 1.5557E-09 1.5707E-09 1.5866E-09 1.6017E-09 1.6166E-09 1.6313E-09 1.6458E-09 1.6602E-09 1.6743E-09 1.6883E-09 1.7019E-09 1.7160E-09 1.7291E-09 1.7417E-09 1.7543E-09 1.7666E-09 1.7787E-09 1.7904E-09 1.8019E-09 1.8128E-09 1.8234E-09 1.8338E-09 1.8432E-09 1.8527E-09 1.8617E-09 1.8708E-09 1.8785E-09 1.8863E-09 1.8930E-09 1.8998E-09 1.9062E-09 1.9118E-09 1.9171E-09 1.9212E-09 1.9254E-09 1.9284E-09 1.9309E-09 1.9334E-09 1.9347E-09 1.9367E-09 1.9368E-09 1.9369E-09 1.9358E-09 1.9347E-09 1.9324E-09 1.9293E-09 1.9264E-09 1.9221E-09 1.9179E-09 1.9123E-09
1.4676E-09 1.4836E-09 1.4996E-09 1.5173E-09 1.5338E-09 1.5499E-09 1.5655E-09 1.5818E-09 1.5975E-09 1.6131E-09 1.6286E-09 1.6439E-09 1.6594E-09 1.6743E-09 1.6891E-09 1.7036E-09 1.7176E-09 1.7322E-09 1.7461E-09 1.7596E-09 1.7729E-09 1.7855E-09 1.7988E-09 1.8113E-09 1.8233E-09 1.8350E-09 1.8465E-09 1.8570E-09 1.8677E-09 1.8779E-09 1.8882E-09 1.8970E-09 1.9061E-09 1.9146E-09 1.9221E-09 1.9297E-09 1.9366E-09 1.9432E-09 1.9487E-09 1.9542E-09 1.9586E-09 1.9630E-09 1.9662E-09 1.9702E-09 1.9722E-09 1.9743E-09 1.9752E-09 1.9761E-09 1.9757E-09 1.9747E-09 1.9737E-09 1.9714E-09 1.9691E-09 1.9655E-09 1.9612E-09 1.9570E-09 1.9514E-09
1.4903E-09 1.5067E-09 1.5252E-09 1.5419E-09 1.5585E-09 1.5747E-09 1.5914E-09 1.6081E-09 1.6242E-09 1.6399E-09 1.6561E-09 1.6718E-09 1.6874E-09 1.7027E-09 1.7179E-09 1.7334E-09 1.7481E-09 1.7626E-09 1.7765E-09 1.7904E-09 1.8043E-09 1.8182E-09 1.8313E-09 1.8440E-09 1.8560E-09 1.8683E-09 1.8801E-09 1.8914E-09 1.9029E-09 1.9130E-09 1.9232E-09 1.9330E-09 1.9418E-09 1.9506E-09 1.9588E-09 1.9667E-09 1.9735E-09 1.9804E-09 1.9861E-09 1.9919E-09 1.9964E-09 2.0018E-09 2.0052E-09 2.0087E-09 2.0109E-09 2.0132E-09 2.0142E-09 2.0153E-09 2.0150E-09 2.0147E-09 2.0132E-09 2.0116E-09 2.0087E-09 2.0052E-09 2.0016E-09 1.9967E-09 1.9911E-09
1.5132E-09 1.5322E-09 1.5493E-09 1.5664E-09 1.5830E-09 1.6007E-09 1.6175E-09 1.6342E-09 1.6508E-09 1.6676E-09 1.6839E-09 1.7000E-09 1.7160E-09 1.7313E-09 1.7475E-09 1.7629E-09 1.7780E-09 1.7929E-09 1.8077E-09 1.8221E-09 1.8368E-09 1.8501E-09 1.8636E-09 1.8769E-09 1.8899E-09 1.9023E-09 1.9145E-09 1.9262E-09 1.9376E-09 1.9487E-09 1.9586E-09 1.9688E-09 1.9783E-09 1.9875E-09 1.9955E-09 2.0037E-09 2.0108E-09 2.0179E-09 2.0246E-09 2.0306E-09 2.0361E-09 2.0404E-09 2.0447E-09 2.0477E-09 2.0508E-09 2.0526E-09 2.0544E-09 2.0549E-09 2.0548E-09 2.0546E-09 2.0532E-09 2.0517E-09 2.0489E-09 2.0454E-09 2.0412E-09 2.0363E-09 2.0314E-09
1.5384E-09 1.5560E-09 1.5736E-09 1.5910E-09 1.6088E-09 1.6262E-09 1.6434E-09 1.6605E-09 1.6779E-09 1.6948E-09 1.7115E-09 1.7280E-09 1.7450E-09 1.7612E-09 1.7772E-09 1.7926E-09 1.8082E-09 1.8237E-09 1.8393E-09 1.8541E-09 1.8686E-09 1.8829E-09 1.8964E-09 1.9101E-09 1.9239E-09 1.9367E-09 1.9493E-09 1.9609E-09 1.9728E-09 1.9842E-09 1.9949E-09 2.0054E-09 2.0148E-09 2.0243E-09 2.0327E-09 2.0412E-09 2.0498E-09 2.0567E-09 2.0635E-09 2.0692E-09 2.0749E-09 2.0794E-09 2.0840E-09 2.0872E-09 2.0905E-09 2.0925E-09 2.0945E-09 2.0951E-09 2.0958E-09 2.0951E-09 2.0937E-09 2.0917E-09 2.0889E-09 2.0861E-09 2.0819E-09 2.0788E-09 2.0732E-09
1.5623E-09 1.5800E-09 1.5983E-09 1.6166E-09 1.6345E-09 1.6522E-09 1.6699E-09 1.6874E-09 1.7049E-09 1.7222E-09 1.7393E-09 1.7569E-09 1.7737E-09 1.7903E-09 1.8068E-09 1.8232E-09 1.8392E-09 1.8555E-09 1.8706E-09 1.8858E-09 1.9009E-09 1.9157E-09 1.9299E-09 1.9445E-09 1.9582E-09 1.9710E-09 1.9841E-09 1.9960E-09 2.0087E-09 2.0204E-09 2.0311E-09 2.0419E-09 2.0517E-09 2.0615E-09 2.0716E-09 2.0798E-09 2.0881E-09 2.0951E-09 2.1023E-09 2.1083E-09 2.1143E-09 2.1190E-09 2.1238E-09 2.1272E-09 2.1307E-09 2.1328E-09 2.1350E-09 2.1358E-09 2.1360E-09 2.1354E-09 2.1348E-09 2.1328E-09 2.1318E-09 2.1284E-09 2.1243E-09 2.1195E-09 2.1139E-09
1.5856E-09 1.6048E-09 1.6232E-09 1.6416E-09 1.6599E-09 1.6781E-09 1.6965E-09 1.7145E-09 1.7324E-09 1.7503E-09 1.7679E-09 1.7854E-09 1.8026E-09 1.8197E-09 1.8368E-09 1.8540E-09 1.8704E-09 1.8866E-09 1.9027E-09 1.9179E-09 1.9339E-09 1.9491E-09 1.9638E-09 1.9783E-09 1.9925E-09 2.0057E-09 2.0195E-09 2.0319E-09 2.0445E-09 2.0566E-09 2.0677E-09 2.0789E-09 2.0897E-09 2.0999E-09 2.1096E-09 2.1181E-09 2.1267E-09 2.1348E-09 2.1416E-09 2.1478E-09 2.1540E-09 2.1597E-09 2.1640E-09 2.1684E-09 2.1714E-09 2.1737E-09 2.1754E-09 2.1770E-09 2.1773E-09 2.1785E-09 2.1774E-09 2.1755E-09 2.1729E-09 2.1696E-09 2.1655E-09 2.1606E-09 2.1568E-09
1.6102E-09 1.6291E-09 1.6479E-09 1.6667E-09 1.6858E-09 1.7044E-09 1.7230E-09 1.7414E-09 1.7603E-09 1.7785E-09 1.7966E-09 1.8144E-09 1.8323E-09 1.8499E-09 1.8674E-09 1.8845E-09 1.9014E-09 1.9182E-09 1.9347E-09 1.9508E-09 1.9672E-09 1.9828E-09 1.9975E-09 2.0125E-09 2.0271E-09 2.0411E-09 2.0550E-09 2.0684E-09 2.0807E-09 2.0932E-09 2.1053E-09 2.1169E-09 2.1280E-09 2.1379E-09 2.1480E-09 2.1575E-09 2.1658E-09 2.1741E-09 2.1812E-09 2.1884E-09 2.1942E-09 2.2001E-09 2.2047E-09 2.2086E-09 2.2118E-09 2.2150E-09 2.2179E-09 2.2197E-09 2.2202E-09 2.2199E-09 2.2188E-09 2.2170E-09 2.2145E-09 2.2130E-09 2.2089E-09 2.2041E-09 2.1986E-09
1.6341E-09 1.6535E-09 1.6728E-09 1.6923E-09 1.7115E-09 1.7306E-09 1.7496E-09 1.7691E-09 1.7878E-09 1.8065E-09 1.8250E-09 1.8435E-09 1.8623E-09 1.8803E-09 1.8981E-09 1.9158E-09 1.9328E-09 1.9504E-09 1.9674E-09 1.9839E-09 2.0004E-09 2.0165E-09 2.0316E-09 2.0474E-09 2.0624E-09 2.0765E-09 2.0907E-09 2.1045E-09 2.1173E-09 2.1309E-09 2.1427E-09 2.1546E-09 2.1661E-09 2.1764E-09 2.1868E-09 2.1960E-09 2.2052E-09 2.2139E-09 2.2213E-09 2.2288E-09 2.2349E-09 2.2404E-09 2.2452E-09 2.2500E-09 2.2551E-09 2.2579E-09 2.2599E-09 2.2612E-09 2.2618E-09 2.2616E-09 2.2617E-09 2.2608E-09 2.2584E-09 2.2552E-09 2.2512E-09 2.2464E-09 2.2408E-09
1.6582E-09 1.6780E-09 1.6981E-09 1.7178E-09 1.7374E-09 1.7569E-09 1.7769E-09 1.7963E-09 1.8155E-09 1.8346E-09 1.8538E-09 1.8732E-09 1.8919E-09 1.9103E-09 1.9288E-09 1.9470E-09 1.9648E-09 1.9829E-09 2.0004E-09 2.0169E-09 2.0338E-09 2.0504E-09 2.0663E-09 2.0822E-09 2.0977E-09 2.1121E-09 2.1268E-09 2.1417E-09 2.1548E-09 2.1682E-09 2.1810E-09 2.1927E-09 2.2046E-09 2.2152E-09 2.2260E-09 2.2361E-09 2.2451E-09 2.2541E-09 2.2618E-09 2.2689E-09 2.2752E-09 2.2827E-09 2.2884E-09 2.2929E-09 2.2965E-09 2.2995E-09 2.3017E-09 2.3042E-09 2.3057E-09 2.3057E-09 2.3049E-09 2.3033E-09 2.3010E-09 2.2978E-09 2.2949E-09 2.2910E-09 2.2854E-09
1.6823E-09 1.7029E-09 1.7235E-09 1.7437E-09 1.7639E-09 1.7839E-09 1.8043E-09 1.8241E-09 1.8440E-09 1.8632E-09 1.8832E-09 1.9025E-09 1.9216E-09 1.9407E-09 1.9597E-09 1.9788E-09 1.9970E-09 2.0152E-09 2.0332E-09 2.0502E-09 2.0679E-09 2.0849E-09 2.1010E-09 2.1172E-09 2.1332E-09 2.1487E-09 2.1638E-09 2.1785E-09 2.1920E-09 2.2058E-09 2.2191E-09 2.2312E-09 2.2434E-09 2.2544E-09 2.2655E-09 2.2761E-09 2.2853E-09 2.2940E-09 2.3020E-09 2.3110E-09 2.3184E-09 2.3245E-09 2.3298E-09 2.3345E-09 2.3383E-09 2.3425E-09 2.3457E-09 2.3474E-09 2.3483E-09 2.3484E-09 2.3478E-09 2.3474E-09 2.3459E-09 2.3428E-09 2.3390E-09 2.3343E-09 2.3288E-09
1.7073E-09 1.7280E-09 1.7487E-09 1.7695E-09 1.7904E-09 1.8109E-09 1.8313E-09 1.8518E-09 1.8726E-09 1.8927E-09 1.9126E-09 1.9326E-09 1.9518E-09 1.9718E-09 1.9916E-09 2.0102E-09 2.0291E-09 2.0478E-09 2.0662E-09 2.0841E-09 2.1019E-09 2.1193E-09 2.1358E-09 2.1526E-09 2.1696E-09 2.1849E-09 2.2005E-09 2.2156E-09 2.2303E-09 2.2438E-09 2.2574E-09 2.2699E-09 2.2825E-09 2.2946E-09 2.3054E-09 2.3157E-09 2.3253E-09 2.3359E-09 2.3450E-09 2.3527E-09 2.3597E-09 2.3660E-09 2.3716E-09 2.3775E-09 2.3824E-09 2.3858E-09 2.3884E-09 2.3903E-09 2.3913E-09 2.3934E-09 2.3929E-09 2.3916E-09 2.3895E-09 2.3865E-09 2.3838E-09 2.3803E-09 2.3748E-09
1.7317E-09 1.7528E-09 1.7742E-09 1.7956E-09 1.8167E-09 1.8376E-09 1.8587E-09 1.8801E-09 1.9008E-09 1.9213E-09 1.9419E-09 1.9624E-09 1.9825E-09 2.0030E-09 2.0229E-09 2.0426E-09 2.0614E-09 2.0809E-09 2.0998E-09 2.1178E-09 2.1361E-09 2.1540E-09 2.1716E-09 2.1888E-09 2.2057E-09 2.2215E-09 2.2374E-09 2.2530E-09 2.2675E-09 2.2820E-09 2.2961E-09 2.3097E-09 2.3220E-09 2.3338E-09 2.3450E-09 2.3572E-09 2.3679E-09 2.3773E-09 2.3860E-09 2.3940E-09 2.4012E-09 2.4089E-09 2.4155E-09 2.4206E-09 2.4250E-09 2.4287E-09 2.4325E-09 2.4354E-09 2.4366E-09 2.4371E-09 2.4368E-09 2.4367E-09 2.4357E-09 2.4329E-09 2.4292E-09 2.4246E-09 2.4192E-09
1.7561E-09 1.7783E-09 1.7999E-09 1.8215E-09 1.8430E-09 1.8646E-09 1.8866E-09 1.9079E-09 1.9291E-09 1.9503E-09 1.9714E-09 1.9928E-09 2.0134E-09 2.0340E-09 2.0544E-09 2.0739E-09 2.0942E-09 2.1139E-09 2.1333E-09 2.1517E-09 2.1705E-09 2.1896E-09 2.2070E-09 2.2247E-09 2.2420E-09 2.2589E-09 2.2747E-09 2.2907E-09 2.3056E-09 2.3206E-09 2.3351E-09 2.3484E-09 2.3612E-09 2.3740E-09 2.3866E-09 2.3983E-09 2.4086E-09 2.4183E-09 2.4273E-09 2.4366E-09 2.4450E-09 2.4519E-09 2.4581E-09 2.4635E-09 2.4691E-09 2.4738E-09 2.4769E-09 2.4791E-09 2.4817E-09 2.4824E-09 2.4832E-09 2.4822E-09 2.4803E-09 2.4776E-09 2.4740E-09 2.4706E-09 2.4663E-09
1.7812E-09 1.8033E-09 1.8254E-09 1.8474E-09 1.8696E-09 1.8922E-09 1.9140E-09 1.9358E-09 1.9577E-09 1.9794E-09 2.0015E-09 2.0227E-09 2.0440E-09 2.0651E-09 2.0860E-09 2.1065E-09 2.1269E-09 2.1470E-09 2.1669E-09 2.1865E-09 2.2058E-09 2.2247E-09 2.2426E-09 2.2608E-09 2.2786E-09 2.2953E-09 2.3122E-09 2.3286E-09 2.3446E-09 2.3594E-09 2.3737E-09 2.3874E-09 2.4022E-09 2.4155E-09 2.4275E-09 2.4389E-09 2.4496E-09 2.4606E-09 2.4707E-09 2.4794E-09 2.4873E-09 2.4945E-09 2.5020E-09 2.5085E-09 2.5134E-09 2.5175E-09 2.5219E-09 2.5245E-09 2.5272E-09 2.5281E-09 2.5280E-09 2.5271E-09 2.5265E-09 2.5239E-09 2.5215E-09 2.5170E-09 2.5117E-09
1.8058E-09 1.8284E-09 1.8509E-09 1.8737E-09 1.8967E-09 1.9192E-09 1.9415E-09 1.9640E-09 1.9864E-09 2.0091E-09 2.0310E-09 2.0530E-09 2.0748E-09 2.0964E-09 2.1176E-09 2.1388E-09 2.1597E-09 2.1804E-09 2.2008E-09 2.2209E-09 2.2406E-09 2.2600E-09 2.2791E-09 2.2971E-09 2.3154E-09 2.3325E-09 2.3499E-09 2.3669E-09 2.3826E-09 2.3979E-09 2.4142E-09 2.4291E-09 2.4427E-09 2.4557E-09 2.4681E-09 2.4808E-09 2.4926E-09 2.5030E-09 2.5127E-09 2.5217E-09 2.5310E-09 2.5393E-09 2.5461E-09 2.5521E-09 2.5584E-09 2.5638E-09 2.5674E-09 2.5702E-09 2.5721E-09 2.5731E-09 2.5744E-09 2.5747E-09 2.5731E-09 2.5706E-09 2.5672E-09 2.5628E-09 2.5587E-09
1.8304E-09 1.8534E-09 1.8767E-09 1.9003E-09 1.9233E-09 1.9469E-09 1.9693E-09 1.9923E-09 2.0161E-09 2.0388E-09 2.0609E-09 2.0834E-09 2.1061E-09 2.1282E-09 2.1495E-09 2.1712E-09 2.1927E-09 2.2145E-09 2.2348E-09 2.2554E-09 2.2756E-09 2.2956E-09 2.3145E-09 2.3336E-09 2.3524E-09 2.3707E-09 2.3879E-09 2.4046E-09 2.4208E-09 2.4382E-09 2.4541E-09 2.4687E-09 2.4827E-09 2.4971E-09 2.5106E-09 2.5228E-09 2.5342E-09 2.5450E-09 2.5561E-09 2.5662E-09 2.5748E-09 2.5827E-09 2.5909E-09 2.5982E-09 2.6037E-09 2.6084E-09 2.6122E-09 2.6163E-09 2.6185E-09 2.6208E-09 2.6211E-09 2.6206E-09 2.6191E-09 2.6179E-09 2.6146E-09 2.6114E-09 2.6062E-09
1.8550E-09 1.8788E-09 1.9029E-09 1.9269E-09 1.9506E-09 1.9742E-09 1.9976E-09 2.0216E-09 2.0450E-09 2.0683E-09 2.0909E-09 2.1143E-09 2.1371E-09 2.1598E-09 2.1816E-09 2.2045E-09 2.2264E-09 2.2481E-09 2.2689E-09 2.2900E-09 2.3108E-09 2.3306E-09 2.3507E-09 2.3703E-09 2.3896E-09 2.4077E-09 2.4254E-09 2.4442E-09 2.4616E-09 2.4778E-09 2.4934E-09 2.5085E-09 2.5239E-09 2.5385E-09 2.5517E-09 2.5643E-09 2.5771E-09 2.5883E-09 2.5995E-09 2.6092E-09 2.6193E-09 2.6286E-09 2.6360E-09 2.6426E-09 2.6484E-09 2.6545E-09 2.6586E-09 2.6629E-09 2.6652E-09 2.6667E-09 2.6672E-09 2.6680E-09 2.6678E-09 2.6655E-09 2.6623E-09 2.6582E-09 2.6543E-09
1.8799E-09 1.9046E-09 1.9290E-09 1.9533E-09 1.9775E-09 2.0015E-09 2.0260E-09 2.0500E-09 2.0740E-09 2.0978E-09 2.1213E-09 2.1449E-09 2.1682E-09 2.1914E-09 2.2144E-09 2.2372E-09 2.2597E-09 2.2819E-09 2.3039E-09 2.3249E-09 2.3462E-09 2.3665E-09 2.3870E-09 2.4072E-09 2.4263E-09 2.4449E-09 2.4647E-09 2.4831E-09 2.5003E-09 2.5170E-09 2.5340E-09 2.5503E-09 2.5652E-09 2.5794E-09 2.5930E-09 2.6070E-09 2.6200E-09 2.6316E-09 2.6436E-09 2.6537E-09 2.6641E-09 2.6726E-09 2.6804E-09 2.6884E-09 2.6945E-09 2.7008E-09 2.7052E-09 2.7087E-09 2.7113E-09 2.7141E-09 2.7159E-09 2.7158E-09 2.7146E-09 2.7138E-09 2.7107E-09 2.7079E-09 2.7029E-09
1.9052E-09 1.9301E-09 1.9549E-09 1.9797E-09 2.0042E-09 2.0294E-09 2.0540E-09 2.0786E-09 2.1031E-09 2.1272E-09 2.1514E-09 2.1755E-09 2.1994E-09 2.2232E-09 2.2467E-09 2.2700E-09 2.2930E-09 2.3158E-09 2.3377E-09 2.3598E-09 2.3816E-09 2.4031E-09 2.4236E-09 2.4436E-09 2.4641E-09 2.4846E-09 2.5033E-09 2.5215E-09 2.5392E-09 2.5573E-09 2.5746E-09 2.5905E-09 2.6059E-09 2.6216E-09 2.6364E-09 2.6498E-09 2.6636E-09 2.6756E-09 2.6879E-09 2.6984E-09 2.7081E-09 2.7181E-09 2.7262E-09 2.7345E-09 2.7410E-09 2.7465E-09 2.7511E-09 2.7560E-09 2.7600E-09 2.7619E-09 2.7628E-09 2.7641E-09 2.7643E-09 2.7624E-09 2.7595E-09 2.7556E-09 2.7507E-09
