Assets/Resources/2015_m01_d08_0800(utc+0800)_l00_csi_1hr_conc.grd
DSAA
         159         159
     -79.000      79.000
     -79.000      79.000
  0.0000E+00  0.3385E-04
[rows 25 to 49 of 159, columns 57 to 113 of 159]
4.6431E-09 4.8035E-09 4.9644E-09 5.1258E-09 5.2831E-09 5.4356E-09 5.5852E-09 5.7352E-09 5.8806E-09 6.0229E-09 6.1607E-09 6.2945E-09 6.4253E-09 6.5511E-09 6.6731E-09 6.7932E-09 6.9114E-09 7.0196E-09 7.1198E-09 7.2995E-09 7.3999E-09 7.4949E-09 7.5841E-09 7.6646E-09 7.6276E-09 7.6705E-09 7.6947E-09 7.7075E-09 7.7136E-09 7.7134E-09 7.7072E-09 7.6950E-09 7.6839E-09 7.6797E-09 7.6542E-09 7.6245E-09 7.5980E-09 7.5787E-09 7.5566E-09 7.5244E-09 7.4832E-09 7.4374E-09 7.3888E-09 7.3374E-09 7.2834E-09 7.2262E-09 7.1654E-09 7.1012E-09 7.0410E-09 6.9818E-09 6.9259E-09 6.8655E-09 6.8027E-09 6.7377E-09 6.6648E-09 6.5886E-09 6.5091E-09
4.7082E-09 4.8705E-09 5.0344E-09 5.1963E-09 5.3537E-09 5.5078E-09 5.6604E-09 5.8118E-09 5.9586E-09 6.1009E-09 6.2398E-09 6.3752E-09 6.5069E-09 6.6341E-09 6.7601E-09 6.8846E-09 7.0002E-09 7.1064E-09 7.2933E-09 7.4003E-09 7.5032E-09 7.6001E-09 7.6905E-09 7.6598E-09 7.7185E-09 7.7528E-09 7.7745E-09 7.7875E-09 7.7940E-09 7.7942E-09 7.7946E-09 7.7959E-09 7.7866E-09 7.7671E-09 7.7482E-09 7.7382E-09 7.7268E-09 7.7035E-09 7.6685E-09 7.6315E-09 7.5906E-09 7.5467E-09 7.5000E-09 7.4504E-09 7.3980E-09 7.3418E-09 7.2970E-09 7.2588E-09 7.2113E-09 7.1596E-09 7.1074E-09 7.0495E-09 6.9852E-09 6.9173E-09 6.8475E-09 6.7722E-09 6.7362E-09
4.7697E-09 4.9350E-09 5.1011E-09 5.2633E-09 5.4210E-09 5.5777E-09 5.7334E-09 5.8848E-09 6.0312E-09 6.1751E-09 6.3151E-09 6.4522E-09 6.5844E-09 6.7162E-09 6.8464E-09 6.9691E-09 7.0820E-09 7.2462E-09 7.3890E-09 7.4989E-09 7.6035E-09 7.7025E-09 7.7171E-09 7.7484E-09 7.7987E-09 7.8307E-09 7.8511E-09 7.8647E-09 7.8718E-09 7.8854E-09 7.8935E-09 7.8855E-09 7.8737E-09 7.8713E-09 7.8731E-09 7.8612E-09 7.8359E-09 7.8070E-09 7.7751E-09 7.7402E-09 7.7017E-09 7.6602E-09 7.6157E-09 7.5682E-09 7.5173E-09 7.5121E-09 7.4921E-09 7.4491E-09 7.4001E-09 7.3487E-09 7.2945E-09 7.2396E-09 7.1832E-09 7.1175E-09 7.0702E-09 7.0432E-09 6.9957E-09
4.8287E-09 4.9968E-09 5.1631E-09 5.3252E-09 5.4862E-09 5.6459E-09 5.8012E-09 5.9519E-09 6.1000E-09 6.2449E-09 6.3864E-09 6.5244E-09 6.6611E-09 6.7972E-09 6.9260E-09 7.0462E-09 7.1600E-09 7.3657E-09 7.4821E-09 7.5947E-09 7.7015E-09 7.8019E-09 7.7648E-09 7.8313E-09 7.8738E-09 7.9036E-09 7.9247E-09 7.9454E-09 7.9663E-09 7.9762E-09 7.9751E-09 7.9761E-09 7.9887E-09 7.9946E-09 7.9813E-09 7.9617E-09 7.9393E-09 7.9131E-09 7.8845E-09 7.8520E-09 7.8163E-09 7.7776E-09 7.7357E-09 7.7461E-09 7.7521E-09 7.7140E-09 7.6650E-09 7.6394E-09 7.6023E-09 7.5621E-09 7.5590E-09 7.5288E-09 7.4951E-09 7.4403E-09 7.3799E-09 7.3170E-09 7.2519E-09
4.8848E-09 5.0548E-09 5.2213E-09 5.3835E-09 5.5471E-09 5.7080E-09 5.8631E-09 6.0150E-09 6.1646E-09 6.3105E-09 6.4537E-09 6.5953E-09 6.7368E-09 6.8712E-09 6.9983E-09 7.1185E-09 7.3297E-09 7.4529E-09 7.5725E-09 7.6870E-09 7.7962E-09 7.7692E-09 7.8451E-09 7.9037E-09 7.9442E-09 7.9732E-09 8.0078E-09 8.0363E-09 8.0485E-09 8.0550E-09 8.0724E-09 8.0953E-09 8.1005E-09 8.0924E-09 8.0798E-09 8.0640E-09 8.0448E-09 8.0225E-09 7.9970E-09 7.9678E-09 7.9354E-09 7.9282E-09 7.9834E-09 7.9513E-09 7.9142E-09 7.9188E-09 7.9895E-09 7.9685E-09 7.9421E-09 7.9079E-09 7.8689E-09 7.8181E-09 7.7637E-09 7.7079E-09 7.6508E-09 7.5923E-09 7.5300E-09
4.9379E-09 5.1078E-09 5.2741E-09 5.4414E-09 5.6059E-09 5.7646E-09 5.9205E-09 6.0740E-09 6.2245E-09 6.3719E-09 6.5189E-09 6.6651E-09 6.8052E-09 6.9383E-09 7.0656E-09 7.2812E-09 7.4113E-09 7.5372E-09 7.6598E-09 7.7768E-09 7.7601E-09 7.8444E-09 7.9193E-09 7.9707E-09 8.0094E-09 8.0524E-09 8.0892E-09 8.1093E-09 8.1257E-09 8.1574E-09 8.1875E-09 8.1943E-09 8.1938E-09 8.1891E-09 8.1803E-09 8.1686E-09 8.1530E-09 8.1350E-09 8.1128E-09 8.0974E-09 8.1528E-09 8.1640E-09 8.1626E-09 8.2560E-09 8.2805E-09 8.2703E-09 8.2523E-09 8.2259E-09 8.1963E-09 8.1626E-09 8.1226E-09 8.0766E-09 8.0293E-09 8.0130E-09 7.9643E-09 7.9121E-09 7.8529E-09
4.9868E-09 5.1569E-09 5.3249E-09 5.4929E-09 5.6567E-09 5.8166E-09 5.9736E-09 6.1285E-09 6.2800E-09 6.4290E-09 6.5798E-09 6.7279E-09 6.8664E-09 7.0003E-09 7.2204E-09 7.3565E-09 7.4891E-09 7.6186E-09 7.7432E-09 7.7361E-09 7.8310E-09 7.9156E-09 7.9829E-09 8.0388E-09 8.0843E-09 8.1296E-09 8.1578E-09 8.1857E-09 8.2293E-09 8.2646E-09 8.2769E-09 8.2846E-09 8.2880E-09 8.2871E-09 8.2829E-09 8.2753E-09 8.2646E-09 8.2506E-09 8.2390E-09 8.3453E-09 8.4028E-09 8.4462E-09 8.5050E-09 8.5337E-09 8.5258E-09 8.5149E-09 8.5015E-09 8.4848E-09 8.4643E-09 8.4378E-09 8.4041E-09 8.3670E-09 8.4010E-09 8.3669E-09 8.3272E-09 8.3162E-09 8.2935E-09
5.0308E-09 5.2021E-09 5.3715E-09 5.5403E-09 5.7034E-09 5.8640E-09 6.0224E-09 6.1781E-09 6.3310E-09 6.4868E-09 6.6393E-09 6.7832E-09 6.9228E-09 7.0913E-09 7.2890E-09 7.4282E-09 7.5638E-09 7.6962E-09 7.7804E-09 7.8033E-09 7.8964E-09 7.9800E-09 8.0471E-09 8.1084E-09 8.1568E-09 8.1934E-09 8.2333E-09 8.2868E-09 8.3265E-09 8.3474E-09 8.3637E-09 8.3755E-09 8.3831E-09 8.3869E-09 8.3877E-09 8.3849E-09 8.3794E-09 8.3697E-09 8.5054E-09 8.6196E-09 8.7039E-09 8.7555E-09 8.7674E-09 8.7749E-09 8.7784E-09 8.7797E-09 8.7779E-09 8.7723E-09 8.7965E-09 8.7801E-09 8.7957E-09 8.8732E-09 8.9050E-09 8.9238E-09 8.8933E-09 8.8468E-09 8.7857E-09
5.0704E-09 5.2435E-09 5.4151E-09 5.5812E-09 5.7454E-09 5.9069E-09 6.0666E-09 6.2231E-09 6.3805E-09 6.5373E-09 6.6888E-09 6.8335E-09 6.9772E-09 7.2118E-09 7.3552E-09 7.4958E-09 7.6350E-09 7.7697E-09 7.7603E-09 7.8639E-09 7.9575E-09 8.0403E-09 8.1129E-09 8.1699E-09 8.2154E-09 8.2659E-09 8.3292E-09 8.3751E-09 8.4048E-09 8.4331E-09 8.4582E-09 8.4794E-09 8.4963E-09 8.5100E-09 8.5191E-09 8.5247E-09 8.5709E-09 8.6314E-09 8.8449E-09 8.9476E-09 8.9877E-09 9.0260E-09 9.0546E-09 9.0825E-09 9.1117E-09 9.1849E-09 9.2358E-09 9.3464E-09 9.3377E-09 9.4713E-09 9.6128E-09 9.6347E-09 9.6442E-09 9.6378E-09 9.6098E-09 9.5459E-09 9.4742E-09
5.1062E-09 5.2804E-09 5.4510E-09 5.6178E-09 5.7824E-09 5.9453E-09 6.1056E-09 6.2664E-09 6.4276E-09 6.5832E-09 6.7331E-09 6.8790E-09 7.1194E-09 7.2699E-09 7.4185E-09 7.5623E-09 7.7022E-09 7.7031E-09 7.8167E-09 7.9187E-09 8.0175E-09 8.1014E-09 8.1687E-09 8.2230E-09 8.2827E-09 8.3575E-09 8.4175E-09 8.4678E-09 8.5144E-09 8.5580E-09 8.6000E-09 8.6366E-09 8.6690E-09 8.6961E-09 8.7404E-09 8.8033E-09 8.9068E-09 9.0590E-09 9.1958E-09 9.2704E-09 9.3614E-09 9.4613E-09 9.5815E-09 9.7003E-09 9.8679E-09 9.9431E-09 1.0122E-08 1.0228E-08 1.0415E-08 1.0384E-08 1.0453E-08 1.0489E-08 1.0511E-08 1.0518E-08 1.0500E-08 1.0459E-08 1.0294E-08
5.1381E-09 5.3125E-09 5.4819E-09 5.6496E-09 5.8150E-09 5.9788E-09 6.1398E-09 6.3052E-09 6.4672E-09 6.6217E-09 6.7722E-09 7.0145E-09 7.1704E-09 7.3242E-09 7.4754E-09 7.6246E-09 7.6316E-09 7.7538E-09 7.8662E-09 7.9750E-09 8.0684E-09 8.1526E-09 8.2156E-09 8.2901E-09 8.3870E-09 8.4718E-09 8.5432E-09 8.6151E-09 8.6839E-09 8.7479E-09 8.8076E-09 8.8623E-09 8.9121E-09 9.0005E-09 9.1445E-09 9.2671E-09 9.3203E-09 9.5356E-09 9.6790E-09 9.8838E-09 1.0114E-08 1.0385E-08 1.0539E-08 1.0745E-08 1.0959E-08 1.1195E-08 1.1256E-08 1.1401E-08 1.1464E-08 1.1406E-08 1.1437E-08 1.1491E-08 1.1524E-08 1.1527E-08 1.1510E-08 1.1465E-08 1.1395E-08
5.1654E-09 5.3386E-09 5.5084E-09 5.6764E-09 5.8429E-09 6.0072E-09 6.1724E-09 6.3386E-09 6.4994E-09 6.6547E-09 6.8676E-09 7.0588E-09 7.2172E-09 7.3741E-09 7.5285E-09 7.5898E-09 7.6766E-09 7.7987E-09 7.9097E-09 8.0245E-09 8.1204E-09 8.2050E-09 8.3016E-09 8.4246E-09 8.5363E-09 8.6326E-09 8.7253E-09 8.8145E-09 8.9013E-09 8.9838E-09 9.0624E-09 9.1577E-09 9.2929E-09 9.4618E-09 9.5865E-09 9.7162E-09 1.0008E-08 1.0283E-08 1.0588E-08 1.0938E-08 1.1263E-08 1.1593E-08 1.1837E-08 1.2008E-08 1.2144E-08 1.2271E-08 1.2371E-08 1.2467E-08 1.2518E-08 1.2555E-08 1.2636E-08 1.2684E-08 1.2662E-08 1.2657E-08 1.2640E-08 1.2591E-08 1.2518E-08
5.1879E-09 5.3596E-09 5.5300E-09 5.6985E-09 5.8659E-09 6.0336E-09 6.2032E-09 6.3671E-09 6.5266E-09 6.6824E-09 6.9350E-09 7.0982E-09 7.2598E-09 7.4194E-09 7.5775E-09 7.5850E-09 7.7155E-09 7.8365E-09 7.9611E-09 8.0818E-09 8.1955E-09 8.3134E-09 8.4560E-09 8.5904E-09 8.7060E-09 8.8207E-09 8.9332E-09 9.0429E-09 9.1507E-09 9.2568E-09 9.3900E-09 9.5956E-09 9.7823E-09 9.9320E-09 1.0197E-08 1.0603E-08 1.1064E-08 1.1478E-08 1.1770E-08 1.2227E-08 1.2497E-08 1.2756E-08 1.3019E-08 1.3274E-08 1.3433E-08 1.3569E-08 1.3718E-08 1.3805E-08 1.3834E-08 1.3928E-08 1.4003E-08 1.4039E-08 1.4013E-08 1.4061E-08 1.3892E-08 1.3794E-08 1.3712E-08
5.2041E-09 5.3761E-09 5.5466E-09 5.7160E-09 5.8836E-09 6.0554E-09 6.2255E-09 6.3881E-09 6.5482E-09 6.7994E-09 6.9675E-09 7.1331E-09 7.2978E-09 7.4604E-09 7.4805E-09 7.6180E-09 7.7483E-09 7.8807E-09 8.0345E-09 8.1793E-09 8.3108E-09 8.4689E-09 8.6276E-09 8.7642E-09 8.9009E-09 9.0372E-09 9.1738E-09 9.3105E-09 9.4488E-09 9.6284E-09 9.8749E-09 1.0071E-08 1.0324E-08 1.0795E-08 1.1411E-08 1.1836E-08 1.2273E-08 1.2688E-08 1.2998E-08 1.3308E-08 1.3697E-08 1.4094E-08 1.4424E-08 1.4701E-08 1.4945E-08 1.5142E-08 1.5288E-08 1.5363E-08 1.5448E-08 1.5538E-08 1.5875E-08 1.5912E-08 1.5909E-08 1.5719E-08 1.5599E-08 1.5489E-08 1.5169E-08
5.2155E-09 5.3878E-09 5.5586E-09 5.7286E-09 5.8994E-09 6.0725E-09 6.2404E-09 6.4041E-09 6.6530E-09 6.8253E-09 6.9949E-09 7.1636E-09 7.3308E-09 7.3628E-09 7.5062E-09 7.6447E-09 7.8001E-09 7.9787E-09 8.1418E-09 8.2920E-09 8.4615E-09 8.6448E-09 8.8042E-09 8.9641E-09 9.1261E-09 9.2927E-09 9.4642E-09 9.6327E-09 9.8521E-09 1.0132E-08 1.0397E-08 1.0846E-08 1.1448E-08 1.2162E-08 1.2682E-08 1.3062E-08 1.3427E-08 1.3831E-08 1.4278E-08 1.4763E-08 1.5225E-08 1.5630E-08 1.6097E-08 1.6439E-08 1.6736E-08 1.6990E-08 1.7200E-08 1.7941E-08 1.8157E-08 1.8117E-08 1.8203E-08 1.8268E-08 1.8035E-08 1.7885E-08 1.7744E-08 1.7387E-08 1.7195E-08
5.2224E-09 5.3945E-09 5.5659E-09 5.7359E-09 5.9107E-09 6.0840E-09 6.2503E-09 6.4968E-09 6.6721E-09 6.8458E-09 7.0177E-09 7.1893E-09 7.2323E-09 7.3821E-09 7.5301E-09 7.7035E-09 7.8952E-09 8.0824E-09 8.2536E-09 8.4314E-09 8.6361E-09 8.8235E-09 9.0074E-09 9.1990E-09 9.3990E-09 9.6020E-09 9.8023E-09 1.0058E-08 1.0384E-08 1.0769E-08 1.1351E-08 1.2209E-08 1.2872E-08 1.3354E-08 1.3813E-08 1.4387E-08 1.4933E-08 1.5486E-08 1.6113E-08 1.6579E-08 1.7047E-08 1.7515E-08 1.7972E-08 1.8502E-08 1.9377E-08 1.9903E-08 2.0219E-08 2.0489E-08 2.0701E-08 2.0854E-08 2.0959E-08 2.0749E-08 2.0688E-08 2.0478E-08 2.0078E-08 1.9884E-08 1.9292E-08
5.2244E-09 5.3967E-09 5.5684E-09 5.7415E-09 5.9171E-09 6.0880E-09 6.2799E-09 6.5090E-09 6.6860E-09 6.8612E-09 7.0359E-09 7.1683E-09 7.2452E-09 7.4041E-09 7.5948E-09 7.7924E-09 7.9956E-09 8.1923E-09 8.3797E-09 8.6024E-09 8.8197E-09 9.0303E-09 9.2525E-09 9.4857E-09 9.7194E-09 9.9582E-09 1.0251E-08 1.0622E-08 1.1135E-08 1.1869E-08 1.2844E-08 1.3509E-08 1.4088E-08 1.4781E-08 1.5500E-08 1.6182E-08 1.6762E-08 1.7366E-08 1.7935E-08 1.8496E-08 1.9179E-08 2.0117E-08 2.1067E-08 2.1671E-08 2.2202E-08 2.2650E-08 2.3022E-08 2.3328E-08 2.3576E-08 2.3770E-08 2.3896E-08 2.3924E-08 2.3498E-08 2.3303E-08 2.3084E-08 2.2464E-08 2.2016E-08
5.2217E-09 5.3943E-09 5.5657E-09 5.7424E-09 5.9181E-09 6.0871E-09 6.3370E-09 6.5162E-09 6.6946E-09 6.8718E-09 7.0491E-09 7.0961E-09 7.2669E-09 7.4680E-09 7.6753E-09 7.8864E-09 8.1066E-09 8.3121E-09 8.5437E-09 8.7926E-09 9.0296E-09 9.2828E-09 9.5465E-09 9.8143E-09 1.0098E-08 1.0422E-08 1.0823E-08 1.1488E-08 1.2431E-08 1.3437E-08 1.4205E-08 1.4953E-08 1.5774E-08 1.6571E-08 1.7275E-08 1.7985E-08 1.8723E-08 1.9429E-08 2.0122E-08 2.1240E-08 2.2382E-08 2.3176E-08 2.3936E-08 2.4644E-08 2.5266E-08 2.5789E-08 2.6221E-08 2.6564E-08 2.6829E-08 2.7020E-08 2.7288E-08 2.7314E-08 2.7057E-08 2.6865E-08 2.6191E-08 2.5776E-08 2.4923E-08
5.2145E-09 5.3871E-09 5.5614E-09 5.7386E-09 5.9116E-09 6.1571E-09 6.3377E-09 6.5185E-09 6.6980E-09 6.8776E-09 6.9364E-09 7.1144E-09 7.3231E-09 7.5338E-09 7.7633E-09 7.9964E-09 8.2227E-09 8.4594E-09 8.7318E-09 9.0017E-09 9.2856E-09 9.5763E-09 9.8868E-09 1.0207E-08 1.0546E-08 1.1021E-08 1.1817E-08 1.2830E-08 1.4125E-08 1.4972E-08 1.5814E-08 1.6649E-08 1.7457E-08 1.8289E-08 1.9136E-08 2.0021E-08 2.0880E-08 2.2229E-08 2.3592E-08 2.4587E-08 2.5551E-08 2.6480E-08 2.7356E-08 2.8164E-08 2.8876E-08 2.9477E-08 2.9965E-08 3.0915E-08 3.1022E-08 3.1218E-08 3.1309E-08 3.1058E-08 3.0924E-08 3.0683E-08 3.0071E-08 2.9188E-08 2.8573E-08
5.2030E-09 5.3750E-09 5.5496E-09 5.7294E-09 5.9694E-09 6.1514E-09 6.3335E-09 6.5152E-09 6.6965E-09 6.7668E-09 6.9467E-09 7.1618E-09 7.3798E-09 7.6142E-09 7.8569E-09 8.1079E-09 8.3514E-09 8.6382E-09 8.9445E-09 9.2557E-09 9.5780E-09 9.9257E-09 1.0285E-08 1.0668E-08 1.1181E-08 1.2123E-08 1.3345E-08 1.4693E-08 1.5626E-08 1.6492E-08 1.7396E-08 1.8335E-08 1.9304E-08 2.0300E-08 2.1344E-08 2.2915E-08 2.4324E-08 2.5786E-08 2.7020E-08 2.8209E-08 2.9340E-08 3.0409E-08 3.1404E-08 3.2305E-08 3.4008E-08 3.4767E-08 3.5371E-08 3.5549E-08 3.5849E-08 3.6012E-08 3.5751E-08 3.5657E-08 3.5445E-08 3.4792E-08 3.4319E-08 3.3406E-08 3.2254E-08
5.1868E-09 5.3584E-09 5.5362E-09 5.7757E-09 5.9584E-09 6.1410E-09 6.3243E-09 6.5069E-09 6.6206E-09 6.7659E-09 6.9846E-09 7.2082E-09 7.4446E-09 7.6970E-09 7.9660E-09 8.2264E-09 8.5162E-09 8.8522E-09 9.1913E-09 9.5439E-09 9.9260E-09 1.0326E-08 1.0757E-08 1.1340E-08 1.2407E-08 1.3780E-08 1.5141E-08 1.6078E-08 1.7059E-08 1.8094E-08 1.9175E-08 2.0298E-08 2.1454E-08 2.2981E-08 2.5074E-08 2.6581E-08 2.8132E-08 2.9654E-08 3.1122E-08 3.2516E-08 3.3823E-08 3.5818E-08 3.7283E-08 3.8406E-08 3.9388E-08 4.0207E-08 4.0841E-08 4.1289E-08 4.1553E-08 4.1269E-08 4.1219E-08 4.0636E-08 4.0311E-08 3.9834E-08 3.8825E-08 3.8074E-08 3.7200E-08
5.1659E-09 5.3404E-09 5.5177E-09 5.7590E-09 5.9421E-09 6.1257E-09 6.3097E-09 6.4938E-09 6.5732E-09 6.7924E-09 7.0213E-09 7.2618E-09 7.5169E-09 7.7929E-09 8.0745E-09 8.3658E-09 8.7143E-09 9.0912E-09 9.4704E-09 9.8836E-09 1.0324E-08 1.0807E-08 1.1434E-08 1.2579E-08 1.4102E-08 1.5419E-08 1.6460E-08 1.7553E-08 1.8716E-08 2.0653E-08 2.2317E-08 2.3742E-08 2.5305E-08 2.6969E-08 2.8745E-08 3.0610E-08 3.2468E-08 3.4267E-08 3.6284E-08 3.8544E-08 4.0478E-08 4.2029E-08 4.3416E-08 4.4633E-08 4.5672E-08 4.6516E-08 4.7148E-08 4.7557E-08 4.7748E-08 4.7745E-08 4.7082E-08 4.6763E-08 4.6275E-08 4.5154E-08 4.4353E-08 4.2942E-08 4.1861E-08
5.1408E-09 5.3180E-09 5.5548E-09 5.7378E-09 5.9211E-09 6.1057E-09 6.2902E-09 6.3760E-09 6.5880E-09 6.8202E-09 7.0617E-09 7.3173E-09 7.5927E-09 7.8953E-09 8.1998E-09 8.5443E-09 8.9523E-09 9.3558E-09 9.7976E-09 1.0272E-08 1.0812E-08 1.1495E-08 1.2602E-08 1.4247E-08 1.5599E-08 1.6759E-08 1.8515E-08 2.0391E-08 2.1933E-08 2.3549E-08 2.5223E-08 2.7008E-08 2.8935E-08 3.1006E-08 3.3194E-08 3.5436E-08 3.7978E-08 4.0831E-08 4.3350E-08 4.5466E-08 4.7389E-08 4.9102E-08 5.0594E-08 5.1872E-08 5.2929E-08 5.3755E-08 5.4341E-08 5.4672E-08 5.4760E-08 5.4623E-08 5.4290E-08 5.3197E-08 5.2521E-08 5.1657E-08 5.0081E-08 4.8907E-08 4.7032E-08
5.1115E-09 5.2880E-09 5.5286E-09 5.7116E-09 5.8956E-09 6.0804E-09 6.1756E-09 6.3735E-09 6.6085E-09 6.8474E-09 7.1062E-09 7.3782E-09 7.6805E-09 8.0053E-09 8.3459E-09 8.7600E-09 9.1994E-09 9.6650E-09 1.0168E-08 1.0760E-08 1.1505E-08 1.2541E-08 1.4229E-08 1.5673E-08 1.7535E-08 1.9466E-08 2.1110E-08 2.2869E-08 2.4728E-08 2.6674E-08 2.8709E-08 3.0917E-08 3.3318E-08 3.5869E-08 3.8922E-08 4.2076E-08 4.5575E-08 4.8393E-08 5.1008E-08 5.3379E-08 5.5487E-08 5.7320E-08 5.8880E-08 6.0174E-08 6.1205E-08 6.1968E-08 6.2460E-08 6.2673E-08 6.2618E-08 6.2312E-08 6.1795E-08 6.1061E-08 5.9454E-08 5.8352E-08 5.7059E-08 5.4973E-08 5.3354E-08
5.0810E-09 5.2567E-09 5.4980E-09 5.6809E-09 5.8653E-09 5.9691E-09 6.1506E-09 6.3804E-09 6.6210E-09 6.8813E-09 7.1518E-09 7.4513E-09 7.7786E-09 8.1308E-09 8.5289E-09 8.9967E-09 9.4861E-09 1.0011E-08 1.0639E-08 1.1428E-08 1.2442E-08 1.4069E-08 1.6144E-08 1.8180E-08 1.9865E-08 2.1705E-08 2.3691E-08 2.5811E-08 2.8050E-08 3.0386E-08 3.2898E-08 3.5644E-08 3.9234E-08 4.3347E-08 4.6898E-08 5.0451E-08 5.3907E-08 5.7116E-08 6.0024E-08 6.2602E-08 6.4839E-08 6.6738E-08 6.8314E-08 6.9574E-08 7.0527E-08 7.1178E-08 7.1527E-08 7.1580E-08 7.1340E-08 7.0835E-08 7.0086E-08 6.9097E-08 6.7881E-08 6.5711E-08 6.4128E-08 6.2283E-08 5.9705E-08
