Assets/Resources/2015_m01_d16_0300(utc+0800)_l00_csi_1hr_conc.grd
DSAA
         159         159
     -79.000      79.000
     -79.000      79.000
  0.3814E-10  0.1088E-04
[rows 50 to 74 of 159, columns 57 to 113 of 159]
5.8055E-09 6.0427E-09 6.2834E-09 6.5255E-09 6.7710E-09 7.0160E-09 7.2649E-09 7.5138E-09 7.7603E-09 8.0041E-09 8.2457E-09 8.4822E-09 8.7143E-09 8.9411E-09 9.1628E-09 9.3753E-09 9.5786E-09 9.7722E-09 9.9558E-09 1.0128E-08 1.0289E-08 1.0440E-08 1.0582E-08 1.0711E-08 1.0827E-08 1.0930E-08 1.1021E-08 1.1099E-08 1.1165E-08 1.1218E-08 1.1260E-08 1.1289E-08 1.1307E-08 1.1313E-08 1.1307E-08 1.1291E-08 1.1264E-08 1.1227E-08 1.1181E-08 1.1126E-08 1.1062E-08 1.0989E-08 1.0907E-08 1.0816E-08 1.0717E-08 1.0611E-08 1.0498E-08 1.0378E-08 1.0253E-08 1.0122E-08 9.9857E-09 9.8452E-09 9.6999E-09 9.5515E-09 9.3998E-09 9.2455E-09 9.0889E-09
5.9627E-09 6.2062E-09 6.4544E-09 6.7053E-09 6.9577E-09 7.2134E-09 7.4699E-09 7.7250E-09 7.9781E-09 8.2298E-09 8.4770E-09 8.7204E-09 8.9590E-09 9.1932E-09 9.4188E-09 9.6355E-09 9.8427E-09 1.0040E-08 1.0227E-08 1.0403E-08 1.0568E-08 1.0725E-08 1.0869E-08 1.0999E-08 1.1116E-08 1.1221E-08 1.1313E-08 1.1393E-08 1.1459E-08 1.1514E-08 1.1556E-08 1.1585E-08 1.1603E-08 1.1608E-08 1.1602E-08 1.1585E-08 1.1557E-08 1.1521E-08 1.1474E-08 1.1416E-08 1.1348E-08 1.1270E-08 1.1183E-08 1.1088E-08 1.0985E-08 1.0873E-08 1.0755E-08 1.0631E-08 1.0500E-08 1.0364E-08 1.0224E-08 1.0079E-08 9.9291E-09 9.7761E-09 9.6197E-09 9.4599E-09 9.2972E-09
6.1185E-09 6.3708E-09 6.6263E-09 6.8838E-09 7.1455E-09 7.4089E-09 7.6716E-09 7.9334E-09 8.1934E-09 8.4518E-09 8.7058E-09 8.9559E-09 9.2022E-09 9.4404E-09 9.6704E-09 9.8913E-09 1.0103E-08 1.0303E-08 1.0494E-08 1.0675E-08 1.0846E-08 1.1005E-08 1.1150E-08 1.1283E-08 1.1402E-08 1.1509E-08 1.1603E-08 1.1684E-08 1.1752E-08 1.1807E-08 1.1850E-08 1.1880E-08 1.1897E-08 1.1902E-08 1.1897E-08 1.1881E-08 1.1854E-08 1.1815E-08 1.1765E-08 1.1702E-08 1.1631E-08 1.1549E-08 1.1459E-08 1.1360E-08 1.1253E-08 1.1137E-08 1.1017E-08 1.0890E-08 1.0757E-08 1.0619E-08 1.0473E-08 1.0321E-08 1.0165E-08 1.0005E-08 9.8409E-09 9.6742E-09 9.5051E-09
6.2725E-09 6.5319E-09 6.7950E-09 7.0603E-09 7.3296E-09 7.5991E-09 7.8689E-09 8.1387E-09 8.4063E-09 8.6705E-09 8.9314E-09 9.1878E-09 9.4397E-09 9.6826E-09 9.9169E-09 1.0142E-08 1.0357E-08 1.0562E-08 1.0758E-08 1.0944E-08 1.1118E-08 1.1279E-08 1.1427E-08 1.1561E-08 1.1683E-08 1.1792E-08 1.1888E-08 1.1971E-08 1.2041E-08 1.2098E-08 1.2141E-08 1.2172E-08 1.2191E-08 1.2197E-08 1.2193E-08 1.2176E-08 1.2147E-08 1.2105E-08 1.2051E-08 1.1987E-08 1.1913E-08 1.1829E-08 1.1736E-08 1.1635E-08 1.1527E-08 1.1411E-08 1.1286E-08 1.1153E-08 1.1013E-08 1.0866E-08 1.0714E-08 1.0556E-08 1.0394E-08 1.0228E-08 1.0058E-08 9.8853E-09 9.7098E-09
6.4239E-09 6.6904E-09 6.9599E-09 7.2343E-09 7.5108E-09 7.7872E-09 8.0633E-09 8.3395E-09 8.6129E-09 8.8838E-09 9.1526E-09 9.4161E-09 9.6715E-09 9.9188E-09 1.0156E-08 1.0386E-08 1.0606E-08 1.0816E-08 1.1017E-08 1.1207E-08 1.1383E-08 1.1547E-08 1.1697E-08 1.1835E-08 1.1960E-08 1.2072E-08 1.2170E-08 1.2255E-08 1.2326E-08 1.2384E-08 1.2429E-08 1.2463E-08 1.2483E-08 1.2491E-08 1.2486E-08 1.2467E-08 1.2436E-08 1.2392E-08 1.2336E-08 1.2271E-08 1.2196E-08 1.2112E-08 1.2019E-08 1.1916E-08 1.1802E-08 1.1679E-08 1.1548E-08 1.1410E-08 1.1264E-08 1.1113E-08 1.0955E-08 1.0792E-08 1.0624E-08 1.0452E-08 1.0276E-08 1.0098E-08 9.9167E-09
6.5735E-09 6.8461E-09 7.1243E-09 7.4057E-09 7.6879E-09 7.9707E-09 8.2545E-09 8.5361E-09 8.8162E-09 9.0950E-09 9.3679E-09 9.6352E-09 9.8952E-09 1.0147E-08 1.0391E-08 1.0624E-08 1.0849E-08 1.1065E-08 1.1270E-08 1.1462E-08 1.1641E-08 1.1808E-08 1.1962E-08 1.2103E-08 1.2231E-08 1.2346E-08 1.2445E-08 1.2532E-08 1.2606E-08 1.2667E-08 1.2716E-08 1.2751E-08 1.2772E-08 1.2780E-08 1.2773E-08 1.2754E-08 1.2722E-08 1.2677E-08 1.2622E-08 1.2557E-08 1.2483E-08 1.2396E-08 1.2298E-08 1.2189E-08 1.2071E-08 1.1944E-08 1.1809E-08 1.1666E-08 1.1516E-08 1.1360E-08 1.1197E-08 1.1033E-08 1.0865E-08 1.0692E-08 1.0515E-08 1.0335E-08 1.0148E-08
6.7172E-09 6.9968E-09 7.2820E-09 7.5701E-09 7.8587E-09 8.1492E-09 8.4393E-09 8.7274E-09 9.0136E-09 9.2983E-09 9.5768E-09 9.8487E-09 1.0113E-08 1.0370E-08 1.0617E-08 1.0855E-08 1.1086E-08 1.1307E-08 1.1514E-08 1.1709E-08 1.1891E-08 1.2061E-08 1.2219E-08 1.2364E-08 1.2494E-08 1.2611E-08 1.2714E-08 1.2805E-08 1.2882E-08 1.2947E-08 1.2997E-08 1.3033E-08 1.3055E-08 1.3062E-08 1.3056E-08 1.3037E-08 1.3006E-08 1.2962E-08 1.2909E-08 1.2843E-08 1.2764E-08 1.2674E-08 1.2572E-08 1.2460E-08 1.2338E-08 1.2208E-08 1.2070E-08 1.1928E-08 1.1780E-08 1.1626E-08 1.1466E-08 1.1298E-08 1.1122E-08 1.0940E-08 1.0754E-08 1.0564E-08 1.0371E-08
6.8581E-09 7.1460E-09 7.4376E-09 7.7307E-09 8.0251E-09 8.3214E-09 8.6166E-09 8.9112E-09 9.2047E-09 9.4947E-09 9.7778E-09 1.0054E-08 1.0323E-08 1.0583E-08 1.0835E-08 1.1080E-08 1.1315E-08 1.1538E-08 1.1748E-08 1.1947E-08 1.2133E-08 1.2307E-08 1.2468E-08 1.2615E-08 1.2749E-08 1.2870E-08 1.2977E-08 1.3071E-08 1.3153E-08 1.3220E-08 1.3272E-08 1.3309E-08 1.3331E-08 1.3339E-08 1.3335E-08 1.3318E-08 1.3288E-08 1.3246E-08 1.3190E-08 1.3122E-08 1.3040E-08 1.2948E-08 1.2843E-08 1.2729E-08 1.2609E-08 1.2482E-08 1.2349E-08 1.2207E-08 1.2054E-08 1.1890E-08 1.1721E-08 1.1545E-08 1.1363E-08 1.1176E-08 1.0985E-08 1.0789E-08 1.0591E-08
6.9931E-09 7.2872E-09 7.5850E-09 7.8838E-09 8.1854E-09 8.4877E-09 8.7889E-09 9.0905E-09 9.3895E-09 9.6827E-09 9.9699E-09 1.0249E-08 1.0523E-08 1.0788E-08 1.1045E-08 1.1294E-08 1.1533E-08 1.1759E-08 1.1973E-08 1.2175E-08 1.2365E-08 1.2543E-08 1.2708E-08 1.2859E-08 1.2997E-08 1.3121E-08 1.3233E-08 1.3332E-08 1.3416E-08 1.3485E-08 1.3538E-08 1.3576E-08 1.3600E-08 1.3612E-08 1.3610E-08 1.3595E-08 1.3565E-08 1.3522E-08 1.3465E-08 1.3395E-08 1.3312E-08 1.3220E-08 1.3118E-08 1.3010E-08 1.2893E-08 1.2764E-08 1.2624E-08 1.2473E-08 1.2313E-08 1.2146E-08 1.1973E-08 1.1793E-08 1.1607E-08 1.1416E-08 1.1220E-08 1.1019E-08 1.0817E-08
7.1256E-09 7.4254E-09 7.7274E-09 8.0331E-09 8.3400E-09 8.6468E-09 8.9535E-09 9.2603E-09 9.5627E-09 9.8601E-09 1.0151E-08 1.0436E-08 1.0713E-08 1.0983E-08 1.1246E-08 1.1499E-08 1.1740E-08 1.1969E-08 1.2187E-08 1.2394E-08 1.2588E-08 1.2769E-08 1.2937E-08 1.3093E-08 1.3235E-08 1.3364E-08 1.3481E-08 1.3584E-08 1.3669E-08 1.3740E-08 1.3795E-08 1.3836E-08 1.3865E-08 1.3879E-08 1.3880E-08 1.3864E-08 1.3835E-08 1.3791E-08 1.3733E-08 1.3664E-08 1.3586E-08 1.3498E-08 1.3401E-08 1.3290E-08 1.3168E-08 1.3033E-08 1.2888E-08 1.2735E-08 1.2572E-08 1.2403E-08 1.2227E-08 1.2048E-08 1.1865E-08 1.1676E-08 1.1482E-08 1.1283E-08 1.1077E-08
7.2492E-09 7.5545E-09 7.8615E-09 8.1721E-09 8.4845E-09 8.7967E-09 9.1101E-09 9.4215E-09 9.7279E-09 1.0029E-08 1.0324E-08 1.0612E-08 1.0894E-08 1.1169E-08 1.1436E-08 1.1691E-08 1.1935E-08 1.2169E-08 1.2391E-08 1.2601E-08 1.2799E-08 1.2984E-08 1.3157E-08 1.3316E-08 1.3464E-08 1.3598E-08 1.3719E-08 1.3823E-08 1.3912E-08 1.3984E-08 1.4044E-08 1.4090E-08 1.4122E-08 1.4139E-08 1.4141E-08 1.4125E-08 1.4096E-08 1.4053E-08 1.4000E-08 1.3938E-08 1.3864E-08 1.3775E-08 1.3674E-08 1.3560E-08 1.3434E-08 1.3298E-08 1.3153E-08 1.2999E-08 1.2842E-08 1.2680E-08 1.2510E-08 1.2332E-08 1.2144E-08 1.1947E-08 1.1744E-08 1.1536E-08 1.1324E-08
7.3689E-09 7.6777E-09 7.9909E-09 8.3062E-09 8.6223E-09 8.9393E-09 9.2572E-09 9.5713E-09 9.8812E-09 1.0186E-08 1.0485E-08 1.0778E-08 1.1063E-08 1.1343E-08 1.1613E-08 1.1871E-08 1.2119E-08 1.2356E-08 1.2582E-08 1.2796E-08 1.2998E-08 1.3188E-08 1.3365E-08 1.3530E-08 1.3682E-08 1.3820E-08 1.3944E-08 1.4051E-08 1.4143E-08 1.4221E-08 1.4285E-08 1.4335E-08 1.4370E-08 1.4389E-08 1.4389E-08 1.4377E-08 1.4352E-08 1.4316E-08 1.4268E-08 1.4208E-08 1.4132E-08 1.4042E-08 1.3939E-08 1.3824E-08 1.3700E-08 1.3569E-08 1.3431E-08 1.3286E-08 1.3130E-08 1.2963E-08 1.2786E-08 1.2601E-08 1.2408E-08 1.2208E-08 1.2003E-08 1.1792E-08 1.1576E-08
7.4789E-09 7.7919E-09 8.1092E-09 8.4293E-09 8.7501E-09 9.0728E-09 9.3946E-09 9.7121E-09 1.0025E-08 1.0333E-08 1.0635E-08 1.0932E-08 1.1222E-08 1.1505E-08 1.1777E-08 1.2039E-08 1.2290E-08 1.2531E-08 1.2761E-08 1.2979E-08 1.3185E-08 1.3379E-08 1.3561E-08 1.3731E-08 1.3888E-08 1.4030E-08 1.4156E-08 1.4268E-08 1.4364E-08 1.4448E-08 1.4516E-08 1.4569E-08 1.4606E-08 1.4627E-08 1.4630E-08 1.4623E-08 1.4605E-08 1.4575E-08 1.4529E-08 1.4468E-08 1.4390E-08 1.4300E-08 1.4201E-08 1.4093E-08 1.3978E-08 1.3853E-08 1.3715E-08 1.3566E-08 1.3406E-08 1.3236E-08 1.3059E-08 1.2873E-08 1.2680E-08 1.2478E-08 1.2271E-08 1.2057E-08 1.1837E-08
7.5823E-09 7.9006E-09 8.2218E-09 8.5448E-09 8.8696E-09 9.1962E-09 9.5198E-09 9.8402E-09 1.0156E-08 1.0468E-08 1.0774E-08 1.1075E-08 1.1369E-08 1.1653E-08 1.1928E-08 1.2193E-08 1.2448E-08 1.2692E-08 1.2926E-08 1.3148E-08 1.3358E-08 1.3557E-08 1.3745E-08 1.3919E-08 1.4080E-08 1.4226E-08 1.4356E-08 1.4472E-08 1.4574E-08 1.4662E-08 1.4735E-08 1.4791E-08 1.4830E-08 1.4853E-08 1.4865E-08 1.4866E-08 1.4852E-08 1.4824E-08 1.4779E-08 1.4716E-08 1.4643E-08 1.4561E-08 1.4470E-08 1.4370E-08 1.4257E-08 1.4130E-08 1.3990E-08 1.3841E-08 1.3682E-08 1.3514E-08 1.3337E-08 1.3153E-08 1.2960E-08 1.2765E-08 1.2559E-08 1.2357E-08 1.2175E-08
7.6760E-09 7.9976E-09 8.3228E-09 8.6497E-09 8.9794E-09 9.3091E-09 9.6354E-09 9.9582E-09 1.0277E-08 1.0591E-08 1.0900E-08 1.1204E-08 1.1501E-08 1.1788E-08 1.2065E-08 1.2333E-08 1.2592E-08 1.2840E-08 1.3077E-08 1.3303E-08 1.3518E-08 1.3723E-08 1.3915E-08 1.4094E-08 1.4258E-08 1.4407E-08 1.4543E-08 1.4664E-08 1.4772E-08 1.4864E-08 1.4940E-08 1.4999E-08 1.5043E-08 1.5073E-08 1.5093E-08 1.5098E-08 1.5088E-08 1.5060E-08 1.5017E-08 1.4961E-08 1.4897E-08 1.4824E-08 1.4739E-08 1.4639E-08 1.4526E-08 1.4399E-08 1.4264E-08 1.4124E-08 1.3981E-08 1.3831E-08 1.3684E-08 1.3535E-08 1.3425E-08 1.3267E-08 1.3066E-08 1.2853E-08 1.2629E-08
7.7623E-09 8.0870E-09 8.4143E-09 8.7457E-09 9.0784E-09 9.4091E-09 9.7376E-09 1.0063E-08 1.0385E-08 1.0701E-08 1.1014E-08 1.1321E-08 1.1619E-08 1.1908E-08 1.2188E-08 1.2459E-08 1.2721E-08 1.2972E-08 1.3213E-08 1.3444E-08 1.3664E-08 1.3873E-08 1.4069E-08 1.4252E-08 1.4420E-08 1.4574E-08 1.4716E-08 1.4842E-08 1.4955E-08 1.5051E-08 1.5130E-08 1.5194E-08 1.5245E-08 1.5285E-08 1.5310E-08 1.5318E-08 1.5310E-08 1.5286E-08 1.5250E-08 1.5206E-08 1.5150E-08 1.5081E-08 1.4998E-08 1.4901E-08 1.4804E-08 1.4702E-08 1.4601E-08 1.4500E-08 1.4429E-08 1.4318E-08 1.4186E-08 1.4020E-08 1.3844E-08 1.3676E-08 1.3491E-08 1.3297E-08 1.3074E-08
7.8398E-09 8.1672E-09 8.4975E-09 8.8316E-09 9.1666E-09 9.4992E-09 9.8292E-09 1.0156E-08 1.0479E-08 1.0798E-08 1.1114E-08 1.1423E-08 1.1722E-08 1.2013E-08 1.2296E-08 1.2570E-08 1.2835E-08 1.3090E-08 1.3335E-08 1.3570E-08 1.3795E-08 1.4008E-08 1.4208E-08 1.4394E-08 1.4567E-08 1.4727E-08 1.4873E-08 1.5005E-08 1.5122E-08 1.5221E-08 1.5306E-08 1.5379E-08 1.5437E-08 1.5483E-08 1.5512E-08 1.5523E-08 1.5520E-08 1.5507E-08 1.5481E-08 1.5445E-08 1.5394E-08 1.5332E-08 1.5266E-08 1.5198E-08 1.5126E-08 1.5081E-08 1.5033E-08 1.4969E-08 1.4859E-08 1.4765E-08 1.4649E-08 1.4499E-08 1.4362E-08 1.4194E-08 1.4001E-08 1.3797E-08 1.3568E-08
7.9063E-09 8.2364E-09 8.5689E-09 8.9051E-09 9.2417E-09 9.5756E-09 9.9072E-09 1.0236E-08 1.0561E-08 1.0884E-08 1.1201E-08 1.1509E-08 1.1811E-08 1.2104E-08 1.2389E-08 1.2666E-08 1.2934E-08 1.3192E-08 1.3441E-08 1.3680E-08 1.3909E-08 1.4126E-08 1.4330E-08 1.4520E-08 1.4699E-08 1.4864E-08 1.5015E-08 1.5152E-08 1.5272E-08 1.5377E-08 1.5470E-08 1.5549E-08 1.5616E-08 1.5666E-08 1.5699E-08 1.5717E-08 1.5725E-08 1.5720E-08 1.5704E-08 1.5676E-08 1.5642E-08 1.5607E-08 1.5631E-08 1.5657E-08 1.5640E-08 1.5598E-08 1.5541E-08 1.5479E-08 1.5411E-08 1.5343E-08 1.5223E-08 1.5086E-08 1.4930E-08 1.4757E-08 1.4559E-08 1.4352E-08 1.4121E-08
7.9646E-09 8.2968E-09 8.6311E-09 8.9687E-09 9.3065E-09 9.6412E-09 9.9739E-09 1.0303E-08 1.0630E-08 1.0953E-08 1.1272E-08 1.1582E-08 1.1884E-08 1.2180E-08 1.2467E-08 1.2746E-08 1.3017E-08 1.3278E-08 1.3531E-08 1.3775E-08 1.4007E-08 1.4228E-08 1.4435E-08 1.4630E-08 1.4814E-08 1.4984E-08 1.5140E-08 1.5281E-08 1.5406E-08 1.5519E-08 1.5621E-08 1.5706E-08 1.5778E-08 1.5833E-08 1.5873E-08 1.5902E-08 1.5920E-08 1.5925E-08 1.5941E-08 1.5974E-08 1.6028E-08 1.6091E-08 1.6145E-08 1.6191E-08 1.6191E-08 1.6170E-08 1.6136E-08 1.6088E-08 1.6023E-08 1.5940E-08 1.5836E-08 1.5715E-08 1.5557E-08 1.5391E-08 1.5201E-08 1.4973E-08 1.4729E-08
8.0134E-09 8.3458E-09 8.6827E-09 9.0211E-09 9.3578E-09 9.6931E-09 1.0027E-08 1.0357E-08 1.0686E-08 1.1011E-08 1.1328E-08 1.1639E-08 1.1943E-08 1.2240E-08 1.2529E-08 1.2811E-08 1.3083E-08 1.3348E-08 1.3605E-08 1.3851E-08 1.4088E-08 1.4311E-08 1.4522E-08 1.4723E-08 1.4911E-08 1.5086E-08 1.5247E-08 1.5391E-08 1.5524E-08 1.5646E-08 1.5753E-08 1.5846E-08 1.5923E-08 1.5985E-08 1.6036E-08 1.6076E-08 1.6120E-08 1.6190E-08 1.6294E-08 1.6420E-08 1.6536E-08 1.6621E-08 1.6671E-08 1.6695E-08 1.6709E-08 1.6714E-08 1.6708E-08 1.6689E-08 1.6654E-08 1.6599E-08 1.6509E-08 1.6406E-08 1.6277E-08 1.6113E-08 1.5925E-08 1.5703E-08 1.5457E-08
8.0509E-09 8.3841E-09 8.7217E-09 9.0603E-09 9.3970E-09 9.7324E-09 1.0066E-08 1.0398E-08 1.0727E-08 1.1052E-08 1.1370E-08 1.1681E-08 1.1986E-08 1.2285E-08 1.2575E-08 1.2859E-08 1.3134E-08 1.3402E-08 1.3662E-08 1.3911E-08 1.4150E-08 1.4377E-08 1.4593E-08 1.4799E-08 1.4991E-08 1.5170E-08 1.5335E-08 1.5486E-08 1.5627E-08 1.5756E-08 1.5870E-08 1.5968E-08 1.6051E-08 1.6124E-08 1.6195E-08 1.6291E-08 1.6422E-08 1.6586E-08 1.6748E-08 1.6882E-08 1.6984E-08 1.7063E-08 1.7133E-08 1.7197E-08 1.7252E-08 1.7297E-08 1.7330E-08 1.7348E-08 1.7349E-08 1.7327E-08 1.7280E-08 1.7203E-08 1.7086E-08 1.6935E-08 1.6756E-08 1.6540E-08 1.6284E-08
8.0783E-09 8.4119E-09 8.7508E-09 9.0878E-09 9.4255E-09 9.7606E-09 1.0094E-08 1.0425E-08 1.0754E-08 1.1079E-08 1.1397E-08 1.1709E-08 1.2014E-08 1.2313E-08 1.2606E-08 1.2890E-08 1.3168E-08 1.3439E-08 1.3701E-08 1.3954E-08 1.4195E-08 1.4425E-08 1.4646E-08 1.4855E-08 1.5052E-08 1.5235E-08 1.5405E-08 1.5563E-08 1.5712E-08 1.5846E-08 1.5967E-08 1.6072E-08 1.6167E-08 1.6276E-08 1.6421E-08 1.6605E-08 1.6803E-08 1.6989E-08 1.7150E-08 1.7284E-08 1.7411E-08 1.7535E-08 1.7657E-08 1.7780E-08 1.7892E-08 1.7991E-08 1.8077E-08 1.8143E-08 1.8184E-08 1.8197E-08 1.8181E-08 1.8127E-08 1.8033E-08 1.7903E-08 1.7720E-08 1.7514E-08 1.7240E-08
8.0972E-09 8.4302E-09 8.7689E-09 9.1049E-09 9.4404E-09 9.7751E-09 1.0108E-08 1.0440E-08 1.0769E-08 1.1092E-08 1.1409E-08 1.1721E-08 1.2027E-08 1.2327E-08 1.2620E-08 1.2906E-08 1.3186E-08 1.3459E-08 1.3723E-08 1.3978E-08 1.4221E-08 1.4456E-08 1.4681E-08 1.4893E-08 1.5094E-08 1.5281E-08 1.5457E-08 1.5624E-08 1.5777E-08 1.5919E-08 1.6045E-08 1.6166E-08 1.6311E-08 1.6498E-08 1.6719E-08 1.6945E-08 1.7159E-08 1.7353E-08 1.7540E-08 1.7734E-08 1.7935E-08 1.8137E-08 1.8339E-08 1.8523E-08 1.8693E-08 1.8846E-08 1.8979E-08 1.9082E-08 1.9174E-08 1.9225E-08 1.9233E-08 1.9212E-08 1.9130E-08 1.9012E-08 1.8843E-08 1.8621E-08 1.8364E-08
8.1043E-09 8.4384E-09 8.7742E-09 9.1089E-09 9.4432E-09 9.7770E-09 1.0109E-08 1.0440E-08 1.0768E-08 1.1090E-08 1.1407E-08 1.1718E-08 1.2024E-08 1.2324E-08 1.2618E-08 1.2905E-08 1.3187E-08 1.3462E-08 1.3728E-08 1.3984E-08 1.4230E-08 1.4468E-08 1.4696E-08 1.4913E-08 1.5117E-08 1.5309E-08 1.5491E-08 1.5665E-08 1.5825E-08 1.5972E-08 1.6117E-08 1.6294E-08 1.6512E-08 1.6761E-08 1.7016E-08 1.7267E-08 1.7511E-08 1.7760E-08 1.8021E-08 1.8283E-08 1.8548E-08 1.8808E-08 1.9071E-08 1.9327E-08 1.9571E-08 1.9798E-08 2.0003E-08 2.0180E-08 2.0326E-08 2.0420E-08 2.0465E-08 2.0467E-08 2.0410E-08 2.0297E-08 2.0128E-08 1.9904E-08 1.9652E-08
8.1014E-09 8.4342E-09 8.7684E-09 9.1014E-09 9.4354E-09 9.7667E-09 1.0097E-08 1.0427E-08 1.0754E-08 1.1074E-08 1.1390E-08 1.1701E-08 1.2006E-08 1.2306E-08 1.2600E-08 1.2888E-08 1.3172E-08 1.3448E-08 1.3715E-08 1.3972E-08 1.4222E-08 1.4463E-08 1.4693E-08 1.4913E-08 1.5120E-08 1.5318E-08 1.5508E-08 1.5686E-08 1.5853E-08 1.6021E-08 1.6219E-08 1.6462E-08 1.6735E-08 1.7024E-08 1.7313E-08 1.7608E-08 1.7910E-08 1.8222E-08 1.8545E-08 1.8877E-08 1.9219E-08 1.9570E-08 1.9922E-08 2.0268E-08 2.0601E-08 2.0912E-08 2.1196E-08 2.1444E-08 2.1653E-08 2.1812E-08 2.1907E-08 2.1931E-08 2.1922E-08 2.1786E-08 2.1676E-08 2.1417E-08 2.1170E-08
