Assets/Resources/2015_m01_d23_0500(utc+0800)_l00_csi_1hr_conc.grd
DSAA
         159         159
     -79.000      79.000
     -79.000      79.000
  0.0000E+00  0.3184E-04
[rows 125 to 149 of 159, columns 57 to 113 of 159]
1.7988E-11 1.9741E-11 2.3706E-11 2.6702E-11 2.9421E-11 3.1920E-11 3.6661E-11 4.2761E-11 5.0366E-11 5.9036E-11 6.6601E-11 7.1725E-11 8.1789E-11 8.8767E-11 1.0005E-10 1.0864E-10 1.1691E-10 1.2353E-10 1.3192E-10 1.3941E-10 1.4785E-10 1.5652E-10 1.6973E-10 1.7730E-10 1.8721E-10 1.9516E-10 2.0571E-10 2.1577E-10 2.2687E-10 2.3741E-10 2.4674E-10 2.5961E-10 2.6847E-10 2.7964E-10 2.8852E-10 2.9786E-10 3.0936E-10 3.1798E-10 3.3024E-10 3.3900E-10 3.4760E-10 3.7072E-10 3.8218E-10 3.9250E-10 4.2515E-10 4.3863E-10 4.8509E-10 5.0320E-10 6.6786E-10 7.0834E-10 7.5075E-10 7.9355E-10 8.3928E-10 8.8637E-10 9.3459E-10 9.8375E-10 1.0315E-09
1.4120E-11 1.5807E-11 1.9028E-11 2.1208E-11 2.4389E-11 2.6694E-11 3.0856E-11 3.3288E-11 3.8158E-11 4.8795E-11 5.4620E-11 6.2988E-11 6.8822E-11 7.7634E-11 8.2676E-11 8.9991E-11 9.9984E-11 1.0985E-10 1.2293E-10 1.2983E-10 1.3647E-10 1.4604E-10 1.5268E-10 1.6311E-10 1.7060E-10 1.8046E-10 1.8965E-10 2.0003E-10 2.1262E-10 2.2254E-10 2.3077E-10 2.4162E-10 2.4989E-10 2.6032E-10 2.6862E-10 2.7885E-10 2.8975E-10 2.9787E-10 3.0577E-10 3.1973E-10 3.2783E-10 3.4935E-10 3.5913E-10 3.6882E-10 3.9909E-10 4.1169E-10 4.2445E-10 4.7213E-10 6.2357E-10 6.6113E-10 6.9908E-10 7.4009E-10 7.8200E-10 8.2375E-10 8.6872E-10 9.1455E-10 9.5960E-10
1.0782E-11 1.1762E-11 1.3461E-11 1.7000E-11 1.9581E-11 2.2275E-11 2.3841E-11 2.7267E-11 3.0965E-11 3.7528E-11 4.3748E-11 5.0591E-11 5.4772E-11 6.3832E-11 6.9703E-11 8.0939E-11 8.8375E-11 9.5082E-11 1.0124E-10 1.0985E-10 1.1621E-10 1.3055E-10 1.4149E-10 1.5200E-10 1.5863E-10 1.6845E-10 1.7612E-10 1.8501E-10 1.9548E-10 2.0366E-10 2.1310E-10 2.2325E-10 2.3201E-10 2.3970E-10 2.4963E-10 2.5874E-10 2.6886E-10 2.7717E-10 2.8463E-10 2.9573E-10 3.0333E-10 3.1078E-10 3.3250E-10 3.4162E-10 3.5071E-10 3.8150E-10 3.9345E-10 4.2802E-10 5.1425E-10 5.7525E-10 6.4612E-10 6.8423E-10 7.2376E-10 7.6454E-10 8.0368E-10 8.4642E-10 8.8985E-10
9.2296E-12 1.1009E-11 1.1663E-11 1.2337E-11 1.4472E-11 1.7237E-11 1.9962E-11 2.2846E-11 2.5285E-11 2.7166E-11 3.4614E-11 3.9431E-11 4.6894E-11 5.2472E-11 5.9486E-11 6.4259E-11 6.9853E-11 7.9043E-11 9.0042E-11 1.0079E-10 1.0615E-10 1.1375E-10 1.2031E-10 1.2632E-10 1.3651E-10 1.4453E-10 1.5242E-10 1.6930E-10 1.7994E-10 1.9000E-10 1.9991E-10 2.0770E-10 2.1685E-10 2.2408E-10 2.3341E-10 2.4061E-10 2.4914E-10 2.5886E-10 2.6657E-10 2.7520E-10 2.8411E-10 2.9116E-10 3.1066E-10 3.1924E-10 3.2776E-10 3.5128E-10 3.6751E-10 3.7879E-10 4.1547E-10 5.2713E-10 5.6630E-10 5.9570E-10 6.7177E-10 7.0974E-10 7.4813E-10 7.8597E-10 8.2651E-10
8.8837E-12 9.4273E-12 9.9890E-12 1.1876E-11 1.2546E-11 1.3235E-11 1.4718E-11 1.6280E-11 1.9274E-11 2.2214E-11 2.7181E-11 3.1395E-11 3.4171E-11 3.7292E-11 4.7529E-11 5.1763E-11 6.1289E-11 6.7538E-11 7.3154E-11 7.8827E-11 8.5853E-11 9.5080E-11 1.0552E-10 1.1742E-10 1.2445E-10 1.3162E-10 1.3839E-10 1.4654E-10 1.5305E-10 1.6501E-10 1.7250E-10 1.8081E-10 1.9077E-10 1.9751E-10 2.0598E-10 2.1623E-10 2.2861E-10 2.3966E-10 2.4741E-10 2.5385E-10 2.6385E-10 2.7046E-10 2.7693E-10 2.9378E-10 3.0530E-10 3.2713E-10 3.3699E-10 3.4690E-10 3.7238E-10 4.5998E-10 4.8107E-10 5.4117E-10 5.6587E-10 6.0681E-10 6.3833E-10 7.2655E-10 7.6170E-10
7.4977E-12 7.9575E-12 9.6164E-12 1.0176E-11 1.0752E-11 1.2743E-11 1.3426E-11 1.4127E-11 1.4844E-11 1.7283E-11 1.8112E-11 2.3508E-11 2.7619E-11 3.3465E-11 3.6953E-11 4.0738E-11 4.3578E-11 5.0312E-11 5.8078E-11 6.8152E-11 7.6702E-11 8.1418E-11 8.9420E-11 9.4039E-11 9.9731E-11 1.0821E-10 1.1574E-10 1.2627E-10 1.3988E-10 1.5017E-10 1.5832E-10 1.6657E-10 1.7314E-10 1.8116E-10 1.8735E-10 1.9558E-10 2.0384E-10 2.1279E-10 2.2078E-10 2.2754E-10 2.3604E-10 2.4212E-10 2.4918E-10 2.6482E-10 2.7193E-10 2.7897E-10 3.0021E-10 3.1373E-10 3.2305E-10 3.4871E-10 4.2242E-10 4.6076E-10 4.8207E-10 5.4848E-10 5.7519E-10 6.0267E-10 6.4801E-10
6.2129E-12 7.4000E-12 8.1197E-12 8.5929E-12 1.0353E-11 1.0925E-11 1.1512E-11 1.2493E-11 1.4298E-11 1.5007E-11 1.5731E-11 1.7270E-11 2.0615E-11 2.2804E-11 2.4391E-11 3.3313E-11 3.7400E-11 4.3308E-11 4.5989E-11 5.1465E-11 5.5250E-11 6.1227E-11 6.9868E-11 8.0631E-11 8.9812E-11 9.6678E-11 1.0255E-10 1.0894E-10 1.1479E-10 1.2295E-10 1.3221E-10 1.3813E-10 1.4607E-10 1.5554E-10 1.6354E-10 1.7104E-10 1.8700E-10 1.9323E-10 2.0237E-10 2.0933E-10 2.1478E-10 2.2372E-10 2.2933E-10 2.3478E-10 2.4816E-10 2.5815E-10 2.7365E-10 2.8068E-10 2.8695E-10 3.1411E-10 3.6101E-10 3.7572E-10 4.2711E-10 4.4526E-10 4.8578E-10 5.0434E-10 5.8039E-10
4.6110E-12 5.6299E-12 6.7307E-12 7.9931E-12 8.7454E-12 9.2300E-12 1.0753E-11 1.1670E-11 1.2267E-11 1.2878E-11 1.5156E-11 1.5870E-11 1.7312E-11 1.8489E-11 2.1114E-11 2.4035E-11 2.6591E-11 2.8269E-11 3.6330E-11 3.9874E-11 4.8554E-11 5.1823E-11 5.7469E-11 6.2480E-11 6.6538E-11 7.2822E-11 8.0032E-11 8.5012E-11 9.8994E-11 1.0898E-10 1.1777E-10 1.2377E-10 1.3105E-10 1.3631E-10 1.4336E-10 1.4829E-10 1.6081E-10 1.6946E-10 1.7452E-10 1.8157E-10 1.8734E-10 1.9399E-10 1.9991E-10 2.0691E-10 2.1821E-10 2.2386E-10 2.2943E-10 2.4553E-10 2.5740E-10 2.7145E-10 2.7881E-10 3.2300E-10 3.5303E-10 3.6731E-10 4.2334E-10 4.4124E-10 4.5937E-10
3.3170E-12 4.4675E-12 4.9995E-12 6.0851E-12 7.2521E-12 8.5882E-12 9.3709E-12 9.8647E-12 1.0371E-11 1.2407E-11 1.3011E-11 1.3627E-11 1.4255E-11 1.7082E-11 1.8629E-11 1.9486E-11 2.2153E-11 2.3745E-11 2.8430E-11 2.9772E-11 3.3914E-11 3.6158E-11 4.0672E-11 4.7196E-11 5.7398E-11 6.1401E-11 6.7354E-11 7.2697E-11 7.7277E-11 8.1707E-11 8.9822E-11 9.7700E-11 1.0303E-10 1.1008E-10 1.1765E-10 1.2643E-10 1.4116E-10 1.4670E-10 1.5505E-10 1.6470E-10 1.6933E-10 1.7385E-10 1.8174E-10 1.8636E-10 1.9373E-10 1.9965E-10 2.0932E-10 2.1878E-10 2.2436E-10 2.2983E-10 2.4859E-10 2.6202E-10 2.6942E-10 3.1168E-10 3.2291E-10 3.6375E-10 3.7622E-10
2.3280E-12 2.7115E-12 3.5987E-12 4.5616E-12 5.3913E-12 6.5425E-12 7.7741E-12 9.1817E-12 9.9926E-12 1.0493E-11 1.1006E-11 1.2738E-11 1.3740E-11 1.4359E-11 1.4988E-11 1.6438E-11 1.9143E-11 2.0851E-11 2.1763E-11 2.4783E-11 2.5896E-11 3.0461E-11 3.3561E-11 3.7632E-11 4.0552E-11 4.3506E-11 4.8217E-11 5.3086E-11 6.0083E-11 6.9441E-11 7.6232E-11 8.2887E-11 8.7446E-11 9.3865E-11 9.7717E-11 1.0519E-10 1.1208E-10 1.2268E-10 1.2720E-10 1.3213E-10 1.3726E-10 1.4176E-10 1.5203E-10 1.5931E-10 1.6522E-10 1.7333E-10 1.7762E-10 1.8359E-10 1.9336E-10 2.0440E-10 2.0946E-10 2.1300E-10 2.2375E-10 2.4801E-10 2.5481E-10 3.0129E-10 3.1017E-10
0.0000E+00 1.7361E-12 2.5269E-12 2.9348E-12 3.8832E-12 4.9071E-12 5.7840E-12 6.4040E-12 8.2935E-12 8.7106E-12 1.0249E-11 1.1113E-11 1.1629E-11 1.2155E-11 1.4450E-11 1.5069E-11 1.5698E-11 1.7246E-11 1.7973E-11 2.1833E-11 2.2741E-11 2.5956E-11 2.7061E-11 2.9272E-11 3.1928E-11 3.5672E-11 3.9279E-11 4.4482E-11 4.7130E-11 5.0165E-11 5.3980E-11 6.0096E-11 6.4599E-11 6.8125E-11 7.3564E-11 8.1802E-11 9.3470E-11 1.0232E-10 1.0767E-10 1.1356E-10 1.2122E-10 1.2455E-10 1.2907E-10 1.3477E-10 1.3935E-10 1.4457E-10 1.5110E-10 1.6053E-10 1.6665E-10 1.7030E-10 1.7858E-10 1.8999E-10 1.9437E-10 2.0032E-10 2.0449E-10 2.0850E-10 2.4054E-10
0.0000E+00 1.0394E-12 1.3334E-12 1.8803E-12 2.7280E-12 3.1597E-12 4.1688E-12 5.2525E-12 6.1753E-12 6.8201E-12 7.8199E-12 9.2290E-12 1.0446E-11 1.1324E-11 1.2237E-11 1.2764E-11 1.3299E-11 1.5755E-11 1.6380E-11 1.7013E-11 1.8746E-11 1.9477E-11 2.1968E-11 2.5096E-11 2.8162E-11 2.9793E-11 3.1668E-11 3.4245E-11 3.7102E-11 3.9773E-11 4.5110E-11 4.8706E-11 5.3715E-11 5.6147E-11 6.0867E-11 6.3478E-11 6.9138E-11 7.3321E-11 8.1986E-11 8.5219E-11 8.8868E-11 9.3354E-11 9.8545E-11 1.0769E-10 1.1127E-10 1.1889E-10 1.2264E-10 1.2533E-10 1.2922E-10 1.3956E-10 1.4649E-10 1.4947E-10 1.5375E-10 1.6353E-10 1.7588E-10 1.7954E-10 1.8319E-10
0.0000E+00 0.0000E+00 6.4288E-13 1.1261E-12 1.1917E-12 2.0258E-12 2.9301E-12 3.3850E-12 3.8688E-12 5.5960E-12 6.2202E-12 6.8796E-12 7.5705E-12 9.7373E-12 1.0170E-11 1.1896E-11 1.2397E-11 1.3353E-11 1.3885E-11 1.4425E-11 1.6527E-11 1.7659E-11 1.9483E-11 2.0205E-11 2.1531E-11 2.3021E-11 2.6959E-11 2.8703E-11 3.1987E-11 3.3939E-11 3.5775E-11 3.8788E-11 4.1692E-11 4.3970E-11 4.7188E-11 5.1208E-11 5.8391E-11 6.2816E-11 6.7533E-11 7.0484E-11 7.4955E-11 7.9997E-11 8.3348E-11 8.5469E-11 8.9162E-11 9.2490E-11 9.7459E-11 1.0173E-10 1.0750E-10 1.1089E-10 1.1471E-10 1.2130E-10 1.2525E-10 1.2752E-10 1.3275E-10 1.3629E-10 1.4497E-10
0.0000E+00 0.0000E+00 0.0000E+00 0.0000E+00 4.6034E-13 1.2138E-12 1.2810E-12 2.1716E-12 3.1320E-12 3.6093E-12 4.1151E-12 4.9661E-12 6.2154E-12 7.2639E-12 7.5890E-12 9.0913E-12 1.0665E-11 1.1105E-11 1.2948E-11 1.3453E-11 1.4448E-11 1.4982E-11 1.5521E-11 1.7731E-11 1.8893E-11 2.0889E-11 2.1604E-11 2.3015E-11 2.4573E-11 2.6094E-11 2.6954E-11 3.2241E-11 3.5848E-11 3.7949E-11 4.0073E-11 4.2081E-11 4.4319E-11 4.8581E-11 5.2277E-11 5.5011E-11 5.7188E-11 6.1029E-11 6.4067E-11 6.9579E-11 7.6246E-11 7.9241E-11 8.1830E-11 8.5750E-11 8.7414E-11 8.8950E-11 9.5345E-11 9.9433E-11 1.0100E-10 1.0513E-10 1.1340E-10 1.1706E-10 1.1881E-10
0.0000E+00 0.0000E+00 0.0000E+00 0.0000E+00 0.0000E+00 0.0000E+00 4.9524E-13 1.3017E-12 1.3705E-12 1.7422E-12 3.3326E-12 3.4950E-12 4.0134E-12 5.2470E-12 6.5510E-12 6.8376E-12 7.9649E-12 8.7173E-12 9.9048E-12 1.1582E-11 1.2024E-11 1.3978E-11 1.4483E-11 1.5511E-11 1.6042E-11 1.6577E-11 1.7115E-11 1.9479E-11 2.2227E-11 2.2928E-11 2.4414E-11 2.5163E-11 2.7618E-11 2.8452E-11 3.0109E-11 3.2025E-11 3.6817E-11 4.1069E-11 4.3071E-11 4.5336E-11 4.7374E-11 5.1753E-11 5.4346E-11 5.6778E-11 5.8027E-11 6.1204E-11 6.2423E-11 6.6395E-11 7.1037E-11 7.4447E-11 7.6832E-11 7.8048E-11 7.8036E-11 8.0673E-11 8.3201E-11 8.5601E-11 8.7948E-11
0.0000E+00 0.0000E+00 0.0000E+00 0.0000E+00 0.0000E+00 0.0000E+00 0.0000E+00 0.0000E+00 5.3020E-13 1.3895E-12 1.4594E-12 1.8509E-12 2.5788E-12 3.6947E-12 4.2334E-12 4.4202E-12 5.7586E-12 7.1648E-12 7.4558E-12 8.6582E-12 9.4479E-12 1.0703E-11 1.2477E-11 1.2919E-11 1.4446E-11 1.5477E-11 1.5982E-11 1.7056E-11 1.7583E-11 1.8111E-11 1.8640E-11 1.9169E-11 2.3509E-11 2.5714E-11 2.6438E-11 2.8050E-11 2.8814E-11 3.1527E-11 3.2365E-11 3.4133E-11 3.4993E-11 3.5823E-11 3.8815E-11 4.1210E-11 4.7341E-11 5.0736E-11 5.2928E-11 5.6091E-11 5.9136E-11 5.9988E-11 6.2041E-11 6.4931E-11 6.8097E-11 7.0192E-11 7.1258E-11 7.2011E-11 7.4503E-11
0.0000E+00 0.0000E+00 0.0000E+00 0.0000E+00 0.0000E+00 0.0000E+00 0.0000E+00 0.0000E+00 0.0000E+00 0.0000E+00 5.6503E-13 1.4767E-12 1.5475E-12 1.6199E-12 2.7219E-12 3.8904E-12 4.0582E-12 4.6352E-12 5.2383E-12 6.2656E-12 7.7706E-12 8.0635E-12 9.3367E-12 9.6704E-12 1.1477E-11 1.1865E-11 1.3780E-11 1.4221E-11 1.5847E-11 1.6922E-11 1.7419E-11 1.8531E-11 1.9046E-11 1.9560E-11 2.0074E-11 2.0586E-11 2.2097E-11 2.5898E-11 2.8289E-11 2.8975E-11 3.0707E-11 3.1402E-11 3.3139E-11 3.3780E-11 3.5499E-11 3.6095E-11 3.8876E-11 3.9431E-11 4.2603E-11 4.5366E-11 4.7008E-11 4.8656E-11 4.9239E-11 4.9731E-11 5.0186E-11 5.3267E-11 5.3913E-11
0.0000E+00 0.0000E+00 0.0000E+00 0.0000E+00 0.0000E+00 0.0000E+00 0.0000E+00 0.0000E+00 0.0000E+00 0.0000E+00 0.0000E+00 0.0000E+00 0.0000E+00 6.2782E-13 1.6342E-12 1.7071E-12 2.1530E-12 2.9830E-12 4.2488E-12 4.4191E-12 5.0324E-12 5.6706E-12 6.7629E-12 8.3621E-12 8.6547E-12 9.4762E-12 1.0325E-11 1.1196E-11 1.2604E-11 1.2989E-11 1.5033E-11 1.5466E-11 1.6537E-11 1.8289E-11 1.8773E-11 1.9913E-11 2.0410E-11 2.0905E-11 2.1398E-11 2.1888E-11 2.2374E-11 2.2856E-11 2.4484E-11 2.4966E-11 2.8966E-11 3.0179E-11 3.2924E-11 3.3308E-11 3.4861E-11 3.5178E-11 3.6664E-11 3.6903E-11 3.9197E-11 4.1808E-11 4.4442E-11 4.4778E-11 4.5069E-11
0.0000E+00 0.0000E+00 0.0000E+00 0.0000E+00 0.0000E+00 0.0000E+00 0.0000E+00 0.0000E+00 0.0000E+00 0.0000E+00 0.0000E+00 0.0000E+00 0.0000E+00 0.0000E+00 0.0000E+00 6.6204E-13 1.7191E-12 1.7922E-12 1.8665E-12 2.3469E-12 3.2416E-12 4.6024E-12 4.7737E-12 5.4211E-12 5.6126E-12 7.2454E-12 7.4876E-12 9.2238E-12 9.5154E-12 1.0384E-11 1.1277E-11 1.1606E-11 1.3680E-11 1.4056E-11 1.6217E-11 1.6638E-11 1.7057E-11 1.7475E-11 1.9327E-11 2.0489E-11 2.0948E-11 2.2132E-11 2.2599E-11 2.3061E-11 2.3481E-11 2.3888E-11 2.4268E-11 2.4585E-11 2.4885E-11 2.5133E-11 2.5351E-11 2.5542E-11 2.5684E-11 2.5813E-11 2.5905E-11 2.5973E-11 2.7239E-11
0.0000E+00 0.0000E+00 0.0000E+00 0.0000E+00 0.0000E+00 0.0000E+00 0.0000E+00 0.0000E+00 0.0000E+00 0.0000E+00 0.0000E+00 0.0000E+00 0.0000E+00 0.0000E+00 0.0000E+00 0.0000E+00 0.0000E+00 0.0000E+00 7.2456E-13 1.8749E-12 1.9490E-12 2.0241E-12 2.5378E-12 3.4951E-12 4.9476E-12 5.1187E-12 5.2911E-12 5.9877E-12 6.7054E-12 7.9481E-12 9.7663E-12 1.0052E-11 1.0339E-11 1.1249E-11 1.2180E-11 1.2499E-11 1.3461E-11 1.5052E-11 1.5413E-11 1.7720E-11 1.8122E-11 1.8520E-11 1.8916E-11 1.9308E-11 2.1240E-11 2.1627E-11 2.2718E-11 2.3018E-11 2.3291E-11 2.3510E-11 2.4461E-11 2.4625E-11 2.4761E-11 2.4877E-11 2.4949E-11 2.5014E-11 2.5073E-11
0.0000E+00 0.0000E+00 0.0000E+00 0.0000E+00 0.0000E+00 0.0000E+00 0.0000E+00 0.0000E+00 0.0000E+00 0.0000E+00 0.0000E+00 0.0000E+00 0.0000E+00 0.0000E+00 0.0000E+00 0.0000E+00 0.0000E+00 0.0000E+00 0.0000E+00 0.0000E+00 0.0000E+00 7.8647E-13 2.0285E-12 2.1030E-12 2.1784E-12 2.2544E-12 3.7411E-12 3.8648E-12 5.4508E-12 5.6213E-12 6.3459E-12 6.5339E-12 7.2941E-12 8.6189E-12 8.8536E-12 1.0836E-11 1.1115E-11 1.1392E-11 1.2351E-11 1.3327E-11 1.3633E-11 1.3936E-11 1.4950E-11 1.6651E-11 1.6990E-11 1.8708E-11 1.9729E-11 2.0008E-11 2.0238E-11 2.0440E-11 2.0618E-11 2.0749E-11 2.0869E-11 2.0954E-11 2.1018E-11 2.1075E-11 2.1128E-11
0.0000E+00 0.0000E+00 0.0000E+00 0.0000E+00 0.0000E+00 0.0000E+00 0.0000E+00 0.0000E+00 0.0000E+00 0.0000E+00 0.0000E+00 0.0000E+00 0.0000E+00 0.0000E+00 0.0000E+00 0.0000E+00 0.0000E+00 0.0000E+00 0.0000E+00 0.0000E+00 0.0000E+00 0.0000E+00 0.0000E+00 0.0000E+00 8.4713E-13 2.1784E-12 2.2528E-12 2.3278E-12 2.4033E-12 2.9947E-12 4.0996E-12 5.7675E-12 5.9348E-12 6.1025E-12 6.2702E-12 7.0518E-12 7.2352E-12 8.0476E-12 9.4755E-12 9.7015E-12 1.1832E-11 1.2098E-11 1.2362E-11 1.2624E-11 1.2884E-11 1.3898E-11 1.4900E-11 1.5137E-11 1.5324E-11 1.5497E-11 1.6368E-11 1.7909E-11 1.8010E-11 1.8070E-11 1.8126E-11 1.8176E-11 1.9620E-11
0.0000E+00 0.0000E+00 0.0000E+00 0.0000E+00 0.0000E+00 0.0000E+00 0.0000E+00 0.0000E+00 0.0000E+00 0.0000E+00 0.0000E+00 0.0000E+00 0.0000E+00 0.0000E+00 0.0000E+00 0.0000E+00 0.0000E+00 0.0000E+00 0.0000E+00 0.0000E+00 0.0000E+00 0.0000E+00 0.0000E+00 0.0000E+00 0.0000E+00 0.0000E+00 0.0000E+00 9.0600E-13 2.3233E-12 2.3971E-12 2.4712E-12 2.5457E-12 2.6204E-12 3.2548E-12 4.4420E-12 4.5619E-12 6.3927E-12 6.5556E-12 6.7182E-12 6.8802E-12 7.7111E-12 7.8866E-12 8.0611E-12 1.0262E-11 1.0475E-11 1.0687E-11 1.2979E-11 1.3177E-11 1.3351E-11 1.3502E-11 1.3611E-11 1.3710E-11 1.3777E-11 1.3825E-11 1.3869E-11 1.4661E-11 1.4700E-11
0.0000E+00 0.0000E+00 0.0000E+00 0.0000E+00 0.0000E+00 0.0000E+00 0.0000E+00 0.0000E+00 0.0000E+00 0.0000E+00 0.0000E+00 0.0000E+00 0.0000E+00 0.0000E+00 0.0000E+00 0.0000E+00 0.0000E+00 0.0000E+00 0.0000E+00 0.0000E+00 0.0000E+00 0.0000E+00 0.0000E+00 0.0000E+00 0.0000E+00 0.0000E+00 0.0000E+00 0.0000E+00 0.0000E+00 0.0000E+00 0.0000E+00 9.9185E-13 2.5346E-12 2.6074E-12 2.6804E-12 2.7534E-12 2.8264E-12 2.8993E-12 4.7636E-12 4.8796E-12 6.1903E-12 6.9753E-12 7.1310E-12 7.2857E-12 7.4393E-12 7.5917E-12 7.7427E-12 8.6240E-12 8.7677E-12 8.8759E-12 9.6851E-12 1.1160E-11 1.1203E-11 1.1242E-11 1.1279E-11 1.2684E-11 1.2719E-11
0.0000E+00 0.0000E+00 0.0000E+00 0.0000E+00 0.0000E+00 0.0000E+00 0.0000E+00 0.0000E+00 0.0000E+00 0.0000E+00 0.0000E+00 0.0000E+00 0.0000E+00 0.0000E+00 0.0000E+00 0.0000E+00 0.0000E+00 0.0000E+00 0.0000E+00 0.0000E+00 0.0000E+00 0.0000E+00 0.0000E+00 0.0000E+00 0.0000E+00 0.0000E+00 0.0000E+00 0.0000E+00 0.0000E+00 0.0000E+00 0.0000E+00 0.0000E+00 0.0000E+00 0.0000E+00 0.0000E+00 1.0739E-12 2.7355E-12 2.8065E-12 2.8775E-12 2.9482E-12 3.0187E-12 3.0890E-12 3.1589E-12 3.8961E-12 5.2818E-12 5.3912E-12 6.8138E-12 7.6510E-12 7.7757E-12 7.8614E-12 7.9393E-12 7.9871E-12 8.0185E-12 8.0481E-12 8.0756E-12 8.1012E-12 8.1247E-12
