Assets/Resources/2015_m01_d22_2200(utc+0800)_l00_csi_1hr_conc.grd
DSAA
         159         159
     -79.000      79.000
     -79.000      79.000
  0.0000E+00  0.3940E-04
[rows 50 to 74 of 159, columns 0 to 56 of 159]
0.0000E+00 0.0000E+00 0.0000E+00 8.1984E-13 2.8928E-12 5.8700E-12 1.4265E-11 1.6366E-11 1.8732E-11 2.3065E-11 2.9143E-11 3.7696E-11 4.7312E-11 5.9451E-11 7.3043E-11 8.8511E-11 1.0099E-10 1.2494E-10 1.6014E-10 1.9656E-10 2.3657E-10 2.7562E-10 3.3203E-10 3.8145E-10 4.5173E-10 5.1476E-10 5.8821E-10 6.6168E-10 7.3826E-10 8.2162E-10 9.1235E-10 1.0109E-09 1.1137E-09 1.2290E-09 1.3491E-09 1.4790E-09 1.6240E-09 1.7731E-09 1.9450E-09 2.1236E-09 2.3030E-09 2.4972E-09 2.6960E-09 2.9071E-09 3.1275E-09 3.3570E-09 3.5951E-09 3.9078E-09 4.2599E-09 4.6758E-09 5.1586E-09 5.6547E-09 6.1465E-09 6.6054E-09 7.0171E-09 7.3862E-09 7.7451E-09
0.0000E+00 0.0000E+00 0.0000E+00 3.9690E-13 2.3384E-12 5.1065E-12 1.3576E-11 1.5698E-11 1.7965E-11 2.1244E-11 2.7248E-11 3.4388E-11 4.4022E-11 5.5689E-11 6.9457E-11 8.4244E-11 9.6142E-11 1.1727E-10 1.4201E-10 1.7965E-10 2.2095E-10 2.5868E-10 3.0351E-10 3.5894E-10 4.1052E-10 4.8542E-10 5.5182E-10 6.3074E-10 7.0493E-10 7.8548E-10 8.7330E-10 9.6875E-10 1.0684E-09 1.1804E-09 1.2973E-09 1.4234E-09 1.5587E-09 1.7099E-09 1.8640E-09 2.0448E-09 2.2192E-09 2.4161E-09 2.6112E-09 2.8189E-09 3.0362E-09 3.2628E-09 3.4983E-09 3.7834E-09 4.1063E-09 4.4867E-09 4.9305E-09 5.4046E-09 5.8868E-09 6.3487E-09 6.7727E-09 7.1492E-09 7.5067E-09
0.0000E+00 0.0000E+00 0.0000E+00 5.2054E-14 1.6482E-12 4.3871E-12 1.2656E-11 1.5021E-11 1.7187E-11 1.9803E-11 2.5105E-11 3.1474E-11 4.0917E-11 5.1822E-11 6.3544E-11 7.9961E-11 9.1231E-11 1.0938E-10 1.3289E-10 1.6408E-10 1.9920E-10 2.4143E-10 2.8637E-10 3.3005E-10 3.8650E-10 4.3966E-10 5.1280E-10 5.8911E-10 6.7159E-10 7.4927E-10 8.3410E-10 9.2642E-10 1.0227E-09 1.1313E-09 1.2450E-09 1.3673E-09 1.4992E-09 1.6402E-09 1.7899E-09 1.9597E-09 2.1288E-09 2.3277E-09 2.5183E-09 2.7289E-09 2.9428E-09 3.1662E-09 3.3989E-09 3.6407E-09 3.9512E-09 4.2960E-09 4.6979E-09 5.1608E-09 5.6252E-09 6.0849E-09 6.5159E-09 6.9095E-09 7.2629E-09
0.0000E+00 0.0000E+00 0.0000E+00 0.0000E+00 9.2094E-13 3.5638E-12 1.1262E-11 1.4338E-11 1.6404E-11 1.8723E-11 2.2927E-11 2.8723E-11 3.7468E-11 4.6247E-11 5.9473E-11 7.1126E-11 8.6071E-11 1.0324E-10 1.2321E-10 1.4892E-10 1.8349E-10 2.1727E-10 2.6659E-10 3.0903E-10 3.5522E-10 4.1286E-10 4.7206E-10 5.4905E-10 6.2929E-10 7.1308E-10 7.9485E-10 8.8396E-10 9.7675E-10 1.0820E-09 1.1922E-09 1.3107E-09 1.4389E-09 1.5760E-09 1.7218E-09 1.8807E-09 2.0452E-09 2.2330E-09 2.4184E-09 2.6309E-09 2.8471E-09 3.0671E-09 3.2968E-09 3.5359E-09 3.8194E-09 4.1362E-09 4.5044E-09 4.9283E-09 5.3729E-09 5.8205E-09 6.2525E-09 6.6560E-09 7.0222E-09
0.0000E+00 0.0000E+00 0.0000E+00 0.0000E+00 2.5553E-13 2.7139E-12 9.7750E-12 1.3617E-11 1.5619E-11 1.7824E-11 2.1169E-11 2.6210E-11 3.4081E-11 4.2627E-11 5.1623E-11 6.6189E-11 8.0668E-11 9.7115E-11 1.1599E-10 1.3970E-10 1.6435E-10 2.0139E-10 2.4376E-10 2.8899E-10 3.3359E-10 3.7797E-10 4.4310E-10 5.0520E-10 5.8506E-10 6.6940E-10 7.5565E-10 8.4146E-10 9.3072E-10 1.0324E-09 1.1390E-09 1.2537E-09 1.3778E-09 1.5107E-09 1.6526E-09 1.8071E-09 1.9674E-09 2.1444E-09 2.3251E-09 2.5260E-09 2.7307E-09 2.9595E-09 3.1917E-09 3.4274E-09 3.6690E-09 3.9739E-09 4.3081E-09 4.7099E-09 5.1291E-09 5.5617E-09 5.9902E-09 6.3976E-09 6.7726E-09
0.0000E+00 0.0000E+00 0.0000E+00 0.0000E+00 0.0000E+00 1.6181E-12 8.4284E-12 1.2330E-11 1.4836E-11 1.6928E-11 1.9691E-11 2.4290E-11 3.0875E-11 3.8921E-11 4.7517E-11 5.5488E-11 7.0919E-11 9.0873E-11 1.0881E-10 1.2957E-10 1.5220E-10 1.7871E-10 2.2261E-10 2.6895E-10 3.1272E-10 3.5373E-10 4.0624E-10 4.6346E-10 5.4102E-10 6.2228E-10 7.0721E-10 7.9084E-10 8.8469E-10 9.8266E-10 1.0856E-09 1.1962E-09 1.3162E-09 1.4447E-09 1.5824E-09 1.7323E-09 1.8881E-09 2.0609E-09 2.2372E-09 2.4271E-09 2.6271E-09 2.8442E-09 3.0650E-09 3.3091E-09 3.5467E-09 3.8340E-09 4.1428E-09 4.4949E-09 4.8957E-09 5.3082E-09 5.7261E-09 6.1329E-09 6.5192E-09
0.0000E+00 0.0000E+00 0.0000E+00 0.0000E+00 0.0000E+00 6.2343E-13 7.5121E-12 1.0587E-11 1.4059E-11 1.6039E-11 1.8255E-11 2.2278E-11 2.7458E-11 3.5566E-11 4.3273E-11 5.1269E-11 6.5678E-11 7.7905E-11 1.0162E-10 1.2124E-10 1.4092E-10 1.6587E-10 1.9933E-10 2.4207E-10 2.9072E-10 3.3095E-10 3.7870E-10 4.3380E-10 4.9538E-10 5.7490E-10 6.6140E-10 7.4763E-10 8.3078E-10 9.3298E-10 1.0321E-09 1.1385E-09 1.2542E-09 1.3780E-09 1.5115E-09 1.6566E-09 1.8076E-09 1.9759E-09 2.1473E-09 2.3326E-09 2.5281E-09 2.7341E-09 2.9501E-09 3.1826E-09 3.4153E-09 3.6715E-09 3.9676E-09 4.2945E-09 4.6745E-09 5.0646E-09 5.4689E-09 5.8677E-09 6.2578E-09
0.0000E+00 0.0000E+00 0.0000E+00 0.0000E+00 0.0000E+00 0.0000E+00 6.1098E-12 8.9883E-12 1.3031E-11 1.5160E-11 1.7229E-11 2.0318E-11 2.4430E-11 3.1773E-11 3.9174E-11 4.7164E-11 5.4759E-11 7.2031E-11 8.5053E-11 1.1298E-10 1.3151E-10 1.5264E-10 1.8339E-10 2.2056E-10 2.6219E-10 3.0773E-10 3.5450E-10 4.0467E-10 4.6332E-10 5.2881E-10 6.0979E-10 6.8828E-10 7.7596E-10 8.7569E-10 9.7853E-10 1.0808E-09 1.1920E-09 1.3111E-09 1.4400E-09 1.5801E-09 1.7261E-09 1.8893E-09 2.0556E-09 2.2359E-09 2.4265E-09 2.6276E-09 2.8389E-09 3.0604E-09 3.2885E-09 3.5268E-09 3.7952E-09 4.1037E-09 4.4495E-09 4.8254E-09 5.2109E-09 5.6083E-09 5.9958E-09
0.0000E+00 0.0000E+00 0.0000E+00 0.0000E+00 0.0000E+00 0.0000E+00 4.8037E-12 7.9260E-12 1.1059E-11 1.4244E-11 1.6040E-11 1.8433E-11 2.2381E-11 2.7932E-11 3.5354E-11 4.3158E-11 5.0320E-11 5.8052E-11 7.8404E-11 1.0440E-10 1.2223E-10 1.4203E-10 1.6944E-10 1.9882E-10 2.4009E-10 2.7736E-10 3.2937E-10 3.7836E-10 4.3124E-10 4.9192E-10 5.6257E-10 6.3574E-10 7.2022E-10 8.1761E-10 9.1763E-10 1.0149E-09 1.1297E-09 1.2440E-09 1.3681E-09 1.5029E-09 1.6435E-09 1.8015E-09 1.9624E-09 2.1374E-09 2.3226E-09 2.5184E-09 2.7245E-09 2.9409E-09 3.1641E-09 3.3972E-09 3.6388E-09 3.9240E-09 4.2292E-09 4.5861E-09 4.9565E-09 5.3339E-09 5.7244E-09
0.0000E+00 0.0000E+00 0.0000E+00 0.0000E+00 0.0000E+00 0.0000E+00 3.7124E-12 6.4679E-12 9.1999E-12 1.3072E-11 1.4883E-11 1.6745E-11 2.0182E-11 2.4668E-11 3.1726E-11 3.8804E-11 4.6004E-11 5.3191E-11 7.1976E-11 8.4946E-11 1.1266E-10 1.3159E-10 1.5684E-10 1.8293E-10 2.1381E-10 2.5359E-10 2.9650E-10 3.5054E-10 4.0207E-10 4.5797E-10 5.2213E-10 5.9469E-10 6.6782E-10 7.5884E-10 8.4701E-10 9.5237E-10 1.0598E-09 1.1769E-09 1.2958E-09 1.4251E-09 1.5602E-09 1.7127E-09 1.8680E-09 2.0372E-09 2.2167E-09 2.4067E-09 2.6071E-09 2.8179E-09 3.0357E-09 3.2630E-09 3.4998E-09 3.7571E-09 4.0521E-09 4.3687E-09 4.7193E-09 5.0804E-09 5.4478E-09
0.0000E+00 0.0000E+00 0.0000E+00 0.0000E+00 0.0000E+00 0.0000E+00 3.5467E-12 4.9240E-12 7.7843E-12 1.0749E-11 1.3762E-11 1.5486E-11 1.8097E-11 2.1997E-11 2.7989E-11 3.4673E-11 4.1832E-11 4.8517E-11 5.5906E-11 7.7820E-11 9.1551E-11 1.2091E-10 1.4509E-10 1.6912E-10 1.9758E-10 2.2510E-10 2.7229E-10 3.1627E-10 3.7266E-10 4.2641E-10 4.8497E-10 5.5465E-10 6.2307E-10 7.0194E-10 7.8495E-10 8.8472E-10 9.7988E-10 1.1025E-09 1.2153E-09 1.3472E-09 1.4767E-09 1.6235E-09 1.7727E-09 1.9358E-09 2.1091E-09 2.2929E-09 2.4872E-09 2.6918E-09 2.9038E-09 3.1250E-09 3.3559E-09 3.5958E-09 3.8705E-09 4.1630E-09 4.4969E-09 4.8395E-09 5.1940E-09
0.0000E+00 0.0000E+00 0.0000E+00 0.0000E+00 0.0000E+00 0.0000E+00 3.2742E-12 3.6079E-12 6.1381E-12 8.6662E-12 1.2345E-11 1.4273E-11 1.6045E-11 1.9660E-11 2.4563E-11 3.0833E-11 3.7664E-11 4.4106E-11 5.0951E-11 5.8441E-11 8.3694E-11 9.8074E-11 1.3320E-10 1.5614E-10 1.8143E-10 2.0746E-10 2.4252E-10 2.9087E-10 3.3636E-10 3.9410E-10 4.5089E-10 5.1199E-10 5.7971E-10 6.5310E-10 7.3416E-10 8.1933E-10 9.0867E-10 1.0185E-09 1.1341E-09 1.2619E-09 1.3890E-09 1.5340E-09 1.6768E-09 1.8334E-09 2.0003E-09 2.1777E-09 2.3654E-09 2.5634E-09 2.7688E-09 2.9834E-09 3.2075E-09 3.4418E-09 3.6836E-09 3.9656E-09 4.2741E-09 4.6043E-09 4.9434E-09
0.0000E+00 0.0000E+00 0.0000E+00 0.0000E+00 0.0000E+00 0.0000E+00 2.9779E-12 3.2411E-12 4.4398E-12 7.2143E-12 9.9636E-12 1.3108E-11 1.4739E-11 1.6551E-11 2.1385E-11 2.7394E-11 3.3292E-11 3.9846E-11 4.6263E-11 5.3194E-11 6.0754E-11 8.7169E-11 1.2169E-10 1.4318E-10 1.6714E-10 1.9000E-10 2.2227E-10 2.5811E-10 3.0840E-10 3.5624E-10 4.1560E-10 4.7310E-10 5.3445E-10 6.0944E-10 6.8404E-10 7.6445E-10 8.4875E-10 9.4332E-10 1.0452E-09 1.1673E-09 1.2986E-09 1.4367E-09 1.5765E-09 1.7308E-09 1.8911E-09 2.0616E-09 2.2422E-09 2.4330E-09 2.6315E-09 2.8387E-09 3.0557E-09 3.2831E-09 3.5184E-09 3.7733E-09 4.0607E-09 4.3642E-09 4.6968E-09
0.0000E+00 0.0000E+00 0.0000E+00 0.0000E+00 0.0000E+00 0.0000E+00 2.6949E-12 2.9333E-12 3.2360E-12 5.4561E-12 7.9187E-12 1.1284E-11 1.3491E-11 1.5152E-11 1.6992E-11 2.2969E-11 2.9014E-11 3.5843E-11 4.1671E-11 4.8223E-11 5.5194E-11 7.9113E-11 9.4213E-11 1.3069E-10 1.5306E-10 1.7437E-10 2.0272E-10 2.3626E-10 2.7382E-10 3.2567E-10 3.7553E-10 4.3754E-10 4.9290E-10 5.6159E-10 6.3277E-10 7.1049E-10 7.9342E-10 8.7936E-10 9.7755E-10 1.0818E-09 1.1945E-09 1.3301E-09 1.4643E-09 1.6209E-09 1.7777E-09 1.9451E-09 2.1182E-09 2.3014E-09 2.4923E-09 2.6918E-09 2.9012E-09 3.1208E-09 3.3492E-09 3.5853E-09 3.8534E-09 4.1348E-09 4.4543E-09
0.0000E+00 0.0000E+00 0.0000E+00 0.0000E+00 0.0000E+00 0.0000E+00 2.4260E-12 2.6408E-12 2.8745E-12 3.7489E-12 6.4041E-12 8.8431E-12 1.2092E-11 1.3821E-11 1.5503E-11 1.7362E-11 2.4316E-11 3.0156E-11 3.7383E-11 4.3306E-11 4.9895E-11 5.6913E-11 8.5542E-11 1.0141E-10 1.3956E-10 1.5922E-10 1.8560E-10 2.1512E-10 2.5029E-10 2.8814E-10 3.4151E-10 3.9454E-10 4.5408E-10 5.1627E-10 5.8573E-10 6.5435E-10 7.3592E-10 8.1674E-10 9.0910E-10 1.0092E-09 1.1138E-09 1.2332E-09 1.3581E-09 1.5022E-09 1.6484E-09 1.8209E-09 1.9898E-09 2.1692E-09 2.3520E-09 2.5435E-09 2.7445E-09 2.9559E-09 3.1765E-09 3.4041E-09 3.6417E-09 3.9122E-09 4.2077E-09
0.0000E+00 0.0000E+00 0.0000E+00 0.0000E+00 0.0000E+00 0.0000E+00 2.1720E-12 2.3644E-12 2.5736E-12 2.8044E-12 4.5210E-12 6.9855E-12 9.8615E-12 1.2524E-11 1.4092E-11 1.5785E-11 1.7652E-11 2.4994E-11 3.1167E-11 3.8741E-11 4.4716E-11 5.1288E-11 6.2033E-11 9.2090E-11 1.0851E-10 1.4475E-10 1.6925E-10 1.9656E-10 2.2738E-10 2.6399E-10 3.0405E-10 3.5648E-10 4.0761E-10 4.7237E-10 5.3451E-10 6.0550E-10 6.7863E-10 7.5894E-10 8.4193E-10 9.3802E-10 1.0350E-09 1.1498E-09 1.2659E-09 1.3948E-09 1.5330E-09 1.6789E-09 1.8460E-09 2.0159E-09 2.2035E-09 2.3902E-09 2.5865E-09 2.7893E-09 3.0013E-09 3.2200E-09 3.4493E-09 3.6942E-09 3.9695E-09
0.0000E+00 0.0000E+00 0.0000E+00 0.0000E+00 0.0000E+00 0.0000E+00 1.9337E-12 2.1048E-12 2.2909E-12 2.4933E-12 3.0385E-12 5.3176E-12 7.6112E-12 1.0645E-11 1.2763E-11 1.4299E-11 1.5993E-11 2.2738E-11 2.5567E-11 3.4616E-11 3.9850E-11 4.5873E-11 5.6028E-11 6.7259E-11 9.8524E-11 1.3101E-10 1.5370E-10 1.7897E-10 2.0758E-10 2.3925E-10 2.7721E-10 3.1845E-10 3.6555E-10 4.2507E-10 4.8849E-10 5.5173E-10 6.2173E-10 6.9909E-10 7.7828E-10 8.6741E-10 9.5997E-10 1.0682E-09 1.1755E-09 1.2970E-09 1.4275E-09 1.5672E-09 1.7143E-09 1.8729E-09 2.0369E-09 2.2211E-09 2.4072E-09 2.6044E-09 2.8207E-09 3.0343E-09 3.2545E-09 3.4809E-09 3.7375E-09
0.0000E+00 0.0000E+00 0.0000E+00 0.0000E+00 0.0000E+00 0.0000E+00 0.0000E+00 1.8627E-12 2.0271E-12 2.2058E-12 2.4001E-12 3.4669E-12 5.7958E-12 8.2186E-12 1.1080E-11 1.2906E-11 1.4437E-11 1.6120E-11 2.3183E-11 2.8792E-11 3.5501E-11 4.0727E-11 5.0250E-11 6.0883E-11 8.3975E-11 1.0148E-10 1.3894E-10 1.6231E-10 1.8856E-10 2.1781E-10 2.5035E-10 2.8824E-10 3.2822E-10 3.7839E-10 4.3811E-10 4.9927E-10 5.6634E-10 6.3807E-10 7.1722E-10 7.9913E-10 8.8715E-10 9.8691E-10 1.0889E-09 1.2031E-09 1.3240E-09 1.4556E-09 1.5962E-09 1.7443E-09 1.9012E-09 2.0666E-09 2.2387E-09 2.4234E-09 2.6153E-09 2.8276E-09 3.0372E-09 3.2621E-09 3.4997E-09
0.0000E+00 0.0000E+00 0.0000E+00 0.0000E+00 0.0000E+00 0.0000E+00 0.0000E+00 0.0000E+00 0.0000E+00 0.0000E+00 2.1095E-12 2.3928E-12 3.9503E-12 6.2292E-12 8.8017E-12 1.1348E-11 1.2984E-11 1.4500E-11 1.6164E-11 2.3520E-11 2.9291E-11 3.6196E-11 4.4762E-11 5.4686E-11 6.5690E-11 9.1554E-11 1.0802E-10 1.4658E-10 1.7051E-10 1.9740E-10 2.2732E-10 2.6118E-10 2.9608E-10 3.4130E-10 3.8897E-10 4.4833E-10 5.0692E-10 5.8213E-10 6.5295E-10 7.3484E-10 8.1515E-10 9.0978E-10 1.0050E-09 1.1101E-09 1.2250E-09 1.3486E-09 1.4790E-09 1.6202E-09 1.7681E-09 1.9222E-09 2.0868E-09 2.2596E-09 2.4435E-09 2.6316E-09 2.8331E-09 3.0386E-09 3.2557E-09
0.0000E+00 0.0000E+00 0.0000E+00 0.0000E+00 0.0000E+00 0.0000E+00 0.0000E+00 0.0000E+00 0.0000E+00 0.0000E+00 0.0000E+00 0.0000E+00 3.6089E-13 4.4114E-12 6.6072E-12 9.1828E-12 1.1453E-11 1.2995E-11 1.4488E-11 1.6121E-11 2.3741E-11 2.9646E-11 3.9939E-11 4.8870E-11 5.9044E-11 6.7298E-11 9.7387E-11 1.1410E-10 1.5349E-10 1.7799E-10 2.0570E-10 2.3664E-10 2.6751E-10 3.0681E-10 3.4914E-10 3.9729E-10 4.5654E-10 5.1760E-10 5.9426E-10 6.6929E-10 7.4616E-10 8.3582E-10 9.2270E-10 1.0222E-09 1.1295E-09 1.2434E-09 1.3672E-09 1.4996E-09 1.6365E-09 1.7830E-09 1.9379E-09 2.1008E-09 2.2724E-09 2.4524E-09 2.6411E-09 2.8381E-09 3.0445E-09
0.0000E+00 0.0000E+00 0.0000E+00 0.0000E+00 0.0000E+00 0.0000E+00 0.0000E+00 0.0000E+00 0.0000E+00 0.0000E+00 0.0000E+00 0.0000E+00 0.0000E+00 6.7765E-13 2.4453E-12 4.5030E-12 9.4301E-12 1.1476E-11 1.2939E-11 1.4399E-11 1.5992E-11 2.3842E-11 3.2974E-11 4.3731E-11 5.2922E-11 6.0234E-11 7.2058E-11 1.0263E-10 1.3022E-10 1.6000E-10 1.8543E-10 2.1364E-10 2.4173E-10 2.7684E-10 3.1240E-10 3.5758E-10 4.0475E-10 4.6017E-10 5.2763E-10 6.0602E-10 6.7657E-10 7.6392E-10 8.4572E-10 9.3819E-10 1.0364E-09 1.1441E-09 1.2596E-09 1.3814E-09 1.5108E-09 1.6478E-09 1.7912E-09 1.9458E-09 2.1072E-09 2.2765E-09 2.4546E-09 2.6385E-09 2.8353E-09
0.0000E+00 0.0000E+00 0.0000E+00 0.0000E+00 0.0000E+00 0.0000E+00 0.0000E+00 0.0000E+00 0.0000E+00 0.0000E+00 0.0000E+00 0.0000E+00 0.0000E+00 5.9289E-14 1.0321E-12 2.7812E-12 4.9120E-12 7.0213E-12 8.7722E-12 1.2815E-11 1.4234E-11 1.5777E-11 2.6809E-11 3.6367E-11 4.7412E-11 5.3792E-11 6.4313E-11 8.5069E-11 1.0753E-10 1.4129E-10 1.6575E-10 1.9210E-10 2.1747E-10 2.5006E-10 2.8257E-10 3.1923E-10 3.6456E-10 4.1222E-10 4.6828E-10 5.3850E-10 6.0649E-10 6.9347E-10 7.7284E-10 8.5682E-10 9.4932E-10 1.0492E-09 1.1564E-09 1.2696E-09 1.3898E-09 1.5156E-09 1.6513E-09 1.7942E-09 1.9466E-09 2.1037E-09 2.2722E-09 2.4448E-09 2.6279E-09
0.0000E+00 0.0000E+00 0.0000E+00 0.0000E+00 0.0000E+00 0.0000E+00 0.0000E+00 0.0000E+00 0.0000E+00 0.0000E+00 0.0000E+00 0.0000E+00 0.0000E+00 0.0000E+00 1.8394E-13 1.3669E-12 3.0463E-12 5.2208E-12 7.1445E-12 8.8371E-12 9.9976E-12 1.1155E-11 2.4094E-11 2.9734E-11 3.9518E-11 4.8002E-11 5.7692E-11 6.8487E-11 9.4247E-11 1.1220E-10 1.4588E-10 1.7154E-10 1.9541E-10 2.2542E-10 2.5466E-10 2.8803E-10 3.2550E-10 3.6966E-10 4.1891E-10 4.7844E-10 5.3866E-10 6.1917E-10 6.9824E-10 7.7986E-10 8.6693E-10 9.5769E-10 1.0566E-09 1.1631E-09 1.2740E-09 1.3908E-09 1.5171E-09 1.6500E-09 1.7918E-09 1.9381E-09 2.0952E-09 2.2562E-09 2.4270E-09
0.0000E+00 0.0000E+00 0.0000E+00 0.0000E+00 0.0000E+00 0.0000E+00 0.0000E+00 0.0000E+00 0.0000E+00 0.0000E+00 0.0000E+00 0.0000E+00 0.0000E+00 0.0000E+00 0.0000E+00 2.9699E-13 1.5841E-12 3.2364E-12 5.3986E-12 7.1785E-12 8.8248E-12 9.9864E-12 1.3824E-11 2.1040E-11 2.9540E-11 4.0020E-11 5.1664E-11 6.1585E-11 7.2620E-11 9.7826E-11 1.1663E-10 1.5090E-10 1.7462E-10 2.0251E-10 2.2915E-10 2.5922E-10 2.9317E-10 3.3060E-10 3.7512E-10 4.2719E-10 4.8199E-10 5.4726E-10 6.2210E-10 6.9866E-10 7.8718E-10 8.7058E-10 9.6348E-10 1.0604E-09 1.1626E-09 1.2721E-09 1.3872E-09 1.5121E-09 1.6413E-09 1.7789E-09 1.9226E-09 2.0737E-09 2.2324E-09
0.0000E+00 0.0000E+00 0.0000E+00 0.0000E+00 0.0000E+00 0.0000E+00 0.0000E+00 0.0000E+00 0.0000E+00 0.0000E+00 0.0000E+00 0.0000E+00 0.0000E+00 0.0000E+00 0.0000E+00 0.0000E+00 4.4619E-13 1.6894E-12 3.3425E-12 5.4359E-12 7.1213E-12 8.7353E-12 1.2492E-11 1.6532E-11 2.4125E-11 3.0407E-11 4.0544E-11 5.2238E-11 6.1949E-11 7.6786E-11 1.0152E-10 1.2537E-10 1.5345E-10 1.8122E-10 2.0580E-10 2.3240E-10 2.6326E-10 2.9741E-10 3.3582E-10 3.7992E-10 4.3101E-10 4.9139E-10 5.5035E-10 6.2059E-10 7.0455E-10 7.8459E-10 8.7462E-10 9.6329E-10 1.0582E-09 1.1575E-09 1.2648E-09 1.3802E-09 1.4993E-09 1.6268E-09 1.7588E-09 1.8984E-09 2.0454E-09
