Assets/Resources/2015_m01_d21_0200(utc+0800)_l00_csi_1hr_conc.grd
DSAA
         159         159
     -79.000      79.000
     -79.000      79.000
  0.6771E-09  0.2735E-04
[rows 0 to 24 of 159, columns 0 to 56 of 159]
1.1967E-09 1.2118E-09 1.2376E-09 1.2503E-09 1.2614E-09 1.2754E-09 1.2908E-09 1.3037E-09 1.3165E-09 1.3275E-09 1.3438E-09 1.3547E-09 1.3656E-09 1.3763E-09 1.3868E-09 1.3989E-09 1.4092E-09 1.4211E-09 1.4311E-09 1.4410E-09 1.4508E-09 1.4603E-09 1.4697E-09 1.4789E-09 1.4900E-09 1.5006E-09 1.5092E-09 1.5177E-09 1.5259E-09 1.5340E-09 1.5418E-09 1.5493E-09 1.5567E-09 1.5638E-09 1.5710E-09 1.5756E-09 1.5821E-09 1.5883E-09 1.5943E-09 1.6001E-09 1.6040E-09 1.6092E-09 1.6142E-09 1.6174E-09 1.6202E-09 1.6227E-09 1.6242E-09 1.6282E-09 1.6320E-09 1.6327E-09 1.6341E-09 1.6344E-09 1.6374E-09 1.6401E-09 1.6425E-09 1.6447E-09 1.6465E-09
1.2248E-09 1.2460E-09 1.2577E-09 1.2738E-09 1.2887E-09 1.3020E-09 1.3157E-09 1.3272E-09 1.3404E-09 1.3534E-09 1.3648E-09 1.3761E-09 1.3872E-09 1.3982E-09 1.4123E-09 1.4231E-09 1.4359E-09 1.4464E-09 1.4568E-09 1.4670E-09 1.4770E-09 1.4868E-09 1.4983E-09 1.5078E-09 1.5171E-09 1.5262E-09 1.5350E-09 1.5437E-09 1.5521E-09 1.5604E-09 1.5702E-09 1.5780E-09 1.5856E-09 1.5929E-09 1.6000E-09 1.6053E-09 1.6119E-09 1.6182E-09 1.6272E-09 1.6331E-09 1.6387E-09 1.6424E-09 1.6476E-09 1.6504E-09 1.6550E-09 1.6577E-09 1.6619E-09 1.6640E-09 1.6659E-09 1.6647E-09 1.6652E-09 1.6683E-09 1.6684E-09 1.6691E-09 1.6687E-09 1.6710E-09 1.6729E-09
1.2564E-09 1.2685E-09 1.2838E-09 1.2980E-09 1.3117E-09 1.3238E-09 1.3375E-09 1.3494E-09 1.3629E-09 1.3747E-09 1.3864E-09 1.4000E-09 1.4133E-09 1.4262E-09 1.4375E-09 1.4487E-09 1.4596E-09 1.4705E-09 1.4811E-09 1.4916E-09 1.5037E-09 1.5139E-09 1.5238E-09 1.5336E-09 1.5453E-09 1.5546E-09 1.5637E-09 1.5745E-09 1.5833E-09 1.5917E-09 1.6000E-09 1.6079E-09 1.6157E-09 1.6232E-09 1.6333E-09 1.6403E-09 1.6456E-09 1.6499E-09 1.6562E-09 1.6622E-09 1.6679E-09 1.6733E-09 1.6799E-09 1.6849E-09 1.6896E-09 1.6940E-09 1.6965E-09 1.6983E-09 1.7020E-09 1.7037E-09 1.7052E-09 1.7063E-09 1.7043E-09 1.7042E-09 1.7037E-09 1.7039E-09 1.7030E-09
1.2783E-09 1.2925E-09 1.3051E-09 1.3192E-09 1.3334E-09 1.3458E-09 1.3582E-09 1.3742E-09 1.3865E-09 1.3987E-09 1.4125E-09 1.4245E-09 1.4364E-09 1.4497E-09 1.4613E-09 1.4728E-09 1.4841E-09 1.4992E-09 1.5102E-09 1.5211E-09 1.5318E-09 1.5422E-09 1.5525E-09 1.5625E-09 1.5743E-09 1.5839E-09 1.5933E-09 1.6025E-09 1.6114E-09 1.6201E-09 1.6315E-09 1.6397E-09 1.6477E-09 1.6554E-09 1.6628E-09 1.6700E-09 1.6784E-09 1.6850E-09 1.6914E-09 1.6975E-09 1.7034E-09 1.7089E-09 1.7147E-09 1.7197E-09 1.7244E-09 1.7267E-09 1.7294E-09 1.7333E-09 1.7369E-09 1.7387E-09 1.7418E-09 1.7425E-09 1.7435E-09 1.7442E-09 1.7445E-09 1.7390E-09 1.7408E-09
1.2989E-09 1.3119E-09 1.3249E-09 1.3410E-09 1.3561E-09 1.3690E-09 1.3818E-09 1.3961E-09 1.4105E-09 1.4231E-09 1.4356E-09 1.4480E-09 1.4624E-09 1.4746E-09 1.4866E-09 1.5017E-09 1.5135E-09 1.5250E-09 1.5364E-09 1.5476E-09 1.5585E-09 1.5712E-09 1.5818E-09 1.5921E-09 1.6023E-09 1.6122E-09 1.6248E-09 1.6365E-09 1.6457E-09 1.6547E-09 1.6634E-09 1.6748E-09 1.6830E-09 1.6909E-09 1.6986E-09 1.7080E-09 1.7136E-09 1.7198E-09 1.7264E-09 1.7347E-09 1.7422E-09 1.7479E-09 1.7518E-09 1.7585E-09 1.7633E-09 1.7699E-09 1.7725E-09 1.7765E-09 1.7801E-09 1.7813E-09 1.7828E-09 1.7856E-09 1.7881E-09 1.7855E-09 1.7838E-09 1.7840E-09 1.7838E-09
1.3185E-09 1.3335E-09 1.3491E-09 1.3641E-09 1.3775E-09 1.3908E-09 1.4057E-09 1.4189E-09 1.4335E-09 1.4487E-09 1.4617E-09 1.4745E-09 1.4872E-09 1.5015E-09 1.5139E-09 1.5262E-09 1.5397E-09 1.5516E-09 1.5652E-09 1.5790E-09 1.5904E-09 1.6015E-09 1.6125E-09 1.6261E-09 1.6366E-09 1.6469E-09 1.6569E-09 1.6696E-09 1.6808E-09 1.6901E-09 1.7007E-09 1.7114E-09 1.7199E-09 1.7317E-09 1.7397E-09 1.7479E-09 1.7584E-09 1.7655E-09 1.7723E-09 1.7787E-09 1.7848E-09 1.7906E-09 1.7946E-09 1.7997E-09 1.8046E-09 1.8069E-09 1.8112E-09 1.8136E-09 1.8172E-09 1.8206E-09 1.8204E-09 1.8231E-09 1.8255E-09 1.8240E-09 1.8259E-09 1.8258E-09 1.8271E-09
1.3424E-09 1.3564E-09 1.3703E-09 1.3841E-09 1.3994E-09 1.4149E-09 1.4308E-09 1.4445E-09 1.4581E-09 1.4730E-09 1.4864E-09 1.5014E-09 1.5146E-09 1.5275E-09 1.5403E-09 1.5552E-09 1.5696E-09 1.5835E-09 1.5956E-09 1.6076E-09 1.6222E-09 1.6338E-09 1.6451E-09 1.6578E-09 1.6717E-09 1.6839E-09 1.6943E-09 1.7097E-09 1.7217E-09 1.7329E-09 1.7444E-09 1.7535E-09 1.7623E-09 1.7708E-09 1.7790E-09 1.7854E-09 1.7929E-09 1.8002E-09 1.8070E-09 1.8136E-09 1.8198E-09 1.8257E-09 1.8298E-09 1.8350E-09 1.8399E-09 1.8444E-09 1.8487E-09 1.8511E-09 1.8547E-09 1.8579E-09 1.8572E-09 1.8599E-09 1.8622E-09 1.8628E-09 1.8645E-09 1.8659E-09 1.8634E-09
1.3633E-09 1.3777E-09 1.3920E-09 1.4102E-09 1.4246E-09 1.4404E-09 1.4546E-09 1.4687E-09 1.4827E-09 1.4985E-09 1.5137E-09 1.5297E-09 1.5433E-09 1.5568E-09 1.5720E-09 1.5851E-09 1.5981E-09 1.6152E-09 1.6278E-09 1.6418E-09 1.6540E-09 1.6706E-09 1.6856E-09 1.7016E-09 1.7150E-09 1.7298E-09 1.7408E-09 1.7514E-09 1.7618E-09 1.7718E-09 1.7815E-09 1.7908E-09 1.7999E-09 1.8103E-09 1.8187E-09 1.8267E-09 1.8344E-09 1.8403E-09 1.8473E-09 1.8539E-09 1.8602E-09 1.8661E-09 1.8717E-09 1.8755E-09 1.8804E-09 1.8827E-09 1.8869E-09 1.8894E-09 1.8929E-09 1.8962E-09 1.8959E-09 1.8985E-09 1.9007E-09 1.9011E-09 1.9006E-09 1.9019E-09 1.9015E-09
1.3833E-09 1.4035E-09 1.4185E-09 1.4334E-09 1.4482E-09 1.4644E-09 1.4791E-09 1.4955E-09 1.5123E-09 1.5268E-09 1.5426E-09 1.5568E-09 1.5728E-09 1.5868E-09 1.6006E-09 1.6187E-09 1.6336E-09 1.6502E-09 1.6686E-09 1.6833E-09 1.6981E-09 1.7144E-09 1.7303E-09 1.7424E-09 1.7543E-09 1.7677E-09 1.7790E-09 1.7899E-09 1.8006E-09 1.8109E-09 1.8244E-09 1.8341E-09 1.8434E-09 1.8523E-09 1.8613E-09 1.8695E-09 1.8773E-09 1.8848E-09 1.8919E-09 1.8972E-09 1.9035E-09 1.9059E-09 1.9116E-09 1.9168E-09 1.9203E-09 1.9231E-09 1.9273E-09 1.9297E-09 1.9332E-09 1.9364E-09 1.9369E-09 1.9379E-09 1.9401E-09 1.9419E-09 1.9419E-09 1.9431E-09 1.9425E-09
1.4095E-09 1.4249E-09 1.4418E-09 1.4572E-09 1.4725E-09 1.4933E-09 1.5086E-09 1.5238E-09 1.5389E-09 1.5558E-09 1.5721E-09 1.5869E-09 1.6031E-09 1.6219E-09 1.6420E-09 1.6579E-09 1.6764E-09 1.6940E-09 1.7120E-09 1.7275E-09 1.7423E-09 1.7555E-09 1.7684E-09 1.7847E-09 1.7988E-09 1.8109E-09 1.8226E-09 1.8357E-09 1.8468E-09 1.8574E-09 1.8715E-09 1.8814E-09 1.8910E-09 1.9002E-09 1.9090E-09 1.9174E-09 1.9254E-09 1.9316E-09 1.9388E-09 1.9456E-09 1.9520E-09 1.9566E-09 1.9622E-09 1.9660E-09 1.9671E-09 1.9702E-09 1.9743E-09 1.9780E-09 1.9745E-09 1.9776E-09 1.9803E-09 1.9812E-09 1.9832E-09 1.9849E-09 1.9807E-09 1.9818E-09 1.9810E-09
1.4325E-09 1.4485E-09 1.4659E-09 1.4859E-09 1.5019E-09 1.5193E-09 1.5351E-09 1.5509E-09 1.5698E-09 1.5870E-09 1.6039E-09 1.6279E-09 1.6449E-09 1.6645E-09 1.6833E-09 1.7042E-09 1.7193E-09 1.7353E-09 1.7535E-09 1.7696E-09 1.7854E-09 1.7993E-09 1.8145E-09 1.8314E-09 1.8444E-09 1.8587E-09 1.8710E-09 1.8840E-09 1.8994E-09 1.9105E-09 1.9212E-09 1.9355E-09 1.9442E-09 1.9537E-09 1.9627E-09 1.9714E-09 1.9816E-09 1.9893E-09 1.9966E-09 2.0035E-09 2.0099E-09 2.0146E-09 2.0202E-09 2.0235E-09 2.0281E-09 2.0310E-09 2.0349E-09 2.0369E-09 2.0385E-09 2.0392E-09 2.0307E-09 2.0290E-09 2.0294E-09 2.0272E-09 2.0269E-09 2.0260E-09 2.0264E-09
1.4563E-09 1.4765E-09 1.4950E-09 1.5117E-09 1.5296E-09 1.5475E-09 1.5675E-09 1.5852E-09 1.6102E-09 1.6267E-09 1.6446E-09 1.6652E-09 1.6888E-09 1.7070E-09 1.7284E-09 1.7474E-09 1.7650E-09 1.7823E-09 1.7976E-09 1.8163E-09 1.8329E-09 1.8474E-09 1.8628E-09 1.8804E-09 1.8958E-09 1.9128E-09 1.9256E-09 1.9381E-09 1.9501E-09 1.9636E-09 1.9748E-09 1.9855E-09 1.9958E-09 2.0056E-09 2.0169E-09 2.0258E-09 2.0342E-09 2.0421E-09 2.0465E-09 2.0535E-09 2.0600E-09 2.0680E-09 2.0736E-09 2.0786E-09 2.0820E-09 2.0843E-09 2.0880E-09 2.0912E-09 2.0927E-09 2.0951E-09 2.0957E-09 2.0941E-09 2.0919E-09 2.0926E-09 2.0896E-09 2.0791E-09 2.0698E-09
1.4865E-09 1.5038E-09 1.5225E-09 1.5410E-09 1.5618E-09 1.5831E-09 1.6033E-09 1.6252E-09 1.6425E-09 1.6661E-09 1.6907E-09 1.7169E-09 1.7361E-09 1.7532E-09 1.7732E-09 1.7917E-09 1.8121E-09 1.8284E-09 1.8444E-09 1.8640E-09 1.8795E-09 1.8986E-09 1.9135E-09 1.9280E-09 1.9422E-09 1.9579E-09 1.9712E-09 1.9842E-09 1.9966E-09 2.0106E-09 2.0222E-09 2.0333E-09 2.0439E-09 2.0560E-09 2.0657E-09 2.0748E-09 2.0834E-09 2.0915E-09 2.0991E-09 2.1083E-09 2.1149E-09 2.1209E-09 2.1265E-09 2.1315E-09 2.1361E-09 2.1401E-09 2.1446E-09 2.1459E-09 2.1485E-09 2.1506E-09 2.1510E-09 2.1523E-09 2.1500E-09 2.1504E-09 2.1490E-09 2.1452E-09 2.1412E-09
1.5136E-09 1.5316E-09 1.5543E-09 1.5780E-09 1.5963E-09 1.6202E-09 1.6402E-09 1.6665E-09 1.6947E-09 1.7199E-09 1.7402E-09 1.7585E-09 1.7767E-09 1.7984E-09 1.8162E-09 1.8337E-09 1.8549E-09 1.8720E-09 1.8927E-09 1.9094E-09 1.9256E-09 1.9435E-09 1.9591E-09 1.9742E-09 1.9889E-09 2.0052E-09 2.0191E-09 2.0325E-09 2.0455E-09 2.0600E-09 2.0720E-09 2.0835E-09 2.0944E-09 2.1069E-09 2.1169E-09 2.1263E-09 2.1351E-09 2.1434E-09 2.1534E-09 2.1606E-09 2.1673E-09 2.1735E-09 2.1791E-09 2.1863E-09 2.1909E-09 2.1949E-09 2.1984E-09 2.2013E-09 2.2037E-09 2.2057E-09 2.2071E-09 2.2068E-09 2.2055E-09 2.2055E-09 2.2039E-09 2.2031E-09 2.1987E-09
1.5436E-09 1.5683E-09 1.5886E-09 1.6139E-09 1.6366E-09 1.6691E-09 1.6945E-09 1.7179E-09 1.7375E-09 1.7569E-09 1.7799E-09 1.7991E-09 1.8182E-09 1.8408E-09 1.8595E-09 1.8779E-09 1.9001E-09 1.9181E-09 1.9357E-09 1.9551E-09 1.9721E-09 1.9886E-09 2.0068E-09 2.0227E-09 2.0380E-09 2.0529E-09 2.0694E-09 2.0834E-09 2.0968E-09 2.1097E-09 2.1243E-09 2.1362E-09 2.1475E-09 2.1583E-09 2.1707E-09 2.1804E-09 2.1895E-09 2.1981E-09 2.2082E-09 2.2156E-09 2.2225E-09 2.2287E-09 2.2343E-09 2.2394E-09 2.2462E-09 2.2502E-09 2.2536E-09 2.2564E-09 2.2587E-09 2.2605E-09 2.2617E-09 2.2624E-09 2.2626E-09 2.2623E-09 2.2615E-09 2.2590E-09 2.2555E-09
1.5777E-09 1.6068E-09 1.6374E-09 1.6629E-09 1.6911E-09 1.7118E-09 1.7325E-09 1.7530E-09 1.7772E-09 1.7976E-09 1.8178E-09 1.8418E-09 1.8618E-09 1.8854E-09 1.9051E-09 1.9245E-09 1.9456E-09 1.9644E-09 1.9829E-09 2.0030E-09 2.0208E-09 2.0381E-09 2.0550E-09 2.0735E-09 2.0896E-09 2.1051E-09 2.1201E-09 2.1368E-09 2.1508E-09 2.1642E-09 2.1793E-09 2.1916E-09 2.2034E-09 2.2146E-09 2.2273E-09 2.2374E-09 2.2468E-09 2.2555E-09 2.2637E-09 2.2735E-09 2.2804E-09 2.2867E-09 2.2925E-09 2.2975E-09 2.3020E-09 2.3059E-09 2.3092E-09 2.3118E-09 2.3139E-09 2.3155E-09 2.3165E-09 2.3193E-09 2.3192E-09 2.3186E-09 2.3175E-09 2.3159E-09 2.3138E-09
1.6264E-09 1.6527E-09 1.6818E-09 1.7035E-09 1.7251E-09 1.7467E-09 1.7720E-09 1.7936E-09 1.8150E-09 1.8402E-09 1.8615E-09 1.8866E-09 1.9076E-09 1.9284E-09 1.9510E-09 1.9713E-09 1.9913E-09 2.0130E-09 2.0323E-09 2.0513E-09 2.0718E-09 2.0900E-09 2.1077E-09 2.1249E-09 2.1437E-09 2.1599E-09 2.1756E-09 2.1929E-09 2.2075E-09 2.2215E-09 2.2349E-09 2.2499E-09 2.2622E-09 2.2737E-09 2.2847E-09 2.2972E-09 2.3069E-09 2.3159E-09 2.3243E-09 2.3320E-09 2.3390E-09 2.3454E-09 2.3510E-09 2.3561E-09 2.3605E-09 2.3666E-09 2.3698E-09 2.3724E-09 2.3743E-09 2.3757E-09 2.3764E-09 2.3766E-09 2.3762E-09 2.3752E-09 2.3737E-09 2.3717E-09 2.3692E-09
1.6666E-09 1.6928E-09 1.7154E-09 1.7380E-09 1.7644E-09 1.7871E-09 1.8097E-09 1.8361E-09 1.8587E-09 1.8851E-09 1.9075E-09 1.9297E-09 1.9538E-09 1.9756E-09 1.9971E-09 2.0204E-09 2.0413E-09 2.0619E-09 2.0842E-09 2.1041E-09 2.1235E-09 2.1445E-09 2.1630E-09 2.1810E-09 2.1985E-09 2.2175E-09 2.2339E-09 2.2497E-09 2.2671E-09 2.2817E-09 2.2957E-09 2.3090E-09 2.3239E-09 2.3359E-09 2.3473E-09 2.3579E-09 2.3679E-09 2.3771E-09 2.3856E-09 2.3934E-09 2.4004E-09 2.4092E-09 2.4150E-09 2.4232E-09 2.4276E-09 2.4314E-09 2.4345E-09 2.4369E-09 2.4386E-09 2.4397E-09 2.4402E-09 2.4400E-09 2.4357E-09 2.4343E-09 2.4324E-09 2.4332E-09 2.4302E-09
1.7033E-09 1.7269E-09 1.7542E-09 1.7780E-09 1.8017E-09 1.8293E-09 1.8531E-09 1.8807E-09 1.9045E-09 1.9282E-09 1.9536E-09 1.9770E-09 2.0001E-09 2.0249E-09 2.0475E-09 2.0698E-09 2.0938E-09 2.1154E-09 2.1366E-09 2.1594E-09 2.1798E-09 2.1996E-09 2.2190E-09 2.2400E-09 2.2583E-09 2.2759E-09 2.2952E-09 2.3118E-09 2.3294E-09 2.3447E-09 2.3616E-09 2.3756E-09 2.3889E-09 2.4015E-09 2.4133E-09 2.4243E-09 2.4346E-09 2.4441E-09 2.4553E-09 2.4634E-09 2.4708E-09 2.4774E-09 2.4832E-09 2.4883E-09 2.4926E-09 2.4962E-09 2.4991E-09 2.5013E-09 2.5028E-09 2.5036E-09 2.5038E-09 2.5032E-09 2.5053E-09 2.5035E-09 2.5048E-09 2.5020E-09 2.4986E-09
1.7377E-09 1.7662E-09 1.7910E-09 1.8196E-09 1.8447E-09 1.8735E-09 1.8986E-09 1.9236E-09 1.9505E-09 1.9753E-09 2.0000E-09 2.0264E-09 2.0507E-09 2.0746E-09 2.1003E-09 2.1237E-09 2.1467E-09 2.1714E-09 2.1937E-09 2.2155E-09 2.2367E-09 2.2597E-09 2.2800E-09 2.2997E-09 2.3226E-09 2.3413E-09 2.3593E-09 2.3766E-09 2.3956E-09 2.4116E-09 2.4269E-09 2.4414E-09 2.4551E-09 2.4681E-09 2.4802E-09 2.4940E-09 2.5047E-09 2.5145E-09 2.5236E-09 2.5318E-09 2.5392E-09 2.5458E-09 2.5516E-09 2.5566E-09 2.5608E-09 2.5643E-09 2.5670E-09 2.5689E-09 2.5738E-09 2.5743E-09 2.5779E-09 2.5771E-09 2.5755E-09 2.5771E-09 2.5745E-09 2.5712E-09 2.5673E-09
1.7776E-09 1.8034E-09 1.8333E-09 1.8595E-09 1.8897E-09 1.9160E-09 1.9442E-09 1.9705E-09 1.9966E-09 2.0246E-09 2.0505E-09 2.0762E-09 2.1015E-09 2.1288E-09 2.1537E-09 2.1781E-09 2.2044E-09 2.2282E-09 2.2515E-09 2.2765E-09 2.2989E-09 2.3207E-09 2.3457E-09 2.3665E-09 2.3866E-09 2.4084E-09 2.4273E-09 2.4455E-09 2.4629E-09 2.4795E-09 2.4954E-09 2.5104E-09 2.5246E-09 2.5405E-09 2.5532E-09 2.5650E-09 2.5759E-09 2.5860E-09 2.5952E-09 2.6036E-09 2.6111E-09 2.6177E-09 2.6271E-09 2.6322E-09 2.6401E-09 2.6435E-09 2.6461E-09 2.6517E-09 2.6528E-09 2.6571E-09 2.6568E-09 2.6517E-09 2.6497E-09 2.6512E-09 2.6482E-09 2.6444E-09 2.6401E-09
1.8191E-09 1.8464E-09 1.8776E-09 1.9052E-09 1.9328E-09 1.9624E-09 1.9900E-09 2.0175E-09 2.0469E-09 2.0743E-09 2.1014E-09 2.1304E-09 2.1571E-09 2.1835E-09 2.2117E-09 2.2374E-09 2.2628E-09 2.2899E-09 2.3144E-09 2.3384E-09 2.3655E-09 2.3886E-09 2.4110E-09 2.4328E-09 2.4562E-09 2.4767E-09 2.4964E-09 2.5154E-09 2.5335E-09 2.5509E-09 2.5673E-09 2.5855E-09 2.6003E-09 2.6143E-09 2.6274E-09 2.6396E-09 2.6508E-09 2.6612E-09 2.6740E-09 2.6827E-09 2.6939E-09 2.7009E-09 2.7069E-09 2.7158E-09 2.7202E-09 2.7236E-09 2.7300E-09 2.7319E-09 2.7329E-09 2.7371E-09 2.7366E-09 2.7352E-09 2.7328E-09 2.7296E-09 2.7216E-09 2.7217E-09 2.7169E-09
1.8587E-09 1.8912E-09 1.9201E-09 1.9509E-09 1.9799E-09 2.0089E-09 2.0398E-09 2.0687E-09 2.0975E-09 2.1282E-09 2.1567E-09 2.1850E-09 2.2151E-09 2.2429E-09 2.2704E-09 2.2995E-09 2.3262E-09 2.3525E-09 2.3803E-09 2.4071E-09 2.4319E-09 2.4561E-09 2.4819E-09 2.5048E-09 2.5270E-09 2.5485E-09 2.5691E-09 2.5888E-09 2.6078E-09 2.6283E-09 2.6456E-09 2.6620E-09 2.6774E-09 2.6919E-09 2.7086E-09 2.7213E-09 2.7331E-09 2.7472E-09 2.7572E-09 2.7696E-09 2.7778E-09 2.7850E-09 2.7948E-09 2.8003E-09 2.8049E-09 2.8121E-09 2.8148E-09 2.8166E-09 2.8175E-09 2.8175E-09 2.8166E-09 2.8190E-09 2.8163E-09 2.8127E-09 2.8086E-09 2.8036E-09 2.7979E-09
1.9040E-09 1.9341E-09 1.9663E-09 1.9967E-09 2.0270E-09 2.0595E-09 2.0899E-09 2.1202E-09 2.1525E-09 2.1827E-09 2.2126E-09 2.2444E-09 2.2739E-09 2.3031E-09 2.3341E-09 2.3625E-09 2.3905E-09 2.4218E-09 2.4490E-09 2.4756E-09 2.5039E-09 2.5294E-09 2.5541E-09 2.5781E-09 2.6014E-09 2.6238E-09 2.6453E-09 2.6684E-09 2.6883E-09 2.7073E-09 2.7281E-09 2.7453E-09 2.7615E-09 2.7797E-09 2.7941E-09 2.8075E-09 2.8230E-09 2.8345E-09 2.8481E-09 2.8577E-09 2.8663E-09 2.8738E-09 2.8838E-09 2.8895E-09 2.8942E-09 2.8978E-09 2.9003E-09 2.9058E-09 2.9066E-09 2.9064E-09 2.9054E-09 2.9033E-09 2.9001E-09 2.9005E-09 2.8959E-09 2.8905E-09 2.8843E-09
1.9473E-09 1.9809E-09 2.0126E-09 2.0444E-09 2.0784E-09 2.1103E-09 2.1422E-09 2.1762E-09 2.2079E-09 2.2416E-09 2.2732E-09 2.3044E-09 2.3375E-09 2.3683E-09 2.3986E-09 2.4307E-09 2.4618E-09 2.4909E-09 2.5195E-09 2.5498E-09 2.5772E-09 2.6039E-09 2.6299E-09 2.6550E-09 2.6794E-09 2.7052E-09 2.7279E-09 2.7522E-09 2.7732E-09 2.7957E-09 2.8149E-09 2.8330E-09 2.8528E-09 2.8690E-09 2.8869E-09 2.9012E-09 2.9143E-09 2.9264E-09 2.9404E-09 2.9505E-09 2.9595E-09 2.9674E-09 2.9742E-09 2.9834E-09 2.9882E-09 2.9919E-09 2.9945E-09 2.9960E-09 2.9965E-09 3.0002E-09 2.9989E-09 2.9967E-09 2.9931E-09 2.9886E-09 2.9834E-09 2.9773E-09 2.9703E-09
