Assets/Resources/2015_m01_d10_0400(utc+0800)_l00_csi_1hr_conc.grd
DSAA
         159         159
     -79.000      79.000
     -79.000      79.000
  0.2128E-08  0.9224E-05
[rows 50 to 74 of 159, columns 0 to 56 of 159]
6.1203E-09 6.3245E-09 6.5461E-09 6.7650E-09 7.0019E-09 7.2362E-09 7.4895E-09 7.7508E-09 8.0104E-09 8.2892E-09 8.5661E-09 8.8670E-09 9.1626E-09 9.4828E-09 9.7978E-09 1.0138E-08 1.0523E-08 1.0874E-08 1.1236E-08 1.1609E-08 1.1992E-08 1.2405E-08 1.2831E-08 1.3253E-08 1.3758E-08 1.4217E-08 1.4690E-08 1.5177E-08 1.5679E-08 1.6278E-08 1.6827E-08 1.7394E-08 1.7980E-08 1.8586E-08 1.9213E-08 1.9873E-08 2.0546E-08 2.1257E-08 2.1995E-08 2.2747E-08 2.3543E-08 2.4368E-08 2.5214E-08 2.6102E-08 2.7016E-08 2.7980E-08 2.8968E-08 3.0010E-08 3.1094E-08 3.2208E-08 3.3381E-08 3.4586E-08 3.5837E-08 3.7156E-08 3.8507E-08 3.9928E-08 4.1381E-08
6.1643E-09 6.3698E-09 6.5926E-09 6.8127E-09 7.0508E-09 7.2863E-09 7.5407E-09 7.8031E-09 8.0639E-09 8.3439E-09 8.6220E-09 8.9239E-09 9.2206E-09 9.5416E-09 9.8577E-09 1.0199E-08 1.0583E-08 1.0936E-08 1.1299E-08 1.1672E-08 1.2055E-08 1.2468E-08 1.2894E-08 1.3317E-08 1.3821E-08 1.4280E-08 1.4752E-08 1.5238E-08 1.5739E-08 1.6255E-08 1.6883E-08 1.7448E-08 1.8032E-08 1.8636E-08 1.9260E-08 1.9916E-08 2.0586E-08 2.1293E-08 2.2026E-08 2.2774E-08 2.3564E-08 2.4384E-08 2.5223E-08 2.6104E-08 2.7011E-08 2.7967E-08 2.8961E-08 2.9983E-08 3.1059E-08 3.2164E-08 3.3330E-08 3.4526E-08 3.5788E-08 3.7082E-08 3.8445E-08 3.9844E-08 4.1314E-08
6.2057E-09 6.4124E-09 6.6361E-09 6.8573E-09 7.0963E-09 7.3330E-09 7.5883E-09 7.8410E-09 8.1134E-09 8.3942E-09 8.6733E-09 8.9759E-09 9.2735E-09 9.5951E-09 9.9120E-09 1.0253E-08 1.0638E-08 1.0991E-08 1.1354E-08 1.1727E-08 1.2111E-08 1.2523E-08 1.2931E-08 1.3371E-08 1.3874E-08 1.4332E-08 1.4803E-08 1.5288E-08 1.5788E-08 1.6302E-08 1.6926E-08 1.7488E-08 1.8069E-08 1.8670E-08 1.9290E-08 1.9941E-08 2.0607E-08 2.1308E-08 2.2035E-08 2.2777E-08 2.3560E-08 2.4373E-08 2.5204E-08 2.6075E-08 2.6974E-08 2.7919E-08 2.8904E-08 2.9916E-08 3.0982E-08 3.2076E-08 3.3231E-08 3.4415E-08 3.5667E-08 3.6950E-08 3.8304E-08 3.9692E-08 4.1157E-08
6.2445E-09 6.4521E-09 6.6766E-09 6.8988E-09 7.1385E-09 7.3761E-09 7.6321E-09 7.8857E-09 8.1588E-09 8.4402E-09 8.7200E-09 9.0231E-09 9.3213E-09 9.6433E-09 9.9606E-09 1.0302E-08 1.0686E-08 1.1039E-08 1.1402E-08 1.1775E-08 1.2159E-08 1.2552E-08 1.2978E-08 1.3417E-08 1.3917E-08 1.4373E-08 1.4843E-08 1.5326E-08 1.5824E-08 1.6335E-08 1.6954E-08 1.7514E-08 1.8091E-08 1.8687E-08 1.9302E-08 1.9947E-08 2.0606E-08 2.1302E-08 2.2023E-08 2.2758E-08 2.3532E-08 2.4336E-08 2.5158E-08 2.6018E-08 2.6914E-08 2.7839E-08 2.8812E-08 2.9812E-08 3.0864E-08 3.1944E-08 3.3085E-08 3.4272E-08 3.5492E-08 3.6760E-08 3.8101E-08 3.9476E-08 4.0930E-08
6.2805E-09 6.4889E-09 6.7039E-09 6.9371E-09 7.1774E-09 7.4157E-09 7.6722E-09 7.9265E-09 8.2000E-09 8.4818E-09 8.7621E-09 9.0655E-09 9.3640E-09 9.6860E-09 1.0004E-08 1.0345E-08 1.0728E-08 1.1081E-08 1.1443E-08 1.1816E-08 1.2199E-08 1.2592E-08 1.3016E-08 1.3453E-08 1.3950E-08 1.4405E-08 1.4872E-08 1.5353E-08 1.5848E-08 1.6356E-08 1.6970E-08 1.7525E-08 1.8098E-08 1.8689E-08 1.9298E-08 1.9935E-08 2.0589E-08 2.1275E-08 2.1988E-08 2.2715E-08 2.3480E-08 2.4274E-08 2.5084E-08 2.5932E-08 2.6814E-08 2.7726E-08 2.8684E-08 2.9669E-08 3.0707E-08 3.1786E-08 3.2895E-08 3.4065E-08 3.5267E-08 3.6533E-08 3.7840E-08 3.9220E-08 4.0637E-08
6.3137E-09 6.5229E-09 6.7385E-09 6.9721E-09 7.2026E-09 7.4517E-09 7.7086E-09 7.9633E-09 8.2371E-09 8.5191E-09 8.7996E-09 9.1029E-09 9.4016E-09 9.7234E-09 1.0041E-08 1.0382E-08 1.0719E-08 1.1116E-08 1.1478E-08 1.1849E-08 1.2231E-08 1.2623E-08 1.3045E-08 1.3480E-08 1.3909E-08 1.4426E-08 1.4891E-08 1.5369E-08 1.5860E-08 1.6365E-08 1.6972E-08 1.7522E-08 1.8089E-08 1.8675E-08 1.9278E-08 1.9907E-08 2.0551E-08 2.1229E-08 2.1931E-08 2.2650E-08 2.3406E-08 2.4187E-08 2.4985E-08 2.5819E-08 2.6685E-08 2.7580E-08 2.8521E-08 2.9503E-08 3.0512E-08 3.1572E-08 3.2661E-08 3.3812E-08 3.4992E-08 3.6237E-08 3.7522E-08 3.8884E-08 4.0280E-08
6.3442E-09 6.5539E-09 6.7701E-09 7.0040E-09 7.2349E-09 7.4842E-09 7.7412E-09 7.9962E-09 8.2699E-09 8.5414E-09 8.8325E-09 9.1355E-09 9.4341E-09 9.7408E-09 1.0072E-08 1.0398E-08 1.0749E-08 1.1144E-08 1.1505E-08 1.1876E-08 1.2256E-08 1.2646E-08 1.3066E-08 1.3498E-08 1.3926E-08 1.4437E-08 1.4899E-08 1.5374E-08 1.5861E-08 1.6362E-08 1.6961E-08 1.7506E-08 1.8067E-08 1.8646E-08 1.9242E-08 1.9862E-08 2.0499E-08 2.1163E-08 2.1855E-08 2.2563E-08 2.3306E-08 2.4076E-08 2.4861E-08 2.5679E-08 2.6529E-08 2.7407E-08 2.8329E-08 2.9290E-08 3.0279E-08 3.1319E-08 3.2387E-08 3.3515E-08 3.4671E-08 3.5890E-08 3.7169E-08 3.8488E-08 3.9886E-08
6.3623E-09 6.5820E-09 6.7986E-09 7.0326E-09 7.2638E-09 7.5130E-09 7.7596E-09 8.0251E-09 8.2986E-09 8.5700E-09 8.8608E-09 9.1491E-09 9.4614E-09 9.7677E-09 1.0098E-08 1.0423E-08 1.0773E-08 1.1166E-08 1.1525E-08 1.1894E-08 1.2273E-08 1.2661E-08 1.3079E-08 1.3508E-08 1.3932E-08 1.4439E-08 1.4897E-08 1.5368E-08 1.5851E-08 1.6347E-08 1.6938E-08 1.7476E-08 1.8031E-08 1.8602E-08 1.9191E-08 1.9801E-08 2.0428E-08 2.1081E-08 2.1759E-08 2.2456E-08 2.3187E-08 2.3942E-08 2.4714E-08 2.5514E-08 2.6345E-08 2.7204E-08 2.8106E-08 2.9045E-08 3.0014E-08 3.1031E-08 3.2075E-08 3.3178E-08 3.4320E-08 3.5500E-08 3.6748E-08 3.8041E-08 3.9411E-08
6.3874E-09 6.6071E-09 6.8240E-09 7.0579E-09 7.2892E-09 7.5383E-09 7.7848E-09 8.0500E-09 8.3231E-09 8.5942E-09 8.8844E-09 9.1722E-09 9.4837E-09 9.7893E-09 1.0119E-08 1.0443E-08 1.0791E-08 1.1181E-08 1.1539E-08 1.1906E-08 1.2283E-08 1.2669E-08 1.3083E-08 1.3491E-08 1.3930E-08 1.4431E-08 1.4885E-08 1.5351E-08 1.5830E-08 1.6321E-08 1.6824E-08 1.7434E-08 1.7982E-08 1.8545E-08 1.9125E-08 1.9723E-08 2.0335E-08 2.0982E-08 2.1647E-08 2.2328E-08 2.3045E-08 2.3786E-08 2.4542E-08 2.5326E-08 2.6139E-08 2.6978E-08 2.7856E-08 2.8772E-08 2.9716E-08 3.0709E-08 3.1740E-08 3.2801E-08 3.3915E-08 3.5065E-08 3.6283E-08 3.7543E-08 3.8885E-08
6.4097E-09 6.6293E-09 6.8463E-09 7.0799E-09 7.3113E-09 7.5599E-09 7.8063E-09 8.0709E-09 8.3329E-09 8.6141E-09 8.9035E-09 9.1906E-09 9.5009E-09 9.8056E-09 1.0134E-08 1.0456E-08 1.0803E-08 1.1190E-08 1.1546E-08 1.1911E-08 1.2285E-08 1.2669E-08 1.3062E-08 1.3485E-08 1.3920E-08 1.4414E-08 1.4864E-08 1.5325E-08 1.5798E-08 1.6283E-08 1.6781E-08 1.7380E-08 1.7919E-08 1.8474E-08 1.9045E-08 1.9633E-08 2.0235E-08 2.0868E-08 2.1516E-08 2.2185E-08 2.2883E-08 2.3608E-08 2.4350E-08 2.5114E-08 2.5908E-08 2.6724E-08 2.7580E-08 2.8472E-08 2.9387E-08 3.0353E-08 3.1357E-08 3.2390E-08 3.3471E-08 3.4588E-08 3.5773E-08 3.7020E-08 3.8308E-08
6.4292E-09 6.6486E-09 6.8655E-09 7.0888E-09 7.3299E-09 7.5678E-09 7.8240E-09 8.0879E-09 8.3493E-09 8.6296E-09 8.9180E-09 9.2043E-09 9.5132E-09 9.8167E-09 1.0143E-08 1.0464E-08 1.0808E-08 1.1148E-08 1.1546E-08 1.1909E-08 1.2281E-08 1.2661E-08 1.3051E-08 1.3470E-08 1.3900E-08 1.4324E-08 1.4833E-08 1.5289E-08 1.5756E-08 1.6235E-08 1.6726E-08 1.7314E-08 1.7845E-08 1.8390E-08 1.8951E-08 1.9527E-08 2.0119E-08 2.0736E-08 2.1371E-08 2.2024E-08 2.2706E-08 2.3410E-08 2.4135E-08 2.4881E-08 2.5654E-08 2.6449E-08 2.7279E-08 2.8144E-08 2.9034E-08 2.9972E-08 3.0946E-08 3.1946E-08 3.2995E-08 3.4090E-08 3.5227E-08 3.6436E-08 3.7688E-08
6.4459E-09 6.6551E-09 6.8816E-09 7.1046E-09 7.3451E-09 7.5826E-09 7.8380E-09 8.1010E-09 8.3617E-09 8.6409E-09 8.9173E-09 9.2132E-09 9.5205E-09 9.8227E-09 1.0133E-08 1.0467E-08 1.0794E-08 1.1146E-08 1.1540E-08 1.1900E-08 1.2269E-08 1.2646E-08 1.3033E-08 1.3447E-08 1.3873E-08 1.4292E-08 1.4793E-08 1.5243E-08 1.5704E-08 1.6177E-08 1.6661E-08 1.7156E-08 1.7758E-08 1.8295E-08 1.8845E-08 1.9410E-08 1.9990E-08 2.0587E-08 2.1205E-08 2.1843E-08 2.2509E-08 2.3196E-08 2.3901E-08 2.4629E-08 2.5380E-08 2.6156E-08 2.6959E-08 2.7793E-08 2.8657E-08 2.9562E-08 3.0506E-08 3.1472E-08 3.2489E-08 3.3549E-08 3.4645E-08 3.5816E-08 3.7049E-08
6.4597E-09 6.6687E-09 6.8946E-09 7.1173E-09 7.3569E-09 7.5939E-09 7.8483E-09 8.0999E-09 8.3700E-09 8.6479E-09 8.9232E-09 9.2175E-09 9.5088E-09 9.8235E-09 1.0132E-08 1.0463E-08 1.0789E-08 1.1137E-08 1.1527E-08 1.1885E-08 1.2250E-08 1.2624E-08 1.3007E-08 1.3417E-08 1.3819E-08 1.4251E-08 1.4744E-08 1.5188E-08 1.5643E-08 1.6108E-08 1.6585E-08 1.7072E-08 1.7661E-08 1.8187E-08 1.8727E-08 1.9281E-08 1.9849E-08 2.0431E-08 2.1033E-08 2.1655E-08 2.2301E-08 2.2966E-08 2.3653E-08 2.4358E-08 2.5088E-08 2.5841E-08 2.6617E-08 2.7425E-08 2.8259E-08 2.9132E-08 3.0042E-08 3.0977E-08 3.1952E-08 3.2974E-08 3.4032E-08 3.5159E-08 3.6353E-08
6.4708E-09 6.6795E-09 6.9045E-09 7.1267E-09 7.3654E-09 7.6016E-09 7.8549E-09 8.1056E-09 8.3744E-09 8.6507E-09 8.9247E-09 9.2172E-09 9.5069E-09 9.8194E-09 1.0126E-08 1.0455E-08 1.0778E-08 1.1123E-08 1.1509E-08 1.1863E-08 1.2225E-08 1.2596E-08 1.2974E-08 1.3361E-08 1.3777E-08 1.4203E-08 1.4686E-08 1.5124E-08 1.5572E-08 1.6031E-08 1.6500E-08 1.6979E-08 1.7553E-08 1.8069E-08 1.8598E-08 1.9140E-08 1.9695E-08 2.0263E-08 2.0848E-08 2.1451E-08 2.2076E-08 2.2724E-08 2.3380E-08 2.4073E-08 2.4779E-08 2.5506E-08 2.6259E-08 2.7036E-08 2.7840E-08 2.8685E-08 2.9558E-08 3.0457E-08 3.1393E-08 3.2376E-08 3.3403E-08 3.4474E-08 3.5625E-08
6.4792E-09 6.6873E-09 6.9114E-09 7.1330E-09 7.3608E-09 7.6060E-09 7.8478E-09 8.1076E-09 8.3747E-09 8.6391E-09 8.9219E-09 9.2124E-09 9.5003E-09 9.8104E-09 1.0114E-08 1.0441E-08 1.0761E-08 1.1089E-08 1.1441E-08 1.1835E-08 1.2193E-08 1.2560E-08 1.2934E-08 1.3317E-08 1.3727E-08 1.4147E-08 1.4559E-08 1.5052E-08 1.5493E-08 1.5944E-08 1.6405E-08 1.6875E-08 1.7356E-08 1.7941E-08 1.8458E-08 1.8988E-08 1.9530E-08 2.0084E-08 2.0652E-08 2.1237E-08 2.1840E-08 2.2464E-08 2.3105E-08 2.3771E-08 2.4453E-08 2.5156E-08 2.5885E-08 2.6633E-08 2.7405E-08 2.8214E-08 2.9052E-08 2.9915E-08 3.0816E-08 3.1753E-08 3.2742E-08 3.3765E-08 3.4870E-08
6.4847E-09 6.6923E-09 6.9057E-09 7.1361E-09 7.3630E-09 7.6068E-09 7.8476E-09 8.1058E-09 8.3607E-09 8.6341E-09 8.9149E-09 9.1926E-09 9.4892E-09 9.7966E-09 1.0098E-08 1.0407E-08 1.0739E-08 1.1064E-08 1.1412E-08 1.1801E-08 1.2155E-08 1.2518E-08 1.2888E-08 1.3266E-08 1.3670E-08 1.4066E-08 1.4489E-08 1.4973E-08 1.5406E-08 1.5849E-08 1.6302E-08 1.6763E-08 1.7234E-08 1.7803E-08 1.8309E-08 1.8826E-08 1.9355E-08 1.9895E-08 2.0448E-08 2.1013E-08 2.1597E-08 2.2197E-08 2.2819E-08 2.3461E-08 2.4117E-08 2.4799E-08 2.5496E-08 2.6218E-08 2.6960E-08 2.7731E-08 2.8531E-08 2.9358E-08 3.0217E-08 3.1113E-08 3.2055E-08 3.3050E-08 3.4095E-08
6.4876E-09 6.6944E-09 6.9071E-09 7.1361E-09 7.3621E-09 7.6044E-09 7.8439E-09 8.1003E-09 8.3538E-09 8.6251E-09 8.9037E-09 9.1795E-09 9.4736E-09 9.7642E-09 1.0077E-08 1.0384E-08 1.0712E-08 1.1034E-08 1.1378E-08 1.1761E-08 1.2111E-08 1.2470E-08 1.2835E-08 1.3208E-08 1.3588E-08 1.3996E-08 1.4412E-08 1.4820E-08 1.5311E-08 1.5746E-08 1.6190E-08 1.6643E-08 1.7104E-08 1.7657E-08 1.8150E-08 1.8655E-08 1.9170E-08 1.9696E-08 2.0233E-08 2.0781E-08 2.1344E-08 2.1924E-08 2.2519E-08 2.3135E-08 2.3770E-08 2.4424E-08 2.5094E-08 2.5787E-08 2.6497E-08 2.7232E-08 2.7999E-08 2.8789E-08 2.9607E-08 3.0465E-08 3.1362E-08 3.2308E-08 3.3307E-08
6.4785E-09 6.6937E-09 6.9055E-09 7.1331E-09 7.3579E-09 7.5888E-09 7.8368E-09 8.0811E-09 8.3432E-09 8.6123E-09 8.8782E-09 9.1622E-09 9.4536E-09 9.7418E-09 1.0052E-08 1.0355E-08 1.0680E-08 1.0999E-08 1.1324E-08 1.1672E-08 1.2062E-08 1.2415E-08 1.2776E-08 1.3144E-08 1.3518E-08 1.3919E-08 1.4329E-08 1.4730E-08 1.5209E-08 1.5636E-08 1.6071E-08 1.6514E-08 1.6966E-08 1.7426E-08 1.7984E-08 1.8475E-08 1.8977E-08 1.9489E-08 2.0010E-08 2.0542E-08 2.1085E-08 2.1642E-08 2.2218E-08 2.2808E-08 2.3418E-08 2.4041E-08 2.4680E-08 2.5342E-08 2.6027E-08 2.6726E-08 2.7452E-08 2.8203E-08 2.8986E-08 2.9806E-08 3.0657E-08 3.1560E-08 3.2503E-08
6.4764E-09 6.6902E-09 6.9010E-09 7.1175E-09 7.3506E-09 7.5801E-09 7.8262E-09 8.0690E-09 8.3288E-09 8.5852E-09 8.8595E-09 9.1408E-09 9.4187E-09 9.7150E-09 1.0022E-08 1.0322E-08 1.0629E-08 1.0958E-08 1.1280E-08 1.1623E-08 1.2006E-08 1.2355E-08 1.2711E-08 1.3073E-08 1.3443E-08 1.3836E-08 1.4221E-08 1.4632E-08 1.5100E-08 1.5519E-08 1.5945E-08 1.6379E-08 1.6820E-08 1.7269E-08 1.7810E-08 1.8288E-08 1.8776E-08 1.9273E-08 1.9780E-08 2.0295E-08 2.0820E-08 2.1354E-08 2.1906E-08 2.2474E-08 2.3055E-08 2.3652E-08 2.4260E-08 2.4895E-08 2.5548E-08 2.6211E-08 2.6901E-08 2.7619E-08 2.8360E-08 2.9133E-08 2.9945E-08 3.0803E-08 3.1712E-08
6.4716E-09 6.6840E-09 6.8936E-09 7.1089E-09 7.3403E-09 7.5683E-09 7.8023E-09 8.0534E-09 8.3109E-09 8.5653E-09 8.8369E-09 9.1155E-09 9.3908E-09 9.6839E-09 9.9730E-09 1.0284E-08 1.0588E-08 1.0913E-08 1.1231E-08 1.1569E-08 1.1901E-08 1.2290E-08 1.2640E-08 1.2997E-08 1.3361E-08 1.3730E-08 1.4126E-08 1.4529E-08 1.4922E-08 1.5395E-08 1.5812E-08 1.6236E-08 1.6668E-08 1.7106E-08 1.7552E-08 1.8094E-08 1.8569E-08 1.9051E-08 1.9542E-08 2.0041E-08 2.0549E-08 2.1065E-08 2.1591E-08 2.2131E-08 2.2691E-08 2.3256E-08 2.3841E-08 2.4438E-08 2.5058E-08 2.5700E-08 2.6354E-08 2.7030E-08 2.7725E-08 2.8461E-08 2.9230E-08 3.0035E-08 3.0903E-08
6.4644E-09 6.6660E-09 6.8835E-09 7.0975E-09 7.3269E-09 7.5534E-09 7.7857E-09 8.0345E-09 8.2796E-09 8.5418E-09 8.8106E-09 9.0760E-09 9.3589E-09 9.6487E-09 9.9348E-09 1.0242E-08 1.0542E-08 1.0863E-08 1.1177E-08 1.1496E-08 1.1838E-08 1.2219E-08 1.2564E-08 1.2916E-08 1.3273E-08 1.3637E-08 1.4025E-08 1.4402E-08 1.4805E-08 1.5265E-08 1.5673E-08 1.6088E-08 1.6509E-08 1.6937E-08 1.7371E-08 1.7894E-08 1.8355E-08 1.8823E-08 1.9299E-08 1.9782E-08 2.0272E-08 2.0770E-08 2.1275E-08 2.1792E-08 2.2320E-08 2.2867E-08 2.3418E-08 2.3984E-08 2.4567E-08 2.5180E-08 2.5801E-08 2.6441E-08 2.7102E-08 2.7791E-08 2.8515E-08 2.9273E-08 3.0083E-08
6.4545E-09 6.6550E-09 6.8707E-09 7.0832E-09 7.3013E-09 7.5354E-09 7.7659E-09 8.0123E-09 8.2553E-09 8.5147E-09 8.7705E-09 9.0435E-09 9.3231E-09 9.5989E-09 9.8924E-09 1.0181E-08 1.0492E-08 1.0794E-08 1.1118E-08 1.1433E-08 1.1770E-08 1.2098E-08 1.2483E-08 1.2829E-08 1.3181E-08 1.3538E-08 1.3900E-08 1.4288E-08 1.4682E-08 1.5066E-08 1.5528E-08 1.5933E-08 1.6345E-08 1.6762E-08 1.7185E-08 1.7613E-08 1.8136E-08 1.8590E-08 1.9050E-08 1.9518E-08 1.9991E-08 2.0471E-08 2.0957E-08 2.1449E-08 2.1949E-08 2.2467E-08 2.2998E-08 2.3532E-08 2.4089E-08 2.4659E-08 2.5251E-08 2.5852E-08 2.6477E-08 2.7114E-08 2.7792E-08 2.8518E-08 2.9278E-08
6.4423E-09 6.6414E-09 6.8459E-09 7.0662E-09 7.2826E-09 7.5145E-09 7.7430E-09 7.9771E-09 8.2278E-09 8.4742E-09 8.7376E-09 9.0073E-09 9.2731E-09 9.5563E-09 9.8460E-09 1.0131E-08 1.0438E-08 1.0736E-08 1.1055E-08 1.1366E-08 1.1682E-08 1.2020E-08 1.2397E-08 1.2737E-08 1.3083E-08 1.3434E-08 1.3790E-08 1.4169E-08 1.4537E-08 1.4930E-08 1.5378E-08 1.5774E-08 1.6175E-08 1.6581E-08 1.6993E-08 1.7410E-08 1.7832E-08 1.8352E-08 1.8798E-08 1.9249E-08 1.9706E-08 2.0169E-08 2.0636E-08 2.1108E-08 2.1585E-08 2.2075E-08 2.2577E-08 2.3090E-08 2.3611E-08 2.4146E-08 2.4700E-08 2.5272E-08 2.5858E-08 2.6458E-08 2.7089E-08 2.7762E-08 2.8486E-08
6.4276E-09 6.6253E-09 6.8282E-09 7.0464E-09 7.2611E-09 7.4811E-09 7.7172E-09 7.9492E-09 8.1970E-09 8.4410E-09 8.7012E-09 8.9574E-09 9.2305E-09 9.5100E-09 9.7958E-09 1.0078E-08 1.0379E-08 1.0674E-08 1.0973E-08 1.1294E-08 1.1606E-08 1.1938E-08 1.2307E-08 1.2641E-08 1.2980E-08 1.3325E-08 1.3674E-08 1.4028E-08 1.4406E-08 1.4789E-08 1.5161E-08 1.5609E-08 1.6001E-08 1.6397E-08 1.6797E-08 1.7203E-08 1.7612E-08 1.8111E-08 1.8542E-08 1.8978E-08 1.9418E-08 1.9864E-08 2.0313E-08 2.0767E-08 2.1223E-08 2.1687E-08 2.2157E-08 2.2642E-08 2.3136E-08 2.3638E-08 2.4159E-08 2.4691E-08 2.5244E-08 2.5814E-08 2.6398E-08 2.7026E-08 2.7693E-08
6.4105E-09 6.6067E-09 6.8081E-09 7.0240E-09 7.2369E-09 7.4550E-09 7.6884E-09 7.9182E-09 8.1533E-09 8.4046E-09 8.6514E-09 8.9149E-09 9.1845E-09 9.4495E-09 9.7318E-09 1.0020E-08 1.0303E-08 1.0608E-08 1.0903E-08 1.1218E-08 1.1525E-08 1.1837E-08 1.2170E-08 1.2540E-08 1.2874E-08 1.3212E-08 1.3554E-08 1.3901E-08 1.4270E-08 1.4627E-08 1.5007E-08 1.5441E-08 1.5822E-08 1.6208E-08 1.6597E-08 1.6991E-08 1.7389E-08 1.7789E-08 1.8283E-08 1.8704E-08 1.9128E-08 1.9557E-08 1.9989E-08 2.0424E-08 2.0862E-08 2.1303E-08 2.1749E-08 2.2206E-08 2.2670E-08 2.3146E-08 2.3632E-08 2.4131E-08 2.4640E-08 2.5179E-08 2.5728E-08 2.6295E-08 2.6924E-08
