Assets/Resources/2015_m01_d07_1400(utc+0800)_l00_csi_1hr_conc.grd
DSAA
         159         159
     -79.000      79.000
     -79.000      79.000
  0.0000E+00  0.1107E-05
[rows 50 to 74 of 159, columns 57 to 113 of 159]
8.8511E-09 1.0061E-08 1.1277E-08 1.2443E-08 1.3547E-08 1.4572E-08 1.5453E-08 1.6128E-08 1.6600E-08 1.6951E-08 1.7247E-08 1.7559E-08 1.7919E-08 1.8333E-08 1.8828E-08 1.9382E-08 1.9991E-08 2.0602E-08 2.1240E-08 2.1841E-08 2.2398E-08 2.2888E-08 2.3324E-08 2.3686E-08 2.3974E-08 2.4182E-08 2.4310E-08 2.4354E-08 2.4320E-08 2.4207E-08 2.4025E-08 2.3774E-08 2.3458E-08 2.3083E-08 2.2662E-08 2.2195E-08 2.1685E-08 2.1149E-08 2.0592E-08 2.0010E-08 1.9411E-08 1.8809E-08 1.8192E-08 1.7578E-08 1.6959E-08 1.6340E-08 1.5728E-08 1.5118E-08 1.4515E-08 1.3917E-08 1.3324E-08 1.2734E-08 1.2153E-08 1.1442E-08 1.0895E-08 1.0359E-08 9.8388E-09
1.0162E-08 1.1737E-08 1.3335E-08 1.4803E-08 1.6057E-08 1.7166E-08 1.8108E-08 1.8788E-08 1.9176E-08 1.9371E-08 1.9494E-08 1.9620E-08 1.9815E-08 2.0118E-08 2.0495E-08 2.0972E-08 2.1521E-08 2.2121E-08 2.2702E-08 2.3303E-08 2.3830E-08 2.4292E-08 2.4700E-08 2.5032E-08 2.5290E-08 2.5455E-08 2.5542E-08 2.5541E-08 2.5453E-08 2.5283E-08 2.5035E-08 2.4720E-08 2.4340E-08 2.3903E-08 2.3412E-08 2.2876E-08 2.2306E-08 2.1697E-08 2.1070E-08 2.0431E-08 1.9773E-08 1.9109E-08 1.8440E-08 1.7769E-08 1.7109E-08 1.6451E-08 1.5802E-08 1.5154E-08 1.4520E-08 1.3894E-08 1.3276E-08 1.2663E-08 1.2063E-08 1.1325E-08 1.0768E-08 1.0220E-08 9.6902E-09
1.1839E-08 1.3924E-08 1.6015E-08 1.7889E-08 1.9351E-08 2.0518E-08 2.1489E-08 2.2149E-08 2.2425E-08 2.2423E-08 2.2280E-08 2.2146E-08 2.2104E-08 2.2177E-08 2.2409E-08 2.2789E-08 2.3266E-08 2.3792E-08 2.4349E-08 2.4893E-08 2.5397E-08 2.5833E-08 2.6196E-08 2.6484E-08 2.6695E-08 2.6818E-08 2.6845E-08 2.6780E-08 2.6636E-08 2.6399E-08 2.6080E-08 2.5691E-08 2.5238E-08 2.4724E-08 2.4163E-08 2.3558E-08 2.2913E-08 2.2236E-08 2.1547E-08 2.0832E-08 2.0114E-08 1.9395E-08 1.8671E-08 1.7953E-08 1.7236E-08 1.6536E-08 1.5844E-08 1.5167E-08 1.4499E-08 1.3846E-08 1.3205E-08 1.2575E-08 1.1954E-08 1.1191E-08 1.0619E-08 1.0061E-08 9.5199E-09
1.3885E-08 1.6599E-08 1.9326E-08 2.1760E-08 2.3542E-08 2.4771E-08 2.5725E-08 2.6310E-08 2.6424E-08 2.6136E-08 2.5649E-08 2.5153E-08 2.4777E-08 2.4605E-08 2.4628E-08 2.4833E-08 2.5193E-08 2.5675E-08 2.6162E-08 2.6655E-08 2.7121E-08 2.7498E-08 2.7806E-08 2.8038E-08 2.8185E-08 2.8252E-08 2.8213E-08 2.8086E-08 2.7859E-08 2.7547E-08 2.7150E-08 2.6680E-08 2.6142E-08 2.5549E-08 2.4905E-08 2.4223E-08 2.3506E-08 2.2755E-08 2.1994E-08 2.1225E-08 2.0435E-08 1.9656E-08 1.8872E-08 1.8097E-08 1.7341E-08 1.6595E-08 1.5863E-08 1.5152E-08 1.4450E-08 1.3772E-08 1.3107E-08 1.2457E-08 1.1824E-08 1.1035E-08 1.0450E-08 9.8827E-09 9.3365E-09
1.6254E-08 1.9737E-08 2.3294E-08 2.6479E-08 2.8722E-08 3.0063E-08 3.0953E-08 3.1398E-08 3.1288E-08 3.0619E-08 2.9652E-08 2.8681E-08 2.7889E-08 2.7335E-08 2.7093E-08 2.7109E-08 2.7329E-08 2.7699E-08 2.8141E-08 2.8552E-08 2.8983E-08 2.9302E-08 2.9531E-08 2.9704E-08 2.9763E-08 2.9758E-08 2.9643E-08 2.9435E-08 2.9123E-08 2.8724E-08 2.8234E-08 2.7674E-08 2.7049E-08 2.6366E-08 2.5636E-08 2.4868E-08 2.4071E-08 2.3244E-08 2.2416E-08 2.1572E-08 2.0729E-08 1.9885E-08 1.9050E-08 1.8229E-08 1.7408E-08 1.6620E-08 1.5854E-08 1.5103E-08 1.4374E-08 1.3669E-08 1.2983E-08 1.2314E-08 1.1665E-08 1.0855E-08 1.0262E-08 9.6854E-09 9.1319E-09
1.8861E-08 2.3261E-08 2.7797E-08 3.1947E-08 3.4865E-08 3.6449E-08 3.7235E-08 3.7475E-08 3.7007E-08 3.5889E-08 3.4324E-08 3.2758E-08 3.1410E-08 3.0434E-08 2.9838E-08 2.9579E-08 2.9641E-08 2.9910E-08 3.0271E-08 3.0609E-08 3.0949E-08 3.1222E-08 3.1364E-08 3.1457E-08 3.1440E-08 3.1327E-08 3.1131E-08 3.0829E-08 3.0420E-08 2.9925E-08 2.9336E-08 2.8674E-08 2.7946E-08 2.7167E-08 2.6341E-08 2.5487E-08 2.4606E-08 2.3698E-08 2.2796E-08 2.1890E-08 2.0975E-08 2.0076E-08 1.9185E-08 1.8317E-08 1.7455E-08 1.6622E-08 1.5811E-08 1.5028E-08 1.4269E-08 1.3536E-08 1.2830E-08 1.2145E-08 1.1481E-08 1.0657E-08 1.0052E-08 9.4708E-09 8.9111E-09
2.1553E-08 2.6962E-08 3.2651E-08 3.7999E-08 4.1925E-08 4.3978E-08 4.4698E-08 4.4603E-08 4.3690E-08 4.1954E-08 3.9665E-08 3.7324E-08 3.5335E-08 3.3804E-08 3.2788E-08 3.2228E-08 3.2069E-08 3.2226E-08 3.2483E-08 3.2771E-08 3.3035E-08 3.3224E-08 3.3294E-08 3.3282E-08 3.3181E-08 3.2946E-08 3.2653E-08 3.2252E-08 3.1750E-08 3.1139E-08 3.0445E-08 2.9667E-08 2.8833E-08 2.7948E-08 2.7022E-08 2.6076E-08 2.5104E-08 2.4111E-08 2.3131E-08 2.2155E-08 2.1179E-08 2.0224E-08 1.9277E-08 1.8358E-08 1.7452E-08 1.6581E-08 1.5741E-08 1.4918E-08 1.4134E-08 1.3375E-08 1.2650E-08 1.1950E-08 1.1274E-08 1.0432E-08 9.8245E-09 9.2384E-09 8.6756E-09
2.4114E-08 3.0647E-08 3.7661E-08 4.4420E-08 4.9655E-08 5.2498E-08 5.3331E-08 5.2807E-08 5.1293E-08 4.8779E-08 4.5623E-08 4.2393E-08 3.9560E-08 3.7407E-08 3.5918E-08 3.4997E-08 3.4610E-08 3.4592E-08 3.4748E-08 3.4967E-08 3.5165E-08 3.5285E-08 3.5266E-08 3.5171E-08 3.4954E-08 3.4627E-08 3.4189E-08 3.3679E-08 3.3068E-08 3.2344E-08 3.1533E-08 3.0641E-08 2.9696E-08 2.8701E-08 2.7672E-08 2.6622E-08 2.5561E-08 2.4478E-08 2.3420E-08 2.2373E-08 2.1332E-08 2.0323E-08 1.9323E-08 1.8361E-08 1.7408E-08 1.6501E-08 1.5623E-08 1.4777E-08 1.3966E-08 1.3184E-08 1.2442E-08 1.1729E-08 1.1042E-08 1.0187E-08 9.5784E-09 8.9897E-09 8.4261E-09
2.6324E-08 3.4031E-08 4.2428E-08 5.0793E-08 5.7649E-08 6.1804E-08 6.3025E-08 6.2120E-08 5.9785E-08 5.6308E-08 5.2066E-08 4.7786E-08 4.4032E-08 4.1097E-08 3.9078E-08 3.7764E-08 3.7131E-08 3.6986E-08 3.7024E-08 3.7142E-08 3.7328E-08 3.7363E-08 3.7246E-08 3.7077E-08 3.6744E-08 3.6308E-08 3.5728E-08 3.5097E-08 3.4360E-08 3.3523E-08 3.2589E-08 3.1576E-08 3.0516E-08 2.9405E-08 2.8269E-08 2.7115E-08 2.5960E-08 2.4788E-08 2.3655E-08 2.2537E-08 2.1429E-08 2.0365E-08 1.9309E-08 1.8304E-08 1.7319E-08 1.6373E-08 1.5471E-08 1.4599E-08 1.3762E-08 1.2962E-08 1.2206E-08 1.1482E-08 1.0788E-08 9.9204E-09 9.3122E-09 8.7259E-09 8.1633E-09
2.7965E-08 3.6749E-08 4.6559E-08 5.6609E-08 6.5397E-08 7.1286E-08 7.3443E-08 7.2333E-08 6.9061E-08 6.4331E-08 5.8872E-08 5.3362E-08 4.8543E-08 4.4777E-08 4.2142E-08 4.0394E-08 3.9558E-08 3.9275E-08 3.9212E-08 3.9255E-08 3.9393E-08 3.9400E-08 3.9194E-08 3.8938E-08 3.8510E-08 3.7949E-08 3.7257E-08 3.6454E-08 3.5597E-08 3.4643E-08 3.3586E-08 3.2459E-08 3.1273E-08 3.0052E-08 2.8800E-08 2.7546E-08 2.6296E-08 2.5036E-08 2.3826E-08 2.2638E-08 2.1466E-08 2.0347E-08 1.9247E-08 1.8200E-08 1.7175E-08 1.6200E-08 1.5270E-08 1.4374E-08 1.3521E-08 1.2706E-08 1.1938E-08 1.1208E-08 1.0510E-08 9.6343E-09 9.0274E-09 8.4468E-09 7.8896E-09
2.8779E-08 3.8464E-08 4.9609E-08 6.1369E-08 7.2247E-08 8.0239E-08 8.3956E-08 8.3068E-08 7.8800E-08 7.2626E-08 6.5670E-08 5.8836E-08 5.2852E-08 4.8204E-08 4.4976E-08 4.2871E-08 4.1780E-08 4.1398E-08 4.1286E-08 4.1242E-08 4.1324E-08 4.1348E-08 4.1057E-08 4.0713E-08 4.0190E-08 3.9501E-08 3.8695E-08 3.7759E-08 3.6759E-08 3.5676E-08 3.4497E-08 3.3250E-08 3.1940E-08 3.0609E-08 2.9249E-08 2.7899E-08 2.6556E-08 2.5214E-08 2.3925E-08 2.2670E-08 2.1436E-08 2.0264E-08 1.9122E-08 1.8039E-08 1.6976E-08 1.5982E-08 1.5019E-08 1.4115E-08 1.3240E-08 1.2414E-08 1.1638E-08 1.0905E-08 1.0207E-08 9.3284E-09 8.7269E-09 8.1562E-09 7.6042E-09
2.8626E-08 3.8928E-08 5.1142E-08 6.4473E-08 7.7428E-08 8.7885E-08 9.3672E-08 9.3703E-08 8.8560E-08 8.0819E-08 7.2234E-08 6.3962E-08 5.6702E-08 5.1186E-08 4.7383E-08 4.4862E-08 4.3703E-08 4.3273E-08 4.3123E-08 4.3043E-08 4.3082E-08 4.3076E-08 4.2782E-08 4.2351E-08 4.1731E-08 4.0940E-08 4.0002E-08 3.8954E-08 3.7792E-08 3.6592E-08 3.5298E-08 3.3923E-08 3.2506E-08 3.1065E-08 2.9600E-08 2.8156E-08 2.6725E-08 2.5303E-08 2.3941E-08 2.2624E-08 2.1335E-08 2.0119E-08 1.8933E-08 1.7820E-08 1.6730E-08 1.5706E-08 1.4726E-08 1.3806E-08 1.2922E-08 1.2088E-08 1.1308E-08 1.0576E-08 9.8817E-09 9.0044E-09 8.4107E-09 7.8513E-09 7.3089E-09
2.7477E-08 3.8012E-08 5.0897E-08 6.5468E-08 8.0319E-08 9.3192E-08 1.0147E-07 1.0307E-07 9.7732E-08 8.8475E-08 7.8309E-08 6.8422E-08 5.9955E-08 5.3523E-08 4.9266E-08 4.6464E-08 4.5233E-08 4.4829E-08 4.4691E-08 4.4610E-08 4.4617E-08 4.4560E-08 4.4287E-08 4.3801E-08 4.3090E-08 4.2192E-08 4.1134E-08 3.9977E-08 3.8692E-08 3.7342E-08 3.5940E-08 3.4462E-08 3.2934E-08 3.1389E-08 2.9838E-08 2.8298E-08 2.6791E-08 2.5292E-08 2.3871E-08 2.2498E-08 2.1159E-08 1.9902E-08 1.8679E-08 1.7537E-08 1.6423E-08 1.5384E-08 1.4390E-08 1.3458E-08 1.2568E-08 1.1730E-08 1.0948E-08 1.0222E-08 9.5347E-09 8.6626E-09 8.0801E-09 7.5328E-09 7.0051E-09
2.5421E-08 3.5750E-08 4.8803E-08 6.4111E-08 8.0429E-08 9.5488E-08 1.0630E-07 1.1004E-07 1.0537E-07 9.5205E-08 8.3498E-08 7.2191E-08 6.2450E-08 5.5225E-08 5.0516E-08 4.7572E-08 4.6349E-08 4.5990E-08 4.5928E-08 4.5897E-08 4.5892E-08 4.5784E-08 4.5497E-08 4.5022E-08 4.4223E-08 4.3232E-08 4.2069E-08 4.0788E-08 3.9400E-08 3.7900E-08 3.6393E-08 3.4820E-08 3.3200E-08 3.1568E-08 2.9927E-08 2.8305E-08 2.6731E-08 2.5169E-08 2.3697E-08 2.2276E-08 2.0900E-08 1.9607E-08 1.8356E-08 1.7191E-08 1.6065E-08 1.5012E-08 1.4007E-08 1.3072E-08 1.2179E-08 1.1343E-08 1.0564E-08 9.8457E-09 9.1694E-09 8.3061E-09 7.7374E-09 7.2050E-09 6.6931E-09
2.2670E-08 3.2346E-08 4.4990E-08 6.0364E-08 7.7464E-08 9.4232E-08 1.0749E-07 1.1373E-07 1.1075E-07 1.0053E-07 8.7823E-08 7.5297E-08 6.4423E-08 5.6460E-08 5.1369E-08 4.8213E-08 4.7054E-08 4.6766E-08 4.6782E-08 4.6843E-08 4.6863E-08 4.6727E-08 4.6403E-08 4.5941E-08 4.5095E-08 4.4016E-08 4.2747E-08 4.1358E-08 3.9874E-08 3.8277E-08 3.6632E-08 3.4975E-08 3.3276E-08 3.1568E-08 2.9857E-08 2.8173E-08 2.6534E-08 2.4920E-08 2.3407E-08 2.1950E-08 2.0545E-08 1.9228E-08 1.7960E-08 1.6781E-08 1.5646E-08 1.4590E-08 1.3579E-08 1.2648E-08 1.1756E-08 1.0930E-08 1.0158E-08 9.4517E-09 8.7885E-09 7.9381E-09 7.3853E-09 6.8700E-09 6.3764E-09
1.9501E-08 2.8152E-08 3.9803E-08 5.4523E-08 7.1637E-08 8.9360E-08 1.0459E-07 1.1351E-07 1.1304E-07 1.0402E-07 9.1235E-08 7.7858E-08 6.6221E-08 5.7622E-08 5.2118E-08 4.8747E-08 4.7509E-08 4.7196E-08 4.7250E-08 4.7409E-08 4.7483E-08 4.7347E-08 4.7003E-08 4.6505E-08 4.5676E-08 4.4509E-08 4.3155E-08 4.1667E-08 4.0089E-08 3.8413E-08 3.6655E-08 3.4911E-08 3.3144E-08 3.1374E-08 2.9609E-08 2.7878E-08 2.6197E-08 2.4549E-08 2.2998E-08 2.1519E-08 2.0091E-08 1.8763E-08 1.7485E-08 1.6303E-08 1.5166E-08 1.4118E-08 1.3107E-08 1.2191E-08 1.1304E-08 1.0494E-08 9.7328E-09 9.0424E-09 8.3959E-09 7.5617E-09 7.0275E-09 6.5302E-09 6.0547E-09
1.6226E-08 2.3591E-08 3.3790E-08 4.7190E-08 6.3484E-08 8.1296E-08 9.7793E-08 1.0920E-07 1.1183E-07 1.0534E-07 9.3516E-08 8.0224E-08 6.8315E-08 5.9302E-08 5.3398E-08 4.9650E-08 4.8030E-08 4.7495E-08 4.7456E-08 4.7601E-08 4.7719E-08 4.7609E-08 4.7260E-08 4.6714E-08 4.5906E-08 4.4701E-08 4.3267E-08 4.1690E-08 4.0028E-08 3.8284E-08 3.6460E-08 3.4607E-08 3.2793E-08 3.0979E-08 2.9176E-08 2.7414E-08 2.5709E-08 2.4039E-08 2.2471E-08 2.0977E-08 1.9541E-08 1.8212E-08 1.6934E-08 1.5759E-08 1.4630E-08 1.3596E-08 1.2595E-08 1.1698E-08 1.0825E-08 1.0035E-08 9.2913E-09 8.6213E-09 7.9947E-09 7.1804E-09 6.6658E-09 6.1887E-09 5.7321E-09
1.3172E-08 1.9094E-08 2.7608E-08 3.9140E-08 5.3851E-08 7.0821E-08 8.7781E-08 1.0109E-07 1.0703E-07 1.0402E-07 9.4470E-08 8.2505E-08 7.1036E-08 6.2042E-08 5.5795E-08 5.1439E-08 4.9252E-08 4.8067E-08 4.7562E-08 4.7503E-08 4.7612E-08 4.7472E-08 4.7142E-08 4.6560E-08 4.5732E-08 4.4570E-08 4.3070E-08 4.1428E-08 3.9676E-08 3.7877E-08 3.6007E-08 3.4091E-08 3.2222E-08 3.0380E-08 2.8556E-08 2.6780E-08 2.5062E-08 2.3388E-08 2.1820E-08 2.0330E-08 1.8902E-08 1.7579E-08 1.6313E-08 1.5153E-08 1.4041E-08 1.3029E-08 1.2047E-08 1.1173E-08 1.0322E-08 9.5550E-09 8.8364E-09 8.1902E-09 7.5879E-09 6.7969E-09 6.3046E-09 5.8478E-09 5.4114E-09
1.0468E-08 1.5049E-08 2.1767E-08 3.1170E-08 4.3728E-08 5.9015E-08 7.5440E-08 8.9872E-08 9.8795E-08 9.9799E-08 9.3912E-08 8.4314E-08 7.4400E-08 6.6147E-08 5.9909E-08 5.5170E-08 5.2074E-08 4.9740E-08 4.8201E-08 4.7339E-08 4.7073E-08 4.6889E-08 4.6608E-08 4.6016E-08 4.5162E-08 4.4044E-08 4.2543E-08 4.0855E-08 3.9046E-08 3.7194E-08 3.5296E-08 3.3359E-08 3.1433E-08 2.9579E-08 2.7751E-08 2.5977E-08 2.4266E-08 2.2605E-08 2.1052E-08 1.9580E-08 1.8172E-08 1.6871E-08 1.5629E-08 1.4492E-08 1.3407E-08 1.2421E-08 1.1468E-08 1.0622E-08 9.8005E-09 9.0608E-09 8.3722E-09 7.7529E-09 7.1776E-09 6.4141E-09 5.9453E-09 5.5104E-09 5.0952E-09
8.2689E-09 1.1660E-08 1.6658E-08 2.3925E-08 3.3947E-08 4.6922E-08 6.1874E-08 7.6389E-08 8.7355E-08 9.2258E-08 9.0787E-08 8.4942E-08 7.7949E-08 7.1225E-08 6.5811E-08 6.1125E-08 5.7521E-08 5.3797E-08 5.0145E-08 4.7471E-08 4.6368E-08 4.5806E-08 4.5599E-08 4.5043E-08 4.4192E-08 4.3083E-08 4.1660E-08 3.9950E-08 3.8121E-08 3.6223E-08 3.4324E-08 3.2388E-08 3.0457E-08 2.8587E-08 2.6775E-08 2.5021E-08 2.3334E-08 2.1701E-08 2.0176E-08 1.8735E-08 1.7360E-08 1.6092E-08 1.4885E-08 1.3783E-08 1.2733E-08 1.1780E-08 1.0864E-08 1.0051E-08 9.2640E-09 8.5555E-09 7.9019E-09 7.3124E-09 6.7659E-09 6.0346E-09 5.5907E-09 5.1777E-09 4.7845E-09
6.4986E-09 8.8974E-09 1.2502E-08 1.7781E-08 2.5262E-08 3.5503E-08 4.8043E-08 6.1431E-08 7.3190E-08 8.1127E-08 8.4033E-08 8.3037E-08 7.9949E-08 7.6269E-08 7.2614E-08 6.9157E-08 6.5762E-08 6.1403E-08 5.5367E-08 4.9380E-08 4.5512E-08 4.4109E-08 4.4024E-08 4.3569E-08 4.2777E-08 4.1700E-08 4.0360E-08 3.8697E-08 3.6878E-08 3.4983E-08 3.3082E-08 3.1178E-08 2.9278E-08 2.7410E-08 2.5633E-08 2.3920E-08 2.2274E-08 2.0685E-08 1.9204E-08 1.7807E-08 1.6478E-08 1.5255E-08 1.4093E-08 1.3034E-08 1.2026E-08 1.1114E-08 1.0240E-08 9.4648E-09 8.7169E-09 8.0433E-09 7.4266E-09 6.8711E-09 6.3543E-09 5.6609E-09 5.2424E-09 4.8507E-09 4.4807E-09
5.2406E-09 6.8871E-09 9.3230E-09 1.2932E-08 1.8204E-08 2.5521E-08 3.5136E-08 4.6286E-08 5.7307E-08 6.6666E-08 7.3137E-08 7.6973E-08 7.8640E-08 7.9216E-08 7.8626E-08 7.7434E-08 7.6221E-08 7.4163E-08 6.6813E-08 5.4710E-08 4.4935E-08 4.1764E-08 4.1830E-08 4.1530E-08 4.0854E-08 3.9870E-08 3.8616E-08 3.7084E-08 3.5307E-08 3.3460E-08 3.1577E-08 2.9734E-08 2.7888E-08 2.6075E-08 2.4335E-08 2.2682E-08 2.1097E-08 1.9569E-08 1.8147E-08 1.6808E-08 1.5536E-08 1.4368E-08 1.3260E-08 1.2253E-08 1.1296E-08 1.0427E-08 9.6027E-09 8.8672E-09 8.1623E-09 7.5276E-09 6.9518E-09 6.4311E-09 5.9463E-09 5.2935E-09 4.9000E-09 4.5303E-09 4.1849E-09
4.3382E-09 5.4733E-09 7.0949E-09 9.4923E-09 1.2933E-08 1.7804E-08 2.4374E-08 3.2482E-08 4.1509E-08 5.0418E-08 5.8597E-08 6.5689E-08 7.2015E-08 7.7209E-08 8.0826E-08 8.3536E-08 8.6308E-08 8.9261E-08 8.6161E-08 6.9148E-08 4.7516E-08 3.9247E-08 3.9001E-08 3.8910E-08 3.8397E-08 3.7555E-08 3.6427E-08 3.5055E-08 3.3408E-08 3.1647E-08 2.9839E-08 2.8056E-08 2.6302E-08 2.4572E-08 2.2898E-08 2.1320E-08 1.9814E-08 1.8365E-08 1.7017E-08 1.5748E-08 1.4546E-08 1.3442E-08 1.2397E-08 1.1448E-08 1.0547E-08 9.7275E-09 8.9563E-09 8.2636E-09 7.6022E-09 7.0105E-09 6.4781E-09 5.9918E-09 5.5415E-09 4.9332E-09 4.5645E-09 4.2181E-09 3.8980E-09
3.7101E-09 4.5455E-09 5.6529E-09 7.1848E-09 9.3767E-09 1.2441E-08 1.6534E-08 2.1800E-08 2.7947E-08 3.4794E-08 4.2350E-08 5.0220E-08 5.9004E-08 6.8016E-08 7.6449E-08 8.3253E-08 8.9808E-08 1.0056E-07 1.1260E-07 9.8080E-08 5.6373E-08 3.6474E-08 3.5593E-08 3.5743E-08 3.5441E-08 3.4781E-08 3.3817E-08 3.2606E-08 3.1170E-08 2.9551E-08 2.7869E-08 2.6179E-08 2.4539E-08 2.2917E-08 2.1349E-08 1.9853E-08 1.8443E-08 1.7088E-08 1.5828E-08 1.4642E-08 1.3519E-08 1.2489E-08 1.1514E-08 1.0629E-08 9.7868E-09 9.0215E-09 8.3067E-09 7.6586E-09 7.0458E-09 6.4983E-09 6.0075E-09 5.5581E-09 5.1420E-09 4.5815E-09 4.2370E-09 3.9147E-09 3.6201E-09
3.2077E-09 3.8278E-09 4.6293E-09 5.6783E-09 7.1079E-09 8.9856E-09 1.1424E-08 1.4548E-08 1.8217E-08 2.2578E-08 2.7804E-08 3.4121E-08 4.1997E-08 5.1671E-08 6.2754E-08 7.3900E-08 8.4427E-08 9.8746E-08 1.2737E-07 1.4767E-07 8.9299E-08 3.4665E-08 3.1774E-08 3.2141E-08 3.2070E-08 3.1620E-08 3.0853E-08 2.9827E-08 2.8604E-08 2.7188E-08 2.5680E-08 2.4141E-08 2.2618E-08 2.1138E-08 1.9695E-08 1.8311E-08 1.7005E-08 1.5758E-08 1.4596E-08 1.3504E-08 1.2470E-08 1.1519E-08 1.0620E-08 9.8035E-09 9.0241E-09 8.3168E-09 7.6601E-09 7.0558E-09 6.4969E-09 5.9949E-09 5.5455E-09 5.1316E-09 4.7484E-09 4.2393E-09 3.9191E-09 3.6212E-09 3.3518E-09
