Assets/Resources/2015_m01_d10_1700(utc+0800)_l00_csi_1hr_conc.grd
DSAA
         159         159
     -79.000      79.000
     -79.000      79.000
  0.1055E-09  0.7696E-05
[rows 75 to 99 of 159, columns 0 to 56 of 159]
3.6716E-10 3.7787E-10 3.8873E-10 3.9994E-10 4.1137E-10 4.2292E-10 4.3489E-10 4.4732E-10 4.6009E-10 4.7299E-10 4.8625E-10 4.9998E-10 5.1422E-10 5.2872E-10 5.4362E-10 5.5891E-10 5.7475E-10 5.9089E-10 6.0760E-10 6.2462E-10 6.4235E-10 6.6055E-10 6.7925E-10 6.9830E-10 7.1800E-10 7.3810E-10 7.5899E-10 7.8043E-10 8.0244E-10 8.2520E-10 8.4811E-10 8.7212E-10 8.9662E-10 9.2193E-10 9.4821E-10 9.7513E-10 1.0028E-09 1.0311E-09 1.0600E-09 1.0896E-09 1.1197E-09 1.1504E-09 1.1823E-09 1.2147E-09 1.2486E-09 1.2833E-09 1.3195E-09 1.3567E-09 1.3949E-09 1.4340E-09 1.4728E-09 1.5126E-09 1.5533E-09 1.5951E-09 1.6377E-09 1.6815E-09 1.7258E-09
3.7071E-10 3.8153E-10 3.9243E-10 4.0376E-10 4.1532E-10 4.2710E-10 4.3920E-10 4.5166E-10 4.6457E-10 4.7773E-10 4.9124E-10 5.0513E-10 5.1929E-10 5.3396E-10 5.4902E-10 5.6449E-10 5.8050E-10 5.9682E-10 6.1371E-10 6.3105E-10 6.4898E-10 6.6727E-10 6.8617E-10 7.0557E-10 7.2561E-10 7.4594E-10 7.6695E-10 7.8850E-10 8.1076E-10 8.3378E-10 8.5726E-10 8.8154E-10 9.0602E-10 9.3162E-10 9.5833E-10 9.8561E-10 1.0136E-09 1.0420E-09 1.0713E-09 1.1012E-09 1.1316E-09 1.1628E-09 1.1953E-09 1.2287E-09 1.2627E-09 1.2971E-09 1.3338E-09 1.3715E-09 1.4101E-09 1.4496E-09 1.4895E-09 1.5298E-09 1.5704E-09 1.6126E-09 1.6559E-09 1.7002E-09 1.7449E-09
3.7421E-10 3.8508E-10 3.9617E-10 4.0754E-10 4.1922E-10 4.3113E-10 4.4336E-10 4.5606E-10 4.6900E-10 4.8230E-10 4.9596E-10 5.1000E-10 5.2443E-10 5.3926E-10 5.5437E-10 5.7013E-10 5.8632E-10 6.0269E-10 6.1976E-10 6.3729E-10 6.5541E-10 6.7390E-10 6.9301E-10 7.1262E-10 7.3289E-10 7.5357E-10 7.7493E-10 7.9673E-10 8.1910E-10 8.4225E-10 8.6600E-10 8.9055E-10 9.1560E-10 9.4136E-10 9.6819E-10 9.9578E-10 1.0241E-09 1.0530E-09 1.0826E-09 1.1126E-09 1.1434E-09 1.1752E-09 1.2079E-09 1.2416E-09 1.2763E-09 1.3117E-09 1.3485E-09 1.3860E-09 1.4250E-09 1.4650E-09 1.5054E-09 1.5461E-09 1.5878E-09 1.6305E-09 1.6736E-09 1.7185E-09 1.7638E-09
3.7761E-10 3.8859E-10 3.9980E-10 4.1128E-10 4.2308E-10 4.3511E-10 4.4748E-10 4.6031E-10 4.7339E-10 4.8682E-10 5.0063E-10 5.1481E-10 5.2940E-10 5.4438E-10 5.5977E-10 5.7569E-10 5.9194E-10 6.0861E-10 6.2587E-10 6.4345E-10 6.6177E-10 6.8045E-10 6.9977E-10 7.1959E-10 7.4008E-10 7.6097E-10 7.8256E-10 8.0473E-10 8.2748E-10 8.5087E-10 8.7475E-10 8.9944E-10 9.2476E-10 9.5080E-10 9.7809E-10 1.0060E-09 1.0344E-09 1.0636E-09 1.0936E-09 1.1241E-09 1.1551E-09 1.1872E-09 1.2205E-09 1.2547E-09 1.2893E-09 1.3252E-09 1.3627E-09 1.4012E-09 1.4403E-09 1.4802E-09 1.5210E-09 1.5622E-09 1.6043E-09 1.6475E-09 1.6917E-09 1.7364E-09 1.7822E-09
3.8097E-10 3.9206E-10 4.0338E-10 4.1498E-10 4.2690E-10 4.3905E-10 4.5155E-10 4.6450E-10 4.7772E-10 4.9130E-10 5.0524E-10 5.1957E-10 5.3431E-10 5.4945E-10 5.6499E-10 5.8108E-10 5.9749E-10 6.1434E-10 6.3177E-10 6.4966E-10 6.6817E-10 6.8692E-10 7.0644E-10 7.2647E-10 7.4717E-10 7.6842E-10 7.9023E-10 8.1250E-10 8.3548E-10 8.5912E-10 8.8338E-10 9.0833E-10 9.3379E-10 9.6065E-10 9.8768E-10 1.0159E-09 1.0448E-09 1.0743E-09 1.1044E-09 1.1352E-09 1.1665E-09 1.1990E-09 1.2327E-09 1.2672E-09 1.3025E-09 1.3388E-09 1.3764E-09 1.4152E-09 1.4551E-09 1.4957E-09 1.5363E-09 1.5780E-09 1.6205E-09 1.6641E-09 1.7089E-09 1.7540E-09 1.8003E-09
3.8437E-10 3.9556E-10 4.0692E-10 4.1863E-10 4.3067E-10 4.4295E-10 4.5556E-10 4.6865E-10 4.8200E-10 4.9571E-10 5.0980E-10 5.2427E-10 5.3916E-10 5.5444E-10 5.7014E-10 5.8640E-10 6.0297E-10 6.1999E-10 6.3759E-10 6.5567E-10 6.7436E-10 6.9343E-10 7.1314E-10 7.3325E-10 7.5416E-10 7.7563E-10 7.9766E-10 8.2029E-10 8.4350E-10 8.6726E-10 8.9176E-10 9.1696E-10 9.4300E-10 9.7013E-10 9.9767E-10 1.0261E-09 1.0548E-09 1.0846E-09 1.1150E-09 1.1462E-09 1.1778E-09 1.2106E-09 1.2446E-09 1.2795E-09 1.3152E-09 1.3525E-09 1.3901E-09 1.4294E-09 1.4693E-09 1.5103E-09 1.5514E-09 1.5934E-09 1.6365E-09 1.6805E-09 1.7257E-09 1.7714E-09 1.8180E-09
3.8765E-10 3.9895E-10 4.1041E-10 4.2224E-10 4.3440E-10 4.4679E-10 4.5953E-10 4.7274E-10 4.8622E-10 5.0007E-10 5.1429E-10 5.2903E-10 5.4406E-10 5.5950E-10 5.7522E-10 5.9164E-10 6.0837E-10 6.2556E-10 6.4334E-10 6.6159E-10 6.8046E-10 6.9972E-10 7.1962E-10 7.4005E-10 7.6104E-10 7.8272E-10 8.0497E-10 8.2782E-10 8.5127E-10 8.7539E-10 9.0014E-10 9.2546E-10 9.5175E-10 9.7915E-10 1.0073E-09 1.0360E-09 1.0652E-09 1.0953E-09 1.1260E-09 1.1569E-09 1.1888E-09 1.2220E-09 1.2563E-09 1.2915E-09 1.3276E-09 1.3653E-09 1.4040E-09 1.4436E-09 1.4836E-09 1.5247E-09 1.5661E-09 1.6086E-09 1.6520E-09 1.6965E-09 1.7421E-09 1.7883E-09 1.8355E-09
3.9089E-10 4.0229E-10 4.1386E-10 4.2580E-10 4.3807E-10 4.5058E-10 4.6344E-10 4.7678E-10 4.9038E-10 5.0436E-10 5.1872E-10 5.3360E-10 5.4877E-10 5.6435E-10 5.8036E-10 5.9692E-10 6.1370E-10 6.3104E-10 6.4899E-10 6.6741E-10 6.8647E-10 7.0591E-10 7.2600E-10 7.4676E-10 7.6795E-10 7.8984E-10 8.1217E-10 8.3524E-10 8.5891E-10 8.8326E-10 9.0825E-10 9.3394E-10 9.6048E-10 9.8801E-10 1.0164E-09 1.0454E-09 1.0750E-09 1.1054E-09 1.1364E-09 1.1680E-09 1.2004E-09 1.2332E-09 1.2678E-09 1.3034E-09 1.3398E-09 1.3778E-09 1.4169E-09 1.4569E-09 1.4979E-09 1.5394E-09 1.5806E-09 1.6234E-09 1.6673E-09 1.7122E-09 1.7582E-09 1.8048E-09 1.8525E-09
3.9426E-10 4.0559E-10 4.1738E-10 4.2942E-10 4.4181E-10 4.5432E-10 4.6730E-10 4.8076E-10 4.9449E-10 5.0859E-10 5.2309E-10 5.3810E-10 5.5341E-10 5.6914E-10 5.8529E-10 6.0200E-10 6.1906E-10 6.3669E-10 6.5480E-10 6.7328E-10 6.9238E-10 7.1200E-10 7.3228E-10 7.5323E-10 7.7462E-10 7.9671E-10 8.1938E-10 8.4266E-10 8.6655E-10 8.9100E-10 9.1640E-10 9.4233E-10 9.6911E-10 9.9685E-10 1.0254E-09 1.0546E-09 1.0845E-09 1.1152E-09 1.1465E-09 1.1784E-09 1.2110E-09 1.2448E-09 1.2798E-09 1.3150E-09 1.3517E-09 1.3901E-09 1.4295E-09 1.4699E-09 1.5113E-09 1.5532E-09 1.5954E-09 1.6386E-09 1.6822E-09 1.7276E-09 1.7741E-09 1.8210E-09 1.8691E-09
3.9741E-10 4.0894E-10 4.2083E-10 4.3298E-10 4.4538E-10 4.5811E-10 4.7121E-10 4.8479E-10 4.9864E-10 5.1276E-10 5.2738E-10 5.4253E-10 5.5798E-10 5.7384E-10 5.9014E-10 6.0700E-10 6.2421E-10 6.4200E-10 6.6028E-10 6.7904E-10 6.9832E-10 7.1811E-10 7.3857E-10 7.5971E-10 7.8117E-10 8.0345E-10 8.2633E-10 8.4982E-10 8.7392E-10 8.9872E-10 9.2434E-10 9.5038E-10 9.7741E-10 1.0056E-09 1.0343E-09 1.0637E-09 1.0939E-09 1.1248E-09 1.1564E-09 1.1885E-09 1.2215E-09 1.2555E-09 1.2908E-09 1.3270E-09 1.3640E-09 1.4021E-09 1.4419E-09 1.4826E-09 1.5244E-09 1.5666E-09 1.6092E-09 1.6528E-09 1.6974E-09 1.7432E-09 1.7895E-09 1.8369E-09 1.8854E-09
4.0050E-10 4.1214E-10 4.2413E-10 4.3639E-10 4.4889E-10 4.6174E-10 4.7494E-10 4.8864E-10 5.0261E-10 5.1696E-10 5.3171E-10 5.4688E-10 5.6246E-10 5.7847E-10 5.9491E-10 6.1192E-10 6.2927E-10 6.4722E-10 6.6565E-10 6.8458E-10 7.0403E-10 7.2399E-10 7.4463E-10 7.6595E-10 7.8772E-10 8.1020E-10 8.3315E-10 8.5684E-10 8.8116E-10 9.0617E-10 9.3201E-10 9.5840E-10 9.8553E-10 1.0139E-09 1.0430E-09 1.0727E-09 1.1032E-09 1.1344E-09 1.1660E-09 1.1985E-09 1.2317E-09 1.2660E-09 1.3016E-09 1.3381E-09 1.3754E-09 1.4145E-09 1.4545E-09 1.4956E-09 1.5371E-09 1.5797E-09 1.6226E-09 1.6666E-09 1.7116E-09 1.7578E-09 1.8044E-09 1.8522E-09 1.9011E-09
4.0355E-10 4.1528E-10 4.2738E-10 4.3973E-10 4.5234E-10 4.6530E-10 4.7861E-10 4.9243E-10 5.0651E-10 5.2099E-10 5.3586E-10 5.5116E-10 5.6687E-10 5.8301E-10 5.9959E-10 6.1674E-10 6.3424E-10 6.5234E-10 6.7093E-10 6.9001E-10 7.0963E-10 7.2989E-10 7.5070E-10 7.7220E-10 7.9415E-10 8.1682E-10 8.3983E-10 8.6372E-10 8.8842E-10 9.1364E-10 9.3970E-10 9.6631E-10 9.9349E-10 1.0221E-09 1.0514E-09 1.0814E-09 1.1121E-09 1.1435E-09 1.1756E-09 1.2082E-09 1.2416E-09 1.2763E-09 1.3121E-09 1.3489E-09 1.3866E-09 1.4259E-09 1.4663E-09 1.5077E-09 1.5502E-09 1.5925E-09 1.6357E-09 1.6801E-09 1.7254E-09 1.7720E-09 1.8189E-09 1.8671E-09 1.9165E-09
4.0655E-10 4.1837E-10 4.3056E-10 4.4313E-10 4.5584E-10 4.6890E-10 4.8232E-10 4.9615E-10 5.1035E-10 5.2494E-10 5.3994E-10 5.5536E-10 5.7120E-10 5.8747E-10 6.0418E-10 6.2147E-10 6.3912E-10 6.5736E-10 6.7610E-10 6.9534E-10 7.1511E-10 7.3555E-10 7.5652E-10 7.7820E-10 8.0032E-10 8.2317E-10 8.4650E-10 8.7059E-10 8.9548E-10 9.2090E-10 9.4705E-10 9.7387E-10 1.0014E-09 1.0303E-09 1.0598E-09 1.0899E-09 1.1208E-09 1.1525E-09 1.1848E-09 1.2176E-09 1.2514E-09 1.2863E-09 1.3224E-09 1.3595E-09 1.3974E-09 1.4371E-09 1.4778E-09 1.5195E-09 1.5623E-09 1.6049E-09 1.6485E-09 1.6931E-09 1.7388E-09 1.7857E-09 1.8330E-09 1.8816E-09 1.9314E-09
4.0949E-10 4.2151E-10 4.3380E-10 4.4636E-10 4.5917E-10 4.7233E-10 4.8586E-10 4.9979E-10 5.1411E-10 5.2882E-10 5.4393E-10 5.5947E-10 5.7544E-10 5.9184E-10 6.0868E-10 6.2611E-10 6.4389E-10 6.6228E-10 6.8117E-10 7.0056E-10 7.2049E-10 7.4108E-10 7.6235E-10 7.8419E-10 8.0649E-10 8.2952E-10 8.5303E-10 8.7717E-10 9.0226E-10 9.2788E-10 9.5423E-10 9.8125E-10 1.0090E-09 1.0381E-09 1.0678E-09 1.0983E-09 1.1295E-09 1.1612E-09 1.1938E-09 1.2269E-09 1.2609E-09 1.2960E-09 1.3324E-09 1.3698E-09 1.4080E-09 1.4480E-09 1.4889E-09 1.5309E-09 1.5740E-09 1.6169E-09 1.6609E-09 1.7058E-09 1.7518E-09 1.7991E-09 1.8467E-09 1.8956E-09 1.9457E-09
4.1246E-10 4.2457E-10 4.3687E-10 4.4953E-10 4.6243E-10 4.7570E-10 4.8933E-10 5.0337E-10 5.1779E-10 5.3273E-10 5.4796E-10 5.6362E-10 5.7971E-10 5.9623E-10 6.1320E-10 6.3065E-10 6.4856E-10 6.6709E-10 6.8612E-10 7.0566E-10 7.2574E-10 7.4662E-10 7.6792E-10 7.8992E-10 8.1239E-10 8.3559E-10 8.5928E-10 8.8373E-10 9.0888E-10 9.3469E-10 9.6123E-10 9.8846E-10 1.0165E-09 1.0457E-09 1.0757E-09 1.1064E-09 1.1377E-09 1.1697E-09 1.2026E-09 1.2359E-09 1.2701E-09 1.3055E-09 1.3422E-09 1.3798E-09 1.4183E-09 1.4585E-09 1.4998E-09 1.5421E-09 1.5854E-09 1.6286E-09 1.6729E-09 1.7181E-09 1.7644E-09 1.8120E-09 1.8599E-09 1.9091E-09 1.9596E-09
4.1529E-10 4.2749E-10 4.3988E-10 4.5263E-10 4.6563E-10 4.7900E-10 4.9273E-10 5.0687E-10 5.2140E-10 5.3645E-10 5.5179E-10 5.6756E-10 5.8377E-10 6.0041E-10 6.1751E-10 6.3508E-10 6.5313E-10 6.7180E-10 6.9097E-10 7.1065E-10 7.3087E-10 7.5190E-10 7.7336E-10 7.9552E-10 8.1815E-10 8.4152E-10 8.6537E-10 8.9000E-10 9.1533E-10 9.4133E-10 9.6806E-10 9.9548E-10 1.0237E-09 1.0532E-09 1.0833E-09 1.1142E-09 1.1458E-09 1.1780E-09 1.2111E-09 1.2446E-09 1.2791E-09 1.3147E-09 1.3516E-09 1.3895E-09 1.4285E-09 1.4693E-09 1.5109E-09 1.5531E-09 1.5965E-09 1.6399E-09 1.6845E-09 1.7300E-09 1.7766E-09 1.8245E-09 1.8727E-09 1.9222E-09 1.9730E-09
4.1806E-10 4.3035E-10 4.4283E-10 4.5567E-10 4.6876E-10 4.8222E-10 4.9605E-10 5.1029E-10 5.2493E-10 5.4008E-10 5.5553E-10 5.7142E-10 5.8774E-10 6.0450E-10 6.2172E-10 6.3942E-10 6.5759E-10 6.7639E-10 6.9569E-10 7.1551E-10 7.3588E-10 7.5706E-10 7.7866E-10 8.0098E-10 8.2376E-10 8.4729E-10 8.7131E-10 8.9611E-10 9.2162E-10 9.4792E-10 9.7483E-10 1.0024E-09 1.0308E-09 1.0605E-09 1.0908E-09 1.1218E-09 1.1536E-09 1.1861E-09 1.2193E-09 1.2531E-09 1.2878E-09 1.3237E-09 1.3608E-09 1.3992E-09 1.4385E-09 1.4792E-09 1.5210E-09 1.5638E-09 1.6071E-09 1.6509E-09 1.6957E-09 1.7415E-09 1.7884E-09 1.8365E-09 1.8850E-09 1.9348E-09 1.9859E-09
4.2077E-10 4.3314E-10 4.4571E-10 4.5863E-10 4.7182E-10 4.8537E-10 4.9930E-10 5.1364E-10 5.2837E-10 5.4363E-10 5.5918E-10 5.7518E-10 5.9161E-10 6.0849E-10 6.2582E-10 6.4364E-10 6.6195E-10 6.8087E-10 7.0030E-10 7.2025E-10 7.4076E-10 7.6208E-10 7.8382E-10 8.0629E-10 8.2923E-10 8.5291E-10 8.7710E-10 9.0205E-10 9.2786E-10 9.5420E-10 9.8129E-10 1.0091E-09 1.0376E-09 1.0675E-09 1.0980E-09 1.1292E-09 1.1612E-09 1.1939E-09 1.2273E-09 1.2613E-09 1.2962E-09 1.3323E-09 1.3700E-09 1.4083E-09 1.4478E-09 1.4888E-09 1.5308E-09 1.5739E-09 1.6174E-09 1.6614E-09 1.7064E-09 1.7525E-09 1.7997E-09 1.8481E-09 1.8969E-09 1.9471E-09 1.9984E-09
4.2342E-10 4.3576E-10 4.4852E-10 4.6153E-10 4.7481E-10 4.8845E-10 5.0247E-10 5.1690E-10 5.3173E-10 5.4709E-10 5.6275E-10 5.7885E-10 5.9539E-10 6.1238E-10 6.2982E-10 6.4776E-10 6.6618E-10 6.8523E-10 7.0479E-10 7.2487E-10 7.4551E-10 7.6669E-10 7.8885E-10 8.1146E-10 8.3454E-10 8.5837E-10 8.8271E-10 9.0783E-10 9.3379E-10 9.6030E-10 9.8755E-10 1.0155E-09 1.0442E-09 1.0743E-09 1.1050E-09 1.1364E-09 1.1686E-09 1.2014E-09 1.2351E-09 1.2692E-09 1.3043E-09 1.3407E-09 1.3785E-09 1.4170E-09 1.4568E-09 1.4980E-09 1.5402E-09 1.5835E-09 1.6273E-09 1.6716E-09 1.7168E-09 1.7631E-09 1.8105E-09 1.8592E-09 1.9084E-09 1.9587E-09 2.0103E-09
4.2600E-10 4.3843E-10 4.5127E-10 4.6436E-10 4.7772E-10 4.9145E-10 5.0556E-10 5.2008E-10 5.3501E-10 5.5046E-10 5.6622E-10 5.8242E-10 5.9906E-10 6.1616E-10 6.3372E-10 6.5177E-10 6.7030E-10 6.8947E-10 7.0915E-10 7.2936E-10 7.5012E-10 7.7144E-10 7.9373E-10 8.1647E-10 8.3970E-10 8.6367E-10 8.8816E-10 9.1342E-10 9.3954E-10 9.6621E-10 9.9362E-10 1.0217E-09 1.0506E-09 1.0809E-09 1.1117E-09 1.1433E-09 1.1757E-09 1.2087E-09 1.2425E-09 1.2769E-09 1.3122E-09 1.3487E-09 1.3865E-09 1.4255E-09 1.4652E-09 1.5069E-09 1.5493E-09 1.5928E-09 1.6368E-09 1.6813E-09 1.7268E-09 1.7733E-09 1.8209E-09 1.8698E-09 1.9193E-09 1.9698E-09 2.0216E-09
4.2852E-10 4.4102E-10 4.5372E-10 4.6711E-10 4.8055E-10 4.9437E-10 5.0857E-10 5.2318E-10 5.3820E-10 5.5362E-10 5.6959E-10 5.8589E-10 6.0264E-10 6.1984E-10 6.3750E-10 6.5566E-10 6.7431E-10 6.9359E-10 7.1338E-10 7.3371E-10 7.5460E-10 7.7604E-10 7.9820E-10 8.2134E-10 8.4469E-10 8.6881E-10 8.9343E-10 9.1884E-10 9.4497E-10 9.7192E-10 9.9949E-10 1.0278E-09 1.0568E-09 1.0872E-09 1.1182E-09 1.1500E-09 1.1825E-09 1.2157E-09 1.2497E-09 1.2843E-09 1.3198E-09 1.3565E-09 1.3944E-09 1.4336E-09 1.4735E-09 1.5154E-09 1.5580E-09 1.6017E-09 1.6459E-09 1.6906E-09 1.7363E-09 1.7830E-09 1.8309E-09 1.8800E-09 1.9295E-09 1.9804E-09 2.0324E-09
4.3098E-10 4.4355E-10 4.5632E-10 4.6968E-10 4.8331E-10 4.9721E-10 5.1149E-10 5.2619E-10 5.4129E-10 5.5681E-10 5.7287E-10 5.8927E-10 6.0611E-10 6.2341E-10 6.4117E-10 6.5944E-10 6.7819E-10 6.9758E-10 7.1749E-10 7.3793E-10 7.5894E-10 7.8050E-10 8.0278E-10 8.2591E-10 8.4953E-10 8.7377E-10 8.9853E-10 9.2408E-10 9.5035E-10 9.7744E-10 1.0052E-09 1.0336E-09 1.0628E-09 1.0933E-09 1.1245E-09 1.1564E-09 1.1891E-09 1.2225E-09 1.2567E-09 1.2914E-09 1.3270E-09 1.3639E-09 1.4020E-09 1.4411E-09 1.4815E-09 1.5232E-09 1.5663E-09 1.6103E-09 1.6546E-09 1.6995E-09 1.7454E-09 1.7923E-09 1.8403E-09 1.8896E-09 1.9393E-09 1.9905E-09 2.0427E-09
4.3328E-10 4.4601E-10 4.5885E-10 4.7218E-10 4.8599E-10 4.9997E-10 5.1433E-10 5.2911E-10 5.4430E-10 5.5990E-10 5.7594E-10 5.9254E-10 6.0947E-10 6.2687E-10 6.4473E-10 6.6309E-10 6.8195E-10 7.0131E-10 7.2146E-10 7.4202E-10 7.6313E-10 7.8481E-10 8.0720E-10 8.3033E-10 8.5420E-10 8.7857E-10 9.0345E-10 9.2913E-10 9.5554E-10 9.8263E-10 1.0106E-09 1.0392E-09 1.0685E-09 1.0992E-09 1.1306E-09 1.1626E-09 1.1954E-09 1.2290E-09 1.2633E-09 1.2982E-09 1.3340E-09 1.3710E-09 1.4093E-09 1.4486E-09 1.4891E-09 1.5310E-09 1.5743E-09 1.6184E-09 1.6629E-09 1.7080E-09 1.7540E-09 1.8011E-09 1.8493E-09 1.8988E-09 1.9487E-09 2.0000E-09 2.0524E-09
4.3560E-10 4.4840E-10 4.6131E-10 4.7470E-10 4.8837E-10 5.0264E-10 5.1708E-10 5.3194E-10 5.4721E-10 5.6290E-10 5.7901E-10 5.9559E-10 6.1273E-10 6.3021E-10 6.4817E-10 6.6663E-10 6.8559E-10 7.0505E-10 7.2517E-10 7.4596E-10 7.6718E-10 7.8897E-10 8.1148E-10 8.3471E-10 8.5844E-10 8.8319E-10 9.0819E-10 9.3400E-10 9.6035E-10 9.8775E-10 1.0159E-09 1.0446E-09 1.0741E-09 1.1049E-09 1.1363E-09 1.1685E-09 1.2015E-09 1.2352E-09 1.2697E-09 1.3047E-09 1.3407E-09 1.3778E-09 1.4163E-09 1.4557E-09 1.4960E-09 1.5384E-09 1.5815E-09 1.6261E-09 1.6708E-09 1.7160E-09 1.7622E-09 1.8095E-09 1.8578E-09 1.9075E-09 1.9575E-09 2.0088E-09 2.0616E-09
4.3774E-10 4.5063E-10 4.6369E-10 4.7715E-10 4.9089E-10 5.0512E-10 5.1975E-10 5.3468E-10 5.5002E-10 5.6579E-10 5.8199E-10 5.9852E-10 6.1587E-10 6.3344E-10 6.5149E-10 6.7005E-10 6.8910E-10 7.0865E-10 7.2887E-10 7.4963E-10 7.7109E-10 7.9298E-10 8.1559E-10 8.3880E-10 8.6277E-10 8.8750E-10 9.1275E-10 9.3867E-10 9.6514E-10 9.9248E-10 1.0206E-09 1.0497E-09 1.0793E-09 1.1097E-09 1.1419E-09 1.1742E-09 1.2073E-09 1.2411E-09 1.2758E-09 1.3109E-09 1.3470E-09 1.3843E-09 1.4229E-09 1.4624E-09 1.5029E-09 1.5454E-09 1.5887E-09 1.6331E-09 1.6783E-09 1.7236E-09 1.7699E-09 1.8174E-09 1.8659E-09 1.9156E-09 1.9658E-09 2.0173E-09 2.0700E-09
