Assets/Resources/2015_m01_d19_0400(utc+0800)_l00_csi_1hr_conc.grd
DSAA
         159         159
     -79.000      79.000
     -79.000      79.000
  0.0000E+00  0.1253E-04
[rows 50 to 74 of 159, columns 57 to 113 of 159]
0.0000E+00 0.0000E+00 0.0000E+00 0.0000E+00 0.0000E+00 0.0000E+00 0.0000E+00 0.0000E+00 0.0000E+00 0.0000E+00 0.0000E+00 0.0000E+00 0.0000E+00 0.0000E+00 0.0000E+00 0.0000E+00 0.0000E+00 0.0000E+00 0.0000E+00 0.0000E+00 0.0000E+00 0.0000E+00 0.0000E+00 0.0000E+00 0.0000E+00 0.0000E+00 0.0000E+00 0.0000E+00 0.0000E+00 0.0000E+00 0.0000E+00 0.0000E+00 0.0000E+00 0.0000E+00 2.5603E-11 5.6008E-11 1.2544E-10 2.9937E-10 5.1287E-10 7.0803E-10 9.9959E-10 1.2342E-09 1.4449E-09 1.6063E-09 1.6966E-09 1.7251E-09 1.6940E-09 1.6085E-09 1.4771E-09 1.1471E-09 9.6736E-10 8.4832E-10 6.9761E-10 8.3195E-10 9.8519E-10 1.1464E-09 1.3149E-09
0.0000E+00 0.0000E+00 0.0000E+00 0.0000E+00 0.0000E+00 0.0000E+00 0.0000E+00 0.0000E+00 0.0000E+00 0.0000E+00 0.0000E+00 0.0000E+00 0.0000E+00 0.0000E+00 0.0000E+00 0.0000E+00 0.0000E+00 0.0000E+00 0.0000E+00 0.0000E+00 0.0000E+00 0.0000E+00 0.0000E+00 0.0000E+00 0.0000E+00 0.0000E+00 0.0000E+00 0.0000E+00 0.0000E+00 0.0000E+00 0.0000E+00 0.0000E+00 0.0000E+00 3.5991E-11 6.5890E-11 1.5625E-10 3.9967E-10 7.2895E-10 1.0297E-09 1.5291E-09 1.9534E-09 2.3734E-09 2.7645E-09 3.0685E-09 3.2602E-09 3.3304E-09 3.2900E-09 3.1450E-09 2.9322E-09 2.6530E-09 2.0694E-09 1.8477E-09 1.4620E-09 1.3339E-09 1.4218E-09 1.6064E-09 1.8140E-09
0.0000E+00 0.0000E+00 0.0000E+00 0.0000E+00 0.0000E+00 0.0000E+00 0.0000E+00 0.0000E+00 0.0000E+00 0.0000E+00 0.0000E+00 0.0000E+00 0.0000E+00 0.0000E+00 0.0000E+00 0.0000E+00 0.0000E+00 0.0000E+00 0.0000E+00 0.0000E+00 0.0000E+00 0.0000E+00 0.0000E+00 0.0000E+00 0.0000E+00 0.0000E+00 0.0000E+00 0.0000E+00 0.0000E+00 0.0000E+00 0.0000E+00 0.0000E+00 3.6704E-11 6.5417E-11 1.7119E-10 4.6442E-10 9.1135E-10 1.3186E-09 2.0547E-09 2.7287E-09 3.4780E-09 4.2262E-09 4.8990E-09 5.4742E-09 5.8514E-09 6.0052E-09 5.9418E-09 5.6709E-09 5.2557E-09 4.7585E-09 4.2580E-09 3.7544E-09 3.0082E-09 2.4937E-09 2.5446E-09 2.3947E-09 2.5940E-09
0.0000E+00 0.0000E+00 0.0000E+00 0.0000E+00 0.0000E+00 0.0000E+00 0.0000E+00 0.0000E+00 0.0000E+00 0.0000E+00 0.0000E+00 0.0000E+00 0.0000E+00 0.0000E+00 0.0000E+00 0.0000E+00 0.0000E+00 0.0000E+00 0.0000E+00 0.0000E+00 0.0000E+00 0.0000E+00 0.0000E+00 0.0000E+00 0.0000E+00 0.0000E+00 0.0000E+00 0.0000E+00 0.0000E+00 0.0000E+00 0.0000E+00 2.6559E-11 5.5537E-11 3.1794E-10 5.0996E-10 1.0744E-09 1.5845E-09 2.5972E-09 3.5500E-09 4.6896E-09 5.9073E-09 7.1500E-09 8.3218E-09 9.2784E-09 9.9440E-09 1.0220E-08 1.0110E-08 9.6301E-09 8.8669E-09 7.9749E-09 7.0617E-09 6.2432E-09 5.5653E-09 4.5331E-09 4.2312E-09 4.0118E-09 3.8528E-09
0.0000E+00 0.0000E+00 0.0000E+00 0.0000E+00 0.0000E+00 0.0000E+00 0.0000E+00 0.0000E+00 0.0000E+00 0.0000E+00 0.0000E+00 0.0000E+00 0.0000E+00 0.0000E+00 0.0000E+00 0.0000E+00 0.0000E+00 0.0000E+00 0.0000E+00 0.0000E+00 0.0000E+00 0.0000E+00 0.0000E+00 0.0000E+00 0.0000E+00 0.0000E+00 0.0000E+00 0.0000E+00 0.0000E+00 0.0000E+00 6.7279E-12 4.8697E-11 3.3402E-10 5.3047E-10 1.1763E-09 2.0372E-09 3.0356E-09 4.2717E-09 5.8170E-09 7.5803E-09 9.5319E-09 1.1512E-08 1.3393E-08 1.4947E-08 1.6034E-08 1.6510E-08 1.6314E-08 1.5529E-08 1.4290E-08 1.2803E-08 1.1270E-08 9.8554E-09 8.6541E-09 7.7337E-09 6.9744E-09 6.4062E-09 6.0057E-09
0.0000E+00 0.0000E+00 0.0000E+00 0.0000E+00 0.0000E+00 0.0000E+00 0.0000E+00 0.0000E+00 0.0000E+00 0.0000E+00 0.0000E+00 0.0000E+00 0.0000E+00 0.0000E+00 0.0000E+00 0.0000E+00 0.0000E+00 0.0000E+00 0.0000E+00 0.0000E+00 0.0000E+00 0.0000E+00 0.0000E+00 0.0000E+00 0.0000E+00 0.0000E+00 0.0000E+00 0.0000E+00 0.0000E+00 0.0000E+00 4.1381E-11 3.1264E-10 5.7711E-10 1.2574E-09 2.2598E-09 3.4074E-09 4.8666E-09 6.7787E-09 9.0606E-09 1.1722E-08 1.4649E-08 1.7663E-08 2.0488E-08 2.2890E-08 2.4553E-08 2.5298E-08 2.5047E-08 2.3871E-08 2.1985E-08 1.9690E-08 1.7287E-08 1.5013E-08 1.3060E-08 1.1514E-08 1.0376E-08 9.5931E-09 8.8518E-09
0.0000E+00 0.0000E+00 0.0000E+00 0.0000E+00 0.0000E+00 0.0000E+00 0.0000E+00 0.0000E+00 0.0000E+00 0.0000E+00 0.0000E+00 0.0000E+00 0.0000E+00 0.0000E+00 0.0000E+00 0.0000E+00 0.0000E+00 0.0000E+00 0.0000E+00 0.0000E+00 0.0000E+00 0.0000E+00 0.0000E+00 0.0000E+00 0.0000E+00 0.0000E+00 0.0000E+00 0.0000E+00 0.0000E+00 1.6438E-11 3.2583E-10 8.3600E-10 1.2747E-09 2.4386E-09 3.6488E-09 5.3272E-09 7.5152E-09 1.0228E-08 1.3519E-08 1.7312E-08 2.1472E-08 2.5735E-08 2.9822E-08 3.3258E-08 3.5702E-08 3.6834E-08 3.6563E-08 3.4949E-08 3.2258E-08 2.8936E-08 2.5409E-08 2.2019E-08 1.9063E-08 1.6659E-08 1.4805E-08 1.3477E-08 1.2582E-08
0.0000E+00 0.0000E+00 0.0000E+00 0.0000E+00 0.0000E+00 0.0000E+00 0.0000E+00 0.0000E+00 0.0000E+00 0.0000E+00 0.0000E+00 0.0000E+00 0.0000E+00 0.0000E+00 0.0000E+00 0.0000E+00 0.0000E+00 0.0000E+00 0.0000E+00 0.0000E+00 0.0000E+00 0.0000E+00 0.0000E+00 0.0000E+00 0.0000E+00 0.0000E+00 0.0000E+00 0.0000E+00 1.8962E-11 3.2898E-10 8.3411E-10 1.3747E-09 2.6050E-09 3.9249E-09 5.7644E-09 8.0847E-09 1.1134E-08 1.4850E-08 1.9291E-08 2.4387E-08 2.9953E-08 3.5707E-08 4.1171E-08 4.5886E-08 4.9275E-08 5.0959E-08 5.0706E-08 4.8627E-08 4.5070E-08 4.0576E-08 3.5715E-08 3.1004E-08 2.6800E-08 2.3302E-08 2.0542E-08 1.8496E-08 1.7056E-08
0.0000E+00 0.0000E+00 0.0000E+00 0.0000E+00 0.0000E+00 0.0000E+00 0.0000E+00 0.0000E+00 0.0000E+00 0.0000E+00 0.0000E+00 0.0000E+00 0.0000E+00 0.0000E+00 0.0000E+00 0.0000E+00 0.0000E+00 0.0000E+00 0.0000E+00 0.0000E+00 0.0000E+00 0.0000E+00 0.0000E+00 0.0000E+00 0.0000E+00 0.0000E+00 0.0000E+00 3.3128E-11 3.4605E-10 8.9767E-10 1.4801E-09 2.7919E-09 4.2912E-09 6.1649E-09 8.7124E-09 1.1938E-08 1.5878E-08 2.0698E-08 2.6337E-08 3.2781E-08 3.9775E-08 4.7030E-08 5.4010E-08 6.0048E-08 6.4531E-08 6.6896E-08 6.6771E-08 6.4263E-08 5.9874E-08 5.4208E-08 4.7970E-08 4.1791E-08 3.6191E-08 3.1443E-08 2.7623E-08 2.4703E-08 2.2571E-08
0.0000E+00 0.0000E+00 0.0000E+00 0.0000E+00 0.0000E+00 0.0000E+00 0.0000E+00 0.0000E+00 0.0000E+00 0.0000E+00 0.0000E+00 0.0000E+00 0.0000E+00 0.0000E+00 0.0000E+00 0.0000E+00 0.0000E+00 0.0000E+00 0.0000E+00 0.0000E+00 0.0000E+00 0.0000E+00 0.0000E+00 0.0000E+00 0.0000E+00 0.0000E+00 2.1978E-10 4.1151E-10 1.0020E-09 1.6525E-09 3.1479E-09 4.6677E-09 6.7935E-09 9.5038E-09 1.2806E-08 1.6943E-08 2.1856E-08 2.7672E-08 3.4404E-08 4.1975E-08 5.0267E-08 5.8851E-08 6.7201E-08 7.4595E-08 8.0187E-08 8.3272E-08 8.3399E-08 8.0688E-08 7.5671E-08 6.9001E-08 6.1476E-08 5.3880E-08 4.6889E-08 4.0852E-08 3.5906E-08 3.2026E-08 2.9092E-08
0.0000E+00 0.0000E+00 0.0000E+00 0.0000E+00 0.0000E+00 0.0000E+00 0.0000E+00 0.0000E+00 0.0000E+00 0.0000E+00 0.0000E+00 0.0000E+00 0.0000E+00 0.0000E+00 0.0000E+00 0.0000E+00 0.0000E+00 0.0000E+00 0.0000E+00 0.0000E+00 0.0000E+00 0.0000E+00 0.0000E+00 0.0000E+00 0.0000E+00 2.1259E-10 4.7717E-10 1.1693E-09 2.2476E-09 3.5408E-09 5.3042E-09 7.5745E-09 1.0491E-08 1.4067E-08 1.8255E-08 2.3183E-08 2.8896E-08 3.5429E-08 4.2912E-08 5.1273E-08 6.0395E-08 6.9981E-08 7.9384E-08 8.7882E-08 9.4525E-08 9.8310E-08 9.8897E-08 9.6328E-08 9.1008E-08 8.3700E-08 7.5162E-08 6.6434E-08 5.8264E-08 5.1060E-08 4.5042E-08 4.0205E-08 3.6428E-08
0.0000E+00 0.0000E+00 0.0000E+00 0.0000E+00 0.0000E+00 0.0000E+00 0.0000E+00 0.0000E+00 0.0000E+00 0.0000E+00 0.0000E+00 0.0000E+00 0.0000E+00 0.0000E+00 0.0000E+00 0.0000E+00 0.0000E+00 0.0000E+00 0.0000E+00 0.0000E+00 0.0000E+00 0.0000E+00 0.0000E+00 0.0000E+00 1.9761E-10 5.0982E-10 1.2678E-09 2.4615E-09 4.0855E-09 6.0640E-09 8.6925E-09 1.1906E-08 1.5723E-08 2.0133E-08 2.5086E-08 3.0520E-08 3.6627E-08 4.3436E-08 5.1058E-08 5.9622E-08 6.9024E-08 7.9018E-08 8.9095E-08 9.8331E-08 1.0569E-07 1.1023E-07 1.1150E-07 1.0941E-07 1.0428E-07 9.6794E-08 8.7756E-08 7.8398E-08 6.9432E-08 6.1370E-08 5.4469E-08 4.8790E-08 4.4226E-08
0.0000E+00 0.0000E+00 0.0000E+00 0.0000E+00 0.0000E+00 0.0000E+00 0.0000E+00 0.0000E+00 0.0000E+00 0.0000E+00 0.0000E+00 0.0000E+00 0.0000E+00 0.0000E+00 0.0000E+00 0.0000E+00 0.0000E+00 0.0000E+00 0.0000E+00 0.0000E+00 0.0000E+00 0.0000E+00 5.2148E-11 1.6681E-10 6.0185E-10 1.1984E-09 2.5928E-09 4.6181E-09 7.0199E-09 1.0100E-08 1.3791E-08 1.8046E-08 2.2723E-08 2.7737E-08 3.2999E-08 3.8512E-08 4.4376E-08 5.0786E-08 5.7927E-08 6.6008E-08 7.5056E-08 8.4848E-08 9.4982E-08 1.0449E-07 1.1230E-07 1.1760E-07 1.1971E-07 1.1844E-07 1.1397E-07 1.0683E-07 9.8015E-08 8.8636E-08 7.9401E-08 7.0919E-08 6.3473E-08 5.7194E-08 5.1997E-08
0.0000E+00 0.0000E+00 0.0000E+00 0.0000E+00 0.0000E+00 0.0000E+00 0.0000E+00 0.0000E+00 0.0000E+00 0.0000E+00 0.0000E+00 0.0000E+00 0.0000E+00 0.0000E+00 0.0000E+00 0.0000E+00 0.0000E+00 0.0000E+00 0.0000E+00 0.0000E+00 2.3937E-11 5.2581E-11 1.8234E-10 4.9807E-10 1.2190E-09 2.6598E-09 4.8808E-09 7.9752E-09 1.1684E-08 1.6050E-08 2.0963E-08 2.6191E-08 3.1451E-08 3.6567E-08 4.1491E-08 4.6297E-08 5.1271E-08 5.6581E-08 6.2597E-08 6.9539E-08 7.7608E-08 8.6688E-08 9.6321E-08 1.0565E-07 1.1369E-07 1.1960E-07 1.2262E-07 1.2239E-07 1.1901E-07 1.1282E-07 1.0489E-07 9.6112E-08 8.7224E-08 7.8843E-08 7.1291E-08 6.4745E-08 5.9164E-08
0.0000E+00 0.0000E+00 0.0000E+00 0.0000E+00 0.0000E+00 0.0000E+00 0.0000E+00 0.0000E+00 0.0000E+00 0.0000E+00 0.0000E+00 0.0000E+00 0.0000E+00 0.0000E+00 0.0000E+00 0.0000E+00 0.0000E+00 0.0000E+00 0.0000E+00 1.5214E-11 3.6356E-11 1.2658E-10 3.9861E-10 1.1247E-09 2.1934E-09 4.7190E-09 8.5198E-09 1.3226E-08 1.8601E-08 2.4352E-08 3.0258E-08 3.6047E-08 4.1255E-08 4.5752E-08 4.9564E-08 5.2955E-08 5.6286E-08 5.9947E-08 6.4285E-08 6.9718E-08 7.6412E-08 8.4344E-08 9.3080E-08 1.0187E-07 1.0990E-07 1.1621E-07 1.2007E-07 1.2102E-07 1.1898E-07 1.1425E-07 1.0772E-07 1.0012E-07 9.2162E-08 8.4414E-08 7.7228E-08 7.0796E-08 6.5004E-08
0.0000E+00 0.0000E+00 0.0000E+00 0.0000E+00 0.0000E+00 0.0000E+00 0.0000E+00 0.0000E+00 0.0000E+00 0.0000E+00 0.0000E+00 0.0000E+00 0.0000E+00 0.0000E+00 0.0000E+00 0.0000E+00 0.0000E+00 0.0000E+00 0.0000E+00 2.4962E-11 1.1125E-10 2.7831E-10 7.3101E-10 1.9530E-09 4.2993E-09 8.5371E-09 1.4283E-08 2.1244E-08 2.8295E-08 3.5079E-08 4.1247E-08 4.6687E-08 5.0990E-08 5.4022E-08 5.5955E-08 5.7342E-08 5.8575E-08 6.0285E-08 6.2790E-08 6.6530E-08 7.1703E-08 7.8279E-08 8.5902E-08 9.3957E-08 1.0167E-07 1.0817E-07 1.1268E-07 1.1482E-07 1.1420E-07 1.1119E-07 1.0638E-07 1.0039E-07 9.3819E-08 8.7168E-08 8.0770E-08 7.4837E-08 6.8718E-08
0.0000E+00 0.0000E+00 0.0000E+00 0.0000E+00 0.0000E+00 0.0000E+00 0.0000E+00 0.0000E+00 0.0000E+00 0.0000E+00 0.0000E+00 0.0000E+00 0.0000E+00 0.0000E+00 0.0000E+00 0.0000E+00 0.0000E+00 0.0000E+00 1.2898E-11 6.6629E-11 2.0134E-10 6.0339E-10 1.3507E-09 3.5293E-09 7.4452E-09 1.4882E-08 2.3855E-08 3.3157E-08 4.1144E-08 4.7666E-08 5.2851E-08 5.6621E-08 5.8976E-08 5.9827E-08 5.9472E-08 5.8583E-08 5.7715E-08 5.7506E-08 5.8330E-08 6.0453E-08 6.4218E-08 6.9460E-08 7.5921E-08 8.3097E-08 9.0272E-08 9.6711E-08 1.0168E-07 1.0479E-07 1.0553E-07 1.0425E-07 1.0128E-07 9.7130E-08 9.2200E-08 8.6970E-08 8.1678E-08 7.6437E-08 7.0182E-08
0.0000E+00 0.0000E+00 0.0000E+00 0.0000E+00 0.0000E+00 0.0000E+00 0.0000E+00 0.0000E+00 0.0000E+00 0.0000E+00 0.0000E+00 0.0000E+00 0.0000E+00 0.0000E+00 0.0000E+00 0.0000E+00 0.0000E+00 0.0000E+00 3.8704E-11 1.3376E-10 3.9158E-10 9.7826E-10 2.6815E-09 6.7833E-09 1.3248E-08 2.6218E-08 3.9339E-08 5.0009E-08 5.7014E-08 6.0804E-08 6.3167E-08 6.3979E-08 6.3524E-08 6.1878E-08 5.9235E-08 5.6313E-08 5.3746E-08 5.2001E-08 5.1515E-08 5.2456E-08 5.5005E-08 5.9082E-08 6.4440E-08 7.0678E-08 7.7172E-08 8.3320E-08 8.8515E-08 9.2254E-08 9.4162E-08 9.4434E-08 9.3226E-08 9.0888E-08 8.7691E-08 8.4007E-08 8.0013E-08 7.5292E-08 6.9555E-08
0.0000E+00 0.0000E+00 0.0000E+00 0.0000E+00 0.0000E+00 0.0000E+00 0.0000E+00 0.0000E+00 0.0000E+00 0.0000E+00 0.0000E+00 0.0000E+00 0.0000E+00 0.0000E+00 0.0000E+00 0.0000E+00 0.0000E+00 0.0000E+00 7.4863E-11 1.8716E-10 5.8648E-10 1.7648E-09 4.7978E-09 1.2070E-08 2.6271E-08 4.6643E-08 6.3578E-08 7.1759E-08 7.3891E-08 7.2353E-08 6.9877E-08 6.7056E-08 6.3584E-08 5.9663E-08 5.5252E-08 5.0921E-08 4.7253E-08 4.4620E-08 4.3344E-08 4.3499E-08 4.5182E-08 4.8315E-08 5.2694E-08 5.7999E-08 6.3728E-08 6.9406E-08 7.4543E-08 7.8604E-08 8.1394E-08 8.2898E-08 8.3205E-08 8.2473E-08 8.0907E-08 7.8728E-08 7.6029E-08 7.1766E-08 6.7138E-08
0.0000E+00 0.0000E+00 0.0000E+00 0.0000E+00 0.0000E+00 0.0000E+00 0.0000E+00 0.0000E+00 0.0000E+00 0.0000E+00 0.0000E+00 0.0000E+00 0.0000E+00 0.0000E+00 0.0000E+00 0.0000E+00 0.0000E+00 0.0000E+00 9.5836E-11 3.5530E-10 1.0810E-09 2.9889E-09 8.5242E-09 2.3078E-08 5.4900E-08 8.2321E-08 9.4367E-08 9.4284E-08 8.6973E-08 7.8808E-08 7.1135E-08 6.4960E-08 5.9115E-08 5.3606E-08 4.8296E-08 4.3362E-08 3.9311E-08 3.6359E-08 3.4783E-08 3.4573E-08 3.5689E-08 3.8102E-08 4.1640E-08 4.6071E-08 5.0997E-08 5.6085E-08 6.0915E-08 6.5052E-08 6.8376E-08 7.0740E-08 7.2204E-08 7.2785E-08 7.2603E-08 7.1773E-08 7.0033E-08 6.6611E-08 6.3383E-08
0.0000E+00 0.0000E+00 0.0000E+00 0.0000E+00 0.0000E+00 0.0000E+00 0.0000E+00 0.0000E+00 0.0000E+00 0.0000E+00 0.0000E+00 0.0000E+00 0.0000E+00 0.0000E+00 0.0000E+00 0.0000E+00 0.0000E+00 0.0000E+00 1.7386E-10 5.4383E-10 1.6353E-09 4.3938E-09 1.3479E-08 5.0814E-08 1.1896E-07 1.3568E-07 1.2069E-07 1.0664E-07 9.0473E-08 7.7076E-08 6.6305E-08 5.8053E-08 5.1114E-08 4.5023E-08 3.9633E-08 3.4886E-08 3.1017E-08 2.8245E-08 2.6673E-08 2.6327E-08 2.7183E-08 2.9052E-08 3.1901E-08 3.5520E-08 3.9681E-08 4.4100E-08 4.8454E-08 5.2460E-08 5.5988E-08 5.8877E-08 6.1118E-08 6.2664E-08 6.3552E-08 6.3814E-08 6.2728E-08 6.0529E-08 5.8625E-08
0.0000E+00 0.0000E+00 0.0000E+00 0.0000E+00 0.0000E+00 0.0000E+00 0.0000E+00 0.0000E+00 0.0000E+00 0.0000E+00 0.0000E+00 0.0000E+00 0.0000E+00 0.0000E+00 0.0000E+00 0.0000E+00 0.0000E+00 3.6958E-11 2.1413E-10 6.9983E-10 2.0669E-09 6.1314E-09 4.1973E-08 1.7537E-07 2.0005E-07 1.6049E-07 1.2583E-07 1.0006E-07 8.1635E-08 6.7236E-08 5.6315E-08 4.7928E-08 4.1232E-08 3.5516E-08 3.0664E-08 2.6571E-08 2.3302E-08 2.0958E-08 1.9626E-08 1.9281E-08 1.9927E-08 2.1474E-08 2.3749E-08 2.6653E-08 3.0076E-08 3.3822E-08 3.7657E-08 4.1384E-08 4.4867E-08 4.7968E-08 5.0633E-08 5.2783E-08 5.4409E-08 5.5388E-08 5.4977E-08 5.3990E-08 5.3174E-08
0.0000E+00 0.0000E+00 0.0000E+00 0.0000E+00 0.0000E+00 0.0000E+00 0.0000E+00 0.0000E+00 0.0000E+00 0.0000E+00 0.0000E+00 0.0000E+00 0.0000E+00 0.0000E+00 0.0000E+00 0.0000E+00 0.0000E+00 5.3677E-11 2.3591E-10 7.6364E-10 3.1067E-09 1.4253E-07 2.6788E-07 3.2007E-07 1.9326E-07 1.2722E-07 1.0064E-07 7.9936E-08 6.4662E-08 5.2818E-08 4.3775E-08 3.6694E-08 3.1145E-08 2.6431E-08 2.2471E-08 1.9233E-08 1.6683E-08 1.4880E-08 1.3849E-08 1.3608E-08 1.4109E-08 1.5338E-08 1.7178E-08 1.9531E-08 2.2299E-08 2.5429E-08 2.8722E-08 3.2050E-08 3.5307E-08 3.8371E-08 4.1175E-08 4.3625E-08 4.5669E-08 4.7095E-08 4.7402E-08 4.7387E-08 4.7375E-08
0.0000E+00 0.0000E+00 0.0000E+00 0.0000E+00 0.0000E+00 0.0000E+00 0.0000E+00 0.0000E+00 0.0000E+00 0.0000E+00 0.0000E+00 0.0000E+00 0.0000E+00 0.0000E+00 0.0000E+00 0.0000E+00 0.0000E+00 5.0059E-11 2.2855E-10 7.2415E-10 1.3653E-08 1.0375E-06 4.4012E-07 2.6972E-07 1.1087E-07 8.6240E-08 7.1314E-08 5.7313E-08 4.6552E-08 3.8024E-08 3.1524E-08 2.6272E-08 2.2089E-08 1.8610E-08 1.5644E-08 1.3253E-08 1.1380E-08 1.0084E-08 9.3930E-09 9.2314E-09 9.6757E-09 1.0649E-08 1.2087E-08 1.3994E-08 1.6241E-08 1.8806E-08 2.1553E-08 2.4447E-08 2.7361E-08 3.0215E-08 3.2941E-08 3.5475E-08 3.7749E-08 3.9388E-08 4.0286E-08 4.1006E-08 4.1539E-08
0.0000E+00 0.0000E+00 0.0000E+00 0.0000E+00 0.0000E+00 0.0000E+00 0.0000E+00 0.0000E+00 0.0000E+00 0.0000E+00 0.0000E+00 0.0000E+00 0.0000E+00 0.0000E+00 0.0000E+00 0.0000E+00 0.0000E+00 3.6499E-11 1.9168E-10 5.8798E-10 4.6367E-08 2.1367E-06 4.8120E-07 1.4428E-07 6.8697E-08 5.2592E-08 4.6731E-08 3.8013E-08 3.1057E-08 2.5473E-08 2.1135E-08 1.7628E-08 1.4759E-08 1.2366E-08 1.0292E-08 8.6631E-09 7.3845E-09 6.5281E-09 6.1017E-09 6.0767E-09 6.4549E-09 7.2015E-09 8.3186E-09 9.7941E-09 1.1590E-08 1.3680E-08 1.5958E-08 1.8391E-08 2.0926E-08 2.3509E-08 2.6040E-08 2.8472E-08 3.0782E-08 3.2549E-08 3.3855E-08 3.4992E-08 3.5895E-08
