Assets/Resources/2015_m01_d09_2200(utc+0800)_l00_csi_1hr_conc.grd
DSAA
         159         159
     -79.000      79.000
     -79.000      79.000
  0.1589E-08  0.5440E-05
[rows 0 to 24 of 159, columns 57 to 113 of 159]
3.1575E-09 3.1602E-09 3.1617E-09 3.1499E-09 3.1466E-09 3.1445E-09 3.1333E-09 3.1285E-09 3.1208E-09 3.1079E-09 3.0997E-09 3.0928E-09 3.0822E-09 3.0610E-09 3.0479E-09 3.0321E-09 3.0221E-09 3.0045E-09 2.9951E-09 2.9838E-09 2.9708E-09 2.9595E-09 2.9480E-09 2.9350E-09 2.9213E-09 2.9098E-09 2.8973E-09 2.8839E-09 2.8702E-09 2.8551E-09 2.8378E-09 2.8233E-09 2.8062E-09 2.7887E-09 2.7716E-09 2.7533E-09 2.7295E-09 2.7073E-09 2.6912E-09 2.6725E-09 2.6517E-09 2.6298E-09 2.6075E-09 2.5896E-09 2.5632E-09 2.5478E-09 2.5243E-09 2.5013E-09 2.4792E-09 2.4582E-09 2.4374E-09 2.4103E-09 2.3938E-09 2.3770E-09 2.3476E-09 2.3332E-09 2.3172E-09
3.2696E-09 3.2688E-09 3.2684E-09 3.2666E-09 3.2618E-09 3.2590E-09 3.2532E-09 3.2476E-09 3.2291E-09 3.2198E-09 3.2070E-09 3.1928E-09 3.1798E-09 3.1637E-09 3.1493E-09 3.1368E-09 3.1133E-09 3.1010E-09 3.0798E-09 3.0676E-09 3.0489E-09 3.0346E-09 3.0215E-09 3.0087E-09 2.9935E-09 2.9801E-09 2.9668E-09 2.9516E-09 2.9368E-09 2.9211E-09 2.9058E-09 2.8915E-09 2.8720E-09 2.8554E-09 2.8357E-09 2.8188E-09 2.7989E-09 2.7771E-09 2.7536E-09 2.7301E-09 2.7128E-09 2.6914E-09 2.6662E-09 2.6445E-09 2.6235E-09 2.6023E-09 2.5788E-09 2.5588E-09 2.5352E-09 2.5074E-09 2.4902E-09 2.4662E-09 2.4374E-09 2.4193E-09 2.4014E-09 2.3749E-09 2.3556E-09
3.4058E-09 3.3963E-09 3.3954E-09 3.3931E-09 3.3810E-09 3.3760E-09 3.3671E-09 3.3533E-09 3.3454E-09 3.3344E-09 3.3225E-09 3.3114E-09 3.2865E-09 3.2706E-09 3.2485E-09 3.2340E-09 3.2139E-09 3.2012E-09 3.1863E-09 3.1582E-09 3.1371E-09 3.1207E-09 3.1002E-09 3.0837E-09 3.0677E-09 3.0529E-09 3.0363E-09 3.0230E-09 3.0080E-09 2.9903E-09 2.9745E-09 2.9583E-09 2.9384E-09 2.9227E-09 2.9042E-09 2.8852E-09 2.8623E-09 2.8441E-09 2.8240E-09 2.8003E-09 2.7750E-09 2.7503E-09 2.7303E-09 2.7079E-09 2.6838E-09 2.6585E-09 2.6369E-09 2.6087E-09 2.5907E-09 2.5673E-09 2.5370E-09 2.5185E-09 2.4973E-09 2.4627E-09 2.4447E-09 2.4258E-09 2.3982E-09
3.5305E-09 3.5296E-09 3.5275E-09 3.5227E-09 3.5186E-09 3.5127E-09 3.4924E-09 3.4816E-09 3.4711E-09 3.4507E-09 3.4355E-09 3.4184E-09 3.4001E-09 3.3845E-09 3.3657E-09 3.3367E-09 3.3167E-09 3.2962E-09 3.2811E-09 3.2582E-09 3.2411E-09 3.2121E-09 3.1929E-09 3.1700E-09 3.1478E-09 3.1302E-09 3.1126E-09 3.0943E-09 3.0776E-09 3.0609E-09 3.0453E-09 3.0282E-09 3.0084E-09 2.9895E-09 2.9709E-09 2.9507E-09 2.9308E-09 2.9104E-09 2.8845E-09 2.8649E-09 2.8428E-09 2.8134E-09 2.7942E-09 2.7679E-09 2.7444E-09 2.7169E-09 2.6969E-09 2.6706E-09 2.6401E-09 2.6207E-09 2.5986E-09 2.5659E-09 2.5455E-09 2.5240E-09 2.4915E-09 2.4724E-09 2.4486E-09
3.6767E-09 3.6710E-09 3.6677E-09 3.6604E-09 3.6531E-09 3.6381E-09 3.6281E-09 3.6155E-09 3.6039E-09 3.5888E-09 3.5652E-09 3.5426E-09 3.5201E-09 3.4975E-09 3.4764E-09 3.4483E-09 3.4317E-09 3.4124E-09 3.3817E-09 3.3560E-09 3.3362E-09 3.3112E-09 3.2916E-09 3.2602E-09 3.2392E-09 3.2145E-09 3.1927E-09 3.1728E-09 3.1536E-09 3.1324E-09 3.1147E-09 3.0956E-09 3.0783E-09 3.0605E-09 3.0391E-09 3.0186E-09 2.9973E-09 2.9770E-09 2.9543E-09 2.9335E-09 2.9052E-09 2.8844E-09 2.8593E-09 2.8311E-09 2.8053E-09 2.7813E-09 2.7502E-09 2.7299E-09 2.7046E-09 2.6765E-09 2.6492E-09 2.6267E-09 2.5989E-09 2.5709E-09 2.5519E-09 2.5212E-09 2.4955E-09
3.8345E-09 3.8324E-09 3.8283E-09 3.8223E-09 3.8010E-09 3.7887E-09 3.7770E-09 3.7546E-09 3.7391E-09 3.7202E-09 3.6972E-09 3.6769E-09 3.6544E-09 3.6322E-09 3.5963E-09 3.5664E-09 3.5408E-09 3.5212E-09 3.4935E-09 3.4717E-09 3.4397E-09 3.4133E-09 3.3872E-09 3.3597E-09 3.3375E-09 3.3045E-09 3.2760E-09 3.2558E-09 3.2305E-09 3.2108E-09 3.1893E-09 3.1683E-09 3.1477E-09 3.1291E-09 3.1078E-09 3.0885E-09 3.0661E-09 3.0433E-09 3.0205E-09 2.9987E-09 2.9731E-09 2.9525E-09 2.9229E-09 2.8992E-09 2.8665E-09 2.8454E-09 2.8164E-09 2.7881E-09 2.7603E-09 2.7367E-09 2.7108E-09 2.6772E-09 2.6561E-09 2.6308E-09 2.5970E-09 2.5760E-09 2.5486E-09
3.9994E-09 3.9905E-09 3.9815E-09 3.9723E-09 3.9610E-09 3.9465E-09 3.9332E-09 3.9159E-09 3.8985E-09 3.8665E-09 3.8432E-09 3.8115E-09 3.7856E-09 3.7556E-09 3.7275E-09 3.6973E-09 3.6655E-09 3.6369E-09 3.6058E-09 3.5805E-09 3.5503E-09 3.5258E-09 3.4901E-09 3.4613E-09 3.4332E-09 3.4032E-09 3.3717E-09 3.3450E-09 3.3131E-09 3.2879E-09 3.2666E-09 3.2436E-09 3.2222E-09 3.1995E-09 3.1783E-09 3.1568E-09 3.1346E-09 3.1129E-09 3.0901E-09 3.0631E-09 3.0390E-09 3.0149E-09 2.9909E-09 2.9644E-09 2.9376E-09 2.9088E-09 2.8791E-09 2.8531E-09 2.8255E-09 2.7905E-09 2.7677E-09 2.7426E-09 2.7060E-09 2.6826E-09 2.6588E-09 2.6232E-09 2.6000E-09
4.1906E-09 4.1805E-09 4.1612E-09 4.1505E-09 4.1327E-09 4.1134E-09 4.0958E-09 4.0738E-09 4.0471E-09 4.0226E-09 3.9992E-09 3.9713E-09 3.9348E-09 3.8986E-09 3.8599E-09 3.8276E-09 3.7938E-09 3.7658E-09 3.7376E-09 3.6994E-09 3.6665E-09 3.6343E-09 3.6013E-09 3.5734E-09 3.5335E-09 3.5030E-09 3.4721E-09 3.4424E-09 3.4097E-09 3.3761E-09 3.3486E-09 3.3201E-09 3.2974E-09 3.2726E-09 3.2515E-09 3.2289E-09 3.2041E-09 3.1809E-09 3.1571E-09 3.1339E-09 3.1096E-09 3.0800E-09 3.0556E-09 3.0302E-09 3.0049E-09 2.9729E-09 2.9462E-09 2.9113E-09 2.8873E-09 2.8577E-09 2.8209E-09 2.7972E-09 2.7708E-09 2.7327E-09 2.7092E-09 2.6848E-09 2.6482E-09
4.3755E-09 4.3669E-09 4.3531E-09 4.3399E-09 4.3228E-09 4.3056E-09 4.2852E-09 4.2494E-09 4.2224E-09 4.1861E-09 4.1574E-09 4.1256E-09 4.0885E-09 4.0533E-09 4.0170E-09 3.9720E-09 3.9337E-09 3.8956E-09 3.8640E-09 3.8264E-09 3.7952E-09 3.7527E-09 3.7168E-09 3.6825E-09 3.6462E-09 3.6155E-09 3.5742E-09 3.5371E-09 3.5069E-09 3.4760E-09 3.4383E-09 3.4033E-09 3.3785E-09 3.3486E-09 3.3224E-09 3.2999E-09 3.2770E-09 3.2538E-09 3.2262E-09 3.2014E-09 3.1760E-09 3.1497E-09 3.1255E-09 3.0946E-09 3.0665E-09 3.0407E-09 3.0142E-09 2.9827E-09 2.9442E-09 2.9192E-09 2.8919E-09 2.8504E-09 2.8251E-09 2.7982E-09 2.7597E-09 2.7350E-09 2.7086E-09
4.5920E-09 4.5773E-09 4.5597E-09 4.5436E-09 4.5220E-09 4.4950E-09 4.4678E-09 4.4415E-09 4.4106E-09 4.3778E-09 4.3445E-09 4.2956E-09 4.2555E-09 4.2085E-09 4.1681E-09 4.1222E-09 4.0837E-09 4.0473E-09 4.0009E-09 3.9606E-09 3.9207E-09 3.8803E-09 3.8452E-09 3.7989E-09 3.7615E-09 3.7245E-09 3.6849E-09 3.6449E-09 3.6055E-09 3.5687E-09 3.5357E-09 3.4980E-09 3.4613E-09 3.4308E-09 3.4010E-09 3.3714E-09 3.3474E-09 3.3231E-09 3.2986E-09 3.2737E-09 3.2452E-09 3.2166E-09 3.1913E-09 3.1643E-09 3.1365E-09 3.1043E-09 3.0765E-09 3.0495E-09 3.0184E-09 2.9823E-09 2.9488E-09 2.9205E-09 2.8860E-09 2.8522E-09 2.8244E-09 2.7854E-09 2.7588E-09
4.8258E-09 4.8124E-09 4.7977E-09 4.7799E-09 4.7584E-09 4.7190E-09 4.6883E-09 4.6567E-09 4.6124E-09 4.5723E-09 4.5269E-09 4.4833E-09 4.4396E-09 4.3921E-09 4.3324E-09 4.2854E-09 4.2366E-09 4.1958E-09 4.1490E-09 4.1088E-09 4.0577E-09 4.0130E-09 3.9705E-09 3.9266E-09 3.8872E-09 3.8373E-09 3.7980E-09 3.7573E-09 3.7187E-09 3.6707E-09 3.6299E-09 3.5967E-09 3.5549E-09 3.5164E-09 3.4838E-09 3.4506E-09 3.4195E-09 3.3941E-09 3.3684E-09 3.3425E-09 3.3162E-09 3.2898E-09 3.2586E-09 3.2297E-09 3.2014E-09 3.1746E-09 3.1411E-09 3.1098E-09 3.0818E-09 3.0512E-09 3.0184E-09 2.9775E-09 2.9506E-09 2.9193E-09 2.8785E-09 2.8515E-09 2.8140E-09
5.0699E-09 5.0567E-09 5.0348E-09 5.0113E-09 4.9866E-09 4.9580E-09 4.9263E-09 4.8886E-09 4.8495E-09 4.7926E-09 4.7437E-09 4.6902E-09 4.6344E-09 4.5807E-09 4.5186E-09 4.4639E-09 4.4126E-09 4.3551E-09 4.3060E-09 4.2558E-09 4.2052E-09 4.1633E-09 4.1090E-09 4.0576E-09 4.0127E-09 3.9641E-09 3.9228E-09 3.8721E-09 3.8248E-09 3.7856E-09 3.7370E-09 3.6922E-09 3.6546E-09 3.6168E-09 3.5723E-09 3.5343E-09 3.5031E-09 3.4667E-09 3.4399E-09 3.4128E-09 3.3854E-09 3.3578E-09 3.3300E-09 3.3020E-09 3.2695E-09 3.2392E-09 3.2096E-09 3.1793E-09 3.1454E-09 3.1130E-09 3.0838E-09 3.0517E-09 3.0082E-09 2.9774E-09 2.9477E-09 2.9040E-09 2.8760E-09
5.3513E-09 5.3345E-09 5.2992E-09 5.2755E-09 5.2477E-09 5.2106E-09 5.1698E-09 5.1654E-09 5.1187E-09 5.0700E-09 5.0200E-09 4.9648E-09 4.9083E-09 4.8351E-09 4.7733E-09 4.7039E-09 4.6455E-09 4.5813E-09 4.5244E-09 4.4636E-09 4.4022E-09 4.3465E-09 4.2946E-09 4.2406E-09 4.1482E-09 4.0956E-09 4.0434E-09 3.9947E-09 3.9452E-09 3.8931E-09 3.8492E-09 3.8040E-09 3.7551E-09 3.7096E-09 3.6756E-09 3.6294E-09 3.5836E-09 3.5527E-09 3.5130E-09 3.4846E-09 3.4561E-09 3.4273E-09 3.3983E-09 3.3692E-09 3.3399E-09 3.3094E-09 3.2743E-09 3.2435E-09 3.2127E-09 3.1795E-09 3.1456E-09 3.1146E-09 3.0809E-09 3.0351E-09 3.0049E-09 2.9738E-09 2.9305E-09
5.6374E-09 5.6179E-09 5.5937E-09 5.5635E-09 5.5699E-09 5.5378E-09 5.5010E-09 5.4595E-09 5.3987E-09 5.3467E-09 5.2817E-09 5.2217E-09 5.1529E-09 5.0834E-09 5.0129E-09 4.9417E-09 4.8629E-09 4.7971E-09 4.7264E-09 4.6547E-09 4.5931E-09 4.5220E-09 4.4594E-09 4.3952E-09 4.3368E-09 4.2765E-09 4.2120E-09 4.1175E-09 4.0675E-09 4.0190E-09 3.9619E-09 3.9094E-09 3.8674E-09 3.8149E-09 3.7676E-09 3.7275E-09 3.6794E-09 3.6360E-09 3.5995E-09 3.5581E-09 3.5283E-09 3.4983E-09 3.4681E-09 3.4378E-09 3.4073E-09 3.3767E-09 3.3460E-09 3.3108E-09 3.2780E-09 3.2460E-09 3.2140E-09 3.1748E-09 3.1428E-09 3.1092E-09 3.0628E-09 3.0312E-09 2.9978E-09
5.9507E-09 5.9645E-09 5.9435E-09 5.9167E-09 5.8833E-09 5.8468E-09 5.8043E-09 5.7557E-09 5.7012E-09 5.6424E-09 5.6189E-09 5.5434E-09 5.4684E-09 5.3895E-09 5.3095E-09 5.2322E-09 5.1522E-09 5.0768E-09 4.9958E-09 4.9174E-09 4.8325E-09 4.7179E-09 4.6427E-09 4.5678E-09 4.4986E-09 4.4327E-09 4.3640E-09 4.2991E-09 4.2347E-09 4.1366E-09 4.0848E-09 4.0271E-09 3.9722E-09 3.9239E-09 3.8712E-09 3.8200E-09 3.7781E-09 3.7283E-09 3.6831E-09 3.6451E-09 3.6022E-09 3.5709E-09 3.5394E-09 3.5078E-09 3.4761E-09 3.4442E-09 3.4123E-09 3.3804E-09 3.3473E-09 3.3105E-09 3.2766E-09 3.2435E-09 3.2049E-09 3.1707E-09 3.1353E-09 3.0890E-09 3.0553E-09
6.3395E-09 6.3203E-09 6.2961E-09 6.2647E-09 6.2268E-09 6.2190E-09 6.1719E-09 6.1203E-09 6.0627E-09 5.9984E-09 5.9289E-09 5.8540E-09 5.7753E-09 5.6915E-09 5.6074E-09 5.5101E-09 5.4216E-09 5.3397E-09 5.2501E-09 5.1662E-09 5.0717E-09 4.9829E-09 4.8906E-09 4.8052E-09 4.7223E-09 4.6371E-09 4.5266E-09 4.4549E-09 4.3888E-09 4.3134E-09 4.2501E-09 4.1878E-09 4.0886E-09 4.0310E-09 3.9809E-09 3.9322E-09 3.8709E-09 3.8291E-09 3.7758E-09 3.7288E-09 3.6894E-09 3.6450E-09 3.6123E-09 3.5793E-09 3.5463E-09 3.5132E-09 3.4800E-09 3.4468E-09 3.4136E-09 3.3804E-09 3.3412E-09 3.3061E-09 3.2719E-09 3.2356E-09 3.1968E-09 3.1628E-09 3.1147E-09
6.7324E-09 6.7104E-09 6.6801E-09 6.6845E-09 6.6454E-09 6.6013E-09 6.5479E-09 6.4887E-09 6.4250E-09 6.3541E-09 6.2758E-09 6.1912E-09 6.1030E-09 6.0119E-09 5.9566E-09 5.8602E-09 5.7678E-09 5.6627E-09 5.5311E-09 5.4271E-09 5.3329E-09 5.2318E-09 5.1270E-09 5.0320E-09 4.9309E-09 4.8369E-09 4.7512E-09 4.6628E-09 4.5389E-09 4.4704E-09 4.3924E-09 4.3187E-09 4.2546E-09 4.1546E-09 4.0897E-09 4.0343E-09 3.9878E-09 3.9244E-09 3.8770E-09 3.8219E-09 3.7734E-09 3.7325E-09 3.6866E-09 3.6524E-09 3.6180E-09 3.5836E-09 3.5491E-09 3.5146E-09 3.4801E-09 3.4457E-09 3.4112E-09 3.3746E-09 3.3352E-09 3.2991E-09 3.2644E-09 3.2225E-09 3.1869E-09
7.1964E-09 7.1779E-09 7.1522E-09 7.1189E-09 7.0766E-09 7.0231E-09 6.9635E-09 6.9341E-09 6.8600E-09 6.7809E-09 6.6948E-09 6.6029E-09 6.5072E-09 6.4092E-09 6.3054E-09 6.1992E-09 6.0968E-09 5.9918E-09 5.8856E-09 5.7687E-09 5.6572E-09 5.5403E-09 5.4331E-09 5.3172E-09 5.1637E-09 5.0572E-09 4.9500E-09 4.8520E-09 4.7617E-09 4.6675E-09 4.5867E-09 4.4708E-09 4.3916E-09 4.3167E-09 4.2563E-09 4.1448E-09 4.0859E-09 4.0375E-09 3.9726E-09 3.9232E-09 3.8666E-09 3.8167E-09 3.7724E-09 3.7269E-09 3.6912E-09 3.6554E-09 3.6196E-09 3.5838E-09 3.5479E-09 3.5122E-09 3.4765E-09 3.4408E-09 3.4042E-09 3.3640E-09 3.3252E-09 3.2906E-09 3.2476E-09
7.6803E-09 7.6598E-09 7.6331E-09 7.5925E-09 7.5852E-09 7.5316E-09 7.4677E-09 7.3974E-09 7.3152E-09 7.2239E-09 7.1281E-09 7.0253E-09 6.9176E-09 6.8062E-09 6.6888E-09 6.5688E-09 6.4542E-09 6.3381E-09 6.2187E-09 6.0984E-09 5.9770E-09 5.8535E-09 5.7196E-09 5.5898E-09 5.4693E-09 5.3470E-09 5.2212E-09 5.0642E-09 4.9577E-09 4.8597E-09 4.7567E-09 4.6639E-09 4.5839E-09 4.4590E-09 4.3815E-09 4.3127E-09 4.2014E-09 4.1356E-09 4.0855E-09 4.0189E-09 3.9681E-09 3.9055E-09 3.8585E-09 3.8069E-09 3.7659E-09 3.7287E-09 3.6915E-09 3.6543E-09 3.6171E-09 3.5800E-09 3.5429E-09 3.5060E-09 3.4692E-09 3.4325E-09 3.3911E-09 3.3524E-09 3.3145E-09
8.2114E-09 8.1859E-09 8.1984E-09 8.1636E-09 8.1164E-09 8.0575E-09 7.9895E-09 7.9066E-09 7.8148E-09 7.7121E-09 7.6468E-09 7.5348E-09 7.4175E-09 7.2956E-09 7.1683E-09 7.0336E-09 6.9024E-09 6.7687E-09 6.6325E-09 6.4968E-09 6.3583E-09 6.2191E-09 6.0332E-09 5.8883E-09 5.7546E-09 5.6137E-09 5.4817E-09 5.3575E-09 5.2225E-09 5.0954E-09 4.9514E-09 4.8401E-09 4.7418E-09 4.6526E-09 4.5190E-09 4.4383E-09 4.3664E-09 4.2895E-09 4.1883E-09 4.1321E-09 4.0634E-09 4.0116E-09 3.9470E-09 3.8948E-09 3.8460E-09 3.8034E-09 3.7648E-09 3.7262E-09 3.6876E-09 3.6491E-09 3.6107E-09 3.5724E-09 3.5342E-09 3.4963E-09 3.4585E-09 3.4171E-09 3.3762E-09
8.8409E-09 8.8233E-09 8.7973E-09 8.7583E-09 8.7067E-09 8.6400E-09 8.6062E-09 8.5208E-09 8.4198E-09 8.3102E-09 8.1891E-09 8.0607E-09 7.9295E-09 7.7925E-09 7.6513E-09 7.5034E-09 7.3577E-09 7.2073E-09 7.0535E-09 6.8969E-09 6.7383E-09 6.5816E-09 6.4254E-09 6.2680E-09 6.1111E-09 5.9545E-09 5.7566E-09 5.6115E-09 5.4748E-09 5.3334E-09 5.1997E-09 5.0750E-09 4.9173E-09 4.8138E-09 4.7193E-09 4.6277E-09 4.4914E-09 4.4204E-09 4.3389E-09 4.2342E-09 4.1769E-09 4.1061E-09 4.0530E-09 3.9874E-09 3.9336E-09 3.8835E-09 3.8395E-09 3.7994E-09 3.7594E-09 3.7195E-09 3.6797E-09 3.6400E-09 3.6005E-09 3.5611E-09 3.5220E-09 3.4831E-09 3.4406E-09
9.4990E-09 9.4835E-09 9.4550E-09 9.4579E-09 9.4064E-09 9.3414E-09 9.2621E-09 9.1658E-09 9.0585E-09 8.9338E-09 8.8004E-09 8.6571E-09 8.5087E-09 8.4012E-09 8.2440E-09 8.0756E-09 7.9077E-09 7.7363E-09 7.5631E-09 7.3391E-09 7.1602E-09 6.9800E-09 6.8010E-09 6.6291E-09 6.4560E-09 6.2806E-09 6.1175E-09 5.9454E-09 5.7771E-09 5.5872E-09 5.4352E-09 5.2907E-09 5.1585E-09 5.0392E-09 4.8818E-09 4.7792E-09 4.6849E-09 4.5410E-09 4.4697E-09 4.3841E-09 4.2780E-09 4.2195E-09 4.1437E-09 4.0908E-09 4.0261E-09 3.9709E-09 3.9195E-09 3.8741E-09 3.8326E-09 3.7912E-09 3.7499E-09 3.7088E-09 3.6679E-09 3.6272E-09 3.5867E-09 3.5464E-09 3.5065E-09
1.0221E-08 1.0254E-08 1.0236E-08 1.0200E-08 1.0149E-08 1.0079E-08 9.9882E-09 9.8827E-09 9.8075E-09 9.6750E-09 9.5280E-09 9.3737E-09 9.2139E-09 9.0458E-09 8.8700E-09 8.6834E-09 8.4948E-09 8.2994E-09 8.0975E-09 7.8916E-09 7.6866E-09 7.4812E-09 7.2754E-09 7.0700E-09 6.8716E-09 6.6357E-09 6.4461E-09 6.2646E-09 6.0835E-09 5.9034E-09 5.7379E-09 5.5353E-09 5.3816E-09 5.2334E-09 5.1148E-09 4.9419E-09 4.8341E-09 4.7418E-09 4.5891E-09 4.5154E-09 4.4258E-09 4.3164E-09 4.2533E-09 4.1836E-09 4.1208E-09 4.0591E-09 3.9973E-09 3.9501E-09 3.9071E-09 3.8642E-09 3.8215E-09 3.7789E-09 3.7365E-09 3.6944E-09 3.6525E-09 3.6108E-09 3.5695E-09
1.1075E-08 1.1073E-08 1.1058E-08 1.1025E-08 1.0967E-08 1.0944E-08 1.0854E-08 1.0746E-08 1.0623E-08 1.0477E-08 1.0319E-08 1.0146E-08 9.9670E-09 9.7779E-09 9.5791E-09 9.3667E-09 9.1493E-09 8.9271E-09 8.7006E-09 8.4668E-09 8.2305E-09 7.9925E-09 7.7605E-09 7.5270E-09 7.2932E-09 7.0720E-09 6.8614E-09 6.6491E-09 6.4041E-09 6.2174E-09 6.0200E-09 5.8372E-09 5.6707E-09 5.4621E-09 5.3013E-09 5.1777E-09 5.0004E-09 4.8853E-09 4.7884E-09 4.6342E-09 4.5595E-09 4.4660E-09 4.3573E-09 4.2841E-09 4.2211E-09 4.1574E-09 4.0907E-09 4.0316E-09 3.9830E-09 3.9386E-09 3.8943E-09 3.8502E-09 3.8063E-09 3.7627E-09 3.7194E-09 3.6763E-09 3.6336E-09
1.1971E-08 1.1975E-08 1.2009E-08 1.1985E-08 1.1942E-08 1.1875E-08 1.1785E-08 1.1673E-08 1.1534E-08 1.1376E-08 1.1249E-08 1.1063E-08 1.0868E-08 1.0659E-08 1.0437E-08 1.0203E-08 9.9561E-09 9.6971E-09 9.4299E-09 9.1635E-09 8.8953E-09 8.6209E-09 8.3473E-09 8.0291E-09 7.7731E-09 7.5168E-09 7.2654E-09 7.0328E-09 6.8030E-09 6.5836E-09 6.3284E-09 6.1267E-09 5.9307E-09 5.7490E-09 5.5277E-09 5.3669E-09 5.2343E-09 5.0931E-09 4.9306E-09 4.8332E-09 4.6744E-09 4.5983E-09 4.5049E-09 4.3947E-09 4.3216E-09 4.2521E-09 4.1845E-09 4.1181E-09 4.0641E-09 4.0142E-09 3.9684E-09 3.9227E-09 3.8774E-09 3.8323E-09 3.7874E-09 3.7429E-09 3.6988E-09
