Assets/Resources/2015_m01_d26_1400(utc+0800)_l00_csi_1hr_conc.grd
DSAA
         159         159
     -79.000      79.000
     -79.000      79.000
  0.0000E+00  0.4661E-05
[rows 100 to 124 of 159, columns 57 to 113 of 159]
2.0331E-10 1.9902E-10 1.9561E-10 1.9149E-10 1.8816E-10 1.8491E-10 1.8159E-10 1.7819E-10 1.7472E-10 1.7019E-10 1.6562E-10 1.6101E-10 1.5638E-10 1.5283E-10 1.4925E-10 1.4565E-10 1.4204E-10 1.3746E-10 1.3290E-10 1.2836E-10 1.2384E-10 1.2039E-10 1.1696E-10 1.1293E-10 1.0894E-10 1.0499E-10 1.0109E-10 9.7908E-11 9.4760E-11 9.1070E-11 8.7438E-11 8.3866E-11 8.0358E-11 7.7550E-11 7.4246E-11 7.1011E-11 6.7845E-11 6.3210E-11 5.9291E-11 5.4960E-11 5.0753E-11 4.8330E-11 4.5464E-11 4.3232E-11 4.0542E-11 3.7927E-11 3.5923E-11 3.3716E-11 3.2124E-11 3.0572E-11 2.9062E-11 2.7868E-11 2.6463E-11 2.5098E-11 2.3773E-11 2.2488E-11 2.1502E-11
1.8806E-10 1.8491E-10 1.8178E-10 1.7875E-10 1.7576E-10 1.7274E-10 1.6863E-10 1.6550E-10 1.6131E-10 1.5706E-10 1.5278E-10 1.4954E-10 1.4626E-10 1.4295E-10 1.3961E-10 1.3531E-10 1.3101E-10 1.2671E-10 1.2242E-10 1.1919E-10 1.1597E-10 1.1213E-10 1.0832E-10 1.0453E-10 1.0078E-10 9.7751E-11 9.4743E-11 9.1765E-11 8.8254E-11 8.4794E-11 8.1389E-11 7.8040E-11 7.5367E-11 7.2204E-11 6.9102E-11 6.4462E-11 5.9941E-11 5.6115E-11 5.1878E-11 4.9490E-11 4.6635E-11 4.3850E-11 4.1686E-11 3.9066E-11 3.7080E-11 3.5142E-11 3.2999E-11 3.1461E-11 2.9960E-11 2.8497E-11 2.7345E-11 2.5982E-11 2.4657E-11 2.3369E-11 2.2119E-11 2.1031E-11 1.9879E-11
1.7521E-10 1.7233E-10 1.6955E-10 1.6577E-10 1.6308E-10 1.5929E-10 1.5544E-10 1.5154E-10 1.4866E-10 1.4574E-10 1.4276E-10 1.3975E-10 1.3572E-10 1.3168E-10 1.2762E-10 1.2356E-10 1.2057E-10 1.1756E-10 1.1454E-10 1.1091E-10 1.0729E-10 1.0368E-10 1.0010E-10 9.7230E-11 9.4375E-11 9.1539E-11 8.8150E-11 8.4804E-11 8.1501E-11 7.8247E-11 7.5673E-11 7.2584E-11 6.9549E-11 6.6570E-11 6.2074E-11 5.8287E-11 5.4062E-11 4.9944E-11 4.7640E-11 4.4870E-11 4.2739E-11 4.0653E-11 3.8117E-11 3.6200E-11 3.4328E-11 3.2251E-11 3.0767E-11 2.9317E-11 2.7904E-11 2.6795E-11 2.5475E-11 2.4190E-11 2.2940E-11 2.1727E-11 2.0432E-11 1.9041E-11 1.7696E-11
1.6214E-10 1.5856E-10 1.5501E-10 1.5156E-10 1.4914E-10 1.4665E-10 1.4409E-10 1.4147E-10 1.3880E-10 1.3608E-10 1.3235E-10 1.2860E-10 1.2483E-10 1.2104E-10 1.1828E-10 1.1550E-10 1.1271E-10 1.0928E-10 1.0586E-10 1.0245E-10 9.9052E-11 9.6350E-11 9.3656E-11 9.0973E-11 8.7720E-11 8.5099E-11 8.1927E-11 7.8794E-11 7.5702E-11 7.3266E-11 7.0322E-11 6.7426E-11 6.2955E-11 6.0244E-11 5.6593E-11 5.2509E-11 4.8525E-11 4.6314E-11 4.3644E-11 4.1595E-11 3.9073E-11 3.6611E-11 3.4753E-11 3.2937E-11 3.1476E-11 3.0046E-11 2.8649E-11 2.7284E-11 2.5971E-11 2.4690E-11 2.3441E-11 2.2226E-11 2.1179E-11 1.9919E-11 1.8570E-11 1.7393E-11 1.6118E-11
1.4787E-10 1.4568E-10 1.4352E-10 1.4135E-10 1.3910E-10 1.3679E-10 1.3441E-10 1.3102E-10 1.2758E-10 1.2410E-10 1.2059E-10 1.1810E-10 1.1559E-10 1.1304E-10 1.1047E-10 1.0727E-10 1.0406E-10 1.0085E-10 9.7643E-11 9.5119E-11 9.2594E-11 9.0072E-11 8.7558E-11 8.4489E-11 8.1446E-11 7.8433E-11 7.5453E-11 7.3129E-11 7.0276E-11 6.7464E-11 6.4694E-11 6.0379E-11 5.6756E-11 5.2676E-11 4.8688E-11 4.7077E-11 4.4440E-11 4.1858E-11 3.9882E-11 3.7439E-11 3.5615E-11 3.3828E-11 3.1824E-11 3.0415E-11 2.9035E-11 2.7685E-11 2.6640E-11 2.5374E-11 2.4137E-11 2.2931E-11 2.1623E-11 2.0746E-11 1.9261E-11 1.8083E-11 1.6936E-11 1.5699E-11 1.4650E-11
1.3769E-10 1.3570E-10 1.3375E-10 1.3173E-10 1.2868E-10 1.2558E-10 1.2242E-10 1.1922E-10 1.1703E-10 1.1479E-10 1.1252E-10 1.1021E-10 1.0786E-10 1.0489E-10 1.0190E-10 9.8896E-11 9.5889E-11 9.3547E-11 9.1198E-11 8.8844E-11 8.6491E-11 8.3569E-11 8.0666E-11 7.7785E-11 7.4927E-11 7.2723E-11 7.0534E-11 6.7828E-11 6.5158E-11 6.2526E-11 5.8380E-11 5.4903E-11 5.0975E-11 4.7132E-11 4.5061E-11 4.2518E-11 4.0591E-11 3.8178E-11 3.5815E-11 3.4053E-11 3.2326E-11 3.0949E-11 2.9597E-11 2.8273E-11 2.6975E-11 2.5975E-11 2.4755E-11 2.3563E-11 2.2267E-11 2.1136E-11 1.9897E-11 1.8721E-11 1.7577E-11 1.6337E-11 1.5266E-11 1.4107E-11 1.3128E-11
1.2713E-10 1.2441E-10 1.2163E-10 1.1879E-10 1.1696E-10 1.1507E-10 1.1313E-10 1.1114E-10 1.0910E-10 1.0702E-10 1.0429E-10 1.0153E-10 9.8747E-11 9.5945E-11 9.3808E-11 9.1652E-11 8.9483E-11 8.7302E-11 8.5114E-11 8.2349E-11 7.9594E-11 7.6853E-11 7.4129E-11 7.2051E-11 6.9983E-11 6.7382E-11 6.4809E-11 6.2266E-11 5.8167E-11 5.4739E-11 5.0840E-11 4.7017E-11 4.5558E-11 4.3063E-11 4.0614E-11 3.8762E-11 3.6433E-11 3.4715E-11 3.3028E-11 3.1115E-11 2.9792E-11 2.8493E-11 2.7218E-11 2.6246E-11 2.5043E-11 2.3866E-11 2.2580E-11 2.1459E-11 2.0234E-11 1.9062E-11 1.8056E-11 1.6677E-11 1.5603E-11 1.4817E-11 1.3697E-11 1.2743E-11 1.1679E-11
1.1538E-10 1.1386E-10 1.1228E-10 1.1064E-10 1.0894E-10 1.0718E-10 1.0538E-10 1.0291E-10 1.0040E-10 9.7853E-11 9.5280E-11 9.3364E-11 9.1420E-11 8.9453E-11 8.7465E-11 8.5460E-11 8.3441E-11 8.0840E-11 7.8241E-11 7.5649E-11 7.3065E-11 7.1120E-11 6.9178E-11 6.6690E-11 6.4223E-11 6.1779E-11 5.7742E-11 5.4376E-11 5.1064E-11 4.7288E-11 4.5347E-11 4.3430E-11 4.1033E-11 3.9241E-11 3.6956E-11 3.4711E-11 3.3059E-11 3.1434E-11 3.0151E-11 2.8888E-11 2.7646E-11 2.6427E-11 2.5500E-11 2.4347E-11 2.3083E-11 2.1981E-11 2.0504E-11 1.9726E-11 1.8596E-11 1.7225E-11 1.6156E-11 1.5252E-11 1.4228E-11 1.3273E-11 1.2207E-11 1.1317E-11 1.0452E-11
1.0735E-10 1.0595E-10 1.0448E-10 1.0296E-10 1.0076E-10 9.8517E-11 9.6230E-11 9.3903E-11 9.2221E-11 9.0502E-11 8.8752E-11 8.6972E-11 8.5166E-11 8.3337E-11 8.1489E-11 7.9057E-11 7.6620E-11 7.4183E-11 7.1747E-11 6.9938E-11 6.8128E-11 6.5760E-11 6.3406E-11 6.1652E-11 5.9348E-11 5.5495E-11 5.2286E-11 4.8599E-11 4.4973E-11 4.3121E-11 4.0774E-11 3.9036E-11 3.7321E-11 3.5123E-11 3.3524E-11 3.1948E-11 3.0141E-11 2.8914E-11 2.7705E-11 2.6515E-11 2.5621E-11 2.4492E-11 2.3250E-11 2.2165E-11 2.0706E-11 1.9813E-11 1.9073E-11 1.7715E-11 1.6793E-11 1.5761E-11 1.4486E-11 1.3668E-11 1.2601E-11 1.1567E-11 1.0696E-11 9.7341E-12 8.9454E-12
9.9185E-11 9.7256E-11 9.5272E-11 9.3236E-11 9.1840E-11 9.0398E-11 8.8914E-11 8.7389E-11 8.5828E-11 8.4233E-11 8.2608E-11 8.0956E-11 7.8696E-11 7.6423E-11 7.4138E-11 7.1845E-11 7.0187E-11 6.8518E-11 6.6842E-11 6.5160E-11 6.2939E-11 6.0729E-11 5.8533E-11 5.4764E-11 5.1633E-11 4.8010E-11 4.4441E-11 4.2659E-11 4.0940E-11 3.8693E-11 3.7034E-11 3.4881E-11 3.3329E-11 3.1797E-11 3.0284E-11 2.9103E-11 2.7937E-11 2.6786E-11 2.5652E-11 2.4805E-11 2.3595E-11 2.2403E-11 2.1107E-11 1.9967E-11 1.9112E-11 1.7904E-11 1.6991E-11 1.5968E-11 1.4832E-11 1.4124E-11 1.3201E-11 1.2031E-11 1.1301E-11 1.0319E-11 9.3881E-12 8.6193E-12 7.5817E-12
9.0284E-11 8.9134E-11 8.7934E-11 8.6686E-11 8.5392E-11 8.4056E-11 8.2680E-11 8.1266E-11 7.9819E-11 7.8340E-11 7.6260E-11 7.4160E-11 7.2044E-11 6.9915E-11 6.8402E-11 6.6873E-11 6.5333E-11 6.3223E-11 6.1687E-11 5.9597E-11 5.7514E-11 5.3841E-11 5.0800E-11 4.7792E-11 4.4304E-11 4.2609E-11 4.0400E-11 3.8215E-11 3.6617E-11 3.5078E-11 3.3016E-11 3.1533E-11 3.0065E-11 2.8928E-11 2.7803E-11 2.6691E-11 2.5592E-11 2.4648E-11 2.3603E-11 2.2306E-11 2.1169E-11 2.0051E-11 1.9221E-11 1.8277E-11 1.7247E-11 1.6375E-11 1.5255E-11 1.4299E-11 1.3243E-11 1.2351E-11 1.1731E-11 1.0753E-11 9.8017E-12 9.1729E-12 8.1343E-12 7.4195E-12 6.4191E-12
8.3865E-11 8.2801E-11 8.1691E-11 8.0535E-11 7.9337E-11 7.8099E-11 7.6824E-11 7.4937E-11 7.3023E-11 7.1085E-11 6.9124E-11 6.7777E-11 6.6409E-11 6.5021E-11 6.3617E-11 6.1642E-11 5.9663E-11 5.7684E-11 5.6302E-11 5.2738E-11 4.9795E-11 4.6878E-11 4.3473E-11 4.1858E-11 3.9722E-11 3.7605E-11 3.6627E-11 3.4597E-11 3.2589E-11 3.1159E-11 2.9742E-11 2.8653E-11 2.7572E-11 2.6502E-11 2.5442E-11 2.4540E-11 2.3644E-11 2.2522E-11 2.1420E-11 2.0333E-11 1.9129E-11 1.8346E-11 1.7334E-11 1.6203E-11 1.5237E-11 1.4426E-11 1.3621E-11 1.2741E-11 1.1885E-11 1.0909E-11 1.0096E-11 9.3296E-12 8.4435E-12 7.5683E-12 6.5591E-12 5.5868E-12 4.3255E-12
7.7843E-11 7.6860E-11 7.5833E-11 7.4170E-11 7.3078E-11 7.1359E-11 6.9609E-11 6.7830E-11 6.6656E-11 6.5454E-11 6.4228E-11 6.2980E-11 6.1711E-11 5.9873E-11 5.8026E-11 5.6174E-11 5.4318E-11 5.1464E-11 4.8628E-11 4.5812E-11 4.2501E-11 4.0970E-11 3.8914E-11 3.6871E-11 3.5964E-11 3.3999E-11 3.2052E-11 3.0680E-11 2.9874E-11 2.8278E-11 2.7246E-11 2.6221E-11 2.5072E-11 2.4346E-11 2.3359E-11 2.2275E-11 2.1203E-11 2.0144E-11 1.9105E-11 1.8350E-11 1.7604E-11 1.6499E-11 1.5554E-11 1.4626E-11 1.3577E-11 1.2846E-11 1.2239E-11 1.1275E-11 1.0470E-11 9.6903E-12 8.8093E-12 7.9370E-12 6.9274E-12 5.9304E-12 4.8197E-12 3.5843E-12 2.2255E-12
7.1614E-11 7.0121E-11 6.8590E-11 6.7021E-11 6.6057E-11 6.5058E-11 6.4028E-11 6.2969E-11 6.1882E-11 6.0769E-11 5.9634E-11 5.7933E-11 5.6221E-11 5.4498E-11 5.2766E-11 5.0033E-11 4.7312E-11 4.4070E-11 4.0851E-11 3.9954E-11 3.7982E-11 3.6020E-11 3.4632E-11 3.3290E-11 3.1410E-11 3.0099E-11 2.8794E-11 2.7809E-11 2.6828E-11 2.5718E-11 2.4614E-11 2.3802E-11 2.2996E-11 2.1948E-11 2.0909E-11 1.9888E-11 1.8881E-11 1.8154E-11 1.7297E-11 1.6492E-11 1.5568E-11 1.4657E-11 1.3626E-11 1.3012E-11 1.2177E-11 1.1361E-11 1.0564E-11 9.7895E-12 8.9126E-12 8.0418E-12 7.0310E-12 6.1874E-12 5.2991E-12 4.3844E-12 2.8467E-12 1.8468E-12 7.1252E-13
6.4627E-11 6.3841E-11 6.3018E-11 6.2159E-11 6.1268E-11 6.0345E-11 5.9392E-11 5.8412E-11 5.6855E-11 5.5280E-11 5.3688E-11 5.2081E-11 4.9435E-11 4.6793E-11 4.4156E-11 4.2738E-11 3.9633E-11 3.8265E-11 3.6371E-11 3.5060E-11 3.3748E-11 3.1919E-11 3.0670E-11 2.9423E-11 2.8180E-11 2.7116E-11 2.6190E-11 2.4997E-11 2.4082E-11 2.3317E-11 2.2554E-11 2.1545E-11 2.0550E-11 1.9565E-11 1.8725E-11 1.8031E-11 1.7208E-11 1.6292E-11 1.5526E-11 1.4499E-11 1.3626E-11 1.3032E-11 1.2071E-11 1.1268E-11 1.0622E-11 9.7129E-12 9.2196E-12 8.3581E-12 7.3545E-12 6.6757E-12 5.7034E-12 4.6218E-12 3.4038E-12 2.0535E-12 9.0080E-13 3.5716E-13 0.0000E+00
5.9886E-11 5.9160E-11 5.8400E-11 5.7607E-11 5.6783E-11 5.5376E-11 5.3946E-11 5.2494E-11 5.1022E-11 5.0137E-11 4.7629E-11 4.5119E-11 4.2609E-11 3.9579E-11 3.8309E-11 3.7032E-11 3.5231E-11 3.4001E-11 3.2767E-11 3.1018E-11 2.9839E-11 2.8659E-11 2.7347E-11 2.6206E-11 2.5339E-11 2.4473E-11 2.3475E-11 2.2757E-11 2.1902E-11 2.1077E-11 2.0257E-11 1.9311E-11 1.8372E-11 1.7575E-11 1.7059E-11 1.6171E-11 1.5155E-11 1.4543E-11 1.3836E-11 1.3005E-11 1.2301E-11 1.1518E-11 1.0753E-11 9.8589E-12 9.1231E-12 8.4112E-12 7.4139E-12 6.7388E-12 5.7677E-12 5.0719E-12 3.8531E-12 2.4938E-12 1.5023E-12 5.3865E-13 1.7749E-13 0.0000E+00 0.0000E+00
5.5450E-11 5.4781E-11 5.3528E-11 5.2247E-11 5.0941E-11 4.9610E-11 4.8858E-11 4.6464E-11 4.4061E-11 4.1651E-11 3.8707E-11 3.7529E-11 3.6340E-11 3.4616E-11 3.3464E-11 3.2304E-11 3.0616E-11 2.9367E-11 2.8249E-11 2.6858E-11 2.6308E-11 2.5499E-11 2.4555E-11 2.3608E-11 2.2525E-11 2.1994E-11 2.1460E-11 2.0544E-11 1.9630E-11 1.8583E-11 1.7823E-11 1.7336E-11 1.6718E-11 1.5720E-11 1.5120E-11 1.4426E-11 1.3606E-11 1.2656E-11 1.2114E-11 1.1489E-11 1.0738E-11 9.8606E-12 9.1369E-12 8.4345E-12 7.6834E-12 6.8599E-12 6.0578E-12 5.1211E-12 4.0626E-12 2.8654E-12 1.6966E-12 7.2253E-13 1.8100E-13 0.0000E+00 0.0000E+00 0.0000E+00 0.0000E+00
4.9637E-11 4.8467E-11 4.7874E-11 4.7253E-11 4.4987E-11 4.2706E-11 4.0412E-11 3.7574E-11 3.6495E-11 3.5400E-11 3.3763E-11 3.2560E-11 3.1483E-11 2.9597E-11 2.8558E-11 2.8060E-11 2.7018E-11 2.5970E-11 2.5086E-11 2.4197E-11 2.3166E-11 2.2409E-11 2.1928E-11 2.1442E-11 2.0819E-11 1.9810E-11 1.8942E-11 1.8216E-11 1.7493E-11 1.6906E-11 1.6182E-11 1.5357E-11 1.4927E-11 1.4124E-11 1.3189E-11 1.2404E-11 1.2025E-11 1.1281E-11 1.0407E-11 9.6852E-12 8.9635E-12 8.3614E-12 7.5319E-12 6.8789E-12 5.9227E-12 4.9874E-12 4.0954E-12 3.0602E-12 1.8857E-12 9.0475E-13 3.6034E-13 0.0000E+00 0.0000E+00 0.0000E+00 0.0000E+00 0.0000E+00 0.0000E+00
4.3710E-11 4.1550E-11 4.0947E-11 3.8646E-11 3.5937E-11 3.4823E-11 3.3830E-11 3.2292E-11 3.1317E-11 3.0327E-11 2.8797E-11 2.7833E-11 2.6858E-11 2.6165E-11 2.4911E-11 2.4228E-11 2.3538E-11 2.2840E-11 2.2136E-11 2.1707E-11 2.1138E-11 2.0427E-11 1.9598E-11 1.8908E-11 1.8217E-11 1.7658E-11 1.6699E-11 1.6148E-11 1.5738E-11 1.5086E-11 1.4301E-11 1.3382E-11 1.2869E-11 1.2252E-11 1.1895E-11 1.1033E-11 1.0322E-11 9.6197E-12 8.9146E-12 8.3311E-12 7.5158E-12 6.7108E-12 5.9287E-12 5.0015E-12 4.3420E-12 3.3128E-12 2.3065E-12 1.3272E-12 5.3927E-13 1.7857E-13 0.0000E+00 0.0000E+00 0.0000E+00 0.0000E+00 0.0000E+00 0.0000E+00 0.0000E+00
3.4564E-11 3.3700E-11 3.2815E-11 3.1375E-11 3.0496E-11 2.9328E-11 2.8142E-11 2.7275E-11 2.6394E-11 2.5500E-11 2.4594E-11 2.4245E-11 2.3625E-11 2.2995E-11 2.2356E-11 2.1436E-11 2.0790E-11 2.0414E-11 2.0031E-11 1.9641E-11 1.8998E-11 1.8217E-11 1.7295E-11 1.6512E-11 1.6140E-11 1.5764E-11 1.5386E-11 1.4491E-11 1.3742E-11 1.2995E-11 1.2394E-11 1.1921E-11 1.1450E-11 1.0753E-11 1.0063E-11 9.3664E-12 8.5362E-12 7.9545E-12 7.3132E-12 6.5256E-12 5.7526E-12 4.8337E-12 4.3471E-12 3.3233E-12 2.3181E-12 1.3359E-12 5.4351E-13 1.8032E-13 0.0000E+00 0.0000E+00 0.0000E+00 0.0000E+00 0.0000E+00 0.0000E+00 0.0000E+00 0.0000E+00 0.0000E+00
2.8805E-11 2.8011E-11 2.7198E-11 2.6418E-11 2.5622E-11 2.4811E-11 2.3984E-11 2.3573E-11 2.3153E-11 2.2324E-11 2.1762E-11 2.1189E-11 2.0607E-11 2.0293E-11 1.9969E-11 1.9637E-11 1.9020E-11 1.8288E-11 1.7551E-11 1.6953E-11 1.6351E-11 1.6016E-11 1.5677E-11 1.5059E-11 1.4580E-11 1.3860E-11 1.3285E-11 1.2710E-11 1.1860E-11 1.1415E-11 1.0970E-11 1.0439E-11 9.6129E-12 8.9396E-12 8.2720E-12 7.8719E-12 7.0862E-12 6.3163E-12 5.3948E-12 4.8138E-12 4.1715E-12 3.3215E-12 2.3212E-12 1.3397E-12 5.4574E-13 1.8140E-13 0.0000E+00 0.0000E+00 0.0000E+00 0.0000E+00 0.0000E+00 0.0000E+00 0.0000E+00 0.0000E+00 0.0000E+00 0.0000E+00 0.0000E+00
2.3480E-11 2.2747E-11 2.2569E-11 2.2376E-11 2.2169E-11 2.1690E-11 2.1198E-11 2.0693E-11 2.0035E-11 1.9786E-11 1.9390E-11 1.8983E-11 1.8565E-11 1.8281E-11 1.7738E-11 1.7190E-11 1.6635E-11 1.5933E-11 1.5503E-11 1.5067E-11 1.4626E-11 1.4324E-11 1.3777E-11 1.3228E-11 1.2400E-11 1.1716E-11 1.1438E-11 1.1019E-11 1.0503E-11 9.9365E-12 9.2807E-12 8.6288E-12 7.8254E-12 7.4444E-12 6.6802E-12 5.9229E-12 5.1816E-12 4.2862E-12 3.9835E-12 3.1399E-12 2.3157E-12 1.3385E-12 5.4593E-13 1.8180E-13 0.0000E+00 0.0000E+00 0.0000E+00 0.0000E+00 0.0000E+00 0.0000E+00 0.0000E+00 0.0000E+00 0.0000E+00 0.0000E+00 0.0000E+00 0.0000E+00 0.0000E+00
2.0411E-11 2.0002E-11 1.9579E-11 1.9142E-11 1.8972E-11 1.8789E-11 1.8595E-11 1.8389E-11 1.8172E-11 1.7803E-11 1.7315E-11 1.6818E-11 1.6313E-11 1.5524E-11 1.5139E-11 1.4891E-11 1.4636E-11 1.4376E-11 1.3966E-11 1.3454E-11 1.2801E-11 1.2146E-11 1.1748E-11 1.1240E-11 1.0843E-11 1.0437E-11 9.7937E-12 9.1524E-12 8.6775E-12 7.8882E-12 7.5222E-12 6.9986E-12 6.2510E-12 5.6799E-12 4.9536E-12 4.2403E-12 3.6201E-12 2.9502E-12 2.1318E-12 1.3323E-12 5.4408E-13 1.8151E-13 0.0000E+00 0.0000E+00 0.0000E+00 0.0000E+00 0.0000E+00 0.0000E+00 0.0000E+00 0.0000E+00 0.0000E+00 0.0000E+00 0.0000E+00 0.0000E+00 0.0000E+00 0.0000E+00 0.0000E+00
1.7993E-11 1.7871E-11 1.7737E-11 1.7453E-11 1.7014E-11 1.6848E-11 1.6419E-11 1.5980E-11 1.5531E-11 1.5073E-11 1.4879E-11 1.4535E-11 1.4327E-11 1.4112E-11 1.3889E-11 1.3524E-11 1.2909E-11 1.2289E-11 1.1809E-11 1.1181E-11 1.0962E-11 1.0583E-11 1.0201E-11 9.5797E-12 8.9568E-12 8.5927E-12 7.9874E-12 7.3837E-12 6.8740E-12 6.3023E-12 5.7338E-12 5.0119E-12 4.3033E-12 3.8513E-12 3.4088E-12 2.5869E-12 1.9435E-12 1.1491E-12 5.4020E-13 1.8053E-13 0.0000E+00 0.0000E+00 0.0000E+00 0.0000E+00 0.0000E+00 0.0000E+00 0.0000E+00 0.0000E+00 0.0000E+00 0.0000E+00 0.0000E+00 0.0000E+00 0.0000E+00 0.0000E+00 0.0000E+00 0.0000E+00 0.0000E+00
1.6116E-11 1.5751E-11 1.5375E-11 1.4987E-11 1.4589E-11 1.4453E-11 1.4308E-11 1.3875E-11 1.3571E-11 1.3404E-11 1.3230E-11 1.3048E-11 1.2715E-11 1.2280E-11 1.1840E-11 1.1395E-11 1.0790E-11 1.0442E-11 1.0090E-11 9.7319E-12 9.2994E-12 8.9520E-12 8.3651E-12 7.7779E-12 7.1906E-12 6.8669E-12 6.5426E-12 5.8294E-12 5.2829E-12 4.7479E-12 4.0572E-12 3.4536E-12 2.7953E-12 2.1491E-12 1.5831E-12 9.6513E-13 3.6002E-13 1.7888E-13 0.0000E+00 0.0000E+00 0.0000E+00 0.0000E+00 0.0000E+00 0.0000E+00 0.0000E+00 0.0000E+00 0.0000E+00 0.0000E+00 0.0000E+00 0.0000E+00 0.0000E+00 0.0000E+00 0.0000E+00 0.0000E+00 0.0000E+00 0.0000E+00 0.0000E+00
