Assets/Resources/2015_m01_d23_1700(utc+0800)_l00_csi_1hr_conc.grd
DSAA
         159         159
     -79.000      79.000
     -79.000      79.000
  0.0000E+00  0.3535E-04
[rows 75 to 99 of 159, columns 57 to 113 of 159]
4.1966E-11 5.9146E-11 7.8142E-11 1.0168E-10 1.2708E-10 1.4581E-10 1.6739E-10 1.9865E-10 2.2700E-10 2.6479E-10 2.9869E-10 3.3973E-10 3.8972E-10 4.4864E-10 5.1418E-10 5.8831E-10 6.7084E-10 7.6194E-10 8.5908E-10 1.0062E-09 1.1313E-09 1.2846E-09 1.4262E-09 1.5715E-09 1.7226E-09 1.8673E-09 1.9978E-09 2.1139E-09 2.2131E-09 2.2989E-09 2.3765E-09 2.4466E-09 2.5254E-09 2.6017E-09 2.6698E-09 2.7239E-09 2.7880E-09 2.8570E-09 2.9213E-09 2.9817E-09 3.0349E-09 3.0860E-09 3.1326E-09 3.1752E-09 3.2147E-09 3.2493E-09 3.2792E-09 3.3044E-09 3.3252E-09 3.3416E-09 3.3539E-09 3.3623E-09 3.3669E-09 3.3680E-09 3.3657E-09 3.3602E-09 3.3528E-09
4.1893E-11 5.7417E-11 7.8004E-11 1.0154E-10 1.2739E-10 1.4569E-10 1.6733E-10 1.9830E-10 2.2641E-10 2.6390E-10 2.9702E-10 3.3594E-10 3.8373E-10 4.4084E-10 5.0574E-10 5.7786E-10 6.5915E-10 7.5191E-10 9.0714E-10 1.0415E-09 1.2007E-09 1.3809E-09 1.5930E-09 1.7895E-09 1.9759E-09 2.1456E-09 2.4950E-09 2.5823E-09 2.4837E-09 2.5464E-09 2.5900E-09 2.6209E-09 2.6462E-09 2.6992E-09 2.7573E-09 2.8139E-09 2.8574E-09 2.8994E-09 2.9615E-09 3.0180E-09 3.0723E-09 3.1227E-09 3.1671E-09 3.2096E-09 3.2463E-09 3.2801E-09 3.3111E-09 3.3373E-09 3.3589E-09 3.3760E-09 3.3890E-09 3.3979E-09 3.4030E-09 3.4044E-09 3.4023E-09 3.3970E-09 3.3931E-09
4.1760E-11 5.6216E-11 7.7756E-11 1.0125E-10 1.2708E-10 1.4678E-10 1.6704E-10 1.9687E-10 2.2559E-10 2.6189E-10 2.9470E-10 3.3218E-10 3.7819E-10 4.3357E-10 4.9666E-10 5.6798E-10 6.7175E-10 8.1539E-10 9.4317E-10 1.1625E-09 1.3716E-09 1.6287E-09 1.8959E-09 2.9705E-09 3.5373E-09 4.0197E-09 4.3166E-09 4.3881E-09 4.2432E-09 3.9497E-09 3.4599E-09 2.8907E-09 2.8759E-09 2.8602E-09 2.8718E-09 2.9113E-09 2.9516E-09 2.9862E-09 3.0142E-09 3.0621E-09 3.1129E-09 3.1570E-09 3.2035E-09 3.2441E-09 3.2822E-09 3.3147E-09 3.3426E-09 3.3690E-09 3.3915E-09 3.4094E-09 3.4231E-09 3.4326E-09 3.4382E-09 3.4400E-09 3.4383E-09 3.4354E-09 3.4308E-09
3.9497E-11 5.5960E-11 7.7400E-11 1.0129E-10 1.2660E-10 1.4628E-10 1.6652E-10 1.9411E-10 2.2454E-10 2.6046E-10 2.9294E-10 3.2947E-10 3.7312E-10 4.2614E-10 4.8794E-10 5.8724E-10 7.2134E-10 8.4896E-10 1.0901E-09 1.3286E-09 1.6390E-09 2.8030E-09 3.8391E-09 5.0523E-09 3.5346E-05 7.7722E-07 8.4698E-09 8.1908E-09 7.2525E-09 6.3592E-09 5.3760E-09 4.5032E-09 3.5852E-09 3.1283E-09 3.0700E-09 3.0440E-09 3.0597E-09 3.0828E-09 3.1011E-09 3.1225E-09 3.1600E-09 3.2041E-09 3.2414E-09 3.2790E-09 3.3163E-09 3.3496E-09 3.3790E-09 3.4017E-09 3.4229E-09 3.4417E-09 3.4561E-09 3.4663E-09 3.4724E-09 3.4747E-09 3.4733E-09 3.4718E-09 3.4707E-09
3.7634E-11 5.5627E-11 7.5357E-11 1.0072E-10 1.2687E-10 1.4559E-10 1.6720E-10 1.9276E-10 2.2167E-10 2.5789E-10 2.8999E-10 3.2698E-10 3.6897E-10 4.1933E-10 5.1050E-10 6.3099E-10 7.7903E-10 1.0074E-09 1.2529E-09 1.6612E-09 3.1033E-09 4.8553E-09 7.8727E-09 4.2231E-06 3.7500E-06 5.5552E-07 1.7806E-08 1.7128E-08 1.5083E-08 1.2158E-08 8.9576E-09 7.1738E-09 5.7776E-09 4.8039E-09 4.0819E-09 3.5936E-09 3.2180E-09 3.2030E-09 3.2071E-09 3.2040E-09 3.2221E-09 3.2534E-09 3.2898E-09 3.3214E-09 3.3514E-09 3.3826E-09 3.4120E-09 3.4383E-09 3.4567E-09 3.4728E-09 3.4880E-09 3.4989E-09 3.5056E-09 3.5084E-09 3.5086E-09 3.5091E-09 3.5071E-09
3.5239E-11 5.2541E-11 7.3838E-11 9.9694E-11 1.2573E-10 1.4564E-10 1.6627E-10 1.9075E-10 2.2019E-10 2.5460E-10 2.8764E-10 3.2417E-10 3.6460E-10 4.4478E-10 5.4046E-10 6.9401E-10 8.9851E-10 1.1633E-09 1.6032E-09 3.0821E-09 5.8147E-09 9.7915E-09 3.0100E-06 3.2380E-06 2.2886E-06 3.4448E-07 3.8346E-08 3.5353E-08 3.0012E-08 2.4323E-08 1.8920E-08 1.4562E-08 1.1015E-08 8.2701E-09 6.3901E-09 5.1184E-09 4.2537E-09 3.6975E-09 3.3438E-09 3.3232E-09 3.3039E-09 3.3137E-09 3.3394E-09 3.3688E-09 3.3949E-09 3.4193E-09 3.4442E-09 3.4701E-09 3.4926E-09 3.5074E-09 3.5187E-09 3.5303E-09 3.5377E-09 3.5410E-09 3.5439E-09 3.5440E-09 3.5466E-09
3.3273E-11 5.2086E-11 7.1582E-11 9.8868E-11 1.2382E-10 1.4428E-10 1.6436E-10 1.8870E-10 2.1687E-10 2.5083E-10 2.8500E-10 3.2147E-10 3.9241E-10 4.6325E-10 6.1189E-10 7.9221E-10 1.0617E-09 1.4773E-09 2.5556E-09 5.5010E-09 1.0334E-08 1.9799E-08 1.8954E-06 1.9765E-06 1.4287E-06 2.9572E-07 8.4256E-08 7.3182E-08 6.1722E-08 4.9287E-08 3.8510E-08 2.8733E-08 2.0932E-08 1.5049E-08 1.0817E-08 4.2930E-09 3.9355E-09 3.7082E-09 3.5638E-09 3.4848E-09 3.4403E-09 3.4143E-09 3.4167E-09 3.4313E-09 3.4495E-09 3.4682E-09 3.4855E-09 3.5021E-09 3.5236E-09 3.5422E-09 3.5530E-09 3.5605E-09 3.5686E-09 3.5737E-09 3.5800E-09 3.5814E-09 3.5824E-09
3.2951E-11 4.9888E-11 6.9875E-11 9.6171E-11 1.2085E-10 1.4303E-10 1.6441E-10 1.8723E-10 2.1500E-10 2.4571E-10 2.8268E-10 3.4391E-10 4.0206E-10 5.2665E-10 6.8712E-10 9.4034E-10 1.3189E-09 1.8815E-09 4.1038E-09 9.1268E-09 1.9578E-08 4.3973E-08 1.1572E-06 7.7230E-07 5.9644E-07 3.8419E-07 2.0011E-07 1.4914E-07 1.1915E-07 9.2770E-08 6.9506E-08 5.0068E-08 3.5402E-08 7.1659E-09 5.9259E-09 5.0661E-09 4.4760E-09 4.1051E-09 3.8479E-09 3.6940E-09 3.6061E-09 3.5514E-09 3.5277E-09 3.5242E-09 3.5250E-09 3.5325E-09 3.5446E-09 3.5546E-09 3.5638E-09 3.5788E-09 3.5889E-09 3.5941E-09 3.5982E-09 3.6041E-09 3.6129E-09 3.6153E-09 3.6227E-09
3.2586E-11 4.9316E-11 6.7435E-11 9.5107E-11 1.1833E-10 1.4083E-10 1.6210E-10 1.8552E-10 2.1080E-10 2.4132E-10 2.9089E-10 3.5818E-10 4.4988E-10 5.7210E-10 8.0734E-10 1.1274E-09 1.6129E-09 2.6355E-09 6.5852E-09 1.5483E-08 3.3802E-08 6.9840E-08 3.3404E-07 5.9150E-07 6.1701E-07 3.9132E-07 2.9521E-07 2.3765E-07 1.8798E-07 1.4273E-07 1.0455E-07 1.4955E-08 1.1496E-08 8.9777E-09 7.2003E-09 5.9727E-09 5.1416E-09 4.6011E-09 4.2293E-09 3.9884E-09 3.8418E-09 3.7412E-09 3.6791E-09 3.6450E-09 3.6273E-09 3.6164E-09 3.6131E-09 3.6164E-09 3.6180E-09 3.6192E-09 3.6271E-09 3.6333E-09 3.6345E-09 3.6406E-09 3.6497E-09 3.6568E-09 3.6614E-09
3.0492E-11 4.8681E-11 6.4567E-11 9.2620E-11 1.1472E-10 1.4017E-10 1.6035E-10 1.8285E-10 2.0859E-10 2.4280E-10 3.1350E-10 3.8770E-10 4.8167E-10 6.8035E-10 9.3745E-10 1.3383E-09 1.9688E-09 3.6861E-09 9.7562E-09 2.3800E-08 5.5191E-08 1.1715E-07 2.8274E-07 5.5846E-07 4.8010E-07 4.3746E-07 3.8472E-07 3.1760E-07 9.8902E-08 3.2145E-08 2.4385E-08 1.8505E-08 1.4126E-08 1.0945E-08 8.6675E-09 7.0752E-09 5.9622E-09 5.2054E-09 4.7135E-09 4.3800E-09 4.1398E-09 3.9894E-09 3.8805E-09 3.7926E-09 3.7544E-09 3.7226E-09 3.6993E-09 3.6833E-09 3.6751E-09 3.6688E-09 3.6672E-09 3.6725E-09 3.6758E-09 3.6778E-09 3.6886E-09 3.6929E-09 3.7063E-09
3.0070E-11 4.5977E-11 6.3655E-11 8.9533E-11 1.1269E-10 1.3809E-10 1.5762E-10 1.8140E-10 2.1016E-10 2.5507E-10 3.3110E-10 4.2646E-10 5.5114E-10 7.7395E-10 1.1050E-09 1.5924E-09 2.3597E-09 5.1245E-09 1.4230E-08 3.6198E-08 8.7091E-08 1.8160E-07 3.4896E-07 4.6020E-07 5.0903E-07 4.9755E-07 7.6412E-08 5.9710E-08 4.7432E-08 3.7190E-08 2.8730E-08 2.2029E-08 1.6884E-08 1.3073E-08 1.0312E-08 8.3309E-09 6.9335E-09 5.9815E-09 5.3273E-09 4.8529E-09 4.4991E-09 4.2803E-09 4.1213E-09 3.9768E-09 3.9032E-09 3.8467E-09 3.7975E-09 3.7627E-09 3.7415E-09 3.7273E-09 3.7124E-09 3.7147E-09 3.7171E-09 3.7266E-09 3.7312E-09 3.7412E-09 3.7483E-09
2.8773E-11 4.3199E-11 6.0046E-11 8.5331E-11 1.0916E-10 1.3618E-10 1.5693E-10 1.8217E-10 2.1410E-10 2.7526E-10 3.6445E-10 4.6893E-10 6.1847E-10 8.8424E-10 1.2888E-09 1.8865E-09 2.8922E-09 6.6373E-09 2.1341E-08 5.4434E-08 1.2613E-07 2.4524E-07 3.7334E-07 4.7135E-07 8.8776E-08 8.2343E-08 7.3655E-08 6.2934E-08 5.1878E-08 4.1612E-08 3.2728E-08 2.5440E-08 1.9710E-08 1.5324E-08 1.2100E-08 9.7673E-09 8.0715E-09 6.8504E-09 6.0283E-09 5.4184E-09 4.9258E-09 4.6226E-09 4.3910E-09 4.1946E-09 4.0768E-09 3.9791E-09 3.9075E-09 3.8504E-09 3.8113E-09 3.7914E-09 3.7748E-09 3.7615E-09 3.7629E-09 3.7725E-09 3.7751E-09 3.7757E-09 3.8004E-09
2.8294E-11 3.8711E-11 5.7998E-11 8.1387E-11 1.0712E-10 1.3458E-10 1.5645E-10 1.8311E-10 2.2595E-10 2.9458E-10 4.0070E-10 5.3624E-10 6.9628E-10 1.0121E-09 1.4935E-09 2.2682E-09 3.5211E-09 1.1284E-08 3.1572E-08 7.5186E-08 1.5155E-07 6.9538E-08 6.1130E-08 7.2611E-08 7.9108E-08 7.8856E-08 7.3365E-08 6.4781E-08 5.4926E-08 4.5117E-08 3.6184E-08 2.8619E-08 2.2489E-08 1.7676E-08 1.4026E-08 1.1339E-08 9.3469E-09 7.8436E-09 6.7960E-09 6.0220E-09 5.4073E-09 4.9980E-09 4.6846E-09 4.4238E-09 4.2611E-09 4.1312E-09 4.0334E-09 3.9564E-09 3.8907E-09 3.8577E-09 3.8376E-09 3.8212E-09 3.8085E-09 3.8247E-09 3.8300E-09 3.8285E-09 3.8390E-09
2.4908E-11 3.7177E-11 5.5321E-11 7.6437E-11 1.0529E-10 1.3372E-10 1.5504E-10 1.8645E-10 2.3932E-10 3.2763E-10 4.4110E-10 6.0184E-10 7.8793E-10 1.1514E-09 1.7960E-09 2.7597E-09 6.0442E-09 1.4912E-08 4.1240E-08 1.9420E-08 2.9905E-08 4.2350E-08 5.5352E-08 6.6337E-08 7.2988E-08 7.4405E-08 7.1147E-08 6.4564E-08 5.6164E-08 4.7251E-08 3.8779E-08 3.1316E-08 2.5056E-08 2.0022E-08 1.6044E-08 1.3005E-08 1.0699E-08 8.9259E-09 7.6618E-09 6.7008E-09 5.9532E-09 5.4246E-09 5.0106E-09 4.6698E-09 4.4575E-09 4.2892E-09 4.1637E-09 4.0686E-09 3.9883E-09 3.9288E-09 3.8975E-09 3.8872E-09 3.8721E-09 3.8676E-09 3.8716E-09 3.8642E-09 3.8778E-09
2.1477E-11 3.4809E-11 5.2575E-11 7.1899E-11 1.0271E-10 1.3023E-10 1.6130E-10 1.9478E-10 2.5468E-10 3.5488E-10 4.9683E-10 6.7351E-10 8.8668E-10 1.4310E-09 2.2552E-09 3.4360E-09 5.2426E-09 8.6347E-09 1.3701E-08 2.0767E-08 2.9893E-08 4.0463E-08 5.1234E-08 6.0475E-08 6.6615E-08 6.8820E-08 6.7186E-08 6.2475E-08 5.5779E-08 4.8168E-08 4.0556E-08 3.3499E-08 2.7277E-08 2.2112E-08 1.7932E-08 1.4613E-08 1.2039E-08 1.0038E-08 8.5659E-09 7.4288E-09 6.5365E-09 5.8805E-09 5.3748E-09 4.9550E-09 4.6796E-09 4.4657E-09 4.2995E-09 4.1815E-09 4.0862E-09 4.0167E-09 3.9690E-09 3.9421E-09 3.9276E-09 3.9139E-09 3.9139E-09 3.9095E-09 3.9197E-09
1.6452E-11 3.1536E-11 4.8615E-11 6.8289E-11 1.0180E-10 1.3138E-10 1.6417E-10 2.0765E-10 2.8029E-10 3.9798E-10 5.5563E-10 7.5418E-10 1.1091E-09 1.7093E-09 2.7255E-09 4.1597E-09 6.1511E-09 9.9728E-09 1.4782E-08 2.1296E-08 2.9404E-08 3.8445E-08 4.7487E-08 5.5328E-08 6.0859E-08 6.3390E-08 6.2824E-08 5.9572E-08 5.4363E-08 4.8054E-08 4.1313E-08 3.4742E-08 2.8847E-08 2.3755E-08 1.9510E-08 1.6076E-08 1.3304E-08 1.1126E-08 9.4672E-09 8.1672E-09 7.1325E-09 6.3803E-09 5.7820E-09 5.2911E-09 4.9499E-09 4.7071E-09 4.4975E-09 4.3478E-09 4.2325E-09 4.1258E-09 4.0670E-09 4.0264E-09 4.0068E-09 3.9872E-09 3.9929E-09 3.9829E-09 3.9935E-09
1.3591E-11 2.9952E-11 4.5489E-11 6.7191E-11 9.9832E-11 1.3015E-10 1.6946E-10 2.1603E-10 3.1110E-10 4.4109E-10 6.2123E-10 9.2588E-10 1.3197E-09 1.9752E-09 3.2471E-09 4.7650E-09 7.1084E-09 1.0448E-08 1.5351E-08 2.1306E-08 2.8401E-08 3.6142E-08 4.3820E-08 5.0554E-08 5.5517E-08 5.8171E-08 5.8316E-08 5.6230E-08 5.2271E-08 4.6962E-08 4.1074E-08 3.5230E-08 2.9774E-08 2.4892E-08 2.0747E-08 1.7283E-08 1.4450E-08 1.2134E-08 1.0340E-08 8.9342E-09 7.7864E-09 6.9119E-09 6.2199E-09 5.6536E-09 5.2514E-09 4.9419E-09 4.6928E-09 4.5107E-09 4.3699E-09 4.2626E-09 4.1994E-09 4.1495E-09 4.1018E-09 4.0764E-09 4.0656E-09 4.0601E-09 4.0717E-09
1.1581E-11 2.6369E-11 4.4143E-11 6.4722E-11 9.9450E-11 1.3250E-10 1.7348E-10 2.3972E-10 3.4729E-10 5.0275E-10 7.3330E-10 1.0332E-09 1.5391E-09 2.3988E-09 3.6023E-09 5.2058E-09 7.6941E-09 1.0924E-08 1.5439E-08 2.0818E-08 2.7098E-08 3.3860E-08 4.0555E-08 4.6493E-08 5.1062E-08 5.3833E-08 5.4523E-08 5.3094E-08 4.9772E-08 4.5312E-08 4.0267E-08 3.5078E-08 3.0071E-08 2.5553E-08 2.1606E-08 1.8197E-08 1.5362E-08 1.3007E-08 1.1108E-08 9.5855E-09 8.3427E-09 7.3867E-09 6.6442E-09 6.0139E-09 5.5457E-09 5.1875E-09 4.8996E-09 4.6880E-09 4.5284E-09 4.4038E-09 4.3254E-09 4.2645E-09 4.2231E-09 4.2063E-09 4.1815E-09 4.1651E-09 4.1716E-09
7.1411E-12 2.3685E-11 4.2607E-11 6.8664E-11 9.8863E-11 1.4035E-10 1.8715E-10 2.6344E-10 3.8975E-10 5.8443E-10 8.2241E-10 1.1962E-09 1.7809E-09 2.5864E-09 3.8607E-09 5.4726E-09 7.6651E-09 1.1047E-08 1.4996E-08 2.0052E-08 2.5642E-08 3.1632E-08 3.7574E-08 4.2931E-08 4.7190E-08 4.9909E-08 5.0651E-08 4.9454E-08 4.6830E-08 4.3165E-08 3.8853E-08 3.4349E-08 2.9920E-08 2.5784E-08 2.2055E-08 1.8826E-08 1.6078E-08 1.3733E-08 1.1835E-08 1.0245E-08 8.9325E-09 7.8960E-09 7.0606E-09 6.3773E-09 5.8576E-09 5.4494E-09 5.1262E-09 4.8822E-09 4.7080E-09 4.5749E-09 4.4789E-09 4.4071E-09 4.3480E-09 4.3341E-09 4.3183E-09 4.2873E-09 4.3062E-09
3.5678E-12 2.0071E-11 4.3920E-11 6.6566E-11 9.9474E-11 1.4657E-10 2.1123E-10 3.0576E-10 4.2700E-10 6.6295E-10 9.5817E-10 1.3912E-09 1.9619E-09 2.8052E-09 4.0573E-09 5.6496E-09 7.7635E-09 1.0948E-08 1.4669E-08 1.9083E-08 2.4055E-08 2.9359E-08 3.4650E-08 3.9484E-08 4.3364E-08 4.5673E-08 4.6364E-08 4.5614E-08 4.3638E-08 4.0685E-08 3.7103E-08 3.3262E-08 2.9385E-08 2.5682E-08 2.2332E-08 1.9323E-08 1.6671E-08 1.4367E-08 1.2439E-08 1.0814E-08 9.4556E-09 8.3564E-09 7.4514E-09 6.7179E-09 6.1487E-09 5.7107E-09 5.3594E-09 5.0695E-09 4.8835E-09 4.7408E-09 4.6306E-09 4.5465E-09 4.4790E-09 4.4370E-09 4.4158E-09 4.3952E-09 4.4031E-09
5.0617E-12 2.0025E-11 4.4037E-11 6.7590E-11 1.0166E-10 1.6831E-10 2.3692E-10 3.4399E-10 5.0610E-10 7.8519E-10 1.1169E-09 1.5116E-09 2.1340E-09 3.0247E-09 4.1976E-09 5.7461E-09 7.7538E-09 1.0306E-08 1.4033E-08 1.7961E-08 2.2387E-08 2.7128E-08 3.1860E-08 3.6135E-08 3.9362E-08 4.1428E-08 4.2275E-08 4.1898E-08 4.0434E-08 3.8111E-08 3.5216E-08 3.1994E-08 2.8658E-08 2.5461E-08 2.2427E-08 1.9622E-08 1.7094E-08 1.4875E-08 1.2962E-08 1.1314E-08 9.9351E-09 8.7907E-09 7.8356E-09 7.0708E-09 6.4589E-09 5.9821E-09 5.6091E-09 5.2844E-09 5.0637E-09 4.8866E-09 4.7656E-09 4.6775E-09 4.6006E-09 4.5533E-09 4.5265E-09 4.4955E-09 4.5137E-09
3.8730E-12 2.3379E-11 4.5529E-11 6.9626E-11 1.2444E-10 1.8399E-10 2.8487E-10 4.1152E-10 5.7015E-10 7.7109E-10 1.2381E-09 1.6601E-09 2.2985E-09 3.1724E-09 4.3107E-09 5.7854E-09 7.7226E-09 1.0215E-08 1.3314E-08 1.6835E-08 2.0806E-08 2.5036E-08 2.9164E-08 3.2760E-08 3.5624E-08 3.7585E-08 3.8517E-08 3.8421E-08 3.7430E-08 3.5669E-08 3.3330E-08 3.0687E-08 2.7930E-08 2.5124E-08 2.2376E-08 1.9798E-08 1.7409E-08 1.5282E-08 1.3400E-08 1.1763E-08 1.0374E-08 9.1877E-09 8.2140E-09 7.4204E-09 6.7719E-09 6.2488E-09 5.8365E-09 5.4819E-09 5.2512E-09 5.0575E-09 4.9235E-09 4.8256E-09 4.7396E-09 4.6804E-09 4.6470E-09 4.6101E-09 4.6152E-09
7.1617E-12 2.1631E-11 4.7797E-11 7.4847E-11 1.3855E-10 2.3047E-10 3.2105E-10 4.6721E-10 6.3308E-10 8.4466E-10 1.3557E-09 1.8241E-09 2.4394E-09 3.2998E-09 4.3867E-09 5.8156E-09 7.6924E-09 9.9267E-09 1.2639E-08 1.5817E-08 1.9368E-08 2.3061E-08 2.6598E-08 2.9775E-08 3.2366E-08 3.4200E-08 3.5193E-08 3.5336E-08 3.4695E-08 3.3375E-08 3.1617E-08 2.9517E-08 2.7167E-08 2.4700E-08 2.2245E-08 1.9858E-08 1.7635E-08 1.5606E-08 1.3757E-08 1.2156E-08 1.0771E-08 9.5769E-09 8.5551E-09 7.7345E-09 7.0628E-09 6.5056E-09 6.0743E-09 5.6914E-09 5.4407E-09 5.2245E-09 5.0781E-09 4.9622E-09 4.8637E-09 4.7996E-09 4.7654E-09 4.7221E-09 4.7220E-09
1.0820E-11 2.3790E-11 4.8877E-11 1.0501E-10 1.8179E-10 2.5365E-10 3.9127E-10 5.1826E-10 6.9491E-10 9.2219E-10 1.2148E-09 1.9463E-09 2.5664E-09 3.4011E-09 4.4634E-09 5.8093E-09 7.4974E-09 9.5648E-09 1.2044E-08 1.4908E-08 1.8052E-08 2.1276E-08 2.4390E-08 2.7203E-08 2.9537E-08 3.1253E-08 3.2299E-08 3.2622E-08 3.2286E-08 3.1451E-08 3.0103E-08 2.8382E-08 2.6387E-08 2.4240E-08 2.2024E-08 1.9852E-08 1.7781E-08 1.5832E-08 1.4072E-08 1.2504E-08 1.1104E-08 9.9263E-09 8.8847E-09 8.0411E-09 7.3456E-09 6.7599E-09 6.3025E-09 5.9006E-09 5.6288E-09 5.3959E-09 5.2384E-09 5.1161E-09 5.0065E-09 4.9359E-09 4.9001E-09 4.8528E-09 4.8504E-09
1.4453E-11 2.5689E-11 7.3517E-11 1.1394E-10 1.9786E-10 3.1994E-10 4.3357E-10 5.7768E-10 8.1367E-10 1.1318E-09 1.5354E-09 2.0252E-09 2.6499E-09 3.4607E-09 4.4738E-09 5.7247E-09 7.3008E-09 9.2206E-09 1.1495E-08 1.4101E-08 1.6906E-08 1.9756E-08 2.2511E-08 2.5009E-08 2.7123E-08 2.8744E-08 2.9800E-08 3.0294E-08 3.0278E-08 2.9727E-08 2.8700E-08 2.7291E-08 2.5592E-08 2.3701E-08 2.1733E-08 1.9750E-08 1.7811E-08 1.5965E-08 1.4287E-08 1.2751E-08 1.1393E-08 1.0218E-08 9.1707E-09 8.3190E-09 7.6156E-09 7.0064E-09 6.5309E-09 6.1146E-09 5.8274E-09 5.5812E-09 5.4053E-09 5.2722E-09 5.1548E-09 5.0754E-09 5.0333E-09 4.9800E-09 4.9736E-09
