Assets/Resources/2015_m01_d14_1100(utc+0800)_l00_csi_1hr_conc.grd
DSAA
         159         159
     -79.000      79.000
     -79.000      79.000
  0.0000E+00  0.2206E-05
[rows 25 to 49 of 159, columns 57 to 113 of 159]
1.7828E-08 1.7847E-08 1.7798E-08 1.7679E-08 1.7492E-08 1.7238E-08 1.6928E-08 1.6567E-08 1.6157E-08 1.5704E-08 1.5211E-08 1.4695E-08 1.4134E-08 1.3551E-08 1.2955E-08 1.2338E-08 1.1689E-08 1.1055E-08 1.0392E-08 9.7288E-09 9.0662E-09 8.4219E-09 7.7845E-09 7.1609E-09 6.5572E-09 5.9808E-09 5.4339E-09 4.9173E-09 4.4284E-09 3.9672E-09 3.5474E-09 3.1581E-09 2.7995E-09 2.4197E-09 2.1321E-09 1.8706E-09 1.6347E-09 1.4101E-09 1.1930E-09 1.0363E-09 8.9027E-10 7.6447E-10 6.4967E-10 5.5598E-10 4.7263E-10 4.0100E-10 3.0981E-10 2.5142E-10 2.0570E-10 1.4685E-10 1.0590E-10 5.0598E-11 3.2751E-11 1.9266E-11 1.3952E-11 1.1937E-11 1.0139E-11
1.9075E-08 1.9099E-08 1.9045E-08 1.8903E-08 1.8688E-08 1.8400E-08 1.8044E-08 1.7634E-08 1.7165E-08 1.6656E-08 1.6109E-08 1.5522E-08 1.4916E-08 1.4291E-08 1.3626E-08 1.2957E-08 1.2276E-08 1.1567E-08 1.0873E-08 1.0170E-08 9.4670E-09 8.7714E-09 8.1000E-09 7.4434E-09 6.8086E-09 6.2050E-09 5.6330E-09 5.0934E-09 4.5849E-09 4.0980E-09 3.6597E-09 3.2537E-09 2.8802E-09 2.4956E-09 2.1884E-09 1.9186E-09 1.6752E-09 1.4447E-09 1.2219E-09 1.0619E-09 9.1239E-10 7.8381E-10 6.6658E-10 5.7223E-10 4.8702E-10 4.1410E-10 3.1683E-10 2.6268E-10 2.1390E-10 1.5429E-10 1.1569E-10 5.5098E-11 3.4464E-11 2.1640E-11 1.4240E-11 1.2183E-11 1.0394E-11
2.0472E-08 2.0496E-08 2.0424E-08 2.0260E-08 2.0003E-08 1.9669E-08 1.9260E-08 1.8788E-08 1.8262E-08 1.7685E-08 1.7073E-08 1.6429E-08 1.5755E-08 1.5045E-08 1.4334E-08 1.3602E-08 1.2859E-08 1.2110E-08 1.1354E-08 1.0612E-08 9.8670E-09 9.1308E-09 8.4101E-09 7.7203E-09 7.0573E-09 6.4234E-09 5.8259E-09 5.2631E-09 4.7326E-09 4.2244E-09 3.7660E-09 3.3440E-09 2.9562E-09 2.5683E-09 2.2412E-09 1.9634E-09 1.7137E-09 1.4699E-09 1.2501E-09 1.0837E-09 9.3368E-10 8.0233E-10 6.8293E-10 5.8691E-10 5.0125E-10 4.2492E-10 3.2730E-10 2.6964E-10 2.2055E-10 1.6373E-10 1.2317E-10 6.4470E-11 3.6097E-11 2.4458E-11 1.4494E-11 1.2400E-11 1.0579E-11
2.2035E-08 2.2060E-08 2.1970E-08 2.1774E-08 2.1477E-08 2.1082E-08 2.0607E-08 2.0059E-08 1.9451E-08 1.8796E-08 1.8104E-08 1.7379E-08 1.6626E-08 1.5864E-08 1.5067E-08 1.4266E-08 1.3464E-08 1.2666E-08 1.1853E-08 1.1047E-08 1.0263E-08 9.4773E-09 8.7125E-09 7.9888E-09 7.2966E-09 6.6373E-09 6.0136E-09 5.4247E-09 4.8715E-09 4.3462E-09 3.8656E-09 3.4278E-09 3.0264E-09 2.6269E-09 2.2901E-09 2.0052E-09 1.7498E-09 1.5013E-09 1.2766E-09 1.1067E-09 9.5376E-10 8.2033E-10 6.9876E-10 6.0088E-10 5.1477E-10 4.3610E-10 3.4511E-10 2.7772E-10 2.3032E-10 1.7142E-10 1.2938E-10 7.1267E-11 3.6837E-11 2.7435E-11 1.4711E-11 1.2585E-11 1.0736E-11
2.3787E-08 2.3813E-08 2.3705E-08 2.3471E-08 2.3120E-08 2.2657E-08 2.2099E-08 2.1461E-08 2.0758E-08 2.0005E-08 1.9217E-08 1.8393E-08 1.7555E-08 1.6698E-08 1.5833E-08 1.4958E-08 1.4093E-08 1.3214E-08 1.2360E-08 1.1491E-08 1.0640E-08 9.8175E-09 9.0170E-09 8.2495E-09 7.5251E-09 6.8389E-09 6.1902E-09 5.5766E-09 5.0010E-09 4.4593E-09 3.9573E-09 3.5052E-09 3.0813E-09 2.6813E-09 2.3357E-09 2.0445E-09 1.7833E-09 1.5276E-09 1.3011E-09 1.1286E-09 9.7241E-10 8.3417E-10 7.1390E-10 6.1425E-10 5.2641E-10 4.4736E-10 3.5578E-10 2.8572E-10 2.3533E-10 1.8305E-10 1.3691E-10 7.6790E-11 3.8097E-11 2.9513E-11 1.5014E-11 1.2738E-11 1.0866E-11
2.5745E-08 2.5767E-08 2.5641E-08 2.5361E-08 2.4944E-08 2.4396E-08 2.3737E-08 2.2990E-08 2.2174E-08 2.1310E-08 2.0404E-08 1.9476E-08 1.8534E-08 1.7579E-08 1.6622E-08 1.5664E-08 1.4714E-08 1.3785E-08 1.2838E-08 1.1929E-08 1.1029E-08 1.0152E-08 9.3071E-09 8.4953E-09 7.7443E-09 7.0305E-09 6.3545E-09 5.7169E-09 5.1197E-09 4.5606E-09 4.0407E-09 3.5748E-09 3.1397E-09 2.7297E-09 2.3764E-09 2.0792E-09 1.8055E-09 1.5537E-09 1.3237E-09 1.1484E-09 9.9038E-10 8.5027E-10 7.2807E-10 6.2618E-10 5.3721E-10 4.5792E-10 3.6886E-10 2.9279E-10 2.3955E-10 1.9216E-10 1.4464E-10 8.4614E-11 3.9042E-11 3.0770E-11 1.5676E-11 1.2856E-11 1.0967E-11
2.7929E-08 2.7954E-08 2.7798E-08 2.7471E-08 2.6973E-08 2.6326E-08 2.5547E-08 2.4667E-08 2.3716E-08 2.2712E-08 2.1679E-08 2.0624E-08 1.9557E-08 1.8502E-08 1.7434E-08 1.6389E-08 1.5344E-08 1.4339E-08 1.3345E-08 1.2348E-08 1.1404E-08 1.0473E-08 9.5783E-09 8.7323E-09 7.9456E-09 7.2062E-09 6.5044E-09 5.8436E-09 5.2264E-09 4.6509E-09 4.1156E-09 3.6362E-09 3.1911E-09 2.7734E-09 2.4129E-09 2.1102E-09 1.8322E-09 1.5771E-09 1.3441E-09 1.1639E-09 1.0061E-09 8.6461E-10 7.4063E-10 6.3747E-10 5.4676E-10 4.6704E-10 3.7924E-10 2.9830E-10 2.4448E-10 1.9813E-10 1.5080E-10 8.9263E-11 4.0284E-11 3.1250E-11 1.6683E-11 1.2938E-11 1.1037E-11
3.0353E-08 3.0382E-08 3.0196E-08 2.9804E-08 2.9218E-08 2.8446E-08 2.7530E-08 2.6501E-08 2.5391E-08 2.4232E-08 2.3035E-08 2.1834E-08 2.0638E-08 1.9447E-08 1.8278E-08 1.7108E-08 1.5990E-08 1.4882E-08 1.3823E-08 1.2776E-08 1.1746E-08 1.0764E-08 9.8397E-09 8.9591E-09 8.1282E-09 7.3642E-09 6.6379E-09 5.9558E-09 5.3196E-09 4.7288E-09 4.1802E-09 3.6889E-09 3.2346E-09 2.8097E-09 2.4438E-09 2.1367E-09 1.8552E-09 1.5974E-09 1.3624E-09 1.1799E-09 1.0206E-09 8.7734E-10 7.5198E-10 6.4677E-10 5.5506E-10 4.7403E-10 3.8919E-10 3.0268E-10 2.4948E-10 2.0316E-10 1.5696E-10 9.4208E-11 4.1836E-11 3.1517E-11 1.7940E-11 1.2985E-11 1.1077E-11
3.3023E-08 3.3056E-08 3.2839E-08 3.2373E-08 3.1675E-08 3.0771E-08 2.9689E-08 2.8484E-08 2.7197E-08 2.5853E-08 2.4488E-08 2.3115E-08 2.1755E-08 2.0430E-08 1.9124E-08 1.7846E-08 1.6606E-08 1.5423E-08 1.4274E-08 1.3160E-08 1.2087E-08 1.1054E-08 1.0082E-08 9.1631E-09 8.2949E-09 7.5023E-09 6.7535E-09 6.0513E-09 5.3985E-09 4.7933E-09 4.2336E-09 3.7317E-09 3.2600E-09 2.8397E-09 2.4684E-09 2.1587E-09 1.8829E-09 1.6091E-09 1.3782E-09 1.1937E-09 1.0331E-09 8.8454E-10 7.6142E-10 6.5475E-10 5.6136E-10 4.7939E-10 3.9527E-10 3.0588E-10 2.5356E-10 2.0547E-10 1.6097E-10 1.0173E-10 4.3604E-11 3.1688E-11 1.9084E-11 1.2995E-11 1.1085E-11
3.5930E-08 3.5968E-08 3.5712E-08 3.5165E-08 3.4346E-08 3.3281E-08 3.2025E-08 3.0627E-08 2.9131E-08 2.7583E-08 2.6012E-08 2.4452E-08 2.2922E-08 2.1424E-08 1.9983E-08 1.8580E-08 1.7232E-08 1.5931E-08 1.4710E-08 1.3532E-08 1.2395E-08 1.1327E-08 1.0304E-08 9.3421E-09 8.4399E-09 7.6187E-09 6.8490E-09 6.1292E-09 5.4612E-09 4.8440E-09 4.2751E-09 3.7648E-09 3.2862E-09 2.8625E-09 2.4884E-09 2.1764E-09 1.8989E-09 1.6236E-09 1.3912E-09 1.2106E-09 1.0424E-09 8.9842E-10 7.6827E-10 6.6092E-10 5.6611E-10 4.8336E-10 3.9936E-10 3.0908E-10 2.5541E-10 2.0702E-10 1.6365E-10 1.0555E-10 4.5234E-11 3.1761E-11 1.9874E-11 1.2969E-11 1.1063E-11
3.9050E-08 3.9100E-08 3.8800E-08 3.8165E-08 3.7208E-08 3.5977E-08 3.4518E-08 3.2899E-08 3.1181E-08 2.9402E-08 2.7612E-08 2.5834E-08 2.4105E-08 2.2441E-08 2.0830E-08 1.9286E-08 1.7821E-08 1.6424E-08 1.5116E-08 1.3875E-08 1.2675E-08 1.1553E-08 1.0486E-08 9.5045E-09 8.5632E-09 7.7110E-09 6.9230E-09 6.1877E-09 5.5070E-09 4.8801E-09 4.3036E-09 3.7869E-09 3.3257E-09 2.8778E-09 2.5021E-09 2.1893E-09 1.9116E-09 1.6341E-09 1.4007E-09 1.2186E-09 1.0494E-09 9.0709E-10 7.7281E-10 6.6465E-10 5.6956E-10 4.8539E-10 4.0073E-10 3.0884E-10 2.5699E-10 2.0851E-10 1.6674E-10 1.0817E-10 4.6105E-11 3.1735E-11 2.0319E-11 1.2906E-11 1.1009E-11
4.2337E-08 4.2411E-08 4.2071E-08 4.1337E-08 4.0241E-08 3.8822E-08 3.7152E-08 3.5298E-08 3.3323E-08 3.1293E-08 2.9253E-08 2.7250E-08 2.5305E-08 2.3438E-08 2.1674E-08 1.9983E-08 1.8384E-08 1.6872E-08 1.5492E-08 1.4172E-08 1.2920E-08 1.1746E-08 1.0655E-08 9.6337E-09 8.6622E-09 7.7773E-09 6.9737E-09 6.2256E-09 5.5360E-09 4.9001E-09 4.3189E-09 3.7992E-09 3.3355E-09 2.8752E-09 2.5106E-09 2.1977E-09 1.9192E-09 1.6408E-09 1.4061E-09 1.2232E-09 1.0532E-09 9.1017E-10 7.7535E-10 6.6628E-10 5.7089E-10 4.8600E-10 4.0200E-10 3.1378E-10 2.5672E-10 2.1037E-10 1.6587E-10 1.1236E-10 4.7402E-11 3.1610E-11 2.0450E-11 1.2808E-11 1.0924E-11
4.5764E-08 4.5853E-08 4.5479E-08 4.4651E-08 4.3401E-08 4.1792E-08 3.9889E-08 3.7776E-08 3.5535E-08 3.3230E-08 3.0926E-08 2.8663E-08 2.6491E-08 2.4428E-08 2.2474E-08 2.0635E-08 1.8909E-08 1.7282E-08 1.5813E-08 1.4426E-08 1.3132E-08 1.1908E-08 1.0779E-08 9.7302E-09 8.7342E-09 7.8158E-09 7.0000E-09 6.2431E-09 5.5457E-09 4.9053E-09 4.3218E-09 3.8017E-09 3.3380E-09 2.8763E-09 2.5128E-09 2.2006E-09 1.9224E-09 1.6326E-09 1.4072E-09 1.2238E-09 1.0532E-09 9.1030E-10 7.7498E-10 6.6622E-10 5.7030E-10 4.8581E-10 3.9891E-10 3.1519E-10 2.5675E-10 2.1155E-10 1.6454E-10 1.1505E-10 4.7384E-11 3.1387E-11 2.0277E-11 1.2674E-11 1.0752E-11
4.9279E-08 4.9373E-08 4.8966E-08 4.8041E-08 4.6645E-08 4.4833E-08 4.2691E-08 4.0306E-08 3.7771E-08 3.5176E-08 3.2583E-08 3.0063E-08 2.7647E-08 2.5366E-08 2.3239E-08 2.1240E-08 1.9381E-08 1.7638E-08 1.6081E-08 1.4642E-08 1.3289E-08 1.2023E-08 1.0863E-08 9.7883E-09 8.7754E-09 7.8259E-09 7.0014E-09 6.2380E-09 5.5375E-09 4.8947E-09 4.3126E-09 3.7934E-09 3.3317E-09 2.8707E-09 2.5088E-09 2.1971E-09 1.9196E-09 1.6569E-09 1.4064E-09 1.2206E-09 1.0503E-09 9.0788E-10 7.7208E-10 6.6358E-10 5.6796E-10 4.8254E-10 3.9598E-10 3.1469E-10 2.5474E-10 2.1076E-10 1.6121E-10 1.1619E-10 4.7599E-11 3.0934E-11 1.9823E-11 1.2506E-11 1.0435E-11
5.2847E-08 5.2920E-08 5.2473E-08 5.1468E-08 4.9921E-08 4.7910E-08 4.5516E-08 4.2847E-08 4.0013E-08 3.7108E-08 3.4224E-08 3.1417E-08 2.8747E-08 2.6251E-08 2.3927E-08 2.1778E-08 1.9796E-08 1.7944E-08 1.6292E-08 1.4789E-08 1.3398E-08 1.2093E-08 1.0904E-08 9.7986E-09 8.7841E-09 7.8058E-09 6.9769E-09 6.2121E-09 5.5104E-09 4.8696E-09 4.2900E-09 3.7752E-09 3.3163E-09 2.8562E-09 2.4966E-09 2.1872E-09 1.9106E-09 1.6574E-09 1.3986E-09 1.2134E-09 1.0436E-09 9.0203E-10 7.6711E-10 6.5877E-10 5.6415E-10 4.7397E-10 3.8894E-10 3.1099E-10 2.5266E-10 2.0744E-10 1.5696E-10 1.1285E-10 4.7488E-11 3.0335E-11 1.9190E-11 1.2306E-11 1.0004E-11
5.6370E-08 5.6427E-08 5.5917E-08 5.4827E-08 5.3144E-08 5.0930E-08 4.8288E-08 4.5332E-08 4.2185E-08 3.8968E-08 3.5778E-08 3.2696E-08 2.9771E-08 2.7043E-08 2.4545E-08 2.2243E-08 2.0117E-08 1.8158E-08 1.6438E-08 1.4872E-08 1.3450E-08 1.2106E-08 1.0900E-08 9.7700E-09 8.7570E-09 7.7569E-09 6.9275E-09 6.1648E-09 5.4661E-09 4.8291E-09 4.2556E-09 3.7461E-09 3.2916E-09 2.8579E-09 2.4774E-09 2.1699E-09 1.8965E-09 1.6450E-09 1.3885E-09 1.2018E-09 1.0360E-09 8.9279E-10 7.6206E-10 6.5229E-10 5.5818E-10 4.6933E-10 3.8496E-10 3.0451E-10 2.5004E-10 2.0495E-10 1.5338E-10 1.0918E-10 4.6788E-11 2.9503E-11 1.8403E-11 1.2074E-11 9.4268E-12
5.9739E-08 5.9832E-08 5.9233E-08 5.8060E-08 5.6255E-08 5.3858E-08 5.0968E-08 4.7724E-08 4.4270E-08 4.0741E-08 3.7242E-08 3.3874E-08 3.0694E-08 2.7742E-08 2.5045E-08 2.2598E-08 2.0361E-08 1.8309E-08 1.6506E-08 1.4889E-08 1.3430E-08 1.2066E-08 1.0850E-08 9.6989E-09 8.6867E-09 7.6787E-09 6.8541E-09 6.0966E-09 5.4041E-09 4.7739E-09 4.2086E-09 3.7062E-09 3.2573E-09 2.8280E-09 2.4497E-09 2.1469E-09 1.8757E-09 1.6265E-09 1.3712E-09 1.1868E-09 1.0226E-09 8.8107E-10 7.5137E-10 6.4295E-10 5.4925E-10 4.6168E-10 3.7605E-10 2.9921E-10 2.4567E-10 2.0115E-10 1.4886E-10 1.0518E-10 4.4772E-11 2.8488E-11 1.7488E-11 1.1814E-11 8.6988E-12
6.2787E-08 6.3034E-08 6.2395E-08 6.1107E-08 5.9205E-08 5.6637E-08 5.3518E-08 4.9999E-08 4.6240E-08 4.2386E-08 3.8583E-08 3.4927E-08 3.1494E-08 2.8302E-08 2.5440E-08 2.2836E-08 2.0493E-08 1.8360E-08 1.6488E-08 1.4830E-08 1.3350E-08 1.1971E-08 1.0744E-08 9.5874E-09 8.5760E-09 7.5764E-09 6.7561E-09 6.0083E-09 5.3238E-09 4.7044E-09 4.1490E-09 3.6554E-09 3.2128E-09 2.8002E-09 2.4157E-09 2.1163E-09 1.8490E-09 1.6024E-09 1.3489E-09 1.1675E-09 1.0060E-09 8.6653E-10 7.3875E-10 6.3194E-10 5.3982E-10 4.4880E-10 3.6516E-10 2.9424E-10 2.4171E-10 1.9527E-10 1.4348E-10 1.0110E-10 4.3247E-11 2.7228E-11 1.6523E-11 1.1526E-11 7.8470E-12
6.5407E-08 6.5884E-08 6.5288E-08 6.3890E-08 6.1884E-08 5.9176E-08 5.5850E-08 5.2075E-08 4.8016E-08 4.3859E-08 3.9761E-08 3.5817E-08 3.2128E-08 2.8746E-08 2.5684E-08 2.2961E-08 2.0507E-08 1.8312E-08 1.6393E-08 1.4694E-08 1.3196E-08 1.1819E-08 1.0586E-08 9.4349E-09 8.4309E-09 7.4487E-09 6.6355E-09 5.8991E-09 5.2278E-09 4.6207E-09 4.0783E-09 3.5925E-09 3.1583E-09 2.7529E-09 2.3729E-09 2.0788E-09 1.8154E-09 1.5729E-09 1.3300E-09 1.1443E-09 9.8616E-10 8.4972E-10 7.2387E-10 6.1903E-10 5.2752E-10 4.3883E-10 3.5700E-10 2.8768E-10 2.3565E-10 1.8658E-10 1.3776E-10 9.6099E-11 4.1336E-11 2.5780E-11 1.5491E-11 1.1011E-11 6.7953E-12
6.7503E-08 6.8281E-08 6.7871E-08 6.6435E-08 6.4331E-08 6.1527E-08 5.8029E-08 5.4005E-08 4.9665E-08 4.5213E-08 4.0792E-08 3.6569E-08 3.2637E-08 2.9034E-08 2.5785E-08 2.2948E-08 2.0392E-08 1.8163E-08 1.6198E-08 1.4488E-08 1.2974E-08 1.1607E-08 1.0380E-08 9.2451E-09 8.2513E-09 7.2931E-09 6.4923E-09 5.7719E-09 5.1153E-09 4.5236E-09 3.9934E-09 3.5190E-09 3.0936E-09 2.6852E-09 2.3225E-09 2.0338E-09 1.7759E-09 1.5384E-09 1.2997E-09 1.1176E-09 9.6337E-10 8.2949E-10 7.0729E-10 6.0406E-10 5.1021E-10 4.2099E-10 3.4330E-10 2.8048E-10 2.2964E-10 1.7886E-10 1.3096E-10 8.9380E-11 3.9095E-11 2.4061E-11 1.4481E-11 1.0365E-11 5.7859E-12
6.9023E-08 7.0111E-08 6.9976E-08 6.8653E-08 6.6459E-08 6.3577E-08 5.9929E-08 5.5698E-08 5.1112E-08 4.6350E-08 4.1644E-08 3.7139E-08 3.2948E-08 2.9156E-08 2.5735E-08 2.2791E-08 2.0185E-08 1.7886E-08 1.5900E-08 1.4202E-08 1.2683E-08 1.1338E-08 1.0127E-08 9.0182E-09 8.0391E-09 7.1112E-09 6.3272E-09 5.6249E-09 4.9874E-09 4.4112E-09 3.8964E-09 3.4335E-09 3.0180E-09 2.6196E-09 2.2639E-09 1.9827E-09 1.7304E-09 1.4908E-09 1.2660E-09 1.0878E-09 9.3778E-10 8.0735E-10 6.8793E-10 5.8738E-10 4.9611E-10 4.0936E-10 3.3094E-10 2.7182E-10 2.2151E-10 1.7307E-10 1.2560E-10 8.3909E-11 3.6429E-11 2.2236E-11 1.3491E-11 9.4824E-12 4.6338E-12
6.9943E-08 7.1369E-08 7.1576E-08 7.0506E-08 6.8339E-08 6.5386E-08 6.1651E-08 5.7252E-08 5.2413E-08 4.7383E-08 4.2377E-08 3.7581E-08 3.3146E-08 2.9144E-08 2.5541E-08 2.2501E-08 1.9844E-08 1.7530E-08 1.5536E-08 1.3833E-08 1.2328E-08 1.1014E-08 9.8308E-09 8.7545E-09 7.7977E-09 6.9034E-09 6.1433E-09 5.4621E-09 4.8435E-09 4.2871E-09 3.7868E-09 3.3363E-09 2.9228E-09 2.5448E-09 2.1988E-09 1.9251E-09 1.6800E-09 1.4471E-09 1.2276E-09 1.0557E-09 9.0661E-10 7.8066E-10 6.6713E-10 5.6877E-10 4.7546E-10 3.9436E-10 3.2019E-10 2.6373E-10 2.1236E-10 1.6260E-10 1.1908E-10 7.6662E-11 3.3403E-11 2.0338E-11 1.2563E-11 8.4134E-12 3.6249E-12
7.0252E-08 7.2012E-08 7.2596E-08 7.1890E-08 6.9894E-08 6.6912E-08 6.3137E-08 5.8607E-08 5.3552E-08 4.8265E-08 4.2959E-08 3.7884E-08 3.3190E-08 2.8972E-08 2.5267E-08 2.2073E-08 1.9396E-08 1.7062E-08 1.5074E-08 1.3393E-08 1.1911E-08 1.0638E-08 9.4932E-09 8.4561E-09 7.5275E-09 6.6730E-09 5.9385E-09 5.2816E-09 4.6857E-09 4.1485E-09 3.6643E-09 3.2283E-09 2.8280E-09 2.4628E-09 2.1268E-09 1.8620E-09 1.6247E-09 1.3992E-09 1.1872E-09 1.0172E-09 8.7670E-10 7.5406E-10 6.4432E-10 5.4409E-10 4.5680E-10 3.7516E-10 3.0332E-10 2.5211E-10 2.0202E-10 1.5496E-10 1.1047E-10 6.9211E-11 3.0214E-11 1.8503E-11 1.1432E-11 7.2160E-12 2.5365E-12
6.9932E-08 7.2080E-08 7.3072E-08 7.2785E-08 7.1138E-08 6.8259E-08 6.4481E-08 5.9872E-08 5.4670E-08 4.9112E-08 4.3530E-08 3.8155E-08 3.3177E-08 2.8741E-08 2.4857E-08 2.1527E-08 1.8829E-08 1.6527E-08 1.4522E-08 1.2883E-08 1.1440E-08 1.0218E-08 9.1217E-09 8.1268E-09 7.2353E-09 6.4196E-09 5.7171E-09 5.0862E-09 4.5135E-09 3.9970E-09 3.5306E-09 3.1103E-09 2.7254E-09 2.3623E-09 2.0495E-09 1.7937E-09 1.5649E-09 1.3458E-09 1.1402E-09 9.8013E-10 8.4351E-10 7.2662E-10 6.1671E-10 5.2324E-10 4.3465E-10 3.5757E-10 2.9133E-10 2.4343E-10 1.8863E-10 1.4439E-10 1.0146E-10 6.2653E-11 2.6892E-11 1.6469E-11 1.0208E-11 5.9579E-12 1.6192E-12
6.8999E-08 7.1562E-08 7.2999E-08 7.3186E-08 7.1995E-08 6.9375E-08 6.5659E-08 6.1064E-08 5.5724E-08 4.9962E-08 4.4085E-08 3.8378E-08 3.3112E-08 2.8421E-08 2.4378E-08 2.0886E-08 1.8174E-08 1.5897E-08 1.3913E-08 1.2311E-08 1.0924E-08 9.7600E-09 8.7194E-09 7.7720E-09 6.9184E-09 6.1471E-09 5.4797E-09 4.8762E-09 4.3295E-09 3.8345E-09 3.3871E-09 2.9844E-09 2.6058E-09 2.2678E-09 1.9670E-09 1.7214E-09 1.4946E-09 1.2830E-09 1.0946E-09 9.3723E-10 8.0990E-10 6.9415E-10 5.9219E-10 4.9461E-10 4.1417E-10 3.3805E-10 2.7915E-10 2.2868E-10 1.7817E-10 1.3606E-10 9.2202E-11 5.5812E-11 2.3647E-11 1.4741E-11 9.0405E-12 4.7012E-12 9.3434E-13
