Assets/Resources/2015_m01_d27_2000(utc+0800)_l00_csi_1hr_conc.grd
DSAA
         159         159
     -79.000      79.000
     -79.000      79.000
  0.0000E+00  0.1236E-05
[rows 25 to 49 of 159, columns 57 to 113 of 159]
8.1762E-09 9.3696E-09 1.0634E-08 1.1943E-08 1.3270E-08 1.4584E-08 1.5852E-08 1.7035E-08 1.8095E-08 1.9001E-08 1.9719E-08 2.0231E-08 2.0518E-08 2.0571E-08 2.0390E-08 1.9986E-08 1.9377E-08 1.8584E-08 1.7639E-08 1.6570E-08 1.5412E-08 1.4197E-08 1.2957E-08 1.1723E-08 1.0519E-08 9.3654E-09 8.2755E-09 7.2628E-09 6.3340E-09 5.4912E-09 4.7353E-09 4.0647E-09 3.4722E-09 2.9551E-09 2.5010E-09 2.1053E-09 1.7418E-09 1.4499E-09 1.2155E-09 1.0223E-09 8.6293E-10 7.2029E-10 5.9790E-10 4.8970E-10 4.0238E-10 3.2567E-10 2.6467E-10 2.0577E-10 1.6893E-10 1.3156E-10 1.0500E-10 7.8601E-11 5.7478E-11 3.9759E-11 2.6637E-11 1.5149E-11 5.7774E-12
8.3598E-09 9.6162E-09 1.0951E-08 1.2343E-08 1.3765E-08 1.5180E-08 1.6553E-08 1.7833E-08 1.8986E-08 1.9972E-08 2.0756E-08 2.1313E-08 2.1623E-08 2.1677E-08 2.1471E-08 2.1020E-08 2.0340E-08 1.9462E-08 1.8416E-08 1.7240E-08 1.5974E-08 1.4655E-08 1.3318E-08 1.1992E-08 1.0704E-08 9.4795E-09 8.3322E-09 7.2718E-09 6.3069E-09 5.4378E-09 4.6621E-09 3.9818E-09 3.3832E-09 2.8670E-09 2.4161E-09 2.0145E-09 1.6617E-09 1.3726E-09 1.1473E-09 9.6394E-10 8.1123E-10 6.7673E-10 5.5659E-10 4.5541E-10 3.6953E-10 2.9852E-10 2.4112E-10 1.8592E-10 1.5135E-10 1.1606E-10 9.1409E-11 6.6610E-11 4.7822E-11 3.2163E-11 2.0058E-11 1.0118E-11 2.6632E-12
8.5103E-09 9.8305E-09 1.1241E-08 1.2721E-08 1.4237E-08 1.5750E-08 1.7220E-08 1.8605E-08 1.9860E-08 2.0935E-08 2.1794E-08 2.2399E-08 2.2732E-08 2.2780E-08 2.2550E-08 2.2049E-08 2.1300E-08 2.0333E-08 1.9185E-08 1.7902E-08 1.6522E-08 1.5091E-08 1.3648E-08 1.2229E-08 1.0860E-08 9.5633E-09 8.3582E-09 7.2542E-09 6.2543E-09 5.3620E-09 4.5732E-09 3.8797E-09 3.2776E-09 2.7614E-09 2.3189E-09 1.9270E-09 1.5714E-09 1.2915E-09 1.0803E-09 9.0365E-10 7.5828E-10 6.3081E-10 5.1401E-10 4.2139E-10 3.3568E-10 2.7162E-10 2.1617E-10 1.6591E-10 1.3283E-10 1.0075E-10 7.8011E-11 5.5512E-11 3.8574E-11 2.5125E-11 1.3980E-11 5.7014E-12 7.5906E-13
8.6308E-09 1.0013E-08 1.1498E-08 1.3059E-08 1.4671E-08 1.6294E-08 1.7881E-08 1.9381E-08 2.0738E-08 2.1906E-08 2.2836E-08 2.3498E-08 2.3863E-08 2.3914E-08 2.3655E-08 2.3096E-08 2.2268E-08 2.1199E-08 1.9944E-08 1.8543E-08 1.7046E-08 1.5501E-08 1.3948E-08 1.2430E-08 1.0978E-08 9.6141E-09 8.3514E-09 7.2037E-09 6.1740E-09 5.2606E-09 4.4587E-09 3.7594E-09 3.1600E-09 2.6441E-09 2.2082E-09 1.8223E-09 1.4765E-09 1.2155E-09 1.0101E-09 8.4194E-10 7.0422E-10 5.8330E-10 4.7041E-10 3.8544E-10 3.0233E-10 2.4518E-10 1.8944E-10 1.4602E-10 1.1463E-10 8.6521E-11 6.5573E-11 4.5283E-11 2.9913E-11 1.8665E-11 8.6994E-12 1.9877E-12 2.8049E-13
8.7060E-09 1.0149E-08 1.1709E-08 1.3362E-08 1.5076E-08 1.6807E-08 1.8504E-08 2.0111E-08 2.1579E-08 2.2847E-08 2.3861E-08 2.4584E-08 2.4978E-08 2.5028E-08 2.4738E-08 2.4126E-08 2.3215E-08 2.2050E-08 2.0679E-08 1.9154E-08 1.7532E-08 1.5867E-08 1.4210E-08 1.2597E-08 1.1057E-08 9.6238E-09 8.3107E-09 7.1239E-09 6.0668E-09 5.1363E-09 4.3280E-09 3.6210E-09 3.0232E-09 2.5224E-09 2.0931E-09 1.7180E-09 1.3846E-09 1.1304E-09 9.3818E-10 7.7923E-10 6.4952E-10 5.3707E-10 4.2659E-10 3.4942E-10 2.6985E-10 2.1896E-10 1.6355E-10 1.2645E-10 9.7652E-11 7.2974E-11 5.3578E-11 3.5777E-11 2.2089E-11 1.2720E-11 4.4821E-12 1.0582E-12 5.9098E-14
8.7349E-09 1.0239E-08 1.1873E-08 1.3613E-08 1.5422E-08 1.7258E-08 1.9072E-08 2.0802E-08 2.2386E-08 2.3754E-08 2.4851E-08 2.5633E-08 2.6061E-08 2.6121E-08 2.5803E-08 2.5132E-08 2.4135E-08 2.2864E-08 2.1373E-08 1.9727E-08 1.7981E-08 1.6195E-08 1.4421E-08 1.2708E-08 1.1094E-08 9.5934E-09 8.2284E-09 7.0096E-09 5.9304E-09 4.9889E-09 4.1744E-09 3.4674E-09 2.8767E-09 2.3836E-09 1.9704E-09 1.6044E-09 1.2823E-09 1.0485E-09 8.6506E-10 7.1625E-10 5.9464E-10 4.8953E-10 3.8420E-10 3.1361E-10 2.3915E-10 1.9128E-10 1.3920E-10 1.0741E-10 8.1388E-11 6.0360E-11 4.2405E-11 2.7103E-11 1.5273E-11 7.1265E-12 1.9768E-12 4.2332E-13 0.0000E+00
8.7113E-09 1.0270E-08 1.1973E-08 1.3796E-08 1.5709E-08 1.7662E-08 1.9596E-08 2.1448E-08 2.3146E-08 2.4623E-08 2.5814E-08 2.6660E-08 2.7128E-08 2.7184E-08 2.6840E-08 2.6111E-08 2.5033E-08 2.3655E-08 2.2040E-08 2.0257E-08 1.8378E-08 1.6472E-08 1.4590E-08 1.2784E-08 1.1086E-08 9.5264E-09 8.1159E-09 6.8632E-09 5.7661E-09 4.8178E-09 4.0033E-09 3.2974E-09 2.7193E-09 2.2399E-09 1.8399E-09 1.4920E-09 1.1777E-09 9.6523E-10 7.9096E-10 6.5322E-10 5.4000E-10 4.4143E-10 3.4478E-10 2.7743E-10 2.0988E-10 1.6299E-10 1.1681E-10 9.0174E-11 6.6394E-11 4.8340E-11 3.2195E-11 1.9415E-11 9.2605E-12 2.9070E-12 1.0846E-12 1.2636E-13 0.0000E+00
8.6325E-09 1.0237E-08 1.2007E-08 1.3917E-08 1.5929E-08 1.7990E-08 2.0038E-08 2.2011E-08 2.3830E-08 2.5417E-08 2.6699E-08 2.7620E-08 2.8127E-08 2.8197E-08 2.7831E-08 2.7041E-08 2.5872E-08 2.4384E-08 2.2646E-08 2.0737E-08 1.8729E-08 1.6695E-08 1.4701E-08 1.2801E-08 1.1026E-08 9.4089E-09 7.9608E-09 6.6830E-09 5.5716E-09 4.6213E-09 3.8093E-09 3.1150E-09 2.5460E-09 2.0879E-09 1.7069E-09 1.3647E-09 1.0805E-09 8.8061E-10 7.1673E-10 5.9131E-10 4.8708E-10 3.9393E-10 3.0609E-10 2.4224E-10 1.8080E-10 1.3771E-10 9.6734E-11 7.3726E-11 5.2690E-11 3.7176E-11 2.2848E-11 1.2102E-11 4.3159E-12 1.7567E-12 4.4475E-13 0.0000E+00 0.0000E+00
8.4847E-09 1.0137E-08 1.1969E-08 1.3957E-08 1.6061E-08 1.8232E-08 2.0409E-08 2.2511E-08 2.4456E-08 2.6159E-08 2.7540E-08 2.8532E-08 2.9079E-08 2.9161E-08 2.8764E-08 2.7919E-08 2.6664E-08 2.5067E-08 2.3209E-08 2.1162E-08 1.9022E-08 1.6869E-08 1.4765E-08 1.2769E-08 1.0924E-08 9.2518E-09 7.7645E-09 6.4709E-09 5.3556E-09 4.4055E-09 3.6002E-09 2.9183E-09 2.3768E-09 1.9300E-09 1.5662E-09 1.2497E-09 9.8347E-10 7.9786E-10 6.4477E-10 5.3146E-10 4.3512E-10 3.4735E-10 2.6739E-10 2.0794E-10 1.5321E-10 1.1402E-10 7.9445E-11 5.8538E-11 4.0604E-11 2.7281E-11 1.4443E-11 6.0564E-12 2.4562E-12 9.5224E-13 1.3469E-13 0.0000E+00 0.0000E+00
8.2862E-09 9.9717E-09 1.1853E-08 1.3911E-08 1.6112E-08 1.8399E-08 2.0700E-08 2.2931E-08 2.5001E-08 2.6822E-08 2.8305E-08 2.9374E-08 2.9977E-08 3.0070E-08 2.9653E-08 2.8745E-08 2.7398E-08 2.5687E-08 2.3699E-08 2.1520E-08 1.9248E-08 1.6970E-08 1.4759E-08 1.2678E-08 1.0763E-08 9.0438E-09 7.5328E-09 6.2224E-09 5.1078E-09 4.1667E-09 3.3764E-09 2.7117E-09 2.1915E-09 1.7675E-09 1.4121E-09 1.1294E-09 8.9152E-10 7.1660E-10 5.7599E-10 4.7421E-10 3.8432E-10 3.0026E-10 2.3060E-10 1.7380E-10 1.2782E-10 9.1849E-11 6.3517E-11 4.5020E-11 3.0011E-11 1.8026E-11 7.8771E-12 3.0205E-12 1.3878E-12 3.6147E-13 0.0000E+00 0.0000E+00 0.0000E+00
8.0236E-09 9.7294E-09 1.1657E-08 1.3787E-08 1.6077E-08 1.8468E-08 2.0890E-08 2.3254E-08 2.5465E-08 2.7415E-08 2.9008E-08 3.0156E-08 3.0798E-08 3.0902E-08 3.0463E-08 2.9496E-08 2.8063E-08 2.6239E-08 2.4115E-08 2.1804E-08 1.9405E-08 1.7008E-08 1.4694E-08 1.2528E-08 1.0556E-08 8.7970E-09 7.2652E-09 5.9528E-09 4.8426E-09 3.9126E-09 3.1399E-09 2.5044E-09 2.0086E-09 1.6048E-09 1.2708E-09 1.0135E-09 7.9829E-10 6.3805E-10 5.1149E-10 4.1765E-10 3.3503E-10 2.5526E-10 1.9550E-10 1.4273E-10 1.0426E-10 7.1434E-11 4.9202E-11 3.2863E-11 2.0431E-11 9.8763E-12 3.5080E-12 1.8269E-12 6.7988E-13 9.4438E-14 0.0000E+00 0.0000E+00 0.0000E+00
7.7043E-09 9.4276E-09 1.1393E-08 1.3578E-08 1.5946E-08 1.8445E-08 2.0995E-08 2.3499E-08 2.5848E-08 2.7931E-08 2.9643E-08 3.0883E-08 3.1582E-08 3.1700E-08 3.1225E-08 3.0190E-08 2.8659E-08 2.6711E-08 2.4457E-08 2.2006E-08 1.9473E-08 1.6958E-08 1.4549E-08 1.2307E-08 1.0283E-08 8.4995E-09 6.9547E-09 5.6443E-09 4.5508E-09 3.6413E-09 2.8958E-09 2.2866E-09 1.8221E-09 1.4422E-09 1.1374E-09 9.0606E-10 7.0762E-10 5.6421E-10 4.4940E-10 3.6222E-10 2.8578E-10 2.1396E-10 1.6288E-10 1.1564E-10 8.2880E-11 5.3872E-11 3.6125E-11 2.1791E-11 1.2628E-11 4.4574E-12 2.2104E-12 9.7226E-13 2.1153E-13 0.0000E+00 0.0000E+00 0.0000E+00 0.0000E+00
7.3373E-09 9.0679E-09 1.1054E-08 1.3283E-08 1.5729E-08 1.8331E-08 2.1007E-08 2.3647E-08 2.6139E-08 2.8361E-08 3.0190E-08 3.1517E-08 3.2272E-08 3.2401E-08 3.1896E-08 3.0794E-08 2.9161E-08 2.7091E-08 2.4704E-08 2.2115E-08 1.9456E-08 1.6828E-08 1.4335E-08 1.2027E-08 9.9638E-09 8.1647E-09 6.6240E-09 5.3248E-09 4.2486E-09 3.3637E-09 2.6463E-09 2.0743E-09 1.6281E-09 1.2799E-09 1.0129E-09 7.9772E-10 6.2108E-10 4.9016E-10 3.8775E-10 3.0983E-10 2.3999E-10 1.7764E-10 1.3337E-10 9.2309E-11 6.4037E-11 3.8839E-11 2.5020E-11 1.3687E-11 7.3070E-12 2.4765E-12 1.1936E-12 3.7397E-13 1.8110E-14 0.0000E+00 0.0000E+00 0.0000E+00 0.0000E+00
6.9425E-09 8.6572E-09 1.0651E-08 1.2925E-08 1.5437E-08 1.8125E-08 2.0912E-08 2.3687E-08 2.6326E-08 2.8697E-08 3.0656E-08 3.2088E-08 3.2903E-08 3.3049E-08 3.2511E-08 3.1329E-08 2.9584E-08 2.7378E-08 2.4845E-08 2.2120E-08 1.9340E-08 1.6610E-08 1.4029E-08 1.1670E-08 9.5768E-09 7.7732E-09 6.2490E-09 4.9743E-09 3.9296E-09 3.0776E-09 2.3865E-09 1.8592E-09 1.4484E-09 1.1233E-09 8.9257E-10 6.9252E-10 5.3455E-10 4.1974E-10 3.3150E-10 2.6016E-10 1.9840E-10 1.4469E-10 1.0662E-10 7.2384E-11 4.7094E-11 2.6999E-11 1.6173E-11 8.5590E-12 4.1413E-12 1.3828E-12 5.3481E-13 9.7505E-14 0.0000E+00 0.0000E+00 0.0000E+00 0.0000E+00 0.0000E+00
6.5064E-09 8.1981E-09 1.0194E-08 1.2491E-08 1.5053E-08 1.7834E-08 2.0739E-08 2.3655E-08 2.6444E-08 2.8956E-08 3.1038E-08 3.2568E-08 3.3439E-08 3.3594E-08 3.3027E-08 3.1771E-08 2.9914E-08 2.7574E-08 2.4895E-08 2.2032E-08 1.9126E-08 1.6301E-08 1.3660E-08 1.1268E-08 9.1527E-09 7.3633E-09 5.8579E-09 4.6130E-09 3.6077E-09 2.7923E-09 2.1397E-09 1.6468E-09 1.2688E-09 9.8370E-10 7.7489E-10 5.9157E-10 4.5425E-10 3.5353E-10 2.7853E-10 2.1551E-10 1.6049E-10 1.1608E-10 8.2352E-11 5.4625E-11 3.0705E-11 1.8394E-11 9.7507E-12 5.3772E-12 2.0747E-12 6.7394E-13 1.6033E-13 0.0000E+00 0.0000E+00 0.0000E+00 0.0000E+00 0.0000E+00 0.0000E+00
6.0404E-09 7.7097E-09 9.6967E-09 1.2001E-08 1.4611E-08 1.7467E-08 2.0477E-08 2.3524E-08 2.6456E-08 2.9113E-08 3.1334E-08 3.2970E-08 3.3910E-08 3.4078E-08 3.3465E-08 3.2120E-08 3.0143E-08 2.7663E-08 2.4837E-08 2.1842E-08 1.8821E-08 1.5911E-08 1.3207E-08 1.0786E-08 8.6653E-09 6.9033E-09 5.4396E-09 4.2362E-09 3.2714E-09 2.4931E-09 1.8938E-09 1.4451E-09 1.1001E-09 8.4817E-10 6.6094E-10 4.9679E-10 3.8085E-10 2.9299E-10 2.2901E-10 1.7431E-10 1.2688E-10 9.1020E-11 6.1455E-11 3.8587E-11 2.0629E-11 1.2106E-11 6.1101E-12 3.2460E-12 7.5855E-13 2.0539E-13 0.0000E+00 0.0000E+00 0.0000E+00 0.0000E+00 0.0000E+00 0.0000E+00 0.0000E+00
5.5609E-09 7.1839E-09 9.1395E-09 1.1456E-08 1.4102E-08 1.7024E-08 2.0139E-08 2.3318E-08 2.6402E-08 2.9223E-08 3.1583E-08 3.3323E-08 3.4322E-08 3.4503E-08 3.3854E-08 3.2429E-08 3.0321E-08 2.7689E-08 2.4716E-08 2.1576E-08 1.8436E-08 1.5453E-08 1.2712E-08 1.0273E-08 8.1602E-09 6.4288E-09 5.0084E-09 3.8584E-09 2.9399E-09 2.2093E-09 1.6594E-09 1.2456E-09 9.4528E-10 7.1826E-10 5.5290E-10 4.1260E-10 3.1246E-10 2.3849E-10 1.8403E-10 1.3723E-10 9.7906E-11 6.8295E-11 4.4160E-11 2.4965E-11 1.3328E-11 7.7909E-12 3.9063E-12 1.5865E-12 2.3210E-13 1.7585E-15 0.0000E+00 0.0000E+00 0.0000E+00 0.0000E+00 0.0000E+00 0.0000E+00 0.0000E+00
5.0677E-09 6.6304E-09 8.5557E-09 1.0854E-08 1.3515E-08 1.6502E-08 1.9719E-08 2.3034E-08 2.6273E-08 2.9244E-08 3.1753E-08 3.3620E-08 3.4693E-08 3.4889E-08 3.4192E-08 3.2660E-08 3.0416E-08 2.7640E-08 2.4509E-08 2.1227E-08 1.7972E-08 1.4903E-08 1.2121E-08 9.6893E-09 7.6021E-09 5.9214E-09 4.5615E-09 3.4681E-09 2.5950E-09 1.9312E-09 1.4333E-09 1.0624E-09 7.9657E-10 5.9506E-10 4.5323E-10 3.3639E-10 2.5099E-10 1.8996E-10 1.4416E-10 1.0389E-10 7.2247E-11 4.7465E-11 2.9937E-11 1.4757E-11 9.0323E-12 4.7689E-12 2.2420E-12 4.7288E-13 2.0523E-14 0.0000E+00 0.0000E+00 0.0000E+00 0.0000E+00 0.0000E+00 0.0000E+00 0.0000E+00 0.0000E+00
4.5526E-09 6.0527E-09 7.9372E-09 1.0210E-08 1.2886E-08 1.5921E-08 1.9228E-08 2.2668E-08 2.6071E-08 2.9217E-08 3.1889E-08 3.3881E-08 3.5035E-08 3.5254E-08 3.4522E-08 3.2897E-08 3.0512E-08 2.7556E-08 2.4249E-08 2.0826E-08 1.7464E-08 1.4327E-08 1.1515E-08 9.0849E-09 7.0293E-09 5.4059E-09 4.1172E-09 3.0794E-09 2.2648E-09 1.6654E-09 1.2126E-09 8.9680E-10 6.5733E-10 4.8086E-10 3.6386E-10 2.6716E-10 1.9624E-10 1.4713E-10 1.0846E-10 7.4157E-11 4.9638E-11 3.1446E-11 1.8489E-11 9.8475E-12 5.6974E-12 2.6604E-12 8.5324E-13 2.4566E-14 0.0000E+00 0.0000E+00 0.0000E+00 0.0000E+00 0.0000E+00 0.0000E+00 0.0000E+00 0.0000E+00 0.0000E+00
4.0447E-09 5.4751E-09 7.2820E-09 9.5156E-09 1.2188E-08 1.5258E-08 1.8647E-08 2.2220E-08 2.5788E-08 2.9120E-08 3.1979E-08 3.4132E-08 3.5394E-08 3.5649E-08 3.4876E-08 3.3138E-08 3.0596E-08 2.7459E-08 2.3976E-08 2.0373E-08 1.6879E-08 1.3659E-08 1.0834E-08 8.4214E-09 6.4108E-09 4.8609E-09 3.6459E-09 2.6737E-09 1.9417E-09 1.4117E-09 1.0176E-09 7.3710E-10 5.2436E-10 3.8487E-10 2.8678E-10 2.0657E-10 1.4957E-10 1.1007E-10 7.6988E-11 5.0467E-11 3.1166E-11 1.9973E-11 1.0854E-11 6.4810E-12 3.2500E-12 1.2703E-12 1.6185E-13 0.0000E+00 0.0000E+00 0.0000E+00 0.0000E+00 0.0000E+00 0.0000E+00 0.0000E+00 0.0000E+00 0.0000E+00 0.0000E+00
3.5421E-09 4.8812E-09 6.6095E-09 8.7923E-09 1.1432E-08 1.4516E-08 1.7985E-08 2.1685E-08 2.5424E-08 2.8956E-08 3.2016E-08 3.4342E-08 3.5731E-08 3.6041E-08 3.5243E-08 3.3408E-08 3.0705E-08 2.7360E-08 2.3662E-08 1.9891E-08 1.6281E-08 1.2985E-08 1.0125E-08 7.7430E-09 5.7862E-09 4.3203E-09 3.1943E-09 2.2952E-09 1.6418E-09 1.1749E-09 8.3540E-10 5.8218E-10 4.1010E-10 3.0380E-10 2.2017E-10 1.5480E-10 1.0952E-10 7.7848E-11 4.9933E-11 3.1405E-11 1.9144E-11 1.1647E-11 6.9571E-12 3.7047E-12 1.5769E-12 3.5113E-13 0.0000E+00 0.0000E+00 0.0000E+00 0.0000E+00 0.0000E+00 0.0000E+00 0.0000E+00 0.0000E+00 0.0000E+00 0.0000E+00 0.0000E+00
3.0406E-09 4.2912E-09 5.9269E-09 8.0195E-09 1.0613E-08 1.3702E-08 1.7222E-08 2.1040E-08 2.4963E-08 2.8719E-08 3.2019E-08 3.4572E-08 3.6135E-08 3.6541E-08 3.5737E-08 3.3792E-08 3.0896E-08 2.7323E-08 2.3391E-08 1.9404E-08 1.5623E-08 1.2251E-08 9.3930E-09 7.0401E-09 5.1456E-09 3.7741E-09 2.7369E-09 1.9290E-09 1.3582E-09 9.5316E-10 6.6684E-10 4.5128E-10 3.1400E-10 2.3355E-10 1.6389E-10 1.1129E-10 7.6785E-11 5.0815E-11 3.1358E-11 1.8124E-11 1.2099E-11 7.4619E-12 4.1204E-12 1.8884E-12 5.7194E-13 0.0000E+00 0.0000E+00 0.0000E+00 0.0000E+00 0.0000E+00 0.0000E+00 0.0000E+00 0.0000E+00 0.0000E+00 0.0000E+00 0.0000E+00 0.0000E+00
2.5798E-09 3.7099E-09 5.2363E-09 7.2263E-09 9.7590E-09 1.2818E-08 1.6374E-08 2.0303E-08 2.4400E-08 2.8392E-08 3.1959E-08 3.4771E-08 3.6534E-08 3.7064E-08 3.6280E-08 3.4248E-08 3.1179E-08 2.7366E-08 2.3170E-08 1.8957E-08 1.5025E-08 1.1557E-08 8.6581E-09 6.3570E-09 4.5327E-09 3.2529E-09 2.3086E-09 1.5911E-09 1.0959E-09 7.5422E-10 5.1020E-10 3.4074E-10 2.4020E-10 1.7320E-10 1.1624E-10 7.6278E-11 5.1111E-11 3.1718E-11 1.9446E-11 1.2159E-11 7.6392E-12 4.3724E-12 2.1407E-12 7.7735E-13 1.1924E-13 0.0000E+00 0.0000E+00 0.0000E+00 0.0000E+00 0.0000E+00 0.0000E+00 0.0000E+00 0.0000E+00 0.0000E+00 0.0000E+00 0.0000E+00 0.0000E+00
2.1465E-09 3.1464E-09 4.5498E-09 6.4151E-09 8.8257E-09 1.1824E-08 1.5388E-08 1.9397E-08 2.3668E-08 2.7918E-08 3.1791E-08 3.4928E-08 3.6990E-08 3.7726E-08 3.7022E-08 3.4928E-08 3.1660E-08 2.7568E-08 2.3081E-08 1.8586E-08 1.4426E-08 1.0850E-08 7.9420E-09 5.6597E-09 3.9013E-09 2.7382E-09 1.8970E-09 1.2750E-09 8.5687E-10 5.8107E-10 3.8101E-10 2.5423E-10 1.7714E-10 1.2205E-10 7.8610E-11 5.0623E-11 3.2580E-11 2.0272E-11 1.1832E-11 7.7309E-12 4.5120E-12 2.2647E-12 9.0467E-13 2.1171E-13 0.0000E+00 0.0000E+00 0.0000E+00 0.0000E+00 0.0000E+00 0.0000E+00 0.0000E+00 0.0000E+00 0.0000E+00 0.0000E+00 0.0000E+00 0.0000E+00 0.0000E+00
1.7571E-09 2.6355E-09 3.8764E-09 5.5976E-09 7.8753E-09 1.0788E-08 1.4312E-08 1.8380E-08 2.2810E-08 2.7317E-08 3.1537E-08 3.5054E-08 3.7467E-08 3.8466E-08 3.7897E-08 3.5781E-08 3.2347E-08 2.7983E-08 2.3141E-08 1.8333E-08 1.3945E-08 1.0226E-08 7.2662E-09 5.0322E-09 3.3200E-09 2.2663E-09 1.5248E-09 9.9618E-10 6.4725E-10 4.2803E-10 2.7413E-10 1.8338E-10 1.2393E-10 8.0706E-11 5.0000E-11 3.2538E-11 2.0142E-11 1.2112E-11 7.5936E-12 4.4883E-12 2.3134E-12 9.6048E-13 2.6757E-13 0.0000E+00 0.0000E+00 0.0000E+00 0.0000E+00 0.0000E+00 0.0000E+00 0.0000E+00 0.0000E+00 0.0000E+00 0.0000E+00 0.0000E+00 0.0000E+00 0.0000E+00 0.0000E+00
