Assets/Resources/2015_m01_d16_0000(utc+0800)_l00_csi_1hr_conc.grd
DSAA
         159         159
     -79.000      79.000
     -79.000      79.000
  0.3199E-10  0.1605E-04
[rows 50 to 74 of 159, columns 57 to 113 of 159]
1.4270E-08 1.4903E-08 1.5504E-08 1.6059E-08 1.6572E-08 1.7034E-08 1.7441E-08 1.7791E-08 1.8088E-08 1.8333E-08 1.8530E-08 1.8683E-08 1.8798E-08 1.8872E-08 1.8909E-08 1.8914E-08 1.8893E-08 1.8846E-08 1.8772E-08 1.8676E-08 1.8557E-08 1.8422E-08 1.8268E-08 1.8108E-08 1.7893E-08 1.7677E-08 1.7446E-08 1.7203E-08 1.7155E-08 1.6908E-08 1.7159E-08 1.8392E-08 1.8090E-08 1.9352E-08 1.8854E-08 1.8342E-08 1.7814E-08 1.7276E-08 1.6728E-08 1.6173E-08 1.5614E-08 1.5054E-08 1.4497E-08 1.3944E-08 1.3400E-08 1.2865E-08 1.2343E-08 1.1836E-08 1.1344E-08 1.0874E-08 1.0423E-08 9.9844E-09 9.5773E-09 9.1876E-09 8.8172E-09 8.4544E-09 8.1226E-09
1.4755E-08 1.5395E-08 1.5992E-08 1.6544E-08 1.7054E-08 1.7507E-08 1.7902E-08 1.8241E-08 1.8527E-08 1.8762E-08 1.8952E-08 1.9100E-08 1.9206E-08 1.9272E-08 1.9304E-08 1.9308E-08 1.9286E-08 1.9235E-08 1.9161E-08 1.9065E-08 1.8950E-08 1.8814E-08 1.8672E-08 1.8471E-08 1.8269E-08 1.8051E-08 1.7820E-08 1.7592E-08 1.7554E-08 1.7399E-08 1.9196E-08 1.8882E-08 2.0307E-08 1.9816E-08 1.9307E-08 1.8780E-08 1.8238E-08 1.7683E-08 1.7117E-08 1.6545E-08 1.5967E-08 1.5389E-08 1.4813E-08 1.4242E-08 1.3679E-08 1.3126E-08 1.2586E-08 1.2060E-08 1.1555E-08 1.1069E-08 1.0604E-08 1.0162E-08 9.7387E-09 9.3256E-09 8.9416E-09 8.5641E-09 8.2188E-09
1.5214E-08 1.5851E-08 1.6445E-08 1.6999E-08 1.7498E-08 1.7938E-08 1.8322E-08 1.8650E-08 1.8926E-08 1.9154E-08 1.9339E-08 1.9480E-08 1.9578E-08 1.9640E-08 1.9672E-08 1.9676E-08 1.9651E-08 1.9601E-08 1.9530E-08 1.9437E-08 1.9322E-08 1.9191E-08 1.9041E-08 1.8833E-08 1.8631E-08 1.8415E-08 1.8194E-08 1.8184E-08 1.8007E-08 1.9984E-08 1.9673E-08 2.1254E-08 2.0775E-08 2.0274E-08 1.9753E-08 1.9213E-08 1.8657E-08 1.8086E-08 1.7505E-08 1.6914E-08 1.6320E-08 1.5724E-08 1.5129E-08 1.4540E-08 1.3959E-08 1.3387E-08 1.2830E-08 1.2289E-08 1.1768E-08 1.1267E-08 1.0791E-08 1.0331E-08 9.8941E-09 9.4634E-09 9.0654E-09 8.6736E-09 8.3150E-09
1.5634E-08 1.6269E-08 1.6865E-08 1.7409E-08 1.7897E-08 1.8326E-08 1.8699E-08 1.9017E-08 1.9285E-08 1.9509E-08 1.9687E-08 1.9819E-08 1.9914E-08 1.9975E-08 2.0008E-08 2.0013E-08 1.9989E-08 1.9946E-08 1.9878E-08 1.9785E-08 1.9667E-08 1.9551E-08 1.9362E-08 1.9179E-08 1.8980E-08 1.8772E-08 1.8790E-08 1.8610E-08 2.0749E-08 2.0448E-08 2.2181E-08 2.1719E-08 2.1234E-08 2.0725E-08 2.0193E-08 1.9644E-08 1.9075E-08 1.8492E-08 1.7896E-08 1.7291E-08 1.6680E-08 1.6067E-08 1.5455E-08 1.4849E-08 1.4249E-08 1.3660E-08 1.3086E-08 1.2529E-08 1.1984E-08 1.1471E-08 1.0977E-08 1.0504E-08 1.0032E-08 9.6006E-09 9.1845E-09 8.7804E-09 8.4097E-09
1.6017E-08 1.6649E-08 1.7240E-08 1.7775E-08 1.8250E-08 1.8669E-08 1.9031E-08 1.9341E-08 1.9605E-08 1.9822E-08 1.9992E-08 2.0121E-08 2.0215E-08 2.0278E-08 2.0313E-08 2.0320E-08 2.0304E-08 2.0265E-08 2.0196E-08 2.0104E-08 2.0015E-08 1.9881E-08 1.9686E-08 1.9508E-08 1.9318E-08 1.9364E-08 1.9192E-08 2.1479E-08 2.1195E-08 2.3076E-08 2.2638E-08 2.2174E-08 2.1685E-08 2.1170E-08 2.0635E-08 2.0074E-08 1.9495E-08 1.8899E-08 1.8289E-08 1.7669E-08 1.7043E-08 1.6414E-08 1.5786E-08 1.5162E-08 1.4544E-08 1.3939E-08 1.3339E-08 1.2767E-08 1.2218E-08 1.1688E-08 1.1167E-08 1.0676E-08 1.0183E-08 9.7331E-09 9.2863E-09 8.8822E-09 8.4831E-09
1.6359E-08 1.6991E-08 1.7571E-08 1.8093E-08 1.8557E-08 1.8965E-08 1.9318E-08 1.9623E-08 1.9882E-08 2.0090E-08 2.0256E-08 2.0385E-08 2.0480E-08 2.0547E-08 2.0585E-08 2.0599E-08 2.0590E-08 2.0550E-08 2.0485E-08 2.0396E-08 2.0317E-08 2.0146E-08 1.9992E-08 1.9823E-08 1.9897E-08 1.9739E-08 2.2164E-08 2.1903E-08 2.3927E-08 2.3520E-08 2.3084E-08 2.2622E-08 2.2131E-08 2.1615E-08 2.1069E-08 2.0502E-08 1.9913E-08 1.9305E-08 1.8683E-08 1.8050E-08 1.7410E-08 1.6766E-08 1.6122E-08 1.5481E-08 1.4847E-08 1.4216E-08 1.3610E-08 1.3025E-08 1.2447E-08 1.1899E-08 1.1373E-08 1.0857E-08 1.0333E-08 9.8642E-09 9.4003E-09 8.9819E-09 8.5707E-09
1.6659E-08 1.7285E-08 1.7853E-08 1.8363E-08 1.8816E-08 1.9214E-08 1.9562E-08 1.9862E-08 2.0111E-08 2.0316E-08 2.0480E-08 2.0609E-08 2.0709E-08 2.0780E-08 2.0826E-08 2.0848E-08 2.0839E-08 2.0803E-08 2.0744E-08 2.0695E-08 2.0572E-08 2.0422E-08 2.0278E-08 2.0383E-08 2.0244E-08 2.2796E-08 2.2562E-08 2.4723E-08 2.4352E-08 2.3951E-08 2.3523E-08 2.3060E-08 2.2568E-08 2.2043E-08 2.1492E-08 2.0915E-08 2.0317E-08 1.9700E-08 1.9068E-08 1.8424E-08 1.7772E-08 1.7115E-08 1.6456E-08 1.5800E-08 1.5154E-08 1.4515E-08 1.3881E-08 1.3279E-08 1.2695E-08 1.2130E-08 1.1566E-08 1.1030E-08 1.0494E-08 9.9941E-09 9.5115E-09 9.0798E-09 8.6574E-09
1.6921E-08 1.7532E-08 1.8087E-08 1.8585E-08 1.9028E-08 1.9418E-08 1.9760E-08 2.0053E-08 2.0296E-08 2.0498E-08 2.0663E-08 2.0796E-08 2.0900E-08 2.0979E-08 2.1033E-08 2.1058E-08 2.1053E-08 2.1025E-08 2.0971E-08 2.0937E-08 2.0793E-08 2.0676E-08 2.0812E-08 2.0696E-08 2.3112E-08 2.3160E-08 2.3075E-08 2.5122E-08 2.4763E-08 2.4370E-08 2.3940E-08 2.3478E-08 2.2981E-08 2.2456E-08 2.1900E-08 2.1319E-08 2.0717E-08 2.0095E-08 1.9458E-08 1.8808E-08 1.8145E-08 1.7476E-08 1.6804E-08 1.6136E-08 1.5473E-08 1.4822E-08 1.4187E-08 1.3568E-08 1.2949E-08 1.2364E-08 1.1784E-08 1.1187E-08 1.0644E-08 1.0109E-08 9.6374E-09 9.1487E-09 8.7435E-09
1.7132E-08 1.7730E-08 1.8272E-08 1.8759E-08 1.9192E-08 1.9576E-08 1.9912E-08 2.0196E-08 2.0437E-08 2.0639E-08 2.0806E-08 2.0943E-08 2.1056E-08 2.1143E-08 2.1202E-08 2.1231E-08 2.1235E-08 2.1213E-08 2.1211E-08 2.1098E-08 2.1011E-08 2.0951E-08 2.1087E-08 2.1193E-08 2.3688E-08 2.3580E-08 2.5818E-08 2.5501E-08 2.5149E-08 2.4758E-08 2.4333E-08 2.3872E-08 2.3379E-08 2.2854E-08 2.2301E-08 2.1724E-08 2.1122E-08 2.0499E-08 1.9858E-08 1.9199E-08 1.8527E-08 1.7847E-08 1.7165E-08 1.6483E-08 1.5806E-08 1.5145E-08 1.4494E-08 1.3859E-08 1.3233E-08 1.2612E-08 1.1991E-08 1.1373E-08 1.0820E-08 1.0241E-08 9.7493E-09 9.2720E-09 8.8436E-09
1.7296E-08 1.7880E-08 1.8410E-08 1.8886E-08 1.9310E-08 1.9688E-08 2.0016E-08 2.0295E-08 2.0535E-08 2.0737E-08 2.0909E-08 2.1054E-08 2.1175E-08 2.1269E-08 2.1332E-08 2.1368E-08 2.1381E-08 2.1411E-08 2.1385E-08 2.1275E-08 2.1218E-08 2.1412E-08 2.1438E-08 2.4138E-08 2.4044E-08 2.6426E-08 2.6155E-08 2.5847E-08 2.5501E-08 2.5120E-08 2.4702E-08 2.4248E-08 2.3763E-08 2.3247E-08 2.2704E-08 2.2131E-08 2.1531E-08 2.0908E-08 2.0261E-08 1.9596E-08 1.8918E-08 1.8231E-08 1.7540E-08 1.6848E-08 1.6164E-08 1.5486E-08 1.4819E-08 1.4155E-08 1.3508E-08 1.2864E-08 1.2229E-08 1.1560E-08 1.0981E-08 1.0406E-08 9.8876E-09 9.3695E-09 8.9311E-09
1.7413E-08 1.7983E-08 1.8500E-08 1.8965E-08 1.9383E-08 1.9754E-08 2.0074E-08 2.0351E-08 2.0590E-08 2.0795E-08 2.0972E-08 2.1127E-08 2.1255E-08 2.1353E-08 2.1423E-08 2.1469E-08 2.1490E-08 2.1540E-08 2.1465E-08 2.1433E-08 2.1664E-08 2.1684E-08 2.4501E-08 2.4433E-08 2.6935E-08 2.6714E-08 2.6454E-08 2.6158E-08 2.5825E-08 2.5455E-08 2.5048E-08 2.4612E-08 2.4141E-08 2.3637E-08 2.3099E-08 2.2529E-08 2.1932E-08 2.1308E-08 2.0661E-08 1.9995E-08 1.9313E-08 1.8625E-08 1.7929E-08 1.7234E-08 1.6540E-08 1.5853E-08 1.5170E-08 1.4492E-08 1.3809E-08 1.3131E-08 1.2456E-08 1.1787E-08 1.1173E-08 1.0547E-08 1.0016E-08 9.4932E-09 9.0377E-09
1.7483E-08 1.8040E-08 1.8545E-08 1.9001E-08 1.9412E-08 1.9773E-08 2.0088E-08 2.0363E-08 2.0603E-08 2.0813E-08 2.0998E-08 2.1161E-08 2.1293E-08 2.1398E-08 2.1477E-08 2.1533E-08 2.1615E-08 2.1608E-08 2.1574E-08 2.1839E-08 2.1871E-08 2.4771E-08 2.4735E-08 2.7337E-08 2.7168E-08 2.6960E-08 2.6717E-08 2.6435E-08 2.6119E-08 2.5765E-08 2.5383E-08 2.4961E-08 2.4503E-08 2.4006E-08 2.3478E-08 2.2919E-08 2.2329E-08 2.1712E-08 2.1075E-08 2.0417E-08 1.9748E-08 1.9061E-08 1.8366E-08 1.7664E-08 1.6962E-08 1.6259E-08 1.5555E-08 1.4851E-08 1.4139E-08 1.3431E-08 1.2731E-08 1.2020E-08 1.1380E-08 1.0723E-08 1.0165E-08 9.6305E-09 9.1309E-09
1.7508E-08 1.8051E-08 1.8544E-08 1.8993E-08 1.9395E-08 1.9748E-08 2.0060E-08 2.0334E-08 2.0577E-08 2.0792E-08 2.0986E-08 2.1154E-08 2.1292E-08 2.1405E-08 2.1495E-08 2.1561E-08 2.1665E-08 2.1636E-08 2.1932E-08 2.1984E-08 2.4943E-08 2.4942E-08 2.7624E-08 2.7509E-08 2.7355E-08 2.7167E-08 2.6940E-08 2.6679E-08 2.6384E-08 2.6059E-08 2.5691E-08 2.5283E-08 2.4839E-08 2.4361E-08 2.3849E-08 2.3307E-08 2.2738E-08 2.2146E-08 2.1527E-08 2.0888E-08 2.0223E-08 1.9542E-08 1.8846E-08 1.8141E-08 1.7427E-08 1.6706E-08 1.5979E-08 1.5247E-08 1.4511E-08 1.3769E-08 1.3034E-08 1.2262E-08 1.1583E-08 1.0947E-08 1.0329E-08 9.7740E-09 9.2618E-09
1.7490E-08 1.8020E-08 1.8502E-08 1.8942E-08 1.9335E-08 1.9682E-08 1.9991E-08 2.0265E-08 2.0511E-08 2.0734E-08 2.0935E-08 2.1107E-08 2.1252E-08 2.1375E-08 2.1475E-08 2.1609E-08 2.1652E-08 2.1941E-08 2.2017E-08 2.5014E-08 2.5049E-08 2.7793E-08 2.7733E-08 2.7633E-08 2.7500E-08 2.7331E-08 2.7127E-08 2.6892E-08 2.6626E-08 2.6315E-08 2.5966E-08 2.5580E-08 2.5160E-08 2.4706E-08 2.4224E-08 2.3718E-08 2.3185E-08 2.2617E-08 2.2020E-08 2.1390E-08 2.0737E-08 2.0062E-08 1.9370E-08 1.8663E-08 1.7942E-08 1.7210E-08 1.6467E-08 1.5706E-08 1.4930E-08 1.4136E-08 1.3346E-08 1.2588E-08 1.1836E-08 1.1161E-08 1.0515E-08 9.9395E-09 9.3907E-09
1.7431E-08 1.7947E-08 1.8420E-08 1.8851E-08 1.9234E-08 1.9577E-08 1.9883E-08 2.0159E-08 2.0409E-08 2.0640E-08 2.0845E-08 2.1022E-08 2.1175E-08 2.1309E-08 2.1421E-08 2.1579E-08 2.1867E-08 2.1969E-08 2.4983E-08 2.5053E-08 2.5516E-08 2.7835E-08 2.7789E-08 2.7712E-08 2.7599E-08 2.7453E-08 2.7279E-08 2.7073E-08 2.6823E-08 2.6536E-08 2.6213E-08 2.5856E-08 2.5468E-08 2.5059E-08 2.4626E-08 2.4157E-08 2.3647E-08 2.3102E-08 2.2525E-08 2.1919E-08 2.1285E-08 2.0629E-08 1.9952E-08 1.9249E-08 1.8529E-08 1.7788E-08 1.7025E-08 1.6234E-08 1.5415E-08 1.4579E-08 1.3751E-08 1.2926E-08 1.2131E-08 1.1408E-08 1.0724E-08 1.0091E-08 9.5334E-09
1.7333E-08 1.7836E-08 1.8300E-08 1.8720E-08 1.9096E-08 1.9434E-08 1.9738E-08 2.0016E-08 2.0273E-08 2.0508E-08 2.0717E-08 2.0901E-08 2.1064E-08 2.1208E-08 2.1386E-08 2.1710E-08 2.1839E-08 2.4583E-08 2.4956E-08 2.5169E-08 2.7813E-08 2.7821E-08 2.7798E-08 2.7741E-08 2.7652E-08 2.7536E-08 2.7392E-08 2.7205E-08 2.6982E-08 2.6724E-08 2.6433E-08 2.6119E-08 2.5788E-08 2.5431E-08 2.5031E-08 2.4590E-08 2.4117E-08 2.3611E-08 2.3075E-08 2.2511E-08 2.1920E-08 2.1301E-08 2.0640E-08 1.9950E-08 1.9229E-08 1.8478E-08 1.7686E-08 1.6853E-08 1.5982E-08 1.5089E-08 1.4201E-08 1.3333E-08 1.2503E-08 1.1720E-08 1.0962E-08 1.0312E-08 9.6938E-09
1.7198E-08 1.7689E-08 1.8143E-08 1.8552E-08 1.8921E-08 1.9255E-08 1.9560E-08 1.9840E-08 2.0102E-08 2.0341E-08 2.0554E-08 2.0745E-08 2.0919E-08 2.1121E-08 2.1299E-08 2.1629E-08 2.1921E-08 2.4760E-08 2.4958E-08 2.7667E-08 2.7728E-08 2.7758E-08 2.7755E-08 2.7721E-08 2.7662E-08 2.7577E-08 2.7454E-08 2.7294E-08 2.7102E-08 2.6879E-08 2.6638E-08 2.6387E-08 2.6107E-08 2.5784E-08 2.5426E-08 2.5037E-08 2.4621E-08 2.4178E-08 2.3711E-08 2.3211E-08 2.2673E-08 2.2086E-08 2.1454E-08 2.0784E-08 2.0066E-08 1.9302E-08 1.8476E-08 1.7591E-08 1.6657E-08 1.5713E-08 1.4754E-08 1.3822E-08 1.2892E-08 1.2060E-08 1.1277E-08 1.0552E-08 9.8865E-09
1.7028E-08 1.7508E-08 1.7951E-08 1.8350E-08 1.8713E-08 1.9044E-08 1.9349E-08 1.9632E-08 1.9897E-08 2.0140E-08 2.0357E-08 2.0558E-08 2.0742E-08 2.0974E-08 2.1340E-08 2.1591E-08 2.4467E-08 2.4674E-08 2.7401E-08 2.7515E-08 2.7593E-08 2.7642E-08 2.7661E-08 2.7654E-08 2.7625E-08 2.7564E-08 2.7466E-08 2.7339E-08 2.7183E-08 2.7013E-08 2.6839E-08 2.6639E-08 2.6397E-08 2.6128E-08 2.5832E-08 2.5520E-08 2.5190E-08 2.4841E-08 2.4453E-08 2.4022E-08 2.3536E-08 2.2995E-08 2.2404E-08 2.1751E-08 2.1051E-08 2.0272E-08 1.9426E-08 1.8496E-08 1.7508E-08 1.6471E-08 1.5409E-08 1.4371E-08 1.3401E-08 1.2488E-08 1.1609E-08 1.0830E-08 1.0114E-08
1.6827E-08 1.7296E-08 1.7727E-08 1.8117E-08 1.8474E-08 1.8803E-08 1.9109E-08 1.9394E-08 1.9663E-08 1.9906E-08 2.0131E-08 2.0341E-08 2.0587E-08 2.1008E-08 2.1226E-08 2.4082E-08 2.4307E-08 2.7022E-08 2.7181E-08 2.7308E-08 2.7405E-08 2.7473E-08 2.7515E-08 2.7537E-08 2.7537E-08 2.7497E-08 2.7431E-08 2.7340E-08 2.7234E-08 2.7132E-08 2.7012E-08 2.6852E-08 2.6673E-08 2.6475E-08 2.6273E-08 2.6071E-08 2.5845E-08 2.5584E-08 2.5280E-08 2.4931E-08 2.4524E-08 2.4055E-08 2.3521E-08 2.2914E-08 2.2228E-08 2.1450E-08 2.0562E-08 1.9575E-08 1.8500E-08 1.7362E-08 1.6214E-08 1.5078E-08 1.3994E-08 1.2975E-08 1.2041E-08 1.1180E-08 1.0375E-08
1.6597E-08 1.7054E-08 1.7474E-08 1.7855E-08 1.8208E-08 1.8535E-08 1.8839E-08 1.9127E-08 1.9398E-08 1.9644E-08 1.9878E-08 2.0100E-08 2.0600E-08 2.0803E-08 2.3611E-08 2.3857E-08 2.6538E-08 2.6734E-08 2.6908E-08 2.7050E-08 2.7163E-08 2.7252E-08 2.7318E-08 2.7371E-08 2.7388E-08 2.7379E-08 2.7348E-08 2.7300E-08 2.7261E-08 2.7218E-08 2.7138E-08 2.7045E-08 2.6941E-08 2.6850E-08 2.6771E-08 2.6677E-08 2.6551E-08 2.6404E-08 2.6219E-08 2.5984E-08 2.5681E-08 2.5314E-08 2.4850E-08 2.4312E-08 2.3763E-08 2.3039E-08 2.2087E-08 2.1007E-08 1.9820E-08 1.8556E-08 1.7261E-08 1.6015E-08 1.4771E-08 1.3607E-08 1.2533E-08 1.1590E-08 1.0695E-08
1.6340E-08 1.6786E-08 1.7194E-08 1.7568E-08 1.7916E-08 1.8241E-08 1.8544E-08 1.8835E-08 1.9106E-08 1.9358E-08 1.9600E-08 2.0102E-08 2.0350E-08 2.3061E-08 2.3328E-08 2.5961E-08 2.6186E-08 2.6399E-08 2.6583E-08 2.6738E-08 2.6870E-08 2.6976E-08 2.7071E-08 2.7144E-08 2.7187E-08 2.7210E-08 2.7215E-08 2.7229E-08 2.7253E-08 2.7248E-08 2.7233E-08 2.7216E-08 2.7225E-08 2.7262E-08 2.7293E-08 2.7313E-08 2.7346E-08 2.7368E-08 2.7366E-08 2.7293E-08 2.7155E-08 2.7157E-08 2.6840E-08 2.6537E-08 2.5984E-08 2.5160E-08 2.4169E-08 2.2971E-08 2.1608E-08 2.0095E-08 1.8601E-08 1.7117E-08 1.5697E-08 1.4390E-08 1.3158E-08 1.2040E-08 1.1074E-08
1.6060E-08 1.6494E-08 1.6891E-08 1.7259E-08 1.7603E-08 1.7924E-08 1.8226E-08 1.8519E-08 1.8790E-08 1.9050E-08 1.9533E-08 1.9835E-08 2.2442E-08 2.2728E-08 2.5297E-08 2.5551E-08 2.5789E-08 2.6014E-08 2.6207E-08 2.6376E-08 2.6521E-08 2.6651E-08 2.6770E-08 2.6861E-08 2.6932E-08 2.6988E-08 2.7041E-08 2.7118E-08 2.7184E-08 2.7237E-08 2.7295E-08 2.7385E-08 2.7524E-08 2.7674E-08 2.7848E-08 2.8078E-08 2.8340E-08 2.8600E-08 2.9032E-08 2.9236E-08 2.9660E-08 2.9764E-08 2.9883E-08 2.9519E-08 2.8946E-08 2.8096E-08 2.6939E-08 2.5484E-08 2.3819E-08 2.2081E-08 2.0319E-08 1.8506E-08 1.6854E-08 1.5313E-08 1.3900E-08 1.2643E-08 1.1502E-08
1.5759E-08 1.6181E-08 1.6567E-08 1.6929E-08 1.7268E-08 1.7584E-08 1.7888E-08 1.8181E-08 1.8456E-08 1.8924E-08 1.9246E-08 2.1569E-08 2.2065E-08 2.2517E-08 2.4837E-08 2.5097E-08 2.5349E-08 2.5580E-08 2.5783E-08 2.5963E-08 2.6122E-08 2.6275E-08 2.6412E-08 2.6525E-08 2.6625E-08 2.6714E-08 2.6824E-08 2.6954E-08 2.7062E-08 2.7181E-08 2.7333E-08 2.7551E-08 2.7808E-08 2.8126E-08 2.8549E-08 2.9238E-08 2.9817E-08 3.0715E-08 3.1524E-08 3.2578E-08 3.3222E-08 3.3632E-08 3.3664E-08 3.3413E-08 3.2786E-08 3.1762E-08 3.0257E-08 2.8576E-08 2.6650E-08 2.4470E-08 2.2357E-08 2.0277E-08 1.8303E-08 1.6448E-08 1.4798E-08 1.3312E-08 1.2012E-08
1.5439E-08 1.5849E-08 1.6227E-08 1.6582E-08 1.6915E-08 1.7228E-08 1.7531E-08 1.7825E-08 1.8293E-08 1.8618E-08 1.9216E-08 2.1348E-08 2.1727E-08 2.4053E-08 2.4336E-08 2.4605E-08 2.4864E-08 2.5100E-08 2.5310E-08 2.5500E-08 2.5676E-08 2.5848E-08 2.6001E-08 2.6137E-08 2.6263E-08 2.6392E-08 2.6560E-08 2.6723E-08 2.6889E-08 2.7082E-08 2.7356E-08 2.7729E-08 2.8321E-08 2.9031E-08 3.0035E-08 3.1017E-08 3.2488E-08 3.4110E-08 3.5362E-08 3.6766E-08 3.7800E-08 3.8390E-08 3.8594E-08 3.8365E-08 3.7566E-08 3.6352E-08 3.4663E-08 3.2533E-08 3.0043E-08 2.7525E-08 2.4933E-08 2.2350E-08 2.0003E-08 1.7823E-08 1.5822E-08 1.4083E-08 1.2559E-08
1.5103E-08 1.5501E-08 1.5871E-08 1.6219E-08 1.6545E-08 1.6856E-08 1.7158E-08 1.7466E-08 1.7932E-08 1.8342E-08 2.0588E-08 2.0949E-08 2.3210E-08 2.3514E-08 2.3800E-08 2.4072E-08 2.4338E-08 2.4576E-08 2.4792E-08 2.4991E-08 2.5182E-08 2.5371E-08 2.5538E-08 2.5696E-08 2.5846E-08 2.6023E-08 2.6234E-08 2.6436E-08 2.6661E-08 2.6990E-08 2.7545E-08 2.8440E-08 2.9470E-08 3.0948E-08 3.2460E-08 3.4017E-08 3.6293E-08 3.8520E-08 4.0703E-08 4.2464E-08 4.3869E-08 4.4737E-08 4.5058E-08 4.4803E-08 4.3884E-08 4.2312E-08 4.0047E-08 3.7404E-08 3.4396E-08 3.1117E-08 2.7976E-08 2.4907E-08 2.1964E-08 1.9359E-08 1.7019E-08 1.4925E-08 1.3131E-08
