Assets/Resources/2015_m01_d12_1000(utc+0800)_l00_csi_1hr_conc.grd
DSAA
         159         159
     -79.000      79.000
     -79.000      79.000
  0.0000E+00  0.5447E-05
[rows 25 to 49 of 159, columns 0 to 56 of 159]
8.1353E-09 8.4963E-09 8.8265E-09 9.1196E-09 9.3716E-09 9.5783E-09 9.7337E-09 9.8358E-09 9.8824E-09 9.8711E-09 9.8004E-09 9.6732E-09 9.4894E-09 9.2509E-09 8.9616E-09 8.6267E-09 8.2506E-09 7.8388E-09 7.3983E-09 6.9354E-09 6.4568E-09 5.9687E-09 5.4787E-09 4.9927E-09 4.5158E-09 4.0543E-09 3.6113E-09 3.1928E-09 2.8017E-09 2.4392E-09 2.1055E-09 1.8008E-09 1.5287E-09 1.2866E-09 1.0671E-09 8.7180E-10 7.0295E-10 5.6196E-10 4.4391E-10 3.4394E-10 2.5940E-10 1.9004E-10 1.3376E-10 8.8045E-11 5.2162E-11 2.7137E-11 1.7081E-11 1.0098E-11 4.4442E-12 9.9824E-13 0.0000E+00 0.0000E+00 0.0000E+00 0.0000E+00 0.0000E+00 0.0000E+00 0.0000E+00
8.3309E-09 8.7170E-09 9.0718E-09 9.3900E-09 9.6663E-09 9.8954E-09 1.0073E-08 1.0195E-08 1.0258E-08 1.0261E-08 1.0204E-08 1.0085E-08 9.9059E-09 9.6697E-09 9.3792E-09 9.0386E-09 8.6546E-09 8.2316E-09 7.7762E-09 7.2959E-09 6.7983E-09 6.2885E-09 5.7755E-09 5.2647E-09 4.7644E-09 4.2793E-09 3.8143E-09 3.3732E-09 2.9575E-09 2.5723E-09 2.2208E-09 1.9018E-09 1.6124E-09 1.3518E-09 1.1179E-09 9.1502E-10 7.3926E-10 5.8849E-10 4.6125E-10 3.5571E-10 2.6827E-10 1.9558E-10 1.3700E-10 9.0913E-11 5.3951E-11 2.7727E-11 1.5146E-11 8.2653E-12 3.1267E-12 4.9433E-13 0.0000E+00 0.0000E+00 0.0000E+00 0.0000E+00 0.0000E+00 0.0000E+00 0.0000E+00
8.5148E-09 8.9261E-09 9.3063E-09 9.6503E-09 9.9520E-09 1.0205E-08 1.0406E-08 1.0549E-08 1.0632E-08 1.0651E-08 1.0607E-08 1.0499E-08 1.0327E-08 1.0094E-08 9.8040E-09 9.4607E-09 9.0687E-09 8.6357E-09 8.1675E-09 7.6711E-09 7.1542E-09 6.6246E-09 6.0896E-09 5.5563E-09 5.0317E-09 4.5211E-09 4.0308E-09 3.5659E-09 3.1296E-09 2.7232E-09 2.3495E-09 2.0081E-09 1.7031E-09 1.4298E-09 1.1842E-09 9.6599E-10 7.7761E-10 6.1916E-10 4.8583E-10 3.7195E-10 2.7709E-10 2.0101E-10 1.3988E-10 9.1381E-11 5.4086E-11 2.8397E-11 1.3353E-11 5.6587E-12 1.4382E-12 2.4194E-13 0.0000E+00 0.0000E+00 0.0000E+00 0.0000E+00 0.0000E+00 0.0000E+00 0.0000E+00
8.6808E-09 9.1169E-09 9.5237E-09 9.8943E-09 1.0222E-08 1.0502E-08 1.0726E-08 1.0892E-08 1.0996E-08 1.1035E-08 1.1006E-08 1.0912E-08 1.0751E-08 1.0524E-08 1.0236E-08 9.8915E-09 9.4956E-09 9.0536E-09 8.5738E-09 8.0630E-09 7.5286E-09 6.9792E-09 6.4229E-09 5.8668E-09 5.3178E-09 4.7820E-09 4.2667E-09 3.7768E-09 3.3130E-09 2.8828E-09 2.4893E-09 2.1313E-09 1.8059E-09 1.5116E-09 1.2515E-09 1.0233E-09 8.2624E-10 6.5690E-10 5.1195E-10 3.9049E-10 2.9231E-10 2.1266E-10 1.4751E-10 9.6133E-11 5.7663E-11 3.1442E-11 1.2796E-11 4.5242E-12 9.0147E-13 0.0000E+00 0.0000E+00 0.0000E+00 0.0000E+00 0.0000E+00 0.0000E+00 0.0000E+00 0.0000E+00
8.8237E-09 9.2860E-09 9.7196E-09 1.0117E-08 1.0471E-08 1.0776E-08 1.1027E-08 1.1218E-08 1.1344E-08 1.1403E-08 1.1391E-08 1.1309E-08 1.1159E-08 1.0941E-08 1.0658E-08 1.0315E-08 9.9173E-09 9.4702E-09 8.9809E-09 8.4585E-09 7.9101E-09 7.3428E-09 6.7657E-09 6.1877E-09 5.6157E-09 5.0573E-09 4.5180E-09 4.0037E-09 3.5187E-09 3.0646E-09 2.6448E-09 2.2618E-09 1.9186E-09 1.6078E-09 1.3333E-09 1.0880E-09 8.7511E-10 6.9544E-10 5.4303E-10 4.1513E-10 3.0853E-10 2.2280E-10 1.5541E-10 1.0201E-10 6.1897E-11 3.4804E-11 1.5174E-11 4.4023E-12 7.4524E-13 0.0000E+00 0.0000E+00 0.0000E+00 0.0000E+00 0.0000E+00 0.0000E+00 0.0000E+00 0.0000E+00
8.9341E-09 9.4210E-09 9.8795E-09 1.0303E-08 1.0685E-08 1.1017E-08 1.1294E-08 1.1510E-08 1.1660E-08 1.1741E-08 1.1751E-08 1.1688E-08 1.1552E-08 1.1347E-08 1.1073E-08 1.0735E-08 1.0337E-08 9.8874E-09 9.3917E-09 8.8590E-09 8.2968E-09 7.7145E-09 7.1199E-09 6.5218E-09 5.9286E-09 5.3477E-09 4.7850E-09 4.2473E-09 3.7384E-09 3.2621E-09 2.8191E-09 2.4147E-09 2.0457E-09 1.7121E-09 1.4201E-09 1.1644E-09 9.3972E-10 7.4613E-10 5.7971E-10 4.4178E-10 3.2930E-10 2.3840E-10 1.6459E-10 1.0837E-10 6.7481E-11 3.7929E-11 1.7493E-11 4.8496E-12 6.7880E-13 2.9020E-13 3.1279E-13 2.4763E-13 1.1264E-13 0.0000E+00 0.0000E+00 0.0000E+00 0.0000E+00
9.0122E-09 9.5226E-09 1.0006E-08 1.0454E-08 1.0859E-08 1.1217E-08 1.1520E-08 1.1761E-08 1.1936E-08 1.2041E-08 1.2073E-08 1.2030E-08 1.1913E-08 1.1724E-08 1.1461E-08 1.1132E-08 1.0741E-08 1.0293E-08 9.7964E-09 9.2585E-09 8.6872E-09 8.0921E-09 7.4835E-09 6.8687E-09 6.2558E-09 5.6523E-09 5.0674E-09 4.5063E-09 3.9740E-09 3.4742E-09 3.0096E-09 2.5802E-09 2.1890E-09 1.8368E-09 1.5229E-09 1.2433E-09 1.0012E-09 7.9568E-10 6.2127E-10 4.7482E-10 3.5306E-10 2.5528E-10 1.7901E-10 1.2056E-10 7.6330E-11 4.3664E-11 2.0771E-11 6.3479E-12 1.3261E-12 1.0531E-13 0.0000E+00 0.0000E+00 0.0000E+00 0.0000E+00 0.0000E+00 0.0000E+00 0.0000E+00
9.0460E-09 9.5770E-09 1.0084E-08 1.0557E-08 1.0989E-08 1.1373E-08 1.1702E-08 1.1969E-08 1.2171E-08 1.2301E-08 1.2356E-08 1.2334E-08 1.2237E-08 1.2064E-08 1.1818E-08 1.1501E-08 1.1120E-08 1.0678E-08 1.0184E-08 9.6456E-09 9.0655E-09 8.4592E-09 7.8398E-09 7.2123E-09 6.5845E-09 5.9639E-09 5.3584E-09 4.7752E-09 4.2211E-09 3.6986E-09 3.2114E-09 2.7609E-09 2.3492E-09 1.9767E-09 1.6435E-09 1.3483E-09 1.0900E-09 8.6377E-10 6.7037E-10 5.1310E-10 3.8486E-10 2.8081E-10 1.9623E-10 1.3254E-10 8.6456E-11 5.1677E-11 2.6383E-11 9.7349E-12 2.8049E-12 8.1940E-13 2.5080E-13 0.0000E+00 0.0000E+00 0.0000E+00 0.0000E+00 0.0000E+00 0.0000E+00
9.0318E-09 9.5820E-09 1.0108E-08 1.0603E-08 1.1059E-08 1.1466E-08 1.1810E-08 1.2099E-08 1.2327E-08 1.2484E-08 1.2566E-08 1.2572E-08 1.2499E-08 1.2349E-08 1.2123E-08 1.1825E-08 1.1458E-08 1.1034E-08 1.0555E-08 1.0022E-08 9.4489E-09 8.8451E-09 8.2199E-09 7.5823E-09 6.9416E-09 6.3057E-09 5.6814E-09 5.0746E-09 4.4949E-09 3.9474E-09 3.4341E-09 2.9598E-09 2.5229E-09 2.1283E-09 1.7745E-09 1.4597E-09 1.1817E-09 9.4209E-10 7.3575E-10 5.6269E-10 4.1852E-10 3.0544E-10 2.1714E-10 1.4932E-10 9.8375E-11 5.9588E-11 3.1471E-11 1.2698E-11 3.7388E-12 1.0401E-12 1.3511E-13 1.0513E-13 0.0000E+00 0.0000E+00 0.0000E+00 0.0000E+00 0.0000E+00
8.9529E-09 9.5180E-09 1.0062E-08 1.0587E-08 1.1071E-08 1.1504E-08 1.1883E-08 1.2204E-08 1.2460E-08 1.2644E-08 1.2755E-08 1.2787E-08 1.2735E-08 1.2600E-08 1.2396E-08 1.2120E-08 1.1773E-08 1.1360E-08 1.0889E-08 1.0366E-08 9.8011E-09 9.2010E-09 8.5773E-09 7.9449E-09 7.2996E-09 6.6524E-09 6.0157E-09 5.3949E-09 4.7975E-09 4.2264E-09 3.6879E-09 3.1870E-09 2.7234E-09 2.3020E-09 1.9223E-09 1.5874E-09 1.2897E-09 1.0302E-09 8.0760E-10 6.2002E-10 4.6488E-10 3.4021E-10 2.4150E-10 1.6805E-10 1.1186E-10 6.8965E-11 3.7664E-11 1.6889E-11 4.9361E-12 1.1972E-12 1.1450E-13 0.0000E+00 0.0000E+00 0.0000E+00 0.0000E+00 0.0000E+00 0.0000E+00
8.8323E-09 9.4096E-09 9.9685E-09 1.0500E-08 1.0997E-08 1.1451E-08 1.1855E-08 1.2202E-08 1.2488E-08 1.2716E-08 1.2861E-08 1.2924E-08 1.2908E-08 1.2815E-08 1.2641E-08 1.2392E-08 1.2069E-08 1.1680E-08 1.1227E-08 1.0712E-08 1.0155E-08 9.5656E-09 8.9464E-09 8.3078E-09 7.6579E-09 7.0057E-09 6.3569E-09 5.7219E-09 5.1083E-09 4.5204E-09 3.9592E-09 3.4329E-09 2.9455E-09 2.4977E-09 2.0906E-09 1.7298E-09 1.4115E-09 1.1307E-09 8.8998E-10 6.8709E-10 5.1672E-10 3.8030E-10 2.7385E-10 1.9156E-10 1.2801E-10 8.0113E-11 4.5865E-11 2.2486E-11 7.3110E-12 1.7612E-12 3.0163E-13 0.0000E+00 0.0000E+00 0.0000E+00 0.0000E+00 0.0000E+00 0.0000E+00
8.6791E-09 9.2661E-09 9.8353E-09 1.0382E-08 1.0890E-08 1.1350E-08 1.1775E-08 1.2147E-08 1.2458E-08 1.2703E-08 1.2876E-08 1.2973E-08 1.2993E-08 1.2933E-08 1.2801E-08 1.2597E-08 1.2308E-08 1.1947E-08 1.1523E-08 1.1041E-08 1.0510E-08 9.9356E-09 9.3282E-09 8.6957E-09 8.0472E-09 7.3884E-09 6.7268E-09 6.0786E-09 5.4462E-09 4.8361E-09 4.2526E-09 3.7023E-09 3.1889E-09 2.7177E-09 2.2822E-09 1.8953E-09 1.5484E-09 1.2434E-09 9.8249E-10 7.6115E-10 5.7787E-10 4.2971E-10 3.1141E-10 2.1740E-10 1.4480E-10 9.2185E-11 5.4114E-11 2.7981E-11 1.0686E-11 2.4081E-12 4.7087E-13 0.0000E+00 0.0000E+00 0.0000E+00 0.0000E+00 0.0000E+00 0.0000E+00
8.4432E-09 9.0434E-09 9.6210E-09 1.0178E-08 1.0706E-08 1.1198E-08 1.1646E-08 1.2042E-08 1.2382E-08 1.2656E-08 1.2860E-08 1.2979E-08 1.3031E-08 1.3009E-08 1.2911E-08 1.2735E-08 1.2484E-08 1.2161E-08 1.1772E-08 1.1324E-08 1.0831E-08 1.0284E-08 9.6961E-09 9.0775E-09 8.4371E-09 7.7824E-09 7.1232E-09 6.4661E-09 5.8187E-09 5.1879E-09 4.5828E-09 4.0061E-09 3.4643E-09 2.9639E-09 2.5024E-09 2.0813E-09 1.7048E-09 1.3750E-09 1.0893E-09 8.4410E-10 6.4404E-10 4.8210E-10 3.5188E-10 2.4780E-10 1.6626E-10 1.0629E-10 6.4094E-11 3.4290E-11 1.4126E-11 3.7816E-12 6.1498E-13 0.0000E+00 0.0000E+00 0.0000E+00 0.0000E+00 0.0000E+00 0.0000E+00
8.1563E-09 8.7462E-09 9.3271E-09 9.8905E-09 1.0429E-08 1.0936E-08 1.1417E-08 1.1846E-08 1.2212E-08 1.2518E-08 1.2758E-08 1.2929E-08 1.3026E-08 1.3047E-08 1.2991E-08 1.2859E-08 1.2651E-08 1.2364E-08 1.2006E-08 1.1597E-08 1.1129E-08 1.0612E-08 1.0050E-08 9.4529E-09 8.8273E-09 8.1816E-09 7.5303E-09 6.8708E-09 6.2126E-09 5.5652E-09 4.9396E-09 4.3396E-09 3.7728E-09 3.2431E-09 2.7521E-09 2.3015E-09 1.8937E-09 1.5320E-09 1.2185E-09 9.4869E-10 7.2619E-10 5.4348E-10 3.9630E-10 2.8107E-10 1.9140E-10 1.2366E-10 7.5197E-11 4.1961E-11 1.9047E-11 5.6841E-12 1.2353E-12 0.0000E+00 0.0000E+00 0.0000E+00 0.0000E+00 0.0000E+00 0.0000E+00
7.8537E-09 8.4404E-09 9.0184E-09 9.5743E-09 1.0113E-08 1.0632E-08 1.1116E-08 1.1558E-08 1.1951E-08 1.2288E-08 1.2564E-08 1.2781E-08 1.2934E-08 1.3003E-08 1.2996E-08 1.2912E-08 1.2755E-08 1.2526E-08 1.2227E-08 1.1862E-08 1.1437E-08 1.0956E-08 1.0427E-08 9.8544E-09 9.2404E-09 8.6064E-09 7.9559E-09 7.2943E-09 6.6283E-09 5.9692E-09 5.3242E-09 4.7048E-09 4.1120E-09 3.5511E-09 3.0275E-09 2.5481E-09 2.1088E-09 1.7159E-09 1.3707E-09 1.0709E-09 8.2367E-10 6.1832E-10 4.5248E-10 3.2098E-10 2.1878E-10 1.4304E-10 8.7443E-11 5.0689E-11 2.4432E-11 8.4767E-12 2.1593E-12 2.0504E-13 0.0000E+00 0.0000E+00 0.0000E+00 0.0000E+00 0.0000E+00
7.4926E-09 8.0707E-09 8.6481E-09 9.2150E-09 9.7664E-09 1.0296E-08 1.0794E-08 1.1255E-08 1.1674E-08 1.2029E-08 1.2328E-08 1.2578E-08 1.2763E-08 1.2880E-08 1.2924E-08 1.2897E-08 1.2797E-08 1.2633E-08 1.2398E-08 1.2087E-08 1.1712E-08 1.1278E-08 1.0789E-08 1.0252E-08 9.6735E-09 9.0599E-09 8.4206E-09 7.7607E-09 7.0910E-09 6.4200E-09 5.7573E-09 5.1116E-09 4.4901E-09 3.8972E-09 3.3410E-09 2.8294E-09 2.3559E-09 1.9301E-09 1.5512E-09 1.2210E-09 9.4259E-10 7.1086E-10 5.2281E-10 3.7330E-10 2.5490E-10 1.6708E-10 1.0312E-10 5.9956E-11 3.1186E-11 1.2149E-11 4.0400E-12 7.1308E-13 0.0000E+00 0.0000E+00 0.0000E+00 0.0000E+00 0.0000E+00
7.0776E-09 7.6439E-09 8.2130E-09 8.7897E-09 9.3512E-09 9.8860E-09 1.0396E-08 1.0876E-08 1.1316E-08 1.1712E-08 1.2059E-08 1.2349E-08 1.2579E-08 1.2746E-08 1.2844E-08 1.2874E-08 1.2833E-08 1.2721E-08 1.2540E-08 1.2289E-08 1.1973E-08 1.1592E-08 1.1152E-08 1.0658E-08 1.0113E-08 9.5271E-09 8.9056E-09 8.2556E-09 7.5863E-09 6.9096E-09 6.2338E-09 5.5663E-09 4.9182E-09 4.2951E-09 3.7064E-09 3.1566E-09 2.6477E-09 2.1831E-09 1.7689E-09 1.4043E-09 1.0932E-09 8.2756E-10 6.1281E-10 4.3986E-10 3.0321E-10 2.0062E-10 1.2440E-10 7.0463E-11 3.7691E-11 1.6489E-11 5.6962E-12 1.6411E-12 1.6014E-13 0.0000E+00 0.0000E+00 0.0000E+00 0.0000E+00
6.6800E-09 7.2324E-09 7.7906E-09 8.3469E-09 8.8979E-09 9.4347E-09 9.9543E-09 1.0447E-08 1.0909E-08 1.1333E-08 1.1714E-08 1.2044E-08 1.2321E-08 1.2538E-08 1.2694E-08 1.2785E-08 1.2809E-08 1.2763E-08 1.2648E-08 1.2464E-08 1.2211E-08 1.1891E-08 1.1507E-08 1.1062E-08 1.0560E-08 1.0008E-08 9.4102E-09 8.7766E-09 8.1161E-09 7.4382E-09 6.7518E-09 6.0670E-09 5.3926E-09 4.7397E-09 4.1147E-09 3.5257E-09 2.9781E-09 2.4758E-09 2.0225E-09 1.6211E-09 1.2728E-09 9.7402E-10 7.2906E-10 5.2799E-10 3.6743E-10 2.4685E-10 1.5475E-10 8.9731E-11 4.5492E-11 2.1919E-11 8.6852E-12 2.8058E-12 4.5260E-13 0.0000E+00 0.0000E+00 0.0000E+00 0.0000E+00
6.2442E-09 6.7792E-09 7.3232E-09 7.8699E-09 8.4144E-09 8.9514E-09 9.4765E-09 9.9808E-09 1.0461E-08 1.0911E-08 1.1322E-08 1.1693E-08 1.2015E-08 1.2285E-08 1.2500E-08 1.2654E-08 1.2743E-08 1.2768E-08 1.2724E-08 1.2612E-08 1.2429E-08 1.2177E-08 1.1854E-08 1.1466E-08 1.1017E-08 1.0506E-08 9.9436E-09 9.3352E-09 8.6899E-09 8.0159E-09 7.3236E-09 6.6247E-09 5.9276E-09 5.2437E-09 4.5822E-09 3.9543E-09 3.3643E-09 2.8195E-09 2.3265E-09 1.8893E-09 1.5000E-09 1.1593E-09 8.7772E-10 6.4691E-10 4.5912E-10 3.1310E-10 1.9879E-10 1.1911E-10 6.2076E-11 2.7805E-11 1.2432E-11 4.6774E-12 1.0630E-12 0.0000E+00 0.0000E+00 0.0000E+00 0.0000E+00
5.7996E-09 6.3147E-09 6.8407E-09 7.3742E-09 7.9102E-09 8.4447E-09 8.9708E-09 9.4842E-09 9.9808E-09 1.0452E-08 1.0895E-08 1.1302E-08 1.1668E-08 1.1991E-08 1.2263E-08 1.2479E-08 1.2637E-08 1.2732E-08 1.2764E-08 1.2726E-08 1.2620E-08 1.2441E-08 1.2191E-08 1.1868E-08 1.1477E-08 1.1018E-08 1.0497E-08 9.9197E-09 9.2965E-09 8.6344E-09 7.9439E-09 7.2334E-09 6.5173E-09 5.8056E-09 5.1113E-09 4.4427E-09 3.8102E-09 3.2203E-09 2.6812E-09 2.1977E-09 1.7707E-09 1.3928E-09 1.0655E-09 7.9529E-10 5.7668E-10 4.0329E-10 2.6609E-10 1.6501E-10 9.0671E-11 4.2414E-11 1.7195E-11 6.3990E-12 1.8274E-12 1.3882E-13 0.0000E+00 0.0000E+00 0.0000E+00
5.3533E-09 5.8461E-09 6.3521E-09 6.8696E-09 7.3939E-09 7.9205E-09 8.4472E-09 8.9654E-09 9.4734E-09 9.9639E-09 1.0433E-08 1.0874E-08 1.1282E-08 1.1652E-08 1.1979E-08 1.2260E-08 1.2488E-08 1.2659E-08 1.2766E-08 1.2809E-08 1.2782E-08 1.2684E-08 1.2510E-08 1.2262E-08 1.1937E-08 1.1538E-08 1.1068E-08 1.0534E-08 9.9414E-09 9.2991E-09 8.6162E-09 7.9043E-09 7.1759E-09 6.4440E-09 5.7180E-09 5.0121E-09 4.3365E-09 3.7004E-09 3.1113E-09 2.5753E-09 2.0961E-09 1.6749E-09 1.3060E-09 9.9316E-10 7.3418E-10 5.2582E-10 3.5979E-10 2.3577E-10 1.4249E-10 7.4885E-11 3.0505E-11 1.0426E-11 2.9073E-12 3.6698E-13 0.0000E+00 0.0000E+00 0.0000E+00
4.9128E-09 5.3804E-09 5.8636E-09 6.3640E-09 6.8722E-09 7.3903E-09 7.9113E-09 8.4303E-09 8.9468E-09 9.4521E-09 9.9435E-09 1.0416E-08 1.0863E-08 1.1279E-08 1.1661E-08 1.2002E-08 1.2299E-08 1.2543E-08 1.2730E-08 1.2856E-08 1.2913E-08 1.2900E-08 1.2811E-08 1.2642E-08 1.2392E-08 1.2062E-08 1.1652E-08 1.1170E-08 1.0618E-08 1.0005E-08 9.3399E-09 8.6351E-09 7.9014E-09 7.1509E-09 6.3996E-09 5.6598E-09 4.9409E-09 4.2555E-09 3.6122E-09 3.0197E-09 2.4836E-09 2.0074E-09 1.5915E-09 1.2306E-09 9.2957E-10 6.8328E-10 4.8434E-10 3.3029E-10 2.1107E-10 1.2440E-10 6.4651E-11 2.6986E-11 6.8848E-12 6.9907E-13 0.0000E+00 0.0000E+00 0.0000E+00
4.4820E-09 4.9234E-09 5.3830E-09 5.8629E-09 6.3529E-09 6.8588E-09 7.3708E-09 7.8877E-09 8.4090E-09 8.9230E-09 9.4340E-09 9.9324E-09 1.0413E-08 1.0874E-08 1.1306E-08 1.1704E-08 1.2068E-08 1.2384E-08 1.2652E-08 1.2861E-08 1.3006E-08 1.3081E-08 1.3081E-08 1.2998E-08 1.2832E-08 1.2579E-08 1.2243E-08 1.1822E-08 1.1323E-08 1.0752E-08 1.0118E-08 9.4299E-09 8.7012E-09 7.9464E-09 7.1752E-09 6.4017E-09 5.6432E-09 4.9092E-09 4.2112E-09 3.5572E-09 2.9584E-09 2.4199E-09 1.9413E-09 1.5267E-09 1.1744E-09 8.8279E-10 6.4501E-10 4.5533E-10 3.0719E-10 1.9452E-10 1.1540E-10 6.0891E-11 2.6171E-11 8.6210E-12 1.4078E-12 0.0000E+00 0.0000E+00
4.0667E-09 4.4801E-09 4.9145E-09 5.3711E-09 5.8405E-09 6.3315E-09 6.8307E-09 7.3427E-09 7.8629E-09 8.3826E-09 8.9075E-09 9.4238E-09 9.9357E-09 1.0435E-08 1.0912E-08 1.1369E-08 1.1793E-08 1.2183E-08 1.2527E-08 1.2820E-08 1.3053E-08 1.3220E-08 1.3309E-08 1.3320E-08 1.3243E-08 1.3077E-08 1.2822E-08 1.2475E-08 1.2042E-08 1.1525E-08 1.0933E-08 1.0276E-08 9.5644E-09 8.8087E-09 8.0272E-09 7.2324E-09 6.4355E-09 5.6515E-09 4.8953E-09 4.1785E-09 3.5117E-09 2.9043E-09 2.3614E-09 1.8832E-09 1.4689E-09 1.1202E-09 8.3678E-10 6.0882E-10 4.2685E-10 2.8780E-10 1.8116E-10 1.0638E-10 5.5531E-11 2.2354E-11 8.6806E-12 3.0539E-12 2.7338E-13
3.6679E-09 4.0524E-09 4.4607E-09 4.8915E-09 5.3396E-09 5.8112E-09 6.2949E-09 6.7974E-09 7.3112E-09 7.8343E-09 8.3679E-09 8.8987E-09 9.4377E-09 9.9653E-09 1.0488E-08 1.0994E-08 1.1477E-08 1.1933E-08 1.2351E-08 1.2725E-08 1.3046E-08 1.3301E-08 1.3488E-08 1.3594E-08 1.3613E-08 1.3544E-08 1.3379E-08 1.3118E-08 1.2769E-08 1.2321E-08 1.1787E-08 1.1170E-08 1.0486E-08 9.7441E-09 8.9596E-09 8.1475E-09 7.3202E-09 6.4922E-09 5.6802E-09 4.8988E-09 4.1623E-09 3.4804E-09 2.8622E-09 2.3132E-09 1.8325E-09 1.4212E-09 1.0766E-09 7.9705E-10 5.7565E-10 4.0270E-10 2.7056E-10 1.7256E-10 1.0115E-10 4.9978E-11 2.0854E-11 9.3428E-12 3.9977E-12
