Assets/Resources/2015_m01_d28_2200(utc+0800)_l00_csi_1hr_conc.grd
DSAA
         159         159
     -79.000      79.000
     -79.000      79.000
  0.0000E+00  0.9692E-05
[rows 25 to 49 of 159, columns 0 to 56 of 159]
4.6540E-10 5.2516E-10 5.9556E-10 6.6403E-10 7.4779E-10 8.2999E-10 9.2846E-10 1.0257E-09 1.1401E-09 1.2536E-09 1.3846E-09 1.5173E-09 1.6634E-09 1.8154E-09 1.9766E-09 2.1499E-09 2.3250E-09 2.5146E-09 2.7054E-09 2.9099E-09 3.1151E-09 3.3289E-09 3.5483E-09 3.7691E-09 3.9983E-09 4.2260E-09 4.4584E-09 4.6886E-09 4.9180E-09 5.1447E-09 5.3680E-09 5.5868E-09 5.8011E-09 6.0084E-09 6.2076E-09 6.3983E-09 6.5768E-09 6.7412E-09 6.8931E-09 7.0295E-09 7.1487E-09 7.2489E-09 7.3311E-09 7.3910E-09 7.4311E-09 7.4468E-09 7.4436E-09 7.4125E-09 7.3608E-09 7.2844E-09 7.1819E-09 7.0573E-09 6.9085E-09 6.7363E-09 6.5406E-09 6.3251E-09 6.0907E-09
4.2611E-10 4.8183E-10 5.4775E-10 6.1134E-10 6.9003E-10 7.6674E-10 8.5957E-10 9.5076E-10 1.0590E-09 1.1659E-09 1.2905E-09 1.4162E-09 1.5557E-09 1.7012E-09 1.8565E-09 2.0238E-09 2.1922E-09 2.3767E-09 2.5624E-09 2.7619E-09 2.9629E-09 3.1736E-09 3.3903E-09 3.6090E-09 3.8388E-09 4.0663E-09 4.3009E-09 4.5346E-09 4.7676E-09 5.0000E-09 5.2305E-09 5.4590E-09 5.6838E-09 5.9031E-09 6.1156E-09 6.3203E-09 6.5143E-09 6.6977E-09 6.8681E-09 7.0229E-09 7.1629E-09 7.2859E-09 7.3887E-09 7.4725E-09 7.5336E-09 7.5761E-09 7.5910E-09 7.5854E-09 7.5548E-09 7.4990E-09 7.4183E-09 7.3117E-09 7.1789E-09 7.0228E-09 6.8420E-09 6.6381E-09 6.4101E-09
3.8840E-10 4.3994E-10 5.0142E-10 5.6025E-10 6.3386E-10 7.0509E-10 7.9229E-10 8.7742E-10 9.7947E-10 1.0798E-09 1.1978E-09 1.3168E-09 1.4503E-09 1.5892E-09 1.7376E-09 1.8990E-09 2.0614E-09 2.2398E-09 2.4197E-09 2.6149E-09 2.8110E-09 3.0173E-09 3.2313E-09 3.4478E-09 3.6765E-09 3.9035E-09 4.1402E-09 4.3750E-09 4.6113E-09 4.8485E-09 5.0853E-09 5.3221E-09 5.5563E-09 5.7860E-09 6.0124E-09 6.2306E-09 6.4408E-09 6.6406E-09 6.8281E-09 7.0037E-09 7.1643E-09 7.3071E-09 7.4337E-09 7.5406E-09 7.6270E-09 7.6890E-09 7.7306E-09 7.7482E-09 7.7405E-09 7.7076E-09 7.6492E-09 7.5632E-09 7.4511E-09 7.3118E-09 7.1457E-09 6.9528E-09 6.7354E-09
3.5230E-10 3.9980E-10 4.5691E-10 5.1100E-10 5.7963E-10 6.4553E-10 7.2715E-10 8.0626E-10 9.0220E-10 9.9596E-10 1.1082E-09 1.2208E-09 1.3474E-09 1.4798E-09 1.6221E-09 1.7768E-09 1.9324E-09 2.1054E-09 2.2792E-09 2.4686E-09 2.6599E-09 2.8623E-09 3.0723E-09 3.2854E-09 3.5122E-09 3.7379E-09 3.9753E-09 4.2109E-09 4.4498E-09 4.6906E-09 4.9333E-09 5.1772E-09 5.4198E-09 5.6606E-09 5.8974E-09 6.1290E-09 6.3529E-09 6.5693E-09 6.7750E-09 6.9693E-09 7.1493E-09 7.3152E-09 7.4638E-09 7.5930E-09 7.7024E-09 7.7909E-09 7.8573E-09 7.8993E-09 7.9163E-09 7.9105E-09 7.8745E-09 7.8116E-09 7.7204E-09 7.5998E-09 7.4533E-09 7.2776E-09 7.0762E-09
3.1800E-10 3.6158E-10 4.1442E-10 4.6399E-10 5.2774E-10 5.8839E-10 6.6448E-10 7.3773E-10 8.2814E-10 9.1611E-10 1.0219E-09 1.1279E-09 1.2484E-09 1.3740E-09 1.5092E-09 1.6580E-09 1.8070E-09 1.9734E-09 2.1410E-09 2.3254E-09 2.5107E-09 2.7078E-09 2.9134E-09 3.1224E-09 3.3467E-09 3.5702E-09 3.8071E-09 4.0430E-09 4.2831E-09 4.5267E-09 4.7745E-09 5.0241E-09 5.2740E-09 5.5237E-09 5.7709E-09 6.0146E-09 6.2533E-09 6.4835E-09 6.7065E-09 6.9193E-09 7.1201E-09 7.3068E-09 7.4759E-09 7.6297E-09 7.7636E-09 7.8776E-09 7.9692E-09 8.0367E-09 8.0832E-09 8.1001E-09 8.0900E-09 8.0529E-09 7.9856E-09 7.8907E-09 7.7655E-09 7.6099E-09 7.4214E-09
2.8567E-10 3.2547E-10 3.7417E-10 4.1938E-10 4.7835E-10 5.3397E-10 6.0504E-10 6.7321E-10 7.5777E-10 8.3959E-10 9.3960E-10 1.0392E-09 1.1529E-09 1.2721E-09 1.4010E-09 1.5428E-09 1.6851E-09 1.8456E-09 2.0063E-09 2.1843E-09 2.3632E-09 2.5544E-09 2.7550E-09 2.9593E-09 3.1804E-09 3.4009E-09 3.6366E-09 3.8716E-09 4.1121E-09 4.3577E-09 4.6089E-09 4.8630E-09 5.1196E-09 5.3770E-09 5.6340E-09 5.8891E-09 6.1389E-09 6.3844E-09 6.6238E-09 6.8543E-09 7.0730E-09 7.2797E-09 7.4728E-09 7.6485E-09 7.8068E-09 7.9468E-09 8.0649E-09 8.1622E-09 8.2327E-09 8.2769E-09 8.2976E-09 8.2863E-09 8.2489E-09 8.1778E-09 8.0748E-09 7.9411E-09 7.7776E-09
2.5538E-10 2.9159E-10 3.3634E-10 3.7737E-10 4.3195E-10 4.8326E-10 5.4931E-10 6.1198E-10 6.9135E-10 7.6755E-10 8.6115E-10 9.5466E-10 1.0623E-09 1.1745E-09 1.2966E-09 1.4323E-09 1.5675E-09 1.7209E-09 1.8743E-09 2.0456E-09 2.2178E-09 2.4028E-09 2.5978E-09 2.7967E-09 3.0139E-09 3.2306E-09 3.4640E-09 3.6973E-09 3.9371E-09 4.1839E-09 4.4374E-09 4.6955E-09 4.9563E-09 5.2204E-09 5.4855E-09 5.7498E-09 6.0107E-09 6.2702E-09 6.5242E-09 6.7707E-09 7.0089E-09 7.2343E-09 7.4476E-09 7.6465E-09 7.8321E-09 7.9982E-09 8.1444E-09 8.2666E-09 8.3649E-09 8.4424E-09 8.4891E-09 8.5106E-09 8.5008E-09 8.4589E-09 8.3842E-09 8.2781E-09 8.1362E-09
2.2724E-10 2.6004E-10 3.0105E-10 3.3855E-10 3.8901E-10 4.3567E-10 4.9715E-10 5.5506E-10 6.2879E-10 6.9933E-10 7.8743E-10 8.7458E-10 9.7561E-10 1.0817E-09 1.1974E-09 1.3258E-09 1.4535E-09 1.5997E-09 1.7456E-09 1.9100E-09 2.0749E-09 2.2533E-09 2.4422E-09 2.6353E-09 2.8476E-09 3.0598E-09 3.2902E-09 3.5207E-09 3.7588E-09 4.0060E-09 4.2605E-09 4.5202E-09 4.7853E-09 5.0548E-09 5.3267E-09 5.5981E-09 5.8701E-09 6.1416E-09 6.4091E-09 6.6718E-09 6.9247E-09 7.1699E-09 7.4039E-09 7.6284E-09 7.8354E-09 8.0278E-09 8.1999E-09 8.3533E-09 8.4854E-09 8.5893E-09 8.6679E-09 8.7215E-09 8.7449E-09 8.7354E-09 8.6948E-09 8.6178E-09 8.5040E-09
2.0128E-10 2.3115E-10 2.6885E-10 3.0265E-10 3.4916E-10 3.9193E-10 4.4863E-10 5.0164E-10 5.7046E-10 6.3557E-10 7.1760E-10 7.9904E-10 8.9424E-10 9.9340E-10 1.1019E-09 1.2232E-09 1.3433E-09 1.4821E-09 1.6204E-09 1.7775E-09 1.9351E-09 2.1065E-09 2.2888E-09 2.4753E-09 2.6823E-09 2.8891E-09 3.1156E-09 3.3425E-09 3.5782E-09 3.8244E-09 4.0787E-09 4.3388E-09 4.6066E-09 4.8799E-09 5.1563E-09 5.4345E-09 5.7158E-09 5.9975E-09 6.2777E-09 6.5527E-09 6.8212E-09 7.0841E-09 7.3394E-09 7.5832E-09 7.8160E-09 8.0341E-09 8.2353E-09 8.4188E-09 8.5797E-09 8.7156E-09 8.8297E-09 8.9179E-09 8.9732E-09 9.0025E-09 8.9973E-09 8.9533E-09 8.8756E-09
1.7682E-10 2.0462E-10 2.3922E-10 2.6987E-10 3.1252E-10 3.5121E-10 4.0373E-10 4.5229E-10 5.1584E-10 5.7589E-10 6.5268E-10 7.2804E-10 8.1672E-10 9.0902E-10 1.0105E-09 1.1245E-09 1.2371E-09 1.3685E-09 1.4991E-09 1.6488E-09 1.7987E-09 1.9626E-09 2.1380E-09 2.3175E-09 2.5184E-09 2.7193E-09 2.9410E-09 3.1634E-09 3.3958E-09 3.6397E-09 3.8923E-09 4.1519E-09 4.4209E-09 4.6966E-09 4.9757E-09 5.2593E-09 5.5481E-09 5.8386E-09 6.1289E-09 6.4147E-09 6.6979E-09 6.9774E-09 7.2522E-09 7.5182E-09 7.7747E-09 8.0174E-09 8.2454E-09 8.4568E-09 8.6499E-09 8.8228E-09 8.9739E-09 9.0934E-09 9.1916E-09 9.2619E-09 9.2932E-09 9.2891E-09 9.2469E-09
1.5125E-10 1.7844E-10 2.1164E-10 2.3971E-10 2.7891E-10 3.1407E-10 3.6219E-10 4.0647E-10 4.6546E-10 5.2042E-10 5.9155E-10 6.6086E-10 7.4320E-10 8.2873E-10 9.2322E-10 1.0301E-09 1.1352E-09 1.2591E-09 1.3819E-09 1.5241E-09 1.6661E-09 1.8223E-09 1.9902E-09 2.1622E-09 2.3567E-09 2.5509E-09 2.7671E-09 2.9840E-09 3.2123E-09 3.4530E-09 3.7016E-09 3.9603E-09 4.2290E-09 4.5044E-09 4.7854E-09 5.0730E-09 5.3676E-09 5.6651E-09 5.9622E-09 6.2577E-09 6.5551E-09 6.8508E-09 7.1433E-09 7.4290E-09 7.7049E-09 7.9713E-09 8.2279E-09 8.4705E-09 8.6958E-09 8.9039E-09 9.0893E-09 9.2545E-09 9.3938E-09 9.5000E-09 9.5771E-09 9.6166E-09 9.6177E-09
1.2566E-10 1.5068E-10 1.8329E-10 2.1090E-10 2.4797E-10 2.7980E-10 3.2413E-10 3.6430E-10 4.1850E-10 4.6849E-10 5.3408E-10 5.9754E-10 6.7357E-10 7.5258E-10 8.4034E-10 9.4011E-10 1.0378E-09 1.1543E-09 1.2693E-09 1.4036E-09 1.5376E-09 1.6858E-09 1.8460E-09 2.0103E-09 2.1976E-09 2.3846E-09 2.5945E-09 2.8050E-09 3.0284E-09 3.2642E-09 3.5082E-09 3.7644E-09 4.0311E-09 4.3048E-09 4.5860E-09 4.8764E-09 5.1741E-09 5.4759E-09 5.7784E-09 6.0832E-09 6.3918E-09 6.7007E-09 7.0081E-09 7.3114E-09 7.6092E-09 7.9011E-09 8.1847E-09 8.4558E-09 8.7126E-09 8.9551E-09 9.1850E-09 9.3904E-09 9.5666E-09 9.7241E-09 9.8473E-09 9.9321E-09 9.9785E-09
1.0472E-10 1.2537E-10 1.5418E-10 1.8045E-10 2.1698E-10 2.4781E-10 2.8898E-10 3.2524E-10 3.7482E-10 4.2001E-10 4.8016E-10 5.3799E-10 6.0806E-10 6.8073E-10 7.6174E-10 8.5460E-10 9.4508E-10 1.0540E-09 1.1612E-09 1.2878E-09 1.4136E-09 1.5538E-09 1.7060E-09 1.8621E-09 2.0418E-09 2.2210E-09 2.4237E-09 2.6271E-09 2.8447E-09 3.0743E-09 3.3126E-09 3.5650E-09 3.8279E-09 4.0985E-09 4.3785E-09 4.6695E-09 4.9687E-09 5.2719E-09 5.5784E-09 5.8912E-09 6.2086E-09 6.5310E-09 6.8516E-09 7.1720E-09 7.4891E-09 7.8029E-09 8.1085E-09 8.4085E-09 8.6984E-09 8.9835E-09 9.2484E-09 9.4951E-09 9.7291E-09 9.9308E-09 1.0103E-08 1.0242E-08 1.0341E-08
9.0784E-11 1.0656E-10 1.2992E-10 1.5163E-10 1.8509E-10 2.1481E-10 2.5461E-10 2.8857E-10 3.3419E-10 3.7484E-10 4.2984E-10 4.8234E-10 5.4656E-10 6.1307E-10 6.8772E-10 7.7375E-10 8.5701E-10 9.5862E-10 1.0582E-09 1.1768E-09 1.2945E-09 1.4266E-09 1.5706E-09 1.7182E-09 1.8898E-09 2.0605E-09 2.2556E-09 2.4511E-09 2.6619E-09 2.8837E-09 3.1160E-09 3.3631E-09 3.6201E-09 3.8866E-09 4.1637E-09 4.4534E-09 4.7518E-09 5.0545E-09 5.3633E-09 5.6814E-09 6.0064E-09 6.3367E-09 6.6692E-09 7.0016E-09 7.3375E-09 7.6697E-09 8.0040E-09 8.3316E-09 8.6589E-09 8.9758E-09 9.2858E-09 9.5817E-09 9.8541E-09 1.0109E-08 1.0338E-08 1.0530E-08 1.0685E-08
7.9494E-11 9.3456E-11 1.1278E-10 1.2909E-10 1.5646E-10 1.8173E-10 2.1870E-10 2.5128E-10 2.9472E-10 3.3241E-10 3.8295E-10 4.3047E-10 4.8913E-10 5.4978E-10 6.1813E-10 6.9748E-10 7.7392E-10 8.6822E-10 9.6007E-10 1.0710E-09 1.1808E-09 1.3044E-09 1.4400E-09 1.5790E-09 1.7420E-09 1.9040E-09 2.0906E-09 2.2774E-09 2.4807E-09 2.6939E-09 2.9187E-09 3.1594E-09 3.4094E-09 3.6701E-09 3.9428E-09 4.2293E-09 4.5238E-09 4.8251E-09 5.1336E-09 5.4552E-09 5.7866E-09 6.1210E-09 6.4632E-09 6.8078E-09 7.1594E-09 7.5142E-09 7.8681E-09 8.2263E-09 8.5824E-09 8.9396E-09 9.2895E-09 9.6261E-09 9.9551E-09 1.0261E-08 1.0543E-08 1.0800E-08 1.1016E-08
6.8966E-11 8.1642E-11 9.8995E-11 1.1248E-10 1.3494E-10 1.5445E-10 1.8557E-10 2.1380E-10 2.5413E-10 2.8970E-10 3.3742E-10 3.8144E-10 4.3543E-10 4.9072E-10 5.5308E-10 6.2600E-10 6.9568E-10 7.8283E-10 8.6750E-10 9.7073E-10 1.0723E-09 1.1876E-09 1.3146E-09 1.4448E-09 1.5989E-09 1.7517E-09 1.9293E-09 2.1069E-09 2.3017E-09 2.5054E-09 2.7220E-09 2.9548E-09 3.1966E-09 3.4502E-09 3.7168E-09 3.9982E-09 4.2871E-09 4.5847E-09 4.8902E-09 5.2122E-09 5.5453E-09 5.8842E-09 6.2313E-09 6.5865E-09 6.9534E-09 7.3229E-09 7.7008E-09 8.0843E-09 8.4774E-09 8.8690E-09 9.2546E-09 9.6437E-09 1.0017E-08 1.0382E-08 1.0726E-08 1.1043E-08 1.1328E-08
5.8475E-11 7.0380E-11 8.6525E-11 9.8375E-11 1.1819E-10 1.3409E-10 1.5971E-10 1.8211E-10 2.1660E-10 2.4750E-10 2.9133E-10 3.3230E-10 3.8280E-10 4.3412E-10 4.9166E-10 5.5885E-10 6.2245E-10 7.0284E-10 7.8024E-10 8.7578E-10 9.6958E-10 1.0765E-09 1.1948E-09 1.3160E-09 1.4609E-09 1.6043E-09 1.7724E-09 1.9402E-09 2.1257E-09 2.3194E-09 2.5268E-09 2.7507E-09 2.9834E-09 3.2283E-09 3.4873E-09 3.7610E-09 4.0422E-09 4.3331E-09 4.6333E-09 4.9530E-09 5.2860E-09 5.6292E-09 5.9792E-09 6.3416E-09 6.7210E-09 7.1088E-09 7.5044E-09 7.9184E-09 8.3380E-09 8.7580E-09 9.1905E-09 9.6190E-09 1.0050E-08 1.0469E-08 1.0874E-08 1.1261E-08 1.1612E-08
3.9495E-11 5.8514E-11 7.4831E-11 8.5513E-11 1.0318E-10 1.1696E-10 1.3937E-10 1.5777E-10 1.8657E-10 2.1175E-10 2.4965E-10 2.8517E-10 3.3080E-10 3.7764E-10 4.3081E-10 4.9322E-10 5.5182E-10 6.2634E-10 6.9755E-10 7.8606E-10 8.7220E-10 9.7097E-10 1.0809E-09 1.1931E-09 1.3285E-09 1.4622E-09 1.6204E-09 1.7781E-09 1.9537E-09 2.1370E-09 2.3342E-09 2.5478E-09 2.7697E-09 3.0040E-09 3.2530E-09 3.5172E-09 3.7892E-09 4.0721E-09 4.3655E-09 4.6806E-09 5.0119E-09 5.3547E-09 5.7083E-09 6.0745E-09 6.4668E-09 6.8642E-09 7.2815E-09 7.7168E-09 8.1572E-09 8.6178E-09 9.0839E-09 9.5614E-09 1.0041E-08 1.0518E-08 1.0989E-08 1.1442E-08 1.1868E-08
1.9394E-11 3.4977E-11 6.0512E-11 7.3340E-11 8.9517E-11 1.0148E-10 1.2142E-10 1.3728E-10 1.6249E-10 1.8347E-10 2.1563E-10 2.4545E-10 2.8497E-10 3.2594E-10 3.7330E-10 4.2998E-10 4.8293E-10 5.5131E-10 6.1631E-10 6.9809E-10 7.7720E-10 8.6830E-10 9.6994E-10 1.0734E-09 1.1996E-09 1.3235E-09 1.4715E-09 1.6186E-09 1.7836E-09 1.9557E-09 2.1418E-09 2.3442E-09 2.5551E-09 2.7784E-09 3.0169E-09 3.2706E-09 3.5326E-09 3.8060E-09 4.0904E-09 4.3983E-09 4.7260E-09 5.0663E-09 5.4203E-09 5.7877E-09 6.1879E-09 6.5982E-09 7.0258E-09 7.4805E-09 7.9520E-09 8.4369E-09 8.9434E-09 9.4624E-09 9.9921E-09 1.0527E-08 1.1063E-08 1.1588E-08 1.2086E-08
1.1221E-11 1.4946E-11 3.5502E-11 5.4293E-11 7.6023E-11 8.7228E-11 1.0511E-10 1.1887E-10 1.4126E-10 1.5938E-10 1.8762E-10 2.1297E-10 2.4698E-10 2.8212E-10 3.2338E-10 3.7374E-10 4.2050E-10 4.8219E-10 5.4056E-10 6.1503E-10 6.8667E-10 7.6987E-10 8.6326E-10 9.5812E-10 1.0750E-09 1.1892E-09 1.3271E-09 1.4640E-09 1.6183E-09 1.7795E-09 1.9541E-09 2.1452E-09 2.3444E-09 2.5554E-09 2.7824E-09 3.0240E-09 3.2745E-09 3.5374E-09 3.8113E-09 4.1095E-09 4.4294E-09 4.7666E-09 5.1170E-09 5.4853E-09 5.8894E-09 6.3088E-09 6.7451E-09 7.2207E-09 7.7075E-09 8.2244E-09 8.7626E-09 9.3229E-09 9.9015E-09 1.0497E-08 1.1097E-08 1.1688E-08 1.2268E-08
4.2769E-12 9.0209E-12 1.6033E-11 2.9421E-11 5.4232E-11 7.2166E-11 8.9362E-11 1.0189E-10 1.2195E-10 1.3770E-10 1.6275E-10 1.8495E-10 2.1499E-10 2.4554E-10 2.8136E-10 3.2549E-10 3.6604E-10 4.2097E-10 4.7255E-10 5.3969E-10 6.0415E-10 6.7940E-10 7.6430E-10 8.5040E-10 9.5781E-10 1.0624E-09 1.1903E-09 1.3168E-09 1.4599E-09 1.6101E-09 1.7729E-09 1.9521E-09 2.1388E-09 2.3376E-09 2.5521E-09 2.7809E-09 3.0184E-09 3.2680E-09 3.5292E-09 3.8163E-09 4.1263E-09 4.4577E-09 4.8014E-09 5.1667E-09 5.5756E-09 5.9951E-09 6.4375E-09 6.9278E-09 7.4369E-09 7.9748E-09 8.5441E-09 9.1429E-09 9.7715E-09 1.0420E-08 1.1079E-08 1.1746E-08 1.2395E-08
4.8996E-13 2.6167E-12 7.6831E-12 1.3518E-11 2.7637E-11 4.6392E-11 7.1769E-11 8.4456E-11 1.0325E-10 1.1753E-10 1.4012E-10 1.5968E-10 1.8622E-10 2.1314E-10 2.4487E-10 2.8406E-10 3.1940E-10 3.6801E-10 4.1303E-10 4.7279E-10 5.2970E-10 5.9698E-10 6.7356E-10 7.5113E-10 8.4935E-10 9.4480E-10 1.0627E-09 1.1787E-09 1.3105E-09 1.4497E-09 1.6003E-09 1.7669E-09 1.9400E-09 2.1252E-09 2.3255E-09 2.5409E-09 2.7650E-09 3.0012E-09 3.2493E-09 3.5226E-09 3.8201E-09 4.1421E-09 4.4779E-09 4.8361E-09 5.2472E-09 5.6644E-09 6.1123E-09 6.6133E-09 7.1342E-09 7.6925E-09 8.2889E-09 8.9226E-09 9.5940E-09 1.0294E-08 1.1016E-08 1.1747E-08 1.2481E-08
0.0000E+00 1.3954E-13 1.6128E-12 5.2348E-12 1.2206E-11 2.0683E-11 4.3236E-11 6.3294E-11 8.3458E-11 9.7044E-11 1.1821E-10 1.3619E-10 1.6013E-10 1.8386E-10 2.1178E-10 2.4658E-10 2.7759E-10 3.2102E-10 3.6070E-10 4.1407E-10 4.6432E-10 5.2417E-10 5.9265E-10 6.6189E-10 7.5093E-10 8.3698E-10 9.4458E-10 1.0503E-09 1.1705E-09 1.2986E-09 1.4370E-09 1.5908E-09 1.7512E-09 1.9227E-09 2.1087E-09 2.3096E-09 2.5182E-09 2.7387E-09 2.9713E-09 3.2291E-09 3.5122E-09 3.8214E-09 4.1475E-09 4.4971E-09 4.9059E-09 5.3196E-09 5.7657E-09 6.2752E-09 6.8055E-09 7.3794E-09 7.9981E-09 8.6645E-09 9.3751E-09 1.0122E-08 1.0900E-08 1.1702E-08 1.2501E-08
0.0000E+00 0.0000E+00 0.0000E+00 6.1242E-13 3.3080E-12 8.7836E-12 1.8123E-11 3.6271E-11 5.8945E-11 7.5795E-11 9.5150E-11 1.1198E-10 1.3454E-10 1.5638E-10 1.8147E-10 2.1249E-10 2.3960E-10 2.7811E-10 3.1288E-10 3.6046E-10 4.0472E-10 4.5795E-10 5.1931E-10 5.8114E-10 6.6162E-10 7.3896E-10 8.3683E-10 9.3241E-10 1.0411E-09 1.1584E-09 1.2835E-09 1.4244E-09 1.5710E-09 1.7277E-09 1.8986E-09 2.0843E-09 2.2770E-09 2.4814E-09 2.6972E-09 2.9388E-09 3.2064E-09 3.5015E-09 3.8154E-09 4.1547E-09 4.5575E-09 4.9649E-09 5.4045E-09 5.9180E-09 6.4534E-09 7.0381E-09 7.6746E-09 8.3672E-09 9.1098E-09 9.8998E-09 1.0733E-08 1.1592E-08 1.2470E-08
0.0000E+00 0.0000E+00 0.0000E+00 0.0000E+00 1.0100E-13 1.0965E-12 5.5128E-12 1.3953E-11 3.1661E-11 5.1331E-11 7.3443E-11 8.7985E-11 1.0796E-10 1.2806E-10 1.5138E-10 1.7981E-10 2.0388E-10 2.3822E-10 2.6847E-10 3.1046E-10 3.4928E-10 3.9641E-10 4.5105E-10 5.0580E-10 5.7815E-10 6.4721E-10 7.3557E-10 8.2151E-10 9.1896E-10 1.0250E-09 1.1378E-09 1.2660E-09 1.3986E-09 1.5412E-09 1.6966E-09 1.8669E-09 2.0441E-09 2.2323E-09 2.4315E-09 2.6561E-09 2.9061E-09 3.1851E-09 3.4838E-09 3.8105E-09 4.2057E-09 4.6007E-09 5.0319E-09 5.5452E-09 6.0809E-09 6.6706E-09 7.3201E-09 8.0328E-09 8.8029E-09 9.6353E-09 1.0511E-08 1.1427E-08 1.2381E-08
