Assets/Resources/2015_m01_d21_1100(utc+0800)_l00_csi_1hr_conc.grd
DSAA
         159         159
     -79.000      79.000
     -79.000      79.000
  0.6122E-09  0.1418E-05
[rows 100 to 124 of 159, columns 0 to 56 of 159]
1.9417E-09 1.9883E-09 2.0355E-09 2.0834E-09 2.1319E-09 2.1809E-09 2.2307E-09 2.2810E-09 2.3319E-09 2.3833E-09 2.4351E-09 2.4875E-09 2.5403E-09 2.5936E-09 2.6471E-09 2.7012E-09 2.7554E-09 2.8101E-09 2.8648E-09 2.9200E-09 2.9752E-09 3.0308E-09 3.0862E-09 3.1418E-09 3.1974E-09 3.2531E-09 3.3086E-09 3.3641E-09 3.4193E-09 3.4745E-09 3.5292E-09 3.5840E-09 3.6381E-09 3.6921E-09 3.7456E-09 3.7986E-09 3.8510E-09 3.9030E-09 3.9543E-09 4.0049E-09 4.0550E-09 4.1043E-09 4.1527E-09 4.2006E-09 4.2473E-09 4.2933E-09 4.3382E-09 4.3824E-09 4.4254E-09 4.4673E-09 4.5084E-09 4.5480E-09 4.5871E-09 4.6244E-09 4.6609E-09 4.6966E-09 4.7304E-09
1.9148E-09 1.9606E-09 2.0070E-09 2.0542E-09 2.1018E-09 2.1501E-09 2.1992E-09 2.2486E-09 2.2986E-09 2.3492E-09 2.4002E-09 2.4517E-09 2.5037E-09 2.5560E-09 2.6089E-09 2.6619E-09 2.7154E-09 2.7691E-09 2.8232E-09 2.8772E-09 2.9317E-09 2.9862E-09 3.0409E-09 3.0956E-09 3.1503E-09 3.2051E-09 3.2598E-09 3.3143E-09 3.3689E-09 3.4229E-09 3.4770E-09 3.5307E-09 3.5842E-09 3.6371E-09 3.6898E-09 3.7421E-09 3.7937E-09 3.8449E-09 3.8954E-09 3.9454E-09 3.9945E-09 4.0431E-09 4.0909E-09 4.1378E-09 4.1841E-09 4.2293E-09 4.2737E-09 4.3170E-09 4.3595E-09 4.4010E-09 4.4411E-09 4.4805E-09 4.5184E-09 4.5558E-09 4.5914E-09 4.6260E-09 4.6601E-09
1.8877E-09 1.9328E-09 1.9784E-09 2.0248E-09 2.0717E-09 2.1193E-09 2.1674E-09 2.2161E-09 2.2652E-09 2.3151E-09 2.3652E-09 2.4159E-09 2.4670E-09 2.5185E-09 2.5704E-09 2.6227E-09 2.6752E-09 2.7281E-09 2.7813E-09 2.8346E-09 2.8881E-09 2.9416E-09 2.9955E-09 3.0492E-09 3.1031E-09 3.1570E-09 3.2107E-09 3.2645E-09 3.3180E-09 3.3715E-09 3.4245E-09 3.4775E-09 3.5300E-09 3.5822E-09 3.6341E-09 3.6853E-09 3.7363E-09 3.7866E-09 3.8364E-09 3.8856E-09 3.9341E-09 3.9818E-09 4.0289E-09 4.0753E-09 4.1206E-09 4.1653E-09 4.2089E-09 4.2518E-09 4.2934E-09 4.3341E-09 4.3741E-09 4.4125E-09 4.4504E-09 4.4866E-09 4.5221E-09 4.5562E-09 4.5890E-09
1.8606E-09 1.9048E-09 1.9498E-09 1.9953E-09 2.0415E-09 2.0883E-09 2.1356E-09 2.1834E-09 2.2319E-09 2.2807E-09 2.3301E-09 2.3799E-09 2.4302E-09 2.4809E-09 2.5319E-09 2.5833E-09 2.6350E-09 2.6871E-09 2.7392E-09 2.7917E-09 2.8443E-09 2.8971E-09 2.9498E-09 3.0029E-09 3.0557E-09 3.1088E-09 3.1617E-09 3.2145E-09 3.2672E-09 3.3196E-09 3.3721E-09 3.4240E-09 3.4758E-09 3.5271E-09 3.5782E-09 3.6287E-09 3.6787E-09 3.7283E-09 3.7773E-09 3.8258E-09 3.8735E-09 3.9206E-09 3.9668E-09 4.0123E-09 4.0573E-09 4.1011E-09 4.1442E-09 4.1862E-09 4.2275E-09 4.2676E-09 4.3065E-09 4.3449E-09 4.3817E-09 4.4179E-09 4.4524E-09 4.4861E-09 4.5187E-09
1.8333E-09 1.8769E-09 1.9211E-09 1.9659E-09 2.0112E-09 2.0572E-09 2.1037E-09 2.1508E-09 2.1984E-09 2.2464E-09 2.2950E-09 2.3439E-09 2.3934E-09 2.4431E-09 2.4934E-09 2.5438E-09 2.5947E-09 2.6457E-09 2.6972E-09 2.7486E-09 2.8005E-09 2.8523E-09 2.9043E-09 2.9563E-09 3.0084E-09 3.0604E-09 3.1126E-09 3.1644E-09 3.2162E-09 3.2679E-09 3.3193E-09 3.3705E-09 3.4214E-09 3.4720E-09 3.5221E-09 3.5720E-09 3.6212E-09 3.6699E-09 3.7182E-09 3.7658E-09 3.8128E-09 3.8591E-09 3.9048E-09 3.9496E-09 3.9935E-09 4.0370E-09 4.0792E-09 4.1209E-09 4.1613E-09 4.2010E-09 4.2394E-09 4.2768E-09 4.3135E-09 4.3488E-09 4.3830E-09 4.4162E-09 4.4481E-09
1.8061E-09 1.8489E-09 1.8923E-09 1.9363E-09 1.9809E-09 2.0261E-09 2.0718E-09 2.1181E-09 2.1648E-09 2.2121E-09 2.2597E-09 2.3079E-09 2.3564E-09 2.4054E-09 2.4547E-09 2.5043E-09 2.5542E-09 2.6046E-09 2.6549E-09 2.7057E-09 2.7565E-09 2.8076E-09 2.8586E-09 2.9098E-09 2.9609E-09 3.0122E-09 3.0633E-09 3.1144E-09 3.1654E-09 3.2161E-09 3.2667E-09 3.3170E-09 3.3671E-09 3.4168E-09 3.4662E-09 3.5151E-09 3.5635E-09 3.6116E-09 3.6590E-09 3.7059E-09 3.7522E-09 3.7978E-09 3.8426E-09 3.8867E-09 3.9302E-09 3.9727E-09 4.0145E-09 4.0552E-09 4.0953E-09 4.1342E-09 4.1720E-09 4.2092E-09 4.2449E-09 4.2801E-09 4.3137E-09 4.3462E-09 4.3779E-09
1.7788E-09 1.8209E-09 1.8635E-09 1.9068E-09 1.9506E-09 1.9950E-09 2.0399E-09 2.0853E-09 2.1313E-09 2.1777E-09 2.2246E-09 2.2718E-09 2.3196E-09 2.3676E-09 2.4161E-09 2.4648E-09 2.5139E-09 2.5632E-09 2.6129E-09 2.6626E-09 2.7127E-09 2.7627E-09 2.8130E-09 2.8632E-09 2.9135E-09 2.9638E-09 3.0142E-09 3.0643E-09 3.1144E-09 3.1644E-09 3.2140E-09 3.2635E-09 3.3128E-09 3.3617E-09 3.4101E-09 3.4583E-09 3.5060E-09 3.5531E-09 3.5999E-09 3.6460E-09 3.6915E-09 3.7364E-09 3.7806E-09 3.8240E-09 3.8667E-09 3.9086E-09 3.9496E-09 3.9900E-09 4.0292E-09 4.0677E-09 4.1050E-09 4.1413E-09 4.1768E-09 4.2110E-09 4.2444E-09 4.2765E-09 4.3075E-09
1.7516E-09 1.7928E-09 1.8348E-09 1.8772E-09 1.9203E-09 1.9639E-09 2.0080E-09 2.0526E-09 2.0978E-09 2.1433E-09 2.1894E-09 2.2358E-09 2.2827E-09 2.3299E-09 2.3774E-09 2.4254E-09 2.4736E-09 2.5220E-09 2.5707E-09 2.6197E-09 2.6687E-09 2.7181E-09 2.7673E-09 2.8168E-09 2.8661E-09 2.9156E-09 2.9650E-09 3.0144E-09 3.0636E-09 3.1126E-09 3.1616E-09 3.2101E-09 3.2585E-09 3.3066E-09 3.3543E-09 3.4015E-09 3.4485E-09 3.4949E-09 3.5407E-09 3.5862E-09 3.6309E-09 3.6751E-09 3.7185E-09 3.7613E-09 3.8034E-09 3.8445E-09 3.8849E-09 3.9244E-09 3.9633E-09 4.0010E-09 4.0377E-09 4.0737E-09 4.1086E-09 4.1425E-09 4.1752E-09 4.2067E-09 4.2375E-09
1.7243E-09 1.7648E-09 1.8061E-09 1.8478E-09 1.8900E-09 1.9328E-09 1.9761E-09 2.0199E-09 2.0643E-09 2.1090E-09 2.1542E-09 2.1998E-09 2.2459E-09 2.2923E-09 2.3390E-09 2.3859E-09 2.4333E-09 2.4808E-09 2.5287E-09 2.5767E-09 2.6250E-09 2.6733E-09 2.7218E-09 2.7703E-09 2.8189E-09 2.8673E-09 2.9159E-09 2.9644E-09 3.0128E-09 3.0609E-09 3.1089E-09 3.1568E-09 3.2042E-09 3.2515E-09 3.2985E-09 3.3450E-09 3.3910E-09 3.4367E-09 3.4818E-09 3.5264E-09 3.5703E-09 3.6138E-09 3.6566E-09 3.6987E-09 3.7400E-09 3.7806E-09 3.8203E-09 3.8593E-09 3.8973E-09 3.9347E-09 3.9709E-09 4.0062E-09 4.0406E-09 4.0738E-09 4.1060E-09 4.1374E-09 4.1673E-09
1.6970E-09 1.7368E-09 1.7773E-09 1.8183E-09 1.8597E-09 1.9018E-09 1.9443E-09 1.9873E-09 2.0308E-09 2.0747E-09 2.1190E-09 2.1639E-09 2.2091E-09 2.2546E-09 2.3005E-09 2.3467E-09 2.3931E-09 2.4398E-09 2.4868E-09 2.5339E-09 2.5812E-09 2.6288E-09 2.6763E-09 2.7240E-09 2.7716E-09 2.8194E-09 2.8668E-09 2.9146E-09 2.9620E-09 3.0095E-09 3.0566E-09 3.1035E-09 3.1502E-09 3.1966E-09 3.2427E-09 3.2884E-09 3.3338E-09 3.3785E-09 3.4228E-09 3.4668E-09 3.5101E-09 3.5527E-09 3.5947E-09 3.6362E-09 3.6769E-09 3.7168E-09 3.7559E-09 3.7942E-09 3.8317E-09 3.8682E-09 3.9039E-09 3.9389E-09 3.9727E-09 4.0055E-09 4.0373E-09 4.0680E-09 4.0977E-09
1.6699E-09 1.7090E-09 1.7486E-09 1.7889E-09 1.8296E-09 1.8707E-09 1.9126E-09 1.9547E-09 1.9974E-09 2.0405E-09 2.0841E-09 2.1280E-09 2.1723E-09 2.2171E-09 2.2621E-09 2.3074E-09 2.3530E-09 2.3989E-09 2.4449E-09 2.4912E-09 2.5376E-09 2.5843E-09 2.6310E-09 2.6777E-09 2.7245E-09 2.7713E-09 2.8181E-09 2.8648E-09 2.9115E-09 2.9579E-09 3.0043E-09 3.0504E-09 3.0962E-09 3.1418E-09 3.1871E-09 3.2320E-09 3.2765E-09 3.3206E-09 3.3642E-09 3.4073E-09 3.4499E-09 3.4918E-09 3.5331E-09 3.5738E-09 3.6139E-09 3.6531E-09 3.6916E-09 3.7294E-09 3.7662E-09 3.8022E-09 3.8374E-09 3.8715E-09 3.9050E-09 3.9373E-09 3.9686E-09 3.9989E-09 4.0281E-09
1.6426E-09 1.6811E-09 1.7200E-09 1.7594E-09 1.7995E-09 1.8399E-09 1.8808E-09 1.9223E-09 1.9641E-09 2.0064E-09 2.0491E-09 2.0923E-09 2.1357E-09 2.1796E-09 2.2238E-09 2.2683E-09 2.3131E-09 2.3580E-09 2.4032E-09 2.4486E-09 2.4942E-09 2.5399E-09 2.5858E-09 2.6317E-09 2.6775E-09 2.7235E-09 2.7694E-09 2.8153E-09 2.8610E-09 2.9067E-09 2.9522E-09 2.9975E-09 3.0425E-09 3.0872E-09 3.1318E-09 3.1759E-09 3.2196E-09 3.2628E-09 3.3056E-09 3.3481E-09 3.3898E-09 3.4310E-09 3.4718E-09 3.5117E-09 3.5510E-09 3.5896E-09 3.6275E-09 3.6647E-09 3.7009E-09 3.7364E-09 3.7710E-09 3.8047E-09 3.8374E-09 3.8694E-09 3.9002E-09 3.9299E-09 3.9590E-09
1.6157E-09 1.6532E-09 1.6916E-09 1.7302E-09 1.7694E-09 1.8091E-09 1.8492E-09 1.8898E-09 1.9309E-09 1.9724E-09 2.0143E-09 2.0566E-09 2.0993E-09 2.1423E-09 2.1856E-09 2.2293E-09 2.2732E-09 2.3174E-09 2.3616E-09 2.4061E-09 2.4509E-09 2.4958E-09 2.5407E-09 2.5858E-09 2.6308E-09 2.6758E-09 2.7209E-09 2.7659E-09 2.8109E-09 2.8556E-09 2.9003E-09 2.9447E-09 2.9889E-09 3.0329E-09 3.0765E-09 3.1199E-09 3.1627E-09 3.2053E-09 3.2474E-09 3.2890E-09 3.3300E-09 3.3705E-09 3.4105E-09 3.4499E-09 3.4885E-09 3.5264E-09 3.5637E-09 3.6003E-09 3.6359E-09 3.6708E-09 3.7048E-09 3.7380E-09 3.7703E-09 3.8016E-09 3.8319E-09 3.8614E-09 3.8898E-09
1.5886E-09 1.6256E-09 1.6630E-09 1.7010E-09 1.7395E-09 1.7784E-09 1.8178E-09 1.8577E-09 1.8979E-09 1.9385E-09 1.9797E-09 2.0211E-09 2.0629E-09 2.1051E-09 2.1476E-09 2.1904E-09 2.2335E-09 2.2768E-09 2.3202E-09 2.3639E-09 2.4078E-09 2.4517E-09 2.4959E-09 2.5401E-09 2.5842E-09 2.6285E-09 2.6726E-09 2.7168E-09 2.7608E-09 2.8049E-09 2.8486E-09 2.8922E-09 2.9357E-09 2.9787E-09 3.0216E-09 3.0641E-09 3.1063E-09 3.1480E-09 3.1893E-09 3.2302E-09 3.2706E-09 3.3103E-09 3.3496E-09 3.3882E-09 3.4262E-09 3.4635E-09 3.5001E-09 3.5360E-09 3.5712E-09 3.6055E-09 3.6390E-09 3.6716E-09 3.7034E-09 3.7342E-09 3.7642E-09 3.7930E-09 3.8212E-09
1.5618E-09 1.5980E-09 1.6348E-09 1.6719E-09 1.7096E-09 1.7479E-09 1.7865E-09 1.8255E-09 1.8650E-09 1.9049E-09 1.9451E-09 1.9858E-09 2.0268E-09 2.0681E-09 2.1098E-09 2.1518E-09 2.1939E-09 2.2364E-09 2.2791E-09 2.3219E-09 2.3649E-09 2.4080E-09 2.4512E-09 2.4946E-09 2.5379E-09 2.5812E-09 2.6246E-09 2.6678E-09 2.7111E-09 2.7542E-09 2.7972E-09 2.8399E-09 2.8825E-09 2.9249E-09 2.9669E-09 3.0086E-09 3.0500E-09 3.0910E-09 3.1316E-09 3.1716E-09 3.2112E-09 3.2504E-09 3.2890E-09 3.3269E-09 3.3642E-09 3.4009E-09 3.4370E-09 3.4721E-09 3.5067E-09 3.5406E-09 3.5734E-09 3.6055E-09 3.6368E-09 3.6672E-09 3.6965E-09 3.7251E-09 3.7527E-09
1.5350E-09 1.5706E-09 1.6065E-09 1.6430E-09 1.6800E-09 1.7174E-09 1.7553E-09 1.7936E-09 1.8323E-09 1.8714E-09 1.9109E-09 1.9506E-09 1.9908E-09 2.0313E-09 2.0721E-09 2.1133E-09 2.1546E-09 2.1962E-09 2.2381E-09 2.2800E-09 2.3222E-09 2.3644E-09 2.4069E-09 2.4493E-09 2.4918E-09 2.5343E-09 2.5768E-09 2.6192E-09 2.6616E-09 2.7040E-09 2.7460E-09 2.7881E-09 2.8298E-09 2.8712E-09 2.9126E-09 2.9535E-09 2.9941E-09 3.0343E-09 3.0741E-09 3.1135E-09 3.1524E-09 3.1908E-09 3.2286E-09 3.2659E-09 3.3025E-09 3.3386E-09 3.3740E-09 3.4087E-09 3.4426E-09 3.4758E-09 3.5082E-09 3.5398E-09 3.5706E-09 3.6005E-09 3.6294E-09 3.6575E-09 3.6847E-09
1.5084E-09 1.5432E-09 1.5785E-09 1.6143E-09 1.6504E-09 1.6871E-09 1.7242E-09 1.7618E-09 1.7997E-09 1.8380E-09 1.8767E-09 1.9158E-09 1.9551E-09 1.9947E-09 2.0347E-09 2.0750E-09 2.1156E-09 2.1564E-09 2.1973E-09 2.2384E-09 2.2797E-09 2.3211E-09 2.3626E-09 2.4044E-09 2.4460E-09 2.4876E-09 2.5293E-09 2.5709E-09 2.6125E-09 2.6539E-09 2.6953E-09 2.7363E-09 2.7773E-09 2.8180E-09 2.8585E-09 2.8986E-09 2.9384E-09 2.9779E-09 3.0170E-09 3.0556E-09 3.0938E-09 3.1315E-09 3.1687E-09 3.2053E-09 3.2412E-09 3.2767E-09 3.3114E-09 3.3455E-09 3.3789E-09 3.4115E-09 3.4433E-09 3.4744E-09 3.5047E-09 3.5342E-09 3.5627E-09 3.5904E-09 3.6171E-09
1.4819E-09 1.5160E-09 1.5506E-09 1.5857E-09 1.6211E-09 1.6570E-09 1.6934E-09 1.7301E-09 1.7673E-09 1.8049E-09 1.8427E-09 1.8810E-09 1.9196E-09 1.9583E-09 1.9976E-09 2.0370E-09 2.0767E-09 2.1167E-09 2.1568E-09 2.1971E-09 2.2376E-09 2.2782E-09 2.3188E-09 2.3596E-09 2.4005E-09 2.4413E-09 2.4821E-09 2.5229E-09 2.5636E-09 2.6043E-09 2.6447E-09 2.6851E-09 2.7251E-09 2.7651E-09 2.8048E-09 2.8441E-09 2.8832E-09 2.9219E-09 2.9602E-09 2.9982E-09 3.0356E-09 3.0726E-09 3.1091E-09 3.1450E-09 3.1804E-09 3.2152E-09 3.2493E-09 3.2827E-09 3.3156E-09 3.3476E-09 3.3789E-09 3.4095E-09 3.4393E-09 3.4682E-09 3.4962E-09 3.5236E-09 3.5498E-09
1.4556E-09 1.4890E-09 1.5229E-09 1.5572E-09 1.5919E-09 1.6271E-09 1.6626E-09 1.6988E-09 1.7351E-09 1.7719E-09 1.8090E-09 1.8465E-09 1.8843E-09 1.9223E-09 1.9606E-09 1.9993E-09 2.0382E-09 2.0773E-09 2.1166E-09 2.1561E-09 2.1956E-09 2.2355E-09 2.2753E-09 2.3153E-09 2.3552E-09 2.3952E-09 2.4352E-09 2.4752E-09 2.5151E-09 2.5549E-09 2.5947E-09 2.6341E-09 2.6734E-09 2.7126E-09 2.7515E-09 2.7901E-09 2.8283E-09 2.8663E-09 2.9040E-09 2.9411E-09 2.9778E-09 3.0141E-09 3.0500E-09 3.0852E-09 3.1199E-09 3.1540E-09 3.1876E-09 3.2204E-09 3.2526E-09 3.2842E-09 3.3149E-09 3.3450E-09 3.3743E-09 3.4026E-09 3.4303E-09 3.4571E-09 3.4830E-09
1.4295E-09 1.4622E-09 1.4953E-09 1.5290E-09 1.5629E-09 1.5974E-09 1.6323E-09 1.6675E-09 1.7031E-09 1.7391E-09 1.7754E-09 1.8122E-09 1.8492E-09 1.8864E-09 1.9240E-09 1.9618E-09 1.9999E-09 2.0382E-09 2.0767E-09 2.1153E-09 2.1541E-09 2.1931E-09 2.2321E-09 2.2712E-09 2.3104E-09 2.3496E-09 2.3887E-09 2.4279E-09 2.4670E-09 2.5060E-09 2.5448E-09 2.5836E-09 2.6221E-09 2.6604E-09 2.6986E-09 2.7364E-09 2.7739E-09 2.8111E-09 2.8479E-09 2.8844E-09 2.9205E-09 2.9560E-09 2.9912E-09 3.0258E-09 3.0599E-09 3.0933E-09 3.1262E-09 3.1585E-09 3.1902E-09 3.2212E-09 3.2513E-09 3.2809E-09 3.3097E-09 3.3376E-09 3.3648E-09 3.3911E-09 3.4166E-09
1.4035E-09 1.4355E-09 1.4680E-09 1.5009E-09 1.5342E-09 1.5679E-09 1.6020E-09 1.6365E-09 1.6714E-09 1.7067E-09 1.7423E-09 1.7781E-09 1.8144E-09 1.8509E-09 1.8876E-09 1.9247E-09 1.9619E-09 1.9994E-09 2.0370E-09 2.0749E-09 2.1129E-09 2.1510E-09 2.1892E-09 2.2276E-09 2.2658E-09 2.3042E-09 2.3426E-09 2.3808E-09 2.4192E-09 2.4574E-09 2.4955E-09 2.5333E-09 2.5711E-09 2.6087E-09 2.6460E-09 2.6830E-09 2.7199E-09 2.7564E-09 2.7925E-09 2.8283E-09 2.8635E-09 2.8985E-09 2.9330E-09 2.9668E-09 3.0003E-09 3.0332E-09 3.0654E-09 3.0971E-09 3.1282E-09 3.1586E-09 3.1883E-09 3.2173E-09 3.2455E-09 3.2731E-09 3.2999E-09 3.3257E-09 3.3508E-09
1.3777E-09 1.4090E-09 1.4408E-09 1.4731E-09 1.5056E-09 1.5386E-09 1.5720E-09 1.6058E-09 1.6399E-09 1.6744E-09 1.7092E-09 1.7444E-09 1.7799E-09 1.8155E-09 1.8516E-09 1.8877E-09 1.9242E-09 1.9610E-09 1.9978E-09 2.0348E-09 2.0720E-09 2.1093E-09 2.1467E-09 2.1842E-09 2.2217E-09 2.2593E-09 2.2968E-09 2.3343E-09 2.3718E-09 2.4092E-09 2.4465E-09 2.4837E-09 2.5206E-09 2.5574E-09 2.5941E-09 2.6303E-09 2.6663E-09 2.7021E-09 2.7375E-09 2.7725E-09 2.8071E-09 2.8413E-09 2.8752E-09 2.9084E-09 2.9412E-09 2.9735E-09 3.0051E-09 3.0362E-09 3.0668E-09 3.0965E-09 3.1257E-09 3.1543E-09 3.1820E-09 3.2090E-09 3.2353E-09 3.2608E-09 3.2856E-09
1.3520E-09 1.3827E-09 1.4139E-09 1.4454E-09 1.4773E-09 1.5096E-09 1.5422E-09 1.5754E-09 1.6087E-09 1.6424E-09 1.6766E-09 1.7109E-09 1.7456E-09 1.7806E-09 1.8157E-09 1.8512E-09 1.8869E-09 1.9227E-09 1.9589E-09 1.9951E-09 2.0315E-09 2.0680E-09 2.1046E-09 2.1412E-09 2.1779E-09 2.2147E-09 2.2515E-09 2.2882E-09 2.3248E-09 2.3615E-09 2.3980E-09 2.4343E-09 2.4705E-09 2.5066E-09 2.5423E-09 2.5779E-09 2.6133E-09 2.6482E-09 2.6829E-09 2.7173E-09 2.7512E-09 2.7847E-09 2.8178E-09 2.8505E-09 2.8826E-09 2.9143E-09 2.9453E-09 2.9758E-09 3.0058E-09 3.0350E-09 3.0637E-09 3.0917E-09 3.1189E-09 3.1456E-09 3.1713E-09 3.1964E-09 3.2207E-09
1.3267E-09 1.3567E-09 1.3871E-09 1.4180E-09 1.4491E-09 1.4808E-09 1.5128E-09 1.5451E-09 1.5777E-09 1.6108E-09 1.6441E-09 1.6777E-09 1.7117E-09 1.7458E-09 1.7803E-09 1.8150E-09 1.8498E-09 1.8850E-09 1.9203E-09 1.9557E-09 1.9913E-09 2.0270E-09 2.0629E-09 2.0987E-09 2.1346E-09 2.1706E-09 2.2065E-09 2.2425E-09 2.2784E-09 2.3142E-09 2.3499E-09 2.3855E-09 2.4210E-09 2.4562E-09 2.4913E-09 2.5261E-09 2.5607E-09 2.5950E-09 2.6290E-09 2.6625E-09 2.6958E-09 2.7286E-09 2.7611E-09 2.7931E-09 2.8246E-09 2.8556E-09 2.8861E-09 2.9160E-09 2.9454E-09 2.9740E-09 3.0022E-09 3.0297E-09 3.0565E-09 3.0826E-09 3.1080E-09 3.1327E-09 3.1565E-09
1.3015E-09 1.3308E-09 1.3607E-09 1.3907E-09 1.4213E-09 1.4522E-09 1.4835E-09 1.5152E-09 1.5470E-09 1.5793E-09 1.6120E-09 1.6448E-09 1.6780E-09 1.7115E-09 1.7450E-09 1.7790E-09 1.8132E-09 1.8475E-09 1.8820E-09 1.9168E-09 1.9516E-09 1.9864E-09 2.0215E-09 2.0566E-09 2.0917E-09 2.1269E-09 2.1621E-09 2.1972E-09 2.2323E-09 2.2674E-09 2.3023E-09 2.3371E-09 2.3718E-09 2.4064E-09 2.4407E-09 2.4747E-09 2.5087E-09 2.5422E-09 2.5754E-09 2.6084E-09 2.6409E-09 2.6731E-09 2.7049E-09 2.7362E-09 2.7671E-09 2.7975E-09 2.8274E-09 2.8568E-09 2.8856E-09 2.9137E-09 2.9413E-09 2.9682E-09 2.9946E-09 3.0203E-09 3.0451E-09 3.0694E-09 3.0927E-09
