Assets/Resources/2015_m01_d07_2300(utc+0800)_l00_csi_1hr_conc.grd
DSAA
         159         159
     -79.000      79.000
     -79.000      79.000
  0.0000E+00  0.3405E-04
[rows 100 to 124 of 159, columns 57 to 113 of 159]
1.7310E-10 2.6803E-10 2.9605E-10 3.1883E-10 3.4219E-10 4.4062E-10 5.2626E-10 6.0282E-10 6.8173E-10 7.5668E-10 8.3080E-10 9.0641E-10 9.8244E-10 1.0696E-09 1.1441E-09 1.2370E-09 1.3471E-09 1.4496E-09 1.5957E-09 2.3447E-09 3.1086E-09 3.7831E-09 4.4045E-09 4.4079E-09 4.4194E-09 4.4023E-09 4.3704E-09 4.3036E-09 4.2343E-09 4.1550E-09 4.0594E-09 3.9394E-09 3.7933E-09 3.6840E-09 3.5354E-09 3.3713E-09 3.3158E-09 3.2194E-09 3.1372E-09 3.0094E-09 2.8954E-09 2.7384E-09 2.6494E-09 2.4795E-09 2.3393E-09 2.2634E-09 2.2090E-09 2.1558E-09 2.0244E-09 1.9286E-09 1.8824E-09 1.8556E-09 1.8201E-09 1.7844E-09 1.7592E-09 1.7239E-09 1.6999E-09
1.4979E-10 1.6046E-10 1.7620E-10 2.6675E-10 2.8938E-10 3.1000E-10 3.5159E-10 4.2128E-10 5.5953E-10 6.2158E-10 6.8591E-10 7.5188E-10 8.3253E-10 8.9778E-10 9.7866E-10 1.0614E-09 1.1456E-09 1.2509E-09 1.4192E-09 2.0034E-09 2.6653E-09 3.2493E-09 3.7671E-09 3.7592E-09 3.7399E-09 3.7266E-09 3.7051E-09 3.6906E-09 3.6636E-09 3.5863E-09 3.4828E-09 3.3945E-09 3.1925E-09 3.1169E-09 3.0592E-09 3.0102E-09 2.9414E-09 2.8459E-09 2.7655E-09 2.6431E-09 2.5750E-09 2.4501E-09 2.3065E-09 2.2385E-09 2.1861E-09 2.1414E-09 2.0735E-09 1.9652E-09 1.8725E-09 1.8491E-09 1.8220E-09 1.7936E-09 1.7609E-09 1.7387E-09 1.7050E-09 1.6837E-09 1.6542E-09
1.2533E-10 1.3618E-10 1.4632E-10 1.5608E-10 1.7100E-10 2.3636E-10 2.8322E-10 3.3179E-10 3.9434E-10 4.4828E-10 4.9939E-10 5.8125E-10 6.8909E-10 7.4794E-10 8.1741E-10 8.9165E-10 9.7490E-10 1.0648E-09 1.2254E-09 1.7237E-09 2.2855E-09 3.0969E-09 3.1583E-09 3.1473E-09 3.1411E-09 3.1585E-09 3.1842E-09 3.1542E-09 3.0615E-09 2.9953E-09 2.9016E-09 2.8392E-09 2.7969E-09 2.7600E-09 2.7105E-09 2.6495E-09 2.5864E-09 2.4953E-09 2.4607E-09 2.3298E-09 2.1983E-09 2.1712E-09 2.1319E-09 2.0993E-09 2.0651E-09 1.9490E-09 1.8469E-09 1.8298E-09 1.8102E-09 1.7841E-09 1.7622E-09 1.7332E-09 1.7054E-09 1.6834E-09 1.6617E-09 1.6370E-09 1.6155E-09
9.7261E-11 1.0886E-10 1.2228E-10 1.2937E-10 1.3734E-10 1.4893E-10 1.5893E-10 1.9617E-10 3.0343E-10 3.6802E-10 4.1743E-10 4.6606E-10 5.1568E-10 5.6531E-10 6.2559E-10 6.6490E-10 7.3160E-10 8.0383E-10 9.1350E-10 1.3883E-09 2.1207E-09 2.5300E-09 2.5711E-09 2.6063E-09 2.6132E-09 2.5818E-09 2.5946E-09 2.6044E-09 2.5587E-09 2.5365E-09 2.5163E-09 2.4910E-09 2.4551E-09 2.3939E-09 2.3225E-09 2.2968E-09 2.2556E-09 2.1168E-09 2.0866E-09 2.0674E-09 2.0445E-09 2.0262E-09 2.0048E-09 1.9077E-09 1.8092E-09 1.7933E-09 1.7810E-09 1.7602E-09 1.7444E-09 1.7188E-09 1.7013E-09 1.6748E-09 1.6577E-09 1.6349E-09 1.6162E-09 1.5973E-09 1.5646E-09
8.3765E-11 8.9589E-11 9.7126E-11 1.0930E-10 1.1619E-10 1.2312E-10 1.3019E-10 1.4424E-10 1.8450E-10 2.2893E-10 2.6524E-10 3.3010E-10 4.0076E-10 4.4139E-10 4.9510E-10 5.5129E-10 5.9685E-10 6.6099E-10 7.7971E-10 1.4479E-09 1.7767E-09 2.1017E-09 2.1148E-09 2.1201E-09 2.1639E-09 2.1585E-09 2.1439E-09 2.1749E-09 2.1838E-09 2.2021E-09 2.1228E-09 2.0741E-09 2.0791E-09 1.9194E-09 1.9032E-09 1.9118E-09 1.9269E-09 1.9265E-09 1.9213E-09 1.9192E-09 1.9125E-09 1.8265E-09 1.7357E-09 1.7359E-09 1.7318E-09 1.7194E-09 1.7110E-09 1.6988E-09 1.6782E-09 1.6644E-09 1.6411E-09 1.6256E-09 1.6078E-09 1.5918E-09 1.5681E-09 1.5439E-09 1.5277E-09
7.1026E-11 7.5761E-11 8.0107E-11 8.4709E-11 9.1772E-11 1.0230E-10 1.0911E-10 1.1543E-10 1.4409E-10 1.7395E-10 2.0642E-10 2.3429E-10 2.6460E-10 3.0514E-10 3.3949E-10 3.8474E-10 4.2154E-10 4.8171E-10 7.9562E-10 1.1671E-09 1.4384E-09 1.6904E-09 1.7268E-09 1.6756E-09 1.6917E-09 1.7221E-09 1.7480E-09 1.7946E-09 1.7734E-09 1.5952E-09 1.6415E-09 1.6547E-09 1.6852E-09 1.7043E-09 1.7333E-09 1.7497E-09 1.7627E-09 1.7779E-09 1.7473E-09 1.6502E-09 1.6440E-09 1.6550E-09 1.6550E-09 1.6582E-09 1.6585E-09 1.6548E-09 1.6403E-09 1.6320E-09 1.6125E-09 1.6030E-09 1.5888E-09 1.5770E-09 1.5636E-09 1.5433E-09 1.5199E-09 1.5074E-09 1.4939E-09
5.3359E-11 5.8386E-11 6.5867E-11 6.9752E-11 7.3679E-11 7.7624E-11 8.1562E-11 9.0799E-11 1.0774E-10 1.3016E-10 1.6371E-10 1.8694E-10 2.1227E-10 2.3052E-10 2.5170E-10 2.7794E-10 3.1948E-10 3.7655E-10 6.0594E-10 8.9567E-10 1.0903E-09 1.3052E-09 1.3429E-09 1.4023E-09 1.4378E-09 1.1845E-09 1.2273E-09 1.2946E-09 1.3501E-09 1.3888E-09 1.4433E-09 1.4728E-09 1.5097E-09 1.5466E-09 1.5720E-09 1.4966E-09 1.4753E-09 1.5068E-09 1.5237E-09 1.5419E-09 1.5608E-09 1.5748E-09 1.5849E-09 1.5908E-09 1.5921E-09 1.5838E-09 1.5772E-09 1.5656E-09 1.5568E-09 1.5507E-09 1.5419E-09 1.5316E-09 1.5054E-09 1.4943E-09 1.4838E-09 1.4726E-09 1.4530E-09
3.9995E-11 4.5538E-11 5.1414E-11 5.7390E-11 6.2549E-11 6.5818E-11 6.9075E-11 7.2298E-11 7.5465E-11 9.4282E-11 1.0741E-10 1.3642E-10 1.5468E-10 1.7464E-10 2.0299E-10 2.0621E-10 2.3989E-10 2.9662E-10 4.7826E-10 8.3932E-10 7.8289E-10 7.9456E-10 8.3011E-10 8.8629E-10 9.5228E-10 1.0020E-09 1.0370E-09 1.1063E-09 1.1802E-09 1.2218E-09 1.2841E-09 1.3223E-09 1.1933E-09 1.2481E-09 1.2979E-09 1.3434E-09 1.3757E-09 1.4112E-09 1.4418E-09 1.4672E-09 1.4880E-09 1.5043E-09 1.5152E-09 1.5156E-09 1.5170E-09 1.5091E-09 1.5106E-09 1.5111E-09 1.5077E-09 1.5024E-09 1.4878E-09 1.4716E-09 1.4650E-09 1.4571E-09 1.4480E-09 1.4306E-09 1.4128E-09
2.9420E-11 3.4201E-11 3.7614E-11 4.4428E-11 4.8203E-11 5.1962E-11 5.4249E-11 5.6482E-11 6.3487E-11 7.3576E-11 7.8683E-11 9.7440E-11 1.1357E-10 1.2867E-10 1.4543E-10 1.6012E-10 1.7396E-10 1.7951E-10 2.4592E-10 4.2864E-10 5.9961E-10 6.5582E-10 6.9821E-10 7.3196E-10 7.9426E-10 8.4704E-10 8.9871E-10 9.5037E-10 8.2510E-10 8.8568E-10 9.6386E-10 1.0473E-09 1.1085E-09 1.1652E-09 1.2090E-09 1.2562E-09 1.2985E-09 1.3352E-09 1.3672E-09 1.3940E-09 1.4157E-09 1.4219E-09 1.4315E-09 1.4367E-09 1.4475E-09 1.4552E-09 1.4590E-09 1.4598E-09 1.4580E-09 1.4380E-09 1.4358E-09 1.4320E-09 1.4267E-09 1.4128E-09 1.3982E-09 1.3896E-09 1.3800E-09
2.2218E-11 2.6477E-11 2.7729E-11 3.0912E-11 3.3649E-11 3.8850E-11 4.4285E-11 4.6339E-11 4.9144E-11 5.3610E-11 6.1144E-11 5.5334E-11 7.1606E-11 8.1614E-11 9.3067E-11 1.0605E-10 1.2091E-10 1.6371E-10 3.1058E-10 3.3507E-10 4.8162E-10 5.2834E-10 5.6972E-10 3.7814E-10 4.5611E-10 5.2646E-10 5.7742E-10 6.4292E-10 7.2286E-10 8.0262E-10 8.7875E-10 9.5089E-10 1.0154E-09 1.0726E-09 1.1255E-09 1.1805E-09 1.2231E-09 1.2576E-09 1.2817E-09 1.3038E-09 1.3299E-09 1.3455E-09 1.3652E-09 1.3813E-09 1.3933E-09 1.4015E-09 1.4061E-09 1.3989E-09 1.3947E-09 1.3959E-09 1.3951E-09 1.3927E-09 1.3815E-09 1.3695E-09 1.3632E-09 1.3558E-09 1.3401E-09
1.4823E-11 1.7229E-11 2.2192E-11 2.4482E-11 2.6899E-11 2.7935E-11 2.2352E-11 2.3611E-11 2.9009E-11 3.1916E-11 3.7721E-11 4.0551E-11 5.2544E-11 6.1379E-11 6.3810E-11 7.3851E-11 9.0948E-11 1.2706E-10 1.0710E-10 1.2868E-10 1.7000E-10 2.2206E-10 2.5836E-10 3.1149E-10 3.7906E-10 4.5492E-10 5.1585E-10 5.8107E-10 6.3892E-10 7.2800E-10 7.9826E-10 8.7045E-10 9.3937E-10 9.9583E-10 1.0469E-09 1.0950E-09 1.1395E-09 1.1711E-09 1.2083E-09 1.2337E-09 1.2628E-09 1.2880E-09 1.3085E-09 1.3251E-09 1.3349E-09 1.3374E-09 1.3398E-09 1.3469E-09 1.3515E-09 1.3542E-09 1.3475E-09 1.3397E-09 1.3374E-09 1.3336E-09 1.3285E-09 1.3151E-09 1.3011E-09
1.1483E-11 6.8544E-12 8.2610E-12 9.3617E-12 1.4451E-11 1.6813E-11 1.8788E-11 1.9496E-11 2.0179E-11 2.0833E-11 2.1456E-11 2.4505E-11 3.6418E-11 4.0120E-11 3.8345E-11 4.3900E-11 5.4308E-11 5.8884E-11 7.9469E-11 1.0299E-10 1.2993E-10 1.7114E-10 2.1976E-10 2.6565E-10 3.2296E-10 3.9264E-10 4.5248E-10 5.1561E-10 5.8299E-10 6.6067E-10 7.2752E-10 7.9866E-10 8.6883E-10 9.2470E-10 9.7043E-10 1.0208E-09 1.0672E-09 1.1020E-09 1.1405E-09 1.1749E-09 1.2038E-09 1.2255E-09 1.2471E-09 1.2588E-09 1.2688E-09 1.2829E-09 1.2942E-09 1.3028E-09 1.3016E-09 1.3058E-09 1.3011E-09 1.3016E-09 1.3006E-09 1.2908E-09 1.2802E-09 1.2753E-09 1.2692E-09
5.6838E-12 5.8400E-12 5.9887E-12 6.1287E-12 6.2590E-12 6.3788E-12 9.0286E-12 1.3551E-11 1.5005E-11 9.4293E-12 1.0248E-11 1.1458E-11 1.1837E-11 1.7710E-11 2.2561E-11 2.8584E-11 3.5874E-11 4.5643E-11 6.5506E-11 8.7446E-11 1.0261E-10 1.3577E-10 1.8422E-10 2.2901E-10 2.7723E-10 3.3240E-10 4.0091E-10 4.5522E-10 5.1312E-10 5.7870E-10 6.6142E-10 7.2422E-10 7.9137E-10 8.5639E-10 9.0270E-10 9.5317E-10 1.0001E-09 1.0378E-09 1.0766E-09 1.1111E-09 1.1412E-09 1.1624E-09 1.1805E-09 1.2023E-09 1.2210E-09 1.2366E-09 1.2493E-09 1.2521E-09 1.2529E-09 1.2586E-09 1.2622E-09 1.2641E-09 1.2571E-09 1.2491E-09 1.2465E-09 1.2426E-09 1.2376E-09
4.8329E-12 4.9525E-12 5.0647E-12 5.1686E-12 0.0000E+00 0.0000E+00 0.0000E+00 0.0000E+00 0.0000E+00 8.7149E-13 5.5758E-12 6.3629E-12 6.6368E-12 8.1295E-12 1.4226E-11 1.9109E-11 2.5154E-11 3.2454E-11 4.7794E-11 5.7096E-11 7.8843E-11 1.0372E-10 1.4245E-10 1.9710E-10 2.4241E-10 2.9239E-10 3.5598E-10 4.1257E-10 4.6354E-10 5.2144E-10 5.9657E-10 6.6283E-10 7.2383E-10 7.8833E-10 8.4014E-10 8.8998E-10 9.3634E-10 9.7828E-10 1.0188E-09 1.0483E-09 1.0746E-09 1.1046E-09 1.1310E-09 1.1542E-09 1.1742E-09 1.1838E-09 1.1911E-09 1.2028E-09 1.2120E-09 1.2190E-09 1.2167E-09 1.2131E-09 1.2146E-09 1.2146E-09 1.2132E-09 1.2033E-09 1.1928E-09
0.0000E+00 0.0000E+00 0.0000E+00 0.0000E+00 0.0000E+00 0.0000E+00 0.0000E+00 0.0000E+00 0.0000E+00 0.0000E+00 0.0000E+00 0.0000E+00 0.0000E+00 0.0000E+00 7.3170E-12 1.4059E-11 1.9282E-11 2.5661E-11 3.3273E-11 5.0038E-11 6.9364E-11 9.1688E-11 1.1828E-10 1.6456E-10 2.0150E-10 2.4819E-10 3.1136E-10 3.6823E-10 4.1621E-10 4.6863E-10 5.3544E-10 6.0084E-10 6.6210E-10 7.2723E-10 7.8343E-10 8.3388E-10 8.7409E-10 9.1136E-10 9.5242E-10 9.9011E-10 1.0244E-09 1.0553E-09 1.0829E-09 1.0999E-09 1.1142E-09 1.1326E-09 1.1482E-09 1.1612E-09 1.1645E-09 1.1660E-09 1.1724E-09 1.1768E-09 1.1795E-09 1.1735E-09 1.1665E-09 1.1650E-09 1.1622E-09
0.0000E+00 0.0000E+00 0.0000E+00 0.0000E+00 0.0000E+00 0.0000E+00 0.0000E+00 0.0000E+00 0.0000E+00 0.0000E+00 0.0000E+00 0.0000E+00 0.0000E+00 0.0000E+00 3.4706E-12 6.9545E-12 1.1429E-11 1.6991E-11 2.3722E-11 3.5234E-11 4.3215E-11 6.3376E-11 9.5172E-11 1.3642E-10 1.6971E-10 2.1149E-10 2.5911E-10 3.2049E-10 3.6908E-10 4.2202E-10 4.7562E-10 5.5360E-10 6.1084E-10 6.6587E-10 7.2651E-10 7.6959E-10 8.1684E-10 8.6123E-10 9.0257E-10 9.4075E-10 9.6840E-10 1.0002E-09 1.0218E-09 1.0473E-09 1.0698E-09 1.0894E-09 1.0990E-09 1.1133E-09 1.1184E-09 1.1280E-09 1.1355E-09 1.1411E-09 1.1379E-09 1.1335E-09 1.1343E-09 1.1095E-09 1.1081E-09
0.0000E+00 0.0000E+00 0.0000E+00 0.0000E+00 0.0000E+00 0.0000E+00 0.0000E+00 0.0000E+00 0.0000E+00 0.0000E+00 0.0000E+00 0.0000E+00 0.0000E+00 0.0000E+00 0.0000E+00 2.5755E-12 6.0603E-12 1.0519E-11 1.3614E-11 1.9875E-11 3.5079E-11 5.2649E-11 7.2972E-11 1.0521E-10 1.4402E-10 1.7978E-10 2.2557E-10 2.8755E-10 3.3569E-10 3.8709E-10 4.3100E-10 4.9706E-10 5.4929E-10 6.1086E-10 6.7268E-10 7.2187E-10 7.6874E-10 8.1303E-10 8.4741E-10 8.7906E-10 9.1459E-10 9.4708E-10 9.7653E-10 1.0030E-09 1.0193E-09 1.0332E-09 1.0513E-09 1.0668E-09 1.0798E-09 1.0906E-09 1.0922E-09 1.0923E-09 1.0973E-09 1.0764E-09 1.0785E-09 1.0792E-09 1.0485E-09
0.0000E+00 0.0000E+00 0.0000E+00 0.0000E+00 0.0000E+00 0.0000E+00 0.0000E+00 0.0000E+00 0.0000E+00 0.0000E+00 0.0000E+00 0.0000E+00 0.0000E+00 0.0000E+00 0.0000E+00 1.1153E-12 3.8393E-12 7.4247E-12 1.1974E-11 1.7576E-11 3.0944E-11 4.6533E-11 5.6610E-11 8.6676E-11 1.2588E-10 1.6157E-10 1.9572E-10 2.4251E-10 2.9348E-10 3.3651E-10 3.8521E-10 4.4205E-10 5.0911E-10 5.6151E-10 6.2511E-10 6.6963E-10 7.1592E-10 7.5328E-10 7.9471E-10 8.3344E-10 8.6935E-10 9.0238E-10 9.2542E-10 9.4589E-10 9.7043E-10 9.9222E-10 1.0113E-09 1.0279E-09 1.0350E-09 1.0403E-09 1.0501E-09 1.0580E-09 1.0400E-09 1.0446E-09 1.0174E-09 9.9614E-10 9.9724E-10
0.0000E+00 0.0000E+00 0.0000E+00 0.0000E+00 0.0000E+00 0.0000E+00 0.0000E+00 0.0000E+00 0.0000E+00 0.0000E+00 0.0000E+00 0.0000E+00 0.0000E+00 0.0000E+00 0.0000E+00 0.0000E+00 1.2632E-12 6.4728E-12 1.0501E-11 1.5500E-11 2.4759E-11 3.0769E-11 4.7137E-11 6.2230E-11 9.2286E-11 1.3619E-10 1.7159E-10 2.1105E-10 2.6217E-10 3.0743E-10 3.5375E-10 3.9512E-10 4.5820E-10 5.1362E-10 5.6519E-10 6.2021E-10 6.6580E-10 7.0936E-10 7.5064E-10 7.8256E-10 8.1872E-10 8.4550E-10 8.7624E-10 9.0426E-10 9.2957E-10 9.4517E-10 9.6530E-10 9.7627E-10 9.9156E-10 1.0046E-09 9.9140E-10 1.0005E-09 9.7748E-10 9.6009E-10 9.6477E-10 9.4567E-10 9.2538E-10
0.0000E+00 0.0000E+00 0.0000E+00 0.0000E+00 0.0000E+00 0.0000E+00 0.0000E+00 0.0000E+00 0.0000E+00 0.0000E+00 0.0000E+00 0.0000E+00 0.0000E+00 0.0000E+00 0.0000E+00 0.0000E+00 0.0000E+00 1.1792E-12 3.9870E-12 7.6430E-12 1.2241E-11 2.4419E-11 3.8625E-11 5.5220E-11 7.5232E-11 1.1219E-10 1.4518E-10 1.7771E-10 2.2878E-10 2.7432E-10 3.1259E-10 3.5626E-10 4.1587E-10 4.6809E-10 5.1936E-10 5.7659E-10 6.1782E-10 6.6079E-10 6.9531E-10 7.3398E-10 7.7024E-10 8.0400E-10 8.3519E-10 8.5686E-10 8.8288E-10 8.9972E-10 9.2076E-10 9.1511E-10 9.3160E-10 9.4585E-10 9.2763E-10 9.1473E-10 9.2357E-10 9.0837E-10 8.9159E-10 8.9627E-10 8.9957E-10
0.0000E+00 0.0000E+00 0.0000E+00 0.0000E+00 0.0000E+00 0.0000E+00 0.0000E+00 0.0000E+00 0.0000E+00 0.0000E+00 0.0000E+00 0.0000E+00 0.0000E+00 0.0000E+00 0.0000E+00 0.0000E+00 0.0000E+00 1.0233E-12 3.4732E-12 6.6945E-12 9.0469E-12 1.9365E-11 2.4173E-11 3.9094E-11 6.3738E-11 9.2871E-11 1.2239E-10 1.5505E-10 1.9279E-10 2.4239E-10 2.8087E-10 3.2352E-10 3.6212E-10 4.2736E-10 4.7471E-10 5.2093E-10 5.7244E-10 6.1470E-10 6.5519E-10 6.9366E-10 7.2329E-10 7.5721E-10 7.8221E-10 8.1128E-10 8.3789E-10 8.3826E-10 8.6013E-10 8.5602E-10 8.6689E-10 8.5916E-10 8.7263E-10 8.6193E-10 8.4925E-10 8.5776E-10 8.6463E-10 8.2688E-10 8.0977E-10
0.0000E+00 0.0000E+00 0.0000E+00 0.0000E+00 0.0000E+00 0.0000E+00 0.0000E+00 0.0000E+00 0.0000E+00 0.0000E+00 0.0000E+00 0.0000E+00 0.0000E+00 0.0000E+00 0.0000E+00 0.0000E+00 0.0000E+00 0.0000E+00 0.0000E+00 1.2183E-12 4.1013E-12 7.8182E-12 1.8905E-11 3.1839E-11 4.6947E-11 6.5187E-11 1.0286E-10 1.3051E-10 1.6279E-10 2.1275E-10 2.5081E-10 2.8698E-10 3.2711E-10 3.8219E-10 4.3082E-10 4.8265E-10 5.3523E-10 5.7061E-10 6.1049E-10 6.4240E-10 6.7847E-10 7.1242E-10 7.2121E-10 7.5053E-10 7.7758E-10 7.7936E-10 7.7285E-10 7.9317E-10 7.8964E-10 8.0588E-10 7.9760E-10 8.1029E-10 8.2122E-10 7.8738E-10 7.7377E-10 7.8075E-10 7.6552E-10
0.0000E+00 0.0000E+00 0.0000E+00 0.0000E+00 0.0000E+00 0.0000E+00 0.0000E+00 0.0000E+00 0.0000E+00 0.0000E+00 0.0000E+00 0.0000E+00 0.0000E+00 0.0000E+00 0.0000E+00 0.0000E+00 0.0000E+00 0.0000E+00 0.0000E+00 1.0624E-12 2.4732E-12 5.4513E-12 1.4845E-11 2.5948E-11 3.2182E-11 5.5228E-11 8.2882E-11 1.1014E-10 1.4026E-10 1.7745E-10 2.2286E-10 2.5685E-10 2.9614E-10 3.3791E-10 3.9420E-10 4.3751E-10 4.8587E-10 5.2891E-10 5.6809E-10 5.8441E-10 6.1994E-10 6.5359E-10 6.6350E-10 6.6530E-10 6.9231E-10 6.9652E-10 7.1927E-10 7.4003E-10 7.3648E-10 7.5350E-10 7.4649E-10 7.3945E-10 7.2974E-10 7.4031E-10 7.2857E-10 7.3646E-10 7.2301E-10
0.0000E+00 0.0000E+00 0.0000E+00 0.0000E+00 0.0000E+00 0.0000E+00 0.0000E+00 0.0000E+00 0.0000E+00 0.0000E+00 0.0000E+00 0.0000E+00 0.0000E+00 0.0000E+00 0.0000E+00 0.0000E+00 0.0000E+00 0.0000E+00 0.0000E+00 0.0000E+00 9.6919E-13 3.2900E-12 4.2067E-12 1.4303E-11 2.6073E-11 3.9817E-11 6.3212E-11 9.8622E-11 1.2289E-10 1.5374E-10 1.9462E-10 2.3054E-10 2.6290E-10 3.0082E-10 3.5358E-10 3.8154E-10 4.2949E-10 4.7554E-10 5.1350E-10 5.3049E-10 5.4607E-10 5.7267E-10 5.8452E-10 6.1322E-10 6.4011E-10 6.4333E-10 6.6643E-10 6.8766E-10 6.6546E-10 6.6169E-10 6.7756E-10 6.7123E-10 6.8397E-10 6.7554E-10 6.8544E-10 6.9402E-10 6.8159E-10
0.0000E+00 0.0000E+00 0.0000E+00 0.0000E+00 0.0000E+00 0.0000E+00 0.0000E+00 0.0000E+00 0.0000E+00 0.0000E+00 0.0000E+00 0.0000E+00 0.0000E+00 0.0000E+00 0.0000E+00 0.0000E+00 0.0000E+00 0.0000E+00 0.0000E+00 0.0000E+00 0.0000E+00 1.0992E-12 2.5433E-12 1.1106E-11 2.1210E-11 3.3172E-11 4.5163E-11 7.4119E-11 9.9283E-11 1.2795E-10 1.6523E-10 1.9196E-10 2.2569E-10 2.5988E-10 2.9385E-10 3.2100E-10 3.6139E-10 4.0245E-10 4.2482E-10 4.5886E-10 4.9185E-10 5.2356E-10 5.5382E-10 5.6165E-10 5.8848E-10 5.7419E-10 5.7678E-10 5.9797E-10 6.1753E-10 6.1551E-10 6.3180E-10 6.2747E-10 6.4068E-10 6.5249E-10 6.2461E-10 6.3385E-10 6.4191E-10
