Assets/Resources/2015_m01_d10_0600(utc+0800)_l00_csi_1hr_conc.grd
DSAA
         159         159
     -79.000      79.000
     -79.000      79.000
  0.2177E-08  0.1428E-03
[rows 50 to 74 of 159, columns 0 to 56 of 159]
5.0527E-09 5.2228E-09 5.3989E-09 5.5811E-09 5.7701E-09 5.9656E-09 6.1711E-09 6.3806E-09 6.6005E-09 6.8248E-09 7.0601E-09 7.3034E-09 7.5516E-09 7.8116E-09 8.0801E-09 8.3587E-09 8.6429E-09 8.9410E-09 9.2441E-09 9.5615E-09 9.8994E-09 1.0249E-08 1.0605E-08 1.0960E-08 1.1324E-08 1.1699E-08 1.2085E-08 1.2481E-08 1.2909E-08 1.3351E-08 1.3807E-08 1.4261E-08 1.4734E-08 1.5246E-08 1.5753E-08 1.6303E-08 1.6876E-08 1.7446E-08 1.8035E-08 1.8651E-08 1.9291E-08 1.9955E-08 2.0644E-08 2.1368E-08 2.2104E-08 2.2876E-08 2.3687E-08 2.4511E-08 2.5368E-08 2.6265E-08 2.7219E-08 2.8178E-08 2.9279E-08 3.0395E-08 3.1545E-08 3.2710E-08 3.3861E-08
5.0901E-09 5.2614E-09 5.4387E-09 5.6221E-09 5.8123E-09 6.0090E-09 6.2157E-09 6.4264E-09 6.6475E-09 6.8731E-09 7.1095E-09 7.3541E-09 7.6035E-09 7.8647E-09 8.1344E-09 8.4140E-09 8.6995E-09 8.9986E-09 9.3027E-09 9.6211E-09 9.9598E-09 1.0310E-08 1.0667E-08 1.1022E-08 1.1387E-08 1.1763E-08 1.2149E-08 1.2545E-08 1.2974E-08 1.3416E-08 1.3872E-08 1.4325E-08 1.4797E-08 1.5309E-08 1.5815E-08 1.6364E-08 1.6936E-08 1.7504E-08 1.8092E-08 1.8705E-08 1.9344E-08 2.0005E-08 2.0692E-08 2.1414E-08 2.2146E-08 2.2916E-08 2.3724E-08 2.4545E-08 2.5397E-08 2.6291E-08 2.7244E-08 2.8199E-08 2.9295E-08 3.0379E-08 3.1548E-08 3.2707E-08 3.3852E-08
5.1257E-09 5.2980E-09 5.4763E-09 5.6580E-09 5.8521E-09 6.0499E-09 6.2576E-09 6.4694E-09 6.6885E-09 6.9182E-09 7.1525E-09 7.4012E-09 7.6517E-09 7.9139E-09 8.1845E-09 8.4618E-09 8.7514E-09 9.0513E-09 9.3563E-09 9.6753E-09 1.0014E-08 1.0365E-08 1.0722E-08 1.1078E-08 1.1444E-08 1.1819E-08 1.2205E-08 1.2602E-08 1.3030E-08 1.3471E-08 1.3907E-08 1.4379E-08 1.4850E-08 1.5336E-08 1.5865E-08 1.6411E-08 1.6981E-08 1.7547E-08 1.8132E-08 1.8743E-08 1.9378E-08 2.0036E-08 2.0720E-08 2.1438E-08 2.2166E-08 2.2931E-08 2.3734E-08 2.4551E-08 2.5398E-08 2.6287E-08 2.7236E-08 2.8186E-08 2.9250E-08 3.0350E-08 3.1509E-08 3.2658E-08 3.3796E-08
5.1592E-09 5.3325E-09 5.5118E-09 5.6944E-09 5.8895E-09 6.0882E-09 6.2968E-09 6.5064E-09 6.7295E-09 6.9601E-09 7.1953E-09 7.4416E-09 7.6961E-09 7.9590E-09 8.2304E-09 8.5084E-09 8.7986E-09 9.0991E-09 9.4046E-09 9.7240E-09 1.0063E-08 1.0409E-08 1.0758E-08 1.1127E-08 1.1492E-08 1.1868E-08 1.2254E-08 1.2650E-08 1.3077E-08 1.3517E-08 1.3952E-08 1.4423E-08 1.4891E-08 1.5376E-08 1.5902E-08 1.6446E-08 1.7013E-08 1.7575E-08 1.8158E-08 1.8764E-08 1.9396E-08 2.0049E-08 2.0728E-08 2.1441E-08 2.2163E-08 2.2922E-08 2.3720E-08 2.4530E-08 2.5370E-08 2.6252E-08 2.7196E-08 2.8139E-08 2.9168E-08 3.0256E-08 3.1428E-08 3.2566E-08 3.3692E-08
5.1908E-09 5.3649E-09 5.5422E-09 5.7285E-09 5.9244E-09 6.1239E-09 6.3333E-09 6.5437E-09 6.7675E-09 6.9956E-09 7.2347E-09 7.4816E-09 7.7367E-09 8.0002E-09 8.2688E-09 8.5506E-09 8.8412E-09 9.1376E-09 9.4478E-09 9.7629E-09 1.0106E-08 1.0438E-08 1.0800E-08 1.1169E-08 1.1534E-08 1.1909E-08 1.2295E-08 1.2690E-08 1.3116E-08 1.3535E-08 1.3988E-08 1.4456E-08 1.4922E-08 1.5405E-08 1.5928E-08 1.6468E-08 1.7031E-08 1.7589E-08 1.8168E-08 1.8769E-08 1.9395E-08 2.0043E-08 2.0716E-08 2.1423E-08 2.2138E-08 2.2890E-08 2.3681E-08 2.4482E-08 2.5314E-08 2.6188E-08 2.7124E-08 2.8058E-08 2.9051E-08 3.0152E-08 3.1282E-08 3.2430E-08 3.3548E-08
5.2204E-09 5.3923E-09 5.5732E-09 5.7603E-09 5.9568E-09 6.1570E-09 6.3609E-09 6.5781E-09 6.7993E-09 7.0311E-09 7.2707E-09 7.5180E-09 7.7703E-09 8.0374E-09 8.3063E-09 8.5883E-09 8.8791E-09 9.1756E-09 9.4813E-09 9.8007E-09 1.0139E-08 1.0475E-08 1.0837E-08 1.1204E-08 1.1569E-08 1.1943E-08 1.2328E-08 1.2722E-08 1.3126E-08 1.3563E-08 1.4014E-08 1.4479E-08 1.4942E-08 1.5421E-08 1.5941E-08 1.6478E-08 1.7036E-08 1.7589E-08 1.8163E-08 1.8759E-08 1.9378E-08 2.0020E-08 2.0685E-08 2.1385E-08 2.2092E-08 2.2836E-08 2.3618E-08 2.4410E-08 2.5231E-08 2.6095E-08 2.7022E-08 2.7945E-08 2.8928E-08 3.0012E-08 3.1099E-08 3.2253E-08 3.3362E-08
5.2478E-09 5.4205E-09 5.6020E-09 5.7896E-09 5.9866E-09 6.1844E-09 6.3919E-09 6.6095E-09 6.8311E-09 7.0633E-09 7.3032E-09 7.5476E-09 7.8034E-09 8.0672E-09 8.3396E-09 8.6216E-09 8.9079E-09 9.2086E-09 9.5141E-09 9.8286E-09 1.0157E-08 1.0506E-08 1.0866E-08 1.1233E-08 1.1597E-08 1.1970E-08 1.2353E-08 1.2745E-08 1.3148E-08 1.3583E-08 1.4030E-08 1.4492E-08 1.4951E-08 1.5427E-08 1.5943E-08 1.6475E-08 1.7003E-08 1.7576E-08 1.8143E-08 1.8733E-08 1.9345E-08 1.9979E-08 2.0636E-08 2.1327E-08 2.2025E-08 2.2759E-08 2.3531E-08 2.4312E-08 2.5122E-08 2.5974E-08 2.6890E-08 2.7800E-08 2.8772E-08 2.9811E-08 3.0878E-08 3.2039E-08 3.3134E-08
5.2732E-09 5.4464E-09 5.6284E-09 5.8165E-09 6.0109E-09 6.2122E-09 6.4200E-09 6.6379E-09 6.8598E-09 7.0922E-09 7.3322E-09 7.5768E-09 7.8326E-09 8.0964E-09 8.3653E-09 8.6460E-09 8.9365E-09 9.2323E-09 9.5417E-09 9.8557E-09 1.0184E-08 1.0531E-08 1.0890E-08 1.1255E-08 1.1617E-08 1.1989E-08 1.2370E-08 1.2761E-08 1.3161E-08 1.3593E-08 1.4038E-08 1.4495E-08 1.4950E-08 1.5422E-08 1.5932E-08 1.6436E-08 1.6982E-08 1.7548E-08 1.8110E-08 1.8693E-08 1.9296E-08 1.9921E-08 2.0569E-08 2.1251E-08 2.1938E-08 2.2661E-08 2.3422E-08 2.4191E-08 2.4988E-08 2.5826E-08 2.6729E-08 2.7625E-08 2.8583E-08 2.9578E-08 3.0650E-08 3.1766E-08 3.2869E-08
5.2966E-09 5.4702E-09 5.6525E-09 5.8410E-09 6.0357E-09 6.2373E-09 6.4453E-09 6.6634E-09 6.8854E-09 7.1147E-09 7.3547E-09 7.6023E-09 7.8579E-09 8.1215E-09 8.3902E-09 8.6704E-09 8.9603E-09 9.2556E-09 9.5643E-09 9.8774E-09 1.0204E-08 1.0550E-08 1.0907E-08 1.1271E-08 1.1631E-08 1.2001E-08 1.2380E-08 1.2769E-08 1.3167E-08 1.3595E-08 1.4036E-08 1.4490E-08 1.4939E-08 1.5406E-08 1.5887E-08 1.6410E-08 1.6949E-08 1.7508E-08 1.8063E-08 1.8638E-08 1.9233E-08 1.9848E-08 2.0486E-08 2.1156E-08 2.1832E-08 2.2544E-08 2.3292E-08 2.4047E-08 2.4830E-08 2.5653E-08 2.6541E-08 2.7420E-08 2.8364E-08 2.9314E-08 3.0389E-08 3.1433E-08 3.2569E-08
5.3151E-09 5.4917E-09 5.6743E-09 5.8630E-09 6.0551E-09 6.2596E-09 6.4678E-09 6.6858E-09 6.9048E-09 7.1371E-09 7.3768E-09 7.6211E-09 7.8795E-09 8.1394E-09 8.4108E-09 8.6904E-09 8.9796E-09 9.2741E-09 9.5816E-09 9.8937E-09 1.0219E-08 1.0563E-08 1.0900E-08 1.1266E-08 1.1638E-08 1.2006E-08 1.2383E-08 1.2769E-08 1.3164E-08 1.3589E-08 1.4025E-08 1.4455E-08 1.4919E-08 1.5380E-08 1.5856E-08 1.6372E-08 1.6904E-08 1.7455E-08 1.8002E-08 1.8569E-08 1.9155E-08 1.9760E-08 2.0386E-08 2.1044E-08 2.1708E-08 2.2406E-08 2.3141E-08 2.3882E-08 2.4649E-08 2.5456E-08 2.6326E-08 2.7187E-08 2.8114E-08 2.9046E-08 3.0049E-08 3.1124E-08 3.2236E-08
5.3343E-09 5.5110E-09 5.6909E-09 5.8798E-09 6.0748E-09 6.2792E-09 6.4874E-09 6.6991E-09 6.9241E-09 7.1530E-09 7.3924E-09 7.6394E-09 7.8940E-09 8.1533E-09 8.4273E-09 8.7060E-09 8.9910E-09 9.2877E-09 9.5895E-09 9.9047E-09 1.0224E-08 1.0553E-08 1.0906E-08 1.1269E-08 1.1638E-08 1.2004E-08 1.2378E-08 1.2761E-08 1.3153E-08 1.3554E-08 1.3987E-08 1.4432E-08 1.4890E-08 1.5344E-08 1.5814E-08 1.6323E-08 1.6848E-08 1.7366E-08 1.7929E-08 1.8486E-08 1.9063E-08 1.9657E-08 2.0272E-08 2.0917E-08 2.1568E-08 2.2251E-08 2.2972E-08 2.3696E-08 2.4447E-08 2.5235E-08 2.6086E-08 2.6928E-08 2.7838E-08 2.8750E-08 2.9709E-08 3.0787E-08 3.1795E-08
5.3513E-09 5.5281E-09 5.7081E-09 5.8969E-09 6.0919E-09 6.2962E-09 6.5012E-09 6.7158E-09 6.9404E-09 7.1689E-09 7.4078E-09 7.6541E-09 7.9048E-09 8.1666E-09 8.4396E-09 8.7140E-09 9.0011E-09 9.2921E-09 9.5925E-09 9.9061E-09 1.0224E-08 1.0555E-08 1.0905E-08 1.1266E-08 1.1632E-08 1.1995E-08 1.2366E-08 1.2746E-08 1.3135E-08 1.3532E-08 1.3960E-08 1.4400E-08 1.4851E-08 1.5299E-08 1.5762E-08 1.6263E-08 1.6756E-08 1.7291E-08 1.7843E-08 1.8392E-08 1.8958E-08 1.9541E-08 2.0143E-08 2.0774E-08 2.1411E-08 2.2079E-08 2.2784E-08 2.3492E-08 2.4225E-08 2.4994E-08 2.5825E-08 2.6646E-08 2.7535E-08 2.8427E-08 2.9371E-08 3.0369E-08 3.1406E-08
5.3662E-09 5.5429E-09 5.7229E-09 5.9116E-09 6.1064E-09 6.3074E-09 6.5152E-09 6.7294E-09 6.9535E-09 7.1815E-09 7.4166E-09 7.6621E-09 7.9151E-09 8.1760E-09 8.4445E-09 8.7178E-09 9.0024E-09 9.2963E-09 9.5951E-09 9.9069E-09 1.0223E-08 1.0551E-08 1.0899E-08 1.1256E-08 1.1620E-08 1.1979E-08 1.2347E-08 1.2724E-08 1.3109E-08 1.3502E-08 1.3925E-08 1.4359E-08 1.4804E-08 1.5244E-08 1.5700E-08 1.6170E-08 1.6679E-08 1.7204E-08 1.7746E-08 1.8285E-08 1.8841E-08 1.9411E-08 2.0000E-08 2.0617E-08 2.1240E-08 2.1892E-08 2.2580E-08 2.3270E-08 2.3985E-08 2.4734E-08 2.5542E-08 2.6342E-08 2.7208E-08 2.8081E-08 2.9006E-08 2.9960E-08 3.0992E-08
5.3789E-09 5.5529E-09 5.7354E-09 5.9239E-09 6.1184E-09 6.3162E-09 6.5264E-09 6.7401E-09 6.9635E-09 7.1878E-09 7.4252E-09 7.6666E-09 7.9187E-09 8.1815E-09 8.4455E-09 8.7207E-09 9.0037E-09 9.2959E-09 9.5930E-09 9.9026E-09 1.0216E-08 1.0542E-08 1.0887E-08 1.1223E-08 1.1587E-08 1.1957E-08 1.2322E-08 1.2695E-08 1.3076E-08 1.3465E-08 1.3882E-08 1.4291E-08 1.4730E-08 1.5182E-08 1.5629E-08 1.6091E-08 1.6591E-08 1.7106E-08 1.7638E-08 1.8167E-08 1.8712E-08 1.9270E-08 1.9846E-08 2.0448E-08 2.1055E-08 2.1691E-08 2.2360E-08 2.3032E-08 2.3728E-08 2.4456E-08 2.5241E-08 2.6019E-08 2.6861E-08 2.7713E-08 2.8621E-08 2.9552E-08 3.0473E-08
5.3869E-09 5.5633E-09 5.7455E-09 5.9308E-09 6.1249E-09 6.3252E-09 6.5347E-09 6.7479E-09 6.9645E-09 7.1940E-09 7.4273E-09 7.6709E-09 7.9218E-09 8.1799E-09 8.4426E-09 8.7194E-09 9.0007E-09 9.2877E-09 9.5861E-09 9.8934E-09 1.0200E-08 1.0519E-08 1.0851E-08 1.1202E-08 1.1563E-08 1.1929E-08 1.2290E-08 1.2659E-08 1.3036E-08 1.3420E-08 1.3813E-08 1.4235E-08 1.4668E-08 1.5112E-08 1.5549E-08 1.6001E-08 1.6494E-08 1.6975E-08 1.7496E-08 1.8038E-08 1.8572E-08 1.9118E-08 1.9679E-08 2.0266E-08 2.0857E-08 2.1476E-08 2.2127E-08 2.2780E-08 2.3455E-08 2.4162E-08 2.4924E-08 2.5678E-08 2.6496E-08 2.7326E-08 2.8215E-08 2.9122E-08 3.0019E-08
5.3955E-09 5.5716E-09 5.7534E-09 5.9382E-09 6.1319E-09 6.3315E-09 6.5373E-09 6.7498E-09 6.9686E-09 7.1971E-09 7.4294E-09 7.6717E-09 7.9212E-09 8.1747E-09 8.4390E-09 8.7140E-09 8.9902E-09 9.2784E-09 9.5701E-09 9.8706E-09 1.0184E-08 1.0500E-08 1.0829E-08 1.1176E-08 1.1533E-08 1.1894E-08 1.2251E-08 1.2616E-08 1.2989E-08 1.3369E-08 1.3756E-08 1.4172E-08 1.4598E-08 1.5034E-08 1.5461E-08 1.5907E-08 1.6364E-08 1.6860E-08 1.7369E-08 1.7899E-08 1.8417E-08 1.8955E-08 1.9502E-08 2.0073E-08 2.0649E-08 2.1250E-08 2.1882E-08 2.2515E-08 2.3170E-08 2.3854E-08 2.4592E-08 2.5322E-08 2.6115E-08 2.6922E-08 2.7790E-08 2.8673E-08 2.9540E-08
5.4019E-09 5.5776E-09 5.7589E-09 5.9433E-09 6.1363E-09 6.3352E-09 6.5374E-09 6.7519E-09 6.9697E-09 7.1971E-09 7.4251E-09 7.6661E-09 7.9140E-09 8.1660E-09 8.4317E-09 8.7014E-09 8.9756E-09 9.2604E-09 9.5541E-09 9.8522E-09 1.0162E-08 1.0476E-08 1.0801E-08 1.1145E-08 1.1479E-08 1.1841E-08 1.2207E-08 1.2567E-08 1.2935E-08 1.3310E-08 1.3692E-08 1.4102E-08 1.4501E-08 1.4930E-08 1.5369E-08 1.5801E-08 1.6246E-08 1.6731E-08 1.7234E-08 1.7723E-08 1.8253E-08 1.8778E-08 1.9316E-08 1.9871E-08 2.0430E-08 2.1013E-08 2.1625E-08 2.2239E-08 2.2873E-08 2.3535E-08 2.4248E-08 2.4953E-08 2.5719E-08 2.6500E-08 2.7349E-08 2.8206E-08 2.9043E-08
5.4063E-09 5.5788E-09 5.7595E-09 5.9459E-09 6.1353E-09 6.3335E-09 6.5377E-09 6.7511E-09 6.9679E-09 7.1879E-09 7.4208E-09 7.6571E-09 7.9034E-09 8.1569E-09 8.4172E-09 8.6818E-09 8.9602E-09 9.2427E-09 9.5305E-09 9.8291E-09 1.0136E-08 1.0447E-08 1.0760E-08 1.1090E-08 1.1438E-08 1.1795E-08 1.2157E-08 1.2512E-08 1.2875E-08 1.3245E-08 1.3622E-08 1.4006E-08 1.4418E-08 1.4839E-08 1.5269E-08 1.5689E-08 1.6121E-08 1.6573E-08 1.7065E-08 1.7566E-08 1.8080E-08 1.8588E-08 1.9110E-08 1.9659E-08 2.0201E-08 2.0767E-08 2.1359E-08 2.1953E-08 2.2565E-08 2.3205E-08 2.3892E-08 2.4572E-08 2.5311E-08 2.6065E-08 2.6892E-08 2.7723E-08 2.8532E-08
5.4060E-09 5.5806E-09 5.7606E-09 5.9462E-09 6.1349E-09 6.3322E-09 6.5354E-09 6.7445E-09 6.9602E-09 7.1820E-09 7.4133E-09 7.6481E-09 7.8927E-09 8.1442E-09 8.3993E-09 8.6650E-09 8.9409E-09 9.2176E-09 9.5059E-09 9.7972E-09 1.0097E-08 1.0408E-08 1.0723E-08 1.1049E-08 1.1392E-08 1.1744E-08 1.2087E-08 1.2452E-08 1.2810E-08 1.3174E-08 1.3545E-08 1.3923E-08 1.4327E-08 1.4741E-08 1.5143E-08 1.5575E-08 1.5998E-08 1.6433E-08 1.6908E-08 1.7397E-08 1.7880E-08 1.8395E-08 1.8902E-08 1.9428E-08 1.9965E-08 2.0512E-08 2.1085E-08 2.1659E-08 2.2249E-08 2.2865E-08 2.3527E-08 2.4181E-08 2.4893E-08 2.5620E-08 2.6421E-08 2.7229E-08 2.8009E-08
5.4064E-09 5.5802E-09 5.7594E-09 5.9442E-09 6.1320E-09 6.3283E-09 6.5304E-09 6.7355E-09 6.9527E-09 7.1731E-09 7.4028E-09 7.6328E-09 7.8756E-09 8.1217E-09 8.3780E-09 8.6444E-09 8.9112E-09 9.1886E-09 9.4729E-09 9.7655E-09 1.0062E-08 1.0370E-08 1.0681E-08 1.1003E-08 1.1323E-08 1.1670E-08 1.2026E-08 1.2385E-08 1.2738E-08 1.3097E-08 1.3463E-08 1.3834E-08 1.4212E-08 1.4617E-08 1.5031E-08 1.5453E-08 1.5864E-08 1.6285E-08 1.6722E-08 1.7202E-08 1.7695E-08 1.8193E-08 1.8688E-08 1.9197E-08 1.9722E-08 2.0251E-08 2.0803E-08 2.1357E-08 2.1926E-08 2.2518E-08 2.3154E-08 2.3783E-08 2.4467E-08 2.5167E-08 2.5941E-08 2.6724E-08 2.7476E-08
5.4047E-09 5.5777E-09 5.7534E-09 5.9373E-09 6.1268E-09 6.3190E-09 6.5200E-09 6.7267E-09 6.9424E-09 7.1582E-09 7.3832E-09 7.6176E-09 7.8552E-09 8.1024E-09 8.3564E-09 8.6170E-09 8.8813E-09 9.1590E-09 9.4403E-09 9.7264E-09 1.0023E-08 1.0327E-08 1.0629E-08 1.0943E-08 1.1268E-08 1.1610E-08 1.1960E-08 1.2314E-08 1.2661E-08 1.3015E-08 1.3374E-08 1.3740E-08 1.4111E-08 1.4508E-08 1.4913E-08 1.5306E-08 1.5728E-08 1.6135E-08 1.6558E-08 1.7024E-08 1.7497E-08 1.7959E-08 1.8460E-08 1.8951E-08 1.9456E-08 1.9983E-08 2.0515E-08 2.1048E-08 2.1596E-08 2.2165E-08 2.2764E-08 2.3379E-08 2.4036E-08 2.4708E-08 2.5456E-08 2.6211E-08 2.6937E-08
5.4011E-09 5.5706E-09 5.7480E-09 5.9308E-09 6.1191E-09 6.3103E-09 6.5099E-09 6.7153E-09 6.9264E-09 7.1437E-09 7.3669E-09 7.5993E-09 7.8318E-09 8.0768E-09 8.3282E-09 8.5830E-09 8.8510E-09 9.1224E-09 9.3973E-09 9.6867E-09 9.9751E-09 1.0271E-08 1.0579E-08 1.0888E-08 1.1209E-08 1.1545E-08 1.1871E-08 1.2224E-08 1.2579E-08 1.2927E-08 1.3280E-08 1.3639E-08 1.4004E-08 1.4373E-08 1.4770E-08 1.5174E-08 1.5586E-08 1.5984E-08 1.6392E-08 1.6811E-08 1.7275E-08 1.7751E-08 1.8236E-08 1.8697E-08 1.9182E-08 1.9687E-08 2.0222E-08 2.0735E-08 2.1261E-08 2.1790E-08 2.2372E-08 2.2971E-08 2.3601E-08 2.4246E-08 2.4966E-08 2.5695E-08 2.6395E-08
5.3955E-09 5.5641E-09 5.7404E-09 5.9221E-09 6.1066E-09 6.2992E-09 6.4974E-09 6.6984E-09 6.9079E-09 7.1263E-09 7.3477E-09 7.5719E-09 7.8085E-09 8.0480E-09 8.2969E-09 8.5523E-09 8.8140E-09 9.0823E-09 9.3574E-09 9.6388E-09 9.9280E-09 1.0220E-08 1.0524E-08 1.0829E-08 1.1136E-08 1.1458E-08 1.1797E-08 1.2143E-08 1.2492E-08 1.2834E-08 1.3182E-08 1.3534E-08 1.3892E-08 1.4254E-08 1.4642E-08 1.5037E-08 1.5419E-08 1.5828E-08 1.6222E-08 1.6625E-08 1.7068E-08 1.7510E-08 1.7978E-08 1.8452E-08 1.8906E-08 1.9389E-08 1.9894E-08 2.0418E-08 2.0923E-08 2.1431E-08 2.1969E-08 2.2539E-08 2.3164E-08 2.3783E-08 2.4476E-08 2.5179E-08 2.5853E-08
5.3879E-09 5.5556E-09 5.7281E-09 5.9087E-09 6.0945E-09 6.2857E-09 6.4797E-09 6.6820E-09 6.8898E-09 7.1033E-09 7.3228E-09 7.5480E-09 7.7822E-09 8.0194E-09 8.2625E-09 8.5150E-09 8.7737E-09 9.0390E-09 9.3138E-09 9.5884E-09 9.8738E-09 1.0166E-08 1.0456E-08 1.0761E-08 1.1068E-08 1.1385E-08 1.1718E-08 1.2040E-08 1.2387E-08 1.2737E-08 1.3078E-08 1.3424E-08 1.3775E-08 1.4130E-08 1.4490E-08 1.4876E-08 1.5268E-08 1.5666E-08 1.6051E-08 1.6439E-08 1.6846E-08 1.7281E-08 1.7742E-08 1.8204E-08 1.8648E-08 1.9086E-08 1.9568E-08 2.0066E-08 2.0584E-08 2.1070E-08 2.1566E-08 2.2107E-08 2.2728E-08 2.3321E-08 2.3989E-08 2.4666E-08 2.5316E-08
5.3785E-09 5.5451E-09 5.7166E-09 5.8958E-09 6.0802E-09 6.2673E-09 6.4625E-09 6.6631E-09 6.8662E-09 7.0779E-09 7.2982E-09 7.5213E-09 7.7469E-09 7.9847E-09 8.2251E-09 8.4747E-09 8.7305E-09 8.9955E-09 9.2602E-09 9.5346E-09 9.8150E-09 1.0103E-08 1.0393E-08 1.0694E-08 1.0996E-08 1.1299E-08 1.1617E-08 1.1951E-08 1.2292E-08 1.2635E-08 1.2970E-08 1.3309E-08 1.3654E-08 1.4002E-08 1.4354E-08 1.4730E-08 1.5113E-08 1.5481E-08 1.5875E-08 1.6254E-08 1.6640E-08 1.7031E-08 1.7470E-08 1.7931E-08 1.8381E-08 1.8810E-08 1.9237E-08 1.9710E-08 2.0200E-08 2.0709E-08 2.1184E-08 2.1667E-08 2.2257E-08 2.2866E-08 2.3509E-08 2.4165E-08 2.4798E-08
