Assets/Resources/2015_m01_d20_1200(utc+0800)_l00_csi_1hr_conc.grd
DSAA
         159         159
     -79.000      79.000
     -79.000      79.000
  0.2295E-09  0.1075E-05
[rows 125 to 149 of 159, columns 57 to 113 of 159]
1.9560E-09 2.0297E-09 2.1165E-09 2.2187E-09 2.3506E-09 2.5071E-09 2.6893E-09 2.9184E-09 3.1687E-09 3.4783E-09 3.8101E-09 4.2084E-09 4.6394E-09 5.1370E-09 5.6719E-09 6.2615E-09 6.9085E-09 7.5784E-09 8.2946E-09 9.0391E-09 9.8028E-09 1.0591E-08 1.1378E-08 1.2161E-08 1.2933E-08 1.3688E-08 1.4417E-08 1.5114E-08 1.5780E-08 1.6405E-08 1.6995E-08 1.7545E-08 1.8058E-08 1.8539E-08 1.8986E-08 1.9409E-08 1.9807E-08 2.0182E-08 2.0535E-08 2.0874E-08 2.1201E-08 2.1511E-08 2.1804E-08 2.2073E-08 2.2309E-08 2.2513E-08 2.2668E-08 2.2783E-08 2.2841E-08 2.2845E-08 2.2795E-08 2.2688E-08 2.2529E-08 2.2327E-08 2.2084E-08 2.1805E-08 2.1499E-08
1.9024E-09 1.9675E-09 2.0468E-09 2.1332E-09 2.2446E-09 2.3829E-09 2.5429E-09 2.7350E-09 2.9498E-09 3.2146E-09 3.5092E-09 3.8474E-09 4.2295E-09 4.6454E-09 5.1203E-09 5.6258E-09 6.1848E-09 6.7656E-09 7.3866E-09 8.0353E-09 8.7036E-09 9.3927E-09 1.0083E-08 1.0775E-08 1.1461E-08 1.2136E-08 1.2795E-08 1.3433E-08 1.4046E-08 1.4635E-08 1.5195E-08 1.5725E-08 1.6231E-08 1.6709E-08 1.7165E-08 1.7598E-08 1.8008E-08 1.8403E-08 1.8776E-08 1.9134E-08 1.9476E-08 1.9802E-08 2.0111E-08 2.0395E-08 2.0652E-08 2.0877E-08 2.1060E-08 2.1206E-08 2.1303E-08 2.1351E-08 2.1348E-08 2.1291E-08 2.1184E-08 2.1035E-08 2.0847E-08 2.0625E-08 2.0373E-08
1.8491E-09 1.9080E-09 1.9752E-09 2.0552E-09 2.1458E-09 2.2628E-09 2.4011E-09 2.5666E-09 2.7584E-09 2.9781E-09 3.2388E-09 3.5214E-09 3.8572E-09 4.2079E-09 4.6174E-09 5.0424E-09 5.5283E-09 6.0349E-09 6.5678E-09 7.1324E-09 7.7108E-09 8.3112E-09 8.9127E-09 9.5204E-09 1.0126E-08 1.0726E-08 1.1319E-08 1.1899E-08 1.2463E-08 1.3008E-08 1.3537E-08 1.4047E-08 1.4535E-08 1.5008E-08 1.5461E-08 1.5893E-08 1.6314E-08 1.6715E-08 1.7101E-08 1.7469E-08 1.7820E-08 1.8156E-08 1.8473E-08 1.8766E-08 1.9036E-08 1.9276E-08 1.9481E-08 1.9652E-08 1.9780E-08 1.9865E-08 1.9903E-08 1.9890E-08 1.9832E-08 1.9732E-08 1.9596E-08 1.9427E-08 1.9227E-08
1.7981E-09 1.8502E-09 1.9103E-09 1.9788E-09 2.0567E-09 2.1576E-09 2.2729E-09 2.4183E-09 2.5784E-09 2.7670E-09 2.9938E-09 3.2320E-09 3.5188E-09 3.8225E-09 4.1633E-09 4.5401E-09 4.9456E-09 5.3909E-09 5.8454E-09 6.3345E-09 6.8253E-09 7.3464E-09 7.8703E-09 8.4030E-09 8.9366E-09 9.4702E-09 1.0000E-08 1.0525E-08 1.1039E-08 1.1543E-08 1.2034E-08 1.2517E-08 1.2987E-08 1.3442E-08 1.3885E-08 1.4316E-08 1.4732E-08 1.5136E-08 1.5525E-08 1.5897E-08 1.6250E-08 1.6589E-08 1.6907E-08 1.7206E-08 1.7482E-08 1.7731E-08 1.7951E-08 1.8140E-08 1.8293E-08 1.8408E-08 1.8480E-08 1.8507E-08 1.8491E-08 1.8437E-08 1.8346E-08 1.8224E-08 1.8074E-08
1.7485E-09 1.7951E-09 1.8487E-09 1.9097E-09 1.9756E-09 2.0607E-09 2.1573E-09 2.2753E-09 2.4170E-09 2.5767E-09 2.7693E-09 2.9734E-09 3.2153E-09 3.4817E-09 3.7782E-09 4.0953E-09 4.4404E-09 4.8265E-09 5.2130E-09 5.6389E-09 6.0650E-09 6.5063E-09 6.9681E-09 7.4303E-09 7.8978E-09 8.3666E-09 8.8370E-09 9.3068E-09 9.7732E-09 1.0235E-08 1.0690E-08 1.1138E-08 1.1584E-08 1.2023E-08 1.2450E-08 1.2869E-08 1.3279E-08 1.3674E-08 1.4057E-08 1.4428E-08 1.4779E-08 1.5113E-08 1.5428E-08 1.5727E-08 1.6004E-08 1.6258E-08 1.6487E-08 1.6688E-08 1.6860E-08 1.6997E-08 1.7097E-08 1.7157E-08 1.7178E-08 1.7163E-08 1.7113E-08 1.7034E-08 1.6928E-08
1.6990E-09 1.7445E-09 1.7893E-09 1.8437E-09 1.9018E-09 1.9722E-09 2.0571E-09 2.1477E-09 2.2772E-09 2.4059E-09 2.5734E-09 2.7534E-09 2.9525E-09 3.1859E-09 3.4299E-09 3.7065E-09 3.9983E-09 4.3236E-09 4.6629E-09 5.0196E-09 5.3939E-09 5.7754E-09 6.1766E-09 6.5761E-09 6.9866E-09 7.3990E-09 7.8165E-09 8.2369E-09 8.6586E-09 9.0802E-09 9.5007E-09 9.9183E-09 1.0333E-08 1.0748E-08 1.1157E-08 1.1556E-08 1.1950E-08 1.2335E-08 1.2706E-08 1.3065E-08 1.3411E-08 1.3737E-08 1.4047E-08 1.4340E-08 1.4613E-08 1.4868E-08 1.5100E-08 1.5309E-08 1.5493E-08 1.5647E-08 1.5768E-08 1.5854E-08 1.5906E-08 1.5923E-08 1.5909E-08 1.5868E-08 1.5801E-08
1.6560E-09 1.6952E-09 1.7355E-09 1.7822E-09 1.8336E-09 1.8895E-09 1.9666E-09 2.0457E-09 2.1459E-09 2.2661E-09 2.3912E-09 2.5603E-09 2.7220E-09 2.9285E-09 3.1304E-09 3.3727E-09 3.6195E-09 3.8995E-09 4.1913E-09 4.5023E-09 4.8287E-09 5.1523E-09 5.4985E-09 5.8480E-09 6.2059E-09 6.5701E-09 6.9393E-09 7.3139E-09 7.6930E-09 8.0752E-09 8.4596E-09 8.8442E-09 9.2294E-09 9.6133E-09 9.9986E-09 1.0374E-08 1.0749E-08 1.1115E-08 1.1473E-08 1.1816E-08 1.2147E-08 1.2466E-08 1.2767E-08 1.3050E-08 1.3318E-08 1.3569E-08 1.3802E-08 1.4014E-08 1.4203E-08 1.4367E-08 1.4505E-08 1.4611E-08 1.4686E-08 1.4730E-08 1.4746E-08 1.4737E-08 1.4705E-08
1.6148E-09 1.6488E-09 1.6856E-09 1.7258E-09 1.7720E-09 1.8202E-09 1.8788E-09 1.9487E-09 2.0312E-09 2.1319E-09 2.2396E-09 2.3773E-09 2.5263E-09 2.6934E-09 2.8799E-09 3.0830E-09 3.3009E-09 3.5316E-09 3.7967E-09 4.0491E-09 4.3441E-09 4.6261E-09 4.9233E-09 5.2316E-09 5.5414E-09 5.8630E-09 6.1882E-09 6.5205E-09 6.8592E-09 7.2036E-09 7.5521E-09 7.9043E-09 8.2592E-09 8.6150E-09 8.9691E-09 9.3200E-09 9.6712E-09 1.0016E-08 1.0353E-08 1.0677E-08 1.0992E-08 1.1297E-08 1.1588E-08 1.1861E-08 1.2121E-08 1.2367E-08 1.2594E-08 1.2806E-08 1.2996E-08 1.3168E-08 1.3315E-08 1.3434E-08 1.3526E-08 1.3592E-08 1.3634E-08 1.3651E-08 1.3647E-08
1.5751E-09 1.6076E-09 1.6412E-09 1.6742E-09 1.7137E-09 1.7540E-09 1.7990E-09 1.8591E-09 1.9255E-09 2.0050E-09 2.0967E-09 2.2082E-09 2.3333E-09 2.4675E-09 2.6323E-09 2.7941E-09 2.9950E-09 3.1877E-09 3.4133E-09 3.6369E-09 3.8789E-09 4.1417E-09 4.3967E-09 4.6702E-09 4.9409E-09 5.2236E-09 5.5139E-09 5.8099E-09 6.1139E-09 6.4252E-09 6.7423E-09 7.0651E-09 7.3921E-09 7.7222E-09 8.0520E-09 8.3808E-09 8.7044E-09 9.0220E-09 9.3384E-09 9.6470E-09 9.9447E-09 1.0231E-08 1.0507E-08 1.0770E-08 1.1023E-08 1.1259E-08 1.1481E-08 1.1688E-08 1.1878E-08 1.2051E-08 1.2202E-08 1.2330E-08 1.2435E-08 1.2518E-08 1.2578E-08 1.2616E-08 1.2633E-08
1.5365E-09 1.5663E-09 1.5993E-09 1.6308E-09 1.6643E-09 1.6991E-09 1.7368E-09 1.7875E-09 1.8398E-09 1.9074E-09 1.9828E-09 2.0723E-09 2.1895E-09 2.2978E-09 2.4363E-09 2.5867E-09 2.7496E-09 2.9288E-09 3.1183E-09 3.3275E-09 3.5299E-09 3.7685E-09 3.9926E-09 4.2349E-09 4.4737E-09 4.7193E-09 4.9772E-09 5.2396E-09 5.5097E-09 5.7874E-09 6.0722E-09 6.3634E-09 6.6601E-09 6.9593E-09 7.2597E-09 7.5596E-09 7.8561E-09 8.1483E-09 8.4363E-09 8.7171E-09 8.9902E-09 9.2606E-09 9.5218E-09 9.7738E-09 1.0016E-08 1.0247E-08 1.0462E-08 1.0662E-08 1.0848E-08 1.1017E-08 1.1169E-08 1.1303E-08 1.1416E-08 1.1509E-08 1.1582E-08 1.1635E-08 1.1672E-08
1.4985E-09 1.5271E-09 1.5568E-09 1.5884E-09 1.6172E-09 1.6513E-09 1.6833E-09 1.7206E-09 1.7695E-09 1.8255E-09 1.8903E-09 1.9596E-09 2.0532E-09 2.1523E-09 2.2719E-09 2.3994E-09 2.5354E-09 2.6985E-09 2.8590E-09 3.0474E-09 3.2344E-09 3.4388E-09 3.6407E-09 3.8565E-09 4.0745E-09 4.2922E-09 4.5180E-09 4.7535E-09 4.9932E-09 5.2404E-09 5.4953E-09 5.7557E-09 6.0217E-09 6.2901E-09 6.5604E-09 6.8310E-09 7.1003E-09 7.3671E-09 7.6319E-09 7.8914E-09 8.1456E-09 8.3944E-09 8.6373E-09 8.8725E-09 9.0941E-09 9.3149E-09 9.5253E-09 9.7241E-09 9.9023E-09 1.0067E-08 1.0218E-08 1.0353E-08 1.0470E-08 1.0568E-08 1.0650E-08 1.0715E-08 1.0766E-08
1.4614E-09 1.4885E-09 1.5175E-09 1.5455E-09 1.5740E-09 1.6034E-09 1.6336E-09 1.6647E-09 1.6999E-09 1.7448E-09 1.7935E-09 1.8571E-09 1.9216E-09 2.0127E-09 2.0933E-09 2.2165E-09 2.3192E-09 2.4681E-09 2.6021E-09 2.7704E-09 2.9339E-09 3.1136E-09 3.3035E-09 3.4961E-09 3.6991E-09 3.8956E-09 4.0996E-09 4.3098E-09 4.5263E-09 4.7471E-09 4.9741E-09 5.2067E-09 5.4448E-09 5.6860E-09 5.9299E-09 6.1761E-09 6.4225E-09 6.6676E-09 6.9129E-09 7.1547E-09 7.3928E-09 7.6244E-09 7.8475E-09 8.0688E-09 8.2808E-09 8.4814E-09 8.6757E-09 8.8605E-09 9.0343E-09 9.1937E-09 9.3451E-09 9.4771E-09 9.5937E-09 9.6957E-09 9.7831E-09 9.8563E-09 9.9154E-09
1.4233E-09 1.4509E-09 1.4773E-09 1.5052E-09 1.5330E-09 1.5594E-09 1.5905E-09 1.6178E-09 1.6487E-09 1.6907E-09 1.7305E-09 1.7853E-09 1.8344E-09 1.9060E-09 1.9832E-09 2.0688E-09 2.1710E-09 2.2782E-09 2.4115E-09 2.5393E-09 2.7021E-09 2.8540E-09 3.0240E-09 3.1959E-09 3.3834E-09 3.5593E-09 3.7487E-09 3.9324E-09 4.1268E-09 4.3160E-09 4.5120E-09 4.7168E-09 4.9286E-09 5.1457E-09 5.3648E-09 5.5903E-09 5.8172E-09 6.0438E-09 6.2716E-09 6.4967E-09 6.7197E-09 6.9363E-09 7.1462E-09 7.3484E-09 7.5454E-09 7.7337E-09 7.9128E-09 8.0856E-09 8.2495E-09 8.4026E-09 8.5409E-09 8.6728E-09 8.7889E-09 8.8916E-09 8.9809E-09 9.0576E-09 9.1230E-09
1.3881E-09 1.4133E-09 1.4388E-09 1.4644E-09 1.4904E-09 1.5153E-09 1.5417E-09 1.5684E-09 1.5952E-09 1.6269E-09 1.6669E-09 1.7066E-09 1.7579E-09 1.8106E-09 1.8815E-09 1.9409E-09 2.0290E-09 2.1026E-09 2.2098E-09 2.3129E-09 2.4315E-09 2.5652E-09 2.6874E-09 2.8468E-09 2.9852E-09 3.1616E-09 3.3201E-09 3.4920E-09 3.6700E-09 3.8544E-09 4.0410E-09 4.2376E-09 4.4387E-09 4.6378E-09 4.8456E-09 5.0589E-09 5.2697E-09 5.4874E-09 5.7048E-09 5.9141E-09 6.1201E-09 6.3206E-09 6.5166E-09 6.7049E-09 6.8848E-09 7.0603E-09 7.2268E-09 7.3854E-09 7.5364E-09 7.6799E-09 7.8127E-09 7.9359E-09 8.0518E-09 8.1517E-09 8.2408E-09 8.3193E-09 8.3878E-09
1.3530E-09 1.3774E-09 1.4022E-09 1.4259E-09 1.4522E-09 1.4764E-09 1.5020E-09 1.5278E-09 1.5526E-09 1.5788E-09 1.6176E-09 1.6500E-09 1.6995E-09 1.7451E-09 1.8047E-09 1.8700E-09 1.9354E-09 2.0208E-09 2.1046E-09 2.2000E-09 2.3039E-09 2.4256E-09 2.5454E-09 2.6799E-09 2.8109E-09 2.9518E-09 3.1024E-09 3.2505E-09 3.4146E-09 3.5719E-09 3.7458E-09 3.9158E-09 4.0891E-09 4.2711E-09 4.4582E-09 4.6444E-09 4.8373E-09 5.0314E-09 5.2206E-09 5.4133E-09 5.6038E-09 5.7852E-09 5.9611E-09 6.1314E-09 6.2954E-09 6.4525E-09 6.6047E-09 6.7508E-09 6.8913E-09 7.0258E-09 7.1510E-09 7.2665E-09 7.3734E-09 7.4738E-09 7.5613E-09 7.6392E-09 7.7079E-09
1.3181E-09 1.3407E-09 1.3646E-09 1.3888E-09 1.4131E-09 1.4377E-09 1.4613E-09 1.4863E-09 1.5115E-09 1.5369E-09 1.5625E-09 1.6053E-09 1.6352E-09 1.6924E-09 1.7304E-09 1.8070E-09 1.8563E-09 1.9416E-09 2.0032E-09 2.1057E-09 2.1872E-09 2.2981E-09 2.4071E-09 2.5236E-09 2.6460E-09 2.7774E-09 2.9058E-09 3.0492E-09 3.1819E-09 3.3385E-09 3.4889E-09 3.6421E-09 3.7942E-09 3.9505E-09 4.1139E-09 4.2771E-09 4.4464E-09 4.6156E-09 4.7832E-09 4.9554E-09 5.1266E-09 5.2904E-09 5.4556E-09 5.6113E-09 5.7617E-09 5.9065E-09 6.0456E-09 6.1788E-09 6.3088E-09 6.4322E-09 6.5483E-09 6.6566E-09 6.7568E-09 6.8516E-09 6.9388E-09 7.0140E-09 7.0816E-09
1.2822E-09 1.3052E-09 1.3284E-09 1.3518E-09 1.3753E-09 1.3992E-09 1.4220E-09 1.4462E-09 1.4706E-09 1.4952E-09 1.5200E-09 1.5483E-09 1.5864E-09 1.6274E-09 1.6754E-09 1.7286E-09 1.7953E-09 1.8530E-09 1.9323E-09 2.0000E-09 2.0935E-09 2.1702E-09 2.2922E-09 2.3811E-09 2.5100E-09 2.6113E-09 2.7413E-09 2.8579E-09 2.9885E-09 3.1175E-09 3.2558E-09 3.3964E-09 3.5420E-09 3.6799E-09 3.8210E-09 3.9684E-09 4.1146E-09 4.2657E-09 4.4174E-09 4.5651E-09 4.7147E-09 4.8632E-09 5.0046E-09 5.1480E-09 5.2838E-09 5.4145E-09 5.5412E-09 5.6632E-09 5.7793E-09 5.8943E-09 5.9996E-09 6.1016E-09 6.1966E-09 6.2843E-09 6.3659E-09 6.4406E-09 6.5061E-09
1.2477E-09 1.2700E-09 1.2913E-09 1.3150E-09 1.3368E-09 1.3598E-09 1.3830E-09 1.4052E-09 1.4288E-09 1.4526E-09 1.4765E-09 1.5006E-09 1.5361E-09 1.5695E-09 1.6165E-09 1.6581E-09 1.7269E-09 1.7781E-09 1.8544E-09 1.9139E-09 1.9934E-09 2.0715E-09 2.1546E-09 2.2582E-09 2.3582E-09 2.4706E-09 2.5750E-09 2.6927E-09 2.8012E-09 2.9218E-09 3.0422E-09 3.1736E-09 3.2962E-09 3.4334E-09 3.5620E-09 3.6893E-09 3.8185E-09 3.9494E-09 4.0809E-09 4.2129E-09 4.3443E-09 4.4744E-09 4.6028E-09 4.7289E-09 4.8521E-09 4.9718E-09 5.0878E-09 5.2000E-09 5.3076E-09 5.4093E-09 5.5051E-09 5.5985E-09 5.6867E-09 5.7646E-09 5.8401E-09 5.9099E-09 5.9738E-09
1.2124E-09 1.2339E-09 1.2556E-09 1.2775E-09 1.2996E-09 1.3218E-09 1.3443E-09 1.3657E-09 1.3885E-09 1.4115E-09 1.4345E-09 1.4565E-09 1.4812E-09 1.5205E-09 1.5502E-09 1.6049E-09 1.6447E-09 1.7187E-09 1.7621E-09 1.8457E-09 1.8946E-09 1.9894E-09 2.0478E-09 2.1503E-09 2.2273E-09 2.3308E-09 2.4275E-09 2.5346E-09 2.6331E-09 2.7411E-09 2.8418E-09 2.9582E-09 3.0724E-09 3.1970E-09 3.3124E-09 3.4343E-09 3.5502E-09 3.6668E-09 3.7836E-09 3.9002E-09 4.0158E-09 4.1305E-09 4.2440E-09 4.3558E-09 4.4657E-09 4.5731E-09 4.6779E-09 4.7791E-09 4.8773E-09 4.9708E-09 5.0598E-09 5.1431E-09 5.2204E-09 5.2950E-09 5.3646E-09 5.4291E-09 5.4881E-09
1.1784E-09 1.1992E-09 1.2202E-09 1.2413E-09 1.2627E-09 1.2830E-09 1.3047E-09 1.3266E-09 1.3474E-09 1.3695E-09 1.3918E-09 1.4142E-09 1.4368E-09 1.4640E-09 1.4997E-09 1.5333E-09 1.5830E-09 1.6293E-09 1.6960E-09 1.7482E-09 1.8217E-09 1.8823E-09 1.9624E-09 2.0294E-09 2.1220E-09 2.1995E-09 2.2915E-09 2.3839E-09 2.4793E-09 2.5707E-09 2.6626E-09 2.7604E-09 2.8652E-09 2.9684E-09 3.0826E-09 3.1854E-09 3.2964E-09 3.4012E-09 3.5043E-09 3.6077E-09 3.7110E-09 3.8140E-09 3.9162E-09 4.0169E-09 4.1160E-09 4.2128E-09 4.3074E-09 4.3996E-09 4.4890E-09 4.5737E-09 4.6546E-09 4.7305E-09 4.8017E-09 4.8677E-09 4.9280E-09 4.9871E-09 5.0398E-09
1.1448E-09 1.1638E-09 1.1840E-09 1.2044E-09 1.2250E-09 1.2458E-09 1.2666E-09 1.2877E-09 1.3078E-09 1.3291E-09 1.3493E-09 1.3722E-09 1.3926E-09 1.4158E-09 1.4476E-09 1.4762E-09 1.5221E-09 1.5599E-09 1.6236E-09 1.6716E-09 1.7394E-09 1.7957E-09 1.8698E-09 1.9341E-09 2.0109E-09 2.0868E-09 2.1675E-09 2.2476E-09 2.3280E-09 2.4200E-09 2.4966E-09 2.5829E-09 2.6704E-09 2.7625E-09 2.8634E-09 2.9560E-09 3.0603E-09 3.1556E-09 3.2545E-09 3.3461E-09 3.4382E-09 3.5298E-09 3.6207E-09 3.7106E-09 3.7993E-09 3.8861E-09 3.9713E-09 4.0545E-09 4.1351E-09 4.2122E-09 4.2863E-09 4.3559E-09 4.4205E-09 4.4804E-09 4.5351E-09 4.5849E-09 4.6324E-09
1.1114E-09 1.1297E-09 1.1493E-09 1.1690E-09 1.1888E-09 1.2077E-09 1.2279E-09 1.2481E-09 1.2686E-09 1.2879E-09 1.3086E-09 1.3294E-09 1.3503E-09 1.3713E-09 1.3924E-09 1.4249E-09 1.4554E-09 1.4990E-09 1.5393E-09 1.6037E-09 1.6494E-09 1.7184E-09 1.7715E-09 1.8488E-09 1.9049E-09 1.9923E-09 2.0522E-09 2.1365E-09 2.1961E-09 2.2787E-09 2.3460E-09 2.4235E-09 2.4957E-09 2.5798E-09 2.6587E-09 2.7459E-09 2.8366E-09 2.9236E-09 3.0181E-09 3.1034E-09 3.1933E-09 3.2750E-09 3.3559E-09 3.4358E-09 3.5144E-09 3.5915E-09 3.6677E-09 3.7422E-09 3.8145E-09 3.8839E-09 3.9500E-09 4.0122E-09 4.0703E-09 4.1243E-09 4.1733E-09 4.2179E-09 4.2555E-09
1.0774E-09 1.0961E-09 1.1138E-09 1.1328E-09 1.1519E-09 1.1712E-09 1.1906E-09 1.2101E-09 1.2298E-09 1.2484E-09 1.2683E-09 1.2870E-09 1.3084E-09 1.3273E-09 1.3489E-09 1.3679E-09 1.4016E-09 1.4302E-09 1.4738E-09 1.5145E-09 1.5766E-09 1.6224E-09 1.6904E-09 1.7419E-09 1.8161E-09 1.8743E-09 1.9556E-09 2.0165E-09 2.0918E-09 2.1480E-09 2.2202E-09 2.2743E-09 2.3383E-09 2.4047E-09 2.4774E-09 2.5531E-09 2.6247E-09 2.7066E-09 2.7823E-09 2.8652E-09 2.9482E-09 3.0303E-09 3.1098E-09 3.1842E-09 3.2544E-09 3.3200E-09 3.3917E-09 3.4570E-09 3.5196E-09 3.5801E-09 3.6376E-09 3.6921E-09 3.7422E-09 3.7888E-09 3.8286E-09 3.8657E-09 3.9008E-09
1.0447E-09 1.0628E-09 1.0799E-09 1.0981E-09 1.1154E-09 1.1351E-09 1.1526E-09 1.1714E-09 1.1903E-09 1.2094E-09 1.2273E-09 1.2465E-09 1.2658E-09 1.2851E-09 1.3046E-09 1.3241E-09 1.3458E-09 1.3749E-09 1.4078E-09 1.4448E-09 1.4976E-09 1.5452E-09 1.6032E-09 1.6561E-09 1.7197E-09 1.7765E-09 1.8476E-09 1.9105E-09 1.9824E-09 2.0404E-09 2.1010E-09 2.1631E-09 2.2143E-09 2.2683E-09 2.3218E-09 2.3788E-09 2.4357E-09 2.4980E-09 2.5605E-09 2.6281E-09 2.6925E-09 2.7604E-09 2.8280E-09 2.8965E-09 2.9615E-09 3.0288E-09 3.0922E-09 3.1511E-09 3.2083E-09 3.2632E-09 3.3147E-09 3.3640E-09 3.4094E-09 3.4532E-09 3.4957E-09 3.5321E-09 3.5659E-09
1.0118E-09 1.0288E-09 1.0463E-09 1.0628E-09 1.0805E-09 1.0984E-09 1.1163E-09 1.1344E-09 1.1525E-09 1.1708E-09 1.1880E-09 1.2064E-09 1.2236E-09 1.2435E-09 1.2608E-09 1.2795E-09 1.2983E-09 1.3193E-09 1.3470E-09 1.3827E-09 1.4165E-09 1.4724E-09 1.5141E-09 1.5749E-09 1.6213E-09 1.6857E-09 1.7370E-09 1.8084E-09 1.8687E-09 1.9365E-09 1.9887E-09 2.0501E-09 2.1021E-09 2.1506E-09 2.1975E-09 2.2485E-09 2.2987E-09 2.3510E-09 2.4022E-09 2.4554E-09 2.5087E-09 2.5643E-09 2.6190E-09 2.6739E-09 2.7288E-09 2.7850E-09 2.8392E-09 2.8931E-09 2.9453E-09 2.9969E-09 3.0459E-09 3.0923E-09 3.1360E-09 3.1771E-09 3.2161E-09 3.2524E-09 3.2860E-09
