Assets/Resources/2015_m01_d01_2200(utc+0800)_l00_csi_1hr_conc.grd
DSAA
         159         159
     -79.000      79.000
     -79.000      79.000
  0.0000E+00  0.9382E-05
[rows 100 to 124 of 159, columns 57 to 113 of 159]
0.0000E+00 0.0000E+00 0.0000E+00 0.0000E+00 0.0000E+00 0.0000E+00 0.0000E+00 0.0000E+00 0.0000E+00 0.0000E+00 0.0000E+00 0.0000E+00 0.0000E+00 0.0000E+00 0.0000E+00 1.3055E-11 7.3859E-11 1.7458E-10 4.5014E-10 1.0439E-09 1.5992E-09 2.1400E-09 2.7421E-09 3.5900E-09 4.6619E-09 5.8587E-09 7.2422E-09 9.2109E-09 1.0992E-08 1.2821E-08 1.4996E-08 1.7074E-08 1.9204E-08 2.1365E-08 2.3527E-08 2.5682E-08 2.7812E-08 2.9909E-08 3.1929E-08 3.3846E-08 3.5668E-08 3.7373E-08 3.8906E-08 4.0280E-08 4.1454E-08 4.2244E-08 4.2143E-08 4.0687E-08 3.9630E-08 3.7993E-08 3.4821E-08 3.2169E-08 3.0232E-08 2.6010E-08 2.1840E-08 1.9473E-08 1.7245E-08
0.0000E+00 0.0000E+00 0.0000E+00 0.0000E+00 0.0000E+00 0.0000E+00 0.0000E+00 0.0000E+00 0.0000E+00 0.0000E+00 0.0000E+00 0.0000E+00 0.0000E+00 0.0000E+00 0.0000E+00 0.0000E+00 3.6059E-11 1.0749E-10 2.2526E-10 7.7431E-10 1.2119E-09 1.7550E-09 2.3061E-09 2.8934E-09 3.8520E-09 4.8342E-09 6.0292E-09 7.5027E-09 9.0877E-09 1.0829E-08 1.2478E-08 1.4218E-08 1.6021E-08 1.8065E-08 1.9928E-08 2.1791E-08 2.3679E-08 2.5535E-08 2.7342E-08 2.9115E-08 3.0803E-08 3.2210E-08 3.3716E-08 3.5080E-08 3.6259E-08 3.6750E-08 3.7274E-08 3.6004E-08 3.4068E-08 3.2892E-08 3.1047E-08 2.7977E-08 2.5755E-08 2.3171E-08 1.9239E-08 1.6541E-08 1.5344E-08
0.0000E+00 0.0000E+00 0.0000E+00 0.0000E+00 0.0000E+00 0.0000E+00 0.0000E+00 0.0000E+00 0.0000E+00 0.0000E+00 0.0000E+00 0.0000E+00 0.0000E+00 0.0000E+00 0.0000E+00 0.0000E+00 1.5913E-11 6.6649E-11 1.7014E-10 6.2383E-10 8.8865E-10 1.3346E-09 1.8666E-09 2.4149E-09 3.2366E-09 3.9681E-09 4.9050E-09 6.0375E-09 7.5522E-09 8.9413E-09 1.0310E-08 1.1942E-08 1.3473E-08 1.5032E-08 1.6636E-08 1.8253E-08 1.9893E-08 2.1531E-08 2.3168E-08 2.4764E-08 2.6316E-08 2.7834E-08 2.9243E-08 3.0542E-08 3.1707E-08 3.2101E-08 3.2101E-08 3.1627E-08 3.0026E-08 2.8128E-08 2.7207E-08 2.4676E-08 2.1533E-08 1.9528E-08 1.7041E-08 1.4487E-08 1.3476E-08
0.0000E+00 0.0000E+00 0.0000E+00 0.0000E+00 0.0000E+00 0.0000E+00 0.0000E+00 0.0000E+00 0.0000E+00 0.0000E+00 0.0000E+00 0.0000E+00 0.0000E+00 0.0000E+00 0.0000E+00 0.0000E+00 0.0000E+00 3.0876E-11 1.0416E-10 4.2974E-10 7.1074E-10 9.8641E-10 1.4251E-09 1.8395E-09 2.5909E-09 3.3055E-09 3.9908E-09 4.9478E-09 6.0915E-09 7.4015E-09 8.6329E-09 9.8390E-09 1.1113E-08 1.2426E-08 1.3952E-08 1.5335E-08 1.6772E-08 1.8225E-08 1.9670E-08 2.1103E-08 2.2534E-08 2.3922E-08 2.5085E-08 2.6328E-08 2.7456E-08 2.7882E-08 2.7373E-08 2.7114E-08 2.6419E-08 2.4490E-08 2.2686E-08 2.1739E-08 1.8934E-08 1.5973E-08 1.4072E-08 1.2698E-08 1.1970E-08
0.0000E+00 0.0000E+00 0.0000E+00 0.0000E+00 0.0000E+00 0.0000E+00 0.0000E+00 0.0000E+00 0.0000E+00 0.0000E+00 0.0000E+00 0.0000E+00 0.0000E+00 0.0000E+00 0.0000E+00 0.0000E+00 0.0000E+00 1.2669E-11 5.5523E-11 2.7446E-10 4.9566E-10 7.7721E-10 1.0623E-09 1.4854E-09 1.9587E-09 2.4832E-09 3.1746E-09 3.9402E-09 4.8184E-09 5.9651E-09 6.9643E-09 8.0456E-09 9.2584E-09 1.0370E-08 1.1510E-08 1.2694E-08 1.3937E-08 1.5196E-08 1.6480E-08 1.7777E-08 1.9066E-08 2.0342E-08 2.1580E-08 2.2736E-08 2.3441E-08 2.4204E-08 2.3819E-08 2.2854E-08 2.2406E-08 2.1380E-08 1.9461E-08 1.8229E-08 1.6535E-08 1.3649E-08 1.1774E-08 1.1174E-08 1.0502E-08
0.0000E+00 0.0000E+00 0.0000E+00 0.0000E+00 0.0000E+00 0.0000E+00 0.0000E+00 0.0000E+00 0.0000E+00 0.0000E+00 0.0000E+00 0.0000E+00 0.0000E+00 0.0000E+00 0.0000E+00 0.0000E+00 0.0000E+00 0.0000E+00 1.7572E-11 6.3373E-11 3.1858E-10 5.5624E-10 7.5770E-10 1.1186E-09 1.4137E-09 1.9597E-09 2.4838E-09 2.9550E-09 3.8352E-09 4.6947E-09 5.6756E-09 6.6291E-09 7.5347E-09 8.4626E-09 9.4259E-09 1.0583E-08 1.1641E-08 1.2743E-08 1.3875E-08 1.5016E-08 1.6188E-08 1.7351E-08 1.8480E-08 1.9412E-08 2.0032E-08 2.0207E-08 2.0562E-08 1.9728E-08 1.8720E-08 1.8203E-08 1.6863E-08 1.4873E-08 1.3517E-08 1.1884E-08 1.0207E-08 9.6025E-09 9.1935E-09
0.0000E+00 0.0000E+00 0.0000E+00 0.0000E+00 0.0000E+00 0.0000E+00 0.0000E+00 0.0000E+00 0.0000E+00 0.0000E+00 0.0000E+00 0.0000E+00 0.0000E+00 0.0000E+00 0.0000E+00 0.0000E+00 0.0000E+00 0.0000E+00 0.0000E+00 2.0782E-11 1.8074E-10 3.6021E-10 6.0016E-10 8.0559E-10 1.1357E-09 1.4333E-09 1.9131E-09 2.4113E-09 2.8701E-09 3.6312E-09 4.3194E-09 5.2138E-09 6.0092E-09 6.9548E-09 7.7716E-09 8.6387E-09 9.5577E-09 1.0518E-08 1.1501E-08 1.2511E-08 1.3568E-08 1.4615E-08 1.5647E-08 1.6638E-08 1.7113E-08 1.7099E-08 1.7243E-08 1.7097E-08 1.6039E-08 1.4929E-08 1.4618E-08 1.2798E-08 1.0773E-08 9.4103E-09 8.7673E-09 8.3195E-09 8.0922E-09
0.0000E+00 0.0000E+00 0.0000E+00 0.0000E+00 0.0000E+00 0.0000E+00 0.0000E+00 0.0000E+00 0.0000E+00 0.0000E+00 0.0000E+00 0.0000E+00 0.0000E+00 0.0000E+00 0.0000E+00 0.0000E+00 0.0000E+00 0.0000E+00 0.0000E+00 8.8325E-13 8.5657E-11 2.1995E-10 3.9303E-10 6.2481E-10 8.2767E-10 1.0305E-09 1.4029E-09 1.7693E-09 2.0810E-09 2.7497E-09 3.3409E-09 4.0837E-09 4.7583E-09 5.4125E-09 6.1313E-09 6.8584E-09 7.7732E-09 8.6166E-09 9.4780E-09 1.0376E-08 1.1302E-08 1.2251E-08 1.3189E-08 1.3862E-08 1.4345E-08 1.4551E-08 1.4270E-08 1.4223E-08 1.3783E-08 1.2679E-08 1.2016E-08 1.1104E-08 9.1062E-09 7.7791E-09 7.4966E-09 7.2604E-09 7.0171E-09
0.0000E+00 0.0000E+00 0.0000E+00 0.0000E+00 0.0000E+00 0.0000E+00 0.0000E+00 0.0000E+00 0.0000E+00 0.0000E+00 0.0000E+00 0.0000E+00 0.0000E+00 0.0000E+00 0.0000E+00 0.0000E+00 0.0000E+00 0.0000E+00 0.0000E+00 0.0000E+00 5.8232E-11 1.4952E-10 2.4120E-10 4.1632E-10 5.5929E-10 8.2408E-10 1.0281E-09 1.3281E-09 1.6843E-09 1.9761E-09 2.5242E-09 3.0193E-09 3.6855E-09 4.3403E-09 4.9977E-09 5.5998E-09 6.2599E-09 6.9922E-09 7.7515E-09 8.5469E-09 9.3671E-09 1.0214E-08 1.1058E-08 1.1650E-08 1.1921E-08 1.2367E-08 1.2136E-08 1.1671E-08 1.1493E-08 1.0826E-08 9.5948E-09 8.7657E-09 7.7431E-09 6.6461E-09 6.4250E-09 6.2392E-09 6.0820E-09
0.0000E+00 0.0000E+00 0.0000E+00 0.0000E+00 0.0000E+00 0.0000E+00 0.0000E+00 0.0000E+00 0.0000E+00 0.0000E+00 0.0000E+00 0.0000E+00 0.0000E+00 0.0000E+00 0.0000E+00 0.0000E+00 0.0000E+00 0.0000E+00 0.0000E+00 0.0000E+00 1.0222E-12 6.6693E-11 1.0977E-10 2.5547E-10 4.2061E-10 5.6551E-10 7.9631E-10 9.9379E-10 1.1758E-09 1.4604E-09 1.8515E-09 2.2712E-09 2.8243E-09 3.2260E-09 3.7721E-09 4.3640E-09 4.9146E-09 5.6559E-09 6.3106E-09 7.0098E-09 7.7366E-09 8.4939E-09 9.2552E-09 9.7976E-09 9.9799E-09 1.0164E-08 1.0293E-08 9.8723E-09 9.2719E-09 9.2538E-09 8.1413E-09 6.8120E-09 6.0190E-09 5.6051E-09 5.3935E-09 5.3581E-09 5.3265E-09
0.0000E+00 0.0000E+00 0.0000E+00 0.0000E+00 0.0000E+00 0.0000E+00 0.0000E+00 0.0000E+00 0.0000E+00 0.0000E+00 0.0000E+00 0.0000E+00 0.0000E+00 0.0000E+00 0.0000E+00 0.0000E+00 0.0000E+00 0.0000E+00 0.0000E+00 0.0000E+00 0.0000E+00 2.7468E-12 7.5733E-11 1.1724E-10 2.5685E-10 3.4669E-10 5.5676E-10 6.8830E-10 9.1609E-10 1.0952E-09 1.2749E-09 1.6286E-09 2.0085E-09 2.4650E-09 2.9966E-09 3.5366E-09 3.9987E-09 4.5376E-09 5.1129E-09 5.7199E-09 6.3690E-09 7.0324E-09 7.5722E-09 8.0722E-09 8.3801E-09 8.3656E-09 8.4219E-09 8.3819E-09 7.7942E-09 7.2032E-09 6.8952E-09 5.6701E-09 4.7968E-09 4.6836E-09 4.6584E-09 4.6614E-09 4.5803E-09
0.0000E+00 0.0000E+00 0.0000E+00 0.0000E+00 0.0000E+00 0.0000E+00 0.0000E+00 0.0000E+00 0.0000E+00 0.0000E+00 0.0000E+00 0.0000E+00 0.0000E+00 0.0000E+00 0.0000E+00 0.0000E+00 0.0000E+00 0.0000E+00 0.0000E+00 0.0000E+00 0.0000E+00 7.8130E-13 4.6762E-12 7.6553E-11 1.2160E-10 2.5169E-10 3.4797E-10 5.1924E-10 6.5745E-10 7.7401E-10 8.9686E-10 1.1401E-09 1.4311E-09 1.8265E-09 2.0921E-09 2.6114E-09 3.0728E-09 3.5152E-09 4.1269E-09 4.6541E-09 5.2204E-09 5.8109E-09 6.2836E-09 6.5622E-09 7.0439E-09 7.0353E-09 6.8691E-09 6.7887E-09 6.5806E-09 5.8523E-09 5.3621E-09 4.7514E-09 4.0577E-09 3.9927E-09 3.9355E-09 3.9013E-09 3.9371E-09
0.0000E+00 0.0000E+00 0.0000E+00 0.0000E+00 0.0000E+00 0.0000E+00 0.0000E+00 0.0000E+00 0.0000E+00 0.0000E+00 0.0000E+00 0.0000E+00 0.0000E+00 0.0000E+00 0.0000E+00 0.0000E+00 0.0000E+00 0.0000E+00 0.0000E+00 0.0000E+00 0.0000E+00 0.0000E+00 1.9152E-12 7.2623E-12 7.5656E-11 1.2958E-10 2.4342E-10 3.3751E-10 4.1658E-10 5.8880E-10 7.1037E-10 8.2157E-10 9.6487E-10 1.2112E-09 1.5499E-09 1.9530E-09 2.4794E-09 2.8583E-09 3.3068E-09 3.7640E-09 4.2586E-09 4.7831E-09 5.1978E-09 5.4204E-09 5.6420E-09 5.9044E-09 5.7526E-09 5.3818E-09 5.3848E-09 4.9182E-09 4.0700E-09 3.4782E-09 3.3658E-09 3.3480E-09 3.3323E-09 3.3927E-09 3.4473E-09
0.0000E+00 0.0000E+00 0.0000E+00 0.0000E+00 0.0000E+00 0.0000E+00 0.0000E+00 0.0000E+00 0.0000E+00 0.0000E+00 0.0000E+00 0.0000E+00 0.0000E+00 0.0000E+00 0.0000E+00 0.0000E+00 0.0000E+00 0.0000E+00 0.0000E+00 0.0000E+00 0.0000E+00 0.0000E+00 0.0000E+00 4.5466E-12 1.0794E-11 1.8975E-11 1.2357E-10 1.6823E-10 3.0087E-10 3.9200E-10 4.6294E-10 6.1555E-10 7.1957E-10 8.9709E-10 1.0889E-09 1.3277E-09 1.7633E-09 2.1650E-09 2.5381E-09 3.0380E-09 3.4692E-09 3.8460E-09 4.2154E-09 4.4991E-09 4.5870E-09 4.7700E-09 4.8374E-09 4.5507E-09 4.0938E-09 4.1266E-09 3.3512E-09 2.7734E-09 2.7543E-09 2.8149E-09 2.8822E-09 2.9508E-09 3.0152E-09
0.0000E+00 0.0000E+00 0.0000E+00 0.0000E+00 0.0000E+00 0.0000E+00 0.0000E+00 0.0000E+00 0.0000E+00 0.0000E+00 0.0000E+00 0.0000E+00 0.0000E+00 0.0000E+00 0.0000E+00 0.0000E+00 0.0000E+00 0.0000E+00 0.0000E+00 0.0000E+00 0.0000E+00 0.0000E+00 0.0000E+00 1.8515E-12 5.4620E-12 1.2545E-11 2.0879E-11 1.0701E-10 1.6426E-10 2.0456E-10 3.3803E-10 4.1617E-10 4.8434E-10 5.5021E-10 7.0356E-10 9.2952E-10 1.2904E-09 1.7373E-09 2.0833E-09 2.4339E-09 2.8068E-09 3.1313E-09 3.3613E-09 3.6731E-09 3.8012E-09 3.7788E-09 3.8605E-09 3.8093E-09 3.3305E-09 3.1326E-09 2.7854E-09 2.3454E-09 2.3426E-09 2.4178E-09 2.4947E-09 2.5025E-09 2.5792E-09
0.0000E+00 0.0000E+00 0.0000E+00 0.0000E+00 0.0000E+00 0.0000E+00 0.0000E+00 0.0000E+00 0.0000E+00 0.0000E+00 0.0000E+00 0.0000E+00 0.0000E+00 0.0000E+00 0.0000E+00 0.0000E+00 0.0000E+00 0.0000E+00 0.0000E+00 0.0000E+00 0.0000E+00 0.0000E+00 0.0000E+00 0.0000E+00 2.6520E-12 6.8660E-12 1.3481E-11 2.1930E-11 3.4728E-11 1.3534E-10 1.8994E-10 2.2908E-10 3.4683E-10 4.1755E-10 4.8418E-10 6.2307E-10 8.1258E-10 1.2422E-09 1.6439E-09 1.9440E-09 2.2701E-09 2.5520E-09 2.7393E-09 2.8953E-09 3.1567E-09 3.1353E-09 3.0141E-09 3.0257E-09 2.8360E-09 2.3210E-09 2.0309E-09 1.9934E-09 1.9373E-09 2.0134E-09 2.1020E-09 2.1809E-09 2.2584E-09
0.0000E+00 0.0000E+00 0.0000E+00 0.0000E+00 0.0000E+00 0.0000E+00 0.0000E+00 0.0000E+00 0.0000E+00 0.0000E+00 0.0000E+00 0.0000E+00 0.0000E+00 0.0000E+00 0.0000E+00 0.0000E+00 0.0000E+00 0.0000E+00 0.0000E+00 0.0000E+00 0.0000E+00 0.0000E+00 0.0000E+00 0.0000E+00 3.4396E-13 3.6291E-12 7.4688E-12 1.5137E-11 2.4149E-11 3.5856E-11 4.8222E-11 1.5533E-10 2.0550E-10 2.4645E-10 2.8637E-10 3.3699E-10 5.6914E-10 8.9450E-10 1.2709E-09 1.6016E-09 1.8496E-09 2.0944E-09 2.3027E-09 2.4098E-09 2.5672E-09 2.6675E-09 2.5465E-09 2.3410E-09 2.4242E-09 1.8884E-09 1.5897E-09 1.6016E-09 1.6646E-09 1.7391E-09 1.8216E-09 1.9043E-09 1.9217E-09
0.0000E+00 0.0000E+00 0.0000E+00 0.0000E+00 0.0000E+00 0.0000E+00 0.0000E+00 0.0000E+00 0.0000E+00 0.0000E+00 0.0000E+00 0.0000E+00 0.0000E+00 0.0000E+00 0.0000E+00 0.0000E+00 0.0000E+00 0.0000E+00 0.0000E+00 0.0000E+00 0.0000E+00 0.0000E+00 0.0000E+00 0.0000E+00 0.0000E+00 7.8205E-13 4.4964E-12 8.4568E-12 1.5926E-11 2.4278E-11 3.6085E-11 4.9105E-11 6.7015E-11 1.6028E-10 2.0891E-10 2.5100E-10 2.9132E-10 5.1784E-10 8.8132E-10 1.2372E-09 1.4718E-09 1.6326E-09 1.8288E-09 1.9670E-09 1.9994E-09 2.0889E-09 2.1065E-09 1.8931E-09 1.7116E-09 1.6035E-09 1.3402E-09 1.3647E-09 1.4347E-09 1.4444E-09 1.5216E-09 1.6082E-09 1.6899E-09
0.0000E+00 0.0000E+00 0.0000E+00 0.0000E+00 0.0000E+00 0.0000E+00 0.0000E+00 0.0000E+00 0.0000E+00 0.0000E+00 0.0000E+00 0.0000E+00 0.0000E+00 0.0000E+00 0.0000E+00 0.0000E+00 0.0000E+00 0.0000E+00 0.0000E+00 0.0000E+00 0.0000E+00 0.0000E+00 0.0000E+00 0.0000E+00 0.0000E+00 0.0000E+00 1.8354E-12 4.7277E-12 9.0466E-12 1.6261E-11 2.4578E-11 3.7639E-11 4.8750E-11 6.6551E-11 8.7797E-11 1.0762E-10 1.4425E-10 3.1283E-10 6.1105E-10 9.2928E-10 1.2098E-09 1.3573E-09 1.4728E-09 1.6618E-09 1.6902E-09 1.6499E-09 1.6818E-09 1.6083E-09 1.3045E-09 1.1357E-09 1.0774E-09 1.1103E-09 1.1826E-09 1.2557E-09 1.3281E-09 1.4058E-09 1.4876E-09
0.0000E+00 0.0000E+00 0.0000E+00 0.0000E+00 0.0000E+00 0.0000E+00 0.0000E+00 0.0000E+00 0.0000E+00 0.0000E+00 0.0000E+00 0.0000E+00 0.0000E+00 0.0000E+00 0.0000E+00 0.0000E+00 0.0000E+00 0.0000E+00 0.0000E+00 0.0000E+00 0.0000E+00 0.0000E+00 0.0000E+00 0.0000E+00 0.0000E+00 0.0000E+00 0.0000E+00 3.4742E-12 5.0623E-12 9.5564E-12 1.7420E-11 2.7755E-11 3.6648E-11 5.1860E-11 6.6359E-11 8.8281E-11 1.0933E-10 1.3493E-10 3.2580E-10 6.2466E-10 9.0060E-10 1.0723E-09 1.1631E-09 1.2924E-09 1.3749E-09 1.3365E-09 1.2349E-09 1.3372E-09 1.0475E-09 8.6977E-10 8.9266E-10 9.5462E-10 1.0243E-09 1.0949E-09 1.1644E-09 1.2347E-09 1.3139E-09
0.0000E+00 0.0000E+00 0.0000E+00 0.0000E+00 0.0000E+00 0.0000E+00 0.0000E+00 0.0000E+00 0.0000E+00 0.0000E+00 0.0000E+00 0.0000E+00 0.0000E+00 0.0000E+00 0.0000E+00 0.0000E+00 0.0000E+00 0.0000E+00 0.0000E+00 0.0000E+00 0.0000E+00 0.0000E+00 0.0000E+00 0.0000E+00 0.0000E+00 0.0000E+00 0.0000E+00 7.6410E-13 3.5156E-12 6.1114E-12 9.9561E-12 1.8040E-11 2.6779E-11 3.6622E-11 5.3083E-11 6.7744E-11 8.8227E-11 1.1264E-10 1.8276E-10 4.3088E-10 6.8887E-10 8.6857E-10 9.8065E-10 1.0253E-09 1.1032E-09 1.1394E-09 1.0335E-09 8.9495E-10 8.9350E-10 7.3890E-10 7.6612E-10 8.2729E-10 8.9309E-10 9.6134E-10 1.0290E-09 1.0957E-09 1.1646E-09
0.0000E+00 0.0000E+00 0.0000E+00 0.0000E+00 0.0000E+00 0.0000E+00 0.0000E+00 0.0000E+00 0.0000E+00 0.0000E+00 0.0000E+00 0.0000E+00 0.0000E+00 0.0000E+00 0.0000E+00 0.0000E+00 0.0000E+00 0.0000E+00 0.0000E+00 0.0000E+00 0.0000E+00 0.0000E+00 0.0000E+00 0.0000E+00 0.0000E+00 0.0000E+00 0.0000E+00 0.0000E+00 7.8780E-13 3.3271E-12 6.2450E-12 1.0901E-11 1.9252E-11 2.6941E-11 3.8143E-11 5.2958E-11 7.0381E-11 8.8595E-11 1.1316E-10 2.7172E-10 5.0606E-10 7.0238E-10 8.3756E-10 8.7709E-10 8.7835E-10 9.1449E-10 8.9389E-10 7.2588E-10 6.3414E-10 6.4651E-10 6.7479E-10 7.3013E-10 7.8896E-10 8.5048E-10 9.1335E-10 9.7618E-10 1.0375E-09
0.0000E+00 0.0000E+00 0.0000E+00 0.0000E+00 0.0000E+00 0.0000E+00 0.0000E+00 0.0000E+00 0.0000E+00 0.0000E+00 0.0000E+00 0.0000E+00 0.0000E+00 0.0000E+00 0.0000E+00 0.0000E+00 0.0000E+00 0.0000E+00 0.0000E+00 0.0000E+00 0.0000E+00 0.0000E+00 0.0000E+00 0.0000E+00 0.0000E+00 0.0000E+00 0.0000E+00 0.0000E+00 0.0000E+00 1.5359E-12 3.2776E-12 6.9236E-12 1.2578E-11 1.9968E-11 2.8333E-11 4.0301E-11 5.1528E-11 7.2337E-11 9.2348E-11 1.4060E-10 3.4633E-10 5.4975E-10 6.6367E-10 7.5635E-10 7.5421E-10 7.1339E-10 7.2344E-10 6.2856E-10 5.3052E-10 5.5291E-10 5.9818E-10 6.4845E-10 7.0187E-10 7.5862E-10 8.1558E-10 8.7290E-10 9.2979E-10
0.0000E+00 0.0000E+00 0.0000E+00 0.0000E+00 0.0000E+00 0.0000E+00 0.0000E+00 0.0000E+00 0.0000E+00 0.0000E+00 0.0000E+00 0.0000E+00 0.0000E+00 0.0000E+00 0.0000E+00 0.0000E+00 0.0000E+00 0.0000E+00 0.0000E+00 0.0000E+00 0.0000E+00 0.0000E+00 0.0000E+00 0.0000E+00 0.0000E+00 0.0000E+00 0.0000E+00 0.0000E+00 0.0000E+00 0.0000E+00 1.5627E-12 3.0787E-12 8.3243E-12 1.2158E-11 2.0425E-11 3.0336E-11 4.1696E-11 5.3658E-11 7.1635E-11 9.3466E-11 2.0596E-10 4.0689E-10 5.3698E-10 6.0823E-10 6.5107E-10 6.0899E-10 5.3431E-10 5.5343E-10 4.6778E-10 4.9060E-10 5.3207E-10 5.7729E-10 6.2596E-10 6.7686E-10 7.2979E-10 7.8278E-10 8.3604E-10
0.0000E+00 0.0000E+00 0.0000E+00 0.0000E+00 0.0000E+00 0.0000E+00 0.0000E+00 0.0000E+00 0.0000E+00 0.0000E+00 0.0000E+00 0.0000E+00 0.0000E+00 0.0000E+00 0.0000E+00 0.0000E+00 0.0000E+00 0.0000E+00 0.0000E+00 0.0000E+00 0.0000E+00 0.0000E+00 0.0000E+00 0.0000E+00 0.0000E+00 0.0000E+00 0.0000E+00 0.0000E+00 0.0000E+00 0.0000E+00 0.0000E+00 1.5775E-12 4.3756E-12 8.8123E-12 1.3272E-11 2.1586E-11 3.2147E-11 4.3262E-11 5.8701E-11 7.5319E-11 1.0521E-10 2.6298E-10 4.2521E-10 4.7696E-10 5.1701E-10 5.2604E-10 4.4200E-10 4.0132E-10 4.1450E-10 4.3739E-10 4.7664E-10 5.1717E-10 5.5973E-10 6.0504E-10 6.5372E-10 7.0244E-10 7.5132E-10
