Assets/Resources/2015_m01_d17_2000(utc+0800)_l00_csi_1hr_conc.grd
DSAA
         159         159
     -79.000      79.000
     -79.000      79.000
  0.0000E+00  0.1197E-04
[rows 50 to 74 of 159, columns 57 to 113 of 159]
1.2283E-08 1.2310E-08 1.2343E-08 1.2377E-08 1.2415E-08 1.2446E-08 1.2474E-08 1.2494E-08 1.2504E-08 1.2503E-08 1.2479E-08 1.2436E-08 1.2360E-08 1.2262E-08 1.2130E-08 1.1977E-08 1.1790E-08 1.1581E-08 1.1341E-08 1.1066E-08 1.0757E-08 1.0427E-08 1.0064E-08 9.6816E-09 9.2676E-09 8.8326E-09 8.3800E-09 7.9124E-09 7.4339E-09 6.9571E-09 6.4717E-09 5.9884E-09 5.5107E-09 5.1678E-09 5.7155E-09 6.5137E-09 7.7574E-09 7.3469E-09 7.2534E-09 7.0733E-09 5.8053E-09 4.7556E-09 3.3421E-09 2.4822E-09 1.7000E-09 1.2154E-09 1.1032E-09 1.0087E-09 9.1598E-10 8.3362E-10 7.6396E-10 7.0232E-10 6.5876E-10 6.1130E-10 5.6981E-10 5.3409E-10 5.1105E-10
1.2605E-08 1.2658E-08 1.2716E-08 1.2780E-08 1.2844E-08 1.2906E-08 1.2962E-08 1.3010E-08 1.3052E-08 1.3076E-08 1.3080E-08 1.3057E-08 1.3007E-08 1.2925E-08 1.2821E-08 1.2682E-08 1.2526E-08 1.2332E-08 1.2102E-08 1.1848E-08 1.1547E-08 1.1220E-08 1.0852E-08 1.0454E-08 1.0029E-08 9.5926E-09 9.1214E-09 8.6301E-09 8.1222E-09 7.6034E-09 7.0781E-09 6.5534E-09 6.0411E-09 5.7056E-09 6.5064E-09 8.3249E-09 1.0159E-08 1.0448E-08 9.0857E-09 8.1502E-09 7.4443E-09 5.4398E-09 3.7746E-09 2.7563E-09 1.8969E-09 1.3180E-09 1.1243E-09 1.0205E-09 9.2248E-10 8.4045E-10 7.6324E-10 7.0042E-10 6.5773E-10 6.0683E-10 5.6474E-10 5.2820E-10 5.0538E-10
1.2917E-08 1.2996E-08 1.3082E-08 1.3176E-08 1.3271E-08 1.3363E-08 1.3450E-08 1.3532E-08 1.3601E-08 1.3656E-08 1.3687E-08 1.3688E-08 1.3659E-08 1.3607E-08 1.3525E-08 1.3421E-08 1.3285E-08 1.3124E-08 1.2917E-08 1.2681E-08 1.2391E-08 1.2061E-08 1.1708E-08 1.1309E-08 1.0879E-08 1.0420E-08 9.9311E-09 9.4169E-09 8.8806E-09 8.3313E-09 7.7692E-09 7.2183E-09 6.8515E-09 8.0830E-09 9.5836E-09 1.1837E-08 1.2474E-08 1.3243E-08 1.2533E-08 1.0125E-08 8.4430E-09 6.1988E-09 4.2653E-09 3.0063E-09 2.1568E-09 1.4224E-09 1.1517E-09 1.0352E-09 9.3477E-10 8.4518E-10 7.6598E-10 6.9096E-10 6.4338E-10 5.9592E-10 5.5194E-10 5.2218E-10 4.8251E-10
1.3215E-08 1.3321E-08 1.3439E-08 1.3563E-08 1.3687E-08 1.3812E-08 1.3932E-08 1.4045E-08 1.4150E-08 1.4235E-08 1.4293E-08 1.4319E-08 1.4321E-08 1.4296E-08 1.4247E-08 1.4175E-08 1.4079E-08 1.3940E-08 1.3774E-08 1.3549E-08 1.3287E-08 1.2973E-08 1.2616E-08 1.2223E-08 1.1808E-08 1.1344E-08 1.0846E-08 1.0339E-08 9.7823E-09 9.2014E-09 8.6046E-09 8.0121E-09 7.7076E-09 9.4039E-09 1.2854E-08 1.5802E-08 1.6636E-08 1.5972E-08 1.5611E-08 1.3215E-08 9.6261E-09 6.9875E-09 4.8284E-09 3.3371E-09 2.4801E-09 1.5563E-09 1.1603E-09 1.0578E-09 9.3281E-10 8.4249E-10 7.6781E-10 6.9130E-10 6.3240E-10 5.9318E-10 5.4636E-10 5.0898E-10 4.7674E-10
1.3495E-08 1.3631E-08 1.3778E-08 1.3932E-08 1.4091E-08 1.4246E-08 1.4402E-08 1.4553E-08 1.4689E-08 1.4805E-08 1.4890E-08 1.4950E-08 1.4979E-08 1.4988E-08 1.4979E-08 1.4948E-08 1.4884E-08 1.4796E-08 1.4653E-08 1.4472E-08 1.4227E-08 1.3928E-08 1.3604E-08 1.3228E-08 1.2809E-08 1.2373E-08 1.1874E-08 1.1335E-08 1.0759E-08 1.0152E-08 9.5256E-09 9.2257E-09 1.1541E-08 1.4121E-08 1.8132E-08 1.9851E-08 2.1302E-08 2.0670E-08 1.7748E-08 1.5120E-08 1.0927E-08 7.9114E-09 5.5589E-09 3.7479E-09 2.7882E-09 1.8746E-09 1.2004E-09 1.0836E-09 9.4991E-10 8.4201E-10 7.5150E-10 6.9070E-10 6.3219E-10 5.7881E-10 5.4194E-10 5.0311E-10 4.7084E-10
1.3753E-08 1.3920E-08 1.4098E-08 1.4283E-08 1.4471E-08 1.4664E-08 1.4856E-08 1.5040E-08 1.5212E-08 1.5355E-08 1.5477E-08 1.5565E-08 1.5630E-08 1.5679E-08 1.5712E-08 1.5722E-08 1.5714E-08 1.5666E-08 1.5574E-08 1.5421E-08 1.5221E-08 1.4956E-08 1.4648E-08 1.4310E-08 1.3924E-08 1.3481E-08 1.2987E-08 1.2475E-08 1.1891E-08 1.1270E-08 1.0658E-08 1.0830E-08 1.7986E-08 2.3497E-08 2.4125E-08 2.6289E-08 2.6074E-08 2.5825E-08 2.2667E-08 1.7230E-08 1.2431E-08 8.8686E-09 6.4448E-09 4.2803E-09 3.0833E-09 2.2725E-09 1.2770E-09 1.0934E-09 9.7170E-10 8.5610E-10 7.5814E-10 6.9433E-10 6.3100E-10 5.7682E-10 5.2747E-10 4.9707E-10 4.6483E-10
1.3985E-08 1.4181E-08 1.4390E-08 1.4605E-08 1.4827E-08 1.5055E-08 1.5284E-08 1.5506E-08 1.5707E-08 1.5885E-08 1.6037E-08 1.6163E-08 1.6265E-08 1.6357E-08 1.6434E-08 1.6502E-08 1.6547E-08 1.6555E-08 1.6512E-08 1.6416E-08 1.6244E-08 1.6022E-08 1.5782E-08 1.5471E-08 1.5107E-08 1.4721E-08 1.4252E-08 1.3725E-08 1.3143E-08 1.2524E-08 1.2412E-08 1.6336E-08 2.0716E-08 3.1654E-08 3.5062E-08 3.3430E-08 3.3263E-08 2.9367E-08 2.5573E-08 1.9451E-08 1.4341E-08 9.9939E-09 7.3056E-09 5.1438E-09 3.4267E-09 2.6713E-09 1.6893E-09 1.1250E-09 9.9794E-10 8.7463E-10 7.6754E-10 6.9932E-10 6.2958E-10 5.7554E-10 5.2367E-10 4.7395E-10 4.5156E-10
1.4188E-08 1.4413E-08 1.4651E-08 1.4895E-08 1.5154E-08 1.5418E-08 1.5682E-08 1.5935E-08 1.6167E-08 1.6381E-08 1.6570E-08 1.6731E-08 1.6877E-08 1.7013E-08 1.7150E-08 1.7272E-08 1.7378E-08 1.7447E-08 1.7468E-08 1.7415E-08 1.7301E-08 1.7165E-08 1.6957E-08 1.6728E-08 1.6420E-08 1.6050E-08 1.5616E-08 1.5151E-08 1.4596E-08 1.4593E-08 2.0021E-08 2.5507E-08 3.4034E-08 3.5999E-08 4.4994E-08 4.5901E-08 4.1434E-08 3.6961E-08 2.8788E-08 2.1877E-08 1.6316E-08 1.1529E-08 8.2320E-09 6.0554E-09 3.9618E-09 2.9684E-09 2.1659E-09 1.2246E-09 1.0114E-09 8.9008E-10 7.7508E-10 6.9058E-10 6.2328E-10 5.6612E-10 5.1431E-10 4.6856E-10 4.4551E-10
1.4355E-08 1.4608E-08 1.4873E-08 1.5150E-08 1.5441E-08 1.5740E-08 1.6038E-08 1.6322E-08 1.6590E-08 1.6836E-08 1.7059E-08 1.7262E-08 1.7454E-08 1.7645E-08 1.7834E-08 1.8026E-08 1.8198E-08 1.8334E-08 1.8414E-08 1.8426E-08 1.8412E-08 1.8330E-08 1.8222E-08 1.8040E-08 1.7821E-08 1.7533E-08 1.7163E-08 1.6720E-08 1.6241E-08 1.6569E-08 2.3420E-08 3.5414E-08 4.5612E-08 5.1681E-08 5.0753E-08 5.2208E-08 5.1879E-08 4.1516E-08 3.2305E-08 2.4642E-08 1.8419E-08 1.3331E-08 9.3217E-09 6.9252E-09 4.8114E-09 3.2909E-09 2.5378E-09 1.5739E-09 1.0607E-09 8.9633E-10 7.8658E-10 6.9556E-10 6.1250E-10 5.6513E-10 5.1267E-10 4.6335E-10 4.2940E-10
1.4483E-08 1.4763E-08 1.5054E-08 1.5363E-08 1.5687E-08 1.6019E-08 1.6346E-08 1.6660E-08 1.6961E-08 1.7242E-08 1.7505E-08 1.7748E-08 1.7991E-08 1.8235E-08 1.8494E-08 1.8749E-08 1.8987E-08 1.9193E-08 1.9341E-08 1.9465E-08 1.9525E-08 1.9553E-08 1.9515E-08 1.9460E-08 1.9320E-08 1.9112E-08 1.8837E-08 1.8525E-08 1.9002E-08 2.7085E-08 3.5110E-08 4.8251E-08 5.8026E-08 6.5731E-08 6.8771E-08 6.3755E-08 5.7874E-08 4.6333E-08 3.6149E-08 2.7576E-08 2.0787E-08 1.5343E-08 1.0800E-08 7.8625E-09 5.7179E-09 3.7978E-09 2.8230E-09 1.9466E-09 1.1421E-09 9.2440E-10 7.9961E-10 7.0674E-10 6.1562E-10 5.5391E-10 5.0022E-10 4.5883E-10 4.2341E-10
1.4569E-08 1.4873E-08 1.5190E-08 1.5529E-08 1.5883E-08 1.6245E-08 1.6598E-08 1.6943E-08 1.7275E-08 1.7590E-08 1.7888E-08 1.8181E-08 1.8479E-08 1.8783E-08 1.9103E-08 1.9428E-08 1.9737E-08 2.0015E-08 2.0269E-08 2.0478E-08 2.0659E-08 2.0791E-08 2.0887E-08 2.0923E-08 2.0902E-08 2.0859E-08 2.0714E-08 2.0546E-08 2.1726E-08 3.1968E-08 5.7480E-08 6.3035E-08 7.3171E-08 8.0588E-08 8.4427E-08 7.8315E-08 6.4370E-08 5.1478E-08 4.0318E-08 3.0893E-08 2.3277E-08 1.7401E-08 1.2531E-08 8.9016E-09 6.6054E-09 4.4885E-09 3.1303E-09 2.2812E-09 1.3534E-09 9.7882E-10 8.1273E-10 7.0648E-10 6.1551E-10 5.5237E-10 4.9218E-10 4.4869E-10 4.1729E-10
1.4609E-08 1.4934E-08 1.5278E-08 1.5644E-08 1.6026E-08 1.6411E-08 1.6790E-08 1.7164E-08 1.7525E-08 1.7874E-08 1.8212E-08 1.8554E-08 1.8903E-08 1.9271E-08 1.9659E-08 2.0046E-08 2.0427E-08 2.0792E-08 2.1145E-08 2.1482E-08 2.1781E-08 2.2045E-08 2.2261E-08 2.2439E-08 2.2617E-08 2.2705E-08 2.2793E-08 2.4025E-08 3.5304E-08 4.6548E-08 6.4958E-08 8.1839E-08 9.1631E-08 9.8223E-08 9.3485E-08 8.6374E-08 7.1067E-08 5.7033E-08 4.4652E-08 3.4498E-08 2.6129E-08 1.9546E-08 1.4407E-08 1.0160E-08 7.4341E-09 5.2413E-09 3.4874E-09 2.5447E-09 1.5970E-09 1.0267E-09 8.4965E-10 7.1492E-10 6.2152E-10 5.4590E-10 4.9041E-10 4.3497E-10 4.1106E-10
1.4600E-08 1.4943E-08 1.5311E-08 1.5702E-08 1.6109E-08 1.6513E-08 1.6916E-08 1.7314E-08 1.7703E-08 1.8084E-08 1.8466E-08 1.8857E-08 1.9264E-08 1.9693E-08 2.0136E-08 2.0594E-08 2.1045E-08 2.1512E-08 2.1986E-08 2.2435E-08 2.2875E-08 2.3272E-08 2.3643E-08 2.4042E-08 2.4377E-08 2.4736E-08 2.5178E-08 3.9830E-08 5.2992E-08 7.4133E-08 8.3198E-08 9.9543E-08 1.1233E-07 1.1878E-07 1.1226E-07 9.4862E-08 7.8092E-08 6.2821E-08 4.9476E-08 3.8186E-08 2.9137E-08 2.1903E-08 1.6258E-08 1.1598E-08 8.3336E-09 5.9517E-09 3.9766E-09 2.7996E-09 1.8302E-09 1.1062E-09 8.5680E-10 7.2235E-10 6.1344E-10 5.3682E-10 4.8783E-10 4.3136E-10 3.9559E-10
1.4539E-08 1.4900E-08 1.5291E-08 1.5702E-08 1.6125E-08 1.6548E-08 1.6970E-08 1.7390E-08 1.7806E-08 1.8220E-08 1.8642E-08 1.9082E-08 1.9545E-08 2.0028E-08 2.0532E-08 2.1052E-08 2.1585E-08 2.2154E-08 2.2735E-08 2.3333E-08 2.3903E-08 2.4460E-08 2.5055E-08 2.5636E-08 2.6261E-08 2.6877E-08 2.9197E-08 4.4012E-08 7.2539E-08 9.5723E-08 1.1537E-07 1.2134E-07 1.3318E-07 1.3018E-07 1.2218E-07 1.0335E-07 8.5395E-08 6.8829E-08 5.4481E-08 4.2268E-08 3.2193E-08 2.4366E-08 1.8136E-08 1.3099E-08 9.2611E-09 6.6297E-09 4.4719E-09 3.0717E-09 2.0010E-09 1.1469E-09 8.6694E-10 7.3168E-10 6.1872E-10 5.3148E-10 4.7955E-10 4.2881E-10 3.7789E-10
1.4425E-08 1.4803E-08 1.5210E-08 1.5638E-08 1.6074E-08 1.6510E-08 1.6950E-08 1.7389E-08 1.7830E-08 1.8277E-08 1.8736E-08 1.9226E-08 1.9737E-08 2.0268E-08 2.0829E-08 2.1403E-08 2.2029E-08 2.2699E-08 2.3412E-08 2.4125E-08 2.4849E-08 2.5602E-08 2.6402E-08 2.7271E-08 2.8173E-08 3.0774E-08 4.7592E-08 6.4064E-08 9.0763E-08 1.0532E-07 1.4102E-07 1.5817E-07 1.5776E-07 1.5200E-07 1.3217E-07 1.1208E-07 9.2832E-08 7.5261E-08 5.9554E-08 4.6342E-08 3.5478E-08 2.6820E-08 2.0023E-08 1.4527E-08 1.0248E-08 7.2889E-09 4.9008E-09 3.1997E-09 2.0991E-09 1.2362E-09 8.8863E-10 7.3724E-10 6.2245E-10 5.3048E-10 4.6827E-10 4.2487E-10 3.7292E-10
1.4259E-08 1.4650E-08 1.5069E-08 1.5510E-08 1.5954E-08 1.6400E-08 1.6852E-08 1.7307E-08 1.7771E-08 1.8244E-08 1.8742E-08 1.9276E-08 1.9829E-08 2.0409E-08 2.1014E-08 2.1650E-08 2.2358E-08 2.3126E-08 2.3948E-08 2.4799E-08 2.5684E-08 2.6656E-08 2.7718E-08 2.8855E-08 3.0195E-08 3.3732E-08 5.3495E-08 8.6458E-08 1.1455E-07 1.4074E-07 1.5233E-07 1.8571E-07 1.8277E-07 1.6296E-07 1.4190E-07 1.2084E-07 1.0041E-07 8.1610E-08 6.4920E-08 5.0572E-08 3.8818E-08 2.9310E-08 2.1878E-08 1.5905E-08 1.1148E-08 7.7352E-09 5.1799E-09 3.3250E-09 2.1804E-09 1.3323E-09 8.9451E-10 7.4868E-10 6.1340E-10 5.2812E-10 4.6601E-10 3.9760E-10 3.6764E-10
1.4040E-08 1.4441E-08 1.4868E-08 1.5316E-08 1.5763E-08 1.6215E-08 1.6675E-08 1.7148E-08 1.7631E-08 1.8127E-08 1.8662E-08 1.9226E-08 1.9815E-08 2.0432E-08 2.1070E-08 2.1773E-08 2.2557E-08 2.3427E-08 2.4344E-08 2.5327E-08 2.6398E-08 2.7583E-08 2.8896E-08 3.0412E-08 3.3948E-08 5.3492E-08 7.3049E-08 1.0663E-07 1.4055E-07 1.6824E-07 1.9294E-07 1.9704E-07 1.9378E-07 1.7334E-07 1.5168E-07 1.2961E-07 1.0822E-07 8.8074E-08 7.0181E-08 5.4856E-08 4.2132E-08 3.1860E-08 2.3616E-08 1.6955E-08 1.1756E-08 8.0334E-09 5.3148E-09 3.4070E-09 2.2752E-09 1.4193E-09 9.0269E-10 7.5710E-10 6.1864E-10 5.2166E-10 4.6263E-10 3.9275E-10 3.5236E-10
1.3770E-08 1.4175E-08 1.4607E-08 1.5055E-08 1.5503E-08 1.5957E-08 1.6423E-08 1.6910E-08 1.7404E-08 1.7920E-08 1.8482E-08 1.9072E-08 1.9694E-08 2.0335E-08 2.1006E-08 2.1766E-08 2.2614E-08 2.3557E-08 2.4576E-08 2.5686E-08 2.6941E-08 2.8348E-08 2.9971E-08 3.1906E-08 3.6924E-08 6.0352E-08 1.0881E-07 1.2871E-07 1.6334E-07 1.9764E-07 2.2109E-07 2.2230E-07 2.0409E-07 1.8338E-07 1.6136E-07 1.3858E-07 1.1602E-07 9.4797E-08 7.5594E-08 5.9113E-08 4.5432E-08 3.4143E-08 2.5050E-08 1.7778E-08 1.2128E-08 8.0399E-09 5.4041E-09 3.5632E-09 2.3548E-09 1.4903E-09 9.1484E-10 7.4459E-10 6.2122E-10 5.1339E-10 4.4839E-10 3.8901E-10 3.4748E-10
1.3450E-08 1.3856E-08 1.4287E-08 1.4731E-08 1.5175E-08 1.5627E-08 1.6099E-08 1.6592E-08 1.7095E-08 1.7626E-08 1.8204E-08 1.8816E-08 1.9451E-08 2.0105E-08 2.0807E-08 2.1607E-08 2.2516E-08 2.3519E-08 2.4624E-08 2.5859E-08 2.7280E-08 2.8909E-08 3.0826E-08 3.5083E-08 5.6197E-08 7.8146E-08 1.1585E-07 1.6782E-07 1.8757E-07 2.1975E-07 2.2984E-07 2.3109E-07 2.1339E-07 1.9328E-07 1.7128E-07 1.4806E-07 1.2438E-07 1.0179E-07 8.1360E-08 6.3578E-08 4.8728E-08 3.6373E-08 2.6234E-08 1.8016E-08 1.1988E-08 8.0769E-09 5.5440E-09 3.6529E-09 2.4005E-09 1.5237E-09 9.4929E-10 7.3765E-10 6.1300E-10 5.1290E-10 4.2883E-10 3.8396E-10 3.4225E-10
1.3081E-08 1.3485E-08 1.3910E-08 1.4347E-08 1.4783E-08 1.5231E-08 1.5703E-08 1.6197E-08 1.6706E-08 1.7243E-08 1.7829E-08 1.8455E-08 1.9093E-08 1.9755E-08 2.0472E-08 2.1302E-08 2.2257E-08 2.3302E-08 2.4475E-08 2.5819E-08 2.7392E-08 2.9247E-08 3.1892E-08 5.4282E-08 7.5667E-08 1.1181E-07 1.3491E-07 1.7456E-07 2.2948E-07 2.4460E-07 2.5160E-07 2.3849E-07 2.2235E-07 2.0368E-07 1.8226E-07 1.5849E-07 1.3386E-07 1.0980E-07 8.8226E-08 6.9229E-08 5.2429E-08 3.8014E-08 2.6405E-08 1.7780E-08 1.1980E-08 8.1726E-09 5.5928E-09 3.6915E-09 2.4093E-09 1.5172E-09 9.5861E-10 7.3348E-10 5.9842E-10 4.9983E-10 4.2136E-10 3.6783E-10 3.2720E-10
1.2669E-08 1.3064E-08 1.3480E-08 1.3906E-08 1.4332E-08 1.4773E-08 1.5240E-08 1.5731E-08 1.6240E-08 1.6774E-08 1.7361E-08 1.7984E-08 1.8615E-08 1.9277E-08 2.0002E-08 2.0847E-08 2.1827E-08 2.2900E-08 2.4117E-08 2.5546E-08 2.7249E-08 2.9304E-08 3.3850E-08 5.5062E-08 9.5789E-08 1.3134E-07 1.6979E-07 1.9370E-07 2.3159E-07 2.4909E-07 2.5524E-07 2.4476E-07 2.3195E-07 2.1599E-07 1.9580E-07 1.7181E-07 1.4653E-07 1.2196E-07 9.8246E-08 7.5460E-08 5.5200E-08 3.8557E-08 2.5951E-08 1.7513E-08 1.2060E-08 8.1249E-09 5.5262E-09 3.6365E-09 2.3652E-09 1.4987E-09 9.5469E-10 7.2440E-10 5.9030E-10 4.8081E-10 4.1272E-10 3.6033E-10 3.1504E-10
1.2216E-08 1.2599E-08 1.3001E-08 1.3414E-08 1.3827E-08 1.4258E-08 1.4715E-08 1.5200E-08 1.5700E-08 1.6224E-08 1.6804E-08 1.7411E-08 1.8029E-08 1.8678E-08 1.9398E-08 2.0244E-08 2.1228E-08 2.2311E-08 2.3548E-08 2.5027E-08 2.6840E-08 3.0745E-08 5.0704E-08 7.1425E-08 1.0674E-07 1.5062E-07 1.8827E-07 2.2853E-07 2.4849E-07 2.6149E-07 2.5673E-07 2.5100E-07 2.4377E-07 2.3219E-07 2.1489E-07 1.9381E-07 1.6846E-07 1.5123E-07 1.0992E-07 8.1541E-08 5.7008E-08 3.7628E-08 2.5135E-08 1.7436E-08 1.1882E-08 7.9733E-09 5.4106E-09 3.5304E-09 2.2670E-09 1.4239E-09 9.5034E-10 6.9263E-10 5.6870E-10 4.7198E-10 3.9286E-10 3.4294E-10 3.0840E-10
1.1727E-08 1.2095E-08 1.2480E-08 1.2877E-08 1.3275E-08 1.3692E-08 1.4136E-08 1.4607E-08 1.5092E-08 1.5601E-08 1.6160E-08 1.6744E-08 1.7340E-08 1.7968E-08 1.8671E-08 1.9501E-08 2.0470E-08 2.1541E-08 2.2772E-08 2.4266E-08 2.6197E-08 3.0620E-08 5.1721E-08 8.7999E-08 1.2116E-07 1.5853E-07 1.8808E-07 2.4105E-07 2.5708E-07 2.5635E-07 2.5653E-07 2.5893E-07 2.6126E-07 2.5950E-07 2.4870E-07 2.3318E-07 2.0481E-07 1.6603E-07 1.2550E-07 8.6739E-08 5.5149E-08 3.5630E-08 2.4690E-08 1.6964E-08 1.1479E-08 7.6939E-09 5.1645E-09 3.3327E-09 2.1362E-09 1.3437E-09 9.3319E-10 6.7704E-10 5.4125E-10 4.6021E-10 3.8187E-10 3.2839E-10 2.9561E-10
1.1205E-08 1.1556E-08 1.1922E-08 1.2301E-08 1.2683E-08 1.3082E-08 1.3508E-08 1.3961E-08 1.4425E-08 1.4911E-08 1.5439E-08 1.5993E-08 1.6557E-08 1.7157E-08 1.7831E-08 1.8629E-08 1.9567E-08 2.0603E-08 2.1804E-08 2.3292E-08 2.6775E-08 4.4254E-08 6.2838E-08 9.6351E-08 1.3473E-07 1.6948E-07 2.0818E-07 2.2932E-07 2.4514E-07 2.4751E-07 2.5457E-07 2.7002E-07 2.9005E-07 3.0334E-07 3.6558E-07 3.1245E-07 2.7313E-07 2.0965E-07 1.4217E-07 8.5065E-08 5.1136E-08 3.4388E-08 2.3604E-08 1.6055E-08 1.0821E-08 7.2610E-09 4.7781E-09 3.0750E-09 1.9821E-09 1.2558E-09 8.8541E-10 6.4420E-10 5.2411E-10 4.3572E-10 3.6050E-10 3.1944E-10 2.8805E-10
1.0659E-08 1.0990E-08 1.1336E-08 1.1693E-08 1.2057E-08 1.2434E-08 1.2838E-08 1.3268E-08 1.3706E-08 1.4162E-08 1.4653E-08 1.5169E-08 1.5696E-08 1.6261E-08 1.6893E-08 1.7645E-08 1.8535E-08 1.9517E-08 2.0668E-08 2.2194E-08 2.6544E-08 5.5341E-08 8.4026E-08 1.0372E-07 1.3872E-07 1.7839E-07 2.1089E-07 2.2687E-07 2.2881E-07 2.3473E-07 2.5250E-07 2.8534E-07 3.2809E-07 3.7012E-07 4.4336E-07 4.9299E-07 4.0895E-07 2.8425E-07 1.6251E-07 8.4898E-08 4.9786E-08 3.2324E-08 2.1882E-08 1.4798E-08 9.9019E-09 6.6328E-09 4.3113E-09 2.8268E-09 1.7958E-09 1.1428E-09 8.4253E-10 6.0036E-10 5.0402E-10 4.1801E-10 3.4244E-10 3.0388E-10 2.8109E-10
