Assets/Resources/2015_m01_d08_2300(utc+0800)_l00_csi_1hr_conc.grd
DSAA
         159         159
     -79.000      79.000
     -79.000      79.000
  0.2835E-09  0.3523E-04
[rows 25 to 49 of 159, columns 0 to 56 of 159]
9.1713E-10 9.3794E-10 9.5903E-10 9.8041E-10 1.0021E-09 1.0245E-09 1.0468E-09 1.0698E-09 1.0932E-09 1.1163E-09 1.1397E-09 1.1633E-09 1.1874E-09 1.2147E-09 1.2436E-09 1.2710E-09 1.3012E-09 1.3302E-09 1.3586E-09 1.3873E-09 1.4191E-09 1.4512E-09 1.4825E-09 1.5158E-09 1.5485E-09 1.5840E-09 1.6182E-09 1.6609E-09 1.7057E-09 1.7518E-09 1.7935E-09 1.8317E-09 1.8742E-09 1.9128E-09 1.9521E-09 1.9928E-09 2.0343E-09 2.0765E-09 2.1194E-09 2.1626E-09 2.2069E-09 2.2518E-09 2.2975E-09 2.3436E-09 2.3905E-09 2.4380E-09 2.4860E-09 2.5348E-09 2.5839E-09 2.6335E-09 2.6839E-09 2.7351E-09 2.7863E-09 2.8375E-09 2.8898E-09 2.9463E-09 2.9983E-09
9.2242E-10 9.4337E-10 9.6462E-10 9.8614E-10 1.0079E-09 1.0306E-09 1.0535E-09 1.0768E-09 1.0998E-09 1.1231E-09 1.1466E-09 1.1705E-09 1.1976E-09 1.2239E-09 1.2531E-09 1.2832E-09 1.3120E-09 1.3405E-09 1.3697E-09 1.4009E-09 1.4335E-09 1.4648E-09 1.4973E-09 1.5307E-09 1.5656E-09 1.5991E-09 1.6421E-09 1.6858E-09 1.7285E-09 1.7747E-09 1.8141E-09 1.8567E-09 1.8956E-09 1.9353E-09 1.9764E-09 2.0184E-09 2.0612E-09 2.1046E-09 2.1483E-09 2.1933E-09 2.2390E-09 2.2854E-09 2.3326E-09 2.3802E-09 2.4289E-09 2.4780E-09 2.5280E-09 2.5783E-09 2.6296E-09 2.6816E-09 2.7341E-09 2.7869E-09 2.8408E-09 2.8935E-09 2.9530E-09 3.0128E-09 3.0682E-09
9.2756E-10 9.4865E-10 9.7004E-10 9.9171E-10 1.0142E-09 1.0365E-09 1.0596E-09 1.0830E-09 1.1062E-09 1.1296E-09 1.1534E-09 1.1778E-09 1.2062E-09 1.2348E-09 1.2653E-09 1.2934E-09 1.3220E-09 1.3511E-09 1.3822E-09 1.4126E-09 1.4458E-09 1.4790E-09 1.5117E-09 1.5449E-09 1.5808E-09 1.6204E-09 1.6630E-09 1.7089E-09 1.7560E-09 1.7955E-09 1.8383E-09 1.8774E-09 1.9175E-09 1.9590E-09 2.0013E-09 2.0446E-09 2.0882E-09 2.1327E-09 2.1783E-09 2.2247E-09 2.2719E-09 2.3196E-09 2.3684E-09 2.4179E-09 2.4684E-09 2.5193E-09 2.5713E-09 2.6238E-09 2.6775E-09 2.7313E-09 2.7864E-09 2.8409E-09 2.9018E-09 2.9578E-09 3.0201E-09 3.0807E-09 3.1432E-09
9.3254E-10 9.5377E-10 9.7530E-10 9.9712E-10 1.0198E-09 1.0427E-09 1.0660E-09 1.0891E-09 1.1124E-09 1.1360E-09 1.1599E-09 1.1876E-09 1.2167E-09 1.2447E-09 1.2739E-09 1.3037E-09 1.3321E-09 1.3610E-09 1.3940E-09 1.4257E-09 1.4602E-09 1.4929E-09 1.5245E-09 1.5607E-09 1.5996E-09 1.6393E-09 1.6896E-09 1.7323E-09 1.7751E-09 1.8167E-09 1.8582E-09 1.8986E-09 1.9405E-09 1.9831E-09 2.0268E-09 2.0706E-09 2.1157E-09 2.1620E-09 2.2091E-09 2.2570E-09 2.3053E-09 2.3549E-09 2.4055E-09 2.4568E-09 2.5091E-09 2.5619E-09 2.6162E-09 2.6711E-09 2.7270E-09 2.7830E-09 2.8403E-09 2.9022E-09 2.9610E-09 3.0257E-09 3.0930E-09 3.1546E-09 3.2178E-09
9.3736E-10 9.5873E-10 9.8039E-10 1.0029E-09 1.0252E-09 1.0483E-09 1.0717E-09 1.0950E-09 1.1184E-09 1.1422E-09 1.1687E-09 1.1954E-09 1.2242E-09 1.2552E-09 1.2848E-09 1.3122E-09 1.3421E-09 1.3742E-09 1.4065E-09 1.4382E-09 1.4727E-09 1.5051E-09 1.5405E-09 1.5789E-09 1.6185E-09 1.6631E-09 1.7078E-09 1.7538E-09 1.7943E-09 1.8381E-09 1.8786E-09 1.9208E-09 1.9638E-09 2.0077E-09 2.0519E-09 2.0974E-09 2.1442E-09 2.1919E-09 2.2404E-09 2.2893E-09 2.3399E-09 2.3913E-09 2.4437E-09 2.4970E-09 2.5511E-09 2.6066E-09 2.6631E-09 2.7202E-09 2.7784E-09 2.8366E-09 2.9011E-09 2.9673E-09 3.0312E-09 3.0996E-09 3.1648E-09 3.2323E-09 3.2997E-09
9.4202E-10 9.6352E-10 9.8532E-10 1.0080E-09 1.0309E-09 1.0542E-09 1.0773E-09 1.1006E-09 1.1243E-09 1.1482E-09 1.1749E-09 1.2048E-09 1.2355E-09 1.2633E-09 1.2930E-09 1.3229E-09 1.3536E-09 1.3842E-09 1.4184E-09 1.4513E-09 1.4844E-09 1.5204E-09 1.5545E-09 1.5948E-09 1.6381E-09 1.6859E-09 1.7318E-09 1.7733E-09 1.8171E-09 1.8577E-09 1.9001E-09 1.9433E-09 1.9875E-09 2.0319E-09 2.0778E-09 2.1250E-09 2.1733E-09 2.2221E-09 2.2718E-09 2.3232E-09 2.3754E-09 2.4288E-09 2.4826E-09 2.5383E-09 2.5951E-09 2.6531E-09 2.7117E-09 2.7713E-09 2.8308E-09 2.8979E-09 2.9657E-09 3.0329E-09 3.1026E-09 3.1720E-09 3.2438E-09 3.3128E-09 3.3807E-09
9.4652E-10 9.6814E-10 9.9060E-10 1.0129E-09 1.0360E-09 1.0594E-09 1.0826E-09 1.1061E-09 1.1299E-09 1.1565E-09 1.1840E-09 1.2120E-09 1.2425E-09 1.2726E-09 1.3020E-09 1.3311E-09 1.3642E-09 1.3967E-09 1.4309E-09 1.4639E-09 1.4975E-09 1.5331E-09 1.5732E-09 1.6158E-09 1.6623E-09 1.7058E-09 1.7504E-09 1.7930E-09 1.8358E-09 1.8782E-09 1.9217E-09 1.9661E-09 2.0107E-09 2.0569E-09 2.1045E-09 2.1532E-09 2.2023E-09 2.2527E-09 2.3048E-09 2.3579E-09 2.4120E-09 2.4667E-09 2.5235E-09 2.5816E-09 2.6408E-09 2.7011E-09 2.7612E-09 2.8281E-09 2.8921E-09 2.9624E-09 3.0362E-09 3.1071E-09 3.1782E-09 3.2491E-09 3.3218E-09 3.3982E-09 3.4700E-09
9.5084E-10 9.7259E-10 9.9519E-10 1.0181E-09 1.0408E-09 1.0644E-09 1.0878E-09 1.1114E-09 1.1354E-09 1.1628E-09 1.1900E-09 1.2220E-09 1.2506E-09 1.2798E-09 1.3109E-09 1.3431E-09 1.3755E-09 1.4074E-09 1.4430E-09 1.4742E-09 1.5107E-09 1.5495E-09 1.5896E-09 1.6348E-09 1.6801E-09 1.7268E-09 1.7681E-09 1.8130E-09 1.8553E-09 1.8990E-09 1.9435E-09 1.9883E-09 2.0348E-09 2.0826E-09 2.1317E-09 2.1811E-09 2.2321E-09 2.2847E-09 2.3385E-09 2.3934E-09 2.4489E-09 2.5069E-09 2.5659E-09 2.6264E-09 2.6878E-09 2.7490E-09 2.8182E-09 2.8841E-09 2.9566E-09 3.0329E-09 3.1057E-09 3.1782E-09 3.2546E-09 3.3304E-09 3.4080E-09 3.4859E-09 3.5625E-09
9.5499E-10 9.7686E-10 9.9960E-10 1.0227E-09 1.0461E-09 1.0693E-09 1.0927E-09 1.1165E-09 1.1431E-09 1.1707E-09 1.1971E-09 1.2290E-09 1.2585E-09 1.2881E-09 1.3212E-09 1.3519E-09 1.3863E-09 1.4193E-09 1.4526E-09 1.4889E-09 1.5257E-09 1.5645E-09 1.6078E-09 1.6550E-09 1.6992E-09 1.7436E-09 1.7882E-09 1.8315E-09 1.8752E-09 1.9199E-09 1.9647E-09 2.0113E-09 2.0594E-09 2.1088E-09 2.1585E-09 2.2099E-09 2.2630E-09 2.3174E-09 2.3727E-09 2.4292E-09 2.4881E-09 2.5482E-09 2.6099E-09 2.6718E-09 2.7349E-09 2.8057E-09 2.8735E-09 2.9504E-09 3.0267E-09 3.1031E-09 3.1779E-09 3.2559E-09 3.3373E-09 3.4161E-09 3.4970E-09 3.5798E-09 3.6621E-09
9.5896E-10 9.8149E-10 1.0044E-09 1.0270E-09 1.0506E-09 1.0739E-09 1.0975E-09 1.1238E-09 1.1488E-09 1.1767E-09 1.2058E-09 1.2364E-09 1.2657E-09 1.2963E-09 1.3307E-09 1.3626E-09 1.3975E-09 1.4307E-09 1.4660E-09 1.5002E-09 1.5396E-09 1.5826E-09 1.6250E-09 1.6743E-09 1.7184E-09 1.7627E-09 1.8068E-09 1.8504E-09 1.8952E-09 1.9402E-09 1.9867E-09 2.0350E-09 2.0846E-09 2.1346E-09 2.1861E-09 2.2397E-09 2.2946E-09 2.3503E-09 2.4075E-09 2.4672E-09 2.5285E-09 2.5910E-09 2.6536E-09 2.7183E-09 2.7909E-09 2.8601E-09 2.9391E-09 3.0168E-09 3.0950E-09 3.1724E-09 3.2541E-09 3.3384E-09 3.4221E-09 3.5050E-09 3.5926E-09 3.6770E-09 3.7608E-09
9.6276E-10 9.8541E-10 1.0084E-09 1.0317E-09 1.0549E-09 1.0783E-09 1.1020E-09 1.1286E-09 1.1563E-09 1.1850E-09 1.2126E-09 1.2430E-09 1.2733E-09 1.3065E-09 1.3408E-09 1.3727E-09 1.4083E-09 1.4396E-09 1.4762E-09 1.5146E-09 1.5550E-09 1.5989E-09 1.6456E-09 1.6926E-09 1.7344E-09 1.7813E-09 1.8248E-09 1.8696E-09 1.9147E-09 1.9610E-09 2.0094E-09 2.0591E-09 2.1093E-09 2.1610E-09 2.2148E-09 2.2702E-09 2.3263E-09 2.3839E-09 2.4444E-09 2.5065E-09 2.5699E-09 2.6331E-09 2.6992E-09 2.7732E-09 2.8492E-09 2.9249E-09 3.0036E-09 3.0838E-09 3.1670E-09 3.2500E-09 3.3363E-09 3.4227E-09 3.5124E-09 3.5991E-09 3.6872E-09 3.7796E-09 3.8731E-09
9.6691E-10 9.8914E-10 1.0123E-09 1.0357E-09 1.0590E-09 1.0825E-09 1.1088E-09 1.1338E-09 1.1617E-09 1.1902E-09 1.2186E-09 1.2500E-09 1.2828E-09 1.3146E-09 1.3503E-09 1.3832E-09 1.4167E-09 1.4523E-09 1.4876E-09 1.5288E-09 1.5712E-09 1.6175E-09 1.6630E-09 1.7088E-09 1.7529E-09 1.7984E-09 1.8430E-09 1.8883E-09 1.9343E-09 1.9826E-09 2.0324E-09 2.0828E-09 2.1344E-09 2.1884E-09 2.2440E-09 2.3005E-09 2.3585E-09 2.4195E-09 2.4823E-09 2.5465E-09 2.6104E-09 2.6775E-09 2.7528E-09 2.8254E-09 2.9076E-09 2.9873E-09 3.0694E-09 3.1555E-09 3.2412E-09 3.3304E-09 3.4202E-09 3.5126E-09 3.6029E-09 3.6952E-09 3.7926E-09 3.8910E-09 4.0004E-09
9.7035E-10 9.9323E-10 1.0159E-09 1.0395E-09 1.0629E-09 1.0865E-09 1.1136E-09 1.1407E-09 1.1694E-09 1.1969E-09 1.2244E-09 1.2563E-09 1.2901E-09 1.3240E-09 1.3576E-09 1.3933E-09 1.4256E-09 1.4618E-09 1.5016E-09 1.5425E-09 1.5878E-09 1.6329E-09 1.6804E-09 1.7227E-09 1.7709E-09 1.8154E-09 1.8609E-09 1.9066E-09 1.9547E-09 2.0045E-09 2.0550E-09 2.1065E-09 2.1606E-09 2.2164E-09 2.2731E-09 2.3312E-09 2.3926E-09 2.4560E-09 2.5207E-09 2.5853E-09 2.6533E-09 2.7296E-09 2.8036E-09 2.8870E-09 2.9705E-09 3.0517E-09 3.1404E-09 3.2286E-09 3.3219E-09 3.4137E-09 3.5077E-09 3.6014E-09 3.6992E-09 3.8022E-09 3.9070E-09 4.0133E-09 4.1542E-09
9.7360E-10 9.9659E-10 1.0199E-09 1.0431E-09 1.0666E-09 1.0928E-09 1.1177E-09 1.1455E-09 1.1740E-09 1.2023E-09 1.2306E-09 1.2651E-09 1.2969E-09 1.3326E-09 1.3674E-09 1.4010E-09 1.4368E-09 1.4747E-09 1.5139E-09 1.5567E-09 1.6055E-09 1.6493E-09 1.6956E-09 1.7406E-09 1.7869E-09 1.8324E-09 1.8780E-09 1.9256E-09 1.9752E-09 2.0261E-09 2.0773E-09 2.1312E-09 2.1871E-09 2.2442E-09 2.3022E-09 2.3639E-09 2.4277E-09 2.4929E-09 2.5581E-09 2.6266E-09 2.7038E-09 2.7789E-09 2.8632E-09 2.9454E-09 3.0308E-09 3.1215E-09 3.2121E-09 3.3081E-09 3.4038E-09 3.4986E-09 3.5955E-09 3.6995E-09 3.8082E-09 3.9171E-09 4.0326E-09 4.1666E-09 4.3290E-09
9.7719E-10 9.9976E-10 1.0232E-09 1.0465E-09 1.0700E-09 1.0971E-09 1.1240E-09 1.1527E-09 1.1801E-09 1.2069E-09 1.2360E-09 1.2725E-09 1.3055E-09 1.3417E-09 1.3768E-09 1.4123E-09 1.4466E-09 1.4856E-09 1.5290E-09 1.5724E-09 1.6190E-09 1.6659E-09 1.7088E-09 1.7579E-09 1.8032E-09 1.8489E-09 1.8957E-09 1.9449E-09 1.9958E-09 2.0469E-09 2.1004E-09 2.1563E-09 2.2136E-09 2.2716E-09 2.3331E-09 2.3972E-09 2.4629E-09 2.5286E-09 2.5975E-09 2.6753E-09 2.7513E-09 2.8365E-09 2.9197E-09 3.0065E-09 3.0989E-09 3.1915E-09 3.2899E-09 3.3875E-09 3.4850E-09 3.5866E-09 3.6959E-09 3.8068E-09 3.9264E-09 4.0431E-09 4.1768E-09 4.3347E-09 4.5250E-09
9.8007E-10 1.0033E-09 1.0263E-09 1.0496E-09 1.0757E-09 1.1006E-09 1.1283E-09 1.1566E-09 1.1849E-09 1.2131E-09 1.2440E-09 1.2777E-09 1.3134E-09 1.3496E-09 1.3836E-09 1.4196E-09 1.4588E-09 1.4994E-09 1.5406E-09 1.5904E-09 1.6334E-09 1.6801E-09 1.7258E-09 1.7730E-09 1.8189E-09 1.8651E-09 1.9139E-09 1.9645E-09 2.0158E-09 2.0685E-09 2.1241E-09 2.1816E-09 2.2395E-09 2.3004E-09 2.3646E-09 2.4308E-09 2.4971E-09 2.5660E-09 2.6394E-09 2.7209E-09 2.8068E-09 2.8909E-09 2.9788E-09 3.0724E-09 3.1668E-09 3.2674E-09 3.3668E-09 3.4679E-09 3.5741E-09 3.6858E-09 3.8058E-09 3.9244E-09 4.0530E-09 4.1836E-09 4.3513E-09 4.5448E-09 4.7623E-09
9.8275E-10 1.0060E-09 1.0292E-09 1.0526E-09 1.0789E-09 1.1063E-09 1.1348E-09 1.1616E-09 1.1889E-09 1.2180E-09 1.2505E-09 1.2855E-09 1.3216E-09 1.3566E-09 1.3942E-09 1.4287E-09 1.4678E-09 1.5113E-09 1.5561E-09 1.6018E-09 1.6490E-09 1.6924E-09 1.7421E-09 1.7879E-09 1.8339E-09 1.8818E-09 1.9321E-09 1.9837E-09 2.0357E-09 2.0909E-09 2.1481E-09 2.2062E-09 2.2665E-09 2.3304E-09 2.3968E-09 2.4636E-09 2.5323E-09 2.6059E-09 2.6878E-09 2.7743E-09 2.8543E-09 2.9476E-09 3.0422E-09 3.1381E-09 3.2405E-09 3.3416E-09 3.4449E-09 3.5541E-09 3.6743E-09 3.7930E-09 3.9246E-09 4.0496E-09 4.1814E-09 4.3425E-09 4.5421E-09 4.7664E-09 5.0211E-09
9.8523E-10 1.0086E-09 1.0318E-09 1.0578E-09 1.0824E-09 1.1101E-09 1.1383E-09 1.1664E-09 1.1945E-09 1.2247E-09 1.2549E-09 1.2926E-09 1.3287E-09 1.3625E-09 1.4007E-09 1.4400E-09 1.4807E-09 1.5221E-09 1.5688E-09 1.6152E-09 1.6611E-09 1.7084E-09 1.7561E-09 1.8022E-09 1.8491E-09 1.8987E-09 1.9502E-09 2.0019E-09 2.0563E-09 2.1133E-09 2.1717E-09 2.2311E-09 2.2948E-09 2.3610E-09 2.4282E-09 2.4964E-09 2.5695E-09 2.6516E-09 2.7363E-09 2.8196E-09 2.9133E-09 3.0056E-09 3.1053E-09 3.2092E-09 3.3119E-09 3.4195E-09 3.5288E-09 3.6522E-09 3.7813E-09 3.9102E-09 4.0455E-09 4.1773E-09 4.3545E-09 4.5344E-09 4.7600E-09 5.0317E-09 5.3052E-09
9.8805E-10 1.0110E-09 1.0343E-09 1.0604E-09 1.0876E-09 1.1160E-09 1.1426E-09 1.1698E-09 1.1987E-09 1.2311E-09 1.2618E-09 1.3001E-09 1.3348E-09 1.3722E-09 1.4113E-09 1.4492E-09 1.4895E-09 1.5356E-09 1.5824E-09 1.6297E-09 1.6734E-09 1.7235E-09 1.7696E-09 1.8160E-09 1.8647E-09 1.9159E-09 1.9676E-09 2.0208E-09 2.0771E-09 2.1355E-09 2.1945E-09 2.2571E-09 2.3233E-09 2.3910E-09 2.4589E-09 2.5310E-09 2.6128E-09 2.6933E-09 2.7820E-09 2.8759E-09 2.9657E-09 3.0686E-09 3.1735E-09 3.2778E-09 3.3871E-09 3.5027E-09 3.6252E-09 3.7579E-09 3.8948E-09 4.0291E-09 4.1714E-09 4.3521E-09 4.5553E-09 4.7619E-09 5.0263E-09 5.3195E-09 5.6174E-09
9.9014E-10 1.0132E-09 1.0389E-09 1.0634E-09 1.0908E-09 1.1188E-09 1.1468E-09 1.1742E-09 1.2048E-09 1.2349E-09 1.2680E-09 1.3063E-09 1.3398E-09 1.3778E-09 1.4194E-09 1.4595E-09 1.5016E-09 1.5483E-09 1.5948E-09 1.6397E-09 1.6883E-09 1.7363E-09 1.7827E-09 1.8301E-09 1.8804E-09 1.9323E-09 1.9847E-09 2.0402E-09 2.0982E-09 2.1571E-09 2.2183E-09 2.2837E-09 2.3516E-09 2.4198E-09 2.4909E-09 2.5674E-09 2.6526E-09 2.7417E-09 2.8356E-09 2.9250E-09 3.0282E-09 3.1337E-09 3.2394E-09 3.3499E-09 3.4668E-09 3.5955E-09 3.7267E-09 3.8693E-09 4.0069E-09 4.1803E-09 4.3468E-09 4.5513E-09 4.7756E-09 5.0188E-09 5.3086E-09 5.6268E-09 5.9641E-09
9.9202E-10 1.0151E-09 1.0410E-09 1.0680E-09 1.0938E-09 1.1221E-09 1.1497E-09 1.1784E-09 1.2092E-09 1.2411E-09 1.2745E-09 1.3115E-09 1.3486E-09 1.3875E-09 1.4278E-09 1.4680E-09 1.5112E-09 1.5609E-09 1.6071E-09 1.6519E-09 1.7021E-09 1.7486E-09 1.7952E-09 1.8444E-09 1.8960E-09 1.9481E-09 2.0021E-09 2.0595E-09 2.1187E-09 2.1786E-09 2.2431E-09 2.3106E-09 2.3790E-09 2.4490E-09 2.5246E-09 2.6096E-09 2.6990E-09 2.7827E-09 2.8811E-09 2.9836E-09 3.0887E-09 3.1991E-09 3.3105E-09 3.4257E-09 3.5578E-09 3.6911E-09 3.8346E-09 3.9810E-09 4.1559E-09 4.3582E-09 4.5453E-09 4.7688E-09 5.0227E-09 5.2873E-09 5.6107E-09 5.9630E-09 6.3396E-09
9.9370E-10 1.0168E-09 1.0435E-09 1.0701E-09 1.0985E-09 1.1257E-09 1.1528E-09 1.1838E-09 1.2137E-09 1.2466E-09 1.2798E-09 1.3158E-09 1.3534E-09 1.3939E-09 1.4372E-09 1.4791E-09 1.5235E-09 1.5711E-09 1.6171E-09 1.6655E-09 1.7136E-09 1.7603E-09 1.8079E-09 1.8586E-09 1.9109E-09 1.9638E-09 2.0200E-09 2.0787E-09 2.1382E-09 2.2008E-09 2.2679E-09 2.3368E-09 2.4059E-09 2.4794E-09 2.5636E-09 2.6463E-09 2.7373E-09 2.8346E-09 2.9354E-09 3.0378E-09 3.1519E-09 3.2633E-09 3.3826E-09 3.5123E-09 3.6518E-09 3.7953E-09 3.9448E-09 4.1250E-09 4.3302E-09 4.5415E-09 4.7728E-09 5.0080E-09 5.2784E-09 5.5828E-09 5.9476E-09 6.3377E-09 6.7526E-09
9.9517E-10 1.0208E-09 1.0452E-09 1.0731E-09 1.1005E-09 1.1285E-09 1.1564E-09 1.1870E-09 1.2192E-09 1.2498E-09 1.2841E-09 1.3237E-09 1.3621E-09 1.4019E-09 1.4441E-09 1.4878E-09 1.5351E-09 1.5823E-09 1.6270E-09 1.6758E-09 1.7247E-09 1.7715E-09 1.8208E-09 1.8727E-09 1.9252E-09 1.9796E-09 2.0377E-09 2.0974E-09 2.1582E-09 2.2237E-09 2.2924E-09 2.3616E-09 2.4335E-09 2.5114E-09 2.5984E-09 2.6895E-09 2.7860E-09 2.8788E-09 2.9863E-09 3.1006E-09 3.2154E-09 3.3351E-09 3.4620E-09 3.6012E-09 3.7495E-09 3.8995E-09 4.0816E-09 4.2939E-09 4.5172E-09 4.7484E-09 4.9892E-09 5.2542E-09 5.5469E-09 5.9075E-09 6.3108E-09 6.7492E-09 7.2024E-09
9.9642E-10 1.0222E-09 1.0491E-09 1.0772E-09 1.1041E-09 1.1305E-09 1.1591E-09 1.1908E-09 1.2235E-09 1.2562E-09 1.2874E-09 1.3275E-09 1.3676E-09 1.4092E-09 1.4549E-09 1.4969E-09 1.5443E-09 1.5922E-09 1.6368E-09 1.6882E-09 1.7352E-09 1.7828E-09 1.8335E-09 1.8861E-09 1.9393E-09 1.9958E-09 2.0550E-09 2.1150E-09 2.1786E-09 2.2466E-09 2.3161E-09 2.3863E-09 2.4620E-09 2.5484E-09 2.6396E-09 2.7253E-09 2.8260E-09 2.9318E-09 3.0446E-09 3.1604E-09 3.2811E-09 3.4111E-09 3.5459E-09 3.6952E-09 3.8497E-09 4.0350E-09 4.2457E-09 4.4730E-09 4.7172E-09 4.9625E-09 5.2251E-09 5.5218E-09 5.8550E-09 6.2605E-09 6.7146E-09 7.1937E-09 7.6896E-09
9.9747E-10 1.0240E-09 1.0510E-09 1.0787E-09 1.1058E-09 1.1334E-09 1.1638E-09 1.1936E-09 1.2266E-09 1.2606E-09 1.2943E-09 1.3323E-09 1.3717E-09 1.4162E-09 1.4615E-09 1.5074E-09 1.5533E-09 1.5997E-09 1.6492E-09 1.6981E-09 1.7451E-09 1.7940E-09 1.8461E-09 1.8989E-09 1.9533E-09 2.0116E-09 2.0718E-09 2.1331E-09 2.1993E-09 2.2687E-09 2.3387E-09 2.4118E-09 2.4912E-09 2.5800E-09 2.6726E-09 2.7714E-09 2.8739E-09 2.9820E-09 3.1024E-09 3.2230E-09 3.3505E-09 3.4841E-09 3.6338E-09 3.7910E-09 3.9678E-09 4.1777E-09 4.4094E-09 4.6671E-09 4.9218E-09 5.1824E-09 5.4791E-09 5.8009E-09 6.1933E-09 6.6473E-09 7.1519E-09 7.6777E-09 8.2142E-09
