Assets/Resources/2015_m01_d14_1100(utc+0800)_l00_csi_1hr_conc.grd
DSAA
         159         159
     -79.000      79.000
     -79.000      79.000
  0.0000E+00  0.2206E-05
[rows 25 to 49 of 159, columns 0 to 56 of 159]
3.0971E-09 3.1919E-09 3.2897E-09 3.3888E-09 3.4904E-09 3.5893E-09 3.7024E-09 3.8067E-09 3.9254E-09 4.0355E-09 4.1556E-09 4.2721E-09 4.4068E-09 4.5372E-09 4.6712E-09 4.8300E-09 4.9744E-09 5.1412E-09 5.3164E-09 5.4883E-09 5.6732E-09 5.8725E-09 6.0818E-09 6.2995E-09 6.5113E-09 6.7473E-09 6.9998E-09 7.2443E-09 7.4976E-09 7.7828E-09 8.0592E-09 8.3670E-09 8.6674E-09 8.9786E-09 9.2991E-09 9.6358E-09 9.9963E-09 1.0370E-08 1.0746E-08 1.1148E-08 1.1567E-08 1.1989E-08 1.2419E-08 1.2874E-08 1.3337E-08 1.3797E-08 1.4253E-08 1.4715E-08 1.5169E-08 1.5609E-08 1.6048E-08 1.6460E-08 1.6822E-08 1.7129E-08 1.7385E-08 1.7590E-08 1.7743E-08
3.1096E-09 3.2058E-09 3.3044E-09 3.4048E-09 3.5074E-09 3.6128E-09 3.7223E-09 3.8331E-09 3.9486E-09 4.0602E-09 4.1824E-09 4.3006E-09 4.4386E-09 4.5705E-09 4.7122E-09 4.8696E-09 5.0182E-09 5.1934E-09 5.3732E-09 5.5600E-09 5.7538E-09 5.9415E-09 6.1569E-09 6.3835E-09 6.6013E-09 6.8660E-09 7.1093E-09 7.3620E-09 7.6457E-09 7.9221E-09 8.2097E-09 8.5317E-09 8.8457E-09 9.1710E-09 9.5094E-09 9.8745E-09 1.0256E-08 1.0645E-08 1.1058E-08 1.1494E-08 1.1936E-08 1.2394E-08 1.2882E-08 1.3383E-08 1.3885E-08 1.4398E-08 1.4927E-08 1.5453E-08 1.5971E-08 1.6472E-08 1.6960E-08 1.7443E-08 1.7880E-08 1.8250E-08 1.8554E-08 1.8796E-08 1.8972E-08
3.1192E-09 3.2214E-09 3.3160E-09 3.4224E-09 3.5212E-09 3.6281E-09 3.7387E-09 3.8512E-09 3.9679E-09 4.0811E-09 4.2052E-09 4.3251E-09 4.4702E-09 4.6040E-09 4.7586E-09 4.9043E-09 5.0613E-09 5.2353E-09 5.4203E-09 5.6119E-09 5.8119E-09 6.0244E-09 6.2449E-09 6.4606E-09 6.7016E-09 6.9598E-09 7.2108E-09 7.4916E-09 7.7663E-09 8.0529E-09 8.3735E-09 8.6881E-09 9.0150E-09 9.3535E-09 9.7174E-09 1.0105E-08 1.0502E-08 1.0921E-08 1.1370E-08 1.1829E-08 1.2307E-08 1.2821E-08 1.3353E-08 1.3892E-08 1.4459E-08 1.5049E-08 1.5646E-08 1.6240E-08 1.6830E-08 1.7415E-08 1.7982E-08 1.8536E-08 1.9052E-08 1.9494E-08 1.9856E-08 2.0139E-08 2.0348E-08
3.1261E-09 3.2294E-09 3.3245E-09 3.4321E-09 3.5316E-09 3.6450E-09 3.7514E-09 3.8706E-09 3.9832E-09 4.0983E-09 4.2237E-09 4.3455E-09 4.4928E-09 4.6285E-09 4.7909E-09 4.9388E-09 5.1093E-09 5.2892E-09 5.4661E-09 5.6575E-09 5.8635E-09 6.0812E-09 6.3090E-09 6.5302E-09 6.7981E-09 7.0457E-09 7.3039E-09 7.5942E-09 7.8780E-09 8.1746E-09 8.5081E-09 8.8344E-09 9.1741E-09 9.5319E-09 9.9204E-09 1.0324E-08 1.0743E-08 1.1197E-08 1.1670E-08 1.2160E-08 1.2692E-08 1.3249E-08 1.3820E-08 1.4430E-08 1.5072E-08 1.5731E-08 1.6396E-08 1.7084E-08 1.7776E-08 1.8459E-08 1.9115E-08 1.9741E-08 2.0341E-08 2.0878E-08 2.1319E-08 2.1665E-08 2.1903E-08
3.1299E-09 3.2342E-09 3.3299E-09 3.4384E-09 3.5387E-09 3.6533E-09 3.7604E-09 3.8811E-09 3.9945E-09 4.1166E-09 4.2376E-09 4.3751E-09 4.5104E-09 4.6484E-09 4.8133E-09 4.9635E-09 5.1423E-09 5.3254E-09 5.5167E-09 5.7155E-09 5.9130E-09 6.1309E-09 6.3654E-09 6.6086E-09 6.8687E-09 7.1230E-09 7.4077E-09 7.6872E-09 7.9800E-09 8.3084E-09 8.6320E-09 8.9698E-09 9.3228E-09 9.7028E-09 1.0109E-08 1.0529E-08 1.0981E-08 1.1461E-08 1.1958E-08 1.2499E-08 1.3073E-08 1.3668E-08 1.4309E-08 1.4994E-08 1.5703E-08 1.6437E-08 1.7212E-08 1.8008E-08 1.8805E-08 1.9590E-08 2.0361E-08 2.1099E-08 2.1791E-08 2.2428E-08 2.2961E-08 2.3359E-08 2.3636E-08
3.1308E-09 3.2359E-09 3.3320E-09 3.4413E-09 3.5423E-09 3.6578E-09 3.7656E-09 3.8876E-09 4.0017E-09 4.1253E-09 4.2470E-09 4.3868E-09 4.5231E-09 4.6774E-09 4.8302E-09 4.9830E-09 5.1645E-09 5.3509E-09 5.5461E-09 5.7493E-09 5.9665E-09 6.1925E-09 6.4141E-09 6.6630E-09 6.9303E-09 7.1904E-09 7.4829E-09 7.7702E-09 8.0713E-09 8.4106E-09 8.7443E-09 9.0928E-09 9.4615E-09 9.8643E-09 1.0282E-08 1.0727E-08 1.1207E-08 1.1707E-08 1.2247E-08 1.2831E-08 1.3441E-08 1.4099E-08 1.4813E-08 1.5563E-08 1.6352E-08 1.7199E-08 1.8087E-08 1.8990E-08 1.9908E-08 2.0839E-08 2.1748E-08 2.2612E-08 2.3409E-08 2.4142E-08 2.4771E-08 2.5245E-08 2.5570E-08
3.1285E-09 3.2342E-09 3.3307E-09 3.4405E-09 3.5421E-09 3.6584E-09 3.7669E-09 3.8897E-09 4.0046E-09 4.1294E-09 4.2518E-09 4.3935E-09 4.5350E-09 4.6916E-09 4.8413E-09 5.0156E-09 5.1802E-09 5.3700E-09 5.5684E-09 5.7757E-09 5.9970E-09 6.2283E-09 6.4704E-09 6.7286E-09 6.9826E-09 7.2479E-09 7.5478E-09 7.8422E-09 8.1732E-09 8.5007E-09 8.8437E-09 9.2026E-09 9.5897E-09 1.0009E-08 1.0443E-08 1.0915E-08 1.1415E-08 1.1946E-08 1.2529E-08 1.3145E-08 1.3807E-08 1.4537E-08 1.5314E-08 1.6140E-08 1.7041E-08 1.8002E-08 1.8997E-08 2.0039E-08 2.1118E-08 2.2202E-08 2.3260E-08 2.4272E-08 2.5203E-08 2.6034E-08 2.6772E-08 2.7347E-08 2.7723E-08
3.1230E-09 3.2291E-09 3.3259E-09 3.4361E-09 3.5382E-09 3.6550E-09 3.7641E-09 3.8875E-09 4.0031E-09 4.1286E-09 4.2518E-09 4.3994E-09 4.5372E-09 4.7004E-09 4.8511E-09 5.0235E-09 5.2069E-09 5.4022E-09 5.5838E-09 5.7947E-09 6.0194E-09 6.2553E-09 6.5022E-09 6.7659E-09 7.0245E-09 7.3151E-09 7.6015E-09 7.9025E-09 8.2421E-09 8.5777E-09 8.9294E-09 9.3004E-09 9.7065E-09 1.0135E-08 1.0590E-08 1.1085E-08 1.1605E-08 1.2175E-08 1.2791E-08 1.3446E-08 1.4175E-08 1.4964E-08 1.5809E-08 1.6742E-08 1.7754E-08 1.8820E-08 1.9961E-08 2.1169E-08 2.2412E-08 2.3656E-08 2.4888E-08 2.6072E-08 2.7173E-08 2.8141E-08 2.8978E-08 2.9659E-08 3.0117E-08
3.1142E-09 3.2206E-09 3.3175E-09 3.4280E-09 3.5304E-09 3.6475E-09 3.7570E-09 3.8809E-09 3.9970E-09 4.1231E-09 4.2468E-09 4.3956E-09 4.5340E-09 4.6989E-09 4.8504E-09 5.0297E-09 5.2146E-09 5.4082E-09 5.6101E-09 5.8263E-09 6.0522E-09 6.2738E-09 6.5243E-09 6.7929E-09 7.0555E-09 7.3516E-09 7.6434E-09 7.9716E-09 8.2978E-09 8.6407E-09 9.0003E-09 9.3844E-09 9.8049E-09 1.0245E-08 1.0723E-08 1.1234E-08 1.1781E-08 1.2386E-08 1.3030E-08 1.3741E-08 1.4527E-08 1.5373E-08 1.6313E-08 1.7351E-08 1.8462E-08 1.9671E-08 2.0978E-08 2.2350E-08 2.3762E-08 2.5201E-08 2.6630E-08 2.8015E-08 2.9317E-08 3.0461E-08 3.1407E-08 3.2191E-08 3.2741E-08
3.1021E-09 3.2085E-09 3.3055E-09 3.4161E-09 3.5187E-09 3.6359E-09 3.7456E-09 3.8698E-09 3.9862E-09 4.1126E-09 4.2367E-09 4.3863E-09 4.5251E-09 4.6913E-09 4.8434E-09 5.0247E-09 5.2108E-09 5.4067E-09 5.6105E-09 5.8296E-09 6.0585E-09 6.2993E-09 6.5562E-09 6.8098E-09 7.0755E-09 7.3764E-09 7.6728E-09 8.0074E-09 8.3396E-09 8.6888E-09 9.0548E-09 9.4526E-09 9.8839E-09 1.0339E-08 1.0835E-08 1.1362E-08 1.1941E-08 1.2571E-08 1.3252E-08 1.4019E-08 1.4851E-08 1.5774E-08 1.6812E-08 1.7939E-08 1.9179E-08 2.0547E-08 2.2013E-08 2.3557E-08 2.5169E-08 2.6820E-08 2.8475E-08 3.0089E-08 3.1608E-08 3.2968E-08 3.4069E-08 3.4939E-08 3.5585E-08
3.0866E-09 3.1928E-09 3.2897E-09 3.4003E-09 3.5029E-09 3.6200E-09 3.7299E-09 3.8541E-09 3.9706E-09 4.0970E-09 4.2213E-09 4.3715E-09 4.5105E-09 4.6777E-09 4.8302E-09 5.0128E-09 5.1999E-09 5.3976E-09 5.6030E-09 5.8244E-09 6.0553E-09 6.2992E-09 6.5594E-09 6.8156E-09 7.1039E-09 7.3889E-09 7.6891E-09 8.0294E-09 8.3665E-09 8.7212E-09 9.0951E-09 9.5047E-09 9.9436E-09 1.0413E-08 1.0924E-08 1.1470E-08 1.2076E-08 1.2729E-08 1.3456E-08 1.4266E-08 1.5153E-08 1.6162E-08 1.7280E-08 1.8513E-08 1.9898E-08 2.1414E-08 2.3041E-08 2.4780E-08 2.6609E-08 2.8497E-08 3.0396E-08 3.2254E-08 3.4023E-08 3.5626E-08 3.6934E-08 3.7911E-08 3.8636E-08
3.0676E-09 3.1734E-09 3.2702E-09 3.3807E-09 3.4829E-09 3.5999E-09 3.7096E-09 3.8336E-09 3.9500E-09 4.0763E-09 4.2142E-09 4.3509E-09 4.5041E-09 4.6577E-09 4.8250E-09 4.9938E-09 5.1816E-09 5.3805E-09 5.5873E-09 5.8101E-09 6.0429E-09 6.2891E-09 6.5515E-09 6.8096E-09 7.1009E-09 7.3886E-09 7.7132E-09 8.0370E-09 8.3781E-09 8.7367E-09 9.1186E-09 9.5372E-09 9.9846E-09 1.0467E-08 1.0989E-08 1.1555E-08 1.2182E-08 1.2862E-08 1.3631E-08 1.4478E-08 1.5431E-08 1.6513E-08 1.7711E-08 1.9068E-08 2.0586E-08 2.2245E-08 2.4050E-08 2.5996E-08 2.8057E-08 3.0189E-08 3.2349E-08 3.4484E-08 3.6522E-08 3.8390E-08 3.9952E-08 4.1079E-08 4.1870E-08
3.0452E-09 3.1505E-09 3.2470E-09 3.3570E-09 3.4588E-09 3.5753E-09 3.6848E-09 3.8084E-09 3.9245E-09 4.0504E-09 4.1882E-09 4.3246E-09 4.4778E-09 4.6313E-09 4.7988E-09 4.9677E-09 5.1713E-09 5.3555E-09 5.5629E-09 5.7868E-09 6.0211E-09 6.2686E-09 6.5328E-09 6.7922E-09 7.0855E-09 7.3752E-09 7.7031E-09 8.0295E-09 8.3738E-09 8.7363E-09 9.1237E-09 9.5498E-09 1.0004E-08 1.0498E-08 1.1030E-08 1.1616E-08 1.2257E-08 1.2967E-08 1.3770E-08 1.4655E-08 1.5674E-08 1.6817E-08 1.8104E-08 1.9580E-08 2.1218E-08 2.3026E-08 2.5017E-08 2.7175E-08 2.9465E-08 3.1856E-08 3.4300E-08 3.6728E-08 3.9056E-08 4.1197E-08 4.3036E-08 4.4384E-08 4.5251E-08
3.0192E-09 3.1190E-09 3.2199E-09 3.3293E-09 3.4305E-09 3.5463E-09 3.6554E-09 3.7783E-09 3.8940E-09 4.0191E-09 4.1567E-09 4.2924E-09 4.4454E-09 4.5985E-09 4.7657E-09 4.9345E-09 5.1383E-09 5.3222E-09 5.5461E-09 5.7545E-09 6.0058E-09 6.2378E-09 6.5032E-09 6.7628E-09 7.0575E-09 7.3483E-09 7.6785E-09 8.0068E-09 8.3532E-09 8.7185E-09 9.1093E-09 9.5417E-09 1.0000E-08 1.0504E-08 1.1046E-08 1.1647E-08 1.2302E-08 1.3041E-08 1.3866E-08 1.4796E-08 1.5867E-08 1.7065E-08 1.8451E-08 2.0023E-08 2.1774E-08 2.3738E-08 2.5910E-08 2.8269E-08 3.0798E-08 3.3462E-08 3.6193E-08 3.8919E-08 4.1552E-08 4.3984E-08 4.6104E-08 4.7735E-08 4.8750E-08
2.9897E-09 3.0887E-09 3.1891E-09 3.2974E-09 3.3981E-09 3.5129E-09 3.6213E-09 3.7434E-09 3.8585E-09 3.9826E-09 4.1197E-09 4.2545E-09 4.4068E-09 4.5592E-09 4.7260E-09 4.8939E-09 5.0976E-09 5.2807E-09 5.5048E-09 5.7128E-09 5.9650E-09 6.1963E-09 6.4622E-09 6.7214E-09 7.0166E-09 7.3077E-09 7.6393E-09 7.9684E-09 8.3155E-09 8.6829E-09 9.0766E-09 9.5123E-09 9.9757E-09 1.0485E-08 1.1034E-08 1.1646E-08 1.2315E-08 1.3075E-08 1.3920E-08 1.4891E-08 1.5998E-08 1.7259E-08 1.8725E-08 2.0376E-08 2.2245E-08 2.4353E-08 2.6689E-08 2.9250E-08 3.2018E-08 3.4943E-08 3.7960E-08 4.0989E-08 4.3942E-08 4.6686E-08 4.9090E-08 5.1017E-08 5.2255E-08
2.9568E-09 3.0545E-09 3.1544E-09 3.2567E-09 3.3615E-09 3.4752E-09 3.5827E-09 3.7037E-09 3.8179E-09 3.9408E-09 4.0772E-09 4.2105E-09 4.3622E-09 4.5135E-09 4.6791E-09 4.8461E-09 5.0492E-09 5.2309E-09 5.4547E-09 5.6617E-09 5.9138E-09 6.1440E-09 6.4097E-09 6.6676E-09 6.9627E-09 7.2534E-09 7.5853E-09 7.9142E-09 8.2618E-09 8.6294E-09 9.0239E-09 9.4603E-09 9.9274E-09 1.0439E-08 1.0994E-08 1.1612E-08 1.2292E-08 1.3066E-08 1.3930E-08 1.4932E-08 1.6068E-08 1.7386E-08 1.8909E-08 2.0635E-08 2.2610E-08 2.4839E-08 2.7329E-08 3.0083E-08 3.3071E-08 3.6241E-08 3.9538E-08 4.2878E-08 4.6141E-08 4.9197E-08 5.1888E-08 5.4098E-08 5.5643E-08
2.9203E-09 3.0118E-09 3.1158E-09 3.2168E-09 3.3208E-09 3.4331E-09 3.5393E-09 3.6591E-09 3.7723E-09 3.8939E-09 4.0290E-09 4.1608E-09 4.3114E-09 4.4610E-09 4.6256E-09 4.7912E-09 4.9928E-09 5.1731E-09 5.4007E-09 5.6012E-09 5.8526E-09 6.1010E-09 6.3456E-09 6.6224E-09 6.8960E-09 7.1852E-09 7.5164E-09 7.8439E-09 8.1911E-09 8.5573E-09 8.9513E-09 9.3872E-09 9.8545E-09 1.0366E-08 1.0924E-08 1.1544E-08 1.2232E-08 1.3013E-08 1.3892E-08 1.4912E-08 1.6071E-08 1.7434E-08 1.8995E-08 2.0786E-08 2.2845E-08 2.5176E-08 2.7805E-08 3.0726E-08 3.3904E-08 3.7309E-08 4.0875E-08 4.4498E-08 4.8060E-08 5.1421E-08 5.4434E-08 5.6933E-08 5.8770E-08
2.8758E-09 2.9704E-09 3.0734E-09 3.1728E-09 3.2760E-09 3.3817E-09 3.4915E-09 3.6101E-09 3.7217E-09 3.8418E-09 3.9754E-09 4.1052E-09 4.2545E-09 4.4022E-09 4.5652E-09 4.7289E-09 4.9289E-09 5.1072E-09 5.3330E-09 5.5316E-09 5.7815E-09 6.0276E-09 6.2702E-09 6.5449E-09 6.8162E-09 7.1251E-09 7.4329E-09 7.7585E-09 8.1032E-09 8.4675E-09 8.8583E-09 9.2910E-09 9.7566E-09 1.0267E-08 1.0824E-08 1.1442E-08 1.2133E-08 1.2913E-08 1.3802E-08 1.4828E-08 1.6006E-08 1.7392E-08 1.8977E-08 2.0820E-08 2.2934E-08 2.5347E-08 2.8089E-08 3.1139E-08 3.4486E-08 3.8100E-08 4.1895E-08 4.5772E-08 4.9630E-08 5.3308E-08 5.6615E-08 5.9407E-08 6.1537E-08
2.8325E-09 2.9256E-09 3.0272E-09 3.1202E-09 3.2270E-09 3.3309E-09 3.4392E-09 3.5562E-09 3.6662E-09 3.7847E-09 3.9025E-09 4.0440E-09 4.1918E-09 4.3368E-09 4.4983E-09 4.6597E-09 4.8573E-09 5.0333E-09 5.2568E-09 5.4527E-09 5.7003E-09 5.9438E-09 6.1836E-09 6.4554E-09 6.7238E-09 7.0300E-09 7.3342E-09 7.6569E-09 7.9980E-09 8.3593E-09 8.7436E-09 9.1721E-09 9.6339E-09 1.0139E-08 1.0693E-08 1.1306E-08 1.1994E-08 1.2769E-08 1.3658E-08 1.4680E-08 1.5867E-08 1.7257E-08 1.8857E-08 2.0722E-08 2.2866E-08 2.5342E-08 2.8154E-08 3.1300E-08 3.4787E-08 3.8558E-08 4.2544E-08 4.6661E-08 5.0787E-08 5.4745E-08 5.8346E-08 6.1432E-08 6.3847E-08
2.7813E-09 2.8772E-09 2.9723E-09 3.0689E-09 3.1741E-09 3.2760E-09 3.3823E-09 3.4927E-09 3.6059E-09 3.7227E-09 3.8380E-09 3.9774E-09 4.1228E-09 4.2654E-09 4.4250E-09 4.5833E-09 4.7782E-09 4.9517E-09 5.1719E-09 5.3649E-09 5.6096E-09 5.8497E-09 6.0860E-09 6.3544E-09 6.6190E-09 6.9213E-09 7.2213E-09 7.5397E-09 7.8760E-09 8.2322E-09 8.6092E-09 9.0299E-09 9.4867E-09 9.9853E-09 1.0531E-08 1.1135E-08 1.1816E-08 1.2579E-08 1.3461E-08 1.4469E-08 1.5652E-08 1.7030E-08 1.8629E-08 2.0490E-08 2.2644E-08 2.5144E-08 2.7986E-08 3.1198E-08 3.4773E-08 3.8653E-08 4.2796E-08 4.7113E-08 5.1457E-08 5.5668E-08 5.9563E-08 6.2954E-08 6.5660E-08
2.7316E-09 2.8254E-09 2.9186E-09 3.0141E-09 3.1171E-09 3.2121E-09 3.3215E-09 3.4298E-09 3.5407E-09 3.6558E-09 3.7683E-09 3.9052E-09 4.0342E-09 4.1881E-09 4.3451E-09 4.5001E-09 4.6922E-09 4.8622E-09 5.0740E-09 5.2686E-09 5.5092E-09 5.7258E-09 5.9779E-09 6.2419E-09 6.5016E-09 6.7986E-09 7.0942E-09 7.4059E-09 7.7369E-09 8.0870E-09 8.4574E-09 8.8666E-09 9.3152E-09 9.8032E-09 1.0338E-08 1.0932E-08 1.1599E-08 1.2346E-08 1.3212E-08 1.4199E-08 1.5364E-08 1.6714E-08 1.8293E-08 2.0124E-08 2.2266E-08 2.4749E-08 2.7586E-08 3.0823E-08 3.4424E-08 3.8374E-08 4.2628E-08 4.7078E-08 5.1602E-08 5.6049E-08 6.0214E-08 6.3884E-08 6.6877E-08
2.6784E-09 2.7657E-09 2.8569E-09 2.9556E-09 3.0512E-09 3.1499E-09 3.2570E-09 3.3573E-09 3.4712E-09 3.5787E-09 3.6939E-09 3.8285E-09 3.9544E-09 4.1047E-09 4.2589E-09 4.4105E-09 4.5990E-09 4.7655E-09 4.9731E-09 5.1636E-09 5.3999E-09 5.6123E-09 5.8595E-09 6.1179E-09 6.3721E-09 6.6635E-09 6.9518E-09 7.2572E-09 7.5815E-09 7.9237E-09 8.2867E-09 8.6818E-09 9.1189E-09 9.5936E-09 1.0118E-08 1.0695E-08 1.1344E-08 1.2071E-08 1.2912E-08 1.3871E-08 1.5005E-08 1.6315E-08 1.7852E-08 1.9631E-08 2.1731E-08 2.4161E-08 2.6965E-08 3.0167E-08 3.3749E-08 3.7722E-08 4.2018E-08 4.6547E-08 5.1217E-08 5.5852E-08 6.0238E-08 6.4190E-08 6.7493E-08
2.6220E-09 2.7080E-09 2.7971E-09 2.8937E-09 2.9867E-09 3.0836E-09 3.1829E-09 3.2856E-09 3.3977E-09 3.5025E-09 3.6151E-09 3.7418E-09 3.8643E-09 4.0116E-09 4.1521E-09 4.3146E-09 4.4818E-09 4.6615E-09 4.8647E-09 5.0509E-09 5.2820E-09 5.4895E-09 5.7307E-09 5.9831E-09 6.2307E-09 6.5144E-09 6.7954E-09 7.0938E-09 7.4087E-09 7.7433E-09 8.0976E-09 8.4756E-09 8.9010E-09 9.3634E-09 9.8680E-09 1.0427E-08 1.1054E-08 1.1755E-08 1.2566E-08 1.3488E-08 1.4576E-08 1.5838E-08 1.7315E-08 1.9024E-08 2.1051E-08 2.3396E-08 2.6126E-08 2.9247E-08 3.2771E-08 3.6701E-08 4.0975E-08 4.5541E-08 5.0290E-08 5.5053E-08 5.9644E-08 6.3854E-08 6.7468E-08
2.5626E-09 2.6426E-09 2.7339E-09 2.8231E-09 2.9143E-09 3.0139E-09 3.1102E-09 3.2101E-09 3.3203E-09 3.4216E-09 3.5317E-09 3.6550E-09 3.7742E-09 3.9177E-09 4.0545E-09 4.2127E-09 4.3757E-09 4.5512E-09 4.7494E-09 4.9304E-09 5.1553E-09 5.3576E-09 5.5923E-09 5.8166E-09 6.0769E-09 6.3536E-09 6.6261E-09 6.9150E-09 7.2214E-09 7.5462E-09 7.8898E-09 8.2538E-09 8.6577E-09 9.1050E-09 9.5926E-09 1.0130E-08 1.0731E-08 1.1404E-08 1.2176E-08 1.3054E-08 1.4090E-08 1.5289E-08 1.6688E-08 1.8315E-08 2.0239E-08 2.2477E-08 2.5095E-08 2.8086E-08 3.1509E-08 3.5334E-08 3.9534E-08 4.4076E-08 4.8835E-08 5.3678E-08 5.8437E-08 6.2885E-08 6.6792E-08
2.5008E-09 2.5791E-09 2.6675E-09 2.7540E-09 2.8438E-09 2.9356E-09 3.0290E-09 3.1318E-09 3.2333E-09 3.3367E-09 3.4448E-09 3.5497E-09 3.6786E-09 3.8139E-09 3.9469E-09 4.1009E-09 4.2485E-09 4.4349E-09 4.6090E-09 4.8021E-09 5.0207E-09 5.2173E-09 5.4435E-09 5.6606E-09 5.9131E-09 6.1801E-09 6.4435E-09 6.7230E-09 7.0190E-09 7.3328E-09 7.6657E-09 8.0174E-09 8.3976E-09 8.8273E-09 9.2922E-09 9.8065E-09 1.0378E-08 1.1016E-08 1.1748E-08 1.2576E-08 1.3552E-08 1.4679E-08 1.5991E-08 1.7516E-08 1.9318E-08 2.1428E-08 2.3893E-08 2.6731E-08 2.9996E-08 3.3663E-08 3.7744E-08 4.2184E-08 4.6895E-08 5.1773E-08 5.6639E-08 6.1286E-08 6.5492E-08
