Assets/Resources/2015_m01_d19_1500(utc+0800)_l00_csi_1hr_conc.grd
DSAA
         159         159
     -79.000      79.000
     -79.000      79.000
  0.0000E+00  0.5416E-05
[rows 25 to 49 of 159, columns 57 to 113 of 159]
6.8323E-09 6.6240E-09 6.4330E-09 6.2619E-09 6.1129E-09 5.9767E-09 5.8520E-09 5.7372E-09 5.6314E-09 5.5309E-09 5.4091E-09 5.2544E-09 5.2007E-09 5.1169E-09 5.0332E-09 4.9340E-09 4.8590E-09 4.7821E-09 4.7165E-09 4.6327E-09 4.5416E-09 4.4283E-09 4.3368E-09 4.2443E-09 4.1517E-09 4.0596E-09 3.9661E-09 3.8714E-09 3.7759E-09 3.6792E-09 3.5823E-09 3.4854E-09 3.3884E-09 3.2921E-09 3.1970E-09 3.1031E-09 3.0098E-09 2.9176E-09 2.8264E-09 2.7364E-09 2.6472E-09 2.5603E-09 2.4745E-09 2.3911E-09 2.3085E-09 2.2282E-09 2.1494E-09 2.0723E-09 1.9972E-09 1.9241E-09 1.8531E-09 1.7836E-09 1.7166E-09 1.6512E-09 1.5866E-09 1.5239E-09 1.4628E-09
6.9655E-09 6.7450E-09 6.5436E-09 6.3599E-09 6.1986E-09 6.0565E-09 5.9249E-09 5.8048E-09 5.6931E-09 5.5894E-09 5.4747E-09 5.3235E-09 5.2430E-09 5.1557E-09 5.0702E-09 4.9694E-09 4.8931E-09 4.8151E-09 4.7341E-09 4.6635E-09 4.5744E-09 4.4698E-09 4.3644E-09 4.2708E-09 4.1770E-09 4.0843E-09 3.9904E-09 3.8952E-09 3.7992E-09 3.7021E-09 3.6048E-09 3.5074E-09 3.4101E-09 3.3135E-09 3.2177E-09 3.1232E-09 3.0294E-09 2.9366E-09 2.8448E-09 2.7543E-09 2.6645E-09 2.5773E-09 2.4909E-09 2.4066E-09 2.3234E-09 2.2425E-09 2.1631E-09 2.0856E-09 2.0100E-09 1.9363E-09 1.8649E-09 1.7950E-09 1.7277E-09 1.6618E-09 1.5970E-09 1.5339E-09 1.4725E-09
7.0942E-09 6.8600E-09 6.6470E-09 6.4544E-09 6.2765E-09 6.1262E-09 5.9904E-09 5.8638E-09 5.7475E-09 5.6384E-09 5.5250E-09 5.3729E-09 5.2453E-09 5.1864E-09 5.0993E-09 5.0195E-09 4.9195E-09 4.8404E-09 4.7584E-09 4.6870E-09 4.5985E-09 4.4945E-09 4.3852E-09 4.2907E-09 4.1958E-09 4.1028E-09 4.0085E-09 3.9131E-09 3.8168E-09 3.7194E-09 3.6218E-09 3.5243E-09 3.4269E-09 3.3299E-09 3.2339E-09 3.1388E-09 3.0446E-09 2.9515E-09 2.8592E-09 2.7683E-09 2.6780E-09 2.5903E-09 2.5034E-09 2.4187E-09 2.3351E-09 2.2537E-09 2.1737E-09 2.0960E-09 2.0198E-09 1.9461E-09 1.8738E-09 1.8042E-09 1.7362E-09 1.6704E-09 1.6052E-09 1.5419E-09 1.4802E-09
7.2150E-09 6.9677E-09 6.7437E-09 6.5408E-09 6.3538E-09 6.1879E-09 6.0455E-09 5.9147E-09 5.7926E-09 5.6784E-09 5.5594E-09 5.4206E-09 5.2761E-09 5.2040E-09 5.1199E-09 5.0390E-09 4.9405E-09 4.8577E-09 4.7749E-09 4.6894E-09 4.6137E-09 4.5129E-09 4.4088E-09 4.3035E-09 4.2082E-09 4.1148E-09 4.0204E-09 3.9249E-09 3.8285E-09 3.7311E-09 3.6337E-09 3.5360E-09 3.4384E-09 3.3412E-09 3.2450E-09 3.1497E-09 3.0553E-09 2.9619E-09 2.8694E-09 2.7783E-09 2.6880E-09 2.5996E-09 2.5125E-09 2.4273E-09 2.3435E-09 2.2618E-09 2.1815E-09 2.1035E-09 2.0271E-09 1.9531E-09 1.8807E-09 1.8108E-09 1.7425E-09 1.6757E-09 1.6114E-09 1.5479E-09 1.4850E-09
7.3288E-09 7.0675E-09 6.8311E-09 6.6186E-09 6.4235E-09 6.2446E-09 6.0907E-09 5.9546E-09 5.8279E-09 5.7087E-09 5.5847E-09 5.4572E-09 5.3014E-09 5.1946E-09 5.1331E-09 5.0498E-09 4.9682E-09 4.8667E-09 4.7832E-09 4.6971E-09 4.6174E-09 4.5226E-09 4.4152E-09 4.3088E-09 4.2140E-09 4.1202E-09 4.0259E-09 3.9304E-09 3.8342E-09 3.7369E-09 3.6396E-09 3.5421E-09 3.4445E-09 3.3473E-09 3.2511E-09 3.1558E-09 3.0614E-09 2.9677E-09 2.8753E-09 2.7840E-09 2.6935E-09 2.6050E-09 2.5177E-09 2.4324E-09 2.3484E-09 2.2666E-09 2.1861E-09 2.1079E-09 2.0315E-09 1.9573E-09 1.8849E-09 1.8148E-09 1.7466E-09 1.6798E-09 1.6151E-09 1.5518E-09 1.4879E-09
7.4276E-09 7.1573E-09 6.9101E-09 6.6873E-09 6.4836E-09 6.2958E-09 6.1279E-09 5.9835E-09 5.8520E-09 5.7284E-09 5.6058E-09 5.4675E-09 5.3182E-09 5.1994E-09 5.1254E-09 5.0516E-09 4.9692E-09 4.8750E-09 4.7830E-09 4.6966E-09 4.6078E-09 4.5236E-09 4.4144E-09 4.3164E-09 4.2122E-09 4.1188E-09 4.0248E-09 3.9296E-09 3.8337E-09 3.7367E-09 3.6398E-09 3.5425E-09 3.4451E-09 3.3482E-09 3.2521E-09 3.1570E-09 3.0627E-09 2.9690E-09 2.8767E-09 2.7853E-09 2.6950E-09 2.6062E-09 2.5192E-09 2.4336E-09 2.3498E-09 2.2678E-09 2.1876E-09 2.1093E-09 2.0331E-09 1.9588E-09 1.8866E-09 1.8164E-09 1.7483E-09 1.6815E-09 1.6168E-09 1.5515E-09 1.4895E-09
7.5128E-09 7.2329E-09 6.9777E-09 6.7457E-09 6.5327E-09 6.3390E-09 6.1590E-09 6.0021E-09 5.8645E-09 5.7365E-09 5.6102E-09 5.4738E-09 5.3248E-09 5.1930E-09 5.1032E-09 5.0441E-09 4.9613E-09 4.8773E-09 4.7743E-09 4.6877E-09 4.5989E-09 4.5070E-09 4.4073E-09 4.3073E-09 4.2071E-09 4.1105E-09 4.0170E-09 3.9224E-09 3.8269E-09 3.7305E-09 3.6340E-09 3.5372E-09 3.4400E-09 3.3438E-09 3.2480E-09 3.1529E-09 3.0591E-09 2.9658E-09 2.8737E-09 2.7824E-09 2.6923E-09 2.6034E-09 2.5167E-09 2.4311E-09 2.3477E-09 2.2658E-09 2.1858E-09 2.1077E-09 2.0316E-09 1.9575E-09 1.8854E-09 1.8152E-09 1.7474E-09 1.6806E-09 1.6143E-09 1.5510E-09 1.4891E-09
7.5868E-09 7.2951E-09 7.0307E-09 6.7912E-09 6.5727E-09 6.3693E-09 6.1816E-09 6.0114E-09 5.8667E-09 5.7348E-09 5.6042E-09 5.4632E-09 5.3267E-09 5.1841E-09 5.0868E-09 5.0104E-09 4.9442E-09 4.8601E-09 4.7670E-09 4.6705E-09 4.5818E-09 4.4884E-09 4.3928E-09 4.2908E-09 4.1954E-09 4.0954E-09 4.0025E-09 3.9086E-09 3.8139E-09 3.7181E-09 3.6224E-09 3.5261E-09 3.4296E-09 3.3339E-09 3.2386E-09 3.1441E-09 3.0507E-09 2.9578E-09 2.8660E-09 2.7751E-09 2.6854E-09 2.5968E-09 2.5104E-09 2.4251E-09 2.3420E-09 2.2602E-09 2.1807E-09 2.1027E-09 2.0271E-09 1.9531E-09 1.8816E-09 1.8116E-09 1.7438E-09 1.6765E-09 1.6113E-09 1.5483E-09 1.4865E-09
7.6487E-09 7.3444E-09 7.0698E-09 6.8210E-09 6.5963E-09 6.3887E-09 6.1936E-09 6.0133E-09 5.8574E-09 5.7208E-09 5.5880E-09 5.4492E-09 5.3027E-09 5.1652E-09 5.0610E-09 4.9783E-09 4.9182E-09 4.8340E-09 4.7479E-09 4.6449E-09 4.5567E-09 4.4643E-09 4.3606E-09 4.2673E-09 4.1725E-09 4.0786E-09 3.9814E-09 3.8884E-09 3.7945E-09 3.6997E-09 3.6047E-09 3.5093E-09 3.4136E-09 3.3186E-09 3.2240E-09 3.1301E-09 3.0374E-09 2.9450E-09 2.8538E-09 2.7634E-09 2.6742E-09 2.5861E-09 2.5002E-09 2.4153E-09 2.3327E-09 2.2513E-09 2.1723E-09 2.0947E-09 2.0194E-09 1.9460E-09 1.8746E-09 1.8050E-09 1.7369E-09 1.6708E-09 1.6060E-09 1.5432E-09 1.4807E-09
7.6968E-09 7.3806E-09 7.0963E-09 6.8384E-09 6.6053E-09 6.3929E-09 6.1945E-09 6.0071E-09 5.8386E-09 5.6965E-09 5.5596E-09 5.4183E-09 5.2685E-09 5.1300E-09 5.0254E-09 4.9433E-09 4.8651E-09 4.7993E-09 4.7135E-09 4.6260E-09 4.5236E-09 4.4319E-09 4.3308E-09 4.2366E-09 4.1424E-09 4.0518E-09 3.9536E-09 3.8616E-09 3.7689E-09 3.6751E-09 3.5812E-09 3.4867E-09 3.3919E-09 3.2979E-09 3.2039E-09 3.1111E-09 3.0192E-09 2.9275E-09 2.8368E-09 2.7473E-09 2.6585E-09 2.5713E-09 2.4857E-09 2.4018E-09 2.3195E-09 2.2390E-09 2.1603E-09 2.0834E-09 2.0086E-09 1.9358E-09 1.8649E-09 1.7960E-09 1.7284E-09 1.6627E-09 1.5983E-09 1.5359E-09 1.4719E-09
7.7305E-09 7.4039E-09 7.1083E-09 6.8407E-09 6.6000E-09 6.3808E-09 6.1826E-09 5.9904E-09 5.8120E-09 5.6601E-09 5.5215E-09 5.3761E-09 5.2242E-09 5.0848E-09 4.9806E-09 4.8992E-09 4.8189E-09 4.7559E-09 4.6707E-09 4.5840E-09 4.4826E-09 4.3922E-09 4.2928E-09 4.1896E-09 4.1056E-09 4.0160E-09 3.9257E-09 3.8285E-09 3.7367E-09 3.6444E-09 3.5517E-09 3.4582E-09 3.3648E-09 3.2718E-09 3.1789E-09 3.0870E-09 2.9960E-09 2.9052E-09 2.8154E-09 2.7267E-09 2.6388E-09 2.5523E-09 2.4676E-09 2.3842E-09 2.3027E-09 2.2230E-09 2.1451E-09 2.0691E-09 1.9950E-09 1.9228E-09 1.8524E-09 1.7843E-09 1.7170E-09 1.6521E-09 1.5871E-09 1.5235E-09 1.4628E-09
7.7496E-09 7.4118E-09 7.1071E-09 6.8298E-09 6.5807E-09 6.3553E-09 6.1509E-09 5.9646E-09 5.7762E-09 5.6143E-09 5.4706E-09 5.3234E-09 5.1770E-09 5.0393E-09 4.9268E-09 4.8460E-09 4.7665E-09 4.6859E-09 4.6197E-09 4.5339E-09 4.4467E-09 4.3453E-09 4.2473E-09 4.1452E-09 4.0623E-09 3.9736E-09 3.8848E-09 3.7890E-09 3.6987E-09 3.6078E-09 3.5165E-09 3.4242E-09 3.3321E-09 3.2404E-09 3.1487E-09 3.0579E-09 2.9678E-09 2.8781E-09 2.7895E-09 2.7015E-09 2.6143E-09 2.5292E-09 2.4451E-09 2.3632E-09 2.2823E-09 2.2038E-09 2.1265E-09 2.0516E-09 1.9781E-09 1.9070E-09 1.8373E-09 1.7697E-09 1.7031E-09 1.6370E-09 1.5737E-09 1.5117E-09 1.4516E-09
7.7543E-09 7.4058E-09 7.0898E-09 6.8047E-09 6.5480E-09 6.3161E-09 6.1075E-09 5.9183E-09 5.7355E-09 5.5616E-09 5.4081E-09 5.2539E-09 5.1133E-09 4.9789E-09 4.8639E-09 4.7839E-09 4.7056E-09 4.6261E-09 4.5572E-09 4.4761E-09 4.3901E-09 4.2919E-09 4.1942E-09 4.0938E-09 4.0036E-09 3.9246E-09 3.8375E-09 3.7492E-09 3.6547E-09 3.5653E-09 3.4752E-09 3.3847E-09 3.2940E-09 3.2035E-09 3.1134E-09 3.0239E-09 2.9347E-09 2.8465E-09 2.7589E-09 2.6723E-09 2.5863E-09 2.5023E-09 2.4193E-09 2.3385E-09 2.2587E-09 2.1810E-09 2.1050E-09 2.0308E-09 1.9583E-09 1.8876E-09 1.8190E-09 1.7516E-09 1.6860E-09 1.6216E-09 1.5590E-09 1.4977E-09 1.4382E-09
7.7418E-09 7.3831E-09 7.0578E-09 6.7653E-09 6.5011E-09 6.2643E-09 6.0517E-09 5.8583E-09 5.6805E-09 5.5019E-09 5.3379E-09 5.1801E-09 5.0397E-09 4.9059E-09 4.7994E-09 4.7135E-09 4.6367E-09 4.5582E-09 4.4782E-09 4.4107E-09 4.3264E-09 4.2401E-09 4.1342E-09 4.0356E-09 3.9470E-09 3.8673E-09 3.7840E-09 3.6975E-09 3.6048E-09 3.5172E-09 3.4287E-09 3.3398E-09 3.2508E-09 3.1617E-09 3.0731E-09 2.9848E-09 2.8973E-09 2.8104E-09 2.7242E-09 2.6386E-09 2.5542E-09 2.4712E-09 2.3898E-09 2.3099E-09 2.2314E-09 2.1551E-09 2.0798E-09 2.0068E-09 1.9356E-09 1.8662E-09 1.7985E-09 1.7320E-09 1.6673E-09 1.6038E-09 1.5421E-09 1.4806E-09 1.4209E-09
7.7135E-09 7.3437E-09 7.0110E-09 6.7111E-09 6.4417E-09 6.1987E-09 5.9829E-09 5.7872E-09 5.6093E-09 5.4345E-09 5.2530E-09 5.0971E-09 4.9568E-09 4.8244E-09 4.7193E-09 4.6354E-09 4.5598E-09 4.4828E-09 4.4042E-09 4.3324E-09 4.2555E-09 4.1711E-09 4.0714E-09 3.9705E-09 3.8838E-09 3.8011E-09 3.7246E-09 3.6400E-09 3.5543E-09 3.4633E-09 3.3768E-09 3.2897E-09 3.2021E-09 3.1150E-09 3.0278E-09 2.9414E-09 2.8554E-09 2.7700E-09 2.6852E-09 2.6012E-09 2.5179E-09 2.4367E-09 2.3565E-09 2.2778E-09 2.2009E-09 2.1256E-09 2.0521E-09 1.9803E-09 1.9103E-09 1.8420E-09 1.7754E-09 1.7100E-09 1.6453E-09 1.5815E-09 1.5200E-09 1.4604E-09 1.4030E-09
7.6673E-09 7.2897E-09 6.9493E-09 6.6424E-09 6.3683E-09 6.1218E-09 5.9000E-09 5.7034E-09 5.5247E-09 5.3525E-09 5.1692E-09 5.0043E-09 4.8651E-09 4.7296E-09 4.6298E-09 4.5495E-09 4.4755E-09 4.4000E-09 4.3232E-09 4.2452E-09 4.1779E-09 4.0954E-09 4.0030E-09 3.8993E-09 3.8147E-09 3.7341E-09 3.6547E-09 3.5770E-09 3.4931E-09 3.4052E-09 3.3198E-09 3.2343E-09 3.1488E-09 3.0633E-09 2.9781E-09 2.8933E-09 2.8091E-09 2.7251E-09 2.6420E-09 2.5593E-09 2.4780E-09 2.3981E-09 2.3197E-09 2.2427E-09 2.1673E-09 2.0935E-09 2.0214E-09 1.9510E-09 1.8820E-09 1.8150E-09 1.7484E-09 1.6841E-09 1.6208E-09 1.5593E-09 1.4988E-09 1.4401E-09 1.3836E-09
7.6045E-09 7.2193E-09 6.8723E-09 6.5607E-09 6.2806E-09 6.0316E-09 5.8079E-09 5.6069E-09 5.4278E-09 5.2561E-09 5.0755E-09 4.9061E-09 4.7567E-09 4.6314E-09 4.5345E-09 4.4564E-09 4.3839E-09 4.3103E-09 4.2355E-09 4.1595E-09 4.0853E-09 4.0136E-09 3.9232E-09 3.8266E-09 3.7400E-09 3.6616E-09 3.5830E-09 3.5084E-09 3.4268E-09 3.3446E-09 3.2576E-09 3.1740E-09 3.0907E-09 3.0072E-09 2.9236E-09 2.8410E-09 2.7584E-09 2.6760E-09 2.5949E-09 2.5142E-09 2.4346E-09 2.3565E-09 2.2798E-09 2.2045E-09 2.1307E-09 2.0585E-09 1.9877E-09 1.9182E-09 1.8509E-09 1.7852E-09 1.7204E-09 1.6573E-09 1.5952E-09 1.5348E-09 1.4755E-09 1.4178E-09 1.3613E-09
7.5385E-09 7.1334E-09 6.7808E-09 6.4646E-09 6.1819E-09 5.9295E-09 5.7036E-09 5.5019E-09 5.3193E-09 5.1486E-09 4.9702E-09 4.8024E-09 4.6401E-09 4.5214E-09 4.4327E-09 4.3564E-09 4.2859E-09 4.2143E-09 4.1415E-09 4.0677E-09 3.9928E-09 3.9259E-09 3.8371E-09 3.7469E-09 3.6601E-09 3.5839E-09 3.5076E-09 3.4298E-09 3.3558E-09 3.2757E-09 3.1935E-09 3.1095E-09 3.0283E-09 2.9465E-09 2.8653E-09 2.7844E-09 2.7037E-09 2.6236E-09 2.5443E-09 2.4656E-09 2.3879E-09 2.3117E-09 2.2365E-09 2.1628E-09 2.0905E-09 2.0200E-09 1.9510E-09 1.8836E-09 1.8178E-09 1.7534E-09 1.6901E-09 1.6274E-09 1.5666E-09 1.5065E-09 1.4473E-09 1.3912E-09 1.3367E-09
7.4622E-09 7.0330E-09 6.6755E-09 6.3553E-09 6.0694E-09 5.8148E-09 5.5886E-09 5.3856E-09 5.2022E-09 5.0322E-09 4.8575E-09 4.6780E-09 4.5229E-09 4.4090E-09 4.3176E-09 4.2502E-09 4.1818E-09 4.1123E-09 4.0419E-09 3.9703E-09 3.8979E-09 3.8237E-09 3.7451E-09 3.6586E-09 3.5817E-09 3.5014E-09 3.4274E-09 3.3520E-09 3.2801E-09 3.2023E-09 3.1232E-09 3.0406E-09 2.9614E-09 2.8820E-09 2.8028E-09 2.7240E-09 2.6457E-09 2.5676E-09 2.4904E-09 2.4134E-09 2.3373E-09 2.2630E-09 2.1901E-09 2.1185E-09 2.0484E-09 1.9796E-09 1.9124E-09 1.8463E-09 1.7821E-09 1.7184E-09 1.6564E-09 1.5952E-09 1.5357E-09 1.4771E-09 1.4202E-09 1.3653E-09 1.3119E-09
7.3704E-09 6.9377E-09 6.5562E-09 6.2333E-09 5.9456E-09 5.6899E-09 5.4625E-09 5.2593E-09 5.0747E-09 4.9074E-09 4.7232E-09 4.5572E-09 4.4049E-09 4.2916E-09 4.2036E-09 4.1384E-09 4.0722E-09 4.0051E-09 3.9370E-09 3.8680E-09 3.7980E-09 3.7248E-09 3.6490E-09 3.5663E-09 3.4918E-09 3.4144E-09 3.3428E-09 3.2699E-09 3.1955E-09 3.1242E-09 3.0477E-09 2.9707E-09 2.8906E-09 2.8136E-09 2.7368E-09 2.6604E-09 2.5839E-09 2.5078E-09 2.4325E-09 2.3580E-09 2.2845E-09 2.2124E-09 2.1415E-09 2.0717E-09 2.0034E-09 1.9363E-09 1.8708E-09 1.8065E-09 1.7439E-09 1.6820E-09 1.6217E-09 1.5621E-09 1.5032E-09 1.4469E-09 1.3913E-09 1.3367E-09 1.2844E-09
7.2669E-09 6.8315E-09 6.4267E-09 6.0999E-09 5.8107E-09 5.5541E-09 5.3261E-09 5.1225E-09 4.9392E-09 4.7688E-09 4.5947E-09 4.4302E-09 4.2801E-09 4.1615E-09 4.0846E-09 4.0215E-09 3.9578E-09 3.8931E-09 3.8275E-09 3.7610E-09 3.6935E-09 3.6225E-09 3.5397E-09 3.4692E-09 3.3978E-09 3.3288E-09 3.2540E-09 3.1835E-09 3.1119E-09 3.0428E-09 2.9688E-09 2.8941E-09 2.8166E-09 2.7419E-09 2.6674E-09 2.5931E-09 2.5191E-09 2.4455E-09 2.3725E-09 2.3002E-09 2.2290E-09 2.1589E-09 2.0901E-09 2.0224E-09 1.9559E-09 1.8910E-09 1.8271E-09 1.7649E-09 1.7033E-09 1.6431E-09 1.5834E-09 1.5254E-09 1.4679E-09 1.4121E-09 1.3584E-09 1.3061E-09 1.2560E-09
7.1516E-09 6.7142E-09 6.3057E-09 5.9545E-09 5.6654E-09 5.4088E-09 5.1808E-09 4.9770E-09 4.7958E-09 4.6290E-09 4.4586E-09 4.2908E-09 4.1487E-09 4.0298E-09 3.9608E-09 3.9003E-09 3.8390E-09 3.7769E-09 3.7139E-09 3.6500E-09 3.5849E-09 3.5155E-09 3.4358E-09 3.3683E-09 3.3001E-09 3.2339E-09 3.1623E-09 3.0938E-09 3.0247E-09 2.9543E-09 2.8863E-09 2.8143E-09 2.7419E-09 2.6669E-09 2.5947E-09 2.5231E-09 2.4514E-09 2.3802E-09 2.3095E-09 2.2394E-09 2.1706E-09 2.1028E-09 2.0363E-09 1.9709E-09 1.9065E-09 1.8436E-09 1.7817E-09 1.7213E-09 1.6612E-09 1.6028E-09 1.5450E-09 1.4886E-09 1.4330E-09 1.3788E-09 1.3265E-09 1.2754E-09 1.2262E-09
7.0283E-09 6.5851E-09 6.1829E-09 5.8038E-09 5.5103E-09 5.2537E-09 5.0263E-09 4.8238E-09 4.6454E-09 4.4814E-09 4.3159E-09 4.1466E-09 4.0020E-09 3.9011E-09 3.8331E-09 3.7751E-09 3.7164E-09 3.6569E-09 3.5966E-09 3.5354E-09 3.4728E-09 3.4051E-09 3.3279E-09 3.2574E-09 3.1991E-09 3.1357E-09 3.0709E-09 3.0009E-09 2.9341E-09 2.8659E-09 2.7995E-09 2.7310E-09 2.6612E-09 2.5891E-09 2.5198E-09 2.4504E-09 2.3813E-09 2.3123E-09 2.2441E-09 2.1767E-09 2.1101E-09 2.0449E-09 1.9806E-09 1.9175E-09 1.8552E-09 1.7941E-09 1.7342E-09 1.6750E-09 1.6170E-09 1.5594E-09 1.5044E-09 1.4487E-09 1.3947E-09 1.3425E-09 1.2917E-09 1.2420E-09 1.1940E-09
6.9040E-09 6.4522E-09 6.0471E-09 5.6664E-09 5.3460E-09 5.0909E-09 4.8646E-09 4.6646E-09 4.4837E-09 4.3177E-09 4.1537E-09 3.9960E-09 3.8668E-09 3.7691E-09 3.7018E-09 3.6464E-09 3.5905E-09 3.5337E-09 3.4762E-09 3.4177E-09 3.3576E-09 3.2907E-09 3.2174E-09 3.1506E-09 3.0929E-09 3.0344E-09 2.9722E-09 2.9065E-09 2.8408E-09 2.7755E-09 2.7094E-09 2.6457E-09 2.5785E-09 2.5112E-09 2.4423E-09 2.3755E-09 2.3090E-09 2.2428E-09 2.1769E-09 2.1120E-09 2.0480E-09 1.9851E-09 1.9230E-09 1.8618E-09 1.8020E-09 1.7430E-09 1.6855E-09 1.6281E-09 1.5720E-09 1.5163E-09 1.4621E-09 1.4084E-09 1.3560E-09 1.3055E-09 1.2561E-09 1.2084E-09 1.1618E-09
6.7714E-09 6.3155E-09 5.9053E-09 5.5342E-09 5.1818E-09 4.9203E-09 4.6964E-09 4.5002E-09 4.3235E-09 4.1605E-09 3.9988E-09 3.8467E-09 3.7236E-09 3.6341E-09 3.5680E-09 3.5151E-09 3.4619E-09 3.4079E-09 3.3531E-09 3.2974E-09 3.2396E-09 3.1744E-09 3.1041E-09 3.0414E-09 2.9839E-09 2.9310E-09 2.8714E-09 2.8107E-09 2.7454E-09 2.6828E-09 2.6192E-09 2.5565E-09 2.4936E-09 2.4290E-09 2.3630E-09 2.2987E-09 2.2348E-09 2.1713E-09 2.1080E-09 2.0455E-09 1.9842E-09 1.9236E-09 1.8640E-09 1.8052E-09 1.7473E-09 1.6904E-09 1.6344E-09 1.5789E-09 1.5239E-09 1.4712E-09 1.4179E-09 1.3669E-09 1.3158E-09 1.2682E-09 1.2204E-09 1.1741E-09 1.1289E-09
