Assets/Resources/2015_m01_d05_0700(utc+0800)_l00_csi_1hr_conc.grd
DSAA
         159         159
     -79.000      79.000
     -79.000      79.000
  0.1962E-09  0.1360E-04
[rows 75 to 99 of 159, columns 57 to 113 of 159]
1.9140E-07 1.9685E-07 2.0074E-07 2.0284E-07 2.0358E-07 2.0374E-07 2.0308E-07 2.0286E-07 2.0205E-07 2.0405E-07 2.0562E-07 1.7961E-07 1.3138E-07 1.0977E-07 9.1963E-08 7.7309E-08 6.5334E-08 5.5509E-08 4.9992E-07 5.2362E-06 8.5468E-06 1.3601E-05 2.5723E-08 2.2134E-08 1.9088E-08 1.6479E-08 1.4268E-08 1.2355E-08 1.0798E-08 9.4212E-09 8.2129E-09 7.1546E-09 6.2316E-09 5.2283E-09 4.5999E-09 4.0535E-09 3.5552E-09 3.1059E-09 2.6678E-09 2.2865E-09 2.0001E-09 1.7485E-09 1.5362E-09 1.3951E-09 1.2956E-09 1.2246E-09 1.1729E-09 1.1214E-09 1.0748E-09 1.0330E-09 9.9585E-10 9.6186E-10 9.3016E-10 8.9209E-10 8.6146E-10 8.3349E-10 8.1896E-10
1.8876E-07 1.9379E-07 1.9712E-07 1.9848E-07 1.9818E-07 1.9679E-07 1.9418E-07 1.9101E-07 1.8702E-07 1.8756E-07 1.8268E-07 1.5918E-07 1.2469E-07 1.0511E-07 8.8734E-08 7.5017E-08 6.3616E-08 5.4108E-08 4.6168E-08 3.3549E-06 7.0213E-06 1.1880E-05 2.4989E-08 2.1438E-08 1.8399E-08 1.5821E-08 1.3668E-08 1.1810E-08 1.0306E-08 8.9815E-09 7.8201E-09 6.8111E-09 5.7713E-09 5.0161E-09 4.4114E-09 3.8810E-09 3.3933E-09 2.9693E-09 2.5449E-09 2.1884E-09 1.8944E-09 1.6625E-09 1.4628E-09 1.3508E-09 1.2729E-09 1.2136E-09 1.1621E-09 1.1114E-09 1.0662E-09 1.0257E-09 9.8977E-10 9.5742E-10 9.2365E-10 8.8704E-10 8.5705E-10 8.3156E-10 8.1775E-10
1.8408E-07 1.8866E-07 1.9146E-07 1.9220E-07 1.9098E-07 1.8824E-07 1.8422E-07 1.7883E-07 1.7258E-07 1.6440E-07 1.6002E-07 1.4395E-07 1.1714E-07 9.9637E-08 8.4752E-08 7.2055E-08 6.1317E-08 5.2221E-08 4.4573E-08 4.5901E-08 5.5429E-06 1.1830E-05 2.4067E-08 2.0531E-08 1.7583E-08 1.5138E-08 1.3005E-08 1.1219E-08 9.7805E-09 8.5218E-09 7.4184E-09 6.3479E-09 5.4594E-09 4.7992E-09 4.2230E-09 3.7075E-09 3.2280E-09 2.8292E-09 2.4244E-09 2.0824E-09 1.8067E-09 1.5808E-09 1.4109E-09 1.3242E-09 1.2574E-09 1.2020E-09 1.1502E-09 1.1011E-09 1.0579E-09 1.0196E-09 9.8453E-10 9.5227E-10 9.1615E-10 8.8266E-10 8.5163E-10 8.3017E-10 8.1641E-10
1.7759E-07 1.8172E-07 1.8402E-07 1.8428E-07 1.8248E-07 1.7878E-07 1.7370E-07 1.6701E-07 1.5928E-07 1.4988E-07 1.4085E-07 1.3110E-07 1.0970E-07 9.3770E-08 8.0261E-08 6.8567E-08 5.8483E-08 4.9889E-08 4.2641E-08 3.6499E-08 3.1256E-08 1.1703E-05 2.2876E-08 1.9527E-08 1.6681E-08 1.4333E-08 1.2300E-08 1.0604E-08 9.2404E-09 8.0466E-09 6.8920E-09 5.9256E-09 5.2067E-09 4.5770E-09 4.0259E-09 3.5182E-09 3.0796E-09 2.6907E-09 2.2869E-09 1.9652E-09 1.7169E-09 1.5100E-09 1.3777E-09 1.3056E-09 1.2419E-09 1.1898E-09 1.1380E-09 1.0917E-09 1.0493E-09 1.0131E-09 9.7773E-10 9.4579E-10 9.0874E-10 8.7666E-10 8.4518E-10 8.2867E-10 8.1497E-10
1.6961E-07 1.7326E-07 1.7507E-07 1.7490E-07 1.7267E-07 1.6851E-07 1.6279E-07 1.5557E-07 1.4708E-07 1.3725E-07 1.2576E-07 1.1853E-07 1.0195E-07 8.7663E-08 7.5391E-08 6.4559E-08 5.5186E-08 4.7235E-08 4.0401E-08 3.4562E-08 2.9561E-08 2.5223E-08 2.1556E-08 1.8418E-08 1.5760E-08 1.3478E-08 1.1555E-08 9.9682E-09 8.6932E-09 7.4506E-09 6.4076E-09 5.6350E-09 4.9569E-09 4.3617E-09 3.8342E-09 3.3403E-09 2.9349E-09 2.5249E-09 2.1667E-09 1.8705E-09 1.6305E-09 1.4754E-09 1.3558E-09 1.2878E-09 1.2274E-09 1.1772E-09 1.1271E-09 1.0809E-09 1.0395E-09 1.0045E-09 9.7018E-10 9.3845E-10 9.0105E-10 8.6960E-10 8.4091E-10 8.2704E-10 8.1342E-10
1.6026E-07 1.6341E-07 1.6479E-07 1.6429E-07 1.6177E-07 1.5744E-07 1.5146E-07 1.4415E-07 1.3553E-07 1.2580E-07 1.1471E-07 1.0566E-07 9.4405E-08 8.1044E-08 6.9971E-08 6.0240E-08 5.1705E-08 4.4283E-08 3.7888E-08 3.2392E-08 2.7664E-08 2.3572E-08 2.0163E-08 1.7232E-08 1.4737E-08 1.2599E-08 1.0804E-08 9.3375E-09 8.0175E-09 6.9089E-09 6.0804E-09 5.3492E-09 4.7077E-09 4.1477E-09 3.6376E-09 3.1873E-09 2.7633E-09 2.3826E-09 2.0381E-09 1.7810E-09 1.5880E-09 1.4353E-09 1.3345E-09 1.2680E-09 1.2125E-09 1.1635E-09 1.1137E-09 1.0694E-09 1.0303E-09 9.9566E-10 9.6337E-10 9.2891E-10 8.9352E-10 8.6330E-10 8.3904E-10 8.2532E-10 8.1175E-10
1.4974E-07 1.5246E-07 1.5348E-07 1.5274E-07 1.5006E-07 1.4569E-07 1.3975E-07 1.3259E-07 1.2427E-07 1.1496E-07 1.0441E-07 9.3443E-08 8.6360E-08 7.4760E-08 6.4701E-08 5.5767E-08 4.7920E-08 4.1076E-08 3.5156E-08 3.0040E-08 2.5621E-08 2.1839E-08 1.8729E-08 1.6064E-08 1.3690E-08 1.1673E-08 1.0021E-08 8.5919E-09 7.4135E-09 6.5346E-09 5.7584E-09 5.0756E-09 4.4757E-09 3.9458E-09 3.4482E-09 3.0449E-09 2.6080E-09 2.2458E-09 1.9642E-09 1.7258E-09 1.5418E-09 1.3953E-09 1.3115E-09 1.2482E-09 1.1972E-09 1.1479E-09 1.1004E-09 1.0581E-09 1.0222E-09 9.8760E-10 9.5541E-10 9.1933E-10 8.8617E-10 8.5487E-10 8.3712E-10 8.2347E-10 8.0997E-10
1.3839E-07 1.4068E-07 1.4141E-07 1.4050E-07 1.3784E-07 1.3357E-07 1.2786E-07 1.2097E-07 1.1310E-07 1.0440E-07 9.4853E-08 8.4845E-08 7.7523E-08 6.8305E-08 5.9185E-08 5.1065E-08 4.3930E-08 3.7695E-08 3.2264E-08 2.7589E-08 2.3506E-08 2.0083E-08 1.7279E-08 1.4820E-08 1.2591E-08 1.0766E-08 9.1521E-09 7.9183E-09 6.9992E-09 6.1790E-09 5.4516E-09 4.8118E-09 4.2506E-09 3.7371E-09 3.2942E-09 2.8830E-09 2.4861E-09 2.1311E-09 1.8908E-09 1.6618E-09 1.4904E-09 1.3598E-09 1.2884E-09 1.2306E-09 1.1818E-09 1.1327E-09 1.0872E-09 1.0464E-09 1.0127E-09 9.7841E-10 9.4663E-10 9.0988E-10 8.7777E-10 8.4883E-10 8.3509E-10 8.2151E-10 8.0807E-10
1.2649E-07 1.2840E-07 1.2888E-07 1.2786E-07 1.2529E-07 1.2123E-07 1.1589E-07 1.0945E-07 1.0218E-07 9.4214E-08 8.5567E-08 7.6548E-08 6.8307E-08 6.1736E-08 5.3549E-08 4.6261E-08 3.9846E-08 3.4208E-08 2.9311E-08 2.5077E-08 2.1386E-08 1.8384E-08 1.5831E-08 1.3548E-08 1.1559E-08 9.8064E-09 8.4166E-09 7.4608E-09 6.6005E-09 5.8346E-09 5.1630E-09 4.5667E-09 4.0373E-09 3.5378E-09 3.1417E-09 2.7038E-09 2.3445E-09 2.0485E-09 1.8074E-09 1.5975E-09 1.4408E-09 1.3292E-09 1.2653E-09 1.2128E-09 1.1657E-09 1.1171E-09 1.0737E-09 1.0357E-09 1.0022E-09 9.6926E-10 9.3525E-10 9.0027E-10 8.6942E-10 8.4661E-10 8.3294E-10 8.1943E-10 8.0607E-10
1.1434E-07 1.1590E-07 1.1616E-07 1.1508E-07 1.1264E-07 1.0884E-07 1.0391E-07 9.8021E-08 9.1378E-08 8.4169E-08 7.6466E-08 6.8429E-08 6.0515E-08 5.4980E-08 4.7943E-08 4.1464E-08 3.5698E-08 3.0730E-08 2.6448E-08 2.2601E-08 1.9422E-08 1.6793E-08 1.4486E-08 1.2390E-08 1.0638E-08 8.9427E-09 7.9083E-09 7.0147E-09 6.2204E-09 5.5087E-09 4.8788E-09 4.3230E-09 3.8116E-09 3.3682E-09 2.9848E-09 2.5739E-09 2.2060E-09 1.9655E-09 1.7258E-09 1.5384E-09 1.3922E-09 1.3029E-09 1.2436E-09 1.1950E-09 1.1476E-09 1.1012E-09 1.0598E-09 1.0261E-09 9.9163E-10 9.6013E-10 9.2407E-10 8.9070E-10 8.6069E-10 8.4427E-10 8.3068E-10 8.1724E-10 8.0395E-10
1.0217E-07 1.0342E-07 1.0351E-07 1.0240E-07 1.0012E-07 9.6619E-08 9.2139E-08 8.6819E-08 8.0846E-08 7.4395E-08 6.7621E-08 6.0550E-08 5.3561E-08 4.8009E-08 4.2350E-08 3.6754E-08 3.1834E-08 2.7541E-08 2.3673E-08 2.0364E-08 1.7666E-08 1.5324E-08 1.3252E-08 1.1355E-08 9.4968E-09 8.3289E-09 7.4147E-09 6.5870E-09 5.8457E-09 5.1911E-09 4.5995E-09 4.0844E-09 3.5855E-09 3.1943E-09 2.7621E-09 2.4128E-09 2.1010E-09 1.8788E-09 1.6497E-09 1.4798E-09 1.3491E-09 1.2761E-09 1.2235E-09 1.1773E-09 1.1294E-09 1.0857E-09 1.0468E-09 1.0146E-09 9.8128E-10 9.4824E-10 9.1289E-10 8.8050E-10 8.5549E-10 8.4182E-10 8.2831E-10 8.1494E-10 8.0172E-10
9.0217E-08 9.1163E-08 9.1122E-08 9.0037E-08 8.7930E-08 8.4764E-08 8.0740E-08 7.6004E-08 7.0734E-08 6.5066E-08 5.9183E-08 5.2988E-08 4.6886E-08 4.1605E-08 3.7370E-08 3.2551E-08 2.8317E-08 2.4504E-08 2.1157E-08 1.8427E-08 1.6052E-08 1.3959E-08 1.2072E-08 1.0398E-08 8.7602E-09 7.7759E-09 6.9266E-09 6.1617E-09 5.4825E-09 4.8722E-09 4.3253E-09 3.8085E-09 3.3949E-09 3.0148E-09 2.6144E-09 2.2514E-09 2.0053E-09 1.7829E-09 1.5767E-09 1.4175E-09 1.3124E-09 1.2513E-09 1.2036E-09 1.1580E-09 1.1120E-09 1.0697E-09 1.0359E-09 1.0023E-09 9.7035E-10 9.3493E-10 9.0101E-10 8.7128E-10 8.5282E-10 8.3925E-10 8.2581E-10 8.1251E-10 7.9936E-10
7.8760E-08 7.9411E-08 7.9224E-08 7.8162E-08 7.6240E-08 7.3443E-08 6.9900E-08 6.5782E-08 6.1214E-08 5.6275E-08 5.1234E-08 4.6138E-08 4.1006E-08 3.6413E-08 3.2640E-08 2.8757E-08 2.5079E-08 2.1754E-08 1.9037E-08 1.6653E-08 1.4556E-08 1.2692E-08 1.0940E-08 9.1842E-09 8.0907E-09 7.2291E-09 6.4542E-09 5.7513E-09 5.1213E-09 4.5601E-09 4.0442E-09 3.5804E-09 3.1989E-09 2.7808E-09 2.4360E-09 2.1327E-09 1.9087E-09 1.6868E-09 1.5015E-09 1.3640E-09 1.2803E-09 1.2291E-09 1.1840E-09 1.1376E-09 1.0939E-09 1.0551E-09 1.0239E-09 9.9052E-10 9.5783E-10 9.2271E-10 8.8952E-10 8.6463E-10 8.5003E-10 8.3654E-10 8.2319E-10 8.0997E-10 7.9689E-10
6.7973E-08 6.8413E-08 6.8169E-08 6.7180E-08 6.5463E-08 6.3037E-08 5.9993E-08 5.6477E-08 5.2602E-08 4.8489E-08 4.4257E-08 4.0026E-08 3.5730E-08 3.1847E-08 2.8443E-08 2.5332E-08 2.2101E-08 1.9394E-08 1.7053E-08 1.4977E-08 1.3130E-08 1.1440E-08 9.8965E-09 8.3827E-09 7.4887E-09 6.7040E-09 5.9903E-09 5.3501E-09 4.7709E-09 4.2580E-09 3.7632E-09 3.3680E-09 2.9657E-09 2.6047E-09 2.2621E-09 2.0179E-09 1.8047E-09 1.5954E-09 1.4312E-09 1.3180E-09 1.2536E-09 1.2074E-09 1.1634E-09 1.1179E-09 1.0761E-09 1.0431E-09 1.0103E-09 9.7813E-10 9.4328E-10 9.0931E-10 8.7947E-10 8.6066E-10 8.4713E-10 8.3372E-10 8.2044E-10 8.0730E-10 7.9429E-10
5.8112E-08 5.8399E-08 5.8131E-08 5.7247E-08 5.5764E-08 5.3728E-08 5.1173E-08 4.8238E-08 4.5015E-08 4.1612E-08 3.8096E-08 3.4579E-08 3.1020E-08 2.7756E-08 2.4798E-08 2.2052E-08 1.9461E-08 1.7201E-08 1.5204E-08 1.3422E-08 1.1799E-08 1.0233E-08 8.6288E-09 7.6935E-09 6.9093E-09 6.1929E-09 5.5492E-09 4.9581E-09 4.4341E-09 3.9276E-09 3.5172E-09 3.1543E-09 2.7571E-09 2.4233E-09 2.1302E-09 1.9101E-09 1.6988E-09 1.5100E-09 1.3679E-09 1.2789E-09 1.2297E-09 1.1863E-09 1.1411E-09 1.0981E-09 1.0605E-09 1.0300E-09 9.9678E-10 9.6407E-10 9.2940E-10 8.9597E-10 8.7264E-10 8.5754E-10 8.4409E-10 8.3077E-10 8.1758E-10 8.0451E-10 7.9159E-10
4.9368E-08 4.9548E-08 4.9283E-08 4.8520E-08 4.7274E-08 4.5586E-08 4.3461E-08 4.1030E-08 3.8366E-08 3.5554E-08 3.2659E-08 2.9749E-08 2.6829E-08 2.4105E-08 2.1530E-08 1.9154E-08 1.7101E-08 1.5234E-08 1.3536E-08 1.1959E-08 1.0475E-08 8.8109E-09 7.8390E-09 7.0638E-09 6.3543E-09 5.7103E-09 5.1165E-09 4.5902E-09 4.0845E-09 3.6521E-09 3.2792E-09 2.8748E-09 2.5496E-09 2.2388E-09 2.0037E-09 1.7942E-09 1.5955E-09 1.4291E-09 1.3133E-09 1.2507E-09 1.2066E-09 1.1639E-09 1.1191E-09 1.0789E-09 1.0476E-09 1.0149E-09 9.8309E-10 9.4822E-10 9.1433E-10 8.8583E-10 8.6780E-10 8.5429E-10 8.4094E-10 8.2770E-10 8.1459E-10 8.0160E-10 7.8839E-10
4.1823E-08 4.1915E-08 4.1643E-08 4.0978E-08 3.9926E-08 3.8524E-08 3.6778E-08 3.4778E-08 3.2592E-08 3.0284E-08 2.7916E-08 2.5526E-08 2.3046E-08 2.0740E-08 1.8665E-08 1.6779E-08 1.5047E-08 1.3461E-08 1.1968E-08 1.0580E-08 9.1818E-09 7.9303E-09 7.1622E-09 6.4682E-09 5.8243E-09 5.2414E-09 4.7170E-09 4.2199E-09 3.7715E-09 3.3950E-09 3.0113E-09 2.6828E-09 2.3339E-09 2.0961E-09 1.8825E-09 1.6802E-09 1.4990E-09 1.3585E-09 1.2730E-09 1.2256E-09 1.1842E-09 1.1395E-09 1.0975E-09 1.0632E-09 1.0330E-09 9.9981E-10 9.6724E-10 9.3260E-10 9.0020E-10 8.7949E-10 8.6429E-10 8.5091E-10 8.3764E-10 8.2450E-10 8.1147E-10 7.9857E-10 7.8546E-10
3.5318E-08 3.5357E-08 3.5092E-08 3.4518E-08 3.3636E-08 3.2475E-08 3.1050E-08 2.9413E-08 2.7628E-08 2.5716E-08 2.3729E-08 2.1788E-08 1.9729E-08 1.7931E-08 1.6246E-08 1.4668E-08 1.3201E-08 1.1808E-08 1.0519E-08 9.1802E-09 7.9396E-09 7.1970E-09 6.5294E-09 5.9014E-09 5.3305E-09 4.8123E-09 4.3216E-09 3.8697E-09 3.4909E-09 3.1276E-09 2.7807E-09 2.4581E-09 2.1812E-09 1.9623E-09 1.7581E-09 1.5699E-09 1.4114E-09 1.3010E-09 1.2430E-09 1.2014E-09 1.1596E-09 1.1160E-09 1.0786E-09 1.0493E-09 1.0163E-09 9.8434E-10 9.5005E-10 9.1569E-10 8.9138E-10 8.7421E-10 8.6070E-10 8.4741E-10 8.3424E-10 8.2118E-10 8.0824E-10 7.9507E-10 7.8204E-10
2.9776E-08 2.9755E-08 2.9487E-08 2.8983E-08 2.8241E-08 2.7281E-08 2.6120E-08 2.4788E-08 2.3341E-08 2.1815E-08 2.0246E-08 1.8541E-08 1.6986E-08 1.5518E-08 1.4121E-08 1.2788E-08 1.1497E-08 1.0312E-08 9.0563E-09 7.8632E-09 7.1628E-09 6.5293E-09 5.9285E-09 5.3771E-09 4.8716E-09 4.3910E-09 3.9438E-09 3.5669E-09 3.2087E-09 2.8504E-09 2.5396E-09 2.2530E-09 2.0324E-09 1.8288E-09 1.6365E-09 1.4655E-09 1.3368E-09 1.2611E-09 1.2171E-09 1.1770E-09 1.1334E-09 1.0938E-09 1.0633E-09 1.0326E-09 9.9991E-10 9.6649E-10 9.3235E-10 9.0298E-10 8.8519E-10 8.7027E-10 8.5696E-10 8.4377E-10 8.3069E-10 8.1773E-10 8.0488E-10 7.9145E-10 7.7853E-10
2.5128E-08 2.5079E-08 2.4830E-08 2.4398E-08 2.3777E-08 2.2987E-08 2.2044E-08 2.0962E-08 1.9747E-08 1.8480E-08 1.7154E-08 1.5879E-08 1.4634E-08 1.3423E-08 1.2225E-08 1.1068E-08 9.9815E-09 8.7323E-09 7.7031E-09 7.0582E-09 6.4598E-09 5.9004E-09 5.3781E-09 4.8927E-09 4.4273E-09 3.9915E-09 3.6184E-09 3.2711E-09 2.9143E-09 2.6195E-09 2.3138E-09 2.0928E-09 1.8910E-09 1.6973E-09 1.5199E-09 1.3760E-09 1.2816E-09 1.2312E-09 1.1924E-09 1.1500E-09 1.1087E-09 1.0763E-09 1.0473E-09 1.0145E-09 9.8214E-10 9.4781E-10 9.1572E-10 8.9598E-10 8.7961E-10 8.6631E-10 8.5311E-10 8.4002E-10 8.2704E-10 8.1416E-10 8.0105E-10 7.8808E-10 7.7524E-10
2.1185E-08 2.1116E-08 2.0890E-08 2.0517E-08 1.9999E-08 1.9346E-08 1.8565E-08 1.7690E-08 1.6742E-08 1.5678E-08 1.4661E-08 1.3633E-08 1.2588E-08 1.1531E-08 1.0538E-08 9.5380E-09 8.3989E-09 7.4822E-09 6.8831E-09 6.3353E-09 5.8158E-09 5.3274E-09 4.8641E-09 4.4211E-09 4.0082E-09 3.6460E-09 3.3059E-09 2.9618E-09 2.6718E-09 2.3728E-09 2.1427E-09 1.9403E-09 1.7474E-09 1.5694E-09 1.4165E-09 1.3076E-09 1.2437E-09 1.2050E-09 1.1647E-09 1.1225E-09 1.0883E-09 1.0604E-09 1.0281E-09 9.9627E-10 9.6236E-10 9.2894E-10 9.0613E-10 8.8975E-10 8.7543E-10 8.6222E-10 8.4912E-10 8.3613E-10 8.2324E-10 8.1010E-10 7.9710E-10 7.8424E-10 7.7185E-10
1.7919E-08 1.7838E-08 1.7636E-08 1.7315E-08 1.6882E-08 1.6345E-08 1.5720E-08 1.5011E-08 1.4186E-08 1.3385E-08 1.2526E-08 1.1640E-08 1.0764E-08 9.9009E-09 8.9073E-09 7.9294E-09 7.2195E-09 6.6769E-09 6.1614E-09 5.6783E-09 5.2270E-09 4.7906E-09 4.3799E-09 3.9910E-09 3.6464E-09 3.3191E-09 2.9828E-09 2.6988E-09 2.4198E-09 2.1804E-09 1.9835E-09 1.7915E-09 1.6076E-09 1.4525E-09 1.3323E-09 1.2587E-09 1.2159E-09 1.1776E-09 1.1355E-09 1.0998E-09 1.0720E-09 1.0413E-09 1.0090E-09 9.7559E-10 9.4177E-10 9.1615E-10 8.9965E-10 8.8429E-10 8.7110E-10 8.5801E-10 8.4502E-10 8.3213E-10 8.1933E-10 8.0629E-10 7.9338E-10 7.8060E-10 7.6829E-10
1.5118E-08 1.5031E-08 1.4850E-08 1.4581E-08 1.4225E-08 1.3789E-08 1.3274E-08 1.2680E-08 1.2034E-08 1.1356E-08 1.0660E-08 9.9380E-09 9.0630E-09 8.1475E-09 7.4305E-09 6.9247E-09 6.4332E-09 5.9609E-09 5.5101E-09 5.0788E-09 4.6733E-09 4.3008E-09 3.9383E-09 3.6133E-09 3.2988E-09 2.9842E-09 2.7091E-09 2.4399E-09 2.2045E-09 2.0100E-09 1.8260E-09 1.6414E-09 1.4839E-09 1.3573E-09 1.2735E-09 1.2251E-09 1.1883E-09 1.1468E-09 1.1102E-09 1.0822E-09 1.0529E-09 1.0204E-09 9.8770E-10 9.5360E-10 9.2619E-10 9.0915E-10 8.9321E-10 8.7973E-10 8.6664E-10 8.5364E-10 8.4074E-10 8.2794E-10 8.1489E-10 8.0195E-10 7.8914E-10 7.7680E-10 7.6457E-10
1.2735E-08 1.2648E-08 1.2489E-08 1.2259E-08 1.1963E-08 1.1603E-08 1.1191E-08 1.0735E-08 1.0223E-08 9.5408E-09 8.8228E-09 8.1250E-09 7.4940E-09 7.0372E-09 6.5872E-09 6.1514E-09 5.7253E-09 5.3096E-09 4.9128E-09 4.5376E-09 4.1811E-09 3.8477E-09 3.5468E-09 3.2535E-09 2.9619E-09 2.7009E-09 2.4446E-09 2.2178E-09 2.0262E-09 1.8484E-09 1.6649E-09 1.5038E-09 1.3785E-09 1.2870E-09 1.2326E-09 1.1969E-09 1.1564E-09 1.1192E-09 1.0912E-09 1.0631E-09 1.0308E-09 9.9874E-10 9.6444E-10 9.3628E-10 9.1779E-10 9.0228E-10 8.8805E-10 8.7498E-10 8.6200E-10 8.4911E-10 8.3630E-10 8.2359E-10 8.1063E-10 7.9779E-10 7.8507E-10 7.7282E-10 7.6067E-10
1.0795E-08 1.0731E-08 1.0596E-08 1.0394E-08 1.0049E-08 9.7134E-09 9.3284E-09 8.8358E-09 8.3086E-09 7.8618E-09 7.3880E-09 7.0087E-09 6.6179E-09 6.2261E-09 5.8361E-09 5.4539E-09 5.0826E-09 4.7223E-09 4.3850E-09 4.0519E-09 3.7387E-09 3.4507E-09 3.1739E-09 2.9069E-09 2.6673E-09 2.4300E-09 2.2158E-09 2.0293E-09 1.8597E-09 1.6781E-09 1.5140E-09 1.3945E-09 1.3010E-09 1.2406E-09 1.2036E-09 1.1641E-09 1.1271E-09 1.0993E-09 1.0720E-09 1.0399E-09 1.0082E-09 9.7384E-10 9.4574E-10 9.2622E-10 9.1096E-10 8.9607E-10 8.8302E-10 8.7005E-10 8.5717E-10 8.4437E-10 8.3167E-10 8.1871E-10 8.0586E-10 7.9313E-10 7.8085E-10 7.6868E-10 7.5661E-10
