Assets/Resources/2015_m01_d27_0000(utc+0800)_l00_csi_1hr_conc.grd
DSAA
         159         159
     -79.000      79.000
     -79.000      79.000
  0.0000E+00  0.1747E-05
[rows 25 to 49 of 159, columns 57 to 113 of 159]
5.1223E-09 6.0763E-09 7.1519E-09 8.3419E-09 9.6303E-09 1.0997E-08 1.2400E-08 1.3793E-08 1.5122E-08 1.6323E-08 1.7339E-08 1.8108E-08 1.8585E-08 1.8735E-08 1.8546E-08 1.8023E-08 1.7187E-08 1.6087E-08 1.4777E-08 1.3322E-08 1.1791E-08 1.0249E-08 8.7526E-09 7.3471E-09 6.0638E-09 4.9234E-09 3.9320E-09 3.0856E-09 2.3830E-09 1.8040E-09 1.3389E-09 9.7801E-10 6.9703E-10 4.8890E-10 3.2917E-10 2.1986E-10 1.3854E-10 8.5529E-11 4.4589E-11 2.0566E-11 2.9914E-12 0.0000E+00 0.0000E+00 0.0000E+00 0.0000E+00 0.0000E+00 0.0000E+00 0.0000E+00 0.0000E+00 0.0000E+00 0.0000E+00 0.0000E+00 0.0000E+00 0.0000E+00 0.0000E+00 0.0000E+00 0.0000E+00
4.4944E-09 5.3881E-09 6.4055E-09 7.5465E-09 8.7964E-09 1.0134E-08 1.1522E-08 1.2917E-08 1.4268E-08 1.5509E-08 1.6582E-08 1.7422E-08 1.7984E-08 1.8227E-08 1.8131E-08 1.7698E-08 1.6951E-08 1.5927E-08 1.4684E-08 1.3288E-08 1.1809E-08 1.0307E-08 8.8413E-09 7.4612E-09 6.1945E-09 5.0627E-09 4.0685E-09 3.2149E-09 2.4989E-09 1.9020E-09 1.4214E-09 1.0430E-09 7.4603E-10 5.2603E-10 3.5609E-10 2.3844E-10 1.5107E-10 9.3356E-11 4.9959E-11 2.2575E-11 4.4305E-12 0.0000E+00 0.0000E+00 0.0000E+00 0.0000E+00 0.0000E+00 0.0000E+00 0.0000E+00 0.0000E+00 0.0000E+00 0.0000E+00 0.0000E+00 0.0000E+00 0.0000E+00 0.0000E+00 0.0000E+00 0.0000E+00
3.8801E-09 4.7052E-09 5.6561E-09 6.7316E-09 7.9239E-09 9.2120E-09 1.0569E-08 1.1950E-08 1.3302E-08 1.4566E-08 1.5683E-08 1.6589E-08 1.7230E-08 1.7561E-08 1.7561E-08 1.7227E-08 1.6575E-08 1.5646E-08 1.4494E-08 1.3181E-08 1.1771E-08 1.0330E-08 8.9123E-09 7.5652E-09 6.3224E-09 5.1995E-09 4.2042E-09 3.3403E-09 2.6097E-09 1.9971E-09 1.4986E-09 1.1036E-09 7.9293E-10 5.5994E-10 3.8429E-10 2.5772E-10 1.6365E-10 1.0091E-10 5.5499E-11 2.5906E-11 6.5609E-12 0.0000E+00 0.0000E+00 0.0000E+00 0.0000E+00 0.0000E+00 0.0000E+00 0.0000E+00 0.0000E+00 0.0000E+00 0.0000E+00 0.0000E+00 0.0000E+00 0.0000E+00 0.0000E+00 0.0000E+00 0.0000E+00
3.2945E-09 4.0430E-09 4.9153E-09 5.9149E-09 7.0344E-09 8.2610E-09 9.5668E-09 1.0911E-08 1.2248E-08 1.3524E-08 1.4672E-08 1.5630E-08 1.6338E-08 1.6756E-08 1.6854E-08 1.6626E-08 1.6088E-08 1.5271E-08 1.4223E-08 1.3010E-08 1.1689E-08 1.0322E-08 8.9684E-09 7.6702E-09 6.4561E-09 5.3424E-09 4.3460E-09 3.4746E-09 2.7294E-09 2.1031E-09 1.5852E-09 1.1750E-09 8.4817E-10 6.0058E-10 4.1217E-10 2.7835E-10 1.7798E-10 1.0952E-10 6.0049E-11 2.9476E-11 9.1653E-12 5.0329E-13 0.0000E+00 0.0000E+00 0.0000E+00 0.0000E+00 0.0000E+00 0.0000E+00 0.0000E+00 0.0000E+00 0.0000E+00 0.0000E+00 0.0000E+00 0.0000E+00 0.0000E+00 0.0000E+00 0.0000E+00
2.7474E-09 3.4156E-09 4.2046E-09 5.1174E-09 6.1547E-09 7.3009E-09 8.5394E-09 9.8360E-09 1.1146E-08 1.2412E-08 1.3572E-08 1.4566E-08 1.5337E-08 1.5837E-08 1.6035E-08 1.5923E-08 1.5504E-08 1.4813E-08 1.3893E-08 1.2792E-08 1.1577E-08 1.0306E-08 9.0234E-09 7.7725E-09 6.5823E-09 5.4827E-09 4.4865E-09 3.6069E-09 2.8510E-09 2.2084E-09 1.6724E-09 1.2414E-09 9.0272E-10 6.4459E-10 4.4381E-10 3.0042E-10 1.9344E-10 1.1943E-10 6.4721E-11 3.2094E-11 1.1830E-11 1.9010E-12 0.0000E+00 0.0000E+00 0.0000E+00 0.0000E+00 0.0000E+00 0.0000E+00 0.0000E+00 0.0000E+00 0.0000E+00 0.0000E+00 0.0000E+00 0.0000E+00 0.0000E+00 0.0000E+00 0.0000E+00
2.2498E-09 2.8370E-09 3.5371E-09 4.3592E-09 5.3038E-09 6.3643E-09 7.5269E-09 8.7581E-09 1.0018E-08 1.1256E-08 1.2416E-08 1.3436E-08 1.4258E-08 1.4836E-08 1.5137E-08 1.5142E-08 1.4859E-08 1.4305E-08 1.3516E-08 1.2553E-08 1.1457E-08 1.0285E-08 9.0747E-09 7.8769E-09 6.7195E-09 5.6338E-09 4.6396E-09 3.7529E-09 2.9849E-09 2.3252E-09 1.7713E-09 1.3194E-09 9.6476E-10 6.8928E-10 4.7927E-10 3.2418E-10 2.0872E-10 1.2952E-10 7.2914E-11 3.5982E-11 1.4987E-11 3.4790E-12 0.0000E+00 0.0000E+00 0.0000E+00 0.0000E+00 0.0000E+00 0.0000E+00 0.0000E+00 0.0000E+00 0.0000E+00 0.0000E+00 0.0000E+00 0.0000E+00 0.0000E+00 0.0000E+00 0.0000E+00
1.8024E-09 2.3123E-09 2.9254E-09 3.6553E-09 4.5052E-09 5.4731E-09 6.5425E-09 7.6968E-09 8.8965E-09 1.0095E-08 1.1239E-08 1.2271E-08 1.3139E-08 1.3791E-08 1.4192E-08 1.4319E-08 1.4166E-08 1.3762E-08 1.3125E-08 1.2305E-08 1.1334E-08 1.0260E-08 9.1303E-09 7.9826E-09 6.8587E-09 5.7894E-09 4.8001E-09 3.9066E-09 3.1226E-09 2.4471E-09 1.8735E-09 1.4052E-09 1.0306E-09 7.4052E-10 5.1762E-10 3.5110E-10 2.2662E-10 1.3888E-10 7.9977E-11 4.0173E-11 1.8101E-11 5.2926E-12 0.0000E+00 0.0000E+00 0.0000E+00 0.0000E+00 0.0000E+00 0.0000E+00 0.0000E+00 0.0000E+00 0.0000E+00 0.0000E+00 0.0000E+00 0.0000E+00 0.0000E+00 0.0000E+00 0.0000E+00
1.4085E-09 1.8427E-09 2.3756E-09 3.0135E-09 3.7667E-09 4.6379E-09 5.6160E-09 6.6842E-09 7.8106E-09 8.9547E-09 1.0073E-08 1.1111E-08 1.2014E-08 1.2731E-08 1.3223E-08 1.3471E-08 1.3467E-08 1.3216E-08 1.2742E-08 1.2057E-08 1.1214E-08 1.0241E-08 9.1879E-09 8.0975E-09 7.0123E-09 5.9597E-09 4.9752E-09 4.0762E-09 3.2780E-09 2.5871E-09 1.9921E-09 1.5011E-09 1.1073E-09 7.9846E-10 5.5763E-10 3.8011E-10 2.4794E-10 1.5292E-10 8.9106E-11 4.7057E-11 2.2410E-11 6.9584E-12 2.6493E-13 0.0000E+00 0.0000E+00 0.0000E+00 0.0000E+00 0.0000E+00 0.0000E+00 0.0000E+00 0.0000E+00 0.0000E+00 0.0000E+00 0.0000E+00 0.0000E+00 0.0000E+00 0.0000E+00
1.0719E-09 1.4353E-09 1.8905E-09 2.4439E-09 3.1072E-09 3.8801E-09 4.7612E-09 5.7336E-09 6.7823E-09 7.8709E-09 8.9535E-09 9.9821E-09 1.0906E-08 1.1682E-08 1.2270E-08 1.2642E-08 1.2784E-08 1.2685E-08 1.2356E-08 1.1819E-08 1.1094E-08 1.0229E-08 9.2586E-09 8.2303E-09 7.1799E-09 6.1486E-09 5.1662E-09 4.2610E-09 3.4482E-09 2.7386E-09 2.1204E-09 1.6058E-09 1.1917E-09 8.6257E-10 6.0546E-10 4.1233E-10 2.6928E-10 1.6718E-10 9.9661E-11 5.4128E-11 2.6271E-11 9.4532E-12 1.0524E-12 0.0000E+00 0.0000E+00 0.0000E+00 0.0000E+00 0.0000E+00 0.0000E+00 0.0000E+00 0.0000E+00 0.0000E+00 0.0000E+00 0.0000E+00 0.0000E+00 0.0000E+00 0.0000E+00
7.9472E-10 1.0936E-09 1.4765E-09 1.9513E-09 2.5252E-09 3.2025E-09 3.9881E-09 4.8724E-09 5.8395E-09 6.8571E-09 7.8932E-09 8.9064E-09 9.8494E-09 1.0681E-08 1.1357E-08 1.1845E-08 1.2120E-08 1.2171E-08 1.1986E-08 1.1585E-08 1.0988E-08 1.0229E-08 9.3411E-09 8.3714E-09 7.3619E-09 6.3531E-09 5.3801E-09 4.4687E-09 3.6408E-09 2.9069E-09 2.2660E-09 1.7265E-09 1.2846E-09 9.3188E-10 6.5920E-10 4.5106E-10 2.9772E-10 1.8721E-10 1.1131E-10 6.2766E-11 3.1724E-11 1.2450E-11 2.1143E-12 0.0000E+00 0.0000E+00 0.0000E+00 0.0000E+00 0.0000E+00 0.0000E+00 0.0000E+00 0.0000E+00 0.0000E+00 0.0000E+00 0.0000E+00 0.0000E+00 0.0000E+00 0.0000E+00
5.7026E-10 8.1944E-10 1.1344E-09 1.5326E-09 2.0228E-09 2.6143E-09 3.3070E-09 4.0984E-09 4.9797E-09 5.9294E-09 6.9171E-09 7.9078E-09 8.8616E-09 9.7364E-09 1.0491E-08 1.1085E-08 1.1485E-08 1.1668E-08 1.1630E-08 1.1365E-08 1.0895E-08 1.0239E-08 9.4413E-09 8.5364E-09 7.5705E-09 6.5847E-09 5.6183E-09 4.7033E-09 3.8570E-09 3.0991E-09 2.4320E-09 1.8637E-09 1.3953E-09 1.0176E-09 7.2216E-10 4.9401E-10 3.2590E-10 2.0812E-10 1.2681E-10 7.2418E-11 3.7306E-11 1.5423E-11 3.6112E-12 0.0000E+00 0.0000E+00 0.0000E+00 0.0000E+00 0.0000E+00 0.0000E+00 0.0000E+00 0.0000E+00 0.0000E+00 0.0000E+00 0.0000E+00 0.0000E+00 0.0000E+00 0.0000E+00
3.9694E-10 5.9829E-10 8.5809E-10 1.1893E-09 1.6033E-09 2.1105E-09 2.7155E-09 3.4223E-09 4.2189E-09 5.0938E-09 6.0264E-09 6.9886E-09 7.9445E-09 8.8552E-09 9.6721E-09 1.0358E-08 1.0875E-08 1.1190E-08 1.1287E-08 1.1156E-08 1.0809E-08 1.0262E-08 9.5534E-09 8.7180E-09 7.7954E-09 6.8393E-09 5.8822E-09 4.9572E-09 4.0967E-09 3.3124E-09 2.6147E-09 2.0128E-09 1.5127E-09 1.1062E-09 7.9208E-10 5.4980E-10 3.6761E-10 2.3552E-10 1.4545E-10 8.3636E-11 4.4369E-11 1.9870E-11 5.4987E-12 0.0000E+00 0.0000E+00 0.0000E+00 0.0000E+00 0.0000E+00 0.0000E+00 0.0000E+00 0.0000E+00 0.0000E+00 0.0000E+00 0.0000E+00 0.0000E+00 0.0000E+00 0.0000E+00
2.6384E-10 4.2514E-10 6.4137E-10 9.1355E-10 1.2593E-09 1.6906E-09 2.2137E-09 2.8332E-09 3.5453E-09 4.3473E-09 5.2242E-09 6.1510E-09 7.1006E-09 8.0287E-09 8.9023E-09 9.6693E-09 1.0290E-08 1.0728E-08 1.0953E-08 1.0956E-08 1.0733E-08 1.0304E-08 9.6833E-09 8.9232E-09 8.0542E-09 7.1207E-09 6.1728E-09 5.2433E-09 4.3591E-09 3.5436E-09 2.8146E-09 2.1798E-09 1.6484E-09 1.2140E-09 8.7081E-10 6.0566E-10 4.0839E-10 2.6893E-10 1.6823E-10 9.9109E-11 5.3115E-11 2.4418E-11 7.7774E-12 2.3573E-13 0.0000E+00 0.0000E+00 0.0000E+00 0.0000E+00 0.0000E+00 0.0000E+00 0.0000E+00 0.0000E+00 0.0000E+00 0.0000E+00 0.0000E+00 0.0000E+00 0.0000E+00
1.7079E-10 2.9300E-10 4.6523E-10 6.9465E-10 9.8101E-10 1.3409E-09 1.7873E-09 2.3257E-09 2.9598E-09 3.6878E-09 4.5042E-09 5.3911E-09 6.3210E-09 7.2645E-09 8.1761E-09 9.0105E-09 9.7264E-09 1.0278E-08 1.0629E-08 1.0764E-08 1.0667E-08 1.0348E-08 9.8363E-09 9.1465E-09 8.3325E-09 7.4390E-09 6.5025E-09 5.5654E-09 4.6597E-09 3.8155E-09 3.0500E-09 2.3754E-09 1.8048E-09 1.3428E-09 9.7147E-10 6.8172E-10 4.6341E-10 3.0457E-10 1.9194E-10 1.1608E-10 6.3692E-11 3.0355E-11 1.0321E-11 1.1775E-12 0.0000E+00 0.0000E+00 0.0000E+00 0.0000E+00 0.0000E+00 0.0000E+00 0.0000E+00 0.0000E+00 0.0000E+00 0.0000E+00 0.0000E+00 0.0000E+00 0.0000E+00
1.0765E-10 1.9601E-10 3.3107E-10 5.1589E-10 7.5456E-10 1.0542E-09 1.4302E-09 1.8950E-09 2.4530E-09 3.1088E-09 3.8626E-09 4.7032E-09 5.6085E-09 6.5488E-09 7.4892E-09 8.3835E-09 9.1804E-09 9.8346E-09 1.0312E-08 1.0571E-08 1.0605E-08 1.0410E-08 9.9915E-09 9.3921E-09 8.6408E-09 7.7791E-09 6.8541E-09 5.9065E-09 4.9771E-09 4.0977E-09 3.2994E-09 2.5899E-09 1.9832E-09 1.4817E-09 1.0787E-09 7.6454E-10 5.2551E-10 3.5002E-10 2.2201E-10 1.3398E-10 7.5642E-11 3.8572E-11 1.5259E-11 2.5105E-12 0.0000E+00 0.0000E+00 0.0000E+00 0.0000E+00 0.0000E+00 0.0000E+00 0.0000E+00 0.0000E+00 0.0000E+00 0.0000E+00 0.0000E+00 0.0000E+00 0.0000E+00
6.4710E-11 1.2868E-10 2.2823E-10 3.7163E-10 5.6864E-10 8.1838E-10 1.1341E-09 1.5317E-09 2.0166E-09 2.6049E-09 3.2945E-09 4.0828E-09 4.9529E-09 5.8852E-09 6.8414E-09 7.7771E-09 8.6457E-09 9.4022E-09 9.9921E-09 1.0384E-08 1.0545E-08 1.0470E-08 1.0168E-08 9.6585E-09 8.9723E-09 8.1511E-09 7.2398E-09 6.2905E-09 5.3411E-09 4.4286E-09 3.5903E-09 2.8394E-09 2.1901E-09 1.6481E-09 1.2072E-09 8.6087E-10 5.9507E-10 3.9920E-10 2.5815E-10 1.5821E-10 9.0372E-11 4.7828E-11 2.1326E-11 5.6308E-12 5.8139E-14 0.0000E+00 0.0000E+00 0.0000E+00 0.0000E+00 0.0000E+00 0.0000E+00 0.0000E+00 0.0000E+00 0.0000E+00 0.0000E+00 0.0000E+00 0.0000E+00
2.9760E-11 7.8181E-11 1.5094E-10 2.5891E-10 4.1268E-10 6.2350E-10 8.8945E-10 1.2264E-09 1.6459E-09 2.1670E-09 2.7916E-09 3.5243E-09 4.3566E-09 5.2668E-09 6.2239E-09 7.1945E-09 8.1294E-09 8.9699E-09 9.6729E-09 1.0186E-08 1.0480E-08 1.0538E-08 1.0351E-08 9.9333E-09 9.3149E-09 8.5358E-09 7.6451E-09 6.6892E-09 5.7201E-09 4.7829E-09 3.9061E-09 3.1162E-09 2.4190E-09 1.8346E-09 1.3571E-09 9.7520E-10 6.7895E-10 4.5677E-10 2.9634E-10 1.8534E-10 1.0878E-10 5.8145E-11 2.8038E-11 9.8047E-12 1.5731E-12 0.0000E+00 0.0000E+00 0.0000E+00 0.0000E+00 0.0000E+00 0.0000E+00 0.0000E+00 0.0000E+00 0.0000E+00 0.0000E+00 0.0000E+00 0.0000E+00
8.3088E-12 3.9064E-11 9.1611E-11 1.7206E-10 2.9106E-10 4.6003E-10 6.8382E-10 9.7036E-10 1.3298E-09 1.7883E-09 2.3512E-09 3.0272E-09 3.8105E-09 4.6892E-09 5.6434E-09 6.6311E-09 7.6144E-09 8.5396E-09 9.3461E-09 9.9827E-09 1.0413E-08 1.0597E-08 1.0527E-08 1.0211E-08 9.6685E-09 8.9387E-09 8.0734E-09 7.1282E-09 6.1440E-09 5.1752E-09 4.2601E-09 3.4228E-09 2.6786E-09 2.0456E-09 1.5216E-09 1.1018E-09 7.7457E-10 5.2695E-10 3.4467E-10 2.1663E-10 1.3068E-10 7.2253E-11 3.6001E-11 1.4871E-11 4.1389E-12 2.6840E-13 0.0000E+00 0.0000E+00 0.0000E+00 0.0000E+00 0.0000E+00 0.0000E+00 0.0000E+00 0.0000E+00 0.0000E+00 0.0000E+00 0.0000E+00
1.1092E-12 9.5594E-12 4.6511E-11 1.0581E-10 1.9615E-10 3.2767E-10 5.1403E-10 7.5641E-10 1.0606E-09 1.4609E-09 1.9650E-09 2.5781E-09 3.3109E-09 4.1531E-09 5.0866E-09 6.0837E-09 7.1102E-09 8.1019E-09 9.0066E-09 9.7650E-09 1.0320E-08 1.0641E-08 1.0701E-08 1.0492E-08 1.0040E-08 9.3792E-09 8.5525E-09 7.6152E-09 6.6265E-09 5.6296E-09 4.6707E-09 3.7841E-09 2.9836E-09 2.2916E-09 1.7149E-09 1.2464E-09 8.8151E-10 6.0439E-10 4.0057E-10 2.5462E-10 1.5508E-10 8.9267E-11 4.7126E-11 2.0281E-11 7.3832E-12 1.5405E-12 0.0000E+00 0.0000E+00 0.0000E+00 0.0000E+00 0.0000E+00 0.0000E+00 0.0000E+00 0.0000E+00 0.0000E+00 0.0000E+00 0.0000E+00
0.0000E+00 1.5916E-12 1.4012E-11 5.4811E-11 1.2167E-10 2.2285E-10 3.7047E-10 5.7800E-10 8.3265E-10 1.1785E-09 1.6227E-09 2.1778E-09 2.8536E-09 3.6501E-09 4.5562E-09 5.5498E-09 6.6053E-09 7.6560E-09 8.6450E-09 9.5130E-09 1.0206E-08 1.0662E-08 1.0853E-08 1.0772E-08 1.0419E-08 9.8330E-09 9.0519E-09 8.1338E-09 7.1349E-09 6.1144E-09 5.1151E-09 4.1722E-09 3.3143E-09 2.5631E-09 1.9308E-09 1.4145E-09 1.0065E-09 6.9397E-10 4.6440E-10 2.9783E-10 1.8360E-10 1.0682E-10 5.9067E-11 2.7688E-11 1.0806E-11 2.9777E-12 3.5073E-13 0.0000E+00 0.0000E+00 0.0000E+00 0.0000E+00 0.0000E+00 0.0000E+00 0.0000E+00 0.0000E+00 0.0000E+00 0.0000E+00
0.0000E+00 0.0000E+00 1.1130E-12 1.9740E-11 6.5143E-11 1.4078E-10 2.5689E-10 4.2597E-10 6.4077E-10 9.3530E-10 1.3218E-09 1.8148E-09 2.4330E-09 3.1777E-09 4.0470E-09 5.0207E-09 6.0935E-09 7.1900E-09 8.2605E-09 9.2436E-09 1.0062E-08 1.0667E-08 1.1003E-08 1.1057E-08 1.0828E-08 1.0328E-08 9.6044E-09 8.7164E-09 7.7192E-09 6.6668E-09 5.6127E-09 4.6089E-09 3.6850E-09 2.8633E-09 2.1701E-09 1.5996E-09 1.1465E-09 7.9595E-10 5.3582E-10 3.4745E-10 2.1768E-10 1.2712E-10 7.1418E-11 3.6282E-11 1.5150E-11 4.5816E-12 1.4332E-12 0.0000E+00 0.0000E+00 0.0000E+00 0.0000E+00 0.0000E+00 0.0000E+00 0.0000E+00 0.0000E+00 0.0000E+00 0.0000E+00
0.0000E+00 0.0000E+00 0.0000E+00 5.1464E-13 2.7810E-11 8.0996E-11 1.6850E-10 3.0089E-10 4.8069E-10 7.2744E-10 1.0601E-09 1.4942E-09 2.0482E-09 2.7357E-09 3.5560E-09 4.5013E-09 5.5863E-09 6.7172E-09 7.8578E-09 8.9375E-09 9.8924E-09 1.0645E-08 1.1142E-08 1.1342E-08 1.1237E-08 1.0842E-08 1.0196E-08 9.3416E-09 8.3393E-09 7.2582E-09 6.1558E-09 5.0856E-09 4.0927E-09 3.1993E-09 2.4351E-09 1.8038E-09 1.3005E-09 9.0923E-10 6.1384E-10 4.0011E-10 2.5280E-10 1.5067E-10 8.5080E-11 4.4456E-11 2.0951E-11 5.7243E-12 2.5708E-12 0.0000E+00 0.0000E+00 0.0000E+00 0.0000E+00 0.0000E+00 0.0000E+00 0.0000E+00 0.0000E+00 0.0000E+00 0.0000E+00
0.0000E+00 0.0000E+00 0.0000E+00 0.0000E+00 6.8879E-12 4.0826E-11 1.0352E-10 2.0448E-10 3.4613E-10 5.5333E-10 8.3510E-10 1.2118E-09 1.7019E-09 2.3279E-09 3.0946E-09 4.0025E-09 5.0796E-09 6.2350E-09 7.4345E-09 8.6194E-09 9.7014E-09 1.0601E-08 1.1262E-08 1.1635E-08 1.1687E-08 1.1416E-08 1.0847E-08 1.0032E-08 9.0301E-09 7.9139E-09 6.7534E-09 5.6118E-09 4.5386E-09 3.5678E-09 2.7290E-09 2.0280E-09 1.4655E-09 1.0284E-09 7.0020E-10 4.5657E-10 2.8836E-10 1.7377E-10 1.0017E-10 5.3062E-11 2.6819E-11 7.6028E-12 3.7368E-12 0.0000E+00 0.0000E+00 0.0000E+00 0.0000E+00 0.0000E+00 0.0000E+00 0.0000E+00 0.0000E+00 0.0000E+00 0.0000E+00
0.0000E+00 0.0000E+00 0.0000E+00 0.0000E+00 0.0000E+00 1.6330E-11 5.8055E-11 1.3345E-10 2.4289E-10 4.0841E-10 6.4866E-10 9.6952E-10 1.3998E-09 1.9592E-09 2.6655E-09 3.5257E-09 4.5905E-09 5.7556E-09 6.9997E-09 8.2630E-09 9.4760E-09 1.0551E-08 1.1396E-08 1.1950E-08 1.2165E-08 1.2021E-08 1.1550E-08 1.0782E-08 9.7849E-09 8.6363E-09 7.4124E-09 6.1866E-09 5.0292E-09 3.9681E-09 3.0440E-09 2.2709E-09 1.6414E-09 1.1514E-09 7.8712E-10 5.1652E-10 3.2827E-10 1.9826E-10 1.1668E-10 6.2533E-11 3.2266E-11 9.4682E-12 4.7606E-12 0.0000E+00 0.0000E+00 0.0000E+00 0.0000E+00 0.0000E+00 0.0000E+00 0.0000E+00 0.0000E+00 0.0000E+00 0.0000E+00
0.0000E+00 0.0000E+00 0.0000E+00 0.0000E+00 0.0000E+00 5.5385E-13 2.7967E-11 8.2531E-11 1.6469E-10 2.9241E-10 4.9075E-10 7.6259E-10 1.1337E-09 1.6282E-09 2.2702E-09 3.0692E-09 4.1104E-09 5.2706E-09 6.5546E-09 7.9116E-09 9.2560E-09 1.0481E-08 1.1510E-08 1.2266E-08 1.2671E-08 1.2688E-08 1.2322E-08 1.1612E-08 1.0623E-08 9.4381E-09 8.1452E-09 6.8313E-09 5.5633E-09 4.3959E-09 3.3756E-09 2.5211E-09 1.8242E-09 1.2770E-09 8.6985E-10 5.7267E-10 3.6816E-10 2.2522E-10 1.3387E-10 7.2121E-11 3.6737E-11 1.1027E-11 5.3529E-12 0.0000E+00 0.0000E+00 0.0000E+00 0.0000E+00 0.0000E+00 0.0000E+00 0.0000E+00 0.0000E+00 0.0000E+00 0.0000E+00
