Assets/Resources/2015_m01_d07_0400(utc+0800)_l00_csi_1hr_conc.grd
DSAA
         159         159
     -79.000      79.000
     -79.000      79.000
  0.0000E+00  0.7643E-04
[rows 50 to 74 of 159, columns 57 to 113 of 159]
3.8655E-09 4.3101E-09 4.8246E-09 5.4089E-09 6.0774E-09 6.8486E-09 7.7206E-09 8.7159E-09 9.8327E-09 1.1083E-08 1.2472E-08 1.4001E-08 1.5666E-08 1.7673E-08 1.9658E-08 2.1757E-08 2.3947E-08 2.6196E-08 2.8470E-08 3.0725E-08 3.2915E-08 3.4990E-08 3.6885E-08 3.8466E-08 3.9904E-08 4.0974E-08 4.1697E-08 4.2091E-08 4.2178E-08 4.1891E-08 4.1239E-08 4.0247E-08 3.8948E-08 3.7321E-08 3.5371E-08 3.3276E-08 3.1152E-08 2.9020E-08 2.6943E-08 2.4988E-08 2.3111E-08 2.1323E-08 1.9624E-08 1.8056E-08 1.6602E-08 1.5200E-08 1.3938E-08 1.2800E-08 1.1609E-08 1.0723E-08 9.9074E-09 9.1538E-09 8.4611E-09 7.8154E-09 7.2140E-09 6.6464E-09 6.1282E-09
3.7564E-09 4.1949E-09 4.7044E-09 5.2837E-09 5.9543E-09 6.7174E-09 7.5881E-09 8.5854E-09 9.7056E-09 1.0963E-08 1.2361E-08 1.3903E-08 1.5778E-08 1.7667E-08 1.9696E-08 2.1848E-08 2.4101E-08 2.6422E-08 2.8777E-08 3.1120E-08 3.3404E-08 3.5574E-08 3.7575E-08 3.9448E-08 4.0908E-08 4.2117E-08 4.2937E-08 4.3386E-08 4.3508E-08 4.3224E-08 4.2541E-08 4.1484E-08 4.0091E-08 3.8414E-08 3.6482E-08 3.4243E-08 3.1942E-08 2.9638E-08 2.7371E-08 2.5214E-08 2.3206E-08 2.1324E-08 1.9561E-08 1.7912E-08 1.6413E-08 1.5039E-08 1.3731E-08 1.2523E-08 1.1490E-08 1.0416E-08 9.6166E-09 8.8799E-09 8.2041E-09 7.5748E-09 6.9892E-09 6.4366E-09 5.9329E-09
3.6381E-09 4.0681E-09 4.5698E-09 5.1406E-09 5.8037E-09 6.5589E-09 7.4290E-09 8.4147E-09 9.5304E-09 1.0784E-08 1.2182E-08 1.3892E-08 1.5648E-08 1.7561E-08 1.9622E-08 2.1816E-08 2.4120E-08 2.6504E-08 2.8931E-08 3.1355E-08 3.3726E-08 3.5988E-08 3.8086E-08 4.0162E-08 4.1865E-08 4.3185E-08 4.4144E-08 4.4685E-08 4.4864E-08 4.4596E-08 4.3889E-08 4.2769E-08 4.1276E-08 3.9469E-08 3.7416E-08 3.5174E-08 3.2700E-08 3.0222E-08 2.7799E-08 2.5475E-08 2.3299E-08 2.1289E-08 1.9446E-08 1.7748E-08 1.6184E-08 1.4780E-08 1.3507E-08 1.2258E-08 1.1210E-08 1.0274E-08 9.3114E-09 8.5903E-09 7.9260E-09 7.3157E-09 6.7482E-09 6.2127E-09 5.7252E-09
3.5110E-09 3.9362E-09 4.4212E-09 4.9800E-09 5.6314E-09 6.3736E-09 7.2315E-09 8.2038E-09 9.3064E-09 1.0548E-08 1.1933E-08 1.3667E-08 1.5427E-08 1.7352E-08 1.9433E-08 2.1656E-08 2.3999E-08 2.6433E-08 2.8921E-08 3.1417E-08 3.3868E-08 3.6220E-08 3.8734E-08 4.0777E-08 4.2702E-08 4.4180E-08 4.5328E-08 4.6012E-08 4.6303E-08 4.6096E-08 4.5372E-08 4.4180E-08 4.2570E-08 4.0611E-08 3.8362E-08 3.5949E-08 3.3416E-08 3.0772E-08 2.8179E-08 2.5713E-08 2.3383E-08 2.1244E-08 1.9293E-08 1.7533E-08 1.5937E-08 1.4485E-08 1.3194E-08 1.1976E-08 1.0909E-08 9.9686E-09 8.9838E-09 8.2805E-09 7.6351E-09 7.0402E-09 6.4930E-09 5.9764E-09 5.5064E-09
3.3760E-09 3.7887E-09 4.2598E-09 4.8093E-09 5.4385E-09 6.1686E-09 7.0018E-09 7.9537E-09 9.0347E-09 1.0253E-08 1.1781E-08 1.3363E-08 1.5116E-08 1.7039E-08 1.9126E-08 2.1364E-08 2.3732E-08 2.6203E-08 2.8739E-08 3.1295E-08 3.3820E-08 3.6267E-08 3.9051E-08 4.1256E-08 4.3479E-08 4.5238E-08 4.6549E-08 4.7401E-08 4.7809E-08 4.7670E-08 4.6967E-08 4.5727E-08 4.3990E-08 4.1851E-08 3.9415E-08 3.6782E-08 3.4017E-08 3.1261E-08 2.8510E-08 2.5880E-08 2.3434E-08 2.1161E-08 1.9118E-08 1.7277E-08 1.5636E-08 1.4151E-08 1.2847E-08 1.1683E-08 1.0594E-08 9.6465E-09 8.8135E-09 7.9537E-09 7.3289E-09 6.7509E-09 6.2257E-09 5.7298E-09 5.2779E-09
3.2340E-09 3.6322E-09 4.0866E-09 4.6181E-09 5.2264E-09 5.9339E-09 6.7420E-09 7.6665E-09 8.7178E-09 9.9046E-09 1.1425E-08 1.2984E-08 1.4717E-08 1.6624E-08 1.8702E-08 2.0939E-08 2.3317E-08 2.5809E-08 2.8379E-08 3.0984E-08 3.3588E-08 3.6608E-08 3.9202E-08 4.1982E-08 4.4219E-08 4.6316E-08 4.7890E-08 4.8974E-08 4.9544E-08 4.9491E-08 4.8787E-08 4.7459E-08 4.5575E-08 4.3237E-08 4.0561E-08 3.7666E-08 3.4676E-08 3.1660E-08 2.8764E-08 2.5986E-08 2.3403E-08 2.1043E-08 1.8893E-08 1.6989E-08 1.5294E-08 1.3799E-08 1.2463E-08 1.1298E-08 1.0267E-08 9.3125E-09 8.4824E-09 7.6005E-09 7.0028E-09 6.4502E-09 5.9486E-09 5.4748E-09 5.0419E-09
3.0861E-09 3.4678E-09 3.9032E-09 4.4132E-09 4.9967E-09 5.6774E-09 6.4551E-09 7.3457E-09 8.3596E-09 9.5055E-09 1.1009E-08 1.2533E-08 1.4233E-08 1.6111E-08 1.8164E-08 2.0385E-08 2.2757E-08 2.5253E-08 2.7843E-08 3.0501E-08 3.3159E-08 3.6427E-08 3.9179E-08 4.2401E-08 4.4938E-08 4.7516E-08 4.9441E-08 5.0875E-08 5.1663E-08 5.1725E-08 5.1012E-08 4.9529E-08 4.7429E-08 4.4808E-08 4.1820E-08 3.8621E-08 3.5346E-08 3.2092E-08 2.8938E-08 2.6006E-08 2.3296E-08 2.0833E-08 1.8623E-08 1.6645E-08 1.4917E-08 1.3397E-08 1.2048E-08 1.0886E-08 9.8645E-09 8.9639E-09 8.1106E-09 7.2464E-09 6.6741E-09 6.1407E-09 5.6640E-09 5.2131E-09 4.7993E-09
2.9336E-09 3.2972E-09 3.7107E-09 4.1965E-09 4.7524E-09 5.4024E-09 6.1447E-09 6.9956E-09 7.9652E-09 9.2290E-09 1.0539E-08 1.2017E-08 1.3670E-08 1.5505E-08 1.7520E-08 1.9708E-08 2.2055E-08 2.4544E-08 2.7150E-08 2.9824E-08 3.3119E-08 3.6053E-08 3.9672E-08 4.2749E-08 4.6126E-08 4.8917E-08 5.1301E-08 5.3203E-08 5.4282E-08 5.4485E-08 5.3746E-08 5.2108E-08 4.9693E-08 4.6682E-08 4.3255E-08 3.9658E-08 3.6026E-08 3.2478E-08 2.9104E-08 2.5944E-08 2.3096E-08 2.0537E-08 1.8261E-08 1.6233E-08 1.4484E-08 1.2955E-08 1.1624E-08 1.0452E-08 9.4437E-09 8.5607E-09 7.7855E-09 7.0581E-09 6.3331E-09 5.8222E-09 5.3638E-09 4.9452E-09 4.5522E-09
2.7778E-09 3.1208E-09 3.5112E-09 3.9709E-09 4.4966E-09 5.1123E-09 5.8151E-09 6.6212E-09 7.5404E-09 8.7647E-09 1.0021E-08 1.1442E-08 1.3038E-08 1.4816E-08 1.6777E-08 1.8916E-08 2.1228E-08 2.3694E-08 2.6281E-08 2.8950E-08 3.2425E-08 3.5469E-08 3.9584E-08 4.3020E-08 4.7214E-08 5.0598E-08 5.3817E-08 5.6157E-08 5.7603E-08 5.7967E-08 5.7160E-08 5.5242E-08 5.2396E-08 4.8866E-08 4.4924E-08 4.0787E-08 3.6724E-08 3.2820E-08 2.9174E-08 2.5841E-08 2.2815E-08 2.0159E-08 1.7815E-08 1.5778E-08 1.3992E-08 1.2465E-08 1.1144E-08 9.9913E-09 9.0072E-09 8.1468E-09 7.3950E-09 6.7094E-09 5.9891E-09 5.5033E-09 5.0657E-09 4.6723E-09 4.2907E-09
2.6188E-09 2.9410E-09 3.3073E-09 3.7392E-09 4.2385E-09 4.8111E-09 5.4710E-09 6.2281E-09 7.0920E-09 8.2688E-09 9.4627E-09 1.0818E-08 1.2347E-08 1.4056E-08 1.5948E-08 1.8027E-08 2.0283E-08 2.2697E-08 2.5245E-08 2.7886E-08 3.1398E-08 3.5584E-08 3.9346E-08 4.4256E-08 4.8492E-08 5.2630E-08 5.6900E-08 5.9925E-08 6.1830E-08 6.2355E-08 6.1394E-08 5.9058E-08 5.5605E-08 5.1385E-08 4.6754E-08 4.2020E-08 3.7382E-08 3.3087E-08 2.9152E-08 2.5615E-08 2.2477E-08 1.9703E-08 1.7311E-08 1.5231E-08 1.3438E-08 1.1927E-08 1.0628E-08 9.4968E-09 8.5482E-09 7.7224E-09 6.9980E-09 6.3649E-09 5.6438E-09 5.1861E-09 4.7670E-09 4.3960E-09 4.0372E-09
2.4591E-09 2.7598E-09 3.1012E-09 3.5039E-09 3.9694E-09 4.5027E-09 5.1172E-09 5.8224E-09 6.6271E-09 7.7490E-09 8.8743E-09 1.0157E-08 1.1608E-08 1.3236E-08 1.5049E-08 1.7048E-08 1.9226E-08 2.1569E-08 2.4053E-08 2.6642E-08 2.9288E-08 3.4730E-08 3.8831E-08 4.4925E-08 5.0003E-08 5.5987E-08 6.0840E-08 6.4734E-08 6.7229E-08 6.7868E-08 6.6570E-08 6.3608E-08 5.9317E-08 5.4192E-08 4.8685E-08 4.3196E-08 3.8004E-08 3.3224E-08 2.8995E-08 2.5263E-08 2.2004E-08 1.9153E-08 1.6735E-08 1.4652E-08 1.2863E-08 1.1345E-08 1.0075E-08 8.9778E-09 8.0638E-09 7.2787E-09 6.5964E-09 5.9931E-09 5.3104E-09 4.8742E-09 4.4698E-09 4.1188E-09 3.7853E-09
2.2998E-09 2.5789E-09 2.8950E-09 3.2679E-09 3.6987E-09 4.1914E-09 4.7589E-09 5.4100E-09 6.1531E-09 7.2138E-09 8.2669E-09 9.4695E-09 1.0834E-08 1.2371E-08 1.4089E-08 1.5991E-08 1.8074E-08 2.0325E-08 2.2722E-08 2.5234E-08 2.8799E-08 3.3637E-08 3.9875E-08 4.5679E-08 5.1906E-08 6.0079E-08 6.6084E-08 7.0990E-08 7.4022E-08 7.4671E-08 7.2860E-08 6.8930E-08 6.3441E-08 5.7134E-08 5.0581E-08 4.4248E-08 3.8414E-08 3.3217E-08 2.8653E-08 2.4749E-08 2.1398E-08 1.8533E-08 1.6076E-08 1.4010E-08 1.2250E-08 1.0740E-08 9.4996E-09 8.4414E-09 7.5675E-09 6.8192E-09 6.1783E-09 5.6213E-09 4.9632E-09 4.5670E-09 4.1724E-09 3.8496E-09 3.5417E-09
2.1419E-09 2.3994E-09 2.6906E-09 3.0335E-09 3.4293E-09 3.8810E-09 4.4009E-09 4.9970E-09 5.6779E-09 6.6732E-09 7.6484E-09 8.7636E-09 1.0034E-08 1.1470E-08 1.3083E-08 1.4876E-08 1.6846E-08 1.8986E-08 2.1275E-08 2.3684E-08 2.7259E-08 3.2242E-08 3.9590E-08 4.6410E-08 5.6785E-08 6.5537E-08 7.3550E-08 8.0175E-08 8.3224E-08 8.2930E-08 8.0189E-08 7.4864E-08 6.7833E-08 6.0053E-08 5.2263E-08 4.5011E-08 3.8529E-08 3.2903E-08 2.8110E-08 2.4040E-08 2.0639E-08 1.7771E-08 1.5328E-08 1.3304E-08 1.1589E-08 1.0126E-08 8.9169E-09 7.9091E-09 7.0655E-09 6.3606E-09 5.7561E-09 5.2353E-09 4.6153E-09 4.2341E-09 3.8918E-09 3.5780E-09 3.3020E-09
1.9869E-09 2.2221E-09 2.4893E-09 2.8027E-09 3.1637E-09 3.5753E-09 4.0477E-09 4.5901E-09 5.2094E-09 6.1333E-09 7.0253E-09 8.0502E-09 9.2214E-09 1.0551E-08 1.2048E-08 1.3719E-08 1.5564E-08 1.7575E-08 1.9736E-08 2.2018E-08 2.5528E-08 3.0661E-08 3.9003E-08 4.6917E-08 6.0961E-08 7.2371E-08 8.4457E-08 9.2413E-08 9.6139E-08 9.5028E-08 8.9640E-08 8.1288E-08 7.2130E-08 6.2624E-08 5.3521E-08 4.5294E-08 3.8210E-08 3.2230E-08 2.7255E-08 2.3108E-08 1.9712E-08 1.6884E-08 1.4492E-08 1.2530E-08 1.0882E-08 9.4859E-09 8.3359E-09 7.3687E-09 6.5603E-09 5.9010E-09 5.3390E-09 4.8507E-09 4.2649E-09 3.9281E-09 3.6140E-09 3.3245E-09 3.0708E-09
1.8348E-09 2.0503E-09 2.2931E-09 2.5775E-09 2.9046E-09 3.2771E-09 3.7051E-09 4.1946E-09 4.7512E-09 5.5974E-09 6.4078E-09 7.3409E-09 8.4098E-09 9.6271E-09 1.1003E-08 1.2543E-08 1.4250E-08 1.6118E-08 1.8133E-08 2.0932E-08 2.3631E-08 2.8852E-08 3.7820E-08 5.2147E-08 6.5752E-08 8.0563E-08 9.8095E-08 1.0827E-07 1.1232E-07 1.0957E-07 1.0139E-07 8.9812E-08 7.7020E-08 6.4698E-08 5.3996E-08 4.4892E-08 3.7336E-08 3.1128E-08 2.6080E-08 2.1980E-08 1.8615E-08 1.5870E-08 1.3606E-08 1.1699E-08 1.0141E-08 8.8232E-09 7.7453E-09 6.8388E-09 6.0779E-09 5.4470E-09 4.9273E-09 4.4776E-09 3.9217E-09 3.6189E-09 3.3453E-09 3.0810E-09 2.8483E-09
1.6887E-09 1.8833E-09 2.1034E-09 2.3596E-09 2.6542E-09 2.9910E-09 3.3754E-09 3.8119E-09 4.3064E-09 5.0762E-09 5.8051E-09 6.6459E-09 7.6115E-09 8.7140E-09 9.9636E-09 1.1368E-08 1.2928E-08 1.4642E-08 1.6497E-08 1.9098E-08 2.1607E-08 2.6714E-08 3.1525E-08 5.3794E-08 7.0757E-08 9.6916E-08 1.1597E-07 1.2876E-07 1.3252E-07 1.2655E-07 1.1389E-07 9.7944E-08 8.1565E-08 6.6658E-08 5.4032E-08 4.3839E-08 3.5815E-08 2.9556E-08 2.4571E-08 2.0588E-08 1.7355E-08 1.4748E-08 1.2601E-08 1.0828E-08 9.3675E-09 8.1495E-09 7.1482E-09 6.3096E-09 5.6099E-09 5.0235E-09 4.5272E-09 4.1073E-09 3.5888E-09 3.3238E-09 3.0660E-09 2.8445E-09 2.6378E-09
1.5369E-09 1.7226E-09 1.9214E-09 2.1518E-09 2.4171E-09 2.7171E-09 3.0578E-09 3.4448E-09 3.8829E-09 4.5755E-09 5.2248E-09 5.9749E-09 6.8379E-09 7.8254E-09 8.9475E-09 1.0212E-08 1.1622E-08 1.3174E-08 1.5177E-08 1.7222E-08 2.0738E-08 2.4288E-08 3.3803E-08 5.3891E-08 7.5216E-08 1.1475E-07 1.4052E-07 1.5724E-07 1.5757E-07 1.4560E-07 1.2628E-07 1.0456E-07 8.4100E-08 6.6747E-08 5.2779E-08 4.1981E-08 3.3713E-08 2.7512E-08 2.2754E-08 1.8984E-08 1.5950E-08 1.3539E-08 1.1550E-08 9.9159E-09 8.5846E-09 7.4698E-09 6.5528E-09 5.7859E-09 5.1506E-09 4.6150E-09 4.1560E-09 3.7598E-09 3.2796E-09 3.0382E-09 2.8109E-09 2.6107E-09 2.4157E-09
1.3961E-09 1.5581E-09 1.7475E-09 1.9534E-09 2.1904E-09 2.4549E-09 2.7558E-09 3.0975E-09 3.4832E-09 4.1008E-09 4.6736E-09 5.3359E-09 6.0989E-09 6.9735E-09 7.9698E-09 9.0946E-09 1.0352E-08 1.1740E-08 1.3523E-08 1.5350E-08 1.8504E-08 2.1667E-08 3.0784E-08 4.0135E-08 9.7728E-08 1.3965E-07 1.7553E-07 1.9727E-07 1.9047E-07 1.6667E-07 1.3678E-07 1.0813E-07 8.3774E-08 6.4376E-08 4.9722E-08 3.8876E-08 3.0882E-08 2.4971E-08 2.0546E-08 1.7151E-08 1.4430E-08 1.2264E-08 1.0465E-08 8.9985E-09 7.7969E-09 6.7934E-09 5.9666E-09 5.2771E-09 4.7038E-09 4.2196E-09 3.8024E-09 3.4249E-09 2.9809E-09 2.7575E-09 2.5665E-09 2.3868E-09 2.2117E-09
1.2551E-09 1.4079E-09 1.5837E-09 1.7683E-09 1.9748E-09 2.2084E-09 2.4727E-09 2.7714E-09 3.1092E-09 3.6559E-09 4.1566E-09 4.7354E-09 5.4029E-09 6.1690E-09 7.0427E-09 8.0312E-09 9.1382E-09 1.0485E-08 1.1922E-08 1.4031E-08 1.6253E-08 2.1405E-08 2.7093E-08 3.5247E-08 1.0940E-07 1.7177E-07 2.4470E-07 2.5791E-07 2.3077E-07 1.8692E-07 1.4380E-07 1.0719E-07 7.9419E-08 5.9206E-08 4.4860E-08 3.4622E-08 2.7321E-08 2.2004E-08 1.8127E-08 1.5127E-08 1.2757E-08 1.0894E-08 9.3617E-09 8.0806E-09 7.0112E-09 6.1318E-09 5.3943E-09 4.7860E-09 4.2735E-09 3.8358E-09 3.4566E-09 3.1225E-09 2.7212E-09 2.5112E-09 2.3327E-09 2.1566E-09 2.0118E-09
1.1354E-09 1.2804E-09 1.4229E-09 1.5913E-09 1.7715E-09 1.9733E-09 2.2096E-09 2.4705E-09 2.7626E-09 3.0918E-09 3.6772E-09 4.1785E-09 4.7562E-09 5.4195E-09 6.1769E-09 7.0347E-09 7.9966E-09 9.1590E-09 1.0402E-08 1.2191E-08 1.4068E-08 1.8386E-08 2.3051E-08 4.3130E-08 6.7605E-08 2.0591E-07 3.4153E-07 3.4271E-07 2.7884E-07 2.0198E-07 1.4091E-07 9.9162E-08 7.0888E-08 5.1467E-08 3.8412E-08 2.9530E-08 2.3370E-08 1.8840E-08 1.5588E-08 1.3089E-08 1.1120E-08 9.5355E-09 8.2446E-09 7.1663E-09 6.2559E-09 5.4962E-09 4.8516E-09 4.3162E-09 3.8630E-09 3.4715E-09 3.1242E-09 2.6702E-09 2.4641E-09 2.2843E-09 2.1033E-09 1.9561E-09 1.8312E-09
1.0358E-09 1.1428E-09 1.2776E-09 1.4161E-09 1.5836E-09 1.7619E-09 1.9643E-09 2.1915E-09 2.4470E-09 2.7289E-09 3.2363E-09 3.6681E-09 4.1628E-09 4.7310E-09 5.3796E-09 6.1147E-09 6.9788E-09 7.9277E-09 9.1476E-09 1.0469E-08 1.2807E-08 1.5436E-08 1.9042E-08 3.5210E-08 5.3941E-08 3.7927E-07 5.5940E-07 4.6105E-07 3.0846E-07 1.9963E-07 1.2751E-07 8.4121E-08 5.8149E-08 4.1943E-08 3.1166E-08 2.4106E-08 1.9230E-08 1.5763E-08 1.3179E-08 1.1192E-08 9.5816E-09 8.2800E-09 7.2017E-09 6.2910E-09 5.5283E-09 4.8876E-09 4.3387E-09 3.8716E-09 3.4688E-09 3.1116E-09 2.8189E-09 2.4229E-09 2.2410E-09 2.0778E-09 1.9153E-09 1.7849E-09 1.6688E-09
9.3505E-10 1.0278E-09 1.1336E-09 1.2672E-09 1.4057E-09 1.5681E-09 1.7409E-09 1.9365E-09 2.1562E-09 2.3994E-09 2.8344E-09 3.2034E-09 3.6253E-09 4.1064E-09 4.6556E-09 5.2781E-09 6.0047E-09 6.8044E-09 7.8103E-09 8.8964E-09 1.0721E-08 1.2730E-08 1.9064E-08 2.6844E-08 3.9159E-08 6.2570E-07 8.9408E-07 5.9039E-07 2.9977E-07 1.6508E-07 9.9189E-08 6.3690E-08 4.3677E-08 3.1758E-08 2.4271E-08 1.9168E-08 1.5440E-08 1.2946E-08 1.0998E-08 9.4380E-09 8.2026E-09 7.1323E-09 6.2551E-09 5.5075E-09 4.8760E-09 4.3294E-09 3.8583E-09 3.4505E-09 3.0879E-09 2.7893E-09 2.5316E-09 2.1796E-09 2.0296E-09 1.8686E-09 1.7391E-09 1.6298E-09 1.5235E-09
8.4416E-10 9.2436E-10 1.0142E-09 1.1185E-09 1.2480E-09 1.3821E-09 1.5407E-09 1.7096E-09 1.8939E-09 2.1005E-09 2.3297E-09 2.7841E-09 3.1418E-09 3.5469E-09 4.0067E-09 4.5272E-09 5.1119E-09 5.8360E-09 6.6128E-09 7.6807E-09 8.8774E-09 1.0370E-08 1.4626E-08 1.9550E-08 6.0315E-08 1.1056E-06 1.0532E-06 4.7530E-07 2.1704E-07 1.1278E-07 6.6315E-08 4.2941E-08 3.0309E-08 2.2715E-08 1.7963E-08 1.4762E-08 1.2377E-08 1.0587E-08 9.1036E-09 7.9285E-09 6.9717E-09 6.1401E-09 5.4260E-09 4.8074E-09 4.2745E-09 3.8124E-09 3.4132E-09 3.0626E-09 2.7534E-09 2.4957E-09 2.1135E-09 1.9670E-09 1.8152E-09 1.6853E-09 1.5835E-09 1.4847E-09 1.3895E-09
7.6157E-10 8.3137E-10 9.0882E-10 1.0076E-09 1.0969E-09 1.2245E-09 1.3517E-09 1.5033E-09 1.6624E-09 1.8359E-09 2.0285E-09 2.4075E-09 2.7087E-09 3.0504E-09 3.4322E-09 3.8629E-09 4.3457E-09 4.9053E-09 5.5633E-09 6.3870E-09 7.2961E-09 9.0010E-09 1.1057E-08 1.3982E-08 7.2914E-07 1.4864E-06 8.5180E-07 3.2241E-07 1.3787E-07 6.8134E-08 3.9596E-08 2.6739E-08 2.0053E-08 1.5938E-08 1.3280E-08 1.1287E-08 9.7855E-09 8.5721E-09 7.5486E-09 6.6901E-09 5.9262E-09 5.2628E-09 4.6740E-09 4.1693E-09 3.7258E-09 3.3394E-09 3.0000E-09 2.6952E-09 2.4408E-09 2.2105E-09 1.8939E-09 1.7719E-09 1.6299E-09 1.5301E-09 1.4385E-09 1.3503E-09 1.2630E-09
6.9555E-10 7.4758E-10 8.1491E-10 8.8945E-10 9.8438E-10 1.0699E-09 1.1886E-09 1.3126E-09 1.4543E-09 1.6031E-09 1.7640E-09 1.9409E-09 2.3284E-09 2.6099E-09 2.9286E-09 3.2818E-09 3.6774E-09 4.1168E-09 4.6541E-09 5.2835E-09 5.9691E-09 7.0854E-09 8.3706E-09 1.3152E-08 1.3049E-06 1.3777E-06 4.8293E-07 1.8131E-07 7.5120E-08 3.6956E-08 2.2664E-08 1.6460E-08 1.3288E-08 1.1338E-08 9.9598E-09 8.8056E-09 7.8636E-09 7.0188E-09 6.2684E-09 5.6115E-09 5.0112E-09 4.4726E-09 4.0107E-09 3.5960E-09 3.2317E-09 2.9066E-09 2.6152E-09 2.3713E-09 2.1521E-09 1.8200E-09 1.7012E-09 1.5633E-09 1.4698E-09 1.3861E-09 1.3040E-09 1.2229E-09 1.1477E-09
