Assets/Resources/2015_m01_d03_0700(utc+0800)_l00_csi_1hr_conc.grd
DSAA
         159         159
     -79.000      79.000
     -79.000      79.000
  0.0000E+00  0.1484E-04
[rows 100 to 124 of 159, columns 0 to 56 of 159]
0.0000E+00 0.0000E+00 0.0000E+00 0.0000E+00 0.0000E+00 0.0000E+00 0.0000E+00 1.5960E-12 3.8573E-12 7.5010E-12 1.2560E-11 1.8392E-11 2.4449E-11 2.9688E-11 3.4670E-11 4.0070E-11 4.5596E-11 5.1359E-11 5.7818E-11 6.3897E-11 7.1679E-11 7.9109E-11 8.7859E-11 9.6982E-11 1.0755E-10 1.1825E-10 1.3088E-10 1.4330E-10 1.5610E-10 1.7021E-10 1.8978E-10 2.0760E-10 2.2455E-10 2.4477E-10 2.7063E-10 2.9758E-10 3.2774E-10 3.6099E-10 3.9558E-10 4.3065E-10 4.6653E-10 5.0337E-10 5.4052E-10 5.7843E-10 6.1631E-10 6.5454E-10 6.9256E-10 7.3049E-10 7.6810E-10 8.0520E-10 8.4859E-10 8.9108E-10 9.4204E-10 9.8686E-10 1.0444E-09 1.0958E-09 1.1618E-09
0.0000E+00 0.0000E+00 0.0000E+00 0.0000E+00 0.0000E+00 0.0000E+00 0.0000E+00 0.0000E+00 1.6368E-12 5.0078E-12 8.7485E-12 1.4348E-11 2.0661E-11 2.5811E-11 3.0772E-11 3.5808E-11 4.1264E-11 4.6833E-11 5.2843E-11 5.9106E-11 6.5747E-11 7.2664E-11 8.1098E-11 8.9596E-11 9.8684E-11 1.0822E-10 1.1884E-10 1.3104E-10 1.4335E-10 1.5643E-10 1.7184E-10 1.9221E-10 2.0873E-10 2.2886E-10 2.5257E-10 2.7948E-10 3.0909E-10 3.4085E-10 3.7371E-10 4.0729E-10 4.4153E-10 4.7683E-10 5.1250E-10 5.4877E-10 5.8526E-10 6.2188E-10 6.5860E-10 6.9502E-10 7.3144E-10 7.6717E-10 8.0936E-10 8.5068E-10 8.9714E-10 9.4353E-10 9.9890E-10 1.0490E-09 1.1124E-09
0.0000E+00 0.0000E+00 0.0000E+00 0.0000E+00 0.0000E+00 0.0000E+00 0.0000E+00 0.0000E+00 0.0000E+00 2.1530E-12 6.6655E-12 1.0463E-11 1.5673E-11 2.1048E-11 2.6262E-11 3.1787E-11 3.7190E-11 4.2350E-11 4.7417E-11 5.3443E-11 5.9370E-11 6.6324E-11 7.3198E-11 8.1317E-11 8.9769E-11 9.9900E-11 1.0937E-10 1.1979E-10 1.3081E-10 1.4298E-10 1.5706E-10 1.7818E-10 1.9426E-10 2.1263E-10 2.3551E-10 2.6145E-10 2.9125E-10 3.2157E-10 3.5222E-10 3.8492E-10 4.1773E-10 4.5137E-10 4.8563E-10 5.2029E-10 5.5541E-10 5.9049E-10 6.2592E-10 6.6097E-10 6.9612E-10 7.3097E-10 7.7153E-10 8.1180E-10 8.5647E-10 9.0166E-10 9.5488E-10 1.0037E-09 1.0649E-09
0.0000E+00 0.0000E+00 0.0000E+00 0.0000E+00 0.0000E+00 0.0000E+00 0.0000E+00 0.0000E+00 0.0000E+00 1.5497E-12 3.2708E-12 6.7934E-12 1.1137E-11 1.6442E-11 2.1884E-11 2.7504E-11 3.2208E-11 3.7632E-11 4.2483E-11 4.8397E-11 5.4423E-11 6.0001E-11 6.6937E-11 7.3753E-11 8.1598E-11 8.9977E-11 9.9767E-11 1.0944E-10 1.2058E-10 1.3135E-10 1.4335E-10 1.6409E-10 1.7976E-10 1.9873E-10 2.2009E-10 2.4597E-10 2.7439E-10 3.0291E-10 3.3243E-10 3.6351E-10 3.9493E-10 4.2698E-10 4.5988E-10 4.9298E-10 5.2678E-10 5.6051E-10 5.9453E-10 6.2839E-10 6.6215E-10 6.9613E-10 7.3265E-10 7.7432E-10 8.1726E-10 8.6125E-10 9.1001E-10 9.5986E-10 1.0193E-09
0.0000E+00 0.0000E+00 0.0000E+00 0.0000E+00 0.0000E+00 0.0000E+00 0.0000E+00 0.0000E+00 0.0000E+00 0.0000E+00 1.5761E-12 3.8129E-12 7.3939E-12 1.1304E-11 1.6668E-11 2.3018E-11 2.8326E-11 3.3048E-11 3.8163E-11 4.3347E-11 4.9251E-11 5.4710E-11 6.0814E-11 6.7129E-11 7.4604E-11 8.2379E-11 9.1747E-11 1.0041E-10 1.0996E-10 1.1992E-10 1.3082E-10 1.5096E-10 1.6612E-10 1.8418E-10 2.0514E-10 2.3006E-10 2.5711E-10 2.8490E-10 3.1354E-10 3.4305E-10 3.7314E-10 4.0374E-10 4.3523E-10 4.6704E-10 4.9933E-10 5.3183E-10 5.6441E-10 5.9712E-10 6.2951E-10 6.6263E-10 6.9788E-10 7.3824E-10 7.8000E-10 8.2229E-10 8.6967E-10 9.1758E-10 9.7518E-10
0.0000E+00 0.0000E+00 0.0000E+00 0.0000E+00 0.0000E+00 0.0000E+00 0.0000E+00 0.0000E+00 0.0000E+00 0.0000E+00 0.0000E+00 1.5975E-12 3.8654E-12 7.4890E-12 1.1930E-11 1.7342E-11 2.3237E-11 2.8560E-11 3.3281E-11 3.8908E-11 4.3552E-11 4.9107E-11 5.4509E-11 6.0882E-11 6.7109E-11 7.4527E-11 8.2201E-11 9.1185E-11 1.0002E-10 1.1023E-10 1.2002E-10 1.3485E-10 1.5448E-10 1.7138E-10 1.9222E-10 2.1491E-10 2.4143E-10 2.6820E-10 2.9552E-10 3.2347E-10 3.5233E-10 3.8166E-10 4.1166E-10 4.4222E-10 4.7306E-10 5.0436E-10 5.3554E-10 5.6712E-10 5.9846E-10 6.3047E-10 6.6481E-10 7.0354E-10 7.4163E-10 7.8477E-10 8.3079E-10 8.7682E-10 9.2976E-10
0.0000E+00 0.0000E+00 0.0000E+00 0.0000E+00 0.0000E+00 0.0000E+00 0.0000E+00 0.0000E+00 0.0000E+00 0.0000E+00 0.0000E+00 0.0000E+00 1.6138E-12 3.9056E-12 8.0590E-12 1.3086E-11 1.7471E-11 2.3883E-11 2.9228E-11 3.3938E-11 3.8697E-11 4.3618E-11 4.9671E-11 5.4684E-11 6.0441E-11 6.7131E-11 7.3902E-11 8.1461E-11 9.0345E-11 9.9032E-11 1.0910E-10 1.2026E-10 1.4215E-10 1.5891E-10 1.7915E-10 2.0164E-10 2.2561E-10 2.5129E-10 2.7836E-10 3.0464E-10 3.3250E-10 3.6059E-10 3.8916E-10 4.1851E-10 4.4800E-10 4.7808E-10 5.0812E-10 5.3839E-10 5.6888E-10 5.9963E-10 6.3074E-10 6.7022E-10 7.0730E-10 7.4884E-10 7.9337E-10 8.3812E-10 8.8889E-10
0.0000E+00 0.0000E+00 0.0000E+00 0.0000E+00 0.0000E+00 0.0000E+00 0.0000E+00 0.0000E+00 0.0000E+00 0.0000E+00 0.0000E+00 0.0000E+00 0.0000E+00 1.6249E-12 4.4137E-12 8.1124E-12 1.3157E-11 1.8050E-11 2.3960E-11 2.9289E-11 3.3969E-11 3.9221E-11 4.4307E-11 4.9228E-11 5.5050E-11 6.0705E-11 6.7452E-11 7.4429E-11 8.1540E-11 9.0313E-11 9.8830E-11 1.0914E-10 1.3089E-10 1.4730E-10 1.6683E-10 1.8774E-10 2.1079E-10 2.3523E-10 2.6040E-10 2.8715E-10 3.1360E-10 3.4051E-10 3.6783E-10 3.9588E-10 4.2423E-10 4.5297E-10 4.8192E-10 5.1091E-10 5.4056E-10 5.7008E-10 6.0043E-10 6.3851E-10 6.7433E-10 7.1467E-10 7.5482E-10 8.0088E-10 8.4954E-10
0.0000E+00 0.0000E+00 0.0000E+00 0.0000E+00 0.0000E+00 0.0000E+00 0.0000E+00 0.0000E+00 0.0000E+00 0.0000E+00 0.0000E+00 0.0000E+00 0.0000E+00 0.0000E+00 1.6305E-12 4.4320E-12 8.1389E-12 1.3691E-11 1.8072E-11 2.3614E-11 2.9769E-11 3.4095E-11 3.9102E-11 4.4126E-11 4.8631E-11 5.4366E-11 5.9908E-11 6.6547E-11 7.3391E-11 8.1443E-11 8.9291E-11 9.9193E-11 1.2165E-10 1.3760E-10 1.5590E-10 1.7621E-10 1.9797E-10 2.1999E-10 2.4361E-10 2.7052E-10 2.9580E-10 3.2139E-10 3.4758E-10 3.7431E-10 4.0155E-10 4.2900E-10 4.5689E-10 4.8468E-10 5.1347E-10 5.4215E-10 5.7140E-10 6.0831E-10 6.4034E-10 6.8186E-10 7.2039E-10 7.6505E-10 8.0890E-10
0.0000E+00 0.0000E+00 0.0000E+00 0.0000E+00 0.0000E+00 0.0000E+00 0.0000E+00 0.0000E+00 0.0000E+00 0.0000E+00 0.0000E+00 0.0000E+00 0.0000E+00 0.0000E+00 0.0000E+00 1.6307E-12 4.4354E-12 8.1382E-12 1.3679E-11 1.8033E-11 2.3703E-11 2.9313E-11 3.3922E-11 3.8527E-11 4.3803E-11 4.8212E-11 5.3841E-11 5.8928E-11 6.5766E-11 7.2132E-11 8.0085E-11 9.0032E-11 1.0791E-10 1.2756E-10 1.4470E-10 1.6419E-10 1.8481E-10 2.0617E-10 2.2930E-10 2.5358E-10 2.7849E-10 3.0321E-10 3.2831E-10 3.5377E-10 3.7995E-10 4.0623E-10 4.3302E-10 4.5999E-10 4.8758E-10 5.1550E-10 5.4361E-10 5.7938E-10 6.1017E-10 6.5037E-10 6.8506E-10 7.3063E-10 7.7268E-10
0.0000E+00 0.0000E+00 0.0000E+00 0.0000E+00 0.0000E+00 0.0000E+00 0.0000E+00 0.0000E+00 0.0000E+00 0.0000E+00 0.0000E+00 0.0000E+00 0.0000E+00 0.0000E+00 0.0000E+00 0.0000E+00 1.6254E-12 4.4240E-12 8.1103E-12 1.3622E-11 1.8450E-11 2.3559E-11 2.8759E-11 3.3829E-11 3.8166E-11 4.2692E-11 4.7860E-11 5.2832E-11 5.8334E-11 6.4475E-11 7.0957E-11 8.1327E-11 9.4638E-11 1.1757E-10 1.3453E-10 1.5285E-10 1.7198E-10 1.9258E-10 2.1458E-10 2.3754E-10 2.6108E-10 2.8597E-10 3.0999E-10 3.3438E-10 3.5938E-10 3.8466E-10 4.1025E-10 4.3643E-10 4.6286E-10 4.9004E-10 5.1707E-10 5.4967E-10 5.8162E-10 6.2018E-10 6.5397E-10 6.9757E-10 7.3513E-10
0.0000E+00 0.0000E+00 0.0000E+00 0.0000E+00 0.0000E+00 0.0000E+00 0.0000E+00 0.0000E+00 0.0000E+00 0.0000E+00 0.0000E+00 0.0000E+00 0.0000E+00 0.0000E+00 0.0000E+00 0.0000E+00 0.0000E+00 1.6148E-12 4.3978E-12 8.0554E-12 1.2468E-11 1.8297E-11 2.3338E-11 2.8634E-11 3.3110E-11 3.7019E-11 4.2660E-11 4.7163E-11 5.2232E-11 5.7350E-11 6.4635E-11 7.3807E-11 8.6076E-11 1.0888E-10 1.2494E-10 1.4219E-10 1.6011E-10 1.7974E-10 2.0067E-10 2.2184E-10 2.4480E-10 2.6854E-10 2.9260E-10 3.1599E-10 3.3982E-10 3.6413E-10 3.8858E-10 4.1397E-10 4.3941E-10 4.6572E-10 4.9206E-10 5.2329E-10 5.5436E-10 5.8909E-10 6.2416E-10 6.6586E-10 7.0193E-10
0.0000E+00 0.0000E+00 0.0000E+00 0.0000E+00 0.0000E+00 0.0000E+00 0.0000E+00 0.0000E+00 0.0000E+00 0.0000E+00 0.0000E+00 0.0000E+00 0.0000E+00 0.0000E+00 0.0000E+00 0.0000E+00 0.0000E+00 0.0000E+00 1.5988E-12 4.3571E-12 7.9741E-12 1.1311E-11 1.7087E-11 2.3044E-11 2.8254E-11 3.2299E-11 3.6440E-11 4.1632E-11 4.6570E-11 5.0929E-11 5.7827E-11 6.6298E-11 7.8452E-11 9.9590E-11 1.1593E-10 1.3153E-10 1.4916E-10 1.6775E-10 1.8713E-10 2.0889E-10 2.2943E-10 2.5206E-10 2.7487E-10 2.9853E-10 3.2124E-10 3.4460E-10 3.6816E-10 3.9257E-10 4.1728E-10 4.4251E-10 4.6817E-10 4.9613E-10 5.2828E-10 5.6155E-10 5.9558E-10 6.3545E-10 6.7009E-10
0.0000E+00 0.0000E+00 0.0000E+00 0.0000E+00 0.0000E+00 0.0000E+00 0.0000E+00 0.0000E+00 0.0000E+00 0.0000E+00 0.0000E+00 0.0000E+00 0.0000E+00 0.0000E+00 0.0000E+00 0.0000E+00 0.0000E+00 0.0000E+00 0.0000E+00 1.5778E-12 3.8221E-12 7.8673E-12 1.1155E-11 1.5813E-11 2.1329E-11 2.7449E-11 3.1391E-11 3.6498E-11 4.0489E-11 4.5428E-11 5.0803E-11 5.9777E-11 7.1607E-11 8.7849E-11 1.0733E-10 1.2226E-10 1.3887E-10 1.5765E-10 1.7459E-10 1.9555E-10 2.1613E-10 2.3593E-10 2.5815E-10 2.8071E-10 3.0374E-10 3.2605E-10 3.4885E-10 3.7220E-10 3.9619E-10 4.2038E-10 4.4536E-10 4.7028E-10 5.0332E-10 5.3345E-10 5.6820E-10 6.0412E-10 6.3957E-10
0.0000E+00 0.0000E+00 0.0000E+00 0.0000E+00 0.0000E+00 0.0000E+00 0.0000E+00 0.0000E+00 0.0000E+00 0.0000E+00 0.0000E+00 0.0000E+00 0.0000E+00 0.0000E+00 0.0000E+00 0.0000E+00 0.0000E+00 0.0000E+00 0.0000E+00 0.0000E+00 4.9453E-13 3.7594E-12 6.6903E-12 1.0964E-11 1.5532E-11 1.9901E-11 2.5564E-11 3.0744E-11 3.5040E-11 3.9581E-11 4.5611E-11 5.3604E-11 6.5261E-11 7.7876E-11 9.9057E-11 1.1363E-10 1.2920E-10 1.4537E-10 1.6416E-10 1.8180E-10 2.0194E-10 2.2250E-10 2.4249E-10 2.6388E-10 2.8590E-10 3.0843E-10 3.3050E-10 3.5283E-10 3.7610E-10 3.9948E-10 4.2359E-10 4.4788E-10 4.7947E-10 5.0872E-10 5.4198E-10 5.7636E-10 6.1033E-10
0.0000E+00 0.0000E+00 0.0000E+00 0.0000E+00 0.0000E+00 0.0000E+00 0.0000E+00 0.0000E+00 0.0000E+00 0.0000E+00 0.0000E+00 0.0000E+00 0.0000E+00 0.0000E+00 0.0000E+00 0.0000E+00 0.0000E+00 0.0000E+00 0.0000E+00 0.0000E+00 0.0000E+00 4.8536E-13 2.6282E-12 6.5598E-12 9.1894E-12 1.3663E-11 1.8457E-11 2.4625E-11 2.9325E-11 3.4773E-11 3.9974E-11 4.8280E-11 5.8802E-11 7.1310E-11 9.0743E-11 1.0555E-10 1.2004E-10 1.3549E-10 1.5339E-10 1.7117E-10 1.8804E-10 2.0868E-10 2.2894E-10 2.4802E-10 2.6906E-10 2.9176E-10 3.1307E-10 3.3466E-10 3.5698E-10 3.7969E-10 4.0283E-10 4.2648E-10 4.5668E-10 4.8305E-10 5.1689E-10 5.4768E-10 5.8233E-10
0.0000E+00 0.0000E+00 0.0000E+00 0.0000E+00 0.0000E+00 0.0000E+00 0.0000E+00 0.0000E+00 0.0000E+00 0.0000E+00 0.0000E+00 0.0000E+00 0.0000E+00 0.0000E+00 0.0000E+00 0.0000E+00 0.0000E+00 0.0000E+00 0.0000E+00 0.0000E+00 0.0000E+00 0.0000E+00 0.0000E+00 1.5990E-12 4.8628E-12 8.9687E-12 1.2290E-11 1.6452E-11 2.2500E-11 2.9032E-11 3.4278E-11 4.3208E-11 5.3764E-11 6.4646E-11 8.1811E-11 9.7001E-11 1.1135E-10 1.2631E-10 1.4219E-10 1.5839E-10 1.7726E-10 1.9451E-10 2.1445E-10 2.3434E-10 2.5318E-10 2.7379E-10 2.9526E-10 3.1742E-10 3.3879E-10 3.6083E-10 3.8304E-10 4.0606E-10 4.3508E-10 4.6055E-10 4.9289E-10 5.2026E-10 5.5554E-10
0.0000E+00 0.0000E+00 0.0000E+00 0.0000E+00 0.0000E+00 0.0000E+00 0.0000E+00 0.0000E+00 0.0000E+00 0.0000E+00 0.0000E+00 0.0000E+00 0.0000E+00 0.0000E+00 0.0000E+00 0.0000E+00 0.0000E+00 0.0000E+00 0.0000E+00 0.0000E+00 0.0000E+00 0.0000E+00 0.0000E+00 0.0000E+00 4.9760E-13 3.7659E-12 6.7039E-12 1.0390E-11 1.5122E-11 2.0962E-11 2.8338E-11 3.7061E-11 4.8635E-11 5.8850E-11 7.1355E-11 8.9428E-11 1.0261E-10 1.1663E-10 1.3241E-10 1.4806E-10 1.6492E-10 1.8356E-10 2.0020E-10 2.2035E-10 2.3942E-10 2.5805E-10 2.7845E-10 2.9979E-10 3.2152E-10 3.4287E-10 3.6441E-10 3.8656E-10 4.1285E-10 4.3905E-10 4.6994E-10 4.9624E-10 5.2992E-10
0.0000E+00 0.0000E+00 0.0000E+00 0.0000E+00 0.0000E+00 0.0000E+00 0.0000E+00 0.0000E+00 0.0000E+00 0.0000E+00 0.0000E+00 0.0000E+00 0.0000E+00 0.0000E+00 0.0000E+00 0.0000E+00 0.0000E+00 0.0000E+00 0.0000E+00 0.0000E+00 0.0000E+00 0.0000E+00 0.0000E+00 0.0000E+00 0.0000E+00 0.0000E+00 2.6013E-12 5.4244E-12 9.9291E-12 1.5426E-11 2.2888E-11 3.1844E-11 4.3327E-11 5.3482E-11 6.4617E-11 8.2441E-11 9.4434E-11 1.0874E-10 1.2239E-10 1.3853E-10 1.5443E-10 1.7056E-10 1.8908E-10 2.0604E-10 2.2412E-10 2.4439E-10 2.6270E-10 2.8315E-10 3.0408E-10 3.2579E-10 3.4668E-10 3.6797E-10 3.9164E-10 4.1849E-10 4.4617E-10 4.7327E-10 5.0542E-10
0.0000E+00 0.0000E+00 0.0000E+00 0.0000E+00 0.0000E+00 0.0000E+00 0.0000E+00 0.0000E+00 0.0000E+00 0.0000E+00 0.0000E+00 0.0000E+00 0.0000E+00 0.0000E+00 0.0000E+00 0.0000E+00 0.0000E+00 0.0000E+00 0.0000E+00 0.0000E+00 0.0000E+00 0.0000E+00 0.0000E+00 0.0000E+00 0.0000E+00 0.0000E+00 0.0000E+00 4.9904E-13 5.8174E-12 1.2367E-11 1.9340E-11 2.7326E-11 3.8410E-11 4.8503E-11 5.9081E-11 7.5611E-11 8.7742E-11 9.9815E-11 1.1325E-10 1.2856E-10 1.4302E-10 1.5998E-10 1.7645E-10 1.9336E-10 2.1100E-10 2.2919E-10 2.4796E-10 2.6747E-10 2.8761E-10 3.0830E-10 3.2979E-10 3.5025E-10 3.7143E-10 3.9886E-10 4.2350E-10 4.5132E-10 4.8005E-10
0.0000E+00 0.0000E+00 0.0000E+00 0.0000E+00 0.0000E+00 0.0000E+00 0.0000E+00 0.0000E+00 0.0000E+00 0.0000E+00 0.0000E+00 0.0000E+00 0.0000E+00 0.0000E+00 0.0000E+00 0.0000E+00 0.0000E+00 0.0000E+00 0.0000E+00 0.0000E+00 0.0000E+00 0.0000E+00 0.0000E+00 0.0000E+00 0.0000E+00 0.0000E+00 0.0000E+00 0.0000E+00 4.9788E-12 8.1511E-12 1.4221E-11 2.2668E-11 3.3097E-11 4.2924E-11 5.3396E-11 6.6857E-11 8.1297E-11 9.2980E-11 1.0518E-10 1.1929E-10 1.3291E-10 1.4904E-10 1.6468E-10 1.8164E-10 1.9875E-10 2.1604E-10 2.3408E-10 2.5264E-10 2.7209E-10 2.9062E-10 3.1251E-10 3.3355E-10 3.5391E-10 3.8011E-10 4.0373E-10 4.3035E-10 4.5781E-10
0.0000E+00 0.0000E+00 0.0000E+00 0.0000E+00 0.0000E+00 0.0000E+00 0.0000E+00 0.0000E+00 0.0000E+00 0.0000E+00 0.0000E+00 0.0000E+00 0.0000E+00 0.0000E+00 0.0000E+00 0.0000E+00 0.0000E+00 0.0000E+00 0.0000E+00 0.0000E+00 0.0000E+00 0.0000E+00 0.0000E+00 0.0000E+00 0.0000E+00 0.0000E+00 0.0000E+00 0.0000E+00 4.2120E-12 6.6664E-12 1.1918E-11 1.8490E-11 2.7912E-11 3.8327E-11 4.7651E-11 5.8798E-11 7.4575E-11 8.6595E-11 9.8152E-11 1.1054E-10 1.2461E-10 1.3882E-10 1.5424E-10 1.6976E-10 1.8611E-10 2.0366E-10 2.2101E-10 2.3761E-10 2.5739E-10 2.7649E-10 2.9497E-10 3.1762E-10 3.3719E-10 3.6221E-10 3.8315E-10 4.1032E-10 4.3475E-10
0.0000E+00 0.0000E+00 0.0000E+00 0.0000E+00 0.0000E+00 0.0000E+00 0.0000E+00 0.0000E+00 0.0000E+00 0.0000E+00 0.0000E+00 0.0000E+00 0.0000E+00 0.0000E+00 0.0000E+00 0.0000E+00 0.0000E+00 0.0000E+00 0.0000E+00 0.0000E+00 0.0000E+00 0.0000E+00 0.0000E+00 0.0000E+00 0.0000E+00 0.0000E+00 0.0000E+00 0.0000E+00 1.5172E-12 5.2985E-12 1.1197E-11 1.6420E-11 2.5044E-11 3.5059E-11 4.2878E-11 5.2807E-11 6.9304E-11 8.0126E-11 9.1089E-11 1.0335E-10 1.1575E-10 1.2910E-10 1.4397E-10 1.5866E-10 1.7539E-10 1.9109E-10 2.0759E-10 2.2582E-10 2.4239E-10 2.6303E-10 2.8077E-10 3.0122E-10 3.2123E-10 3.4354E-10 3.6526E-10 3.9119E-10 4.1280E-10
0.0000E+00 0.0000E+00 0.0000E+00 0.0000E+00 0.0000E+00 0.0000E+00 0.0000E+00 0.0000E+00 0.0000E+00 0.0000E+00 0.0000E+00 0.0000E+00 0.0000E+00 0.0000E+00 0.0000E+00 0.0000E+00 0.0000E+00 0.0000E+00 0.0000E+00 0.0000E+00 0.0000E+00 0.0000E+00 0.0000E+00 0.0000E+00 0.0000E+00 0.0000E+00 0.0000E+00 0.0000E+00 0.0000E+00 4.9759E-12 1.0060E-11 1.5436E-11 2.2631E-11 3.1994E-11 3.9659E-11 4.9563E-11 6.2685E-11 7.4637E-11 8.5560E-11 9.6108E-11 1.0900E-10 1.2080E-10 1.3440E-10 1.4943E-10 1.6380E-10 1.8141E-10 1.9609E-10 2.1461E-10 2.3050E-10 2.5021E-10 2.6724E-10 2.8562E-10 3.0601E-10 3.2578E-10 3.4818E-10 3.7293E-10 3.9370E-10
0.0000E+00 0.0000E+00 0.0000E+00 0.0000E+00 0.0000E+00 0.0000E+00 0.0000E+00 0.0000E+00 0.0000E+00 0.0000E+00 0.0000E+00 0.0000E+00 0.0000E+00 0.0000E+00 0.0000E+00 0.0000E+00 0.0000E+00 0.0000E+00 0.0000E+00 0.0000E+00 0.0000E+00 0.0000E+00 0.0000E+00 0.0000E+00 0.0000E+00 0.0000E+00 0.0000E+00 0.0000E+00 0.0000E+00 4.6726E-12 9.0020E-12 1.3608E-11 2.0406E-11 2.8840E-11 3.7109E-11 4.6047E-11 5.5504E-11 6.9957E-11 8.0868E-11 9.0912E-11 1.0264E-10 1.1387E-10 1.2738E-10 1.4019E-10 1.5543E-10 1.7119E-10 1.8627E-10 2.0286E-10 2.1917E-10 2.3691E-10 2.5434E-10 2.7080E-10 2.9148E-10 3.0891E-10 3.3188E-10 3.5395E-10 3.7547E-10
