Assets/Resources/2015_m01_d11_1500(utc+0800)_l00_csi_1hr_conc.grd
DSAA
         159         159
     -79.000      79.000
     -79.000      79.000
  0.0000E+00  0.2235E-05
[rows 50 to 74 of 159, columns 57 to 113 of 159]
9.7062E-09 7.5194E-09 5.5731E-09 3.9414E-09 2.6448E-09 1.6640E-09 9.6787E-10 5.5052E-10 2.9528E-10 1.4441E-10 6.2598E-11 3.0995E-11 2.9311E-11 2.9286E-11 2.9210E-11 2.9084E-11 2.8908E-11 2.8685E-11 2.8414E-11 2.8097E-11 2.7736E-11 2.7333E-11 2.6889E-11 2.6408E-11 2.5890E-11 2.5340E-11 2.4758E-11 2.4149E-11 2.3515E-11 2.2858E-11 2.2182E-11 2.1489E-11 2.0782E-11 2.0065E-11 1.9339E-11 1.8608E-11 1.7874E-11 1.7141E-11 1.6409E-11 1.5682E-11 1.4962E-11 1.4251E-11 1.3551E-11 1.2864E-11 1.2190E-11 1.1533E-11 1.0893E-11 1.0271E-11 9.6679E-12 8.8498E-12 8.3082E-12 7.7867E-12 7.0468E-12 6.5873E-12 6.1473E-12 5.4926E-12 5.1126E-12
1.1783E-08 9.4076E-09 7.1775E-09 5.2209E-09 3.6349E-09 2.3759E-09 1.4595E-09 8.6430E-10 4.7904E-10 2.5488E-10 1.2124E-10 4.6610E-11 2.6746E-11 2.6724E-11 2.6656E-11 2.6542E-11 2.6383E-11 2.6179E-11 2.5933E-11 2.5645E-11 2.5317E-11 2.4950E-11 2.4546E-11 2.4107E-11 2.3635E-11 2.3134E-11 2.2604E-11 2.2048E-11 2.1470E-11 2.0871E-11 2.0255E-11 1.9623E-11 1.8978E-11 1.8324E-11 1.7662E-11 1.6995E-11 1.6325E-11 1.5656E-11 1.4988E-11 1.4325E-11 1.3668E-11 1.3019E-11 1.2380E-11 1.1752E-11 1.1137E-11 1.0537E-11 9.9526E-12 9.3846E-12 8.6019E-12 8.0895E-12 7.5947E-12 6.8816E-12 6.4440E-12 6.0239E-12 5.3889E-12 5.0247E-12 4.6772E-12
1.4143E-08 1.1627E-08 9.1307E-09 6.8710E-09 4.9210E-09 3.3642E-09 2.1591E-09 1.3324E-09 7.8761E-10 4.3625E-10 2.2092E-10 9.5982E-11 3.3399E-11 2.4343E-11 2.4282E-11 2.4179E-11 2.4035E-11 2.3851E-11 2.3627E-11 2.3366E-11 2.3067E-11 2.2734E-11 2.2367E-11 2.1968E-11 2.1539E-11 2.1083E-11 2.0601E-11 2.0095E-11 1.9569E-11 1.9024E-11 1.8462E-11 1.7887E-11 1.7300E-11 1.6704E-11 1.6101E-11 1.5494E-11 1.4884E-11 1.4274E-11 1.3666E-11 1.3062E-11 1.2463E-11 1.1872E-11 1.1290E-11 1.0718E-11 1.0158E-11 9.6105E-12 9.0777E-12 8.3317E-12 7.8489E-12 7.3815E-12 6.6969E-12 6.2818E-12 5.8825E-12 5.2687E-12 4.9212E-12 4.5887E-12 4.0443E-12
1.6684E-08 1.4127E-08 1.1471E-08 8.8845E-09 6.5766E-09 4.6721E-09 3.1298E-09 2.0210E-09 1.2392E-09 7.2175E-10 3.9128E-10 1.8366E-10 5.9477E-11 2.2135E-11 2.2080E-11 2.1988E-11 2.1858E-11 2.1691E-11 2.1489E-11 2.1252E-11 2.0981E-11 2.0678E-11 2.0345E-11 1.9983E-11 1.9594E-11 1.9179E-11 1.8742E-11 1.8283E-11 1.7804E-11 1.7309E-11 1.6799E-11 1.6276E-11 1.5743E-11 1.5201E-11 1.4653E-11 1.4101E-11 1.3547E-11 1.2992E-11 1.2439E-11 1.1889E-11 1.1345E-11 1.0807E-11 1.0277E-11 9.7572E-12 9.2476E-12 8.5073E-12 8.0418E-12 7.5888E-12 7.1493E-12 6.4943E-12 6.1023E-12 5.7243E-12 5.1333E-12 4.8030E-12 4.4862E-12 3.9587E-12 3.6883E-12
1.9269E-08 1.6864E-08 1.4119E-08 1.1306E-08 8.6787E-09 6.3612E-09 4.4640E-09 2.9992E-09 1.9183E-09 1.1687E-09 6.5819E-10 3.3507E-10 1.3989E-10 3.1280E-11 2.0043E-11 1.9960E-11 1.9842E-11 1.9692E-11 1.9509E-11 1.9294E-11 1.9050E-11 1.8776E-11 1.8474E-11 1.8146E-11 1.7793E-11 1.7417E-11 1.7021E-11 1.6604E-11 1.6171E-11 1.5722E-11 1.5259E-11 1.4785E-11 1.4301E-11 1.3809E-11 1.3312E-11 1.2811E-11 1.2308E-11 1.1804E-11 1.1302E-11 1.0803E-11 1.0309E-11 9.8206E-12 9.3396E-12 8.8672E-12 8.1684E-12 7.7348E-12 7.3117E-12 6.9001E-12 6.2759E-12 5.9073E-12 5.5509E-12 4.9840E-12 4.6713E-12 4.3708E-12 3.8615E-12 3.6039E-12 3.3578E-12
2.1749E-08 1.9662E-08 1.7025E-08 1.4125E-08 1.1202E-08 8.5169E-09 6.2292E-09 4.3490E-09 2.9207E-09 1.8371E-09 1.0844E-09 5.8623E-10 2.6653E-10 8.1608E-11 1.8564E-11 1.8087E-11 1.7981E-11 1.7846E-11 1.7680E-11 1.7487E-11 1.7266E-11 1.7018E-11 1.6745E-11 1.6448E-11 1.6129E-11 1.5789E-11 1.5430E-11 1.5054E-11 1.4661E-11 1.4254E-11 1.3835E-11 1.3406E-11 1.2968E-11 1.2523E-11 1.2072E-11 1.1618E-11 1.1162E-11 1.0706E-11 1.0251E-11 9.7992E-12 9.3511E-12 8.9085E-12 8.4725E-12 7.8155E-12 7.4134E-12 7.0200E-12 6.3988E-12 6.0437E-12 5.6986E-12 5.1273E-12 4.8222E-12 4.5275E-12 4.2435E-12 3.7536E-12 3.5093E-12 3.2752E-12 2.8364E-12
2.3854E-08 2.2326E-08 2.0040E-08 1.7218E-08 1.4164E-08 1.1197E-08 8.4832E-09 6.1876E-09 4.3195E-09 2.8429E-09 1.7632E-09 9.8735E-10 4.8836E-10 1.8904E-10 3.9473E-11 1.6361E-11 1.6266E-11 1.6144E-11 1.5995E-11 1.5821E-11 1.5621E-11 1.5398E-11 1.5151E-11 1.4884E-11 1.4595E-11 1.4288E-11 1.3964E-11 1.3624E-11 1.3269E-11 1.2901E-11 1.2523E-11 1.2135E-11 1.1738E-11 1.1336E-11 1.0929E-11 1.0518E-11 1.0106E-11 9.6932E-12 9.2818E-12 8.8728E-12 8.4674E-12 7.8289E-12 7.4516E-12 7.0805E-12 6.7164E-12 6.1299E-12 5.7997E-12 5.4780E-12 4.9350E-12 4.6494E-12 4.3728E-12 3.8759E-12 3.6361E-12 3.4053E-12 2.9550E-12 2.7604E-12 2.3661E-12
2.5338E-08 2.4617E-08 2.2931E-08 2.0453E-08 1.7496E-08 1.4346E-08 1.1315E-08 8.6136E-09 6.2582E-09 4.3276E-09 2.7725E-09 1.6247E-09 8.5902E-10 3.6646E-10 1.1123E-10 1.7154E-11 1.4688E-11 1.4579E-11 1.4445E-11 1.4288E-11 1.4108E-11 1.3907E-11 1.3685E-11 1.3444E-11 1.3184E-11 1.2907E-11 1.2615E-11 1.2308E-11 1.1988E-11 1.1656E-11 1.1315E-11 1.0965E-11 1.0607E-11 1.0244E-11 9.8760E-12 9.5054E-12 9.1332E-12 8.7607E-12 8.3892E-12 7.7746E-12 7.4253E-12 7.0797E-12 6.7388E-12 6.1636E-12 5.8517E-12 5.5461E-12 5.2475E-12 4.7334E-12 4.4671E-12 4.2087E-12 3.7350E-12 3.5100E-12 3.2929E-12 2.8609E-12 2.4582E-12 2.2979E-12 1.9223E-12
2.5968E-08 2.6229E-08 2.5408E-08 2.3599E-08 2.0998E-08 1.7927E-08 1.4748E-08 1.1656E-08 8.8395E-09 6.3686E-09 4.2627E-09 2.6504E-09 1.4665E-09 6.8638E-10 2.5872E-10 6.2298E-11 1.3240E-11 1.3142E-11 1.3022E-11 1.2881E-11 1.2720E-11 1.2539E-11 1.2339E-11 1.2122E-11 1.1888E-11 1.1639E-11 1.1376E-11 1.1100E-11 1.0812E-11 1.0513E-11 1.0205E-11 9.8899E-12 9.5678E-12 9.2405E-12 8.9092E-12 8.5752E-12 8.2398E-12 7.9041E-12 7.3352E-12 7.0178E-12 6.7028E-12 6.3911E-12 5.8532E-12 5.5667E-12 5.2851E-12 4.7773E-12 4.5242E-12 4.2771E-12 3.8036E-12 3.5868E-12 3.3765E-12 3.1731E-12 2.7603E-12 2.3750E-12 2.2240E-12 1.8626E-12 1.5274E-12
2.5545E-08 2.6877E-08 2.7177E-08 2.6323E-08 2.4431E-08 2.1779E-08 1.8640E-08 1.5362E-08 1.2186E-08 9.1344E-09 6.4576E-09 4.1717E-09 2.4380E-09 1.2573E-09 5.3378E-10 1.7570E-10 2.9927E-11 1.1826E-11 1.1719E-11 1.1592E-11 1.1447E-11 1.1285E-11 1.1106E-11 1.0911E-11 1.0701E-11 1.0478E-11 1.0241E-11 9.9926E-12 9.7337E-12 9.4653E-12 9.1886E-12 8.9049E-12 8.6153E-12 8.3209E-12 8.0229E-12 7.7225E-12 7.1834E-12 6.8963E-12 6.6094E-12 6.3237E-12 5.8041E-12 5.5390E-12 5.2769E-12 4.7801E-12 4.5424E-12 4.3091E-12 4.0808E-12 3.6337E-12 3.4324E-12 3.2368E-12 2.8215E-12 2.4336E-12 2.2867E-12 1.9188E-12 1.7985E-12 1.4769E-12 1.3806E-12
2.3982E-08 2.6392E-08 2.7890E-08 2.8256E-08 2.7440E-08 2.5522E-08 2.2816E-08 1.9674E-08 1.6214E-08 1.2753E-08 9.4181E-09 6.4019E-09 4.0044E-09 2.1976E-09 1.0541E-09 3.9844E-10 1.1459E-10 1.0623E-11 1.0527E-11 1.0414E-11 1.0284E-11 1.0139E-11 9.9786E-12 9.8038E-12 9.6157E-12 9.4150E-12 9.2028E-12 8.9801E-12 8.7478E-12 8.5069E-12 8.2587E-12 8.0040E-12 7.7440E-12 7.4797E-12 6.9737E-12 6.7181E-12 6.4609E-12 6.2029E-12 5.7056E-12 5.4637E-12 5.2232E-12 4.9848E-12 4.5213E-12 4.3039E-12 4.0900E-12 3.6495E-12 3.4593E-12 3.2733E-12 3.0921E-12 2.6988E-12 2.3310E-12 2.1941E-12 1.8432E-12 1.5173E-12 1.4232E-12 1.1134E-12 8.2749E-13
2.1391E-08 2.4654E-08 2.7312E-08 2.9030E-08 2.9526E-08 2.8776E-08 2.6962E-08 2.4210E-08 2.0886E-08 1.7215E-08 1.3325E-08 9.6328E-09 6.3241E-09 3.7455E-09 1.9438E-09 8.4432E-10 2.9060E-10 5.4956E-11 9.4402E-12 9.3392E-12 9.2233E-12 9.0933E-12 8.9498E-12 8.7935E-12 8.6251E-12 8.4455E-12 8.2555E-12 8.0560E-12 7.8480E-12 7.6322E-12 7.4098E-12 7.1816E-12 6.7115E-12 6.4878E-12 6.2609E-12 6.0316E-12 5.5601E-12 5.3429E-12 5.1254E-12 4.9083E-12 4.4614E-12 4.2616E-12 4.0637E-12 3.6337E-12 3.4562E-12 3.2818E-12 3.1108E-12 2.7208E-12 2.3557E-12 2.2250E-12 1.8729E-12 1.5454E-12 1.4546E-12 1.3668E-12 1.0704E-12 7.9671E-13 7.4607E-13
1.7997E-08 2.1754E-08 2.5353E-08 2.8334E-08 3.0294E-08 3.1033E-08 3.0409E-08 2.8630E-08 2.5899E-08 2.2307E-08 1.8232E-08 1.3866E-08 9.7075E-09 6.1795E-09 3.4718E-09 1.6893E-09 6.5997E-10 1.8402E-10 2.2585E-11 8.3605E-12 8.2572E-12 8.1412E-12 8.0130E-12 7.8734E-12 7.7230E-12 7.5625E-12 7.3927E-12 7.2144E-12 7.0284E-12 6.5895E-12 6.4029E-12 6.2110E-12 6.0145E-12 5.8143E-12 5.3715E-12 5.1795E-12 4.9858E-12 4.7911E-12 4.3642E-12 4.1832E-12 4.0028E-12 3.8236E-12 3.4234E-12 3.2618E-12 3.1025E-12 2.7194E-12 2.3603E-12 2.2370E-12 2.1165E-12 1.7837E-12 1.4739E-12 1.3897E-12 1.0903E-12 8.1355E-13 7.6445E-13 4.9754E-13 4.6650E-13
1.4132E-08 1.7996E-08 2.2140E-08 2.6058E-08 2.9387E-08 3.1667E-08 3.2649E-08 3.2318E-08 3.0608E-08 2.7719E-08 2.3868E-08 1.9197E-08 1.4400E-08 9.7764E-09 5.9958E-09 3.2008E-09 1.4364E-09 4.7462E-10 8.4092E-11 1.6048E-11 7.3793E-12 7.2760E-12 7.1617E-12 7.0373E-12 6.9031E-12 6.7600E-12 6.6085E-12 6.2104E-12 6.0555E-12 5.8943E-12 5.7276E-12 5.5561E-12 5.1442E-12 4.9775E-12 4.8079E-12 4.6362E-12 4.2322E-12 4.0707E-12 3.9086E-12 3.7466E-12 3.3616E-12 3.2140E-12 3.0677E-12 2.6946E-12 2.3445E-12 2.2297E-12 2.1169E-12 1.7876E-12 1.4807E-12 1.4009E-12 1.1011E-12 8.2367E-13 7.7661E-13 7.3099E-13 4.7623E-13 2.4211E-13 2.2705E-13
1.0289E-08 1.3875E-08 1.7972E-08 2.2392E-08 2.6706E-08 3.0385E-08 3.3095E-08 3.4444E-08 3.4370E-08 3.2873E-08 2.9764E-08 2.5493E-08 2.0243E-08 1.4873E-08 9.8702E-09 5.8369E-09 2.9193E-09 1.1310E-09 2.6847E-10 3.9131E-11 6.5832E-12 6.4913E-12 6.3897E-12 6.2789E-12 5.9198E-12 5.8021E-12 5.6770E-12 5.5451E-12 5.4069E-12 5.0212E-12 4.8837E-12 4.7419E-12 4.5962E-12 4.4474E-12 4.0687E-12 3.9270E-12 3.7837E-12 3.4050E-12 3.2724E-12 3.1396E-12 3.0070E-12 2.6471E-12 2.3088E-12 2.2033E-12 2.0991E-12 1.7761E-12 1.4748E-12 1.4001E-12 1.3269E-12 1.0442E-12 7.8224E-13 7.3881E-13 4.8204E-13 2.4590E-13 2.3139E-13 0.0000E+00 0.0000E+00
6.8836E-09 9.7986E-09 1.3464E-08 1.7809E-08 2.2480E-08 2.7116E-08 3.1290E-08 3.4464E-08 3.6449E-08 3.6706E-08 3.5210E-08 3.1896E-08 2.7092E-08 2.1401E-08 1.5567E-08 1.0145E-08 5.7245E-09 2.5275E-09 8.0337E-10 1.4502E-10 7.2788E-12 5.5454E-12 5.4634E-12 5.3734E-12 5.2758E-12 5.1711E-12 4.8168E-12 4.7092E-12 4.5962E-12 4.4781E-12 4.3556E-12 3.9968E-12 3.8776E-12 3.7555E-12 3.6310E-12 3.2747E-12 3.1581E-12 3.0404E-12 2.9221E-12 2.5780E-12 2.2541E-12 2.1585E-12 2.0635E-12 1.7496E-12 1.4564E-12 1.3874E-12 1.3194E-12 1.0401E-12 7.8118E-13 7.4035E-13 4.8379E-13 2.4762E-13 2.3381E-13 2.2039E-13 0.0000E+00 0.0000E+00 0.0000E+00
4.1897E-09 6.3114E-09 9.2285E-09 1.2924E-08 1.7348E-08 2.2334E-08 2.7352E-08 3.2131E-08 3.5928E-08 3.8445E-08 3.9180E-08 3.7642E-08 3.4140E-08 2.9018E-08 2.3022E-08 1.6756E-08 1.0794E-08 5.5293E-09 1.9350E-09 3.7350E-10 1.5789E-11 4.9330E-12 4.8602E-12 4.5409E-12 4.4626E-12 4.3782E-12 4.2879E-12 4.1923E-12 3.8586E-12 3.7630E-12 3.6634E-12 3.5604E-12 3.2208E-12 3.1222E-12 3.0215E-12 2.9189E-12 2.8150E-12 2.2665E-12 2.1817E-12 2.0965E-12 2.0111E-12 1.4890E-12 1.4258E-12 1.3629E-12 1.0773E-12 8.1196E-13 7.7348E-13 7.3556E-13 4.8143E-13 2.4721E-13 2.3423E-13 2.2155E-13 0.0000E+00 0.0000E+00 0.0000E+00 0.0000E+00 0.0000E+00
2.2862E-09 3.6599E-09 5.6803E-09 8.4743E-09 1.2199E-08 1.6697E-08 2.1865E-08 2.7369E-08 3.2692E-08 3.7423E-08 4.0505E-08 4.1495E-08 4.0132E-08 3.6624E-08 3.1829E-08 2.5951E-08 1.9040E-08 1.1176E-08 4.4465E-09 1.0330E-09 4.1409E-11 4.1559E-12 4.0986E-12 4.0350E-12 3.7280E-12 3.6609E-12 3.5888E-12 3.5121E-12 3.4310E-12 3.1133E-12 3.0337E-12 2.9510E-12 2.8657E-12 2.7780E-12 2.2401E-12 2.1674E-12 2.0935E-12 2.0186E-12 1.7202E-12 1.4404E-12 1.3840E-12 1.3275E-12 1.0513E-12 7.9437E-13 7.5931E-13 7.2457E-13 4.7502E-13 2.4470E-13 2.3264E-13 2.2081E-13 0.0000E+00 0.0000E+00 0.0000E+00 0.0000E+00 0.0000E+00 0.0000E+00 0.0000E+00
1.0743E-09 1.8847E-09 3.1124E-09 5.0064E-09 7.6427E-09 1.1183E-08 1.5762E-08 2.1070E-08 2.7157E-08 3.3144E-08 3.8578E-08 4.2394E-08 4.3760E-08 4.2876E-08 4.0339E-08 3.6680E-08 3.1081E-08 2.1960E-08 1.0154E-08 2.4218E-09 8.2749E-11 3.4581E-12 3.4135E-12 3.3637E-12 3.3090E-12 3.0143E-12 2.9576E-12 2.8970E-12 2.8328E-12 2.7651E-12 2.4626E-12 2.1760E-12 2.1163E-12 2.0548E-12 1.9916E-12 1.7022E-12 1.4302E-12 1.3813E-12 1.3318E-12 1.0576E-12 8.0197E-13 7.7053E-13 7.3905E-13 7.0765E-13 2.5129E-13 2.4014E-13 2.2910E-13 2.1819E-13 0.0000E+00 0.0000E+00 0.0000E+00 0.0000E+00 0.0000E+00 0.0000E+00 0.0000E+00 0.0000E+00 0.0000E+00
3.8858E-10 7.9153E-10 1.4721E-09 2.5570E-09 4.1989E-09 6.6895E-09 9.9959E-09 1.4454E-08 1.9928E-08 2.6354E-08 3.3228E-08 3.9344E-08 4.3759E-08 4.6006E-08 4.6405E-08 4.6843E-08 4.6490E-08 3.9334E-08 2.1504E-08 5.6962E-09 1.2799E-10 2.8338E-12 2.7998E-12 2.7614E-12 2.7189E-12 2.6724E-12 2.3899E-12 2.1214E-12 2.0776E-12 2.0311E-12 1.9822E-12 1.9312E-12 1.4355E-12 1.3960E-12 1.3552E-12 1.3134E-12 1.0459E-12 7.9588E-13 7.6862E-13 7.4102E-13 7.1319E-13 4.6948E-13 2.4367E-13 2.3366E-13 2.2368E-13 0.0000E+00 0.0000E+00 0.0000E+00 0.0000E+00 0.0000E+00 0.0000E+00 0.0000E+00 0.0000E+00 0.0000E+00 0.0000E+00 0.0000E+00 0.0000E+00
2.6253E-12 2.0195E-10 5.4393E-10 1.0680E-09 1.9761E-09 3.3626E-09 5.4557E-09 8.5342E-09 1.2691E-08 1.8312E-08 2.5032E-08 3.2320E-08 3.9371E-08 4.4690E-08 4.8516E-08 5.2517E-08 5.9696E-08 6.3158E-08 4.4961E-08 1.3593E-08 9.9860E-10 2.0548E-12 2.0332E-12 2.0084E-12 1.9805E-12 1.9496E-12 1.9158E-12 1.8795E-12 1.3993E-12 1.3701E-12 1.3393E-12 1.3069E-12 1.2731E-12 1.0167E-12 7.7643E-13 7.5370E-13 7.3038E-13 7.0657E-13 4.6628E-13 2.4304E-13 2.3426E-13 2.2541E-13 0.0000E+00 0.0000E+00 0.0000E+00 0.0000E+00 0.0000E+00 0.0000E+00 0.0000E+00 0.0000E+00 0.0000E+00 0.0000E+00 0.0000E+00 0.0000E+00 0.0000E+00 0.0000E+00 0.0000E+00
4.6798E-13 7.0176E-13 6.4557E-11 3.5652E-10 7.3031E-10 1.3732E-09 2.4618E-09 4.1342E-09 6.7279E-09 1.0516E-08 1.5748E-08 2.2741E-08 3.0589E-08 3.8650E-08 4.5373E-08 5.1583E-08 6.4281E-08 8.7531E-08 8.5208E-08 3.3113E-08 2.5102E-09 1.3680E-12 1.3557E-12 1.3412E-12 1.3246E-12 1.3060E-12 1.2854E-12 1.2630E-12 1.0132E-12 7.7809E-13 7.6180E-13 7.4458E-13 7.2651E-13 7.0766E-13 4.6853E-13 2.4552E-13 2.3828E-13 2.3086E-13 2.2329E-13 0.0000E+00 0.0000E+00 0.0000E+00 0.0000E+00 0.0000E+00 0.0000E+00 0.0000E+00 0.0000E+00 0.0000E+00 0.0000E+00 0.0000E+00 0.0000E+00 0.0000E+00 0.0000E+00 0.0000E+00 0.0000E+00 0.0000E+00 0.0000E+00
0.0000E+00 0.0000E+00 0.0000E+00 9.4098E-12 1.7820E-10 4.2044E-10 8.3369E-10 1.5422E-09 2.7751E-09 4.6936E-09 7.9148E-09 1.2656E-08 1.9486E-08 2.8165E-08 3.7359E-08 4.5862E-08 5.7602E-08 9.0306E-08 1.4123E-07 8.6079E-08 7.1582E-09 7.6656E-13 7.6087E-13 7.5394E-13 7.4578E-13 7.3645E-13 7.2600E-13 7.1446E-13 7.0191E-13 4.6669E-13 2.4610E-13 2.4091E-13 2.3541E-13 2.2965E-13 2.2364E-13 0.0000E+00 0.0000E+00 0.0000E+00 0.0000E+00 0.0000E+00 0.0000E+00 0.0000E+00 0.0000E+00 0.0000E+00 0.0000E+00 0.0000E+00 0.0000E+00 0.0000E+00 0.0000E+00 0.0000E+00 0.0000E+00 0.0000E+00 0.0000E+00 0.0000E+00 0.0000E+00 0.0000E+00 0.0000E+00
0.0000E+00 0.0000E+00 0.0000E+00 0.0000E+00 6.8258E-13 3.4405E-11 1.6296E-10 3.8770E-10 7.7086E-10 1.5203E-09 2.8246E-09 5.1910E-09 9.3013E-09 1.5793E-08 2.4970E-08 3.5621E-08 4.6282E-08 6.9733E-08 1.6093E-07 2.0819E-07 2.6137E-08 4.8726E-13 2.4263E-13 2.4078E-13 2.3854E-13 2.3592E-13 2.3293E-13 2.2958E-13 2.2589E-13 2.2188E-13 0.0000E+00 0.0000E+00 0.0000E+00 0.0000E+00 0.0000E+00 0.0000E+00 0.0000E+00 0.0000E+00 0.0000E+00 0.0000E+00 0.0000E+00 0.0000E+00 0.0000E+00 0.0000E+00 0.0000E+00 0.0000E+00 0.0000E+00 0.0000E+00 0.0000E+00 0.0000E+00 0.0000E+00 0.0000E+00 0.0000E+00 0.0000E+00 0.0000E+00 0.0000E+00 0.0000E+00
0.0000E+00 0.0000E+00 0.0000E+00 0.0000E+00 0.0000E+00 0.0000E+00 1.9199E-12 1.6621E-11 8.5618E-11 2.5535E-10 6.0779E-10 1.3725E-09 2.8814E-09 5.8949E-09 1.1553E-08 2.0777E-08 3.3380E-08 4.6905E-08 9.6906E-08 3.4258E-07 1.4250E-07 5.0994E-12 0.0000E+00 0.0000E+00 0.0000E+00 0.0000E+00 0.0000E+00 0.0000E+00 0.0000E+00 0.0000E+00 0.0000E+00 0.0000E+00 0.0000E+00 0.0000E+00 0.0000E+00 0.0000E+00 0.0000E+00 0.0000E+00 0.0000E+00 0.0000E+00 0.0000E+00 0.0000E+00 0.0000E+00 0.0000E+00 0.0000E+00 0.0000E+00 0.0000E+00 0.0000E+00 0.0000E+00 0.0000E+00 0.0000E+00 0.0000E+00 0.0000E+00 0.0000E+00 0.0000E+00 0.0000E+00 0.0000E+00
