Assets/Resources/2015_m01_d19_1800(utc+0800)_l00_csi_1hr_conc.grd
DSAA
         159         159
     -79.000      79.000
     -79.000      79.000
  0.0000E+00  0.3929E-04
[rows 50 to 74 of 159, columns 57 to 113 of 159]
4.9601E-09 4.6901E-09 4.4305E-09 4.1347E-09 3.9160E-09 3.7060E-09 3.5276E-09 3.3395E-09 3.1937E-09 3.0215E-09 2.8480E-09 2.7028E-09 2.5587E-09 2.4186E-09 2.2818E-09 2.1676E-09 2.0906E-09 2.0000E-09 1.8931E-09 1.8077E-09 1.7390E-09 1.6333E-09 1.5714E-09 1.5247E-09 1.4554E-09 1.3750E-09 1.3489E-09 1.2753E-09 1.2507E-09 1.2278E-09 1.2051E-09 1.1824E-09 1.1584E-09 1.1346E-09 1.1125E-09 1.0905E-09 1.0672E-09 1.0456E-09 1.0229E-09 1.0004E-09 9.7953E-10 9.5631E-10 9.3603E-10 9.1603E-10 8.9244E-10 8.7311E-10 8.5272E-10 8.3148E-10 8.1177E-10 7.9366E-10 7.7336E-10 7.5475E-10 7.3517E-10 7.1605E-10 6.9838E-10 6.7998E-10 6.6301E-10
5.3183E-09 4.9806E-09 4.7035E-09 4.4425E-09 4.1916E-09 3.9598E-09 3.7489E-09 3.5486E-09 3.3594E-09 3.1665E-09 2.9830E-09 2.7831E-09 2.6098E-09 2.4682E-09 2.3302E-09 2.1820E-09 2.0735E-09 1.9840E-09 1.8620E-09 1.7781E-09 1.6793E-09 1.6017E-09 1.5412E-09 1.4959E-09 1.4031E-09 1.3496E-09 1.3118E-09 1.2522E-09 1.2282E-09 1.2060E-09 1.1839E-09 1.1602E-09 1.1369E-09 1.1152E-09 1.0936E-09 1.0722E-09 1.0494E-09 1.0270E-09 1.0062E-09 9.8414E-10 9.6384E-10 9.4108E-10 9.2133E-10 9.0173E-10 8.7869E-10 8.5973E-10 8.3982E-10 8.1897E-10 7.9971E-10 7.8073E-10 7.6092E-10 7.4262E-10 7.2465E-10 7.0466E-10 6.8858E-10 6.6931E-10 6.5275E-10
5.7974E-09 5.4970E-09 5.1964E-09 4.9071E-09 4.6366E-09 4.3819E-09 4.1211E-09 3.8794E-09 3.6384E-09 3.3975E-09 3.1692E-09 2.9277E-09 2.7443E-09 2.5542E-09 2.3482E-09 2.2206E-09 2.1087E-09 1.9379E-09 1.8143E-09 1.7387E-09 1.6454E-09 1.5772E-09 1.5112E-09 1.4291E-09 1.3747E-09 1.3242E-09 1.2749E-09 1.2291E-09 1.2057E-09 1.1842E-09 1.1626E-09 1.1396E-09 1.1169E-09 1.0957E-09 1.0747E-09 1.0523E-09 1.0316E-09 1.0097E-09 9.8937E-10 9.6792E-10 9.4540E-10 9.2585E-10 9.0653E-10 8.8482E-10 8.6483E-10 8.4629E-10 8.2680E-10 8.0638E-10 7.8754E-10 7.6771E-10 7.4955E-10 7.3039E-10 7.1286E-10 6.9440E-10 6.7635E-10 6.5974E-10 6.4119E-10
6.4700E-09 6.1471E-09 5.8177E-09 5.4991E-09 5.1920E-09 4.8908E-09 4.6009E-09 4.2977E-09 4.0059E-09 3.7201E-09 3.4432E-09 3.1435E-09 2.8835E-09 2.6716E-09 2.4560E-09 2.2597E-09 2.1274E-09 1.9558E-09 1.8277E-09 1.7166E-09 1.5977E-09 1.5230E-09 1.4752E-09 1.4010E-09 1.3229E-09 1.2988E-09 1.2270E-09 1.2043E-09 1.1833E-09 1.1623E-09 1.1414E-09 1.1190E-09 1.0968E-09 1.0762E-09 1.0558E-09 1.0339E-09 1.0138E-09 9.9239E-10 9.7114E-10 9.5162E-10 9.2958E-10 9.1055E-10 8.9163E-10 8.6920E-10 8.5087E-10 8.3154E-10 8.1124E-10 7.9252E-10 7.7526E-10 7.5590E-10 7.3687E-10 7.1935E-10 6.9976E-10 6.8409E-10 6.6518E-10 6.5013E-10 6.3191E-10
7.3212E-09 6.9903E-09 6.6370E-09 6.2901E-09 5.9486E-09 5.5959E-09 5.2515E-09 4.8952E-09 4.5219E-09 4.1631E-09 3.7945E-09 3.4671E-09 3.1645E-09 2.8390E-09 2.5729E-09 2.3686E-09 2.1817E-09 1.9474E-09 1.8412E-09 1.7023E-09 1.5773E-09 1.5034E-09 1.4472E-09 1.3521E-09 1.2969E-09 1.2611E-09 1.2034E-09 1.1812E-09 1.1609E-09 1.1405E-09 1.1186E-09 1.0969E-09 1.0768E-09 1.0567E-09 1.0368E-09 1.0155E-09 9.9450E-10 9.7499E-10 9.5434E-10 9.3392E-10 9.1377E-10 8.9517E-10 8.7543E-10 8.5477E-10 8.3687E-10 8.1798E-10 7.9811E-10 7.7981E-10 7.6050E-10 7.4282E-10 7.2413E-10 7.0821E-10 6.8901E-10 6.7254E-10 6.5514E-10 6.3695E-10 6.2254E-10
8.4059E-09 8.0867E-09 7.7231E-09 7.3404E-09 6.9489E-09 6.5341E-09 6.1165E-09 5.6768E-09 5.2186E-09 4.7665E-09 4.2826E-09 3.8749E-09 3.4852E-09 3.0895E-09 2.7662E-09 2.4876E-09 2.2377E-09 2.0117E-09 1.8433E-09 1.7017E-09 1.5639E-09 1.4834E-09 1.3884E-09 1.3272E-09 1.2742E-09 1.2361E-09 1.1780E-09 1.1583E-09 1.1385E-09 1.1187E-09 1.0974E-09 1.0763E-09 1.0567E-09 1.0372E-09 1.0164E-09 9.9710E-10 9.7661E-10 9.5758E-10 9.3748E-10 9.1620E-10 8.9792E-10 8.7972E-10 8.5923E-10 8.4028E-10 8.2158E-10 8.0310E-10 7.8372E-10 7.6702E-10 7.4817E-10 7.3084E-10 7.1260E-10 6.9345E-10 6.7822E-10 6.5972E-10 6.4507E-10 6.2722E-10 6.1314E-10
9.7975E-09 9.5002E-09 9.1278E-09 8.7101E-09 8.2624E-09 7.7848E-09 7.2734E-09 6.7132E-09 6.1451E-09 5.5504E-09 4.9649E-09 4.4182E-09 3.9200E-09 3.4298E-09 3.0386E-09 2.6822E-09 2.3306E-09 2.0953E-09 1.8913E-09 1.6879E-09 1.5671E-09 1.4773E-09 1.3440E-09 1.2783E-09 1.2524E-09 1.1763E-09 1.1545E-09 1.1354E-09 1.1162E-09 1.0954E-09 1.0748E-09 1.0557E-09 1.0367E-09 1.0178E-09 9.9742E-10 9.7732E-10 9.5869E-10 9.3887E-10 9.1925E-10 8.9988E-10 8.8203E-10 8.6429E-10 8.4302E-10 8.2578E-10 8.0751E-10 7.8824E-10 7.7052E-10 7.5176E-10 7.3460E-10 7.1642E-10 7.0099E-10 6.8224E-10 6.6736E-10 6.4923E-10 6.3144E-10 6.1742E-10 6.0026E-10
1.1544E-08 1.1287E-08 1.0917E-08 1.0467E-08 9.9572E-09 9.3875E-09 8.7571E-09 8.0660E-09 7.3350E-09 6.5713E-09 5.8487E-09 5.1391E-09 4.4745E-09 3.8721E-09 3.3658E-09 2.9249E-09 2.4869E-09 2.1926E-09 1.9395E-09 1.7343E-09 1.5799E-09 1.4550E-09 1.3382E-09 1.2625E-09 1.2157E-09 1.1572E-09 1.1312E-09 1.1126E-09 1.0940E-09 1.0738E-09 1.0537E-09 1.0352E-09 1.0168E-09 9.9685E-10 9.7853E-10 9.5894E-10 9.4080E-10 9.2152E-10 9.0104E-10 8.8354E-10 8.6609E-10 8.4631E-10 8.2804E-10 8.1000E-10 7.9215E-10 7.7337E-10 7.5726E-10 7.3897E-10 7.2216E-10 7.0444E-10 6.8577E-10 6.7101E-10 6.5295E-10 6.3873E-10 6.2128E-10 6.0642E-10 5.9077E-10
1.3676E-08 1.3481E-08 1.3138E-08 1.2665E-08 1.2088E-08 1.1409E-08 1.0630E-08 9.7650E-09 8.8401E-09 7.8858E-09 6.9473E-09 6.0624E-09 5.1920E-09 4.4662E-09 3.8116E-09 3.2121E-09 2.7445E-09 2.3291E-09 2.0129E-09 1.7846E-09 1.5924E-09 1.4463E-09 1.3238E-09 1.2469E-09 1.1661E-09 1.1336E-09 1.1105E-09 1.0899E-09 1.0703E-09 1.0507E-09 1.0328E-09 1.0148E-09 9.9683E-10 9.7746E-10 9.5968E-10 9.4056E-10 9.2161E-10 9.0417E-10 8.8426E-10 8.6718E-10 8.5020E-10 8.2962E-10 8.1308E-10 7.9548E-10 7.7683E-10 7.5972E-10 7.4155E-10 7.2494E-10 7.0731E-10 6.9239E-10 6.7413E-10 6.5972E-10 6.4205E-10 6.2469E-10 6.1108E-10 5.9432E-10 5.8123E-10
1.6217E-08 1.6113E-08 1.5818E-08 1.5341E-08 1.4696E-08 1.3889E-08 1.2936E-08 1.1868E-08 1.0697E-08 9.5174E-09 8.3453E-09 7.2084E-09 6.1419E-09 5.1975E-09 4.3601E-09 3.6015E-09 3.0318E-09 2.5336E-09 2.1383E-09 1.8616E-09 1.6439E-09 1.4337E-09 1.3199E-09 1.2408E-09 1.1441E-09 1.1112E-09 1.0911E-09 1.0674E-09 1.0483E-09 1.0293E-09 1.0119E-09 9.9443E-10 9.7552E-10 9.5816E-10 9.3949E-10 9.2225E-10 9.0384E-10 8.8551E-10 8.6749E-10 8.5082E-10 8.3306E-10 8.1421E-10 7.9687E-10 7.8092E-10 7.6153E-10 7.4604E-10 7.2833E-10 7.1209E-10 6.9491E-10 6.7676E-10 6.6250E-10 6.4492E-10 6.3115E-10 6.1414E-10 5.9971E-10 5.8445E-10 5.6444E-10
1.9171E-08 1.9177E-08 1.8955E-08 1.8493E-08 1.7785E-08 1.6848E-08 1.5704E-08 1.4391E-08 1.2964E-08 1.1501E-08 1.0042E-08 8.6062E-09 7.2967E-09 6.1226E-09 5.0582E-09 4.1277E-09 3.3873E-09 2.7792E-09 2.2954E-09 1.9478E-09 1.6790E-09 1.4680E-09 1.3211E-09 1.2302E-09 1.1326E-09 1.0931E-09 1.0697E-09 1.0476E-09 1.0249E-09 1.0080E-09 9.9108E-10 9.7413E-10 9.5575E-10 9.3893E-10 9.2073E-10 9.0267E-10 8.8609E-10 8.6700E-10 8.5073E-10 8.3452E-10 8.1468E-10 7.9885E-10 7.8194E-10 7.6518E-10 7.4748E-10 7.2992E-10 7.1509E-10 6.9684E-10 6.8247E-10 6.6473E-10 6.4963E-10 6.3364E-10 6.1674E-10 6.0357E-10 5.8724E-10 5.7455E-10 5.5501E-10
2.2496E-08 2.2632E-08 2.2514E-08 2.2096E-08 2.1348E-08 2.0282E-08 1.8936E-08 1.7352E-08 1.5649E-08 1.3868E-08 1.2073E-08 1.0324E-08 8.7006E-09 7.2032E-09 5.8685E-09 4.7648E-09 3.8292E-09 3.0886E-09 2.5214E-09 2.0663E-09 1.7300E-09 1.4973E-09 1.3207E-09 1.1978E-09 1.1338E-09 1.0766E-09 1.0478E-09 1.0269E-09 1.0032E-09 9.8680E-10 9.7039E-10 9.5249E-10 9.3611E-10 9.1839E-10 9.0207E-10 8.8453E-10 8.6706E-10 8.4986E-10 8.3399E-10 8.1700E-10 7.9889E-10 7.8226E-10 7.6700E-10 7.4828E-10 7.3342E-10 7.1633E-10 6.9945E-10 6.8406E-10 6.6647E-10 6.5273E-10 6.3566E-10 6.2119E-10 6.0584E-10 5.9070E-10 5.7702E-10 5.5746E-10 5.4553E-10
2.6101E-08 2.6401E-08 2.6424E-08 2.6087E-08 2.5326E-08 2.4147E-08 2.2593E-08 2.0758E-08 1.8748E-08 1.6622E-08 1.4446E-08 1.2341E-08 1.0367E-08 8.4932E-09 6.8982E-09 5.5152E-09 4.3632E-09 3.4553E-09 2.7835E-09 2.2146E-09 1.8613E-09 1.8530E-09 1.3593E-09 1.2006E-09 1.1321E-09 1.0634E-09 1.0272E-09 1.0050E-09 9.8327E-10 9.6573E-10 9.4981E-10 9.3243E-10 9.1518E-10 8.9932E-10 8.8216E-10 8.6511E-10 8.4822E-10 8.3276E-10 8.1605E-10 7.9954E-10 7.8318E-10 7.6697E-10 7.5091E-10 7.3387E-10 7.1696E-10 7.0274E-10 6.8509E-10 6.7127E-10 6.5410E-10 6.3952E-10 6.2404E-10 6.0764E-10 5.9376E-10 5.7906E-10 5.6062E-10 5.4771E-10 5.3383E-10
2.9833E-08 3.0351E-08 3.0556E-08 3.0346E-08 2.9614E-08 2.8354E-08 2.6624E-08 2.4557E-08 2.2237E-08 1.9743E-08 1.7176E-08 1.4673E-08 1.2264E-08 1.0038E-08 8.0806E-09 6.4633E-09 5.0052E-09 4.0618E-09 3.1159E-09 2.7799E-09 2.0022E-09 2.0211E-09 1.6339E-09 1.2060E-09 1.1296E-09 1.0571E-09 1.0088E-09 9.8386E-10 9.6456E-10 9.4480E-10 9.2791E-10 9.1252E-10 8.9576E-10 8.8037E-10 8.6373E-10 8.4580E-10 8.3077E-10 8.1571E-10 7.9823E-10 7.8216E-10 7.6627E-10 7.5171E-10 7.3368E-10 7.1947E-10 7.0304E-10 6.8677E-10 6.7198E-10 6.5497E-10 6.4176E-10 6.2524E-10 6.1127E-10 5.9641E-10 5.8176E-10 5.6852E-10 5.4946E-10 5.3679E-10 5.1948E-10
3.3500E-08 3.4276E-08 3.4715E-08 3.4697E-08 3.4076E-08 3.2794E-08 3.0947E-08 2.8666E-08 2.6054E-08 2.3206E-08 2.0265E-08 1.7316E-08 1.4469E-08 1.1848E-08 9.5016E-09 7.5106E-09 6.5903E-09 4.7117E-09 4.3868E-09 3.1571E-09 3.1394E-09 2.7686E-09 1.8408E-09 1.2188E-09 1.1256E-09 1.0507E-09 9.9051E-10 9.6293E-10 9.4515E-10 9.2460E-10 9.0763E-10 8.9136E-10 8.7644E-10 8.6020E-10 8.4405E-10 8.2802E-10 8.1339E-10 7.9750E-10 7.8049E-10 7.6615E-10 7.5068E-10 7.3408E-10 7.1897E-10 7.0273E-10 6.8913E-10 6.7211E-10 6.5768E-10 6.4229E-10 6.2710E-10 6.1212E-10 5.9744E-10 5.8405E-10 5.6982E-10 5.5190E-10 5.3941E-10 5.2096E-10 5.1015E-10
3.6908E-08 3.7951E-08 3.8669E-08 3.8927E-08 3.8500E-08 3.7291E-08 3.5397E-08 3.2958E-08 3.0111E-08 2.6967E-08 2.3670E-08 2.0271E-08 1.6998E-08 1.3888E-08 1.1248E-08 1.0588E-08 7.7359E-09 7.9184E-09 4.9915E-09 5.7572E-09 3.6279E-09 2.9972E-09 2.1192E-09 1.2368E-09 1.1285E-09 1.0484E-09 9.7449E-10 9.4385E-10 9.2533E-10 9.0368E-10 8.8754E-10 8.7174E-10 8.5729E-10 8.4154E-10 8.2452E-10 8.1033E-10 7.9608E-10 7.7941E-10 7.6412E-10 7.4898E-10 7.3392E-10 7.1783E-10 7.0307E-10 6.8852E-10 6.7171E-10 6.5872E-10 6.4231E-10 6.2848E-10 6.1371E-10 5.9912E-10 5.8476E-10 5.7066E-10 5.5398E-10 5.4047E-10 5.2823E-10 5.1139E-10 4.9495E-10
3.9870E-08 4.1175E-08 4.2194E-08 4.2778E-08 4.2642E-08 4.1614E-08 3.9773E-08 3.7286E-08 3.4309E-08 3.0954E-08 2.7333E-08 2.3549E-08 1.9829E-08 1.6647E-08 1.3541E-08 1.2442E-08 1.3984E-08 9.2859E-09 1.0119E-08 6.5154E-09 5.4710E-09 3.3057E-09 2.3106E-09 1.4347E-09 1.1290E-09 1.0431E-09 9.6305E-10 9.2508E-10 9.0504E-10 8.8506E-10 8.6622E-10 8.5225E-10 8.3693E-10 8.2168E-10 8.0653E-10 7.9273E-10 7.7766E-10 7.6145E-10 7.4662E-10 7.3315E-10 7.1606E-10 7.0287E-10 6.8732E-10 6.7197E-10 6.5799E-10 6.4299E-10 6.2817E-10 6.1361E-10 6.0035E-10 5.8619E-10 5.7218E-10 5.5958E-10 5.4110E-10 5.2903E-10 5.1223E-10 4.9696E-10 4.8085E-10
4.2206E-08 4.3771E-08 4.5083E-08 4.6014E-08 4.6233E-08 4.5488E-08 4.3851E-08 4.1467E-08 3.8497E-08 3.5054E-08 3.1239E-08 2.7245E-08 2.3780E-08 1.9677E-08 1.9900E-08 2.3997E-08 1.6169E-08 1.8362E-08 1.1709E-08 9.7628E-09 6.1808E-09 3.6446E-09 2.5045E-09 1.6577E-09 1.1347E-09 1.0366E-09 9.5159E-10 9.0640E-10 8.8345E-10 8.6496E-10 8.4647E-10 8.3295E-10 8.1678E-10 8.0200E-10 7.8865E-10 7.7395E-10 7.5939E-10 7.4488E-10 7.3051E-10 7.1494E-10 7.0082E-10 6.8675E-10 6.7288E-10 6.5674E-10 6.4316E-10 6.2858E-10 6.1417E-10 5.9996E-10 5.8711E-10 5.7329E-10 5.5970E-10 5.4245E-10 5.3055E-10 5.1269E-10 5.0241E-10 4.8144E-10 4.7184E-10
4.3503E-08 4.5562E-08 4.7156E-08 4.8415E-08 4.9008E-08 4.8654E-08 4.7376E-08 4.5273E-08 4.2502E-08 3.9174E-08 3.5440E-08 3.2343E-08 2.7879E-08 3.0741E-08 3.2799E-08 2.7080E-08 3.1147E-08 2.0483E-08 1.7506E-08 1.1010E-08 6.8123E-09 4.0821E-09 2.6950E-09 1.8340E-09 1.1454E-09 1.0351E-09 9.4314E-10 8.8676E-10 8.6345E-10 8.4594E-10 8.2752E-10 8.1249E-10 7.9814E-10 7.8386E-10 7.7090E-10 7.5667E-10 7.4126E-10 7.2721E-10 7.1449E-10 6.9816E-10 6.8443E-10 6.7081E-10 6.5614E-10 6.4160E-10 6.2844E-10 6.1425E-10 6.0027E-10 5.8642E-10 5.7281E-10 5.5937E-10 5.4228E-10 5.3051E-10 5.1388E-10 5.0262E-10 4.8675E-10 4.7220E-10 4.5697E-10
4.3639E-08 4.6091E-08 4.8242E-08 4.9823E-08 5.0787E-08 5.0892E-08 5.0092E-08 4.8500E-08 4.6182E-08 4.3306E-08 4.1347E-08 3.7216E-08 4.4564E-08 3.5755E-08 4.3748E-08 4.9965E-08 3.4389E-08 2.9770E-08 1.9174E-08 1.2036E-08 7.6119E-09 4.4811E-09 2.8603E-09 1.9500E-09 1.2090E-09 1.0315E-09 9.3213E-10 8.6986E-10 8.4227E-10 8.2679E-10 8.0734E-10 7.9226E-10 7.7837E-10 7.6587E-10 7.5201E-10 7.3827E-10 7.2329E-10 7.1095E-10 6.9614E-10 6.8275E-10 6.6819E-10 6.5498E-10 6.4074E-10 6.2662E-10 6.1266E-10 6.0006E-10 5.8644E-10 5.7186E-10 5.5975E-10 5.4282E-10 5.3007E-10 5.1863E-10 5.0245E-10 4.8779E-10 4.7222E-10 4.5707E-10 4.4563E-10
4.3019E-08 4.5465E-08 4.7903E-08 5.0051E-08 5.1428E-08 5.2005E-08 5.1814E-08 5.0873E-08 4.9354E-08 4.9193E-08 4.6209E-08 5.9682E-08 5.0025E-08 6.5439E-08 6.2127E-08 5.4294E-08 4.7794E-08 3.2560E-08 2.1097E-08 1.3025E-08 8.2649E-09 5.0094E-09 3.1196E-09 2.0174E-09 1.2640E-09 1.0303E-09 9.2094E-10 8.5166E-10 8.2262E-10 8.0769E-10 7.8732E-10 7.7225E-10 7.6016E-10 7.4674E-10 7.3336E-10 7.2004E-10 7.0678E-10 6.9234E-10 6.7924E-10 6.6623E-10 6.5209E-10 6.3815E-10 6.2546E-10 6.1059E-10 5.9821E-10 5.8484E-10 5.7157E-10 5.5856E-10 5.4177E-10 5.3035E-10 5.1794E-10 5.0192E-10 4.8735E-10 4.7189E-10 4.6170E-10 4.4803E-10 4.3225E-10
4.1674E-08 4.4062E-08 4.6461E-08 4.8793E-08 5.0751E-08 5.1896E-08 5.2325E-08 5.2261E-08 5.3999E-08 5.2782E-08 7.2825E-08 6.4136E-08 8.9244E-08 7.1250E-08 8.0719E-08 7.3451E-08 5.1694E-08 3.5171E-08 2.2839E-08 1.4776E-08 9.0775E-09 5.3974E-09 3.3540E-09 2.1931E-09 1.3402E-09 1.0232E-09 9.1065E-10 8.3622E-10 8.0310E-10 7.8733E-10 7.6900E-10 7.5378E-10 7.4212E-10 7.2910E-10 7.1491E-10 7.0201E-10 6.9042E-10 6.7517E-10 6.6250E-10 6.4989E-10 6.3500E-10 6.2261E-10 6.1036E-10 5.9705E-10 5.8274E-10 5.7089E-10 5.5807E-10 5.4537E-10 5.2908E-10 5.1798E-10 5.0208E-10 4.9143E-10 4.7121E-10 4.6224E-10 4.4759E-10 4.3656E-10 4.1887E-10
3.9670E-08 4.1916E-08 4.4202E-08 4.6483E-08 4.8614E-08 5.0361E-08 5.1573E-08 5.2544E-08 5.5206E-08 8.0245E-08 7.4156E-08 1.0961E-07 9.2457E-08 1.0934E-07 8.7366E-08 7.8704E-08 5.6056E-08 3.9753E-08 2.6339E-08 1.6665E-08 1.0671E-08 6.0246E-09 3.6688E-09 2.3102E-09 1.4134E-09 1.0472E-09 8.9657E-10 8.2026E-10 7.8233E-10 7.6717E-10 7.4941E-10 7.3555E-10 7.2298E-10 7.1043E-10 6.9666E-10 6.8544E-10 6.7178E-10 6.5819E-10 6.4594E-10 6.3372E-10 6.1926E-10 6.0727E-10 5.9425E-10 5.8131E-10 5.6858E-10 5.5596E-10 5.4464E-10 5.2739E-10 5.1651E-10 5.0075E-10 4.9030E-10 4.7519E-10 4.6136E-10 4.4680E-10 4.3592E-10 4.1828E-10 4.1043E-10
3.7290E-08 3.9159E-08 4.1213E-08 4.3359E-08 4.5458E-08 4.7458E-08 4.9422E-08 5.3140E-08 7.7287E-08 7.6829E-08 1.1994E-07 1.0688E-07 1.3282E-07 1.1358E-07 1.1093E-07 8.8276E-08 6.4999E-08 4.6050E-08 3.2333E-08 2.0646E-08 1.3205E-08 6.7080E-09 4.0310E-09 2.4385E-09 1.4643E-09 1.0753E-09 8.9575E-10 8.0317E-10 7.6183E-10 7.4708E-10 7.3116E-10 7.1624E-10 7.0408E-10 6.9072E-10 6.7987E-10 6.6659E-10 6.5457E-10 6.4144E-10 6.2954E-10 6.1538E-10 6.0369E-10 5.9095E-10 5.7828E-10 5.6580E-10 5.5342E-10 5.4234E-10 5.2528E-10 5.1462E-10 4.9903E-10 4.8877E-10 4.7381E-10 4.6014E-10 4.4568E-10 4.3495E-10 4.2224E-10 4.0968E-10 3.9493E-10
3.4519E-08 3.6073E-08 3.7718E-08 3.9549E-08 4.1509E-08 4.3620E-08 4.7441E-08 5.0937E-08 7.1709E-08 1.1694E-07 1.0898E-07 1.4232E-07 1.2968E-07 1.3637E-07 1.2163E-07 1.0462E-07 8.2996E-08 5.8815E-08 4.2601E-08 2.6186E-08 1.7200E-08 9.3799E-09 5.0590E-09 2.5286E-09 1.4965E-09 1.0899E-09 8.8989E-10 7.8384E-10 7.4152E-10 7.2849E-10 7.1170E-10 6.9717E-10 6.8545E-10 6.7377E-10 6.6083E-10 6.4921E-10 6.3760E-10 6.2486E-10 6.1220E-10 6.0082E-10 5.8831E-10 5.7479E-10 5.6372E-10 5.5159E-10 5.3960E-10 5.2391E-10 5.1343E-10 4.9694E-10 4.8686E-10 4.7319E-10 4.5855E-10 4.4425E-10 4.3364E-10 4.2108E-10 4.0862E-10 3.9398E-10 3.8436E-10
