Assets/Resources/2015_m01_d09_2200(utc+0800)_l00_csi_1hr_conc.grd
DSAA
         159         159
     -79.000      79.000
     -79.000      79.000
  0.1589E-08  0.5440E-05
[rows 50 to 74 of 159, columns 57 to 113 of 159]
8.2370E-08 8.8639E-08 9.5596E-08 1.0352E-07 1.1182E-07 1.2067E-07 1.3002E-07 1.3990E-07 1.5023E-07 1.6080E-07 1.7117E-07 1.8051E-07 1.8772E-07 1.9145E-07 1.9078E-07 1.8538E-07 1.7565E-07 1.6280E-07 1.4831E-07 1.3357E-07 1.1945E-07 1.0635E-07 9.4356E-08 8.3440E-08 7.3577E-08 6.4362E-08 5.6377E-08 4.9036E-08 4.2856E-08 3.7336E-08 3.2632E-08 2.8527E-08 2.5109E-08 2.2187E-08 1.9700E-08 1.7604E-08 1.5732E-08 1.4288E-08 1.3036E-08 1.1942E-08 1.1025E-08 1.0253E-08 9.5999E-09 9.0292E-09 8.5493E-09 8.1358E-09 7.7843E-09 7.3747E-09 7.0199E-09 6.8358E-09 6.6678E-09 6.5057E-09 6.3470E-09 6.1927E-09 6.0403E-09 5.9046E-09 5.7794E-09
8.4820E-08 9.1520E-08 9.9303E-08 1.0767E-07 1.1680E-07 1.2664E-07 1.3715E-07 1.4842E-07 1.6045E-07 1.7314E-07 1.8606E-07 1.9824E-07 2.0825E-07 2.1444E-07 2.1502E-07 2.0926E-07 1.9774E-07 1.8195E-07 1.6405E-07 1.4600E-07 1.2910E-07 1.1385E-07 1.0028E-07 8.8132E-08 7.7305E-08 6.7637E-08 5.8732E-08 5.1158E-08 4.4354E-08 3.8546E-08 3.3345E-08 2.9366E-08 2.5782E-08 2.2855E-08 2.0243E-08 1.7930E-08 1.6066E-08 1.4574E-08 1.3278E-08 1.2158E-08 1.1211E-08 1.0427E-08 9.7519E-09 9.1767E-09 8.6870E-09 8.2634E-09 7.9042E-09 7.4674E-09 7.1393E-09 6.9514E-09 6.7779E-09 6.6217E-09 6.4526E-09 6.2954E-09 6.1503E-09 6.0056E-09 5.8727E-09
8.6772E-08 9.4109E-08 1.0215E-07 1.1114E-07 1.2105E-07 1.3184E-07 1.4347E-07 1.5612E-07 1.6988E-07 1.8477E-07 2.0042E-07 2.1595E-07 2.2957E-07 2.3875E-07 2.4127E-07 2.3567E-07 2.2227E-07 2.0311E-07 1.8112E-07 1.5913E-07 1.3890E-07 1.2114E-07 1.0575E-07 9.2332E-08 8.0538E-08 7.0185E-08 6.0991E-08 5.2704E-08 4.5586E-08 3.9533E-08 3.4200E-08 3.0061E-08 2.6485E-08 2.3316E-08 2.0638E-08 1.8173E-08 1.6381E-08 1.4818E-08 1.3487E-08 1.2346E-08 1.1379E-08 1.0580E-08 9.8918E-09 9.3091E-09 8.8127E-09 8.3889E-09 7.9866E-09 7.4879E-09 7.2643E-09 7.0667E-09 6.8896E-09 6.7312E-09 6.5713E-09 6.4035E-09 6.2481E-09 6.1095E-09 5.9728E-09
8.8113E-08 9.5842E-08 1.0426E-07 1.1381E-07 1.2439E-07 1.3605E-07 1.4866E-07 1.6253E-07 1.7785E-07 1.9483E-07 2.1337E-07 2.3254E-07 2.5029E-07 2.6367E-07 2.6910E-07 2.6434E-07 2.4931E-07 2.2644E-07 1.9967E-07 1.7289E-07 1.4870E-07 1.2808E-07 1.1068E-07 9.5899E-08 8.3200E-08 7.2196E-08 6.2549E-08 5.3877E-08 4.6702E-08 4.0182E-08 3.4863E-08 3.0596E-08 2.6922E-08 2.3671E-08 2.0885E-08 1.8455E-08 1.6641E-08 1.5047E-08 1.3658E-08 1.2506E-08 1.1532E-08 1.0721E-08 1.0024E-08 9.4320E-09 8.9328E-09 8.5114E-09 8.0690E-09 7.6120E-09 7.3856E-09 7.1818E-09 7.0006E-09 6.8409E-09 6.6773E-09 6.5143E-09 6.3546E-09 6.2048E-09 6.0641E-09
8.9108E-08 9.6859E-08 1.0556E-07 1.1552E-07 1.2666E-07 1.3901E-07 1.5249E-07 1.6742E-07 1.8407E-07 2.0292E-07 2.2412E-07 2.4704E-07 2.6959E-07 2.8787E-07 2.9745E-07 2.9448E-07 2.7831E-07 2.5158E-07 2.1946E-07 1.8722E-07 1.5838E-07 1.3432E-07 1.1476E-07 9.8660E-08 8.5092E-08 7.3552E-08 6.3565E-08 5.4908E-08 4.7289E-08 4.0607E-08 3.5314E-08 3.0959E-08 2.7217E-08 2.3915E-08 2.1045E-08 1.8669E-08 1.6825E-08 1.5211E-08 1.3803E-08 1.2629E-08 1.1660E-08 1.0842E-08 1.0147E-08 9.5515E-09 9.0445E-09 8.5875E-09 8.1224E-09 7.7356E-09 7.5046E-09 7.2961E-09 7.1128E-09 6.9512E-09 6.7867E-09 6.6160E-09 6.4564E-09 6.3043E-09 6.1623E-09
8.9212E-08 9.7105E-08 1.0598E-07 1.1617E-07 1.2771E-07 1.4056E-07 1.5471E-07 1.7037E-07 1.8801E-07 2.0825E-07 2.3176E-07 2.5829E-07 2.8591E-07 3.1021E-07 3.2510E-07 3.2528E-07 3.0874E-07 2.7837E-07 2.4046E-07 2.0196E-07 1.6779E-07 1.4004E-07 1.1797E-07 1.0046E-07 8.6141E-08 7.4214E-08 6.4015E-08 5.5224E-08 4.7433E-08 4.0639E-08 3.5539E-08 3.1138E-08 2.7366E-08 2.4088E-08 2.0982E-08 1.8812E-08 1.6956E-08 1.5324E-08 1.3907E-08 1.2726E-08 1.1767E-08 1.0950E-08 1.0250E-08 9.6567E-09 9.1513E-09 8.6638E-09 8.1268E-09 7.8572E-09 7.6218E-09 7.4105E-09 7.2268E-09 7.0603E-09 6.8923E-09 6.7321E-09 6.5640E-09 6.4047E-09 6.2626E-09
8.8678E-08 9.6577E-08 1.0548E-07 1.1577E-07 1.2738E-07 1.4062E-07 1.5516E-07 1.7129E-07 1.8947E-07 2.1058E-07 2.3575E-07 2.6546E-07 2.9802E-07 3.2887E-07 3.5061E-07 3.5548E-07 3.3992E-07 3.0640E-07 2.6259E-07 2.1717E-07 1.7692E-07 1.4464E-07 1.2002E-07 1.0121E-07 8.6228E-08 7.4167E-08 6.3899E-08 5.5091E-08 4.7111E-08 4.0644E-08 3.5532E-08 3.1130E-08 2.7365E-08 2.4048E-08 2.1059E-08 1.8883E-08 1.7026E-08 1.5386E-08 1.3977E-08 1.2807E-08 1.1854E-08 1.1038E-08 1.0341E-08 9.7539E-09 9.1872E-09 8.6988E-09 8.2528E-09 7.9785E-09 7.7386E-09 7.5223E-09 7.3404E-09 7.1697E-09 7.0000E-09 6.8308E-09 6.6702E-09 6.5110E-09 6.3537E-09
8.7509E-08 9.5276E-08 1.0405E-07 1.1425E-07 1.2588E-07 1.3897E-07 1.5367E-07 1.6999E-07 1.8826E-07 2.0960E-07 2.3554E-07 2.6736E-07 3.0450E-07 3.4240E-07 3.7207E-07 3.8368E-07 3.7078E-07 3.3528E-07 2.8564E-07 2.3287E-07 1.8571E-07 1.4858E-07 1.2099E-07 1.0085E-07 8.5382E-08 7.3384E-08 6.3200E-08 5.4286E-08 4.6575E-08 4.0368E-08 3.5302E-08 3.0946E-08 2.7161E-08 2.3823E-08 2.1048E-08 1.8913E-08 1.7040E-08 1.5400E-08 1.4007E-08 1.2880E-08 1.1921E-08 1.1116E-08 1.0424E-08 9.8044E-09 9.2511E-09 8.7283E-09 8.3777E-09 8.1000E-09 7.8538E-09 7.6347E-09 7.4543E-09 7.2753E-09 7.1065E-09 6.9433E-09 6.7650E-09 6.6076E-09 6.4532E-09
8.5784E-08 9.3283E-08 1.0176E-07 1.1167E-07 1.2309E-07 1.3591E-07 1.5027E-07 1.6645E-07 1.8443E-07 2.0529E-07 2.3092E-07 2.6377E-07 3.0434E-07 3.4892E-07 3.8785E-07 4.0809E-07 4.0045E-07 3.6481E-07 3.1049E-07 2.4993E-07 1.9481E-07 1.5141E-07 1.2052E-07 9.9231E-08 8.3680E-08 7.1909E-08 6.1961E-08 5.3203E-08 4.5583E-08 3.9823E-08 3.4854E-08 3.0589E-08 2.6748E-08 2.3395E-08 2.0953E-08 1.8850E-08 1.6998E-08 1.5375E-08 1.4014E-08 1.2909E-08 1.1971E-08 1.1180E-08 1.0501E-08 9.8544E-09 9.3141E-09 8.8052E-09 8.5007E-09 8.2206E-09 7.9694E-09 7.7494E-09 7.5684E-09 7.3827E-09 7.2109E-09 7.0467E-09 6.8741E-09 6.7103E-09 6.5474E-09
8.3592E-08 9.0712E-08 9.8745E-08 1.0818E-07 1.1913E-07 1.3155E-07 1.4529E-07 1.6075E-07 1.7803E-07 1.9788E-07 2.2221E-07 2.5431E-07 2.9639E-07 3.4638E-07 3.9485E-07 4.2638E-07 4.2733E-07 3.9459E-07 3.3693E-07 2.6862E-07 2.0404E-07 1.5345E-07 1.1875E-07 9.6371E-08 8.1092E-08 6.9770E-08 6.0121E-08 5.1733E-08 4.4597E-08 3.9023E-08 3.4209E-08 3.0010E-08 2.6303E-08 2.3168E-08 2.0782E-08 1.8726E-08 1.6904E-08 1.5315E-08 1.3999E-08 1.2925E-08 1.2011E-08 1.1234E-08 1.0575E-08 9.9045E-09 9.3773E-09 8.9286E-09 8.6190E-09 8.3366E-09 8.0837E-09 7.8678E-09 7.6798E-09 7.4933E-09 7.3130E-09 7.1494E-09 6.9799E-09 6.8078E-09 6.6545E-09
8.0915E-08 8.7654E-08 9.5115E-08 1.0390E-07 1.1418E-07 1.2591E-07 1.3901E-07 1.5334E-07 1.6932E-07 1.8766E-07 2.0977E-07 2.3937E-07 2.8020E-07 3.3315E-07 3.9009E-07 4.3411E-07 4.4770E-07 4.2318E-07 3.6638E-07 2.9098E-07 2.1526E-07 1.5479E-07 1.1542E-07 9.2109E-08 7.7717E-08 6.7046E-08 5.7725E-08 4.9751E-08 4.3335E-08 3.7998E-08 3.3386E-08 2.9219E-08 2.5759E-08 2.2855E-08 2.0543E-08 1.8544E-08 1.6767E-08 1.5225E-08 1.3973E-08 1.2929E-08 1.2041E-08 1.1281E-08 1.0605E-08 9.9542E-09 9.3887E-09 9.0492E-09 8.7347E-09 8.4500E-09 8.1944E-09 7.9865E-09 7.7895E-09 7.6026E-09 7.4208E-09 7.2495E-09 7.0877E-09 6.9073E-09 6.7453E-09
7.7906E-08 8.4233E-08 9.1030E-08 9.9025E-08 1.0843E-07 1.1923E-07 1.3138E-07 1.4459E-07 1.5894E-07 1.7521E-07 1.9428E-07 2.1947E-07 2.5601E-07 3.0711E-07 3.6909E-07 4.2664E-07 4.5810E-07 4.4881E-07 3.9793E-07 3.1719E-07 2.2806E-07 1.5563E-07 1.1101E-07 8.6907E-08 7.3712E-08 6.3676E-08 5.4945E-08 4.7692E-08 4.1841E-08 3.6786E-08 3.2354E-08 2.8411E-08 2.5029E-08 2.2467E-08 2.0246E-08 1.8308E-08 1.6583E-08 1.5103E-08 1.3917E-08 1.2920E-08 1.2064E-08 1.1326E-08 1.0533E-08 9.9435E-09 9.5109E-09 9.1684E-09 8.8510E-09 8.5647E-09 8.3088E-09 8.1020E-09 7.9010E-09 7.7107E-09 7.5288E-09 7.3512E-09 7.1860E-09 7.0115E-09 6.8460E-09
7.4735E-08 8.0277E-08 8.6667E-08 9.3769E-08 1.0214E-07 1.1180E-07 1.2273E-07 1.3471E-07 1.4741E-07 1.6133E-07 1.7691E-07 1.9681E-07 2.2557E-07 2.6991E-07 3.3087E-07 3.9847E-07 4.5089E-07 4.6590E-07 4.3169E-07 3.5103E-07 2.4692E-07 1.5800E-07 1.0566E-07 8.1033E-08 6.9238E-08 6.0101E-08 5.2087E-08 4.5606E-08 4.0159E-08 3.5433E-08 3.1225E-08 2.7409E-08 2.4464E-08 2.2025E-08 1.9907E-08 1.8016E-08 1.6367E-08 1.4988E-08 1.3867E-08 1.2906E-08 1.2078E-08 1.1334E-08 1.0562E-08 9.9895E-09 9.6286E-09 9.2824E-09 8.9637E-09 8.6740E-09 8.4303E-09 8.2167E-09 8.0137E-09 7.8148E-09 7.6335E-09 7.4552E-09 7.2817E-09 7.1083E-09 6.9384E-09
7.1529E-08 7.6348E-08 8.1997E-08 8.8237E-08 9.5608E-08 1.0400E-07 1.1352E-07 1.2400E-07 1.3517E-07 1.4659E-07 1.5898E-07 1.7344E-07 1.9340E-07 2.2566E-07 2.7773E-07 3.4859E-07 4.2295E-07 4.7170E-07 4.6591E-07 3.9261E-07 2.7220E-07 1.6152E-07 9.9440E-08 7.4701E-08 6.4568E-08 5.6357E-08 4.9106E-08 4.3375E-08 3.8364E-08 3.3941E-08 2.9951E-08 2.6481E-08 2.3848E-08 2.1544E-08 1.9513E-08 1.7700E-08 1.6169E-08 1.4869E-08 1.3805E-08 1.2891E-08 1.2087E-08 1.1292E-08 1.0591E-08 1.0105E-08 9.7397E-09 9.3920E-09 9.0731E-09 8.7806E-09 8.5475E-09 8.3308E-09 8.1244E-09 7.9252E-09 7.7364E-09 7.5577E-09 7.3827E-09 7.2099E-09 7.0225E-09
6.8641E-08 7.2459E-08 7.7186E-08 8.2763E-08 8.8985E-08 9.6149E-08 1.0417E-07 1.1302E-07 1.2245E-07 1.3205E-07 1.4132E-07 1.5132E-07 1.6341E-07 1.8299E-07 2.1920E-07 2.8259E-07 3.6922E-07 4.5451E-07 4.9478E-07 4.4681E-07 3.1119E-07 1.6992E-07 9.3116E-08 6.8347E-08 5.9713E-08 5.2131E-08 4.6297E-08 4.1082E-08 3.6452E-08 3.2326E-08 2.8614E-08 2.5655E-08 2.3191E-08 2.1006E-08 1.9072E-08 1.7375E-08 1.5951E-08 1.4755E-08 1.3740E-08 1.2870E-08 1.2065E-08 1.1236E-08 1.0615E-08 1.0221E-08 9.8494E-09 9.4999E-09 9.1836E-09 8.8943E-09 8.6660E-09 8.4444E-09 8.2343E-09 8.0325E-09 7.8403E-09 7.6571E-09 7.4834E-09 7.3076E-09 7.0928E-09
6.5747E-08 6.9065E-08 7.2650E-08 7.7377E-08 8.2626E-08 8.8486E-08 9.5014E-08 1.0230E-07 1.0995E-07 1.1771E-07 1.2505E-07 1.3153E-07 1.3819E-07 1.4753E-07 1.6684E-07 2.1091E-07 2.9510E-07 4.1100E-07 5.1089E-07 5.1044E-07 3.6801E-07 1.8423E-07 8.7285E-08 6.2513E-08 5.5094E-08 4.8671E-08 4.3434E-08 3.8696E-08 3.4530E-08 3.0785E-08 2.7390E-08 2.4805E-08 2.2486E-08 2.0431E-08 1.8637E-08 1.7061E-08 1.5744E-08 1.4638E-08 1.3675E-08 1.2803E-08 1.2001E-08 1.1161E-08 1.0716E-08 1.0328E-08 9.9503E-09 9.6010E-09 9.2854E-09 9.0155E-09 8.7823E-09 8.5592E-09 8.3437E-09 8.1395E-09 7.9453E-09 7.7560E-09 7.5800E-09 7.3993E-09 7.1626E-09
6.2922E-08 6.5751E-08 6.8813E-08 7.2060E-08 7.6590E-08 8.1294E-08 8.6541E-08 9.2242E-08 9.8161E-08 1.0413E-07 1.0984E-07 1.1456E-07 1.1790E-07 1.2136E-07 1.2824E-07 1.4952E-07 2.0919E-07 3.3207E-07 4.9484E-07 5.7722E-07 4.4891E-07 2.1202E-07 8.2781E-08 5.6930E-08 5.0654E-08 4.5264E-08 4.0557E-08 3.6354E-08 3.2630E-08 2.9124E-08 2.6300E-08 2.3895E-08 2.1751E-08 1.9857E-08 1.8212E-08 1.6779E-08 1.5558E-08 1.4521E-08 1.3619E-08 1.2740E-08 1.1984E-08 1.1258E-08 1.0822E-08 1.0431E-08 1.0047E-08 9.6989E-09 9.3880E-09 9.1350E-09 8.8961E-09 8.6713E-09 8.4522E-09 8.2456E-09 8.0484E-09 7.8585E-09 7.6761E-09 7.4738E-09 7.2593E-09
6.0184E-08 6.2596E-08 6.5155E-08 6.7834E-08 7.1020E-08 7.4883E-08 7.8935E-08 8.3277E-08 8.7679E-08 9.2037E-08 9.6143E-08 9.9436E-08 1.0161E-07 1.0244E-07 1.0298E-07 1.0864E-07 1.3647E-07 2.3099E-07 4.3317E-07 6.2933E-07 5.6039E-07 2.5889E-07 7.9029E-08 5.1763E-08 4.6434E-08 4.1932E-08 3.7817E-08 3.4111E-08 3.0795E-08 2.7625E-08 2.5177E-08 2.2974E-08 2.1019E-08 1.9281E-08 1.7776E-08 1.6484E-08 1.5376E-08 1.4406E-08 1.3525E-08 1.2694E-08 1.1902E-08 1.1342E-08 1.0928E-08 1.0531E-08 1.0146E-08 9.8039E-09 9.5055E-09 9.2513E-09 9.0110E-09 8.7808E-09 8.5616E-09 8.3512E-09 8.1507E-09 7.9578E-09 7.7715E-09 7.5330E-09 7.3556E-09
5.7538E-08 5.9518E-08 6.1673E-08 6.3893E-08 6.6221E-08 6.8998E-08 7.2228E-08 7.5313E-08 7.8574E-08 8.1600E-08 8.4296E-08 8.6525E-08 8.7788E-08 8.7980E-08 8.6982E-08 8.5727E-08 9.0703E-08 1.3332E-07 3.1325E-07 6.3437E-07 6.9338E-07 3.4139E-07 7.4267E-08 4.6722E-08 4.2589E-08 3.8685E-08 3.5112E-08 3.1887E-08 2.8870E-08 2.6277E-08 2.4072E-08 2.2090E-08 2.0321E-08 1.8756E-08 1.7395E-08 1.6235E-08 1.5208E-08 1.4269E-08 1.3438E-08 1.2656E-08 1.1896E-08 1.1429E-08 1.1021E-08 1.0617E-08 1.0236E-08 9.9038E-09 9.6241E-09 9.3632E-09 9.1266E-09 8.8908E-09 8.6687E-09 8.4563E-09 8.2523E-09 8.0568E-09 7.8590E-09 7.6116E-09 7.4517E-09
5.5050E-08 5.6752E-08 5.8478E-08 6.0229E-08 6.2016E-08 6.3966E-08 6.6174E-08 6.8478E-08 7.0737E-08 7.2732E-08 7.4439E-08 7.5789E-08 7.6372E-08 7.6173E-08 7.5111E-08 7.3189E-08 7.0764E-08 7.6166E-08 1.7345E-07 5.7045E-07 8.1992E-07 4.9066E-07 7.0377E-08 4.2598E-08 3.9097E-08 3.5755E-08 3.2686E-08 2.9881E-08 2.7199E-08 2.5031E-08 2.3060E-08 2.1281E-08 1.9674E-08 1.8275E-08 1.7087E-08 1.6011E-08 1.5025E-08 1.4149E-08 1.3307E-08 1.2556E-08 1.1975E-08 1.1526E-08 1.1107E-08 1.0697E-08 1.0329E-08 1.0014E-08 9.7406E-09 9.4809E-09 9.2368E-09 9.0013E-09 8.7740E-09 8.5617E-09 8.3530E-09 8.1508E-09 7.9252E-09 7.7047E-09 7.5417E-09
5.2732E-08 5.4129E-08 5.5588E-08 5.6938E-08 5.8255E-08 5.9688E-08 6.1042E-08 6.2648E-08 6.4120E-08 6.5306E-08 6.6236E-08 6.6957E-08 6.7064E-08 6.6606E-08 6.5536E-08 6.3852E-08 6.1621E-08 5.8967E-08 7.7805E-08 4.1500E-07 8.7332E-07 7.2015E-07 7.8343E-08 3.9013E-08 3.6051E-08 3.3191E-08 3.0536E-08 2.8082E-08 2.5845E-08 2.3917E-08 2.2154E-08 2.0553E-08 1.9117E-08 1.7905E-08 1.6806E-08 1.5779E-08 1.4863E-08 1.4042E-08 1.3244E-08 1.2528E-08 1.2048E-08 1.1615E-08 1.1187E-08 1.0782E-08 1.0432E-08 1.0134E-08 9.8526E-09 9.5971E-09 9.3477E-09 9.1080E-09 8.8801E-09 8.6629E-09 8.4524E-09 8.2391E-09 7.9894E-09 7.8028E-09 7.6312E-09
5.0843E-08 5.1684E-08 5.2859E-08 5.3880E-08 5.4895E-08 5.5906E-08 5.6804E-08 5.7625E-08 5.8395E-08 5.9194E-08 5.9582E-08 5.9863E-08 5.9636E-08 5.9002E-08 5.7932E-08 5.6429E-08 5.4539E-08 5.2173E-08 5.1232E-08 2.2822E-07 8.5689E-07 1.0347E-06 9.7911E-08 3.6028E-08 3.3425E-08 3.0963E-08 2.8651E-08 2.6512E-08 2.4652E-08 2.2931E-08 2.1349E-08 1.9913E-08 1.8689E-08 1.7580E-08 1.6525E-08 1.5577E-08 1.4725E-08 1.3948E-08 1.3195E-08 1.2602E-08 1.2126E-08 1.1687E-08 1.1262E-08 1.0870E-08 1.0541E-08 1.0251E-08 9.9684E-09 9.7077E-09 9.4567E-09 9.2105E-09 8.9865E-09 8.7644E-09 8.5489E-09 8.3178E-09 8.0712E-09 7.8975E-09 7.7172E-09
4.9077E-08 4.9745E-08 5.0366E-08 5.1248E-08 5.1956E-08 5.2541E-08 5.3170E-08 5.3622E-08 5.4041E-08 5.4232E-08 5.4233E-08 5.4212E-08 5.3756E-08 5.3004E-08 5.1942E-08 5.0574E-08 4.8932E-08 4.6872E-08 4.4844E-08 9.0118E-08 7.4255E-07 1.4083E-06 1.3026E-07 3.3426E-08 3.1185E-08 2.9049E-08 2.7034E-08 2.5275E-08 2.3612E-08 2.2066E-08 2.0648E-08 1.9433E-08 1.8320E-08 1.7259E-08 1.6285E-08 1.5406E-08 1.4604E-08 1.3874E-08 1.3159E-08 1.2666E-08 1.2200E-08 1.1755E-08 1.1339E-08 1.0970E-08 1.0656E-08 1.0361E-08 1.0082E-08 9.8168E-09 9.5640E-09 9.3182E-09 9.0885E-09 8.8662E-09 8.6340E-09 8.3869E-09 8.1681E-09 7.9886E-09 7.8115E-09
4.7483E-08 4.7973E-08 4.8428E-08 4.8795E-08 4.9396E-08 4.9712E-08 5.0067E-08 5.0237E-08 5.0387E-08 5.0323E-08 5.0099E-08 4.9692E-08 4.9081E-08 4.8253E-08 4.7204E-08 4.5939E-08 4.4477E-08 4.2850E-08 4.1085E-08 4.1892E-08 4.8769E-07 1.7432E-06 1.8075E-07 3.1244E-08 2.9302E-08 2.7432E-08 2.5789E-08 2.4212E-08 2.2714E-08 2.1323E-08 2.0134E-08 1.8993E-08 1.7968E-08 1.6983E-08 1.6081E-08 1.5261E-08 1.4503E-08 1.3736E-08 1.3220E-08 1.2723E-08 1.2263E-08 1.1828E-08 1.1428E-08 1.1079E-08 1.0770E-08 1.0472E-08 1.0192E-08 9.9283E-09 9.6683E-09 9.4248E-09 9.1909E-09 8.9611E-09 8.7163E-09 8.4560E-09 8.2643E-09 8.0788E-09 7.9050E-09
4.6026E-08 4.6362E-08 4.6688E-08 4.6909E-08 4.7053E-08 4.7282E-08 4.7425E-08 4.7379E-08 4.7329E-08 4.7075E-08 4.6687E-08 4.6149E-08 4.5452E-08 4.4589E-08 4.3559E-08 4.2368E-08 4.1027E-08 3.9571E-08 3.8014E-08 3.6372E-08 1.7355E-07 1.8171E-06 2.6783E-07 2.9441E-08 2.7731E-08 2.6202E-08 2.4725E-08 2.3304E-08 2.1960E-08 2.0759E-08 1.9670E-08 1.8612E-08 1.7666E-08 1.6751E-08 1.5913E-08 1.5137E-08 1.4422E-08 1.3782E-08 1.3269E-08 1.2780E-08 1.2327E-08 1.1906E-08 1.1522E-08 1.1195E-08 1.0883E-08 1.0582E-08 1.0302E-08 1.0036E-08 9.7717E-09 9.5266E-09 9.2915E-09 9.0411E-09 8.7880E-09 8.5473E-09 8.3566E-09 8.1683E-09 7.9977E-09
