Assets/Resources/2015_m01_d13_1000(utc+0800)_l00_csi_1hr_conc.grd
DSAA
         159         159
     -79.000      79.000
     -79.000      79.000
  0.0000E+00  0.7958E-05
[rows 125 to 149 of 159, columns 0 to 56 of 159]
3.9069E-10 3.9105E-10 3.8962E-10 3.8840E-10 3.8864E-10 3.8566E-10 3.8275E-10 3.8188E-10 3.7999E-10 3.7305E-10 3.6315E-10 3.5547E-10 3.4889E-10 3.4491E-10 3.4136E-10 3.3709E-10 3.3462E-10 3.2958E-10 3.2371E-10 3.1880E-10 3.1322E-10 3.0640E-10 2.9957E-10 2.9221E-10 2.8644E-10 2.8107E-10 2.7411E-10 2.6646E-10 2.5592E-10 2.4605E-10 2.4003E-10 2.3416E-10 2.3035E-10 2.2461E-10 2.1944E-10 2.1624E-10 2.1259E-10 2.1006E-10 2.0684E-10 2.0328E-10 1.9875E-10 1.9366E-10 1.8803E-10 1.8193E-10 1.7539E-10 1.6855E-10 1.6149E-10 1.5413E-10 1.4577E-10 1.3710E-10 1.2852E-10 1.2018E-10 1.1249E-10 1.0474E-10 9.6498E-11 8.8762E-11 8.1142E-11
3.5222E-10 3.5031E-10 3.5012E-10 3.4745E-10 3.4454E-10 3.4346E-10 3.4045E-10 3.3648E-10 3.3076E-10 3.2252E-10 3.1261E-10 3.0366E-10 2.9973E-10 2.9769E-10 2.9337E-10 2.8874E-10 2.8330E-10 2.7896E-10 2.7353E-10 2.6892E-10 2.6112E-10 2.5532E-10 2.4978E-10 2.4482E-10 2.4022E-10 2.3118E-10 2.2354E-10 2.1599E-10 2.1110E-10 2.0764E-10 2.0253E-10 1.9746E-10 1.9242E-10 1.8796E-10 1.8486E-10 1.8155E-10 1.8118E-10 1.7847E-10 1.7531E-10 1.7178E-10 1.6779E-10 1.6338E-10 1.5852E-10 1.5326E-10 1.4766E-10 1.4161E-10 1.3492E-10 1.2787E-10 1.2123E-10 1.1412E-10 1.0701E-10 1.0040E-10 9.4075E-11 8.6939E-11 7.9962E-11 7.3476E-11 6.4632E-11
3.1688E-10 3.1496E-10 3.1161E-10 3.0992E-10 3.0704E-10 3.0349E-10 2.9998E-10 2.9544E-10 2.8400E-10 2.7182E-10 2.6646E-10 2.6313E-10 2.5909E-10 2.5267E-10 2.4998E-10 2.4505E-10 2.4066E-10 2.3380E-10 2.2932E-10 2.2293E-10 2.1754E-10 2.1205E-10 2.0596E-10 2.0160E-10 1.9424E-10 1.8959E-10 1.8382E-10 1.8048E-10 1.7588E-10 1.6975E-10 1.6699E-10 1.6397E-10 1.6009E-10 1.5920E-10 1.5671E-10 1.5503E-10 1.5298E-10 1.5053E-10 1.4772E-10 1.4462E-10 1.4114E-10 1.3731E-10 1.3312E-10 1.2861E-10 1.2317E-10 1.1703E-10 1.1188E-10 1.0676E-10 1.0117E-10 9.5054E-11 8.8970E-11 8.3065E-11 7.6389E-11 7.1271E-11 6.4378E-11 5.6135E-11 4.8183E-11
2.8260E-10 2.8100E-10 2.7909E-10 2.7504E-10 2.7115E-10 2.6761E-10 2.6003E-10 2.4868E-10 2.4051E-10 2.3452E-10 2.2791E-10 2.2420E-10 2.1989E-10 2.1765E-10 2.1021E-10 2.0532E-10 2.0074E-10 1.9556E-10 1.9027E-10 1.8408E-10 1.7906E-10 1.7339E-10 1.6849E-10 1.6251E-10 1.5978E-10 1.5483E-10 1.5130E-10 1.4807E-10 1.4353E-10 1.4158E-10 1.3751E-10 1.3576E-10 1.3370E-10 1.3148E-10 1.3021E-10 1.2858E-10 1.2850E-10 1.2631E-10 1.2383E-10 1.2112E-10 1.1811E-10 1.1481E-10 1.1122E-10 1.0640E-10 1.0137E-10 9.6986E-11 9.2192E-11 8.7276E-11 8.2089E-11 7.6916E-11 7.1964E-11 6.6693E-11 6.1597E-11 5.7382E-11 5.1754E-11 4.0956E-11 3.3250E-11
2.5411E-10 2.5014E-10 2.4635E-10 2.4410E-10 2.3826E-10 2.3051E-10 2.1976E-10 2.1084E-10 2.0463E-10 1.9829E-10 1.9756E-10 1.9121E-10 1.8722E-10 1.8014E-10 1.7803E-10 1.7322E-10 1.6671E-10 1.6025E-10 1.5506E-10 1.5135E-10 1.4456E-10 1.4197E-10 1.3644E-10 1.3423E-10 1.2981E-10 1.2621E-10 1.2390E-10 1.1893E-10 1.1765E-10 1.1452E-10 1.1273E-10 1.1132E-10 1.0946E-10 1.0996E-10 1.0907E-10 1.0758E-10 1.0584E-10 1.0387E-10 1.0168E-10 9.9302E-11 9.6698E-11 9.3875E-11 8.9397E-11 8.5718E-11 8.2550E-11 7.8912E-11 7.4764E-11 7.0421E-11 6.5907E-11 6.0739E-11 5.5698E-11 5.1221E-11 4.7559E-11 4.3270E-11 3.5592E-11 2.7090E-11 1.7802E-11
2.2538E-10 2.2357E-10 2.1934E-10 2.1338E-10 2.0735E-10 1.9692E-10 1.8550E-10 1.8015E-10 1.7676E-10 1.7323E-10 1.6711E-10 1.6280E-10 1.5951E-10 1.5448E-10 1.4896E-10 1.4174E-10 1.3807E-10 1.3374E-10 1.2922E-10 1.2180E-10 1.1888E-10 1.1471E-10 1.1161E-10 1.0770E-10 1.0397E-10 1.0209E-10 9.8629E-11 9.6587E-11 9.4941E-11 9.2097E-11 9.0490E-11 9.0506E-11 8.9852E-11 8.8910E-11 8.7694E-11 8.6570E-11 8.5821E-11 8.4612E-11 8.3431E-11 8.1398E-11 7.8817E-11 7.3943E-11 7.0791E-11 6.7724E-11 6.4858E-11 6.1746E-11 5.8243E-11 5.4753E-11 5.1463E-11 4.7488E-11 4.3262E-11 3.8556E-11 3.4217E-11 2.7623E-11 1.9939E-11 1.2313E-11 5.2117E-12
2.0099E-10 1.9691E-10 1.9243E-10 1.8458E-10 1.7422E-10 1.6316E-10 1.6040E-10 1.5683E-10 1.5171E-10 1.4675E-10 1.4371E-10 1.3925E-10 1.3379E-10 1.2860E-10 1.2445E-10 1.1860E-10 1.1270E-10 1.0769E-10 1.0281E-10 1.0012E-10 9.7257E-11 9.2946E-11 8.8976E-11 8.4643E-11 8.4248E-11 8.0191E-11 7.9431E-11 7.6424E-11 7.5398E-11 7.2839E-11 7.4266E-11 7.3792E-11 7.3086E-11 7.2150E-11 7.2689E-11 7.1406E-11 6.9986E-11 6.8427E-11 6.6760E-11 6.3385E-11 5.9935E-11 5.8064E-11 5.5648E-11 5.3098E-11 5.0445E-11 4.7651E-11 4.4431E-11 4.1039E-11 3.7321E-11 3.4003E-11 3.0231E-11 2.6932E-11 1.8897E-11 1.2430E-11 5.9077E-12 1.8124E-12 7.1668E-14
1.7729E-10 1.7393E-10 1.6383E-10 1.5400E-10 1.4622E-10 1.4172E-10 1.3844E-10 1.3288E-10 1.3066E-10 1.2603E-10 1.2165E-10 1.1480E-10 1.1228E-10 1.0788E-10 1.0127E-10 9.4648E-11 9.2181E-11 8.8784E-11 8.4473E-11 8.0204E-11 7.3619E-11 7.3376E-11 6.9209E-11 6.8293E-11 6.5686E-11 6.3915E-11 6.1109E-11 5.8526E-11 5.8054E-11 5.7875E-11 5.7444E-11 5.8436E-11 5.7682E-11 5.6753E-11 5.5659E-11 5.4453E-11 5.3161E-11 5.1808E-11 4.6649E-11 4.4790E-11 4.3498E-11 4.2097E-11 4.0176E-11 3.8021E-11 3.5827E-11 3.4115E-11 3.1837E-11 2.8714E-11 2.5303E-11 2.1672E-11 1.7492E-11 1.2975E-11 5.6996E-12 2.0086E-12 1.9217E-13 0.0000E+00 0.0000E+00
1.5608E-10 1.4472E-10 1.3567E-10 1.3101E-10 1.2553E-10 1.2229E-10 1.1762E-10 1.1604E-10 1.0971E-10 1.0627E-10 1.0105E-10 9.7939E-11 9.2383E-11 8.6833E-11 8.1171E-11 7.7453E-11 7.4681E-11 6.8073E-11 6.6067E-11 6.1544E-11 6.1921E-11 5.6707E-11 5.4595E-11 5.1580E-11 4.8545E-11 4.7535E-11 4.5371E-11 4.4336E-11 4.5759E-11 4.5457E-11 4.4952E-11 4.4302E-11 4.3522E-11 4.2615E-11 4.1593E-11 4.0902E-11 3.7629E-11 3.3832E-11 3.2871E-11 3.1712E-11 3.0404E-11 2.9243E-11 2.7696E-11 2.5933E-11 2.4229E-11 2.2691E-11 2.0238E-11 1.6919E-11 1.3506E-11 9.6601E-12 6.0664E-12 1.7277E-12 1.7789E-13 0.0000E+00 0.0000E+00 0.0000E+00 0.0000E+00
1.1942E-10 1.1128E-10 1.1306E-10 1.1030E-10 1.0843E-10 1.0481E-10 1.0212E-10 9.6127E-11 9.3594E-11 8.9525E-11 8.3584E-11 7.8108E-11 7.3847E-11 7.0616E-11 6.5170E-11 6.2878E-11 5.6578E-11 5.5314E-11 5.0979E-11 4.9562E-11 4.5147E-11 4.0700E-11 4.0304E-11 3.8057E-11 3.7127E-11 3.5090E-11 3.4160E-11 3.4167E-11 3.2903E-11 3.2471E-11 3.1886E-11 3.1590E-11 3.1997E-11 3.1168E-11 2.9238E-11 2.4908E-11 2.3776E-11 2.3208E-11 2.2355E-11 2.1242E-11 2.0065E-11 1.7799E-11 1.7033E-11 1.6150E-11 1.4893E-11 1.2118E-11 8.9186E-12 5.8854E-12 3.3283E-12 1.2088E-12 9.5071E-14 0.0000E+00 0.0000E+00 0.0000E+00 0.0000E+00 0.0000E+00 0.0000E+00
8.4938E-11 8.5790E-11 8.8171E-11 8.4671E-11 8.7319E-11 8.5805E-11 8.3604E-11 8.1456E-11 7.8292E-11 7.2435E-11 6.6532E-11 6.2145E-11 6.1050E-11 5.5015E-11 5.2763E-11 4.7102E-11 4.4708E-11 4.2475E-11 3.6900E-11 3.5916E-11 3.1661E-11 3.1917E-11 2.8815E-11 2.6599E-11 2.4652E-11 2.3726E-11 2.3719E-11 2.3581E-11 2.4742E-11 2.4308E-11 2.3755E-11 2.3132E-11 2.0386E-11 1.8837E-11 1.5357E-11 1.5038E-11 1.4677E-11 1.3220E-11 1.2808E-11 1.1972E-11 1.1002E-11 9.9968E-12 8.7143E-12 7.1360E-12 5.5542E-12 3.6261E-12 1.9422E-12 5.3628E-13 0.0000E+00 0.0000E+00 0.0000E+00 0.0000E+00 0.0000E+00 0.0000E+00 0.0000E+00 0.0000E+00 0.0000E+00
6.0082E-11 5.9932E-11 6.0032E-11 6.6221E-11 6.3760E-11 6.4794E-11 6.2193E-11 6.0013E-11 5.8049E-11 5.7152E-11 5.3405E-11 5.1241E-11 4.6301E-11 4.0310E-11 3.9738E-11 3.5274E-11 3.4562E-11 2.9151E-11 2.8136E-11 2.4660E-11 2.4231E-11 2.0471E-11 1.8297E-11 1.6317E-11 1.6366E-11 1.6364E-11 1.6273E-11 1.6082E-11 1.5759E-11 1.5309E-11 1.2750E-11 1.0383E-11 7.0460E-12 6.8994E-12 6.7339E-12 6.5508E-12 6.3518E-12 6.1388E-12 5.9135E-12 5.2862E-12 4.6668E-12 3.8141E-12 2.6592E-12 1.7809E-12 6.8184E-13 0.0000E+00 0.0000E+00 0.0000E+00 0.0000E+00 0.0000E+00 0.0000E+00 0.0000E+00 0.0000E+00 0.0000E+00 0.0000E+00 0.0000E+00 0.0000E+00
3.7088E-11 3.9947E-11 4.0992E-11 4.0302E-11 4.0468E-11 4.0916E-11 4.1551E-11 4.1651E-11 4.2727E-11 4.0773E-11 3.6142E-11 3.4311E-11 3.0620E-11 3.0178E-11 2.8023E-11 2.7753E-11 2.2633E-11 2.0613E-11 1.8557E-11 1.4632E-11 1.4274E-11 1.1249E-11 1.0276E-11 1.0269E-11 1.0232E-11 1.0163E-11 1.0029E-11 9.8216E-12 7.5251E-12 5.3119E-12 4.1960E-12 3.1178E-12 3.0513E-12 2.9765E-12 2.8268E-12 2.3630E-12 1.9286E-12 1.5668E-12 1.1152E-12 8.4915E-13 7.1329E-13 3.0238E-13 0.0000E+00 0.0000E+00 0.0000E+00 0.0000E+00 0.0000E+00 0.0000E+00 0.0000E+00 0.0000E+00 0.0000E+00 0.0000E+00 0.0000E+00 0.0000E+00 0.0000E+00 0.0000E+00 0.0000E+00
1.9781E-11 2.2397E-11 2.1429E-11 2.2935E-11 2.5094E-11 2.5956E-11 2.5745E-11 2.3280E-11 2.6024E-11 2.3187E-11 2.2000E-11 1.9828E-11 2.3016E-11 2.1508E-11 1.7340E-11 1.6300E-11 1.3099E-11 1.2367E-11 8.6353E-12 6.4238E-12 5.3328E-12 5.2906E-12 5.6056E-12 4.8564E-12 4.8349E-12 4.6949E-12 3.5141E-12 2.3188E-12 1.1386E-12 9.2831E-13 8.9347E-13 5.8991E-13 2.8941E-13 0.0000E+00 0.0000E+00 0.0000E+00 0.0000E+00 0.0000E+00 0.0000E+00 0.0000E+00 0.0000E+00 0.0000E+00 0.0000E+00 0.0000E+00 0.0000E+00 0.0000E+00 0.0000E+00 0.0000E+00 0.0000E+00 0.0000E+00 0.0000E+00 0.0000E+00 0.0000E+00 0.0000E+00 0.0000E+00 0.0000E+00 0.0000E+00
5.0500E-12 8.3327E-12 1.0163E-11 1.1685E-11 1.2798E-11 1.0980E-11 1.1676E-11 1.0377E-11 9.8763E-12 1.2256E-11 1.3164E-11 1.2095E-11 1.2701E-11 1.0082E-11 9.3994E-12 6.9009E-12 6.3969E-12 4.0466E-12 3.0150E-12 1.1563E-12 1.1183E-12 1.0774E-12 1.0338E-12 9.8775E-13 9.3958E-13 0.0000E+00 0.0000E+00 0.0000E+00 0.0000E+00 0.0000E+00 0.0000E+00 0.0000E+00 0.0000E+00 0.0000E+00 0.0000E+00 0.0000E+00 0.0000E+00 0.0000E+00 0.0000E+00 0.0000E+00 0.0000E+00 0.0000E+00 0.0000E+00 0.0000E+00 0.0000E+00 0.0000E+00 0.0000E+00 0.0000E+00 0.0000E+00 0.0000E+00 0.0000E+00 0.0000E+00 0.0000E+00 0.0000E+00 0.0000E+00 0.0000E+00 0.0000E+00
1.3084E-12 6.5107E-13 6.8542E-13 0.0000E+00 0.0000E+00 0.0000E+00 1.1202E-12 6.2883E-12 5.0975E-12 4.7610E-12 4.9575E-12 4.6130E-12 3.4423E-12 2.2467E-12 2.0667E-12 9.3717E-13 8.5317E-13 0.0000E+00 0.0000E+00 0.0000E+00 0.0000E+00 0.0000E+00 0.0000E+00 0.0000E+00 0.0000E+00 0.0000E+00 0.0000E+00 0.0000E+00 0.0000E+00 0.0000E+00 0.0000E+00 0.0000E+00 0.0000E+00 0.0000E+00 0.0000E+00 0.0000E+00 0.0000E+00 0.0000E+00 0.0000E+00 0.0000E+00 0.0000E+00 0.0000E+00 0.0000E+00 0.0000E+00 0.0000E+00 0.0000E+00 0.0000E+00 0.0000E+00 0.0000E+00 0.0000E+00 0.0000E+00 0.0000E+00 0.0000E+00 0.0000E+00 0.0000E+00 0.0000E+00 0.0000E+00
0.0000E+00 0.0000E+00 0.0000E+00 0.0000E+00 0.0000E+00 0.0000E+00 0.0000E+00 0.0000E+00 0.0000E+00 0.0000E+00 0.0000E+00 0.0000E+00 1.0544E-12 9.6703E-13 0.0000E+00 0.0000E+00 0.0000E+00 0.0000E+00 0.0000E+00 0.0000E+00 0.0000E+00 0.0000E+00 0.0000E+00 0.0000E+00 0.0000E+00 0.0000E+00 0.0000E+00 0.0000E+00 0.0000E+00 0.0000E+00 0.0000E+00 0.0000E+00 0.0000E+00 0.0000E+00 0.0000E+00 0.0000E+00 0.0000E+00 0.0000E+00 0.0000E+00 0.0000E+00 0.0000E+00 0.0000E+00 0.0000E+00 0.0000E+00 0.0000E+00 0.0000E+00 0.0000E+00 0.0000E+00 0.0000E+00 0.0000E+00 0.0000E+00 0.0000E+00 0.0000E+00 0.0000E+00 0.0000E+00 0.0000E+00 0.0000E+00
0.0000E+00 0.0000E+00 0.0000E+00 0.0000E+00 0.0000E+00 0.0000E+00 0.0000E+00 0.0000E+00 0.0000E+00 0.0000E+00 0.0000E+00 0.0000E+00 0.0000E+00 0.0000E+00 0.0000E+00 0.0000E+00 0.0000E+00 0.0000E+00 0.0000E+00 0.0000E+00 0.0000E+00 0.0000E+00 0.0000E+00 0.0000E+00 0.0000E+00 0.0000E+00 0.0000E+00 0.0000E+00 0.0000E+00 0.0000E+00 0.0000E+00 0.0000E+00 0.0000E+00 0.0000E+00 0.0000E+00 0.0000E+00 0.0000E+00 0.0000E+00 0.0000E+00 0.0000E+00 0.0000E+00 0.0000E+00 0.0000E+00 0.0000E+00 0.0000E+00 0.0000E+00 0.0000E+00 0.0000E+00 0.0000E+00 0.0000E+00 0.0000E+00 0.0000E+00 0.0000E+00 0.0000E+00 0.0000E+00 0.0000E+00 0.0000E+00
0.0000E+00 0.0000E+00 0.0000E+00 0.0000E+00 0.0000E+00 0.0000E+00 0.0000E+00 0.0000E+00 0.0000E+00 0.0000E+00 0.0000E+00 0.0000E+00 0.0000E+00 0.0000E+00 0.0000E+00 0.0000E+00 0.0000E+00 0.0000E+00 0.0000E+00 0.0000E+00 0.0000E+00 0.0000E+00 0.0000E+00 0.0000E+00 0.0000E+00 0.0000E+00 0.0000E+00 0.0000E+00 0.0000E+00 0.0000E+00 0.0000E+00 0.0000E+00 0.0000E+00 0.0000E+00 0.0000E+00 0.0000E+00 0.0000E+00 0.0000E+00 0.0000E+00 0.0000E+00 0.0000E+00 0.0000E+00 0.0000E+00 0.0000E+00 0.0000E+00 0.0000E+00 0.0000E+00 0.0000E+00 0.0000E+00 0.0000E+00 0.0000E+00 0.0000E+00 0.0000E+00 0.0000E+00 0.0000E+00 0.0000E+00 0.0000E+00
0.0000E+00 0.0000E+00 0.0000E+00 0.0000E+00 0.0000E+00 0.0000E+00 0.0000E+00 0.0000E+00 0.0000E+00 0.0000E+00 0.0000E+00 0.0000E+00 0.0000E+00 0.0000E+00 0.0000E+00 0.0000E+00 0.0000E+00 0.0000E+00 0.0000E+00 0.0000E+00 0.0000E+00 0.0000E+00 0.0000E+00 0.0000E+00 0.0000E+00 0.0000E+00 0.0000E+00 0.0000E+00 0.0000E+00 0.0000E+00 0.0000E+00 0.0000E+00 0.0000E+00 0.0000E+00 0.0000E+00 0.0000E+00 0.0000E+00 0.0000E+00 0.0000E+00 0.0000E+00 0.0000E+00 0.0000E+00 0.0000E+00 0.0000E+00 0.0000E+00 0.0000E+00 0.0000E+00 0.0000E+00 0.0000E+00 0.0000E+00 0.0000E+00 0.0000E+00 0.0000E+00 0.0000E+00 0.0000E+00 0.0000E+00 0.0000E+00
0.0000E+00 0.0000E+00 0.0000E+00 0.0000E+00 0.0000E+00 0.0000E+00 0.0000E+00 0.0000E+00 0.0000E+00 0.0000E+00 0.0000E+00 0.0000E+00 0.0000E+00 0.0000E+00 0.0000E+00 0.0000E+00 0.0000E+00 0.0000E+00 0.0000E+00 0.0000E+00 0.0000E+00 0.0000E+00 0.0000E+00 0.0000E+00 0.0000E+00 0.0000E+00 0.0000E+00 0.0000E+00 0.0000E+00 0.0000E+00 0.0000E+00 0.0000E+00 0.0000E+00 0.0000E+00 0.0000E+00 0.0000E+00 0.0000E+00 0.0000E+00 0.0000E+00 0.0000E+00 0.0000E+00 0.0000E+00 0.0000E+00 0.0000E+00 0.0000E+00 0.0000E+00 0.0000E+00 0.0000E+00 0.0000E+00 0.0000E+00 0.0000E+00 0.0000E+00 0.0000E+00 0.0000E+00 0.0000E+00 0.0000E+00 0.0000E+00
0.0000E+00 0.0000E+00 0.0000E+00 0.0000E+00 0.0000E+00 0.0000E+00 0.0000E+00 0.0000E+00 0.0000E+00 0.0000E+00 0.0000E+00 0.0000E+00 0.0000E+00 0.0000E+00 0.0000E+00 0.0000E+00 0.0000E+00 0.0000E+00 0.0000E+00 0.0000E+00 0.0000E+00 0.0000E+00 0.0000E+00 0.0000E+00 0.0000E+00 0.0000E+00 0.0000E+00 0.0000E+00 0.0000E+00 0.0000E+00 0.0000E+00 0.0000E+00 0.0000E+00 0.0000E+00 0.0000E+00 0.0000E+00 0.0000E+00 0.0000E+00 0.0000E+00 0.0000E+00 0.0000E+00 0.0000E+00 0.0000E+00 0.0000E+00 0.0000E+00 0.0000E+00 0.0000E+00 0.0000E+00 0.0000E+00 0.0000E+00 0.0000E+00 0.0000E+00 0.0000E+00 0.0000E+00 0.0000E+00 0.0000E+00 0.0000E+00
0.0000E+00 0.0000E+00 0.0000E+00 0.0000E+00 0.0000E+00 0.0000E+00 0.0000E+00 0.0000E+00 0.0000E+00 0.0000E+00 0.0000E+00 0.0000E+00 0.0000E+00 0.0000E+00 0.0000E+00 0.0000E+00 0.0000E+00 0.0000E+00 0.0000E+00 0.0000E+00 0.0000E+00 0.0000E+00 0.0000E+00 0.0000E+00 0.0000E+00 0.0000E+00 0.0000E+00 0.0000E+00 0.0000E+00 0.0000E+00 0.0000E+00 0.0000E+00 0.0000E+00 0.0000E+00 0.0000E+00 0.0000E+00 0.0000E+00 0.0000E+00 0.0000E+00 0.0000E+00 0.0000E+00 0.0000E+00 0.0000E+00 0.0000E+00 0.0000E+00 0.0000E+00 0.0000E+00 0.0000E+00 0.0000E+00 0.0000E+00 0.0000E+00 0.0000E+00 0.0000E+00 0.0000E+00 0.0000E+00 0.0000E+00 0.0000E+00
0.0000E+00 0.0000E+00 0.0000E+00 0.0000E+00 0.0000E+00 0.0000E+00 0.0000E+00 0.0000E+00 0.0000E+00 0.0000E+00 0.0000E+00 0.0000E+00 0.0000E+00 0.0000E+00 0.0000E+00 0.0000E+00 0.0000E+00 0.0000E+00 0.0000E+00 0.0000E+00 0.0000E+00 0.0000E+00 0.0000E+00 0.0000E+00 0.0000E+00 0.0000E+00 0.0000E+00 0.0000E+00 0.0000E+00 0.0000E+00 0.0000E+00 0.0000E+00 0.0000E+00 0.0000E+00 0.0000E+00 0.0000E+00 0.0000E+00 0.0000E+00 0.0000E+00 0.0000E+00 0.0000E+00 0.0000E+00 0.0000E+00 0.0000E+00 0.0000E+00 0.0000E+00 0.0000E+00 0.0000E+00 0.0000E+00 0.0000E+00 0.0000E+00 0.0000E+00 0.0000E+00 0.0000E+00 0.0000E+00 0.0000E+00 0.0000E+00
0.0000E+00 0.0000E+00 0.0000E+00 0.0000E+00 0.0000E+00 0.0000E+00 0.0000E+00 0.0000E+00 0.0000E+00 0.0000E+00 0.0000E+00 0.0000E+00 0.0000E+00 0.0000E+00 0.0000E+00 0.0000E+00 0.0000E+00 0.0000E+00 0.0000E+00 0.0000E+00 0.0000E+00 0.0000E+00 0.0000E+00 0.0000E+00 0.0000E+00 0.0000E+00 0.0000E+00 0.0000E+00 0.0000E+00 0.0000E+00 0.0000E+00 0.0000E+00 0.0000E+00 0.0000E+00 0.0000E+00 0.0000E+00 0.0000E+00 0.0000E+00 0.0000E+00 0.0000E+00 0.0000E+00 0.0000E+00 0.0000E+00 0.0000E+00 0.0000E+00 0.0000E+00 0.0000E+00 0.0000E+00 0.0000E+00 0.0000E+00 0.0000E+00 0.0000E+00 0.0000E+00 0.0000E+00 0.0000E+00 0.0000E+00 0.0000E+00
