Assets/Resources/2015_m01_d04_1500(utc+0800)_l00_csi_1hr_conc.grd
DSAA
         159         159
     -79.000      79.000
     -79.000      79.000
  0.2051E-09  0.3632E-05
[rows 25 to 49 of 159, columns 57 to 113 of 159]
4.6628E-09 4.5971E-09 4.5305E-09 4.4647E-09 4.3961E-09 4.3179E-09 4.2376E-09 4.1671E-09 4.0994E-09 4.0310E-09 3.9588E-09 3.8852E-09 3.8119E-09 3.7380E-09 3.6628E-09 3.5866E-09 3.5082E-09 3.4293E-09 3.3499E-09 3.2716E-09 3.1928E-09 3.1122E-09 3.0323E-09 2.9533E-09 2.8752E-09 2.7952E-09 2.7171E-09 2.6409E-09 2.5642E-09 2.4875E-09 2.4140E-09 2.3397E-09 2.2650E-09 2.1951E-09 2.1213E-09 2.0545E-09 1.9865E-09 1.9204E-09 1.8586E-09 1.7982E-09 1.7395E-09 1.6824E-09 1.6271E-09 1.5735E-09 1.5218E-09 1.4719E-09 1.4238E-09 1.3775E-09 1.3329E-09 1.2900E-09 1.2489E-09 1.2093E-09 1.1696E-09 1.1248E-09 1.0866E-09 1.0535E-09 1.0182E-09
4.7857E-09 4.7169E-09 4.6475E-09 4.5780E-09 4.5076E-09 4.4264E-09 4.3426E-09 4.2693E-09 4.1992E-09 4.1278E-09 4.0537E-09 3.9780E-09 3.9016E-09 3.8255E-09 3.7480E-09 3.6694E-09 3.5887E-09 3.5074E-09 3.4257E-09 3.3451E-09 3.2641E-09 3.1811E-09 3.0990E-09 3.0179E-09 2.9377E-09 2.8567E-09 2.7754E-09 2.6972E-09 2.6198E-09 2.5398E-09 2.4645E-09 2.3901E-09 2.3115E-09 2.2399E-09 2.1641E-09 2.0958E-09 2.0289E-09 1.9586E-09 1.8954E-09 1.8337E-09 1.7738E-09 1.7155E-09 1.6591E-09 1.6045E-09 1.5518E-09 1.5010E-09 1.4520E-09 1.4048E-09 1.3594E-09 1.3157E-09 1.2738E-09 1.2335E-09 1.1948E-09 1.1509E-09 1.1100E-09 1.0742E-09 1.0400E-09
4.9085E-09 4.8367E-09 4.7651E-09 4.6927E-09 4.6186E-09 4.5401E-09 4.4528E-09 4.3716E-09 4.2992E-09 4.2250E-09 4.1492E-09 4.0703E-09 3.9913E-09 3.9128E-09 3.8330E-09 3.7522E-09 3.6690E-09 3.5854E-09 3.5014E-09 3.4184E-09 3.3352E-09 3.2518E-09 3.1656E-09 3.0823E-09 3.0000E-09 2.9182E-09 2.8341E-09 2.7534E-09 2.6739E-09 2.5919E-09 2.5147E-09 2.4384E-09 2.3577E-09 2.2844E-09 2.2125E-09 2.1370E-09 2.0686E-09 1.9966E-09 1.9321E-09 1.8692E-09 1.8080E-09 1.7487E-09 1.6912E-09 1.6356E-09 1.5820E-09 1.5302E-09 1.4803E-09 1.4322E-09 1.3860E-09 1.3415E-09 1.2988E-09 1.2578E-09 1.2184E-09 1.1772E-09 1.1325E-09 1.0952E-09 1.0610E-09
5.0329E-09 4.9569E-09 4.8823E-09 4.8069E-09 4.7307E-09 4.6483E-09 4.5635E-09 4.4764E-09 4.3990E-09 4.3223E-09 4.2436E-09 4.1635E-09 4.0808E-09 4.0000E-09 3.9178E-09 3.8346E-09 3.7505E-09 3.6637E-09 3.5773E-09 3.4914E-09 3.4060E-09 3.3204E-09 3.2325E-09 3.1464E-09 3.0621E-09 2.9782E-09 2.8920E-09 2.8092E-09 2.7279E-09 2.6473E-09 2.5646E-09 2.4865E-09 2.4086E-09 2.3288E-09 2.2553E-09 2.1780E-09 2.1082E-09 2.0383E-09 1.9687E-09 1.9046E-09 1.8423E-09 1.7818E-09 1.7233E-09 1.6668E-09 1.6122E-09 1.5594E-09 1.5087E-09 1.4597E-09 1.4127E-09 1.3675E-09 1.3240E-09 1.2822E-09 1.2420E-09 1.2017E-09 1.1571E-09 1.1170E-09 1.0822E-09
5.1568E-09 5.0793E-09 5.0005E-09 4.9211E-09 4.8420E-09 4.7598E-09 4.6686E-09 4.5812E-09 4.4987E-09 4.4198E-09 4.3382E-09 4.2551E-09 4.1712E-09 4.0866E-09 4.0022E-09 3.9166E-09 3.8301E-09 3.7409E-09 3.6522E-09 3.5640E-09 3.4763E-09 3.3885E-09 3.3009E-09 3.2101E-09 3.1237E-09 3.0378E-09 2.9526E-09 2.8647E-09 2.7814E-09 2.6990E-09 2.6141E-09 2.5342E-09 2.4555E-09 2.3729E-09 2.2978E-09 2.2226E-09 2.1475E-09 2.0780E-09 2.0052E-09 1.9399E-09 1.8764E-09 1.8150E-09 1.7555E-09 1.6979E-09 1.6423E-09 1.5887E-09 1.5371E-09 1.4873E-09 1.4395E-09 1.3934E-09 1.3493E-09 1.3067E-09 1.2658E-09 1.2263E-09 1.1817E-09 1.1390E-09 1.1033E-09
5.2807E-09 5.1999E-09 5.1179E-09 5.0362E-09 4.9540E-09 4.8678E-09 4.7758E-09 4.6837E-09 4.5979E-09 4.5162E-09 4.4330E-09 4.3463E-09 4.2599E-09 4.1728E-09 4.0859E-09 3.9980E-09 3.9091E-09 3.8196E-09 3.7264E-09 3.6359E-09 3.5460E-09 3.4561E-09 3.3664E-09 3.2733E-09 3.1849E-09 3.0970E-09 3.0097E-09 2.9196E-09 2.8344E-09 2.7500E-09 2.6662E-09 2.5815E-09 2.5011E-09 2.4205E-09 2.3400E-09 2.2641E-09 2.1866E-09 2.1157E-09 2.0442E-09 1.9749E-09 1.9105E-09 1.8480E-09 1.7875E-09 1.7290E-09 1.6725E-09 1.6180E-09 1.5655E-09 1.5149E-09 1.4663E-09 1.4195E-09 1.3745E-09 1.3312E-09 1.2895E-09 1.2493E-09 1.2055E-09 1.1610E-09 1.1236E-09
5.4066E-09 5.3213E-09 5.2349E-09 5.1500E-09 5.0646E-09 4.9762E-09 4.8823E-09 4.7898E-09 4.6965E-09 4.6123E-09 4.5267E-09 4.4379E-09 4.3485E-09 4.2587E-09 4.1688E-09 4.0785E-09 3.9874E-09 3.8955E-09 3.7998E-09 3.7071E-09 3.6150E-09 3.5230E-09 3.4312E-09 3.3385E-09 3.2454E-09 3.1555E-09 3.0662E-09 2.9771E-09 2.8868E-09 2.8005E-09 2.7153E-09 2.6282E-09 2.5463E-09 2.4649E-09 2.3818E-09 2.3053E-09 2.2273E-09 2.1532E-09 2.0813E-09 2.0099E-09 1.9444E-09 1.8809E-09 1.8195E-09 1.7600E-09 1.7026E-09 1.6472E-09 1.5939E-09 1.5425E-09 1.4931E-09 1.4455E-09 1.3998E-09 1.3557E-09 1.3132E-09 1.2721E-09 1.2293E-09 1.1830E-09 1.1449E-09
5.5304E-09 5.4413E-09 5.3532E-09 5.2631E-09 5.1755E-09 5.0857E-09 4.9893E-09 4.8900E-09 4.7970E-09 4.7074E-09 4.6190E-09 4.5293E-09 4.4357E-09 4.3431E-09 4.2510E-09 4.1581E-09 4.0646E-09 3.9705E-09 3.8760E-09 3.7774E-09 3.6832E-09 3.5891E-09 3.4952E-09 3.4017E-09 3.3051E-09 3.2133E-09 3.1220E-09 3.0315E-09 2.9385E-09 2.8503E-09 2.7634E-09 2.6763E-09 2.5908E-09 2.5088E-09 2.4250E-09 2.3452E-09 2.2675E-09 2.1903E-09 2.1181E-09 2.0456E-09 1.9782E-09 1.9137E-09 1.8512E-09 1.7908E-09 1.7326E-09 1.6763E-09 1.6222E-09 1.5700E-09 1.5199E-09 1.4715E-09 1.4249E-09 1.3800E-09 1.3367E-09 1.2950E-09 1.2530E-09 1.2086E-09 1.1662E-09
5.6572E-09 5.5636E-09 5.4689E-09 5.3763E-09 5.2847E-09 5.1917E-09 5.0943E-09 4.9919E-09 4.8936E-09 4.8011E-09 4.7104E-09 4.6184E-09 4.5217E-09 4.4263E-09 4.3322E-09 4.2366E-09 4.1408E-09 4.0444E-09 3.9477E-09 3.8468E-09 3.7504E-09 3.6543E-09 3.5583E-09 3.4628E-09 3.3660E-09 3.2701E-09 3.1769E-09 3.0844E-09 2.9912E-09 2.8994E-09 2.8108E-09 2.7225E-09 2.6348E-09 2.5512E-09 2.4678E-09 2.3846E-09 2.3065E-09 2.2280E-09 2.1546E-09 2.0819E-09 2.0116E-09 1.9461E-09 1.8828E-09 1.8215E-09 1.7623E-09 1.7053E-09 1.6503E-09 1.5975E-09 1.5465E-09 1.4973E-09 1.4500E-09 1.4042E-09 1.3602E-09 1.3176E-09 1.2750E-09 1.2298E-09 1.1873E-09
5.7813E-09 5.6820E-09 5.5836E-09 5.4905E-09 5.3926E-09 5.2994E-09 5.2012E-09 5.0898E-09 4.9884E-09 4.8940E-09 4.8006E-09 4.7057E-09 4.6088E-09 4.5084E-09 4.4118E-09 4.3140E-09 4.2157E-09 4.1171E-09 4.0182E-09 3.9179E-09 3.8166E-09 3.7183E-09 3.6204E-09 3.5228E-09 3.4252E-09 3.3259E-09 3.2307E-09 3.1363E-09 3.0425E-09 2.9476E-09 2.8573E-09 2.7679E-09 2.6786E-09 2.5930E-09 2.5089E-09 2.4234E-09 2.3449E-09 2.2653E-09 2.1899E-09 2.1170E-09 2.0447E-09 1.9783E-09 1.9140E-09 1.8519E-09 1.7919E-09 1.7341E-09 1.6784E-09 1.6247E-09 1.5729E-09 1.5230E-09 1.4748E-09 1.4283E-09 1.3834E-09 1.3402E-09 1.2985E-09 1.2534E-09 1.2076E-09
5.9045E-09 5.8017E-09 5.7010E-09 5.6005E-09 5.4993E-09 5.4030E-09 5.3026E-09 5.1938E-09 5.0842E-09 4.9852E-09 4.8887E-09 4.7915E-09 4.6931E-09 4.5900E-09 4.4897E-09 4.3900E-09 4.2892E-09 4.1884E-09 4.0874E-09 3.9864E-09 3.8814E-09 3.7812E-09 3.6812E-09 3.5817E-09 3.4826E-09 3.3812E-09 3.2834E-09 3.1872E-09 3.0921E-09 2.9961E-09 2.9029E-09 2.8125E-09 2.7223E-09 2.6340E-09 2.5486E-09 2.4636E-09 2.3821E-09 2.3022E-09 2.2248E-09 2.1507E-09 2.0783E-09 2.0100E-09 1.9449E-09 1.8819E-09 1.8212E-09 1.7626E-09 1.7061E-09 1.6517E-09 1.5990E-09 1.5483E-09 1.4994E-09 1.4521E-09 1.4066E-09 1.3626E-09 1.3203E-09 1.2761E-09 1.2304E-09
6.0309E-09 5.9198E-09 5.8140E-09 5.7090E-09 5.6082E-09 5.5050E-09 5.4051E-09 5.2998E-09 5.1785E-09 5.0741E-09 4.9752E-09 4.8757E-09 4.7749E-09 4.6703E-09 4.5662E-09 4.4641E-09 4.3611E-09 4.2582E-09 4.1551E-09 4.0520E-09 3.9463E-09 3.8425E-09 3.7406E-09 3.6391E-09 3.5381E-09 3.4359E-09 3.3348E-09 3.2369E-09 3.1401E-09 3.0429E-09 2.9475E-09 2.8556E-09 2.7644E-09 2.6741E-09 2.5883E-09 2.5022E-09 2.4186E-09 2.3385E-09 2.2590E-09 2.1848E-09 2.1114E-09 2.0413E-09 1.9754E-09 1.9117E-09 1.8502E-09 1.7908E-09 1.7336E-09 1.6783E-09 1.6249E-09 1.5734E-09 1.5237E-09 1.4757E-09 1.4294E-09 1.3848E-09 1.3418E-09 1.2970E-09 1.2505E-09
6.1550E-09 6.0343E-09 5.9242E-09 5.8186E-09 5.7125E-09 5.6049E-09 5.5023E-09 5.3936E-09 5.2781E-09 5.1607E-09 5.0599E-09 4.9577E-09 4.8543E-09 4.7500E-09 4.6408E-09 4.5363E-09 4.4315E-09 4.3262E-09 4.2211E-09 4.1160E-09 4.0096E-09 3.9024E-09 3.7984E-09 3.6950E-09 3.5920E-09 3.4892E-09 3.3850E-09 3.2853E-09 3.1868E-09 3.0886E-09 2.9909E-09 2.8976E-09 2.8056E-09 2.7140E-09 2.6264E-09 2.5401E-09 2.4543E-09 2.3741E-09 2.2945E-09 2.2183E-09 2.1440E-09 2.0721E-09 2.0054E-09 1.9409E-09 1.8787E-09 1.8186E-09 1.7606E-09 1.7045E-09 1.6504E-09 1.5981E-09 1.5477E-09 1.4990E-09 1.4521E-09 1.4068E-09 1.3631E-09 1.3193E-09 1.2731E-09
6.2768E-09 6.1478E-09 6.0347E-09 5.9241E-09 5.8136E-09 5.7048E-09 5.5970E-09 5.4902E-09 5.3772E-09 5.2449E-09 5.1422E-09 5.0373E-09 4.9316E-09 4.8252E-09 4.7133E-09 4.6065E-09 4.4998E-09 4.3923E-09 4.2852E-09 4.1781E-09 4.0711E-09 3.9603E-09 3.8546E-09 3.7491E-09 3.6442E-09 3.5402E-09 3.4349E-09 3.3322E-09 3.2321E-09 3.1329E-09 3.0344E-09 2.9384E-09 2.8451E-09 2.7529E-09 2.6636E-09 2.5762E-09 2.4903E-09 2.4080E-09 2.3274E-09 2.2503E-09 2.1751E-09 2.1024E-09 2.0349E-09 1.9698E-09 1.9068E-09 1.8459E-09 1.7871E-09 1.7303E-09 1.6754E-09 1.6224E-09 1.5713E-09 1.5220E-09 1.4744E-09 1.4284E-09 1.3841E-09 1.3398E-09 1.2946E-09
6.3934E-09 6.2602E-09 6.1416E-09 6.0270E-09 5.9132E-09 5.8020E-09 5.6894E-09 5.5804E-09 5.4660E-09 5.3398E-09 5.2219E-09 5.1143E-09 5.0066E-09 4.8981E-09 4.7869E-09 4.6746E-09 4.5658E-09 4.4565E-09 4.3473E-09 4.2382E-09 4.1293E-09 4.0187E-09 3.9087E-09 3.8014E-09 3.6948E-09 3.5890E-09 3.4826E-09 3.3775E-09 3.2759E-09 3.1759E-09 3.0759E-09 2.9780E-09 2.8840E-09 2.7908E-09 2.6999E-09 2.6122E-09 2.5253E-09 2.4419E-09 2.3605E-09 2.2816E-09 2.2064E-09 2.1330E-09 2.0639E-09 1.9980E-09 1.9343E-09 1.8727E-09 1.8132E-09 1.7556E-09 1.7000E-09 1.6464E-09 1.5946E-09 1.5446E-09 1.4964E-09 1.4498E-09 1.4049E-09 1.3600E-09 1.3142E-09
6.5062E-09 6.3690E-09 6.2456E-09 6.1261E-09 6.0110E-09 5.8955E-09 5.7798E-09 5.6672E-09 5.5526E-09 5.4334E-09 5.2984E-09 5.1889E-09 5.0790E-09 4.9681E-09 4.8565E-09 4.7404E-09 4.6294E-09 4.5184E-09 4.4070E-09 4.2961E-09 4.1853E-09 4.0734E-09 3.9607E-09 3.8516E-09 3.7433E-09 3.6360E-09 3.5285E-09 3.4212E-09 3.3181E-09 3.2167E-09 3.1155E-09 3.0163E-09 2.9213E-09 2.8275E-09 2.7355E-09 2.6463E-09 2.5593E-09 2.4740E-09 2.3917E-09 2.3129E-09 2.2361E-09 2.1629E-09 2.0921E-09 2.0256E-09 1.9611E-09 1.8988E-09 1.8386E-09 1.7804E-09 1.7242E-09 1.6699E-09 1.6174E-09 1.5668E-09 1.5180E-09 1.4709E-09 1.4254E-09 1.3799E-09 1.3335E-09
6.6157E-09 6.4757E-09 6.3452E-09 6.2232E-09 6.1036E-09 5.9850E-09 5.8673E-09 5.7508E-09 5.6343E-09 5.5135E-09 5.3801E-09 5.2605E-09 5.1484E-09 5.0352E-09 4.9219E-09 4.8061E-09 4.6904E-09 4.5777E-09 4.4643E-09 4.3515E-09 4.2389E-09 4.1258E-09 4.0113E-09 3.8998E-09 3.7899E-09 3.6808E-09 3.5725E-09 3.4637E-09 3.3586E-09 3.2559E-09 3.1540E-09 3.0538E-09 2.9571E-09 2.8623E-09 2.7694E-09 2.6801E-09 2.5913E-09 2.5052E-09 2.4230E-09 2.3425E-09 2.2659E-09 2.1911E-09 2.1197E-09 2.0524E-09 1.9873E-09 1.9243E-09 1.8634E-09 1.8046E-09 1.7478E-09 1.6929E-09 1.6398E-09 1.5887E-09 1.5393E-09 1.4916E-09 1.4456E-09 1.4012E-09 1.3552E-09
6.7202E-09 6.5773E-09 6.4422E-09 6.3167E-09 6.1937E-09 6.0720E-09 5.9513E-09 5.8309E-09 5.7126E-09 5.5913E-09 5.4615E-09 5.3289E-09 5.2144E-09 5.0995E-09 4.9844E-09 4.8671E-09 4.7487E-09 4.6341E-09 4.5190E-09 4.4043E-09 4.2898E-09 4.1757E-09 4.0595E-09 3.9456E-09 3.8341E-09 3.7236E-09 3.6138E-09 3.5043E-09 3.3972E-09 3.2934E-09 3.1904E-09 3.0898E-09 2.9916E-09 2.8958E-09 2.8025E-09 2.7117E-09 2.6231E-09 2.5362E-09 2.4523E-09 2.3721E-09 2.2939E-09 2.2193E-09 2.1463E-09 2.0784E-09 2.0127E-09 1.9491E-09 1.8876E-09 1.8282E-09 1.7708E-09 1.7153E-09 1.6617E-09 1.6100E-09 1.5601E-09 1.5119E-09 1.4654E-09 1.4205E-09 1.3740E-09
6.8197E-09 6.6755E-09 6.5345E-09 6.4054E-09 6.2797E-09 6.1553E-09 6.0315E-09 5.9084E-09 5.7870E-09 5.6642E-09 5.5344E-09 5.3992E-09 5.2772E-09 5.1606E-09 5.0436E-09 4.9251E-09 4.8049E-09 4.6875E-09 4.5709E-09 4.4542E-09 4.3380E-09 4.2223E-09 4.1051E-09 3.9890E-09 3.8760E-09 3.7641E-09 3.6535E-09 3.5428E-09 3.4340E-09 3.3290E-09 3.2258E-09 3.1236E-09 3.0244E-09 2.9283E-09 2.8336E-09 2.7420E-09 2.6527E-09 2.5660E-09 2.4806E-09 2.3998E-09 2.3209E-09 2.2457E-09 2.1730E-09 2.1036E-09 2.0373E-09 1.9731E-09 1.9111E-09 1.8511E-09 1.7932E-09 1.7372E-09 1.6832E-09 1.6309E-09 1.5805E-09 1.5319E-09 1.4849E-09 1.4395E-09 1.3926E-09
6.9175E-09 6.7672E-09 6.6235E-09 6.4905E-09 6.3608E-09 6.2334E-09 6.1067E-09 5.9815E-09 5.8567E-09 5.7322E-09 5.6014E-09 5.4632E-09 5.3365E-09 5.2181E-09 5.0993E-09 4.9798E-09 4.8579E-09 4.7376E-09 4.6195E-09 4.5011E-09 4.3833E-09 4.2660E-09 4.1481E-09 4.0304E-09 3.9153E-09 3.8022E-09 3.6904E-09 3.5786E-09 3.4693E-09 3.3629E-09 3.2587E-09 3.1562E-09 3.0555E-09 2.9586E-09 2.8637E-09 2.7709E-09 2.6809E-09 2.5937E-09 2.5086E-09 2.4272E-09 2.3469E-09 2.2711E-09 2.1978E-09 2.1279E-09 2.0610E-09 1.9964E-09 1.9339E-09 1.8734E-09 1.8150E-09 1.7585E-09 1.7040E-09 1.6513E-09 1.6005E-09 1.5514E-09 1.5039E-09 1.4582E-09 1.4108E-09
7.0068E-09 6.8536E-09 6.7063E-09 6.5700E-09 6.4381E-09 6.3078E-09 6.1781E-09 6.0494E-09 5.9220E-09 5.7951E-09 5.6653E-09 5.5291E-09 5.3919E-09 5.2719E-09 5.1511E-09 5.0303E-09 4.9073E-09 4.7845E-09 4.6648E-09 4.5448E-09 4.4255E-09 4.3068E-09 4.1874E-09 4.0691E-09 3.9520E-09 3.8377E-09 3.7249E-09 3.6127E-09 3.5019E-09 3.3946E-09 3.2896E-09 3.1863E-09 3.0855E-09 2.9873E-09 2.8918E-09 2.7990E-09 2.7078E-09 2.6201E-09 2.5344E-09 2.4526E-09 2.3726E-09 2.2954E-09 2.2216E-09 2.1512E-09 2.0839E-09 2.0188E-09 1.9559E-09 1.8950E-09 1.8361E-09 1.7792E-09 1.7243E-09 1.6712E-09 1.6199E-09 1.5704E-09 1.5226E-09 1.4764E-09 1.4286E-09
7.0921E-09 6.9344E-09 6.7838E-09 6.6442E-09 6.5095E-09 6.3763E-09 6.2448E-09 6.1134E-09 5.9826E-09 5.8543E-09 5.7224E-09 5.5879E-09 5.4460E-09 5.3216E-09 5.1993E-09 5.0769E-09 4.9531E-09 4.8286E-09 4.7065E-09 4.5852E-09 4.4644E-09 4.3444E-09 4.2244E-09 4.1041E-09 3.9859E-09 3.8706E-09 3.7569E-09 3.6438E-09 3.5329E-09 3.4242E-09 3.3190E-09 3.2144E-09 3.1130E-09 3.0142E-09 2.9181E-09 2.8249E-09 2.7342E-09 2.6452E-09 2.5590E-09 2.4767E-09 2.3963E-09 2.3195E-09 2.2453E-09 2.1736E-09 2.1059E-09 2.0404E-09 1.9770E-09 1.9158E-09 1.8566E-09 1.7993E-09 1.7440E-09 1.6905E-09 1.6389E-09 1.5890E-09 1.5408E-09 1.4943E-09 1.4461E-09
7.1695E-09 7.0089E-09 6.8556E-09 6.7129E-09 6.5754E-09 6.4392E-09 6.3053E-09 6.1715E-09 6.0383E-09 5.9080E-09 5.7764E-09 5.6373E-09 5.4958E-09 5.3671E-09 5.2432E-09 5.1195E-09 4.9940E-09 4.8690E-09 4.7446E-09 4.6220E-09 4.4999E-09 4.3786E-09 4.2575E-09 4.1369E-09 4.0169E-09 3.9008E-09 3.7863E-09 3.6725E-09 3.5609E-09 3.4515E-09 3.3456E-09 3.2411E-09 3.1385E-09 3.0392E-09 2.9434E-09 2.8491E-09 2.7581E-09 2.6696E-09 2.5831E-09 2.4995E-09 2.4195E-09 2.3416E-09 2.2670E-09 2.1949E-09 2.1269E-09 2.0611E-09 1.9974E-09 1.9358E-09 1.8763E-09 1.8187E-09 1.7630E-09 1.7093E-09 1.6573E-09 1.6071E-09 1.5586E-09 1.5118E-09 1.4633E-09
7.2425E-09 7.0770E-09 6.9210E-09 6.7755E-09 6.6352E-09 6.4974E-09 6.3611E-09 6.2241E-09 6.0899E-09 5.9566E-09 5.8241E-09 5.6847E-09 5.5439E-09 5.4081E-09 5.2829E-09 5.1578E-09 5.0316E-09 4.9046E-09 4.7788E-09 4.6551E-09 4.5318E-09 4.4095E-09 4.2874E-09 4.1658E-09 4.0458E-09 3.9281E-09 3.8130E-09 3.6992E-09 3.5870E-09 3.4763E-09 3.3700E-09 3.2650E-09 3.1626E-09 3.0630E-09 2.9663E-09 2.8724E-09 2.7804E-09 2.6917E-09 2.6049E-09 2.5210E-09 2.4407E-09 2.3624E-09 2.2876E-09 2.2152E-09 2.1470E-09 2.0809E-09 2.0170E-09 1.9551E-09 1.8953E-09 1.8374E-09 1.7815E-09 1.7274E-09 1.6752E-09 1.6247E-09 1.5759E-09 1.5288E-09 1.4800E-09
7.3139E-09 7.1397E-09 6.9798E-09 6.8314E-09 6.6897E-09 6.5486E-09 6.4101E-09 6.2710E-09 6.1349E-09 5.9998E-09 5.8657E-09 5.7278E-09 5.5847E-09 5.4470E-09 5.3179E-09 5.1917E-09 5.0642E-09 4.9369E-09 4.8090E-09 4.6843E-09 4.5600E-09 4.4367E-09 4.3138E-09 4.1915E-09 4.0707E-09 3.9526E-09 3.8369E-09 3.7226E-09 3.6099E-09 3.4994E-09 3.3921E-09 3.2868E-09 3.1841E-09 3.0842E-09 2.9873E-09 2.8932E-09 2.8011E-09 2.7122E-09 2.6251E-09 2.5411E-09 2.4606E-09 2.3821E-09 2.3071E-09 2.2345E-09 2.1660E-09 2.0998E-09 2.0356E-09 1.9735E-09 1.9135E-09 1.8554E-09 1.7993E-09 1.7450E-09 1.6925E-09 1.6418E-09 1.5928E-09 1.5454E-09 1.4981E-09
