Assets/Resources/2015_m01_d12_1700(utc+0800)_l00_csi_1hr_conc.grd
DSAA
         159         159
     -79.000      79.000
     -79.000      79.000
  0.0000E+00  0.1757E-05
[rows 0 to 24 of 159, columns 0 to 56 of 159]
1.3336E-10 1.3505E-10 1.3599E-10 1.3614E-10 1.3514E-10 1.3281E-10 1.2863E-10 1.2346E-10 1.1734E-10 1.1072E-10 1.0370E-10 9.6158E-11 8.8686E-11 8.1033E-11 7.3845E-11 6.6629E-11 5.9496E-11 5.1646E-11 4.1986E-11 3.1526E-11 2.1180E-11 1.2842E-11 7.5840E-12 4.9523E-12 3.3687E-12 1.4873E-12 6.4203E-13 1.1267E-13 0.0000E+00 0.0000E+00 0.0000E+00 0.0000E+00 0.0000E+00 0.0000E+00 0.0000E+00 0.0000E+00 0.0000E+00 0.0000E+00 0.0000E+00 0.0000E+00 0.0000E+00 0.0000E+00 0.0000E+00 0.0000E+00 0.0000E+00 0.0000E+00 0.0000E+00 0.0000E+00 0.0000E+00 0.0000E+00 0.0000E+00 0.0000E+00 0.0000E+00 0.0000E+00 0.0000E+00 0.0000E+00 0.0000E+00
1.6518E-10 1.6830E-10 1.7040E-10 1.7121E-10 1.7074E-10 1.6915E-10 1.6658E-10 1.6275E-10 1.5623E-10 1.4841E-10 1.4008E-10 1.3091E-10 1.2139E-10 1.1221E-10 1.0247E-10 9.3437E-11 8.5356E-11 7.5935E-11 6.5723E-11 5.5011E-11 4.3081E-11 2.9875E-11 2.0141E-11 1.2361E-11 8.2863E-12 5.7025E-12 3.3403E-12 1.9594E-12 7.3292E-13 0.0000E+00 0.0000E+00 0.0000E+00 0.0000E+00 0.0000E+00 0.0000E+00 0.0000E+00 0.0000E+00 0.0000E+00 0.0000E+00 0.0000E+00 0.0000E+00 0.0000E+00 0.0000E+00 0.0000E+00 0.0000E+00 0.0000E+00 0.0000E+00 0.0000E+00 0.0000E+00 0.0000E+00 0.0000E+00 0.0000E+00 0.0000E+00 0.0000E+00 0.0000E+00 0.0000E+00 0.0000E+00
2.0346E-10 2.0795E-10 2.1125E-10 2.1322E-10 2.1388E-10 2.1293E-10 2.1076E-10 2.0696E-10 2.0178E-10 1.9533E-10 1.8649E-10 1.7541E-10 1.6386E-10 1.5235E-10 1.4035E-10 1.2871E-10 1.1717E-10 1.0643E-10 9.4420E-11 8.2863E-11 7.0674E-11 5.4507E-11 4.0113E-11 2.8388E-11 1.8387E-11 1.2758E-11 9.2898E-12 6.3079E-12 4.1561E-12 1.6670E-12 0.0000E+00 0.0000E+00 0.0000E+00 0.0000E+00 0.0000E+00 0.0000E+00 0.0000E+00 0.0000E+00 0.0000E+00 0.0000E+00 0.0000E+00 0.0000E+00 0.0000E+00 0.0000E+00 0.0000E+00 0.0000E+00 0.0000E+00 0.0000E+00 0.0000E+00 0.0000E+00 0.0000E+00 0.0000E+00 0.0000E+00 0.0000E+00 0.0000E+00 0.0000E+00 0.0000E+00
2.4861E-10 2.5490E-10 2.5983E-10 2.6301E-10 2.6472E-10 2.6443E-10 2.6287E-10 2.5941E-10 2.5434E-10 2.4774E-10 2.3931E-10 2.2901E-10 2.1646E-10 2.0221E-10 1.8710E-10 1.7207E-10 1.5787E-10 1.4318E-10 1.2966E-10 1.1570E-10 1.0124E-10 8.5568E-11 6.7072E-11 5.0798E-11 3.6720E-11 2.4435E-11 1.5857E-11 1.2050E-11 8.6692E-12 5.9045E-12 3.9657E-12 2.4760E-13 0.0000E+00 0.0000E+00 0.0000E+00 0.0000E+00 0.0000E+00 0.0000E+00 0.0000E+00 0.0000E+00 0.0000E+00 0.0000E+00 0.0000E+00 0.0000E+00 0.0000E+00 0.0000E+00 0.0000E+00 0.0000E+00 0.0000E+00 0.0000E+00 0.0000E+00 0.0000E+00 0.0000E+00 0.0000E+00 0.0000E+00 0.0000E+00 0.0000E+00
3.0068E-10 3.0885E-10 3.1552E-10 3.2011E-10 3.2318E-10 3.2412E-10 3.2336E-10 3.2009E-10 3.1466E-10 3.0760E-10 2.9884E-10 2.8826E-10 2.7627E-10 2.6135E-10 2.4513E-10 2.2778E-10 2.1045E-10 1.9245E-10 1.7590E-10 1.5910E-10 1.4195E-10 1.2368E-10 1.0572E-10 8.5362E-11 6.6205E-11 4.8452E-11 3.4498E-11 2.3547E-11 1.8120E-11 1.3437E-11 1.0072E-11 6.7573E-12 2.0599E-12 0.0000E+00 0.0000E+00 0.0000E+00 0.0000E+00 0.0000E+00 0.0000E+00 0.0000E+00 0.0000E+00 0.0000E+00 0.0000E+00 0.0000E+00 0.0000E+00 0.0000E+00 0.0000E+00 0.0000E+00 0.0000E+00 0.0000E+00 0.0000E+00 0.0000E+00 0.0000E+00 0.0000E+00 0.0000E+00 0.0000E+00 0.0000E+00
3.6074E-10 3.7083E-10 3.7943E-10 3.8596E-10 3.9072E-10 3.9284E-10 3.9256E-10 3.9017E-10 3.8553E-10 3.7842E-10 3.6878E-10 3.5689E-10 3.4385E-10 3.2898E-10 3.1187E-10 2.9346E-10 2.7381E-10 2.5299E-10 2.3209E-10 2.1144E-10 1.9187E-10 1.7156E-10 1.5058E-10 1.3019E-10 1.0575E-10 8.4613E-11 6.3769E-11 4.5900E-11 3.2000E-11 2.5210E-11 1.9766E-11 1.4620E-11 9.6756E-12 4.3422E-12 8.6599E-13 0.0000E+00 0.0000E+00 0.0000E+00 0.0000E+00 0.0000E+00 0.0000E+00 0.0000E+00 0.0000E+00 0.0000E+00 0.0000E+00 0.0000E+00 0.0000E+00 0.0000E+00 0.0000E+00 0.0000E+00 0.0000E+00 0.0000E+00 0.0000E+00 0.0000E+00 0.0000E+00 0.0000E+00 0.0000E+00
4.2944E-10 4.4230E-10 4.5325E-10 4.6179E-10 4.6771E-10 4.7158E-10 4.7313E-10 4.7173E-10 4.6706E-10 4.5964E-10 4.5004E-10 4.3778E-10 4.2334E-10 4.0630E-10 3.8732E-10 3.6676E-10 3.4456E-10 3.2108E-10 2.9649E-10 2.7120E-10 2.4609E-10 2.2305E-10 1.9979E-10 1.7504E-10 1.5121E-10 1.2568E-10 1.0039E-10 7.6205E-11 5.4206E-11 3.8221E-11 3.0210E-11 2.3800E-11 1.8211E-11 1.3982E-11 6.2845E-12 1.7766E-12 5.1659E-13 0.0000E+00 0.0000E+00 0.0000E+00 0.0000E+00 0.0000E+00 0.0000E+00 0.0000E+00 0.0000E+00 0.0000E+00 0.0000E+00 0.0000E+00 0.0000E+00 0.0000E+00 0.0000E+00 0.0000E+00 0.0000E+00 0.0000E+00 0.0000E+00 0.0000E+00 0.0000E+00
5.0809E-10 5.2401E-10 5.3753E-10 5.4852E-10 5.5730E-10 5.6304E-10 5.6546E-10 5.6472E-10 5.6138E-10 5.5475E-10 5.4473E-10 5.3101E-10 5.1505E-10 4.9681E-10 4.7611E-10 4.5423E-10 4.2998E-10 4.0443E-10 3.7634E-10 3.4735E-10 3.1847E-10 2.8803E-10 2.6043E-10 2.3248E-10 2.0604E-10 1.7836E-10 1.4929E-10 1.2204E-10 9.4407E-11 6.9447E-11 4.9311E-11 3.8793E-11 3.1137E-11 2.4312E-11 1.8412E-11 9.7298E-12 1.9050E-12 8.3155E-13 0.0000E+00 0.0000E+00 0.0000E+00 0.0000E+00 0.0000E+00 0.0000E+00 0.0000E+00 0.0000E+00 0.0000E+00 0.0000E+00 0.0000E+00 0.0000E+00 0.0000E+00 0.0000E+00 0.0000E+00 0.0000E+00 0.0000E+00 0.0000E+00 0.0000E+00
5.9711E-10 6.1658E-10 6.3375E-10 6.4827E-10 6.5947E-10 6.6710E-10 6.7188E-10 6.7312E-10 6.7039E-10 6.6346E-10 6.5346E-10 6.4008E-10 6.2333E-10 6.0321E-10 5.7968E-10 5.5495E-10 5.2827E-10 5.0002E-10 4.7038E-10 4.3841E-10 4.0494E-10 3.6973E-10 3.3527E-10 3.0228E-10 2.7047E-10 2.3991E-10 2.1065E-10 1.7811E-10 1.4642E-10 1.1383E-10 8.8061E-11 6.2064E-11 4.9632E-11 4.0873E-11 3.2193E-11 2.4015E-11 1.3528E-11 2.8992E-12 1.4282E-12 0.0000E+00 0.0000E+00 0.0000E+00 0.0000E+00 0.0000E+00 0.0000E+00 0.0000E+00 0.0000E+00 0.0000E+00 0.0000E+00 0.0000E+00 0.0000E+00 0.0000E+00 0.0000E+00 0.0000E+00 0.0000E+00 0.0000E+00 0.0000E+00
6.9739E-10 7.2169E-10 7.4293E-10 7.6089E-10 7.7535E-10 7.8668E-10 7.9365E-10 7.9640E-10 7.9469E-10 7.8923E-10 7.7948E-10 7.6542E-10 7.4679E-10 7.2534E-10 7.0056E-10 6.7326E-10 6.4296E-10 6.0985E-10 5.7561E-10 5.3968E-10 5.0243E-10 4.6323E-10 4.2283E-10 3.8348E-10 3.4443E-10 3.0737E-10 2.7218E-10 2.4081E-10 2.0527E-10 1.6978E-10 1.3421E-10 1.0522E-10 7.6504E-11 5.9611E-11 4.9014E-11 3.9918E-11 3.0740E-11 1.6987E-11 3.0345E-12 1.7192E-12 0.0000E+00 0.0000E+00 0.0000E+00 0.0000E+00 0.0000E+00 0.0000E+00 0.0000E+00 0.0000E+00 0.0000E+00 0.0000E+00 0.0000E+00 0.0000E+00 0.0000E+00 0.0000E+00 0.0000E+00 0.0000E+00 0.0000E+00
8.1025E-10 8.3929E-10 8.6529E-10 8.8794E-10 9.0668E-10 9.2157E-10 9.3103E-10 9.3674E-10 9.3720E-10 9.3313E-10 9.2298E-10 9.0873E-10 8.9020E-10 8.6724E-10 8.3964E-10 8.0846E-10 7.7538E-10 7.3923E-10 7.0121E-10 6.5976E-10 6.1668E-10 5.7227E-10 5.2604E-10 4.8027E-10 4.3428E-10 3.9003E-10 3.4716E-10 3.0679E-10 2.7194E-10 2.3525E-10 1.9450E-10 1.5566E-10 1.2218E-10 9.1836E-11 7.0889E-11 5.7011E-11 4.7068E-11 3.6323E-11 2.1942E-11 4.6569E-12 2.2276E-12 2.4200E-14 0.0000E+00 0.0000E+00 0.0000E+00 0.0000E+00 0.0000E+00 0.0000E+00 0.0000E+00 0.0000E+00 0.0000E+00 0.0000E+00 0.0000E+00 0.0000E+00 0.0000E+00 0.0000E+00 0.0000E+00
9.3541E-10 9.7024E-10 1.0022E-09 1.0301E-09 1.0538E-09 1.0724E-09 1.0863E-09 1.0954E-09 1.0981E-09 1.0949E-09 1.0869E-09 1.0734E-09 1.0538E-09 1.0283E-09 9.9953E-10 9.6668E-10 9.3040E-10 8.8885E-10 8.4521E-10 7.9900E-10 7.5119E-10 7.0140E-10 6.5013E-10 5.9744E-10 5.4484E-10 4.9312E-10 4.4249E-10 3.9492E-10 3.4909E-10 3.0961E-10 2.6971E-10 2.2658E-10 1.8475E-10 1.4617E-10 1.1276E-10 8.7920E-11 7.0646E-11 5.8420E-11 4.4522E-11 2.4548E-11 6.6142E-12 2.4668E-12 0.0000E+00 0.0000E+00 0.0000E+00 0.0000E+00 0.0000E+00 0.0000E+00 0.0000E+00 0.0000E+00 0.0000E+00 0.0000E+00 0.0000E+00 0.0000E+00 0.0000E+00 0.0000E+00 0.0000E+00
1.0733E-09 1.1153E-09 1.1537E-09 1.1879E-09 1.2167E-09 1.2413E-09 1.2601E-09 1.2721E-09 1.2782E-09 1.2786E-09 1.2722E-09 1.2580E-09 1.2389E-09 1.2140E-09 1.1838E-09 1.1470E-09 1.1067E-09 1.0623E-09 1.0145E-09 9.6251E-10 9.0679E-10 8.4935E-10 7.9103E-10 7.3193E-10 6.7236E-10 6.1214E-10 5.5358E-10 4.9613E-10 4.4275E-10 3.9200E-10 3.4750E-10 3.0403E-10 2.5740E-10 2.1333E-10 1.6949E-10 1.3130E-10 1.0425E-10 8.4600E-11 6.9885E-11 5.3684E-11 2.9682E-11 8.7995E-12 2.7993E-12 0.0000E+00 0.0000E+00 0.0000E+00 0.0000E+00 0.0000E+00 0.0000E+00 0.0000E+00 0.0000E+00 0.0000E+00 0.0000E+00 0.0000E+00 0.0000E+00 0.0000E+00 0.0000E+00
1.2246E-09 1.2746E-09 1.3202E-09 1.3612E-09 1.3975E-09 1.4283E-09 1.4512E-09 1.4692E-09 1.4799E-09 1.4828E-09 1.4779E-09 1.4672E-09 1.4492E-09 1.4229E-09 1.3903E-09 1.3531E-09 1.3103E-09 1.2616E-09 1.2071E-09 1.1494E-09 1.0880E-09 1.0241E-09 9.5720E-10 8.8843E-10 8.1973E-10 7.5021E-10 6.8217E-10 6.1553E-10 5.5142E-10 4.9119E-10 4.3506E-10 3.8530E-10 3.3548E-10 2.8625E-10 2.3799E-10 1.9090E-10 1.4917E-10 1.1782E-10 9.5966E-11 8.0421E-11 6.0800E-11 3.4374E-11 1.1864E-11 2.5347E-12 0.0000E+00 0.0000E+00 0.0000E+00 0.0000E+00 0.0000E+00 0.0000E+00 0.0000E+00 0.0000E+00 0.0000E+00 0.0000E+00 0.0000E+00 0.0000E+00 0.0000E+00
1.3893E-09 1.4475E-09 1.5016E-09 1.5514E-09 1.5952E-09 1.6320E-09 1.6631E-09 1.6868E-09 1.7013E-09 1.7089E-09 1.7089E-09 1.7002E-09 1.6819E-09 1.6571E-09 1.6254E-09 1.5862E-09 1.5391E-09 1.4865E-09 1.4284E-09 1.3650E-09 1.2956E-09 1.2226E-09 1.1474E-09 1.0709E-09 9.9317E-10 9.1518E-10 8.3636E-10 7.5915E-10 6.8420E-10 6.1242E-10 5.4543E-10 4.8384E-10 4.2831E-10 3.7415E-10 3.1942E-10 2.6681E-10 2.1544E-10 1.7000E-10 1.3413E-10 1.1104E-10 9.2129E-11 6.8649E-11 3.7448E-11 1.3638E-11 1.9672E-12 0.0000E+00 0.0000E+00 0.0000E+00 0.0000E+00 0.0000E+00 0.0000E+00 0.0000E+00 0.0000E+00 0.0000E+00 0.0000E+00 0.0000E+00 0.0000E+00
1.5663E-09 1.6343E-09 1.6984E-09 1.7571E-09 1.8090E-09 1.8552E-09 1.8938E-09 1.9230E-09 1.9452E-09 1.9586E-09 1.9623E-09 1.9560E-09 1.9419E-09 1.9188E-09 1.8860E-09 1.8449E-09 1.7969E-09 1.7413E-09 1.6781E-09 1.6073E-09 1.5322E-09 1.4519E-09 1.3684E-09 1.2808E-09 1.1919E-09 1.1037E-09 1.0152E-09 9.2818E-10 8.4248E-10 7.5910E-10 6.7913E-10 6.0529E-10 5.3794E-10 4.7548E-10 4.1658E-10 3.5597E-10 2.9815E-10 2.4086E-10 1.9373E-10 1.5363E-10 1.2843E-10 1.0651E-10 7.9575E-11 4.4044E-11 1.7566E-11 1.6580E-12 0.0000E+00 0.0000E+00 0.0000E+00 0.0000E+00 0.0000E+00 0.0000E+00 0.0000E+00 0.0000E+00 0.0000E+00 0.0000E+00 0.0000E+00
1.7554E-09 1.8347E-09 1.9094E-09 1.9774E-09 2.0403E-09 2.0958E-09 2.1420E-09 2.1807E-09 2.2105E-09 2.2295E-09 2.2386E-09 2.2385E-09 2.2278E-09 2.2052E-09 2.1738E-09 2.1337E-09 2.0838E-09 2.0242E-09 1.9568E-09 1.8820E-09 1.8003E-09 1.7110E-09 1.6182E-09 1.5215E-09 1.4227E-09 1.3227E-09 1.2215E-09 1.1213E-09 1.0227E-09 9.2744E-10 8.3495E-10 7.4808E-10 6.6661E-10 5.9252E-10 5.2278E-10 4.5653E-10 3.9054E-10 3.2781E-10 2.6780E-10 2.1558E-10 1.7185E-10 1.4513E-10 1.2113E-10 9.0065E-11 5.0651E-11 2.2172E-11 1.8836E-12 0.0000E+00 0.0000E+00 0.0000E+00 0.0000E+00 0.0000E+00 0.0000E+00 0.0000E+00 0.0000E+00 0.0000E+00 0.0000E+00
1.9563E-09 2.0475E-09 2.1326E-09 2.2132E-09 2.2872E-09 2.3517E-09 2.4093E-09 2.4578E-09 2.4951E-09 2.5222E-09 2.5394E-09 2.5447E-09 2.5370E-09 2.5190E-09 2.4903E-09 2.4502E-09 2.3987E-09 2.3386E-09 2.2679E-09 2.1878E-09 2.0987E-09 2.0036E-09 1.9020E-09 1.7953E-09 1.6842E-09 1.5716E-09 1.4586E-09 1.3457E-09 1.2341E-09 1.1238E-09 1.0176E-09 9.1543E-10 8.1982E-10 7.3052E-10 6.4824E-10 5.7094E-10 4.9682E-10 4.2450E-10 3.5689E-10 2.9391E-10 2.3730E-10 1.8998E-10 1.5967E-10 1.3217E-10 9.7802E-11 5.6568E-11 2.5301E-11 4.0338E-12 0.0000E+00 0.0000E+00 0.0000E+00 0.0000E+00 0.0000E+00 0.0000E+00 0.0000E+00 0.0000E+00 0.0000E+00
2.1673E-09 2.2700E-09 2.3689E-09 2.4620E-09 2.5467E-09 2.6244E-09 2.6936E-09 2.7515E-09 2.7992E-09 2.8366E-09 2.8613E-09 2.8724E-09 2.8721E-09 2.8592E-09 2.8323E-09 2.7945E-09 2.7445E-09 2.6832E-09 2.6088E-09 2.5255E-09 2.4320E-09 2.3298E-09 2.2184E-09 2.1024E-09 1.9806E-09 1.8558E-09 1.7288E-09 1.6014E-09 1.4758E-09 1.3517E-09 1.2311E-09 1.1142E-09 1.0029E-09 8.9859E-10 8.0093E-10 7.1054E-10 6.2426E-10 5.4241E-10 4.6335E-10 3.9071E-10 3.2557E-10 2.6395E-10 2.1348E-10 1.7919E-10 1.4744E-10 1.0781E-10 6.3676E-11 2.9680E-11 6.7847E-12 0.0000E+00 0.0000E+00 0.0000E+00 0.0000E+00 0.0000E+00 0.0000E+00 0.0000E+00 0.0000E+00
2.3858E-09 2.5027E-09 2.6155E-09 2.7209E-09 2.8198E-09 2.9108E-09 2.9914E-09 3.0616E-09 3.1218E-09 3.1688E-09 3.2020E-09 3.2231E-09 3.2303E-09 3.2217E-09 3.2009E-09 3.1667E-09 3.1182E-09 3.0562E-09 2.9824E-09 2.8961E-09 2.7976E-09 2.6886E-09 2.5706E-09 2.4449E-09 2.3116E-09 2.1742E-09 2.0340E-09 1.8929E-09 1.7517E-09 1.6114E-09 1.4750E-09 1.3424E-09 1.2152E-09 1.0945E-09 9.8175E-10 8.7551E-10 7.7576E-10 6.8104E-10 5.9026E-10 5.0492E-10 4.2743E-10 3.5670E-10 2.9271E-10 2.3948E-10 2.0140E-10 1.6473E-10 1.2090E-10 7.2201E-11 3.6030E-11 9.2133E-12 6.0463E-13 0.0000E+00 0.0000E+00 0.0000E+00 0.0000E+00 0.0000E+00 0.0000E+00
2.6107E-09 2.7427E-09 2.8694E-09 2.9893E-09 3.1031E-09 3.2076E-09 3.3017E-09 3.3862E-09 3.4583E-09 3.5161E-09 3.5617E-09 3.5926E-09 3.6073E-09 3.6076E-09 3.5933E-09 3.5633E-09 3.5181E-09 3.4591E-09 3.3853E-09 3.2965E-09 3.1955E-09 3.0820E-09 2.9570E-09 2.8214E-09 2.6790E-09 2.5297E-09 2.3759E-09 2.2192E-09 2.0626E-09 1.9072E-09 1.7535E-09 1.6039E-09 1.4579E-09 1.3194E-09 1.1887E-09 1.0647E-09 9.4868E-10 8.3856E-10 7.3433E-10 6.3544E-10 5.4343E-10 4.6059E-10 3.8487E-10 3.1759E-10 2.6083E-10 2.1729E-10 1.7556E-10 1.2958E-10 7.8294E-11 3.8737E-11 1.1953E-11 1.2840E-12 2.1719E-13 0.0000E+00 0.0000E+00 0.0000E+00 0.0000E+00
2.8403E-09 2.9872E-09 3.1284E-09 3.2647E-09 3.3934E-09 3.5121E-09 3.6222E-09 3.7209E-09 3.8055E-09 3.8776E-09 3.9358E-09 3.9767E-09 4.0029E-09 4.0127E-09 4.0056E-09 3.9822E-09 3.9431E-09 3.8874E-09 3.8146E-09 3.7274E-09 3.6243E-09 3.5066E-09 3.3759E-09 3.2340E-09 3.0818E-09 2.9204E-09 2.7539E-09 2.5838E-09 2.4115E-09 2.2390E-09 2.0674E-09 1.9009E-09 1.7377E-09 1.5814E-09 1.4314E-09 1.2899E-09 1.1554E-09 1.0283E-09 9.0805E-10 7.9398E-10 6.8704E-10 5.8879E-10 4.9933E-10 4.1893E-10 3.4763E-10 2.8728E-10 2.3802E-10 1.9059E-10 1.4003E-10 8.6291E-11 4.6512E-11 1.3687E-11 1.9800E-12 9.0942E-13 0.0000E+00 0.0000E+00 0.0000E+00
3.0713E-09 3.2328E-09 3.3908E-09 3.5431E-09 3.6867E-09 3.8225E-09 3.9484E-09 4.0610E-09 4.1616E-09 4.2486E-09 4.3191E-09 4.3738E-09 4.4122E-09 4.4322E-09 4.4350E-09 4.4208E-09 4.3884E-09 4.3370E-09 4.2694E-09 4.1839E-09 4.0801E-09 3.9614E-09 3.8274E-09 3.6789E-09 3.5178E-09 3.3476E-09 3.1696E-09 2.9847E-09 2.7969E-09 2.6082E-09 2.4212E-09 2.2353E-09 2.0532E-09 1.8771E-09 1.7093E-09 1.5498E-09 1.3973E-09 1.2526E-09 1.1152E-09 9.8418E-10 8.6132E-10 7.4586E-10 6.4085E-10 5.4500E-10 4.5939E-10 3.8371E-10 3.1934E-10 2.6438E-10 2.0996E-10 1.5506E-10 9.9085E-11 5.5142E-11 1.1527E-11 2.7758E-12 1.3764E-12 0.0000E+00 0.0000E+00
3.3001E-09 3.4777E-09 3.6525E-09 3.8204E-09 3.9811E-09 4.1341E-09 4.2753E-09 4.4045E-09 4.5216E-09 4.6233E-09 4.7089E-09 4.7787E-09 4.8298E-09 4.8624E-09 4.8774E-09 4.8729E-09 4.8486E-09 4.8061E-09 4.7438E-09 4.6614E-09 4.5615E-09 4.4427E-09 4.3061E-09 4.1534E-09 3.9873E-09 3.8085E-09 3.6186E-09 3.4220E-09 3.2209E-09 3.0167E-09 2.8114E-09 2.6080E-09 2.4084E-09 2.2127E-09 2.0240E-09 1.8431E-09 1.6700E-09 1.5053E-09 1.3485E-09 1.1993E-09 1.0577E-09 9.2463E-10 8.0119E-10 6.8802E-10 5.8544E-10 4.9433E-10 4.1294E-10 3.4405E-10 2.8179E-10 2.2073E-10 1.6328E-10 1.0786E-10 5.9979E-11 1.0574E-11 3.4319E-12 1.8566E-12 0.0000E+00
3.5238E-09 3.7185E-09 3.9094E-09 4.0937E-09 4.2722E-09 4.4416E-09 4.5993E-09 4.7465E-09 4.8800E-09 4.9975E-09 5.1001E-09 5.1849E-09 5.2507E-09 5.2985E-09 5.3262E-09 5.3330E-09 5.3205E-09 5.2872E-09 5.2320E-09 5.1574E-09 5.0619E-09 4.9445E-09 4.8090E-09 4.6555E-09 4.4843E-09 4.2984E-09 4.1015E-09 3.8948E-09 3.6796E-09 3.4609E-09 3.2410E-09 3.0209E-09 2.8022E-09 2.5860E-09 2.3783E-09 2.1770E-09 1.9846E-09 1.7984E-09 1.6204E-09 1.4511E-09 1.2890E-09 1.1368E-09 9.9360E-10 8.6139E-10 7.4052E-10 6.3090E-10 5.3372E-10 4.4593E-10 3.7023E-10 3.0099E-10 2.3381E-10 1.7366E-10 1.1591E-10 6.9706E-11 1.0004E-11 4.2868E-12 2.3195E-12
