Assets/Resources/2015_m01_d20_1400(utc+0800)_l00_csi_1hr_conc.grd
DSAA
         159         159
     -79.000      79.000
     -79.000      79.000
  0.4568E-09  0.3706E-05
[rows 0 to 24 of 159, columns 0 to 56 of 159]
8.0454E-10 8.1880E-10 8.3301E-10 8.4737E-10 8.6208E-10 8.7645E-10 8.9123E-10 9.0624E-10 9.2123E-10 9.3643E-10 9.5128E-10 9.6726E-10 9.8258E-10 9.9801E-10 1.0139E-09 1.0293E-09 1.0456E-09 1.0614E-09 1.0770E-09 1.0931E-09 1.1088E-09 1.1252E-09 1.1410E-09 1.1570E-09 1.1733E-09 1.1889E-09 1.2056E-09 1.2212E-09 1.2374E-09 1.2534E-09 1.2690E-09 1.2851E-09 1.3008E-09 1.3165E-09 1.3319E-09 1.3471E-09 1.3627E-09 1.3777E-09 1.3927E-09 1.4081E-09 1.4227E-09 1.4378E-09 1.4520E-09 1.4662E-09 1.4808E-09 1.4948E-09 1.5087E-09 1.5225E-09 1.5356E-09 1.5490E-09 1.5619E-09 1.5746E-09 1.5870E-09 1.5994E-09 1.6110E-09 1.6227E-09 1.6338E-09
8.1603E-10 8.3037E-10 8.4486E-10 8.5970E-10 8.7421E-10 8.8914E-10 9.0431E-10 9.1946E-10 9.3484E-10 9.4987E-10 9.6605E-10 9.8157E-10 9.9720E-10 1.0133E-09 1.0290E-09 1.0454E-09 1.0615E-09 1.0774E-09 1.0937E-09 1.1102E-09 1.1264E-09 1.1425E-09 1.1587E-09 1.1754E-09 1.1913E-09 1.2083E-09 1.2242E-09 1.2408E-09 1.2572E-09 1.2732E-09 1.2898E-09 1.3056E-09 1.3218E-09 1.3375E-09 1.3532E-09 1.3693E-09 1.3847E-09 1.4006E-09 1.4160E-09 1.4310E-09 1.4466E-09 1.4614E-09 1.4765E-09 1.4914E-09 1.5057E-09 1.5203E-09 1.5345E-09 1.5484E-09 1.5625E-09 1.5760E-09 1.5891E-09 1.6023E-09 1.6150E-09 1.6275E-09 1.6399E-09 1.6517E-09 1.6634E-09
8.2738E-10 8.4199E-10 8.5680E-10 8.7160E-10 8.8666E-10 9.0198E-10 9.1728E-10 9.3282E-10 9.4802E-10 9.6438E-10 9.8009E-10 9.9592E-10 1.0123E-09 1.0286E-09 1.0448E-09 1.0611E-09 1.0772E-09 1.0941E-09 1.1105E-09 1.1270E-09 1.1433E-09 1.1599E-09 1.1768E-09 1.1936E-09 1.2103E-09 1.2266E-09 1.2435E-09 1.2602E-09 1.2768E-09 1.2936E-09 1.3098E-09 1.3263E-09 1.3425E-09 1.3589E-09 1.3751E-09 1.3909E-09 1.4073E-09 1.4231E-09 1.4390E-09 1.4547E-09 1.4700E-09 1.4858E-09 1.5010E-09 1.5159E-09 1.5313E-09 1.5458E-09 1.5605E-09 1.5751E-09 1.5890E-09 1.6032E-09 1.6168E-09 1.6300E-09 1.6433E-09 1.6560E-09 1.6687E-09 1.6808E-09 1.6929E-09
8.3861E-10 8.5369E-10 8.6862E-10 8.8381E-10 8.9926E-10 9.1470E-10 9.3038E-10 9.4574E-10 9.6227E-10 9.7816E-10 9.9418E-10 1.0107E-09 1.0272E-09 1.0437E-09 1.0602E-09 1.0765E-09 1.0937E-09 1.1103E-09 1.1270E-09 1.1437E-09 1.1605E-09 1.1777E-09 1.1948E-09 1.2118E-09 1.2285E-09 1.2456E-09 1.2627E-09 1.2796E-09 1.2967E-09 1.3135E-09 1.3302E-09 1.3468E-09 1.3638E-09 1.3802E-09 1.3965E-09 1.4133E-09 1.4295E-09 1.4462E-09 1.4621E-09 1.4778E-09 1.4944E-09 1.5099E-09 1.5257E-09 1.5412E-09 1.5562E-09 1.5718E-09 1.5867E-09 1.6013E-09 1.6159E-09 1.6302E-09 1.6442E-09 1.6582E-09 1.6716E-09 1.6849E-09 1.6977E-09 1.7103E-09 1.7226E-09
8.5022E-10 8.6526E-10 8.8058E-10 8.9615E-10 9.1172E-10 9.2738E-10 9.4304E-10 9.5972E-10 9.7577E-10 9.9197E-10 1.0087E-09 1.0254E-09 1.0420E-09 1.0588E-09 1.0753E-09 1.0924E-09 1.1096E-09 1.1266E-09 1.1434E-09 1.1605E-09 1.1780E-09 1.1954E-09 1.2127E-09 1.2297E-09 1.2471E-09 1.2645E-09 1.2818E-09 1.2992E-09 1.3165E-09 1.3334E-09 1.3504E-09 1.3678E-09 1.3846E-09 1.4017E-09 1.4185E-09 1.4352E-09 1.4523E-09 1.4686E-09 1.4852E-09 1.5019E-09 1.5179E-09 1.5346E-09 1.5503E-09 1.5658E-09 1.5823E-09 1.5975E-09 1.6128E-09 1.6281E-09 1.6427E-09 1.6576E-09 1.6723E-09 1.6862E-09 1.7003E-09 1.7138E-09 1.7271E-09 1.7400E-09 1.7525E-09
8.6156E-10 8.7698E-10 8.9266E-10 9.0836E-10 9.2414E-10 9.3994E-10 9.5675E-10 9.7295E-10 9.8931E-10 1.0062E-09 1.0226E-09 1.0399E-09 1.0569E-09 1.0738E-09 1.0909E-09 1.1083E-09 1.1255E-09 1.1426E-09 1.1601E-09 1.1777E-09 1.1954E-09 1.2130E-09 1.2303E-09 1.2481E-09 1.2656E-09 1.2832E-09 1.3010E-09 1.3187E-09 1.3361E-09 1.3533E-09 1.3710E-09 1.3883E-09 1.4058E-09 1.4232E-09 1.4401E-09 1.4576E-09 1.4744E-09 1.4919E-09 1.5087E-09 1.5252E-09 1.5423E-09 1.5586E-09 1.5752E-09 1.5916E-09 1.6074E-09 1.6236E-09 1.6392E-09 1.6545E-09 1.6702E-09 1.6852E-09 1.7001E-09 1.7145E-09 1.7287E-09 1.7430E-09 1.7565E-09 1.7695E-09 1.7826E-09
8.7302E-10 8.8881E-10 9.0462E-10 9.2052E-10 9.3643E-10 9.5337E-10 9.6971E-10 9.8621E-10 1.0033E-09 1.0199E-09 1.0373E-09 1.0544E-09 1.0716E-09 1.0889E-09 1.1061E-09 1.1239E-09 1.1413E-09 1.1590E-09 1.1769E-09 1.1948E-09 1.2126E-09 1.2302E-09 1.2483E-09 1.2662E-09 1.2841E-09 1.3022E-09 1.3202E-09 1.3380E-09 1.3556E-09 1.3736E-09 1.3912E-09 1.4092E-09 1.4269E-09 1.4446E-09 1.4622E-09 1.4795E-09 1.4974E-09 1.5147E-09 1.5316E-09 1.5493E-09 1.5660E-09 1.5834E-09 1.6002E-09 1.6164E-09 1.6335E-09 1.6494E-09 1.6658E-09 1.6819E-09 1.6972E-09 1.7130E-09 1.7281E-09 1.7428E-09 1.7576E-09 1.7718E-09 1.7858E-09 1.7996E-09 1.8126E-09
8.8460E-10 9.0050E-10 9.1651E-10 9.3254E-10 9.4960E-10 9.6605E-10 9.8268E-10 9.9987E-10 1.0166E-09 1.0342E-09 1.0515E-09 1.0687E-09 1.0864E-09 1.1037E-09 1.1218E-09 1.1394E-09 1.1574E-09 1.1755E-09 1.1936E-09 1.2117E-09 1.2297E-09 1.2480E-09 1.2663E-09 1.2843E-09 1.3027E-09 1.3211E-09 1.3391E-09 1.3573E-09 1.3755E-09 1.3935E-09 1.4120E-09 1.4299E-09 1.4480E-09 1.4661E-09 1.4837E-09 1.5023E-09 1.5198E-09 1.5379E-09 1.5554E-09 1.5726E-09 1.5908E-09 1.6078E-09 1.6253E-09 1.6422E-09 1.6587E-09 1.6760E-09 1.6924E-09 1.7083E-09 1.7247E-09 1.7405E-09 1.7561E-09 1.7716E-09 1.7862E-09 1.8011E-09 1.8154E-09 1.8294E-09 1.8436E-09
8.9587E-10 9.1185E-10 9.2827E-10 9.4543E-10 9.6200E-10 9.7874E-10 9.9606E-10 1.0129E-09 1.0307E-09 1.0482E-09 1.0655E-09 1.0834E-09 1.1009E-09 1.1192E-09 1.1370E-09 1.1552E-09 1.1735E-09 1.1914E-09 1.2102E-09 1.2285E-09 1.2470E-09 1.2655E-09 1.2839E-09 1.3026E-09 1.3213E-09 1.3396E-09 1.3581E-09 1.3766E-09 1.3952E-09 1.4138E-09 1.4322E-09 1.4509E-09 1.4691E-09 1.4875E-09 1.5062E-09 1.5242E-09 1.5429E-09 1.5607E-09 1.5784E-09 1.5971E-09 1.6146E-09 1.6329E-09 1.6501E-09 1.6672E-09 1.6852E-09 1.7020E-09 1.7189E-09 1.7358E-09 1.7519E-09 1.7685E-09 1.7843E-09 1.7999E-09 1.8155E-09 1.8302E-09 1.8452E-09 1.8598E-09 1.8735E-09
9.0711E-10 9.2362E-10 9.4016E-10 9.5726E-10 9.7424E-10 9.9153E-10 1.0088E-09 1.0267E-09 1.0443E-09 1.0618E-09 1.0799E-09 1.0976E-09 1.1160E-09 1.1340E-09 1.1523E-09 1.1709E-09 1.1891E-09 1.2081E-09 1.2266E-09 1.2454E-09 1.2642E-09 1.2828E-09 1.3018E-09 1.3208E-09 1.3394E-09 1.3583E-09 1.3771E-09 1.3960E-09 1.4150E-09 1.4337E-09 1.4528E-09 1.4715E-09 1.4904E-09 1.5093E-09 1.5278E-09 1.5469E-09 1.5652E-09 1.5838E-09 1.6025E-09 1.6206E-09 1.6393E-09 1.6571E-09 1.6752E-09 1.6934E-09 1.7106E-09 1.7285E-09 1.7457E-09 1.7624E-09 1.7799E-09 1.7961E-09 1.8126E-09 1.8286E-09 1.8440E-09 1.8600E-09 1.8751E-09 1.8895E-09 1.9045E-09
9.1861E-10 9.3523E-10 9.5243E-10 9.6905E-10 9.8690E-10 1.0043E-09 1.0216E-09 1.0396E-09 1.0576E-09 1.0756E-09 1.0937E-09 1.1119E-09 1.1305E-09 1.1490E-09 1.1678E-09 1.1862E-09 1.2055E-09 1.2240E-09 1.2430E-09 1.2623E-09 1.2811E-09 1.3005E-09 1.3197E-09 1.3386E-09 1.3577E-09 1.3769E-09 1.3962E-09 1.4154E-09 1.4345E-09 1.4539E-09 1.4730E-09 1.4925E-09 1.5117E-09 1.5305E-09 1.5501E-09 1.5688E-09 1.5884E-09 1.6071E-09 1.6256E-09 1.6449E-09 1.6632E-09 1.6821E-09 1.7005E-09 1.7184E-09 1.7371E-09 1.7546E-09 1.7724E-09 1.7900E-09 1.8069E-09 1.8241E-09 1.8408E-09 1.8574E-09 1.8738E-09 1.8893E-09 1.9051E-09 1.9202E-09 1.9347E-09
9.2994E-10 9.4722E-10 9.6394E-10 9.8186E-10 9.9937E-10 1.0167E-09 1.0349E-09 1.0526E-09 1.0711E-09 1.0894E-09 1.1077E-09 1.1264E-09 1.1452E-09 1.1639E-09 1.1828E-09 1.2018E-09 1.2210E-09 1.2402E-09 1.2597E-09 1.2788E-09 1.2985E-09 1.3179E-09 1.3369E-09 1.3565E-09 1.3760E-09 1.3956E-09 1.4152E-09 1.4346E-09 1.4543E-09 1.4738E-09 1.4936E-09 1.5132E-09 1.5327E-09 1.5525E-09 1.5716E-09 1.5916E-09 1.6108E-09 1.6298E-09 1.6496E-09 1.6684E-09 1.6882E-09 1.7068E-09 1.7252E-09 1.7445E-09 1.7626E-09 1.7812E-09 1.7992E-09 1.8167E-09 1.8348E-09 1.8519E-09 1.8695E-09 1.8863E-09 1.9025E-09 1.9193E-09 1.9349E-09 1.9504E-09 1.9658E-09
9.4135E-10 9.5844E-10 9.7617E-10 9.9375E-10 1.0115E-09 1.0297E-09 1.0475E-09 1.0662E-09 1.0846E-09 1.1031E-09 1.1219E-09 1.1403E-09 1.1597E-09 1.1788E-09 1.1980E-09 1.2173E-09 1.2369E-09 1.2566E-09 1.2759E-09 1.2953E-09 1.3153E-09 1.3348E-09 1.3546E-09 1.3744E-09 1.3943E-09 1.4142E-09 1.4337E-09 1.4540E-09 1.4738E-09 1.4940E-09 1.5140E-09 1.5339E-09 1.5540E-09 1.5736E-09 1.5940E-09 1.6137E-09 1.6337E-09 1.6534E-09 1.6727E-09 1.6930E-09 1.7121E-09 1.7313E-09 1.7509E-09 1.7696E-09 1.7891E-09 1.8074E-09 1.8255E-09 1.8443E-09 1.8620E-09 1.8803E-09 1.8977E-09 1.9149E-09 1.9321E-09 1.9484E-09 1.9650E-09 1.9809E-09 1.9965E-09
9.5257E-10 9.6993E-10 9.8788E-10 1.0059E-09 1.0239E-09 1.0421E-09 1.0603E-09 1.0791E-09 1.0980E-09 1.1166E-09 1.1355E-09 1.1550E-09 1.1743E-09 1.1936E-09 1.2131E-09 1.2324E-09 1.2528E-09 1.2724E-09 1.2920E-09 1.3121E-09 1.3320E-09 1.3521E-09 1.3721E-09 1.3923E-09 1.4123E-09 1.4325E-09 1.4529E-09 1.4731E-09 1.4936E-09 1.5140E-09 1.5344E-09 1.5548E-09 1.5748E-09 1.5956E-09 1.6157E-09 1.6363E-09 1.6563E-09 1.6761E-09 1.6969E-09 1.7165E-09 1.7367E-09 1.7564E-09 1.7756E-09 1.7957E-09 1.8146E-09 1.8339E-09 1.8527E-09 1.8713E-09 1.8903E-09 1.9081E-09 1.9260E-09 1.9439E-09 1.9612E-09 1.9785E-09 1.9949E-09 2.0113E-09 2.0272E-09
9.6377E-10 9.8179E-10 9.9941E-10 1.0179E-09 1.0362E-09 1.0546E-09 1.0732E-09 1.0918E-09 1.1111E-09 1.1302E-09 1.1494E-09 1.1692E-09 1.1886E-09 1.2084E-09 1.2279E-09 1.2483E-09 1.2683E-09 1.2881E-09 1.3084E-09 1.3285E-09 1.3489E-09 1.3691E-09 1.3897E-09 1.4099E-09 1.4304E-09 1.4512E-09 1.4716E-09 1.4925E-09 1.5130E-09 1.5340E-09 1.5547E-09 1.5751E-09 1.5963E-09 1.6169E-09 1.6379E-09 1.6584E-09 1.6786E-09 1.6999E-09 1.7200E-09 1.7410E-09 1.7609E-09 1.7806E-09 1.8013E-09 1.8208E-09 1.8409E-09 1.8601E-09 1.8793E-09 1.8989E-09 1.9177E-09 1.9363E-09 1.9546E-09 1.9726E-09 1.9907E-09 2.0078E-09 2.0249E-09 2.0416E-09 2.0580E-09
9.7503E-10 9.9301E-10 1.0109E-09 1.0297E-09 1.0484E-09 1.0668E-09 1.0857E-09 1.1052E-09 1.1243E-09 1.1437E-09 1.1633E-09 1.1827E-09 1.2032E-09 1.2228E-09 1.2430E-09 1.2635E-09 1.2833E-09 1.3041E-09 1.3245E-09 1.3449E-09 1.3655E-09 1.3863E-09 1.4069E-09 1.4276E-09 1.4486E-09 1.4694E-09 1.4906E-09 1.5115E-09 1.5328E-09 1.5539E-09 1.5746E-09 1.5962E-09 1.6172E-09 1.6386E-09 1.6595E-09 1.6802E-09 1.7020E-09 1.7225E-09 1.7440E-09 1.7644E-09 1.7847E-09 1.8059E-09 1.8260E-09 1.8467E-09 1.8664E-09 1.8863E-09 1.9065E-09 1.9260E-09 1.9455E-09 1.9642E-09 1.9829E-09 2.0017E-09 2.0198E-09 2.0376E-09 2.0549E-09 2.0720E-09 2.0892E-09
9.8624E-10 1.0042E-09 1.0229E-09 1.0412E-09 1.0603E-09 1.0793E-09 1.0983E-09 1.1181E-09 1.1375E-09 1.1570E-09 1.1768E-09 1.1974E-09 1.2172E-09 1.2375E-09 1.2579E-09 1.2782E-09 1.2992E-09 1.3198E-09 1.3404E-09 1.3611E-09 1.3820E-09 1.4031E-09 1.4241E-09 1.4453E-09 1.4665E-09 1.4880E-09 1.5091E-09 1.5308E-09 1.5522E-09 1.5736E-09 1.5953E-09 1.6166E-09 1.6385E-09 1.6598E-09 1.6811E-09 1.7031E-09 1.7241E-09 1.7461E-09 1.7670E-09 1.7881E-09 1.8095E-09 1.8301E-09 1.8514E-09 1.8720E-09 1.8922E-09 1.9130E-09 1.9331E-09 1.9533E-09 1.9729E-09 1.9921E-09 2.0115E-09 2.0304E-09 2.0490E-09 2.0669E-09 2.0849E-09 2.1029E-09 2.1201E-09
9.9709E-10 1.0155E-09 1.0342E-09 1.0534E-09 1.0724E-09 1.0916E-09 1.1112E-09 1.1303E-09 1.1505E-09 1.1704E-09 1.1906E-09 1.2111E-09 1.2315E-09 1.2521E-09 1.2725E-09 1.2937E-09 1.3145E-09 1.3353E-09 1.3561E-09 1.3773E-09 1.3987E-09 1.4198E-09 1.4413E-09 1.4628E-09 1.4844E-09 1.5061E-09 1.5280E-09 1.5496E-09 1.5715E-09 1.5936E-09 1.6153E-09 1.6375E-09 1.6592E-09 1.6812E-09 1.7034E-09 1.7248E-09 1.7473E-09 1.7686E-09 1.7905E-09 1.8122E-09 1.8333E-09 1.8551E-09 1.8763E-09 1.8979E-09 1.9185E-09 1.9392E-09 1.9600E-09 1.9803E-09 2.0004E-09 2.0202E-09 2.0398E-09 2.0591E-09 2.0781E-09 2.0965E-09 2.1153E-09 2.1333E-09 2.1511E-09
1.0081E-09 1.0269E-09 1.0456E-09 1.0649E-09 1.0844E-09 1.1036E-09 1.1232E-09 1.1435E-09 1.1635E-09 1.1837E-09 1.2042E-09 1.2243E-09 1.2457E-09 1.2663E-09 1.2872E-09 1.3084E-09 1.3294E-09 1.3506E-09 1.3720E-09 1.3936E-09 1.4149E-09 1.4367E-09 1.4583E-09 1.4804E-09 1.5023E-09 1.5243E-09 1.5464E-09 1.5686E-09 1.5908E-09 1.6130E-09 1.6356E-09 1.6577E-09 1.6802E-09 1.7027E-09 1.7246E-09 1.7475E-09 1.7693E-09 1.7916E-09 1.8138E-09 1.8354E-09 1.8578E-09 1.8795E-09 1.9017E-09 1.9232E-09 1.9442E-09 1.9656E-09 1.9865E-09 2.0075E-09 2.0278E-09 2.0480E-09 2.0681E-09 2.0878E-09 2.1077E-09 2.1265E-09 2.1453E-09 2.1639E-09 2.1820E-09
1.0189E-09 1.0380E-09 1.0568E-09 1.0762E-09 1.0961E-09 1.1157E-09 1.1356E-09 1.1560E-09 1.1759E-09 1.1969E-09 1.2173E-09 1.2383E-09 1.2595E-09 1.2804E-09 1.3018E-09 1.3231E-09 1.3445E-09 1.3661E-09 1.3877E-09 1.4094E-09 1.4313E-09 1.4532E-09 1.4756E-09 1.4977E-09 1.5201E-09 1.5424E-09 1.5649E-09 1.5875E-09 1.6100E-09 1.6328E-09 1.6554E-09 1.6782E-09 1.7010E-09 1.7235E-09 1.7468E-09 1.7690E-09 1.7918E-09 1.8145E-09 1.8366E-09 1.8595E-09 1.8817E-09 1.9044E-09 1.9265E-09 1.9480E-09 1.9701E-09 1.9916E-09 2.0133E-09 2.0345E-09 2.0551E-09 2.0758E-09 2.0963E-09 2.1169E-09 2.1368E-09 2.1565E-09 2.1754E-09 2.1943E-09 2.2129E-09
1.0295E-09 1.0488E-09 1.0682E-09 1.0877E-09 1.1078E-09 1.1277E-09 1.1479E-09 1.1681E-09 1.1892E-09 1.2097E-09 1.2308E-09 1.2520E-09 1.2730E-09 1.2947E-09 1.3161E-09 1.3377E-09 1.3596E-09 1.3813E-09 1.4031E-09 1.4253E-09 1.4475E-09 1.4701E-09 1.4923E-09 1.5151E-09 1.5377E-09 1.5605E-09 1.5833E-09 1.6062E-09 1.6293E-09 1.6522E-09 1.6754E-09 1.6986E-09 1.7214E-09 1.7450E-09 1.7678E-09 1.7911E-09 1.8142E-09 1.8368E-09 1.8601E-09 1.8829E-09 1.9061E-09 1.9287E-09 1.9508E-09 1.9734E-09 1.9956E-09 2.0179E-09 2.0397E-09 2.0610E-09 2.0824E-09 2.1035E-09 2.1248E-09 2.1455E-09 2.1659E-09 2.1856E-09 2.2053E-09 2.2248E-09 2.2437E-09
1.0400E-09 1.0596E-09 1.0794E-09 1.0991E-09 1.1189E-09 1.1395E-09 1.1599E-09 1.1807E-09 1.2017E-09 1.2223E-09 1.2440E-09 1.2653E-09 1.2866E-09 1.3086E-09 1.3304E-09 1.3521E-09 1.3742E-09 1.3963E-09 1.4186E-09 1.4411E-09 1.4639E-09 1.4863E-09 1.5092E-09 1.5322E-09 1.5550E-09 1.5784E-09 1.6014E-09 1.6250E-09 1.6483E-09 1.6718E-09 1.6953E-09 1.7185E-09 1.7424E-09 1.7657E-09 1.7893E-09 1.8129E-09 1.8359E-09 1.8598E-09 1.8830E-09 1.9065E-09 1.9298E-09 1.9525E-09 1.9757E-09 1.9985E-09 2.0213E-09 2.0438E-09 2.0657E-09 2.0877E-09 2.1100E-09 2.1316E-09 2.1529E-09 2.1741E-09 2.1946E-09 2.2155E-09 2.2353E-09 2.2551E-09 2.2746E-09
1.0507E-09 1.0702E-09 1.0903E-09 1.1103E-09 1.1304E-09 1.1513E-09 1.1721E-09 1.1930E-09 1.2137E-09 1.2356E-09 1.2571E-09 1.2785E-09 1.3004E-09 1.3224E-09 1.3442E-09 1.3666E-09 1.3889E-09 1.4113E-09 1.4339E-09 1.4569E-09 1.4797E-09 1.5028E-09 1.5259E-09 1.5491E-09 1.5727E-09 1.5960E-09 1.6198E-09 1.6433E-09 1.6673E-09 1.6911E-09 1.7147E-09 1.7390E-09 1.7626E-09 1.7867E-09 1.8106E-09 1.8341E-09 1.8587E-09 1.8821E-09 1.9061E-09 1.9299E-09 1.9532E-09 1.9772E-09 2.0002E-09 2.0236E-09 2.0467E-09 2.0692E-09 2.0922E-09 2.1148E-09 2.1371E-09 2.1591E-09 2.1811E-09 2.2023E-09 2.2239E-09 2.2445E-09 2.2651E-09 2.2855E-09 2.3050E-09
1.0610E-09 1.0808E-09 1.1012E-09 1.1215E-09 1.1419E-09 1.1624E-09 1.1840E-09 1.2048E-09 1.2263E-09 1.2481E-09 1.2698E-09 1.2919E-09 1.3138E-09 1.3359E-09 1.3583E-09 1.3809E-09 1.4035E-09 1.4260E-09 1.4492E-09 1.4724E-09 1.4954E-09 1.5190E-09 1.5422E-09 1.5661E-09 1.5898E-09 1.6139E-09 1.6376E-09 1.6617E-09 1.6861E-09 1.7100E-09 1.7346E-09 1.7587E-09 1.7831E-09 1.8074E-09 1.8313E-09 1.8563E-09 1.8802E-09 1.9046E-09 1.9290E-09 1.9527E-09 1.9772E-09 2.0008E-09 2.0248E-09 2.0484E-09 2.0716E-09 2.0952E-09 2.1185E-09 2.1414E-09 2.1645E-09 2.1867E-09 2.2090E-09 2.2311E-09 2.2524E-09 2.2742E-09 2.2950E-09 2.3156E-09 2.3361E-09
1.0714E-09 1.0914E-09 1.1116E-09 1.1325E-09 1.1531E-09 1.1742E-09 1.1955E-09 1.2166E-09 1.2387E-09 1.2603E-09 1.2826E-09 1.3048E-09 1.3270E-09 1.3494E-09 1.3721E-09 1.3948E-09 1.4177E-09 1.4410E-09 1.4642E-09 1.4876E-09 1.5114E-09 1.5348E-09 1.5590E-09 1.5829E-09 1.6070E-09 1.6312E-09 1.6556E-09 1.6801E-09 1.7045E-09 1.7294E-09 1.7538E-09 1.7783E-09 1.8033E-09 1.8276E-09 1.8530E-09 1.8773E-09 1.9022E-09 1.9270E-09 1.9512E-09 1.9762E-09 2.0003E-09 2.0249E-09 2.0490E-09 2.0728E-09 2.0970E-09 2.1209E-09 2.1444E-09 2.1683E-09 2.1911E-09 2.2141E-09 2.2369E-09 2.2590E-09 2.2816E-09 2.3031E-09 2.3246E-09 2.3463E-09 2.3668E-09
