Assets/Resources/2015_m01_d20_0600(utc+0800)_l00_csi_1hr_conc.grd
DSAA
         159         159
     -79.000      79.000
     -79.000      79.000
  0.0000E+00  0.2262E-04
[rows 75 to 99 of 159, columns 0 to 56 of 159]
1.5771E-10 1.7113E-10 1.8540E-10 1.9996E-10 2.1459E-10 2.3047E-10 2.4748E-10 2.6546E-10 2.8443E-10 3.0416E-10 3.2475E-10 3.4591E-10 3.6837E-10 3.9222E-10 4.1704E-10 4.4321E-10 4.7049E-10 4.9855E-10 5.2892E-10 5.5980E-10 5.9227E-10 6.2651E-10 6.6191E-10 6.9870E-10 7.3661E-10 7.7706E-10 8.1861E-10 8.6134E-10 9.0727E-10 9.5460E-10 1.0049E-09 1.0578E-09 1.1129E-09 1.1713E-09 1.2308E-09 1.2925E-09 1.3558E-09 1.4207E-09 1.4864E-09 1.5553E-09 1.6242E-09 1.6944E-09 1.7666E-09 1.8391E-09 1.9135E-09 1.9878E-09 2.0630E-09 2.1389E-09 2.2164E-09 2.2935E-09 2.3734E-09 2.4523E-09 2.5333E-09 2.6149E-09 2.6977E-09 2.7793E-09 2.8605E-09
1.4904E-10 1.6235E-10 1.7601E-10 1.9016E-10 2.0463E-10 2.2015E-10 2.3587E-10 2.5310E-10 2.7146E-10 2.9031E-10 3.1021E-10 3.3086E-10 3.5240E-10 3.7521E-10 3.9902E-10 4.2350E-10 4.5037E-10 4.7723E-10 5.0591E-10 5.3610E-10 5.6720E-10 5.9988E-10 6.3378E-10 6.6945E-10 7.0601E-10 7.4441E-10 7.8427E-10 8.2597E-10 8.7013E-10 9.1567E-10 9.6411E-10 1.0152E-09 1.0683E-09 1.1248E-09 1.1824E-09 1.2422E-09 1.3037E-09 1.3662E-09 1.4306E-09 1.4967E-09 1.5647E-09 1.6330E-09 1.7035E-09 1.7742E-09 1.8460E-09 1.9196E-09 1.9932E-09 2.0676E-09 2.1426E-09 2.2191E-09 2.2960E-09 2.3750E-09 2.4546E-09 2.5349E-09 2.6142E-09 2.6967E-09 2.7766E-09
1.4131E-10 1.5399E-10 1.6674E-10 1.8073E-10 1.9475E-10 2.0950E-10 2.2491E-10 2.4123E-10 2.5866E-10 2.7720E-10 2.9610E-10 3.1605E-10 3.3674E-10 3.5813E-10 3.8149E-10 4.0508E-10 4.2996E-10 4.5659E-10 4.8396E-10 5.1285E-10 5.4290E-10 5.7411E-10 6.0622E-10 6.4102E-10 6.7598E-10 7.1274E-10 7.5115E-10 7.9119E-10 8.3316E-10 8.7750E-10 9.2363E-10 9.7331E-10 1.0245E-09 1.0787E-09 1.1349E-09 1.1923E-09 1.2524E-09 1.3130E-09 1.3755E-09 1.4398E-09 1.5059E-09 1.5724E-09 1.6410E-09 1.7100E-09 1.7801E-09 1.8519E-09 1.9229E-09 1.9966E-09 2.0701E-09 2.1442E-09 2.2205E-09 2.2964E-09 2.3745E-09 2.4549E-09 2.5329E-09 2.6119E-09 2.6920E-09
1.3284E-10 1.4517E-10 1.5828E-10 1.7157E-10 1.8529E-10 1.9927E-10 2.1418E-10 2.2965E-10 2.4604E-10 2.6391E-10 2.8231E-10 3.0130E-10 3.2128E-10 3.4202E-10 3.6365E-10 3.8691E-10 4.1080E-10 4.3632E-10 4.6246E-10 4.9001E-10 5.1902E-10 5.4887E-10 5.7985E-10 6.1273E-10 6.4656E-10 6.8203E-10 7.1882E-10 7.5668E-10 7.9757E-10 8.3968E-10 8.8449E-10 9.3229E-10 9.8162E-10 1.0333E-09 1.0882E-09 1.1437E-09 1.2014E-09 1.2606E-09 1.3208E-09 1.3837E-09 1.4470E-09 1.5125E-09 1.5784E-09 1.6465E-09 1.7148E-09 1.7841E-09 1.8542E-09 1.9253E-09 1.9982E-09 2.0706E-09 2.1454E-09 2.2198E-09 2.2948E-09 2.3736E-09 2.4517E-09 2.5293E-09 2.6075E-09
1.2386E-10 1.3640E-10 1.4908E-10 1.6221E-10 1.7545E-10 1.8933E-10 2.0358E-10 2.1832E-10 2.3393E-10 2.5076E-10 2.6847E-10 2.8725E-10 3.0612E-10 3.2625E-10 3.4700E-10 3.6892E-10 3.9205E-10 4.1614E-10 4.4157E-10 4.6795E-10 4.9494E-10 5.2438E-10 5.5398E-10 5.8508E-10 6.1760E-10 6.5143E-10 6.8705E-10 7.2346E-10 7.6224E-10 8.0306E-10 8.4620E-10 8.9167E-10 9.3960E-10 9.8945E-10 1.0424E-09 1.0961E-09 1.1514E-09 1.2092E-09 1.2674E-09 1.3280E-09 1.3899E-09 1.4527E-09 1.5175E-09 1.5829E-09 1.6503E-09 1.7178E-09 1.7863E-09 1.8557E-09 1.9259E-09 1.9977E-09 2.0692E-09 2.1437E-09 2.2171E-09 2.2929E-09 2.3693E-09 2.4470E-09 2.5237E-09
1.1601E-10 1.2779E-10 1.4029E-10 1.5283E-10 1.6576E-10 1.7947E-10 1.9326E-10 2.0724E-10 2.2244E-10 2.3810E-10 2.5522E-10 2.7311E-10 2.9182E-10 3.1065E-10 3.3095E-10 3.5169E-10 3.7368E-10 3.9691E-10 4.2066E-10 4.4639E-10 4.7227E-10 4.9981E-10 5.2871E-10 5.5860E-10 5.8974E-10 6.2163E-10 6.5579E-10 6.9100E-10 7.2812E-10 7.6730E-10 8.0836E-10 8.5246E-10 8.9806E-10 9.4652E-10 9.9709E-10 1.0494E-09 1.1028E-09 1.1587E-09 1.2151E-09 1.2728E-09 1.3337E-09 1.3947E-09 1.4568E-09 1.5212E-09 1.5858E-09 1.6524E-09 1.7191E-09 1.7868E-09 1.8553E-09 1.9245E-09 1.9953E-09 2.0666E-09 2.1400E-09 2.2124E-09 2.2890E-09 2.3630E-09 2.4387E-09
1.0810E-10 1.1899E-10 1.3124E-10 1.4384E-10 1.5639E-10 1.6947E-10 1.8297E-10 1.9659E-10 2.1117E-10 2.2618E-10 2.4253E-10 2.5925E-10 2.7745E-10 2.9573E-10 3.1447E-10 3.3502E-10 3.5566E-10 3.7781E-10 4.0083E-10 4.2480E-10 4.5028E-10 4.7648E-10 5.0381E-10 5.3276E-10 5.6248E-10 5.9304E-10 6.2573E-10 6.5942E-10 6.9439E-10 7.3258E-10 7.7178E-10 8.1374E-10 8.5797E-10 9.0410E-10 9.5328E-10 1.0032E-09 1.0552E-09 1.1088E-09 1.1638E-09 1.2196E-09 1.2777E-09 1.3376E-09 1.3979E-09 1.4604E-09 1.5232E-09 1.5871E-09 1.6529E-09 1.7178E-09 1.7856E-09 1.8531E-09 1.9213E-09 1.9918E-09 2.0620E-09 2.1343E-09 2.2075E-09 2.2816E-09 2.3552E-09
1.0119E-10 1.1133E-10 1.2213E-10 1.3429E-10 1.4700E-10 1.6005E-10 1.7282E-10 1.8627E-10 2.0007E-10 2.1445E-10 2.2994E-10 2.4589E-10 2.6324E-10 2.8105E-10 2.9922E-10 3.1809E-10 3.3846E-10 3.5931E-10 3.8164E-10 4.0445E-10 4.2850E-10 4.5387E-10 4.8004E-10 5.0690E-10 5.3603E-10 5.6530E-10 5.9614E-10 6.2825E-10 6.6210E-10 6.9811E-10 7.3614E-10 7.7596E-10 8.1888E-10 8.6318E-10 9.1005E-10 9.5860E-10 1.0083E-09 1.0604E-09 1.1130E-09 1.1675E-09 1.2237E-09 1.2808E-09 1.3401E-09 1.3997E-09 1.4616E-09 1.5237E-09 1.5868E-09 1.6508E-09 1.7158E-09 1.7815E-09 1.8490E-09 1.9162E-09 1.9863E-09 2.0555E-09 2.1284E-09 2.1992E-09 2.2727E-09
9.4545E-11 1.0369E-10 1.1399E-10 1.2520E-10 1.3763E-10 1.5010E-10 1.6282E-10 1.7594E-10 1.8945E-10 2.0303E-10 2.1755E-10 2.3312E-10 2.4941E-10 2.6646E-10 2.8401E-10 3.0242E-10 3.2150E-10 3.4165E-10 3.6261E-10 3.8477E-10 4.0772E-10 4.3113E-10 4.5690E-10 4.8253E-10 5.0962E-10 5.3828E-10 5.6774E-10 5.9840E-10 6.3027E-10 6.6505E-10 7.0101E-10 7.3957E-10 7.8034E-10 8.2332E-10 8.6786E-10 9.1507E-10 9.6291E-10 1.0127E-09 1.0639E-09 1.1160E-09 1.1708E-09 1.2260E-09 1.2825E-09 1.3411E-09 1.4002E-09 1.4604E-09 1.5226E-09 1.5848E-09 1.6480E-09 1.7120E-09 1.7768E-09 1.8432E-09 1.9100E-09 1.9790E-09 2.0471E-09 2.1192E-09 2.1890E-09
8.8552E-11 9.7402E-11 1.0586E-10 1.1633E-10 1.2778E-10 1.4047E-10 1.5319E-10 1.6566E-10 1.7887E-10 1.9195E-10 2.0600E-10 2.2040E-10 2.3592E-10 2.5226E-10 2.6959E-10 2.8697E-10 3.0535E-10 3.2406E-10 3.4459E-10 3.6514E-10 3.8750E-10 4.0995E-10 4.3375E-10 4.5882E-10 4.8479E-10 5.1171E-10 5.3964E-10 5.6949E-10 5.9982E-10 6.3252E-10 6.6727E-10 7.0376E-10 7.4322E-10 7.8406E-10 8.2728E-10 8.7217E-10 9.1867E-10 9.6609E-10 1.0160E-09 1.0662E-09 1.1177E-09 1.1724E-09 1.2270E-09 1.2829E-09 1.3409E-09 1.3993E-09 1.4587E-09 1.5199E-09 1.5803E-09 1.6435E-09 1.7066E-09 1.7703E-09 1.8362E-09 1.9020E-09 1.9698E-09 2.0386E-09 2.1082E-09
8.1557E-11 9.0613E-11 9.9689E-11 1.0825E-10 1.1795E-10 1.3022E-10 1.4311E-10 1.5562E-10 1.6848E-10 1.8139E-10 1.9464E-10 2.0828E-10 2.2314E-10 2.3846E-10 2.5517E-10 2.7196E-10 2.8949E-10 3.0760E-10 3.2639E-10 3.4664E-10 3.6732E-10 3.8937E-10 4.1198E-10 4.3563E-10 4.6067E-10 4.8625E-10 5.1265E-10 5.4095E-10 5.7023E-10 6.0098E-10 6.3454E-10 6.6938E-10 7.0674E-10 7.4639E-10 7.8736E-10 8.3092E-10 8.7512E-10 9.2120E-10 9.6870E-10 1.0176E-09 1.0673E-09 1.1191E-09 1.1727E-09 1.2267E-09 1.2819E-09 1.3393E-09 1.3969E-09 1.4554E-09 1.5149E-09 1.5753E-09 1.6365E-09 1.6994E-09 1.7620E-09 1.8275E-09 1.8921E-09 1.9590E-09 2.0268E-09
7.5504E-11 8.4352E-11 9.3097E-11 1.0127E-10 1.1026E-10 1.2067E-10 1.3221E-10 1.4561E-10 1.5797E-10 1.7073E-10 1.8370E-10 1.9637E-10 2.1036E-10 2.2508E-10 2.4106E-10 2.5749E-10 2.7404E-10 2.9129E-10 3.0957E-10 3.2848E-10 3.4843E-10 3.6913E-10 3.9098E-10 4.1349E-10 4.3654E-10 4.6130E-10 4.8681E-10 5.1336E-10 5.4120E-10 5.7090E-10 6.0242E-10 6.3606E-10 6.7130E-10 7.0972E-10 7.4906E-10 7.9039E-10 8.3325E-10 8.7706E-10 9.2320E-10 9.6974E-10 1.0176E-09 1.0680E-09 1.1189E-09 1.1719E-09 1.2251E-09 1.2797E-09 1.3354E-09 1.3930E-09 1.4507E-09 1.5082E-09 1.5687E-09 1.6288E-09 1.6906E-09 1.7527E-09 1.8156E-09 1.8805E-09 1.9464E-09
6.9198E-11 7.7674E-11 8.6141E-11 9.5014E-11 1.0327E-10 1.1150E-10 1.2256E-10 1.3490E-10 1.4746E-10 1.6003E-10 1.7260E-10 1.8555E-10 1.9880E-10 2.1220E-10 2.2728E-10 2.4289E-10 2.5911E-10 2.7597E-10 2.9292E-10 3.1123E-10 3.2954E-10 3.4993E-10 3.6993E-10 3.9140E-10 4.1402E-10 4.3722E-10 4.6147E-10 4.8662E-10 5.1356E-10 5.4137E-10 5.7137E-10 6.0335E-10 6.3753E-10 6.7371E-10 7.1192E-10 7.5101E-10 7.9210E-10 8.3464E-10 8.7798E-10 9.2368E-10 9.6967E-10 1.0169E-09 1.0672E-09 1.1175E-09 1.1689E-09 1.2225E-09 1.2763E-09 1.3311E-09 1.3878E-09 1.4436E-09 1.5012E-09 1.5605E-09 1.6195E-09 1.6792E-09 1.7418E-09 1.8035E-09 1.8689E-09
6.2898E-11 7.1541E-11 7.9313E-11 8.8596E-11 9.6801E-11 1.0462E-10 1.1289E-10 1.2415E-10 1.3669E-10 1.4967E-10 1.6151E-10 1.7459E-10 1.8673E-10 2.0008E-10 2.1404E-10 2.2883E-10 2.4441E-10 2.6032E-10 2.7693E-10 2.9398E-10 3.1197E-10 3.3066E-10 3.5039E-10 3.7079E-10 3.9185E-10 4.1433E-10 4.3736E-10 4.6083E-10 4.8640E-10 5.1327E-10 5.4125E-10 5.7223E-10 6.0419E-10 6.3881E-10 6.7537E-10 7.1335E-10 7.5270E-10 7.9299E-10 8.3506E-10 8.7842E-10 9.2311E-10 9.6850E-10 1.0161E-09 1.0653E-09 1.1149E-09 1.1656E-09 1.2176E-09 1.2715E-09 1.3254E-09 1.3803E-09 1.4360E-09 1.4925E-09 1.5498E-09 1.6086E-09 1.6678E-09 1.7292E-09 1.7897E-09
5.7094E-11 6.4591E-11 7.2745E-11 8.1480E-11 9.0283E-11 9.7990E-11 1.0581E-10 1.1444E-10 1.2539E-10 1.3812E-10 1.5111E-10 1.6322E-10 1.7583E-10 1.8838E-10 2.0147E-10 2.1545E-10 2.3024E-10 2.4580E-10 2.6144E-10 2.7799E-10 2.9477E-10 3.1284E-10 3.3115E-10 3.5085E-10 3.7090E-10 3.9152E-10 4.1405E-10 4.3640E-10 4.6031E-10 4.8564E-10 5.1273E-10 5.4171E-10 5.7260E-10 6.0503E-10 6.4048E-10 6.7634E-10 7.1409E-10 7.5313E-10 7.9296E-10 8.3502E-10 8.7741E-10 9.2101E-10 9.6723E-10 1.0137E-09 1.0615E-09 1.1112E-09 1.1613E-09 1.2124E-09 1.2654E-09 1.3184E-09 1.3713E-09 1.4260E-09 1.4824E-09 1.5385E-09 1.5952E-09 1.6548E-09 1.7135E-09
5.1214E-11 5.8180E-11 6.5590E-11 7.5030E-11 8.3194E-11 9.1541E-11 9.9042E-11 1.0661E-10 1.1535E-10 1.2674E-10 1.3944E-10 1.5235E-10 1.6471E-10 1.7711E-10 1.8932E-10 2.0218E-10 2.1646E-10 2.3085E-10 2.4686E-10 2.6198E-10 2.7850E-10 2.9493E-10 3.1305E-10 3.3103E-10 3.4996E-10 3.7029E-10 3.9096E-10 4.1248E-10 4.3505E-10 4.5953E-10 4.8480E-10 5.1275E-10 5.4167E-10 5.7292E-10 6.0612E-10 6.4102E-10 6.7672E-10 7.1405E-10 7.5267E-10 7.9199E-10 8.3359E-10 8.7541E-10 9.1843E-10 9.6447E-10 1.0104E-09 1.0574E-09 1.1055E-09 1.1557E-09 1.2060E-09 1.2572E-09 1.3092E-09 1.3620E-09 1.4156E-09 1.4709E-09 1.5257E-09 1.5819E-09 1.6403E-09
4.5496E-11 5.1794E-11 5.8809E-11 6.7876E-11 7.6062E-11 8.5007E-11 9.2696E-11 9.9931E-11 1.0750E-10 1.1625E-10 1.2763E-10 1.4091E-10 1.5345E-10 1.6538E-10 1.7770E-10 1.9010E-10 2.0316E-10 2.1712E-10 2.3179E-10 2.4693E-10 2.6227E-10 2.7842E-10 2.9490E-10 3.1261E-10 3.3061E-10 3.4944E-10 3.6938E-10 3.8985E-10 4.1086E-10 4.3388E-10 4.5835E-10 4.8397E-10 5.1226E-10 5.4158E-10 5.7312E-10 6.0640E-10 6.4054E-10 6.7679E-10 7.1323E-10 7.5133E-10 7.9066E-10 8.3073E-10 8.7248E-10 9.1581E-10 9.5987E-10 1.0059E-09 1.0522E-09 1.0996E-09 1.1481E-09 1.1984E-09 1.2486E-09 1.2986E-09 1.3514E-09 1.4038E-09 1.4569E-09 1.5106E-09 1.5672E-09
4.0130E-11 4.5559E-11 5.2682E-11 5.9625E-11 6.8781E-11 7.7894E-11 8.6242E-11 9.3395E-11 1.0044E-10 1.0795E-10 1.1659E-10 1.2848E-10 1.4156E-10 1.5407E-10 1.6638E-10 1.7818E-10 1.9068E-10 2.0373E-10 2.1751E-10 2.3207E-10 2.4693E-10 2.6216E-10 2.7789E-10 2.9451E-10 3.1122E-10 3.2977E-10 3.4800E-10 3.6765E-10 3.8790E-10 4.0941E-10 4.3246E-10 4.5713E-10 4.8355E-10 5.1184E-10 5.4136E-10 5.7349E-10 6.0599E-10 6.3975E-10 6.7562E-10 7.1157E-10 7.4965E-10 7.8800E-10 8.2751E-10 8.6862E-10 9.1179E-10 9.5519E-10 1.0005E-09 1.0451E-09 1.0927E-09 1.1402E-09 1.1895E-09 1.2378E-09 1.2878E-09 1.3384E-09 1.3907E-09 1.4426E-09 1.4957E-09
3.4383E-11 4.0124E-11 4.6154E-11 5.2580E-11 6.0968E-11 7.0551E-11 7.9004E-11 8.7139E-11 9.3745E-11 1.0104E-10 1.0853E-10 1.1683E-10 1.2894E-10 1.4217E-10 1.5417E-10 1.6699E-10 1.7868E-10 1.9061E-10 2.0361E-10 2.1748E-10 2.3197E-10 2.4627E-10 2.6149E-10 2.7686E-10 2.9343E-10 3.1013E-10 3.2813E-10 3.4638E-10 3.6557E-10 3.8572E-10 4.0799E-10 4.3097E-10 4.5599E-10 4.8273E-10 5.1084E-10 5.4134E-10 5.7229E-10 6.0501E-10 6.3874E-10 6.7367E-10 7.0910E-10 7.4620E-10 7.8451E-10 8.2340E-10 8.6436E-10 9.0685E-10 9.4952E-10 9.9324E-10 1.0380E-09 1.0847E-09 1.1313E-09 1.1786E-09 1.2258E-09 1.2746E-09 1.3251E-09 1.3752E-09 1.4259E-09
2.4543E-11 3.4326E-11 4.0708E-11 4.6497E-11 5.2675E-11 6.0892E-11 7.1462E-11 8.0195E-11 8.7663E-11 9.4254E-11 1.0121E-10 1.0886E-10 1.1729E-10 1.2894E-10 1.4240E-10 1.5459E-10 1.6677E-10 1.7842E-10 1.9061E-10 2.0375E-10 2.1715E-10 2.3171E-10 2.4587E-10 2.6066E-10 2.7596E-10 2.9215E-10 3.0881E-10 3.2559E-10 3.4447E-10 3.6318E-10 3.8377E-10 4.0579E-10 4.2944E-10 4.5482E-10 4.8190E-10 5.0996E-10 5.4034E-10 5.7105E-10 6.0371E-10 6.3666E-10 6.7047E-10 7.0638E-10 7.4250E-10 7.8018E-10 8.1938E-10 8.5924E-10 9.0014E-10 9.4293E-10 9.8499E-10 1.0299E-09 1.0747E-09 1.1211E-09 1.1666E-09 1.2136E-09 1.2613E-09 1.3106E-09 1.3595E-09
1.4390E-11 2.4387E-11 3.4854E-11 4.0566E-11 4.6966E-11 5.2890E-11 6.2659E-11 7.1416E-11 8.1353E-11 8.7769E-11 9.4599E-11 1.0152E-10 1.0881E-10 1.1747E-10 1.2897E-10 1.4198E-10 1.5484E-10 1.6657E-10 1.7828E-10 1.9004E-10 2.0316E-10 2.1659E-10 2.3068E-10 2.4453E-10 2.5925E-10 2.7417E-10 2.8989E-10 3.0650E-10 3.2354E-10 3.4189E-10 3.6085E-10 3.8217E-10 4.0408E-10 4.2848E-10 4.5374E-10 4.8084E-10 5.0917E-10 5.3873E-10 5.6908E-10 6.0091E-10 6.3375E-10 6.6703E-10 7.0247E-10 7.3800E-10 7.7460E-10 8.1320E-10 8.5325E-10 8.9344E-10 9.3461E-10 9.7676E-10 1.0207E-09 1.0645E-09 1.1091E-09 1.1534E-09 1.1993E-09 1.2468E-09 1.2939E-09
8.1162E-12 1.2237E-11 2.2570E-11 3.4605E-11 4.0754E-11 4.6720E-11 5.4314E-11 6.3346E-11 7.3049E-11 8.1344E-11 8.7964E-11 9.4179E-11 1.0138E-10 1.0890E-10 1.1722E-10 1.2859E-10 1.4176E-10 1.5441E-10 1.6623E-10 1.7742E-10 1.8966E-10 2.0235E-10 2.1577E-10 2.2927E-10 2.4321E-10 2.5740E-10 2.7244E-10 2.8782E-10 3.0385E-10 3.2123E-10 3.3903E-10 3.5905E-10 3.8017E-10 4.0241E-10 4.2715E-10 4.5241E-10 4.7935E-10 5.0743E-10 5.3616E-10 5.6693E-10 5.9783E-10 6.3015E-10 6.6344E-10 6.9733E-10 7.3278E-10 7.6966E-10 8.0712E-10 8.4560E-10 8.8588E-10 9.2534E-10 9.6755E-10 1.0096E-09 1.0533E-09 1.0959E-09 1.1391E-09 1.1849E-09 1.2302E-09
3.8603E-12 7.3166E-12 1.1857E-11 2.0391E-11 3.1722E-11 4.0389E-11 4.6172E-11 5.4492E-11 6.4039E-11 7.3292E-11 8.1261E-11 8.7805E-11 9.4507E-11 1.0102E-10 1.0852E-10 1.1725E-10 1.2737E-10 1.4109E-10 1.5386E-10 1.6526E-10 1.7666E-10 1.8856E-10 2.0106E-10 2.1441E-10 2.2747E-10 2.4134E-10 2.5513E-10 2.7006E-10 2.8502E-10 3.0106E-10 3.1854E-10 3.3705E-10 3.5687E-10 3.7786E-10 4.0131E-10 4.2522E-10 4.5069E-10 4.7740E-10 5.0511E-10 5.3341E-10 5.6331E-10 5.9411E-10 6.2541E-10 6.5869E-10 6.9204E-10 7.2636E-10 7.6262E-10 8.0029E-10 8.3802E-10 8.7663E-10 9.1615E-10 9.5648E-10 9.9848E-10 1.0403E-09 1.0817E-09 1.1248E-09 1.1684E-09
2.0618E-12 3.8384E-12 7.2730E-12 1.1118E-11 2.0223E-11 3.0798E-11 4.0041E-11 4.5464E-11 5.4066E-11 6.4096E-11 7.3632E-11 8.1005E-11 8.7525E-11 9.3872E-11 1.0113E-10 1.0792E-10 1.1634E-10 1.2676E-10 1.3951E-10 1.5288E-10 1.6440E-10 1.7592E-10 1.8717E-10 1.9985E-10 2.1269E-10 2.2594E-10 2.3898E-10 2.5296E-10 2.6717E-10 2.8255E-10 2.9863E-10 3.1565E-10 3.3467E-10 3.5486E-10 3.7610E-10 3.9962E-10 4.2337E-10 4.4906E-10 4.7488E-10 5.0177E-10 5.3064E-10 5.5951E-10 5.8988E-10 6.2107E-10 6.5283E-10 6.8606E-10 7.2065E-10 7.5579E-10 7.9184E-10 8.2962E-10 8.6651E-10 9.0608E-10 9.4546E-10 9.8640E-10 1.0262E-09 1.0666E-09 1.1084E-09
1.6336E-12 2.0485E-12 3.0202E-12 6.4635E-12 1.1029E-11 1.6528E-11 2.9116E-11 3.9626E-11 4.5407E-11 5.4825E-11 6.4103E-11 7.4047E-11 8.0468E-11 8.7006E-11 9.3640E-11 1.0018E-10 1.0748E-10 1.1574E-10 1.2534E-10 1.3838E-10 1.5161E-10 1.6314E-10 1.7401E-10 1.8574E-10 1.9802E-10 2.1063E-10 2.2369E-10 2.3632E-10 2.5011E-10 2.6412E-10 2.7935E-10 2.9593E-10 3.1355E-10 3.3254E-10 3.5250E-10 3.7470E-10 3.9717E-10 4.2105E-10 4.4601E-10 4.7192E-10 4.9827E-10 5.2631E-10 5.5522E-10 5.8447E-10 6.1516E-10 6.4685E-10 6.7897E-10 7.1295E-10 7.4823E-10 7.8352E-10 8.1961E-10 8.5657E-10 8.9426E-10 9.3353E-10 9.7258E-10 1.0113E-09 1.0504E-09
