Assets/Resources/2015_m01_d18_0100(utc+0800)_l00_csi_1hr_conc.grd
DSAA
         159         159
     -79.000      79.000
     -79.000      79.000
  0.0000E+00  0.4287E-05
[rows 25 to 49 of 159, columns 0 to 56 of 159]
6.6447E-10 7.1012E-10 7.5780E-10 8.0807E-10 8.6135E-10 9.1734E-10 9.7584E-10 1.0368E-09 1.1013E-09 1.1687E-09 1.2386E-09 1.3116E-09 1.3881E-09 1.4671E-09 1.5495E-09 1.6347E-09 1.7233E-09 1.8150E-09 1.9094E-09 2.0070E-09 2.1076E-09 2.2108E-09 2.3167E-09 2.4259E-09 2.5369E-09 2.6503E-09 2.7659E-09 2.8834E-09 3.0021E-09 3.1221E-09 3.2433E-09 3.3647E-09 3.4864E-09 3.6080E-09 3.7286E-09 3.8476E-09 3.9659E-09 4.0818E-09 4.1958E-09 4.3061E-09 4.4145E-09 4.5192E-09 4.6203E-09 4.7171E-09 4.8106E-09 4.8989E-09 4.9830E-09 5.0625E-09 5.1371E-09 5.2065E-09 5.2711E-09 5.3310E-09 5.3850E-09 5.4343E-09 5.4782E-09 5.5167E-09 5.5496E-09
6.7729E-10 7.2357E-10 7.7280E-10 8.2463E-10 8.7850E-10 9.3561E-10 9.9575E-10 1.0588E-09 1.1246E-09 1.1930E-09 1.2649E-09 1.3402E-09 1.4181E-09 1.4992E-09 1.5839E-09 1.6714E-09 1.7622E-09 1.8563E-09 1.9532E-09 2.0531E-09 2.1564E-09 2.2626E-09 2.3714E-09 2.4832E-09 2.5976E-09 2.7139E-09 2.8328E-09 2.9534E-09 3.0750E-09 3.1985E-09 3.3230E-09 3.4477E-09 3.5725E-09 3.6969E-09 3.8205E-09 3.9432E-09 4.0639E-09 4.1825E-09 4.2984E-09 4.4123E-09 4.5227E-09 4.6296E-09 4.7325E-09 4.8320E-09 4.9269E-09 5.0169E-09 5.1028E-09 5.1842E-09 5.2598E-09 5.3304E-09 5.3967E-09 5.4578E-09 5.5125E-09 5.5625E-09 5.6075E-09 5.6463E-09 5.6803E-09
6.8987E-10 7.3734E-10 7.8722E-10 8.4001E-10 8.9578E-10 9.5437E-10 1.0152E-09 1.0796E-09 1.1471E-09 1.2176E-09 1.2912E-09 1.3678E-09 1.4479E-09 1.5312E-09 1.6176E-09 1.7075E-09 1.8006E-09 1.8968E-09 1.9961E-09 2.0992E-09 2.2048E-09 2.3135E-09 2.4257E-09 2.5401E-09 2.6575E-09 2.7772E-09 2.8989E-09 3.0223E-09 3.1477E-09 3.2742E-09 3.4019E-09 3.5297E-09 3.6577E-09 3.7851E-09 3.9120E-09 4.0372E-09 4.1607E-09 4.2817E-09 4.4009E-09 4.5168E-09 4.6295E-09 4.7383E-09 4.8440E-09 4.9451E-09 5.0414E-09 5.1336E-09 5.2215E-09 5.3036E-09 5.3807E-09 5.4535E-09 5.5211E-09 5.5826E-09 5.6386E-09 5.6899E-09 5.7352E-09 5.7750E-09 5.8098E-09
7.0168E-10 7.5039E-10 8.0175E-10 8.5565E-10 9.1199E-10 9.7187E-10 1.0348E-09 1.1005E-09 1.1689E-09 1.2413E-09 1.3166E-09 1.3952E-09 1.4771E-09 1.5622E-09 1.6508E-09 1.7429E-09 1.8380E-09 1.9368E-09 2.0388E-09 2.1439E-09 2.2524E-09 2.3641E-09 2.4789E-09 2.5962E-09 2.7165E-09 2.8390E-09 2.9640E-09 3.0906E-09 3.2193E-09 3.3489E-09 3.4793E-09 3.6103E-09 3.7417E-09 3.8721E-09 4.0015E-09 4.1296E-09 4.2557E-09 4.3801E-09 4.5015E-09 4.6195E-09 4.7345E-09 4.8462E-09 4.9535E-09 5.0561E-09 5.1547E-09 5.2491E-09 5.3377E-09 5.4214E-09 5.5008E-09 5.5750E-09 5.6432E-09 5.7057E-09 5.7636E-09 5.8158E-09 5.8618E-09 5.9025E-09 5.9381E-09
7.1400E-10 7.6302E-10 8.1523E-10 8.7048E-10 9.2862E-10 9.8930E-10 1.0531E-09 1.1205E-09 1.1909E-09 1.2645E-09 1.3413E-09 1.4217E-09 1.5057E-09 1.5927E-09 1.6831E-09 1.7776E-09 1.8749E-09 1.9757E-09 2.0805E-09 2.1880E-09 2.2992E-09 2.4136E-09 2.5308E-09 2.6510E-09 2.7745E-09 2.9000E-09 3.0277E-09 3.1578E-09 3.2895E-09 3.4219E-09 3.5559E-09 3.6903E-09 3.8243E-09 3.9576E-09 4.0895E-09 4.2207E-09 4.3499E-09 4.4765E-09 4.5995E-09 4.7207E-09 4.8383E-09 4.9518E-09 5.0603E-09 5.1657E-09 5.2665E-09 5.3617E-09 5.4521E-09 5.5382E-09 5.6191E-09 5.6940E-09 5.7633E-09 5.8279E-09 5.8868E-09 5.9399E-09 5.9866E-09 6.0285E-09 6.0651E-09
7.2509E-10 7.7571E-10 8.2914E-10 8.8460E-10 9.4390E-10 1.0063E-09 1.0719E-09 1.1401E-09 1.2118E-09 1.2873E-09 1.3656E-09 1.4480E-09 1.5333E-09 1.6222E-09 1.7152E-09 1.8112E-09 1.9107E-09 2.0143E-09 2.1209E-09 2.2312E-09 2.3449E-09 2.4617E-09 2.5819E-09 2.7052E-09 2.8311E-09 2.9594E-09 3.0908E-09 3.2233E-09 3.3581E-09 3.4942E-09 3.6310E-09 3.7680E-09 3.9048E-09 4.0410E-09 4.1765E-09 4.3099E-09 4.4414E-09 4.5701E-09 4.6968E-09 4.8202E-09 4.9392E-09 5.0544E-09 5.1661E-09 5.2734E-09 5.3748E-09 5.4723E-09 5.5651E-09 5.6529E-09 5.7346E-09 5.8108E-09 5.8822E-09 5.9480E-09 6.0078E-09 6.0612E-09 6.1098E-09 6.1530E-09 6.1899E-09
7.3574E-10 7.8730E-10 8.4173E-10 8.9910E-10 9.5929E-10 1.0223E-09 1.0891E-09 1.1590E-09 1.2325E-09 1.3090E-09 1.3890E-09 1.4730E-09 1.5601E-09 1.6514E-09 1.7458E-09 1.8438E-09 1.9460E-09 2.0513E-09 2.1602E-09 2.2732E-09 2.3895E-09 2.5088E-09 2.6318E-09 2.7575E-09 2.8865E-09 3.0178E-09 3.1518E-09 3.2879E-09 3.4254E-09 3.5643E-09 3.7039E-09 3.8442E-09 3.9839E-09 4.1232E-09 4.2610E-09 4.3967E-09 4.5307E-09 4.6627E-09 4.7917E-09 4.9165E-09 5.0378E-09 5.1558E-09 5.2695E-09 5.3774E-09 5.4815E-09 5.5812E-09 5.6757E-09 5.7644E-09 5.8476E-09 5.9260E-09 5.9987E-09 6.0655E-09 6.1259E-09 6.1813E-09 6.2313E-09 6.2749E-09 6.3118E-09
7.4680E-10 7.9880E-10 8.5378E-10 9.1218E-10 9.7375E-10 1.0385E-09 1.1061E-09 1.1771E-09 1.2520E-09 1.3299E-09 1.4120E-09 1.4972E-09 1.5863E-09 1.6791E-09 1.7754E-09 1.8756E-09 1.9797E-09 2.0872E-09 2.1986E-09 2.3137E-09 2.4324E-09 2.5543E-09 2.6803E-09 2.8087E-09 2.9402E-09 3.0749E-09 3.2115E-09 3.3502E-09 3.4906E-09 3.6327E-09 3.7753E-09 3.9184E-09 4.0609E-09 4.2025E-09 4.3428E-09 4.4815E-09 4.6184E-09 4.7519E-09 4.8828E-09 5.0103E-09 5.1344E-09 5.2544E-09 5.3689E-09 5.4796E-09 5.5859E-09 5.6873E-09 5.7829E-09 5.8731E-09 5.9586E-09 6.0385E-09 6.1123E-09 6.1797E-09 6.2423E-09 6.2993E-09 6.3498E-09 6.3941E-09 6.4326E-09
7.5653E-10 8.0985E-10 8.6615E-10 9.2508E-10 9.8729E-10 1.0532E-09 1.1222E-09 1.1949E-09 1.2707E-09 1.3504E-09 1.4336E-09 1.5204E-09 1.6115E-09 1.7058E-09 1.8042E-09 1.9064E-09 2.0125E-09 2.1220E-09 2.2357E-09 2.3532E-09 2.4743E-09 2.5990E-09 2.7269E-09 2.8579E-09 2.9927E-09 3.1293E-09 3.2691E-09 3.4109E-09 3.5542E-09 3.6988E-09 3.8445E-09 3.9899E-09 4.1350E-09 4.2796E-09 4.4225E-09 4.5637E-09 4.7022E-09 4.8388E-09 4.9720E-09 5.1020E-09 5.2269E-09 5.3490E-09 5.4661E-09 5.5791E-09 5.6865E-09 5.7898E-09 5.8870E-09 5.9797E-09 6.0667E-09 6.1477E-09 6.2223E-09 6.2920E-09 6.3563E-09 6.4140E-09 6.4653E-09 6.5108E-09 6.5509E-09
7.6572E-10 8.1988E-10 8.7707E-10 9.3746E-10 1.0011E-09 1.0673E-09 1.1376E-09 1.2115E-09 1.2886E-09 1.3698E-09 1.4544E-09 1.5429E-09 1.6353E-09 1.7313E-09 1.8315E-09 1.9356E-09 2.0436E-09 2.1556E-09 2.2714E-09 2.3908E-09 2.5143E-09 2.6414E-09 2.7721E-09 2.9057E-09 3.0428E-09 3.1828E-09 3.3249E-09 3.4692E-09 3.6156E-09 3.7629E-09 3.9109E-09 4.0593E-09 4.2070E-09 4.3537E-09 4.4987E-09 4.6426E-09 4.7842E-09 4.9227E-09 5.0580E-09 5.1893E-09 5.3175E-09 5.4410E-09 5.5606E-09 5.6746E-09 5.7843E-09 5.8890E-09 5.9887E-09 6.0826E-09 6.1712E-09 6.2531E-09 6.3301E-09 6.4017E-09 6.4667E-09 6.5253E-09 6.5780E-09 6.6251E-09 6.6664E-09
7.7525E-10 8.3017E-10 8.8735E-10 9.4865E-10 1.0132E-09 1.0810E-09 1.1525E-09 1.2270E-09 1.3058E-09 1.3881E-09 1.4740E-09 1.5643E-09 1.6580E-09 1.7559E-09 1.8579E-09 1.9638E-09 2.0734E-09 2.1874E-09 2.3053E-09 2.4271E-09 2.5529E-09 2.6821E-09 2.8152E-09 2.9516E-09 3.0912E-09 3.2331E-09 3.3782E-09 3.5255E-09 3.6743E-09 3.8245E-09 3.9750E-09 4.1256E-09 4.2757E-09 4.4248E-09 4.5730E-09 4.7192E-09 4.8622E-09 5.0025E-09 5.1403E-09 5.2744E-09 5.4041E-09 5.5292E-09 5.6507E-09 5.7669E-09 5.8786E-09 5.9851E-09 6.0865E-09 6.1819E-09 6.2714E-09 6.3559E-09 6.4349E-09 6.5074E-09 6.5734E-09 6.6334E-09 6.6879E-09 6.7365E-09 6.7783E-09
7.8332E-10 8.3900E-10 8.9790E-10 9.5977E-10 1.0246E-09 1.0937E-09 1.1663E-09 1.2420E-09 1.3220E-09 1.4054E-09 1.4929E-09 1.5843E-09 1.6795E-09 1.7790E-09 1.8826E-09 1.9902E-09 2.1020E-09 2.2178E-09 2.3375E-09 2.4618E-09 2.5894E-09 2.7211E-09 2.8562E-09 2.9951E-09 3.1372E-09 3.2819E-09 3.4296E-09 3.5791E-09 3.7307E-09 3.8831E-09 4.0360E-09 4.1893E-09 4.3418E-09 4.4932E-09 4.6428E-09 4.7913E-09 4.9368E-09 5.0800E-09 5.2197E-09 5.3546E-09 5.4867E-09 5.6141E-09 5.7374E-09 5.8555E-09 5.9692E-09 6.0772E-09 6.1799E-09 6.2771E-09 6.3689E-09 6.4554E-09 6.5351E-09 6.6090E-09 6.6765E-09 6.7385E-09 6.7945E-09 6.8438E-09 6.8870E-09
7.9076E-10 8.4716E-10 9.0682E-10 9.6978E-10 1.0359E-09 1.1056E-09 1.1788E-09 1.2559E-09 1.3370E-09 1.4216E-09 1.5106E-09 1.6031E-09 1.7000E-09 1.8010E-09 1.9062E-09 2.0152E-09 2.1287E-09 2.2464E-09 2.3682E-09 2.4942E-09 2.6240E-09 2.7578E-09 2.8958E-09 3.0366E-09 3.1807E-09 3.3282E-09 3.4780E-09 3.6299E-09 3.7839E-09 3.9386E-09 4.0943E-09 4.2495E-09 4.4038E-09 4.5578E-09 4.7104E-09 4.8605E-09 5.0086E-09 5.1524E-09 5.2942E-09 5.4318E-09 5.5657E-09 5.6950E-09 5.8197E-09 5.9401E-09 6.0551E-09 6.1653E-09 6.2697E-09 6.3688E-09 6.4624E-09 6.5501E-09 6.6311E-09 6.7067E-09 6.7764E-09 6.8400E-09 6.8968E-09 6.9476E-09 6.9924E-09
7.9844E-10 8.5527E-10 9.1500E-10 9.7873E-10 1.0460E-09 1.1165E-09 1.1908E-09 1.2689E-09 1.3509E-09 1.4366E-09 1.5268E-09 1.6206E-09 1.7188E-09 1.8213E-09 1.9279E-09 2.0388E-09 2.1540E-09 2.2731E-09 2.3969E-09 2.5251E-09 2.6567E-09 2.7930E-09 2.9321E-09 3.0755E-09 3.2222E-09 3.3716E-09 3.5240E-09 3.6783E-09 3.8342E-09 3.9915E-09 4.1489E-09 4.3062E-09 4.4635E-09 4.6193E-09 4.7730E-09 4.9252E-09 5.0752E-09 5.2221E-09 5.3653E-09 5.5048E-09 5.6402E-09 5.7716E-09 5.8982E-09 6.0199E-09 6.1372E-09 6.2491E-09 6.3548E-09 6.4558E-09 6.5514E-09 6.6404E-09 6.7235E-09 6.8004E-09 6.8722E-09 6.9363E-09 6.9952E-09 7.0477E-09 7.0938E-09
8.0458E-10 8.6231E-10 9.2332E-10 9.8727E-10 1.0549E-09 1.1265E-09 1.2017E-09 1.2807E-09 1.3637E-09 1.4507E-09 1.5418E-09 1.6368E-09 1.7365E-09 1.8403E-09 1.9480E-09 2.0604E-09 2.1772E-09 2.2982E-09 2.4237E-09 2.5532E-09 2.6870E-09 2.8253E-09 2.9667E-09 3.1121E-09 3.2607E-09 3.4126E-09 3.5668E-09 3.7232E-09 3.8816E-09 4.0406E-09 4.2004E-09 4.3599E-09 4.5183E-09 4.6764E-09 4.8326E-09 4.9870E-09 5.1388E-09 5.2868E-09 5.4318E-09 5.5735E-09 5.7106E-09 5.8434E-09 5.9718E-09 6.0957E-09 6.2147E-09 6.3275E-09 6.4358E-09 6.5384E-09 6.6354E-09 6.7265E-09 6.8110E-09 6.8905E-09 6.9625E-09 7.0292E-09 7.0897E-09 7.1436E-09 7.1913E-09
8.1003E-10 8.6832E-10 9.2995E-10 9.9481E-10 1.0635E-09 1.1355E-09 1.2115E-09 1.2914E-09 1.3753E-09 1.4632E-09 1.5554E-09 1.6515E-09 1.7524E-09 1.8572E-09 1.9668E-09 2.0806E-09 2.1985E-09 2.3212E-09 2.4482E-09 2.5796E-09 2.7153E-09 2.8548E-09 2.9985E-09 3.1458E-09 3.2964E-09 3.4504E-09 3.6066E-09 3.7654E-09 3.9253E-09 4.0863E-09 4.2476E-09 4.4093E-09 4.5704E-09 4.7300E-09 4.8876E-09 5.0434E-09 5.1969E-09 5.3475E-09 5.4942E-09 5.6371E-09 5.7760E-09 5.9110E-09 6.0411E-09 6.1663E-09 6.2871E-09 6.4025E-09 6.5119E-09 6.6164E-09 6.7147E-09 6.8074E-09 6.8936E-09 6.9744E-09 7.0490E-09 7.1174E-09 7.1786E-09 7.2351E-09 7.2849E-09
8.1539E-10 8.7355E-10 9.3574E-10 1.0015E-09 1.0708E-09 1.1434E-09 1.2204E-09 1.3009E-09 1.3856E-09 1.4745E-09 1.5676E-09 1.6650E-09 1.7668E-09 1.8726E-09 1.9835E-09 2.0986E-09 2.2182E-09 2.3423E-09 2.4706E-09 2.6036E-09 2.7409E-09 2.8824E-09 3.0276E-09 3.1768E-09 3.3295E-09 3.4850E-09 3.6431E-09 3.8037E-09 3.9655E-09 4.1286E-09 4.2918E-09 4.4549E-09 4.6173E-09 4.7786E-09 4.9386E-09 5.0965E-09 5.2509E-09 5.4031E-09 5.5515E-09 5.6964E-09 5.8370E-09 5.9733E-09 6.1050E-09 6.2324E-09 6.3544E-09 6.4715E-09 6.5828E-09 6.6889E-09 6.7888E-09 6.8833E-09 6.9719E-09 7.0543E-09 7.1302E-09 7.1998E-09 7.2647E-09 7.3225E-09 7.3731E-09
8.1967E-10 8.7891E-10 9.4109E-10 1.0069E-09 1.0769E-09 1.1504E-09 1.2280E-09 1.3092E-09 1.3947E-09 1.4844E-09 1.5784E-09 1.6767E-09 1.7795E-09 1.8867E-09 1.9984E-09 2.1144E-09 2.2356E-09 2.3609E-09 2.4909E-09 2.6251E-09 2.7640E-09 2.9071E-09 3.0538E-09 3.2048E-09 3.3593E-09 3.5165E-09 3.6767E-09 3.8386E-09 4.0020E-09 4.1664E-09 4.3316E-09 4.4966E-09 4.6607E-09 4.8236E-09 4.9848E-09 5.1438E-09 5.3006E-09 5.4539E-09 5.6042E-09 5.7503E-09 5.8926E-09 6.0309E-09 6.1643E-09 6.2924E-09 6.4171E-09 6.5358E-09 6.6483E-09 6.7561E-09 6.8578E-09 6.9545E-09 7.0444E-09 7.1281E-09 7.2062E-09 7.2791E-09 7.3454E-09 7.4035E-09 7.4579E-09
8.2289E-10 8.8254E-10 9.4542E-10 1.0122E-09 1.0821E-09 1.1562E-09 1.2345E-09 1.3162E-09 1.4025E-09 1.4929E-09 1.5877E-09 1.6868E-09 1.7905E-09 1.8987E-09 2.0117E-09 2.1287E-09 2.2508E-09 2.3774E-09 2.5087E-09 2.6445E-09 2.7848E-09 2.9286E-09 3.0776E-09 3.2302E-09 3.3855E-09 3.5445E-09 3.7063E-09 3.8698E-09 4.0351E-09 4.2010E-09 4.3673E-09 4.5334E-09 4.6989E-09 4.8637E-09 5.0267E-09 5.1871E-09 5.3450E-09 5.4998E-09 5.6515E-09 5.7996E-09 5.9434E-09 6.0828E-09 6.2178E-09 6.3484E-09 6.4738E-09 6.5942E-09 6.7084E-09 6.8179E-09 6.9218E-09 7.0193E-09 7.1115E-09 7.1975E-09 7.2784E-09 7.3517E-09 7.4194E-09 7.4819E-09 7.5373E-09
8.2534E-10 8.8533E-10 9.4886E-10 1.0160E-09 1.0864E-09 1.1612E-09 1.2395E-09 1.3221E-09 1.4089E-09 1.5000E-09 1.5954E-09 1.6956E-09 1.7998E-09 1.9088E-09 2.0224E-09 2.1407E-09 2.2641E-09 2.3915E-09 2.5237E-09 2.6610E-09 2.8025E-09 2.9480E-09 3.0981E-09 3.2516E-09 3.4090E-09 3.5696E-09 3.7324E-09 3.8971E-09 4.0634E-09 4.2311E-09 4.3990E-09 4.5666E-09 4.7338E-09 4.8991E-09 5.0631E-09 5.2252E-09 5.3848E-09 5.5408E-09 5.6936E-09 5.8427E-09 5.9884E-09 6.1297E-09 6.2658E-09 6.3975E-09 6.5255E-09 6.6471E-09 6.7628E-09 6.8740E-09 6.9797E-09 7.0795E-09 7.1734E-09 7.2608E-09 7.3431E-09 7.4194E-09 7.4895E-09 7.5540E-09 7.6111E-09
8.2762E-10 8.8725E-10 9.5109E-10 1.0186E-09 1.0896E-09 1.1645E-09 1.2435E-09 1.3266E-09 1.4139E-09 1.5055E-09 1.6016E-09 1.7022E-09 1.8076E-09 1.9173E-09 2.0314E-09 2.1507E-09 2.2749E-09 2.4033E-09 2.5371E-09 2.6746E-09 2.8172E-09 2.9646E-09 3.1155E-09 3.2703E-09 3.4289E-09 3.5903E-09 3.7547E-09 3.9210E-09 4.0885E-09 4.2570E-09 4.4257E-09 4.5944E-09 4.7628E-09 4.9301E-09 5.0952E-09 5.2582E-09 5.4185E-09 5.5763E-09 5.7308E-09 5.8813E-09 6.0282E-09 6.1702E-09 6.3086E-09 6.4423E-09 6.5709E-09 6.6937E-09 6.8114E-09 6.9249E-09 7.0318E-09 7.1329E-09 7.2286E-09 7.3193E-09 7.4036E-09 7.4818E-09 7.5536E-09 7.6202E-09 7.6797E-09
8.2875E-10 8.8900E-10 9.5281E-10 1.0201E-09 1.0917E-09 1.1670E-09 1.2463E-09 1.3298E-09 1.4175E-09 1.5096E-09 1.6062E-09 1.7072E-09 1.8130E-09 1.9236E-09 2.0384E-09 2.1584E-09 2.2831E-09 2.4127E-09 2.5473E-09 2.6860E-09 2.8296E-09 2.9774E-09 3.1297E-09 3.2859E-09 3.4453E-09 3.6081E-09 3.7731E-09 3.9401E-09 4.1090E-09 4.2785E-09 4.4487E-09 4.6184E-09 4.7875E-09 4.9553E-09 5.1219E-09 5.2864E-09 5.4478E-09 5.6067E-09 5.7616E-09 5.9138E-09 6.0620E-09 6.2054E-09 6.3452E-09 6.4799E-09 6.6105E-09 6.7352E-09 6.8545E-09 6.9687E-09 7.0779E-09 7.1812E-09 7.2797E-09 7.3718E-09 7.4566E-09 7.5379E-09 7.6123E-09 7.6810E-09 7.7435E-09
8.2878E-10 8.8918E-10 9.5344E-10 1.0212E-09 1.0927E-09 1.1683E-09 1.2478E-09 1.3316E-09 1.4197E-09 1.5122E-09 1.6094E-09 1.7106E-09 1.8168E-09 1.9277E-09 2.0433E-09 2.1642E-09 2.2893E-09 2.4192E-09 2.5546E-09 2.6945E-09 2.8385E-09 2.9875E-09 3.1407E-09 3.2974E-09 3.4581E-09 3.6218E-09 3.7876E-09 3.9559E-09 4.1249E-09 4.2955E-09 4.4662E-09 4.6372E-09 4.8076E-09 4.9763E-09 5.1434E-09 5.3084E-09 5.4713E-09 5.6313E-09 5.7877E-09 5.9410E-09 6.0896E-09 6.2352E-09 6.3763E-09 6.5119E-09 6.6439E-09 6.7697E-09 6.8911E-09 7.0074E-09 7.1178E-09 7.2223E-09 7.3227E-09 7.4168E-09 7.5050E-09 7.5884E-09 7.6646E-09 7.7355E-09 7.8012E-09
8.2797E-10 8.8876E-10 9.5311E-10 1.0207E-09 1.0926E-09 1.1681E-09 1.2481E-09 1.3321E-09 1.4201E-09 1.5131E-09 1.6104E-09 1.7122E-09 1.8187E-09 1.9300E-09 2.0462E-09 2.1675E-09 2.2930E-09 2.4242E-09 2.5596E-09 2.6997E-09 2.8452E-09 2.9945E-09 3.1481E-09 3.3062E-09 3.4672E-09 3.6313E-09 3.7982E-09 3.9671E-09 4.1372E-09 4.3081E-09 4.4796E-09 4.6513E-09 4.8219E-09 4.9919E-09 5.1602E-09 5.3259E-09 5.4897E-09 5.6498E-09 5.8076E-09 5.9620E-09 6.1118E-09 6.2585E-09 6.4004E-09 6.5378E-09 6.6713E-09 6.7989E-09 6.9214E-09 7.0388E-09 7.1513E-09 7.2591E-09 7.3609E-09 7.4559E-09 7.5468E-09 7.6323E-09 7.7110E-09 7.7849E-09 7.8521E-09
8.2633E-10 8.8715E-10 9.5155E-10 1.0194E-09 1.0914E-09 1.1670E-09 1.2471E-09 1.3312E-09 1.4194E-09 1.5125E-09 1.6097E-09 1.7120E-09 1.8191E-09 1.9303E-09 2.0468E-09 2.1682E-09 2.2944E-09 2.4260E-09 2.5618E-09 2.7028E-09 2.8481E-09 2.9983E-09 3.1528E-09 3.3108E-09 3.4727E-09 3.6372E-09 3.8043E-09 3.9737E-09 4.1447E-09 4.3162E-09 4.4886E-09 4.6605E-09 4.8317E-09 5.0022E-09 5.1707E-09 5.3376E-09 5.5021E-09 5.6635E-09 5.8222E-09 5.9767E-09 6.1284E-09 6.2762E-09 6.4189E-09 6.5574E-09 6.6918E-09 6.8213E-09 6.9452E-09 7.0643E-09 7.1793E-09 7.2875E-09 7.3911E-09 7.4901E-09 7.5825E-09 7.6701E-09 7.7518E-09 7.8270E-09 7.8975E-09
