Assets/Resources/2015_m01_d25_1600(utc+0800)_l00_csi_1hr_conc.grd
DSAA
         159         159
     -79.000      79.000
     -79.000      79.000
  0.0000E+00  0.1678E-04
[rows 50 to 74 of 159, columns 57 to 113 of 159]
1.5004E-10 1.7814E-10 2.1007E-10 2.4644E-10 2.9152E-10 3.4291E-10 4.0049E-10 4.7093E-10 5.4998E-10 6.3649E-10 7.3380E-10 8.3936E-10 9.5329E-10 1.0775E-09 1.2114E-09 1.3557E-09 1.5108E-09 1.6765E-09 1.8527E-09 2.0394E-09 2.2363E-09 2.4419E-09 2.6551E-09 2.8747E-09 3.0995E-09 3.3282E-09 3.5584E-09 3.7894E-09 4.0187E-09 4.2452E-09 4.4663E-09 4.6803E-09 4.8854E-09 5.0791E-09 5.2601E-09 5.4264E-09 5.5764E-09 5.7088E-09 5.8226E-09 5.9164E-09 5.9891E-09 6.0400E-09 6.0686E-09 6.0749E-09 6.0589E-09 6.0209E-09 5.9616E-09 5.8821E-09 5.7832E-09 5.6658E-09 5.5310E-09 5.3811E-09 5.2179E-09 5.0427E-09 4.8560E-09 4.6603E-09 4.4598E-09
1.5319E-10 1.8261E-10 2.1529E-10 2.5253E-10 2.9701E-10 3.4708E-10 4.0658E-10 4.7681E-10 5.5504E-10 6.4543E-10 7.4515E-10 8.5286E-10 9.6902E-10 1.0938E-09 1.2289E-09 1.3750E-09 1.5319E-09 1.7000E-09 1.8794E-09 2.0695E-09 2.2693E-09 2.4778E-09 2.6938E-09 2.9166E-09 3.1441E-09 3.3754E-09 3.6091E-09 3.8431E-09 4.0756E-09 4.3047E-09 4.5280E-09 4.7441E-09 4.9504E-09 5.1452E-09 5.3266E-09 5.4928E-09 5.6421E-09 5.7728E-09 5.8838E-09 5.9743E-09 6.0435E-09 6.0906E-09 6.1150E-09 6.1166E-09 6.0955E-09 6.0520E-09 5.9866E-09 5.9002E-09 5.7940E-09 5.6690E-09 5.5278E-09 5.3719E-09 5.2023E-09 5.0200E-09 4.8282E-09 4.6288E-09 4.4229E-09
1.5613E-10 1.8671E-10 2.2002E-10 2.5834E-10 3.0163E-10 3.5275E-10 4.1360E-10 4.8372E-10 5.6132E-10 6.5478E-10 7.5537E-10 8.6574E-10 9.8221E-10 1.1088E-09 1.2455E-09 1.3934E-09 1.5527E-09 1.7240E-09 1.9064E-09 2.0993E-09 2.3018E-09 2.5131E-09 2.7320E-09 2.9577E-09 3.1887E-09 3.4235E-09 3.6607E-09 3.8976E-09 4.1332E-09 4.3648E-09 4.5909E-09 4.8094E-09 5.0175E-09 5.2136E-09 5.3959E-09 5.5623E-09 5.7109E-09 5.8404E-09 5.9496E-09 6.0373E-09 6.1027E-09 6.1454E-09 6.1653E-09 6.1620E-09 6.1353E-09 6.0856E-09 6.0136E-09 5.9206E-09 5.8078E-09 5.6771E-09 5.5294E-09 5.3658E-09 5.1877E-09 4.9996E-09 4.8023E-09 4.5969E-09 4.3852E-09
1.5884E-10 1.9062E-10 2.2449E-10 2.6341E-10 3.0762E-10 3.5827E-10 4.2096E-10 4.9033E-10 5.6874E-10 6.6010E-10 7.6459E-10 8.7531E-10 9.9405E-10 1.1220E-09 1.2611E-09 1.4110E-09 1.5733E-09 1.7475E-09 1.9329E-09 2.1283E-09 2.3336E-09 2.5479E-09 2.7699E-09 2.9989E-09 3.2336E-09 3.4718E-09 3.7120E-09 3.9526E-09 4.1916E-09 4.4265E-09 4.6557E-09 4.8764E-09 5.0867E-09 5.2847E-09 5.4683E-09 5.6352E-09 5.7838E-09 5.9126E-09 6.0204E-09 6.1059E-09 6.1683E-09 6.2068E-09 6.2213E-09 6.2120E-09 6.1791E-09 6.1229E-09 6.0445E-09 5.9448E-09 5.8255E-09 5.6876E-09 5.5320E-09 5.3613E-09 5.1782E-09 4.9838E-09 4.7784E-09 4.5665E-09 4.3505E-09
1.6091E-10 1.9293E-10 2.2860E-10 2.6810E-10 3.1310E-10 3.6421E-10 4.2558E-10 4.9645E-10 5.7695E-10 6.6930E-10 7.7221E-10 8.8263E-10 1.0038E-09 1.1339E-09 1.2749E-09 1.4286E-09 1.5936E-09 1.7701E-09 1.9576E-09 2.1560E-09 2.3645E-09 2.5820E-09 2.8078E-09 3.0402E-09 3.2780E-09 3.5201E-09 3.7640E-09 4.0087E-09 4.2510E-09 4.4895E-09 4.7217E-09 4.9453E-09 5.1582E-09 5.3583E-09 5.5431E-09 5.7109E-09 5.8599E-09 5.9883E-09 6.0948E-09 6.1780E-09 6.2373E-09 6.2720E-09 6.2820E-09 6.2672E-09 6.2281E-09 6.1658E-09 6.0811E-09 5.9746E-09 5.8475E-09 5.7008E-09 5.5380E-09 5.3609E-09 5.1706E-09 4.9683E-09 4.7579E-09 4.5411E-09 4.3178E-09
1.6214E-10 1.9559E-10 2.3199E-10 2.7219E-10 3.1804E-10 3.6966E-10 4.3074E-10 5.0162E-10 5.8307E-10 6.7649E-10 7.7984E-10 8.9024E-10 1.0114E-09 1.1440E-09 1.2883E-09 1.4444E-09 1.6124E-09 1.7912E-09 1.9814E-09 2.1824E-09 2.3939E-09 2.6150E-09 2.8444E-09 3.0810E-09 3.3227E-09 3.5687E-09 3.8166E-09 4.0649E-09 4.3111E-09 4.5536E-09 4.7892E-09 5.0161E-09 5.2321E-09 5.4346E-09 5.6213E-09 5.7904E-09 5.9398E-09 6.0679E-09 6.1731E-09 6.2544E-09 6.3108E-09 6.3418E-09 6.3472E-09 6.3272E-09 6.2827E-09 6.2138E-09 6.1214E-09 6.0070E-09 5.8724E-09 5.7198E-09 5.5501E-09 5.3647E-09 5.1648E-09 4.9566E-09 4.7400E-09 4.5159E-09 4.2881E-09
1.6355E-10 1.9714E-10 2.3441E-10 2.7562E-10 3.2204E-10 3.7453E-10 4.3638E-10 5.0533E-10 5.8838E-10 6.8170E-10 7.8617E-10 8.9609E-10 1.0178E-09 1.1531E-09 1.3004E-09 1.4582E-09 1.6282E-09 1.8097E-09 2.0032E-09 2.2074E-09 2.4222E-09 2.6464E-09 2.8796E-09 3.1204E-09 3.3669E-09 3.6170E-09 3.8695E-09 4.1219E-09 4.3727E-09 4.6190E-09 4.8587E-09 5.0895E-09 5.3087E-09 5.5139E-09 5.7028E-09 5.8733E-09 6.0234E-09 6.1514E-09 6.2558E-09 6.3354E-09 6.3893E-09 6.4170E-09 6.4182E-09 6.3932E-09 6.3425E-09 6.2666E-09 6.1667E-09 6.0447E-09 5.9027E-09 5.7419E-09 5.5637E-09 5.3706E-09 5.1656E-09 4.9501E-09 4.7237E-09 4.4940E-09 4.2608E-09
1.6412E-10 1.9851E-10 2.3656E-10 2.7861E-10 3.2530E-10 3.7845E-10 4.4099E-10 5.1085E-10 5.9273E-10 6.8619E-10 7.9028E-10 9.0173E-10 1.0244E-09 1.1608E-09 1.3106E-09 1.4715E-09 1.6431E-09 1.8269E-09 2.0229E-09 2.2306E-09 2.4485E-09 2.6768E-09 2.9138E-09 3.1582E-09 3.4093E-09 3.6646E-09 3.9225E-09 4.1799E-09 4.4353E-09 4.6860E-09 4.9300E-09 5.1648E-09 5.3874E-09 5.5955E-09 5.7868E-09 5.9590E-09 6.1101E-09 6.2382E-09 6.3419E-09 6.4198E-09 6.4712E-09 6.4956E-09 6.4926E-09 6.4626E-09 6.4062E-09 6.3243E-09 6.2184E-09 6.0896E-09 5.9390E-09 5.7682E-09 5.5815E-09 5.3811E-09 5.1683E-09 4.9439E-09 4.7132E-09 4.4770E-09 4.2348E-09
1.6401E-10 1.9863E-10 2.3720E-10 2.7981E-10 3.2795E-10 3.8253E-10 4.4394E-10 5.1441E-10 5.9651E-10 6.8802E-10 7.9380E-10 9.0581E-10 1.0309E-09 1.1699E-09 1.3181E-09 1.4816E-09 1.6567E-09 1.8428E-09 2.0413E-09 2.2518E-09 2.4728E-09 2.7051E-09 2.9463E-09 3.1954E-09 3.4511E-09 3.7113E-09 3.9739E-09 4.2373E-09 4.4985E-09 4.7545E-09 5.0034E-09 5.2421E-09 5.4684E-09 5.6798E-09 5.8737E-09 6.0479E-09 6.2002E-09 6.3287E-09 6.4318E-09 6.5084E-09 6.5574E-09 6.5784E-09 6.5713E-09 6.5363E-09 6.4744E-09 6.3864E-09 6.2735E-09 6.1364E-09 5.9778E-09 5.8008E-09 5.6066E-09 5.3966E-09 5.1731E-09 4.9425E-09 4.7045E-09 4.4599E-09 4.2143E-09
1.6289E-10 1.9856E-10 2.3763E-10 2.8146E-10 3.2959E-10 3.8360E-10 4.4650E-10 5.1615E-10 5.9817E-10 6.9051E-10 7.9390E-10 9.0543E-10 1.0370E-09 1.1756E-09 1.3274E-09 1.4901E-09 1.6664E-09 1.8555E-09 2.0577E-09 2.2714E-09 2.4960E-09 2.7321E-09 2.9776E-09 3.2316E-09 3.4916E-09 3.7573E-09 4.0255E-09 4.2945E-09 4.5611E-09 4.8231E-09 5.0771E-09 5.3203E-09 5.5503E-09 5.7649E-09 5.9615E-09 6.1377E-09 6.2913E-09 6.4204E-09 6.5234E-09 6.5989E-09 6.6461E-09 6.6644E-09 6.6538E-09 6.6145E-09 6.5471E-09 6.4528E-09 6.3320E-09 6.1873E-09 6.0217E-09 5.8364E-09 5.6329E-09 5.4149E-09 5.1855E-09 4.9463E-09 4.6973E-09 4.4473E-09 4.1951E-09
1.6243E-10 1.9810E-10 2.3730E-10 2.8118E-10 3.2971E-10 3.8442E-10 4.4632E-10 5.1717E-10 5.9787E-10 6.9041E-10 7.9739E-10 9.1008E-10 1.0368E-09 1.1804E-09 1.3327E-09 1.4984E-09 1.6764E-09 1.8678E-09 2.0723E-09 2.2895E-09 2.5184E-09 2.7582E-09 3.0077E-09 3.2663E-09 3.5323E-09 3.8032E-09 4.0767E-09 4.3503E-09 4.6219E-09 4.8893E-09 5.1493E-09 5.3988E-09 5.6346E-09 5.8537E-09 6.0540E-09 6.2328E-09 6.3849E-09 6.5148E-09 6.6178E-09 6.6924E-09 6.7377E-09 6.7532E-09 6.7387E-09 6.6947E-09 6.6217E-09 6.5211E-09 6.3942E-09 6.2428E-09 6.0692E-09 5.8744E-09 5.6628E-09 5.4371E-09 5.1989E-09 4.9506E-09 4.6969E-09 4.4381E-09 4.1768E-09
1.6078E-10 1.9612E-10 2.3568E-10 2.7960E-10 3.2916E-10 3.8367E-10 4.4519E-10 5.1471E-10 5.9707E-10 6.8838E-10 7.9410E-10 9.1281E-10 1.0401E-09 1.1795E-09 1.3329E-09 1.5038E-09 1.6839E-09 1.8786E-09 2.0858E-09 2.3063E-09 2.5387E-09 2.7832E-09 3.0374E-09 3.3009E-09 3.5716E-09 3.8468E-09 4.1262E-09 4.4065E-09 4.6853E-09 4.9594E-09 5.2257E-09 5.4813E-09 5.7232E-09 5.9456E-09 6.1500E-09 6.3280E-09 6.4852E-09 6.6162E-09 6.7193E-09 6.7930E-09 6.8322E-09 6.8449E-09 6.8267E-09 6.7779E-09 6.7036E-09 6.5969E-09 6.4629E-09 6.2997E-09 6.1181E-09 5.9162E-09 5.6966E-09 5.4614E-09 5.2143E-09 4.9590E-09 4.6969E-09 4.4307E-09 4.1646E-09
1.5891E-10 1.9350E-10 2.3326E-10 2.7774E-10 3.2730E-10 3.8181E-10 4.4332E-10 5.1021E-10 5.9265E-10 6.9070E-10 7.9445E-10 9.1025E-10 1.0387E-09 1.1821E-09 1.3352E-09 1.5046E-09 1.6907E-09 1.8868E-09 2.0970E-09 2.3208E-09 2.5578E-09 2.8064E-09 3.0656E-09 3.3338E-09 3.6099E-09 3.8933E-09 4.1800E-09 4.4679E-09 4.7548E-09 5.0363E-09 5.3080E-09 5.5696E-09 5.8140E-09 6.0433E-09 6.2482E-09 6.4344E-09 6.5947E-09 6.7222E-09 6.8252E-09 6.8931E-09 6.9348E-09 6.9446E-09 6.9224E-09 6.8787E-09 6.7906E-09 6.6772E-09 6.5311E-09 6.3642E-09 6.1740E-09 5.9634E-09 5.7349E-09 5.4881E-09 5.2334E-09 4.9682E-09 4.6985E-09 4.4259E-09 4.1510E-09
1.5744E-10 1.9088E-10 2.3047E-10 2.7431E-10 3.2308E-10 3.7834E-10 4.3888E-10 5.0605E-10 5.8593E-10 6.8501E-10 7.8840E-10 9.0961E-10 1.0361E-09 1.1792E-09 1.3377E-09 1.5060E-09 1.6915E-09 1.8899E-09 2.1077E-09 2.3342E-09 2.5748E-09 2.8276E-09 3.0929E-09 3.3689E-09 3.6546E-09 3.9463E-09 4.2412E-09 4.5382E-09 4.8309E-09 5.1174E-09 5.3962E-09 5.6604E-09 5.9131E-09 6.1475E-09 6.3609E-09 6.5457E-09 6.7039E-09 6.8388E-09 6.9371E-09 7.0088E-09 7.0477E-09 7.0697E-09 7.0402E-09 6.9777E-09 6.8880E-09 6.7619E-09 6.6124E-09 6.4366E-09 6.2373E-09 6.0134E-09 5.7720E-09 5.5201E-09 5.2564E-09 4.9841E-09 4.7062E-09 4.4222E-09 4.1411E-09
1.5441E-10 1.8696E-10 2.2553E-10 2.6914E-10 3.1889E-10 3.7346E-10 4.3370E-10 4.9937E-10 5.7871E-10 6.7990E-10 7.8588E-10 9.0446E-10 1.0358E-09 1.1770E-09 1.3338E-09 1.5046E-09 1.6934E-09 1.8961E-09 2.1119E-09 2.3422E-09 2.5917E-09 2.8525E-09 3.1265E-09 3.4117E-09 3.7055E-09 4.0037E-09 4.3075E-09 4.6105E-09 4.9111E-09 5.2015E-09 5.4870E-09 5.7612E-09 6.0199E-09 6.2597E-09 6.4721E-09 6.6656E-09 6.8256E-09 6.9617E-09 7.0662E-09 7.1435E-09 7.1883E-09 7.1874E-09 7.1578E-09 7.0882E-09 6.9912E-09 6.8618E-09 6.6986E-09 6.5134E-09 6.3004E-09 6.0709E-09 5.8198E-09 5.5581E-09 5.2848E-09 5.0005E-09 4.7114E-09 4.4231E-09 4.1334E-09
1.5103E-10 1.8315E-10 2.2064E-10 2.6440E-10 3.1248E-10 3.6659E-10 4.2618E-10 4.9201E-10 5.7715E-10 6.7210E-10 7.7899E-10 8.9755E-10 1.0289E-09 1.1744E-09 1.3310E-09 1.5021E-09 1.6922E-09 1.8986E-09 2.1182E-09 2.3556E-09 2.6107E-09 2.8787E-09 3.1658E-09 3.4589E-09 3.7583E-09 4.0661E-09 4.3766E-09 4.6873E-09 4.9932E-09 5.2962E-09 5.5897E-09 5.8713E-09 6.1365E-09 6.3754E-09 6.5924E-09 6.7896E-09 6.9578E-09 7.0947E-09 7.2125E-09 7.2856E-09 7.3168E-09 7.3191E-09 7.2845E-09 7.2078E-09 7.1015E-09 6.9575E-09 6.7895E-09 6.5903E-09 6.3716E-09 6.1319E-09 5.8709E-09 5.5986E-09 5.3127E-09 5.0189E-09 4.7231E-09 4.4240E-09 4.1260E-09
1.4753E-10 1.7900E-10 2.1501E-10 2.5737E-10 3.0499E-10 3.5908E-10 4.1708E-10 4.8218E-10 5.6946E-10 6.6748E-10 7.7220E-10 8.8865E-10 1.0228E-09 1.1653E-09 1.3248E-09 1.5015E-09 1.6903E-09 1.8997E-09 2.1256E-09 2.3761E-09 2.6380E-09 2.9142E-09 3.2023E-09 3.5003E-09 3.8145E-09 4.1299E-09 4.4487E-09 4.7653E-09 5.0829E-09 5.3946E-09 5.6968E-09 5.9867E-09 6.2589E-09 6.5033E-09 6.7313E-09 6.9317E-09 7.1084E-09 7.2556E-09 7.3573E-09 7.4292E-09 7.4636E-09 7.4603E-09 7.4129E-09 7.3345E-09 7.2142E-09 7.0656E-09 6.8864E-09 6.6801E-09 6.4464E-09 6.1924E-09 5.9218E-09 5.6386E-09 5.3423E-09 5.0388E-09 4.7313E-09 4.4262E-09 4.1203E-09
1.4319E-10 1.7366E-10 2.0866E-10 2.4980E-10 2.9686E-10 3.4910E-10 4.0614E-10 4.7087E-10 5.5979E-10 6.5782E-10 7.6364E-10 8.8077E-10 1.0122E-09 1.1582E-09 1.3184E-09 1.4951E-09 1.6930E-09 1.9070E-09 2.1422E-09 2.3967E-09 2.6631E-09 2.9496E-09 3.2450E-09 3.5546E-09 3.8720E-09 4.1970E-09 4.5316E-09 4.8616E-09 5.1895E-09 5.5113E-09 5.8228E-09 6.1141E-09 6.3850E-09 6.6430E-09 6.8763E-09 7.0918E-09 7.2808E-09 7.4174E-09 7.5249E-09 7.5935E-09 7.6227E-09 7.6128E-09 7.5525E-09 7.4650E-09 7.3402E-09 7.1813E-09 6.9911E-09 6.7697E-09 6.5239E-09 6.2607E-09 5.9773E-09 5.6805E-09 5.3734E-09 5.0628E-09 4.7458E-09 4.4290E-09 4.1152E-09
1.3819E-10 1.6825E-10 2.0234E-10 2.4205E-10 2.8730E-10 3.3799E-10 3.9411E-10 4.6214E-10 5.4642E-10 6.4701E-10 7.5302E-10 8.7225E-10 1.0033E-09 1.1485E-09 1.3110E-09 1.4935E-09 1.6955E-09 1.9207E-09 2.1622E-09 2.4184E-09 2.6909E-09 2.9865E-09 3.2922E-09 3.6176E-09 3.9484E-09 4.2843E-09 4.6247E-09 4.9666E-09 5.2987E-09 5.6370E-09 5.9501E-09 6.2573E-09 6.5440E-09 6.8083E-09 7.0635E-09 7.2770E-09 7.4494E-09 7.5952E-09 7.7010E-09 7.7663E-09 7.7904E-09 7.7672E-09 7.7104E-09 7.6126E-09 7.4760E-09 7.3034E-09 7.0945E-09 6.8647E-09 6.6075E-09 6.3283E-09 6.0344E-09 5.7247E-09 5.4056E-09 5.0813E-09 4.7577E-09 4.4318E-09 4.1100E-09
1.3407E-10 1.6236E-10 1.9455E-10 2.3270E-10 2.7683E-10 3.2653E-10 3.8092E-10 4.4983E-10 5.3656E-10 6.3669E-10 7.4122E-10 8.5994E-10 9.9302E-10 1.1392E-09 1.3054E-09 1.4960E-09 1.7063E-09 1.9330E-09 2.1800E-09 2.4447E-09 2.7332E-09 3.0361E-09 3.3537E-09 3.6915E-09 4.0339E-09 4.3890E-09 4.7666E-09 5.1137E-09 5.4655E-09 5.7989E-09 6.1299E-09 6.4444E-09 6.7334E-09 7.0333E-09 7.2704E-09 7.4880E-09 7.6697E-09 7.8054E-09 7.9041E-09 7.9555E-09 7.9663E-09 7.9421E-09 7.8751E-09 7.7659E-09 7.6171E-09 7.4288E-09 7.2131E-09 6.9649E-09 6.6928E-09 6.4032E-09 6.0935E-09 5.7711E-09 5.4398E-09 5.1035E-09 4.7660E-09 4.4341E-09 4.1040E-09
1.2840E-10 1.5487E-10 1.8715E-10 2.2421E-10 2.6667E-10 3.1248E-10 3.6688E-10 4.3441E-10 5.2030E-10 6.2327E-10 7.2607E-10 8.4652E-10 9.7996E-10 1.1344E-09 1.3091E-09 1.5026E-09 1.7154E-09 1.9508E-09 2.2188E-09 2.4988E-09 2.8206E-09 3.1403E-09 3.4805E-09 3.8267E-09 4.2055E-09 4.5987E-09 4.9563E-09 5.3208E-09 5.7064E-09 6.0567E-09 6.3908E-09 6.6970E-09 7.0076E-09 7.2715E-09 7.5211E-09 7.7314E-09 7.8967E-09 8.0394E-09 8.1251E-09 8.1692E-09 8.1753E-09 8.1395E-09 8.0584E-09 7.9301E-09 7.7630E-09 7.5646E-09 7.3297E-09 7.0706E-09 6.7827E-09 6.4751E-09 6.1547E-09 5.8182E-09 5.4745E-09 5.1299E-09 4.7785E-09 4.4335E-09 4.0980E-09
1.2287E-10 1.4890E-10 1.7941E-10 2.1409E-10 2.5467E-10 2.9999E-10 3.5480E-10 4.1927E-10 5.0560E-10 6.0789E-10 7.1386E-10 8.3478E-10 9.7448E-10 1.1343E-09 1.3153E-09 1.5207E-09 1.7572E-09 2.0171E-09 2.3477E-09 2.6496E-09 3.0000E-09 3.3627E-09 3.7227E-09 4.1175E-09 4.5298E-09 4.9125E-09 5.2945E-09 5.6905E-09 6.0584E-09 6.4035E-09 6.7103E-09 7.0226E-09 7.3190E-09 7.5892E-09 7.8180E-09 8.0151E-09 8.1860E-09 8.2972E-09 8.3668E-09 8.4062E-09 8.4006E-09 8.3407E-09 8.2397E-09 8.1002E-09 7.9202E-09 7.6963E-09 7.4496E-09 7.1736E-09 6.8703E-09 6.5463E-09 6.2077E-09 5.8612E-09 5.5038E-09 5.1437E-09 4.7879E-09 4.4302E-09 4.0832E-09
1.1748E-10 1.4193E-10 1.7048E-10 2.0502E-10 2.4377E-10 2.8628E-10 3.3822E-10 4.0827E-10 4.8838E-10 5.9129E-10 6.9786E-10 8.2309E-10 9.7185E-10 1.1489E-09 1.3569E-09 1.5756E-09 1.9201E-09 2.2082E-09 2.5816E-09 2.9520E-09 3.3126E-09 3.7153E-09 4.1401E-09 4.5353E-09 4.9358E-09 5.3334E-09 5.7502E-09 6.1296E-09 6.4620E-09 6.7836E-09 7.1097E-09 7.4172E-09 7.6712E-09 7.9236E-09 8.1610E-09 8.3605E-09 8.4995E-09 8.6002E-09 8.6657E-09 8.6765E-09 8.6438E-09 8.5691E-09 8.4466E-09 8.2821E-09 8.0836E-09 7.8498E-09 7.5757E-09 7.2832E-09 6.9662E-09 6.6262E-09 6.2711E-09 5.9065E-09 5.5394E-09 5.1668E-09 4.7964E-09 4.4324E-09 4.0763E-09
1.1121E-10 1.3467E-10 1.6280E-10 1.9468E-10 2.3084E-10 2.7247E-10 3.2533E-10 3.9179E-10 4.7546E-10 5.7135E-10 6.8528E-10 8.2635E-10 9.9859E-10 1.2058E-09 1.5203E-09 1.7961E-09 2.1782E-09 2.5882E-09 2.9497E-09 3.3332E-09 3.7735E-09 4.1989E-09 4.6329E-09 5.0631E-09 5.4896E-09 5.9005E-09 6.2908E-09 6.6345E-09 6.9752E-09 7.3085E-09 7.6031E-09 7.8621E-09 8.1352E-09 8.3770E-09 8.5630E-09 8.7323E-09 8.8663E-09 8.9425E-09 8.9645E-09 8.9639E-09 8.9126E-09 8.8099E-09 8.6668E-09 8.4859E-09 8.2586E-09 8.0007E-09 7.7156E-09 7.3946E-09 7.0601E-09 6.7064E-09 6.3354E-09 5.9547E-09 5.5701E-09 5.1885E-09 4.8065E-09 4.4320E-09 4.0677E-09
1.0527E-10 1.2783E-10 1.5400E-10 1.8401E-10 2.1918E-10 2.6048E-10 3.1015E-10 3.7726E-10 4.5782E-10 5.5940E-10 6.9108E-10 8.5929E-10 1.0673E-09 1.3060E-09 1.7734E-09 2.2033E-09 2.5732E-09 2.9727E-09 3.4149E-09 3.8650E-09 4.3265E-09 4.7984E-09 5.2739E-09 5.7341E-09 6.1800E-09 6.6003E-09 6.9902E-09 7.3491E-09 7.6658E-09 7.9309E-09 8.2052E-09 8.4671E-09 8.6741E-09 8.8874E-09 9.0708E-09 9.1828E-09 9.2629E-09 9.3201E-09 9.3214E-09 9.2802E-09 9.1987E-09 9.0760E-09 8.8927E-09 8.6827E-09 8.4398E-09 8.1551E-09 7.8442E-09 7.5111E-09 7.1479E-09 6.7764E-09 6.3884E-09 5.9956E-09 5.5958E-09 5.1980E-09 4.8078E-09 4.4211E-09 4.0520E-09
