Assets/Resources/2015_m01_d04_0600(utc+0800)_l00_csi_1hr_conc.grd
DSAA
         159         159
     -79.000      79.000
     -79.000      79.000
  0.2573E-10  0.2469E-04
[rows 100 to 124 of 159, columns 57 to 113 of 159]
5.5824E-10 8.3305E-10 9.2739E-10 1.0341E-09 1.1544E-09 1.3651E-09 1.5792E-09 1.8187E-09 2.0743E-09 2.3810E-09 2.8061E-09 3.3233E-09 3.7362E-09 4.2604E-09 4.7764E-09 5.5214E-09 6.2755E-09 7.1955E-09 8.1014E-09 9.1107E-09 1.0310E-08 1.1589E-08 1.3010E-08 1.4581E-08 1.6312E-08 1.8204E-08 2.0258E-08 2.2467E-08 2.4817E-08 2.7405E-08 3.0003E-08 3.2656E-08 3.5612E-08 3.8256E-08 4.0784E-08 4.3147E-08 4.5306E-08 4.7015E-08 4.8770E-08 5.0260E-08 5.1596E-08 5.2684E-08 5.3520E-08 5.4109E-08 5.4493E-08 5.4853E-08 5.5207E-08 5.5366E-08 5.5287E-08 5.4964E-08 5.4463E-08 5.3775E-08 5.2975E-08 5.2076E-08 5.1106E-08 5.0043E-08 4.8891E-08
5.4812E-10 8.0461E-10 8.9368E-10 9.9429E-10 1.1077E-09 1.3053E-09 1.4595E-09 1.6865E-09 1.9392E-09 2.2555E-09 2.6516E-09 3.1055E-09 3.5189E-09 3.9749E-09 4.4873E-09 5.0161E-09 5.7868E-09 6.5580E-09 7.4979E-09 8.4108E-09 9.4212E-09 1.0615E-08 1.1875E-08 1.3261E-08 1.4779E-08 1.6431E-08 1.8216E-08 2.0128E-08 2.2157E-08 2.4285E-08 2.6490E-08 2.8743E-08 3.1014E-08 3.3265E-08 3.5461E-08 3.7567E-08 3.9551E-08 4.1385E-08 4.3048E-08 4.4524E-08 4.5803E-08 4.6871E-08 4.7716E-08 4.8382E-08 4.8868E-08 4.9189E-08 4.9425E-08 4.9688E-08 4.9783E-08 4.9702E-08 4.9439E-08 4.9037E-08 4.8421E-08 4.7712E-08 4.6898E-08 4.6022E-08 4.5056E-08
5.3816E-10 5.8224E-10 8.6076E-10 9.5545E-10 1.0620E-09 1.2014E-09 1.3916E-09 1.6033E-09 1.8390E-09 2.0894E-09 2.3888E-09 2.8038E-09 3.3078E-09 3.7043E-09 4.2011E-09 4.6953E-09 5.2354E-09 6.0245E-09 6.8733E-09 7.7543E-09 8.6639E-09 9.6638E-09 1.0835E-08 1.2059E-08 1.3393E-08 1.4838E-08 1.6394E-08 1.8054E-08 1.9810E-08 2.1649E-08 2.3553E-08 2.5501E-08 2.7467E-08 2.9423E-08 3.1343E-08 3.3197E-08 3.4960E-08 3.6609E-08 3.8125E-08 3.9494E-08 4.0685E-08 4.1705E-08 4.2587E-08 4.3290E-08 4.3838E-08 4.4235E-08 4.4489E-08 4.4679E-08 4.4812E-08 4.4865E-08 4.4796E-08 4.4578E-08 4.4178E-08 4.3611E-08 4.2964E-08 4.2235E-08 4.1439E-08
4.8071E-10 5.7058E-10 8.2878E-10 9.1774E-10 1.0178E-09 1.1299E-09 1.3257E-09 1.4769E-09 1.6990E-09 1.9452E-09 2.2529E-09 2.6372E-09 3.0765E-09 3.4718E-09 3.8769E-09 4.3828E-09 4.8859E-09 5.4766E-09 6.2994E-09 7.0840E-09 7.9594E-09 8.8559E-09 9.8344E-09 1.0898E-08 1.2142E-08 1.3410E-08 1.4768E-08 1.6214E-08 1.7740E-08 1.9335E-08 2.0985E-08 2.2674E-08 2.4382E-08 2.6088E-08 2.7769E-08 2.9403E-08 3.0970E-08 3.2450E-08 3.3826E-08 3.5069E-08 3.6180E-08 3.7181E-08 3.8031E-08 3.8767E-08 3.9334E-08 3.9786E-08 4.0093E-08 4.0307E-08 4.0472E-08 4.0545E-08 4.0560E-08 4.0448E-08 4.0172E-08 3.9763E-08 3.9255E-08 3.8673E-08 3.8018E-08
4.7526E-10 5.5922E-10 6.0393E-10 8.8133E-10 9.7502E-10 1.0800E-09 1.2174E-09 1.4032E-09 1.6092E-09 1.8376E-09 2.0789E-09 2.3665E-09 2.7652E-09 3.2194E-09 3.6232E-09 4.0814E-09 4.5449E-09 5.0515E-09 5.6942E-09 6.4712E-09 7.2501E-09 8.1097E-09 8.9841E-09 9.9313E-09 1.0952E-08 1.2128E-08 1.3318E-08 1.4582E-08 1.5912E-08 1.7300E-08 1.8736E-08 2.0206E-08 2.1695E-08 2.3187E-08 2.4662E-08 2.6105E-08 2.7498E-08 2.8823E-08 3.0058E-08 3.1200E-08 3.2245E-08 3.3194E-08 3.4021E-08 3.4726E-08 3.5307E-08 3.5765E-08 3.6121E-08 3.6407E-08 3.6622E-08 3.6736E-08 3.6722E-08 3.6672E-08 3.6494E-08 3.6201E-08 3.5810E-08 3.5355E-08 3.4810E-08
4.6989E-10 5.0091E-10 5.9088E-10 8.4636E-10 9.3399E-10 1.0320E-09 1.1415E-09 1.3325E-09 1.4786E-09 1.6925E-09 1.9288E-09 2.2233E-09 2.4727E-09 2.9227E-09 3.3808E-09 3.7596E-09 4.2206E-09 4.6859E-09 5.1923E-09 5.7849E-09 6.6029E-09 7.3693E-09 8.2038E-09 9.0480E-09 9.9556E-09 1.0926E-08 1.1958E-08 1.3131E-08 1.4295E-08 1.5508E-08 1.6762E-08 1.8047E-08 1.9349E-08 2.0657E-08 2.1956E-08 2.3231E-08 2.4468E-08 2.5651E-08 2.6766E-08 2.7813E-08 2.8793E-08 2.9682E-08 3.0457E-08 3.1129E-08 3.1689E-08 3.2179E-08 3.2572E-08 3.2880E-08 3.3125E-08 3.3266E-08 3.3315E-08 3.3280E-08 3.3148E-08 3.2937E-08 3.2649E-08 3.2286E-08 3.1833E-08
4.1448E-10 4.9464E-10 5.7832E-10 6.2322E-10 8.9480E-10 9.8626E-10 1.0882E-09 1.2219E-09 1.4007E-09 1.5981E-09 1.7716E-09 2.0452E-09 2.3172E-09 2.6941E-09 3.1226E-09 3.4989E-09 3.8989E-09 4.3423E-09 4.8022E-09 5.3073E-09 5.8483E-09 6.6944E-09 7.4406E-09 8.2420E-09 9.0494E-09 9.9108E-09 1.0825E-08 1.1789E-08 1.2800E-08 1.3852E-08 1.5024E-08 1.6150E-08 1.7294E-08 1.8444E-08 1.9589E-08 2.0718E-08 2.1814E-08 2.2875E-08 2.3880E-08 2.4855E-08 2.5757E-08 2.6519E-08 2.7262E-08 2.7920E-08 2.8495E-08 2.8976E-08 2.9377E-08 2.9686E-08 2.9936E-08 3.0111E-08 3.0205E-08 3.0221E-08 3.0161E-08 2.9987E-08 2.9750E-08 2.9444E-08 2.9083E-08
4.1400E-10 4.8855E-10 5.2016E-10 6.0901E-10 6.5608E-10 9.4275E-10 1.0376E-09 1.1430E-09 1.2813E-09 1.4659E-09 1.6690E-09 1.8922E-09 2.1259E-09 2.4026E-09 2.8256E-09 3.2232E-09 3.6011E-09 4.0161E-09 4.4360E-09 4.8960E-09 5.3944E-09 5.9221E-09 6.6751E-09 7.4643E-09 8.1722E-09 8.9916E-09 9.8022E-09 1.0656E-08 1.1550E-08 1.2479E-08 1.3438E-08 1.4422E-08 1.5422E-08 1.6431E-08 1.7440E-08 1.8439E-08 1.9420E-08 2.0374E-08 2.1310E-08 2.2204E-08 2.3030E-08 2.3781E-08 2.4467E-08 2.5083E-08 2.5624E-08 2.6103E-08 2.6483E-08 2.6795E-08 2.7043E-08 2.7242E-08 2.7372E-08 2.7430E-08 2.7413E-08 2.7290E-08 2.7101E-08 2.6855E-08 2.6562E-08
4.1340E-10 4.3392E-10 5.1318E-10 5.4639E-10 6.4018E-10 9.0161E-10 9.8978E-10 1.0876E-09 1.2161E-09 1.3856E-09 1.5274E-09 1.7349E-09 1.9622E-09 2.2450E-09 2.4785E-09 2.9088E-09 3.3395E-09 3.6862E-09 4.0963E-09 4.5131E-09 4.9644E-09 5.4477E-09 5.9654E-09 6.6861E-09 7.3768E-09 8.1144E-09 8.8244E-09 9.6366E-09 1.0428E-08 1.1250E-08 1.2099E-08 1.2968E-08 1.3853E-08 1.4747E-08 1.5641E-08 1.6530E-08 1.7405E-08 1.8272E-08 1.9119E-08 1.9917E-08 2.0655E-08 2.1344E-08 2.1976E-08 2.2550E-08 2.3064E-08 2.3495E-08 2.3855E-08 2.4153E-08 2.4405E-08 2.4637E-08 2.4774E-08 2.4842E-08 2.4848E-08 2.4772E-08 2.4654E-08 2.4437E-08 2.4208E-08
4.0139E-10 4.3304E-10 4.5469E-10 5.3848E-10 6.2508E-10 6.7166E-10 9.4476E-10 1.0354E-09 1.1356E-09 1.2675E-09 1.4410E-09 1.5846E-09 1.7952E-09 2.0403E-09 2.3112E-09 2.7030E-09 3.0675E-09 3.4110E-09 3.7533E-09 4.1545E-09 4.5667E-09 5.0038E-09 5.4749E-09 5.9743E-09 6.5059E-09 7.3150E-09 8.0103E-09 8.6752E-09 9.3694E-09 1.0090E-08 1.0902E-08 1.1672E-08 1.2456E-08 1.3248E-08 1.4043E-08 1.4835E-08 1.5624E-08 1.6410E-08 1.7167E-08 1.7871E-08 1.8542E-08 1.9167E-08 1.9748E-08 2.0263E-08 2.0690E-08 2.1110E-08 2.1458E-08 2.1766E-08 2.1987E-08 2.2204E-08 2.2348E-08 2.2425E-08 2.2483E-08 2.2469E-08 2.2374E-08 2.2229E-08 2.2050E-08
4.0109E-10 4.3203E-10 4.5352E-10 5.3088E-10 5.6436E-10 6.5500E-10 7.0331E-10 9.8661E-10 1.0793E-09 1.2015E-09 1.3160E-09 1.4923E-09 1.6847E-09 1.8494E-09 2.1122E-09 2.3680E-09 2.7629E-09 3.1266E-09 3.4662E-09 3.8191E-09 4.1952E-09 4.5922E-09 5.0177E-09 5.4739E-09 5.9545E-09 6.4610E-09 6.9922E-09 7.7992E-09 8.4832E-09 9.1246E-09 9.7862E-09 1.0464E-08 1.1155E-08 1.1855E-08 1.2559E-08 1.3331E-08 1.4050E-08 1.4752E-08 1.5412E-08 1.5979E-08 1.6589E-08 1.7153E-08 1.7688E-08 1.8167E-08 1.8598E-08 1.8979E-08 1.9304E-08 1.9583E-08 1.9811E-08 1.9993E-08 2.0170E-08 2.0281E-08 2.0351E-08 2.0365E-08 2.0312E-08 2.0205E-08 2.0060E-08
4.0066E-10 4.1953E-10 4.5220E-10 4.7482E-10 5.5589E-10 5.9078E-10 6.8509E-10 9.4105E-10 1.0268E-09 1.1211E-09 1.2455E-09 1.3612E-09 1.5392E-09 1.7328E-09 1.9432E-09 2.1604E-09 2.4149E-09 2.8106E-09 3.1711E-09 3.5117E-09 3.8432E-09 4.2134E-09 4.5958E-09 5.0075E-09 5.4448E-09 5.9006E-09 6.3841E-09 6.8856E-09 7.4033E-09 8.1384E-09 8.8437E-09 9.4477E-09 1.0063E-08 1.0688E-08 1.1315E-08 1.1957E-08 1.2594E-08 1.3204E-08 1.3791E-08 1.4359E-08 1.4900E-08 1.5407E-08 1.5875E-08 1.6323E-08 1.6704E-08 1.7063E-08 1.7373E-08 1.7605E-08 1.7840E-08 1.8038E-08 1.8196E-08 1.8316E-08 1.8414E-08 1.8460E-08 1.8440E-08 1.8356E-08 1.8248E-08
4.0010E-10 4.1887E-10 4.5075E-10 4.7317E-10 4.9693E-10 5.8141E-10 6.1766E-10 7.1522E-10 9.7806E-10 1.0651E-09 1.1801E-09 1.2866E-09 1.4026E-09 1.5814E-09 1.7750E-09 1.9846E-09 2.2001E-09 2.4517E-09 2.8458E-09 3.2025E-09 3.5283E-09 3.8535E-09 4.2087E-09 4.5758E-09 4.9744E-09 5.3841E-09 5.8185E-09 6.2778E-09 6.7503E-09 7.2349E-09 7.7292E-09 8.2343E-09 9.0337E-09 9.5832E-09 1.0149E-08 1.0774E-08 1.1336E-08 1.1867E-08 1.2396E-08 1.2898E-08 1.3373E-08 1.3835E-08 1.4214E-08 1.4617E-08 1.4980E-08 1.5322E-08 1.5619E-08 1.5849E-08 1.6081E-08 1.6284E-08 1.6450E-08 1.6588E-08 1.6666E-08 1.6732E-08 1.6737E-08 1.6691E-08 1.6623E-08
3.9941E-10 4.1808E-10 4.3783E-10 4.7139E-10 4.9493E-10 5.7249E-10 6.0738E-10 6.9673E-10 7.4528E-10 1.0133E-09 1.1012E-09 1.2176E-09 1.3243E-09 1.4401E-09 1.6185E-09 1.8110E-09 2.0186E-09 2.2763E-09 2.5162E-09 2.8688E-09 3.2167E-09 3.5325E-09 3.8475E-09 4.1844E-09 4.5392E-09 4.9144E-09 5.3043E-09 5.7151E-09 6.1430E-09 6.5868E-09 7.0393E-09 7.4973E-09 7.9638E-09 8.4444E-09 8.9386E-09 9.5677E-09 1.0110E-08 1.0586E-08 1.1050E-08 1.1502E-08 1.1939E-08 1.2355E-08 1.2748E-08 1.3118E-08 1.3464E-08 1.3766E-08 1.4068E-08 1.4308E-08 1.4528E-08 1.4735E-08 1.4887E-08 1.5009E-08 1.5116E-08 1.5181E-08 1.5218E-08 1.5196E-08 1.5153E-08
3.9859E-10 4.1715E-10 4.3678E-10 4.6948E-10 4.9279E-10 5.1747E-10 5.9764E-10 6.3375E-10 7.2547E-10 7.7518E-10 1.0467E-09 1.1350E-09 1.2522E-09 1.3586E-09 1.4736E-09 1.6505E-09 1.8408E-09 2.0452E-09 2.2991E-09 2.5341E-09 2.8797E-09 3.2185E-09 3.5231E-09 3.8210E-09 4.1423E-09 4.4814E-09 4.8331E-09 5.2023E-09 5.5859E-09 5.9887E-09 6.3999E-09 6.8235E-09 7.2480E-09 7.6898E-09 8.1349E-09 8.5668E-09 8.9977E-09 9.4251E-09 9.8463E-09 1.0311E-08 1.0711E-08 1.1092E-08 1.1462E-08 1.1804E-08 1.2135E-08 1.2437E-08 1.2712E-08 1.2947E-08 1.3172E-08 1.3361E-08 1.3525E-08 1.3657E-08 1.3757E-08 1.3825E-08 1.3860E-08 1.3863E-08 1.3836E-08
3.9764E-10 4.1609E-10 4.3559E-10 4.5621E-10 4.9052E-10 5.1494E-10 5.4076E-10 6.2319E-10 6.6047E-10 7.5410E-10 8.0483E-10 1.0780E-09 1.1860E-09 1.2838E-09 1.3893E-09 1.5029E-09 1.6775E-09 1.8646E-09 2.0647E-09 2.3134E-09 2.5424E-09 2.8794E-09 3.2074E-09 3.4995E-09 3.7832E-09 4.0812E-09 4.4038E-09 4.7364E-09 5.0845E-09 5.4424E-09 5.8173E-09 6.2056E-09 6.6024E-09 7.0021E-09 7.3916E-09 7.7812E-09 8.1701E-09 8.5561E-09 8.9370E-09 9.3103E-09 9.6737E-09 1.0025E-08 1.0362E-08 1.0682E-08 1.0983E-08 1.1264E-08 1.1522E-08 1.1757E-08 1.1966E-08 1.2148E-08 1.2303E-08 1.2430E-08 1.2529E-08 1.2599E-08 1.2640E-08 1.2653E-08 1.2639E-08
3.9658E-10 4.1490E-10 4.3427E-10 4.5474E-10 4.8812E-10 5.1228E-10 5.3782E-10 5.6481E-10 6.4909E-10 6.8747E-10 7.8256E-10 8.3415E-10 1.1072E-09 1.2154E-09 1.3123E-09 1.4166E-09 1.5283E-09 1.6996E-09 1.8825E-09 2.0775E-09 2.2749E-09 2.5419E-09 2.8686E-09 3.1843E-09 3.4631E-09 3.7271E-09 4.0128E-09 4.3115E-09 4.6225E-09 4.9476E-09 5.2883E-09 5.6504E-09 6.0103E-09 6.3671E-09 6.7168E-09 7.0681E-09 7.4189E-09 7.7674E-09 8.1115E-09 8.4492E-09 8.7784E-09 9.0971E-09 9.4031E-09 9.6947E-09 9.9700E-09 1.0227E-08 1.0465E-08 1.0681E-08 1.0876E-08 1.1047E-08 1.1193E-08 1.1316E-08 1.1413E-08 1.1484E-08 1.1531E-08 1.1553E-08 1.1550E-08
3.9539E-10 4.1358E-10 4.3281E-10 4.5312E-10 4.7458E-10 5.0949E-10 5.3475E-10 5.6142E-10 5.8957E-10 6.7532E-10 7.1472E-10 8.1080E-10 8.6310E-10 1.1342E-09 1.2422E-09 1.3379E-09 1.4404E-09 1.5498E-09 1.7171E-09 1.8950E-09 2.0840E-09 2.2747E-09 2.5333E-09 2.8483E-09 3.1508E-09 3.4154E-09 3.6640E-09 3.9280E-09 4.2120E-09 4.5116E-09 4.8206E-09 5.1492E-09 5.4687E-09 5.7847E-09 6.1056E-09 6.4231E-09 6.7395E-09 7.0541E-09 7.3651E-09 7.6705E-09 7.9688E-09 8.2579E-09 8.5362E-09 8.8019E-09 9.0534E-09 9.2892E-09 9.5079E-09 9.7082E-09 9.8891E-09 1.0050E-08 1.0189E-08 1.0307E-08 1.0402E-08 1.0475E-08 1.0527E-08 1.0556E-08 1.0563E-08
3.9409E-10 4.1214E-10 4.3122E-10 4.5137E-10 4.7265E-10 4.9511E-10 5.3155E-10 5.5790E-10 5.8571E-10 6.1502E-10 7.0181E-10 7.4218E-10 8.3878E-10 8.9167E-10 1.1592E-09 1.2665E-09 1.3606E-09 1.4610E-09 1.5678E-09 1.7303E-09 1.9025E-09 2.0398E-09 2.2682E-09 2.5176E-09 2.8199E-09 3.0204E-09 3.3581E-09 3.5912E-09 3.8380E-09 4.1152E-09 4.4098E-09 4.6939E-09 4.9753E-09 5.2605E-09 5.5478E-09 5.8410E-09 6.1273E-09 6.4113E-09 6.6924E-09 6.9688E-09 7.2391E-09 7.5016E-09 7.7548E-09 7.9971E-09 8.2272E-09 8.4436E-09 8.6452E-09 8.8308E-09 8.9995E-09 9.1503E-09 9.2827E-09 9.3961E-09 9.4902E-09 9.5648E-09 9.6199E-09 9.6557E-09 9.6725E-09
3.8531E-10 4.1058E-10 4.2950E-10 4.4949E-10 4.7059E-10 4.9285E-10 5.2823E-10 5.5426E-10 5.8172E-10 6.1066E-10 6.4114E-10 7.2855E-10 7.6983E-10 8.6649E-10 9.1983E-10 1.2017E-09 1.2884E-09 1.3807E-09 1.4787E-09 1.5825E-09 1.7396E-09 1.8602E-09 2.0373E-09 2.2565E-09 2.4960E-09 2.6963E-09 2.9734E-09 3.2932E-09 3.5126E-09 3.7616E-09 4.0326E-09 4.2809E-09 4.5325E-09 4.7907E-09 5.0509E-09 5.3091E-09 5.5741E-09 5.8341E-09 6.0883E-09 6.3386E-09 6.5838E-09 6.8224E-09 7.0529E-09 7.2742E-09 7.4850E-09 7.6840E-09 7.8701E-09 8.0424E-09 8.1999E-09 8.3420E-09 8.4680E-09 8.5775E-09 8.6700E-09 8.7455E-09 8.8040E-09 8.8454E-09 8.8702E-09
3.8422E-10 4.0891E-10 4.2767E-10 4.4748E-10 4.6838E-10 4.9044E-10 5.1369E-10 5.5050E-10 5.7761E-10 6.0617E-10 6.3625E-10 6.6789E-10 7.5551E-10 7.9763E-10 8.9391E-10 9.4760E-10 1.0245E-09 1.3081E-09 1.3983E-09 1.4937E-09 1.5944E-09 1.7002E-09 1.8615E-09 2.0309E-09 2.2404E-09 2.4249E-09 2.6591E-09 2.9209E-09 3.2001E-09 3.4571E-09 3.6780E-09 3.9081E-09 4.1389E-09 4.3695E-09 4.6009E-09 4.8393E-09 5.0752E-09 5.3121E-09 5.5475E-09 5.7745E-09 5.9972E-09 6.2143E-09 6.4246E-09 6.6270E-09 6.8204E-09 7.0036E-09 7.1758E-09 7.3360E-09 7.4835E-09 7.6176E-09 7.7377E-09 7.8435E-09 7.9345E-09 8.0107E-09 8.0719E-09 8.1182E-09 8.1499E-09
3.8300E-10 3.9990E-10 4.2571E-10 4.4534E-10 4.6605E-10 4.8789E-10 5.1091E-10 5.3516E-10 5.7338E-10 6.0156E-10 6.3123E-10 6.6243E-10 6.9522E-10 7.8267E-10 8.2557E-10 8.7082E-10 9.7500E-10 1.0522E-09 1.3259E-09 1.4138E-09 1.5065E-09 1.6038E-09 1.7058E-09 1.8601E-09 1.9756E-09 2.1495E-09 2.3969E-09 2.5890E-09 2.7881E-09 3.0615E-09 3.3680E-09 3.5694E-09 3.7779E-09 3.9918E-09 4.2067E-09 4.4174E-09 4.6319E-09 4.8451E-09 5.0591E-09 5.2702E-09 5.4736E-09 5.6715E-09 5.8637E-09 6.0492E-09 6.2270E-09 6.3961E-09 6.5558E-09 6.7052E-09 6.8435E-09 6.9704E-09 7.0851E-09 7.1873E-09 7.2768E-09 7.3533E-09 7.4168E-09 7.4673E-09 7.5049E-09
3.8166E-10 3.9844E-10 4.1614E-10 4.4308E-10 4.6359E-10 4.8521E-10 5.0799E-10 5.3199E-10 5.6904E-10 5.9684E-10 6.2609E-10 6.5686E-10 6.8917E-10 7.2310E-10 7.5867E-10 8.5363E-10 8.9954E-10 1.0021E-09 1.0795E-09 1.1415E-09 1.4276E-09 1.5174E-09 1.6114E-09 1.7096E-09 1.8117E-09 1.9667E-09 2.1279E-09 2.3208E-09 2.5149E-09 2.7433E-09 2.9902E-09 3.1601E-09 3.4605E-09 3.6534E-09 3.8497E-09 4.0423E-09 4.2358E-09 4.4314E-09 4.6251E-09 4.8158E-09 5.0069E-09 5.1885E-09 5.3646E-09 5.5349E-09 5.6988E-09 5.8553E-09 6.0036E-09 6.1432E-09 6.2734E-09 6.3936E-09 6.5033E-09 6.6023E-09 6.6902E-09 6.7669E-09 6.8322E-09 6.8861E-09 6.9288E-09
3.8020E-10 3.9686E-10 4.1442E-10 4.4070E-10 4.6100E-10 4.8240E-10 5.0494E-10 5.2868E-10 5.5366E-10 5.9201E-10 6.2085E-10 6.5117E-10 6.8302E-10 7.1644E-10 7.5148E-10 7.8818E-10 8.8181E-10 9.2833E-10 9.7712E-10 1.1063E-09 1.1680E-09 1.4399E-09 1.5268E-09 1.6175E-09 1.7119E-09 1.8097E-09 1.9109E-09 2.0661E-09 2.2979E-09 2.4746E-09 2.6147E-09 2.8310E-09 3.0751E-09 3.3236E-09 3.5258E-09 3.7104E-09 3.8878E-09 4.0637E-09 4.2410E-09 4.4123E-09 4.5855E-09 4.7553E-09 4.9214E-09 5.0783E-09 5.2297E-09 5.3749E-09 5.5132E-09 5.6440E-09 5.7667E-09 5.8809E-09 5.9861E-09 6.0820E-09 6.1683E-09 6.2449E-09 6.3116E-09 6.3684E-09 6.4154E-09
3.7863E-10 3.9516E-10 4.1258E-10 4.3094E-10 4.5830E-10 4.7947E-10 5.0176E-10 5.2523E-10 5.4993E-10 5.7588E-10 6.1551E-10 6.4538E-10 6.7675E-10 7.0967E-10 7.4417E-10 7.8030E-10 8.1811E-10 8.5762E-10 9.5719E-10 1.0065E-09 1.1327E-09 1.1942E-09 1.2583E-09 1.5352E-09 1.6227E-09 1.7134E-09 1.8071E-09 1.9037E-09 2.0029E-09 2.1552E-09 2.3902E-09 2.5620E-09 2.7375E-09 2.9077E-09 3.1379E-09 3.2878E-09 3.5763E-09 3.7366E-09 3.9003E-09 4.0585E-09 4.2160E-09 4.3723E-09 4.5240E-09 4.6732E-09 4.8141E-09 4.9492E-09 5.0785E-09 5.2014E-09 5.3174E-09 5.4261E-09 5.5271E-09 5.6201E-09 5.7049E-09 5.7812E-09 5.8489E-09 5.9081E-09 5.9586E-09
