Assets/Resources/2015_m01_d13_1200(utc+0800)_l00_csi_1hr_conc.grd
DSAA
         159         159
     -79.000      79.000
     -79.000      79.000
  0.0000E+00  0.2847E-05
[rows 100 to 124 of 159, columns 0 to 56 of 159]
2.7292E-09 2.8341E-09 2.9578E-09 3.0773E-09 3.1923E-09 3.3241E-09 3.4452E-09 3.5682E-09 3.6995E-09 3.8283E-09 3.9586E-09 4.0887E-09 4.2210E-09 4.3563E-09 4.4905E-09 4.6238E-09 4.7610E-09 4.8975E-09 5.0315E-09 5.1655E-09 5.3017E-09 5.4346E-09 5.5642E-09 5.6940E-09 5.8222E-09 5.9439E-09 6.0611E-09 6.1783E-09 6.2895E-09 6.3977E-09 6.5005E-09 6.6009E-09 6.7034E-09 6.7888E-09 6.8671E-09 6.9369E-09 6.9948E-09 7.0511E-09 7.0904E-09 7.1118E-09 7.1214E-09 7.1182E-09 7.0977E-09 7.0547E-09 6.9841E-09 6.8824E-09 6.7445E-09 6.5665E-09 6.3489E-09 6.0935E-09 5.8100E-09 5.4928E-09 5.1690E-09 4.8367E-09 4.4850E-09 4.1104E-09 3.7161E-09
2.6417E-09 2.7419E-09 2.8596E-09 2.9735E-09 3.0830E-09 3.2082E-09 3.3233E-09 3.4402E-09 3.5646E-09 3.6858E-09 3.8091E-09 3.9329E-09 4.0564E-09 4.1829E-09 4.3105E-09 4.4355E-09 4.5609E-09 4.6893E-09 4.8153E-09 4.9385E-09 5.0618E-09 5.1857E-09 5.3052E-09 5.4217E-09 5.5372E-09 5.6493E-09 5.7531E-09 5.8555E-09 5.9546E-09 6.0483E-09 6.1394E-09 6.2198E-09 6.3027E-09 6.3768E-09 6.4361E-09 6.4866E-09 6.5252E-09 6.5570E-09 6.5824E-09 6.5919E-09 6.5826E-09 6.5568E-09 6.5140E-09 6.4536E-09 6.3687E-09 6.2494E-09 6.0973E-09 5.9078E-09 5.6816E-09 5.4265E-09 5.1530E-09 4.8494E-09 4.5596E-09 4.2515E-09 3.9262E-09 3.5864E-09 3.2373E-09
2.5543E-09 2.6497E-09 2.7616E-09 2.8699E-09 2.9740E-09 3.0927E-09 3.2019E-09 3.3127E-09 3.4305E-09 3.5445E-09 3.6607E-09 3.7779E-09 3.8946E-09 4.0114E-09 4.1310E-09 4.2503E-09 4.3658E-09 4.4832E-09 4.6015E-09 4.7165E-09 4.8287E-09 4.9405E-09 5.0514E-09 5.1571E-09 5.2601E-09 5.3607E-09 5.4566E-09 5.5445E-09 5.6296E-09 5.7082E-09 5.7895E-09 5.8619E-09 5.9207E-09 5.9771E-09 6.0216E-09 6.0603E-09 6.0877E-09 6.1002E-09 6.1041E-09 6.0992E-09 6.0796E-09 6.0446E-09 5.9881E-09 5.9082E-09 5.8103E-09 5.6844E-09 5.5263E-09 5.3345E-09 5.1114E-09 4.8664E-09 4.5868E-09 4.3221E-09 4.0473E-09 3.7546E-09 3.4509E-09 3.1385E-09 2.8195E-09
2.4673E-09 2.5579E-09 2.6641E-09 2.7667E-09 2.8655E-09 2.9778E-09 3.0814E-09 3.1862E-09 3.2974E-09 3.4051E-09 3.5137E-09 3.6241E-09 3.7346E-09 3.8440E-09 3.9540E-09 4.0655E-09 4.1756E-09 4.2823E-09 4.3904E-09 4.4980E-09 4.6018E-09 4.7026E-09 4.8021E-09 4.8998E-09 4.9918E-09 5.0809E-09 5.1663E-09 5.2446E-09 5.3180E-09 5.3867E-09 5.4499E-09 5.5121E-09 5.5586E-09 5.5998E-09 5.6320E-09 5.6550E-09 5.6717E-09 5.6749E-09 5.6644E-09 5.6433E-09 5.6111E-09 5.5651E-09 5.5017E-09 5.4156E-09 5.3077E-09 5.1728E-09 5.0117E-09 4.8232E-09 4.6106E-09 4.3738E-09 4.1185E-09 3.8727E-09 3.6127E-09 3.3433E-09 3.0659E-09 2.7803E-09 2.4898E-09
2.3807E-09 2.4668E-09 2.5673E-09 2.6644E-09 2.7580E-09 2.8641E-09 2.9619E-09 3.0610E-09 3.1658E-09 3.2673E-09 3.3693E-09 3.4723E-09 3.5761E-09 3.6794E-09 3.7812E-09 3.8838E-09 3.9869E-09 4.0874E-09 4.1849E-09 4.2831E-09 4.3797E-09 4.4725E-09 4.5613E-09 4.6482E-09 4.7326E-09 4.8108E-09 4.8857E-09 4.9559E-09 5.0189E-09 5.0773E-09 5.1267E-09 5.1742E-09 5.2145E-09 5.2428E-09 5.2647E-09 5.2732E-09 5.2769E-09 5.2736E-09 5.2572E-09 5.2271E-09 5.1834E-09 5.1244E-09 5.0531E-09 4.9637E-09 4.8518E-09 4.7149E-09 4.5529E-09 4.3677E-09 4.1605E-09 3.9222E-09 3.7087E-09 3.4819E-09 3.2404E-09 2.9902E-09 2.7334E-09 2.4711E-09 2.2080E-09
2.2948E-09 2.3764E-09 2.4714E-09 2.5632E-09 2.6516E-09 2.7515E-09 2.8439E-09 2.9374E-09 3.0359E-09 3.1314E-09 3.2273E-09 3.3232E-09 3.4202E-09 3.5170E-09 3.6127E-09 3.7066E-09 3.8014E-09 3.8956E-09 3.9864E-09 4.0743E-09 4.1621E-09 4.2477E-09 4.3293E-09 4.4060E-09 4.4798E-09 4.5511E-09 4.6157E-09 4.6768E-09 4.7305E-09 4.7806E-09 4.8228E-09 4.8543E-09 4.8825E-09 4.9002E-09 4.9164E-09 4.9215E-09 4.9132E-09 4.8963E-09 4.8709E-09 4.8366E-09 4.7881E-09 4.7252E-09 4.6466E-09 4.5514E-09 4.4366E-09 4.3012E-09 4.1423E-09 3.9664E-09 3.7538E-09 3.5588E-09 3.3571E-09 3.1428E-09 2.9170E-09 2.6861E-09 2.4513E-09 2.2143E-09 1.9762E-09
2.2098E-09 2.2870E-09 2.3766E-09 2.4632E-09 2.5466E-09 2.6406E-09 2.7276E-09 2.8155E-09 2.9080E-09 2.9977E-09 3.0876E-09 3.1776E-09 3.2672E-09 3.3576E-09 3.4472E-09 3.5350E-09 3.6208E-09 3.7072E-09 3.7923E-09 3.8735E-09 3.9516E-09 4.0285E-09 4.1032E-09 4.1734E-09 4.2381E-09 4.2996E-09 4.3571E-09 4.4087E-09 4.4561E-09 4.4956E-09 4.5300E-09 4.5531E-09 4.5702E-09 4.5810E-09 4.5848E-09 4.5840E-09 4.5718E-09 4.5505E-09 4.5169E-09 4.4725E-09 4.4188E-09 4.3540E-09 4.2729E-09 4.1763E-09 4.0616E-09 3.9276E-09 3.7738E-09 3.5876E-09 3.4113E-09 3.2325E-09 3.0453E-09 2.8449E-09 2.6357E-09 2.4198E-09 2.2022E-09 1.9842E-09 1.7676E-09
2.1256E-09 2.1987E-09 2.2831E-09 2.3647E-09 2.4432E-09 2.5314E-09 2.6132E-09 2.6958E-09 2.7825E-09 2.8665E-09 2.9507E-09 3.0348E-09 3.1184E-09 3.2015E-09 3.2849E-09 3.3670E-09 3.4469E-09 3.5243E-09 3.6021E-09 3.6779E-09 3.7496E-09 3.8177E-09 3.8835E-09 3.9474E-09 4.0060E-09 4.0596E-09 4.1086E-09 4.1527E-09 4.1917E-09 4.2238E-09 4.2491E-09 4.2670E-09 4.2761E-09 4.2801E-09 4.2762E-09 4.2659E-09 4.2498E-09 4.2229E-09 4.1875E-09 4.1405E-09 4.0821E-09 4.0113E-09 3.9285E-09 3.8327E-09 3.7193E-09 3.5884E-09 3.4414E-09 3.2698E-09 3.1098E-09 2.9433E-09 2.7663E-09 2.5795E-09 2.3866E-09 2.1882E-09 1.9905E-09 1.7923E-09 1.5948E-09
2.0421E-09 2.1116E-09 2.1911E-09 2.2677E-09 2.3416E-09 2.4242E-09 2.5009E-09 2.5784E-09 2.6595E-09 2.7381E-09 2.8168E-09 2.8952E-09 2.9732E-09 3.0503E-09 3.1266E-09 3.2027E-09 3.2772E-09 3.3490E-09 3.4180E-09 3.4868E-09 3.5533E-09 3.6157E-09 3.6737E-09 3.7285E-09 3.7817E-09 3.8292E-09 3.8721E-09 3.9088E-09 3.9397E-09 3.9641E-09 3.9804E-09 3.9929E-09 3.9983E-09 3.9973E-09 3.9895E-09 3.9718E-09 3.9484E-09 3.9165E-09 3.8768E-09 3.8278E-09 3.7674E-09 3.6967E-09 3.6140E-09 3.5179E-09 3.4078E-09 3.2815E-09 3.1278E-09 2.9834E-09 2.8360E-09 2.6811E-09 2.5158E-09 2.3417E-09 2.1610E-09 1.9781E-09 1.7950E-09 1.6118E-09 1.4297E-09
1.9599E-09 2.0254E-09 2.1005E-09 2.1725E-09 2.2419E-09 2.3192E-09 2.3910E-09 2.4635E-09 2.5391E-09 2.6126E-09 2.6859E-09 2.7590E-09 2.8315E-09 2.9031E-09 2.9736E-09 3.0429E-09 3.1116E-09 3.1784E-09 3.2421E-09 3.3027E-09 3.3624E-09 3.4196E-09 3.4732E-09 3.5211E-09 3.5656E-09 3.6076E-09 3.6449E-09 3.6765E-09 3.7008E-09 3.7181E-09 3.7277E-09 3.7330E-09 3.7333E-09 3.7287E-09 3.7184E-09 3.6995E-09 3.6715E-09 3.6354E-09 3.5903E-09 3.5379E-09 3.4767E-09 3.4066E-09 3.3241E-09 3.2296E-09 3.1221E-09 2.9947E-09 2.8607E-09 2.7291E-09 2.5912E-09 2.4449E-09 2.2915E-09 2.1290E-09 1.9615E-09 1.7936E-09 1.6254E-09 1.4581E-09 1.2942E-09
1.8792E-09 1.9407E-09 2.0113E-09 2.0792E-09 2.1442E-09 2.2164E-09 2.2836E-09 2.3513E-09 2.4218E-09 2.4902E-09 2.5585E-09 2.6264E-09 2.6936E-09 2.7600E-09 2.8252E-09 2.8890E-09 2.9511E-09 3.0124E-09 3.0714E-09 3.1272E-09 3.1795E-09 3.2299E-09 3.2780E-09 3.3225E-09 3.3615E-09 3.3960E-09 3.4267E-09 3.4536E-09 3.4725E-09 3.4852E-09 3.4899E-09 3.4898E-09 3.4848E-09 3.4761E-09 3.4607E-09 3.4401E-09 3.4106E-09 3.3732E-09 3.3277E-09 3.2743E-09 3.2121E-09 3.1409E-09 3.0589E-09 2.9672E-09 2.8620E-09 2.7422E-09 2.6211E-09 2.4978E-09 2.3701E-09 2.2328E-09 2.0901E-09 1.9390E-09 1.7840E-09 1.6281E-09 1.4711E-09 1.3161E-09 1.1643E-09
1.8002E-09 1.8576E-09 1.9237E-09 1.9876E-09 2.0488E-09 2.1161E-09 2.1789E-09 2.2419E-09 2.3075E-09 2.3711E-09 2.4345E-09 2.4975E-09 2.5598E-09 2.6212E-09 2.6813E-09 2.7401E-09 2.7970E-09 2.8519E-09 2.9057E-09 2.9571E-09 3.0052E-09 3.0495E-09 3.0904E-09 3.1299E-09 3.1655E-09 3.1964E-09 3.2210E-09 3.2407E-09 3.2540E-09 3.2618E-09 3.2637E-09 3.2617E-09 3.2535E-09 3.2417E-09 3.2218E-09 3.1965E-09 3.1649E-09 3.1269E-09 3.0817E-09 3.0291E-09 2.9672E-09 2.8970E-09 2.8185E-09 2.7287E-09 2.6244E-09 2.5144E-09 2.4057E-09 2.2902E-09 2.1703E-09 2.0406E-09 1.9055E-09 1.7668E-09 1.6213E-09 1.4772E-09 1.3342E-09 1.1937E-09 1.0556E-09
1.7227E-09 1.7767E-09 1.8380E-09 1.8978E-09 1.9554E-09 2.0183E-09 2.0768E-09 2.1355E-09 2.1962E-09 2.2554E-09 2.3142E-09 2.3725E-09 2.4301E-09 2.4867E-09 2.5421E-09 2.5961E-09 2.6483E-09 2.6985E-09 2.7464E-09 2.7926E-09 2.8365E-09 2.8771E-09 2.9136E-09 2.9464E-09 2.9764E-09 3.0035E-09 3.0256E-09 3.0407E-09 3.0484E-09 3.0506E-09 3.0490E-09 3.0443E-09 3.0346E-09 3.0212E-09 3.0002E-09 2.9735E-09 2.9399E-09 2.8992E-09 2.8516E-09 2.7988E-09 2.7389E-09 2.6714E-09 2.5960E-09 2.5067E-09 2.4127E-09 2.3123E-09 2.2107E-09 2.1028E-09 1.9878E-09 1.8696E-09 1.7432E-09 1.6121E-09 1.4794E-09 1.3457E-09 1.2130E-09 1.0819E-09 9.5463E-10
1.6461E-09 1.6975E-09 1.7548E-09 1.8100E-09 1.8640E-09 1.9229E-09 1.9775E-09 2.0321E-09 2.0877E-09 2.1431E-09 2.1976E-09 2.2515E-09 2.3046E-09 2.3567E-09 2.4077E-09 2.4571E-09 2.5049E-09 2.5506E-09 2.5942E-09 2.6352E-09 2.6740E-09 2.7105E-09 2.7437E-09 2.7731E-09 2.7982E-09 2.8192E-09 2.8373E-09 2.8491E-09 2.8543E-09 2.8535E-09 2.8486E-09 2.8404E-09 2.8281E-09 2.8123E-09 2.7905E-09 2.7630E-09 2.7296E-09 2.6890E-09 2.6429E-09 2.5900E-09 2.5311E-09 2.4641E-09 2.3896E-09 2.3062E-09 2.2153E-09 2.1260E-09 2.0290E-09 1.9288E-09 1.8208E-09 1.7086E-09 1.5933E-09 1.4712E-09 1.3481E-09 1.2247E-09 1.1032E-09 9.8289E-10 8.6840E-10
1.5707E-09 1.6195E-09 1.6736E-09 1.7251E-09 1.7749E-09 1.8295E-09 1.8810E-09 1.9318E-09 1.9826E-09 2.0339E-09 2.0847E-09 2.1345E-09 2.1834E-09 2.2313E-09 2.2780E-09 2.3233E-09 2.3668E-09 2.4085E-09 2.4479E-09 2.4850E-09 2.5194E-09 2.5509E-09 2.5804E-09 2.6064E-09 2.6291E-09 2.6470E-09 2.6596E-09 2.6657E-09 2.6678E-09 2.6658E-09 2.6603E-09 2.6510E-09 2.6370E-09 2.6185E-09 2.5948E-09 2.5651E-09 2.5314E-09 2.4916E-09 2.4475E-09 2.3959E-09 2.3387E-09 2.2755E-09 2.2029E-09 2.1247E-09 2.0434E-09 1.9589E-09 1.8681E-09 1.7720E-09 1.6727E-09 1.5674E-09 1.4604E-09 1.3471E-09 1.2320E-09 1.1198E-09 1.0058E-09 8.9490E-10 7.8918E-10
1.4972E-09 1.5428E-09 1.5940E-09 1.6425E-09 1.6887E-09 1.7384E-09 1.7867E-09 1.8345E-09 1.8815E-09 1.9283E-09 1.9752E-09 2.0216E-09 2.0666E-09 2.1105E-09 2.1532E-09 2.1945E-09 2.2342E-09 2.2719E-09 2.3076E-09 2.3410E-09 2.3718E-09 2.3998E-09 2.4249E-09 2.4470E-09 2.4664E-09 2.4820E-09 2.4920E-09 2.4952E-09 2.4932E-09 2.4876E-09 2.4804E-09 2.4707E-09 2.4570E-09 2.4377E-09 2.4132E-09 2.3837E-09 2.3500E-09 2.3100E-09 2.2651E-09 2.2158E-09 2.1598E-09 2.0987E-09 2.0286E-09 1.9582E-09 1.8832E-09 1.8025E-09 1.7195E-09 1.6291E-09 1.5371E-09 1.4374E-09 1.3355E-09 1.2314E-09 1.1255E-09 1.0229E-09 9.1933E-10 8.1795E-10 7.2099E-10
1.4262E-09 1.4682E-09 1.5157E-09 1.5617E-09 1.6053E-09 1.6505E-09 1.6949E-09 1.7397E-09 1.7838E-09 1.8269E-09 1.8696E-09 1.9122E-09 1.9540E-09 1.9943E-09 2.0333E-09 2.0709E-09 2.1069E-09 2.1411E-09 2.1732E-09 2.2032E-09 2.2306E-09 2.2555E-09 2.2774E-09 2.2964E-09 2.3121E-09 2.3241E-09 2.3312E-09 2.3325E-09 2.3297E-09 2.3234E-09 2.3142E-09 2.3019E-09 2.2858E-09 2.2666E-09 2.2428E-09 2.2139E-09 2.1803E-09 2.1423E-09 2.0986E-09 2.0516E-09 1.9972E-09 1.9372E-09 1.8757E-09 1.8080E-09 1.7386E-09 1.6617E-09 1.5836E-09 1.4999E-09 1.4118E-09 1.3218E-09 1.2262E-09 1.1287E-09 1.0322E-09 9.3596E-10 8.4184E-10 7.4826E-10 6.5871E-10
1.3568E-09 1.3963E-09 1.4398E-09 1.4824E-09 1.5238E-09 1.5657E-09 1.6066E-09 1.6476E-09 1.6888E-09 1.7291E-09 1.7685E-09 1.8069E-09 1.8444E-09 1.8808E-09 1.9161E-09 1.9500E-09 1.9823E-09 2.0128E-09 2.0414E-09 2.0678E-09 2.0918E-09 2.1133E-09 2.1321E-09 2.1479E-09 2.1607E-09 2.1692E-09 2.1722E-09 2.1703E-09 2.1658E-09 2.1588E-09 2.1492E-09 2.1365E-09 2.1195E-09 2.0983E-09 2.0729E-09 2.0434E-09 2.0096E-09 1.9722E-09 1.9309E-09 1.8845E-09 1.8342E-09 1.7786E-09 1.7207E-09 1.6569E-09 1.5890E-09 1.5194E-09 1.4438E-09 1.3682E-09 1.2848E-09 1.1994E-09 1.1127E-09 1.0214E-09 9.3427E-10 8.4521E-10 7.5884E-10 6.7504E-10 5.9400E-10
1.2835E-09 1.3262E-09 1.3669E-09 1.4052E-09 1.4441E-09 1.4831E-09 1.5216E-09 1.5593E-09 1.5967E-09 1.6344E-09 1.6710E-09 1.7065E-09 1.7409E-09 1.7741E-09 1.8062E-09 1.8369E-09 1.8661E-09 1.8935E-09 1.9191E-09 1.9426E-09 1.9639E-09 1.9828E-09 1.9991E-09 2.0126E-09 2.0230E-09 2.0290E-09 2.0297E-09 2.0262E-09 2.0202E-09 2.0119E-09 2.0018E-09 1.9889E-09 1.9723E-09 1.9518E-09 1.9274E-09 1.8987E-09 1.8662E-09 1.8296E-09 1.7897E-09 1.7450E-09 1.6966E-09 1.6454E-09 1.5889E-09 1.5310E-09 1.4668E-09 1.4015E-09 1.3315E-09 1.2580E-09 1.1839E-09 1.1044E-09 1.0251E-09 9.4005E-10 8.5803E-10 7.7862E-10 6.9737E-10 6.1823E-10 5.4415E-10
1.2173E-09 1.2524E-09 1.2958E-09 1.3313E-09 1.3667E-09 1.4027E-09 1.4383E-09 1.4731E-09 1.5068E-09 1.5399E-09 1.5728E-09 1.6051E-09 1.6364E-09 1.6662E-09 1.6947E-09 1.7218E-09 1.7474E-09 1.7714E-09 1.7934E-09 1.8135E-09 1.8314E-09 1.8470E-09 1.8601E-09 1.8706E-09 1.8779E-09 1.8806E-09 1.8786E-09 1.8732E-09 1.8657E-09 1.8560E-09 1.8442E-09 1.8294E-09 1.8111E-09 1.7896E-09 1.7649E-09 1.7367E-09 1.7052E-09 1.6698E-09 1.6310E-09 1.5892E-09 1.5430E-09 1.4952E-09 1.4415E-09 1.3851E-09 1.3271E-09 1.2642E-09 1.2012E-09 1.1323E-09 1.0632E-09 9.8984E-10 9.1338E-10 8.3702E-10 7.5991E-10 6.8633E-10 6.1471E-10 5.4563E-10 4.7961E-10
1.1533E-09 1.1860E-09 1.2205E-09 1.2597E-09 1.2928E-09 1.3254E-09 1.3585E-09 1.3911E-09 1.4231E-09 1.4537E-09 1.4834E-09 1.5126E-09 1.5412E-09 1.5688E-09 1.5949E-09 1.6195E-09 1.6425E-09 1.6639E-09 1.6836E-09 1.7013E-09 1.7170E-09 1.7305E-09 1.7416E-09 1.7503E-09 1.7557E-09 1.7565E-09 1.7532E-09 1.7474E-09 1.7396E-09 1.7299E-09 1.7180E-09 1.7031E-09 1.6851E-09 1.6639E-09 1.6394E-09 1.6118E-09 1.5809E-09 1.5472E-09 1.5099E-09 1.4707E-09 1.4269E-09 1.3804E-09 1.3322E-09 1.2790E-09 1.2254E-09 1.1662E-09 1.1061E-09 1.0436E-09 9.7771E-10 9.1215E-10 8.4138E-10 7.7102E-10 7.0160E-10 6.3326E-10 5.6686E-10 5.0292E-10 4.4191E-10
1.0868E-09 1.1220E-09 1.1528E-09 1.1844E-09 1.2212E-09 1.2517E-09 1.2809E-09 1.3101E-09 1.3395E-09 1.3683E-09 1.3958E-09 1.4220E-09 1.4472E-09 1.4719E-09 1.4955E-09 1.5178E-09 1.5382E-09 1.5569E-09 1.5740E-09 1.5892E-09 1.6024E-09 1.6136E-09 1.6225E-09 1.6291E-09 1.6321E-09 1.6309E-09 1.6263E-09 1.6196E-09 1.6112E-09 1.6011E-09 1.5887E-09 1.5735E-09 1.5553E-09 1.5343E-09 1.5104E-09 1.4835E-09 1.4538E-09 1.4216E-09 1.3861E-09 1.3479E-09 1.3076E-09 1.2635E-09 1.2189E-09 1.1689E-09 1.1170E-09 1.0645E-09 1.0077E-09 9.5129E-10 8.8977E-10 8.2701E-10 7.6310E-10 6.9737E-10 6.3493E-10 5.7174E-10 5.1127E-10 4.5318E-10 3.9787E-10
1.0216E-09 1.0554E-09 1.0885E-09 1.1165E-09 1.1445E-09 1.1724E-09 1.2050E-09 1.2312E-09 1.2570E-09 1.2829E-09 1.3082E-09 1.3324E-09 1.3549E-09 1.3763E-09 1.3966E-09 1.4160E-09 1.4340E-09 1.4502E-09 1.4647E-09 1.4773E-09 1.4879E-09 1.4966E-09 1.5032E-09 1.5073E-09 1.5079E-09 1.5046E-09 1.4986E-09 1.4909E-09 1.4817E-09 1.4708E-09 1.4576E-09 1.4418E-09 1.4234E-09 1.4023E-09 1.3787E-09 1.3523E-09 1.3235E-09 1.2922E-09 1.2587E-09 1.2223E-09 1.1849E-09 1.1431E-09 1.0994E-09 1.0550E-09 1.0063E-09 9.5829E-10 9.0529E-10 8.5092E-10 7.9618E-10 7.3786E-10 6.7923E-10 6.1902E-10 5.6162E-10 5.0577E-10 4.5183E-10 4.0017E-10 3.5113E-10
9.6295E-10 9.9038E-10 1.0222E-09 1.0531E-09 1.0788E-09 1.1044E-09 1.1298E-09 1.1600E-09 1.1838E-09 1.2067E-09 1.2294E-09 1.2518E-09 1.2732E-09 1.2931E-09 1.3113E-09 1.3282E-09 1.3441E-09 1.3587E-09 1.3717E-09 1.3827E-09 1.3920E-09 1.3995E-09 1.4049E-09 1.4076E-09 1.4069E-09 1.4028E-09 1.3966E-09 1.3890E-09 1.3799E-09 1.3685E-09 1.3555E-09 1.3404E-09 1.3227E-09 1.3024E-09 1.2797E-09 1.2548E-09 1.2273E-09 1.1977E-09 1.1665E-09 1.1322E-09 1.0960E-09 1.0585E-09 1.0175E-09 9.7699E-10 9.3133E-10 8.8448E-10 8.3732E-10 7.8604E-10 7.3656E-10 6.8147E-10 6.2583E-10 5.7177E-10 5.1833E-10 4.6641E-10 4.1634E-10 3.6796E-10 3.2133E-10
9.0254E-10 9.3141E-10 9.5621E-10 9.8537E-10 1.0085E-09 1.0360E-09 1.0585E-09 1.0811E-09 1.1031E-09 1.1295E-09 1.1492E-09 1.1682E-09 1.1870E-09 1.2049E-09 1.2216E-09 1.2365E-09 1.2497E-09 1.2614E-09 1.2719E-09 1.2811E-09 1.2882E-09 1.2936E-09 1.2971E-09 1.2979E-09 1.2955E-09 1.2902E-09 1.2832E-09 1.2749E-09 1.2638E-09 1.2524E-09 1.2390E-09 1.2234E-09 1.2058E-09 1.1859E-09 1.1639E-09 1.1398E-09 1.1136E-09 1.0852E-09 1.0550E-09 1.0233E-09 9.8902E-10 9.5456E-10 9.1617E-10 8.7638E-10 8.3667E-10 7.9305E-10 7.5034E-10 7.0263E-10 6.5434E-10 6.0643E-10 5.5431E-10 5.0403E-10 4.5558E-10 4.0848E-10 3.6378E-10 3.2147E-10 2.8147E-10
