Assets/Resources/2015_m01_d07_1300(utc+0800)_l00_csi_1hr_conc.grd
DSAA
         159         159
     -79.000      79.000
     -79.000      79.000
  0.0000E+00  0.7636E-06
[rows 50 to 74 of 159, columns 57 to 113 of 159]
3.2638E-09 3.4579E-09 3.6622E-09 3.8754E-09 4.1084E-09 4.3563E-09 4.6179E-09 4.8996E-09 5.1965E-09 5.5264E-09 5.8481E-09 6.1934E-09 6.5650E-09 6.9668E-09 7.3394E-09 7.7671E-09 8.2513E-09 8.6763E-09 9.1514E-09 9.6567E-09 1.0231E-08 1.0774E-08 1.1330E-08 1.1891E-08 1.2451E-08 1.3006E-08 1.3551E-08 1.4083E-08 1.4595E-08 1.5088E-08 1.5555E-08 1.5990E-08 1.6387E-08 1.6752E-08 1.7080E-08 1.7363E-08 1.7603E-08 1.7802E-08 1.7951E-08 1.8067E-08 1.8141E-08 1.8171E-08 1.8160E-08 1.8107E-08 1.8015E-08 1.7881E-08 1.7717E-08 1.7516E-08 1.7283E-08 1.7020E-08 1.6737E-08 1.6430E-08 1.6105E-08 1.5756E-08 1.5366E-08 1.4975E-08 1.4576E-08
3.2379E-09 3.4292E-09 3.6333E-09 3.8528E-09 4.0873E-09 4.3347E-09 4.6015E-09 4.8951E-09 5.2024E-09 5.5310E-09 5.8765E-09 6.2569E-09 6.6247E-09 7.0279E-09 7.4613E-09 7.9262E-09 8.3528E-09 8.8458E-09 9.4061E-09 9.8927E-09 1.0445E-08 1.1016E-08 1.1663E-08 1.2263E-08 1.2863E-08 1.3458E-08 1.4043E-08 1.4614E-08 1.5164E-08 1.5689E-08 1.6181E-08 1.6635E-08 1.7053E-08 1.7432E-08 1.7765E-08 1.8045E-08 1.8284E-08 1.8476E-08 1.8612E-08 1.8700E-08 1.8747E-08 1.8753E-08 1.8716E-08 1.8635E-08 1.8510E-08 1.8346E-08 1.8148E-08 1.7914E-08 1.7651E-08 1.7357E-08 1.7032E-08 1.6687E-08 1.6332E-08 1.5953E-08 1.5545E-08 1.5115E-08 1.4688E-08
3.2093E-09 3.3995E-09 3.6036E-09 3.8213E-09 4.0582E-09 4.3161E-09 4.5873E-09 4.8820E-09 5.1954E-09 5.5398E-09 5.8995E-09 6.2837E-09 6.6931E-09 7.1358E-09 7.5659E-09 8.0382E-09 8.5519E-09 9.0890E-09 9.5814E-09 1.0146E-08 1.0790E-08 1.1340E-08 1.1964E-08 1.2605E-08 1.3312E-08 1.3949E-08 1.4576E-08 1.5187E-08 1.5776E-08 1.6336E-08 1.6861E-08 1.7342E-08 1.7782E-08 1.8173E-08 1.8506E-08 1.8792E-08 1.9030E-08 1.9208E-08 1.9332E-08 1.9408E-08 1.9425E-08 1.9391E-08 1.9315E-08 1.9198E-08 1.9039E-08 1.8840E-08 1.8604E-08 1.8333E-08 1.8029E-08 1.7695E-08 1.7339E-08 1.6953E-08 1.6559E-08 1.6147E-08 1.5709E-08 1.5255E-08 1.4787E-08
3.1777E-09 3.3665E-09 3.5683E-09 3.7912E-09 4.0308E-09 4.2865E-09 4.5661E-09 4.8718E-09 5.1949E-09 5.5421E-09 5.9167E-09 6.3300E-09 6.7617E-09 7.2189E-09 7.7058E-09 8.2202E-09 8.7182E-09 9.2709E-09 9.8671E-09 1.0485E-08 1.1055E-08 1.1702E-08 1.2432E-08 1.3041E-08 1.3709E-08 1.4394E-08 1.5137E-08 1.5791E-08 1.6419E-08 1.7013E-08 1.7569E-08 1.8082E-08 1.8541E-08 1.8943E-08 1.9284E-08 1.9576E-08 1.9804E-08 1.9968E-08 2.0072E-08 2.0125E-08 2.0115E-08 2.0052E-08 1.9936E-08 1.9777E-08 1.9573E-08 1.9333E-08 1.9057E-08 1.8743E-08 1.8398E-08 1.8029E-08 1.7631E-08 1.7212E-08 1.6766E-08 1.6324E-08 1.5854E-08 1.5372E-08 1.4876E-08
3.1425E-09 3.3314E-09 3.5335E-09 3.7555E-09 3.9968E-09 4.2608E-09 4.5471E-09 4.8550E-09 5.1899E-09 5.5605E-09 5.9686E-09 6.4027E-09 6.8599E-09 7.3580E-09 7.8540E-09 8.3829E-09 8.9612E-09 9.5674E-09 1.0148E-08 1.0784E-08 1.1486E-08 1.2191E-08 1.2842E-08 1.3562E-08 1.4365E-08 1.5016E-08 1.5731E-08 1.6432E-08 1.7178E-08 1.7796E-08 1.8389E-08 1.8931E-08 1.9413E-08 1.9830E-08 2.0181E-08 2.0472E-08 2.0691E-08 2.0836E-08 2.0929E-08 2.0951E-08 2.0908E-08 2.0812E-08 2.0655E-08 2.0443E-08 2.0193E-08 1.9898E-08 1.9565E-08 1.9204E-08 1.8814E-08 1.8397E-08 1.7952E-08 1.7489E-08 1.7010E-08 1.6509E-08 1.6002E-08 1.5490E-08 1.4971E-08
3.1037E-09 3.2925E-09 3.4976E-09 3.7200E-09 3.9634E-09 4.2317E-09 4.5260E-09 4.8469E-09 5.2003E-09 5.6032E-09 6.0481E-09 6.5436E-09 7.0277E-09 7.5312E-09 8.0641E-09 8.6437E-09 9.2454E-09 9.8475E-09 1.0516E-08 1.1222E-08 1.1897E-08 1.2630E-08 1.3454E-08 1.4227E-08 1.4930E-08 1.5704E-08 1.6548E-08 1.7202E-08 1.7889E-08 1.8568E-08 1.9272E-08 1.9840E-08 2.0338E-08 2.0765E-08 2.1113E-08 2.1404E-08 2.1610E-08 2.1745E-08 2.1806E-08 2.1797E-08 2.1722E-08 2.1577E-08 2.1377E-08 2.1122E-08 2.0812E-08 2.0468E-08 2.0082E-08 1.9660E-08 1.9211E-08 1.8744E-08 1.8256E-08 1.7752E-08 1.7230E-08 1.6689E-08 1.6126E-08 1.5579E-08 1.5031E-08
3.0612E-09 3.2509E-09 3.4582E-09 3.6830E-09 3.9317E-09 4.2084E-09 4.5245E-09 4.8727E-09 5.2599E-09 5.7363E-09 6.2444E-09 6.7868E-09 7.3130E-09 7.8623E-09 8.4018E-09 8.9775E-09 9.6032E-09 1.0247E-08 1.0938E-08 1.1696E-08 1.2462E-08 1.3261E-08 1.4026E-08 1.4861E-08 1.5757E-08 1.6577E-08 1.7295E-08 1.8059E-08 1.8895E-08 1.9510E-08 2.0162E-08 2.0772E-08 2.1362E-08 2.1787E-08 2.2148E-08 2.2427E-08 2.2617E-08 2.2731E-08 2.2763E-08 2.2711E-08 2.2590E-08 2.2404E-08 2.2150E-08 2.1842E-08 2.1478E-08 2.1063E-08 2.0623E-08 2.0145E-08 1.9638E-08 1.9107E-08 1.8560E-08 1.8005E-08 1.7441E-08 1.6864E-08 1.6251E-08 1.5656E-08 1.5074E-08
3.0140E-09 3.2051E-09 3.4150E-09 3.6453E-09 3.9090E-09 4.2156E-09 4.5614E-09 4.9650E-09 5.4415E-09 5.9930E-09 6.6095E-09 7.2505E-09 7.8198E-09 8.3849E-09 8.9295E-09 9.5175E-09 1.0141E-08 1.0796E-08 1.1524E-08 1.2298E-08 1.3118E-08 1.3962E-08 1.4841E-08 1.5728E-08 1.6553E-08 1.7428E-08 1.8338E-08 1.9155E-08 1.9840E-08 2.0576E-08 2.1353E-08 2.1859E-08 2.2375E-08 2.2860E-08 2.3282E-08 2.3544E-08 2.3709E-08 2.3797E-08 2.3788E-08 2.3701E-08 2.3519E-08 2.3275E-08 2.2970E-08 2.2593E-08 2.2172E-08 2.1696E-08 2.1182E-08 2.0644E-08 2.0077E-08 1.9487E-08 1.8881E-08 1.8263E-08 1.7642E-08 1.7024E-08 1.6381E-08 1.5724E-08 1.5103E-08
2.9619E-09 3.1551E-09 3.3694E-09 3.6178E-09 3.9079E-09 4.2731E-09 4.7112E-09 5.2281E-09 5.8395E-09 6.5476E-09 7.3342E-09 8.0583E-09 8.6943E-09 9.2970E-09 9.8168E-09 1.0357E-08 1.0913E-08 1.1572E-08 1.2311E-08 1.3078E-08 1.3915E-08 1.4843E-08 1.5755E-08 1.6663E-08 1.7616E-08 1.8551E-08 1.9376E-08 2.0230E-08 2.1124E-08 2.1888E-08 2.2480E-08 2.3086E-08 2.3728E-08 2.4067E-08 2.4414E-08 2.4710E-08 2.4905E-08 2.4938E-08 2.4893E-08 2.4746E-08 2.4520E-08 2.4212E-08 2.3836E-08 2.3388E-08 2.2895E-08 2.2359E-08 2.1766E-08 2.1154E-08 2.0522E-08 1.9870E-08 1.9203E-08 1.8529E-08 1.7851E-08 1.7174E-08 1.6482E-08 1.5799E-08 1.5116E-08
2.9058E-09 3.1010E-09 3.3301E-09 3.6086E-09 3.9747E-09 4.4381E-09 5.0452E-09 5.7668E-09 6.6329E-09 7.5926E-09 8.6129E-09 9.4749E-09 1.0198E-08 1.0774E-08 1.1206E-08 1.1664E-08 1.2128E-08 1.2679E-08 1.3344E-08 1.4135E-08 1.4977E-08 1.5851E-08 1.6867E-08 1.7872E-08 1.8814E-08 1.9748E-08 2.0714E-08 2.1621E-08 2.2392E-08 2.3174E-08 2.3938E-08 2.4577E-08 2.5004E-08 2.5442E-08 2.5885E-08 2.5987E-08 2.6078E-08 2.6149E-08 2.6080E-08 2.5872E-08 2.5584E-08 2.5207E-08 2.4733E-08 2.4221E-08 2.3645E-08 2.3023E-08 2.2372E-08 2.1671E-08 2.0969E-08 2.0251E-08 1.9520E-08 1.8786E-08 1.8051E-08 1.7323E-08 1.6579E-08 1.5847E-08 1.5133E-08
2.8505E-09 3.0500E-09 3.2991E-09 3.6436E-09 4.1100E-09 4.7676E-09 5.6732E-09 6.8148E-09 8.1467E-09 9.5265E-09 1.0823E-08 1.1835E-08 1.2635E-08 1.3155E-08 1.3450E-08 1.3649E-08 1.3937E-08 1.4315E-08 1.4803E-08 1.5475E-08 1.6301E-08 1.7218E-08 1.8196E-08 1.9221E-08 2.0258E-08 2.1268E-08 2.2190E-08 2.3094E-08 2.3984E-08 2.4778E-08 2.5425E-08 2.6051E-08 2.6664E-08 2.7077E-08 2.7255E-08 2.7414E-08 2.7588E-08 2.7409E-08 2.7232E-08 2.7045E-08 2.6700E-08 2.6235E-08 2.5690E-08 2.5079E-08 2.4428E-08 2.3710E-08 2.2977E-08 2.2209E-08 2.1406E-08 2.0622E-08 1.9827E-08 1.9030E-08 1.8237E-08 1.7455E-08 1.6661E-08 1.5886E-08 1.5131E-08
2.7954E-09 3.0067E-09 3.2981E-09 3.7157E-09 4.3506E-09 5.3376E-09 6.7582E-09 8.6084E-09 1.0717E-08 1.2750E-08 1.4441E-08 1.5624E-08 1.6461E-08 1.6789E-08 1.6816E-08 1.6690E-08 1.6595E-08 1.6611E-08 1.6870E-08 1.7314E-08 1.8056E-08 1.8905E-08 1.9838E-08 2.0908E-08 2.1982E-08 2.2982E-08 2.3945E-08 2.4905E-08 2.5731E-08 2.6507E-08 2.7249E-08 2.7866E-08 2.8282E-08 2.8640E-08 2.8975E-08 2.9102E-08 2.8973E-08 2.8842E-08 2.8706E-08 2.8210E-08 2.7757E-08 2.7298E-08 2.6682E-08 2.5974E-08 2.5204E-08 2.4413E-08 2.3574E-08 2.2729E-08 2.1855E-08 2.0972E-08 2.0113E-08 1.9255E-08 1.8403E-08 1.7566E-08 1.6721E-08 1.5902E-08 1.5107E-08
2.7399E-09 2.9689E-09 3.3094E-09 3.8314E-09 4.7120E-09 6.1650E-09 8.3458E-09 1.1271E-08 1.4679E-08 1.7694E-08 2.0005E-08 2.1373E-08 2.2141E-08 2.2144E-08 2.1740E-08 2.1069E-08 2.0416E-08 1.9892E-08 1.9731E-08 1.9819E-08 2.0244E-08 2.1014E-08 2.1874E-08 2.2835E-08 2.3971E-08 2.5057E-08 2.6048E-08 2.6939E-08 2.7799E-08 2.8596E-08 2.9211E-08 2.9778E-08 3.0247E-08 3.0571E-08 3.0678E-08 3.0724E-08 3.0722E-08 3.0485E-08 3.0002E-08 2.9543E-08 2.9095E-08 2.8314E-08 2.7585E-08 2.6889E-08 2.6010E-08 2.5105E-08 2.4179E-08 2.3225E-08 2.2287E-08 2.1318E-08 2.0371E-08 1.9449E-08 1.8541E-08 1.7651E-08 1.6756E-08 1.5892E-08 1.5058E-08
2.6856E-09 2.9364E-09 3.3206E-09 3.9673E-09 5.1445E-09 7.1509E-09 1.0305E-08 1.4706E-08 1.9937E-08 2.4435E-08 2.7798E-08 2.9634E-08 3.0178E-08 2.9725E-08 2.8650E-08 2.7224E-08 2.5792E-08 2.4480E-08 2.3666E-08 2.3224E-08 2.3228E-08 2.3622E-08 2.4376E-08 2.5313E-08 2.6309E-08 2.7379E-08 2.8414E-08 2.9386E-08 3.0207E-08 3.0909E-08 3.1531E-08 3.2043E-08 3.2354E-08 3.2589E-08 3.2728E-08 3.2672E-08 3.2380E-08 3.2022E-08 3.1644E-08 3.1031E-08 3.0240E-08 2.9467E-08 2.8729E-08 2.7684E-08 2.6716E-08 2.5793E-08 2.4758E-08 2.3711E-08 2.2668E-08 2.1641E-08 2.0604E-08 1.9610E-08 1.8644E-08 1.7701E-08 1.6758E-08 1.5853E-08 1.4981E-08
2.6275E-09 2.8934E-09 3.3149E-09 4.0811E-09 5.5320E-09 8.1025E-09 1.2294E-08 1.8298E-08 2.5706E-08 3.2372E-08 3.7540E-08 4.0399E-08 4.0852E-08 3.9980E-08 3.7975E-08 3.5637E-08 3.3109E-08 3.0867E-08 2.9093E-08 2.7814E-08 2.7175E-08 2.7065E-08 2.7468E-08 2.8187E-08 2.9089E-08 3.0124E-08 3.1173E-08 3.2076E-08 3.2862E-08 3.3607E-08 3.4155E-08 3.4527E-08 3.4800E-08 3.4930E-08 3.4847E-08 3.4669E-08 3.4341E-08 3.3865E-08 3.3168E-08 3.2446E-08 3.1697E-08 3.0726E-08 2.9638E-08 2.8594E-08 2.7620E-08 2.6367E-08 2.5211E-08 2.4177E-08 2.3026E-08 2.1906E-08 2.0814E-08 1.9730E-08 1.8706E-08 1.7713E-08 1.6724E-08 1.5776E-08 1.4872E-08
2.5635E-09 2.8319E-09 3.2773E-09 4.1173E-09 5.7476E-09 8.7359E-09 1.3775E-08 2.1240E-08 3.0821E-08 4.0168E-08 4.7974E-08 5.2748E-08 5.3907E-08 5.3072E-08 5.0216E-08 4.6624E-08 4.2856E-08 3.9506E-08 3.6484E-08 3.4104E-08 3.2465E-08 3.1619E-08 3.1347E-08 3.1694E-08 3.2398E-08 3.3204E-08 3.4161E-08 3.5157E-08 3.5947E-08 3.6522E-08 3.6992E-08 3.7365E-08 3.7496E-08 3.7431E-08 3.7254E-08 3.6889E-08 3.6347E-08 3.5701E-08 3.4967E-08 3.4077E-08 3.2988E-08 3.1885E-08 3.0820E-08 2.9567E-08 2.8271E-08 2.7041E-08 2.5866E-08 2.4479E-08 2.3257E-08 2.2131E-08 2.0961E-08 1.9825E-08 1.8718E-08 1.7678E-08 1.6648E-08 1.5664E-08 1.4726E-08
2.4933E-09 2.7484E-09 3.1854E-09 4.0211E-09 5.6770E-09 8.8349E-09 1.4358E-08 2.2821E-08 3.4114E-08 4.6131E-08 5.7016E-08 6.4646E-08 6.7692E-08 6.8273E-08 6.5182E-08 6.0707E-08 5.5695E-08 5.1024E-08 4.6461E-08 4.2749E-08 3.9686E-08 3.7743E-08 3.6459E-08 3.6066E-08 3.6305E-08 3.6869E-08 3.7614E-08 3.8444E-08 3.9200E-08 3.9833E-08 4.0201E-08 4.0371E-08 4.0382E-08 4.0220E-08 3.9829E-08 3.9240E-08 3.8548E-08 3.7701E-08 3.6683E-08 3.5607E-08 3.4469E-08 3.3211E-08 3.1801E-08 3.0444E-08 2.9143E-08 2.7681E-08 2.6238E-08 2.4903E-08 2.3621E-08 2.2225E-08 2.0958E-08 1.9855E-08 1.8698E-08 1.7594E-08 1.6524E-08 1.5506E-08 1.4542E-08
2.4191E-09 2.6509E-09 3.0388E-09 3.7895E-09 5.3085E-09 8.3064E-09 1.3781E-08 2.2553E-08 3.4728E-08 4.8701E-08 6.2403E-08 7.3176E-08 7.9430E-08 8.3042E-08 8.1448E-08 7.7553E-08 7.2284E-08 6.6017E-08 5.9741E-08 5.4448E-08 4.9669E-08 4.6066E-08 4.3280E-08 4.1679E-08 4.0906E-08 4.1007E-08 4.1488E-08 4.2114E-08 4.2771E-08 4.3236E-08 4.3524E-08 4.3631E-08 4.3491E-08 4.3111E-08 4.2560E-08 4.1821E-08 4.0853E-08 3.9728E-08 3.8548E-08 3.7241E-08 3.5822E-08 3.4380E-08 3.2919E-08 3.1386E-08 2.9763E-08 2.8232E-08 2.6793E-08 2.5222E-08 2.3739E-08 2.2389E-08 2.1110E-08 1.9729E-08 1.8529E-08 1.7464E-08 1.6350E-08 1.5302E-08 1.4313E-08
2.3438E-09 2.5548E-09 2.8815E-09 3.5048E-09 4.7734E-09 7.3462E-09 1.2249E-08 2.0506E-08 3.2525E-08 4.7273E-08 6.2652E-08 7.5990E-08 8.5852E-08 9.3046E-08 9.5227E-08 9.4463E-08 9.2110E-08 8.4725E-08 7.7626E-08 7.0147E-08 6.3524E-08 5.7599E-08 5.2612E-08 4.8898E-08 4.6549E-08 4.5577E-08 4.5547E-08 4.5927E-08 4.6398E-08 4.6791E-08 4.6980E-08 4.6906E-08 4.6620E-08 4.6132E-08 4.5382E-08 4.4375E-08 4.3221E-08 4.1902E-08 4.0410E-08 3.8826E-08 3.7238E-08 3.5582E-08 3.3860E-08 3.2157E-08 3.0491E-08 2.8810E-08 2.7080E-08 2.5482E-08 2.4004E-08 2.2399E-08 2.0988E-08 1.9706E-08 1.8476E-08 1.7196E-08 1.6044E-08 1.5051E-08 1.4041E-08
2.2656E-09 2.4561E-09 2.7308E-09 3.2288E-09 4.2225E-09 6.2842E-09 1.0342E-08 1.7550E-08 2.8557E-08 4.2859E-08 5.8378E-08 7.2992E-08 8.4982E-08 9.4875E-08 1.0148E-07 1.0610E-07 1.0934E-07 1.0510E-07 1.0042E-07 9.1457E-08 8.2599E-08 7.3380E-08 6.5012E-08 5.7618E-08 5.2853E-08 5.0436E-08 4.9658E-08 4.9686E-08 4.9981E-08 5.0261E-08 5.0357E-08 5.0204E-08 4.9783E-08 4.9069E-08 4.8128E-08 4.6967E-08 4.5563E-08 4.3947E-08 4.2248E-08 4.0449E-08 3.8544E-08 3.6638E-08 3.4781E-08 3.2900E-08 3.1005E-08 2.9187E-08 2.7444E-08 2.5727E-08 2.4007E-08 2.2437E-08 2.1004E-08 1.9502E-08 1.8184E-08 1.7021E-08 1.5856E-08 1.4672E-08 1.3652E-08
2.1857E-09 2.3651E-09 2.6036E-09 2.9716E-09 3.7321E-09 5.2907E-09 8.4829E-09 1.4480E-08 2.4081E-08 3.7188E-08 5.1980E-08 6.6531E-08 7.8732E-08 8.8925E-08 9.7965E-08 1.0657E-07 1.1539E-07 1.1960E-07 1.2256E-07 1.1939E-07 1.0851E-07 9.4621E-08 7.9370E-08 6.6444E-08 5.8880E-08 5.4916E-08 5.3378E-08 5.3117E-08 5.3313E-08 5.3526E-08 5.3565E-08 5.3317E-08 5.2767E-08 5.1922E-08 5.0791E-08 4.9361E-08 4.7724E-08 4.5925E-08 4.3960E-08 4.1871E-08 3.9776E-08 3.7655E-08 3.5507E-08 3.3431E-08 3.1444E-08 2.9490E-08 2.7568E-08 2.5754E-08 2.4055E-08 2.2409E-08 2.0781E-08 1.9323E-08 1.8024E-08 1.6659E-08 1.5453E-08 1.4397E-08 1.3371E-08
2.1031E-09 2.2748E-09 2.4846E-09 2.7735E-09 3.3053E-09 4.4615E-09 6.8473E-09 1.1542E-08 1.9607E-08 3.1197E-08 4.5259E-08 5.9496E-08 7.1618E-08 8.0927E-08 8.8612E-08 9.6771E-08 1.0685E-07 1.1830E-07 1.3087E-07 1.4176E-07 1.3851E-07 1.2043E-07 8.9699E-08 7.1874E-08 6.2767E-08 5.8075E-08 5.6243E-08 5.5939E-08 5.6158E-08 5.6402E-08 5.6421E-08 5.6116E-08 5.5469E-08 5.4488E-08 5.3186E-08 5.1586E-08 4.9724E-08 4.7627E-08 4.5420E-08 4.3143E-08 4.0798E-08 3.8423E-08 3.6134E-08 3.3878E-08 3.1653E-08 2.9565E-08 2.7600E-08 2.5697E-08 2.3866E-08 2.2164E-08 2.0590E-08 1.9084E-08 1.7629E-08 1.6337E-08 1.5163E-08 1.3941E-08 1.2900E-08
2.0184E-09 2.1850E-09 2.3762E-09 2.6279E-09 3.0210E-09 3.7924E-09 5.4615E-09 8.9125E-09 1.5124E-08 2.4846E-08 3.7706E-08 5.2140E-08 6.5868E-08 7.5960E-08 8.2245E-08 8.6638E-08 9.2451E-08 1.0239E-07 1.1674E-07 1.3727E-07 1.5157E-07 1.3290E-07 8.8509E-08 7.0545E-08 6.2830E-08 5.9121E-08 5.7957E-08 5.7968E-08 5.8350E-08 5.8702E-08 5.8780E-08 5.8472E-08 5.7757E-08 5.6664E-08 5.5210E-08 5.3429E-08 5.1371E-08 4.9083E-08 4.6636E-08 4.4084E-08 4.1532E-08 3.9000E-08 3.6500E-08 3.4055E-08 3.1751E-08 2.9534E-08 2.7400E-08 2.5423E-08 2.3595E-08 2.1849E-08 2.0185E-08 1.8660E-08 1.7271E-08 1.5965E-08 1.4669E-08 1.3534E-08 1.2536E-08
1.9340E-09 2.0917E-09 2.2712E-09 2.5004E-09 2.7933E-09 3.3362E-09 4.4215E-09 6.6875E-09 1.0866E-08 1.8075E-08 2.8581E-08 4.2428E-08 5.8275E-08 7.2577E-08 8.2698E-08 8.5548E-08 8.5486E-08 8.8454E-08 9.6852E-08 1.1296E-07 1.3670E-07 1.2281E-07 7.4087E-08 6.3158E-08 5.9454E-08 5.8075E-08 5.8202E-08 5.8974E-08 5.9830E-08 6.0371E-08 6.0485E-08 6.0213E-08 5.9489E-08 5.8328E-08 5.6763E-08 5.4837E-08 5.2612E-08 5.0124E-08 4.7469E-08 4.4732E-08 4.1973E-08 3.9218E-08 3.6575E-08 3.4030E-08 3.1581E-08 2.9250E-08 2.7095E-08 2.5044E-08 2.3113E-08 2.1344E-08 1.9722E-08 1.8188E-08 1.6741E-08 1.5439E-08 1.4228E-08 1.3092E-08 1.2007E-08
1.8509E-09 1.9961E-09 2.1667E-09 2.3777E-09 2.6362E-09 3.0370E-09 3.7415E-09 5.0681E-09 7.5447E-09 1.1974E-08 1.9126E-08 3.0161E-08 4.5178E-08 6.4239E-08 8.2728E-08 9.3942E-08 9.3723E-08 8.6914E-08 8.5886E-08 9.7762E-08 1.2114E-07 1.2038E-07 5.8788E-08 5.4149E-08 5.4541E-08 5.5615E-08 5.7114E-08 5.8769E-08 6.0204E-08 6.1214E-08 6.1569E-08 6.1330E-08 6.0548E-08 5.9373E-08 5.7736E-08 5.5704E-08 5.3345E-08 5.0714E-08 4.7892E-08 4.4969E-08 4.2036E-08 3.9152E-08 3.6358E-08 3.3659E-08 3.1141E-08 2.8779E-08 2.6544E-08 2.4444E-08 2.2541E-08 2.0752E-08 1.9082E-08 1.7563E-08 1.6180E-08 1.4891E-08 1.3650E-08 1.2539E-08 1.1540E-08
