Assets/Resources/2015_m01_d24_1100(utc+0800)_l00_csi_1hr_conc.grd
DSAA
         159         159
     -79.000      79.000
     -79.000      79.000
  0.4921E-10  0.3731E-06
[rows 0 to 24 of 159, columns 57 to 113 of 159]
9.3464E-09 9.0791E-09 8.8197E-09 8.5671E-09 8.3244E-09 8.0904E-09 7.8658E-09 7.6472E-09 7.4315E-09 7.2261E-09 7.0173E-09 6.8214E-09 6.6385E-09 6.4711E-09 6.3016E-09 6.1538E-09 6.0034E-09 5.8544E-09 5.7033E-09 5.5530E-09 5.3990E-09 5.2507E-09 5.0995E-09 4.9516E-09 4.8086E-09 4.6681E-09 4.5280E-09 4.3869E-09 4.2491E-09 4.1122E-09 3.9763E-09 3.8417E-09 3.7088E-09 3.5780E-09 3.4494E-09 3.3234E-09 3.2002E-09 3.0800E-09 2.9631E-09 2.8495E-09 2.7395E-09 2.6330E-09 2.5302E-09 2.4312E-09 2.3359E-09 2.2444E-09 2.1566E-09 2.0725E-09 1.9921E-09 1.9127E-09 1.8261E-09 1.7498E-09 1.6827E-09 1.6190E-09 1.5595E-09 1.5028E-09 1.4486E-09
9.7170E-09 9.4265E-09 9.1444E-09 8.8723E-09 8.6120E-09 8.3620E-09 8.1216E-09 7.8886E-09 7.6621E-09 7.4494E-09 7.2238E-09 7.0176E-09 6.8244E-09 6.6491E-09 6.4678E-09 6.3132E-09 6.1564E-09 5.9973E-09 5.8435E-09 5.6854E-09 5.5295E-09 5.3727E-09 5.2207E-09 5.0651E-09 4.9167E-09 4.7717E-09 4.6251E-09 4.4807E-09 4.3372E-09 4.1960E-09 4.0560E-09 3.9174E-09 3.7806E-09 3.6460E-09 3.5139E-09 3.3844E-09 3.2580E-09 3.1347E-09 3.0149E-09 2.8985E-09 2.7859E-09 2.6770E-09 2.5719E-09 2.4708E-09 2.3735E-09 2.2802E-09 2.1907E-09 2.1051E-09 2.0232E-09 1.9400E-09 1.8551E-09 1.7779E-09 1.7076E-09 1.6452E-09 1.5839E-09 1.5264E-09 1.4715E-09
1.0092E-08 9.7780E-09 9.4748E-09 9.1819E-09 8.9011E-09 8.6323E-09 8.3762E-09 8.1323E-09 7.8940E-09 7.6625E-09 7.4289E-09 7.2079E-09 7.0021E-09 6.8248E-09 6.6330E-09 6.4680E-09 6.3083E-09 6.1457E-09 5.9854E-09 5.8213E-09 5.6591E-09 5.4942E-09 5.3365E-09 5.1756E-09 5.0249E-09 4.8720E-09 4.7224E-09 4.5722E-09 4.4235E-09 4.2781E-09 4.1340E-09 3.9914E-09 3.8508E-09 3.7124E-09 3.5767E-09 3.4439E-09 3.3143E-09 3.1880E-09 3.0652E-09 2.9462E-09 2.8310E-09 2.7198E-09 2.6125E-09 2.5093E-09 2.4102E-09 2.3151E-09 2.2240E-09 2.1369E-09 2.0537E-09 1.9654E-09 1.8795E-09 1.8041E-09 1.7343E-09 1.6701E-09 1.6089E-09 1.5506E-09 1.4942E-09
1.0472E-08 1.0132E-08 9.8044E-09 9.4908E-09 9.1907E-09 8.9050E-09 8.6318E-09 8.3713E-09 8.1247E-09 7.8850E-09 7.6354E-09 7.4026E-09 7.1872E-09 6.9961E-09 6.7966E-09 6.6247E-09 6.4584E-09 6.2896E-09 6.1228E-09 5.9529E-09 5.7876E-09 5.6136E-09 5.4545E-09 5.2860E-09 5.1289E-09 4.9721E-09 4.8164E-09 4.6622E-09 4.5088E-09 4.3583E-09 4.2100E-09 4.0634E-09 3.9190E-09 3.7770E-09 3.6378E-09 3.5017E-09 3.3689E-09 3.2396E-09 3.1141E-09 2.9924E-09 2.8748E-09 2.7612E-09 2.6519E-09 2.5467E-09 2.4458E-09 2.3490E-09 2.2564E-09 2.1679E-09 2.0807E-09 1.9928E-09 1.9048E-09 1.8299E-09 1.7597E-09 1.6946E-09 1.6327E-09 1.5737E-09 1.5175E-09
1.0852E-08 1.0487E-08 1.0136E-08 9.7999E-09 9.4789E-09 9.1736E-09 8.8847E-09 8.6094E-09 8.3484E-09 8.0975E-09 7.8386E-09 7.5902E-09 7.3650E-09 7.1665E-09 6.9612E-09 6.7793E-09 6.6063E-09 6.4311E-09 6.2610E-09 6.0848E-09 5.9128E-09 5.7351E-09 5.5644E-09 5.3941E-09 5.2318E-09 5.0682E-09 4.9089E-09 4.7498E-09 4.5916E-09 4.4361E-09 4.2838E-09 4.1333E-09 3.9851E-09 3.8395E-09 3.6969E-09 3.5575E-09 3.4216E-09 3.2895E-09 3.1612E-09 3.0370E-09 2.9170E-09 2.8013E-09 2.6899E-09 2.5829E-09 2.4802E-09 2.3819E-09 2.2878E-09 2.1980E-09 2.1097E-09 2.0183E-09 1.9309E-09 1.8565E-09 1.7846E-09 1.7197E-09 1.6562E-09 1.5955E-09 1.5396E-09
1.1231E-08 1.0839E-08 1.0464E-08 1.0106E-08 9.7642E-09 9.4401E-09 9.1342E-09 8.8430E-09 8.5673E-09 8.3080E-09 8.0303E-09 7.7796E-09 7.5453E-09 7.3291E-09 7.1199E-09 6.9309E-09 6.7512E-09 6.5698E-09 6.3935E-09 6.2112E-09 6.0335E-09 5.8506E-09 5.6755E-09 5.5004E-09 5.3303E-09 5.1645E-09 4.9982E-09 4.8346E-09 4.6722E-09 4.5114E-09 4.3550E-09 4.2007E-09 4.0488E-09 3.8997E-09 3.7538E-09 3.6112E-09 3.4724E-09 3.3374E-09 3.2065E-09 3.0799E-09 2.9576E-09 2.8398E-09 2.7265E-09 2.6177E-09 2.5134E-09 2.4136E-09 2.3182E-09 2.2271E-09 2.1338E-09 2.0416E-09 1.9564E-09 1.8803E-09 1.8100E-09 1.7425E-09 1.6802E-09 1.6189E-09 1.5615E-09
1.1607E-08 1.1188E-08 1.0787E-08 1.0407E-08 1.0044E-08 9.7005E-09 9.3774E-09 9.0726E-09 8.7835E-09 8.5067E-09 8.2229E-09 7.9600E-09 7.7163E-09 7.4970E-09 7.2750E-09 7.0814E-09 6.8925E-09 6.7049E-09 6.5200E-09 6.3372E-09 6.1508E-09 5.9665E-09 5.7798E-09 5.6027E-09 5.4274E-09 5.2556E-09 5.0849E-09 4.9158E-09 4.7495E-09 4.5841E-09 4.4235E-09 4.2654E-09 4.1099E-09 3.9574E-09 3.8082E-09 3.6626E-09 3.5209E-09 3.3832E-09 3.2499E-09 3.1209E-09 2.9965E-09 2.8767E-09 2.7616E-09 2.6512E-09 2.5454E-09 2.4442E-09 2.3475E-09 2.2525E-09 2.1584E-09 2.0656E-09 1.9812E-09 1.9035E-09 1.8339E-09 1.7659E-09 1.7029E-09 1.6411E-09 1.5841E-09
1.1975E-08 1.1529E-08 1.1103E-08 1.0699E-08 1.0318E-08 9.9559E-09 9.6151E-09 9.2951E-09 8.9916E-09 8.7027E-09 8.4094E-09 8.1339E-09 7.8885E-09 7.6517E-09 7.4237E-09 7.2258E-09 7.0258E-09 6.8359E-09 6.6450E-09 6.4565E-09 6.2644E-09 6.0754E-09 5.8817E-09 5.7007E-09 5.5196E-09 5.3436E-09 5.1679E-09 4.9944E-09 4.8240E-09 4.6542E-09 4.4888E-09 4.3271E-09 4.1681E-09 4.0123E-09 3.8600E-09 3.7115E-09 3.5670E-09 3.4268E-09 3.2910E-09 3.1599E-09 3.0335E-09 2.9119E-09 2.7951E-09 2.6831E-09 2.5759E-09 2.4735E-09 2.3757E-09 2.2798E-09 2.1836E-09 2.0889E-09 2.0054E-09 1.9285E-09 1.8573E-09 1.7897E-09 1.7252E-09 1.6630E-09 1.6057E-09
1.2333E-08 1.1861E-08 1.1410E-08 1.0983E-08 1.0581E-08 1.0201E-08 9.8430E-09 9.5086E-09 9.1941E-09 8.8884E-09 8.5843E-09 8.3102E-09 8.0450E-09 7.8053E-09 7.5718E-09 7.3646E-09 7.1581E-09 6.9621E-09 6.7628E-09 6.5712E-09 6.3714E-09 6.1781E-09 5.9818E-09 5.7954E-09 5.6099E-09 5.4274E-09 5.2474E-09 5.0691E-09 4.8945E-09 4.7206E-09 4.5508E-09 4.3856E-09 4.2232E-09 4.0643E-09 3.9089E-09 3.7576E-09 3.6106E-09 3.4679E-09 3.3300E-09 3.1968E-09 3.0685E-09 2.9452E-09 2.8269E-09 2.7135E-09 2.6051E-09 2.5015E-09 2.4027E-09 2.3018E-09 2.2051E-09 2.1115E-09 2.0303E-09 1.9520E-09 1.8812E-09 1.8122E-09 1.7484E-09 1.6859E-09 1.6272E-09
1.2677E-08 1.2179E-08 1.1705E-08 1.1255E-08 1.0832E-08 1.0436E-08 1.0062E-08 9.7134E-09 9.3856E-09 9.0647E-09 8.7518E-09 8.4693E-09 8.2059E-09 7.9530E-09 7.7141E-09 7.4975E-09 7.2881E-09 7.0828E-09 6.8781E-09 6.6783E-09 6.4784E-09 6.2782E-09 6.0782E-09 5.8849E-09 5.6942E-09 5.5072E-09 5.3222E-09 5.1401E-09 4.9604E-09 4.7835E-09 4.6092E-09 4.4405E-09 4.2750E-09 4.1130E-09 3.9549E-09 3.8009E-09 3.6514E-09 3.5065E-09 3.3665E-09 3.2315E-09 3.1015E-09 2.9766E-09 2.8569E-09 2.7423E-09 2.6328E-09 2.5282E-09 2.4287E-09 2.3286E-09 2.2273E-09 2.1334E-09 2.0532E-09 1.9749E-09 1.9039E-09 1.8346E-09 1.7705E-09 1.7079E-09 1.6499E-09
1.3005E-08 1.2480E-08 1.1983E-08 1.1512E-08 1.1071E-08 1.0657E-08 1.0268E-08 9.9058E-09 9.5672E-09 9.2331E-09 8.9105E-09 8.6203E-09 8.3492E-09 8.0931E-09 7.8493E-09 7.6238E-09 7.4086E-09 7.1947E-09 6.9874E-09 6.7823E-09 6.5773E-09 6.3708E-09 6.1681E-09 5.9700E-09 5.7740E-09 5.5821E-09 5.3924E-09 5.2064E-09 5.0221E-09 4.8422E-09 4.6636E-09 4.4917E-09 4.3231E-09 4.1583E-09 3.9975E-09 3.8411E-09 3.6894E-09 3.5424E-09 3.4005E-09 3.2638E-09 3.1323E-09 3.0061E-09 2.8851E-09 2.7694E-09 2.6591E-09 2.5539E-09 2.4537E-09 2.3503E-09 2.2502E-09 2.1575E-09 2.0757E-09 1.9988E-09 1.9275E-09 1.8581E-09 1.7938E-09 1.7299E-09 1.6727E-09
1.3312E-08 1.2762E-08 1.2243E-08 1.1753E-08 1.1292E-08 1.0863E-08 1.0462E-08 1.0086E-08 9.7317E-09 9.3846E-09 9.0592E-09 8.7664E-09 8.4946E-09 8.2173E-09 7.9774E-09 7.7389E-09 7.5221E-09 7.3026E-09 7.0901E-09 6.8774E-09 6.6703E-09 6.4575E-09 6.2522E-09 6.0493E-09 5.8484E-09 5.6521E-09 5.4579E-09 5.2682E-09 5.0794E-09 4.8966E-09 4.7140E-09 4.5388E-09 4.3675E-09 4.2000E-09 4.0368E-09 3.8781E-09 3.7243E-09 3.5755E-09 3.4320E-09 3.2937E-09 3.1608E-09 3.0334E-09 2.9116E-09 2.7952E-09 2.6842E-09 2.5785E-09 2.4779E-09 2.3711E-09 2.2696E-09 2.1801E-09 2.0996E-09 2.0216E-09 1.9513E-09 1.8806E-09 1.8172E-09 1.7530E-09 1.6956E-09
1.3596E-08 1.3022E-08 1.2480E-08 1.1973E-08 1.1496E-08 1.1052E-08 1.0638E-08 1.0251E-08 9.8884E-09 9.5286E-09 9.1973E-09 8.8935E-09 8.6201E-09 8.3454E-09 8.0966E-09 7.8510E-09 7.6279E-09 7.4024E-09 7.1860E-09 6.9658E-09 6.7568E-09 6.5407E-09 6.3300E-09 6.1230E-09 5.9171E-09 5.7164E-09 5.5181E-09 5.3247E-09 5.1320E-09 4.9461E-09 4.7601E-09 4.5818E-09 4.4078E-09 4.2379E-09 4.0724E-09 3.9118E-09 3.7561E-09 3.6057E-09 3.4606E-09 3.3211E-09 3.1872E-09 3.0591E-09 2.9365E-09 2.8196E-09 2.7082E-09 2.6021E-09 2.5013E-09 2.3947E-09 2.2934E-09 2.2024E-09 2.1236E-09 2.0444E-09 1.9751E-09 1.9033E-09 1.8406E-09 1.7754E-09 1.7187E-09
1.3851E-08 1.3254E-08 1.2695E-08 1.2170E-08 1.1678E-08 1.1222E-08 1.0797E-08 1.0402E-08 1.0021E-08 9.6601E-09 9.3186E-09 9.0189E-09 8.7357E-09 8.4613E-09 8.2080E-09 7.9547E-09 7.7260E-09 7.4972E-09 7.2746E-09 7.0500E-09 6.8363E-09 6.6170E-09 6.4012E-09 6.1900E-09 5.9795E-09 5.7741E-09 5.5725E-09 5.3751E-09 5.1794E-09 4.9902E-09 4.8015E-09 4.6202E-09 4.4438E-09 4.2718E-09 4.1043E-09 3.9419E-09 3.7847E-09 3.6328E-09 3.4866E-09 3.3463E-09 3.2117E-09 3.0830E-09 2.9600E-09 2.8427E-09 2.7311E-09 2.6252E-09 2.5245E-09 2.4150E-09 2.3157E-09 2.2263E-09 2.1475E-09 2.0684E-09 1.9988E-09 1.9271E-09 1.8643E-09 1.7988E-09 1.7420E-09
1.4074E-08 1.3460E-08 1.2881E-08 1.2342E-08 1.1839E-08 1.1371E-08 1.0937E-08 1.0529E-08 1.0144E-08 9.7730E-09 9.4372E-09 9.1290E-09 8.8455E-09 8.5702E-09 8.3091E-09 8.0499E-09 7.8157E-09 7.5824E-09 7.3553E-09 7.1263E-09 6.9082E-09 6.6849E-09 6.4652E-09 6.2492E-09 6.0353E-09 5.8255E-09 5.6210E-09 5.4197E-09 5.2215E-09 5.0289E-09 4.8381E-09 4.6540E-09 4.4755E-09 4.3015E-09 4.1324E-09 3.9684E-09 3.8099E-09 3.6572E-09 3.5103E-09 3.3694E-09 3.2344E-09 3.1053E-09 2.9822E-09 2.8651E-09 2.7537E-09 2.6479E-09 2.5477E-09 2.4354E-09 2.3395E-09 2.2488E-09 2.1715E-09 2.0925E-09 2.0230E-09 1.9511E-09 1.8883E-09 1.8226E-09 1.7655E-09
1.4263E-08 1.3632E-08 1.3040E-08 1.2488E-08 1.1974E-08 1.1499E-08 1.1059E-08 1.0650E-08 1.0251E-08 9.8832E-09 9.5386E-09 9.2266E-09 8.9393E-09 8.6652E-09 8.4015E-09 8.1359E-09 7.8963E-09 7.6588E-09 7.4274E-09 7.1943E-09 6.9720E-09 6.7445E-09 6.5218E-09 6.3009E-09 6.0843E-09 5.8702E-09 5.6629E-09 5.4583E-09 5.2577E-09 5.0623E-09 4.8695E-09 4.6830E-09 4.5026E-09 4.3270E-09 4.1565E-09 3.9916E-09 3.8324E-09 3.6790E-09 3.5317E-09 3.3905E-09 3.2553E-09 3.1265E-09 3.0037E-09 2.8869E-09 2.7761E-09 2.6707E-09 2.5708E-09 2.4590E-09 2.3633E-09 2.2728E-09 2.1958E-09 2.1167E-09 2.0473E-09 1.9753E-09 1.9123E-09 1.8466E-09 1.7891E-09
1.4415E-08 1.3770E-08 1.3166E-08 1.2606E-08 1.2086E-08 1.1606E-08 1.1162E-08 1.0750E-08 1.0339E-08 9.9737E-09 9.6264E-09 9.3172E-09 9.0217E-09 8.7485E-09 8.4830E-09 8.2112E-09 7.9672E-09 7.7259E-09 7.4906E-09 7.2531E-09 7.0269E-09 6.7957E-09 6.5700E-09 6.3450E-09 6.1257E-09 5.9079E-09 5.6984E-09 5.4905E-09 5.2880E-09 5.0899E-09 4.8955E-09 4.7069E-09 4.5251E-09 4.3484E-09 4.1772E-09 4.0116E-09 3.8520E-09 3.6984E-09 3.5510E-09 3.4099E-09 3.2753E-09 3.1468E-09 3.0247E-09 2.9086E-09 2.7982E-09 2.6935E-09 2.5940E-09 2.4826E-09 2.3874E-09 2.2969E-09 2.2201E-09 2.1413E-09 2.0717E-09 1.9998E-09 1.9366E-09 1.8704E-09 1.8126E-09
1.4527E-08 1.3871E-08 1.3262E-08 1.2697E-08 1.2173E-08 1.1692E-08 1.1246E-08 1.0833E-08 1.0426E-08 1.0050E-08 9.7063E-09 9.3895E-09 9.0969E-09 8.8199E-09 8.5529E-09 8.2754E-09 8.0273E-09 7.7823E-09 7.5439E-09 7.3023E-09 7.0726E-09 6.8382E-09 6.6098E-09 6.3811E-09 6.1594E-09 5.9383E-09 5.7268E-09 5.5163E-09 5.3121E-09 5.1118E-09 4.9161E-09 4.7260E-09 4.5435E-09 4.3661E-09 4.1945E-09 4.0287E-09 3.8690E-09 3.7156E-09 3.5688E-09 3.4283E-09 3.2944E-09 3.1668E-09 3.0453E-09 2.9300E-09 2.8203E-09 2.7161E-09 2.6174E-09 2.5063E-09 2.4115E-09 2.3214E-09 2.2446E-09 2.1659E-09 2.0963E-09 2.0241E-09 1.9606E-09 1.8940E-09 1.8358E-09
1.4599E-08 1.3939E-08 1.3327E-08 1.2762E-08 1.2238E-08 1.1756E-08 1.1311E-08 1.0898E-08 1.0491E-08 1.0117E-08 9.7718E-09 9.4526E-09 9.1589E-09 8.8787E-09 8.6113E-09 8.3271E-09 8.0759E-09 7.8277E-09 7.5865E-09 7.3413E-09 7.1060E-09 6.8714E-09 6.6406E-09 6.4088E-09 6.1849E-09 5.9613E-09 5.7479E-09 5.5353E-09 5.3296E-09 5.1279E-09 4.9315E-09 4.7407E-09 4.5577E-09 4.3803E-09 4.2085E-09 4.0430E-09 3.8840E-09 3.7314E-09 3.5853E-09 3.4459E-09 3.3128E-09 3.1863E-09 3.0657E-09 2.9511E-09 2.8424E-09 2.7389E-09 2.6406E-09 2.5288E-09 2.4356E-09 2.3459E-09 2.2693E-09 2.1904E-09 2.1197E-09 2.0481E-09 1.9833E-09 1.9174E-09 1.8573E-09
1.4634E-08 1.3973E-08 1.3363E-08 1.2800E-08 1.2278E-08 1.1798E-08 1.1357E-08 1.0941E-08 1.0531E-08 1.0168E-08 9.8217E-09 9.5070E-09 9.2066E-09 8.9236E-09 8.6550E-09 8.3659E-09 8.1122E-09 7.8615E-09 7.6179E-09 7.3699E-09 7.1321E-09 6.8950E-09 6.6616E-09 6.4279E-09 6.2017E-09 5.9766E-09 5.7614E-09 5.5476E-09 5.3410E-09 5.1388E-09 4.9419E-09 4.7511E-09 4.5680E-09 4.3909E-09 4.2200E-09 4.0553E-09 3.8972E-09 3.7458E-09 3.6009E-09 3.4627E-09 3.3309E-09 3.2052E-09 3.0860E-09 2.9723E-09 2.8642E-09 2.7616E-09 2.6637E-09 2.5526E-09 2.4599E-09 2.3702E-09 2.2926E-09 2.2145E-09 2.1435E-09 2.0717E-09 2.0066E-09 1.9404E-09 1.8800E-09
1.4633E-08 1.3974E-08 1.3368E-08 1.2811E-08 1.2295E-08 1.1820E-08 1.1383E-08 1.0970E-08 1.0563E-08 1.0198E-08 9.8558E-09 9.5355E-09 9.2391E-09 8.9537E-09 8.6841E-09 8.3911E-09 8.1361E-09 7.8833E-09 7.6351E-09 7.3876E-09 7.1452E-09 6.9089E-09 6.6730E-09 6.4381E-09 6.2098E-09 5.9840E-09 5.7677E-09 5.5538E-09 5.3466E-09 5.1446E-09 4.9475E-09 4.7573E-09 4.5751E-09 4.3990E-09 4.2290E-09 4.0659E-09 3.9091E-09 3.7591E-09 3.6157E-09 3.4787E-09 3.3484E-09 3.2241E-09 3.1056E-09 2.9931E-09 2.8859E-09 2.7838E-09 2.6869E-09 2.5746E-09 2.4835E-09 2.3939E-09 2.3152E-09 2.2380E-09 2.1659E-09 2.0949E-09 2.0286E-09 1.9630E-09 1.9009E-09
1.4594E-08 1.3942E-08 1.3343E-08 1.2796E-08 1.2287E-08 1.1819E-08 1.1389E-08 1.0975E-08 1.0572E-08 1.0214E-08 9.8723E-09 9.5523E-09 9.2553E-09 8.9688E-09 8.6985E-09 8.4027E-09 8.1444E-09 7.8929E-09 7.6405E-09 7.3942E-09 7.1476E-09 6.9127E-09 6.6745E-09 6.4395E-09 6.2095E-09 5.9843E-09 5.7672E-09 5.5539E-09 5.3467E-09 5.1453E-09 4.9489E-09 4.7601E-09 4.5792E-09 4.4046E-09 4.2363E-09 4.0747E-09 3.9197E-09 3.7713E-09 3.6296E-09 3.4944E-09 3.3652E-09 3.2423E-09 3.1251E-09 3.0134E-09 2.9072E-09 2.8059E-09 2.7092E-09 2.5975E-09 2.5050E-09 2.4170E-09 2.3383E-09 2.2610E-09 2.1888E-09 2.1176E-09 2.0511E-09 1.9852E-09 1.9214E-09
1.4520E-08 1.3877E-08 1.3291E-08 1.2755E-08 1.2257E-08 1.1797E-08 1.1374E-08 1.0965E-08 1.0567E-08 1.0207E-08 9.8705E-09 9.5519E-09 9.2511E-09 8.9685E-09 8.6940E-09 8.4003E-09 8.1423E-09 7.8899E-09 7.6368E-09 7.3895E-09 7.1423E-09 6.9063E-09 6.6664E-09 6.4325E-09 6.2012E-09 5.9775E-09 5.7603E-09 5.5481E-09 5.3415E-09 5.1418E-09 4.9465E-09 4.7598E-09 4.5807E-09 4.4079E-09 4.2418E-09 4.0821E-09 3.9291E-09 3.7828E-09 3.6427E-09 3.5091E-09 3.3815E-09 3.2597E-09 3.1439E-09 3.0333E-09 2.9277E-09 2.8269E-09 2.7277E-09 2.6179E-09 2.5271E-09 2.4392E-09 2.3597E-09 2.2834E-09 2.2101E-09 2.1397E-09 2.0720E-09 2.0069E-09 1.9429E-09
1.4412E-08 1.3781E-08 1.3210E-08 1.2688E-08 1.2201E-08 1.1752E-08 1.1337E-08 1.0929E-08 1.0535E-08 1.0179E-08 9.8460E-09 9.5292E-09 9.2347E-09 8.9526E-09 8.6786E-09 8.3838E-09 8.1244E-09 7.8744E-09 7.6181E-09 7.3734E-09 7.1263E-09 6.8904E-09 6.6492E-09 6.4173E-09 6.1854E-09 5.9639E-09 5.7470E-09 5.5371E-09 5.3316E-09 5.1344E-09 4.9406E-09 4.7566E-09 4.5799E-09 4.4094E-09 4.2455E-09 4.0883E-09 3.9374E-09 3.7929E-09 3.6549E-09 3.5227E-09 3.3969E-09 3.2767E-09 3.1617E-09 3.0520E-09 2.9470E-09 2.8467E-09 2.7452E-09 2.6373E-09 2.5470E-09 2.4608E-09 2.3814E-09 2.3050E-09 2.2307E-09 2.1612E-09 2.0924E-09 2.0281E-09 1.9625E-09
1.4271E-08 1.3657E-08 1.3102E-08 1.2597E-08 1.2122E-08 1.1683E-08 1.1276E-08 1.0865E-08 1.0483E-08 1.0137E-08 9.8076E-09 9.4889E-09 9.2013E-09 8.9211E-09 8.6476E-09 8.3539E-09 8.0959E-09 7.8435E-09 7.5903E-09 7.3440E-09 7.1003E-09 6.8650E-09 6.6234E-09 6.3941E-09 6.1621E-09 5.9441E-09 5.7281E-09 5.5212E-09 5.3175E-09 5.1233E-09 4.9317E-09 4.7509E-09 4.5767E-09 4.4092E-09 4.2478E-09 4.0928E-09 3.9442E-09 3.8018E-09 3.6657E-09 3.5357E-09 3.4111E-09 3.2921E-09 3.1782E-09 3.0692E-09 2.9651E-09 2.8654E-09 2.7646E-09 2.6574E-09 2.5660E-09 2.4816E-09 2.4012E-09 2.3259E-09 2.2517E-09 2.1821E-09 2.1133E-09 2.0488E-09 1.9816E-09
