Assets/Resources/2015_m01_d17_2300(utc+0800)_l00_csi_1hr_conc.grd
DSAA
         159         159
     -79.000      79.000
     -79.000      79.000
  0.0000E+00  0.7454E-05
[rows 25 to 49 of 159, columns 0 to 56 of 159]
2.0658E-09 2.1960E-09 2.3304E-09 2.4719E-09 2.6190E-09 2.7702E-09 2.9284E-09 3.0920E-09 3.2594E-09 3.4334E-09 3.6124E-09 3.7945E-09 3.9826E-09 4.1732E-09 4.3684E-09 4.5669E-09 4.7677E-09 4.9709E-09 5.1761E-09 5.3827E-09 5.5904E-09 5.7984E-09 6.0062E-09 6.2132E-09 6.4187E-09 6.6222E-09 6.8228E-09 7.0200E-09 7.2131E-09 7.4013E-09 7.5840E-09 7.7620E-09 7.9361E-09 8.0991E-09 8.2543E-09 8.4015E-09 8.5272E-09 8.6311E-09 8.7119E-09 8.7599E-09 8.7681E-09 8.7347E-09 8.6862E-09 8.6247E-09 8.5490E-09 8.4567E-09 8.3549E-09 8.2525E-09 8.1437E-09 8.0250E-09 7.9051E-09 7.7854E-09 7.6658E-09 7.5428E-09 7.4191E-09 7.2971E-09 7.1732E-09
2.0962E-09 2.2290E-09 2.3675E-09 2.5104E-09 2.6605E-09 2.8163E-09 2.9762E-09 3.1433E-09 3.3157E-09 3.4919E-09 3.6748E-09 3.8624E-09 4.0531E-09 4.2488E-09 4.4484E-09 4.6507E-09 4.8560E-09 5.0639E-09 5.2739E-09 5.4854E-09 5.6980E-09 5.9110E-09 6.1238E-09 6.3359E-09 6.5465E-09 6.7549E-09 6.9606E-09 7.1628E-09 7.3608E-09 7.5538E-09 7.7428E-09 7.9283E-09 8.1033E-09 8.2726E-09 8.4367E-09 8.5805E-09 8.7035E-09 8.8094E-09 8.8844E-09 8.9216E-09 8.9179E-09 8.8815E-09 8.8301E-09 8.7630E-09 8.6822E-09 8.5903E-09 8.4958E-09 8.3878E-09 8.2724E-09 8.1565E-09 8.0410E-09 7.9244E-09 7.7996E-09 7.6776E-09 7.5560E-09 7.4314E-09 7.3147E-09
2.1264E-09 2.2601E-09 2.4012E-09 2.5482E-09 2.6996E-09 2.8584E-09 3.0231E-09 3.1918E-09 3.3678E-09 3.5491E-09 3.7341E-09 3.9257E-09 4.1212E-09 4.3202E-09 4.5241E-09 4.7307E-09 4.9405E-09 5.1529E-09 5.3675E-09 5.5838E-09 5.8011E-09 6.0190E-09 6.2367E-09 6.4537E-09 6.6692E-09 6.8826E-09 7.0932E-09 7.3002E-09 7.5030E-09 7.7023E-09 7.8987E-09 8.0853E-09 8.2666E-09 8.4432E-09 8.6074E-09 8.7493E-09 8.8747E-09 8.9797E-09 9.0458E-09 9.0744E-09 9.0592E-09 9.0189E-09 8.9619E-09 8.8929E-09 8.8146E-09 8.7257E-09 8.6230E-09 8.5130E-09 8.4013E-09 8.2936E-09 8.1752E-09 8.0532E-09 7.9335E-09 7.8128E-09 7.6977E-09 7.5735E-09 7.4491E-09
2.1532E-09 2.2906E-09 2.4327E-09 2.5823E-09 2.7379E-09 2.8980E-09 3.0657E-09 3.2391E-09 3.4168E-09 3.6016E-09 3.7917E-09 3.9855E-09 4.1848E-09 4.3886E-09 4.5957E-09 4.8065E-09 5.0206E-09 5.2374E-09 5.4565E-09 5.6773E-09 5.8993E-09 6.1219E-09 6.3443E-09 6.5660E-09 6.7864E-09 7.0045E-09 7.2199E-09 7.4317E-09 7.6406E-09 7.8461E-09 8.0449E-09 8.2378E-09 8.4264E-09 8.6062E-09 8.7682E-09 8.9142E-09 9.0388E-09 9.1333E-09 9.1949E-09 9.2167E-09 9.1905E-09 9.1451E-09 9.0866E-09 9.0231E-09 8.9430E-09 8.8477E-09 8.7435E-09 8.6399E-09 8.5366E-09 8.4202E-09 8.3015E-09 8.1850E-09 8.0725E-09 7.9534E-09 7.8309E-09 7.7075E-09 7.5888E-09
2.1779E-09 2.3175E-09 2.4633E-09 2.6138E-09 2.7720E-09 2.9364E-09 3.1053E-09 3.2818E-09 3.4642E-09 3.6506E-09 3.8443E-09 4.0423E-09 4.2445E-09 4.4521E-09 4.6631E-09 4.8779E-09 5.0961E-09 5.3171E-09 5.5405E-09 5.7657E-09 5.9921E-09 6.2192E-09 6.4462E-09 6.6726E-09 6.8975E-09 7.1203E-09 7.3403E-09 7.5581E-09 7.7731E-09 7.9822E-09 8.1842E-09 8.3859E-09 8.5780E-09 8.7598E-09 8.9248E-09 9.0698E-09 9.1920E-09 9.2786E-09 9.3379E-09 9.3428E-09 9.3093E-09 9.2646E-09 9.2111E-09 9.1447E-09 9.0589E-09 8.9623E-09 8.8675E-09 8.7682E-09 8.6572E-09 8.5425E-09 8.4343E-09 8.3228E-09 8.2048E-09 8.0849E-09 7.9658E-09 7.8511E-09 7.7305E-09
2.2019E-09 2.3420E-09 2.4900E-09 2.6443E-09 2.8033E-09 2.9703E-09 3.1434E-09 3.3212E-09 3.5065E-09 3.6977E-09 3.8929E-09 4.0944E-09 4.3008E-09 4.5112E-09 4.7259E-09 4.9445E-09 5.1666E-09 5.3916E-09 5.6191E-09 5.8485E-09 6.0792E-09 6.3106E-09 6.5420E-09 6.7727E-09 7.0021E-09 7.2293E-09 7.4537E-09 7.6776E-09 7.8974E-09 8.1097E-09 8.3202E-09 8.5255E-09 8.7199E-09 8.9044E-09 9.0713E-09 9.2119E-09 9.3320E-09 9.4199E-09 9.4643E-09 9.4533E-09 9.4207E-09 9.3794E-09 9.3270E-09 9.2546E-09 9.1669E-09 9.0815E-09 8.9884E-09 8.8831E-09 8.7744E-09 8.6725E-09 8.5639E-09 8.4498E-09 8.3333E-09 8.2221E-09 8.1060E-09 7.9881E-09 7.8695E-09
2.2221E-09 2.3656E-09 2.5141E-09 2.6705E-09 2.8333E-09 3.0011E-09 3.1767E-09 3.3587E-09 3.5452E-09 3.7393E-09 3.9384E-09 4.1421E-09 4.3519E-09 4.5656E-09 4.7838E-09 5.0060E-09 5.2317E-09 5.4605E-09 5.6919E-09 5.9253E-09 6.1600E-09 6.3955E-09 6.6311E-09 6.8660E-09 7.0996E-09 7.3311E-09 7.5627E-09 7.7910E-09 8.0127E-09 8.2330E-09 8.4489E-09 8.6552E-09 8.8555E-09 9.0414E-09 9.2054E-09 9.3462E-09 9.4627E-09 9.5395E-09 9.5731E-09 9.5558E-09 9.5257E-09 9.4873E-09 9.4305E-09 9.3563E-09 9.2782E-09 9.1934E-09 9.0963E-09 8.9960E-09 8.8982E-09 8.7951E-09 8.6862E-09 8.5765E-09 8.4694E-09 8.3558E-09 8.2407E-09 8.1257E-09 8.0186E-09
2.2399E-09 2.3852E-09 2.5369E-09 2.6937E-09 2.8587E-09 3.0302E-09 3.2066E-09 3.3910E-09 3.5817E-09 3.7769E-09 3.9788E-09 4.1862E-09 4.3982E-09 4.6151E-09 4.8365E-09 5.0620E-09 5.2912E-09 5.5236E-09 5.7586E-09 5.9957E-09 6.2343E-09 6.4736E-09 6.7131E-09 6.9520E-09 7.1896E-09 7.4267E-09 7.6626E-09 7.8939E-09 8.1216E-09 8.3471E-09 8.5659E-09 8.7777E-09 8.9838E-09 9.1670E-09 9.3284E-09 9.4751E-09 9.5807E-09 9.6450E-09 9.6675E-09 9.6505E-09 9.6221E-09 9.5831E-09 9.5242E-09 9.4556E-09 9.3815E-09 9.2940E-09 9.2011E-09 9.1128E-09 9.0140E-09 8.9115E-09 8.8096E-09 8.7060E-09 8.5971E-09 8.4867E-09 8.3802E-09 8.2733E-09 8.1618E-09
2.2552E-09 2.4020E-09 2.5554E-09 2.7155E-09 2.8808E-09 3.0543E-09 3.2344E-09 3.4195E-09 3.6126E-09 3.8110E-09 4.0146E-09 4.2248E-09 4.4395E-09 4.6593E-09 4.8837E-09 5.1123E-09 5.3447E-09 5.5804E-09 5.8188E-09 6.0594E-09 6.3015E-09 6.5445E-09 6.7877E-09 7.0303E-09 7.2731E-09 7.5155E-09 7.7542E-09 7.9900E-09 8.2239E-09 8.4526E-09 8.6733E-09 8.8912E-09 9.0976E-09 9.2793E-09 9.4443E-09 9.5855E-09 9.6838E-09 9.7395E-09 9.7512E-09 9.7364E-09 9.7074E-09 9.6688E-09 9.6137E-09 9.5481E-09 9.4733E-09 9.3922E-09 9.3090E-09 9.2191E-09 9.1230E-09 9.0306E-09 8.9312E-09 8.8281E-09 8.7237E-09 8.6243E-09 8.5208E-09 8.4135E-09 8.3061E-09
2.2694E-09 2.4161E-09 2.5710E-09 2.7327E-09 2.9011E-09 3.0749E-09 3.2569E-09 3.4456E-09 3.6392E-09 3.8399E-09 4.0466E-09 4.2584E-09 4.4757E-09 4.6981E-09 4.9252E-09 5.1567E-09 5.3920E-09 5.6307E-09 5.8723E-09 6.1161E-09 6.3614E-09 6.6078E-09 6.8544E-09 7.1005E-09 7.3483E-09 7.5945E-09 7.8357E-09 8.0772E-09 8.3160E-09 8.5467E-09 8.7748E-09 8.9968E-09 9.1989E-09 9.3836E-09 9.5479E-09 9.6779E-09 9.7682E-09 9.8169E-09 9.8246E-09 9.8115E-09 9.7819E-09 9.7476E-09 9.6949E-09 9.6286E-09 9.5614E-09 9.4874E-09 9.4062E-09 9.3212E-09 9.2346E-09 9.1425E-09 9.0468E-09 8.9508E-09 8.8564E-09 8.7579E-09 8.6572E-09 8.5542E-09 8.4512E-09
2.2795E-09 2.4288E-09 2.5834E-09 2.7465E-09 2.9165E-09 3.0934E-09 3.2755E-09 3.4660E-09 3.6622E-09 3.8641E-09 4.0729E-09 4.2869E-09 4.5064E-09 4.7311E-09 4.9607E-09 5.1948E-09 5.4328E-09 5.6743E-09 5.9186E-09 6.1653E-09 6.4137E-09 6.6631E-09 6.9128E-09 7.1636E-09 7.4149E-09 7.6633E-09 7.9098E-09 8.1557E-09 8.3968E-09 8.6324E-09 8.8646E-09 9.0883E-09 9.2911E-09 9.4765E-09 9.6386E-09 9.7578E-09 9.8429E-09 9.8793E-09 9.8869E-09 9.8746E-09 9.8488E-09 9.8176E-09 9.7654E-09 9.7025E-09 9.6457E-09 9.5739E-09 9.4976E-09 9.4209E-09 9.3379E-09 9.2494E-09 9.1617E-09 9.0763E-09 8.9833E-09 8.8888E-09 8.7928E-09 8.6952E-09 8.6012E-09
2.2867E-09 2.4371E-09 2.5943E-09 2.7570E-09 2.9283E-09 3.1065E-09 3.2909E-09 3.4821E-09 3.6800E-09 3.8844E-09 4.0942E-09 4.3100E-09 4.5315E-09 4.7583E-09 4.9901E-09 5.2264E-09 5.4668E-09 5.7107E-09 5.9576E-09 6.2069E-09 6.4580E-09 6.7102E-09 6.9627E-09 7.2179E-09 7.4724E-09 7.7244E-09 7.9761E-09 8.2245E-09 8.4669E-09 8.7080E-09 8.9439E-09 9.1652E-09 9.3711E-09 9.5538E-09 9.7080E-09 9.8282E-09 9.9036E-09 9.9278E-09 9.9374E-09 9.9271E-09 9.9068E-09 9.8771E-09 9.8279E-09 9.7728E-09 9.7207E-09 9.6535E-09 9.5850E-09 9.5139E-09 9.4349E-09 9.3555E-09 9.2785E-09 9.1940E-09 9.1068E-09 9.0188E-09 8.9276E-09 8.8410E-09 8.7474E-09
2.2912E-09 2.4423E-09 2.6005E-09 2.7657E-09 2.9364E-09 3.1158E-09 3.3021E-09 3.4946E-09 3.6931E-09 3.8989E-09 4.1103E-09 4.3277E-09 4.5509E-09 4.7795E-09 5.0131E-09 5.2514E-09 5.4938E-09 5.7398E-09 5.9890E-09 6.2406E-09 6.4940E-09 6.7486E-09 7.0052E-09 7.2632E-09 7.5192E-09 7.7759E-09 8.0313E-09 8.2813E-09 8.5300E-09 8.7745E-09 9.0108E-09 9.2332E-09 9.4385E-09 9.6172E-09 9.7647E-09 9.8772E-09 9.9454E-09 9.9651E-09 9.9793E-09 9.9722E-09 9.9534E-09 9.9261E-09 9.8836E-09 9.8360E-09 9.7862E-09 9.7290E-09 9.6650E-09 9.6001E-09 9.5299E-09 9.4629E-09 9.3866E-09 9.3092E-09 9.2283E-09 9.1489E-09 9.0666E-09 8.9816E-09 8.8936E-09
2.2943E-09 2.4445E-09 2.6034E-09 2.7693E-09 2.9424E-09 3.1210E-09 3.3084E-09 3.5019E-09 3.7014E-09 3.9084E-09 4.1210E-09 4.3398E-09 4.5643E-09 4.7944E-09 5.0296E-09 5.2695E-09 5.5136E-09 5.7615E-09 6.0125E-09 6.2661E-09 6.5216E-09 6.7783E-09 7.0386E-09 7.2990E-09 7.5580E-09 7.8176E-09 8.0748E-09 8.3287E-09 8.5806E-09 8.8267E-09 9.0671E-09 9.2900E-09 9.4898E-09 9.6673E-09 9.8085E-09 9.9128E-09 9.9691E-09 9.9904E-09 1.0007E-08 1.0005E-08 9.9878E-09 9.9684E-09 9.9321E-09 9.8898E-09 9.8481E-09 9.7968E-09 9.7376E-09 9.6832E-09 9.6231E-09 9.5596E-09 9.4912E-09 9.4204E-09 9.3496E-09 9.2769E-09 9.1999E-09 9.1207E-09 9.0389E-09
2.2930E-09 2.4451E-09 2.6029E-09 2.7693E-09 2.9430E-09 3.1231E-09 3.3103E-09 3.5046E-09 3.7057E-09 3.9128E-09 4.1264E-09 4.3461E-09 4.5717E-09 4.8030E-09 5.0394E-09 5.2806E-09 5.5261E-09 5.7755E-09 6.0280E-09 6.2832E-09 6.5404E-09 6.8003E-09 7.0626E-09 7.3239E-09 7.5867E-09 7.8493E-09 8.1074E-09 8.3653E-09 8.6200E-09 8.8674E-09 9.1090E-09 9.3312E-09 9.5258E-09 9.6986E-09 9.8375E-09 9.9338E-09 9.9813E-09 1.0006E-08 1.0027E-08 1.0028E-08 1.0015E-08 1.0001E-08 9.9710E-09 9.9368E-09 9.9031E-09 9.8550E-09 9.8067E-09 9.7630E-09 9.7098E-09 9.6518E-09 9.5918E-09 9.5305E-09 9.4686E-09 9.4003E-09 9.3312E-09 9.2578E-09 9.1831E-09
2.2887E-09 2.4411E-09 2.6006E-09 2.7657E-09 2.9398E-09 3.1210E-09 3.3087E-09 3.5027E-09 3.7044E-09 3.9120E-09 4.1262E-09 4.3466E-09 4.5730E-09 4.8051E-09 5.0424E-09 5.2846E-09 5.5312E-09 5.7816E-09 6.0354E-09 6.2918E-09 6.5503E-09 6.8132E-09 7.0771E-09 7.3405E-09 7.6055E-09 7.8691E-09 8.1305E-09 8.3907E-09 8.6463E-09 8.8984E-09 9.1383E-09 9.3559E-09 9.5511E-09 9.7172E-09 9.8479E-09 9.9369E-09 9.9799E-09 1.0009E-08 1.0034E-08 1.0040E-08 1.0030E-08 1.0024E-08 1.0002E-08 9.9734E-09 9.9470E-09 9.9085E-09 9.8721E-09 9.8350E-09 9.7894E-09 9.7392E-09 9.6879E-09 9.6371E-09 9.5811E-09 9.5206E-09 9.4588E-09 9.3927E-09 9.3243E-09
2.2815E-09 2.4338E-09 2.5933E-09 2.7594E-09 2.9327E-09 3.1141E-09 3.3019E-09 3.4961E-09 3.6980E-09 3.9059E-09 4.1204E-09 4.3413E-09 4.5681E-09 4.8007E-09 5.0386E-09 5.2814E-09 5.5287E-09 5.7799E-09 6.0344E-09 6.2918E-09 6.5527E-09 6.8167E-09 7.0807E-09 7.3471E-09 7.6142E-09 7.8779E-09 8.1424E-09 8.4047E-09 8.6608E-09 8.9169E-09 9.1533E-09 9.3651E-09 9.5617E-09 9.7208E-09 9.8438E-09 9.9222E-09 9.9670E-09 1.0000E-08 1.0033E-08 1.0041E-08 1.0038E-08 1.0040E-08 1.0026E-08 1.0002E-08 9.9835E-09 9.9553E-09 9.9284E-09 9.8990E-09 9.8617E-09 9.8211E-09 9.7825E-09 9.7372E-09 9.6886E-09 9.6372E-09 9.5823E-09 9.5242E-09 9.4624E-09
2.2713E-09 2.4234E-09 2.5827E-09 2.7494E-09 2.9217E-09 3.1030E-09 3.2907E-09 3.4856E-09 3.6867E-09 3.8946E-09 4.1091E-09 4.3300E-09 4.5570E-09 4.7897E-09 5.0278E-09 5.2709E-09 5.5185E-09 5.7701E-09 6.0251E-09 6.2830E-09 6.5459E-09 6.8107E-09 7.0743E-09 7.3420E-09 7.6109E-09 7.8772E-09 8.1432E-09 8.4056E-09 8.6654E-09 8.9195E-09 9.1520E-09 9.3624E-09 9.5522E-09 9.7084E-09 9.8243E-09 9.8936E-09 9.9432E-09 9.9800E-09 1.0018E-08 1.0031E-08 1.0036E-08 1.0045E-08 1.0038E-08 1.0021E-08 1.0015E-08 9.9971E-09 9.9752E-09 9.9563E-09 9.9276E-09 9.9015E-09 9.8673E-09 9.8319E-09 9.7910E-09 9.7491E-09 9.7013E-09 9.6517E-09 9.5967E-09
2.2598E-09 2.4099E-09 2.5687E-09 2.7350E-09 2.9085E-09 3.0878E-09 3.2751E-09 3.4696E-09 3.6704E-09 3.8780E-09 4.0922E-09 4.3128E-09 4.5396E-09 4.7721E-09 5.0101E-09 5.2531E-09 5.5007E-09 5.7523E-09 6.0074E-09 6.2654E-09 6.5287E-09 6.7941E-09 7.0599E-09 7.3286E-09 7.5969E-09 7.8636E-09 8.1309E-09 8.3946E-09 8.6588E-09 8.9092E-09 9.1362E-09 9.3469E-09 9.5282E-09 9.6774E-09 9.7877E-09 9.8534E-09 9.9080E-09 9.9504E-09 9.9920E-09 1.0010E-08 1.0024E-08 1.0040E-08 1.0039E-08 1.0033E-08 1.0037E-08 1.0027E-08 1.0014E-08 1.0007E-08 9.9889E-09 9.9708E-09 9.9459E-09 9.9193E-09 9.8877E-09 9.8540E-09 9.8150E-09 9.7728E-09 9.7260E-09
2.2437E-09 2.3939E-09 2.5514E-09 2.7169E-09 2.8898E-09 3.0693E-09 3.2551E-09 3.4490E-09 3.6491E-09 3.8561E-09 4.0697E-09 4.2897E-09 4.5159E-09 4.7480E-09 4.9855E-09 5.2280E-09 5.4752E-09 5.7264E-09 5.9812E-09 6.2404E-09 6.5037E-09 6.7678E-09 7.0354E-09 7.3050E-09 7.5718E-09 7.8408E-09 8.1088E-09 8.3717E-09 8.6384E-09 8.8820E-09 9.1049E-09 9.3161E-09 9.4906E-09 9.6329E-09 9.7325E-09 9.8020E-09 9.8602E-09 9.9081E-09 9.9544E-09 9.9801E-09 1.0001E-08 1.0026E-08 1.0030E-08 1.0037E-08 1.0050E-08 1.0048E-08 1.0045E-08 1.0047E-08 1.0043E-08 1.0031E-08 1.0017E-08 9.9991E-09 9.9779E-09 9.9520E-09 9.9225E-09 9.8877E-09 9.8522E-09
2.2249E-09 2.3749E-09 2.5315E-09 2.6954E-09 2.8674E-09 3.0459E-09 3.2308E-09 3.4238E-09 3.6229E-09 3.8290E-09 4.0417E-09 4.2608E-09 4.4861E-09 4.7173E-09 4.9539E-09 5.1957E-09 5.4421E-09 5.6926E-09 5.9467E-09 6.2067E-09 6.4695E-09 6.7320E-09 6.9996E-09 7.2695E-09 7.5376E-09 7.8068E-09 8.0736E-09 8.3396E-09 8.6006E-09 8.8414E-09 9.0623E-09 9.2645E-09 9.4380E-09 9.5742E-09 9.6652E-09 9.7394E-09 9.8035E-09 9.8548E-09 9.9061E-09 9.9421E-09 9.9677E-09 9.9995E-09 1.0015E-08 1.0030E-08 1.0053E-08 1.0060E-08 1.0068E-08 1.0084E-08 1.0086E-08 1.0084E-08 1.0081E-08 1.0071E-08 1.0060E-08 1.0042E-08 1.0022E-08 9.9964E-09 9.9727E-09
2.2031E-09 2.3521E-09 2.5084E-09 2.6703E-09 2.8412E-09 3.0185E-09 3.2030E-09 3.3940E-09 3.5919E-09 3.7967E-09 4.0082E-09 4.2261E-09 4.4501E-09 4.6801E-09 4.9156E-09 5.1562E-09 5.4014E-09 5.6508E-09 5.9039E-09 6.1630E-09 6.4250E-09 6.6884E-09 6.9558E-09 7.2237E-09 7.4927E-09 7.7617E-09 8.0268E-09 8.2958E-09 8.5516E-09 8.7864E-09 9.0074E-09 9.2013E-09 9.3674E-09 9.4974E-09 9.5866E-09 9.6656E-09 9.7339E-09 9.7897E-09 9.8478E-09 9.8911E-09 9.9246E-09 9.9625E-09 9.9899E-09 1.0014E-08 1.0046E-08 1.0062E-08 1.0083E-08 1.0107E-08 1.0120E-08 1.0128E-08 1.0134E-08 1.0134E-08 1.0132E-08 1.0124E-08 1.0112E-08 1.0099E-08 1.0085E-08
2.1786E-09 2.3264E-09 2.4813E-09 2.6426E-09 2.8113E-09 2.9872E-09 3.1703E-09 3.3597E-09 3.5561E-09 3.7594E-09 3.9693E-09 4.1856E-09 4.4082E-09 4.6366E-09 4.8705E-09 5.1096E-09 5.3533E-09 5.6013E-09 5.8529E-09 6.1120E-09 6.3715E-09 6.6354E-09 6.9022E-09 7.1673E-09 7.4356E-09 7.7041E-09 7.9705E-09 8.2384E-09 8.4868E-09 8.7186E-09 8.9369E-09 9.1256E-09 9.2860E-09 9.4045E-09 9.4969E-09 9.5818E-09 9.6536E-09 9.7125E-09 9.7818E-09 9.8295E-09 9.8697E-09 9.9181E-09 9.9552E-09 9.9858E-09 1.0028E-08 1.0055E-08 1.0088E-08 1.0121E-08 1.0143E-08 1.0162E-08 1.0176E-08 1.0188E-08 1.0194E-08 1.0197E-08 1.0195E-08 1.0193E-08 1.0186E-08
2.1515E-09 2.2977E-09 2.4510E-09 2.6116E-09 2.7778E-09 2.9520E-09 3.1334E-09 3.3211E-09 3.5157E-09 3.7171E-09 3.9252E-09 4.1397E-09 4.3603E-09 4.5868E-09 4.8189E-09 5.0561E-09 5.2979E-09 5.5440E-09 5.7953E-09 6.0514E-09 6.3092E-09 6.5717E-09 6.8375E-09 7.1026E-09 7.3697E-09 7.6356E-09 7.9020E-09 8.1647E-09 8.4095E-09 8.6368E-09 8.8493E-09 9.0342E-09 9.1864E-09 9.2988E-09 9.3971E-09 9.4845E-09 9.5610E-09 9.6260E-09 9.7049E-09 9.7578E-09 9.8034E-09 9.8638E-09 9.9091E-09 9.9482E-09 1.0000E-08 1.0040E-08 1.0079E-08 1.0125E-08 1.0156E-08 1.0186E-08 1.0209E-08 1.0231E-08 1.0246E-08 1.0258E-08 1.0268E-08 1.0275E-08 1.0277E-08
2.1217E-09 2.2662E-09 2.4178E-09 2.5765E-09 2.7409E-09 2.9132E-09 3.0926E-09 3.2782E-09 3.4708E-09 3.6701E-09 3.8760E-09 4.0883E-09 4.3067E-09 4.5310E-09 4.7609E-09 4.9958E-09 5.2355E-09 5.4793E-09 5.7284E-09 5.9837E-09 6.2383E-09 6.5008E-09 6.7634E-09 7.0264E-09 7.2920E-09 7.5564E-09 7.8242E-09 8.0807E-09 8.3186E-09 8.5453E-09 8.7484E-09 8.9271E-09 9.0735E-09 9.1846E-09 9.2866E-09 9.3782E-09 9.4587E-09 9.5316E-09 9.6152E-09 9.6744E-09 9.7290E-09 9.7995E-09 9.8509E-09 9.9002E-09 9.9613E-09 1.0014E-08 1.0061E-08 1.0116E-08 1.0157E-08 1.0196E-08 1.0230E-08 1.0261E-08 1.0286E-08 1.0309E-08 1.0330E-08 1.0344E-08 1.0357E-08
