Assets/Resources/2015_m01_d06_0700(utc+0800)_l00_csi_1hr_conc.grd
DSAA
         159         159
     -79.000      79.000
     -79.000      79.000
  0.0000E+00  0.9026E-06
[rows 0 to 24 of 159, columns 57 to 113 of 159]
0.0000E+00 0.0000E+00 0.0000E+00 0.0000E+00 0.0000E+00 0.0000E+00 0.0000E+00 0.0000E+00 0.0000E+00 0.0000E+00 0.0000E+00 0.0000E+00 5.9472E-14 7.0136E-12 1.9817E-11 4.0203E-11 6.8777E-11 1.0627E-10 1.5369E-10 2.1593E-10 2.9701E-10 3.9760E-10 5.2460E-10 6.7883E-10 8.6534E-10 1.0860E-09 1.3420E-09 1.6319E-09 1.9579E-09 2.3135E-09 2.6938E-09 3.0899E-09 3.4913E-09 3.8877E-09 4.2657E-09 4.6117E-09 4.9118E-09 5.1540E-09 5.3275E-09 5.4249E-09 5.4411E-09 5.3759E-09 5.2312E-09 5.0134E-09 4.7325E-09 4.3993E-09 4.0276E-09 3.6316E-09 3.2250E-09 2.8204E-09 2.4292E-09 2.0601E-09 1.7203E-09 1.4142E-09 1.1446E-09 9.1309E-10 7.1544E-10
0.0000E+00 0.0000E+00 0.0000E+00 0.0000E+00 0.0000E+00 0.0000E+00 0.0000E+00 0.0000E+00 0.0000E+00 0.0000E+00 0.0000E+00 0.0000E+00 0.0000E+00 5.2876E-12 1.8106E-11 3.9060E-11 6.8495E-11 1.0756E-10 1.5813E-10 2.2341E-10 3.0887E-10 4.1641E-10 5.5099E-10 7.1652E-10 9.1762E-10 1.1551E-09 1.4317E-09 1.7494E-09 2.1045E-09 2.4930E-09 2.9084E-09 3.3439E-09 3.7873E-09 4.2255E-09 4.6441E-09 5.0271E-09 5.3600E-09 5.6292E-09 5.8227E-09 5.9316E-09 5.9516E-09 5.8809E-09 5.7226E-09 5.4837E-09 5.1747E-09 4.8087E-09 4.3997E-09 3.9639E-09 3.5162E-09 3.0716E-09 2.6422E-09 2.2377E-09 1.8663E-09 1.5327E-09 1.2383E-09 9.8493E-10 7.7221E-10
0.0000E+00 0.0000E+00 0.0000E+00 0.0000E+00 0.0000E+00 0.0000E+00 0.0000E+00 0.0000E+00 0.0000E+00 0.0000E+00 0.0000E+00 0.0000E+00 0.0000E+00 2.9972E-12 1.5354E-11 3.7205E-11 6.7249E-11 1.0787E-10 1.6078E-10 2.2896E-10 3.1770E-10 4.3201E-10 5.7392E-10 7.5099E-10 9.6455E-10 1.2195E-09 1.5189E-09 1.8608E-09 2.2438E-09 2.6669E-09 3.1214E-09 3.5979E-09 4.0837E-09 4.5639E-09 5.0238E-09 5.4460E-09 5.8136E-09 6.1113E-09 6.3260E-09 6.4481E-09 6.4714E-09 6.3951E-09 6.2218E-09 5.9603E-09 5.6214E-09 5.2198E-09 4.7722E-09 4.2960E-09 3.8072E-09 3.3212E-09 2.8531E-09 2.4131E-09 2.0089E-09 1.6466E-09 1.3294E-09 1.0558E-09 8.2476E-10
0.0000E+00 0.0000E+00 0.0000E+00 0.0000E+00 0.0000E+00 0.0000E+00 0.0000E+00 0.0000E+00 0.0000E+00 0.0000E+00 0.0000E+00 0.0000E+00 0.0000E+00 1.4797E-12 1.1005E-11 3.4694E-11 6.4890E-11 1.0595E-10 1.6083E-10 2.3186E-10 3.2407E-10 4.4290E-10 5.9306E-10 7.7953E-10 1.0063E-09 1.2787E-09 1.5970E-09 1.9637E-09 2.3793E-09 2.8371E-09 3.3297E-09 3.8464E-09 4.3760E-09 4.9015E-09 5.4052E-09 5.8681E-09 6.2713E-09 6.5983E-09 6.8341E-09 6.9689E-09 6.9954E-09 6.9127E-09 6.7250E-09 6.4395E-09 6.0698E-09 5.6317E-09 5.1434E-09 4.6244E-09 4.0928E-09 3.5662E-09 3.0579E-09 2.5817E-09 2.1465E-09 1.7558E-09 1.4138E-09 1.1212E-09 8.7470E-10
0.0000E+00 0.0000E+00 0.0000E+00 0.0000E+00 0.0000E+00 0.0000E+00 0.0000E+00 0.0000E+00 0.0000E+00 0.0000E+00 0.0000E+00 0.0000E+00 0.0000E+00 4.8118E-13 7.0227E-12 3.0842E-11 6.1604E-11 1.0294E-10 1.5870E-10 2.3212E-10 3.2694E-10 4.5023E-10 6.0791E-10 8.0323E-10 1.0427E-09 1.3294E-09 1.6689E-09 2.0625E-09 2.5071E-09 2.9965E-09 3.5281E-09 4.0879E-09 4.6622E-09 5.2324E-09 5.7793E-09 6.2833E-09 6.7241E-09 7.0821E-09 7.3412E-09 7.4892E-09 7.5193E-09 7.4300E-09 7.2252E-09 6.9152E-09 6.5136E-09 6.0386E-09 5.5092E-09 4.9471E-09 4.3714E-09 3.8022E-09 3.2561E-09 2.7433E-09 2.2750E-09 1.8586E-09 1.4936E-09 1.1812E-09 9.1925E-10
0.0000E+00 0.0000E+00 0.0000E+00 0.0000E+00 0.0000E+00 0.0000E+00 0.0000E+00 0.0000E+00 0.0000E+00 0.0000E+00 0.0000E+00 0.0000E+00 0.0000E+00 0.0000E+00 3.5111E-12 2.3238E-11 5.7197E-11 9.8602E-11 1.5452E-10 2.2933E-10 3.2711E-10 4.5465E-10 6.1818E-10 8.2159E-10 1.0714E-09 1.3744E-09 1.7343E-09 2.1496E-09 2.6222E-09 3.1493E-09 3.7206E-09 4.3235E-09 4.9420E-09 5.5602E-09 6.1549E-09 6.7034E-09 7.1830E-09 7.5722E-09 7.8534E-09 8.0143E-09 8.0466E-09 7.9497E-09 7.7272E-09 7.3912E-09 6.9554E-09 6.4404E-09 5.8679E-09 5.2612E-09 4.6416E-09 4.0296E-09 3.4426E-09 2.8955E-09 2.3961E-09 1.9510E-09 1.5649E-09 1.2349E-09 9.5884E-10
0.0000E+00 0.0000E+00 0.0000E+00 0.0000E+00 0.0000E+00 0.0000E+00 0.0000E+00 0.0000E+00 0.0000E+00 0.0000E+00 0.0000E+00 0.0000E+00 0.0000E+00 0.0000E+00 1.0389E-12 1.5467E-11 5.0168E-11 9.2828E-11 1.4890E-10 2.2429E-10 3.2501E-10 4.5561E-10 6.2394E-10 8.3467E-10 1.0954E-09 1.4129E-09 1.7887E-09 2.2291E-09 2.7323E-09 3.2928E-09 3.8999E-09 4.5465E-09 5.2133E-09 5.8794E-09 6.5210E-09 7.1126E-09 7.6309E-09 8.0526E-09 8.3579E-09 8.5322E-09 8.5669E-09 8.4610E-09 8.2198E-09 7.8557E-09 7.3852E-09 6.8302E-09 6.2140E-09 5.5624E-09 4.8987E-09 4.2446E-09 3.6188E-09 3.0350E-09 2.5058E-09 2.0355E-09 1.6268E-09 1.2803E-09 9.9122E-10
0.0000E+00 0.0000E+00 0.0000E+00 0.0000E+00 0.0000E+00 0.0000E+00 0.0000E+00 0.0000E+00 0.0000E+00 0.0000E+00 0.0000E+00 0.0000E+00 0.0000E+00 0.0000E+00 0.0000E+00 8.3979E-12 4.0141E-11 8.5021E-11 1.4177E-10 2.1791E-10 3.1979E-10 4.5284E-10 6.2589E-10 8.4343E-10 1.1130E-09 1.4417E-09 1.8363E-09 2.2999E-09 2.8289E-09 3.4216E-09 4.0720E-09 4.7642E-09 5.4787E-09 6.1927E-09 6.8834E-09 7.5225E-09 8.0823E-09 8.5374E-09 8.8663E-09 9.0537E-09 9.0902E-09 8.9751E-09 8.7129E-09 8.3186E-09 7.8103E-09 7.2122E-09 6.5502E-09 5.8515E-09 5.1423E-09 4.4452E-09 3.7806E-09 3.1633E-09 2.6032E-09 2.1080E-09 1.6796E-09 1.3169E-09 1.0165E-09
0.0000E+00 0.0000E+00 0.0000E+00 0.0000E+00 0.0000E+00 0.0000E+00 0.0000E+00 0.0000E+00 0.0000E+00 0.0000E+00 0.0000E+00 0.0000E+00 0.0000E+00 0.0000E+00 0.0000E+00 4.0446E-12 2.8672E-11 7.6555E-11 1.3367E-10 2.0973E-10 3.1165E-10 4.4752E-10 6.2440E-10 8.4656E-10 1.1237E-09 1.4652E-09 1.8768E-09 2.3592E-09 2.9172E-09 3.5467E-09 4.2359E-09 4.9694E-09 5.7313E-09 6.4964E-09 7.2367E-09 7.9222E-09 8.5232E-09 9.0121E-09 9.3656E-09 9.5659E-09 9.6039E-09 9.4781E-09 9.1950E-09 8.7690E-09 8.2223E-09 7.5795E-09 6.8707E-09 6.1247E-09 5.3695E-09 4.6296E-09 3.9262E-09 3.2750E-09 2.6875E-09 2.1687E-09 1.7212E-09 1.3437E-09 1.0321E-09
0.0000E+00 0.0000E+00 0.0000E+00 0.0000E+00 0.0000E+00 0.0000E+00 0.0000E+00 0.0000E+00 0.0000E+00 0.0000E+00 0.0000E+00 0.0000E+00 0.0000E+00 0.0000E+00 0.0000E+00 1.5296E-12 1.9212E-11 6.3956E-11 1.2492E-10 2.0006E-10 3.0245E-10 4.3948E-10 6.1851E-10 8.4556E-10 1.1298E-09 1.4817E-09 1.9062E-09 2.4117E-09 2.9983E-09 3.6585E-09 4.3851E-09 5.1654E-09 5.9776E-09 6.7942E-09 7.5849E-09 8.3189E-09 8.9632E-09 9.4876E-09 9.8662E-09 1.0080E-08 1.0118E-08 9.9793E-09 9.6713E-09 9.2128E-09 8.6247E-09 7.9361E-09 7.1778E-09 6.3820E-09 5.5802E-09 4.7975E-09 4.0557E-09 3.3719E-09 2.7566E-09 2.2161E-09 1.7524E-09 1.3622E-09 1.0420E-09
0.0000E+00 0.0000E+00 0.0000E+00 0.0000E+00 0.0000E+00 0.0000E+00 0.0000E+00 0.0000E+00 0.0000E+00 0.0000E+00 0.0000E+00 0.0000E+00 0.0000E+00 0.0000E+00 0.0000E+00 7.4895E-13 1.4029E-11 4.8649E-11 1.1217E-10 1.8956E-10 2.9204E-10 4.2830E-10 6.0942E-10 8.4080E-10 1.1306E-09 1.4915E-09 1.9325E-09 2.4587E-09 3.0680E-09 3.7623E-09 4.5315E-09 5.3578E-09 6.2170E-09 7.0864E-09 7.9302E-09 8.7144E-09 9.4031E-09 9.9630E-09 1.0366E-08 1.0592E-08 1.0629E-08 1.0477E-08 1.0144E-08 9.6478E-09 9.0147E-09 8.2761E-09 7.4680E-09 6.6215E-09 5.7705E-09 4.9446E-09 4.1656E-09 3.4504E-09 2.8097E-09 2.2492E-09 1.7700E-09 1.3692E-09 1.0403E-09
0.0000E+00 0.0000E+00 0.0000E+00 0.0000E+00 0.0000E+00 0.0000E+00 0.0000E+00 0.0000E+00 0.0000E+00 0.0000E+00 0.0000E+00 0.0000E+00 0.0000E+00 0.0000E+00 0.0000E+00 8.6865E-13 9.1879E-12 4.0425E-11 9.5903E-11 1.7804E-10 2.7999E-10 4.1639E-10 5.9881E-10 8.3255E-10 1.1278E-09 1.4982E-09 1.9518E-09 2.4947E-09 3.1331E-09 3.8612E-09 4.6669E-09 5.5368E-09 6.4484E-09 7.3716E-09 8.2702E-09 9.1052E-09 9.8390E-09 1.0436E-08 1.0864E-08 1.1102E-08 1.1137E-08 1.0968E-08 1.0607E-08 1.0072E-08 9.3933E-09 8.6034E-09 7.7402E-09 6.8420E-09 5.9437E-09 5.0724E-09 4.2552E-09 3.5099E-09 2.8462E-09 2.2682E-09 1.7758E-09 1.3675E-09 1.0353E-09
0.0000E+00 0.0000E+00 0.0000E+00 0.0000E+00 0.0000E+00 0.0000E+00 0.0000E+00 0.0000E+00 0.0000E+00 0.0000E+00 0.0000E+00 0.0000E+00 0.0000E+00 0.0000E+00 0.0000E+00 9.8401E-13 5.5797E-12 3.2402E-11 8.2511E-11 1.6400E-10 2.6687E-10 4.0303E-10 5.8493E-10 8.2179E-10 1.1225E-09 1.4995E-09 1.9658E-09 2.5300E-09 3.1932E-09 3.9490E-09 4.7958E-09 5.7148E-09 6.6791E-09 7.6557E-09 8.6094E-09 9.4980E-09 1.0279E-08 1.0913E-08 1.1367E-08 1.1616E-08 1.1647E-08 1.1460E-08 1.1066E-08 1.0488E-08 9.7568E-09 8.9119E-09 7.9937E-09 7.0405E-09 6.0915E-09 5.1794E-09 4.3250E-09 3.5501E-09 2.8639E-09 2.2709E-09 1.7692E-09 1.3519E-09 1.0163E-09
0.0000E+00 0.0000E+00 0.0000E+00 0.0000E+00 0.0000E+00 0.0000E+00 0.0000E+00 0.0000E+00 0.0000E+00 0.0000E+00 0.0000E+00 0.0000E+00 0.0000E+00 0.0000E+00 0.0000E+00 1.0416E-12 5.1966E-12 2.4135E-11 7.2504E-11 1.4503E-10 2.5158E-10 3.8875E-10 5.7061E-10 8.1164E-10 1.1138E-09 1.4990E-09 1.9792E-09 2.5598E-09 3.2434E-09 4.0356E-09 4.9234E-09 5.8862E-09 6.9009E-09 7.9331E-09 8.9430E-09 9.8852E-09 1.0713E-08 1.1383E-08 1.1861E-08 1.2121E-08 1.2146E-08 1.1939E-08 1.1512E-08 1.0889E-08 1.0107E-08 9.2044E-09 8.2279E-09 7.2207E-09 6.2211E-09 5.2629E-09 4.3750E-09 3.5721E-09 2.8664E-09 2.2595E-09 1.7499E-09 1.3318E-09 9.9173E-10
0.0000E+00 0.0000E+00 0.0000E+00 0.0000E+00 0.0000E+00 0.0000E+00 0.0000E+00 0.0000E+00 0.0000E+00 0.0000E+00 0.0000E+00 0.0000E+00 0.0000E+00 0.0000E+00 0.0000E+00 9.9264E-13 5.2454E-12 1.9625E-11 6.2685E-11 1.3234E-10 2.3663E-10 3.7278E-10 5.5649E-10 7.9923E-10 1.1046E-09 1.4984E-09 1.9872E-09 2.5836E-09 3.2958E-09 4.1190E-09 5.0414E-09 6.0519E-09 7.1229E-09 8.2150E-09 9.2837E-09 1.0282E-08 1.1160E-08 1.1870E-08 1.2373E-08 1.2641E-08 1.2658E-08 1.2425E-08 1.1957E-08 1.1282E-08 1.0440E-08 9.4768E-09 8.4391E-09 7.3738E-09 6.3246E-09 5.3255E-09 4.4007E-09 3.5726E-09 2.8492E-09 2.2319E-09 1.7165E-09 1.2958E-09 9.5647E-10
0.0000E+00 0.0000E+00 0.0000E+00 0.0000E+00 0.0000E+00 0.0000E+00 0.0000E+00 0.0000E+00 0.0000E+00 0.0000E+00 0.0000E+00 0.0000E+00 0.0000E+00 0.0000E+00 0.0000E+00 0.0000E+00 5.2734E-12 1.9006E-11 5.1869E-11 1.1883E-10 2.1684E-10 3.5364E-10 5.3965E-10 7.8495E-10 1.0955E-09 1.4928E-09 1.9933E-09 2.6092E-09 3.3436E-09 4.1947E-09 5.1625E-09 6.2235E-09 7.3468E-09 8.4960E-09 9.6233E-09 1.0677E-08 1.1604E-08 1.2352E-08 1.2878E-08 1.3152E-08 1.3159E-08 1.2898E-08 1.2389E-08 1.1662E-08 1.0759E-08 9.7311E-09 8.6309E-09 7.5077E-09 6.4054E-09 5.3646E-09 4.4087E-09 3.5559E-09 2.8154E-09 2.1914E-09 1.6737E-09 1.2540E-09 9.1470E-10
0.0000E+00 0.0000E+00 0.0000E+00 0.0000E+00 0.0000E+00 0.0000E+00 0.0000E+00 0.0000E+00 0.0000E+00 0.0000E+00 0.0000E+00 0.0000E+00 0.0000E+00 0.0000E+00 0.0000E+00 0.0000E+00 4.5545E-12 1.8070E-11 4.8450E-11 1.0389E-10 1.9889E-10 3.3802E-10 5.1820E-10 7.7232E-10 1.0841E-09 1.4879E-09 2.0007E-09 2.6298E-09 3.3869E-09 4.2761E-09 5.2845E-09 6.3907E-09 7.5707E-09 8.7830E-09 9.9750E-09 1.1089E-08 1.2066E-08 1.2853E-08 1.3402E-08 1.3680E-08 1.3671E-08 1.3377E-08 1.2819E-08 1.2031E-08 1.1062E-08 9.9653E-09 8.7981E-09 7.6147E-09 6.4618E-09 5.3778E-09 4.3906E-09 3.5172E-09 2.7667E-09 2.1335E-09 1.6175E-09 1.2012E-09 8.6491E-10
0.0000E+00 0.0000E+00 0.0000E+00 0.0000E+00 0.0000E+00 0.0000E+00 0.0000E+00 0.0000E+00 0.0000E+00 0.0000E+00 0.0000E+00 0.0000E+00 0.0000E+00 0.0000E+00 0.0000E+00 0.0000E+00 3.8347E-12 1.7118E-11 4.5920E-11 9.3326E-11 1.7850E-10 3.1552E-10 5.0181E-10 7.5084E-10 1.0703E-09 1.4828E-09 2.0026E-09 2.6506E-09 3.4362E-09 4.3560E-09 5.4036E-09 6.5670E-09 7.8094E-09 9.0844E-09 1.0340E-08 1.1513E-08 1.2541E-08 1.3365E-08 1.3934E-08 1.4212E-08 1.4183E-08 1.3852E-08 1.3239E-08 1.2386E-08 1.1346E-08 1.0178E-08 8.9426E-09 7.6973E-09 6.4935E-09 5.3701E-09 4.3530E-09 3.4617E-09 2.6990E-09 2.0652E-09 1.5501E-09 1.1418E-09 8.1062E-10
0.0000E+00 0.0000E+00 0.0000E+00 0.0000E+00 0.0000E+00 0.0000E+00 0.0000E+00 0.0000E+00 0.0000E+00 0.0000E+00 0.0000E+00 0.0000E+00 0.0000E+00 0.0000E+00 0.0000E+00 0.0000E+00 3.0703E-12 1.5392E-11 4.2811E-11 8.7917E-11 1.6205E-10 2.9149E-10 4.7929E-10 7.2669E-10 1.0556E-09 1.4707E-09 2.0049E-09 2.6733E-09 3.4795E-09 4.4363E-09 5.5351E-09 6.7544E-09 8.0570E-09 9.3994E-09 1.0725E-08 1.1964E-08 1.3047E-08 1.3910E-08 1.4497E-08 1.4771E-08 1.4717E-08 1.4339E-08 1.3664E-08 1.2737E-08 1.1617E-08 1.0369E-08 9.0611E-09 7.7526E-09 6.4963E-09 5.3348E-09 4.2926E-09 3.3848E-09 2.6168E-09 1.9846E-09 1.4754E-09 1.0750E-09 7.5237E-10
0.0000E+00 0.0000E+00 0.0000E+00 0.0000E+00 0.0000E+00 0.0000E+00 0.0000E+00 0.0000E+00 0.0000E+00 0.0000E+00 0.0000E+00 0.0000E+00 0.0000E+00 0.0000E+00 0.0000E+00 0.0000E+00 0.0000E+00 1.3055E-11 3.9224E-11 8.1596E-11 1.5289E-10 2.6407E-10 4.4807E-10 7.0518E-10 1.0372E-09 1.4595E-09 2.0066E-09 2.6883E-09 3.5274E-09 4.5265E-09 5.6734E-09 6.9485E-09 8.3237E-09 9.7426E-09 1.1141E-08 1.2445E-08 1.3582E-08 1.4481E-08 1.5083E-08 1.5350E-08 1.5264E-08 1.4832E-08 1.4087E-08 1.3079E-08 1.1874E-08 1.0543E-08 9.1583E-09 7.7853E-09 6.4792E-09 5.2779E-09 4.2122E-09 3.2933E-09 2.5219E-09 1.8920E-09 1.3924E-09 1.0023E-09 6.8524E-10
0.0000E+00 0.0000E+00 0.0000E+00 0.0000E+00 0.0000E+00 0.0000E+00 0.0000E+00 0.0000E+00 0.0000E+00 0.0000E+00 0.0000E+00 0.0000E+00 0.0000E+00 0.0000E+00 0.0000E+00 0.0000E+00 0.0000E+00 8.4711E-12 3.6011E-11 7.5245E-11 1.4338E-10 2.4995E-10 4.1550E-10 6.7460E-10 1.0136E-09 1.4473E-09 2.0006E-09 2.7056E-09 3.5778E-09 4.6126E-09 5.8158E-09 7.1627E-09 8.6135E-09 1.0110E-08 1.1586E-08 1.2964E-08 1.4160E-08 1.5097E-08 1.5713E-08 1.5965E-08 1.5837E-08 1.5341E-08 1.4513E-08 1.3414E-08 1.2115E-08 1.0695E-08 9.2311E-09 7.7912E-09 6.4337E-09 5.1996E-09 4.1113E-09 3.1841E-09 2.4147E-09 1.7924E-09 1.3009E-09 9.2442E-10 6.2009E-10
0.0000E+00 0.0000E+00 0.0000E+00 0.0000E+00 0.0000E+00 0.0000E+00 0.0000E+00 0.0000E+00 0.0000E+00 0.0000E+00 0.0000E+00 0.0000E+00 0.0000E+00 0.0000E+00 0.0000E+00 0.0000E+00 0.0000E+00 5.6652E-12 2.9681E-11 6.9682E-11 1.3268E-10 2.3610E-10 3.9274E-10 6.3837E-10 9.8556E-10 1.4282E-09 1.9975E-09 2.7253E-09 3.6221E-09 4.7079E-09 5.9719E-09 7.3883E-09 8.9153E-09 1.0502E-08 1.2069E-08 1.3527E-08 1.4788E-08 1.5766E-08 1.6393E-08 1.6627E-08 1.6452E-08 1.5883E-08 1.4964E-08 1.3761E-08 1.2357E-08 1.0837E-08 9.2859E-09 7.7771E-09 6.3682E-09 5.1004E-09 3.9979E-09 3.0638E-09 2.2958E-09 1.6860E-09 1.2065E-09 8.4090E-10 5.5281E-10
0.0000E+00 0.0000E+00 0.0000E+00 0.0000E+00 0.0000E+00 0.0000E+00 0.0000E+00 0.0000E+00 0.0000E+00 0.0000E+00 0.0000E+00 0.0000E+00 0.0000E+00 0.0000E+00 0.0000E+00 0.0000E+00 0.0000E+00 1.6515E-12 1.7915E-11 6.2221E-11 1.2229E-10 2.2103E-10 3.7292E-10 5.9840E-10 9.4763E-10 1.4002E-09 1.9850E-09 2.7305E-09 3.6678E-09 4.8037E-09 6.1245E-09 7.6204E-09 9.2440E-09 1.0929E-08 1.2591E-08 1.4135E-08 1.5464E-08 1.6485E-08 1.7124E-08 1.7335E-08 1.7103E-08 1.6450E-08 1.5426E-08 1.4110E-08 1.2590E-08 1.0965E-08 9.3252E-09 7.7451E-09 6.2853E-09 4.9841E-09 3.8669E-09 2.9322E-09 2.1735E-09 1.5727E-09 1.1072E-09 7.5298E-10 4.8912E-10
0.0000E+00 0.0000E+00 0.0000E+00 0.0000E+00 0.0000E+00 0.0000E+00 0.0000E+00 0.0000E+00 0.0000E+00 0.0000E+00 0.0000E+00 0.0000E+00 0.0000E+00 0.0000E+00 0.0000E+00 0.0000E+00 0.0000E+00 0.0000E+00 1.2291E-11 4.7390E-11 1.1255E-10 2.0359E-10 3.5217E-10 5.7309E-10 9.0644E-10 1.3661E-09 1.9633E-09 2.7361E-09 3.7116E-09 4.8913E-09 6.2860E-09 7.8678E-09 9.5877E-09 1.1376E-08 1.3146E-08 1.4789E-08 1.6196E-08 1.7266E-08 1.7917E-08 1.8100E-08 1.7804E-08 1.7054E-08 1.5913E-08 1.4470E-08 1.2827E-08 1.1088E-08 9.3501E-09 7.6969E-09 6.1859E-09 4.8542E-09 3.7202E-09 2.7901E-09 2.0407E-09 1.4560E-09 1.0090E-09 6.6672E-10 4.2488E-10
0.0000E+00 0.0000E+00 0.0000E+00 0.0000E+00 0.0000E+00 0.0000E+00 0.0000E+00 0.0000E+00 0.0000E+00 0.0000E+00 0.0000E+00 0.0000E+00 0.0000E+00 0.0000E+00 0.0000E+00 0.0000E+00 0.0000E+00 0.0000E+00 5.9011E-12 3.1923E-11 9.7278E-11 1.8838E-10 3.2728E-10 5.4385E-10 8.6535E-10 1.3223E-09 1.9325E-09 2.7316E-09 3.7363E-09 4.9741E-09 6.4431E-09 8.1125E-09 9.9429E-09 1.1854E-08 1.3744E-08 1.5495E-08 1.6984E-08 1.8105E-08 1.8768E-08 1.8920E-08 1.8553E-08 1.7699E-08 1.6431E-08 1.4850E-08 1.3069E-08 1.1206E-08 9.3666E-09 7.6334E-09 6.0711E-09 4.7126E-09 3.5710E-09 2.6394E-09 1.9078E-09 1.3424E-09 9.0381E-10 5.8561E-10 3.6213E-10
