Assets/Resources/2015_m01_d09_0200(utc+0800)_l00_csi_1hr_conc.grd
DSAA
         159         159
     -79.000      79.000
     -79.000      79.000
  0.3655E-09  0.5020E-04
[rows 75 to 99 of 159, columns 57 to 113 of 159]
9.9055E-09 1.0471E-08 1.1049E-08 1.1705E-08 1.2451E-08 1.3173E-08 1.3864E-08 1.4713E-08 1.6007E-08 1.7470E-08 1.8622E-08 1.9856E-08 2.1198E-08 2.2659E-08 2.4248E-08 2.5977E-08 2.7855E-08 2.9889E-08 3.2083E-08 3.4185E-08 3.6884E-08 3.9681E-08 4.2732E-08 4.5933E-08 4.9115E-08 5.2379E-08 5.5685E-08 5.8971E-08 6.2179E-08 6.5235E-08 6.8067E-08 7.0619E-08 7.2842E-08 7.4703E-08 7.6194E-08 7.7266E-08 7.8025E-08 7.8362E-08 7.8343E-08 7.7875E-08 7.7001E-08 7.5729E-08 7.4069E-08 7.2010E-08 6.9648E-08 6.7011E-08 6.4176E-08 6.1207E-08 5.8152E-08 5.5057E-08 5.1964E-08 4.8910E-08 4.5928E-08 4.3044E-08 4.0278E-08 3.7649E-08 3.5166E-08
1.0104E-08 1.0681E-08 1.1271E-08 1.1945E-08 1.2716E-08 1.3460E-08 1.4203E-08 1.5228E-08 1.6829E-08 1.8053E-08 1.9271E-08 2.0596E-08 2.2043E-08 2.3622E-08 2.5349E-08 2.7235E-08 2.9291E-08 3.1524E-08 3.3692E-08 3.6484E-08 3.9561E-08 4.2784E-08 4.6086E-08 4.9549E-08 5.3148E-08 5.6848E-08 6.0589E-08 6.4307E-08 6.7929E-08 7.1378E-08 7.4574E-08 7.7436E-08 7.9917E-08 8.1978E-08 8.3616E-08 8.4897E-08 8.5754E-08 8.6164E-08 8.6109E-08 8.5535E-08 8.4525E-08 8.3018E-08 8.1056E-08 7.8680E-08 7.5950E-08 7.2941E-08 6.9723E-08 6.6364E-08 6.2920E-08 5.9441E-08 5.5973E-08 5.2558E-08 4.9232E-08 4.6022E-08 4.2952E-08 4.0040E-08 3.7297E-08
1.0288E-08 1.0875E-08 1.1477E-08 1.2233E-08 1.3021E-08 1.3728E-08 1.4592E-08 1.5869E-08 1.7404E-08 1.8610E-08 1.9907E-08 2.1327E-08 2.2881E-08 2.4587E-08 2.6457E-08 2.8506E-08 3.0747E-08 3.2949E-08 3.5958E-08 3.8958E-08 4.2312E-08 4.5788E-08 4.9489E-08 5.3383E-08 5.7434E-08 6.1601E-08 6.5815E-08 6.9999E-08 7.4071E-08 7.7951E-08 8.1543E-08 8.4757E-08 8.7525E-08 8.9817E-08 9.1713E-08 9.3170E-08 9.4145E-08 9.4596E-08 9.4444E-08 9.3798E-08 9.2534E-08 9.0755E-08 8.8447E-08 8.5702E-08 8.2575E-08 7.9160E-08 7.5527E-08 7.1749E-08 6.7888E-08 6.3999E-08 6.0134E-08 5.6337E-08 5.2647E-08 4.9095E-08 4.5706E-08 4.2497E-08 3.9482E-08
1.0457E-08 1.1054E-08 1.1667E-08 1.2501E-08 1.3252E-08 1.3992E-08 1.4996E-08 1.6589E-08 1.7886E-08 1.9151E-08 2.0527E-08 2.2040E-08 2.3706E-08 2.5541E-08 2.7561E-08 2.9779E-08 3.1984E-08 3.4828E-08 3.8029E-08 4.1456E-08 4.5051E-08 4.8924E-08 5.3058E-08 5.7428E-08 6.1967E-08 6.6621E-08 7.1342E-08 7.6029E-08 8.0590E-08 8.4934E-08 8.8964E-08 9.2568E-08 9.5668E-08 9.8322E-08 1.0043E-07 1.0209E-07 1.0313E-07 1.0355E-07 1.0334E-07 1.0246E-07 1.0094E-07 9.8812E-08 9.6147E-08 9.2988E-08 8.9440E-08 8.5590E-08 8.1515E-08 7.7295E-08 7.2996E-08 6.8679E-08 6.4399E-08 6.0204E-08 5.6137E-08 5.2230E-08 4.8509E-08 4.4994E-08 4.1698E-08
1.0611E-08 1.1217E-08 1.1906E-08 1.2694E-08 1.3463E-08 1.4284E-08 1.5588E-08 1.7082E-08 1.8334E-08 1.9661E-08 2.1128E-08 2.2734E-08 2.4512E-08 2.6476E-08 2.8646E-08 3.0869E-08 3.3629E-08 3.6655E-08 4.0248E-08 4.3898E-08 4.7873E-08 5.2168E-08 5.6770E-08 6.1642E-08 6.6724E-08 7.1911E-08 7.7140E-08 8.2369E-08 8.7460E-08 9.2307E-08 9.6813E-08 1.0085E-07 1.0443E-07 1.0738E-07 1.0980E-07 1.1151E-07 1.1260E-07 1.1295E-07 1.1258E-07 1.1142E-07 1.0959E-07 1.0709E-07 1.0401E-07 1.0043E-07 9.6441E-08 9.2136E-08 8.7603E-08 8.2925E-08 7.8174E-08 7.3415E-08 6.8710E-08 6.4108E-08 5.9655E-08 5.5386E-08 5.1328E-08 4.7501E-08 4.3920E-08
1.0748E-08 1.1363E-08 1.2124E-08 1.2925E-08 1.3653E-08 1.4611E-08 1.6209E-08 1.7485E-08 1.8750E-08 2.0137E-08 2.1689E-08 2.3406E-08 2.5291E-08 2.7384E-08 2.9575E-08 3.2277E-08 3.5194E-08 3.8592E-08 4.2374E-08 4.6378E-08 5.0752E-08 5.5497E-08 6.0591E-08 5.0201E-05 7.1628E-08 7.7425E-08 8.3231E-08 8.8978E-08 9.4640E-08 1.0004E-07 1.0505E-07 1.0965E-07 1.1363E-07 1.1698E-07 1.1954E-07 1.2133E-07 1.2236E-07 1.2258E-07 1.2194E-07 1.2053E-07 1.1832E-07 1.1544E-07 1.1193E-07 1.0791E-07 1.0346E-07 9.8690E-08 9.3691E-08 8.8548E-08 8.3340E-08 7.8138E-08 7.3004E-08 6.7993E-08 6.3152E-08 5.8519E-08 5.4123E-08 4.9984E-08 4.6117E-08
1.0870E-08 1.1490E-08 1.2265E-08 1.3082E-08 1.3839E-08 1.5113E-08 1.6580E-08 1.7844E-08 1.9152E-08 2.0595E-08 2.2207E-08 2.4023E-08 2.6039E-08 2.8143E-08 3.0582E-08 3.3606E-08 3.6832E-08 4.0535E-08 4.4497E-08 4.8868E-08 5.3662E-08 5.8876E-08 6.4479E-08 1.1821E-06 2.0675E-05 8.3048E-08 8.9530E-08 9.5893E-08 1.0207E-07 1.0807E-07 1.1369E-07 1.1876E-07 1.2319E-07 1.2681E-07 1.2951E-07 1.3134E-07 1.3219E-07 1.3219E-07 1.3127E-07 1.2952E-07 1.2696E-07 1.2366E-07 1.1973E-07 1.1527E-07 1.1037E-07 1.0513E-07 9.9671E-08 9.4069E-08 8.8410E-08 8.2768E-08 7.7210E-08 7.1796E-08 6.6573E-08 6.1582E-08 5.6853E-08 5.2407E-08 4.8258E-08
1.0974E-08 1.1600E-08 1.2445E-08 1.3218E-08 1.4067E-08 1.5592E-08 1.6875E-08 1.8161E-08 1.9521E-08 2.1028E-08 2.2702E-08 2.4582E-08 2.6645E-08 2.8961E-08 3.1672E-08 3.4984E-08 3.8487E-08 4.2302E-08 4.6592E-08 5.1345E-08 5.6572E-08 6.2261E-08 6.8381E-08 7.7702E-08 2.0024E-06 9.3921E-06 9.5876E-08 1.0299E-07 1.0982E-07 1.1634E-07 1.2250E-07 1.2803E-07 1.3280E-07 1.3663E-07 1.3946E-07 1.4117E-07 1.4185E-07 1.4153E-07 1.4035E-07 1.3824E-07 1.3532E-07 1.3162E-07 1.2727E-07 1.2237E-07 1.1703E-07 1.1135E-07 1.0543E-07 9.9387E-08 9.3291E-08 8.7224E-08 8.1258E-08 7.5454E-08 6.9862E-08 6.4525E-08 5.9473E-08 5.4731E-08 5.0311E-08
1.1062E-08 1.1693E-08 1.2549E-08 1.3332E-08 1.4408E-08 1.5868E-08 1.7139E-08 1.8445E-08 1.9854E-08 2.1420E-08 2.3164E-08 2.5112E-08 2.7289E-08 2.9652E-08 3.2784E-08 3.6160E-08 3.9877E-08 4.4010E-08 4.8634E-08 5.3778E-08 5.9440E-08 6.5607E-08 7.2253E-08 7.9322E-08 1.0340E-06 1.9355E-06 3.3504E-06 1.1004E-07 1.1769E-07 1.2479E-07 1.3129E-07 1.3716E-07 1.4217E-07 1.4616E-07 1.4899E-07 1.5058E-07 1.5104E-07 1.5044E-07 1.4891E-07 1.4649E-07 1.4320E-07 1.3912E-07 1.3438E-07 1.2907E-07 1.2331E-07 1.1720E-07 1.1087E-07 1.0440E-07 9.7893E-08 9.1426E-08 8.5074E-08 7.8901E-08 7.2961E-08 6.7297E-08 6.1941E-08 5.6918E-08 5.2241E-08
1.1133E-08 1.1767E-08 1.2634E-08 1.3444E-08 1.4718E-08 1.6074E-08 1.7369E-08 1.8694E-08 2.0148E-08 2.1767E-08 2.3576E-08 2.5601E-08 2.7809E-08 3.0536E-08 3.3829E-08 3.7312E-08 4.1222E-08 4.5632E-08 5.0594E-08 5.6119E-08 6.2210E-08 6.8860E-08 7.6030E-08 8.3667E-08 1.6453E-07 1.6803E-06 1.8833E-06 8.0597E-07 1.2527E-07 1.3306E-07 1.3992E-07 1.4590E-07 1.5102E-07 1.5507E-07 1.5782E-07 1.5932E-07 1.5954E-07 1.5869E-07 1.5681E-07 1.5405E-07 1.5043E-07 1.4602E-07 1.4091E-07 1.3523E-07 1.2908E-07 1.2259E-07 1.1587E-07 1.0902E-07 1.0213E-07 9.5295E-08 8.8588E-08 8.2076E-08 7.5815E-08 6.9849E-08 6.4213E-08 5.8931E-08 5.4017E-08
1.1188E-08 1.1825E-08 1.2756E-08 1.3584E-08 1.4951E-08 1.6240E-08 1.7559E-08 1.8903E-08 2.0397E-08 2.2064E-08 2.3932E-08 2.5974E-08 2.8311E-08 3.1341E-08 3.4546E-08 3.8328E-08 4.2459E-08 4.7150E-08 5.2426E-08 5.8313E-08 6.4827E-08 7.1944E-08 7.9634E-08 8.7831E-08 9.6457E-08 9.4910E-07 1.7076E-06 1.7205E-06 1.6835E-07 1.4061E-07 1.4797E-07 1.5412E-07 1.5907E-07 1.6302E-07 1.6572E-07 1.6708E-07 1.6716E-07 1.6604E-07 1.6388E-07 1.6079E-07 1.5687E-07 1.5215E-07 1.4673E-07 1.4071E-07 1.3423E-07 1.2740E-07 1.2033E-07 1.1314E-07 1.0592E-07 9.8756E-08 9.1734E-08 8.4919E-08 7.8371E-08 7.2135E-08 6.6248E-08 6.0734E-08 5.5607E-08
1.1226E-08 1.1864E-08 1.2801E-08 1.3712E-08 1.5112E-08 1.6358E-08 1.7700E-08 1.9070E-08 2.0598E-08 2.2307E-08 2.4181E-08 2.6324E-08 2.8731E-08 3.1811E-08 3.5417E-08 3.9225E-08 4.3581E-08 4.8520E-08 5.4087E-08 6.0316E-08 6.7213E-08 7.4778E-08 8.2963E-08 9.1709E-08 1.0093E-07 2.7595E-07 1.4624E-06 1.6880E-06 7.5499E-07 1.4735E-07 1.5491E-07 1.6133E-07 1.6631E-07 1.6989E-07 1.7246E-07 1.7372E-07 1.7368E-07 1.7237E-07 1.6995E-07 1.6657E-07 1.6237E-07 1.5740E-07 1.5171E-07 1.4542E-07 1.3865E-07 1.3153E-07 1.2417E-07 1.1669E-07 1.0919E-07 1.0174E-07 9.4450E-08 8.7376E-08 8.0581E-08 7.4113E-08 6.8009E-08 6.2294E-08 5.6967E-08
1.1248E-08 1.1885E-08 1.2826E-08 1.3803E-08 1.5215E-08 1.6441E-08 1.7795E-08 1.9187E-08 2.0749E-08 2.2455E-08 2.4404E-08 2.6596E-08 2.9182E-08 3.2433E-08 3.6025E-08 4.0005E-08 4.4548E-08 4.9712E-08 5.5545E-08 6.2073E-08 6.9322E-08 7.7277E-08 8.5914E-08 9.5179E-08 1.0500E-07 1.2817E-07 8.9096E-07 1.5395E-06 1.4216E-06 2.1455E-07 1.6066E-07 1.6710E-07 1.7223E-07 1.7582E-07 1.7806E-07 1.7931E-07 1.7918E-07 1.7768E-07 1.7494E-07 1.7128E-07 1.6684E-07 1.6165E-07 1.5576E-07 1.4925E-07 1.4226E-07 1.3491E-07 1.2732E-07 1.1961E-07 1.1187E-07 1.0420E-07 9.6687E-08 8.9401E-08 8.2404E-08 7.5745E-08 6.9463E-08 6.3571E-08 5.8089E-08
1.1253E-08 1.1890E-08 1.2840E-08 1.3869E-08 1.5256E-08 1.6484E-08 1.7845E-08 1.9258E-08 2.0838E-08 2.2577E-08 2.4556E-08 2.6717E-08 2.9429E-08 3.2937E-08 3.6521E-08 4.0633E-08 4.5339E-08 5.0698E-08 5.6750E-08 6.3545E-08 7.1087E-08 7.9384E-08 8.8413E-08 9.8157E-08 1.0843E-07 1.1899E-07 3.6548E-07 1.3071E-06 1.5192E-06 7.0908E-07 1.7153E-07 1.7273E-07 1.8066E-07 1.8755E-07 1.8890E-07 1.9220E-07 1.8835E-07 1.8580E-07 1.7994E-07 1.7568E-07 1.7033E-07 1.6485E-07 1.5880E-07 1.5213E-07 1.4498E-07 1.3747E-07 1.2971E-07 1.2183E-07 1.1392E-07 1.0608E-07 9.8401E-08 9.0955E-08 8.3805E-08 7.7002E-08 7.0577E-08 6.4554E-08 5.8954E-08
1.1243E-08 1.1876E-08 1.2835E-08 1.3909E-08 1.5264E-08 1.6492E-08 1.7850E-08 1.9273E-08 2.0848E-08 2.2634E-08 2.4577E-08 2.6815E-08 2.9757E-08 3.3206E-08 3.6875E-08 4.1096E-08 4.5934E-08 5.1440E-08 5.7679E-08 6.4675E-08 7.2457E-08 8.1035E-08 9.0428E-08 1.0054E-07 1.1114E-07 1.2193E-07 1.7338E-07 9.6011E-07 1.8703E-06 1.4760E-06 4.0119E-07 3.2463E-07 3.5496E-07 3.2131E-07 3.0043E-07 2.6861E-07 2.4044E-07 2.1882E-07 2.0054E-07 1.8768E-07 1.7666E-07 1.6860E-07 1.6079E-07 1.5403E-07 1.4678E-07 1.3916E-07 1.3130E-07 1.2331E-07 1.1529E-07 1.0735E-07 9.9562E-08 9.2011E-08 8.4760E-08 7.7858E-08 7.1337E-08 6.5227E-08 5.9540E-08
1.1217E-08 1.1847E-08 1.2810E-08 1.3902E-08 1.5241E-08 1.6466E-08 1.7822E-08 1.9241E-08 2.0824E-08 2.2580E-08 2.4576E-08 2.6824E-08 2.9829E-08 3.3349E-08 3.7083E-08 4.1383E-08 4.6306E-08 5.1929E-08 5.8286E-08 6.5426E-08 7.3385E-08 8.2213E-08 9.1895E-08 1.0224E-07 1.1299E-07 1.2389E-07 1.4116E-07 8.5152E-07 3.8822E-06 4.0164E-06 2.2201E-06 1.4412E-06 1.4017E-06 1.1098E-06 7.5125E-07 5.1789E-07 3.8092E-07 2.9557E-07 2.4293E-07 2.0851E-07 1.8756E-07 1.7316E-07 1.6342E-07 1.5491E-07 1.4762E-07 1.3997E-07 1.3208E-07 1.2404E-07 1.1598E-07 1.0799E-07 1.0015E-07 9.2551E-08 8.5255E-08 7.8303E-08 7.1734E-08 6.5577E-08 5.9844E-08
1.1176E-08 1.1802E-08 1.2766E-08 1.3866E-08 1.5189E-08 1.6405E-08 1.7754E-08 1.9167E-08 2.0736E-08 2.2505E-08 2.4497E-08 2.6764E-08 2.9963E-08 3.3366E-08 3.7137E-08 4.1473E-08 4.6456E-08 5.2127E-08 5.8549E-08 6.5773E-08 7.3877E-08 8.2915E-08 9.2749E-08 1.0317E-07 1.1396E-07 1.2481E-07 1.3540E-07 2.2741E-07 1.6394E-06 4.7100E-06 4.5521E-06 3.0925E-06 3.2529E-06 2.8789E-06 1.8922E-06 1.1308E-06 7.0709E-07 4.6956E-07 3.3219E-07 2.5271E-07 2.0740E-07 1.8172E-07 1.6627E-07 1.5599E-07 1.4751E-07 1.3989E-07 1.3202E-07 1.2401E-07 1.1596E-07 1.0798E-07 1.0016E-07 9.2576E-08 8.5285E-08 7.8332E-08 7.1765E-08 6.5602E-08 5.9862E-08
1.1121E-08 1.1742E-08 1.2702E-08 1.3799E-08 1.5105E-08 1.6311E-08 1.7650E-08 1.9047E-08 2.0610E-08 2.2365E-08 2.4361E-08 2.6621E-08 2.9837E-08 3.3254E-08 3.7025E-08 4.1376E-08 4.6354E-08 5.2026E-08 5.8456E-08 6.5733E-08 7.3971E-08 8.3084E-08 9.2919E-08 1.0333E-07 1.1401E-07 1.2468E-07 1.3504E-07 1.4492E-07 2.7483E-07 1.8207E-06 4.3213E-06 3.9545E-06 4.1496E-06 4.1749E-06 3.0905E-06 1.9576E-06 1.2019E-06 7.4704E-07 4.7949E-07 3.2607E-07 2.4049E-07 1.9483E-07 1.7083E-07 1.5664E-07 1.4728E-07 1.3893E-07 1.3115E-07 1.2322E-07 1.1525E-07 1.0735E-07 9.9607E-08 9.2089E-08 8.4851E-08 7.7955E-08 7.1429E-08 6.5302E-08 5.9598E-08
1.1052E-08 1.1667E-08 1.2620E-08 1.3705E-08 1.4990E-08 1.6183E-08 1.7501E-08 1.8886E-08 2.0428E-08 2.2178E-08 2.4157E-08 2.6404E-08 2.9760E-08 3.3006E-08 3.6760E-08 4.1070E-08 4.6002E-08 5.1625E-08 5.8033E-08 6.5379E-08 7.3623E-08 8.2677E-08 9.2462E-08 1.0269E-07 1.1316E-07 1.2352E-07 1.3359E-07 1.4319E-07 1.6825E-07 5.0065E-07 2.0009E-06 3.1196E-06 3.5183E-06 3.8220E-06 3.3202E-06 2.4140E-06 1.6063E-06 1.0278E-06 6.4792E-07 4.1564E-07 2.8346E-07 2.1283E-07 1.7670E-07 1.5723E-07 1.4595E-07 1.3714E-07 1.2949E-07 1.2170E-07 1.1387E-07 1.0612E-07 9.8506E-08 9.1099E-08 8.3977E-08 7.7176E-08 7.0734E-08 6.4692E-08 5.9057E-08
1.0970E-08 1.1579E-08 1.2520E-08 1.3584E-08 1.4839E-08 1.6021E-08 1.7314E-08 1.8681E-08 2.0211E-08 2.1936E-08 2.3895E-08 2.6112E-08 2.9429E-08 3.2638E-08 3.6327E-08 4.0561E-08 4.5406E-08 5.0952E-08 5.7375E-08 6.4668E-08 7.2813E-08 8.1775E-08 9.1330E-08 1.0132E-07 1.1142E-07 1.2143E-07 1.3110E-07 1.4037E-07 1.5916E-07 2.8585E-07 8.3505E-07 1.7668E-06 2.3123E-06 2.6771E-06 2.6893E-06 2.2716E-06 1.6959E-06 1.1618E-06 7.5620E-07 4.8523E-07 3.2039E-07 2.2890E-07 1.8197E-07 1.5762E-07 1.4420E-07 1.3499E-07 1.2708E-07 1.1949E-07 1.1188E-07 1.0432E-07 9.6876E-08 8.9647E-08 8.2677E-08 7.6011E-08 6.9708E-08 6.3780E-08 5.8247E-08
1.0876E-08 1.1477E-08 1.2402E-08 1.3440E-08 1.4655E-08 1.5821E-08 1.7087E-08 1.8446E-08 1.9948E-08 2.1650E-08 2.3573E-08 2.5746E-08 2.9006E-08 3.2138E-08 3.5735E-08 3.9859E-08 4.4592E-08 5.0111E-08 5.6436E-08 6.3604E-08 7.1617E-08 8.0327E-08 8.9614E-08 9.9207E-08 1.0888E-07 1.1848E-07 1.2772E-07 1.3651E-07 1.4946E-07 2.0021E-07 3.9530E-07 8.3104E-07 1.3078E-06 1.6392E-06 1.8471E-06 1.7744E-06 1.4769E-06 1.0997E-06 7.5758E-07 5.0092E-07 3.3314E-07 2.3562E-07 1.8330E-07 1.5613E-07 1.4146E-07 1.3187E-07 1.2400E-07 1.1668E-07 1.0932E-07 1.0198E-07 9.4774E-08 8.7755E-08 8.0972E-08 7.4501E-08 6.8362E-08 6.2582E-08 5.7197E-08
1.0771E-08 1.1363E-08 1.2022E-08 1.3271E-08 1.4442E-08 1.5589E-08 1.6832E-08 1.8177E-08 1.9653E-08 2.1317E-08 2.3195E-08 2.5320E-08 2.8483E-08 3.1516E-08 3.4995E-08 3.8988E-08 4.3662E-08 4.9057E-08 5.5239E-08 6.2252E-08 7.0005E-08 7.8435E-08 8.7315E-08 9.6449E-08 1.0568E-07 1.1477E-07 1.2358E-07 1.3186E-07 1.4121E-07 1.6326E-07 2.3428E-07 3.9717E-07 6.7417E-07 9.3965E-07 1.1484E-06 1.2226E-06 1.1208E-06 9.0221E-07 6.6199E-07 4.6050E-07 3.1679E-07 2.2823E-07 1.7859E-07 1.5215E-07 1.3761E-07 1.2796E-07 1.2032E-07 1.1331E-07 1.0622E-07 9.9174E-08 9.2234E-08 8.5453E-08 7.8920E-08 7.2664E-08 6.6719E-08 6.1137E-08 5.5917E-08
1.0655E-08 1.1238E-08 1.1884E-08 1.3074E-08 1.4197E-08 1.5334E-08 1.6553E-08 1.7883E-08 1.9321E-08 2.0941E-08 2.2771E-08 2.4826E-08 2.7867E-08 3.0783E-08 3.4126E-08 3.8041E-08 4.2575E-08 4.7818E-08 5.3836E-08 6.0587E-08 6.8068E-08 7.6088E-08 8.4505E-08 9.3156E-08 1.0188E-07 1.1048E-07 1.1878E-07 1.2660E-07 1.3403E-07 1.4483E-07 1.7155E-07 2.3837E-07 3.6517E-07 5.3369E-07 6.8551E-07 7.7724E-07 7.6900E-07 6.6545E-07 5.2108E-07 3.8435E-07 2.7862E-07 2.0926E-07 1.6842E-07 1.4583E-07 1.3266E-07 1.2343E-07 1.1616E-07 1.0943E-07 1.0268E-07 9.5949E-08 8.9293E-08 8.2812E-08 7.6544E-08 7.0529E-08 6.4831E-08 5.9458E-08 5.4441E-08
1.0530E-08 1.1103E-08 1.1733E-08 1.2858E-08 1.3932E-08 1.5060E-08 1.6255E-08 1.7550E-08 1.8959E-08 2.0531E-08 2.2296E-08 2.4272E-08 2.6478E-08 2.9956E-08 3.3208E-08 3.6979E-08 4.1363E-08 4.6438E-08 5.2205E-08 5.8703E-08 6.5786E-08 7.3362E-08 8.1281E-08 8.9435E-08 9.7610E-08 1.0570E-07 1.1346E-07 1.2083E-07 1.2761E-07 1.3477E-07 1.4871E-07 1.7775E-07 2.3388E-07 3.2143E-07 4.1221E-07 4.7850E-07 4.9653E-07 4.5654E-07 3.8052E-07 2.9974E-07 2.3216E-07 1.8465E-07 1.5511E-07 1.3782E-07 1.2682E-07 1.1847E-07 1.1161E-07 1.0519E-07 9.8767E-08 9.2349E-08 8.6036E-08 7.9867E-08 7.3881E-08 6.8160E-08 6.2715E-08 5.7586E-08 5.2778E-08
1.0395E-08 1.0958E-08 1.1567E-08 1.2630E-08 1.3655E-08 1.4772E-08 1.5932E-08 1.7192E-08 1.8572E-08 2.0085E-08 2.1776E-08 2.3665E-08 2.5769E-08 2.9097E-08 3.2210E-08 3.5837E-08 4.0057E-08 4.4901E-08 5.0435E-08 5.6564E-08 6.3227E-08 7.0323E-08 7.7746E-08 8.5354E-08 9.3004E-08 1.0052E-07 1.0778E-07 1.1463E-07 1.2100E-07 1.2680E-07 1.3396E-07 1.5066E-07 1.7566E-07 2.1523E-07 2.6242E-07 3.0020E-07 3.1731E-07 3.0544E-07 2.7048E-07 2.2809E-07 1.8951E-07 1.6042E-07 1.4120E-07 1.2901E-07 1.2025E-07 1.1309E-07 1.0681E-07 1.0066E-07 9.4552E-08 8.8485E-08 8.2509E-08 7.6656E-08 7.1007E-08 6.5579E-08 6.0417E-08 5.5535E-08 5.0957E-08
