Assets/Resources/2015_m01_d24_1000(utc+0800)_l00_csi_1hr_conc.grd
DSAA
         159         159
     -79.000      79.000
     -79.000      79.000
  0.1212E-09  0.1596E-05
[rows 75 to 99 of 159, columns 57 to 113 of 159]
6.1746E-09 7.3486E-09 9.0014E-09 1.1216E-08 1.4183E-08 1.7969E-08 2.2539E-08 2.7582E-08 3.3022E-08 3.8539E-08 4.4073E-08 4.9338E-08 5.5074E-08 6.1816E-08 7.0936E-08 8.4958E-08 1.0443E-07 1.1721E-07 8.4541E-08 2.2331E-08 4.0372E-09 4.0375E-09 4.0334E-09 4.0295E-09 4.0216E-09 4.0134E-09 4.0019E-09 3.9895E-09 3.9740E-09 3.9582E-09 3.9376E-09 3.9147E-09 3.8926E-09 3.8686E-09 3.8411E-09 3.8141E-09 3.7849E-09 3.7578E-09 3.7280E-09 3.6981E-09 3.6663E-09 3.6337E-09 3.5991E-09 3.5650E-09 3.5278E-09 3.4924E-09 3.4539E-09 3.4163E-09 3.3774E-09 3.3375E-09 3.2975E-09 3.2556E-09 3.2136E-09 3.1698E-09 3.1252E-09 3.0807E-09 3.0345E-09
4.7872E-09 5.4039E-09 6.2840E-09 7.5068E-09 9.1681E-09 1.1386E-08 1.4183E-08 1.7479E-08 2.1200E-08 2.5220E-08 2.9505E-08 3.3878E-08 3.8967E-08 4.5221E-08 5.2785E-08 6.3912E-08 8.2874E-08 1.2151E-07 1.7752E-07 1.4586E-07 1.9434E-08 3.9727E-09 3.9705E-09 3.9679E-09 3.9620E-09 3.9551E-09 3.9456E-09 3.9346E-09 3.9198E-09 3.9037E-09 3.8858E-09 3.8666E-09 3.8458E-09 3.8228E-09 3.7992E-09 3.7735E-09 3.7504E-09 3.7228E-09 3.6954E-09 3.6671E-09 3.6375E-09 3.6064E-09 3.5730E-09 3.5403E-09 3.5065E-09 3.4724E-09 3.4370E-09 3.4004E-09 3.3626E-09 3.3246E-09 3.2847E-09 3.2436E-09 3.2026E-09 3.1596E-09 3.1168E-09 3.0722E-09 3.0278E-09
3.9569E-09 4.2449E-09 4.6401E-09 5.2036E-09 5.9963E-09 7.0776E-09 8.4638E-09 1.0144E-08 1.2052E-08 1.4056E-08 1.6252E-08 1.8560E-08 2.1436E-08 2.5017E-08 2.9824E-08 3.6285E-08 4.6810E-08 6.5811E-08 1.2166E-07 3.0959E-07 3.5878E-07 3.9089E-09 3.9104E-09 3.9068E-09 3.9049E-09 3.8971E-09 3.8876E-09 3.8767E-09 3.8650E-09 3.8499E-09 3.8341E-09 3.8169E-09 3.7981E-09 3.7771E-09 3.7577E-09 3.7346E-09 3.7132E-09 3.6878E-09 3.6634E-09 3.6368E-09 3.6084E-09 3.5788E-09 3.5487E-09 3.5175E-09 3.4868E-09 3.4528E-09 3.4194E-09 3.3838E-09 3.3471E-09 3.3100E-09 3.2710E-09 3.2318E-09 3.1906E-09 3.1495E-09 3.1066E-09 3.0637E-09 3.0197E-09
3.4957E-09 3.6315E-09 3.7959E-09 4.0428E-09 4.3480E-09 4.8045E-09 5.3490E-09 5.9946E-09 6.6753E-09 7.3704E-09 7.9780E-09 8.5294E-09 9.3000E-09 1.0194E-08 1.1618E-08 1.3477E-08 1.6695E-08 2.2524E-08 3.5358E-08 8.1665E-08 4.3145E-07 1.5959E-06 3.8498E-09 3.8472E-09 3.8432E-09 3.8380E-09 3.8309E-09 3.8214E-09 3.8122E-09 3.7974E-09 3.7851E-09 3.7683E-09 3.7529E-09 3.7353E-09 3.7178E-09 3.6980E-09 3.6770E-09 3.6548E-09 3.6307E-09 3.6054E-09 3.5794E-09 3.5522E-09 3.5254E-09 3.4951E-09 3.4655E-09 3.4335E-09 3.4011E-09 3.3665E-09 3.3316E-09 3.2945E-09 3.2573E-09 3.2181E-09 3.1778E-09 3.1376E-09 3.0964E-09 3.0539E-09 3.0110E-09
3.2901E-09 3.3576E-09 3.4288E-09 3.5297E-09 3.6457E-09 3.8023E-09 3.9714E-09 4.1819E-09 4.3358E-09 4.4569E-09 4.5301E-09 4.5577E-09 4.5719E-09 4.5759E-09 4.6225E-09 4.6307E-09 4.6585E-09 4.7544E-09 4.9988E-09 5.8438E-09 7.8370E-09 1.5736E-08 3.7871E-09 3.7868E-09 3.7839E-09 3.7794E-09 3.7741E-09 3.7681E-09 3.7589E-09 3.7477E-09 3.7352E-09 3.7242E-09 3.7117E-09 3.6952E-09 3.6802E-09 3.6622E-09 3.6429E-09 3.6216E-09 3.5991E-09 3.5769E-09 3.5534E-09 3.5291E-09 3.5014E-09 3.4741E-09 3.4445E-09 3.4135E-09 3.3820E-09 3.3483E-09 3.3144E-09 3.2782E-09 3.2419E-09 3.2035E-09 3.1651E-09 3.1256E-09 3.0849E-09 3.0432E-09 3.0011E-09
3.2168E-09 3.2576E-09 3.2970E-09 3.3352E-09 3.3846E-09 3.4434E-09 3.4966E-09 3.5380E-09 3.5875E-09 3.6037E-09 3.6011E-09 3.6039E-09 3.6097E-09 3.6294E-09 3.6465E-09 3.6647E-09 3.6794E-09 3.6926E-09 3.7025E-09 3.7102E-09 3.7194E-09 3.7201E-09 3.7257E-09 3.7271E-09 3.7257E-09 3.7239E-09 3.7192E-09 3.7148E-09 3.7082E-09 3.6998E-09 3.6921E-09 3.6810E-09 3.6709E-09 3.6564E-09 3.6427E-09 3.6259E-09 3.6077E-09 3.5899E-09 3.5705E-09 3.5504E-09 3.5268E-09 3.5035E-09 3.4778E-09 3.4515E-09 3.4228E-09 3.3936E-09 3.3622E-09 3.3303E-09 3.2963E-09 3.2620E-09 3.2256E-09 3.1891E-09 3.1514E-09 3.1124E-09 3.0724E-09 3.0319E-09 2.9901E-09
3.1549E-09 3.1953E-09 3.2346E-09 3.2726E-09 3.3093E-09 3.3446E-09 3.3786E-09 3.4111E-09 3.4430E-09 3.4695E-09 3.4959E-09 3.5192E-09 3.5422E-09 3.5629E-09 3.5809E-09 3.5975E-09 3.6117E-09 3.6262E-09 3.6380E-09 3.6470E-09 3.6556E-09 3.6596E-09 3.6660E-09 3.6665E-09 3.6707E-09 3.6692E-09 3.6660E-09 3.6643E-09 3.6590E-09 3.6558E-09 3.6493E-09 3.6394E-09 3.6313E-09 3.6179E-09 3.6053E-09 3.5918E-09 3.5768E-09 3.5599E-09 3.5415E-09 3.5224E-09 3.5007E-09 3.4783E-09 3.4535E-09 3.4281E-09 3.4003E-09 3.3721E-09 3.3415E-09 3.3106E-09 3.2774E-09 3.2440E-09 3.2094E-09 3.1733E-09 3.1365E-09 3.0983E-09 3.0594E-09 3.0193E-09 2.9783E-09
3.0946E-09 3.1347E-09 3.1737E-09 3.2115E-09 3.2481E-09 3.2804E-09 3.3124E-09 3.3445E-09 3.3728E-09 3.3992E-09 3.4278E-09 3.4485E-09 3.4726E-09 3.4952E-09 3.5112E-09 3.5298E-09 3.5467E-09 3.5602E-09 3.5742E-09 3.5844E-09 3.5942E-09 3.6004E-09 3.6071E-09 3.6108E-09 3.6154E-09 3.6163E-09 3.6175E-09 3.6181E-09 3.6137E-09 3.6126E-09 3.6079E-09 3.5990E-09 3.5909E-09 3.5828E-09 3.5722E-09 3.5596E-09 3.5455E-09 3.5305E-09 3.5130E-09 3.4947E-09 3.4739E-09 3.4524E-09 3.4285E-09 3.4040E-09 3.3771E-09 3.3497E-09 3.3201E-09 3.2900E-09 3.2587E-09 3.2261E-09 3.1920E-09 3.1570E-09 3.1206E-09 3.0836E-09 3.0451E-09 3.0058E-09 2.9658E-09
3.0301E-09 3.0658E-09 3.1050E-09 3.1427E-09 3.1797E-09 3.2100E-09 3.2410E-09 3.2742E-09 3.3011E-09 3.3317E-09 3.3565E-09 3.3795E-09 3.4051E-09 3.4245E-09 3.4461E-09 3.4677E-09 3.4807E-09 3.4972E-09 3.5140E-09 3.5244E-09 3.5353E-09 3.5422E-09 3.5510E-09 3.5583E-09 3.5649E-09 3.5669E-09 3.5710E-09 3.5724E-09 3.5707E-09 3.5687E-09 3.5668E-09 3.5631E-09 3.5558E-09 3.5486E-09 3.5387E-09 3.5280E-09 3.5147E-09 3.5006E-09 3.4839E-09 3.4665E-09 3.4474E-09 3.4259E-09 3.4037E-09 3.3792E-09 3.3541E-09 3.3267E-09 3.2988E-09 3.2696E-09 3.2390E-09 3.2069E-09 3.1736E-09 3.1395E-09 3.1039E-09 3.0676E-09 3.0299E-09 2.9916E-09 2.9521E-09
2.9517E-09 2.9923E-09 3.0313E-09 3.0668E-09 3.1035E-09 3.1385E-09 3.1723E-09 3.1993E-09 3.2308E-09 3.2611E-09 3.2869E-09 3.3143E-09 3.3380E-09 3.3605E-09 3.3822E-09 3.4027E-09 3.4199E-09 3.4383E-09 3.4508E-09 3.4641E-09 3.4781E-09 3.4904E-09 3.5002E-09 3.5093E-09 3.5167E-09 3.5210E-09 3.5269E-09 3.5301E-09 3.5325E-09 3.5311E-09 3.5300E-09 3.5270E-09 3.5214E-09 3.5150E-09 3.5059E-09 3.4959E-09 3.4834E-09 3.4701E-09 3.4551E-09 3.4376E-09 3.4194E-09 3.3987E-09 3.3774E-09 3.3537E-09 3.3294E-09 3.3037E-09 3.2767E-09 3.2479E-09 3.2182E-09 3.1869E-09 3.1547E-09 3.1210E-09 3.0866E-09 3.0507E-09 3.0138E-09 2.9762E-09 2.9374E-09
2.8844E-09 2.9195E-09 2.9583E-09 2.9961E-09 3.0349E-09 3.0672E-09 3.1007E-09 3.1345E-09 3.1662E-09 3.1920E-09 3.2204E-09 3.2486E-09 3.2732E-09 3.2974E-09 3.3189E-09 3.3403E-09 3.3586E-09 3.3777E-09 3.3954E-09 3.4127E-09 3.4269E-09 3.4399E-09 3.4532E-09 3.4647E-09 3.4727E-09 3.4808E-09 3.4864E-09 3.4911E-09 3.4941E-09 3.4944E-09 3.4939E-09 3.4916E-09 3.4867E-09 3.4809E-09 3.4725E-09 3.4633E-09 3.4515E-09 3.4390E-09 3.4248E-09 3.4081E-09 3.3907E-09 3.3708E-09 3.3503E-09 3.3283E-09 3.3049E-09 3.2800E-09 3.2534E-09 3.2258E-09 3.1965E-09 3.1663E-09 3.1346E-09 3.1017E-09 3.0680E-09 3.0329E-09 2.9970E-09 2.9599E-09 2.9221E-09
2.8226E-09 2.8614E-09 2.8994E-09 2.9325E-09 2.9682E-09 3.0038E-09 3.0383E-09 3.0719E-09 3.0998E-09 3.1306E-09 3.1591E-09 3.1859E-09 3.2122E-09 3.2383E-09 3.2638E-09 3.2862E-09 3.3071E-09 3.3285E-09 3.3484E-09 3.3668E-09 3.3827E-09 3.3980E-09 3.4116E-09 3.4227E-09 3.4330E-09 3.4416E-09 3.4477E-09 3.4529E-09 3.4564E-09 3.4573E-09 3.4574E-09 3.4548E-09 3.4515E-09 3.4464E-09 3.4387E-09 3.4302E-09 3.4191E-09 3.4073E-09 3.3939E-09 3.3779E-09 3.3613E-09 3.3432E-09 3.3234E-09 3.3022E-09 3.2792E-09 3.2551E-09 3.2293E-09 3.2025E-09 3.1740E-09 3.1446E-09 3.1136E-09 3.0818E-09 3.0485E-09 3.0145E-09 2.9790E-09 2.9426E-09 2.9055E-09
2.7656E-09 2.8048E-09 2.8426E-09 2.8776E-09 2.9138E-09 2.9457E-09 2.9802E-09 3.0138E-09 3.0465E-09 3.0780E-09 3.1085E-09 3.1379E-09 3.1660E-09 3.1930E-09 3.2186E-09 3.2429E-09 3.2650E-09 3.2866E-09 3.3067E-09 3.3244E-09 3.3415E-09 3.3570E-09 3.3701E-09 3.3824E-09 3.3932E-09 3.4022E-09 3.4087E-09 3.4144E-09 3.4176E-09 3.4199E-09 3.4206E-09 3.4186E-09 3.4158E-09 3.4114E-09 3.4043E-09 3.3966E-09 3.3862E-09 3.3751E-09 3.3624E-09 3.3481E-09 3.3322E-09 3.3148E-09 3.2958E-09 3.2750E-09 3.2531E-09 3.2294E-09 3.2044E-09 3.1783E-09 3.1506E-09 3.1220E-09 3.0918E-09 3.0607E-09 3.0282E-09 2.9949E-09 2.9601E-09 2.9248E-09 2.8880E-09
2.7221E-09 2.7601E-09 2.7976E-09 2.8343E-09 2.8702E-09 2.9054E-09 2.9396E-09 2.9722E-09 3.0046E-09 3.0360E-09 3.0664E-09 3.0957E-09 3.1238E-09 3.1498E-09 3.1755E-09 3.1999E-09 3.2229E-09 3.2446E-09 3.2640E-09 3.2828E-09 3.3001E-09 3.3150E-09 3.3293E-09 3.3420E-09 3.3531E-09 3.3616E-09 3.3695E-09 3.3757E-09 3.3793E-09 3.3821E-09 3.3833E-09 3.3819E-09 3.3798E-09 3.3750E-09 3.3696E-09 3.3624E-09 3.3537E-09 3.3433E-09 3.3312E-09 3.3176E-09 3.3024E-09 3.2854E-09 3.2671E-09 3.2471E-09 3.2259E-09 3.2030E-09 3.1790E-09 3.1534E-09 3.1268E-09 3.0985E-09 3.0694E-09 3.0387E-09 3.0073E-09 2.9743E-09 2.9403E-09 2.9056E-09 2.8700E-09
2.6810E-09 2.7187E-09 2.7557E-09 2.7920E-09 2.8277E-09 2.8634E-09 2.8974E-09 2.9297E-09 2.9619E-09 2.9932E-09 3.0234E-09 3.0526E-09 3.0807E-09 3.1076E-09 3.1333E-09 3.1568E-09 3.1799E-09 3.2017E-09 3.2221E-09 3.2411E-09 3.2578E-09 3.2738E-09 3.2884E-09 3.3014E-09 3.3119E-09 3.3217E-09 3.3300E-09 3.3357E-09 3.3407E-09 3.3440E-09 3.3448E-09 3.3449E-09 3.3433E-09 3.3401E-09 3.3352E-09 3.3287E-09 3.3205E-09 3.3107E-09 3.2994E-09 3.2861E-09 3.2716E-09 3.2552E-09 3.2377E-09 3.2184E-09 3.1979E-09 3.1757E-09 3.1525E-09 3.1276E-09 3.1017E-09 3.0742E-09 3.0458E-09 3.0159E-09 2.9851E-09 2.9529E-09 2.9199E-09 2.8859E-09 2.8507E-09
2.6391E-09 2.6773E-09 2.7139E-09 2.7508E-09 2.7861E-09 2.8206E-09 2.8544E-09 2.8873E-09 2.9193E-09 2.9504E-09 2.9805E-09 3.0096E-09 3.0376E-09 3.0645E-09 3.0901E-09 3.1146E-09 3.1378E-09 3.1588E-09 3.1793E-09 3.1985E-09 3.2162E-09 3.2325E-09 3.2463E-09 3.2596E-09 3.2714E-09 3.2816E-09 3.2893E-09 3.2963E-09 3.3018E-09 3.3056E-09 3.3078E-09 3.3084E-09 3.3073E-09 3.3046E-09 3.3003E-09 3.2943E-09 3.2868E-09 3.2773E-09 3.2665E-09 3.2539E-09 3.2401E-09 3.2244E-09 3.2076E-09 3.1889E-09 3.1692E-09 3.1477E-09 3.1252E-09 3.1010E-09 3.0759E-09 3.0491E-09 3.0214E-09 2.9921E-09 2.9621E-09 2.9309E-09 2.8987E-09 2.8651E-09 2.8307E-09
2.6004E-09 2.6371E-09 2.6733E-09 2.7089E-09 2.7438E-09 2.7780E-09 2.8124E-09 2.8451E-09 2.8769E-09 2.9078E-09 2.9377E-09 2.9667E-09 2.9946E-09 3.0214E-09 3.0470E-09 3.0715E-09 3.0947E-09 3.1167E-09 3.1374E-09 3.1566E-09 3.1736E-09 3.1901E-09 3.2051E-09 3.2187E-09 3.2307E-09 3.2412E-09 3.2502E-09 3.2576E-09 3.2634E-09 3.2677E-09 3.2703E-09 3.2713E-09 3.2708E-09 3.2686E-09 3.2648E-09 3.2590E-09 3.2521E-09 3.2432E-09 3.2331E-09 3.2211E-09 3.2079E-09 3.1929E-09 3.1767E-09 3.1588E-09 3.1397E-09 3.1193E-09 3.0971E-09 3.0740E-09 3.0492E-09 3.0235E-09 2.9961E-09 2.9680E-09 2.9386E-09 2.9078E-09 2.8762E-09 2.8432E-09 2.8096E-09
2.5625E-09 2.5989E-09 2.6347E-09 2.6699E-09 2.7045E-09 2.7384E-09 2.7716E-09 2.8040E-09 2.8355E-09 2.8662E-09 2.8960E-09 2.9248E-09 2.9526E-09 2.9793E-09 3.0049E-09 3.0294E-09 3.0526E-09 3.0746E-09 3.0953E-09 3.1147E-09 3.1328E-09 3.1494E-09 3.1646E-09 3.1784E-09 3.1907E-09 3.2015E-09 3.2108E-09 3.2185E-09 3.2247E-09 3.2293E-09 3.2324E-09 3.2338E-09 3.2334E-09 3.2317E-09 3.2284E-09 3.2232E-09 3.2168E-09 3.2085E-09 3.1990E-09 3.1876E-09 3.1751E-09 3.1607E-09 3.1452E-09 3.1283E-09 3.1095E-09 3.0898E-09 3.0683E-09 3.0459E-09 3.0217E-09 2.9967E-09 2.9704E-09 2.9429E-09 2.9139E-09 2.8841E-09 2.8528E-09 2.8208E-09 2.7875E-09
2.5246E-09 2.5606E-09 2.5960E-09 2.6309E-09 2.6651E-09 2.6987E-09 2.7316E-09 2.7637E-09 2.7951E-09 2.8256E-09 2.8552E-09 2.8838E-09 2.9115E-09 2.9381E-09 2.9636E-09 2.9880E-09 3.0113E-09 3.0333E-09 3.0541E-09 3.0735E-09 3.0917E-09 3.1084E-09 3.1238E-09 3.1378E-09 3.1503E-09 3.1614E-09 3.1709E-09 3.1790E-09 3.1855E-09 3.1905E-09 3.1936E-09 3.1955E-09 3.1955E-09 3.1943E-09 3.1915E-09 3.1869E-09 3.1810E-09 3.1733E-09 3.1643E-09 3.1535E-09 3.1416E-09 3.1282E-09 3.1130E-09 3.0967E-09 3.0786E-09 3.0595E-09 3.0387E-09 3.0169E-09 2.9938E-09 2.9694E-09 2.9435E-09 2.9167E-09 2.8883E-09 2.8592E-09 2.8286E-09 2.7972E-09 2.7645E-09
2.4866E-09 2.5222E-09 2.5572E-09 2.5918E-09 2.6257E-09 2.6590E-09 2.6916E-09 2.7234E-09 2.7545E-09 2.7848E-09 2.8142E-09 2.8427E-09 2.8702E-09 2.8967E-09 2.9222E-09 2.9465E-09 2.9697E-09 2.9918E-09 3.0125E-09 3.0321E-09 3.0503E-09 3.0672E-09 3.0827E-09 3.0969E-09 3.1096E-09 3.1209E-09 3.1307E-09 3.1387E-09 3.1456E-09 3.1506E-09 3.1545E-09 3.1568E-09 3.1572E-09 3.1565E-09 3.1538E-09 3.1500E-09 3.1447E-09 3.1375E-09 3.1291E-09 3.1189E-09 3.1075E-09 3.0947E-09 3.0801E-09 3.0645E-09 3.0470E-09 3.0286E-09 3.0088E-09 2.9876E-09 2.9651E-09 2.9411E-09 2.9161E-09 2.8896E-09 2.8622E-09 2.8334E-09 2.8037E-09 2.7727E-09 2.7406E-09
2.4486E-09 2.4838E-09 2.5185E-09 2.5526E-09 2.5862E-09 2.6192E-09 2.6515E-09 2.6831E-09 2.7139E-09 2.7440E-09 2.7732E-09 2.8015E-09 2.8288E-09 2.8552E-09 2.8806E-09 2.9049E-09 2.9280E-09 2.9500E-09 2.9708E-09 2.9904E-09 3.0087E-09 3.0257E-09 3.0414E-09 3.0553E-09 3.0683E-09 3.0798E-09 3.0895E-09 3.0982E-09 3.1053E-09 3.1107E-09 3.1149E-09 3.1176E-09 3.1185E-09 3.1181E-09 3.1160E-09 3.1126E-09 3.1078E-09 3.1011E-09 3.0933E-09 3.0836E-09 3.0728E-09 3.0606E-09 3.0466E-09 3.0315E-09 3.0151E-09 2.9972E-09 2.9780E-09 2.9572E-09 2.9354E-09 2.9120E-09 2.8876E-09 2.8617E-09 2.8350E-09 2.8068E-09 2.7777E-09 2.7473E-09 2.7161E-09
2.4106E-09 2.4454E-09 2.4797E-09 2.5135E-09 2.5467E-09 2.5793E-09 2.6113E-09 2.6426E-09 2.6732E-09 2.7030E-09 2.7320E-09 2.7602E-09 2.7874E-09 2.8136E-09 2.8389E-09 2.8631E-09 2.8862E-09 2.9081E-09 2.9289E-09 2.9482E-09 2.9665E-09 2.9836E-09 2.9991E-09 3.0135E-09 3.0266E-09 3.0384E-09 3.0484E-09 3.0573E-09 3.0644E-09 3.0704E-09 3.0750E-09 3.0777E-09 3.0793E-09 3.0794E-09 3.0776E-09 3.0748E-09 3.0704E-09 3.0642E-09 3.0569E-09 3.0477E-09 3.0375E-09 3.0259E-09 3.0128E-09 2.9983E-09 2.9824E-09 2.9649E-09 2.9463E-09 2.9263E-09 2.9048E-09 2.8820E-09 2.8583E-09 2.8330E-09 2.8069E-09 2.7793E-09 2.7509E-09 2.7211E-09 2.6902E-09
2.3726E-09 2.4070E-09 2.4409E-09 2.4743E-09 2.5072E-09 2.5395E-09 2.5712E-09 2.6022E-09 2.6325E-09 2.6621E-09 2.6909E-09 2.7188E-09 2.7458E-09 2.7716E-09 2.7967E-09 2.8208E-09 2.8438E-09 2.8654E-09 2.8862E-09 2.9058E-09 2.9242E-09 2.9410E-09 2.9569E-09 2.9715E-09 2.9848E-09 2.9964E-09 3.0069E-09 3.0161E-09 3.0234E-09 3.0298E-09 3.0346E-09 3.0377E-09 3.0397E-09 3.0402E-09 3.0388E-09 3.0364E-09 3.0321E-09 3.0268E-09 3.0200E-09 3.0117E-09 3.0020E-09 2.9909E-09 2.9783E-09 2.9644E-09 2.9488E-09 2.9321E-09 2.9138E-09 2.8944E-09 2.8735E-09 2.8516E-09 2.8282E-09 2.8038E-09 2.7780E-09 2.7513E-09 2.7232E-09 2.6940E-09 2.6637E-09
2.3340E-09 2.3679E-09 2.4014E-09 2.4344E-09 2.4669E-09 2.4989E-09 2.5303E-09 2.5610E-09 2.5911E-09 2.6204E-09 2.6489E-09 2.6767E-09 2.7035E-09 2.7295E-09 2.7544E-09 2.7781E-09 2.8010E-09 2.8229E-09 2.8437E-09 2.8629E-09 2.8814E-09 2.8986E-09 2.9146E-09 2.9289E-09 2.9423E-09 2.9544E-09 2.9652E-09 2.9742E-09 2.9822E-09 2.9888E-09 2.9936E-09 2.9973E-09 2.9997E-09 3.0002E-09 2.9996E-09 2.9976E-09 2.9941E-09 2.9892E-09 2.9828E-09 2.9751E-09 2.9658E-09 2.9552E-09 2.9429E-09 2.9295E-09 2.9144E-09 2.8983E-09 2.8806E-09 2.8618E-09 2.8415E-09 2.8202E-09 2.7973E-09 2.7735E-09 2.7483E-09 2.7219E-09 2.6944E-09 2.6658E-09 2.6361E-09
2.2950E-09 2.3289E-09 2.3620E-09 2.3946E-09 2.4268E-09 2.4584E-09 2.4895E-09 2.5199E-09 2.5497E-09 2.5787E-09 2.6070E-09 2.6345E-09 2.6612E-09 2.6869E-09 2.7118E-09 2.7356E-09 2.7585E-09 2.7799E-09 2.8007E-09 2.8203E-09 2.8387E-09 2.8560E-09 2.8717E-09 2.8865E-09 2.9000E-09 2.9123E-09 2.9228E-09 2.9324E-09 2.9406E-09 2.9471E-09 2.9526E-09 2.9566E-09 2.9593E-09 2.9605E-09 2.9603E-09 2.9586E-09 2.9556E-09 2.9511E-09 2.9452E-09 2.9378E-09 2.9288E-09 2.9187E-09 2.9069E-09 2.8940E-09 2.8795E-09 2.8639E-09 2.8467E-09 2.8285E-09 2.8087E-09 2.7879E-09 2.7657E-09 2.7425E-09 2.7175E-09 2.6920E-09 2.6648E-09 2.6371E-09 2.6080E-09
