Assets/Resources/2015_m01_d22_1700(utc+0800)_l00_csi_1hr_conc.grd
DSAA
         159         159
     -79.000      79.000
     -79.000      79.000
  0.0000E+00  0.9332E-04
[rows 50 to 74 of 159, columns 57 to 113 of 159]
1.0211E-08 9.0754E-09 8.0517E-09 7.1477E-09 6.3650E-09 5.6959E-09 5.1341E-09 4.6381E-09 4.2249E-09 3.8358E-09 3.5184E-09 3.3246E-09 3.2110E-09 3.1082E-09 3.0206E-09 2.9377E-09 2.8634E-09 2.7971E-09 2.7426E-09 2.6879E-09 2.6330E-09 2.5782E-09 2.5234E-09 2.4649E-09 2.4113E-09 2.3581E-09 2.3053E-09 2.2530E-09 2.1846E-09 2.1231E-09 2.0761E-09 2.0294E-09 1.9794E-09 1.9339E-09 1.8888E-09 1.8441E-09 1.7998E-09 1.7560E-09 1.7127E-09 1.6517E-09 1.6116E-09 1.5718E-09 1.5324E-09 1.4934E-09 1.4489E-09 1.4030E-09 1.3669E-09 1.3257E-09 1.2828E-09 1.2492E-09 1.2158E-09 1.1828E-09 1.1462E-09 1.1142E-09 1.0825E-09 1.0512E-09 1.0167E-09
1.0423E-08 9.0940E-09 7.9281E-09 6.9969E-09 6.1937E-09 5.5079E-09 4.9336E-09 4.4195E-09 4.0015E-09 3.6616E-09 3.2914E-09 3.1140E-09 3.0096E-09 2.9164E-09 2.8393E-09 2.7629E-09 2.6904E-09 2.6338E-09 2.5843E-09 2.5345E-09 2.4845E-09 2.4344E-09 2.3803E-09 2.3309E-09 2.2817E-09 2.2327E-09 2.1840E-09 2.1189E-09 2.0606E-09 2.0167E-09 1.9730E-09 1.9295E-09 1.8830E-09 1.8405E-09 1.7984E-09 1.7565E-09 1.7150E-09 1.6739E-09 1.6144E-09 1.5764E-09 1.5386E-09 1.5011E-09 1.4640E-09 1.4271E-09 1.3765E-09 1.3421E-09 1.3022E-09 1.2606E-09 1.2285E-09 1.1965E-09 1.1648E-09 1.1295E-09 1.0987E-09 1.0682E-09 1.0381E-09 1.0045E-09 9.7540E-10
1.0609E-08 9.3190E-09 7.9231E-09 6.9431E-09 6.0219E-09 5.3223E-09 4.7399E-09 4.2122E-09 3.7831E-09 3.4437E-09 3.1331E-09 2.9147E-09 2.8192E-09 2.7319E-09 2.6612E-09 2.5849E-09 2.5291E-09 2.4774E-09 2.4326E-09 2.3874E-09 2.3419E-09 2.2923E-09 2.2471E-09 2.2019E-09 2.1568E-09 2.1118E-09 2.0501E-09 1.9950E-09 1.9543E-09 1.9136E-09 1.8730E-09 1.8293E-09 1.7895E-09 1.7499E-09 1.7105E-09 1.6714E-09 1.6326E-09 1.5746E-09 1.5387E-09 1.5030E-09 1.4675E-09 1.4322E-09 1.3972E-09 1.3478E-09 1.3151E-09 1.2766E-09 1.2363E-09 1.2058E-09 1.1753E-09 1.1450E-09 1.1109E-09 1.0814E-09 1.0522E-09 1.0232E-09 9.9063E-10 9.6261E-10 9.3488E-10
1.0887E-08 9.5290E-09 8.1609E-09 6.9542E-09 5.9532E-09 5.2172E-09 4.5509E-09 4.0692E-09 3.6369E-09 3.2357E-09 2.9296E-09 2.7581E-09 2.6345E-09 2.5515E-09 2.4950E-09 2.4258E-09 2.3677E-09 2.3278E-09 2.2874E-09 2.2465E-09 2.2014E-09 2.1604E-09 2.1192E-09 2.0779E-09 2.0366E-09 1.9785E-09 1.9268E-09 1.8893E-09 1.8516E-09 1.8140E-09 1.7730E-09 1.7359E-09 1.6989E-09 1.6620E-09 1.6253E-09 1.5888E-09 1.5325E-09 1.4988E-09 1.4652E-09 1.4316E-09 1.3983E-09 1.3651E-09 1.3263E-09 1.2861E-09 1.2552E-09 1.2190E-09 1.1812E-09 1.1522E-09 1.1234E-09 1.0946E-09 1.0624E-09 1.0344E-09 1.0066E-09 9.7909E-10 9.4826E-10 9.2160E-10 8.9521E-10
1.1369E-08 9.8593E-09 8.5424E-09 7.2375E-09 6.0939E-09 5.1695E-09 4.4370E-09 3.9326E-09 3.4401E-09 3.0324E-09 2.7337E-09 2.5680E-09 2.4547E-09 2.3866E-09 2.3298E-09 2.2739E-09 2.2209E-09 2.1851E-09 2.1487E-09 2.1080E-09 2.0712E-09 2.0340E-09 1.9965E-09 1.9589E-09 1.8904E-09 1.8563E-09 1.8219E-09 1.7873E-09 1.7525E-09 1.7144E-09 1.6800E-09 1.6456E-09 1.6112E-09 1.5770E-09 1.5428E-09 1.5088E-09 1.4568E-09 1.4252E-09 1.3937E-09 1.3623E-09 1.3311E-09 1.2939E-09 1.2552E-09 1.2259E-09 1.1913E-09 1.1549E-09 1.1274E-09 1.1000E-09 1.0727E-09 1.0417E-09 1.0151E-09 9.8854E-10 9.6218E-10 9.3240E-10 9.0685E-10 8.8152E-10 8.5643E-10
1.1882E-08 1.0330E-08 8.9439E-09 7.5338E-09 6.4360E-09 5.2083E-09 4.5003E-09 3.8418E-09 3.3515E-09 2.8684E-09 2.6158E-09 2.3912E-09 2.2878E-09 2.2295E-09 2.1724E-09 2.1286E-09 2.0813E-09 2.0492E-09 2.0129E-09 1.9801E-09 1.9468E-09 1.9131E-09 1.8792E-09 1.8147E-09 1.7838E-09 1.7525E-09 1.7209E-09 1.6891E-09 1.6537E-09 1.6221E-09 1.5903E-09 1.5584E-09 1.5266E-09 1.4948E-09 1.4631E-09 1.4129E-09 1.3834E-09 1.3540E-09 1.3245E-09 1.2946E-09 1.2652E-09 1.2225E-09 1.1946E-09 1.1619E-09 1.1269E-09 1.1010E-09 1.0751E-09 1.0492E-09 1.0195E-09 9.9417E-10 9.6892E-10 9.4380E-10 9.1510E-10 8.9069E-10 8.6644E-10 8.4240E-10 8.1497E-10
1.2530E-08 1.0969E-08 9.5127E-09 8.0404E-09 6.8420E-09 5.5881E-09 4.5866E-09 3.8220E-09 3.2702E-09 2.7324E-09 2.4754E-09 2.2760E-09 2.1630E-09 2.0802E-09 2.0292E-09 1.9836E-09 1.9446E-09 1.9165E-09 1.8876E-09 1.8581E-09 1.8282E-09 1.7978E-09 1.7375E-09 1.7097E-09 1.6815E-09 1.6529E-09 1.6239E-09 1.5914E-09 1.5624E-09 1.5332E-09 1.5039E-09 1.4745E-09 1.4450E-09 1.4155E-09 1.3673E-09 1.3399E-09 1.3125E-09 1.2849E-09 1.2568E-09 1.2290E-09 1.1878E-09 1.1619E-09 1.1309E-09 1.0974E-09 1.0730E-09 1.0486E-09 1.0242E-09 9.9584E-10 9.7185E-10 9.4790E-10 9.2402E-10 8.9645E-10 8.7319E-10 8.5006E-10 8.2708E-10 8.0058E-10 7.7835E-10
1.3388E-08 1.1762E-08 1.0206E-08 8.7652E-09 7.4613E-09 6.0978E-09 5.0483E-09 3.9025E-09 3.3641E-09 2.7242E-09 2.3722E-09 2.1469E-09 2.0315E-09 1.9412E-09 1.8872E-09 1.8492E-09 1.8186E-09 1.7943E-09 1.7685E-09 1.7421E-09 1.6978E-09 1.6592E-09 1.6345E-09 1.6093E-09 1.5835E-09 1.5537E-09 1.5277E-09 1.5013E-09 1.4747E-09 1.4478E-09 1.4208E-09 1.3937E-09 1.3665E-09 1.3202E-09 1.2949E-09 1.2694E-09 1.2434E-09 1.2172E-09 1.1908E-09 1.1519E-09 1.1275E-09 1.0985E-09 1.0666E-09 1.0437E-09 1.0208E-09 9.9782E-10 9.7083E-10 9.4819E-10 9.2555E-10 9.0294E-10 8.7651E-10 8.5443E-10 8.3243E-10 8.1053E-10 7.8878E-10 7.6377E-10 7.4270E-10
1.4475E-08 1.2791E-08 1.1151E-08 9.5992E-09 8.1700E-09 6.8758E-09 5.7070E-09 4.1493E-09 3.5044E-09 2.8720E-09 2.3830E-09 2.1093E-09 1.9275E-09 1.8318E-09 1.7644E-09 1.7261E-09 1.6990E-09 1.6783E-09 1.6554E-09 1.6014E-09 1.5803E-09 1.5585E-09 1.5361E-09 1.5132E-09 1.4863E-09 1.4629E-09 1.4391E-09 1.4150E-09 1.3905E-09 1.3659E-09 1.3411E-09 1.3161E-09 1.2719E-09 1.2485E-09 1.2245E-09 1.2003E-09 1.1764E-09 1.1515E-09 1.1145E-09 1.0915E-09 1.0686E-09 1.0345E-09 1.0132E-09 9.9176E-10 9.7021E-10 9.4460E-10 9.2331E-10 9.0198E-10 8.8064E-10 8.5932E-10 8.3449E-10 8.1363E-10 7.9284E-10 7.7215E-10 7.4809E-10 7.2800E-10 7.0804E-10
1.5814E-08 1.4100E-08 1.2383E-08 1.0718E-08 9.1478E-09 7.7112E-09 6.4016E-09 5.2002E-09 3.8304E-09 3.0638E-09 2.4279E-09 2.1294E-09 1.8696E-09 1.7473E-09 1.6602E-09 1.6116E-09 1.5859E-09 1.5502E-09 1.5193E-09 1.5011E-09 1.4821E-09 1.4625E-09 1.4423E-09 1.4181E-09 1.3973E-09 1.3760E-09 1.3543E-09 1.3323E-09 1.3100E-09 1.2874E-09 1.2646E-09 1.2226E-09 1.2009E-09 1.1787E-09 1.1565E-09 1.1336E-09 1.1105E-09 1.0762E-09 1.0545E-09 1.0339E-09 1.0013E-09 9.8154E-10 9.6159E-10 9.4149E-10 9.1726E-10 8.9732E-10 8.7731E-10 8.5723E-10 8.3714E-10 8.1347E-10 7.9376E-10 7.7408E-10 7.5445E-10 7.3138E-10 7.1227E-10 6.9327E-10 6.7439E-10
1.7430E-08 1.5705E-08 1.3928E-08 1.2158E-08 1.0450E-08 8.8415E-09 7.3589E-09 6.0579E-09 4.8856E-09 3.7892E-09 2.6044E-09 2.2195E-09 1.8486E-09 1.7050E-09 1.5772E-09 1.5254E-09 1.4490E-09 1.4358E-09 1.4218E-09 1.4057E-09 1.3888E-09 1.3675E-09 1.3497E-09 1.3313E-09 1.3125E-09 1.2932E-09 1.2734E-09 1.2534E-09 1.2330E-09 1.2123E-09 1.1719E-09 1.1522E-09 1.1320E-09 1.1108E-09 1.0900E-09 1.0690E-09 1.0366E-09 1.0172E-09 9.9771E-10 9.6719E-10 9.4893E-10 9.3045E-10 9.1177E-10 8.8893E-10 8.7034E-10 8.5163E-10 8.3282E-10 8.1396E-10 7.9145E-10 7.7289E-10 7.5432E-10 7.3578E-10 7.1370E-10 6.9560E-10 6.7756E-10 6.5961E-10 6.3822E-10
1.9277E-08 1.7593E-08 1.5804E-08 1.3956E-08 1.2114E-08 1.0329E-08 8.6492E-09 7.1196E-09 5.7587E-09 4.4855E-09 3.3710E-09 2.4588E-09 1.9189E-09 1.7128E-09 1.4924E-09 1.4247E-09 1.3628E-09 1.3412E-09 1.3288E-09 1.3153E-09 1.2966E-09 1.2812E-09 1.2652E-09 1.2487E-09 1.2317E-09 1.2142E-09 1.1963E-09 1.1780E-09 1.1593E-09 1.1207E-09 1.1028E-09 1.0840E-09 1.0650E-09 1.0459E-09 1.0269E-09 9.9610E-10 9.7859E-10 9.6122E-10 9.3231E-10 9.1552E-10 8.9848E-10 8.8121E-10 8.5975E-10 8.4249E-10 8.2507E-10 8.0752E-10 7.8988E-10 7.6855E-10 7.5113E-10 7.3367E-10 7.1620E-10 6.9514E-10 6.7804E-10 6.6098E-10 6.4396E-10 6.2702E-10 6.0692E-10
2.1300E-08 1.9729E-08 1.7982E-08 1.6110E-08 1.4168E-08 1.2217E-08 1.0328E-08 8.5447E-09 6.9541E-09 5.4529E-09 4.1115E-09 2.9433E-09 2.1095E-09 1.7776E-09 1.4806E-09 1.3842E-09 1.2986E-09 1.2614E-09 1.2372E-09 1.2259E-09 1.2131E-09 1.1993E-09 1.1850E-09 1.1702E-09 1.1548E-09 1.1390E-09 1.1226E-09 1.1052E-09 1.0689E-09 1.0528E-09 1.0357E-09 1.0184E-09 1.0014E-09 9.8394E-10 9.5544E-10 9.3993E-10 9.2077E-10 8.9680E-10 8.8146E-10 8.6582E-10 8.4992E-10 8.2985E-10 8.1389E-10 7.9774E-10 7.8144E-10 7.6500E-10 7.4485E-10 7.2857E-10 7.1222E-10 6.9582E-10 6.7578E-10 6.5969E-10 6.4359E-10 6.2752E-10 6.1148E-10 5.9222E-10 5.7663E-10
2.3385E-08 2.2008E-08 2.0393E-08 1.8572E-08 1.6606E-08 1.4536E-08 1.2436E-08 1.0392E-08 8.5202E-09 6.7418E-09 5.1022E-09 3.6463E-09 2.1896E-09 1.8057E-09 1.5475E-09 1.3883E-09 1.2439E-09 1.1991E-09 1.1634E-09 1.1447E-09 1.1340E-09 1.1217E-09 1.1089E-09 1.0956E-09 1.0816E-09 1.0665E-09 1.0310E-09 1.0174E-09 1.0022E-09 9.8667E-10 9.7153E-10 9.5599E-10 9.3114E-10 9.1485E-10 9.0013E-10 8.8321E-10 8.6084E-10 8.4689E-10 8.3262E-10 8.1807E-10 7.9936E-10 7.8468E-10 7.6978E-10 7.5469E-10 7.3945E-10 7.2047E-10 7.0531E-10 6.9005E-10 6.7472E-10 6.5571E-10 6.4061E-10 6.2548E-10 6.1035E-10 5.9522E-10 5.7682E-10 5.6207E-10 5.4738E-10
2.5378E-08 2.4302E-08 2.2919E-08 2.1263E-08 1.9352E-08 1.7234E-08 1.4985E-08 1.2658E-08 1.0470E-08 8.4399E-09 6.5173E-09 4.9733E-09 3.5655E-09 2.1155E-09 1.5289E-09 1.3424E-09 1.2254E-09 1.1536E-09 1.1092E-09 1.0680E-09 1.0587E-09 1.0482E-09 1.0368E-09 1.0240E-09 1.0109E-09 9.7787E-10 9.6484E-10 9.5116E-10 9.3862E-10 9.2523E-10 9.1039E-10 8.8809E-10 8.7329E-10 8.6015E-10 8.3681E-10 8.2457E-10 8.1196E-10 7.9902E-10 7.8578E-10 7.6842E-10 7.5497E-10 7.4129E-10 7.2740E-10 7.0942E-10 6.9551E-10 6.8146E-10 6.6728E-10 6.5299E-10 6.3501E-10 6.2090E-10 6.0673E-10 5.9253E-10 5.7831E-10 5.6077E-10 5.4687E-10 5.3299E-10 5.1915E-10
2.7104E-08 2.6426E-08 2.5388E-08 2.3996E-08 2.2250E-08 2.0207E-08 1.7908E-08 1.5384E-08 1.2896E-08 1.0525E-08 8.2770E-09 6.3835E-09 4.6467E-09 3.1223E-09 1.7562E-09 1.3027E-09 1.1704E-09 1.0899E-09 1.0411E-09 1.0049E-09 9.8754E-10 9.7806E-10 9.6708E-10 9.5574E-10 9.2440E-10 9.1275E-10 9.0172E-10 8.9044E-10 8.7721E-10 8.6557E-10 8.4316E-10 8.3179E-10 8.1978E-10 7.9908E-10 7.8815E-10 7.7684E-10 7.6517E-10 7.4910E-10 7.3714E-10 7.2491E-10 7.1241E-10 6.9968E-10 6.8289E-10 6.7009E-10 6.5712E-10 6.4399E-10 6.3073E-10 6.1378E-10 6.0065E-10 5.8742E-10 5.7414E-10 5.6082E-10 5.4415E-10 5.3109E-10 5.1802E-10 5.0497E-10 4.9195E-10
2.8331E-08 2.8120E-08 2.7537E-08 2.6569E-08 2.5169E-08 2.3369E-08 2.1069E-08 1.8467E-08 1.5776E-08 1.3078E-08 1.0485E-08 8.0779E-09 6.1125E-09 4.2062E-09 2.1988E-09 1.4420E-09 1.1166E-09 1.0286E-09 9.7638E-10 9.3728E-10 9.1888E-10 9.1040E-10 8.8085E-10 8.7141E-10 8.6217E-10 8.5179E-10 8.4181E-10 8.3135E-10 8.1216E-10 8.0043E-10 7.9086E-10 7.7968E-10 7.6140E-10 7.5172E-10 7.4165E-10 7.3121E-10 7.1646E-10 7.0568E-10 6.9460E-10 6.8325E-10 6.7164E-10 6.5603E-10 6.4431E-10 6.3238E-10 6.2029E-10 6.0804E-10 5.9212E-10 5.7993E-10 5.6764E-10 5.5526E-10 5.4283E-10 5.2702E-10 5.1479E-10 5.0254E-10 4.9027E-10 4.7801E-10 4.6270E-10
2.8938E-08 2.9223E-08 2.9178E-08 2.8726E-08 2.7825E-08 2.6425E-08 2.4264E-08 2.1802E-08 1.9038E-08 1.6123E-08 1.3220E-08 1.0435E-08 8.0140E-09 5.7433E-09 3.6641E-09 1.7506E-09 1.1829E-09 1.0343E-09 9.1110E-10 8.7778E-10 8.5226E-10 8.2600E-10 8.2004E-10 8.1156E-10 8.0344E-10 7.9461E-10 7.8511E-10 7.6675E-10 7.5854E-10 7.4983E-10 7.3200E-10 7.2393E-10 7.1544E-10 7.0655E-10 6.9728E-10 6.8380E-10 6.7415E-10 6.6419E-10 6.5394E-10 6.4342E-10 6.2896E-10 6.1827E-10 6.0737E-10 5.9628E-10 5.8501E-10 5.7010E-10 5.5884E-10 5.4746E-10 5.3598E-10 5.2441E-10 5.0948E-10 4.9806E-10 4.8660E-10 4.7511E-10 4.6026E-10 4.4902E-10 4.3779E-10
2.8726E-08 2.9512E-08 3.0028E-08 3.0179E-08 2.9893E-08 2.8912E-08 2.7312E-08 2.5174E-08 2.2553E-08 1.9596E-08 1.6462E-08 1.3288E-08 1.0367E-08 7.7985E-09 5.2493E-09 3.6770E-09 1.7058E-09 1.1082E-09 8.8873E-10 7.9659E-10 7.7186E-10 7.6739E-10 7.6164E-10 7.5558E-10 7.4739E-10 7.3126E-10 7.2387E-10 7.1677E-10 7.0059E-10 6.9376E-10 6.8681E-10 6.7944E-10 6.7166E-10 6.5948E-10 6.5126E-10 6.4269E-10 6.3379E-10 6.2459E-10 6.1122E-10 6.0178E-10 5.9209E-10 5.8218E-10 5.7205E-10 5.6174E-10 5.4782E-10 5.3747E-10 5.2698E-10 5.1637E-10 5.0210E-10 4.9158E-10 4.8097E-10 4.7029E-10 4.5956E-10 4.4547E-10 4.3495E-10 4.2441E-10 4.1387E-10
2.7623E-08 2.8858E-08 2.9911E-08 3.0678E-08 3.1072E-08 3.0760E-08 2.9832E-08 2.8265E-08 2.6074E-08 2.3332E-08 2.0185E-08 1.6808E-08 1.3321E-08 1.0189E-08 7.4843E-09 4.5474E-09 2.3911E-09 1.2986E-09 8.9181E-10 7.6160E-10 7.1598E-10 7.1142E-10 7.0802E-10 6.9304E-10 6.8791E-10 6.8167E-10 6.7561E-10 6.6153E-10 6.5607E-10 6.5017E-10 6.4385E-10 6.3712E-10 6.2615E-10 6.1895E-10 6.1140E-10 6.0352E-10 5.9533E-10 5.8308E-10 5.7461E-10 5.6587E-10 5.5690E-10 5.4771E-10 5.3468E-10 5.2538E-10 5.1591E-10 5.0628E-10 4.9651E-10 4.8312E-10 4.7340E-10 4.6358E-10 4.5366E-10 4.4368E-10 4.3035E-10 4.2054E-10 4.1068E-10 4.0081E-10 3.9092E-10
2.5673E-08 2.7240E-08 2.8724E-08 3.0055E-08 3.1118E-08 3.1570E-08 3.1478E-08 3.0732E-08 2.9275E-08 2.7079E-08 2.4242E-08 2.0869E-08 1.7235E-08 1.3212E-08 9.8117E-09 6.8955E-09 3.6389E-09 1.7833E-09 1.0031E-09 7.5137E-10 6.7453E-10 6.5011E-10 6.4745E-10 6.4395E-10 6.4031E-10 6.2759E-10 6.2356E-10 6.1907E-10 6.1414E-10 6.0880E-10 5.9910E-10 5.9324E-10 5.8700E-10 5.8041E-10 5.7349E-10 5.6625E-10 5.5508E-10 5.4753E-10 5.3971E-10 5.3165E-10 5.2335E-10 5.1130E-10 5.0286E-10 4.9423E-10 4.8543E-10 4.7648E-10 4.6397E-10 4.5502E-10 4.4596E-10 4.3679E-10 4.2754E-10 4.1496E-10 4.0584E-10 3.9666E-10 3.8744E-10 3.7819E-10 3.6592E-10
2.3009E-08 2.4754E-08 2.6526E-08 2.8341E-08 2.9910E-08 3.1130E-08 3.1945E-08 3.2207E-08 3.1744E-08 3.0476E-08 2.8334E-08 2.5365E-08 2.1751E-08 1.7752E-08 1.3727E-08 9.0080E-09 5.8883E-09 2.7705E-09 1.2989E-09 7.7867E-10 6.8557E-10 6.1616E-10 6.0331E-10 5.9231E-10 5.8961E-10 5.8646E-10 5.8286E-10 5.7883E-10 5.7039E-10 5.6581E-10 5.6085E-10 5.5551E-10 5.4983E-10 5.4380E-10 5.3371E-10 5.2733E-10 5.2066E-10 5.1371E-10 5.0651E-10 4.9537E-10 4.8797E-10 4.8035E-10 4.7253E-10 4.6453E-10 4.5637E-10 4.4471E-10 4.3652E-10 4.2819E-10 4.1975E-10 4.1121E-10 3.9938E-10 3.9093E-10 3.8240E-10 3.7382E-10 3.6520E-10 3.5357E-10 3.4513E-10
1.9844E-08 2.1604E-08 2.3513E-08 2.5584E-08 2.7523E-08 2.9394E-08 3.1070E-08 3.2361E-08 3.3087E-08 3.3043E-08 3.2018E-08 3.0003E-08 2.6943E-08 2.2914E-08 1.8368E-08 1.3608E-08 7.3822E-09 3.1131E-09 1.9453E-09 9.3375E-10 7.3428E-10 5.8881E-10 5.5461E-10 5.5270E-10 5.5034E-10 5.4756E-10 5.4034E-10 5.3698E-10 5.3322E-10 5.2909E-10 5.2459E-10 5.1974E-10 5.1073E-10 5.0549E-10 4.9993E-10 4.9408E-10 4.8795E-10 4.8157E-10 4.7137E-10 4.6476E-10 4.5793E-10 4.5089E-10 4.4365E-10 4.3274E-10 4.2542E-10 4.1795E-10 4.1034E-10 4.0260E-10 3.9475E-10 3.8365E-10 3.7585E-10 3.6797E-10 3.6002E-10 3.5201E-10 3.4101E-10 3.3315E-10 3.2525E-10
1.6449E-08 1.8092E-08 1.9977E-08 2.2019E-08 2.4187E-08 2.6496E-08 2.8830E-08 3.1020E-08 3.2934E-08 3.4266E-08 3.4808E-08 3.4273E-08 3.2612E-08 2.9608E-08 2.4399E-08 1.8704E-08 1.2601E-08 3.3672E-09 2.0504E-09 1.3037E-09 6.9923E-10 5.9998E-10 5.2704E-10 5.1530E-10 5.0926E-10 5.0704E-10 5.0442E-10 5.0142E-10 4.9805E-10 4.9433E-10 4.8639E-10 4.8223E-10 4.7775E-10 4.7297E-10 4.6789E-10 4.6254E-10 4.5326E-10 4.4763E-10 4.4177E-10 4.3568E-10 4.2938E-10 4.2287E-10 4.1279E-10 4.0618E-10 3.9940E-10 3.9247E-10 3.8541E-10 3.7491E-10 3.6785E-10 3.6068E-10 3.5341E-10 3.4607E-10 3.3554E-10 3.2829E-10 3.2099E-10 3.1364E-10 3.0625E-10
1.3108E-08 1.4525E-08 1.6193E-08 1.8068E-08 2.0255E-08 2.2713E-08 2.5409E-08 2.8275E-08 3.1139E-08 3.3825E-08 3.6057E-08 3.7650E-08 3.8304E-08 3.7272E-08 3.4472E-08 2.5788E-08 1.7337E-08 6.2806E-09 2.0694E-09 1.2879E-09 8.7836E-10 6.6485E-10 5.0976E-10 4.7631E-10 4.7475E-10 4.7280E-10 4.7049E-10 4.6782E-10 4.6093E-10 4.5781E-10 4.5436E-10 4.5059E-10 4.4652E-10 4.4217E-10 4.3754E-10 4.2914E-10 4.2423E-10 4.1907E-10 4.1368E-10 4.0807E-10 3.9875E-10 3.9299E-10 3.8705E-10 3.8093E-10 3.7465E-10 3.6824E-10 3.5847E-10 3.5202E-10 3.4546E-10 3.3879E-10 3.3204E-10 3.2215E-10 3.1546E-10 3.0870E-10 3.0188E-10 2.9502E-10 2.8533E-10
