Assets/Resources/2015_m01_d05_1100(utc+0800)_l00_csi_1hr_conc.grd
DSAA
         159         159
     -79.000      79.000
     -79.000      79.000
  0.1054E-09  0.4118E-05
[rows 125 to 149 of 159, columns 0 to 56 of 159]
1.0439E-09 1.0524E-09 1.0607E-09 1.0688E-09 1.0767E-09 1.0987E-09 1.1064E-09 1.1140E-09 1.1361E-09 1.1435E-09 1.1506E-09 1.1575E-09 1.1641E-09 1.1704E-09 1.1765E-09 1.1823E-09 1.1879E-09 1.1931E-09 1.1980E-09 1.2026E-09 1.2069E-09 1.2268E-09 1.2305E-09 1.2498E-09 1.2529E-09 1.2556E-09 1.2579E-09 1.2597E-09 1.2611E-09 1.2621E-09 1.2835E-09 1.2836E-09 1.2832E-09 1.2821E-09 1.2805E-09 1.2782E-09 1.2750E-09 1.2710E-09 1.2661E-09 1.2603E-09 1.2536E-09 1.2250E-09 1.2165E-09 1.2071E-09 1.1967E-09 1.1854E-09 1.1729E-09 1.1436E-09 1.1293E-09 1.1139E-09 1.0814E-09 1.0642E-09 1.0462E-09 1.0274E-09 1.0079E-09 9.8768E-10 9.6688E-10
1.0223E-09 1.0305E-09 1.0387E-09 1.0466E-09 1.0543E-09 1.0619E-09 1.0693E-09 1.0905E-09 1.0976E-09 1.1046E-09 1.1113E-09 1.1326E-09 1.1390E-09 1.1452E-09 1.1512E-09 1.1568E-09 1.1622E-09 1.1673E-09 1.1721E-09 1.1766E-09 1.1807E-09 1.1846E-09 1.1881E-09 1.1912E-09 1.1940E-09 1.1964E-09 1.1984E-09 1.2000E-09 1.2173E-09 1.2182E-09 1.2186E-09 1.2185E-09 1.2180E-09 1.2329E-09 1.2312E-09 1.2290E-09 1.2260E-09 1.2062E-09 1.2015E-09 1.1959E-09 1.1894E-09 1.1821E-09 1.1739E-09 1.1486E-09 1.1387E-09 1.1279E-09 1.1160E-09 1.1032E-09 1.0896E-09 1.0749E-09 1.0590E-09 1.0424E-09 1.0249E-09 1.0067E-09 9.8782E-10 9.6828E-10 9.4816E-10
1.0010E-09 1.0090E-09 1.0170E-09 1.0247E-09 1.0323E-09 1.0396E-09 1.0468E-09 1.0538E-09 1.0606E-09 1.0672E-09 1.0876E-09 1.0939E-09 1.1000E-09 1.1059E-09 1.1262E-09 1.1317E-09 1.1370E-09 1.1420E-09 1.1466E-09 1.1510E-09 1.1551E-09 1.1588E-09 1.1622E-09 1.1653E-09 1.1680E-09 1.1703E-09 1.1723E-09 1.1738E-09 1.1750E-09 1.1758E-09 1.1761E-09 1.1760E-09 1.1755E-09 1.1745E-09 1.1729E-09 1.1707E-09 1.1679E-09 1.1642E-09 1.1597E-09 1.1543E-09 1.1480E-09 1.1409E-09 1.1330E-09 1.1241E-09 1.1144E-09 1.1039E-09 1.0925E-09 1.0800E-09 1.0667E-09 1.0526E-09 1.0374E-09 1.0212E-09 1.0043E-09 9.7277E-10 9.5496E-10 9.3656E-10 9.0558E-10
9.6718E-10 9.7485E-10 9.9557E-10 1.0031E-09 1.0105E-09 1.0177E-09 1.0247E-09 1.0315E-09 1.0382E-09 1.0446E-09 1.0508E-09 1.0568E-09 1.0626E-09 1.0682E-09 1.0876E-09 1.0928E-09 1.0978E-09 1.1025E-09 1.1069E-09 1.1258E-09 1.1298E-09 1.1335E-09 1.1368E-09 1.1398E-09 1.1424E-09 1.1447E-09 1.1466E-09 1.1481E-09 1.1493E-09 1.1500E-09 1.1504E-09 1.1503E-09 1.1498E-09 1.1488E-09 1.1473E-09 1.1453E-09 1.1425E-09 1.1391E-09 1.1348E-09 1.1296E-09 1.1235E-09 1.1165E-09 1.1088E-09 1.1003E-09 1.0908E-09 1.0806E-09 1.0695E-09 1.0575E-09 1.0446E-09 1.0161E-09 1.0016E-09 9.8633E-10 9.7035E-10 9.4057E-10 9.2378E-10 9.0646E-10 8.8865E-10
9.4701E-10 9.5449E-10 9.6182E-10 9.6898E-10 9.8908E-10 9.9610E-10 1.0029E-09 1.0096E-09 1.0161E-09 1.0223E-09 1.0284E-09 1.0343E-09 1.0399E-09 1.0454E-09 1.0505E-09 1.0555E-09 1.0602E-09 1.0647E-09 1.0829E-09 1.0869E-09 1.0907E-09 1.0941E-09 1.0973E-09 1.1001E-09 1.1026E-09 1.1195E-09 1.1214E-09 1.1229E-09 1.1240E-09 1.1248E-09 1.1251E-09 1.1250E-09 1.1245E-09 1.1236E-09 1.1222E-09 1.1203E-09 1.1177E-09 1.1145E-09 1.1105E-09 1.1055E-09 1.0996E-09 1.0929E-09 1.0705E-09 1.0623E-09 1.0532E-09 1.0433E-09 1.0326E-09 1.0212E-09 9.9458E-10 9.8149E-10 9.6771E-10 9.5325E-10 9.3816E-10 9.2246E-10 9.0619E-10 8.8941E-10 8.7216E-10
9.1514E-10 9.2224E-10 9.4159E-10 9.4858E-10 9.5541E-10 9.6207E-10 9.6857E-10 9.8801E-10 9.9432E-10 1.0004E-09 1.0064E-09 1.0121E-09 1.0176E-09 1.0229E-09 1.0280E-09 1.0328E-09 1.0374E-09 1.0417E-09 1.0458E-09 1.0497E-09 1.0532E-09 1.0565E-09 1.0595E-09 1.0622E-09 1.0645E-09 1.0807E-09 1.0824E-09 1.0839E-09 1.0849E-09 1.0856E-09 1.0859E-09 1.0858E-09 1.0853E-09 1.0844E-09 1.0831E-09 1.0813E-09 1.0790E-09 1.0759E-09 1.0721E-09 1.0675E-09 1.0620E-09 1.0556E-09 1.0342E-09 1.0262E-09 1.0175E-09 1.0080E-09 9.9769E-10 9.8672E-10 9.7489E-10 9.6216E-10 9.4876E-10 9.3473E-10 9.2007E-10 9.0485E-10 8.8908E-10 8.7282E-10 8.5612E-10
8.9604E-10 9.0298E-10 9.0977E-10 9.1641E-10 9.3516E-10 9.4166E-10 9.4799E-10 9.5416E-10 9.6015E-10 9.6596E-10 9.7159E-10 9.9025E-10 9.9564E-10 1.0008E-09 1.0058E-09 1.0105E-09 1.0150E-09 1.0192E-09 1.0232E-09 1.0270E-09 1.0304E-09 1.0337E-09 1.0366E-09 1.0392E-09 1.0415E-09 1.0435E-09 1.0452E-09 1.0465E-09 1.0476E-09 1.0482E-09 1.0485E-09 1.0484E-09 1.0479E-09 1.0471E-09 1.0458E-09 1.0441E-09 1.0419E-09 1.0391E-09 1.0356E-09 1.0314E-09 1.0262E-09 1.0201E-09 1.0132E-09 1.0054E-09 9.9696E-10 9.8774E-10 9.7772E-10 9.6703E-10 9.5562E-10 9.4338E-10 9.3035E-10 9.1672E-10 9.0249E-10 8.8772E-10 8.6066E-10 8.4536E-10 8.2965E-10
8.7725E-10 8.8402E-10 8.9064E-10 8.9712E-10 9.0345E-10 9.0963E-10 9.1565E-10 9.2151E-10 9.3961E-10 9.4528E-10 9.5077E-10 9.5608E-10 9.6120E-10 9.6611E-10 9.7082E-10 9.8853E-10 9.9292E-10 9.9707E-10 1.0010E-09 1.0046E-09 1.0081E-09 1.0112E-09 1.0141E-09 1.0167E-09 1.0189E-09 1.0209E-09 1.0226E-09 1.0239E-09 1.0249E-09 1.0255E-09 1.0258E-09 1.0258E-09 1.0253E-09 1.0245E-09 1.0233E-09 1.0217E-09 1.0196E-09 1.0171E-09 1.0138E-09 1.0098E-09 1.0051E-09 9.9924E-10 9.9263E-10 9.8511E-10 9.7688E-10 9.6800E-10 9.5829E-10 9.4788E-10 9.3685E-10 9.2506E-10 8.9945E-10 8.8657E-10 8.7315E-10 8.5922E-10 8.4482E-10 8.2998E-10 8.0434E-10
8.5877E-10 8.6537E-10 8.7183E-10 8.7814E-10 8.8432E-10 8.9035E-10 8.9622E-10 9.0194E-10 9.0749E-10 9.1289E-10 9.1811E-10 9.3549E-10 9.4049E-10 9.4529E-10 9.4989E-10 9.5428E-10 9.5845E-10 9.6241E-10 9.6613E-10 9.6962E-10 9.8605E-10 9.8913E-10 9.9195E-10 9.9448E-10 9.9674E-10 9.9869E-10 1.0003E-09 1.0016E-09 1.0026E-09 1.0033E-09 1.0036E-09 1.0036E-09 1.0032E-09 1.0024E-09 1.0013E-09 9.9970E-10 9.9774E-10 9.9535E-10 9.9238E-10 9.8862E-10 9.8421E-10 9.7882E-10 9.7247E-10 9.6538E-10 9.4411E-10 9.3555E-10 9.2633E-10 9.1629E-10 9.0565E-10 8.9441E-10 8.8244E-10 8.6992E-10 8.4518E-10 8.3203E-10 8.1845E-10 8.0447E-10 7.9014E-10
8.2926E-10 8.4703E-10 8.5333E-10 8.5949E-10 8.6551E-10 8.7139E-10 8.7712E-10 8.8269E-10 8.8812E-10 8.9338E-10 8.9847E-10 9.0340E-10 9.0816E-10 9.1274E-10 9.1713E-10 9.3361E-10 9.3769E-10 9.4156E-10 9.4520E-10 9.4862E-10 9.5181E-10 9.5475E-10 9.5744E-10 9.5987E-10 9.6202E-10 9.6390E-10 9.6548E-10 9.6676E-10 9.6771E-10 9.6835E-10 9.6867E-10 9.6865E-10 9.6828E-10 9.6757E-10 9.6648E-10 9.6503E-10 9.6320E-10 9.6093E-10 9.5824E-10 9.5485E-10 9.5071E-10 9.4590E-10 9.3999E-10 9.3321E-10 9.2564E-10 9.1728E-10 9.0837E-10 8.9870E-10 8.7597E-10 8.6517E-10 8.5384E-10 8.4200E-10 8.2969E-10 8.1693E-10 8.0375E-10 7.9019E-10 7.7628E-10
8.0093E-10 8.0690E-10 8.2392E-10 8.2978E-10 8.4702E-10 8.5276E-10 8.5834E-10 8.6378E-10 8.6907E-10 8.7420E-10 8.7918E-10 8.8399E-10 8.8863E-10 8.9310E-10 8.9739E-10 9.0149E-10 9.0539E-10 9.0908E-10 9.1256E-10 9.1583E-10 9.1887E-10 9.2170E-10 9.3664E-10 9.3903E-10 9.4116E-10 9.4302E-10 9.4458E-10 9.4585E-10 9.4682E-10 9.4749E-10 9.4782E-10 9.4782E-10 9.4751E-10 9.4684E-10 9.4582E-10 9.4445E-10 9.4269E-10 9.4055E-10 9.3801E-10 9.3495E-10 9.3111E-10 9.2656E-10 9.0885E-10 9.0248E-10 8.9538E-10 8.8736E-10 8.7875E-10 8.6957E-10 8.5962E-10 8.4910E-10 8.3808E-10 8.2657E-10 8.1460E-10 8.0221E-10 7.8942E-10 7.7626E-10 7.6277E-10
7.8419E-10 7.9001E-10 7.9571E-10 8.0129E-10 8.0674E-10 8.2323E-10 8.2854E-10 8.3372E-10 8.5036E-10 8.5537E-10 8.6022E-10 8.6491E-10 8.6944E-10 8.7381E-10 8.7801E-10 8.8202E-10 8.8583E-10 8.8945E-10 8.9286E-10 8.9606E-10 8.9905E-10 9.0181E-10 9.0435E-10 9.0665E-10 9.0871E-10 9.1049E-10 9.1202E-10 9.1327E-10 9.1422E-10 9.1486E-10 9.1521E-10 9.1526E-10 9.1496E-10 9.1435E-10 9.1341E-10 9.1212E-10 9.1049E-10 9.0848E-10 9.0608E-10 9.0328E-10 8.9986E-10 8.9564E-10 8.9083E-10 8.8489E-10 8.7807E-10 8.7053E-10 8.6213E-10 8.5323E-10 8.4371E-10 8.3346E-10 8.2273E-10 8.1154E-10 7.9991E-10 7.7731E-10 7.6526E-10 7.4331E-10 7.3100E-10
7.6775E-10 7.7342E-10 7.7898E-10 7.8442E-10 7.8974E-10 7.9493E-10 7.9999E-10 8.0493E-10 8.2082E-10 8.2559E-10 8.3021E-10 8.3468E-10 8.5060E-10 8.5486E-10 8.5896E-10 8.6289E-10 8.6663E-10 8.7017E-10 8.7351E-10 8.7665E-10 8.7958E-10 8.8229E-10 8.8479E-10 8.8705E-10 8.8908E-10 8.9086E-10 8.9238E-10 8.9362E-10 8.9459E-10 8.9527E-10 8.9564E-10 8.9571E-10 8.9547E-10 8.9492E-10 8.9403E-10 8.9282E-10 8.9127E-10 8.8935E-10 8.8709E-10 8.8442E-10 8.8134E-10 8.7749E-10 8.7289E-10 8.6760E-10 8.6119E-10 8.5397E-10 8.4595E-10 8.3726E-10 8.2810E-10 8.0668E-10 7.9654E-10 7.8597E-10 7.6466E-10 7.5364E-10 7.4229E-10 7.3062E-10 7.1867E-10
7.2631E-10 7.5713E-10 7.6255E-10 7.6785E-10 7.7304E-10 7.7810E-10 7.8304E-10 7.8785E-10 7.9253E-10 7.9708E-10 8.0148E-10 8.0575E-10 8.2095E-10 8.2501E-10 8.2893E-10 8.3268E-10 8.3626E-10 8.5123E-10 8.5451E-10 8.5759E-10 8.6046E-10 8.6313E-10 8.6558E-10 8.6781E-10 8.6981E-10 8.7158E-10 8.7309E-10 8.7435E-10 8.7533E-10 8.7602E-10 8.7643E-10 8.7654E-10 8.7635E-10 8.7584E-10 8.7503E-10 8.7389E-10 8.7241E-10 8.7061E-10 8.6844E-10 8.6591E-10 8.6301E-10 8.5958E-10 8.5531E-10 8.5038E-10 8.3294E-10 8.2615E-10 8.1871E-10 8.1035E-10 7.9040E-10 7.8123E-10 7.7165E-10 7.6166E-10 7.5131E-10 7.4060E-10 7.2956E-10 7.1823E-10 6.5858E-10
7.0109E-10 7.0607E-10 7.2146E-10 7.2635E-10 7.5664E-10 7.6158E-10 7.6640E-10 7.7109E-10 7.7566E-10 7.8009E-10 7.8439E-10 7.8856E-10 7.9258E-10 7.9646E-10 8.0020E-10 8.0379E-10 8.0722E-10 8.1048E-10 8.2467E-10 8.2763E-10 8.3039E-10 8.3295E-10 8.3531E-10 8.3747E-10 8.3941E-10 8.4112E-10 8.4261E-10 8.5542E-10 8.5642E-10 8.5715E-10 8.5759E-10 8.5773E-10 8.5758E-10 8.5714E-10 8.4479E-10 8.4374E-10 8.4238E-10 8.4070E-10 8.3869E-10 8.3634E-10 8.3360E-10 8.3049E-10 8.1559E-10 8.1107E-10 8.0599E-10 7.9972E-10 7.9264E-10 7.8486E-10 7.7634E-10 7.6740E-10 7.5807E-10 7.4836E-10 7.3828E-10 6.5659E-10 6.2384E-10 6.1659E-10 5.9707E-10
6.1932E-10 6.4531E-10 6.7271E-10 7.0105E-10 7.0561E-10 7.2054E-10 7.2499E-10 7.2933E-10 7.5910E-10 7.6342E-10 7.6762E-10 7.7168E-10 7.7561E-10 7.7940E-10 7.8305E-10 7.8655E-10 7.8992E-10 7.9311E-10 7.9614E-10 7.9898E-10 8.0164E-10 8.0412E-10 8.0640E-10 8.0848E-10 8.1037E-10 8.1204E-10 8.1349E-10 8.1472E-10 8.1570E-10 8.1642E-10 8.1688E-10 8.1708E-10 8.1700E-10 8.1662E-10 8.1596E-10 8.1501E-10 8.1375E-10 8.1220E-10 8.1033E-10 8.0812E-10 8.0559E-10 8.0270E-10 7.9937E-10 7.9526E-10 7.9041E-10 7.8487E-10 7.7818E-10 7.7082E-10 7.6263E-10 7.2335E-10 6.6808E-10 6.3418E-10 6.2774E-10 6.1173E-10 5.9708E-10 5.8860E-10 5.8021E-10
5.9489E-10 6.0518E-10 6.0912E-10 6.1962E-10 6.2346E-10 6.4905E-10 6.7598E-10 7.0383E-10 7.0786E-10 7.2226E-10 7.2615E-10 7.2992E-10 7.3357E-10 7.6266E-10 7.6623E-10 7.6965E-10 7.7293E-10 7.7607E-10 7.7904E-10 7.8183E-10 7.8445E-10 7.8689E-10 7.8913E-10 7.9119E-10 7.9305E-10 7.9471E-10 7.9616E-10 7.9739E-10 7.9837E-10 7.9913E-10 7.9964E-10 7.9986E-10 7.9982E-10 7.9951E-10 7.9892E-10 7.9803E-10 7.9686E-10 7.9539E-10 7.9361E-10 7.9154E-10 7.8912E-10 7.8637E-10 7.8327E-10 7.7961E-10 7.4951E-10 7.4460E-10 6.8157E-10 6.5238E-10 6.4165E-10 6.2583E-10 6.2029E-10 6.0995E-10 5.9977E-10 5.9159E-10 5.8084E-10 5.7059E-10 5.5619E-10
5.6002E-10 5.8773E-10 5.9152E-10 5.9525E-10 5.9891E-10 6.0880E-10 6.1235E-10 6.1582E-10 6.2586E-10 6.2921E-10 6.5427E-10 6.8063E-10 6.8396E-10 7.1122E-10 7.2495E-10 7.2815E-10 7.3121E-10 7.3415E-10 7.3695E-10 7.3959E-10 7.6759E-10 7.6998E-10 7.7220E-10 7.7423E-10 7.7606E-10 7.7771E-10 7.7915E-10 7.8038E-10 7.8140E-10 7.8216E-10 7.8269E-10 7.8297E-10 7.8299E-10 7.8273E-10 7.8219E-10 7.8139E-10 7.8030E-10 7.5337E-10 7.5179E-10 7.4992E-10 7.4775E-10 6.6335E-10 6.6103E-10 6.5839E-10 6.3877E-10 6.3501E-10 6.3085E-10 6.2616E-10 6.1628E-10 6.0861E-10 6.0126E-10 5.9341E-10 5.7965E-10 5.6356E-10 4.9798E-10 4.6710E-10 4.6289E-10
5.4425E-10 5.4774E-10 5.5117E-10 5.5453E-10 5.6378E-10 5.9124E-10 5.9467E-10 5.9803E-10 6.0131E-10 6.0451E-10 6.0763E-10 6.1067E-10 6.1996E-10 6.2285E-10 6.2566E-10 6.2838E-10 6.3768E-10 6.4023E-10 6.6448E-10 6.6688E-10 6.6914E-10 6.9439E-10 7.3087E-10 7.3280E-10 7.3457E-10 7.3615E-10 7.3756E-10 7.3876E-10 7.3977E-10 7.4057E-10 7.4115E-10 7.1835E-10 6.9449E-10 6.6599E-10 6.5946E-10 6.5905E-10 6.4794E-10 6.4711E-10 6.4602E-10 6.3872E-10 6.3718E-10 6.3536E-10 6.3327E-10 6.3090E-10 6.2279E-10 6.1951E-10 6.1270E-10 6.0601E-10 5.9403E-10 5.8656E-10 5.4559E-10 4.9765E-10 4.6809E-10 4.6337E-10 4.5711E-10 4.5089E-10 4.4830E-10
4.6553E-10 4.9442E-10 4.9738E-10 5.2220E-10 5.4792E-10 5.5110E-10 5.5422E-10 5.5727E-10 5.6026E-10 5.8727E-10 5.9030E-10 5.9920E-10 6.0209E-10 6.0490E-10 6.0763E-10 6.1028E-10 6.1283E-10 6.1530E-10 6.1768E-10 6.1996E-10 6.2212E-10 6.2416E-10 6.2607E-10 6.2785E-10 6.2950E-10 6.3101E-10 6.3237E-10 6.3359E-10 6.3466E-10 6.3556E-10 6.3626E-10 6.3679E-10 6.3117E-10 6.3130E-10 6.3122E-10 6.3093E-10 6.3043E-10 6.2967E-10 6.2869E-10 6.2748E-10 6.2045E-10 6.1879E-10 6.1686E-10 6.1470E-10 6.0640E-10 5.9560E-10 5.6844E-10 5.0739E-10 4.7899E-10 4.6484E-10 4.6006E-10 4.5572E-10 4.4672E-10 4.4634E-10 4.4370E-10 4.3533E-10 4.3094E-10
4.4643E-10 4.5503E-10 4.5768E-10 4.6029E-10 4.6916E-10 4.7175E-10 4.9492E-10 5.1935E-10 5.2768E-10 5.5311E-10 5.5591E-10 5.5864E-10 5.6130E-10 5.6389E-10 5.6641E-10 5.9296E-10 5.9545E-10 5.9786E-10 6.0018E-10 6.0241E-10 6.0454E-10 6.0656E-10 6.0845E-10 6.1021E-10 6.1185E-10 6.1335E-10 6.1472E-10 6.1595E-10 6.1703E-10 6.1795E-10 6.1871E-10 6.1929E-10 6.1967E-10 6.1427E-10 6.1428E-10 6.1407E-10 6.1363E-10 6.1299E-10 6.1212E-10 6.1101E-10 5.8215E-10 5.7254E-10 5.3343E-10 4.8529E-10 4.8203E-10 4.7198E-10 4.5800E-10 4.5595E-10 4.5157E-10 4.4662E-10 4.4174E-10 4.3902E-10 4.3082E-10 4.2991E-10 4.2519E-10 4.2280E-10 4.2012E-10
4.2910E-10 4.3727E-10 4.3980E-10 4.4753E-10 4.5002E-10 4.5249E-10 4.5492E-10 4.6330E-10 4.6569E-10 4.6805E-10 4.7666E-10 4.7896E-10 5.0181E-10 5.0412E-10 5.2821E-10 5.5313E-10 5.5544E-10 5.5769E-10 5.5987E-10 5.6197E-10 5.6399E-10 5.6592E-10 5.6774E-10 5.6944E-10 5.7103E-10 5.7251E-10 5.7386E-10 5.7509E-10 5.7619E-10 5.7715E-10 5.7797E-10 5.7861E-10 5.7911E-10 5.7941E-10 5.7952E-10 5.7419E-10 5.0249E-10 4.9268E-10 4.8538E-10 4.8518E-10 4.8089E-10 4.7071E-10 4.6302E-10 4.5848E-10 4.4676E-10 4.4172E-10 4.4169E-10 4.3889E-10 4.3371E-10 4.2959E-10 4.2518E-10 4.2135E-10 4.1923E-10 4.1335E-10 4.1096E-10 4.1169E-10 4.1234E-10
4.2297E-10 4.2544E-10 4.2789E-10 4.3031E-10 4.3271E-10 4.3507E-10 4.4304E-10 4.4537E-10 4.4767E-10 4.4994E-10 4.5218E-10 4.5437E-10 4.6176E-10 4.6390E-10 4.6600E-10 4.6805E-10 4.7007E-10 4.7803E-10 4.7997E-10 4.8186E-10 4.8371E-10 4.8550E-10 4.8721E-10 4.8884E-10 4.9039E-10 4.9184E-10 4.8797E-10 4.8326E-10 4.8446E-10 4.8555E-10 4.8654E-10 4.8741E-10 4.8416E-10 4.8479E-10 4.7774E-10 4.7260E-10 4.6881E-10 4.6477E-10 4.5744E-10 4.5317E-10 4.4864E-10 4.3562E-10 4.3591E-10 4.3612E-10 4.3329E-10 4.3089E-10 4.2361E-10 4.2085E-10 4.1937E-10 4.1383E-10 4.0609E-10 4.0356E-10 4.0449E-10 4.0535E-10 4.0613E-10 4.0684E-10 4.0747E-10
4.0694E-10 4.0932E-10 4.1166E-10 4.1928E-10 4.2650E-10 4.2882E-10 4.3111E-10 4.3338E-10 4.3561E-10 4.3782E-10 4.3999E-10 4.4213E-10 4.4423E-10 4.4631E-10 4.4834E-10 4.5034E-10 4.5231E-10 4.5423E-10 4.5612E-10 4.6361E-10 4.6542E-10 4.6719E-10 4.6325E-10 4.6488E-10 4.6643E-10 4.6789E-10 4.6928E-10 4.6662E-10 4.6784E-10 4.6490E-10 4.6231E-10 4.5417E-10 4.5073E-10 4.5157E-10 4.4779E-10 4.3563E-10 4.3629E-10 4.3684E-10 4.2883E-10 4.2943E-10 4.2993E-10 4.2710E-10 4.1985E-10 4.1713E-10 4.1431E-10 4.0929E-10 4.1000E-10 3.9843E-10 3.9577E-10 3.9687E-10 3.9791E-10 3.9888E-10 3.9978E-10 4.0061E-10 4.0137E-10 4.0205E-10 4.0265E-10
3.8799E-10 3.9460E-10 3.9687E-10 4.0361E-10 4.1050E-10 4.1274E-10 4.1495E-10 4.1714E-10 4.1930E-10 4.2143E-10 4.2353E-10 4.2561E-10 4.3295E-10 4.3498E-10 4.3697E-10 4.3893E-10 4.4086E-10 4.4275E-10 4.4460E-10 4.4641E-10 4.4424E-10 4.4599E-10 4.4363E-10 4.4107E-10 4.3902E-10 4.3621E-10 4.3768E-10 4.2928E-10 4.2597E-10 4.2724E-10 4.2843E-10 4.2650E-10 4.2755E-10 4.2851E-10 4.2688E-10 4.2112E-10 4.2203E-10 4.1787E-10 4.1521E-10 4.0941E-10 4.1021E-10 4.0734E-10 4.0207E-10 3.9852E-10 3.9218E-10 3.8769E-10 3.8893E-10 3.9012E-10 3.9125E-10 3.9231E-10 3.9332E-10 3.9426E-10 3.9513E-10 3.9593E-10 3.9666E-10 3.9732E-10 3.9790E-10
