Assets/Resources/2015_m01_d08_1200(utc+0800)_l00_csi_1hr_conc.grd
DSAA
         159         159
     -79.000      79.000
     -79.000      79.000
  0.7789E-10  0.3653E-05
[rows 50 to 74 of 159, columns 0 to 56 of 159]
1.1799E-10 1.2401E-10 1.3030E-10 1.3686E-10 1.4371E-10 1.5086E-10 1.5831E-10 1.6608E-10 1.7484E-10 1.8398E-10 1.9353E-10 2.0353E-10 2.1435E-10 2.2611E-10 2.3972E-10 2.5876E-10 2.8150E-10 3.0843E-10 3.3388E-10 3.5750E-10 3.8178E-10 4.0729E-10 4.3221E-10 4.5716E-10 4.8304E-10 5.1083E-10 5.3964E-10 5.7001E-10 6.0204E-10 6.3623E-10 6.7177E-10 7.0869E-10 7.4853E-10 7.8993E-10 8.3392E-10 8.7951E-10 9.2859E-10 9.7967E-10 1.0327E-09 1.0898E-09 1.1481E-09 1.2094E-09 1.2738E-09 1.3399E-09 1.4108E-09 1.4826E-09 1.5585E-09 1.6368E-09 1.7180E-09 1.8030E-09 1.8903E-09 1.9826E-09 2.0778E-09 2.1770E-09 2.2788E-09 2.3825E-09 2.4902E-09
1.1757E-10 1.2357E-10 1.2984E-10 1.3638E-10 1.4322E-10 1.5034E-10 1.5778E-10 1.6553E-10 1.7427E-10 1.8341E-10 1.9294E-10 2.0292E-10 2.1374E-10 2.2658E-10 2.4195E-10 2.6191E-10 2.8207E-10 3.0883E-10 3.3545E-10 3.6046E-10 3.8558E-10 4.0830E-10 4.3345E-10 4.5907E-10 4.8518E-10 5.1276E-10 5.4183E-10 5.7296E-10 6.0483E-10 6.3937E-10 6.7528E-10 7.1354E-10 7.5287E-10 7.9480E-10 8.3979E-10 8.8671E-10 9.3653E-10 9.8789E-10 1.0422E-09 1.0996E-09 1.1586E-09 1.2216E-09 1.2859E-09 1.3535E-09 1.4247E-09 1.4980E-09 1.5750E-09 1.6537E-09 1.7375E-09 1.8226E-09 1.9136E-09 2.0077E-09 2.1047E-09 2.2058E-09 2.3081E-09 2.4146E-09 2.5233E-09
1.1710E-10 1.2308E-10 1.2933E-10 1.3586E-10 1.4267E-10 1.4978E-10 1.5719E-10 1.6492E-10 1.7364E-10 1.8276E-10 1.9228E-10 2.0224E-10 2.1306E-10 2.2591E-10 2.4173E-10 2.6355E-10 2.8581E-10 3.0912E-10 3.3600E-10 3.6215E-10 3.8748E-10 4.1097E-10 4.3541E-10 4.6034E-10 4.8711E-10 5.1445E-10 5.4423E-10 5.7519E-10 6.0781E-10 6.4221E-10 6.7847E-10 7.1713E-10 7.5753E-10 8.0088E-10 8.4565E-10 8.9323E-10 9.4379E-10 9.9581E-10 1.0518E-09 1.1089E-09 1.1690E-09 1.2323E-09 1.2973E-09 1.3671E-09 1.4378E-09 1.5128E-09 1.5901E-09 1.6712E-09 1.7554E-09 1.8442E-09 1.9371E-09 2.0318E-09 2.1313E-09 2.2327E-09 2.3372E-09 2.4452E-09 2.5540E-09
1.1659E-10 1.2255E-10 1.2878E-10 1.3528E-10 1.4207E-10 1.4915E-10 1.5654E-10 1.6424E-10 1.7295E-10 1.8204E-10 1.9154E-10 2.0149E-10 2.1271E-10 2.2515E-10 2.4375E-10 2.6300E-10 2.8755E-10 3.1350E-10 3.3605E-10 3.6245E-10 3.8800E-10 4.1167E-10 4.3629E-10 4.6139E-10 4.8837E-10 5.1637E-10 5.4593E-10 5.7714E-10 6.1051E-10 6.4523E-10 6.8181E-10 7.2068E-10 7.6194E-10 8.0596E-10 8.5132E-10 9.0052E-10 9.5077E-10 1.0039E-09 1.0600E-09 1.1176E-09 1.1789E-09 1.2423E-09 1.3087E-09 1.3787E-09 1.4502E-09 1.5268E-09 1.6044E-09 1.6882E-09 1.7746E-09 1.8656E-09 1.9593E-09 2.0561E-09 2.1564E-09 2.2588E-09 2.3653E-09 2.4735E-09 2.5837E-09
1.1604E-10 1.2198E-10 1.2818E-10 1.3466E-10 1.4142E-10 1.4848E-10 1.5583E-10 1.6414E-10 1.7219E-10 1.8126E-10 1.9073E-10 2.0066E-10 2.1225E-10 2.2511E-10 2.4300E-10 2.6507E-10 2.8828E-10 3.1451E-10 3.3862E-10 3.6348E-10 3.8835E-10 4.1264E-10 4.3697E-10 4.6268E-10 4.8940E-10 5.1759E-10 5.4784E-10 5.7881E-10 6.1245E-10 6.4749E-10 6.8531E-10 7.2445E-10 7.6677E-10 8.1089E-10 8.5729E-10 9.0664E-10 9.5737E-10 1.0115E-09 1.0676E-09 1.1258E-09 1.1881E-09 1.2517E-09 1.3195E-09 1.3895E-09 1.4632E-09 1.5395E-09 1.6202E-09 1.7060E-09 1.7941E-09 1.8866E-09 1.9807E-09 2.0799E-09 2.1806E-09 2.2845E-09 2.3921E-09 2.5007E-09 2.6130E-09
1.1545E-10 1.2136E-10 1.2754E-10 1.3398E-10 1.4072E-10 1.4774E-10 1.5507E-10 1.6335E-10 1.7200E-10 1.8041E-10 1.8986E-10 2.0014E-10 2.1133E-10 2.2502E-10 2.4331E-10 2.6472E-10 2.9170E-10 3.1658E-10 3.3969E-10 3.6526E-10 3.8941E-10 4.1296E-10 4.3790E-10 4.6330E-10 4.9018E-10 5.1901E-10 5.4902E-10 5.8067E-10 6.1420E-10 6.5006E-10 6.8850E-10 7.2862E-10 7.7146E-10 8.1560E-10 8.6256E-10 9.1233E-10 9.6343E-10 1.0185E-09 1.0746E-09 1.1338E-09 1.1963E-09 1.2605E-09 1.3296E-09 1.3997E-09 1.4753E-09 1.5535E-09 1.6376E-09 1.7229E-09 1.8133E-09 1.9059E-09 2.0019E-09 2.1020E-09 2.2033E-09 2.3099E-09 2.4169E-09 2.5269E-09 2.6400E-09
1.1481E-10 1.2070E-10 1.2684E-10 1.3326E-10 1.3997E-10 1.4696E-10 1.5426E-10 1.6250E-10 1.7112E-10 1.8013E-10 1.8891E-10 1.9917E-10 2.1073E-10 2.2403E-10 2.4321E-10 2.6535E-10 2.9143E-10 3.1739E-10 3.4180E-10 3.6637E-10 3.9032E-10 4.1401E-10 4.3816E-10 4.6417E-10 4.9072E-10 5.1973E-10 5.4991E-10 5.8248E-10 6.1681E-10 6.5268E-10 6.9158E-10 7.3220E-10 7.7550E-10 8.2008E-10 8.6835E-10 9.1749E-10 9.6950E-10 1.0245E-09 1.0811E-09 1.1418E-09 1.2038E-09 1.2692E-09 1.3383E-09 1.4105E-09 1.4881E-09 1.5685E-09 1.6530E-09 1.7403E-09 1.8314E-09 1.9247E-09 2.0233E-09 2.1227E-09 2.2260E-09 2.3325E-09 2.4401E-09 2.5516E-09 2.6643E-09
1.1414E-10 1.1999E-10 1.2611E-10 1.3250E-10 1.3916E-10 1.4612E-10 1.5338E-10 1.6160E-10 1.7018E-10 1.7916E-10 1.8789E-10 1.9812E-10 2.0966E-10 2.2335E-10 2.4334E-10 2.6488E-10 2.9105E-10 3.1717E-10 3.4263E-10 3.6731E-10 3.9015E-10 4.1395E-10 4.3821E-10 4.6434E-10 4.9149E-10 5.2018E-10 5.5094E-10 5.8418E-10 6.1895E-10 6.5618E-10 6.9455E-10 7.3559E-10 7.7926E-10 8.2460E-10 8.7269E-10 9.2216E-10 9.7502E-10 1.0299E-09 1.0869E-09 1.1481E-09 1.2105E-09 1.2779E-09 1.3474E-09 1.4236E-09 1.5008E-09 1.5838E-09 1.6680E-09 1.7566E-09 1.8486E-09 1.9434E-09 2.0421E-09 2.1426E-09 2.2479E-09 2.3536E-09 2.4625E-09 2.5743E-09 2.6868E-09
1.1343E-10 1.1925E-10 1.2533E-10 1.3168E-10 1.3831E-10 1.4524E-10 1.5246E-10 1.6063E-10 1.6918E-10 1.7811E-10 1.8681E-10 1.9700E-10 2.0919E-10 2.2326E-10 2.4224E-10 2.6499E-10 2.9016E-10 3.1644E-10 3.4204E-10 3.6686E-10 3.9025E-10 4.1369E-10 4.3849E-10 4.6428E-10 4.9159E-10 5.2145E-10 5.5224E-10 5.8588E-10 6.2104E-10 6.5862E-10 6.9788E-10 7.3965E-10 7.8258E-10 8.2816E-10 8.7656E-10 9.2629E-10 9.7998E-10 1.0348E-09 1.0926E-09 1.1537E-09 1.2169E-09 1.2864E-09 1.3580E-09 1.4349E-09 1.5133E-09 1.5971E-09 1.6820E-09 1.7730E-09 1.8647E-09 1.9620E-09 2.0602E-09 2.1618E-09 2.2670E-09 2.3731E-09 2.4839E-09 2.5947E-09 2.7082E-09
1.1267E-10 1.1846E-10 1.2451E-10 1.3082E-10 1.3742E-10 1.4430E-10 1.5148E-10 1.5961E-10 1.6812E-10 1.7701E-10 1.8633E-10 1.9648E-10 2.0797E-10 2.2376E-10 2.4381E-10 2.6475E-10 2.9153E-10 3.1556E-10 3.4220E-10 3.6623E-10 3.8971E-10 4.1367E-10 4.3810E-10 4.6416E-10 4.9261E-10 5.2243E-10 5.5401E-10 5.8755E-10 6.2300E-10 6.6095E-10 7.0038E-10 7.4232E-10 7.8545E-10 8.3223E-10 8.7989E-10 9.3040E-10 9.8390E-10 1.0390E-09 1.0982E-09 1.1593E-09 1.2260E-09 1.2958E-09 1.3694E-09 1.4461E-09 1.5265E-09 1.6099E-09 1.6975E-09 1.7875E-09 1.8810E-09 1.9783E-09 2.0768E-09 2.1805E-09 2.2846E-09 2.3918E-09 2.5021E-09 2.6131E-09 2.7275E-09
1.1188E-10 1.1763E-10 1.2364E-10 1.2992E-10 1.3647E-10 1.4331E-10 1.5044E-10 1.5854E-10 1.6700E-10 1.7584E-10 1.8511E-10 1.9522E-10 2.0735E-10 2.2246E-10 2.4360E-10 2.6630E-10 2.9219E-10 3.1668E-10 3.4130E-10 3.6632E-10 3.8987E-10 4.1300E-10 4.3827E-10 4.6447E-10 4.9329E-10 5.2339E-10 5.5576E-10 5.8959E-10 6.2482E-10 6.6290E-10 7.0245E-10 7.4458E-10 7.8836E-10 8.3485E-10 8.8273E-10 9.3395E-10 9.8722E-10 1.0426E-09 1.1030E-09 1.1663E-09 1.2348E-09 1.3047E-09 1.3800E-09 1.4563E-09 1.5388E-09 1.6224E-09 1.7113E-09 1.8016E-09 1.8963E-09 1.9932E-09 2.0931E-09 2.1963E-09 2.3005E-09 2.4096E-09 2.5186E-09 2.6295E-09 2.7448E-09
1.1106E-10 1.1677E-10 1.2273E-10 1.2897E-10 1.3548E-10 1.4227E-10 1.4936E-10 1.5740E-10 1.6582E-10 1.7461E-10 1.8384E-10 1.9431E-10 2.0599E-10 2.2107E-10 2.4260E-10 2.6851E-10 2.9268E-10 3.1731E-10 3.4239E-10 3.6624E-10 3.8897E-10 4.1261E-10 4.3839E-10 4.6534E-10 4.9397E-10 5.2432E-10 5.5699E-10 5.9098E-10 6.2723E-10 6.6445E-10 7.0415E-10 7.4640E-10 7.9031E-10 8.3700E-10 8.8502E-10 9.3694E-10 9.9005E-10 1.0469E-09 1.1094E-09 1.1732E-09 1.2427E-09 1.3133E-09 1.3891E-09 1.4676E-09 1.5499E-09 1.6348E-09 1.7240E-09 1.8145E-09 1.9104E-09 2.0071E-09 2.1085E-09 2.2106E-09 2.3158E-09 2.4242E-09 2.5332E-09 2.6458E-09 2.7597E-09
1.1019E-10 1.1586E-10 1.2179E-10 1.2798E-10 1.3444E-10 1.4119E-10 1.4823E-10 1.5622E-10 1.6458E-10 1.7332E-10 1.8249E-10 1.9330E-10 2.0534E-10 2.2108E-10 2.4262E-10 2.6749E-10 2.9505E-10 3.1723E-10 3.4208E-10 3.6519E-10 3.8853E-10 4.1254E-10 4.3857E-10 4.6578E-10 4.9462E-10 5.2523E-10 5.5798E-10 5.9201E-10 6.2834E-10 6.6613E-10 7.0637E-10 7.4778E-10 7.9182E-10 8.3862E-10 8.8678E-10 9.3927E-10 9.9416E-10 1.0536E-09 1.1154E-09 1.1810E-09 1.2502E-09 1.3228E-09 1.3986E-09 1.4781E-09 1.5605E-09 1.6469E-09 1.7355E-09 1.8273E-09 1.9227E-09 2.0202E-09 2.1213E-09 2.2234E-09 2.3294E-09 2.4370E-09 2.5461E-09 2.6596E-09 2.7727E-09
1.0929E-10 1.1492E-10 1.2080E-10 1.2694E-10 1.3336E-10 1.4006E-10 1.4704E-10 1.5498E-10 1.6329E-10 1.7198E-10 1.8109E-10 1.9184E-10 2.0422E-10 2.2034E-10 2.4109E-10 2.6745E-10 2.9398E-10 3.1833E-10 3.4096E-10 3.6467E-10 3.8831E-10 4.1297E-10 4.3881E-10 4.6619E-10 4.9570E-10 5.2586E-10 5.5863E-10 5.9271E-10 6.2910E-10 6.6692E-10 7.0725E-10 7.4872E-10 7.9379E-10 8.3975E-10 8.8914E-10 9.4299E-10 9.9889E-10 1.0593E-09 1.1216E-09 1.1887E-09 1.2575E-09 1.3319E-09 1.4072E-09 1.4884E-09 1.5705E-09 1.6578E-09 1.7462E-09 1.8396E-09 1.9338E-09 2.0323E-09 2.1326E-09 2.2347E-09 2.3415E-09 2.4484E-09 2.5591E-09 2.6709E-09 2.7836E-09
1.0836E-10 1.1394E-10 1.1977E-10 1.2587E-10 1.3223E-10 1.3888E-10 1.4581E-10 1.5370E-10 1.6195E-10 1.7057E-10 1.7962E-10 1.9031E-10 2.0264E-10 2.1912E-10 2.3984E-10 2.6585E-10 2.9241E-10 3.1718E-10 3.4156E-10 3.6476E-10 3.8814E-10 4.1301E-10 4.3902E-10 4.6699E-10 4.9603E-10 5.2664E-10 5.5898E-10 5.9307E-10 6.2947E-10 6.6734E-10 7.0770E-10 7.4919E-10 7.9436E-10 8.4130E-10 8.9300E-10 9.4692E-10 1.0035E-09 1.0646E-09 1.1269E-09 1.1954E-09 1.2648E-09 1.3396E-09 1.4158E-09 1.4972E-09 1.5795E-09 1.6673E-09 1.7558E-09 1.8494E-09 1.9437E-09 2.0429E-09 2.1424E-09 2.2460E-09 2.3514E-09 2.4583E-09 2.5695E-09 2.6803E-09 2.7936E-09
1.0739E-10 1.1292E-10 1.1871E-10 1.2475E-10 1.3107E-10 1.3766E-10 1.4453E-10 1.5236E-10 1.6055E-10 1.6911E-10 1.7809E-10 1.8872E-10 2.0099E-10 2.1743E-10 2.3811E-10 2.6418E-10 2.9128E-10 3.1645E-10 3.4108E-10 3.6448E-10 3.8847E-10 4.1309E-10 4.3913E-10 4.6705E-10 4.9608E-10 5.2716E-10 5.5900E-10 5.9307E-10 6.2950E-10 6.6735E-10 7.0773E-10 7.4992E-10 7.9592E-10 8.4431E-10 8.9674E-10 9.5095E-10 1.0078E-09 1.0693E-09 1.1330E-09 1.2017E-09 1.2724E-09 1.3472E-09 1.4249E-09 1.5052E-09 1.5894E-09 1.6758E-09 1.7658E-09 1.8581E-09 1.9530E-09 2.0514E-09 2.1510E-09 2.2555E-09 2.3600E-09 2.4674E-09 2.5776E-09 2.6894E-09 2.8058E-09
1.0639E-10 1.1187E-10 1.1761E-10 1.2360E-10 1.2986E-10 1.3639E-10 1.4321E-10 1.5097E-10 1.5910E-10 1.6760E-10 1.7651E-10 1.8707E-10 1.9928E-10 2.1566E-10 2.3646E-10 2.6307E-10 2.9048E-10 3.1585E-10 3.4070E-10 3.6424E-10 3.8839E-10 4.1298E-10 4.3896E-10 4.6687E-10 4.9587E-10 5.2690E-10 5.5920E-10 5.9371E-10 6.2913E-10 6.6697E-10 7.0775E-10 7.5134E-10 7.9837E-10 8.4702E-10 9.0020E-10 9.5457E-10 1.0131E-09 1.0746E-09 1.1391E-09 1.2079E-09 1.2804E-09 1.3540E-09 1.4328E-09 1.5126E-09 1.5975E-09 1.6833E-09 1.7741E-09 1.8656E-09 1.9619E-09 2.0589E-09 2.1593E-09 2.2629E-09 2.3671E-09 2.4751E-09 2.5862E-09 2.7002E-09 2.8176E-09
1.0535E-10 1.1079E-10 1.1647E-10 1.2241E-10 1.2861E-10 1.3509E-10 1.4184E-10 1.4954E-10 1.5760E-10 1.6603E-10 1.7487E-10 1.8536E-10 1.9749E-10 2.1410E-10 2.3536E-10 2.6220E-10 2.8979E-10 3.1537E-10 3.4035E-10 3.6400E-10 3.8812E-10 4.1263E-10 4.3858E-10 4.6643E-10 4.9535E-10 5.2636E-10 5.5859E-10 5.9303E-10 6.2842E-10 6.6778E-10 7.0904E-10 7.5324E-10 8.0068E-10 8.4988E-10 9.0316E-10 9.5844E-10 1.0182E-09 1.0794E-09 1.1460E-09 1.2136E-09 1.2864E-09 1.3603E-09 1.4392E-09 1.5190E-09 1.6041E-09 1.6898E-09 1.7806E-09 1.8719E-09 1.9684E-09 2.0655E-09 2.1663E-09 2.2688E-09 2.3733E-09 2.4844E-09 2.5963E-09 2.7092E-09 2.8252E-09
1.0429E-10 1.0967E-10 1.1530E-10 1.2118E-10 1.2733E-10 1.3374E-10 1.4043E-10 1.4806E-10 1.5605E-10 1.6441E-10 1.7317E-10 1.8360E-10 1.9609E-10 2.1307E-10 2.3449E-10 2.6148E-10 2.8920E-10 3.1495E-10 3.3999E-10 3.6448E-10 3.8762E-10 4.1256E-10 4.3795E-10 4.6573E-10 4.9459E-10 5.2551E-10 5.5766E-10 5.9209E-10 6.2828E-10 6.6897E-10 7.1046E-10 7.5568E-10 8.0298E-10 8.5229E-10 9.0673E-10 9.6231E-10 1.0224E-09 1.0843E-09 1.1511E-09 1.2189E-09 1.2920E-09 1.3658E-09 1.4449E-09 1.5255E-09 1.6098E-09 1.6961E-09 1.7860E-09 1.8783E-09 1.9741E-09 2.0707E-09 2.1720E-09 2.2746E-09 2.3824E-09 2.4935E-09 2.6042E-09 2.7173E-09 2.8305E-09
1.0319E-10 1.0853E-10 1.1410E-10 1.1992E-10 1.2600E-10 1.3236E-10 1.3898E-10 1.4654E-10 1.5446E-10 1.6274E-10 1.7150E-10 1.8238E-10 1.9513E-10 2.1223E-10 2.3378E-10 2.6087E-10 2.8874E-10 3.1447E-10 3.3944E-10 3.6387E-10 3.8695E-10 4.1179E-10 4.3756E-10 4.6479E-10 4.9354E-10 5.2437E-10 5.5665E-10 5.9210E-10 6.2973E-10 6.7002E-10 7.1209E-10 7.5795E-10 8.0515E-10 8.5601E-10 9.1002E-10 9.6612E-10 1.0268E-09 1.0887E-09 1.1557E-09 1.2237E-09 1.2968E-09 1.3722E-09 1.4499E-09 1.5318E-09 1.6145E-09 1.7023E-09 1.7911E-09 1.8846E-09 1.9785E-09 2.0757E-09 2.1776E-09 2.2828E-09 2.3920E-09 2.5004E-09 2.6098E-09 2.7224E-09 2.8333E-09
1.0207E-10 1.0735E-10 1.1286E-10 1.1863E-10 1.2465E-10 1.3093E-10 1.3749E-10 1.4498E-10 1.5282E-10 1.6122E-10 1.7043E-10 1.8149E-10 1.9434E-10 2.1158E-10 2.3319E-10 2.6035E-10 2.8817E-10 3.1381E-10 3.3872E-10 3.6309E-10 3.8604E-10 4.1081E-10 4.3647E-10 4.6357E-10 4.9223E-10 5.2334E-10 5.5665E-10 5.9272E-10 6.3054E-10 6.7134E-10 7.1343E-10 7.5993E-10 8.0786E-10 8.5981E-10 9.1347E-10 9.6984E-10 1.0306E-09 1.0928E-09 1.1599E-09 1.2286E-09 1.3011E-09 1.3772E-09 1.4540E-09 1.5358E-09 1.6186E-09 1.7066E-09 1.7950E-09 1.8883E-09 1.9822E-09 2.0822E-09 2.1857E-09 2.2900E-09 2.3981E-09 2.5052E-09 2.6132E-09 2.7244E-09 2.8339E-09
1.0092E-10 1.0614E-10 1.1160E-10 1.1730E-10 1.2325E-10 1.2947E-10 1.3596E-10 1.4337E-10 1.5146E-10 1.6024E-10 1.6961E-10 1.8078E-10 1.9373E-10 2.1105E-10 2.3268E-10 2.5974E-10 2.8744E-10 3.1303E-10 3.3876E-10 3.6210E-10 3.8497E-10 4.0961E-10 4.3514E-10 4.6214E-10 4.9121E-10 5.2336E-10 5.5697E-10 5.9335E-10 6.3149E-10 6.7229E-10 7.1525E-10 7.6220E-10 8.1032E-10 8.6290E-10 9.1666E-10 9.7314E-10 1.0342E-09 1.0964E-09 1.1636E-09 1.2338E-09 1.3048E-09 1.3807E-09 1.4574E-09 1.5395E-09 1.6223E-09 1.7100E-09 1.7981E-09 1.8918E-09 1.9883E-09 2.0905E-09 2.1922E-09 2.2961E-09 2.4022E-09 2.5079E-09 2.6160E-09 2.7243E-09 2.8322E-09
9.9744E-11 1.0491E-10 1.1030E-10 1.1594E-10 1.2183E-10 1.2798E-10 1.3444E-10 1.4221E-10 1.5059E-10 1.5950E-10 1.6831E-10 1.8022E-10 1.9328E-10 2.1057E-10 2.3036E-10 2.5900E-10 2.8662E-10 3.1209E-10 3.3771E-10 3.6096E-10 3.8369E-10 4.0820E-10 4.3369E-10 4.6132E-10 4.9123E-10 5.2345E-10 5.5744E-10 5.9398E-10 6.3228E-10 6.7404E-10 7.1712E-10 7.6442E-10 8.1303E-10 8.6565E-10 9.1959E-10 9.7632E-10 1.0373E-09 1.0996E-09 1.1669E-09 1.2369E-09 1.3078E-09 1.3837E-09 1.4607E-09 1.5427E-09 1.6259E-09 1.7125E-09 1.8032E-09 1.8982E-09 1.9952E-09 2.0963E-09 2.1968E-09 2.3010E-09 2.4043E-09 2.5086E-09 2.6161E-09 2.7221E-09 2.8284E-09
9.8542E-11 1.0364E-10 1.0898E-10 1.1455E-10 1.2037E-10 1.2657E-10 1.3345E-10 1.4080E-10 1.4990E-10 1.5894E-10 1.6782E-10 1.7941E-10 1.9283E-10 2.1000E-10 2.2968E-10 2.5819E-10 2.8565E-10 3.1101E-10 3.3652E-10 3.5962E-10 3.8222E-10 4.0681E-10 4.3301E-10 4.6120E-10 4.9117E-10 5.2376E-10 5.5779E-10 5.9471E-10 6.3377E-10 6.7558E-10 7.1911E-10 7.6676E-10 8.1540E-10 8.6828E-10 9.2235E-10 9.8059E-10 1.0402E-09 1.1045E-09 1.1696E-09 1.2395E-09 1.3105E-09 1.3867E-09 1.4649E-09 1.5451E-09 1.6296E-09 1.7165E-09 1.8104E-09 1.9045E-09 2.0012E-09 2.1005E-09 2.1997E-09 2.3026E-09 2.4046E-09 2.5074E-09 2.6134E-09 2.7178E-09 2.8226E-09
9.7316E-11 1.0236E-10 1.0763E-10 1.1313E-10 1.1912E-10 1.2571E-10 1.3274E-10 1.4019E-10 1.4941E-10 1.5852E-10 1.6746E-10 1.7830E-10 1.9229E-10 2.0938E-10 2.2893E-10 2.5466E-10 2.8457E-10 3.1105E-10 3.3514E-10 3.5812E-10 3.8136E-10 4.0621E-10 4.3273E-10 4.6107E-10 4.9131E-10 5.2389E-10 5.5850E-10 5.9593E-10 6.3509E-10 6.7741E-10 7.2160E-10 7.6883E-10 8.1773E-10 8.7067E-10 9.2475E-10 9.8308E-10 1.0426E-09 1.1068E-09 1.1718E-09 1.2420E-09 1.3130E-09 1.3890E-09 1.4676E-09 1.5473E-09 1.6341E-09 1.7230E-09 1.8162E-09 1.9092E-09 2.0063E-09 2.1029E-09 2.2008E-09 2.3025E-09 2.4030E-09 2.5042E-09 2.6088E-09 2.7116E-09 2.8148E-09
