Assets/Resources/2015_m01_d16_1500(utc+0800)_l00_csi_1hr_conc.grd
DSAA
         159         159
     -79.000      79.000
     -79.000      79.000
  0.0000E+00  0.2807E-05
[rows 50 to 74 of 159, columns 57 to 113 of 159]
0.0000E+00 0.0000E+00 0.0000E+00 0.0000E+00 0.0000E+00 0.0000E+00 0.0000E+00 0.0000E+00 0.0000E+00 0.0000E+00 0.0000E+00 0.0000E+00 0.0000E+00 0.0000E+00 0.0000E+00 0.0000E+00 0.0000E+00 0.0000E+00 0.0000E+00 0.0000E+00 0.0000E+00 0.0000E+00 4.2509E-13 3.1446E-12 6.6835E-12 1.3041E-11 2.3604E-11 4.0323E-11 7.9851E-11 1.3318E-10 2.0724E-10 2.9407E-10 3.8303E-10 4.8029E-10 5.8316E-10 6.8643E-10 7.8447E-10 8.7677E-10 9.5667E-10 1.0290E-09 1.0881E-09 1.1274E-09 1.1826E-09 1.2216E-09 1.2540E-09 1.2997E-09 1.3522E-09 1.4150E-09 1.5059E-09 1.5992E-09 1.7345E-09 1.8792E-09 2.0467E-09 2.2291E-09 2.4304E-09 2.6625E-09 2.9195E-09
0.0000E+00 0.0000E+00 0.0000E+00 0.0000E+00 0.0000E+00 0.0000E+00 0.0000E+00 0.0000E+00 0.0000E+00 0.0000E+00 0.0000E+00 0.0000E+00 0.0000E+00 0.0000E+00 0.0000E+00 0.0000E+00 0.0000E+00 0.0000E+00 0.0000E+00 0.0000E+00 0.0000E+00 0.0000E+00 1.9580E-12 6.1696E-12 1.3704E-11 2.4779E-11 4.3355E-11 7.4780E-11 1.3487E-10 2.1374E-10 3.1681E-10 4.3909E-10 5.7194E-10 7.0349E-10 8.3878E-10 9.7176E-10 1.0990E-09 1.2120E-09 1.3101E-09 1.3957E-09 1.4671E-09 1.5154E-09 1.5714E-09 1.6073E-09 1.6426E-09 1.6917E-09 1.7398E-09 1.7991E-09 1.8829E-09 1.9751E-09 2.1066E-09 2.2631E-09 2.4235E-09 2.6029E-09 2.8095E-09 3.0408E-09 3.3025E-09
0.0000E+00 0.0000E+00 0.0000E+00 0.0000E+00 0.0000E+00 0.0000E+00 0.0000E+00 0.0000E+00 0.0000E+00 0.0000E+00 0.0000E+00 0.0000E+00 0.0000E+00 0.0000E+00 0.0000E+00 0.0000E+00 0.0000E+00 0.0000E+00 0.0000E+00 0.0000E+00 0.0000E+00 8.4049E-13 5.2065E-12 1.3029E-11 2.6220E-11 4.8676E-11 8.4302E-11 1.4788E-10 2.3504E-10 3.5673E-10 5.0613E-10 6.7971E-10 8.6163E-10 1.0345E-09 1.2088E-09 1.3769E-09 1.5327E-09 1.6708E-09 1.7914E-09 1.8925E-09 1.9777E-09 2.0349E-09 2.0947E-09 2.1317E-09 2.1653E-09 2.1997E-09 2.2378E-09 2.2914E-09 2.3650E-09 2.4567E-09 2.5688E-09 2.7196E-09 2.8711E-09 3.0468E-09 3.2463E-09 3.4810E-09 3.7406E-09
0.0000E+00 0.0000E+00 0.0000E+00 0.0000E+00 0.0000E+00 0.0000E+00 0.0000E+00 0.0000E+00 0.0000E+00 0.0000E+00 0.0000E+00 0.0000E+00 0.0000E+00 0.0000E+00 0.0000E+00 0.0000E+00 0.0000E+00 0.0000E+00 0.0000E+00 0.0000E+00 0.0000E+00 2.8901E-12 1.1537E-11 2.5801E-11 4.6975E-11 9.2213E-11 1.6320E-10 2.5535E-10 3.7268E-10 5.4777E-10 7.5321E-10 9.8868E-10 1.2336E-09 1.4689E-09 1.6908E-09 1.8990E-09 2.0890E-09 2.2587E-09 2.4004E-09 2.5130E-09 2.6031E-09 2.6717E-09 2.7189E-09 2.7609E-09 2.7831E-09 2.8134E-09 2.8404E-09 2.8810E-09 2.9443E-09 3.0187E-09 3.1186E-09 3.2574E-09 3.4006E-09 3.5676E-09 3.7628E-09 3.9841E-09 4.2438E-09
0.0000E+00 0.0000E+00 0.0000E+00 0.0000E+00 0.0000E+00 0.0000E+00 0.0000E+00 0.0000E+00 0.0000E+00 0.0000E+00 0.0000E+00 0.0000E+00 0.0000E+00 0.0000E+00 0.0000E+00 0.0000E+00 0.0000E+00 0.0000E+00 0.0000E+00 0.0000E+00 7.1776E-13 8.7691E-12 2.3385E-11 4.2818E-11 8.8216E-11 1.6193E-10 2.7014E-10 4.0355E-10 5.8285E-10 8.2503E-10 1.1130E-09 1.4309E-09 1.7585E-09 2.0708E-09 2.3487E-09 2.6046E-09 2.8306E-09 3.0244E-09 3.1836E-09 3.3131E-09 3.4138E-09 3.4814E-09 3.5299E-09 3.5633E-09 3.5798E-09 3.5857E-09 3.5903E-09 3.6054E-09 3.6481E-09 3.7051E-09 3.7857E-09 3.8969E-09 4.0226E-09 4.1739E-09 4.3485E-09 4.5667E-09 4.8115E-09
0.0000E+00 0.0000E+00 0.0000E+00 0.0000E+00 0.0000E+00 0.0000E+00 0.0000E+00 0.0000E+00 0.0000E+00 0.0000E+00 0.0000E+00 0.0000E+00 0.0000E+00 0.0000E+00 0.0000E+00 0.0000E+00 0.0000E+00 0.0000E+00 0.0000E+00 0.0000E+00 4.3491E-12 1.9064E-11 3.7157E-11 7.8174E-11 1.5946E-10 2.8383E-10 4.3686E-10 6.3705E-10 8.8621E-10 1.2002E-09 1.5897E-09 2.0034E-09 2.4283E-09 2.8279E-09 3.1855E-09 3.4993E-09 3.7694E-09 3.9903E-09 4.1651E-09 4.2994E-09 4.3926E-09 4.4613E-09 4.4883E-09 4.5062E-09 4.5043E-09 4.4928E-09 4.4607E-09 4.4582E-09 4.4784E-09 4.5049E-09 4.5542E-09 4.6411E-09 4.7429E-09 4.8696E-09 5.0302E-09 5.2199E-09 5.4514E-09
0.0000E+00 0.0000E+00 0.0000E+00 0.0000E+00 0.0000E+00 0.0000E+00 0.0000E+00 0.0000E+00 0.0000E+00 0.0000E+00 0.0000E+00 0.0000E+00 0.0000E+00 0.0000E+00 0.0000E+00 0.0000E+00 0.0000E+00 0.0000E+00 0.0000E+00 4.0809E-13 1.2358E-11 2.9862E-11 5.8393E-11 1.3641E-10 2.6458E-10 4.4869E-10 6.8209E-10 9.7847E-10 1.3265E-09 1.7488E-09 2.2609E-09 2.8029E-09 3.3443E-09 3.8463E-09 4.2872E-09 4.6525E-09 4.9585E-09 5.2007E-09 5.3862E-09 5.5152E-09 5.6064E-09 5.6541E-09 5.6625E-09 5.6500E-09 5.6206E-09 5.5693E-09 5.5065E-09 5.4703E-09 5.4407E-09 5.4334E-09 5.4490E-09 5.4966E-09 5.5597E-09 5.6613E-09 5.7906E-09 5.9582E-09 6.1587E-09
0.0000E+00 0.0000E+00 0.0000E+00 0.0000E+00 0.0000E+00 0.0000E+00 0.0000E+00 0.0000E+00 0.0000E+00 0.0000E+00 0.0000E+00 0.0000E+00 0.0000E+00 0.0000E+00 0.0000E+00 0.0000E+00 0.0000E+00 0.0000E+00 0.0000E+00 4.1895E-12 2.1807E-11 4.2475E-11 1.1004E-10 2.3841E-10 4.3544E-10 6.9702E-10 1.0428E-09 1.4456E-09 1.9303E-09 2.4781E-09 3.1181E-09 3.8047E-09 4.4758E-09 5.0932E-09 5.6340E-09 6.0732E-09 6.4203E-09 6.6822E-09 6.8666E-09 6.9861E-09 7.0392E-09 7.0544E-09 7.0216E-09 6.9716E-09 6.8898E-09 6.8016E-09 6.6959E-09 6.6050E-09 6.5421E-09 6.4906E-09 6.4646E-09 6.4732E-09 6.4921E-09 6.5529E-09 6.6484E-09 6.7746E-09 6.9485E-09
0.0000E+00 0.0000E+00 0.0000E+00 0.0000E+00 0.0000E+00 0.0000E+00 0.0000E+00 0.0000E+00 0.0000E+00 0.0000E+00 0.0000E+00 0.0000E+00 0.0000E+00 0.0000E+00 0.0000E+00 0.0000E+00 0.0000E+00 0.0000E+00 0.0000E+00 1.0924E-11 3.0143E-11 7.2351E-11 1.8842E-10 3.8343E-10 6.7567E-10 1.0670E-09 1.5632E-09 2.1269E-09 2.7819E-09 3.4954E-09 4.2892E-09 5.1342E-09 5.9417E-09 6.6728E-09 7.2985E-09 7.8144E-09 8.1899E-09 8.4589E-09 8.6296E-09 8.7103E-09 8.7230E-09 8.6793E-09 8.6025E-09 8.4841E-09 8.3473E-09 8.1906E-09 8.0384E-09 7.9068E-09 7.7829E-09 7.6802E-09 7.6003E-09 7.5577E-09 7.5310E-09 7.5401E-09 7.5864E-09 7.6732E-09 7.8002E-09
0.0000E+00 0.0000E+00 0.0000E+00 0.0000E+00 0.0000E+00 0.0000E+00 0.0000E+00 0.0000E+00 0.0000E+00 0.0000E+00 0.0000E+00 0.0000E+00 0.0000E+00 0.0000E+00 0.0000E+00 0.0000E+00 0.0000E+00 0.0000E+00 1.4589E-12 1.7773E-11 4.1859E-11 1.3273E-10 3.1355E-10 6.2601E-10 1.0843E-09 1.6420E-09 2.3055E-09 3.0714E-09 3.8994E-09 4.8115E-09 5.7684E-09 6.7713E-09 7.7407E-09 8.5940E-09 9.3000E-09 9.8946E-09 1.0307E-08 1.0568E-08 1.0701E-08 1.0727E-08 1.0666E-08 1.0546E-08 1.0376E-08 1.0178E-08 9.9601E-09 9.7511E-09 9.5259E-09 9.3284E-09 9.1485E-09 8.9748E-09 8.8486E-09 8.7452E-09 8.6542E-09 8.6081E-09 8.6051E-09 8.6375E-09 8.7158E-09
0.0000E+00 0.0000E+00 0.0000E+00 0.0000E+00 0.0000E+00 0.0000E+00 0.0000E+00 0.0000E+00 0.0000E+00 0.0000E+00 0.0000E+00 0.0000E+00 0.0000E+00 0.0000E+00 0.0000E+00 0.0000E+00 0.0000E+00 0.0000E+00 5.5142E-12 2.3185E-11 7.6812E-11 2.3041E-10 5.1717E-10 9.8435E-10 1.6305E-09 2.4192E-09 3.3192E-09 4.3308E-09 5.3862E-09 6.5190E-09 7.6794E-09 8.8311E-09 9.9268E-09 1.0901E-08 1.1670E-08 1.2303E-08 1.2746E-08 1.2989E-08 1.3062E-08 1.3012E-08 1.2858E-08 1.2627E-08 1.2355E-08 1.2043E-08 1.1748E-08 1.1441E-08 1.1143E-08 1.0882E-08 1.0626E-08 1.0391E-08 1.0192E-08 1.0019E-08 9.8675E-09 9.7521E-09 9.6887E-09 9.6666E-09 9.6841E-09
0.0000E+00 0.0000E+00 0.0000E+00 0.0000E+00 0.0000E+00 0.0000E+00 0.0000E+00 0.0000E+00 0.0000E+00 0.0000E+00 0.0000E+00 0.0000E+00 0.0000E+00 0.0000E+00 0.0000E+00 0.0000E+00 0.0000E+00 0.0000E+00 9.2177E-12 3.5415E-11 1.4481E-10 4.0880E-10 8.5430E-10 1.5356E-09 2.4405E-09 3.5453E-09 4.7165E-09 5.9771E-09 7.2827E-09 8.6155E-09 9.9779E-09 1.1291E-08 1.2507E-08 1.3579E-08 1.4424E-08 1.5042E-08 1.5525E-08 1.5722E-08 1.5715E-08 1.5555E-08 1.5271E-08 1.4896E-08 1.4492E-08 1.4055E-08 1.3647E-08 1.3257E-08 1.2849E-08 1.2520E-08 1.2192E-08 1.1888E-08 1.1616E-08 1.1370E-08 1.1142E-08 1.0956E-08 1.0826E-08 1.0740E-08 1.0694E-08
0.0000E+00 0.0000E+00 0.0000E+00 0.0000E+00 0.0000E+00 0.0000E+00 0.0000E+00 0.0000E+00 0.0000E+00 0.0000E+00 0.0000E+00 0.0000E+00 0.0000E+00 0.0000E+00 0.0000E+00 0.0000E+00 0.0000E+00 0.0000E+00 1.2389E-11 6.6485E-11 3.0435E-10 7.3481E-10 1.4319E-09 2.4032E-09 3.6420E-09 5.0901E-09 6.5803E-09 8.1303E-09 9.6868E-09 1.1217E-08 1.2761E-08 1.4225E-08 1.5497E-08 1.6611E-08 1.7504E-08 1.8091E-08 1.8547E-08 1.8707E-08 1.8600E-08 1.8306E-08 1.7866E-08 1.7321E-08 1.6757E-08 1.6161E-08 1.5628E-08 1.5128E-08 1.4624E-08 1.4218E-08 1.3820E-08 1.3437E-08 1.3081E-08 1.2758E-08 1.2458E-08 1.2196E-08 1.1995E-08 1.1840E-08 1.1726E-08
0.0000E+00 0.0000E+00 0.0000E+00 0.0000E+00 0.0000E+00 0.0000E+00 0.0000E+00 0.0000E+00 0.0000E+00 0.0000E+00 0.0000E+00 0.0000E+00 0.0000E+00 0.0000E+00 0.0000E+00 0.0000E+00 0.0000E+00 1.6513E-12 4.1388E-11 2.1154E-10 6.4849E-10 1.3983E-09 2.4310E-09 3.7378E-09 5.3490E-09 7.1674E-09 9.0323E-09 1.0831E-08 1.2594E-08 1.4282E-08 1.5935E-08 1.7546E-08 1.8883E-08 1.9996E-08 2.0923E-08 2.1479E-08 2.1812E-08 2.1914E-08 2.1673E-08 2.1215E-08 2.0580E-08 1.9839E-08 1.9089E-08 1.8328E-08 1.7635E-08 1.7037E-08 1.6418E-08 1.5929E-08 1.5453E-08 1.4991E-08 1.4559E-08 1.4150E-08 1.3779E-08 1.3440E-08 1.3167E-08 1.2941E-08 1.2755E-08
0.0000E+00 0.0000E+00 0.0000E+00 0.0000E+00 0.0000E+00 0.0000E+00 0.0000E+00 0.0000E+00 0.0000E+00 0.0000E+00 0.0000E+00 0.0000E+00 0.0000E+00 0.0000E+00 0.0000E+00 0.0000E+00 7.1405E-12 4.8036E-11 2.1186E-10 6.2867E-10 1.4259E-09 2.6737E-09 4.1295E-09 5.8443E-09 7.7937E-09 9.9182E-09 1.2104E-08 1.4153E-08 1.6068E-08 1.7845E-08 1.9549E-08 2.1185E-08 2.2598E-08 2.3647E-08 2.4515E-08 2.5033E-08 2.5195E-08 2.5207E-08 2.4818E-08 2.4177E-08 2.3331E-08 2.2361E-08 2.1417E-08 2.0458E-08 1.9617E-08 1.8889E-08 1.8162E-08 1.7574E-08 1.7026E-08 1.6490E-08 1.5976E-08 1.5501E-08 1.5064E-08 1.4653E-08 1.4309E-08 1.4013E-08 1.3755E-08
0.0000E+00 0.0000E+00 0.0000E+00 0.0000E+00 0.0000E+00 0.0000E+00 0.0000E+00 0.0000E+00 0.0000E+00 0.0000E+00 0.0000E+00 0.0000E+00 0.0000E+00 0.0000E+00 0.0000E+00 4.7943E-12 8.1854E-11 3.1462E-10 8.6469E-10 1.7639E-09 3.2046E-09 5.0741E-09 7.0049E-09 9.0140E-09 1.1147E-08 1.3463E-08 1.5819E-08 1.8027E-08 2.0032E-08 2.1806E-08 2.3456E-08 2.5051E-08 2.6511E-08 2.7479E-08 2.8241E-08 2.8670E-08 2.8679E-08 2.8474E-08 2.7933E-08 2.7083E-08 2.6010E-08 2.4802E-08 2.3634E-08 2.2482E-08 2.1480E-08 2.0621E-08 1.9782E-08 1.9095E-08 1.8485E-08 1.7885E-08 1.7317E-08 1.6777E-08 1.6273E-08 1.5794E-08 1.5385E-08 1.5025E-08 1.4697E-08
0.0000E+00 0.0000E+00 0.0000E+00 0.0000E+00 0.0000E+00 0.0000E+00 0.0000E+00 0.0000E+00 0.0000E+00 0.0000E+00 0.0000E+00 0.0000E+00 0.0000E+00 0.0000E+00 5.5638E-12 1.0445E-10 4.3227E-10 1.2620E-09 2.8261E-09 4.6230E-09 6.8906E-09 9.3195E-09 1.1634E-08 1.3623E-08 1.5660E-08 1.7863E-08 2.0217E-08 2.2475E-08 2.4423E-08 2.6118E-08 2.7597E-08 2.9013E-08 3.0394E-08 3.1334E-08 3.1917E-08 3.2202E-08 3.2093E-08 3.1585E-08 3.0851E-08 2.9799E-08 2.8479E-08 2.7023E-08 2.5644E-08 2.4290E-08 2.3138E-08 2.2137E-08 2.1200E-08 2.0440E-08 1.9763E-08 1.9115E-08 1.8501E-08 1.7916E-08 1.7355E-08 1.6821E-08 1.6359E-08 1.5940E-08 1.5550E-08
0.0000E+00 0.0000E+00 0.0000E+00 0.0000E+00 0.0000E+00 0.0000E+00 0.0000E+00 0.0000E+00 0.0000E+00 0.0000E+00 0.0000E+00 0.0000E+00 0.0000E+00 9.2834E-13 5.8177E-11 4.3443E-10 1.6020E-09 4.1683E-09 7.6630E-09 1.0922E-08 1.3759E-08 1.6321E-08 1.8365E-08 1.9943E-08 2.1346E-08 2.3029E-08 2.5056E-08 2.7156E-08 2.8989E-08 3.0533E-08 3.1786E-08 3.2970E-08 3.4132E-08 3.5050E-08 3.5454E-08 3.5488E-08 3.5228E-08 3.4411E-08 3.3389E-08 3.2141E-08 3.0599E-08 2.8900E-08 2.7309E-08 2.5773E-08 2.4482E-08 2.3356E-08 2.2337E-08 2.1519E-08 2.0796E-08 2.0111E-08 1.9473E-08 1.8858E-08 1.8266E-08 1.7695E-08 1.7191E-08 1.6726E-08 1.6282E-08
0.0000E+00 0.0000E+00 0.0000E+00 0.0000E+00 0.0000E+00 0.0000E+00 0.0000E+00 0.0000E+00 0.0000E+00 0.0000E+00 0.0000E+00 0.0000E+00 0.0000E+00 1.2748E-11 1.8902E-10 1.1355E-09 4.3491E-09 1.1194E-08 1.7682E-08 2.2071E-08 2.4381E-08 2.6319E-08 2.7186E-08 2.7819E-08 2.8043E-08 2.8748E-08 3.0120E-08 3.1931E-08 3.3548E-08 3.4853E-08 3.5856E-08 3.6703E-08 3.7549E-08 3.8280E-08 3.8592E-08 3.8324E-08 3.7835E-08 3.6774E-08 3.5362E-08 3.3917E-08 3.2172E-08 3.0279E-08 2.8517E-08 2.6818E-08 2.5423E-08 2.4212E-08 2.3125E-08 2.2282E-08 2.1514E-08 2.0826E-08 2.0194E-08 1.9570E-08 1.8963E-08 1.8376E-08 1.7847E-08 1.7350E-08 1.6866E-08
0.0000E+00 0.0000E+00 0.0000E+00 0.0000E+00 0.0000E+00 0.0000E+00 0.0000E+00 0.0000E+00 0.0000E+00 0.0000E+00 0.0000E+00 0.0000E+00 0.0000E+00 0.0000E+00 3.2948E-10 2.0923E-09 8.2688E-09 2.2355E-08 3.4869E-08 3.9393E-08 3.8737E-08 3.8446E-08 3.7651E-08 3.6650E-08 3.5352E-08 3.4683E-08 3.5077E-08 3.6382E-08 3.7722E-08 3.8794E-08 3.9600E-08 4.0105E-08 4.0536E-08 4.0859E-08 4.1132E-08 4.0488E-08 3.9672E-08 3.8382E-08 3.6603E-08 3.4936E-08 3.3038E-08 3.1007E-08 2.9135E-08 2.7331E-08 2.5870E-08 2.4622E-08 2.3501E-08 2.2674E-08 2.1923E-08 2.1233E-08 2.0602E-08 2.0021E-08 1.9424E-08 1.8835E-08 1.8299E-08 1.7785E-08 1.7275E-08
0.0000E+00 0.0000E+00 0.0000E+00 0.0000E+00 0.0000E+00 0.0000E+00 0.0000E+00 0.0000E+00 0.0000E+00 0.0000E+00 0.0000E+00 0.0000E+00 0.0000E+00 2.1599E-11 3.5578E-10 2.2534E-09 1.0546E-08 3.3742E-08 6.0981E-08 6.3546E-08 5.5373E-08 5.0669E-08 4.8520E-08 4.5485E-08 4.2695E-08 4.0370E-08 3.9589E-08 4.0220E-08 4.1305E-08 4.2133E-08 4.2747E-08 4.2932E-08 4.2907E-08 4.2670E-08 4.2629E-08 4.1737E-08 4.0492E-08 3.8972E-08 3.6936E-08 3.5007E-08 3.3047E-08 3.0968E-08 2.9057E-08 2.7230E-08 2.5770E-08 2.4540E-08 2.3438E-08 2.2657E-08 2.1956E-08 2.1306E-08 2.0723E-08 2.0144E-08 1.9598E-08 1.9037E-08 1.8523E-08 1.8012E-08 1.7492E-08
0.0000E+00 0.0000E+00 0.0000E+00 0.0000E+00 0.0000E+00 0.0000E+00 0.0000E+00 0.0000E+00 0.0000E+00 0.0000E+00 0.0000E+00 0.0000E+00 0.0000E+00 0.0000E+00 1.2382E-10 1.4995E-09 8.9499E-09 3.6339E-08 8.8826E-08 1.0058E-07 7.4397E-08 6.1690E-08 5.8331E-08 5.3652E-08 4.9562E-08 4.5653E-08 4.3514E-08 4.3270E-08 4.4090E-08 4.4728E-08 4.5113E-08 4.5031E-08 4.4455E-08 4.3515E-08 4.2825E-08 4.1766E-08 4.0065E-08 3.8291E-08 3.6161E-08 3.4052E-08 3.2090E-08 3.0085E-08 2.8244E-08 2.6480E-08 2.5103E-08 2.3956E-08 2.2944E-08 2.2240E-08 2.1615E-08 2.1037E-08 2.0523E-08 2.0006E-08 1.9479E-08 1.8976E-08 1.8505E-08 1.8016E-08 1.7504E-08
0.0000E+00 0.0000E+00 0.0000E+00 0.0000E+00 0.0000E+00 0.0000E+00 0.0000E+00 0.0000E+00 0.0000E+00 0.0000E+00 0.0000E+00 0.0000E+00 0.0000E+00 0.0000E+00 0.0000E+00 1.5264E-10 3.6757E-09 2.4116E-08 9.8798E-08 1.6574E-07 1.0111E-07 7.3075E-08 6.5901E-08 6.1360E-08 5.5652E-08 5.0509E-08 4.6742E-08 4.5591E-08 4.6138E-08 4.6487E-08 4.6522E-08 4.6041E-08 4.4859E-08 4.3153E-08 4.1579E-08 4.0159E-08 3.8216E-08 3.6228E-08 3.4143E-08 3.2069E-08 3.0162E-08 2.8353E-08 2.6696E-08 2.5103E-08 2.3887E-08 2.2891E-08 2.2017E-08 2.1431E-08 2.0911E-08 2.0430E-08 2.0006E-08 1.9569E-08 1.9118E-08 1.8656E-08 1.8202E-08 1.7784E-08 1.7306E-08
0.0000E+00 0.0000E+00 0.0000E+00 0.0000E+00 0.0000E+00 0.0000E+00 0.0000E+00 0.0000E+00 0.0000E+00 0.0000E+00 0.0000E+00 0.0000E+00 0.0000E+00 0.0000E+00 0.0000E+00 2.9576E-12 2.2616E-10 6.4167E-09 6.3508E-08 2.5018E-07 1.6663E-07 8.7639E-08 7.2919E-08 6.8420E-08 6.1246E-08 5.5317E-08 4.9766E-08 4.7332E-08 4.7436E-08 4.7363E-08 4.6810E-08 4.5642E-08 4.3677E-08 4.1201E-08 3.8785E-08 3.6733E-08 3.4863E-08 3.2780E-08 3.0891E-08 2.9086E-08 2.7351E-08 2.5866E-08 2.4491E-08 2.3169E-08 2.2191E-08 2.1406E-08 2.0718E-08 2.0271E-08 1.9885E-08 1.9520E-08 1.9196E-08 1.8853E-08 1.8491E-08 1.8112E-08 1.7721E-08 1.7306E-08 1.6877E-08
0.0000E+00 0.0000E+00 0.0000E+00 0.0000E+00 0.0000E+00 0.0000E+00 0.0000E+00 0.0000E+00 0.0000E+00 0.0000E+00 0.0000E+00 0.0000E+00 0.0000E+00 0.0000E+00 0.0000E+00 0.0000E+00 0.0000E+00 1.1075E-10 9.8965E-09 2.1185E-07 3.7409E-07 1.1231E-07 8.6715E-08 7.4632E-08 6.7616E-08 6.0254E-08 5.3210E-08 4.8814E-08 4.7963E-08 4.7282E-08 4.5598E-08 4.3284E-08 4.0367E-08 3.7270E-08 3.4308E-08 3.1761E-08 3.0050E-08 2.8167E-08 2.6614E-08 2.5274E-08 2.3893E-08 2.2798E-08 2.1790E-08 2.0810E-08 2.0125E-08 1.9578E-08 1.9110E-08 1.8831E-08 1.8589E-08 1.8351E-08 1.8137E-08 1.7897E-08 1.7632E-08 1.7344E-08 1.7026E-08 1.6671E-08 1.6260E-08
