Assets/Resources/2015_m01_d05_0400(utc+0800)_l00_csi_1hr_conc.grd
DSAA
         159         159
     -79.000      79.000
     -79.000      79.000
  0.2418E-09  0.6153E-04
[rows 50 to 74 of 159, columns 57 to 113 of 159]
1.3567E-08 1.3576E-08 1.3548E-08 1.3487E-08 1.3393E-08 1.3268E-08 1.3124E-08 1.2946E-08 1.2726E-08 1.2465E-08 1.2172E-08 1.1850E-08 1.1492E-08 1.1095E-08 1.0675E-08 1.0234E-08 9.7630E-09 9.2680E-09 8.7787E-09 8.2784E-09 7.7722E-09 7.2554E-09 6.7380E-09 6.2442E-09 5.7628E-09 5.2984E-09 4.8438E-09 4.4199E-09 4.0222E-09 3.6392E-09 3.3076E-09 3.0127E-09 2.7399E-09 2.4988E-09 2.2510E-09 2.0297E-09 1.8373E-09 1.7292E-09 1.6561E-09 1.5925E-09 1.5444E-09 1.4925E-09 1.4524E-09 1.4101E-09 1.3709E-09 1.3335E-09 1.2986E-09 1.2688E-09 1.2375E-09 1.2028E-09 1.1709E-09 1.1446E-09 1.1175E-09 1.0960E-09 1.0747E-09 1.0536E-09 1.0328E-09
1.4452E-08 1.4490E-08 1.4488E-08 1.4452E-08 1.4378E-08 1.4267E-08 1.4120E-08 1.3930E-08 1.3692E-08 1.3420E-08 1.3113E-08 1.2757E-08 1.2354E-08 1.1926E-08 1.1474E-08 1.0986E-08 1.0475E-08 9.9525E-09 9.4049E-09 8.8353E-09 8.2824E-09 7.7282E-09 7.1771E-09 6.6232E-09 6.0862E-09 5.5818E-09 5.1006E-09 4.6407E-09 4.1988E-09 3.8043E-09 3.4391E-09 3.1123E-09 2.8291E-09 2.5734E-09 2.2873E-09 2.0863E-09 1.8650E-09 1.7664E-09 1.6955E-09 1.6195E-09 1.5620E-09 1.5109E-09 1.4642E-09 1.4232E-09 1.3836E-09 1.3409E-09 1.3090E-09 1.2751E-09 1.2430E-09 1.2087E-09 1.1810E-09 1.1503E-09 1.1204E-09 1.0988E-09 1.0774E-09 1.0563E-09 1.0355E-09
1.5443E-08 1.5526E-08 1.5564E-08 1.5553E-08 1.5493E-08 1.5384E-08 1.5231E-08 1.5038E-08 1.4806E-08 1.4525E-08 1.4179E-08 1.3777E-08 1.3347E-08 1.2886E-08 1.2369E-08 1.1830E-08 1.1268E-08 1.0680E-08 1.0087E-08 9.4837E-09 8.8501E-09 8.2353E-09 7.6327E-09 7.0402E-09 6.4531E-09 5.8974E-09 5.3671E-09 4.8737E-09 4.4046E-09 3.9642E-09 3.5796E-09 3.2275E-09 2.9170E-09 2.6465E-09 2.3481E-09 2.1418E-09 1.9114E-09 1.8228E-09 1.7260E-09 1.6578E-09 1.5794E-09 1.5307E-09 1.4783E-09 1.4355E-09 1.3927E-09 1.3566E-09 1.3158E-09 1.2814E-09 1.2513E-09 1.2201E-09 1.1858E-09 1.1537E-09 1.1265E-09 1.1013E-09 1.0799E-09 1.0588E-09 1.0379E-09
1.6566E-08 1.6694E-08 1.6770E-08 1.6788E-08 1.6751E-08 1.6655E-08 1.6503E-08 1.6309E-08 1.6057E-08 1.5737E-08 1.5354E-08 1.4930E-08 1.4464E-08 1.3934E-08 1.3378E-08 1.2793E-08 1.2164E-08 1.1516E-08 1.0845E-08 1.0164E-08 9.4929E-09 8.8220E-09 8.1288E-09 7.4816E-09 6.8535E-09 6.2390E-09 5.6685E-09 5.1200E-09 4.6164E-09 4.1492E-09 3.7193E-09 3.3525E-09 3.0195E-09 2.7139E-09 2.4002E-09 2.1936E-09 1.9822E-09 1.8603E-09 1.7759E-09 1.6840E-09 1.6127E-09 1.5455E-09 1.4956E-09 1.4461E-09 1.4065E-09 1.3651E-09 1.3231E-09 1.2906E-09 1.2567E-09 1.2249E-09 1.1909E-09 1.1619E-09 1.1331E-09 1.1036E-09 1.0822E-09 1.0610E-09 1.0402E-09
1.7798E-08 1.7984E-08 1.8108E-08 1.8170E-08 1.8168E-08 1.8099E-08 1.7958E-08 1.7747E-08 1.7468E-08 1.7120E-08 1.6713E-08 1.6254E-08 1.5715E-08 1.5129E-08 1.4482E-08 1.3838E-08 1.3152E-08 1.2429E-08 1.1701E-08 1.0948E-08 1.0169E-08 9.4321E-09 8.7033E-09 7.9700E-09 7.2744E-09 6.6167E-09 5.9819E-09 5.3985E-09 4.8396E-09 4.3388E-09 3.8869E-09 3.4750E-09 3.1297E-09 2.7767E-09 2.4725E-09 2.2453E-09 2.0442E-09 1.9232E-09 1.8156E-09 1.7251E-09 1.6450E-09 1.5665E-09 1.5120E-09 1.4618E-09 1.4159E-09 1.3736E-09 1.3368E-09 1.2963E-09 1.2625E-09 1.2318E-09 1.2007E-09 1.1675E-09 1.1356E-09 1.1067E-09 1.0842E-09 1.0631E-09 1.0422E-09
1.9244E-08 1.9505E-08 1.9701E-08 1.9822E-08 1.9860E-08 1.9813E-08 1.9675E-08 1.9455E-08 1.9157E-08 1.8786E-08 1.8332E-08 1.7782E-08 1.7144E-08 1.6481E-08 1.5771E-08 1.4998E-08 1.4240E-08 1.3446E-08 1.2622E-08 1.1788E-08 1.0965E-08 1.0099E-08 9.2951E-09 8.5134E-09 7.7418E-09 7.0106E-09 6.3326E-09 5.6846E-09 5.0923E-09 4.5406E-09 4.0546E-09 3.6238E-09 3.2294E-09 2.8696E-09 2.5517E-09 2.2816E-09 2.1117E-09 1.9846E-09 1.8628E-09 1.7689E-09 1.6722E-09 1.5985E-09 1.5252E-09 1.4755E-09 1.4260E-09 1.3858E-09 1.3445E-09 1.3032E-09 1.2703E-09 1.2370E-09 1.2052E-09 1.1706E-09 1.1408E-09 1.1120E-09 1.0860E-09 1.0649E-09 1.0440E-09
2.0920E-08 2.1256E-08 2.1515E-08 2.1687E-08 2.1765E-08 2.1736E-08 2.1606E-08 2.1371E-08 2.1043E-08 2.0627E-08 2.0107E-08 1.9498E-08 1.8835E-08 1.8101E-08 1.7275E-08 1.6363E-08 1.5441E-08 1.4552E-08 1.3650E-08 1.2720E-08 1.1778E-08 1.0874E-08 9.9670E-09 9.0769E-09 8.2504E-09 7.4460E-09 6.6938E-09 6.0033E-09 5.3475E-09 4.7659E-09 4.2322E-09 3.7709E-09 3.3494E-09 2.9346E-09 2.6380E-09 2.3455E-09 2.1735E-09 2.0381E-09 1.9276E-09 1.8033E-09 1.7141E-09 1.6240E-09 1.5461E-09 1.4898E-09 1.4396E-09 1.3938E-09 1.3519E-09 1.3144E-09 1.2753E-09 1.2412E-09 1.2102E-09 1.1781E-09 1.1470E-09 1.1168E-09 1.0876E-09 1.0665E-09 1.0456E-09
2.2814E-08 2.3231E-08 2.3561E-08 2.3796E-08 2.3912E-08 2.3922E-08 2.3808E-08 2.3563E-08 2.3198E-08 2.2712E-08 2.2121E-08 2.1448E-08 2.0692E-08 1.9831E-08 1.8868E-08 1.7945E-08 1.6910E-08 1.5812E-08 1.4742E-08 1.3733E-08 1.2698E-08 1.1660E-08 1.0684E-08 9.7218E-09 8.7761E-09 7.9161E-09 7.0910E-09 6.3274E-09 5.6311E-09 4.9907E-09 4.4304E-09 3.9259E-09 3.4830E-09 3.0306E-09 2.7301E-09 2.4100E-09 2.2383E-09 2.0992E-09 1.9717E-09 1.8565E-09 1.7476E-09 1.6530E-09 1.5744E-09 1.5012E-09 1.4510E-09 1.4030E-09 1.3618E-09 1.3218E-09 1.2807E-09 1.2473E-09 1.2153E-09 1.1843E-09 1.1502E-09 1.1186E-09 1.0900E-09 1.0678E-09 1.0470E-09
2.5501E-08 2.6051E-08 2.6499E-08 2.6831E-08 2.7023E-08 2.7071E-08 2.6972E-08 2.6711E-08 2.6302E-08 2.5754E-08 2.5089E-08 2.4299E-08 2.3378E-08 2.1819E-08 2.0772E-08 1.9616E-08 1.8473E-08 1.7222E-08 1.6053E-08 1.4826E-08 1.3677E-08 1.2567E-08 1.1429E-08 1.0388E-08 9.3711E-09 8.3957E-09 7.5138E-09 6.6817E-09 5.9161E-09 5.2387E-09 4.6254E-09 4.0997E-09 3.5852E-09 3.1259E-09 2.7859E-09 2.5006E-09 2.3182E-09 2.1557E-09 2.0251E-09 1.9064E-09 1.7817E-09 1.6902E-09 1.5973E-09 1.5185E-09 1.4638E-09 1.4145E-09 1.3692E-09 1.3271E-09 1.2889E-09 1.2522E-09 1.2185E-09 1.1871E-09 1.1542E-09 1.1232E-09 1.0937E-09 1.0689E-09 1.0481E-09
2.8094E-08 2.8766E-08 2.9307E-08 2.9725E-08 2.9985E-08 3.0074E-08 2.9982E-08 2.9707E-08 2.9250E-08 2.8624E-08 2.7846E-08 2.6920E-08 2.5863E-08 2.4740E-08 2.3484E-08 2.2182E-08 2.0197E-08 1.8860E-08 1.7421E-08 1.6116E-08 1.4803E-08 1.3479E-08 1.2285E-08 1.1079E-08 9.9869E-09 8.9232E-09 7.9411E-09 7.0487E-09 6.2250E-09 5.4852E-09 4.8338E-09 4.2705E-09 3.7154E-09 3.2320E-09 2.8774E-09 2.5910E-09 2.3900E-09 2.2224E-09 2.0761E-09 1.9454E-09 1.8323E-09 1.7182E-09 1.6233E-09 1.5421E-09 1.4735E-09 1.4227E-09 1.3762E-09 1.3346E-09 1.2955E-09 1.2557E-09 1.2225E-09 1.1909E-09 1.1596E-09 1.1275E-09 1.0971E-09 1.0698E-09 1.0490E-09
3.1061E-08 3.1883E-08 3.2551E-08 3.3064E-08 3.3391E-08 3.3521E-08 3.3443E-08 3.3147E-08 3.2631E-08 3.1898E-08 3.0981E-08 2.9898E-08 2.8699E-08 2.7380E-08 2.5928E-08 2.4384E-08 2.2793E-08 2.1129E-08 1.9082E-08 1.7446E-08 1.5990E-08 1.4548E-08 1.3133E-08 1.1869E-08 1.0612E-08 9.4861E-09 8.4015E-09 7.4272E-09 6.5338E-09 5.7417E-09 5.0547E-09 4.4795E-09 3.8364E-09 3.3593E-09 2.9682E-09 2.6810E-09 2.4716E-09 2.2863E-09 2.1253E-09 1.9926E-09 1.8728E-09 1.7495E-09 1.6540E-09 1.5629E-09 1.4853E-09 1.4325E-09 1.3852E-09 1.3418E-09 1.3007E-09 1.2610E-09 1.2268E-09 1.1944E-09 1.1641E-09 1.1305E-09 1.0994E-09 1.0704E-09 1.0496E-09
3.4484E-08 3.6076E-08 3.6923E-08 3.7574E-08 3.8012E-08 3.8209E-08 3.8147E-08 3.7827E-08 3.7237E-08 3.6395E-08 3.5333E-08 3.4073E-08 3.2642E-08 3.1047E-08 2.8707E-08 2.6883E-08 2.5027E-08 2.3135E-08 2.1265E-08 1.9408E-08 1.7249E-08 1.5695E-08 1.4136E-08 1.2636E-08 1.1307E-08 1.0037E-08 8.8951E-09 7.8247E-09 6.8685E-09 6.0172E-09 5.3224E-09 4.6662E-09 3.9749E-09 3.4669E-09 3.0404E-09 2.7824E-09 2.5506E-09 2.3483E-09 2.1855E-09 2.0361E-09 1.9054E-09 1.7900E-09 1.6798E-09 1.5841E-09 1.5011E-09 1.4419E-09 1.3922E-09 1.3465E-09 1.3051E-09 1.2668E-09 1.2301E-09 1.1968E-09 1.1657E-09 1.1330E-09 1.1017E-09 1.0723E-09 1.0500E-09
3.9100E-08 4.0349E-08 4.1363E-08 4.2135E-08 4.2657E-08 4.2905E-08 4.2855E-08 4.2492E-08 4.1811E-08 4.0828E-08 3.9563E-08 3.8072E-08 3.6379E-08 3.4526E-08 3.2543E-08 3.0451E-08 2.8226E-08 2.5365E-08 2.3208E-08 2.1109E-08 1.9075E-08 1.6914E-08 1.5193E-08 1.3531E-08 1.1998E-08 1.0633E-08 9.3722E-09 8.2363E-09 7.2101E-09 6.3149E-09 5.5510E-09 4.7947E-09 4.0976E-09 3.5708E-09 3.1645E-09 2.8775E-09 2.6276E-09 2.4156E-09 2.2378E-09 2.0773E-09 1.9428E-09 1.8248E-09 1.7040E-09 1.6077E-09 1.5186E-09 1.4489E-09 1.3980E-09 1.3527E-09 1.3103E-09 1.2709E-09 1.2328E-09 1.1994E-09 1.1679E-09 1.1364E-09 1.1043E-09 1.0741E-09 1.0502E-09
4.3723E-08 4.5227E-08 4.6442E-08 4.7366E-08 4.7982E-08 4.8264E-08 4.8201E-08 4.8481E-08 4.7702E-08 4.6539E-08 4.4335E-08 4.2573E-08 4.0593E-08 3.8417E-08 3.6082E-08 3.3641E-08 3.1121E-08 2.8449E-08 2.5941E-08 2.2972E-08 2.0695E-08 1.8448E-08 1.6300E-08 1.4492E-08 1.2780E-08 1.1233E-08 9.8717E-09 8.6533E-09 7.5606E-09 6.6512E-09 5.7947E-09 4.9810E-09 4.2587E-09 3.6832E-09 3.2792E-09 2.9727E-09 2.7116E-09 2.4834E-09 2.2882E-09 2.1252E-09 1.9804E-09 1.8529E-09 1.7333E-09 1.6293E-09 1.5343E-09 1.4576E-09 1.4046E-09 1.3588E-09 1.3151E-09 1.2746E-09 1.2360E-09 1.2019E-09 1.1698E-09 1.1395E-09 1.1064E-09 1.0757E-09 1.0501E-09
4.8958E-08 5.0737E-08 5.2884E-08 5.4009E-08 5.4769E-08 5.5131E-08 5.5078E-08 5.4604E-08 5.3689E-08 5.2342E-08 5.0575E-08 4.8484E-08 4.6113E-08 4.3511E-08 4.0750E-08 3.7142E-08 3.4231E-08 3.1320E-08 2.8285E-08 2.5526E-08 2.2373E-08 1.9958E-08 1.7633E-08 1.5469E-08 1.3617E-08 1.1910E-08 1.0376E-08 9.0681E-09 7.9834E-09 6.9410E-09 6.1536E-09 5.0965E-09 4.4265E-09 3.7731E-09 3.3905E-09 3.0753E-09 2.7906E-09 2.5445E-09 2.3387E-09 2.1683E-09 2.0119E-09 1.8788E-09 1.7622E-09 1.6491E-09 1.5515E-09 1.4672E-09 1.4107E-09 1.3634E-09 1.3184E-09 1.2773E-09 1.2389E-09 1.2040E-09 1.1713E-09 1.1417E-09 1.1082E-09 1.0768E-09 1.0499E-09
5.5593E-08 5.7743E-08 5.9507E-08 6.0838E-08 6.1722E-08 6.2142E-08 6.2066E-08 6.1491E-08 6.0424E-08 5.8836E-08 5.6774E-08 5.4297E-08 5.1499E-08 4.8456E-08 4.5228E-08 4.1855E-08 3.8437E-08 3.5013E-08 3.0990E-08 2.7697E-08 2.4692E-08 2.1769E-08 1.8885E-08 1.6426E-08 1.4465E-08 1.2599E-08 1.0967E-08 9.6025E-09 8.3335E-09 7.4264E-09 6.2896E-09 5.2964E-09 4.5912E-09 3.8856E-09 3.5000E-09 3.1656E-09 2.8644E-09 2.6074E-09 2.3898E-09 2.2066E-09 2.0458E-09 1.9059E-09 1.7852E-09 1.6678E-09 1.5682E-09 1.4779E-09 1.4160E-09 1.3666E-09 1.3220E-09 1.2801E-09 1.2414E-09 1.2053E-09 1.1724E-09 1.1419E-09 1.1096E-09 1.0780E-09 1.0493E-09
6.2319E-08 6.4854E-08 6.6930E-08 6.8502E-08 6.9527E-08 7.0003E-08 6.9895E-08 6.9198E-08 6.7927E-08 6.6076E-08 6.3654E-08 6.0749E-08 5.7475E-08 5.3918E-08 5.0136E-08 4.6234E-08 4.2277E-08 3.8303E-08 3.4422E-08 3.0617E-08 2.6630E-08 2.3365E-08 2.0484E-08 1.7513E-08 1.5238E-08 1.3346E-08 1.1659E-08 1.0076E-08 8.9791E-09 7.6488E-09 6.5360E-09 5.3894E-09 4.7491E-09 4.0359E-09 3.6008E-09 3.2499E-09 2.9405E-09 2.6682E-09 2.4380E-09 2.2424E-09 2.0788E-09 1.9313E-09 1.8045E-09 1.6879E-09 1.5826E-09 1.4879E-09 1.4205E-09 1.3692E-09 1.3253E-09 1.2824E-09 1.2430E-09 1.2066E-09 1.1732E-09 1.1420E-09 1.1108E-09 1.0788E-09 1.0486E-09
6.9720E-08 7.2726E-08 7.5171E-08 7.7007E-08 7.8212E-08 7.8729E-08 7.8586E-08 7.7731E-08 7.6221E-08 7.4062E-08 7.1249E-08 6.7867E-08 6.4050E-08 5.9895E-08 5.5517E-08 5.1003E-08 4.6401E-08 4.1851E-08 3.7432E-08 3.3214E-08 2.9092E-08 2.5151E-08 2.1855E-08 1.8683E-08 1.6141E-08 1.4198E-08 1.2264E-08 1.0947E-08 9.2306E-09 8.1073E-09 6.5945E-09 5.5712E-09 4.9025E-09 4.1577E-09 3.6979E-09 3.3299E-09 3.0097E-09 2.7229E-09 2.4813E-09 2.2750E-09 2.1074E-09 1.9532E-09 1.8219E-09 1.7048E-09 1.5949E-09 1.4979E-09 1.4245E-09 1.3720E-09 1.3279E-09 1.2841E-09 1.2439E-09 1.2075E-09 1.1736E-09 1.1420E-09 1.1116E-09 1.0790E-09 1.0476E-09
7.7772E-08 8.1288E-08 8.4196E-08 8.6349E-08 8.7736E-08 8.8334E-08 8.8114E-08 8.7101E-08 8.5293E-08 8.2788E-08 7.9552E-08 7.5647E-08 7.1213E-08 6.6415E-08 6.1360E-08 5.6120E-08 5.0848E-08 4.5654E-08 4.0630E-08 3.5863E-08 3.1419E-08 2.7197E-08 2.3334E-08 1.9821E-08 1.7455E-08 1.4915E-08 1.3458E-08 1.1301E-08 9.9190E-09 8.1656E-09 6.7413E-09 5.7439E-09 5.0390E-09 4.3077E-09 3.7886E-09 3.3988E-09 3.0672E-09 2.7719E-09 2.5205E-09 2.3058E-09 2.1306E-09 1.9733E-09 1.8374E-09 1.7186E-09 1.6060E-09 1.5063E-09 1.4280E-09 1.3740E-09 1.3298E-09 1.2851E-09 1.2444E-09 1.2079E-09 1.1736E-09 1.1417E-09 1.1119E-09 1.0789E-09 1.0464E-09
8.6393E-08 9.0466E-08 9.3893E-08 9.6460E-08 9.8061E-08 9.8738E-08 9.8455E-08 9.7247E-08 9.5161E-08 9.2235E-08 8.8520E-08 8.4052E-08 7.8967E-08 7.3455E-08 6.7613E-08 6.1620E-08 5.5606E-08 4.9694E-08 4.4005E-08 3.8629E-08 3.3650E-08 2.9033E-08 2.4965E-08 2.1313E-08 1.8377E-08 1.6116E-08 1.3888E-08 1.1812E-08 1.0073E-08 8.2268E-09 6.8086E-09 5.8946E-09 5.1654E-09 4.4617E-09 3.8692E-09 3.4623E-09 3.1187E-09 2.8165E-09 2.5552E-09 2.3326E-09 2.1503E-09 1.9910E-09 1.8503E-09 1.7285E-09 1.6161E-09 1.5128E-09 1.4308E-09 1.3752E-09 1.3299E-09 1.2861E-09 1.2443E-09 1.2078E-09 1.1731E-09 1.1409E-09 1.1117E-09 1.0783E-09 1.0450E-09
9.5455E-08 1.0015E-07 1.0411E-07 1.0717E-07 1.0909E-07 1.0984E-07 1.0951E-07 1.0813E-07 1.0573E-07 1.0235E-07 9.8121E-08 9.3049E-08 8.7263E-08 8.0942E-08 7.4293E-08 6.7473E-08 6.0644E-08 5.3950E-08 4.7524E-08 4.1488E-08 3.5931E-08 3.0930E-08 2.6532E-08 2.2449E-08 1.9437E-08 1.7197E-08 1.4483E-08 1.2421E-08 1.0250E-08 8.3966E-09 6.8899E-09 6.0258E-09 5.2761E-09 4.5747E-09 3.9360E-09 3.5153E-09 3.1591E-09 2.8540E-09 2.5838E-09 2.3544E-09 2.1662E-09 2.0053E-09 1.8604E-09 1.7350E-09 1.6233E-09 1.5173E-09 1.4324E-09 1.3755E-09 1.3295E-09 1.2860E-09 1.2439E-09 1.2072E-09 1.1721E-09 1.1398E-09 1.1111E-09 1.0773E-09 1.0434E-09
1.0481E-07 1.1015E-07 1.1469E-07 1.1826E-07 1.2061E-07 1.2151E-07 1.2118E-07 1.1963E-07 1.1686E-07 1.1307E-07 1.0827E-07 1.0255E-07 9.6007E-08 8.8863E-08 8.1342E-08 7.3632E-08 6.5919E-08 5.8373E-08 5.1155E-08 4.4404E-08 3.8238E-08 3.2799E-08 2.8338E-08 2.3691E-08 2.1137E-08 1.7815E-08 1.5436E-08 1.2637E-08 1.0711E-08 8.4387E-09 7.0214E-09 6.1268E-09 5.3634E-09 4.6411E-09 3.9884E-09 3.5566E-09 3.1925E-09 2.8832E-09 2.6056E-09 2.3706E-09 2.1778E-09 2.0157E-09 1.8675E-09 1.7390E-09 1.6280E-09 1.5194E-09 1.4331E-09 1.3750E-09 1.3284E-09 1.2853E-09 1.2431E-09 1.2056E-09 1.1711E-09 1.1382E-09 1.1100E-09 1.0759E-09 1.0415E-09
1.1426E-07 1.2025E-07 1.2542E-07 1.2948E-07 1.3231E-07 1.3362E-07 1.3328E-07 1.3151E-07 1.2849E-07 1.2422E-07 1.1882E-07 1.1243E-07 1.0513E-07 9.7122E-08 8.8682E-08 8.0025E-08 7.1366E-08 6.2911E-08 5.4841E-08 4.7337E-08 4.0581E-08 3.5023E-08 2.9772E-08 2.5964E-08 2.1787E-08 1.9111E-08 1.5704E-08 1.3227E-08 1.0761E-08 8.5071E-09 7.1297E-09 6.1983E-09 5.4189E-09 4.6840E-09 4.0244E-09 3.5844E-09 3.2155E-09 2.9016E-09 2.6202E-09 2.3810E-09 2.1849E-09 2.0221E-09 1.8713E-09 1.7406E-09 1.6302E-09 1.5190E-09 1.4328E-09 1.3735E-09 1.3267E-09 1.2839E-09 1.2414E-09 1.2036E-09 1.1696E-09 1.1362E-09 1.1080E-09 1.0740E-09 1.0394E-09
1.2358E-07 1.3025E-07 1.3599E-07 1.4082E-07 1.4440E-07 1.4638E-07 1.4625E-07 1.4438E-07 1.4090E-07 1.3591E-07 1.2968E-07 1.2257E-07 1.1448E-07 1.0560E-07 9.6200E-08 8.6555E-08 7.6902E-08 6.7480E-08 5.8525E-08 5.0273E-08 4.3390E-08 3.6771E-08 3.2584E-08 2.6752E-08 2.3559E-08 1.9321E-08 1.6396E-08 1.3375E-08 1.0964E-08 8.7551E-09 7.2010E-09 6.2380E-09 5.4360E-09 4.7069E-09 4.0422E-09 3.5984E-09 3.2276E-09 2.9106E-09 2.6270E-09 2.3852E-09 2.1872E-09 2.0241E-09 1.8717E-09 1.7399E-09 1.6296E-09 1.5167E-09 1.4311E-09 1.3711E-09 1.3242E-09 1.2817E-09 1.2391E-09 1.2011E-09 1.1675E-09 1.1339E-09 1.1055E-09 1.0718E-09 1.0370E-09
1.3252E-07 1.4006E-07 1.4684E-07 1.5273E-07 1.5723E-07 1.6000E-07 1.6061E-07 1.5863E-07 1.5455E-07 1.4898E-07 1.4186E-07 1.3336E-07 1.2398E-07 1.1414E-07 1.0377E-07 9.3102E-08 8.2418E-08 7.2002E-08 6.2156E-08 5.3766E-08 4.5531E-08 4.0300E-08 3.3490E-08 2.8877E-08 2.3795E-08 2.0239E-08 1.6480E-08 1.3528E-08 1.1115E-08 8.9372E-09 7.2277E-09 6.2462E-09 5.4254E-09 4.7127E-09 4.0462E-09 3.5980E-09 3.2284E-09 2.9103E-09 2.6259E-09 2.3831E-09 2.1847E-09 2.0214E-09 1.8686E-09 1.7366E-09 1.6263E-09 1.5127E-09 1.4280E-09 1.3678E-09 1.3211E-09 1.2788E-09 1.2361E-09 1.1982E-09 1.1649E-09 1.1311E-09 1.1028E-09 1.0691E-09 1.0345E-09
