Assets/Resources/2015_m01_d04_0300(utc+0800)_l00_csi_1hr_conc.grd
DSAA
         159         159
     -79.000      79.000
     -79.000      79.000
  0.6297E-11  0.1070E-04
[rows 75 to 99 of 159, columns 57 to 113 of 159]
1.9557E-10 2.0040E-10 2.0529E-10 2.1025E-10 2.1527E-10 2.2036E-10 2.2552E-10 2.3073E-10 2.3601E-10 2.4134E-10 2.4674E-10 2.5219E-10 2.6939E-10 3.3157E-10 4.6658E-10 6.3939E-10 8.3821E-10 1.0557E-09 1.3558E-09 1.7176E-09 2.1609E-09 2.6912E-09 3.4860E-09 4.4226E-09 5.5313E-09 6.8678E-09 8.4106E-09 1.0211E-08 1.2273E-08 1.4673E-08 1.7626E-08 2.1287E-08 2.5820E-08 3.1188E-08 3.8926E-08 4.8938E-08 6.3063E-08 8.0693E-08 1.0529E-07 1.3630E-07 1.6741E-07 1.9394E-07 2.1337E-07 2.2535E-07 2.3054E-07 2.3178E-07 2.2998E-07 2.2867E-07 2.2697E-07 2.2450E-07 2.2076E-07 2.1585E-07 2.1008E-07 2.0409E-07 1.9790E-07 1.9158E-07 1.8541E-07
1.9736E-10 2.0223E-10 2.0717E-10 2.1217E-10 2.1725E-10 2.2238E-10 2.2758E-10 2.3285E-10 2.3817E-10 2.4356E-10 2.4901E-10 2.5451E-10 2.7920E-10 3.4087E-10 4.9718E-10 6.6859E-10 8.6957E-10 1.0902E-09 1.4032E-09 1.7843E-09 2.2412E-09 2.7890E-09 3.6161E-09 4.5830E-09 5.7283E-09 7.1075E-09 8.7000E-09 1.0561E-08 1.2692E-08 1.5239E-08 1.8470E-08 2.2447E-08 2.7405E-08 3.4011E-08 4.2779E-08 5.6358E-08 7.6446E-08 1.0056E-07 1.3494E-07 1.7229E-07 2.0682E-07 2.3445E-07 2.5339E-07 2.6367E-07 2.6679E-07 2.6472E-07 2.6091E-07 2.5659E-07 2.5118E-07 2.4471E-07 2.3717E-07 2.2891E-07 2.2046E-07 2.1213E-07 2.0431E-07 1.9684E-07 1.8972E-07
1.9911E-10 2.0403E-10 2.0901E-10 2.1406E-10 2.1918E-10 2.2437E-10 2.2962E-10 2.3493E-10 2.4030E-10 2.4574E-10 2.5123E-10 2.5679E-10 2.8856E-10 3.4610E-10 5.2096E-10 6.9384E-10 8.9600E-10 1.1192E-09 1.4415E-09 1.8381E-09 2.3073E-09 2.8691E-09 3.7214E-09 4.7121E-09 5.8857E-09 7.2976E-09 8.9284E-09 1.0839E-08 1.3037E-08 1.5758E-08 1.9196E-08 2.3550E-08 2.9400E-08 3.6571E-08 4.8214E-08 6.7375E-08 9.1978E-08 1.2772E-07 1.7040E-07 2.1333E-07 2.5089E-07 2.7948E-07 2.9774E-07 3.0600E-07 3.0597E-07 3.0072E-07 2.9355E-07 2.8516E-07 2.7533E-07 2.6422E-07 2.5249E-07 2.4070E-07 2.2938E-07 2.1887E-07 2.0933E-07 2.0069E-07 1.9265E-07
2.0083E-10 2.0579E-10 2.1082E-10 2.1592E-10 2.2109E-10 2.2632E-10 2.3161E-10 2.3697E-10 2.4240E-10 2.4788E-10 2.5343E-10 2.5903E-10 2.9691E-10 3.5077E-10 5.3658E-10 7.1440E-10 9.1673E-10 1.1419E-09 1.4713E-09 1.8782E-09 2.3573E-09 2.9298E-09 3.7993E-09 4.8070E-09 5.9995E-09 7.4336E-09 9.0905E-09 1.1049E-08 1.3299E-08 1.6188E-08 2.0023E-08 2.4850E-08 3.0977E-08 4.0954E-08 5.4746E-08 7.9764E-08 1.1447E-07 1.6034E-07 2.1076E-07 2.5875E-07 2.9915E-07 3.2848E-07 3.4546E-07 3.5087E-07 3.4721E-07 3.3806E-07 3.2610E-07 3.1279E-07 2.9796E-07 2.8208E-07 2.6597E-07 2.5068E-07 2.3658E-07 2.2396E-07 2.1277E-07 2.0304E-07 1.9427E-07
2.0253E-10 2.0753E-10 2.1260E-10 2.1774E-10 2.2295E-10 2.2823E-10 2.3357E-10 2.3898E-10 2.4445E-10 2.4998E-10 2.5558E-10 2.6123E-10 3.0433E-10 3.5482E-10 5.4388E-10 7.2920E-10 9.3117E-10 1.1580E-09 1.4918E-09 1.9049E-09 2.3902E-09 2.9697E-09 3.8477E-09 8.2475E-06 7.4998E-06 7.5487E-06 7.0937E-06 7.6680E-06 3.0720E-06 1.6599E-08 2.0559E-08 2.5999E-08 3.3780E-08 4.4327E-08 6.4077E-08 9.6777E-08 1.4229E-07 1.9900E-07 2.5651E-07 3.0798E-07 3.5043E-07 3.7994E-07 3.9448E-07 3.9585E-07 3.8819E-07 3.7360E-07 3.5601E-07 3.3730E-07 3.1742E-07 2.9685E-07 2.7681E-07 2.5816E-07 2.4155E-07 2.2705E-07 2.1449E-07 2.0377E-07 1.9440E-07
2.0419E-10 2.0923E-10 2.1435E-10 2.1953E-10 2.2479E-10 2.3011E-10 2.3550E-10 2.4095E-10 2.4647E-10 2.5205E-10 2.5769E-10 2.6339E-10 3.1034E-10 3.5822E-10 5.4903E-10 7.3781E-10 9.3889E-10 1.1670E-09 1.5027E-09 1.9173E-09 2.4050E-09 2.9876E-09 3.8656E-09 4.8867E-09 1.0704E-05 7.5193E-06 6.9012E-06 5.5199E-06 3.7541E-06 8.9155E-06 4.4505E-07 2.7210E-08 3.5467E-08 4.9069E-08 6.9894E-08 1.1599E-07 1.7679E-07 2.4340E-07 3.0777E-07 3.6145E-07 4.0245E-07 4.3001E-07 4.4090E-07 4.3764E-07 4.2441E-07 4.0398E-07 3.8067E-07 3.5642E-07 3.3180E-07 3.0718E-07 2.8377E-07 2.6240E-07 2.4380E-07 2.2782E-07 2.1425E-07 2.0276E-07 1.9297E-07
2.0581E-10 2.1090E-10 2.1606E-10 2.2128E-10 2.2658E-10 2.3195E-10 2.3738E-10 2.4288E-10 2.4844E-10 2.5407E-10 2.5975E-10 2.6550E-10 3.1470E-10 3.6094E-10 5.5197E-10 7.3992E-10 9.3970E-10 1.1689E-09 1.5036E-09 1.9155E-09 2.4015E-09 2.9767E-09 3.8524E-09 4.8695E-09 6.0582E-09 7.4835E-09 9.1500E-09 1.1115E-08 1.3558E-08 6.5494E-08 6.0814E-06 2.1202E-06 3.7732E-08 5.2608E-08 7.7486E-08 1.3953E-07 2.1675E-07 2.9629E-07 3.6518E-07 4.1902E-07 4.5491E-07 4.7527E-07 4.8015E-07 4.7071E-07 4.5164E-07 4.2586E-07 3.9703E-07 3.6791E-07 3.3935E-07 3.1180E-07 2.8602E-07 2.6288E-07 2.4288E-07 2.2600E-07 2.1183E-07 1.9994E-07 1.8987E-07
2.0740E-10 2.1253E-10 2.1773E-10 2.2300E-10 2.2834E-10 2.3375E-10 2.3922E-10 2.4476E-10 2.5037E-10 2.5604E-10 2.6177E-10 2.6757E-10 3.1722E-10 3.6297E-10 5.5267E-10 7.3545E-10 9.3361E-10 1.1636E-09 1.4947E-09 1.9000E-09 2.3798E-09 2.9518E-09 3.8086E-09 4.8146E-09 5.9791E-09 7.3801E-09 9.0300E-09 1.0963E-08 1.3421E-08 1.6841E-08 2.7399E-08 3.5974E-06 4.0983E-06 2.1703E-07 8.8823E-08 1.6218E-07 2.7029E-07 3.6122E-07 4.3094E-07 4.7822E-07 5.0479E-07 5.1296E-07 5.0746E-07 4.9106E-07 4.6580E-07 4.3553E-07 4.0253E-07 3.6983E-07 3.3886E-07 3.0980E-07 2.8293E-07 2.5905E-07 2.3855E-07 2.2145E-07 2.0712E-07 1.9507E-07 1.8492E-07
2.0895E-10 2.1412E-10 2.1936E-10 2.2467E-10 2.3005E-10 2.3550E-10 2.4102E-10 2.4661E-10 2.5226E-10 2.5797E-10 2.6375E-10 2.6959E-10 3.1783E-10 3.6431E-10 5.5118E-10 7.2448E-10 9.2087E-10 1.1513E-09 1.4762E-09 1.8708E-09 2.3405E-09 2.9059E-09 3.7355E-09 4.7195E-09 5.8528E-09 7.2210E-09 8.8464E-09 1.0721E-08 1.3164E-08 1.6551E-08 2.1343E-08 2.8305E-08 1.9331E-06 5.0295E-06 8.7432E-07 1.9838E-07 3.5232E-07 4.5246E-07 5.0950E-07 5.3756E-07 5.4555E-07 5.3885E-07 5.1973E-07 4.9399E-07 4.6412E-07 4.3092E-07 3.9578E-07 3.6149E-07 3.3000E-07 3.0096E-07 2.7442E-07 2.5096E-07 2.3077E-07 2.1404E-07 2.0011E-07 1.8825E-07 1.7825E-07
2.1047E-10 2.1568E-10 2.2095E-10 2.2631E-10 2.3173E-10 2.3722E-10 2.4278E-10 2.4841E-10 2.5410E-10 2.5986E-10 2.6568E-10 2.7156E-10 3.1653E-10 3.6497E-10 5.4758E-10 7.0732E-10 9.0194E-10 1.1324E-09 1.4470E-09 1.8274E-09 2.2750E-09 2.8402E-09 3.6168E-09 4.5858E-09 5.6843E-09 7.0102E-09 8.5955E-09 1.0402E-08 1.2795E-08 1.6067E-08 2.0764E-08 2.7856E-08 3.9129E-08 1.0328E-06 4.7492E-06 2.0365E-06 5.7497E-07 6.0202E-07 6.0709E-07 5.9288E-07 5.7084E-07 5.4466E-07 5.1362E-07 4.7934E-07 4.4564E-07 4.1180E-07 3.7725E-07 3.4392E-07 3.1346E-07 2.8580E-07 2.6083E-07 2.3881E-07 2.1987E-07 2.0406E-07 1.9091E-07 1.7987E-07 1.7030E-07
2.1195E-10 2.1719E-10 2.2251E-10 2.2790E-10 2.3336E-10 2.3889E-10 2.4449E-10 2.5016E-10 2.5590E-10 2.6170E-10 2.6756E-10 2.7349E-10 3.1343E-10 3.6498E-10 5.4096E-10 6.8503E-10 8.7769E-10 1.1075E-09 1.4060E-09 1.7703E-09 2.2065E-09 2.7563E-09 3.4836E-09 4.4209E-09 5.4778E-09 6.7602E-09 8.2770E-09 1.0013E-08 1.2320E-08 1.5417E-08 1.9891E-08 2.6627E-08 3.7702E-08 6.0966E-08 1.2530E-06 6.0084E-06 3.4058E-06 1.0464E-06 7.1929E-07 6.3097E-07 5.7218E-07 5.2602E-07 4.8612E-07 4.4838E-07 4.1256E-07 3.7996E-07 3.4843E-07 3.1813E-07 2.9031E-07 2.6543E-07 2.4311E-07 2.2336E-07 2.0640E-07 1.9216E-07 1.8030E-07 1.7025E-07 1.6160E-07
2.1338E-10 2.1867E-10 2.2402E-10 2.2945E-10 2.3495E-10 2.4052E-10 2.4616E-10 2.5187E-10 2.5765E-10 2.6349E-10 2.6939E-10 2.7536E-10 3.0895E-10 3.6439E-10 5.2307E-10 6.5842E-10 8.4855E-10 1.0740E-09 1.3556E-09 1.7025E-09 2.1252E-09 2.6367E-09 3.3260E-09 4.1933E-09 5.2476E-09 6.4619E-09 7.8991E-09 9.5731E-09 1.1717E-08 1.4636E-08 1.8738E-08 2.4868E-08 3.4901E-08 8.4900E-08 2.3153E-06 6.0172E-06 6.7466E-06 3.0237E-06 8.3280E-07 6.3521E-07 5.4028E-07 4.8161E-07 4.3772E-07 4.0166E-07 3.6885E-07 3.3909E-07 3.1207E-07 2.8649E-07 2.6265E-07 2.4149E-07 2.2262E-07 2.0580E-07 1.9129E-07 1.7905E-07 1.6866E-07 1.5988E-07 1.5210E-07
2.1478E-10 2.2010E-10 2.2549E-10 2.3096E-10 2.3649E-10 2.4210E-10 2.4778E-10 2.5353E-10 2.5935E-10 2.6523E-10 2.7117E-10 2.7718E-10 3.0299E-10 3.6326E-10 4.9375E-10 6.2889E-10 8.2029E-10 1.0315E-09 1.2949E-09 1.6262E-09 2.0351E-09 2.5176E-09 3.1567E-09 3.9692E-09 4.9854E-09 6.1256E-09 7.4809E-09 9.0920E-09 1.1025E-08 1.3755E-08 1.7344E-08 2.2788E-08 3.1327E-08 2.4884E-07 3.9306E-06 6.8137E-06 6.8569E-06 2.9267E-06 8.0912E-07 5.7839E-07 4.7492E-07 4.1425E-07 3.7442E-07 3.4344E-07 3.1724E-07 2.9361E-07 2.7189E-07 2.5182E-07 2.3287E-07 2.1594E-07 2.0081E-07 1.8721E-07 1.7538E-07 1.6523E-07 1.5649E-07 1.4891E-07 1.4217E-07
2.1614E-10 2.2149E-10 2.2692E-10 2.3242E-10 2.3799E-10 2.4364E-10 2.4936E-10 2.5514E-10 2.6100E-10 2.6692E-10 2.7290E-10 2.7895E-10 2.9613E-10 3.6164E-10 4.6168E-10 5.9752E-10 7.8918E-10 9.8083E-10 1.2292E-09 1.5450E-09 1.9341E-09 2.3857E-09 2.9519E-09 3.7327E-09 4.6728E-09 5.7587E-09 7.0400E-09 8.5563E-09 1.0296E-08 1.2798E-08 1.5848E-08 2.0532E-08 2.8347E-08 1.0593E-07 1.4211E-06 4.2723E-06 5.2367E-06 1.6625E-06 6.1589E-07 4.5037E-07 3.7562E-07 3.3370E-07 3.0385E-07 2.8150E-07 2.6320E-07 2.4682E-07 2.3155E-07 2.1701E-07 2.0318E-07 1.9051E-07 1.7901E-07 1.6858E-07 1.5930E-07 1.5120E-07 1.4408E-07 1.3767E-07 1.3215E-07
2.1745E-10 2.2284E-10 2.2830E-10 2.3384E-10 2.3945E-10 2.4513E-10 2.5088E-10 2.5670E-10 2.6259E-10 2.6855E-10 2.7458E-10 2.8066E-10 2.8894E-10 3.5664E-10 4.2913E-10 5.7425E-10 7.3987E-10 9.2559E-10 1.1622E-09 1.4581E-09 1.8226E-09 2.2458E-09 2.7628E-09 3.4907E-09 4.3592E-09 5.3814E-09 6.5796E-09 7.9697E-09 9.5811E-09 1.1798E-08 1.4465E-08 1.8337E-08 2.4829E-08 3.6862E-08 8.7385E-08 5.3364E-07 1.2176E-06 4.5939E-07 2.9428E-07 2.8266E-07 2.6328E-07 2.4816E-07 2.3488E-07 2.2257E-07 2.1209E-07 2.0252E-07 1.9331E-07 1.8422E-07 1.7508E-07 1.6633E-07 1.5810E-07 1.5058E-07 1.4364E-07 1.3742E-07 1.3176E-07 1.2659E-07 1.2211E-07
2.1872E-10 2.2414E-10 2.2964E-10 2.3521E-10 2.4085E-10 2.4657E-10 2.5236E-10 2.5821E-10 2.6414E-10 2.7014E-10 2.7620E-10 2.8232E-10 2.8851E-10 3.4045E-10 3.9695E-10 5.5776E-10 6.8469E-10 8.7220E-10 1.0926E-09 1.3657E-09 1.7008E-09 2.1017E-09 2.5863E-09 3.2262E-09 4.0197E-09 4.9991E-09 6.0890E-09 7.3695E-09 8.8860E-09 1.0670E-08 1.3144E-08 1.6167E-08 2.2513E-08 3.1343E-08 4.4303E-08 6.2168E-08 1.0330E-07 1.1545E-07 1.3613E-07 1.5292E-07 1.6673E-07 1.7359E-07 1.7368E-07 1.7131E-07 1.6763E-07 1.6354E-07 1.5928E-07 1.5461E-07 1.4970E-07 1.4429E-07 1.3886E-07 1.3369E-07 1.2879E-07 1.2421E-07 1.1981E-07 1.1592E-07 1.1225E-07
2.1995E-10 2.2540E-10 2.3093E-10 2.3653E-10 2.4221E-10 2.4796E-10 2.5378E-10 2.5967E-10 2.6564E-10 2.7167E-10 2.7776E-10 2.8392E-10 2.9015E-10 3.2457E-10 3.7872E-10 5.1482E-10 6.3218E-10 8.2368E-10 1.0195E-09 1.2675E-09 1.5792E-09 1.9590E-09 2.3954E-09 2.9402E-09 3.6866E-09 4.5776E-09 5.5888E-09 6.7813E-09 8.1602E-09 9.7081E-09 1.1875E-08 1.4375E-08 1.9776E-08 2.6965E-08 3.6577E-08 4.8672E-08 6.2871E-08 7.8195E-08 9.2519E-08 1.0409E-07 1.1253E-07 1.2072E-07 1.2727E-07 1.3022E-07 1.3167E-07 1.3159E-07 1.3072E-07 1.2928E-07 1.2733E-07 1.2472E-07 1.2156E-07 1.1826E-07 1.1504E-07 1.1176E-07 1.0860E-07 1.0569E-07 1.0266E-07
2.2113E-10 2.2661E-10 2.3217E-10 2.3780E-10 2.4351E-10 2.4930E-10 2.5515E-10 2.6108E-10 2.6707E-10 2.7314E-10 2.7927E-10 2.8547E-10 2.9173E-10 3.0944E-10 3.7461E-10 4.5870E-10 5.9410E-10 7.6240E-10 9.4142E-10 1.1744E-09 1.4577E-09 1.8058E-09 2.2061E-09 2.6921E-09 3.3678E-09 4.1644E-09 5.1091E-09 6.1860E-09 7.4193E-09 8.8708E-09 1.0491E-08 1.2797E-08 1.7664E-08 2.3325E-08 3.0872E-08 3.9793E-08 4.9489E-08 5.9595E-08 6.9421E-08 7.8259E-08 8.5541E-08 9.1446E-08 9.6377E-08 1.0074E-07 1.0403E-07 1.0651E-07 1.0776E-07 1.0835E-07 1.0827E-07 1.0757E-07 1.0624E-07 1.0445E-07 1.0244E-07 1.0021E-07 9.8175E-08 9.5901E-08 9.3711E-08
2.2227E-10 2.2778E-10 2.3336E-10 2.3903E-10 2.4477E-10 2.5058E-10 2.5647E-10 2.6243E-10 2.6846E-10 2.7456E-10 2.8072E-10 2.8695E-10 2.9324E-10 2.9960E-10 3.6378E-10 4.0921E-10 5.7008E-10 6.8649E-10 8.7358E-10 1.0767E-09 1.3365E-09 1.6502E-09 2.0271E-09 2.4638E-09 3.0124E-09 3.7469E-09 4.6081E-09 5.5850E-09 6.7175E-09 8.0302E-09 9.4765E-09 1.1231E-08 1.5844E-08 2.0623E-08 2.6483E-08 3.3274E-08 4.0727E-08 4.8207E-08 5.5378E-08 6.1942E-08 6.7634E-08 7.2751E-08 7.7345E-08 8.1052E-08 8.4241E-08 8.7178E-08 8.9655E-08 9.1324E-08 9.2371E-08 9.2873E-08 9.2785E-08 9.2134E-08 9.1009E-08 8.9839E-08 8.8403E-08 8.6841E-08 8.5217E-08
2.2335E-10 2.2889E-10 2.3451E-10 2.4020E-10 2.4597E-10 2.5182E-10 2.5774E-10 2.6373E-10 2.6979E-10 2.7592E-10 2.8211E-10 2.8837E-10 2.9470E-10 3.0109E-10 3.3780E-10 3.8986E-10 5.1260E-10 6.2530E-10 8.0817E-10 9.8664E-10 1.2181E-09 1.5047E-09 1.8436E-09 2.2340E-09 2.7074E-09 3.3694E-09 4.1707E-09 5.0291E-09 6.0487E-09 7.2024E-09 8.5458E-09 9.9895E-09 1.4061E-08 1.8320E-08 2.3187E-08 2.8583E-08 3.4133E-08 3.9854E-08 4.5624E-08 5.0703E-08 5.5253E-08 5.9858E-08 6.3850E-08 6.7373E-08 7.0449E-08 7.3164E-08 7.5627E-08 7.7800E-08 7.9415E-08 8.0564E-08 8.1189E-08 8.1286E-08 8.0922E-08 8.0355E-08 7.9516E-08 7.8456E-08 7.7224E-08
2.2440E-10 2.2996E-10 2.3561E-10 2.4133E-10 2.4713E-10 2.5300E-10 2.5895E-10 2.6497E-10 2.7106E-10 2.7722E-10 2.8344E-10 2.8974E-10 2.9610E-10 3.0252E-10 3.1599E-10 3.8399E-10 4.4091E-10 5.9033E-10 7.1775E-10 9.0044E-10 1.1019E-09 1.3541E-09 1.6657E-09 2.0243E-09 2.4419E-09 2.9908E-09 3.6953E-09 4.5132E-09 5.3984E-09 6.4424E-09 7.6329E-09 9.5012E-09 1.2597E-08 1.5986E-08 2.0386E-08 2.4911E-08 2.9459E-08 3.3943E-08 3.8303E-08 4.2324E-08 4.6420E-08 5.0276E-08 5.3823E-08 5.7079E-08 6.0042E-08 6.2658E-08 6.4992E-08 6.7076E-08 6.8866E-08 7.0254E-08 7.1265E-08 7.1754E-08 7.1963E-08 7.1791E-08 7.1325E-08 7.0701E-08 6.9758E-08
2.2539E-10 2.3098E-10 2.3665E-10 2.4240E-10 2.4823E-10 2.5413E-10 2.6010E-10 2.6615E-10 2.7227E-10 2.7846E-10 2.8471E-10 2.9104E-10 2.9743E-10 3.0388E-10 3.1039E-10 3.6188E-10 4.0238E-10 5.3765E-10 6.4169E-10 8.2235E-10 9.9387E-10 1.2233E-09 1.4952E-09 1.8198E-09 2.2056E-09 2.6882E-09 3.2894E-09 4.0128E-09 4.8079E-09 5.7212E-09 6.7421E-09 8.4499E-09 1.1361E-08 1.4299E-08 1.7704E-08 2.1585E-08 2.5704E-08 2.9475E-08 3.3072E-08 3.6432E-08 3.9728E-08 4.3011E-08 4.6109E-08 4.8998E-08 5.1707E-08 5.4192E-08 5.6368E-08 5.8426E-08 6.0214E-08 6.1638E-08 6.2752E-08 6.3539E-08 6.3977E-08 6.4057E-08 6.3877E-08 6.3507E-08 6.2808E-08
2.2633E-10 2.3195E-10 2.3765E-10 2.4342E-10 2.4927E-10 2.5520E-10 2.6120E-10 2.6727E-10 2.7342E-10 2.7964E-10 2.8592E-10 2.9227E-10 2.9869E-10 3.0517E-10 3.1171E-10 3.3075E-10 3.9502E-10 4.5208E-10 6.0011E-10 7.1742E-10 9.0055E-10 1.0855E-09 1.3357E-09 1.6595E-09 2.0123E-09 2.4053E-09 2.8894E-09 3.5053E-09 4.2430E-09 5.0232E-09 5.9310E-09 7.9611E-09 1.0134E-08 1.2777E-08 1.5710E-08 1.8820E-08 2.2019E-08 2.5496E-08 2.8697E-08 3.1572E-08 3.4404E-08 3.7302E-08 3.9987E-08 4.2512E-08 4.4945E-08 4.7193E-08 4.9273E-08 5.1127E-08 5.2834E-08 5.4243E-08 5.5344E-08 5.6299E-08 5.6830E-08 5.7047E-08 5.7138E-08 5.6894E-08 5.6382E-08
2.2723E-10 2.3287E-10 2.3859E-10 2.4439E-10 2.5026E-10 2.5621E-10 2.6224E-10 2.6834E-10 2.7451E-10 2.8076E-10 2.8707E-10 2.9345E-10 2.9989E-10 3.0640E-10 3.1297E-10 3.1960E-10 3.7586E-10 4.1180E-10 5.3461E-10 6.4155E-10 8.0055E-10 9.8935E-10 1.2211E-09 1.4817E-09 1.7891E-09 2.1374E-09 2.5472E-09 3.0617E-09 3.6876E-09 4.3943E-09 5.1545E-09 7.1067E-09 8.9748E-09 1.1314E-08 1.3923E-08 1.6631E-08 1.9361E-08 2.2084E-08 2.4690E-08 2.7061E-08 2.9822E-08 3.2389E-08 3.4779E-08 3.7036E-08 3.9221E-08 4.1271E-08 4.3169E-08 4.4926E-08 4.6479E-08 4.7794E-08 4.8918E-08 4.9828E-08 5.0443E-08 5.0848E-08 5.1001E-08 5.0893E-08 5.0498E-08
2.2807E-10 2.3373E-10 2.3948E-10 2.4530E-10 2.5120E-10 2.5717E-10 2.6322E-10 2.6935E-10 2.7555E-10 2.8181E-10 2.8815E-10 2.9455E-10 3.0102E-10 3.0756E-10 3.1415E-10 3.2081E-10 3.3671E-10 4.0326E-10 4.4991E-10 5.9941E-10 7.0955E-10 9.0951E-10 1.0769E-09 1.3192E-09 1.5947E-09 1.8891E-09 2.2320E-09 2.6487E-09 3.1929E-09 3.8196E-09 4.4884E-09 6.2566E-09 7.9724E-09 9.9464E-09 1.2243E-08 1.4648E-08 1.7024E-08 1.9338E-08 2.1606E-08 2.3750E-08 2.5885E-08 2.8127E-08 3.0245E-08 3.2338E-08 3.4338E-08 3.6226E-08 3.7976E-08 3.9585E-08 4.1010E-08 4.2215E-08 4.3294E-08 4.4139E-08 4.4810E-08 4.5274E-08 4.5477E-08 4.5445E-08 4.5176E-08
