Assets/Resources/2015_m01_d29_0300(utc+0800)_l00_csi_1hr_conc.grd
DSAA
         159         159
     -79.000      79.000
     -79.000      79.000
  0.0000E+00  0.2257E-04
[rows 0 to 24 of 159, columns 0 to 56 of 159]
1.3655E-10 1.5121E-10 1.6791E-10 1.8437E-10 2.0379E-10 2.2390E-10 2.4549E-10 2.6952E-10 2.9355E-10 3.2093E-10 3.4930E-10 3.7855E-10 4.0950E-10 4.4217E-10 4.7715E-10 5.1338E-10 5.5135E-10 5.9105E-10 6.3245E-10 6.7552E-10 7.2540E-10 7.7408E-10 8.2485E-10 8.7760E-10 9.3218E-10 9.8872E-10 1.0474E-09 1.1069E-09 1.1726E-09 1.2410E-09 1.3107E-09 1.3791E-09 1.4527E-09 1.5269E-09 1.6008E-09 1.6788E-09 1.7530E-09 1.8298E-09 1.9061E-09 1.9625E-09 1.9907E-09 2.0143E-09 2.0327E-09 2.0451E-09 2.0540E-09 2.0687E-09 2.0718E-09 2.0725E-09 2.0708E-09 2.0651E-09 2.0590E-09 2.0482E-09 2.0371E-09 2.0226E-09 2.0055E-09 1.9868E-09 1.9683E-09
1.3787E-10 1.5272E-10 1.6968E-10 1.8717E-10 2.0689E-10 2.2651E-10 2.4928E-10 2.7291E-10 2.9818E-10 3.2607E-10 3.5410E-10 3.8386E-10 4.1535E-10 4.4866E-10 4.8427E-10 5.2119E-10 5.5991E-10 6.0040E-10 6.4264E-10 6.8660E-10 7.3697E-10 7.8661E-10 8.3845E-10 8.9238E-10 9.4827E-10 1.0073E-09 1.0667E-09 1.1279E-09 1.1952E-09 1.2652E-09 1.3347E-09 1.4074E-09 1.4838E-09 1.5571E-09 1.6369E-09 1.7169E-09 1.7940E-09 1.8739E-09 1.9518E-09 2.0302E-09 2.0785E-09 2.1040E-09 2.1229E-09 2.1384E-09 2.1487E-09 2.1614E-09 2.1681E-09 2.1689E-09 2.1657E-09 2.1614E-09 2.1540E-09 2.1440E-09 2.1313E-09 2.1153E-09 2.0988E-09 2.0806E-09 2.0597E-09
1.3893E-10 1.5477E-10 1.7114E-10 1.8885E-10 2.0886E-10 2.2955E-10 2.5184E-10 2.7582E-10 3.0231E-10 3.2984E-10 3.5830E-10 3.8851E-10 4.2051E-10 4.5488E-10 4.9059E-10 5.2814E-10 5.6754E-10 6.0876E-10 6.5178E-10 6.9658E-10 7.4469E-10 7.9785E-10 8.5065E-10 9.0568E-10 9.6414E-10 1.0233E-09 1.0848E-09 1.1471E-09 1.2164E-09 1.2866E-09 1.3575E-09 1.4343E-09 1.5121E-09 1.5886E-09 1.6702E-09 1.7515E-09 1.8329E-09 1.9168E-09 1.9970E-09 2.0804E-09 2.1571E-09 2.1954E-09 2.2185E-09 2.2359E-09 2.2459E-09 2.2594E-09 2.2677E-09 2.2674E-09 2.2657E-09 2.2614E-09 2.2543E-09 2.2423E-09 2.2284E-09 2.2137E-09 2.1953E-09 2.1750E-09 2.1531E-09
1.4052E-10 1.5574E-10 1.7228E-10 1.9101E-10 2.1044E-10 2.3138E-10 2.5480E-10 2.7823E-10 3.0512E-10 3.3303E-10 3.6186E-10 3.9248E-10 4.2506E-10 4.5982E-10 4.9606E-10 5.3419E-10 5.7420E-10 6.1609E-10 6.5983E-10 7.0538E-10 7.5271E-10 8.0773E-10 8.6140E-10 9.1773E-10 9.7711E-10 1.0382E-09 1.1005E-09 1.1651E-09 1.2335E-09 1.3039E-09 1.3799E-09 1.4583E-09 1.5357E-09 1.6171E-09 1.7011E-09 1.7824E-09 1.8704E-09 1.9564E-09 2.0411E-09 2.1279E-09 2.2099E-09 2.2847E-09 2.3169E-09 2.3340E-09 2.3477E-09 2.3621E-09 2.3689E-09 2.3719E-09 2.3713E-09 2.3657E-09 2.3562E-09 2.3459E-09 2.3314E-09 2.3143E-09 2.2950E-09 2.2751E-09 2.2523E-09
1.4108E-10 1.5722E-10 1.7391E-10 1.9202E-10 2.1163E-10 2.3362E-10 2.5647E-10 2.8101E-10 3.0823E-10 3.3561E-10 3.6477E-10 3.9574E-10 4.2915E-10 4.6394E-10 5.0065E-10 5.3929E-10 5.7985E-10 6.2234E-10 6.6672E-10 7.1297E-10 7.6103E-10 8.1621E-10 8.7063E-10 9.2892E-10 9.8834E-10 1.0507E-09 1.1148E-09 1.1804E-09 1.2477E-09 1.3222E-09 1.4002E-09 1.4799E-09 1.5583E-09 1.6430E-09 1.7294E-09 1.8144E-09 1.9043E-09 1.9931E-09 2.0826E-09 2.1718E-09 2.2599E-09 2.3460E-09 2.4124E-09 2.4373E-09 2.4516E-09 2.4627E-09 2.4761E-09 2.4810E-09 2.4783E-09 2.4726E-09 2.4648E-09 2.4523E-09 2.4370E-09 2.4199E-09 2.4005E-09 2.3786E-09 2.3548E-09
1.4216E-10 1.5763E-10 1.7442E-10 1.9348E-10 2.1325E-10 2.3461E-10 2.5766E-10 2.8329E-10 3.0995E-10 3.3758E-10 3.6701E-10 3.9828E-10 4.3206E-10 4.6722E-10 5.0434E-10 5.4341E-10 5.8446E-10 6.2747E-10 6.7242E-10 7.1928E-10 7.6801E-10 8.2034E-10 8.7921E-10 9.3744E-10 9.9845E-10 1.0612E-09 1.1268E-09 1.1940E-09 1.2625E-09 1.3389E-09 1.4176E-09 1.4982E-09 1.5795E-09 1.6663E-09 1.7529E-09 1.8427E-09 1.9363E-09 2.0272E-09 2.1204E-09 2.2151E-09 2.3074E-09 2.3954E-09 2.4831E-09 2.5410E-09 2.5574E-09 2.5724E-09 2.5854E-09 2.5905E-09 2.5896E-09 2.5849E-09 2.5754E-09 2.5627E-09 2.5483E-09 2.5301E-09 2.5095E-09 2.4867E-09 2.4620E-09
1.4220E-10 1.5772E-10 1.7542E-10 1.9379E-10 2.1366E-10 2.3601E-10 2.5922E-10 2.8422E-10 3.1109E-10 3.3891E-10 3.6856E-10 4.0008E-10 4.3417E-10 4.6964E-10 5.0709E-10 5.4655E-10 5.8800E-10 6.3146E-10 6.7691E-10 7.2430E-10 7.7360E-10 8.2475E-10 8.8579E-10 9.4451E-10 1.0060E-09 1.0704E-09 1.1365E-09 1.2052E-09 1.2751E-09 1.3525E-09 1.4316E-09 1.5115E-09 1.5980E-09 1.6876E-09 1.7742E-09 1.8681E-09 1.9658E-09 2.0586E-09 2.1565E-09 2.2534E-09 2.3501E-09 2.4453E-09 2.5353E-09 2.6210E-09 2.6678E-09 2.6816E-09 2.6975E-09 2.7061E-09 2.7050E-09 2.6995E-09 2.6913E-09 2.6788E-09 2.6629E-09 2.6442E-09 2.6230E-09 2.5995E-09 2.5740E-09
1.4196E-10 1.5832E-10 1.7529E-10 1.9371E-10 2.1450E-10 2.3614E-10 2.5947E-10 2.8547E-10 3.1164E-10 3.3961E-10 3.6942E-10 4.0113E-10 4.3546E-10 4.7118E-10 5.0890E-10 5.4866E-10 5.9046E-10 6.3429E-10 6.8014E-10 7.2798E-10 7.7777E-10 8.3057E-10 8.8870E-10 9.4996E-10 1.0119E-09 1.0769E-09 1.1446E-09 1.2138E-09 1.2856E-09 1.3601E-09 1.4423E-09 1.5255E-09 1.6144E-09 1.7034E-09 1.7940E-09 1.8925E-09 1.9877E-09 2.0880E-09 2.1915E-09 2.2892E-09 2.3931E-09 2.4896E-09 2.5836E-09 2.6780E-09 2.7625E-09 2.7951E-09 2.8134E-09 2.8229E-09 2.8227E-09 2.8193E-09 2.8105E-09 2.7979E-09 2.7819E-09 2.7629E-09 2.7412E-09 2.7171E-09 2.6933E-09
1.4224E-10 1.5784E-10 1.7561E-10 1.9409E-10 2.1413E-10 2.3582E-10 2.6008E-10 2.8536E-10 3.1160E-10 3.3966E-10 3.6958E-10 4.0141E-10 4.3593E-10 4.7183E-10 5.0976E-10 5.4974E-10 5.9180E-10 6.3592E-10 6.8210E-10 7.3030E-10 7.8049E-10 8.3406E-10 8.9060E-10 9.5325E-10 1.0162E-09 1.0814E-09 1.1499E-09 1.2207E-09 1.2930E-09 1.3676E-09 1.4503E-09 1.5367E-09 1.6269E-09 1.7143E-09 1.8127E-09 1.9114E-09 2.0083E-09 2.1164E-09 2.2201E-09 2.3244E-09 2.4298E-09 2.5306E-09 2.6327E-09 2.7295E-09 2.8211E-09 2.9013E-09 2.9315E-09 2.9427E-09 2.9453E-09 2.9416E-09 2.9334E-09 2.9211E-09 2.9052E-09 2.8861E-09 2.8648E-09 2.8420E-09 2.8153E-09
1.4147E-10 1.5705E-10 1.7483E-10 1.9330E-10 2.1416E-10 2.3589E-10 2.5937E-10 2.8470E-10 3.1097E-10 3.3906E-10 3.6903E-10 4.0093E-10 4.3558E-10 4.7158E-10 5.0964E-10 5.4979E-10 5.9203E-10 6.3636E-10 6.8278E-10 7.3125E-10 7.8280E-10 8.3576E-10 8.9107E-10 9.5509E-10 1.0181E-09 1.0843E-09 1.1528E-09 1.2246E-09 1.2984E-09 1.3737E-09 1.4572E-09 1.5455E-09 1.6344E-09 1.7271E-09 1.8258E-09 1.9233E-09 2.0307E-09 2.1379E-09 2.2435E-09 2.3542E-09 2.4630E-09 2.5718E-09 2.6764E-09 2.7768E-09 2.8758E-09 2.9676E-09 3.0430E-09 3.0649E-09 3.0697E-09 3.0673E-09 3.0600E-09 3.0484E-09 3.0328E-09 3.0161E-09 2.9941E-09 2.9694E-09 2.9434E-09
1.4043E-10 1.5676E-10 1.7371E-10 1.9215E-10 2.1300E-10 2.3471E-10 2.5901E-10 2.8350E-10 3.0974E-10 3.3782E-10 3.6779E-10 3.9969E-10 4.3440E-10 4.7045E-10 5.0857E-10 5.4879E-10 5.9113E-10 6.3559E-10 6.8216E-10 7.3081E-10 7.8297E-10 8.3623E-10 8.9155E-10 9.5358E-10 1.0180E-09 1.0845E-09 1.1542E-09 1.2259E-09 1.3009E-09 1.3770E-09 1.4602E-09 1.5485E-09 1.6375E-09 1.7356E-09 1.8353E-09 1.9374E-09 2.0455E-09 2.1566E-09 2.2668E-09 2.3795E-09 2.4943E-09 2.6073E-09 2.7156E-09 2.8236E-09 2.9252E-09 3.0224E-09 3.1191E-09 3.1867E-09 3.1968E-09 3.1961E-09 3.1901E-09 3.1794E-09 3.1669E-09 3.1483E-09 3.1264E-09 3.1030E-09 3.0783E-09
1.3913E-10 1.5540E-10 1.7227E-10 1.9146E-10 2.1143E-10 2.3308E-10 2.5735E-10 2.8176E-10 3.0793E-10 3.3594E-10 3.6584E-10 3.9770E-10 4.3240E-10 4.6842E-10 5.0653E-10 5.4675E-10 5.8911E-10 6.3361E-10 6.8025E-10 7.2975E-10 7.8135E-10 8.3516E-10 8.9068E-10 9.5028E-10 1.0166E-09 1.0826E-09 1.1525E-09 1.2254E-09 1.3004E-09 1.3782E-09 1.4594E-09 1.5463E-09 1.6421E-09 1.7398E-09 1.8405E-09 1.9463E-09 2.0563E-09 2.1692E-09 2.2842E-09 2.4036E-09 2.5197E-09 2.6378E-09 2.7538E-09 2.8645E-09 2.9724E-09 3.0747E-09 3.1710E-09 3.2749E-09 3.3250E-09 3.3276E-09 3.3233E-09 3.3164E-09 3.3025E-09 3.2845E-09 3.2657E-09 3.2437E-09 3.2165E-09
1.3838E-10 1.5375E-10 1.7132E-10 1.8961E-10 2.0947E-10 2.3187E-10 2.5522E-10 2.7950E-10 3.0555E-10 3.3343E-10 3.6322E-10 3.9495E-10 4.2959E-10 4.6551E-10 5.0353E-10 5.4368E-10 5.8599E-10 6.3044E-10 6.7705E-10 7.2721E-10 7.7846E-10 8.3218E-10 8.8821E-10 9.4557E-10 1.0108E-09 1.0793E-09 1.1485E-09 1.2218E-09 1.2972E-09 1.3760E-09 1.4557E-09 1.5464E-09 1.6417E-09 1.7396E-09 1.8424E-09 1.9507E-09 2.0663E-09 2.1771E-09 2.2991E-09 2.4226E-09 2.5414E-09 2.6668E-09 2.7855E-09 2.9025E-09 3.0154E-09 3.1230E-09 3.2247E-09 3.3334E-09 3.4306E-09 3.4608E-09 3.4617E-09 3.4542E-09 3.4432E-09 3.4275E-09 3.4094E-09 3.3872E-09 3.3603E-09
1.3659E-10 1.5182E-10 1.6927E-10 1.8741E-10 2.0797E-10 2.2941E-10 2.5261E-10 2.7672E-10 3.0260E-10 3.3031E-10 3.5991E-10 3.9148E-10 4.2598E-10 4.6174E-10 4.9960E-10 5.3960E-10 5.8176E-10 6.2609E-10 6.7292E-10 7.2273E-10 7.7443E-10 8.2784E-10 8.8371E-10 9.4158E-10 1.0036E-09 1.0733E-09 1.1430E-09 1.2156E-09 1.2912E-09 1.3706E-09 1.4521E-09 1.5408E-09 1.6358E-09 1.7372E-09 1.8410E-09 1.9532E-09 2.0649E-09 2.1830E-09 2.3106E-09 2.4316E-09 2.5611E-09 2.6890E-09 2.8134E-09 2.9361E-09 3.0544E-09 3.1678E-09 3.2752E-09 3.3869E-09 3.4924E-09 3.5815E-09 3.5998E-09 3.5962E-09 3.5879E-09 3.5741E-09 3.5565E-09 3.5362E-09 3.5124E-09
1.3456E-10 1.5041E-10 1.6691E-10 1.8488E-10 2.0528E-10 2.2653E-10 2.4955E-10 2.7345E-10 2.9910E-10 3.2658E-10 3.5596E-10 3.8728E-10 4.2159E-10 4.5712E-10 4.9475E-10 5.3453E-10 5.7647E-10 6.2058E-10 6.6794E-10 7.1691E-10 7.6848E-10 8.2230E-10 8.7756E-10 9.3560E-10 9.9549E-10 1.0653E-09 1.1347E-09 1.2069E-09 1.2825E-09 1.3622E-09 1.4447E-09 1.5312E-09 1.6288E-09 1.7293E-09 1.8366E-09 1.9483E-09 2.0610E-09 2.1870E-09 2.3147E-09 2.4412E-09 2.5738E-09 2.7044E-09 2.8373E-09 2.9650E-09 3.0893E-09 3.2087E-09 3.3222E-09 3.4372E-09 3.5508E-09 3.6522E-09 3.7307E-09 3.7414E-09 3.7346E-09 3.7232E-09 3.7084E-09 3.6907E-09 3.6659E-09
1.3230E-10 1.4797E-10 1.6427E-10 1.8285E-10 2.0223E-10 2.2410E-10 2.4605E-10 2.6969E-10 2.9507E-10 3.2228E-10 3.5136E-10 3.8240E-10 4.1645E-10 4.5167E-10 4.8901E-10 5.2848E-10 5.7012E-10 6.1398E-10 6.6138E-10 7.1017E-10 7.6113E-10 8.1475E-10 8.7001E-10 9.2769E-10 9.8767E-10 1.0522E-09 1.1243E-09 1.1960E-09 1.2712E-09 1.3509E-09 1.4347E-09 1.5199E-09 1.6179E-09 1.7193E-09 1.8294E-09 1.9380E-09 2.0577E-09 2.1842E-09 2.3108E-09 2.4453E-09 2.5811E-09 2.7164E-09 2.8554E-09 2.9891E-09 3.1197E-09 3.2456E-09 3.3655E-09 3.4864E-09 3.6062E-09 3.7151E-09 3.8159E-09 3.8814E-09 3.8838E-09 3.8763E-09 3.8648E-09 3.8454E-09 3.8239E-09
1.2982E-10 1.4528E-10 1.6136E-10 1.7971E-10 1.9884E-10 2.2047E-10 2.4214E-10 2.6547E-10 2.9054E-10 3.1741E-10 3.4616E-10 3.7685E-10 4.1058E-10 4.4544E-10 4.8240E-10 5.2150E-10 5.6276E-10 6.0664E-10 6.5334E-10 7.0208E-10 7.5285E-10 8.0573E-10 8.6113E-10 9.1834E-10 9.7784E-10 1.0396E-09 1.1121E-09 1.1827E-09 1.2573E-09 1.3371E-09 1.4208E-09 1.5078E-09 1.6020E-09 1.7049E-09 1.8116E-09 1.9252E-09 2.0487E-09 2.1731E-09 2.3043E-09 2.4429E-09 2.5823E-09 2.7236E-09 2.8681E-09 3.0081E-09 3.1452E-09 3.2779E-09 3.4073E-09 3.5272E-09 3.6575E-09 3.7764E-09 3.8839E-09 3.9809E-09 4.0332E-09 4.0325E-09 4.0214E-09 4.0052E-09 3.9881E-09
1.2793E-10 1.4237E-10 1.5900E-10 1.7628E-10 1.9596E-10 2.1647E-10 2.3782E-10 2.6081E-10 2.8552E-10 3.1202E-10 3.4037E-10 3.7065E-10 4.0400E-10 4.3844E-10 4.7497E-10 5.1362E-10 5.5442E-10 5.9843E-10 6.4418E-10 6.9248E-10 7.4312E-10 7.9529E-10 8.5035E-10 9.0761E-10 9.6655E-10 1.0278E-09 1.0989E-09 1.1676E-09 1.2411E-09 1.3213E-09 1.4039E-09 1.4928E-09 1.5835E-09 1.6868E-09 1.7922E-09 1.9105E-09 2.0330E-09 2.1592E-09 2.2932E-09 2.4362E-09 2.5765E-09 2.7250E-09 2.8750E-09 3.0215E-09 3.1655E-09 3.3079E-09 3.4423E-09 3.5710E-09 3.7058E-09 3.8347E-09 3.9466E-09 4.0532E-09 4.1524E-09 4.1875E-09 4.1798E-09 4.1701E-09 4.1518E-09
1.2507E-10 1.3923E-10 1.5560E-10 1.7257E-10 1.9196E-10 2.1214E-10 2.3312E-10 2.5573E-10 2.8004E-10 3.0612E-10 3.3403E-10 3.6386E-10 3.9677E-10 4.3072E-10 4.6674E-10 5.0487E-10 5.4517E-10 5.8897E-10 6.3423E-10 6.8175E-10 7.3183E-10 7.8371E-10 8.3805E-10 8.9484E-10 9.5381E-10 1.0141E-09 1.0846E-09 1.1515E-09 1.2228E-09 1.3021E-09 1.3846E-09 1.4733E-09 1.5625E-09 1.6637E-09 1.7734E-09 1.8905E-09 2.0089E-09 2.1385E-09 2.2768E-09 2.4201E-09 2.5669E-09 2.7202E-09 2.8736E-09 3.0288E-09 3.1823E-09 3.3302E-09 3.4739E-09 3.6103E-09 3.7538E-09 3.8871E-09 4.0092E-09 4.1242E-09 4.2286E-09 4.3222E-09 4.3426E-09 4.3331E-09 4.3197E-09
1.2203E-10 1.3671E-10 1.5197E-10 1.6944E-10 1.8767E-10 2.0749E-10 2.2808E-10 2.5026E-10 2.7413E-10 2.9974E-10 3.2718E-10 3.5649E-10 3.8891E-10 4.2231E-10 4.5777E-10 4.9532E-10 5.3532E-10 5.7832E-10 6.2325E-10 6.7021E-10 7.1933E-10 7.7094E-10 8.2463E-10 8.8056E-10 9.3898E-10 9.9867E-10 1.0684E-09 1.1345E-09 1.2044E-09 1.2805E-09 1.3637E-09 1.4505E-09 1.5412E-09 1.6384E-09 1.7477E-09 1.8600E-09 1.9830E-09 2.1144E-09 2.2527E-09 2.3955E-09 2.5508E-09 2.7086E-09 2.8658E-09 3.0311E-09 3.1910E-09 3.3482E-09 3.4997E-09 3.6469E-09 3.7891E-09 3.9359E-09 4.0695E-09 4.1905E-09 4.3009E-09 4.4061E-09 4.4902E-09 4.4987E-09 4.4891E-09
1.1883E-10 1.3320E-10 1.4813E-10 1.6526E-10 1.8312E-10 2.0255E-10 2.2270E-10 2.4444E-10 2.6782E-10 2.9293E-10 3.1983E-10 3.4859E-10 3.8046E-10 4.1326E-10 4.4809E-10 4.8500E-10 5.2474E-10 5.6671E-10 6.1097E-10 6.5755E-10 7.0568E-10 7.5672E-10 8.0996E-10 8.6519E-10 9.2260E-10 9.8160E-10 1.0503E-09 1.1157E-09 1.1848E-09 1.2582E-09 1.3393E-09 1.4259E-09 1.5153E-09 1.6106E-09 1.7174E-09 1.8299E-09 1.9535E-09 2.0836E-09 2.2220E-09 2.3696E-09 2.5279E-09 2.6878E-09 2.8533E-09 3.0259E-09 3.1931E-09 3.3592E-09 3.5212E-09 3.6754E-09 3.8222E-09 3.9837E-09 4.1242E-09 4.2519E-09 4.3747E-09 4.4839E-09 4.5847E-09 4.6576E-09 4.6580E-09
1.1548E-10 1.2953E-10 1.4411E-10 1.6087E-10 1.7833E-10 1.9733E-10 2.1703E-10 2.3828E-10 2.6115E-10 2.8571E-10 3.1204E-10 3.4019E-10 3.7147E-10 4.0361E-10 4.3777E-10 4.7396E-10 5.1331E-10 5.5440E-10 5.9778E-10 6.4360E-10 6.9101E-10 7.4121E-10 7.9376E-10 8.4854E-10 9.0476E-10 9.6297E-10 1.0305E-09 1.0953E-09 1.1632E-09 1.2365E-09 1.3131E-09 1.3993E-09 1.4864E-09 1.5800E-09 1.6836E-09 1.7979E-09 1.9167E-09 2.0465E-09 2.1856E-09 2.3372E-09 2.4953E-09 2.6598E-09 2.8353E-09 3.0096E-09 3.1889E-09 3.3637E-09 3.5351E-09 3.7001E-09 3.8562E-09 4.0226E-09 4.1728E-09 4.3137E-09 4.4413E-09 4.5608E-09 4.6695E-09 4.7664E-09 4.8238E-09
1.1200E-10 1.2571E-10 1.3992E-10 1.5629E-10 1.7333E-10 1.9188E-10 2.1109E-10 2.3182E-10 2.5414E-10 2.7813E-10 3.0384E-10 3.3135E-10 3.6198E-10 3.9342E-10 4.2684E-10 4.6233E-10 5.0108E-10 5.4139E-10 5.8394E-10 6.2873E-10 6.7552E-10 7.2474E-10 7.7630E-10 8.3025E-10 8.8555E-10 9.4286E-10 1.0091E-09 1.0735E-09 1.1398E-09 1.2131E-09 1.2874E-09 1.3698E-09 1.4565E-09 1.5484E-09 1.6455E-09 1.7586E-09 1.8767E-09 2.0045E-09 2.1460E-09 2.2954E-09 2.4559E-09 2.6284E-09 2.8070E-09 2.9870E-09 3.1760E-09 3.3615E-09 3.5425E-09 3.7170E-09 3.8844E-09 4.0540E-09 4.2205E-09 4.3670E-09 4.5058E-09 4.6341E-09 4.7505E-09 4.8559E-09 4.9500E-09
1.0842E-10 1.2176E-10 1.3558E-10 1.5154E-10 1.6813E-10 1.8620E-10 2.0490E-10 2.2509E-10 2.4683E-10 2.7021E-10 2.9527E-10 3.2210E-10 3.5205E-10 3.8274E-10 4.1537E-10 4.5025E-10 4.8811E-10 5.2767E-10 5.6936E-10 6.1300E-10 6.5910E-10 7.0741E-10 7.5794E-10 8.1075E-10 8.6507E-10 9.2139E-10 9.8420E-10 1.0497E-09 1.1152E-09 1.1870E-09 1.2617E-09 1.3400E-09 1.4248E-09 1.5139E-09 1.6068E-09 1.7138E-09 1.8320E-09 1.9607E-09 2.0979E-09 2.2474E-09 2.4094E-09 2.5878E-09 2.7689E-09 2.9580E-09 3.1567E-09 3.3492E-09 3.5403E-09 3.7266E-09 3.9033E-09 4.0760E-09 4.2584E-09 4.4169E-09 4.5653E-09 4.7022E-09 4.8282E-09 4.9429E-09 5.0475E-09
1.0474E-10 1.1770E-10 1.3112E-10 1.4664E-10 1.6277E-10 1.8034E-10 1.9851E-10 2.1813E-10 2.3927E-10 2.6200E-10 2.8638E-10 3.1249E-10 3.4171E-10 3.7161E-10 4.0342E-10 4.3762E-10 4.7444E-10 5.1316E-10 5.5407E-10 5.9650E-10 6.4175E-10 6.8916E-10 7.3870E-10 7.9018E-10 8.4342E-10 8.9865E-10 9.5598E-10 1.0242E-09 1.0897E-09 1.1592E-09 1.2334E-09 1.3110E-09 1.3921E-09 1.4786E-09 1.5685E-09 1.6702E-09 1.7839E-09 1.9095E-09 2.0448E-09 2.1935E-09 2.3608E-09 2.5358E-09 2.7226E-09 2.9212E-09 3.1223E-09 3.3279E-09 3.5304E-09 3.7270E-09 3.9176E-09 4.0942E-09 4.2882E-09 4.4601E-09 4.6181E-09 4.7654E-09 4.9019E-09 5.0282E-09 5.1410E-09
