Assets/Resources/2015_m01_d15_0300(utc+0800)_l00_csi_1hr_conc.grd
DSAA
         159         159
     -79.000      79.000
     -79.000      79.000
  0.0000E+00  0.5399E-04
[rows 0 to 24 of 159, columns 0 to 56 of 159]
2.9230E-10 3.0918E-10 3.1800E-10 3.2713E-10 3.4267E-10 3.5198E-10 3.6153E-10 3.7400E-10 3.8328E-10 3.9168E-10 4.0228E-10 4.1322E-10 4.2328E-10 4.3557E-10 4.4824E-10 4.6134E-10 4.7360E-10 4.8839E-10 5.0369E-10 5.1954E-10 5.3462E-10 5.5259E-10 5.7118E-10 5.9048E-10 6.0912E-10 6.3096E-10 6.5352E-10 6.7686E-10 6.9957E-10 7.2562E-10 7.5219E-10 7.7928E-10 8.0536E-10 8.3433E-10 8.6292E-10 8.8775E-10 9.1730E-10 9.4570E-10 9.6645E-10 9.9838E-10 1.0294E-09 1.0571E-09 1.0932E-09 1.1250E-09 1.1695E-09 1.2073E-09 1.2645E-09 1.3217E-09 1.3726E-09 1.4506E-09 1.5262E-09 1.6019E-09 1.6799E-09 1.7879E-09 1.8895E-09 1.9930E-09 2.1212E-09
2.7813E-10 2.9496E-10 3.0340E-10 3.1986E-10 3.2876E-10 3.3792E-10 3.5350E-10 3.6236E-10 3.7142E-10 3.8071E-10 3.9029E-10 3.9838E-10 4.0942E-10 4.2078E-10 4.3252E-10 4.4353E-10 4.5676E-10 4.7042E-10 4.8458E-10 4.9809E-10 5.1413E-10 5.3075E-10 5.4804E-10 5.6480E-10 5.8447E-10 6.0488E-10 6.2615E-10 6.4711E-10 6.7130E-10 6.9635E-10 7.1978E-10 7.4828E-10 7.7748E-10 8.0737E-10 8.3514E-10 8.6801E-10 9.0068E-10 9.3291E-10 9.6168E-10 9.9481E-10 1.0265E-09 1.0515E-09 1.0871E-09 1.1134E-09 1.1548E-09 1.1952E-09 1.2338E-09 1.2841E-09 1.3313E-09 1.3964E-09 1.4620E-09 1.5283E-09 1.6192E-09 1.7056E-09 1.7941E-09 1.8991E-09 2.0265E-09
2.7330E-10 2.8101E-10 2.8902E-10 3.0588E-10 3.1451E-10 3.2343E-10 3.4135E-10 3.5021E-10 3.5925E-10 3.7145E-10 3.8007E-10 3.8755E-10 3.9746E-10 4.0768E-10 4.1659E-10 4.2841E-10 4.4061E-10 4.5324E-10 4.6530E-10 4.7957E-10 4.9433E-10 5.0968E-10 5.2459E-10 5.4204E-10 5.6015E-10 5.7693E-10 5.9775E-10 6.1934E-10 6.4182E-10 6.6309E-10 6.8902E-10 7.1592E-10 7.4390E-10 7.7075E-10 8.0280E-10 8.3574E-10 8.6960E-10 9.0194E-10 9.3930E-10 9.7644E-10 1.0131E-09 1.0467E-09 1.0842E-09 1.1199E-09 1.1502E-09 1.1903E-09 1.2226E-09 1.2691E-09 1.3042E-09 1.3620E-09 1.4196E-09 1.4795E-09 1.5540E-09 1.6308E-09 1.7192E-09 1.8261E-09 1.9248E-09
2.6025E-10 2.6751E-10 2.7506E-10 2.9193E-10 3.0020E-10 3.1981E-10 3.2843E-10 3.3727E-10 3.5290E-10 3.6131E-10 3.6984E-10 3.7853E-10 3.8742E-10 3.9659E-10 4.0478E-10 4.1535E-10 4.2630E-10 4.3611E-10 4.4880E-10 4.6192E-10 4.7385E-10 4.8878E-10 5.0419E-10 5.2018E-10 5.3502E-10 5.5336E-10 5.7237E-10 5.9217E-10 6.1094E-10 6.3382E-10 6.5761E-10 6.8248E-10 7.0659E-10 7.3547E-10 7.6553E-10 7.9696E-10 8.2793E-10 8.6420E-10 9.0163E-10 9.4031E-10 9.7828E-10 1.0211E-09 1.0638E-09 1.1059E-09 1.1456E-09 1.1883E-09 1.2291E-09 1.2662E-09 1.3118E-09 1.3520E-09 1.4046E-09 1.4494E-09 1.5155E-09 1.5686E-09 1.6596E-09 1.7454E-09 1.8205E-09
2.4775E-10 2.5456E-10 2.7064E-10 2.7822E-10 2.8608E-10 3.0647E-10 3.1493E-10 3.2363E-10 3.4176E-10 3.5033E-10 3.5902E-10 3.7113E-10 3.7919E-10 3.8580E-10 3.9502E-10 4.0447E-10 4.1224E-10 4.2322E-10 4.3452E-10 4.4626E-10 4.5708E-10 4.7074E-10 4.8486E-10 4.9801E-10 5.1415E-10 5.3084E-10 5.4820E-10 5.6468E-10 5.8468E-10 6.0545E-10 6.2716E-10 6.4824E-10 6.7346E-10 6.9978E-10 7.2742E-10 7.5488E-10 7.8719E-10 8.2097E-10 8.5652E-10 8.9246E-10 9.3380E-10 9.7669E-10 1.0171E-09 1.0663E-09 1.1160E-09 1.1655E-09 1.2100E-09 1.2619E-09 1.3111E-09 1.3487E-09 1.4044E-09 1.4426E-09 1.5077E-09 1.5682E-09 1.6262E-09 1.7027E-09 1.7761E-09
2.3586E-10 2.4222E-10 2.5778E-10 2.6492E-10 2.7234E-10 2.9296E-10 3.0114E-10 3.0959E-10 3.2953E-10 3.3821E-10 3.4705E-10 3.6225E-10 3.7045E-10 3.7872E-10 3.8709E-10 3.9563E-10 4.0286E-10 4.1265E-10 4.2271E-10 4.3126E-10 4.4299E-10 4.5510E-10 4.6543E-10 4.7968E-10 4.9439E-10 5.0965E-10 5.2416E-10 5.4165E-10 5.5977E-10 5.7867E-10 5.9703E-10 6.1889E-10 6.4166E-10 6.6555E-10 6.8930E-10 7.1722E-10 7.4645E-10 7.7401E-10 8.0875E-10 8.4510E-10 8.8330E-10 9.2025E-10 9.6582E-10 1.0133E-09 1.0629E-09 1.1113E-09 1.1690E-09 1.2272E-09 1.2854E-09 1.3397E-09 1.4006E-09 1.4582E-09 1.5068E-09 1.5721E-09 1.6228E-09 1.6987E-09 1.7497E-09
2.2459E-10 2.3053E-10 2.4545E-10 2.5215E-10 2.7199E-10 2.7953E-10 2.8735E-10 3.0805E-10 3.1646E-10 3.2509E-10 3.4361E-10 3.5207E-10 3.6061E-10 3.7287E-10 3.8060E-10 3.8653E-10 3.9528E-10 4.0415E-10 4.1321E-10 4.2113E-10 4.3155E-10 4.4227E-10 4.5170E-10 4.6425E-10 4.7725E-10 4.8873E-10 5.0409E-10 5.1997E-10 5.3649E-10 5.5255E-10 5.7154E-10 5.9127E-10 6.0934E-10 6.3242E-10 6.5639E-10 6.8144E-10 7.0503E-10 7.3471E-10 7.6572E-10 7.9834E-10 8.3004E-10 8.6918E-10 9.1030E-10 9.5380E-10 9.9731E-10 1.0498E-09 1.1049E-09 1.1630E-09 1.2217E-09 1.2900E-09 1.3591E-09 1.4287E-09 1.4961E-09 1.5687E-09 1.6375E-09 1.7015E-09 1.7794E-09
2.1395E-10 2.2768E-10 2.3371E-10 2.3997E-10 2.5926E-10 2.6640E-10 2.7381E-10 2.9473E-10 3.0291E-10 3.1135E-10 3.3172E-10 3.4039E-10 3.4920E-10 3.6482E-10 3.7290E-10 3.8098E-10 3.8909E-10 3.9726E-10 4.0376E-10 4.1304E-10 4.2244E-10 4.2988E-10 4.4075E-10 4.5185E-10 4.6062E-10 4.7371E-10 4.8717E-10 5.0115E-10 5.1394E-10 5.3053E-10 5.4772E-10 5.6351E-10 5.8348E-10 6.0416E-10 6.2569E-10 6.4597E-10 6.7130E-10 6.9767E-10 7.2533E-10 7.5214E-10 7.8515E-10 8.1975E-10 8.5635E-10 8.9304E-10 9.3738E-10 9.8419E-10 1.0342E-09 1.0858E-09 1.1469E-09 1.2115E-09 1.2803E-09 1.3526E-09 1.4346E-09 1.5181E-09 1.5950E-09 1.6881E-09 1.7760E-09
2.0392E-10 2.1695E-10 2.2258E-10 2.2843E-10 2.4699E-10 2.5371E-10 2.6069E-10 2.8138E-10 2.8924E-10 3.1034E-10 3.1879E-10 3.2748E-10 3.4653E-10 3.5504E-10 3.6359E-10 3.7625E-10 3.8387E-10 3.9154E-10 3.9789E-10 4.0648E-10 4.1514E-10 4.2227E-10 4.3212E-10 4.4210E-10 4.5030E-10 4.6188E-10 4.7371E-10 4.8345E-10 4.9748E-10 5.1195E-10 5.2389E-10 5.4131E-10 5.5928E-10 5.7793E-10 5.9553E-10 6.1731E-10 6.3988E-10 6.6346E-10 6.8631E-10 7.1421E-10 7.4331E-10 7.7398E-10 8.0462E-10 8.4148E-10 8.8026E-10 9.2159E-10 9.6433E-10 1.0149E-09 1.0685E-09 1.1207E-09 1.1884E-09 1.2602E-09 1.3367E-09 1.4135E-09 1.5099E-09 1.6099E-09 1.7128E-09
1.9449E-10 2.0682E-10 2.1207E-10 2.2921E-10 2.3526E-10 2.4156E-10 2.6108E-10 2.6826E-10 2.7572E-10 2.9701E-10 3.0526E-10 3.1378E-10 3.3469E-10 3.4346E-10 3.5237E-10 3.6859E-10 3.7673E-10 3.8483E-10 3.9290E-10 4.0098E-10 4.0699E-10 4.1607E-10 4.2517E-10 4.3436E-10 4.4221E-10 4.5267E-10 4.6328E-10 4.7234E-10 4.8468E-10 4.9733E-10 5.0817E-10 5.2324E-10 5.3882E-10 5.5226E-10 5.7113E-10 5.9063E-10 6.1095E-10 6.3064E-10 6.5444E-10 6.7916E-10 7.0510E-10 7.3095E-10 7.6177E-10 7.9402E-10 8.2393E-10 8.6340E-10 9.0475E-10 9.4846E-10 9.9080E-10 1.0456E-09 1.1035E-09 1.1656E-09 1.2287E-09 1.3085E-09 1.3936E-09 1.4857E-09 1.5830E-09
1.9255E-10 1.9727E-10 2.0216E-10 2.1846E-10 2.2412E-10 2.3000E-10 2.4877E-10 2.5554E-10 2.6258E-10 2.8359E-10 2.9153E-10 2.9975E-10 3.2167E-10 3.3048E-10 3.5019E-10 3.5885E-10 3.6756E-10 3.8046E-10 3.8831E-10 3.9613E-10 4.0225E-10 4.1082E-10 4.1939E-10 4.2603E-10 4.3568E-10 4.4534E-10 4.5270E-10 4.6375E-10 4.7487E-10 4.8321E-10 4.9621E-10 5.0939E-10 5.2292E-10 5.3503E-10 5.5125E-10 5.6808E-10 5.8324E-10 6.0376E-10 6.2498E-10 6.4407E-10 6.6931E-10 6.9540E-10 7.2256E-10 7.4774E-10 7.8060E-10 8.1478E-10 8.5069E-10 8.8526E-10 9.2966E-10 9.7626E-10 1.0258E-09 1.0759E-09 1.1389E-09 1.2059E-09 1.2783E-09 1.3555E-09 1.4506E-09
1.8388E-10 1.8828E-10 1.9284E-10 2.0828E-10 2.1357E-10 2.1906E-10 2.3698E-10 2.4333E-10 2.6311E-10 2.7037E-10 2.7792E-10 2.9961E-10 3.0798E-10 3.1663E-10 3.3816E-10 3.4712E-10 3.5621E-10 3.7230E-10 3.8082E-10 3.8928E-10 3.9968E-10 4.0603E-10 4.1433E-10 4.2105E-10 4.3016E-10 4.3926E-10 4.4662E-10 4.5688E-10 4.6716E-10 4.7533E-10 4.8711E-10 4.9896E-10 5.0826E-10 5.2215E-10 5.3625E-10 5.4726E-10 5.6432E-10 5.8182E-10 6.0006E-10 6.1724E-10 6.3960E-10 6.6279E-10 6.8437E-10 7.1212E-10 7.4081E-10 7.7079E-10 7.9963E-10 8.3618E-10 8.7424E-10 9.1443E-10 9.5472E-10 1.0049E-09 1.0577E-09 1.1144E-09 1.1742E-09 1.2471E-09 1.3250E-09
1.7571E-10 1.7982E-10 1.9394E-10 1.9868E-10 2.0361E-10 2.2005E-10 2.2576E-10 2.3170E-10 2.5069E-10 2.5753E-10 2.6465E-10 2.8602E-10 2.9407E-10 3.0241E-10 3.2489E-10 3.3388E-10 3.5272E-10 3.6176E-10 3.7087E-10 3.8549E-10 3.9377E-10 4.0196E-10 4.1009E-10 4.1820E-10 4.2516E-10 4.3400E-10 4.4138E-10 4.5109E-10 4.6080E-10 4.6896E-10 4.7990E-10 4.9086E-10 4.9997E-10 5.1253E-10 5.2517E-10 5.3558E-10 5.5046E-10 5.6556E-10 5.7799E-10 5.9640E-10 6.1533E-10 6.3101E-10 6.5474E-10 6.7918E-10 7.0463E-10 7.2918E-10 7.5978E-10 7.9145E-10 8.2473E-10 8.5799E-10 8.9880E-10 9.4137E-10 9.8669E-10 1.0340E-09 1.0910E-09 1.1512E-09 1.2085E-09
1.6861E-10 1.7208E-10 1.8521E-10 1.8964E-10 1.9424E-10 2.0981E-10 2.1514E-10 2.2068E-10 2.3879E-10 2.4521E-10 2.6526E-10 2.7261E-10 2.8026E-10 3.0239E-10 3.1092E-10 3.1974E-10 3.3993E-10 3.4919E-10 3.5863E-10 3.7638E-10 3.8542E-10 3.9442E-10 4.0644E-10 4.1442E-10 4.2092E-10 4.2959E-10 4.3641E-10 4.4589E-10 4.5533E-10 4.6347E-10 4.7384E-10 4.8153E-10 4.9331E-10 5.0500E-10 5.1338E-10 5.2689E-10 5.4032E-10 5.5384E-10 5.6553E-10 5.8148E-10 5.9770E-10 6.1180E-10 6.3170E-10 6.5225E-10 6.7031E-10 6.9633E-10 7.2314E-10 7.5122E-10 7.7932E-10 8.1319E-10 8.4832E-10 8.7989E-10 9.2415E-10 9.6993E-10 1.0178E-09 1.0630E-09 1.1255E-09
1.6248E-10 1.6557E-10 1.7769E-10 1.8140E-10 1.8545E-10 2.0013E-10 2.0510E-10 2.2170E-10 2.2746E-10 2.3346E-10 2.5268E-10 2.5961E-10 2.6682E-10 2.8855E-10 2.9673E-10 3.0523E-10 3.2600E-10 3.3522E-10 3.5527E-10 3.6474E-10 3.7433E-10 3.9084E-10 3.9972E-10 4.0851E-10 4.1720E-10 4.2578E-10 4.3430E-10 4.4148E-10 4.5074E-10 4.5829E-10 4.6843E-10 4.7638E-10 4.8756E-10 4.9866E-10 5.0732E-10 5.1995E-10 5.3247E-10 5.4195E-10 5.5645E-10 5.7084E-10 5.8140E-10 5.9853E-10 6.1565E-10 6.3312E-10 6.4918E-10 6.7076E-10 6.9317E-10 7.1412E-10 7.4273E-10 7.7230E-10 7.9916E-10 8.3585E-10 8.7352E-10 9.1269E-10 9.4983E-10 9.9986E-10 1.0515E-09
1.5684E-10 1.5968E-10 1.7106E-10 1.7443E-10 1.8737E-10 1.9138E-10 1.9575E-10 2.1135E-10 2.1673E-10 2.2233E-10 2.4063E-10 2.4712E-10 2.5388E-10 2.7492E-10 2.8268E-10 3.0285E-10 3.1151E-10 3.2049E-10 3.4156E-10 3.5115E-10 3.6098E-10 3.8039E-10 3.9004E-10 4.0502E-10 4.1372E-10 4.2230E-10 4.3079E-10 4.3759E-10 4.4677E-10 4.5383E-10 4.6384E-10 4.7377E-10 4.8216E-10 4.9305E-10 5.0192E-10 5.1394E-10 5.2587E-10 5.3568E-10 5.4925E-10 5.6271E-10 5.7349E-10 5.8908E-10 6.0453E-10 6.1661E-10 6.3507E-10 6.5350E-10 6.6767E-10 6.9077E-10 7.1424E-10 7.3235E-10 7.6329E-10 7.9490E-10 8.2769E-10 8.5908E-10 9.0017E-10 9.4224E-10 9.8626E-10
1.5165E-10 1.6199E-10 1.6495E-10 1.6805E-10 1.8020E-10 1.8388E-10 1.8770E-10 2.0205E-10 2.0676E-10 2.1182E-10 2.2917E-10 2.3523E-10 2.5469E-10 2.6171E-10 2.6902E-10 2.8867E-10 2.9694E-10 3.0554E-10 3.2689E-10 3.3635E-10 3.5753E-10 3.6744E-10 3.7754E-10 3.9598E-10 4.0560E-10 4.1515E-10 4.2744E-10 4.3590E-10 4.4313E-10 4.5223E-10 4.5978E-10 4.6964E-10 4.7751E-10 4.8827E-10 4.9647E-10 5.0833E-10 5.2006E-10 5.3001E-10 5.4297E-10 5.5207E-10 5.6701E-10 5.8165E-10 5.9618E-10 6.0851E-10 6.2532E-10 6.4199E-10 6.5589E-10 6.7581E-10 6.9571E-10 7.1221E-10 7.3737E-10 7.6300E-10 7.8457E-10 8.1896E-10 8.5406E-10 8.9072E-10 9.2784E-10
1.4699E-10 1.5667E-10 1.5934E-10 1.6217E-10 1.7358E-10 1.7696E-10 1.8047E-10 1.9395E-10 1.9812E-10 2.1347E-10 2.1853E-10 2.2397E-10 2.4247E-10 2.4904E-10 2.5588E-10 2.7479E-10 2.8261E-10 3.0306E-10 3.1186E-10 3.2099E-10 3.4284E-10 3.5275E-10 3.6296E-10 3.8395E-10 3.9424E-10 4.1138E-10 4.2088E-10 4.3027E-10 4.3954E-10 4.4870E-10 4.5592E-10 4.6582E-10 4.7562E-10 4.8402E-10 4.9465E-10 5.0346E-10 5.1508E-10 5.2432E-10 5.3714E-10 5.4681E-10 5.6107E-10 5.7510E-10 5.8562E-10 6.0183E-10 6.1770E-10 6.2897E-10 6.4765E-10 6.6585E-10 6.8392E-10 7.0001E-10 7.2158E-10 7.4315E-10 7.6251E-10 7.8998E-10 8.1814E-10 8.4417E-10 8.8259E-10
1.4304E-10 1.5193E-10 1.5428E-10 1.5684E-10 1.6751E-10 1.7058E-10 1.8278E-10 1.8646E-10 1.9029E-10 2.0472E-10 2.0927E-10 2.1405E-10 2.3113E-10 2.3702E-10 2.5438E-10 2.6141E-10 2.6875E-10 2.8854E-10 2.9689E-10 3.0558E-10 3.2742E-10 3.3710E-10 3.5927E-10 3.6961E-10 3.8020E-10 4.0053E-10 4.1091E-10 4.2130E-10 4.3583E-10 4.4509E-10 4.5426E-10 4.6201E-10 4.7189E-10 4.7995E-10 4.9064E-10 4.9900E-10 5.1063E-10 5.2213E-10 5.3205E-10 5.4464E-10 5.5511E-10 5.6904E-10 5.8007E-10 5.9559E-10 6.1089E-10 6.2313E-10 6.4081E-10 6.5811E-10 6.7136E-10 6.9175E-10 7.1154E-10 7.2586E-10 7.5002E-10 7.7342E-10 7.8936E-10 8.1985E-10 8.4993E-10
1.3979E-10 1.4806E-10 1.5001E-10 1.5948E-10 1.6202E-10 1.6480E-10 1.7620E-10 1.7955E-10 1.8306E-10 1.9660E-10 2.0079E-10 2.1622E-10 2.2120E-10 2.2642E-10 2.4243E-10 2.4873E-10 2.5549E-10 2.7443E-10 2.8228E-10 3.0295E-10 3.1185E-10 3.2112E-10 3.4361E-10 3.5382E-10 3.6436E-10 3.8681E-10 3.9771E-10 4.1702E-10 4.2740E-10 4.3771E-10 4.4793E-10 4.5803E-10 4.6801E-10 4.7793E-10 4.8658E-10 4.9727E-10 5.0632E-10 5.1790E-10 5.2734E-10 5.3997E-10 5.4979E-10 5.6369E-10 5.7742E-10 5.8935E-10 6.0457E-10 6.1725E-10 6.3424E-10 6.5103E-10 6.6539E-10 6.8478E-10 7.0376E-10 7.1950E-10 7.4187E-10 7.6353E-10 7.8077E-10 8.0724E-10 8.3275E-10
1.3723E-10 1.4480E-10 1.4643E-10 1.5525E-10 1.5740E-10 1.5971E-10 1.7025E-10 1.7327E-10 1.8547E-10 1.8910E-10 1.9295E-10 2.0744E-10 2.1202E-10 2.1681E-10 2.3186E-10 2.3747E-10 2.5431E-10 2.6105E-10 2.6824E-10 2.8810E-10 2.9651E-10 3.0527E-10 3.2750E-10 3.3735E-10 3.6038E-10 3.7109E-10 3.8212E-10 4.0421E-10 4.1534E-10 4.3154E-10 4.4177E-10 4.5200E-10 4.6027E-10 4.7134E-10 4.8228E-10 4.9310E-10 5.0184E-10 5.1356E-10 5.2518E-10 5.3539E-10 5.4799E-10 5.5871E-10 5.7249E-10 5.8372E-10 5.9893E-10 6.1068E-10 6.2768E-10 6.4442E-10 6.5910E-10 6.7783E-10 6.9118E-10 7.1338E-10 7.3480E-10 7.5585E-10 7.7472E-10 7.9940E-10 8.2335E-10
1.4092E-10 1.4223E-10 1.4359E-10 1.5167E-10 1.5347E-10 1.5548E-10 1.6523E-10 1.6776E-10 1.7900E-10 1.8228E-10 1.8577E-10 1.9931E-10 2.0351E-10 2.1708E-10 2.2202E-10 2.2718E-10 2.4305E-10 2.4909E-10 2.5545E-10 2.7400E-10 2.8166E-10 3.0246E-10 3.1144E-10 3.2080E-10 3.4382E-10 3.5426E-10 3.7764E-10 3.8881E-10 4.0027E-10 4.2022E-10 4.3126E-10 4.4235E-10 4.5345E-10 4.6456E-10 4.7566E-10 4.8496E-10 4.9700E-10 5.0889E-10 5.2066E-10 5.3053E-10 5.4332E-10 5.5362E-10 5.6758E-10 5.8139E-10 5.9362E-10 6.0875E-10 6.2168E-10 6.3842E-10 6.5209E-10 6.7088E-10 6.8528E-10 7.0659E-10 7.2740E-10 7.4364E-10 7.6842E-10 7.9228E-10 8.0965E-10
1.3898E-10 1.4000E-10 1.4119E-10 1.4877E-10 1.5031E-10 1.5894E-10 1.6091E-10 1.6311E-10 1.7355E-10 1.7633E-10 1.7929E-10 1.9190E-10 1.9571E-10 2.0838E-10 2.1289E-10 2.1762E-10 2.3253E-10 2.3808E-10 2.5481E-10 2.6133E-10 2.6817E-10 2.8762E-10 2.9580E-10 3.1751E-10 3.2708E-10 3.3707E-10 3.6079E-10 3.7180E-10 3.9457E-10 4.0594E-10 4.2156E-10 4.3230E-10 4.4325E-10 4.5323E-10 4.6529E-10 4.7738E-10 4.8948E-10 5.0160E-10 5.1209E-10 5.2523E-10 5.3821E-10 5.5108E-10 5.6230E-10 5.7632E-10 5.8811E-10 6.0346E-10 6.1578E-10 6.3272E-10 6.4945E-10 6.6443E-10 6.8301E-10 6.9905E-10 7.1998E-10 7.3711E-10 7.6096E-10 7.8434E-10 8.0432E-10
1.3764E-10 1.3844E-10 1.3929E-10 1.4624E-10 1.4758E-10 1.5567E-10 1.5740E-10 1.5922E-10 1.6880E-10 1.7122E-10 1.8240E-10 1.8544E-10 1.8870E-10 2.0044E-10 2.0453E-10 2.1789E-10 2.2274E-10 2.2785E-10 2.4356E-10 2.4956E-10 2.5585E-10 2.7419E-10 2.8155E-10 3.0195E-10 3.1070E-10 3.2003E-10 3.4345E-10 3.5406E-10 3.7804E-10 3.8946E-10 4.0863E-10 4.1969E-10 4.3095E-10 4.4240E-10 4.5409E-10 4.6412E-10 4.7723E-10 4.9040E-10 5.0361E-10 5.1685E-10 5.3015E-10 5.4204E-10 5.5644E-10 5.7068E-10 5.8203E-10 5.9766E-10 6.1312E-10 6.2670E-10 6.4368E-10 6.5801E-10 6.7681E-10 6.9187E-10 7.1296E-10 7.3376E-10 7.5274E-10 7.7629E-10 7.9690E-10
1.3654E-10 1.3725E-10 1.3798E-10 1.4443E-10 1.4541E-10 1.5283E-10 1.5432E-10 1.5593E-10 1.6491E-10 1.6693E-10 1.7721E-10 1.7984E-10 1.8273E-10 1.9353E-10 1.9704E-10 2.0938E-10 2.1378E-10 2.1841E-10 2.3308E-10 2.3859E-10 2.5516E-10 2.6162E-10 2.6840E-10 2.8773E-10 2.9564E-10 3.1701E-10 3.2633E-10 3.3624E-10 3.6053E-10 3.8271E-10 3.9375E-10 4.0813E-10 4.1871E-10 4.2838E-10 4.4038E-10 4.5261E-10 4.6509E-10 4.7786E-10 4.8920E-10 5.0356E-10 5.1800E-10 5.3250E-10 5.4706E-10 5.5920E-10 5.7526E-10 5.9112E-10 6.0684E-10 6.1993E-10 6.3723E-10 6.5097E-10 6.7015E-10 6.8909E-10 7.0587E-10 7.2692E-10 7.4479E-10 7.6851E-10 7.8751E-10
