Assets/Resources/2015_m01_d20_0100(utc+0800)_l00_csi_1hr_conc.grd
DSAA
         159         159
     -79.000      79.000
     -79.000      79.000
  0.0000E+00  0.7351E-05
[rows 125 to 149 of 159, columns 57 to 113 of 159]
3.1196E-10 3.2896E-10 3.3054E-10 3.4594E-10 3.5518E-10 3.6621E-10 3.7702E-10 3.8806E-10 3.9416E-10 4.0119E-10 4.1036E-10 4.1924E-10 4.3114E-10 4.3243E-10 4.3802E-10 4.4561E-10 4.4894E-10 4.5332E-10 4.5767E-10 4.6921E-10 4.6896E-10 4.7461E-10 4.8072E-10 4.8413E-10 4.8809E-10 4.8982E-10 4.9068E-10 4.9407E-10 4.9501E-10 4.9696E-10 4.9845E-10 4.9940E-10 4.9938E-10 4.9889E-10 4.9566E-10 4.9317E-10 4.8798E-10 4.8678E-10 4.8062E-10 4.7605E-10 4.6799E-10 4.6204E-10 4.5267E-10 4.4658E-10 4.3489E-10 4.2041E-10 4.0752E-10 3.9815E-10 3.8711E-10 3.6577E-10 3.6022E-10 3.4559E-10 3.3654E-10 3.1824E-10 2.9723E-10 2.8225E-10 2.5075E-10
2.7078E-10 2.8463E-10 2.9302E-10 2.9763E-10 3.1090E-10 3.2321E-10 3.3225E-10 3.4605E-10 3.5755E-10 3.6275E-10 3.5989E-10 3.6748E-10 3.7793E-10 3.8268E-10 3.8755E-10 4.0161E-10 4.0155E-10 4.0859E-10 4.1797E-10 4.2709E-10 4.3473E-10 4.4022E-10 4.4359E-10 4.4615E-10 4.5134E-10 4.5413E-10 4.5799E-10 4.6142E-10 4.6438E-10 4.6641E-10 4.6801E-10 4.6912E-10 4.6867E-10 4.6837E-10 4.6476E-10 4.6516E-10 4.6062E-10 4.5730E-10 4.5133E-10 4.4656E-10 4.3074E-10 4.2609E-10 4.1584E-10 4.1088E-10 3.9756E-10 3.9082E-10 3.7117E-10 3.6313E-10 3.5156E-10 3.4404E-10 3.3052E-10 3.0786E-10 2.9509E-10 2.6749E-10 2.4909E-10 2.4397E-10 2.3325E-10
2.3674E-10 2.4792E-10 2.5416E-10 2.6350E-10 2.6341E-10 2.7838E-10 2.8636E-10 2.9701E-10 3.0279E-10 3.1331E-10 3.2007E-10 3.2281E-10 3.3060E-10 3.4136E-10 3.5146E-10 3.6071E-10 3.7031E-10 3.7999E-10 3.8609E-10 3.8982E-10 3.9607E-10 4.0223E-10 4.0684E-10 4.1403E-10 4.1863E-10 4.2105E-10 4.2666E-10 4.2957E-10 4.3209E-10 4.3418E-10 4.3478E-10 4.3499E-10 4.3312E-10 4.3471E-10 4.3143E-10 4.2935E-10 4.2474E-10 4.2142E-10 4.1431E-10 4.1220E-10 4.0311E-10 3.9843E-10 3.7697E-10 3.7315E-10 3.6252E-10 3.5525E-10 3.4403E-10 3.2837E-10 3.1432E-10 3.0603E-10 2.8650E-10 2.6478E-10 2.5154E-10 2.3752E-10 2.3153E-10 2.1903E-10 2.0567E-10
1.9744E-10 2.0720E-10 2.1341E-10 2.2450E-10 2.2967E-10 2.3578E-10 2.4399E-10 2.5446E-10 2.6517E-10 2.7555E-10 2.8805E-10 2.9726E-10 3.0298E-10 3.1312E-10 3.2251E-10 3.2664E-10 3.3506E-10 3.4220E-10 3.5000E-10 3.5864E-10 3.6701E-10 3.7361E-10 3.7940E-10 3.8649E-10 3.9097E-10 3.9513E-10 3.9889E-10 4.0120E-10 4.0319E-10 4.0535E-10 4.0664E-10 4.0756E-10 4.0522E-10 4.0703E-10 4.0330E-10 4.0201E-10 3.9649E-10 3.8767E-10 3.7890E-10 3.7354E-10 3.6700E-10 3.6012E-10 3.4236E-10 3.3804E-10 3.2747E-10 3.1580E-10 3.0609E-10 2.9558E-10 2.7241E-10 2.6519E-10 2.4741E-10 2.3472E-10 2.2707E-10 2.1472E-10 2.0382E-10 1.9305E-10 1.6990E-10
1.5998E-10 1.7290E-10 1.8215E-10 1.9491E-10 2.0246E-10 2.1021E-10 2.2115E-10 2.3077E-10 2.4079E-10 2.5081E-10 2.5505E-10 2.6805E-10 2.7150E-10 2.7690E-10 2.8953E-10 2.9877E-10 3.0721E-10 3.1764E-10 3.2249E-10 3.3062E-10 3.3862E-10 3.4392E-10 3.4928E-10 3.5322E-10 3.5914E-10 3.6183E-10 3.6479E-10 3.6520E-10 3.6920E-10 3.7007E-10 3.6895E-10 3.7144E-10 3.6847E-10 3.6636E-10 3.6229E-10 3.5949E-10 3.5283E-10 3.4939E-10 3.4165E-10 3.4016E-10 3.3458E-10 3.2807E-10 3.1775E-10 3.0393E-10 2.8793E-10 2.7566E-10 2.6552E-10 2.5608E-10 2.4136E-10 2.2630E-10 2.1718E-10 2.1101E-10 1.9604E-10 1.8016E-10 1.7070E-10 1.5779E-10 1.5411E-10
1.4303E-10 1.5479E-10 1.6363E-10 1.7116E-10 1.7912E-10 1.8622E-10 1.9644E-10 2.0043E-10 2.0897E-10 2.2130E-10 2.3064E-10 2.3989E-10 2.5012E-10 2.5715E-10 2.6633E-10 2.7595E-10 2.8456E-10 2.9068E-10 2.9831E-10 3.0672E-10 3.1380E-10 3.2098E-10 3.2565E-10 3.2808E-10 3.3396E-10 3.3719E-10 3.3956E-10 3.3995E-10 3.4351E-10 3.4163E-10 3.4122E-10 3.4058E-10 3.3675E-10 3.3645E-10 3.3254E-10 3.3321E-10 3.2669E-10 3.2150E-10 3.1493E-10 3.0171E-10 2.9184E-10 2.7894E-10 2.7475E-10 2.6543E-10 2.5347E-10 2.4241E-10 2.3461E-10 2.1541E-10 2.1026E-10 2.0179E-10 1.8337E-10 1.7700E-10 1.6410E-10 1.5351E-10 1.5071E-10 1.4301E-10 1.3431E-10
1.2217E-10 1.2906E-10 1.4054E-10 1.4855E-10 1.5985E-10 1.6781E-10 1.7428E-10 1.8266E-10 1.9106E-10 2.0061E-10 2.1174E-10 2.2033E-10 2.3211E-10 2.3875E-10 2.4315E-10 2.5348E-10 2.6107E-10 2.6854E-10 2.7520E-10 2.8057E-10 2.8521E-10 2.8981E-10 2.9557E-10 2.9925E-10 3.0043E-10 3.0222E-10 3.0561E-10 3.0421E-10 3.0433E-10 3.0315E-10 3.0597E-10 3.0347E-10 3.0332E-10 3.0232E-10 2.9691E-10 2.9335E-10 2.8864E-10 2.7770E-10 2.7489E-10 2.6633E-10 2.5983E-10 2.4997E-10 2.4303E-10 2.3143E-10 2.1525E-10 2.0542E-10 1.9215E-10 1.8284E-10 1.7974E-10 1.6966E-10 1.5914E-10 1.4664E-10 1.4194E-10 1.3773E-10 1.2826E-10 1.2805E-10 1.1600E-10
1.0599E-10 1.1526E-10 1.2342E-10 1.3339E-10 1.4052E-10 1.5143E-10 1.5928E-10 1.6798E-10 1.7258E-10 1.8071E-10 1.9081E-10 1.9909E-10 2.0733E-10 2.1671E-10 2.2239E-10 2.2622E-10 2.3559E-10 2.4258E-10 2.4890E-10 2.5553E-10 2.5996E-10 2.6424E-10 2.6865E-10 2.7213E-10 2.7369E-10 2.7669E-10 2.7888E-10 2.7885E-10 2.7766E-10 2.7886E-10 2.7735E-10 2.7260E-10 2.7302E-10 2.7107E-10 2.6419E-10 2.6201E-10 2.5230E-10 2.4803E-10 2.4040E-10 2.3113E-10 2.2461E-10 2.0479E-10 1.9495E-10 1.8281E-10 1.8005E-10 1.7446E-10 1.6442E-10 1.6183E-10 1.5163E-10 1.3996E-10 1.3606E-10 1.3106E-10 1.2686E-10 1.1890E-10 1.1211E-10 1.0443E-10 1.0260E-10
9.3659E-11 1.0197E-10 1.0838E-10 1.1810E-10 1.2507E-10 1.3511E-10 1.4201E-10 1.5000E-10 1.5668E-10 1.6198E-10 1.6946E-10 1.7927E-10 1.8617E-10 1.9338E-10 2.0253E-10 2.0563E-10 2.0955E-10 2.1610E-10 2.2136E-10 2.2501E-10 2.2792E-10 2.3167E-10 2.3452E-10 2.3942E-10 2.4208E-10 2.4151E-10 2.4327E-10 2.4189E-10 2.4399E-10 2.4156E-10 2.3788E-10 2.3353E-10 2.3020E-10 2.2564E-10 2.2464E-10 2.1994E-10 2.1184E-10 2.0551E-10 1.9545E-10 1.8077E-10 1.7858E-10 1.7342E-10 1.7096E-10 1.6145E-10 1.5597E-10 1.4865E-10 1.3336E-10 1.3142E-10 1.2885E-10 1.2097E-10 1.2117E-10 1.1451E-10 1.0686E-10 9.8361E-11 9.8794E-11 9.8104E-11 9.8399E-11
7.9727E-11 8.5140E-11 9.3199E-11 9.9721E-11 1.0898E-10 1.1563E-10 1.2337E-10 1.3012E-10 1.3606E-10 1.4310E-10 1.4619E-10 1.5617E-10 1.6166E-10 1.6877E-10 1.7330E-10 1.7942E-10 1.8393E-10 1.8905E-10 1.9298E-10 2.0034E-10 2.0318E-10 2.0468E-10 2.0727E-10 2.1002E-10 2.1159E-10 2.1291E-10 2.1113E-10 2.1408E-10 2.1196E-10 2.1276E-10 2.0322E-10 2.0319E-10 1.9763E-10 1.8987E-10 1.8590E-10 1.7742E-10 1.7200E-10 1.6986E-10 1.6311E-10 1.5928E-10 1.5439E-10 1.4497E-10 1.3993E-10 1.3100E-10 1.2547E-10 1.1784E-10 1.1829E-10 1.1587E-10 1.0829E-10 1.0666E-10 1.0035E-10 9.4143E-11 9.3697E-11 9.4231E-11 9.3597E-11 9.2952E-11 9.3280E-11
6.6553E-11 7.0810E-11 7.7610E-11 8.2884E-11 9.2261E-11 9.5440E-11 1.0125E-10 1.0982E-10 1.1707E-10 1.2470E-10 1.2879E-10 1.3130E-10 1.3822E-10 1.4432E-10 1.5044E-10 1.5407E-10 1.5983E-10 1.6337E-10 1.6543E-10 1.6762E-10 1.7236E-10 1.7451E-10 1.7347E-10 1.7801E-10 1.7533E-10 1.7965E-10 1.7971E-10 1.8019E-10 1.7795E-10 1.6853E-10 1.6652E-10 1.6268E-10 1.5548E-10 1.5093E-10 1.4940E-10 1.4540E-10 1.4530E-10 1.4314E-10 1.3541E-10 1.3296E-10 1.2415E-10 1.1360E-10 1.1429E-10 1.1218E-10 1.1169E-10 1.0339E-10 1.0115E-10 9.4973E-11 8.7823E-11 8.8650E-11 8.9436E-11 8.7992E-11 8.8642E-11 8.9184E-11 8.8607E-11 8.9014E-11 8.9363E-11
4.5927E-11 5.2038E-11 5.8215E-11 6.5154E-11 7.0116E-11 7.8349E-11 8.4114E-11 9.0736E-11 9.4201E-11 1.0036E-10 1.0449E-10 1.0811E-10 1.1662E-10 1.2025E-10 1.2351E-10 1.2654E-10 1.2899E-10 1.3322E-10 1.3309E-10 1.3786E-10 1.3891E-10 1.4318E-10 1.4154E-10 1.4138E-10 1.4158E-10 1.3729E-10 1.3688E-10 1.3701E-10 1.3576E-10 1.3762E-10 1.3482E-10 1.3683E-10 1.2757E-10 1.2908E-10 1.2388E-10 1.1872E-10 1.1579E-10 1.0821E-10 1.0918E-10 1.0629E-10 1.0229E-10 9.9144E-11 9.7194E-11 9.6965E-11 9.1050E-11 8.5177E-11 8.3095E-11 8.1933E-11 8.2857E-11 8.3697E-11 8.3438E-11 8.4137E-11 8.4796E-11 8.5338E-11 8.4802E-11 8.5213E-11 8.5579E-11
3.4504E-11 3.7021E-11 4.1365E-11 4.4576E-11 4.9891E-11 5.6074E-11 5.9990E-11 6.4810E-11 6.7347E-11 7.2473E-11 7.7550E-11 8.0944E-11 8.3361E-11 8.5636E-11 8.9469E-11 9.3278E-11 9.8736E-11 9.7758E-11 1.0185E-10 1.0538E-10 1.0679E-10 1.0663E-10 1.0906E-10 1.0960E-10 1.1000E-10 1.1277E-10 1.1109E-10 1.1270E-10 1.1212E-10 1.1209E-10 1.1112E-10 1.0276E-10 1.0441E-10 9.9603E-11 9.8852E-11 9.4356E-11 9.2811E-11 9.1154E-11 9.1209E-11 8.9445E-11 8.6628E-11 8.3709E-11 7.8017E-11 7.5043E-11 7.6173E-11 7.7251E-11 7.7207E-11 7.8189E-11 7.9106E-11 7.9952E-11 7.9716E-11 8.0421E-11 8.1082E-11 8.0577E-11 8.1093E-11 8.1509E-11 8.0862E-11
2.1340E-11 2.3954E-11 2.8941E-11 3.2370E-11 3.7064E-11 4.0003E-11 4.5849E-11 4.9993E-11 5.4332E-11 5.7785E-11 5.9805E-11 6.3379E-11 6.5141E-11 6.9068E-11 7.2732E-11 7.4389E-11 7.6652E-11 7.8125E-11 8.1106E-11 8.2048E-11 8.2756E-11 8.5844E-11 8.3856E-11 8.6870E-11 8.6697E-11 8.7181E-11 8.5535E-11 8.1785E-11 8.1524E-11 8.3402E-11 8.1976E-11 8.3673E-11 8.2552E-11 8.4062E-11 7.8896E-11 7.9162E-11 7.7565E-11 7.4853E-11 7.2271E-11 6.7498E-11 6.8825E-11 6.9029E-11 7.0269E-11 7.1432E-11 7.2557E-11 7.2584E-11 7.3604E-11 7.4584E-11 7.5494E-11 7.5295E-11 7.6093E-11 7.6806E-11 7.6430E-11 7.5946E-11 7.6474E-11 7.6910E-11 7.7313E-11
1.3396E-11 1.6533E-11 1.7725E-11 2.0241E-11 2.2168E-11 2.5719E-11 2.8965E-11 3.1641E-11 3.3917E-11 3.6078E-11 3.7406E-11 3.9894E-11 4.2043E-11 4.4596E-11 4.7166E-11 4.9380E-11 5.0006E-11 5.2567E-11 5.4761E-11 5.7328E-11 5.7719E-11 5.9865E-11 6.2349E-11 6.2302E-11 6.4564E-11 6.6887E-11 6.6524E-11 6.9051E-11 6.8144E-11 6.9023E-11 6.7892E-11 6.9487E-11 6.8181E-11 6.2924E-11 6.3339E-11 5.8631E-11 6.0026E-11 6.1399E-11 6.2749E-11 6.4073E-11 6.4328E-11 6.5587E-11 6.6810E-11 6.7961E-11 6.8026E-11 6.9093E-11 7.0108E-11 7.1084E-11 7.0954E-11 7.0771E-11 7.1568E-11 7.2296E-11 7.2953E-11 7.3525E-11 7.4041E-11 7.3457E-11 7.3864E-11
5.3802E-12 7.4734E-12 1.0491E-11 1.2690E-11 1.4807E-11 1.7590E-11 1.9333E-11 2.2230E-11 2.5128E-11 2.7208E-11 2.9065E-11 3.1928E-11 3.4082E-11 3.6261E-11 3.8098E-11 3.8499E-11 4.0686E-11 4.2524E-11 4.4743E-11 4.4923E-11 4.6738E-11 4.8922E-11 4.8433E-11 5.0322E-11 4.9807E-11 5.1513E-11 5.0846E-11 5.3156E-11 5.1992E-11 4.7891E-11 4.9348E-11 5.0794E-11 5.2229E-11 5.2731E-11 5.4121E-11 5.5494E-11 5.6848E-11 5.7208E-11 5.8507E-11 5.9783E-11 6.1036E-11 6.2264E-11 6.3460E-11 6.3566E-11 6.3632E-11 6.4697E-11 6.5714E-11 6.6693E-11 6.7594E-11 6.8458E-11 6.9236E-11 6.8938E-11 6.9584E-11 7.0164E-11 7.0676E-11 7.0108E-11 7.0517E-11
3.1793E-12 4.9011E-12 6.6553E-12 7.1133E-12 8.1310E-12 9.8965E-12 1.1041E-11 1.3101E-11 1.4598E-11 1.5629E-11 1.6882E-11 1.8200E-11 1.9426E-11 2.0569E-11 2.1987E-11 2.3432E-11 2.4546E-11 2.6055E-11 2.7586E-11 2.9406E-11 3.1011E-11 3.2511E-11 3.3235E-11 3.4880E-11 3.6300E-11 3.7863E-11 3.9556E-11 4.0907E-11 4.2939E-11 4.4332E-11 4.5720E-11 4.7099E-11 4.8468E-11 4.9826E-11 5.1170E-11 5.2499E-11 5.2875E-11 5.4155E-11 5.4440E-11 5.5667E-11 5.6873E-11 5.8057E-11 5.9217E-11 6.0353E-11 6.1455E-11 6.2500E-11 6.2481E-11 6.3452E-11 6.4345E-11 6.5209E-11 6.5974E-11 6.5684E-11 6.6319E-11 6.6906E-11 6.7413E-11 6.7873E-11 6.8275E-11
2.7736E-12 4.3872E-12 4.6969E-12 6.4528E-12 7.4029E-12 7.8858E-12 9.2693E-12 1.0374E-11 1.2584E-11 1.3866E-11 1.5188E-11 1.6169E-11 1.7312E-11 1.8606E-11 1.9807E-11 2.0924E-11 2.2311E-11 2.3722E-11 2.5400E-11 2.6889E-11 2.8396E-11 2.9575E-11 3.1130E-11 3.2464E-11 3.3229E-11 3.4819E-11 3.6072E-11 3.7697E-11 3.9409E-11 4.0945E-11 4.2263E-11 4.3575E-11 4.4879E-11 4.6174E-11 4.7457E-11 4.8728E-11 4.9984E-11 5.1224E-11 5.2448E-11 5.2700E-11 5.3872E-11 5.5023E-11 5.6153E-11 5.7260E-11 5.8340E-11 5.9375E-11 5.9355E-11 6.0311E-11 6.1200E-11 6.2058E-11 6.2816E-11 6.3542E-11 6.4160E-11 6.4744E-11 6.5238E-11 6.4705E-11 6.5107E-11
2.3931E-12 2.5663E-12 4.1836E-12 5.3785E-12 6.2272E-12 7.1609E-12 8.4712E-12 9.5055E-12 1.0584E-11 1.2793E-11 1.3546E-11 1.4843E-11 1.6037E-11 1.7019E-11 1.8160E-11 1.9448E-11 2.0641E-11 2.1751E-11 2.3682E-11 2.5096E-11 2.6186E-11 2.7652E-11 2.8899E-11 3.0291E-11 3.1815E-11 3.3005E-11 3.4568E-11 3.5410E-11 3.6634E-11 3.8518E-11 3.9785E-11 4.1047E-11 4.2302E-11 4.3550E-11 4.4788E-11 4.6015E-11 4.7230E-11 4.8430E-11 4.9615E-11 5.0783E-11 5.0978E-11 5.2097E-11 5.3196E-11 5.4274E-11 5.5330E-11 5.6353E-11 5.7344E-11 5.8279E-11 5.9159E-11 5.9995E-11 5.9743E-11 6.0462E-11 6.1077E-11 6.0669E-11 6.1170E-11 6.1647E-11 6.2049E-11
4.7052E-13 2.4287E-12 3.9604E-12 4.2360E-12 5.9010E-12 6.2917E-12 7.2269E-12 8.2018E-12 9.2167E-12 1.1298E-11 1.2482E-11 1.3703E-11 1.4473E-11 1.5637E-11 1.6827E-11 1.7809E-11 1.8944E-11 2.0753E-11 2.1956E-11 2.3075E-11 2.4451E-11 2.5728E-11 2.6918E-11 2.8357E-11 2.9466E-11 3.0947E-11 3.2439E-11 3.3604E-11 3.4392E-11 3.5985E-11 3.7408E-11 3.8621E-11 3.9829E-11 4.1030E-11 4.2223E-11 4.3407E-11 4.4580E-11 4.5741E-11 4.6888E-11 4.8020E-11 4.9135E-11 5.0234E-11 5.1314E-11 5.2374E-11 5.3414E-11 5.3419E-11 5.4400E-11 5.5321E-11 5.5203E-11 5.6030E-11 5.6786E-11 5.7490E-11 5.8106E-11 5.8682E-11 5.9180E-11 5.7695E-11 5.8112E-11
4.4508E-13 1.8389E-12 1.9703E-12 3.4880E-12 3.7256E-12 5.3725E-12 6.5317E-12 7.4422E-12 8.2606E-12 9.6008E-12 1.1861E-11 1.2553E-11 1.3770E-11 1.4885E-11 1.5679E-11 1.6858E-11 1.8062E-11 1.9059E-11 2.0205E-11 2.1490E-11 2.2680E-11 2.3786E-11 2.5140E-11 2.6168E-11 2.7566E-11 2.8978E-11 3.0066E-11 3.1516E-11 3.2975E-11 3.4114E-11 3.5894E-11 3.7075E-11 3.8252E-11 3.9423E-11 4.0588E-11 4.1745E-11 4.2891E-11 4.4027E-11 4.4251E-11 4.5347E-11 4.6428E-11 4.7494E-11 4.7609E-11 4.8628E-11 4.9629E-11 5.0610E-11 5.1572E-11 5.2478E-11 5.3348E-11 5.4151E-11 5.2940E-11 5.3634E-11 5.3284E-11 5.1919E-11 5.2451E-11 5.1001E-11 5.1454E-11
0.0000E+00 2.2596E-13 1.4052E-12 1.5029E-12 2.5386E-12 3.5922E-12 4.9535E-12 6.2840E-12 7.1777E-12 8.1086E-12 1.0067E-11 1.1159E-11 1.2285E-11 1.2974E-11 1.4043E-11 1.5136E-11 1.5912E-11 1.7556E-11 1.8751E-11 1.9740E-11 2.0876E-11 2.2145E-11 2.3206E-11 2.4408E-11 2.5739E-11 2.6750E-11 2.8122E-11 2.9505E-11 3.0570E-11 3.1988E-11 3.3283E-11 3.4078E-11 3.5192E-11 3.6302E-11 3.7408E-11 3.8507E-11 3.9598E-11 4.0680E-11 4.1751E-11 4.2811E-11 4.3857E-11 4.4890E-11 4.5907E-11 4.6908E-11 4.5999E-11 4.6943E-11 4.7868E-11 4.5869E-11 4.6725E-11 4.7529E-11 4.6364E-11 4.7060E-11 4.7711E-11 4.8299E-11 4.8840E-11 4.8614E-11 4.9070E-11
0.0000E+00 0.0000E+00 1.1014E-12 1.1794E-12 2.1452E-12 2.2901E-12 3.3375E-12 3.8769E-12 4.4491E-12 5.2301E-12 6.0452E-12 7.9023E-12 9.0943E-12 1.0109E-11 1.1024E-11 1.4082E-11 1.5166E-11 1.6274E-11 1.7066E-11 1.8230E-11 1.9414E-11 2.0281E-11 2.1516E-11 2.2767E-11 2.3701E-11 2.4994E-11 2.6301E-11 2.7293E-11 2.8637E-11 2.9880E-11 3.1034E-11 3.2700E-11 3.3785E-11 3.4867E-11 3.5945E-11 3.5424E-11 3.6460E-11 3.7488E-11 3.8508E-11 3.7864E-11 3.7955E-11 3.8901E-11 3.8153E-11 3.9047E-11 3.9929E-11 4.0796E-11 4.1649E-11 4.2486E-11 4.2631E-11 4.3385E-11 4.4117E-11 4.4785E-11 4.3511E-11 4.4098E-11 4.3701E-11 4.2313E-11 4.2087E-11
0.0000E+00 0.0000E+00 0.0000E+00 6.7486E-13 7.2132E-13 1.2183E-12 1.7238E-12 2.9162E-12 3.9122E-12 4.4763E-12 5.2242E-12 6.8026E-12 7.8563E-12 8.6281E-12 9.2855E-12 1.0386E-11 1.1287E-11 1.1880E-11 1.2836E-11 1.3813E-11 1.4480E-11 1.5509E-11 1.6557E-11 1.7649E-11 1.8757E-11 1.9879E-11 2.0692E-11 2.1856E-11 2.2923E-11 2.3903E-11 2.5117E-11 2.6014E-11 2.7548E-11 2.8489E-11 2.9429E-11 3.0367E-11 3.1301E-11 3.2230E-11 3.2603E-11 3.3508E-11 3.4404E-11 3.5292E-11 3.6170E-11 3.7036E-11 3.7891E-11 3.8733E-11 3.7710E-11 3.8503E-11 3.9280E-11 3.7205E-11 3.7259E-11 3.7929E-11 3.6686E-11 3.7277E-11 3.7848E-11 3.8369E-11 3.8869E-11
0.0000E+00 0.0000E+00 0.0000E+00 0.0000E+00 4.4878E-13 9.0476E-13 9.6572E-13 1.4602E-12 1.5541E-12 2.1328E-12 2.5890E-12 3.0662E-12 4.6958E-12 5.6806E-12 6.4928E-12 9.3454E-12 9.9706E-12 1.1075E-11 1.1979E-11 1.2578E-11 1.3535E-11 1.4511E-11 1.5179E-11 1.6204E-11 1.7243E-11 1.7977E-11 1.9425E-11 2.0533E-11 2.1340E-11 2.2487E-11 2.3430E-11 2.4505E-11 2.5969E-11 2.6872E-11 2.7775E-11 2.8676E-11 2.9575E-11 2.8906E-11 2.9248E-11 3.0092E-11 3.0931E-11 3.0140E-11 3.0936E-11 3.0850E-11 3.1617E-11 3.0699E-11 3.1421E-11 3.2133E-11 3.2833E-11 3.3522E-11 3.4199E-11 3.3517E-11 3.4121E-11 3.4682E-11 3.3369E-11 3.3887E-11 3.4392E-11
