Assets/Resources/2015_m01_d05_0600(utc+0800)_l00_csi_1hr_conc.grd
DSAA
         159         159
     -79.000      79.000
     -79.000      79.000
  0.2071E-09  0.1238E-04
[rows 0 to 24 of 159, columns 0 to 56 of 159]
1.6593E-09 1.7103E-09 1.7515E-09 1.7941E-09 1.8381E-09 1.8835E-09 1.9302E-09 1.9904E-09 2.0520E-09 2.1027E-09 2.1544E-09 2.2069E-09 2.2602E-09 2.3138E-09 2.3940E-09 2.4478E-09 2.5009E-09 2.5518E-09 2.5974E-09 2.6345E-09 2.6680E-09 2.7267E-09 2.7547E-09 2.7820E-09 2.8069E-09 2.8300E-09 2.8516E-09 2.9165E-09 2.9311E-09 2.9553E-09 2.9619E-09 2.9641E-09 2.9632E-09 2.9590E-09 3.0011E-09 2.9912E-09 2.9783E-09 2.9634E-09 2.9946E-09 2.9738E-09 2.9494E-09 2.9223E-09 2.8933E-09 2.8619E-09 2.8296E-09 2.7935E-09 2.7553E-09 2.7135E-09 2.6687E-09 2.6210E-09 2.6234E-09 2.5702E-09 2.5138E-09 2.4512E-09 2.3360E-09 2.2721E-09 2.2059E-09
1.6922E-09 1.7332E-09 1.7755E-09 1.8194E-09 1.8646E-09 1.9236E-09 1.9840E-09 2.0339E-09 2.0850E-09 2.1375E-09 2.1910E-09 2.2455E-09 2.3140E-09 2.3830E-09 2.4394E-09 2.4955E-09 2.5505E-09 2.6032E-09 2.6489E-09 2.7152E-09 2.7502E-09 2.7824E-09 2.8119E-09 2.8402E-09 2.9125E-09 2.9367E-09 2.9751E-09 2.9950E-09 3.0099E-09 3.0197E-09 3.0752E-09 3.0786E-09 3.0778E-09 3.0741E-09 3.1176E-09 3.1083E-09 3.0956E-09 3.0806E-09 3.0620E-09 3.0405E-09 3.0161E-09 3.0399E-09 3.0112E-09 2.9796E-09 2.9473E-09 2.9663E-09 2.9286E-09 2.8874E-09 2.8422E-09 2.7942E-09 2.7419E-09 2.6869E-09 2.6286E-09 2.5674E-09 2.4996E-09 2.4277E-09 2.3547E-09
1.7142E-09 1.7563E-09 1.7997E-09 1.8449E-09 1.9036E-09 1.9643E-09 2.0142E-09 2.0657E-09 2.1186E-09 2.1729E-09 2.2414E-09 2.3112E-09 2.3688E-09 2.4271E-09 2.4857E-09 2.5442E-09 2.6012E-09 2.6837E-09 2.7302E-09 2.7694E-09 2.8056E-09 2.8389E-09 2.9162E-09 2.9457E-09 2.9897E-09 3.0153E-09 3.0398E-09 3.0602E-09 3.1243E-09 3.1352E-09 3.1922E-09 3.1964E-09 3.1963E-09 3.1931E-09 3.1866E-09 3.1777E-09 3.2166E-09 3.2014E-09 3.2370E-09 3.2154E-09 3.1915E-09 3.1637E-09 3.1354E-09 3.1044E-09 3.0717E-09 3.0369E-09 2.9984E-09 2.9567E-09 2.9105E-09 2.8614E-09 2.8081E-09 2.7514E-09 2.6916E-09 2.6284E-09 2.5581E-09 2.4859E-09 2.4122E-09
1.7364E-09 1.7796E-09 1.8364E-09 1.8829E-09 1.9433E-09 1.9933E-09 2.0448E-09 2.0980E-09 2.1526E-09 2.2350E-09 2.2927E-09 2.3517E-09 2.4114E-09 2.4720E-09 2.5330E-09 2.6222E-09 2.6814E-09 2.7376E-09 2.7839E-09 2.8247E-09 2.9079E-09 2.9428E-09 2.9921E-09 3.0230E-09 3.0531E-09 3.1296E-09 3.1554E-09 3.1769E-09 3.2425E-09 3.2545E-09 3.2618E-09 3.2665E-09 3.3181E-09 3.3156E-09 3.3634E-09 3.3554E-09 3.3436E-09 3.3282E-09 3.3106E-09 3.2885E-09 3.2646E-09 3.2371E-09 3.2083E-09 3.1777E-09 3.1446E-09 3.1099E-09 3.0705E-09 3.0284E-09 3.0399E-09 2.9898E-09 2.9358E-09 2.8772E-09 2.8159E-09 2.7503E-09 2.6825E-09 2.6030E-09 2.5217E-09
1.7672E-09 1.8241E-09 1.8829E-09 1.9314E-09 1.9817E-09 2.0336E-09 2.0873E-09 2.1559E-09 2.2263E-09 2.2852E-09 2.3456E-09 2.4074E-09 2.4701E-09 2.5477E-09 2.6262E-09 2.6905E-09 2.7530E-09 2.8106E-09 2.9037E-09 2.9475E-09 3.0027E-09 3.0400E-09 3.0765E-09 3.1592E-09 3.1915E-09 3.2721E-09 3.3003E-09 3.3233E-09 3.3398E-09 3.4047E-09 3.4136E-09 3.4733E-09 3.4755E-09 3.4745E-09 3.4698E-09 3.4620E-09 3.4517E-09 3.4367E-09 3.4198E-09 3.3984E-09 3.3744E-09 3.4046E-09 3.3761E-09 3.3466E-09 3.3139E-09 3.3360E-09 3.2979E-09 3.2569E-09 3.2114E-09 3.1609E-09 3.1066E-09 3.0469E-09 2.9842E-09 2.9170E-09 2.8462E-09 2.7659E-09 2.6829E-09
1.8025E-09 1.8608E-09 1.9090E-09 1.9588E-09 2.0106E-09 2.0641E-09 2.1458E-09 2.2033E-09 2.2627E-09 2.3237E-09 2.3862E-09 2.4641E-09 2.5436E-09 2.6102E-09 2.6772E-09 2.7438E-09 2.8545E-09 2.9125E-09 2.9768E-09 3.0222E-09 3.0642E-09 3.1526E-09 3.1910E-09 3.2773E-09 3.3112E-09 3.3437E-09 3.3726E-09 3.4477E-09 3.5193E-09 3.5344E-09 3.5450E-09 3.5511E-09 3.5538E-09 3.5532E-09 3.5490E-09 3.5411E-09 3.5876E-09 3.5734E-09 3.5565E-09 3.5918E-09 3.5681E-09 3.5428E-09 3.5143E-09 3.4856E-09 3.4538E-09 3.4195E-09 3.3817E-09 3.3399E-09 3.2940E-09 3.2424E-09 3.1872E-09 3.1266E-09 3.0618E-09 2.9932E-09 2.9200E-09 2.8368E-09 2.7506E-09
1.8384E-09 1.8859E-09 1.9354E-09 1.9866E-09 2.0530E-09 2.1214E-09 2.1789E-09 2.2383E-09 2.2997E-09 2.3627E-09 2.4415E-09 2.5223E-09 2.5903E-09 2.6595E-09 2.7749E-09 2.8444E-09 2.9270E-09 2.9859E-09 3.0361E-09 3.1323E-09 3.1765E-09 3.2686E-09 3.3088E-09 3.3476E-09 3.4340E-09 3.4687E-09 3.5531E-09 3.5778E-09 3.5972E-09 3.6125E-09 3.6240E-09 3.6307E-09 3.6339E-09 3.6900E-09 3.6873E-09 3.7363E-09 3.7267E-09 3.7137E-09 3.6966E-09 3.6769E-09 3.6527E-09 3.6282E-09 3.6005E-09 3.5716E-09 3.5406E-09 3.5059E-09 3.4685E-09 3.4258E-09 3.3797E-09 3.3275E-09 3.2708E-09 3.2092E-09 3.1425E-09 3.0726E-09 2.9968E-09 2.9105E-09 2.8211E-09
1.8624E-09 1.9112E-09 1.9620E-09 2.0278E-09 2.0960E-09 2.1532E-09 2.2125E-09 2.2737E-09 2.3371E-09 2.4306E-09 2.4982E-09 2.5673E-09 2.6379E-09 2.7558E-09 2.8442E-09 2.9163E-09 2.9857E-09 3.0938E-09 3.1464E-09 3.2456E-09 3.2919E-09 3.3367E-09 3.4296E-09 3.4708E-09 3.5629E-09 3.5994E-09 3.6312E-09 3.6562E-09 3.6767E-09 3.6922E-09 3.7612E-09 3.7692E-09 3.8295E-09 3.8305E-09 3.8288E-09 3.8229E-09 3.8131E-09 3.8008E-09 3.7833E-09 3.7642E-09 3.7405E-09 3.7161E-09 3.6895E-09 3.6607E-09 3.6302E-09 3.5952E-09 3.5584E-09 3.5157E-09 3.4686E-09 3.4159E-09 3.3836E-09 3.3214E-09 3.2530E-09 3.1817E-09 3.1033E-09 3.0136E-09 2.9204E-09
1.8866E-09 1.9367E-09 2.0150E-09 2.0697E-09 2.1264E-09 2.1854E-09 2.2465E-09 2.3236E-09 2.4036E-09 2.4715E-09 2.5414E-09 2.6587E-09 2.7328E-09 2.8233E-09 2.8995E-09 3.0233E-09 3.0951E-09 3.2043E-09 3.2600E-09 3.3109E-09 3.4102E-09 3.4580E-09 3.5562E-09 3.5994E-09 3.6403E-09 3.6783E-09 3.7110E-09 3.7363E-09 3.8146E-09 3.8314E-09 3.9012E-09 3.9106E-09 3.9163E-09 3.9179E-09 3.9164E-09 3.9115E-09 3.9017E-09 3.8901E-09 3.8732E-09 3.8539E-09 3.8313E-09 3.8068E-09 3.7812E-09 3.7780E-09 3.7483E-09 3.7139E-09 3.6771E-09 3.6347E-09 3.5867E-09 3.5342E-09 3.4748E-09 3.4118E-09 3.3425E-09 3.2688E-09 3.1877E-09 3.0947E-09 2.9980E-09
1.9109E-09 1.9887E-09 2.0426E-09 2.0988E-09 2.1572E-09 2.2179E-09 2.3090E-09 2.3748E-09 2.4428E-09 2.5130E-09 2.6313E-09 2.7214E-09 2.7985E-09 2.8768E-09 3.0050E-09 3.0835E-09 3.2056E-09 3.2669E-09 3.3243E-09 3.4292E-09 3.5340E-09 3.5842E-09 3.6313E-09 3.6760E-09 3.7188E-09 3.8146E-09 3.8483E-09 3.9313E-09 3.9552E-09 3.9738E-09 3.9881E-09 3.9983E-09 4.0049E-09 4.0073E-09 4.0058E-09 4.0021E-09 3.9930E-09 3.9814E-09 3.9653E-09 3.9712E-09 3.9500E-09 3.9259E-09 3.9016E-09 3.8742E-09 3.8447E-09 3.8114E-09 3.7742E-09 3.7320E-09 3.6832E-09 3.6305E-09 3.5707E-09 3.5059E-09 3.4357E-09 3.3596E-09 3.2757E-09 3.1792E-09 3.0788E-09
1.9619E-09 2.0152E-09 2.0705E-09 2.1283E-09 2.1883E-09 2.2791E-09 2.3444E-09 2.4123E-09 2.4824E-09 2.6013E-09 2.6921E-09 2.7700E-09 2.8990E-09 2.9811E-09 3.1135E-09 3.1951E-09 3.2678E-09 3.3821E-09 3.4958E-09 3.5526E-09 3.6062E-09 3.6580E-09 3.7079E-09 3.8104E-09 3.8559E-09 3.9531E-09 3.9881E-09 4.0171E-09 4.0416E-09 4.0619E-09 4.0768E-09 4.0879E-09 4.0948E-09 4.0988E-09 4.0981E-09 4.0945E-09 4.1120E-09 4.1005E-09 4.0857E-09 4.0664E-09 4.0466E-09 4.0234E-09 3.9997E-09 3.9740E-09 3.9446E-09 3.9124E-09 3.8747E-09 3.8330E-09 3.7843E-09 3.7586E-09 3.6990E-09 3.6328E-09 3.5622E-09 3.4839E-09 3.3970E-09 3.2969E-09 3.1924E-09
1.9871E-09 2.0418E-09 2.0986E-09 2.1718E-09 2.2481E-09 2.3129E-09 2.3802E-09 2.4959E-09 2.5691E-09 2.6603E-09 2.7387E-09 2.8688E-09 2.9524E-09 3.0884E-09 3.1740E-09 3.3091E-09 3.4366E-09 3.5025E-09 3.5645E-09 3.6233E-09 3.6797E-09 3.7331E-09 3.8422E-09 3.9476E-09 3.9955E-09 4.0385E-09 4.0741E-09 4.1044E-09 4.1297E-09 4.1511E-09 4.1673E-09 4.1794E-09 4.1874E-09 4.2177E-09 4.2182E-09 4.2150E-09 4.2086E-09 4.1970E-09 4.1834E-09 4.1647E-09 4.1459E-09 4.1245E-09 4.1015E-09 4.1050E-09 4.0761E-09 4.0453E-09 4.0082E-09 3.9959E-09 3.9478E-09 3.8934E-09 3.8337E-09 3.7664E-09 3.6958E-09 3.6154E-09 3.5257E-09 3.4220E-09 3.3135E-09
2.0126E-09 2.0686E-09 2.1409E-09 2.2164E-09 2.2804E-09 2.3471E-09 2.4623E-09 2.5504E-09 2.6262E-09 2.7536E-09 2.8355E-09 2.9701E-09 3.0576E-09 3.1470E-09 3.2873E-09 3.4281E-09 3.5020E-09 3.5708E-09 3.6344E-09 3.6951E-09 3.8112E-09 3.9234E-09 3.9788E-09 4.0315E-09 4.0812E-09 4.1253E-09 4.1617E-09 4.1933E-09 4.2195E-09 4.2420E-09 4.2846E-09 4.2983E-09 4.3076E-09 4.3136E-09 4.3155E-09 4.3126E-09 4.3075E-09 4.2967E-09 4.2836E-09 4.2945E-09 4.2764E-09 4.2571E-09 4.2646E-09 4.2418E-09 4.2141E-09 4.1845E-09 4.1484E-09 4.1065E-09 4.0589E-09 4.0034E-09 3.9439E-09 3.8764E-09 3.8039E-09 3.7210E-09 3.6284E-09 3.5208E-09 3.4082E-09
2.0383E-09 2.1095E-09 2.1841E-09 2.2472E-09 2.3130E-09 2.4276E-09 2.5151E-09 2.5905E-09 2.7178E-09 2.7998E-09 2.9349E-09 3.0233E-09 3.1140E-09 3.2583E-09 3.4054E-09 3.4935E-09 3.5684E-09 3.6396E-09 3.7618E-09 3.8257E-09 3.9442E-09 4.0040E-09 4.0613E-09 4.1163E-09 4.1683E-09 4.2129E-09 4.2504E-09 4.2838E-09 4.3366E-09 4.3602E-09 4.3791E-09 4.3942E-09 4.4046E-09 4.4112E-09 4.4149E-09 4.4130E-09 4.4365E-09 4.4273E-09 4.4149E-09 4.4295E-09 4.4124E-09 4.3951E-09 4.3750E-09 4.3533E-09 4.3276E-09 4.2983E-09 4.2633E-09 4.2212E-09 4.1742E-09 4.1190E-09 4.0587E-09 3.9913E-09 3.9168E-09 3.8314E-09 3.7355E-09 3.6241E-09 3.5073E-09
2.0779E-09 2.1514E-09 2.2135E-09 2.2782E-09 2.3921E-09 2.4786E-09 2.5534E-09 2.6802E-09 2.7619E-09 2.8971E-09 2.9856E-09 3.1286E-09 3.2773E-09 3.3743E-09 3.4709E-09 3.5592E-09 3.6358E-09 3.7658E-09 3.8912E-09 3.9582E-09 4.0234E-09 4.0859E-09 4.1452E-09 4.2023E-09 4.2556E-09 4.3013E-09 4.3657E-09 4.4006E-09 4.4307E-09 4.4551E-09 4.4754E-09 4.4916E-09 4.5038E-09 4.5114E-09 4.5442E-09 4.5442E-09 4.5700E-09 4.5627E-09 4.5515E-09 4.5390E-09 4.5230E-09 4.5087E-09 4.4899E-09 4.4687E-09 4.4450E-09 4.4161E-09 4.3824E-09 4.3408E-09 4.2940E-09 4.2396E-09 4.1783E-09 4.1112E-09 4.0348E-09 3.9467E-09 3.8476E-09 3.7321E-09 3.6108E-09
2.1185E-09 2.1793E-09 2.2430E-09 2.3557E-09 2.4414E-09 2.5150E-09 2.6413E-09 2.7222E-09 2.8572E-09 2.9455E-09 3.0888E-09 3.2385E-09 3.3378E-09 3.4378E-09 3.5370E-09 3.6824E-09 3.7616E-09 3.8937E-09 3.9664E-09 4.0361E-09 4.1035E-09 4.1686E-09 4.2304E-09 4.2897E-09 4.3696E-09 4.4166E-09 4.4579E-09 4.4939E-09 4.5255E-09 4.5517E-09 4.5734E-09 4.6189E-09 4.6332E-09 4.6719E-09 4.6778E-09 4.6800E-09 4.6776E-09 4.6732E-09 4.6635E-09 4.6531E-09 4.6407E-09 4.6273E-09 4.6139E-09 4.5902E-09 4.5665E-09 4.5385E-09 4.5058E-09 4.4656E-09 4.4186E-09 4.3650E-09 4.3028E-09 4.2363E-09 4.1579E-09 4.0672E-09 3.9647E-09 3.8460E-09 3.7217E-09
2.1451E-09 2.2075E-09 2.3190E-09 2.4034E-09 2.4760E-09 2.6012E-09 2.7312E-09 2.8154E-09 2.9033E-09 3.0464E-09 3.1963E-09 3.2962E-09 3.3992E-09 3.5023E-09 3.6609E-09 3.8060E-09 3.8893E-09 3.9672E-09 4.0424E-09 4.1151E-09 4.1847E-09 4.2521E-09 4.3168E-09 4.4039E-09 4.4602E-09 4.5085E-09 4.5513E-09 4.5887E-09 4.6219E-09 4.6778E-09 4.7016E-09 4.7503E-09 4.7667E-09 4.7794E-09 4.7865E-09 4.7915E-09 4.7902E-09 4.7874E-09 4.7796E-09 4.7719E-09 4.7634E-09 4.7525E-09 4.7400E-09 4.7222E-09 4.6950E-09 4.6659E-09 4.6337E-09 4.5956E-09 4.5485E-09 4.4963E-09 4.4356E-09 4.3691E-09 4.2895E-09 4.1966E-09 4.0908E-09 3.9678E-09 3.8376E-09
2.1718E-09 2.2820E-09 2.3650E-09 2.4363E-09 2.5603E-09 2.6892E-09 2.7725E-09 2.8593E-09 3.0020E-09 3.1515E-09 3.2513E-09 3.3546E-09 3.4608E-09 3.6249E-09 3.7854E-09 3.8754E-09 3.9620E-09 4.0416E-09 4.1192E-09 4.1947E-09 4.2669E-09 4.3620E-09 4.4297E-09 4.4944E-09 4.5517E-09 4.6015E-09 4.6461E-09 4.7132E-09 4.7481E-09 4.8074E-09 4.8337E-09 4.8568E-09 4.8750E-09 4.8893E-09 4.8982E-09 4.9066E-09 4.9082E-09 4.9063E-09 4.9014E-09 4.8949E-09 4.8881E-09 4.8794E-09 4.8693E-09 4.8549E-09 4.8344E-09 4.7982E-09 4.7669E-09 4.7319E-09 4.6864E-09 4.6356E-09 4.5751E-09 4.5077E-09 4.4264E-09 4.3319E-09 4.2242E-09 4.0965E-09 3.9618E-09
2.2447E-09 2.3265E-09 2.3963E-09 2.5190E-09 2.6464E-09 2.7285E-09 2.8653E-09 3.0093E-09 3.1046E-09 3.2038E-09 3.3070E-09 3.4703E-09 3.5807E-09 3.7488E-09 3.8541E-09 3.9456E-09 4.0340E-09 4.1168E-09 4.1969E-09 4.2751E-09 4.3756E-09 4.4483E-09 4.5183E-09 4.5852E-09 4.6434E-09 4.6951E-09 4.7700E-09 4.8119E-09 4.8778E-09 4.9114E-09 4.9416E-09 4.9653E-09 4.9853E-09 5.0041E-09 5.0154E-09 5.0236E-09 5.0269E-09 5.0262E-09 5.0249E-09 5.0198E-09 5.0158E-09 5.0104E-09 5.0022E-09 4.9922E-09 4.9762E-09 4.9458E-09 4.9081E-09 4.8737E-09 4.8309E-09 4.7806E-09 4.7221E-09 4.6557E-09 4.5728E-09 4.4746E-09 4.3619E-09 4.2296E-09 4.0903E-09
2.2878E-09 2.3562E-09 2.4771E-09 2.6032E-09 2.6836E-09 2.8193E-09 2.9619E-09 3.0561E-09 3.1543E-09 3.2566E-09 3.4199E-09 3.5873E-09 3.7020E-09 3.8173E-09 3.9229E-09 4.0166E-09 4.1067E-09 4.1927E-09 4.3005E-09 4.3818E-09 4.4601E-09 4.5356E-09 4.6080E-09 4.6764E-09 4.7642E-09 4.8183E-09 4.8966E-09 4.9415E-09 4.9837E-09 5.0188E-09 5.0493E-09 5.0787E-09 5.1009E-09 5.1188E-09 5.1328E-09 5.1423E-09 5.1479E-09 5.1487E-09 5.1508E-09 5.1495E-09 5.1481E-09 5.1469E-09 5.1416E-09 5.1349E-09 5.1207E-09 5.0993E-09 5.0607E-09 5.0237E-09 4.9838E-09 4.9333E-09 4.8773E-09 4.8083E-09 4.7235E-09 4.6230E-09 4.5070E-09 4.3701E-09 4.2249E-09
2.3159E-09 2.4353E-09 2.5596E-09 2.6385E-09 2.7724E-09 2.9137E-09 3.0063E-09 3.1032E-09 3.2044E-09 3.3667E-09 3.5339E-09 3.6504E-09 3.7685E-09 3.8867E-09 3.9918E-09 4.0884E-09 4.1800E-09 4.2942E-09 4.3803E-09 4.4641E-09 4.5450E-09 4.6235E-09 4.7265E-09 4.7968E-09 4.8880E-09 4.9445E-09 4.9991E-09 5.0468E-09 5.0887E-09 5.1279E-09 5.1622E-09 5.1917E-09 5.2158E-09 5.2354E-09 5.2514E-09 5.2621E-09 5.2722E-09 5.2765E-09 5.2804E-09 5.2829E-09 5.2856E-09 5.2879E-09 5.2855E-09 5.2843E-09 5.2742E-09 5.2554E-09 5.2272E-09 5.1816E-09 5.1408E-09 5.0918E-09 5.0380E-09 4.9685E-09 4.8818E-09 4.7798E-09 4.6616E-09 4.5205E-09 4.3721E-09
2.3935E-09 2.4661E-09 2.5931E-09 2.7252E-09 2.8647E-09 2.9557E-09 3.0509E-09 3.1507E-09 3.3116E-09 3.4779E-09 3.5936E-09 3.7138E-09 3.8357E-09 3.9566E-09 4.0604E-09 4.1611E-09 4.2793E-09 4.3715E-09 4.4606E-09 4.5469E-09 4.6306E-09 4.7401E-09 4.8188E-09 4.9200E-09 4.9856E-09 5.0471E-09 5.1010E-09 5.1503E-09 5.1983E-09 5.2384E-09 5.2733E-09 5.3047E-09 5.3314E-09 5.3531E-09 5.3745E-09 5.3882E-09 5.3991E-09 5.4071E-09 5.4139E-09 5.4226E-09 5.4292E-09 5.4347E-09 5.4368E-09 5.4370E-09 5.4316E-09 5.4157E-09 5.3910E-09 5.3504E-09 5.3082E-09 5.2600E-09 5.2081E-09 5.1390E-09 5.0523E-09 4.9468E-09 4.8247E-09 4.6795E-09 4.5251E-09
2.4226E-09 2.5476E-09 2.6267E-09 2.8153E-09 2.9045E-09 2.9979E-09 3.0958E-09 3.2552E-09 3.4198E-09 3.5345E-09 3.6540E-09 3.7776E-09 3.9037E-09 4.0246E-09 4.1296E-09 4.2581E-09 4.3544E-09 4.4489E-09 4.5411E-09 4.6302E-09 4.7452E-09 4.8294E-09 4.9410E-09 5.0170E-09 5.0852E-09 5.1466E-09 5.2060E-09 5.2586E-09 5.3052E-09 5.3484E-09 5.3854E-09 5.4192E-09 5.4518E-09 5.4772E-09 5.4990E-09 5.5160E-09 5.5290E-09 5.5431E-09 5.5531E-09 5.5642E-09 5.5752E-09 5.5846E-09 5.5918E-09 5.5956E-09 5.5940E-09 5.5826E-09 5.5633E-09 5.5327E-09 5.4913E-09 5.4429E-09 5.3870E-09 5.3175E-09 5.2336E-09 5.1317E-09 5.0082E-09 4.8597E-09 4.6995E-09
2.5024E-09 2.5794E-09 2.7125E-09 2.8529E-09 2.9445E-09 3.0403E-09 3.1977E-09 3.3605E-09 3.4733E-09 3.5916E-09 3.7150E-09 3.8420E-09 3.9712E-09 4.1173E-09 4.2249E-09 4.3298E-09 4.4300E-09 4.5267E-09 4.6499E-09 4.7426E-09 4.8622E-09 4.9492E-09 5.0379E-09 5.1130E-09 5.1825E-09 5.2509E-09 5.3103E-09 5.3644E-09 5.4132E-09 5.4591E-09 5.5007E-09 5.5407E-09 5.5728E-09 5.6010E-09 5.6247E-09 5.6478E-09 5.6644E-09 5.6803E-09 5.6953E-09 5.7099E-09 5.7263E-09 5.7391E-09 5.7536E-09 5.7620E-09 5.7661E-09 5.7609E-09 5.7445E-09 5.7169E-09 5.6829E-09 5.6419E-09 5.5879E-09 5.5180E-09 5.4311E-09 5.3217E-09 5.1949E-09 5.0404E-09 4.8784E-09
2.5324E-09 2.6631E-09 2.8015E-09 2.8907E-09 2.9845E-09 3.1395E-09 3.3002E-09 3.4109E-09 3.5272E-09 3.6490E-09 3.7764E-09 3.9069E-09 4.0643E-09 4.1853E-09 4.2958E-09 4.4019E-09 4.5053E-09 4.6328E-09 4.7319E-09 4.8563E-09 4.9517E-09 5.0450E-09 5.1312E-09 5.2106E-09 5.2849E-09 5.3520E-09 5.4136E-09 5.4713E-09 5.5225E-09 5.5754E-09 5.6200E-09 5.6593E-09 5.6944E-09 5.7282E-09 5.7568E-09 5.7811E-09 5.8008E-09 5.8206E-09 5.8399E-09 5.8592E-09 5.8843E-09 5.9040E-09 5.9219E-09 5.9349E-09 5.9439E-09 5.9463E-09 5.9383E-09 5.9177E-09 5.8872E-09 5.8505E-09 5.7955E-09 5.7285E-09 5.6422E-09 5.5318E-09 5.4015E-09 5.2427E-09 5.0748E-09
