Assets/Resources/2015_m01_d04_1100(utc+0800)_l00_csi_1hr_conc.grd
DSAA
         159         159
     -79.000      79.000
     -79.000      79.000
  0.8080E-10  0.1199E-05
[rows 50 to 74 of 159, columns 57 to 113 of 159]
1.7789E-08 1.7161E-08 1.6512E-08 1.5877E-08 1.5294E-08 1.4791E-08 1.4375E-08 1.4125E-08 1.4472E-08 1.2125E-08 1.1728E-08 1.1373E-08 1.1065E-08 1.0787E-08 1.0524E-08 1.0250E-08 9.9879E-09 9.8088E-09 9.6624E-09 9.5490E-09 9.4306E-09 9.3287E-09 9.2226E-09 9.1323E-09 9.0501E-09 9.0077E-09 9.0453E-09 9.2298E-09 9.8243E-09 1.1493E-08 1.4054E-08 1.7177E-08 2.1571E-08 2.3745E-08 2.6052E-08 2.7740E-08 2.7229E-08 2.6900E-08 2.6710E-08 2.6399E-08 2.6603E-08 2.7321E-08 2.7685E-08 2.9767E-08 3.1757E-08 3.2860E-08 3.4590E-08 3.4085E-08 3.5417E-08 3.4601E-08 3.3517E-08 3.2381E-08 3.1175E-08 2.9919E-08 2.8637E-08 2.7343E-08 2.6079E-08
1.9994E-08 1.9251E-08 1.8489E-08 1.7762E-08 1.7116E-08 1.6571E-08 1.6174E-08 1.6180E-08 1.7250E-08 1.3172E-08 1.2703E-08 1.2252E-08 1.1873E-08 1.1531E-08 1.1218E-08 1.0916E-08 1.0615E-08 1.0354E-08 1.0164E-08 1.0006E-08 9.8693E-09 9.7352E-09 9.6171E-09 9.5062E-09 9.4322E-09 9.4118E-09 9.5117E-09 9.8679E-09 1.0972E-08 1.4116E-08 1.6659E-08 1.9580E-08 2.3636E-08 2.6625E-08 2.9308E-08 2.8988E-08 2.8734E-08 2.8229E-08 2.7992E-08 2.8059E-08 2.8624E-08 2.9076E-08 3.0294E-08 3.3094E-08 3.4671E-08 3.5033E-08 3.5893E-08 3.6557E-08 3.6703E-08 3.5647E-08 3.4574E-08 3.3362E-08 3.2063E-08 3.0746E-08 2.9409E-08 2.8075E-08 2.6767E-08
2.2409E-08 2.1546E-08 2.0680E-08 1.9877E-08 1.9193E-08 1.8651E-08 1.8415E-08 1.9390E-08 1.4921E-08 1.4308E-08 1.3744E-08 1.3217E-08 1.2743E-08 1.2330E-08 1.1955E-08 1.1606E-08 1.1273E-08 1.0952E-08 1.0695E-08 1.0492E-08 1.0321E-08 1.0164E-08 1.0022E-08 9.9050E-09 9.8366E-09 9.8635E-09 1.0070E-08 1.0761E-08 1.2741E-08 1.5678E-08 1.9257E-08 2.4282E-08 2.6710E-08 2.9150E-08 3.0877E-08 3.0324E-08 2.9979E-08 2.9779E-08 2.9455E-08 2.9670E-08 3.0409E-08 3.0774E-08 3.2971E-08 3.5089E-08 3.6194E-08 3.7973E-08 3.7453E-08 3.8817E-08 3.7915E-08 3.6749E-08 3.5532E-08 3.4258E-08 3.2915E-08 3.1554E-08 3.0173E-08 2.8793E-08 2.7433E-08
2.5022E-08 2.4045E-08 2.3096E-08 2.2257E-08 2.1572E-08 2.1140E-08 2.1474E-08 2.3596E-08 1.6254E-08 1.5530E-08 1.4863E-08 1.4252E-08 1.3674E-08 1.3182E-08 1.2738E-08 1.2329E-08 1.1948E-08 1.1587E-08 1.1260E-08 1.1006E-08 1.0790E-08 1.0609E-08 1.0445E-08 1.0327E-08 1.0281E-08 1.0378E-08 1.0775E-08 1.2060E-08 1.5675E-08 1.8697E-08 2.1932E-08 2.6396E-08 2.9659E-08 3.2542E-08 3.2185E-08 3.1886E-08 3.1362E-08 3.1110E-08 3.1181E-08 3.1810E-08 3.2234E-08 3.3567E-08 3.6409E-08 3.8034E-08 3.8480E-08 3.9291E-08 4.0064E-08 4.0113E-08 3.8973E-08 3.7805E-08 3.6502E-08 3.5125E-08 3.3731E-08 3.2316E-08 3.0897E-08 2.9475E-08 2.8086E-08
2.7818E-08 2.6751E-08 2.5755E-08 2.4931E-08 2.4331E-08 2.4276E-08 2.6507E-08 1.8574E-08 1.7672E-08 1.6829E-08 1.6051E-08 1.5337E-08 1.4677E-08 1.4084E-08 1.3562E-08 1.3087E-08 1.2648E-08 1.2243E-08 1.1866E-08 1.1546E-08 1.1286E-08 1.1067E-08 1.0892E-08 1.0776E-08 1.0778E-08 1.0993E-08 1.1783E-08 1.4092E-08 1.7411E-08 2.1455E-08 2.7091E-08 2.9758E-08 3.2344E-08 3.4162E-08 3.3584E-08 3.3193E-08 3.2954E-08 3.2625E-08 3.2855E-08 3.3632E-08 3.3999E-08 3.6300E-08 3.8479E-08 3.9578E-08 4.1404E-08 4.0878E-08 4.2259E-08 4.1288E-08 4.0064E-08 3.8761E-08 3.7380E-08 3.5950E-08 3.4518E-08 3.3047E-08 3.1587E-08 3.0127E-08 2.8702E-08
3.0782E-08 2.9665E-08 2.8695E-08 2.7952E-08 2.7628E-08 2.8672E-08 3.2310E-08 2.0196E-08 1.9162E-08 1.8194E-08 1.7299E-08 1.6477E-08 1.5728E-08 1.5028E-08 1.4424E-08 1.3877E-08 1.3374E-08 1.2915E-08 1.2490E-08 1.2109E-08 1.1799E-08 1.1547E-08 1.1361E-08 1.1269E-08 1.1344E-08 1.1774E-08 1.3235E-08 1.7325E-08 2.0869E-08 2.4396E-08 2.9249E-08 3.2738E-08 3.5803E-08 3.5459E-08 3.5182E-08 3.4629E-08 3.4328E-08 3.4391E-08 3.5084E-08 3.5480E-08 3.6968E-08 3.9813E-08 4.1462E-08 4.1953E-08 4.2702E-08 4.3623E-08 4.3540E-08 4.2319E-08 4.1076E-08 3.9702E-08 3.8235E-08 3.6733E-08 3.5233E-08 3.3742E-08 3.2242E-08 3.0758E-08 2.9284E-08
3.3899E-08 3.2797E-08 3.1937E-08 3.1422E-08 3.1822E-08 3.6231E-08 2.3111E-08 2.1876E-08 2.0706E-08 1.9610E-08 1.8593E-08 1.7658E-08 1.6805E-08 1.6021E-08 1.5317E-08 1.4692E-08 1.4122E-08 1.3602E-08 1.3127E-08 1.2695E-08 1.2331E-08 1.2048E-08 1.1859E-08 1.1815E-08 1.2021E-08 1.2900E-08 1.5552E-08 1.9233E-08 2.3733E-08 2.9977E-08 3.2894E-08 3.5594E-08 3.7440E-08 3.6865E-08 3.6483E-08 3.6252E-08 3.5894E-08 3.6109E-08 3.6918E-08 3.7287E-08 3.9682E-08 4.1936E-08 4.3011E-08 4.4847E-08 4.4287E-08 4.5675E-08 4.4665E-08 4.3374E-08 4.1991E-08 4.0534E-08 3.9022E-08 3.7486E-08 3.5923E-08 3.4377E-08 3.2856E-08 3.1338E-08 2.9830E-08
3.7186E-08 3.6189E-08 3.5542E-08 3.5558E-08 3.7843E-08 4.3183E-08 2.4967E-08 2.3590E-08 2.2284E-08 2.1057E-08 1.9918E-08 1.8868E-08 1.7908E-08 1.7026E-08 1.6231E-08 1.5526E-08 1.4884E-08 1.4300E-08 1.3771E-08 1.3290E-08 1.2879E-08 1.2574E-08 1.2403E-08 1.2437E-08 1.2880E-08 1.4505E-08 1.9055E-08 2.3156E-08 2.6930E-08 3.2143E-08 3.5843E-08 3.9075E-08 3.8730E-08 3.8459E-08 3.7914E-08 3.7621E-08 3.7685E-08 3.8379E-08 3.8756E-08 4.0409E-08 4.3223E-08 4.4889E-08 4.5451E-08 4.6116E-08 4.7142E-08 4.6913E-08 4.5617E-08 4.4326E-08 4.2876E-08 4.1330E-08 3.9754E-08 3.8166E-08 3.6572E-08 3.4982E-08 3.3416E-08 3.1875E-08 3.0336E-08
4.0734E-08 3.9853E-08 3.9633E-08 4.0857E-08 4.8603E-08 2.8399E-08 2.6824E-08 2.5309E-08 2.3868E-08 2.2513E-08 2.1252E-08 2.0088E-08 1.9022E-08 1.8041E-08 1.7155E-08 1.6369E-08 1.5653E-08 1.5004E-08 1.4418E-08 1.3894E-08 1.3446E-08 1.3129E-08 1.2999E-08 1.3173E-08 1.4126E-08 1.7119E-08 2.1125E-08 2.6059E-08 3.2887E-08 3.6053E-08 3.8844E-08 4.0695E-08 4.0125E-08 3.9740E-08 3.9516E-08 3.9175E-08 3.9417E-08 4.0243E-08 4.0584E-08 4.3050E-08 4.5369E-08 4.6407E-08 4.8246E-08 4.7672E-08 4.9049E-08 4.7954E-08 4.6607E-08 4.5157E-08 4.3642E-08 4.2051E-08 4.0436E-08 3.8794E-08 3.7162E-08 3.5538E-08 3.3937E-08 3.2361E-08 3.0798E-08
4.4679E-08 4.3957E-08 4.4487E-08 4.8643E-08 5.5150E-08 3.0356E-08 2.8647E-08 2.7000E-08 2.5430E-08 2.3952E-08 2.2574E-08 2.1299E-08 2.0130E-08 1.9064E-08 1.8076E-08 1.7209E-08 1.6420E-08 1.5705E-08 1.5063E-08 1.4497E-08 1.4028E-08 1.3724E-08 1.3673E-08 1.4104E-08 1.5874E-08 2.0849E-08 2.5525E-08 2.9491E-08 3.5017E-08 3.8902E-08 4.2285E-08 4.1946E-08 4.1684E-08 4.1144E-08 4.0853E-08 4.0937E-08 4.1664E-08 4.2044E-08 4.3845E-08 4.6571E-08 4.8239E-08 4.8881E-08 4.9446E-08 5.0613E-08 5.0215E-08 4.8846E-08 4.7468E-08 4.5952E-08 4.4347E-08 4.2706E-08 4.1040E-08 3.9365E-08 3.7697E-08 3.6044E-08 3.4408E-08 3.2800E-08 3.1226E-08
4.9719E-08 4.8826E-08 5.0837E-08 6.3027E-08 3.4096E-08 3.2229E-08 3.0399E-08 2.8628E-08 2.6940E-08 2.5347E-08 2.3859E-08 2.2480E-08 2.1212E-08 2.0054E-08 1.8993E-08 1.8034E-08 1.7174E-08 1.6395E-08 1.5700E-08 1.5100E-08 1.4628E-08 1.4365E-08 1.4465E-08 1.5464E-08 1.8788E-08 2.3064E-08 2.8387E-08 3.5666E-08 3.9172E-08 4.2020E-08 4.3848E-08 4.3295E-08 4.2911E-08 4.2693E-08 4.2368E-08 4.2638E-08 4.3502E-08 4.3850E-08 4.6369E-08 4.8711E-08 4.9693E-08 5.1520E-08 5.0939E-08 5.2294E-08 5.1142E-08 4.9742E-08 4.8220E-08 4.6622E-08 4.4964E-08 4.3298E-08 4.1582E-08 3.9871E-08 3.8172E-08 3.6490E-08 3.4826E-08 3.3190E-08 3.1582E-08
5.6176E-08 5.5380E-08 6.0658E-08 6.6440E-08 3.5946E-08 3.3976E-08 3.2038E-08 3.0161E-08 2.8366E-08 2.6668E-08 2.5081E-08 2.3607E-08 2.2249E-08 2.1005E-08 1.9864E-08 1.8831E-08 1.7903E-08 1.7065E-08 1.6324E-08 1.5705E-08 1.5256E-08 1.5081E-08 1.5460E-08 1.7337E-08 2.2680E-08 2.7939E-08 3.2026E-08 3.7803E-08 4.1848E-08 4.5352E-08 4.5024E-08 4.4776E-08 4.4254E-08 4.3965E-08 4.4064E-08 4.4823E-08 4.5212E-08 4.7197E-08 4.9819E-08 5.1457E-08 5.2166E-08 5.2617E-08 5.3922E-08 5.3355E-08 5.1920E-08 5.0484E-08 4.8908E-08 4.7232E-08 4.5515E-08 4.3782E-08 4.2055E-08 4.0312E-08 3.8584E-08 3.6875E-08 3.5186E-08 3.3526E-08 3.1893E-08
6.5002E-08 6.4827E-08 7.9929E-08 4.0034E-08 3.7640E-08 3.5552E-08 3.3527E-08 3.1561E-08 2.9675E-08 2.7889E-08 2.6214E-08 2.4657E-08 2.3219E-08 2.1900E-08 2.0686E-08 1.9585E-08 1.8596E-08 1.7705E-08 1.6932E-08 1.6310E-08 1.5918E-08 1.5908E-08 1.6919E-08 2.0532E-08 2.5011E-08 3.0663E-08 3.8312E-08 4.2171E-08 4.5043E-08 4.6817E-08 4.6287E-08 4.5912E-08 4.5708E-08 4.5405E-08 4.5699E-08 4.6600E-08 4.6955E-08 4.9526E-08 5.1907E-08 5.2818E-08 5.4598E-08 5.4011E-08 5.5334E-08 5.4134E-08 5.2692E-08 5.1111E-08 4.9454E-08 4.7737E-08 4.5989E-08 4.4212E-08 4.2438E-08 4.0684E-08 3.8930E-08 3.7196E-08 3.5484E-08 3.3802E-08 3.2149E-08
7.7552E-08 8.0049E-08 7.8647E-08 4.2476E-08 3.9305E-08 3.6921E-08 3.4829E-08 3.2794E-08 3.0839E-08 2.8982E-08 2.7236E-08 2.5609E-08 2.4104E-08 2.2719E-08 2.1443E-08 2.0283E-08 1.9240E-08 1.8311E-08 1.7522E-08 1.6929E-08 1.6639E-08 1.6939E-08 1.8883E-08 2.4512E-08 3.0345E-08 3.4468E-08 4.0426E-08 4.4596E-08 4.8193E-08 4.7880E-08 4.7649E-08 4.7153E-08 4.6873E-08 4.6993E-08 4.7778E-08 4.8174E-08 5.0353E-08 5.2838E-08 5.4458E-08 5.5257E-08 5.5563E-08 5.6999E-08 5.6255E-08 5.4766E-08 5.3283E-08 5.1656E-08 4.9929E-08 4.8156E-08 4.6364E-08 4.4562E-08 4.2761E-08 4.0971E-08 3.9207E-08 3.7452E-08 3.5719E-08 3.4018E-08 3.2347E-08
9.6165E-08 1.0842E-07 5.3295E-08 4.6381E-08 4.1369E-08 3.8146E-08 3.5911E-08 3.3832E-08 3.1829E-08 2.9922E-08 2.8123E-08 2.6442E-08 2.4883E-08 2.3446E-08 2.2120E-08 2.0911E-08 1.9828E-08 1.8876E-08 1.8094E-08 1.7567E-08 1.7461E-08 1.8462E-08 2.2327E-08 2.6921E-08 3.2824E-08 4.0759E-08 4.4968E-08 4.7826E-08 4.9516E-08 4.9016E-08 4.8653E-08 4.8468E-08 4.8197E-08 4.8519E-08 4.9452E-08 4.9813E-08 5.2427E-08 5.4832E-08 5.5676E-08 5.7420E-08 5.6829E-08 5.8092E-08 5.6852E-08 5.5380E-08 5.3753E-08 5.2050E-08 5.0284E-08 4.8486E-08 4.6657E-08 4.4827E-08 4.3005E-08 4.1195E-08 3.9404E-08 3.7638E-08 3.5888E-08 3.4172E-08 3.2485E-08
1.2412E-07 1.0536E-07 6.1876E-08 5.1870E-08 4.4836E-08 3.9716E-08 3.6845E-08 3.4650E-08 3.2622E-08 3.0686E-08 2.8854E-08 2.7138E-08 2.5541E-08 2.4067E-08 2.2702E-08 2.1459E-08 2.0353E-08 1.9398E-08 1.8661E-08 1.8249E-08 1.8482E-08 2.0467E-08 2.6295E-08 3.2582E-08 3.6739E-08 4.2801E-08 4.7059E-08 5.0720E-08 5.0422E-08 5.0215E-08 4.9750E-08 4.9485E-08 4.9632E-08 5.0443E-08 5.0848E-08 5.3218E-08 5.5541E-08 5.7136E-08 5.8031E-08 5.8207E-08 5.9791E-08 5.8842E-08 5.7305E-08 5.5789E-08 5.4126E-08 5.2361E-08 5.0545E-08 4.8708E-08 4.6858E-08 4.5008E-08 4.3166E-08 4.1340E-08 3.9531E-08 3.7752E-08 3.5989E-08 3.4260E-08 3.2561E-08
1.6816E-07 9.3441E-08 7.4918E-08 6.0573E-08 5.0270E-08 4.3274E-08 3.8199E-08 3.5400E-08 3.3236E-08 3.1257E-08 2.9414E-08 2.7681E-08 2.6064E-08 2.4565E-08 2.3179E-08 2.1920E-08 2.0809E-08 1.9881E-08 1.9226E-08 1.9019E-08 2.0019E-08 2.4103E-08 2.8728E-08 3.4793E-08 4.2915E-08 4.7471E-08 5.0274E-08 5.1853E-08 5.1389E-08 5.1045E-08 5.0882E-08 5.0650E-08 5.1006E-08 5.1969E-08 5.2340E-08 5.4977E-08 5.7397E-08 5.8173E-08 5.9867E-08 5.9298E-08 6.0510E-08 5.9229E-08 5.7732E-08 5.6073E-08 5.4338E-08 5.2540E-08 5.0705E-08 4.8838E-08 4.6967E-08 4.5101E-08 4.3245E-08 4.1404E-08 3.9584E-08 3.7788E-08 3.6020E-08 3.4282E-08 3.2576E-08
1.6300E-07 1.1537E-07 9.3454E-08 7.4728E-08 5.9877E-08 4.9052E-08 4.1566E-08 3.6659E-08 3.3958E-08 3.1768E-08 2.9806E-08 2.8060E-08 2.6440E-08 2.4923E-08 2.3546E-08 2.2287E-08 2.1199E-08 2.0336E-08 1.9816E-08 1.9979E-08 2.1998E-08 2.7947E-08 3.4378E-08 3.8753E-08 4.4835E-08 4.9145E-08 5.2837E-08 5.2560E-08 5.2378E-08 5.1956E-08 5.1711E-08 5.1888E-08 5.2725E-08 5.3142E-08 5.5609E-08 5.7836E-08 5.9400E-08 6.0405E-08 6.0443E-08 6.2189E-08 6.1055E-08 5.9478E-08 5.7929E-08 5.6245E-08 5.4459E-08 5.2615E-08 5.0750E-08 4.8868E-08 4.6984E-08 4.5104E-08 4.3238E-08 4.1388E-08 3.9560E-08 3.7756E-08 3.5982E-08 3.4238E-08 3.2526E-08
1.5845E-07 1.3794E-07 1.1648E-07 9.5530E-08 7.6341E-08 6.0442E-08 4.8683E-08 4.0747E-08 3.5427E-08 3.2651E-08 3.0373E-08 2.8409E-08 2.6694E-08 2.5163E-08 2.3785E-08 2.2562E-08 2.1525E-08 2.0766E-08 2.0475E-08 2.1471E-08 2.5757E-08 3.0339E-08 3.6483E-08 4.4689E-08 4.9452E-08 5.2293E-08 5.3734E-08 5.3314E-08 5.2994E-08 5.2861E-08 5.2676E-08 5.3066E-08 5.4061E-08 5.4446E-08 5.7094E-08 5.9514E-08 6.0220E-08 6.1862E-08 6.1326E-08 6.2483E-08 6.1194E-08 5.9690E-08 5.8002E-08 5.6249E-08 5.4435E-08 5.2582E-08 5.0693E-08 4.8798E-08 4.6905E-08 4.5018E-08 4.3144E-08 4.1290E-08 3.9457E-08 3.7649E-08 3.5872E-08 3.4126E-08 3.2413E-08
1.6680E-07 1.5457E-07 1.3925E-07 1.2105E-07 1.0100E-07 8.0852E-08 6.3170E-08 4.9720E-08 4.0387E-08 3.4976E-08 3.1746E-08 2.9236E-08 2.7139E-08 2.5397E-08 2.3921E-08 2.2750E-08 2.1802E-08 2.1204E-08 2.1313E-08 2.3353E-08 2.9355E-08 3.5850E-08 4.0413E-08 4.6433E-08 5.0759E-08 5.4452E-08 5.4201E-08 5.4051E-08 5.3679E-08 5.3462E-08 5.3673E-08 5.4536E-08 5.4968E-08 5.7433E-08 5.9643E-08 6.1169E-08 6.2291E-08 6.2194E-08 6.3943E-08 6.2789E-08 6.1205E-08 5.9650E-08 5.7949E-08 5.6155E-08 5.4304E-08 5.2426E-08 5.0531E-08 4.8629E-08 4.6730E-08 4.4840E-08 4.2965E-08 4.1108E-08 3.9276E-08 3.7468E-08 3.5691E-08 3.3947E-08 3.2236E-08
1.5925E-07 1.5782E-07 1.5310E-07 1.4413E-07 1.2985E-07 1.1081E-07 8.9315E-08 6.9015E-08 5.3065E-08 4.2211E-08 3.5675E-08 3.1713E-08 2.8562E-08 2.6151E-08 2.4239E-08 2.2870E-08 2.2037E-08 2.1694E-08 2.2697E-08 2.7153E-08 3.1636E-08 3.7785E-08 4.5982E-08 5.0755E-08 5.3788E-08 5.5070E-08 5.4703E-08 5.4415E-08 5.4317E-08 5.4188E-08 5.4616E-08 5.5642E-08 5.6046E-08 5.8692E-08 6.1104E-08 6.1739E-08 6.3324E-08 6.2836E-08 6.3941E-08 6.2657E-08 6.1174E-08 5.9487E-08 5.7726E-08 5.5908E-08 5.4056E-08 5.2165E-08 5.0262E-08 4.8360E-08 4.6461E-08 4.4571E-08 4.2698E-08 4.0845E-08 3.9016E-08 3.7213E-08 3.5441E-08 3.3701E-08 3.1996E-08
1.3685E-07 1.4385E-07 1.4981E-07 1.5321E-07 1.5127E-07 1.4234E-07 1.2518E-07 1.0264E-07 7.9095E-08 5.9907E-08 4.6824E-08 3.8608E-08 3.2997E-08 2.8744E-08 2.5427E-08 2.3322E-08 2.2275E-08 2.2352E-08 2.4409E-08 3.0393E-08 3.6883E-08 4.1604E-08 4.7499E-08 5.1809E-08 5.5478E-08 5.5260E-08 5.5150E-08 5.4837E-08 5.4656E-08 5.4907E-08 5.5796E-08 5.6248E-08 5.8700E-08 6.0885E-08 6.2370E-08 6.3614E-08 6.3388E-08 6.5099E-08 6.3985E-08 6.2409E-08 6.0873E-08 5.9187E-08 5.7397E-08 5.5551E-08 5.3682E-08 5.1792E-08 4.9892E-08 4.7991E-08 4.6097E-08 4.4214E-08 4.2346E-08 4.0501E-08 3.8680E-08 3.6884E-08 3.5121E-08 3.3390E-08 3.1695E-08
1.0646E-07 1.1634E-07 1.2780E-07 1.3993E-07 1.5082E-07 1.5734E-07 1.5570E-07 1.4355E-07 1.2143E-07 9.5209E-08 7.1787E-08 5.5370E-08 4.4940E-08 3.6686E-08 3.0077E-08 2.5398E-08 2.2666E-08 2.3576E-08 2.8168E-08 3.2497E-08 3.8589E-08 4.6693E-08 5.1451E-08 5.4671E-08 5.5780E-08 5.5477E-08 5.5231E-08 5.5178E-08 5.5111E-08 5.5583E-08 5.6638E-08 5.7066E-08 5.9701E-08 6.2097E-08 6.2663E-08 6.4189E-08 6.3765E-08 6.4818E-08 6.3561E-08 6.2115E-08 6.0454E-08 5.8717E-08 5.6913E-08 5.5073E-08 5.3199E-08 5.1311E-08 4.9418E-08 4.7527E-08 4.5640E-08 4.3767E-08 4.1911E-08 4.0077E-08 3.8267E-08 3.6485E-08 3.4733E-08 3.3016E-08 3.1335E-08
7.7344E-08 8.5147E-08 9.5483E-08 1.0848E-07 1.2432E-07 1.4106E-07 1.5663E-07 1.6507E-07 1.6251E-07 1.4516E-07 1.1808E-07 9.0726E-08 7.0766E-08 5.6574E-08 4.4493E-08 3.3621E-08 2.6551E-08 2.5139E-08 3.0953E-08 3.7371E-08 4.2226E-08 4.7942E-08 5.2216E-08 5.5838E-08 5.5665E-08 5.5605E-08 5.5363E-08 5.5227E-08 5.5524E-08 5.6440E-08 5.6916E-08 5.9346E-08 6.1499E-08 6.2943E-08 6.4307E-08 6.3965E-08 6.5639E-08 6.4568E-08 6.3038E-08 6.1538E-08 5.9892E-08 5.8138E-08 5.6317E-08 5.4469E-08 5.2604E-08 5.0727E-08 4.8845E-08 4.6966E-08 4.5093E-08 4.3234E-08 4.1394E-08 3.9575E-08 3.7781E-08 3.6015E-08 3.4280E-08 3.2579E-08 3.0917E-08
5.5710E-08 5.9850E-08 6.5643E-08 7.3929E-08 8.5416E-08 1.0071E-07 1.2017E-07 1.4158E-07 1.6220E-07 1.7254E-07 1.7073E-07 1.5160E-07 1.2350E-07 9.8557E-08 7.8459E-08 5.9303E-08 4.2334E-08 3.3554E-08 3.2873E-08 3.8804E-08 4.6743E-08 5.1464E-08 5.4872E-08 5.5801E-08 5.5574E-08 5.5382E-08 5.5381E-08 5.5388E-08 5.5908E-08 5.6993E-08 5.7452E-08 6.0063E-08 6.2437E-08 6.2941E-08 6.4407E-08 6.4060E-08 6.5067E-08 6.3856E-08 6.2471E-08 6.0854E-08 5.9164E-08 5.7406E-08 5.5599E-08 5.3756E-08 5.1901E-08 5.0040E-08 4.8176E-08 4.6312E-08 4.4459E-08 4.2619E-08 4.0798E-08 3.8999E-08 3.7225E-08 3.5479E-08 3.3764E-08 3.2085E-08 3.0443E-08
