Assets/Resources/2015_m01_d27_1300(utc+0800)_l00_csi_1hr_conc.grd
DSAA
         159         159
     -79.000      79.000
     -79.000      79.000
  0.0000E+00  0.9208E-06
[rows 0 to 24 of 159, columns 57 to 113 of 159]
6.2976E-09 6.2108E-09 6.0508E-09 5.8230E-09 5.5354E-09 5.1965E-09 4.8165E-09 4.4068E-09 3.9795E-09 3.5458E-09 3.1163E-09 2.7008E-09 2.3076E-09 1.9424E-09 1.6088E-09 1.3109E-09 1.0515E-09 8.2975E-10 6.4254E-10 4.8733E-10 3.6251E-10 2.6102E-10 1.8038E-10 1.1672E-10 7.1065E-11 3.8131E-11 1.9333E-11 8.0366E-12 2.1942E-12 4.9684E-13 0.0000E+00 0.0000E+00 0.0000E+00 0.0000E+00 0.0000E+00 0.0000E+00 0.0000E+00 0.0000E+00 0.0000E+00 0.0000E+00 0.0000E+00 0.0000E+00 0.0000E+00 0.0000E+00 0.0000E+00 0.0000E+00 0.0000E+00 0.0000E+00 0.0000E+00 0.0000E+00 0.0000E+00 0.0000E+00 0.0000E+00 0.0000E+00 0.0000E+00 0.0000E+00 0.0000E+00
6.8183E-09 6.7374E-09 6.5763E-09 6.3405E-09 6.0374E-09 5.6770E-09 5.2700E-09 4.8294E-09 4.3675E-09 3.8969E-09 3.4293E-09 2.9756E-09 2.5449E-09 2.1452E-09 1.7803E-09 1.4525E-09 1.1663E-09 9.2181E-10 7.1637E-10 5.4588E-10 4.0760E-10 2.9629E-10 2.0406E-10 1.3414E-10 8.4060E-11 4.8465E-11 2.6427E-11 1.2665E-11 4.7751E-12 1.1239E-12 0.0000E+00 0.0000E+00 0.0000E+00 0.0000E+00 0.0000E+00 0.0000E+00 0.0000E+00 0.0000E+00 0.0000E+00 0.0000E+00 0.0000E+00 0.0000E+00 0.0000E+00 0.0000E+00 0.0000E+00 0.0000E+00 0.0000E+00 0.0000E+00 0.0000E+00 0.0000E+00 0.0000E+00 0.0000E+00 0.0000E+00 0.0000E+00 0.0000E+00 0.0000E+00 0.0000E+00
7.3307E-09 7.2589E-09 7.0999E-09 6.8592E-09 6.5444E-09 6.1662E-09 5.7360E-09 5.2669E-09 4.7721E-09 4.2662E-09 3.7618E-09 3.2707E-09 2.8032E-09 2.3675E-09 1.9695E-09 1.6111E-09 1.2974E-09 1.0270E-09 7.9972E-10 6.1111E-10 4.5823E-10 3.3485E-10 2.3219E-10 1.5535E-10 9.8734E-11 6.0559E-11 3.5715E-11 1.8560E-11 8.0560E-12 2.4018E-12 0.0000E+00 0.0000E+00 0.0000E+00 0.0000E+00 0.0000E+00 0.0000E+00 0.0000E+00 0.0000E+00 0.0000E+00 0.0000E+00 0.0000E+00 0.0000E+00 0.0000E+00 0.0000E+00 0.0000E+00 0.0000E+00 0.0000E+00 0.0000E+00 0.0000E+00 0.0000E+00 0.0000E+00 0.0000E+00 0.0000E+00 0.0000E+00 0.0000E+00 0.0000E+00 0.0000E+00
7.8223E-09 7.7644E-09 7.6121E-09 7.3715E-09 7.0501E-09 6.6579E-09 6.2071E-09 5.7119E-09 5.1870E-09 4.6466E-09 4.1054E-09 3.5769E-09 3.0725E-09 2.6012E-09 2.1699E-09 1.7810E-09 1.4387E-09 1.1439E-09 8.9535E-10 6.8763E-10 5.1898E-10 3.7792E-10 2.6412E-10 1.8013E-10 1.1732E-10 7.5444E-11 4.6037E-11 2.4952E-11 1.2259E-11 4.4298E-12 2.8015E-13 0.0000E+00 0.0000E+00 0.0000E+00 0.0000E+00 0.0000E+00 0.0000E+00 0.0000E+00 0.0000E+00 0.0000E+00 0.0000E+00 0.0000E+00 0.0000E+00 0.0000E+00 0.0000E+00 0.0000E+00 0.0000E+00 0.0000E+00 0.0000E+00 0.0000E+00 0.0000E+00 0.0000E+00 0.0000E+00 0.0000E+00 0.0000E+00 0.0000E+00 0.0000E+00
8.2868E-09 8.2483E-09 8.1094E-09 7.8746E-09 7.5518E-09 7.1508E-09 6.6845E-09 6.1674E-09 5.6153E-09 5.0436E-09 4.4683E-09 3.9035E-09 3.3618E-09 2.8542E-09 2.3881E-09 1.9676E-09 1.5934E-09 1.2710E-09 9.9851E-10 7.7008E-10 5.8483E-10 4.2655E-10 3.0213E-10 2.0879E-10 1.4037E-10 9.2856E-11 5.8297E-11 3.3567E-11 1.7489E-11 7.5175E-12 7.8666E-13 0.0000E+00 0.0000E+00 0.0000E+00 0.0000E+00 0.0000E+00 0.0000E+00 0.0000E+00 0.0000E+00 0.0000E+00 0.0000E+00 0.0000E+00 0.0000E+00 0.0000E+00 0.0000E+00 0.0000E+00 0.0000E+00 0.0000E+00 0.0000E+00 0.0000E+00 0.0000E+00 0.0000E+00 0.0000E+00 0.0000E+00 0.0000E+00 0.0000E+00 0.0000E+00
8.7147E-09 8.7017E-09 8.5818E-09 8.3591E-09 8.0404E-09 7.6370E-09 7.1608E-09 6.6269E-09 6.0518E-09 5.4524E-09 4.8454E-09 4.2463E-09 3.6697E-09 3.1267E-09 2.6260E-09 2.1745E-09 1.7696E-09 1.4188E-09 1.1199E-09 8.6871E-10 6.5957E-10 4.8224E-10 3.4701E-10 2.4276E-10 1.6809E-10 1.1301E-10 7.2091E-11 4.3083E-11 2.3346E-11 1.0965E-11 2.3476E-12 0.0000E+00 0.0000E+00 0.0000E+00 0.0000E+00 0.0000E+00 0.0000E+00 0.0000E+00 0.0000E+00 0.0000E+00 0.0000E+00 0.0000E+00 0.0000E+00 0.0000E+00 0.0000E+00 0.0000E+00 0.0000E+00 0.0000E+00 0.0000E+00 0.0000E+00 0.0000E+00 0.0000E+00 0.0000E+00 0.0000E+00 0.0000E+00 0.0000E+00 0.0000E+00
9.1019E-09 9.1201E-09 9.0257E-09 8.8225E-09 8.5161E-09 8.1169E-09 7.6369E-09 7.0917E-09 6.4979E-09 5.8739E-09 5.2377E-09 4.6060E-09 3.9942E-09 3.4158E-09 2.8798E-09 2.3938E-09 1.9570E-09 1.5757E-09 1.2501E-09 9.7516E-10 7.4068E-10 5.4788E-10 3.9753E-10 2.8474E-10 1.9989E-10 1.3571E-10 8.8043E-11 5.4421E-11 3.0453E-11 1.4989E-11 4.6678E-12 0.0000E+00 0.0000E+00 0.0000E+00 0.0000E+00 0.0000E+00 0.0000E+00 0.0000E+00 0.0000E+00 0.0000E+00 0.0000E+00 0.0000E+00 0.0000E+00 0.0000E+00 0.0000E+00 0.0000E+00 0.0000E+00 0.0000E+00 0.0000E+00 0.0000E+00 0.0000E+00 0.0000E+00 0.0000E+00 0.0000E+00 0.0000E+00 0.0000E+00 0.0000E+00
9.4392E-09 9.4941E-09 9.4324E-09 9.2560E-09 8.9692E-09 8.5810E-09 8.1042E-09 7.5542E-09 6.9484E-09 6.3055E-09 5.6440E-09 4.9835E-09 4.3402E-09 3.7281E-09 3.1583E-09 2.6391E-09 2.1701E-09 1.7550E-09 1.3992E-09 1.0951E-09 8.3294E-10 6.2221E-10 4.5712E-10 3.3222E-10 2.3498E-10 1.6097E-10 1.0618E-10 6.6944E-11 3.8730E-11 1.9496E-11 7.2461E-12 0.0000E+00 0.0000E+00 0.0000E+00 0.0000E+00 0.0000E+00 0.0000E+00 0.0000E+00 0.0000E+00 0.0000E+00 0.0000E+00 0.0000E+00 0.0000E+00 0.0000E+00 0.0000E+00 0.0000E+00 0.0000E+00 0.0000E+00 0.0000E+00 0.0000E+00 0.0000E+00 0.0000E+00 0.0000E+00 0.0000E+00 0.0000E+00 0.0000E+00 0.0000E+00
9.7230E-09 9.8226E-09 9.8015E-09 9.6594E-09 9.3995E-09 9.0308E-09 8.5645E-09 8.0161E-09 7.4041E-09 6.7476E-09 6.0660E-09 5.3791E-09 4.7058E-09 4.0601E-09 3.4556E-09 2.9009E-09 2.3995E-09 1.9527E-09 1.5649E-09 1.2275E-09 9.4087E-10 7.0841E-10 5.2780E-10 3.8637E-10 2.7529E-10 1.9051E-10 1.2756E-10 8.0982E-11 4.7974E-11 2.5448E-11 9.6333E-12 7.3253E-13 0.0000E+00 0.0000E+00 0.0000E+00 0.0000E+00 0.0000E+00 0.0000E+00 0.0000E+00 0.0000E+00 0.0000E+00 0.0000E+00 0.0000E+00 0.0000E+00 0.0000E+00 0.0000E+00 0.0000E+00 0.0000E+00 0.0000E+00 0.0000E+00 0.0000E+00 0.0000E+00 0.0000E+00 0.0000E+00 0.0000E+00 0.0000E+00 0.0000E+00
9.9507E-09 1.0100E-08 1.0126E-08 1.0026E-08 9.8020E-09 9.4608E-09 9.0145E-09 8.4764E-09 7.8650E-09 7.2001E-09 6.5042E-09 5.7961E-09 5.0964E-09 4.4202E-09 3.7817E-09 3.1903E-09 2.6522E-09 2.1696E-09 1.7432E-09 1.3697E-09 1.0592E-09 8.0688E-10 6.0820E-10 4.4702E-10 3.2024E-10 2.2355E-10 1.5077E-10 9.6930E-11 5.7941E-11 3.1246E-11 1.1838E-11 1.5914E-12 0.0000E+00 0.0000E+00 0.0000E+00 0.0000E+00 0.0000E+00 0.0000E+00 0.0000E+00 0.0000E+00 0.0000E+00 0.0000E+00 0.0000E+00 0.0000E+00 0.0000E+00 0.0000E+00 0.0000E+00 0.0000E+00 0.0000E+00 0.0000E+00 0.0000E+00 0.0000E+00 0.0000E+00 0.0000E+00 0.0000E+00 0.0000E+00 0.0000E+00
1.0122E-08 1.0327E-08 1.0407E-08 1.0357E-08 1.0177E-08 9.8729E-09 9.4533E-09 8.9327E-09 8.3297E-09 7.6657E-09 6.9605E-09 6.2360E-09 5.5126E-09 4.8065E-09 4.1352E-09 3.5084E-09 2.9343E-09 2.4141E-09 1.9483E-09 1.5375E-09 1.1967E-09 9.2115E-10 6.9521E-10 5.1253E-10 3.7116E-10 2.6119E-10 1.7664E-10 1.1393E-10 6.9207E-11 3.7336E-11 1.4902E-11 2.5393E-12 0.0000E+00 0.0000E+00 0.0000E+00 0.0000E+00 0.0000E+00 0.0000E+00 0.0000E+00 0.0000E+00 0.0000E+00 0.0000E+00 0.0000E+00 0.0000E+00 0.0000E+00 0.0000E+00 0.0000E+00 0.0000E+00 0.0000E+00 0.0000E+00 0.0000E+00 0.0000E+00 0.0000E+00 0.0000E+00 0.0000E+00 0.0000E+00 0.0000E+00
1.0236E-08 1.0503E-08 1.0643E-08 1.0652E-08 1.0524E-08 1.0265E-08 9.8828E-09 9.3911E-09 8.8061E-09 8.1487E-09 7.4401E-09 6.7030E-09 5.9582E-09 5.2239E-09 4.5179E-09 3.8520E-09 3.2382E-09 2.6741E-09 2.1659E-09 1.7230E-09 1.3547E-09 1.0486E-09 7.9518E-10 5.8973E-10 4.2691E-10 3.0031E-10 2.0378E-10 1.3202E-10 8.0698E-11 4.3205E-11 1.8287E-11 3.0427E-12 4.7342E-14 0.0000E+00 0.0000E+00 0.0000E+00 0.0000E+00 0.0000E+00 0.0000E+00 0.0000E+00 0.0000E+00 0.0000E+00 0.0000E+00 0.0000E+00 0.0000E+00 0.0000E+00 0.0000E+00 0.0000E+00 0.0000E+00 0.0000E+00 0.0000E+00 0.0000E+00 0.0000E+00 0.0000E+00 0.0000E+00 0.0000E+00 0.0000E+00
1.0293E-08 1.0624E-08 1.0832E-08 1.0904E-08 1.0837E-08 1.0633E-08 1.0297E-08 9.8409E-09 9.2814E-09 8.6385E-09 7.9339E-09 7.1905E-09 6.4296E-09 5.6712E-09 4.9342E-09 4.2323E-09 3.5748E-09 2.9679E-09 2.4112E-09 1.9336E-09 1.5289E-09 1.1867E-09 9.0219E-10 6.7215E-10 4.8916E-10 3.4470E-10 2.3387E-10 1.5255E-10 9.2818E-11 5.0134E-11 2.2083E-11 3.3148E-12 3.1285E-13 0.0000E+00 0.0000E+00 0.0000E+00 0.0000E+00 0.0000E+00 0.0000E+00 0.0000E+00 0.0000E+00 0.0000E+00 0.0000E+00 0.0000E+00 0.0000E+00 0.0000E+00 0.0000E+00 0.0000E+00 0.0000E+00 0.0000E+00 0.0000E+00 0.0000E+00 0.0000E+00 0.0000E+00 0.0000E+00 0.0000E+00 0.0000E+00
1.0294E-08 1.0695E-08 1.0974E-08 1.1118E-08 1.1121E-08 1.0980E-08 1.0700E-08 1.0289E-08 9.7651E-09 9.1456E-09 8.4517E-09 7.7061E-09 6.9314E-09 6.1487E-09 5.3793E-09 4.6385E-09 3.9368E-09 3.2819E-09 2.6864E-09 2.1717E-09 1.7234E-09 1.3416E-09 1.0247E-09 7.6314E-10 5.5534E-10 3.9117E-10 2.6622E-10 1.7340E-10 1.0482E-10 5.7453E-11 2.5364E-11 3.5119E-12 5.3146E-13 0.0000E+00 0.0000E+00 0.0000E+00 0.0000E+00 0.0000E+00 0.0000E+00 0.0000E+00 0.0000E+00 0.0000E+00 0.0000E+00 0.0000E+00 0.0000E+00 0.0000E+00 0.0000E+00 0.0000E+00 0.0000E+00 0.0000E+00 0.0000E+00 0.0000E+00 0.0000E+00 0.0000E+00 0.0000E+00 0.0000E+00 0.0000E+00
1.0242E-08 1.0714E-08 1.1069E-08 1.1290E-08 1.1369E-08 1.1300E-08 1.1085E-08 1.0731E-08 1.0251E-08 9.6634E-09 8.9875E-09 8.2474E-09 7.4649E-09 6.6640E-09 5.8647E-09 5.0824E-09 4.3354E-09 3.6305E-09 2.9963E-09 2.4287E-09 1.9341E-09 1.5092E-09 1.1555E-09 8.6224E-10 6.2665E-10 4.4115E-10 3.0080E-10 1.9535E-10 1.1812E-10 6.4882E-11 2.7769E-11 4.4866E-12 6.9097E-13 0.0000E+00 0.0000E+00 0.0000E+00 0.0000E+00 0.0000E+00 0.0000E+00 0.0000E+00 0.0000E+00 0.0000E+00 0.0000E+00 0.0000E+00 0.0000E+00 0.0000E+00 0.0000E+00 0.0000E+00 0.0000E+00 0.0000E+00 0.0000E+00 0.0000E+00 0.0000E+00 0.0000E+00 0.0000E+00 0.0000E+00 0.0000E+00
1.0135E-08 1.0680E-08 1.1116E-08 1.1420E-08 1.1581E-08 1.1592E-08 1.1450E-08 1.1161E-08 1.0735E-08 1.0188E-08 9.5392E-09 8.8113E-09 8.0257E-09 7.2078E-09 6.3794E-09 5.5577E-09 4.7633E-09 4.0178E-09 3.3373E-09 2.7175E-09 2.1674E-09 1.6966E-09 1.2971E-09 9.6824E-10 7.0290E-10 4.9519E-10 3.3605E-10 2.1625E-10 1.3076E-10 7.1830E-11 3.0144E-11 5.3075E-12 7.6893E-13 0.0000E+00 0.0000E+00 0.0000E+00 0.0000E+00 0.0000E+00 0.0000E+00 0.0000E+00 0.0000E+00 0.0000E+00 0.0000E+00 0.0000E+00 0.0000E+00 0.0000E+00 0.0000E+00 0.0000E+00 0.0000E+00 0.0000E+00 0.0000E+00 0.0000E+00 0.0000E+00 0.0000E+00 0.0000E+00 0.0000E+00 0.0000E+00
9.9769E-09 1.0596E-08 1.1113E-08 1.1504E-08 1.1755E-08 1.1855E-08 1.1796E-08 1.1584E-08 1.1223E-08 1.0727E-08 1.0115E-08 9.4043E-09 8.6226E-09 7.7906E-09 6.9340E-09 6.0727E-09 5.2292E-09 4.4393E-09 3.6980E-09 3.0227E-09 2.4194E-09 1.8966E-09 1.4528E-09 1.0833E-09 7.8433E-10 5.5135E-10 3.7196E-10 2.3892E-10 1.4498E-10 7.8349E-11 3.2420E-11 6.0847E-12 7.4146E-13 0.0000E+00 0.0000E+00 0.0000E+00 0.0000E+00 0.0000E+00 0.0000E+00 0.0000E+00 0.0000E+00 0.0000E+00 0.0000E+00 0.0000E+00 0.0000E+00 0.0000E+00 0.0000E+00 0.0000E+00 0.0000E+00 0.0000E+00 0.0000E+00 0.0000E+00 0.0000E+00 0.0000E+00 0.0000E+00 0.0000E+00 0.0000E+00
9.7680E-09 1.0462E-08 1.1060E-08 1.1541E-08 1.1887E-08 1.2081E-08 1.2114E-08 1.1986E-08 1.1701E-08 1.1265E-08 1.0698E-08 1.0017E-08 9.2448E-09 8.4076E-09 7.5257E-09 6.6297E-09 5.7503E-09 4.9023E-09 4.1025E-09 3.3620E-09 2.6966E-09 2.1132E-09 1.6153E-09 1.2034E-09 8.7141E-10 6.0989E-10 4.1005E-10 2.6273E-10 1.5790E-10 8.4477E-11 3.5250E-11 7.0335E-12 5.5121E-13 0.0000E+00 0.0000E+00 0.0000E+00 0.0000E+00 0.0000E+00 0.0000E+00 0.0000E+00 0.0000E+00 0.0000E+00 0.0000E+00 0.0000E+00 0.0000E+00 0.0000E+00 0.0000E+00 0.0000E+00 0.0000E+00 0.0000E+00 0.0000E+00 0.0000E+00 0.0000E+00 0.0000E+00 0.0000E+00 0.0000E+00 0.0000E+00
9.5130E-09 1.0275E-08 1.0956E-08 1.1530E-08 1.1974E-08 1.2270E-08 1.2406E-08 1.2373E-08 1.2172E-08 1.1810E-08 1.1298E-08 1.0655E-08 9.8982E-09 9.0580E-09 8.1566E-09 7.2278E-09 6.3002E-09 5.3920E-09 4.5258E-09 3.7222E-09 2.9912E-09 2.3449E-09 1.7937E-09 1.3332E-09 9.6264E-10 6.7053E-10 4.4780E-10 2.8650E-10 1.7124E-10 9.1002E-11 3.8114E-11 8.1219E-12 0.0000E+00 0.0000E+00 0.0000E+00 0.0000E+00 0.0000E+00 0.0000E+00 0.0000E+00 0.0000E+00 0.0000E+00 0.0000E+00 0.0000E+00 0.0000E+00 0.0000E+00 0.0000E+00 0.0000E+00 0.0000E+00 0.0000E+00 0.0000E+00 0.0000E+00 0.0000E+00 0.0000E+00 0.0000E+00 0.0000E+00 0.0000E+00 0.0000E+00
9.2087E-09 1.0039E-08 1.0801E-08 1.1466E-08 1.2013E-08 1.2416E-08 1.2659E-08 1.2732E-08 1.2628E-08 1.2350E-08 1.1905E-08 1.1310E-08 1.0584E-08 9.7498E-09 8.8351E-09 7.8777E-09 6.8980E-09 5.9250E-09 4.9892E-09 4.1075E-09 3.3056E-09 2.5921E-09 1.9776E-09 1.4686E-09 1.0554E-09 7.3234E-10 4.8968E-10 3.1079E-10 1.8415E-10 9.7910E-11 3.9892E-11 9.1035E-12 0.0000E+00 0.0000E+00 0.0000E+00 0.0000E+00 0.0000E+00 0.0000E+00 0.0000E+00 0.0000E+00 0.0000E+00 0.0000E+00 0.0000E+00 0.0000E+00 0.0000E+00 0.0000E+00 0.0000E+00 0.0000E+00 0.0000E+00 0.0000E+00 0.0000E+00 0.0000E+00 0.0000E+00 0.0000E+00 0.0000E+00 0.0000E+00 0.0000E+00
8.8645E-09 9.7531E-09 1.0592E-08 1.1350E-08 1.2000E-08 1.2515E-08 1.2874E-08 1.3061E-08 1.3064E-08 1.2881E-08 1.2517E-08 1.1980E-08 1.1291E-08 1.0468E-08 9.5501E-09 8.5584E-09 7.5293E-09 6.4928E-09 5.4796E-09 4.5236E-09 3.6388E-09 2.8569E-09 2.1762E-09 1.6114E-09 1.1551E-09 7.9849E-10 5.3132E-10 3.3647E-10 1.9859E-10 1.0435E-10 4.3374E-11 1.1336E-11 4.9554E-13 0.0000E+00 0.0000E+00 0.0000E+00 0.0000E+00 0.0000E+00 0.0000E+00 0.0000E+00 0.0000E+00 0.0000E+00 0.0000E+00 0.0000E+00 0.0000E+00 0.0000E+00 0.0000E+00 0.0000E+00 0.0000E+00 0.0000E+00 0.0000E+00 0.0000E+00 0.0000E+00 0.0000E+00 0.0000E+00 0.0000E+00 0.0000E+00
8.4756E-09 9.4216E-09 1.0331E-08 1.1180E-08 1.1933E-08 1.2564E-08 1.3045E-08 1.3355E-08 1.3479E-08 1.3404E-08 1.3135E-08 1.2670E-08 1.2028E-08 1.1231E-08 1.0305E-08 9.2826E-09 8.1946E-09 7.0883E-09 5.9949E-09 4.9515E-09 3.9903E-09 3.1299E-09 2.3844E-09 1.7615E-09 1.2585E-09 8.6879E-10 5.7659E-10 3.6360E-10 2.1321E-10 1.1204E-10 4.8561E-11 1.3715E-11 9.6662E-13 0.0000E+00 0.0000E+00 0.0000E+00 0.0000E+00 0.0000E+00 0.0000E+00 0.0000E+00 0.0000E+00 0.0000E+00 0.0000E+00 0.0000E+00 0.0000E+00 0.0000E+00 0.0000E+00 0.0000E+00 0.0000E+00 0.0000E+00 0.0000E+00 0.0000E+00 0.0000E+00 0.0000E+00 0.0000E+00 0.0000E+00 0.0000E+00
8.0518E-09 9.0416E-09 1.0018E-08 1.0953E-08 1.1810E-08 1.2557E-08 1.3167E-08 1.3609E-08 1.3862E-08 1.3909E-08 1.3742E-08 1.3364E-08 1.2780E-08 1.2016E-08 1.1088E-08 1.0037E-08 8.9031E-09 7.7235E-09 6.5496E-09 5.4160E-09 4.3639E-09 3.4230E-09 2.6046E-09 1.9182E-09 1.3697E-09 9.4234E-10 6.2379E-10 3.9159E-10 2.2988E-10 1.2042E-10 5.3399E-11 1.5301E-11 1.7335E-12 0.0000E+00 0.0000E+00 0.0000E+00 0.0000E+00 0.0000E+00 0.0000E+00 0.0000E+00 0.0000E+00 0.0000E+00 0.0000E+00 0.0000E+00 0.0000E+00 0.0000E+00 0.0000E+00 0.0000E+00 0.0000E+00 0.0000E+00 0.0000E+00 0.0000E+00 0.0000E+00 0.0000E+00 0.0000E+00 0.0000E+00 0.0000E+00
7.5926E-09 8.6219E-09 9.6585E-09 1.0671E-08 1.1631E-08 1.2498E-08 1.3240E-08 1.3821E-08 1.4213E-08 1.4394E-08 1.4344E-08 1.4062E-08 1.3548E-08 1.2816E-08 1.1896E-08 1.0816E-08 9.6252E-09 8.3743E-09 7.1113E-09 5.8897E-09 4.7522E-09 3.7268E-09 2.8363E-09 2.0866E-09 1.4863E-09 1.0215E-09 6.7490E-10 4.2191E-10 2.4637E-10 1.3018E-10 5.9307E-11 1.8628E-11 2.6458E-12 0.0000E+00 0.0000E+00 0.0000E+00 0.0000E+00 0.0000E+00 0.0000E+00 0.0000E+00 0.0000E+00 0.0000E+00 0.0000E+00 0.0000E+00 0.0000E+00 0.0000E+00 0.0000E+00 0.0000E+00 0.0000E+00 0.0000E+00 0.0000E+00 0.0000E+00 0.0000E+00 0.0000E+00 0.0000E+00 0.0000E+00 0.0000E+00
7.1105E-09 8.1644E-09 9.2526E-09 1.0341E-08 1.1399E-08 1.2384E-08 1.3258E-08 1.3984E-08 1.4522E-08 1.4844E-08 1.4924E-08 1.4748E-08 1.4315E-08 1.3630E-08 1.2720E-08 1.1624E-08 1.0385E-08 9.0604E-09 7.7121E-09 6.3952E-09 5.1595E-09 4.0488E-09 3.0765E-09 2.2646E-09 1.6102E-09 1.1047E-09 7.2603E-10 4.5435E-10 2.6267E-10 1.4101E-10 6.4672E-11 2.1996E-11 3.5118E-12 0.0000E+00 0.0000E+00 0.0000E+00 0.0000E+00 0.0000E+00 0.0000E+00 0.0000E+00 0.0000E+00 0.0000E+00 0.0000E+00 0.0000E+00 0.0000E+00 0.0000E+00 0.0000E+00 0.0000E+00 0.0000E+00 0.0000E+00 0.0000E+00 0.0000E+00 0.0000E+00 0.0000E+00 0.0000E+00 0.0000E+00 0.0000E+00
