Assets/Resources/2015_m01_d06_1200(utc+0800)_l00_csi_1hr_conc.grd
DSAA
         159         159
     -79.000      79.000
     -79.000      79.000
  0.0000E+00  0.3118E-05
[rows 25 to 49 of 159, columns 57 to 113 of 159]
3.8124E-11 6.7941E-11 1.1569E-10 1.7835E-10 2.5983E-10 3.4237E-10 4.4884E-10 5.8513E-10 7.5124E-10 9.5071E-10 1.2376E-09 1.6404E-09 2.0563E-09 2.5501E-09 3.1319E-09 3.7913E-09 4.5403E-09 5.3664E-09 6.2643E-09 7.2193E-09 8.2168E-09 9.2306E-09 1.0231E-08 1.1188E-08 1.2073E-08 1.2856E-08 1.3507E-08 1.4002E-08 1.4324E-08 1.4459E-08 1.4406E-08 1.4166E-08 1.3743E-08 1.3159E-08 1.2438E-08 1.1604E-08 1.0687E-08 9.7129E-09 8.7157E-09 7.7215E-09 6.7558E-09 5.8381E-09 4.9832E-09 4.2033E-09 3.5011E-09 2.8805E-09 2.3455E-09 1.8903E-09 1.5040E-09 1.1754E-09 9.0063E-10 6.8295E-10 5.0048E-10 3.6120E-10 2.5495E-10 1.7254E-10 1.1228E-10
2.2642E-11 5.6794E-11 9.9333E-11 1.5683E-10 2.3476E-10 3.1170E-10 4.1042E-10 5.3901E-10 6.9286E-10 8.8070E-10 1.1540E-09 1.5671E-09 1.9824E-09 2.4836E-09 3.0628E-09 3.7371E-09 4.5095E-09 5.3674E-09 6.3064E-09 7.3065E-09 8.3532E-09 9.4190E-09 1.0478E-08 1.1494E-08 1.2434E-08 1.3264E-08 1.3956E-08 1.4483E-08 1.4823E-08 1.4964E-08 1.4902E-08 1.4640E-08 1.4191E-08 1.3572E-08 1.2804E-08 1.1920E-08 1.0953E-08 9.9334E-09 8.8923E-09 7.8570E-09 6.8540E-09 5.9038E-09 5.0253E-09 4.2259E-09 3.5121E-09 2.8819E-09 2.3363E-09 1.8737E-09 1.4849E-09 1.1543E-09 8.8141E-10 6.6494E-10 4.8605E-10 3.4850E-10 2.4570E-10 1.6742E-10 1.0827E-10
1.1115E-11 3.8823E-11 8.3536E-11 1.3494E-10 2.0835E-10 2.8026E-10 3.7152E-10 4.9210E-10 6.3332E-10 8.0810E-10 1.0650E-09 1.4889E-09 1.9044E-09 2.4002E-09 2.9969E-09 3.6879E-09 4.4780E-09 5.3656E-09 6.3409E-09 7.3936E-09 8.4991E-09 9.6271E-09 1.0747E-08 1.1824E-08 1.2821E-08 1.3705E-08 1.4440E-08 1.4994E-08 1.5349E-08 1.5491E-08 1.5417E-08 1.5127E-08 1.4636E-08 1.3970E-08 1.3156E-08 1.2223E-08 1.1205E-08 1.0134E-08 9.0476E-09 7.9761E-09 6.9418E-09 5.9641E-09 5.0594E-09 4.2420E-09 3.5149E-09 2.8775E-09 2.3222E-09 1.8536E-09 1.4655E-09 1.1394E-09 8.7006E-10 6.5290E-10 4.7427E-10 3.4069E-10 2.3920E-10 1.6163E-10 1.0580E-10
7.0005E-12 2.1480E-11 6.1843E-11 1.1365E-10 1.8112E-10 2.4824E-10 3.3235E-10 4.4479E-10 5.7384E-10 7.3434E-10 9.7086E-10 1.4124E-09 1.8180E-09 2.3222E-09 2.9158E-09 3.6156E-09 4.4351E-09 5.3587E-09 6.3826E-09 7.4841E-09 8.6472E-09 9.8437E-09 1.1037E-08 1.2187E-08 1.3248E-08 1.4184E-08 1.4958E-08 1.5539E-08 1.5904E-08 1.6041E-08 1.5947E-08 1.5628E-08 1.5101E-08 1.4384E-08 1.3512E-08 1.2523E-08 1.1450E-08 1.0329E-08 9.1953E-09 8.0822E-09 7.0142E-09 6.0112E-09 5.0848E-09 4.2460E-09 3.5044E-09 2.8649E-09 2.3105E-09 1.8396E-09 1.4476E-09 1.1234E-09 8.5836E-10 6.4245E-10 4.6335E-10 3.3433E-10 2.3166E-10 1.5893E-10 1.0152E-10
3.6799E-12 1.1853E-11 3.6952E-11 9.2072E-11 1.5107E-10 2.1416E-10 2.9349E-10 3.9729E-10 5.1483E-10 6.6103E-10 8.7715E-10 1.3254E-09 1.7339E-09 2.2263E-09 2.8312E-09 3.5496E-09 4.3861E-09 5.3406E-09 6.4091E-09 7.5721E-09 8.8065E-09 1.0078E-08 1.1340E-08 1.2556E-08 1.3682E-08 1.4673E-08 1.5487E-08 1.6094E-08 1.6470E-08 1.6601E-08 1.6482E-08 1.6124E-08 1.5549E-08 1.4784E-08 1.3860E-08 1.2815E-08 1.1684E-08 1.0509E-08 9.3273E-09 8.1701E-09 7.0662E-09 6.0361E-09 5.0938E-09 4.2467E-09 3.4940E-09 2.8479E-09 2.2935E-09 1.8259E-09 1.4324E-09 1.1082E-09 8.4832E-10 6.2678E-10 4.5305E-10 3.2555E-10 2.2542E-10 1.5527E-10 9.4873E-11
1.4779E-12 7.4476E-12 1.6115E-11 5.7378E-11 1.2131E-10 1.7932E-10 2.5451E-10 3.5000E-10 4.5595E-10 5.8798E-10 7.8923E-10 1.2464E-09 1.6388E-09 2.1354E-09 2.7388E-09 3.4698E-09 4.3401E-09 5.3377E-09 6.4590E-09 7.6898E-09 8.9910E-09 1.0338E-08 1.1687E-08 1.2987E-08 1.4184E-08 1.5235E-08 1.6092E-08 1.6722E-08 1.7101E-08 1.7217E-08 1.7069E-08 1.6669E-08 1.6034E-08 1.5198E-08 1.4202E-08 1.3089E-08 1.1897E-08 1.0669E-08 9.4379E-09 8.2381E-09 7.1001E-09 6.0472E-09 5.0891E-09 4.2336E-09 3.4779E-09 2.8242E-09 2.2709E-09 1.8065E-09 1.4100E-09 1.0857E-09 8.2922E-10 6.0986E-10 4.4132E-10 3.1232E-10 2.1740E-10 1.4596E-10 9.2849E-11
3.0745E-13 3.7118E-12 1.0879E-11 2.6527E-11 8.2536E-11 1.4824E-10 2.1620E-10 3.0258E-10 3.9756E-10 5.1533E-10 7.1596E-10 1.1561E-09 1.5491E-09 2.0369E-09 2.6472E-09 3.4018E-09 4.2905E-09 5.3271E-09 6.5106E-09 7.8063E-09 9.1970E-09 1.0630E-08 1.2069E-08 1.3451E-08 1.4722E-08 1.5831E-08 1.6731E-08 1.7385E-08 1.7767E-08 1.7862E-08 1.7673E-08 1.7219E-08 1.6522E-08 1.5619E-08 1.4548E-08 1.3353E-08 1.2086E-08 1.0796E-08 9.5217E-09 8.2889E-09 7.1203E-09 6.0425E-09 5.0710E-09 4.2088E-09 3.4508E-09 2.7948E-09 2.2363E-09 1.7772E-09 1.3853E-09 1.0627E-09 8.0479E-10 5.9206E-10 4.2322E-10 3.0163E-10 2.0802E-10 1.3817E-10 8.8006E-11
0.0000E+00 1.3713E-12 6.4062E-12 1.3745E-11 4.3091E-11 1.1241E-10 1.7885E-10 2.5609E-10 3.3990E-10 4.4455E-10 6.4316E-10 1.0742E-09 1.4612E-09 1.9495E-09 2.5652E-09 3.3280E-09 4.2519E-09 5.3408E-09 6.5779E-09 7.9523E-09 9.4320E-09 1.0964E-08 1.2499E-08 1.3977E-08 1.5333E-08 1.6511E-08 1.7455E-08 1.8127E-08 1.8501E-08 1.8567E-08 1.8328E-08 1.7797E-08 1.7016E-08 1.6025E-08 1.4872E-08 1.3604E-08 1.2268E-08 1.0911E-08 9.5795E-09 8.3116E-09 7.1216E-09 6.0232E-09 5.0292E-09 4.1589E-09 3.4029E-09 2.7506E-09 2.1937E-09 1.7338E-09 1.3462E-09 1.0247E-09 7.7735E-10 5.6833E-10 4.0151E-10 2.8464E-10 1.9219E-10 1.3016E-10 8.2047E-11
0.0000E+00 1.9727E-13 2.7919E-12 8.7135E-12 1.6043E-11 6.1508E-11 1.3483E-10 2.0823E-10 2.8521E-10 3.7657E-10 5.7154E-10 9.8861E-10 1.3804E-09 1.8648E-09 2.4861E-09 3.2668E-09 4.2253E-09 5.3643E-09 6.6735E-09 8.1334E-09 9.7113E-09 1.1347E-08 1.2991E-08 1.4567E-08 1.6008E-08 1.7255E-08 1.8244E-08 1.8932E-08 1.9291E-08 1.9311E-08 1.9002E-08 1.8394E-08 1.7521E-08 1.6432E-08 1.5181E-08 1.3828E-08 1.2425E-08 1.1012E-08 9.6267E-09 8.3070E-09 7.0875E-09 5.9764E-09 4.9755E-09 4.0918E-09 3.3338E-09 2.6868E-09 2.1345E-09 1.6807E-09 1.2975E-09 9.8307E-10 7.4115E-10 5.3683E-10 3.7842E-10 2.6776E-10 1.7758E-10 1.1966E-10 7.2935E-11
0.0000E+00 0.0000E+00 7.6353E-13 4.3386E-12 1.0479E-11 2.2401E-11 8.2644E-11 1.5763E-10 2.3345E-10 3.1376E-10 5.0706E-10 9.1434E-10 1.3041E-09 1.7880E-09 2.4150E-09 3.2196E-09 4.2142E-09 5.4053E-09 6.7894E-09 8.3371E-09 1.0023E-08 1.1778E-08 1.3542E-08 1.5234E-08 1.6773E-08 1.8089E-08 1.9114E-08 1.9805E-08 2.0136E-08 2.0102E-08 1.9718E-08 1.9015E-08 1.8039E-08 1.6848E-08 1.5497E-08 1.4046E-08 1.2556E-08 1.1075E-08 9.6410E-09 8.2820E-09 7.0252E-09 5.8922E-09 4.8871E-09 4.0018E-09 3.2431E-09 2.6063E-09 2.0571E-09 1.6081E-09 1.2334E-09 9.3179E-10 6.9937E-10 5.0110E-10 3.4882E-10 2.4401E-10 1.6011E-10 1.0992E-10 6.5656E-11
0.0000E+00 0.0000E+00 0.0000E+00 1.4857E-12 5.6954E-12 1.1594E-11 4.1975E-11 1.0510E-10 1.8478E-10 2.5643E-10 4.4939E-10 8.4515E-10 1.2310E-09 1.7149E-09 2.3567E-09 3.1816E-09 4.2154E-09 5.4679E-09 6.9311E-09 8.5821E-09 1.0385E-08 1.2272E-08 1.4165E-08 1.5974E-08 1.7613E-08 1.8999E-08 2.0066E-08 2.0762E-08 2.1060E-08 2.0959E-08 2.0489E-08 1.9678E-08 1.8584E-08 1.7272E-08 1.5807E-08 1.4251E-08 1.2666E-08 1.1105E-08 9.6097E-09 8.2147E-09 6.9333E-09 5.7837E-09 4.7728E-09 3.8874E-09 3.1293E-09 2.5025E-09 1.9688E-09 1.5252E-09 1.1616E-09 8.6807E-10 6.4708E-10 4.5839E-10 3.1812E-10 2.2111E-10 1.4087E-10 9.9404E-11 5.7469E-11
0.0000E+00 0.0000E+00 0.0000E+00 1.5034E-13 2.1461E-12 6.5382E-12 2.3200E-11 6.4389E-11 1.3255E-10 2.0250E-10 3.9138E-10 7.7460E-10 1.1626E-09 1.6471E-09 2.3002E-09 3.1499E-09 4.2284E-09 5.5425E-09 7.0979E-09 8.8662E-09 1.0791E-08 1.2814E-08 1.4845E-08 1.6792E-08 1.8543E-08 2.0010E-08 2.1118E-08 2.1813E-08 2.2075E-08 2.1898E-08 2.1314E-08 2.0378E-08 1.9140E-08 1.7685E-08 1.6087E-08 1.4419E-08 1.2737E-08 1.1096E-08 9.5400E-09 8.1020E-09 6.7958E-09 5.6266E-09 4.6145E-09 3.7354E-09 2.9853E-09 2.3707E-09 1.8469E-09 1.4238E-09 1.0798E-09 7.9990E-10 5.9168E-10 4.0925E-10 2.8552E-10 1.9463E-10 1.2584E-10 8.8658E-11 4.8840E-11
0.0000E+00 0.0000E+00 0.0000E+00 0.0000E+00 3.0500E-13 2.5880E-12 1.1511E-11 3.6170E-11 8.4380E-11 1.4747E-10 3.3751E-10 7.0530E-10 1.0929E-09 1.5904E-09 2.2538E-09 3.1381E-09 4.2608E-09 5.6438E-09 7.2901E-09 9.1732E-09 1.1240E-08 1.3425E-08 1.5616E-08 1.7703E-08 1.9576E-08 2.1136E-08 2.2286E-08 2.2975E-08 2.3178E-08 2.2903E-08 2.2190E-08 2.1104E-08 1.9710E-08 1.8096E-08 1.6346E-08 1.4540E-08 1.2752E-08 1.1027E-08 9.4099E-09 7.9309E-09 6.6091E-09 5.4363E-09 4.4188E-09 3.5448E-09 2.8143E-09 2.2213E-09 1.7164E-09 1.3125E-09 9.8528E-10 7.1995E-10 5.3043E-10 3.6384E-10 2.5218E-10 1.6728E-10 1.1038E-10 7.5821E-11 4.1749E-11
0.0000E+00 0.0000E+00 0.0000E+00 0.0000E+00 0.0000E+00 4.2190E-13 2.7397E-12 1.9618E-11 5.0162E-11 1.0063E-10 2.7880E-10 6.3260E-10 1.0202E-09 1.5272E-09 2.2145E-09 3.1307E-09 4.2997E-09 5.7609E-09 7.4956E-09 9.5189E-09 1.1741E-08 1.4088E-08 1.6451E-08 1.8700E-08 2.0708E-08 2.2353E-08 2.3546E-08 2.4221E-08 2.4366E-08 2.3975E-08 2.3107E-08 2.1838E-08 2.0260E-08 1.8471E-08 1.6559E-08 1.4611E-08 1.2701E-08 1.0893E-08 9.2169E-09 7.6948E-09 6.3524E-09 5.1797E-09 4.1816E-09 3.3279E-09 2.6098E-09 2.0441E-09 1.5601E-09 1.1874E-09 8.8232E-10 6.3928E-10 4.6018E-10 3.1611E-10 2.1664E-10 1.4389E-10 9.2608E-11 6.1276E-11 3.3384E-11
0.0000E+00 0.0000E+00 0.0000E+00 0.0000E+00 0.0000E+00 0.0000E+00 4.0803E-13 1.0060E-11 3.3290E-11 6.7315E-11 2.2816E-10 5.5445E-10 9.4111E-10 1.4627E-09 2.1637E-09 3.1046E-09 4.3284E-09 5.8723E-09 7.7317E-09 9.8911E-09 1.2290E-08 1.4834E-08 1.7396E-08 1.9826E-08 2.1983E-08 2.3727E-08 2.4956E-08 2.5602E-08 2.5646E-08 2.5112E-08 2.4068E-08 2.2591E-08 2.0797E-08 1.8798E-08 1.6707E-08 1.4609E-08 1.2574E-08 1.0675E-08 8.9455E-09 7.4015E-09 6.0425E-09 4.8689E-09 3.8917E-09 3.0611E-09 2.3779E-09 1.8460E-09 1.3976E-09 1.0456E-09 7.7445E-10 5.5519E-10 3.9424E-10 2.6809E-10 1.8128E-10 1.1945E-10 7.3446E-11 4.5248E-11 2.3805E-11
0.0000E+00 0.0000E+00 0.0000E+00 0.0000E+00 0.0000E+00 0.0000E+00 0.0000E+00 3.4518E-12 2.0230E-11 4.9940E-11 1.8903E-10 4.7519E-10 8.5688E-10 1.3896E-09 2.1116E-09 3.0847E-09 4.3676E-09 5.9959E-09 7.9802E-09 1.0303E-08 1.2897E-08 1.5650E-08 1.8423E-08 2.1059E-08 2.3376E-08 2.5222E-08 2.6480E-08 2.7079E-08 2.7005E-08 2.6293E-08 2.5025E-08 2.3311E-08 2.1279E-08 1.9054E-08 1.6760E-08 1.4502E-08 1.2352E-08 1.0365E-08 8.5801E-09 7.0178E-09 5.6654E-09 4.5081E-09 3.5616E-09 2.7676E-09 2.1199E-09 1.6255E-09 1.2196E-09 9.0296E-10 6.6483E-10 4.6683E-10 3.2327E-10 2.2082E-10 1.4398E-10 9.4936E-11 5.3496E-11 3.0434E-11 1.1074E-11
0.0000E+00 0.0000E+00 0.0000E+00 0.0000E+00 0.0000E+00 0.0000E+00 0.0000E+00 5.8127E-13 8.3262E-12 3.0817E-11 1.4246E-10 4.0238E-10 7.6703E-10 1.3102E-09 2.0440E-09 3.0467E-09 4.3855E-09 6.1086E-09 8.2356E-09 1.0739E-08 1.3550E-08 1.6548E-08 1.9569E-08 2.2419E-08 2.4905E-08 2.6850E-08 2.8124E-08 2.8653E-08 2.8428E-08 2.7503E-08 2.5979E-08 2.3993E-08 2.1692E-08 1.9225E-08 1.6721E-08 1.4282E-08 1.2014E-08 9.9534E-09 8.1285E-09 6.5586E-09 5.2244E-09 4.0992E-09 3.1926E-09 2.4555E-09 1.8505E-09 1.4069E-09 1.0382E-09 7.6187E-10 5.5130E-10 3.7943E-10 2.5573E-10 1.7211E-10 1.0857E-10 6.8101E-11 3.3879E-11 1.3737E-11 3.0478E-12
0.0000E+00 0.0000E+00 0.0000E+00 0.0000E+00 0.0000E+00 0.0000E+00 0.0000E+00 0.0000E+00 1.6695E-12 1.4095E-11 9.3596E-11 3.3404E-10 6.8134E-10 1.2188E-09 1.9617E-09 2.9936E-09 4.3928E-09 6.2150E-09 8.4933E-09 1.1197E-08 1.4253E-08 1.7517E-08 2.0805E-08 2.3892E-08 2.6557E-08 2.8598E-08 2.9871E-08 3.0300E-08 2.9888E-08 2.8709E-08 2.6889E-08 2.4594E-08 2.1997E-08 1.9267E-08 1.6550E-08 1.3955E-08 1.1572E-08 9.4509E-09 7.6042E-09 6.0406E-09 4.7420E-09 3.6566E-09 2.8147E-09 2.1243E-09 1.5848E-09 1.1799E-09 8.6727E-10 6.1460E-10 4.3795E-10 2.9287E-10 1.9459E-10 1.2724E-10 7.4705E-11 4.2787E-11 1.5407E-11 5.0850E-12 6.0857E-13
0.0000E+00 0.0000E+00 0.0000E+00 0.0000E+00 0.0000E+00 0.0000E+00 0.0000E+00 0.0000E+00 3.9822E-14 4.3644E-12 4.8862E-11 2.4444E-10 6.0401E-10 1.1315E-09 1.8799E-09 2.9285E-09 4.3793E-09 6.3047E-09 8.7357E-09 1.1652E-08 1.4962E-08 1.8512E-08 2.2087E-08 2.5429E-08 2.8277E-08 3.0408E-08 3.1661E-08 3.1963E-08 3.1328E-08 2.9856E-08 2.7707E-08 2.5078E-08 2.2171E-08 1.9170E-08 1.6243E-08 1.3499E-08 1.1021E-08 8.8536E-09 7.0076E-09 5.4709E-09 4.2213E-09 3.2009E-09 2.4183E-09 1.7978E-09 1.3149E-09 9.6443E-10 6.8419E-10 4.7247E-10 3.2687E-10 2.1441E-10 1.4096E-10 8.6473E-11 4.5986E-11 1.9091E-11 6.7397E-12 2.1294E-12 0.0000E+00
0.0000E+00 0.0000E+00 0.0000E+00 0.0000E+00 0.0000E+00 0.0000E+00 0.0000E+00 0.0000E+00 0.0000E+00 3.0430E-13 1.0980E-11 1.5481E-10 5.1235E-10 1.0475E-09 1.7837E-09 2.8396E-09 4.3395E-09 6.3550E-09 8.9268E-09 1.2050E-08 1.5627E-08 1.9482E-08 2.3358E-08 2.6965E-08 3.0004E-08 3.2220E-08 3.3437E-08 3.3584E-08 3.2694E-08 3.0898E-08 2.8393E-08 2.5408E-08 2.2178E-08 1.8916E-08 1.5789E-08 1.2914E-08 1.0368E-08 8.1815E-09 6.3586E-09 4.8737E-09 3.6822E-09 2.7413E-09 2.0280E-09 1.4816E-09 1.0616E-09 7.5259E-10 5.1304E-10 3.4419E-10 2.2498E-10 1.4993E-10 9.1601E-11 5.1287E-11 1.9819E-11 8.0841E-12 3.6861E-12 0.0000E+00 0.0000E+00
0.0000E+00 0.0000E+00 0.0000E+00 0.0000E+00 0.0000E+00 0.0000E+00 0.0000E+00 0.0000E+00 0.0000E+00 0.0000E+00 7.1738E-13 7.2017E-11 4.0829E-10 9.4594E-10 1.6721E-09 2.7356E-09 4.2586E-09 6.3441E-09 9.0458E-09 1.2366E-08 1.6190E-08 2.0330E-08 2.4496E-08 2.8357E-08 3.1575E-08 3.3858E-08 3.5022E-08 3.4996E-08 3.3834E-08 3.1701E-08 2.8836E-08 2.5504E-08 2.1976E-08 1.8473E-08 1.5178E-08 1.2207E-08 9.6260E-09 7.4517E-09 5.6752E-09 4.2618E-09 3.1511E-09 2.2944E-09 1.6579E-09 1.1821E-09 8.1714E-10 5.5279E-10 3.6423E-10 2.3190E-10 1.5015E-10 9.2671E-11 4.9173E-11 2.1113E-11 8.7576E-12 4.8486E-12 1.0607E-12 0.0000E+00 0.0000E+00
0.0000E+00 0.0000E+00 0.0000E+00 0.0000E+00 0.0000E+00 0.0000E+00 0.0000E+00 0.0000E+00 0.0000E+00 0.0000E+00 0.0000E+00 6.1954E-12 2.7696E-10 8.1814E-10 1.5451E-09 2.5887E-09 4.1145E-09 6.2478E-09 9.0427E-09 1.2515E-08 1.6552E-08 2.0952E-08 2.5393E-08 2.9493E-08 3.2874E-08 3.5222E-08 3.6320E-08 3.6106E-08 3.4663E-08 3.2190E-08 2.8973E-08 2.5315E-08 2.1516E-08 1.7815E-08 1.4399E-08 1.1382E-08 8.8083E-09 6.6817E-09 4.9798E-09 3.6554E-09 2.6338E-09 1.8739E-09 1.3184E-09 8.9589E-10 5.9713E-10 3.8148E-10 2.3546E-10 1.4555E-10 8.9104E-11 4.7325E-11 2.0905E-11 1.0164E-11 5.2199E-12 2.1196E-12 0.0000E+00 0.0000E+00 0.0000E+00
0.0000E+00 0.0000E+00 0.0000E+00 0.0000E+00 0.0000E+00 0.0000E+00 0.0000E+00 0.0000E+00 0.0000E+00 0.0000E+00 0.0000E+00 2.0722E-12 1.7181E-10 6.6513E-10 1.3780E-09 2.3989E-09 3.9054E-09 6.0361E-09 8.8745E-09 1.2450E-08 1.6652E-08 2.1253E-08 2.5909E-08 3.0203E-08 3.3722E-08 3.6103E-08 3.7122E-08 3.6721E-08 3.5011E-08 3.2230E-08 2.8703E-08 2.4773E-08 2.0764E-08 1.6933E-08 1.3455E-08 1.0441E-08 7.9223E-09 5.8873E-09 4.2882E-09 3.0614E-09 2.1500E-09 1.4853E-09 9.9536E-10 6.4754E-10 4.0907E-10 2.4149E-10 1.3738E-10 8.1941E-11 4.4738E-11 1.8486E-11 1.1032E-11 5.2805E-12 2.3567E-12 0.0000E+00 0.0000E+00 0.0000E+00 0.0000E+00
0.0000E+00 0.0000E+00 0.0000E+00 0.0000E+00 0.0000E+00 0.0000E+00 0.0000E+00 0.0000E+00 0.0000E+00 0.0000E+00 0.0000E+00 5.8448E-13 7.7854E-11 5.3056E-10 1.1855E-09 2.1656E-09 3.6204E-09 5.7089E-09 8.5402E-09 1.2145E-08 1.6424E-08 2.1147E-08 2.5956E-08 3.0398E-08 3.4002E-08 3.6381E-08 3.7305E-08 3.6720E-08 3.4761E-08 3.1711E-08 2.7940E-08 2.3823E-08 1.9690E-08 1.5809E-08 1.2350E-08 9.4091E-09 7.0013E-09 5.0879E-09 3.6105E-09 2.5137E-09 1.7161E-09 1.1301E-09 7.2099E-10 4.5040E-10 2.5456E-10 1.3809E-10 7.1866E-11 3.8389E-11 1.7579E-11 1.0916E-11 5.1956E-12 2.3691E-12 0.0000E+00 0.0000E+00 0.0000E+00 0.0000E+00 0.0000E+00
0.0000E+00 0.0000E+00 0.0000E+00 0.0000E+00 0.0000E+00 0.0000E+00 0.0000E+00 0.0000E+00 0.0000E+00 0.0000E+00 0.0000E+00 0.0000E+00 6.0929E-11 4.2652E-10 1.0145E-09 1.9219E-09 3.3014E-09 5.3018E-09 8.0552E-09 1.1597E-08 1.5874E-08 2.0642E-08 2.5504E-08 2.9989E-08 3.3605E-08 3.5942E-08 3.6743E-08 3.5990E-08 3.3836E-08 3.0603E-08 2.6678E-08 2.2468E-08 1.8321E-08 1.4492E-08 1.1140E-08 8.3388E-09 6.0824E-09 4.3138E-09 2.9878E-09 2.0221E-09 1.3206E-09 8.3359E-10 5.1268E-10 2.8390E-10 1.5100E-10 6.7868E-11 3.1149E-11 1.3707E-11 8.6061E-12 4.9720E-12 2.3143E-12 0.0000E+00 0.0000E+00 0.0000E+00 0.0000E+00 0.0000E+00 0.0000E+00
