Assets/Resources/2015_m01_d07_0600(utc+0800)_l00_csi_1hr_conc.grd
DSAA
         159         159
     -79.000      79.000
     -79.000      79.000
  0.0000E+00  0.6261E-05
[rows 75 to 99 of 159, columns 57 to 113 of 159]
2.7431E-10 3.1855E-10 3.7420E-10 4.2861E-10 4.9155E-10 5.5221E-10 6.0565E-10 6.8460E-10 7.5332E-10 8.2076E-10 8.9267E-10 9.7727E-10 1.1242E-09 1.3766E-09 1.8383E-09 2.6188E-09 3.9257E-09 6.0481E-09 9.2730E-09 1.3920E-08 1.9844E-08 4.8319E-08 2.0046E-07 1.1370E-06 1.4227E-06 4.3792E-07 1.0266E-07 8.2342E-08 6.6248E-08 5.3162E-08 4.3142E-08 3.4878E-08 2.8087E-08 2.2759E-08 1.8284E-08 1.1607E-08 9.1463E-09 7.4620E-09 6.0134E-09 3.2892E-09 2.9847E-09 2.7675E-09 2.6031E-09 2.4886E-09 2.3831E-09 2.3051E-09 2.2297E-09 2.1655E-09 2.0887E-09 2.0297E-09 1.9714E-09 1.9152E-09 1.8609E-09 1.8246E-09 1.7891E-09 1.7560E-09 1.7198E-09
2.2023E-10 2.6362E-10 3.0664E-10 3.5878E-10 4.1005E-10 4.5641E-10 5.2111E-10 5.7602E-10 6.4011E-10 7.0959E-10 7.7158E-10 8.4099E-10 9.5691E-10 1.1415E-09 1.4869E-09 2.0860E-09 3.0692E-09 4.6574E-09 7.0650E-09 1.0434E-08 1.4816E-08 1.9789E-08 1.1073E-07 1.5986E-06 1.7906E-06 2.2972E-07 8.8996E-08 7.0602E-08 5.6082E-08 4.4578E-08 3.5552E-08 2.8737E-08 2.2996E-08 1.8442E-08 1.4750E-08 8.8967E-09 7.2465E-09 5.9228E-09 4.9995E-09 2.5116E-09 2.3435E-09 2.2250E-09 2.1484E-09 2.0692E-09 1.9988E-09 1.9478E-09 1.8909E-09 1.8328E-09 1.8043E-09 1.7578E-09 1.7195E-09 1.6721E-09 1.6339E-09 1.6023E-09 1.5816E-09 1.5625E-09 1.5172E-09
1.8919E-10 2.0996E-10 2.5093E-10 2.8698E-10 3.4497E-10 3.8277E-10 4.3909E-10 4.8538E-10 5.4796E-10 6.0380E-10 6.5411E-10 7.2035E-10 8.0821E-10 9.4733E-10 1.1971E-09 1.6153E-09 2.3241E-09 3.4374E-09 5.1142E-09 7.4577E-09 1.0415E-08 1.3788E-08 8.5966E-08 2.3638E-06 2.4302E-06 8.6328E-08 7.0319E-08 5.7418E-08 4.6123E-08 3.6838E-08 2.9392E-08 2.3654E-08 1.8995E-08 1.5231E-08 1.2344E-08 7.3188E-09 6.0375E-09 4.9814E-09 4.1559E-09 1.9110E-09 1.8212E-09 1.7791E-09 1.7441E-09 1.7155E-09 1.6736E-09 1.6191E-09 1.5943E-09 1.5442E-09 1.5192E-09 1.5068E-09 1.4782E-09 1.4542E-09 1.4198E-09 1.4013E-09 1.3765E-09 1.3572E-09 1.3500E-09
1.6260E-10 1.7993E-10 1.9881E-10 2.2620E-10 2.7453E-10 3.1319E-10 3.6410E-10 4.1314E-10 4.5600E-10 5.0213E-10 5.6275E-10 6.0958E-10 6.7362E-10 7.7814E-10 9.5223E-10 1.2380E-09 1.7054E-09 2.4565E-09 3.5560E-09 5.0654E-09 6.9897E-09 9.1489E-09 1.5053E-07 3.6931E-06 6.2608E-06 4.4665E-08 4.6779E-08 4.2039E-08 3.5569E-08 2.9288E-08 2.3877E-08 1.9396E-08 1.5772E-08 1.2762E-08 7.2519E-09 6.0304E-09 5.0273E-09 4.1271E-09 1.4438E-09 1.4571E-09 1.4193E-09 1.4072E-09 1.4066E-09 1.4007E-09 1.3763E-09 1.3577E-09 1.3297E-09 1.3126E-09 1.2718E-09 1.2569E-09 1.2525E-09 1.2445E-09 1.2316E-09 1.1960E-09 1.1879E-09 1.1886E-09 1.1883E-09
1.4280E-10 1.5386E-10 1.6998E-10 1.8714E-10 2.0997E-10 2.5566E-10 2.8831E-10 3.3943E-10 3.7819E-10 4.2651E-10 4.6698E-10 5.1644E-10 5.6565E-10 6.4038E-10 7.5086E-10 9.4442E-10 1.2475E-09 1.7064E-09 2.3965E-09 3.3310E-09 4.4816E-09 5.7942E-09 7.1012E-09 8.1905E-09 8.8921E-09 1.6388E-08 2.3691E-08 2.5920E-08 2.4482E-08 2.1564E-08 1.8436E-08 1.5481E-08 1.2871E-08 1.0510E-08 5.8078E-09 4.8958E-09 4.1260E-09 3.4462E-09 1.1460E-09 1.0386E-09 1.1079E-09 1.1186E-09 1.1119E-09 1.1224E-09 1.1269E-09 1.1200E-09 1.1088E-09 1.0824E-09 1.0665E-09 1.0511E-09 1.0352E-09 1.0318E-09 1.0239E-09 1.0289E-09 1.0246E-09 1.0296E-09 8.1518E-10
1.2934E-10 1.3607E-10 1.4474E-10 1.5847E-10 1.7516E-10 1.9431E-10 2.2017E-10 2.6653E-10 3.0146E-10 3.5336E-10 3.9264E-10 4.3712E-10 4.7099E-10 5.2138E-10 5.9894E-10 7.2062E-10 9.0724E-10 1.1924E-09 1.5865E-09 2.1308E-09 2.8084E-09 3.5588E-09 4.2923E-09 4.9242E-09 5.3591E-09 5.5082E-09 8.8323E-09 1.2492E-08 1.4292E-08 1.4248E-08 1.3170E-08 1.1694E-08 1.0185E-08 5.5214E-09 4.7973E-09 4.1197E-09 3.4960E-09 1.0062E-09 9.0402E-10 8.5580E-10 8.1580E-10 8.2211E-10 8.8962E-10 9.0248E-10 9.0978E-10 9.0697E-10 9.0691E-10 9.0081E-10 8.7988E-10 8.5451E-10 8.5272E-10 8.3150E-10 8.4609E-10 8.6872E-10 8.7958E-10 6.7666E-10 6.8940E-10
1.1710E-10 1.2318E-10 1.2937E-10 1.3599E-10 1.4653E-10 1.6252E-10 1.7977E-10 1.9844E-10 2.3877E-10 2.7147E-10 3.2334E-10 3.5608E-10 3.9867E-10 4.3149E-10 4.8002E-10 5.5133E-10 6.6934E-10 8.3290E-10 1.0634E-09 1.3607E-09 1.7269E-09 2.1470E-09 2.5651E-09 2.9156E-09 3.1546E-09 3.2460E-09 3.1898E-09 3.0086E-09 6.6295E-09 7.9445E-09 8.3556E-09 8.1311E-09 4.7047E-09 4.2939E-09 3.8605E-09 3.4589E-09 8.2109E-10 7.7539E-10 7.4908E-10 7.0588E-10 6.7990E-10 6.5029E-10 6.2176E-10 7.1836E-10 7.2404E-10 7.3194E-10 7.2793E-10 7.2147E-10 7.1756E-10 6.9955E-10 6.9210E-10 7.0118E-10 6.8992E-10 6.9971E-10 5.4044E-10 5.6749E-10 5.8822E-10
1.0309E-10 1.1135E-10 1.1693E-10 1.2260E-10 1.2834E-10 1.3524E-10 1.4729E-10 1.6567E-10 1.8149E-10 1.9734E-10 2.4160E-10 2.7684E-10 3.2174E-10 3.5254E-10 3.8986E-10 4.3920E-10 4.9903E-10 5.9582E-10 7.2540E-10 8.8873E-10 1.0909E-09 1.3019E-09 1.5139E-09 1.7042E-09 1.8546E-09 1.9249E-09 1.9134E-09 1.8318E-09 1.6880E-09 3.6245E-09 4.5347E-09 3.2093E-09 3.2653E-09 3.1406E-09 2.9376E-09 2.7079E-09 6.7024E-10 6.3904E-10 6.1982E-10 5.9748E-10 5.6815E-10 5.4591E-10 5.2404E-10 4.9519E-10 5.6917E-10 5.6833E-10 5.7465E-10 5.6873E-10 5.7656E-10 5.7987E-10 5.6986E-10 5.5477E-10 5.6399E-10 4.1510E-10 4.3650E-10 4.6933E-10 4.8533E-10
9.3131E-11 9.7892E-11 1.0273E-10 1.1065E-10 1.1582E-10 1.2103E-10 1.2628E-10 1.3338E-10 1.4792E-10 1.6627E-10 1.7761E-10 1.9423E-10 2.3642E-10 2.6790E-10 3.1504E-10 3.3989E-10 3.8080E-10 4.3195E-10 4.9833E-10 5.9332E-10 6.9407E-10 8.0758E-10 9.1531E-10 1.0178E-09 1.0969E-09 1.1343E-09 1.1213E-09 1.0718E-09 1.0195E-09 9.2363E-10 1.4678E-09 1.7889E-09 2.0100E-09 2.1045E-09 5.6641E-10 5.5598E-10 5.3518E-10 5.2124E-10 5.0685E-10 4.8883E-10 4.7026E-10 4.4987E-10 4.2771E-10 4.0808E-10 3.8685E-10 4.0174E-10 4.4883E-10 4.5818E-10 4.5123E-10 4.5403E-10 4.5595E-10 4.5252E-10 3.3799E-10 3.3764E-10 3.5375E-10 3.7078E-10 3.8334E-10
7.9064E-11 8.3012E-11 9.2667E-11 9.7090E-11 1.0156E-10 1.0906E-10 1.1378E-10 1.1851E-10 1.2325E-10 1.2957E-10 1.4354E-10 1.6056E-10 1.7492E-10 1.8930E-10 2.2498E-10 2.4706E-10 2.7409E-10 3.1609E-10 3.5669E-10 4.0357E-10 4.5979E-10 5.1113E-10 5.7313E-10 6.2730E-10 6.6851E-10 6.9109E-10 6.8672E-10 6.5728E-10 6.4127E-10 6.1766E-10 5.7574E-10 5.4285E-10 1.1057E-09 4.5648E-10 4.5154E-10 4.4533E-10 4.3633E-10 4.2565E-10 4.1242E-10 3.9856E-10 3.8446E-10 3.6704E-10 3.5466E-10 3.3193E-10 3.1822E-10 2.9401E-10 2.7439E-10 3.4795E-10 3.5283E-10 3.5527E-10 2.8781E-10 2.7406E-10 2.5493E-10 2.5347E-10 2.8357E-10 1.7699E-10 1.8094E-10
5.7634E-11 7.2446E-11 7.8511E-11 8.2173E-11 9.1469E-11 9.5526E-11 9.9605E-11 1.0663E-10 1.1088E-10 1.1511E-10 1.1931E-10 1.2391E-10 1.3512E-10 1.5579E-10 1.7031E-10 1.8169E-10 1.9609E-10 2.2550E-10 2.4485E-10 2.7079E-10 3.1394E-10 3.3804E-10 3.7215E-10 4.0223E-10 4.3000E-10 4.4548E-10 4.5331E-10 4.5322E-10 4.4782E-10 4.2315E-10 4.0920E-10 3.7538E-10 3.7522E-10 3.7322E-10 3.6882E-10 3.6063E-10 3.5331E-10 3.4552E-10 3.2820E-10 3.1835E-10 3.0379E-10 2.8951E-10 2.7881E-10 2.6556E-10 2.5495E-10 2.4228E-10 2.2828E-10 2.1076E-10 2.6182E-10 2.1047E-10 2.0955E-10 2.1307E-10 2.0161E-10 2.0459E-10 1.1775E-10 1.1080E-10 1.4943E-10
3.9606E-11 4.9043E-11 5.7177E-11 6.8987E-11 7.7358E-11 8.0712E-11 8.6768E-11 9.3239E-11 9.6906E-11 1.0341E-10 1.0718E-10 1.1090E-10 1.1457E-10 1.1860E-10 1.2790E-10 1.3916E-10 1.4946E-10 1.5920E-10 1.6862E-10 1.7808E-10 2.0382E-10 2.2005E-10 2.4620E-10 2.6575E-10 2.8297E-10 2.9137E-10 3.0284E-10 3.0486E-10 2.9524E-10 2.8210E-10 2.8414E-10 2.8532E-10 2.9405E-10 2.8275E-10 2.7797E-10 2.7270E-10 2.6750E-10 2.6362E-10 2.5773E-10 2.5094E-10 2.4224E-10 2.3622E-10 2.2736E-10 2.1718E-10 2.0670E-10 1.8363E-10 1.6142E-10 1.5079E-10 1.4016E-10 1.2958E-10 1.6165E-10 1.6598E-10 1.1322E-10 1.0387E-10 9.7856E-11 7.1759E-11 6.7970E-11
3.0662E-11 3.2014E-11 3.7569E-11 4.8471E-11 5.4674E-11 6.0433E-11 7.3153E-11 7.8664E-11 8.1691E-11 9.0286E-11 9.3533E-11 9.6744E-11 1.0277E-10 1.0600E-10 1.0914E-10 1.1391E-10 1.2003E-10 1.2668E-10 1.3332E-10 1.4122E-10 1.4936E-10 1.5491E-10 1.6048E-10 1.6624E-10 1.8579E-10 1.9157E-10 1.9672E-10 2.0618E-10 2.0861E-10 2.1044E-10 2.2575E-10 2.2654E-10 2.2664E-10 2.3227E-10 2.3109E-10 2.2924E-10 2.2598E-10 2.2014E-10 2.0091E-10 1.9577E-10 1.9002E-10 1.6002E-10 1.5136E-10 1.4567E-10 1.4206E-10 1.2968E-10 1.2634E-10 1.2291E-10 1.1713E-10 1.1386E-10 1.0765E-10 9.9365E-11 8.0866E-11 6.8697E-11 6.3381E-11 6.1810E-11 5.6747E-11
2.5870E-11 2.7718E-11 2.9781E-11 3.1703E-11 3.5012E-11 4.0316E-11 4.9445E-11 5.5526E-11 6.1097E-11 7.3588E-11 7.8758E-11 8.1405E-11 8.9569E-11 9.2344E-11 9.5054E-11 9.7688E-11 1.0327E-10 1.0741E-10 1.1246E-10 1.1682E-10 1.2012E-10 1.2456E-10 1.3002E-10 1.3624E-10 1.4122E-10 1.4544E-10 1.4885E-10 1.5079E-10 1.5222E-10 1.5330E-10 1.5414E-10 1.5435E-10 1.5393E-10 1.5335E-10 1.5225E-10 1.4951E-10 1.4488E-10 1.3990E-10 1.3561E-10 1.3357E-10 1.3129E-10 1.2882E-10 1.2352E-10 1.2097E-10 1.1830E-10 1.1550E-10 1.0742E-10 1.0183E-10 9.9247E-11 8.6322E-11 6.6743E-11 6.3540E-11 6.0384E-11 5.7309E-11 5.4289E-11 5.1351E-11 4.8474E-11
2.0982E-11 2.2618E-11 2.3587E-11 2.7419E-11 2.8967E-11 3.1203E-11 3.2378E-11 3.5610E-11 4.0806E-11 4.9738E-11 5.5587E-11 5.9106E-11 7.2899E-11 7.7642E-11 7.9876E-11 8.2048E-11 8.9737E-11 9.1928E-11 9.4039E-11 9.7003E-11 1.0092E-10 1.0756E-10 1.1069E-10 1.1271E-10 1.1481E-10 1.1714E-10 1.1932E-10 1.2133E-10 1.2312E-10 1.2404E-10 1.2463E-10 1.2495E-10 1.2499E-10 1.2476E-10 1.2425E-10 1.2347E-10 1.2244E-10 1.2025E-10 1.1757E-10 1.1538E-10 1.1365E-10 1.1176E-10 1.0684E-10 1.0246E-10 9.7497E-11 9.2777E-11 7.7164E-11 6.2173E-11 5.9285E-11 5.8251E-11 5.5452E-11 5.2670E-11 4.9967E-11 4.7291E-11 4.6284E-11 4.5244E-11 4.4175E-11
1.5808E-11 1.7935E-11 1.8702E-11 2.2354E-11 2.3254E-11 2.6956E-11 2.7974E-11 2.9441E-11 3.1594E-11 3.3096E-11 3.5768E-11 3.9024E-11 4.2005E-11 5.0782E-11 5.6394E-11 5.9608E-11 6.2914E-11 7.4683E-11 7.8913E-11 8.0557E-11 8.2109E-11 8.6605E-11 9.1784E-11 9.4590E-11 9.7232E-11 9.9211E-11 1.0108E-10 1.0238E-10 1.0324E-10 1.0390E-10 1.0437E-10 1.0463E-10 1.0469E-10 1.0454E-10 1.0419E-10 1.0365E-10 1.0291E-10 1.0198E-10 9.7798E-11 9.2618E-11 9.0459E-11 8.6613E-11 7.5182E-11 6.1657E-11 5.8820E-11 5.6255E-11 5.3769E-11 5.1250E-11 5.0472E-11 4.8032E-11 4.5585E-11 4.4774E-11 4.3926E-11 4.3043E-11 4.2127E-11 4.1182E-11 4.0210E-11
1.1724E-11 1.4291E-11 1.5652E-11 1.7715E-11 1.8427E-11 2.1267E-11 2.2785E-11 2.3615E-11 2.7263E-11 2.8188E-11 2.9554E-11 3.1597E-11 3.2545E-11 3.3925E-11 3.6887E-11 3.7854E-11 4.0527E-11 4.3296E-11 5.1757E-11 5.4458E-11 5.9797E-11 6.0858E-11 6.3643E-11 6.4584E-11 7.5610E-11 7.7068E-11 7.8483E-11 7.9818E-11 8.1084E-11 8.1797E-11 8.2170E-11 8.2403E-11 8.2495E-11 8.2447E-11 7.4812E-11 7.1862E-11 7.1527E-11 6.6705E-11 5.8726E-11 5.7359E-11 5.3902E-11 5.1464E-11 5.1035E-11 4.8829E-11 4.6702E-11 4.6181E-11 4.3987E-11 4.3413E-11 4.2795E-11 4.2136E-11 4.1437E-11 4.0702E-11 3.9931E-11 3.9129E-11 3.8298E-11 3.7440E-11 3.5086E-11
5.8511E-12 9.1916E-12 1.1596E-11 1.4095E-11 1.5402E-11 1.6696E-11 1.8046E-11 1.8702E-11 2.2188E-11 2.2939E-11 2.3685E-11 2.7233E-11 2.8052E-11 2.9302E-11 3.1213E-11 3.2031E-11 3.3268E-11 3.4055E-11 3.5249E-11 3.5995E-11 3.8333E-11 3.9045E-11 4.1424E-11 4.2082E-11 4.2697E-11 4.3265E-11 4.3786E-11 4.5876E-11 4.6306E-11 4.6681E-11 4.6999E-11 4.7259E-11 4.7461E-11 4.7602E-11 4.7684E-11 4.6079E-11 4.4333E-11 4.4271E-11 4.4154E-11 4.3983E-11 4.2124E-11 4.1877E-11 4.1580E-11 4.1237E-11 4.0847E-11 4.0412E-11 3.9933E-11 3.9413E-11 3.8853E-11 3.8256E-11 3.7622E-11 3.6955E-11 3.6257E-11 3.4075E-11 3.1914E-11 3.1232E-11 3.0529E-11
0.0000E+00 2.3831E-12 4.5121E-12 8.3407E-12 1.1399E-11 1.1843E-11 1.5063E-11 1.5611E-11 1.6859E-11 1.8158E-11 1.8749E-11 2.0728E-11 2.2809E-11 2.3464E-11 2.5471E-11 2.7572E-11 2.8260E-11 2.9374E-11 3.1140E-11 3.1799E-11 3.2868E-11 3.3481E-11 3.4488E-11 3.5045E-11 3.5568E-11 3.6055E-11 3.6504E-11 3.6913E-11 3.7281E-11 3.7607E-11 3.7890E-11 3.8128E-11 3.8321E-11 3.8468E-11 3.8568E-11 3.8622E-11 3.8629E-11 3.8589E-11 3.8503E-11 3.8370E-11 3.8192E-11 3.7968E-11 3.7701E-11 3.7390E-11 3.7037E-11 3.6643E-11 3.6210E-11 3.5740E-11 3.5233E-11 3.3238E-11 3.1229E-11 3.0706E-11 3.0156E-11 2.9581E-11 2.8984E-11 2.8365E-11 2.7727E-11
0.0000E+00 0.0000E+00 0.0000E+00 2.3470E-12 4.4294E-12 4.5997E-12 9.1999E-12 1.1541E-11 1.1946E-11 1.5135E-11 1.5628E-11 1.6816E-11 1.8048E-11 1.8566E-11 2.0455E-11 2.0991E-11 2.2960E-11 2.3503E-11 2.5394E-11 2.5931E-11 2.6447E-11 2.8834E-11 3.0008E-11 3.0492E-11 3.1377E-11 3.1805E-11 3.2639E-11 3.3005E-11 3.3333E-11 3.4050E-11 3.4307E-11 3.4523E-11 3.4698E-11 3.4831E-11 3.4923E-11 3.4972E-11 3.4979E-11 3.4944E-11 3.4866E-11 3.4747E-11 3.4586E-11 3.4384E-11 3.4142E-11 3.3862E-11 3.2100E-11 3.1770E-11 2.9952E-11 2.9590E-11 2.9197E-11 2.8775E-11 2.7899E-11 2.7429E-11 2.6936E-11 2.5548E-11 2.5024E-11 2.4483E-11 2.3486E-11
0.0000E+00 0.0000E+00 0.0000E+00 0.0000E+00 0.0000E+00 0.0000E+00 2.3830E-12 4.4766E-12 5.7774E-12 9.2310E-12 1.1541E-11 1.1902E-11 1.5021E-11 1.5453E-11 1.5877E-11 1.7719E-11 1.8161E-11 1.8592E-11 1.9707E-11 2.0822E-11 2.1239E-11 2.1637E-11 2.2016E-11 2.5197E-11 2.5573E-11 2.5923E-11 2.6245E-11 2.6539E-11 2.7244E-11 2.8161E-11 2.8375E-11 2.8556E-11 2.8704E-11 2.9245E-11 2.9326E-11 2.9372E-11 2.9382E-11 2.9357E-11 2.9296E-11 2.9201E-11 2.7628E-11 2.7484E-11 2.7308E-11 2.7101E-11 2.6436E-11 2.6172E-11 2.5880E-11 2.5560E-11 2.5215E-11 2.4404E-11 2.3336E-11 2.2933E-11 2.2511E-11 2.1387E-11 2.0940E-11 1.9182E-11 1.6762E-11
0.0000E+00 0.0000E+00 0.0000E+00 0.0000E+00 0.0000E+00 0.0000E+00 0.0000E+00 0.0000E+00 1.1452E-12 2.3901E-12 4.4690E-12 5.7532E-12 9.1481E-12 1.1399E-11 1.1711E-11 1.2730E-11 1.5091E-11 1.5448E-11 1.5794E-11 1.7549E-11 1.7899E-11 1.8233E-11 1.8551E-11 1.9552E-11 2.0537E-11 2.0820E-11 2.1082E-11 2.1321E-11 2.1537E-11 2.1729E-11 2.2588E-11 2.2736E-11 2.3535E-11 2.3633E-11 2.3703E-11 2.3744E-11 2.3757E-11 2.3742E-11 2.3698E-11 2.3626E-11 2.3526E-11 2.3398E-11 2.3243E-11 2.3061E-11 2.2854E-11 2.1944E-11 2.1691E-11 2.1417E-11 2.1120E-11 2.0114E-11 1.9784E-11 1.8143E-11 1.5805E-11 1.5504E-11 1.4480E-11 1.4167E-11 1.2604E-11
0.0000E+00 0.0000E+00 0.0000E+00 0.0000E+00 0.0000E+00 0.0000E+00 0.0000E+00 0.0000E+00 0.0000E+00 0.0000E+00 0.0000E+00 1.1410E-12 2.3682E-12 3.1893E-12 4.5257E-12 5.8071E-12 8.6415E-12 1.0156E-11 1.1637E-11 1.1882E-11 1.3576E-11 1.5122E-11 1.5384E-11 1.5631E-11 1.6579E-11 1.7513E-11 1.7731E-11 1.7930E-11 1.8109E-11 1.8268E-11 1.8405E-11 1.9225E-11 1.9324E-11 1.9400E-11 2.0144E-11 2.0176E-11 2.0184E-11 2.0167E-11 2.0126E-11 2.0060E-11 1.9971E-11 1.9858E-11 1.9721E-11 1.8874E-11 1.8697E-11 1.7192E-11 1.6995E-11 1.6078E-11 1.4558E-11 1.4346E-11 1.4120E-11 1.1917E-11 1.1703E-11 9.5103E-12 9.3213E-12 8.4036E-12 7.0113E-12
0.0000E+00 0.0000E+00 0.0000E+00 0.0000E+00 0.0000E+00 0.0000E+00 0.0000E+00 0.0000E+00 0.0000E+00 0.0000E+00 0.0000E+00 0.0000E+00 0.0000E+00 0.0000E+00 0.0000E+00 1.1526E-12 2.3750E-12 3.1865E-12 3.2576E-12 5.7408E-12 7.0470E-12 8.6745E-12 8.8280E-12 1.0269E-11 1.1673E-11 1.2561E-11 1.3437E-11 1.3588E-11 1.3724E-11 1.3844E-11 1.3948E-11 1.4035E-11 1.4106E-11 1.4877E-11 1.4918E-11 1.4941E-11 1.4946E-11 1.4932E-11 1.4900E-11 1.4851E-11 1.4783E-11 1.3395E-11 1.3309E-11 1.3208E-11 1.2374E-11 1.2247E-11 1.0869E-11 1.0735E-11 9.3351E-12 8.4838E-12 8.3535E-12 7.4793E-12 6.1572E-12 4.8306E-12 4.0069E-12 1.9995E-12 1.9546E-12
0.0000E+00 0.0000E+00 0.0000E+00 0.0000E+00 0.0000E+00 0.0000E+00 0.0000E+00 0.0000E+00 0.0000E+00 0.0000E+00 0.0000E+00 0.0000E+00 0.0000E+00 0.0000E+00 0.0000E+00 0.0000E+00 0.0000E+00 0.0000E+00 0.0000E+00 0.0000E+00 1.1638E-12 2.3759E-12 3.1731E-12 3.2244E-12 4.4226E-12 4.4851E-12 5.7885E-12 8.5343E-12 8.6223E-12 8.7005E-12 8.7689E-12 8.8271E-12 8.8748E-12 8.9120E-12 8.9385E-12 8.9543E-12 8.9591E-12 8.9531E-12 8.9363E-12 8.9087E-12 8.8705E-12 7.5756E-12 7.5292E-12 7.4742E-12 7.4106E-12 6.1455E-12 6.0799E-12 5.2731E-12 4.0012E-12 3.1931E-12 1.9882E-12 1.9551E-12 0.0000E+00 0.0000E+00 0.0000E+00 0.0000E+00 0.0000E+00
