Assets/Resources/2015_m01_d24_0500(utc+0800)_l00_csi_1hr_conc.grd
DSAA
         159         159
     -79.000      79.000
     -79.000      79.000
  0.0000E+00  0.1039E-04
[rows 125 to 149 of 159, columns 57 to 113 of 159]
8.2863E-10 8.5972E-10 8.9181E-10 9.2407E-10 9.5733E-10 9.9160E-10 1.0269E-09 1.0634E-09 1.1009E-09 1.1395E-09 1.1793E-09 1.2214E-09 1.2636E-09 1.3082E-09 1.3529E-09 1.3989E-09 1.4472E-09 1.4958E-09 1.5457E-09 1.5968E-09 1.6504E-09 1.7042E-09 1.7593E-09 1.8157E-09 1.8733E-09 1.9335E-09 1.9979E-09 2.0599E-09 2.1230E-09 2.1875E-09 2.2569E-09 2.3254E-09 2.3934E-09 2.4626E-09 2.5326E-09 2.6035E-09 2.6751E-09 2.7474E-09 2.8242E-09 2.9012E-09 2.9750E-09 3.0491E-09 3.1231E-09 3.1971E-09 3.2708E-09 3.3440E-09 3.4167E-09 3.4886E-09 3.5596E-09 3.6294E-09 3.6979E-09 3.7650E-09 3.8305E-09 3.8941E-09 3.9557E-09 4.0152E-09 4.0723E-09
8.1316E-10 8.4285E-10 8.7347E-10 9.0505E-10 9.3852E-10 9.7307E-10 1.0078E-09 1.0445E-09 1.0814E-09 1.1205E-09 1.1597E-09 1.2001E-09 1.2416E-09 1.2844E-09 1.3285E-09 1.3737E-09 1.4202E-09 1.4680E-09 1.5171E-09 1.5687E-09 1.6203E-09 1.6733E-09 1.7275E-09 1.7842E-09 1.8437E-09 1.9020E-09 1.9616E-09 2.0237E-09 2.0900E-09 2.1537E-09 2.2185E-09 2.2845E-09 2.3516E-09 2.4251E-09 2.4944E-09 2.5645E-09 2.6354E-09 2.7070E-09 2.7792E-09 2.8518E-09 2.9248E-09 2.9980E-09 3.0733E-09 3.1485E-09 3.2235E-09 3.2963E-09 3.3686E-09 3.4420E-09 3.5127E-09 3.5825E-09 3.6511E-09 3.7182E-09 3.7838E-09 3.8477E-09 3.9079E-09 3.9679E-09 4.0256E-09
7.9902E-10 8.2821E-10 8.5833E-10 8.8940E-10 9.2145E-10 9.5451E-10 9.8860E-10 1.0238E-09 1.0600E-09 1.0973E-09 1.1368E-09 1.1775E-09 1.2184E-09 1.2605E-09 1.3049E-09 1.3494E-09 1.3953E-09 1.4435E-09 1.4919E-09 1.5415E-09 1.5925E-09 1.6447E-09 1.6982E-09 1.7529E-09 1.8090E-09 1.8687E-09 1.9301E-09 1.9903E-09 2.0517E-09 2.1143E-09 2.1834E-09 2.2487E-09 2.3150E-09 2.3823E-09 2.4506E-09 2.5197E-09 2.5950E-09 2.6659E-09 2.7374E-09 2.8094E-09 2.8818E-09 2.9544E-09 3.0272E-09 3.1000E-09 3.1727E-09 3.2450E-09 3.3169E-09 3.3882E-09 3.4587E-09 3.5302E-09 3.5986E-09 3.6658E-09 3.7316E-09 3.7957E-09 3.8580E-09 3.9184E-09 3.9749E-09
7.8280E-10 8.1141E-10 8.4142E-10 8.7240E-10 9.0438E-10 9.3688E-10 9.7092E-10 1.0055E-09 1.0412E-09 1.0780E-09 1.1159E-09 1.1549E-09 1.1951E-09 1.2365E-09 1.2791E-09 1.3229E-09 1.3680E-09 1.4155E-09 1.4631E-09 1.5119E-09 1.5621E-09 1.6147E-09 1.6673E-09 1.7224E-09 1.7789E-09 1.8355E-09 1.8934E-09 1.9550E-09 2.0182E-09 2.0801E-09 2.1431E-09 2.2073E-09 2.2777E-09 2.3443E-09 2.4118E-09 2.4802E-09 2.5495E-09 2.6194E-09 2.6900E-09 2.7639E-09 2.8369E-09 2.9102E-09 2.9824E-09 3.0547E-09 3.1269E-09 3.1988E-09 3.2704E-09 3.3414E-09 3.4117E-09 3.4811E-09 3.5496E-09 3.6168E-09 3.6826E-09 3.7469E-09 3.8096E-09 3.8704E-09 3.9293E-09
7.6816E-10 7.9626E-10 8.2527E-10 8.5522E-10 8.8613E-10 9.1802E-10 9.5093E-10 9.8540E-10 1.0204E-09 1.0571E-09 1.0944E-09 1.1333E-09 1.1729E-09 1.2136E-09 1.2562E-09 1.2994E-09 1.3438E-09 1.3894E-09 1.4363E-09 1.4845E-09 1.5339E-09 1.5845E-09 1.6364E-09 1.6895E-09 1.7439E-09 1.8007E-09 1.8614E-09 1.9198E-09 1.9794E-09 2.0426E-09 2.1074E-09 2.1709E-09 2.2354E-09 2.3009E-09 2.3674E-09 2.4401E-09 2.5085E-09 2.5778E-09 2.6478E-09 2.7182E-09 2.7892E-09 2.8605E-09 2.9321E-09 3.0051E-09 3.0767E-09 3.1496E-09 3.2220E-09 3.2927E-09 3.3628E-09 3.4320E-09 3.5004E-09 3.5676E-09 3.6335E-09 3.6980E-09 3.7610E-09 3.8222E-09 3.8815E-09
7.5226E-10 7.8028E-10 8.0923E-10 8.3864E-10 8.6901E-10 9.0036E-10 9.3271E-10 9.6608E-10 1.0005E-09 1.0360E-09 1.0726E-09 1.1104E-09 1.1493E-09 1.1893E-09 1.2312E-09 1.2737E-09 1.3173E-09 1.3629E-09 1.4090E-09 1.4564E-09 1.5051E-09 1.5556E-09 1.6067E-09 1.6597E-09 1.7133E-09 1.7682E-09 1.8243E-09 1.8840E-09 1.9453E-09 2.0054E-09 2.0666E-09 2.1289E-09 2.1975E-09 2.2623E-09 2.3281E-09 2.3948E-09 2.4623E-09 2.5307E-09 2.6036E-09 2.6747E-09 2.7450E-09 2.8157E-09 2.8867E-09 2.9578E-09 3.0289E-09 3.0999E-09 3.1707E-09 3.2410E-09 3.3108E-09 3.3799E-09 3.4481E-09 3.5152E-09 3.5813E-09 3.6460E-09 3.7091E-09 3.7707E-09 3.8305E-09
7.3623E-10 7.6322E-10 7.9110E-10 8.1989E-10 8.5013E-10 8.8136E-10 9.1309E-10 9.4637E-10 9.8019E-10 1.0156E-09 1.0516E-09 1.0888E-09 1.1270E-09 1.1665E-09 1.2071E-09 1.2489E-09 1.2918E-09 1.3360E-09 1.3814E-09 1.4281E-09 1.4759E-09 1.5250E-09 1.5753E-09 1.6268E-09 1.6803E-09 1.7363E-09 1.7917E-09 1.8483E-09 1.9061E-09 1.9674E-09 2.0303E-09 2.0919E-09 2.1546E-09 2.2184E-09 2.2881E-09 2.3540E-09 2.4209E-09 2.4885E-09 2.5569E-09 2.6258E-09 2.6953E-09 2.7666E-09 2.8382E-09 2.9099E-09 2.9818E-09 3.0524E-09 3.1227E-09 3.1927E-09 3.2622E-09 3.3311E-09 3.3992E-09 3.4664E-09 3.5324E-09 3.5972E-09 3.6605E-09 3.7224E-09 3.7826E-09
7.2082E-10 7.4729E-10 7.7464E-10 8.0290E-10 8.3208E-10 8.6221E-10 8.9333E-10 9.2547E-10 9.5865E-10 9.9289E-10 1.0288E-09 1.0652E-09 1.1034E-09 1.1421E-09 1.1820E-09 1.2236E-09 1.2659E-09 1.3093E-09 1.3540E-09 1.4005E-09 1.4476E-09 1.4959E-09 1.5454E-09 1.5962E-09 1.6482E-09 1.7014E-09 1.7565E-09 1.8143E-09 1.8713E-09 1.9296E-09 1.9890E-09 2.0495E-09 2.1162E-09 2.1792E-09 2.2432E-09 2.3082E-09 2.3740E-09 2.4445E-09 2.5133E-09 2.5816E-09 2.6505E-09 2.7198E-09 2.7894E-09 2.8593E-09 2.9294E-09 2.9994E-09 3.0705E-09 3.1401E-09 3.2106E-09 3.2792E-09 3.3471E-09 3.4142E-09 3.4802E-09 3.5451E-09 3.6087E-09 3.6708E-09 3.7313E-09
7.0339E-10 7.2973E-10 7.5696E-10 7.8462E-10 8.1371E-10 8.4376E-10 8.7432E-10 9.0588E-10 9.3848E-10 9.7212E-10 1.0068E-09 1.0426E-09 1.0795E-09 1.1175E-09 1.1567E-09 1.1970E-09 1.2385E-09 1.2812E-09 1.3257E-09 1.3707E-09 1.4170E-09 1.4645E-09 1.5138E-09 1.5650E-09 1.6162E-09 1.6687E-09 1.7224E-09 1.7773E-09 1.8340E-09 1.8935E-09 1.9521E-09 2.0119E-09 2.0728E-09 2.1348E-09 2.2026E-09 2.2668E-09 2.3320E-09 2.3980E-09 2.4647E-09 2.5321E-09 2.6026E-09 2.6724E-09 2.7426E-09 2.8120E-09 2.8814E-09 2.9509E-09 3.0204E-09 3.0896E-09 3.1584E-09 3.2268E-09 3.2945E-09 3.3614E-09 3.4274E-09 3.4923E-09 3.5560E-09 3.6183E-09 3.6791E-09
6.8766E-10 7.1299E-10 7.3919E-10 7.6627E-10 7.9428E-10 8.2323E-10 8.5364E-10 8.8457E-10 9.1702E-10 9.5001E-10 9.8457E-10 1.0197E-09 1.0559E-09 1.0932E-09 1.1323E-09 1.1719E-09 1.2126E-09 1.2546E-09 1.2977E-09 1.3419E-09 1.3874E-09 1.4341E-09 1.4819E-09 1.5310E-09 1.5813E-09 1.6348E-09 1.6884E-09 1.7425E-09 1.7979E-09 1.8544E-09 1.9121E-09 1.9737E-09 2.0338E-09 2.0950E-09 2.1572E-09 2.2205E-09 2.2846E-09 2.3544E-09 2.4204E-09 2.4872E-09 2.5545E-09 2.6224E-09 2.6906E-09 2.7592E-09 2.8293E-09 2.8995E-09 2.9684E-09 3.0383E-09 3.1068E-09 3.1760E-09 3.2436E-09 3.3103E-09 3.3762E-09 3.4411E-09 3.5048E-09 3.5673E-09 3.6283E-09
6.7078E-10 6.9602E-10 7.2168E-10 7.4869E-10 7.7615E-10 8.0454E-10 8.3388E-10 8.6419E-10 8.9550E-10 9.2782E-10 9.6117E-10 9.9558E-10 1.0311E-09 1.0682E-09 1.1059E-09 1.1447E-09 1.1847E-09 1.2264E-09 1.2687E-09 1.3122E-09 1.3568E-09 1.4033E-09 1.4510E-09 1.4992E-09 1.5487E-09 1.5995E-09 1.6520E-09 1.7073E-09 1.7618E-09 1.8175E-09 1.8744E-09 1.9325E-09 1.9916E-09 2.0546E-09 2.1161E-09 2.1785E-09 2.2418E-09 2.3061E-09 2.3711E-09 2.4370E-09 2.5070E-09 2.5753E-09 2.6429E-09 2.7110E-09 2.7792E-09 2.8476E-09 2.9160E-09 2.9842E-09 3.0523E-09 3.1200E-09 3.1871E-09 3.2536E-09 3.3206E-09 3.3855E-09 3.4492E-09 3.5118E-09 3.5730E-09
6.5389E-10 6.7813E-10 7.0321E-10 7.2915E-10 7.5647E-10 7.8423E-10 8.1344E-10 8.4311E-10 8.7428E-10 9.0595E-10 9.3863E-10 9.7290E-10 1.0077E-09 1.0436E-09 1.0805E-09 1.1186E-09 1.1578E-09 1.1982E-09 1.2396E-09 1.2823E-09 1.3261E-09 1.3710E-09 1.4172E-09 1.4658E-09 1.5157E-09 1.5657E-09 1.6168E-09 1.6691E-09 1.7227E-09 1.7801E-09 1.8362E-09 1.8935E-09 1.9518E-09 2.0113E-09 2.0718E-09 2.1333E-09 2.1985E-09 2.2620E-09 2.3262E-09 2.3913E-09 2.4570E-09 2.5233E-09 2.5902E-09 2.6586E-09 2.7273E-09 2.7962E-09 2.8652E-09 2.9330E-09 3.0006E-09 3.0679E-09 3.1348E-09 3.2011E-09 3.2666E-09 3.3313E-09 3.3950E-09 3.4576E-09 3.5190E-09
6.3732E-10 6.6148E-10 6.8604E-10 7.1144E-10 7.3772E-10 7.6489E-10 7.9298E-10 8.2200E-10 8.5199E-10 8.8296E-10 9.1493E-10 9.4847E-10 9.8252E-10 1.0176E-09 1.0544E-09 1.0917E-09 1.1301E-09 1.1696E-09 1.2109E-09 1.2527E-09 1.2962E-09 1.3404E-09 1.3857E-09 1.4323E-09 1.4800E-09 1.5302E-09 1.5818E-09 1.6333E-09 1.6860E-09 1.7400E-09 1.7951E-09 1.8539E-09 1.9114E-09 1.9701E-09 2.0298E-09 2.0905E-09 2.1521E-09 2.2146E-09 2.2787E-09 2.3449E-09 2.4100E-09 2.4755E-09 2.5416E-09 2.6081E-09 2.6750E-09 2.7421E-09 2.8093E-09 2.8765E-09 2.9435E-09 3.0116E-09 3.0781E-09 3.1452E-09 3.2105E-09 3.2750E-09 3.3386E-09 3.4012E-09 3.4625E-09
6.1987E-10 6.4300E-10 6.6695E-10 6.9221E-10 7.1835E-10 7.4491E-10 7.7286E-10 8.0125E-10 8.3059E-10 8.6142E-10 8.9272E-10 9.2503E-10 9.5837E-10 9.9274E-10 1.0282E-09 1.0647E-09 1.1023E-09 1.1410E-09 1.1808E-09 1.2217E-09 1.2638E-09 1.3077E-09 1.3533E-09 1.3996E-09 1.4465E-09 1.4947E-09 1.5440E-09 1.5964E-09 1.6489E-09 1.7020E-09 1.7562E-09 1.8116E-09 1.8682E-09 1.9264E-09 1.9872E-09 2.0470E-09 2.1078E-09 2.1695E-09 2.2322E-09 2.2955E-09 2.3596E-09 2.4244E-09 2.4910E-09 2.5575E-09 2.6243E-09 2.6907E-09 2.7573E-09 2.8240E-09 2.8905E-09 2.9568E-09 3.0229E-09 3.0884E-09 3.1535E-09 3.2177E-09 3.2811E-09 3.3435E-09 3.4047E-09
6.0370E-10 6.2631E-10 6.4973E-10 6.7395E-10 6.9902E-10 7.2495E-10 7.5176E-10 7.7948E-10 8.0813E-10 8.3825E-10 8.6882E-10 9.0039E-10 9.3351E-10 9.6713E-10 1.0018E-09 1.0381E-09 1.0749E-09 1.1128E-09 1.1517E-09 1.1924E-09 1.2337E-09 1.2761E-09 1.3196E-09 1.3644E-09 1.4121E-09 1.4600E-09 1.5085E-09 1.5582E-09 1.6091E-09 1.6630E-09 1.7170E-09 1.7715E-09 1.8272E-09 1.8839E-09 1.9417E-09 2.0005E-09 2.0624E-09 2.1239E-09 2.1856E-09 2.2481E-09 2.3114E-09 2.3754E-09 2.4399E-09 2.5049E-09 2.5702E-09 2.6360E-09 2.7026E-09 2.7692E-09 2.8351E-09 2.9016E-09 2.9672E-09 3.0323E-09 3.0969E-09 3.1609E-09 3.2246E-09 3.2868E-09 3.3473E-09
5.8573E-10 6.0821E-10 6.3103E-10 6.5513E-10 6.8006E-10 7.0538E-10 7.3157E-10 7.5915E-10 7.8715E-10 8.1608E-10 8.4596E-10 8.7681E-10 9.0865E-10 9.4149E-10 9.7536E-10 1.0103E-09 1.0462E-09 1.0833E-09 1.1220E-09 1.1612E-09 1.2015E-09 1.2442E-09 1.2875E-09 1.3314E-09 1.3765E-09 1.4228E-09 1.4721E-09 1.5215E-09 1.5715E-09 1.6226E-09 1.6750E-09 1.7284E-09 1.7857E-09 1.8415E-09 1.8985E-09 1.9564E-09 2.0153E-09 2.0752E-09 2.1359E-09 2.1989E-09 2.2625E-09 2.3255E-09 2.3892E-09 2.4534E-09 2.5181E-09 2.5830E-09 2.6482E-09 2.7135E-09 2.7789E-09 2.8441E-09 2.9091E-09 2.9737E-09 3.0378E-09 3.1014E-09 3.1641E-09 3.2260E-09 3.2874E-09
5.6958E-10 5.9107E-10 6.1333E-10 6.3636E-10 6.6021E-10 6.8488E-10 7.1039E-10 7.3729E-10 7.6459E-10 7.9279E-10 8.2247E-10 8.5258E-10 8.8366E-10 9.1628E-10 9.4937E-10 9.8349E-10 1.0186E-09 1.0548E-09 1.0927E-09 1.1311E-09 1.1705E-09 1.2111E-09 1.2529E-09 1.2970E-09 1.3424E-09 1.3878E-09 1.4344E-09 1.4821E-09 1.5329E-09 1.5838E-09 1.6352E-09 1.6878E-09 1.7415E-09 1.7963E-09 1.8540E-09 1.9116E-09 1.9696E-09 2.0286E-09 2.0884E-09 2.1491E-09 2.2105E-09 2.2726E-09 2.3354E-09 2.4000E-09 2.4644E-09 2.5286E-09 2.5936E-09 2.6583E-09 2.7229E-09 2.7874E-09 2.8518E-09 2.9159E-09 2.9795E-09 3.0424E-09 3.1047E-09 3.1661E-09 3.2266E-09
5.5206E-10 5.7343E-10 5.9510E-10 6.1801E-10 6.4125E-10 6.6579E-10 6.9069E-10 7.1645E-10 7.4307E-10 7.7059E-10 7.9902E-10 8.2838E-10 8.5870E-10 8.8998E-10 9.2225E-10 9.5553E-10 9.9041E-10 1.0258E-09 1.0622E-09 1.0996E-09 1.1387E-09 1.1797E-09 1.2206E-09 1.2626E-09 1.3058E-09 1.3520E-09 1.3983E-09 1.4451E-09 1.4931E-09 1.5423E-09 1.5938E-09 1.6467E-09 1.6994E-09 1.7533E-09 1.8081E-09 1.8641E-09 1.9210E-09 1.9802E-09 2.0402E-09 2.0999E-09 2.1605E-09 2.2217E-09 2.2835E-09 2.3459E-09 2.4088E-09 2.4722E-09 2.5357E-09 2.5995E-09 2.6639E-09 2.7278E-09 2.7921E-09 2.8554E-09 2.9183E-09 2.9807E-09 3.0424E-09 3.1034E-09 3.1633E-09
5.3553E-10 5.5588E-10 5.7697E-10 5.9880E-10 6.2140E-10 6.4479E-10 6.6950E-10 6.9456E-10 7.2099E-10 7.4780E-10 7.7602E-10 8.0465E-10 8.3421E-10 8.6473E-10 8.9621E-10 9.2923E-10 9.6272E-10 9.9722E-10 1.0328E-09 1.0694E-09 1.1070E-09 1.1458E-09 1.1868E-09 1.2292E-09 1.2715E-09 1.3150E-09 1.3595E-09 1.4072E-09 1.4549E-09 1.5031E-09 1.5525E-09 1.6030E-09 1.6546E-09 1.7098E-09 1.7637E-09 1.8186E-09 1.8745E-09 1.9314E-09 1.9892E-09 2.0479E-09 2.1079E-09 2.1694E-09 2.2308E-09 2.2924E-09 2.3543E-09 2.4167E-09 2.4794E-09 2.5423E-09 2.6053E-09 2.6682E-09 2.7310E-09 2.7936E-09 2.8558E-09 2.9175E-09 2.9785E-09 3.0389E-09 3.0983E-09
5.1820E-10 5.3860E-10 5.5910E-10 5.8099E-10 6.0300E-10 6.2579E-10 6.4937E-10 6.7377E-10 6.9900E-10 7.2509E-10 7.5205E-10 7.7991E-10 8.0868E-10 8.3893E-10 8.6960E-10 9.0124E-10 9.3386E-10 9.6747E-10 1.0027E-09 1.0389E-09 1.0763E-09 1.1142E-09 1.1532E-09 1.1933E-09 1.2364E-09 1.2795E-09 1.3232E-09 1.3680E-09 1.4140E-09 1.4629E-09 1.5119E-09 1.5614E-09 1.6120E-09 1.6637E-09 1.7165E-09 1.7702E-09 1.8275E-09 1.8834E-09 1.9401E-09 1.9977E-09 2.0561E-09 2.1153E-09 2.1752E-09 2.2355E-09 2.2965E-09 2.3585E-09 2.4208E-09 2.4833E-09 2.5454E-09 2.6074E-09 2.6699E-09 2.7317E-09 2.7930E-09 2.8539E-09 2.9143E-09 2.9739E-09 3.0327E-09
5.0108E-10 5.2026E-10 5.4013E-10 5.6072E-10 5.8272E-10 6.0482E-10 6.2839E-10 6.5209E-10 6.7730E-10 7.0268E-10 7.2891E-10 7.5602E-10 7.8476E-10 8.1370E-10 8.4356E-10 8.7438E-10 9.0615E-10 9.3890E-10 9.7265E-10 1.0074E-09 1.0433E-09 1.0813E-09 1.1206E-09 1.1598E-09 1.2001E-09 1.2416E-09 1.2860E-09 1.3304E-09 1.3754E-09 1.4215E-09 1.4688E-09 1.5171E-09 1.5690E-09 1.6197E-09 1.6714E-09 1.7241E-09 1.7778E-09 1.8325E-09 1.8880E-09 1.9458E-09 2.0043E-09 2.0624E-09 2.1211E-09 2.1805E-09 2.2404E-09 2.3007E-09 2.3613E-09 2.4221E-09 2.4831E-09 2.5442E-09 2.6051E-09 2.6659E-09 2.7264E-09 2.7871E-09 2.8466E-09 2.9054E-09 2.9634E-09
4.8461E-10 5.0323E-10 5.2316E-10 5.4317E-10 5.6391E-10 5.8538E-10 6.0761E-10 6.3061E-10 6.5441E-10 6.7903E-10 7.0448E-10 7.3153E-10 7.5874E-10 7.8684E-10 8.1585E-10 8.4656E-10 8.7747E-10 9.0933E-10 9.4216E-10 9.7762E-10 1.0126E-09 1.0485E-09 1.0856E-09 1.1255E-09 1.1655E-09 1.2060E-09 1.2476E-09 1.2903E-09 1.3360E-09 1.3817E-09 1.4278E-09 1.4751E-09 1.5235E-09 1.5730E-09 1.6234E-09 1.6774E-09 1.7300E-09 1.7836E-09 1.8381E-09 1.8934E-09 1.9496E-09 2.0064E-09 2.0640E-09 2.1228E-09 2.1821E-09 2.2419E-09 2.3019E-09 2.3617E-09 2.4216E-09 2.4816E-09 2.5415E-09 2.6012E-09 2.6608E-09 2.7199E-09 2.7785E-09 2.8364E-09 2.8936E-09
4.6713E-10 4.8515E-10 5.0382E-10 5.2381E-10 5.4388E-10 5.6534E-10 5.8689E-10 6.0987E-10 6.3298E-10 6.5689E-10 6.8231E-10 7.0789E-10 7.3432E-10 7.6162E-10 7.8982E-10 8.1892E-10 8.4894E-10 8.7990E-10 9.1181E-10 9.4469E-10 9.7859E-10 1.0160E-09 1.0530E-09 1.0902E-09 1.1285E-09 1.1696E-09 1.2109E-09 1.2526E-09 1.2954E-09 1.3393E-09 1.3842E-09 1.4328E-09 1.4801E-09 1.5284E-09 1.5778E-09 1.6281E-09 1.6796E-09 1.7318E-09 1.7869E-09 1.8416E-09 1.8966E-09 1.9523E-09 2.0086E-09 2.0656E-09 2.1230E-09 2.1810E-09 2.2392E-09 2.2978E-09 2.3565E-09 2.4159E-09 2.4748E-09 2.5334E-09 2.5925E-09 2.6506E-09 2.7082E-09 2.7652E-09 2.8214E-09
4.5152E-10 4.6900E-10 4.8712E-10 5.0590E-10 5.2536E-10 5.4551E-10 5.6638E-10 5.8800E-10 6.1036E-10 6.3350E-10 6.5816E-10 6.8294E-10 7.0855E-10 7.3575E-10 7.6311E-10 7.9134E-10 8.2048E-10 8.5054E-10 8.8231E-10 9.1506E-10 9.4806E-10 9.8204E-10 1.0178E-09 1.0565E-09 1.0938E-09 1.1322E-09 1.1716E-09 1.2139E-09 1.2563E-09 1.2991E-09 1.3430E-09 1.3880E-09 1.4340E-09 1.4823E-09 1.5317E-09 1.5809E-09 1.6311E-09 1.6822E-09 1.7342E-09 1.7870E-09 1.8406E-09 1.8956E-09 1.9513E-09 2.0075E-09 2.0643E-09 2.1209E-09 2.1780E-09 2.2353E-09 2.2928E-09 2.3504E-09 2.4080E-09 2.4655E-09 2.5228E-09 2.5798E-09 2.6363E-09 2.6923E-09 2.7475E-09
4.3373E-10 4.5058E-10 4.6867E-10 4.8743E-10 5.0625E-10 5.2639E-10 5.4661E-10 5.6755E-10 5.8989E-10 6.1234E-10 6.3557E-10 6.5959E-10 6.8442E-10 7.1008E-10 7.3658E-10 7.6395E-10 7.9220E-10 8.2135E-10 8.5140E-10 8.8238E-10 9.1429E-10 9.5048E-10 9.8456E-10 1.0197E-09 1.0566E-09 1.0963E-09 1.1348E-09 1.1743E-09 1.2148E-09 1.2564E-09 1.3015E-09 1.3453E-09 1.3902E-09 1.4361E-09 1.4830E-09 1.5309E-09 1.5804E-09 1.6320E-09 1.6827E-09 1.7342E-09 1.7865E-09 1.8396E-09 1.8933E-09 1.9476E-09 2.0024E-09 2.0577E-09 2.1134E-09 2.1700E-09 2.2268E-09 2.2831E-09 2.3395E-09 2.3958E-09 2.4519E-09 2.5076E-09 2.5630E-09 2.6178E-09 2.6720E-09
