Assets/Resources/2015_m01_d07_2000(utc+0800)_l00_csi_1hr_conc.grd
DSAA
         159         159
     -79.000      79.000
     -79.000      79.000
  0.0000E+00  0.4645E-04
[rows 50 to 74 of 159, columns 57 to 113 of 159]
1.5980E-08 1.8114E-08 2.0344E-08 2.2495E-08 2.4792E-08 2.7288E-08 2.9827E-08 3.1299E-08 3.1557E-08 3.0879E-08 2.9729E-08 2.8403E-08 2.7052E-08 2.5937E-08 2.4894E-08 2.3883E-08 2.2886E-08 2.1861E-08 2.0826E-08 1.9775E-08 1.8778E-08 1.7791E-08 1.6817E-08 1.5885E-08 1.5063E-08 1.5449E-08 1.4725E-08 1.4132E-08 1.2916E-08 1.1804E-08 1.0879E-08 1.0035E-08 9.3050E-09 8.5608E-09 8.0407E-09 7.5938E-09 7.1767E-09 6.7932E-09 6.4309E-09 6.1078E-09 5.8121E-09 5.4761E-09 5.2261E-09 5.0085E-09 4.6909E-09 4.5107E-09 4.3379E-09 4.1251E-09 3.9786E-09 3.8389E-09 3.7082E-09 3.5839E-09 3.4648E-09 3.3525E-09 3.2464E-09 3.1478E-09 3.0546E-09
1.6262E-08 1.8589E-08 2.0872E-08 2.2944E-08 2.5338E-08 2.7605E-08 3.0174E-08 3.1897E-08 3.2352E-08 3.1757E-08 3.0559E-08 2.9099E-08 2.7666E-08 2.6349E-08 2.5224E-08 2.4185E-08 2.3160E-08 2.2102E-08 2.1045E-08 1.9992E-08 1.8990E-08 1.8002E-08 1.7024E-08 1.6086E-08 1.5314E-08 1.6069E-08 1.5496E-08 1.4914E-08 1.3559E-08 1.2345E-08 1.1219E-08 1.0319E-08 9.5362E-09 8.7636E-09 8.0639E-09 7.6157E-09 7.1962E-09 6.8100E-09 6.4502E-09 6.1154E-09 5.8162E-09 5.4785E-09 5.2923E-09 5.0080E-09 4.6909E-09 4.5123E-09 4.3393E-09 4.1267E-09 3.9802E-09 3.8412E-09 3.7106E-09 3.5868E-09 3.4680E-09 3.3553E-09 3.2493E-09 3.1500E-09 3.0570E-09
1.6619E-08 1.8842E-08 2.1463E-08 2.3663E-08 2.5805E-08 2.7948E-08 3.0387E-08 3.2257E-08 3.2942E-08 3.2472E-08 3.1316E-08 2.9861E-08 2.8347E-08 2.6866E-08 2.5645E-08 2.4507E-08 2.3425E-08 2.2372E-08 2.1302E-08 2.0249E-08 1.9201E-08 1.8220E-08 1.7259E-08 1.6318E-08 1.6543E-08 1.6768E-08 1.6372E-08 1.5830E-08 1.4358E-08 1.2960E-08 1.1754E-08 1.0574E-08 9.7703E-09 9.0418E-09 8.3536E-09 7.6370E-09 7.2088E-09 6.8180E-09 6.4557E-09 6.1249E-09 6.0669E-09 5.6166E-09 5.2933E-09 5.0044E-09 4.6882E-09 4.5099E-09 4.3389E-09 4.1254E-09 3.9795E-09 3.8409E-09 3.7108E-09 3.5876E-09 3.4693E-09 3.3564E-09 3.2505E-09 3.1509E-09 3.0579E-09
1.6783E-08 1.9134E-08 2.1863E-08 2.4226E-08 2.6254E-08 2.8242E-08 3.0387E-08 3.2358E-08 3.3311E-08 3.3082E-08 3.2019E-08 3.0575E-08 2.8965E-08 2.7414E-08 2.6033E-08 2.4833E-08 2.3753E-08 2.2681E-08 2.1601E-08 2.0530E-08 1.9499E-08 1.8504E-08 1.7532E-08 1.6751E-08 1.7153E-08 1.7640E-08 1.8592E-08 1.6868E-08 1.5239E-08 1.3724E-08 1.2347E-08 1.1070E-08 1.0009E-08 9.2456E-09 8.5925E-09 7.9454E-09 7.2317E-09 6.8230E-09 6.6625E-09 6.5329E-09 6.0807E-09 5.6310E-09 5.2901E-09 4.9980E-09 4.6821E-09 4.5039E-09 4.3357E-09 4.1212E-09 3.9764E-09 3.8383E-09 3.7090E-09 3.5863E-09 3.4685E-09 3.3563E-09 3.2500E-09 3.1503E-09 3.0572E-09
1.6878E-08 1.9248E-08 2.2055E-08 2.4579E-08 2.6375E-08 2.8310E-08 3.0227E-08 3.2249E-08 3.3436E-08 3.3467E-08 3.2549E-08 3.1157E-08 2.9586E-08 2.8009E-08 2.6519E-08 2.5274E-08 2.4105E-08 2.2996E-08 2.1931E-08 2.0863E-08 1.9805E-08 1.8792E-08 1.7835E-08 1.7143E-08 1.8010E-08 2.0105E-08 2.0081E-08 1.8135E-08 1.6277E-08 1.4559E-08 1.3077E-08 1.1742E-08 1.0545E-08 9.4677E-09 8.7615E-09 8.1475E-09 7.5904E-09 7.7598E-09 7.1022E-09 6.5466E-09 6.0786E-09 5.6301E-09 5.2880E-09 4.9278E-09 4.6727E-09 4.4944E-09 4.3289E-09 4.1144E-09 3.9707E-09 3.8330E-09 3.7049E-09 3.5828E-09 3.4657E-09 3.3544E-09 3.2478E-09 3.1487E-09 3.0551E-09
1.6921E-08 1.9067E-08 2.1945E-08 2.4612E-08 2.6639E-08 2.8384E-08 3.0074E-08 3.1965E-08 3.3315E-08 3.3597E-08 3.2938E-08 3.1676E-08 3.0161E-08 2.8562E-08 2.7035E-08 2.5671E-08 2.4468E-08 2.3366E-08 2.2293E-08 2.1225E-08 2.0171E-08 1.9171E-08 1.8214E-08 1.7630E-08 2.1197E-08 2.1758E-08 2.1876E-08 1.9667E-08 1.7533E-08 1.5567E-08 1.3881E-08 1.2406E-08 1.1165E-08 1.0018E-08 8.9647E-09 9.1303E-09 8.9599E-09 8.0877E-09 7.1373E-09 6.5627E-09 6.0023E-09 5.6191E-09 5.2799E-09 4.9176E-09 4.6595E-09 4.4833E-09 4.3181E-09 4.1053E-09 3.9621E-09 3.8256E-09 3.6984E-09 3.5771E-09 3.4607E-09 3.3506E-09 3.2439E-09 3.1454E-09 3.0518E-09
1.6789E-08 1.8936E-08 2.1681E-08 2.4550E-08 2.6702E-08 2.8250E-08 2.9867E-08 3.1411E-08 3.2928E-08 3.3538E-08 3.3159E-08 3.2071E-08 3.0609E-08 2.9086E-08 2.7574E-08 2.6139E-08 2.4926E-08 2.3781E-08 2.2689E-08 2.1643E-08 2.0600E-08 1.9583E-08 1.8631E-08 2.1005E-08 2.3003E-08 2.3807E-08 2.4005E-08 2.1501E-08 1.9033E-08 1.6782E-08 1.4853E-08 1.3181E-08 1.1755E-08 1.0723E-08 1.1641E-08 1.0165E-08 9.1387E-09 8.2705E-09 7.3810E-09 6.5766E-09 6.0032E-09 5.6108E-09 5.2634E-09 4.9103E-09 4.6435E-09 4.4685E-09 4.3038E-09 4.0938E-09 3.9505E-09 3.8158E-09 3.6895E-09 3.5695E-09 3.4539E-09 3.3448E-09 3.2390E-09 3.1404E-09 3.0468E-09
1.6494E-08 1.8532E-08 2.1283E-08 2.4176E-08 2.6485E-08 2.7965E-08 2.9397E-08 3.0891E-08 3.2372E-08 3.3228E-08 3.3142E-08 3.2322E-08 3.1042E-08 2.9566E-08 2.8063E-08 2.6616E-08 2.5297E-08 2.4191E-08 2.3145E-08 2.2099E-08 2.1078E-08 2.0069E-08 1.9187E-08 2.2324E-08 2.4908E-08 2.9335E-08 2.6517E-08 2.3644E-08 2.0802E-08 1.8227E-08 1.6002E-08 1.4107E-08 1.5913E-08 1.3944E-08 1.2260E-08 1.0725E-08 9.3539E-09 8.4037E-09 7.5668E-09 6.7086E-09 5.9961E-09 5.6033E-09 5.2568E-09 4.8927E-09 4.6333E-09 4.4500E-09 4.2303E-09 4.0792E-09 3.9360E-09 3.8035E-09 3.6781E-09 3.5596E-09 3.4450E-09 3.3371E-09 3.2324E-09 3.1339E-09 3.0410E-09
1.5952E-08 1.8043E-08 2.0602E-08 2.3449E-08 2.5903E-08 2.7643E-08 2.8987E-08 3.0258E-08 3.1633E-08 3.2654E-08 3.2923E-08 3.2400E-08 3.1322E-08 2.9973E-08 2.8565E-08 2.7160E-08 2.5847E-08 2.4709E-08 2.3605E-08 2.2589E-08 2.1604E-08 2.0614E-08 2.0308E-08 2.3978E-08 2.7596E-08 3.2606E-08 2.9442E-08 2.6151E-08 2.2875E-08 1.9923E-08 1.9927E-08 1.9598E-08 1.6957E-08 1.4735E-08 1.2856E-08 1.1267E-08 9.7625E-09 8.5698E-09 7.6645E-09 6.9190E-09 6.0641E-09 5.5839E-09 5.2399E-09 4.8105E-09 4.6157E-09 4.4327E-09 4.2123E-09 4.0609E-09 3.9187E-09 3.7885E-09 3.6645E-09 3.5472E-09 3.4339E-09 3.3273E-09 3.2238E-09 3.1257E-09 3.0333E-09
1.5559E-08 1.7471E-08 1.9837E-08 2.2584E-08 2.5217E-08 2.7097E-08 2.8290E-08 2.9595E-08 3.0729E-08 3.1922E-08 3.2470E-08 3.2246E-08 3.1466E-08 3.0322E-08 2.9015E-08 2.7686E-08 2.6404E-08 2.5196E-08 2.4186E-08 2.3188E-08 2.2203E-08 2.1274E-08 2.1278E-08 3.0844E-08 3.4540E-08 3.6358E-08 3.2834E-08 2.9063E-08 2.5595E-08 2.8517E-08 2.4535E-08 2.1086E-08 1.8133E-08 1.5625E-08 1.3525E-08 1.1752E-08 1.0266E-08 8.8470E-09 7.7844E-09 7.0021E-09 6.2107E-09 5.5696E-09 5.1614E-09 4.7924E-09 4.5923E-09 4.4130E-09 4.1894E-09 4.0393E-09 3.8989E-09 3.7707E-09 3.6486E-09 3.5323E-09 3.4210E-09 3.3153E-09 3.2134E-09 3.1163E-09 3.0240E-09
1.5077E-08 1.6751E-08 1.8913E-08 2.1597E-08 2.4238E-08 2.6218E-08 2.7546E-08 2.8732E-08 2.9843E-08 3.1010E-08 3.1785E-08 3.1931E-08 3.1454E-08 3.0528E-08 2.9384E-08 2.8190E-08 2.6981E-08 2.5836E-08 2.4828E-08 2.3856E-08 2.2957E-08 2.2111E-08 2.3105E-08 3.4432E-08 3.8534E-08 4.1031E-08 3.6711E-08 4.1861E-08 3.6251E-08 3.1142E-08 2.6681E-08 2.2765E-08 1.9456E-08 1.6626E-08 1.4269E-08 1.2291E-08 1.0653E-08 9.2403E-09 7.9365E-09 7.0179E-09 6.3296E-09 5.6767E-09 5.1258E-09 4.7749E-09 4.5649E-09 4.3890E-09 4.1696E-09 4.0144E-09 3.8767E-09 3.7502E-09 3.6304E-09 3.5149E-09 3.4059E-09 3.3011E-09 3.2010E-09 3.1052E-09 3.0131E-09
1.4575E-08 1.5853E-08 1.7978E-08 2.0357E-08 2.2917E-08 2.5185E-08 2.6765E-08 2.7784E-08 2.8973E-08 2.9994E-08 3.0977E-08 3.1415E-08 3.1234E-08 3.0613E-08 2.9701E-08 2.8643E-08 2.7532E-08 2.6492E-08 2.5481E-08 2.4621E-08 2.3772E-08 2.3046E-08 3.1311E-08 3.7833E-08 4.9444E-08 4.7010E-08 5.2476E-08 4.6118E-08 3.9775E-08 3.4042E-08 2.9051E-08 2.4635E-08 2.0930E-08 1.7758E-08 1.5086E-08 1.2872E-08 1.1060E-08 9.5806E-09 8.2118E-09 7.0882E-09 6.3830E-09 5.7705E-09 5.0733E-09 4.7469E-09 4.5453E-09 4.3041E-09 4.1456E-09 3.9880E-09 3.8517E-09 3.7271E-09 3.6096E-09 3.4954E-09 3.3886E-09 3.2848E-09 3.1868E-09 3.0923E-09 3.0002E-09
1.4003E-08 1.5201E-08 1.7039E-08 1.9257E-08 2.1691E-08 2.4007E-08 2.5742E-08 2.6870E-08 2.7908E-08 2.8992E-08 3.0048E-08 3.0701E-08 3.0876E-08 3.0561E-08 2.9872E-08 2.9022E-08 2.8116E-08 2.7175E-08 2.6257E-08 2.5441E-08 2.4657E-08 2.5280E-08 3.4127E-08 4.1963E-08 7.0252E-08 6.4362E-08 5.7899E-08 5.0796E-08 4.3625E-08 3.7200E-08 3.1641E-08 2.6710E-08 2.2520E-08 1.8964E-08 1.5987E-08 1.3517E-08 1.1490E-08 9.8706E-09 8.5116E-09 7.1828E-09 6.4266E-09 5.8606E-09 5.0733E-09 4.7217E-09 4.5147E-09 4.2747E-09 4.1142E-09 3.9626E-09 3.8236E-09 3.7018E-09 3.5861E-09 3.4743E-09 3.3690E-09 3.2670E-09 3.1705E-09 3.0776E-09 2.9861E-09
1.3708E-08 1.4534E-08 1.6077E-08 1.7966E-08 2.0293E-08 2.2585E-08 2.4467E-08 2.5864E-08 2.6910E-08 2.7997E-08 2.8970E-08 2.9887E-08 3.0350E-08 3.0331E-08 2.9963E-08 2.9380E-08 2.8633E-08 2.7824E-08 2.7029E-08 2.6323E-08 2.5769E-08 2.6872E-08 5.6615E-08 7.3541E-08 7.7116E-08 7.0830E-08 6.3800E-08 5.5880E-08 4.7795E-08 4.0642E-08 3.4416E-08 2.8918E-08 2.4197E-08 2.0236E-08 1.6920E-08 1.4187E-08 1.1965E-08 1.0169E-08 8.7045E-09 7.3500E-09 6.4698E-09 5.8529E-09 5.1149E-09 4.6880E-09 4.4799E-09 4.2482E-09 4.0821E-09 3.9334E-09 3.7923E-09 3.6737E-09 3.5598E-09 3.4508E-09 3.3472E-09 3.2473E-09 3.1524E-09 3.0611E-09 2.9707E-09
1.3333E-08 1.3857E-08 1.5107E-08 1.6919E-08 1.8986E-08 2.1175E-08 2.3194E-08 2.4743E-08 2.5814E-08 2.6863E-08 2.7943E-08 2.8974E-08 2.9660E-08 2.9979E-08 2.9945E-08 2.9581E-08 2.9073E-08 2.8478E-08 2.7915E-08 2.7365E-08 2.8116E-08 5.0662E-08 7.1680E-08 8.0293E-08 8.4422E-08 7.7810E-08 7.0223E-08 6.1414E-08 5.2102E-08 4.4309E-08 3.7338E-08 3.1230E-08 2.5975E-08 2.1534E-08 1.7868E-08 1.4863E-08 1.2441E-08 1.0502E-08 8.9235E-09 7.5516E-09 6.5655E-09 5.8816E-09 5.1884E-09 4.7354E-09 4.3902E-09 4.2118E-09 4.0472E-09 3.8994E-09 3.7597E-09 3.6428E-09 3.5307E-09 3.4250E-09 3.3229E-09 3.2255E-09 3.1323E-09 3.0425E-09 2.9540E-09
1.2882E-08 1.3376E-08 1.4366E-08 1.5876E-08 1.7685E-08 1.9795E-08 2.1805E-08 2.3411E-08 2.4745E-08 2.5823E-08 2.6932E-08 2.7933E-08 2.8886E-08 2.9495E-08 2.9741E-08 2.9698E-08 2.9469E-08 2.9138E-08 2.8790E-08 5.3704E-08 5.2279E-08 6.6587E-08 7.7155E-08 8.8162E-08 9.6292E-08 8.5215E-08 7.7203E-08 6.7253E-08 5.6661E-08 4.8138E-08 4.0370E-08 3.3609E-08 2.7779E-08 2.2888E-08 1.8809E-08 1.5543E-08 1.2916E-08 1.0853E-08 9.1564E-09 7.7556E-09 6.7149E-09 5.8461E-09 5.2383E-09 4.7608E-09 4.3504E-09 4.1703E-09 4.0144E-09 3.8614E-09 3.7274E-09 3.6091E-09 3.4999E-09 3.3968E-09 3.2965E-09 3.2016E-09 3.1104E-09 3.0217E-09 2.9356E-09
1.2362E-08 1.2944E-08 1.3688E-08 1.4838E-08 1.6532E-08 1.8389E-08 2.0333E-08 2.2139E-08 2.3604E-08 2.4749E-08 2.5798E-08 2.6936E-08 2.7999E-08 2.8868E-08 2.9419E-08 2.9692E-08 2.9778E-08 3.1758E-08 5.6894E-08 5.5737E-08 5.6553E-08 7.0904E-08 8.3107E-08 1.0602E-07 1.0004E-07 9.3098E-08 8.4799E-08 7.3204E-08 6.1357E-08 5.2024E-08 4.3474E-08 3.5986E-08 2.9565E-08 2.4200E-08 1.9789E-08 1.6215E-08 1.3406E-08 1.1128E-08 9.4146E-09 7.9143E-09 6.7525E-09 5.8600E-09 5.2370E-09 4.7446E-09 4.3033E-09 4.1263E-09 3.9748E-09 3.8208E-09 3.6911E-09 3.5725E-09 3.4669E-09 3.3661E-09 3.2684E-09 3.1756E-09 3.0866E-09 2.9987E-09 2.9155E-09
1.1787E-08 1.2443E-08 1.3025E-08 1.4077E-08 1.5493E-08 1.7104E-08 1.8994E-08 2.0791E-08 2.2288E-08 2.3606E-08 2.4693E-08 2.5946E-08 2.7038E-08 2.8143E-08 2.8972E-08 2.9611E-08 5.9498E-08 5.9128E-08 5.8425E-08 5.7609E-08 5.9212E-08 7.6210E-08 1.0519E-07 1.1402E-07 1.0819E-07 1.0143E-07 9.2603E-08 7.9617E-08 6.6202E-08 5.5930E-08 4.6520E-08 3.8288E-08 3.1294E-08 2.5459E-08 2.0726E-08 1.6895E-08 1.3868E-08 1.1449E-08 9.6204E-09 8.0461E-09 6.7722E-09 5.8926E-09 5.2216E-09 4.6999E-09 4.2977E-09 4.0810E-09 3.9281E-09 3.7770E-09 3.6505E-09 3.5334E-09 3.4313E-09 3.3328E-09 3.2384E-09 3.1477E-09 3.0609E-09 2.9745E-09 2.8937E-09
1.1171E-08 1.1884E-08 1.2533E-08 1.3365E-08 1.4442E-08 1.5977E-08 1.7641E-08 1.9384E-08 2.1044E-08 2.2463E-08 2.3634E-08 2.4834E-08 2.6114E-08 2.7334E-08 4.6424E-08 5.9725E-08 6.0070E-08 6.0005E-08 5.9695E-08 5.9310E-08 6.2139E-08 9.2811E-08 1.1202E-07 1.2183E-07 1.1642E-07 1.1022E-07 1.0105E-07 8.5921E-08 7.0959E-08 5.9672E-08 4.9422E-08 4.0480E-08 3.2918E-08 2.6664E-08 2.1583E-08 1.7513E-08 1.4199E-08 1.1710E-08 9.7767E-09 8.0806E-09 6.8504E-09 5.9400E-09 5.1943E-09 4.6999E-09 4.2871E-09 4.0296E-09 3.8777E-09 3.7358E-09 3.6061E-09 3.4924E-09 3.3932E-09 3.2973E-09 3.2060E-09 3.1179E-09 3.0327E-09 2.9491E-09 2.8702E-09
1.0527E-08 1.1277E-08 1.1981E-08 1.2644E-08 1.3667E-08 1.4965E-08 1.6410E-08 1.8104E-08 1.9743E-08 2.1180E-08 2.2542E-08 2.3763E-08 2.6801E-08 5.6925E-08 5.8478E-08 5.9529E-08 6.0173E-08 6.0473E-08 6.0562E-08 6.0762E-08 8.2807E-08 9.9789E-08 1.1886E-07 1.4013E-07 1.2449E-07 1.1945E-07 1.1052E-07 9.2318E-08 7.5370E-08 6.3141E-08 5.2038E-08 4.2445E-08 3.4358E-08 2.7693E-08 2.2295E-08 1.7988E-08 1.4525E-08 1.1892E-08 9.8758E-09 8.0709E-09 6.8836E-09 5.9485E-09 5.0984E-09 4.6758E-09 4.2584E-09 3.9732E-09 3.8239E-09 3.6895E-09 3.5592E-09 3.4509E-09 3.3526E-09 3.2601E-09 3.1715E-09 3.0863E-09 3.0017E-09 2.9220E-09 2.8450E-09
9.8699E-09 1.0633E-08 1.1375E-08 1.2073E-08 1.2919E-08 1.3933E-08 1.5313E-08 1.6812E-08 1.8396E-08 1.9972E-08 2.1430E-08 5.1936E-08 5.4046E-08 5.5925E-08 5.7557E-08 5.8854E-08 5.9775E-08 6.0426E-08 6.0972E-08 6.1836E-08 8.5373E-08 1.0391E-07 1.3858E-07 1.4275E-07 1.3206E-07 1.2903E-07 1.2161E-07 9.9623E-08 7.9130E-08 6.6061E-08 5.4250E-08 4.4038E-08 3.5479E-08 2.8453E-08 2.2788E-08 1.8228E-08 1.4717E-08 1.1977E-08 9.8412E-09 8.0725E-09 6.8884E-09 5.9206E-09 5.0439E-09 4.6324E-09 4.2171E-09 3.9117E-09 3.7669E-09 3.6382E-09 3.5093E-09 3.4063E-09 3.3097E-09 3.2207E-09 3.1348E-09 3.0526E-09 2.9700E-09 2.8931E-09 2.8180E-09
9.2128E-09 9.9650E-09 1.0722E-08 1.1444E-08 1.2146E-08 1.3124E-08 1.4305E-08 1.5625E-08 1.7128E-08 2.0694E-08 4.8028E-08 5.0459E-08 5.2542E-08 5.4546E-08 5.6196E-08 5.7660E-08 5.8825E-08 5.9731E-08 6.0621E-08 6.4675E-08 8.7458E-08 1.0947E-07 1.4285E-07 1.4088E-07 1.3852E-07 1.3951E-07 1.3747E-07 1.0854E-07 8.1907E-08 6.8134E-08 5.5740E-08 4.5045E-08 3.6128E-08 2.8857E-08 2.3014E-08 1.8337E-08 1.4752E-08 1.1957E-08 9.7316E-09 8.0194E-09 6.8432E-09 5.7975E-09 4.9737E-09 4.5704E-09 4.1617E-09 3.8459E-09 3.7056E-09 3.5823E-09 3.4574E-09 3.3584E-09 3.2644E-09 3.1790E-09 3.0966E-09 3.0159E-09 2.9371E-09 2.8624E-09 2.7896E-09
8.5674E-09 9.2861E-09 1.0036E-08 1.0768E-08 1.1486E-08 1.2324E-08 1.3287E-08 1.4577E-08 4.0645E-08 4.3457E-08 4.6130E-08 4.8583E-08 5.0649E-08 5.2639E-08 5.4379E-08 5.5872E-08 5.7128E-08 5.8255E-08 5.9514E-08 6.4563E-08 1.0232E-07 1.2906E-07 1.4502E-07 1.4399E-07 1.4326E-07 1.5344E-07 1.7175E-07 1.2156E-07 8.3210E-08 6.9004E-08 5.6279E-08 4.5339E-08 3.6239E-08 2.8838E-08 2.2869E-08 1.8226E-08 1.4620E-08 1.1768E-08 9.5857E-09 7.9083E-09 6.7442E-09 5.6729E-09 4.8872E-09 4.4903E-09 4.0920E-09 3.7754E-09 3.6404E-09 3.5223E-09 3.4026E-09 3.3081E-09 3.2174E-09 3.1351E-09 3.0562E-09 2.9768E-09 2.9024E-09 2.8299E-09 2.7591E-09
7.8952E-09 8.6074E-09 9.3306E-09 1.0054E-08 1.0779E-08 1.1503E-08 2.4771E-08 3.5947E-08 3.8521E-08 4.1201E-08 4.3800E-08 4.6248E-08 4.8401E-08 5.0318E-08 5.1987E-08 5.3411E-08 5.4748E-08 5.6028E-08 5.7619E-08 6.5757E-08 1.0410E-07 1.2868E-07 1.5492E-07 1.4450E-07 1.4571E-07 1.8175E-07 3.6635E-07 5.0595E-07 2.0418E-07 6.8452E-08 5.5700E-08 4.4786E-08 3.5713E-08 2.8299E-08 2.2463E-08 1.7879E-08 1.4260E-08 1.1460E-08 9.3349E-09 7.7392E-09 6.5371E-09 5.5105E-09 4.7835E-09 4.3912E-09 4.0072E-09 3.7009E-09 3.5718E-09 3.4595E-09 3.3451E-09 3.2544E-09 3.1681E-09 3.0895E-09 3.0134E-09 2.9373E-09 2.8659E-09 2.7957E-09 2.7267E-09
7.2692E-09 7.9375E-09 8.6180E-09 9.3211E-09 1.0934E-08 2.9179E-08 3.1412E-08 3.3785E-08 3.6282E-08 3.8788E-08 4.1245E-08 4.3623E-08 4.5648E-08 4.7410E-08 4.8996E-08 5.0390E-08 5.1683E-08 5.3094E-08 5.4949E-08 8.0438E-08 1.0135E-07 1.4058E-07 1.6402E-07 1.4208E-07 1.4542E-07 2.5385E-07 1.4329E-06 3.3802E-06 2.2245E-06 3.3287E-07 5.3967E-08 4.3365E-08 3.4568E-08 2.7369E-08 2.1716E-08 1.7297E-08 1.3740E-08 1.1090E-08 8.9850E-09 7.5123E-09 6.3365E-09 5.3028E-09 4.6623E-09 4.2754E-09 3.9079E-09 3.6230E-09 3.4987E-09 3.3927E-09 3.2851E-09 3.1989E-09 3.1165E-09 3.0421E-09 2.9671E-09 2.8963E-09 2.8276E-09 2.7600E-09 2.6935E-09
