Assets/Resources/2015_m01_d15_1600(utc+0800)_l00_csi_1hr_conc.grd
DSAA
         159         159
     -79.000      79.000
     -79.000      79.000
  0.0000E+00  0.7617E-05
[rows 125 to 149 of 159, columns 57 to 113 of 159]
6.2748E-10 6.3048E-10 6.3316E-10 6.3474E-10 6.3511E-10 6.3426E-10 6.3311E-10 6.3071E-10 6.2900E-10 6.2698E-10 6.2658E-10 6.2686E-10 6.2538E-10 6.2454E-10 6.2307E-10 6.2095E-10 6.1861E-10 6.1712E-10 6.1518E-10 6.1262E-10 6.0968E-10 6.0636E-10 6.0249E-10 5.9851E-10 5.9418E-10 5.8950E-10 5.8399E-10 5.7866E-10 5.7277E-10 5.6569E-10 5.5543E-10 5.4903E-10 5.4239E-10 5.3520E-10 5.2806E-10 5.2064E-10 5.1301E-10 5.0504E-10 4.9708E-10 4.8815E-10 4.7807E-10 4.6880E-10 4.5959E-10 4.5134E-10 4.4305E-10 4.3359E-10 4.2428E-10 4.1487E-10 4.0438E-10 3.9575E-10 3.8724E-10 3.7884E-10 3.6853E-10 3.5953E-10 3.5068E-10 3.4179E-10 3.3393E-10
5.8333E-10 5.8507E-10 5.8485E-10 5.8437E-10 5.8311E-10 5.8306E-10 5.8181E-10 5.8190E-10 5.8123E-10 5.8053E-10 5.8050E-10 5.8011E-10 5.7935E-10 5.7823E-10 5.7747E-10 5.7535E-10 5.7261E-10 5.6967E-10 5.6656E-10 5.6392E-10 5.5966E-10 5.5631E-10 5.5216E-10 5.4812E-10 5.4380E-10 5.3894E-10 5.3405E-10 5.2887E-10 5.2343E-10 5.1776E-10 5.1161E-10 5.0550E-10 4.9912E-10 4.9254E-10 4.8488E-10 4.7598E-10 4.6792E-10 4.5957E-10 4.5248E-10 4.4496E-10 4.3748E-10 4.2997E-10 4.2150E-10 4.1209E-10 4.0340E-10 3.9480E-10 3.8718E-10 3.7931E-10 3.7158E-10 3.6293E-10 3.5421E-10 3.4484E-10 3.3657E-10 3.2931E-10 3.2125E-10 3.1340E-10 3.0544E-10
5.3534E-10 5.3511E-10 5.3466E-10 5.3575E-10 5.3659E-10 5.3715E-10 5.3803E-10 5.3862E-10 5.3847E-10 5.3776E-10 5.3741E-10 5.3768E-10 5.3758E-10 5.3600E-10 5.3406E-10 5.3152E-10 5.2885E-10 5.2557E-10 5.2222E-10 5.1825E-10 5.1536E-10 5.1093E-10 5.0592E-10 5.0193E-10 4.9667E-10 4.9233E-10 4.8731E-10 4.8228E-10 4.7708E-10 4.7166E-10 4.6629E-10 4.6044E-10 4.5451E-10 4.4841E-10 4.4209E-10 4.3566E-10 4.2907E-10 4.2140E-10 4.1368E-10 4.0488E-10 3.9711E-10 3.9030E-10 3.8330E-10 3.7643E-10 3.6946E-10 3.6252E-10 3.5448E-10 3.4561E-10 3.3766E-10 3.2959E-10 3.2282E-10 3.1604E-10 3.0867E-10 3.0142E-10 2.9305E-10 2.8580E-10 2.7858E-10
4.9220E-10 4.9343E-10 4.9491E-10 4.9623E-10 4.9730E-10 4.9810E-10 4.9751E-10 4.9778E-10 4.9865E-10 4.9922E-10 4.9814E-10 4.9674E-10 4.9526E-10 4.9369E-10 4.9179E-10 4.8938E-10 4.8639E-10 4.8306E-10 4.7985E-10 4.7729E-10 4.7345E-10 4.7004E-10 4.6610E-10 4.6108E-10 4.5578E-10 4.5259E-10 4.4800E-10 4.4325E-10 4.3830E-10 4.3303E-10 4.2789E-10 4.1869E-10 4.1314E-10 4.0726E-10 4.0136E-10 3.9534E-10 3.8932E-10 3.8321E-10 3.7682E-10 3.7054E-10 3.6425E-10 3.5792E-10 3.5075E-10 3.4352E-10 3.3519E-10 3.2792E-10 3.2159E-10 3.1527E-10 3.0866E-10 3.0157E-10 2.9463E-10 2.8679E-10 2.8001E-10 2.7359E-10 2.6704E-10 2.6048E-10 2.5304E-10
4.5536E-10 4.5678E-10 4.5714E-10 4.5810E-10 4.5969E-10 4.6103E-10 4.6186E-10 4.6087E-10 4.6056E-10 4.5996E-10 4.5910E-10 4.5795E-10 4.5744E-10 4.5576E-10 4.5376E-10 4.5100E-10 4.4791E-10 4.4474E-10 4.4158E-10 4.3810E-10 4.3429E-10 4.3015E-10 4.2548E-10 4.2167E-10 4.1747E-10 4.1333E-10 4.0901E-10 4.0457E-10 3.9983E-10 3.9483E-10 3.8979E-10 3.8461E-10 3.7943E-10 3.7394E-10 3.6841E-10 3.6276E-10 3.5689E-10 3.5035E-10 3.4267E-10 3.3601E-10 3.2918E-10 3.2348E-10 3.1778E-10 3.1203E-10 3.0630E-10 3.0052E-10 2.9288E-10 2.8625E-10 2.7954E-10 2.7301E-10 2.6689E-10 2.6090E-10 2.5377E-10 2.4790E-10 2.4281E-10 2.3579E-10 2.2989E-10
4.2082E-10 4.2270E-10 4.2437E-10 4.2557E-10 4.2573E-10 4.2588E-10 4.2581E-10 4.2550E-10 4.2494E-10 4.2503E-10 4.2399E-10 4.2269E-10 4.2112E-10 4.1927E-10 4.1715E-10 4.1467E-10 4.1177E-10 4.0858E-10 4.0536E-10 4.0184E-10 3.9901E-10 3.9498E-10 3.9066E-10 3.8594E-10 3.8101E-10 3.7575E-10 3.7148E-10 3.6720E-10 3.6278E-10 3.5813E-10 3.5331E-10 3.4845E-10 3.4329E-10 3.3832E-10 3.3327E-10 3.2784E-10 3.2261E-10 3.1730E-10 3.1201E-10 3.0674E-10 3.0144E-10 2.9534E-10 2.8921E-10 2.8205E-10 2.7593E-10 2.7075E-10 2.6446E-10 2.5851E-10 2.5269E-10 2.4589E-10 2.4108E-10 2.3574E-10 2.3028E-10 2.2488E-10 2.1967E-10 2.1414E-10 2.0940E-10
3.9227E-10 3.9285E-10 3.9337E-10 3.9370E-10 3.9368E-10 3.9359E-10 3.9413E-10 3.9360E-10 3.9285E-10 3.9186E-10 3.9065E-10 3.8918E-10 3.8752E-10 3.8560E-10 3.8342E-10 3.8098E-10 3.7828E-10 3.7612E-10 3.7266E-10 3.6892E-10 3.6520E-10 3.6120E-10 3.5695E-10 3.5348E-10 3.4979E-10 3.4566E-10 3.4057E-10 3.3727E-10 3.3198E-10 3.2765E-10 3.2324E-10 3.1956E-10 3.1464E-10 3.0983E-10 3.0399E-10 2.9565E-10 2.9078E-10 2.8576E-10 2.8094E-10 2.7615E-10 2.7140E-10 2.6579E-10 2.6019E-10 2.5357E-10 2.4784E-10 2.4324E-10 2.3865E-10 2.3309E-10 2.2787E-10 2.2261E-10 2.1658E-10 2.1247E-10 2.0862E-10 2.0459E-10 2.0046E-10 1.9403E-10 1.8828E-10
3.6250E-10 3.6295E-10 3.6401E-10 3.6488E-10 3.6476E-10 3.6444E-10 3.6379E-10 3.6280E-10 3.6187E-10 3.6075E-10 3.5941E-10 3.5785E-10 3.5694E-10 3.5494E-10 3.5269E-10 3.5108E-10 3.4839E-10 3.4545E-10 3.4227E-10 3.3870E-10 3.3475E-10 3.3064E-10 3.2658E-10 3.2232E-10 3.1700E-10 3.1153E-10 3.0850E-10 3.0358E-10 2.9839E-10 2.9321E-10 2.8904E-10 2.8477E-10 2.7947E-10 2.7498E-10 2.7031E-10 2.6581E-10 2.6147E-10 2.5704E-10 2.5250E-10 2.4812E-10 2.4381E-10 2.3935E-10 2.3427E-10 2.2831E-10 2.2211E-10 2.1794E-10 2.1362E-10 2.0946E-10 2.0566E-10 2.0199E-10 1.9801E-10 1.9336E-10 1.8876E-10 1.8266E-10 1.7771E-10 1.7419E-10 1.7036E-10
3.3602E-10 3.3621E-10 3.3622E-10 3.3606E-10 3.3573E-10 3.3604E-10 3.3535E-10 3.3448E-10 3.3341E-10 3.3202E-10 3.3014E-10 3.2934E-10 3.2832E-10 3.2625E-10 3.2397E-10 3.2146E-10 3.1873E-10 3.1579E-10 3.1267E-10 3.0933E-10 3.0577E-10 3.0262E-10 2.9773E-10 2.9254E-10 2.8839E-10 2.8407E-10 2.7880E-10 2.7431E-10 2.6940E-10 2.6452E-10 2.5954E-10 2.5540E-10 2.5134E-10 2.4712E-10 2.4282E-10 2.3864E-10 2.3449E-10 2.3042E-10 2.2639E-10 2.2245E-10 2.1837E-10 2.1443E-10 2.1053E-10 2.0643E-10 2.0240E-10 1.9861E-10 1.9373E-10 1.8880E-10 1.8275E-10 1.7834E-10 1.7535E-10 1.7200E-10 1.6908E-10 1.6607E-10 1.6274E-10 1.5930E-10 1.5579E-10
3.0945E-10 3.1035E-10 3.1094E-10 3.1060E-10 3.1010E-10 3.0944E-10 3.0860E-10 3.0759E-10 3.0722E-10 3.0665E-10 3.0510E-10 3.0335E-10 3.0128E-10 2.9860E-10 2.9627E-10 2.9460E-10 2.9192E-10 2.8904E-10 2.8596E-10 2.8187E-10 2.7760E-10 2.7405E-10 2.7107E-10 2.6627E-10 2.6121E-10 2.5705E-10 2.5376E-10 2.4949E-10 2.4511E-10 2.4122E-10 2.3608E-10 2.3203E-10 2.2823E-10 2.2298E-10 2.1907E-10 2.1517E-10 2.1124E-10 2.0744E-10 2.0369E-10 1.9628E-10 1.9266E-10 1.8892E-10 1.8543E-10 1.8177E-10 1.7817E-10 1.7486E-10 1.7174E-10 1.6877E-10 1.6572E-10 1.6277E-10 1.6012E-10 1.5731E-10 1.5466E-10 1.5190E-10 1.4773E-10 1.4230E-10 1.3819E-10
2.8614E-10 2.8593E-10 2.8558E-10 2.8507E-10 2.8520E-10 2.8515E-10 2.8495E-10 2.8381E-10 2.8252E-10 2.8106E-10 2.7943E-10 2.7762E-10 2.7645E-10 2.7432E-10 2.7201E-10 2.6881E-10 2.6614E-10 2.6251E-10 2.5957E-10 2.5645E-10 2.5318E-10 2.4897E-10 2.4549E-10 2.4175E-10 2.3775E-10 2.3377E-10 2.2936E-10 2.2499E-10 2.2050E-10 2.1574E-10 2.1077E-10 2.0718E-10 2.0353E-10 2.0004E-10 1.9615E-10 1.9253E-10 1.8898E-10 1.8527E-10 1.8188E-10 1.7852E-10 1.7524E-10 1.7179E-10 1.6860E-10 1.6547E-10 1.6220E-10 1.5928E-10 1.5630E-10 1.5368E-10 1.5099E-10 1.4859E-10 1.4397E-10 1.4032E-10 1.3534E-10 1.3300E-10 1.3039E-10 1.2769E-10 1.2509E-10
2.6345E-10 2.6380E-10 2.6401E-10 2.6335E-10 2.6255E-10 2.6161E-10 2.6052E-10 2.5929E-10 2.5868E-10 2.5792E-10 2.5625E-10 2.5442E-10 2.5242E-10 2.5027E-10 2.4721E-10 2.4480E-10 2.4151E-10 2.3878E-10 2.3513E-10 2.3216E-10 2.2905E-10 2.2581E-10 2.2246E-10 2.1853E-10 2.1451E-10 2.1026E-10 2.0729E-10 2.0316E-10 1.9893E-10 1.9562E-10 1.9204E-10 1.8860E-10 1.8513E-10 1.8168E-10 1.7825E-10 1.7494E-10 1.7147E-10 1.6849E-10 1.6516E-10 1.6209E-10 1.5909E-10 1.5592E-10 1.5303E-10 1.4904E-10 1.4272E-10 1.3877E-10 1.3645E-10 1.3428E-10 1.3202E-10 1.2983E-10 1.2792E-10 1.2576E-10 1.2352E-10 1.2137E-10 1.1896E-10 1.1539E-10 1.1081E-10
2.4279E-10 2.4226E-10 2.4161E-10 2.4068E-10 2.4066E-10 2.4035E-10 2.3991E-10 2.3787E-10 2.3643E-10 2.3485E-10 2.3312E-10 2.3132E-10 2.2937E-10 2.2727E-10 2.2502E-10 2.2147E-10 2.1870E-10 2.1607E-10 2.1331E-10 2.1042E-10 2.0820E-10 2.0477E-10 2.0127E-10 1.9748E-10 1.9341E-10 1.8926E-10 1.8664E-10 1.8392E-10 1.7995E-10 1.7549E-10 1.7115E-10 1.6654E-10 1.6235E-10 1.5922E-10 1.5611E-10 1.5304E-10 1.4982E-10 1.4713E-10 1.4428E-10 1.4132E-10 1.3862E-10 1.3596E-10 1.3341E-10 1.3071E-10 1.2839E-10 1.2604E-10 1.2404E-10 1.2218E-10 1.2023E-10 1.1833E-10 1.1550E-10 1.1243E-10 1.0811E-10 1.0506E-10 1.0296E-10 1.0080E-10 9.8775E-11
2.2279E-10 2.2265E-10 2.2237E-10 2.2169E-10 2.2049E-10 2.1937E-10 2.1740E-10 2.1628E-10 2.1483E-10 2.1326E-10 2.1155E-10 2.0972E-10 2.0759E-10 2.0534E-10 2.0276E-10 2.0045E-10 1.9801E-10 1.9620E-10 1.9319E-10 1.9009E-10 1.8689E-10 1.8362E-10 1.8009E-10 1.7744E-10 1.7470E-10 1.7117E-10 1.6758E-10 1.6506E-10 1.6114E-10 1.5713E-10 1.5285E-10 1.4996E-10 1.4724E-10 1.4432E-10 1.4024E-10 1.3743E-10 1.3448E-10 1.3203E-10 1.2943E-10 1.2692E-10 1.2545E-10 1.2185E-10 1.1959E-10 1.1267E-10 1.1073E-10 1.0877E-10 1.0714E-10 1.0560E-10 1.0376E-10 1.0234E-10 1.0087E-10 9.9131E-11 9.7324E-11 9.5639E-11 9.2644E-11 8.9602E-11 8.5580E-11
2.0446E-10 2.0263E-10 2.0158E-10 2.0111E-10 1.9918E-10 1.9823E-10 1.9696E-10 1.9559E-10 1.9481E-10 1.9235E-10 1.9066E-10 1.8886E-10 1.8694E-10 1.8563E-10 1.8420E-10 1.8160E-10 1.7890E-10 1.7610E-10 1.7321E-10 1.7024E-10 1.6831E-10 1.6610E-10 1.6318E-10 1.5997E-10 1.5672E-10 1.5340E-10 1.5002E-10 1.4658E-10 1.4402E-10 1.4011E-10 1.3614E-10 1.3257E-10 1.2896E-10 1.2538E-10 1.2260E-10 1.2005E-10 1.1733E-10 1.1510E-10 1.1280E-10 1.1038E-10 1.0821E-10 1.0594E-10 1.0396E-10 1.0214E-10 1.0047E-10 9.8744E-11 9.7140E-11 9.5810E-11 9.4347E-11 9.0928E-11 8.6215E-11 8.4507E-11 8.3128E-11 8.1690E-11 8.0009E-11 7.8279E-11 7.6697E-11
1.8565E-10 1.8446E-10 1.8337E-10 1.8217E-10 1.8154E-10 1.8015E-10 1.7888E-10 1.7682E-10 1.7533E-10 1.7443E-10 1.7343E-10 1.7231E-10 1.7009E-10 1.6673E-10 1.6429E-10 1.6177E-10 1.6023E-10 1.5860E-10 1.5688E-10 1.5508E-10 1.5132E-10 1.4816E-10 1.4517E-10 1.4215E-10 1.3907E-10 1.3707E-10 1.3394E-10 1.3075E-10 1.2708E-10 1.2472E-10 1.2099E-10 1.1660E-10 1.1335E-10 1.1102E-10 1.0759E-10 1.0401E-10 1.0064E-10 9.8490E-11 9.6388E-11 9.4166E-11 9.2227E-11 9.0389E-11 8.8679E-11 8.6936E-11 8.5535E-11 8.4100E-11 8.2936E-11 8.1843E-11 8.0591E-11 7.9491E-11 7.8136E-11 7.6727E-11 7.4950E-11 7.2588E-11 7.0149E-11 6.8404E-11 6.7007E-11
1.6947E-10 1.6760E-10 1.6627E-10 1.6505E-10 1.6372E-10 1.6295E-10 1.6208E-10 1.6132E-10 1.5950E-10 1.5737E-10 1.5537E-10 1.5351E-10 1.5133E-10 1.5009E-10 1.4875E-10 1.4731E-10 1.4578E-10 1.4316E-10 1.4027E-10 1.3692E-10 1.3417E-10 1.3139E-10 1.2966E-10 1.2787E-10 1.2503E-10 1.2213E-10 1.1920E-10 1.1586E-10 1.1248E-10 1.0933E-10 1.0635E-10 1.0335E-10 1.0015E-10 9.6771E-11 9.4017E-11 9.2163E-11 8.9618E-11 8.7108E-11 8.4467E-11 8.2641E-11 8.0901E-11 7.9273E-11 7.7294E-11 7.5789E-11 7.4617E-11 7.3548E-11 7.2567E-11 7.1448E-11 7.0522E-11 6.9347E-11 6.8311E-11 6.7224E-11 6.5909E-11 6.4738E-11 6.3525E-11 6.2079E-11 6.0798E-11
1.5325E-10 1.5280E-10 1.5204E-10 1.5119E-10 1.4953E-10 1.4761E-10 1.4559E-10 1.4274E-10 1.4174E-10 1.4065E-10 1.3983E-10 1.3874E-10 1.3756E-10 1.3612E-10 1.3381E-10 1.3142E-10 1.2898E-10 1.2649E-10 1.2395E-10 1.2242E-10 1.2085E-10 1.1825E-10 1.1562E-10 1.1297E-10 1.1029E-10 1.0664E-10 1.0395E-10 1.0122E-10 9.9525E-11 9.6777E-11 9.4010E-11 9.0373E-11 8.7807E-11 8.5420E-11 8.3221E-11 8.0838E-11 7.9049E-11 7.7099E-11 7.5388E-11 7.3946E-11 7.2223E-11 7.0821E-11 6.9561E-11 6.8434E-11 6.7449E-11 6.6350E-11 6.5512E-11 6.4688E-11 6.3833E-11 6.2929E-11 6.1778E-11 6.0293E-11 5.7755E-11 5.6187E-11 5.5111E-11 5.4001E-11 5.2667E-11
1.3909E-10 1.3789E-10 1.3624E-10 1.3451E-10 1.3379E-10 1.3284E-10 1.3180E-10 1.3067E-10 1.2963E-10 1.2832E-10 1.2711E-10 1.2395E-10 1.2183E-10 1.1966E-10 1.1742E-10 1.1612E-10 1.1477E-10 1.1337E-10 1.1097E-10 1.0837E-10 1.0576E-10 1.0332E-10 1.0085E-10 9.9393E-11 9.6929E-11 9.4442E-11 9.1925E-11 8.9393E-11 8.6840E-11 8.4289E-11 8.1901E-11 7.9883E-11 7.7864E-11 7.5838E-11 7.3676E-11 7.1337E-11 6.9208E-11 6.7114E-11 6.5270E-11 6.3842E-11 6.2305E-11 6.1102E-11 6.0040E-11 5.9297E-11 5.8454E-11 5.7688E-11 5.6772E-11 5.6035E-11 5.5457E-11 5.4644E-11 5.3791E-11 5.2699E-11 5.1768E-11 5.0814E-11 4.9828E-11 4.8607E-11 4.7559E-11
1.2561E-10 1.2490E-10 1.2432E-10 1.2349E-10 1.2258E-10 1.2159E-10 1.2070E-10 1.1865E-10 1.1654E-10 1.1342E-10 1.1115E-10 1.0995E-10 1.0886E-10 1.0752E-10 1.0610E-10 1.0371E-10 1.0168E-10 9.9431E-11 9.7169E-11 9.4897E-11 9.3594E-11 9.1333E-11 8.9056E-11 8.6766E-11 8.4451E-11 8.1730E-11 7.9552E-11 7.7722E-11 7.5881E-11 7.4023E-11 7.2156E-11 7.0800E-11 6.8971E-11 6.6775E-11 6.4577E-11 6.2595E-11 6.0842E-11 5.9638E-11 5.8493E-11 5.7226E-11 5.6070E-11 5.4848E-11 5.3934E-11 5.3338E-11 5.2821E-11 5.2167E-11 5.1525E-11 5.0645E-11 4.9924E-11 4.9370E-11 4.8586E-11 4.7567E-11 4.6712E-11 4.4907E-11 4.2372E-11 4.1471E-11 4.0546E-11
1.1542E-10 1.1469E-10 1.1389E-10 1.1217E-10 1.0951E-10 1.0783E-10 1.0591E-10 1.0481E-10 1.0383E-10 1.0260E-10 1.0129E-10 9.9013E-11 9.6675E-11 9.4472E-11 9.2225E-11 8.9939E-11 8.8578E-11 8.7387E-11 8.5273E-11 8.3157E-11 8.1041E-11 7.8916E-11 7.6782E-11 7.5142E-11 7.3484E-11 7.1801E-11 7.0104E-11 6.8393E-11 6.7167E-11 6.5474E-11 6.3776E-11 6.2082E-11 6.0393E-11 5.8330E-11 5.6779E-11 5.5441E-11 5.3894E-11 5.2383E-11 5.0921E-11 4.9539E-11 4.8276E-11 4.7238E-11 4.6477E-11 4.5595E-11 4.5185E-11 4.4811E-11 4.4225E-11 4.3606E-11 4.2751E-11 4.2065E-11 4.1358E-11 4.0623E-11 3.9861E-11 3.9072E-11 3.8266E-11 3.7438E-11 3.6393E-11
1.0246E-10 1.0107E-10 1.0029E-10 9.9452E-11 9.8545E-11 9.7573E-11 9.6716E-11 9.5615E-11 9.2728E-11 9.0649E-11 8.8513E-11 8.6512E-11 8.5175E-11 8.3780E-11 8.1642E-11 7.9473E-11 7.7287E-11 7.5293E-11 7.3297E-11 7.2247E-11 7.0740E-11 6.9222E-11 6.7692E-11 6.6146E-11 6.4579E-11 6.3482E-11 6.1916E-11 6.0345E-11 5.9232E-11 5.7663E-11 5.6099E-11 5.4539E-11 5.3465E-11 5.1954E-11 5.0470E-11 4.8632E-11 4.6821E-11 4.5259E-11 4.4450E-11 4.3731E-11 4.3113E-11 4.2579E-11 4.1734E-11 4.0694E-11 4.0169E-11 4.0118E-11 3.9775E-11 3.9203E-11 3.8603E-11 3.7768E-11 3.7316E-11 3.6638E-11 3.5736E-11 3.2780E-11 3.2263E-11 3.1525E-11 3.0373E-11
9.3151E-11 9.2402E-11 9.1595E-11 9.0083E-11 8.8344E-11 8.6553E-11 8.4889E-11 8.2997E-11 8.1908E-11 8.0947E-11 7.9746E-11 7.7646E-11 7.5689E-11 7.3691E-11 7.0570E-11 6.9421E-11 6.8251E-11 6.6831E-11 6.5412E-11 6.3994E-11 6.2571E-11 6.1141E-11 6.0152E-11 5.8953E-11 5.7315E-11 5.5862E-11 5.4408E-11 5.2948E-11 5.1494E-11 5.0497E-11 4.9502E-11 4.8092E-11 4.6695E-11 4.5323E-11 4.3982E-11 4.2681E-11 4.1684E-11 4.0312E-11 3.8807E-11 3.7592E-11 3.6676E-11 3.5832E-11 3.5505E-11 3.5025E-11 3.4357E-11 3.3875E-11 3.3573E-11 3.3245E-11 3.2493E-11 3.1922E-11 3.1329E-11 3.0918E-11 3.0086E-11 2.9237E-11 2.8782E-11 2.8134E-11 2.7075E-11
8.2713E-11 8.0363E-11 7.9585E-11 7.8933E-11 7.8055E-11 7.7125E-11 7.6325E-11 7.4482E-11 7.2596E-11 7.0005E-11 6.8023E-11 6.6863E-11 6.5851E-11 6.4795E-11 6.3074E-11 6.1557E-11 6.0020E-11 5.8684E-11 5.7786E-11 5.6883E-11 5.5972E-11 5.4212E-11 5.3074E-11 5.1717E-11 5.0358E-11 4.9444E-11 4.8317E-11 4.7395E-11 4.5260E-11 4.3938E-11 4.2626E-11 4.1332E-11 4.0060E-11 3.9263E-11 3.8082E-11 3.6936E-11 3.5835E-11 3.4797E-11 3.2906E-11 3.1737E-11 3.0621E-11 2.9756E-11 2.8934E-11 2.8524E-11 2.8097E-11 2.7648E-11 2.7179E-11 2.6895E-11 2.6390E-11 2.5668E-11 2.5135E-11 2.4791E-11 2.4056E-11 2.3310E-11 2.2732E-11 2.2174E-11 2.1612E-11
7.3940E-11 7.3194E-11 7.2402E-11 7.0185E-11 6.8706E-11 6.7194E-11 6.5464E-11 6.4683E-11 6.3676E-11 6.2627E-11 6.1325E-11 5.9796E-11 5.7816E-11 5.6411E-11 5.5402E-11 5.4376E-11 5.3540E-11 5.2286E-11 5.1033E-11 4.9781E-11 4.8530E-11 4.7270E-11 4.6437E-11 4.5595E-11 4.4743E-11 4.3487E-11 4.2233E-11 4.0986E-11 3.9750E-11 3.8527E-11 3.7756E-11 3.6190E-11 3.5061E-11 3.3964E-11 3.2907E-11 3.1357E-11 3.0213E-11 2.8712E-11 2.7269E-11 2.6214E-11 2.4672E-11 2.3725E-11 2.3558E-11 2.3373E-11 2.2969E-11 2.2349E-11 2.1385E-11 2.1145E-11 2.0890E-11 2.0251E-11 1.9396E-11 1.9119E-11 1.8656E-11 1.6977E-11 1.4717E-11 1.4022E-11 1.3156E-11
