Assets/Resources/2015_m01_d29_2300(utc+0800)_l00_csi_1hr_conc.grd
DSAA
         159         159
     -79.000      79.000
     -79.000      79.000
  0.0000E+00  0.7632E-05
[rows 0 to 24 of 159, columns 57 to 113 of 159]
8.2493E-12 8.6219E-12 9.0073E-12 9.4058E-12 9.8175E-12 1.0243E-11 1.0682E-11 1.1135E-11 1.1601E-11 1.2082E-11 1.2578E-11 1.3088E-11 1.3612E-11 1.4152E-11 1.4706E-11 1.5275E-11 1.5859E-11 1.6459E-11 1.7073E-11 1.7702E-11 1.8346E-11 1.9006E-11 1.9680E-11 2.0370E-11 2.1074E-11 2.1792E-11 2.2526E-11 2.3273E-11 2.4035E-11 2.4811E-11 2.5600E-11 2.6403E-11 2.7219E-11 2.8047E-11 2.8886E-11 2.9733E-11 3.0587E-11 3.1444E-11 3.2300E-11 3.3152E-11 3.3997E-11 3.4833E-11 3.5657E-11 3.6472E-11 3.7272E-11 3.8060E-11 3.8833E-11 3.9591E-11 4.0333E-11 4.1059E-11 4.1767E-11 4.2457E-11 4.3128E-11 4.3780E-11 4.4411E-11 4.5022E-11 4.5612E-11
8.2736E-12 8.6473E-12 9.0339E-12 9.4336E-12 9.8465E-12 1.0273E-11 1.0713E-11 1.1167E-11 1.1636E-11 1.2118E-11 1.2615E-11 1.3127E-11 1.3653E-11 1.4194E-11 1.4750E-11 1.5321E-11 1.5906E-11 1.6507E-11 1.7123E-11 1.7755E-11 1.8401E-11 1.9062E-11 1.9739E-11 2.0430E-11 2.1136E-11 2.1857E-11 2.2593E-11 2.3343E-11 2.4107E-11 2.4885E-11 2.5676E-11 2.6482E-11 2.7300E-11 2.8130E-11 2.8970E-11 2.9819E-11 3.0673E-11 3.1529E-11 3.2383E-11 3.3233E-11 3.4075E-11 3.4908E-11 3.5730E-11 3.6541E-11 3.7339E-11 3.8123E-11 3.8894E-11 3.9649E-11 4.0388E-11 4.1111E-11 4.1816E-11 4.2503E-11 4.3171E-11 4.3820E-11 4.4448E-11 4.5056E-11 4.5642E-11
8.2943E-12 8.6690E-12 9.0565E-12 9.4572E-12 9.8713E-12 1.0299E-11 1.0740E-11 1.1196E-11 1.1665E-11 1.2149E-11 1.2647E-11 1.3160E-11 1.3687E-11 1.4230E-11 1.4787E-11 1.5359E-11 1.5947E-11 1.6549E-11 1.7167E-11 1.7799E-11 1.8447E-11 1.9111E-11 1.9789E-11 2.0482E-11 2.1190E-11 2.1913E-11 2.2650E-11 2.3402E-11 2.4168E-11 2.4948E-11 2.5742E-11 2.6549E-11 2.7369E-11 2.8200E-11 2.9042E-11 2.9891E-11 3.0744E-11 3.1599E-11 3.2452E-11 3.3298E-11 3.4137E-11 3.4967E-11 3.5786E-11 3.6594E-11 3.7389E-11 3.8170E-11 3.8938E-11 3.9690E-11 4.0426E-11 4.1146E-11 4.1848E-11 4.2531E-11 4.3196E-11 4.3842E-11 4.4467E-11 4.5072E-11 4.5655E-11
8.3114E-12 8.6869E-12 9.0752E-12 9.4767E-12 9.8917E-12 1.0320E-11 1.0762E-11 1.1219E-11 1.1689E-11 1.2174E-11 1.2673E-11 1.3187E-11 1.3716E-11 1.4259E-11 1.4818E-11 1.5391E-11 1.5980E-11 1.6583E-11 1.7202E-11 1.7837E-11 1.8486E-11 1.9150E-11 1.9830E-11 2.0524E-11 2.1234E-11 2.1958E-11 2.2697E-11 2.3451E-11 2.4218E-11 2.5000E-11 2.5795E-11 2.6604E-11 2.7426E-11 2.8258E-11 2.9100E-11 2.9949E-11 3.0802E-11 3.1655E-11 3.2505E-11 3.3348E-11 3.4184E-11 3.5010E-11 3.5827E-11 3.6631E-11 3.7422E-11 3.8201E-11 3.8965E-11 3.9714E-11 4.0447E-11 4.1163E-11 4.1862E-11 4.2542E-11 4.3204E-11 4.3846E-11 4.4468E-11 4.5069E-11 4.5649E-11
8.3249E-12 8.7009E-12 9.0899E-12 9.4921E-12 9.9077E-12 1.0337E-11 1.0780E-11 1.1237E-11 1.1708E-11 1.2194E-11 1.2694E-11 1.3208E-11 1.3738E-11 1.4282E-11 1.4842E-11 1.5416E-11 1.6006E-11 1.6610E-11 1.7231E-11 1.7866E-11 1.8516E-11 1.9182E-11 1.9862E-11 2.0558E-11 2.1269E-11 2.1994E-11 2.2734E-11 2.3489E-11 2.4258E-11 2.5041E-11 2.5838E-11 2.6648E-11 2.7470E-11 2.8304E-11 2.9145E-11 2.9994E-11 3.0845E-11 3.1696E-11 3.2542E-11 3.3383E-11 3.4215E-11 3.5038E-11 3.5851E-11 3.6651E-11 3.7440E-11 3.8215E-11 3.8975E-11 3.9721E-11 4.0450E-11 4.1163E-11 4.1858E-11 4.2535E-11 4.3193E-11 4.3832E-11 4.4451E-11 4.5049E-11 4.5626E-11
8.3347E-12 8.7112E-12 9.1006E-12 9.5033E-12 9.9194E-12 1.0349E-11 1.0793E-11 1.1250E-11 1.1722E-11 1.2208E-11 1.2709E-11 1.3224E-11 1.3754E-11 1.4299E-11 1.4859E-11 1.5434E-11 1.6025E-11 1.6630E-11 1.7251E-11 1.7887E-11 1.8538E-11 1.9205E-11 1.9886E-11 2.0583E-11 2.1294E-11 2.2021E-11 2.2762E-11 2.3517E-11 2.4287E-11 2.5071E-11 2.5869E-11 2.6680E-11 2.7503E-11 2.8336E-11 2.9178E-11 3.0024E-11 3.0874E-11 3.1722E-11 3.2565E-11 3.3402E-11 3.4231E-11 3.5051E-11 3.5859E-11 3.6656E-11 3.7441E-11 3.8212E-11 3.8969E-11 3.9711E-11 4.0437E-11 4.1146E-11 4.1837E-11 4.2511E-11 4.3165E-11 4.3801E-11 4.4416E-11 4.5010E-11 4.5584E-11
8.3407E-12 8.7175E-12 9.1073E-12 9.5102E-12 9.9266E-12 1.0357E-11 1.0801E-11 1.1258E-11 1.1731E-11 1.2217E-11 1.2718E-11 1.3234E-11 1.3764E-11 1.4310E-11 1.4870E-11 1.5446E-11 1.6037E-11 1.6643E-11 1.7264E-11 1.7900E-11 1.8552E-11 1.9219E-11 1.9901E-11 2.0598E-11 2.1310E-11 2.2037E-11 2.2779E-11 2.3535E-11 2.4305E-11 2.5090E-11 2.5888E-11 2.6700E-11 2.7523E-11 2.8356E-11 2.9196E-11 3.0042E-11 3.0888E-11 3.1733E-11 3.2573E-11 3.3406E-11 3.4231E-11 3.5047E-11 3.5852E-11 3.6645E-11 3.7426E-11 3.8193E-11 3.8946E-11 3.9684E-11 4.0407E-11 4.1112E-11 4.1800E-11 4.2470E-11 4.3121E-11 4.3752E-11 4.4364E-11 4.4955E-11 4.5525E-11
8.3431E-12 8.7200E-12 9.1099E-12 9.5130E-12 9.9295E-12 1.0360E-11 1.0804E-11 1.1262E-11 1.1734E-11 1.2221E-11 1.2722E-11 1.3238E-11 1.3769E-11 1.4314E-11 1.4875E-11 1.5451E-11 1.6042E-11 1.6648E-11 1.7269E-11 1.7906E-11 1.8558E-11 1.9225E-11 1.9907E-11 2.0605E-11 2.1317E-11 2.2044E-11 2.2786E-11 2.3542E-11 2.4313E-11 2.5098E-11 2.5896E-11 2.6708E-11 2.7530E-11 2.8363E-11 2.9202E-11 3.0045E-11 3.0889E-11 3.1730E-11 3.2566E-11 3.3395E-11 3.4217E-11 3.5028E-11 3.5829E-11 3.6618E-11 3.7395E-11 3.8159E-11 3.8908E-11 3.9642E-11 4.0360E-11 4.1061E-11 4.1745E-11 4.2411E-11 4.3059E-11 4.3686E-11 4.4294E-11 4.4882E-11 4.5448E-11
8.3418E-12 8.7187E-12 9.1085E-12 9.5115E-12 9.9280E-12 1.0358E-11 1.0802E-11 1.1260E-11 1.1732E-11 1.2219E-11 1.2720E-11 1.3236E-11 1.3767E-11 1.4312E-11 1.4873E-11 1.5448E-11 1.6039E-11 1.6645E-11 1.7267E-11 1.7903E-11 1.8555E-11 1.9222E-11 1.9904E-11 2.0602E-11 2.1314E-11 2.2041E-11 2.2783E-11 2.3539E-11 2.4310E-11 2.5095E-11 2.5893E-11 2.6704E-11 2.7526E-11 2.8357E-11 2.9194E-11 3.0035E-11 3.0875E-11 3.1713E-11 3.2545E-11 3.3370E-11 3.4187E-11 3.4995E-11 3.5791E-11 3.6576E-11 3.7349E-11 3.8108E-11 3.8853E-11 3.9583E-11 4.0297E-11 4.0995E-11 4.1675E-11 4.2337E-11 4.2980E-11 4.3604E-11 4.4208E-11 4.4792E-11 4.5355E-11
8.3368E-12 8.7134E-12 9.1030E-12 9.5058E-12 9.9221E-12 1.0352E-11 1.0796E-11 1.1253E-11 1.1725E-11 1.2212E-11 1.2713E-11 1.3228E-11 1.3758E-11 1.4304E-11 1.4864E-11 1.5439E-11 1.6030E-11 1.6636E-11 1.7257E-11 1.7893E-11 1.8544E-11 1.9211E-11 1.9893E-11 2.0590E-11 2.1302E-11 2.2028E-11 2.2770E-11 2.3526E-11 2.4296E-11 2.5080E-11 2.5878E-11 2.6688E-11 2.7509E-11 2.8338E-11 2.9173E-11 3.0011E-11 3.0848E-11 3.1682E-11 3.2509E-11 3.3331E-11 3.4143E-11 3.4946E-11 3.5738E-11 3.6519E-11 3.7287E-11 3.8042E-11 3.8783E-11 3.9508E-11 4.0218E-11 4.0911E-11 4.1587E-11 4.2245E-11 4.2885E-11 4.3505E-11 4.4105E-11 4.4685E-11 4.5245E-11
8.3281E-12 8.7044E-12 9.0935E-12 9.4959E-12 9.9118E-12 1.0341E-11 1.0784E-11 1.1242E-11 1.1713E-11 1.2199E-11 1.2699E-11 1.3214E-11 1.3744E-11 1.4289E-11 1.4849E-11 1.5423E-11 1.6013E-11 1.6619E-11 1.7239E-11 1.7875E-11 1.8525E-11 1.9191E-11 1.9873E-11 2.0569E-11 2.1280E-11 2.2006E-11 2.2747E-11 2.3502E-11 2.4271E-11 2.5055E-11 2.5852E-11 2.6661E-11 2.7480E-11 2.8307E-11 2.9140E-11 2.9974E-11 3.0807E-11 3.1636E-11 3.2460E-11 3.3277E-11 3.4084E-11 3.4883E-11 3.5670E-11 3.6447E-11 3.7210E-11 3.7961E-11 3.8697E-11 3.9418E-11 4.0124E-11 4.0813E-11 4.1484E-11 4.2138E-11 4.2773E-11 4.3389E-11 4.3986E-11 4.4562E-11 4.5118E-11
8.3157E-12 8.6914E-12 9.0801E-12 9.4819E-12 9.8971E-12 1.0326E-11 1.0768E-11 1.1225E-11 1.1696E-11 1.2181E-11 1.2681E-11 1.3195E-11 1.3724E-11 1.4268E-11 1.4827E-11 1.5401E-11 1.5990E-11 1.6594E-11 1.7214E-11 1.7848E-11 1.8498E-11 1.9163E-11 1.9843E-11 2.0539E-11 2.1249E-11 2.1974E-11 2.2713E-11 2.3467E-11 2.4236E-11 2.5018E-11 2.5814E-11 2.6622E-11 2.7439E-11 2.8264E-11 2.9094E-11 2.9924E-11 3.0753E-11 3.1578E-11 3.2397E-11 3.3208E-11 3.4012E-11 3.4805E-11 3.5588E-11 3.6360E-11 3.7119E-11 3.7864E-11 3.8596E-11 3.9313E-11 4.0013E-11 4.0698E-11 4.1365E-11 4.2015E-11 4.2646E-11 4.3258E-11 4.3850E-11 4.4422E-11 4.4974E-11
8.2997E-12 8.6747E-12 9.0625E-12 9.4636E-12 9.8780E-12 1.0306E-11 1.0748E-11 1.1203E-11 1.1673E-11 1.2158E-11 1.2656E-11 1.3170E-11 1.3698E-11 1.4240E-11 1.4798E-11 1.5371E-11 1.5959E-11 1.6562E-11 1.7181E-11 1.7814E-11 1.8463E-11 1.9127E-11 1.9806E-11 2.0499E-11 2.1208E-11 2.1932E-11 2.2670E-11 2.3423E-11 2.4190E-11 2.4971E-11 2.5766E-11 2.6571E-11 2.7387E-11 2.8209E-11 2.9035E-11 2.9861E-11 3.0686E-11 3.1506E-11 3.2320E-11 3.3127E-11 3.3925E-11 3.4713E-11 3.5491E-11 3.6258E-11 3.7012E-11 3.7753E-11 3.8480E-11 3.9192E-11 3.9888E-11 4.0568E-11 4.1231E-11 4.1876E-11 4.2503E-11 4.3110E-11 4.3699E-11 4.4267E-11 4.4815E-11
8.2800E-12 8.6541E-12 9.0411E-12 9.4412E-12 9.8546E-12 1.0282E-11 1.0722E-11 1.1177E-11 1.1646E-11 1.2129E-11 1.2626E-11 1.3138E-11 1.3665E-11 1.4207E-11 1.4763E-11 1.5335E-11 1.5922E-11 1.6523E-11 1.7140E-11 1.7772E-11 1.8419E-11 1.9082E-11 1.9759E-11 2.0451E-11 2.1158E-11 2.1880E-11 2.2617E-11 2.3368E-11 2.4134E-11 2.4913E-11 2.5706E-11 2.6509E-11 2.7322E-11 2.8141E-11 2.8964E-11 2.9786E-11 3.0605E-11 3.1420E-11 3.2230E-11 3.3031E-11 3.3824E-11 3.4608E-11 3.5380E-11 3.6142E-11 3.6891E-11 3.7627E-11 3.8349E-11 3.9056E-11 3.9748E-11 4.0423E-11 4.1081E-11 4.1722E-11 4.2344E-11 4.2948E-11 4.3532E-11 4.4096E-11 4.4640E-11
8.2567E-12 8.6297E-12 9.0156E-12 9.4146E-12 9.8269E-12 1.0253E-11 1.0692E-11 1.1146E-11 1.1613E-11 1.2095E-11 1.2591E-11 1.3102E-11 1.3627E-11 1.4167E-11 1.4722E-11 1.5292E-11 1.5877E-11 1.6477E-11 1.7092E-11 1.7723E-11 1.8368E-11 1.9028E-11 1.9704E-11 2.0394E-11 2.1099E-11 2.1819E-11 2.2554E-11 2.3303E-11 2.4067E-11 2.4845E-11 2.5635E-11 2.6437E-11 2.7246E-11 2.8062E-11 2.8880E-11 2.9698E-11 3.0512E-11 3.1322E-11 3.2126E-11 3.2922E-11 3.3710E-11 3.4488E-11 3.5256E-11 3.6012E-11 3.6756E-11 3.7487E-11 3.8204E-11 3.8906E-11 3.9593E-11 4.0263E-11 4.0917E-11 4.1553E-11 4.2171E-11 4.2770E-11 4.3350E-11 4.3910E-11 4.4450E-11
8.2298E-12 8.6016E-12 8.9863E-12 9.3840E-12 9.7949E-12 1.0219E-11 1.0657E-11 1.1109E-11 1.1575E-11 1.2056E-11 1.2550E-11 1.3059E-11 1.3583E-11 1.4121E-11 1.4674E-11 1.5242E-11 1.5826E-11 1.6424E-11 1.7037E-11 1.7665E-11 1.8308E-11 1.8967E-11 1.9640E-11 2.0328E-11 2.1031E-11 2.1749E-11 2.2481E-11 2.3228E-11 2.3990E-11 2.4766E-11 2.5554E-11 2.6353E-11 2.7159E-11 2.7972E-11 2.8785E-11 2.9598E-11 3.0407E-11 3.1212E-11 3.2010E-11 3.2801E-11 3.3583E-11 3.4355E-11 3.5118E-11 3.5869E-11 3.6607E-11 3.7333E-11 3.8045E-11 3.8742E-11 3.9423E-11 4.0089E-11 4.0738E-11 4.1369E-11 4.1982E-11 4.2577E-11 4.3153E-11 4.3709E-11 4.4245E-11
8.1994E-12 8.5698E-12 8.9531E-12 9.3493E-12 9.7588E-12 1.0182E-11 1.0618E-11 1.1068E-11 1.1533E-11 1.2011E-11 1.2504E-11 1.3011E-11 1.3533E-11 1.4069E-11 1.4620E-11 1.5186E-11 1.5767E-11 1.6363E-11 1.6974E-11 1.7600E-11 1.8241E-11 1.8897E-11 1.9568E-11 2.0253E-11 2.0954E-11 2.1669E-11 2.2399E-11 2.3144E-11 2.3904E-11 2.4677E-11 2.5462E-11 2.6258E-11 2.7062E-11 2.7870E-11 2.8678E-11 2.9486E-11 3.0289E-11 3.1088E-11 3.1881E-11 3.2666E-11 3.3443E-11 3.4210E-11 3.4966E-11 3.5712E-11 3.6445E-11 3.7165E-11 3.7872E-11 3.8564E-11 3.9240E-11 3.9901E-11 4.0545E-11 4.1171E-11 4.1780E-11 4.2370E-11 4.2942E-11 4.3494E-11 4.4026E-11
8.1654E-12 8.5344E-12 8.9160E-12 9.3106E-12 9.7184E-12 1.0140E-11 1.0574E-11 1.1023E-11 1.1485E-11 1.1961E-11 1.2452E-11 1.2957E-11 1.3477E-11 1.4011E-11 1.4560E-11 1.5124E-11 1.5702E-11 1.6296E-11 1.6904E-11 1.7528E-11 1.8166E-11 1.8819E-11 1.9487E-11 2.0170E-11 2.0867E-11 2.1579E-11 2.2307E-11 2.3050E-11 2.3807E-11 2.4578E-11 2.5361E-11 2.6153E-11 2.6953E-11 2.7756E-11 2.8560E-11 2.9362E-11 3.0160E-11 3.0953E-11 3.1740E-11 3.2519E-11 3.3290E-11 3.4051E-11 3.4802E-11 3.5542E-11 3.6270E-11 3.6984E-11 3.7685E-11 3.8372E-11 3.9043E-11 3.9699E-11 4.0338E-11 4.0959E-11 4.1563E-11 4.2149E-11 4.2716E-11 4.3264E-11 4.3792E-11
8.1280E-12 8.4953E-12 8.8752E-12 9.2680E-12 9.6739E-12 1.0093E-11 1.0526E-11 1.0972E-11 1.1432E-11 1.1907E-11 1.2395E-11 1.2898E-11 1.3415E-11 1.3947E-11 1.4493E-11 1.5055E-11 1.5630E-11 1.6221E-11 1.6827E-11 1.7447E-11 1.8083E-11 1.8733E-11 1.9398E-11 2.0078E-11 2.0772E-11 2.1482E-11 2.2207E-11 2.2947E-11 2.3702E-11 2.4470E-11 2.5249E-11 2.6039E-11 2.6834E-11 2.7632E-11 2.8431E-11 2.9226E-11 3.0019E-11 3.0806E-11 3.1587E-11 3.2360E-11 3.3125E-11 3.3880E-11 3.4625E-11 3.5359E-11 3.6081E-11 3.6790E-11 3.7486E-11 3.8167E-11 3.8833E-11 3.9483E-11 4.0117E-11 4.0734E-11 4.1333E-11 4.1914E-11 4.2477E-11 4.3021E-11 4.3545E-11
8.0872E-12 8.4526E-12 8.8306E-12 9.2215E-12 9.6253E-12 1.0042E-11 1.0473E-11 1.0917E-11 1.1375E-11 1.1847E-11 1.2333E-11 1.2833E-11 1.3348E-11 1.3877E-11 1.4421E-11 1.4979E-11 1.5552E-11 1.6140E-11 1.6743E-11 1.7360E-11 1.7992E-11 1.8639E-11 1.9301E-11 1.9977E-11 2.0668E-11 2.1375E-11 2.2097E-11 2.2835E-11 2.3587E-11 2.4352E-11 2.5129E-11 2.5914E-11 2.6705E-11 2.7498E-11 2.8290E-11 2.9080E-11 2.9867E-11 3.0648E-11 3.1422E-11 3.2189E-11 3.2948E-11 3.3697E-11 3.4436E-11 3.5164E-11 3.5880E-11 3.6584E-11 3.7274E-11 3.7949E-11 3.8610E-11 3.9255E-11 3.9884E-11 4.0496E-11 4.1090E-11 4.1667E-11 4.2225E-11 4.2764E-11 4.3284E-11
8.0430E-12 8.4064E-12 8.7824E-12 9.1711E-12 9.5728E-12 9.9876E-12 1.0416E-11 1.0858E-11 1.1313E-11 1.1782E-11 1.2266E-11 1.2763E-11 1.3275E-11 1.3801E-11 1.4342E-11 1.4897E-11 1.5467E-11 1.6052E-11 1.6651E-11 1.7266E-11 1.7894E-11 1.8538E-11 1.9196E-11 1.9869E-11 2.0556E-11 2.1260E-11 2.1979E-11 2.2714E-11 2.3463E-11 2.4225E-11 2.4998E-11 2.5780E-11 2.6566E-11 2.7353E-11 2.8139E-11 2.8923E-11 2.9703E-11 3.0478E-11 3.1246E-11 3.2007E-11 3.2759E-11 3.3502E-11 3.4235E-11 3.4957E-11 3.5667E-11 3.6365E-11 3.7049E-11 3.7719E-11 3.8374E-11 3.9014E-11 3.9637E-11 4.0244E-11 4.0834E-11 4.1406E-11 4.1959E-11 4.2494E-11 4.3010E-11
7.9955E-12 8.3568E-12 8.7305E-12 9.1170E-12 9.5163E-12 9.9287E-12 1.0354E-11 1.0793E-11 1.1246E-11 1.1713E-11 1.2193E-11 1.2688E-11 1.3197E-11 1.3720E-11 1.4258E-11 1.4810E-11 1.5376E-11 1.5958E-11 1.6553E-11 1.7164E-11 1.7789E-11 1.8429E-11 1.9083E-11 1.9752E-11 2.0437E-11 2.1137E-11 2.1853E-11 2.2585E-11 2.3331E-11 2.4090E-11 2.4860E-11 2.5636E-11 2.6417E-11 2.7198E-11 2.7978E-11 2.8756E-11 2.9529E-11 3.0297E-11 3.1059E-11 3.1813E-11 3.2559E-11 3.3296E-11 3.4023E-11 3.4738E-11 3.5443E-11 3.6134E-11 3.6812E-11 3.7477E-11 3.8126E-11 3.8761E-11 3.9379E-11 3.9981E-11 4.0565E-11 4.1132E-11 4.1681E-11 4.2212E-11 4.2723E-11
7.9447E-12 8.3038E-12 8.6751E-12 9.0591E-12 9.4559E-12 9.8657E-12 1.0289E-11 1.0725E-11 1.1175E-11 1.1639E-11 1.2116E-11 1.2608E-11 1.3113E-11 1.3633E-11 1.4167E-11 1.4716E-11 1.5279E-11 1.5856E-11 1.6449E-11 1.7055E-11 1.7676E-11 1.8312E-11 1.8962E-11 1.9627E-11 2.0308E-11 2.1005E-11 2.1719E-11 2.2447E-11 2.3190E-11 2.3946E-11 2.4712E-11 2.5484E-11 2.6258E-11 2.7033E-11 2.7807E-11 2.8578E-11 2.9345E-11 3.0106E-11 3.0861E-11 3.1609E-11 3.2348E-11 3.3078E-11 3.3799E-11 3.4508E-11 3.5206E-11 3.5892E-11 3.6564E-11 3.7223E-11 3.7867E-11 3.8495E-11 3.9108E-11 3.9705E-11 4.0285E-11 4.0847E-11 4.1391E-11 4.1917E-11 4.2425E-11
7.8908E-12 8.2474E-12 8.6163E-12 8.9977E-12 9.3918E-12 9.7988E-12 1.0219E-11 1.0652E-11 1.1099E-11 1.1560E-11 1.2034E-11 1.2522E-11 1.3024E-11 1.3541E-11 1.4071E-11 1.4616E-11 1.5175E-11 1.5749E-11 1.6337E-11 1.6940E-11 1.7557E-11 1.8188E-11 1.8834E-11 1.9496E-11 2.0173E-11 2.0867E-11 2.1577E-11 2.2302E-11 2.3042E-11 2.3794E-11 2.4556E-11 2.5322E-11 2.6090E-11 2.6859E-11 2.7626E-11 2.8390E-11 2.9150E-11 2.9905E-11 3.0653E-11 3.1394E-11 3.2127E-11 3.2850E-11 3.3564E-11 3.4267E-11 3.4959E-11 3.5638E-11 3.6305E-11 3.6957E-11 3.7596E-11 3.8219E-11 3.8826E-11 3.9418E-11 3.9992E-11 4.0550E-11 4.1089E-11 4.1611E-11 4.2114E-11
7.8338E-12 8.1878E-12 8.5540E-12 8.9326E-12 9.3239E-12 9.7280E-12 1.0145E-11 1.0575E-11 1.1019E-11 1.1476E-11 1.1947E-11 1.2432E-11 1.2930E-11 1.3443E-11 1.3970E-11 1.4511E-11 1.5066E-11 1.5636E-11 1.6219E-11 1.6818E-11 1.7430E-11 1.8057E-11 1.8698E-11 1.9356E-11 2.0030E-11 2.0721E-11 2.1427E-11 2.2150E-11 2.2886E-11 2.3635E-11 2.4391E-11 2.5152E-11 2.5913E-11 2.6675E-11 2.7436E-11 2.8193E-11 2.8946E-11 2.9693E-11 3.0435E-11 3.1169E-11 3.1895E-11 3.2612E-11 3.3319E-11 3.4016E-11 3.4701E-11 3.5374E-11 3.6034E-11 3.6681E-11 3.7314E-11 3.7931E-11 3.8533E-11 3.9119E-11 3.9689E-11 4.0241E-11 4.0776E-11 4.1293E-11 4.1792E-11
