Assets/Resources/2015_m01_d19_1900(utc+0800)_l00_csi_1hr_conc.grd
DSAA
         159         159
     -79.000      79.000
     -79.000      79.000
  0.0000E+00  0.3714E-04
[rows 75 to 99 of 159, columns 0 to 56 of 159]
9.2805E-10 1.0128E-09 1.1141E-09 1.2119E-09 1.3156E-09 1.4289E-09 1.5477E-09 1.6712E-09 1.8088E-09 1.9476E-09 2.1042E-09 2.2701E-09 2.4322E-09 2.6131E-09 2.7919E-09 2.9688E-09 3.1741E-09 3.3651E-09 3.5608E-09 3.7662E-09 3.9754E-09 4.1864E-09 4.4060E-09 4.6302E-09 4.8554E-09 5.1339E-09 5.3976E-09 5.6473E-09 5.9077E-09 6.1858E-09 6.4608E-09 6.7408E-09 7.0265E-09 7.3246E-09 7.6275E-09 7.9226E-09 8.2204E-09 8.5199E-09 8.8412E-09 9.1787E-09 9.5115E-09 9.8755E-09 1.0264E-08 1.0691E-08 1.1127E-08 1.1621E-08 1.2149E-08 1.2708E-08 1.3317E-08 1.3965E-08 1.4650E-08 1.5387E-08 1.6156E-08 1.6971E-08 1.7823E-08 1.8702E-08 1.9637E-08
8.2930E-10 9.1785E-10 1.0122E-09 1.1024E-09 1.1974E-09 1.3013E-09 1.4114E-09 1.5240E-09 1.6498E-09 1.7775E-09 1.9229E-09 2.0792E-09 2.2325E-09 2.4053E-09 2.5773E-09 2.7475E-09 2.9441E-09 3.1261E-09 3.3122E-09 3.5076E-09 3.7081E-09 3.9101E-09 4.1201E-09 4.3361E-09 4.5493E-09 4.8177E-09 5.0724E-09 5.3132E-09 5.5629E-09 5.8328E-09 6.0980E-09 6.3691E-09 6.6452E-09 6.9287E-09 7.2248E-09 7.5142E-09 7.8042E-09 8.0989E-09 8.4053E-09 8.7339E-09 9.0610E-09 9.4054E-09 9.7811E-09 1.0195E-08 1.0612E-08 1.1078E-08 1.1573E-08 1.2092E-08 1.2648E-08 1.3237E-08 1.3859E-08 1.4525E-08 1.5215E-08 1.5942E-08 1.6703E-08 1.7482E-08 1.8306E-08
7.2061E-10 8.0434E-10 9.0583E-10 9.8784E-10 1.0869E-09 1.1828E-09 1.2839E-09 1.3888E-09 1.5036E-09 1.6238E-09 1.7553E-09 1.9003E-09 2.0409E-09 2.2036E-09 2.3661E-09 2.5290E-09 2.7183E-09 2.8918E-09 3.0684E-09 3.2543E-09 3.4457E-09 3.6382E-09 3.8381E-09 4.0456E-09 4.2529E-09 4.5107E-09 4.7528E-09 4.9851E-09 5.2244E-09 5.4815E-09 5.7398E-09 6.0003E-09 6.2637E-09 6.5338E-09 6.8179E-09 7.1015E-09 7.3836E-09 7.6675E-09 7.9593E-09 8.2734E-09 8.5939E-09 8.9180E-09 9.2749E-09 9.6759E-09 1.0071E-08 1.0508E-08 1.0966E-08 1.1440E-08 1.1937E-08 1.2469E-08 1.3026E-08 1.3615E-08 1.4227E-08 1.4863E-08 1.5530E-08 1.6207E-08 1.6915E-08
6.2848E-10 6.9753E-10 7.8827E-10 8.6580E-10 9.5882E-10 1.0548E-09 1.1532E-09 1.2608E-09 1.3668E-09 1.4776E-09 1.6013E-09 1.7346E-09 1.8632E-09 2.0134E-09 2.1666E-09 2.3188E-09 2.4963E-09 2.6633E-09 2.8334E-09 3.0074E-09 3.1916E-09 3.3756E-09 3.5650E-09 3.7629E-09 3.9611E-09 4.2093E-09 4.4432E-09 4.6641E-09 4.8914E-09 5.1357E-09 5.3840E-09 5.6311E-09 5.8830E-09 6.1301E-09 6.4017E-09 6.6729E-09 6.9430E-09 7.2300E-09 7.5066E-09 7.8011E-09 8.1134E-09 8.4222E-09 8.7544E-09 9.1376E-09 9.5119E-09 9.9158E-09 1.0335E-08 1.0762E-08 1.1204E-08 1.1676E-08 1.2168E-08 1.2682E-08 1.3216E-08 1.3762E-08 1.4332E-08 1.4910E-08 1.5503E-08
5.5383E-10 6.1375E-10 6.9011E-10 7.6425E-10 8.3829E-10 9.1602E-10 1.0166E-09 1.1108E-09 1.2156E-09 1.3242E-09 1.4432E-09 1.5680E-09 1.6986E-09 1.8379E-09 1.9793E-09 2.1199E-09 2.2875E-09 2.4424E-09 2.6032E-09 2.7695E-09 2.9429E-09 3.1195E-09 3.2989E-09 3.4875E-09 3.6767E-09 3.9146E-09 4.1394E-09 4.3491E-09 4.5540E-09 4.7590E-09 4.9861E-09 5.2172E-09 5.4598E-09 5.7013E-09 5.9686E-09 6.2331E-09 6.4882E-09 6.7646E-09 7.0298E-09 7.3037E-09 7.6081E-09 7.9084E-09 8.2156E-09 8.5806E-09 8.9359E-09 9.3089E-09 9.6873E-09 1.0068E-08 1.0462E-08 1.0872E-08 1.1302E-08 1.1743E-08 1.2199E-08 1.2660E-08 1.3135E-08 1.3618E-08 1.4101E-08
4.9508E-10 5.4500E-10 6.1455E-10 6.7721E-10 7.4660E-10 8.1819E-10 8.9876E-10 9.7985E-10 1.0704E-09 1.1632E-09 1.2693E-09 1.3893E-09 1.5084E-09 1.6398E-09 1.7738E-09 1.9076E-09 2.0635E-09 2.2155E-09 2.3641E-09 2.5190E-09 2.6840E-09 2.8407E-09 3.0042E-09 3.1770E-09 3.3464E-09 3.5742E-09 3.7890E-09 3.9929E-09 4.1966E-09 4.4098E-09 4.6331E-09 4.8541E-09 5.0797E-09 5.3121E-09 5.5494E-09 5.7998E-09 6.0499E-09 6.2987E-09 6.5515E-09 6.8043E-09 7.0761E-09 7.3657E-09 7.6587E-09 7.9855E-09 8.3174E-09 8.6589E-09 9.0034E-09 9.3491E-09 9.6947E-09 1.0049E-08 1.0416E-08 1.0797E-08 1.1178E-08 1.1563E-08 1.1952E-08 1.2343E-08 1.2724E-08
4.4428E-10 4.8817E-10 5.4707E-10 6.0396E-10 6.6235E-10 7.2743E-10 8.0218E-10 8.7956E-10 9.6117E-10 1.0442E-09 1.1404E-09 1.2450E-09 1.3499E-09 1.4672E-09 1.5905E-09 1.7099E-09 1.8540E-09 1.9871E-09 2.1296E-09 2.2736E-09 2.4242E-09 2.5817E-09 2.7387E-09 2.9027E-09 3.0690E-09 3.2794E-09 3.4844E-09 3.6785E-09 3.8751E-09 4.0752E-09 4.2862E-09 4.5018E-09 4.7204E-09 4.9393E-09 5.1597E-09 5.3892E-09 5.6292E-09 5.8638E-09 6.0996E-09 6.3400E-09 6.5855E-09 6.8509E-09 7.1258E-09 7.4126E-09 7.7101E-09 8.0208E-09 8.3299E-09 8.6317E-09 8.9336E-09 9.2372E-09 9.5450E-09 9.8604E-09 1.0174E-08 1.0484E-08 1.0790E-08 1.1095E-08 1.1392E-08
4.0145E-10 4.4193E-10 4.9447E-10 5.4279E-10 5.9398E-10 6.4886E-10 7.1304E-10 7.8608E-10 8.5470E-10 9.3802E-10 1.0247E-09 1.1252E-09 1.2162E-09 1.3288E-09 1.4375E-09 1.5478E-09 1.6822E-09 1.8041E-09 1.9325E-09 2.0654E-09 2.2058E-09 2.3534E-09 2.4990E-09 2.6513E-09 2.8107E-09 3.0115E-09 3.2039E-09 3.3839E-09 3.5703E-09 3.7526E-09 3.9457E-09 4.1488E-09 4.3512E-09 4.5570E-09 4.7695E-09 4.9825E-09 5.2084E-09 5.4327E-09 5.6525E-09 5.8761E-09 6.1034E-09 6.3425E-09 6.5988E-09 6.8555E-09 7.1169E-09 7.3935E-09 7.6709E-09 7.9369E-09 8.1998E-09 8.4598E-09 8.7142E-09 8.9680E-09 9.2209E-09 9.4701E-09 9.7112E-09 9.9400E-09 1.0158E-08
3.6322E-10 3.9911E-10 4.4707E-10 4.9062E-10 5.3747E-10 5.8836E-10 6.4329E-10 7.0454E-10 7.6717E-10 8.3751E-10 9.1915E-10 1.0071E-09 1.0904E-09 1.1949E-09 1.2951E-09 1.3942E-09 1.5175E-09 1.6335E-09 1.7512E-09 1.8726E-09 2.0006E-09 2.1346E-09 2.2700E-09 2.4121E-09 2.5606E-09 2.7469E-09 2.9215E-09 3.0907E-09 3.2626E-09 3.4412E-09 3.6254E-09 3.8187E-09 4.0093E-09 4.2021E-09 4.3965E-09 4.5941E-09 4.7971E-09 5.0068E-09 5.2131E-09 5.4212E-09 5.6294E-09 5.8449E-09 6.0720E-09 6.3056E-09 6.5318E-09 6.7618E-09 7.0057E-09 7.2453E-09 7.4789E-09 7.7020E-09 7.9195E-09 8.1222E-09 8.3192E-09 8.5105E-09 8.6931E-09 8.8618E-09 9.0146E-09
3.2845E-10 3.6083E-10 4.0457E-10 4.4366E-10 4.8606E-10 5.3157E-10 5.8107E-10 6.3631E-10 6.9515E-10 7.5686E-10 8.3221E-10 9.1166E-10 9.8829E-10 1.0778E-09 1.1678E-09 1.2567E-09 1.3683E-09 1.4714E-09 1.5781E-09 1.6891E-09 1.8063E-09 1.9318E-09 2.0613E-09 2.1910E-09 2.3301E-09 2.5070E-09 2.6730E-09 2.8294E-09 2.9891E-09 3.1537E-09 3.3208E-09 3.4984E-09 3.6808E-09 3.8593E-09 4.0408E-09 4.2214E-09 4.4069E-09 4.6008E-09 4.7935E-09 4.9844E-09 5.1768E-09 5.3686E-09 5.5660E-09 5.7715E-09 5.9782E-09 6.1760E-09 6.3752E-09 6.5798E-09 6.7741E-09 6.9570E-09 7.1408E-09 7.3122E-09 7.4694E-09 7.6138E-09 7.7444E-09 7.8630E-09 7.9601E-09
2.9634E-10 3.2564E-10 3.6563E-10 4.0120E-10 4.3956E-10 4.8070E-10 5.2476E-10 5.7396E-10 6.2768E-10 6.8331E-10 7.5129E-10 8.2509E-10 8.9375E-10 9.7557E-10 1.0592E-09 1.1402E-09 1.2417E-09 1.3342E-09 1.4309E-09 1.5318E-09 1.6371E-09 1.7500E-09 1.8689E-09 1.9899E-09 2.1168E-09 2.2817E-09 2.4357E-09 2.5802E-09 2.7271E-09 2.8786E-09 3.0328E-09 3.1936E-09 3.3626E-09 3.5303E-09 3.6964E-09 3.8637E-09 4.0310E-09 4.2050E-09 4.3849E-09 4.5624E-09 4.7362E-09 4.9107E-09 5.0838E-09 5.2602E-09 5.4431E-09 5.6220E-09 5.7924E-09 5.9618E-09 6.1313E-09 6.2886E-09 6.4296E-09 6.5558E-09 6.6665E-09 6.7620E-09 6.8537E-09 6.9382E-09 6.9975E-09
2.6667E-10 2.9322E-10 3.2971E-10 3.6191E-10 3.9658E-10 4.3379E-10 4.7361E-10 5.1718E-10 5.6585E-10 6.1628E-10 6.7698E-10 7.4496E-10 8.0639E-10 8.8079E-10 9.5535E-10 1.0289E-09 1.1212E-09 1.2046E-09 1.2926E-09 1.3840E-09 1.4784E-09 1.5791E-09 1.6870E-09 1.7985E-09 1.9124E-09 2.0655E-09 2.2095E-09 2.3421E-09 2.4771E-09 2.6158E-09 2.7564E-09 2.9004E-09 3.0532E-09 3.2094E-09 3.3640E-09 3.5157E-09 3.6707E-09 3.8266E-09 3.9879E-09 4.1534E-09 4.3141E-09 4.4721E-09 4.6291E-09 4.7808E-09 4.9337E-09 5.0904E-09 5.2414E-09 5.3816E-09 5.5174E-09 5.6518E-09 5.7727E-09 5.8752E-09 5.9600E-09 6.0279E-09 6.0751E-09 6.1001E-09 6.0991E-09
2.3915E-10 2.6322E-10 2.9633E-10 3.2533E-10 3.5655E-10 3.9009E-10 4.2599E-10 4.6460E-10 5.0801E-10 5.5448E-10 6.0877E-10 6.7055E-10 7.2695E-10 7.9459E-10 8.6128E-10 9.2768E-10 1.0114E-09 1.0861E-09 1.1645E-09 1.2453E-09 1.3289E-09 1.4177E-09 1.5135E-09 1.6153E-09 1.7180E-09 1.8566E-09 1.9889E-09 2.1127E-09 2.2371E-09 2.3645E-09 2.4943E-09 2.6246E-09 2.7613E-09 2.9037E-09 3.0472E-09 3.1876E-09 3.3287E-09 3.4691E-09 3.6133E-09 3.7616E-09 3.9104E-09 4.0530E-09 4.1910E-09 4.3253E-09 4.4542E-09 4.5825E-09 4.7114E-09 4.8349E-09 4.9456E-09 5.0498E-09 5.1489E-09 5.2368E-09 5.3049E-09 5.3519E-09 5.3795E-09 5.3880E-09 5.3698E-09
2.1205E-10 2.3496E-10 2.6540E-10 2.9141E-10 3.1944E-10 3.4955E-10 3.8179E-10 4.1622E-10 4.5430E-10 4.9658E-10 5.4553E-10 6.0070E-10 6.5263E-10 7.1366E-10 7.7391E-10 8.3377E-10 9.0923E-10 9.7673E-10 1.0469E-09 1.1193E-09 1.1946E-09 1.2729E-09 1.3561E-09 1.4469E-09 1.5402E-09 1.6625E-09 1.7825E-09 1.8963E-09 2.0105E-09 2.1266E-09 2.2457E-09 2.3649E-09 2.4878E-09 2.6165E-09 2.7490E-09 2.8791E-09 3.0064E-09 3.1336E-09 3.2601E-09 3.3899E-09 3.5223E-09 3.6523E-09 3.7755E-09 3.8928E-09 4.0055E-09 4.1108E-09 4.2137E-09 4.3151E-09 4.4119E-09 4.4956E-09 4.5680E-09 4.6328E-09 4.6896E-09 4.7266E-09 4.7428E-09 4.7354E-09 4.7090E-09
1.8402E-10 2.0662E-10 2.3561E-10 2.5982E-10 2.8516E-10 3.1209E-10 3.4095E-10 3.7176E-10 4.0503E-10 4.4251E-10 4.8681E-10 5.3585E-10 5.8286E-10 6.3839E-10 6.9260E-10 7.4585E-10 8.1396E-10 8.7450E-10 9.3658E-10 1.0013E-09 1.0688E-09 1.1391E-09 1.2126E-09 1.2924E-09 1.3758E-09 1.4852E-09 1.5919E-09 1.6922E-09 1.7963E-09 1.9022E-09 2.0091E-09 2.1201E-09 2.2315E-09 2.3455E-09 2.4654E-09 2.5858E-09 2.7017E-09 2.8164E-09 2.9296E-09 3.0422E-09 3.1559E-09 3.2717E-09 3.3826E-09 3.4862E-09 3.5831E-09 3.6737E-09 3.7565E-09 3.8343E-09 3.9091E-09 3.9798E-09 4.0398E-09 4.0846E-09 4.1182E-09 4.1422E-09 4.1535E-09 4.1432E-09 4.1093E-09
1.5651E-10 1.7805E-10 2.0588E-10 2.2904E-10 2.5280E-10 2.7748E-10 3.0336E-10 3.3084E-10 3.6010E-10 3.9239E-10 4.3241E-10 4.7637E-10 5.1752E-10 5.6845E-10 6.1710E-10 6.6435E-10 7.2553E-10 7.7871E-10 8.3378E-10 8.9142E-10 9.5162E-10 1.0144E-09 1.0801E-09 1.1500E-09 1.2250E-09 1.3238E-09 1.4153E-09 1.5041E-09 1.5962E-09 1.6906E-09 1.7887E-09 1.8862E-09 1.9888E-09 2.0924E-09 2.1972E-09 2.3064E-09 2.4144E-09 2.5172E-09 2.6186E-09 2.7173E-09 2.8149E-09 2.9130E-09 3.0117E-09 3.1041E-09 3.1893E-09 3.2664E-09 3.3371E-09 3.4000E-09 3.4546E-09 3.5042E-09 3.5491E-09 3.5871E-09 3.6096E-09 3.6183E-09 3.6110E-09 3.5941E-09 3.5594E-09
1.3210E-10 1.5135E-10 1.7685E-10 1.9854E-10 2.2090E-10 2.4410E-10 2.6817E-10 2.9319E-10 3.1934E-10 3.4673E-10 3.8192E-10 4.2146E-10 4.5734E-10 5.0337E-10 5.4722E-10 5.8917E-10 6.4341E-10 6.8992E-10 7.3870E-10 7.8979E-10 8.4317E-10 8.9926E-10 9.5790E-10 1.0189E-09 1.0844E-09 1.1741E-09 1.2560E-09 1.3328E-09 1.4146E-09 1.4982E-09 1.5837E-09 1.6719E-09 1.7601E-09 1.8556E-09 1.9473E-09 2.0426E-09 2.1417E-09 2.2368E-09 2.3287E-09 2.4157E-09 2.5005E-09 2.5829E-09 2.6641E-09 2.7442E-09 2.8200E-09 2.8873E-09 2.9463E-09 2.9986E-09 3.0437E-09 3.0797E-09 3.1068E-09 3.1275E-09 3.1427E-09 3.1453E-09 3.1367E-09 3.1071E-09 3.0615E-09
1.1229E-10 1.2777E-10 1.5034E-10 1.6979E-10 1.9031E-10 2.1164E-10 2.3386E-10 2.5707E-10 2.8092E-10 3.0532E-10 3.3584E-10 3.7093E-10 4.0264E-10 4.4286E-10 4.8257E-10 5.2004E-10 5.6735E-10 6.0828E-10 6.5125E-10 6.9627E-10 7.4366E-10 7.9354E-10 8.4538E-10 8.9900E-10 9.5539E-10 1.0350E-09 1.1093E-09 1.1767E-09 1.2482E-09 1.3234E-09 1.3990E-09 1.4754E-09 1.5535E-09 1.6354E-09 1.7177E-09 1.7957E-09 1.8828E-09 1.9708E-09 2.0536E-09 2.1333E-09 2.2090E-09 2.2822E-09 2.3489E-09 2.4129E-09 2.4761E-09 2.5357E-09 2.5872E-09 2.6310E-09 2.6680E-09 2.6953E-09 2.7165E-09 2.7256E-09 2.7259E-09 2.7163E-09 2.6994E-09 2.6707E-09 2.6289E-09
9.6593E-11 1.0874E-10 1.2754E-10 1.4399E-10 1.6210E-10 1.8147E-10 2.0159E-10 2.2247E-10 2.4379E-10 2.6607E-10 2.9279E-10 3.2380E-10 3.5261E-10 3.8767E-10 4.2283E-10 4.5610E-10 4.9779E-10 5.3364E-10 5.7129E-10 6.1095E-10 6.5295E-10 6.9681E-10 7.4237E-10 7.8950E-10 8.3819E-10 9.0739E-10 9.7384E-10 1.0345E-09 1.0964E-09 1.1625E-09 1.2310E-09 1.2992E-09 1.3676E-09 1.4376E-09 1.5080E-09 1.5789E-09 1.6465E-09 1.7204E-09 1.7947E-09 1.8692E-09 1.9349E-09 1.9996E-09 2.0558E-09 2.1111E-09 2.1620E-09 2.2102E-09 2.2563E-09 2.2948E-09 2.3259E-09 2.3484E-09 2.3627E-09 2.3694E-09 2.3652E-09 2.3521E-09 2.3266E-09 2.2882E-09 2.2407E-09
8.2620E-11 9.3326E-11 1.0857E-10 1.2249E-10 1.3736E-10 1.5388E-10 1.7188E-10 1.9045E-10 2.0947E-10 2.2919E-10 2.5257E-10 2.7943E-10 3.0475E-10 3.3637E-10 3.6711E-10 3.9676E-10 4.3449E-10 4.6581E-10 4.9871E-10 5.3371E-10 5.7049E-10 6.0882E-10 6.4863E-10 6.8983E-10 7.3235E-10 7.9217E-10 8.4965E-10 9.0430E-10 9.5928E-10 1.0161E-09 1.0766E-09 1.1384E-09 1.1994E-09 1.2598E-09 1.3198E-09 1.3801E-09 1.4423E-09 1.4993E-09 1.5616E-09 1.6242E-09 1.6831E-09 1.7356E-09 1.7853E-09 1.8311E-09 1.8740E-09 1.9106E-09 1.9479E-09 1.9817E-09 2.0099E-09 2.0323E-09 2.0433E-09 2.0468E-09 2.0407E-09 2.0269E-09 2.0015E-09 1.9666E-09 1.9213E-09
7.0115E-11 7.9756E-11 9.1966E-11 1.0507E-10 1.1717E-10 1.3035E-10 1.4519E-10 1.6118E-10 1.7824E-10 1.9553E-10 2.1625E-10 2.3931E-10 2.6020E-10 2.8804E-10 3.1457E-10 3.4045E-10 3.7491E-10 4.0321E-10 4.3251E-10 4.6335E-10 4.9556E-10 5.2907E-10 5.6380E-10 5.9970E-10 6.3678E-10 6.8911E-10 7.3814E-10 7.8540E-10 8.3651E-10 8.8476E-10 9.3640E-10 9.9119E-10 1.0458E-09 1.0985E-09 1.1502E-09 1.2014E-09 1.2524E-09 1.3060E-09 1.3544E-09 1.4059E-09 1.4574E-09 1.5052E-09 1.5463E-09 1.5817E-09 1.6147E-09 1.6449E-09 1.6708E-09 1.6946E-09 1.7141E-09 1.7333E-09 1.7460E-09 1.7511E-09 1.7451E-09 1.7318E-09 1.7094E-09 1.6769E-09 1.6368E-09
5.4925E-11 6.5632E-11 7.6675E-11 8.8644E-11 1.0037E-10 1.1170E-10 1.2300E-10 1.3581E-10 1.5003E-10 1.6501E-10 1.8348E-10 2.0353E-10 2.2081E-10 2.4395E-10 2.6688E-10 2.8914E-10 3.1936E-10 3.4530E-10 3.7138E-10 3.9821E-10 4.2629E-10 4.5550E-10 4.8573E-10 5.1700E-10 5.4931E-10 5.9528E-10 6.3745E-10 6.7720E-10 7.2066E-10 7.6701E-10 8.1011E-10 8.5576E-10 9.0397E-10 9.5109E-10 9.9641E-10 1.0408E-09 1.0849E-09 1.1286E-09 1.1735E-09 1.2138E-09 1.2526E-09 1.2932E-09 1.3305E-09 1.3628E-09 1.3895E-09 1.4139E-09 1.4342E-09 1.4512E-09 1.4649E-09 1.4729E-09 1.4780E-09 1.4784E-09 1.4752E-09 1.4633E-09 1.4450E-09 1.4160E-09 1.3795E-09
3.7582E-11 4.6801E-11 5.7562E-11 7.0700E-11 8.4189E-11 9.5552E-11 1.0556E-10 1.1547E-10 1.2613E-10 1.3822E-10 1.5362E-10 1.7118E-10 1.8597E-10 2.0400E-10 2.2415E-10 2.4344E-10 2.6923E-10 2.9285E-10 3.1640E-10 3.3979E-10 3.6396E-10 3.8911E-10 4.1526E-10 4.4235E-10 4.7038E-10 5.1066E-10 5.4748E-10 5.8112E-10 6.1718E-10 6.5617E-10 6.9832E-10 7.3748E-10 7.7524E-10 8.1674E-10 8.5735E-10 8.9630E-10 9.3494E-10 9.7276E-10 1.0086E-09 1.0445E-09 1.0762E-09 1.1033E-09 1.1337E-09 1.1628E-09 1.1879E-09 1.2082E-09 1.2259E-09 1.2394E-09 1.2491E-09 1.2546E-09 1.2558E-09 1.2510E-09 1.2425E-09 1.2298E-09 1.2115E-09 1.1877E-09 1.1577E-09
2.8671E-11 3.3274E-11 3.9537E-11 4.8888E-11 6.0667E-11 7.4155E-11 8.7430E-11 9.8791E-11 1.0747E-10 1.1656E-10 1.2776E-10 1.4277E-10 1.5484E-10 1.6881E-10 1.8609E-10 2.0266E-10 2.2367E-10 2.4557E-10 2.6663E-10 2.8779E-10 3.0871E-10 3.3031E-10 3.5281E-10 3.7615E-10 4.0037E-10 4.3547E-10 4.6748E-10 4.9667E-10 5.2684E-10 5.5921E-10 5.9392E-10 6.3083E-10 6.6491E-10 6.9601E-10 7.3136E-10 7.6653E-10 8.0028E-10 8.3282E-10 8.6299E-10 8.9121E-10 9.1747E-10 9.4107E-10 9.6162E-10 9.8345E-10 1.0052E-09 1.0243E-09 1.0397E-09 1.0512E-09 1.0596E-09 1.0637E-09 1.0639E-09 1.0592E-09 1.0496E-09 1.0358E-09 1.0160E-09 9.9111E-10 9.6071E-10
5.6299E-12 1.4762E-11 2.4990E-11 3.5421E-11 4.2652E-11 5.0506E-11 6.1679E-11 7.4145E-11 8.5852E-11 9.6370E-11 1.0589E-10 1.1805E-10 1.2841E-10 1.3866E-10 1.5196E-10 1.6688E-10 1.8310E-10 2.0209E-10 2.2172E-10 2.4081E-10 2.5975E-10 2.7847E-10 2.9780E-10 3.1789E-10 3.3873E-10 3.6921E-10 3.9692E-10 4.2217E-10 4.4813E-10 4.7474E-10 5.0267E-10 5.3180E-10 5.6325E-10 5.9211E-10 6.1763E-10 6.4828E-10 6.7899E-10 7.0768E-10 7.3371E-10 7.5759E-10 7.7933E-10 7.9888E-10 8.1542E-10 8.3016E-10 8.4455E-10 8.5914E-10 8.7347E-10 8.8534E-10 8.9322E-10 8.9644E-10 8.9523E-10 8.9137E-10 8.8237E-10 8.6979E-10 8.5212E-10 8.3042E-10 8.0271E-10
