Assets/Resources/2015_m01_d16_0400(utc+0800)_l00_csi_1hr_conc.grd
DSAA
         159         159
     -79.000      79.000
     -79.000      79.000
  0.3209E-10  0.1061E-04
[rows 0 to 24 of 159, columns 0 to 56 of 159]
1.4820E-10 1.5303E-10 1.5798E-10 1.6313E-10 1.6840E-10 1.7371E-10 1.7914E-10 1.8505E-10 1.9092E-10 1.9683E-10 2.0324E-10 2.0961E-10 2.1595E-10 2.2260E-10 2.2940E-10 2.3616E-10 2.4376E-10 2.5181E-10 2.6022E-10 2.6962E-10 2.7971E-10 2.9065E-10 3.0215E-10 3.1490E-10 3.2833E-10 3.4176E-10 3.5497E-10 3.6811E-10 3.8172E-10 3.9652E-10 4.1158E-10 4.2788E-10 4.4391E-10 4.6035E-10 4.7507E-10 4.8934E-10 5.0348E-10 5.1762E-10 5.3202E-10 5.4700E-10 5.6225E-10 5.7778E-10 5.9356E-10 6.0961E-10 6.2592E-10 6.4219E-10 6.5869E-10 6.7578E-10 6.9430E-10 7.1382E-10 7.3412E-10 7.5528E-10 7.7724E-10 7.9941E-10 8.2083E-10 8.4188E-10 8.6275E-10
1.4978E-10 1.5475E-10 1.5975E-10 1.6497E-10 1.7022E-10 1.7568E-10 1.8135E-10 1.8716E-10 1.9302E-10 1.9919E-10 2.0567E-10 2.1196E-10 2.1837E-10 2.2529E-10 2.3219E-10 2.3918E-10 2.4717E-10 2.5551E-10 2.6470E-10 2.7483E-10 2.8527E-10 2.9643E-10 3.0917E-10 3.2229E-10 3.3564E-10 3.4955E-10 3.6257E-10 3.7737E-10 3.9218E-10 4.0726E-10 4.2307E-10 4.3916E-10 4.5568E-10 4.7047E-10 4.8483E-10 4.9906E-10 5.1331E-10 5.2782E-10 5.4294E-10 5.5834E-10 5.7403E-10 5.9000E-10 6.0625E-10 6.2276E-10 6.3925E-10 6.5634E-10 6.7369E-10 6.9251E-10 7.1239E-10 7.3361E-10 7.5565E-10 7.7776E-10 8.0043E-10 8.2235E-10 8.4390E-10 8.6500E-10 8.8592E-10
1.5142E-10 1.5636E-10 1.6151E-10 1.6679E-10 1.7210E-10 1.7753E-10 1.8346E-10 1.8934E-10 1.9527E-10 2.0170E-10 2.0809E-10 2.1445E-10 2.2113E-10 2.2796E-10 2.3476E-10 2.4241E-10 2.5053E-10 2.5982E-10 2.6975E-10 2.8011E-10 2.9132E-10 3.0272E-10 3.1593E-10 3.2971E-10 3.4299E-10 3.5611E-10 3.7145E-10 3.8673E-10 4.0218E-10 4.1802E-10 4.3415E-10 4.5073E-10 4.6558E-10 4.8028E-10 4.9432E-10 5.0865E-10 5.2359E-10 5.3882E-10 5.5436E-10 5.7019E-10 5.8632E-10 6.0274E-10 6.1916E-10 6.3586E-10 6.5317E-10 6.7149E-10 6.9179E-10 7.1245E-10 7.3402E-10 7.5647E-10 7.7919E-10 8.0123E-10 8.2296E-10 8.4477E-10 8.6637E-10 8.8782E-10 9.0933E-10
1.5303E-10 1.5803E-10 1.6324E-10 1.6849E-10 1.7395E-10 1.7963E-10 1.8545E-10 1.9131E-10 1.9767E-10 2.0400E-10 2.1030E-10 2.1691E-10 2.2386E-10 2.3060E-10 2.3819E-10 2.4622E-10 2.5489E-10 2.6444E-10 2.7429E-10 2.8529E-10 2.9713E-10 3.1037E-10 3.2365E-10 3.3697E-10 3.5019E-10 3.6585E-10 3.8120E-10 3.9717E-10 4.1302E-10 4.2918E-10 4.4579E-10 4.6068E-10 4.7515E-10 4.8926E-10 5.0367E-10 5.1869E-10 5.3403E-10 5.4969E-10 5.6565E-10 5.8193E-10 5.9852E-10 6.1512E-10 6.3234E-10 6.4987E-10 6.6890E-10 6.8903E-10 7.1054E-10 7.3294E-10 7.5565E-10 7.7880E-10 8.0127E-10 8.2363E-10 8.4542E-10 8.6710E-10 8.8888E-10 9.1131E-10 9.3380E-10
1.5454E-10 1.5968E-10 1.6495E-10 1.7026E-10 1.7569E-10 1.8162E-10 1.8750E-10 1.9362E-10 1.9987E-10 2.0628E-10 2.1265E-10 2.1935E-10 2.2621E-10 2.3303E-10 2.4099E-10 2.4934E-10 2.5826E-10 2.6894E-10 2.7997E-10 2.9103E-10 3.0354E-10 3.1611E-10 3.3032E-10 3.4436E-10 3.5963E-10 3.7546E-10 3.9140E-10 4.0751E-10 4.2367E-10 4.4031E-10 4.5522E-10 4.6973E-10 4.8389E-10 4.9836E-10 5.1346E-10 5.2889E-10 5.4465E-10 5.6073E-10 5.7714E-10 5.9388E-10 6.1063E-10 6.2804E-10 6.4647E-10 6.6645E-10 6.8729E-10 7.0911E-10 7.3184E-10 7.5492E-10 7.7781E-10 8.0023E-10 8.2260E-10 8.4484E-10 8.6699E-10 8.8946E-10 9.1241E-10 9.3528E-10 9.5842E-10
1.5610E-10 1.6130E-10 1.6654E-10 1.7200E-10 1.7767E-10 1.8348E-10 1.8935E-10 1.9571E-10 2.0204E-10 2.0835E-10 2.1497E-10 2.2194E-10 2.2870E-10 2.3631E-10 2.4439E-10 2.5338E-10 2.6343E-10 2.7379E-10 2.8501E-10 2.9659E-10 3.0957E-10 3.2351E-10 3.3707E-10 3.5250E-10 3.6850E-10 3.8503E-10 4.0137E-10 4.1768E-10 4.3457E-10 4.4949E-10 4.6403E-10 4.7822E-10 4.9274E-10 5.0790E-10 5.2341E-10 5.3925E-10 5.5543E-10 5.7196E-10 5.8882E-10 6.0572E-10 6.2329E-10 6.4191E-10 6.6212E-10 6.8375E-10 7.0586E-10 7.2911E-10 7.5297E-10 7.7599E-10 7.9880E-10 8.2110E-10 8.4378E-10 8.6640E-10 8.8935E-10 9.1246E-10 9.3606E-10 9.5996E-10 9.8415E-10
1.5764E-10 1.6290E-10 1.6820E-10 1.7362E-10 1.7954E-10 1.8541E-10 1.9134E-10 1.9778E-10 2.0419E-10 2.1057E-10 2.1728E-10 2.2414E-10 2.3098E-10 2.3924E-10 2.4816E-10 2.5797E-10 2.6794E-10 2.7878E-10 2.9047E-10 3.0374E-10 3.1721E-10 3.3059E-10 3.4592E-10 3.6206E-10 3.7892E-10 3.9527E-10 4.1155E-10 4.2834E-10 4.4326E-10 4.5805E-10 4.7226E-10 4.8681E-10 5.0202E-10 5.1758E-10 5.3349E-10 5.4976E-10 5.6668E-10 5.8336E-10 6.0072E-10 6.1843E-10 6.3769E-10 6.5810E-10 6.7997E-10 7.0280E-10 7.2604E-10 7.4980E-10 7.7318E-10 7.9635E-10 8.1904E-10 8.4189E-10 8.6495E-10 8.8837E-10 9.1215E-10 9.3628E-10 9.6074E-10 9.8534E-10 1.0113E-09
1.5915E-10 1.6438E-10 1.6973E-10 1.7548E-10 1.8128E-10 1.8714E-10 1.9331E-10 1.9982E-10 2.0612E-10 2.1257E-10 2.1972E-10 2.2649E-10 2.3438E-10 2.4249E-10 2.5153E-10 2.6164E-10 2.7233E-10 2.8420E-10 2.9623E-10 3.0942E-10 3.2266E-10 3.3935E-10 3.5612E-10 3.7288E-10 3.8915E-10 4.0538E-10 4.2197E-10 4.3686E-10 4.5165E-10 4.6603E-10 4.8059E-10 4.9583E-10 5.1174E-10 5.2770E-10 5.4403E-10 5.6073E-10 5.7750E-10 5.9497E-10 6.1281E-10 6.3223E-10 6.5352E-10 6.7560E-10 6.9887E-10 7.2238E-10 7.4706E-10 7.7010E-10 7.9320E-10 8.1644E-10 8.3951E-10 8.6298E-10 8.8667E-10 9.1094E-10 9.3576E-10 9.6102E-10 9.8744E-10 1.0142E-09 1.0412E-09
1.6064E-10 1.6592E-10 1.7132E-10 1.7704E-10 1.8308E-10 1.8900E-10 1.9543E-10 2.0183E-10 2.0820E-10 2.1491E-10 2.2177E-10 2.2916E-10 2.3717E-10 2.4584E-10 2.5570E-10 2.6653E-10 2.7771E-10 2.8926E-10 3.0212E-10 3.1596E-10 3.3115E-10 3.4736E-10 3.6527E-10 3.8202E-10 3.9901E-10 4.1554E-10 4.3040E-10 4.4516E-10 4.5953E-10 4.7441E-10 4.8965E-10 5.0527E-10 5.2127E-10 5.3765E-10 5.5441E-10 5.7126E-10 5.8882E-10 6.0677E-10 6.2703E-10 6.4842E-10 6.7070E-10 6.9419E-10 7.1795E-10 7.4248E-10 7.6582E-10 7.8907E-10 8.1266E-10 8.3610E-10 8.5997E-10 8.8428E-10 9.0900E-10 9.3457E-10 9.6118E-10 9.8820E-10 1.0161E-09 1.0441E-09 1.0739E-09
1.6201E-10 1.6734E-10 1.7306E-10 1.7884E-10 1.8468E-10 1.9084E-10 1.9733E-10 2.0362E-10 2.1006E-10 2.1702E-10 2.2397E-10 2.3187E-10 2.3999E-10 2.4948E-10 2.6030E-10 2.7107E-10 2.8206E-10 2.9477E-10 3.0835E-10 3.2409E-10 3.4047E-10 3.5735E-10 3.7477E-10 3.9194E-10 4.0866E-10 4.2347E-10 4.3843E-10 4.5278E-10 4.6764E-10 4.8288E-10 4.9851E-10 5.1452E-10 5.3093E-10 5.4773E-10 5.6464E-10 5.8227E-10 6.0031E-10 6.2069E-10 6.4256E-10 6.6501E-10 6.8870E-10 7.1333E-10 7.3764E-10 7.6126E-10 7.8510E-10 8.0859E-10 8.3237E-10 8.5663E-10 8.8134E-10 9.0753E-10 9.3421E-10 9.6135E-10 9.8938E-10 1.0181E-09 1.0472E-09 1.0767E-09 1.1064E-09
1.6344E-10 1.6881E-10 1.7451E-10 1.8052E-10 1.8642E-10 1.9264E-10 1.9920E-10 2.0556E-10 2.1225E-10 2.1911E-10 2.2650E-10 2.3450E-10 2.4301E-10 2.5361E-10 2.6423E-10 2.7547E-10 2.8776E-10 3.0082E-10 3.1579E-10 3.3207E-10 3.4930E-10 3.6734E-10 3.8455E-10 4.0106E-10 4.1632E-10 4.3124E-10 4.4578E-10 4.6061E-10 4.7584E-10 4.9145E-10 5.0747E-10 5.2389E-10 5.4071E-10 5.5766E-10 5.7534E-10 5.9345E-10 6.1392E-10 6.3591E-10 6.5981E-10 6.8365E-10 7.0801E-10 7.3236E-10 7.5621E-10 7.7989E-10 8.0351E-10 8.2780E-10 8.5241E-10 8.7854E-10 9.0517E-10 9.3234E-10 9.6086E-10 9.8928E-10 1.0190E-09 1.0488E-09 1.0789E-09 1.1100E-09 1.1418E-09
1.6474E-10 1.7035E-10 1.7619E-10 1.8200E-10 1.8813E-10 1.9442E-10 2.0086E-10 2.0728E-10 2.1404E-10 2.2115E-10 2.2905E-10 2.3744E-10 2.4774E-10 2.5752E-10 2.6833E-10 2.8042E-10 2.9307E-10 3.0898E-10 3.2459E-10 3.4136E-10 3.5880E-10 3.7639E-10 3.9362E-10 4.0907E-10 4.2407E-10 4.3856E-10 4.5335E-10 4.6853E-10 4.8412E-10 5.0012E-10 5.1653E-10 5.3337E-10 5.5033E-10 5.6804E-10 5.8619E-10 6.0674E-10 6.2950E-10 6.5284E-10 6.7683E-10 7.0136E-10 7.2590E-10 7.5016E-10 7.7409E-10 7.9797E-10 8.2255E-10 8.4793E-10 8.7445E-10 9.0154E-10 9.3004E-10 9.5865E-10 9.8888E-10 1.0193E-09 1.0496E-09 1.0812E-09 1.1132E-09 1.1458E-09 1.1777E-09
1.6610E-10 1.7176E-10 1.7757E-10 1.8360E-10 1.8980E-10 1.9615E-10 2.0266E-10 2.0933E-10 2.1616E-10 2.2353E-10 2.3153E-10 2.4100E-10 2.5107E-10 2.6158E-10 2.7325E-10 2.8518E-10 2.9977E-10 3.1579E-10 3.3303E-10 3.5062E-10 3.6913E-10 3.8595E-10 4.0128E-10 4.1603E-10 4.3097E-10 4.4554E-10 4.6067E-10 4.7653E-10 4.9249E-10 5.0888E-10 5.2570E-10 5.4266E-10 5.6039E-10 5.7857E-10 5.9915E-10 6.2198E-10 6.4541E-10 6.6951E-10 6.9418E-10 7.1889E-10 7.4334E-10 7.6748E-10 7.9179E-10 8.1709E-10 8.4338E-10 8.7045E-10 8.9838E-10 9.2689E-10 9.5706E-10 9.8744E-10 1.0179E-09 1.0499E-09 1.0822E-09 1.1150E-09 1.1472E-09 1.1799E-09 1.2135E-09
1.6734E-10 1.7323E-10 1.7909E-10 1.8519E-10 1.9144E-10 1.9785E-10 2.0424E-10 2.1098E-10 2.1787E-10 2.2578E-10 2.3430E-10 2.4461E-10 2.5440E-10 2.6602E-10 2.7802E-10 2.9067E-10 3.0680E-10 3.2427E-10 3.4223E-10 3.5982E-10 3.7768E-10 3.9335E-10 4.0850E-10 4.2334E-10 4.3783E-10 4.5290E-10 4.6838E-10 4.8460E-10 5.0094E-10 5.1773E-10 5.3467E-10 5.5240E-10 5.7058E-10 5.9118E-10 6.1337E-10 6.3753E-10 6.6190E-10 6.8667E-10 7.1151E-10 7.3612E-10 7.6045E-10 7.8540E-10 8.1155E-10 8.3813E-10 8.6580E-10 8.9410E-10 9.2364E-10 9.5410E-10 9.8487E-10 1.0165E-09 1.0488E-09 1.0817E-09 1.1141E-09 1.1470E-09 1.1810E-09 1.2149E-09 1.2488E-09
1.6881E-10 1.7458E-10 1.8040E-10 1.8673E-10 1.9304E-10 1.9933E-10 2.0615E-10 2.1294E-10 2.2029E-10 2.2826E-10 2.3771E-10 2.4778E-10 2.5828E-10 2.7024E-10 2.8193E-10 2.9679E-10 3.1401E-10 3.3228E-10 3.5007E-10 3.6824E-10 3.8552E-10 4.0055E-10 4.1528E-10 4.2992E-10 4.4490E-10 4.6031E-10 4.7616E-10 4.9245E-10 5.0948E-10 5.2638E-10 5.4408E-10 5.6225E-10 5.8284E-10 6.0503E-10 6.2855E-10 6.5364E-10 6.7848E-10 7.0361E-10 7.2835E-10 7.5283E-10 7.7798E-10 8.0420E-10 8.3169E-10 8.5967E-10 8.8893E-10 9.1951E-10 9.5022E-10 9.8168E-10 1.0139E-09 1.0468E-09 1.0798E-09 1.1128E-09 1.1469E-09 1.1811E-09 1.2153E-09 1.2500E-09 1.2851E-09
1.6999E-10 1.7597E-10 1.8185E-10 1.8824E-10 1.9460E-10 2.0096E-10 2.0765E-10 2.1451E-10 2.2221E-10 2.3073E-10 2.4116E-10 2.5135E-10 2.6298E-10 2.7471E-10 2.8902E-10 3.0551E-10 3.2259E-10 3.4035E-10 3.5818E-10 3.7708E-10 3.9229E-10 4.0714E-10 4.2167E-10 4.3671E-10 4.5203E-10 4.6779E-10 4.8400E-10 5.0067E-10 5.1780E-10 5.3545E-10 5.5358E-10 5.7414E-10 5.9631E-10 6.1983E-10 6.4427E-10 6.6916E-10 6.9501E-10 7.1985E-10 7.4508E-10 7.7098E-10 7.9739E-10 8.2513E-10 8.5339E-10 8.8361E-10 9.1400E-10 9.4459E-10 9.7715E-10 1.0099E-09 1.0433E-09 1.0763E-09 1.1100E-09 1.1448E-09 1.1796E-09 1.2145E-09 1.2500E-09 1.2861E-09 1.3227E-09
1.7139E-10 1.7716E-10 1.8327E-10 1.8953E-10 1.9595E-10 2.0236E-10 2.0928E-10 2.1677E-10 2.2470E-10 2.3412E-10 2.4417E-10 2.5491E-10 2.6631E-10 2.8003E-10 2.9671E-10 3.1314E-10 3.3103E-10 3.4982E-10 3.6785E-10 3.8406E-10 3.9877E-10 4.1342E-10 4.2834E-10 4.4354E-10 4.5920E-10 4.7532E-10 4.9190E-10 5.0896E-10 5.2654E-10 5.4461E-10 5.6511E-10 5.8723E-10 6.1071E-10 6.3514E-10 6.6004E-10 6.8591E-10 7.1082E-10 7.3615E-10 7.6221E-10 7.8943E-10 8.1738E-10 8.4691E-10 8.7743E-10 9.0816E-10 9.3974E-10 9.7216E-10 1.0054E-09 1.0384E-09 1.0720E-09 1.1067E-09 1.1416E-09 1.1766E-09 1.2123E-09 1.2486E-09 1.2859E-09 1.3235E-09 1.3615E-09
1.7249E-10 1.7848E-10 1.8464E-10 1.9113E-10 1.9743E-10 2.0408E-10 2.1089E-10 2.1854E-10 2.2684E-10 2.3739E-10 2.4797E-10 2.5917E-10 2.7089E-10 2.8722E-10 3.0452E-10 3.2156E-10 3.3947E-10 3.5774E-10 3.7462E-10 3.9027E-10 4.0477E-10 4.1980E-10 4.3488E-10 4.5041E-10 4.6642E-10 4.8289E-10 4.9986E-10 5.1735E-10 5.3535E-10 5.5576E-10 5.7780E-10 6.0121E-10 6.2559E-10 6.5046E-10 6.7633E-10 7.0170E-10 7.2769E-10 7.5385E-10 7.8121E-10 8.0933E-10 8.3930E-10 8.6970E-10 9.0082E-10 9.3338E-10 9.6619E-10 9.9981E-10 1.0331E-09 1.0677E-09 1.1024E-09 1.1374E-09 1.1730E-09 1.2094E-09 1.2469E-09 1.2846E-09 1.3230E-09 1.3620E-09 1.4016E-09
1.7373E-10 1.7978E-10 1.8598E-10 1.9235E-10 1.9870E-10 2.0540E-10 2.1282E-10 2.2087E-10 2.3025E-10 2.4025E-10 2.5095E-10 2.6232E-10 2.7618E-10 2.9295E-10 3.0992E-10 3.2874E-10 3.4813E-10 3.6603E-10 3.8121E-10 3.9608E-10 4.1095E-10 4.2605E-10 4.4145E-10 4.5732E-10 4.7368E-10 4.9052E-10 5.0791E-10 5.2581E-10 5.4565E-10 5.6758E-10 5.9090E-10 6.1565E-10 6.4046E-10 6.6630E-10 6.9167E-10 7.1771E-10 7.4437E-10 7.7185E-10 8.0012E-10 8.3029E-10 8.6093E-10 8.9273E-10 9.2522E-10 9.5839E-10 9.9205E-10 1.0258E-09 1.0608E-09 1.0961E-09 1.1316E-09 1.1679E-09 1.2049E-09 1.2431E-09 1.2816E-09 1.3209E-09 1.3607E-09 1.4026E-09 1.4465E-09
1.7475E-10 1.8085E-10 1.8727E-10 1.9351E-10 2.0009E-10 2.0703E-10 2.1462E-10 2.2286E-10 2.3278E-10 2.4358E-10 2.5487E-10 2.6846E-10 2.8349E-10 3.0106E-10 3.1820E-10 3.3642E-10 3.5484E-10 3.7168E-10 3.8718E-10 4.0182E-10 4.1676E-10 4.3201E-10 4.4804E-10 4.6426E-10 4.8097E-10 4.9823E-10 5.1602E-10 5.3503E-10 5.5606E-10 5.7949E-10 6.0402E-10 6.2875E-10 6.5539E-10 6.8116E-10 7.0722E-10 7.3394E-10 7.6150E-10 7.9109E-10 8.2141E-10 8.5247E-10 8.8427E-10 9.1685E-10 9.5034E-10 9.8379E-10 1.0184E-09 1.0535E-09 1.0892E-09 1.1252E-09 1.1621E-09 1.2002E-09 1.2386E-09 1.2779E-09 1.3179E-09 1.3586E-09 1.4015E-09 1.4465E-09 1.4933E-09
1.7591E-10 1.8205E-10 1.8853E-10 1.9482E-10 2.0145E-10 2.0826E-10 2.1647E-10 2.2569E-10 2.3603E-10 2.4641E-10 2.5928E-10 2.7399E-10 2.9052E-10 3.0772E-10 3.2639E-10 3.4534E-10 3.6274E-10 3.7803E-10 3.9265E-10 4.0766E-10 4.2274E-10 4.3831E-10 4.5437E-10 4.7094E-10 4.8802E-10 5.0567E-10 5.2417E-10 5.4505E-10 5.6834E-10 5.9240E-10 6.1701E-10 6.4365E-10 6.6937E-10 6.9602E-10 7.2336E-10 7.5096E-10 7.8066E-10 8.1110E-10 8.4253E-10 8.7496E-10 9.0776E-10 9.4151E-10 9.7507E-10 1.0100E-09 1.0453E-09 1.0809E-09 1.1174E-09 1.1547E-09 1.1934E-09 1.2325E-09 1.2725E-09 1.3132E-09 1.3548E-09 1.3990E-09 1.4456E-09 1.4959E-09 1.5447E-09
1.7704E-10 1.8322E-10 1.8957E-10 1.9590E-10 2.0276E-10 2.1046E-10 2.1862E-10 2.2847E-10 2.3840E-10 2.4985E-10 2.6357E-10 2.7869E-10 2.9619E-10 3.1573E-10 3.3440E-10 3.5147E-10 3.6812E-10 3.8347E-10 3.9828E-10 4.1334E-10 4.2874E-10 4.4462E-10 4.6102E-10 4.7794E-10 4.9543E-10 5.1347E-10 5.3417E-10 5.5660E-10 5.8080E-10 6.0526E-10 6.3144E-10 6.5788E-10 6.8517E-10 7.1288E-10 7.4088E-10 7.7061E-10 8.0073E-10 8.3173E-10 8.6432E-10 8.9731E-10 9.3090E-10 9.6472E-10 9.9996E-10 1.0356E-09 1.0716E-09 1.1085E-09 1.1468E-09 1.1860E-09 1.2257E-09 1.2663E-09 1.3077E-09 1.3514E-09 1.3973E-09 1.4448E-09 1.4937E-09 1.5441E-09 1.5964E-09
1.7812E-10 1.8435E-10 1.9074E-10 1.9730E-10 2.0403E-10 2.1162E-10 2.2083E-10 2.3081E-10 2.4184E-10 2.5524E-10 2.6936E-10 2.8552E-10 3.0368E-10 3.2144E-10 3.4083E-10 3.5843E-10 3.7388E-10 3.8873E-10 4.0384E-10 4.1904E-10 4.3474E-10 4.5095E-10 4.6769E-10 4.8501E-10 5.0288E-10 5.2320E-10 5.4542E-10 5.6928E-10 5.9384E-10 6.1962E-10 6.4713E-10 6.7415E-10 7.0138E-10 7.2935E-10 7.5908E-10 7.8965E-10 8.2071E-10 8.5300E-10 8.8613E-10 9.1990E-10 9.5391E-10 9.8903E-10 1.0249E-09 1.0613E-09 1.0985E-09 1.1373E-09 1.1770E-09 1.2172E-09 1.2584E-09 1.3005E-09 1.3454E-09 1.3922E-09 1.4410E-09 1.4909E-09 1.5424E-09 1.5954E-09 1.6488E-09
1.7899E-10 1.8543E-10 1.9169E-10 1.9829E-10 2.0589E-10 2.1382E-10 2.2377E-10 2.3361E-10 2.4405E-10 2.5992E-10 2.7536E-10 2.9284E-10 3.1105E-10 3.3047E-10 3.4716E-10 3.6401E-10 3.7889E-10 3.9378E-10 4.0893E-10 4.2443E-10 4.4074E-10 4.5728E-10 4.7441E-10 4.9209E-10 5.1175E-10 5.3310E-10 5.5655E-10 5.8152E-10 6.0753E-10 6.3485E-10 6.6189E-10 6.8902E-10 7.1693E-10 7.4662E-10 7.7738E-10 8.0847E-10 8.4082E-10 8.7404E-10 9.0793E-10 9.4257E-10 9.7769E-10 1.0138E-09 1.0504E-09 1.0880E-09 1.1271E-09 1.1668E-09 1.2075E-09 1.2492E-09 1.2919E-09 1.3375E-09 1.3851E-09 1.4348E-09 1.4861E-09 1.5390E-09 1.5932E-09 1.6483E-09 1.7034E-09
1.7999E-10 1.8630E-10 1.9259E-10 1.9941E-10 2.0709E-10 2.1567E-10 2.2580E-10 2.3617E-10 2.4950E-10 2.6440E-10 2.8079E-10 2.9869E-10 3.1816E-10 3.3599E-10 3.5283E-10 3.6922E-10 3.8412E-10 3.9905E-10 4.1433E-10 4.3013E-10 4.4646E-10 4.6334E-10 4.8082E-10 4.9920E-10 5.1998E-10 5.4255E-10 5.6765E-10 5.9366E-10 6.2117E-10 6.4925E-10 6.7624E-10 7.0404E-10 7.3365E-10 7.6436E-10 7.9543E-10 8.2780E-10 8.6106E-10 8.9503E-10 9.2978E-10 9.6504E-10 1.0014E-09 1.0382E-09 1.0765E-09 1.1160E-09 1.1560E-09 1.1971E-09 1.2393E-09 1.2831E-09 1.3288E-09 1.3775E-09 1.4280E-09 1.4801E-09 1.5340E-09 1.5902E-09 1.6465E-09 1.7029E-09 1.7604E-09
