Assets/Resources/2015_m01_d12_1700(utc+0800)_l00_csi_1hr_conc.grd
DSAA
         159         159
     -79.000      79.000
     -79.000      79.000
  0.0000E+00  0.1757E-05
[rows 50 to 74 of 159, columns 0 to 56 of 159]
1.9793E-09 2.0967E-09 2.2166E-09 2.3331E-09 2.4506E-09 2.5645E-09 2.6784E-09 2.7882E-09 2.8990E-09 3.0049E-09 3.1116E-09 3.2158E-09 3.3205E-09 3.4246E-09 3.5284E-09 3.6348E-09 3.7424E-09 3.8547E-09 3.9691E-09 4.0915E-09 4.2184E-09 4.3533E-09 4.4961E-09 4.6473E-09 4.8145E-09 4.9912E-09 5.1855E-09 5.3937E-09 5.6246E-09 5.8674E-09 6.1420E-09 6.4298E-09 6.7483E-09 7.0947E-09 7.4565E-09 7.8684E-09 8.2918E-09 8.7618E-09 9.2489E-09 9.7808E-09 1.0329E-08 1.0923E-08 1.1534E-08 1.2203E-08 1.2873E-08 1.3607E-08 1.4341E-08 1.5108E-08 1.5892E-08 1.6677E-08 1.7448E-08 1.8181E-08 1.8831E-08 1.9386E-08 1.9781E-08 1.9984E-08 1.9955E-08
1.7634E-09 1.8671E-09 1.9710E-09 2.0731E-09 2.1743E-09 2.2735E-09 2.3711E-09 2.4658E-09 2.5597E-09 2.6508E-09 2.7405E-09 2.8298E-09 2.9177E-09 3.0073E-09 3.0945E-09 3.1864E-09 3.2778E-09 3.3749E-09 3.4740E-09 3.5806E-09 3.6927E-09 3.8126E-09 3.9410E-09 4.0779E-09 4.2315E-09 4.3946E-09 4.5754E-09 4.7714E-09 4.9903E-09 5.2221E-09 5.4869E-09 5.7658E-09 6.0755E-09 6.4160E-09 6.7727E-09 7.1821E-09 7.6051E-09 8.0790E-09 8.5719E-09 9.1151E-09 9.6816E-09 1.0299E-08 1.0941E-08 1.1656E-08 1.2384E-08 1.3197E-08 1.4020E-08 1.4910E-08 1.5835E-08 1.6793E-08 1.7766E-08 1.8720E-08 1.9639E-08 2.0463E-08 2.1153E-08 2.1657E-08 2.1892E-08
1.5597E-09 1.6509E-09 1.7389E-09 1.8284E-09 1.9141E-09 1.9995E-09 2.0816E-09 2.1628E-09 2.2410E-09 2.3180E-09 2.3926E-09 2.4679E-09 2.5410E-09 2.6162E-09 2.6881E-09 2.7660E-09 2.8421E-09 2.9256E-09 3.0091E-09 3.1013E-09 3.1979E-09 3.3030E-09 3.4162E-09 3.5383E-09 3.6766E-09 3.8256E-09 3.9905E-09 4.1712E-09 4.3746E-09 4.5920E-09 4.8417E-09 5.1065E-09 5.4027E-09 5.7287E-09 6.0731E-09 6.4709E-09 6.8838E-09 7.3497E-09 7.8369E-09 8.3789E-09 8.9456E-09 9.5721E-09 1.0231E-08 1.0971E-08 1.1737E-08 1.2607E-08 1.3505E-08 1.4488E-08 1.5544E-08 1.6657E-08 1.7815E-08 1.8999E-08 2.0176E-08 2.1290E-08 2.2298E-08 2.3143E-08 2.3772E-08
1.3708E-09 1.4473E-09 1.5235E-09 1.5991E-09 1.6720E-09 1.7442E-09 1.8130E-09 1.8809E-09 1.9455E-09 2.0092E-09 2.0702E-09 2.1327E-09 2.1922E-09 2.2541E-09 2.3130E-09 2.3775E-09 2.4400E-09 2.5096E-09 2.5791E-09 2.6575E-09 2.7395E-09 2.8303E-09 2.9288E-09 3.0352E-09 3.1580E-09 3.2901E-09 3.4389E-09 3.6024E-09 3.7879E-09 3.9883E-09 4.2193E-09 4.4656E-09 4.7422E-09 5.0486E-09 5.3744E-09 5.7519E-09 6.1470E-09 6.5934E-09 7.0639E-09 7.5907E-09 8.1454E-09 8.7661E-09 9.4181E-09 1.0169E-08 1.0951E-08 1.1855E-08 1.2801E-08 1.3855E-08 1.5014E-08 1.6256E-08 1.7585E-08 1.8980E-08 2.0390E-08 2.1820E-08 2.3179E-08 2.4425E-08 2.5443E-08
1.1951E-09 1.2593E-09 1.3250E-09 1.3868E-09 1.4499E-09 1.5083E-09 1.5665E-09 1.6212E-09 1.6747E-09 1.7260E-09 1.7757E-09 1.8256E-09 1.8737E-09 1.9230E-09 1.9709E-09 2.0226E-09 2.0738E-09 2.1298E-09 2.1879E-09 2.2520E-09 2.3210E-09 2.3975E-09 2.4816E-09 2.5737E-09 2.6803E-09 2.7971E-09 2.9270E-09 3.0726E-09 3.2393E-09 3.4198E-09 3.6294E-09 3.8542E-09 4.1077E-09 4.3904E-09 4.6903E-09 5.0441E-09 5.4106E-09 5.8307E-09 6.2755E-09 6.7742E-09 7.3068E-09 7.9004E-09 8.5333E-09 9.2744E-09 1.0047E-08 1.0966E-08 1.1928E-08 1.3024E-08 1.4252E-08 1.5591E-08 1.7058E-08 1.8626E-08 2.0291E-08 2.2009E-08 2.3723E-08 2.5384E-08 2.6851E-08
1.0329E-09 1.0891E-09 1.1415E-09 1.1946E-09 1.2455E-09 1.2943E-09 1.3418E-09 1.3857E-09 1.4292E-09 1.4692E-09 1.5091E-09 1.5478E-09 1.5865E-09 1.6245E-09 1.6632E-09 1.7028E-09 1.7445E-09 1.7879E-09 1.8359E-09 1.8872E-09 1.9448E-09 2.0080E-09 2.0787E-09 2.1569E-09 2.2468E-09 2.3472E-09 2.4605E-09 2.5873E-09 2.7346E-09 2.8942E-09 3.0812E-09 3.2815E-09 3.5100E-09 3.7650E-09 4.0373E-09 4.3594E-09 4.6929E-09 5.0816E-09 5.4875E-09 5.9539E-09 6.4454E-09 7.0048E-09 7.6046E-09 8.3130E-09 9.0594E-09 9.9637E-09 1.0915E-08 1.2021E-08 1.3288E-08 1.4678E-08 1.6246E-08 1.7957E-08 1.9830E-08 2.1818E-08 2.3888E-08 2.5966E-08 2.7986E-08
8.8811E-10 9.3215E-10 9.7712E-10 1.0201E-09 1.0608E-09 1.1019E-09 1.1385E-09 1.1750E-09 1.2078E-09 1.2401E-09 1.2704E-09 1.2999E-09 1.3300E-09 1.3583E-09 1.3886E-09 1.4187E-09 1.4515E-09 1.4849E-09 1.5233E-09 1.5633E-09 1.6106E-09 1.6612E-09 1.7207E-09 1.7853E-09 1.8605E-09 1.9447E-09 2.0418E-09 2.1496E-09 2.2781E-09 2.4154E-09 2.5802E-09 2.7552E-09 2.9566E-09 3.1830E-09 3.4245E-09 3.7105E-09 4.0114E-09 4.3575E-09 4.7261E-09 5.1460E-09 5.5911E-09 6.1079E-09 6.6547E-09 7.3197E-09 8.0189E-09 8.8818E-09 9.8075E-09 1.0877E-08 1.2133E-08 1.3539E-08 1.5167E-08 1.6971E-08 1.9005E-08 2.1233E-08 2.3637E-08 2.6166E-08 2.8722E-08
7.5540E-10 7.9349E-10 8.2910E-10 8.6299E-10 8.9778E-10 9.2761E-10 9.5949E-10 9.8600E-10 1.0126E-09 1.0366E-09 1.0592E-09 1.0815E-09 1.1032E-09 1.1251E-09 1.1469E-09 1.1697E-09 1.1938E-09 1.2199E-09 1.2485E-09 1.2806E-09 1.3176E-09 1.3581E-09 1.4057E-09 1.4581E-09 1.5204E-09 1.5893E-09 1.6710E-09 1.7625E-09 1.8703E-09 1.9880E-09 2.1291E-09 2.2797E-09 2.4556E-09 2.6510E-09 2.8611E-09 3.1119E-09 3.3727E-09 3.6779E-09 4.0007E-09 4.3701E-09 4.7692E-09 5.2249E-09 5.7181E-09 6.3220E-09 6.9619E-09 7.7665E-09 8.6106E-09 9.6246E-09 1.0847E-08 1.2216E-08 1.3846E-08 1.5696E-08 1.7833E-08 2.0243E-08 2.2949E-08 2.5892E-08 2.9021E-08
6.3913E-10 6.6873E-10 6.9752E-10 7.2587E-10 7.5047E-10 7.7676E-10 7.9893E-10 8.2079E-10 8.4092E-10 8.5743E-10 8.7544E-10 8.9032E-10 9.0630E-10 9.2186E-10 9.3690E-10 9.5400E-10 9.7070E-10 9.9063E-10 1.0111E-09 1.0365E-09 1.0633E-09 1.0964E-09 1.1324E-09 1.1754E-09 1.2239E-09 1.2808E-09 1.3478E-09 1.4232E-09 1.5125E-09 1.6120E-09 1.7304E-09 1.8591E-09 2.0068E-09 2.1744E-09 2.3531E-09 2.5662E-09 2.7897E-09 3.0510E-09 3.3254E-09 3.6481E-09 3.9892E-09 4.3867E-09 4.8178E-09 5.3493E-09 5.9117E-09 6.6300E-09 7.3943E-09 8.3355E-09 9.4552E-09 1.0759E-08 1.2318E-08 1.4145E-08 1.6316E-08 1.8848E-08 2.1778E-08 2.5115E-08 2.8838E-08
5.3481E-10 5.5903E-10 5.8199E-10 6.0320E-10 6.2441E-10 6.4192E-10 6.6037E-10 6.7645E-10 6.9002E-10 7.0446E-10 7.1463E-10 7.2658E-10 7.3661E-10 7.4638E-10 7.5796E-10 7.6835E-10 7.8105E-10 7.9443E-10 8.0983E-10 8.2745E-10 8.4744E-10 8.7122E-10 8.9867E-10 9.3219E-10 9.7052E-10 1.0159E-09 1.0686E-09 1.1312E-09 1.2038E-09 1.2867E-09 1.3850E-09 1.4924E-09 1.6143E-09 1.7559E-09 1.9017E-09 2.0824E-09 2.2650E-09 2.4852E-09 2.7154E-09 2.9854E-09 3.2707E-09 3.6088E-09 3.9712E-09 4.4263E-09 4.8996E-09 5.5345E-09 6.1918E-09 7.0042E-09 8.0141E-09 9.1884E-09 1.0635E-08 1.2378E-08 1.4481E-08 1.7009E-08 2.0086E-08 2.3739E-08 2.7995E-08
4.4180E-10 4.6068E-10 4.7879E-10 4.9618E-10 5.1164E-10 5.2576E-10 5.3852E-10 5.5129E-10 5.6205E-10 5.6990E-10 5.7933E-10 5.8557E-10 5.9229E-10 5.9892E-10 6.0468E-10 6.1247E-10 6.2039E-10 6.2861E-10 6.3942E-10 6.5016E-10 6.6466E-10 6.8064E-10 7.0102E-10 7.2531E-10 7.5594E-10 7.9045E-10 8.3318E-10 8.8316E-10 9.4225E-10 1.0103E-09 1.0886E-09 1.1767E-09 1.2771E-09 1.3907E-09 1.5106E-09 1.6573E-09 1.8053E-09 1.9876E-09 2.1720E-09 2.3947E-09 2.6292E-09 2.9044E-09 3.2054E-09 3.5729E-09 3.9628E-09 4.4855E-09 5.0261E-09 5.7039E-09 6.5729E-09 7.5885E-09 8.8625E-09 1.0394E-08 1.2339E-08 1.4772E-08 1.7815E-08 2.1616E-08 2.6301E-08
3.6385E-10 3.7661E-10 3.8859E-10 4.0135E-10 4.1272E-10 4.2316E-10 4.3267E-10 4.4138E-10 4.4833E-10 4.5456E-10 4.6107E-10 4.6753E-10 4.7048E-10 4.7378E-10 4.7804E-10 4.8057E-10 4.8509E-10 4.9021E-10 4.9436E-10 5.0190E-10 5.0856E-10 5.2001E-10 5.3433E-10 5.5252E-10 5.7558E-10 6.0339E-10 6.3729E-10 6.7638E-10 7.2438E-10 7.7786E-10 8.3928E-10 9.1077E-10 9.8941E-10 1.0805E-09 1.1772E-09 1.2921E-09 1.4135E-09 1.5544E-09 1.7037E-09 1.8799E-09 2.0664E-09 2.2861E-09 2.5219E-09 2.8124E-09 3.1244E-09 3.5294E-09 3.9592E-09 4.4977E-09 5.1908E-09 5.9982E-09 7.0423E-09 8.3276E-09 1.0015E-08 1.2121E-08 1.4994E-08 1.8601E-08 2.3364E-08
2.9815E-10 3.0858E-10 3.1671E-10 3.2445E-10 3.3005E-10 3.3435E-10 3.3675E-10 3.4068E-10 3.4807E-10 3.5346E-10 3.5761E-10 3.6124E-10 3.6403E-10 3.6581E-10 3.6888E-10 3.6980E-10 3.6896E-10 3.7107E-10 3.7296E-10 3.7463E-10 3.8067E-10 3.8703E-10 3.9740E-10 4.1133E-10 4.2844E-10 4.5089E-10 4.7609E-10 5.0731E-10 5.4314E-10 5.8408E-10 6.3065E-10 6.8597E-10 7.4837E-10 8.2048E-10 8.9741E-10 9.8802E-10 1.0817E-09 1.1908E-09 1.3086E-09 1.4425E-09 1.5878E-09 1.7547E-09 1.9346E-09 2.1526E-09 2.3832E-09 2.6642E-09 3.0227E-09 3.4228E-09 3.9381E-09 4.5294E-09 5.3163E-09 6.2802E-09 7.5984E-09 9.2799E-09 1.1608E-08 1.4744E-08 1.9091E-08
2.4298E-10 2.5033E-10 2.5679E-10 2.6124E-10 2.6577E-10 2.6834E-10 2.6937E-10 2.6940E-10 2.6778E-10 2.6481E-10 2.6039E-10 2.5468E-10 2.5760E-10 2.6444E-10 2.6669E-10 2.6754E-10 2.6739E-10 2.6722E-10 2.6866E-10 2.6963E-10 2.7169E-10 2.7858E-10 2.8550E-10 2.9538E-10 3.1006E-10 3.2549E-10 3.4622E-10 3.6874E-10 3.9626E-10 4.2693E-10 4.6208E-10 5.0200E-10 5.4761E-10 6.0146E-10 6.6427E-10 7.3488E-10 8.0879E-10 8.9337E-10 9.7921E-10 1.0824E-09 1.1856E-09 1.3118E-09 1.4448E-09 1.6034E-09 1.7766E-09 1.9833E-09 2.2078E-09 2.4776E-09 2.7723E-09 3.2669E-09 3.8085E-09 4.4531E-09 5.3450E-09 6.4931E-09 8.1643E-09 1.0440E-08 1.3796E-08
1.9624E-10 2.0181E-10 2.0619E-10 2.1002E-10 2.1198E-10 2.1338E-10 2.1267E-10 2.1195E-10 2.0924E-10 2.0506E-10 1.9993E-10 1.9357E-10 1.8577E-10 1.7768E-10 1.6880E-10 1.5831E-10 1.5136E-10 1.5721E-10 1.6929E-10 1.7576E-10 1.7924E-10 1.8404E-10 1.8960E-10 1.9704E-10 2.0779E-10 2.2273E-10 2.3748E-10 2.5635E-10 2.7703E-10 3.0048E-10 3.2787E-10 3.5927E-10 3.9298E-10 4.3286E-10 4.7379E-10 5.2056E-10 5.7796E-10 6.4349E-10 7.0966E-10 7.8304E-10 8.6130E-10 9.5080E-10 1.0461E-09 1.1580E-09 1.2815E-09 1.4254E-09 1.5882E-09 1.7708E-09 1.9773E-09 2.2210E-09 2.4927E-09 2.8122E-09 3.4986E-09 4.2022E-09 5.1693E-09 6.5307E-09 8.6658E-09
1.5631E-10 1.6081E-10 1.6411E-10 1.6674E-10 1.6782E-10 1.6770E-10 1.6589E-10 1.6162E-10 1.5641E-10 1.5028E-10 1.4365E-10 1.3641E-10 1.2865E-10 1.2259E-10 1.1523E-10 1.0698E-10 9.8430E-11 9.1684E-11 8.2736E-11 7.4292E-11 6.8392E-11 7.3564E-11 8.7050E-11 1.0802E-10 1.1901E-10 1.3140E-10 1.4353E-10 1.5893E-10 1.7698E-10 1.9778E-10 2.2164E-10 2.4594E-10 2.7520E-10 3.0151E-10 3.3440E-10 3.6590E-10 4.0225E-10 4.3825E-10 4.7653E-10 5.2077E-10 5.8927E-10 6.5582E-10 7.2542E-10 8.0347E-10 8.8725E-10 9.8725E-10 1.0932E-09 1.2168E-09 1.3561E-09 1.5153E-09 1.7004E-09 1.9074E-09 2.1550E-09 2.4414E-09 2.8127E-09 3.6422E-09 4.8163E-09
1.1982E-10 1.2234E-10 1.2290E-10 1.2399E-10 1.2350E-10 1.2248E-10 1.1993E-10 1.1618E-10 1.1215E-10 1.0654E-10 1.0070E-10 9.4360E-11 8.7096E-11 8.0049E-11 7.2506E-11 6.4935E-11 5.7697E-11 5.0636E-11 4.4068E-11 4.0214E-11 3.4263E-11 2.8083E-11 2.2264E-11 2.0037E-11 2.2326E-11 3.1044E-11 4.5723E-11 7.1161E-11 9.5281E-11 1.1395E-10 1.3329E-10 1.5325E-10 1.7293E-10 1.9661E-10 2.1951E-10 2.4484E-10 2.7166E-10 2.9835E-10 3.2550E-10 3.5371E-10 3.8361E-10 4.1201E-10 4.3995E-10 4.8256E-10 5.5576E-10 6.2817E-10 7.0625E-10 7.8707E-10 8.7815E-10 9.8767E-10 1.1041E-09 1.2419E-09 1.3905E-09 1.5702E-09 1.7758E-09 2.0719E-09 2.4995E-09
8.3144E-11 8.3794E-11 8.4146E-11 8.3234E-11 8.3008E-11 8.0967E-11 7.8599E-11 7.6169E-11 7.2414E-11 6.8445E-11 6.2943E-11 5.7866E-11 5.2125E-11 4.6786E-11 4.1466E-11 3.6469E-11 3.1309E-11 2.6632E-11 2.1843E-11 1.7254E-11 1.3290E-11 9.9153E-12 6.9183E-12 5.1479E-12 3.7519E-12 2.4874E-12 1.4422E-12 1.7421E-12 2.5592E-12 7.0663E-12 2.5439E-11 5.1752E-11 8.5813E-11 1.0563E-10 1.2459E-10 1.4251E-10 1.6190E-10 1.8134E-10 2.0063E-10 2.2398E-10 2.4378E-10 2.6142E-10 2.8407E-10 3.0441E-10 3.2535E-10 3.4827E-10 3.7178E-10 4.0414E-10 4.6804E-10 5.5423E-10 6.4419E-10 7.3582E-10 8.3873E-10 9.5217E-10 1.0719E-09 1.2105E-09 1.4421E-09
5.3485E-11 5.3286E-11 5.2686E-11 5.2281E-11 5.0623E-11 4.8200E-11 4.4794E-11 4.1713E-11 3.8166E-11 3.4235E-11 3.0158E-11 2.6616E-11 2.3300E-11 1.9944E-11 1.6759E-11 1.3845E-11 1.1081E-11 9.3067E-12 7.9968E-12 6.7110E-12 5.4316E-12 4.2224E-12 3.0235E-12 1.9658E-12 1.0620E-12 4.5827E-13 1.5185E-13 0.0000E+00 0.0000E+00 9.3509E-13 2.0213E-12 3.2699E-12 4.6923E-12 6.2990E-12 8.1005E-12 2.0834E-11 4.5521E-11 7.2716E-11 9.2115E-11 1.0830E-10 1.2540E-10 1.3925E-10 1.5826E-10 1.6641E-10 1.7887E-10 1.9364E-10 2.0989E-10 2.3300E-10 2.4975E-10 2.7420E-10 2.9656E-10 3.2782E-10 3.7965E-10 4.8066E-10 5.5708E-10 6.5767E-10 7.5242E-10
2.5199E-11 2.5551E-11 2.4466E-11 2.3437E-11 2.2195E-11 2.0277E-11 1.8256E-11 1.5882E-11 1.3688E-11 1.1598E-11 1.0047E-11 9.3863E-12 8.7275E-12 7.8933E-12 7.1498E-12 6.3202E-12 5.3396E-12 4.4253E-12 3.5114E-12 2.5173E-12 1.6469E-12 9.3740E-13 4.2039E-13 1.3206E-13 0.0000E+00 0.0000E+00 0.0000E+00 0.0000E+00 0.0000E+00 0.0000E+00 0.0000E+00 1.0357E-13 7.1293E-13 1.8340E-12 3.4777E-12 4.9598E-12 6.4080E-12 6.6869E-12 8.3252E-12 1.0141E-11 1.2520E-11 2.0956E-11 3.8741E-11 5.8709E-11 7.2951E-11 7.8463E-11 9.0287E-11 9.9118E-11 1.1621E-10 1.3000E-10 1.4944E-10 1.6672E-10 1.8409E-10 2.0632E-10 2.3843E-10 2.6669E-10 3.0396E-10
1.0508E-11 8.9288E-12 7.6577E-12 6.3743E-12 4.8610E-12 3.0211E-12 1.7376E-12 1.1622E-12 9.2797E-13 1.2509E-12 1.3824E-12 1.2366E-12 1.1863E-12 1.3100E-12 1.2104E-12 8.7562E-13 5.5702E-13 4.2743E-13 2.1660E-13 9.0658E-15 0.0000E+00 0.0000E+00 0.0000E+00 0.0000E+00 0.0000E+00 0.0000E+00 0.0000E+00 0.0000E+00 0.0000E+00 0.0000E+00 0.0000E+00 0.0000E+00 0.0000E+00 0.0000E+00 0.0000E+00 0.0000E+00 0.0000E+00 3.8630E-13 1.4194E-12 2.2927E-12 4.0056E-12 5.5019E-12 7.0722E-12 7.1339E-12 7.5357E-12 8.9062E-12 1.1330E-11 1.2507E-11 2.1665E-11 3.1556E-11 4.3277E-11 6.0162E-11 6.9369E-11 8.7439E-11 9.9365E-11 1.1418E-10 1.2681E-10
3.4028E-12 2.2018E-12 8.8172E-13 0.0000E+00 0.0000E+00 0.0000E+00 0.0000E+00 0.0000E+00 0.0000E+00 0.0000E+00 0.0000E+00 0.0000E+00 0.0000E+00 0.0000E+00 0.0000E+00 0.0000E+00 0.0000E+00 0.0000E+00 0.0000E+00 0.0000E+00 0.0000E+00 0.0000E+00 0.0000E+00 0.0000E+00 0.0000E+00 0.0000E+00 0.0000E+00 0.0000E+00 0.0000E+00 0.0000E+00 0.0000E+00 0.0000E+00 0.0000E+00 0.0000E+00 0.0000E+00 0.0000E+00 0.0000E+00 0.0000E+00 0.0000E+00 0.0000E+00 0.0000E+00 0.0000E+00 0.0000E+00 4.0562E-13 1.3873E-12 1.9358E-12 2.2002E-12 2.2309E-12 2.0774E-12 1.9028E-12 2.4245E-12 3.8717E-12 6.6201E-12 1.1305E-11 1.9229E-11 3.0462E-11 4.0662E-11
0.0000E+00 0.0000E+00 0.0000E+00 0.0000E+00 0.0000E+00 0.0000E+00 0.0000E+00 0.0000E+00 0.0000E+00 0.0000E+00 0.0000E+00 0.0000E+00 0.0000E+00 0.0000E+00 0.0000E+00 0.0000E+00 0.0000E+00 0.0000E+00 0.0000E+00 0.0000E+00 0.0000E+00 0.0000E+00 0.0000E+00 0.0000E+00 0.0000E+00 0.0000E+00 0.0000E+00 0.0000E+00 0.0000E+00 0.0000E+00 0.0000E+00 0.0000E+00 0.0000E+00 0.0000E+00 0.0000E+00 0.0000E+00 0.0000E+00 0.0000E+00 0.0000E+00 0.0000E+00 0.0000E+00 0.0000E+00 0.0000E+00 0.0000E+00 0.0000E+00 0.0000E+00 0.0000E+00 0.0000E+00 0.0000E+00 0.0000E+00 0.0000E+00 0.0000E+00 0.0000E+00 0.0000E+00 0.0000E+00 1.8371E-13 1.4197E-12
0.0000E+00 0.0000E+00 0.0000E+00 0.0000E+00 0.0000E+00 0.0000E+00 0.0000E+00 0.0000E+00 0.0000E+00 0.0000E+00 0.0000E+00 0.0000E+00 0.0000E+00 0.0000E+00 0.0000E+00 0.0000E+00 0.0000E+00 0.0000E+00 0.0000E+00 0.0000E+00 0.0000E+00 0.0000E+00 0.0000E+00 0.0000E+00 0.0000E+00 0.0000E+00 0.0000E+00 0.0000E+00 0.0000E+00 0.0000E+00 0.0000E+00 0.0000E+00 0.0000E+00 0.0000E+00 0.0000E+00 0.0000E+00 0.0000E+00 0.0000E+00 0.0000E+00 0.0000E+00 0.0000E+00 0.0000E+00 0.0000E+00 0.0000E+00 0.0000E+00 0.0000E+00 0.0000E+00 0.0000E+00 0.0000E+00 0.0000E+00 0.0000E+00 0.0000E+00 0.0000E+00 0.0000E+00 0.0000E+00 0.0000E+00 0.0000E+00
0.0000E+00 0.0000E+00 0.0000E+00 0.0000E+00 0.0000E+00 0.0000E+00 0.0000E+00 0.0000E+00 0.0000E+00 0.0000E+00 0.0000E+00 0.0000E+00 0.0000E+00 0.0000E+00 0.0000E+00 0.0000E+00 0.0000E+00 0.0000E+00 0.0000E+00 0.0000E+00 0.0000E+00 0.0000E+00 0.0000E+00 0.0000E+00 0.0000E+00 0.0000E+00 0.0000E+00 0.0000E+00 0.0000E+00 0.0000E+00 0.0000E+00 0.0000E+00 0.0000E+00 0.0000E+00 0.0000E+00 0.0000E+00 0.0000E+00 0.0000E+00 0.0000E+00 0.0000E+00 0.0000E+00 0.0000E+00 0.0000E+00 0.0000E+00 0.0000E+00 0.0000E+00 0.0000E+00 0.0000E+00 0.0000E+00 0.0000E+00 0.0000E+00 0.0000E+00 0.0000E+00 0.0000E+00 0.0000E+00 0.0000E+00 0.0000E+00
