Assets/Resources/2015_m01_d05_1800(utc+0800)_l00_csi_1hr_conc.grd
DSAA
         159         159
     -79.000      79.000
     -79.000      79.000
  0.4400E-12  0.3030E-05
[rows 75 to 99 of 159, columns 57 to 113 of 159]
3.3393E-12 3.3250E-12 3.3105E-12 3.2957E-12 3.2806E-12 3.2652E-12 3.2495E-12 3.2335E-12 3.2172E-12 3.2007E-12 3.1839E-12 3.1669E-12 3.1496E-12 3.1320E-12 3.1142E-12 3.0962E-12 3.0779E-12 3.0594E-12 3.0406E-12 1.6260E-11 1.1235E-06 4.0813E-08 4.0087E-08 7.8132E-10 2.9236E-12 2.9034E-12 2.8831E-12 2.8625E-12 2.8418E-12 2.8209E-12 2.7998E-12 2.7786E-12 2.7572E-12 2.7357E-12 2.7140E-12 2.6922E-12 2.6701E-12 2.6479E-12 2.6255E-12 2.6031E-12 2.5804E-12 2.5577E-12 2.5349E-12 2.5120E-12 2.4889E-12 2.4658E-12 2.4427E-12 2.4195E-12 2.3963E-12 2.3731E-12 2.3498E-12 2.3265E-12 2.3032E-12 2.2799E-12 2.2566E-12 2.2332E-12 2.2099E-12
3.3148E-12 3.3007E-12 3.2862E-12 3.2715E-12 3.2564E-12 3.2411E-12 3.2255E-12 3.2096E-12 3.1934E-12 3.1770E-12 3.1603E-12 3.1434E-12 3.1262E-12 3.1087E-12 3.0910E-12 3.0731E-12 3.0549E-12 3.0365E-12 3.0179E-12 2.9990E-12 1.3851E-07 2.3316E-07 4.2256E-08 2.9246E-12 2.9016E-12 2.8815E-12 2.8613E-12 2.8408E-12 2.8202E-12 2.7994E-12 2.7785E-12 2.7574E-12 2.7362E-12 2.7147E-12 2.6930E-12 2.6712E-12 2.6492E-12 2.6272E-12 2.6049E-12 2.5824E-12 2.5599E-12 2.5373E-12 2.5146E-12 2.4918E-12 2.4690E-12 2.4461E-12 2.4231E-12 2.4001E-12 2.3771E-12 2.3540E-12 2.3309E-12 2.3078E-12 2.2847E-12 2.2616E-12 2.2385E-12 2.2153E-12 2.1922E-12
3.2901E-12 3.2761E-12 3.2617E-12 3.2470E-12 3.2321E-12 3.2169E-12 3.2013E-12 3.1855E-12 3.1695E-12 3.1531E-12 3.1365E-12 3.1197E-12 3.1026E-12 3.0852E-12 3.0676E-12 3.0498E-12 3.0317E-12 3.0134E-12 2.9949E-12 2.9762E-12 2.9572E-12 3.0305E-06 5.3905E-08 2.8991E-12 2.8793E-12 2.8594E-12 2.8393E-12 2.8190E-12 2.7985E-12 2.7778E-12 2.7570E-12 2.7360E-12 2.7147E-12 2.6933E-12 2.6717E-12 2.6500E-12 2.6281E-12 2.6060E-12 2.5839E-12 2.5616E-12 2.5392E-12 2.5167E-12 2.4942E-12 2.4716E-12 2.4489E-12 2.4262E-12 2.4034E-12 2.3806E-12 2.3578E-12 2.3349E-12 2.3120E-12 2.2891E-12 2.2662E-12 2.2432E-12 2.2203E-12 2.1973E-12 2.1744E-12
3.2653E-12 3.2513E-12 3.2370E-12 3.2224E-12 3.2075E-12 3.1924E-12 3.1770E-12 3.1613E-12 3.1453E-12 3.1291E-12 3.1126E-12 3.0958E-12 3.0788E-12 3.0616E-12 3.0441E-12 3.0263E-12 3.0084E-12 2.9902E-12 2.9718E-12 2.9531E-12 2.9343E-12 2.9153E-12 6.6107E-08 2.8766E-12 2.8569E-12 2.8371E-12 2.8171E-12 2.7969E-12 2.7766E-12 2.7560E-12 2.7351E-12 2.7141E-12 2.6930E-12 2.6717E-12 2.6501E-12 2.6284E-12 2.6066E-12 2.5848E-12 2.5627E-12 2.5405E-12 2.5183E-12 2.4960E-12 2.4736E-12 2.4512E-12 2.4287E-12 2.4062E-12 2.3836E-12 2.3610E-12 2.3384E-12 2.3157E-12 2.2930E-12 2.2702E-12 2.2475E-12 2.2247E-12 2.2020E-12 2.1792E-12 2.1565E-12
3.2402E-12 3.2263E-12 3.2121E-12 3.1976E-12 3.1828E-12 3.1677E-12 3.1524E-12 3.1368E-12 3.1209E-12 3.1048E-12 3.0884E-12 3.0717E-12 3.0548E-12 3.0377E-12 3.0203E-12 3.0027E-12 2.9848E-12 2.9668E-12 2.9485E-12 2.9300E-12 2.9112E-12 2.8923E-12 2.8732E-12 2.8539E-12 2.8343E-12 2.8146E-12 2.7948E-12 2.7746E-12 2.7542E-12 2.7337E-12 2.7129E-12 2.6921E-12 2.6709E-12 2.6496E-12 2.6282E-12 2.6067E-12 2.5850E-12 2.5632E-12 2.5413E-12 2.5194E-12 2.4973E-12 2.4752E-12 2.4530E-12 2.4308E-12 2.4085E-12 2.3861E-12 2.3637E-12 2.3413E-12 2.3189E-12 2.2964E-12 2.2738E-12 2.2513E-12 2.2288E-12 2.2062E-12 2.1836E-12 2.1611E-12 2.1385E-12
3.2149E-12 3.2011E-12 3.1869E-12 3.1725E-12 3.1578E-12 3.1429E-12 3.1276E-12 3.1121E-12 3.0964E-12 3.0803E-12 3.0640E-12 3.0475E-12 3.0307E-12 3.0136E-12 2.9964E-12 2.9789E-12 2.9611E-12 2.9432E-12 2.9250E-12 2.9066E-12 2.8880E-12 2.8692E-12 2.8502E-12 2.8310E-12 2.8116E-12 2.7919E-12 2.7720E-12 2.7519E-12 2.7316E-12 2.7112E-12 2.6904E-12 2.6696E-12 2.6486E-12 2.6274E-12 2.6061E-12 2.5847E-12 2.5632E-12 2.5416E-12 2.5199E-12 2.4981E-12 2.4762E-12 2.4543E-12 2.4323E-12 2.4103E-12 2.3881E-12 2.3660E-12 2.3438E-12 2.3215E-12 2.2993E-12 2.2770E-12 2.2546E-12 2.2323E-12 2.2099E-12 2.1876E-12 2.1652E-12 2.1428E-12 2.1204E-12
3.1894E-12 3.1757E-12 3.1616E-12 3.1473E-12 3.1327E-12 3.1178E-12 3.1027E-12 3.0873E-12 3.0716E-12 3.0557E-12 3.0395E-12 3.0230E-12 3.0063E-12 2.9894E-12 2.9723E-12 2.9549E-12 2.9372E-12 2.9194E-12 2.9013E-12 2.8831E-12 2.8646E-12 2.8459E-12 2.8270E-12 2.8078E-12 2.7884E-12 2.7687E-12 2.7489E-12 2.7290E-12 2.7086E-12 2.6882E-12 2.6676E-12 2.6469E-12 2.6260E-12 2.6050E-12 2.5838E-12 2.5626E-12 2.5413E-12 2.5198E-12 2.4983E-12 2.4767E-12 2.4550E-12 2.4333E-12 2.4115E-12 2.3896E-12 2.3677E-12 2.3458E-12 2.3237E-12 2.3017E-12 2.2796E-12 2.2575E-12 2.2354E-12 2.2132E-12 2.1910E-12 2.1689E-12 2.1467E-12 2.1245E-12 2.1023E-12
3.1638E-12 3.1501E-12 3.1362E-12 3.1219E-12 3.1074E-12 3.0926E-12 3.0776E-12 3.0623E-12 3.0467E-12 3.0308E-12 3.0148E-12 2.9984E-12 2.9818E-12 2.9650E-12 2.9480E-12 2.9307E-12 2.9132E-12 2.8955E-12 2.8775E-12 2.8594E-12 2.8410E-12 2.8223E-12 2.8034E-12 2.7842E-12 2.7649E-12 2.7454E-12 2.7255E-12 2.7055E-12 2.6854E-12 2.6651E-12 2.6446E-12 2.6240E-12 2.6033E-12 2.5824E-12 2.5615E-12 2.5404E-12 2.5193E-12 2.4980E-12 2.4767E-12 2.4553E-12 2.4338E-12 2.4122E-12 2.3906E-12 2.3690E-12 2.3472E-12 2.3255E-12 2.3036E-12 2.2818E-12 2.2599E-12 2.2380E-12 2.2160E-12 2.1940E-12 2.1721E-12 2.1501E-12 2.1281E-12 2.1061E-12 2.0841E-12
3.1379E-12 3.1244E-12 3.1105E-12 3.0964E-12 3.0819E-12 3.0673E-12 3.0523E-12 3.0371E-12 3.0216E-12 3.0059E-12 2.9899E-12 2.9737E-12 2.9572E-12 2.9405E-12 2.9235E-12 2.9064E-12 2.8890E-12 2.8714E-12 2.8535E-12 2.8354E-12 2.8169E-12 2.7983E-12 2.7795E-12 2.7604E-12 2.7411E-12 2.7215E-12 2.7019E-12 2.6820E-12 2.6620E-12 2.6418E-12 2.6215E-12 2.6010E-12 2.5805E-12 2.5598E-12 2.5390E-12 2.5181E-12 2.4972E-12 2.4761E-12 2.4550E-12 2.4338E-12 2.4125E-12 2.3911E-12 2.3697E-12 2.3482E-12 2.3267E-12 2.3051E-12 2.2834E-12 2.2618E-12 2.2401E-12 2.2183E-12 2.1966E-12 2.1748E-12 2.1530E-12 2.1312E-12 2.1094E-12 2.0876E-12 2.0658E-12
3.1119E-12 3.0984E-12 3.0847E-12 3.0706E-12 3.0563E-12 3.0417E-12 3.0269E-12 3.0117E-12 2.9964E-12 2.9807E-12 2.9649E-12 2.9487E-12 2.9324E-12 2.9158E-12 2.8989E-12 2.8819E-12 2.8646E-12 2.8470E-12 2.8290E-12 2.8109E-12 2.7926E-12 2.7741E-12 2.7552E-12 2.7362E-12 2.7170E-12 2.6976E-12 2.6780E-12 2.6582E-12 2.6384E-12 2.6184E-12 2.5982E-12 2.5780E-12 2.5576E-12 2.5371E-12 2.5165E-12 2.4958E-12 2.4750E-12 2.4542E-12 2.4332E-12 2.4122E-12 2.3911E-12 2.3699E-12 2.3487E-12 2.3274E-12 2.3060E-12 2.2846E-12 2.2632E-12 2.2417E-12 2.2202E-12 2.1987E-12 2.1771E-12 2.1555E-12 2.1339E-12 2.1123E-12 2.0907E-12 2.0691E-12 2.0475E-12
3.0858E-12 3.0724E-12 3.0587E-12 3.0447E-12 3.0305E-12 3.0160E-12 3.0012E-12 2.9862E-12 2.9710E-12 2.9554E-12 2.9397E-12 2.9236E-12 2.9074E-12 2.8909E-12 2.8742E-12 2.8571E-12 2.8397E-12 2.8222E-12 2.8044E-12 2.7863E-12 2.7680E-12 2.7494E-12 2.7307E-12 2.7118E-12 2.6927E-12 2.6734E-12 2.6540E-12 2.6344E-12 2.6147E-12 2.5949E-12 2.5749E-12 2.5548E-12 2.5346E-12 2.5143E-12 2.4939E-12 2.4734E-12 2.4528E-12 2.4321E-12 2.4114E-12 2.3905E-12 2.3696E-12 2.3486E-12 2.3276E-12 2.3065E-12 2.2853E-12 2.2641E-12 2.2429E-12 2.2216E-12 2.2003E-12 2.1789E-12 2.1576E-12 2.1362E-12 2.1148E-12 2.0934E-12 2.0720E-12 2.0506E-12 2.0292E-12
3.0595E-12 3.0461E-12 3.0326E-12 3.0187E-12 3.0045E-12 2.9902E-12 2.9755E-12 2.9606E-12 2.9454E-12 2.9300E-12 2.9143E-12 2.8984E-12 2.8823E-12 2.8657E-12 2.8489E-12 2.8319E-12 2.8147E-12 2.7971E-12 2.7793E-12 2.7613E-12 2.7431E-12 2.7246E-12 2.7060E-12 2.6872E-12 2.6682E-12 2.6491E-12 2.6299E-12 2.6105E-12 2.5909E-12 2.5713E-12 2.5515E-12 2.5316E-12 2.5116E-12 2.4915E-12 2.4713E-12 2.4510E-12 2.4306E-12 2.4101E-12 2.3895E-12 2.3688E-12 2.3481E-12 2.3273E-12 2.3065E-12 2.2855E-12 2.2646E-12 2.2436E-12 2.2225E-12 2.2014E-12 2.1803E-12 2.1592E-12 2.1380E-12 2.1168E-12 2.0956E-12 2.0744E-12 2.0532E-12 2.0319E-12 2.0107E-12
3.0330E-12 3.0198E-12 3.0063E-12 2.9925E-12 2.9784E-12 2.9641E-12 2.9496E-12 2.9348E-12 2.9197E-12 2.9044E-12 2.8888E-12 2.8728E-12 2.8566E-12 2.8401E-12 2.8235E-12 2.8065E-12 2.7892E-12 2.7717E-12 2.7540E-12 2.7361E-12 2.7179E-12 2.6996E-12 2.6811E-12 2.6625E-12 2.6437E-12 2.6248E-12 2.6057E-12 2.5865E-12 2.5671E-12 2.5477E-12 2.5281E-12 2.5084E-12 2.4885E-12 2.4686E-12 2.4486E-12 2.4284E-12 2.4082E-12 2.3879E-12 2.3675E-12 2.3471E-12 2.3265E-12 2.3059E-12 2.2853E-12 2.2646E-12 2.2438E-12 2.2230E-12 2.2021E-12 2.1812E-12 2.1603E-12 2.1393E-12 2.1184E-12 2.0974E-12 2.0763E-12 2.0553E-12 2.0343E-12 2.0133E-12 1.9923E-12
3.0064E-12 2.9932E-12 2.9798E-12 2.9662E-12 2.9522E-12 2.9380E-12 2.9236E-12 2.9088E-12 2.8939E-12 2.8785E-12 2.8628E-12 2.8469E-12 2.8308E-12 2.8143E-12 2.7976E-12 2.7806E-12 2.7635E-12 2.7461E-12 2.7285E-12 2.7107E-12 2.6927E-12 2.6745E-12 2.6562E-12 2.6378E-12 2.6192E-12 2.6004E-12 2.5815E-12 2.5625E-12 2.5433E-12 2.5240E-12 2.5046E-12 2.4851E-12 2.4654E-12 2.4457E-12 2.4258E-12 2.4059E-12 2.3859E-12 2.3657E-12 2.3455E-12 2.3253E-12 2.3049E-12 2.2845E-12 2.2640E-12 2.2435E-12 2.2229E-12 2.2023E-12 2.1816E-12 2.1610E-12 2.1402E-12 2.1195E-12 2.0987E-12 2.0779E-12 2.0571E-12 2.0362E-12 2.0154E-12 1.9946E-12 1.9738E-12
2.9796E-12 2.9666E-12 2.9533E-12 2.9397E-12 2.9258E-12 2.9117E-12 2.8973E-12 2.8825E-12 2.8675E-12 2.8522E-12 2.8366E-12 2.8207E-12 2.8045E-12 2.7881E-12 2.7715E-12 2.7547E-12 2.7376E-12 2.7203E-12 2.7028E-12 2.6852E-12 2.6674E-12 2.6494E-12 2.6313E-12 2.6130E-12 2.5945E-12 2.5760E-12 2.5572E-12 2.5384E-12 2.5194E-12 2.5003E-12 2.4811E-12 2.4617E-12 2.4423E-12 2.4227E-12 2.4030E-12 2.3833E-12 2.3634E-12 2.3435E-12 2.3235E-12 2.3034E-12 2.2833E-12 2.2630E-12 2.2428E-12 2.2224E-12 2.2021E-12 2.1816E-12 2.1611E-12 2.1406E-12 2.1201E-12 2.0995E-12 2.0790E-12 2.0583E-12 2.0377E-12 2.0171E-12 1.9965E-12 1.9758E-12 1.9552E-12
2.9528E-12 2.9398E-12 2.9266E-12 2.9131E-12 2.8993E-12 2.8851E-12 2.8706E-12 2.8559E-12 2.8410E-12 2.8256E-12 2.8100E-12 2.7942E-12 2.7781E-12 2.7618E-12 2.7453E-12 2.7285E-12 2.7116E-12 2.6944E-12 2.6771E-12 2.6597E-12 2.6420E-12 2.6242E-12 2.6063E-12 2.5882E-12 2.5699E-12 2.5515E-12 2.5329E-12 2.5143E-12 2.4955E-12 2.4765E-12 2.4575E-12 2.4383E-12 2.4190E-12 2.3997E-12 2.3802E-12 2.3606E-12 2.3410E-12 2.3212E-12 2.3014E-12 2.2815E-12 2.2616E-12 2.2415E-12 2.2215E-12 2.2013E-12 2.1811E-12 2.1609E-12 2.1406E-12 2.1203E-12 2.1000E-12 2.0796E-12 2.0592E-12 2.0388E-12 2.0184E-12 1.9979E-12 1.9775E-12 1.9571E-12 1.9366E-12
2.9258E-12 2.9129E-12 2.8997E-12 2.8861E-12 2.8723E-12 2.8581E-12 2.8438E-12 2.8290E-12 2.8140E-12 2.7987E-12 2.7833E-12 2.7675E-12 2.7515E-12 2.7353E-12 2.7189E-12 2.7023E-12 2.6855E-12 2.6686E-12 2.6514E-12 2.6341E-12 2.6166E-12 2.5990E-12 2.5812E-12 2.5633E-12 2.5452E-12 2.5270E-12 2.5086E-12 2.4901E-12 2.4715E-12 2.4527E-12 2.4339E-12 2.4149E-12 2.3958E-12 2.3766E-12 2.3573E-12 2.3380E-12 2.3185E-12 2.2989E-12 2.2793E-12 2.2596E-12 2.2398E-12 2.2200E-12 2.2001E-12 2.1802E-12 2.1602E-12 2.1401E-12 2.1201E-12 2.0999E-12 2.0798E-12 2.0596E-12 2.0394E-12 2.0192E-12 1.9990E-12 1.9787E-12 1.9585E-12 1.9383E-12 1.9180E-12
2.8986E-12 2.8856E-12 2.8724E-12 2.8589E-12 2.8451E-12 2.8309E-12 2.8165E-12 2.8018E-12 2.7869E-12 2.7717E-12 2.7563E-12 2.7406E-12 2.7248E-12 2.7087E-12 2.6925E-12 2.6760E-12 2.6594E-12 2.6426E-12 2.6257E-12 2.6085E-12 2.5912E-12 2.5738E-12 2.5562E-12 2.5384E-12 2.5205E-12 2.5024E-12 2.4842E-12 2.4659E-12 2.4475E-12 2.4289E-12 2.4102E-12 2.3914E-12 2.3725E-12 2.3535E-12 2.3344E-12 2.3152E-12 2.2960E-12 2.2766E-12 2.2572E-12 2.2377E-12 2.2181E-12 2.1984E-12 2.1787E-12 2.1590E-12 2.1392E-12 2.1193E-12 2.0995E-12 2.0795E-12 2.0596E-12 2.0396E-12 2.0196E-12 1.9996E-12 1.9796E-12 1.9595E-12 1.9395E-12 1.9194E-12 1.8994E-12
2.8709E-12 2.8580E-12 2.8449E-12 2.8313E-12 2.8175E-12 2.8034E-12 2.7891E-12 2.7745E-12 2.7596E-12 2.7445E-12 2.7292E-12 2.7137E-12 2.6980E-12 2.6821E-12 2.6660E-12 2.6498E-12 2.6333E-12 2.6167E-12 2.5999E-12 2.5829E-12 2.5658E-12 2.5485E-12 2.5311E-12 2.5135E-12 2.4957E-12 2.4779E-12 2.4598E-12 2.4417E-12 2.4234E-12 2.4051E-12 2.3866E-12 2.3680E-12 2.3492E-12 2.3304E-12 2.3115E-12 2.2925E-12 2.2734E-12 2.2543E-12 2.2350E-12 2.2157E-12 2.1963E-12 2.1769E-12 2.1574E-12 2.1378E-12 2.1182E-12 2.0985E-12 2.0788E-12 2.0591E-12 2.0394E-12 2.0196E-12 1.9998E-12 1.9800E-12 1.9601E-12 1.9403E-12 1.9204E-12 1.9006E-12 1.8807E-12
2.8432E-12 2.8302E-12 2.8170E-12 2.8035E-12 2.7897E-12 2.7757E-12 2.7614E-12 2.7469E-12 2.7322E-12 2.7173E-12 2.7021E-12 2.6868E-12 2.6712E-12 2.6555E-12 2.6396E-12 2.6235E-12 2.6072E-12 2.5907E-12 2.5741E-12 2.5573E-12 2.5403E-12 2.5232E-12 2.5059E-12 2.4885E-12 2.4710E-12 2.4533E-12 2.4354E-12 2.4175E-12 2.3994E-12 2.3812E-12 2.3629E-12 2.3445E-12 2.3259E-12 2.3073E-12 2.2886E-12 2.2698E-12 2.2509E-12 2.2319E-12 2.2128E-12 2.1937E-12 2.1745E-12 2.1553E-12 2.1359E-12 2.1166E-12 2.0972E-12 2.0777E-12 2.0582E-12 2.0387E-12 2.0191E-12 1.9995E-12 1.9799E-12 1.9603E-12 1.9407E-12 1.9210E-12 1.9014E-12 1.8817E-12 1.8621E-12
2.8149E-12 2.8021E-12 2.7889E-12 2.7755E-12 2.7618E-12 2.7479E-12 2.7337E-12 2.7194E-12 2.7048E-12 2.6900E-12 2.6750E-12 2.6598E-12 2.6444E-12 2.6289E-12 2.6131E-12 2.5972E-12 2.5810E-12 2.5647E-12 2.5483E-12 2.5316E-12 2.5148E-12 2.4979E-12 2.4808E-12 2.4636E-12 2.4462E-12 2.4287E-12 2.4110E-12 2.3932E-12 2.3753E-12 2.3573E-12 2.3392E-12 2.3209E-12 2.3026E-12 2.2842E-12 2.2656E-12 2.2470E-12 2.2283E-12 2.2095E-12 2.1906E-12 2.1717E-12 2.1527E-12 2.1336E-12 2.1145E-12 2.0953E-12 2.0761E-12 2.0569E-12 2.0376E-12 2.0182E-12 1.9989E-12 1.9795E-12 1.9601E-12 1.9406E-12 1.9212E-12 1.9018E-12 1.8823E-12 1.8629E-12 1.8434E-12
2.7866E-12 2.7738E-12 2.7607E-12 2.7474E-12 2.7338E-12 2.7200E-12 2.7060E-12 2.6918E-12 2.6774E-12 2.6627E-12 2.6479E-12 2.6329E-12 2.6176E-12 2.6022E-12 2.5866E-12 2.5708E-12 2.5549E-12 2.5387E-12 2.5224E-12 2.5060E-12 2.4894E-12 2.4726E-12 2.4557E-12 2.4386E-12 2.4214E-12 2.4040E-12 2.3866E-12 2.3690E-12 2.3512E-12 2.3334E-12 2.3155E-12 2.2974E-12 2.2793E-12 2.2610E-12 2.2427E-12 2.2242E-12 2.2057E-12 2.1871E-12 2.1684E-12 2.1497E-12 2.1309E-12 2.1120E-12 2.0931E-12 2.0741E-12 2.0551E-12 2.0360E-12 2.0169E-12 1.9978E-12 1.9786E-12 1.9594E-12 1.9402E-12 1.9210E-12 1.9017E-12 1.8825E-12 1.8632E-12 1.8440E-12 1.8247E-12
2.7581E-12 2.7454E-12 2.7324E-12 2.7192E-12 2.7058E-12 2.6922E-12 2.6783E-12 2.6642E-12 2.6500E-12 2.6355E-12 2.6208E-12 2.6059E-12 2.5908E-12 2.5756E-12 2.5601E-12 2.5445E-12 2.5287E-12 2.5127E-12 2.4966E-12 2.4803E-12 2.4639E-12 2.4473E-12 2.4305E-12 2.4136E-12 2.3966E-12 2.3794E-12 2.3621E-12 2.3447E-12 2.3272E-12 2.3095E-12 2.2918E-12 2.2739E-12 2.2559E-12 2.2378E-12 2.2197E-12 2.2014E-12 2.1831E-12 2.1647E-12 2.1462E-12 2.1277E-12 2.1091E-12 2.0904E-12 2.0717E-12 2.0529E-12 2.0340E-12 2.0152E-12 1.9963E-12 1.9773E-12 1.9583E-12 1.9393E-12 1.9203E-12 1.9013E-12 1.8823E-12 1.8632E-12 1.8441E-12 1.8251E-12 1.8060E-12
2.7296E-12 2.7170E-12 2.7041E-12 2.6911E-12 2.6778E-12 2.6643E-12 2.6506E-12 2.6367E-12 2.6225E-12 2.6082E-12 2.5937E-12 2.5789E-12 2.5640E-12 2.5489E-12 2.5336E-12 2.5182E-12 2.5025E-12 2.4867E-12 2.4708E-12 2.4546E-12 2.4384E-12 2.4219E-12 2.4054E-12 2.3886E-12 2.3718E-12 2.3548E-12 2.3377E-12 2.3204E-12 2.3031E-12 2.2856E-12 2.2680E-12 2.2504E-12 2.2326E-12 2.2147E-12 2.1967E-12 2.1787E-12 2.1605E-12 2.1423E-12 2.1240E-12 2.1057E-12 2.0872E-12 2.0688E-12 2.0502E-12 2.0316E-12 2.0130E-12 1.9943E-12 1.9756E-12 1.9569E-12 1.9381E-12 1.9193E-12 1.9005E-12 1.8816E-12 1.8628E-12 1.8439E-12 1.8251E-12 1.8062E-12 1.7874E-12
2.7010E-12 2.6886E-12 2.6759E-12 2.6630E-12 2.6498E-12 2.6365E-12 2.6229E-12 2.6091E-12 2.5951E-12 2.5809E-12 2.5666E-12 2.5520E-12 2.5372E-12 2.5223E-12 2.5071E-12 2.4918E-12 2.4764E-12 2.4607E-12 2.4449E-12 2.4290E-12 2.4129E-12 2.3966E-12 2.3802E-12 2.3637E-12 2.3470E-12 2.3302E-12 2.3132E-12 2.2962E-12 2.2790E-12 2.2617E-12 2.2443E-12 2.2268E-12 2.2092E-12 2.1915E-12 2.1738E-12 2.1559E-12 2.1379E-12 2.1199E-12 2.1018E-12 2.0836E-12 2.0654E-12 2.0471E-12 2.0288E-12 2.0104E-12 1.9920E-12 1.9735E-12 1.9550E-12 1.9364E-12 1.9178E-12 1.8992E-12 1.8806E-12 1.8620E-12 1.8433E-12 1.8247E-12 1.8060E-12 1.7873E-12 1.7687E-12
