Assets/Resources/2015_m01_d01_0900(utc+0800)_l00_csi_1hr_conc.grd
DSAA
         159         159
     -79.000      79.000
     -79.000      79.000
  0.0000E+00  0.1931E-05
[rows 50 to 74 of 159, columns 57 to 113 of 159]
0.0000E+00 0.0000E+00 0.0000E+00 0.0000E+00 0.0000E+00 0.0000E+00 0.0000E+00 0.0000E+00 0.0000E+00 0.0000E+00 0.0000E+00 0.0000E+00 0.0000E+00 0.0000E+00 0.0000E+00 0.0000E+00 0.0000E+00 0.0000E+00 0.0000E+00 0.0000E+00 0.0000E+00 0.0000E+00 8.0910E-12 5.9344E-11 1.6701E-10 3.2912E-10 5.7138E-10 9.0881E-10 1.3890E-09 2.0315E-09 2.8808E-09 3.9464E-09 5.2281E-09 6.7277E-09 8.4053E-09 1.0206E-08 1.2058E-08 1.3876E-08 1.5559E-08 1.7015E-08 1.8166E-08 1.8954E-08 1.9345E-08 1.9330E-08 1.8932E-08 1.8194E-08 1.7171E-08 1.5931E-08 1.4546E-08 1.3084E-08 1.1600E-08 1.0149E-08 8.7743E-09 7.4965E-09 6.3335E-09 5.3039E-09 4.4007E-09
0.0000E+00 0.0000E+00 0.0000E+00 0.0000E+00 0.0000E+00 0.0000E+00 0.0000E+00 0.0000E+00 0.0000E+00 0.0000E+00 0.0000E+00 0.0000E+00 0.0000E+00 0.0000E+00 0.0000E+00 0.0000E+00 0.0000E+00 0.0000E+00 0.0000E+00 0.0000E+00 0.0000E+00 0.0000E+00 7.2056E-12 6.4820E-11 1.7065E-10 3.3465E-10 5.8160E-10 9.3957E-10 1.4318E-09 2.1057E-09 2.9906E-09 4.0934E-09 5.4354E-09 6.9875E-09 8.7148E-09 1.0559E-08 1.2436E-08 1.4255E-08 1.5912E-08 1.7317E-08 1.8394E-08 1.9082E-08 1.9359E-08 1.9221E-08 1.8699E-08 1.7844E-08 1.6718E-08 1.5393E-08 1.3941E-08 1.2434E-08 1.0932E-08 9.4788E-09 8.1165E-09 6.8717E-09 5.7491E-09 4.7629E-09 3.9139E-09
0.0000E+00 0.0000E+00 0.0000E+00 0.0000E+00 0.0000E+00 0.0000E+00 0.0000E+00 0.0000E+00 0.0000E+00 0.0000E+00 0.0000E+00 0.0000E+00 0.0000E+00 0.0000E+00 0.0000E+00 0.0000E+00 0.0000E+00 0.0000E+00 0.0000E+00 0.0000E+00 0.0000E+00 0.0000E+00 7.9155E-12 6.3296E-11 1.6814E-10 3.3280E-10 5.8629E-10 9.5094E-10 1.4615E-09 2.1602E-09 3.0643E-09 4.2153E-09 5.6041E-09 7.2096E-09 8.9929E-09 1.0878E-08 1.2781E-08 1.4599E-08 1.6231E-08 1.7581E-08 1.8574E-08 1.9157E-08 1.9311E-08 1.9046E-08 1.8401E-08 1.7426E-08 1.6197E-08 1.4794E-08 1.3288E-08 1.1746E-08 1.0232E-08 8.7907E-09 7.4503E-09 6.2406E-09 5.1705E-09 4.2374E-09 3.4393E-09
0.0000E+00 0.0000E+00 0.0000E+00 0.0000E+00 0.0000E+00 0.0000E+00 0.0000E+00 0.0000E+00 0.0000E+00 0.0000E+00 0.0000E+00 0.0000E+00 0.0000E+00 0.0000E+00 0.0000E+00 0.0000E+00 0.0000E+00 0.0000E+00 0.0000E+00 0.0000E+00 0.0000E+00 0.0000E+00 6.2512E-12 5.8361E-11 1.5799E-10 3.2284E-10 5.7702E-10 9.4785E-10 1.4718E-09 2.1785E-09 3.1162E-09 4.3058E-09 5.7328E-09 7.3936E-09 9.2296E-09 1.1158E-08 1.3095E-08 1.4922E-08 1.6528E-08 1.7824E-08 1.8731E-08 1.9208E-08 1.9238E-08 1.8842E-08 1.8069E-08 1.6982E-08 1.5657E-08 1.4176E-08 1.2616E-08 1.1047E-08 9.5237E-09 8.1006E-09 6.7957E-09 5.6266E-09 4.6073E-09 3.7331E-09 2.9909E-09
0.0000E+00 0.0000E+00 0.0000E+00 0.0000E+00 0.0000E+00 0.0000E+00 0.0000E+00 0.0000E+00 0.0000E+00 0.0000E+00 0.0000E+00 0.0000E+00 0.0000E+00 0.0000E+00 0.0000E+00 0.0000E+00 0.0000E+00 0.0000E+00 0.0000E+00 0.0000E+00 0.0000E+00 0.0000E+00 5.5493E-12 5.0485E-11 1.4408E-10 3.0476E-10 5.5588E-10 9.3463E-10 1.4575E-09 2.1802E-09 3.1443E-09 4.3549E-09 5.8336E-09 7.5459E-09 9.4311E-09 1.1415E-08 1.3388E-08 1.5226E-08 1.6817E-08 1.8061E-08 1.8889E-08 1.9261E-08 1.9168E-08 1.8644E-08 1.7743E-08 1.6539E-08 1.5122E-08 1.3564E-08 1.1953E-08 1.0364E-08 8.8428E-09 7.4344E-09 6.1640E-09 5.0429E-09 4.0758E-09 3.2568E-09 2.5699E-09
0.0000E+00 0.0000E+00 0.0000E+00 0.0000E+00 0.0000E+00 0.0000E+00 0.0000E+00 0.0000E+00 0.0000E+00 0.0000E+00 0.0000E+00 0.0000E+00 0.0000E+00 0.0000E+00 0.0000E+00 0.0000E+00 0.0000E+00 0.0000E+00 0.0000E+00 0.0000E+00 0.0000E+00 0.0000E+00 4.3574E-12 3.9058E-11 1.2643E-10 2.7905E-10 5.2820E-10 9.0010E-10 1.4292E-09 2.1643E-09 3.1349E-09 4.3830E-09 5.9069E-09 7.6690E-09 9.6184E-09 1.1656E-08 1.3668E-08 1.5525E-08 1.7109E-08 1.8311E-08 1.9060E-08 1.9323E-08 1.9105E-08 1.8452E-08 1.7426E-08 1.6109E-08 1.4594E-08 1.2971E-08 1.1320E-08 9.7088E-09 8.1962E-09 6.8091E-09 5.5716E-09 4.5008E-09 3.5884E-09 2.8177E-09 2.1912E-09
0.0000E+00 0.0000E+00 0.0000E+00 0.0000E+00 0.0000E+00 0.0000E+00 0.0000E+00 0.0000E+00 0.0000E+00 0.0000E+00 0.0000E+00 0.0000E+00 0.0000E+00 0.0000E+00 0.0000E+00 0.0000E+00 0.0000E+00 0.0000E+00 0.0000E+00 0.0000E+00 0.0000E+00 0.0000E+00 3.1685E-12 2.6137E-11 1.0496E-10 2.4947E-10 4.8973E-10 8.5470E-10 1.3883E-09 2.1186E-09 3.1064E-09 4.3879E-09 5.9452E-09 7.7688E-09 9.7822E-09 1.1881E-08 1.3942E-08 1.5826E-08 1.7400E-08 1.8562E-08 1.9235E-08 1.9394E-08 1.9054E-08 1.8274E-08 1.7121E-08 1.5694E-08 1.4088E-08 1.2400E-08 1.0716E-08 9.0898E-09 7.5816E-09 6.2258E-09 5.0303E-09 4.0007E-09 3.1426E-09 2.4304E-09 1.8571E-09
0.0000E+00 0.0000E+00 0.0000E+00 0.0000E+00 0.0000E+00 0.0000E+00 0.0000E+00 0.0000E+00 0.0000E+00 0.0000E+00 0.0000E+00 0.0000E+00 0.0000E+00 0.0000E+00 0.0000E+00 0.0000E+00 0.0000E+00 0.0000E+00 0.0000E+00 0.0000E+00 0.0000E+00 0.0000E+00 1.9156E-12 1.4312E-11 8.3525E-11 2.1630E-10 4.4259E-10 7.9777E-10 1.3238E-09 2.0549E-09 3.0586E-09 4.3501E-09 5.9535E-09 7.8383E-09 9.9142E-09 1.2086E-08 1.4207E-08 1.6120E-08 1.7690E-08 1.8815E-08 1.9417E-08 1.9476E-08 1.9019E-08 1.8108E-08 1.6833E-08 1.5300E-08 1.3612E-08 1.1861E-08 1.0137E-08 8.5072E-09 7.0093E-09 5.6786E-09 4.5285E-09 3.5498E-09 2.7436E-09 2.0885E-09 1.5711E-09
0.0000E+00 0.0000E+00 0.0000E+00 0.0000E+00 0.0000E+00 0.0000E+00 0.0000E+00 0.0000E+00 0.0000E+00 0.0000E+00 0.0000E+00 0.0000E+00 0.0000E+00 0.0000E+00 0.0000E+00 0.0000E+00 0.0000E+00 0.0000E+00 0.0000E+00 0.0000E+00 0.0000E+00 0.0000E+00 9.8073E-13 8.6234E-12 6.1227E-11 1.8051E-10 3.8858E-10 7.2695E-10 1.2404E-09 1.9749E-09 2.9710E-09 4.2836E-09 5.9320E-09 7.8618E-09 1.0015E-08 1.2263E-08 1.4445E-08 1.6406E-08 1.7985E-08 1.9082E-08 1.9612E-08 1.9576E-08 1.9003E-08 1.7970E-08 1.6576E-08 1.4932E-08 1.3157E-08 1.1351E-08 9.5939E-09 7.9582E-09 6.4802E-09 5.1741E-09 4.0628E-09 3.1420E-09 2.3876E-09 1.7850E-09 1.3166E-09
0.0000E+00 0.0000E+00 0.0000E+00 0.0000E+00 0.0000E+00 0.0000E+00 0.0000E+00 0.0000E+00 0.0000E+00 0.0000E+00 0.0000E+00 0.0000E+00 0.0000E+00 0.0000E+00 0.0000E+00 0.0000E+00 0.0000E+00 0.0000E+00 0.0000E+00 0.0000E+00 0.0000E+00 0.0000E+00 2.6686E-13 4.9123E-12 3.8607E-11 1.3990E-10 3.2921E-10 6.4271E-10 1.1404E-09 1.8602E-09 2.8567E-09 4.1926E-09 5.8610E-09 7.8527E-09 1.0079E-08 1.2405E-08 1.4670E-08 1.6686E-08 1.8302E-08 1.9371E-08 1.9841E-08 1.9707E-08 1.9017E-08 1.7858E-08 1.6347E-08 1.4603E-08 1.2746E-08 1.0884E-08 9.0968E-09 7.4428E-09 5.9757E-09 4.7085E-09 3.6391E-09 2.7635E-09 2.0601E-09 1.5174E-09 1.0972E-09
0.0000E+00 0.0000E+00 0.0000E+00 0.0000E+00 0.0000E+00 0.0000E+00 0.0000E+00 0.0000E+00 0.0000E+00 0.0000E+00 0.0000E+00 0.0000E+00 0.0000E+00 0.0000E+00 0.0000E+00 0.0000E+00 0.0000E+00 0.0000E+00 0.0000E+00 0.0000E+00 0.0000E+00 0.0000E+00 0.0000E+00 1.8880E-12 1.9563E-11 1.0371E-10 2.6997E-10 5.5789E-10 1.0266E-09 1.7285E-09 2.7289E-09 4.0664E-09 5.7741E-09 7.8335E-09 1.0137E-08 1.2565E-08 1.4933E-08 1.7011E-08 1.8650E-08 1.9703E-08 2.0123E-08 1.9897E-08 1.9087E-08 1.7799E-08 1.6160E-08 1.4306E-08 1.2355E-08 1.0428E-08 8.6163E-09 6.9584E-09 5.4999E-09 4.2609E-09 3.2380E-09 2.4152E-09 1.7668E-09 1.2759E-09 9.0251E-10
0.0000E+00 0.0000E+00 0.0000E+00 0.0000E+00 0.0000E+00 0.0000E+00 0.0000E+00 0.0000E+00 0.0000E+00 0.0000E+00 0.0000E+00 0.0000E+00 0.0000E+00 0.0000E+00 0.0000E+00 0.0000E+00 0.0000E+00 0.0000E+00 0.0000E+00 0.0000E+00 0.0000E+00 0.0000E+00 0.0000E+00 6.2827E-13 7.0748E-12 6.9200E-11 2.1499E-10 4.7668E-10 9.1281E-10 1.5955E-09 2.5785E-09 3.9247E-09 5.6833E-09 7.7968E-09 1.0188E-08 1.2767E-08 1.5223E-08 1.7402E-08 1.9076E-08 2.0119E-08 2.0471E-08 2.0137E-08 1.9197E-08 1.7771E-08 1.6000E-08 1.4029E-08 1.1994E-08 1.0003E-08 8.1446E-09 6.4850E-09 5.0477E-09 3.8451E-09 2.8645E-09 2.0978E-09 1.5041E-09 1.0553E-09 7.3459E-10
0.0000E+00 0.0000E+00 0.0000E+00 0.0000E+00 0.0000E+00 0.0000E+00 0.0000E+00 0.0000E+00 0.0000E+00 0.0000E+00 0.0000E+00 0.0000E+00 0.0000E+00 0.0000E+00 0.0000E+00 0.0000E+00 0.0000E+00 0.0000E+00 0.0000E+00 0.0000E+00 0.0000E+00 0.0000E+00 0.0000E+00 2.0342E-14 3.6196E-12 4.2546E-11 1.6744E-10 4.0089E-10 8.0527E-10 1.4556E-09 2.4217E-09 3.7846E-09 5.5653E-09 7.7421E-09 1.0304E-08 1.3022E-08 1.5621E-08 1.7900E-08 1.9628E-08 2.0665E-08 2.0950E-08 2.0505E-08 1.9424E-08 1.7844E-08 1.5923E-08 1.3810E-08 1.1666E-08 9.6177E-09 7.7283E-09 6.0500E-09 4.6304E-09 3.4631E-09 2.5304E-09 1.8155E-09 1.2700E-09 8.7647E-10 5.8521E-10
0.0000E+00 0.0000E+00 0.0000E+00 0.0000E+00 0.0000E+00 0.0000E+00 0.0000E+00 0.0000E+00 0.0000E+00 0.0000E+00 0.0000E+00 0.0000E+00 0.0000E+00 0.0000E+00 0.0000E+00 0.0000E+00 0.0000E+00 0.0000E+00 0.0000E+00 0.0000E+00 0.0000E+00 0.0000E+00 0.0000E+00 0.0000E+00 2.5797E-12 2.6124E-11 1.2366E-10 3.3224E-10 7.0299E-10 1.3158E-09 2.2687E-09 3.6262E-09 5.4320E-09 7.7515E-09 1.0504E-08 1.3383E-08 1.6180E-08 1.8596E-08 2.0402E-08 2.1437E-08 2.1644E-08 2.1066E-08 1.9811E-08 1.8041E-08 1.5942E-08 1.3693E-08 1.1427E-08 9.2803E-09 7.3472E-09 5.6586E-09 4.2503E-09 3.1196E-09 2.2398E-09 1.5644E-09 1.0738E-09 7.1629E-10 4.6678E-10
0.0000E+00 0.0000E+00 0.0000E+00 0.0000E+00 0.0000E+00 0.0000E+00 0.0000E+00 0.0000E+00 0.0000E+00 0.0000E+00 0.0000E+00 0.0000E+00 0.0000E+00 0.0000E+00 0.0000E+00 0.0000E+00 0.0000E+00 0.0000E+00 0.0000E+00 0.0000E+00 0.0000E+00 0.0000E+00 0.0000E+00 0.0000E+00 2.3774E-12 1.9454E-11 8.9359E-11 2.6845E-10 6.0474E-10 1.1867E-09 2.1097E-09 3.4607E-09 5.3696E-09 7.8764E-09 1.0818E-08 1.3963E-08 1.6997E-08 1.9615E-08 2.1523E-08 2.2557E-08 2.2663E-08 2.1907E-08 2.0440E-08 1.8444E-08 1.6115E-08 1.3662E-08 1.1260E-08 9.0107E-09 7.0046E-09 5.3033E-09 3.9115E-09 2.8133E-09 1.9757E-09 1.3536E-09 9.0420E-10 5.8885E-10 3.7199E-10
0.0000E+00 0.0000E+00 0.0000E+00 0.0000E+00 0.0000E+00 0.0000E+00 0.0000E+00 0.0000E+00 0.0000E+00 0.0000E+00 0.0000E+00 0.0000E+00 0.0000E+00 0.0000E+00 0.0000E+00 0.0000E+00 0.0000E+00 0.0000E+00 0.0000E+00 0.0000E+00 0.0000E+00 0.0000E+00 0.0000E+00 0.0000E+00 1.2931E-12 1.3671E-11 6.1903E-11 2.0865E-10 5.0614E-10 1.0514E-09 1.9334E-09 3.3256E-09 5.3898E-09 8.1384E-09 1.1369E-08 1.4864E-08 1.8231E-08 2.1095E-08 2.3123E-08 2.4132E-08 2.4092E-08 2.3094E-08 2.1326E-08 1.9028E-08 1.6436E-08 1.3745E-08 1.1148E-08 8.7771E-09 6.7038E-09 4.9816E-09 3.6052E-09 2.5388E-09 1.7433E-09 1.1651E-09 7.5891E-10 4.8105E-10 2.9130E-10
0.0000E+00 0.0000E+00 0.0000E+00 0.0000E+00 0.0000E+00 0.0000E+00 0.0000E+00 0.0000E+00 0.0000E+00 0.0000E+00 0.0000E+00 0.0000E+00 0.0000E+00 0.0000E+00 0.0000E+00 0.0000E+00 0.0000E+00 0.0000E+00 0.0000E+00 0.0000E+00 0.0000E+00 0.0000E+00 0.0000E+00 0.0000E+00 3.3515E-13 8.2780E-12 4.4000E-11 1.5610E-10 4.1304E-10 9.0407E-10 1.7519E-09 3.2587E-09 5.5567E-09 8.6160E-09 1.2298E-08 1.6269E-08 2.0083E-08 2.3241E-08 2.5368E-08 2.6274E-08 2.5972E-08 2.4628E-08 2.2472E-08 1.9775E-08 1.6825E-08 1.3867E-08 1.1056E-08 8.5396E-09 6.4094E-09 4.6708E-09 3.3031E-09 2.2805E-09 1.5262E-09 9.9737E-10 6.2794E-10 3.8464E-10 2.2589E-10
0.0000E+00 0.0000E+00 0.0000E+00 0.0000E+00 0.0000E+00 0.0000E+00 0.0000E+00 0.0000E+00 0.0000E+00 0.0000E+00 0.0000E+00 0.0000E+00 0.0000E+00 0.0000E+00 0.0000E+00 0.0000E+00 0.0000E+00 0.0000E+00 0.0000E+00 0.0000E+00 0.0000E+00 0.0000E+00 0.0000E+00 0.0000E+00 0.0000E+00 3.6652E-12 2.8283E-11 1.0916E-10 3.2382E-10 7.5201E-10 1.6388E-09 3.3087E-09 5.9351E-09 9.4706E-09 1.3790E-08 1.8419E-08 2.2758E-08 2.6201E-08 2.8339E-08 2.9049E-08 2.8347E-08 2.6483E-08 2.3784E-08 2.0604E-08 1.7235E-08 1.3938E-08 1.0909E-08 8.2717E-09 6.0813E-09 4.3329E-09 3.0020E-09 2.0169E-09 1.3186E-09 8.3346E-10 5.1019E-10 3.0161E-10 1.6454E-10
0.0000E+00 0.0000E+00 0.0000E+00 0.0000E+00 0.0000E+00 0.0000E+00 0.0000E+00 0.0000E+00 0.0000E+00 0.0000E+00 0.0000E+00 0.0000E+00 0.0000E+00 0.0000E+00 0.0000E+00 0.0000E+00 0.0000E+00 0.0000E+00 0.0000E+00 0.0000E+00 0.0000E+00 0.0000E+00 0.0000E+00 0.0000E+00 0.0000E+00 8.3710E-13 1.5019E-11 7.0698E-11 2.4045E-10 6.1030E-10 1.6377E-09 3.5743E-09 6.6714E-09 1.0942E-08 1.6105E-08 2.1548E-08 2.6446E-08 3.0090E-08 3.2164E-08 3.2424E-08 3.1059E-08 2.8510E-08 2.5103E-08 2.1339E-08 1.7521E-08 1.3895E-08 1.0657E-08 7.9141E-09 5.6900E-09 3.9656E-09 2.6783E-09 1.7565E-09 1.1163E-09 6.8257E-10 4.0743E-10 2.2570E-10 1.2145E-10
0.0000E+00 0.0000E+00 0.0000E+00 0.0000E+00 0.0000E+00 0.0000E+00 0.0000E+00 0.0000E+00 0.0000E+00 0.0000E+00 0.0000E+00 0.0000E+00 0.0000E+00 0.0000E+00 0.0000E+00 0.0000E+00 0.0000E+00 0.0000E+00 0.0000E+00 0.0000E+00 0.0000E+00 0.0000E+00 0.0000E+00 0.0000E+00 0.0000E+00 0.0000E+00 5.2486E-12 4.2069E-11 1.6366E-10 5.8126E-10 1.8011E-09 4.1786E-09 8.0276E-09 1.3288E-08 1.9537E-08 2.5841E-08 3.1253E-08 3.5006E-08 3.6591E-08 3.6076E-08 3.3808E-08 3.0363E-08 2.6195E-08 2.1782E-08 1.7500E-08 1.3594E-08 1.0212E-08 7.4188E-09 5.2169E-09 3.5506E-09 2.3402E-09 1.4963E-09 9.1895E-10 5.4803E-10 3.1187E-10 1.6800E-10 8.2730E-11
0.0000E+00 0.0000E+00 0.0000E+00 0.0000E+00 0.0000E+00 0.0000E+00 0.0000E+00 0.0000E+00 0.0000E+00 0.0000E+00 0.0000E+00 0.0000E+00 0.0000E+00 0.0000E+00 0.0000E+00 0.0000E+00 0.0000E+00 0.0000E+00 0.0000E+00 0.0000E+00 0.0000E+00 0.0000E+00 0.0000E+00 0.0000E+00 0.0000E+00 0.0000E+00 6.5628E-13 1.8159E-11 1.1580E-10 6.9951E-10 2.2756E-09 5.3508E-09 1.0233E-08 1.6809E-08 2.4265E-08 3.1640E-08 3.7348E-08 4.0634E-08 4.1226E-08 3.9565E-08 3.6095E-08 3.1607E-08 2.6633E-08 2.1663E-08 1.7014E-08 1.2917E-08 9.5005E-09 6.7538E-09 4.6489E-09 3.0936E-09 1.9999E-09 1.2400E-09 7.4379E-10 4.3263E-10 2.3381E-10 1.2454E-10 5.6224E-11
0.0000E+00 0.0000E+00 0.0000E+00 0.0000E+00 0.0000E+00 0.0000E+00 0.0000E+00 0.0000E+00 0.0000E+00 0.0000E+00 0.0000E+00 0.0000E+00 0.0000E+00 0.0000E+00 0.0000E+00 0.0000E+00 0.0000E+00 0.0000E+00 0.0000E+00 0.0000E+00 0.0000E+00 0.0000E+00 0.0000E+00 0.0000E+00 0.0000E+00 0.0000E+00 0.0000E+00 4.7914E-12 1.3647E-10 1.0137E-09 3.1828E-09 7.2868E-09 1.3561E-08 2.1642E-08 3.0783E-08 3.8676E-08 4.3978E-08 4.6174E-08 4.5288E-08 4.2158E-08 3.7417E-08 3.1967E-08 2.6288E-08 2.0906E-08 1.6063E-08 1.1942E-08 8.5853E-09 5.9880E-09 4.0333E-09 2.6293E-09 1.6628E-09 1.0122E-09 5.9465E-10 3.3188E-10 1.7829E-10 8.7833E-11 3.8538E-11
0.0000E+00 0.0000E+00 0.0000E+00 0.0000E+00 0.0000E+00 0.0000E+00 0.0000E+00 0.0000E+00 0.0000E+00 0.0000E+00 0.0000E+00 0.0000E+00 0.0000E+00 0.0000E+00 0.0000E+00 0.0000E+00 0.0000E+00 0.0000E+00 0.0000E+00 0.0000E+00 0.0000E+00 0.0000E+00 0.0000E+00 0.0000E+00 0.0000E+00 0.0000E+00 0.0000E+00 6.8875E-12 2.8873E-10 1.6081E-09 4.7482E-09 1.0424E-08 1.8607E-08 2.9134E-08 3.9198E-08 4.6875E-08 5.0820E-08 5.1134E-08 4.8347E-08 4.3581E-08 3.7591E-08 3.1304E-08 2.5145E-08 1.9528E-08 1.4676E-08 1.0664E-08 7.5091E-09 5.1207E-09 3.3827E-09 2.1576E-09 1.3314E-09 8.0000E-10 4.5307E-10 2.5015E-10 1.2602E-10 5.8413E-11 2.4903E-11
0.0000E+00 0.0000E+00 0.0000E+00 0.0000E+00 0.0000E+00 0.0000E+00 0.0000E+00 0.0000E+00 0.0000E+00 0.0000E+00 0.0000E+00 0.0000E+00 0.0000E+00 0.0000E+00 0.0000E+00 0.0000E+00 0.0000E+00 0.0000E+00 0.0000E+00 0.0000E+00 0.0000E+00 0.0000E+00 0.0000E+00 0.0000E+00 0.0000E+00 0.0000E+00 0.0000E+00 3.0074E-11 6.4343E-10 2.8602E-09 7.9712E-09 1.6353E-08 2.8157E-08 4.0255E-08 5.0364E-08 5.6304E-08 5.7578E-08 5.5000E-08 4.9850E-08 4.3425E-08 3.6372E-08 2.9485E-08 2.3115E-08 1.7518E-08 1.2854E-08 9.1415E-09 6.2824E-09 4.1979E-09 2.7191E-09 1.6899E-09 1.0260E-09 5.9758E-10 3.3439E-10 1.7811E-10 8.2047E-11 3.7489E-11 5.5221E-12
0.0000E+00 0.0000E+00 0.0000E+00 0.0000E+00 0.0000E+00 0.0000E+00 0.0000E+00 0.0000E+00 0.0000E+00 0.0000E+00 0.0000E+00 0.0000E+00 0.0000E+00 0.0000E+00 0.0000E+00 0.0000E+00 0.0000E+00 0.0000E+00 0.0000E+00 0.0000E+00 0.0000E+00 0.0000E+00 0.0000E+00 0.0000E+00 0.0000E+00 0.0000E+00 0.0000E+00 1.5127E-10 1.6244E-09 7.3192E-09 1.6649E-08 3.0520E-08 4.5262E-08 5.7465E-08 6.4893E-08 6.6398E-08 6.3206E-08 5.6997E-08 4.9360E-08 4.1445E-08 3.3691E-08 2.6560E-08 2.0304E-08 1.5005E-08 1.0746E-08 7.4639E-09 4.9963E-09 3.2708E-09 2.0704E-09 1.2561E-09 7.4480E-10 4.1898E-10 2.3034E-10 1.1114E-10 5.0930E-11 1.4111E-11 0.0000E+00
