Assets/Resources/2015_m01_d13_0400(utc+0800)_l00_csi_1hr_conc.grd
DSAA
         159         159
     -79.000      79.000
     -79.000      79.000
  0.0000E+00  0.5520E-05
[rows 100 to 124 of 159, columns 0 to 56 of 159]
1.2882E-09 1.3253E-09 1.3593E-09 1.3919E-09 1.4228E-09 1.4498E-09 1.4725E-09 1.4894E-09 1.5021E-09 1.5118E-09 1.5185E-09 1.5212E-09 1.5214E-09 1.5175E-09 1.5095E-09 1.4975E-09 1.4824E-09 1.4647E-09 1.4423E-09 1.4158E-09 1.3873E-09 1.3574E-09 1.3267E-09 1.2961E-09 1.2664E-09 1.2379E-09 1.2093E-09 1.1886E-09 1.1700E-09 1.1529E-09 1.1389E-09 1.1299E-09 1.1212E-09 1.1203E-09 1.1279E-09 1.1392E-09 1.1537E-09 1.1775E-09 1.2074E-09 1.2430E-09 1.2827E-09 1.3186E-09 1.3462E-09 1.3759E-09 1.4029E-09 1.4097E-09 1.4302E-09 1.4337E-09 1.4237E-09 1.4060E-09 1.3809E-09 1.3381E-09 1.2819E-09 1.2134E-09 1.1374E-09 1.0502E-09 9.5244E-10
1.1628E-09 1.1944E-09 1.2243E-09 1.2504E-09 1.2749E-09 1.2971E-09 1.3151E-09 1.3291E-09 1.3391E-09 1.3444E-09 1.3463E-09 1.3461E-09 1.3428E-09 1.3358E-09 1.3263E-09 1.3132E-09 1.2966E-09 1.2762E-09 1.2539E-09 1.2291E-09 1.2022E-09 1.1729E-09 1.1423E-09 1.1100E-09 1.0761E-09 1.0466E-09 1.0202E-09 9.9508E-10 9.7141E-10 9.5053E-10 9.3397E-10 9.1934E-10 9.0975E-10 9.0315E-10 8.9889E-10 9.0248E-10 9.0865E-10 9.2109E-10 9.3894E-10 9.5911E-10 9.8243E-10 9.9114E-10 1.0143E-09 1.0227E-09 1.0391E-09 1.0535E-09 1.0525E-09 1.0405E-09 1.0382E-09 1.0173E-09 9.8343E-10 9.4423E-10 9.0365E-10 8.4740E-10 7.7923E-10 7.0187E-10 6.2745E-10
1.0446E-09 1.0726E-09 1.0982E-09 1.1214E-09 1.1413E-09 1.1574E-09 1.1712E-09 1.1815E-09 1.1884E-09 1.1923E-09 1.1927E-09 1.1897E-09 1.1847E-09 1.1768E-09 1.1653E-09 1.1500E-09 1.1325E-09 1.1123E-09 1.0889E-09 1.0630E-09 1.0353E-09 1.0057E-09 9.7557E-10 9.4722E-10 9.1739E-10 8.8570E-10 8.5888E-10 8.3350E-10 8.0875E-10 7.8670E-10 7.6788E-10 7.5112E-10 7.3170E-10 7.2030E-10 7.1076E-10 7.0407E-10 7.0353E-10 7.0690E-10 7.1592E-10 7.1832E-10 7.2935E-10 7.4422E-10 7.4249E-10 7.5464E-10 7.6658E-10 7.5134E-10 7.5790E-10 7.5346E-10 7.2942E-10 7.0882E-10 6.8682E-10 6.5719E-10 6.1370E-10 5.6302E-10 5.1067E-10 4.5565E-10 3.9788E-10
9.3561E-10 9.5942E-10 9.8174E-10 1.0012E-09 1.0177E-09 1.0317E-09 1.0410E-09 1.0473E-09 1.0521E-09 1.0533E-09 1.0524E-09 1.0492E-09 1.0434E-09 1.0330E-09 1.0201E-09 1.0054E-09 9.8838E-10 9.6847E-10 9.4576E-10 9.2035E-10 8.9382E-10 8.6572E-10 8.3634E-10 8.0389E-10 7.7370E-10 7.4547E-10 7.1944E-10 6.9542E-10 6.7044E-10 6.4565E-10 6.2475E-10 6.0654E-10 5.8873E-10 5.7140E-10 5.5875E-10 5.4718E-10 5.3873E-10 5.3284E-10 5.2492E-10 5.2639E-10 5.2433E-10 5.2064E-10 5.2753E-10 5.3545E-10 5.2686E-10 5.3177E-10 5.2734E-10 5.0969E-10 5.0341E-10 4.8806E-10 4.6669E-10 4.3468E-10 4.0200E-10 3.6373E-10 3.2037E-10 2.7290E-10 2.3054E-10
8.3777E-10 8.5717E-10 8.7382E-10 8.9067E-10 9.0385E-10 9.1426E-10 9.2246E-10 9.2752E-10 9.2889E-10 9.2785E-10 9.2535E-10 9.2010E-10 9.1259E-10 9.0330E-10 8.9132E-10 8.7674E-10 8.5840E-10 8.3996E-10 8.1947E-10 7.9697E-10 7.7332E-10 7.4528E-10 7.1753E-10 6.8965E-10 6.5953E-10 6.2988E-10 6.0257E-10 5.7708E-10 5.5230E-10 5.2818E-10 5.0594E-10 4.8424E-10 4.6607E-10 4.4886E-10 4.3413E-10 4.1903E-10 4.0570E-10 3.9271E-10 3.8964E-10 3.8741E-10 3.7317E-10 3.7404E-10 3.6440E-10 3.6226E-10 3.6233E-10 3.5117E-10 3.4716E-10 3.4316E-10 3.2945E-10 3.1123E-10 2.9724E-10 2.7542E-10 2.4980E-10 2.1596E-10 1.8416E-10 1.5500E-10 1.3053E-10
7.4576E-10 7.6298E-10 7.7799E-10 7.9007E-10 8.0009E-10 8.0845E-10 8.1317E-10 8.1533E-10 8.1584E-10 8.1424E-10 8.0894E-10 8.0370E-10 7.9697E-10 7.8731E-10 7.7487E-10 7.6084E-10 7.4526E-10 7.2767E-10 7.0776E-10 6.8553E-10 6.6284E-10 6.3987E-10 6.1482E-10 5.8811E-10 5.6328E-10 5.3700E-10 5.1042E-10 4.8446E-10 4.6000E-10 4.3649E-10 4.1332E-10 3.9123E-10 3.6849E-10 3.4642E-10 3.2774E-10 3.1418E-10 3.0039E-10 2.9440E-10 2.8090E-10 2.7731E-10 2.6876E-10 2.5547E-10 2.5721E-10 2.5528E-10 2.4358E-10 2.3839E-10 2.2781E-10 2.1768E-10 2.0912E-10 1.9975E-10 1.8532E-10 1.6530E-10 1.4131E-10 1.2232E-10 1.0138E-10 8.4381E-11 6.1290E-11
6.6125E-10 6.7542E-10 6.8794E-10 6.9837E-10 7.0660E-10 7.1112E-10 7.1413E-10 7.1467E-10 7.1250E-10 7.1009E-10 7.0629E-10 7.0119E-10 6.9378E-10 6.8341E-10 6.7276E-10 6.6010E-10 6.4519E-10 6.2839E-10 6.0951E-10 5.8972E-10 5.6811E-10 5.4585E-10 5.2415E-10 5.0177E-10 4.7812E-10 4.5359E-10 4.2922E-10 4.0354E-10 3.7769E-10 3.5342E-10 3.2991E-10 3.0744E-10 2.8861E-10 2.7053E-10 2.5239E-10 2.3834E-10 2.2113E-10 2.0383E-10 1.9417E-10 1.8740E-10 1.6050E-10 1.5483E-10 1.5261E-10 1.4993E-10 1.5018E-10 1.4474E-10 1.4186E-10 1.3808E-10 1.3028E-10 1.1647E-10 1.0309E-10 9.0360E-11 7.5518E-11 6.1939E-11 4.7336E-11 3.4538E-11 2.7373E-11
5.8509E-10 5.9573E-10 6.0625E-10 6.1435E-10 6.2109E-10 6.2459E-10 6.2584E-10 6.2460E-10 6.2297E-10 6.1930E-10 6.1494E-10 6.0834E-10 6.0180E-10 5.9318E-10 5.8304E-10 5.7062E-10 5.5613E-10 5.4119E-10 5.2418E-10 5.0592E-10 4.8753E-10 4.6760E-10 4.4617E-10 4.2423E-10 4.0218E-10 3.7974E-10 3.5721E-10 3.3366E-10 3.1007E-10 2.8823E-10 2.6756E-10 2.4904E-10 2.3124E-10 2.0914E-10 1.9059E-10 1.7668E-10 1.6046E-10 1.5263E-10 1.3721E-10 1.2489E-10 1.1089E-10 1.0531E-10 1.0097E-10 9.6708E-11 9.0506E-11 8.6883E-11 7.8109E-11 6.8862E-11 6.3751E-11 5.6688E-11 5.0205E-11 3.9735E-11 3.2261E-11 2.1969E-11 1.9468E-11 1.3559E-11 1.1737E-11
5.1789E-10 5.2705E-10 5.3450E-10 5.4029E-10 5.4424E-10 5.4569E-10 5.4662E-10 5.4553E-10 5.4318E-10 5.3893E-10 5.3443E-10 5.2934E-10 5.2165E-10 5.1314E-10 5.0226E-10 4.9114E-10 4.7798E-10 4.6461E-10 4.5008E-10 4.3365E-10 4.1635E-10 3.9827E-10 3.7943E-10 3.6008E-10 3.4008E-10 3.1996E-10 2.9980E-10 2.7980E-10 2.5969E-10 2.3914E-10 2.1768E-10 1.9578E-10 1.7478E-10 1.5898E-10 1.4046E-10 1.2392E-10 1.0750E-10 9.5943E-11 8.7673E-11 8.1926E-11 6.9600E-11 6.4638E-11 5.9068E-11 5.0883E-11 4.6843E-11 4.2370E-11 3.9016E-11 3.5577E-11 3.1006E-11 2.7053E-11 2.0999E-11 1.5525E-11 1.1590E-11 9.4111E-12 6.0203E-12 4.3541E-12 9.7816E-13
4.5570E-10 4.6382E-10 4.6972E-10 4.7401E-10 4.7648E-10 4.7704E-10 4.7636E-10 4.7440E-10 4.7180E-10 4.6902E-10 4.6471E-10 4.5882E-10 4.5159E-10 4.4354E-10 4.3474E-10 4.2411E-10 4.1250E-10 3.9944E-10 3.8508E-10 3.7024E-10 3.5448E-10 3.3838E-10 3.2167E-10 3.0430E-10 2.8634E-10 2.6783E-10 2.4886E-10 2.2998E-10 2.1043E-10 1.9144E-10 1.7342E-10 1.5583E-10 1.4034E-10 1.2153E-10 1.0403E-10 9.3218E-11 7.4513E-11 6.6611E-11 5.6787E-11 3.8799E-11 3.0301E-11 2.6503E-11 2.2443E-11 2.0623E-11 1.8614E-11 1.7151E-11 1.4501E-11 1.2335E-11 9.5125E-12 7.2675E-12 5.5819E-12 3.5934E-12 2.4216E-12 4.6090E-13 0.0000E+00 0.0000E+00 0.0000E+00
3.9943E-10 4.0643E-10 4.1179E-10 4.1527E-10 4.1683E-10 4.1686E-10 4.1579E-10 4.1324E-10 4.1034E-10 4.0647E-10 4.0217E-10 3.9683E-10 3.9138E-10 3.8442E-10 3.7640E-10 3.6717E-10 3.5590E-10 3.4427E-10 3.3168E-10 3.1831E-10 3.0429E-10 2.8957E-10 2.7418E-10 2.5816E-10 2.4200E-10 2.2499E-10 2.0829E-10 1.9213E-10 1.7512E-10 1.6024E-10 1.4530E-10 1.2945E-10 1.0783E-10 9.5713E-11 8.6191E-11 7.1279E-11 6.4562E-11 5.3248E-11 4.1870E-11 3.0203E-11 2.1211E-11 1.6374E-11 1.2840E-11 8.8852E-12 5.6678E-12 2.8360E-12 1.2214E-12 0.0000E+00 0.0000E+00 0.0000E+00 0.0000E+00 0.0000E+00 0.0000E+00 0.0000E+00 0.0000E+00 0.0000E+00 0.0000E+00
3.5017E-10 3.5531E-10 3.5887E-10 3.6076E-10 3.6210E-10 3.6246E-10 3.6184E-10 3.6060E-10 3.5835E-10 3.5479E-10 3.5065E-10 3.4518E-10 3.3893E-10 3.3224E-10 3.2369E-10 3.1540E-10 3.0610E-10 2.9561E-10 2.8425E-10 2.7226E-10 2.5951E-10 2.4670E-10 2.3346E-10 2.1924E-10 2.0449E-10 1.8959E-10 1.7506E-10 1.6059E-10 1.4562E-10 1.3049E-10 1.1785E-10 1.0320E-10 9.3379E-11 8.1875E-11 6.9034E-11 6.1515E-11 4.7475E-11 4.0536E-11 2.9925E-11 1.5202E-11 1.0463E-11 7.6706E-12 4.2032E-12 1.9914E-12 5.2966E-13 0.0000E+00 0.0000E+00 0.0000E+00 0.0000E+00 0.0000E+00 0.0000E+00 0.0000E+00 0.0000E+00 0.0000E+00 0.0000E+00 0.0000E+00 0.0000E+00
3.0666E-10 3.1063E-10 3.1322E-10 3.1496E-10 3.1612E-10 3.1634E-10 3.1552E-10 3.1358E-10 3.1147E-10 3.0827E-10 3.0447E-10 3.0007E-10 2.9444E-10 2.8774E-10 2.8077E-10 2.7236E-10 2.6337E-10 2.5374E-10 2.4290E-10 2.3144E-10 2.1951E-10 2.0767E-10 1.9545E-10 1.8327E-10 1.7097E-10 1.5851E-10 1.4598E-10 1.3397E-10 1.2263E-10 1.0978E-10 9.9651E-11 9.0528E-11 7.5404E-11 6.7832E-11 6.0761E-11 4.7536E-11 4.0916E-11 3.0151E-11 1.9156E-11 1.0498E-11 7.9704E-12 4.3661E-12 2.2209E-12 6.7686E-13 0.0000E+00 0.0000E+00 0.0000E+00 0.0000E+00 0.0000E+00 0.0000E+00 0.0000E+00 0.0000E+00 0.0000E+00 0.0000E+00 0.0000E+00 0.0000E+00 0.0000E+00
2.6744E-10 2.7162E-10 2.7459E-10 2.7646E-10 2.7713E-10 2.7692E-10 2.7594E-10 2.7427E-10 2.7180E-10 2.6846E-10 2.6453E-10 2.6016E-10 2.5512E-10 2.4909E-10 2.4248E-10 2.3524E-10 2.2721E-10 2.1878E-10 2.0919E-10 1.9927E-10 1.8901E-10 1.7846E-10 1.6768E-10 1.5688E-10 1.4670E-10 1.3579E-10 1.2400E-10 1.1356E-10 1.0443E-10 9.5639E-11 8.7223E-11 7.3326E-11 6.6228E-11 5.7304E-11 4.7113E-11 4.0803E-11 2.9744E-11 2.1420E-11 1.0463E-11 7.8076E-12 4.0722E-12 2.3663E-12 7.2485E-13 0.0000E+00 0.0000E+00 0.0000E+00 0.0000E+00 0.0000E+00 0.0000E+00 0.0000E+00 0.0000E+00 0.0000E+00 0.0000E+00 0.0000E+00 0.0000E+00 0.0000E+00 0.0000E+00
2.3318E-10 2.3603E-10 2.3832E-10 2.4003E-10 2.4111E-10 2.4139E-10 2.4084E-10 2.3925E-10 2.3695E-10 2.3392E-10 2.3024E-10 2.2606E-10 2.2133E-10 2.1617E-10 2.1011E-10 2.0386E-10 1.9659E-10 1.8891E-10 1.8117E-10 1.7247E-10 1.6334E-10 1.5381E-10 1.4354E-10 1.3373E-10 1.2465E-10 1.1600E-10 1.0751E-10 9.9249E-11 9.1243E-11 8.1728E-11 7.0865E-11 6.4259E-11 5.3866E-11 4.6394E-11 3.9769E-11 2.9362E-11 2.2336E-11 1.2553E-11 7.3365E-12 3.9418E-12 2.3934E-12 6.3089E-13 0.0000E+00 0.0000E+00 0.0000E+00 0.0000E+00 0.0000E+00 0.0000E+00 0.0000E+00 0.0000E+00 0.0000E+00 0.0000E+00 0.0000E+00 0.0000E+00 0.0000E+00 0.0000E+00 0.0000E+00
2.0421E-10 2.0657E-10 2.0811E-10 2.0895E-10 2.0913E-10 2.0866E-10 2.0761E-10 2.0609E-10 2.0396E-10 2.0124E-10 1.9818E-10 1.9465E-10 1.9057E-10 1.8625E-10 1.8082E-10 1.7483E-10 1.6874E-10 1.6178E-10 1.5444E-10 1.4730E-10 1.3970E-10 1.3200E-10 1.2424E-10 1.1650E-10 1.0880E-10 1.0122E-10 9.2977E-11 8.3666E-11 7.4465E-11 6.8075E-11 6.1972E-11 5.0394E-11 4.5084E-11 3.6303E-11 2.7896E-11 2.2410E-11 1.4232E-11 8.8807E-12 3.9079E-12 2.2575E-12 3.3248E-13 0.0000E+00 0.0000E+00 0.0000E+00 0.0000E+00 0.0000E+00 0.0000E+00 0.0000E+00 0.0000E+00 0.0000E+00 0.0000E+00 0.0000E+00 0.0000E+00 0.0000E+00 0.0000E+00 0.0000E+00 0.0000E+00
1.7697E-10 1.7962E-10 1.8131E-10 1.8224E-10 1.8237E-10 1.8189E-10 1.8084E-10 1.7922E-10 1.7709E-10 1.7450E-10 1.7158E-10 1.6829E-10 1.6462E-10 1.6057E-10 1.5638E-10 1.5134E-10 1.4599E-10 1.4055E-10 1.3445E-10 1.2815E-10 1.2185E-10 1.1510E-10 1.0787E-10 1.0003E-10 9.1777E-11 8.3566E-11 7.6879E-11 7.0843E-11 6.5013E-11 5.7530E-11 4.8816E-11 4.2977E-11 3.4297E-11 2.6279E-11 2.2115E-11 1.5635E-11 8.7125E-12 3.8485E-12 1.8918E-12 0.0000E+00 0.0000E+00 0.0000E+00 0.0000E+00 0.0000E+00 0.0000E+00 0.0000E+00 0.0000E+00 0.0000E+00 0.0000E+00 0.0000E+00 0.0000E+00 0.0000E+00 0.0000E+00 0.0000E+00 0.0000E+00 0.0000E+00 0.0000E+00
1.5134E-10 1.5329E-10 1.5485E-10 1.5590E-10 1.5665E-10 1.5670E-10 1.5613E-10 1.5502E-10 1.5330E-10 1.5112E-10 1.4864E-10 1.4582E-10 1.4264E-10 1.3910E-10 1.3517E-10 1.3108E-10 1.2623E-10 1.2103E-10 1.1542E-10 1.0905E-10 1.0286E-10 9.5978E-11 8.9410E-11 8.3687E-11 7.8025E-11 7.2459E-11 6.7021E-11 6.1739E-11 5.2887E-11 4.7008E-11 4.0317E-11 2.9939E-11 2.5918E-11 1.8969E-11 1.5699E-11 9.7107E-12 5.5223E-12 1.2415E-12 0.0000E+00 0.0000E+00 0.0000E+00 0.0000E+00 0.0000E+00 0.0000E+00 0.0000E+00 0.0000E+00 0.0000E+00 0.0000E+00 0.0000E+00 0.0000E+00 0.0000E+00 0.0000E+00 0.0000E+00 0.0000E+00 0.0000E+00 0.0000E+00 0.0000E+00
1.3134E-10 1.3261E-10 1.3331E-10 1.3352E-10 1.3331E-10 1.3290E-10 1.3210E-10 1.3087E-10 1.2923E-10 1.2735E-10 1.2518E-10 1.2268E-10 1.1983E-10 1.1663E-10 1.1313E-10 1.0937E-10 1.0544E-10 1.0096E-10 9.6627E-11 9.2258E-11 8.7499E-11 8.2927E-11 7.7894E-11 7.2884E-11 6.7923E-11 6.0682E-11 5.3518E-11 4.9159E-11 4.3803E-11 3.6268E-11 2.8177E-11 2.4290E-11 1.8805E-11 1.4493E-11 1.1679E-11 6.6557E-12 1.2018E-12 0.0000E+00 0.0000E+00 0.0000E+00 0.0000E+00 0.0000E+00 0.0000E+00 0.0000E+00 0.0000E+00 0.0000E+00 0.0000E+00 0.0000E+00 0.0000E+00 0.0000E+00 0.0000E+00 0.0000E+00 0.0000E+00 0.0000E+00 0.0000E+00 0.0000E+00 0.0000E+00
1.1347E-10 1.1488E-10 1.1560E-10 1.1574E-10 1.1552E-10 1.1495E-10 1.1403E-10 1.1277E-10 1.1118E-10 1.0934E-10 1.0732E-10 1.0510E-10 1.0267E-10 1.0004E-10 9.7178E-11 9.4099E-11 9.0833E-11 8.7501E-11 8.3734E-11 8.0109E-11 7.5874E-11 7.0638E-11 6.4336E-11 5.8702E-11 5.4526E-11 5.0527E-11 4.6632E-11 3.7432E-11 3.1770E-11 2.7356E-11 2.3690E-11 1.6707E-11 1.3233E-11 1.0968E-11 6.6219E-12 1.9090E-12 0.0000E+00 0.0000E+00 0.0000E+00 0.0000E+00 0.0000E+00 0.0000E+00 0.0000E+00 0.0000E+00 0.0000E+00 0.0000E+00 0.0000E+00 0.0000E+00 0.0000E+00 0.0000E+00 0.0000E+00 0.0000E+00 0.0000E+00 0.0000E+00 0.0000E+00 0.0000E+00 0.0000E+00
9.4649E-11 9.6016E-11 9.7123E-11 9.7845E-11 9.8199E-11 9.8185E-11 9.7774E-11 9.6894E-11 9.5645E-11 9.4103E-11 9.2376E-11 9.0442E-11 8.8307E-11 8.5958E-11 8.3222E-11 8.0174E-11 7.6629E-11 7.2882E-11 6.8463E-11 6.4500E-11 6.1273E-11 5.7809E-11 5.4346E-11 5.1027E-11 4.7171E-11 3.7641E-11 3.2843E-11 2.8920E-11 2.6416E-11 2.0651E-11 1.4679E-11 1.3171E-11 1.0700E-11 7.3197E-12 3.7716E-12 1.7334E-12 0.0000E+00 0.0000E+00 0.0000E+00 0.0000E+00 0.0000E+00 0.0000E+00 0.0000E+00 0.0000E+00 0.0000E+00 0.0000E+00 0.0000E+00 0.0000E+00 0.0000E+00 0.0000E+00 0.0000E+00 0.0000E+00 0.0000E+00 0.0000E+00 0.0000E+00 0.0000E+00 0.0000E+00
8.1522E-11 8.2156E-11 8.2398E-11 8.2316E-11 8.1980E-11 8.1400E-11 8.0578E-11 7.9536E-11 7.8330E-11 7.6929E-11 7.5368E-11 7.3600E-11 7.1396E-11 6.9490E-11 6.7364E-11 6.5136E-11 6.2669E-11 6.0228E-11 5.7765E-11 5.4882E-11 5.2110E-11 4.9342E-11 4.4914E-11 3.6384E-11 3.2489E-11 3.0048E-11 2.7673E-11 2.3112E-11 1.5960E-11 1.4460E-11 1.3036E-11 9.5691E-12 6.2861E-12 5.5118E-12 1.8166E-12 0.0000E+00 0.0000E+00 0.0000E+00 0.0000E+00 0.0000E+00 0.0000E+00 0.0000E+00 0.0000E+00 0.0000E+00 0.0000E+00 0.0000E+00 0.0000E+00 0.0000E+00 0.0000E+00 0.0000E+00 0.0000E+00 0.0000E+00 0.0000E+00 0.0000E+00 0.0000E+00 0.0000E+00 0.0000E+00
7.0091E-11 7.0779E-11 7.0972E-11 7.0881E-11 7.0570E-11 6.9888E-11 6.9162E-11 6.8083E-11 6.6963E-11 6.5472E-11 6.3690E-11 6.1984E-11 6.0357E-11 5.8549E-11 5.6651E-11 5.4504E-11 5.2678E-11 5.0377E-11 4.7566E-11 4.4330E-11 3.9074E-11 3.4280E-11 3.2443E-11 3.0370E-11 2.8507E-11 2.3660E-11 1.8211E-11 1.5571E-11 1.4171E-11 1.1757E-11 7.2357E-12 6.4310E-12 5.6776E-12 3.5463E-12 1.6476E-12 0.0000E+00 0.0000E+00 0.0000E+00 0.0000E+00 0.0000E+00 0.0000E+00 0.0000E+00 0.0000E+00 0.0000E+00 0.0000E+00 0.0000E+00 0.0000E+00 0.0000E+00 0.0000E+00 0.0000E+00 0.0000E+00 0.0000E+00 0.0000E+00 0.0000E+00 0.0000E+00 0.0000E+00 0.0000E+00
5.7294E-11 5.7783E-11 5.8239E-11 5.8339E-11 5.8202E-11 5.7901E-11 5.7413E-11 5.6361E-11 5.4813E-11 5.3520E-11 5.1910E-11 5.0027E-11 4.8506E-11 4.6643E-11 4.4680E-11 4.2407E-11 4.0177E-11 3.7692E-11 3.4483E-11 3.2544E-11 3.1166E-11 2.9461E-11 2.7788E-11 2.1695E-11 1.7575E-11 1.6466E-11 1.5121E-11 1.3821E-11 8.1237E-12 7.3091E-12 6.5360E-12 5.8075E-12 4.3997E-12 3.2080E-12 0.0000E+00 0.0000E+00 0.0000E+00 0.0000E+00 0.0000E+00 0.0000E+00 0.0000E+00 0.0000E+00 0.0000E+00 0.0000E+00 0.0000E+00 0.0000E+00 0.0000E+00 0.0000E+00 0.0000E+00 0.0000E+00 0.0000E+00 0.0000E+00 0.0000E+00 0.0000E+00 0.0000E+00 0.0000E+00 0.0000E+00
4.3915E-11 4.4128E-11 4.3987E-11 4.3630E-11 4.3034E-11 4.2066E-11 4.0942E-11 3.9780E-11 3.8327E-11 3.7214E-11 3.5873E-11 3.4935E-11 3.3736E-11 3.2194E-11 3.0967E-11 2.9047E-11 2.7475E-11 2.6357E-11 2.5143E-11 2.3834E-11 2.1334E-11 1.5533E-11 1.4523E-11 1.3793E-11 1.2784E-11 1.1799E-11 6.3436E-12 5.7744E-12 5.2273E-12 4.7048E-12 4.2093E-12 3.7426E-12 3.3061E-12 1.5516E-12 0.0000E+00 0.0000E+00 0.0000E+00 0.0000E+00 0.0000E+00 0.0000E+00 0.0000E+00 0.0000E+00 0.0000E+00 0.0000E+00 0.0000E+00 0.0000E+00 0.0000E+00 0.0000E+00 0.0000E+00 0.0000E+00 0.0000E+00 0.0000E+00 0.0000E+00 0.0000E+00 0.0000E+00 0.0000E+00 0.0000E+00
