Assets/Resources/2015_m01_d10_0300(utc+0800)_l00_csi_1hr_conc.grd
DSAA
         159         159
     -79.000      79.000
     -79.000      79.000
  0.1753E-08  0.3125E-05
[rows 50 to 74 of 159, columns 0 to 56 of 159]
5.7297E-09 5.9397E-09 6.1636E-09 6.3968E-09 6.6335E-09 6.8790E-09 7.1400E-09 7.4114E-09 7.6867E-09 7.9789E-09 8.2824E-09 8.5969E-09 8.9231E-09 9.2613E-09 9.6190E-09 9.9843E-09 1.0370E-08 1.0771E-08 1.1185E-08 1.1606E-08 1.2032E-08 1.2468E-08 1.2915E-08 1.3371E-08 1.3838E-08 1.4347E-08 1.4881E-08 1.5400E-08 1.5940E-08 1.6487E-08 1.7039E-08 1.7600E-08 1.8174E-08 1.8811E-08 1.9472E-08 2.0103E-08 2.0721E-08 2.1330E-08 2.1936E-08 2.2692E-08 2.3363E-08 2.4058E-08 2.4796E-08 2.5566E-08 2.6370E-08 2.7231E-08 2.8126E-08 2.9085E-08 3.0113E-08 3.1205E-08 3.2371E-08 3.3684E-08 3.5055E-08 3.6532E-08 3.8218E-08 3.9973E-08 4.1933E-08
5.7837E-09 5.9957E-09 6.2217E-09 6.4570E-09 6.6959E-09 6.9437E-09 7.2069E-09 7.4805E-09 7.7582E-09 8.0527E-09 8.3584E-09 8.6752E-09 9.0038E-09 9.3443E-09 9.7035E-09 1.0071E-08 1.0457E-08 1.0860E-08 1.1276E-08 1.1700E-08 1.2129E-08 1.2570E-08 1.3022E-08 1.3483E-08 1.3954E-08 1.4468E-08 1.5006E-08 1.5529E-08 1.6073E-08 1.6625E-08 1.7182E-08 1.7746E-08 1.8322E-08 1.8959E-08 1.9622E-08 2.0259E-08 2.0914E-08 2.1555E-08 2.2192E-08 2.2884E-08 2.3621E-08 2.4311E-08 2.5044E-08 2.5806E-08 2.6602E-08 2.7455E-08 2.8337E-08 2.9287E-08 3.0300E-08 3.1382E-08 3.2529E-08 3.3775E-08 3.5149E-08 3.6601E-08 3.8186E-08 3.9959E-08 4.1839E-08
5.8350E-09 6.0490E-09 6.2768E-09 6.5140E-09 6.7550E-09 7.0048E-09 7.2700E-09 7.5456E-09 7.8254E-09 8.1219E-09 8.4296E-09 8.7484E-09 9.0790E-09 9.4214E-09 9.7819E-09 1.0151E-08 1.0539E-08 1.0936E-08 1.1359E-08 1.1786E-08 1.2218E-08 1.2661E-08 1.3116E-08 1.3582E-08 1.4058E-08 1.4574E-08 1.5114E-08 1.5643E-08 1.6191E-08 1.6745E-08 1.7307E-08 1.7875E-08 1.8452E-08 1.9091E-08 1.9751E-08 2.0389E-08 2.1043E-08 2.1713E-08 2.2383E-08 2.3113E-08 2.3849E-08 2.4543E-08 2.5271E-08 2.6022E-08 2.6810E-08 2.7647E-08 2.8519E-08 2.9448E-08 3.0449E-08 3.1510E-08 3.2639E-08 3.3866E-08 3.5151E-08 3.6607E-08 3.8155E-08 3.9859E-08 4.1697E-08
5.8836E-09 6.0994E-09 6.3233E-09 6.5678E-09 6.8106E-09 7.0623E-09 7.3231E-09 7.6066E-09 7.8883E-09 8.1865E-09 8.4959E-09 8.8097E-09 9.1486E-09 9.4926E-09 9.8540E-09 1.0226E-08 1.0613E-08 1.1013E-08 1.1436E-08 1.1864E-08 1.2297E-08 1.2743E-08 1.3200E-08 1.3668E-08 1.4147E-08 1.4667E-08 1.5208E-08 1.5739E-08 1.6291E-08 1.6849E-08 1.7416E-08 1.7985E-08 1.8565E-08 1.9202E-08 1.9863E-08 2.0499E-08 2.1149E-08 2.1819E-08 2.2502E-08 2.3271E-08 2.4037E-08 2.4748E-08 2.5468E-08 2.6219E-08 2.6991E-08 2.7814E-08 2.8667E-08 2.9578E-08 3.0559E-08 3.1596E-08 3.2703E-08 3.3902E-08 3.5162E-08 3.6505E-08 3.8059E-08 3.9660E-08 4.1470E-08
5.9293E-09 6.1467E-09 6.3724E-09 6.6127E-09 6.8627E-09 7.1160E-09 7.3785E-09 7.6573E-09 7.9466E-09 8.2464E-09 8.5572E-09 8.8725E-09 9.2059E-09 9.5510E-09 9.9196E-09 1.0293E-08 1.0681E-08 1.1082E-08 1.1497E-08 1.1934E-08 1.2368E-08 1.2815E-08 1.3273E-08 1.3743E-08 1.4223E-08 1.4715E-08 1.5286E-08 1.5819E-08 1.6373E-08 1.6934E-08 1.7506E-08 1.8077E-08 1.8659E-08 1.9249E-08 1.9954E-08 2.0587E-08 2.1237E-08 2.1899E-08 2.2580E-08 2.3344E-08 2.4145E-08 2.4889E-08 2.5640E-08 2.6378E-08 2.7150E-08 2.7954E-08 2.8788E-08 2.9677E-08 3.0631E-08 3.1643E-08 3.2716E-08 3.3891E-08 3.5113E-08 3.6426E-08 3.7849E-08 3.9443E-08 4.1139E-08
5.9722E-09 6.1909E-09 6.4180E-09 6.6598E-09 6.9111E-09 7.1659E-09 7.4298E-09 7.7099E-09 8.0005E-09 8.3014E-09 8.6134E-09 8.9299E-09 9.2643E-09 9.6104E-09 9.9720E-09 1.0353E-08 1.0741E-08 1.1143E-08 1.1558E-08 1.1989E-08 1.2430E-08 1.2876E-08 1.3336E-08 1.3807E-08 1.4288E-08 1.4780E-08 1.5318E-08 1.5884E-08 1.6438E-08 1.7000E-08 1.7576E-08 1.8150E-08 1.8732E-08 1.9323E-08 1.9979E-08 2.0657E-08 2.1301E-08 2.1961E-08 2.2634E-08 2.3387E-08 2.4177E-08 2.4945E-08 2.5725E-08 2.6503E-08 2.7273E-08 2.8063E-08 2.8884E-08 2.9745E-08 3.0673E-08 3.1649E-08 3.2694E-08 3.3827E-08 3.5013E-08 3.6283E-08 3.7664E-08 3.9116E-08 4.0796E-08
6.0123E-09 6.2322E-09 6.4604E-09 6.7033E-09 6.9558E-09 7.2119E-09 7.4771E-09 7.7582E-09 8.0497E-09 8.3453E-09 8.6580E-09 8.9819E-09 9.3170E-09 9.6636E-09 1.0025E-08 1.0400E-08 1.0794E-08 1.1197E-08 1.1610E-08 1.2042E-08 1.2482E-08 1.2928E-08 1.3387E-08 1.3858E-08 1.4341E-08 1.4833E-08 1.5368E-08 1.5934E-08 1.6483E-08 1.7049E-08 1.7626E-08 1.8201E-08 1.8785E-08 1.9377E-08 2.0029E-08 2.0703E-08 2.1344E-08 2.1998E-08 2.2666E-08 2.3409E-08 2.4182E-08 2.4940E-08 2.5719E-08 2.6539E-08 2.7337E-08 2.8143E-08 2.8941E-08 2.9790E-08 3.0680E-08 3.1626E-08 3.2627E-08 3.3721E-08 3.4865E-08 3.6087E-08 3.7426E-08 3.8819E-08 4.0399E-08
6.0496E-09 6.2705E-09 6.4997E-09 6.7433E-09 6.9966E-09 7.2538E-09 7.5201E-09 7.8020E-09 8.0944E-09 8.3907E-09 8.7040E-09 9.0284E-09 9.3639E-09 9.7108E-09 1.0071E-08 1.0447E-08 1.0833E-08 1.1243E-08 1.1655E-08 1.2086E-08 1.2526E-08 1.2971E-08 1.3428E-08 1.3898E-08 1.4380E-08 1.4873E-08 1.5408E-08 1.5968E-08 1.6512E-08 1.7081E-08 1.7654E-08 1.8232E-08 1.8816E-08 1.9408E-08 2.0059E-08 2.0727E-08 2.1365E-08 2.2013E-08 2.2675E-08 2.3347E-08 2.4109E-08 2.4899E-08 2.5667E-08 2.6462E-08 2.7297E-08 2.8136E-08 2.8967E-08 2.9790E-08 3.0659E-08 3.1571E-08 3.2529E-08 3.3581E-08 3.4672E-08 3.5846E-08 3.7124E-08 3.8466E-08 3.9929E-08
6.0839E-09 6.3056E-09 6.5357E-09 6.7800E-09 7.0338E-09 7.2917E-09 7.5587E-09 7.8413E-09 8.1342E-09 8.4311E-09 8.7448E-09 9.0694E-09 9.4050E-09 9.7518E-09 1.0111E-08 1.0488E-08 1.0871E-08 1.1281E-08 1.1692E-08 1.2122E-08 1.2560E-08 1.3004E-08 1.3459E-08 1.3927E-08 1.4407E-08 1.4899E-08 1.5432E-08 1.5989E-08 1.6530E-08 1.7096E-08 1.7664E-08 1.8244E-08 1.8825E-08 1.9416E-08 2.0064E-08 2.0728E-08 2.1362E-08 2.2005E-08 2.2660E-08 2.3325E-08 2.4070E-08 2.4845E-08 2.5583E-08 2.6369E-08 2.7186E-08 2.8027E-08 2.8895E-08 2.9744E-08 3.0600E-08 3.1480E-08 3.2406E-08 3.3403E-08 3.4445E-08 3.5560E-08 3.6785E-08 3.8060E-08 3.9460E-08
6.1154E-09 6.3378E-09 6.5684E-09 6.8131E-09 7.0673E-09 7.3257E-09 7.5931E-09 7.8760E-09 8.1691E-09 8.4666E-09 8.7803E-09 9.1048E-09 9.4335E-09 9.7800E-09 1.0145E-08 1.0521E-08 1.0904E-08 1.1305E-08 1.1714E-08 1.2148E-08 1.2586E-08 1.3027E-08 1.3481E-08 1.3946E-08 1.4423E-08 1.4912E-08 1.5412E-08 1.5962E-08 1.6533E-08 1.7095E-08 1.7659E-08 1.8237E-08 1.8816E-08 1.9403E-08 2.0045E-08 2.0659E-08 2.1336E-08 2.1974E-08 2.2621E-08 2.3278E-08 2.4009E-08 2.4766E-08 2.5488E-08 2.6244E-08 2.7020E-08 2.7847E-08 2.8698E-08 2.9594E-08 3.0470E-08 3.1359E-08 3.2238E-08 3.3199E-08 3.4186E-08 3.5241E-08 3.6400E-08 3.7608E-08 3.8942E-08
6.1439E-09 6.3667E-09 6.5978E-09 6.8374E-09 7.0917E-09 7.3558E-09 7.6234E-09 7.9003E-09 8.1933E-09 8.4968E-09 8.8105E-09 9.1346E-09 9.4631E-09 9.8089E-09 1.0166E-08 1.0540E-08 1.0929E-08 1.1327E-08 1.1736E-08 1.2166E-08 1.2602E-08 1.3041E-08 1.3492E-08 1.3955E-08 1.4428E-08 1.4914E-08 1.5410E-08 1.5952E-08 1.6520E-08 1.7075E-08 1.7641E-08 1.8216E-08 1.8788E-08 1.9370E-08 1.9962E-08 2.0614E-08 2.1283E-08 2.1918E-08 2.2559E-08 2.3207E-08 2.3924E-08 2.4663E-08 2.5370E-08 2.6090E-08 2.6848E-08 2.7637E-08 2.8477E-08 2.9336E-08 3.0230E-08 3.1140E-08 3.2037E-08 3.2952E-08 3.3894E-08 3.4893E-08 3.5985E-08 3.7127E-08 3.8380E-08
6.1694E-09 6.3926E-09 6.6240E-09 6.8637E-09 7.1181E-09 7.3820E-09 7.6496E-09 7.9264E-09 8.2190E-09 8.5220E-09 8.8288E-09 9.1526E-09 9.4869E-09 9.8318E-09 1.0188E-08 1.0558E-08 1.0941E-08 1.1335E-08 1.1750E-08 1.2169E-08 1.2604E-08 1.3047E-08 1.3495E-08 1.3953E-08 1.4423E-08 1.4904E-08 1.5396E-08 1.5930E-08 1.6492E-08 1.7037E-08 1.7605E-08 1.8175E-08 1.8746E-08 1.9321E-08 1.9905E-08 2.0548E-08 2.1207E-08 2.1835E-08 2.2471E-08 2.3112E-08 2.3759E-08 2.4481E-08 2.5227E-08 2.5930E-08 2.6647E-08 2.7415E-08 2.8208E-08 2.9038E-08 2.9902E-08 3.0811E-08 3.1732E-08 3.2653E-08 3.3572E-08 3.4508E-08 3.5549E-08 3.6608E-08 3.7783E-08
6.1920E-09 6.4153E-09 6.6468E-09 6.8866E-09 7.1407E-09 7.4043E-09 7.6717E-09 7.9482E-09 8.2402E-09 8.5423E-09 8.8485E-09 9.1713E-09 9.5046E-09 9.8486E-09 1.0203E-08 1.0571E-08 1.0952E-08 1.1343E-08 1.1757E-08 1.2171E-08 1.2604E-08 1.3044E-08 1.3488E-08 1.3943E-08 1.4408E-08 1.4885E-08 1.5371E-08 1.5899E-08 1.6448E-08 1.6986E-08 1.7550E-08 1.8112E-08 1.8686E-08 1.9256E-08 1.9832E-08 2.0463E-08 2.1111E-08 2.1730E-08 2.2356E-08 2.2990E-08 2.3630E-08 2.4336E-08 2.5060E-08 2.5746E-08 2.6443E-08 2.7170E-08 2.7914E-08 2.8719E-08 2.9551E-08 3.0419E-08 3.1294E-08 3.2248E-08 3.3169E-08 3.4101E-08 3.5066E-08 3.6067E-08 3.7163E-08
6.2116E-09 6.4349E-09 6.6663E-09 6.9060E-09 7.1597E-09 7.4227E-09 7.6897E-09 7.9657E-09 8.2507E-09 8.5519E-09 8.8633E-09 9.1847E-09 9.5165E-09 9.8524E-09 1.0205E-08 1.0570E-08 1.0950E-08 1.1344E-08 1.1748E-08 1.2160E-08 1.2594E-08 1.3032E-08 1.3472E-08 1.3922E-08 1.4384E-08 1.4855E-08 1.5336E-08 1.5827E-08 1.6365E-08 1.6925E-08 1.7475E-08 1.8034E-08 1.8605E-08 1.9172E-08 1.9745E-08 2.0320E-08 2.0954E-08 2.1604E-08 2.2220E-08 2.2843E-08 2.3473E-08 2.4165E-08 2.4815E-08 2.5539E-08 2.6216E-08 2.6903E-08 2.7637E-08 2.8370E-08 2.9169E-08 2.9975E-08 3.0832E-08 3.1716E-08 3.2660E-08 3.3593E-08 3.4553E-08 3.5495E-08 3.6514E-08
6.2235E-09 6.4514E-09 6.6825E-09 6.9219E-09 7.1696E-09 7.4319E-09 7.7037E-09 7.9790E-09 8.2632E-09 8.5631E-09 8.8731E-09 9.1866E-09 9.5167E-09 9.8572E-09 1.0208E-08 1.0570E-08 1.0948E-08 1.1339E-08 1.1738E-08 1.2148E-08 1.2576E-08 1.3004E-08 1.3447E-08 1.3893E-08 1.4349E-08 1.4815E-08 1.5291E-08 1.5776E-08 1.6302E-08 1.6853E-08 1.7387E-08 1.7943E-08 1.8502E-08 1.9067E-08 1.9634E-08 2.0207E-08 2.0828E-08 2.1463E-08 2.2065E-08 2.2676E-08 2.3293E-08 2.3914E-08 2.4606E-08 2.5310E-08 2.5969E-08 2.6632E-08 2.7323E-08 2.8026E-08 2.8767E-08 2.9547E-08 3.0345E-08 3.1202E-08 3.2049E-08 3.2978E-08 3.3943E-08 3.4870E-08 3.5850E-08
6.2374E-09 6.4647E-09 6.6955E-09 6.9343E-09 7.1815E-09 7.4429E-09 7.7136E-09 7.9880E-09 8.2712E-09 8.5697E-09 8.8780E-09 9.1900E-09 9.5182E-09 9.8564E-09 1.0205E-08 1.0564E-08 1.0937E-08 1.1320E-08 1.1714E-08 1.2129E-08 1.2544E-08 1.2976E-08 1.3414E-08 1.3855E-08 1.4306E-08 1.4767E-08 1.5236E-08 1.5714E-08 1.6231E-08 1.6738E-08 1.7291E-08 1.7839E-08 1.8386E-08 1.8945E-08 1.9504E-08 2.0069E-08 2.0684E-08 2.1263E-08 2.1896E-08 2.2491E-08 2.3093E-08 2.3701E-08 2.4371E-08 2.4999E-08 2.5698E-08 2.6343E-08 2.6992E-08 2.7666E-08 2.8368E-08 2.9093E-08 2.9858E-08 3.0613E-08 3.1469E-08 3.2268E-08 3.3230E-08 3.4150E-08 3.5083E-08
6.2483E-09 6.4749E-09 6.7051E-09 6.9434E-09 7.1898E-09 7.4501E-09 7.7195E-09 7.9928E-09 8.2748E-09 8.5716E-09 8.8721E-09 9.1884E-09 9.5143E-09 9.8501E-09 1.0190E-08 1.0545E-08 1.0913E-08 1.1295E-08 1.1690E-08 1.2095E-08 1.2506E-08 1.2939E-08 1.3373E-08 1.3809E-08 1.4254E-08 1.4709E-08 1.5172E-08 1.5643E-08 1.6123E-08 1.6646E-08 1.7190E-08 1.7719E-08 1.8259E-08 1.8808E-08 1.9358E-08 1.9913E-08 2.0474E-08 2.1089E-08 2.1714E-08 2.2294E-08 2.2879E-08 2.3470E-08 2.4065E-08 2.4728E-08 2.5404E-08 2.6032E-08 2.6661E-08 2.7291E-08 2.7960E-08 2.8624E-08 2.9346E-08 3.0068E-08 3.0815E-08 3.1629E-08 3.2442E-08 3.3365E-08 3.4256E-08
6.2515E-09 6.4773E-09 6.7116E-09 6.9490E-09 7.1945E-09 7.4481E-09 7.7163E-09 7.9935E-09 8.2741E-09 8.5633E-09 8.8678E-09 9.1818E-09 9.4990E-09 9.8323E-09 1.0175E-08 1.0528E-08 1.0891E-08 1.1270E-08 1.1661E-08 1.2053E-08 1.2468E-08 1.2893E-08 1.3317E-08 1.3755E-08 1.4194E-08 1.4642E-08 1.5098E-08 1.5563E-08 1.6035E-08 1.6545E-08 1.7076E-08 1.7589E-08 1.8126E-08 1.8658E-08 1.9201E-08 1.9743E-08 2.0292E-08 2.0894E-08 2.1459E-08 2.2081E-08 2.2654E-08 2.3227E-08 2.3803E-08 2.4442E-08 2.5035E-08 2.5698E-08 2.6309E-08 2.6918E-08 2.7525E-08 2.8170E-08 2.8827E-08 2.9522E-08 3.0220E-08 3.0910E-08 3.1721E-08 3.2579E-08 3.3397E-08
6.2568E-09 6.4817E-09 6.7148E-09 6.9513E-09 7.1957E-09 7.4482E-09 7.7147E-09 7.9902E-09 8.2692E-09 8.5566E-09 8.8589E-09 9.1704E-09 9.4853E-09 9.8157E-09 1.0156E-08 1.0498E-08 1.0857E-08 1.1237E-08 1.1612E-08 1.2011E-08 1.2422E-08 1.2834E-08 1.3261E-08 1.3692E-08 1.4126E-08 1.4567E-08 1.5017E-08 1.5474E-08 1.5938E-08 1.6409E-08 1.6925E-08 1.7456E-08 1.7975E-08 1.8500E-08 1.9033E-08 1.9563E-08 2.0098E-08 2.0639E-08 2.1236E-08 2.1841E-08 2.2408E-08 2.2972E-08 2.3531E-08 2.4090E-08 2.4715E-08 2.5350E-08 2.5937E-08 2.6525E-08 2.7112E-08 2.7692E-08 2.8329E-08 2.8958E-08 2.9625E-08 3.0267E-08 3.0917E-08 3.1721E-08 3.2550E-08
6.2593E-09 6.4830E-09 6.7100E-09 6.9502E-09 7.1934E-09 7.4446E-09 7.7094E-09 7.9775E-09 8.2601E-09 8.5456E-09 8.8395E-09 9.1485E-09 9.4667E-09 9.7940E-09 1.0124E-08 1.0470E-08 1.0825E-08 1.1192E-08 1.1571E-08 1.1962E-08 1.2363E-08 1.2768E-08 1.3195E-08 1.3622E-08 1.4049E-08 1.4484E-08 1.4927E-08 1.5376E-08 1.5833E-08 1.6295E-08 1.6796E-08 1.7316E-08 1.7816E-08 1.8336E-08 1.8851E-08 1.9374E-08 1.9895E-08 2.0421E-08 2.0998E-08 2.1541E-08 2.2140E-08 2.2694E-08 2.3247E-08 2.3789E-08 2.4329E-08 2.4937E-08 2.5554E-08 2.6118E-08 2.6681E-08 2.7240E-08 2.7811E-08 2.8399E-08 2.9014E-08 2.9626E-08 3.0252E-08 3.0835E-08 3.1604E-08
6.2589E-09 6.4767E-09 6.7072E-09 6.9460E-09 7.1878E-09 7.4374E-09 7.6950E-09 7.9666E-09 8.2469E-09 8.5303E-09 8.8219E-09 9.1282E-09 9.4433E-09 9.7613E-09 1.0095E-08 1.0437E-08 1.0788E-08 1.1141E-08 1.1523E-08 1.1903E-08 1.2296E-08 1.2704E-08 1.3114E-08 1.3538E-08 1.3966E-08 1.4394E-08 1.4829E-08 1.5271E-08 1.5719E-08 1.6174E-08 1.6633E-08 1.7137E-08 1.7653E-08 1.8156E-08 1.8662E-08 1.9174E-08 1.9684E-08 2.0195E-08 2.0710E-08 2.1278E-08 2.1855E-08 2.2397E-08 2.2936E-08 2.3474E-08 2.4000E-08 2.4579E-08 2.5108E-08 2.5702E-08 2.6240E-08 2.6773E-08 2.7303E-08 2.7842E-08 2.8396E-08 2.8998E-08 2.9547E-08 3.0129E-08 3.0664E-08
6.2558E-09 6.4724E-09 6.7014E-09 6.9385E-09 7.1788E-09 7.4268E-09 7.6826E-09 7.9519E-09 8.2298E-09 8.5109E-09 8.8001E-09 9.0973E-09 9.4094E-09 9.7302E-09 1.0060E-08 1.0392E-08 1.0738E-08 1.1094E-08 1.1462E-08 1.1839E-08 1.2230E-08 1.2627E-08 1.3029E-08 1.3452E-08 1.3875E-08 1.4296E-08 1.4724E-08 1.5158E-08 1.5598E-08 1.6044E-08 1.6495E-08 1.6981E-08 1.7486E-08 1.7968E-08 1.8470E-08 1.8964E-08 1.9465E-08 1.9962E-08 2.0462E-08 2.1009E-08 2.1521E-08 2.2085E-08 2.2610E-08 2.3134E-08 2.3653E-08 2.4164E-08 2.4722E-08 2.5282E-08 2.5793E-08 2.6302E-08 2.6804E-08 2.7316E-08 2.7823E-08 2.8342E-08 2.8886E-08 2.9389E-08 2.9925E-08
6.2499E-09 6.4653E-09 6.6878E-09 6.9232E-09 7.1665E-09 7.4127E-09 7.6666E-09 7.9282E-09 8.2037E-09 8.4875E-09 8.7741E-09 9.0685E-09 9.3773E-09 9.6944E-09 1.0014E-08 1.0348E-08 1.0691E-08 1.1042E-08 1.1395E-08 1.1776E-08 1.2146E-08 1.2543E-08 1.2947E-08 1.3360E-08 1.3770E-08 1.4191E-08 1.4612E-08 1.5038E-08 1.5470E-08 1.5907E-08 1.6349E-08 1.6794E-08 1.7281E-08 1.7780E-08 1.8262E-08 1.8748E-08 1.9236E-08 1.9722E-08 2.0207E-08 2.0693E-08 2.1228E-08 2.1724E-08 2.2274E-08 2.2781E-08 2.3287E-08 2.3784E-08 2.4276E-08 2.4813E-08 2.5347E-08 2.5828E-08 2.6304E-08 2.6772E-08 2.7249E-08 2.7719E-08 2.8220E-08 2.8723E-08 2.9182E-08
6.2414E-09 6.4553E-09 6.6764E-09 6.9098E-09 7.1510E-09 7.3953E-09 7.6472E-09 7.9065E-09 8.1793E-09 8.4602E-09 8.7440E-09 9.0355E-09 9.3407E-09 9.6483E-09 9.9701E-09 1.0300E-08 1.0632E-08 1.0978E-08 1.1332E-08 1.1698E-08 1.2072E-08 1.2460E-08 1.2852E-08 1.3249E-08 1.3665E-08 1.4080E-08 1.4493E-08 1.4911E-08 1.5335E-08 1.5764E-08 1.6196E-08 1.6632E-08 1.7102E-08 1.7586E-08 1.8049E-08 1.8528E-08 1.8999E-08 1.9477E-08 1.9947E-08 2.0417E-08 2.0888E-08 2.1410E-08 2.1935E-08 2.2421E-08 2.2907E-08 2.3391E-08 2.3867E-08 2.4335E-08 2.4853E-08 2.5359E-08 2.5806E-08 2.6248E-08 2.6680E-08 2.7134E-08 2.7567E-08 2.8028E-08 2.8468E-08
6.2302E-09 6.4427E-09 6.6621E-09 6.8886E-09 7.1277E-09 7.3747E-09 7.6243E-09 7.8814E-09 8.1458E-09 8.4239E-09 8.7100E-09 8.9984E-09 9.2943E-09 9.6040E-09 9.9217E-09 1.0241E-08 1.0575E-08 1.0916E-08 1.1265E-08 1.1617E-08 1.1993E-08 1.2359E-08 1.2751E-08 1.3148E-08 1.3554E-08 1.3956E-08 1.4368E-08 1.4778E-08 1.5194E-08 1.5614E-08 1.6037E-08 1.6463E-08 1.6892E-08 1.7359E-08 1.7838E-08 1.8294E-08 1.8760E-08 1.9220E-08 1.9682E-08 2.0137E-08 2.0593E-08 2.1092E-08 2.1552E-08 2.2060E-08 2.2525E-08 2.2989E-08 2.3449E-08 2.3903E-08 2.4403E-08 2.4842E-08 2.5316E-08 2.5730E-08 2.6135E-08 2.6543E-08 2.6943E-08 2.7350E-08 2.7774E-08
