Assets/Resources/2015_m01_d03_0600(utc+0800)_l00_csi_1hr_conc.grd
DSAA
         159         159
     -79.000      79.000
     -79.000      79.000
  0.0000E+00  0.5575E-05
[rows 0 to 24 of 159, columns 0 to 56 of 159]
6.6802E-11 7.2934E-11 8.0144E-11 8.6917E-11 9.4809E-11 1.0294E-10 1.1159E-10 1.2118E-10 1.3101E-10 1.4244E-10 1.5327E-10 1.6710E-10 1.8048E-10 1.9668E-10 2.1180E-10 2.2929E-10 2.4621E-10 2.6449E-10 2.8215E-10 3.0158E-10 3.2094E-10 3.4162E-10 3.6269E-10 3.8555E-10 4.0834E-10 4.3243E-10 4.5687E-10 4.8308E-10 5.0916E-10 5.3646E-10 5.6403E-10 5.9228E-10 6.2222E-10 6.5179E-10 6.8243E-10 7.1310E-10 7.4523E-10 7.7681E-10 8.0872E-10 8.4141E-10 8.7380E-10 9.0681E-10 9.3992E-10 9.7247E-10 1.0054E-09 1.0376E-09 1.0695E-09 1.1016E-09 1.1332E-09 1.1637E-09 1.1933E-09 1.2202E-09 1.2429E-09 1.2618E-09 1.2770E-09 1.2882E-09 1.2967E-09
6.8812E-11 7.5109E-11 8.2231E-11 8.9506E-11 9.7660E-11 1.0601E-10 1.1528E-10 1.2447E-10 1.3590E-10 1.4641E-10 1.5991E-10 1.7298E-10 1.8888E-10 2.0370E-10 2.2093E-10 2.3758E-10 2.5563E-10 2.7306E-10 2.9229E-10 3.1147E-10 3.3201E-10 3.5294E-10 3.7574E-10 3.9847E-10 4.2256E-10 4.4704E-10 4.7336E-10 4.9957E-10 5.2708E-10 5.5490E-10 5.8447E-10 6.1382E-10 6.4434E-10 6.7502E-10 7.0629E-10 7.3914E-10 7.7147E-10 8.0474E-10 8.3786E-10 8.7176E-10 9.0592E-10 9.3969E-10 9.7402E-10 1.0078E-09 1.0415E-09 1.0754E-09 1.1091E-09 1.1419E-09 1.1741E-09 1.2063E-09 1.2363E-09 1.2634E-09 1.2860E-09 1.3044E-09 1.3194E-09 1.3305E-09 1.3388E-09
7.0491E-11 7.7618E-11 8.4287E-11 9.2436E-11 1.0016E-10 1.0908E-10 1.1829E-10 1.2936E-10 1.3954E-10 1.5269E-10 1.6542E-10 1.8098E-10 1.9548E-10 2.1240E-10 2.2875E-10 2.4652E-10 2.6414E-10 2.8267E-10 3.0162E-10 3.2195E-10 3.4319E-10 3.6537E-10 3.8847E-10 4.1203E-10 4.3696E-10 4.6284E-10 4.8960E-10 5.1676E-10 5.4525E-10 5.7460E-10 6.0425E-10 6.3517E-10 6.6629E-10 6.9911E-10 7.3157E-10 7.6510E-10 7.9863E-10 8.3260E-10 8.6799E-10 9.0267E-10 9.3807E-10 9.7311E-10 1.0082E-09 1.0438E-09 1.0792E-09 1.1139E-09 1.1488E-09 1.1828E-09 1.2163E-09 1.2496E-09 1.2800E-09 1.3069E-09 1.3293E-09 1.3476E-09 1.3622E-09 1.3732E-09 1.3814E-09
7.3094E-11 7.9472E-11 8.7290E-11 9.4698E-11 1.0328E-10 1.1215E-10 1.2159E-10 1.3269E-10 1.4451E-10 1.5783E-10 1.7301E-10 1.8716E-10 2.0373E-10 2.1975E-10 2.3721E-10 2.5452E-10 2.7276E-10 2.9190E-10 3.1151E-10 3.3300E-10 3.5452E-10 3.7746E-10 4.0088E-10 4.2622E-10 4.5157E-10 4.7834E-10 5.0555E-10 5.3465E-10 5.6369E-10 5.9407E-10 6.2480E-10 6.5730E-10 6.8959E-10 7.2257E-10 7.5671E-10 7.9093E-10 8.2672E-10 8.6196E-10 8.9810E-10 9.3405E-10 9.7021E-10 1.0076E-09 1.0440E-09 1.0803E-09 1.1171E-09 1.1531E-09 1.1887E-09 1.2245E-09 1.2597E-09 1.2935E-09 1.3238E-09 1.3508E-09 1.3732E-09 1.3909E-09 1.4055E-09 1.4165E-09 1.4256E-09
7.4759E-11 8.1923E-11 8.9329E-11 9.7241E-11 1.0608E-10 1.1517E-10 1.2589E-10 1.3699E-10 1.5024E-10 1.6409E-10 1.7879E-10 1.9498E-10 2.1063E-10 2.2773E-10 2.4470E-10 2.6261E-10 2.8144E-10 3.0075E-10 3.2196E-10 3.4323E-10 3.6595E-10 3.8918E-10 4.1438E-10 4.3962E-10 4.6633E-10 4.9352E-10 5.2268E-10 5.5181E-10 5.8235E-10 6.1329E-10 6.4611E-10 6.7876E-10 7.1269E-10 7.4685E-10 7.8270E-10 8.1818E-10 8.5420E-10 8.9123E-10 9.2813E-10 9.6588E-10 1.0039E-09 1.0416E-09 1.0798E-09 1.1175E-09 1.1555E-09 1.1928E-09 1.2303E-09 1.2668E-09 1.3028E-09 1.3376E-09 1.3682E-09 1.3951E-09 1.4170E-09 1.4357E-09 1.4498E-09 1.4607E-09 1.4697E-09
7.6384E-11 8.4070E-11 9.1324E-11 1.0012E-10 1.0851E-10 1.1915E-10 1.2987E-10 1.4269E-10 1.5613E-10 1.7041E-10 1.8619E-10 2.0143E-10 2.1815E-10 2.3474E-10 2.5227E-10 2.7074E-10 2.8971E-10 3.1060E-10 3.3157E-10 3.5402E-10 3.7748E-10 4.0199E-10 4.2705E-10 4.5363E-10 4.8123E-10 5.0987E-10 5.3950E-10 5.6964E-10 6.0121E-10 6.3375E-10 6.6668E-10 7.0098E-10 7.3556E-10 7.7196E-10 8.0804E-10 8.4527E-10 8.8257E-10 9.2087E-10 9.5964E-10 9.9822E-10 1.0376E-09 1.0766E-09 1.1156E-09 1.1552E-09 1.1946E-09 1.2332E-09 1.2721E-09 1.3099E-09 1.3471E-09 1.3823E-09 1.4137E-09 1.4400E-09 1.4620E-09 1.4805E-09 1.4946E-09 1.5055E-09 1.5143E-09
7.8610E-11 8.5854E-11 9.3933E-11 1.0230E-10 1.1252E-10 1.2283E-10 1.3521E-10 1.4821E-10 1.6205E-10 1.7739E-10 1.9220E-10 2.0849E-10 2.2467E-10 2.4180E-10 2.5987E-10 2.7845E-10 2.9898E-10 3.1959E-10 3.4171E-10 3.6487E-10 3.8912E-10 4.1442E-10 4.4031E-10 4.6824E-10 4.9629E-10 5.2587E-10 5.5600E-10 5.8814E-10 6.2031E-10 6.5393E-10 6.8799E-10 7.2394E-10 7.5976E-10 7.9686E-10 8.3419E-10 8.7217E-10 9.1181E-10 9.5095E-10 9.9103E-10 1.0310E-09 1.0711E-09 1.1120E-09 1.1530E-09 1.1934E-09 1.2342E-09 1.2742E-09 1.3138E-09 1.3535E-09 1.3928E-09 1.4274E-09 1.4581E-09 1.4855E-09 1.5071E-09 1.5257E-09 1.5399E-09 1.5519E-09 1.5599E-09
8.0524E-11 8.7907E-11 9.6215E-11 1.0475E-10 1.1495E-10 1.2749E-10 1.3941E-10 1.5375E-10 1.6861E-10 1.8298E-10 1.9881E-10 2.1455E-10 2.3124E-10 2.4888E-10 2.6703E-10 2.8715E-10 3.0736E-10 3.2910E-10 3.5191E-10 3.7582E-10 4.0082E-10 4.2645E-10 4.5416E-10 4.8202E-10 5.1147E-10 5.4151E-10 5.7364E-10 6.0584E-10 6.3957E-10 6.7380E-10 7.1002E-10 7.4616E-10 7.8369E-10 8.2152E-10 8.6061E-10 9.0045E-10 9.4037E-10 9.8137E-10 1.0223E-09 1.0641E-09 1.1062E-09 1.1480E-09 1.1904E-09 1.2322E-09 1.2738E-09 1.3157E-09 1.3578E-09 1.3983E-09 1.4382E-09 1.4732E-09 1.5039E-09 1.5310E-09 1.5538E-09 1.5716E-09 1.5859E-09 1.5978E-09 1.6063E-09
8.2061E-11 9.0283E-11 9.8110E-11 1.0818E-10 1.1834E-10 1.3170E-10 1.4459E-10 1.5895E-10 1.7380E-10 1.8915E-10 2.0442E-10 2.2064E-10 2.3781E-10 2.5550E-10 2.7517E-10 2.9494E-10 3.1625E-10 3.3865E-10 3.6217E-10 3.8682E-10 4.1211E-10 4.3953E-10 4.6713E-10 4.9637E-10 5.2675E-10 5.5828E-10 5.9043E-10 6.2418E-10 6.5899E-10 6.9488E-10 7.3125E-10 7.6910E-10 8.0733E-10 8.4746E-10 8.8737E-10 9.2850E-10 9.6977E-10 1.0116E-09 1.0550E-09 1.0977E-09 1.1407E-09 1.1844E-09 1.2276E-09 1.2714E-09 1.3155E-09 1.3583E-09 1.4018E-09 1.4438E-09 1.4830E-09 1.5190E-09 1.5509E-09 1.5773E-09 1.5989E-09 1.6179E-09 1.6323E-09 1.6442E-09 1.6533E-09
8.4192E-11 9.1962E-11 1.0158E-10 1.1129E-10 1.2413E-10 1.3556E-10 1.5037E-10 1.6371E-10 1.7955E-10 1.9432E-10 2.1004E-10 2.2672E-10 2.4392E-10 2.6309E-10 2.8238E-10 3.0322E-10 3.2515E-10 3.4824E-10 3.7247E-10 3.9737E-10 4.2443E-10 4.5171E-10 4.8066E-10 5.1080E-10 5.4214E-10 5.7465E-10 6.0783E-10 6.4314E-10 6.7859E-10 7.1561E-10 7.5316E-10 7.9220E-10 8.3223E-10 8.7262E-10 9.1434E-10 9.5629E-10 9.9943E-10 1.0432E-09 1.0869E-09 1.1316E-09 1.1760E-09 1.2211E-09 1.2669E-09 1.3116E-09 1.3562E-09 1.4015E-09 1.4454E-09 1.4894E-09 1.5299E-09 1.5654E-09 1.5974E-09 1.6235E-09 1.6455E-09 1.6648E-09 1.6803E-09 1.6916E-09 1.7014E-09
8.5998E-11 9.3577E-11 1.0345E-10 1.1640E-10 1.2767E-10 1.4193E-10 1.5475E-10 1.7004E-10 1.8431E-10 1.9950E-10 2.1565E-10 2.3233E-10 2.5097E-10 2.6974E-10 2.9006E-10 3.1150E-10 3.3409E-10 3.5785E-10 3.8230E-10 4.0894E-10 4.3582E-10 4.6442E-10 4.9424E-10 5.2532E-10 5.5761E-10 5.9062E-10 6.2583E-10 6.6124E-10 6.9830E-10 7.3597E-10 7.7573E-10 8.1553E-10 8.5628E-10 8.9849E-10 9.4101E-10 9.8538E-10 1.0294E-09 1.0740E-09 1.1197E-09 1.1653E-09 1.2127E-09 1.2588E-09 1.3050E-09 1.3523E-09 1.3983E-09 1.4451E-09 1.4916E-09 1.5354E-09 1.5764E-09 1.6119E-09 1.6429E-09 1.6703E-09 1.6938E-09 1.7122E-09 1.7268E-09 1.7397E-09 1.7499E-09
8.7414E-11 9.6801E-11 1.0729E-10 1.1901E-10 1.3170E-10 1.4498E-10 1.6067E-10 1.7394E-10 1.8906E-10 2.0466E-10 2.2079E-10 2.3887E-10 2.5708E-10 2.7685E-10 2.9774E-10 3.1980E-10 3.4303E-10 3.6697E-10 3.9313E-10 4.1956E-10 4.4773E-10 4.7716E-10 5.0788E-10 5.3988E-10 5.7263E-10 6.0766E-10 6.4293E-10 6.7993E-10 7.1760E-10 7.5747E-10 7.9744E-10 8.3898E-10 8.8102E-10 9.2452E-10 9.6895E-10 1.0136E-09 1.0596E-09 1.1056E-09 1.1528E-09 1.2008E-09 1.2482E-09 1.2969E-09 1.3446E-09 1.3934E-09 1.4421E-09 1.4894E-09 1.5374E-09 1.5817E-09 1.6217E-09 1.6586E-09 1.6911E-09 1.7176E-09 1.7403E-09 1.7601E-09 1.7749E-09 1.7885E-09 1.7991E-09
8.9720E-11 9.9379E-11 1.1153E-10 1.2224E-10 1.3638E-10 1.5047E-10 1.6420E-10 1.7874E-10 1.9332E-10 2.0934E-10 2.2636E-10 2.4446E-10 2.6364E-10 2.8394E-10 3.0542E-10 3.2808E-10 3.5147E-10 3.7708E-10 4.0299E-10 4.3067E-10 4.5964E-10 4.8994E-10 5.2155E-10 5.5396E-10 5.8871E-10 6.2376E-10 6.6059E-10 6.9817E-10 7.3802E-10 7.7805E-10 8.1976E-10 8.6203E-10 9.0587E-10 9.5076E-10 9.9600E-10 1.0426E-09 1.0894E-09 1.1385E-09 1.1866E-09 1.2352E-09 1.2851E-09 1.3343E-09 1.3856E-09 1.4350E-09 1.4842E-09 1.5342E-09 1.5823E-09 1.6279E-09 1.6696E-09 1.7058E-09 1.7383E-09 1.7653E-09 1.7884E-09 1.8084E-09 1.8238E-09 1.8381E-09 1.8490E-09
9.1746E-11 1.0303E-10 1.1447E-10 1.2800E-10 1.4006E-10 1.5464E-10 1.6815E-10 1.8260E-10 1.9802E-10 2.1444E-10 2.3192E-10 2.5049E-10 2.7017E-10 2.9102E-10 3.1307E-10 3.3585E-10 3.6087E-10 3.8620E-10 4.1332E-10 4.4176E-10 4.7156E-10 5.0271E-10 5.3471E-10 5.6908E-10 6.0381E-10 6.4039E-10 6.7776E-10 7.1750E-10 7.5748E-10 7.9922E-10 8.4162E-10 8.8623E-10 9.3090E-10 9.7710E-10 1.0237E-09 1.0712E-09 1.1210E-09 1.1701E-09 1.2207E-09 1.2708E-09 1.3223E-09 1.3741E-09 1.4250E-09 1.4770E-09 1.5278E-09 1.5794E-09 1.6293E-09 1.6747E-09 1.7155E-09 1.7531E-09 1.7849E-09 1.8136E-09 1.8370E-09 1.8574E-09 1.8734E-09 1.8870E-09 1.8993E-09
9.5076E-11 1.0600E-10 1.1893E-10 1.3038E-10 1.4529E-10 1.5823E-10 1.7208E-10 1.8688E-10 2.0268E-10 2.1952E-10 2.3744E-10 2.5599E-10 2.7667E-10 2.9806E-10 3.2020E-10 3.4457E-10 3.6927E-10 3.9578E-10 4.2362E-10 4.5286E-10 4.8346E-10 5.1496E-10 5.4888E-10 5.8319E-10 6.1942E-10 6.5649E-10 6.9601E-10 7.3583E-10 7.7749E-10 8.1989E-10 8.6461E-10 9.0947E-10 9.5597E-10 1.0030E-09 1.0515E-09 1.1015E-09 1.1513E-09 1.2028E-09 1.2540E-09 1.3077E-09 1.3598E-09 1.4122E-09 1.4658E-09 1.5183E-09 1.5718E-09 1.6251E-09 1.6746E-09 1.7212E-09 1.7627E-09 1.8008E-09 1.8329E-09 1.8621E-09 1.8860E-09 1.9056E-09 1.9236E-09 1.9376E-09 1.9502E-09
9.8459E-11 1.0911E-10 1.2196E-10 1.3519E-10 1.4808E-10 1.6178E-10 1.7596E-10 1.9065E-10 2.0730E-10 2.2455E-10 2.4243E-10 2.6241E-10 2.8264E-10 3.0457E-10 3.2776E-10 3.5227E-10 3.7811E-10 4.0530E-10 4.3390E-10 4.6390E-10 4.9482E-10 5.2820E-10 5.6202E-10 5.9779E-10 6.3447E-10 6.7365E-10 7.1320E-10 7.5468E-10 7.9696E-10 8.4166E-10 8.8658E-10 9.3326E-10 9.8056E-10 1.0305E-09 1.0800E-09 1.1304E-09 1.1827E-09 1.2347E-09 1.2895E-09 1.3428E-09 1.3976E-09 1.4516E-09 1.5068E-09 1.5621E-09 1.6163E-09 1.6707E-09 1.7207E-09 1.7671E-09 1.8101E-09 1.8484E-09 1.8814E-09 1.9101E-09 1.9355E-09 1.9558E-09 1.9744E-09 1.9886E-09 2.0001E-09
1.0021E-10 1.1289E-10 1.2498E-10 1.3867E-10 1.5175E-10 1.6483E-10 1.7933E-10 1.9530E-10 2.1140E-10 2.2905E-10 2.4785E-10 2.6783E-10 2.8904E-10 3.1150E-10 3.3529E-10 3.6040E-10 3.8689E-10 4.1479E-10 4.4412E-10 4.7439E-10 5.0714E-10 5.4038E-10 5.7562E-10 6.1180E-10 6.5055E-10 6.8973E-10 7.3090E-10 7.7295E-10 8.1751E-10 8.6237E-10 9.0908E-10 9.5652E-10 1.0067E-09 1.0566E-09 1.1085E-09 1.1604E-09 1.2141E-09 1.2689E-09 1.3232E-09 1.3792E-09 1.4345E-09 1.4912E-09 1.5482E-09 1.6041E-09 1.6610E-09 1.7153E-09 1.7672E-09 1.8139E-09 1.8576E-09 1.8955E-09 1.9302E-09 1.9595E-09 1.9854E-09 2.0065E-09 2.0243E-09 2.0401E-09 2.0513E-09
1.0508E-10 1.1560E-10 1.2955E-10 1.4156E-10 1.5446E-10 1.6829E-10 1.8311E-10 1.9897E-10 2.1591E-10 2.3397E-10 2.5321E-10 2.7366E-10 2.9536E-10 3.1838E-10 3.4273E-10 3.6846E-10 3.9561E-10 4.2420E-10 4.5376E-10 4.8581E-10 5.1840E-10 5.5300E-10 5.8861E-10 6.2682E-10 6.6552E-10 7.0627E-10 7.4798E-10 7.9227E-10 8.3694E-10 8.8356E-10 9.3099E-10 9.8131E-10 1.0314E-09 1.0836E-09 1.1360E-09 1.1914E-09 1.2458E-09 1.3011E-09 1.3581E-09 1.4146E-09 1.4737E-09 1.5311E-09 1.5898E-09 1.6474E-09 1.7049E-09 1.7610E-09 1.8135E-09 1.8611E-09 1.9054E-09 1.9439E-09 1.9782E-09 2.0093E-09 2.0346E-09 2.0577E-09 2.0759E-09 2.0917E-09 2.1026E-09
1.0658E-10 1.1877E-10 1.3213E-10 1.4439E-10 1.5756E-10 1.7169E-10 1.8684E-10 2.0304E-10 2.2035E-10 2.3882E-10 2.5849E-10 2.7892E-10 3.0162E-10 3.2517E-10 3.4960E-10 3.7644E-10 4.0374E-10 4.3303E-10 4.6431E-10 4.9616E-10 5.3006E-10 5.6500E-10 6.0258E-10 6.4070E-10 6.8093E-10 7.2218E-10 7.6608E-10 8.1044E-10 8.5683E-10 9.0413E-10 9.5442E-10 1.0046E-09 1.0570E-09 1.1097E-09 1.1656E-09 1.2206E-09 1.2775E-09 1.3344E-09 1.3929E-09 1.4523E-09 1.5110E-09 1.5712E-09 1.6305E-09 1.6909E-09 1.7508E-09 1.8066E-09 1.8590E-09 1.9083E-09 1.9520E-09 1.9926E-09 2.0277E-09 2.0594E-09 2.0856E-09 2.1080E-09 2.1276E-09 2.1422E-09 2.1539E-09
1.0900E-10 1.2260E-10 1.3421E-10 1.4671E-10 1.6014E-10 1.7503E-10 1.9002E-10 2.0657E-10 2.2472E-10 2.4311E-10 2.6321E-10 2.8507E-10 3.0730E-10 3.3138E-10 3.5736E-10 3.8383E-10 4.1228E-10 4.4224E-10 4.7378E-10 5.0690E-10 5.4109E-10 5.7794E-10 6.1540E-10 6.5500E-10 6.9568E-10 7.3907E-10 7.8299E-10 8.2903E-10 8.7606E-10 9.2617E-10 9.7624E-10 1.0287E-09 1.0816E-09 1.1377E-09 1.1932E-09 1.2507E-09 1.3082E-09 1.3677E-09 1.4280E-09 1.4879E-09 1.5495E-09 1.6103E-09 1.6724E-09 1.7347E-09 1.7945E-09 1.8524E-09 1.9053E-09 1.9554E-09 2.0001E-09 2.0404E-09 2.0776E-09 2.1087E-09 2.1369E-09 2.1598E-09 2.1795E-09 2.1938E-09 2.2041E-09
1.1388E-10 1.2485E-10 1.3669E-10 1.4943E-10 1.6313E-10 1.7784E-10 1.9361E-10 2.1049E-10 2.2854E-10 2.4780E-10 2.6832E-10 2.9017E-10 3.1337E-10 3.3798E-10 3.6404E-10 3.9160E-10 4.2069E-10 4.5136E-10 4.8362E-10 5.1699E-10 5.5303E-10 5.8972E-10 6.2860E-10 6.6861E-10 7.1137E-10 7.5475E-10 8.0030E-10 8.4693E-10 8.9673E-10 9.4658E-10 9.9896E-10 1.0518E-09 1.1081E-09 1.1638E-09 1.2217E-09 1.2797E-09 1.3409E-09 1.4011E-09 1.4631E-09 1.5247E-09 1.5868E-09 1.6505E-09 1.7145E-09 1.7774E-09 1.8391E-09 1.8966E-09 1.9518E-09 2.0017E-09 2.0483E-09 2.0896E-09 2.1276E-09 2.1596E-09 2.1873E-09 2.2117E-09 2.2301E-09 2.2440E-09 2.2540E-09
1.1542E-10 1.2704E-10 1.3909E-10 1.5160E-10 1.6604E-10 1.8103E-10 1.9711E-10 2.1433E-10 2.3274E-10 2.5239E-10 2.7334E-10 2.9564E-10 3.1932E-10 3.4446E-10 3.7109E-10 3.9874E-10 4.2898E-10 4.6032E-10 4.9280E-10 5.2795E-10 5.6380E-10 6.0186E-10 6.4110E-10 6.8313E-10 7.2585E-10 7.7079E-10 8.1689E-10 8.6623E-10 9.1573E-10 9.6784E-10 1.0205E-09 1.0768E-09 1.1325E-09 1.1907E-09 1.2491E-09 1.3108E-09 1.3716E-09 1.4344E-09 1.4970E-09 1.5614E-09 1.6264E-09 1.6908E-09 1.7554E-09 1.8207E-09 1.8824E-09 1.9422E-09 1.9970E-09 2.0489E-09 2.0955E-09 2.1391E-09 2.1766E-09 2.2107E-09 2.2390E-09 2.2622E-09 2.2804E-09 2.2940E-09 2.3036E-09
1.1736E-10 1.2872E-10 1.4098E-10 1.5419E-10 1.6840E-10 1.8367E-10 2.0052E-10 2.1760E-10 2.3636E-10 2.5688E-10 2.7776E-10 3.0050E-10 3.2516E-10 3.5032E-10 3.7750E-10 4.0675E-10 4.3662E-10 4.6864E-10 5.0233E-10 5.3776E-10 5.7491E-10 6.1329E-10 6.5448E-10 6.9642E-10 7.4065E-10 7.8610E-10 8.3484E-10 8.8384E-10 9.3553E-10 9.8790E-10 1.0440E-09 1.0996E-09 1.1578E-09 1.2164E-09 1.2784E-09 1.3397E-09 1.4031E-09 1.4665E-09 1.5319E-09 1.5981E-09 1.6638E-09 1.7310E-09 1.7975E-09 1.8640E-09 1.9267E-09 1.9874E-09 2.0433E-09 2.0964E-09 2.1441E-09 2.1886E-09 2.2271E-09 2.2607E-09 2.2894E-09 2.3125E-09 2.3303E-09 2.3437E-09 2.3529E-09
1.1923E-10 1.3078E-10 1.4325E-10 1.5670E-10 1.7116E-10 1.8670E-10 2.0338E-10 2.2125E-10 2.4036E-10 2.6078E-10 2.8255E-10 3.0573E-10 3.3038E-10 3.5655E-10 3.8427E-10 4.1361E-10 4.4461E-10 4.7676E-10 5.1170E-10 5.4787E-10 5.8530E-10 6.2556E-10 6.6663E-10 7.1002E-10 7.5469E-10 8.0271E-10 8.5107E-10 9.0220E-10 9.5411E-10 1.0098E-09 1.0652E-09 1.1233E-09 1.1818E-09 1.2440E-09 1.3055E-09 1.3694E-09 1.4334E-09 1.4995E-09 1.5667E-09 1.6335E-09 1.7021E-09 1.7700E-09 1.8394E-09 1.9057E-09 1.9707E-09 2.0315E-09 2.0897E-09 2.1425E-09 2.1927E-09 2.2370E-09 2.2764E-09 2.3107E-09 2.3394E-09 2.3622E-09 2.3797E-09 2.3928E-09 2.4017E-09
1.2058E-10 1.3232E-10 1.4545E-10 1.5864E-10 1.7335E-10 1.8963E-10 2.0660E-10 2.2478E-10 2.4424E-10 2.6503E-10 2.8720E-10 3.1082E-10 3.3594E-10 3.6260E-10 3.9088E-10 4.2080E-10 4.5189E-10 4.8575E-10 5.2035E-10 5.5727E-10 5.9545E-10 6.3659E-10 6.7904E-10 7.2283E-10 7.7000E-10 8.1760E-10 8.6803E-10 9.1933E-10 9.7448E-10 1.0295E-09 1.0872E-09 1.1456E-09 1.2077E-09 1.2693E-09 1.3335E-09 1.3979E-09 1.4645E-09 1.5324E-09 1.6002E-09 1.6699E-09 1.7391E-09 1.8100E-09 1.8796E-09 1.9484E-09 2.0135E-09 2.0764E-09 2.1345E-09 2.1900E-09 2.2401E-09 2.2854E-09 2.3256E-09 2.3603E-09 2.3889E-09 2.4113E-09 2.4286E-09 2.4415E-09 2.4501E-09
