Assets/Resources/2015_m01_d16_0400(utc+0800)_l00_csi_1hr_conc.grd
DSAA
         159         159
     -79.000      79.000
     -79.000      79.000
  0.3209E-10  0.1061E-04
[rows 125 to 149 of 159, columns 57 to 113 of 159]
2.2649E-09 2.3543E-09 2.4453E-09 2.5367E-09 2.6278E-09 2.7190E-09 2.8116E-09 2.9043E-09 2.9962E-09 3.0894E-09 3.1808E-09 3.2725E-09 3.3659E-09 3.4570E-09 3.5473E-09 3.6360E-09 3.7238E-09 3.8096E-09 3.8996E-09 3.9876E-09 4.0723E-09 4.1548E-09 4.2360E-09 4.3144E-09 4.3942E-09 4.4713E-09 4.5456E-09 4.6167E-09 4.6869E-09 4.7617E-09 4.8326E-09 4.8982E-09 4.9604E-09 5.0231E-09 5.0845E-09 5.1428E-09 5.1979E-09 5.2516E-09 5.3323E-09 5.4188E-09 5.5188E-09 5.6413E-09 5.7578E-09 5.9326E-09 6.0675E-09 6.2129E-09 6.3273E-09 6.4618E-09 6.5772E-09 6.6912E-09 6.8042E-09 6.9175E-09 7.0297E-09 7.1325E-09 7.2272E-09 7.3126E-09 7.3870E-09
2.1927E-09 2.2797E-09 2.3672E-09 2.4555E-09 2.5431E-09 2.6319E-09 2.7212E-09 2.8102E-09 2.8998E-09 2.9892E-09 3.0783E-09 3.1669E-09 3.2551E-09 3.3441E-09 3.4323E-09 3.5181E-09 3.6029E-09 3.6868E-09 3.7699E-09 3.8548E-09 3.9389E-09 4.0185E-09 4.0979E-09 4.1736E-09 4.2493E-09 4.3235E-09 4.3963E-09 4.4649E-09 4.5314E-09 4.5992E-09 4.6692E-09 4.7332E-09 4.7947E-09 4.8522E-09 4.9102E-09 4.9665E-09 5.0173E-09 5.0669E-09 5.1160E-09 5.1836E-09 5.2663E-09 5.3523E-09 5.4388E-09 5.5564E-09 5.7076E-09 5.8473E-09 5.9476E-09 6.0734E-09 6.1724E-09 6.2652E-09 6.3593E-09 6.4533E-09 6.5421E-09 6.6252E-09 6.7011E-09 6.7691E-09 6.8274E-09
2.1217E-09 2.2062E-09 2.2908E-09 2.3763E-09 2.4615E-09 2.5468E-09 2.6325E-09 2.7185E-09 2.8050E-09 2.8914E-09 2.9775E-09 3.0632E-09 3.1484E-09 3.2332E-09 3.3189E-09 3.4032E-09 3.4842E-09 3.5662E-09 3.6452E-09 3.7252E-09 3.8072E-09 3.8859E-09 3.9625E-09 4.0367E-09 4.1084E-09 4.1799E-09 4.2512E-09 4.3174E-09 4.3815E-09 4.4434E-09 4.5108E-09 4.5728E-09 4.6324E-09 4.6874E-09 4.7423E-09 4.7952E-09 4.8451E-09 4.8916E-09 4.9352E-09 4.9744E-09 5.0342E-09 5.0948E-09 5.1710E-09 5.2549E-09 5.3592E-09 5.4784E-09 5.5846E-09 5.7006E-09 5.7931E-09 5.8867E-09 5.9731E-09 6.0474E-09 6.1170E-09 6.1816E-09 6.2417E-09 6.2950E-09 6.3406E-09
2.0529E-09 2.1345E-09 2.2163E-09 2.2984E-09 2.3813E-09 2.4637E-09 2.5467E-09 2.6297E-09 2.7127E-09 2.7969E-09 2.8793E-09 2.9621E-09 3.0453E-09 3.1263E-09 3.2079E-09 3.2909E-09 3.3696E-09 3.4479E-09 3.5252E-09 3.6015E-09 3.6785E-09 3.7552E-09 3.8309E-09 3.9025E-09 3.9716E-09 4.0405E-09 4.1092E-09 4.1742E-09 4.2361E-09 4.2958E-09 4.3568E-09 4.4172E-09 4.4739E-09 4.5282E-09 4.5804E-09 4.6283E-09 4.6781E-09 4.7225E-09 4.7612E-09 4.7992E-09 4.8313E-09 4.8798E-09 4.9420E-09 5.0040E-09 5.0599E-09 5.1630E-09 5.2513E-09 5.3428E-09 5.4213E-09 5.5245E-09 5.5940E-09 5.6616E-09 5.7216E-09 5.7741E-09 5.8235E-09 5.8656E-09 5.9001E-09
1.9857E-09 2.0646E-09 2.1440E-09 2.2229E-09 2.3031E-09 2.3828E-09 2.4625E-09 2.5426E-09 2.6234E-09 2.7040E-09 2.7838E-09 2.8645E-09 2.9441E-09 3.0224E-09 3.1017E-09 3.1784E-09 3.2579E-09 3.3337E-09 3.4085E-09 3.4821E-09 3.5549E-09 3.6278E-09 3.7013E-09 3.7722E-09 3.8399E-09 3.9052E-09 3.9714E-09 4.0352E-09 4.0948E-09 4.1526E-09 4.2098E-09 4.2671E-09 4.3217E-09 4.3744E-09 4.4241E-09 4.4698E-09 4.5143E-09 4.5586E-09 4.5937E-09 4.6295E-09 4.6632E-09 4.6915E-09 4.7305E-09 4.7798E-09 4.8201E-09 4.8933E-09 4.9632E-09 5.0241E-09 5.0949E-09 5.1851E-09 5.2400E-09 5.2938E-09 5.3539E-09 5.4053E-09 5.4556E-09 5.4947E-09 5.5207E-09
1.9201E-09 1.9959E-09 2.0727E-09 2.1494E-09 2.2264E-09 2.3044E-09 2.3810E-09 2.4585E-09 2.5358E-09 2.6131E-09 2.6915E-09 2.7688E-09 2.8450E-09 2.9221E-09 2.9979E-09 3.0724E-09 3.1476E-09 3.2226E-09 3.2950E-09 3.3662E-09 3.4364E-09 3.5047E-09 3.5741E-09 3.6438E-09 3.7120E-09 3.7740E-09 3.8378E-09 3.8992E-09 3.9579E-09 4.0137E-09 4.0674E-09 4.1225E-09 4.1744E-09 4.2248E-09 4.2715E-09 4.3165E-09 4.3589E-09 4.3936E-09 4.4328E-09 4.4693E-09 4.4970E-09 4.5264E-09 4.5529E-09 4.5719E-09 4.6141E-09 4.6644E-09 4.7016E-09 4.7628E-09 4.8144E-09 4.8813E-09 4.9255E-09 4.9812E-09 5.0390E-09 5.0758E-09 5.1085E-09 5.1407E-09 5.1563E-09
1.8563E-09 1.9295E-09 2.0037E-09 2.0782E-09 2.1517E-09 2.2271E-09 2.3016E-09 2.3760E-09 2.4512E-09 2.5259E-09 2.6010E-09 2.6750E-09 2.7500E-09 2.8238E-09 2.8971E-09 2.9698E-09 3.0409E-09 3.1122E-09 3.1836E-09 3.2527E-09 3.3204E-09 3.3872E-09 3.4531E-09 3.5192E-09 3.5850E-09 3.6465E-09 3.7071E-09 3.7673E-09 3.8251E-09 3.8790E-09 3.9310E-09 3.9825E-09 4.0340E-09 4.0804E-09 4.1258E-09 4.1686E-09 4.2064E-09 4.2429E-09 4.2756E-09 4.3114E-09 4.3398E-09 4.3678E-09 4.3930E-09 4.4134E-09 4.4329E-09 4.4635E-09 4.4827E-09 4.5364E-09 4.5651E-09 4.6138E-09 4.6604E-09 4.7112E-09 4.7429E-09 4.7765E-09 4.8003E-09 4.8191E-09 4.8316E-09
1.7937E-09 1.8648E-09 1.9360E-09 2.0085E-09 2.0799E-09 2.1519E-09 2.2249E-09 2.2958E-09 2.3685E-09 2.4405E-09 2.5124E-09 2.5852E-09 2.6570E-09 2.7284E-09 2.7992E-09 2.8693E-09 2.9389E-09 3.0068E-09 3.0748E-09 3.1429E-09 3.2088E-09 3.2733E-09 3.3367E-09 3.3975E-09 3.4611E-09 3.5231E-09 3.5804E-09 3.6397E-09 3.6964E-09 3.7485E-09 3.7988E-09 3.8470E-09 3.8979E-09 3.9426E-09 3.9847E-09 4.0236E-09 4.0609E-09 4.0948E-09 4.1295E-09 4.1598E-09 4.1873E-09 4.2157E-09 4.2400E-09 4.2588E-09 4.2779E-09 4.2941E-09 4.3058E-09 4.3362E-09 4.3539E-09 4.3932E-09 4.4222E-09 4.4595E-09 4.4918E-09 4.5127E-09 4.5335E-09 4.5540E-09 4.5684E-09
1.7329E-09 1.8019E-09 1.8706E-09 1.9402E-09 2.0101E-09 2.0787E-09 2.1493E-09 2.2188E-09 2.2881E-09 2.3581E-09 2.4276E-09 2.4973E-09 2.5667E-09 2.6357E-09 2.7040E-09 2.7718E-09 2.8391E-09 2.9047E-09 2.9703E-09 3.0342E-09 3.0999E-09 3.1619E-09 3.2232E-09 3.2833E-09 3.3420E-09 3.4021E-09 3.4588E-09 3.5137E-09 3.5694E-09 3.6221E-09 3.6707E-09 3.7174E-09 3.7634E-09 3.8092E-09 3.8478E-09 3.8862E-09 3.9198E-09 3.9553E-09 3.9887E-09 4.0154E-09 4.0443E-09 4.0680E-09 4.0889E-09 4.1114E-09 4.1312E-09 4.1430E-09 4.1567E-09 4.1681E-09 4.1749E-09 4.1970E-09 4.2166E-09 4.2432E-09 4.2641E-09 4.2842E-09 4.3061E-09 4.3198E-09 4.3286E-09
1.6740E-09 1.7399E-09 1.8070E-09 1.8734E-09 1.9417E-09 2.0085E-09 2.0758E-09 2.1439E-09 2.2099E-09 2.2776E-09 2.3440E-09 2.4120E-09 2.4790E-09 2.5456E-09 2.6117E-09 2.6772E-09 2.7421E-09 2.8064E-09 2.8690E-09 2.9308E-09 2.9924E-09 3.0537E-09 3.1140E-09 3.1721E-09 3.2273E-09 3.2847E-09 3.3404E-09 3.3920E-09 3.4456E-09 3.4983E-09 3.5452E-09 3.5917E-09 3.6347E-09 3.6782E-09 3.7176E-09 3.7527E-09 3.7878E-09 3.8206E-09 3.8491E-09 3.8791E-09 3.9041E-09 3.9298E-09 3.9500E-09 3.9676E-09 3.9870E-09 4.0006E-09 4.0137E-09 4.0247E-09 4.0315E-09 4.0378E-09 4.0418E-09 4.0539E-09 4.0681E-09 4.0817E-09 4.0958E-09 4.1030E-09 4.1074E-09
1.6161E-09 1.6804E-09 1.7449E-09 1.8097E-09 1.8745E-09 1.9403E-09 2.0044E-09 2.0702E-09 2.1350E-09 2.1995E-09 2.2646E-09 2.3286E-09 2.3933E-09 2.4583E-09 2.5221E-09 2.5854E-09 2.6482E-09 2.7102E-09 2.7708E-09 2.8313E-09 2.8893E-09 2.9486E-09 3.0062E-09 3.0632E-09 3.1186E-09 3.1716E-09 3.2250E-09 3.2765E-09 3.3251E-09 3.3778E-09 3.4239E-09 3.4687E-09 3.5101E-09 3.5510E-09 3.5916E-09 3.6260E-09 3.6600E-09 3.6902E-09 3.7200E-09 3.7453E-09 3.7720E-09 3.7920E-09 3.8144E-09 3.8336E-09 3.8490E-09 3.8621E-09 3.8770E-09 3.8858E-09 3.8943E-09 3.9013E-09 3.9038E-09 3.9050E-09 3.9043E-09 3.9067E-09 3.9097E-09 3.9147E-09 3.9131E-09
1.5603E-09 1.6223E-09 1.6841E-09 1.7475E-09 1.8096E-09 1.8731E-09 1.9359E-09 1.9982E-09 2.0622E-09 2.1236E-09 2.1866E-09 2.2482E-09 2.3108E-09 2.3729E-09 2.4346E-09 2.4964E-09 2.5570E-09 2.6163E-09 2.6763E-09 2.7333E-09 2.7917E-09 2.8461E-09 2.9019E-09 2.9561E-09 3.0112E-09 3.0616E-09 3.1147E-09 3.1641E-09 3.2115E-09 3.2592E-09 3.3067E-09 3.3483E-09 3.3883E-09 3.4280E-09 3.4685E-09 3.5035E-09 3.5350E-09 3.5662E-09 3.5933E-09 3.6201E-09 3.6422E-09 3.6642E-09 3.6855E-09 3.7028E-09 3.7180E-09 3.7330E-09 3.7456E-09 3.7542E-09 3.7623E-09 3.7698E-09 3.7716E-09 3.7729E-09 3.7701E-09 3.7651E-09 3.7620E-09 3.7553E-09 3.7495E-09
1.5064E-09 1.5655E-09 1.6262E-09 1.6866E-09 1.7474E-09 1.8079E-09 1.8694E-09 1.9292E-09 1.9906E-09 2.0509E-09 2.1104E-09 2.1714E-09 2.2301E-09 2.2908E-09 2.3504E-09 2.4095E-09 2.4680E-09 2.5267E-09 2.5840E-09 2.6398E-09 2.6956E-09 2.7489E-09 2.8021E-09 2.8543E-09 2.9066E-09 2.9569E-09 3.0055E-09 3.0567E-09 3.1012E-09 3.1449E-09 3.1911E-09 3.2337E-09 3.2708E-09 3.3092E-09 3.3459E-09 3.3822E-09 3.4160E-09 3.4446E-09 3.4730E-09 3.4970E-09 3.5209E-09 3.5424E-09 3.5596E-09 3.5769E-09 3.5938E-09 3.6084E-09 3.6191E-09 3.6292E-09 3.6363E-09 3.6408E-09 3.6443E-09 3.6457E-09 3.6435E-09 3.6405E-09 3.6346E-09 3.6275E-09 3.6164E-09
1.4531E-09 1.5111E-09 1.5693E-09 1.6272E-09 1.6866E-09 1.7447E-09 1.8041E-09 1.8627E-09 1.9203E-09 1.9803E-09 2.0374E-09 2.0955E-09 2.1532E-09 2.2112E-09 2.2682E-09 2.3259E-09 2.3831E-09 2.4385E-09 2.4938E-09 2.5492E-09 2.6009E-09 2.6555E-09 2.7047E-09 2.7568E-09 2.8047E-09 2.8549E-09 2.9018E-09 2.9482E-09 2.9949E-09 3.0363E-09 3.0793E-09 3.1205E-09 3.1592E-09 3.1963E-09 3.2289E-09 3.2656E-09 3.2981E-09 3.3277E-09 3.3547E-09 3.3802E-09 3.4034E-09 3.4227E-09 3.4419E-09 3.4589E-09 3.4738E-09 3.4880E-09 3.4985E-09 3.5084E-09 3.5160E-09 3.5200E-09 3.5218E-09 3.5233E-09 3.5223E-09 3.5195E-09 3.5129E-09 3.5043E-09 3.4936E-09
1.4024E-09 1.4580E-09 1.5135E-09 1.5707E-09 1.6270E-09 1.6842E-09 1.7400E-09 1.7981E-09 1.8539E-09 1.9106E-09 1.9671E-09 2.0219E-09 2.0790E-09 2.1329E-09 2.1897E-09 2.2449E-09 2.2990E-09 2.3537E-09 2.4079E-09 2.4601E-09 2.5122E-09 2.5629E-09 2.6127E-09 2.6615E-09 2.7094E-09 2.7564E-09 2.8024E-09 2.8447E-09 2.8914E-09 2.9336E-09 2.9711E-09 3.0121E-09 3.0513E-09 3.0859E-09 3.1191E-09 3.1507E-09 3.1861E-09 3.2131E-09 3.2412E-09 3.2672E-09 3.2882E-09 3.3091E-09 3.3279E-09 3.3447E-09 3.3593E-09 3.3718E-09 3.3820E-09 3.3918E-09 3.3978E-09 3.4033E-09 3.4052E-09 3.4063E-09 3.4044E-09 3.4018E-09 3.3956E-09 3.3874E-09 3.3784E-09
1.3525E-09 1.4059E-09 1.4607E-09 1.5149E-09 1.5695E-09 1.6251E-09 1.6794E-09 1.7344E-09 1.7894E-09 1.8430E-09 1.8989E-09 1.9520E-09 2.0054E-09 2.0593E-09 2.1120E-09 2.1653E-09 2.2194E-09 2.2717E-09 2.3221E-09 2.3745E-09 2.4249E-09 2.4732E-09 2.5228E-09 2.5686E-09 2.6164E-09 2.6603E-09 2.7064E-09 2.7483E-09 2.7897E-09 2.8319E-09 2.8707E-09 2.9055E-09 2.9459E-09 2.9797E-09 3.0131E-09 3.0451E-09 3.0754E-09 3.1043E-09 3.1314E-09 3.1540E-09 3.1775E-09 3.1992E-09 3.2176E-09 3.2341E-09 3.2484E-09 3.2608E-09 3.2709E-09 3.2790E-09 3.2850E-09 3.2906E-09 3.2926E-09 3.2941E-09 3.2922E-09 3.2883E-09 3.2824E-09 3.2755E-09 3.2680E-09
1.3006E-09 1.3566E-09 1.4082E-09 1.4609E-09 1.5145E-09 1.5664E-09 1.6206E-09 1.6726E-09 1.7269E-09 1.7788E-09 1.8303E-09 1.8841E-09 1.9350E-09 1.9876E-09 2.0379E-09 2.0900E-09 2.1405E-09 2.1910E-09 2.2422E-09 2.2916E-09 2.3391E-09 2.3884E-09 2.4336E-09 2.4808E-09 2.5242E-09 2.5697E-09 2.6112E-09 2.6549E-09 2.6935E-09 2.7351E-09 2.7724E-09 2.8075E-09 2.8439E-09 2.8793E-09 2.9107E-09 2.9417E-09 2.9700E-09 3.0004E-09 3.0242E-09 3.0476E-09 3.0706E-09 3.0917E-09 3.1097E-09 3.1258E-09 3.1410E-09 3.1532E-09 3.1633E-09 3.1714E-09 3.1774E-09 3.1815E-09 3.1837E-09 3.1853E-09 3.1837E-09 3.1801E-09 3.1756E-09 3.1688E-09 3.1595E-09
1.2550E-09 1.3061E-09 1.3581E-09 1.4092E-09 1.4593E-09 1.5113E-09 1.5626E-09 1.6139E-09 1.6641E-09 1.7165E-09 1.7664E-09 1.8175E-09 1.8676E-09 1.9163E-09 1.9672E-09 2.0149E-09 2.0654E-09 2.1148E-09 2.1613E-09 2.2102E-09 2.2586E-09 2.3044E-09 2.3495E-09 2.3952E-09 2.4373E-09 2.4805E-09 2.5215E-09 2.5629E-09 2.6020E-09 2.6383E-09 2.6785E-09 2.7126E-09 2.7454E-09 2.7822E-09 2.8128E-09 2.8418E-09 2.8693E-09 2.8951E-09 2.9232E-09 2.9461E-09 2.9673E-09 2.9866E-09 3.0054E-09 3.0211E-09 3.0361E-09 3.0480E-09 3.0579E-09 3.0658E-09 3.0728E-09 3.0774E-09 3.0797E-09 3.0801E-09 3.0787E-09 3.0758E-09 3.0717E-09 3.0649E-09 3.0562E-09
1.2099E-09 1.2574E-09 1.3101E-09 1.3578E-09 1.4078E-09 1.4573E-09 1.5065E-09 1.5570E-09 1.6056E-09 1.6554E-09 1.7044E-09 1.7523E-09 1.8023E-09 1.8495E-09 1.8962E-09 1.9449E-09 1.9921E-09 2.0388E-09 2.0866E-09 2.1333E-09 2.1771E-09 2.2232E-09 2.2687E-09 2.3097E-09 2.3538E-09 2.3929E-09 2.4354E-09 2.4726E-09 2.5134E-09 2.5487E-09 2.5859E-09 2.6208E-09 2.6527E-09 2.6833E-09 2.7180E-09 2.7464E-09 2.7732E-09 2.7984E-09 2.8255E-09 2.8478E-09 2.8685E-09 2.8874E-09 2.9046E-09 2.9205E-09 2.9345E-09 2.9462E-09 2.9559E-09 2.9647E-09 2.9711E-09 2.9753E-09 2.9778E-09 2.9784E-09 2.9773E-09 2.9745E-09 2.9700E-09 2.9637E-09 2.9556E-09
1.1626E-09 1.2130E-09 1.2583E-09 1.3097E-09 1.3560E-09 1.4045E-09 1.4531E-09 1.5000E-09 1.5488E-09 1.5956E-09 1.6443E-09 1.6907E-09 1.7367E-09 1.7848E-09 1.8300E-09 1.8767E-09 1.9213E-09 1.9675E-09 2.0110E-09 2.0567E-09 2.1019E-09 2.1459E-09 2.1869E-09 2.2303E-09 2.2690E-09 2.3109E-09 2.3479E-09 2.3882E-09 2.4233E-09 2.4620E-09 2.4951E-09 2.5319E-09 2.5630E-09 2.5929E-09 2.6230E-09 2.6530E-09 2.6790E-09 2.7047E-09 2.7277E-09 2.7527E-09 2.7729E-09 2.7914E-09 2.8081E-09 2.8232E-09 2.8363E-09 2.8477E-09 2.8577E-09 2.8662E-09 2.8723E-09 2.8766E-09 2.8792E-09 2.8802E-09 2.8798E-09 2.8775E-09 2.8732E-09 2.8672E-09 2.8595E-09
1.1216E-09 1.1682E-09 1.2137E-09 1.2622E-09 1.3078E-09 1.3542E-09 1.3993E-09 1.4464E-09 1.4929E-09 1.5391E-09 1.5841E-09 1.6311E-09 1.6756E-09 1.7217E-09 1.7654E-09 1.8091E-09 1.8539E-09 1.8960E-09 1.9406E-09 1.9842E-09 2.0244E-09 2.0682E-09 2.1108E-09 2.1515E-09 2.1910E-09 2.2309E-09 2.2675E-09 2.3058E-09 2.3407E-09 2.3773E-09 2.4103E-09 2.4414E-09 2.4753E-09 2.5044E-09 2.5330E-09 2.5628E-09 2.5881E-09 2.6129E-09 2.6353E-09 2.6561E-09 2.6803E-09 2.6984E-09 2.7148E-09 2.7295E-09 2.7424E-09 2.7535E-09 2.7630E-09 2.7707E-09 2.7767E-09 2.7810E-09 2.7842E-09 2.7858E-09 2.7851E-09 2.7828E-09 2.7787E-09 2.7730E-09 2.7658E-09
1.0815E-09 1.1232E-09 1.1705E-09 1.2130E-09 1.2602E-09 1.3045E-09 1.3491E-09 1.3939E-09 1.4382E-09 1.4837E-09 1.5276E-09 1.5727E-09 1.6161E-09 1.6588E-09 1.7030E-09 1.7453E-09 1.7865E-09 1.8289E-09 1.8700E-09 1.9116E-09 1.9532E-09 1.9948E-09 2.0330E-09 2.0735E-09 2.1135E-09 2.1497E-09 2.1883E-09 2.2229E-09 2.2600E-09 2.2920E-09 2.3267E-09 2.3577E-09 2.3883E-09 2.4197E-09 2.4467E-09 2.4723E-09 2.5002E-09 2.5243E-09 2.5461E-09 2.5674E-09 2.5862E-09 2.6058E-09 2.6216E-09 2.6387E-09 2.6513E-09 2.6623E-09 2.6716E-09 2.6793E-09 2.6853E-09 2.6896E-09 2.6924E-09 2.6935E-09 2.6930E-09 2.6909E-09 2.6871E-09 2.6818E-09 2.6753E-09
1.0416E-09 1.0832E-09 1.1234E-09 1.1697E-09 1.2109E-09 1.2569E-09 1.2987E-09 1.3419E-09 1.3862E-09 1.4286E-09 1.4722E-09 1.5143E-09 1.5577E-09 1.5994E-09 1.6411E-09 1.6831E-09 1.7230E-09 1.7646E-09 1.8038E-09 1.8435E-09 1.8816E-09 1.9218E-09 1.9602E-09 1.9987E-09 2.0349E-09 2.0721E-09 2.1061E-09 2.1437E-09 2.1770E-09 2.2114E-09 2.2431E-09 2.2760E-09 2.3042E-09 2.3361E-09 2.3622E-09 2.3871E-09 2.4127E-09 2.4375E-09 2.4586E-09 2.4805E-09 2.4987E-09 2.5165E-09 2.5330E-09 2.5480E-09 2.5601E-09 2.5706E-09 2.5813E-09 2.5888E-09 2.5966E-09 2.6010E-09 2.6039E-09 2.6051E-09 2.6048E-09 2.6029E-09 2.5995E-09 2.5946E-09 2.5882E-09
1.0044E-09 1.0440E-09 1.0834E-09 1.1278E-09 1.1676E-09 1.2101E-09 1.2513E-09 1.2926E-09 1.3341E-09 1.3758E-09 1.4177E-09 1.4593E-09 1.4998E-09 1.5411E-09 1.5813E-09 1.6220E-09 1.6616E-09 1.7007E-09 1.7394E-09 1.7764E-09 1.8153E-09 1.8530E-09 1.8879E-09 1.9244E-09 1.9616E-09 1.9957E-09 2.0304E-09 2.0649E-09 2.0985E-09 2.1309E-09 2.1605E-09 2.1933E-09 2.2233E-09 2.2514E-09 2.2787E-09 2.3048E-09 2.3285E-09 2.3527E-09 2.3730E-09 2.3954E-09 2.4130E-09 2.4291E-09 2.4448E-09 2.4591E-09 2.4722E-09 2.4838E-09 2.4925E-09 2.5014E-09 2.5071E-09 2.5133E-09 2.5162E-09 2.5175E-09 2.5172E-09 2.5155E-09 2.5124E-09 2.5078E-09 2.5018E-09
9.6815E-10 1.0055E-09 1.0446E-09 1.0823E-09 1.1248E-09 1.1643E-09 1.2055E-09 1.2454E-09 1.2850E-09 1.3243E-09 1.3653E-09 1.4050E-09 1.4444E-09 1.4831E-09 1.5237E-09 1.5624E-09 1.6013E-09 1.6385E-09 1.6748E-09 1.7129E-09 1.7491E-09 1.7851E-09 1.8198E-09 1.8558E-09 1.8893E-09 1.9233E-09 1.9567E-09 1.9882E-09 2.0216E-09 2.0509E-09 2.0823E-09 2.1109E-09 2.1407E-09 2.1666E-09 2.1924E-09 2.2176E-09 2.2448E-09 2.2680E-09 2.2881E-09 2.3107E-09 2.3276E-09 2.3444E-09 2.3595E-09 2.3734E-09 2.3860E-09 2.3970E-09 2.4067E-09 2.4136E-09 2.4190E-09 2.4248E-09 2.4294E-09 2.4305E-09 2.4303E-09 2.4307E-09 2.4302E-09 2.4227E-09 2.4171E-09
