Assets/Resources/2015_m01_d24_2100(utc+0800)_l00_csi_1hr_conc.grd
DSAA
         159         159
     -79.000      79.000
     -79.000      79.000
  0.0000E+00  0.4248E-05
[rows 0 to 24 of 159, columns 0 to 56 of 159]
4.1711E-09 4.4574E-09 4.7463E-09 5.0360E-09 5.3218E-09 5.6018E-09 5.8708E-09 6.1266E-09 6.3661E-09 6.5862E-09 6.7821E-09 6.9529E-09 7.0996E-09 7.2373E-09 7.4619E-09 7.6554E-09 7.8140E-09 9.0420E-09 1.0065E-08 9.9109E-09 1.0786E-08 1.1449E-08 1.0963E-08 1.0708E-08 1.0938E-08 1.0872E-08 1.0155E-08 1.0060E-08 9.7897E-09 8.8718E-09 8.5128E-09 8.0458E-09 7.0854E-09 6.3975E-09 5.7887E-09 5.1759E-09 4.4270E-09 3.9439E-09 3.4624E-09 2.8681E-09 2.4843E-09 2.1200E-09 1.6993E-09 1.4253E-09 1.1576E-09 8.7157E-10 5.5724E-10 3.9357E-10 2.2511E-10 6.6703E-11 4.7689E-11 3.0201E-11 2.2145E-11 2.0121E-11 1.9908E-11 1.9692E-11 1.9473E-11
4.2945E-09 4.5957E-09 4.9011E-09 5.2081E-09 5.5127E-09 5.8115E-09 6.1001E-09 6.3780E-09 6.6387E-09 6.8815E-09 7.1043E-09 7.3119E-09 7.6254E-09 7.9122E-09 8.1132E-09 9.5497E-09 1.0833E-08 1.0780E-08 1.0911E-08 1.1846E-08 1.2473E-08 1.2112E-08 1.2650E-08 1.2948E-08 1.2219E-08 1.2321E-08 1.2224E-08 1.1233E-08 1.0453E-08 1.0027E-08 9.4471E-09 8.4396E-09 7.8922E-09 7.2705E-09 6.2989E-09 5.7293E-09 5.1476E-09 4.3290E-09 3.7266E-09 3.2011E-09 2.7260E-09 2.2220E-09 1.8755E-09 1.5625E-09 1.2306E-09 9.6143E-10 6.5163E-10 4.3410E-10 2.7014E-10 8.5191E-11 5.3924E-11 3.2580E-11 2.2681E-11 2.0148E-11 1.9934E-11 1.9717E-11 1.9497E-11
4.4030E-09 4.7191E-09 5.0409E-09 5.3647E-09 5.6876E-09 6.0056E-09 6.3161E-09 6.6155E-09 6.9020E-09 7.1770E-09 7.4835E-09 7.8598E-09 8.2007E-09 8.6364E-09 1.0090E-08 1.1362E-08 1.1462E-08 1.2698E-08 1.3719E-08 1.3454E-08 1.4286E-08 1.4891E-08 1.4236E-08 1.3729E-08 1.3855E-08 1.3732E-08 1.2786E-08 1.2553E-08 1.2138E-08 1.0984E-08 1.0469E-08 9.8424E-09 8.6597E-09 7.6823E-09 7.0009E-09 6.2813E-09 5.3736E-09 4.7787E-09 4.1922E-09 3.4727E-09 3.0020E-09 2.5594E-09 2.0525E-09 1.6733E-09 1.3587E-09 1.0486E-09 7.1951E-10 4.7309E-10 2.8430E-10 9.7409E-11 5.9350E-11 3.5595E-11 2.3196E-11 2.0171E-11 1.9956E-11 1.9738E-11 1.9517E-11
4.4957E-09 4.8256E-09 5.1632E-09 5.5040E-09 5.8452E-09 6.1829E-09 6.5168E-09 6.8440E-09 7.1732E-09 7.6156E-09 8.0512E-09 8.4393E-09 1.0072E-08 1.1599E-08 1.1800E-08 1.2626E-08 1.3805E-08 1.4479E-08 1.4476E-08 1.5379E-08 1.6025E-08 1.5511E-08 1.5979E-08 1.6195E-08 1.5267E-08 1.5252E-08 1.5295E-08 1.3805E-08 1.2743E-08 1.2181E-08 1.1473E-08 1.0241E-08 9.5483E-09 8.7818E-09 7.6172E-09 6.9077E-09 6.1855E-09 5.2228E-09 4.4173E-09 3.8298E-09 3.2833E-09 2.6686E-09 2.2509E-09 1.8672E-09 1.4610E-09 1.1362E-09 7.9386E-10 4.7743E-10 2.9374E-10 1.1487E-10 6.5226E-11 3.9782E-11 2.3934E-11 2.0302E-11 1.9973E-11 1.9754E-11 1.9532E-11
4.5704E-09 4.9143E-09 5.2669E-09 5.6237E-09 5.9841E-09 6.3461E-09 6.7110E-09 7.1935E-09 7.6820E-09 8.0961E-09 8.8700E-09 1.0470E-08 1.1788E-08 1.2210E-08 1.3730E-08 1.5077E-08 1.5135E-08 1.6392E-08 1.7424E-08 1.7062E-08 1.7267E-08 1.7651E-08 1.7613E-08 1.6892E-08 1.6931E-08 1.6725E-08 1.5553E-08 1.5187E-08 1.4629E-08 1.3235E-08 1.2582E-08 1.1749E-08 1.0397E-08 9.1808E-09 8.3773E-09 7.5270E-09 6.4356E-09 5.7163E-09 5.0198E-09 4.1606E-09 3.5922E-09 3.0407E-09 2.4384E-09 1.9517E-09 1.5713E-09 1.1710E-09 8.2343E-10 4.9217E-10 2.9719E-10 1.3480E-10 7.0217E-11 4.4031E-11 2.5739E-11 2.0527E-11 1.9984E-11 1.9765E-11 1.9543E-11
4.6271E-09 4.9839E-09 5.3500E-09 5.7255E-09 6.1102E-09 6.5173E-09 7.0324E-09 7.5629E-09 8.1034E-09 9.7912E-09 1.1424E-08 1.1868E-08 1.3583E-08 1.5196E-08 1.5407E-08 1.5940E-08 1.7229E-08 1.8146E-08 1.8045E-08 1.8956E-08 1.9602E-08 1.8953E-08 1.9369E-08 1.9519E-08 1.8403E-08 1.7798E-08 1.7280E-08 1.6494E-08 1.5173E-08 1.4496E-08 1.3661E-08 1.2200E-08 1.1361E-08 1.0447E-08 9.0731E-09 8.2234E-09 7.2566E-09 6.2171E-09 5.2428E-09 4.5509E-09 3.8879E-09 3.1520E-09 2.6326E-09 2.0838E-09 1.6152E-09 1.1988E-09 8.5358E-10 5.4194E-10 2.9881E-10 1.4816E-10 7.5924E-11 4.9338E-11 2.7946E-11 2.0697E-11 1.9992E-11 1.9771E-11 1.9548E-11
4.6644E-09 5.0333E-09 5.4167E-09 5.8196E-09 6.3357E-09 6.8757E-09 7.3837E-09 9.0537E-09 1.0746E-08 1.1252E-08 1.1993E-08 1.3693E-08 1.5194E-08 1.5612E-08 1.7226E-08 1.8653E-08 1.8696E-08 1.9987E-08 2.1054E-08 2.0614E-08 2.0448E-08 2.0919E-08 2.1000E-08 2.0077E-08 2.0069E-08 1.9786E-08 1.8406E-08 1.7933E-08 1.7255E-08 1.5640E-08 1.4502E-08 1.3434E-08 1.2293E-08 1.0847E-08 9.8965E-09 8.9174E-09 7.6247E-09 6.7727E-09 5.9158E-09 4.9027E-09 4.1979E-09 3.3861E-09 2.7100E-09 2.1386E-09 1.6498E-09 1.2309E-09 8.8007E-10 5.5596E-10 3.0788E-10 1.5627E-10 8.2428E-11 5.5318E-11 2.9718E-11 2.0805E-11 1.9994E-11 1.9773E-11 1.9549E-11
4.6836E-09 5.0689E-09 5.5101E-09 6.0319E-09 6.5722E-09 7.2346E-09 8.8022E-09 1.0367E-08 1.0992E-08 1.2776E-08 1.4519E-08 1.5034E-08 1.6834E-08 1.8539E-08 1.8787E-08 1.9222E-08 2.0592E-08 2.1645E-08 2.1467E-08 2.2420E-08 2.3088E-08 2.2335E-08 2.2723E-08 2.2830E-08 2.1553E-08 2.0545E-08 2.0063E-08 1.9291E-08 1.7743E-08 1.6956E-08 1.5999E-08 1.4310E-08 1.3332E-08 1.2271E-08 1.0677E-08 9.4737E-09 8.3417E-09 7.2945E-09 6.1252E-09 5.2705E-09 4.3133E-09 3.4839E-09 2.7791E-09 2.1985E-09 1.6925E-09 1.2563E-09 9.0997E-10 6.0933E-10 3.2388E-10 1.6532E-10 9.8514E-11 6.0604E-11 3.3211E-11 2.0927E-11 1.9991E-11 1.9770E-11 1.9545E-11
4.6959E-09 5.1826E-09 5.7073E-09 6.2384E-09 7.7281E-09 9.2832E-09 9.8982E-09 1.1111E-08 1.2741E-08 1.4055E-08 1.4818E-08 1.6600E-08 1.8266E-08 1.8730E-08 2.0424E-08 2.1947E-08 2.1995E-08 2.3345E-08 2.4519E-08 2.3986E-08 2.3651E-08 2.4161E-08 2.4304E-08 2.3240E-08 2.3202E-08 2.2878E-08 2.1327E-08 2.0772E-08 1.9999E-08 1.8179E-08 1.6648E-08 1.5548E-08 1.4353E-08 1.2664E-08 1.1568E-08 1.0402E-08 8.8867E-09 7.8386E-09 6.5493E-09 5.4101E-09 4.4186E-09 3.5762E-09 2.8582E-09 2.2518E-09 1.7288E-09 1.2945E-09 9.3485E-10 6.3671E-10 3.5688E-10 1.7811E-10 1.1593E-10 6.5254E-11 3.6491E-11 2.1937E-11 1.9983E-11 1.9761E-11 1.9536E-11
4.8359E-09 5.3025E-09 6.0394E-09 7.3952E-09 8.6827E-09 9.4007E-09 1.1071E-08 1.2753E-08 1.3468E-08 1.5341E-08 1.7188E-08 1.7787E-08 1.9044E-08 2.0605E-08 2.1791E-08 2.2200E-08 2.3642E-08 2.4838E-08 2.4641E-08 2.5650E-08 2.6378E-08 2.5551E-08 2.5954E-08 2.6006E-08 2.4675E-08 2.3445E-08 2.2936E-08 2.2169E-08 2.0424E-08 1.9550E-08 1.8489E-08 1.6578E-08 1.5465E-08 1.4193E-08 1.2365E-08 1.0796E-08 9.4977E-09 8.0233E-09 6.6978E-09 5.5306E-09 4.5306E-09 3.6636E-09 2.9284E-09 2.3108E-09 1.7692E-09 1.3272E-09 9.6852E-10 6.6825E-10 3.7225E-10 1.9727E-10 1.2770E-10 6.9693E-11 4.1387E-11 2.2752E-11 1.9970E-11 1.9748E-11 1.9523E-11
4.9044E-09 6.1196E-09 7.4145E-09 8.0443E-09 9.5998E-09 1.1233E-08 1.1951E-08 1.2991E-08 1.4756E-08 1.6374E-08 1.7188E-08 1.9071E-08 2.0863E-08 2.1390E-08 2.3179E-08 2.4810E-08 2.4898E-08 2.5661E-08 2.6562E-08 2.7065E-08 2.6653E-08 2.7207E-08 2.7453E-08 2.6310E-08 2.6287E-08 2.5964E-08 2.4280E-08 2.3686E-08 2.2558E-08 2.0844E-08 1.9047E-08 1.7853E-08 1.6486E-08 1.4542E-08 1.3201E-08 1.1382E-08 9.7069E-09 8.1916E-09 6.8552E-09 5.6698E-09 4.6375E-09 3.7622E-09 3.0127E-09 2.3666E-09 1.8235E-09 1.3700E-09 9.9966E-10 7.0117E-10 4.3596E-10 2.1658E-10 1.4103E-10 7.5812E-11 4.7285E-11 2.3689E-11 1.9953E-11 1.9730E-11 1.9504E-11
6.1709E-09 6.7293E-09 7.4646E-09 8.8790E-09 1.0311E-08 1.1103E-08 1.2840E-08 1.4612E-08 1.5417E-08 1.7370E-08 1.9314E-08 2.0004E-08 2.1017E-08 2.2791E-08 2.4288E-08 2.4728E-08 2.6279E-08 2.7616E-08 2.7433E-08 2.8537E-08 2.9363E-08 2.8529E-08 2.8364E-08 2.8206E-08 2.7727E-08 2.6361E-08 2.5876E-08 2.5119E-08 2.3208E-08 2.2266E-08 2.1024E-08 1.8888E-08 1.7537E-08 1.5416E-08 1.3438E-08 1.1586E-08 9.8869E-09 8.3713E-09 7.0030E-09 5.7952E-09 4.7600E-09 3.8577E-09 3.0891E-09 2.4335E-09 1.8715E-09 1.4079E-09 1.0453E-09 7.3311E-10 4.6855E-10 2.4336E-10 1.5314E-10 9.0452E-11 5.1703E-11 2.5245E-11 1.9930E-11 1.9706E-11 1.9480E-11
6.0595E-09 7.3071E-09 8.6523E-09 9.3616E-09 1.0958E-08 1.2647E-08 1.3456E-08 1.4478E-08 1.6329E-08 1.8109E-08 1.8970E-08 2.0963E-08 2.2873E-08 2.3480E-08 2.5377E-08 2.7131E-08 2.7296E-08 2.7760E-08 2.8951E-08 2.9763E-08 2.9347E-08 3.0028E-08 3.0408E-08 2.9235E-08 2.9285E-08 2.9024E-08 2.7250E-08 2.6121E-08 2.4917E-08 2.3500E-08 2.1447E-08 1.9989E-08 1.7781E-08 1.5659E-08 1.3653E-08 1.1804E-08 1.0095E-08 8.5435E-09 7.1726E-09 5.9488E-09 4.8811E-09 3.9768E-09 3.1838E-09 2.4980E-09 1.9382E-09 1.4672E-09 1.0854E-09 7.6981E-10 5.0497E-10 2.7157E-10 1.6999E-10 1.0290E-10 5.6571E-11 2.7627E-11 1.9981E-11 1.9678E-11 1.9452E-11
6.7036E-09 7.6951E-09 8.4559E-09 9.8992E-09 1.1404E-08 1.2259E-08 1.4038E-08 1.5873E-08 1.6761E-08 1.8778E-08 2.0805E-08 2.1590E-08 2.2570E-08 2.4479E-08 2.6182E-08 2.6663E-08 2.8374E-08 2.9870E-08 2.9766E-08 3.1020E-08 3.2001E-08 3.1223E-08 3.0738E-08 3.0905E-08 3.0675E-08 2.9248E-08 2.8815E-08 2.7974E-08 2.5906E-08 2.4756E-08 2.2466E-08 2.0196E-08 1.7986E-08 1.5877E-08 1.3876E-08 1.2006E-08 1.0297E-08 8.7403E-09 7.3401E-09 6.1059E-09 5.0328E-09 4.0947E-09 3.2822E-09 2.5947E-09 2.0109E-09 1.5302E-09 1.1308E-09 8.1197E-10 5.3749E-10 3.0244E-10 1.8542E-10 1.1269E-10 6.2098E-11 3.1508E-11 2.0085E-11 1.9645E-11 1.9418E-11
6.7754E-09 8.0296E-09 9.3897E-09 1.0158E-08 1.1396E-08 1.2927E-08 1.4366E-08 1.5404E-08 1.7293E-08 1.9194E-08 2.0128E-08 2.2199E-08 2.4218E-08 2.4923E-08 2.6938E-08 2.8823E-08 2.9119E-08 2.9568E-08 3.0965E-08 3.2046E-08 3.1670E-08 3.2552E-08 3.3111E-08 3.1981E-08 3.2157E-08 3.1866E-08 3.0027E-08 2.8437E-08 2.7111E-08 2.4874E-08 2.2614E-08 2.0372E-08 1.8197E-08 1.6093E-08 1.4094E-08 1.2241E-08 1.0518E-08 8.9440E-09 7.5463E-09 6.2908E-09 5.1866E-09 4.2399E-09 3.3997E-09 2.6852E-09 2.0940E-09 1.5962E-09 1.1813E-09 8.5381E-10 5.7103E-10 3.3774E-10 2.0815E-10 1.2487E-10 6.8498E-11 3.5752E-11 2.0168E-11 1.9607E-11 1.9379E-11
7.0660E-09 8.1930E-09 8.9697E-09 1.0415E-08 1.1944E-08 1.2845E-08 1.4637E-08 1.6507E-08 1.7465E-08 1.9025E-08 2.0832E-08 2.2499E-08 2.3510E-08 2.5523E-08 2.7426E-08 2.8018E-08 2.9891E-08 3.1580E-08 3.1615E-08 3.3062E-08 3.3851E-08 3.3595E-08 3.3084E-08 3.3453E-08 3.3312E-08 3.1799E-08 3.1252E-08 2.9238E-08 2.7119E-08 2.4937E-08 2.2737E-08 2.0541E-08 1.8386E-08 1.6317E-08 1.4338E-08 1.2477E-08 1.0765E-08 9.1887E-09 7.7635E-09 6.5071E-09 5.3889E-09 4.3948E-09 3.5373E-09 2.8076E-09 2.1924E-09 1.6760E-09 1.2459E-09 8.9406E-10 6.0789E-10 3.7274E-10 2.3407E-10 1.3831E-10 7.7351E-11 4.0478E-11 2.0419E-11 1.9563E-11 1.9336E-11
7.0668E-09 8.2953E-09 9.6392E-09 1.0442E-08 1.1497E-08 1.3090E-08 1.4680E-08 1.5719E-08 1.7652E-08 1.9615E-08 2.0621E-08 2.2762E-08 2.4884E-08 2.5710E-08 2.7244E-08 2.8900E-08 3.0356E-08 3.0888E-08 3.2490E-08 3.3860E-08 3.3627E-08 3.4723E-08 3.5351E-08 3.4285E-08 3.4414E-08 3.2808E-08 3.1027E-08 2.9105E-08 2.7075E-08 2.4980E-08 2.2844E-08 2.0703E-08 1.8609E-08 1.6563E-08 1.4602E-08 1.2770E-08 1.1047E-08 9.4599E-09 8.0388E-09 6.7494E-09 5.5927E-09 4.5783E-09 3.6995E-09 2.9443E-09 2.3021E-09 1.7667E-09 1.3144E-09 9.4046E-10 6.4789E-10 4.0959E-10 2.6045E-10 1.5512E-10 8.6391E-11 4.5439E-11 2.1951E-11 1.9515E-11 1.9287E-11
7.1263E-09 8.2514E-09 9.0290E-09 1.0442E-08 1.1957E-08 1.2882E-08 1.4656E-08 1.6528E-08 1.7539E-08 1.8869E-08 2.0849E-08 2.2752E-08 2.3828E-08 2.5963E-08 2.8031E-08 2.8770E-08 3.0826E-08 3.2730E-08 3.2950E-08 3.3960E-08 3.4844E-08 3.5409E-08 3.4886E-08 3.5155E-08 3.3873E-08 3.2389E-08 3.0731E-08 2.8928E-08 2.7008E-08 2.5004E-08 2.2958E-08 2.0894E-08 1.8843E-08 1.6852E-08 1.4925E-08 1.3091E-08 1.1388E-08 9.7992E-09 8.3457E-09 7.0391E-09 5.8542E-09 4.8010E-09 3.8830E-09 3.0938E-09 2.4297E-09 1.8672E-09 1.3968E-09 1.0026E-09 6.8873E-10 4.5080E-10 2.9272E-10 1.7573E-10 9.5173E-11 5.0511E-11 2.4544E-11 1.9461E-11 1.9233E-11
6.9754E-09 8.1501E-09 9.4467E-09 1.0256E-08 1.1230E-08 1.2802E-08 1.4436E-08 1.5495E-08 1.7431E-08 1.9428E-08 2.0508E-08 2.2702E-08 2.4913E-08 2.5872E-08 2.7163E-08 2.9186E-08 3.1008E-08 3.1680E-08 3.3517E-08 3.5000E-08 3.4905E-08 3.5994E-08 3.5306E-08 3.4383E-08 3.3246E-08 3.1906E-08 3.0390E-08 2.8719E-08 2.6924E-08 2.5037E-08 2.3086E-08 2.1105E-08 1.9134E-08 1.7184E-08 1.5295E-08 1.3494E-08 1.1781E-08 1.0190E-08 8.7190E-09 7.3636E-09 6.1379E-09 5.0529E-09 4.1057E-09 3.2879E-09 2.5828E-09 1.9903E-09 1.4983E-09 1.0767E-09 7.3714E-10 4.9438E-10 3.2832E-10 1.9681E-10 1.0665E-10 5.5964E-11 2.7952E-11 1.9402E-11 1.9175E-11
6.8447E-09 7.9316E-09 8.6892E-09 1.0038E-08 1.1505E-08 1.2430E-08 1.4173E-08 1.6057E-08 1.7073E-08 1.8345E-08 2.0368E-08 2.2411E-08 2.3549E-08 2.5812E-08 2.8033E-08 2.8934E-08 3.1172E-08 3.3149E-08 3.3544E-08 3.4202E-08 3.5159E-08 3.4841E-08 3.4298E-08 3.3534E-08 3.2553E-08 3.1375E-08 3.0012E-08 2.8493E-08 2.6842E-08 2.5083E-08 2.3255E-08 2.1375E-08 1.9473E-08 1.7595E-08 1.5747E-08 1.3956E-08 1.2256E-08 1.0648E-08 9.1410E-09 7.7510E-09 6.4904E-09 5.3613E-09 4.3667E-09 3.5015E-09 2.7620E-09 2.1360E-09 1.6054E-09 1.1650E-09 8.0007E-10 5.4538E-10 3.6888E-10 2.2147E-10 1.1948E-10 6.1428E-11 3.1006E-11 1.9339E-11 1.9111E-11
6.5700E-09 7.4695E-09 8.5467E-09 9.6773E-09 1.0609E-08 1.2130E-08 1.3746E-08 1.4810E-08 1.6718E-08 1.8720E-08 1.9861E-08 2.2087E-08 2.4097E-08 2.5460E-08 2.6750E-08 2.8960E-08 3.0910E-08 3.1663E-08 3.3480E-08 3.3733E-08 3.3774E-08 3.3606E-08 3.3218E-08 3.2620E-08 3.1814E-08 3.0806E-08 2.9623E-08 2.8275E-08 2.6782E-08 2.5172E-08 2.3467E-08 2.1699E-08 1.9893E-08 1.8073E-08 1.6273E-08 1.4508E-08 1.2803E-08 1.1173E-08 9.6321E-09 8.1969E-09 6.8881E-09 5.7160E-09 4.6712E-09 3.7602E-09 2.9743E-09 2.3029E-09 1.7399E-09 1.2720E-09 8.7711E-10 6.0309E-10 4.1356E-10 2.5444E-10 1.3952E-10 6.7215E-11 3.4830E-11 2.0294E-11 1.9042E-11
6.3009E-09 7.3151E-09 8.0381E-09 9.3123E-09 1.0707E-08 1.1623E-08 1.2995E-08 1.4549E-08 1.6168E-08 1.7395E-08 1.9447E-08 2.1560E-08 2.2774E-08 2.5108E-08 2.7325E-08 2.8345E-08 3.0526E-08 3.1236E-08 3.1780E-08 3.2146E-08 3.2325E-08 3.2305E-08 3.2087E-08 3.1667E-08 3.1044E-08 3.0235E-08 2.9241E-08 2.8076E-08 2.6760E-08 2.5308E-08 2.3754E-08 2.2109E-08 2.0400E-08 1.8660E-08 1.6905E-08 1.5162E-08 1.3453E-08 1.1796E-08 1.0213E-08 8.7404E-09 7.3822E-09 6.1460E-09 5.0418E-09 4.0717E-09 3.2294E-09 2.5101E-09 1.9044E-09 1.3956E-09 9.6720E-10 6.7584E-10 4.7218E-10 2.9042E-10 1.5760E-10 7.3721E-11 3.8136E-11 2.1943E-11 1.8969E-11
5.9355E-09 6.6573E-09 7.7044E-09 8.8361E-09 9.7133E-09 1.1157E-08 1.2712E-08 1.3763E-08 1.5616E-08 1.7589E-08 1.8769E-08 2.0573E-08 2.2479E-08 2.4382E-08 2.5657E-08 2.7701E-08 2.8612E-08 2.9390E-08 3.0027E-08 3.0512E-08 3.0827E-08 3.0967E-08 3.0922E-08 3.0690E-08 3.0272E-08 2.9662E-08 2.8872E-08 2.7910E-08 2.6784E-08 2.5514E-08 2.4113E-08 2.2602E-08 2.1003E-08 1.9338E-08 1.7633E-08 1.5912E-08 1.4193E-08 1.2508E-08 1.0896E-08 9.3655E-09 7.9426E-09 6.6436E-09 5.4683E-09 4.4255E-09 3.5219E-09 2.7455E-09 2.0871E-09 1.5374E-09 1.0841E-09 7.6206E-10 5.3092E-10 3.3623E-10 1.7897E-10 8.1240E-11 4.2287E-11 2.3655E-11 1.8890E-11
5.5950E-09 6.5216E-09 7.2019E-09 8.3698E-09 9.6673E-09 1.0556E-08 1.1674E-08 1.3245E-08 1.4924E-08 1.6116E-08 1.8134E-08 2.0166E-08 2.1392E-08 2.3565E-08 2.4683E-08 2.5721E-08 2.6670E-08 2.7521E-08 2.8253E-08 2.8853E-08 2.9308E-08 2.9611E-08 2.9748E-08 2.9713E-08 2.9501E-08 2.9110E-08 2.8538E-08 2.7792E-08 2.6873E-08 2.5791E-08 2.4560E-08 2.3197E-08 2.1714E-08 2.0136E-08 1.8486E-08 1.6780E-08 1.5057E-08 1.3355E-08 1.1693E-08 1.0110E-08 8.6188E-09 7.2369E-09 5.9840E-09 4.8686E-09 3.8847E-09 3.0333E-09 2.3180E-09 1.7191E-09 1.2289E-09 8.5982E-10 6.0047E-10 3.8792E-10 2.0399E-10 9.2115E-11 4.5858E-11 2.5566E-11 1.8807E-11
5.1944E-09 5.8133E-09 6.7699E-09 7.8250E-09 8.6376E-09 9.9781E-09 1.1441E-08 1.2458E-08 1.4222E-08 1.6045E-08 1.7216E-08 1.8647E-08 2.0424E-08 2.1580E-08 2.2687E-08 2.3741E-08 2.4740E-08 2.5655E-08 2.6475E-08 2.7193E-08 2.7792E-08 2.8257E-08 2.8578E-08 2.8747E-08 2.8752E-08 2.8585E-08 2.8246E-08 2.7722E-08 2.7021E-08 2.6144E-08 2.5095E-08 2.3884E-08 2.2528E-08 2.1040E-08 1.9441E-08 1.7764E-08 1.6047E-08 1.4317E-08 1.2616E-08 1.0962E-08 9.3874E-09 7.9227E-09 6.5743E-09 5.3592E-09 4.2910E-09 3.3726E-09 2.5867E-09 1.9266E-09 1.4051E-09 9.7961E-10 6.8083E-10 4.4895E-10 2.5008E-10 1.0587E-10 5.0365E-11 2.7454E-11 1.8889E-11
