Assets/Resources/2015_m01_d31_1600(utc+0800)_l00_csi_1hr_conc.grd
DSAA
         159         159
     -79.000      79.000
     -79.000      79.000
  0.0000E+00  0.3296E-05
[rows 50 to 74 of 159, columns 0 to 56 of 159]
8.5214E-12 1.6142E-11 3.0006E-11 5.1266E-11 7.5769E-11 1.0908E-10 1.4757E-10 1.9595E-10 2.4522E-10 3.1443E-10 3.8434E-10 4.5628E-10 5.4442E-10 6.4645E-10 7.5733E-10 8.9092E-10 1.0413E-09 1.2123E-09 1.4180E-09 1.6475E-09 1.9055E-09 2.1986E-09 2.5258E-09 2.8944E-09 3.3070E-09 3.7602E-09 4.2573E-09 4.8020E-09 5.3968E-09 6.0312E-09 6.7055E-09 7.4183E-09 8.1627E-09 8.9265E-09 9.6934E-09 1.0453E-08 1.1186E-08 1.1872E-08 1.2485E-08 1.3004E-08 1.3412E-08 1.3686E-08 1.3809E-08 1.3772E-08 1.3572E-08 1.3209E-08 1.2688E-08 1.2027E-08 1.1241E-08 1.0357E-08 9.3902E-09 8.3829E-09 7.3493E-09 6.3348E-09 5.3629E-09 4.4472E-09 3.6123E-09
0.0000E+00 2.1513E-12 8.7799E-12 1.9851E-11 3.3236E-11 5.9241E-11 8.4342E-11 1.1860E-10 1.6587E-10 2.1395E-10 2.7232E-10 3.4807E-10 4.2370E-10 5.0542E-10 6.1086E-10 7.2673E-10 8.5583E-10 1.0048E-09 1.1828E-09 1.3821E-09 1.6096E-09 1.8706E-09 2.1619E-09 2.4917E-09 2.8655E-09 3.2783E-09 3.7366E-09 4.2451E-09 4.7993E-09 5.3989E-09 6.0462E-09 6.7421E-09 7.4704E-09 8.2287E-09 9.0083E-09 9.7917E-09 1.0563E-08 1.1302E-08 1.1982E-08 1.2589E-08 1.3091E-08 1.3471E-08 1.3712E-08 1.3796E-08 1.3717E-08 1.3466E-08 1.3055E-08 1.2481E-08 1.1763E-08 1.0927E-08 9.9851E-09 8.9870E-09 7.9459E-09 6.9116E-09 5.8914E-09 4.9234E-09 4.0325E-09
0.0000E+00 0.0000E+00 8.1149E-13 5.7729E-12 1.4860E-11 2.6537E-11 4.3280E-11 7.4054E-11 1.0098E-10 1.3134E-10 1.8938E-10 2.4507E-10 3.0889E-10 3.8245E-10 4.6765E-10 5.7220E-10 6.8925E-10 8.1924E-10 9.7202E-10 1.1480E-09 1.3469E-09 1.5744E-09 1.8306E-09 2.1233E-09 2.4601E-09 2.8322E-09 3.2463E-09 3.7133E-09 4.2247E-09 4.7892E-09 5.4036E-09 6.0685E-09 6.7792E-09 7.5312E-09 8.3120E-09 9.1138E-09 9.9159E-09 1.0701E-08 1.1449E-08 1.2133E-08 1.2733E-08 1.3223E-08 1.3584E-08 1.3793E-08 1.3842E-08 1.3717E-08 1.3421E-08 1.2943E-08 1.2314E-08 1.1530E-08 1.0631E-08 9.6510E-09 8.6065E-09 7.5504E-09 6.4967E-09 5.4894E-09 4.5410E-09
0.0000E+00 0.0000E+00 0.0000E+00 8.9418E-14 4.4894E-12 1.3144E-11 2.6098E-11 4.0560E-11 6.0679E-11 8.4592E-11 1.1720E-10 1.6833E-10 2.1824E-10 2.7526E-10 3.5848E-10 4.3821E-10 5.2885E-10 6.5220E-10 7.8476E-10 9.3578E-10 1.1078E-09 1.3053E-09 1.5286E-09 1.7847E-09 2.0799E-09 2.4115E-09 2.7862E-09 3.2118E-09 3.6805E-09 4.2022E-09 4.7824E-09 5.4176E-09 6.1060E-09 6.8406E-09 7.6198E-09 8.4303E-09 9.2584E-09 1.0083E-08 1.0887E-08 1.1648E-08 1.2342E-08 1.2942E-08 1.3424E-08 1.3765E-08 1.3949E-08 1.3954E-08 1.3776E-08 1.3410E-08 1.2873E-08 1.2165E-08 1.1328E-08 1.0367E-08 9.3362E-09 8.2724E-09 7.1914E-09 6.1415E-09 5.1396E-09
0.0000E+00 0.0000E+00 0.0000E+00 0.0000E+00 0.0000E+00 3.6070E-12 1.1831E-11 2.3739E-11 3.8111E-11 5.5121E-11 7.8308E-11 1.0813E-10 1.4107E-10 2.0138E-10 2.6146E-10 3.2876E-10 4.0758E-10 4.9526E-10 6.1421E-10 7.4602E-10 8.9422E-10 1.0657E-09 1.2565E-09 1.4785E-09 1.7379E-09 2.0311E-09 2.3636E-09 2.7454E-09 3.1715E-09 3.6556E-09 4.1995E-09 4.7974E-09 5.4564E-09 6.1718E-09 6.9414E-09 7.7520E-09 8.5927E-09 9.4511E-09 1.0308E-08 1.1140E-08 1.1923E-08 1.2629E-08 1.3231E-08 1.3706E-08 1.4022E-08 1.4165E-08 1.4113E-08 1.3868E-08 1.3436E-08 1.2816E-08 1.2046E-08 1.1138E-08 1.0147E-08 9.0767E-09 7.9888E-09 6.9073E-09 5.8630E-09
0.0000E+00 0.0000E+00 0.0000E+00 0.0000E+00 0.0000E+00 2.9339E-13 3.2238E-12 9.9938E-12 2.1615E-11 3.5682E-11 5.0984E-11 7.1699E-11 9.9513E-11 1.3093E-10 1.8282E-10 2.3856E-10 3.0829E-10 3.8082E-10 4.7043E-10 5.8047E-10 7.0654E-10 8.5260E-10 1.0170E-09 1.2088E-09 1.4326E-09 1.6866E-09 1.9823E-09 2.3236E-09 2.7101E-09 3.1517E-09 3.6510E-09 4.2125E-09 4.8402E-09 5.5282E-09 6.2778E-09 7.0813E-09 7.9326E-09 8.8169E-09 9.7159E-09 1.0611E-08 1.1475E-08 1.2281E-08 1.2999E-08 1.3600E-08 1.4050E-08 1.4327E-08 1.4413E-08 1.4305E-08 1.3984E-08 1.3470E-08 1.2791E-08 1.1956E-08 1.1010E-08 9.9694E-09 8.8961E-09 7.8033E-09 6.7394E-09
0.0000E+00 0.0000E+00 0.0000E+00 0.0000E+00 0.0000E+00 0.0000E+00 6.8713E-13 4.0600E-12 7.8208E-12 1.7843E-11 3.1738E-11 4.6917E-11 6.5634E-11 9.1612E-11 1.2366E-10 1.6579E-10 2.1901E-10 2.8164E-10 3.5695E-10 4.4373E-10 5.4732E-10 6.6916E-10 8.0839E-10 9.7222E-10 1.1644E-09 1.3849E-09 1.6437E-09 1.9439E-09 2.2886E-09 2.6894E-09 3.1476E-09 3.6700E-09 4.2585E-09 4.9167E-09 5.6419E-09 6.4343E-09 7.2839E-09 8.1830E-09 9.1163E-09 1.0061E-08 1.0995E-08 1.1891E-08 1.2716E-08 1.3434E-08 1.4012E-08 1.4428E-08 1.4658E-08 1.4684E-08 1.4496E-08 1.4119E-08 1.3544E-08 1.2803E-08 1.1932E-08 1.0953E-08 9.9186E-09 8.8443E-09 7.7718E-09
0.0000E+00 0.0000E+00 0.0000E+00 0.0000E+00 0.0000E+00 0.0000E+00 0.0000E+00 5.3509E-13 4.6844E-12 7.5116E-12 1.2643E-11 2.7267E-11 4.0676E-11 5.6796E-11 8.3992E-11 1.1248E-10 1.5086E-10 1.9861E-10 2.6106E-10 3.3715E-10 4.1874E-10 5.1512E-10 6.3028E-10 7.6883E-10 9.3255E-10 1.1199E-09 1.3445E-09 1.6069E-09 1.9135E-09 2.2739E-09 2.6875E-09 3.1699E-09 3.7192E-09 4.3422E-09 5.0376E-09 5.8071E-09 6.6489E-09 7.5527E-09 8.5049E-09 9.4896E-09 1.0481E-08 1.1453E-08 1.2368E-08 1.3193E-08 1.3898E-08 1.4453E-08 1.4823E-08 1.4992E-08 1.4959E-08 1.4723E-08 1.4282E-08 1.3671E-08 1.2902E-08 1.2032E-08 1.1058E-08 1.0026E-08 8.9723E-09
0.0000E+00 0.0000E+00 0.0000E+00 0.0000E+00 0.0000E+00 0.0000E+00 0.0000E+00 0.0000E+00 0.0000E+00 5.4551E-12 7.6152E-12 9.0548E-12 2.1494E-11 3.4111E-11 4.8740E-11 7.3625E-11 1.0044E-10 1.3546E-10 1.8005E-10 2.3857E-10 3.0749E-10 3.9008E-10 4.8738E-10 5.9595E-10 7.3374E-10 8.9430E-10 1.0881E-09 1.3153E-09 1.5825E-09 1.9033E-09 2.2745E-09 2.7156E-09 3.2243E-09 3.8063E-09 4.4676E-09 5.2093E-09 6.0333E-09 6.9308E-09 7.8899E-09 8.8945E-09 9.9261E-09 1.0957E-08 1.1949E-08 1.2875E-08 1.3695E-08 1.4379E-08 1.4889E-08 1.5215E-08 1.5344E-08 1.5263E-08 1.4980E-08 1.4524E-08 1.3907E-08 1.3160E-08 1.2293E-08 1.1354E-08 1.0357E-08
0.0000E+00 0.0000E+00 0.0000E+00 0.0000E+00 0.0000E+00 0.0000E+00 0.0000E+00 0.0000E+00 0.0000E+00 0.0000E+00 5.6420E-12 7.2395E-12 8.5335E-12 1.6648E-11 2.5637E-11 3.8786E-11 6.4428E-11 8.5915E-11 1.1989E-10 1.6219E-10 2.1474E-10 2.7917E-10 3.6160E-10 4.5245E-10 5.6809E-10 7.0558E-10 8.7083E-10 1.0652E-09 1.2977E-09 1.5802E-09 1.9101E-09 2.3091E-09 2.7743E-09 3.3137E-09 3.9362E-09 4.6412E-09 5.4368E-09 6.3135E-09 7.2633E-09 8.2761E-09 9.3337E-09 1.0404E-08 1.1459E-08 1.2468E-08 1.3391E-08 1.4194E-08 1.4842E-08 1.5327E-08 1.5620E-08 1.5714E-08 1.5618E-08 1.5344E-08 1.4905E-08 1.4320E-08 1.3607E-08 1.2803E-08 1.1911E-08
0.0000E+00 0.0000E+00 0.0000E+00 0.0000E+00 0.0000E+00 0.0000E+00 0.0000E+00 0.0000E+00 0.0000E+00 0.0000E+00 0.0000E+00 5.6943E-12 6.7629E-12 7.9025E-12 1.4356E-11 1.9115E-11 3.0369E-11 4.4810E-11 7.1049E-11 1.0334E-10 1.4423E-10 1.9274E-10 2.5398E-10 3.2841E-10 4.2939E-10 5.4729E-10 6.9207E-10 8.5748E-10 1.0567E-09 1.3027E-09 1.5923E-09 1.9484E-09 2.3699E-09 2.8637E-09 3.4425E-09 4.1047E-09 4.8628E-09 5.7097E-09 6.6368E-09 7.6427E-09 8.7058E-09 9.7973E-09 1.0895E-08 1.1966E-08 1.2979E-08 1.3887E-08 1.4665E-08 1.5309E-08 1.5766E-08 1.6046E-08 1.6153E-08 1.6087E-08 1.5858E-08 1.5473E-08 1.4962E-08 1.4338E-08 1.3599E-08
0.0000E+00 0.0000E+00 0.0000E+00 0.0000E+00 0.0000E+00 0.0000E+00 0.0000E+00 0.0000E+00 0.0000E+00 0.0000E+00 0.0000E+00 0.0000E+00 0.0000E+00 6.2079E-12 7.1908E-12 8.2571E-12 1.5856E-11 2.1937E-11 3.2617E-11 5.5919E-11 8.4340E-11 1.2484E-10 1.7001E-10 2.3067E-10 3.1111E-10 4.0620E-10 5.3299E-10 6.8254E-10 8.5444E-10 1.0664E-09 1.3175E-09 1.6340E-09 2.0110E-09 2.4580E-09 2.9903E-09 3.6028E-09 4.3153E-09 5.1209E-09 6.0124E-09 6.9952E-09 8.0444E-09 9.1392E-09 1.0262E-08 1.1375E-08 1.2452E-08 1.3446E-08 1.4350E-08 1.5135E-08 1.5758E-08 1.6232E-08 1.6548E-08 1.6705E-08 1.6705E-08 1.6566E-08 1.6297E-08 1.5893E-08 1.5368E-08
0.0000E+00 0.0000E+00 0.0000E+00 0.0000E+00 0.0000E+00 0.0000E+00 0.0000E+00 0.0000E+00 0.0000E+00 0.0000E+00 0.0000E+00 0.0000E+00 0.0000E+00 0.0000E+00 5.5993E-12 6.4294E-12 7.3184E-12 9.9701E-12 1.7172E-11 2.4014E-11 4.0104E-11 7.1581E-11 1.0905E-10 1.5675E-10 2.1386E-10 2.9307E-10 3.9430E-10 5.1861E-10 6.7886E-10 8.6180E-10 1.0795E-09 1.3578E-09 1.6918E-09 2.0915E-09 2.5738E-09 3.1339E-09 3.7946E-09 4.5490E-09 5.3928E-09 6.3384E-09 7.3558E-09 8.4348E-09 9.5603E-09 1.0697E-08 1.1817E-08 1.2883E-08 1.3887E-08 1.4792E-08 1.5575E-08 1.6233E-08 1.6763E-08 1.7150E-08 1.7397E-08 1.7525E-08 1.7526E-08 1.7395E-08 1.7123E-08
0.0000E+00 0.0000E+00 0.0000E+00 0.0000E+00 0.0000E+00 0.0000E+00 0.0000E+00 0.0000E+00 0.0000E+00 0.0000E+00 0.0000E+00 0.0000E+00 0.0000E+00 0.0000E+00 0.0000E+00 0.0000E+00 5.4549E-12 6.3734E-12 7.1288E-12 1.2228E-11 2.0225E-11 3.2899E-11 5.6972E-11 9.3878E-11 1.4021E-10 1.9968E-10 2.8251E-10 3.8429E-10 5.1442E-10 6.7713E-10 8.6995E-10 1.1132E-09 1.4058E-09 1.7592E-09 2.1912E-09 2.6961E-09 3.3000E-09 3.9973E-09 4.7848E-09 5.6792E-09 6.6508E-09 7.6967E-09 8.8010E-09 9.9401E-09 1.1080E-08 1.2195E-08 1.3274E-08 1.4284E-08 1.5205E-08 1.6030E-08 1.6760E-08 1.7364E-08 1.7873E-08 1.8279E-08 1.8567E-08 1.8733E-08 1.8757E-08
0.0000E+00 0.0000E+00 0.0000E+00 0.0000E+00 0.0000E+00 0.0000E+00 0.0000E+00 0.0000E+00 0.0000E+00 0.0000E+00 0.0000E+00 0.0000E+00 0.0000E+00 0.0000E+00 0.0000E+00 0.0000E+00 0.0000E+00 0.0000E+00 3.8917E-12 6.0466E-12 9.0556E-12 1.3993E-11 2.8657E-11 5.1319E-11 8.1850E-11 1.2750E-10 1.9712E-10 2.7338E-10 3.8193E-10 5.2071E-10 6.8456E-10 8.9500E-10 1.1522E-09 1.4608E-09 1.8432E-09 2.2928E-09 2.8373E-09 3.4720E-09 4.1951E-09 5.0288E-09 5.9423E-09 6.9363E-09 8.0045E-09 9.1199E-09 1.0249E-08 1.1395E-08 1.2517E-08 1.3610E-08 1.4640E-08 1.5604E-08 1.6511E-08 1.7321E-08 1.8072E-08 1.8745E-08 1.9326E-08 1.9797E-08 2.0138E-08
0.0000E+00 0.0000E+00 0.0000E+00 0.0000E+00 0.0000E+00 0.0000E+00 0.0000E+00 0.0000E+00 0.0000E+00 0.0000E+00 0.0000E+00 0.0000E+00 0.0000E+00 0.0000E+00 0.0000E+00 0.0000E+00 0.0000E+00 0.0000E+00 0.0000E+00 0.0000E+00 2.4202E-12 6.8625E-12 1.1959E-11 2.3572E-11 4.7173E-11 8.0410E-11 1.2575E-10 1.8934E-10 2.7594E-10 3.8572E-10 5.2352E-10 7.1018E-10 9.2716E-10 1.1927E-09 1.5288E-09 1.9241E-09 2.4092E-09 2.9788E-09 3.6328E-09 4.3955E-09 5.2415E-09 6.1719E-09 7.1864E-09 8.2573E-09 9.3618E-09 1.0503E-08 1.1635E-08 1.2775E-08 1.3875E-08 1.4953E-08 1.6001E-08 1.6990E-08 1.7949E-08 1.8863E-08 1.9712E-08 2.0478E-08 2.1128E-08
0.0000E+00 0.0000E+00 0.0000E+00 0.0000E+00 0.0000E+00 0.0000E+00 0.0000E+00 0.0000E+00 0.0000E+00 0.0000E+00 0.0000E+00 0.0000E+00 0.0000E+00 0.0000E+00 0.0000E+00 0.0000E+00 0.0000E+00 0.0000E+00 0.0000E+00 0.0000E+00 0.0000E+00 0.0000E+00 2.7348E-12 8.4635E-12 2.0435E-11 4.1721E-11 8.4949E-11 1.2579E-10 1.8934E-10 2.8466E-10 3.9345E-10 5.4832E-10 7.3867E-10 9.6655E-10 1.2542E-09 1.5947E-09 2.0187E-09 2.5227E-09 3.1062E-09 3.7958E-09 4.5655E-09 5.4204E-09 6.3671E-09 7.3743E-09 8.4294E-09 9.5339E-09 1.0654E-08 1.1805E-08 1.2941E-08 1.4089E-08 1.5229E-08 1.6351E-08 1.7472E-08 1.8584E-08 1.9656E-08 2.0674E-08 2.1612E-08
0.0000E+00 0.0000E+00 0.0000E+00 0.0000E+00 0.0000E+00 0.0000E+00 0.0000E+00 0.0000E+00 0.0000E+00 0.0000E+00 0.0000E+00 0.0000E+00 0.0000E+00 0.0000E+00 0.0000E+00 0.0000E+00 0.0000E+00 0.0000E+00 0.0000E+00 0.0000E+00 0.0000E+00 0.0000E+00 0.0000E+00 2.2556E-12 7.1012E-12 1.9326E-11 4.5406E-11 8.6662E-11 1.3484E-10 2.0081E-10 2.9599E-10 4.1738E-10 5.7570E-10 7.7592E-10 1.0220E-09 1.3125E-09 1.6790E-09 2.1176E-09 2.6292E-09 3.2418E-09 3.9300E-09 4.7019E-09 5.5656E-09 6.4929E-09 7.4806E-09 8.5266E-09 9.6027E-09 1.0730E-08 1.1865E-08 1.3032E-08 1.4222E-08 1.5418E-08 1.6638E-08 1.7885E-08 1.9112E-08 2.0326E-08 2.1496E-08
0.0000E+00 0.0000E+00 0.0000E+00 0.0000E+00 0.0000E+00 0.0000E+00 0.0000E+00 0.0000E+00 0.0000E+00 0.0000E+00 0.0000E+00 0.0000E+00 0.0000E+00 0.0000E+00 0.0000E+00 0.0000E+00 0.0000E+00 0.0000E+00 0.0000E+00 0.0000E+00 0.0000E+00 0.0000E+00 0.0000E+00 0.0000E+00 0.0000E+00 6.9747E-12 2.5772E-11 4.8484E-11 9.0593E-11 1.4694E-10 2.1477E-10 3.1362E-10 4.4658E-10 6.1541E-10 8.2736E-10 1.0728E-09 1.3865E-09 1.7627E-09 2.2056E-09 2.7392E-09 3.3443E-09 4.0274E-09 4.8008E-09 5.6401E-09 6.5397E-09 7.5067E-09 8.5129E-09 9.5840E-09 1.0677E-08 1.1820E-08 1.3006E-08 1.4213E-08 1.5468E-08 1.6774E-08 1.8086E-08 1.9423E-08 2.0761E-08
0.0000E+00 0.0000E+00 0.0000E+00 0.0000E+00 0.0000E+00 0.0000E+00 0.0000E+00 0.0000E+00 0.0000E+00 0.0000E+00 0.0000E+00 0.0000E+00 0.0000E+00 0.0000E+00 0.0000E+00 0.0000E+00 0.0000E+00 0.0000E+00 0.0000E+00 0.0000E+00 0.0000E+00 0.0000E+00 0.0000E+00 0.0000E+00 0.0000E+00 0.0000E+00 8.7374E-12 2.8960E-11 5.5626E-11 9.8790E-11 1.5262E-10 2.3773E-10 3.3806E-10 4.7102E-10 6.5641E-10 8.6802E-10 1.1337E-09 1.4515E-09 1.8301E-09 2.2884E-09 2.8135E-09 3.4054E-09 4.0866E-09 4.8259E-09 5.6276E-09 6.4999E-09 7.4143E-09 8.3999E-09 9.4164E-09 1.0494E-08 1.1621E-08 1.2784E-08 1.4012E-08 1.5307E-08 1.6627E-08 1.8007E-08 1.9420E-08
0.0000E+00 0.0000E+00 0.0000E+00 0.0000E+00 0.0000E+00 0.0000E+00 0.0000E+00 0.0000E+00 0.0000E+00 0.0000E+00 0.0000E+00 0.0000E+00 0.0000E+00 0.0000E+00 0.0000E+00 0.0000E+00 0.0000E+00 0.0000E+00 0.0000E+00 0.0000E+00 0.0000E+00 0.0000E+00 0.0000E+00 0.0000E+00 0.0000E+00 0.0000E+00 4.5751E-12 1.2282E-11 3.0979E-11 6.8450E-11 1.0831E-10 1.6947E-10 2.5356E-10 3.6279E-10 5.0637E-10 6.8956E-10 9.0895E-10 1.1765E-09 1.4954E-09 1.8849E-09 2.3325E-09 2.8364E-09 3.4257E-09 4.0633E-09 4.7667E-09 5.5231E-09 6.3305E-09 7.2095E-09 8.1221E-09 9.1003E-09 1.0131E-08 1.1206E-08 1.2348E-08 1.3568E-08 1.4829E-08 1.6156E-08 1.7557E-08
0.0000E+00 0.0000E+00 0.0000E+00 0.0000E+00 0.0000E+00 0.0000E+00 0.0000E+00 0.0000E+00 0.0000E+00 0.0000E+00 0.0000E+00 0.0000E+00 0.0000E+00 0.0000E+00 0.0000E+00 0.0000E+00 0.0000E+00 0.0000E+00 0.0000E+00 0.0000E+00 0.0000E+00 0.0000E+00 0.0000E+00 0.0000E+00 0.0000E+00 0.0000E+00 3.9162E-12 6.8549E-12 1.9690E-11 4.0329E-11 7.2170E-11 1.2172E-10 1.8537E-10 2.7299E-10 3.8832E-10 5.2910E-10 7.1897E-10 9.4456E-10 1.2055E-09 1.5274E-09 1.9019E-09 2.3241E-09 2.8174E-09 3.3577E-09 3.9548E-09 4.5979E-09 5.3034E-09 6.0544E-09 6.8461E-09 7.7031E-09 8.6094E-09 9.5569E-09 1.0569E-08 1.1671E-08 1.2790E-08 1.4007E-08 1.5340E-08
0.0000E+00 0.0000E+00 0.0000E+00 0.0000E+00 0.0000E+00 0.0000E+00 0.0000E+00 0.0000E+00 0.0000E+00 0.0000E+00 0.0000E+00 0.0000E+00 0.0000E+00 0.0000E+00 0.0000E+00 0.0000E+00 0.0000E+00 0.0000E+00 0.0000E+00 0.0000E+00 0.0000E+00 0.0000E+00 0.0000E+00 0.0000E+00 0.0000E+00 0.0000E+00 3.3748E-12 5.0735E-12 1.2520E-11 2.8248E-11 4.9020E-11 8.5499E-11 1.3539E-10 1.9955E-10 2.9420E-10 4.0567E-10 5.5865E-10 7.4377E-10 9.5850E-10 1.2253E-09 1.5267E-09 1.8802E-09 2.2778E-09 2.7250E-09 3.2199E-09 3.7517E-09 4.3426E-09 4.9722E-09 5.6421E-09 6.3561E-09 7.1187E-09 7.9152E-09 8.7694E-09 9.7017E-09 1.0657E-08 1.1747E-08 1.2878E-08
0.0000E+00 0.0000E+00 0.0000E+00 0.0000E+00 0.0000E+00 0.0000E+00 0.0000E+00 0.0000E+00 0.0000E+00 0.0000E+00 0.0000E+00 0.0000E+00 0.0000E+00 0.0000E+00 0.0000E+00 0.0000E+00 0.0000E+00 0.0000E+00 0.0000E+00 0.0000E+00 0.0000E+00 0.0000E+00 0.0000E+00 0.0000E+00 0.0000E+00 0.0000E+00 1.9381E-12 4.2163E-12 7.6070E-12 1.9826E-11 3.5652E-11 5.8359E-11 1.0055E-10 1.5185E-10 2.2070E-10 3.1353E-10 4.3086E-10 5.7832E-10 7.5279E-10 9.6243E-10 1.2057E-09 1.4929E-09 1.8091E-09 2.1811E-09 2.5721E-09 2.9983E-09 3.4774E-09 3.9876E-09 4.5233E-09 5.1033E-09 5.7229E-09 6.3555E-09 7.0508E-09 7.7923E-09 8.5669E-09 9.4464E-09 1.0391E-08
0.0000E+00 0.0000E+00 0.0000E+00 0.0000E+00 0.0000E+00 0.0000E+00 0.0000E+00 0.0000E+00 0.0000E+00 0.0000E+00 0.0000E+00 0.0000E+00 0.0000E+00 0.0000E+00 0.0000E+00 0.0000E+00 0.0000E+00 0.0000E+00 0.0000E+00 0.0000E+00 0.0000E+00 0.0000E+00 0.0000E+00 0.0000E+00 0.0000E+00 0.0000E+00 0.0000E+00 3.5570E-12 5.0424E-12 1.2597E-11 2.7038E-11 4.3770E-11 7.0765E-11 1.1154E-10 1.6469E-10 2.3515E-10 3.2834E-10 4.4347E-10 5.8134E-10 7.4451E-10 9.3700E-10 1.1636E-09 1.4115E-09 1.7016E-09 2.0115E-09 2.3547E-09 2.7134E-09 3.1175E-09 3.5304E-09 3.9794E-09 4.4586E-09 4.9488E-09 5.4709E-09 6.0375E-09 6.6522E-09 7.3020E-09 8.0894E-09
