Assets/Resources/2015_m01_d08_1800(utc+0800)_l00_csi_1hr_conc.grd
DSAA
         159         159
     -79.000      79.000
     -79.000      79.000
  0.2247E-09  0.3452E-04
[rows 50 to 74 of 159, columns 0 to 56 of 159]
1.0452E-09 1.0746E-09 1.1047E-09 1.1348E-09 1.1655E-09 1.1967E-09 1.2285E-09 1.2608E-09 1.2936E-09 1.3269E-09 1.3608E-09 1.3951E-09 1.4300E-09 1.4654E-09 1.5013E-09 1.5400E-09 1.5771E-09 1.6146E-09 1.6526E-09 1.6910E-09 1.7299E-09 1.7822E-09 1.8266E-09 1.8703E-09 1.9176E-09 1.9647E-09 2.0111E-09 2.0733E-09 2.1258E-09 2.1795E-09 2.2325E-09 2.2926E-09 2.3631E-09 2.4397E-09 2.5232E-09 2.6107E-09 2.7453E-09 2.8374E-09 2.9366E-09 3.0707E-09 3.1936E-09 3.3229E-09 3.4651E-09 3.6226E-09 3.8034E-09 3.9909E-09 4.1947E-09 4.4244E-09 4.6726E-09 4.9550E-09 5.2565E-09 5.6012E-09 5.9701E-09 6.3685E-09 6.7443E-09 7.1437E-09 7.5008E-09
1.0463E-09 1.0758E-09 1.1059E-09 1.1361E-09 1.1669E-09 1.1982E-09 1.2300E-09 1.2623E-09 1.2952E-09 1.3287E-09 1.3626E-09 1.3971E-09 1.4320E-09 1.4675E-09 1.5035E-09 1.5424E-09 1.5795E-09 1.6172E-09 1.6553E-09 1.6938E-09 1.7328E-09 1.7875E-09 1.8308E-09 1.8764E-09 1.9241E-09 1.9701E-09 2.0184E-09 2.0845E-09 2.1337E-09 2.1882E-09 2.2439E-09 2.3156E-09 2.3819E-09 2.4691E-09 2.5507E-09 2.6805E-09 2.7781E-09 2.8799E-09 3.0122E-09 3.1338E-09 3.2632E-09 3.4063E-09 3.5655E-09 3.7502E-09 3.9426E-09 4.1535E-09 4.3936E-09 4.6485E-09 4.9285E-09 5.2321E-09 5.5710E-09 5.9320E-09 6.3514E-09 6.7564E-09 7.2095E-09 7.6251E-09 8.0856E-09
1.0471E-09 1.0771E-09 1.1068E-09 1.1371E-09 1.1679E-09 1.1993E-09 1.2312E-09 1.2636E-09 1.2966E-09 1.3301E-09 1.3641E-09 1.3986E-09 1.4337E-09 1.4692E-09 1.5064E-09 1.5443E-09 1.5816E-09 1.6193E-09 1.6575E-09 1.6962E-09 1.7481E-09 1.7925E-09 1.8360E-09 1.8818E-09 1.9301E-09 1.9765E-09 2.0387E-09 2.0913E-09 2.1452E-09 2.2004E-09 2.2529E-09 2.3284E-09 2.4005E-09 2.4926E-09 2.5834E-09 2.7149E-09 2.8202E-09 2.9247E-09 3.0688E-09 3.1971E-09 3.3397E-09 3.5003E-09 3.6852E-09 3.8802E-09 4.0964E-09 4.3457E-09 4.6083E-09 4.8966E-09 5.1976E-09 5.5458E-09 5.9178E-09 6.3387E-09 6.7898E-09 7.2373E-09 7.7569E-09 8.2262E-09 8.6892E-09
1.0476E-09 1.0777E-09 1.1075E-09 1.1378E-09 1.1686E-09 1.2001E-09 1.2320E-09 1.2645E-09 1.2975E-09 1.3311E-09 1.3652E-09 1.3998E-09 1.4349E-09 1.4705E-09 1.5090E-09 1.5459E-09 1.5832E-09 1.6210E-09 1.6593E-09 1.6981E-09 1.7523E-09 1.7954E-09 1.8408E-09 1.8883E-09 1.9342E-09 1.9824E-09 2.0485E-09 2.0997E-09 2.1523E-09 2.2082E-09 2.2737E-09 2.3469E-09 2.4247E-09 2.5172E-09 2.6457E-09 2.7583E-09 2.8563E-09 2.9996E-09 3.1255E-09 3.2662E-09 3.4209E-09 3.6097E-09 3.8047E-09 4.0235E-09 4.2750E-09 4.5451E-09 4.8412E-09 5.1587E-09 5.5158E-09 5.9214E-09 6.3217E-09 6.8073E-09 7.2965E-09 7.8060E-09 8.3184E-09 8.8479E-09 9.3717E-09
1.0483E-09 1.0780E-09 1.1078E-09 1.1381E-09 1.1691E-09 1.2005E-09 1.2325E-09 1.2650E-09 1.2981E-09 1.3317E-09 1.3659E-09 1.4005E-09 1.4357E-09 1.4714E-09 1.5101E-09 1.5470E-09 1.5844E-09 1.6223E-09 1.6606E-09 1.7121E-09 1.7562E-09 1.7994E-09 1.8436E-09 1.8931E-09 1.9392E-09 2.0013E-09 2.0539E-09 2.1077E-09 2.1630E-09 2.2216E-09 2.2869E-09 2.3656E-09 2.4438E-09 2.5508E-09 2.6807E-09 2.7900E-09 2.9269E-09 3.0496E-09 3.1871E-09 3.3389E-09 3.5154E-09 3.7174E-09 3.9359E-09 4.1851E-09 4.4623E-09 4.7614E-09 5.0904E-09 5.4567E-09 5.8744E-09 6.3235E-09 6.7874E-09 7.3183E-09 7.8524E-09 8.4065E-09 8.9624E-09 9.5531E-09 1.0145E-08
1.0487E-09 1.0780E-09 1.1078E-09 1.1382E-09 1.1691E-09 1.2006E-09 1.2327E-09 1.2653E-09 1.2984E-09 1.3320E-09 1.3662E-09 1.4009E-09 1.4361E-09 1.4731E-09 1.5107E-09 1.5476E-09 1.5851E-09 1.6230E-09 1.6615E-09 1.7152E-09 1.7580E-09 1.8031E-09 1.8489E-09 1.8958E-09 1.9439E-09 2.0076E-09 2.0608E-09 2.1133E-09 2.1693E-09 2.2349E-09 2.3000E-09 2.3861E-09 2.4647E-09 2.6013E-09 2.7160E-09 2.8262E-09 2.9705E-09 3.1036E-09 3.2511E-09 3.4145E-09 3.6237E-09 3.8392E-09 4.0813E-09 4.3602E-09 4.6611E-09 4.9926E-09 5.3673E-09 5.7966E-09 6.2654E-09 6.7751E-09 7.2893E-09 7.8487E-09 8.4324E-09 9.0548E-09 9.6976E-09 1.0344E-08 1.1007E-08
1.0484E-09 1.0777E-09 1.1075E-09 1.1379E-09 1.1689E-09 1.2004E-09 1.2325E-09 1.2651E-09 1.2983E-09 1.3319E-09 1.3662E-09 1.4009E-09 1.4362E-09 1.4743E-09 1.5108E-09 1.5479E-09 1.5854E-09 1.6234E-09 1.6682E-09 1.7179E-09 1.7593E-09 1.8047E-09 1.8537E-09 1.8996E-09 1.9612E-09 2.0136E-09 2.0673E-09 2.1224E-09 2.1810E-09 2.2448E-09 2.3161E-09 2.4049E-09 2.4891E-09 2.6393E-09 2.7465E-09 2.8867E-09 3.0171E-09 3.1580E-09 3.3155E-09 3.5137E-09 3.7283E-09 3.9644E-09 4.2401E-09 4.5424E-09 4.8732E-09 5.2432E-09 5.6753E-09 6.1536E-09 6.6820E-09 7.2271E-09 7.8136E-09 8.4247E-09 9.0877E-09 9.7773E-09 1.0505E-08 1.1235E-08 1.1947E-08
1.0477E-09 1.0771E-09 1.1069E-09 1.1374E-09 1.1684E-09 1.1999E-09 1.2320E-09 1.2646E-09 1.2978E-09 1.3315E-09 1.3657E-09 1.4005E-09 1.4358E-09 1.4741E-09 1.5106E-09 1.5476E-09 1.5852E-09 1.6232E-09 1.6747E-09 1.7186E-09 1.7633E-09 1.8058E-09 1.8553E-09 1.9030E-09 1.9661E-09 2.0190E-09 2.0713E-09 2.1271E-09 2.1926E-09 2.2579E-09 2.3338E-09 2.4160E-09 2.5343E-09 2.6726E-09 2.7742E-09 2.9290E-09 3.0627E-09 3.2140E-09 3.3873E-09 3.6095E-09 3.8328E-09 4.1012E-09 4.4008E-09 4.7324E-09 5.0968E-09 5.5229E-09 6.0053E-09 6.5337E-09 7.0928E-09 7.7123E-09 8.3585E-09 9.0403E-09 9.7700E-09 1.0571E-08 1.1363E-08 1.2182E-08 1.2990E-08
1.0468E-09 1.0762E-09 1.1060E-09 1.1365E-09 1.1675E-09 1.1990E-09 1.2311E-09 1.2638E-09 1.2969E-09 1.3307E-09 1.3649E-09 1.3997E-09 1.4350E-09 1.4734E-09 1.5099E-09 1.5470E-09 1.5846E-09 1.6227E-09 1.6763E-09 1.7188E-09 1.7638E-09 1.8094E-09 1.8563E-09 1.9116E-09 1.9706E-09 2.0240E-09 2.0789E-09 2.1372E-09 2.2009E-09 2.2719E-09 2.3469E-09 2.4402E-09 2.5653E-09 2.6975E-09 2.8155E-09 2.9670E-09 3.1106E-09 3.2695E-09 3.4816E-09 3.6991E-09 3.9462E-09 4.2442E-09 4.5671E-09 4.9243E-09 5.3369E-09 5.8165E-09 6.3416E-09 6.9071E-09 7.5414E-09 8.2129E-09 8.9302E-09 9.7027E-09 1.0545E-08 1.1417E-08 1.2287E-08 1.3173E-08 1.4111E-08
1.0456E-09 1.0750E-09 1.1048E-09 1.1353E-09 1.1663E-09 1.1978E-09 1.2299E-09 1.2626E-09 1.2957E-09 1.3295E-09 1.3637E-09 1.3985E-09 1.4350E-09 1.4722E-09 1.5088E-09 1.5459E-09 1.5835E-09 1.6280E-09 1.6775E-09 1.7201E-09 1.7637E-09 1.8126E-09 1.8583E-09 1.9202E-09 1.9726E-09 2.0265E-09 2.0820E-09 2.1471E-09 2.2106E-09 2.2838E-09 2.3580E-09 2.4616E-09 2.5951E-09 2.7201E-09 2.8614E-09 3.0069E-09 3.1565E-09 3.3353E-09 3.5612E-09 3.7953E-09 4.0705E-09 4.3875E-09 4.7323E-09 5.1268E-09 5.5893E-09 6.1034E-09 6.6695E-09 7.2985E-09 7.9908E-09 8.7298E-09 9.5359E-09 1.0416E-08 1.1349E-08 1.2296E-08 1.3262E-08 1.4270E-08 1.5307E-08
1.0442E-09 1.0735E-09 1.1033E-09 1.1338E-09 1.1647E-09 1.1963E-09 1.2284E-09 1.2610E-09 1.2942E-09 1.3279E-09 1.3622E-09 1.3970E-09 1.4347E-09 1.4707E-09 1.5073E-09 1.5444E-09 1.5820E-09 1.6331E-09 1.6766E-09 1.7210E-09 1.7648E-09 1.8124E-09 1.8599E-09 1.9253E-09 1.9781E-09 2.0305E-09 2.0845E-09 2.1507E-09 2.2198E-09 2.2986E-09 2.3732E-09 2.4917E-09 2.6179E-09 2.7462E-09 2.8936E-09 3.0443E-09 3.2059E-09 3.4179E-09 3.6368E-09 3.8932E-09 4.1953E-09 4.5269E-09 4.9050E-09 5.3347E-09 5.8366E-09 6.3886E-09 7.0072E-09 7.7035E-09 8.4466E-09 9.2641E-09 1.0179E-08 1.1134E-08 1.2154E-08 1.3193E-08 1.4288E-08 1.5412E-08 1.6563E-08
1.0424E-09 1.0717E-09 1.1015E-09 1.1319E-09 1.1629E-09 1.1944E-09 1.2265E-09 1.2591E-09 1.2923E-09 1.3260E-09 1.3602E-09 1.3950E-09 1.4327E-09 1.4688E-09 1.5053E-09 1.5424E-09 1.5800E-09 1.6332E-09 1.6753E-09 1.7199E-09 1.7653E-09 1.8117E-09 1.8669E-09 1.9258E-09 1.9792E-09 2.0341E-09 2.0986E-09 2.1612E-09 2.2306E-09 2.3074E-09 2.3887E-09 2.5249E-09 2.6348E-09 2.7765E-09 2.9233E-09 3.0845E-09 3.2620E-09 3.4839E-09 3.7135E-09 3.9956E-09 4.3145E-09 4.6716E-09 5.0729E-09 5.5498E-09 6.0790E-09 6.6754E-09 7.3468E-09 8.0950E-09 8.9109E-09 9.8154E-09 1.0800E-08 1.1869E-08 1.2967E-08 1.4122E-08 1.5349E-08 1.6591E-08 1.7879E-08
1.0403E-09 1.0696E-09 1.0994E-09 1.1298E-09 1.1607E-09 1.1922E-09 1.2242E-09 1.2568E-09 1.2900E-09 1.3237E-09 1.3579E-09 1.3926E-09 1.4304E-09 1.4664E-09 1.5029E-09 1.5400E-09 1.5840E-09 1.6329E-09 1.6751E-09 1.7183E-09 1.7653E-09 1.8120E-09 1.8757E-09 1.9279E-09 1.9816E-09 2.0351E-09 2.1005E-09 2.1673E-09 2.2416E-09 2.3148E-09 2.4027E-09 2.5487E-09 2.6519E-09 2.8087E-09 2.9513E-09 3.1236E-09 3.3282E-09 3.5408E-09 3.8011E-09 4.0958E-09 4.4336E-09 4.8060E-09 5.2473E-09 5.7481E-09 6.3155E-09 6.9515E-09 7.6844E-09 8.4878E-09 9.3766E-09 1.0367E-08 1.1445E-08 1.2578E-08 1.3782E-08 1.5066E-08 1.6403E-08 1.7814E-08 1.9235E-08
1.0380E-09 1.0672E-09 1.0970E-09 1.1273E-09 1.1582E-09 1.1897E-09 1.2217E-09 1.2542E-09 1.2873E-09 1.3210E-09 1.3551E-09 1.3910E-09 1.4276E-09 1.4636E-09 1.5001E-09 1.5372E-09 1.5876E-09 1.6306E-09 1.6744E-09 1.7177E-09 1.7648E-09 1.8119E-09 1.8768E-09 1.9294E-09 1.9836E-09 2.0415E-09 2.1051E-09 2.1727E-09 2.2504E-09 2.3278E-09 2.4209E-09 2.5689E-09 2.6673E-09 2.8346E-09 2.9852E-09 3.1668E-09 3.3743E-09 3.6068E-09 3.8821E-09 4.1929E-09 4.5401E-09 4.9423E-09 5.4082E-09 5.9450E-09 6.5431E-09 7.2300E-09 8.0099E-09 8.8653E-09 9.8374E-09 1.0899E-08 1.2050E-08 1.3274E-08 1.4595E-08 1.5993E-08 1.7477E-08 1.9004E-08 2.0591E-08
1.0354E-09 1.0645E-09 1.0943E-09 1.1246E-09 1.1554E-09 1.1868E-09 1.2188E-09 1.2513E-09 1.2843E-09 1.3179E-09 1.3520E-09 1.3879E-09 1.4245E-09 1.4604E-09 1.4969E-09 1.5339E-09 1.5863E-09 1.6278E-09 1.6717E-09 1.7167E-09 1.7624E-09 1.8171E-09 1.8755E-09 1.9285E-09 1.9831E-09 2.0476E-09 2.1106E-09 2.1809E-09 2.2584E-09 2.3402E-09 2.4438E-09 2.5808E-09 2.6857E-09 2.8609E-09 3.0141E-09 3.2128E-09 3.4222E-09 3.6756E-09 3.9530E-09 4.2797E-09 4.6498E-09 5.0710E-09 5.5706E-09 6.1316E-09 6.7623E-09 7.4960E-09 8.3158E-09 9.2300E-09 1.0262E-08 1.1412E-08 1.2626E-08 1.3939E-08 1.5376E-08 1.6887E-08 1.8502E-08 2.0182E-08 2.1918E-08
1.0325E-09 1.0616E-09 1.0912E-09 1.1215E-09 1.1523E-09 1.1836E-09 1.2155E-09 1.2479E-09 1.2809E-09 1.3145E-09 1.3485E-09 1.3855E-09 1.4209E-09 1.4568E-09 1.4932E-09 1.5364E-09 1.5845E-09 1.6261E-09 1.6686E-09 1.7136E-09 1.7610E-09 1.8239E-09 1.8756E-09 1.9290E-09 1.9820E-09 2.0473E-09 2.1140E-09 2.1852E-09 2.2627E-09 2.3460E-09 2.4646E-09 2.5912E-09 2.7015E-09 2.8867E-09 3.0410E-09 3.2514E-09 3.4710E-09 3.7368E-09 4.0223E-09 4.3660E-09 4.7445E-09 5.1918E-09 5.7129E-09 6.2995E-09 6.9663E-09 7.7440E-09 8.6061E-09 9.5781E-09 1.0675E-08 1.1873E-08 1.3168E-08 1.4588E-08 1.6109E-08 1.7751E-08 1.9485E-08 2.1301E-08 2.3203E-08
1.0293E-09 1.0583E-09 1.0879E-09 1.1181E-09 1.1488E-09 1.1801E-09 1.2119E-09 1.2443E-09 1.2772E-09 1.3107E-09 1.3447E-09 1.3816E-09 1.4169E-09 1.4528E-09 1.4891E-09 1.5324E-09 1.5808E-09 1.6224E-09 1.6650E-09 1.7115E-09 1.7592E-09 1.8233E-09 1.8753E-09 1.9290E-09 1.9864E-09 2.0497E-09 2.1176E-09 2.1917E-09 2.2724E-09 2.3587E-09 2.4766E-09 2.6020E-09 2.7225E-09 2.9101E-09 3.0630E-09 3.2910E-09 3.5226E-09 3.7888E-09 4.0853E-09 4.4381E-09 4.8369E-09 5.3063E-09 5.8437E-09 6.4555E-09 7.1590E-09 7.9702E-09 8.8584E-09 9.8916E-09 1.1048E-08 1.2291E-08 1.3662E-08 1.5166E-08 1.6776E-08 1.8538E-08 2.0389E-08 2.2351E-08 2.4384E-08
1.0258E-09 1.0548E-09 1.0843E-09 1.1144E-09 1.1450E-09 1.1762E-09 1.2080E-09 1.2403E-09 1.2731E-09 1.3065E-09 1.3404E-09 1.3774E-09 1.4126E-09 1.4483E-09 1.4846E-09 1.5343E-09 1.5766E-09 1.6198E-09 1.6624E-09 1.7075E-09 1.7554E-09 1.8201E-09 1.8724E-09 1.9264E-09 1.9903E-09 2.0528E-09 2.1211E-09 2.1940E-09 2.2750E-09 2.3626E-09 2.4856E-09 2.6111E-09 2.7396E-09 2.9251E-09 3.1042E-09 3.3221E-09 3.5698E-09 3.8320E-09 4.1434E-09 4.5040E-09 4.9209E-09 5.4044E-09 5.9604E-09 6.5971E-09 7.3311E-09 8.1646E-09 9.0977E-09 1.0183E-08 1.1362E-08 1.2665E-08 1.4105E-08 1.5681E-08 1.7397E-08 1.9228E-08 2.1183E-08 2.3271E-08 2.5430E-08
1.0220E-09 1.0509E-09 1.0804E-09 1.1104E-09 1.1409E-09 1.1720E-09 1.2037E-09 1.2359E-09 1.2687E-09 1.3020E-09 1.3358E-09 1.3727E-09 1.4078E-09 1.4435E-09 1.4797E-09 1.5312E-09 1.5719E-09 1.6152E-09 1.6594E-09 1.7059E-09 1.7584E-09 1.8184E-09 1.8709E-09 1.9232E-09 1.9878E-09 2.0538E-09 2.1228E-09 2.1986E-09 2.2838E-09 2.3776E-09 2.4926E-09 2.6244E-09 2.7541E-09 2.9367E-09 3.1336E-09 3.3511E-09 3.6037E-09 3.8744E-09 4.1897E-09 4.5635E-09 4.9910E-09 5.4874E-09 6.0625E-09 6.7222E-09 7.4856E-09 8.3330E-09 9.3051E-09 1.0411E-08 1.1638E-08 1.2986E-08 1.4479E-08 1.6111E-08 1.7902E-08 1.9811E-08 2.1861E-08 2.4041E-08 2.6354E-08
1.0180E-09 1.0468E-09 1.0762E-09 1.1061E-09 1.1365E-09 1.1675E-09 1.1991E-09 1.2312E-09 1.2639E-09 1.2971E-09 1.3320E-09 1.3676E-09 1.4027E-09 1.4382E-09 1.4743E-09 1.5261E-09 1.5668E-09 1.6101E-09 1.6543E-09 1.7009E-09 1.7630E-09 1.8141E-09 1.8689E-09 1.9255E-09 1.9876E-09 2.0515E-09 2.1236E-09 2.2013E-09 2.2847E-09 2.3885E-09 2.4973E-09 2.6376E-09 2.7628E-09 2.9531E-09 3.1569E-09 3.3743E-09 3.6334E-09 3.9096E-09 4.2350E-09 4.6206E-09 5.0532E-09 5.5633E-09 6.1602E-09 6.8301E-09 7.6083E-09 8.4832E-09 9.4834E-09 1.0606E-08 1.1854E-08 1.3235E-08 1.4775E-08 1.6443E-08 1.8294E-08 2.0264E-08 2.2395E-08 2.4649E-08 2.7064E-08
1.0137E-09 1.0424E-09 1.0717E-09 1.1015E-09 1.1318E-09 1.1627E-09 1.1942E-09 1.2262E-09 1.2588E-09 1.2919E-09 1.3267E-09 1.3622E-09 1.3971E-09 1.4326E-09 1.4749E-09 1.5222E-09 1.5628E-09 1.6045E-09 1.6488E-09 1.6970E-09 1.7601E-09 1.8114E-09 1.8644E-09 1.9273E-09 1.9871E-09 2.0525E-09 2.1251E-09 2.2063E-09 2.2903E-09 2.3925E-09 2.5076E-09 2.6412E-09 2.7692E-09 2.9746E-09 3.1741E-09 3.3966E-09 3.6574E-09 3.9403E-09 4.2751E-09 4.6652E-09 5.1059E-09 5.6336E-09 6.2392E-09 6.9150E-09 7.7048E-09 8.6033E-09 9.6252E-09 1.0757E-08 1.2020E-08 1.3420E-08 1.4978E-08 1.6688E-08 1.8564E-08 2.0574E-08 2.2758E-08 2.5073E-08 2.7556E-08
1.0091E-09 1.0377E-09 1.0669E-09 1.0966E-09 1.1268E-09 1.1576E-09 1.1890E-09 1.2208E-09 1.2533E-09 1.2863E-09 1.3210E-09 1.3564E-09 1.3912E-09 1.4265E-09 1.4688E-09 1.5162E-09 1.5568E-09 1.6001E-09 1.6428E-09 1.6911E-09 1.7546E-09 1.8061E-09 1.8593E-09 1.9227E-09 1.9837E-09 2.0523E-09 2.1237E-09 2.2017E-09 2.2934E-09 2.3971E-09 2.5101E-09 2.6422E-09 2.7759E-09 2.9934E-09 3.1868E-09 3.4249E-09 3.6784E-09 3.9664E-09 4.3056E-09 4.7003E-09 5.1532E-09 5.6955E-09 6.2959E-09 6.9797E-09 7.7770E-09 8.6921E-09 9.7160E-09 1.0856E-08 1.2124E-08 1.3525E-08 1.5099E-08 1.6827E-08 1.8701E-08 2.0737E-08 2.2950E-08 2.5291E-08 2.7737E-08
1.0043E-09 1.0328E-09 1.0618E-09 1.0914E-09 1.1215E-09 1.1522E-09 1.1834E-09 1.2152E-09 1.2475E-09 1.2803E-09 1.3149E-09 1.3502E-09 1.3849E-09 1.4201E-09 1.4687E-09 1.5098E-09 1.5520E-09 1.5936E-09 1.6377E-09 1.6919E-09 1.7506E-09 1.8022E-09 1.8595E-09 1.9174E-09 1.9825E-09 2.0480E-09 2.1241E-09 2.2058E-09 2.2977E-09 2.4051E-09 2.5110E-09 2.6435E-09 2.7870E-09 3.0061E-09 3.1993E-09 3.4409E-09 3.6968E-09 3.9925E-09 4.3312E-09 4.7371E-09 5.2028E-09 5.7327E-09 6.3364E-09 7.0225E-09 7.8306E-09 8.7478E-09 9.7623E-09 1.0902E-08 1.2164E-08 1.3563E-08 1.5128E-08 1.6847E-08 1.8719E-08 2.0748E-08 2.2937E-08 2.5262E-08 2.7716E-08
9.9918E-10 1.0275E-09 1.0564E-09 1.0859E-09 1.1159E-09 1.1464E-09 1.1775E-09 1.2091E-09 1.2413E-09 1.2740E-09 1.3097E-09 1.3437E-09 1.3782E-09 1.4132E-09 1.4635E-09 1.5030E-09 1.5451E-09 1.5882E-09 1.6323E-09 1.6871E-09 1.7440E-09 1.7978E-09 1.8533E-09 1.9145E-09 1.9771E-09 2.0467E-09 2.1216E-09 2.2026E-09 2.3006E-09 2.4117E-09 2.5045E-09 2.6467E-09 2.7912E-09 3.0139E-09 3.2079E-09 3.4527E-09 3.7158E-09 4.0138E-09 4.3572E-09 4.7677E-09 5.2264E-09 5.7559E-09 6.3599E-09 7.0437E-09 7.8567E-09 8.7587E-09 9.7644E-09 1.0894E-08 1.2142E-08 1.3527E-08 1.5062E-08 1.6768E-08 1.8606E-08 2.0596E-08 2.2740E-08 2.5046E-08 2.7476E-08
9.9381E-10 1.0220E-09 1.0508E-09 1.0801E-09 1.1100E-09 1.1404E-09 1.1713E-09 1.2028E-09 1.2348E-09 1.2674E-09 1.3029E-09 1.3367E-09 1.3711E-09 1.4060E-09 1.4563E-09 1.4958E-09 1.5378E-09 1.5809E-09 1.6249E-09 1.6798E-09 1.7390E-09 1.7908E-09 1.8525E-09 1.9080E-09 1.9740E-09 2.0418E-09 2.1172E-09 2.1984E-09 2.3004E-09 2.4105E-09 2.5035E-09 2.6510E-09 2.8122E-09 3.0105E-09 3.2165E-09 3.4662E-09 3.7250E-09 4.0301E-09 4.3750E-09 4.7877E-09 5.2394E-09 5.7634E-09 6.3669E-09 7.0428E-09 7.8543E-09 8.7371E-09 9.7250E-09 1.0834E-08 1.2062E-08 1.3420E-08 1.4925E-08 1.6581E-08 1.8364E-08 2.0299E-08 2.2371E-08 2.4631E-08 2.7016E-08
