Assets/Resources/2015_m01_d10_1300(utc+0800)_l00_csi_1hr_conc.grd
DSAA
         159         159
     -79.000      79.000
     -79.000      79.000
  0.7197E-09  0.2923E-05
[rows 100 to 124 of 159, columns 0 to 56 of 159]
1.9290E-09 1.9750E-09 2.0224E-09 2.0708E-09 2.1204E-09 2.1712E-09 2.2235E-09 2.2772E-09 2.3322E-09 2.3888E-09 2.4465E-09 2.5056E-09 2.5667E-09 2.6290E-09 2.6927E-09 2.7582E-09 2.8249E-09 2.8935E-09 2.9633E-09 3.0351E-09 3.1081E-09 3.1828E-09 3.2592E-09 3.3377E-09 3.4184E-09 3.5009E-09 3.5851E-09 3.6707E-09 3.7580E-09 3.8467E-09 3.9375E-09 4.0309E-09 4.1269E-09 4.2248E-09 4.3246E-09 4.4282E-09 4.5325E-09 4.6380E-09 4.7446E-09 4.8529E-09 4.9630E-09 5.0728E-09 5.1838E-09 5.2963E-09 5.4103E-09 5.5261E-09 5.6427E-09 5.7610E-09 5.8796E-09 5.9989E-09 6.1192E-09 6.2402E-09 6.3617E-09 6.4839E-09 6.6068E-09 6.7304E-09 6.8547E-09
1.9316E-09 1.9776E-09 2.0251E-09 2.0737E-09 2.1233E-09 2.1741E-09 2.2265E-09 2.2802E-09 2.3348E-09 2.3912E-09 2.4491E-09 2.5085E-09 2.5690E-09 2.6312E-09 2.6948E-09 2.7605E-09 2.8272E-09 2.8957E-09 2.9657E-09 3.0373E-09 3.1102E-09 3.1848E-09 3.2610E-09 3.3389E-09 3.4198E-09 3.5020E-09 3.5860E-09 3.6713E-09 3.7584E-09 3.8468E-09 3.9357E-09 4.0303E-09 4.1251E-09 4.2225E-09 4.3226E-09 4.4256E-09 4.5293E-09 4.6342E-09 4.7402E-09 4.8478E-09 4.9572E-09 5.0662E-09 5.1765E-09 5.2882E-09 5.4013E-09 5.5157E-09 5.6313E-09 5.7481E-09 5.8660E-09 5.9845E-09 6.1036E-09 6.2233E-09 6.3436E-09 6.4640E-09 6.5855E-09 6.7077E-09 6.8306E-09
1.9341E-09 1.9801E-09 2.0273E-09 2.0759E-09 2.1255E-09 2.1766E-09 2.2290E-09 2.2826E-09 2.3373E-09 2.3936E-09 2.4512E-09 2.5105E-09 2.5709E-09 2.6333E-09 2.6966E-09 2.7620E-09 2.8288E-09 2.8972E-09 2.9670E-09 3.0385E-09 3.1112E-09 3.1859E-09 3.2620E-09 3.3393E-09 3.4186E-09 3.5010E-09 3.5847E-09 3.6710E-09 3.7578E-09 3.8459E-09 3.9345E-09 4.0263E-09 4.1214E-09 4.2183E-09 4.3186E-09 4.4194E-09 4.5241E-09 4.6291E-09 4.7344E-09 4.8414E-09 4.9499E-09 5.0582E-09 5.1676E-09 5.2785E-09 5.3906E-09 5.5040E-09 5.6181E-09 5.7339E-09 5.8502E-09 5.9676E-09 6.0851E-09 6.2042E-09 6.3232E-09 6.4423E-09 6.5623E-09 6.6831E-09 6.8044E-09
1.9362E-09 1.9822E-09 2.0294E-09 2.0780E-09 2.1276E-09 2.1784E-09 2.2304E-09 2.2841E-09 2.3393E-09 2.3955E-09 2.4531E-09 2.5120E-09 2.5726E-09 2.6347E-09 2.6981E-09 2.7630E-09 2.8298E-09 2.8977E-09 2.9677E-09 3.0386E-09 3.1118E-09 3.1859E-09 3.2617E-09 3.3388E-09 3.4184E-09 3.5000E-09 3.5834E-09 3.6682E-09 3.7550E-09 3.8428E-09 3.9322E-09 4.0236E-09 4.1174E-09 4.2138E-09 4.3121E-09 4.4130E-09 4.5168E-09 4.6204E-09 4.7257E-09 4.8335E-09 4.9413E-09 5.0487E-09 5.1573E-09 5.2668E-09 5.3776E-09 5.4896E-09 5.6030E-09 5.7176E-09 5.8332E-09 5.9490E-09 6.0656E-09 6.1823E-09 6.2999E-09 6.4176E-09 6.5362E-09 6.6557E-09 6.7760E-09
1.9377E-09 1.9837E-09 2.0311E-09 2.0797E-09 2.1293E-09 2.1800E-09 2.2320E-09 2.2856E-09 2.3404E-09 2.3963E-09 2.4541E-09 2.5132E-09 2.5735E-09 2.6351E-09 2.6987E-09 2.7638E-09 2.8301E-09 2.8981E-09 2.9676E-09 3.0383E-09 3.1110E-09 3.1849E-09 3.2604E-09 3.3380E-09 3.4168E-09 3.4982E-09 3.5813E-09 3.6660E-09 3.7521E-09 3.8399E-09 3.9289E-09 4.0182E-09 4.1131E-09 4.2082E-09 4.3059E-09 4.4062E-09 4.5092E-09 4.6128E-09 4.7173E-09 4.8228E-09 4.9297E-09 5.0379E-09 5.1455E-09 5.2541E-09 5.3639E-09 5.4749E-09 5.5868E-09 5.6998E-09 5.8138E-09 5.9287E-09 6.0440E-09 6.1598E-09 6.2760E-09 6.3927E-09 6.5098E-09 6.6274E-09 6.7460E-09
1.9390E-09 1.9850E-09 2.0321E-09 2.0804E-09 2.1305E-09 2.1812E-09 2.2331E-09 2.2866E-09 2.3414E-09 2.3972E-09 2.4546E-09 2.5133E-09 2.5740E-09 2.6355E-09 2.6987E-09 2.7634E-09 2.8294E-09 2.8973E-09 2.9669E-09 3.0374E-09 3.1101E-09 3.1837E-09 3.2591E-09 3.3359E-09 3.4141E-09 3.4946E-09 3.5773E-09 3.6630E-09 3.7486E-09 3.8360E-09 3.9246E-09 4.0135E-09 4.1055E-09 4.2008E-09 4.2993E-09 4.3982E-09 4.4988E-09 4.6015E-09 4.7077E-09 4.8123E-09 4.9183E-09 5.0256E-09 5.1324E-09 5.2400E-09 5.3484E-09 5.4582E-09 5.5695E-09 5.6813E-09 5.7941E-09 5.9077E-09 6.0216E-09 6.1360E-09 6.2508E-09 6.3660E-09 6.4816E-09 6.5977E-09 6.7142E-09
1.9400E-09 1.9860E-09 2.0331E-09 2.0813E-09 2.1310E-09 2.1816E-09 2.2335E-09 2.2869E-09 2.3419E-09 2.3976E-09 2.4549E-09 2.5135E-09 2.5738E-09 2.6351E-09 2.6981E-09 2.7626E-09 2.8285E-09 2.8961E-09 2.9652E-09 3.0357E-09 3.1082E-09 3.1816E-09 3.2565E-09 3.3331E-09 3.4113E-09 3.4911E-09 3.5734E-09 3.6574E-09 3.7430E-09 3.8299E-09 3.9192E-09 4.0077E-09 4.0991E-09 4.1931E-09 4.2895E-09 4.3876E-09 4.4882E-09 4.5916E-09 4.6945E-09 4.7989E-09 4.9057E-09 5.0120E-09 5.1178E-09 5.2245E-09 5.3318E-09 5.4402E-09 5.5495E-09 5.6597E-09 5.7715E-09 5.8838E-09 5.9965E-09 6.1103E-09 6.2240E-09 6.3377E-09 6.4518E-09 6.5662E-09 6.6812E-09
1.9404E-09 1.9863E-09 2.0336E-09 2.0817E-09 2.1313E-09 2.1819E-09 2.2337E-09 2.2867E-09 2.3413E-09 2.3972E-09 2.4540E-09 2.5131E-09 2.5729E-09 2.6341E-09 2.6966E-09 2.7612E-09 2.8272E-09 2.8943E-09 2.9631E-09 3.0334E-09 3.1051E-09 3.1782E-09 3.2529E-09 3.3298E-09 3.4073E-09 3.4867E-09 3.5686E-09 3.6526E-09 3.7374E-09 3.8238E-09 3.9118E-09 4.0009E-09 4.0902E-09 4.1850E-09 4.2800E-09 4.3774E-09 4.4765E-09 4.5797E-09 4.6825E-09 4.7860E-09 4.8902E-09 4.9955E-09 5.1019E-09 5.2076E-09 5.3139E-09 5.4211E-09 5.5293E-09 5.6383E-09 5.7481E-09 5.8587E-09 5.9699E-09 6.0815E-09 6.1934E-09 6.3067E-09 6.4200E-09 6.5332E-09 6.6465E-09
1.9404E-09 1.9864E-09 2.0334E-09 2.0815E-09 2.1310E-09 2.1818E-09 2.2335E-09 2.2864E-09 2.3408E-09 2.3965E-09 2.4533E-09 2.5116E-09 2.5712E-09 2.6328E-09 2.6952E-09 2.7592E-09 2.8247E-09 2.8915E-09 2.9604E-09 3.0304E-09 3.1015E-09 3.1749E-09 3.2492E-09 3.3251E-09 3.4025E-09 3.4811E-09 3.5617E-09 3.6452E-09 3.7299E-09 3.8171E-09 3.9046E-09 3.9931E-09 4.0818E-09 4.1737E-09 4.2680E-09 4.3654E-09 4.4652E-09 4.5650E-09 4.6669E-09 4.7719E-09 4.8750E-09 4.9794E-09 5.0848E-09 5.1894E-09 5.2946E-09 5.4003E-09 5.5069E-09 5.6142E-09 5.7236E-09 5.8332E-09 5.9431E-09 6.0532E-09 6.1636E-09 6.2743E-09 6.3851E-09 6.4975E-09 6.6099E-09
1.9403E-09 1.9862E-09 2.0331E-09 2.0811E-09 2.1303E-09 2.1809E-09 2.2325E-09 2.2853E-09 2.3396E-09 2.3951E-09 2.4520E-09 2.5101E-09 2.5696E-09 2.6304E-09 2.6928E-09 2.7566E-09 2.8218E-09 2.8884E-09 2.9567E-09 3.0264E-09 3.0975E-09 3.1701E-09 3.2445E-09 3.3199E-09 3.3969E-09 3.4756E-09 3.5557E-09 3.6383E-09 3.7225E-09 3.8082E-09 3.8952E-09 3.9843E-09 4.0725E-09 4.1637E-09 4.2572E-09 4.3523E-09 4.4506E-09 4.5503E-09 4.6526E-09 4.7542E-09 4.8571E-09 4.9604E-09 5.0663E-09 5.1699E-09 5.2741E-09 5.3786E-09 5.4840E-09 5.5902E-09 5.6970E-09 5.8044E-09 5.9133E-09 6.0228E-09 6.1324E-09 6.2415E-09 6.3508E-09 6.4603E-09 6.5710E-09
1.9395E-09 1.9854E-09 2.0322E-09 2.0803E-09 2.1294E-09 2.1799E-09 2.2313E-09 2.2840E-09 2.3378E-09 2.3932E-09 2.4499E-09 2.5076E-09 2.5674E-09 2.6280E-09 2.6899E-09 2.7532E-09 2.8181E-09 2.8850E-09 2.9526E-09 3.0220E-09 3.0928E-09 3.1651E-09 3.2386E-09 3.3140E-09 3.3910E-09 3.4688E-09 3.5485E-09 3.6292E-09 3.7146E-09 3.7994E-09 3.8857E-09 3.9734E-09 4.0622E-09 4.1512E-09 4.2432E-09 4.3398E-09 4.4364E-09 4.5345E-09 4.6341E-09 4.7361E-09 4.8397E-09 4.9419E-09 5.0451E-09 5.1492E-09 5.2522E-09 5.3557E-09 5.4595E-09 5.5640E-09 5.6703E-09 5.7764E-09 5.8830E-09 5.9902E-09 6.0976E-09 6.2059E-09 6.3143E-09 6.4229E-09 6.5315E-09
1.9384E-09 1.9842E-09 2.0311E-09 2.0789E-09 2.1278E-09 2.1781E-09 2.2294E-09 2.2822E-09 2.3359E-09 2.3912E-09 2.4476E-09 2.5051E-09 2.5641E-09 2.6245E-09 2.6864E-09 2.7497E-09 2.8144E-09 2.8800E-09 2.9476E-09 3.0167E-09 3.0874E-09 3.1590E-09 3.2328E-09 3.3074E-09 3.3832E-09 3.4612E-09 3.5400E-09 3.6207E-09 3.7038E-09 3.7888E-09 3.8745E-09 3.9628E-09 4.0509E-09 4.1392E-09 4.2305E-09 4.3240E-09 4.4189E-09 4.5176E-09 4.6177E-09 4.7180E-09 4.8187E-09 4.9206E-09 5.0244E-09 5.1273E-09 5.2292E-09 5.3315E-09 5.4342E-09 5.5374E-09 5.6412E-09 5.7454E-09 5.8510E-09 5.9580E-09 6.0638E-09 6.1698E-09 6.2766E-09 6.3832E-09 6.4903E-09
1.9372E-09 1.9826E-09 2.0296E-09 2.0773E-09 2.1261E-09 2.1760E-09 2.2274E-09 2.2797E-09 2.3333E-09 2.3883E-09 2.4445E-09 2.5021E-09 2.5609E-09 2.6210E-09 2.6824E-09 2.7451E-09 2.8094E-09 2.8754E-09 2.9424E-09 3.0110E-09 3.0808E-09 3.1526E-09 3.2255E-09 3.3001E-09 3.3757E-09 3.4529E-09 3.5312E-09 3.6117E-09 3.6942E-09 3.7782E-09 3.8632E-09 3.9500E-09 4.0375E-09 4.1263E-09 4.2153E-09 4.3095E-09 4.4035E-09 4.4998E-09 4.5974E-09 4.6977E-09 4.7991E-09 4.8999E-09 5.0009E-09 5.1026E-09 5.2050E-09 5.3062E-09 5.4076E-09 5.5092E-09 5.6113E-09 5.7150E-09 5.8184E-09 5.9222E-09 6.0265E-09 6.1324E-09 6.2376E-09 6.3425E-09 6.4480E-09
1.9354E-09 1.9809E-09 2.0275E-09 2.0750E-09 2.1239E-09 2.1737E-09 2.2249E-09 2.2771E-09 2.3304E-09 2.3850E-09 2.4410E-09 2.4983E-09 2.5566E-09 2.6164E-09 2.6778E-09 2.7405E-09 2.8042E-09 2.8695E-09 2.9361E-09 3.0047E-09 3.0741E-09 3.1455E-09 3.2177E-09 3.2917E-09 3.3668E-09 3.4438E-09 3.5220E-09 3.6012E-09 3.6818E-09 3.7655E-09 3.8503E-09 3.9372E-09 4.0244E-09 4.1125E-09 4.2007E-09 4.2917E-09 4.3849E-09 4.4802E-09 4.5790E-09 4.6768E-09 4.7761E-09 4.8757E-09 4.9780E-09 5.0785E-09 5.1797E-09 5.2797E-09 5.3800E-09 5.4803E-09 5.5811E-09 5.6822E-09 5.7837E-09 5.8877E-09 5.9905E-09 6.0932E-09 6.1967E-09 6.3003E-09 6.4044E-09
1.9335E-09 1.9786E-09 2.0251E-09 2.0727E-09 2.1211E-09 2.1707E-09 2.2215E-09 2.2737E-09 2.3268E-09 2.3814E-09 2.4369E-09 2.4943E-09 2.5523E-09 2.6118E-09 2.6727E-09 2.7348E-09 2.7984E-09 2.8637E-09 2.9296E-09 2.9972E-09 3.0668E-09 3.1371E-09 3.2095E-09 3.2830E-09 3.3579E-09 3.4337E-09 3.5112E-09 3.5902E-09 3.6707E-09 3.7533E-09 3.8374E-09 3.9228E-09 4.0092E-09 4.0978E-09 4.1852E-09 4.2738E-09 4.3677E-09 4.4612E-09 4.5568E-09 4.6534E-09 4.7528E-09 4.8530E-09 4.9524E-09 5.0518E-09 5.1517E-09 5.2522E-09 5.3512E-09 5.4503E-09 5.5494E-09 5.6488E-09 5.7497E-09 5.8501E-09 5.9509E-09 6.0529E-09 6.1556E-09 6.2575E-09 6.3595E-09
1.9309E-09 1.9762E-09 2.0222E-09 2.0696E-09 2.1182E-09 2.1676E-09 2.2182E-09 2.2702E-09 2.3231E-09 2.3772E-09 2.4324E-09 2.4895E-09 2.5472E-09 2.6062E-09 2.6670E-09 2.7291E-09 2.7921E-09 2.8563E-09 2.9222E-09 2.9897E-09 3.0585E-09 3.1287E-09 3.2003E-09 3.2732E-09 3.3473E-09 3.4231E-09 3.5005E-09 3.5786E-09 3.6579E-09 3.7391E-09 3.8228E-09 3.9083E-09 3.9940E-09 4.0810E-09 4.1688E-09 4.2567E-09 4.3472E-09 4.4398E-09 4.5358E-09 4.6321E-09 4.7289E-09 4.8269E-09 4.9258E-09 5.0256E-09 5.1244E-09 5.2236E-09 5.3214E-09 5.4193E-09 5.5171E-09 5.6147E-09 5.7134E-09 5.8120E-09 5.9129E-09 6.0124E-09 6.1122E-09 6.2125E-09 6.3135E-09
1.9283E-09 1.9731E-09 2.0190E-09 2.0665E-09 2.1146E-09 2.1638E-09 2.2142E-09 2.2659E-09 2.3186E-09 2.3727E-09 2.4277E-09 2.4839E-09 2.5420E-09 2.6006E-09 2.6608E-09 2.7222E-09 2.7849E-09 2.8493E-09 2.9148E-09 2.9813E-09 3.0493E-09 3.1194E-09 3.1907E-09 3.2629E-09 3.3371E-09 3.4120E-09 3.4880E-09 3.5657E-09 3.6453E-09 3.7253E-09 3.8079E-09 3.8922E-09 3.9771E-09 4.0645E-09 4.1515E-09 4.2386E-09 4.3266E-09 4.4198E-09 4.5124E-09 4.6070E-09 4.7033E-09 4.8006E-09 4.8993E-09 4.9970E-09 5.0944E-09 5.1924E-09 5.2906E-09 5.3873E-09 5.4838E-09 5.5801E-09 5.6766E-09 5.7737E-09 5.8718E-09 5.9694E-09 6.0696E-09 6.1678E-09 6.2663E-09
1.9251E-09 1.9700E-09 2.0157E-09 2.0625E-09 2.1109E-09 2.1599E-09 2.2100E-09 2.2613E-09 2.3140E-09 2.3676E-09 2.4223E-09 2.4785E-09 2.5359E-09 2.5942E-09 2.6541E-09 2.7155E-09 2.7777E-09 2.8412E-09 2.9059E-09 2.9726E-09 3.0405E-09 3.1094E-09 3.1800E-09 3.2522E-09 3.3251E-09 3.3998E-09 3.4759E-09 3.5530E-09 3.6311E-09 3.7104E-09 3.7918E-09 3.8749E-09 3.9603E-09 4.0456E-09 4.1322E-09 4.2196E-09 4.3068E-09 4.3966E-09 4.4882E-09 4.5831E-09 4.6784E-09 4.7737E-09 4.8702E-09 4.9673E-09 5.0653E-09 5.1619E-09 5.2589E-09 5.3543E-09 5.4495E-09 5.5446E-09 5.6393E-09 5.7349E-09 5.8303E-09 5.9271E-09 6.0241E-09 6.1210E-09 6.2181E-09
1.9215E-09 1.9662E-09 2.0118E-09 2.0586E-09 2.1065E-09 2.1553E-09 2.2052E-09 2.2565E-09 2.3086E-09 2.3622E-09 2.4167E-09 2.4723E-09 2.5291E-09 2.5877E-09 2.6469E-09 2.7076E-09 2.7694E-09 2.8325E-09 2.8974E-09 2.9633E-09 3.0301E-09 3.0989E-09 3.1689E-09 3.2405E-09 3.3132E-09 3.3873E-09 3.4624E-09 3.5387E-09 3.6170E-09 3.6956E-09 3.7754E-09 3.8578E-09 3.9418E-09 4.0263E-09 4.1133E-09 4.1998E-09 4.2862E-09 4.3734E-09 4.4655E-09 4.5571E-09 4.6504E-09 4.7468E-09 4.8410E-09 4.9362E-09 5.0336E-09 5.1290E-09 5.2246E-09 5.3204E-09 5.4144E-09 5.5081E-09 5.6015E-09 5.6949E-09 5.7884E-09 5.8837E-09 5.9778E-09 6.0734E-09 6.1697E-09
1.9176E-09 1.9624E-09 2.0077E-09 2.0541E-09 2.1015E-09 2.1506E-09 2.2002E-09 2.2510E-09 2.3029E-09 2.3561E-09 2.4103E-09 2.4656E-09 2.5224E-09 2.5803E-09 2.6392E-09 2.6995E-09 2.7612E-09 2.8239E-09 2.8877E-09 2.9529E-09 3.0198E-09 3.0880E-09 3.1572E-09 3.2280E-09 3.3004E-09 3.3737E-09 3.4482E-09 3.5243E-09 3.6014E-09 3.6793E-09 3.7583E-09 3.8394E-09 3.9222E-09 4.0071E-09 4.0924E-09 4.1780E-09 4.2646E-09 4.3510E-09 4.4397E-09 4.5302E-09 4.6231E-09 4.7168E-09 4.8113E-09 4.9059E-09 5.0011E-09 5.0952E-09 5.1912E-09 5.2857E-09 5.3784E-09 5.4708E-09 5.5629E-09 5.6545E-09 5.7461E-09 5.8390E-09 5.9312E-09 6.0261E-09 6.1194E-09
1.9134E-09 1.9577E-09 2.0031E-09 2.0492E-09 2.0967E-09 2.1452E-09 2.1946E-09 2.2454E-09 2.2970E-09 2.3497E-09 2.4038E-09 2.4588E-09 2.5149E-09 2.5722E-09 2.6313E-09 2.6909E-09 2.7519E-09 2.8144E-09 2.8775E-09 2.9428E-09 3.0089E-09 3.0760E-09 3.1449E-09 3.2155E-09 3.2869E-09 3.3597E-09 3.4338E-09 3.5088E-09 3.5851E-09 3.6630E-09 3.7413E-09 3.8208E-09 3.9028E-09 3.9864E-09 4.0703E-09 4.1566E-09 4.2423E-09 4.3277E-09 4.4139E-09 4.5025E-09 4.5951E-09 4.6869E-09 4.7809E-09 4.8733E-09 4.9672E-09 5.0624E-09 5.1554E-09 5.2485E-09 5.3416E-09 5.4327E-09 5.5235E-09 5.6138E-09 5.7036E-09 5.7942E-09 5.8848E-09 5.9768E-09 6.0684E-09
1.9091E-09 1.9530E-09 1.9983E-09 2.0443E-09 2.0912E-09 2.1392E-09 2.1889E-09 2.2391E-09 2.2904E-09 2.3428E-09 2.3966E-09 2.4512E-09 2.5073E-09 2.5642E-09 2.6226E-09 2.6818E-09 2.7424E-09 2.8041E-09 2.8674E-09 2.9316E-09 2.9969E-09 3.0641E-09 3.1324E-09 3.2017E-09 3.2726E-09 3.3450E-09 3.4183E-09 3.4930E-09 3.5686E-09 3.6453E-09 3.7229E-09 3.8016E-09 3.8822E-09 3.9645E-09 4.0488E-09 4.1333E-09 4.2180E-09 4.3037E-09 4.3889E-09 4.4765E-09 4.5656E-09 4.6555E-09 4.7490E-09 4.8416E-09 4.9325E-09 5.0265E-09 5.1189E-09 5.2123E-09 5.3040E-09 5.3938E-09 5.4833E-09 5.5723E-09 5.6607E-09 5.7486E-09 5.8373E-09 5.9273E-09 6.0170E-09
1.9043E-09 1.9479E-09 1.9928E-09 2.0387E-09 2.0856E-09 2.1334E-09 2.1825E-09 2.2324E-09 2.2837E-09 2.3357E-09 2.3889E-09 2.4435E-09 2.4989E-09 2.5555E-09 2.6131E-09 2.6725E-09 2.7324E-09 2.7937E-09 2.8565E-09 2.9198E-09 2.9852E-09 3.0512E-09 3.1188E-09 3.1877E-09 3.2583E-09 3.3297E-09 3.4024E-09 3.4764E-09 3.5511E-09 3.6270E-09 3.7041E-09 3.7825E-09 3.8614E-09 3.9415E-09 4.0257E-09 4.1089E-09 4.1943E-09 4.2789E-09 4.3632E-09 4.4482E-09 4.5354E-09 4.6257E-09 4.7157E-09 4.8071E-09 4.8990E-09 4.9906E-09 5.0817E-09 5.1738E-09 5.2641E-09 5.3543E-09 5.4424E-09 5.5301E-09 5.6172E-09 5.7038E-09 5.7902E-09 5.8778E-09 5.9655E-09
1.8991E-09 1.9428E-09 1.9871E-09 2.0330E-09 2.0795E-09 2.1270E-09 2.1755E-09 2.2256E-09 2.2763E-09 2.3280E-09 2.3811E-09 2.4351E-09 2.4901E-09 2.5463E-09 2.6038E-09 2.6624E-09 2.7219E-09 2.7827E-09 2.8447E-09 2.9082E-09 2.9725E-09 3.0379E-09 3.1051E-09 3.1732E-09 3.2428E-09 3.3136E-09 3.3859E-09 3.4590E-09 3.5333E-09 3.6085E-09 3.6848E-09 3.7619E-09 3.8400E-09 3.9196E-09 4.0016E-09 4.0838E-09 4.1682E-09 4.2523E-09 4.3368E-09 4.4208E-09 4.5054E-09 4.5937E-09 4.6826E-09 4.7735E-09 4.8640E-09 4.9534E-09 5.0432E-09 5.1347E-09 5.2237E-09 5.3141E-09 5.4009E-09 5.4873E-09 5.5731E-09 5.6583E-09 5.7429E-09 5.8278E-09 5.9134E-09
1.8937E-09 1.9370E-09 1.9812E-09 2.0265E-09 2.0730E-09 2.1204E-09 2.1686E-09 2.2182E-09 2.2685E-09 2.3202E-09 2.3727E-09 2.4262E-09 2.4809E-09 2.5370E-09 2.5938E-09 2.6517E-09 2.7112E-09 2.7713E-09 2.8328E-09 2.8957E-09 2.9592E-09 3.0244E-09 3.0907E-09 3.1582E-09 3.2268E-09 3.2972E-09 3.3684E-09 3.4412E-09 3.5147E-09 3.5890E-09 3.6644E-09 3.7411E-09 3.8188E-09 3.8971E-09 3.9764E-09 4.0593E-09 4.1419E-09 4.2249E-09 4.3096E-09 4.3927E-09 4.4763E-09 4.5620E-09 4.6489E-09 4.7378E-09 4.8271E-09 4.9167E-09 5.0041E-09 5.0950E-09 5.1826E-09 5.2717E-09 5.3588E-09 5.4438E-09 5.5283E-09 5.6122E-09 5.6955E-09 5.7782E-09 5.8614E-09
