Assets/Resources/2015_m01_d10_0900(utc+0800)_l00_csi_1hr_conc.grd
DSAA
         159         159
     -79.000      79.000
     -79.000      79.000
  0.1457E-08  0.1722E-04
[rows 100 to 124 of 159, columns 0 to 56 of 159]
3.9631E-09 4.0895E-09 4.2256E-09 4.3606E-09 4.4996E-09 4.6422E-09 4.7951E-09 4.9469E-09 5.1029E-09 5.2685E-09 5.4319E-09 5.6031E-09 5.7748E-09 5.9527E-09 6.1305E-09 6.3161E-09 6.4978E-09 6.6886E-09 6.8751E-09 7.0705E-09 7.2643E-09 7.4601E-09 7.6630E-09 7.8584E-09 8.0644E-09 8.2644E-09 8.4913E-09 8.7016E-09 8.9053E-09 9.1090E-09 9.3124E-09 9.5152E-09 9.7732E-09 1.0000E-08 1.0213E-08 1.0462E-08 1.0680E-08 1.0898E-08 1.1116E-08 1.1334E-08 1.1551E-08 1.1767E-08 1.1987E-08 1.2202E-08 1.2423E-08 1.2643E-08 1.2852E-08 1.3071E-08 1.3292E-08 1.3507E-08 1.3746E-08 1.3971E-08 1.4217E-08 1.4469E-08 1.4739E-08 1.5033E-08 1.5302E-08
3.9532E-09 4.0785E-09 4.2137E-09 4.3476E-09 4.4851E-09 4.6266E-09 4.7790E-09 4.9298E-09 5.0838E-09 5.2476E-09 5.4088E-09 5.5795E-09 5.7473E-09 5.9243E-09 6.0981E-09 6.2808E-09 6.4597E-09 6.6476E-09 6.8326E-09 7.0233E-09 7.2155E-09 7.4062E-09 7.6057E-09 7.7976E-09 8.0000E-09 8.2009E-09 8.4264E-09 8.6261E-09 8.8259E-09 9.0255E-09 9.2248E-09 9.4320E-09 9.6774E-09 9.9003E-09 1.0108E-08 1.0353E-08 1.0566E-08 1.0780E-08 1.0993E-08 1.1205E-08 1.1417E-08 1.1626E-08 1.1838E-08 1.2047E-08 1.2262E-08 1.2478E-08 1.2681E-08 1.2890E-08 1.3093E-08 1.3305E-08 1.3531E-08 1.3753E-08 1.3976E-08 1.4197E-08 1.4457E-08 1.4720E-08 1.5006E-08
3.9421E-09 4.0666E-09 4.2007E-09 4.3333E-09 4.4699E-09 4.6125E-09 4.7623E-09 4.9112E-09 5.0634E-09 5.2252E-09 5.3844E-09 5.5529E-09 5.7184E-09 5.8930E-09 6.0640E-09 6.2441E-09 6.4201E-09 6.6051E-09 6.7887E-09 6.9745E-09 7.1652E-09 7.3509E-09 7.5470E-09 7.7376E-09 7.9343E-09 8.1338E-09 8.3535E-09 8.5494E-09 8.7452E-09 8.9409E-09 9.1363E-09 9.3559E-09 9.5807E-09 9.7993E-09 1.0003E-08 1.0243E-08 1.0452E-08 1.0661E-08 1.0869E-08 1.1076E-08 1.1281E-08 1.1485E-08 1.1691E-08 1.1898E-08 1.2100E-08 1.2308E-08 1.2506E-08 1.2704E-08 1.2899E-08 1.3104E-08 1.3315E-08 1.3537E-08 1.3740E-08 1.3949E-08 1.4192E-08 1.4431E-08 1.4683E-08
3.9302E-09 4.0563E-09 4.1865E-09 4.3184E-09 4.4547E-09 4.5974E-09 4.7441E-09 4.8914E-09 5.0416E-09 5.2017E-09 5.3587E-09 5.5250E-09 5.6881E-09 5.8600E-09 6.0286E-09 6.2059E-09 6.3807E-09 6.5612E-09 6.7450E-09 6.9244E-09 7.1119E-09 7.2942E-09 7.4871E-09 7.6765E-09 7.8674E-09 8.0634E-09 8.2795E-09 8.4715E-09 8.6636E-09 8.8554E-09 9.0469E-09 9.2706E-09 9.4832E-09 9.6976E-09 9.8969E-09 1.0133E-08 1.0337E-08 1.0541E-08 1.0744E-08 1.0945E-08 1.1145E-08 1.1343E-08 1.1543E-08 1.1742E-08 1.1938E-08 1.2135E-08 1.2327E-08 1.2517E-08 1.2707E-08 1.2910E-08 1.3105E-08 1.3315E-08 1.3520E-08 1.3710E-08 1.3921E-08 1.4161E-08 1.4396E-08
3.9173E-09 4.0435E-09 4.1719E-09 4.3036E-09 4.4386E-09 4.5812E-09 4.7249E-09 4.8702E-09 5.0217E-09 5.1767E-09 5.3317E-09 5.4957E-09 5.6563E-09 5.8259E-09 5.9917E-09 6.1664E-09 6.3400E-09 6.5159E-09 6.6968E-09 6.8730E-09 7.0574E-09 7.2365E-09 7.4260E-09 7.6164E-09 7.7995E-09 7.9919E-09 8.2044E-09 8.3927E-09 8.5810E-09 8.7690E-09 8.9567E-09 9.1765E-09 9.3850E-09 9.5952E-09 9.7903E-09 1.0013E-08 1.0221E-08 1.0420E-08 1.0617E-08 1.0813E-08 1.1008E-08 1.1200E-08 1.1393E-08 1.1586E-08 1.1771E-08 1.1956E-08 1.2142E-08 1.2322E-08 1.2513E-08 1.2704E-08 1.2899E-08 1.3099E-08 1.3302E-08 1.3490E-08 1.3682E-08 1.3885E-08 1.4123E-08
3.9033E-09 4.0307E-09 4.1576E-09 4.2878E-09 4.4213E-09 4.5637E-09 4.7044E-09 4.8481E-09 4.9990E-09 5.1507E-09 5.3033E-09 5.4650E-09 5.6234E-09 5.7904E-09 5.9537E-09 6.1256E-09 6.2995E-09 6.4694E-09 6.6472E-09 6.8205E-09 7.0017E-09 7.1819E-09 7.3638E-09 7.5509E-09 7.7305E-09 7.9194E-09 8.1284E-09 8.3130E-09 8.4976E-09 8.6820E-09 8.8657E-09 9.0817E-09 9.2973E-09 9.4923E-09 9.6833E-09 9.9010E-09 1.0105E-08 1.0298E-08 1.0490E-08 1.0681E-08 1.0870E-08 1.1058E-08 1.1244E-08 1.1425E-08 1.1601E-08 1.1780E-08 1.1957E-08 1.2135E-08 1.2313E-08 1.2503E-08 1.2694E-08 1.2889E-08 1.3085E-08 1.3272E-08 1.3444E-08 1.3646E-08 1.3843E-08
3.8897E-09 4.0166E-09 4.1420E-09 4.2710E-09 4.4030E-09 4.5439E-09 4.6829E-09 4.8247E-09 4.9753E-09 5.1232E-09 5.2753E-09 5.4333E-09 5.5891E-09 5.7538E-09 5.9174E-09 6.0836E-09 6.2547E-09 6.4217E-09 6.5966E-09 6.7668E-09 6.9449E-09 7.1241E-09 7.3006E-09 7.4843E-09 7.6606E-09 7.8461E-09 8.0514E-09 8.2325E-09 8.4135E-09 8.5941E-09 8.7742E-09 9.0013E-09 9.1979E-09 9.3889E-09 9.5757E-09 9.7792E-09 9.9765E-09 1.0175E-08 1.0363E-08 1.0549E-08 1.0733E-08 1.0913E-08 1.1088E-08 1.1261E-08 1.1432E-08 1.1603E-08 1.1778E-08 1.1944E-08 1.2120E-08 1.2288E-08 1.2480E-08 1.2672E-08 1.2861E-08 1.3054E-08 1.3224E-08 1.3402E-08 1.3601E-08
3.8758E-09 4.0014E-09 4.1257E-09 4.2531E-09 4.3837E-09 4.5230E-09 4.6602E-09 4.8003E-09 4.9487E-09 5.0948E-09 5.2474E-09 5.4002E-09 5.5567E-09 5.7158E-09 5.8800E-09 6.0405E-09 6.2087E-09 6.3729E-09 6.5449E-09 6.7136E-09 6.8871E-09 7.0652E-09 7.2364E-09 7.4168E-09 7.5898E-09 7.7718E-09 7.9737E-09 8.1513E-09 8.3286E-09 8.5057E-09 8.6822E-09 8.9017E-09 9.0981E-09 9.2808E-09 9.4669E-09 9.6658E-09 9.8583E-09 1.0041E-08 1.0235E-08 1.0416E-08 1.0593E-08 1.0764E-08 1.0933E-08 1.1099E-08 1.1265E-08 1.1430E-08 1.1598E-08 1.1760E-08 1.1924E-08 1.2093E-08 1.2272E-08 1.2460E-08 1.2653E-08 1.2839E-08 1.3009E-08 1.3173E-08 1.3349E-08
3.8608E-09 3.9853E-09 4.1082E-09 4.2344E-09 4.3634E-09 4.5011E-09 4.6366E-09 4.7747E-09 4.9213E-09 5.0651E-09 5.2171E-09 5.3662E-09 5.5231E-09 5.6769E-09 5.8384E-09 5.9962E-09 6.1618E-09 6.3231E-09 6.4922E-09 6.6611E-09 6.8284E-09 7.0033E-09 7.1714E-09 7.3485E-09 7.5181E-09 7.7153E-09 7.8953E-09 8.0694E-09 8.2433E-09 8.4168E-09 8.5897E-09 8.7972E-09 8.9897E-09 9.1757E-09 9.3527E-09 9.5518E-09 9.7295E-09 9.9175E-09 1.0094E-08 1.0280E-08 1.0449E-08 1.0615E-08 1.0779E-08 1.0940E-08 1.1099E-08 1.1260E-08 1.1419E-08 1.1577E-08 1.1735E-08 1.1894E-08 1.2062E-08 1.2231E-08 1.2421E-08 1.2611E-08 1.2793E-08 1.2947E-08 1.3118E-08
3.8451E-09 3.9683E-09 4.0900E-09 4.2146E-09 4.3422E-09 4.4782E-09 4.6118E-09 4.7482E-09 4.8926E-09 5.0345E-09 5.1843E-09 5.3310E-09 5.4856E-09 5.6369E-09 5.7958E-09 5.9510E-09 6.1138E-09 6.2723E-09 6.4386E-09 6.6059E-09 6.7687E-09 6.9406E-09 7.1055E-09 7.2794E-09 7.4519E-09 7.6456E-09 7.8163E-09 7.9870E-09 8.1573E-09 8.3274E-09 8.4967E-09 8.6964E-09 8.8791E-09 9.0611E-09 9.2429E-09 9.4232E-09 9.6107E-09 9.7820E-09 9.9622E-09 1.0127E-08 1.0305E-08 1.0466E-08 1.0626E-08 1.0783E-08 1.0937E-08 1.1088E-08 1.1243E-08 1.1394E-08 1.1544E-08 1.1699E-08 1.1849E-08 1.2021E-08 1.2194E-08 1.2382E-08 1.2576E-08 1.2725E-08 1.2889E-08
3.8285E-09 3.9506E-09 4.0708E-09 4.1941E-09 4.3200E-09 4.4542E-09 4.5862E-09 4.7205E-09 4.8631E-09 5.0028E-09 5.1504E-09 5.2949E-09 5.4471E-09 5.5959E-09 5.7523E-09 5.9048E-09 6.0649E-09 6.2236E-09 6.3840E-09 6.5484E-09 6.7082E-09 6.8771E-09 7.0389E-09 7.2097E-09 7.3808E-09 7.5694E-09 7.7367E-09 7.9040E-09 8.0710E-09 8.2375E-09 8.4030E-09 8.5907E-09 8.7695E-09 8.9449E-09 9.1226E-09 9.3088E-09 9.4750E-09 9.6550E-09 9.8155E-09 9.9882E-09 1.0146E-08 1.0319E-08 1.0474E-08 1.0627E-08 1.0776E-08 1.0923E-08 1.1067E-08 1.1215E-08 1.1360E-08 1.1505E-08 1.1658E-08 1.1811E-08 1.1975E-08 1.2140E-08 1.2297E-08 1.2516E-08 1.2664E-08
3.8136E-09 3.9319E-09 4.0509E-09 4.1725E-09 4.2993E-09 4.4294E-09 4.5594E-09 4.6920E-09 4.8326E-09 4.9702E-09 5.1156E-09 5.2578E-09 5.4076E-09 5.5540E-09 5.7077E-09 5.8577E-09 6.0152E-09 6.1739E-09 6.3286E-09 6.4902E-09 6.6470E-09 6.8128E-09 6.9716E-09 7.1393E-09 7.3073E-09 7.4926E-09 7.6566E-09 7.8206E-09 7.9842E-09 8.1469E-09 8.3087E-09 8.4887E-09 8.6583E-09 8.8298E-09 9.0010E-09 9.1731E-09 9.3523E-09 9.5086E-09 9.6824E-09 9.8367E-09 1.0004E-08 1.0156E-08 1.0324E-08 1.0472E-08 1.0618E-08 1.0760E-08 1.0900E-08 1.1037E-08 1.1178E-08 1.1319E-08 1.1451E-08 1.1602E-08 1.1749E-08 1.1917E-08 1.2089E-08 1.2241E-08 1.2442E-08
3.7978E-09 3.9126E-09 4.0299E-09 4.1501E-09 4.2778E-09 4.4036E-09 4.5320E-09 4.6626E-09 4.8011E-09 4.9366E-09 5.0798E-09 5.2198E-09 5.3672E-09 5.5111E-09 5.6624E-09 5.8098E-09 5.9645E-09 6.1206E-09 6.2724E-09 6.4311E-09 6.5851E-09 6.7480E-09 6.9114E-09 7.0684E-09 7.2333E-09 7.4092E-09 7.5761E-09 7.7367E-09 7.8966E-09 8.0557E-09 8.2208E-09 8.3823E-09 8.5481E-09 8.7136E-09 8.8793E-09 9.0422E-09 9.2064E-09 9.3806E-09 9.5310E-09 9.7005E-09 9.8487E-09 1.0011E-08 1.0156E-08 1.0299E-08 1.0461E-08 1.0599E-08 1.0735E-08 1.0868E-08 1.0997E-08 1.1126E-08 1.1264E-08 1.1391E-08 1.1548E-08 1.1691E-08 1.1835E-08 1.2019E-08 1.2160E-08
3.7790E-09 3.8922E-09 4.0083E-09 4.1268E-09 4.2529E-09 4.3771E-09 4.5035E-09 4.6361E-09 4.7688E-09 4.9022E-09 5.0432E-09 5.1809E-09 5.3259E-09 5.4675E-09 5.6163E-09 5.7651E-09 5.9131E-09 6.0665E-09 6.2155E-09 6.3715E-09 6.5225E-09 6.6825E-09 6.8430E-09 6.9969E-09 7.1568E-09 7.3316E-09 7.4883E-09 7.6521E-09 7.8086E-09 7.9642E-09 8.1187E-09 8.2798E-09 8.4367E-09 8.5967E-09 8.7540E-09 8.9126E-09 9.0699E-09 9.2295E-09 9.4001E-09 9.5445E-09 9.7097E-09 9.8516E-09 1.0009E-08 1.0148E-08 1.0284E-08 1.0440E-08 1.0572E-08 1.0701E-08 1.0825E-08 1.0946E-08 1.1068E-08 1.1199E-08 1.1320E-08 1.1470E-08 1.1621E-08 1.1756E-08 1.1942E-08
3.7592E-09 3.8713E-09 3.9857E-09 4.1028E-09 4.2273E-09 4.3496E-09 4.4743E-09 4.6062E-09 4.7356E-09 4.8670E-09 5.0057E-09 5.1412E-09 5.2825E-09 5.4230E-09 5.5678E-09 5.7157E-09 5.8610E-09 6.0116E-09 6.1581E-09 6.3111E-09 6.4594E-09 6.6165E-09 6.7721E-09 6.9250E-09 7.0818E-09 7.2452E-09 7.4067E-09 7.5596E-09 7.7202E-09 7.8722E-09 8.0233E-09 8.1728E-09 8.3280E-09 8.4767E-09 8.6302E-09 8.7824E-09 8.9364E-09 9.0891E-09 9.2440E-09 9.4108E-09 9.5491E-09 9.7100E-09 9.8456E-09 9.9786E-09 1.0130E-08 1.0260E-08 1.0410E-08 1.0534E-08 1.0655E-08 1.0772E-08 1.0885E-08 1.0995E-08 1.1126E-08 1.1256E-08 1.1393E-08 1.1541E-08 1.1668E-08
3.7389E-09 3.8494E-09 3.9625E-09 4.0780E-09 4.2008E-09 4.3215E-09 4.4443E-09 4.5729E-09 4.7016E-09 4.8309E-09 4.9661E-09 5.1008E-09 5.2397E-09 5.3762E-09 5.5202E-09 5.6638E-09 5.8067E-09 5.9548E-09 6.0999E-09 6.2503E-09 6.4014E-09 6.5500E-09 6.7028E-09 6.8506E-09 7.0045E-09 7.1666E-09 7.3157E-09 7.4744E-09 7.6231E-09 7.7802E-09 7.9273E-09 8.0717E-09 8.2132E-09 8.3624E-09 8.5059E-09 8.6549E-09 8.8024E-09 8.9519E-09 9.0998E-09 9.2499E-09 9.4130E-09 9.5453E-09 9.7018E-09 9.8313E-09 9.9580E-09 1.0104E-08 1.0226E-08 1.0370E-08 1.0487E-08 1.0600E-08 1.0710E-08 1.0816E-08 1.0919E-08 1.1044E-08 1.1174E-08 1.1290E-08 1.1460E-08
3.7177E-09 3.8270E-09 3.9385E-09 4.0524E-09 4.1736E-09 4.2925E-09 4.4135E-09 4.5402E-09 4.6655E-09 4.7941E-09 4.9272E-09 5.0579E-09 5.1947E-09 5.3330E-09 5.4686E-09 5.6116E-09 5.7533E-09 5.8971E-09 6.0397E-09 6.1875E-09 6.3373E-09 6.4811E-09 6.6311E-09 6.7778E-09 6.9263E-09 7.0795E-09 7.2336E-09 7.3788E-09 7.5344E-09 7.6873E-09 7.8296E-09 7.9694E-09 8.1075E-09 8.2533E-09 8.3934E-09 8.5389E-09 8.6714E-09 8.8143E-09 8.9591E-09 9.1022E-09 9.2475E-09 9.4070E-09 9.5333E-09 9.6855E-09 9.8080E-09 9.9273E-09 1.0067E-08 1.0182E-08 1.0294E-08 1.0431E-08 1.0537E-08 1.0640E-08 1.0739E-08 1.0835E-08 1.0960E-08 1.1085E-08 1.1196E-08
3.6960E-09 3.8037E-09 3.9138E-09 4.0262E-09 4.1443E-09 4.2628E-09 4.3819E-09 4.5055E-09 4.6300E-09 4.7575E-09 4.8860E-09 5.0161E-09 5.1489E-09 5.2835E-09 5.4197E-09 5.5583E-09 5.6961E-09 5.8392E-09 5.9788E-09 6.1239E-09 6.2693E-09 6.4138E-09 6.5586E-09 6.7027E-09 6.8484E-09 6.9977E-09 7.1421E-09 7.2933E-09 7.4418E-09 7.5840E-09 7.7311E-09 7.8676E-09 8.0025E-09 8.1353E-09 8.2768E-09 8.4120E-09 8.5400E-09 8.6799E-09 8.8182E-09 8.9584E-09 9.0967E-09 9.2373E-09 9.3932E-09 9.5125E-09 9.6288E-09 9.7749E-09 9.8878E-09 1.0022E-08 1.0130E-08 1.0235E-08 1.0366E-08 1.0466E-08 1.0563E-08 1.0656E-08 1.0745E-08 1.0845E-08 1.0998E-08
3.6735E-09 3.7799E-09 3.8885E-09 3.9992E-09 4.1157E-09 4.2310E-09 4.3497E-09 4.4714E-09 4.5925E-09 4.7180E-09 4.8457E-09 4.9733E-09 5.1027E-09 5.2346E-09 5.3671E-09 5.5035E-09 5.6417E-09 5.7787E-09 5.9203E-09 6.0582E-09 6.2024E-09 6.3423E-09 6.4864E-09 6.6268E-09 6.7696E-09 6.9103E-09 7.0568E-09 7.2041E-09 7.3429E-09 7.4862E-09 7.6235E-09 7.7664E-09 7.8981E-09 8.0278E-09 8.1554E-09 8.2925E-09 8.4228E-09 8.5454E-09 8.6808E-09 8.8144E-09 8.9500E-09 9.0836E-09 9.2184E-09 9.3590E-09 9.4824E-09 9.5925E-09 9.7338E-09 9.8400E-09 9.9430E-09 1.0071E-08 1.0169E-08 1.0265E-08 1.0389E-08 1.0479E-08 1.0566E-08 1.0653E-08 1.0743E-08
3.6493E-09 3.7554E-09 3.8624E-09 3.9716E-09 4.0852E-09 4.1999E-09 4.3168E-09 4.4353E-09 4.5557E-09 4.6792E-09 4.8017E-09 4.9289E-09 5.0557E-09 5.1842E-09 5.3151E-09 5.4512E-09 5.5816E-09 5.7199E-09 5.8570E-09 5.9940E-09 6.1339E-09 6.2724E-09 6.4114E-09 6.5511E-09 6.6884E-09 6.8281E-09 6.9710E-09 7.1063E-09 7.2491E-09 7.3834E-09 7.5227E-09 7.6555E-09 7.7831E-09 7.9210E-09 8.0456E-09 8.1679E-09 8.3007E-09 8.4261E-09 8.5432E-09 8.6742E-09 8.8030E-09 8.9330E-09 9.0608E-09 9.1690E-09 9.2974E-09 9.4444E-09 9.5481E-09 9.6847E-09 9.7849E-09 9.8820E-09 1.0005E-08 1.0097E-08 1.0186E-08 1.0306E-08 1.0390E-08 1.0470E-08 1.0557E-08
3.6256E-09 3.7289E-09 3.8357E-09 3.9433E-09 4.0552E-09 4.1682E-09 4.2817E-09 4.3998E-09 4.5170E-09 4.6370E-09 4.7602E-09 4.8819E-09 5.0085E-09 5.1342E-09 5.2648E-09 5.3914E-09 5.5264E-09 5.6581E-09 5.7934E-09 5.9276E-09 6.0645E-09 6.2005E-09 6.3363E-09 6.4727E-09 6.6094E-09 6.7427E-09 6.8777E-09 7.0165E-09 7.1475E-09 7.2868E-09 7.4167E-09 7.5521E-09 7.6802E-09 7.8029E-09 7.9365E-09 8.0560E-09 8.1732E-09 8.3016E-09 8.4153E-09 8.5335E-09 8.6590E-09 8.7824E-09 8.9076E-09 9.0305E-09 9.1326E-09 9.2557E-09 9.3987E-09 9.4967E-09 9.6168E-09 9.7234E-09 9.8146E-09 9.9323E-09 1.0019E-08 1.0102E-08 1.0181E-08 1.0292E-08 1.0366E-08
3.6002E-09 3.7032E-09 3.8084E-09 3.9144E-09 4.0235E-09 4.1345E-09 4.2476E-09 4.3610E-09 4.4790E-09 4.5971E-09 4.7152E-09 4.8378E-09 4.9585E-09 5.0858E-09 5.2088E-09 5.3383E-09 5.4632E-09 5.5972E-09 5.7274E-09 5.8585E-09 5.9931E-09 6.1277E-09 6.2586E-09 6.3943E-09 6.5270E-09 6.6594E-09 6.7883E-09 6.9196E-09 7.0549E-09 7.1818E-09 7.3174E-09 7.4429E-09 7.5743E-09 7.6979E-09 7.8156E-09 7.9449E-09 8.0593E-09 8.1714E-09 8.2804E-09 8.4023E-09 8.5150E-09 8.6358E-09 8.7545E-09 8.8538E-09 8.9725E-09 9.0890E-09 9.2075E-09 9.3343E-09 9.4391E-09 9.5283E-09 9.6555E-09 9.7408E-09 9.8229E-09 9.9340E-09 1.0011E-08 1.0085E-08 1.0153E-08
3.5753E-09 3.6768E-09 3.7792E-09 3.8849E-09 3.9922E-09 4.1016E-09 4.2115E-09 4.3244E-09 4.4388E-09 4.5552E-09 4.6727E-09 4.7900E-09 4.9119E-09 5.0314E-09 5.1577E-09 5.2792E-09 5.4077E-09 5.5327E-09 5.6638E-09 5.7918E-09 5.9207E-09 6.0530E-09 6.1824E-09 6.3125E-09 6.4445E-09 6.5734E-09 6.7023E-09 6.8273E-09 6.9547E-09 7.0866E-09 7.2091E-09 7.3412E-09 7.4622E-09 7.5778E-09 7.7086E-09 7.8214E-09 7.9466E-09 8.0551E-09 8.1611E-09 8.2643E-09 8.3818E-09 8.4894E-09 8.6054E-09 8.7192E-09 8.8131E-09 8.9274E-09 9.0393E-09 9.1274E-09 9.2639E-09 9.3752E-09 9.4587E-09 9.5677E-09 9.6609E-09 9.7373E-09 9.8099E-09 9.9123E-09 9.9782E-09
3.5487E-09 3.6487E-09 3.7507E-09 3.8533E-09 3.9606E-09 4.0669E-09 4.1762E-09 4.2858E-09 4.3985E-09 4.5123E-09 4.6282E-09 4.7450E-09 4.8612E-09 4.9822E-09 5.1023E-09 5.2259E-09 5.3461E-09 5.4732E-09 5.5960E-09 5.7268E-09 5.8511E-09 5.9795E-09 6.1070E-09 6.2328E-09 6.3594E-09 6.4881E-09 6.6135E-09 6.7386E-09 6.8596E-09 6.9832E-09 7.1115E-09 7.2298E-09 7.3582E-09 7.4748E-09 7.5857E-09 7.7126E-09 7.8197E-09 7.9396E-09 8.0428E-09 8.1435E-09 8.2413E-09 8.3540E-09 8.4566E-09 8.5682E-09 8.6676E-09 8.7664E-09 8.8762E-09 8.9714E-09 9.0661E-09 9.1735E-09 9.2911E-09 9.3830E-09 9.4578E-09 9.5601E-09 9.6441E-09 9.7100E-09 9.8043E-09
3.5228E-09 3.6212E-09 3.7204E-09 3.8228E-09 3.9256E-09 4.0330E-09 4.1392E-09 4.2483E-09 4.3574E-09 4.4696E-09 4.5829E-09 4.6979E-09 4.8138E-09 4.9306E-09 5.0491E-09 5.1682E-09 5.2877E-09 5.4084E-09 5.5337E-09 5.6545E-09 5.7807E-09 5.9048E-09 6.0302E-09 6.1517E-09 6.2769E-09 6.4001E-09 6.5254E-09 6.6471E-09 6.7685E-09 6.8855E-09 7.0051E-09 7.1300E-09 7.2440E-09 7.3688E-09 7.4808E-09 7.5861E-09 7.7033E-09 7.8102E-09 7.9257E-09 8.0236E-09 8.1188E-09 8.2114E-09 8.3199E-09 8.4178E-09 8.5043E-09 8.6102E-09 8.7137E-09 8.7941E-09 8.8978E-09 8.9988E-09 9.0730E-09 9.2018E-09 9.3010E-09 9.3694E-09 9.4343E-09 9.5423E-09 9.6007E-09
