Assets/Resources/2015_m01_d13_0500(utc+0800)_l00_csi_1hr_conc.grd
DSAA
         159         159
     -79.000      79.000
     -79.000      79.000
  0.0000E+00  0.1523E-04
[rows 75 to 99 of 159, columns 0 to 56 of 159]
6.0807E-09 6.4104E-09 6.7486E-09 7.0885E-09 7.4345E-09 7.7852E-09 8.1392E-09 8.4974E-09 8.8585E-09 9.2225E-09 9.5875E-09 9.9529E-09 1.0317E-08 1.0676E-08 1.1021E-08 1.1350E-08 1.1664E-08 1.1963E-08 1.2249E-08 1.2523E-08 1.2793E-08 1.3051E-08 1.3297E-08 1.3531E-08 1.3753E-08 1.3961E-08 1.4151E-08 1.4324E-08 1.4476E-08 1.4606E-08 1.4716E-08 1.4802E-08 1.4867E-08 1.4911E-08 1.4929E-08 1.4921E-08 1.4883E-08 1.4814E-08 1.4711E-08 1.4582E-08 1.4418E-08 1.4253E-08 1.4049E-08 1.3827E-08 1.3625E-08 1.3413E-08 1.3225E-08 1.3081E-08 1.2966E-08 1.2893E-08 1.2884E-08 1.2924E-08 1.3016E-08 1.3173E-08 1.3393E-08 1.3666E-08 1.3994E-08
6.0064E-09 6.3317E-09 6.6642E-09 6.9980E-09 7.3379E-09 7.6816E-09 8.0281E-09 8.3793E-09 8.7352E-09 9.0949E-09 9.4569E-09 9.8191E-09 1.0180E-08 1.0538E-08 1.0883E-08 1.1215E-08 1.1534E-08 1.1838E-08 1.2130E-08 1.2413E-08 1.2692E-08 1.2960E-08 1.3220E-08 1.3471E-08 1.3713E-08 1.3943E-08 1.4159E-08 1.4361E-08 1.4545E-08 1.4713E-08 1.4864E-08 1.4994E-08 1.5106E-08 1.5198E-08 1.5267E-08 1.5312E-08 1.5328E-08 1.5313E-08 1.5270E-08 1.5196E-08 1.5095E-08 1.4990E-08 1.4851E-08 1.4698E-08 1.4571E-08 1.4442E-08 1.4337E-08 1.4290E-08 1.4275E-08 1.4318E-08 1.4427E-08 1.4598E-08 1.4840E-08 1.5158E-08 1.5547E-08 1.6000E-08 1.6532E-08
5.9101E-09 6.2292E-09 6.5547E-09 6.8821E-09 7.2136E-09 7.5492E-09 7.8870E-09 8.2298E-09 8.5786E-09 8.9301E-09 9.2871E-09 9.6438E-09 9.9992E-09 1.0353E-08 1.0695E-08 1.1027E-08 1.1348E-08 1.1655E-08 1.1952E-08 1.2240E-08 1.2526E-08 1.2804E-08 1.3074E-08 1.3340E-08 1.3600E-08 1.3850E-08 1.4089E-08 1.4320E-08 1.4535E-08 1.4740E-08 1.4930E-08 1.5103E-08 1.5263E-08 1.5401E-08 1.5522E-08 1.5619E-08 1.5691E-08 1.5731E-08 1.5751E-08 1.5736E-08 1.5696E-08 1.5665E-08 1.5593E-08 1.5519E-08 1.5475E-08 1.5437E-08 1.5425E-08 1.5485E-08 1.5583E-08 1.5750E-08 1.5987E-08 1.6298E-08 1.6700E-08 1.7187E-08 1.7765E-08 1.8398E-08 1.9175E-08
5.7933E-09 6.1044E-09 6.4217E-09 6.7404E-09 7.0635E-09 7.3899E-09 7.7169E-09 8.0500E-09 8.3896E-09 8.7320E-09 9.0803E-09 9.4288E-09 9.7765E-09 1.0124E-08 1.0459E-08 1.0786E-08 1.1108E-08 1.1418E-08 1.1716E-08 1.2007E-08 1.2298E-08 1.2582E-08 1.2861E-08 1.3139E-08 1.3414E-08 1.3680E-08 1.3943E-08 1.4197E-08 1.4444E-08 1.4683E-08 1.4910E-08 1.5126E-08 1.5329E-08 1.5514E-08 1.5685E-08 1.5834E-08 1.5959E-08 1.6060E-08 1.6135E-08 1.6184E-08 1.6213E-08 1.6252E-08 1.6257E-08 1.6267E-08 1.6312E-08 1.6369E-08 1.6458E-08 1.6629E-08 1.6847E-08 1.7143E-08 1.7514E-08 1.7972E-08 1.8530E-08 1.9191E-08 1.9954E-08 2.0794E-08 2.1806E-08
5.6565E-09 5.9591E-09 6.2665E-09 6.5753E-09 6.8891E-09 7.2042E-09 7.5214E-09 7.8422E-09 8.1699E-09 8.5022E-09 8.8391E-09 9.1776E-09 9.5149E-09 9.8526E-09 1.0180E-08 1.0500E-08 1.0818E-08 1.1126E-08 1.1425E-08 1.1718E-08 1.2012E-08 1.2299E-08 1.2583E-08 1.2870E-08 1.3155E-08 1.3437E-08 1.3718E-08 1.3997E-08 1.4271E-08 1.4541E-08 1.4802E-08 1.5056E-08 1.5299E-08 1.5529E-08 1.5747E-08 1.5946E-08 1.6124E-08 1.6281E-08 1.6415E-08 1.6526E-08 1.6623E-08 1.6735E-08 1.6821E-08 1.6914E-08 1.7054E-08 1.7206E-08 1.7400E-08 1.7683E-08 1.8023E-08 1.8444E-08 1.8950E-08 1.9550E-08 2.0260E-08 2.1082E-08 2.2017E-08 2.3057E-08 2.4300E-08
5.5029E-09 5.7944E-09 6.0908E-09 6.3893E-09 6.6908E-09 6.9947E-09 7.3003E-09 7.6093E-09 7.9244E-09 8.2430E-09 8.5669E-09 8.8928E-09 9.2178E-09 9.5432E-09 9.8611E-09 1.0171E-08 1.0482E-08 1.0786E-08 1.1082E-08 1.1374E-08 1.1669E-08 1.1956E-08 1.2243E-08 1.2536E-08 1.2829E-08 1.3123E-08 1.3421E-08 1.3718E-08 1.4016E-08 1.4313E-08 1.4604E-08 1.4890E-08 1.5170E-08 1.5441E-08 1.5702E-08 1.5946E-08 1.6173E-08 1.6383E-08 1.6574E-08 1.6748E-08 1.6913E-08 1.7099E-08 1.7265E-08 1.7441E-08 1.7673E-08 1.7918E-08 1.8215E-08 1.8605E-08 1.9061E-08 1.9599E-08 2.0230E-08 2.0966E-08 2.1808E-08 2.2774E-08 2.3843E-08 2.5069E-08 2.6508E-08
5.3330E-09 5.6123E-09 5.8976E-09 6.1833E-09 6.4721E-09 6.7640E-09 7.0564E-09 7.3531E-09 7.6536E-09 7.9582E-09 8.2675E-09 8.5777E-09 8.8889E-09 9.2006E-09 9.5053E-09 9.8051E-09 1.0107E-08 1.0402E-08 1.0693E-08 1.0981E-08 1.1273E-08 1.1559E-08 1.1847E-08 1.2142E-08 1.2439E-08 1.2743E-08 1.3052E-08 1.3364E-08 1.3681E-08 1.3999E-08 1.4314E-08 1.4630E-08 1.4940E-08 1.5246E-08 1.5546E-08 1.5829E-08 1.6101E-08 1.6360E-08 1.6603E-08 1.6839E-08 1.7070E-08 1.7327E-08 1.7568E-08 1.7824E-08 1.8142E-08 1.8477E-08 1.8866E-08 1.9355E-08 1.9911E-08 2.0556E-08 2.1296E-08 2.2146E-08 2.3107E-08 2.4189E-08 2.5370E-08 2.6716E-08 2.8285E-08
5.1487E-09 5.4159E-09 5.6877E-09 5.9602E-09 6.2360E-09 6.5138E-09 6.7925E-09 7.0754E-09 7.3618E-09 7.6502E-09 7.9437E-09 8.2371E-09 8.5325E-09 8.8286E-09 9.1185E-09 9.4057E-09 9.6958E-09 9.9803E-09 1.0262E-08 1.0544E-08 1.0831E-08 1.1112E-08 1.1398E-08 1.1692E-08 1.1991E-08 1.2299E-08 1.2616E-08 1.2937E-08 1.3268E-08 1.3601E-08 1.3936E-08 1.4275E-08 1.4610E-08 1.4946E-08 1.5274E-08 1.5593E-08 1.5906E-08 1.6207E-08 1.6501E-08 1.6792E-08 1.7083E-08 1.7405E-08 1.7715E-08 1.8045E-08 1.8440E-08 1.8855E-08 1.9324E-08 1.9895E-08 2.0537E-08 2.1264E-08 2.2092E-08 2.3031E-08 2.4082E-08 2.5242E-08 2.6504E-08 2.7918E-08 2.9561E-08
4.9526E-09 5.2059E-09 5.4636E-09 5.7233E-09 5.9835E-09 6.2474E-09 6.5121E-09 6.7796E-09 7.0509E-09 7.3232E-09 7.5994E-09 7.8747E-09 8.1521E-09 8.4322E-09 8.7060E-09 8.9779E-09 9.2548E-09 9.5268E-09 9.7969E-09 1.0069E-08 1.0348E-08 1.0622E-08 1.0903E-08 1.1193E-08 1.1490E-08 1.1799E-08 1.2118E-08 1.2444E-08 1.2782E-08 1.3125E-08 1.3474E-08 1.3830E-08 1.4185E-08 1.4538E-08 1.4894E-08 1.5240E-08 1.5586E-08 1.5925E-08 1.6263E-08 1.6603E-08 1.6946E-08 1.7325E-08 1.7695E-08 1.8090E-08 1.8549E-08 1.9027E-08 1.9562E-08 2.0195E-08 2.0896E-08 2.1688E-08 2.2575E-08 2.3571E-08 2.4676E-08 2.5880E-08 2.7173E-08 2.8592E-08 3.0247E-08
4.7462E-09 4.9847E-09 5.2287E-09 5.4734E-09 5.7188E-09 5.9680E-09 6.2174E-09 6.4686E-09 6.7243E-09 6.9798E-09 7.2384E-09 7.4952E-09 7.7532E-09 8.0156E-09 8.2722E-09 8.5280E-09 8.7895E-09 9.0470E-09 9.3033E-09 9.5626E-09 9.8307E-09 1.0096E-08 1.0369E-08 1.0652E-08 1.0943E-08 1.1249E-08 1.1565E-08 1.1891E-08 1.2230E-08 1.2577E-08 1.2934E-08 1.3299E-08 1.3665E-08 1.4037E-08 1.4405E-08 1.4775E-08 1.5148E-08 1.5519E-08 1.5892E-08 1.6272E-08 1.6658E-08 1.7084E-08 1.7503E-08 1.7948E-08 1.8456E-08 1.8984E-08 1.9560E-08 2.0233E-08 2.0973E-08 2.1799E-08 2.2717E-08 2.3735E-08 2.4854E-08 2.6050E-08 2.7338E-08 2.8709E-08 3.0300E-08
4.5309E-09 4.7556E-09 4.9844E-09 5.2143E-09 5.4450E-09 5.6775E-09 5.9118E-09 6.1465E-09 6.3852E-09 6.6237E-09 6.8636E-09 7.1023E-09 7.3412E-09 7.5840E-09 7.8224E-09 8.0611E-09 8.3056E-09 8.5469E-09 8.7879E-09 9.0326E-09 9.2878E-09 9.5405E-09 9.8026E-09 1.0076E-08 1.0358E-08 1.0655E-08 1.0964E-08 1.1284E-08 1.1620E-08 1.1966E-08 1.2323E-08 1.2691E-08 1.3063E-08 1.3440E-08 1.3823E-08 1.4206E-08 1.4600E-08 1.4993E-08 1.5393E-08 1.5803E-08 1.6222E-08 1.6683E-08 1.7138E-08 1.7618E-08 1.8157E-08 1.8711E-08 1.9315E-08 2.0003E-08 2.0755E-08 2.1592E-08 2.2508E-08 2.3513E-08 2.4606E-08 2.5764E-08 2.6988E-08 2.8269E-08 2.9727E-08
4.3100E-09 4.5201E-09 4.7332E-09 4.9486E-09 5.1634E-09 5.3796E-09 5.5983E-09 5.8166E-09 6.0373E-09 6.2585E-09 6.4798E-09 6.6996E-09 6.9193E-09 7.1431E-09 7.3623E-09 7.5824E-09 7.8091E-09 8.0330E-09 8.2570E-09 8.4858E-09 8.7255E-09 8.9638E-09 9.2123E-09 9.4723E-09 9.7413E-09 1.0026E-08 1.0324E-08 1.0634E-08 1.0962E-08 1.1299E-08 1.1653E-08 1.2017E-08 1.2387E-08 1.2767E-08 1.3153E-08 1.3546E-08 1.3951E-08 1.4358E-08 1.4776E-08 1.5205E-08 1.5646E-08 1.6128E-08 1.6605E-08 1.7103E-08 1.7655E-08 1.8221E-08 1.8824E-08 1.9511E-08 2.0249E-08 2.1071E-08 2.1957E-08 2.2914E-08 2.3945E-08 2.5026E-08 2.6148E-08 2.7302E-08 2.8575E-08
4.0846E-09 4.2803E-09 4.4785E-09 4.6781E-09 4.8779E-09 5.0776E-09 5.2802E-09 5.4816E-09 5.6847E-09 5.8879E-09 6.0905E-09 6.2916E-09 6.4924E-09 6.6968E-09 6.8964E-09 7.0978E-09 7.3055E-09 7.5113E-09 7.7172E-09 7.9286E-09 8.1516E-09 8.3730E-09 8.6051E-09 8.8491E-09 9.1022E-09 9.3712E-09 9.6539E-09 9.9499E-09 1.0264E-08 1.0591E-08 1.0932E-08 1.1288E-08 1.1652E-08 1.2028E-08 1.2414E-08 1.2808E-08 1.3215E-08 1.3627E-08 1.4053E-08 1.4490E-08 1.4941E-08 1.5432E-08 1.5915E-08 1.6416E-08 1.6964E-08 1.7519E-08 1.8111E-08 1.8772E-08 1.9478E-08 2.0257E-08 2.1089E-08 2.1972E-08 2.2909E-08 2.3879E-08 2.4866E-08 2.5858E-08 2.6914E-08
3.8568E-09 4.0390E-09 4.2215E-09 4.4059E-09 4.5907E-09 4.7742E-09 4.9603E-09 5.1449E-09 5.3302E-09 5.5154E-09 5.6994E-09 5.8823E-09 6.0638E-09 6.2499E-09 6.4302E-09 6.6121E-09 6.8002E-09 6.9876E-09 7.1747E-09 7.3675E-09 7.5723E-09 7.7756E-09 7.9890E-09 8.2146E-09 8.4493E-09 8.6996E-09 8.9646E-09 9.2420E-09 9.5401E-09 9.8509E-09 1.0178E-08 1.0520E-08 1.0872E-08 1.1239E-08 1.1618E-08 1.2004E-08 1.2408E-08 1.2816E-08 1.3240E-08 1.3676E-08 1.4123E-08 1.4608E-08 1.5088E-08 1.5572E-08 1.6103E-08 1.6633E-08 1.7193E-08 1.7817E-08 1.8472E-08 1.9186E-08 1.9945E-08 2.0731E-08 2.1552E-08 2.2386E-08 2.3224E-08 2.4025E-08 2.4865E-08
3.6291E-09 3.7973E-09 3.9651E-09 4.1343E-09 4.3039E-09 4.4720E-09 4.6413E-09 4.8096E-09 4.9769E-09 5.1442E-09 5.3102E-09 5.4749E-09 5.6381E-09 5.8056E-09 5.9675E-09 6.1303E-09 6.2987E-09 6.4670E-09 6.6351E-09 6.8087E-09 6.9941E-09 7.1782E-09 7.3713E-09 7.5769E-09 7.7917E-09 8.0209E-09 8.2656E-09 8.5230E-09 8.8001E-09 9.0933E-09 9.4005E-09 9.7262E-09 1.0062E-08 1.0414E-08 1.0781E-08 1.1154E-08 1.1545E-08 1.1942E-08 1.2353E-08 1.2779E-08 1.3213E-08 1.3679E-08 1.4138E-08 1.4601E-08 1.5096E-08 1.5591E-08 1.6108E-08 1.6681E-08 1.7273E-08 1.7904E-08 1.8576E-08 1.9254E-08 1.9940E-08 2.0629E-08 2.1300E-08 2.1915E-08 2.2529E-08
3.4031E-09 3.5572E-09 3.7112E-09 3.8656E-09 4.0200E-09 4.1732E-09 4.3254E-09 4.4779E-09 4.6283E-09 4.7779E-09 4.9266E-09 5.0733E-09 5.2190E-09 5.3684E-09 5.5124E-09 5.6564E-09 5.8057E-09 5.9548E-09 6.1038E-09 6.2574E-09 6.4230E-09 6.5875E-09 6.7595E-09 6.9443E-09 7.1380E-09 7.3447E-09 7.5673E-09 7.8024E-09 8.0570E-09 8.3299E-09 8.6159E-09 8.9210E-09 9.2383E-09 9.5692E-09 9.9173E-09 1.0272E-08 1.0644E-08 1.1024E-08 1.1414E-08 1.1821E-08 1.2231E-08 1.2667E-08 1.3099E-08 1.3525E-08 1.3978E-08 1.4433E-08 1.4897E-08 1.5406E-08 1.5926E-08 1.6467E-08 1.7038E-08 1.7604E-08 1.8156E-08 1.8690E-08 1.9194E-08 1.9632E-08 2.0033E-08
3.1802E-09 3.3211E-09 3.4613E-09 3.6013E-09 3.7407E-09 3.8799E-09 4.0157E-09 4.1528E-09 4.2867E-09 4.4194E-09 4.5512E-09 4.6810E-09 4.8101E-09 4.9416E-09 5.0692E-09 5.1944E-09 5.3258E-09 5.4556E-09 5.5859E-09 5.7192E-09 5.8648E-09 6.0098E-09 6.1606E-09 6.3238E-09 6.4965E-09 6.6798E-09 6.8792E-09 7.0915E-09 7.3232E-09 7.5736E-09 7.8364E-09 8.1173E-09 8.4125E-09 8.7188E-09 9.0445E-09 9.3759E-09 9.7230E-09 1.0081E-08 1.0444E-08 1.0820E-08 1.1202E-08 1.1599E-08 1.1993E-08 1.2384E-08 1.2786E-08 1.3192E-08 1.3597E-08 1.4035E-08 1.4481E-08 1.4933E-08 1.5392E-08 1.5855E-08 1.6274E-08 1.6666E-08 1.7003E-08 1.7278E-08 1.7501E-08
2.9620E-09 3.0899E-09 3.2172E-09 3.3438E-09 3.4690E-09 3.5935E-09 3.7149E-09 3.8357E-09 3.9547E-09 4.0717E-09 4.1867E-09 4.3011E-09 4.4133E-09 4.5289E-09 4.6400E-09 4.7482E-09 4.8619E-09 4.9728E-09 5.0856E-09 5.1990E-09 5.3248E-09 5.4507E-09 5.5809E-09 5.7221E-09 5.8741E-09 6.0347E-09 6.2113E-09 6.4020E-09 6.6085E-09 6.8347E-09 7.0728E-09 7.3274E-09 7.5980E-09 7.8777E-09 8.1765E-09 8.4824E-09 8.7981E-09 9.1279E-09 9.4603E-09 9.8007E-09 1.0148E-08 1.0503E-08 1.0852E-08 1.1203E-08 1.1556E-08 1.1904E-08 1.2253E-08 1.2618E-08 1.2987E-08 1.3353E-08 1.3705E-08 1.4054E-08 1.4361E-08 1.4622E-08 1.4809E-08 1.4960E-08 1.5020E-08
2.7506E-09 2.8652E-09 2.9803E-09 3.0935E-09 3.2055E-09 3.3156E-09 3.4244E-09 3.5294E-09 3.6344E-09 3.7365E-09 3.8361E-09 3.9362E-09 4.0326E-09 4.1329E-09 4.2276E-09 4.3204E-09 4.4164E-09 4.5100E-09 4.6058E-09 4.7010E-09 4.8073E-09 4.9152E-09 5.0259E-09 5.1461E-09 5.2777E-09 5.4167E-09 5.5704E-09 5.7396E-09 5.9222E-09 6.1224E-09 6.3357E-09 6.5627E-09 6.8063E-09 7.0588E-09 7.3264E-09 7.6045E-09 7.8878E-09 8.1844E-09 8.4843E-09 8.7838E-09 9.0926E-09 9.4076E-09 9.7087E-09 1.0016E-08 1.0323E-08 1.0609E-08 1.0900E-08 1.1198E-08 1.1489E-08 1.1772E-08 1.2036E-08 1.2272E-08 1.2477E-08 1.2629E-08 1.2702E-08 1.2721E-08 1.2667E-08
2.5461E-09 2.6482E-09 2.7512E-09 2.8525E-09 2.9520E-09 3.0490E-09 3.1443E-09 3.2359E-09 3.3269E-09 3.4155E-09 3.5020E-09 3.5867E-09 3.6696E-09 3.7549E-09 3.8345E-09 3.9132E-09 3.9924E-09 4.0706E-09 4.1498E-09 4.2291E-09 4.3168E-09 4.4072E-09 4.5007E-09 4.6004E-09 4.7124E-09 4.8322E-09 4.9636E-09 5.1115E-09 5.2709E-09 5.4441E-09 5.6332E-09 5.8324E-09 6.0478E-09 6.2729E-09 6.5071E-09 6.7550E-09 7.0061E-09 7.2643E-09 7.5312E-09 7.7922E-09 8.0565E-09 8.3337E-09 8.5900E-09 8.8466E-09 9.1080E-09 9.3410E-09 9.5715E-09 9.8098E-09 1.0030E-08 1.0235E-08 1.0429E-08 1.0572E-08 1.0671E-08 1.0737E-08 1.0729E-08 1.0660E-08 1.0510E-08
2.3491E-09 2.4411E-09 2.5317E-09 2.6217E-09 2.7089E-09 2.7939E-09 2.8763E-09 2.9570E-09 3.0342E-09 3.1105E-09 3.1848E-09 3.2551E-09 3.3267E-09 3.3963E-09 3.4639E-09 3.5277E-09 3.5927E-09 3.6564E-09 3.7204E-09 3.7859E-09 3.8559E-09 3.9303E-09 4.0081E-09 4.0902E-09 4.1827E-09 4.2846E-09 4.3967E-09 4.5234E-09 4.6602E-09 4.8078E-09 4.9715E-09 5.1448E-09 5.3297E-09 5.5271E-09 5.7294E-09 5.9439E-09 6.1646E-09 6.3855E-09 6.6154E-09 6.8433E-09 7.0644E-09 7.2995E-09 7.5201E-09 7.7259E-09 7.9327E-09 8.1288E-09 8.3083E-09 8.4799E-09 8.6447E-09 8.7806E-09 8.9014E-09 8.9779E-09 9.0126E-09 8.9809E-09 8.9294E-09 8.7963E-09 8.6032E-09
2.1610E-09 2.2429E-09 2.3226E-09 2.4014E-09 2.4776E-09 2.5519E-09 2.6228E-09 2.6918E-09 2.7570E-09 2.8224E-09 2.8847E-09 2.9450E-09 3.0021E-09 3.0604E-09 3.1148E-09 3.1660E-09 3.2198E-09 3.2689E-09 3.3201E-09 3.3720E-09 3.4277E-09 3.4861E-09 3.5510E-09 3.6177E-09 3.6920E-09 3.7783E-09 3.8713E-09 3.9763E-09 4.0930E-09 4.2176E-09 4.3553E-09 4.5042E-09 4.6600E-09 4.8280E-09 5.0025E-09 5.1827E-09 5.3723E-09 5.5610E-09 5.7515E-09 5.9476E-09 6.1338E-09 6.3218E-09 6.5084E-09 6.6725E-09 6.8226E-09 6.9874E-09 7.1270E-09 7.2444E-09 7.3485E-09 7.4394E-09 7.4958E-09 7.5120E-09 7.4932E-09 7.4208E-09 7.3072E-09 7.1404E-09 6.9281E-09
1.9821E-09 2.0541E-09 2.1251E-09 2.1923E-09 2.2589E-09 2.3217E-09 2.3832E-09 2.4414E-09 2.4985E-09 2.5516E-09 2.6041E-09 2.6533E-09 2.6983E-09 2.7470E-09 2.7886E-09 2.8312E-09 2.8721E-09 2.9099E-09 2.9490E-09 2.9890E-09 3.0338E-09 3.0781E-09 3.1298E-09 3.1842E-09 3.2426E-09 3.3115E-09 3.3896E-09 3.4746E-09 3.5719E-09 3.6766E-09 3.7889E-09 3.9133E-09 4.0433E-09 4.1817E-09 4.3297E-09 4.4790E-09 4.6369E-09 4.7973E-09 4.9536E-09 5.1140E-09 5.2723E-09 5.4192E-09 5.5627E-09 5.6994E-09 5.8160E-09 5.9254E-09 6.0377E-09 6.1186E-09 6.1747E-09 6.2120E-09 6.2319E-09 6.1994E-09 6.1382E-09 6.0384E-09 5.9049E-09 5.7183E-09 5.4966E-09
1.8107E-09 1.8745E-09 1.9367E-09 1.9965E-09 2.0526E-09 2.1071E-09 2.1576E-09 2.2076E-09 2.2547E-09 2.2990E-09 2.3418E-09 2.3813E-09 2.4187E-09 2.4544E-09 2.4884E-09 2.5199E-09 2.5508E-09 2.5807E-09 2.6081E-09 2.6389E-09 2.6734E-09 2.7061E-09 2.7449E-09 2.7891E-09 2.8343E-09 2.8876E-09 2.9514E-09 3.0200E-09 3.0973E-09 3.1839E-09 3.2742E-09 3.3740E-09 3.4822E-09 3.5936E-09 3.7141E-09 3.8393E-09 3.9661E-09 4.0988E-09 4.2296E-09 4.3541E-09 4.4825E-09 4.5982E-09 4.7040E-09 4.8100E-09 4.9051E-09 4.9794E-09 5.0402E-09 5.1035E-09 5.1309E-09 5.1331E-09 5.0957E-09 5.0534E-09 4.9652E-09 4.8434E-09 4.6945E-09 4.5128E-09 4.3069E-09
1.6494E-09 1.7048E-09 1.7583E-09 1.8092E-09 1.8584E-09 1.9052E-09 1.9485E-09 1.9893E-09 2.0284E-09 2.0649E-09 2.0981E-09 2.1304E-09 2.1587E-09 2.1862E-09 2.2111E-09 2.2332E-09 2.2579E-09 2.2781E-09 2.2985E-09 2.3195E-09 2.3444E-09 2.3705E-09 2.3969E-09 2.4312E-09 2.4670E-09 2.5066E-09 2.5554E-09 2.6116E-09 2.6707E-09 2.7384E-09 2.8119E-09 2.8889E-09 2.9750E-09 3.0659E-09 3.1598E-09 3.2618E-09 3.3651E-09 3.4689E-09 3.5767E-09 3.6756E-09 3.7660E-09 3.8613E-09 3.9441E-09 4.0134E-09 4.0834E-09 4.1412E-09 4.1741E-09 4.1891E-09 4.2043E-09 4.1848E-09 4.1274E-09 4.0514E-09 3.9545E-09 3.8318E-09 3.6779E-09 3.5038E-09 3.3098E-09
