Assets/Resources/2015_m01_d07_1600(utc+0800)_l00_csi_1hr_conc.grd
DSAA
         159         159
     -79.000      79.000
     -79.000      79.000
  0.0000E+00  0.6089E-05
[rows 75 to 99 of 159, columns 0 to 56 of 159]
2.9224E-10 3.0589E-10 3.2431E-10 3.5075E-10 3.6052E-10 3.8475E-10 3.9334E-10 4.0205E-10 4.4049E-10 4.6797E-10 5.2182E-10 5.6156E-10 6.0160E-10 6.6326E-10 7.1108E-10 7.5921E-10 8.0388E-10 8.3763E-10 8.6415E-10 8.9052E-10 9.1710E-10 9.4404E-10 9.7179E-10 1.0006E-09 1.0292E-09 1.0873E-09 1.1648E-09 1.2184E-09 1.3279E-09 1.4049E-09 1.4853E-09 1.6400E-09 1.7505E-09 1.9069E-09 2.0389E-09 2.2034E-09 2.3936E-09 2.6069E-09 2.8463E-09 3.1513E-09 3.4490E-09 3.7641E-09 4.0944E-09 4.4499E-09 4.8841E-09 5.2903E-09 5.7138E-09 6.1485E-09 6.5994E-09 7.0942E-09 7.5943E-09 8.1353E-09 8.6852E-09 9.3455E-09 1.0039E-08 1.0948E-08 1.2103E-08
2.6705E-10 2.8719E-10 2.9860E-10 3.3346E-10 3.4251E-10 3.5166E-10 3.7570E-10 3.8364E-10 4.1500E-10 4.3059E-10 4.6878E-10 5.2956E-10 5.6268E-10 6.0309E-10 6.6643E-10 7.1267E-10 7.5443E-10 7.9907E-10 8.2335E-10 8.4767E-10 8.7231E-10 8.9672E-10 9.2143E-10 9.4886E-10 9.7417E-10 1.0025E-09 1.0913E-09 1.1425E-09 1.1961E-09 1.3135E-09 1.3828E-09 1.4966E-09 1.6296E-09 1.7322E-09 1.8561E-09 2.0029E-09 2.1450E-09 2.3320E-09 2.5259E-09 2.7807E-09 3.0169E-09 3.2814E-09 3.5468E-09 3.8310E-09 4.1925E-09 4.5276E-09 4.8712E-09 5.2111E-09 5.5904E-09 5.9437E-09 6.4143E-09 6.8318E-09 7.2394E-09 7.7077E-09 8.1913E-09 8.8458E-09 9.6200E-09
2.2823E-10 2.6675E-10 2.8510E-10 2.9765E-10 3.2668E-10 3.3525E-10 3.4388E-10 3.6547E-10 3.7287E-10 4.1011E-10 4.3542E-10 4.8742E-10 5.2545E-10 5.5672E-10 6.1666E-10 6.6175E-10 7.0578E-10 7.4570E-10 7.8263E-10 8.0512E-10 8.2741E-10 8.4977E-10 8.7246E-10 8.9540E-10 9.2039E-10 9.4433E-10 9.9790E-10 1.0709E-09 1.1169E-09 1.2177E-09 1.2909E-09 1.3569E-09 1.5011E-09 1.6050E-09 1.7036E-09 1.8309E-09 1.9596E-09 2.1276E-09 2.2841E-09 2.4689E-09 2.6723E-09 2.8780E-09 3.1005E-09 3.3506E-09 3.6076E-09 3.9213E-09 4.1941E-09 4.4945E-09 4.7988E-09 5.0924E-09 5.4602E-09 5.7746E-09 6.0645E-09 6.3949E-09 6.7819E-09 7.2041E-09 7.7479E-09
2.1450E-10 2.2978E-10 2.6113E-10 2.7671E-10 3.0643E-10 3.1708E-10 3.2493E-10 3.4757E-10 3.5425E-10 3.8431E-10 3.9851E-10 4.2876E-10 4.8675E-10 5.1902E-10 5.5507E-10 6.2208E-10 6.5894E-10 7.0187E-10 7.3461E-10 7.6265E-10 7.8282E-10 8.0330E-10 8.2360E-10 8.4408E-10 8.6690E-10 8.8920E-10 9.1320E-10 9.9480E-10 1.0422E-09 1.0849E-09 1.1905E-09 1.2515E-09 1.3462E-09 1.4732E-09 1.5633E-09 1.6836E-09 1.7887E-09 1.9106E-09 2.0735E-09 2.2319E-09 2.3951E-09 2.5769E-09 2.7732E-09 2.9810E-09 3.2020E-09 3.4284E-09 3.6650E-09 3.9079E-09 4.1546E-09 4.4040E-09 4.6884E-09 4.9332E-09 5.1956E-09 5.4472E-09 5.7068E-09 5.9990E-09 6.4593E-09
1.9117E-10 2.0921E-10 2.3707E-10 2.5436E-10 2.6765E-10 2.9658E-10 3.0647E-10 3.1585E-10 3.3590E-10 3.4199E-10 3.7807E-10 3.9185E-10 4.4547E-10 4.8024E-10 5.1017E-10 5.7211E-10 6.1324E-10 6.4654E-10 6.8231E-10 7.2038E-10 7.3879E-10 7.5712E-10 7.7536E-10 7.9402E-10 8.1311E-10 8.3501E-10 8.5532E-10 8.7897E-10 9.6386E-10 1.0047E-09 1.0721E-09 1.1559E-09 1.2125E-09 1.3305E-09 1.4336E-09 1.5242E-09 1.6340E-09 1.7403E-09 1.8513E-09 2.0068E-09 2.1511E-09 2.3058E-09 2.4715E-09 2.6505E-09 2.8351E-09 3.0289E-09 3.2347E-09 3.4428E-09 3.6554E-09 3.8702E-09 4.0845E-09 4.2955E-09 4.5152E-09 4.7146E-09 4.9239E-09 5.1500E-09 5.3632E-09
1.7137E-10 1.8632E-10 2.0209E-10 2.3261E-10 2.4907E-10 2.6162E-10 2.8774E-10 2.9715E-10 3.0419E-10 3.2348E-10 3.5243E-10 3.6551E-10 3.8339E-10 4.4383E-10 4.7241E-10 4.9925E-10 5.6685E-10 6.0081E-10 6.3755E-10 6.6522E-10 6.9529E-10 7.1147E-10 7.2801E-10 7.4491E-10 7.6215E-10 7.8026E-10 8.0018E-10 8.1890E-10 8.6556E-10 9.2970E-10 9.6709E-10 1.0555E-09 1.1139E-09 1.1677E-09 1.2957E-09 1.3859E-09 1.4672E-09 1.5741E-09 1.6743E-09 1.7979E-09 1.9225E-09 2.0604E-09 2.2000E-09 2.3490E-09 2.5096E-09 2.6757E-09 2.8482E-09 3.0266E-09 3.2089E-09 3.3930E-09 3.5767E-09 3.7579E-09 3.9340E-09 4.1114E-09 4.2701E-09 4.4316E-09 4.5930E-09
1.5469E-10 1.6872E-10 1.8459E-10 1.9789E-10 2.2861E-10 2.4422E-10 2.6436E-10 2.7662E-10 2.8543E-10 3.0539E-10 3.1047E-10 3.4532E-10 3.5792E-10 4.0364E-10 4.3405E-10 4.6160E-10 5.1784E-10 5.4735E-10 5.7929E-10 6.1400E-10 6.4540E-10 6.6678E-10 6.8168E-10 6.9687E-10 7.1234E-10 7.2809E-10 7.4580E-10 7.6295E-10 7.8127E-10 8.4860E-10 8.8961E-10 9.2428E-10 1.0115E-09 1.0629E-09 1.1139E-09 1.2469E-09 1.3265E-09 1.4012E-09 1.5039E-09 1.5968E-09 1.7192E-09 1.8292E-09 1.9520E-09 2.0808E-09 2.2155E-09 2.3561E-09 2.5025E-09 2.6537E-09 2.8078E-09 2.9631E-09 3.1179E-09 3.2702E-09 3.4177E-09 3.5582E-09 3.6891E-09 3.8119E-09 3.9178E-09
1.3725E-10 1.5044E-10 1.6660E-10 1.8010E-10 2.0483E-10 2.1948E-10 2.3422E-10 2.5607E-10 2.6735E-10 2.7324E-10 2.9233E-10 3.2008E-10 3.3201E-10 3.4385E-10 3.9293E-10 4.1720E-10 4.4306E-10 5.0389E-10 5.3139E-10 5.5531E-10 5.9269E-10 6.2315E-10 6.3648E-10 6.5003E-10 6.6379E-10 6.7777E-10 6.9194E-10 7.0860E-10 7.2347E-10 7.4105E-10 8.0822E-10 8.4275E-10 8.7587E-10 9.6159E-10 1.0085E-09 1.0766E-09 1.1883E-09 1.2570E-09 1.3447E-09 1.4240E-09 1.5054E-09 1.6190E-09 1.7231E-09 1.8295E-09 1.9460E-09 2.0643E-09 2.1871E-09 2.3135E-09 2.4423E-09 2.5720E-09 2.7012E-09 2.8280E-09 2.9503E-09 3.0661E-09 3.1738E-09 3.2714E-09 3.3570E-09
1.2638E-10 1.3497E-10 1.4452E-10 1.5982E-10 1.7256E-10 1.9623E-10 2.1001E-10 2.2552E-10 2.4473E-10 2.5684E-10 2.6234E-10 2.7879E-10 3.0661E-10 3.1736E-10 3.2791E-10 3.8203E-10 4.0918E-10 4.4809E-10 4.8689E-10 5.1864E-10 5.4306E-10 5.6913E-10 5.9253E-10 6.0451E-10 6.1665E-10 6.2893E-10 6.4135E-10 6.5388E-10 6.6888E-10 6.8194E-10 6.9786E-10 7.6278E-10 7.9366E-10 8.4333E-10 9.0781E-10 9.5170E-10 1.0474E-09 1.1214E-09 1.1829E-09 1.2637E-09 1.3355E-09 1.4089E-09 1.5133E-09 1.6059E-09 1.6997E-09 1.8013E-09 1.9035E-09 2.0085E-09 2.1153E-09 2.2228E-09 2.3293E-09 2.4334E-09 2.5335E-09 2.6278E-09 2.7148E-09 2.7913E-09 2.8536E-09
1.1619E-10 1.2377E-10 1.3176E-10 1.4089E-10 1.5282E-10 1.6633E-10 1.9074E-10 2.0303E-10 2.1616E-10 2.3449E-10 2.4427E-10 2.6120E-10 2.6484E-10 2.9705E-10 3.0667E-10 3.3517E-10 3.6778E-10 3.9412E-10 4.3498E-10 4.6702E-10 4.9222E-10 5.1936E-10 5.3894E-10 5.6042E-10 5.7101E-10 5.8169E-10 5.9245E-10 6.0326E-10 6.1412E-10 6.2740E-10 6.3860E-10 6.6916E-10 7.1425E-10 7.4365E-10 7.8769E-10 8.5012E-10 8.9038E-10 9.7893E-10 1.0434E-09 1.1015E-09 1.1732E-09 1.2363E-09 1.3235E-09 1.3963E-09 1.4761E-09 1.5606E-09 1.6446E-09 1.7326E-09 1.8210E-09 1.9092E-09 1.9961E-09 2.0807E-09 2.1614E-09 2.2321E-09 2.2933E-09 2.3498E-09 2.3955E-09
1.0668E-10 1.1134E-10 1.1846E-10 1.2594E-10 1.3447E-10 1.4563E-10 1.6173E-10 1.8277E-10 1.9287E-10 2.1611E-10 2.2241E-10 2.3138E-10 2.4736E-10 2.7225E-10 2.8139E-10 2.9026E-10 3.2194E-10 3.5220E-10 3.7270E-10 4.2108E-10 4.4140E-10 4.6472E-10 4.8971E-10 5.1247E-10 5.2700E-10 5.3617E-10 5.4537E-10 5.5457E-10 5.6375E-10 5.7329E-10 5.8442E-10 5.9375E-10 6.2147E-10 6.6302E-10 6.9107E-10 7.4286E-10 7.8750E-10 8.2383E-10 9.0504E-10 9.6328E-10 1.0311E-09 1.0803E-09 1.1352E-09 1.2134E-09 1.2762E-09 1.3423E-09 1.4142E-09 1.4849E-09 1.5564E-09 1.6275E-09 1.6926E-09 1.7532E-09 1.8135E-09 1.8647E-09 1.9154E-09 1.9609E-09 1.9975E-09
1.0084E-10 1.0205E-10 1.0638E-10 1.1301E-10 1.1997E-10 1.2791E-10 1.4073E-10 1.6470E-10 1.7318E-10 1.8250E-10 2.0437E-10 2.1007E-10 2.1822E-10 2.3324E-10 2.5692E-10 2.6534E-10 2.7345E-10 3.1539E-10 3.3171E-10 3.7351E-10 4.0018E-10 4.1995E-10 4.3627E-10 4.5906E-10 4.7965E-10 4.9247E-10 5.0021E-10 5.0791E-10 5.1554E-10 5.2309E-10 5.3141E-10 5.4028E-10 5.4774E-10 5.7235E-10 6.0929E-10 6.3550E-10 6.8028E-10 7.2001E-10 7.6776E-10 8.2319E-10 8.7975E-10 9.3858E-10 9.8358E-10 1.0284E-09 1.0948E-09 1.1508E-09 1.2046E-09 1.2558E-09 1.3103E-09 1.3642E-09 1.4105E-09 1.4602E-09 1.5098E-09 1.5528E-09 1.5931E-09 1.6081E-09 1.6193E-09
9.5156E-11 9.6242E-11 9.7323E-11 1.0332E-10 1.0745E-10 1.1389E-10 1.2337E-10 1.3312E-10 1.5566E-10 1.6342E-10 1.7196E-10 1.9244E-10 1.9754E-10 2.0631E-10 2.1890E-10 2.4607E-10 2.4899E-10 2.7704E-10 2.9588E-10 3.1529E-10 3.4998E-10 3.7450E-10 3.9662E-10 4.1137E-10 4.2758E-10 4.5067E-10 4.5706E-10 4.6337E-10 4.6958E-10 4.7566E-10 4.8159E-10 4.8846E-10 4.9534E-10 5.0097E-10 5.2193E-10 5.5268E-10 5.7526E-10 6.1656E-10 6.4918E-10 6.9658E-10 7.4161E-10 7.8716E-10 8.4695E-10 8.8164E-10 9.3041E-10 9.6909E-10 1.0083E-09 1.0479E-09 1.0879E-09 1.1320E-09 1.1708E-09 1.2024E-09 1.2310E-09 1.2412E-09 1.2686E-09 1.3008E-09 1.3291E-09
8.9642E-11 9.0604E-11 9.1559E-11 9.2505E-11 9.8020E-11 1.0180E-10 1.0875E-10 1.1645E-10 1.2542E-10 1.4649E-10 1.5354E-10 1.6261E-10 1.8036E-10 1.8487E-10 1.9277E-10 2.2318E-10 2.3003E-10 2.3653E-10 2.5876E-10 2.7924E-10 2.9372E-10 3.2984E-10 3.4830E-10 3.6826E-10 3.8129E-10 3.9911E-10 4.1601E-10 4.2105E-10 4.2596E-10 4.3070E-10 4.3526E-10 4.3962E-10 4.4466E-10 4.5002E-10 4.5388E-10 4.7125E-10 4.9797E-10 5.1661E-10 5.4388E-10 5.7734E-10 6.1303E-10 6.5159E-10 6.8611E-10 7.3164E-10 7.5953E-10 8.0532E-10 8.3931E-10 8.6988E-10 8.7861E-10 9.0131E-10 9.2634E-10 9.5887E-10 9.9162E-10 1.0229E-09 1.0500E-09 1.0747E-09 1.0914E-09
8.4302E-11 8.5147E-11 8.5982E-11 8.6807E-11 8.7619E-11 9.2654E-11 9.6082E-11 1.0245E-10 1.0947E-10 1.1766E-10 1.3724E-10 1.4359E-10 1.5182E-10 1.6822E-10 1.7215E-10 1.8713E-10 2.0774E-10 2.1387E-10 2.1961E-10 2.4030E-10 2.5892E-10 2.7191E-10 3.0985E-10 3.2175E-10 3.4336E-10 3.5085E-10 3.6639E-10 3.8100E-10 3.8473E-10 3.8828E-10 3.9161E-10 3.9472E-10 3.9757E-10 4.0014E-10 4.0478E-10 4.0698E-10 4.0946E-10 4.2930E-10 4.5081E-10 4.7118E-10 4.8545E-10 5.2264E-10 5.5124E-10 5.8607E-10 6.0926E-10 6.1796E-10 6.5639E-10 6.8140E-10 7.0630E-10 7.3373E-10 7.6150E-10 7.8768E-10 8.1007E-10 8.3247E-10 8.4843E-10 8.5636E-10 8.6265E-10
7.9139E-11 7.9873E-11 8.0596E-11 8.1307E-11 8.2004E-11 8.2685E-11 8.5638E-11 9.0324E-11 9.6112E-11 1.0247E-10 1.1102E-10 1.2567E-10 1.3224E-10 1.4102E-10 1.5608E-10 1.6054E-10 1.7318E-10 1.9227E-10 1.9769E-10 2.0268E-10 2.2909E-10 2.3853E-10 2.5002E-10 2.8481E-10 2.9505E-10 3.1414E-10 3.2028E-10 3.3360E-10 3.4596E-10 3.4844E-10 3.5069E-10 3.5269E-10 3.5079E-10 3.4818E-10 3.4947E-10 3.5148E-10 3.4384E-10 3.4324E-10 3.6166E-10 3.6866E-10 3.7785E-10 4.0082E-10 4.1982E-10 4.4538E-10 4.7410E-10 4.9717E-10 5.2630E-10 5.6048E-10 5.8112E-10 6.0023E-10 6.1615E-10 6.3316E-10 6.4450E-10 6.4848E-10 6.6115E-10 6.7531E-10 6.8712E-10
7.4157E-11 7.4788E-11 7.5406E-11 7.6010E-11 7.6598E-11 7.7170E-11 7.7724E-11 8.0343E-11 8.4552E-11 8.8104E-11 9.4757E-11 1.0158E-10 1.1665E-10 1.2245E-10 1.3669E-10 1.4401E-10 1.4660E-10 1.5934E-10 1.7688E-10 1.8159E-10 1.8585E-10 2.1008E-10 2.1820E-10 2.4509E-10 2.5979E-10 2.6842E-10 2.8502E-10 2.8986E-10 2.9374E-10 3.0405E-10 3.0548E-10 3.0545E-10 2.9838E-10 2.9560E-10 2.9501E-10 2.9287E-10 2.9403E-10 2.8800E-10 2.8839E-10 2.9315E-10 2.9819E-10 3.1644E-10 3.3338E-10 3.4244E-10 3.6740E-10 3.9367E-10 4.0557E-10 4.3377E-10 4.5894E-10 4.6338E-10 4.7010E-10 4.8436E-10 4.9853E-10 5.0951E-10 5.2189E-10 5.2556E-10 5.2910E-10
6.3050E-11 6.9893E-11 7.0413E-11 7.0917E-11 7.1406E-11 7.1876E-11 7.2327E-11 7.2757E-11 7.5052E-11 7.8794E-11 8.1939E-11 8.6527E-11 9.3976E-11 1.0620E-10 1.1212E-10 1.2573E-10 1.3060E-10 1.3422E-10 1.4429E-10 1.6509E-10 1.6568E-10 1.8423E-10 1.9124E-10 1.8995E-10 2.1556E-10 2.2837E-10 2.3556E-10 2.4342E-10 2.4259E-10 2.5099E-10 2.5833E-10 2.5667E-10 2.5601E-10 2.5056E-10 2.4889E-10 2.4869E-10 2.4818E-10 2.4895E-10 2.4512E-10 2.3888E-10 2.4079E-10 2.4453E-10 2.4329E-10 2.6462E-10 2.7475E-10 2.7747E-10 2.9209E-10 3.0740E-10 3.2714E-10 3.4401E-10 3.6963E-10 3.8284E-10 3.9018E-10 3.9136E-10 3.9497E-10 3.9718E-10 4.0091E-10
5.2468E-11 5.9227E-11 6.5620E-11 6.6033E-11 6.6428E-11 6.6805E-11 6.7161E-11 6.7496E-11 6.7808E-11 6.9790E-11 7.1838E-11 7.4655E-11 7.9850E-11 8.5830E-11 9.6646E-11 1.0147E-10 1.1495E-10 1.1820E-10 1.2038E-10 1.2694E-10 1.4371E-10 1.4398E-10 1.6073E-10 1.5697E-10 1.5654E-10 1.8316E-10 1.9210E-10 1.9167E-10 2.0251E-10 2.0581E-10 2.0982E-10 2.1414E-10 2.1867E-10 2.1836E-10 2.1671E-10 2.1238E-10 2.0784E-10 2.0212E-10 1.9784E-10 1.9014E-10 1.8540E-10 1.7390E-10 1.7091E-10 1.7273E-10 1.8019E-10 1.9714E-10 2.1058E-10 2.1762E-10 2.3120E-10 2.5434E-10 2.5750E-10 2.5976E-10 2.7099E-10 2.8606E-10 2.8939E-10 2.8632E-10 2.8429E-10
4.8010E-11 4.9111E-11 5.5412E-11 6.1357E-11 6.1667E-11 6.1958E-11 6.2228E-11 6.2476E-11 6.2701E-11 6.2901E-11 6.4583E-11 6.6322E-11 6.8119E-11 7.3286E-11 7.7429E-11 8.6089E-11 9.0476E-11 1.0198E-10 9.7050E-11 9.7719E-11 1.0447E-10 1.1964E-10 1.1673E-10 1.3182E-10 1.3417E-10 1.2993E-10 1.5388E-10 1.6333E-10 1.6351E-10 1.7432E-10 1.7879E-10 1.7847E-10 1.8265E-10 1.7899E-10 1.7469E-10 1.6819E-10 1.6085E-10 1.4742E-10 1.3980E-10 1.3656E-10 1.3535E-10 1.2928E-10 1.2634E-10 1.2692E-10 1.3083E-10 1.2964E-10 1.3428E-10 1.4113E-10 1.5063E-10 1.4843E-10 1.5874E-10 1.6817E-10 1.7599E-10 1.7566E-10 1.6835E-10 1.8245E-10 1.9866E-10
3.9394E-11 4.4804E-11 4.5777E-11 5.1622E-11 5.7123E-11 5.7336E-11 5.7527E-11 5.7697E-11 5.7843E-11 5.7965E-11 5.8061E-11 5.8130E-11 6.0905E-11 6.1497E-11 6.3602E-11 6.6014E-11 7.3230E-11 7.3401E-11 8.1074E-11 8.1150E-11 7.7481E-11 8.4722E-11 9.8330E-11 9.8243E-11 1.1163E-10 1.1325E-10 1.1455E-10 1.3375E-10 1.3984E-10 1.3501E-10 1.3903E-10 1.3974E-10 1.3085E-10 1.2625E-10 1.2495E-10 1.2235E-10 1.1961E-10 1.1290E-10 1.1099E-10 1.0826E-10 1.0538E-10 9.7110E-11 9.4616E-11 9.1469E-11 8.2873E-11 7.7667E-11 6.9894E-11 6.9329E-11 7.0608E-11 6.9116E-11 6.5448E-11 7.2876E-11 8.5869E-11 9.4727E-11 1.0736E-10 1.1866E-10 1.2977E-10
3.0582E-11 3.6619E-11 3.9981E-11 4.2480E-11 4.7874E-11 5.2938E-11 5.3059E-11 5.3157E-11 5.3233E-11 5.3284E-11 5.3311E-11 5.3310E-11 5.3283E-11 5.3227E-11 5.4868E-11 5.3987E-11 5.5768E-11 6.1367E-11 6.2247E-11 6.8712E-11 6.8468E-11 6.8370E-11 7.4754E-11 8.6730E-11 8.6426E-11 9.4992E-11 9.3019E-11 9.3015E-11 1.0546E-10 1.0535E-10 1.0475E-10 1.0590E-10 1.0106E-10 1.0134E-10 9.9327E-11 9.7752E-11 9.3400E-11 8.7516E-11 8.4972E-11 8.2291E-11 7.6712E-11 6.4030E-11 5.3112E-11 5.0917E-11 3.9893E-11 3.0679E-11 2.5578E-11 2.0694E-11 1.4302E-11 2.0696E-11 2.7328E-11 3.3738E-11 3.9711E-11 4.9882E-11 5.9588E-11 6.8077E-11 7.6531E-11
2.6057E-11 2.7623E-11 3.3885E-11 3.6966E-11 3.9236E-11 4.4186E-11 4.8821E-11 4.8857E-11 4.8870E-11 4.8859E-11 4.8824E-11 4.8763E-11 4.8675E-11 4.8560E-11 4.8417E-11 4.8243E-11 4.8490E-11 4.9335E-11 5.4541E-11 5.4691E-11 5.6076E-11 5.7341E-11 5.3858E-11 5.9383E-11 6.6570E-11 6.6931E-11 7.4757E-11 7.4449E-11 7.4900E-11 8.3862E-11 8.4796E-11 8.4397E-11 8.1067E-11 7.8612E-11 7.7720E-11 7.4344E-11 7.0540E-11 5.9220E-11 5.1809E-11 4.4370E-11 3.8036E-11 2.5486E-11 2.3029E-11 7.6926E-12 0.0000E+00 2.0950E-12 2.3423E-12 2.5210E-12 6.0650E-12 9.0713E-12 1.1182E-11 1.3878E-11 2.1475E-11 2.6340E-11 2.9247E-11 3.4714E-11 4.1500E-11
1.9724E-11 2.2538E-11 2.5441E-11 2.9702E-11 3.4012E-11 3.5428E-11 4.0575E-11 4.3363E-11 4.4751E-11 4.4686E-11 4.4597E-11 4.4483E-11 4.4344E-11 4.4179E-11 4.3986E-11 4.3766E-11 4.3517E-11 4.1016E-11 3.9318E-11 4.2755E-11 4.1863E-11 4.0620E-11 4.2566E-11 4.1280E-11 4.1515E-11 5.2117E-11 5.2970E-11 5.2447E-11 5.8153E-11 5.8278E-11 6.6656E-11 6.5421E-11 6.0844E-11 5.7055E-11 4.6496E-11 4.0914E-11 2.8590E-11 2.1114E-11 2.0662E-11 0.0000E+00 0.0000E+00 0.0000E+00 0.0000E+00 0.0000E+00 0.0000E+00 0.0000E+00 0.0000E+00 1.6765E-12 2.3077E-12 2.4678E-12 4.5244E-12 7.9452E-12 1.0425E-11 1.1470E-11 1.5367E-11 2.0517E-11 2.4706E-11
1.3641E-11 1.8088E-11 1.9435E-11 2.3314E-11 2.7202E-11 2.9755E-11 3.2385E-11 3.5673E-11 3.9556E-11 4.0760E-11 4.0625E-11 4.0467E-11 4.0284E-11 3.7963E-11 3.5494E-11 3.4150E-11 3.3357E-11 3.1348E-11 2.9454E-11 2.8310E-11 3.2422E-11 3.1211E-11 3.0457E-11 3.3057E-11 3.2244E-11 3.0895E-11 4.1381E-11 4.0312E-11 3.8797E-11 4.0988E-11 3.3657E-11 2.8606E-11 1.8846E-11 1.8591E-11 1.2251E-11 0.0000E+00 0.0000E+00 0.0000E+00 0.0000E+00 0.0000E+00 0.0000E+00 0.0000E+00 0.0000E+00 0.0000E+00 0.0000E+00 0.0000E+00 0.0000E+00 0.0000E+00 0.0000E+00 9.0391E-13 2.2371E-12 2.3770E-12 2.7649E-12 5.7774E-12 8.3642E-12 1.0149E-11 1.1496E-11
