Assets/Resources/2015_m01_d12_0200(utc+0800)_l00_csi_1hr_conc.grd
DSAA
         159         159
     -79.000      79.000
     -79.000      79.000
  0.0000E+00  0.1158E-04
[rows 0 to 24 of 159, columns 57 to 113 of 159]
4.0605E-11 5.7547E-11 7.8161E-11 1.0894E-10 1.4638E-10 1.9462E-10 2.5750E-10 3.3643E-10 4.3571E-10 5.7406E-10 7.6289E-10 9.8839E-10 1.2651E-09 1.5977E-09 1.9907E-09 2.4506E-09 2.9839E-09 3.5932E-09 4.2796E-09 5.0403E-09 5.8679E-09 6.7495E-09 7.6752E-09 8.6264E-09 9.5801E-09 1.0514E-08 1.1405E-08 1.2226E-08 1.2957E-08 1.3571E-08 1.4051E-08 1.4379E-08 1.4548E-08 1.4549E-08 1.4388E-08 1.4067E-08 1.3599E-08 1.2999E-08 1.2291E-08 1.1496E-08 1.0637E-08 9.7298E-09 8.8060E-09 7.8829E-09 6.9812E-09 6.1173E-09 5.3010E-09 4.5451E-09 3.8565E-09 3.2368E-09 2.6901E-09 2.2104E-09 1.7991E-09 1.4508E-09 1.1568E-09 9.1243E-10 7.1337E-10
3.9996E-11 5.6712E-11 7.7211E-11 1.0779E-10 1.4502E-10 1.9358E-10 2.5723E-10 3.3916E-10 4.4132E-10 5.8288E-10 7.8143E-10 1.0236E-09 1.3176E-09 1.6711E-09 2.0926E-09 2.5867E-09 3.1620E-09 3.8230E-09 4.5704E-09 5.3976E-09 6.2996E-09 7.2652E-09 8.2785E-09 9.3174E-09 1.0360E-08 1.1383E-08 1.2359E-08 1.3258E-08 1.4052E-08 1.4718E-08 1.5230E-08 1.5573E-08 1.5738E-08 1.5722E-08 1.5524E-08 1.5153E-08 1.4630E-08 1.3967E-08 1.3183E-08 1.2306E-08 1.1362E-08 1.0376E-08 9.3720E-09 8.3740E-09 7.3994E-09 6.4689E-09 5.5957E-09 4.7882E-09 4.0547E-09 3.3966E-09 2.8159E-09 2.3129E-09 1.8798E-09 1.5117E-09 1.2027E-09 9.4943E-10 7.4189E-10
3.8696E-11 5.5122E-11 7.5776E-11 1.0407E-10 1.4181E-10 1.9026E-10 2.5542E-10 3.4016E-10 4.4682E-10 5.9634E-10 7.9848E-10 1.0566E-09 1.3655E-09 1.7420E-09 2.1931E-09 2.7223E-09 3.3430E-09 4.0572E-09 4.8631E-09 5.7605E-09 6.7414E-09 7.7924E-09 8.8934E-09 1.0028E-08 1.1169E-08 1.2284E-08 1.3347E-08 1.4322E-08 1.5179E-08 1.5888E-08 1.6431E-08 1.6787E-08 1.6948E-08 1.6904E-08 1.6667E-08 1.6247E-08 1.5656E-08 1.4914E-08 1.4052E-08 1.3090E-08 1.2063E-08 1.0992E-08 9.9061E-09 8.8309E-09 7.7880E-09 6.7936E-09 5.8634E-09 5.0063E-09 4.2301E-09 3.5388E-09 2.9285E-09 2.4002E-09 1.9468E-09 1.5635E-09 1.2431E-09 9.8080E-10 7.6432E-10
3.7309E-11 5.3224E-11 7.3000E-11 1.0056E-10 1.3614E-10 1.8529E-10 2.5089E-10 3.3829E-10 4.5155E-10 6.0752E-10 8.1337E-10 1.0858E-09 1.4131E-09 1.8137E-09 2.2922E-09 2.8595E-09 3.5250E-09 4.2920E-09 5.1649E-09 6.1384E-09 7.2012E-09 8.3430E-09 9.5440E-09 1.0779E-08 1.2017E-08 1.3228E-08 1.4376E-08 1.5424E-08 1.6340E-08 1.7094E-08 1.7658E-08 1.8014E-08 1.8158E-08 1.8088E-08 1.7805E-08 1.7323E-08 1.6660E-08 1.5841E-08 1.4893E-08 1.3842E-08 1.2723E-08 1.1566E-08 1.0400E-08 9.2497E-09 8.1378E-09 7.0825E-09 6.0984E-09 5.1974E-09 4.3810E-09 3.6573E-09 3.0216E-09 2.4707E-09 2.0000E-09 1.6061E-09 1.2766E-09 1.0016E-09 7.7924E-10
3.5282E-11 4.9414E-11 6.7714E-11 9.6471E-11 1.3021E-10 1.7600E-10 2.4479E-10 3.3651E-10 4.5619E-10 6.1618E-10 8.2953E-10 1.1124E-09 1.4603E-09 1.8835E-09 2.3918E-09 2.9985E-09 3.7111E-09 4.5379E-09 5.4782E-09 6.5261E-09 7.6765E-09 8.9127E-09 1.0213E-08 1.1548E-08 1.2889E-08 1.4195E-08 1.5428E-08 1.6550E-08 1.7523E-08 1.8312E-08 1.8897E-08 1.9259E-08 1.9384E-08 1.9271E-08 1.8931E-08 1.8381E-08 1.7637E-08 1.6729E-08 1.5687E-08 1.4545E-08 1.3339E-08 1.2093E-08 1.0846E-08 9.6212E-09 8.4425E-09 7.3313E-09 6.2972E-09 5.3534E-09 4.5044E-09 3.7512E-09 3.0926E-09 2.5248E-09 2.0433E-09 1.6351E-09 1.2949E-09 1.0163E-09 7.9183E-10
3.3060E-11 4.6202E-11 6.2429E-11 8.9195E-11 1.2290E-10 1.6698E-10 2.3828E-10 3.3343E-10 4.5978E-10 6.2331E-10 8.4660E-10 1.1361E-09 1.5057E-09 1.9535E-09 2.4970E-09 3.1431E-09 3.9060E-09 4.7906E-09 5.7985E-09 6.9310E-09 8.1740E-09 9.5077E-09 1.0911E-08 1.2354E-08 1.3797E-08 1.5199E-08 1.6516E-08 1.7704E-08 1.8727E-08 1.9552E-08 2.0147E-08 2.0496E-08 2.0591E-08 2.0437E-08 2.0038E-08 1.9407E-08 1.8573E-08 1.7574E-08 1.6436E-08 1.5196E-08 1.3893E-08 1.2562E-08 1.1234E-08 9.9402E-09 8.6994E-09 7.5321E-09 6.4551E-09 5.4744E-09 4.5963E-09 3.8175E-09 3.1429E-09 2.5610E-09 2.0655E-09 1.6486E-09 1.3069E-09 1.0245E-09 7.9325E-10
3.0691E-11 4.2938E-11 5.8182E-11 8.1978E-11 1.1325E-10 1.5619E-10 2.2856E-10 3.2943E-10 4.6140E-10 6.3243E-10 8.6306E-10 1.1636E-09 1.5522E-09 2.0291E-09 2.6055E-09 3.2915E-09 4.1059E-09 5.0550E-09 6.1416E-09 7.3589E-09 8.6944E-09 1.0132E-08 1.1643E-08 1.3190E-08 1.4733E-08 1.6228E-08 1.7627E-08 1.8885E-08 1.9957E-08 2.0806E-08 2.1406E-08 2.1741E-08 2.1797E-08 2.1579E-08 2.1099E-08 2.0385E-08 1.9461E-08 1.8359E-08 1.7117E-08 1.5782E-08 1.4386E-08 1.2967E-08 1.1561E-08 1.0196E-08 8.9001E-09 7.6860E-09 6.5682E-09 5.5542E-09 4.6524E-09 3.8565E-09 3.1660E-09 2.5724E-09 2.0723E-09 1.6531E-09 1.3052E-09 1.0202E-09 7.8813E-10
2.8226E-11 3.9522E-11 5.2557E-11 7.5432E-11 1.0458E-10 1.4420E-10 2.2120E-10 3.2540E-10 4.6319E-10 6.4114E-10 8.7851E-10 1.1925E-09 1.5995E-09 2.1067E-09 2.7154E-09 3.4495E-09 4.3199E-09 5.3373E-09 6.4988E-09 7.8019E-09 9.2376E-09 1.0780E-08 1.2396E-08 1.4050E-08 1.5698E-08 1.7286E-08 1.8764E-08 2.0081E-08 2.1193E-08 2.2062E-08 2.2659E-08 2.2963E-08 2.2971E-08 2.2690E-08 2.2128E-08 2.1312E-08 2.0280E-08 1.9075E-08 1.7731E-08 1.6291E-08 1.4803E-08 1.3300E-08 1.1821E-08 1.0391E-08 9.0400E-09 7.7836E-09 6.6335E-09 5.5955E-09 4.6724E-09 3.8651E-09 3.1642E-09 2.5650E-09 2.0630E-09 1.6405E-09 1.2916E-09 1.0069E-09 7.7567E-10
2.5002E-11 3.6023E-11 4.5560E-11 6.5222E-11 9.3693E-11 1.3281E-10 2.1222E-10 3.2043E-10 4.6480E-10 6.4871E-10 8.9468E-10 1.2262E-09 1.6488E-09 2.1868E-09 2.8366E-09 3.6176E-09 4.5450E-09 5.6294E-09 6.8767E-09 8.2777E-09 9.8162E-09 1.1467E-08 1.3199E-08 1.4965E-08 1.6712E-08 1.8391E-08 1.9945E-08 2.1317E-08 2.2462E-08 2.3337E-08 2.3913E-08 2.4175E-08 2.4117E-08 2.3747E-08 2.3088E-08 2.2174E-08 2.1035E-08 1.9713E-08 1.8260E-08 1.6722E-08 1.5137E-08 1.3555E-08 1.2003E-08 1.0517E-08 9.1199E-09 7.8269E-09 6.6484E-09 5.5937E-09 4.6579E-09 3.8414E-09 3.1387E-09 2.5403E-09 2.0338E-09 1.6109E-09 1.2676E-09 9.8566E-10 7.5489E-10
1.8436E-11 3.1905E-11 4.1177E-11 5.8203E-11 8.3435E-11 1.2043E-10 1.9746E-10 3.1807E-10 4.6483E-10 6.5816E-10 9.1367E-10 1.2586E-09 1.7016E-09 2.2745E-09 2.9633E-09 3.7930E-09 4.7841E-09 5.9464E-09 7.2810E-09 8.7772E-09 1.0420E-08 1.2184E-08 1.4027E-08 1.5900E-08 1.7751E-08 1.9518E-08 2.1137E-08 2.2558E-08 2.3725E-08 2.4597E-08 2.5146E-08 2.5356E-08 2.5223E-08 2.4760E-08 2.3993E-08 2.2956E-08 2.1697E-08 2.0264E-08 1.8701E-08 1.7059E-08 1.5387E-08 1.3724E-08 1.2110E-08 1.0571E-08 9.1324E-09 7.8117E-09 6.6138E-09 5.5463E-09 4.6037E-09 3.7863E-09 3.0833E-09 2.4864E-09 1.9850E-09 1.5701E-09 1.2336E-09 9.5283E-10 7.2553E-10
1.2876E-11 2.6922E-11 3.5895E-11 4.7650E-11 7.2620E-11 1.0841E-10 1.8858E-10 3.1178E-10 4.6779E-10 6.6951E-10 9.3286E-10 1.2919E-09 1.7618E-09 2.3639E-09 3.0987E-09 3.9828E-09 5.0432E-09 6.2827E-09 7.7035E-09 9.3045E-09 1.1061E-08 1.2941E-08 1.4900E-08 1.6888E-08 1.8837E-08 2.0687E-08 2.2373E-08 2.3832E-08 2.5006E-08 2.5860E-08 2.6361E-08 2.6497E-08 2.6271E-08 2.5700E-08 2.4818E-08 2.3660E-08 2.2273E-08 2.0715E-08 1.9042E-08 1.7300E-08 1.5541E-08 1.3807E-08 1.2133E-08 1.0548E-08 9.0808E-09 7.7386E-09 6.5295E-09 5.4543E-09 4.5134E-09 3.6973E-09 2.9984E-09 2.4133E-09 1.9240E-09 1.5145E-09 1.1850E-09 9.1127E-10 6.9340E-10
1.0533E-11 2.1435E-11 3.0221E-11 3.9936E-11 6.3391E-11 9.9415E-11 1.7627E-10 2.9777E-10 4.6962E-10 6.7860E-10 9.5818E-10 1.3289E-09 1.8253E-09 2.4614E-09 3.2453E-09 4.1887E-09 5.3147E-09 6.6372E-09 8.1587E-09 9.8671E-09 1.1738E-08 1.3734E-08 1.5811E-08 1.7906E-08 1.9954E-08 2.1885E-08 2.3622E-08 2.5108E-08 2.6285E-08 2.7108E-08 2.7550E-08 2.7601E-08 2.7268E-08 2.6574E-08 2.5556E-08 2.4262E-08 2.2749E-08 2.1068E-08 1.9277E-08 1.7438E-08 1.5596E-08 1.3797E-08 1.2073E-08 1.0452E-08 8.9611E-09 7.6070E-09 6.3943E-09 5.3219E-09 4.3880E-09 3.5825E-09 2.8965E-09 2.3218E-09 1.8419E-09 1.4467E-09 1.1276E-09 8.6575E-10 6.5567E-10
8.9910E-12 1.3912E-11 2.4904E-11 3.3305E-11 5.1662E-11 9.5044E-11 1.6739E-10 2.9378E-10 4.6571E-10 6.9180E-10 9.8487E-10 1.3679E-09 1.8927E-09 2.5658E-09 3.3998E-09 4.4037E-09 5.6050E-09 7.0189E-09 8.6404E-09 1.0456E-08 1.2444E-08 1.4562E-08 1.6756E-08 1.8960E-08 2.1104E-08 2.3105E-08 2.4894E-08 2.6398E-08 2.7556E-08 2.8332E-08 2.8699E-08 2.8646E-08 2.8192E-08 2.7366E-08 2.6206E-08 2.4767E-08 2.3110E-08 2.1304E-08 1.9408E-08 1.7472E-08 1.5553E-08 1.3693E-08 1.1929E-08 1.0282E-08 8.7750E-09 7.4162E-09 6.2094E-09 5.1474E-09 4.2270E-09 3.4397E-09 2.7704E-09 2.2098E-09 1.7464E-09 1.3680E-09 1.0602E-09 8.1160E-10 6.1327E-10
5.9517E-12 1.0607E-11 1.9319E-11 2.7390E-11 4.0410E-11 8.2788E-11 1.5657E-10 2.7857E-10 4.5830E-10 7.0255E-10 1.0107E-09 1.4178E-09 1.9654E-09 2.6765E-09 3.5635E-09 4.6325E-09 5.9138E-09 7.4167E-09 9.1435E-09 1.1078E-08 1.3190E-08 1.5434E-08 1.7750E-08 2.0066E-08 2.2300E-08 2.4372E-08 2.6199E-08 2.7702E-08 2.8835E-08 2.9547E-08 2.9814E-08 2.9641E-08 2.9045E-08 2.8063E-08 2.6748E-08 2.5162E-08 2.3367E-08 2.1429E-08 1.9418E-08 1.7397E-08 1.5411E-08 1.3502E-08 1.1702E-08 1.0037E-08 8.5271E-09 7.1753E-09 5.9784E-09 4.9332E-09 4.0351E-09 3.2672E-09 2.6198E-09 2.0830E-09 1.6398E-09 1.2798E-09 9.8443E-10 7.5099E-10 5.6355E-10
4.5167E-12 8.6138E-12 1.3089E-11 2.1967E-11 3.5319E-11 7.5984E-11 1.5224E-10 2.7450E-10 4.6462E-10 7.1365E-10 1.0422E-09 1.4725E-09 2.0376E-09 2.7945E-09 3.7342E-09 4.8699E-09 6.2348E-09 7.8361E-09 9.6748E-09 1.1729E-08 1.3965E-08 1.6334E-08 1.8770E-08 2.1189E-08 2.3513E-08 2.5643E-08 2.7497E-08 2.8999E-08 3.0087E-08 3.0716E-08 3.0875E-08 3.0568E-08 2.9818E-08 2.8672E-08 2.7189E-08 2.5439E-08 2.3497E-08 2.1438E-08 1.9323E-08 1.7217E-08 1.5168E-08 1.3221E-08 1.1397E-08 9.7218E-09 8.2191E-09 6.8847E-09 5.7088E-09 4.6884E-09 3.8147E-09 3.0733E-09 2.4551E-09 1.9450E-09 1.5250E-09 1.1810E-09 9.0536E-10 6.8832E-10 5.1486E-10
3.3666E-12 5.5391E-12 1.0222E-11 1.6964E-11 3.1421E-11 6.9694E-11 1.4079E-10 2.6308E-10 4.5697E-10 7.2037E-10 1.0704E-09 1.5249E-09 2.1200E-09 2.9120E-09 3.9080E-09 5.1194E-09 6.5694E-09 8.2721E-09 1.0221E-08 1.2397E-08 1.4765E-08 1.7267E-08 1.9826E-08 2.2356E-08 2.4761E-08 2.6947E-08 2.8821E-08 3.0294E-08 3.1320E-08 3.1854E-08 3.1881E-08 3.1416E-08 3.0495E-08 2.9170E-08 2.7517E-08 2.5608E-08 2.3517E-08 2.1329E-08 1.9114E-08 1.6932E-08 1.4832E-08 1.2851E-08 1.1017E-08 9.3437E-09 7.8541E-09 6.5454E-09 5.4010E-09 4.4163E-09 3.5749E-09 2.8686E-09 2.2785E-09 1.7929E-09 1.3985E-09 1.0777E-09 8.2130E-10 6.1949E-10 4.6058E-10
1.9746E-12 4.2126E-12 7.3666E-12 1.1970E-11 2.9934E-11 7.0579E-11 1.3924E-10 2.6199E-10 4.5333E-10 7.2879E-10 1.0952E-09 1.5808E-09 2.2065E-09 3.0237E-09 4.0866E-09 5.3724E-09 6.9057E-09 8.7123E-09 1.0780E-08 1.3091E-08 1.5594E-08 1.8225E-08 2.0905E-08 2.3532E-08 2.6019E-08 2.8248E-08 3.0124E-08 3.1570E-08 3.2520E-08 3.2937E-08 3.2820E-08 3.2187E-08 3.1080E-08 2.9568E-08 2.7729E-08 2.5648E-08 2.3415E-08 2.1104E-08 1.8794E-08 1.6546E-08 1.4403E-08 1.2403E-08 1.0566E-08 8.9044E-09 7.4418E-09 6.1647E-09 5.0598E-09 4.1162E-09 3.3172E-09 2.6454E-09 2.0885E-09 1.6350E-09 1.2687E-09 9.7210E-10 7.3897E-10 5.4569E-10 3.9903E-10
6.1660E-13 2.4937E-12 4.7476E-12 8.8058E-12 2.8266E-11 7.2934E-11 1.4092E-10 2.4796E-10 4.4533E-10 7.2625E-10 1.1159E-09 1.6286E-09 2.2882E-09 3.1450E-09 4.2622E-09 5.6152E-09 7.2454E-09 9.1590E-09 1.1351E-08 1.3787E-08 1.6421E-08 1.9189E-08 2.1995E-08 2.4732E-08 2.7288E-08 2.9553E-08 3.1425E-08 3.2814E-08 3.3668E-08 3.3956E-08 3.3676E-08 3.2859E-08 3.1555E-08 2.9847E-08 2.7821E-08 2.5575E-08 2.3193E-08 2.0767E-08 1.8368E-08 1.6058E-08 1.3886E-08 1.1879E-08 1.0052E-08 8.4134E-09 6.9909E-09 5.7571E-09 4.6944E-09 3.7959E-09 3.0402E-09 2.4124E-09 1.8940E-09 1.4750E-09 1.1362E-09 8.6399E-10 6.5032E-10 4.7426E-10 3.3911E-10
0.0000E+00 8.2326E-13 2.7862E-12 5.1983E-12 2.3704E-11 6.9226E-11 1.4368E-10 2.5255E-10 4.4147E-10 7.2639E-10 1.1313E-09 1.6666E-09 2.3681E-09 3.2625E-09 4.4185E-09 5.8595E-09 7.5788E-09 9.5920E-09 1.1904E-08 1.4480E-08 1.7266E-08 2.0171E-08 2.3100E-08 2.5941E-08 2.8560E-08 3.0857E-08 3.2709E-08 3.4038E-08 3.4783E-08 3.4920E-08 3.4453E-08 3.3431E-08 3.1916E-08 3.0006E-08 2.7787E-08 2.5368E-08 2.2845E-08 2.0309E-08 1.7837E-08 1.5485E-08 1.3291E-08 1.1284E-08 9.4849E-09 7.8812E-09 6.5047E-09 5.3275E-09 4.3177E-09 3.4654E-09 2.7578E-09 2.1753E-09 1.6982E-09 1.3127E-09 9.9910E-10 7.5235E-10 5.5965E-10 4.0331E-10 2.8422E-10
0.0000E+00 0.0000E+00 8.4873E-13 2.9569E-12 1.9510E-11 6.4060E-11 1.4471E-10 2.6355E-10 4.3873E-10 7.2650E-10 1.1429E-09 1.7039E-09 2.4377E-09 3.3721E-09 4.5799E-09 6.0872E-09 7.8851E-09 1.0014E-08 1.2454E-08 1.5165E-08 1.8080E-08 2.1126E-08 2.4185E-08 2.7126E-08 2.9819E-08 3.2133E-08 3.3960E-08 3.5210E-08 3.5819E-08 3.5791E-08 3.5131E-08 3.3894E-08 3.2163E-08 3.0032E-08 2.7615E-08 2.5036E-08 2.2383E-08 1.9747E-08 1.7204E-08 1.4819E-08 1.2623E-08 1.0638E-08 8.8678E-09 7.3124E-09 5.9927E-09 4.8760E-09 3.9266E-09 3.1339E-09 2.4749E-09 1.9364E-09 1.5012E-09 1.1496E-09 8.6756E-10 6.4640E-10 4.7221E-10 3.3643E-10 2.3264E-10
0.0000E+00 0.0000E+00 0.0000E+00 4.0243E-13 1.5896E-11 5.9333E-11 1.3740E-10 2.6328E-10 4.4601E-10 7.2913E-10 1.1453E-09 1.7222E-09 2.4858E-09 3.4715E-09 4.7212E-09 6.2869E-09 8.1805E-09 1.0411E-08 1.2965E-08 1.5811E-08 1.8881E-08 2.2069E-08 2.5255E-08 2.8299E-08 3.1044E-08 3.3380E-08 3.5173E-08 3.6329E-08 3.6807E-08 3.6592E-08 3.5713E-08 3.4244E-08 3.2281E-08 2.9935E-08 2.7329E-08 2.4575E-08 2.1790E-08 1.9071E-08 1.6484E-08 1.4080E-08 1.1896E-08 9.9384E-09 8.2154E-09 6.7165E-09 5.4653E-09 4.4127E-09 3.5296E-09 2.7950E-09 2.1935E-09 1.7000E-09 1.3069E-09 9.8739E-10 7.4115E-10 5.4446E-10 3.9009E-10 2.7160E-10 1.8294E-10
0.0000E+00 0.0000E+00 0.0000E+00 0.0000E+00 1.2941E-11 5.4124E-11 1.3150E-10 2.5928E-10 4.4582E-10 7.2364E-10 1.1435E-09 1.7354E-09 2.5306E-09 3.5503E-09 4.8401E-09 6.4661E-09 8.4398E-09 1.0764E-08 1.3444E-08 1.6429E-08 1.9630E-08 2.2957E-08 2.6274E-08 2.9418E-08 3.2241E-08 3.4589E-08 3.6334E-08 3.7394E-08 3.7713E-08 3.7299E-08 3.6197E-08 3.4486E-08 3.2281E-08 2.9706E-08 2.6900E-08 2.3996E-08 2.1104E-08 1.8302E-08 1.5678E-08 1.3273E-08 1.1111E-08 9.2036E-09 7.5418E-09 6.1048E-09 4.9368E-09 3.9536E-09 3.1347E-09 2.4613E-09 1.9175E-09 1.4731E-09 1.1172E-09 8.3668E-10 6.1800E-10 4.4868E-10 3.1569E-10 2.1041E-10 1.3584E-10
0.0000E+00 0.0000E+00 0.0000E+00 0.0000E+00 1.1971E-11 4.7049E-11 1.2178E-10 2.4664E-10 4.3700E-10 7.1932E-10 1.1362E-09 1.7399E-09 2.5479E-09 3.5945E-09 4.9369E-09 6.6070E-09 8.6529E-09 1.1081E-08 1.3874E-08 1.6982E-08 2.0332E-08 2.3804E-08 2.7247E-08 3.0498E-08 3.3370E-08 3.5727E-08 3.7433E-08 3.8382E-08 3.8543E-08 3.7923E-08 3.6581E-08 3.4618E-08 3.2170E-08 2.9369E-08 2.6374E-08 2.3310E-08 2.0303E-08 1.7449E-08 1.4801E-08 1.2412E-08 1.0294E-08 8.4438E-09 6.8471E-09 5.4904E-09 4.4056E-09 3.5009E-09 2.7540E-09 2.1411E-09 1.6484E-09 1.2519E-09 9.3799E-10 6.9298E-10 5.0412E-10 3.5731E-10 2.4663E-10 1.5827E-10 9.4517E-11
0.0000E+00 0.0000E+00 0.0000E+00 0.0000E+00 9.3711E-12 4.0887E-11 1.1199E-10 2.3735E-10 4.2878E-10 7.0671E-10 1.1196E-09 1.7255E-09 2.5499E-09 3.6248E-09 4.9978E-09 6.7058E-09 8.8224E-09 1.1340E-08 1.4237E-08 1.7479E-08 2.0965E-08 2.4569E-08 2.8138E-08 3.1489E-08 3.4436E-08 3.6807E-08 3.8458E-08 3.9299E-08 3.9289E-08 3.8450E-08 3.6863E-08 3.4643E-08 3.1938E-08 2.8915E-08 2.5730E-08 2.2529E-08 1.9437E-08 1.6528E-08 1.3878E-08 1.1514E-08 9.4494E-09 7.6679E-09 6.1493E-09 4.8791E-09 3.8802E-09 3.0562E-09 2.3824E-09 1.8385E-09 1.3936E-09 1.0485E-09 7.7301E-10 5.6105E-10 3.9921E-10 2.7377E-10 1.8424E-10 1.1248E-10 6.4339E-11
0.0000E+00 0.0000E+00 0.0000E+00 0.0000E+00 0.0000E+00 3.4333E-11 1.0295E-10 2.2519E-10 4.1510E-10 6.9162E-10 1.0997E-09 1.6971E-09 2.5335E-09 3.6153E-09 5.0052E-09 6.7654E-09 8.9325E-09 1.1526E-08 1.4532E-08 1.7894E-08 2.1513E-08 2.5259E-08 2.8952E-08 3.2404E-08 3.5411E-08 3.7783E-08 3.9388E-08 4.0121E-08 3.9940E-08 3.8888E-08 3.7053E-08 3.4573E-08 3.1625E-08 2.8374E-08 2.5005E-08 2.1670E-08 1.8492E-08 1.5556E-08 1.2915E-08 1.0595E-08 8.5939E-09 6.8968E-09 5.4542E-09 4.2842E-09 3.3761E-09 2.6318E-09 2.0289E-09 1.5448E-09 1.1577E-09 8.5868E-10 6.1870E-10 4.4026E-10 3.0696E-10 2.0369E-10 1.2960E-10 7.4515E-11 3.9380E-11
