Assets/Resources/2015_m01_d13_0700(utc+0800)_l00_csi_1hr_conc.grd
DSAA
         159         159
     -79.000      79.000
     -79.000      79.000
  0.0000E+00  0.1761E-04
[rows 75 to 99 of 159, columns 0 to 56 of 159]
5.5354E-09 5.8127E-09 6.0963E-09 6.3841E-09 6.6804E-09 6.9740E-09 7.2638E-09 7.5491E-09 7.8242E-09 8.0963E-09 8.3591E-09 8.6088E-09 8.8510E-09 9.0753E-09 9.2834E-09 9.4763E-09 9.6449E-09 9.7987E-09 9.9352E-09 1.0060E-08 1.0182E-08 1.0330E-08 1.0475E-08 1.0625E-08 1.0788E-08 1.0935E-08 1.1067E-08 1.1222E-08 1.1367E-08 1.1514E-08 1.1661E-08 1.1804E-08 1.1951E-08 1.2100E-08 1.2253E-08 1.2415E-08 1.2586E-08 1.2807E-08 1.3012E-08 1.3231E-08 1.3558E-08 1.3835E-08 1.4129E-08 1.4599E-08 1.4984E-08 1.5400E-08 1.5978E-08 1.6575E-08 1.7166E-08 1.7915E-08 1.8694E-08 1.9456E-08 2.0338E-08 2.1334E-08 2.2347E-08 2.3526E-08 2.4933E-08
5.4757E-09 5.7530E-09 6.0343E-09 6.3211E-09 6.6148E-09 6.9058E-09 7.1976E-09 7.4843E-09 7.7628E-09 8.0392E-09 8.3037E-09 8.5581E-09 8.8054E-09 9.0355E-09 9.2539E-09 9.4544E-09 9.6350E-09 9.8024E-09 9.9525E-09 1.0094E-08 1.0235E-08 1.0400E-08 1.0564E-08 1.0732E-08 1.0916E-08 1.1084E-08 1.1238E-08 1.1416E-08 1.1587E-08 1.1760E-08 1.1931E-08 1.2101E-08 1.2277E-08 1.2455E-08 1.2643E-08 1.2840E-08 1.3045E-08 1.3309E-08 1.3554E-08 1.3814E-08 1.4197E-08 1.4520E-08 1.4863E-08 1.5395E-08 1.5844E-08 1.6327E-08 1.6986E-08 1.7679E-08 1.8354E-08 1.9228E-08 2.0138E-08 2.1031E-08 2.2062E-08 2.3250E-08 2.4511E-08 2.5950E-08 2.7765E-08
5.4000E-09 5.6755E-09 5.9544E-09 6.2395E-09 6.5288E-09 6.8164E-09 7.1072E-09 7.3936E-09 7.6755E-09 7.9542E-09 8.2199E-09 8.4785E-09 8.7286E-09 8.9636E-09 9.1905E-09 9.3977E-09 9.5891E-09 9.7686E-09 9.9322E-09 1.0091E-08 1.0249E-08 1.0431E-08 1.0613E-08 1.0797E-08 1.1001E-08 1.1188E-08 1.1364E-08 1.1565E-08 1.1759E-08 1.1955E-08 1.2149E-08 1.2346E-08 1.2551E-08 1.2758E-08 1.2979E-08 1.3209E-08 1.3448E-08 1.3752E-08 1.4034E-08 1.4338E-08 1.4770E-08 1.5138E-08 1.5525E-08 1.6118E-08 1.6621E-08 1.7165E-08 1.7898E-08 1.8679E-08 1.9437E-08 2.0411E-08 2.1423E-08 2.2442E-08 2.3618E-08 2.4973E-08 2.6411E-08 2.8054E-08 3.0195E-08
5.3085E-09 5.5808E-09 5.8565E-09 6.1395E-09 6.4239E-09 6.7068E-09 6.9946E-09 7.2785E-09 7.5615E-09 7.8414E-09 8.1084E-09 8.3697E-09 8.6213E-09 8.8603E-09 9.0933E-09 9.3064E-09 9.5081E-09 9.6974E-09 9.8754E-09 1.0051E-08 1.0224E-08 1.0422E-08 1.0618E-08 1.0819E-08 1.1040E-08 1.1240E-08 1.1436E-08 1.1664E-08 1.1879E-08 1.2096E-08 1.2312E-08 1.2535E-08 1.2767E-08 1.3004E-08 1.3253E-08 1.3515E-08 1.3787E-08 1.4126E-08 1.4444E-08 1.4788E-08 1.5263E-08 1.5672E-08 1.6099E-08 1.6749E-08 1.7294E-08 1.7895E-08 1.8696E-08 1.9548E-08 2.0377E-08 2.1437E-08 2.2538E-08 2.3651E-08 2.4942E-08 2.6409E-08 2.7989E-08 2.9778E-08 3.2135E-08
5.2020E-09 5.4698E-09 5.7412E-09 6.0206E-09 6.2995E-09 6.5781E-09 6.8608E-09 7.1410E-09 7.4231E-09 7.7013E-09 7.9689E-09 8.2324E-09 8.4843E-09 8.7265E-09 8.9631E-09 9.1816E-09 9.3921E-09 9.5905E-09 9.7821E-09 9.9711E-09 1.0159E-08 1.0370E-08 1.0579E-08 1.0796E-08 1.1032E-08 1.1239E-08 1.1465E-08 1.1709E-08 1.1942E-08 1.2180E-08 1.2417E-08 1.2664E-08 1.2921E-08 1.3184E-08 1.3460E-08 1.3749E-08 1.4052E-08 1.4422E-08 1.4773E-08 1.5150E-08 1.5663E-08 1.6106E-08 1.6566E-08 1.7268E-08 1.7855E-08 1.8497E-08 1.9354E-08 2.0262E-08 2.1145E-08 2.2274E-08 2.3440E-08 2.4616E-08 2.5991E-08 2.7532E-08 2.9196E-08 3.1063E-08 3.3517E-08
5.0814E-09 5.3435E-09 5.6098E-09 5.8840E-09 6.1568E-09 6.4304E-09 6.7077E-09 6.9827E-09 7.2612E-09 7.5364E-09 7.8033E-09 8.0671E-09 8.3187E-09 8.5629E-09 8.8012E-09 9.0243E-09 9.2423E-09 9.4493E-09 9.6522E-09 9.8526E-09 1.0053E-08 1.0276E-08 1.0496E-08 1.0726E-08 1.0975E-08 1.1199E-08 1.1439E-08 1.1698E-08 1.1948E-08 1.2204E-08 1.2461E-08 1.2730E-08 1.3008E-08 1.3294E-08 1.3593E-08 1.3907E-08 1.4236E-08 1.4634E-08 1.5011E-08 1.5417E-08 1.5959E-08 1.6431E-08 1.6923E-08 1.7663E-08 1.8284E-08 1.8950E-08 1.9849E-08 2.0796E-08 2.1727E-08 2.2892E-08 2.4106E-08 2.5306E-08 2.6731E-08 2.8305E-08 2.9988E-08 3.1894E-08 3.4307E-08
4.9474E-09 5.2029E-09 5.4631E-09 5.7310E-09 5.9968E-09 6.2648E-09 6.5356E-09 6.8049E-09 7.0785E-09 7.3482E-09 7.6127E-09 7.8755E-09 8.1260E-09 8.3709E-09 8.6094E-09 8.8363E-09 9.0604E-09 9.2744E-09 9.4858E-09 9.6959E-09 9.9071E-09 1.0140E-08 1.0369E-08 1.0610E-08 1.0852E-08 1.1101E-08 1.1358E-08 1.1630E-08 1.1896E-08 1.2168E-08 1.2442E-08 1.2728E-08 1.3025E-08 1.3330E-08 1.3649E-08 1.3984E-08 1.4334E-08 1.4754E-08 1.5153E-08 1.5579E-08 1.6143E-08 1.6637E-08 1.7154E-08 1.7916E-08 1.8565E-08 1.9254E-08 2.0175E-08 2.1138E-08 2.2089E-08 2.3282E-08 2.4502E-08 2.5721E-08 2.7135E-08 2.8712E-08 3.0346E-08 3.2255E-08 3.4581E-08
4.8010E-09 5.0491E-09 5.3022E-09 5.5624E-09 5.8207E-09 6.0822E-09 6.3462E-09 6.6088E-09 6.8758E-09 7.1392E-09 7.3992E-09 7.6588E-09 7.9076E-09 8.1519E-09 8.3900E-09 8.6194E-09 8.8477E-09 9.0665E-09 9.2843E-09 9.5018E-09 9.7208E-09 9.9615E-09 1.0199E-08 1.0448E-08 1.0699E-08 1.0956E-08 1.1224E-08 1.1508E-08 1.1785E-08 1.2070E-08 1.2357E-08 1.2658E-08 1.2969E-08 1.3291E-08 1.3626E-08 1.3976E-08 1.4344E-08 1.4780E-08 1.5192E-08 1.5631E-08 1.6210E-08 1.6719E-08 1.7252E-08 1.8029E-08 1.8691E-08 1.9391E-08 2.0313E-08 2.1277E-08 2.2229E-08 2.3418E-08 2.4620E-08 2.5841E-08 2.7215E-08 2.8742E-08 3.0311E-08 3.2115E-08 3.4334E-08
4.6434E-09 4.8833E-09 5.1284E-09 5.3799E-09 5.6298E-09 5.8840E-09 6.1407E-09 6.3961E-09 6.6557E-09 6.9112E-09 7.1653E-09 7.4199E-09 7.6649E-09 7.9079E-09 8.1453E-09 8.3754E-09 8.6057E-09 8.8272E-09 9.0491E-09 9.2717E-09 9.4963E-09 9.7430E-09 9.9857E-09 1.0234E-08 1.0493E-08 1.0762E-08 1.1037E-08 1.1330E-08 1.1616E-08 1.1911E-08 1.2209E-08 1.2520E-08 1.2842E-08 1.3175E-08 1.3522E-08 1.3884E-08 1.4262E-08 1.4706E-08 1.5125E-08 1.5571E-08 1.6157E-08 1.6670E-08 1.7213E-08 1.7992E-08 1.8656E-08 1.9357E-08 2.0268E-08 2.1211E-08 2.2141E-08 2.3298E-08 2.4477E-08 2.5640E-08 2.6948E-08 2.8382E-08 2.9871E-08 3.1551E-08 3.3598E-08
4.4759E-09 4.7071E-09 4.9432E-09 5.1854E-09 5.4263E-09 5.6721E-09 5.9205E-09 6.1678E-09 6.4193E-09 6.6670E-09 6.9133E-09 7.1612E-09 7.4015E-09 7.6416E-09 7.8771E-09 8.1061E-09 8.3362E-09 8.5584E-09 8.7823E-09 9.0078E-09 9.2359E-09 9.4865E-09 9.7315E-09 9.9716E-09 1.0247E-08 1.0519E-08 1.0801E-08 1.1098E-08 1.1390E-08 1.1692E-08 1.1996E-08 1.2313E-08 1.2644E-08 1.2984E-08 1.3338E-08 1.3707E-08 1.4088E-08 1.4533E-08 1.4954E-08 1.5401E-08 1.5986E-08 1.6499E-08 1.7039E-08 1.7807E-08 1.8457E-08 1.9149E-08 2.0033E-08 2.0940E-08 2.1834E-08 2.2934E-08 2.4050E-08 2.5144E-08 2.6393E-08 2.7706E-08 2.9077E-08 3.0604E-08 3.2386E-08
4.2999E-09 4.5218E-09 4.7482E-09 4.9805E-09 5.2117E-09 5.4482E-09 5.6877E-09 5.9259E-09 6.1686E-09 6.4076E-09 6.6456E-09 6.8859E-09 7.1200E-09 7.3556E-09 7.5875E-09 7.8133E-09 8.0414E-09 8.2624E-09 8.4862E-09 8.7128E-09 8.9420E-09 9.1934E-09 9.4315E-09 9.6795E-09 9.9575E-09 1.0232E-08 1.0516E-08 1.0816E-08 1.1110E-08 1.1415E-08 1.1723E-08 1.2043E-08 1.2377E-08 1.2720E-08 1.3076E-08 1.3446E-08 1.3824E-08 1.4265E-08 1.4682E-08 1.5124E-08 1.5700E-08 1.6204E-08 1.6729E-08 1.7476E-08 1.8107E-08 1.8774E-08 1.9617E-08 2.0476E-08 2.1315E-08 2.2337E-08 2.3372E-08 2.4400E-08 2.5518E-08 2.6726E-08 2.7924E-08 2.9266E-08 3.0833E-08
4.1168E-09 4.3286E-09 4.5445E-09 4.7666E-09 4.9879E-09 5.2144E-09 5.4440E-09 5.6723E-09 5.9053E-09 6.1353E-09 6.3643E-09 6.5964E-09 6.8233E-09 7.0519E-09 7.2785E-09 7.4997E-09 7.7240E-09 7.9421E-09 8.1638E-09 8.3896E-09 8.6165E-09 8.8658E-09 9.0980E-09 9.3509E-09 9.6300E-09 9.9030E-09 1.0186E-08 1.0486E-08 1.0779E-08 1.1084E-08 1.1392E-08 1.1711E-08 1.2045E-08 1.2387E-08 1.2741E-08 1.3104E-08 1.3475E-08 1.3907E-08 1.4315E-08 1.4746E-08 1.5302E-08 1.5793E-08 1.6298E-08 1.7009E-08 1.7610E-08 1.8242E-08 1.9032E-08 1.9830E-08 2.0606E-08 2.1535E-08 2.2467E-08 2.3396E-08 2.4382E-08 2.5454E-08 2.6517E-08 2.7680E-08 2.8979E-08
3.9279E-09 4.1294E-09 4.3343E-09 4.5457E-09 4.7566E-09 4.9724E-09 5.1917E-09 5.4094E-09 5.6318E-09 5.8524E-09 6.0720E-09 6.2951E-09 6.5133E-09 6.7334E-09 6.9532E-09 7.1678E-09 7.3868E-09 7.6011E-09 7.8184E-09 8.0409E-09 8.2629E-09 8.5081E-09 8.7346E-09 8.9847E-09 9.2670E-09 9.5360E-09 9.8157E-09 1.0112E-08 1.0402E-08 1.0703E-08 1.1009E-08 1.1324E-08 1.1653E-08 1.1989E-08 1.2335E-08 1.2687E-08 1.3046E-08 1.3466E-08 1.3861E-08 1.4274E-08 1.4806E-08 1.5274E-08 1.5753E-08 1.6418E-08 1.6981E-08 1.7567E-08 1.8293E-08 1.9022E-08 1.9724E-08 2.0549E-08 2.1371E-08 2.2188E-08 2.3063E-08 2.3960E-08 2.4894E-08 2.5828E-08 2.6893E-08
3.7348E-09 3.9257E-09 4.1193E-09 4.3196E-09 4.5198E-09 4.7242E-09 4.9329E-09 5.1395E-09 5.3506E-09 5.5612E-09 5.7705E-09 5.9840E-09 6.1929E-09 6.4028E-09 6.6146E-09 6.8212E-09 7.0333E-09 7.2423E-09 7.4529E-09 7.6697E-09 7.8858E-09 8.1256E-09 8.3513E-09 8.5962E-09 8.8723E-09 9.1354E-09 9.4089E-09 9.7004E-09 9.9828E-09 1.0278E-08 1.0579E-08 1.0885E-08 1.1206E-08 1.1533E-08 1.1866E-08 1.2203E-08 1.2548E-08 1.2951E-08 1.3329E-08 1.3718E-08 1.4221E-08 1.4658E-08 1.5107E-08 1.5719E-08 1.6236E-08 1.6770E-08 1.7424E-08 1.8075E-08 1.8698E-08 1.9416E-08 2.0121E-08 2.0816E-08 2.1559E-08 2.2302E-08 2.3079E-08 2.3839E-08 2.4629E-08
3.5389E-09 3.7190E-09 3.9011E-09 4.0900E-09 4.2793E-09 4.4718E-09 4.6693E-09 4.8646E-09 5.0639E-09 5.2642E-09 5.4625E-09 5.6651E-09 5.8642E-09 6.0632E-09 6.2659E-09 6.4633E-09 6.6665E-09 6.8690E-09 7.0706E-09 7.2805E-09 7.4904E-09 7.7233E-09 7.9462E-09 8.1835E-09 8.4511E-09 8.7073E-09 8.9706E-09 9.2554E-09 9.5295E-09 9.8137E-09 1.0108E-08 1.0405E-08 1.0711E-08 1.1026E-08 1.1342E-08 1.1661E-08 1.1991E-08 1.2371E-08 1.2728E-08 1.3092E-08 1.3557E-08 1.3963E-08 1.4374E-08 1.4929E-08 1.5395E-08 1.5871E-08 1.6447E-08 1.7016E-08 1.7556E-08 1.8165E-08 1.8757E-08 1.9332E-08 1.9937E-08 2.0554E-08 2.1145E-08 2.1743E-08 2.2266E-08
3.3414E-09 3.5107E-09 3.6813E-09 3.8586E-09 4.0370E-09 4.2172E-09 4.4031E-09 4.5870E-09 4.7740E-09 4.9634E-09 5.1500E-09 5.3409E-09 5.5297E-09 5.7172E-09 5.9098E-09 6.0978E-09 6.2900E-09 6.4847E-09 6.6766E-09 6.8783E-09 7.0822E-09 7.3002E-09 7.5228E-09 7.7520E-09 8.0076E-09 8.2561E-09 8.5080E-09 8.7825E-09 9.0475E-09 9.3192E-09 9.6023E-09 9.8872E-09 1.0176E-08 1.0473E-08 1.0771E-08 1.1075E-08 1.1383E-08 1.1737E-08 1.2071E-08 1.2407E-08 1.2830E-08 1.3202E-08 1.3572E-08 1.4065E-08 1.4476E-08 1.4893E-08 1.5390E-08 1.5875E-08 1.6330E-08 1.6834E-08 1.7314E-08 1.7771E-08 1.8245E-08 1.8722E-08 1.9172E-08 1.9575E-08 1.9898E-08
3.1440E-09 3.3024E-09 3.4618E-09 3.6269E-09 3.7945E-09 3.9624E-09 4.1363E-09 4.3088E-09 4.4827E-09 4.6608E-09 4.8358E-09 5.0139E-09 5.1922E-09 5.3678E-09 5.5494E-09 5.7275E-09 5.9074E-09 6.0931E-09 6.2754E-09 6.4676E-09 6.6647E-09 6.8716E-09 7.0863E-09 7.3065E-09 7.5479E-09 7.7876E-09 8.0269E-09 8.2886E-09 8.5428E-09 8.8003E-09 9.0692E-09 9.3393E-09 9.6082E-09 9.8862E-09 1.0166E-08 1.0451E-08 1.0736E-08 1.1062E-08 1.1369E-08 1.1676E-08 1.2055E-08 1.2387E-08 1.2718E-08 1.3148E-08 1.3503E-08 1.3859E-08 1.4277E-08 1.4679E-08 1.5051E-08 1.5455E-08 1.5832E-08 1.6183E-08 1.6535E-08 1.6872E-08 1.7180E-08 1.7412E-08 1.7570E-08
2.9478E-09 3.0957E-09 3.2438E-09 3.3966E-09 3.5535E-09 3.7093E-09 3.8705E-09 4.0316E-09 4.1926E-09 4.3587E-09 4.5220E-09 4.6868E-09 4.8543E-09 5.0182E-09 5.1873E-09 5.3555E-09 5.5228E-09 5.6984E-09 5.8719E-09 6.0521E-09 6.2411E-09 6.4325E-09 6.6359E-09 6.8517E-09 7.0786E-09 7.3062E-09 7.5337E-09 7.7788E-09 8.0221E-09 8.2649E-09 8.5140E-09 8.7687E-09 9.0191E-09 9.2738E-09 9.5361E-09 9.7981E-09 1.0060E-08 1.0357E-08 1.0633E-08 1.0912E-08 1.1248E-08 1.1537E-08 1.1827E-08 1.2195E-08 1.2495E-08 1.2792E-08 1.3134E-08 1.3456E-08 1.3750E-08 1.4062E-08 1.4342E-08 1.4596E-08 1.4833E-08 1.5051E-08 1.5216E-08 1.5307E-08 1.5292E-08
2.7543E-09 2.8914E-09 3.0289E-09 3.1694E-09 3.3152E-09 3.4595E-09 3.6074E-09 3.7573E-09 3.9057E-09 4.0589E-09 4.2109E-09 4.3624E-09 4.5184E-09 4.6710E-09 4.8265E-09 4.9848E-09 5.1404E-09 5.3047E-09 5.4694E-09 5.6368E-09 5.8155E-09 5.9927E-09 6.1865E-09 6.3925E-09 6.6053E-09 6.8176E-09 7.0338E-09 7.2619E-09 7.4905E-09 7.7186E-09 7.9474E-09 8.1827E-09 8.4157E-09 8.6482E-09 8.8888E-09 9.1276E-09 9.3673E-09 9.6319E-09 9.8790E-09 1.0127E-08 1.0422E-08 1.0669E-08 1.0915E-08 1.1225E-08 1.1473E-08 1.1713E-08 1.1983E-08 1.2232E-08 1.2454E-08 1.2680E-08 1.2872E-08 1.3046E-08 1.3187E-08 1.3288E-08 1.3332E-08 1.3297E-08 1.3157E-08
2.5647E-09 2.6908E-09 2.8181E-09 2.9469E-09 3.0811E-09 3.2142E-09 3.3488E-09 3.4876E-09 3.6240E-09 3.7637E-09 3.9046E-09 4.0434E-09 4.1868E-09 4.3285E-09 4.4707E-09 4.6187E-09 4.7638E-09 4.9146E-09 5.0706E-09 5.2254E-09 5.3914E-09 5.5609E-09 5.7393E-09 5.9327E-09 6.1329E-09 6.3277E-09 6.5322E-09 6.7433E-09 6.9540E-09 7.1667E-09 7.3756E-09 7.5890E-09 7.8063E-09 8.0183E-09 8.2323E-09 8.4508E-09 8.6649E-09 8.9006E-09 9.1176E-09 9.3320E-09 9.5886E-09 9.7999E-09 9.9980E-09 1.0255E-08 1.0454E-08 1.0641E-08 1.0846E-08 1.1030E-08 1.1188E-08 1.1334E-08 1.1457E-08 1.1549E-08 1.1605E-08 1.1612E-08 1.1555E-08 1.1419E-08 1.1202E-08
2.3797E-09 2.4952E-09 2.6127E-09 2.7301E-09 2.8520E-09 2.9747E-09 3.0967E-09 3.2237E-09 3.3489E-09 3.4751E-09 3.6051E-09 3.7321E-09 3.8620E-09 3.9935E-09 4.1232E-09 4.2598E-09 4.3950E-09 4.5318E-09 4.6778E-09 4.8218E-09 4.9684E-09 5.1348E-09 5.2988E-09 5.4768E-09 5.6651E-09 5.8445E-09 6.0323E-09 6.2293E-09 6.4196E-09 6.6149E-09 6.8071E-09 6.9986E-09 7.1966E-09 7.3903E-09 7.5798E-09 7.7736E-09 7.9635E-09 8.1729E-09 8.3580E-09 8.5440E-09 8.7593E-09 8.9366E-09 9.0971E-09 9.2973E-09 9.4550E-09 9.5931E-09 9.7411E-09 9.8688E-09 9.9699E-09 1.0049E-08 1.0109E-08 1.0134E-08 1.0119E-08 1.0049E-08 9.9139E-09 9.7104E-09 9.4485E-09
2.2004E-09 2.3055E-09 2.4134E-09 2.5202E-09 2.6295E-09 2.7422E-09 2.8528E-09 2.9672E-09 3.0821E-09 3.1957E-09 3.3137E-09 3.4300E-09 3.5468E-09 3.6682E-09 3.7872E-09 3.9101E-09 4.0361E-09 4.1602E-09 4.2936E-09 4.4283E-09 4.5580E-09 4.7168E-09 4.8703E-09 5.0295E-09 5.2056E-09 5.3716E-09 5.5398E-09 5.7225E-09 5.8942E-09 6.0696E-09 6.2468E-09 6.4191E-09 6.5929E-09 6.7703E-09 6.9395E-09 7.1054E-09 7.2742E-09 7.4545E-09 7.6157E-09 7.7684E-09 7.9458E-09 8.0919E-09 8.2192E-09 8.3717E-09 8.4835E-09 8.5842E-09 8.6824E-09 8.7611E-09 8.8158E-09 8.8458E-09 8.8486E-09 8.8194E-09 8.7467E-09 8.6188E-09 8.4285E-09 8.1863E-09 7.9079E-09
2.0274E-09 2.1230E-09 2.2206E-09 2.3176E-09 2.4153E-09 2.5175E-09 2.6180E-09 2.7196E-09 2.8247E-09 2.9270E-09 3.0323E-09 3.1390E-09 3.2442E-09 3.3542E-09 3.4634E-09 3.5728E-09 3.6885E-09 3.8025E-09 3.9210E-09 4.0477E-09 4.1632E-09 4.3065E-09 4.4544E-09 4.5977E-09 4.7567E-09 4.9114E-09 5.0627E-09 5.2256E-09 5.3837E-09 5.5390E-09 5.6985E-09 5.8549E-09 6.0069E-09 6.1629E-09 6.3151E-09 6.4587E-09 6.5991E-09 6.7576E-09 6.8924E-09 7.0191E-09 7.1606E-09 7.2737E-09 7.3742E-09 7.4860E-09 7.5598E-09 7.6217E-09 7.6743E-09 7.7167E-09 7.7292E-09 7.7181E-09 7.6794E-09 7.6065E-09 7.4884E-09 7.3174E-09 7.0959E-09 6.8389E-09 6.5635E-09
1.8622E-09 1.9476E-09 2.0352E-09 2.1233E-09 2.2106E-09 2.3015E-09 2.3931E-09 2.4832E-09 2.5774E-09 2.6701E-09 2.7631E-09 2.8605E-09 2.9558E-09 3.0529E-09 3.1529E-09 3.2505E-09 3.3541E-09 3.4593E-09 3.5650E-09 3.6809E-09 3.7895E-09 3.9165E-09 4.0527E-09 4.1848E-09 4.3233E-09 4.4659E-09 4.6032E-09 4.7454E-09 4.8896E-09 5.0287E-09 5.1679E-09 5.3088E-09 5.4442E-09 5.5758E-09 5.7107E-09 5.8366E-09 5.9540E-09 6.0834E-09 6.1970E-09 6.3011E-09 6.4137E-09 6.4953E-09 6.5658E-09 6.6448E-09 6.6925E-09 6.7228E-09 6.7387E-09 6.7427E-09 6.7277E-09 6.6846E-09 6.6133E-09 6.5079E-09 6.3586E-09 6.1636E-09 5.9331E-09 5.6808E-09 5.4214E-09
1.7041E-09 1.7802E-09 1.8583E-09 1.9378E-09 2.0160E-09 2.0957E-09 2.1785E-09 2.2589E-09 2.3413E-09 2.4258E-09 2.5083E-09 2.5952E-09 2.6819E-09 2.7670E-09 2.8565E-09 2.9449E-09 3.0353E-09 3.1323E-09 3.2281E-09 3.3300E-09 3.4327E-09 3.5472E-09 3.6667E-09 3.7901E-09 3.9125E-09 4.0363E-09 4.1636E-09 4.2898E-09 4.4138E-09 4.5414E-09 4.6619E-09 4.7839E-09 4.9053E-09 5.0192E-09 5.1297E-09 5.2416E-09 5.3418E-09 5.4447E-09 5.5364E-09 5.6177E-09 5.7066E-09 5.7630E-09 5.8069E-09 5.8451E-09 5.8821E-09 5.8922E-09 5.8826E-09 5.8550E-09 5.8151E-09 5.7491E-09 5.6554E-09 5.5282E-09 5.3623E-09 5.1602E-09 4.9354E-09 4.7004E-09 4.4545E-09
