Assets/Resources/2015_m01_d31_1800(utc+0800)_l00_csi_1hr_conc.grd
DSAA
         159         159
     -79.000      79.000
     -79.000      79.000
  0.0000E+00  0.5727E-05
[rows 0 to 24 of 159, columns 0 to 56 of 159]
2.9876E-09 3.1624E-09 3.3220E-09 3.4659E-09 3.5949E-09 3.7093E-09 3.8089E-09 3.8955E-09 3.9702E-09 4.0321E-09 4.0835E-09 4.1249E-09 4.1552E-09 4.1752E-09 4.1859E-09 4.1873E-09 4.1790E-09 4.1615E-09 4.1349E-09 4.0988E-09 4.0536E-09 3.9993E-09 3.9358E-09 3.8633E-09 3.7820E-09 3.6923E-09 3.5946E-09 3.4895E-09 3.3781E-09 3.2603E-09 3.1369E-09 3.0089E-09 2.8765E-09 2.7407E-09 2.6024E-09 2.4629E-09 2.3237E-09 2.1857E-09 2.0495E-09 1.9150E-09 1.7824E-09 1.6527E-09 1.5272E-09 1.4062E-09 1.2901E-09 1.1793E-09 1.0744E-09 9.7564E-10 8.8259E-10 7.9594E-10 7.1602E-10 6.4094E-10 5.7086E-10 5.0312E-10 4.4380E-10 3.9095E-10 3.3937E-10
3.1012E-09 3.2863E-09 3.4555E-09 3.6088E-09 3.7474E-09 3.8702E-09 3.9779E-09 4.0718E-09 4.1529E-09 4.2219E-09 4.2792E-09 4.3249E-09 4.3596E-09 4.3844E-09 4.3991E-09 4.4034E-09 4.3982E-09 4.3831E-09 4.3577E-09 4.3228E-09 4.2780E-09 4.2231E-09 4.1582E-09 4.0835E-09 4.0007E-09 3.9076E-09 3.8059E-09 3.6960E-09 3.5783E-09 3.4537E-09 3.3228E-09 3.1873E-09 3.0470E-09 2.9029E-09 2.7558E-09 2.6067E-09 2.4581E-09 2.3105E-09 2.1647E-09 2.0210E-09 1.8799E-09 1.7420E-09 1.6082E-09 1.4787E-09 1.3542E-09 1.2358E-09 1.1238E-09 1.0187E-09 9.2044E-10 8.2915E-10 7.4412E-10 6.6573E-10 5.9335E-10 5.2163E-10 4.5794E-10 4.0297E-10 3.4886E-10
3.2094E-09 3.4046E-09 3.5846E-09 3.7487E-09 3.8966E-09 4.0284E-09 4.1446E-09 4.2473E-09 4.3360E-09 4.4117E-09 4.4749E-09 4.5270E-09 4.5684E-09 4.5983E-09 4.6172E-09 4.6262E-09 4.6245E-09 4.6119E-09 4.5893E-09 4.5560E-09 4.5117E-09 4.4581E-09 4.3923E-09 4.3160E-09 4.2297E-09 4.1335E-09 4.0277E-09 3.9129E-09 3.7897E-09 3.6593E-09 3.5221E-09 3.3793E-09 3.2312E-09 3.0784E-09 2.9220E-09 2.7634E-09 2.6041E-09 2.4455E-09 2.2888E-09 2.1351E-09 1.9843E-09 1.8368E-09 1.6936E-09 1.5556E-09 1.4234E-09 1.2975E-09 1.1782E-09 1.0658E-09 9.6066E-10 8.6297E-10 7.7294E-10 6.9055E-10 6.1442E-10 5.3963E-10 4.7257E-10 4.1396E-10 3.5826E-10
3.3107E-09 3.5176E-09 3.7086E-09 3.8834E-09 4.0414E-09 4.1836E-09 4.3098E-09 4.4204E-09 4.5171E-09 4.6004E-09 4.6716E-09 4.7306E-09 4.7776E-09 4.8129E-09 4.8377E-09 4.8512E-09 4.8532E-09 4.8447E-09 4.8261E-09 4.7945E-09 4.7513E-09 4.6963E-09 4.6302E-09 4.5528E-09 4.4658E-09 4.3670E-09 4.2582E-09 4.1388E-09 4.0101E-09 3.8727E-09 3.7276E-09 3.5758E-09 3.4189E-09 3.2570E-09 3.0914E-09 2.9228E-09 2.7530E-09 2.5844E-09 2.4176E-09 2.2540E-09 2.0932E-09 1.9356E-09 1.7826E-09 1.6350E-09 1.4935E-09 1.3590E-09 1.2319E-09 1.1129E-09 1.0019E-09 8.9874E-10 8.0329E-10 7.1546E-10 6.3550E-10 5.5851E-10 4.8724E-10 4.2539E-10 3.6762E-10
3.4057E-09 3.6235E-09 3.8261E-09 4.0121E-09 4.1819E-09 4.3345E-09 4.4698E-09 4.5902E-09 4.6967E-09 4.7883E-09 4.8674E-09 4.9335E-09 4.9873E-09 5.0299E-09 5.0604E-09 5.0789E-09 5.0879E-09 5.0833E-09 5.0664E-09 5.0380E-09 4.9963E-09 4.9443E-09 4.8798E-09 4.8016E-09 4.7114E-09 4.6096E-09 4.4964E-09 4.3722E-09 4.2379E-09 4.0942E-09 3.9419E-09 3.7823E-09 3.6169E-09 3.4457E-09 3.2700E-09 3.0913E-09 2.9107E-09 2.7309E-09 2.5529E-09 2.3779E-09 2.2064E-09 2.0390E-09 1.8766E-09 1.7196E-09 1.5692E-09 1.4260E-09 1.2904E-09 1.1636E-09 1.0453E-09 9.3557E-10 8.3519E-10 7.4320E-10 6.5845E-10 5.7724E-10 5.0235E-10 4.3651E-10 3.7778E-10
3.4924E-09 3.7217E-09 3.9362E-09 4.1347E-09 4.3156E-09 4.4785E-09 4.6254E-09 4.7564E-09 4.8718E-09 4.9733E-09 5.0608E-09 5.1353E-09 5.1976E-09 5.2471E-09 5.2855E-09 5.3113E-09 5.3241E-09 5.3249E-09 5.3132E-09 5.2873E-09 5.2501E-09 5.1980E-09 5.1325E-09 5.0539E-09 4.9640E-09 4.8603E-09 4.7445E-09 4.6161E-09 4.4764E-09 4.3262E-09 4.1665E-09 3.9983E-09 3.8232E-09 3.6424E-09 3.4567E-09 3.2675E-09 3.0763E-09 2.8850E-09 2.6949E-09 2.5076E-09 2.3244E-09 2.1456E-09 1.9720E-09 1.8047E-09 1.6449E-09 1.4931E-09 1.3499E-09 1.2152E-09 1.0894E-09 9.7349E-10 8.6683E-10 7.6917E-10 6.8061E-10 5.9793E-10 5.1948E-10 4.4919E-10 3.8655E-10
3.5705E-09 3.8120E-09 4.0388E-09 4.2488E-09 4.4411E-09 4.6171E-09 4.7747E-09 4.9165E-09 5.0429E-09 5.1540E-09 5.2515E-09 5.3357E-09 5.4063E-09 5.4656E-09 5.5111E-09 5.5437E-09 5.5643E-09 5.5699E-09 5.5636E-09 5.5420E-09 5.5084E-09 5.4599E-09 5.3976E-09 5.3196E-09 5.2272E-09 5.1210E-09 5.0015E-09 4.8688E-09 4.7238E-09 4.5674E-09 4.4004E-09 4.2239E-09 4.0393E-09 3.8488E-09 3.6528E-09 3.4527E-09 3.2502E-09 3.0466E-09 2.8448E-09 2.6460E-09 2.4512E-09 2.2613E-09 2.0767E-09 1.8984E-09 1.7280E-09 1.5662E-09 1.4134E-09 1.2703E-09 1.1378E-09 1.0149E-09 9.0124E-10 7.9801E-10 7.0454E-10 6.1668E-10 5.3659E-10 4.6322E-10 3.9600E-10
3.6407E-09 3.8933E-09 4.1316E-09 4.3537E-09 4.5596E-09 4.7463E-09 4.9167E-09 5.0703E-09 5.2075E-09 5.3303E-09 5.4385E-09 5.5335E-09 5.6146E-09 5.6820E-09 5.7380E-09 5.7777E-09 5.8056E-09 5.8188E-09 5.8186E-09 5.8025E-09 5.7727E-09 5.7262E-09 5.6640E-09 5.5863E-09 5.4937E-09 5.3862E-09 5.2651E-09 5.1283E-09 4.9783E-09 4.8155E-09 4.6411E-09 4.4562E-09 4.2622E-09 4.0613E-09 3.8546E-09 3.6432E-09 3.4287E-09 3.2130E-09 2.9983E-09 2.7861E-09 2.5784E-09 2.3762E-09 2.1804E-09 1.9918E-09 1.8115E-09 1.6395E-09 1.4772E-09 1.3259E-09 1.1849E-09 1.0546E-09 9.3596E-10 8.2761E-10 7.2879E-10 6.3747E-10 5.5438E-10 4.7851E-10 4.0793E-10
3.7013E-09 3.9644E-09 4.2145E-09 4.4499E-09 4.6670E-09 4.8675E-09 5.0503E-09 5.2158E-09 5.3661E-09 5.5006E-09 5.6211E-09 5.7269E-09 5.8197E-09 5.8979E-09 5.9624E-09 6.0121E-09 6.0492E-09 6.0709E-09 6.0759E-09 6.0654E-09 6.0398E-09 5.9975E-09 5.9397E-09 5.8651E-09 5.7728E-09 5.6640E-09 5.5393E-09 5.3993E-09 5.2444E-09 5.0755E-09 4.8938E-09 4.7005E-09 4.4972E-09 4.2857E-09 4.0680E-09 3.8448E-09 3.6183E-09 3.3902E-09 3.1623E-09 2.9376E-09 2.7173E-09 2.5027E-09 2.2946E-09 2.0939E-09 1.9015E-09 1.7194E-09 1.5483E-09 1.3869E-09 1.2369E-09 1.0994E-09 9.7310E-10 8.5800E-10 7.5500E-10 6.5923E-10 5.7106E-10 4.9295E-10 4.2104E-10
3.7523E-09 4.0255E-09 4.2878E-09 4.5343E-09 4.7651E-09 4.9783E-09 5.1739E-09 5.3536E-09 5.5165E-09 5.6645E-09 5.7971E-09 5.9170E-09 6.0198E-09 6.1098E-09 6.1867E-09 6.2469E-09 6.2920E-09 6.3209E-09 6.3343E-09 6.3326E-09 6.3119E-09 6.2742E-09 6.2184E-09 6.1444E-09 6.0526E-09 5.9434E-09 5.8168E-09 5.6732E-09 5.5133E-09 5.3382E-09 5.1491E-09 4.9473E-09 4.7344E-09 4.5120E-09 4.2828E-09 4.0479E-09 3.8088E-09 3.5677E-09 3.3268E-09 3.0887E-09 2.8548E-09 2.6273E-09 2.4070E-09 2.1947E-09 1.9918E-09 1.7990E-09 1.6167E-09 1.4466E-09 1.2898E-09 1.1442E-09 1.0107E-09 8.9049E-10 7.8171E-10 6.8229E-10 5.9074E-10 5.0911E-10 4.3511E-10
3.7936E-09 4.0770E-09 4.3493E-09 4.6085E-09 4.8516E-09 5.0781E-09 5.2882E-09 5.4814E-09 5.6587E-09 5.8201E-09 5.9677E-09 6.0989E-09 6.2178E-09 6.3191E-09 6.4069E-09 6.4772E-09 6.5329E-09 6.5735E-09 6.5946E-09 6.5987E-09 6.5845E-09 6.5518E-09 6.5004E-09 6.4305E-09 6.3416E-09 6.2324E-09 6.1042E-09 5.9576E-09 5.7933E-09 5.6125E-09 5.4163E-09 5.2062E-09 4.9837E-09 4.7508E-09 4.5100E-09 4.2628E-09 4.0111E-09 3.7571E-09 3.5026E-09 3.2504E-09 3.0030E-09 2.7617E-09 2.5281E-09 2.3035E-09 2.0887E-09 1.8847E-09 1.6929E-09 1.5134E-09 1.3461E-09 1.1924E-09 1.0527E-09 9.2528E-10 8.1065E-10 7.0735E-10 6.0996E-10 5.2416E-10 4.4903E-10
3.8263E-09 4.1173E-09 4.4002E-09 4.6706E-09 4.9267E-09 5.1672E-09 5.3911E-09 5.5990E-09 5.7911E-09 5.9680E-09 6.1294E-09 6.2768E-09 6.4070E-09 6.5222E-09 6.6218E-09 6.7065E-09 6.7723E-09 6.8217E-09 6.8525E-09 6.8658E-09 6.8584E-09 6.8326E-09 6.7869E-09 6.7196E-09 6.6314E-09 6.5224E-09 6.3928E-09 6.2433E-09 6.0747E-09 5.8881E-09 5.6848E-09 5.4664E-09 5.2344E-09 4.9909E-09 4.7380E-09 4.4786E-09 4.2141E-09 3.9465E-09 3.6784E-09 3.4122E-09 3.1505E-09 2.8953E-09 2.6487E-09 2.4111E-09 2.1841E-09 1.9691E-09 1.7670E-09 1.5781E-09 1.4035E-09 1.2426E-09 1.0951E-09 9.6154E-10 8.4133E-10 7.3249E-10 6.3177E-10 5.4179E-10 4.6253E-10
3.8501E-09 4.1478E-09 4.4396E-09 4.7215E-09 4.9902E-09 5.2439E-09 5.4827E-09 5.7059E-09 5.9135E-09 6.1065E-09 6.2831E-09 6.4444E-09 6.5891E-09 6.7181E-09 6.8325E-09 6.9281E-09 7.0064E-09 7.0678E-09 7.1089E-09 7.1310E-09 7.1335E-09 7.1141E-09 7.0728E-09 7.0093E-09 6.9234E-09 6.8150E-09 6.6846E-09 6.5327E-09 6.3602E-09 6.1683E-09 5.9582E-09 5.7315E-09 5.4901E-09 5.2360E-09 4.9714E-09 4.6995E-09 4.4218E-09 4.1407E-09 3.8588E-09 3.5783E-09 3.3023E-09 3.0332E-09 2.7724E-09 2.5219E-09 2.2829E-09 2.0564E-09 1.8433E-09 1.6450E-09 1.4615E-09 1.2931E-09 1.1393E-09 9.9919E-10 8.7216E-10 7.5921E-10 6.5463E-10 5.6061E-10 4.7908E-10
3.8675E-09 4.1679E-09 4.4686E-09 4.7607E-09 5.0410E-09 5.3091E-09 5.5629E-09 5.8014E-09 6.0260E-09 6.2329E-09 6.4256E-09 6.6021E-09 6.7632E-09 6.9066E-09 7.0338E-09 7.1440E-09 7.2357E-09 7.3088E-09 7.3619E-09 7.3946E-09 7.4052E-09 7.3945E-09 7.3604E-09 7.3016E-09 7.2200E-09 7.1134E-09 6.9830E-09 6.8296E-09 6.6542E-09 6.4577E-09 6.2414E-09 6.0072E-09 5.7569E-09 5.4926E-09 5.2167E-09 4.9320E-09 4.6414E-09 4.3468E-09 4.0506E-09 3.7559E-09 3.4654E-09 3.1814E-09 2.9067E-09 2.6430E-09 2.3912E-09 2.1526E-09 1.9288E-09 1.7201E-09 1.5271E-09 1.3494E-09 1.1871E-09 1.0401E-09 9.0801E-10 7.8872E-10 6.7909E-10 5.8160E-10 4.9635E-10
3.8786E-09 4.1792E-09 4.4867E-09 4.7879E-09 5.0812E-09 5.3626E-09 5.6307E-09 5.8860E-09 6.1237E-09 6.3483E-09 6.5563E-09 6.7497E-09 6.9249E-09 7.0845E-09 7.2276E-09 7.3521E-09 7.4573E-09 7.5442E-09 7.6094E-09 7.6539E-09 7.6753E-09 7.6717E-09 7.6446E-09 7.5912E-09 7.5122E-09 7.4076E-09 7.2778E-09 7.1237E-09 6.9455E-09 6.7445E-09 6.5224E-09 6.2807E-09 6.0215E-09 5.7471E-09 5.4598E-09 5.1626E-09 4.8589E-09 4.5505E-09 4.2404E-09 3.9314E-09 3.6259E-09 3.3280E-09 3.0394E-09 2.7620E-09 2.4976E-09 2.2475E-09 2.0126E-09 1.7935E-09 1.5906E-09 1.4045E-09 1.2349E-09 1.0814E-09 9.4296E-10 8.1913E-10 7.0640E-10 6.0337E-10 5.1534E-10
3.8852E-09 4.1828E-09 4.4943E-09 4.8059E-09 5.1096E-09 5.4038E-09 5.6868E-09 5.9548E-09 6.2105E-09 6.4498E-09 6.6751E-09 6.8831E-09 7.0761E-09 7.2518E-09 7.4102E-09 7.5502E-09 7.6712E-09 7.7722E-09 7.8510E-09 7.9063E-09 7.9382E-09 7.9437E-09 7.9242E-09 7.8771E-09 7.8039E-09 7.7039E-09 7.5761E-09 7.4218E-09 7.2419E-09 7.0377E-09 6.8105E-09 6.5621E-09 6.2948E-09 6.0108E-09 5.7128E-09 5.4035E-09 5.0866E-09 4.7648E-09 4.4406E-09 4.1172E-09 3.7977E-09 3.4853E-09 3.1823E-09 2.8915E-09 2.6143E-09 2.3519E-09 2.1051E-09 1.8751E-09 1.6624E-09 1.4669E-09 1.2885E-09 1.1270E-09 9.8247E-10 8.5319E-10 7.3517E-10 6.2844E-10 5.3535E-10
3.8848E-09 4.1797E-09 4.4943E-09 4.8126E-09 5.1267E-09 5.4329E-09 5.7281E-09 6.0124E-09 6.2817E-09 6.5382E-09 6.7788E-09 7.0048E-09 7.2135E-09 7.4061E-09 7.5817E-09 7.7384E-09 7.8745E-09 7.9899E-09 8.0824E-09 8.1499E-09 8.1930E-09 8.2085E-09 8.1976E-09 8.1585E-09 8.0904E-09 7.9935E-09 7.8677E-09 7.7141E-09 7.5332E-09 7.3259E-09 7.0940E-09 6.8394E-09 6.5641E-09 6.2708E-09 5.9622E-09 5.6413E-09 5.3114E-09 4.9761E-09 4.6382E-09 4.3008E-09 3.9672E-09 3.6404E-09 3.3240E-09 3.0196E-09 2.7294E-09 2.4546E-09 2.1965E-09 1.9559E-09 1.7333E-09 1.5289E-09 1.3428E-09 1.1747E-09 1.0233E-09 8.8783E-10 7.6525E-10 6.5385E-10 5.5635E-10
3.8772E-09 4.1723E-09 4.4849E-09 4.8097E-09 5.1320E-09 5.4491E-09 5.7575E-09 6.0540E-09 6.3397E-09 6.6109E-09 6.8687E-09 7.1104E-09 7.3369E-09 7.5474E-09 7.7401E-09 7.9129E-09 8.0648E-09 8.1951E-09 8.3014E-09 8.3824E-09 8.4376E-09 8.4645E-09 8.4623E-09 8.4309E-09 8.3705E-09 8.2784E-09 8.1576E-09 8.0057E-09 7.8256E-09 7.6167E-09 7.3813E-09 7.1212E-09 6.8392E-09 6.5374E-09 6.2190E-09 5.8871E-09 5.5448E-09 5.1966E-09 4.8454E-09 4.4944E-09 4.1469E-09 3.8065E-09 3.4760E-09 3.1582E-09 2.8548E-09 2.5676E-09 2.2976E-09 2.0459E-09 1.8128E-09 1.5991E-09 1.4041E-09 1.2274E-09 1.0685E-09 9.2612E-10 7.9668E-10 6.8069E-10 5.7841E-10
3.8626E-09 4.1587E-09 4.4691E-09 4.7961E-09 5.1271E-09 5.4527E-09 5.7718E-09 6.0829E-09 6.3814E-09 6.6687E-09 6.9418E-09 7.2012E-09 7.4456E-09 7.6731E-09 7.8826E-09 8.0718E-09 8.2399E-09 8.3859E-09 8.5073E-09 8.6016E-09 8.6694E-09 8.7074E-09 8.7174E-09 8.6960E-09 8.6420E-09 8.5576E-09 8.4398E-09 8.2902E-09 8.1100E-09 7.8999E-09 7.6613E-09 7.3968E-09 7.1083E-09 6.7985E-09 6.4708E-09 6.1282E-09 5.7745E-09 5.4137E-09 5.0496E-09 4.6854E-09 4.3248E-09 3.9709E-09 3.6271E-09 3.2959E-09 2.9797E-09 2.6800E-09 2.3983E-09 2.1357E-09 1.8930E-09 1.6699E-09 1.4663E-09 1.2815E-09 1.1146E-09 9.6502E-10 8.3015E-10 7.0920E-10 6.0176E-10
3.8400E-09 4.1366E-09 4.4460E-09 4.7741E-09 5.1091E-09 5.4439E-09 5.7741E-09 6.0952E-09 6.4083E-09 6.7099E-09 6.9994E-09 7.2760E-09 7.5367E-09 7.7812E-09 8.0073E-09 8.2138E-09 8.3982E-09 8.5600E-09 8.6964E-09 8.8051E-09 8.8872E-09 8.9391E-09 8.9593E-09 8.9482E-09 8.9034E-09 8.8245E-09 8.7133E-09 8.5678E-09 8.3904E-09 8.1802E-09 7.9402E-09 7.6720E-09 7.3781E-09 7.0617E-09 6.7255E-09 6.3734E-09 6.0091E-09 5.6366E-09 5.2605E-09 4.8841E-09 4.5108E-09 4.1439E-09 3.7866E-09 3.4423E-09 3.1129E-09 2.8009E-09 2.5076E-09 2.2340E-09 1.9802E-09 1.7465E-09 1.5326E-09 1.3381E-09 1.1630E-09 1.0061E-09 8.6422E-10 7.3809E-10 6.2653E-10
3.8085E-09 4.1073E-09 4.4168E-09 4.7416E-09 5.0820E-09 5.4232E-09 5.7605E-09 6.0938E-09 6.4189E-09 6.7346E-09 7.0400E-09 7.3316E-09 7.6090E-09 7.8701E-09 8.1136E-09 8.3363E-09 8.5375E-09 8.7153E-09 8.8673E-09 8.9921E-09 9.0887E-09 9.1533E-09 9.1867E-09 9.1865E-09 9.1514E-09 9.0821E-09 8.9766E-09 8.8355E-09 8.6598E-09 8.4509E-09 8.2099E-09 7.9390E-09 7.6410E-09 7.3185E-09 6.9749E-09 6.6143E-09 6.2403E-09 5.8583E-09 5.4719E-09 5.0840E-09 4.6982E-09 4.3186E-09 3.9485E-09 3.5910E-09 3.2492E-09 2.9248E-09 2.6194E-09 2.3338E-09 2.0686E-09 1.8243E-09 1.6009E-09 1.3978E-09 1.2142E-09 1.0495E-09 9.0070E-10 7.6862E-10 6.5127E-10
3.7686E-09 4.0683E-09 4.3792E-09 4.7028E-09 5.0429E-09 5.3886E-09 5.7347E-09 6.0769E-09 6.4133E-09 6.7428E-09 7.0613E-09 7.3682E-09 7.6613E-09 7.9389E-09 8.1984E-09 8.4377E-09 8.6556E-09 8.8500E-09 9.0193E-09 9.1597E-09 9.2709E-09 9.3507E-09 9.3973E-09 9.4090E-09 9.3848E-09 9.3237E-09 9.2251E-09 9.0901E-09 8.9187E-09 8.7117E-09 8.4712E-09 8.1991E-09 7.8979E-09 7.5720E-09 7.2227E-09 6.8550E-09 6.4738E-09 6.0823E-09 5.6846E-09 5.2851E-09 4.8875E-09 4.4955E-09 4.1129E-09 3.7431E-09 3.3887E-09 3.0522E-09 2.7349E-09 2.4377E-09 2.1613E-09 1.9063E-09 1.6724E-09 1.4594E-09 1.2671E-09 1.0948E-09 9.3892E-10 8.0144E-10 6.7902E-10
3.7198E-09 4.0211E-09 4.3317E-09 4.6544E-09 4.9934E-09 5.3430E-09 5.6945E-09 6.0448E-09 6.3918E-09 6.7318E-09 7.0636E-09 7.3844E-09 7.6927E-09 7.9857E-09 8.2608E-09 8.5171E-09 8.7518E-09 8.9638E-09 9.1483E-09 9.3055E-09 9.4334E-09 9.5275E-09 9.5881E-09 9.6125E-09 9.5995E-09 9.5480E-09 9.4602E-09 9.3323E-09 9.1660E-09 8.9630E-09 8.7260E-09 8.4539E-09 8.1513E-09 7.8215E-09 7.4688E-09 7.0969E-09 6.7086E-09 6.3087E-09 5.9016E-09 5.4924E-09 5.0839E-09 4.6803E-09 4.2854E-09 3.9031E-09 3.5360E-09 3.1865E-09 2.8562E-09 2.5465E-09 2.2580E-09 1.9915E-09 1.7472E-09 1.5246E-09 1.3234E-09 1.1429E-09 9.8000E-10 8.3594E-10 7.0665E-10
3.6621E-09 3.9632E-09 4.2757E-09 4.5982E-09 4.9338E-09 5.2849E-09 5.6409E-09 5.9977E-09 6.3528E-09 6.7032E-09 7.0462E-09 7.3804E-09 7.7023E-09 8.0094E-09 8.3008E-09 8.5732E-09 8.8250E-09 9.0525E-09 9.2554E-09 9.4291E-09 9.5725E-09 9.6819E-09 9.7568E-09 9.7953E-09 9.7952E-09 9.7560E-09 9.6765E-09 9.5572E-09 9.3990E-09 9.2012E-09 8.9658E-09 8.6958E-09 8.3943E-09 8.0668E-09 7.7136E-09 7.3369E-09 6.9425E-09 6.5348E-09 6.1186E-09 5.6984E-09 5.2785E-09 4.8636E-09 4.4576E-09 4.0636E-09 3.6848E-09 3.3231E-09 2.9808E-09 2.6589E-09 2.3584E-09 2.0801E-09 1.8247E-09 1.5925E-09 1.3827E-09 1.1937E-09 1.0227E-09 8.7223E-10 7.3739E-10
3.5975E-09 3.8963E-09 4.2085E-09 4.5302E-09 4.8650E-09 5.2145E-09 5.5732E-09 5.9357E-09 6.2973E-09 6.6557E-09 7.0097E-09 7.3547E-09 7.6887E-09 8.0108E-09 8.3169E-09 8.6051E-09 8.8725E-09 9.1181E-09 9.3366E-09 9.5271E-09 9.6861E-09 9.8119E-09 9.9028E-09 9.9552E-09 9.9688E-09 9.9419E-09 9.8743E-09 9.7650E-09 9.6140E-09 9.4224E-09 9.1944E-09 8.9319E-09 8.6349E-09 8.3063E-09 7.9498E-09 7.5697E-09 7.1704E-09 6.7563E-09 6.3315E-09 5.9019E-09 5.4733E-09 5.0489E-09 4.6322E-09 4.2269E-09 3.8357E-09 3.4614E-09 3.1064E-09 2.7721E-09 2.4600E-09 2.1713E-09 1.9063E-09 1.6645E-09 1.4451E-09 1.2467E-09 1.0681E-09 9.1069E-10 7.6880E-10
