Assets/Resources/2015_m01_d13_1200(utc+0800)_l00_csi_1hr_conc.grd
DSAA
         159         159
     -79.000      79.000
     -79.000      79.000
  0.0000E+00  0.2847E-05
[rows 25 to 49 of 159, columns 0 to 56 of 159]
3.4414E-11 3.4447E-11 3.4375E-11 3.4199E-11 3.3920E-11 3.3540E-11 3.3064E-11 3.2494E-11 3.1837E-11 3.1098E-11 3.0283E-11 2.9399E-11 2.7678E-11 2.5887E-11 2.4896E-11 2.3036E-11 2.1131E-11 2.0121E-11 1.9102E-11 1.7325E-11 1.6347E-11 1.4627E-11 1.2925E-11 1.1244E-11 9.7903E-12 8.3744E-12 6.9980E-12 4.9450E-12 3.7916E-12 3.4729E-12 1.7336E-12 8.3026E-13 7.5207E-13 0.0000E+00 0.0000E+00 0.0000E+00 0.0000E+00 0.0000E+00 0.0000E+00 0.0000E+00 0.0000E+00 0.0000E+00 0.0000E+00 0.0000E+00 0.0000E+00 0.0000E+00 0.0000E+00 0.0000E+00 0.0000E+00 0.0000E+00 0.0000E+00 0.0000E+00 0.0000E+00 0.0000E+00 0.0000E+00 0.0000E+00 0.0000E+00
3.9893E-11 3.9933E-11 3.9852E-11 3.9650E-11 3.9329E-11 3.8891E-11 3.8341E-11 3.7683E-11 3.6923E-11 3.6067E-11 3.5124E-11 3.4101E-11 3.3006E-11 3.1848E-11 3.0636E-11 2.9380E-11 2.7305E-11 2.6024E-11 2.3937E-11 2.1837E-11 2.0613E-11 1.8561E-11 1.6674E-11 1.4816E-11 1.3808E-11 1.2069E-11 9.6976E-12 8.2386E-12 6.8319E-12 4.7822E-12 3.6390E-12 2.5484E-12 1.6362E-12 7.7486E-13 0.0000E+00 0.0000E+00 0.0000E+00 0.0000E+00 0.0000E+00 0.0000E+00 0.0000E+00 0.0000E+00 0.0000E+00 0.0000E+00 0.0000E+00 0.0000E+00 0.0000E+00 0.0000E+00 0.0000E+00 0.0000E+00 0.0000E+00 0.0000E+00 0.0000E+00 0.0000E+00 0.0000E+00 0.0000E+00 0.0000E+00
4.8864E-11 4.9932E-11 4.9889E-11 4.9692E-11 4.9345E-11 4.8851E-11 4.8212E-11 4.7436E-11 4.6528E-11 4.5498E-11 4.4353E-11 4.2288E-11 4.0106E-11 3.8727E-11 3.6396E-11 3.4919E-11 3.2493E-11 3.0971E-11 2.9429E-11 2.7878E-11 2.5577E-11 2.3286E-11 2.1015E-11 1.9656E-11 1.6751E-11 1.5566E-11 1.3693E-11 1.1157E-11 9.4616E-12 7.9830E-12 6.5696E-12 4.5552E-12 3.4400E-12 1.6877E-12 7.9355E-13 0.0000E+00 0.0000E+00 0.0000E+00 0.0000E+00 0.0000E+00 0.0000E+00 0.0000E+00 0.0000E+00 0.0000E+00 0.0000E+00 0.0000E+00 0.0000E+00 0.0000E+00 0.0000E+00 0.0000E+00 0.0000E+00 0.0000E+00 0.0000E+00 0.0000E+00 0.0000E+00 0.0000E+00 0.0000E+00
5.7556E-11 5.7688E-11 5.7643E-11 5.7421E-11 5.7025E-11 5.6458E-11 5.5725E-11 5.4832E-11 5.3788E-11 5.2601E-11 5.1281E-11 4.9840E-11 4.8290E-11 4.6643E-11 4.4914E-11 4.3114E-11 4.0443E-11 3.8579E-11 3.5864E-11 3.3124E-11 3.1293E-11 2.8594E-11 2.6058E-11 2.4382E-11 2.1973E-11 1.9617E-11 1.6576E-11 1.5310E-11 1.3374E-11 1.0814E-11 8.3583E-12 6.8489E-12 5.5296E-12 3.5504E-12 1.7302E-12 8.0782E-13 0.0000E+00 0.0000E+00 0.0000E+00 0.0000E+00 0.0000E+00 0.0000E+00 0.0000E+00 0.0000E+00 0.0000E+00 0.0000E+00 0.0000E+00 0.0000E+00 0.0000E+00 0.0000E+00 0.0000E+00 0.0000E+00 0.0000E+00 0.0000E+00 0.0000E+00 0.0000E+00 0.0000E+00
6.8450E-11 6.9776E-11 7.0961E-11 7.0777E-11 7.0377E-11 6.9763E-11 6.8942E-11 6.7919E-11 6.6704E-11 6.5308E-11 6.3743E-11 6.2022E-11 5.9163E-11 5.7201E-11 5.4109E-11 5.1980E-11 4.8729E-11 4.5397E-11 4.3176E-11 4.0936E-11 3.7900E-11 3.4871E-11 3.2749E-11 2.9825E-11 2.6947E-11 2.4317E-11 2.1761E-11 1.9284E-11 1.7028E-11 1.4060E-11 1.2865E-11 1.0323E-11 7.9051E-12 5.7118E-12 3.6422E-12 2.5430E-12 1.5794E-12 0.0000E+00 0.0000E+00 0.0000E+00 0.0000E+00 0.0000E+00 0.0000E+00 0.0000E+00 0.0000E+00 0.0000E+00 0.0000E+00 0.0000E+00 0.0000E+00 0.0000E+00 0.0000E+00 0.0000E+00 0.0000E+00 0.0000E+00 0.0000E+00 0.0000E+00 0.0000E+00
8.2035E-11 8.1668E-11 8.1718E-11 8.1517E-11 8.1066E-11 8.0369E-11 7.9432E-11 7.8263E-11 7.6873E-11 7.6440E-11 7.4646E-11 7.2667E-11 7.0519E-11 6.7076E-11 6.4663E-11 6.2142E-11 5.9533E-11 5.6854E-11 5.3170E-11 4.9444E-11 4.6764E-11 4.3071E-11 3.9391E-11 3.6108E-11 3.2883E-11 2.9726E-11 2.7568E-11 2.3886E-11 2.1225E-11 1.8670E-11 1.6379E-11 1.3403E-11 1.0707E-11 8.1525E-12 6.6011E-12 5.2790E-12 3.3301E-12 1.5948E-12 0.0000E+00 0.0000E+00 0.0000E+00 0.0000E+00 0.0000E+00 0.0000E+00 0.0000E+00 0.0000E+00 0.0000E+00 0.0000E+00 0.0000E+00 0.0000E+00 0.0000E+00 0.0000E+00 0.0000E+00 0.0000E+00 0.0000E+00 0.0000E+00 0.0000E+00
1.0008E-10 9.8944E-11 9.8709E-11 9.8587E-11 9.8162E-11 9.7437E-11 9.6417E-11 9.5112E-11 9.3533E-11 9.1694E-11 8.9611E-11 8.7301E-11 8.4785E-11 8.2083E-11 7.9218E-11 7.6212E-11 7.2082E-11 6.8903E-11 6.4628E-11 6.0290E-11 5.7062E-11 5.1757E-11 4.8656E-11 4.4835E-11 4.1255E-11 3.6916E-11 3.4059E-11 3.2184E-11 2.9351E-11 2.6118E-11 2.3942E-11 2.1810E-11 1.8937E-11 1.7061E-11 1.4603E-11 1.2252E-11 1.0146E-11 8.1392E-12 6.3271E-12 4.6188E-12 4.3655E-12 3.9637E-12 3.4291E-12 0.0000E+00 0.0000E+00 0.0000E+00 0.0000E+00 0.0000E+00 0.0000E+00 0.0000E+00 0.0000E+00 0.0000E+00 0.0000E+00 0.0000E+00 0.0000E+00 0.0000E+00 0.0000E+00
1.1785E-10 1.1602E-10 1.1341E-10 1.1422E-10 1.1489E-10 1.1527E-10 1.1538E-10 1.1395E-10 1.1219E-10 1.1011E-10 1.0773E-10 1.0507E-10 1.0215E-10 9.7959E-11 9.4630E-11 9.0044E-11 8.6420E-11 8.1563E-11 7.7765E-11 7.2796E-11 6.9569E-11 6.5338E-11 6.1118E-11 5.6992E-11 5.3070E-11 4.8318E-11 4.5767E-11 4.1470E-11 3.7798E-11 3.4534E-11 3.1403E-11 2.7697E-11 2.5072E-11 2.1871E-11 1.8838E-11 1.6156E-11 1.3630E-11 1.1416E-11 9.3425E-12 7.5177E-12 5.8584E-12 5.7763E-12 5.6754E-12 5.5567E-12 5.4215E-12 5.2710E-12 4.8799E-12 0.0000E+00 0.0000E+00 0.0000E+00 0.0000E+00 0.0000E+00 0.0000E+00 0.0000E+00 0.0000E+00 0.0000E+00 0.0000E+00
1.4222E-10 1.3835E-10 1.3642E-10 1.3481E-10 1.3439E-10 1.3358E-10 1.3236E-10 1.3074E-10 1.2874E-10 1.2638E-10 1.2367E-10 1.2064E-10 1.1732E-10 1.1372E-10 1.0989E-10 1.0585E-10 1.0164E-10 9.8073E-11 9.4271E-11 9.0262E-11 8.5594E-11 8.0450E-11 7.6945E-11 7.2269E-11 6.6090E-11 6.1185E-11 5.6384E-11 5.1936E-11 4.6562E-11 4.1687E-11 3.6991E-11 3.4495E-11 3.0575E-11 2.6845E-11 2.3463E-11 2.1127E-11 1.8267E-11 1.5673E-11 1.2551E-11 1.0416E-11 8.5517E-12 6.8709E-12 6.7510E-12 6.6099E-12 6.4491E-12 6.2702E-12 6.0748E-12 5.8649E-12 5.6424E-12 3.7722E-12 0.0000E+00 0.0000E+00 0.0000E+00 0.0000E+00 0.0000E+00 0.0000E+00 0.0000E+00
1.6803E-10 1.6344E-10 1.6131E-10 1.5904E-10 1.5853E-10 1.5773E-10 1.5646E-10 1.5473E-10 1.5253E-10 1.4990E-10 1.4685E-10 1.4341E-10 1.3961E-10 1.3549E-10 1.3145E-10 1.2781E-10 1.2302E-10 1.1920E-10 1.1341E-10 1.0911E-10 1.0368E-10 9.7507E-11 9.2510E-11 8.5476E-11 8.1123E-11 7.5806E-11 6.9751E-11 6.5025E-11 6.0390E-11 5.5170E-11 5.0229E-11 4.5790E-11 4.1487E-11 3.8594E-11 3.5973E-11 3.2606E-11 2.9522E-11 2.5844E-11 2.3151E-11 1.9851E-11 1.7390E-11 1.5040E-11 1.2660E-11 8.8500E-12 7.6447E-12 7.4327E-12 7.2012E-12 6.9525E-12 6.6305E-12 5.1402E-12 2.7703E-12 4.9167E-13 0.0000E+00 0.0000E+00 0.0000E+00 0.0000E+00 0.0000E+00
1.9913E-10 1.9473E-10 1.8967E-10 1.8599E-10 1.8204E-10 1.8018E-10 1.7878E-10 1.7684E-10 1.7549E-10 1.7490E-10 1.7275E-10 1.6888E-10 1.6530E-10 1.6134E-10 1.5561E-10 1.5155E-10 1.4503E-10 1.4084E-10 1.3414E-10 1.2839E-10 1.2181E-10 1.1662E-10 1.1133E-10 1.0523E-10 9.9134E-11 9.3228E-11 8.7586E-11 8.2009E-11 7.7021E-11 7.1071E-11 6.5278E-11 5.9772E-11 5.4303E-11 4.9485E-11 4.4892E-11 4.0888E-11 3.7088E-11 3.3692E-11 2.9778E-11 2.6957E-11 2.3601E-11 2.1253E-11 1.8428E-11 1.7299E-11 1.6889E-11 1.6429E-11 1.5623E-11 8.2129E-12 7.7681E-12 6.4597E-12 3.6902E-12 1.0878E-12 0.0000E+00 0.0000E+00 0.0000E+00 0.0000E+00 0.0000E+00
2.3585E-10 2.2951E-10 2.2438E-10 2.1871E-10 2.1464E-10 2.1125E-10 2.0914E-10 2.0709E-10 2.0442E-10 2.0116E-10 1.9811E-10 1.9443E-10 1.8997E-10 1.8599E-10 1.8051E-10 1.7621E-10 1.7020E-10 1.6439E-10 1.5884E-10 1.5250E-10 1.4677E-10 1.3956E-10 1.3361E-10 1.2681E-10 1.1967E-10 1.1430E-10 1.0667E-10 9.9871E-11 9.4375E-11 8.7045E-11 7.9937E-11 7.3329E-11 6.6022E-11 6.0208E-11 5.4929E-11 5.0096E-11 4.4752E-11 4.0739E-11 3.7170E-11 3.3091E-11 3.0137E-11 2.6658E-11 2.3478E-11 2.1292E-11 2.0056E-11 1.9509E-11 1.8909E-11 1.8259E-11 1.7300E-11 1.3720E-11 6.9934E-12 1.8793E-12 0.0000E+00 0.0000E+00 0.0000E+00 0.0000E+00 0.0000E+00
2.8249E-10 2.7437E-10 2.6628E-10 2.5714E-10 2.5077E-10 2.4382E-10 2.4085E-10 2.3815E-10 2.3683E-10 2.3569E-10 2.3160E-10 2.2837E-10 2.2320E-10 2.1902E-10 2.1298E-10 2.0761E-10 2.0122E-10 1.9487E-10 1.8845E-10 1.8135E-10 1.7396E-10 1.6541E-10 1.5905E-10 1.5105E-10 1.4254E-10 1.3434E-10 1.2741E-10 1.1957E-10 1.1191E-10 1.0469E-10 9.6578E-11 8.8958E-11 8.1618E-11 7.4886E-11 6.7537E-11 6.1721E-11 5.5462E-11 4.9866E-11 4.6477E-11 4.1835E-11 3.7622E-11 3.3655E-11 3.0045E-11 2.6756E-11 2.3731E-11 2.3085E-11 2.2375E-11 2.1567E-11 2.0288E-11 1.6967E-11 1.2958E-11 9.2095E-12 6.2472E-12 5.7124E-12 0.0000E+00 0.0000E+00 0.0000E+00
3.3881E-10 3.2970E-10 3.2046E-10 3.1047E-10 3.0155E-10 2.9196E-10 2.8433E-10 2.7870E-10 2.7407E-10 2.7165E-10 2.6838E-10 2.6569E-10 2.6037E-10 2.5564E-10 2.4899E-10 2.4301E-10 2.3587E-10 2.2873E-10 2.2267E-10 2.1463E-10 2.0761E-10 1.9818E-10 1.8752E-10 1.7903E-10 1.6954E-10 1.6017E-10 1.4986E-10 1.4081E-10 1.3215E-10 1.2366E-10 1.1564E-10 1.0691E-10 9.8477E-11 9.0666E-11 8.3399E-11 7.4441E-11 6.7028E-11 6.2566E-11 5.6393E-11 5.0911E-11 4.6052E-11 4.1660E-11 3.7522E-11 3.3767E-11 3.0353E-11 2.7219E-11 2.6382E-11 2.5337E-11 2.3596E-11 2.0220E-11 1.5490E-11 1.1345E-11 7.9382E-12 6.9881E-12 6.5348E-12 6.0868E-12 4.9738E-12
4.4539E-10 4.3834E-10 4.2701E-10 4.1262E-10 3.9725E-10 3.8233E-10 3.6359E-10 3.5311E-10 3.4128E-10 3.3271E-10 3.2317E-10 3.1600E-10 3.0680E-10 3.0048E-10 2.9449E-10 2.8655E-10 2.8030E-10 2.7194E-10 2.6436E-10 2.5514E-10 2.4566E-10 2.3599E-10 2.2517E-10 2.1534E-10 2.0446E-10 1.9375E-10 1.8111E-10 1.7082E-10 1.5854E-10 1.4666E-10 1.3740E-10 1.2744E-10 1.1781E-10 1.0880E-10 1.0036E-10 9.2246E-11 8.4952E-11 7.6080E-11 6.8007E-11 6.1493E-11 5.5735E-11 5.0651E-11 4.6066E-11 4.1743E-11 3.7080E-11 3.3503E-11 3.0996E-11 2.9656E-11 2.7388E-11 2.4267E-11 1.9098E-11 1.4318E-11 1.0341E-11 8.2934E-12 7.7555E-12 7.2238E-12 6.7021E-12
5.1871E-10 5.1421E-10 5.1020E-10 5.0200E-10 4.9426E-10 4.8125E-10 4.7070E-10 4.5557E-10 4.4201E-10 4.3065E-10 4.1563E-10 4.0249E-10 3.9053E-10 3.7569E-10 3.6532E-10 3.5021E-10 3.4045E-10 3.2641E-10 3.1402E-10 2.9900E-10 2.8827E-10 2.7498E-10 2.6640E-10 2.5524E-10 2.4404E-10 2.3286E-10 2.2057E-10 2.0860E-10 1.9456E-10 1.8228E-10 1.6914E-10 1.5539E-10 1.4335E-10 1.2956E-10 1.2087E-10 1.1046E-10 1.0194E-10 9.1783E-11 8.2370E-11 7.3861E-11 6.7001E-11 6.0959E-11 5.5635E-11 5.0840E-11 4.5605E-11 4.0766E-11 3.6287E-11 3.4529E-11 3.1638E-11 2.7975E-11 2.4502E-11 2.1764E-11 1.9811E-11 1.8094E-11 9.1680E-12 8.5396E-12 7.9228E-12
5.9821E-10 5.9467E-10 5.9341E-10 5.8802E-10 5.7971E-10 5.7199E-10 5.6140E-10 5.5239E-10 5.3968E-10 5.2432E-10 5.1402E-10 4.9872E-10 4.8317E-10 4.6655E-10 4.5274E-10 4.3688E-10 4.2028E-10 4.0527E-10 3.8640E-10 3.7080E-10 3.5472E-10 3.3858E-10 3.2322E-10 3.0538E-10 2.8992E-10 2.7457E-10 2.6193E-10 2.4940E-10 2.3592E-10 2.2379E-10 2.1471E-10 2.0371E-10 1.8876E-10 1.7079E-10 1.5659E-10 1.4234E-10 1.2410E-10 1.1456E-10 1.0242E-10 9.2419E-11 8.2383E-11 7.4046E-11 6.6583E-11 6.1001E-11 5.5973E-11 5.0533E-11 4.4601E-11 3.9875E-11 3.6296E-11 3.2135E-11 2.8361E-11 2.5464E-11 2.3430E-11 2.1887E-11 2.0441E-11 1.8981E-11 1.6609E-11
6.7985E-10 6.8332E-10 6.8402E-10 6.8223E-10 6.7415E-10 6.6668E-10 6.5759E-10 6.4499E-10 6.3441E-10 6.2124E-10 6.0999E-10 5.9624E-10 5.8205E-10 5.6814E-10 5.5192E-10 5.3306E-10 5.1320E-10 4.9590E-10 4.7625E-10 4.6159E-10 4.4158E-10 4.3086E-10 4.1282E-10 4.0050E-10 3.8333E-10 3.6890E-10 3.5463E-10 3.4331E-10 3.2964E-10 3.1902E-10 3.0563E-10 2.9226E-10 2.7577E-10 2.6265E-10 2.4338E-10 2.2038E-10 1.9923E-10 1.7415E-10 1.5574E-10 1.3051E-10 1.1582E-10 9.9845E-11 8.3145E-11 7.5194E-11 6.6733E-11 5.9856E-11 5.3936E-11 4.5892E-11 4.1563E-11 3.6934E-11 3.2896E-11 2.9808E-11 2.7638E-11 2.5921E-11 2.4209E-11 2.2517E-11 2.0857E-11
7.7221E-10 7.7620E-10 7.8373E-10 7.8352E-10 7.7737E-10 7.7377E-10 7.6469E-10 7.5266E-10 7.4032E-10 7.2529E-10 7.1300E-10 7.0002E-10 6.8837E-10 6.7073E-10 6.5265E-10 6.3365E-10 6.1339E-10 5.9220E-10 5.7066E-10 5.4923E-10 5.3133E-10 5.1129E-10 4.9392E-10 4.7381E-10 4.5655E-10 4.3719E-10 4.2071E-10 4.0200E-10 3.8650E-10 3.7121E-10 3.5609E-10 3.4093E-10 3.2577E-10 3.1066E-10 2.9565E-10 2.8078E-10 2.6515E-10 2.4351E-10 2.2445E-10 2.0099E-10 1.8177E-10 1.5675E-10 1.3744E-10 1.2200E-10 1.0257E-10 8.5025E-11 7.5032E-11 6.1547E-11 5.2534E-11 4.6694E-11 4.1563E-11 3.7400E-11 3.4065E-11 3.1045E-11 2.8557E-11 2.6560E-11 2.4601E-11
8.6954E-10 8.7979E-10 8.8827E-10 8.9263E-10 8.9219E-10 8.9082E-10 8.8511E-10 8.7518E-10 8.6646E-10 8.5187E-10 8.3645E-10 8.2127E-10 8.0398E-10 7.8773E-10 7.6942E-10 7.5266E-10 7.2805E-10 7.0215E-10 6.7800E-10 6.5264E-10 6.2697E-10 6.0098E-10 5.7697E-10 5.5685E-10 5.3679E-10 5.1420E-10 4.9775E-10 4.7901E-10 4.6086E-10 4.4332E-10 4.2608E-10 4.0923E-10 3.9225E-10 3.7585E-10 3.6285E-10 3.4875E-10 3.3527E-10 3.2190E-10 3.0829E-10 2.9081E-10 2.6698E-10 2.4738E-10 2.1739E-10 1.9508E-10 1.7344E-10 1.5563E-10 1.3897E-10 1.2145E-10 1.0329E-10 9.0759E-11 6.8910E-11 5.8080E-11 5.3835E-11 4.8415E-11 4.2964E-11 3.7581E-11 3.2368E-11
9.7583E-10 9.8477E-10 9.9984E-10 1.0074E-09 1.0101E-09 1.0143E-09 1.0103E-09 1.0032E-09 9.9462E-10 9.8364E-10 9.7037E-10 9.5540E-10 9.3896E-10 9.2077E-10 9.0071E-10 8.8148E-10 8.5856E-10 8.3572E-10 8.0792E-10 7.7747E-10 7.4844E-10 7.1870E-10 6.8617E-10 6.5618E-10 6.2586E-10 6.0147E-10 5.7890E-10 5.5728E-10 5.3629E-10 5.1568E-10 4.9590E-10 4.7904E-10 4.6517E-10 4.4812E-10 4.3575E-10 4.1829E-10 4.0255E-10 3.9127E-10 3.7738E-10 3.6841E-10 3.5209E-10 3.3128E-10 3.0817E-10 2.8137E-10 2.5784E-10 2.3159E-10 2.0433E-10 1.7854E-10 1.5131E-10 1.2085E-10 1.1010E-10 9.1542E-11 7.4708E-11 6.3909E-11 5.8729E-11 5.4740E-11 4.9918E-11
1.0827E-09 1.0996E-09 1.1167E-09 1.1312E-09 1.1362E-09 1.1459E-09 1.1454E-09 1.1410E-09 1.1371E-09 1.1259E-09 1.1132E-09 1.0983E-09 1.0822E-09 1.0650E-09 1.0480E-09 1.0288E-09 1.0047E-09 9.7986E-10 9.5268E-10 9.2404E-10 8.9372E-10 8.5762E-10 8.2032E-10 7.8572E-10 7.5116E-10 7.1592E-10 6.7978E-10 6.4772E-10 6.2353E-10 6.0319E-10 5.8317E-10 5.6914E-10 5.4896E-10 5.3542E-10 5.1878E-10 5.0703E-10 4.9180E-10 4.8013E-10 4.6295E-10 4.4656E-10 4.2748E-10 4.1100E-10 3.9299E-10 3.7107E-10 3.4383E-10 3.1575E-10 2.8373E-10 2.5439E-10 2.2376E-10 1.9877E-10 1.7506E-10 1.4785E-10 1.2996E-10 1.1078E-10 8.6700E-11 7.5070E-11 6.4319E-11
1.1979E-09 1.2191E-09 1.2421E-09 1.2593E-09 1.2721E-09 1.2844E-09 1.2912E-09 1.2906E-09 1.2899E-09 1.2814E-09 1.2698E-09 1.2565E-09 1.2405E-09 1.2232E-09 1.2045E-09 1.1856E-09 1.1649E-09 1.1419E-09 1.1158E-09 1.0850E-09 1.0521E-09 1.0176E-09 9.8168E-10 9.4339E-10 8.9773E-10 8.5575E-10 8.1429E-10 7.8053E-10 7.4356E-10 7.1537E-10 6.8733E-10 6.7108E-10 6.5258E-10 6.3780E-10 6.2213E-10 6.0269E-10 5.8969E-10 5.7284E-10 5.5514E-10 5.3986E-10 5.2288E-10 5.0476E-10 4.8690E-10 4.6702E-10 4.4299E-10 4.1188E-10 3.8041E-10 3.4559E-10 3.1383E-10 2.8760E-10 2.5131E-10 2.2337E-10 1.8505E-10 1.5822E-10 1.2483E-10 1.0880E-10 9.8633E-11
1.3176E-09 1.3435E-09 1.3728E-09 1.3959E-09 1.4145E-09 1.4335E-09 1.4437E-09 1.4494E-09 1.4524E-09 1.4500E-09 1.4409E-09 1.4291E-09 1.4152E-09 1.3982E-09 1.3797E-09 1.3596E-09 1.3386E-09 1.3155E-09 1.2898E-09 1.2616E-09 1.2312E-09 1.1973E-09 1.1583E-09 1.1174E-09 1.0752E-09 1.0345E-09 9.8544E-10 9.4411E-10 8.9399E-10 8.5817E-10 8.2785E-10 7.9381E-10 7.7464E-10 7.5120E-10 7.3802E-10 7.2060E-10 7.0189E-10 6.8535E-10 6.6664E-10 6.4625E-10 6.2755E-10 6.0731E-10 5.8820E-10 5.6879E-10 5.4513E-10 5.1685E-10 4.8012E-10 4.4100E-10 4.0104E-10 3.6692E-10 3.3210E-10 3.0467E-10 2.7100E-10 2.3553E-10 2.0217E-10 1.7304E-10 1.5138E-10
1.4430E-09 1.4724E-09 1.5108E-09 1.5385E-09 1.5616E-09 1.5900E-09 1.6047E-09 1.6179E-09 1.6265E-09 1.6278E-09 1.6256E-09 1.6169E-09 1.6057E-09 1.5906E-09 1.5728E-09 1.5530E-09 1.5316E-09 1.5085E-09 1.4829E-09 1.4545E-09 1.4232E-09 1.3892E-09 1.3527E-09 1.3189E-09 1.2796E-09 1.2377E-09 1.1932E-09 1.1496E-09 1.1054E-09 1.0511E-09 1.0126E-09 9.6947E-10 9.3017E-10 9.0317E-10 8.6869E-10 8.5340E-10 8.3162E-10 8.1160E-10 7.9104E-10 7.6954E-10 7.5168E-10 7.3029E-10 7.0866E-10 6.8661E-10 6.6322E-10 6.3631E-10 6.0297E-10 5.6468E-10 5.2491E-10 4.8261E-10 4.4404E-10 4.0788E-10 3.6343E-10 3.0990E-10 2.7108E-10 2.3130E-10 1.9729E-10
