Assets/Resources/2015_m01_d07_0100(utc+0800)_l00_csi_1hr_conc.grd
DSAA
         159         159
     -79.000      79.000
     -79.000      79.000
  0.0000E+00  0.4282E-05
[rows 0 to 24 of 159, columns 57 to 113 of 159]
2.0082E-09 2.0829E-09 2.1565E-09 2.2297E-09 2.3015E-09 2.3712E-09 2.4381E-09 2.5024E-09 2.5645E-09 2.6241E-09 2.6811E-09 2.7338E-09 2.7826E-09 2.8278E-09 2.8693E-09 2.9063E-09 2.9382E-09 2.9659E-09 2.9895E-09 3.0088E-09 3.0229E-09 3.0324E-09 3.0378E-09 3.0390E-09 3.0361E-09 3.0288E-09 3.0177E-09 3.0028E-09 2.9841E-09 2.9619E-09 2.9364E-09 2.9077E-09 2.8760E-09 2.8415E-09 2.8046E-09 2.7650E-09 2.7232E-09 2.6793E-09 2.6333E-09 2.5852E-09 2.5358E-09 2.4852E-09 2.4337E-09 2.3553E-09 2.3032E-09 2.2502E-09 2.1962E-09 2.1418E-09 2.0624E-09 2.0090E-09 1.9555E-09 1.9023E-09 1.8496E-09 1.7734E-09 1.7218E-09 1.6628E-09 1.6125E-09
2.0762E-09 2.1552E-09 2.2331E-09 2.3090E-09 2.3833E-09 2.4558E-09 2.5269E-09 2.5962E-09 2.6624E-09 2.7248E-09 2.7839E-09 2.8395E-09 2.8916E-09 2.9391E-09 2.9826E-09 3.0219E-09 3.0571E-09 3.0878E-09 3.1125E-09 3.1328E-09 3.1487E-09 3.1600E-09 3.1661E-09 3.1671E-09 3.1638E-09 3.1562E-09 3.1443E-09 3.1281E-09 3.1081E-09 3.0845E-09 3.0573E-09 3.0266E-09 2.9926E-09 2.9556E-09 2.9159E-09 2.8737E-09 2.8289E-09 2.7821E-09 2.7335E-09 2.6830E-09 2.6309E-09 2.5768E-09 2.5216E-09 2.4655E-09 2.4090E-09 2.3263E-09 2.2701E-09 2.2129E-09 2.1553E-09 2.0976E-09 2.0159E-09 1.9598E-09 1.9040E-09 1.8490E-09 1.7705E-09 1.7171E-09 1.6562E-09
2.1476E-09 2.2292E-09 2.3098E-09 2.3894E-09 2.4685E-09 2.5456E-09 2.6200E-09 2.6913E-09 2.7599E-09 2.8257E-09 2.8888E-09 2.9472E-09 3.0023E-09 3.0536E-09 3.1005E-09 3.1427E-09 3.1797E-09 3.2122E-09 3.2401E-09 3.2632E-09 3.2799E-09 3.2917E-09 3.2987E-09 3.3009E-09 3.2980E-09 3.2895E-09 3.2766E-09 3.2594E-09 3.2380E-09 3.2123E-09 3.1828E-09 3.1500E-09 3.1137E-09 3.0742E-09 3.0316E-09 2.9865E-09 2.9387E-09 2.8888E-09 2.8368E-09 2.7828E-09 2.7277E-09 2.6711E-09 2.6131E-09 2.5536E-09 2.4930E-09 2.4321E-09 2.3711E-09 2.2849E-09 2.2250E-09 2.1643E-09 2.1036E-09 2.0185E-09 1.9600E-09 1.9017E-09 1.8445E-09 1.7638E-09 1.7087E-09
2.2190E-09 2.3048E-09 2.3907E-09 2.4748E-09 2.5564E-09 2.6357E-09 2.7129E-09 2.7882E-09 2.8611E-09 2.9308E-09 2.9967E-09 3.0591E-09 3.1182E-09 3.1717E-09 3.2208E-09 3.2654E-09 3.3054E-09 3.3404E-09 3.3692E-09 3.3931E-09 3.4120E-09 3.4259E-09 3.4337E-09 3.4357E-09 3.4329E-09 3.4253E-09 3.4129E-09 3.3944E-09 3.3716E-09 3.3445E-09 3.3134E-09 3.2783E-09 3.2395E-09 3.1972E-09 3.1518E-09 3.1039E-09 3.0529E-09 2.9996E-09 2.9441E-09 2.8866E-09 2.8276E-09 2.7671E-09 2.7058E-09 2.6435E-09 2.5802E-09 2.5157E-09 2.4505E-09 2.3853E-09 2.2948E-09 2.2319E-09 2.1687E-09 2.1051E-09 2.0419E-09 1.9558E-09 1.8954E-09 1.8363E-09 1.7775E-09
2.2945E-09 2.3847E-09 2.4729E-09 2.5596E-09 2.6449E-09 2.7292E-09 2.8114E-09 2.8902E-09 2.9658E-09 3.0385E-09 3.1078E-09 3.1732E-09 3.2343E-09 3.2912E-09 3.3438E-09 3.3909E-09 3.4326E-09 3.4692E-09 3.5009E-09 3.5276E-09 3.5472E-09 3.5615E-09 3.5706E-09 3.5745E-09 3.5724E-09 3.5639E-09 3.5506E-09 3.5323E-09 3.5093E-09 3.4805E-09 3.4471E-09 3.4100E-09 3.3691E-09 3.3243E-09 3.2758E-09 3.2246E-09 3.1707E-09 3.1140E-09 3.0554E-09 2.9943E-09 2.9316E-09 2.8670E-09 2.8015E-09 2.7351E-09 2.6681E-09 2.6008E-09 2.5328E-09 2.4638E-09 2.3947E-09 2.2997E-09 2.2337E-09 2.1680E-09 2.1019E-09 2.0364E-09 1.9473E-09 1.8849E-09 1.8234E-09
2.3708E-09 2.4638E-09 2.5564E-09 2.6488E-09 2.7390E-09 2.8263E-09 2.9112E-09 2.9937E-09 3.0737E-09 3.1497E-09 3.2219E-09 3.2901E-09 3.3539E-09 3.4134E-09 3.4682E-09 3.5181E-09 3.5631E-09 3.6025E-09 3.6354E-09 3.6628E-09 3.6849E-09 3.7015E-09 3.7111E-09 3.7148E-09 3.7131E-09 3.7059E-09 3.6932E-09 3.6736E-09 3.6491E-09 3.6198E-09 3.5858E-09 3.5466E-09 3.5028E-09 3.4551E-09 3.4040E-09 3.3495E-09 3.2919E-09 3.2315E-09 3.1692E-09 3.1047E-09 3.0385E-09 2.9706E-09 2.9011E-09 2.8302E-09 2.7588E-09 2.6871E-09 2.6155E-09 2.5437E-09 2.4715E-09 2.3987E-09 2.3267E-09 2.2307E-09 2.1621E-09 2.0939E-09 2.0257E-09 1.9338E-09 1.8692E-09
2.4485E-09 2.5476E-09 2.6450E-09 2.7399E-09 2.8334E-09 2.9254E-09 3.0150E-09 3.1013E-09 3.1839E-09 3.2629E-09 3.3387E-09 3.4104E-09 3.4773E-09 3.5397E-09 3.5972E-09 3.6498E-09 3.6968E-09 3.7384E-09 3.7743E-09 3.8046E-09 3.8273E-09 3.8442E-09 3.8552E-09 3.8603E-09 3.8588E-09 3.8506E-09 3.8369E-09 3.8177E-09 3.7933E-09 3.7620E-09 3.7257E-09 3.6851E-09 3.6401E-09 3.5907E-09 3.5365E-09 3.4787E-09 3.4176E-09 3.3535E-09 3.2870E-09 3.2180E-09 3.1476E-09 3.0757E-09 3.0028E-09 2.9285E-09 2.8531E-09 2.7765E-09 2.7002E-09 2.6241E-09 2.5488E-09 2.4734E-09 2.3973E-09 2.3218E-09 2.2222E-09 2.1506E-09 2.0798E-09 2.0090E-09 1.9146E-09
2.5305E-09 2.6322E-09 2.7332E-09 2.8337E-09 2.9322E-09 3.0278E-09 3.1203E-09 3.2103E-09 3.2974E-09 3.3810E-09 3.4602E-09 3.5349E-09 3.6056E-09 3.6716E-09 3.7317E-09 3.7865E-09 3.8356E-09 3.8791E-09 3.9161E-09 3.9472E-09 3.9722E-09 3.9912E-09 4.0025E-09 4.0074E-09 4.0062E-09 3.9990E-09 3.9855E-09 3.9647E-09 3.9385E-09 3.9068E-09 3.8699E-09 3.8268E-09 3.7785E-09 3.7263E-09 3.6702E-09 3.6107E-09 3.5464E-09 3.4792E-09 3.4091E-09 3.3361E-09 3.2609E-09 3.1839E-09 3.1061E-09 3.0277E-09 2.9489E-09 2.8690E-09 2.7884E-09 2.7069E-09 2.6268E-09 2.5474E-09 2.4689E-09 2.3895E-09 2.3105E-09 2.2071E-09 2.1328E-09 2.0596E-09 1.9864E-09
2.6118E-09 2.7196E-09 2.8260E-09 2.9300E-09 3.0317E-09 3.1318E-09 3.2296E-09 3.3246E-09 3.4154E-09 3.5027E-09 3.5859E-09 3.6649E-09 3.7385E-09 3.8067E-09 3.8697E-09 3.9271E-09 3.9780E-09 4.0229E-09 4.0619E-09 4.0947E-09 4.1205E-09 4.1398E-09 4.1526E-09 4.1590E-09 4.1579E-09 4.1498E-09 4.1355E-09 4.1151E-09 4.0889E-09 4.0550E-09 4.0159E-09 3.9714E-09 3.9220E-09 3.8672E-09 3.8069E-09 3.7431E-09 3.6758E-09 3.6057E-09 3.5322E-09 3.4562E-09 3.3778E-09 3.2969E-09 3.2142E-09 3.1298E-09 3.0456E-09 2.9614E-09 2.8779E-09 2.7930E-09 2.7080E-09 2.6225E-09 2.5389E-09 2.4570E-09 2.3744E-09 2.2921E-09 2.1851E-09 2.1087E-09 2.0336E-09
2.6979E-09 2.8092E-09 2.9190E-09 3.0279E-09 3.1357E-09 3.2409E-09 3.3428E-09 3.4415E-09 3.5371E-09 3.6290E-09 3.7159E-09 3.7978E-09 3.8744E-09 3.9460E-09 4.0119E-09 4.0715E-09 4.1251E-09 4.1725E-09 4.2129E-09 4.2466E-09 4.2738E-09 4.2942E-09 4.3074E-09 4.3135E-09 4.3127E-09 4.3053E-09 4.2908E-09 4.2685E-09 4.2402E-09 4.2060E-09 4.1661E-09 4.1193E-09 4.0670E-09 4.0097E-09 3.9479E-09 3.8816E-09 3.8099E-09 3.7348E-09 3.6569E-09 3.5767E-09 3.4944E-09 3.4102E-09 3.3244E-09 3.2364E-09 3.1473E-09 3.0563E-09 2.9670E-09 2.8783E-09 2.7897E-09 2.7007E-09 2.6105E-09 2.5228E-09 2.4370E-09 2.3519E-09 2.2671E-09 2.1575E-09 2.0789E-09
2.7836E-09 2.8997E-09 3.0163E-09 3.1308E-09 3.2424E-09 3.3518E-09 3.4593E-09 3.5633E-09 3.6630E-09 3.7578E-09 3.8484E-09 3.9346E-09 4.0153E-09 4.0903E-09 4.1592E-09 4.2222E-09 4.2788E-09 4.3282E-09 4.3706E-09 4.4062E-09 4.4343E-09 4.4548E-09 4.4681E-09 4.4742E-09 4.4731E-09 4.4645E-09 4.4488E-09 4.4264E-09 4.3974E-09 4.3602E-09 4.3173E-09 4.2686E-09 4.2146E-09 4.1546E-09 4.0894E-09 4.0199E-09 3.9464E-09 3.8690E-09 3.7867E-09 3.7010E-09 3.6133E-09 3.5240E-09 3.4340E-09 3.3424E-09 3.2501E-09 3.1557E-09 3.0599E-09 2.9642E-09 2.8698E-09 2.7772E-09 2.6843E-09 2.5908E-09 2.4991E-09 2.4100E-09 2.3224E-09 2.2356E-09 2.1242E-09
2.8728E-09 2.9955E-09 3.1157E-09 3.2345E-09 3.3527E-09 3.4680E-09 3.5794E-09 3.6869E-09 3.7910E-09 3.8913E-09 3.9873E-09 4.0771E-09 4.1617E-09 4.2407E-09 4.3132E-09 4.3789E-09 4.4375E-09 4.4892E-09 4.5336E-09 4.5700E-09 4.5987E-09 4.6201E-09 4.6340E-09 4.6397E-09 4.6378E-09 4.6286E-09 4.6121E-09 4.5878E-09 4.5566E-09 4.5187E-09 4.4746E-09 4.4226E-09 4.3649E-09 4.3017E-09 4.2335E-09 4.1604E-09 4.0823E-09 4.0009E-09 3.9164E-09 3.8288E-09 3.7374E-09 3.6424E-09 3.5455E-09 3.4482E-09 3.3510E-09 3.2530E-09 3.1543E-09 3.0536E-09 2.9525E-09 2.8528E-09 2.7561E-09 2.6598E-09 2.5633E-09 2.4681E-09 2.3764E-09 2.2867E-09 2.1984E-09
2.9643E-09 3.0908E-09 3.2179E-09 3.3436E-09 3.4659E-09 3.5851E-09 3.7019E-09 3.8160E-09 3.9259E-09 4.0304E-09 4.1300E-09 4.2246E-09 4.3140E-09 4.3961E-09 4.4716E-09 4.5401E-09 4.6014E-09 4.6549E-09 4.7009E-09 4.7393E-09 4.7699E-09 4.7916E-09 4.8052E-09 4.8108E-09 4.8088E-09 4.7986E-09 4.7805E-09 4.7548E-09 4.7220E-09 4.6814E-09 4.6340E-09 4.5801E-09 4.5202E-09 4.4539E-09 4.3815E-09 4.3043E-09 4.2224E-09 4.1367E-09 4.0461E-09 3.9534E-09 3.8587E-09 3.7620E-09 3.6618E-09 3.5584E-09 3.4536E-09 3.3484E-09 3.2456E-09 3.1417E-09 3.0372E-09 2.9319E-09 2.8271E-09 2.7263E-09 2.6268E-09 2.5284E-09 2.4307E-09 2.3367E-09 2.2455E-09
3.0567E-09 3.1916E-09 3.3233E-09 3.4529E-09 3.5809E-09 3.7077E-09 3.8307E-09 3.9490E-09 4.0634E-09 4.1740E-09 4.2791E-09 4.3779E-09 4.4699E-09 4.5554E-09 4.6350E-09 4.7069E-09 4.7709E-09 4.8272E-09 4.8755E-09 4.9158E-09 4.9477E-09 4.9712E-09 4.9862E-09 4.9920E-09 4.9890E-09 4.9776E-09 4.9583E-09 4.9305E-09 4.8946E-09 4.8512E-09 4.8009E-09 4.7434E-09 4.6795E-09 4.6097E-09 4.5345E-09 4.4537E-09 4.3669E-09 4.2760E-09 4.1809E-09 4.0832E-09 3.9815E-09 3.8779E-09 3.7739E-09 3.6679E-09 3.5604E-09 3.4488E-09 3.3370E-09 3.2271E-09 3.1191E-09 3.0111E-09 2.9020E-09 2.7934E-09 2.6889E-09 2.5869E-09 2.4863E-09 2.3869E-09 2.2914E-09
3.1537E-09 3.2922E-09 3.4295E-09 3.5672E-09 3.7021E-09 3.8330E-09 3.9610E-09 4.0866E-09 4.2074E-09 4.3222E-09 4.4310E-09 4.5345E-09 4.6319E-09 4.7225E-09 4.8052E-09 4.8802E-09 4.9489E-09 5.0092E-09 5.0601E-09 5.1022E-09 5.1350E-09 5.1587E-09 5.1729E-09 5.1782E-09 5.1748E-09 5.1623E-09 5.1406E-09 5.1104E-09 5.0724E-09 5.0264E-09 4.9723E-09 4.9110E-09 4.8431E-09 4.7689E-09 4.6888E-09 4.6034E-09 4.5137E-09 4.4195E-09 4.3198E-09 4.2164E-09 4.1099E-09 3.9995E-09 3.8876E-09 3.7742E-09 3.6615E-09 3.5483E-09 3.4333E-09 3.3158E-09 3.1990E-09 3.0864E-09 2.9750E-09 2.8639E-09 2.7520E-09 2.6442E-09 2.5400E-09 2.4378E-09 2.3373E-09
3.2500E-09 3.3962E-09 3.5421E-09 3.6843E-09 3.8240E-09 3.9630E-09 4.0981E-09 4.2279E-09 4.3529E-09 4.4737E-09 4.5894E-09 4.6988E-09 4.8006E-09 4.8959E-09 4.9841E-09 5.0645E-09 5.1351E-09 5.1966E-09 5.2495E-09 5.2933E-09 5.3268E-09 5.3510E-09 5.3662E-09 5.3720E-09 5.3676E-09 5.3542E-09 5.3318E-09 5.3003E-09 5.2591E-09 5.2095E-09 5.1521E-09 5.0872E-09 5.0142E-09 4.9344E-09 4.8491E-09 4.7583E-09 4.6623E-09 4.5616E-09 4.4577E-09 4.3505E-09 4.2391E-09 4.1245E-09 4.0069E-09 3.8867E-09 3.7649E-09 3.6439E-09 3.5245E-09 3.4053E-09 3.2842E-09 3.1629E-09 3.0449E-09 2.9302E-09 2.8164E-09 2.7031E-09 2.5924E-09 2.4866E-09 2.3831E-09
3.3516E-09 3.5042E-09 3.6546E-09 3.8045E-09 3.9532E-09 4.0969E-09 4.2367E-09 4.3731E-09 4.5060E-09 4.6329E-09 4.7530E-09 4.8680E-09 4.9771E-09 5.0782E-09 5.1696E-09 5.2523E-09 5.3258E-09 5.3910E-09 5.4465E-09 5.4925E-09 5.5295E-09 5.5567E-09 5.5724E-09 5.5778E-09 5.5730E-09 5.5586E-09 5.5334E-09 5.4987E-09 5.4550E-09 5.4029E-09 5.3414E-09 5.2716E-09 5.1949E-09 5.1113E-09 5.0202E-09 4.9233E-09 4.8208E-09 4.7134E-09 4.6004E-09 4.4849E-09 4.3668E-09 4.2473E-09 4.1252E-09 4.0008E-09 3.8739E-09 3.7451E-09 3.6162E-09 3.4903E-09 3.3661E-09 3.2421E-09 3.1174E-09 2.9952E-09 2.8771E-09 2.7607E-09 2.6461E-09 2.5341E-09 2.4272E-09
3.4537E-09 3.6123E-09 3.7727E-09 3.9298E-09 4.0832E-09 4.2338E-09 4.3826E-09 4.5262E-09 4.6636E-09 4.7966E-09 4.9256E-09 5.0464E-09 5.1584E-09 5.2627E-09 5.3591E-09 5.4479E-09 5.5275E-09 5.5978E-09 5.6571E-09 5.7061E-09 5.7431E-09 5.7690E-09 5.7845E-09 5.7896E-09 5.7836E-09 5.7668E-09 5.7398E-09 5.7029E-09 5.6557E-09 5.5989E-09 5.5335E-09 5.4601E-09 5.3782E-09 5.2890E-09 5.1930E-09 5.0917E-09 4.9845E-09 4.8717E-09 4.7533E-09 4.6307E-09 4.5039E-09 4.3734E-09 4.2423E-09 4.1118E-09 3.9808E-09 3.8487E-09 3.7141E-09 3.5791E-09 3.4459E-09 3.3172E-09 3.1893E-09 3.0624E-09 2.9371E-09 2.8164E-09 2.6981E-09 2.5818E-09 2.4695E-09
3.5577E-09 3.7274E-09 3.8926E-09 4.0558E-09 4.2187E-09 4.3785E-09 4.5325E-09 4.6821E-09 4.8301E-09 4.9706E-09 5.1026E-09 5.2275E-09 5.3463E-09 5.4578E-09 5.5621E-09 5.6560E-09 5.7395E-09 5.8117E-09 5.8726E-09 5.9229E-09 5.9624E-09 5.9907E-09 6.0080E-09 6.0136E-09 6.0080E-09 5.9914E-09 5.9633E-09 5.9236E-09 5.8731E-09 5.8130E-09 5.7426E-09 5.6634E-09 5.5756E-09 5.4797E-09 5.3760E-09 5.2650E-09 5.1496E-09 5.0298E-09 4.9056E-09 4.7773E-09 4.6456E-09 4.5097E-09 4.3705E-09 4.2287E-09 4.0864E-09 3.9478E-09 3.8101E-09 3.6719E-09 3.5313E-09 3.3923E-09 3.2584E-09 3.1272E-09 2.9979E-09 2.8708E-09 2.7477E-09 2.6284E-09 2.5112E-09
3.6671E-09 3.8413E-09 4.0149E-09 4.1896E-09 4.3588E-09 4.5242E-09 4.6888E-09 4.8492E-09 5.0011E-09 5.1465E-09 5.2867E-09 5.4214E-09 5.5486E-09 5.6662E-09 5.7721E-09 5.8685E-09 5.9559E-09 6.0326E-09 6.0997E-09 6.1561E-09 6.1993E-09 6.2296E-09 6.2474E-09 6.2531E-09 6.2466E-09 6.2266E-09 6.1946E-09 6.1524E-09 6.0991E-09 6.0349E-09 5.9611E-09 5.8775E-09 5.7856E-09 5.6844E-09 5.5747E-09 5.4575E-09 5.3336E-09 5.2027E-09 5.0664E-09 4.9262E-09 4.7859E-09 4.6435E-09 4.4993E-09 4.3532E-09 4.2037E-09 4.0529E-09 3.9028E-09 3.7590E-09 3.6164E-09 3.4729E-09 3.3296E-09 3.1903E-09 3.0563E-09 2.9249E-09 2.7969E-09 2.6725E-09 2.5514E-09
3.7757E-09 3.9602E-09 4.1440E-09 4.3238E-09 4.5010E-09 4.6804E-09 4.8515E-09 5.0165E-09 5.1770E-09 5.3340E-09 5.4849E-09 5.6256E-09 5.7557E-09 5.8781E-09 5.9911E-09 6.0956E-09 6.1887E-09 6.2708E-09 6.3398E-09 6.3962E-09 6.4421E-09 6.4755E-09 6.4961E-09 6.5017E-09 6.4937E-09 6.4736E-09 6.4409E-09 6.3951E-09 6.3377E-09 6.2686E-09 6.1897E-09 6.0996E-09 5.9997E-09 5.8913E-09 5.7752E-09 5.6507E-09 5.5201E-09 5.3842E-09 5.2427E-09 5.0939E-09 4.9407E-09 4.7847E-09 4.6279E-09 4.4737E-09 4.3194E-09 4.1648E-09 4.0070E-09 3.8497E-09 3.6966E-09 3.5489E-09 3.4028E-09 3.2571E-09 3.1139E-09 2.9773E-09 2.8444E-09 2.7152E-09 2.5888E-09
3.8899E-09 4.0824E-09 4.2728E-09 4.4637E-09 4.6545E-09 4.8374E-09 5.0159E-09 5.1939E-09 5.3669E-09 5.5313E-09 5.6856E-09 5.8339E-09 5.9741E-09 6.1051E-09 6.2246E-09 6.3332E-09 6.4314E-09 6.5180E-09 6.5931E-09 6.6559E-09 6.7596E-09 6.7968E-09 6.8195E-09 6.8279E-09 6.8220E-09 6.8005E-09 6.7661E-09 6.7178E-09 6.6571E-09 6.5833E-09 6.4969E-09 6.3991E-09 6.2909E-09 6.1211E-09 5.9942E-09 5.8585E-09 5.7154E-09 5.5680E-09 5.4162E-09 5.2603E-09 5.1024E-09 4.9401E-09 4.7726E-09 4.6036E-09 4.4348E-09 4.2714E-09 4.1098E-09 3.9480E-09 3.7848E-09 3.6243E-09 3.4716E-09 3.3219E-09 3.1748E-09 3.0295E-09 2.8897E-09 2.7553E-09 2.6248E-09
4.0046E-09 4.2051E-09 4.4086E-09 4.6098E-09 4.8057E-09 5.0003E-09 5.1937E-09 5.3810E-09 5.5592E-09 5.7316E-09 5.8979E-09 6.0558E-09 6.2029E-09 6.3382E-09 6.4663E-09 6.5869E-09 6.7503E-09 6.8463E-09 6.9277E-09 6.9952E-09 7.0466E-09 7.0833E-09 7.1064E-09 7.1135E-09 7.1073E-09 7.0855E-09 7.0497E-09 6.9992E-09 6.9337E-09 6.8552E-09 6.7637E-09 6.6596E-09 6.5438E-09 6.4182E-09 6.2835E-09 6.1392E-09 5.9848E-09 5.7730E-09 5.6077E-09 5.4368E-09 5.2642E-09 5.0915E-09 4.9182E-09 4.7441E-09 4.5654E-09 4.3865E-09 4.2103E-09 4.0413E-09 3.8749E-09 3.7079E-09 3.5427E-09 3.3840E-09 3.2314E-09 3.0821E-09 2.9348E-09 2.7935E-09 2.6583E-09
4.1201E-09 4.3353E-09 4.5469E-09 4.7554E-09 4.9659E-09 5.1730E-09 5.3751E-09 5.5697E-09 5.7611E-09 5.9450E-09 6.1195E-09 6.2839E-09 6.4409E-09 6.6455E-09 6.7890E-09 6.9206E-09 7.0364E-09 7.1363E-09 7.2222E-09 7.2923E-09 7.3488E-09 7.3873E-09 7.4132E-09 7.4234E-09 7.4166E-09 7.4516E-09 7.3561E-09 7.3031E-09 7.2345E-09 7.1506E-09 7.0514E-09 6.9386E-09 6.8131E-09 6.6768E-09 6.5302E-09 6.3744E-09 6.2109E-09 6.0415E-09 5.8659E-09 5.6308E-09 5.4457E-09 5.2571E-09 5.0665E-09 4.8797E-09 4.6947E-09 4.5110E-09 4.3240E-09 4.1386E-09 3.9600E-09 3.7883E-09 3.6190E-09 3.4500E-09 3.2858E-09 3.1306E-09 2.9795E-09 2.8316E-09 2.6903E-09
4.2429E-09 4.4650E-09 4.6856E-09 4.9108E-09 5.1316E-09 5.3477E-09 5.5607E-09 5.7689E-09 5.9711E-09 6.1630E-09 6.3510E-09 6.5885E-09 6.7613E-09 6.9224E-09 7.0721E-09 7.2106E-09 7.3341E-09 7.4992E-09 7.5953E-09 7.6752E-09 7.7391E-09 7.7851E-09 7.8129E-09 7.8242E-09 7.8174E-09 7.7935E-09 7.7525E-09 7.6941E-09 7.6190E-09 7.5289E-09 7.4232E-09 7.3023E-09 7.1661E-09 7.0172E-09 6.8018E-09 6.6337E-09 6.4545E-09 6.2681E-09 6.0785E-09 5.8844E-09 5.6874E-09 5.4873E-09 5.2328E-09 5.0298E-09 4.8266E-09 4.6297E-09 4.4373E-09 4.2462E-09 4.0544E-09 3.8673E-09 3.6892E-09 3.5166E-09 3.3447E-09 3.1776E-09 3.0199E-09 2.8690E-09 2.7226E-09
