Assets/Resources/2015_m01_d05_1800(utc+0800)_l00_csi_1hr_conc.grd
DSAA
         159         159
     -79.000      79.000
     -79.000      79.000
  0.4400E-12  0.3030E-05
[rows 50 to 74 of 159, columns 0 to 56 of 159]
4.1098E-12 4.1170E-12 4.1237E-12 4.1301E-12 4.1361E-12 4.1417E-12 4.1469E-12 4.1517E-12 4.1560E-12 4.1600E-12 4.1636E-12 4.1667E-12 4.1694E-12 4.1717E-12 4.1736E-12 4.1751E-12 4.1761E-12 4.1768E-12 4.1770E-12 4.1768E-12 4.1761E-12 4.1751E-12 4.1736E-12 4.1717E-12 4.1694E-12 4.1666E-12 4.1635E-12 4.1599E-12 4.1559E-12 4.1514E-12 4.1466E-12 4.1413E-12 4.1356E-12 4.1295E-12 4.1230E-12 4.1160E-12 4.1087E-12 4.1009E-12 4.0928E-12 4.0842E-12 4.0752E-12 4.0658E-12 4.0560E-12 4.0459E-12 4.0353E-12 4.0243E-12 4.0130E-12 4.0012E-12 3.9891E-12 3.9766E-12 3.9637E-12 3.9504E-12 3.9368E-12 3.9228E-12 3.9084E-12 3.8937E-12 3.8786E-12
4.0923E-12 4.0995E-12 4.1062E-12 4.1126E-12 4.1185E-12 4.1241E-12 4.1293E-12 4.1340E-12 4.1384E-12 4.1423E-12 4.1458E-12 4.1489E-12 4.1516E-12 4.1539E-12 4.1558E-12 4.1573E-12 4.1583E-12 4.1589E-12 4.1591E-12 4.1589E-12 4.1583E-12 4.1572E-12 4.1557E-12 4.1538E-12 4.1515E-12 4.1487E-12 4.1456E-12 4.1420E-12 4.1380E-12 4.1335E-12 4.1287E-12 4.1234E-12 4.1177E-12 4.1117E-12 4.1051E-12 4.0982E-12 4.0909E-12 4.0831E-12 4.0750E-12 4.0664E-12 4.0575E-12 4.0481E-12 4.0384E-12 4.0282E-12 4.0176E-12 4.0067E-12 3.9954E-12 3.9837E-12 3.9716E-12 3.9591E-12 3.9462E-12 3.9330E-12 3.9194E-12 3.9054E-12 3.8911E-12 3.8764E-12 3.8614E-12
4.0745E-12 4.0816E-12 4.0883E-12 4.0947E-12 4.1006E-12 4.1061E-12 4.1113E-12 4.1160E-12 4.1203E-12 4.1242E-12 4.1277E-12 4.1308E-12 4.1335E-12 4.1358E-12 4.1376E-12 4.1391E-12 4.1401E-12 4.1407E-12 4.1409E-12 4.1406E-12 4.1400E-12 4.1389E-12 4.1374E-12 4.1355E-12 4.1332E-12 4.1305E-12 4.1273E-12 4.1237E-12 4.1197E-12 4.1153E-12 4.1104E-12 4.1052E-12 4.0995E-12 4.0934E-12 4.0869E-12 4.0800E-12 4.0727E-12 4.0650E-12 4.0568E-12 4.0483E-12 4.0394E-12 4.0300E-12 4.0203E-12 4.0102E-12 3.9996E-12 3.9887E-12 3.9774E-12 3.9657E-12 3.9537E-12 3.9412E-12 3.9284E-12 3.9152E-12 3.9017E-12 3.8877E-12 3.8734E-12 3.8588E-12 3.8438E-12
4.0563E-12 4.0634E-12 4.0701E-12 4.0764E-12 4.0823E-12 4.0878E-12 4.0929E-12 4.0976E-12 4.1019E-12 4.1058E-12 4.1092E-12 4.1123E-12 4.1150E-12 4.1172E-12 4.1191E-12 4.1205E-12 4.1215E-12 4.1221E-12 4.1223E-12 4.1220E-12 4.1214E-12 4.1203E-12 4.1188E-12 4.1169E-12 4.1146E-12 4.1118E-12 4.1086E-12 4.1051E-12 4.1011E-12 4.0966E-12 4.0918E-12 4.0866E-12 4.0809E-12 4.0748E-12 4.0683E-12 4.0614E-12 4.0541E-12 4.0464E-12 4.0383E-12 4.0298E-12 4.0209E-12 4.0116E-12 4.0019E-12 3.9918E-12 3.9813E-12 3.9704E-12 3.9591E-12 3.9474E-12 3.9354E-12 3.9230E-12 3.9102E-12 3.8971E-12 3.8836E-12 3.8697E-12 3.8554E-12 3.8408E-12 3.8259E-12
4.0378E-12 4.0448E-12 4.0515E-12 4.0577E-12 4.0636E-12 4.0691E-12 4.0741E-12 4.0788E-12 4.0831E-12 4.0869E-12 4.0904E-12 4.0934E-12 4.0961E-12 4.0983E-12 4.1001E-12 4.1015E-12 4.1025E-12 4.1031E-12 4.1033E-12 4.1030E-12 4.1024E-12 4.1013E-12 4.0998E-12 4.0979E-12 4.0955E-12 4.0928E-12 4.0896E-12 4.0860E-12 4.0820E-12 4.0776E-12 4.0728E-12 4.0676E-12 4.0619E-12 4.0559E-12 4.0494E-12 4.0425E-12 4.0352E-12 4.0275E-12 4.0194E-12 4.0109E-12 4.0020E-12 3.9928E-12 3.9831E-12 3.9730E-12 3.9625E-12 3.9517E-12 3.9404E-12 3.9288E-12 3.9168E-12 3.9044E-12 3.8917E-12 3.8786E-12 3.8651E-12 3.8513E-12 3.8371E-12 3.8225E-12 3.8076E-12
4.0189E-12 4.0259E-12 4.0325E-12 4.0387E-12 4.0446E-12 4.0500E-12 4.0550E-12 4.0597E-12 4.0639E-12 4.0677E-12 4.0712E-12 4.0742E-12 4.0768E-12 4.0790E-12 4.0809E-12 4.0822E-12 4.0832E-12 4.0838E-12 4.0839E-12 4.0837E-12 4.0830E-12 4.0819E-12 4.0804E-12 4.0785E-12 4.0762E-12 4.0734E-12 4.0702E-12 4.0667E-12 4.0627E-12 4.0583E-12 4.0534E-12 4.0482E-12 4.0426E-12 4.0365E-12 4.0301E-12 4.0232E-12 4.0159E-12 4.0083E-12 4.0002E-12 3.9917E-12 3.9828E-12 3.9736E-12 3.9639E-12 3.9539E-12 3.9434E-12 3.9326E-12 3.9214E-12 3.9098E-12 3.8979E-12 3.8855E-12 3.8728E-12 3.8597E-12 3.8463E-12 3.8325E-12 3.8184E-12 3.8039E-12 3.7890E-12
3.9996E-12 4.0066E-12 4.0132E-12 4.0194E-12 4.0252E-12 4.0306E-12 4.0356E-12 4.0402E-12 4.0444E-12 4.0482E-12 4.0516E-12 4.0546E-12 4.0572E-12 4.0594E-12 4.0612E-12 4.0626E-12 4.0635E-12 4.0641E-12 4.0642E-12 4.0640E-12 4.0633E-12 4.0622E-12 4.0607E-12 4.0587E-12 4.0564E-12 4.0537E-12 4.0505E-12 4.0469E-12 4.0429E-12 4.0385E-12 4.0337E-12 4.0285E-12 4.0229E-12 4.0168E-12 4.0104E-12 4.0035E-12 3.9963E-12 3.9886E-12 3.9806E-12 3.9721E-12 3.9633E-12 3.9541E-12 3.9444E-12 3.9344E-12 3.9240E-12 3.9132E-12 3.9020E-12 3.8905E-12 3.8786E-12 3.8663E-12 3.8536E-12 3.8406E-12 3.8272E-12 3.8134E-12 3.7993E-12 3.7849E-12 3.7701E-12
3.9800E-12 3.9870E-12 3.9935E-12 3.9996E-12 4.0054E-12 4.0108E-12 4.0158E-12 4.0203E-12 4.0245E-12 4.0283E-12 4.0317E-12 4.0347E-12 4.0373E-12 4.0394E-12 4.0412E-12 4.0425E-12 4.0435E-12 4.0440E-12 4.0442E-12 4.0439E-12 4.0432E-12 4.0421E-12 4.0406E-12 4.0387E-12 4.0363E-12 4.0336E-12 4.0304E-12 4.0268E-12 4.0228E-12 4.0184E-12 4.0136E-12 4.0084E-12 4.0028E-12 3.9968E-12 3.9904E-12 3.9835E-12 3.9763E-12 3.9687E-12 3.9606E-12 3.9522E-12 3.9434E-12 3.9342E-12 3.9246E-12 3.9146E-12 3.9042E-12 3.8935E-12 3.8823E-12 3.8708E-12 3.8589E-12 3.8467E-12 3.8340E-12 3.8211E-12 3.8077E-12 3.7940E-12 3.7799E-12 3.7655E-12 3.7508E-12
3.9601E-12 3.9670E-12 3.9735E-12 3.9796E-12 3.9853E-12 3.9907E-12 3.9956E-12 4.0002E-12 4.0043E-12 4.0081E-12 4.0114E-12 4.0144E-12 4.0169E-12 4.0191E-12 4.0208E-12 4.0222E-12 4.0231E-12 4.0236E-12 4.0238E-12 4.0235E-12 4.0228E-12 4.0217E-12 4.0201E-12 4.0182E-12 4.0159E-12 4.0131E-12 4.0100E-12 4.0064E-12 4.0024E-12 3.9980E-12 3.9932E-12 3.9880E-12 3.9824E-12 3.9764E-12 3.9700E-12 3.9632E-12 3.9560E-12 3.9484E-12 3.9403E-12 3.9319E-12 3.9231E-12 3.9140E-12 3.9044E-12 3.8944E-12 3.8841E-12 3.8734E-12 3.8623E-12 3.8508E-12 3.8389E-12 3.8267E-12 3.8141E-12 3.8012E-12 3.7879E-12 3.7742E-12 3.7602E-12 3.7459E-12 3.7312E-12
3.9398E-12 3.9466E-12 3.9531E-12 3.9592E-12 3.9649E-12 3.9702E-12 3.9751E-12 3.9796E-12 3.9837E-12 3.9875E-12 3.9908E-12 3.9937E-12 3.9963E-12 3.9984E-12 4.0001E-12 4.0015E-12 4.0024E-12 4.0029E-12 4.0030E-12 4.0027E-12 4.0020E-12 4.0009E-12 3.9993E-12 3.9974E-12 3.9951E-12 3.9923E-12 3.9892E-12 3.9856E-12 3.9816E-12 3.9772E-12 3.9725E-12 3.9673E-12 3.9617E-12 3.9557E-12 3.9493E-12 3.9425E-12 3.9353E-12 3.9277E-12 3.9197E-12 3.9113E-12 3.9026E-12 3.8934E-12 3.8839E-12 3.8739E-12 3.8636E-12 3.8529E-12 3.8419E-12 3.8304E-12 3.8186E-12 3.8065E-12 3.7939E-12 3.7810E-12 3.7678E-12 3.7542E-12 3.7402E-12 3.7259E-12 3.7113E-12
3.9192E-12 3.9260E-12 3.9324E-12 3.9385E-12 3.9441E-12 3.9494E-12 3.9543E-12 3.9588E-12 3.9629E-12 3.9666E-12 3.9699E-12 3.9728E-12 3.9753E-12 3.9774E-12 3.9791E-12 3.9804E-12 3.9813E-12 3.9818E-12 3.9819E-12 3.9816E-12 3.9809E-12 3.9798E-12 3.9782E-12 3.9763E-12 3.9739E-12 3.9712E-12 3.9680E-12 3.9645E-12 3.9605E-12 3.9561E-12 3.9514E-12 3.9462E-12 3.9406E-12 3.9346E-12 3.9282E-12 3.9215E-12 3.9143E-12 3.9067E-12 3.8987E-12 3.8904E-12 3.8816E-12 3.8725E-12 3.8630E-12 3.8531E-12 3.8428E-12 3.8322E-12 3.8212E-12 3.8098E-12 3.7980E-12 3.7859E-12 3.7734E-12 3.7605E-12 3.7473E-12 3.7338E-12 3.7199E-12 3.7056E-12 3.6910E-12
3.8982E-12 3.9050E-12 3.9114E-12 3.9174E-12 3.9230E-12 3.9282E-12 3.9331E-12 3.9376E-12 3.9416E-12 3.9453E-12 3.9486E-12 3.9515E-12 3.9539E-12 3.9560E-12 3.9577E-12 3.9590E-12 3.9599E-12 3.9604E-12 3.9605E-12 3.9601E-12 3.9594E-12 3.9583E-12 3.9568E-12 3.9548E-12 3.9525E-12 3.9497E-12 3.9466E-12 3.9430E-12 3.9390E-12 3.9347E-12 3.9299E-12 3.9247E-12 3.9192E-12 3.9132E-12 3.9068E-12 3.9001E-12 3.8929E-12 3.8854E-12 3.8775E-12 3.8691E-12 3.8604E-12 3.8513E-12 3.8418E-12 3.8320E-12 3.8217E-12 3.8111E-12 3.8001E-12 3.7888E-12 3.7770E-12 3.7650E-12 3.7525E-12 3.7397E-12 3.7266E-12 3.7131E-12 3.6992E-12 3.6850E-12 3.6705E-12
3.8770E-12 3.8837E-12 3.8900E-12 3.8960E-12 3.9016E-12 3.9068E-12 3.9116E-12 3.9160E-12 3.9201E-12 3.9237E-12 3.9270E-12 3.9298E-12 3.9323E-12 3.9344E-12 3.9360E-12 3.9373E-12 3.9382E-12 3.9386E-12 3.9387E-12 3.9384E-12 3.9376E-12 3.9365E-12 3.9350E-12 3.9330E-12 3.9307E-12 3.9279E-12 3.9248E-12 3.9212E-12 3.9173E-12 3.9129E-12 3.9081E-12 3.9030E-12 3.8974E-12 3.8915E-12 3.8851E-12 3.8784E-12 3.8713E-12 3.8637E-12 3.8558E-12 3.8475E-12 3.8388E-12 3.8298E-12 3.8203E-12 3.8105E-12 3.8003E-12 3.7897E-12 3.7788E-12 3.7675E-12 3.7558E-12 3.7437E-12 3.7313E-12 3.7186E-12 3.7055E-12 3.6920E-12 3.6782E-12 3.6641E-12 3.6496E-12
3.8554E-12 3.8621E-12 3.8684E-12 3.8743E-12 3.8798E-12 3.8850E-12 3.8898E-12 3.8942E-12 3.8982E-12 3.9018E-12 3.9050E-12 3.9079E-12 3.9103E-12 3.9124E-12 3.9140E-12 3.9153E-12 3.9161E-12 3.9166E-12 3.9166E-12 3.9163E-12 3.9155E-12 3.9144E-12 3.9128E-12 3.9109E-12 3.9086E-12 3.9058E-12 3.9027E-12 3.8991E-12 3.8952E-12 3.8908E-12 3.8861E-12 3.8809E-12 3.8754E-12 3.8694E-12 3.8631E-12 3.8564E-12 3.8493E-12 3.8418E-12 3.8339E-12 3.8256E-12 3.8170E-12 3.8079E-12 3.7985E-12 3.7887E-12 3.7786E-12 3.7680E-12 3.7571E-12 3.7458E-12 3.7342E-12 3.7222E-12 3.7099E-12 3.6971E-12 3.6841E-12 3.6707E-12 3.6569E-12 3.6429E-12 3.6284E-12
3.8335E-12 3.8401E-12 3.8464E-12 3.8523E-12 3.8578E-12 3.8629E-12 3.8677E-12 3.8720E-12 3.8760E-12 3.8796E-12 3.8828E-12 3.8856E-12 3.8880E-12 3.8900E-12 3.8917E-12 3.8929E-12 3.8937E-12 3.8942E-12 3.8942E-12 3.8939E-12 3.8931E-12 3.8920E-12 3.8904E-12 3.8885E-12 3.8861E-12 3.8834E-12 3.8802E-12 3.8767E-12 3.8727E-12 3.8684E-12 3.8637E-12 3.8585E-12 3.8530E-12 3.8471E-12 3.8408E-12 3.8341E-12 3.8270E-12 3.8195E-12 3.8116E-12 3.8034E-12 3.7948E-12 3.7858E-12 3.7764E-12 3.7666E-12 3.7565E-12 3.7460E-12 3.7351E-12 3.7239E-12 3.7123E-12 3.7004E-12 3.6881E-12 3.6754E-12 3.6624E-12 3.6491E-12 3.6354E-12 3.6213E-12 3.6070E-12
3.8113E-12 3.8179E-12 3.8241E-12 3.8300E-12 3.8354E-12 3.8405E-12 3.8452E-12 3.8495E-12 3.8535E-12 3.8570E-12 3.8602E-12 3.8630E-12 3.8654E-12 3.8674E-12 3.8690E-12 3.8702E-12 3.8710E-12 3.8715E-12 3.8715E-12 3.8711E-12 3.8704E-12 3.8692E-12 3.8677E-12 3.8657E-12 3.8634E-12 3.8606E-12 3.8575E-12 3.8539E-12 3.8500E-12 3.8457E-12 3.8409E-12 3.8358E-12 3.8303E-12 3.8244E-12 3.8181E-12 3.8114E-12 3.8044E-12 3.7969E-12 3.7891E-12 3.7809E-12 3.7723E-12 3.7633E-12 3.7540E-12 3.7442E-12 3.7342E-12 3.7237E-12 3.7129E-12 3.7017E-12 3.6901E-12 3.6782E-12 3.6660E-12 3.6534E-12 3.6404E-12 3.6271E-12 3.6135E-12 3.5995E-12 3.5853E-12
3.7888E-12 3.7953E-12 3.8015E-12 3.8073E-12 3.8128E-12 3.8178E-12 3.8225E-12 3.8268E-12 3.8307E-12 3.8342E-12 3.8374E-12 3.8401E-12 3.8425E-12 3.8445E-12 3.8460E-12 3.8472E-12 3.8480E-12 3.8485E-12 3.8485E-12 3.8481E-12 3.8473E-12 3.8462E-12 3.8446E-12 3.8426E-12 3.8403E-12 3.8376E-12 3.8344E-12 3.8309E-12 3.8270E-12 3.8226E-12 3.8179E-12 3.8128E-12 3.8073E-12 3.8014E-12 3.7952E-12 3.7885E-12 3.7815E-12 3.7740E-12 3.7662E-12 3.7580E-12 3.7495E-12 3.7405E-12 3.7312E-12 3.7216E-12 3.7115E-12 3.7011E-12 3.6903E-12 3.6792E-12 3.6677E-12 3.6558E-12 3.6436E-12 3.6311E-12 3.6182E-12 3.6049E-12 3.5914E-12 3.5775E-12 3.5632E-12
3.7660E-12 3.7725E-12 3.7786E-12 3.7844E-12 3.7898E-12 3.7948E-12 3.7994E-12 3.8037E-12 3.8076E-12 3.8111E-12 3.8142E-12 3.8169E-12 3.8193E-12 3.8212E-12 3.8228E-12 3.8240E-12 3.8248E-12 3.8251E-12 3.8252E-12 3.8248E-12 3.8240E-12 3.8228E-12 3.8213E-12 3.8193E-12 3.8169E-12 3.8142E-12 3.8111E-12 3.8075E-12 3.8036E-12 3.7993E-12 3.7946E-12 3.7895E-12 3.7840E-12 3.7782E-12 3.7719E-12 3.7653E-12 3.7583E-12 3.7509E-12 3.7431E-12 3.7349E-12 3.7264E-12 3.7175E-12 3.7082E-12 3.6986E-12 3.6886E-12 3.6782E-12 3.6675E-12 3.6564E-12 3.6449E-12 3.6331E-12 3.6210E-12 3.6085E-12 3.5956E-12 3.5824E-12 3.5689E-12 3.5551E-12 3.5409E-12
3.7429E-12 3.7494E-12 3.7555E-12 3.7612E-12 3.7665E-12 3.7715E-12 3.7761E-12 3.7803E-12 3.7842E-12 3.7876E-12 3.7907E-12 3.7934E-12 3.7957E-12 3.7977E-12 3.7992E-12 3.8004E-12 3.8012E-12 3.8015E-12 3.8015E-12 3.8011E-12 3.8003E-12 3.7992E-12 3.7976E-12 3.7956E-12 3.7933E-12 3.7905E-12 3.7874E-12 3.7839E-12 3.7800E-12 3.7757E-12 3.7710E-12 3.7659E-12 3.7604E-12 3.7546E-12 3.7484E-12 3.7418E-12 3.7348E-12 3.7274E-12 3.7196E-12 3.7115E-12 3.7030E-12 3.6942E-12 3.6849E-12 3.6753E-12 3.6653E-12 3.6550E-12 3.6443E-12 3.6333E-12 3.6219E-12 3.6101E-12 3.5980E-12 3.5856E-12 3.5728E-12 3.5597E-12 3.5462E-12 3.5325E-12 3.5183E-12
3.7196E-12 3.7260E-12 3.7320E-12 3.7377E-12 3.7430E-12 3.7479E-12 3.7525E-12 3.7567E-12 3.7605E-12 3.7639E-12 3.7670E-12 3.7697E-12 3.7720E-12 3.7739E-12 3.7754E-12 3.7765E-12 3.7773E-12 3.7776E-12 3.7776E-12 3.7772E-12 3.7764E-12 3.7752E-12 3.7737E-12 3.7717E-12 3.7693E-12 3.7666E-12 3.7635E-12 3.7600E-12 3.7561E-12 3.7518E-12 3.7471E-12 3.7420E-12 3.7366E-12 3.7307E-12 3.7245E-12 3.7180E-12 3.7110E-12 3.7036E-12 3.6959E-12 3.6878E-12 3.6794E-12 3.6705E-12 3.6613E-12 3.6518E-12 3.6418E-12 3.6315E-12 3.6209E-12 3.6099E-12 3.5986E-12 3.5869E-12 3.5748E-12 3.5624E-12 3.5497E-12 3.5367E-12 3.5233E-12 3.5095E-12 3.4955E-12
3.6959E-12 3.7023E-12 3.7083E-12 3.7139E-12 3.7192E-12 3.7241E-12 3.7286E-12 3.7327E-12 3.7365E-12 3.7399E-12 3.7429E-12 3.7456E-12 3.7479E-12 3.7498E-12 3.7513E-12 3.7524E-12 3.7531E-12 3.7535E-12 3.7534E-12 3.7530E-12 3.7522E-12 3.7510E-12 3.7494E-12 3.7475E-12 3.7451E-12 3.7424E-12 3.7393E-12 3.7357E-12 3.7319E-12 3.7276E-12 3.7229E-12 3.7179E-12 3.7124E-12 3.7066E-12 3.7004E-12 3.6939E-12 3.6869E-12 3.6796E-12 3.6719E-12 3.6639E-12 3.6554E-12 3.6466E-12 3.6375E-12 3.6279E-12 3.6181E-12 3.6078E-12 3.5972E-12 3.5863E-12 3.5750E-12 3.5633E-12 3.5513E-12 3.5390E-12 3.5263E-12 3.5134E-12 3.5000E-12 3.4864E-12 3.4724E-12
3.6720E-12 3.6783E-12 3.6843E-12 3.6899E-12 3.6951E-12 3.6999E-12 3.7044E-12 3.7085E-12 3.7123E-12 3.7156E-12 3.7186E-12 3.7213E-12 3.7235E-12 3.7254E-12 3.7269E-12 3.7280E-12 3.7287E-12 3.7290E-12 3.7290E-12 3.7285E-12 3.7277E-12 3.7265E-12 3.7249E-12 3.7230E-12 3.7206E-12 3.7179E-12 3.7148E-12 3.7113E-12 3.7074E-12 3.7031E-12 3.6985E-12 3.6934E-12 3.6880E-12 3.6822E-12 3.6761E-12 3.6695E-12 3.6626E-12 3.6553E-12 3.6476E-12 3.6396E-12 3.6312E-12 3.6225E-12 3.6133E-12 3.6039E-12 3.5940E-12 3.5838E-12 3.5733E-12 3.5624E-12 3.5511E-12 3.5395E-12 3.5276E-12 3.5153E-12 3.5027E-12 3.4898E-12 3.4765E-12 3.4630E-12 3.4491E-12
3.6478E-12 3.6541E-12 3.6600E-12 3.6655E-12 3.6707E-12 3.6755E-12 3.6800E-12 3.6841E-12 3.6878E-12 3.6911E-12 3.6941E-12 3.6967E-12 3.6989E-12 3.7007E-12 3.7022E-12 3.7033E-12 3.7040E-12 3.7043E-12 3.7042E-12 3.7038E-12 3.7030E-12 3.7018E-12 3.7002E-12 3.6982E-12 3.6959E-12 3.6931E-12 3.6900E-12 3.6865E-12 3.6826E-12 3.6784E-12 3.6737E-12 3.6687E-12 3.6633E-12 3.6576E-12 3.6514E-12 3.6449E-12 3.6380E-12 3.6307E-12 3.6231E-12 3.6151E-12 3.6068E-12 3.5980E-12 3.5890E-12 3.5795E-12 3.5697E-12 3.5596E-12 3.5491E-12 3.5382E-12 3.5270E-12 3.5155E-12 3.5036E-12 3.4914E-12 3.4789E-12 3.4660E-12 3.4528E-12 3.4393E-12 3.4255E-12
3.6234E-12 3.6296E-12 3.6355E-12 3.6410E-12 3.6461E-12 3.6509E-12 3.6553E-12 3.6593E-12 3.6630E-12 3.6663E-12 3.6692E-12 3.6718E-12 3.6740E-12 3.6758E-12 3.6772E-12 3.6783E-12 3.6790E-12 3.6793E-12 3.6792E-12 3.6788E-12 3.6779E-12 3.6767E-12 3.6751E-12 3.6732E-12 3.6708E-12 3.6681E-12 3.6650E-12 3.6615E-12 3.6576E-12 3.6534E-12 3.6487E-12 3.6437E-12 3.6384E-12 3.6326E-12 3.6265E-12 3.6200E-12 3.6132E-12 3.6059E-12 3.5983E-12 3.5904E-12 3.5820E-12 3.5733E-12 3.5643E-12 3.5549E-12 3.5452E-12 3.5351E-12 3.5246E-12 3.5138E-12 3.5027E-12 3.4912E-12 3.4794E-12 3.4672E-12 3.4547E-12 3.4419E-12 3.4288E-12 3.4154E-12 3.4016E-12
3.5987E-12 3.6049E-12 3.6107E-12 3.6161E-12 3.6212E-12 3.6259E-12 3.6303E-12 3.6343E-12 3.6380E-12 3.6412E-12 3.6441E-12 3.6467E-12 3.6488E-12 3.6506E-12 3.6521E-12 3.6531E-12 3.6538E-12 3.6541E-12 3.6540E-12 3.6535E-12 3.6527E-12 3.6514E-12 3.6499E-12 3.6479E-12 3.6455E-12 3.6428E-12 3.6397E-12 3.6362E-12 3.6324E-12 3.6281E-12 3.6235E-12 3.6185E-12 3.6132E-12 3.6074E-12 3.6013E-12 3.5949E-12 3.5880E-12 3.5808E-12 3.5733E-12 3.5653E-12 3.5571E-12 3.5484E-12 3.5394E-12 3.5301E-12 3.5204E-12 3.5103E-12 3.4999E-12 3.4892E-12 3.4781E-12 3.4667E-12 3.4549E-12 3.4428E-12 3.4304E-12 3.4177E-12 3.4046E-12 3.3912E-12 3.3775E-12
