Assets/Resources/2015_m01_d28_2300(utc+0800)_l00_csi_1hr_conc.grd
DSAA
         159         159
     -79.000      79.000
     -79.000      79.000
  0.0000E+00  0.1593E-04
[rows 25 to 49 of 159, columns 0 to 56 of 159]
2.4229E-10 2.7384E-10 3.0930E-10 3.4839E-10 3.9331E-10 4.3870E-10 4.9405E-10 5.4680E-10 6.1195E-10 6.7474E-10 7.5071E-10 8.2665E-10 9.1227E-10 1.0002E-09 1.0983E-09 1.2008E-09 1.3101E-09 1.4276E-09 1.5485E-09 1.6777E-09 1.8137E-09 1.9546E-09 2.1054E-09 2.2576E-09 2.4221E-09 2.5865E-09 2.7621E-09 2.9374E-09 3.1169E-09 3.3001E-09 3.4864E-09 3.6780E-09 3.8711E-09 4.0637E-09 4.2588E-09 4.4545E-09 4.6468E-09 4.8369E-09 5.0239E-09 5.2098E-09 5.3913E-09 5.5645E-09 5.7307E-09 5.8889E-09 6.0410E-09 6.1861E-09 6.3174E-09 6.4406E-09 6.5499E-09 6.6455E-09 6.7292E-09 6.7972E-09 6.8499E-09 6.8881E-09 6.9092E-09 6.9121E-09 6.8962E-09
2.2423E-10 2.5392E-10 2.8737E-10 3.2419E-10 3.6666E-10 4.0942E-10 4.6199E-10 5.1171E-10 5.7374E-10 6.3318E-10 7.0571E-10 7.7796E-10 8.5985E-10 9.4384E-10 1.0379E-09 1.1364E-09 1.2415E-09 1.3549E-09 1.4717E-09 1.5968E-09 1.7290E-09 1.8659E-09 2.0132E-09 2.1619E-09 2.3236E-09 2.4851E-09 2.6587E-09 2.8320E-09 3.0100E-09 3.1922E-09 3.3791E-09 3.5716E-09 3.7644E-09 3.9593E-09 4.1583E-09 4.3561E-09 4.5528E-09 4.7481E-09 4.9426E-09 5.1369E-09 5.3246E-09 5.5069E-09 5.6832E-09 5.8536E-09 6.0211E-09 6.1765E-09 6.3250E-09 6.4624E-09 6.5869E-09 6.7018E-09 6.8017E-09 6.8885E-09 6.9623E-09 7.0199E-09 7.0610E-09 7.0838E-09 7.0876E-09
2.0683E-10 2.3463E-10 2.6598E-10 3.0051E-10 3.4053E-10 3.8066E-10 4.3040E-10 4.7712E-10 5.3601E-10 5.9204E-10 6.6108E-10 7.2963E-10 8.0770E-10 8.8764E-10 9.7765E-10 1.0720E-09 1.1729E-09 1.2821E-09 1.3946E-09 1.5156E-09 1.6437E-09 1.7766E-09 1.9202E-09 2.0651E-09 2.2238E-09 2.3821E-09 2.5532E-09 2.7240E-09 2.9000E-09 3.0807E-09 3.2678E-09 3.4595E-09 3.6524E-09 3.8498E-09 4.0507E-09 4.2504E-09 4.4507E-09 4.6507E-09 4.8528E-09 5.0525E-09 5.2474E-09 5.4383E-09 5.6241E-09 5.8091E-09 5.9866E-09 6.1568E-09 6.3198E-09 6.4705E-09 6.6142E-09 6.7444E-09 6.8638E-09 6.9723E-09 7.0657E-09 7.1434E-09 7.2044E-09 7.2482E-09 7.2758E-09
1.9008E-10 2.1595E-10 2.4521E-10 2.7750E-10 3.1507E-10 3.5258E-10 3.9952E-10 4.4326E-10 4.9896E-10 5.5161E-10 6.1716E-10 6.8196E-10 7.5614E-10 8.3207E-10 9.1802E-10 1.0081E-09 1.1048E-09 1.2098E-09 1.3180E-09 1.4348E-09 1.5586E-09 1.6873E-09 1.8270E-09 1.9679E-09 2.1231E-09 2.2778E-09 2.4460E-09 2.6140E-09 2.7874E-09 2.9663E-09 3.1530E-09 3.3428E-09 3.5355E-09 3.7348E-09 3.9359E-09 4.1377E-09 4.3410E-09 4.5462E-09 4.7541E-09 4.9580E-09 5.1598E-09 5.3584E-09 5.5561E-09 5.7525E-09 5.9403E-09 6.1253E-09 6.2993E-09 6.4684E-09 6.6267E-09 6.7758E-09 6.9168E-09 7.0440E-09 7.1582E-09 7.2589E-09 7.3434E-09 7.4122E-09 7.4635E-09
1.7397E-10 1.9796E-10 2.2519E-10 2.5525E-10 2.9040E-10 3.2536E-10 3.6951E-10 4.1028E-10 4.6285E-10 5.1215E-10 5.7416E-10 6.3525E-10 7.0564E-10 7.7753E-10 8.5941E-10 9.4540E-10 1.0378E-09 1.1387E-09 1.2425E-09 1.3548E-09 1.4743E-09 1.5986E-09 1.7341E-09 1.8707E-09 2.0220E-09 2.1728E-09 2.3377E-09 2.5022E-09 2.6726E-09 2.8499E-09 3.0347E-09 3.2220E-09 3.4151E-09 3.6146E-09 3.8151E-09 4.0183E-09 4.2238E-09 4.4339E-09 4.6450E-09 4.8538E-09 5.0617E-09 5.2680E-09 5.4773E-09 5.6810E-09 5.8830E-09 6.0777E-09 6.2679E-09 6.4515E-09 6.6267E-09 6.7973E-09 6.9556E-09 7.1040E-09 7.2405E-09 7.3631E-09 7.4723E-09 7.5660E-09 7.6428E-09
1.5858E-10 1.8075E-10 2.0598E-10 2.3387E-10 2.6668E-10 2.9912E-10 3.4051E-10 3.7841E-10 4.2785E-10 4.7384E-10 5.3242E-10 5.8988E-10 6.5650E-10 7.2450E-10 8.0237E-10 8.8429E-10 9.7248E-10 1.0691E-09 1.1683E-09 1.2762E-09 1.3911E-09 1.5109E-09 1.6418E-09 1.7738E-09 1.9210E-09 2.0673E-09 2.2285E-09 2.3891E-09 2.5559E-09 2.7311E-09 2.9127E-09 3.0978E-09 3.2905E-09 3.4885E-09 3.6887E-09 3.8926E-09 4.1005E-09 4.3140E-09 4.5270E-09 4.7401E-09 4.9533E-09 5.1690E-09 5.3860E-09 5.5993E-09 5.8116E-09 6.0181E-09 6.2230E-09 6.4201E-09 6.6163E-09 6.8028E-09 6.9815E-09 7.1510E-09 7.3087E-09 7.4567E-09 7.5918E-09 7.7119E-09 7.8141E-09
1.4396E-10 1.6437E-10 1.8768E-10 2.1348E-10 2.4397E-10 2.7397E-10 3.1269E-10 3.4778E-10 3.9417E-10 4.3700E-10 4.9220E-10 5.4617E-10 6.0908E-10 6.7327E-10 7.4724E-10 8.2510E-10 9.0896E-10 1.0012E-09 1.0959E-09 1.1992E-09 1.3093E-09 1.4242E-09 1.5505E-09 1.6774E-09 1.8201E-09 1.9617E-09 2.1187E-09 2.2750E-09 2.4381E-09 2.6104E-09 2.7881E-09 2.9708E-09 3.1623E-09 3.3579E-09 3.5573E-09 3.7611E-09 3.9711E-09 4.1859E-09 4.4006E-09 4.6173E-09 4.8353E-09 5.0592E-09 5.2815E-09 5.5056E-09 5.7253E-09 5.9462E-09 6.1618E-09 6.3783E-09 6.5896E-09 6.7940E-09 6.9927E-09 7.1821E-09 7.3655E-09 7.5394E-09 7.7002E-09 7.8449E-09 7.9726E-09
1.3016E-10 1.4888E-10 1.7034E-10 1.9411E-10 2.2236E-10 2.5004E-10 2.8615E-10 3.1856E-10 3.6201E-10 4.0183E-10 4.5373E-10 5.0428E-10 5.6365E-10 6.2420E-10 6.9425E-10 7.6797E-10 8.4753E-10 9.3532E-10 1.0253E-09 1.1237E-09 1.2290E-09 1.3388E-09 1.4601E-09 1.5819E-09 1.7197E-09 1.8563E-09 2.0087E-09 2.1604E-09 2.3196E-09 2.4882E-09 2.6615E-09 2.8418E-09 3.0309E-09 3.2234E-09 3.4212E-09 3.6243E-09 3.8355E-09 4.0500E-09 4.2664E-09 4.4855E-09 4.7092E-09 4.9384E-09 5.1671E-09 5.3978E-09 5.6282E-09 5.8590E-09 6.0900E-09 6.3216E-09 6.5468E-09 6.7703E-09 6.9868E-09 7.2009E-09 7.4096E-09 7.6070E-09 7.7915E-09 7.9631E-09 8.1198E-09
1.1721E-10 1.3432E-10 1.5399E-10 1.7584E-10 2.0196E-10 2.2742E-10 2.6100E-10 2.9092E-10 3.3152E-10 3.6843E-10 4.1719E-10 4.6453E-10 5.2047E-10 5.7729E-10 6.4339E-10 7.1296E-10 7.8816E-10 8.7137E-10 9.5661E-10 1.0502E-09 1.1504E-09 1.2550E-09 1.3711E-09 1.4875E-09 1.6202E-09 1.7515E-09 1.8990E-09 2.0456E-09 2.2007E-09 2.3648E-09 2.5335E-09 2.7108E-09 2.8962E-09 3.0856E-09 3.2811E-09 3.4835E-09 3.6943E-09 3.9075E-09 4.1245E-09 4.3450E-09 4.5736E-09 4.8056E-09 5.0416E-09 5.2777E-09 5.5182E-09 5.7588E-09 6.0052E-09 6.2468E-09 6.4893E-09 6.7284E-09 6.9675E-09 7.2059E-09 7.4354E-09 7.6555E-09 7.8667E-09 8.0670E-09 8.2537E-09
1.0512E-10 1.2069E-10 1.3869E-10 1.5873E-10 1.8280E-10 2.0617E-10 2.3741E-10 2.6491E-10 3.0281E-10 3.3698E-10 3.8274E-10 4.2693E-10 4.7939E-10 5.3249E-10 5.9466E-10 6.6006E-10 7.3086E-10 8.0951E-10 8.8988E-10 9.7846E-10 1.0735E-09 1.1728E-09 1.2835E-09 1.3944E-09 1.5218E-09 1.6476E-09 1.7899E-09 1.9312E-09 2.0817E-09 2.2406E-09 2.4045E-09 2.5783E-09 2.7591E-09 2.9450E-09 3.1375E-09 3.3385E-09 3.5473E-09 3.7589E-09 3.9755E-09 4.1972E-09 4.4290E-09 4.6641E-09 4.9040E-09 5.1468E-09 5.3925E-09 5.6478E-09 5.9025E-09 6.1575E-09 6.4145E-09 6.6722E-09 6.9343E-09 7.1907E-09 7.4408E-09 7.6862E-09 7.9251E-09 8.1547E-09 8.3722E-09
9.2076E-11 1.0739E-10 1.2423E-10 1.4280E-10 1.6498E-10 1.8639E-10 2.1535E-10 2.4060E-10 2.7593E-10 3.0752E-10 3.5032E-10 3.9135E-10 4.4034E-10 4.8981E-10 5.4804E-10 6.0927E-10 6.7564E-10 7.4970E-10 8.2520E-10 9.0874E-10 9.9854E-10 1.0925E-09 1.1978E-09 1.3030E-09 1.4249E-09 1.5450E-09 1.6819E-09 1.8176E-09 1.9632E-09 2.1163E-09 2.2752E-09 2.4447E-09 2.6205E-09 2.8022E-09 2.9910E-09 3.1897E-09 3.3952E-09 3.6048E-09 3.8199E-09 4.0420E-09 4.2754E-09 4.5131E-09 4.7555E-09 5.0043E-09 5.2562E-09 5.5232E-09 5.7846E-09 6.0533E-09 6.3232E-09 6.6026E-09 6.8801E-09 7.1541E-09 7.4274E-09 7.6984E-09 7.9649E-09 8.2241E-09 8.4729E-09
7.7481E-11 9.2083E-11 1.0844E-10 1.2691E-10 1.4848E-10 1.6804E-10 1.9486E-10 2.1801E-10 2.5090E-10 2.7997E-10 3.1977E-10 3.5769E-10 4.0327E-10 4.4916E-10 5.0343E-10 5.6058E-10 6.2258E-10 6.9199E-10 7.6267E-10 8.4121E-10 9.2577E-10 1.0143E-09 1.1141E-09 1.2137E-09 1.3299E-09 1.4441E-09 1.5753E-09 1.7052E-09 1.8455E-09 1.9926E-09 2.1460E-09 2.3108E-09 2.4809E-09 2.6578E-09 2.8425E-09 3.0379E-09 3.2392E-09 3.4458E-09 3.6585E-09 3.8800E-09 4.1134E-09 4.3531E-09 4.5976E-09 4.8486E-09 5.1096E-09 5.3806E-09 5.6532E-09 5.9312E-09 6.2200E-09 6.5130E-09 6.8042E-09 7.0983E-09 7.3943E-09 7.6904E-09 7.9843E-09 8.2728E-09 8.5532E-09
6.4903E-11 7.7047E-11 9.1904E-11 1.0845E-10 1.3022E-10 1.5099E-10 1.7594E-10 1.9712E-10 2.2754E-10 2.5411E-10 2.9097E-10 3.2590E-10 3.6811E-10 4.1046E-10 4.6092E-10 5.1399E-10 5.7165E-10 6.3654E-10 7.0247E-10 7.7600E-10 8.5537E-10 9.3856E-10 1.0328E-09 1.1266E-09 1.2371E-09 1.3453E-09 1.4706E-09 1.5944E-09 1.7290E-09 1.8698E-09 2.0175E-09 2.1768E-09 2.3409E-09 2.5124E-09 2.6924E-09 2.8837E-09 3.0800E-09 3.2827E-09 3.4921E-09 3.7119E-09 3.9441E-09 4.1840E-09 4.4303E-09 4.6832E-09 4.9510E-09 5.2265E-09 5.5069E-09 5.7976E-09 6.1000E-09 6.4017E-09 6.7092E-09 7.0226E-09 7.3404E-09 7.6609E-09 7.9810E-09 8.2993E-09 8.6124E-09
5.6962E-11 6.6756E-11 7.8722E-11 9.2647E-11 1.1004E-10 1.2946E-10 1.5723E-10 1.7769E-10 2.0568E-10 2.2986E-10 2.6389E-10 2.9587E-10 3.3482E-10 3.7376E-10 4.2044E-10 4.6954E-10 5.2302E-10 5.8344E-10 6.4467E-10 7.1331E-10 7.8754E-10 8.6536E-10 9.5404E-10 1.0421E-09 1.1468E-09 1.2489E-09 1.3682E-09 1.4857E-09 1.6144E-09 1.7487E-09 1.8901E-09 2.0434E-09 2.2012E-09 2.3669E-09 2.5415E-09 2.7276E-09 2.9185E-09 3.1164E-09 3.3214E-09 3.5385E-09 3.7684E-09 4.0070E-09 4.2540E-09 4.5080E-09 4.7772E-09 5.0602E-09 5.3443E-09 5.6508E-09 5.9584E-09 6.2720E-09 6.5949E-09 6.9263E-09 7.2643E-09 7.6077E-09 7.9546E-09 8.3020E-09 8.6518E-09
5.0717E-11 5.9436E-11 6.9664E-11 8.1290E-11 9.6200E-11 1.1054E-10 1.3327E-10 1.5613E-10 1.8485E-10 2.0716E-10 2.3843E-10 2.6758E-10 3.0339E-10 3.3901E-10 3.8205E-10 4.2734E-10 4.7672E-10 5.3277E-10 5.8947E-10 6.5327E-10 7.2241E-10 7.9496E-10 8.7813E-10 9.6047E-10 1.0592E-09 1.1553E-09 1.2684E-09 1.3795E-09 1.5019E-09 1.6295E-09 1.7644E-09 1.9112E-09 2.0625E-09 2.2218E-09 2.3904E-09 2.5706E-09 2.7554E-09 2.9476E-09 3.1473E-09 3.3603E-09 3.5872E-09 3.8232E-09 4.0688E-09 4.3236E-09 4.5947E-09 4.8817E-09 5.1709E-09 5.4867E-09 5.7996E-09 6.1245E-09 6.4609E-09 6.8080E-09 7.1658E-09 7.5312E-09 7.9031E-09 8.2835E-09 8.6676E-09
4.4683E-11 5.2856E-11 6.2141E-11 7.2634E-11 8.5845E-11 9.7994E-11 1.1600E-10 1.3195E-10 1.5969E-10 1.8363E-10 2.1418E-10 2.4103E-10 2.7379E-10 3.0626E-10 3.4582E-10 3.8739E-10 4.3282E-10 4.8465E-10 5.3689E-10 5.9599E-10 6.6017E-10 7.2754E-10 8.0521E-10 8.8191E-10 9.7475E-10 1.0647E-09 1.1715E-09 1.2762E-09 1.3920E-09 1.5127E-09 1.6409E-09 1.7810E-09 1.9255E-09 2.0779E-09 2.2400E-09 2.4134E-09 2.5915E-09 2.7773E-09 2.9708E-09 3.1783E-09 3.4013E-09 3.6337E-09 3.8765E-09 4.1302E-09 4.4026E-09 4.6904E-09 4.9852E-09 5.3047E-09 5.6245E-09 5.9581E-09 6.3070E-09 6.6690E-09 7.0437E-09 7.4300E-09 7.8294E-09 8.2413E-09 8.6524E-09
3.8094E-11 4.6066E-11 5.5185E-11 6.4663E-11 7.6621E-11 8.7528E-11 1.0380E-10 1.1654E-10 1.3734E-10 1.5715E-10 1.8707E-10 2.1402E-10 2.4552E-10 2.7555E-10 3.1174E-10 3.4975E-10 3.9140E-10 4.3910E-10 4.8708E-10 5.4160E-10 6.0093E-10 6.6322E-10 7.3551E-10 8.0665E-10 8.9355E-10 9.7743E-10 1.0779E-09 1.1760E-09 1.2851E-09 1.3990E-09 1.5203E-09 1.6534E-09 1.7907E-09 1.9358E-09 2.0908E-09 2.2570E-09 2.4277E-09 2.6064E-09 2.7929E-09 2.9939E-09 3.2113E-09 3.4394E-09 3.6783E-09 3.9291E-09 4.2021E-09 4.4907E-09 4.7863E-09 5.1081E-09 5.4336E-09 5.7753E-09 6.1334E-09 6.5083E-09 6.8993E-09 7.3056E-09 7.7334E-09 8.1681E-09 8.6078E-09
1.5737E-11 3.8281E-11 4.8320E-11 5.7249E-11 6.8030E-11 7.7784E-11 9.2551E-11 1.0390E-10 1.2222E-10 1.3699E-10 1.6101E-10 1.8503E-10 2.1540E-10 2.4438E-10 2.7881E-10 3.1412E-10 3.5245E-10 3.9619E-10 4.4008E-10 4.9016E-10 5.4478E-10 6.0218E-10 6.6915E-10 7.3482E-10 8.1587E-10 8.9374E-10 9.8781E-10 1.0793E-09 1.1817E-09 1.2888E-09 1.4030E-09 1.5289E-09 1.6587E-09 1.7963E-09 1.9437E-09 2.1020E-09 2.2649E-09 2.4358E-09 2.6145E-09 2.8082E-09 3.0188E-09 3.2414E-09 3.4753E-09 3.7216E-09 3.9922E-09 4.2813E-09 4.5745E-09 4.8995E-09 5.2277E-09 5.5752E-09 5.9421E-09 6.3269E-09 6.7313E-09 7.1616E-09 7.6089E-09 8.0645E-09 8.5369E-09
9.1982E-12 1.5642E-11 3.4006E-11 5.0176E-11 6.0081E-11 6.8743E-11 8.2089E-11 9.2157E-11 1.0874E-10 1.2176E-10 1.4226E-10 1.6098E-10 1.8634E-10 2.1230E-10 2.4492E-10 2.7797E-10 3.1395E-10 3.5487E-10 3.9535E-10 4.4173E-10 4.9185E-10 5.4444E-10 6.0625E-10 6.6662E-10 7.4185E-10 8.1374E-10 9.0150E-10 9.8667E-10 1.0821E-09 1.1825E-09 1.2896E-09 1.4080E-09 1.5302E-09 1.6600E-09 1.7993E-09 1.9494E-09 2.1040E-09 2.2665E-09 2.4368E-09 2.6223E-09 2.8246E-09 3.0394E-09 3.2678E-09 3.5089E-09 3.7770E-09 4.0643E-09 4.3519E-09 4.6795E-09 5.0096E-09 5.3595E-09 5.7319E-09 6.1264E-09 6.5468E-09 6.9936E-09 7.4543E-09 7.9356E-09 8.4399E-09
6.6696E-12 9.0252E-12 1.1815E-11 2.8908E-11 5.2407E-11 6.0409E-11 7.2427E-11 8.1286E-11 9.6244E-11 1.0778E-10 1.2631E-10 1.4267E-10 1.6393E-10 1.8512E-10 2.1287E-10 2.4261E-10 2.7585E-10 3.1420E-10 3.5147E-10 3.9391E-10 4.4077E-10 4.8901E-10 5.4579E-10 6.0141E-10 6.7141E-10 7.3775E-10 8.1936E-10 8.9822E-10 9.8678E-10 1.0805E-09 1.1803E-09 1.2912E-09 1.4057E-09 1.5274E-09 1.6584E-09 1.7990E-09 1.9446E-09 2.0983E-09 2.2597E-09 2.4363E-09 2.6306E-09 2.8368E-09 3.0571E-09 3.2917E-09 3.5565E-09 3.8401E-09 4.1221E-09 4.4486E-09 4.7782E-09 5.1313E-09 5.5072E-09 5.9074E-09 6.3417E-09 6.7986E-09 7.2753E-09 7.7814E-09 8.3089E-09
1.7714E-12 5.9933E-12 9.7136E-12 1.3233E-11 3.1254E-11 5.1762E-11 6.3278E-11 7.1289E-11 8.4729E-11 9.4867E-11 1.1155E-10 1.2611E-10 1.4523E-10 1.6359E-10 1.8721E-10 2.1253E-10 2.4112E-10 2.7498E-10 3.0897E-10 3.4821E-10 3.9099E-10 4.3570E-10 4.8811E-10 5.3820E-10 6.0269E-10 6.6425E-10 7.4055E-10 8.1327E-10 8.9491E-10 9.8205E-10 1.0746E-09 1.1779E-09 1.2847E-09 1.3982E-09 1.5205E-09 1.6528E-09 1.7890E-09 1.9324E-09 2.0845E-09 2.2517E-09 2.4366E-09 2.6347E-09 2.8469E-09 3.0727E-09 3.3317E-09 3.6083E-09 3.8864E-09 4.2119E-09 4.5379E-09 4.8894E-09 5.2670E-09 5.6764E-09 6.1180E-09 6.5799E-09 7.0747E-09 7.6008E-09 8.1479E-09
0.0000E+00 1.2897E-12 4.9939E-12 1.0376E-11 1.4845E-11 2.4929E-11 4.6684E-11 6.1082E-11 7.3812E-11 8.2930E-11 9.7976E-11 1.1085E-10 1.2798E-10 1.4430E-10 1.6553E-10 1.8770E-10 2.1232E-10 2.4182E-10 2.7141E-10 3.0586E-10 3.4415E-10 3.8428E-10 4.3261E-10 4.7890E-10 5.3804E-10 5.9413E-10 6.6461E-10 7.3209E-10 8.0694E-10 8.8772E-10 9.7312E-10 1.0687E-09 1.1678E-09 1.2730E-09 1.3865E-09 1.5103E-09 1.6381E-09 1.7724E-09 1.9136E-09 2.0694E-09 2.2443E-09 2.4327E-09 2.6356E-09 2.8544E-09 3.1080E-09 3.3749E-09 3.6449E-09 3.9671E-09 4.2904E-09 4.6393E-09 5.0148E-09 5.4298E-09 5.8729E-09 6.3433E-09 6.8522E-09 7.3871E-09 7.9575E-09
0.0000E+00 0.0000E+00 8.2785E-13 4.1964E-12 9.5850E-12 1.5139E-11 2.6591E-11 4.4377E-11 6.2105E-11 7.0994E-11 8.4868E-11 9.6587E-11 1.1216E-10 1.2658E-10 1.4556E-10 1.6537E-10 1.8739E-10 2.1351E-10 2.3918E-10 2.6942E-10 3.0331E-10 3.3879E-10 3.8188E-10 4.2353E-10 4.7754E-10 5.2810E-10 5.9250E-10 6.5419E-10 7.2304E-10 7.9772E-10 8.7606E-10 9.6389E-10 1.0554E-09 1.1523E-09 1.2570E-09 1.3718E-09 1.4904E-09 1.6158E-09 1.7483E-09 1.8943E-09 2.0575E-09 2.2341E-09 2.4266E-09 2.6355E-09 2.8827E-09 3.1421E-09 3.4034E-09 3.7190E-09 4.0361E-09 4.3803E-09 4.7571E-09 5.1720E-09 5.6115E-09 6.0896E-09 6.6064E-09 7.1482E-09 7.7411E-09
0.0000E+00 0.0000E+00 0.0000E+00 4.0401E-13 2.9398E-12 7.8398E-12 1.4353E-11 2.0297E-11 3.9545E-11 5.8372E-11 7.1611E-11 8.2376E-11 9.6593E-11 1.1016E-10 1.2731E-10 1.4488E-10 1.6449E-10 1.8787E-10 2.1071E-10 2.3764E-10 2.6751E-10 2.9881E-10 3.3721E-10 3.7432E-10 4.2339E-10 4.6851E-10 5.2704E-10 5.8265E-10 6.4444E-10 7.1316E-10 7.8495E-10 8.6494E-10 9.4914E-10 1.0379E-09 1.1338E-09 1.2395E-09 1.3491E-09 1.4647E-09 1.5871E-09 1.7235E-09 1.8768E-09 2.0424E-09 2.2229E-09 2.4208E-09 2.6592E-09 2.9091E-09 3.1613E-09 3.4712E-09 3.7794E-09 4.1159E-09 4.4901E-09 4.8991E-09 5.3368E-09 5.8192E-09 6.3358E-09 6.8853E-09 7.4962E-09
0.0000E+00 0.0000E+00 0.0000E+00 0.0000E+00 7.8058E-14 1.5727E-12 5.4825E-12 1.1162E-11 1.8712E-11 3.7480E-11 5.7949E-11 6.8241E-11 8.1254E-11 9.3233E-11 1.0961E-10 1.2596E-10 1.4358E-10 1.6438E-10 1.8458E-10 2.0857E-10 2.3528E-10 2.6323E-10 2.9781E-10 3.3052E-10 3.7446E-10 4.1499E-10 4.6781E-10 5.1784E-10 5.7321E-10 6.3551E-10 7.0066E-10 7.7292E-10 8.5011E-10 9.3093E-10 1.0181E-09 1.1145E-09 1.2154E-09 1.3214E-09 1.4337E-09 1.5594E-09 1.7014E-09 1.8566E-09 2.0264E-09 2.2130E-09 2.4404E-09 2.6797E-09 2.9206E-09 3.2214E-09 3.5197E-09 3.8475E-09 4.2156E-09 4.6151E-09 5.0507E-09 5.5321E-09 6.0445E-09 6.6016E-09 7.2226E-09
