Assets/Resources/2015_m01_d06_2300(utc+0800)_l00_csi_1hr_conc.grd
DSAA
         159         159
     -79.000      79.000
     -79.000      79.000
  0.0000E+00  0.2873E-05
[rows 50 to 74 of 159, columns 0 to 56 of 159]
0.0000E+00 0.0000E+00 0.0000E+00 0.0000E+00 0.0000E+00 0.0000E+00 0.0000E+00 0.0000E+00 0.0000E+00 0.0000E+00 0.0000E+00 0.0000E+00 0.0000E+00 0.0000E+00 0.0000E+00 0.0000E+00 0.0000E+00 0.0000E+00 0.0000E+00 0.0000E+00 0.0000E+00 1.1166E-12 3.8389E-12 1.4859E-11 2.8224E-11 4.2432E-11 5.9000E-11 7.9941E-11 1.0018E-10 1.2336E-10 1.4912E-10 1.7399E-10 2.0859E-10 2.5291E-10 3.0386E-10 3.4669E-10 4.0538E-10 4.6006E-10 5.4162E-10 6.0477E-10 7.0461E-10 7.9389E-10 9.0967E-10 1.0224E-09 1.1633E-09 1.2963E-09 1.4518E-09 1.6146E-09 1.7949E-09 1.9930E-09 2.2104E-09 2.4493E-09 2.7110E-09 2.9963E-09 3.3078E-09 3.6481E-09 4.0208E-09
0.0000E+00 0.0000E+00 0.0000E+00 0.0000E+00 0.0000E+00 0.0000E+00 0.0000E+00 0.0000E+00 0.0000E+00 0.0000E+00 0.0000E+00 0.0000E+00 0.0000E+00 0.0000E+00 0.0000E+00 0.0000E+00 0.0000E+00 0.0000E+00 0.0000E+00 0.0000E+00 0.0000E+00 0.0000E+00 2.1460E-12 9.3293E-12 2.2207E-11 3.6426E-11 5.1524E-11 7.0579E-11 9.1426E-11 1.1184E-10 1.3934E-10 1.6261E-10 1.9855E-10 2.3958E-10 2.9095E-10 3.3284E-10 3.9023E-10 4.4409E-10 5.2399E-10 5.8566E-10 6.8410E-10 7.7205E-10 8.8656E-10 9.9631E-10 1.1358E-09 1.2672E-09 1.4205E-09 1.5805E-09 1.7586E-09 1.9548E-09 2.1705E-09 2.4072E-09 2.6673E-09 2.9512E-09 3.2627E-09 3.6034E-09 3.9769E-09
0.0000E+00 0.0000E+00 0.0000E+00 0.0000E+00 0.0000E+00 0.0000E+00 0.0000E+00 0.0000E+00 0.0000E+00 0.0000E+00 0.0000E+00 0.0000E+00 0.0000E+00 0.0000E+00 0.0000E+00 0.0000E+00 0.0000E+00 0.0000E+00 0.0000E+00 0.0000E+00 0.0000E+00 0.0000E+00 1.4384E-12 5.1151E-12 1.5413E-11 3.1202E-11 4.5678E-11 6.1150E-11 7.9393E-11 1.0244E-10 1.2509E-10 1.5095E-10 1.8749E-10 2.2608E-10 2.6745E-10 3.1873E-10 3.7500E-10 4.2656E-10 5.0477E-10 5.6547E-10 6.6223E-10 7.4803E-10 8.6034E-10 9.6847E-10 1.1061E-09 1.2339E-09 1.3843E-09 1.5420E-09 1.7178E-09 1.9104E-09 2.1233E-09 2.3574E-09 2.6155E-09 2.8970E-09 3.2065E-09 3.5462E-09 3.9190E-09
0.0000E+00 0.0000E+00 0.0000E+00 0.0000E+00 0.0000E+00 0.0000E+00 0.0000E+00 0.0000E+00 0.0000E+00 0.0000E+00 0.0000E+00 0.0000E+00 0.0000E+00 0.0000E+00 0.0000E+00 0.0000E+00 0.0000E+00 0.0000E+00 0.0000E+00 0.0000E+00 0.0000E+00 0.0000E+00 0.0000E+00 1.7319E-12 1.4122E-11 2.4190E-11 3.7937E-11 5.3237E-11 7.1720E-11 9.0197E-11 1.1491E-10 1.3998E-10 1.7417E-10 2.1275E-10 2.5189E-10 3.0332E-10 3.5861E-10 4.0870E-10 4.8565E-10 5.4346E-10 6.3754E-10 7.2153E-10 8.3247E-10 9.3730E-10 1.0719E-09 1.1969E-09 1.3453E-09 1.4991E-09 1.6707E-09 1.8603E-09 2.0703E-09 2.3005E-09 2.5544E-09 2.8329E-09 3.1393E-09 3.4772E-09 3.8468E-09
0.0000E+00 0.0000E+00 0.0000E+00 0.0000E+00 0.0000E+00 0.0000E+00 0.0000E+00 0.0000E+00 0.0000E+00 0.0000E+00 0.0000E+00 0.0000E+00 0.0000E+00 0.0000E+00 0.0000E+00 0.0000E+00 0.0000E+00 0.0000E+00 0.0000E+00 0.0000E+00 0.0000E+00 0.0000E+00 0.0000E+00 1.0433E-12 1.0656E-11 1.7291E-11 3.1712E-11 4.8587E-11 6.3021E-11 8.0663E-11 1.0059E-10 1.2829E-10 1.5940E-10 2.0089E-10 2.3777E-10 2.8771E-10 3.4196E-10 3.8943E-10 4.6417E-10 5.1987E-10 6.1294E-10 6.9369E-10 8.0065E-10 9.0280E-10 1.0357E-09 1.1567E-09 1.3006E-09 1.4511E-09 1.6192E-09 1.8047E-09 2.0095E-09 2.2354E-09 2.4853E-09 2.7596E-09 3.0614E-09 3.3953E-09 3.7606E-09
0.0000E+00 0.0000E+00 0.0000E+00 0.0000E+00 0.0000E+00 0.0000E+00 0.0000E+00 0.0000E+00 0.0000E+00 0.0000E+00 0.0000E+00 0.0000E+00 0.0000E+00 0.0000E+00 0.0000E+00 0.0000E+00 0.0000E+00 0.0000E+00 0.0000E+00 0.0000E+00 0.0000E+00 0.0000E+00 0.0000E+00 0.0000E+00 1.3339E-12 1.5001E-11 2.8850E-11 3.9275E-11 5.4560E-11 7.1705E-11 9.0849E-11 1.1094E-10 1.4550E-10 1.8534E-10 2.2359E-10 2.7264E-10 3.1151E-10 3.6928E-10 4.4209E-10 4.9543E-10 5.8509E-10 6.6270E-10 7.6748E-10 8.6669E-10 9.9467E-10 1.1119E-09 1.2527E-09 1.3993E-09 1.5617E-09 1.7426E-09 1.9425E-09 2.1637E-09 2.4074E-09 2.6761E-09 2.9722E-09 3.3018E-09 3.6618E-09
0.0000E+00 0.0000E+00 0.0000E+00 0.0000E+00 0.0000E+00 0.0000E+00 0.0000E+00 0.0000E+00 0.0000E+00 0.0000E+00 0.0000E+00 0.0000E+00 0.0000E+00 0.0000E+00 0.0000E+00 0.0000E+00 0.0000E+00 0.0000E+00 0.0000E+00 0.0000E+00 0.0000E+00 0.0000E+00 0.0000E+00 0.0000E+00 9.6244E-13 1.1347E-11 1.9430E-11 3.2037E-11 4.7681E-11 6.1919E-11 7.9192E-11 9.9730E-11 1.2950E-10 1.5747E-10 2.0551E-10 2.5531E-10 2.9308E-10 3.4940E-10 4.1781E-10 4.6969E-10 5.5576E-10 6.3089E-10 7.3188E-10 8.2667E-10 9.5106E-10 1.0653E-09 1.2002E-09 1.3415E-09 1.4992E-09 1.6759E-09 1.8690E-09 2.0835E-09 2.3216E-09 2.5842E-09 2.8731E-09 3.1949E-09 3.5485E-09
0.0000E+00 0.0000E+00 0.0000E+00 0.0000E+00 0.0000E+00 0.0000E+00 0.0000E+00 0.0000E+00 0.0000E+00 0.0000E+00 0.0000E+00 0.0000E+00 0.0000E+00 0.0000E+00 0.0000E+00 0.0000E+00 0.0000E+00 0.0000E+00 0.0000E+00 0.0000E+00 0.0000E+00 0.0000E+00 0.0000E+00 0.0000E+00 0.0000E+00 4.7344E-12 1.4185E-11 2.9113E-11 4.1293E-11 5.1535E-11 7.1187E-11 9.1661E-11 1.1684E-10 1.4002E-10 1.9017E-10 2.3497E-10 2.7246E-10 3.2709E-10 3.8044E-10 4.4323E-10 5.2500E-10 5.9669E-10 6.9323E-10 7.8554E-10 9.0607E-10 1.0134E-09 1.1443E-09 1.2817E-09 1.4326E-09 1.6019E-09 1.7892E-09 1.9974E-09 2.2279E-09 2.4816E-09 2.7630E-09 3.0758E-09 3.4224E-09
0.0000E+00 0.0000E+00 0.0000E+00 0.0000E+00 0.0000E+00 0.0000E+00 0.0000E+00 0.0000E+00 0.0000E+00 0.0000E+00 0.0000E+00 0.0000E+00 0.0000E+00 0.0000E+00 0.0000E+00 0.0000E+00 0.0000E+00 0.0000E+00 0.0000E+00 0.0000E+00 0.0000E+00 0.0000E+00 0.0000E+00 0.0000E+00 0.0000E+00 2.9535E-13 1.1859E-11 2.3365E-11 2.9764E-11 4.6974E-11 6.3623E-11 7.8898E-11 1.0202E-10 1.2910E-10 1.7070E-10 2.0655E-10 2.5294E-10 3.0295E-10 3.5438E-10 4.1425E-10 4.9220E-10 5.6252E-10 6.5402E-10 7.4161E-10 8.5702E-10 9.6006E-10 1.0866E-09 1.2156E-09 1.3606E-09 1.5247E-09 1.7050E-09 1.9037E-09 2.1257E-09 2.3712E-09 2.6435E-09 2.9453E-09 3.2826E-09
0.0000E+00 0.0000E+00 0.0000E+00 0.0000E+00 0.0000E+00 0.0000E+00 0.0000E+00 0.0000E+00 0.0000E+00 0.0000E+00 0.0000E+00 0.0000E+00 0.0000E+00 0.0000E+00 0.0000E+00 0.0000E+00 0.0000E+00 0.0000E+00 0.0000E+00 0.0000E+00 0.0000E+00 0.0000E+00 0.0000E+00 0.0000E+00 0.0000E+00 0.0000E+00 7.8601E-12 1.3173E-11 2.6584E-11 4.0523E-11 5.5680E-11 6.7108E-11 9.2971E-11 1.1475E-10 1.5286E-10 1.8938E-10 2.3310E-10 2.8027E-10 3.2843E-10 3.8294E-10 4.4619E-10 5.2511E-10 6.1161E-10 6.9719E-10 8.0675E-10 9.0383E-10 1.0246E-09 1.1475E-09 1.2870E-09 1.4422E-09 1.6133E-09 1.8044E-09 2.0180E-09 2.2528E-09 2.5144E-09 2.8046E-09 3.1870E-09
0.0000E+00 0.0000E+00 0.0000E+00 0.0000E+00 0.0000E+00 0.0000E+00 0.0000E+00 0.0000E+00 0.0000E+00 0.0000E+00 0.0000E+00 0.0000E+00 0.0000E+00 0.0000E+00 0.0000E+00 0.0000E+00 0.0000E+00 0.0000E+00 0.0000E+00 0.0000E+00 0.0000E+00 0.0000E+00 0.0000E+00 0.0000E+00 0.0000E+00 0.0000E+00 0.0000E+00 1.0422E-11 2.2851E-11 3.2636E-11 4.3524E-11 6.0997E-11 8.3161E-11 9.6918E-11 1.2769E-10 1.7266E-10 2.1311E-10 2.4697E-10 3.0238E-10 3.5297E-10 4.1227E-10 4.8599E-10 5.6848E-10 6.4983E-10 7.5378E-10 8.4600E-10 9.6194E-10 1.0774E-09 1.2086E-09 1.3562E-09 1.5196E-09 1.7007E-09 1.9030E-09 2.1278E-09 2.3774E-09 2.6536E-09 3.0251E-09
0.0000E+00 0.0000E+00 0.0000E+00 0.0000E+00 0.0000E+00 0.0000E+00 0.0000E+00 0.0000E+00 0.0000E+00 0.0000E+00 0.0000E+00 0.0000E+00 0.0000E+00 0.0000E+00 0.0000E+00 0.0000E+00 0.0000E+00 0.0000E+00 0.0000E+00 0.0000E+00 0.0000E+00 0.0000E+00 0.0000E+00 0.0000E+00 0.0000E+00 0.0000E+00 0.0000E+00 7.7354E-12 1.4175E-11 2.4010E-11 3.8797E-11 5.2799E-11 6.5903E-11 8.6469E-11 1.1387E-10 1.5486E-10 1.8452E-10 2.2500E-10 2.7732E-10 3.2418E-10 3.7926E-10 4.4786E-10 5.1161E-10 6.0171E-10 6.9951E-10 7.8717E-10 8.9530E-10 1.0034E-09 1.1281E-09 1.2677E-09 1.4207E-09 1.5931E-09 1.7843E-09 1.9968E-09 2.2338E-09 2.4960E-09 2.8526E-09
0.0000E+00 0.0000E+00 0.0000E+00 0.0000E+00 0.0000E+00 0.0000E+00 0.0000E+00 0.0000E+00 0.0000E+00 0.0000E+00 0.0000E+00 0.0000E+00 0.0000E+00 0.0000E+00 0.0000E+00 0.0000E+00 0.0000E+00 0.0000E+00 0.0000E+00 0.0000E+00 0.0000E+00 0.0000E+00 0.0000E+00 0.0000E+00 0.0000E+00 0.0000E+00 0.0000E+00 1.2231E-12 9.4322E-12 2.0391E-11 3.1334E-11 4.0472E-11 5.8833E-11 7.7318E-11 9.9915E-11 1.2215E-10 1.6788E-10 2.0532E-10 2.5317E-10 2.8354E-10 3.4633E-10 4.0993E-10 4.6962E-10 5.5374E-10 6.4447E-10 7.2700E-10 8.2685E-10 9.2885E-10 1.0471E-09 1.1751E-09 1.3199E-09 1.4827E-09 1.6605E-09 1.8625E-09 2.0863E-09 2.3312E-09 2.6684E-09
0.0000E+00 0.0000E+00 0.0000E+00 0.0000E+00 0.0000E+00 0.0000E+00 0.0000E+00 0.0000E+00 0.0000E+00 0.0000E+00 0.0000E+00 0.0000E+00 0.0000E+00 0.0000E+00 0.0000E+00 0.0000E+00 0.0000E+00 0.0000E+00 0.0000E+00 0.0000E+00 0.0000E+00 0.0000E+00 0.0000E+00 0.0000E+00 0.0000E+00 0.0000E+00 0.0000E+00 0.0000E+00 6.9892E-12 1.4795E-11 2.1845E-11 3.4602E-11 5.1444E-11 6.6770E-11 8.2445E-11 1.0855E-10 1.5036E-10 1.8582E-10 2.1836E-10 2.5769E-10 3.1442E-10 3.6042E-10 4.2828E-10 5.0523E-10 5.7754E-10 6.6804E-10 7.5967E-10 8.5553E-10 9.6344E-10 1.0809E-09 1.2192E-09 1.3693E-09 1.5345E-09 1.7252E-09 1.9332E-09 2.1644E-09 2.4811E-09
0.0000E+00 0.0000E+00 0.0000E+00 0.0000E+00 0.0000E+00 0.0000E+00 0.0000E+00 0.0000E+00 0.0000E+00 0.0000E+00 0.0000E+00 0.0000E+00 0.0000E+00 0.0000E+00 0.0000E+00 0.0000E+00 0.0000E+00 0.0000E+00 0.0000E+00 0.0000E+00 0.0000E+00 0.0000E+00 0.0000E+00 0.0000E+00 0.0000E+00 0.0000E+00 0.0000E+00 0.0000E+00 2.2025E-12 7.5584E-12 1.7907E-11 2.9525E-11 4.1321E-11 5.2956E-11 7.2274E-11 9.4692E-11 1.2749E-10 1.5740E-10 1.9668E-10 2.3309E-10 2.8391E-10 3.2579E-10 3.8850E-10 4.5799E-10 5.2608E-10 6.0937E-10 6.9258E-10 7.8225E-10 8.8083E-10 9.8990E-10 1.1179E-09 1.2546E-09 1.4090E-09 1.5863E-09 1.7785E-09 1.9949E-09 2.2366E-09
0.0000E+00 0.0000E+00 0.0000E+00 0.0000E+00 0.0000E+00 0.0000E+00 0.0000E+00 0.0000E+00 0.0000E+00 0.0000E+00 0.0000E+00 0.0000E+00 0.0000E+00 0.0000E+00 0.0000E+00 0.0000E+00 0.0000E+00 0.0000E+00 0.0000E+00 0.0000E+00 0.0000E+00 0.0000E+00 0.0000E+00 0.0000E+00 0.0000E+00 0.0000E+00 0.0000E+00 0.0000E+00 0.0000E+00 5.9133E-12 1.2522E-11 2.0137E-11 3.1898E-11 4.6250E-11 6.1309E-11 7.8625E-11 1.0044E-10 1.4062E-10 1.7613E-10 2.0896E-10 2.4365E-10 2.9281E-10 3.4922E-10 4.0080E-10 4.7580E-10 5.5078E-10 6.2882E-10 7.1085E-10 7.9837E-10 9.0072E-10 1.0166E-09 1.1417E-09 1.2861E-09 1.4464E-09 1.6243E-09 1.8258E-09 2.0480E-09
0.0000E+00 0.0000E+00 0.0000E+00 0.0000E+00 0.0000E+00 0.0000E+00 0.0000E+00 0.0000E+00 0.0000E+00 0.0000E+00 0.0000E+00 0.0000E+00 0.0000E+00 0.0000E+00 0.0000E+00 0.0000E+00 0.0000E+00 0.0000E+00 0.0000E+00 0.0000E+00 0.0000E+00 0.0000E+00 0.0000E+00 0.0000E+00 0.0000E+00 0.0000E+00 0.0000E+00 0.0000E+00 0.0000E+00 1.0474E-12 6.4360E-12 1.5169E-11 2.4870E-11 3.5304E-11 4.8894E-11 6.5810E-11 8.6867E-11 1.2063E-10 1.4641E-10 1.7638E-10 2.1746E-10 2.6104E-10 2.9976E-10 3.5829E-10 4.2575E-10 4.9639E-10 5.6862E-10 6.3852E-10 7.2034E-10 8.1430E-10 9.1588E-10 1.0331E-09 1.1647E-09 1.3089E-09 1.4743E-09 1.6590E-09 1.8618E-09
0.0000E+00 0.0000E+00 0.0000E+00 0.0000E+00 0.0000E+00 0.0000E+00 0.0000E+00 0.0000E+00 0.0000E+00 0.0000E+00 0.0000E+00 0.0000E+00 0.0000E+00 0.0000E+00 0.0000E+00 0.0000E+00 0.0000E+00 0.0000E+00 0.0000E+00 0.0000E+00 0.0000E+00 0.0000E+00 0.0000E+00 0.0000E+00 0.0000E+00 0.0000E+00 0.0000E+00 0.0000E+00 0.0000E+00 0.0000E+00 4.8479E-12 1.0143E-11 1.6729E-11 2.6044E-11 3.7902E-11 5.1737E-11 6.7802E-11 8.6371E-11 1.2773E-10 1.5620E-10 1.9207E-10 2.2075E-10 2.6506E-10 3.1852E-10 3.7874E-10 4.3004E-10 5.0699E-10 5.7123E-10 6.4687E-10 7.2886E-10 8.1998E-10 9.2860E-10 1.0460E-09 1.1759E-09 1.3287E-09 1.4951E-09 1.6799E-09
0.0000E+00 0.0000E+00 0.0000E+00 0.0000E+00 0.0000E+00 0.0000E+00 0.0000E+00 0.0000E+00 0.0000E+00 0.0000E+00 0.0000E+00 0.0000E+00 0.0000E+00 0.0000E+00 0.0000E+00 0.0000E+00 0.0000E+00 0.0000E+00 0.0000E+00 0.0000E+00 0.0000E+00 0.0000E+00 0.0000E+00 0.0000E+00 0.0000E+00 0.0000E+00 0.0000E+00 0.0000E+00 0.0000E+00 0.0000E+00 0.0000E+00 5.3317E-12 1.2826E-11 2.0841E-11 2.8945E-11 3.9398E-11 5.1853E-11 6.9017E-11 1.0170E-10 1.2085E-10 1.5579E-10 1.8987E-10 2.3104E-10 2.7942E-10 3.2195E-10 3.7926E-10 4.4960E-10 5.0824E-10 5.7308E-10 6.4692E-10 7.3164E-10 8.2770E-10 9.3158E-10 1.0516E-09 1.1880E-09 1.3362E-09 1.5066E-09
0.0000E+00 0.0000E+00 0.0000E+00 0.0000E+00 0.0000E+00 0.0000E+00 0.0000E+00 0.0000E+00 0.0000E+00 0.0000E+00 0.0000E+00 0.0000E+00 0.0000E+00 0.0000E+00 0.0000E+00 0.0000E+00 0.0000E+00 0.0000E+00 0.0000E+00 0.0000E+00 0.0000E+00 0.0000E+00 0.0000E+00 0.0000E+00 0.0000E+00 0.0000E+00 0.0000E+00 0.0000E+00 0.0000E+00 0.0000E+00 0.0000E+00 2.7926E-12 8.6797E-12 1.2764E-11 2.1692E-11 3.1691E-11 4.3264E-11 5.5540E-11 7.1277E-11 1.0086E-10 1.2934E-10 1.5827E-10 1.8651E-10 2.2514E-10 2.7483E-10 3.2473E-10 3.7666E-10 4.4665E-10 5.0473E-10 5.7204E-10 6.4722E-10 7.2971E-10 8.2611E-10 9.3341E-10 1.0515E-09 1.1874E-09 1.3414E-09
0.0000E+00 0.0000E+00 0.0000E+00 0.0000E+00 0.0000E+00 0.0000E+00 0.0000E+00 0.0000E+00 0.0000E+00 0.0000E+00 0.0000E+00 0.0000E+00 0.0000E+00 0.0000E+00 0.0000E+00 0.0000E+00 0.0000E+00 0.0000E+00 0.0000E+00 0.0000E+00 0.0000E+00 0.0000E+00 0.0000E+00 0.0000E+00 0.0000E+00 0.0000E+00 0.0000E+00 0.0000E+00 0.0000E+00 0.0000E+00 0.0000E+00 0.0000E+00 4.2678E-12 1.0162E-11 1.6071E-11 2.5077E-11 3.2169E-11 4.3231E-11 5.6810E-11 7.6075E-11 9.8799E-11 1.2609E-10 1.5515E-10 1.9285E-10 2.3155E-10 2.6212E-10 3.1839E-10 3.7666E-10 4.3676E-10 4.9316E-10 5.5839E-10 6.4041E-10 7.2515E-10 8.1975E-10 9.2543E-10 1.0486E-09 1.1853E-09
0.0000E+00 0.0000E+00 0.0000E+00 0.0000E+00 0.0000E+00 0.0000E+00 0.0000E+00 0.0000E+00 0.0000E+00 0.0000E+00 0.0000E+00 0.0000E+00 0.0000E+00 0.0000E+00 0.0000E+00 0.0000E+00 0.0000E+00 0.0000E+00 0.0000E+00 0.0000E+00 0.0000E+00 0.0000E+00 0.0000E+00 0.0000E+00 0.0000E+00 0.0000E+00 0.0000E+00 0.0000E+00 0.0000E+00 0.0000E+00 0.0000E+00 0.0000E+00 8.2544E-13 4.6194E-12 1.0428E-11 1.7956E-11 2.5646E-11 3.6256E-11 4.5443E-11 5.8431E-11 8.3288E-11 9.8332E-11 1.2273E-10 1.5115E-10 1.8406E-10 2.2387E-10 2.6808E-10 3.1932E-10 3.6366E-10 4.1402E-10 4.7872E-10 5.4324E-10 6.2362E-10 7.0344E-10 7.9587E-10 9.0737E-10 1.0287E-09
0.0000E+00 0.0000E+00 0.0000E+00 0.0000E+00 0.0000E+00 0.0000E+00 0.0000E+00 0.0000E+00 0.0000E+00 0.0000E+00 0.0000E+00 0.0000E+00 0.0000E+00 0.0000E+00 0.0000E+00 0.0000E+00 0.0000E+00 0.0000E+00 0.0000E+00 0.0000E+00 0.0000E+00 0.0000E+00 0.0000E+00 0.0000E+00 0.0000E+00 0.0000E+00 0.0000E+00 0.0000E+00 0.0000E+00 0.0000E+00 0.0000E+00 0.0000E+00 0.0000E+00 2.3961E-12 7.0680E-12 1.2509E-11 1.7723E-11 2.5576E-11 3.4843E-11 4.7529E-11 6.1348E-11 8.1216E-11 1.0260E-10 1.2629E-10 1.5530E-10 1.7682E-10 2.1797E-10 2.5852E-10 3.0362E-10 3.5008E-10 3.9764E-10 4.5900E-10 5.2480E-10 5.9438E-10 6.8312E-10 7.7015E-10 8.7439E-10
0.0000E+00 0.0000E+00 0.0000E+00 0.0000E+00 0.0000E+00 0.0000E+00 0.0000E+00 0.0000E+00 0.0000E+00 0.0000E+00 0.0000E+00 0.0000E+00 0.0000E+00 0.0000E+00 0.0000E+00 0.0000E+00 0.0000E+00 0.0000E+00 0.0000E+00 0.0000E+00 0.0000E+00 0.0000E+00 0.0000E+00 0.0000E+00 0.0000E+00 0.0000E+00 0.0000E+00 0.0000E+00 0.0000E+00 0.0000E+00 0.0000E+00 0.0000E+00 0.0000E+00 0.0000E+00 3.5964E-12 7.8201E-12 1.3130E-11 1.9554E-11 2.7202E-11 3.5498E-11 4.4805E-11 6.1144E-11 7.7754E-11 9.8821E-11 1.2246E-10 1.4939E-10 1.7986E-10 2.1440E-10 2.5789E-10 2.9162E-10 3.3054E-10 3.8034E-10 4.3193E-10 5.0570E-10 5.7133E-10 6.5023E-10 7.3943E-10
0.0000E+00 0.0000E+00 0.0000E+00 0.0000E+00 0.0000E+00 0.0000E+00 0.0000E+00 0.0000E+00 0.0000E+00 0.0000E+00 0.0000E+00 0.0000E+00 0.0000E+00 0.0000E+00 0.0000E+00 0.0000E+00 0.0000E+00 0.0000E+00 0.0000E+00 0.0000E+00 0.0000E+00 0.0000E+00 0.0000E+00 0.0000E+00 0.0000E+00 0.0000E+00 0.0000E+00 0.0000E+00 0.0000E+00 0.0000E+00 0.0000E+00 0.0000E+00 0.0000E+00 0.0000E+00 0.0000E+00 3.0430E-12 7.5415E-12 1.2314E-11 1.9250E-11 2.8018E-11 3.6698E-11 4.6896E-11 5.7938E-11 7.0932E-11 9.5369E-11 1.1784E-10 1.4424E-10 1.7435E-10 2.0842E-10 2.4583E-10 2.7723E-10 3.1508E-10 3.6254E-10 4.1441E-10 4.7221E-10 5.4483E-10 6.1429E-10
