Assets/Resources/2015_m01_d14_0600(utc+0800)_l00_csi_1hr_conc.grd
DSAA
         159         159
     -79.000      79.000
     -79.000      79.000
  0.0000E+00  0.1035E-03
[rows 125 to 149 of 159, columns 0 to 56 of 159]
2.1774E-11 2.4824E-11 3.0322E-11 3.4019E-11 3.9703E-11 4.3891E-11 5.0260E-11 5.4891E-11 6.1912E-11 6.9141E-11 7.4583E-11 8.2420E-11 9.0482E-11 9.6679E-11 1.0546E-10 1.1460E-10 1.2413E-10 1.3404E-10 1.4189E-10 1.5150E-10 1.6125E-10 1.7112E-10 1.7944E-10 1.8961E-10 1.9982E-10 2.0823E-10 2.1850E-10 2.2672E-10 2.3689E-10 2.4688E-10 2.5499E-10 2.6731E-10 2.7580E-10 2.8913E-10 3.0270E-10 3.1261E-10 3.2736E-10 3.3786E-10 3.5228E-10 3.6299E-10 3.7726E-10 3.8797E-10 3.9804E-10 4.1209E-10 4.1594E-10 4.2301E-10 4.2621E-10 4.2510E-10 4.2767E-10 4.2937E-10 4.4299E-10 4.4457E-10 4.4839E-10 4.4366E-10 4.4809E-10 4.3559E-10 4.3249E-10
1.9110E-11 2.3190E-11 2.6182E-11 3.1896E-11 3.5498E-11 4.1298E-11 4.7342E-11 5.1809E-11 5.8487E-11 6.5371E-11 7.0638E-11 7.8114E-11 8.3730E-11 9.1823E-11 1.0021E-10 1.0895E-10 1.1806E-10 1.2524E-10 1.3516E-10 1.4440E-10 1.5378E-10 1.6329E-10 1.7141E-10 1.8121E-10 1.9106E-10 1.9929E-10 2.0921E-10 2.1729E-10 2.2712E-10 2.3498E-10 2.4477E-10 2.5652E-10 2.6486E-10 2.7753E-10 2.8633E-10 3.0006E-10 3.1401E-10 3.2419E-10 3.3788E-10 3.4827E-10 3.6184E-10 3.6634E-10 3.7016E-10 3.7744E-10 3.7362E-10 3.7985E-10 3.8263E-10 3.9144E-10 3.9482E-10 3.9572E-10 3.9297E-10 4.0014E-10 3.9674E-10 3.8436E-10 3.8010E-10 3.7266E-10 3.8079E-10
1.6731E-11 2.1657E-11 2.4517E-11 2.9898E-11 3.3354E-11 3.8850E-11 4.2753E-11 4.8890E-11 5.5242E-11 5.9946E-11 6.6890E-11 7.4022E-11 7.9468E-11 8.7199E-11 9.5217E-11 1.0357E-10 1.1013E-10 1.1925E-10 1.2874E-10 1.3762E-10 1.4665E-10 1.5438E-10 1.6373E-10 1.7318E-10 1.8106E-10 1.9074E-10 2.0032E-10 2.0824E-10 2.1775E-10 2.2548E-10 2.3495E-10 2.4245E-10 2.5436E-10 2.6642E-10 2.7502E-10 2.8804E-10 3.0124E-10 3.1111E-10 3.1821E-10 3.2228E-10 3.2583E-10 3.1925E-10 3.2242E-10 3.3556E-10 3.3842E-10 3.4754E-10 3.6020E-10 3.5506E-10 3.5958E-10 3.6185E-10 3.5189E-10 3.5329E-10 3.4244E-10 3.4302E-10 3.4279E-10 3.3075E-10 3.3575E-10
1.5604E-11 2.0220E-11 2.2952E-11 2.8018E-11 3.1332E-11 3.6538E-11 4.0295E-11 4.6125E-11 5.2166E-11 5.6712E-11 6.3331E-11 6.8235E-11 7.5411E-11 8.2796E-11 9.0460E-11 9.6438E-11 1.0481E-10 1.1354E-10 1.2261E-10 1.3116E-10 1.3848E-10 1.4737E-10 1.5638E-10 1.6550E-10 1.7321E-10 1.8254E-10 1.9017E-10 1.9957E-10 2.0705E-10 2.1637E-10 2.2553E-10 2.3293E-10 2.4429E-10 2.5388E-10 2.5842E-10 2.6486E-10 2.6148E-10 2.6845E-10 2.6408E-10 2.7698E-10 2.7988E-10 2.9274E-10 3.0233E-10 3.0797E-10 3.1051E-10 3.1398E-10 3.1156E-10 3.1404E-10 3.1073E-10 3.0501E-10 2.9903E-10 3.0544E-10 3.0018E-10 2.9869E-10 2.9008E-10 2.8653E-10 2.8391E-10
1.4550E-11 1.8873E-11 2.1481E-11 2.4162E-11 2.9425E-11 3.2655E-11 3.7970E-11 4.3508E-11 4.7525E-11 5.3643E-11 5.9950E-11 6.4700E-11 7.1551E-11 7.8607E-11 8.4042E-11 9.1734E-11 9.9746E-11 1.0809E-10 1.1678E-10 1.2368E-10 1.3211E-10 1.4068E-10 1.4937E-10 1.5672E-10 1.6568E-10 1.7470E-10 1.8217E-10 1.9125E-10 1.9341E-10 1.9707E-10 1.9868E-10 1.9654E-10 2.0141E-10 2.0840E-10 2.0664E-10 2.1777E-10 2.2586E-10 2.3812E-10 2.4058E-10 2.5263E-10 2.6168E-10 2.7383E-10 2.6388E-10 2.6707E-10 2.7361E-10 2.6280E-10 2.6685E-10 2.6225E-10 2.5919E-10 2.6656E-10 2.7322E-10 2.6613E-10 2.6042E-10 2.5671E-10 2.5430E-10 2.4680E-10 2.4307E-10
1.3563E-11 1.5538E-11 2.0099E-11 2.2665E-11 2.7627E-11 3.0730E-11 3.4819E-11 3.9020E-11 4.2518E-11 4.8505E-11 5.2342E-11 5.8885E-11 6.4010E-11 6.8274E-11 7.3559E-11 7.8906E-11 8.4328E-11 9.0079E-11 9.7180E-11 9.7413E-11 1.0387E-10 1.1049E-10 1.1591E-10 1.2293E-10 1.3011E-10 1.3741E-10 1.4341E-10 1.5095E-10 1.5700E-10 1.5807E-10 1.5928E-10 1.6679E-10 1.7608E-10 1.8251E-10 1.9268E-10 1.9957E-10 2.0489E-10 2.1619E-10 2.1880E-10 2.1751E-10 2.1404E-10 2.1650E-10 2.1570E-10 2.1822E-10 2.2409E-10 2.1934E-10 2.2734E-10 2.3675E-10 2.2645E-10 2.2673E-10 2.2640E-10 2.2362E-10 2.2410E-10 2.1560E-10 2.1964E-10 2.1268E-10 2.0586E-10
1.2639E-11 1.4521E-11 1.8801E-11 2.1255E-11 2.5934E-11 2.8912E-11 3.2813E-11 3.6021E-11 4.0207E-11 4.4472E-11 4.7987E-11 5.2450E-11 5.6044E-11 6.0662E-11 6.5317E-11 7.0036E-11 7.3879E-11 7.8787E-11 8.3783E-11 8.8868E-11 9.4308E-11 9.8560E-11 1.0078E-10 1.0680E-10 1.1298E-10 1.1790E-10 1.2446E-10 1.3106E-10 1.3635E-10 1.4312E-10 1.4850E-10 1.5099E-10 1.5617E-10 1.6517E-10 1.6906E-10 1.6295E-10 1.6756E-10 1.6308E-10 1.5790E-10 1.6532E-10 1.7039E-10 1.7836E-10 1.8118E-10 1.8093E-10 1.9058E-10 1.9214E-10 1.9998E-10 1.9425E-10 1.9667E-10 1.9454E-10 1.8869E-10 1.8256E-10 1.7194E-10 1.6443E-10 1.5748E-10 1.4283E-10 1.4062E-10
1.1775E-11 1.3567E-11 1.7582E-11 1.9928E-11 2.2338E-11 2.5993E-11 2.9493E-11 3.2352E-11 3.6114E-11 3.9123E-11 4.3099E-11 4.7125E-11 5.0360E-11 5.4546E-11 5.8776E-11 6.2172E-11 6.6584E-11 7.1085E-11 7.5680E-11 8.0372E-11 8.4152E-11 8.8600E-11 9.3055E-11 9.9133E-11 1.0324E-10 1.0894E-10 1.1477E-10 1.1923E-10 1.2062E-10 1.2032E-10 1.1677E-10 1.0553E-10 1.0950E-10 1.1514E-10 1.0744E-10 1.1213E-10 1.2343E-10 1.2915E-10 1.3327E-10 1.3309E-10 1.4310E-10 1.5043E-10 1.4911E-10 1.4279E-10 1.4941E-10 1.4040E-10 1.4676E-10 1.3988E-10 1.3044E-10 1.3125E-10 1.2643E-10 1.3060E-10 1.2440E-10 1.1697E-10 1.1178E-10 9.5239E-11 9.2486E-11
1.0967E-11 1.2672E-11 1.4450E-11 1.8679E-11 2.0989E-11 2.4460E-11 2.7047E-11 2.9650E-11 3.2246E-11 3.4815E-11 3.7338E-11 3.9797E-11 4.2180E-11 4.4473E-11 4.6666E-11 4.8751E-11 5.0723E-11 5.2575E-11 5.5279E-11 5.7099E-11 5.9980E-11 6.2530E-11 6.7277E-11 6.9500E-11 7.2453E-11 7.0245E-11 7.4084E-11 7.3293E-11 7.7284E-11 7.3950E-11 7.7365E-11 8.0076E-11 8.3634E-11 8.8004E-11 9.0968E-11 9.0639E-11 8.6922E-11 9.1965E-11 9.7190E-11 9.4396E-11 9.0364E-11 9.4206E-11 9.2879E-11 9.3117E-11 9.3048E-11 8.4085E-11 8.1229E-11 8.4601E-11 8.7765E-11 8.6484E-11 8.9160E-11 8.5444E-11 8.3300E-11 7.7319E-11 7.9161E-11 7.5669E-11 6.7490E-11
8.2469E-12 1.1833E-11 1.3529E-11 1.6395E-11 1.8398E-11 2.0439E-11 2.3729E-11 2.8014E-11 3.0527E-11 3.3021E-11 3.5478E-11 3.7880E-11 4.0213E-11 4.2465E-11 4.4626E-11 4.2674E-11 4.4401E-11 4.6027E-11 4.7547E-11 4.8962E-11 5.0270E-11 4.7442E-11 4.8497E-11 5.0238E-11 5.2029E-11 5.3882E-11 5.5128E-11 5.7158E-11 5.9217E-11 6.0673E-11 6.2863E-11 6.4418E-11 6.0089E-11 6.1632E-11 6.5000E-11 6.8502E-11 6.4099E-11 6.4958E-11 6.7424E-11 6.5455E-11 6.9842E-11 7.3184E-11 6.8002E-11 6.1204E-11 6.4434E-11 6.7543E-11 7.0506E-11 7.3298E-11 6.5552E-11 6.7982E-11 6.5720E-11 5.9660E-11 4.3029E-11 4.4380E-11 4.5587E-11 2.7393E-11 2.8135E-11
7.6922E-12 1.1046E-11 1.2664E-11 1.5372E-11 1.7292E-11 1.9253E-11 2.1238E-11 2.3228E-11 2.5206E-11 2.7159E-11 2.9071E-11 3.0931E-11 3.2729E-11 3.4457E-11 3.6107E-11 3.7674E-11 3.9153E-11 4.0542E-11 4.1839E-11 4.3043E-11 4.4155E-11 4.5175E-11 4.6104E-11 4.6945E-11 4.8378E-11 4.9199E-11 5.0753E-11 4.6155E-11 4.8564E-11 5.0430E-11 5.1604E-11 4.7434E-11 4.6409E-11 4.7348E-11 4.8218E-11 4.9009E-11 4.3153E-11 4.5585E-11 4.9513E-11 5.3017E-11 4.0231E-11 4.2408E-11 4.2991E-11 4.5423E-11 4.4272E-11 4.6453E-11 3.5630E-11 3.3258E-11 2.6709E-11 2.8216E-11 2.5309E-11 1.3867E-11 1.4641E-11 8.7874E-12 9.1226E-12 0.0000E+00 0.0000E+00
7.1729E-12 1.0310E-11 1.1851E-11 1.3456E-11 1.6248E-11 1.8132E-11 2.0045E-11 2.1968E-11 2.3886E-11 2.5783E-11 2.7648E-11 2.9467E-11 3.1230E-11 3.2929E-11 3.4556E-11 3.6106E-11 3.7573E-11 3.8956E-11 4.0251E-11 4.1458E-11 4.2576E-11 3.8263E-11 3.9065E-11 3.9793E-11 4.0449E-11 3.5588E-11 3.5987E-11 3.7918E-11 3.8533E-11 3.9121E-11 4.0610E-11 4.1317E-11 4.1953E-11 3.5963E-11 3.6476E-11 3.6912E-11 3.7259E-11 2.2771E-11 2.3191E-11 2.0586E-11 2.0807E-11 2.1007E-11 1.7952E-11 1.1751E-11 8.1844E-12 8.1053E-12 0.0000E+00 0.0000E+00 0.0000E+00 0.0000E+00 0.0000E+00 0.0000E+00 0.0000E+00 0.0000E+00 0.0000E+00 0.0000E+00 0.0000E+00
6.6870E-12 7.7349E-12 9.9599E-12 1.1294E-11 1.2665E-11 1.4061E-11 1.5469E-11 1.6877E-11 1.8274E-11 1.9649E-11 2.0994E-11 2.2300E-11 2.3560E-11 2.4770E-11 2.5925E-11 2.7021E-11 2.8055E-11 2.9026E-11 2.9933E-11 3.0774E-11 3.1552E-11 3.2265E-11 3.2915E-11 3.3505E-11 3.4034E-11 3.4506E-11 3.4922E-11 3.5285E-11 2.9353E-11 2.9567E-11 2.9743E-11 2.9882E-11 2.9932E-11 1.5196E-11 1.5165E-11 1.5067E-11 1.4957E-11 1.4844E-11 1.4728E-11 1.4609E-11 8.2805E-12 8.2089E-12 8.1359E-12 0.0000E+00 0.0000E+00 0.0000E+00 0.0000E+00 0.0000E+00 0.0000E+00 0.0000E+00 0.0000E+00 0.0000E+00 0.0000E+00 0.0000E+00 0.0000E+00 0.0000E+00 0.0000E+00
6.2324E-12 7.2291E-12 9.3237E-12 1.0599E-11 1.1914E-11 1.3257E-11 1.4616E-11 1.5978E-11 1.7334E-11 1.8672E-11 1.9984E-11 2.1263E-11 2.2500E-11 2.3691E-11 2.4831E-11 2.5915E-11 2.6942E-11 2.7909E-11 2.8815E-11 2.9659E-11 3.0441E-11 3.1162E-11 3.1821E-11 2.6759E-11 2.7202E-11 2.7598E-11 2.7950E-11 2.8259E-11 2.2741E-11 1.4577E-11 1.4664E-11 1.4734E-11 1.4786E-11 1.4824E-11 1.4792E-11 1.4692E-11 1.4585E-11 8.2773E-12 8.2121E-12 8.1454E-12 0.0000E+00 0.0000E+00 0.0000E+00 0.0000E+00 0.0000E+00 0.0000E+00 0.0000E+00 0.0000E+00 0.0000E+00 0.0000E+00 0.0000E+00 0.0000E+00 0.0000E+00 0.0000E+00 0.0000E+00 0.0000E+00 0.0000E+00
4.7765E-12 5.5353E-12 7.3053E-12 8.3112E-12 1.1205E-11 1.2496E-11 1.3806E-11 1.5124E-11 1.6438E-11 1.7740E-11 1.9019E-11 2.0269E-11 1.7800E-11 1.8760E-11 1.9681E-11 2.0560E-11 2.1394E-11 2.2182E-11 2.2921E-11 2.3612E-11 1.9592E-11 2.0032E-11 2.0434E-11 2.0800E-11 1.3416E-11 1.3611E-11 1.3784E-11 1.3935E-11 1.4067E-11 1.4180E-11 1.4274E-11 1.4352E-11 1.4412E-11 8.3042E-12 8.2526E-12 8.1941E-12 8.1338E-12 0.0000E+00 0.0000E+00 0.0000E+00 0.0000E+00 0.0000E+00 0.0000E+00 0.0000E+00 0.0000E+00 0.0000E+00 0.0000E+00 0.0000E+00 0.0000E+00 0.0000E+00 0.0000E+00 0.0000E+00 0.0000E+00 0.0000E+00 0.0000E+00 0.0000E+00 0.0000E+00
4.4531E-12 5.1747E-12 5.9343E-12 6.7245E-12 7.5375E-12 8.3659E-12 9.2023E-12 1.0040E-11 1.0872E-11 1.1693E-11 1.2497E-11 1.3280E-11 1.4038E-11 1.4767E-11 1.5466E-11 1.6131E-11 1.6760E-11 1.0956E-11 1.1319E-11 1.1657E-11 1.1972E-11 1.2263E-11 1.2530E-11 1.2774E-11 1.2996E-11 1.3196E-11 1.3375E-11 1.3533E-11 1.3671E-11 7.9560E-12 8.0061E-12 8.0468E-12 8.0787E-12 8.1011E-12 0.0000E+00 0.0000E+00 0.0000E+00 0.0000E+00 0.0000E+00 0.0000E+00 0.0000E+00 0.0000E+00 0.0000E+00 0.0000E+00 0.0000E+00 0.0000E+00 0.0000E+00 0.0000E+00 0.0000E+00 0.0000E+00 0.0000E+00 0.0000E+00 0.0000E+00 0.0000E+00 0.0000E+00 0.0000E+00 0.0000E+00
1.6326E-12 2.9501E-12 3.4048E-12 3.8810E-12 4.3741E-12 4.8796E-12 5.3929E-12 5.9096E-12 6.4256E-12 6.9372E-12 7.4408E-12 7.9335E-12 8.4125E-12 8.8756E-12 9.3208E-12 9.7466E-12 1.0152E-11 1.0535E-11 1.0896E-11 1.1235E-11 1.1550E-11 1.1843E-11 1.2113E-11 7.1952E-12 7.3147E-12 7.4222E-12 7.5182E-12 7.6030E-12 7.6771E-12 7.7410E-12 0.0000E+00 0.0000E+00 0.0000E+00 0.0000E+00 0.0000E+00 0.0000E+00 0.0000E+00 0.0000E+00 0.0000E+00 0.0000E+00 0.0000E+00 0.0000E+00 0.0000E+00 0.0000E+00 0.0000E+00 0.0000E+00 0.0000E+00 0.0000E+00 0.0000E+00 0.0000E+00 0.0000E+00 0.0000E+00 0.0000E+00 0.0000E+00 0.0000E+00 0.0000E+00 0.0000E+00
1.5232E-12 1.7695E-12 2.0290E-12 2.2991E-12 2.5774E-12 2.8612E-12 3.1482E-12 3.4360E-12 3.7224E-12 4.0054E-12 4.2833E-12 4.5545E-12 4.8175E-12 5.0712E-12 5.3146E-12 5.5471E-12 5.7679E-12 5.9765E-12 6.1728E-12 6.3566E-12 6.5277E-12 6.6863E-12 6.8324E-12 6.9663E-12 0.0000E+00 0.0000E+00 0.0000E+00 0.0000E+00 0.0000E+00 0.0000E+00 0.0000E+00 0.0000E+00 0.0000E+00 0.0000E+00 0.0000E+00 0.0000E+00 0.0000E+00 0.0000E+00 0.0000E+00 0.0000E+00 0.0000E+00 0.0000E+00 0.0000E+00 0.0000E+00 0.0000E+00 0.0000E+00 0.0000E+00 0.0000E+00 0.0000E+00 0.0000E+00 0.0000E+00 0.0000E+00 0.0000E+00 0.0000E+00 0.0000E+00 0.0000E+00 0.0000E+00
1.4207E-12 1.6550E-12 1.9025E-12 2.1610E-12 2.4281E-12 2.7013E-12 2.9783E-12 3.2569E-12 3.5348E-12 3.8103E-12 4.0814E-12 4.3466E-12 4.6046E-12 4.8540E-12 5.0940E-12 5.3237E-12 0.0000E+00 0.0000E+00 0.0000E+00 0.0000E+00 0.0000E+00 0.0000E+00 0.0000E+00 0.0000E+00 0.0000E+00 0.0000E+00 0.0000E+00 0.0000E+00 0.0000E+00 0.0000E+00 0.0000E+00 0.0000E+00 0.0000E+00 0.0000E+00 0.0000E+00 0.0000E+00 0.0000E+00 0.0000E+00 0.0000E+00 0.0000E+00 0.0000E+00 0.0000E+00 0.0000E+00 0.0000E+00 0.0000E+00 0.0000E+00 0.0000E+00 0.0000E+00 0.0000E+00 0.0000E+00 0.0000E+00 0.0000E+00 0.0000E+00 0.0000E+00 0.0000E+00 0.0000E+00 0.0000E+00
0.0000E+00 0.0000E+00 0.0000E+00 0.0000E+00 0.0000E+00 0.0000E+00 0.0000E+00 0.0000E+00 0.0000E+00 0.0000E+00 0.0000E+00 0.0000E+00 0.0000E+00 0.0000E+00 0.0000E+00 0.0000E+00 0.0000E+00 0.0000E+00 0.0000E+00 0.0000E+00 0.0000E+00 0.0000E+00 0.0000E+00 0.0000E+00 0.0000E+00 0.0000E+00 0.0000E+00 0.0000E+00 0.0000E+00 0.0000E+00 0.0000E+00 0.0000E+00 0.0000E+00 0.0000E+00 0.0000E+00 0.0000E+00 0.0000E+00 0.0000E+00 0.0000E+00 0.0000E+00 0.0000E+00 0.0000E+00 0.0000E+00 0.0000E+00 0.0000E+00 0.0000E+00 0.0000E+00 0.0000E+00 0.0000E+00 0.0000E+00 0.0000E+00 0.0000E+00 0.0000E+00 0.0000E+00 0.0000E+00 0.0000E+00 0.0000E+00
0.0000E+00 0.0000E+00 0.0000E+00 0.0000E+00 0.0000E+00 0.0000E+00 0.0000E+00 0.0000E+00 0.0000E+00 0.0000E+00 0.0000E+00 0.0000E+00 0.0000E+00 0.0000E+00 0.0000E+00 0.0000E+00 0.0000E+00 0.0000E+00 0.0000E+00 0.0000E+00 0.0000E+00 0.0000E+00 0.0000E+00 0.0000E+00 0.0000E+00 0.0000E+00 0.0000E+00 0.0000E+00 0.0000E+00 0.0000E+00 0.0000E+00 0.0000E+00 0.0000E+00 0.0000E+00 0.0000E+00 0.0000E+00 0.0000E+00 0.0000E+00 0.0000E+00 0.0000E+00 0.0000E+00 0.0000E+00 0.0000E+00 0.0000E+00 0.0000E+00 0.0000E+00 0.0000E+00 0.0000E+00 0.0000E+00 0.0000E+00 0.0000E+00 0.0000E+00 0.0000E+00 0.0000E+00 0.0000E+00 0.0000E+00 0.0000E+00
0.0000E+00 0.0000E+00 0.0000E+00 0.0000E+00 0.0000E+00 0.0000E+00 0.0000E+00 0.0000E+00 0.0000E+00 0.0000E+00 0.0000E+00 0.0000E+00 0.0000E+00 0.0000E+00 0.0000E+00 0.0000E+00 0.0000E+00 0.0000E+00 0.0000E+00 0.0000E+00 0.0000E+00 0.0000E+00 0.0000E+00 0.0000E+00 0.0000E+00 0.0000E+00 0.0000E+00 0.0000E+00 0.0000E+00 0.0000E+00 0.0000E+00 0.0000E+00 0.0000E+00 0.0000E+00 0.0000E+00 0.0000E+00 0.0000E+00 0.0000E+00 0.0000E+00 0.0000E+00 0.0000E+00 0.0000E+00 0.0000E+00 0.0000E+00 0.0000E+00 0.0000E+00 0.0000E+00 0.0000E+00 0.0000E+00 0.0000E+00 0.0000E+00 0.0000E+00 0.0000E+00 0.0000E+00 0.0000E+00 0.0000E+00 0.0000E+00
0.0000E+00 0.0000E+00 0.0000E+00 0.0000E+00 0.0000E+00 0.0000E+00 0.0000E+00 0.0000E+00 0.0000E+00 0.0000E+00 0.0000E+00 0.0000E+00 0.0000E+00 0.0000E+00 0.0000E+00 0.0000E+00 0.0000E+00 0.0000E+00 0.0000E+00 0.0000E+00 0.0000E+00 0.0000E+00 0.0000E+00 0.0000E+00 0.0000E+00 0.0000E+00 0.0000E+00 0.0000E+00 0.0000E+00 0.0000E+00 0.0000E+00 0.0000E+00 0.0000E+00 0.0000E+00 0.0000E+00 0.0000E+00 0.0000E+00 0.0000E+00 0.0000E+00 0.0000E+00 0.0000E+00 0.0000E+00 0.0000E+00 0.0000E+00 0.0000E+00 0.0000E+00 0.0000E+00 0.0000E+00 0.0000E+00 0.0000E+00 0.0000E+00 0.0000E+00 0.0000E+00 0.0000E+00 0.0000E+00 0.0000E+00 0.0000E+00
0.0000E+00 0.0000E+00 0.0000E+00 0.0000E+00 0.0000E+00 0.0000E+00 0.0000E+00 0.0000E+00 0.0000E+00 0.0000E+00 0.0000E+00 0.0000E+00 0.0000E+00 0.0000E+00 0.0000E+00 0.0000E+00 0.0000E+00 0.0000E+00 0.0000E+00 0.0000E+00 0.0000E+00 0.0000E+00 0.0000E+00 0.0000E+00 0.0000E+00 0.0000E+00 0.0000E+00 0.0000E+00 0.0000E+00 0.0000E+00 0.0000E+00 0.0000E+00 0.0000E+00 0.0000E+00 0.0000E+00 0.0000E+00 0.0000E+00 0.0000E+00 0.0000E+00 0.0000E+00 0.0000E+00 0.0000E+00 0.0000E+00 0.0000E+00 0.0000E+00 0.0000E+00 0.0000E+00 0.0000E+00 0.0000E+00 0.0000E+00 0.0000E+00 0.0000E+00 0.0000E+00 0.0000E+00 0.0000E+00 0.0000E+00 0.0000E+00
0.0000E+00 0.0000E+00 0.0000E+00 0.0000E+00 0.0000E+00 0.0000E+00 0.0000E+00 0.0000E+00 0.0000E+00 0.0000E+00 0.0000E+00 0.0000E+00 0.0000E+00 0.0000E+00 0.0000E+00 0.0000E+00 0.0000E+00 0.0000E+00 0.0000E+00 0.0000E+00 0.0000E+00 0.0000E+00 0.0000E+00 0.0000E+00 0.0000E+00 0.0000E+00 0.0000E+00 0.0000E+00 0.0000E+00 0.0000E+00 0.0000E+00 0.0000E+00 0.0000E+00 0.0000E+00 0.0000E+00 0.0000E+00 0.0000E+00 0.0000E+00 0.0000E+00 0.0000E+00 0.0000E+00 0.0000E+00 0.0000E+00 0.0000E+00 0.0000E+00 0.0000E+00 0.0000E+00 0.0000E+00 0.0000E+00 0.0000E+00 0.0000E+00 0.0000E+00 0.0000E+00 0.0000E+00 0.0000E+00 0.0000E+00 0.0000E+00
