Assets/Resources/2015_m01_d03_2000(utc+0800)_l00_csi_1hr_conc.grd
DSAA
         159         159
     -79.000      79.000
     -79.000      79.000
  0.0000E+00  0.2762E-04
[rows 50 to 74 of 159, columns 57 to 113 of 159]
1.9397E-10 2.0693E-10 2.1913E-10 2.3141E-10 2.4477E-10 2.5722E-10 2.7090E-10 2.8342E-10 2.9711E-10 3.0959E-10 3.2317E-10 3.3552E-10 3.4888E-10 3.6100E-10 3.7292E-10 3.8563E-10 3.9718E-10 4.0944E-10 4.2058E-10 4.3174E-10 4.4301E-10 4.5337E-10 4.6440E-10 4.7424E-10 4.8469E-10 4.9399E-10 5.0297E-10 5.1327E-10 5.2177E-10 5.3154E-10 5.3957E-10 5.4727E-10 5.5466E-10 5.6229E-10 5.6909E-10 5.7558E-10 5.8175E-10 5.8761E-10 5.9315E-10 6.0381E-10 6.1082E-10 6.1771E-10 6.2356E-10 6.2876E-10 6.3373E-10 6.3847E-10 6.4297E-10 6.4725E-10 6.5129E-10 6.5511E-10 6.5870E-10 6.6207E-10 6.6521E-10 6.6813E-10 6.7083E-10 6.7330E-10 6.7555E-10
1.9691E-10 2.1016E-10 2.2264E-10 2.3520E-10 2.4887E-10 2.6160E-10 2.7560E-10 2.8841E-10 3.0241E-10 3.1519E-10 3.2907E-10 3.4170E-10 3.5537E-10 3.6777E-10 3.7996E-10 3.9295E-10 4.0477E-10 4.1731E-10 4.2869E-10 4.4009E-10 4.5161E-10 4.6220E-10 4.7345E-10 4.8350E-10 4.9416E-10 5.0366E-10 5.1281E-10 5.2332E-10 5.3198E-10 5.4194E-10 5.5011E-10 5.5796E-10 5.6547E-10 5.7324E-10 5.8016E-10 5.8675E-10 5.9302E-10 5.9896E-10 6.0459E-10 6.1589E-10 6.2257E-10 6.2957E-10 6.3552E-10 6.4079E-10 6.4583E-10 6.5063E-10 6.5519E-10 6.5952E-10 6.6362E-10 6.6748E-10 6.7111E-10 6.7450E-10 6.7767E-10 6.8061E-10 6.8332E-10 6.8581E-10 6.8807E-10
1.9985E-10 2.1339E-10 2.2616E-10 2.3901E-10 2.5298E-10 2.6601E-10 2.8032E-10 2.9344E-10 3.0775E-10 3.2083E-10 3.3502E-10 3.4796E-10 3.6193E-10 3.7462E-10 3.8710E-10 4.0038E-10 4.1246E-10 4.2527E-10 4.3691E-10 4.4857E-10 4.6033E-10 4.7115E-10 4.8264E-10 4.9290E-10 5.0378E-10 5.1347E-10 5.2281E-10 5.3352E-10 5.4235E-10 5.5250E-10 5.6083E-10 5.6882E-10 5.7647E-10 5.8437E-10 5.9141E-10 5.9811E-10 6.0448E-10 6.1051E-10 6.1622E-10 6.2862E-10 6.3452E-10 6.4164E-10 6.4768E-10 6.5303E-10 6.5814E-10 6.6301E-10 6.6763E-10 6.7201E-10 6.7616E-10 6.8006E-10 6.8373E-10 6.8716E-10 6.9035E-10 6.9332E-10 6.9604E-10 6.9854E-10 7.0080E-10
2.0279E-10 2.1662E-10 2.2968E-10 2.4283E-10 2.5711E-10 2.7045E-10 2.8508E-10 2.9850E-10 3.1314E-10 3.2652E-10 3.4104E-10 3.5428E-10 3.6856E-10 3.8155E-10 3.9431E-10 4.0789E-10 4.2025E-10 4.3335E-10 4.4525E-10 4.5748E-10 4.6918E-10 4.8023E-10 4.9196E-10 5.0244E-10 5.1355E-10 5.2344E-10 5.3296E-10 5.4388E-10 5.5289E-10 5.6323E-10 5.7172E-10 5.7985E-10 5.8818E-10 5.9569E-10 6.0285E-10 6.0966E-10 6.1613E-10 6.2226E-10 6.2805E-10 6.4068E-10 6.4667E-10 6.5391E-10 6.6038E-10 6.6616E-10 6.7141E-10 6.7618E-10 6.8051E-10 6.8473E-10 6.8892E-10 6.9287E-10 6.9658E-10 7.0004E-10 7.0326E-10 7.0625E-10 7.0899E-10 7.1150E-10 7.1377E-10
2.0571E-10 2.1985E-10 2.3320E-10 2.4665E-10 2.6126E-10 2.7490E-10 2.8986E-10 3.0360E-10 3.1857E-10 3.3227E-10 3.4711E-10 3.6066E-10 3.7526E-10 3.8855E-10 4.0194E-10 4.1549E-10 4.2814E-10 4.4152E-10 4.5369E-10 4.6619E-10 4.7815E-10 4.8944E-10 5.0142E-10 5.1213E-10 5.2346E-10 5.3355E-10 5.4381E-10 5.5441E-10 5.6359E-10 5.7413E-10 5.8278E-10 5.9107E-10 5.9955E-10 6.0719E-10 6.1447E-10 6.2140E-10 6.2798E-10 6.3695E-10 6.4511E-10 6.5979E-10 6.6815E-10 6.7590E-10 6.8308E-10 6.8904E-10 6.9452E-10 6.9953E-10 7.0410E-10 7.0811E-10 7.1149E-10 7.1361E-10 7.1483E-10 7.1541E-10 7.1640E-10 7.1941E-10 7.2217E-10 7.2469E-10 7.3371E-10
2.0863E-10 2.2307E-10 2.3673E-10 2.5048E-10 2.6541E-10 2.7937E-10 2.9467E-10 3.0873E-10 3.2403E-10 3.3805E-10 3.5323E-10 3.6709E-10 3.8203E-10 3.9563E-10 4.0932E-10 4.2318E-10 4.3612E-10 4.4980E-10 4.6224E-10 4.7502E-10 4.8723E-10 4.9877E-10 5.1101E-10 5.2195E-10 5.3352E-10 5.4382E-10 5.5428E-10 5.6509E-10 5.7446E-10 5.8520E-10 5.9401E-10 6.0246E-10 6.1110E-10 6.1887E-10 6.2984E-10 6.4011E-10 6.4942E-10 6.6388E-10 6.7686E-10 6.9187E-10 7.0083E-10 7.0799E-10 7.1509E-10 7.2111E-10 7.2650E-10 7.3127E-10 7.3543E-10 7.3794E-10 7.3864E-10 7.3836E-10 7.3708E-10 7.3894E-10 7.4134E-10 7.4473E-10 7.4598E-10 7.4512E-10 7.4995E-10
2.1152E-10 2.2628E-10 2.4024E-10 2.5431E-10 2.6957E-10 2.8386E-10 2.9949E-10 3.1388E-10 3.2953E-10 3.4388E-10 3.5940E-10 3.7358E-10 3.8886E-10 4.0278E-10 4.1678E-10 4.3096E-10 4.4419E-10 4.5817E-10 4.7090E-10 4.8396E-10 4.9644E-10 5.0824E-10 5.2074E-10 5.3190E-10 5.4371E-10 5.5423E-10 5.6491E-10 5.7594E-10 5.8549E-10 5.9644E-10 6.0542E-10 6.1543E-10 6.2919E-10 6.4005E-10 6.6177E-10 6.7206E-10 6.8164E-10 6.9163E-10 7.1208E-10 7.3651E-10 7.5042E-10 7.6052E-10 7.6856E-10 7.7512E-10 7.7933E-10 7.8042E-10 7.7895E-10 7.7513E-10 7.6923E-10 7.6807E-10 7.6936E-10 7.7027E-10 7.7066E-10 7.6926E-10 7.7064E-10 7.7227E-10 7.7589E-10
2.1440E-10 2.2947E-10 2.4375E-10 2.5813E-10 2.7373E-10 2.8835E-10 3.0433E-10 3.1905E-10 3.3506E-10 3.4974E-10 3.6561E-10 3.8013E-10 3.9575E-10 4.0999E-10 4.2431E-10 4.3881E-10 4.5235E-10 4.6665E-10 4.7966E-10 4.9334E-10 5.0577E-10 5.1782E-10 5.3059E-10 5.4200E-10 5.5405E-10 5.6479E-10 5.7625E-10 5.8694E-10 5.9668E-10 6.0785E-10 6.2344E-10 6.3634E-10 6.5997E-10 6.7171E-10 6.8666E-10 7.1995E-10 7.3583E-10 7.5084E-10 7.7049E-10 7.9411E-10 8.0896E-10 8.2032E-10 8.2870E-10 8.3456E-10 8.3794E-10 8.3893E-10 8.3751E-10 8.3391E-10 8.3138E-10 8.2883E-10 8.2234E-10 8.1187E-10 8.0485E-10 8.0219E-10 8.0430E-10 7.9971E-10 8.0225E-10
2.1726E-10 2.3264E-10 2.4724E-10 2.6195E-10 2.7789E-10 2.9284E-10 3.0919E-10 3.2424E-10 3.4061E-10 3.5563E-10 3.7186E-10 3.8672E-10 4.0269E-10 4.1726E-10 4.3192E-10 4.4675E-10 4.6059E-10 4.7521E-10 4.8852E-10 5.0250E-10 5.1521E-10 5.2753E-10 5.4057E-10 5.5222E-10 5.6453E-10 5.7550E-10 5.8719E-10 5.9810E-10 6.1347E-10 6.2887E-10 6.5392E-10 6.6724E-10 7.0270E-10 7.2508E-10 7.5085E-10 7.7678E-10 7.9575E-10 8.1383E-10 8.3309E-10 8.6175E-10 8.8223E-10 8.9692E-10 9.0613E-10 9.1058E-10 9.1037E-10 9.0573E-10 9.0369E-10 9.0087E-10 8.9854E-10 8.9194E-10 8.8128E-10 8.7230E-10 8.6527E-10 8.5142E-10 8.4235E-10 8.3676E-10 8.3459E-10
2.2008E-10 2.3580E-10 2.5072E-10 2.6576E-10 2.8205E-10 2.9734E-10 3.1404E-10 3.2945E-10 3.4618E-10 3.6155E-10 3.7815E-10 3.9335E-10 4.0969E-10 4.2460E-10 4.3994E-10 4.5475E-10 4.6892E-10 4.8386E-10 4.9747E-10 5.1177E-10 5.2476E-10 5.3735E-10 5.5067E-10 5.6258E-10 5.7515E-10 5.8635E-10 5.9869E-10 6.1820E-10 6.3852E-10 6.5956E-10 6.8141E-10 7.2087E-10 7.5802E-10 7.8226E-10 8.0846E-10 8.5448E-10 8.8618E-10 9.1380E-10 9.4322E-10 9.8924E-10 1.0420E-09 1.0672E-09 1.0802E-09 1.0872E-09 1.0886E-09 1.0876E-09 1.0818E-09 1.0691E-09 1.0493E-09 1.0258E-09 1.0126E-09 9.8901E-10 9.6062E-10 9.2761E-10 9.0159E-10 8.8471E-10 8.7820E-10
2.2288E-10 2.3892E-10 2.5417E-10 2.6954E-10 2.8619E-10 3.0183E-10 3.1890E-10 3.3466E-10 3.5177E-10 3.6750E-10 3.8447E-10 4.0002E-10 4.1673E-10 4.3198E-10 4.4767E-10 4.6283E-10 4.7733E-10 4.9260E-10 5.0652E-10 5.2114E-10 5.3442E-10 5.4729E-10 5.6090E-10 5.7307E-10 5.8591E-10 6.0056E-10 6.2070E-10 6.4658E-10 6.6649E-10 7.1024E-10 7.4934E-10 7.7734E-10 8.1168E-10 8.6990E-10 9.0870E-10 9.6041E-10 1.0472E-09 1.0920E-09 1.1357E-09 1.1715E-09 1.2132E-09 1.2685E-09 1.3046E-09 1.3209E-09 1.3170E-09 1.3044E-09 1.2923E-09 1.2729E-09 1.2502E-09 1.2265E-09 1.1866E-09 1.1392E-09 1.1017E-09 1.0609E-09 1.0281E-09 9.9221E-10 9.5116E-10
2.2564E-10 2.4165E-10 2.5759E-10 2.7331E-10 2.9032E-10 3.0631E-10 3.2376E-10 3.3988E-10 3.5736E-10 3.7346E-10 3.9081E-10 4.0673E-10 4.2381E-10 4.3942E-10 4.5547E-10 4.7098E-10 4.8580E-10 5.0142E-10 5.1566E-10 5.3060E-10 5.4418E-10 5.5734E-10 5.7125E-10 5.8368E-10 6.0192E-10 6.2027E-10 6.4880E-10 6.7515E-10 7.2189E-10 7.6298E-10 8.0297E-10 8.6518E-10 9.2650E-10 9.7567E-10 1.0824E-09 1.1484E-09 1.2475E-09 1.3512E-09 1.4409E-09 1.5190E-09 1.5944E-09 1.6443E-09 1.6704E-09 1.7015E-09 1.7075E-09 1.6943E-09 1.6626E-09 1.6173E-09 1.5616E-09 1.4976E-09 1.4356E-09 1.3633E-09 1.2883E-09 1.2250E-09 1.1848E-09 1.1330E-09 1.0789E-09
2.2836E-10 2.4470E-10 2.6099E-10 2.7705E-10 2.9442E-10 3.1078E-10 3.2860E-10 3.4510E-10 3.6297E-10 3.7943E-10 3.9718E-10 4.1346E-10 4.3093E-10 4.4690E-10 4.6332E-10 4.7918E-10 4.9435E-10 5.1032E-10 5.2489E-10 5.4016E-10 5.5404E-10 5.6750E-10 5.8171E-10 6.0068E-10 6.2000E-10 6.5070E-10 6.8192E-10 7.3839E-10 7.7651E-10 8.4379E-10 9.0950E-10 9.6636E-10 1.0855E-09 1.1833E-09 1.3045E-09 1.4507E-09 1.6065E-09 1.7063E-09 1.8138E-09 1.9397E-09 2.0130E-09 2.0891E-09 2.1411E-09 2.1661E-09 2.1660E-09 2.1521E-09 2.1190E-09 2.0628E-09 1.9877E-09 1.8889E-09 1.7851E-09 1.6792E-09 1.5912E-09 1.5068E-09 1.4138E-09 1.3142E-09 1.2393E-09
2.3103E-10 2.4771E-10 2.6434E-10 2.8076E-10 2.9850E-10 3.1522E-10 3.3344E-10 3.5031E-10 3.6857E-10 3.8542E-10 4.0356E-10 4.2022E-10 4.3808E-10 4.5443E-10 4.7122E-10 4.8745E-10 5.0297E-10 5.1930E-10 5.3420E-10 5.4980E-10 5.6401E-10 5.7777E-10 5.9808E-10 6.1763E-10 6.5245E-10 6.8247E-10 7.4273E-10 7.8875E-10 8.5973E-10 9.3518E-10 1.0582E-09 1.1673E-09 1.3026E-09 1.5224E-09 1.6691E-09 1.8114E-09 2.0083E-09 2.2350E-09 2.3998E-09 2.5479E-09 2.7117E-09 2.8207E-09 2.8776E-09 2.9068E-09 2.8951E-09 2.8410E-09 2.7557E-09 2.6606E-09 2.5495E-09 2.4191E-09 2.2684E-09 2.1231E-09 1.9896E-09 1.8684E-09 1.7391E-09 1.6045E-09 1.4806E-09
2.3365E-10 2.5067E-10 2.6766E-10 2.8443E-10 3.0255E-10 3.1964E-10 3.3825E-10 3.5550E-10 3.7417E-10 3.9140E-10 4.0995E-10 4.2700E-10 4.4525E-10 4.6198E-10 4.7916E-10 4.9576E-10 5.1164E-10 5.2834E-10 5.4358E-10 5.5954E-10 5.7406E-10 5.9206E-10 6.1522E-10 6.4997E-10 6.7974E-10 7.4411E-10 7.9611E-10 8.8495E-10 9.9057E-10 1.1164E-09 1.2214E-09 1.4936E-09 1.6570E-09 1.8430E-09 2.1558E-09 2.4033E-09 2.6833E-09 2.9548E-09 3.1916E-09 3.4149E-09 3.5719E-09 3.7126E-09 3.8214E-09 3.8594E-09 3.8368E-09 3.7669E-09 3.6650E-09 3.5149E-09 3.3265E-09 3.1419E-09 2.9681E-09 2.7794E-09 2.5670E-09 2.3385E-09 2.1454E-09 1.9758E-09 1.8133E-09
2.3622E-10 2.5358E-10 2.7092E-10 2.8805E-10 3.0656E-10 3.2403E-10 3.4303E-10 3.6068E-10 3.7975E-10 3.9738E-10 4.1634E-10 4.3379E-10 4.5245E-10 4.6957E-10 4.8713E-10 5.0412E-10 5.2037E-10 5.3744E-10 5.5303E-10 5.6935E-10 5.8550E-10 6.1051E-10 6.4300E-10 6.7612E-10 7.4345E-10 7.9541E-10 8.8973E-10 1.0187E-09 1.1422E-09 1.3157E-09 1.5725E-09 1.7675E-09 2.1253E-09 2.4724E-09 2.7892E-09 3.1586E-09 3.5198E-09 3.9177E-09 4.2954E-09 4.5777E-09 4.8351E-09 5.0059E-09 5.0869E-09 5.1091E-09 5.0783E-09 4.9897E-09 4.8354E-09 4.6348E-09 4.3999E-09 4.1380E-09 3.8557E-09 3.5940E-09 3.3132E-09 3.0184E-09 2.7244E-09 2.4657E-09 2.2336E-09
2.3873E-10 2.5644E-10 2.7413E-10 2.9163E-10 3.1052E-10 3.2838E-10 3.4779E-10 3.6583E-10 3.8532E-10 4.0335E-10 4.2273E-10 4.4058E-10 4.5966E-10 4.7717E-10 4.9514E-10 5.1252E-10 5.2914E-10 5.4660E-10 5.6255E-10 5.7923E-10 6.0578E-10 6.2987E-10 6.7160E-10 7.3256E-10 7.9106E-10 8.8541E-10 1.0231E-09 1.1555E-09 1.4043E-09 1.6297E-09 1.9362E-09 2.3500E-09 2.6930E-09 3.1797E-09 3.7089E-09 4.1938E-09 4.7099E-09 5.2297E-09 5.7013E-09 6.1408E-09 6.4724E-09 6.7026E-09 6.8410E-09 6.8663E-09 6.7774E-09 6.6114E-09 6.3592E-09 6.0776E-09 5.7534E-09 5.4054E-09 5.0266E-09 4.6145E-09 4.2323E-09 3.8646E-09 3.4953E-09 3.1434E-09 2.8240E-09
2.4117E-10 2.5923E-10 2.7729E-10 2.9515E-10 3.1444E-10 3.3268E-10 3.5250E-10 3.7095E-10 3.9086E-10 4.0931E-10 4.2911E-10 4.4737E-10 4.6688E-10 4.8480E-10 5.0317E-10 5.2095E-10 5.3796E-10 5.5581E-10 5.7213E-10 5.9822E-10 6.1841E-10 6.6434E-10 7.0729E-10 7.8117E-10 8.7576E-10 1.0155E-09 1.1663E-09 1.4203E-09 1.6693E-09 2.0889E-09 2.4678E-09 2.9745E-09 3.5220E-09 4.1597E-09 4.8321E-09 5.5385E-09 6.2260E-09 6.9289E-09 7.5991E-09 8.2356E-09 8.7392E-09 9.0972E-09 9.2318E-09 9.2089E-09 9.0216E-09 8.7244E-09 8.3738E-09 7.9432E-09 7.4573E-09 6.9682E-09 6.4544E-09 5.9283E-09 5.3959E-09 4.9074E-09 4.4429E-09 4.0035E-09 3.5768E-09
2.4354E-10 2.6155E-10 2.8037E-10 2.9861E-10 3.1829E-10 3.3693E-10 3.5717E-10 3.7603E-10 3.9637E-10 4.1523E-10 4.3547E-10 4.5415E-10 4.7409E-10 4.9243E-10 5.1122E-10 5.2940E-10 5.4681E-10 5.6507E-10 5.8530E-10 6.1185E-10 6.5079E-10 6.8606E-10 7.6854E-10 8.4463E-10 9.9990E-10 1.1669E-09 1.4163E-09 1.7042E-09 2.1235E-09 2.5844E-09 3.1646E-09 3.7778E-09 4.5512E-09 5.3817E-09 6.2791E-09 7.2397E-09 8.2033E-09 9.2952E-09 1.0280E-08 1.1141E-08 1.1807E-08 1.2238E-08 1.2449E-08 1.2377E-08 1.2071E-08 1.1599E-08 1.0981E-08 1.0308E-08 9.6338E-09 8.9087E-09 8.2186E-09 7.5302E-09 6.8544E-09 6.2102E-09 5.6235E-09 5.0597E-09 4.5242E-09
2.4583E-10 2.6419E-10 2.8339E-10 3.0201E-10 3.2209E-10 3.4113E-10 3.6179E-10 3.8106E-10 4.0184E-10 4.2113E-10 4.4181E-10 4.6092E-10 4.8130E-10 5.0006E-10 5.1928E-10 5.3788E-10 5.5569E-10 5.7477E-10 6.0212E-10 6.3116E-10 6.7409E-10 7.3939E-10 8.0986E-10 9.7459E-10 1.1456E-09 1.3906E-09 1.7128E-09 2.1196E-09 2.6440E-09 3.2307E-09 3.9607E-09 4.8451E-09 5.7595E-09 6.8990E-09 8.1158E-09 9.4762E-09 1.0935E-08 1.2378E-08 1.3817E-08 1.5129E-08 1.6164E-08 1.6771E-08 1.6872E-08 1.6626E-08 1.6053E-08 1.5254E-08 1.4322E-08 1.3462E-08 1.2278E-08 1.1334E-08 1.0374E-08 9.4789E-09 8.6091E-09 7.7983E-09 7.0273E-09 6.3108E-09 5.6329E-09
2.4804E-10 2.6676E-10 2.8632E-10 3.0532E-10 3.2581E-10 3.4526E-10 3.6635E-10 3.8604E-10 4.0727E-10 4.2699E-10 4.4811E-10 4.6766E-10 4.8849E-10 5.0768E-10 5.2734E-10 5.4637E-10 5.6459E-10 5.8926E-10 6.1619E-10 6.5727E-10 7.0794E-10 7.8288E-10 9.3647E-10 1.0860E-09 1.3492E-09 1.7043E-09 2.0644E-09 2.6524E-09 3.2241E-09 4.0871E-09 4.9588E-09 6.0789E-09 7.3501E-09 8.7853E-09 1.0449E-08 1.2362E-08 1.4371E-08 1.6676E-08 1.9192E-08 2.1509E-08 2.3236E-08 2.3958E-08 2.3720E-08 2.2777E-08 2.1527E-08 2.1020E-08 1.9721E-08 1.7565E-08 1.5797E-08 1.4264E-08 1.3039E-08 1.1847E-08 1.0748E-08 9.7154E-09 8.7392E-09 7.8283E-09 6.9792E-09
2.5018E-10 2.6923E-10 2.8918E-10 3.0856E-10 3.2945E-10 3.4931E-10 3.7084E-10 3.9096E-10 4.1263E-10 4.3279E-10 4.5438E-10 4.7437E-10 4.9566E-10 5.1529E-10 5.3539E-10 5.5486E-10 5.7483E-10 6.0351E-10 6.3557E-10 6.8408E-10 7.4622E-10 8.6669E-10 1.0196E-09 1.2927E-09 1.6447E-09 1.9760E-09 2.5755E-09 3.1784E-09 4.0222E-09 4.9713E-09 6.1943E-09 7.5288E-09 9.1985E-09 1.1091E-08 1.3388E-08 1.5990E-08 1.9122E-08 2.3085E-08 2.7771E-08 3.2723E-08 3.6285E-08 3.7053E-08 3.5269E-08 3.3781E-08 3.3609E-08 3.0932E-08 2.6281E-08 2.2730E-08 2.0057E-08 1.7922E-08 1.6161E-08 1.4671E-08 1.3273E-08 1.1961E-08 1.0744E-08 9.6208E-09 8.6161E-09
2.5226E-10 2.7162E-10 2.9194E-10 3.1171E-10 3.3302E-10 3.5329E-10 3.7525E-10 3.9581E-10 4.1794E-10 4.3855E-10 4.6060E-10 4.8104E-10 5.0280E-10 5.2288E-10 5.4343E-10 5.6334E-10 5.8748E-10 6.1921E-10 6.5647E-10 7.1338E-10 7.9368E-10 9.5132E-10 1.2122E-09 1.5434E-09 1.8897E-09 2.4426E-09 3.0544E-09 3.8715E-09 4.8845E-09 6.0930E-09 7.5292E-09 9.3293E-09 1.1347E-08 1.3937E-08 1.6916E-08 2.0643E-08 4.5515E-08 2.4617E-07 1.2673E-07 5.9290E-08 6.6352E-08 6.5519E-08 6.8519E-08 6.3530E-08 5.3447E-08 4.2628E-08 3.4724E-08 2.9142E-08 2.5189E-08 2.2266E-08 1.9846E-08 1.8065E-08 1.6424E-08 1.4883E-08 1.3456E-08 1.2058E-08 1.0744E-08
2.5427E-10 2.7393E-10 2.9460E-10 3.1477E-10 3.3648E-10 3.5718E-10 3.7958E-10 4.0058E-10 4.2317E-10 4.4423E-10 4.6675E-10 4.8765E-10 5.0989E-10 5.3043E-10 5.5104E-10 5.7310E-10 6.0062E-10 6.3549E-10 6.8229E-10 7.4237E-10 8.8822E-10 1.1257E-09 1.4007E-09 1.7756E-09 2.3022E-09 2.8884E-09 3.6684E-09 4.6834E-09 5.8529E-09 7.3525E-09 9.1331E-09 1.1308E-08 1.3928E-08 1.7121E-08 2.1182E-08 3.8819E-07 2.5482E-06 3.0060E-06 1.3615E-06 3.9401E-07 1.6935E-07 1.9213E-07 1.4508E-07 1.0347E-07 7.5638E-08 5.7243E-08 4.4912E-08 3.6605E-08 3.1334E-08 2.8209E-08 2.5467E-08 2.3070E-08 2.0878E-08 1.8657E-08 1.6675E-08 1.4897E-08 1.3284E-08
2.5620E-10 2.7574E-10 2.9716E-10 3.1772E-10 3.3985E-10 3.6097E-10 3.8328E-10 4.0527E-10 4.2832E-10 4.4984E-10 4.7284E-10 4.9421E-10 5.1693E-10 5.3794E-10 5.5901E-10 5.8407E-10 6.1505E-10 6.5230E-10 7.0866E-10 8.0289E-10 9.8933E-10 1.2431E-09 1.6543E-09 2.1538E-09 2.6758E-09 3.4090E-09 4.4017E-09 5.5119E-09 7.0129E-09 8.7137E-09 1.0964E-08 1.3545E-08 1.6741E-08 2.0789E-08 1.8531E-06 7.7631E-06 5.2437E-06 2.7091E-06 2.3473E-06 1.5800E-06 5.9963E-07 3.5600E-07 2.1386E-07 1.4177E-07 1.0067E-07 7.3808E-08 5.6794E-08 4.7475E-08 4.1066E-08 3.6315E-08 3.2235E-08 2.8467E-08 2.5387E-08 2.2681E-08 2.0245E-08 1.7943E-08 1.5892E-08
