Assets/Resources/2015_m01_d17_0100(utc+0800)_l00_csi_1hr_conc.grd
DSAA
         159         159
     -79.000      79.000
     -79.000      79.000
  0.0000E+00  0.4973E-05
[rows 50 to 74 of 159, columns 57 to 113 of 159]
0.0000E+00 0.0000E+00 8.5411E-12 3.2412E-11 7.1611E-11 1.2639E-10 1.9223E-10 2.8198E-10 3.8500E-10 5.1272E-10 6.6269E-10 8.3856E-10 1.0463E-09 1.2906E-09 1.5767E-09 1.9096E-09 2.2942E-09 2.7374E-09 3.2411E-09 3.8199E-09 4.4630E-09 5.2026E-09 6.1131E-09 7.2575E-09 8.5748E-09 1.0080E-08 1.1810E-08 1.3734E-08 1.5797E-08 1.7897E-08 1.9907E-08 2.1668E-08 2.3026E-08 2.3863E-08 2.4079E-08 2.3653E-08 2.2631E-08 2.1091E-08 1.9137E-08 1.6908E-08 1.4562E-08 1.2222E-08 1.0021E-08 8.0319E-09 6.2992E-09 4.8386E-09 3.6470E-09 2.6939E-09 1.9433E-09 1.3830E-09 9.5517E-10 6.5474E-10 4.3402E-10 2.8037E-10 1.7772E-10 1.0558E-10 5.8898E-11
0.0000E+00 0.0000E+00 7.2117E-13 9.9177E-12 3.4386E-11 7.3239E-11 1.2339E-10 1.9224E-10 2.7124E-10 3.7118E-10 4.9214E-10 6.3776E-10 8.0627E-10 1.0059E-09 1.2415E-09 1.5187E-09 1.8439E-09 2.2235E-09 2.6667E-09 3.1772E-09 3.7584E-09 4.4418E-09 5.3514E-09 6.5246E-09 7.9266E-09 9.5978E-09 1.1558E-08 1.3798E-08 1.6250E-08 1.8795E-08 2.1253E-08 2.3433E-08 2.5131E-08 2.6181E-08 2.6491E-08 2.6046E-08 2.4868E-08 2.3069E-08 2.0820E-08 1.8272E-08 1.5609E-08 1.2997E-08 1.0583E-08 8.4263E-09 6.5614E-09 4.9978E-09 3.7379E-09 2.7416E-09 1.9671E-09 1.3881E-09 9.5396E-10 6.4443E-10 4.2933E-10 2.7465E-10 1.7108E-10 1.0039E-10 5.6218E-11
0.0000E+00 0.0000E+00 0.0000E+00 1.3893E-12 9.5547E-12 3.4004E-11 6.9664E-11 1.1971E-10 1.7888E-10 2.5501E-10 3.4877E-10 4.6431E-10 6.0300E-10 7.6577E-10 9.5686E-10 1.1849E-09 1.4564E-09 1.7792E-09 2.1589E-09 2.6014E-09 3.1232E-09 3.7561E-09 4.6795E-09 5.8709E-09 7.3471E-09 9.2087E-09 1.1436E-08 1.4048E-08 1.6955E-08 2.0006E-08 2.2976E-08 2.5607E-08 2.7652E-08 2.8925E-08 2.9284E-08 2.8712E-08 2.7290E-08 2.5160E-08 2.2509E-08 1.9569E-08 1.6567E-08 1.3679E-08 1.1027E-08 8.6998E-09 6.7189E-09 5.0709E-09 3.7632E-09 2.7376E-09 1.9494E-09 1.3613E-09 9.3337E-10 6.2571E-10 4.1083E-10 2.6088E-10 1.6193E-10 9.4278E-11 5.1258E-11
0.0000E+00 0.0000E+00 0.0000E+00 0.0000E+00 1.6863E-12 8.1998E-12 3.0240E-11 6.4390E-11 1.0709E-10 1.6214E-10 2.3281E-10 3.2094E-10 4.2785E-10 5.6201E-10 7.1765E-10 9.0446E-10 1.1293E-09 1.3970E-09 1.7164E-09 2.0938E-09 2.5526E-09 3.1291E-09 4.0424E-09 5.2881E-09 6.8998E-09 8.9632E-09 1.1519E-08 1.4563E-08 1.8002E-08 2.1632E-08 2.5163E-08 2.8279E-08 3.0660E-08 3.2066E-08 3.2374E-08 3.1592E-08 2.9803E-08 2.7211E-08 2.4099E-08 2.0736E-08 1.7373E-08 1.4193E-08 1.1326E-08 8.8340E-09 6.7564E-09 5.0420E-09 3.7101E-09 2.6770E-09 1.8944E-09 1.3092E-09 8.8942E-10 5.8979E-10 3.8431E-10 2.3865E-10 1.4626E-10 8.3648E-11 4.5820E-11
0.0000E+00 0.0000E+00 0.0000E+00 0.0000E+00 0.0000E+00 1.6595E-12 7.0531E-12 2.4890E-11 5.4277E-11 9.1925E-11 1.4262E-10 2.0664E-10 2.8722E-10 3.8960E-10 5.1609E-10 6.6989E-10 8.5166E-10 1.0708E-09 1.3357E-09 1.6523E-09 2.0548E-09 2.5835E-09 3.5169E-09 4.8037E-09 6.5636E-09 8.8757E-09 1.1819E-08 1.5399E-08 1.9472E-08 2.3766E-08 2.7925E-08 3.1530E-08 3.4209E-08 3.5688E-08 3.5828E-08 3.4649E-08 3.2349E-08 2.9211E-08 2.5554E-08 2.1706E-08 1.7966E-08 1.4508E-08 1.1437E-08 8.7991E-09 6.6583E-09 4.9121E-09 3.5803E-09 2.5564E-09 1.7939E-09 1.2281E-09 8.2701E-10 5.4197E-10 3.4884E-10 2.1479E-10 1.3031E-10 7.2410E-11 3.7113E-11
0.0000E+00 0.0000E+00 0.0000E+00 0.0000E+00 0.0000E+00 0.0000E+00 1.3192E-12 5.0902E-12 1.7309E-11 4.1913E-11 7.6815E-11 1.2072E-10 1.7942E-10 2.5510E-10 3.5074E-10 4.7135E-10 6.1887E-10 7.9680E-10 1.0124E-09 1.2742E-09 1.6274E-09 2.1218E-09 3.0935E-09 4.4210E-09 6.3727E-09 8.9936E-09 1.2396E-08 1.6578E-08 2.1375E-08 2.6425E-08 3.1246E-08 3.5338E-08 3.8242E-08 3.9648E-08 3.9445E-08 3.7762E-08 3.4815E-08 3.0998E-08 2.6759E-08 2.2433E-08 1.8291E-08 1.4550E-08 1.1330E-08 8.5863E-09 6.4211E-09 4.6704E-09 3.3675E-09 2.3840E-09 1.6589E-09 1.1229E-09 7.4630E-10 4.8357E-10 3.0618E-10 1.8241E-10 1.0997E-10 6.1240E-11 2.8207E-11
0.0000E+00 0.0000E+00 0.0000E+00 0.0000E+00 0.0000E+00 0.0000E+00 0.0000E+00 7.3759E-13 2.7055E-12 9.6949E-12 3.0243E-11 5.9542E-11 1.0083E-10 1.5438E-10 2.2447E-10 3.1431E-10 4.2631E-10 5.6814E-10 7.4236E-10 9.5532E-10 1.2568E-09 1.7221E-09 2.7728E-09 4.1669E-09 6.4125E-09 9.3893E-09 1.3356E-08 1.8309E-08 2.3972E-08 2.9863E-08 3.5390E-08 3.9810E-08 4.2802E-08 4.3975E-08 4.3241E-08 4.0792E-08 3.7060E-08 3.2525E-08 2.7622E-08 2.2784E-08 1.8304E-08 1.4315E-08 1.0976E-08 8.1744E-09 6.0351E-09 4.3312E-09 3.0862E-09 2.1595E-09 1.4850E-09 9.9620E-10 6.5162E-10 4.1581E-10 2.6132E-10 1.5446E-10 8.7213E-11 4.8540E-11 1.9648E-11
0.0000E+00 0.0000E+00 0.0000E+00 0.0000E+00 0.0000E+00 0.0000E+00 0.0000E+00 0.0000E+00 1.3720E-14 1.4823E-12 3.6999E-12 1.9606E-11 4.4953E-11 8.1629E-11 1.3072E-10 1.9490E-10 2.7816E-10 3.8555E-10 5.2103E-10 6.9168E-10 9.5347E-10 1.3860E-09 2.5235E-09 4.0936E-09 6.5926E-09 1.0050E-08 1.4726E-08 2.0565E-08 2.7223E-08 3.4119E-08 4.0437E-08 4.5384E-08 4.8348E-08 4.9008E-08 4.7425E-08 4.3990E-08 3.9207E-08 3.3713E-08 2.8078E-08 2.2712E-08 1.7897E-08 1.3746E-08 1.0358E-08 7.5410E-09 5.4923E-09 3.8931E-09 2.7432E-09 1.9012E-09 1.2915E-09 8.5446E-10 5.5129E-10 3.4523E-10 2.1078E-10 1.2156E-10 6.2286E-11 3.3076E-11 1.1966E-11
0.0000E+00 0.0000E+00 0.0000E+00 0.0000E+00 0.0000E+00 0.0000E+00 0.0000E+00 0.0000E+00 0.0000E+00 0.0000E+00 2.8205E-13 1.5113E-12 1.1250E-11 3.2711E-11 6.4150E-11 1.0858E-10 1.6743E-10 2.4522E-10 3.4690E-10 4.7863E-10 6.9627E-10 1.1090E-09 2.3299E-09 4.0457E-09 6.9933E-09 1.1042E-08 1.6567E-08 2.3464E-08 3.1367E-08 3.9392E-08 4.6549E-08 5.1856E-08 5.4617E-08 5.4562E-08 5.1859E-08 4.7013E-08 4.1051E-08 3.4551E-08 2.8120E-08 2.2202E-08 1.7119E-08 1.2806E-08 9.4641E-09 6.7371E-09 4.8335E-09 3.3892E-09 2.3592E-09 1.6110E-09 1.0792E-09 7.0244E-10 4.4484E-10 2.7375E-10 1.5885E-10 9.3271E-11 4.2655E-11 1.1826E-11 0.0000E+00
0.0000E+00 0.0000E+00 0.0000E+00 0.0000E+00 0.0000E+00 0.0000E+00 0.0000E+00 0.0000E+00 0.0000E+00 0.0000E+00 0.0000E+00 0.0000E+00 0.0000E+00 5.5163E-12 2.1791E-11 4.9267E-11 8.8761E-11 1.4293E-10 2.1632E-10 3.1456E-10 4.8672E-10 8.7180E-10 2.2363E-09 4.0955E-09 7.6185E-09 1.2370E-08 1.8954E-08 2.7270E-08 3.6655E-08 4.6113E-08 5.4345E-08 6.0132E-08 6.2635E-08 6.1507E-08 5.7214E-08 5.0644E-08 4.2885E-08 3.5020E-08 2.7631E-08 2.1101E-08 1.5795E-08 1.1453E-08 8.2847E-09 5.8018E-09 4.0749E-09 2.8418E-09 1.9466E-09 1.3110E-09 8.6472E-10 5.5350E-10 3.4128E-10 2.0728E-10 1.0930E-10 5.1012E-11 1.0846E-11 2.2731E-12 0.0000E+00
0.0000E+00 0.0000E+00 0.0000E+00 0.0000E+00 0.0000E+00 0.0000E+00 0.0000E+00 0.0000E+00 0.0000E+00 0.0000E+00 0.0000E+00 0.0000E+00 0.0000E+00 0.0000E+00 1.3532E-12 1.4423E-11 3.7811E-11 7.3418E-11 1.2430E-10 1.9426E-10 3.3357E-10 6.9328E-10 2.2067E-09 4.2337E-09 8.3581E-09 1.3966E-08 2.1823E-08 3.1870E-08 4.3270E-08 5.4676E-08 6.4597E-08 7.1067E-08 7.3405E-08 7.1006E-08 6.4474E-08 5.5252E-08 4.5024E-08 3.5128E-08 2.6559E-08 1.9414E-08 1.3991E-08 9.8102E-09 6.9271E-09 4.7541E-09 3.3294E-09 2.2881E-09 1.5427E-09 1.0176E-09 6.5794E-10 4.0964E-10 2.3962E-10 1.3243E-10 5.7546E-11 8.2875E-12 2.5516E-12 0.0000E+00 0.0000E+00
0.0000E+00 0.0000E+00 0.0000E+00 0.0000E+00 0.0000E+00 0.0000E+00 0.0000E+00 0.0000E+00 0.0000E+00 0.0000E+00 0.0000E+00 0.0000E+00 0.0000E+00 0.0000E+00 0.0000E+00 1.2501E-12 1.1262E-11 3.1585E-11 6.3757E-11 1.1147E-10 2.1313E-10 5.4301E-10 2.0908E-09 4.3631E-09 9.1396E-09 1.5791E-08 2.5387E-08 3.7679E-08 5.1718E-08 6.6074E-08 7.8848E-08 8.7427E-08 8.9846E-08 8.5413E-08 7.5181E-08 6.1649E-08 4.7531E-08 3.4845E-08 2.4694E-08 1.6993E-08 1.1726E-08 7.9629E-09 5.4011E-09 3.7786E-09 2.6015E-09 1.7551E-09 1.1596E-09 7.4715E-10 4.6979E-10 2.7602E-10 1.4386E-10 4.3246E-11 1.0220E-11 2.7221E-12 0.0000E+00 0.0000E+00 0.0000E+00
0.0000E+00 0.0000E+00 0.0000E+00 0.0000E+00 0.0000E+00 0.0000E+00 0.0000E+00 0.0000E+00 0.0000E+00 0.0000E+00 0.0000E+00 0.0000E+00 0.0000E+00 0.0000E+00 0.0000E+00 0.0000E+00 1.8829E-12 9.1928E-12 2.5356E-11 5.4678E-11 1.2258E-10 3.9956E-10 2.0732E-09 4.5176E-09 9.9081E-09 1.7705E-08 2.9221E-08 4.4320E-08 6.2020E-08 8.1065E-08 9.9001E-08 1.1149E-07 1.1473E-07 1.0712E-07 9.0640E-08 6.9943E-08 4.9968E-08 3.3575E-08 2.1817E-08 1.3942E-08 9.0976E-09 5.9316E-09 4.1590E-09 2.8564E-09 1.9317E-09 1.2729E-09 8.2134E-10 5.0722E-10 2.9416E-10 1.2377E-10 3.8059E-11 1.4592E-11 3.6735E-12 9.2182E-14 0.0000E+00 0.0000E+00 0.0000E+00
0.0000E+00 0.0000E+00 0.0000E+00 0.0000E+00 0.0000E+00 0.0000E+00 0.0000E+00 0.0000E+00 0.0000E+00 0.0000E+00 0.0000E+00 0.0000E+00 0.0000E+00 0.0000E+00 0.0000E+00 0.0000E+00 0.0000E+00 1.8250E-12 7.6768E-12 2.0394E-11 5.8658E-11 2.9801E-10 1.9489E-09 4.5494E-09 1.0534E-08 1.9601E-08 3.3437E-08 5.2012E-08 7.4573E-08 1.0162E-07 1.2848E-07 1.4799E-07 1.5228E-07 1.3847E-07 1.1106E-07 7.9008E-08 5.0734E-08 3.0193E-08 1.7513E-08 1.0283E-08 6.3023E-09 4.3998E-09 3.0319E-09 2.0440E-09 1.3486E-09 8.5912E-10 5.2567E-10 2.6794E-10 9.5797E-11 4.4624E-11 1.7604E-11 4.0465E-12 2.8507E-13 0.0000E+00 0.0000E+00 0.0000E+00 0.0000E+00
0.0000E+00 0.0000E+00 0.0000E+00 0.0000E+00 0.0000E+00 0.0000E+00 0.0000E+00 0.0000E+00 0.0000E+00 0.0000E+00 0.0000E+00 0.0000E+00 0.0000E+00 0.0000E+00 0.0000E+00 0.0000E+00 0.0000E+00 0.0000E+00 1.2398E-12 5.5273E-12 2.1417E-11 2.0457E-10 1.9243E-09 4.5851E-09 1.1229E-08 2.1465E-08 3.7573E-08 6.0158E-08 8.9666E-08 1.2878E-07 1.7150E-07 2.0256E-07 2.0640E-07 1.7958E-07 1.3330E-07 8.4495E-08 4.6606E-08 2.3649E-08 1.1962E-08 6.5212E-09 4.4862E-09 3.0743E-09 2.0782E-09 1.3625E-09 8.6369E-10 4.9782E-10 2.1760E-10 1.0272E-10 4.7613E-11 1.7345E-11 3.4976E-12 5.9426E-15 0.0000E+00 0.0000E+00 0.0000E+00 0.0000E+00 0.0000E+00
0.0000E+00 0.0000E+00 0.0000E+00 0.0000E+00 0.0000E+00 0.0000E+00 0.0000E+00 0.0000E+00 0.0000E+00 0.0000E+00 0.0000E+00 0.0000E+00 0.0000E+00 0.0000E+00 0.0000E+00 0.0000E+00 0.0000E+00 0.0000E+00 0.0000E+00 1.0134E-12 5.2267E-12 1.2419E-10 1.7534E-09 4.4728E-09 1.1547E-08 2.2891E-08 4.1469E-08 6.8805E-08 1.0879E-07 1.6722E-07 2.3420E-07 2.7887E-07 2.7401E-07 2.1959E-07 1.4340E-07 7.6757E-08 3.4780E-08 1.4434E-08 7.0989E-09 4.3949E-09 2.9926E-09 2.0076E-09 1.3108E-09 7.9402E-10 4.2706E-10 2.0473E-10 1.0566E-10 4.8339E-11 1.6299E-11 1.7690E-12 0.0000E+00 0.0000E+00 0.0000E+00 0.0000E+00 0.0000E+00 0.0000E+00 0.0000E+00
0.0000E+00 0.0000E+00 0.0000E+00 0.0000E+00 0.0000E+00 0.0000E+00 0.0000E+00 0.0000E+00 0.0000E+00 0.0000E+00 0.0000E+00 0.0000E+00 0.0000E+00 0.0000E+00 0.0000E+00 0.0000E+00 0.0000E+00 0.0000E+00 0.0000E+00 0.0000E+00 0.0000E+00 8.1044E-11 1.5874E-09 4.1992E-09 1.1586E-08 2.4292E-08 4.5954E-08 7.9662E-08 1.3575E-07 2.2651E-07 3.2541E-07 3.6860E-07 3.2591E-07 2.2639E-07 1.2240E-07 5.3504E-08 2.0348E-08 8.5116E-09 4.5943E-09 2.7628E-09 1.8418E-09 1.1646E-09 6.6763E-10 3.5732E-10 1.9605E-10 1.0032E-10 4.4067E-11 1.3107E-11 2.2181E-13 0.0000E+00 0.0000E+00 0.0000E+00 0.0000E+00 0.0000E+00 0.0000E+00 0.0000E+00 0.0000E+00
0.0000E+00 0.0000E+00 0.0000E+00 0.0000E+00 0.0000E+00 0.0000E+00 0.0000E+00 0.0000E+00 0.0000E+00 0.0000E+00 0.0000E+00 0.0000E+00 0.0000E+00 0.0000E+00 0.0000E+00 0.0000E+00 0.0000E+00 0.0000E+00 0.0000E+00 0.0000E+00 0.0000E+00 3.8919E-11 1.0893E-09 3.6008E-09 1.0691E-08 2.4745E-08 5.0445E-08 9.3964E-08 1.8290E-07 3.3271E-07 4.6017E-07 4.5628E-07 3.3266E-07 1.8325E-07 8.0399E-08 3.0297E-08 1.1771E-08 5.2322E-09 2.7501E-09 1.5935E-09 9.4573E-10 5.4367E-10 3.1840E-10 1.7306E-10 8.6180E-11 3.1128E-11 4.5898E-12 0.0000E+00 0.0000E+00 0.0000E+00 0.0000E+00 0.0000E+00 0.0000E+00 0.0000E+00 0.0000E+00 0.0000E+00 0.0000E+00
0.0000E+00 0.0000E+00 0.0000E+00 0.0000E+00 0.0000E+00 0.0000E+00 0.0000E+00 0.0000E+00 0.0000E+00 0.0000E+00 0.0000E+00 0.0000E+00 0.0000E+00 0.0000E+00 0.0000E+00 0.0000E+00 0.0000E+00 0.0000E+00 0.0000E+00 0.0000E+00 0.0000E+00 1.4594E-11 5.5646E-10 2.8353E-09 9.1785E-09 2.3916E-08 5.4217E-08 1.1619E-07 2.7672E-07 5.2442E-07 6.2621E-07 4.8868E-07 2.6945E-07 1.1464E-07 4.2423E-08 1.5762E-08 6.1594E-09 2.7338E-09 1.2221E-09 7.4989E-10 4.4681E-10 2.6357E-10 1.3677E-10 5.4113E-11 1.0594E-11 3.2923E-13 0.0000E+00 0.0000E+00 0.0000E+00 0.0000E+00 0.0000E+00 0.0000E+00 0.0000E+00 0.0000E+00 0.0000E+00 0.0000E+00 0.0000E+00
0.0000E+00 0.0000E+00 0.0000E+00 0.0000E+00 0.0000E+00 0.0000E+00 0.0000E+00 0.0000E+00 0.0000E+00 0.0000E+00 0.0000E+00 0.0000E+00 0.0000E+00 0.0000E+00 0.0000E+00 0.0000E+00 0.0000E+00 0.0000E+00 0.0000E+00 0.0000E+00 0.0000E+00 3.3184E-12 1.2572E-10 1.2548E-09 5.6494E-09 1.9329E-08 5.4814E-08 1.5943E-07 4.8901E-07 8.1288E-07 7.2685E-07 3.9874E-07 1.5476E-07 5.2401E-08 1.7898E-08 6.1419E-09 2.3640E-09 1.0097E-09 5.6442E-10 3.4095E-10 1.8206E-10 7.4109E-11 1.5404E-11 2.8751E-13 0.0000E+00 0.0000E+00 0.0000E+00 0.0000E+00 0.0000E+00 0.0000E+00 0.0000E+00 0.0000E+00 0.0000E+00 0.0000E+00 0.0000E+00 0.0000E+00 0.0000E+00
0.0000E+00 0.0000E+00 0.0000E+00 0.0000E+00 0.0000E+00 0.0000E+00 0.0000E+00 0.0000E+00 0.0000E+00 0.0000E+00 0.0000E+00 0.0000E+00 0.0000E+00 0.0000E+00 0.0000E+00 0.0000E+00 0.0000E+00 0.0000E+00 0.0000E+00 0.0000E+00 0.0000E+00 0.0000E+00 4.5254E-11 2.3332E-10 1.8109E-09 1.0348E-08 4.8305E-08 2.9745E-07 9.4336E-07 1.0763E-06 5.9003E-07 1.9745E-07 5.4628E-08 1.5574E-08 4.3396E-09 1.3334E-09 6.6384E-10 3.6517E-10 1.9192E-10 7.6052E-11 1.6225E-11 8.4515E-14 0.0000E+00 0.0000E+00 0.0000E+00 0.0000E+00 0.0000E+00 0.0000E+00 0.0000E+00 0.0000E+00 0.0000E+00 0.0000E+00 0.0000E+00 0.0000E+00 0.0000E+00 0.0000E+00 0.0000E+00
0.0000E+00 0.0000E+00 0.0000E+00 0.0000E+00 0.0000E+00 0.0000E+00 0.0000E+00 0.0000E+00 0.0000E+00 0.0000E+00 0.0000E+00 0.0000E+00 0.0000E+00 0.0000E+00 0.0000E+00 0.0000E+00 0.0000E+00 0.0000E+00 0.0000E+00 0.0000E+00 0.0000E+00 0.0000E+00 1.0295E-11 7.9995E-11 2.7287E-10 1.7739E-09 7.8013E-08 7.8781E-07 1.4558E-06 8.8732E-07 2.3881E-07 4.4856E-08 8.5362E-09 1.4543E-09 6.3636E-10 3.2196E-10 1.5405E-10 5.5467E-11 1.1662E-11 0.0000E+00 0.0000E+00 0.0000E+00 0.0000E+00 0.0000E+00 0.0000E+00 0.0000E+00 0.0000E+00 0.0000E+00 0.0000E+00 0.0000E+00 0.0000E+00 0.0000E+00 0.0000E+00 0.0000E+00 0.0000E+00 0.0000E+00 0.0000E+00
0.0000E+00 0.0000E+00 0.0000E+00 0.0000E+00 0.0000E+00 0.0000E+00 0.0000E+00 0.0000E+00 0.0000E+00 0.0000E+00 0.0000E+00 0.0000E+00 0.0000E+00 0.0000E+00 0.0000E+00 0.0000E+00 0.0000E+00 0.0000E+00 0.0000E+00 0.0000E+00 0.0000E+00 0.0000E+00 8.4103E-13 1.6229E-11 7.5586E-11 6.9410E-10 4.7840E-07 1.4089E-06 1.3091E-06 3.1272E-07 2.4685E-08 1.6893E-09 4.7385E-10 2.0981E-10 8.7866E-11 2.7255E-11 4.7079E-12 0.0000E+00 0.0000E+00 0.0000E+00 0.0000E+00 0.0000E+00 0.0000E+00 0.0000E+00 0.0000E+00 0.0000E+00 0.0000E+00 0.0000E+00 0.0000E+00 0.0000E+00 0.0000E+00 0.0000E+00 0.0000E+00 0.0000E+00 0.0000E+00 0.0000E+00 0.0000E+00
0.0000E+00 0.0000E+00 0.0000E+00 0.0000E+00 0.0000E+00 0.0000E+00 0.0000E+00 0.0000E+00 0.0000E+00 0.0000E+00 0.0000E+00 0.0000E+00 0.0000E+00 0.0000E+00 0.0000E+00 0.0000E+00 0.0000E+00 0.0000E+00 0.0000E+00 0.0000E+00 0.0000E+00 0.0000E+00 0.0000E+00 1.1434E-12 1.0649E-11 1.6177E-07 1.5537E-06 1.3835E-06 5.3198E-07 2.7242E-08 2.7457E-10 8.1675E-11 2.7745E-11 4.5411E-12 0.0000E+00 0.0000E+00 0.0000E+00 0.0000E+00 0.0000E+00 0.0000E+00 0.0000E+00 0.0000E+00 0.0000E+00 0.0000E+00 0.0000E+00 0.0000E+00 0.0000E+00 0.0000E+00 0.0000E+00 0.0000E+00 0.0000E+00 0.0000E+00 0.0000E+00 0.0000E+00 0.0000E+00 0.0000E+00 0.0000E+00
0.0000E+00 0.0000E+00 0.0000E+00 0.0000E+00 0.0000E+00 0.0000E+00 0.0000E+00 0.0000E+00 0.0000E+00 0.0000E+00 0.0000E+00 0.0000E+00 0.0000E+00 0.0000E+00 0.0000E+00 0.0000E+00 0.0000E+00 0.0000E+00 0.0000E+00 0.0000E+00 0.0000E+00 0.0000E+00 0.0000E+00 0.0000E+00 5.7749E-11 1.5465E-06 1.6878E-06 5.7315E-07 3.6462E-08 1.1168E-11 3.2861E-12 0.0000E+00 0.0000E+00 0.0000E+00 0.0000E+00 0.0000E+00 0.0000E+00 0.0000E+00 0.0000E+00 0.0000E+00 0.0000E+00 0.0000E+00 0.0000E+00 0.0000E+00 0.0000E+00 0.0000E+00 0.0000E+00 0.0000E+00 0.0000E+00 0.0000E+00 0.0000E+00 0.0000E+00 0.0000E+00 0.0000E+00 0.0000E+00 0.0000E+00 0.0000E+00
