Assets/Resources/2015_m01_d17_0300(utc+0800)_l00_csi_1hr_conc.grd
DSAA
         159         159
     -79.000      79.000
     -79.000      79.000
  0.0000E+00  0.7677E-05
[rows 25 to 49 of 159, columns 57 to 113 of 159]
6.6473E-10 7.9594E-10 9.4565E-10 1.1161E-09 1.3102E-09 1.5286E-09 1.7736E-09 2.0441E-09 2.3417E-09 2.6667E-09 3.0178E-09 3.3940E-09 3.7937E-09 4.2149E-09 4.6538E-09 5.1069E-09 5.5711E-09 6.0406E-09 6.5096E-09 6.9753E-09 7.4289E-09 7.8664E-09 8.2777E-09 8.6552E-09 8.9981E-09 9.2986E-09 9.5490E-09 9.7459E-09 9.8885E-09 9.9682E-09 9.9849E-09 9.9383E-09 9.8276E-09 9.6570E-09 9.4277E-09 9.1418E-09 8.8051E-09 8.4228E-09 8.0012E-09 7.5468E-09 7.0670E-09 6.5690E-09 6.0604E-09 5.5486E-09 5.0405E-09 4.5422E-09 4.0604E-09 3.6005E-09 3.1671E-09 2.7634E-09 2.3910E-09 2.0515E-09 1.7445E-09 1.4686E-09 1.2248E-09 1.0159E-09 8.3574E-10
6.3773E-10 7.6497E-10 9.0920E-10 1.0746E-09 1.2622E-09 1.4751E-09 1.7129E-09 1.9765E-09 2.2675E-09 2.5841E-09 2.9277E-09 3.2966E-09 3.6895E-09 4.1037E-09 4.5371E-09 4.9856E-09 5.4461E-09 5.9130E-09 6.3838E-09 6.8521E-09 7.3113E-09 7.7537E-09 8.1731E-09 8.5659E-09 8.9232E-09 9.2373E-09 9.5079E-09 9.7269E-09 9.8896E-09 9.9929E-09 1.0034E-08 1.0013E-08 9.9283E-09 9.7814E-09 9.5727E-09 9.3075E-09 8.9888E-09 8.6215E-09 8.2114E-09 7.7650E-09 7.2899E-09 6.7932E-09 6.2825E-09 5.7656E-09 5.2502E-09 4.7428E-09 4.2494E-09 3.7756E-09 3.3250E-09 2.9034E-09 2.5148E-09 2.1605E-09 1.8403E-09 1.5541E-09 1.3001E-09 1.0743E-09 8.8338E-10
6.0809E-10 7.3086E-10 8.6918E-10 1.0292E-09 1.2099E-09 1.4156E-09 1.6449E-09 1.9012E-09 2.1827E-09 2.4906E-09 2.8251E-09 3.1849E-09 3.5690E-09 3.9750E-09 4.4004E-09 4.8424E-09 5.2968E-09 5.7605E-09 6.2300E-09 6.6987E-09 7.1594E-09 7.6083E-09 8.0378E-09 8.4381E-09 8.8074E-09 9.1423E-09 9.4321E-09 9.6707E-09 9.8566E-09 9.9862E-09 1.0057E-08 1.0065E-08 1.0008E-08 9.8888E-09 9.7076E-09 9.4667E-09 9.1687E-09 8.8196E-09 8.4241E-09 7.9885E-09 7.5197E-09 7.0252E-09 6.5128E-09 5.9908E-09 5.4668E-09 4.9498E-09 4.4448E-09 3.9580E-09 3.4948E-09 3.0585E-09 2.6517E-09 2.2779E-09 1.9422E-09 1.6421E-09 1.3765E-09 1.1436E-09 9.3761E-10
5.7660E-10 6.9423E-10 8.2661E-10 9.7971E-10 1.1532E-09 1.3508E-09 1.5719E-09 1.8178E-09 2.0893E-09 2.3879E-09 2.7114E-09 3.0603E-09 3.4338E-09 3.8298E-09 4.2454E-09 4.6776E-09 5.1246E-09 5.5838E-09 6.0497E-09 6.5148E-09 6.9774E-09 7.4296E-09 7.8640E-09 8.2778E-09 8.6629E-09 9.0115E-09 9.3191E-09 9.5833E-09 9.7977E-09 9.9565E-09 1.0056E-08 1.0095E-08 1.0071E-08 9.9845E-09 9.8317E-09 9.6185E-09 9.3460E-09 9.0180E-09 8.6399E-09 8.2175E-09 7.7576E-09 7.2679E-09 6.7564E-09 6.2310E-09 5.6997E-09 5.1702E-09 4.6510E-09 4.1495E-09 3.6708E-09 3.2190E-09 2.7983E-09 2.4101E-09 2.0542E-09 1.7364E-09 1.4570E-09 1.2120E-09 9.9900E-10
5.4342E-10 6.5586E-10 7.8149E-10 9.2705E-10 1.0932E-09 1.2820E-09 1.4929E-09 1.7285E-09 1.9894E-09 2.2755E-09 2.5876E-09 2.9250E-09 3.2859E-09 3.6692E-09 4.0738E-09 4.4939E-09 4.9318E-09 5.3846E-09 5.8425E-09 6.3062E-09 6.7672E-09 7.2205E-09 7.6649E-09 8.0872E-09 8.4839E-09 8.8519E-09 9.1840E-09 9.4729E-09 9.7134E-09 9.9020E-09 1.0035E-08 1.0109E-08 1.0119E-08 1.0066E-08 9.9478E-09 9.7652E-09 9.5183E-09 9.2138E-09 8.8546E-09 8.4477E-09 7.9993E-09 7.5165E-09 7.0077E-09 6.4813E-09 5.9450E-09 5.4071E-09 4.8756E-09 4.3563E-09 3.8581E-09 3.3885E-09 2.9502E-09 2.5460E-09 2.1773E-09 1.8431E-09 1.5428E-09 1.2843E-09 1.0592E-09
5.0940E-10 6.1514E-10 7.3475E-10 8.7283E-10 1.0302E-09 1.2088E-09 1.4101E-09 1.6349E-09 1.8832E-09 2.1568E-09 2.4557E-09 2.7793E-09 3.1266E-09 3.4969E-09 3.8866E-09 4.2938E-09 4.7226E-09 5.1639E-09 5.6157E-09 6.0733E-09 6.5335E-09 6.9918E-09 7.4388E-09 7.8700E-09 8.2848E-09 8.6709E-09 9.0230E-09 9.3365E-09 9.6078E-09 9.8309E-09 1.0000E-08 1.0110E-08 1.0157E-08 1.0141E-08 1.0058E-08 9.9082E-09 9.6936E-09 9.4150E-09 9.0780E-09 8.6880E-09 8.2509E-09 7.7769E-09 7.2703E-09 6.7409E-09 6.1992E-09 5.6523E-09 5.1088E-09 4.5770E-09 4.0630E-09 3.5719E-09 3.1111E-09 2.6886E-09 2.3024E-09 1.9539E-09 1.6417E-09 1.3606E-09 1.1231E-09
4.7416E-10 5.7375E-10 6.8674E-10 8.1623E-10 9.6526E-10 1.1341E-09 1.3240E-09 1.5368E-09 1.7732E-09 2.0337E-09 2.3177E-09 2.6263E-09 2.9590E-09 3.3136E-09 3.6875E-09 4.0809E-09 4.4973E-09 4.9289E-09 5.3718E-09 5.8240E-09 6.2820E-09 6.7406E-09 7.1927E-09 7.6375E-09 8.0635E-09 8.4647E-09 8.8414E-09 9.1851E-09 9.4882E-09 9.7445E-09 9.9494E-09 1.0099E-08 1.0187E-08 1.0210E-08 1.0166E-08 1.0053E-08 9.8718E-09 9.6234E-09 9.3119E-09 8.9412E-09 8.5201E-09 8.0532E-09 7.5511E-09 7.0196E-09 6.4688E-09 5.9095E-09 5.3523E-09 4.8046E-09 4.2738E-09 3.7672E-09 3.2887E-09 2.8402E-09 2.4338E-09 2.0671E-09 1.7392E-09 1.4500E-09 1.1898E-09
4.3993E-10 5.3228E-10 6.3794E-10 7.5822E-10 8.9993E-10 1.0576E-09 1.2367E-09 1.4370E-09 1.6602E-09 1.9062E-09 2.1754E-09 2.4690E-09 2.7843E-09 3.1224E-09 3.4801E-09 3.8632E-09 4.2688E-09 4.6904E-09 5.1264E-09 5.5755E-09 6.0330E-09 6.4958E-09 6.9594E-09 7.4126E-09 7.8551E-09 8.2843E-09 8.6888E-09 9.0627E-09 9.4007E-09 9.6984E-09 9.9471E-09 1.0141E-08 1.0274E-08 1.0341E-08 1.0338E-08 1.0264E-08 1.0118E-08 9.9004E-09 9.6140E-09 9.2641E-09 8.8547E-09 8.3956E-09 7.8925E-09 7.3555E-09 6.7970E-09 6.2230E-09 5.6436E-09 5.0714E-09 4.5178E-09 3.9877E-09 3.4870E-09 3.0203E-09 2.5871E-09 2.1951E-09 1.8483E-09 1.5352E-09 1.2684E-09
4.0475E-10 4.9136E-10 5.8922E-10 7.0205E-10 8.3315E-10 9.8065E-10 1.1495E-09 1.3362E-09 1.5454E-09 1.7768E-09 2.0308E-09 2.3071E-09 2.6057E-09 2.9262E-09 3.2701E-09 3.6380E-09 4.0275E-09 4.4351E-09 4.8619E-09 5.3034E-09 5.7598E-09 6.2247E-09 6.6889E-09 7.1551E-09 7.6153E-09 8.0615E-09 8.4890E-09 8.8948E-09 9.2694E-09 9.6057E-09 9.8957E-09 1.0133E-08 1.0311E-08 1.0424E-08 1.0466E-08 1.0435E-08 1.0328E-08 1.0145E-08 9.8876E-09 9.5593E-09 9.1659E-09 8.7140E-09 8.2143E-09 7.6739E-09 7.1045E-09 6.5173E-09 5.9269E-09 5.3367E-09 4.7568E-09 4.2011E-09 3.6778E-09 3.1889E-09 2.7386E-09 2.3267E-09 1.9545E-09 1.6312E-09 1.3424E-09
3.7034E-10 4.5048E-10 5.4211E-10 6.4539E-10 7.6746E-10 9.0502E-10 1.0607E-09 1.2350E-09 1.4313E-09 1.6462E-09 1.8838E-09 2.1437E-09 2.4251E-09 2.7303E-09 3.0579E-09 3.4071E-09 3.7793E-09 4.1748E-09 4.5890E-09 5.0246E-09 5.4763E-09 5.9407E-09 6.4156E-09 6.8901E-09 7.3624E-09 7.8297E-09 8.2853E-09 8.7220E-09 9.1318E-09 9.5082E-09 9.8444E-09 1.0131E-08 1.0359E-08 1.0521E-08 1.0612E-08 1.0626E-08 1.0561E-08 1.0415E-08 1.0188E-08 9.8823E-09 9.5036E-09 9.0587E-09 8.5565E-09 8.0082E-09 7.4307E-09 6.8289E-09 6.2167E-09 5.6055E-09 5.0098E-09 4.4299E-09 3.8749E-09 3.3629E-09 2.8897E-09 2.4592E-09 2.0710E-09 1.7231E-09 1.4258E-09
3.3744E-10 4.1086E-10 4.9449E-10 5.9008E-10 7.0331E-10 8.2887E-10 9.7333E-10 1.1349E-09 1.3159E-09 1.5160E-09 1.7384E-09 1.9797E-09 2.2430E-09 2.5337E-09 2.8426E-09 3.1736E-09 3.5302E-09 3.9132E-09 4.3215E-09 4.7526E-09 5.2026E-09 5.6740E-09 6.1532E-09 6.6409E-09 7.1358E-09 7.6292E-09 8.1152E-09 8.5882E-09 9.0440E-09 9.4705E-09 9.8584E-09 1.0198E-08 1.0480E-08 1.0697E-08 1.0839E-08 1.0903E-08 1.0880E-08 1.0770E-08 1.0572E-08 1.0287E-08 9.9198E-09 9.4788E-09 8.9735E-09 8.4143E-09 7.8141E-09 7.1862E-09 6.5511E-09 5.9126E-09 5.2843E-09 4.6794E-09 4.1017E-09 3.5525E-09 3.0513E-09 2.5912E-09 2.1848E-09 1.8231E-09 1.5032E-09
3.0470E-10 3.7199E-10 4.4901E-10 5.3563E-10 6.3889E-10 7.5530E-10 8.8785E-10 1.0356E-09 1.2029E-09 1.3879E-09 1.5928E-09 1.8169E-09 2.0621E-09 2.3379E-09 2.6282E-09 2.9418E-09 3.2848E-09 3.6561E-09 4.0556E-09 4.4811E-09 4.9337E-09 5.4067E-09 5.8932E-09 6.3997E-09 6.9159E-09 7.4374E-09 7.9622E-09 8.4804E-09 8.9834E-09 9.4616E-09 9.9052E-09 1.0304E-08 1.0646E-08 1.0922E-08 1.1122E-08 1.1236E-08 1.1259E-08 1.1186E-08 1.1015E-08 1.0748E-08 1.0390E-08 9.9486E-09 9.4342E-09 8.8598E-09 8.2385E-09 7.5853E-09 6.9136E-09 6.2371E-09 5.5797E-09 4.9390E-09 4.3278E-09 3.7573E-09 3.2216E-09 2.7318E-09 2.2965E-09 1.9188E-09 1.5848E-09
2.7331E-10 3.3496E-10 4.0440E-10 4.8249E-10 5.7755E-10 6.8245E-10 8.0378E-10 9.3946E-10 1.0928E-09 1.2620E-09 1.4509E-09 1.6578E-09 1.8838E-09 2.1439E-09 2.4173E-09 2.7168E-09 3.0455E-09 3.4057E-09 3.7937E-09 4.2100E-09 4.6577E-09 5.1290E-09 5.6268E-09 6.1431E-09 6.6790E-09 7.2328E-09 7.7920E-09 8.3507E-09 8.8995E-09 9.4294E-09 9.9300E-09 1.0388E-08 1.0792E-08 1.1128E-08 1.1385E-08 1.1552E-08 1.1620E-08 1.1584E-08 1.1442E-08 1.1195E-08 1.0847E-08 1.0406E-08 9.8840E-09 9.2942E-09 8.6515E-09 7.9721E-09 7.2717E-09 6.5658E-09 5.8657E-09 5.1915E-09 4.5490E-09 3.9455E-09 3.3882E-09 2.8762E-09 2.4151E-09 2.0100E-09 1.6634E-09
2.4462E-10 2.9958E-10 3.6129E-10 4.3290E-10 5.1776E-10 6.1277E-10 7.2329E-10 8.4585E-10 9.8563E-10 1.1404E-09 1.3132E-09 1.5026E-09 1.7103E-09 1.9565E-09 2.2119E-09 2.4987E-09 2.8151E-09 3.1612E-09 3.5365E-09 3.9458E-09 4.3888E-09 4.8637E-09 5.3648E-09 5.8981E-09 6.4584E-09 7.0386E-09 7.6345E-09 8.2376E-09 8.8379E-09 9.4247E-09 9.9845E-09 1.0507E-08 1.0974E-08 1.1373E-08 1.1690E-08 1.1910E-08 1.2025E-08 1.2026E-08 1.1911E-08 1.1681E-08 1.1340E-08 1.0897E-08 1.0364E-08 9.7550E-09 9.0873E-09 8.3772E-09 7.6426E-09 6.9001E-09 6.1648E-09 5.4501E-09 4.7668E-09 4.1343E-09 3.5484E-09 3.0166E-09 2.5311E-09 2.1058E-09 1.7315E-09
2.1694E-10 2.6632E-10 3.2176E-10 3.8454E-10 4.6132E-10 5.4679E-10 6.4571E-10 7.5669E-10 8.8287E-10 1.0230E-09 1.1804E-09 1.3536E-09 1.5442E-09 1.7763E-09 2.0136E-09 2.2861E-09 2.5937E-09 2.9237E-09 3.2889E-09 3.6909E-09 4.1342E-09 4.6165E-09 5.1341E-09 5.6857E-09 6.2726E-09 6.8901E-09 7.5310E-09 8.1881E-09 8.8504E-09 9.5046E-09 1.0137E-08 1.0730E-08 1.1269E-08 1.1739E-08 1.2121E-08 1.2397E-08 1.2557E-08 1.2591E-08 1.2498E-08 1.2278E-08 1.1937E-08 1.1481E-08 1.0926E-08 1.0288E-08 9.5826E-09 8.8318E-09 8.0519E-09 7.2635E-09 6.4824E-09 5.7246E-09 5.0022E-09 4.3174E-09 3.7020E-09 3.1459E-09 2.6468E-09 2.1846E-09 1.7935E-09
1.9181E-10 2.3555E-10 2.8338E-10 3.4034E-10 4.0831E-10 4.8302E-10 5.7314E-10 6.7197E-10 7.8545E-10 9.1183E-10 1.0539E-09 1.2101E-09 1.3850E-09 1.6038E-09 1.8251E-09 2.0827E-09 2.3792E-09 2.6985E-09 3.0533E-09 3.4525E-09 3.8982E-09 4.3824E-09 4.9085E-09 5.4787E-09 6.0918E-09 6.7446E-09 7.4309E-09 8.1418E-09 8.8659E-09 9.5941E-09 1.0304E-08 1.0976E-08 1.1589E-08 1.2127E-08 1.2570E-08 1.2902E-08 1.3107E-08 1.3176E-08 1.3104E-08 1.2891E-08 1.2541E-08 1.2064E-08 1.1482E-08 1.0812E-08 1.0070E-08 9.2745E-09 8.4500E-09 7.6126E-09 6.7857E-09 5.9848E-09 5.2243E-09 4.5145E-09 3.8510E-09 3.2663E-09 2.7419E-09 2.2662E-09 1.8454E-09
1.6731E-10 2.0686E-10 2.4853E-10 2.9890E-10 3.5852E-10 4.2516E-10 5.0457E-10 5.9201E-10 6.9439E-10 8.0655E-10 9.3410E-10 1.0754E-09 1.2342E-09 1.4411E-09 1.6454E-09 1.8914E-09 2.1796E-09 2.4861E-09 2.8342E-09 3.2325E-09 3.6744E-09 4.1647E-09 4.7027E-09 5.2940E-09 5.9369E-09 6.6281E-09 7.3625E-09 8.1413E-09 8.9408E-09 9.7434E-09 1.0530E-08 1.1279E-08 1.1967E-08 1.2574E-08 1.3077E-08 1.3462E-08 1.3709E-08 1.3811E-08 1.3757E-08 1.3549E-08 1.3193E-08 1.2701E-08 1.2085E-08 1.1364E-08 1.0569E-08 9.7252E-09 8.8462E-09 7.9597E-09 7.0833E-09 6.2375E-09 5.4363E-09 4.6905E-09 4.0064E-09 3.3750E-09 2.8274E-09 2.3285E-09 1.8884E-09
1.4262E-10 1.7829E-10 2.1676E-10 2.6092E-10 3.1094E-10 3.7138E-10 4.4151E-10 5.1798E-10 6.0856E-10 7.0844E-10 8.2295E-10 9.4871E-10 1.0927E-09 1.2892E-09 1.4777E-09 1.7142E-09 1.9939E-09 2.2883E-09 2.6331E-09 3.0283E-09 3.4694E-09 3.9667E-09 4.5209E-09 5.1339E-09 5.8087E-09 6.5487E-09 7.3477E-09 8.1889E-09 9.0580E-09 9.9382E-09 1.0808E-08 1.1641E-08 1.2411E-08 1.3093E-08 1.3662E-08 1.4096E-08 1.4380E-08 1.4503E-08 1.4460E-08 1.4251E-08 1.3878E-08 1.3358E-08 1.2705E-08 1.1943E-08 1.1092E-08 1.0173E-08 9.2384E-09 8.2966E-09 7.3704E-09 6.4784E-09 5.6353E-09 4.8521E-09 4.1339E-09 3.4712E-09 2.9001E-09 2.3787E-09 1.9333E-09
1.2247E-10 1.5079E-10 1.8579E-10 2.2570E-10 2.6887E-10 3.2248E-10 3.8303E-10 4.5041E-10 5.3071E-10 6.1782E-10 7.1903E-10 8.3078E-10 9.6197E-10 1.1477E-09 1.3216E-09 1.5505E-09 1.8215E-09 2.1087E-09 2.4520E-09 2.8410E-09 3.2854E-09 3.7915E-09 4.3599E-09 4.9994E-09 5.7208E-09 6.5125E-09 7.3663E-09 8.2735E-09 9.2203E-09 1.0186E-08 1.1153E-08 1.2082E-08 1.2944E-08 1.3707E-08 1.4348E-08 1.4836E-08 1.5153E-08 1.5286E-08 1.5238E-08 1.5008E-08 1.4606E-08 1.4038E-08 1.3337E-08 1.2516E-08 1.1606E-08 1.0637E-08 9.6278E-09 8.6190E-09 7.6410E-09 6.7014E-09 5.8152E-09 4.9927E-09 4.2431E-09 3.5540E-09 2.9565E-09 2.4165E-09 1.9548E-09
8.9882E-11 1.2646E-10 1.5534E-10 1.9213E-10 2.3035E-10 2.7788E-10 3.2954E-10 3.8931E-10 4.5890E-10 5.3472E-10 6.2476E-10 7.2265E-10 8.4070E-10 1.0175E-09 1.1780E-09 1.4008E-09 1.6694E-09 1.9444E-09 2.2874E-09 2.6760E-09 3.1215E-09 3.6384E-09 4.2245E-09 4.9058E-09 5.6664E-09 6.5049E-09 7.4205E-09 8.4046E-09 9.4464E-09 1.0511E-08 1.1577E-08 1.2611E-08 1.3571E-08 1.4423E-08 1.5132E-08 1.5673E-08 1.6023E-08 1.6168E-08 1.6107E-08 1.5841E-08 1.5389E-08 1.4760E-08 1.3984E-08 1.3086E-08 1.2108E-08 1.1070E-08 1.0005E-08 8.9361E-09 7.8871E-09 6.8985E-09 5.9690E-09 5.1107E-09 4.3316E-09 3.6121E-09 3.0040E-09 2.4377E-09 1.9623E-09
6.7085E-11 9.1753E-11 1.3088E-10 1.6011E-10 1.9465E-10 2.3413E-10 2.7999E-10 3.3412E-10 3.9385E-10 4.6037E-10 5.3879E-10 6.2322E-10 7.3007E-10 9.0011E-10 1.0478E-09 1.2652E-09 1.5311E-09 1.8002E-09 2.1418E-09 2.5292E-09 2.9807E-09 3.5080E-09 4.1308E-09 4.8372E-09 5.6355E-09 6.5293E-09 7.5220E-09 8.5919E-09 9.7308E-09 1.0907E-08 1.2089E-08 1.3232E-08 1.4292E-08 1.5233E-08 1.6015E-08 1.6606E-08 1.6983E-08 1.7128E-08 1.7040E-08 1.6729E-08 1.6215E-08 1.5512E-08 1.4657E-08 1.3670E-08 1.2600E-08 1.1480E-08 1.0347E-08 9.2194E-09 8.1185E-09 7.0629E-09 6.0932E-09 5.2021E-09 4.3950E-09 3.6499E-09 3.0385E-09 2.4511E-09 1.9641E-09
4.7080E-11 6.9810E-11 9.2279E-11 1.1272E-10 1.6068E-10 1.9485E-10 2.3359E-10 2.8079E-10 3.3265E-10 3.9345E-10 4.6108E-10 5.3450E-10 6.3071E-10 7.9222E-10 9.2941E-10 1.1452E-09 1.4071E-09 1.6702E-09 2.0171E-09 2.4038E-09 2.8582E-09 3.4131E-09 4.0567E-09 4.7926E-09 5.6361E-09 6.5957E-09 7.6635E-09 8.8467E-09 1.0102E-08 1.1395E-08 1.2690E-08 1.3944E-08 1.5111E-08 1.6145E-08 1.7003E-08 1.7647E-08 1.8047E-08 1.8186E-08 1.8066E-08 1.7693E-08 1.7060E-08 1.6265E-08 1.5315E-08 1.4245E-08 1.3087E-08 1.1873E-08 1.0654E-08 9.4627E-09 8.3107E-09 7.2121E-09 6.1893E-09 5.2667E-09 4.4363E-09 3.6632E-09 3.0262E-09 2.4319E-09 1.9304E-09
2.3287E-11 3.5195E-11 7.0388E-11 9.0918E-11 1.1092E-10 1.5909E-10 1.9219E-10 2.3019E-10 2.7677E-10 3.3244E-10 3.9021E-10 4.5501E-10 5.4104E-10 6.9635E-10 8.2486E-10 1.0372E-09 1.2996E-09 1.5574E-09 1.9079E-09 2.2992E-09 2.7702E-09 3.3387E-09 3.9994E-09 4.7714E-09 5.6741E-09 6.7032E-09 7.8728E-09 9.1513E-09 1.0515E-08 1.1926E-08 1.3348E-08 1.4742E-08 1.6037E-08 1.7179E-08 1.8115E-08 1.8807E-08 1.9224E-08 1.9349E-08 1.9176E-08 1.8726E-08 1.8023E-08 1.7104E-08 1.6020E-08 1.4823E-08 1.3554E-08 1.2250E-08 1.0926E-08 9.6482E-09 8.4390E-09 7.3010E-09 6.2266E-09 5.2788E-09 4.4273E-09 3.6327E-09 2.9901E-09 2.3847E-09 1.8816E-09
1.4645E-11 2.2411E-11 3.5465E-11 6.9659E-11 8.8123E-11 1.0765E-10 1.5856E-10 1.9002E-10 2.2637E-10 2.7547E-10 3.2497E-10 3.8327E-10 4.5972E-10 6.2167E-10 7.4069E-10 9.5075E-10 1.2140E-09 1.4679E-09 1.8243E-09 2.2182E-09 2.7115E-09 3.2872E-09 3.9694E-09 4.7792E-09 5.7507E-09 6.8816E-09 8.1529E-09 9.5567E-09 1.1062E-08 1.2643E-08 1.4232E-08 1.5775E-08 1.7207E-08 1.8464E-08 1.9482E-08 2.0215E-08 2.0627E-08 2.0702E-08 2.0443E-08 1.9885E-08 1.9054E-08 1.8000E-08 1.6771E-08 1.5417E-08 1.4002E-08 1.2595E-08 1.1199E-08 9.8299E-09 8.5459E-09 7.3631E-09 6.2752E-09 5.2716E-09 4.4024E-09 3.5861E-09 2.9379E-09 2.3218E-09 1.8155E-09
6.9368E-12 1.4127E-11 2.1077E-11 3.4698E-11 6.7746E-11 8.4435E-11 1.0648E-10 1.5320E-10 1.8362E-10 2.2203E-10 2.6635E-10 3.1664E-10 3.8443E-10 5.3579E-10 6.4511E-10 8.5234E-10 1.1154E-09 1.3656E-09 1.7312E-09 2.1457E-09 2.6443E-09 3.2399E-09 3.9499E-09 4.8148E-09 5.8771E-09 7.1151E-09 8.5112E-09 1.0067E-08 1.1744E-08 1.3467E-08 1.5185E-08 1.6905E-08 1.8500E-08 1.9885E-08 2.0993E-08 2.1767E-08 2.2169E-08 2.2187E-08 2.1825E-08 2.1129E-08 2.0134E-08 1.8918E-08 1.7527E-08 1.6026E-08 1.4459E-08 1.2890E-08 1.1378E-08 9.9333E-09 8.5585E-09 7.3106E-09 6.1913E-09 5.1631E-09 4.2876E-09 3.4612E-09 2.8222E-09 2.2242E-09 1.7403E-09
