Assets/Resources/2015_m01_d29_0700(utc+0800)_l00_csi_1hr_conc.grd
DSAA
         159         159
     -79.000      79.000
     -79.000      79.000
  0.0000E+00  0.8263E-04
[rows 50 to 74 of 159, columns 0 to 56 of 159]
7.8248E-11 8.4310E-11 9.2121E-11 9.9122E-11 1.0794E-10 1.1599E-10 1.2451E-10 1.3509E-10 1.4481E-10 1.5510E-10 1.6756E-10 1.7921E-10 1.9149E-10 2.0442E-10 2.1978E-10 2.3429E-10 2.5188E-10 2.7059E-10 2.9049E-10 3.1163E-10 3.3406E-10 3.5786E-10 3.8335E-10 4.0737E-10 4.3257E-10 4.6227E-10 4.9038E-10 5.2304E-10 5.5429E-10 5.8700E-10 6.2480E-10 6.6104E-10 7.0241E-10 7.4243E-10 7.8710E-10 8.3111E-10 8.7988E-10 9.2813E-10 9.7842E-10 1.0340E-09 1.0889E-09 1.1492E-09 1.2090E-09 1.2711E-09 1.3390E-09 1.4064E-09 1.4795E-09 1.5523E-09 1.6276E-09 1.7111E-09 1.7923E-09 1.8817E-09 1.9691E-09 2.0592E-09 2.1582E-09 2.2546E-09 2.3597E-09
7.4335E-11 8.1520E-11 8.7760E-11 9.5883E-11 1.0308E-10 1.1224E-10 1.2051E-10 1.3079E-10 1.4022E-10 1.5020E-10 1.6231E-10 1.7362E-10 1.8554E-10 1.9810E-10 2.1304E-10 2.2713E-10 2.4426E-10 2.6250E-10 2.8190E-10 3.0253E-10 3.2444E-10 3.4771E-10 3.7265E-10 3.9609E-10 4.2069E-10 4.4979E-10 4.7726E-10 5.0930E-10 5.3988E-10 5.7509E-10 6.0904E-10 6.4456E-10 6.8525E-10 7.2453E-10 7.6850E-10 8.1175E-10 8.5981E-10 9.0730E-10 9.5681E-10 1.0117E-09 1.0659E-09 1.1254E-09 1.1845E-09 1.2459E-09 1.3132E-09 1.3799E-09 1.4525E-09 1.5246E-09 1.6044E-09 1.6825E-09 1.7632E-09 1.8525E-09 1.9395E-09 2.0293E-09 2.1284E-09 2.2247E-09 2.3303E-09
7.1772E-11 7.8737E-11 8.4772E-11 9.2651E-11 9.9619E-11 1.0851E-10 1.1651E-10 1.2649E-10 1.3563E-10 1.4529E-10 1.5706E-10 1.6802E-10 1.7958E-10 1.9175E-10 2.0627E-10 2.1995E-10 2.3661E-10 2.5436E-10 2.7326E-10 2.9337E-10 3.1475E-10 3.3747E-10 3.6185E-10 3.8469E-10 4.0868E-10 4.3717E-10 4.6399E-10 4.9537E-10 5.2526E-10 5.5979E-10 5.9302E-10 6.2779E-10 6.6776E-10 7.0627E-10 7.4950E-10 7.9196E-10 8.3927E-10 8.8595E-10 9.3760E-10 9.8878E-10 1.0421E-09 1.1010E-09 1.1592E-09 1.2230E-09 1.2865E-09 1.3524E-09 1.4243E-09 1.4957E-09 1.5751E-09 1.6525E-09 1.7327E-09 1.8217E-09 1.9082E-09 2.0036E-09 2.0967E-09 2.1928E-09 2.2986E-09
6.9222E-11 7.5967E-11 8.1798E-11 8.9431E-11 9.6166E-11 1.0478E-10 1.1252E-10 1.2219E-10 1.3104E-10 1.4039E-10 1.5181E-10 1.6242E-10 1.7361E-10 1.8541E-10 1.9950E-10 2.1276E-10 2.2894E-10 2.4620E-10 2.6459E-10 2.8418E-10 3.0501E-10 3.2716E-10 3.5097E-10 3.7321E-10 3.9657E-10 4.2443E-10 4.5058E-10 4.8129E-10 5.1047E-10 5.4430E-10 5.7677E-10 6.1077E-10 6.5000E-10 6.8771E-10 7.3016E-10 7.7178E-10 8.1830E-10 8.6413E-10 9.1498E-10 9.6530E-10 1.0178E-09 1.0758E-09 1.1332E-09 1.1963E-09 1.2588E-09 1.3239E-09 1.3951E-09 1.4657E-09 1.5445E-09 1.6212E-09 1.7062E-09 1.7893E-09 1.8753E-09 1.9704E-09 2.0632E-09 2.1651E-09 2.2896E-09
6.6691E-11 7.3216E-11 7.8842E-11 8.6229E-11 9.2732E-11 1.0107E-10 1.0855E-10 1.1792E-10 1.2647E-10 1.3551E-10 1.4657E-10 1.5684E-10 1.6767E-10 1.7908E-10 1.9274E-10 2.0557E-10 2.2128E-10 2.3804E-10 2.5592E-10 2.7497E-10 2.9525E-10 3.1683E-10 3.4004E-10 3.6167E-10 3.8440E-10 4.1160E-10 4.3707E-10 4.6709E-10 4.9554E-10 5.2864E-10 5.6034E-10 5.9355E-10 6.3200E-10 6.6887E-10 7.1051E-10 7.5127E-10 7.9695E-10 8.4189E-10 8.9189E-10 9.4130E-10 9.9284E-10 1.0501E-09 1.1065E-09 1.1687E-09 1.2304E-09 1.2978E-09 1.3650E-09 1.4347E-09 1.5128E-09 1.5887E-09 1.6731E-09 1.7555E-09 1.8408E-09 1.9356E-09 2.0278E-09 2.1296E-09 2.2553E-09
6.4183E-11 7.0487E-11 7.5911E-11 8.3051E-11 8.9324E-11 9.7389E-11 1.0460E-10 1.1367E-10 1.2192E-10 1.3066E-10 1.4136E-10 1.5128E-10 1.6175E-10 1.7278E-10 1.8600E-10 1.9841E-10 2.1364E-10 2.2990E-10 2.4725E-10 2.6575E-10 2.8547E-10 3.0647E-10 3.2909E-10 3.5010E-10 3.7218E-10 3.9871E-10 4.2348E-10 4.5280E-10 4.8051E-10 5.1285E-10 5.4377E-10 5.7616E-10 6.1380E-10 6.4982E-10 6.9061E-10 7.3047E-10 7.7528E-10 8.1928E-10 8.6839E-10 9.1684E-10 9.7052E-10 1.0237E-09 1.0792E-09 1.1405E-09 1.2012E-09 1.2677E-09 1.3339E-09 1.4078E-09 1.4800E-09 1.5550E-09 1.6388E-09 1.7204E-09 1.8108E-09 1.8992E-09 1.9907E-09 2.0923E-09 2.2190E-09
6.1702E-11 6.6478E-11 7.3010E-11 7.8560E-11 8.5947E-11 9.3738E-11 1.0069E-10 1.0806E-10 1.1741E-10 1.2584E-10 1.3474E-10 1.4576E-10 1.5586E-10 1.6651E-10 1.7931E-10 1.9129E-10 2.0390E-10 2.2179E-10 2.3861E-10 2.5657E-10 2.7571E-10 2.9612E-10 3.1813E-10 3.3851E-10 3.5994E-10 3.8579E-10 4.0986E-10 4.3845E-10 4.6540E-10 4.9698E-10 5.2708E-10 5.6191E-10 5.9544E-10 6.3058E-10 6.7049E-10 7.0943E-10 7.5333E-10 7.9637E-10 8.4454E-10 8.9199E-10 9.4471E-10 9.9689E-10 1.0513E-09 1.1117E-09 1.1713E-09 1.2369E-09 1.3020E-09 1.3751E-09 1.4463E-09 1.5256E-09 1.6033E-09 1.6839E-09 1.7737E-09 1.8613E-09 1.9583E-09 2.0784E-09 2.1809E-09
5.9253E-11 6.3845E-11 7.0143E-11 7.5482E-11 8.2608E-11 8.8780E-11 9.6822E-11 1.0392E-10 1.1295E-10 1.2106E-10 1.2964E-10 1.4029E-10 1.5003E-10 1.6029E-10 1.7111E-10 1.8422E-10 1.9638E-10 2.1372E-10 2.3002E-10 2.4742E-10 2.6599E-10 2.8580E-10 3.0718E-10 3.2694E-10 3.4771E-10 3.7287E-10 3.9623E-10 4.2407E-10 4.5026E-10 4.8104E-10 5.1033E-10 5.4431E-10 5.7698E-10 6.1122E-10 6.5022E-10 6.8820E-10 7.3116E-10 7.7320E-10 8.2039E-10 8.6681E-10 9.1852E-10 9.6963E-10 1.0262E-09 1.0823E-09 1.1408E-09 1.2054E-09 1.2694E-09 1.3415E-09 1.4116E-09 1.4901E-09 1.5667E-09 1.6463E-09 1.7353E-09 1.8220E-09 1.9183E-09 2.0390E-09 2.1409E-09
5.6840E-11 6.1249E-11 6.7315E-11 7.2445E-11 7.9311E-11 8.5246E-11 9.2998E-11 9.9825E-11 1.0853E-10 1.1634E-10 1.2460E-10 1.3487E-10 1.4425E-10 1.5414E-10 1.6456E-10 1.7722E-10 1.8894E-10 2.0356E-10 2.2148E-10 2.3832E-10 2.5632E-10 2.7553E-10 2.9628E-10 3.1541E-10 3.3552E-10 3.5997E-10 3.8261E-10 4.0969E-10 4.3511E-10 4.6508E-10 4.9354E-10 5.2667E-10 5.5844E-10 5.9176E-10 6.2983E-10 6.6684E-10 7.0881E-10 7.4983E-10 7.9600E-10 8.4135E-10 8.9200E-10 9.4201E-10 9.9745E-10 1.0524E-09 1.1098E-09 1.1733E-09 1.2361E-09 1.3072E-09 1.3761E-09 1.4536E-09 1.5291E-09 1.6133E-09 1.6957E-09 1.7813E-09 1.8770E-09 1.9979E-09 2.0992E-09
5.3169E-11 5.8695E-11 6.4531E-11 6.9455E-11 7.6063E-11 8.1763E-11 8.9227E-11 9.5787E-11 1.0417E-10 1.1168E-10 1.1963E-10 1.2952E-10 1.3854E-10 1.4806E-10 1.5808E-10 1.7029E-10 1.8157E-10 1.9568E-10 2.1079E-10 2.2931E-10 2.4672E-10 2.6532E-10 2.8545E-10 3.0393E-10 3.2338E-10 3.4712E-10 3.6903E-10 3.9535E-10 4.1998E-10 4.4914E-10 4.7675E-10 5.0900E-10 5.3987E-10 5.7225E-10 6.0936E-10 6.4538E-10 6.8634E-10 7.2631E-10 7.7143E-10 8.1566E-10 8.6523E-10 9.1408E-10 9.6840E-10 1.0222E-09 1.0784E-09 1.1407E-09 1.2023E-09 1.2722E-09 1.3399E-09 1.4163E-09 1.4906E-09 1.5738E-09 1.6550E-09 1.7455E-09 1.8591E-09 1.9554E-09 2.0559E-09
5.0877E-11 5.6186E-11 6.0497E-11 6.6516E-11 7.1529E-11 7.8336E-11 8.5515E-11 9.1811E-11 9.8479E-11 1.0709E-10 1.1472E-10 1.2424E-10 1.3291E-10 1.4206E-10 1.5169E-10 1.6345E-10 1.7430E-10 1.8790E-10 2.0247E-10 2.2038E-10 2.3721E-10 2.5520E-10 2.7180E-10 2.9254E-10 3.1133E-10 3.3434E-10 3.5553E-10 3.8107E-10 4.0492E-10 4.3324E-10 4.5999E-10 4.9135E-10 5.2131E-10 5.5274E-10 5.8887E-10 6.2387E-10 6.6380E-10 7.0269E-10 7.4672E-10 7.8982E-10 8.3825E-10 8.8591E-10 9.3906E-10 9.9162E-10 1.0498E-09 1.1076E-09 1.1679E-09 1.2367E-09 1.3031E-09 1.3783E-09 1.4512E-09 1.5333E-09 1.6133E-09 1.7028E-09 1.8161E-09 1.9115E-09 2.0110E-09
4.8631E-11 5.3726E-11 5.7853E-11 6.3631E-11 6.8433E-11 7.4970E-11 8.0526E-11 8.7903E-11 9.4297E-11 1.0258E-10 1.0989E-10 1.1762E-10 1.2737E-10 1.3615E-10 1.4540E-10 1.5670E-10 1.6713E-10 1.7808E-10 1.9426E-10 2.0931E-10 2.2781E-10 2.4519E-10 2.6119E-10 2.8125E-10 2.9938E-10 3.2166E-10 3.4213E-10 3.6688E-10 3.8994E-10 4.1741E-10 4.4331E-10 4.7052E-10 5.0279E-10 5.3327E-10 5.6839E-10 6.0237E-10 6.4123E-10 6.7903E-10 7.2194E-10 7.6388E-10 8.1114E-10 8.5758E-10 9.0950E-10 9.6078E-10 1.0177E-09 1.0742E-09 1.1383E-09 1.2006E-09 1.2656E-09 1.3396E-09 1.4112E-09 1.4920E-09 1.5706E-09 1.6590E-09 1.7721E-09 1.8663E-09 1.9680E-09
4.6434E-11 5.0016E-11 5.5263E-11 6.0804E-11 6.5398E-11 7.1670E-11 7.6988E-11 8.4069E-11 9.0192E-11 9.8141E-11 1.0515E-10 1.1256E-10 1.2192E-10 1.3034E-10 1.3921E-10 1.4855E-10 1.6007E-10 1.7059E-10 1.8617E-10 2.0066E-10 2.1853E-10 2.3530E-10 2.5070E-10 2.7009E-10 2.8755E-10 3.0911E-10 3.2885E-10 3.5281E-10 3.7507E-10 4.0169E-10 4.2673E-10 4.5304E-10 4.8436E-10 5.1387E-10 5.4797E-10 5.8091E-10 6.1869E-10 6.5537E-10 6.9714E-10 7.3790E-10 7.8395E-10 8.2913E-10 8.7980E-10 9.2976E-10 9.8539E-10 1.0405E-09 1.1033E-09 1.1642E-09 1.2332E-09 1.3004E-09 1.3705E-09 1.4501E-09 1.5272E-09 1.6143E-09 1.7269E-09 1.8199E-09 1.9205E-09
4.4287E-11 4.7707E-11 5.2732E-11 5.6736E-11 6.2430E-11 6.8440E-11 7.3525E-11 8.0313E-11 8.6171E-11 9.3794E-11 1.0051E-10 1.0760E-10 1.1658E-10 1.2464E-10 1.3314E-10 1.4209E-10 1.5314E-10 1.6322E-10 1.7606E-10 1.9215E-10 2.0710E-10 2.2555E-10 2.4035E-10 2.5907E-10 2.7588E-10 2.9670E-10 3.1572E-10 3.3888E-10 3.6035E-10 3.8611E-10 4.1028E-10 4.3570E-10 4.6605E-10 4.9458E-10 5.2766E-10 5.5954E-10 5.9622E-10 6.3177E-10 6.7237E-10 7.1192E-10 7.5675E-10 8.0065E-10 8.5002E-10 8.9863E-10 9.5290E-10 1.0066E-09 1.0680E-09 1.1274E-09 1.1951E-09 1.2607E-09 1.3350E-09 1.4075E-09 1.4831E-09 1.5933E-09 1.6808E-09 1.7725E-09 1.8719E-09
4.2194E-11 4.5455E-11 5.0262E-11 5.4082E-11 5.9531E-11 6.3978E-11 7.0140E-11 7.5287E-11 8.2238E-11 8.8161E-11 9.5957E-11 1.0274E-10 1.0990E-10 1.1906E-10 1.2719E-10 1.3575E-10 1.4635E-10 1.5600E-10 1.6832E-10 1.8156E-10 1.9817E-10 2.1360E-10 2.3017E-10 2.4821E-10 2.6436E-10 2.8445E-10 3.0275E-10 3.2512E-10 3.4580E-10 3.6755E-10 3.9400E-10 4.1852E-10 4.4789E-10 4.7545E-10 5.0748E-10 5.3830E-10 5.7387E-10 6.0828E-10 6.4769E-10 6.8602E-10 7.2958E-10 7.7218E-10 8.2022E-10 8.6745E-10 9.2032E-10 9.7255E-10 1.0325E-09 1.0904E-09 1.1566E-09 1.2207E-09 1.2935E-09 1.3644E-09 1.4444E-09 1.5479E-09 1.6339E-09 1.7241E-09 1.8222E-09
3.8915E-11 4.3262E-11 4.6563E-11 5.1496E-11 5.6704E-11 6.0945E-11 6.6837E-11 7.1747E-11 7.8397E-11 8.4052E-11 9.1511E-11 9.7988E-11 1.0483E-10 1.1360E-10 1.2137E-10 1.2955E-10 1.3816E-10 1.4892E-10 1.5861E-10 1.7343E-10 1.8939E-10 2.0423E-10 2.2016E-10 2.3753E-10 2.5304E-10 2.7239E-10 2.8998E-10 3.0849E-10 3.3144E-10 3.5238E-10 3.7792E-10 4.0153E-10 4.2992E-10 4.5650E-10 4.8748E-10 5.1724E-10 5.5168E-10 5.8494E-10 6.2315E-10 6.6024E-10 7.0252E-10 7.4379E-10 7.9047E-10 8.3629E-10 8.8773E-10 9.3847E-10 9.9698E-10 1.0533E-09 1.1180E-09 1.1804E-09 1.2517E-09 1.3209E-09 1.3994E-09 1.5018E-09 1.5862E-09 1.6748E-09 1.7715E-09
3.6982E-11 4.1130E-11 4.4271E-11 4.8979E-11 5.2659E-11 5.7991E-11 6.2274E-11 6.8299E-11 7.4652E-11 8.0044E-11 8.7175E-11 9.3354E-11 9.9877E-11 1.0826E-10 1.1568E-10 1.2349E-10 1.3171E-10 1.4201E-10 1.5126E-10 1.6327E-10 1.7856E-10 1.9504E-10 2.1034E-10 2.2704E-10 2.4191E-10 2.5757E-10 2.7742E-10 2.9519E-10 3.1730E-10 3.3742E-10 3.6205E-10 3.8477E-10 4.1218E-10 4.3778E-10 4.6770E-10 4.9640E-10 5.2970E-10 5.6180E-10 5.9879E-10 6.3463E-10 6.7561E-10 7.1554E-10 7.6084E-10 8.0523E-10 8.5521E-10 9.0443E-10 9.6140E-10 1.0161E-09 1.0792E-09 1.1400E-09 1.2096E-09 1.2771E-09 1.3540E-09 1.4552E-09 1.5380E-09 1.6248E-09 1.7199E-09
3.5107E-11 3.7797E-11 4.2046E-11 4.6534E-11 5.0034E-11 5.5120E-11 5.9195E-11 6.4943E-11 6.9661E-11 7.6143E-11 8.1573E-11 8.8839E-11 9.5056E-11 1.0161E-10 1.1014E-10 1.1759E-10 1.2542E-10 1.3526E-10 1.4409E-10 1.5557E-10 1.7022E-10 1.8604E-10 2.0072E-10 2.1388E-10 2.3100E-10 2.4600E-10 2.6508E-10 2.8212E-10 3.0340E-10 3.2271E-10 3.4643E-10 3.6826E-10 3.9468E-10 4.1931E-10 4.4817E-10 4.7580E-10 5.0796E-10 5.3891E-10 5.7466E-10 6.0925E-10 6.4891E-10 6.8749E-10 7.3138E-10 7.7433E-10 8.2281E-10 8.7049E-10 9.2589E-10 9.7900E-10 1.0404E-09 1.0995E-09 1.1674E-09 1.2331E-09 1.3083E-09 1.4082E-09 1.4892E-09 1.5742E-09 1.6677E-09
3.2041E-11 3.5843E-11 3.9888E-11 4.2899E-11 4.7487E-11 5.1013E-11 5.6206E-11 6.1684E-11 6.6170E-11 7.2351E-11 7.7518E-11 8.4447E-11 9.0366E-11 9.6609E-11 1.0474E-10 1.1184E-10 1.1930E-10 1.2715E-10 1.3711E-10 1.4594E-10 1.5988E-10 1.7500E-10 1.9132E-10 2.0390E-10 2.2032E-10 2.3467E-10 2.5299E-10 2.6931E-10 2.8976E-10 3.0827E-10 3.3109E-10 3.5204E-10 3.7747E-10 4.0112E-10 4.2892E-10 4.5549E-10 4.8650E-10 5.1629E-10 5.5081E-10 5.8415E-10 6.2247E-10 6.5970E-10 7.0216E-10 7.4364E-10 7.9061E-10 8.3672E-10 8.9052E-10 9.4197E-10 1.0017E-09 1.0590E-09 1.1252E-09 1.1890E-09 1.2624E-09 1.3609E-09 1.4400E-09 1.5232E-09 1.6148E-09
3.0339E-11 3.3954E-11 3.6523E-11 4.0656E-11 4.5021E-11 4.8366E-11 5.3308E-11 5.7203E-11 6.2785E-11 6.8671E-11 7.3581E-11 8.0183E-11 8.5810E-11 9.1747E-11 9.9496E-11 1.0625E-10 1.1335E-10 1.2082E-10 1.3031E-10 1.3872E-10 1.5204E-10 1.6650E-10 1.7980E-10 1.9415E-10 2.0989E-10 2.2360E-10 2.4117E-10 2.5677E-10 2.7640E-10 2.9412E-10 3.1603E-10 3.3611E-10 3.6056E-10 3.8325E-10 4.0999E-10 4.3551E-10 4.6537E-10 4.9401E-10 5.2727E-10 5.5936E-10 5.9634E-10 6.3221E-10 6.7323E-10 7.1325E-10 7.5867E-10 8.0321E-10 8.5536E-10 9.0513E-10 9.6313E-10 1.0187E-09 1.0830E-09 1.1450E-09 1.2165E-09 1.3134E-09 1.3905E-09 1.4717E-09 1.5615E-09
2.8696E-11 3.0872E-11 3.4561E-11 3.8487E-11 4.1357E-11 4.5806E-11 5.0504E-11 5.4198E-11 5.9506E-11 6.3783E-11 6.9766E-11 7.4691E-11 8.1393E-11 8.7032E-11 9.2974E-11 1.0082E-10 1.0757E-10 1.1467E-10 1.2371E-10 1.3170E-10 1.4228E-10 1.5601E-10 1.7093E-10 1.8465E-10 1.9971E-10 2.1279E-10 2.2962E-10 2.4453E-10 2.6333E-10 2.8028E-10 3.0130E-10 3.2051E-10 3.4074E-10 3.6572E-10 3.9141E-10 4.1588E-10 4.4458E-10 4.7208E-10 5.0410E-10 5.3494E-10 5.7057E-10 6.0508E-10 6.4465E-10 6.8319E-10 7.2706E-10 7.7001E-10 8.2050E-10 8.6856E-10 9.2480E-10 9.7852E-10 1.0410E-09 1.1010E-09 1.1706E-09 1.2658E-09 1.3409E-09 1.4201E-09 1.5078E-09
2.5911E-11 2.9170E-11 3.2669E-11 3.6394E-11 3.9110E-11 4.3334E-11 4.6515E-11 5.1294E-11 5.4996E-11 6.0389E-11 6.6075E-11 7.0745E-11 7.7115E-11 8.2466E-11 8.8104E-11 9.5566E-11 1.0198E-10 1.0871E-10 1.1579E-10 1.2490E-10 1.3286E-10 1.4584E-10 1.6001E-10 1.7540E-10 1.8980E-10 2.0227E-10 2.1540E-10 2.3258E-10 2.4756E-10 2.6676E-10 2.8380E-10 3.0525E-10 3.2459E-10 3.4855E-10 3.7045E-10 3.9663E-10 4.2419E-10 4.5055E-10 4.8133E-10 5.1091E-10 5.4520E-10 5.7835E-10 6.1647E-10 6.5354E-10 6.9584E-10 7.3720E-10 7.8600E-10 8.3234E-10 8.8678E-10 9.3866E-10 9.9928E-10 1.0573E-09 1.1249E-09 1.2183E-09 1.2913E-09 1.3683E-09 1.4539E-09
2.4445E-11 2.7532E-11 2.9593E-11 3.3154E-11 3.6945E-11 3.9665E-11 4.3959E-11 4.8491E-11 5.1995E-11 5.7112E-11 6.1168E-11 6.6931E-11 7.1600E-11 7.8050E-11 8.3395E-11 8.9021E-11 9.6557E-11 1.0295E-10 1.0966E-10 1.1831E-10 1.2587E-10 1.3603E-10 1.5172E-10 1.6642E-10 1.7734E-10 1.9203E-10 2.0454E-10 2.2095E-10 2.3522E-10 2.5358E-10 2.6983E-10 2.9036E-10 3.0883E-10 3.3178E-10 3.5270E-10 3.7779E-10 4.0138E-10 4.2944E-10 4.5898E-10 4.8734E-10 5.2028E-10 5.5208E-10 5.8874E-10 6.2434E-10 6.6507E-10 7.0483E-10 7.5192E-10 7.9653E-10 8.4916E-10 8.9918E-10 9.5786E-10 1.0139E-09 1.0795E-09 1.1709E-09 1.2418E-09 1.3166E-09 1.3999E-09
2.1847E-11 2.4764E-11 2.7901E-11 3.1272E-11 3.3579E-11 3.7430E-11 4.1496E-11 4.4505E-11 4.9102E-11 5.3952E-11 5.7788E-11 6.3252E-11 6.7670E-11 7.3788E-11 7.8847E-11 8.4173E-11 9.1323E-11 9.7375E-11 1.0373E-10 1.1040E-10 1.1910E-10 1.2660E-10 1.4148E-10 1.5541E-10 1.6809E-10 1.8209E-10 1.9398E-10 2.0964E-10 2.2322E-10 2.4075E-10 2.5623E-10 2.7585E-10 2.9346E-10 3.1541E-10 3.3538E-10 3.5938E-10 3.8192E-10 4.0880E-10 4.3418E-10 4.6424E-10 4.9584E-10 5.2630E-10 5.6150E-10 5.9564E-10 6.3480E-10 6.7296E-10 7.1834E-10 7.6122E-10 8.1200E-10 8.6016E-10 9.1688E-10 9.7093E-10 1.0344E-09 1.1237E-09 1.1924E-09 1.2649E-09 1.3460E-09
2.0558E-11 2.3313E-11 2.5036E-11 2.8219E-11 3.1639E-11 3.5281E-11 3.7846E-11 4.1968E-11 4.6319E-11 4.9625E-11 5.4533E-11 5.8359E-11 6.3883E-11 6.8285E-11 7.4462E-11 7.9500E-11 8.6273E-11 9.1999E-11 9.8013E-11 1.0432E-10 1.1257E-10 1.1967E-10 1.3162E-10 1.4475E-10 1.5912E-10 1.7246E-10 1.8375E-10 1.9867E-10 2.1158E-10 2.2829E-10 2.4302E-10 2.6174E-10 2.7850E-10 2.9946E-10 3.1850E-10 3.4143E-10 3.6293E-10 3.8864E-10 4.1288E-10 4.4165E-10 4.6893E-10 5.0105E-10 5.3169E-10 5.6749E-10 6.0184E-10 6.4166E-10 6.8531E-10 7.2646E-10 7.7538E-10 8.2167E-10 8.7640E-10 9.2843E-10 9.8981E-10 1.0769E-09 1.1433E-09 1.2135E-09 1.2922E-09
