Assets/Resources/2015_m01_d21_0200(utc+0800)_l00_csi_1hr_conc.grd
DSAA
         159         159
     -79.000      79.000
     -79.000      79.000
  0.6771E-09  0.2735E-04
[rows 75 to 99 of 159, columns 57 to 113 of 159]
1.4647E-08 1.4787E-08 1.4947E-08 1.5128E-08 1.5354E-08 1.5593E-08 1.5864E-08 1.6168E-08 1.6509E-08 1.6926E-08 1.7366E-08 1.7952E-08 1.8678E-08 1.9551E-08 2.0534E-08 2.1754E-08 2.3289E-08 2.5256E-08 2.7799E-08 3.1098E-08 3.5368E-08 4.0841E-08 4.7741E-08 5.6753E-08 6.8693E-08 8.6531E-08 1.1826E-07 1.8643E-07 7.3324E-07 1.3392E-06 6.9048E-07 3.4384E-07 2.4630E-07 2.0551E-07 1.8691E-07 1.7305E-07 1.6002E-07 1.4455E-07 1.2893E-07 1.1360E-07 9.8998E-08 8.5447E-08 7.3132E-08 6.2139E-08 5.2512E-08 4.4143E-08 3.6942E-08 3.0815E-08 2.5666E-08 2.1379E-08 1.7792E-08 1.4947E-08 1.2640E-08 1.0781E-08 9.2107E-09 8.0562E-09 7.1319E-09
1.4699E-08 1.4829E-08 1.4978E-08 1.5147E-08 1.5339E-08 1.5583E-08 1.5836E-08 1.6121E-08 1.6441E-08 1.6832E-08 1.7245E-08 1.7754E-08 1.8477E-08 1.9303E-08 2.0231E-08 2.1384E-08 2.2838E-08 2.4704E-08 2.7122E-08 3.0266E-08 3.4342E-08 3.9575E-08 4.6181E-08 5.4811E-08 6.6255E-08 8.3115E-08 1.1263E-07 1.7370E-07 1.1832E-06 1.6936E-06 8.8081E-07 3.7951E-07 2.5090E-07 2.0170E-07 1.8211E-07 1.6764E-07 1.5402E-07 1.3870E-07 1.2346E-07 1.0853E-07 9.4407E-08 8.1356E-08 6.9544E-08 5.9037E-08 4.9830E-08 4.1875E-08 3.5063E-08 2.9280E-08 2.4432E-08 2.0397E-08 1.7023E-08 1.4352E-08 1.2186E-08 1.0440E-08 8.9606E-09 7.8710E-09 6.9943E-09
1.4731E-08 1.4851E-08 1.4987E-08 1.5144E-08 1.5321E-08 1.5547E-08 1.5782E-08 1.6046E-08 1.6343E-08 1.6707E-08 1.7089E-08 1.7562E-08 1.8234E-08 1.9003E-08 1.9866E-08 2.0937E-08 2.2291E-08 2.4025E-08 2.6274E-08 2.9200E-08 3.2993E-08 3.7863E-08 4.4012E-08 5.3858E-08 6.2652E-08 7.6830E-08 1.0007E-07 7.6115E-07 1.7078E-06 1.4859E-06 7.9925E-07 3.5756E-07 2.3548E-07 1.8914E-07 1.7117E-07 1.5799E-07 1.4499E-07 1.3039E-07 1.1577E-07 1.0167E-07 8.8337E-08 7.6068E-08 6.5000E-08 5.5179E-08 4.6593E-08 3.9183E-08 3.2857E-08 2.7498E-08 2.3008E-08 1.9164E-08 1.6149E-08 1.3678E-08 1.1674E-08 1.0055E-08 8.6749E-09 7.6544E-09 6.8286E-09
1.4744E-08 1.4853E-08 1.4977E-08 1.5120E-08 1.5282E-08 1.5488E-08 1.5704E-08 1.5946E-08 1.6219E-08 1.6524E-08 1.6903E-08 1.7296E-08 1.7915E-08 1.8555E-08 1.9448E-08 2.0428E-08 2.1664E-08 2.3242E-08 2.5289E-08 2.7946E-08 3.1387E-08 3.5798E-08 4.1613E-08 6.6630E-08 6.0192E-08 6.9226E-08 8.5898E-08 1.5193E-06 2.0030E-06 9.9770E-07 5.5381E-07 2.9819E-07 2.0454E-07 1.6896E-07 1.5582E-07 1.4449E-07 1.3296E-07 1.1995E-07 1.0644E-07 9.3355E-08 8.1111E-08 6.9863E-08 5.9731E-08 5.0757E-08 4.2919E-08 3.6162E-08 3.0400E-08 2.5540E-08 2.1455E-08 1.7952E-08 1.5205E-08 1.2952E-08 1.1122E-08 9.6360E-09 8.3609E-09 7.4120E-09 6.6440E-09
1.4738E-08 1.4836E-08 1.4947E-08 1.5075E-08 1.5222E-08 1.5408E-08 1.5603E-08 1.5823E-08 1.6071E-08 1.6348E-08 1.6692E-08 1.7048E-08 1.7608E-08 1.8185E-08 1.8990E-08 1.9869E-08 2.0977E-08 2.2387E-08 2.4206E-08 2.6563E-08 2.9604E-08 3.3750E-08 4.3571E-08 1.0799E-07 6.0814E-08 6.1550E-08 2.2991E-07 2.3844E-06 1.4811E-06 6.0757E-07 3.2544E-07 2.2923E-07 1.7014E-07 1.4707E-07 1.3774E-07 1.2893E-07 1.1895E-07 1.0757E-07 9.5806E-08 8.4097E-08 7.3106E-08 6.3046E-08 5.3995E-08 4.5980E-08 3.8979E-08 3.2943E-08 2.7793E-08 2.3449E-08 1.9817E-08 1.6692E-08 1.4226E-08 1.2199E-08 1.0548E-08 9.1933E-09 8.0201E-09 7.1526E-09 6.4491E-09
1.4716E-08 1.4802E-08 1.4900E-08 1.5013E-08 1.5143E-08 1.5291E-08 1.5483E-08 1.5680E-08 1.5902E-08 1.6150E-08 1.6458E-08 1.6777E-08 1.7237E-08 1.7790E-08 1.8502E-08 1.9279E-08 2.0252E-08 2.1486E-08 2.3068E-08 2.5109E-08 2.7730E-08 3.1066E-08 2.7350E-05 2.0875E-06 8.2340E-07 8.2584E-06 7.2337E-06 3.5378E-06 1.0069E-06 3.6763E-07 1.8593E-07 1.6881E-07 1.3973E-07 1.2653E-07 1.1981E-07 1.1286E-07 1.0418E-07 9.4379E-08 8.4249E-08 7.4244E-08 6.4699E-08 5.5935E-08 4.8053E-08 4.1054E-08 3.4940E-08 2.9659E-08 2.5145E-08 2.1332E-08 1.8137E-08 1.5403E-08 1.3243E-08 1.1442E-08 9.9568E-09 8.7365E-09 7.6840E-09 6.8804E-09 6.2501E-09
1.4678E-08 1.4752E-08 1.4837E-08 1.4934E-08 1.5047E-08 1.5177E-08 1.5346E-08 1.5519E-08 1.5715E-08 1.5934E-08 1.6179E-08 1.6488E-08 1.6893E-08 1.7342E-08 1.7995E-08 1.8670E-08 1.9509E-08 2.0569E-08 2.1914E-08 2.7144E-08 1.0232E-07 9.5756E-07 9.6665E-06 1.3401E-05 1.0740E-05 6.5620E-06 3.8420E-06 1.5775E-06 5.1341E-07 1.9225E-07 1.1128E-07 1.2132E-07 1.1450E-07 1.0770E-07 1.0263E-07 9.6809E-08 8.9472E-08 8.1267E-08 7.2758E-08 6.4327E-08 5.6262E-08 4.8814E-08 4.2119E-08 3.6182E-08 3.0952E-08 2.6428E-08 2.2551E-08 1.9262E-08 1.6499E-08 1.4129E-08 1.2257E-08 1.0692E-08 9.3715E-09 8.1971E-09 7.3330E-09 6.6304E-09 6.0605E-09
1.4611E-08 1.4687E-08 1.4758E-08 1.4840E-08 1.4937E-08 1.5047E-08 1.5173E-08 1.5343E-08 1.5513E-08 1.5704E-08 1.5917E-08 1.6186E-08 1.6459E-08 1.6924E-08 1.7384E-08 1.8056E-08 1.8767E-08 1.9657E-08 2.0779E-08 2.2206E-08 4.5496E-08 2.1747E-07 1.1208E-06 1.7901E-06 1.6744E-06 1.2382E-06 8.1969E-07 4.4038E-07 1.9483E-07 9.7449E-08 7.3432E-08 8.6340E-08 9.4034E-08 9.0418E-08 8.6273E-08 8.1531E-08 7.5513E-08 6.8824E-08 6.1858E-08 5.4924E-08 4.8265E-08 4.2050E-08 3.6420E-08 3.1481E-08 2.7143E-08 2.3352E-08 2.0081E-08 1.7300E-08 1.4851E-08 1.2924E-08 1.1297E-08 9.9291E-09 8.7983E-09 7.7641E-09 7.0081E-09 6.3695E-09 5.8880E-09
1.4545E-08 1.4607E-08 1.4666E-08 1.4733E-08 1.4813E-08 1.4905E-08 1.5011E-08 1.5155E-08 1.5299E-08 1.5462E-08 1.5644E-08 1.5847E-08 1.6108E-08 1.6467E-08 1.6855E-08 1.7448E-08 1.8039E-08 1.8773E-08 1.9689E-08 2.0842E-08 2.2293E-08 3.7165E-08 1.0422E-07 1.8227E-07 1.9846E-07 1.8991E-07 1.5498E-07 1.1616E-07 7.5569E-08 5.9019E-08 5.5168E-08 6.3417E-08 7.6188E-08 7.4457E-08 7.1377E-08 6.7590E-08 6.2807E-08 5.7485E-08 5.1913E-08 4.6338E-08 4.0956E-08 3.5909E-08 3.1286E-08 2.7136E-08 2.3589E-08 2.0494E-08 1.7804E-08 1.5483E-08 1.3441E-08 1.1801E-08 1.0402E-08 9.2101E-09 8.2167E-09 7.3550E-09 6.7144E-09 6.1621E-09 5.7234E-09
1.4466E-08 1.4502E-08 1.4561E-08 1.4614E-08 1.4677E-08 1.4752E-08 1.4838E-08 1.4937E-08 1.5076E-08 1.5212E-08 1.5364E-08 1.5534E-08 1.5752E-08 1.5970E-08 1.6374E-08 1.6756E-08 1.7337E-08 1.7929E-08 1.8663E-08 1.9574E-08 2.0712E-08 2.2131E-08 2.3894E-08 2.5990E-08 3.0230E-08 3.7302E-08 4.1532E-08 4.4197E-08 4.3154E-08 4.2977E-08 4.5311E-08 4.8566E-08 6.0376E-08 6.0353E-08 5.8334E-08 5.5365E-08 5.1660E-08 4.7515E-08 4.3149E-08 3.8755E-08 3.4489E-08 3.0464E-08 2.6756E-08 2.3410E-08 2.0440E-08 1.7911E-08 1.5732E-08 1.3753E-08 1.2164E-08 1.0756E-08 9.5615E-09 8.5412E-09 7.6285E-09 6.9805E-09 6.4233E-09 5.9690E-09 5.5887E-09
1.4375E-08 1.4401E-08 1.4445E-08 1.4485E-08 1.4532E-08 1.4589E-08 1.4656E-08 1.4734E-08 1.4847E-08 1.4956E-08 1.5079E-08 1.5218E-08 1.5371E-08 1.5575E-08 1.5870E-08 1.6180E-08 1.6669E-08 1.7137E-08 1.7712E-08 1.8417E-08 1.9288E-08 2.0376E-08 2.1709E-08 2.3274E-08 2.5141E-08 2.7262E-08 2.9479E-08 3.1655E-08 3.3766E-08 3.5712E-08 3.7394E-08 3.8621E-08 4.6770E-08 4.8388E-08 4.7298E-08 4.5015E-08 4.2195E-08 3.9022E-08 3.5660E-08 3.2256E-08 2.8928E-08 2.5769E-08 2.2841E-08 2.0180E-08 1.7804E-08 1.5712E-08 1.3901E-08 1.2293E-08 1.0976E-08 9.8258E-09 8.8137E-09 7.9728E-09 7.2098E-09 6.6475E-09 6.1750E-09 5.7907E-09 5.4683E-09
1.4274E-08 1.4289E-08 1.4306E-08 1.4346E-08 1.4378E-08 1.4419E-08 1.4468E-08 1.4526E-08 1.4594E-08 1.4697E-08 1.4793E-08 1.4902E-08 1.5024E-08 1.5158E-08 1.5342E-08 1.5626E-08 1.5916E-08 1.6400E-08 1.6840E-08 1.7373E-08 1.8023E-08 1.8837E-08 1.9814E-08 2.0970E-08 2.2337E-08 2.3935E-08 2.5444E-08 2.6981E-08 2.8461E-08 2.9823E-08 3.0986E-08 3.1749E-08 3.5992E-08 3.8609E-08 3.8235E-08 3.6505E-08 3.4385E-08 3.1988E-08 2.9434E-08 2.6831E-08 2.4269E-08 2.1821E-08 1.9535E-08 1.7444E-08 1.5562E-08 1.3865E-08 1.2293E-08 1.1028E-08 9.9533E-09 8.9977E-09 8.1862E-09 7.4058E-09 6.8486E-09 6.3705E-09 5.9750E-09 5.6453E-09 5.3432E-09
1.4164E-08 1.4169E-08 1.4175E-08 1.4200E-08 1.4218E-08 1.4243E-08 1.4275E-08 1.4314E-08 1.4361E-08 1.4417E-08 1.4508E-08 1.4590E-08 1.4681E-08 1.4783E-08 1.4894E-08 1.5142E-08 1.5363E-08 1.5619E-08 1.6047E-08 1.6440E-08 1.6916E-08 1.7503E-08 1.8201E-08 1.9051E-08 2.0019E-08 2.1136E-08 2.2178E-08 2.3229E-08 2.4232E-08 2.5148E-08 2.5906E-08 2.6374E-08 2.8025E-08 3.0861E-08 3.0929E-08 2.9683E-08 2.8100E-08 2.6304E-08 2.4374E-08 2.2403E-08 2.0449E-08 1.8570E-08 1.6802E-08 1.5172E-08 1.3676E-08 1.2222E-08 1.1059E-08 1.0024E-08 9.0940E-09 8.3185E-09 7.5608E-09 7.0237E-09 6.5410E-09 6.1385E-09 5.8149E-09 5.5100E-09 5.2464E-09
1.4045E-08 1.4040E-08 1.4036E-08 1.4034E-08 1.4052E-08 1.4062E-08 1.4078E-08 1.4100E-08 1.4128E-08 1.4162E-08 1.4227E-08 1.4282E-08 1.4346E-08 1.4417E-08 1.4497E-08 1.4583E-08 1.4811E-08 1.5003E-08 1.5226E-08 1.5610E-08 1.5948E-08 1.6354E-08 1.6840E-08 1.7443E-08 1.8126E-08 1.8872E-08 1.9566E-08 2.0258E-08 2.0909E-08 2.1492E-08 2.1935E-08 2.2182E-08 2.2575E-08 2.4856E-08 2.5062E-08 2.4270E-08 2.3088E-08 2.1741E-08 2.0317E-08 1.8831E-08 1.7363E-08 1.5931E-08 1.4576E-08 1.3310E-08 1.2024E-08 1.0988E-08 1.0041E-08 9.1834E-09 8.4279E-09 7.7742E-09 7.1492E-09 6.6900E-09 6.3092E-09 5.9742E-09 5.6650E-09 5.4311E-09 5.1928E-09
1.3918E-08 1.3905E-08 1.3891E-08 1.3879E-08 1.3868E-08 1.3878E-08 1.3879E-08 1.3885E-08 1.3895E-08 1.3910E-08 1.3931E-08 1.3981E-08 1.4019E-08 1.4064E-08 1.4115E-08 1.4170E-08 1.4261E-08 1.4432E-08 1.4589E-08 1.4771E-08 1.5099E-08 1.5367E-08 1.5694E-08 1.6102E-08 1.6592E-08 1.7045E-08 1.7470E-08 1.7896E-08 1.8276E-08 1.8583E-08 1.8776E-08 1.8857E-08 1.8789E-08 2.0222E-08 2.0576E-08 2.0106E-08 1.9214E-08 1.8211E-08 1.7152E-08 1.6045E-08 1.4930E-08 1.3841E-08 1.2793E-08 1.1706E-08 1.0818E-08 9.9687E-09 9.2072E-09 8.5127E-09 7.8811E-09 7.2611E-09 6.8315E-09 6.4543E-09 6.1249E-09 5.8124E-09 5.5751E-09 5.3335E-09 5.1418E-09
1.3696E-08 1.3764E-08 1.3741E-08 1.3719E-08 1.3697E-08 1.3693E-08 1.3680E-08 1.3670E-08 1.3664E-08 1.3662E-08 1.3664E-08 1.3670E-08 1.3704E-08 1.3724E-08 1.3748E-08 1.3776E-08 1.3806E-08 1.3837E-08 1.4007E-08 1.4127E-08 1.4222E-08 1.4516E-08 1.4728E-08 1.4987E-08 1.5312E-08 1.5557E-08 1.5808E-08 1.6046E-08 1.6235E-08 1.6364E-08 1.6434E-08 1.6393E-08 1.6244E-08 1.6834E-08 1.7157E-08 1.6915E-08 1.6247E-08 1.5518E-08 1.4727E-08 1.3873E-08 1.3022E-08 1.2196E-08 1.1289E-08 1.0540E-08 9.8272E-09 9.1559E-09 8.5211E-09 7.9523E-09 7.3561E-09 6.9453E-09 6.5785E-09 6.2571E-09 5.9487E-09 5.7124E-09 5.4701E-09 5.2744E-09 5.0744E-09
1.3570E-08 1.3618E-08 1.3587E-08 1.3556E-08 1.3524E-08 1.3493E-08 1.3480E-08 1.3457E-08 1.3436E-08 1.3418E-08 1.3403E-08 1.3391E-08 1.3381E-08 1.3398E-08 1.3399E-08 1.3403E-08 1.3407E-08 1.3411E-08 1.3414E-08 1.3544E-08 1.3611E-08 1.3665E-08 1.3802E-08 1.4056E-08 1.4236E-08 1.4354E-08 1.4473E-08 1.4581E-08 1.4649E-08 1.4676E-08 1.4640E-08 1.4505E-08 1.4313E-08 1.4440E-08 1.4574E-08 1.4477E-08 1.3966E-08 1.3401E-08 1.2778E-08 1.2135E-08 1.1433E-08 1.0818E-08 1.0205E-08 9.6108E-09 9.0347E-09 8.4890E-09 7.9836E-09 7.4286E-09 7.0454E-09 6.6829E-09 6.3215E-09 6.0713E-09 5.8080E-09 5.5996E-09 5.4034E-09 5.2018E-09 5.0360E-09
1.3437E-08 1.3387E-08 1.3429E-08 1.3390E-08 1.3349E-08 1.3309E-08 1.3269E-08 1.3247E-08 1.3213E-08 1.3180E-08 1.3150E-08 1.3121E-08 1.3094E-08 1.3068E-08 1.3067E-08 1.3049E-08 1.3031E-08 1.3013E-08 1.2992E-08 1.2960E-08 1.3034E-08 1.3039E-08 1.3114E-08 1.3205E-08 1.3256E-08 1.3386E-08 1.3416E-08 1.3418E-08 1.3404E-08 1.3338E-08 1.3216E-08 1.3063E-08 1.2857E-08 1.2666E-08 1.2693E-08 1.2668E-08 1.2249E-08 1.1802E-08 1.1302E-08 1.0831E-08 1.0346E-08 9.8399E-09 9.3455E-09 8.8692E-09 8.4032E-09 7.8736E-09 7.4687E-09 7.1174E-09 6.7167E-09 6.4276E-09 6.1824E-09 5.9276E-09 5.7194E-09 5.5240E-09 5.3245E-09 5.1576E-09 5.0009E-09
1.3289E-08 1.3245E-08 1.3185E-08 1.3222E-08 1.3174E-08 1.3125E-08 1.3075E-08 1.3026E-08 1.2994E-08 1.2949E-08 1.2905E-08 1.2861E-08 1.2819E-08 1.2777E-08 1.2735E-08 1.2715E-08 1.2678E-08 1.2638E-08 1.2597E-08 1.2538E-08 1.2474E-08 1.2470E-08 1.2518E-08 1.2572E-08 1.2542E-08 1.2545E-08 1.2504E-08 1.2454E-08 1.2373E-08 1.2302E-08 1.2136E-08 1.1952E-08 1.1718E-08 1.1461E-08 1.1364E-08 1.1314E-08 1.1001E-08 1.0641E-08 1.0275E-08 9.8826E-09 9.4857E-09 9.0902E-09 8.6839E-09 8.2984E-09 7.8473E-09 7.4850E-09 7.1084E-09 6.7715E-09 6.5235E-09 6.2541E-09 6.0359E-09 5.8331E-09 5.6400E-09 5.4399E-09 5.2728E-09 5.1174E-09 4.9690E-09
1.3148E-08 1.3099E-08 1.3036E-08 1.2968E-08 1.2998E-08 1.2941E-08 1.2883E-08 1.2825E-08 1.2766E-08 1.2724E-08 1.2668E-08 1.2612E-08 1.2556E-08 1.2500E-08 1.2443E-08 1.2386E-08 1.2328E-08 1.2290E-08 1.2228E-08 1.2144E-08 1.2067E-08 1.2007E-08 1.1941E-08 1.1938E-08 1.1925E-08 1.1890E-08 1.1814E-08 1.1724E-08 1.1646E-08 1.1507E-08 1.1330E-08 1.1126E-08 1.0904E-08 1.0665E-08 1.0445E-08 1.0376E-08 1.0093E-08 9.8005E-09 9.4870E-09 9.1604E-09 8.8290E-09 8.4966E-09 8.1249E-09 7.7575E-09 7.4586E-09 7.0912E-09 6.8462E-09 6.6038E-09 6.3451E-09 6.1348E-09 5.9349E-09 5.7275E-09 5.5519E-09 5.3856E-09 5.2280E-09 5.0790E-09 4.9268E-09
1.3003E-08 1.2941E-08 1.2883E-08 1.2812E-08 1.2737E-08 1.2759E-08 1.2694E-08 1.2628E-08 1.2560E-08 1.2492E-08 1.2440E-08 1.2373E-08 1.2305E-08 1.2237E-08 1.2168E-08 1.2098E-08 1.2026E-08 1.1952E-08 1.1883E-08 1.1780E-08 1.1693E-08 1.1619E-08 1.1541E-08 1.1464E-08 1.1360E-08 1.1289E-08 1.1233E-08 1.1114E-08 1.1008E-08 1.0841E-08 1.0650E-08 1.0474E-08 1.0254E-08 1.0032E-08 9.8204E-09 9.6509E-09 9.4085E-09 9.1507E-09 8.8778E-09 8.5999E-09 8.3066E-09 7.9574E-09 7.6176E-09 7.3747E-09 7.1360E-09 6.8767E-09 6.6548E-09 6.4335E-09 6.2272E-09 6.0326E-09 5.8275E-09 5.6561E-09 5.4934E-09 5.3367E-09 5.1878E-09 5.0331E-09 4.8110E-09
1.2855E-08 1.2790E-08 1.2719E-08 1.2655E-08 1.2576E-08 1.2493E-08 1.2508E-08 1.2434E-08 1.2360E-08 1.2284E-08 1.2206E-08 1.2143E-08 1.2066E-08 1.1988E-08 1.1908E-08 1.1827E-08 1.1744E-08 1.1659E-08 1.1553E-08 1.1438E-08 1.1354E-08 1.1264E-08 1.1181E-08 1.1081E-08 1.0965E-08 1.0843E-08 1.0712E-08 1.0572E-08 1.0398E-08 1.0299E-08 1.0093E-08 9.8795E-09 9.6643E-09 9.5103E-09 9.3089E-09 9.0950E-09 8.8746E-09 8.5596E-09 8.3337E-09 8.0609E-09 7.8360E-09 7.6142E-09 7.3733E-09 7.1502E-09 6.9359E-09 6.7245E-09 6.5167E-09 6.3145E-09 6.1022E-09 5.9249E-09 5.7551E-09 5.5926E-09 5.4390E-09 5.2930E-09 5.1388E-09 4.9154E-09 4.8031E-09
1.2705E-08 1.2638E-08 1.2565E-08 1.2486E-08 1.2415E-08 1.2330E-08 1.2240E-08 1.2245E-08 1.2165E-08 1.2082E-08 1.1998E-08 1.1912E-08 1.1824E-08 1.1750E-08 1.1662E-08 1.1571E-08 1.1479E-08 1.1383E-08 1.1261E-08 1.1143E-08 1.1040E-08 1.0935E-08 1.0849E-08 1.0734E-08 1.0611E-08 1.0482E-08 1.0348E-08 1.0205E-08 1.0027E-08 9.8370E-09 9.6228E-09 9.4159E-09 9.2232E-09 9.0315E-09 8.8355E-09 8.6352E-09 8.4310E-09 8.2249E-09 8.0172E-09 7.8086E-09 7.5997E-09 7.3937E-09 7.1898E-09 6.9835E-09 6.7846E-09 6.5868E-09 6.3712E-09 6.1919E-09 6.0164E-09 5.8502E-09 5.6907E-09 5.5375E-09 5.3775E-09 5.2394E-09 5.0214E-09 4.9064E-09 4.7966E-09
1.2552E-08 1.2483E-08 1.2408E-08 1.2329E-08 1.2244E-08 1.2166E-08 1.2075E-08 1.1979E-08 1.1975E-08 1.1887E-08 1.1797E-08 1.1705E-08 1.1611E-08 1.1515E-08 1.1430E-08 1.1331E-08 1.1231E-08 1.1122E-08 1.0991E-08 1.0870E-08 1.0762E-08 1.0646E-08 1.0538E-08 1.0416E-08 1.0288E-08 1.0161E-08 1.0020E-08 9.8757E-09 9.7015E-09 9.5063E-09 9.3017E-09 9.1159E-09 8.9371E-09 8.7536E-09 8.5698E-09 8.3801E-09 8.1875E-09 7.9923E-09 7.7982E-09 7.6055E-09 7.4110E-09 7.2181E-09 7.0267E-09 6.8182E-09 6.6326E-09 6.4545E-09 6.2733E-09 6.1015E-09 5.9366E-09 5.7803E-09 5.6334E-09 5.4746E-09 5.3375E-09 5.1207E-09 5.0062E-09 4.8953E-09 4.7877E-09
1.2397E-08 1.2327E-08 1.2251E-08 1.2170E-08 1.2085E-08 1.1994E-08 1.1900E-08 1.1814E-08 1.1713E-08 1.1609E-08 1.1604E-08 1.1507E-08 1.1408E-08 1.1307E-08 1.1203E-08 1.1097E-08 1.1001E-08 1.0878E-08 1.0741E-08 1.0620E-08 1.0505E-08 1.0388E-08 1.0269E-08 1.0141E-08 1.0009E-08 9.8745E-09 9.7321E-09 9.5798E-09 9.4064E-09 9.2105E-09 9.0207E-09 8.8529E-09 8.6814E-09 8.5104E-09 8.3324E-09 8.1531E-09 7.9756E-09 7.7916E-09 7.6081E-09 7.4269E-09 7.2350E-09 7.0557E-09 6.8740E-09 6.6988E-09 6.5245E-09 6.3524E-09 6.1832E-09 6.0223E-09 5.8693E-09 5.7067E-09 5.5678E-09 5.4319E-09 5.2218E-09 5.1067E-09 4.9949E-09 4.8863E-09 4.7807E-09
