Assets/Resources/2015_m01_d25_0500(utc+0800)_l00_csi_1hr_conc.grd
DSAA
         159         159
     -79.000      79.000
     -79.000      79.000
  0.0000E+00  0.2383E-05
[rows 0 to 24 of 159, columns 0 to 56 of 159]
0.0000E+00 0.0000E+00 0.0000E+00 7.5094E-13 2.4868E-12 6.1353E-12 1.2554E-11 2.2145E-11 2.9941E-11 3.9539E-11 5.0531E-11 6.3191E-11 7.7448E-11 9.4691E-11 1.1496E-10 1.4271E-10 1.7485E-10 2.1203E-10 2.5486E-10 3.0560E-10 3.6454E-10 4.3298E-10 5.1157E-10 6.0153E-10 7.0134E-10 8.1659E-10 9.4896E-10 1.0971E-09 1.2654E-09 1.4557E-09 1.6675E-09 1.9035E-09 2.1633E-09 2.4498E-09 2.7634E-09 3.1029E-09 3.4719E-09 3.8679E-09 4.2902E-09 4.7359E-09 5.2072E-09 5.6963E-09 6.2014E-09 6.7213E-09 7.2459E-09 7.7715E-09 8.2945E-09 8.8042E-09 9.2938E-09 9.7536E-09 1.0178E-08 1.0554E-08 1.0880E-08 1.1154E-08 1.1371E-08 1.1534E-08 1.1635E-08
0.0000E+00 0.0000E+00 0.0000E+00 7.4435E-13 2.4653E-12 6.0966E-12 1.2508E-11 2.2095E-11 2.9897E-11 3.9334E-11 5.0451E-11 6.3158E-11 7.7444E-11 9.5035E-11 1.1548E-10 1.4300E-10 1.7515E-10 2.1309E-10 2.5637E-10 3.0781E-10 3.6739E-10 4.3691E-10 5.1655E-10 6.0858E-10 7.1084E-10 8.2803E-10 9.6280E-10 1.1167E-09 1.2890E-09 1.4849E-09 1.7048E-09 1.9479E-09 2.2191E-09 2.5164E-09 2.8422E-09 3.1975E-09 3.5836E-09 3.9986E-09 4.4420E-09 4.9134E-09 5.4103E-09 5.9299E-09 6.4699E-09 7.0237E-09 7.5886E-09 8.1579E-09 8.7247E-09 9.2805E-09 9.8175E-09 1.0328E-08 1.0797E-08 1.1223E-08 1.1600E-08 1.1926E-08 1.2198E-08 1.2410E-08 1.2565E-08
0.0000E+00 0.0000E+00 0.0000E+00 7.3408E-13 2.4316E-12 6.0281E-12 1.2402E-11 2.2005E-11 2.9530E-11 3.9054E-11 4.9843E-11 6.2804E-11 7.7052E-11 9.4519E-11 1.1525E-10 1.4256E-10 1.7469E-10 2.1255E-10 2.5623E-10 3.0839E-10 3.6785E-10 4.3826E-10 5.1882E-10 6.1155E-10 7.1635E-10 8.3542E-10 9.7114E-10 1.1290E-09 1.3065E-09 1.5059E-09 1.7318E-09 1.9830E-09 2.2622E-09 2.5696E-09 2.9062E-09 3.2764E-09 3.6761E-09 4.1091E-09 4.5720E-09 5.0671E-09 5.5889E-09 6.1376E-09 6.7097E-09 7.2992E-09 7.9027E-09 8.5147E-09 9.1248E-09 9.7276E-09 1.0315E-08 1.0871E-08 1.1393E-08 1.1873E-08 1.2305E-08 1.2690E-08 1.3022E-08 1.3298E-08 1.3514E-08
0.0000E+00 0.0000E+00 0.0000E+00 7.2029E-13 2.3863E-12 5.9566E-12 1.2293E-11 2.1680E-11 2.8679E-11 3.8580E-11 4.8972E-11 6.1956E-11 7.6110E-11 9.2779E-11 1.1434E-10 1.4145E-10 1.7332E-10 2.1106E-10 2.5429E-10 3.0683E-10 3.6656E-10 4.3687E-10 5.1823E-10 6.1087E-10 7.1682E-10 8.3821E-10 9.7524E-10 1.1339E-09 1.3162E-09 1.5189E-09 1.7478E-09 2.0066E-09 2.2922E-09 2.6078E-09 2.9546E-09 3.3358E-09 3.7491E-09 4.1962E-09 4.6786E-09 5.1930E-09 5.7398E-09 6.3157E-09 6.9171E-09 7.5418E-09 8.1832E-09 8.8337E-09 9.4893E-09 1.0139E-08 1.0770E-08 1.1380E-08 1.1955E-08 1.2490E-08 1.2989E-08 1.3441E-08 1.3842E-08 1.4186E-08 1.4494E-08
0.0000E+00 0.0000E+00 0.0000E+00 7.2551E-13 2.3817E-12 5.8163E-12 1.1973E-11 2.1210E-11 2.8170E-11 3.7594E-11 4.8030E-11 6.0585E-11 7.4836E-11 9.1269E-11 1.1236E-10 1.3949E-10 1.7130E-10 2.0812E-10 2.5103E-10 3.0337E-10 3.6286E-10 4.3310E-10 5.1443E-10 6.0686E-10 7.1282E-10 8.3545E-10 9.7395E-10 1.1326E-09 1.3167E-09 1.5229E-09 1.7545E-09 2.0173E-09 2.3086E-09 2.6301E-09 2.9863E-09 3.3747E-09 3.7997E-09 4.2599E-09 4.7575E-09 5.2906E-09 5.8586E-09 6.4596E-09 7.0897E-09 7.7459E-09 8.4221E-09 9.1120E-09 9.8084E-09 1.0501E-08 1.1185E-08 1.1843E-08 1.2475E-08 1.3078E-08 1.3644E-08 1.4167E-08 1.4651E-08 1.5100E-08 1.5671E-08
0.0000E+00 0.0000E+00 0.0000E+00 6.8117E-13 2.2386E-12 5.5806E-12 1.1653E-11 2.0669E-11 2.7404E-11 3.6252E-11 4.6910E-11 5.8876E-11 7.3075E-11 8.9248E-11 1.0925E-10 1.3675E-10 1.6805E-10 2.0417E-10 2.4639E-10 2.9733E-10 3.5704E-10 4.2688E-10 5.0735E-10 5.9965E-10 7.0445E-10 8.2686E-10 9.6676E-10 1.1257E-09 1.3086E-09 1.5166E-09 1.7510E-09 2.0150E-09 2.3100E-09 2.6366E-09 2.9984E-09 3.3932E-09 3.8262E-09 4.2984E-09 4.8077E-09 5.3566E-09 5.9438E-09 6.5660E-09 7.2224E-09 7.9066E-09 8.6143E-09 9.3413E-09 1.0076E-08 1.0814E-08 1.1543E-08 1.2258E-08 1.2952E-08 1.3623E-08 1.4265E-08 1.4877E-08 1.5467E-08 1.6198E-08 1.6933E-08
0.0000E+00 0.0000E+00 0.0000E+00 6.3540E-13 2.0906E-12 5.3462E-12 1.1178E-11 1.9958E-11 2.6563E-11 3.5186E-11 4.4642E-11 5.7191E-11 7.0000E-11 8.6914E-11 1.0654E-10 1.3288E-10 1.6376E-10 1.9911E-10 2.4020E-10 2.9036E-10 3.4853E-10 4.1798E-10 4.9755E-10 5.8873E-10 6.9200E-10 8.1328E-10 9.5250E-10 1.1120E-09 1.2934E-09 1.5002E-09 1.7364E-09 2.0005E-09 2.2962E-09 2.6264E-09 2.9905E-09 3.3901E-09 3.8293E-09 4.3079E-09 4.8285E-09 5.3901E-09 5.9913E-09 6.6331E-09 7.3098E-09 8.0199E-09 8.7565E-09 9.5154E-09 1.0288E-08 1.1069E-08 1.1847E-08 1.2616E-08 1.3379E-08 1.4124E-08 1.4852E-08 1.5585E-08 1.6476E-08 1.7422E-08 1.9355E-08
0.0000E+00 0.0000E+00 0.0000E+00 5.8874E-13 1.9393E-12 5.0251E-12 1.0668E-11 1.9193E-11 2.5552E-11 3.3842E-11 4.2611E-11 5.5270E-11 6.7402E-11 8.4129E-11 1.0288E-10 1.2780E-10 1.5847E-10 1.9270E-10 2.3300E-10 2.8157E-10 3.3784E-10 4.0475E-10 4.8442E-10 5.7444E-10 6.7603E-10 7.9494E-10 9.3227E-10 1.0912E-09 1.2707E-09 1.4748E-09 1.7097E-09 1.9734E-09 2.2682E-09 2.5982E-09 2.9631E-09 3.3653E-09 3.8072E-09 4.2908E-09 4.8180E-09 5.3880E-09 6.0018E-09 6.6560E-09 7.3519E-09 8.0808E-09 8.8448E-09 9.6315E-09 1.0441E-08 1.1262E-08 1.2089E-08 1.2922E-08 1.3750E-08 1.4583E-08 1.5448E-08 1.6507E-08 1.7667E-08 1.9729E-08 2.1624E-08
0.0000E+00 0.0000E+00 0.0000E+00 5.4175E-13 1.7866E-12 4.6949E-12 1.0130E-11 1.8319E-11 2.4455E-11 3.1917E-11 4.0929E-11 5.2071E-11 6.4837E-11 7.9607E-11 9.8165E-11 1.2268E-10 1.5211E-10 1.8557E-10 2.2435E-10 2.7134E-10 3.2601E-10 3.9040E-10 4.6871E-10 5.5681E-10 6.5598E-10 7.7191E-10 9.0673E-10 1.0628E-09 1.2402E-09 1.4415E-09 1.6720E-09 1.9333E-09 2.2262E-09 2.5531E-09 2.9159E-09 3.3182E-09 3.7602E-09 4.2455E-09 4.7755E-09 5.3504E-09 5.9717E-09 6.6365E-09 7.3424E-09 8.0914E-09 8.8737E-09 9.6903E-09 1.0532E-08 1.1392E-08 1.2272E-08 1.3165E-08 1.4079E-08 1.5072E-08 1.6297E-08 1.7584E-08 1.9883E-08 2.2480E-08 2.4510E-08
0.0000E+00 0.0000E+00 0.0000E+00 4.9495E-13 1.6343E-12 4.3596E-12 9.5405E-12 1.7396E-11 2.3286E-11 3.0476E-11 3.8699E-11 4.9504E-11 6.1893E-11 7.5656E-11 9.3592E-11 1.1703E-10 1.4434E-10 1.7706E-10 2.1474E-10 2.5822E-10 3.1228E-10 3.7400E-10 4.4840E-10 5.3605E-10 6.3252E-10 7.4506E-10 8.7605E-10 1.0283E-09 1.2020E-09 1.3995E-09 1.6245E-09 1.8809E-09 2.1699E-09 2.4915E-09 2.8501E-09 3.2493E-09 3.6885E-09 4.1722E-09 4.7010E-09 5.2780E-09 5.9003E-09 6.5711E-09 7.2871E-09 8.0464E-09 8.8483E-09 9.6883E-09 1.0559E-08 1.1464E-08 1.2394E-08 1.3365E-08 1.4531E-08 1.5752E-08 1.7279E-08 2.0315E-08 2.2300E-08 2.4398E-08 2.6963E-08
0.0000E+00 0.0000E+00 0.0000E+00 2.9999E-13 1.4458E-12 4.0230E-12 8.9368E-12 1.6435E-11 2.2061E-11 2.9033E-11 3.6492E-11 4.6325E-11 5.7271E-11 7.0885E-11 8.7630E-11 1.1012E-10 1.3665E-10 1.6781E-10 2.0387E-10 2.4536E-10 2.9689E-10 3.5651E-10 4.2742E-10 5.1268E-10 6.0345E-10 7.1441E-10 8.4031E-10 9.8796E-10 1.1568E-09 1.3496E-09 1.5681E-09 1.8171E-09 2.0997E-09 2.4148E-09 2.7663E-09 3.1590E-09 3.5931E-09 4.0718E-09 4.5952E-09 5.1692E-09 5.7903E-09 6.4617E-09 7.1822E-09 7.9511E-09 8.7671E-09 9.6267E-09 1.0529E-08 1.1474E-08 1.2476E-08 1.3681E-08 1.4979E-08 1.7030E-08 1.9641E-08 2.1812E-08 2.4255E-08 2.7071E-08 2.9688E-08
0.0000E+00 0.0000E+00 0.0000E+00 0.0000E+00 4.9704E-13 3.6890E-12 8.3256E-12 1.5507E-11 2.0901E-11 2.7328E-11 3.3788E-11 4.2968E-11 5.3389E-11 6.6745E-11 8.1634E-11 1.0197E-10 1.2824E-10 1.5696E-10 1.9206E-10 2.3180E-10 2.7939E-10 3.3746E-10 4.0285E-10 4.8471E-10 5.7376E-10 6.8019E-10 8.0128E-10 9.4238E-10 1.1055E-09 1.2917E-09 1.5028E-09 1.7441E-09 2.0173E-09 2.3233E-09 2.6661E-09 3.0498E-09 3.4743E-09 3.9445E-09 4.4608E-09 5.0261E-09 5.6427E-09 6.3103E-09 7.0319E-09 7.8052E-09 8.6336E-09 9.5103E-09 1.0445E-08 1.1452E-08 1.2670E-08 1.4026E-08 1.6420E-08 1.8693E-08 2.1118E-08 2.3941E-08 2.6005E-08 2.8676E-08 3.3262E-08
0.0000E+00 0.0000E+00 0.0000E+00 0.0000E+00 0.0000E+00 2.4821E-12 7.7579E-12 1.4514E-11 1.9439E-11 2.5625E-11 3.1602E-11 3.9697E-11 4.9118E-11 6.0744E-11 7.5442E-11 9.4719E-11 1.1917E-10 1.4673E-10 1.7950E-10 2.1714E-10 2.6058E-10 3.1558E-10 3.7907E-10 4.5647E-10 5.4155E-10 6.4084E-10 7.5875E-10 8.9192E-10 1.0487E-09 1.2276E-09 1.4299E-09 1.6614E-09 1.9240E-09 2.2191E-09 2.5504E-09 2.9221E-09 3.3352E-09 3.7930E-09 4.2988E-09 4.8523E-09 5.4598E-09 6.1211E-09 6.8385E-09 7.6151E-09 8.4504E-09 9.3507E-09 1.0340E-08 1.1553E-08 1.2971E-08 1.5241E-08 1.7555E-08 2.0568E-08 2.2748E-08 2.4985E-08 2.8265E-08 3.1461E-08 3.4522E-08
0.0000E+00 0.0000E+00 0.0000E+00 0.0000E+00 0.0000E+00 1.0901E-12 6.7854E-12 1.3364E-11 1.8055E-11 2.3706E-11 2.9291E-11 3.6101E-11 4.4482E-11 5.5522E-11 6.9043E-11 8.6537E-11 1.0855E-10 1.3521E-10 1.6566E-10 2.0214E-10 2.4292E-10 2.9442E-10 3.5444E-10 4.2469E-10 5.0601E-10 6.0003E-10 7.1309E-10 8.3908E-10 9.8728E-10 1.1577E-09 1.3503E-09 1.5711E-09 1.8213E-09 2.1033E-09 2.4214E-09 2.7795E-09 3.1774E-09 3.6202E-09 4.1115E-09 4.6516E-09 5.2462E-09 5.8961E-09 6.6096E-09 7.3843E-09 8.2313E-09 9.1914E-09 1.0402E-08 1.1747E-08 1.3968E-08 1.6610E-08 1.9047E-08 2.1287E-08 2.4204E-08 2.6519E-08 2.9070E-08 3.3127E-08 3.6436E-08
0.0000E+00 0.0000E+00 0.0000E+00 0.0000E+00 0.0000E+00 8.5567E-13 4.1455E-12 1.2230E-11 1.6519E-11 2.1783E-11 2.6937E-11 3.2911E-11 4.0241E-11 4.9703E-11 6.2088E-11 7.8686E-11 9.8635E-11 1.2386E-10 1.5277E-10 1.8600E-10 2.2471E-10 2.7067E-10 3.2729E-10 3.9324E-10 4.7022E-10 5.5580E-10 6.6306E-10 7.8351E-10 9.2163E-10 1.0832E-09 1.2654E-09 1.4744E-09 1.7106E-09 1.9786E-09 2.2815E-09 2.6232E-09 3.0044E-09 3.4297E-09 3.9040E-09 4.4273E-09 5.0059E-09 5.6441E-09 6.3486E-09 7.1273E-09 8.0839E-09 9.1563E-09 1.0498E-08 1.2954E-08 1.5155E-08 1.7379E-08 1.9706E-08 2.2529E-08 2.4708E-08 2.7424E-08 3.1701E-08 3.3593E-08 3.6724E-08
0.0000E+00 0.0000E+00 0.0000E+00 0.0000E+00 0.0000E+00 7.5860E-13 3.4194E-12 9.1430E-12 1.5004E-11 1.9842E-11 2.4432E-11 3.0037E-11 3.5402E-11 4.4175E-11 5.5622E-11 7.0048E-11 8.8982E-11 1.1084E-10 1.3878E-10 1.7010E-10 2.0636E-10 2.4814E-10 3.0077E-10 3.6310E-10 4.3151E-10 5.1422E-10 6.1050E-10 7.2520E-10 8.5470E-10 1.0052E-09 1.1762E-09 1.3727E-09 1.5947E-09 1.8468E-09 2.1323E-09 2.4570E-09 2.8193E-09 3.2251E-09 3.6794E-09 4.1847E-09 4.7459E-09 5.3694E-09 6.0720E-09 6.9374E-09 7.9286E-09 9.3525E-09 1.1523E-08 1.3475E-08 1.5712E-08 1.8310E-08 2.0517E-08 2.2741E-08 2.5805E-08 2.8284E-08 3.0889E-08 3.4938E-08 3.7324E-08
0.0000E+00 0.0000E+00 0.0000E+00 0.0000E+00 0.0000E+00 6.6703E-13 3.0633E-12 7.4812E-12 1.1914E-11 1.7880E-11 2.2070E-11 2.7037E-11 3.1592E-11 3.8853E-11 4.7876E-11 6.2850E-11 7.9093E-11 9.9680E-11 1.2487E-10 1.5457E-10 1.8712E-10 2.2669E-10 2.7247E-10 3.3109E-10 3.9293E-10 4.7004E-10 5.5642E-10 6.6275E-10 7.8575E-10 9.2434E-10 1.0848E-09 1.2676E-09 1.4744E-09 1.7104E-09 1.9779E-09 2.2830E-09 2.6253E-09 3.0103E-09 3.4440E-09 3.9277E-09 4.4720E-09 5.0897E-09 5.8597E-09 6.7632E-09 8.3270E-09 9.9744E-09 1.1851E-08 1.4264E-08 1.6248E-08 1.8433E-08 2.1001E-08 2.3383E-08 2.5740E-08 2.9148E-08 3.2290E-08 3.3619E-08 3.6200E-08
0.0000E+00 0.0000E+00 0.0000E+00 0.0000E+00 0.0000E+00 3.6808E-13 2.1835E-12 5.7279E-12 9.1839E-12 1.4673E-11 1.9641E-11 2.4158E-11 2.8239E-11 3.2962E-11 4.1819E-11 5.5019E-11 6.9166E-11 8.8562E-11 1.0960E-10 1.3861E-10 1.6924E-10 2.0556E-10 2.4616E-10 2.9933E-10 3.5659E-10 4.2513E-10 5.0762E-10 6.0084E-10 7.1234E-10 8.4487E-10 9.9127E-10 1.1613E-09 1.3525E-09 1.5713E-09 1.8202E-09 2.1048E-09 2.4265E-09 2.7893E-09 3.2014E-09 3.6662E-09 4.2019E-09 4.8761E-09 5.7120E-09 7.0359E-09 8.5185E-09 1.0586E-08 1.2320E-08 1.4220E-08 1.6780E-08 1.8784E-08 2.0930E-08 2.3196E-08 2.5675E-08 2.8222E-08 3.0619E-08 3.3158E-08 3.5458E-08
0.0000E+00 0.0000E+00 0.0000E+00 0.0000E+00 0.0000E+00 0.0000E+00 1.4794E-12 4.1747E-12 7.0901E-12 1.0846E-11 1.6100E-11 2.1330E-11 2.4863E-11 2.8930E-11 3.5302E-11 4.5857E-11 6.0770E-11 7.6751E-11 9.6979E-11 1.2194E-10 1.5129E-10 1.8391E-10 2.2186E-10 2.6624E-10 3.2065E-10 3.7996E-10 4.5555E-10 5.3826E-10 6.4105E-10 7.6238E-10 8.9759E-10 1.0551E-09 1.2307E-09 1.4323E-09 1.6621E-09 1.9249E-09 2.2259E-09 2.5673E-09 2.9590E-09 3.4179E-09 4.0228E-09 4.7188E-09 5.8745E-09 7.2668E-09 8.9145E-09 1.0478E-08 1.2406E-08 1.4496E-08 1.6400E-08 1.8565E-08 2.0382E-08 2.2637E-08 2.5115E-08 2.7973E-08 2.9994E-08 3.0966E-08 3.2934E-08
0.0000E+00 0.0000E+00 0.0000E+00 0.0000E+00 0.0000E+00 0.0000E+00 4.0545E-13 2.0705E-12 4.6962E-12 8.3226E-12 1.1691E-11 1.7368E-11 2.1755E-11 2.5276E-11 2.9314E-11 3.9442E-11 5.0716E-11 6.6370E-11 8.4491E-11 1.0550E-10 1.3379E-10 1.6406E-10 1.9835E-10 2.3742E-10 2.8395E-10 3.3858E-10 4.0427E-10 4.8304E-10 5.7159E-10 6.7810E-10 8.0341E-10 9.4914E-10 1.1108E-09 1.2951E-09 1.5050E-09 1.7486E-09 2.0281E-09 2.3500E-09 2.7475E-09 3.2434E-09 3.8572E-09 4.9108E-09 6.1572E-09 7.3968E-09 8.8102E-09 1.0688E-08 1.2307E-08 1.4159E-08 1.6467E-08 1.7723E-08 1.9841E-08 2.2034E-08 2.4045E-08 2.5565E-08 2.7366E-08 2.9502E-08 3.1990E-08
0.0000E+00 0.0000E+00 0.0000E+00 0.0000E+00 0.0000E+00 0.0000E+00 0.0000E+00 8.7059E-13 2.3213E-12 5.0176E-12 8.5972E-12 1.2294E-11 1.7218E-11 2.1813E-11 2.5312E-11 3.1046E-11 4.3163E-11 5.6321E-11 7.1372E-11 9.1936E-11 1.1402E-10 1.4413E-10 1.7584E-10 2.1094E-10 2.4704E-10 2.9984E-10 3.5541E-10 4.2756E-10 5.0349E-10 6.0192E-10 7.1159E-10 8.4269E-10 9.9464E-10 1.1618E-09 1.3535E-09 1.5782E-09 1.8376E-09 2.1727E-09 2.5711E-09 3.1291E-09 4.0782E-09 4.9866E-09 6.0842E-09 7.5243E-09 8.8474E-09 1.0295E-08 1.2329E-08 1.3960E-08 1.5205E-08 1.7505E-08 1.8580E-08 2.0730E-08 2.2228E-08 2.3986E-08 2.5589E-08 2.7107E-08 2.9279E-08
0.0000E+00 0.0000E+00 0.0000E+00 0.0000E+00 0.0000E+00 0.0000E+00 0.0000E+00 0.0000E+00 6.6618E-13 2.5245E-12 5.0053E-12 8.7468E-12 1.1566E-11 1.6698E-11 2.1266E-11 2.6249E-11 3.4544E-11 4.5351E-11 6.1190E-11 7.6368E-11 9.8977E-11 1.2315E-10 1.5420E-10 1.8585E-10 2.1789E-10 2.5780E-10 3.1162E-10 3.7074E-10 4.4429E-10 5.2507E-10 6.2444E-10 7.3971E-10 8.7763E-10 1.0351E-09 1.2096E-09 1.4166E-09 1.6844E-09 2.0083E-09 2.5808E-09 3.2238E-09 3.9965E-09 5.0870E-09 6.0726E-09 7.2254E-09 8.5818E-09 1.0190E-08 1.1642E-08 1.3089E-08 1.4757E-08 1.5793E-08 1.7663E-08 1.8811E-08 2.0018E-08 2.1556E-08 2.3413E-08 2.5633E-08 2.8246E-08
0.0000E+00 0.0000E+00 0.0000E+00 0.0000E+00 0.0000E+00 0.0000E+00 0.0000E+00 0.0000E+00 0.0000E+00 4.6993E-13 2.0355E-12 4.8916E-12 7.7272E-12 1.0786E-11 1.5350E-11 2.1401E-11 2.6820E-11 3.8080E-11 4.8767E-11 6.4137E-11 8.2557E-11 1.0352E-10 1.3208E-10 1.6170E-10 1.9046E-10 2.2243E-10 2.6948E-10 3.2220E-10 3.8501E-10 4.5669E-10 5.4302E-10 6.4525E-10 7.6559E-10 9.0931E-10 1.0774E-09 1.2871E-09 1.5606E-09 1.9935E-09 2.5159E-09 3.2635E-09 4.0093E-09 4.8455E-09 5.9055E-09 7.1030E-09 8.2909E-09 9.5793E-09 1.0959E-08 1.2230E-08 1.3280E-08 1.4532E-08 1.5604E-08 1.6833E-08 1.8283E-08 2.0015E-08 2.1428E-08 2.3209E-08 2.5474E-08
0.0000E+00 0.0000E+00 0.0000E+00 0.0000E+00 0.0000E+00 0.0000E+00 0.0000E+00 0.0000E+00 0.0000E+00 0.0000E+00 1.8912E-13 1.4939E-12 3.9589E-12 6.6213E-12 9.3694E-12 1.4179E-11 2.0935E-11 2.7942E-11 3.8833E-11 5.2823E-11 6.6247E-11 8.7329E-11 1.0875E-10 1.3929E-10 1.6398E-10 1.9296E-10 2.2517E-10 2.7739E-10 3.2589E-10 3.9561E-10 4.6582E-10 5.5979E-10 6.6542E-10 7.9455E-10 9.7420E-10 1.1847E-09 1.5244E-09 1.9526E-09 2.5329E-09 3.1096E-09 3.8338E-09 4.7571E-09 5.6383E-09 6.6770E-09 7.6910E-09 8.8740E-09 9.9525E-09 1.1208E-08 1.1925E-08 1.2880E-08 1.3979E-08 1.4971E-08 1.6182E-08 1.7702E-08 1.9550E-08 2.1781E-08 2.4439E-08
0.0000E+00 0.0000E+00 0.0000E+00 0.0000E+00 0.0000E+00 0.0000E+00 0.0000E+00 0.0000E+00 0.0000E+00 0.0000E+00 0.0000E+00 0.0000E+00 8.8488E-13 2.9983E-12 5.3806E-12 7.9854E-12 1.2940E-11 2.0061E-11 2.9793E-11 3.9496E-11 5.4419E-11 6.9959E-11 9.0813E-11 1.1579E-10 1.3998E-10 1.6425E-10 1.9329E-10 2.3016E-10 2.8107E-10 3.3193E-10 4.0381E-10 4.7559E-10 5.7876E-10 7.0906E-10 8.7323E-10 1.1578E-09 1.5361E-09 1.9173E-09 2.3832E-09 3.0545E-09 3.6750E-09 4.4334E-09 5.4501E-09 6.0867E-09 7.0827E-09 7.9569E-09 9.0135E-09 9.6312E-09 1.0347E-08 1.1170E-08 1.2129E-08 1.3260E-08 1.4621E-08 1.6283E-08 1.7564E-08 1.9421E-08 2.1706E-08
