Assets/Resources/2015_m01_d10_0500(utc+0800)_l00_csi_1hr_conc.grd
DSAA
         159         159
     -79.000      79.000
     -79.000      79.000
  0.2309E-08  0.8426E-04
[rows 50 to 74 of 159, columns 0 to 56 of 159]
5.7309E-09 5.9250E-09 6.1289E-09 6.3369E-09 6.5522E-09 6.7780E-09 7.0084E-09 7.2532E-09 7.4997E-09 7.7579E-09 8.0245E-09 8.2979E-09 8.5835E-09 8.8750E-09 9.1806E-09 9.4958E-09 9.8314E-09 1.0178E-08 1.0518E-08 1.0884E-08 1.1246E-08 1.1619E-08 1.2002E-08 1.2396E-08 1.2821E-08 1.3260E-08 1.3694E-08 1.4162E-08 1.4623E-08 1.5121E-08 1.5612E-08 1.6145E-08 1.6695E-08 1.7243E-08 1.7816E-08 1.8407E-08 1.9019E-08 1.9652E-08 2.0307E-08 2.0984E-08 2.1687E-08 2.2424E-08 2.3189E-08 2.3983E-08 2.4806E-08 2.5662E-08 2.6552E-08 2.7475E-08 2.8494E-08 2.9571E-08 3.0688E-08 3.1833E-08 3.3049E-08 3.4313E-08 3.5649E-08 3.7013E-08 3.8383E-08
5.7727E-09 5.9680E-09 6.1731E-09 6.3823E-09 6.5988E-09 6.8258E-09 7.0575E-09 7.3034E-09 7.5511E-09 7.8105E-09 8.0783E-09 8.3528E-09 8.6395E-09 8.9322E-09 9.2388E-09 9.5505E-09 9.8913E-09 1.0234E-08 1.0580E-08 1.0946E-08 1.1309E-08 1.1682E-08 1.2066E-08 1.2460E-08 1.2886E-08 1.3325E-08 1.3758E-08 1.4226E-08 1.4686E-08 1.5160E-08 1.5674E-08 1.6206E-08 1.6754E-08 1.7301E-08 1.7872E-08 1.8461E-08 1.9071E-08 1.9701E-08 2.0353E-08 2.1027E-08 2.1727E-08 2.2461E-08 2.3221E-08 2.4011E-08 2.4830E-08 2.5682E-08 2.6568E-08 2.7486E-08 2.8499E-08 2.9568E-08 3.0675E-08 3.1813E-08 3.3023E-08 3.4280E-08 3.5609E-08 3.6968E-08 3.8323E-08
5.8121E-09 6.0085E-09 6.2117E-09 6.4219E-09 6.6425E-09 6.8705E-09 7.1033E-09 7.3470E-09 7.5989E-09 7.8593E-09 8.1280E-09 8.4035E-09 8.6910E-09 8.9846E-09 9.2919E-09 9.6044E-09 9.9456E-09 1.0289E-08 1.0635E-08 1.1001E-08 1.1365E-08 1.1738E-08 1.2122E-08 1.2516E-08 1.2941E-08 1.3380E-08 1.3813E-08 1.4279E-08 1.4739E-08 1.5212E-08 1.5725E-08 1.6254E-08 1.6800E-08 1.7344E-08 1.7912E-08 1.8499E-08 1.9105E-08 1.9732E-08 2.0380E-08 2.1050E-08 2.1745E-08 2.2474E-08 2.3229E-08 2.4014E-08 2.4827E-08 2.5673E-08 2.6552E-08 2.7464E-08 2.8442E-08 2.9500E-08 3.0619E-08 3.1747E-08 3.2949E-08 3.4196E-08 3.5514E-08 3.6861E-08 3.8200E-08
5.8492E-09 6.0465E-09 6.2506E-09 6.4617E-09 6.6832E-09 6.9090E-09 7.1458E-09 7.3902E-09 7.6398E-09 7.9041E-09 8.1703E-09 8.4498E-09 8.7379E-09 9.0321E-09 9.3399E-09 9.6528E-09 9.9941E-09 1.0324E-08 1.0684E-08 1.1050E-08 1.1413E-08 1.1787E-08 1.2170E-08 1.2564E-08 1.2989E-08 1.3406E-08 1.3858E-08 1.4323E-08 1.4782E-08 1.5252E-08 1.5763E-08 1.6289E-08 1.6833E-08 1.7374E-08 1.7938E-08 1.8521E-08 1.9123E-08 1.9746E-08 2.0388E-08 2.1053E-08 2.1742E-08 2.2465E-08 2.3213E-08 2.3990E-08 2.4796E-08 2.5634E-08 2.6505E-08 2.7408E-08 2.8376E-08 2.9421E-08 3.0523E-08 3.1638E-08 3.2827E-08 3.4060E-08 3.5366E-08 3.6698E-08 3.8016E-08
5.8838E-09 6.0819E-09 6.2837E-09 6.4987E-09 6.7209E-09 6.9474E-09 7.1849E-09 7.4300E-09 7.6802E-09 7.9450E-09 8.2118E-09 8.4916E-09 8.7758E-09 9.0747E-09 9.3783E-09 9.6959E-09 1.0032E-08 1.0367E-08 1.0726E-08 1.1092E-08 1.1455E-08 1.1828E-08 1.2211E-08 1.2604E-08 1.3027E-08 1.3444E-08 1.3893E-08 1.4356E-08 1.4813E-08 1.5282E-08 1.5789E-08 1.6313E-08 1.6828E-08 1.7389E-08 1.7948E-08 1.8527E-08 1.9125E-08 1.9741E-08 2.0378E-08 2.1037E-08 2.1719E-08 2.2433E-08 2.3173E-08 2.3942E-08 2.4738E-08 2.5567E-08 2.6428E-08 2.7321E-08 2.8250E-08 2.9306E-08 3.0364E-08 3.1487E-08 3.2660E-08 3.3877E-08 3.5166E-08 3.6479E-08 3.7773E-08
5.9159E-09 6.1117E-09 6.3172E-09 6.5328E-09 6.7524E-09 6.9826E-09 7.2206E-09 7.4629E-09 7.7168E-09 7.9819E-09 8.2490E-09 8.5291E-09 8.8135E-09 9.1125E-09 9.4161E-09 9.7335E-09 1.0056E-08 1.0404E-08 1.0762E-08 1.1127E-08 1.1490E-08 1.1862E-08 1.2244E-08 1.2636E-08 1.3038E-08 1.3472E-08 1.3920E-08 1.4380E-08 1.4835E-08 1.5301E-08 1.5804E-08 1.6324E-08 1.6835E-08 1.7390E-08 1.7944E-08 1.8518E-08 1.9109E-08 1.9720E-08 2.0350E-08 2.1002E-08 2.1675E-08 2.2381E-08 2.3111E-08 2.3869E-08 2.4655E-08 2.5471E-08 2.6321E-08 2.7202E-08 2.8118E-08 2.9131E-08 3.0141E-08 3.1294E-08 3.2450E-08 3.3647E-08 3.4917E-08 3.6209E-08 3.7476E-08
5.9455E-09 6.1419E-09 6.3479E-09 6.5640E-09 6.7841E-09 7.0146E-09 7.2528E-09 7.4955E-09 7.7496E-09 8.0116E-09 8.2789E-09 8.5622E-09 8.8466E-09 9.1409E-09 9.4488E-09 9.7613E-09 1.0088E-08 1.0435E-08 1.0792E-08 1.1156E-08 1.1517E-08 1.1888E-08 1.2269E-08 1.2659E-08 1.3060E-08 1.3492E-08 1.3936E-08 1.4394E-08 1.4846E-08 1.5309E-08 1.5808E-08 1.6299E-08 1.6830E-08 1.7379E-08 1.7926E-08 1.8494E-08 1.9079E-08 1.9682E-08 2.0305E-08 2.0948E-08 2.1612E-08 2.2308E-08 2.3026E-08 2.3773E-08 2.4546E-08 2.5350E-08 2.6186E-08 2.7053E-08 2.7955E-08 2.8922E-08 2.9937E-08 3.1063E-08 3.2199E-08 3.3374E-08 3.4621E-08 3.5890E-08 3.7126E-08
5.9668E-09 6.1695E-09 6.3759E-09 6.5922E-09 6.8126E-09 7.0403E-09 7.2785E-09 7.5214E-09 7.7786E-09 8.0406E-09 8.3078E-09 8.5865E-09 8.8750E-09 9.1690E-09 9.4763E-09 9.7883E-09 1.0114E-08 1.0459E-08 1.0815E-08 1.1164E-08 1.1538E-08 1.1907E-08 1.2286E-08 1.2675E-08 1.3073E-08 1.3502E-08 1.3944E-08 1.4378E-08 1.4846E-08 1.5306E-08 1.5800E-08 1.6287E-08 1.6812E-08 1.7354E-08 1.7894E-08 1.8455E-08 1.9033E-08 1.9628E-08 2.0243E-08 2.0876E-08 2.1531E-08 2.2215E-08 2.2921E-08 2.3654E-08 2.4414E-08 2.5204E-08 2.6024E-08 2.6875E-08 2.7761E-08 2.8682E-08 2.9699E-08 3.0748E-08 3.1908E-08 3.3058E-08 3.4280E-08 3.5522E-08 3.6726E-08
5.9914E-09 6.1944E-09 6.4010E-09 6.6174E-09 6.8349E-09 7.0658E-09 7.3040E-09 7.5468E-09 7.8038E-09 8.0623E-09 8.3325E-09 8.6108E-09 8.8955E-09 9.1922E-09 9.4987E-09 9.8099E-09 1.0130E-08 1.0478E-08 1.0828E-08 1.1180E-08 1.1552E-08 1.1919E-08 1.2297E-08 1.2683E-08 1.3079E-08 1.3505E-08 1.3942E-08 1.4374E-08 1.4837E-08 1.5293E-08 1.5759E-08 1.6264E-08 1.6783E-08 1.7317E-08 1.7848E-08 1.8401E-08 1.8971E-08 1.9559E-08 2.0164E-08 2.0787E-08 2.1431E-08 2.2104E-08 2.2796E-08 2.3515E-08 2.4259E-08 2.5033E-08 2.5837E-08 2.6671E-08 2.7538E-08 2.8441E-08 2.9404E-08 3.0424E-08 3.1579E-08 3.2703E-08 3.3898E-08 3.5111E-08 3.6282E-08
6.0135E-09 6.2166E-09 6.4233E-09 6.6368E-09 6.8573E-09 7.0880E-09 7.3229E-09 7.5687E-09 7.8220E-09 8.0802E-09 8.3531E-09 8.6307E-09 8.9148E-09 9.2106E-09 9.5117E-09 9.8262E-09 1.0145E-08 1.0487E-08 1.0826E-08 1.1190E-08 1.1559E-08 1.1925E-08 1.2299E-08 1.2683E-08 1.3076E-08 1.3498E-08 1.3913E-08 1.4360E-08 1.4819E-08 1.5270E-08 1.5731E-08 1.6229E-08 1.6742E-08 1.7245E-08 1.7791E-08 1.8334E-08 1.8896E-08 1.9474E-08 2.0069E-08 2.0682E-08 2.1314E-08 2.1975E-08 2.2653E-08 2.3356E-08 2.4084E-08 2.4840E-08 2.5626E-08 2.6441E-08 2.7289E-08 2.8171E-08 2.9054E-08 3.0098E-08 3.1194E-08 3.2311E-08 3.3476E-08 3.4658E-08 3.5797E-08
6.0331E-09 6.2361E-09 6.4398E-09 6.6531E-09 6.8765E-09 7.1038E-09 7.3416E-09 7.5869E-09 7.8397E-09 8.0974E-09 8.3695E-09 8.6431E-09 8.9295E-09 9.2242E-09 9.5242E-09 9.8329E-09 1.0155E-08 1.0481E-08 1.0832E-08 1.1193E-08 1.1559E-08 1.1923E-08 1.2295E-08 1.2676E-08 1.3066E-08 1.3465E-08 1.3895E-08 1.4337E-08 1.4791E-08 1.5237E-08 1.5693E-08 1.6184E-08 1.6665E-08 1.7186E-08 1.7722E-08 1.8254E-08 1.8807E-08 1.9375E-08 1.9960E-08 2.0561E-08 2.1181E-08 2.1829E-08 2.2492E-08 2.3178E-08 2.3889E-08 2.4627E-08 2.5393E-08 2.6188E-08 2.7015E-08 2.7875E-08 2.8733E-08 2.9741E-08 3.0753E-08 3.1884E-08 3.3019E-08 3.4168E-08 3.5278E-08
6.0501E-09 6.2499E-09 6.4565E-09 6.6697E-09 6.8927E-09 7.1196E-09 7.3538E-09 7.6016E-09 7.8506E-09 8.1107E-09 8.3785E-09 8.6512E-09 8.9397E-09 9.2288E-09 9.5273E-09 9.8389E-09 1.0155E-08 1.0483E-08 1.0832E-08 1.1190E-08 1.1554E-08 1.1914E-08 1.2283E-08 1.2661E-08 1.3048E-08 1.3443E-08 1.3869E-08 1.4305E-08 1.4753E-08 1.5194E-08 1.5645E-08 1.6105E-08 1.6604E-08 1.7116E-08 1.7641E-08 1.8163E-08 1.8705E-08 1.9263E-08 1.9836E-08 2.0426E-08 2.1033E-08 2.1667E-08 2.2315E-08 2.2984E-08 2.3677E-08 2.4394E-08 2.5140E-08 2.5913E-08 2.6717E-08 2.7554E-08 2.8387E-08 2.9284E-08 3.0339E-08 3.1378E-08 3.2529E-08 3.3647E-08 3.4727E-08
6.0645E-09 6.2613E-09 6.4705E-09 6.6833E-09 6.9058E-09 7.1291E-09 7.3658E-09 7.6096E-09 7.8578E-09 8.1201E-09 8.3835E-09 8.6584E-09 8.9410E-09 9.2331E-09 9.5301E-09 9.8398E-09 1.0154E-08 1.0480E-08 1.0826E-08 1.1176E-08 1.1528E-08 1.1899E-08 1.2265E-08 1.2640E-08 1.3023E-08 1.3414E-08 1.3834E-08 1.4266E-08 1.4689E-08 1.5143E-08 1.5588E-08 1.6042E-08 1.6532E-08 1.7035E-08 1.7551E-08 1.8060E-08 1.8588E-08 1.9136E-08 1.9700E-08 2.0277E-08 2.0870E-08 2.1490E-08 2.2123E-08 2.2774E-08 2.3448E-08 2.4145E-08 2.4868E-08 2.5619E-08 2.6399E-08 2.7211E-08 2.8018E-08 2.8886E-08 2.9899E-08 3.0877E-08 3.2010E-08 3.3095E-08 3.4143E-08
6.0736E-09 6.2729E-09 6.4816E-09 6.6939E-09 6.9128E-09 7.1386E-09 7.3744E-09 7.6142E-09 7.8646E-09 8.1256E-09 8.3847E-09 8.6614E-09 8.9425E-09 9.2296E-09 9.5281E-09 9.8313E-09 1.0147E-08 1.0467E-08 1.0809E-08 1.1148E-08 1.1510E-08 1.1877E-08 1.2240E-08 1.2611E-08 1.2990E-08 1.3377E-08 1.3792E-08 1.4199E-08 1.4635E-08 1.5083E-08 1.5521E-08 1.5969E-08 1.6450E-08 1.6944E-08 1.7427E-08 1.7948E-08 1.8461E-08 1.8995E-08 1.9550E-08 2.0114E-08 2.0694E-08 2.1300E-08 2.1916E-08 2.2549E-08 2.3203E-08 2.3880E-08 2.4581E-08 2.5307E-08 2.6062E-08 2.6847E-08 2.7628E-08 2.8466E-08 2.9365E-08 3.0380E-08 3.1393E-08 3.2517E-08 3.3537E-08
6.0830E-09 6.2819E-09 6.4900E-09 6.6987E-09 6.9169E-09 7.1449E-09 7.3766E-09 7.6185E-09 7.8678E-09 8.1210E-09 8.3852E-09 8.6602E-09 8.9364E-09 9.2250E-09 9.5214E-09 9.8225E-09 1.0132E-08 1.0449E-08 1.0779E-08 1.1128E-08 1.1486E-08 1.1849E-08 1.2208E-08 1.2576E-08 1.2950E-08 1.3333E-08 1.3724E-08 1.4144E-08 1.4574E-08 1.5014E-08 1.5446E-08 1.5887E-08 1.6336E-08 1.6821E-08 1.7318E-08 1.7827E-08 1.8325E-08 1.8848E-08 1.9385E-08 1.9937E-08 2.0506E-08 2.1091E-08 2.1691E-08 2.2312E-08 2.2946E-08 2.3600E-08 2.4278E-08 2.4980E-08 2.5709E-08 2.6467E-08 2.7219E-08 2.8027E-08 2.8893E-08 2.9812E-08 3.0838E-08 3.1837E-08 3.2906E-08
6.0900E-09 6.2883E-09 6.4897E-09 6.7037E-09 6.9210E-09 7.1480E-09 7.3787E-09 7.6164E-09 7.8641E-09 8.1161E-09 8.3818E-09 8.6517E-09 8.9262E-09 9.2159E-09 9.5058E-09 9.8045E-09 1.0116E-08 1.0430E-08 1.0757E-08 1.1102E-08 1.1452E-08 1.1802E-08 1.2171E-08 1.2534E-08 1.2904E-08 1.3282E-08 1.3668E-08 1.4082E-08 1.4505E-08 1.4919E-08 1.5363E-08 1.5796E-08 1.6238E-08 1.6713E-08 1.7199E-08 1.7673E-08 1.8185E-08 1.8686E-08 1.9205E-08 1.9748E-08 2.0306E-08 2.0870E-08 2.1455E-08 2.2049E-08 2.2676E-08 2.3309E-08 2.3963E-08 2.4640E-08 2.5342E-08 2.6072E-08 2.6795E-08 2.7572E-08 2.8404E-08 2.9260E-08 3.0266E-08 3.1229E-08 3.2259E-08
6.0944E-09 6.2891E-09 6.4928E-09 6.7058E-09 6.9222E-09 7.1451E-09 7.3746E-09 7.6140E-09 7.8572E-09 8.1107E-09 8.3746E-09 8.6395E-09 8.9152E-09 9.1982E-09 9.4901E-09 9.7864E-09 1.0095E-08 1.0406E-08 1.0726E-08 1.1067E-08 1.1404E-08 1.1763E-08 1.2127E-08 1.2485E-08 1.2851E-08 1.3225E-08 1.3605E-08 1.3993E-08 1.4410E-08 1.4836E-08 1.5272E-08 1.5698E-08 1.6131E-08 1.6596E-08 1.7049E-08 1.7536E-08 1.8035E-08 1.8520E-08 1.9020E-08 1.9554E-08 2.0090E-08 2.0639E-08 2.1203E-08 2.1778E-08 2.2388E-08 2.3006E-08 2.3637E-08 2.4289E-08 2.4964E-08 2.5664E-08 2.6358E-08 2.7103E-08 2.7901E-08 2.8722E-08 2.9607E-08 3.0603E-08 3.1527E-08
6.0935E-09 6.2904E-09 6.4932E-09 6.7051E-09 6.9175E-09 7.1391E-09 7.3704E-09 7.6053E-09 7.8500E-09 8.1018E-09 8.3605E-09 8.6235E-09 8.9001E-09 9.1808E-09 9.4669E-09 9.7637E-09 1.0065E-08 1.0373E-08 1.0689E-08 1.1017E-08 1.1364E-08 1.1718E-08 1.2077E-08 1.2431E-08 1.2792E-08 1.3161E-08 1.3536E-08 1.3917E-08 1.4327E-08 1.4746E-08 1.5154E-08 1.5592E-08 1.6017E-08 1.6449E-08 1.6915E-08 1.7391E-08 1.7877E-08 1.8350E-08 1.8837E-08 1.9340E-08 1.9860E-08 2.0401E-08 2.0951E-08 2.1500E-08 2.2080E-08 2.2694E-08 2.3301E-08 2.3927E-08 2.4574E-08 2.5246E-08 2.5911E-08 2.6623E-08 2.7386E-08 2.8172E-08 2.9020E-08 2.9892E-08 3.0863E-08
6.0931E-09 6.2891E-09 6.4909E-09 6.6958E-09 6.9130E-09 7.1333E-09 7.3631E-09 7.5965E-09 7.8364E-09 8.0861E-09 8.3398E-09 8.6069E-09 8.8778E-09 9.1529E-09 9.4428E-09 9.7323E-09 1.0030E-08 1.0340E-08 1.0652E-08 1.0977E-08 1.1318E-08 1.1650E-08 1.2009E-08 1.2371E-08 1.2728E-08 1.3090E-08 1.3460E-08 1.3836E-08 1.4238E-08 1.4630E-08 1.5050E-08 1.5479E-08 1.5896E-08 1.6319E-08 1.6774E-08 1.7214E-08 1.7689E-08 1.8173E-08 1.8642E-08 1.9124E-08 1.9622E-08 2.0156E-08 2.0685E-08 2.1220E-08 2.1779E-08 2.2354E-08 2.2957E-08 2.3557E-08 2.4177E-08 2.4819E-08 2.5455E-08 2.6135E-08 2.6863E-08 2.7613E-08 2.8424E-08 2.9258E-08 3.0111E-08
6.0904E-09 6.2853E-09 6.4832E-09 6.6899E-09 6.9056E-09 7.1246E-09 7.3467E-09 7.5815E-09 7.8227E-09 8.0673E-09 8.3220E-09 8.5867E-09 8.8487E-09 9.1276E-09 9.4102E-09 9.7011E-09 9.9959E-09 1.0302E-08 1.0611E-08 1.0927E-08 1.1250E-08 1.1595E-08 1.1949E-08 1.2306E-08 1.2657E-08 1.3015E-08 1.3378E-08 1.3748E-08 1.4124E-08 1.4528E-08 1.4939E-08 1.5359E-08 1.5768E-08 1.6182E-08 1.6603E-08 1.7056E-08 1.7518E-08 1.7989E-08 1.8445E-08 1.8908E-08 1.9396E-08 1.9895E-08 2.0405E-08 2.0933E-08 2.1461E-08 2.2010E-08 2.2577E-08 2.3181E-08 2.3774E-08 2.4387E-08 2.4994E-08 2.5642E-08 2.6335E-08 2.7049E-08 2.7822E-08 2.8619E-08 2.9445E-08
6.0852E-09 6.2762E-09 6.4759E-09 6.6812E-09 6.8955E-09 7.1100E-09 7.3336E-09 7.5665E-09 7.8026E-09 8.0452E-09 8.3007E-09 8.5564E-09 8.8225E-09 9.0985E-09 9.3748E-09 9.6626E-09 9.9573E-09 1.0255E-08 1.0561E-08 1.0873E-08 1.1196E-08 1.1536E-08 1.1884E-08 1.2222E-08 1.2581E-08 1.2933E-08 1.3291E-08 1.3655E-08 1.4024E-08 1.4420E-08 1.4803E-08 1.5214E-08 1.5633E-08 1.6039E-08 1.6450E-08 1.6891E-08 1.7317E-08 1.7775E-08 1.8242E-08 1.8692E-08 1.9154E-08 1.9629E-08 2.0119E-08 2.0642E-08 2.1149E-08 2.1658E-08 2.2197E-08 2.2769E-08 2.3366E-08 2.3951E-08 2.4529E-08 2.5134E-08 2.5804E-08 2.6483E-08 2.7217E-08 2.7977E-08 2.8772E-08
6.0751E-09 6.2677E-09 6.4660E-09 6.6700E-09 6.8769E-09 7.0957E-09 7.3175E-09 7.5454E-09 7.7795E-09 8.0231E-09 8.2697E-09 8.5263E-09 8.7926E-09 9.0623E-09 9.3358E-09 9.6190E-09 9.9102E-09 1.0205E-08 1.0510E-08 1.0818E-08 1.1133E-08 1.1453E-08 1.1796E-08 1.2147E-08 1.2500E-08 1.2846E-08 1.3198E-08 1.3556E-08 1.3919E-08 1.4287E-08 1.4682E-08 1.5084E-08 1.5493E-08 1.5890E-08 1.6292E-08 1.6698E-08 1.7136E-08 1.7581E-08 1.8033E-08 1.8470E-08 1.8912E-08 1.9365E-08 1.9844E-08 2.0325E-08 2.0826E-08 2.1322E-08 2.1818E-08 2.2352E-08 2.2914E-08 2.3513E-08 2.4064E-08 2.4626E-08 2.5259E-08 2.5917E-08 2.6614E-08 2.7336E-08 2.8101E-08
6.0654E-09 6.2567E-09 6.4508E-09 6.6534E-09 6.8616E-09 7.0786E-09 7.2956E-09 7.5215E-09 7.7566E-09 7.9946E-09 8.2421E-09 8.4959E-09 8.7560E-09 9.0197E-09 9.2963E-09 9.5761E-09 9.8605E-09 1.0155E-08 1.0452E-08 1.0755E-08 1.1065E-08 1.1386E-08 1.1723E-08 1.2067E-08 1.2400E-08 1.2755E-08 1.3101E-08 1.3452E-08 1.3808E-08 1.4169E-08 1.4555E-08 1.4928E-08 1.5328E-08 1.5735E-08 1.6128E-08 1.6524E-08 1.6949E-08 1.7358E-08 1.7797E-08 1.8243E-08 1.8672E-08 1.9104E-08 1.9553E-08 2.0015E-08 2.0486E-08 2.0990E-08 2.1466E-08 2.1940E-08 2.2469E-08 2.3020E-08 2.3599E-08 2.4132E-08 2.4705E-08 2.5321E-08 2.6015E-08 2.6702E-08 2.7439E-08
6.0535E-09 6.2434E-09 6.4362E-09 6.6372E-09 6.8437E-09 7.0530E-09 7.2740E-09 7.4979E-09 7.7306E-09 7.9633E-09 8.2082E-09 8.4591E-09 8.7133E-09 8.9801E-09 9.2533E-09 9.5232E-09 9.8103E-09 1.0096E-08 1.0389E-08 1.0693E-08 1.0998E-08 1.1314E-08 1.1645E-08 1.1965E-08 1.2311E-08 1.2658E-08 1.2998E-08 1.3343E-08 1.3692E-08 1.4047E-08 1.4405E-08 1.4789E-08 1.5179E-08 1.5575E-08 1.5959E-08 1.6346E-08 1.6736E-08 1.7155E-08 1.7581E-08 1.7989E-08 1.8427E-08 1.8846E-08 1.9267E-08 1.9704E-08 2.0161E-08 2.0635E-08 2.1105E-08 2.1567E-08 2.2023E-08 2.2538E-08 2.3075E-08 2.3642E-08 2.4158E-08 2.4736E-08 2.5428E-08 2.6085E-08 2.6808E-08
6.0394E-09 6.2253E-09 6.4192E-09 6.6185E-09 6.8205E-09 7.0308E-09 7.2497E-09 7.4685E-09 7.6958E-09 7.9322E-09 8.1712E-09 8.4194E-09 8.6737E-09 8.9339E-09 9.1973E-09 9.4733E-09 9.7521E-09 1.0035E-08 1.0327E-08 1.0626E-08 1.0923E-08 1.1229E-08 1.1546E-08 1.1878E-08 1.2217E-08 1.2544E-08 1.2891E-08 1.3230E-08 1.3572E-08 1.3919E-08 1.4270E-08 1.4645E-08 1.5006E-08 1.5393E-08 1.5785E-08 1.6162E-08 1.6543E-08 1.6926E-08 1.7339E-08 1.7756E-08 1.8180E-08 1.8584E-08 1.8991E-08 1.9400E-08 1.9838E-08 2.0276E-08 2.0730E-08 2.1193E-08 2.1629E-08 2.2067E-08 2.2567E-08 2.3091E-08 2.3649E-08 2.4158E-08 2.4824E-08 2.5576E-08 2.6365E-08
