Assets/Resources/2015_m01_d04_1100(utc+0800)_l00_csi_1hr_conc.grd
DSAA
         159         159
     -79.000      79.000
     -79.000      79.000
  0.8080E-10  0.1199E-05
[rows 125 to 149 of 159, columns 0 to 56 of 159]
2.5335E-10 2.6157E-10 2.7064E-10 2.7925E-10 2.8894E-10 2.9796E-10 3.0828E-10 3.1772E-10 3.2925E-10 3.3937E-10 3.5140E-10 3.6223E-10 3.7448E-10 3.8602E-10 3.9901E-10 4.1128E-10 4.2448E-10 4.3747E-10 4.5482E-10 4.7001E-10 4.8838E-10 5.0453E-10 5.2466E-10 5.4378E-10 5.6369E-10 5.8523E-10 6.0692E-10 6.3369E-10 6.5586E-10 6.8294E-10 7.0897E-10 7.3360E-10 7.5929E-10 7.8647E-10 8.1438E-10 8.3968E-10 8.6879E-10 8.9679E-10 9.2631E-10 9.5546E-10 9.8377E-10 1.0123E-09 1.0408E-09 1.0687E-09 1.0972E-09 1.1263E-09 1.1563E-09 1.1913E-09 1.2332E-09 1.2895E-09 1.3788E-09 1.5611E-09 1.8019E-09 1.9813E-09 2.0864E-09 2.1466E-09 2.2105E-09
2.5137E-10 2.5957E-10 2.6820E-10 2.7727E-10 2.8630E-10 2.9600E-10 3.0543E-10 3.1577E-10 3.2564E-10 3.3719E-10 3.4753E-10 3.5980E-10 3.7085E-10 3.8334E-10 3.9510E-10 4.0834E-10 4.2084E-10 4.3427E-10 4.4804E-10 4.6224E-10 4.7947E-10 4.9856E-10 5.1479E-10 5.3482E-10 5.5265E-10 5.7372E-10 5.9316E-10 6.1597E-10 6.3992E-10 6.6198E-10 6.9155E-10 7.1440E-10 7.4001E-10 7.6599E-10 7.9136E-10 8.1859E-10 8.4438E-10 8.7270E-10 9.0085E-10 9.2980E-10 9.5680E-10 9.8511E-10 1.0139E-09 1.0416E-09 1.0692E-09 1.0986E-09 1.1296E-09 1.1654E-09 1.2111E-09 1.2754E-09 1.3922E-09 1.5528E-09 1.7522E-09 1.9254E-09 1.9829E-09 2.0456E-09 2.1048E-09
2.4981E-10 2.5767E-10 2.6647E-10 2.7470E-10 2.8439E-10 2.9371E-10 3.0333E-10 3.1327E-10 3.2333E-10 3.3392E-10 3.4519E-10 3.5681E-10 3.6826E-10 3.8061E-10 3.9226E-10 4.0534E-10 4.1771E-10 4.3098E-10 4.4404E-10 4.5802E-10 4.7238E-10 4.8965E-10 5.0609E-10 5.2432E-10 5.4220E-10 5.6141E-10 5.8359E-10 6.0296E-10 6.2492E-10 6.4667E-10 6.7095E-10 6.9439E-10 7.1991E-10 7.4764E-10 7.7133E-10 7.9748E-10 8.2292E-10 8.4876E-10 8.7725E-10 9.0277E-10 9.3164E-10 9.6021E-10 9.8721E-10 1.0153E-09 1.0428E-09 1.0711E-09 1.1036E-09 1.1421E-09 1.1923E-09 1.2674E-09 1.4161E-09 1.6090E-09 1.7591E-09 1.8395E-09 1.8911E-09 1.9451E-09 2.0061E-09
2.4765E-10 2.5601E-10 2.6433E-10 2.7307E-10 2.8225E-10 2.9139E-10 3.0119E-10 3.1074E-10 3.2118E-10 3.3117E-10 3.4280E-10 3.5326E-10 3.6561E-10 3.7677E-10 3.8934E-10 4.0120E-10 4.1451E-10 4.2707E-10 4.4054E-10 4.5378E-10 4.6794E-10 4.8247E-10 4.9974E-10 5.1625E-10 5.3443E-10 5.5116E-10 5.7139E-10 5.8899E-10 6.1077E-10 6.3427E-10 6.5395E-10 6.7913E-10 7.0175E-10 7.2732E-10 7.5255E-10 7.7583E-10 8.0214E-10 8.2660E-10 8.5441E-10 8.7975E-10 9.0606E-10 9.3358E-10 9.6020E-10 9.8853E-10 1.0154E-09 1.0456E-09 1.0792E-09 1.1207E-09 1.1762E-09 1.2739E-09 1.4052E-09 1.5650E-09 1.7039E-09 1.7527E-09 1.8056E-09 1.8564E-09 1.9102E-09
2.4578E-10 2.5411E-10 2.6228E-10 2.7079E-10 2.7952E-10 2.8910E-10 2.9824E-10 3.0825E-10 3.1801E-10 3.2866E-10 3.3885E-10 3.5071E-10 3.6137E-10 3.7395E-10 3.8531E-10 3.9811E-10 4.1017E-10 4.2367E-10 4.3642E-10 4.5006E-10 4.6348E-10 4.7780E-10 4.9247E-10 5.0750E-10 5.2518E-10 5.4209E-10 5.6002E-10 5.8123E-10 5.9880E-10 6.2032E-10 6.3926E-10 6.6248E-10 6.8287E-10 7.0824E-10 7.3460E-10 7.5598E-10 7.8229E-10 8.0629E-10 8.3131E-10 8.5627E-10 8.8297E-10 9.0860E-10 9.3449E-10 9.6378E-10 9.9069E-10 1.0212E-09 1.0571E-09 1.1006E-09 1.1658E-09 1.2864E-09 1.4417E-09 1.5677E-09 1.6298E-09 1.6757E-09 1.7216E-09 1.7731E-09 1.8265E-09
2.4376E-10 2.5154E-10 2.6027E-10 2.6842E-10 2.7752E-10 2.8604E-10 2.9603E-10 3.0516E-10 3.1558E-10 3.2533E-10 3.3619E-10 3.4658E-10 3.5866E-10 3.6952E-10 3.8232E-10 3.9389E-10 4.0687E-10 4.1911E-10 4.3279E-10 4.4571E-10 4.5953E-10 4.7309E-10 4.8758E-10 5.0236E-10 5.1753E-10 5.3516E-10 5.5149E-10 5.6995E-10 5.8763E-10 6.0733E-10 6.2581E-10 6.4687E-10 6.7018E-10 6.9108E-10 7.1598E-10 7.3661E-10 7.6290E-10 7.8593E-10 8.1011E-10 8.3557E-10 8.5961E-10 8.8600E-10 9.1083E-10 9.3843E-10 9.6571E-10 9.9732E-10 1.0357E-09 1.0832E-09 1.1673E-09 1.2727E-09 1.4026E-09 1.5133E-09 1.5561E-09 1.6024E-09 1.6461E-09 1.6932E-09 1.7484E-09
2.4190E-10 2.5000E-10 2.5776E-10 2.6669E-10 2.7482E-10 2.8413E-10 2.9262E-10 3.0303E-10 3.1213E-10 3.2297E-10 3.3319E-10 3.4398E-10 3.5537E-10 3.6665E-10 3.7874E-10 3.9070E-10 4.0297E-10 4.1561E-10 4.2855E-10 4.4187E-10 4.5493E-10 4.6890E-10 4.8261E-10 4.9723E-10 5.1273E-10 5.2742E-10 5.4300E-10 5.6036E-10 5.7762E-10 5.9633E-10 6.1588E-10 6.3421E-10 6.5558E-10 6.7528E-10 6.9809E-10 7.1863E-10 7.4289E-10 7.6657E-10 7.9030E-10 8.1610E-10 8.3746E-10 8.6465E-10 8.8797E-10 9.1438E-10 9.4224E-10 9.7541E-10 1.0145E-09 1.0694E-09 1.1681E-09 1.2939E-09 1.4001E-09 1.4478E-09 1.4881E-09 1.5274E-09 1.5735E-09 1.6203E-09 1.6745E-09
2.3983E-10 2.4763E-10 2.5571E-10 2.6452E-10 2.7277E-10 2.8196E-10 2.9058E-10 3.0064E-10 3.0986E-10 3.2035E-10 3.3019E-10 3.4112E-10 3.5160E-10 3.6319E-10 3.7465E-10 3.8692E-10 3.9906E-10 4.1150E-10 4.2430E-10 4.3740E-10 4.5086E-10 4.6408E-10 4.7818E-10 4.9260E-10 5.0676E-10 5.2235E-10 5.3716E-10 5.5280E-10 5.6822E-10 5.8640E-10 6.0534E-10 6.2235E-10 6.4353E-10 6.6166E-10 6.8316E-10 7.0268E-10 7.2548E-10 7.4888E-10 7.7082E-10 7.9588E-10 8.1816E-10 8.4319E-10 8.6577E-10 8.9298E-10 9.2136E-10 9.5459E-10 9.9838E-10 1.0660E-09 1.1541E-09 1.2556E-09 1.3455E-09 1.3828E-09 1.4218E-09 1.4609E-09 1.4996E-09 1.5451E-09 1.5995E-09
2.3811E-10 2.4564E-10 2.5382E-10 2.6168E-10 2.7068E-10 2.7891E-10 2.8828E-10 2.9708E-10 3.0734E-10 3.1674E-10 3.2742E-10 3.3745E-10 3.4857E-10 3.5924E-10 3.7102E-10 3.8263E-10 3.9509E-10 4.0738E-10 4.1998E-10 4.3292E-10 4.4617E-10 4.5977E-10 4.7368E-10 4.8734E-10 5.0186E-10 5.1614E-10 5.3181E-10 5.4671E-10 5.6242E-10 5.7790E-10 5.9598E-10 6.1211E-10 6.3178E-10 6.4945E-10 6.6902E-10 6.8797E-10 7.0771E-10 7.3082E-10 7.5106E-10 7.7445E-10 7.9532E-10 8.1807E-10 8.4206E-10 8.6893E-10 8.9637E-10 9.3219E-10 9.8024E-10 1.0586E-09 1.1584E-09 1.2455E-09 1.2855E-09 1.3179E-09 1.3509E-09 1.3876E-09 1.4255E-09 1.4502E-09 1.4888E-09
2.3581E-10 2.4343E-10 2.5151E-10 2.5948E-10 2.6791E-10 2.7669E-10 2.8549E-10 2.9486E-10 3.0383E-10 3.1428E-10 3.2365E-10 3.3474E-10 3.4473E-10 3.5626E-10 3.6688E-10 3.7883E-10 3.9060E-10 4.0321E-10 4.1565E-10 4.2839E-10 4.4147E-10 4.5485E-10 4.6856E-10 4.8258E-10 4.9635E-10 5.1098E-10 5.2534E-10 5.4109E-10 5.5605E-10 5.7181E-10 5.8738E-10 6.0376E-10 6.1992E-10 6.3691E-10 6.5368E-10 6.7128E-10 6.9267E-10 7.1392E-10 7.3313E-10 7.5336E-10 7.7268E-10 7.9565E-10 8.1741E-10 8.4130E-10 8.6920E-10 9.0233E-10 9.5449E-10 1.0093E-09 1.0600E-09 1.0831E-09 1.1060E-09 1.1286E-09 1.1226E-09 1.1453E-09 1.1687E-09 1.1783E-09 1.1851E-09
2.3367E-10 2.4158E-10 2.4938E-10 2.5744E-10 2.6558E-10 2.7379E-10 2.8296E-10 2.9172E-10 3.0127E-10 3.1062E-10 3.2105E-10 3.3080E-10 3.4187E-10 3.5203E-10 3.6372E-10 3.7500E-10 3.8661E-10 3.9903E-10 4.1129E-10 4.2384E-10 4.3673E-10 4.4991E-10 4.6342E-10 4.7723E-10 4.9135E-10 5.0521E-10 5.1992E-10 5.3437E-10 5.4968E-10 5.6519E-10 5.8101E-10 5.9664E-10 6.1306E-10 6.2928E-10 6.4631E-10 6.6311E-10 6.8074E-10 6.9813E-10 7.1635E-10 7.3431E-10 7.5368E-10 7.7223E-10 7.9162E-10 8.1131E-10 8.3070E-10 8.5096E-10 8.7091E-10 8.9174E-10 9.1223E-10 9.3362E-10 9.5529E-10 9.7660E-10 9.9817E-10 1.0200E-09 1.0421E-09 1.0645E-09 1.0871E-09
2.3171E-10 2.3895E-10 2.4703E-10 2.5480E-10 2.6323E-10 2.7134E-10 2.8012E-10 2.8905E-10 2.9820E-10 3.0771E-10 3.1723E-10 3.2784E-10 3.3825E-10 3.4899E-10 3.5981E-10 3.7116E-10 3.8259E-10 3.9436E-10 4.0690E-10 4.1929E-10 4.3195E-10 4.4496E-10 4.5878E-10 4.7186E-10 4.8576E-10 4.9995E-10 5.1391E-10 5.2868E-10 5.4320E-10 5.5856E-10 5.7413E-10 5.8952E-10 6.0568E-10 6.2213E-10 6.3840E-10 6.5544E-10 6.7228E-10 6.8990E-10 7.0731E-10 7.2551E-10 7.4348E-10 7.6226E-10 7.8131E-10 8.0064E-10 8.1972E-10 8.3961E-10 8.5922E-10 8.7966E-10 8.9981E-10 9.2081E-10 9.4208E-10 9.6303E-10 9.8485E-10 1.0063E-09 1.0281E-09 1.0501E-09 1.0724E-09
2.2953E-10 2.3725E-10 2.4485E-10 2.5253E-10 2.6085E-10 2.6886E-10 2.7753E-10 2.8608E-10 2.9558E-10 3.0497E-10 3.1438E-10 3.2435E-10 3.3463E-10 3.4520E-10 3.5610E-10 3.6706E-10 3.7857E-10 3.9013E-10 4.0203E-10 4.1469E-10 4.2720E-10 4.4050E-10 4.5308E-10 4.6699E-10 4.8016E-10 4.9414E-10 5.0839E-10 5.2241E-10 5.3724E-10 5.5183E-10 5.6725E-10 5.8285E-10 5.9830E-10 6.1448E-10 6.3049E-10 6.4725E-10 6.6382E-10 6.8115E-10 6.9877E-10 7.1617E-10 7.3435E-10 7.5231E-10 7.7104E-10 7.9002E-10 8.0878E-10 8.2831E-10 8.4760E-10 8.6766E-10 8.8800E-10 9.0807E-10 9.2894E-10 9.4954E-10 9.7095E-10 9.9206E-10 1.0140E-09 1.0357E-09 1.0576E-09
2.2697E-10 2.3478E-10 2.4228E-10 2.5023E-10 2.5807E-10 2.6656E-10 2.7473E-10 2.8356E-10 2.9254E-10 3.0174E-10 3.1129E-10 3.2086E-10 3.3099E-10 3.4142E-10 3.5235E-10 3.6317E-10 3.7449E-10 3.8590E-10 3.9761E-10 4.0961E-10 4.2290E-10 4.3500E-10 4.4839E-10 4.6106E-10 4.7505E-10 4.8831E-10 5.0233E-10 5.1613E-10 5.3073E-10 5.4561E-10 5.6026E-10 5.7571E-10 5.9092E-10 6.0683E-10 6.2303E-10 6.3907E-10 6.5583E-10 6.7241E-10 6.8972E-10 7.0685E-10 7.2471E-10 7.4237E-10 7.6077E-10 7.7945E-10 7.9790E-10 8.1707E-10 8.3603E-10 8.5572E-10 8.7520E-10 8.9541E-10 9.1589E-10 9.3613E-10 9.5714E-10 9.7789E-10 9.9943E-10 1.0213E-09 1.0429E-09
2.2514E-10 2.3210E-10 2.4006E-10 2.4754E-10 2.5565E-10 2.6345E-10 2.7210E-10 2.8042E-10 2.8942E-10 2.9896E-10 3.0812E-10 3.1783E-10 3.2755E-10 3.3783E-10 3.4839E-10 3.5926E-10 3.7020E-10 3.8165E-10 3.9318E-10 4.0500E-10 4.1711E-10 4.3048E-10 4.4268E-10 4.5614E-10 4.6890E-10 4.8294E-10 4.9626E-10 5.1034E-10 5.2421E-10 5.3885E-10 5.5377E-10 5.6847E-10 5.8395E-10 5.9920E-10 6.1512E-10 6.3090E-10 6.4737E-10 6.6369E-10 6.8070E-10 6.9798E-10 7.1509E-10 7.3290E-10 7.5053E-10 7.6887E-10 7.8701E-10 8.0588E-10 8.2453E-10 8.4342E-10 8.6256E-10 8.8195E-10 9.0158E-10 9.2146E-10 9.4159E-10 9.6196E-10 9.8402E-10 1.0049E-09 1.0267E-09
2.2256E-10 2.3017E-10 2.3746E-10 2.4521E-10 2.5303E-10 2.6130E-10 2.6925E-10 2.7806E-10 2.8674E-10 2.9549E-10 3.0519E-10 3.1430E-10 3.2435E-10 3.3401E-10 3.4443E-10 3.5512E-10 3.6611E-10 3.7717E-10 3.8874E-10 4.0037E-10 4.1230E-10 4.2450E-10 4.3794E-10 4.5023E-10 4.6374E-10 4.7657E-10 4.9065E-10 5.0404E-10 5.1816E-10 5.3208E-10 5.4676E-10 5.6122E-10 5.7645E-10 5.9195E-10 6.0722E-10 6.2275E-10 6.3893E-10 6.5538E-10 6.7169E-10 6.8867E-10 7.0549E-10 7.2299E-10 7.4032E-10 7.5832E-10 7.7659E-10 7.9468E-10 8.1345E-10 8.3203E-10 8.5085E-10 8.6992E-10 8.8922E-10 9.0876E-10 9.2855E-10 9.4859E-10 9.6887E-10 9.8941E-10 1.0102E-09
2.2034E-10 2.2784E-10 2.3504E-10 2.4287E-10 2.5058E-10 2.5855E-10 2.6659E-10 2.7528E-10 2.8365E-10 2.9268E-10 3.0138E-10 3.1122E-10 3.2046E-10 3.3066E-10 3.4045E-10 3.5100E-10 3.6179E-10 3.7291E-10 3.8406E-10 3.9574E-10 4.0746E-10 4.1949E-10 4.3176E-10 4.4484E-10 4.5763E-10 4.7118E-10 4.8407E-10 4.9819E-10 5.1163E-10 5.2578E-10 5.3975E-10 5.5445E-10 5.6895E-10 5.8418E-10 5.9920E-10 6.1497E-10 6.3051E-10 6.4667E-10 6.6271E-10 6.7938E-10 6.9592E-10 7.1310E-10 7.3052E-10 7.4781E-10 7.6574E-10 7.8351E-10 8.0194E-10 8.2019E-10 8.3911E-10 8.5785E-10 8.7683E-10 8.9604E-10 9.1550E-10 9.3519E-10 9.5513E-10 9.7533E-10 9.9584E-10
2.1811E-10 2.2514E-10 2.3279E-10 2.4014E-10 2.4793E-10 2.5579E-10 2.6391E-10 2.7209E-10 2.8073E-10 2.8924E-10 2.9842E-10 3.0726E-10 3.1723E-10 3.2661E-10 3.3693E-10 3.4685E-10 3.5750E-10 3.6840E-10 3.7962E-10 3.9086E-10 4.0264E-10 4.1444E-10 4.2655E-10 4.3889E-10 4.5203E-10 4.6486E-10 4.7802E-10 4.9139E-10 5.0553E-10 5.1902E-10 5.3320E-10 5.4720E-10 5.6191E-10 5.7643E-10 5.9166E-10 6.0669E-10 6.2244E-10 6.3798E-10 6.5375E-10 6.7011E-10 6.8673E-10 7.0323E-10 7.2034E-10 7.3733E-10 7.5492E-10 7.7238E-10 7.9046E-10 8.0879E-10 8.2696E-10 8.4577E-10 8.6442E-10 8.8330E-10 9.0242E-10 9.2178E-10 9.4138E-10 9.6125E-10 9.8148E-10
2.1551E-10 2.2280E-10 2.2979E-10 2.3759E-10 2.4508E-10 2.5302E-10 2.6102E-10 2.6928E-10 2.7760E-10 2.8639E-10 2.9504E-10 3.0416E-10 3.1333E-10 3.2322E-10 3.3272E-10 3.4315E-10 3.5319E-10 3.6394E-10 3.7494E-10 3.8625E-10 3.9757E-10 4.0943E-10 4.2129E-10 4.3347E-10 4.4637E-10 4.5858E-10 4.7192E-10 4.8512E-10 4.9852E-10 5.1226E-10 5.2620E-10 5.3997E-10 5.5442E-10 5.6913E-10 5.8366E-10 5.9888E-10 6.1390E-10 6.2962E-10 6.4513E-10 6.6088E-10 6.7719E-10 6.9341E-10 7.1019E-10 7.2688E-10 7.4414E-10 7.6129E-10 7.7903E-10 7.9701E-10 8.1485E-10 8.3331E-10 8.5162E-10 8.7055E-10 8.8934E-10 9.0836E-10 9.2763E-10 9.4718E-10 9.6715E-10
2.1344E-10 2.2045E-10 2.2753E-10 2.3521E-10 2.4260E-10 2.5042E-10 2.5812E-10 2.6645E-10 2.7447E-10 2.8312E-10 2.9185E-10 3.0083E-10 3.0988E-10 3.1918E-10 3.2917E-10 3.3899E-10 3.4931E-10 3.5945E-10 3.7052E-10 3.8138E-10 3.9277E-10 4.0416E-10 4.1609E-10 4.2801E-10 4.4025E-10 4.5318E-10 4.6545E-10 4.7880E-10 4.9203E-10 5.0546E-10 5.1921E-10 5.3315E-10 5.4695E-10 5.6139E-10 5.7567E-10 5.9061E-10 6.0580E-10 6.2081E-10 6.3649E-10 6.5197E-10 6.6768E-10 6.8361E-10 7.0008E-10 7.1647E-10 7.3341E-10 7.5025E-10 7.6765E-10 7.8528E-10 8.0280E-10 8.2090E-10 8.3888E-10 8.5744E-10 8.7589E-10 8.9493E-10 9.1388E-10 9.3314E-10 9.5290E-10
2.1083E-10 2.1774E-10 2.2506E-10 2.3228E-10 2.3973E-10 2.4745E-10 2.5521E-10 2.6324E-10 2.7151E-10 2.7985E-10 2.8845E-10 2.9729E-10 3.0660E-10 3.1556E-10 3.2518E-10 3.3527E-10 3.4500E-10 3.5562E-10 3.6564E-10 3.7678E-10 3.8772E-10 3.9918E-10 4.1085E-10 4.2261E-10 4.3458E-10 4.4686E-10 4.5981E-10 4.7213E-10 4.8512E-10 4.9829E-10 5.1180E-10 5.2594E-10 5.3988E-10 5.5368E-10 5.6811E-10 5.8238E-10 5.9729E-10 6.1203E-10 6.2741E-10 6.4262E-10 6.5847E-10 6.7413E-10 6.9001E-10 7.0611E-10 7.2271E-10 7.3925E-10 7.5631E-10 7.7329E-10 7.9080E-10 8.0854E-10 8.2620E-10 8.4440E-10 8.6250E-10 8.8118E-10 9.0014E-10 9.1915E-10 9.3874E-10
2.0840E-10 2.1538E-10 2.2242E-10 2.2989E-10 2.3705E-10 2.4483E-10 2.5230E-10 2.6039E-10 2.6816E-10 2.7696E-10 2.8503E-10 2.9415E-10 3.0271E-10 3.1214E-10 3.2140E-10 3.3093E-10 3.4110E-10 3.5093E-10 3.6162E-10 3.7174E-10 3.8295E-10 3.9356E-10 4.0545E-10 4.1717E-10 4.2898E-10 4.4099E-10 4.5329E-10 4.6580E-10 4.7861E-10 4.9163E-10 5.0481E-10 5.1831E-10 5.3199E-10 5.4599E-10 5.6015E-10 5.7417E-10 5.8880E-10 6.0367E-10 6.1837E-10 6.3370E-10 6.4885E-10 6.6463E-10 6.8023E-10 6.9604E-10 7.1206E-10 7.2830E-10 7.4475E-10 7.6142E-10 7.7830E-10 7.9540E-10 8.1271E-10 8.3025E-10 8.4801E-10 8.6599E-10 8.8421E-10 9.0271E-10 9.2162E-10
2.0614E-10 2.1284E-10 2.1995E-10 2.2694E-10 2.3437E-10 2.4166E-10 2.4938E-10 2.5716E-10 2.6539E-10 2.7328E-10 2.8200E-10 2.9020E-10 2.9942E-10 3.0829E-10 3.1762E-10 3.2719E-10 3.3661E-10 3.4646E-10 3.5677E-10 3.6753E-10 3.7773E-10 3.8899E-10 3.9966E-10 4.1159E-10 4.2296E-10 4.3518E-10 4.4682E-10 4.5955E-10 4.7208E-10 4.8490E-10 4.9792E-10 5.1076E-10 5.2459E-10 5.3825E-10 5.5222E-10 5.6635E-10 5.8035E-10 5.9493E-10 6.0937E-10 6.2440E-10 6.3927E-10 6.5474E-10 6.7044E-10 6.8596E-10 7.0170E-10 7.1764E-10 7.3379E-10 7.5015E-10 7.6672E-10 7.8350E-10 8.0050E-10 8.1772E-10 8.3515E-10 8.5280E-10 8.7071E-10 8.8893E-10 9.0764E-10
2.0353E-10 2.1030E-10 2.1712E-10 2.2455E-10 2.3130E-10 2.3922E-10 2.4627E-10 2.5450E-10 2.6184E-10 2.7037E-10 2.7858E-10 2.8722E-10 2.9572E-10 3.0466E-10 3.1402E-10 3.2305E-10 3.3270E-10 3.4221E-10 3.5214E-10 3.6252E-10 3.7333E-10 3.8359E-10 3.9490E-10 4.0563E-10 4.1757E-10 4.2897E-10 4.4121E-10 4.5289E-10 4.6561E-10 4.7776E-10 4.9098E-10 5.0399E-10 5.1683E-10 5.3062E-10 5.4392E-10 5.5819E-10 5.7193E-10 5.8623E-10 6.0040E-10 6.1514E-10 6.3009E-10 6.4490E-10 6.6028E-10 6.7551E-10 6.9132E-10 7.0697E-10 7.2282E-10 7.3888E-10 7.5514E-10 7.7161E-10 7.8829E-10 8.0518E-10 8.2229E-10 8.3963E-10 8.5722E-10 8.7520E-10 8.9376E-10
2.0097E-10 2.0793E-10 2.1466E-10 2.2160E-10 2.2880E-10 2.3604E-10 2.4353E-10 2.5126E-10 2.5905E-10 2.6707E-10 2.7515E-10 2.8346E-10 2.9221E-10 3.0081E-10 3.0984E-10 3.1928E-10 3.2841E-10 3.3813E-10 3.4772E-10 3.5772E-10 3.6815E-10 3.7862E-10 3.8932E-10 4.0026E-10 4.1143E-10 4.2303E-10 4.3482E-10 4.4706E-10 4.5876E-10 4.7147E-10 4.8363E-10 4.9682E-10 5.0943E-10 5.2265E-10 5.3570E-10 5.4967E-10 5.6355E-10 5.7757E-10 5.9180E-10 6.0592E-10 6.2058E-10 6.3510E-10 6.5018E-10 6.6512E-10 6.8061E-10 6.9631E-10 7.1186E-10 7.2761E-10 7.4356E-10 7.5972E-10 7.7609E-10 7.9266E-10 8.0945E-10 8.2647E-10 8.4378E-10 8.6153E-10 8.8000E-10
