Assets/Resources/2015_m01_d02_2100(utc+0800)_l00_csi_1hr_conc.grd
DSAA
         159         159
     -79.000      79.000
     -79.000      79.000
  0.0000E+00  0.1011E-04
[rows 75 to 99 of 159, columns 0 to 56 of 159]
4.6397E-11 5.5840E-11 6.6850E-11 8.1390E-11 9.5923E-11 1.1441E-10 1.3312E-10 1.5622E-10 1.7987E-10 2.0823E-10 2.3599E-10 2.7288E-10 3.1016E-10 3.5100E-10 3.9781E-10 4.4750E-10 5.0563E-10 5.6314E-10 6.2772E-10 6.9994E-10 7.7614E-10 8.5603E-10 9.4837E-10 1.0414E-09 1.1409E-09 1.2542E-09 1.3684E-09 1.4898E-09 1.6250E-09 1.7642E-09 1.9097E-09 2.0708E-09 2.2346E-09 2.4085E-09 2.5987E-09 2.7918E-09 2.9947E-09 3.2150E-09 3.4425E-09 3.6798E-09 3.9364E-09 4.2004E-09 4.4777E-09 4.7770E-09 5.0876E-09 5.4131E-09 5.7637E-09 6.1271E-09 6.5096E-09 6.9203E-09 7.3440E-09 7.7910E-09 8.2819E-09 8.7857E-09 9.3151E-09 9.8890E-09 1.0482E-08
4.3068E-11 5.0072E-11 6.0175E-11 7.5562E-11 8.9023E-11 1.0618E-10 1.2351E-10 1.4323E-10 1.6523E-10 1.9165E-10 2.1900E-10 2.4752E-10 2.8573E-10 3.2374E-10 3.6721E-10 4.1350E-10 4.6776E-10 5.2118E-10 5.8140E-10 6.4872E-10 7.1988E-10 7.9432E-10 8.8075E-10 9.6762E-10 1.0625E-09 1.1672E-09 1.2742E-09 1.3879E-09 1.5164E-09 1.6456E-09 1.7823E-09 1.9342E-09 2.0901E-09 2.2527E-09 2.4327E-09 2.6154E-09 2.8093E-09 3.0188E-09 3.2337E-09 3.4598E-09 3.7051E-09 3.9577E-09 4.2252E-09 4.5132E-09 4.8111E-09 5.1256E-09 5.4653E-09 5.8180E-09 6.1901E-09 6.5898E-09 7.0041E-09 7.4478E-09 7.9304E-09 8.4279E-09 8.9525E-09 9.5260E-09 1.0119E-08
3.9849E-11 4.6330E-11 5.5705E-11 6.6394E-11 8.0642E-11 9.6563E-11 1.1262E-10 1.3254E-10 1.5113E-10 1.7373E-10 2.0106E-10 2.2732E-10 2.6224E-10 2.9752E-10 3.3774E-10 3.8075E-10 4.2750E-10 4.8072E-10 5.3671E-10 5.9925E-10 6.6549E-10 7.3462E-10 8.1109E-10 8.9607E-10 9.8464E-10 1.0820E-09 1.1821E-09 1.2901E-09 1.4089E-09 1.5298E-09 1.6593E-09 1.8019E-09 1.9468E-09 2.0996E-09 2.2693E-09 2.4430E-09 2.6245E-09 2.8229E-09 3.0264E-09 3.2408E-09 3.4742E-09 3.7163E-09 3.9700E-09 4.2457E-09 4.5312E-09 4.8330E-09 5.1603E-09 5.5004E-09 5.8594E-09 6.2463E-09 6.6535E-09 7.0840E-09 7.5561E-09 8.0436E-09 8.5598E-09 9.1268E-09 9.7158E-09
3.5011E-11 4.2729E-11 5.1402E-11 5.9461E-11 7.2610E-11 8.5536E-11 1.0218E-10 1.1874E-10 1.3942E-10 1.5852E-10 1.8385E-10 2.0972E-10 2.4034E-10 2.7239E-10 3.0806E-10 3.4932E-10 3.9264E-10 4.4183E-10 4.9376E-10 5.4765E-10 6.1313E-10 6.7710E-10 7.4814E-10 8.2703E-10 9.0941E-10 9.9961E-10 1.0927E-09 1.1933E-09 1.3040E-09 1.4167E-09 1.5381E-09 1.6715E-09 1.8069E-09 1.9499E-09 2.1108E-09 2.2724E-09 2.4430E-09 2.6298E-09 2.8216E-09 3.0256E-09 3.2466E-09 3.4745E-09 3.7152E-09 3.9778E-09 4.2497E-09 4.5377E-09 4.8509E-09 5.1766E-09 5.5220E-09 5.8959E-09 6.2884E-09 6.7043E-09 7.1626E-09 7.6363E-09 8.1401E-09 8.6978E-09 9.2881E-09
2.9812E-11 3.9282E-11 4.5528E-11 5.4692E-11 6.4961E-11 7.6838E-11 9.2204E-11 1.0747E-10 1.2658E-10 1.4578E-10 1.6739E-10 1.9127E-10 2.1747E-10 2.4899E-10 2.8134E-10 3.1927E-10 3.5931E-10 4.0688E-10 4.5265E-10 5.0449E-10 5.6294E-10 6.2194E-10 6.8773E-10 7.6069E-10 8.3707E-10 9.2004E-10 1.0080E-09 1.0995E-09 1.2021E-09 1.3090E-09 1.4204E-09 1.5445E-09 1.6707E-09 1.8060E-09 1.9548E-09 2.1059E-09 2.2655E-09 2.4408E-09 2.6223E-09 2.8125E-09 3.0207E-09 3.2354E-09 3.4627E-09 3.7111E-09 3.9686E-09 4.2418E-09 4.5412E-09 4.8506E-09 5.1786E-09 5.5380E-09 5.9136E-09 6.3125E-09 6.7538E-09 7.2110E-09 7.7003E-09 8.2489E-09 8.8240E-09
2.6137E-11 3.3027E-11 4.1722E-11 5.0143E-11 5.7826E-11 6.8582E-11 8.0806E-11 9.6743E-11 1.1435E-10 1.3202E-10 1.5153E-10 1.7370E-10 1.9782E-10 2.2669E-10 2.5649E-10 2.9301E-10 3.2755E-10 3.7148E-10 4.1343E-10 4.6125E-10 5.1502E-10 5.7150E-10 6.2999E-10 6.9723E-10 7.6777E-10 8.4371E-10 9.2032E-10 1.0094E-09 1.1042E-09 1.2033E-09 1.3068E-09 1.4214E-09 1.5406E-09 1.6649E-09 1.8033E-09 1.9439E-09 2.0925E-09 2.2582E-09 2.4263E-09 2.6040E-09 2.7991E-09 3.0004E-09 3.2137E-09 3.4474E-09 3.6899E-09 3.9489E-09 4.2301E-09 4.5227E-09 4.8347E-09 5.1759E-09 5.5327E-09 5.9123E-09 6.3339E-09 6.7732E-09 7.2450E-09 7.7744E-09 8.3290E-09
1.8915E-11 2.7661E-11 3.8017E-11 4.4031E-11 5.2845E-11 6.2703E-11 7.1951E-11 8.6569E-11 1.0088E-10 1.1898E-10 1.3688E-10 1.5703E-10 1.7918E-10 2.0733E-10 2.3289E-10 2.6651E-10 2.9803E-10 3.3418E-10 3.7617E-10 4.2016E-10 4.6943E-10 5.2143E-10 5.7502E-10 6.3483E-10 7.0148E-10 7.7094E-10 8.4180E-10 9.2309E-10 1.0100E-09 1.1024E-09 1.1975E-09 1.3032E-09 1.4136E-09 1.5285E-09 1.6566E-09 1.7871E-09 1.9274E-09 2.0795E-09 2.2356E-09 2.4010E-09 2.5828E-09 2.7704E-09 2.9695E-09 3.1901E-09 3.4170E-09 3.6582E-09 3.9222E-09 4.1975E-09 4.4913E-09 4.8127E-09 5.1492E-09 5.5077E-09 5.9080E-09 6.3253E-09 6.7748E-09 7.2793E-09 7.8090E-09
1.3823E-11 2.1846E-11 3.0539E-11 3.9988E-11 4.8046E-11 5.5340E-11 6.5571E-11 7.8906E-11 9.1931E-11 1.0664E-10 1.2304E-10 1.4314E-10 1.6156E-10 1.8374E-10 2.1235E-10 2.3788E-10 2.7185E-10 3.0323E-10 3.4328E-10 3.8127E-10 4.2469E-10 4.7398E-10 5.2290E-10 5.7758E-10 6.3854E-10 7.0348E-10 7.6716E-10 8.4111E-10 9.2261E-10 1.0003E-09 1.0929E-09 1.1919E-09 1.2919E-09 1.3980E-09 1.5159E-09 1.6363E-09 1.7663E-09 1.9012E-09 2.0516E-09 2.2047E-09 2.3666E-09 2.5471E-09 2.7339E-09 2.9372E-09 3.1483E-09 3.3730E-09 3.6194E-09 3.8765E-09 4.1508E-09 4.4514E-09 4.7662E-09 5.1013E-09 5.4775E-09 5.8703E-09 6.2930E-09 6.7693E-09 7.2704E-09
1.1972E-11 1.4352E-11 2.6428E-11 3.5095E-11 4.1850E-11 5.0147E-11 5.9472E-11 6.8139E-11 8.1817E-11 9.4971E-11 1.1000E-10 1.2647E-10 1.4681E-10 1.6524E-10 1.9142E-10 2.1451E-10 2.4561E-10 2.7404E-10 3.0678E-10 3.4521E-10 3.8433E-10 4.2920E-10 4.7586E-10 5.2346E-10 5.7900E-10 6.3826E-10 6.9651E-10 7.5988E-10 8.3704E-10 9.0883E-10 9.9289E-10 1.0841E-09 1.1756E-09 1.2737E-09 1.3807E-09 1.4942E-09 1.6115E-09 1.7365E-09 1.8751E-09 2.0158E-09 2.1671E-09 2.3337E-09 2.5042E-09 2.6855E-09 2.8876E-09 3.0956E-09 3.3167E-09 3.5621E-09 3.8163E-09 4.0947E-09 4.3849E-09 4.6964E-09 5.0466E-09 5.4118E-09 5.8059E-09 6.2510E-09 6.7190E-09
5.9715E-12 1.2578E-11 2.0157E-11 2.7300E-11 3.6505E-11 4.5252E-11 5.2065E-11 6.1595E-11 7.2256E-11 8.4308E-11 9.7672E-11 1.1277E-10 1.3134E-10 1.4787E-10 1.7178E-10 1.9438E-10 2.1723E-10 2.4842E-10 2.7647E-10 3.1307E-10 3.4699E-10 3.8349E-10 4.2942E-10 4.7253E-10 5.2111E-10 5.7635E-10 6.2992E-10 6.8982E-10 7.5687E-10 8.2248E-10 9.0019E-10 9.8047E-10 1.0614E-09 1.1546E-09 1.2552E-09 1.3563E-09 1.4646E-09 1.5784E-09 1.7063E-09 1.8374E-09 1.9742E-09 2.1270E-09 2.2835E-09 2.4504E-09 2.6364E-09 2.8276E-09 3.0306E-09 3.2564E-09 3.4888E-09 3.7354E-09 4.0101E-09 4.2966E-09 4.6188E-09 4.9556E-09 5.3189E-09 5.7299E-09 6.1630E-09
5.0870E-12 9.1428E-12 1.2659E-11 2.0481E-11 3.0620E-11 3.8291E-11 4.6125E-11 5.4852E-11 6.3085E-11 7.4194E-11 8.6274E-11 9.9921E-11 1.1491E-10 1.3349E-10 1.4992E-10 1.7396E-10 1.9448E-10 2.2287E-10 2.4812E-10 2.8144E-10 3.1201E-10 3.4650E-10 3.8650E-10 4.2544E-10 4.6901E-10 5.1856E-10 5.6975E-10 6.2195E-10 6.8089E-10 7.4332E-10 8.0825E-10 8.8291E-10 9.5741E-10 1.0442E-09 1.1331E-09 1.2214E-09 1.3247E-09 1.4290E-09 1.5473E-09 1.6657E-09 1.7906E-09 1.9300E-09 2.0732E-09 2.2258E-09 2.3959E-09 2.5699E-09 2.7552E-09 2.9590E-09 3.1713E-09 3.3962E-09 3.6463E-09 3.9070E-09 4.1870E-09 4.5081E-09 4.8374E-09 5.1972E-09 5.6086E-09
0.0000E+00 5.1501E-12 1.0873E-11 1.3121E-11 2.0850E-11 3.1278E-11 4.0596E-11 4.7348E-11 5.6232E-11 6.6091E-11 7.5533E-11 8.9829E-11 1.0154E-10 1.1842E-10 1.3490E-10 1.5494E-10 1.7513E-10 1.9525E-10 2.2351E-10 2.4819E-10 2.8094E-10 3.1042E-10 3.4644E-10 3.8327E-10 4.2096E-10 4.6126E-10 5.1146E-10 5.5850E-10 6.0850E-10 6.6755E-10 7.2603E-10 7.9258E-10 8.6177E-10 9.3465E-10 1.0174E-09 1.0997E-09 1.1923E-09 1.2888E-09 1.3890E-09 1.5023E-09 1.6168E-09 1.7370E-09 1.8740E-09 2.0126E-09 2.1663E-09 2.3261E-09 2.4910E-09 2.6741E-09 2.8643E-09 3.0667E-09 3.2924E-09 3.5277E-09 3.7800E-09 4.0700E-09 4.3705E-09 4.6939E-09 5.0663E-09
0.0000E+00 4.2669E-12 5.3314E-12 1.1229E-11 1.4600E-11 2.1423E-11 3.2061E-11 4.1511E-11 4.8294E-11 5.7281E-11 6.7236E-11 7.6634E-11 8.8850E-11 1.0254E-10 1.1911E-10 1.3370E-10 1.5555E-10 1.7348E-10 1.9907E-10 2.2095E-10 2.5053E-10 2.7691E-10 3.0711E-10 3.4249E-10 3.7628E-10 4.1423E-10 4.5781E-10 5.0006E-10 5.4675E-10 5.9706E-10 6.4927E-10 7.0976E-10 7.7089E-10 8.3574E-10 9.1001E-10 9.8444E-10 1.0700E-09 1.1550E-09 1.2458E-09 1.3490E-09 1.4519E-09 1.5625E-09 1.6884E-09 1.8133E-09 1.9445E-09 2.0892E-09 2.2366E-09 2.3939E-09 2.5704E-09 2.7517E-09 2.9533E-09 3.1631E-09 3.3886E-09 3.6481E-09 3.9156E-09 4.2057E-09 4.5403E-09
0.0000E+00 0.0000E+00 4.4015E-12 5.4829E-12 1.1520E-11 1.8463E-11 2.6400E-11 3.2380E-11 4.1801E-11 4.9898E-11 5.7874E-11 6.7866E-11 7.8855E-11 8.9367E-11 1.0417E-10 1.1921E-10 1.3729E-10 1.5515E-10 1.7255E-10 1.9756E-10 2.1862E-10 2.4589E-10 2.7311E-10 3.0473E-10 3.3670E-10 3.6910E-10 4.0365E-10 4.4765E-10 4.8794E-10 5.3066E-10 5.8042E-10 6.3006E-10 6.8574E-10 7.4438E-10 8.0889E-10 8.7958E-10 9.5028E-10 1.0301E-09 1.1108E-09 1.2049E-09 1.3006E-09 1.4005E-09 1.5125E-09 1.6227E-09 1.7366E-09 1.8656E-09 1.9968E-09 2.1357E-09 2.2925E-09 2.4530E-09 2.6237E-09 2.8169E-09 3.0159E-09 3.2289E-09 3.4828E-09 3.7423E-09 4.0414E-09
0.0000E+00 0.0000E+00 1.8816E-13 4.5102E-12 6.2895E-12 1.1551E-11 1.8125E-11 2.6015E-11 3.3284E-11 4.1631E-11 4.9755E-11 5.8720E-11 6.7388E-11 7.8370E-11 8.8859E-11 1.0364E-10 1.1667E-10 1.3617E-10 1.5181E-10 1.7432E-10 1.9306E-10 2.1910E-10 2.4177E-10 2.6782E-10 2.9854E-10 3.2746E-10 3.6001E-10 3.9763E-10 4.3363E-10 4.7346E-10 5.1526E-10 5.5954E-10 6.0878E-10 6.6148E-10 7.1741E-10 7.7865E-10 8.4332E-10 9.1253E-10 9.8719E-10 1.0669E-09 1.1575E-09 1.2464E-09 1.3399E-09 1.4416E-09 1.5425E-09 1.6493E-09 1.7716E-09 1.8939E-09 2.0320E-09 2.1721E-09 2.3219E-09 2.4926E-09 2.6632E-09 2.8525E-09 3.0793E-09 3.3101E-09 3.5562E-09
0.0000E+00 0.0000E+00 1.6916E-13 1.9250E-13 4.2811E-12 5.4608E-12 1.1474E-11 1.7887E-11 2.5813E-11 3.2646E-11 4.1301E-11 4.9388E-11 5.8327E-11 6.7224E-11 7.8084E-11 8.8518E-11 1.0280E-10 1.1524E-10 1.3446E-10 1.4922E-10 1.7137E-10 1.8921E-10 2.1290E-10 2.3623E-10 2.6333E-10 2.9090E-10 3.1837E-10 3.4747E-10 3.8359E-10 4.1922E-10 4.5521E-10 4.9453E-10 5.3877E-10 5.8433E-10 6.3318E-10 6.8635E-10 7.4328E-10 8.0608E-10 8.7311E-10 9.4377E-10 1.0240E-09 1.1028E-09 1.1818E-09 1.2736E-09 1.3623E-09 1.4580E-09 1.5648E-09 1.6717E-09 1.7844E-09 1.9132E-09 2.0424E-09 2.1797E-09 2.3393E-09 2.5104E-09 2.7098E-09 2.9107E-09 3.1247E-09
0.0000E+00 0.0000E+00 0.0000E+00 0.0000E+00 0.0000E+00 4.3302E-12 5.6963E-12 1.1541E-11 1.8157E-11 2.5584E-11 3.2364E-11 4.0494E-11 4.8751E-11 5.7697E-11 6.7384E-11 7.7055E-11 8.8315E-11 9.9098E-11 1.1624E-10 1.2928E-10 1.4919E-10 1.6539E-10 1.8444E-10 2.0715E-10 2.2776E-10 2.5545E-10 2.8014E-10 3.0581E-10 3.3906E-10 3.6935E-10 4.0104E-10 4.3663E-10 4.7444E-10 5.1260E-10 5.5655E-10 6.0204E-10 6.5353E-10 7.0742E-10 7.6784E-10 8.3013E-10 8.9417E-10 9.6667E-10 1.0403E-09 1.1124E-09 1.1982E-09 1.2797E-09 1.3650E-09 1.4645E-09 1.5615E-09 1.6716E-09 1.7821E-09 1.9003E-09 2.0467E-09 2.1956E-09 2.3537E-09 2.5410E-09 2.7253E-09
0.0000E+00 0.0000E+00 0.0000E+00 0.0000E+00 0.0000E+00 0.0000E+00 4.1542E-12 5.7101E-12 1.1723E-11 1.8104E-11 2.5352E-11 3.2014E-11 3.9697E-11 4.8510E-11 5.6390E-11 6.5902E-11 7.4888E-11 8.5522E-11 9.6242E-11 1.1257E-10 1.2562E-10 1.4465E-10 1.6016E-10 1.8014E-10 2.0023E-10 2.2009E-10 2.4459E-10 2.6950E-10 2.9360E-10 3.2341E-10 3.5339E-10 3.8324E-10 4.1481E-10 4.4948E-10 4.8754E-10 5.2816E-10 5.7009E-10 6.1909E-10 6.6947E-10 7.2317E-10 7.8166E-10 8.4611E-10 9.0638E-10 9.7121E-10 1.0451E-09 1.1173E-09 1.1908E-09 1.2754E-09 1.3576E-09 1.4442E-09 1.5463E-09 1.6557E-09 1.7734E-09 1.9092E-09 2.0447E-09 2.2045E-09 2.3618E-09
0.0000E+00 0.0000E+00 0.0000E+00 0.0000E+00 0.0000E+00 0.0000E+00 0.0000E+00 4.1442E-12 5.4894E-12 1.1141E-11 1.7399E-11 2.4116E-11 3.0760E-11 3.8552E-11 4.7101E-11 5.4455E-11 6.3181E-11 7.2270E-11 8.3028E-11 9.3162E-11 1.0704E-10 1.2133E-10 1.3775E-10 1.5403E-10 1.7342E-10 1.9035E-10 2.1389E-10 2.3395E-10 2.5591E-10 2.8041E-10 3.0798E-10 3.3441E-10 3.6177E-10 3.9225E-10 4.2490E-10 4.5863E-10 4.9720E-10 5.3681E-10 5.8181E-10 6.2568E-10 6.7254E-10 7.2416E-10 7.8364E-10 8.4015E-10 8.9824E-10 9.6751E-10 1.0317E-09 1.0963E-09 1.1746E-09 1.2496E-09 1.3334E-09 1.4361E-09 1.5365E-09 1.6518E-09 1.7652E-09 1.8866E-09 2.0334E-09
0.0000E+00 0.0000E+00 0.0000E+00 0.0000E+00 0.0000E+00 0.0000E+00 0.0000E+00 0.0000E+00 4.1066E-12 4.8564E-12 1.0219E-11 1.2887E-11 1.9945E-11 2.9060E-11 3.6056E-11 4.3523E-11 5.1637E-11 6.0463E-11 6.9816E-11 7.9405E-11 9.1486E-11 1.0247E-10 1.1441E-10 1.3131E-10 1.4539E-10 1.6534E-10 1.8170E-10 2.0214E-10 2.2308E-10 2.4318E-10 2.6706E-10 2.8941E-10 3.1555E-10 3.4065E-10 3.6842E-10 3.9820E-10 4.3062E-10 4.6508E-10 5.0031E-10 5.3721E-10 5.7676E-10 6.2000E-10 6.6494E-10 7.1866E-10 7.7263E-10 8.2361E-10 8.8447E-10 9.4042E-10 1.0079E-09 1.0761E-09 1.1505E-09 1.2370E-09 1.3220E-09 1.4120E-09 1.5161E-09 1.6180E-09 1.7253E-09
0.0000E+00 0.0000E+00 0.0000E+00 0.0000E+00 0.0000E+00 0.0000E+00 0.0000E+00 0.0000E+00 0.0000E+00 4.0424E-12 4.7675E-12 1.0006E-11 1.2592E-11 1.9194E-11 2.6625E-11 3.2877E-11 4.0983E-11 4.9146E-11 5.7943E-11 6.6527E-11 7.5608E-11 8.7624E-11 9.7972E-11 1.1058E-10 1.2319E-10 1.4053E-10 1.5500E-10 1.7201E-10 1.9086E-10 2.0894E-10 2.2684E-10 2.5136E-10 2.7220E-10 2.9430E-10 3.1783E-10 3.4392E-10 3.7116E-10 4.0002E-10 4.2825E-10 4.5884E-10 4.9179E-10 5.2643E-10 5.6746E-10 6.1423E-10 6.5722E-10 7.0096E-10 7.5100E-10 8.0233E-10 8.5559E-10 9.2163E-10 9.8669E-10 1.0526E-09 1.1304E-09 1.2059E-09 1.2847E-09 1.3775E-09 1.4662E-09
0.0000E+00 0.0000E+00 0.0000E+00 0.0000E+00 0.0000E+00 0.0000E+00 0.0000E+00 0.0000E+00 0.0000E+00 0.0000E+00 3.9531E-12 4.6496E-12 9.1154E-12 1.1645E-11 1.7966E-11 2.5399E-11 3.1284E-11 3.8068E-11 4.6206E-11 5.4222E-11 6.2413E-11 7.0983E-11 8.2103E-11 9.2207E-11 1.0453E-10 1.1592E-10 1.3003E-10 1.4545E-10 1.5998E-10 1.7736E-10 1.9575E-10 2.1197E-10 2.3287E-10 2.5205E-10 2.7430E-10 2.9595E-10 3.1806E-10 3.4122E-10 3.6499E-10 3.9091E-10 4.1966E-10 4.4778E-10 4.7766E-10 5.1345E-10 5.5442E-10 5.9128E-10 6.3192E-10 6.8062E-10 7.2763E-10 7.7834E-10 8.3809E-10 8.9640E-10 9.5390E-10 1.0226E-09 1.0888E-09 1.1641E-09 1.2375E-09
0.0000E+00 0.0000E+00 0.0000E+00 0.0000E+00 0.0000E+00 0.0000E+00 0.0000E+00 0.0000E+00 0.0000E+00 0.0000E+00 0.0000E+00 3.6285E-12 4.4942E-12 8.7927E-12 9.9820E-12 1.5861E-11 1.9014E-11 2.8225E-11 3.4108E-11 4.1486E-11 4.9212E-11 5.7619E-11 6.6419E-11 7.5996E-11 8.6492E-11 9.7398E-11 1.0847E-10 1.2173E-10 1.3351E-10 1.4922E-10 1.6447E-10 1.7999E-10 1.9532E-10 2.1570E-10 2.3470E-10 2.5301E-10 2.7259E-10 2.9164E-10 3.1238E-10 3.3481E-10 3.5742E-10 3.8048E-10 4.0506E-10 4.3360E-10 4.6123E-10 4.9704E-10 5.3127E-10 5.6808E-10 6.1508E-10 6.5935E-10 7.0408E-10 7.5812E-10 8.0772E-10 8.5754E-10 9.1475E-10 9.7168E-10 1.0371E-09
0.0000E+00 0.0000E+00 0.0000E+00 0.0000E+00 0.0000E+00 0.0000E+00 0.0000E+00 0.0000E+00 0.0000E+00 0.0000E+00 0.0000E+00 0.0000E+00 0.0000E+00 3.8979E-12 4.7780E-12 9.3217E-12 1.1166E-11 1.7438E-11 2.5074E-11 3.0843E-11 3.8073E-11 4.4495E-11 5.3356E-11 6.0514E-11 7.0332E-11 7.9525E-11 9.0144E-11 1.0016E-10 1.1174E-10 1.2366E-10 1.3535E-10 1.4982E-10 1.6619E-10 1.8107E-10 1.9776E-10 2.1454E-10 2.3237E-10 2.4868E-10 2.6565E-10 2.8294E-10 3.0231E-10 3.2201E-10 3.4375E-10 3.6350E-10 3.8913E-10 4.1369E-10 4.4514E-10 4.7708E-10 5.1223E-10 5.5236E-10 5.9044E-10 6.2868E-10 6.7641E-10 7.1810E-10 7.6611E-10 8.1233E-10 8.5832E-10
0.0000E+00 0.0000E+00 0.0000E+00 0.0000E+00 0.0000E+00 0.0000E+00 0.0000E+00 0.0000E+00 0.0000E+00 0.0000E+00 0.0000E+00 0.0000E+00 0.0000E+00 0.0000E+00 3.7224E-12 4.3400E-12 8.6290E-12 1.0571E-11 1.2984E-11 1.9698E-11 2.8368E-11 3.3981E-11 4.0732E-11 4.8183E-11 5.5826E-11 6.4642E-11 7.2394E-11 8.2522E-11 9.1068E-11 1.0220E-10 1.1236E-10 1.2338E-10 1.3776E-10 1.5042E-10 1.6383E-10 1.8070E-10 1.9474E-10 2.1002E-10 2.2359E-10 2.3874E-10 2.5352E-10 2.7144E-10 2.8837E-10 3.0734E-10 3.2522E-10 3.4496E-10 3.6769E-10 3.9703E-10 4.2697E-10 4.5541E-10 4.9078E-10 5.2290E-10 5.5553E-10 5.9525E-10 6.3136E-10 6.6948E-10 7.0821E-10
