Assets/Resources/2015_m01_d16_2000(utc+0800)_l00_csi_1hr_conc.grd
DSAA
         159         159
     -79.000      79.000
     -79.000      79.000
  0.0000E+00  0.3532E-05
[rows 0 to 24 of 159, columns 57 to 113 of 159]
0.0000E+00 0.0000E+00 0.0000E+00 0.0000E+00 0.0000E+00 0.0000E+00 0.0000E+00 0.0000E+00 0.0000E+00 0.0000E+00 0.0000E+00 0.0000E+00 0.0000E+00 0.0000E+00 0.0000E+00 1.7818E-11 5.0204E-11 8.8214E-11 1.6119E-10 2.5122E-10 4.0039E-10 5.9481E-10 8.7034E-10 1.2422E-09 1.7334E-09 2.3579E-09 3.1417E-09 4.0815E-09 5.1764E-09 6.4177E-09 7.7784E-09 9.2194E-09 1.0685E-08 1.2112E-08 1.3424E-08 1.4551E-08 1.5427E-08 1.6001E-08 1.6245E-08 1.6154E-08 1.5745E-08 1.5053E-08 1.4116E-08 1.2993E-08 1.1755E-08 1.0456E-08 9.1317E-09 7.8565E-09 6.6545E-09 5.5449E-09 4.5580E-09 3.7004E-09 2.9687E-09 2.3272E-09 1.8256E-09 1.4159E-09 1.0841E-09
0.0000E+00 0.0000E+00 0.0000E+00 0.0000E+00 0.0000E+00 0.0000E+00 0.0000E+00 0.0000E+00 0.0000E+00 0.0000E+00 0.0000E+00 0.0000E+00 0.0000E+00 0.0000E+00 0.0000E+00 1.9185E-11 5.1190E-11 9.6822E-11 1.7566E-10 2.8641E-10 4.4825E-10 6.7521E-10 9.9100E-10 1.4212E-09 1.9809E-09 2.7020E-09 3.5973E-09 4.6753E-09 5.9322E-09 7.3530E-09 8.9027E-09 1.0532E-08 1.2175E-08 1.3753E-08 1.5184E-08 1.6384E-08 1.7286E-08 1.7835E-08 1.8000E-08 1.7783E-08 1.7206E-08 1.6330E-08 1.5211E-08 1.3910E-08 1.2490E-08 1.1022E-08 9.5771E-09 8.1714E-09 6.8787E-09 5.6970E-09 4.6549E-09 3.7533E-09 2.9864E-09 2.3314E-09 1.8129E-09 1.3996E-09 1.0649E-09
0.0000E+00 0.0000E+00 0.0000E+00 0.0000E+00 0.0000E+00 0.0000E+00 0.0000E+00 0.0000E+00 0.0000E+00 0.0000E+00 0.0000E+00 0.0000E+00 0.0000E+00 0.0000E+00 0.0000E+00 1.9697E-11 5.0929E-11 1.0332E-10 1.9028E-10 3.2144E-10 4.9530E-10 7.6131E-10 1.1129E-09 1.6069E-09 2.2458E-09 3.0656E-09 4.0809E-09 5.3048E-09 6.7398E-09 8.3564E-09 1.0114E-08 1.1942E-08 1.3763E-08 1.5488E-08 1.7024E-08 1.8280E-08 1.9181E-08 1.9675E-08 1.9736E-08 1.9371E-08 1.8612E-08 1.7522E-08 1.6180E-08 1.4668E-08 1.3075E-08 1.1451E-08 9.8580E-09 8.3684E-09 6.9749E-09 5.7501E-09 4.6598E-09 3.7283E-09 2.9478E-09 2.2833E-09 1.7654E-09 1.3550E-09 1.0293E-09
0.0000E+00 0.0000E+00 0.0000E+00 0.0000E+00 0.0000E+00 0.0000E+00 0.0000E+00 0.0000E+00 0.0000E+00 0.0000E+00 0.0000E+00 0.0000E+00 0.0000E+00 0.0000E+00 0.0000E+00 1.8696E-11 5.0154E-11 1.0658E-10 1.9881E-10 3.4355E-10 5.3544E-10 8.3197E-10 1.2272E-09 1.7824E-09 2.5045E-09 3.4299E-09 4.5810E-09 5.9674E-09 7.5916E-09 9.4200E-09 1.1399E-08 1.3446E-08 1.5461E-08 1.7341E-08 1.8974E-08 2.0259E-08 2.1130E-08 2.1529E-08 2.1440E-08 2.0881E-08 1.9903E-08 1.8583E-08 1.7014E-08 1.5283E-08 1.3482E-08 1.1709E-08 1.0002E-08 8.4032E-09 6.9696E-09 5.6824E-09 4.5779E-09 3.6315E-09 2.8468E-09 2.1909E-09 1.6836E-09 1.2858E-09 9.7153E-10
0.0000E+00 0.0000E+00 0.0000E+00 0.0000E+00 0.0000E+00 0.0000E+00 0.0000E+00 0.0000E+00 0.0000E+00 0.0000E+00 0.0000E+00 0.0000E+00 0.0000E+00 0.0000E+00 0.0000E+00 1.2176E-11 4.6041E-11 1.0525E-10 2.0703E-10 3.6070E-10 5.7590E-10 9.0030E-10 1.3434E-09 1.9592E-09 2.7675E-09 3.8038E-09 5.0952E-09 6.6565E-09 8.4819E-09 1.0535E-08 1.2751E-08 1.5035E-08 1.7257E-08 1.9293E-08 2.1017E-08 2.2322E-08 2.3130E-08 2.3396E-08 2.3115E-08 2.2321E-08 2.1082E-08 1.9493E-08 1.7662E-08 1.5712E-08 1.3726E-08 1.1781E-08 9.9673E-09 8.3021E-09 6.8147E-09 5.5134E-09 4.4109E-09 3.4585E-09 2.6913E-09 2.0497E-09 1.5762E-09 1.1960E-09 8.9651E-10
0.0000E+00 0.0000E+00 0.0000E+00 0.0000E+00 0.0000E+00 0.0000E+00 0.0000E+00 0.0000E+00 0.0000E+00 0.0000E+00 0.0000E+00 0.0000E+00 0.0000E+00 0.0000E+00 0.0000E+00 4.5097E-12 3.8678E-11 1.0167E-10 2.0777E-10 3.6811E-10 6.0234E-10 9.4935E-10 1.4419E-09 2.1168E-09 3.0084E-09 4.1570E-09 5.6025E-09 7.3506E-09 9.3936E-09 1.1695E-08 1.4164E-08 1.6692E-08 1.9133E-08 2.1333E-08 2.3148E-08 2.4450E-08 2.5166E-08 2.5256E-08 2.4735E-08 2.3661E-08 2.2128E-08 2.0251E-08 1.8150E-08 1.5951E-08 1.3773E-08 1.1700E-08 9.7706E-09 8.0614E-09 6.5438E-09 5.2572E-09 4.1526E-09 3.2207E-09 2.4928E-09 1.8865E-09 1.4402E-09 1.0851E-09 8.0860E-10
0.0000E+00 0.0000E+00 0.0000E+00 0.0000E+00 0.0000E+00 0.0000E+00 0.0000E+00 0.0000E+00 0.0000E+00 0.0000E+00 0.0000E+00 0.0000E+00 0.0000E+00 0.0000E+00 0.0000E+00 3.8671E-12 2.5927E-11 9.3823E-11 2.0049E-10 3.6810E-10 6.1782E-10 9.8841E-10 1.5227E-09 2.2550E-09 3.2267E-09 4.4951E-09 6.0983E-09 8.0400E-09 1.0313E-08 1.2866E-08 1.5606E-08 1.8402E-08 2.1086E-08 2.3464E-08 2.5371E-08 2.6665E-08 2.7262E-08 2.7140E-08 2.6331E-08 2.4926E-08 2.3045E-08 2.0834E-08 1.8447E-08 1.6015E-08 1.3643E-08 1.1428E-08 9.4404E-09 7.6682E-09 6.1697E-09 4.8867E-09 3.8311E-09 2.9308E-09 2.2237E-09 1.6950E-09 1.2859E-09 9.6119E-10 7.1200E-10
0.0000E+00 0.0000E+00 0.0000E+00 0.0000E+00 0.0000E+00 0.0000E+00 0.0000E+00 0.0000E+00 0.0000E+00 0.0000E+00 0.0000E+00 0.0000E+00 0.0000E+00 0.0000E+00 0.0000E+00 2.8836E-12 1.5043E-11 7.7545E-11 1.8714E-10 3.5849E-10 6.2003E-10 1.0140E-09 1.5798E-09 2.3584E-09 3.4071E-09 4.7949E-09 6.5501E-09 8.6938E-09 1.1207E-08 1.4033E-08 1.7067E-08 2.0149E-08 2.3086E-08 2.5657E-08 2.7660E-08 2.8942E-08 2.9402E-08 2.9038E-08 2.7905E-08 2.6125E-08 2.3860E-08 2.1285E-08 1.8583E-08 1.5896E-08 1.3356E-08 1.1026E-08 8.9611E-09 7.1965E-09 5.6918E-09 4.4603E-09 3.4502E-09 2.6027E-09 1.9434E-09 1.4860E-09 1.1202E-09 8.3025E-10 6.1035E-10
0.0000E+00 0.0000E+00 0.0000E+00 0.0000E+00 0.0000E+00 0.0000E+00 0.0000E+00 0.0000E+00 0.0000E+00 0.0000E+00 0.0000E+00 0.0000E+00 0.0000E+00 0.0000E+00 0.0000E+00 0.0000E+00 8.7276E-12 5.8974E-11 1.6708E-10 3.4187E-10 6.1308E-10 1.0247E-09 1.6137E-09 2.4339E-09 3.5623E-09 5.0512E-09 6.9592E-09 9.2974E-09 1.2060E-08 1.5169E-08 1.8506E-08 2.1888E-08 2.5094E-08 2.7878E-08 2.9989E-08 3.1255E-08 3.1573E-08 3.0938E-08 2.9448E-08 2.7257E-08 2.4571E-08 2.1611E-08 1.8577E-08 1.5635E-08 1.2906E-08 1.0486E-08 8.3844E-09 6.6184E-09 5.1589E-09 3.9827E-09 3.0287E-09 2.2658E-09 1.6715E-09 1.2703E-09 9.5073E-10 6.9864E-10 5.0895E-10
0.0000E+00 0.0000E+00 0.0000E+00 0.0000E+00 0.0000E+00 0.0000E+00 0.0000E+00 0.0000E+00 0.0000E+00 0.0000E+00 0.0000E+00 0.0000E+00 0.0000E+00 0.0000E+00 0.0000E+00 0.0000E+00 4.7367E-12 3.8343E-11 1.3875E-10 3.0820E-10 5.8654E-10 1.0069E-09 1.6189E-09 2.4723E-09 3.6622E-09 5.2455E-09 7.2929E-09 9.8254E-09 1.2827E-08 1.6225E-08 1.9880E-08 2.3586E-08 2.7080E-08 3.0084E-08 3.2324E-08 3.3582E-08 3.3755E-08 3.2838E-08 3.0964E-08 2.8334E-08 2.5202E-08 2.1829E-08 1.8450E-08 1.5255E-08 1.2367E-08 9.8455E-09 7.7359E-09 5.9858E-09 4.5983E-09 3.4688E-09 2.5923E-09 1.8358E-09 1.4002E-09 1.0568E-09 7.8396E-10 5.7231E-10 4.1222E-10
0.0000E+00 0.0000E+00 0.0000E+00 0.0000E+00 0.0000E+00 0.0000E+00 0.0000E+00 0.0000E+00 0.0000E+00 0.0000E+00 0.0000E+00 0.0000E+00 0.0000E+00 0.0000E+00 0.0000E+00 0.0000E+00 4.0949E-12 2.3489E-11 1.1512E-10 2.7836E-10 5.4972E-10 9.7362E-10 1.5975E-09 2.4783E-09 3.7099E-09 5.3768E-09 7.5426E-09 1.0251E-08 1.3487E-08 1.7174E-08 2.1153E-08 2.5187E-08 2.8980E-08 3.2214E-08 3.4587E-08 3.5849E-08 3.5879E-08 3.4684E-08 3.2417E-08 2.9337E-08 2.5746E-08 2.1956E-08 1.8236E-08 1.4788E-08 1.1744E-08 9.1643E-09 7.0328E-09 5.3479E-09 4.0072E-09 2.9689E-09 2.1593E-09 1.4946E-09 1.1412E-09 8.5469E-10 6.2784E-10 4.5325E-10 3.2365E-10
0.0000E+00 0.0000E+00 0.0000E+00 0.0000E+00 0.0000E+00 0.0000E+00 0.0000E+00 0.0000E+00 0.0000E+00 0.0000E+00 0.0000E+00 0.0000E+00 0.0000E+00 0.0000E+00 0.0000E+00 0.0000E+00 3.4512E-12 1.8864E-11 8.4530E-11 2.4429E-10 4.9859E-10 9.2038E-10 1.5572E-09 2.4482E-09 3.7115E-09 5.4327E-09 7.6993E-09 1.0560E-08 1.4011E-08 1.7962E-08 2.2249E-08 2.6610E-08 3.0713E-08 3.4190E-08 3.6696E-08 3.7968E-08 3.7860E-08 3.6397E-08 3.3743E-08 3.0217E-08 2.6178E-08 2.1981E-08 1.7933E-08 1.4257E-08 1.1080E-08 8.4449E-09 6.3425E-09 4.6968E-09 3.4461E-09 2.4748E-09 1.6683E-09 1.1906E-09 9.0366E-10 6.6943E-10 4.8643E-10 3.4306E-10 2.3628E-10
0.0000E+00 0.0000E+00 0.0000E+00 0.0000E+00 0.0000E+00 0.0000E+00 0.0000E+00 0.0000E+00 0.0000E+00 0.0000E+00 0.0000E+00 0.0000E+00 0.0000E+00 0.0000E+00 0.0000E+00 0.0000E+00 0.0000E+00 8.4794E-12 6.2876E-11 2.0037E-10 4.4547E-10 8.5143E-10 1.4761E-09 2.3797E-09 3.6625E-09 5.4205E-09 7.7546E-09 1.0739E-08 1.4362E-08 1.8553E-08 2.3125E-08 2.7800E-08 3.2197E-08 3.5915E-08 3.8560E-08 3.9839E-08 3.9603E-08 3.7881E-08 3.4875E-08 3.0926E-08 2.6459E-08 2.1888E-08 1.7548E-08 1.3670E-08 1.0390E-08 7.7332E-09 5.6579E-09 4.0848E-09 2.9207E-09 2.0115E-09 1.2944E-09 9.2160E-10 6.9403E-10 5.0231E-10 3.6097E-10 2.5066E-10 1.6329E-10
0.0000E+00 0.0000E+00 0.0000E+00 0.0000E+00 0.0000E+00 0.0000E+00 0.0000E+00 0.0000E+00 0.0000E+00 0.0000E+00 0.0000E+00 0.0000E+00 0.0000E+00 0.0000E+00 0.0000E+00 0.0000E+00 0.0000E+00 6.9158E-12 5.6214E-11 1.6888E-10 3.9000E-10 7.8353E-10 1.3903E-09 2.2962E-09 3.5735E-09 5.3460E-09 7.7238E-09 1.0780E-08 1.4540E-08 1.8920E-08 2.3739E-08 2.8681E-08 3.3354E-08 3.7297E-08 4.0082E-08 4.1377E-08 4.1018E-08 3.9052E-08 3.5723E-08 3.1405E-08 2.6569E-08 2.1667E-08 1.7076E-08 1.3050E-08 9.6971E-09 7.0431E-09 5.0183E-09 3.5316E-09 2.4330E-09 1.6099E-09 9.8384E-10 6.9304E-10 5.1501E-10 3.6537E-10 2.4726E-10 1.5874E-10 8.6235E-11
0.0000E+00 0.0000E+00 0.0000E+00 0.0000E+00 0.0000E+00 0.0000E+00 0.0000E+00 0.0000E+00 0.0000E+00 0.0000E+00 0.0000E+00 0.0000E+00 0.0000E+00 0.0000E+00 0.0000E+00 0.0000E+00 0.0000E+00 0.0000E+00 4.4519E-11 1.4189E-10 3.4785E-10 7.0780E-10 1.3036E-09 2.1974E-09 3.4634E-09 5.2310E-09 7.6204E-09 1.0718E-08 1.4554E-08 1.9072E-08 2.4066E-08 2.9229E-08 3.4120E-08 3.8257E-08 4.1165E-08 4.2480E-08 4.2027E-08 3.9852E-08 3.6227E-08 3.1588E-08 2.6449E-08 2.1297E-08 1.6522E-08 1.2388E-08 9.0163E-09 6.3870E-09 4.4377E-09 3.0278E-09 2.0104E-09 1.1700E-09 7.5459E-10 5.0714E-10 3.5400E-10 2.3775E-10 1.4513E-10 7.1798E-11 2.5633E-11
0.0000E+00 0.0000E+00 0.0000E+00 0.0000E+00 0.0000E+00 0.0000E+00 0.0000E+00 0.0000E+00 0.0000E+00 0.0000E+00 0.0000E+00 0.0000E+00 0.0000E+00 0.0000E+00 0.0000E+00 0.0000E+00 0.0000E+00 0.0000E+00 3.6247E-11 1.2956E-10 3.1309E-10 6.5408E-10 1.2088E-09 2.0818E-09 3.3436E-09 5.0920E-09 7.4705E-09 1.0577E-08 1.4449E-08 1.9029E-08 2.4142E-08 2.9449E-08 3.4506E-08 3.8787E-08 4.1785E-08 4.3112E-08 4.2572E-08 4.0232E-08 3.6385E-08 3.1497E-08 2.6118E-08 2.0778E-08 1.5896E-08 1.1721E-08 8.3576E-09 5.7958E-09 3.9176E-09 2.6040E-09 1.6258E-09 9.2481E-10 5.4218E-10 3.4162E-10 2.1975E-10 1.2403E-10 5.3893E-11 9.5458E-12 0.0000E+00
0.0000E+00 0.0000E+00 0.0000E+00 0.0000E+00 0.0000E+00 0.0000E+00 0.0000E+00 0.0000E+00 0.0000E+00 0.0000E+00 0.0000E+00 0.0000E+00 0.0000E+00 0.0000E+00 0.0000E+00 0.0000E+00 0.0000E+00 0.0000E+00 2.6084E-11 1.1881E-10 2.9710E-10 6.0908E-10 1.1485E-09 1.9673E-09 3.2298E-09 4.9424E-09 7.2979E-09 1.0387E-08 1.4254E-08 1.8853E-08 2.4005E-08 2.9388E-08 3.4529E-08 3.8886E-08 4.1936E-08 4.3255E-08 4.2649E-08 4.0176E-08 3.6153E-08 3.1096E-08 2.5577E-08 2.0137E-08 1.5203E-08 1.1042E-08 7.7360E-09 5.2491E-09 3.4693E-09 2.2329E-09 1.2952E-09 7.1257E-10 3.6736E-10 1.9281E-10 1.0081E-10 3.5995E-11 3.5813E-13 0.0000E+00 0.0000E+00
0.0000E+00 0.0000E+00 0.0000E+00 0.0000E+00 0.0000E+00 0.0000E+00 0.0000E+00 0.0000E+00 0.0000E+00 0.0000E+00 0.0000E+00 0.0000E+00 0.0000E+00 0.0000E+00 0.0000E+00 0.0000E+00 0.0000E+00 0.0000E+00 1.5452E-11 1.0565E-10 2.7978E-10 5.8082E-10 1.0846E-09 1.8889E-09 3.1183E-09 4.8204E-09 7.1377E-09 1.0190E-08 1.4030E-08 1.8605E-08 2.3743E-08 2.9116E-08 3.4262E-08 3.8628E-08 4.1664E-08 4.2945E-08 4.2267E-08 3.9699E-08 3.5572E-08 3.0410E-08 2.4819E-08 1.9372E-08 1.4467E-08 1.0360E-08 7.1452E-09 4.7578E-09 3.0708E-09 1.8969E-09 1.0589E-09 5.3091E-10 2.0519E-10 7.8728E-11 2.3966E-11 1.8433E-13 0.0000E+00 0.0000E+00 0.0000E+00
0.0000E+00 0.0000E+00 0.0000E+00 0.0000E+00 0.0000E+00 0.0000E+00 0.0000E+00 0.0000E+00 0.0000E+00 0.0000E+00 0.0000E+00 0.0000E+00 0.0000E+00 0.0000E+00 0.0000E+00 0.0000E+00 0.0000E+00 0.0000E+00 7.5749E-12 1.0082E-10 2.6954E-10 5.6475E-10 1.0449E-09 1.8323E-09 3.0266E-09 4.7236E-09 7.0041E-09 1.0016E-08 1.3805E-08 1.8332E-08 2.3415E-08 2.8729E-08 3.3808E-08 3.8097E-08 4.1058E-08 4.2258E-08 4.1494E-08 3.8845E-08 3.4663E-08 2.9480E-08 2.3900E-08 1.8489E-08 1.3675E-08 9.6806E-09 6.5749E-09 4.2993E-09 2.7063E-09 1.5984E-09 8.3020E-10 3.6761E-10 9.2194E-11 2.2398E-11 4.0580E-12 0.0000E+00 0.0000E+00 0.0000E+00 0.0000E+00
0.0000E+00 0.0000E+00 0.0000E+00 0.0000E+00 0.0000E+00 0.0000E+00 0.0000E+00 0.0000E+00 0.0000E+00 0.0000E+00 0.0000E+00 0.0000E+00 0.0000E+00 0.0000E+00 0.0000E+00 0.0000E+00 0.0000E+00 0.0000E+00 7.6526E-12 9.9742E-11 2.6872E-10 5.5876E-10 1.0292E-09 1.7884E-09 2.9603E-09 4.6451E-09 6.9160E-09 9.8905E-09 1.3623E-08 1.8076E-08 2.3072E-08 2.8281E-08 3.3240E-08 3.7400E-08 4.0222E-08 4.1296E-08 4.0429E-08 3.7708E-08 3.3489E-08 2.8324E-08 2.2820E-08 1.7520E-08 1.2832E-08 8.9877E-09 6.0243E-09 3.8710E-09 2.3746E-09 1.3547E-09 6.8062E-10 2.2897E-10 3.5917E-11 4.2218E-12 0.0000E+00 0.0000E+00 0.0000E+00 0.0000E+00 0.0000E+00
0.0000E+00 0.0000E+00 0.0000E+00 0.0000E+00 0.0000E+00 0.0000E+00 0.0000E+00 0.0000E+00 0.0000E+00 0.0000E+00 0.0000E+00 0.0000E+00 0.0000E+00 0.0000E+00 0.0000E+00 0.0000E+00 0.0000E+00 0.0000E+00 1.5886E-11 1.0572E-10 2.7299E-10 5.6415E-10 1.0343E-09 1.7853E-09 2.9465E-09 4.6091E-09 6.8790E-09 9.8276E-09 1.3506E-08 1.7873E-08 2.2753E-08 2.7814E-08 3.2597E-08 3.6565E-08 3.9195E-08 4.0088E-08 3.9085E-08 3.6294E-08 3.2078E-08 2.6969E-08 2.1578E-08 1.6447E-08 1.1941E-08 8.2709E-09 5.4755E-09 3.4562E-09 2.0664E-09 1.1453E-09 5.1701E-10 1.5070E-10 1.1547E-11 0.0000E+00 0.0000E+00 0.0000E+00 0.0000E+00 0.0000E+00 0.0000E+00
0.0000E+00 0.0000E+00 0.0000E+00 0.0000E+00 0.0000E+00 0.0000E+00 0.0000E+00 0.0000E+00 0.0000E+00 0.0000E+00 0.0000E+00 0.0000E+00 0.0000E+00 0.0000E+00 0.0000E+00 0.0000E+00 0.0000E+00 0.0000E+00 2.6555E-11 1.1582E-10 2.8308E-10 5.8016E-10 1.0689E-09 1.8324E-09 2.9893E-09 4.6514E-09 6.9016E-09 9.8388E-09 1.3476E-08 1.7756E-08 2.2496E-08 2.7374E-08 3.1933E-08 3.5650E-08 3.8028E-08 3.8699E-08 3.7524E-08 3.4631E-08 3.0411E-08 2.5400E-08 2.0171E-08 1.5235E-08 1.0959E-08 7.5048E-09 4.8915E-09 3.0332E-09 1.7696E-09 9.6291E-10 4.0186E-10 1.0361E-10 5.8793E-12 0.0000E+00 0.0000E+00 0.0000E+00 0.0000E+00 0.0000E+00 0.0000E+00
0.0000E+00 0.0000E+00 0.0000E+00 0.0000E+00 0.0000E+00 0.0000E+00 0.0000E+00 0.0000E+00 0.0000E+00 0.0000E+00 0.0000E+00 0.0000E+00 0.0000E+00 0.0000E+00 0.0000E+00 0.0000E+00 0.0000E+00 1.5309E-12 3.9370E-11 1.2700E-10 3.0257E-10 6.1580E-10 1.1338E-09 1.9210E-09 3.1051E-09 4.7829E-09 7.0313E-09 9.9585E-09 1.3553E-08 1.7755E-08 2.2350E-08 2.7013E-08 3.1293E-08 3.4694E-08 3.6746E-08 3.7128E-08 3.5742E-08 3.2743E-08 2.8514E-08 2.3604E-08 1.8579E-08 1.3894E-08 9.8771E-09 6.6780E-09 4.2908E-09 2.6149E-09 1.5178E-09 8.4184E-10 3.1153E-10 7.2650E-11 3.8768E-12 0.0000E+00 0.0000E+00 0.0000E+00 0.0000E+00 0.0000E+00 0.0000E+00
0.0000E+00 0.0000E+00 0.0000E+00 0.0000E+00 0.0000E+00 0.0000E+00 0.0000E+00 0.0000E+00 0.0000E+00 0.0000E+00 0.0000E+00 0.0000E+00 0.0000E+00 0.0000E+00 0.0000E+00 0.0000E+00 0.0000E+00 7.7814E-12 5.6344E-11 1.4897E-10 3.4509E-10 6.8128E-10 1.2250E-09 2.0531E-09 3.2916E-09 5.0320E-09 7.3215E-09 1.0228E-08 1.3798E-08 1.7904E-08 2.2338E-08 2.6753E-08 3.0707E-08 3.3723E-08 3.5377E-08 3.5396E-08 3.3730E-08 3.0592E-08 2.6383E-08 2.1615E-08 1.6820E-08 1.2440E-08 8.7375E-09 5.8321E-09 3.7053E-09 2.2381E-09 1.2924E-09 6.9124E-10 2.3440E-10 4.7989E-11 0.0000E+00 0.0000E+00 0.0000E+00 0.0000E+00 0.0000E+00 0.0000E+00 0.0000E+00
0.0000E+00 0.0000E+00 0.0000E+00 0.0000E+00 0.0000E+00 0.0000E+00 0.0000E+00 0.0000E+00 0.0000E+00 0.0000E+00 0.0000E+00 0.0000E+00 0.0000E+00 0.0000E+00 0.0000E+00 0.0000E+00 0.0000E+00 1.5853E-11 7.8273E-11 1.8906E-10 4.0953E-10 7.7409E-10 1.3602E-09 2.2402E-09 3.5445E-09 5.3765E-09 7.7533E-09 1.0706E-08 1.4247E-08 1.8274E-08 2.2531E-08 2.6658E-08 3.0224E-08 3.2783E-08 3.3962E-08 3.3561E-08 3.1588E-08 2.8282E-08 2.4076E-08 1.9483E-08 1.4972E-08 1.0931E-08 7.5840E-09 5.0060E-09 3.1482E-09 1.8870E-09 1.0624E-09 5.1260E-10 1.6906E-10 1.1633E-11 0.0000E+00 0.0000E+00 0.0000E+00 0.0000E+00 0.0000E+00 0.0000E+00 0.0000E+00
