Assets/Resources/2015_m01_d27_0400(utc+0800)_l00_csi_1hr_conc.grd
DSAA
         159         159
     -79.000      79.000
     -79.000      79.000
  0.0000E+00  0.2876E-05
[rows 25 to 49 of 159, columns 57 to 113 of 159]
8.2833E-09 1.1244E-08 1.4774E-08 1.8599E-08 2.2790E-08 2.7487E-08 3.1980E-08 3.6462E-08 4.0882E-08 4.4812E-08 4.8095E-08 5.0666E-08 5.3516E-08 5.3740E-08 5.2979E-08 5.1930E-08 4.9495E-08 4.7457E-08 4.9566E-08 4.6296E-08 4.2906E-08 3.9333E-08 3.5338E-08 3.1203E-08 2.6982E-08 2.2768E-08 1.8734E-08 1.4999E-08 1.1917E-08 9.0966E-09 6.7464E-09 4.8809E-09 3.4258E-09 2.3601E-09 1.6800E-09 1.1106E-09 6.8882E-10 4.6008E-10 3.2996E-10 2.2800E-10 1.5106E-10 9.4913E-11 5.0947E-11 2.3620E-11 1.3466E-11 6.7962E-12 2.9684E-12 1.0061E-12 1.7993E-13 3.1039E-14 0.0000E+00 0.0000E+00 0.0000E+00 0.0000E+00 0.0000E+00 0.0000E+00 0.0000E+00
8.2547E-09 1.1193E-08 1.4809E-08 1.8726E-08 2.2979E-08 2.7332E-08 3.1640E-08 3.6054E-08 4.0887E-08 4.4502E-08 4.7661E-08 5.0267E-08 5.1181E-08 5.1448E-08 5.1772E-08 5.2213E-08 4.9788E-08 4.7349E-08 4.4467E-08 4.0985E-08 3.7606E-08 3.3888E-08 3.0025E-08 2.6126E-08 2.2520E-08 1.8866E-08 1.5418E-08 1.2283E-08 9.5244E-09 7.1701E-09 5.4935E-09 3.9998E-09 2.8654E-09 2.0043E-09 1.3543E-09 8.9294E-10 5.5783E-10 3.9580E-10 2.8327E-10 1.9253E-10 1.2618E-10 7.6203E-11 3.9488E-11 1.6359E-11 8.5847E-12 4.2319E-12 1.7520E-12 3.9723E-13 4.8191E-14 0.0000E+00 0.0000E+00 0.0000E+00 0.0000E+00 0.0000E+00 0.0000E+00 0.0000E+00 0.0000E+00
8.2338E-09 1.1163E-08 1.4735E-08 1.8766E-08 2.3294E-08 2.7713E-08 3.1988E-08 3.6186E-08 4.0154E-08 4.3490E-08 4.6371E-08 4.9897E-08 5.1253E-08 5.0969E-08 5.0043E-08 4.8594E-08 4.5880E-08 4.3014E-08 3.9686E-08 3.5876E-08 3.2636E-08 2.8997E-08 2.5330E-08 2.1806E-08 1.8391E-08 1.5193E-08 1.2496E-08 9.9549E-09 7.7458E-09 5.9104E-09 4.3998E-09 3.2130E-09 2.2851E-09 1.6028E-09 1.0850E-09 6.9776E-10 4.5267E-10 3.3376E-10 2.3778E-10 1.5792E-10 1.0244E-10 5.8705E-11 2.8954E-11 1.0731E-11 5.6441E-12 2.4141E-12 6.4227E-13 5.4215E-14 0.0000E+00 0.0000E+00 0.0000E+00 0.0000E+00 0.0000E+00 0.0000E+00 0.0000E+00 0.0000E+00 0.0000E+00
8.1275E-09 1.1141E-08 1.4740E-08 1.8886E-08 2.3425E-08 2.7954E-08 3.2313E-08 3.6693E-08 4.0457E-08 4.3427E-08 4.6045E-08 4.8140E-08 4.8903E-08 4.8527E-08 4.7073E-08 4.5261E-08 4.2450E-08 3.9163E-08 3.5662E-08 3.1717E-08 2.8226E-08 2.4582E-08 2.1025E-08 1.8082E-08 1.5127E-08 1.2451E-08 1.0037E-08 7.9523E-09 6.1708E-09 4.6779E-09 3.4873E-09 2.5218E-09 1.8066E-09 1.2467E-09 8.2956E-10 5.3898E-10 3.7676E-10 2.7613E-10 1.9633E-10 1.2625E-10 8.0937E-11 4.3290E-11 2.1228E-11 7.3695E-12 3.4514E-12 1.1309E-12 1.8594E-13 0.0000E+00 0.0000E+00 0.0000E+00 0.0000E+00 0.0000E+00 0.0000E+00 0.0000E+00 0.0000E+00 0.0000E+00 0.0000E+00
7.9185E-09 1.1025E-08 1.4714E-08 1.8959E-08 2.3604E-08 2.8460E-08 3.3012E-08 3.7083E-08 4.0501E-08 4.3239E-08 4.5351E-08 4.6616E-08 4.7055E-08 4.6351E-08 4.4675E-08 4.2685E-08 3.9497E-08 3.5829E-08 3.2143E-08 2.8250E-08 2.4799E-08 2.1264E-08 1.7903E-08 1.5009E-08 1.2374E-08 1.0053E-08 8.0281E-09 6.2949E-09 4.8546E-09 3.6715E-09 2.7068E-09 1.9613E-09 1.3820E-09 9.5720E-10 6.2858E-10 4.1679E-10 3.0725E-10 2.2172E-10 1.5639E-10 9.7637E-11 6.1296E-11 3.0123E-11 1.5083E-11 4.3455E-12 1.6830E-12 3.3033E-13 0.0000E+00 0.0000E+00 0.0000E+00 0.0000E+00 0.0000E+00 0.0000E+00 0.0000E+00 0.0000E+00 0.0000E+00 0.0000E+00 0.0000E+00
7.6066E-09 1.0766E-08 1.4605E-08 1.8974E-08 2.3855E-08 2.8843E-08 3.3661E-08 3.7827E-08 4.1138E-08 4.3657E-08 4.5133E-08 4.6039E-08 4.5487E-08 4.4528E-08 4.2600E-08 4.0053E-08 3.7189E-08 3.3355E-08 2.9633E-08 2.5394E-08 2.1839E-08 1.8451E-08 1.5197E-08 1.2525E-08 1.0151E-08 8.0895E-09 6.3808E-09 4.9625E-09 3.7789E-09 2.8326E-09 2.0832E-09 1.4821E-09 1.0496E-09 7.0152E-10 4.6295E-10 3.3438E-10 2.4169E-10 1.7411E-10 1.2156E-10 7.2680E-11 4.4607E-11 1.9633E-11 9.5430E-12 2.2553E-12 5.7425E-13 0.0000E+00 0.0000E+00 0.0000E+00 0.0000E+00 0.0000E+00 0.0000E+00 0.0000E+00 0.0000E+00 0.0000E+00 0.0000E+00 0.0000E+00 0.0000E+00
7.1940E-09 1.0364E-08 1.4302E-08 1.8887E-08 2.3961E-08 2.9285E-08 3.4377E-08 3.8804E-08 4.2251E-08 4.4588E-08 4.5708E-08 4.5726E-08 4.4765E-08 4.3477E-08 4.1360E-08 3.8131E-08 3.5014E-08 3.0974E-08 2.7299E-08 2.3020E-08 1.9418E-08 1.6132E-08 1.2995E-08 1.0520E-08 8.3410E-09 6.5160E-09 5.0604E-09 3.8660E-09 2.9194E-09 2.1554E-09 1.5608E-09 1.1103E-09 7.5926E-10 5.0881E-10 3.5916E-10 2.5939E-10 1.8620E-10 1.3071E-10 9.0020E-11 5.1526E-11 3.0603E-11 1.1417E-11 5.2068E-12 7.7659E-13 8.4007E-14 0.0000E+00 0.0000E+00 0.0000E+00 0.0000E+00 0.0000E+00 0.0000E+00 0.0000E+00 0.0000E+00 0.0000E+00 0.0000E+00 0.0000E+00 0.0000E+00
6.6797E-09 9.8176E-09 1.3812E-08 1.8579E-08 2.3901E-08 2.9554E-08 3.5112E-08 3.9983E-08 4.3734E-08 4.6062E-08 4.6934E-08 4.6464E-08 4.4802E-08 4.2289E-08 3.9990E-08 3.6394E-08 3.2631E-08 2.8858E-08 2.4647E-08 2.0864E-08 1.7316E-08 1.4193E-08 1.1181E-08 8.8739E-09 6.8662E-09 5.2306E-09 3.9931E-09 2.9993E-09 2.2136E-09 1.6160E-09 1.1474E-09 7.9365E-10 5.4300E-10 3.8064E-10 2.7395E-10 1.9635E-10 1.3715E-10 9.5442E-11 6.3619E-11 3.4753E-11 1.7588E-11 5.7523E-12 2.0067E-12 1.3779E-13 0.0000E+00 0.0000E+00 0.0000E+00 0.0000E+00 0.0000E+00 0.0000E+00 0.0000E+00 0.0000E+00 0.0000E+00 0.0000E+00 0.0000E+00 0.0000E+00 0.0000E+00
6.0616E-09 9.1358E-09 1.3120E-08 1.8011E-08 2.3628E-08 2.9632E-08 3.5695E-08 4.1091E-08 4.5323E-08 4.7934E-08 4.8729E-08 4.7815E-08 4.5514E-08 4.2202E-08 3.8324E-08 3.4291E-08 3.0763E-08 2.6223E-08 2.2555E-08 1.8918E-08 1.5298E-08 1.2464E-08 9.6157E-09 7.4409E-09 5.6582E-09 4.1855E-09 3.1155E-09 2.2812E-09 1.6592E-09 1.1691E-09 8.1864E-10 5.6067E-10 3.9796E-10 2.8528E-10 2.0270E-10 1.4186E-10 9.7547E-11 6.5952E-11 4.1302E-11 2.0397E-11 8.2607E-12 1.9827E-12 1.7881E-13 0.0000E+00 0.0000E+00 0.0000E+00 0.0000E+00 0.0000E+00 0.0000E+00 0.0000E+00 0.0000E+00 0.0000E+00 0.0000E+00 0.0000E+00 0.0000E+00 0.0000E+00 0.0000E+00
5.3903E-09 8.3112E-09 1.2236E-08 1.7189E-08 2.3024E-08 2.9448E-08 3.6012E-08 4.2085E-08 4.6930E-08 4.9978E-08 5.0954E-08 4.9829E-08 4.6924E-08 4.2825E-08 3.8059E-08 3.3151E-08 2.8444E-08 2.4160E-08 2.0534E-08 1.6640E-08 1.3490E-08 1.0508E-08 8.1903E-09 6.2094E-09 4.6241E-09 3.3138E-09 2.4217E-09 1.7020E-09 1.1985E-09 8.3165E-10 5.6941E-10 4.0897E-10 2.9192E-10 2.0695E-10 1.4264E-10 9.7896E-11 6.5284E-11 4.1655E-11 2.4502E-11 9.2191E-12 1.6043E-12 1.9242E-13 0.0000E+00 0.0000E+00 0.0000E+00 0.0000E+00 0.0000E+00 0.0000E+00 0.0000E+00 0.0000E+00 0.0000E+00 0.0000E+00 0.0000E+00 0.0000E+00 0.0000E+00 0.0000E+00 0.0000E+00
4.6595E-09 7.3797E-09 1.1170E-08 1.6095E-08 2.2087E-08 2.8899E-08 3.6009E-08 4.2787E-08 4.8410E-08 5.2139E-08 5.3483E-08 5.2350E-08 4.9057E-08 4.4189E-08 3.8490E-08 3.2659E-08 2.7178E-08 2.2306E-08 1.8121E-08 1.4832E-08 1.1330E-08 8.9530E-09 6.9376E-09 5.0660E-09 3.7392E-09 2.5807E-09 1.8233E-09 1.2588E-09 8.4539E-10 5.8554E-10 4.1209E-10 2.9256E-10 2.0435E-10 1.4169E-10 9.5033E-11 6.2776E-11 3.9846E-11 2.3472E-11 9.3410E-12 1.8099E-12 1.4263E-13 0.0000E+00 0.0000E+00 0.0000E+00 0.0000E+00 0.0000E+00 0.0000E+00 0.0000E+00 0.0000E+00 0.0000E+00 0.0000E+00 0.0000E+00 0.0000E+00 0.0000E+00 0.0000E+00 0.0000E+00 0.0000E+00
3.9359E-09 6.3938E-09 9.9395E-09 1.4761E-08 2.0813E-08 2.7901E-08 3.5599E-08 4.3155E-08 4.9687E-08 5.4252E-08 5.6217E-08 5.5307E-08 5.1760E-08 4.6236E-08 3.9658E-08 3.2840E-08 2.6470E-08 2.0956E-08 1.6378E-08 1.2633E-08 9.5474E-09 7.4935E-09 5.5417E-09 4.1014E-09 2.8253E-09 1.9662E-09 1.3562E-09 9.2023E-10 6.0761E-10 4.0950E-10 2.8210E-10 1.9628E-10 1.3365E-10 8.9995E-11 5.8111E-11 3.5595E-11 2.0623E-11 7.9518E-12 2.4781E-12 3.8377E-14 0.0000E+00 0.0000E+00 0.0000E+00 0.0000E+00 0.0000E+00 0.0000E+00 0.0000E+00 0.0000E+00 0.0000E+00 0.0000E+00 0.0000E+00 0.0000E+00 0.0000E+00 0.0000E+00 0.0000E+00 0.0000E+00 0.0000E+00
3.2128E-09 5.3895E-09 8.6302E-09 1.3211E-08 1.9207E-08 2.6487E-08 3.4676E-08 4.3036E-08 5.0581E-08 5.6238E-08 5.9058E-08 5.8585E-08 5.4992E-08 4.8923E-08 4.1429E-08 3.3616E-08 2.6350E-08 2.0110E-08 1.5073E-08 1.1148E-08 7.9566E-09 5.9419E-09 4.4770E-09 3.1074E-09 2.1644E-09 1.4958E-09 9.8766E-10 6.6979E-10 4.1233E-10 2.6911E-10 1.8142E-10 1.2206E-10 7.8988E-11 5.0223E-11 2.9328E-11 1.6183E-11 7.7686E-12 2.6199E-12 0.0000E+00 0.0000E+00 0.0000E+00 0.0000E+00 0.0000E+00 0.0000E+00 0.0000E+00 0.0000E+00 0.0000E+00 0.0000E+00 0.0000E+00 0.0000E+00 0.0000E+00 0.0000E+00 0.0000E+00 0.0000E+00 0.0000E+00 0.0000E+00 0.0000E+00
2.5394E-09 4.4050E-09 7.2800E-09 1.1516E-08 1.7330E-08 2.4639E-08 3.3216E-08 4.2370E-08 5.1008E-08 5.7868E-08 6.1839E-08 6.2127E-08 5.8684E-08 5.2189E-08 4.3847E-08 3.4953E-08 2.6649E-08 1.9635E-08 1.4115E-08 9.9625E-09 6.7089E-09 4.7712E-09 3.3886E-09 2.3417E-09 1.6240E-09 1.0470E-09 6.9390E-10 4.2006E-10 2.5665E-10 1.6314E-10 1.0503E-10 6.3822E-11 3.8226E-11 2.1723E-11 1.3687E-11 6.7388E-12 2.2476E-12 0.0000E+00 0.0000E+00 0.0000E+00 0.0000E+00 0.0000E+00 0.0000E+00 0.0000E+00 0.0000E+00 0.0000E+00 0.0000E+00 0.0000E+00 0.0000E+00 0.0000E+00 0.0000E+00 0.0000E+00 0.0000E+00 0.0000E+00 0.0000E+00 0.0000E+00 0.0000E+00
1.9245E-09 3.4764E-09 5.9792E-09 9.7805E-09 1.5227E-08 2.2422E-08 3.1208E-08 4.1000E-08 5.0765E-08 5.9056E-08 6.4406E-08 6.5753E-08 6.2794E-08 5.6064E-08 4.6889E-08 3.6890E-08 2.7471E-08 1.9534E-08 1.3429E-08 9.0181E-09 5.7657E-09 3.7911E-09 2.5943E-09 1.7111E-09 1.1100E-09 7.2265E-10 4.3014E-10 2.4564E-10 1.3757E-10 8.4753E-11 4.8855E-11 2.6706E-11 1.6753E-11 1.0805E-11 5.1764E-12 1.6219E-12 0.0000E+00 0.0000E+00 0.0000E+00 0.0000E+00 0.0000E+00 0.0000E+00 0.0000E+00 0.0000E+00 0.0000E+00 0.0000E+00 0.0000E+00 0.0000E+00 0.0000E+00 0.0000E+00 0.0000E+00 0.0000E+00 0.0000E+00 0.0000E+00 0.0000E+00 0.0000E+00 0.0000E+00
1.3980E-09 2.6442E-09 4.7390E-09 8.0573E-09 1.3029E-08 1.9891E-08 2.8700E-08 3.8995E-08 4.9778E-08 5.9529E-08 6.6557E-08 6.9345E-08 6.7187E-08 6.0493E-08 5.0625E-08 3.9439E-08 2.8755E-08 1.9821E-08 1.3039E-08 8.2787E-09 5.0116E-09 2.9669E-09 1.9397E-09 1.2177E-09 7.4218E-10 4.3148E-10 2.3710E-10 1.1856E-10 6.4147E-11 3.7163E-11 2.1089E-11 1.2334E-11 7.2552E-12 3.4708E-12 9.6634E-13 0.0000E+00 0.0000E+00 0.0000E+00 0.0000E+00 0.0000E+00 0.0000E+00 0.0000E+00 0.0000E+00 0.0000E+00 0.0000E+00 0.0000E+00 0.0000E+00 0.0000E+00 0.0000E+00 0.0000E+00 0.0000E+00 0.0000E+00 0.0000E+00 0.0000E+00 0.0000E+00 0.0000E+00 0.0000E+00
9.5215E-10 1.9233E-09 3.6111E-09 6.4261E-09 1.0822E-08 1.7166E-08 2.5718E-08 3.6255E-08 4.7928E-08 5.9190E-08 6.8069E-08 7.2626E-08 7.1742E-08 6.5423E-08 5.5005E-08 4.2714E-08 3.0702E-08 2.0534E-08 1.2926E-08 7.7668E-09 4.4226E-09 2.2907E-09 1.4194E-09 8.3461E-10 4.6636E-10 2.3962E-10 1.0977E-10 5.1413E-11 2.9029E-11 1.5347E-11 8.3501E-12 4.2068E-12 1.9129E-12 2.8516E-13 0.0000E+00 0.0000E+00 0.0000E+00 0.0000E+00 0.0000E+00 0.0000E+00 0.0000E+00 0.0000E+00 0.0000E+00 0.0000E+00 0.0000E+00 0.0000E+00 0.0000E+00 0.0000E+00 0.0000E+00 0.0000E+00 0.0000E+00 0.0000E+00 0.0000E+00 0.0000E+00 0.0000E+00 0.0000E+00 0.0000E+00
5.6420E-10 1.3123E-09 2.6260E-09 4.9236E-09 8.6857E-09 1.4374E-08 2.2454E-08 3.2943E-08 4.5223E-08 5.7856E-08 6.8712E-08 7.5430E-08 7.6227E-08 7.0722E-08 6.0105E-08 4.6703E-08 3.3216E-08 2.1743E-08 1.3171E-08 7.4624E-09 3.9635E-09 1.7444E-09 1.0056E-09 5.5329E-10 2.7490E-10 1.2101E-10 4.4388E-11 2.1519E-11 1.0640E-11 4.6426E-12 1.9697E-12 5.2730E-13 0.0000E+00 0.0000E+00 0.0000E+00 0.0000E+00 0.0000E+00 0.0000E+00 0.0000E+00 0.0000E+00 0.0000E+00 0.0000E+00 0.0000E+00 0.0000E+00 0.0000E+00 0.0000E+00 0.0000E+00 0.0000E+00 0.0000E+00 0.0000E+00 0.0000E+00 0.0000E+00 0.0000E+00 0.0000E+00 0.0000E+00 0.0000E+00 0.0000E+00
2.3965E-10 8.0323E-10 1.8048E-09 3.6158E-09 6.7138E-09 1.1628E-08 1.8968E-08 2.9104E-08 4.1681E-08 5.5479E-08 6.8300E-08 7.7415E-08 8.0434E-08 7.6281E-08 6.5798E-08 5.1502E-08 3.6529E-08 2.3507E-08 1.3780E-08 7.4291E-09 3.6245E-09 1.3444E-09 6.9806E-10 3.5841E-10 1.4990E-10 4.6929E-11 1.3876E-11 5.7381E-12 1.6635E-12 3.2657E-13 0.0000E+00 0.0000E+00 0.0000E+00 0.0000E+00 0.0000E+00 0.0000E+00 0.0000E+00 0.0000E+00 0.0000E+00 0.0000E+00 0.0000E+00 0.0000E+00 0.0000E+00 0.0000E+00 0.0000E+00 0.0000E+00 0.0000E+00 0.0000E+00 0.0000E+00 0.0000E+00 0.0000E+00 0.0000E+00 0.0000E+00 0.0000E+00 0.0000E+00 0.0000E+00 0.0000E+00
7.6884E-11 3.9269E-10 1.1500E-09 2.4921E-09 4.9455E-09 9.0735E-09 1.5536E-08 2.4958E-08 3.7398E-08 5.2037E-08 6.6707E-08 7.8409E-08 8.4069E-08 8.1835E-08 7.2024E-08 5.7065E-08 4.0610E-08 2.5917E-08 1.4831E-08 7.6445E-09 3.5031E-09 1.0636E-09 4.5314E-10 2.0489E-10 6.2473E-11 7.1206E-12 1.8264E-12 0.0000E+00 0.0000E+00 0.0000E+00 0.0000E+00 0.0000E+00 0.0000E+00 0.0000E+00 0.0000E+00 0.0000E+00 0.0000E+00 0.0000E+00 0.0000E+00 0.0000E+00 0.0000E+00 0.0000E+00 0.0000E+00 0.0000E+00 0.0000E+00 0.0000E+00 0.0000E+00 0.0000E+00 0.0000E+00 0.0000E+00 0.0000E+00 0.0000E+00 0.0000E+00 0.0000E+00 0.0000E+00 0.0000E+00 0.0000E+00
2.7217E-12 1.4143E-10 5.8604E-10 1.5988E-09 3.4686E-09 6.7411E-09 1.2190E-08 2.0673E-08 3.2612E-08 4.7573E-08 6.3809E-08 7.8145E-08 8.6875E-08 8.7194E-08 7.8614E-08 6.3399E-08 4.5548E-08 2.9036E-08 1.6400E-08 8.1741E-09 3.5129E-09 1.0218E-09 2.7364E-10 1.0161E-10 1.3476E-11 6.8105E-14 0.0000E+00 0.0000E+00 0.0000E+00 0.0000E+00 0.0000E+00 0.0000E+00 0.0000E+00 0.0000E+00 0.0000E+00 0.0000E+00 0.0000E+00 0.0000E+00 0.0000E+00 0.0000E+00 0.0000E+00 0.0000E+00 0.0000E+00 0.0000E+00 0.0000E+00 0.0000E+00 0.0000E+00 0.0000E+00 0.0000E+00 0.0000E+00 0.0000E+00 0.0000E+00 0.0000E+00 0.0000E+00 0.0000E+00 0.0000E+00 0.0000E+00
0.0000E+00 2.0346E-11 2.2176E-10 8.5856E-10 2.2089E-09 4.7749E-09 9.1774E-09 1.6445E-08 2.7442E-08 4.2278E-08 5.9650E-08 7.6466E-08 8.8505E-08 9.1962E-08 8.5368E-08 7.0416E-08 5.1394E-08 3.3008E-08 1.8557E-08 9.0562E-09 3.7593E-09 1.1420E-09 1.4467E-10 3.7014E-11 0.0000E+00 0.0000E+00 0.0000E+00 0.0000E+00 0.0000E+00 0.0000E+00 0.0000E+00 0.0000E+00 0.0000E+00 0.0000E+00 0.0000E+00 0.0000E+00 0.0000E+00 0.0000E+00 0.0000E+00 0.0000E+00 0.0000E+00 0.0000E+00 0.0000E+00 0.0000E+00 0.0000E+00 0.0000E+00 0.0000E+00 0.0000E+00 0.0000E+00 0.0000E+00 0.0000E+00 0.0000E+00 0.0000E+00 0.0000E+00 0.0000E+00 0.0000E+00 0.0000E+00
0.0000E+00 0.0000E+00 5.8199E-11 3.5741E-10 1.2208E-09 3.1245E-09 6.5164E-09 1.2494E-08 2.2218E-08 3.6357E-08 5.4327E-08 7.3310E-08 8.8814E-08 9.5968E-08 9.2084E-08 7.8046E-08 5.8154E-08 3.7870E-08 2.1401E-08 1.0352E-08 4.1967E-09 1.2881E-09 6.5522E-11 2.4940E-12 0.0000E+00 0.0000E+00 0.0000E+00 0.0000E+00 0.0000E+00 0.0000E+00 0.0000E+00 0.0000E+00 0.0000E+00 0.0000E+00 0.0000E+00 0.0000E+00 0.0000E+00 0.0000E+00 0.0000E+00 0.0000E+00 0.0000E+00 0.0000E+00 0.0000E+00 0.0000E+00 0.0000E+00 0.0000E+00 0.0000E+00 0.0000E+00 0.0000E+00 0.0000E+00 0.0000E+00 0.0000E+00 0.0000E+00 0.0000E+00 0.0000E+00 0.0000E+00 0.0000E+00
0.0000E+00 0.0000E+00 0.0000E+00 1.1591E-10 5.3535E-10 1.8095E-09 4.3576E-09 9.0275E-09 1.7232E-08 3.0195E-08 4.8025E-08 6.8639E-08 8.7462E-08 9.8693E-08 9.8304E-08 8.6016E-08 6.5843E-08 4.3759E-08 2.5058E-08 1.2180E-08 4.9243E-09 1.5353E-09 5.0223E-11 0.0000E+00 0.0000E+00 0.0000E+00 0.0000E+00 0.0000E+00 0.0000E+00 0.0000E+00 0.0000E+00 0.0000E+00 0.0000E+00 0.0000E+00 0.0000E+00 0.0000E+00 0.0000E+00 0.0000E+00 0.0000E+00 0.0000E+00 0.0000E+00 0.0000E+00 0.0000E+00 0.0000E+00 0.0000E+00 0.0000E+00 0.0000E+00 0.0000E+00 0.0000E+00 0.0000E+00 0.0000E+00 0.0000E+00 0.0000E+00 0.0000E+00 0.0000E+00 0.0000E+00 0.0000E+00
0.0000E+00 0.0000E+00 0.0000E+00 9.0254E-12 1.8688E-10 7.9454E-10 2.6004E-09 6.1156E-09 1.2703E-08 2.4073E-08 4.1191E-08 6.2770E-08 8.4501E-08 1.0004E-07 1.0376E-07 9.4010E-08 7.4171E-08 5.0632E-08 2.9590E-08 1.4571E-08 5.9463E-09 1.8954E-09 1.0890E-10 0.0000E+00 0.0000E+00 0.0000E+00 0.0000E+00 0.0000E+00 0.0000E+00 0.0000E+00 0.0000E+00 0.0000E+00 0.0000E+00 0.0000E+00 0.0000E+00 0.0000E+00 0.0000E+00 0.0000E+00 0.0000E+00 0.0000E+00 0.0000E+00 0.0000E+00 0.0000E+00 0.0000E+00 0.0000E+00 0.0000E+00 0.0000E+00 0.0000E+00 0.0000E+00 0.0000E+00 0.0000E+00 0.0000E+00 0.0000E+00 0.0000E+00 0.0000E+00 0.0000E+00 0.0000E+00
