Assets/Resources/2015_m01_d11_1400(utc+0800)_l00_csi_1hr_conc.grd
DSAA
         159         159
     -79.000      79.000
     -79.000      79.000
  0.0000E+00  0.1505E-05
[rows 25 to 49 of 159, columns 0 to 56 of 159]
5.0142E-10 6.2400E-10 7.6976E-10 9.3269E-10 1.1335E-09 1.3605E-09 1.6311E-09 1.9366E-09 2.2964E-09 2.6963E-09 3.1538E-09 3.6664E-09 4.2320E-09 4.8553E-09 5.5325E-09 6.2608E-09 7.0282E-09 7.8363E-09 8.6646E-09 9.5002E-09 1.0335E-08 1.1141E-08 1.1901E-08 1.2601E-08 1.3210E-08 1.3716E-08 1.4098E-08 1.4335E-08 1.4428E-08 1.4364E-08 1.4140E-08 1.3768E-08 1.3253E-08 1.2613E-08 1.1863E-08 1.1031E-08 1.0143E-08 9.2137E-09 8.2768E-09 7.3520E-09 6.4563E-09 5.6131E-09 4.8236E-09 4.1131E-09 3.4758E-09 2.9217E-09 2.4532E-09 2.0633E-09 1.7520E-09 1.5050E-09 1.3026E-09 1.1552E-09 1.0687E-09 1.0249E-09 1.0164E-09 1.0332E-09 1.0505E-09
3.9354E-10 5.0304E-10 6.2836E-10 7.7173E-10 9.4296E-10 1.1351E-09 1.3711E-09 1.6362E-09 1.9501E-09 2.3053E-09 2.7152E-09 3.1738E-09 3.6913E-09 4.2654E-09 4.8935E-09 5.5810E-09 6.3156E-09 7.0963E-09 7.9099E-09 8.7497E-09 9.5990E-09 1.0438E-08 1.1255E-08 1.2026E-08 1.2726E-08 1.3344E-08 1.3850E-08 1.4234E-08 1.4478E-08 1.4570E-08 1.4508E-08 1.4288E-08 1.3920E-08 1.3409E-08 1.2775E-08 1.2037E-08 1.1211E-08 1.0325E-08 9.4048E-09 8.4687E-09 7.5362E-09 6.6306E-09 5.7662E-09 4.9654E-09 4.2267E-09 3.5715E-09 2.9926E-09 2.5038E-09 2.0962E-09 1.7689E-09 1.5089E-09 1.3029E-09 1.1540E-09 1.0653E-09 1.0229E-09 1.0133E-09 1.0269E-09
2.9792E-10 3.8671E-10 4.9868E-10 6.2046E-10 7.7098E-10 9.3579E-10 1.1367E-09 1.3638E-09 1.6378E-09 1.9458E-09 2.3071E-09 2.7160E-09 3.1795E-09 3.6992E-09 4.2761E-09 4.9146E-09 5.6030E-09 6.3474E-09 7.1339E-09 7.9569E-09 8.8048E-09 9.6596E-09 1.0510E-08 1.1333E-08 1.2111E-08 1.2824E-08 1.3444E-08 1.3962E-08 1.4353E-08 1.4603E-08 1.4707E-08 1.4656E-08 1.4449E-08 1.4093E-08 1.3602E-08 1.2984E-08 1.2261E-08 1.1453E-08 1.0581E-08 9.6579E-09 8.7221E-09 7.7794E-09 6.8600E-09 5.9693E-09 5.1331E-09 4.3656E-09 3.6723E-09 3.0687E-09 2.5498E-09 2.1234E-09 1.7804E-09 1.5080E-09 1.3019E-09 1.1476E-09 1.0592E-09 1.0127E-09 1.0059E-09
2.1915E-10 2.9150E-10 3.8063E-10 4.8732E-10 6.1307E-10 7.5500E-10 9.2805E-10 1.1214E-09 1.3549E-09 1.6205E-09 1.9352E-09 2.2920E-09 2.7032E-09 3.1671E-09 3.6877E-09 4.2697E-09 4.9052E-09 5.6032E-09 6.3465E-09 7.1415E-09 7.9681E-09 8.8206E-09 9.6862E-09 1.0540E-08 1.1375E-08 1.2160E-08 1.2881E-08 1.3518E-08 1.4043E-08 1.4449E-08 1.4717E-08 1.4837E-08 1.4806E-08 1.4628E-08 1.4299E-08 1.3835E-08 1.3248E-08 1.2551E-08 1.1759E-08 1.0903E-08 9.9871E-09 9.0357E-09 8.0779E-09 7.1231E-09 6.2046E-09 5.3252E-09 4.5157E-09 3.7824E-09 3.1389E-09 2.5931E-09 2.1405E-09 1.7783E-09 1.4989E-09 1.2897E-09 1.1325E-09 1.0397E-09 9.9665E-10
1.5976E-10 2.1614E-10 2.8395E-10 3.6733E-10 4.7525E-10 5.9602E-10 7.4181E-10 9.0465E-10 1.1031E-09 1.3298E-09 1.6000E-09 1.9075E-09 2.2654E-09 2.6734E-09 3.1350E-09 3.6579E-09 4.2357E-09 4.8753E-09 5.5689E-09 6.3191E-09 7.1106E-09 7.9437E-09 8.7997E-09 9.6693E-09 1.0534E-08 1.1372E-08 1.2172E-08 1.2904E-08 1.3551E-08 1.4097E-08 1.4522E-08 1.4814E-08 1.4965E-08 1.4969E-08 1.4825E-08 1.4541E-08 1.4117E-08 1.3566E-08 1.2904E-08 1.2140E-08 1.1286E-08 1.0374E-08 9.4060E-09 8.4202E-09 7.4255E-09 6.4528E-09 5.5278E-09 4.6641E-09 3.8879E-09 3.2039E-09 2.6251E-09 2.1474E-09 1.7685E-09 1.4826E-09 1.2708E-09 1.1104E-09 1.0208E-09
1.1829E-10 1.5832E-10 2.1148E-10 2.7584E-10 3.5925E-10 4.5871E-10 5.7994E-10 7.1530E-10 8.8428E-10 1.0730E-09 1.3000E-09 1.5629E-09 1.8705E-09 2.2214E-09 2.6269E-09 3.0878E-09 3.6022E-09 4.1831E-09 4.8142E-09 5.5112E-09 6.2534E-09 7.0493E-09 7.8804E-09 8.7397E-09 9.6137E-09 1.0482E-08 1.1331E-08 1.2137E-08 1.2884E-08 1.3549E-08 1.4116E-08 1.4568E-08 1.4897E-08 1.5088E-08 1.5141E-08 1.5052E-08 1.4817E-08 1.4449E-08 1.3948E-08 1.3317E-08 1.2578E-08 1.1736E-08 1.0809E-08 9.8183E-09 8.7849E-09 7.7431E-09 6.7110E-09 5.7215E-09 4.8030E-09 3.9705E-09 3.2464E-09 2.6306E-09 2.1327E-09 1.7448E-09 1.4529E-09 1.2364E-09 1.0822E-09
8.4297E-11 1.1557E-10 1.5812E-10 2.0558E-10 2.6824E-10 3.4671E-10 4.4417E-10 5.5485E-10 6.9400E-10 8.5203E-10 1.0416E-09 1.2609E-09 1.5201E-09 1.8207E-09 2.1677E-09 2.5669E-09 3.0210E-09 3.5322E-09 4.1010E-09 4.7337E-09 5.4169E-09 6.1641E-09 6.9491E-09 7.7831E-09 8.6400E-09 9.5127E-09 1.0388E-08 1.1239E-08 1.2057E-08 1.2817E-08 1.3502E-08 1.4099E-08 1.4590E-08 1.4963E-08 1.5214E-08 1.5324E-08 1.5301E-08 1.5138E-08 1.4825E-08 1.4376E-08 1.3790E-08 1.3065E-08 1.2225E-08 1.1280E-08 1.0253E-08 9.1673E-09 8.0554E-09 6.9594E-09 5.8991E-09 4.9170E-09 4.0309E-09 3.2584E-09 2.6144E-09 2.0968E-09 1.7037E-09 1.4085E-09 1.1945E-09
5.0212E-11 7.6951E-11 1.1342E-10 1.5357E-10 2.0232E-10 2.6051E-10 3.3482E-10 4.2511E-10 5.3475E-10 6.6432E-10 8.2125E-10 1.0026E-09 1.2188E-09 1.4695E-09 1.7621E-09 2.1038E-09 2.4931E-09 2.9412E-09 3.4413E-09 4.0053E-09 4.6234E-09 5.3053E-09 6.0358E-09 6.8210E-09 7.6428E-09 8.4965E-09 9.3667E-09 1.0237E-08 1.1097E-08 1.1921E-08 1.2699E-08 1.3413E-08 1.4044E-08 1.4585E-08 1.5017E-08 1.5332E-08 1.5524E-08 1.5573E-08 1.5485E-08 1.5245E-08 1.4845E-08 1.4295E-08 1.3590E-08 1.2741E-08 1.1765E-08 1.0685E-08 9.5369E-09 8.3534E-09 7.1729E-09 6.0423E-09 4.9882E-09 4.0485E-09 3.2371E-09 2.5695E-09 2.0403E-09 1.6390E-09 1.3469E-09
3.1920E-11 4.8345E-11 6.8827E-11 1.0249E-10 1.4173E-10 1.9427E-10 2.5280E-10 3.2492E-10 4.1027E-10 5.1035E-10 6.3667E-10 7.8674E-10 9.6199E-10 1.1697E-09 1.4126E-09 1.6997E-09 2.0296E-09 2.4119E-09 2.8448E-09 3.3380E-09 3.8845E-09 4.4970E-09 5.1587E-09 5.8830E-09 6.6497E-09 7.4607E-09 8.3040E-09 9.1654E-09 1.0035E-08 1.0894E-08 1.1731E-08 1.2529E-08 1.3275E-08 1.3955E-08 1.4549E-08 1.5054E-08 1.5448E-08 1.5723E-08 1.5865E-08 1.5853E-08 1.5684E-08 1.5344E-08 1.4824E-08 1.4124E-08 1.3257E-08 1.2239E-08 1.1102E-08 9.8734E-09 8.6087E-09 7.3432E-09 6.1311E-09 5.0133E-09 4.0197E-09 3.1761E-09 2.4904E-09 1.9550E-09 1.5548E-09
2.5351E-11 3.2585E-11 4.3300E-11 6.3643E-11 8.9865E-11 1.2820E-10 1.7628E-10 2.3947E-10 3.1118E-10 3.9629E-10 4.9226E-10 6.0702E-10 7.4975E-10 9.1952E-10 1.1170E-09 1.3550E-09 1.6279E-09 1.9515E-09 2.3168E-09 2.7421E-09 3.2137E-09 3.7498E-09 4.3381E-09 4.9880E-09 5.6874E-09 6.4394E-09 7.2306E-09 8.0595E-09 8.9105E-09 9.7706E-09 1.0635E-08 1.1482E-08 1.2306E-08 1.3089E-08 1.3819E-08 1.4485E-08 1.5066E-08 1.5553E-08 1.5920E-08 1.6153E-08 1.6233E-08 1.6132E-08 1.5840E-08 1.5347E-08 1.4649E-08 1.3755E-08 1.2683E-08 1.1470E-08 1.0161E-08 8.7981E-09 7.4483E-09 6.1530E-09 4.9732E-09 3.9369E-09 3.0698E-09 2.3726E-09 1.8419E-09
2.2502E-11 2.7026E-11 3.3452E-11 4.0694E-11 5.8910E-11 8.3548E-11 1.1606E-10 1.5905E-10 2.1470E-10 2.8872E-10 3.7402E-10 4.7241E-10 5.8158E-10 7.1413E-10 8.7231E-10 1.0647E-09 1.2904E-09 1.5547E-09 1.8597E-09 2.2167E-09 2.6150E-09 3.0793E-09 3.5844E-09 4.1596E-09 4.7785E-09 5.4564E-09 6.1844E-09 6.9528E-09 7.7621E-09 8.5948E-09 9.4505E-09 1.0312E-08 1.1177E-08 1.2026E-08 1.2854E-08 1.3644E-08 1.4382E-08 1.5053E-08 1.5633E-08 1.6104E-08 1.6431E-08 1.6595E-08 1.6566E-08 1.6320E-08 1.5843E-08 1.5137E-08 1.4204E-08 1.3073E-08 1.1773E-08 1.0366E-08 8.9049E-09 7.4623E-09 6.0962E-09 4.8602E-09 3.7920E-09 2.9137E-09 2.2202E-09
2.0028E-11 2.4948E-11 2.9906E-11 3.5756E-11 4.3361E-11 5.2484E-11 7.3605E-11 1.0027E-10 1.4245E-10 1.9355E-10 2.6113E-10 3.4144E-10 4.4122E-10 5.5272E-10 6.7649E-10 8.2848E-10 1.0067E-09 1.2217E-09 1.4714E-09 1.7633E-09 2.0975E-09 2.4826E-09 2.9138E-09 3.4072E-09 3.9419E-09 4.5431E-09 5.1856E-09 5.8866E-09 6.6276E-09 7.4065E-09 8.2275E-09 9.0683E-09 9.9359E-09 1.0810E-08 1.1691E-08 1.2565E-08 1.3420E-08 1.4240E-08 1.5003E-08 1.5686E-08 1.6256E-08 1.6684E-08 1.6929E-08 1.6965E-08 1.6762E-08 1.6300E-08 1.5573E-08 1.4588E-08 1.3375E-08 1.1983E-08 1.0469E-08 8.9100E-09 7.3782E-09 5.9466E-09 4.6687E-09 3.5848E-09 2.7072E-09
1.8634E-11 2.2926E-11 2.7373E-11 3.2851E-11 3.8509E-11 4.6802E-11 5.4743E-11 6.7966E-11 9.0618E-11 1.2312E-10 1.7062E-10 2.3092E-10 3.0610E-10 4.0063E-10 5.1062E-10 6.3543E-10 7.7694E-10 9.4830E-10 1.1472E-09 1.3834E-09 1.6546E-09 1.9718E-09 2.3298E-09 2.7404E-09 3.1964E-09 3.7075E-09 4.2670E-09 4.8828E-09 5.5420E-09 6.2528E-09 7.0058E-09 7.7996E-09 8.6337E-09 9.4943E-09 1.0391E-08 1.1300E-08 1.2225E-08 1.3149E-08 1.4052E-08 1.4912E-08 1.5696E-08 1.6370E-08 1.6894E-08 1.7226E-08 1.7325E-08 1.7154E-08 1.6691E-08 1.5926E-08 1.4877E-08 1.3570E-08 1.2067E-08 1.0444E-08 8.7869E-09 7.1754E-09 5.6956E-09 4.3943E-09 3.3180E-09
1.6297E-11 1.9799E-11 2.5240E-11 3.0398E-11 3.5085E-11 4.2079E-11 4.8738E-11 5.8108E-11 7.0543E-11 8.8264E-11 1.1485E-10 1.4831E-10 2.0377E-10 2.7376E-10 3.5942E-10 4.6446E-10 5.8070E-10 7.2226E-10 8.8038E-10 1.0690E-09 1.2859E-09 1.5396E-09 1.8311E-09 2.1654E-09 2.5429E-09 2.9692E-09 3.4414E-09 3.9660E-09 4.5382E-09 5.1605E-09 5.8331E-09 6.5548E-09 7.3269E-09 8.1413E-09 9.0086E-09 9.9115E-09 1.0864E-08 1.1837E-08 1.2831E-08 1.3819E-08 1.4776E-08 1.5665E-08 1.6445E-08 1.7068E-08 1.7479E-08 1.7631E-08 1.7481E-08 1.7001E-08 1.6178E-08 1.5037E-08 1.3625E-08 1.2007E-08 1.0273E-08 8.5231E-09 6.8525E-09 5.3392E-09 4.0419E-09
1.3464E-11 1.7990E-11 2.2190E-11 2.6490E-11 3.2438E-11 3.8544E-11 4.4858E-11 5.0864E-11 6.0761E-11 7.4190E-11 9.0372E-11 1.1295E-10 1.4149E-10 1.8518E-10 2.4313E-10 3.1710E-10 4.1626E-10 5.2889E-10 6.5897E-10 8.0902E-10 9.7899E-10 1.1821E-09 1.4113E-09 1.6799E-09 1.9841E-09 2.3292E-09 2.7189E-09 3.1506E-09 3.6339E-09 4.1620E-09 4.7444E-09 5.3772E-09 6.0634E-09 6.8095E-09 7.6113E-09 8.4743E-09 9.3982E-09 1.0376E-08 1.1408E-08 1.2471E-08 1.3548E-08 1.4605E-08 1.5606E-08 1.6491E-08 1.7207E-08 1.7689E-08 1.7880E-08 1.7726E-08 1.7202E-08 1.6305E-08 1.5057E-08 1.3520E-08 1.1779E-08 9.9418E-09 8.1127E-09 6.4007E-09 4.8810E-09
1.1941E-11 1.5622E-11 1.9330E-11 2.4299E-11 2.9297E-11 3.4100E-11 4.0620E-11 4.6945E-11 5.2656E-11 6.2470E-11 7.6339E-11 9.2133E-11 1.1351E-10 1.4090E-10 1.7499E-10 2.2275E-10 2.8688E-10 3.6980E-10 4.7691E-10 5.9206E-10 7.3157E-10 8.8645E-10 1.0670E-09 1.2774E-09 1.5150E-09 1.7915E-09 2.0990E-09 2.4498E-09 2.8436E-09 3.2771E-09 3.7672E-09 4.3002E-09 4.8953E-09 5.5451E-09 6.2612E-09 7.0484E-09 7.9098E-09 8.8521E-09 9.8655E-09 1.0951E-08 1.2091E-08 1.3263E-08 1.4425E-08 1.5532E-08 1.6523E-08 1.7320E-08 1.7854E-08 1.8058E-08 1.7879E-08 1.7282E-08 1.6277E-08 1.4903E-08 1.3235E-08 1.1370E-08 9.4350E-09 7.5497E-09 5.8251E-09
9.8736E-12 1.3080E-11 1.7159E-11 2.1214E-11 2.5680E-11 3.1446E-11 3.6944E-11 4.2614E-11 4.8185E-11 5.3777E-11 6.1226E-11 7.5452E-11 9.1719E-11 1.1209E-10 1.3833E-10 1.7014E-10 2.0951E-10 2.6306E-10 3.3336E-10 4.2107E-10 5.3102E-10 6.5301E-10 7.9268E-10 9.5128E-10 1.1373E-09 1.3485E-09 1.5891E-09 1.8627E-09 2.1730E-09 2.5226E-09 2.9171E-09 3.3529E-09 3.8484E-09 4.3912E-09 5.0136E-09 5.6954E-09 6.4733E-09 7.3316E-09 8.2925E-09 9.3501E-09 1.0498E-08 1.1721E-08 1.2990E-08 1.4260E-08 1.5471E-08 1.6547E-08 1.7413E-08 1.7975E-08 1.8161E-08 1.7919E-08 1.7227E-08 1.6090E-08 1.4568E-08 1.2755E-08 1.0774E-08 8.7590E-09 6.8500E-09
8.1915E-12 1.1228E-11 1.4450E-11 1.8333E-11 2.3118E-11 2.7590E-11 3.2493E-11 3.8738E-11 4.4405E-11 4.9349E-11 5.3621E-11 5.9559E-11 7.0885E-11 8.8394E-11 1.0928E-10 1.3347E-10 1.6289E-10 1.9974E-10 2.4457E-10 3.0206E-10 3.7576E-10 4.7074E-10 5.7700E-10 6.9756E-10 8.3772E-10 9.9643E-10 1.1806E-09 1.3864E-09 1.6236E-09 1.8943E-09 2.2007E-09 2.5466E-09 2.9408E-09 3.3844E-09 3.8966E-09 4.4705E-09 5.1423E-09 5.8981E-09 6.7734E-09 7.7558E-09 8.8601E-09 1.0081E-08 1.1392E-08 1.2761E-08 1.4132E-08 1.5441E-08 1.6590E-08 1.7490E-08 1.8052E-08 1.8191E-08 1.7849E-08 1.7016E-08 1.5721E-08 1.4036E-08 1.2076E-08 9.9926E-09 7.9304E-09
6.3034E-12 8.5533E-12 1.2241E-11 1.6155E-11 1.9396E-11 2.4291E-11 2.9493E-11 3.4379E-11 4.0406E-11 4.5398E-11 5.0316E-11 5.4609E-11 5.9124E-11 6.3303E-11 7.5836E-11 9.7307E-11 1.2303E-10 1.5166E-10 1.8586E-10 2.2705E-10 2.7522E-10 3.3819E-10 4.1275E-10 5.0032E-10 6.0611E-10 7.2331E-10 8.5996E-10 1.0120E-09 1.1871E-09 1.3862E-09 1.6177E-09 1.8819E-09 2.1844E-09 2.5354E-09 2.9380E-09 3.4093E-09 3.9617E-09 4.6051E-09 5.3683E-09 6.2497E-09 7.2762E-09 8.4377E-09 9.7342E-09 1.1136E-08 1.2604E-08 1.4075E-08 1.5458E-08 1.6660E-08 1.7571E-08 1.8089E-08 1.8135E-08 1.7661E-08 1.6654E-08 1.5170E-08 1.3306E-08 1.1212E-08 9.0477E-09
4.5069E-12 6.9476E-12 9.8080E-12 1.2863E-11 1.6869E-11 2.1404E-11 2.5330E-11 3.0602E-11 3.5901E-11 4.1882E-11 4.6248E-11 5.1129E-11 5.5385E-11 5.9282E-11 6.3697E-11 6.8518E-11 7.6125E-11 9.0926E-11 1.2694E-10 1.6205E-10 2.0307E-10 2.4696E-10 2.9962E-10 3.6361E-10 4.3123E-10 5.1708E-10 6.1380E-10 7.2432E-10 8.4996E-10 9.9107E-10 1.1587E-09 1.3516E-09 1.5785E-09 1.8399E-09 2.1512E-09 2.5193E-09 2.9603E-09 3.4920E-09 4.1301E-09 4.8940E-09 5.8092E-09 6.8741E-09 8.1088E-09 9.4869E-09 1.0990E-08 1.2549E-08 1.4106E-08 1.5551E-08 1.6772E-08 1.7660E-08 1.8098E-08 1.8003E-08 1.7342E-08 1.6125E-08 1.4432E-08 1.2392E-08 1.0180E-08
3.6683E-12 5.3700E-12 7.7910E-12 1.0727E-11 1.4135E-11 1.7482E-11 2.2113E-11 2.6702E-11 3.1581E-11 3.6990E-11 4.2270E-11 4.7212E-11 5.1471E-11 5.5684E-11 5.9825E-11 6.3889E-11 6.8150E-11 7.2459E-11 7.8820E-11 8.8420E-11 1.0733E-10 1.5280E-10 2.0337E-10 2.5110E-10 3.0768E-10 3.6491E-10 4.3111E-10 5.0867E-10 5.9597E-10 6.9517E-10 8.0749E-10 9.4454E-10 1.1071E-09 1.2979E-09 1.5287E-09 1.8056E-09 2.1462E-09 2.5666E-09 3.0855E-09 3.7275E-09 4.5131E-09 5.4674E-09 6.5933E-09 7.9004E-09 9.3722E-09 1.0969E-08 1.2628E-08 1.4253E-08 1.5739E-08 1.6953E-08 1.7768E-08 1.8074E-08 1.7792E-08 1.6897E-08 1.5438E-08 1.3521E-08 1.1315E-08
2.0619E-12 4.1985E-12 6.2092E-12 8.6322E-12 1.1262E-11 1.5289E-11 1.8996E-11 2.2676E-11 2.7615E-11 3.2571E-11 3.8182E-11 4.2531E-11 4.7412E-11 5.1618E-11 5.5501E-11 5.9581E-11 6.3567E-11 6.7741E-11 7.1804E-11 7.6047E-11 8.0829E-11 8.8199E-11 9.9120E-11 1.2164E-10 1.7449E-10 2.3871E-10 2.9058E-10 3.4409E-10 4.0651E-10 4.7705E-10 5.5330E-10 6.4189E-10 7.5377E-10 8.8892E-10 1.0514E-09 1.2567E-09 1.5099E-09 1.8309E-09 2.2413E-09 2.7624E-09 3.4180E-09 4.2383E-09 5.2409E-09 6.4469E-09 7.8419E-09 9.4159E-09 1.1112E-08 1.2856E-08 1.4540E-08 1.6040E-08 1.7202E-08 1.7897E-08 1.8008E-08 1.7478E-08 1.6306E-08 1.4580E-08 1.2442E-08
1.6652E-12 2.5997E-12 4.1629E-12 6.4227E-12 9.4004E-12 1.2303E-11 1.5770E-11 1.9787E-11 2.3774E-11 2.8406E-11 3.3700E-11 3.8650E-11 4.2946E-11 4.7478E-11 5.1620E-11 5.5435E-11 5.9438E-11 6.3333E-11 6.7111E-11 7.1059E-11 7.5180E-11 7.9479E-11 8.3960E-11 8.9020E-11 9.6887E-11 1.0832E-10 1.3339E-10 1.8209E-10 2.4297E-10 3.0348E-10 3.6238E-10 4.2259E-10 4.9388E-10 5.8907E-10 7.0337E-10 8.4715E-10 1.0291E-09 1.2701E-09 1.5838E-09 1.9919E-09 2.5266E-09 3.2150E-09 4.0856E-09 5.1570E-09 6.4510E-09 7.9529E-09 9.6353E-09 1.1436E-08 1.3263E-08 1.4981E-08 1.6454E-08 1.7514E-08 1.8029E-08 1.7890E-08 1.7058E-08 1.5576E-08 1.3571E-08
5.3742E-13 1.9027E-12 3.1058E-12 4.6539E-12 6.9066E-12 9.6080E-12 1.2755E-11 1.6749E-11 2.0498E-11 2.5084E-11 2.9403E-11 3.4653E-11 3.8952E-11 4.3467E-11 4.7366E-11 5.1435E-11 5.5174E-11 5.8803E-11 6.2601E-11 6.6267E-11 7.0092E-11 7.4082E-11 7.8241E-11 8.2570E-11 8.7077E-11 9.1761E-11 9.7041E-11 1.0551E-10 1.1745E-10 1.3320E-10 1.7467E-10 2.2935E-10 3.0032E-10 3.6150E-10 4.4092E-10 5.4254E-10 6.8101E-10 8.5438E-10 1.0870E-09 1.4038E-09 1.8255E-09 2.3895E-09 3.1235E-09 4.0585E-09 5.2302E-09 6.6260E-09 8.2507E-09 1.0052E-08 1.1958E-08 1.3845E-08 1.5574E-08 1.6972E-08 1.7869E-08 1.8129E-08 1.7673E-08 1.6494E-08 1.4674E-08
2.4917E-13 7.8187E-13 1.8767E-12 3.3257E-12 5.1311E-12 7.3588E-12 1.0302E-11 1.3477E-11 1.6860E-11 2.0809E-11 2.5687E-11 3.0315E-11 3.5172E-11 3.9137E-11 4.3573E-11 4.7394E-11 5.1094E-11 5.4748E-11 5.8278E-11 6.1673E-11 6.5217E-11 6.8913E-11 7.2763E-11 7.6775E-11 8.0946E-11 8.5283E-11 8.9787E-11 9.4459E-11 9.9299E-11 1.0479E-10 1.1274E-10 1.2036E-10 1.2731E-10 1.5743E-10 2.1733E-10 3.1894E-10 4.1525E-10 5.4621E-10 7.2009E-10 9.5959E-10 1.2919E-09 1.7438E-09 2.3486E-09 3.1484E-09 4.1757E-09 5.4559E-09 6.9845E-09 8.7431E-09 1.0671E-08 1.2675E-08 1.4603E-08 1.6291E-08 1.7552E-08 1.8228E-08 1.8169E-08 1.7335E-08 1.5762E-08
