Assets/Resources/2015_m01_d11_1700(utc+0800)_l00_csi_1hr_conc.grd
DSAA
         159         159
     -79.000      79.000
     -79.000      79.000
  0.0000E+00  0.1435E-04
[rows 0 to 24 of 159, columns 0 to 56 of 159]
3.6085E-09 3.8280E-09 4.0406E-09 4.2460E-09 4.4398E-09 4.6208E-09 4.7872E-09 4.9347E-09 5.0643E-09 5.1714E-09 5.2564E-09 5.3172E-09 5.3515E-09 5.3611E-09 5.3442E-09 5.3007E-09 5.2311E-09 5.1362E-09 5.0182E-09 4.8774E-09 4.7152E-09 4.5336E-09 4.3350E-09 4.1229E-09 3.8991E-09 3.6658E-09 3.4260E-09 3.1818E-09 2.9362E-09 2.6916E-09 2.4512E-09 2.2170E-09 1.9915E-09 1.7759E-09 1.5725E-09 1.3820E-09 1.2058E-09 1.0421E-09 8.9125E-10 7.5687E-10 6.4104E-10 5.3806E-10 4.4294E-10 3.5685E-10 2.8376E-10 2.2773E-10 1.7694E-10 1.3566E-10 1.0247E-10 7.1130E-11 5.2066E-11 3.4916E-11 2.2701E-11 7.2380E-12 0.0000E+00 0.0000E+00 0.0000E+00
3.7136E-09 3.9445E-09 4.1706E-09 4.3889E-09 4.5963E-09 4.7925E-09 4.9724E-09 5.1363E-09 5.2802E-09 5.4027E-09 5.5029E-09 5.5770E-09 5.6268E-09 5.6495E-09 5.6445E-09 5.6125E-09 5.5533E-09 5.4687E-09 5.3577E-09 5.2218E-09 5.0633E-09 4.8847E-09 4.6876E-09 4.4739E-09 4.2457E-09 4.0054E-09 3.7560E-09 3.5006E-09 3.2419E-09 2.9830E-09 2.7265E-09 2.4750E-09 2.2311E-09 1.9968E-09 1.7742E-09 1.5644E-09 1.3689E-09 1.1873E-09 1.0195E-09 8.6910E-10 7.3760E-10 6.2224E-10 5.1703E-10 4.2086E-10 3.3581E-10 2.6847E-10 2.1391E-10 1.6806E-10 1.2554E-10 9.2886E-11 6.6105E-11 4.6105E-11 2.9635E-11 1.5306E-11 0.0000E+00 0.0000E+00 0.0000E+00
3.7995E-09 4.0415E-09 4.2796E-09 4.5101E-09 4.7320E-09 4.9415E-09 5.1366E-09 5.3153E-09 5.4744E-09 5.6131E-09 5.7279E-09 5.8187E-09 5.8834E-09 5.9199E-09 5.9297E-09 5.9114E-09 5.8654E-09 5.7909E-09 5.6893E-09 5.5626E-09 5.4118E-09 5.2384E-09 5.0437E-09 4.8295E-09 4.5989E-09 4.3543E-09 4.0985E-09 3.8336E-09 3.5638E-09 3.2911E-09 3.0193E-09 2.7506E-09 2.4887E-09 2.2351E-09 1.9928E-09 1.7636E-09 1.5489E-09 1.3479E-09 1.1613E-09 9.9359E-10 8.4567E-10 7.1476E-10 5.9611E-10 4.8721E-10 3.9322E-10 3.1855E-10 2.5473E-10 1.9867E-10 1.5446E-10 1.1660E-10 8.3168E-11 5.9662E-11 4.0057E-11 2.3472E-11 0.0000E+00 0.0000E+00 0.0000E+00
3.8642E-09 4.1167E-09 4.3656E-09 4.6082E-09 4.8430E-09 5.0657E-09 5.2754E-09 5.4690E-09 5.6436E-09 5.7981E-09 5.9289E-09 6.0361E-09 6.1164E-09 6.1698E-09 6.1957E-09 6.1923E-09 6.1602E-09 6.0993E-09 6.0114E-09 5.8963E-09 5.7546E-09 5.5881E-09 5.3990E-09 5.1889E-09 4.9597E-09 4.7131E-09 4.4525E-09 4.1801E-09 3.8999E-09 3.6148E-09 3.3283E-09 3.0437E-09 2.7637E-09 2.4914E-09 2.2293E-09 1.9797E-09 1.7441E-09 1.5230E-09 1.3176E-09 1.1318E-09 9.6661E-10 8.1932E-10 6.8642E-10 5.6422E-10 4.5770E-10 3.6948E-10 2.9755E-10 2.3695E-10 1.8421E-10 1.4045E-10 1.0597E-10 7.2473E-11 5.2248E-11 3.1310E-11 0.0000E+00 0.0000E+00 0.0000E+00
3.9068E-09 4.1685E-09 4.4267E-09 4.6811E-09 4.9270E-09 5.1628E-09 5.3869E-09 5.5936E-09 5.7844E-09 5.9540E-09 6.1019E-09 6.2257E-09 6.3229E-09 6.3946E-09 6.4368E-09 6.4504E-09 6.4355E-09 6.3912E-09 6.3183E-09 6.2162E-09 6.0875E-09 5.9325E-09 5.7520E-09 5.5472E-09 5.3203E-09 5.0740E-09 4.8106E-09 4.5330E-09 4.2444E-09 3.9490E-09 3.6492E-09 3.3492E-09 3.0517E-09 2.7609E-09 2.4787E-09 2.2090E-09 1.9528E-09 1.7109E-09 1.4848E-09 1.2792E-09 1.0949E-09 9.3007E-10 7.8190E-10 6.4590E-10 5.2731E-10 4.2917E-10 3.4732E-10 2.7507E-10 2.1643E-10 1.6806E-10 1.2469E-10 9.2366E-11 6.1415E-11 3.9066E-11 6.7425E-12 0.0000E+00 0.0000E+00
3.9264E-09 4.1948E-09 4.4625E-09 4.7262E-09 4.9823E-09 5.2311E-09 5.4662E-09 5.6883E-09 5.8936E-09 6.0783E-09 6.2433E-09 6.3835E-09 6.4998E-09 6.5888E-09 6.6494E-09 6.6830E-09 6.6861E-09 6.6604E-09 6.6047E-09 6.5206E-09 6.4076E-09 6.2651E-09 6.0954E-09 5.8995E-09 5.6793E-09 5.4362E-09 5.1732E-09 4.8930E-09 4.5986E-09 4.2937E-09 3.9821E-09 3.6680E-09 3.3545E-09 3.0455E-09 2.7442E-09 2.4539E-09 2.1763E-09 1.9125E-09 1.6664E-09 1.4413E-09 1.2385E-09 1.0553E-09 8.8947E-10 7.3726E-10 6.0425E-10 4.9300E-10 3.9919E-10 3.1939E-10 2.5289E-10 1.9463E-10 1.4946E-10 1.0937E-10 7.8001E-11 5.0830E-11 2.1705E-11 0.0000E+00 0.0000E+00
3.9214E-09 4.1960E-09 4.4709E-09 4.7423E-09 5.0089E-09 5.2670E-09 5.5143E-09 5.7493E-09 5.9676E-09 6.1688E-09 6.3494E-09 6.5076E-09 6.6419E-09 6.7493E-09 6.8312E-09 6.8841E-09 6.9084E-09 6.9036E-09 6.8686E-09 6.8034E-09 6.7077E-09 6.5822E-09 6.4271E-09 6.2430E-09 6.0312E-09 5.7939E-09 5.5330E-09 5.2521E-09 4.9543E-09 4.6432E-09 4.3227E-09 3.9960E-09 3.6679E-09 3.3416E-09 3.0218E-09 2.7108E-09 2.4123E-09 2.1269E-09 1.8596E-09 1.6127E-09 1.3887E-09 1.1860E-09 1.0025E-09 8.3486E-10 6.8761E-10 5.6299E-10 4.5709E-10 3.6723E-10 2.9023E-10 2.2651E-10 1.7357E-10 1.3027E-10 9.5443E-11 6.4620E-11 3.8144E-11 0.0000E+00 0.0000E+00
3.8922E-09 4.1713E-09 4.4514E-09 4.7292E-09 5.0034E-09 5.2704E-09 5.5285E-09 5.7748E-09 6.0065E-09 6.2224E-09 6.4186E-09 6.5943E-09 6.7465E-09 6.8748E-09 6.9775E-09 7.0517E-09 7.0991E-09 7.1161E-09 7.1040E-09 7.0606E-09 6.9860E-09 6.8793E-09 6.7408E-09 6.5710E-09 6.3716E-09 6.1436E-09 5.8895E-09 5.6121E-09 5.3141E-09 4.9986E-09 4.6700E-09 4.3328E-09 3.9912E-09 3.6492E-09 3.3113E-09 2.9810E-09 2.6613E-09 2.3542E-09 2.0656E-09 1.7987E-09 1.5545E-09 1.3320E-09 1.1284E-09 9.4228E-10 7.7747E-10 6.3845E-10 5.2008E-10 4.1815E-10 3.3243E-10 2.6007E-10 1.9967E-10 1.5258E-10 1.1011E-10 7.8897E-11 4.7740E-11 0.0000E+00 0.0000E+00
3.8385E-09 4.1207E-09 4.4036E-09 4.6865E-09 4.9665E-09 5.2408E-09 5.5081E-09 5.7641E-09 6.0087E-09 6.2377E-09 6.4492E-09 6.6422E-09 6.8127E-09 6.9618E-09 7.0851E-09 7.1833E-09 7.2541E-09 7.2961E-09 7.3082E-09 7.2883E-09 7.2364E-09 7.1510E-09 7.0331E-09 6.8813E-09 6.6974E-09 6.4817E-09 6.2362E-09 5.9632E-09 5.6663E-09 5.3500E-09 5.0174E-09 4.6726E-09 4.3199E-09 3.9641E-09 3.6098E-09 3.2607E-09 2.9199E-09 2.5923E-09 2.2819E-09 1.9932E-09 1.7262E-09 1.4825E-09 1.2588E-09 1.0559E-09 8.7615E-10 7.2181E-10 5.8829E-10 4.7434E-10 3.7766E-10 2.9532E-10 2.2943E-10 1.7220E-10 1.2886E-10 9.0405E-11 6.0171E-11 8.8004E-12 0.0000E+00
3.7622E-09 4.0440E-09 4.3288E-09 4.6146E-09 4.8980E-09 5.1787E-09 5.4523E-09 5.7181E-09 5.9733E-09 6.2139E-09 6.4410E-09 6.6492E-09 6.8393E-09 7.0081E-09 7.1539E-09 7.2762E-09 7.3714E-09 7.4388E-09 7.4761E-09 7.4824E-09 7.4560E-09 7.3951E-09 7.2997E-09 7.1685E-09 7.0018E-09 6.8005E-09 6.5676E-09 6.3047E-09 6.0148E-09 5.7008E-09 5.3657E-09 5.0148E-09 4.6528E-09 4.2846E-09 3.9149E-09 3.5482E-09 3.1880E-09 2.8396E-09 2.5083E-09 2.1983E-09 1.9106E-09 1.6459E-09 1.4016E-09 1.1785E-09 9.8021E-10 8.0941E-10 6.6251E-10 5.3577E-10 4.2516E-10 3.3522E-10 2.5880E-10 1.9692E-10 1.4489E-10 1.0580E-10 7.1586E-11 1.9233E-11 0.0000E+00
3.6626E-09 3.9429E-09 4.2276E-09 4.5136E-09 4.8001E-09 5.0839E-09 5.3632E-09 5.6364E-09 5.8997E-09 6.1528E-09 6.3924E-09 6.6168E-09 6.8252E-09 7.0133E-09 7.1822E-09 7.3278E-09 7.4484E-09 7.5425E-09 7.6066E-09 7.6405E-09 7.6408E-09 7.6064E-09 7.5350E-09 7.4264E-09 7.2817E-09 7.1005E-09 6.8845E-09 6.6340E-09 6.3515E-09 6.0417E-09 5.7080E-09 5.3554E-09 4.9876E-09 4.6101E-09 4.2278E-09 3.8452E-09 3.4666E-09 3.0988E-09 2.7469E-09 2.4152E-09 2.1048E-09 1.8164E-09 1.5504E-09 1.3081E-09 1.0932E-09 9.0603E-10 7.4272E-10 6.0072E-10 4.8000E-10 3.7602E-10 2.9124E-10 2.2174E-10 1.6598E-10 1.2101E-10 8.4466E-11 4.2384E-11 0.0000E+00
3.5420E-09 3.8189E-09 4.1014E-09 4.3863E-09 4.6730E-09 4.9586E-09 5.2417E-09 5.5197E-09 5.7911E-09 6.0538E-09 6.3053E-09 6.5451E-09 6.7696E-09 6.9784E-09 7.1691E-09 7.3377E-09 7.4840E-09 7.6040E-09 7.6971E-09 7.7592E-09 7.7872E-09 7.7796E-09 7.7363E-09 7.6548E-09 7.5350E-09 7.3748E-09 7.1758E-09 6.9411E-09 6.6730E-09 6.3735E-09 6.0458E-09 5.6941E-09 5.3229E-09 4.9380E-09 4.5445E-09 4.1472E-09 3.7521E-09 3.3661E-09 2.9943E-09 2.6412E-09 2.3094E-09 1.9998E-09 1.7121E-09 1.4492E-09 1.2139E-09 1.0079E-09 8.2780E-10 6.7203E-10 5.3731E-10 4.2167E-10 3.2656E-10 2.4816E-10 1.8786E-10 1.3574E-10 9.6614E-11 6.0164E-11 0.0000E+00
3.4024E-09 3.6742E-09 3.9524E-09 4.2345E-09 4.5193E-09 4.8047E-09 5.0897E-09 5.3710E-09 5.6482E-09 5.9190E-09 6.1818E-09 6.4349E-09 6.6752E-09 6.9030E-09 7.1134E-09 7.3055E-09 7.4770E-09 7.6243E-09 7.7450E-09 7.8343E-09 7.8923E-09 7.9156E-09 7.9022E-09 7.8481E-09 7.7529E-09 7.6179E-09 7.4442E-09 7.2310E-09 6.9793E-09 6.6910E-09 6.3705E-09 6.0223E-09 5.6512E-09 5.2623E-09 4.8606E-09 4.4517E-09 4.0422E-09 3.6392E-09 3.2488E-09 2.8752E-09 2.5212E-09 2.1881E-09 1.8776E-09 1.5946E-09 1.3409E-09 1.1173E-09 9.2072E-10 7.4798E-10 5.9894E-10 4.7385E-10 3.6509E-10 2.7770E-10 2.0736E-10 1.5369E-10 1.0786E-10 6.9755E-11 0.0000E+00
3.2463E-09 3.5109E-09 3.7832E-09 4.0605E-09 4.3416E-09 4.6254E-09 4.9093E-09 5.1926E-09 5.4741E-09 5.7514E-09 6.0235E-09 6.2876E-09 6.5433E-09 6.7876E-09 7.0170E-09 7.2318E-09 7.4271E-09 7.6005E-09 7.7472E-09 7.8673E-09 7.9564E-09 8.0104E-09 8.0253E-09 8.0013E-09 7.9383E-09 7.8334E-09 7.6848E-09 7.4927E-09 7.2592E-09 6.9882E-09 6.6813E-09 6.3420E-09 5.9748E-09 5.5853E-09 5.1780E-09 4.7596E-09 4.3379E-09 3.9199E-09 3.5121E-09 3.1183E-09 2.7428E-09 2.3878E-09 2.0556E-09 1.7511E-09 1.4763E-09 1.2325E-09 1.0175E-09 8.2990E-10 6.6735E-10 5.2614E-10 4.0883E-10 3.0777E-10 2.3160E-10 1.6965E-10 1.2139E-10 7.9140E-11 1.7051E-11
3.0757E-09 3.3319E-09 3.5968E-09 3.8676E-09 4.1433E-09 4.4228E-09 4.7047E-09 4.9884E-09 5.2718E-09 5.5538E-09 5.8325E-09 6.1071E-09 6.3751E-09 6.6330E-09 6.8819E-09 7.1170E-09 7.3346E-09 7.5320E-09 7.7077E-09 7.8572E-09 7.9753E-09 8.0589E-09 8.1082E-09 8.1190E-09 8.0876E-09 8.0110E-09 7.8900E-09 7.7263E-09 7.5191E-09 7.2689E-09 6.9779E-09 6.6499E-09 6.2897E-09 5.9020E-09 5.4922E-09 5.0680E-09 4.6371E-09 4.2062E-09 3.7819E-09 3.3697E-09 2.9729E-09 2.5952E-09 2.2407E-09 1.9147E-09 1.6202E-09 1.3569E-09 1.1230E-09 9.1768E-10 7.3826E-10 5.8627E-10 4.5658E-10 3.4406E-10 2.5561E-10 1.8785E-10 1.3356E-10 8.9098E-11 3.8612E-11
2.8941E-09 3.1407E-09 3.3962E-09 3.6589E-09 3.9275E-09 4.2014E-09 4.4796E-09 4.7611E-09 5.0449E-09 5.3293E-09 5.6131E-09 5.8950E-09 6.1722E-09 6.4448E-09 6.7093E-09 6.9615E-09 7.2000E-09 7.4225E-09 7.6246E-09 7.8007E-09 7.9487E-09 8.0673E-09 8.1503E-09 8.1932E-09 8.1937E-09 8.1521E-09 8.0658E-09 7.9323E-09 7.7507E-09 7.5229E-09 7.2517E-09 6.9407E-09 6.5921E-09 6.2115E-09 5.8040E-09 5.3777E-09 4.9400E-09 4.4985E-09 4.0601E-09 3.6299E-09 3.2129E-09 2.8141E-09 2.4378E-09 2.0904E-09 1.7737E-09 1.4885E-09 1.2351E-09 1.0119E-09 8.1734E-10 6.5030E-10 5.0610E-10 3.8713E-10 2.8708E-10 2.0829E-10 1.4841E-10 9.9374E-11 5.6493E-11
2.7045E-09 2.9396E-09 3.1849E-09 3.4381E-09 3.6981E-09 3.9646E-09 4.2375E-09 4.5153E-09 4.7971E-09 5.0813E-09 5.3679E-09 5.6547E-09 5.9402E-09 6.2234E-09 6.4998E-09 6.7685E-09 7.0274E-09 7.2719E-09 7.4970E-09 7.7012E-09 7.8814E-09 8.0318E-09 8.1465E-09 8.2244E-09 8.2632E-09 8.2581E-09 8.2047E-09 8.1026E-09 7.9519E-09 7.7540E-09 7.5081E-09 7.2172E-09 6.8838E-09 6.5126E-09 6.1103E-09 5.6845E-09 5.2432E-09 4.7934E-09 4.3423E-09 3.8961E-09 3.4603E-09 3.0400E-09 2.6427E-09 2.2730E-09 1.9349E-09 1.6294E-09 1.3548E-09 1.1122E-09 9.0027E-10 7.1782E-10 5.6371E-10 4.3212E-10 3.2222E-10 2.2720E-10 1.6455E-10 1.1184E-10 6.2970E-11
2.5094E-09 2.7323E-09 2.9666E-09 3.2087E-09 3.4590E-09 3.7168E-09 3.9826E-09 4.2542E-09 4.5314E-09 4.8143E-09 5.1010E-09 5.3898E-09 5.6810E-09 5.9715E-09 6.2585E-09 6.5420E-09 6.8175E-09 7.0806E-09 7.3298E-09 7.5620E-09 7.7709E-09 7.9511E-09 8.1013E-09 8.2171E-09 8.2922E-09 8.3220E-09 8.3059E-09 8.2418E-09 8.1266E-09 7.9596E-09 7.7406E-09 7.4725E-09 7.1578E-09 6.8015E-09 6.4097E-09 5.9895E-09 5.5480E-09 5.0929E-09 4.6317E-09 4.1711E-09 3.7169E-09 3.2769E-09 2.8592E-09 2.4680E-09 2.1080E-09 1.7793E-09 1.4834E-09 1.2220E-09 9.9255E-10 7.9439E-10 6.2412E-10 4.8113E-10 3.6247E-10 2.5828E-10 1.8098E-10 1.2410E-10 7.1035E-11
2.3121E-09 2.5227E-09 2.7442E-09 2.9747E-09 3.2140E-09 3.4610E-09 3.7180E-09 3.9819E-09 4.2532E-09 4.5315E-09 4.8151E-09 5.1049E-09 5.3986E-09 5.6933E-09 5.9893E-09 6.2840E-09 6.5729E-09 6.8544E-09 7.1263E-09 7.3827E-09 7.6182E-09 7.8312E-09 8.0166E-09 8.1672E-09 8.2789E-09 8.3491E-09 8.3736E-09 8.3479E-09 8.2686E-09 8.1355E-09 7.9490E-09 7.7095E-09 7.4190E-09 7.0818E-09 6.7040E-09 6.2916E-09 5.8528E-09 5.3953E-09 4.9263E-09 4.4525E-09 3.9826E-09 3.5247E-09 3.0856E-09 2.6732E-09 2.2902E-09 1.9387E-09 1.6218E-09 1.3383E-09 1.0895E-09 8.7548E-10 6.9157E-10 5.3687E-10 4.0308E-10 2.9496E-10 1.9680E-10 1.3798E-10 8.1453E-11
2.1161E-09 2.3130E-09 2.5214E-09 2.7390E-09 2.9654E-09 3.2014E-09 3.4477E-09 3.7018E-09 3.9651E-09 4.2365E-09 4.5164E-09 4.8037E-09 5.0959E-09 5.3936E-09 5.6959E-09 5.9982E-09 6.2989E-09 6.5972E-09 6.8880E-09 7.1660E-09 7.4296E-09 7.6736E-09 7.8912E-09 8.0770E-09 8.2286E-09 8.3399E-09 8.4043E-09 8.4181E-09 8.3793E-09 8.2856E-09 8.1345E-09 7.9261E-09 7.6622E-09 7.3479E-09 6.9885E-09 6.5903E-09 6.1594E-09 5.7033E-09 5.2291E-09 4.7454E-09 4.2619E-09 3.7864E-09 3.3288E-09 2.8952E-09 2.4889E-09 2.1150E-09 1.7740E-09 1.4686E-09 1.2006E-09 9.6659E-10 7.6597E-10 5.9808E-10 4.5362E-10 3.3239E-10 2.2915E-10 1.5019E-10 9.3330E-11
1.9234E-09 2.1059E-09 2.3007E-09 2.5041E-09 2.7177E-09 2.9411E-09 3.1748E-09 3.4184E-09 3.6717E-09 3.9344E-09 4.2074E-09 4.4891E-09 4.7791E-09 5.0776E-09 5.3816E-09 5.6890E-09 6.0003E-09 6.3122E-09 6.6183E-09 6.9182E-09 7.2077E-09 7.4792E-09 7.7280E-09 7.9514E-09 8.1421E-09 8.2929E-09 8.3985E-09 8.4564E-09 8.4605E-09 8.4075E-09 8.2935E-09 8.1204E-09 7.8894E-09 7.6048E-09 7.2680E-09 6.8856E-09 6.4637E-09 6.0103E-09 5.5332E-09 5.0425E-09 4.5461E-09 4.0561E-09 3.5801E-09 3.1244E-09 2.6962E-09 2.2977E-09 1.9332E-09 1.6068E-09 1.3161E-09 1.0631E-09 8.4713E-10 6.6342E-10 5.0985E-10 3.7958E-10 2.6350E-10 1.7757E-10 1.0583E-10
1.7357E-09 1.9040E-09 2.0848E-09 2.2736E-09 2.4729E-09 2.6825E-09 2.9031E-09 3.1345E-09 3.3757E-09 3.6284E-09 3.8927E-09 4.1670E-09 4.4525E-09 4.7480E-09 5.0510E-09 5.3632E-09 5.6817E-09 6.0022E-09 6.3234E-09 6.6434E-09 6.9542E-09 7.2516E-09 7.5336E-09 7.7923E-09 8.0193E-09 8.2105E-09 8.3605E-09 8.4629E-09 8.5103E-09 8.4991E-09 8.4280E-09 8.2962E-09 8.1021E-09 7.8473E-09 7.5350E-09 7.1732E-09 6.7662E-09 6.3208E-09 5.8460E-09 5.3503E-09 4.8459E-09 4.3426E-09 3.8490E-09 3.3742E-09 2.9226E-09 2.4999E-09 2.1125E-09 1.7609E-09 1.4475E-09 1.1745E-09 9.3807E-10 7.3713E-10 5.6944E-10 4.2884E-10 3.0468E-10 1.9634E-10 1.1615E-10
1.5554E-09 1.7097E-09 1.8751E-09 2.0491E-09 2.2346E-09 2.4290E-09 2.6358E-09 2.8530E-09 3.0822E-09 3.3231E-09 3.5762E-09 3.8414E-09 4.1196E-09 4.4098E-09 4.7111E-09 5.0244E-09 5.3456E-09 5.6741E-09 6.0089E-09 6.3435E-09 6.6735E-09 6.9981E-09 7.3096E-09 7.5995E-09 7.8640E-09 8.0975E-09 8.2906E-09 8.4356E-09 8.5284E-09 8.5652E-09 8.5400E-09 8.4498E-09 8.2934E-09 8.0747E-09 7.7956E-09 7.4584E-09 7.0688E-09 6.6339E-09 6.1630E-09 5.6668E-09 5.1562E-09 4.6409E-09 4.1326E-09 3.6373E-09 3.1625E-09 2.7175E-09 2.3044E-09 1.9279E-09 1.5922E-09 1.2958E-09 1.0384E-09 8.1979E-10 6.3543E-10 4.8271E-10 3.5146E-10 2.3056E-10 1.4456E-10
1.3835E-09 1.5239E-09 1.6742E-09 1.8341E-09 2.0036E-09 2.1831E-09 2.3752E-09 2.5782E-09 2.7938E-09 3.0211E-09 3.2617E-09 3.5166E-09 3.7857E-09 4.0681E-09 4.3653E-09 4.6764E-09 4.9990E-09 5.3338E-09 5.6769E-09 6.0232E-09 6.3734E-09 6.7205E-09 7.0570E-09 7.3791E-09 7.6813E-09 7.9532E-09 8.1871E-09 8.3788E-09 8.5204E-09 8.6040E-09 8.6239E-09 8.5799E-09 8.4694E-09 8.2907E-09 8.0448E-09 7.7344E-09 7.3660E-09 6.9469E-09 6.4861E-09 5.9934E-09 5.4797E-09 4.9577E-09 4.4349E-09 3.9209E-09 3.4268E-09 2.9567E-09 2.5182E-09 2.1177E-09 1.7554E-09 1.4340E-09 1.1552E-09 9.1472E-10 7.1122E-10 5.4286E-10 4.0234E-10 2.7229E-10 1.7560E-10
1.2219E-09 1.3480E-09 1.4841E-09 1.6286E-09 1.7830E-09 1.9476E-09 2.1241E-09 2.3124E-09 2.5127E-09 2.7261E-09 2.9537E-09 3.1963E-09 3.4538E-09 3.7277E-09 4.0186E-09 4.3247E-09 4.6469E-09 4.9841E-09 5.3322E-09 5.6904E-09 6.0560E-09 6.4210E-09 6.7825E-09 7.1356E-09 7.4701E-09 7.7790E-09 8.0568E-09 8.2943E-09 8.4814E-09 8.6129E-09 8.6847E-09 8.6904E-09 8.6250E-09 8.4882E-09 8.2797E-09 8.0029E-09 7.6611E-09 7.2619E-09 6.8139E-09 6.3275E-09 5.8152E-09 5.2861E-09 4.7507E-09 4.2214E-09 3.7050E-09 3.2107E-09 2.7484E-09 2.3205E-09 1.9317E-09 1.5867E-09 1.2826E-09 1.0198E-09 7.9763E-10 6.1131E-10 4.5833E-10 3.2200E-10 2.1209E-10
