Assets/Resources/2015_m01_d26_0400(utc+0800)_l00_csi_1hr_conc.grd
DSAA
         159         159
     -79.000      79.000
     -79.000      79.000
  0.0000E+00  0.3258E-05
[rows 125 to 149 of 159, columns 0 to 56 of 159]
0.0000E+00 0.0000E+00 0.0000E+00 0.0000E+00 0.0000E+00 0.0000E+00 0.0000E+00 0.0000E+00 0.0000E+00 0.0000E+00 0.0000E+00 0.0000E+00 0.0000E+00 2.5315E-12 3.8379E-12 1.1961E-11 1.5465E-11 2.6810E-11 3.6284E-11 4.7774E-11 6.0242E-11 7.5617E-11 8.6289E-11 1.0102E-10 1.1241E-10 1.2080E-10 1.2863E-10 1.3586E-10 1.4151E-10 1.4635E-10 1.5218E-10 1.5722E-10 1.6325E-10 1.6975E-10 1.7471E-10 1.8089E-10 1.8604E-10 1.9233E-10 1.9766E-10 2.0405E-10 2.0952E-10 2.1609E-10 2.2169E-10 2.2841E-10 2.3410E-10 2.3980E-10 2.4551E-10 2.5121E-10 2.5677E-10 2.6241E-10 2.6788E-10 2.7339E-10 2.7881E-10 2.8401E-10 2.8921E-10 2.9426E-10 2.9902E-10
0.0000E+00 0.0000E+00 0.0000E+00 0.0000E+00 0.0000E+00 0.0000E+00 0.0000E+00 0.0000E+00 0.0000E+00 0.0000E+00 0.0000E+00 0.0000E+00 0.0000E+00 1.2305E-12 2.4857E-12 5.0336E-12 1.2341E-11 1.7404E-11 2.7146E-11 3.6827E-11 4.7653E-11 5.9774E-11 7.4565E-11 8.5926E-11 9.9221E-11 1.0814E-10 1.1667E-10 1.2350E-10 1.2993E-10 1.3561E-10 1.4003E-10 1.4546E-10 1.4994E-10 1.5562E-10 1.6029E-10 1.6611E-10 1.7085E-10 1.7554E-10 1.8030E-10 1.8511E-10 1.8997E-10 1.9487E-10 2.0165E-10 2.0758E-10 2.1356E-10 2.1764E-10 2.2267E-10 2.2767E-10 2.3265E-10 2.3758E-10 2.4131E-10 2.4610E-10 2.5080E-10 2.5420E-10 2.5867E-10 2.6288E-10 2.6592E-10
0.0000E+00 0.0000E+00 0.0000E+00 0.0000E+00 0.0000E+00 0.0000E+00 0.0000E+00 0.0000E+00 0.0000E+00 0.0000E+00 0.0000E+00 0.0000E+00 0.0000E+00 0.0000E+00 1.2076E-12 3.1172E-12 5.6002E-12 1.2375E-11 1.8004E-11 2.6229E-11 3.6751E-11 4.8419E-11 6.0153E-11 7.3588E-11 8.2414E-11 9.5956E-11 1.0371E-10 1.1148E-10 1.1858E-10 1.2413E-10 1.2943E-10 1.3331E-10 1.3844E-10 1.4248E-10 1.4771E-10 1.5189E-10 1.5722E-10 1.6144E-10 1.6570E-10 1.7000E-10 1.7434E-10 1.7871E-10 1.8310E-10 1.8750E-10 1.9191E-10 1.9631E-10 2.0070E-10 2.0506E-10 2.0938E-10 2.1366E-10 2.1787E-10 2.2201E-10 2.2594E-10 2.2989E-10 2.3372E-10 2.3729E-10 2.4084E-10
0.0000E+00 0.0000E+00 0.0000E+00 0.0000E+00 0.0000E+00 0.0000E+00 0.0000E+00 0.0000E+00 0.0000E+00 0.0000E+00 0.0000E+00 0.0000E+00 0.0000E+00 0.0000E+00 0.0000E+00 1.8470E-12 3.4879E-12 6.5762E-12 1.2425E-11 1.8118E-11 2.6103E-11 3.5893E-11 4.6577E-11 5.8121E-11 7.1229E-11 7.8967E-11 9.1611E-11 9.9330E-11 1.0648E-10 1.1207E-10 1.1788E-10 1.2300E-10 1.2645E-10 1.3118E-10 1.3476E-10 1.3955E-10 1.4325E-10 1.4809E-10 1.5189E-10 1.5573E-10 1.5959E-10 1.6346E-10 1.6735E-10 1.7124E-10 1.7513E-10 1.7900E-10 1.8285E-10 1.8666E-10 1.9044E-10 1.9415E-10 1.9780E-10 2.0138E-10 2.0486E-10 2.0824E-10 2.1138E-10 2.1451E-10 2.1736E-10
0.0000E+00 0.0000E+00 0.0000E+00 0.0000E+00 0.0000E+00 0.0000E+00 0.0000E+00 0.0000E+00 0.0000E+00 0.0000E+00 0.0000E+00 0.0000E+00 0.0000E+00 0.0000E+00 0.0000E+00 0.0000E+00 2.2559E-12 4.0693E-12 6.8741E-12 1.3187E-11 1.7961E-11 2.6326E-11 3.4465E-11 4.5900E-11 5.5654E-11 6.7889E-11 7.5495E-11 8.7373E-11 9.4536E-11 1.0106E-10 1.0621E-10 1.1175E-10 1.1530E-10 1.1949E-10 1.2279E-10 1.2695E-10 1.3119E-10 1.3452E-10 1.3897E-10 1.4248E-10 1.4590E-10 1.4933E-10 1.5276E-10 1.5618E-10 1.5948E-10 1.6287E-10 1.6623E-10 1.6955E-10 1.7271E-10 1.7592E-10 1.7906E-10 1.8213E-10 1.8510E-10 1.8797E-10 1.9072E-10 1.9322E-10 1.9571E-10
0.0000E+00 0.0000E+00 0.0000E+00 0.0000E+00 0.0000E+00 0.0000E+00 0.0000E+00 0.0000E+00 0.0000E+00 0.0000E+00 0.0000E+00 0.0000E+00 0.0000E+00 0.0000E+00 0.0000E+00 0.0000E+00 1.0945E-12 2.1982E-12 4.4387E-12 6.6834E-12 1.2708E-11 1.7287E-11 2.5252E-11 3.2995E-11 4.3637E-11 5.3652E-11 6.4340E-11 7.1869E-11 8.2740E-11 8.9392E-11 9.5656E-11 1.0025E-10 1.0552E-10 1.0897E-10 1.1276E-10 1.1574E-10 1.1949E-10 1.2244E-10 1.2628E-10 1.3005E-10 1.3307E-10 1.3609E-10 1.3910E-10 1.4198E-10 1.4496E-10 1.4791E-10 1.5083E-10 1.5359E-10 1.5641E-10 1.5822E-10 1.6079E-10 1.6340E-10 1.6494E-10 1.6724E-10 1.6854E-10 1.7074E-10 1.7175E-10
0.0000E+00 0.0000E+00 0.0000E+00 0.0000E+00 0.0000E+00 0.0000E+00 0.0000E+00 0.0000E+00 0.0000E+00 0.0000E+00 0.0000E+00 0.0000E+00 0.0000E+00 0.0000E+00 0.0000E+00 0.0000E+00 0.0000E+00 1.0659E-12 2.1372E-12 4.3119E-12 6.4828E-12 1.2213E-11 1.7218E-11 2.4150E-11 3.1219E-11 4.0271E-11 4.9419E-11 6.1100E-11 6.8422E-11 7.9019E-11 8.4553E-11 9.0057E-11 9.4520E-11 9.8465E-11 1.0133E-10 1.0415E-10 1.0670E-10 1.0926E-10 1.1184E-10 1.1442E-10 1.1701E-10 1.1959E-10 1.2216E-10 1.2472E-10 1.2726E-10 1.2978E-10 1.3210E-10 1.3454E-10 1.3678E-10 1.3911E-10 1.4138E-10 1.4342E-10 1.4553E-10 1.4756E-10 1.4932E-10 1.5113E-10 1.5266E-10
0.0000E+00 0.0000E+00 0.0000E+00 0.0000E+00 0.0000E+00 0.0000E+00 0.0000E+00 0.0000E+00 0.0000E+00 0.0000E+00 0.0000E+00 0.0000E+00 0.0000E+00 0.0000E+00 0.0000E+00 0.0000E+00 0.0000E+00 0.0000E+00 1.0357E-12 2.0731E-12 4.1790E-12 6.8559E-12 8.9224E-12 1.6482E-11 2.3659E-11 2.9734E-11 3.9304E-11 4.7190E-11 5.6304E-11 6.2609E-11 7.4444E-11 7.9270E-11 8.4317E-11 8.8315E-11 9.1755E-11 9.4515E-11 9.6908E-11 9.9164E-11 1.0143E-10 1.0369E-10 1.0595E-10 1.0820E-10 1.1044E-10 1.1266E-10 1.1486E-10 1.1703E-10 1.1916E-10 1.2125E-10 1.2329E-10 1.2527E-10 1.2703E-10 1.2888E-10 1.3065E-10 1.3216E-10 1.3375E-10 1.3506E-10 1.3644E-10
0.0000E+00 0.0000E+00 0.0000E+00 0.0000E+00 0.0000E+00 0.0000E+00 0.0000E+00 0.0000E+00 0.0000E+00 0.0000E+00 0.0000E+00 0.0000E+00 0.0000E+00 0.0000E+00 0.0000E+00 0.0000E+00 0.0000E+00 0.0000E+00 0.0000E+00 1.0041E-12 2.5478E-12 4.0401E-12 6.6147E-12 9.2019E-12 1.5730E-11 2.0195E-11 2.9629E-11 3.8016E-11 4.4653E-11 5.2923E-11 5.8728E-11 6.7547E-11 7.2117E-11 7.8665E-11 8.1395E-11 8.5081E-11 8.7593E-11 8.9719E-11 9.1695E-11 9.3667E-11 9.5632E-11 9.7585E-11 9.9522E-11 1.0144E-10 1.0333E-10 1.0518E-10 1.0700E-10 1.0878E-10 1.1050E-10 1.1217E-10 1.1378E-10 1.1532E-10 1.1678E-10 1.1816E-10 1.1928E-10 1.1951E-10 1.2061E-10
0.0000E+00 0.0000E+00 0.0000E+00 0.0000E+00 0.0000E+00 0.0000E+00 0.0000E+00 0.0000E+00 0.0000E+00 0.0000E+00 0.0000E+00 0.0000E+00 0.0000E+00 0.0000E+00 0.0000E+00 0.0000E+00 0.0000E+00 0.0000E+00 0.0000E+00 0.0000E+00 9.7108E-13 2.4556E-12 4.4473E-12 6.3648E-12 9.2591E-12 1.6390E-11 1.9634E-11 2.8515E-11 3.3340E-11 4.1947E-11 4.6768E-11 5.4579E-11 6.1783E-11 6.7182E-11 7.1904E-11 7.5353E-11 7.8680E-11 8.0752E-11 8.2623E-11 8.4332E-11 8.6030E-11 8.7712E-11 8.9376E-11 9.1016E-11 9.2627E-11 9.4205E-11 9.5745E-11 9.6369E-11 9.7818E-11 9.8310E-11 9.9649E-11 9.9989E-11 1.0120E-10 1.0233E-10 1.0242E-10 1.0340E-10 1.0329E-10
0.0000E+00 0.0000E+00 0.0000E+00 0.0000E+00 0.0000E+00 0.0000E+00 0.0000E+00 0.0000E+00 0.0000E+00 0.0000E+00 0.0000E+00 0.0000E+00 0.0000E+00 0.0000E+00 0.0000E+00 0.0000E+00 0.0000E+00 0.0000E+00 0.0000E+00 0.0000E+00 0.0000E+00 1.4490E-12 2.3603E-12 4.2763E-12 7.4344E-12 9.2202E-12 1.4824E-11 1.7870E-11 2.6920E-11 3.0781E-11 3.8589E-11 4.2396E-11 4.9547E-11 5.2780E-11 6.0040E-11 6.2926E-11 6.6503E-11 6.8936E-11 7.0894E-11 7.2469E-11 7.3890E-11 7.5297E-11 7.6686E-11 7.8054E-11 7.9246E-11 8.0558E-11 8.1838E-11 8.3079E-11 8.4121E-11 8.5273E-11 8.6373E-11 8.7418E-11 8.8237E-11 8.6449E-11 8.7328E-11 8.5171E-11 8.5938E-11
0.0000E+00 0.0000E+00 0.0000E+00 0.0000E+00 0.0000E+00 0.0000E+00 0.0000E+00 0.0000E+00 0.0000E+00 0.0000E+00 0.0000E+00 0.0000E+00 0.0000E+00 0.0000E+00 0.0000E+00 0.0000E+00 0.0000E+00 0.0000E+00 0.0000E+00 0.0000E+00 0.0000E+00 0.0000E+00 1.3918E-12 3.1684E-12 4.4617E-12 7.1192E-12 8.8241E-12 1.2048E-11 1.6923E-11 2.3910E-11 2.7728E-11 3.4516E-11 3.8921E-11 4.6049E-11 4.8953E-11 5.5347E-11 5.8146E-11 6.1587E-11 6.3170E-11 6.4934E-11 6.6300E-11 6.7503E-11 6.8686E-11 6.7437E-11 6.8567E-11 6.7174E-11 6.8243E-11 6.9283E-11 6.7540E-11 6.7668E-11 6.5915E-11 6.6647E-11 6.6637E-11 6.4668E-11 6.4385E-11 6.4264E-11 6.4041E-11
0.0000E+00 0.0000E+00 0.0000E+00 0.0000E+00 0.0000E+00 0.0000E+00 0.0000E+00 0.0000E+00 0.0000E+00 0.0000E+00 0.0000E+00 0.0000E+00 0.0000E+00 0.0000E+00 0.0000E+00 0.0000E+00 0.0000E+00 0.0000E+00 0.0000E+00 0.0000E+00 0.0000E+00 0.0000E+00 4.8450E-13 1.3330E-12 3.0318E-12 4.2661E-12 6.7967E-12 8.1155E-12 1.1475E-11 1.3503E-11 1.7719E-11 2.0895E-11 2.4765E-11 2.8003E-11 3.1108E-11 3.3618E-11 3.6284E-11 3.8634E-11 4.1886E-11 4.3160E-11 4.4598E-11 4.5637E-11 4.6519E-11 4.7394E-11 4.7502E-11 4.8354E-11 4.9193E-11 4.9231E-11 5.0036E-11 5.0008E-11 5.0771E-11 5.1512E-11 5.0417E-11 5.1106E-11 5.0939E-11 5.0526E-11 5.1128E-11
0.0000E+00 0.0000E+00 0.0000E+00 0.0000E+00 0.0000E+00 0.0000E+00 0.0000E+00 0.0000E+00 0.0000E+00 0.0000E+00 0.0000E+00 0.0000E+00 0.0000E+00 0.0000E+00 0.0000E+00 0.0000E+00 0.0000E+00 0.0000E+00 0.0000E+00 0.0000E+00 0.0000E+00 0.0000E+00 0.0000E+00 8.0594E-13 1.2730E-12 2.4680E-12 4.0666E-12 6.4683E-12 7.7184E-12 1.0535E-11 1.2586E-11 1.5534E-11 1.8297E-11 2.1354E-11 2.3270E-11 2.5412E-11 2.7117E-11 2.8759E-11 3.0383E-11 3.1753E-11 3.2810E-11 3.3848E-11 3.4685E-11 3.5364E-11 3.6039E-11 3.6709E-11 3.7373E-11 3.8028E-11 3.8673E-11 3.9306E-11 3.9926E-11 4.0530E-11 4.1117E-11 4.1684E-11 4.1837E-11 4.2361E-11 4.2283E-11
0.0000E+00 0.0000E+00 0.0000E+00 0.0000E+00 0.0000E+00 0.0000E+00 0.0000E+00 0.0000E+00 0.0000E+00 0.0000E+00 0.0000E+00 0.0000E+00 0.0000E+00 0.0000E+00 0.0000E+00 0.0000E+00 0.0000E+00 0.0000E+00 0.0000E+00 0.0000E+00 0.0000E+00 0.0000E+00 0.0000E+00 0.0000E+00 4.4223E-13 7.8910E-13 2.3506E-12 3.8640E-12 5.8413E-12 7.3162E-12 9.9756E-12 1.1619E-11 1.4677E-11 1.6766E-11 1.9025E-11 2.0911E-11 2.2575E-11 2.4203E-11 2.5535E-11 2.6683E-11 2.7408E-11 2.8341E-11 2.9240E-11 2.9803E-11 3.0363E-11 3.0918E-11 3.1467E-11 3.2009E-11 3.2542E-11 3.3065E-11 3.3577E-11 3.4075E-11 3.4558E-11 3.5025E-11 3.5473E-11 3.5901E-11 3.6306E-11
0.0000E+00 0.0000E+00 0.0000E+00 0.0000E+00 0.0000E+00 0.0000E+00 0.0000E+00 0.0000E+00 0.0000E+00 0.0000E+00 0.0000E+00 0.0000E+00 0.0000E+00 0.0000E+00 0.0000E+00 0.0000E+00 0.0000E+00 0.0000E+00 0.0000E+00 0.0000E+00 0.0000E+00 0.0000E+00 0.0000E+00 0.0000E+00 0.0000E+00 0.0000E+00 7.5028E-13 2.2315E-12 3.6590E-12 4.7848E-12 6.9107E-12 9.4123E-12 1.0946E-11 1.3817E-11 1.5764E-11 1.7864E-11 1.9281E-11 2.0738E-11 2.1938E-11 2.3052E-11 2.4449E-11 2.4927E-11 2.5771E-11 2.6415E-11 2.6892E-11 2.7364E-11 2.7830E-11 2.8287E-11 2.8736E-11 2.9175E-11 2.9602E-11 3.0015E-11 3.0415E-11 3.0798E-11 3.1163E-11 3.1131E-11 3.1458E-11
0.0000E+00 0.0000E+00 0.0000E+00 0.0000E+00 0.0000E+00 0.0000E+00 0.0000E+00 0.0000E+00 0.0000E+00 0.0000E+00 0.0000E+00 0.0000E+00 0.0000E+00 0.0000E+00 0.0000E+00 0.0000E+00 0.0000E+00 0.0000E+00 0.0000E+00 0.0000E+00 0.0000E+00 0.0000E+00 0.0000E+00 0.0000E+00 0.0000E+00 0.0000E+00 0.0000E+00 7.1101E-13 2.1113E-12 2.7803E-12 4.5146E-12 6.5037E-12 7.6642E-12 9.9914E-12 1.2072E-11 1.3925E-11 1.6117E-11 1.6968E-11 1.8286E-11 1.8906E-11 1.9896E-11 2.0278E-11 2.1058E-11 2.1442E-11 2.2351E-11 2.2734E-11 2.3424E-11 2.3800E-11 2.4167E-11 2.4525E-11 2.4511E-11 2.4844E-11 2.5165E-11 2.5473E-11 2.5596E-11 2.5871E-11 2.6129E-11
0.0000E+00 0.0000E+00 0.0000E+00 0.0000E+00 0.0000E+00 0.0000E+00 0.0000E+00 0.0000E+00 0.0000E+00 0.0000E+00 0.0000E+00 0.0000E+00 0.0000E+00 0.0000E+00 0.0000E+00 0.0000E+00 0.0000E+00 0.0000E+00 0.0000E+00 0.0000E+00 0.0000E+00 0.0000E+00 0.0000E+00 0.0000E+00 0.0000E+00 0.0000E+00 0.0000E+00 0.0000E+00 6.7148E-13 1.3127E-12 2.6139E-12 4.2439E-12 5.2360E-12 7.1840E-12 9.3481E-12 1.0531E-11 1.3004E-11 1.3968E-11 1.5392E-11 1.6678E-11 1.7229E-11 1.8288E-11 1.8785E-11 1.9480E-11 1.9808E-11 2.0307E-11 2.0626E-11 2.0938E-11 2.1063E-11 2.1356E-11 2.1640E-11 2.1913E-11 2.1987E-11 2.2233E-11 2.2466E-11 2.2489E-11 2.2690E-11
0.0000E+00 0.0000E+00 0.0000E+00 0.0000E+00 0.0000E+00 0.0000E+00 0.0000E+00 0.0000E+00 0.0000E+00 0.0000E+00 0.0000E+00 0.0000E+00 0.0000E+00 0.0000E+00 0.0000E+00 0.0000E+00 0.0000E+00 0.0000E+00 0.0000E+00 0.0000E+00 0.0000E+00 0.0000E+00 0.0000E+00 0.0000E+00 0.0000E+00 0.0000E+00 0.0000E+00 0.0000E+00 0.0000E+00 6.3185E-13 1.2314E-12 2.4481E-12 3.3149E-12 4.8881E-12 6.7067E-12 7.8788E-12 9.8088E-12 1.2093E-11 1.2554E-11 1.4273E-11 1.4770E-11 1.5932E-11 1.6204E-11 1.6853E-11 1.7303E-11 1.7571E-11 1.7832E-11 1.7763E-11 1.8008E-11 1.8245E-11 1.8137E-11 1.8353E-11 1.8368E-11 1.8213E-11 1.8393E-11 1.8004E-11 1.8155E-11
0.0000E+00 0.0000E+00 0.0000E+00 0.0000E+00 0.0000E+00 0.0000E+00 0.0000E+00 0.0000E+00 0.0000E+00 0.0000E+00 0.0000E+00 0.0000E+00 0.0000E+00 0.0000E+00 0.0000E+00 0.0000E+00 0.0000E+00 0.0000E+00 0.0000E+00 0.0000E+00 0.0000E+00 0.0000E+00 0.0000E+00 0.0000E+00 0.0000E+00 0.0000E+00 0.0000E+00 0.0000E+00 0.0000E+00 0.0000E+00 5.9231E-13 1.1506E-12 1.9993E-12 2.8917E-12 3.9997E-12 5.1391E-12 6.6238E-12 8.5720E-12 9.4481E-12 1.0647E-11 1.1575E-11 1.2196E-11 1.2782E-11 1.2989E-11 1.3378E-11 1.3580E-11 1.3777E-11 1.3969E-11 1.4154E-11 1.4333E-11 1.4504E-11 1.4667E-11 1.4821E-11 1.4769E-11 1.4903E-11 1.5025E-11 1.4933E-11
0.0000E+00 0.0000E+00 0.0000E+00 0.0000E+00 0.0000E+00 0.0000E+00 0.0000E+00 0.0000E+00 0.0000E+00 0.0000E+00 0.0000E+00 0.0000E+00 0.0000E+00 0.0000E+00 0.0000E+00 0.0000E+00 0.0000E+00 0.0000E+00 0.0000E+00 0.0000E+00 0.0000E+00 0.0000E+00 0.0000E+00 0.0000E+00 0.0000E+00 0.0000E+00 0.0000E+00 0.0000E+00 0.0000E+00 0.0000E+00 0.0000E+00 5.5305E-13 7.8124E-13 1.6615E-12 2.4180E-12 3.2365E-12 4.2118E-12 5.8498E-12 6.9619E-12 8.1217E-12 9.3007E-12 1.0174E-11 1.0724E-11 1.0889E-11 1.0941E-11 1.1099E-11 1.1252E-11 1.1400E-11 1.1230E-11 1.1365E-11 1.1494E-11 1.1290E-11 1.1204E-11 1.1309E-11 1.1067E-11 1.0948E-11 1.1024E-11
0.0000E+00 0.0000E+00 0.0000E+00 0.0000E+00 0.0000E+00 0.0000E+00 0.0000E+00 0.0000E+00 0.0000E+00 0.0000E+00 0.0000E+00 0.0000E+00 0.0000E+00 0.0000E+00 0.0000E+00 0.0000E+00 0.0000E+00 0.0000E+00 0.0000E+00 0.0000E+00 0.0000E+00 0.0000E+00 0.0000E+00 0.0000E+00 0.0000E+00 0.0000E+00 0.0000E+00 0.0000E+00 0.0000E+00 0.0000E+00 0.0000E+00 0.0000E+00 5.1426E-13 5.2377E-13 1.5397E-12 1.7540E-12 2.8217E-12 3.2767E-12 4.5344E-12 5.3200E-12 6.1686E-12 7.0001E-12 7.5017E-12 7.6143E-12 7.9154E-12 8.0253E-12 8.1317E-12 8.2345E-12 8.3331E-12 8.2309E-12 8.3189E-12 8.4016E-12 8.2755E-12 8.3456E-12 8.4094E-12 8.2559E-12 7.9776E-12
0.0000E+00 0.0000E+00 0.0000E+00 0.0000E+00 0.0000E+00 0.0000E+00 0.0000E+00 0.0000E+00 0.0000E+00 0.0000E+00 0.0000E+00 0.0000E+00 0.0000E+00 0.0000E+00 0.0000E+00 0.0000E+00 0.0000E+00 0.0000E+00 0.0000E+00 0.0000E+00 0.0000E+00 0.0000E+00 0.0000E+00 0.0000E+00 0.0000E+00 0.0000E+00 0.0000E+00 0.0000E+00 0.0000E+00 0.0000E+00 0.0000E+00 0.0000E+00 0.0000E+00 0.0000E+00 4.8430E-13 6.8184E-13 1.1920E-12 1.9123E-12 1.9433E-12 2.6966E-12 2.7391E-12 3.5264E-12 4.3528E-12 4.4168E-12 4.6726E-12 4.7361E-12 4.7976E-12 4.8569E-12 4.7144E-12 4.7668E-12 4.8164E-12 4.8631E-12 4.6978E-12 4.7363E-12 4.7711E-12 4.8021E-12 4.6115E-12
0.0000E+00 0.0000E+00 0.0000E+00 0.0000E+00 0.0000E+00 0.0000E+00 0.0000E+00 0.0000E+00 0.0000E+00 0.0000E+00 0.0000E+00 0.0000E+00 0.0000E+00 0.0000E+00 0.0000E+00 0.0000E+00 0.0000E+00 0.0000E+00 0.0000E+00 0.0000E+00 0.0000E+00 0.0000E+00 0.0000E+00 0.0000E+00 0.0000E+00 0.0000E+00 0.0000E+00 0.0000E+00 0.0000E+00 0.0000E+00 0.0000E+00 0.0000E+00 0.0000E+00 0.0000E+00 0.0000E+00 4.4573E-13 4.5257E-13 9.1837E-13 9.3207E-13 1.4185E-12 1.4391E-12 1.9467E-12 2.4686E-12 2.5033E-12 2.5369E-12 2.7678E-12 3.0025E-12 3.0376E-12 3.0710E-12 3.1027E-12 3.1324E-12 2.9482E-12 2.9716E-12 2.6906E-12 2.7087E-12 2.7246E-12 2.2023E-12
0.0000E+00 0.0000E+00 0.0000E+00 0.0000E+00 0.0000E+00 0.0000E+00 0.0000E+00 0.0000E+00 0.0000E+00 0.0000E+00 0.0000E+00 0.0000E+00 0.0000E+00 0.0000E+00 0.0000E+00 0.0000E+00 0.0000E+00 0.0000E+00 0.0000E+00 0.0000E+00 0.0000E+00 0.0000E+00 0.0000E+00 0.0000E+00 0.0000E+00 0.0000E+00 0.0000E+00 0.0000E+00 0.0000E+00 0.0000E+00 0.0000E+00 0.0000E+00 0.0000E+00 0.0000E+00 0.0000E+00 0.0000E+00 0.0000E+00 0.0000E+00 0.0000E+00 0.0000E+00 0.0000E+00 0.0000E+00 0.0000E+00 0.0000E+00 0.0000E+00 0.0000E+00 0.0000E+00 0.0000E+00 0.0000E+00 0.0000E+00 0.0000E+00 0.0000E+00 0.0000E+00 0.0000E+00 0.0000E+00 0.0000E+00 0.0000E+00
