Assets/Resources/2015_m01_d15_0000(utc+0800)_l00_csi_1hr_conc.grd
DSAA
         159         159
     -79.000      79.000
     -79.000      79.000
  0.0000E+00  0.3359E-05
[rows 0 to 24 of 159, columns 0 to 56 of 159]
9.5780E-10 1.0288E-09 1.1033E-09 1.1833E-09 1.2670E-09 1.3553E-09 1.4484E-09 1.5457E-09 1.6475E-09 1.7545E-09 1.8661E-09 1.9825E-09 2.1041E-09 2.2297E-09 2.3610E-09 2.4953E-09 2.6339E-09 2.7765E-09 2.9216E-09 3.0686E-09 3.2179E-09 3.3683E-09 3.5192E-09 3.6697E-09 3.8205E-09 3.9695E-09 4.1164E-09 4.2612E-09 4.4045E-09 4.5440E-09 4.6787E-09 4.8091E-09 4.9379E-09 5.0605E-09 5.1765E-09 5.2871E-09 5.3946E-09 5.4948E-09 5.5875E-09 5.6736E-09 5.7537E-09 5.8301E-09 5.8962E-09 5.9562E-09 6.0092E-09 6.0573E-09 6.0963E-09 6.1285E-09 6.1547E-09 6.1739E-09 6.1863E-09 6.1923E-09 6.1921E-09 6.1855E-09 6.1729E-09 6.1545E-09 6.1298E-09
9.6645E-10 1.0389E-09 1.1142E-09 1.1952E-09 1.2800E-09 1.3691E-09 1.4635E-09 1.5618E-09 1.6650E-09 1.7734E-09 1.8865E-09 2.0049E-09 2.1279E-09 2.2557E-09 2.3885E-09 2.5248E-09 2.6661E-09 2.8106E-09 2.9581E-09 3.1082E-09 3.2601E-09 3.4131E-09 3.5664E-09 3.7202E-09 3.8734E-09 4.0252E-09 4.1752E-09 4.3235E-09 4.4690E-09 4.6108E-09 4.7489E-09 4.8841E-09 5.0143E-09 5.1382E-09 5.2568E-09 5.3727E-09 5.4814E-09 5.5826E-09 5.6774E-09 5.7686E-09 5.8517E-09 5.9266E-09 5.9948E-09 6.0571E-09 6.1139E-09 6.1608E-09 6.2022E-09 6.2359E-09 6.2635E-09 6.2837E-09 6.2967E-09 6.3038E-09 6.3042E-09 6.2982E-09 6.2860E-09 6.2679E-09 6.2440E-09
9.7464E-10 1.0472E-09 1.1240E-09 1.2058E-09 1.2915E-09 1.3816E-09 1.4768E-09 1.5763E-09 1.6810E-09 1.7903E-09 1.9047E-09 2.0246E-09 2.1488E-09 2.2791E-09 2.4133E-09 2.5520E-09 2.6949E-09 2.8416E-09 2.9914E-09 3.1440E-09 3.2984E-09 3.4540E-09 3.6105E-09 3.7670E-09 3.9229E-09 4.0767E-09 4.2308E-09 4.3819E-09 4.5297E-09 4.6743E-09 4.8165E-09 4.9539E-09 5.0855E-09 5.2120E-09 5.3361E-09 5.4532E-09 5.5630E-09 5.6666E-09 5.7666E-09 5.8587E-09 5.9427E-09 6.0198E-09 6.0926E-09 6.1569E-09 6.2128E-09 6.2623E-09 6.3050E-09 6.3411E-09 6.3689E-09 6.3907E-09 6.4054E-09 6.4132E-09 6.4143E-09 6.4089E-09 6.3969E-09 6.3800E-09 6.3564E-09
9.8164E-10 1.0548E-09 1.1323E-09 1.2149E-09 1.3012E-09 1.3922E-09 1.4880E-09 1.5888E-09 1.6946E-09 1.8051E-09 1.9212E-09 2.0420E-09 2.1680E-09 2.2995E-09 2.4349E-09 2.5763E-09 2.7207E-09 2.8694E-09 3.0219E-09 3.1767E-09 3.3331E-09 3.4913E-09 3.6503E-09 3.8094E-09 3.9676E-09 4.1255E-09 4.2817E-09 4.4356E-09 4.5862E-09 4.7343E-09 4.8786E-09 5.0182E-09 5.1532E-09 5.2845E-09 5.4099E-09 5.5282E-09 5.6405E-09 5.7501E-09 5.8505E-09 5.9437E-09 6.0298E-09 6.1125E-09 6.1853E-09 6.2506E-09 6.3091E-09 6.3618E-09 6.4055E-09 6.4421E-09 6.4718E-09 6.4950E-09 6.5113E-09 6.5196E-09 6.5218E-09 6.5176E-09 6.5071E-09 6.4900E-09 6.4669E-09
9.8752E-10 1.0613E-09 1.1394E-09 1.2220E-09 1.3090E-09 1.4018E-09 1.4982E-09 1.5995E-09 1.7058E-09 1.8178E-09 1.9349E-09 2.0570E-09 2.1846E-09 2.3171E-09 2.4545E-09 2.5971E-09 2.7433E-09 2.8942E-09 3.0484E-09 3.2054E-09 3.3644E-09 3.5251E-09 3.6861E-09 3.8478E-09 4.0095E-09 4.1701E-09 4.3290E-09 4.4843E-09 4.6391E-09 4.7899E-09 4.9364E-09 5.0788E-09 5.2178E-09 5.3512E-09 5.4779E-09 5.5995E-09 5.7166E-09 5.8267E-09 5.9290E-09 6.0243E-09 6.1164E-09 6.1986E-09 6.2733E-09 6.3403E-09 6.4035E-09 6.4559E-09 6.5011E-09 6.5403E-09 6.5731E-09 6.5961E-09 6.6132E-09 6.6237E-09 6.6273E-09 6.6242E-09 6.6142E-09 6.5976E-09 6.5755E-09
9.9157E-10 1.0658E-09 1.1450E-09 1.2282E-09 1.3162E-09 1.4086E-09 1.5057E-09 1.6086E-09 1.7158E-09 1.8282E-09 1.9463E-09 2.0694E-09 2.1983E-09 2.3315E-09 2.4711E-09 2.6148E-09 2.7629E-09 2.9152E-09 3.0713E-09 3.2298E-09 3.3915E-09 3.5544E-09 3.7177E-09 3.8821E-09 4.0464E-09 4.2096E-09 4.3705E-09 4.5299E-09 4.6873E-09 4.8402E-09 4.9895E-09 5.1353E-09 5.2771E-09 5.4119E-09 5.5420E-09 5.6677E-09 5.7867E-09 5.8982E-09 6.0027E-09 6.1042E-09 6.1960E-09 6.2802E-09 6.3566E-09 6.4293E-09 6.4913E-09 6.5460E-09 6.5937E-09 6.6362E-09 6.6681E-09 6.6934E-09 6.7125E-09 6.7250E-09 6.7290E-09 6.7269E-09 6.7183E-09 6.7031E-09 6.6814E-09
9.9501E-10 1.0703E-09 1.1493E-09 1.2327E-09 1.3208E-09 1.4145E-09 1.5122E-09 1.6149E-09 1.7232E-09 1.8368E-09 1.9554E-09 2.0794E-09 2.2092E-09 2.3439E-09 2.4843E-09 2.6288E-09 2.7792E-09 2.9327E-09 3.0904E-09 3.2512E-09 3.4145E-09 3.5795E-09 3.7457E-09 3.9126E-09 4.0793E-09 4.2444E-09 4.4086E-09 4.5707E-09 4.7301E-09 4.8850E-09 5.0384E-09 5.1869E-09 5.3301E-09 5.4683E-09 5.6025E-09 5.7303E-09 5.8509E-09 5.9654E-09 6.0754E-09 6.1769E-09 6.2706E-09 6.3565E-09 6.4390E-09 6.5109E-09 6.5753E-09 6.6323E-09 6.6843E-09 6.7255E-09 6.7603E-09 6.7884E-09 6.8098E-09 6.8224E-09 6.8288E-09 6.8276E-09 6.8208E-09 6.8058E-09 6.7852E-09
9.9730E-10 1.0722E-09 1.1515E-09 1.2353E-09 1.3247E-09 1.4179E-09 1.5160E-09 1.6200E-09 1.7285E-09 1.8423E-09 1.9619E-09 2.0870E-09 2.2173E-09 2.3533E-09 2.4943E-09 2.6404E-09 2.7916E-09 2.9465E-09 3.1056E-09 3.2686E-09 3.4333E-09 3.6001E-09 3.7688E-09 3.9379E-09 4.1068E-09 4.2751E-09 4.4412E-09 4.6058E-09 4.7671E-09 4.9268E-09 5.0822E-09 5.2327E-09 5.3787E-09 5.5210E-09 5.6573E-09 5.7866E-09 5.9103E-09 6.0296E-09 6.1407E-09 6.2439E-09 6.3410E-09 6.4320E-09 6.5139E-09 6.5880E-09 6.6560E-09 6.7165E-09 6.7676E-09 6.8114E-09 6.8489E-09 6.8801E-09 6.9011E-09 6.9164E-09 6.9244E-09 6.9253E-09 6.9190E-09 6.9060E-09 6.8857E-09
9.9767E-10 1.0727E-09 1.1533E-09 1.2373E-09 1.3260E-09 1.4199E-09 1.5187E-09 1.6223E-09 1.7316E-09 1.8463E-09 1.9661E-09 2.0913E-09 2.2226E-09 2.3594E-09 2.5008E-09 2.6486E-09 2.8000E-09 2.9565E-09 3.1174E-09 3.2810E-09 3.4477E-09 3.6173E-09 3.7872E-09 3.9584E-09 4.1296E-09 4.3002E-09 4.4693E-09 4.6357E-09 4.8004E-09 4.9620E-09 5.1199E-09 5.2731E-09 5.4225E-09 5.5670E-09 5.7055E-09 5.8380E-09 5.9658E-09 6.0870E-09 6.1998E-09 6.3066E-09 6.4075E-09 6.4995E-09 6.5835E-09 6.6622E-09 6.7320E-09 6.7932E-09 6.8470E-09 6.8963E-09 6.9350E-09 6.9657E-09 6.9903E-09 7.0087E-09 7.0172E-09 7.0195E-09 7.0141E-09 7.0031E-09 6.9842E-09
9.9678E-10 1.0732E-09 1.1527E-09 1.2368E-09 1.3264E-09 1.4200E-09 1.5187E-09 1.6233E-09 1.7325E-09 1.8471E-09 1.9680E-09 2.0937E-09 2.2251E-09 2.3620E-09 2.5049E-09 2.6530E-09 2.8053E-09 2.9627E-09 3.1248E-09 3.2897E-09 3.4585E-09 3.6293E-09 3.8010E-09 3.9739E-09 4.1473E-09 4.3201E-09 4.4914E-09 4.6611E-09 4.8281E-09 4.9915E-09 5.1514E-09 5.3087E-09 5.4608E-09 5.6075E-09 5.7485E-09 5.8852E-09 6.0156E-09 6.1378E-09 6.2543E-09 6.3647E-09 6.4672E-09 6.5611E-09 6.6500E-09 6.7300E-09 6.8016E-09 6.8656E-09 6.9248E-09 6.9736E-09 7.0143E-09 7.0481E-09 7.0767E-09 7.0944E-09 7.1050E-09 7.1090E-09 7.1066E-09 7.0959E-09 7.0792E-09
9.9594E-10 1.0711E-09 1.1505E-09 1.2350E-09 1.3243E-09 1.4180E-09 1.5175E-09 1.6215E-09 1.7316E-09 1.8464E-09 1.9667E-09 2.0927E-09 2.2251E-09 2.3620E-09 2.5053E-09 2.6536E-09 2.8074E-09 2.9655E-09 3.1281E-09 3.2940E-09 3.4643E-09 3.6366E-09 3.8098E-09 3.9853E-09 4.1599E-09 4.3347E-09 4.5083E-09 4.6802E-09 4.8496E-09 5.0154E-09 5.1785E-09 5.3378E-09 5.4928E-09 5.6419E-09 5.7871E-09 5.9264E-09 6.0578E-09 6.1838E-09 6.3040E-09 6.4165E-09 6.5204E-09 6.6196E-09 6.7099E-09 6.7920E-09 6.8664E-09 6.9357E-09 6.9949E-09 7.0460E-09 7.0891E-09 7.1285E-09 7.1558E-09 7.1760E-09 7.1887E-09 7.1965E-09 7.1946E-09 7.1857E-09 7.1707E-09
9.9258E-10 1.0680E-09 1.1473E-09 1.2320E-09 1.3210E-09 1.4146E-09 1.5136E-09 1.6180E-09 1.7277E-09 1.8425E-09 1.9637E-09 2.0897E-09 2.2215E-09 2.3594E-09 2.5029E-09 2.6511E-09 2.8049E-09 2.9641E-09 3.1269E-09 3.2947E-09 3.4657E-09 3.6386E-09 3.8145E-09 3.9910E-09 4.1673E-09 4.3445E-09 4.5196E-09 4.6936E-09 4.8652E-09 5.0342E-09 5.1999E-09 5.3618E-09 5.5185E-09 5.6710E-09 5.8188E-09 5.9598E-09 6.0950E-09 6.2242E-09 6.3471E-09 6.4610E-09 6.5703E-09 6.6710E-09 6.7638E-09 6.8492E-09 6.9283E-09 6.9982E-09 7.0599E-09 7.1148E-09 7.1629E-09 7.2004E-09 7.2299E-09 7.2534E-09 7.2710E-09 7.2779E-09 7.2789E-09 7.2719E-09 7.2605E-09
9.8797E-10 1.0638E-09 1.1430E-09 1.2271E-09 1.3156E-09 1.4097E-09 1.5082E-09 1.6124E-09 1.7220E-09 1.8370E-09 1.9573E-09 2.0833E-09 2.2154E-09 2.3533E-09 2.4965E-09 2.6453E-09 2.7997E-09 2.9587E-09 3.1227E-09 3.2907E-09 3.4625E-09 3.6370E-09 3.8135E-09 3.9914E-09 4.1692E-09 4.3483E-09 4.5259E-09 4.7013E-09 4.8751E-09 5.0464E-09 5.2146E-09 5.3781E-09 5.5388E-09 5.6944E-09 5.8438E-09 5.9880E-09 6.1264E-09 6.2588E-09 6.3826E-09 6.5014E-09 6.6130E-09 6.7163E-09 6.8128E-09 6.9019E-09 6.9826E-09 7.0551E-09 7.1212E-09 7.1791E-09 7.2271E-09 7.2673E-09 7.3027E-09 7.3288E-09 7.3456E-09 7.3555E-09 7.3610E-09 7.3558E-09 7.3448E-09
9.8279E-10 1.0577E-09 1.1365E-09 1.2208E-09 1.3088E-09 1.4027E-09 1.5009E-09 1.6048E-09 1.7140E-09 1.8284E-09 1.9492E-09 2.0749E-09 2.2064E-09 2.3441E-09 2.4872E-09 2.6359E-09 2.7904E-09 2.9491E-09 3.1144E-09 3.2824E-09 3.4542E-09 3.6301E-09 3.8076E-09 3.9867E-09 4.1665E-09 4.3465E-09 4.5252E-09 4.7037E-09 4.8797E-09 5.0526E-09 5.2229E-09 5.3895E-09 5.5525E-09 5.7104E-09 5.8622E-09 6.0101E-09 6.1517E-09 6.2851E-09 6.4137E-09 6.5349E-09 6.6493E-09 6.7561E-09 6.8558E-09 6.9475E-09 7.0309E-09 7.1077E-09 7.1764E-09 7.2352E-09 7.2863E-09 7.3331E-09 7.3689E-09 7.3961E-09 7.4164E-09 7.4320E-09 7.4367E-09 7.4345E-09 7.4259E-09
9.7635E-10 1.0503E-09 1.1290E-09 1.2125E-09 1.3005E-09 1.3935E-09 1.4917E-09 1.5951E-09 1.7036E-09 1.8183E-09 1.9379E-09 2.0632E-09 2.1951E-09 2.3320E-09 2.4748E-09 2.6232E-09 2.7770E-09 2.9368E-09 3.1009E-09 3.2698E-09 3.4426E-09 3.6184E-09 3.7967E-09 3.9768E-09 4.1578E-09 4.3391E-09 4.5193E-09 4.6996E-09 4.8777E-09 5.0525E-09 5.2256E-09 5.3943E-09 5.5595E-09 5.7196E-09 5.8751E-09 6.0254E-09 6.1685E-09 6.3067E-09 6.4378E-09 6.5623E-09 6.6795E-09 6.7892E-09 6.8924E-09 6.9865E-09 7.0742E-09 7.1539E-09 7.2239E-09 7.2861E-09 7.3436E-09 7.3903E-09 7.4283E-09 7.4587E-09 7.4857E-09 7.5004E-09 7.5083E-09 7.5097E-09 7.5047E-09
9.6853E-10 1.0419E-09 1.1202E-09 1.2031E-09 1.2906E-09 1.3831E-09 1.4802E-09 1.5835E-09 1.6913E-09 1.8051E-09 1.9245E-09 2.0496E-09 2.1802E-09 2.3165E-09 2.4591E-09 2.6075E-09 2.7605E-09 2.9202E-09 3.0841E-09 3.2523E-09 3.4264E-09 3.6020E-09 3.7808E-09 3.9623E-09 4.1436E-09 4.3260E-09 4.5082E-09 4.6897E-09 4.8694E-09 5.0467E-09 5.2216E-09 5.3931E-09 5.5602E-09 5.7231E-09 5.8810E-09 6.0333E-09 6.1798E-09 6.3205E-09 6.4555E-09 6.5821E-09 6.7030E-09 6.8169E-09 6.9218E-09 7.0203E-09 7.1104E-09 7.1924E-09 7.2665E-09 7.3344E-09 7.3922E-09 7.4415E-09 7.4845E-09 7.5207E-09 7.5462E-09 7.5639E-09 7.5781E-09 7.5818E-09 7.5777E-09
9.5916E-10 1.0320E-09 1.1096E-09 1.1919E-09 1.2787E-09 1.3705E-09 1.4674E-09 1.5695E-09 1.6770E-09 1.7901E-09 1.9087E-09 2.0327E-09 2.1629E-09 2.2984E-09 2.4404E-09 2.5876E-09 2.7407E-09 2.8996E-09 3.0633E-09 3.2318E-09 3.4046E-09 3.5809E-09 3.7601E-09 3.9413E-09 4.1240E-09 4.3074E-09 4.4908E-09 4.6738E-09 4.8542E-09 5.0342E-09 5.2112E-09 5.3843E-09 5.5539E-09 5.7197E-09 5.8799E-09 6.0349E-09 6.1845E-09 6.3289E-09 6.4654E-09 6.5957E-09 6.7203E-09 6.8363E-09 6.9457E-09 7.0469E-09 7.1401E-09 7.2253E-09 7.3039E-09 7.3737E-09 7.4346E-09 7.4896E-09 7.5362E-09 7.5728E-09 7.6018E-09 7.6269E-09 7.6410E-09 7.6467E-09 7.6468E-09
9.4867E-10 1.0214E-09 1.0983E-09 1.1792E-09 1.2656E-09 1.3566E-09 1.4527E-09 1.5540E-09 1.6607E-09 1.7728E-09 1.8902E-09 2.0141E-09 2.1429E-09 2.2776E-09 2.4182E-09 2.5649E-09 2.7172E-09 2.8756E-09 3.0380E-09 3.2067E-09 3.3790E-09 3.5545E-09 3.7350E-09 3.9159E-09 4.0990E-09 4.2838E-09 4.4677E-09 4.6516E-09 4.8350E-09 5.0155E-09 5.1938E-09 5.3690E-09 5.5413E-09 5.7088E-09 5.8714E-09 6.0292E-09 6.1824E-09 6.3288E-09 6.4689E-09 6.6036E-09 6.7300E-09 6.8494E-09 6.9622E-09 7.0666E-09 7.1630E-09 7.2529E-09 7.3342E-09 7.4068E-09 7.4731E-09 7.5312E-09 7.5794E-09 7.6200E-09 7.6562E-09 7.6814E-09 7.6981E-09 7.7098E-09 7.7133E-09
9.3771E-10 1.0090E-09 1.0851E-09 1.1656E-09 1.2511E-09 1.3412E-09 1.4363E-09 1.5367E-09 1.6423E-09 1.7531E-09 1.8702E-09 1.9922E-09 2.1199E-09 2.2544E-09 2.3938E-09 2.5393E-09 2.6906E-09 2.8473E-09 3.0101E-09 3.1773E-09 3.3491E-09 3.5249E-09 3.7038E-09 3.8853E-09 4.0688E-09 4.2542E-09 4.4387E-09 4.6235E-09 4.8085E-09 4.9902E-09 5.1706E-09 5.3482E-09 5.5215E-09 5.6915E-09 5.8567E-09 6.0173E-09 6.1724E-09 6.3216E-09 6.4659E-09 6.6030E-09 6.7328E-09 6.8557E-09 6.9716E-09 7.0791E-09 7.1803E-09 7.2732E-09 7.3573E-09 7.4352E-09 7.5044E-09 7.5652E-09 7.6183E-09 7.6651E-09 7.7018E-09 7.7302E-09 7.7538E-09 7.7675E-09 7.7724E-09
9.2509E-10 9.9590E-10 1.0715E-09 1.1506E-09 1.2352E-09 1.3243E-09 1.4183E-09 1.5171E-09 1.6221E-09 1.7316E-09 1.8472E-09 1.9684E-09 2.0953E-09 2.2276E-09 2.3658E-09 2.5100E-09 2.6604E-09 2.8162E-09 2.9773E-09 3.1441E-09 3.3143E-09 3.4901E-09 3.6686E-09 3.8491E-09 4.0340E-09 4.2184E-09 4.4039E-09 4.5905E-09 4.7750E-09 4.9584E-09 5.1407E-09 5.3199E-09 5.4946E-09 5.6668E-09 5.8352E-09 5.9977E-09 6.1558E-09 6.3091E-09 6.4557E-09 6.5954E-09 6.7287E-09 6.8552E-09 6.9736E-09 7.0852E-09 7.1896E-09 7.2858E-09 7.3754E-09 7.4563E-09 7.5291E-09 7.5948E-09 7.6527E-09 7.7013E-09 7.7416E-09 7.7770E-09 7.8019E-09 7.8182E-09 7.8273E-09
9.1183E-10 9.8173E-10 1.0559E-09 1.1344E-09 1.2175E-09 1.3054E-09 1.3983E-09 1.4963E-09 1.5996E-09 1.7078E-09 1.8225E-09 1.9418E-09 2.0673E-09 2.1982E-09 2.3353E-09 2.4788E-09 2.6273E-09 2.7817E-09 2.9415E-09 3.1064E-09 3.2768E-09 3.4510E-09 3.6287E-09 3.8095E-09 3.9936E-09 4.1778E-09 4.3638E-09 4.5511E-09 4.7360E-09 4.9213E-09 5.1045E-09 5.2839E-09 5.4616E-09 5.6360E-09 5.8063E-09 5.9713E-09 6.1326E-09 6.2882E-09 6.4371E-09 6.5802E-09 6.7169E-09 6.8464E-09 6.9690E-09 7.0846E-09 7.1921E-09 7.2925E-09 7.3859E-09 7.4707E-09 7.5483E-09 7.6182E-09 7.6789E-09 7.7315E-09 7.7789E-09 7.8155E-09 7.8435E-09 7.8658E-09 7.8789E-09
8.9725E-10 9.6611E-10 1.0392E-09 1.1166E-09 1.1985E-09 1.2852E-09 1.3768E-09 1.4734E-09 1.5753E-09 1.6829E-09 1.7957E-09 1.9135E-09 2.0375E-09 2.1672E-09 2.3025E-09 2.4436E-09 2.5905E-09 2.7439E-09 2.9028E-09 3.0657E-09 3.2348E-09 3.4077E-09 3.5837E-09 3.7647E-09 3.9474E-09 4.1327E-09 4.3190E-09 4.5048E-09 4.6917E-09 4.8776E-09 5.0613E-09 5.2427E-09 5.4219E-09 5.5983E-09 5.7705E-09 5.9389E-09 6.1019E-09 6.2600E-09 6.4122E-09 6.5579E-09 6.6973E-09 6.8303E-09 6.9569E-09 7.0761E-09 7.1878E-09 7.2922E-09 7.3896E-09 7.4790E-09 7.5603E-09 7.6340E-09 7.6998E-09 7.7584E-09 7.8073E-09 7.8474E-09 7.8818E-09 7.9068E-09 7.9232E-09
8.8175E-10 9.4951E-10 1.0215E-09 1.0976E-09 1.1782E-09 1.2636E-09 1.3537E-09 1.4497E-09 1.5497E-09 1.6558E-09 1.7665E-09 1.8831E-09 2.0054E-09 2.1329E-09 2.2664E-09 2.4063E-09 2.5514E-09 2.7031E-09 2.8596E-09 3.0214E-09 3.1883E-09 3.3597E-09 3.5359E-09 3.7152E-09 3.8970E-09 4.0814E-09 4.2680E-09 4.4537E-09 4.6420E-09 4.8275E-09 5.0112E-09 5.1953E-09 5.3758E-09 5.5530E-09 5.7280E-09 5.8988E-09 6.0632E-09 6.2243E-09 6.3794E-09 6.5277E-09 6.6712E-09 6.8080E-09 6.9379E-09 7.0607E-09 7.1764E-09 7.2855E-09 7.3866E-09 7.4800E-09 7.5659E-09 7.6440E-09 7.7150E-09 7.7764E-09 7.8289E-09 7.8757E-09 7.9131E-09 7.9416E-09 7.9629E-09
8.6540E-10 9.3198E-10 1.0027E-09 1.0775E-09 1.1567E-09 1.2411E-09 1.3301E-09 1.4242E-09 1.5226E-09 1.6266E-09 1.7360E-09 1.8508E-09 1.9708E-09 2.0963E-09 2.2290E-09 2.3663E-09 2.5096E-09 2.6587E-09 2.8132E-09 2.9737E-09 3.1394E-09 3.3084E-09 3.4834E-09 3.6612E-09 3.8422E-09 4.0266E-09 4.2110E-09 4.3981E-09 4.5852E-09 4.7712E-09 4.9564E-09 5.1415E-09 5.3225E-09 5.5022E-09 5.6790E-09 5.8501E-09 6.0183E-09 6.1815E-09 6.3389E-09 6.4909E-09 6.6374E-09 6.7775E-09 6.9107E-09 7.0374E-09 7.1578E-09 7.2704E-09 7.3763E-09 7.4744E-09 7.5648E-09 7.6480E-09 7.7219E-09 7.7871E-09 7.8465E-09 7.8965E-09 7.9376E-09 7.9721E-09 7.9981E-09
8.4826E-10 9.1359E-10 9.8297E-10 1.0564E-09 1.1350E-09 1.2178E-09 1.3049E-09 1.3969E-09 1.4936E-09 1.5962E-09 1.7033E-09 1.8162E-09 1.9346E-09 2.0587E-09 2.1882E-09 2.3233E-09 2.4645E-09 2.6126E-09 2.7644E-09 2.9229E-09 3.0858E-09 3.2536E-09 3.4269E-09 3.6024E-09 3.7830E-09 3.9661E-09 4.1498E-09 4.3367E-09 4.5231E-09 4.7086E-09 4.8961E-09 5.0804E-09 5.2635E-09 5.4448E-09 5.6222E-09 5.7959E-09 5.9660E-09 6.1310E-09 6.2918E-09 6.4472E-09 6.5961E-09 6.7399E-09 6.8770E-09 7.0075E-09 7.1319E-09 7.2486E-09 7.3586E-09 7.4617E-09 7.5564E-09 7.6436E-09 7.7214E-09 7.7936E-09 7.8564E-09 7.9103E-09 7.9577E-09 7.9963E-09 8.0262E-09
