Assets/Resources/2015_m01_d17_0200(utc+0800)_l00_csi_1hr_conc.grd
DSAA
         159         159
     -79.000      79.000
     -79.000      79.000
  0.0000E+00  0.1087E-04
[rows 50 to 74 of 159, columns 57 to 113 of 159]
0.0000E+00 0.0000E+00 0.0000E+00 0.0000E+00 0.0000E+00 4.8442E-13 5.6725E-12 1.9136E-11 3.6677E-11 7.0587E-11 1.3613E-10 1.7878E-10 2.3087E-10 2.8634E-10 3.4925E-10 4.2352E-10 5.0996E-10 6.1072E-10 7.4719E-10 9.7377E-10 1.2793E-09 1.7219E-09 2.2485E-09 3.0649E-09 3.9853E-09 5.2280E-09 6.7346E-09 8.5584E-09 1.0726E-08 1.3139E-08 1.5730E-08 1.8370E-08 2.0907E-08 2.3183E-08 2.5038E-08 2.6343E-08 2.7024E-08 2.7031E-08 2.6396E-08 2.5208E-08 2.3569E-08 2.1591E-08 1.9408E-08 1.7130E-08 1.4857E-08 1.2678E-08 1.0666E-08 8.8577E-09 7.2181E-09 5.8096E-09 4.5807E-09 3.5715E-09 2.7810E-09 2.0868E-09 1.5863E-09 1.1946E-09 8.8220E-10
0.0000E+00 0.0000E+00 0.0000E+00 0.0000E+00 0.0000E+00 0.0000E+00 3.8022E-13 4.4834E-12 1.5443E-11 3.0543E-11 6.0424E-11 1.2364E-10 1.6505E-10 2.1335E-10 2.6799E-10 3.3011E-10 4.0172E-10 4.8463E-10 5.9964E-10 8.2958E-10 1.1133E-09 1.5920E-09 2.1780E-09 2.9667E-09 4.0404E-09 5.3529E-09 7.0136E-09 9.0779E-09 1.1482E-08 1.4185E-08 1.7092E-08 2.0068E-08 2.2917E-08 2.5376E-08 2.7375E-08 2.8720E-08 2.9321E-08 2.9159E-08 2.8289E-08 2.6798E-08 2.4829E-08 2.2549E-08 2.0096E-08 1.7589E-08 1.5123E-08 1.2792E-08 1.0663E-08 8.7653E-09 7.0851E-09 5.6531E-09 4.4228E-09 3.4137E-09 2.6450E-09 1.9778E-09 1.4938E-09 1.1207E-09 8.2396E-10
0.0000E+00 0.0000E+00 0.0000E+00 0.0000E+00 0.0000E+00 0.0000E+00 0.0000E+00 1.2053E-13 2.9005E-12 1.1399E-11 2.3503E-11 3.6414E-11 8.6766E-11 1.4872E-10 1.9475E-10 2.4744E-10 3.0756E-10 3.7660E-10 4.7387E-10 7.0741E-10 1.0268E-09 1.5104E-09 2.1417E-09 3.0038E-09 4.1226E-09 5.5470E-09 7.4062E-09 9.6790E-09 1.2363E-08 1.5432E-08 1.8714E-08 2.2041E-08 2.5195E-08 2.7939E-08 3.0069E-08 3.1416E-08 3.1896E-08 3.1502E-08 3.0318E-08 2.8472E-08 2.6131E-08 2.3477E-08 2.0688E-08 1.7917E-08 1.5267E-08 1.2789E-08 1.0533E-08 8.5872E-09 6.8655E-09 5.4268E-09 4.2065E-09 3.2089E-09 2.4722E-09 1.8430E-09 1.3856E-09 1.0334E-09 7.5517E-10
0.0000E+00 0.0000E+00 0.0000E+00 0.0000E+00 0.0000E+00 0.0000E+00 0.0000E+00 0.0000E+00 0.0000E+00 1.6238E-12 7.1285E-12 1.6394E-11 2.7330E-11 7.3012E-11 1.2636E-10 1.7148E-10 2.2173E-10 2.8001E-10 3.6242E-10 5.8297E-10 8.9143E-10 1.4443E-09 2.0697E-09 3.0147E-09 4.2228E-09 5.8092E-09 7.8419E-09 1.0366E-08 1.3401E-08 1.6842E-08 2.0550E-08 2.4291E-08 2.7828E-08 3.0860E-08 3.3136E-08 3.4462E-08 3.4753E-08 3.3958E-08 3.2385E-08 3.0116E-08 2.7353E-08 2.4303E-08 2.1166E-08 1.8093E-08 1.5219E-08 1.2612E-08 1.0262E-08 8.2594E-09 6.5305E-09 5.1056E-09 3.9245E-09 2.9659E-09 2.2679E-09 1.6893E-09 1.2594E-09 9.3702E-10 6.7966E-10
0.0000E+00 0.0000E+00 0.0000E+00 0.0000E+00 0.0000E+00 0.0000E+00 0.0000E+00 0.0000E+00 0.0000E+00 0.0000E+00 5.6112E-13 3.3328E-12 9.9022E-12 1.8157E-11 4.4352E-11 1.0939E-10 1.5278E-10 2.0214E-10 2.6827E-10 4.6978E-10 7.9583E-10 1.3657E-09 2.0935E-09 3.0746E-09 4.3785E-09 6.1080E-09 8.3257E-09 1.1182E-08 1.4589E-08 1.8521E-08 2.2839E-08 2.7180E-08 3.1226E-08 3.4612E-08 3.7052E-08 3.8322E-08 3.8346E-08 3.7099E-08 3.4953E-08 3.2046E-08 2.8686E-08 2.5124E-08 2.1554E-08 1.8145E-08 1.5017E-08 1.2252E-08 9.8438E-09 7.8193E-09 6.0900E-09 4.6840E-09 3.5796E-09 2.6830E-09 2.0355E-09 1.5149E-09 1.1261E-09 8.2998E-10 5.9902E-10
0.0000E+00 0.0000E+00 0.0000E+00 0.0000E+00 0.0000E+00 0.0000E+00 0.0000E+00 0.0000E+00 0.0000E+00 0.0000E+00 0.0000E+00 0.0000E+00 1.0606E-12 4.2853E-12 1.0194E-11 2.7953E-11 8.0867E-11 1.2628E-10 1.8080E-10 3.5825E-10 6.8716E-10 1.2835E-09 2.0525E-09 3.1494E-09 4.5274E-09 6.3719E-09 8.8668E-09 1.2005E-08 1.5922E-08 2.0557E-08 2.5613E-08 3.0750E-08 3.5367E-08 3.9310E-08 4.2019E-08 4.3226E-08 4.2882E-08 4.1099E-08 3.8153E-08 3.4399E-08 3.0197E-08 2.5918E-08 2.1804E-08 1.8005E-08 1.4607E-08 1.1686E-08 9.1827E-09 7.1866E-09 5.5163E-09 4.2010E-09 3.1853E-09 2.3711E-09 1.7763E-09 1.3333E-09 9.8262E-10 7.2234E-10 5.1837E-10
0.0000E+00 0.0000E+00 0.0000E+00 0.0000E+00 0.0000E+00 0.0000E+00 0.0000E+00 0.0000E+00 0.0000E+00 0.0000E+00 0.0000E+00 0.0000E+00 0.0000E+00 0.0000E+00 1.1071E-12 3.6809E-12 1.1060E-11 4.8280E-11 1.0785E-10 2.6102E-10 5.5252E-10 1.1661E-09 1.9184E-09 3.0942E-09 4.5847E-09 6.6322E-09 9.3760E-09 1.2976E-08 1.7598E-08 2.3152E-08 2.9356E-08 3.5723E-08 4.1646E-08 4.6458E-08 4.9550E-08 5.0611E-08 4.9546E-08 4.6668E-08 4.2453E-08 3.7431E-08 3.2081E-08 2.6858E-08 2.1998E-08 1.7694E-08 1.4009E-08 1.0929E-08 8.3611E-09 6.4143E-09 4.8704E-09 3.6447E-09 2.7467E-09 2.0296E-09 1.5325E-09 1.1415E-09 8.3881E-10 6.1085E-10 4.3343E-10
0.0000E+00 0.0000E+00 0.0000E+00 0.0000E+00 0.0000E+00 0.0000E+00 0.0000E+00 0.0000E+00 0.0000E+00 0.0000E+00 0.0000E+00 0.0000E+00 0.0000E+00 0.0000E+00 0.0000E+00 0.0000E+00 7.1752E-13 8.7067E-12 3.4537E-11 1.5565E-10 4.2319E-10 9.7571E-10 1.7376E-09 2.9240E-09 4.5082E-09 6.7614E-09 9.8445E-09 1.4028E-08 1.9531E-08 2.6406E-08 3.4278E-08 4.2537E-08 5.0218E-08 5.6344E-08 6.0092E-08 6.0862E-08 5.8774E-08 5.4313E-08 4.8199E-08 4.1297E-08 3.4341E-08 2.7789E-08 2.1970E-08 1.7073E-08 1.3085E-08 9.9258E-09 7.3932E-09 5.5377E-09 4.1232E-09 3.0593E-09 2.2777E-09 1.7125E-09 1.2866E-09 9.5415E-10 6.9533E-10 4.9829E-10 3.4844E-10
0.0000E+00 0.0000E+00 0.0000E+00 0.0000E+00 0.0000E+00 0.0000E+00 0.0000E+00 0.0000E+00 0.0000E+00 0.0000E+00 0.0000E+00 0.0000E+00 0.0000E+00 0.0000E+00 0.0000E+00 0.0000E+00 0.0000E+00 0.0000E+00 6.2886E-12 5.0904E-11 2.7553E-10 7.7558E-10 1.4580E-09 2.6653E-09 4.2859E-09 6.6983E-09 1.0181E-08 1.5080E-08 2.1886E-08 3.0761E-08 4.1285E-08 5.2501E-08 6.2967E-08 7.1161E-08 7.5582E-08 7.5743E-08 7.1833E-08 6.4711E-08 5.5727E-08 4.6097E-08 3.6818E-08 2.8586E-08 2.1667E-08 1.6134E-08 1.1873E-08 8.6712E-09 6.2917E-09 4.5805E-09 3.3607E-09 2.4733E-09 1.8718E-09 1.4072E-09 1.0502E-09 7.7110E-10 5.5508E-10 3.9499E-10 2.6447E-10
0.0000E+00 0.0000E+00 0.0000E+00 0.0000E+00 0.0000E+00 0.0000E+00 0.0000E+00 0.0000E+00 0.0000E+00 0.0000E+00 0.0000E+00 0.0000E+00 0.0000E+00 0.0000E+00 0.0000E+00 0.0000E+00 0.0000E+00 0.0000E+00 2.1622E-12 2.6848E-11 1.2137E-10 4.8120E-10 1.1260E-09 2.2163E-09 3.7887E-09 6.2946E-09 1.0174E-08 1.6001E-08 2.4558E-08 3.6289E-08 5.0702E-08 6.6353E-08 8.0978E-08 9.1902E-08 9.7198E-08 9.6064E-08 8.9003E-08 7.7877E-08 6.4709E-08 5.1349E-08 3.9162E-08 2.8881E-08 2.0803E-08 1.4739E-08 1.0303E-08 7.2104E-09 5.0970E-09 3.6400E-09 2.6441E-09 1.9829E-09 1.5030E-09 1.1214E-09 8.2829E-10 6.0011E-10 4.2546E-10 2.8575E-10 1.8809E-10
0.0000E+00 0.0000E+00 0.0000E+00 0.0000E+00 0.0000E+00 0.0000E+00 0.0000E+00 0.0000E+00 0.0000E+00 0.0000E+00 0.0000E+00 0.0000E+00 0.0000E+00 0.0000E+00 0.0000E+00 0.0000E+00 0.0000E+00 0.0000E+00 0.0000E+00 8.9189E-12 7.3800E-11 2.2517E-10 6.0664E-10 1.6629E-09 3.0672E-09 5.5380E-09 9.7037E-09 1.6566E-08 2.7293E-08 4.2927E-08 6.2895E-08 8.4908E-08 1.0525E-07 1.1986E-07 1.2578E-07 1.2204E-07 1.1026E-07 9.3212E-08 7.4237E-08 5.6125E-08 4.0521E-08 2.8131E-08 1.9057E-08 1.2689E-08 8.3992E-09 5.6630E-09 3.9226E-09 2.7583E-09 2.0502E-09 1.5566E-09 1.1693E-09 8.6147E-10 6.2786E-10 4.4361E-10 2.9625E-10 1.9429E-10 1.2068E-10
0.0000E+00 0.0000E+00 0.0000E+00 0.0000E+00 0.0000E+00 0.0000E+00 0.0000E+00 0.0000E+00 0.0000E+00 0.0000E+00 0.0000E+00 0.0000E+00 0.0000E+00 0.0000E+00 0.0000E+00 0.0000E+00 0.0000E+00 0.0000E+00 0.0000E+00 2.2332E-12 3.9689E-11 1.5462E-10 3.2088E-10 7.5735E-10 2.1958E-09 4.3909E-09 8.7027E-09 1.6436E-08 2.9760E-08 5.0473E-08 7.7913E-08 1.0866E-07 1.3663E-07 1.5546E-07 1.6099E-07 1.5293E-07 1.3383E-07 1.0871E-07 8.2392E-08 5.8678E-08 3.9634E-08 2.5615E-08 1.6032E-08 9.9902E-09 6.3320E-09 4.1603E-09 2.8588E-09 2.0901E-09 1.5719E-09 1.1850E-09 8.7536E-10 6.3654E-10 4.4618E-10 2.9752E-10 1.9434E-10 1.2005E-10 6.5830E-11
0.0000E+00 0.0000E+00 0.0000E+00 0.0000E+00 0.0000E+00 0.0000E+00 0.0000E+00 0.0000E+00 0.0000E+00 0.0000E+00 0.0000E+00 0.0000E+00 0.0000E+00 0.0000E+00 0.0000E+00 0.0000E+00 0.0000E+00 0.0000E+00 0.0000E+00 4.1262E-14 1.7418E-11 9.4566E-11 2.3103E-10 4.1722E-10 7.1429E-10 3.0207E-09 7.1433E-09 1.5446E-08 3.1629E-08 5.8423E-08 9.5334E-08 1.3695E-07 1.7370E-07 1.9625E-07 1.9961E-07 1.8377E-07 1.5445E-07 1.1889E-07 8.4463E-08 5.5802E-08 3.4801E-08 2.0729E-08 1.2030E-08 7.2138E-09 4.5378E-09 2.9729E-09 2.1495E-09 1.5753E-09 1.1657E-09 8.6447E-10 6.2470E-10 4.3607E-10 2.9260E-10 1.9040E-10 1.1375E-10 6.7329E-11 3.1453E-11
0.0000E+00 0.0000E+00 0.0000E+00 0.0000E+00 0.0000E+00 0.0000E+00 0.0000E+00 0.0000E+00 0.0000E+00 0.0000E+00 0.0000E+00 0.0000E+00 0.0000E+00 0.0000E+00 0.0000E+00 0.0000E+00 0.0000E+00 0.0000E+00 0.0000E+00 0.0000E+00 5.6451E-12 5.0351E-11 1.5455E-10 2.9984E-10 5.8812E-10 1.2782E-09 5.4183E-09 1.4606E-08 3.3865E-08 6.7501E-08 1.1521E-07 1.6836E-07 2.1236E-07 2.3511E-07 2.3112E-07 2.0352E-07 1.6074E-07 1.1500E-07 7.5169E-08 4.5832E-08 2.6608E-08 1.4991E-08 8.5920E-09 5.2393E-09 3.2810E-09 2.2383E-09 1.5951E-09 1.1357E-09 8.2540E-10 5.9742E-10 4.1598E-10 2.8586E-10 1.7971E-10 1.0999E-10 6.2369E-11 3.5231E-11 1.9112E-11
0.0000E+00 0.0000E+00 0.0000E+00 0.0000E+00 0.0000E+00 0.0000E+00 0.0000E+00 0.0000E+00 0.0000E+00 0.0000E+00 0.0000E+00 0.0000E+00 0.0000E+00 0.0000E+00 0.0000E+00 0.0000E+00 0.0000E+00 0.0000E+00 0.0000E+00 0.0000E+00 9.4786E-13 2.0407E-11 8.9860E-11 2.0114E-10 5.0866E-10 1.3484E-09 4.6847E-09 1.5363E-08 3.9801E-08 8.2336E-08 1.4065E-07 2.0094E-07 2.4402E-07 2.5691E-07 2.3825E-07 1.9545E-07 1.4310E-07 9.4742E-08 5.8088E-08 3.3866E-08 1.9038E-08 1.1005E-08 6.4363E-09 3.8212E-09 2.4738E-09 1.6242E-09 1.1258E-09 7.5542E-10 5.5100E-10 3.9105E-10 2.6764E-10 1.7182E-10 1.0824E-10 6.3797E-11 3.7169E-11 2.0603E-11 7.9733E-12
0.0000E+00 0.0000E+00 0.0000E+00 0.0000E+00 0.0000E+00 0.0000E+00 0.0000E+00 0.0000E+00 0.0000E+00 0.0000E+00 0.0000E+00 0.0000E+00 0.0000E+00 0.0000E+00 0.0000E+00 0.0000E+00 0.0000E+00 0.0000E+00 0.0000E+00 0.0000E+00 0.0000E+00 5.4614E-12 4.1868E-11 1.2161E-10 4.6218E-10 1.5377E-09 6.3202E-09 2.0576E-08 5.5568E-08 1.1250E-07 1.8045E-07 2.3557E-07 2.6047E-07 2.5013E-07 2.1241E-07 1.6150E-07 1.1110E-07 7.0794E-08 4.2986E-08 2.4960E-08 1.4404E-08 8.1119E-09 4.6783E-09 2.8276E-09 1.7462E-09 1.1290E-09 7.2349E-10 4.9606E-10 3.5587E-10 2.4517E-10 1.6195E-10 1.0062E-10 6.3161E-11 3.7590E-11 1.8966E-11 8.0436E-12 2.1577E-12
0.0000E+00 0.0000E+00 0.0000E+00 0.0000E+00 0.0000E+00 0.0000E+00 0.0000E+00 0.0000E+00 0.0000E+00 0.0000E+00 0.0000E+00 0.0000E+00 0.0000E+00 0.0000E+00 0.0000E+00 0.0000E+00 0.0000E+00 0.0000E+00 0.0000E+00 0.0000E+00 0.0000E+00 6.0616E-13 1.3031E-11 6.4513E-11 4.2086E-10 1.7351E-09 9.2165E-09 3.3222E-08 8.7015E-08 1.6652E-07 2.4055E-07 2.7568E-07 2.6629E-07 2.2713E-07 1.7538E-07 1.2458E-07 8.2504E-08 5.1497E-08 3.0705E-08 1.7804E-08 1.0103E-08 5.6173E-09 3.2675E-09 1.8946E-09 1.1334E-09 6.8221E-10 4.7381E-10 3.1656E-10 2.1938E-10 1.4676E-10 9.2306E-11 5.9259E-11 3.6146E-11 1.6279E-11 8.1178E-12 9.3820E-13 0.0000E+00
0.0000E+00 0.0000E+00 0.0000E+00 0.0000E+00 0.0000E+00 0.0000E+00 0.0000E+00 0.0000E+00 0.0000E+00 0.0000E+00 0.0000E+00 0.0000E+00 0.0000E+00 0.0000E+00 0.0000E+00 0.0000E+00 0.0000E+00 0.0000E+00 0.0000E+00 0.0000E+00 0.0000E+00 0.0000E+00 1.7914E-12 4.1485E-11 3.5001E-10 1.8146E-09 1.4100E-08 5.3479E-08 1.4176E-07 2.4792E-07 3.0745E-07 3.0099E-07 2.5062E-07 1.8861E-07 1.3251E-07 8.8148E-08 5.5955E-08 3.3985E-08 1.9876E-08 1.1481E-08 6.4024E-09 3.6370E-09 2.0113E-09 1.1700E-09 6.1464E-10 4.2930E-10 2.6861E-10 1.8765E-10 1.2540E-10 8.1011E-11 5.1216E-11 2.6954E-11 1.4826E-11 6.6216E-12 0.0000E+00 0.0000E+00 0.0000E+00
0.0000E+00 0.0000E+00 0.0000E+00 0.0000E+00 0.0000E+00 0.0000E+00 0.0000E+00 0.0000E+00 0.0000E+00 0.0000E+00 0.0000E+00 0.0000E+00 0.0000E+00 0.0000E+00 0.0000E+00 0.0000E+00 0.0000E+00 0.0000E+00 0.0000E+00 0.0000E+00 0.0000E+00 0.0000E+00 0.0000E+00 2.2435E-11 2.9271E-10 2.3720E-09 1.8916E-08 9.3602E-08 2.3503E-07 3.4885E-07 3.5157E-07 2.8165E-07 2.0034E-07 1.3360E-07 8.5854E-08 5.3971E-08 3.2932E-08 1.9189E-08 1.1346E-08 6.3650E-09 3.6898E-09 1.9327E-09 1.1043E-09 5.2701E-10 3.7009E-10 2.4442E-10 1.4904E-10 9.8917E-11 6.4219E-11 3.7646E-11 2.1799E-11 1.0755E-11 1.9617E-12 0.0000E+00 0.0000E+00 0.0000E+00 0.0000E+00
0.0000E+00 0.0000E+00 0.0000E+00 0.0000E+00 0.0000E+00 0.0000E+00 0.0000E+00 0.0000E+00 0.0000E+00 0.0000E+00 0.0000E+00 0.0000E+00 0.0000E+00 0.0000E+00 0.0000E+00 0.0000E+00 0.0000E+00 0.0000E+00 0.0000E+00 0.0000E+00 0.0000E+00 0.0000E+00 0.0000E+00 1.0515E-11 1.8792E-10 2.0003E-09 2.8743E-08 1.6658E-07 3.7539E-07 4.1927E-07 3.2349E-07 2.0876E-07 1.2751E-07 7.5552E-08 4.6275E-08 2.7365E-08 1.5683E-08 8.6950E-09 5.3432E-09 3.1296E-09 1.6137E-09 9.0280E-10 4.1987E-10 2.9486E-10 1.9453E-10 1.0929E-10 7.5357E-11 4.4974E-11 2.4680E-11 1.3037E-11 3.0373E-12 0.0000E+00 0.0000E+00 0.0000E+00 0.0000E+00 0.0000E+00 0.0000E+00
0.0000E+00 0.0000E+00 0.0000E+00 0.0000E+00 0.0000E+00 0.0000E+00 0.0000E+00 0.0000E+00 0.0000E+00 0.0000E+00 0.0000E+00 0.0000E+00 0.0000E+00 0.0000E+00 0.0000E+00 0.0000E+00 0.0000E+00 0.0000E+00 0.0000E+00 0.0000E+00 0.0000E+00 0.0000E+00 0.0000E+00 3.4721E-12 1.7920E-10 1.2213E-09 4.4488E-08 3.2952E-07 5.3059E-07 3.7827E-07 2.1216E-07 1.1241E-07 5.7458E-08 3.4051E-08 1.7939E-08 1.0251E-08 6.1065E-09 3.3075E-09 2.0211E-09 9.1675E-10 4.7261E-10 2.9061E-10 2.0748E-10 1.4172E-10 6.8881E-11 4.0916E-11 2.5723E-11 1.1655E-11 2.5887E-12 0.0000E+00 0.0000E+00 0.0000E+00 0.0000E+00 0.0000E+00 0.0000E+00 0.0000E+00 0.0000E+00
0.0000E+00 0.0000E+00 0.0000E+00 0.0000E+00 0.0000E+00 0.0000E+00 0.0000E+00 0.0000E+00 0.0000E+00 0.0000E+00 0.0000E+00 0.0000E+00 0.0000E+00 0.0000E+00 0.0000E+00 0.0000E+00 0.0000E+00 0.0000E+00 0.0000E+00 0.0000E+00 0.0000E+00 0.0000E+00 0.0000E+00 2.0302E-13 6.1874E-11 1.2843E-09 1.1689E-07 6.4210E-07 5.1645E-07 2.1302E-07 8.9095E-08 3.5774E-08 1.9354E-08 1.0875E-08 5.3238E-09 3.1729E-09 1.4589E-09 9.3891E-10 5.3075E-10 2.7824E-10 1.7655E-10 1.2283E-10 7.2018E-11 3.8003E-11 1.8671E-11 5.5803E-12 6.4494E-14 0.0000E+00 0.0000E+00 0.0000E+00 0.0000E+00 0.0000E+00 0.0000E+00 0.0000E+00 0.0000E+00 0.0000E+00 0.0000E+00
0.0000E+00 0.0000E+00 0.0000E+00 0.0000E+00 0.0000E+00 0.0000E+00 0.0000E+00 0.0000E+00 0.0000E+00 0.0000E+00 0.0000E+00 0.0000E+00 0.0000E+00 0.0000E+00 0.0000E+00 0.0000E+00 0.0000E+00 0.0000E+00 0.0000E+00 0.0000E+00 0.0000E+00 0.0000E+00 0.0000E+00 0.0000E+00 1.8042E-11 6.6437E-10 4.3960E-07 8.6357E-07 2.5319E-07 6.5414E-08 2.1923E-08 8.5452E-09 4.3403E-09 2.3156E-09 1.0214E-09 5.7658E-10 4.2700E-10 2.3138E-10 1.0393E-10 7.8614E-11 5.2001E-11 1.5717E-11 4.8370E-12 0.0000E+00 0.0000E+00 0.0000E+00 0.0000E+00 0.0000E+00 0.0000E+00 0.0000E+00 0.0000E+00 0.0000E+00 0.0000E+00 0.0000E+00 0.0000E+00 0.0000E+00 0.0000E+00
0.0000E+00 0.0000E+00 0.0000E+00 0.0000E+00 0.0000E+00 0.0000E+00 0.0000E+00 0.0000E+00 0.0000E+00 0.0000E+00 0.0000E+00 0.0000E+00 0.0000E+00 0.0000E+00 0.0000E+00 0.0000E+00 0.0000E+00 0.0000E+00 0.0000E+00 0.0000E+00 0.0000E+00 0.0000E+00 0.0000E+00 0.0000E+00 1.4435E-12 1.0771E-07 1.1060E-06 4.3956E-07 4.6076E-08 9.4225E-09 2.8556E-09 1.3856E-09 7.9790E-10 3.2166E-10 1.3940E-10 1.3402E-10 5.9596E-11 1.8310E-11 9.7312E-12 1.1796E-12 0.0000E+00 0.0000E+00 0.0000E+00 0.0000E+00 0.0000E+00 0.0000E+00 0.0000E+00 0.0000E+00 0.0000E+00 0.0000E+00 0.0000E+00 0.0000E+00 0.0000E+00 0.0000E+00 0.0000E+00 0.0000E+00 0.0000E+00
0.0000E+00 0.0000E+00 0.0000E+00 0.0000E+00 0.0000E+00 0.0000E+00 0.0000E+00 0.0000E+00 0.0000E+00 0.0000E+00 0.0000E+00 0.0000E+00 0.0000E+00 0.0000E+00 0.0000E+00 0.0000E+00 0.0000E+00 0.0000E+00 0.0000E+00 0.0000E+00 0.0000E+00 0.0000E+00 0.0000E+00 0.0000E+00 3.3803E-13 8.3821E-07 8.4772E-07 6.0639E-08 1.2525E-09 5.2209E-10 3.0900E-10 1.9340E-10 4.8653E-11 0.0000E+00 0.0000E+00 0.0000E+00 0.0000E+00 0.0000E+00 0.0000E+00 0.0000E+00 0.0000E+00 0.0000E+00 0.0000E+00 0.0000E+00 0.0000E+00 0.0000E+00 0.0000E+00 0.0000E+00 0.0000E+00 0.0000E+00 0.0000E+00 0.0000E+00 0.0000E+00 0.0000E+00 0.0000E+00 0.0000E+00 0.0000E+00
