Assets/Resources/2015_m01_d15_0500(utc+0800)_l00_csi_1hr_conc.grd
DSAA
         159         159
     -79.000      79.000
     -79.000      79.000
  0.0000E+00  0.4561E-05
[rows 75 to 99 of 159, columns 0 to 56 of 159]
4.5642E-10 4.7176E-10 4.8489E-10 4.9974E-10 5.1347E-10 5.2893E-10 5.4421E-10 5.5935E-10 5.7634E-10 5.9172E-10 6.0985E-10 6.2620E-10 6.4511E-10 6.6400E-10 6.8362E-10 7.0184E-10 7.2041E-10 7.4014E-10 7.5903E-10 7.7997E-10 7.9979E-10 8.1999E-10 8.4235E-10 8.6355E-10 8.8515E-10 9.0904E-10 9.3170E-10 9.5479E-10 9.8030E-10 1.0045E-09 1.0292E-09 1.0564E-09 1.0823E-09 1.1087E-09 1.1377E-09 1.1654E-09 1.1935E-09 1.2244E-09 1.2539E-09 1.2839E-09 1.3164E-09 1.3489E-09 1.3810E-09 1.4158E-09 1.4505E-09 1.4849E-09 1.5198E-09 1.5595E-09 1.5963E-09 1.6337E-09 1.6718E-09 1.7105E-09 1.7553E-09 1.7962E-09 1.8377E-09 1.8800E-09 1.9291E-09
4.4817E-10 4.6182E-10 4.7538E-10 4.9087E-10 5.0353E-10 5.1959E-10 5.3368E-10 5.4952E-10 5.6518E-10 5.8141E-10 5.9826E-10 6.1597E-10 6.3418E-10 6.5197E-10 6.7159E-10 6.9026E-10 7.0982E-10 7.2803E-10 7.4818E-10 7.6729E-10 7.8676E-10 8.0828E-10 8.2871E-10 8.4952E-10 8.7250E-10 8.9434E-10 9.1658E-10 9.4112E-10 9.6446E-10 9.8823E-10 1.0144E-09 1.0393E-09 1.0647E-09 1.0926E-09 1.1192E-09 1.1463E-09 1.1753E-09 1.2044E-09 1.2333E-09 1.2627E-09 1.2957E-09 1.3265E-09 1.3579E-09 1.3934E-09 1.4264E-09 1.4600E-09 1.4980E-09 1.5334E-09 1.5693E-09 1.6059E-09 1.6431E-09 1.6860E-09 1.7253E-09 1.7651E-09 1.8057E-09 1.8508E-09 1.8956E-09
4.3823E-10 4.5220E-10 4.6664E-10 4.8067E-10 4.9433E-10 5.0893E-10 5.2320E-10 5.3964E-10 5.5330E-10 5.7033E-10 5.8616E-10 6.0432E-10 6.2136E-10 6.4086E-10 6.6021E-10 6.7984E-10 6.9800E-10 7.1587E-10 7.3581E-10 7.5457E-10 7.7528E-10 7.9496E-10 8.1501E-10 8.3713E-10 8.5816E-10 8.7959E-10 9.0320E-10 9.2567E-10 9.4856E-10 9.7374E-10 9.9774E-10 1.0222E-09 1.0490E-09 1.0746E-09 1.1007E-09 1.1272E-09 1.1565E-09 1.1843E-09 1.2126E-09 1.2443E-09 1.2740E-09 1.3042E-09 1.3382E-09 1.3699E-09 1.4022E-09 1.4387E-09 1.4726E-09 1.5072E-09 1.5423E-09 1.5780E-09 1.6192E-09 1.6568E-09 1.6951E-09 1.7340E-09 1.7736E-09 1.8202E-09 1.8620E-09
4.2987E-10 4.4264E-10 4.5621E-10 4.7055E-10 4.8510E-10 4.9836E-10 5.1350E-10 5.2846E-10 5.4309E-10 5.5865E-10 5.7551E-10 5.9349E-10 6.1084E-10 6.2904E-10 6.4900E-10 6.6750E-10 6.8613E-10 7.0532E-10 7.2339E-10 7.4180E-10 7.6228E-10 7.8160E-10 8.0234E-10 8.2313E-10 8.4377E-10 8.6648E-10 8.8812E-10 9.1016E-10 9.3437E-10 9.5748E-10 9.8101E-10 1.0056E-09 1.0314E-09 1.0565E-09 1.0821E-09 1.1102E-09 1.1370E-09 1.1642E-09 1.1946E-09 1.2232E-09 1.2522E-09 1.2849E-09 1.3154E-09 1.3464E-09 1.3791E-09 1.4140E-09 1.4472E-09 1.4810E-09 1.5153E-09 1.5547E-09 1.5909E-09 1.6276E-09 1.6650E-09 1.7029E-09 1.7475E-09 1.7876E-09 1.8284E-09
4.2000E-10 4.3226E-10 4.4740E-10 4.6052E-10 4.7445E-10 4.8788E-10 5.0378E-10 5.1737E-10 5.3287E-10 5.4707E-10 5.6406E-10 5.8072E-10 5.9885E-10 6.1754E-10 6.3649E-10 6.5584E-10 6.7527E-10 6.9262E-10 7.1094E-10 7.3009E-10 7.4924E-10 7.6819E-10 7.8922E-10 8.0909E-10 8.2934E-10 8.5177E-10 8.7299E-10 8.9461E-10 9.1852E-10 9.4117E-10 9.6423E-10 9.8967E-10 1.0138E-09 1.0384E-09 1.0655E-09 1.0912E-09 1.1174E-09 1.1466E-09 1.1741E-09 1.2020E-09 1.2333E-09 1.2627E-09 1.2925E-09 1.3228E-09 1.3574E-09 1.3893E-09 1.4218E-09 1.4547E-09 1.4925E-09 1.5272E-09 1.5625E-09 1.5984E-09 1.6348E-09 1.6775E-09 1.7160E-09 1.7551E-09 1.7948E-09
4.1046E-10 4.2363E-10 4.3731E-10 4.4966E-10 4.6391E-10 4.7835E-10 4.9261E-10 5.0638E-10 5.2122E-10 5.3559E-10 5.5242E-10 5.6865E-10 5.8666E-10 6.0493E-10 6.2313E-10 6.4367E-10 6.6342E-10 6.8043E-10 6.9948E-10 7.1733E-10 7.3617E-10 7.5584E-10 7.7552E-10 7.9502E-10 8.1659E-10 8.3702E-10 8.5782E-10 8.8081E-10 9.0262E-10 9.2482E-10 9.4927E-10 9.7251E-10 9.9616E-10 1.0222E-09 1.0469E-09 1.0721E-09 1.0994E-09 1.1266E-09 1.1535E-09 1.1826E-09 1.2117E-09 1.2404E-09 1.2696E-09 1.3028E-09 1.3334E-09 1.3646E-09 1.3963E-09 1.4285E-09 1.4658E-09 1.4997E-09 1.5342E-09 1.5692E-09 1.6100E-09 1.6469E-09 1.6844E-09 1.7226E-09 1.7676E-09
4.0014E-10 4.1335E-10 4.2541E-10 4.4057E-10 4.5347E-10 4.6728E-10 4.8157E-10 4.9635E-10 5.0967E-10 5.2504E-10 5.4021E-10 5.5687E-10 5.7339E-10 5.9262E-10 6.1203E-10 6.3082E-10 6.5068E-10 6.6871E-10 6.8705E-10 7.0454E-10 7.2409E-10 7.4244E-10 7.6179E-10 7.8198E-10 8.0220E-10 8.2223E-10 8.4376E-10 8.6531E-10 8.8667E-10 9.1017E-10 9.3254E-10 9.5530E-10 9.7847E-10 1.0041E-09 1.0283E-09 1.0530E-09 1.0807E-09 1.1065E-09 1.1328E-09 1.1625E-09 1.1901E-09 1.2182E-09 1.2500E-09 1.2795E-09 1.3094E-09 1.3399E-09 1.3708E-09 1.4066E-09 1.4392E-09 1.4723E-09 1.5059E-09 1.5433E-09 1.5803E-09 1.6164E-09 1.6530E-09 1.6940E-09 1.7347E-09
3.8994E-10 4.0469E-10 4.1652E-10 4.3009E-10 4.4219E-10 4.5772E-10 4.7063E-10 4.8476E-10 4.9937E-10 5.1293E-10 5.2813E-10 5.4489E-10 5.6216E-10 5.8012E-10 5.9819E-10 6.1635E-10 6.3771E-10 6.5650E-10 6.7456E-10 6.9221E-10 7.1047E-10 7.2901E-10 7.4784E-10 7.6791E-10 7.8711E-10 8.0847E-10 8.2859E-10 8.4976E-10 8.7179E-10 8.9386E-10 9.1576E-10 9.3805E-10 9.6268E-10 9.8600E-10 1.0097E-09 1.0363E-09 1.0612E-09 1.0865E-09 1.1150E-09 1.1415E-09 1.1685E-09 1.1990E-09 1.2273E-09 1.2561E-09 1.2854E-09 1.3151E-09 1.3494E-09 1.3807E-09 1.4125E-09 1.4448E-09 1.4776E-09 1.5162E-09 1.5507E-09 1.5859E-09 1.6215E-09 1.6641E-09 1.7018E-09
3.8150E-10 3.9277E-10 4.0587E-10 4.1769E-10 4.3285E-10 4.4676E-10 4.5917E-10 4.7330E-10 4.8793E-10 5.0238E-10 5.1616E-10 5.3117E-10 5.4876E-10 5.6742E-10 5.8502E-10 6.0451E-10 6.2384E-10 6.4426E-10 6.6062E-10 6.7938E-10 6.9655E-10 7.1554E-10 7.3403E-10 7.5380E-10 7.7260E-10 7.9367E-10 8.1338E-10 8.3416E-10 8.5584E-10 8.7684E-10 8.9896E-10 9.2200E-10 9.4505E-10 9.6787E-10 9.9263E-10 1.0173E-09 1.0417E-09 1.0690E-09 1.0945E-09 1.1205E-09 1.1468E-09 1.1770E-09 1.2046E-09 1.2328E-09 1.2614E-09 1.2942E-09 1.3243E-09 1.3548E-09 1.3858E-09 1.4173E-09 1.4543E-09 1.4875E-09 1.5212E-09 1.5554E-09 1.5961E-09 1.6322E-09 1.6690E-09
3.6934E-10 3.8223E-10 3.9486E-10 4.0858E-10 4.2202E-10 4.3384E-10 4.4935E-10 4.6196E-10 4.7593E-10 4.9037E-10 5.0531E-10 5.1864E-10 5.3646E-10 5.5361E-10 5.7214E-10 5.9174E-10 6.0891E-10 6.3092E-10 6.4801E-10 6.6653E-10 6.8333E-10 7.0255E-10 7.2018E-10 7.3964E-10 7.5860E-10 7.7885E-10 7.9813E-10 8.1909E-10 8.3986E-10 8.6040E-10 8.8269E-10 9.0477E-10 9.2663E-10 9.5118E-10 9.7407E-10 9.9830E-10 1.0237E-09 1.0481E-09 1.0740E-09 1.0994E-09 1.1272E-09 1.1549E-09 1.1820E-09 1.2094E-09 1.2374E-09 1.2698E-09 1.2991E-09 1.3290E-09 1.3592E-09 1.3930E-09 1.4264E-09 1.4588E-09 1.4916E-09 1.5286E-09 1.5652E-09 1.6005E-09 1.6441E-09
3.5895E-10 3.7139E-10 3.8461E-10 3.9756E-10 4.0913E-10 4.2425E-10 4.3801E-10 4.5012E-10 4.6407E-10 4.7850E-10 4.9276E-10 5.0750E-10 5.2227E-10 5.3974E-10 5.5769E-10 5.7713E-10 5.9513E-10 6.1733E-10 6.3536E-10 6.5364E-10 6.7009E-10 6.8849E-10 7.0630E-10 7.2545E-10 7.4405E-10 7.6331E-10 7.8338E-10 8.0265E-10 8.2383E-10 8.4393E-10 8.6584E-10 8.8750E-10 9.0887E-10 9.3229E-10 9.5547E-10 9.7924E-10 1.0043E-09 1.0281E-09 1.0535E-09 1.0803E-09 1.1057E-09 1.1328E-09 1.1593E-09 1.1861E-09 1.2159E-09 1.2439E-09 1.2740E-09 1.3031E-09 1.3355E-09 1.3658E-09 1.3986E-09 1.4301E-09 1.4655E-09 1.4986E-09 1.5344E-09 1.5687E-09 1.6121E-09
3.4833E-10 3.6100E-10 3.7375E-10 3.8622E-10 3.9978E-10 4.1305E-10 4.2458E-10 4.4003E-10 4.5373E-10 4.6611E-10 4.8034E-10 4.9325E-10 5.0961E-10 5.2709E-10 5.4413E-10 5.6393E-10 5.8290E-10 6.0134E-10 6.2268E-10 6.3927E-10 6.5680E-10 6.7315E-10 6.9239E-10 7.0954E-10 7.2946E-10 7.4745E-10 7.6752E-10 7.8693E-10 8.0777E-10 8.2802E-10 8.4896E-10 8.7019E-10 8.9184E-10 9.1411E-10 9.3685E-10 9.5992E-10 9.8478E-10 1.0081E-09 1.0339E-09 1.0593E-09 1.0842E-09 1.1108E-09 1.1366E-09 1.1639E-09 1.1921E-09 1.2194E-09 1.2489E-09 1.2772E-09 1.3091E-09 1.3387E-09 1.3708E-09 1.4015E-09 1.4364E-09 1.4685E-09 1.5036E-09 1.5449E-09 1.5801E-09
3.3816E-10 3.5033E-10 3.6264E-10 3.7565E-10 3.8841E-10 4.0119E-10 4.1473E-10 4.2830E-10 4.4010E-10 4.5383E-10 4.6804E-10 4.8210E-10 4.9661E-10 5.1243E-10 5.2977E-10 5.4834E-10 5.6777E-10 5.8457E-10 6.0867E-10 6.2520E-10 6.4348E-10 6.5947E-10 6.7842E-10 6.9520E-10 7.1485E-10 7.3243E-10 7.5216E-10 7.7119E-10 7.9092E-10 8.1152E-10 8.3112E-10 8.5287E-10 8.7408E-10 8.9591E-10 9.1820E-10 9.4082E-10 9.6527E-10 9.8804E-10 1.0134E-09 1.0372E-09 1.0626E-09 1.0872E-09 1.1150E-09 1.1407E-09 1.1682E-09 1.1949E-09 1.2238E-09 1.2529E-09 1.2811E-09 1.3116E-09 1.3409E-09 1.3747E-09 1.4072E-09 1.4386E-09 1.4765E-09 1.5139E-09 1.5482E-09
3.2621E-10 3.3961E-10 3.5200E-10 3.6449E-10 3.7680E-10 3.9011E-10 4.0319E-10 4.1439E-10 4.2974E-10 4.4321E-10 4.5525E-10 4.6925E-10 4.8181E-10 4.9806E-10 5.1679E-10 5.3277E-10 5.5418E-10 5.7195E-10 5.9118E-10 6.1211E-10 6.3014E-10 6.4575E-10 6.6444E-10 6.8084E-10 6.9950E-10 7.1738E-10 7.3592E-10 7.5543E-10 7.7371E-10 7.9433E-10 8.1414E-10 8.3467E-10 8.5631E-10 8.7665E-10 8.9954E-10 9.2170E-10 9.4467E-10 9.6797E-10 9.9160E-10 1.0161E-09 1.0410E-09 1.0651E-09 1.0924E-09 1.1174E-09 1.1444E-09 1.1704E-09 1.1987E-09 1.2272E-09 1.2547E-09 1.2846E-09 1.3130E-09 1.3463E-09 1.3761E-09 1.4086E-09 1.4434E-09 1.4784E-09 1.5164E-09
3.1803E-10 3.2921E-10 3.3891E-10 3.5327E-10 3.6598E-10 3.7613E-10 3.9104E-10 4.0430E-10 4.1766E-10 4.2911E-10 4.4259E-10 4.5609E-10 4.7036E-10 4.8462E-10 5.0169E-10 5.2061E-10 5.3890E-10 5.5744E-10 5.7466E-10 5.9901E-10 6.1476E-10 6.3203E-10 6.4751E-10 6.6645E-10 6.8270E-10 7.0232E-10 7.1935E-10 7.3964E-10 7.5749E-10 7.7775E-10 7.9715E-10 8.1726E-10 8.3760E-10 8.5836E-10 8.7971E-10 9.0256E-10 9.2367E-10 9.4791E-10 9.7105E-10 9.9509E-10 1.0195E-09 1.0429E-09 1.0685E-09 1.0942E-09 1.1190E-09 1.1459E-09 1.1716E-09 1.2015E-09 1.2283E-09 1.2575E-09 1.2852E-09 1.3180E-09 1.3469E-09 1.3788E-09 1.4130E-09 1.4473E-09 1.4846E-09
3.0644E-10 3.1716E-10 3.3031E-10 3.4238E-10 3.5234E-10 3.6670E-10 3.7970E-10 3.9010E-10 4.0333E-10 4.1849E-10 4.2967E-10 4.4339E-10 4.5712E-10 4.6931E-10 4.8694E-10 5.0672E-10 5.2028E-10 5.4350E-10 5.5982E-10 5.8098E-10 6.0027E-10 6.1829E-10 6.3339E-10 6.5205E-10 6.6791E-10 6.8723E-10 7.0386E-10 7.2304E-10 7.4126E-10 7.6017E-10 7.8015E-10 7.9865E-10 8.1975E-10 8.4008E-10 8.6097E-10 8.8342E-10 9.0401E-10 9.2784E-10 9.5050E-10 9.7404E-10 9.9791E-10 1.0208E-09 1.0458E-09 1.0710E-09 1.0951E-09 1.1215E-09 1.1465E-09 1.1741E-09 1.2020E-09 1.2306E-09 1.2575E-09 1.2869E-09 1.3179E-09 1.3491E-09 1.3827E-09 1.4162E-09 1.4530E-09
2.9495E-10 3.0746E-10 3.1605E-10 3.2920E-10 3.4328E-10 3.5112E-10 3.6551E-10 3.8018E-10 3.9309E-10 4.0372E-10 4.1721E-10 4.3039E-10 4.4364E-10 4.5760E-10 4.7159E-10 4.9007E-10 5.0783E-10 5.2615E-10 5.4485E-10 5.6199E-10 5.8680E-10 6.0454E-10 6.1927E-10 6.3764E-10 6.5311E-10 6.7214E-10 6.8836E-10 7.0720E-10 7.2503E-10 7.4226E-10 7.6225E-10 7.8118E-10 8.0081E-10 8.2180E-10 8.4094E-10 8.6315E-10 8.8435E-10 9.0636E-10 9.2868E-10 9.5129E-10 9.7480E-10 9.9864E-10 1.0212E-09 1.0478E-09 1.0713E-09 1.0971E-09 1.1214E-09 1.1485E-09 1.1757E-09 1.2013E-09 1.2299E-09 1.2564E-09 1.2889E-09 1.3166E-09 1.3525E-09 1.3817E-09 1.4213E-09
2.8283E-10 2.9371E-10 3.0622E-10 3.1903E-10 3.2784E-10 3.4193E-10 3.5598E-10 3.6401E-10 3.7871E-10 3.9157E-10 4.0453E-10 4.1730E-10 4.3064E-10 4.4404E-10 4.5584E-10 4.7498E-10 4.9138E-10 5.0777E-10 5.3192E-10 5.4664E-10 5.6980E-10 5.8818E-10 6.0516E-10 6.1972E-10 6.3832E-10 6.5360E-10 6.7286E-10 6.8890E-10 7.0880E-10 7.2560E-10 7.4520E-10 7.6372E-10 7.8291E-10 8.0352E-10 8.2217E-10 8.4398E-10 8.6472E-10 8.8452E-10 9.0809E-10 9.3022E-10 9.5322E-10 9.7654E-10 9.9849E-10 1.0229E-09 1.0475E-09 1.0706E-09 1.0964E-09 1.1203E-09 1.1495E-09 1.1744E-09 1.2023E-09 1.2280E-09 1.2599E-09 1.2868E-09 1.3173E-09 1.3507E-09 1.3835E-09
2.7046E-10 2.8300E-10 2.9229E-10 3.0626E-10 3.1910E-10 3.3065E-10 3.4032E-10 3.5436E-10 3.6690E-10 3.7692E-10 3.9151E-10 4.0463E-10 4.1742E-10 4.3042E-10 4.4398E-10 4.5547E-10 4.7769E-10 4.9204E-10 5.1194E-10 5.3115E-10 5.4818E-10 5.7335E-10 5.9104E-10 6.0523E-10 6.2354E-10 6.3842E-10 6.5737E-10 6.7299E-10 6.9257E-10 7.0894E-10 7.2697E-10 7.4628E-10 7.6363E-10 7.8402E-10 8.0343E-10 8.2333E-10 8.4511E-10 8.6440E-10 8.8754E-10 9.0919E-10 9.3169E-10 9.5450E-10 9.7585E-10 9.9972E-10 1.0238E-09 1.0462E-09 1.0714E-09 1.0946E-09 1.1233E-09 1.1475E-09 1.1748E-09 1.1998E-09 1.2278E-09 1.2573E-09 1.2871E-09 1.3199E-09 1.3520E-09
2.5936E-10 2.6904E-10 2.8295E-10 2.9650E-10 3.0461E-10 3.1738E-10 3.3113E-10 3.4072E-10 3.5246E-10 3.6679E-10 3.7919E-10 3.8941E-10 4.0427E-10 4.1721E-10 4.2814E-10 4.4162E-10 4.5868E-10 4.7725E-10 4.9338E-10 5.1794E-10 5.3245E-10 5.5345E-10 5.7538E-10 5.9076E-10 6.0722E-10 6.2327E-10 6.4037E-10 6.5711E-10 6.7252E-10 6.9230E-10 7.0844E-10 7.2886E-10 7.4575E-10 7.6443E-10 7.8473E-10 8.0263E-10 8.2556E-10 8.4432E-10 8.6530E-10 8.8658E-10 9.0814E-10 9.3055E-10 9.5327E-10 9.7427E-10 1.0001E-09 1.0220E-09 1.0466E-09 1.0692E-09 1.0949E-09 1.1209E-09 1.1446E-09 1.1718E-09 1.1991E-09 1.2279E-09 1.2535E-09 1.2893E-09 1.3164E-09
2.4888E-10 2.5789E-10 2.6957E-10 2.8130E-10 2.9478E-10 3.0717E-10 3.1547E-10 3.2916E-10 3.4281E-10 3.5262E-10 3.6460E-10 3.7880E-10 3.9144E-10 4.0185E-10 4.1465E-10 4.2759E-10 4.4078E-10 4.6476E-10 4.7848E-10 4.9728E-10 5.1764E-10 5.3327E-10 5.5873E-10 5.7633E-10 5.8994E-10 6.0815E-10 6.2243E-10 6.4127E-10 6.5626E-10 6.7572E-10 6.9143E-10 7.1034E-10 7.2793E-10 7.4456E-10 7.6607E-10 7.8348E-10 8.0456E-10 8.2432E-10 8.4278E-10 8.6562E-10 8.8668E-10 9.0859E-10 9.3080E-10 9.5121E-10 9.7657E-10 9.9784E-10 1.0193E-09 1.0438E-09 1.0659E-09 1.0943E-09 1.1174E-09 1.1439E-09 1.1676E-09 1.1988E-09 1.2235E-09 1.2525E-09 1.2851E-09
2.3700E-10 2.4733E-10 2.5626E-10 2.6786E-10 2.7948E-10 2.9289E-10 3.0520E-10 3.1563E-10 3.2698E-10 3.4056E-10 3.5218E-10 3.6213E-10 3.7630E-10 3.8881E-10 3.9912E-10 4.1377E-10 4.2676E-10 4.4152E-10 4.6238E-10 4.7822E-10 5.0087E-10 5.1736E-10 5.3142E-10 5.6022E-10 5.7518E-10 5.9309E-10 6.0698E-10 6.2549E-10 6.4006E-10 6.5796E-10 6.7445E-10 6.8991E-10 7.1017E-10 7.2634E-10 7.4597E-10 7.6443E-10 7.8154E-10 8.0439E-10 8.2234E-10 8.4474E-10 8.6533E-10 8.8438E-10 9.0842E-10 9.2826E-10 9.4828E-10 9.7381E-10 9.9466E-10 1.0186E-09 1.0400E-09 1.0679E-09 1.0903E-09 1.1128E-09 1.1392E-09 1.1657E-09 1.1938E-09 1.2220E-09 1.2541E-09
2.2408E-10 2.3541E-10 2.4535E-10 2.5594E-10 2.6748E-10 2.7966E-10 2.9082E-10 3.0304E-10 3.1561E-10 3.2652E-10 3.3810E-10 3.5193E-10 3.6141E-10 3.7351E-10 3.8792E-10 4.0022E-10 4.1069E-10 4.2555E-10 4.4982E-10 4.6102E-10 4.7549E-10 5.0227E-10 5.1525E-10 5.4435E-10 5.6048E-10 5.7481E-10 5.9158E-10 6.0654E-10 6.2394E-10 6.3827E-10 6.5757E-10 6.7258E-10 6.9115E-10 7.0821E-10 7.2588E-10 7.4546E-10 7.6209E-10 7.8455E-10 8.0200E-10 8.1961E-10 8.4211E-10 8.6259E-10 8.8386E-10 9.0544E-10 9.2488E-10 9.4992E-10 9.7016E-10 9.9352E-10 1.0143E-09 1.0353E-09 1.0634E-09 1.0852E-09 1.1110E-09 1.1369E-09 1.1643E-09 1.1877E-09 1.2233E-09
2.1415E-10 2.2246E-10 2.3369E-10 2.4497E-10 2.5402E-10 2.6547E-10 2.7967E-10 2.9078E-10 3.0071E-10 3.1319E-10 3.2626E-10 3.3544E-10 3.4918E-10 3.6286E-10 3.7048E-10 3.8479E-10 3.9901E-10 4.0731E-10 4.2211E-10 4.4696E-10 4.6024E-10 4.8528E-10 5.0150E-10 5.1497E-10 5.4587E-10 5.5851E-10 5.7626E-10 5.8953E-10 6.0789E-10 6.2181E-10 6.4077E-10 6.5535E-10 6.7194E-10 6.9017E-10 7.0560E-10 7.2658E-10 7.4275E-10 7.6100E-10 7.8178E-10 7.9888E-10 8.2093E-10 8.4093E-10 8.6168E-10 8.8275E-10 9.0163E-10 9.2360E-10 9.4583E-10 9.6562E-10 9.8883E-10 1.0092E-09 1.0367E-09 1.0579E-09 1.0830E-09 1.1048E-09 1.1305E-09 1.1577E-09 1.1850E-09
2.0228E-10 2.1250E-10 2.2071E-10 2.3184E-10 2.4303E-10 2.5407E-10 2.6330E-10 2.7740E-10 2.9058E-10 3.0199E-10 3.1278E-10 3.2355E-10 3.3686E-10 3.4622E-10 3.5979E-10 3.7369E-10 3.8144E-10 3.9554E-10 4.0995E-10 4.3023E-10 4.4528E-10 4.5918E-10 4.8399E-10 4.9877E-10 5.2317E-10 5.4361E-10 5.5749E-10 5.7392E-10 5.9007E-10 6.0546E-10 6.1912E-10 6.3823E-10 6.5254E-10 6.7225E-10 6.8722E-10 7.0431E-10 7.2353E-10 7.3935E-10 7.6168E-10 7.7829E-10 7.9757E-10 8.1941E-10 8.3701E-10 8.5762E-10 8.7854E-10 8.9699E-10 9.2166E-10 9.4086E-10 9.6351E-10 9.8321E-10 1.0064E-09 1.0307E-09 1.0514E-09 1.0763E-09 1.1014E-09 1.1279E-09 1.1500E-09
