Assets/Resources/2015_m01_d29_2100(utc+0800)_l00_csi_1hr_conc.grd
DSAA
         159         159
     -79.000      79.000
     -79.000      79.000
  0.0000E+00  0.3304E-05
[rows 0 to 24 of 159, columns 0 to 56 of 159]
1.0020E-12 1.2867E-12 1.4806E-12 1.7990E-12 2.0825E-12 2.4370E-12 2.7575E-12 3.0995E-12 3.4622E-12 3.8487E-12 4.2580E-12 4.6935E-12 5.1543E-12 5.6437E-12 6.2368E-12 6.7766E-12 7.5002E-12 8.1130E-12 8.8339E-12 9.6067E-12 1.0336E-11 1.1273E-11 1.2094E-11 1.3047E-11 1.4049E-11 1.5106E-11 1.6217E-11 1.7307E-11 1.8539E-11 1.9666E-11 2.1105E-11 2.2361E-11 2.3849E-11 2.5240E-11 2.6697E-11 2.8311E-11 2.9824E-11 3.1582E-11 3.3243E-11 3.5063E-11 3.6875E-11 3.8764E-11 4.0730E-11 4.2778E-11 4.4908E-11 4.7123E-11 4.9424E-11 5.1815E-11 5.4297E-11 5.6872E-11 5.9545E-11 6.2332E-11 6.5240E-11 6.8282E-11 7.1462E-11 7.4788E-11 7.8263E-11
1.0084E-12 1.2952E-12 1.5463E-12 1.8660E-12 2.1506E-12 2.4548E-12 2.7780E-12 3.1230E-12 3.4890E-12 3.8790E-12 4.3455E-12 4.7869E-12 5.3076E-12 5.7470E-12 6.2905E-12 6.9131E-12 7.5674E-12 8.2642E-12 8.9965E-12 9.7748E-12 1.0592E-11 1.1382E-11 1.2290E-11 1.3257E-11 1.4268E-11 1.5341E-11 1.6385E-11 1.7570E-11 1.8815E-11 1.9960E-11 2.1413E-11 2.2602E-11 2.4192E-11 2.5518E-11 2.7077E-11 2.8626E-11 3.0157E-11 3.1937E-11 3.3617E-11 3.5460E-11 3.7294E-11 3.9204E-11 4.1194E-11 4.3266E-11 4.5421E-11 4.7663E-11 4.9992E-11 5.2411E-11 5.4922E-11 5.7528E-11 6.0231E-11 6.3037E-11 6.5962E-11 6.9013E-11 7.2201E-11 7.5533E-11 7.9014E-11
1.0699E-12 1.3573E-12 1.6088E-12 1.8781E-12 2.1649E-12 2.4715E-12 2.8528E-12 3.1995E-12 3.6234E-12 3.9627E-12 4.4351E-12 4.8239E-12 5.3495E-12 5.7929E-12 6.4209E-12 6.9707E-12 7.7111E-12 8.3358E-12 9.1554E-12 9.8625E-12 1.0689E-11 1.1566E-11 1.2487E-11 1.3463E-11 1.4405E-11 1.5491E-11 1.6625E-11 1.7828E-11 1.9005E-11 2.0247E-11 2.1634E-11 2.2922E-11 2.4447E-11 2.5786E-11 2.7450E-11 2.8932E-11 3.0653E-11 3.2281E-11 3.3981E-11 3.5845E-11 3.7700E-11 3.9632E-11 4.1645E-11 4.3740E-11 4.5920E-11 4.8187E-11 5.0543E-11 5.2990E-11 5.5530E-11 5.8166E-11 6.0899E-11 6.3732E-11 6.6676E-11 6.9742E-11 7.2941E-11 7.6278E-11 7.9766E-11
1.0759E-12 1.3651E-12 1.6183E-12 1.8895E-12 2.2336E-12 2.5411E-12 2.8716E-12 3.2209E-12 3.6484E-12 3.9904E-12 4.4669E-12 4.8589E-12 5.3894E-12 5.8913E-12 6.4707E-12 7.1016E-12 7.7735E-12 8.4808E-12 9.2324E-12 1.0023E-11 1.0863E-11 1.1668E-11 1.2680E-11 1.3585E-11 1.4621E-11 1.5716E-11 1.6865E-11 1.8079E-11 1.9188E-11 2.0528E-11 2.1847E-11 2.3235E-11 2.4692E-11 2.6132E-11 2.7730E-11 2.9227E-11 3.0969E-11 3.2615E-11 3.4420E-11 3.6218E-11 3.8093E-11 4.0046E-11 4.2081E-11 4.4199E-11 4.6403E-11 4.8694E-11 5.1076E-11 5.3550E-11 5.6119E-11 5.8784E-11 6.1548E-11 6.4412E-11 6.7380E-11 7.0465E-11 7.3676E-11 7.7025E-11 8.0516E-11
1.0815E-12 1.3723E-12 1.6819E-12 1.9001E-12 2.2466E-12 2.5562E-12 2.9420E-12 3.2409E-12 3.6718E-12 4.0164E-12 4.5525E-12 5.0036E-12 5.4833E-12 6.0124E-12 6.5961E-12 7.1545E-12 7.9114E-12 8.5467E-12 9.3848E-12 1.0104E-11 1.1031E-11 1.1844E-11 1.2788E-11 1.3781E-11 1.4831E-11 1.5935E-11 1.7100E-11 1.8244E-11 1.9450E-11 2.0802E-11 2.2053E-11 2.3540E-11 2.4929E-11 2.6470E-11 2.7999E-11 2.9512E-11 3.1274E-11 3.2937E-11 3.4762E-11 3.6578E-11 3.8472E-11 4.0446E-11 4.2502E-11 4.4642E-11 4.6869E-11 4.9185E-11 5.1592E-11 5.4092E-11 5.6688E-11 5.9381E-11 6.2175E-11 6.5070E-11 6.8069E-11 7.1176E-11 7.4405E-11 7.7765E-11 8.1266E-11
1.1390E-12 1.3790E-12 1.6905E-12 1.9636E-12 2.2587E-12 2.5702E-12 2.9587E-12 3.3162E-12 3.7491E-12 4.1521E-12 4.5811E-12 5.0359E-12 5.5193E-12 6.0529E-12 6.6415E-12 7.2852E-12 7.9686E-12 8.6902E-12 9.4555E-12 1.0263E-11 1.1118E-11 1.1937E-11 1.2972E-11 1.3894E-11 1.5035E-11 1.6069E-11 1.7246E-11 1.8483E-11 1.9704E-11 2.1068E-11 2.2336E-11 2.3837E-11 2.5156E-11 2.6798E-11 2.8259E-11 2.9960E-11 3.1567E-11 3.3246E-11 3.5091E-11 3.6925E-11 3.8838E-11 4.0832E-11 4.2908E-11 4.5070E-11 4.7319E-11 4.9658E-11 5.2089E-11 5.4615E-11 5.7237E-11 5.9958E-11 6.2779E-11 6.5704E-11 6.8734E-11 7.1871E-11 7.5121E-11 7.8498E-11 8.2010E-11
1.1984E-12 1.3850E-12 1.6983E-12 1.9728E-12 2.3222E-12 2.6394E-12 3.0291E-12 3.3876E-12 3.7699E-12 4.1758E-12 4.6079E-12 5.0660E-12 5.6082E-12 6.2228E-12 6.7609E-12 7.4084E-12 8.0998E-12 8.8263E-12 9.6003E-12 1.0414E-11 1.1278E-11 1.2186E-11 1.3071E-11 1.4162E-11 1.5154E-11 1.6276E-11 1.7469E-11 1.8635E-11 1.9951E-11 2.1246E-11 2.2611E-11 2.4043E-11 2.5460E-11 2.7034E-11 2.8508E-11 3.0227E-11 3.1849E-11 3.3632E-11 3.5407E-11 3.7258E-11 3.9189E-11 4.1202E-11 4.3298E-11 4.5480E-11 4.7751E-11 5.0113E-11 5.2567E-11 5.5117E-11 5.7764E-11 6.0512E-11 6.3361E-11 6.6314E-11 6.9373E-11 7.2541E-11 7.5819E-11 7.9216E-11 8.2743E-11
1.2031E-12 1.4436E-12 1.7054E-12 2.0371E-12 2.3870E-12 2.6517E-12 3.0437E-12 3.4044E-12 3.7891E-12 4.2537E-12 4.6874E-12 5.1507E-12 5.6401E-12 6.2596E-12 6.8016E-12 7.5337E-12 8.1512E-12 8.9637E-12 9.6642E-12 1.0565E-11 1.1356E-11 1.2353E-11 1.3245E-11 1.4266E-11 1.5348E-11 1.6483E-11 1.7684E-11 1.8865E-11 2.0109E-11 2.1416E-11 2.2877E-11 2.4240E-11 2.5755E-11 2.7259E-11 2.8746E-11 3.0482E-11 3.2119E-11 3.3918E-11 3.5709E-11 3.7577E-11 3.9526E-11 4.1556E-11 4.3672E-11 4.5874E-11 4.8165E-11 5.0548E-11 5.3025E-11 5.5599E-11 5.8270E-11 6.1043E-11 6.3918E-11 6.6899E-11 6.9987E-11 7.3184E-11 7.6493E-11 7.9915E-11 8.3462E-11
1.2072E-12 1.5040E-12 1.7118E-12 2.0451E-12 2.3966E-12 2.7159E-12 3.0569E-12 3.4754E-12 3.8067E-12 4.2743E-12 4.7106E-12 5.2309E-12 5.6695E-12 6.2936E-12 6.8394E-12 7.5772E-12 8.1991E-12 9.0183E-12 9.7240E-12 1.0632E-11 1.1430E-11 1.2436E-11 1.3334E-11 1.4446E-11 1.5455E-11 1.6683E-11 1.7813E-11 1.9004E-11 2.0341E-11 2.1662E-11 2.3134E-11 2.4427E-11 2.5956E-11 2.7473E-11 2.9061E-11 3.0725E-11 3.2376E-11 3.4192E-11 3.5998E-11 3.7882E-11 3.9847E-11 4.1895E-11 4.4028E-11 4.6250E-11 4.8561E-11 5.0965E-11 5.3463E-11 5.6059E-11 5.8754E-11 6.1551E-11 6.4452E-11 6.7459E-11 7.0574E-11 7.3800E-11 7.7138E-11 8.0590E-11 8.4160E-11
1.2108E-12 1.5087E-12 1.7713E-12 2.0521E-12 2.4053E-12 2.7261E-12 3.0688E-12 3.4897E-12 3.8772E-12 4.2930E-12 4.7318E-12 5.2553E-12 5.7753E-12 6.4022E-12 6.9498E-12 7.6956E-12 8.3201E-12 9.1478E-12 9.8570E-12 1.0775E-11 1.1577E-11 1.2593E-11 1.3497E-11 1.4540E-11 1.5636E-11 1.6796E-11 1.8014E-11 1.9219E-11 2.0565E-11 2.1817E-11 2.3302E-11 2.4605E-11 2.6232E-11 2.7677E-11 2.9364E-11 3.0956E-11 3.2708E-11 3.4451E-11 3.6272E-11 3.8171E-11 4.0152E-11 4.2217E-11 4.4368E-11 4.6607E-11 4.8937E-11 5.1361E-11 5.3880E-11 5.6497E-11 5.9214E-11 6.2035E-11 6.4960E-11 6.7992E-11 7.1133E-11 7.4386E-11 7.7752E-11 8.1234E-11 8.4833E-11
1.2139E-12 1.5128E-12 1.7764E-12 2.0582E-12 2.4128E-12 2.7906E-12 3.0793E-12 3.5024E-12 3.8918E-12 4.3632E-12 4.8081E-12 5.3334E-12 5.8552E-12 6.4315E-12 7.0627E-12 7.7333E-12 8.4427E-12 9.1955E-12 9.9908E-12 1.0834E-11 1.1724E-11 1.2665E-11 1.3658E-11 1.4708E-11 1.5732E-11 1.6983E-11 1.8129E-11 1.9426E-11 2.0700E-11 2.2047E-11 2.3460E-11 2.4859E-11 2.6414E-11 2.7869E-11 2.9571E-11 3.1175E-11 3.2940E-11 3.4697E-11 3.6532E-11 3.8446E-11 4.0442E-11 4.2522E-11 4.4689E-11 4.6946E-11 4.9294E-11 5.1736E-11 5.4275E-11 5.6913E-11 5.9651E-11 6.2494E-11 6.5442E-11 6.8498E-11 7.1664E-11 7.4943E-11 7.8336E-11 8.1845E-11 8.5473E-11
1.2164E-12 1.5162E-12 1.8326E-12 2.0634E-12 2.4193E-12 2.7987E-12 3.1427E-12 3.5136E-12 3.9614E-12 4.4338E-12 4.8256E-12 5.3536E-12 5.8784E-12 6.4580E-12 7.0930E-12 7.7677E-12 8.4816E-12 9.2392E-12 1.0040E-11 1.0888E-11 1.1784E-11 1.2733E-11 1.3733E-11 1.4791E-11 1.5983E-11 1.7082E-11 1.8320E-11 1.9544E-11 2.0827E-11 2.2267E-11 2.3608E-11 2.5102E-11 2.6584E-11 2.8137E-11 2.9765E-11 3.1381E-11 3.3160E-11 3.4929E-11 3.6776E-11 3.8704E-11 4.0714E-11 4.2810E-11 4.4993E-11 4.7265E-11 4.9631E-11 5.2091E-11 5.4648E-11 5.7305E-11 6.0064E-11 6.2927E-11 6.5897E-11 6.8976E-11 7.2166E-11 7.5469E-11 7.8887E-11 8.2423E-11 8.6079E-11
1.2183E-12 1.5189E-12 1.8361E-12 2.1227E-12 2.4246E-12 2.8056E-12 3.2070E-12 3.5231E-12 3.9729E-12 4.4474E-12 4.8951E-12 5.3715E-12 5.8989E-12 6.4816E-12 7.1988E-12 7.8755E-12 8.5962E-12 9.3566E-12 1.0241E-11 1.1017E-11 1.1998E-11 1.2874E-11 1.3961E-11 1.4947E-11 1.6067E-11 1.7254E-11 1.8421E-11 1.9734E-11 2.1031E-11 2.2397E-11 2.3747E-11 2.5252E-11 2.6744E-11 2.8392E-11 2.9947E-11 3.1573E-11 3.3365E-11 3.5146E-11 3.7006E-11 3.8946E-11 4.0970E-11 4.3080E-11 4.5277E-11 4.7565E-11 4.9947E-11 5.2424E-11 5.4998E-11 5.7674E-11 6.0452E-11 6.3335E-11 6.6325E-11 6.9425E-11 7.2638E-11 7.5964E-11 7.9407E-11 8.2968E-11 8.6649E-11
1.2197E-12 1.5209E-12 1.8388E-12 2.1792E-12 2.4289E-12 2.8111E-12 3.2139E-12 3.5861E-12 3.9827E-12 4.4589E-12 4.9085E-12 5.3869E-12 5.9953E-12 6.5787E-12 7.2235E-12 7.9036E-12 8.7038E-12 9.3928E-12 1.0282E-11 1.1063E-11 1.2050E-11 1.2931E-11 1.4025E-11 1.5017E-11 1.6227E-11 1.7340E-11 1.8598E-11 1.9836E-11 2.1141E-11 2.2599E-11 2.3960E-11 2.5475E-11 2.6893E-11 2.8553E-11 3.0117E-11 3.1841E-11 3.3557E-11 3.5349E-11 3.7220E-11 3.9172E-11 4.1209E-11 4.3331E-11 4.5543E-11 4.7845E-11 5.0242E-11 5.2734E-11 5.5326E-11 5.8018E-11 6.0814E-11 6.3716E-11 6.6726E-11 6.9846E-11 7.3079E-11 7.6427E-11 7.9893E-11 8.3477E-11 8.7183E-11
1.2742E-12 1.5223E-12 1.8407E-12 2.1819E-12 2.4879E-12 2.8154E-12 3.2194E-12 3.6457E-12 3.9906E-12 4.4685E-12 4.9763E-12 5.4549E-12 6.0112E-12 6.5970E-12 7.3197E-12 7.9281E-12 8.7326E-12 9.4249E-12 1.0319E-11 1.1104E-11 1.2097E-11 1.2983E-11 1.4083E-11 1.5080E-11 1.6299E-11 1.7497E-11 1.8684E-11 2.0010E-11 2.1327E-11 2.2710E-11 2.4079E-11 2.5604E-11 2.7029E-11 2.8700E-11 3.0273E-11 3.2008E-11 3.3734E-11 3.5536E-11 3.7418E-11 3.9382E-11 4.1430E-11 4.3565E-11 4.5789E-11 4.8105E-11 5.0516E-11 5.3023E-11 5.5629E-11 5.8338E-11 6.1150E-11 6.4069E-11 6.7098E-11 7.0237E-11 7.3490E-11 7.6858E-11 8.0345E-11 8.3952E-11 8.7680E-11
1.2746E-12 1.5229E-12 1.8417E-12 2.1836E-12 2.5440E-12 2.8184E-12 3.2234E-12 3.6508E-12 4.0525E-12 4.4760E-12 4.9857E-12 5.4657E-12 6.0243E-12 6.6123E-12 7.3382E-12 8.0292E-12 8.7575E-12 9.5336E-12 1.0431E-11 1.1299E-11 1.2218E-11 1.3189E-11 1.4216E-11 1.5300E-11 1.6445E-11 1.7568E-11 1.8844E-11 2.0095E-11 2.1421E-11 2.2811E-11 2.4273E-11 2.5722E-11 2.7241E-11 2.8836E-11 3.0417E-11 3.2162E-11 3.3896E-11 3.5708E-11 3.7600E-11 3.9574E-11 4.1633E-11 4.3779E-11 4.6015E-11 4.8344E-11 5.0768E-11 5.3288E-11 5.5909E-11 5.8633E-11 6.1461E-11 6.4396E-11 6.7441E-11 7.0598E-11 7.3869E-11 7.7256E-11 8.0763E-11 8.4390E-11 8.8140E-11
1.2744E-12 1.5773E-12 1.8418E-12 2.1843E-12 2.5453E-12 2.8201E-12 3.2260E-12 3.6543E-12 4.1109E-12 4.4815E-12 4.9928E-12 5.5528E-12 6.0884E-12 6.7044E-12 7.4312E-12 8.0473E-12 8.8572E-12 9.6346E-12 1.0459E-11 1.1331E-11 1.2255E-11 1.3230E-11 1.4262E-11 1.5351E-11 1.6503E-11 1.7716E-11 1.8914E-11 2.0256E-11 2.1588E-11 2.2903E-11 2.4372E-11 2.5828E-11 2.7356E-11 2.8958E-11 3.0634E-11 3.2301E-11 3.4044E-11 3.5864E-11 3.7765E-11 3.9749E-11 4.1818E-11 4.3974E-11 4.6222E-11 4.8562E-11 5.0997E-11 5.3531E-11 5.6165E-11 5.8902E-11 6.1744E-11 6.4694E-11 6.7755E-11 7.0928E-11 7.4216E-11 7.7621E-11 8.1145E-11 8.4791E-11 8.8561E-11
1.2736E-12 1.5767E-12 1.8412E-12 2.1840E-12 2.5454E-12 2.8752E-12 3.2271E-12 3.6561E-12 4.1137E-12 4.4849E-12 4.9976E-12 5.5593E-12 6.1733E-12 6.7143E-12 7.4436E-12 8.1376E-12 8.8747E-12 9.6551E-12 1.0483E-11 1.1358E-11 1.2286E-11 1.3266E-11 1.4302E-11 1.5396E-11 1.6553E-11 1.7772E-11 1.9057E-11 2.0325E-11 2.1663E-11 2.2984E-11 2.4544E-11 2.5924E-11 2.7544E-11 2.9068E-11 3.0752E-11 3.2426E-11 3.4176E-11 3.6005E-11 3.7914E-11 3.9906E-11 4.1984E-11 4.4150E-11 4.6408E-11 4.8758E-11 5.1205E-11 5.3750E-11 5.6395E-11 5.9145E-11 6.2000E-11 6.4964E-11 6.8039E-11 7.1226E-11 7.4530E-11 7.7951E-11 8.1492E-11 8.5156E-11 8.8943E-11
1.2722E-12 1.5753E-12 1.8951E-12 2.1827E-12 2.5444E-12 2.8744E-12 3.2267E-12 3.6562E-12 4.1147E-12 4.5980E-12 5.0001E-12 5.5631E-12 6.1787E-12 6.7211E-12 7.4526E-12 8.1488E-12 8.8882E-12 9.6712E-12 1.0502E-11 1.1461E-11 1.2311E-11 1.3376E-11 1.4416E-11 1.5517E-11 1.6677E-11 1.7904E-11 1.9111E-11 2.0385E-11 2.1810E-11 2.3140E-11 2.4623E-11 2.6007E-11 2.7635E-11 2.9165E-11 3.0856E-11 3.2537E-11 3.4294E-11 3.6129E-11 3.8046E-11 4.0046E-11 4.2132E-11 4.4307E-11 4.6573E-11 4.8933E-11 5.1389E-11 5.3944E-11 5.6601E-11 5.9362E-11 6.2229E-11 6.5205E-11 6.8292E-11 7.1494E-11 7.4811E-11 7.8247E-11 8.1803E-11 8.5482E-11 8.9286E-11
1.2703E-12 1.5732E-12 1.8929E-12 2.1804E-12 2.5422E-12 2.8723E-12 3.2803E-12 3.6546E-12 4.1138E-12 4.5978E-12 5.0003E-12 5.5645E-12 6.1813E-12 6.8001E-12 7.4582E-12 8.1562E-12 8.8975E-12 9.7630E-12 1.0516E-11 1.1479E-11 1.2410E-11 1.3401E-11 1.4443E-11 1.5627E-11 1.6713E-11 1.7945E-11 1.9157E-11 2.0520E-11 2.1867E-11 2.3202E-11 2.4690E-11 2.6165E-11 2.7714E-11 2.9249E-11 3.0947E-11 3.2633E-11 3.4396E-11 3.6237E-11 3.8160E-11 4.0167E-11 4.2261E-11 4.4443E-11 4.6717E-11 4.9086E-11 5.1551E-11 5.4115E-11 5.6781E-11 5.9552E-11 6.2430E-11 6.5417E-11 6.8516E-11 7.1729E-11 7.5059E-11 7.8508E-11 8.2077E-11 8.5771E-11 8.9590E-11
1.2677E-12 1.5704E-12 1.8898E-12 2.1771E-12 2.5388E-12 2.8690E-12 3.2771E-12 3.6514E-12 4.1109E-12 4.5954E-12 5.0538E-12 5.5632E-12 6.1811E-12 6.8010E-12 7.4604E-12 8.2394E-12 8.9028E-12 9.7708E-12 1.0604E-11 1.1491E-11 1.2425E-11 1.3496E-11 1.4464E-11 1.5652E-11 1.6741E-11 1.7978E-11 1.9194E-11 2.0562E-11 2.1914E-11 2.3337E-11 2.4747E-11 2.6226E-11 2.7780E-11 2.9320E-11 3.1023E-11 3.2714E-11 3.4482E-11 3.6329E-11 3.8258E-11 4.0271E-11 4.2371E-11 4.4560E-11 4.6841E-11 4.9216E-11 5.1689E-11 5.4262E-11 5.6936E-11 5.9716E-11 6.2603E-11 6.5599E-11 6.8708E-11 7.1932E-11 7.5273E-11 7.8733E-11 8.2315E-11 8.6021E-11 8.9852E-11
1.2646E-12 1.5669E-12 1.8342E-12 2.1729E-12 2.5343E-12 2.8643E-12 3.2724E-12 3.7029E-12 4.1062E-12 4.5910E-12 5.0496E-12 5.5594E-12 6.1780E-12 6.8775E-12 7.4591E-12 8.2398E-12 8.9815E-12 9.7741E-12 1.0609E-11 1.1574E-11 1.2434E-11 1.3508E-11 1.4562E-11 1.5751E-11 1.6846E-11 1.8085E-11 1.9302E-11 2.0677E-11 2.1950E-11 2.3378E-11 2.4792E-11 2.6276E-11 2.7834E-11 2.9465E-11 3.1085E-11 3.2781E-11 3.4553E-11 3.6404E-11 3.8338E-11 4.0356E-11 4.2461E-11 4.4656E-11 4.6943E-11 4.9325E-11 5.1804E-11 5.4383E-11 5.7065E-11 5.9852E-11 6.2747E-11 6.5752E-11 6.8870E-11 7.2102E-11 7.5453E-11 7.8923E-11 8.2515E-11 8.6231E-11 9.0074E-11
1.2610E-12 1.5627E-12 1.8295E-12 2.1676E-12 2.5286E-12 2.8583E-12 3.2662E-12 3.6965E-12 4.0997E-12 4.5844E-12 5.0431E-12 5.5531E-12 6.1721E-12 6.8726E-12 7.4544E-12 8.2364E-12 8.9790E-12 9.7729E-12 1.0690E-11 1.1576E-11 1.2520E-11 1.3595E-11 1.4570E-11 1.5763E-11 1.6940E-11 1.8102E-11 1.9407E-11 2.0701E-11 2.1977E-11 2.3409E-11 2.4825E-11 2.6398E-11 2.7875E-11 2.9510E-11 3.1134E-11 3.2832E-11 3.4608E-11 3.6463E-11 3.8401E-11 4.0423E-11 4.2532E-11 4.4732E-11 4.7024E-11 4.9411E-11 5.1895E-11 5.4480E-11 5.7168E-11 5.9961E-11 6.2863E-11 6.5875E-11 6.8999E-11 7.2240E-11 7.5598E-11 7.9076E-11 8.2677E-11 8.6403E-11 9.0256E-11
1.2567E-12 1.5577E-12 1.8241E-12 2.1614E-12 2.5218E-12 2.8510E-12 3.2585E-12 3.6884E-12 4.0912E-12 4.5758E-12 5.0343E-12 5.6221E-12 6.1634E-12 6.8644E-12 7.5229E-12 8.2292E-12 9.0531E-12 9.7673E-12 1.0686E-11 1.1653E-11 1.2519E-11 1.3595E-11 1.4650E-11 1.5767E-11 1.6946E-11 1.8111E-11 1.9419E-11 2.0715E-11 2.2079E-11 2.3512E-11 2.4848E-11 2.6425E-11 2.7903E-11 2.9541E-11 3.1168E-11 3.2869E-11 3.4647E-11 3.6505E-11 3.8446E-11 4.0471E-11 4.2584E-11 4.4787E-11 4.7083E-11 4.9474E-11 5.1963E-11 5.4552E-11 5.7245E-11 6.0043E-11 6.2950E-11 6.5967E-11 6.9098E-11 7.2344E-11 7.5709E-11 7.9194E-11 8.2802E-11 8.6535E-11 9.0395E-11
1.1986E-12 1.5521E-12 1.8178E-12 2.1016E-12 2.5139E-12 2.8424E-12 3.2493E-12 3.6787E-12 4.0809E-12 4.5651E-12 5.0232E-12 5.6109E-12 6.1518E-12 6.8532E-12 7.5915E-12 8.2182E-12 9.0428E-12 9.9113E-12 1.0677E-11 1.1645E-11 1.2511E-11 1.3589E-11 1.4646E-11 1.5764E-11 1.7028E-11 1.8112E-11 1.9422E-11 2.0721E-11 2.2086E-11 2.3522E-11 2.4859E-11 2.6439E-11 2.7919E-11 2.9559E-11 3.1187E-11 3.2890E-11 3.4670E-11 3.6531E-11 3.8473E-11 4.0501E-11 4.2616E-11 4.4822E-11 4.7120E-11 4.9514E-11 5.2006E-11 5.4599E-11 5.7295E-11 6.0097E-11 6.3008E-11 6.6029E-11 6.9164E-11 7.2415E-11 7.5785E-11 7.9275E-11 8.2889E-11 8.6627E-11 9.0494E-11
