Assets/Resources/2015_m01_d18_0000(utc+0800)_l00_csi_1hr_conc.grd
DSAA
         159         159
     -79.000      79.000
     -79.000      79.000
  0.0000E+00  0.9317E-05
[rows 25 to 49 of 159, columns 57 to 113 of 159]
7.0175E-09 6.9772E-09 6.9326E-09 6.8812E-09 6.8259E-09 6.7641E-09 6.6985E-09 6.6270E-09 6.5520E-09 6.4737E-09 6.3913E-09 6.3047E-09 6.2171E-09 6.1245E-09 6.0313E-09 5.9337E-09 5.8352E-09 5.7335E-09 5.6314E-09 5.5277E-09 5.4214E-09 5.3165E-09 5.2081E-09 5.0987E-09 4.9900E-09 4.8797E-09 4.7688E-09 4.6591E-09 4.5484E-09 4.4381E-09 4.3297E-09 4.2203E-09 4.1118E-09 4.0040E-09 3.8971E-09 3.7925E-09 3.6876E-09 3.5836E-09 3.4808E-09 3.3791E-09 3.2786E-09 3.1792E-09 3.0811E-09 2.9829E-09 2.8872E-09 2.7914E-09 2.6982E-09 2.6051E-09 2.5121E-09 2.4218E-09 2.3339E-09 2.2474E-09 2.1627E-09 2.0811E-09 2.0016E-09 1.9215E-09 1.8461E-09
7.1675E-09 7.1275E-09 7.0833E-09 7.0319E-09 6.9763E-09 6.9140E-09 6.8475E-09 6.7772E-09 6.7021E-09 6.6235E-09 6.5408E-09 6.4538E-09 6.3657E-09 6.2726E-09 6.1780E-09 6.0796E-09 5.9816E-09 5.8790E-09 5.7771E-09 5.6711E-09 5.5636E-09 5.4562E-09 5.3465E-09 5.2371E-09 5.1260E-09 5.0141E-09 4.9032E-09 4.7905E-09 4.6779E-09 4.5668E-09 4.4549E-09 4.3434E-09 4.2324E-09 4.1224E-09 4.0132E-09 3.9049E-09 3.7975E-09 3.6910E-09 3.5854E-09 3.4809E-09 3.3775E-09 3.2751E-09 3.1738E-09 3.0737E-09 2.9748E-09 2.8770E-09 2.7805E-09 2.6854E-09 2.5920E-09 2.4987E-09 2.4070E-09 2.3172E-09 2.2303E-09 2.1451E-09 2.0597E-09 1.9770E-09 1.8972E-09
7.3149E-09 7.2762E-09 7.2315E-09 7.1807E-09 7.1244E-09 7.0623E-09 6.9974E-09 6.9259E-09 6.8523E-09 6.7725E-09 6.6909E-09 6.6039E-09 6.5148E-09 6.4226E-09 6.3277E-09 6.2289E-09 6.1303E-09 6.0270E-09 5.9231E-09 5.8162E-09 5.7092E-09 5.5998E-09 5.4906E-09 5.3790E-09 5.2665E-09 5.1546E-09 5.0407E-09 4.9263E-09 4.8117E-09 4.6976E-09 4.5838E-09 4.4703E-09 4.3575E-09 4.2465E-09 4.1352E-09 4.0245E-09 3.9146E-09 3.8055E-09 3.6972E-09 3.5898E-09 3.4834E-09 3.3780E-09 3.2736E-09 3.1703E-09 3.0680E-09 2.9669E-09 2.8669E-09 2.7683E-09 2.6708E-09 2.5735E-09 2.4789E-09 2.3860E-09 2.2957E-09 2.2063E-09 2.1204E-09 2.0366E-09 1.9537E-09
7.4600E-09 7.4225E-09 7.3780E-09 7.3270E-09 7.2726E-09 7.2111E-09 7.1467E-09 7.0758E-09 7.0024E-09 6.9230E-09 6.8410E-09 6.7553E-09 6.6663E-09 6.5742E-09 6.4792E-09 6.3802E-09 6.2800E-09 6.1764E-09 6.0722E-09 5.9650E-09 5.8577E-09 5.7476E-09 5.6375E-09 5.5248E-09 5.4111E-09 5.2966E-09 5.1814E-09 5.0656E-09 4.9508E-09 4.8352E-09 4.7198E-09 4.6044E-09 4.4894E-09 4.3749E-09 4.2609E-09 4.1477E-09 4.0350E-09 3.9230E-09 3.8119E-09 3.7017E-09 3.5923E-09 3.4839E-09 3.3764E-09 3.2699E-09 3.1644E-09 3.0600E-09 2.9568E-09 2.8550E-09 2.7545E-09 2.6555E-09 2.5579E-09 2.4621E-09 2.3679E-09 2.2735E-09 2.1816E-09 2.0927E-09 2.0075E-09
7.6029E-09 7.5653E-09 7.5223E-09 7.4730E-09 7.4195E-09 7.3589E-09 7.2953E-09 7.2252E-09 7.1518E-09 7.0729E-09 6.9928E-09 6.9064E-09 6.8190E-09 6.7260E-09 6.6311E-09 6.5322E-09 6.4323E-09 6.3302E-09 6.2248E-09 6.1174E-09 6.0096E-09 5.8989E-09 5.7868E-09 5.6734E-09 5.5589E-09 5.4448E-09 5.3287E-09 5.2119E-09 5.0945E-09 4.9770E-09 4.8595E-09 4.7419E-09 4.6245E-09 4.5076E-09 4.3914E-09 4.2755E-09 4.1603E-09 4.0457E-09 3.9319E-09 3.8187E-09 3.7062E-09 3.5944E-09 3.4834E-09 3.3733E-09 3.2640E-09 3.1559E-09 3.0489E-09 2.9432E-09 2.8391E-09 2.7365E-09 2.6355E-09 2.5364E-09 2.4392E-09 2.3440E-09 2.2509E-09 2.1600E-09 2.0698E-09
7.7419E-09 7.7068E-09 7.6638E-09 7.6171E-09 7.5629E-09 7.5055E-09 7.4424E-09 7.3732E-09 7.3022E-09 7.2244E-09 7.1451E-09 7.0595E-09 6.9716E-09 6.8791E-09 6.7849E-09 6.6881E-09 6.5875E-09 6.4857E-09 6.3804E-09 6.2729E-09 6.1635E-09 6.0528E-09 5.9404E-09 5.8279E-09 5.7131E-09 5.5971E-09 5.4800E-09 5.3617E-09 5.2425E-09 5.1232E-09 5.0038E-09 4.8842E-09 4.7651E-09 4.6464E-09 4.5281E-09 4.4102E-09 4.2925E-09 4.1754E-09 4.0587E-09 3.9425E-09 3.8268E-09 3.7119E-09 3.5977E-09 3.4841E-09 3.3714E-09 3.2597E-09 3.1491E-09 3.0395E-09 2.9309E-09 2.8237E-09 2.7180E-09 2.6140E-09 2.5122E-09 2.4132E-09 2.3165E-09 2.2220E-09 2.1299E-09
7.8792E-09 7.8450E-09 7.8043E-09 7.7592E-09 7.7066E-09 7.6500E-09 7.5870E-09 7.5219E-09 7.4522E-09 7.3757E-09 7.2964E-09 7.2119E-09 7.1251E-09 7.0338E-09 6.9409E-09 6.8437E-09 6.7450E-09 6.6425E-09 6.5374E-09 6.4304E-09 6.3225E-09 6.2120E-09 6.0999E-09 5.9861E-09 5.8705E-09 5.7536E-09 5.6353E-09 5.5157E-09 5.3954E-09 5.2749E-09 5.1543E-09 5.0336E-09 4.9128E-09 4.7922E-09 4.6716E-09 4.5512E-09 4.4308E-09 4.3109E-09 4.1914E-09 4.0723E-09 3.9535E-09 3.8353E-09 3.7177E-09 3.6008E-09 3.4846E-09 3.3694E-09 3.2552E-09 3.1420E-09 3.0301E-09 2.9196E-09 2.8107E-09 2.7033E-09 2.5976E-09 2.4932E-09 2.3900E-09 2.2887E-09 2.1914E-09
8.0132E-09 7.9798E-09 7.9423E-09 7.8983E-09 7.8476E-09 7.7941E-09 7.7330E-09 7.6697E-09 7.5992E-09 7.5256E-09 7.4477E-09 7.3649E-09 7.2798E-09 7.1902E-09 7.0985E-09 7.0024E-09 6.9034E-09 6.8017E-09 6.6987E-09 6.5927E-09 6.4845E-09 6.3743E-09 6.2621E-09 6.1479E-09 6.0317E-09 5.9142E-09 5.7955E-09 5.6755E-09 5.5549E-09 5.4335E-09 5.3115E-09 5.1891E-09 5.0663E-09 4.9434E-09 4.8207E-09 4.6978E-09 4.5752E-09 4.4526E-09 4.3301E-09 4.2081E-09 4.0861E-09 3.9645E-09 3.8434E-09 3.7228E-09 3.6028E-09 3.4836E-09 3.3654E-09 3.2480E-09 3.1321E-09 3.0175E-09 2.9044E-09 2.7931E-09 2.6837E-09 2.5763E-09 2.4711E-09 2.3681E-09 2.2676E-09
8.1418E-09 8.1126E-09 8.0767E-09 8.0337E-09 7.9878E-09 7.9351E-09 7.8776E-09 7.8151E-09 7.7466E-09 7.6749E-09 7.5981E-09 7.5187E-09 7.4356E-09 7.3477E-09 7.2562E-09 7.1615E-09 7.0641E-09 6.9650E-09 6.8625E-09 6.7574E-09 6.6498E-09 6.5399E-09 6.4276E-09 6.3135E-09 6.1978E-09 6.0805E-09 5.9620E-09 5.8418E-09 5.7201E-09 5.5974E-09 5.4739E-09 5.3500E-09 5.2255E-09 5.1009E-09 4.9759E-09 4.8513E-09 4.7265E-09 4.6016E-09 4.4767E-09 4.3518E-09 4.2268E-09 4.1020E-09 3.9775E-09 3.8534E-09 3.7296E-09 3.6064E-09 3.4838E-09 3.3621E-09 3.2414E-09 3.1219E-09 3.0036E-09 2.8868E-09 2.7721E-09 2.6602E-09 2.5506E-09 2.4434E-09 2.3387E-09
8.2688E-09 8.2414E-09 8.2067E-09 8.1689E-09 8.1255E-09 8.0743E-09 8.0192E-09 7.9579E-09 7.8931E-09 7.8241E-09 7.7499E-09 7.6728E-09 7.5906E-09 7.5046E-09 7.4152E-09 7.3237E-09 7.2284E-09 7.1301E-09 7.0289E-09 6.9247E-09 6.8179E-09 6.7086E-09 6.5974E-09 6.4843E-09 6.3694E-09 6.2524E-09 6.1336E-09 6.0128E-09 5.8903E-09 5.7667E-09 5.6423E-09 5.5173E-09 5.3918E-09 5.2658E-09 5.1399E-09 5.0134E-09 4.8867E-09 4.7592E-09 4.6315E-09 4.5036E-09 4.3755E-09 4.2475E-09 4.1198E-09 3.9920E-09 3.8646E-09 3.7376E-09 3.6114E-09 3.4859E-09 3.3613E-09 3.2378E-09 3.1155E-09 2.9947E-09 2.8753E-09 2.7573E-09 2.6404E-09 2.5249E-09 2.4137E-09
8.3910E-09 8.3664E-09 8.3361E-09 8.3011E-09 8.2582E-09 8.2111E-09 8.1587E-09 8.1003E-09 8.0387E-09 7.9715E-09 7.9013E-09 7.8255E-09 7.7458E-09 7.6624E-09 7.5768E-09 7.4869E-09 7.3936E-09 7.2971E-09 7.1973E-09 7.0945E-09 6.9892E-09 6.8817E-09 6.7720E-09 6.6599E-09 6.5454E-09 6.4286E-09 6.3097E-09 6.1888E-09 6.0661E-09 5.9426E-09 5.8180E-09 5.6928E-09 5.5664E-09 5.4392E-09 5.3113E-09 5.1828E-09 5.0534E-09 4.9238E-09 4.7933E-09 4.6626E-09 4.5317E-09 4.4005E-09 4.2692E-09 4.1380E-09 4.0066E-09 3.8757E-09 3.7453E-09 3.6154E-09 3.4862E-09 3.3580E-09 3.2311E-09 3.1056E-09 2.9818E-09 2.8599E-09 2.7401E-09 2.6227E-09 2.5077E-09
8.5089E-09 8.4877E-09 8.4618E-09 8.4276E-09 8.3891E-09 8.3452E-09 8.2949E-09 8.2412E-09 8.1831E-09 8.1191E-09 8.0506E-09 7.9778E-09 7.9023E-09 7.8223E-09 7.7385E-09 7.6512E-09 7.5602E-09 7.4656E-09 7.3679E-09 7.2675E-09 7.1645E-09 7.0589E-09 6.9505E-09 6.8393E-09 6.7254E-09 6.6092E-09 6.4910E-09 6.3710E-09 6.2493E-09 6.1261E-09 6.0014E-09 5.8752E-09 5.7476E-09 5.6188E-09 5.4894E-09 5.3590E-09 5.2279E-09 5.0957E-09 4.9630E-09 4.8296E-09 4.6957E-09 4.5610E-09 4.4260E-09 4.2906E-09 4.1551E-09 4.0197E-09 3.8845E-09 3.7498E-09 3.6157E-09 3.4825E-09 3.3505E-09 3.2198E-09 3.0907E-09 2.9636E-09 2.8386E-09 2.7160E-09 2.5960E-09
8.6225E-09 8.6060E-09 8.5824E-09 8.5517E-09 8.5167E-09 8.4752E-09 8.4301E-09 8.3804E-09 8.3245E-09 8.2639E-09 8.1989E-09 8.1309E-09 8.0582E-09 7.9814E-09 7.9008E-09 7.8162E-09 7.7277E-09 7.6360E-09 7.5414E-09 7.4438E-09 7.3430E-09 7.2391E-09 7.1321E-09 7.0222E-09 6.9099E-09 6.7954E-09 6.6788E-09 6.5603E-09 6.4390E-09 6.3158E-09 6.1904E-09 6.0637E-09 5.9353E-09 5.8057E-09 5.6749E-09 5.5431E-09 5.4100E-09 5.2762E-09 5.1413E-09 5.0056E-09 4.8690E-09 4.7317E-09 4.5936E-09 4.4549E-09 4.3159E-09 4.1765E-09 4.0370E-09 3.8973E-09 3.7580E-09 3.6191E-09 3.4809E-09 3.3437E-09 3.2077E-09 3.0735E-09 2.9429E-09 2.8147E-09 2.6893E-09
8.7325E-09 8.7185E-09 8.6975E-09 8.6718E-09 8.6396E-09 8.6036E-09 8.5628E-09 8.5157E-09 8.4636E-09 8.4070E-09 8.3472E-09 8.2825E-09 8.2135E-09 8.1403E-09 8.0629E-09 7.9815E-09 7.8966E-09 7.8086E-09 7.7172E-09 7.6223E-09 7.5238E-09 7.4219E-09 7.3170E-09 7.2098E-09 7.0999E-09 6.9876E-09 6.8725E-09 6.7547E-09 6.6339E-09 6.5108E-09 6.3857E-09 6.2589E-09 6.1302E-09 5.9999E-09 5.8690E-09 5.7364E-09 5.6028E-09 5.4678E-09 5.3317E-09 5.1942E-09 5.0552E-09 4.9157E-09 4.7746E-09 4.6328E-09 4.4906E-09 4.3477E-09 4.2041E-09 4.0603E-09 3.9165E-09 3.7730E-09 3.6300E-09 3.4878E-09 3.3468E-09 3.2068E-09 3.0678E-09 2.9294E-09 2.7931E-09
8.8348E-09 8.8249E-09 8.8091E-09 8.7865E-09 8.7601E-09 8.7287E-09 8.6909E-09 8.6480E-09 8.6003E-09 8.5494E-09 8.4934E-09 8.4328E-09 8.3678E-09 8.2984E-09 8.2248E-09 8.1475E-09 8.0670E-09 7.9827E-09 7.8944E-09 7.8024E-09 7.7066E-09 7.6079E-09 7.5063E-09 7.4021E-09 7.2948E-09 7.1843E-09 7.0705E-09 6.9537E-09 6.8341E-09 6.7119E-09 6.5875E-09 6.4616E-09 6.3339E-09 6.2045E-09 6.0737E-09 5.9408E-09 5.8063E-09 5.6702E-09 5.5322E-09 5.3928E-09 5.2518E-09 5.1090E-09 4.9656E-09 4.8204E-09 4.6743E-09 4.5276E-09 4.3797E-09 4.2313E-09 4.0826E-09 3.9339E-09 3.7854E-09 3.6376E-09 3.4908E-09 3.3455E-09 3.2020E-09 3.0608E-09 2.9221E-09
8.9329E-09 8.9273E-09 8.9147E-09 8.8982E-09 8.8767E-09 8.8486E-09 8.8153E-09 8.7771E-09 8.7356E-09 8.6888E-09 8.6373E-09 8.5812E-09 8.5205E-09 8.4555E-09 8.3867E-09 8.3143E-09 8.2378E-09 8.1572E-09 8.0724E-09 7.9838E-09 7.8922E-09 7.7974E-09 7.6996E-09 7.5981E-09 7.4931E-09 7.3846E-09 7.2728E-09 7.1578E-09 7.0398E-09 6.9200E-09 6.7979E-09 6.6739E-09 6.5474E-09 6.4183E-09 6.2871E-09 6.1541E-09 6.0190E-09 5.8818E-09 5.7426E-09 5.6014E-09 5.4581E-09 5.3135E-09 5.1667E-09 5.0184E-09 4.8680E-09 4.7163E-09 4.5635E-09 4.4094E-09 4.2548E-09 4.1000E-09 3.9452E-09 3.7910E-09 3.6377E-09 3.4859E-09 3.3358E-09 3.1881E-09 3.0431E-09
9.0252E-09 9.0229E-09 9.0166E-09 9.0052E-09 8.9873E-09 8.9640E-09 8.9358E-09 8.9041E-09 8.8670E-09 8.8252E-09 8.7786E-09 8.7272E-09 8.6714E-09 8.6118E-09 8.5482E-09 8.4804E-09 8.4083E-09 8.3317E-09 8.2513E-09 8.1675E-09 8.0805E-09 7.9899E-09 7.8953E-09 7.7968E-09 7.6945E-09 7.5888E-09 7.4795E-09 7.3676E-09 7.2532E-09 7.1364E-09 7.0167E-09 6.8938E-09 6.7682E-09 6.6399E-09 6.5093E-09 6.3764E-09 6.2411E-09 6.1033E-09 5.9632E-09 5.8204E-09 5.6752E-09 5.5274E-09 5.3772E-09 5.2245E-09 5.0699E-09 4.9135E-09 4.7556E-09 4.5964E-09 4.4363E-09 4.2756E-09 4.1147E-09 3.9540E-09 3.7941E-09 3.6354E-09 3.4785E-09 3.3238E-09 3.1723E-09
9.1100E-09 9.1141E-09 9.1131E-09 9.1056E-09 9.0928E-09 9.0748E-09 9.0533E-09 9.0264E-09 8.9946E-09 8.9581E-09 8.9166E-09 8.8707E-09 8.8207E-09 8.7667E-09 8.7083E-09 8.6454E-09 8.5778E-09 8.5064E-09 8.4314E-09 8.3530E-09 8.2705E-09 8.1837E-09 8.0928E-09 7.9978E-09 7.8990E-09 7.7969E-09 7.6920E-09 7.5845E-09 7.4736E-09 7.3592E-09 7.2414E-09 7.1206E-09 6.9966E-09 6.8699E-09 6.7402E-09 6.6081E-09 6.4729E-09 6.3349E-09 6.1942E-09 6.0507E-09 5.9039E-09 5.7550E-09 5.6031E-09 5.4486E-09 5.2919E-09 5.1326E-09 4.9708E-09 4.8069E-09 4.6411E-09 4.4738E-09 4.3053E-09 4.1362E-09 3.9669E-09 3.7981E-09 3.6314E-09 3.4698E-09 3.3115E-09
9.1898E-09 9.1980E-09 9.2024E-09 9.2003E-09 9.1928E-09 9.1818E-09 9.1653E-09 9.1440E-09 9.1180E-09 9.0870E-09 9.0513E-09 9.0115E-09 8.9676E-09 8.9193E-09 8.8662E-09 8.8084E-09 8.7467E-09 8.6813E-09 8.6122E-09 8.5388E-09 8.4608E-09 8.3783E-09 8.2918E-09 8.2010E-09 8.1072E-09 8.0104E-09 7.9105E-09 7.8064E-09 7.6986E-09 7.5874E-09 7.4726E-09 7.3544E-09 7.2328E-09 7.1080E-09 6.9803E-09 6.8501E-09 6.7164E-09 6.5799E-09 6.4399E-09 6.2970E-09 6.1503E-09 6.0004E-09 5.8472E-09 5.6904E-09 5.5308E-09 5.3682E-09 5.2023E-09 5.0341E-09 4.8639E-09 4.6919E-09 4.5184E-09 4.3440E-09 4.1693E-09 3.9951E-09 3.8218E-09 3.6488E-09 3.4757E-09
9.2617E-09 9.2769E-09 9.2855E-09 9.2888E-09 9.2883E-09 9.2825E-09 9.2720E-09 9.2568E-09 9.2366E-09 9.2115E-09 9.1823E-09 9.1491E-09 9.1113E-09 9.0688E-09 9.0214E-09 8.9699E-09 8.9148E-09 8.8557E-09 8.7922E-09 8.7239E-09 8.6510E-09 8.5738E-09 8.4921E-09 8.4075E-09 8.3197E-09 8.2279E-09 8.1321E-09 8.0320E-09 7.9283E-09 7.8210E-09 7.7098E-09 7.5950E-09 7.4772E-09 7.3565E-09 7.2325E-09 7.1050E-09 6.9736E-09 6.8384E-09 6.6996E-09 6.5566E-09 6.4101E-09 6.2592E-09 6.1045E-09 5.9461E-09 5.7835E-09 5.6176E-09 5.4480E-09 5.2751E-09 5.0995E-09 4.9214E-09 4.7412E-09 4.5600E-09 4.3783E-09 4.1972E-09 4.0175E-09 3.8403E-09 3.6668E-09
9.3280E-09 9.3474E-09 9.3616E-09 9.3719E-09 9.3768E-09 9.3773E-09 9.3731E-09 9.3639E-09 9.3497E-09 9.3314E-09 9.3092E-09 9.2825E-09 9.2509E-09 9.2144E-09 9.1738E-09 9.1295E-09 9.0812E-09 9.0283E-09 8.9705E-09 8.9079E-09 8.8407E-09 8.7695E-09 8.6948E-09 8.6170E-09 8.5345E-09 8.4474E-09 8.3565E-09 8.2614E-09 8.1624E-09 8.0597E-09 7.9537E-09 7.8448E-09 7.7324E-09 7.6162E-09 7.4954E-09 7.3707E-09 7.2417E-09 7.1088E-09 6.9713E-09 6.8297E-09 6.6831E-09 6.5322E-09 6.3767E-09 6.2164E-09 6.0512E-09 5.8812E-09 5.7070E-09 5.5285E-09 5.3464E-09 5.1614E-09 4.9742E-09 4.7855E-09 4.5962E-09 4.4074E-09 4.2202E-09 4.0359E-09 3.8567E-09
9.3857E-09 9.4106E-09 9.4306E-09 9.4474E-09 9.4589E-09 9.4657E-09 9.4677E-09 9.4647E-09 9.4575E-09 9.4465E-09 9.4311E-09 9.4109E-09 9.3857E-09 9.3564E-09 9.3232E-09 9.2862E-09 9.2446E-09 9.1980E-09 9.1464E-09 9.0902E-09 9.0301E-09 8.9662E-09 8.8992E-09 8.8269E-09 8.7499E-09 8.6688E-09 8.5835E-09 8.4939E-09 8.4007E-09 8.3052E-09 8.2064E-09 8.1039E-09 7.9960E-09 7.8839E-09 7.7675E-09 7.6466E-09 7.5212E-09 7.3910E-09 7.2560E-09 7.1159E-09 6.9706E-09 6.8196E-09 6.6627E-09 6.5000E-09 6.3314E-09 6.1577E-09 5.9790E-09 5.7957E-09 5.6082E-09 5.4171E-09 5.2231E-09 5.0274E-09 4.8308E-09 4.6346E-09 4.4403E-09 4.2497E-09 4.0666E-09
9.4355E-09 9.4662E-09 9.4936E-09 9.5159E-09 9.5337E-09 9.5470E-09 9.5553E-09 9.5593E-09 9.5595E-09 9.5556E-09 9.5470E-09 9.5335E-09 9.5157E-09 9.4941E-09 9.4689E-09 9.4389E-09 9.4040E-09 9.3642E-09 9.3196E-09 9.2710E-09 9.2188E-09 9.1632E-09 9.1023E-09 9.0363E-09 8.9659E-09 8.8914E-09 8.8124E-09 8.7303E-09 8.6455E-09 8.5579E-09 8.4656E-09 8.3684E-09 8.2666E-09 8.1602E-09 8.0491E-09 7.9331E-09 7.8120E-09 7.6856E-09 7.5538E-09 7.4153E-09 7.2709E-09 7.1193E-09 6.9615E-09 6.7975E-09 6.6272E-09 6.4508E-09 6.2685E-09 6.0807E-09 5.8880E-09 5.6909E-09 5.4905E-09 5.2877E-09 5.0841E-09 4.8809E-09 4.6802E-09 4.4848E-09 4.3079E-09
9.4771E-09 9.5149E-09 9.5478E-09 9.5766E-09 9.6011E-09 9.6208E-09 9.6359E-09 9.6472E-09 9.6548E-09 9.6580E-09 9.6564E-09 9.6502E-09 9.6404E-09 9.6271E-09 9.6092E-09 9.5866E-09 9.5588E-09 9.5264E-09 9.4899E-09 9.4498E-09 9.4064E-09 9.3576E-09 9.3036E-09 9.2450E-09 9.1818E-09 9.1143E-09 9.0445E-09 8.9717E-09 8.8952E-09 8.8143E-09 8.7290E-09 8.6392E-09 8.5445E-09 8.4447E-09 8.3401E-09 8.2299E-09 8.1142E-09 7.9916E-09 7.8626E-09 7.7263E-09 7.5834E-09 7.4334E-09 7.2763E-09 7.1120E-09 6.9405E-09 6.7619E-09 6.5765E-09 6.3846E-09 6.1868E-09 5.9840E-09 5.7775E-09 5.5682E-09 5.3579E-09 5.1486E-09 4.9427E-09 4.7469E-09 4.6071E-09
9.5104E-09 9.5546E-09 9.5941E-09 9.6294E-09 9.6602E-09 9.6864E-09 9.7089E-09 9.7279E-09 9.7428E-09 9.7531E-09 9.7587E-09 9.7607E-09 9.7593E-09 9.7538E-09 9.7436E-09 9.7283E-09 9.7085E-09 9.6843E-09 9.6568E-09 9.6261E-09 9.5900E-09 9.5487E-09 9.5027E-09 9.4520E-09 9.3971E-09 9.3395E-09 9.2797E-09 9.2154E-09 9.1465E-09 9.0739E-09 8.9971E-09 8.9159E-09 8.8292E-09 8.7374E-09 8.6402E-09 8.5362E-09 8.4256E-09 8.3075E-09 8.1827E-09 8.0506E-09 7.9121E-09 7.7662E-09 7.6123E-09 7.4510E-09 7.2813E-09 7.1031E-09 6.9164E-09 6.7216E-09 6.5194E-09 6.3107E-09 6.0967E-09 5.8791E-09 5.6595E-09 5.4410E-09 5.2320E-09 5.0768E-09 4.9629E-09
