Assets/Resources/2015_m01_d16_1900(utc+0800)_l00_csi_1hr_conc.grd
DSAA
         159         159
     -79.000      79.000
     -79.000      79.000
  0.0000E+00  0.5078E-05
[rows 0 to 24 of 159, columns 57 to 113 of 159]
0.0000E+00 0.0000E+00 0.0000E+00 0.0000E+00 0.0000E+00 0.0000E+00 0.0000E+00 0.0000E+00 0.0000E+00 0.0000E+00 0.0000E+00 0.0000E+00 0.0000E+00 0.0000E+00 0.0000E+00 0.0000E+00 0.0000E+00 0.0000E+00 0.0000E+00 1.8438E-11 4.9649E-11 9.3786E-11 1.5405E-10 2.2826E-10 3.3508E-10 4.8158E-10 6.7681E-10 9.3523E-10 1.5015E-09 2.2098E-09 3.1682E-09 4.4281E-09 6.0936E-09 8.2425E-09 1.0965E-08 1.4314E-08 1.8601E-08 2.3832E-08 2.9494E-08 3.2619E-08 3.1668E-08 2.6418E-08 1.8738E-08 1.8159E-08 1.8662E-08 1.8944E-08 1.8971E-08 1.8746E-08 1.8279E-08 1.7592E-08 1.6720E-08 1.5711E-08 1.4607E-08 1.3457E-08 1.2306E-08 1.1194E-08 1.0156E-08
0.0000E+00 0.0000E+00 0.0000E+00 0.0000E+00 0.0000E+00 0.0000E+00 0.0000E+00 0.0000E+00 0.0000E+00 0.0000E+00 0.0000E+00 0.0000E+00 0.0000E+00 0.0000E+00 0.0000E+00 0.0000E+00 0.0000E+00 0.0000E+00 0.0000E+00 1.8691E-11 5.4212E-11 9.9692E-11 1.6338E-10 2.4335E-10 3.5854E-10 5.1678E-10 7.2910E-10 1.0150E-09 1.6197E-09 2.4427E-09 3.4912E-09 4.8906E-09 6.7180E-09 9.1063E-09 1.2068E-08 1.5730E-08 2.0392E-08 2.6064E-08 3.2181E-08 3.5409E-08 3.4264E-08 2.9280E-08 2.4645E-08 2.0089E-08 2.0571E-08 2.0835E-08 2.0818E-08 2.0518E-08 1.9947E-08 1.9135E-08 1.8121E-08 1.6955E-08 1.5691E-08 1.4386E-08 1.3085E-08 1.1839E-08 1.0685E-08
0.0000E+00 0.0000E+00 0.0000E+00 0.0000E+00 0.0000E+00 0.0000E+00 0.0000E+00 0.0000E+00 0.0000E+00 0.0000E+00 0.0000E+00 0.0000E+00 0.0000E+00 0.0000E+00 0.0000E+00 0.0000E+00 0.0000E+00 0.0000E+00 0.0000E+00 1.8458E-11 5.6540E-11 1.0437E-10 1.7159E-10 2.5621E-10 3.7756E-10 5.4761E-10 7.8015E-10 1.0964E-09 1.7588E-09 2.6419E-09 3.8014E-09 5.3286E-09 7.3550E-09 9.9185E-09 1.3146E-08 1.7133E-08 2.2134E-08 2.8179E-08 3.4719E-08 3.9518E-08 3.9288E-08 3.4265E-08 2.6521E-08 2.2074E-08 2.2505E-08 2.2742E-08 2.2667E-08 2.2279E-08 2.1598E-08 2.0650E-08 1.9485E-08 1.8158E-08 1.6730E-08 1.5270E-08 1.3831E-08 1.2475E-08 1.1322E-08
0.0000E+00 0.0000E+00 0.0000E+00 0.0000E+00 0.0000E+00 0.0000E+00 0.0000E+00 0.0000E+00 0.0000E+00 0.0000E+00 0.0000E+00 0.0000E+00 0.0000E+00 0.0000E+00 0.0000E+00 0.0000E+00 0.0000E+00 0.0000E+00 0.0000E+00 1.6935E-11 5.8111E-11 1.0860E-10 1.7885E-10 2.6800E-10 3.9651E-10 5.7802E-10 8.3293E-10 1.1733E-09 1.8785E-09 2.8746E-09 4.1228E-09 5.7879E-09 7.9298E-09 1.0696E-08 1.4175E-08 1.8442E-08 2.3750E-08 3.0149E-08 3.7031E-08 4.2113E-08 4.1433E-08 3.6223E-08 2.8989E-08 2.4218E-08 2.4405E-08 2.4603E-08 2.4465E-08 2.3985E-08 2.3187E-08 2.2102E-08 2.0786E-08 1.9307E-08 1.7736E-08 1.6164E-08 1.4787E-08 1.3078E-08 1.1493E-08
0.0000E+00 0.0000E+00 0.0000E+00 0.0000E+00 0.0000E+00 0.0000E+00 0.0000E+00 0.0000E+00 0.0000E+00 0.0000E+00 0.0000E+00 0.0000E+00 0.0000E+00 0.0000E+00 0.0000E+00 0.0000E+00 0.0000E+00 0.0000E+00 0.0000E+00 1.5312E-11 5.6861E-11 1.1040E-10 1.8219E-10 2.7638E-10 4.1364E-10 6.0744E-10 8.7916E-10 1.2523E-09 1.9415E-09 3.0592E-09 4.4240E-09 6.2017E-09 8.4824E-09 1.1439E-08 1.5146E-08 1.9696E-08 2.5248E-08 3.1907E-08 3.9097E-08 4.4522E-08 4.4239E-08 4.1661E-08 3.4057E-08 2.6521E-08 2.6256E-08 2.6403E-08 2.6194E-08 2.5614E-08 2.4700E-08 2.3489E-08 2.2049E-08 2.0488E-08 1.9081E-08 1.6778E-08 1.4959E-08 1.3414E-08 1.1896E-08
0.0000E+00 0.0000E+00 0.0000E+00 0.0000E+00 0.0000E+00 0.0000E+00 0.0000E+00 0.0000E+00 0.0000E+00 0.0000E+00 0.0000E+00 0.0000E+00 0.0000E+00 0.0000E+00 0.0000E+00 0.0000E+00 0.0000E+00 0.0000E+00 0.0000E+00 1.3303E-11 5.6153E-11 1.1208E-10 1.8767E-10 2.7933E-10 4.2770E-10 6.3404E-10 9.2454E-10 1.3286E-09 2.0702E-09 3.2860E-09 4.7441E-09 6.5912E-09 9.0113E-09 1.2136E-08 1.6043E-08 2.0822E-08 2.6569E-08 3.3449E-08 4.0832E-08 4.7942E-08 4.8053E-08 4.2912E-08 3.5519E-08 2.8743E-08 2.8009E-08 2.8089E-08 2.7811E-08 2.7152E-08 2.6153E-08 2.4915E-08 2.3768E-08 2.1265E-08 1.9255E-08 1.7497E-08 1.5571E-08 1.3436E-08 1.1864E-08
0.0000E+00 0.0000E+00 0.0000E+00 0.0000E+00 0.0000E+00 0.0000E+00 0.0000E+00 0.0000E+00 0.0000E+00 0.0000E+00 0.0000E+00 0.0000E+00 0.0000E+00 0.0000E+00 0.0000E+00 0.0000E+00 0.0000E+00 0.0000E+00 0.0000E+00 1.1961E-11 5.3136E-11 1.1049E-10 1.8759E-10 2.8142E-10 4.4154E-10 6.5968E-10 9.6780E-10 1.4047E-09 2.1344E-09 3.4391E-09 5.0118E-09 6.9621E-09 9.5112E-09 1.2784E-08 1.6862E-08 2.1823E-08 2.7729E-08 3.4715E-08 4.2239E-08 4.9468E-08 4.9458E-08 4.4532E-08 4.1383E-08 3.3100E-08 2.9653E-08 2.9668E-08 2.9347E-08 2.8720E-08 2.8125E-08 2.5818E-08 2.3947E-08 2.2279E-08 1.9904E-08 1.7462E-08 1.5482E-08 1.3769E-08 1.1800E-08
0.0000E+00 0.0000E+00 0.0000E+00 0.0000E+00 0.0000E+00 0.0000E+00 0.0000E+00 0.0000E+00 0.0000E+00 0.0000E+00 0.0000E+00 0.0000E+00 0.0000E+00 0.0000E+00 0.0000E+00 0.0000E+00 0.0000E+00 0.0000E+00 0.0000E+00 9.8731E-12 4.7406E-11 1.0886E-10 1.8448E-10 2.8633E-10 4.5389E-10 6.8502E-10 1.0131E-09 1.4862E-09 2.1981E-09 3.6376E-09 5.2716E-09 7.3248E-09 9.9894E-09 1.3388E-08 1.7600E-08 2.2689E-08 2.8681E-08 3.5719E-08 4.3257E-08 5.0527E-08 5.3667E-08 4.8575E-08 4.1064E-08 3.4392E-08 3.1217E-08 3.1253E-08 3.1396E-08 2.9686E-08 2.8322E-08 2.7092E-08 2.4750E-08 2.2163E-08 1.9998E-08 1.8012E-08 1.5355E-08 1.3422E-08 1.1836E-08
0.0000E+00 0.0000E+00 0.0000E+00 0.0000E+00 0.0000E+00 0.0000E+00 0.0000E+00 0.0000E+00 0.0000E+00 0.0000E+00 0.0000E+00 0.0000E+00 0.0000E+00 0.0000E+00 0.0000E+00 0.0000E+00 0.0000E+00 0.0000E+00 0.0000E+00 8.0457E-12 4.0360E-11 1.0427E-10 1.8058E-10 2.9101E-10 4.5668E-10 7.0674E-10 1.0529E-09 1.5640E-09 2.3077E-09 3.8097E-09 5.5005E-09 7.6765E-09 1.0449E-08 1.3951E-08 1.8263E-08 2.3432E-08 2.9437E-08 3.6434E-08 4.3924E-08 5.1133E-08 5.4177E-08 4.8905E-08 4.2002E-08 3.6508E-08 3.3480E-08 3.2220E-08 3.1619E-08 3.1088E-08 2.9203E-08 2.6909E-08 2.4932E-08 2.2968E-08 1.9803E-08 1.7470E-08 1.5513E-08 1.3187E-08 1.1437E-08
0.0000E+00 0.0000E+00 0.0000E+00 0.0000E+00 0.0000E+00 0.0000E+00 0.0000E+00 0.0000E+00 0.0000E+00 0.0000E+00 0.0000E+00 0.0000E+00 0.0000E+00 0.0000E+00 0.0000E+00 0.0000E+00 0.0000E+00 0.0000E+00 0.0000E+00 6.1736E-12 3.5236E-11 9.6018E-11 1.7262E-10 2.8796E-10 4.6438E-10 7.2677E-10 1.0990E-09 1.6419E-09 2.4173E-09 3.9623E-09 5.7273E-09 8.0219E-09 1.0907E-08 1.4500E-08 1.8877E-08 2.4071E-08 3.0077E-08 3.6910E-08 4.4225E-08 5.1298E-08 5.5071E-08 5.3118E-08 4.5961E-08 3.8588E-08 3.3851E-08 3.3635E-08 3.2502E-08 3.0906E-08 2.9508E-08 2.7676E-08 2.4647E-08 2.2243E-08 2.0139E-08 1.7161E-08 1.4860E-08 1.2966E-08 1.1175E-08
0.0000E+00 0.0000E+00 0.0000E+00 0.0000E+00 0.0000E+00 0.0000E+00 0.0000E+00 0.0000E+00 0.0000E+00 0.0000E+00 0.0000E+00 0.0000E+00 0.0000E+00 0.0000E+00 0.0000E+00 0.0000E+00 0.0000E+00 0.0000E+00 0.0000E+00 4.3156E-12 3.0691E-11 8.7008E-11 1.6375E-10 2.8692E-10 4.6361E-10 7.4523E-10 1.1412E-09 1.7232E-09 2.5382E-09 4.1267E-09 5.9770E-09 8.3628E-09 1.1369E-08 1.5038E-08 1.9457E-08 2.4632E-08 3.0548E-08 3.7161E-08 4.4251E-08 5.1142E-08 5.7413E-08 5.2233E-08 4.5099E-08 3.9437E-08 3.5016E-08 3.3523E-08 3.2936E-08 3.1719E-08 2.9162E-08 2.7087E-08 2.5195E-08 2.1795E-08 1.9222E-08 1.6966E-08 1.4551E-08 1.2367E-08 1.0702E-08
0.0000E+00 0.0000E+00 0.0000E+00 0.0000E+00 0.0000E+00 0.0000E+00 0.0000E+00 0.0000E+00 0.0000E+00 0.0000E+00 0.0000E+00 0.0000E+00 0.0000E+00 0.0000E+00 0.0000E+00 0.0000E+00 0.0000E+00 0.0000E+00 0.0000E+00 2.8722E-12 2.5579E-11 7.6167E-11 1.5222E-10 2.8082E-10 4.6624E-10 7.6284E-10 1.1821E-09 1.8092E-09 2.6869E-09 4.3111E-09 6.2374E-09 8.7199E-09 1.1832E-08 1.5607E-08 2.0045E-08 2.5169E-08 3.0938E-08 3.7312E-08 4.4148E-08 5.0429E-08 5.6194E-08 5.2344E-08 4.6472E-08 4.1099E-08 3.6571E-08 3.4322E-08 3.2561E-08 3.1166E-08 2.9856E-08 2.6568E-08 2.4044E-08 2.1787E-08 1.8899E-08 1.6106E-08 1.3913E-08 1.1991E-08 1.0146E-08
0.0000E+00 0.0000E+00 0.0000E+00 0.0000E+00 0.0000E+00 0.0000E+00 0.0000E+00 0.0000E+00 0.0000E+00 0.0000E+00 0.0000E+00 0.0000E+00 0.0000E+00 0.0000E+00 0.0000E+00 0.0000E+00 0.0000E+00 0.0000E+00 0.0000E+00 1.6158E-12 2.0389E-11 6.5061E-11 1.3732E-10 2.7223E-10 4.6125E-10 7.6768E-10 1.2211E-09 1.8901E-09 2.8436E-09 4.4930E-09 6.5391E-09 9.1353E-09 1.2340E-08 1.6195E-08 2.0685E-08 2.5746E-08 3.1367E-08 3.7243E-08 4.3536E-08 4.9728E-08 5.4807E-08 5.4507E-08 4.7030E-08 4.0824E-08 3.6067E-08 3.3918E-08 3.3288E-08 3.0610E-08 2.8583E-08 2.6731E-08 2.3393E-08 2.0628E-08 1.8130E-08 1.5735E-08 1.3135E-08 1.1221E-08 9.7068E-09
0.0000E+00 0.0000E+00 0.0000E+00 0.0000E+00 0.0000E+00 0.0000E+00 0.0000E+00 0.0000E+00 0.0000E+00 0.0000E+00 0.0000E+00 0.0000E+00 0.0000E+00 0.0000E+00 0.0000E+00 0.0000E+00 0.0000E+00 0.0000E+00 0.0000E+00 5.1144E-13 1.6087E-11 5.3608E-11 1.1610E-10 2.6042E-10 4.5511E-10 7.7967E-10 1.2550E-09 1.9749E-09 3.0109E-09 4.7173E-09 6.8667E-09 9.5945E-09 1.2936E-08 1.6880E-08 2.1402E-08 2.6328E-08 3.1660E-08 3.7336E-08 4.2903E-08 4.8401E-08 5.3447E-08 5.3018E-08 4.5685E-08 4.0307E-08 3.7690E-08 3.3523E-08 3.2047E-08 3.0896E-08 2.7868E-08 2.5308E-08 2.2909E-08 2.0089E-08 1.7099E-08 1.4679E-08 1.2668E-08 1.0498E-08 8.9610E-09
0.0000E+00 0.0000E+00 0.0000E+00 0.0000E+00 0.0000E+00 0.0000E+00 0.0000E+00 0.0000E+00 0.0000E+00 0.0000E+00 0.0000E+00 0.0000E+00 0.0000E+00 0.0000E+00 0.0000E+00 0.0000E+00 0.0000E+00 0.0000E+00 0.0000E+00 0.0000E+00 1.2308E-11 4.2255E-11 9.6120E-11 2.4079E-10 4.3930E-10 7.7806E-10 1.2868E-09 2.0572E-09 3.1830E-09 4.9450E-09 7.2289E-09 1.0117E-08 1.3619E-08 1.7667E-08 2.2184E-08 2.7092E-08 3.2081E-08 3.7229E-08 4.2462E-08 4.7191E-08 5.1391E-08 5.4874E-08 4.7907E-08 4.0513E-08 3.6170E-08 3.3891E-08 3.1319E-08 2.9347E-08 2.7496E-08 2.4727E-08 2.1613E-08 1.8984E-08 1.6684E-08 1.3727E-08 1.1600E-08 9.8913E-09 8.2901E-09
0.0000E+00 0.0000E+00 0.0000E+00 0.0000E+00 0.0000E+00 0.0000E+00 0.0000E+00 0.0000E+00 0.0000E+00 0.0000E+00 0.0000E+00 0.0000E+00 0.0000E+00 0.0000E+00 0.0000E+00 0.0000E+00 0.0000E+00 0.0000E+00 0.0000E+00 0.0000E+00 9.8062E-12 3.1250E-11 7.5972E-11 2.1184E-10 4.1756E-10 7.7440E-10 1.3127E-09 2.1396E-09 3.3642E-09 5.1919E-09 7.6571E-09 1.0724E-08 1.4402E-08 1.8607E-08 2.3143E-08 2.7888E-08 3.2736E-08 3.7323E-08 4.1735E-08 4.5983E-08 4.9860E-08 5.2270E-08 4.5498E-08 4.0002E-08 3.5306E-08 3.2716E-08 3.1026E-08 2.8754E-08 2.5952E-08 2.3501E-08 2.1314E-08 1.7796E-08 1.5225E-08 1.3100E-08 1.0733E-08 8.9765E-09 7.6241E-09
0.0000E+00 0.0000E+00 0.0000E+00 0.0000E+00 0.0000E+00 0.0000E+00 0.0000E+00 0.0000E+00 0.0000E+00 0.0000E+00 0.0000E+00 0.0000E+00 0.0000E+00 0.0000E+00 0.0000E+00 0.0000E+00 0.0000E+00 0.0000E+00 0.0000E+00 0.0000E+00 7.4627E-12 2.1817E-11 5.9174E-11 1.8176E-10 3.9763E-10 7.6669E-10 1.3268E-09 2.2092E-09 3.5348E-09 5.4630E-09 8.0908E-09 1.1389E-08 1.5295E-08 1.9675E-08 2.4331E-08 2.8961E-08 3.3420E-08 3.7614E-08 4.1402E-08 4.4629E-08 4.7597E-08 5.0230E-08 4.4725E-08 3.9757E-08 3.5477E-08 3.2116E-08 2.9420E-08 2.7509E-08 2.5470E-08 2.2079E-08 1.9460E-08 1.7218E-08 1.4145E-08 1.1795E-08 9.9044E-09 8.2511E-09 6.8815E-09
0.0000E+00 0.0000E+00 0.0000E+00 0.0000E+00 0.0000E+00 0.0000E+00 0.0000E+00 0.0000E+00 0.0000E+00 0.0000E+00 0.0000E+00 0.0000E+00 0.0000E+00 0.0000E+00 0.0000E+00 0.0000E+00 0.0000E+00 0.0000E+00 0.0000E+00 0.0000E+00 5.2846E-12 1.4078E-11 4.5412E-11 1.5077E-10 3.6571E-10 7.4879E-10 1.3426E-09 2.2786E-09 3.7073E-09 5.7480E-09 8.5812E-09 1.2127E-08 1.6296E-08 2.0883E-08 2.5622E-08 3.0232E-08 3.4434E-08 3.8000E-08 4.1030E-08 4.3821E-08 4.5617E-08 4.7186E-08 4.4753E-08 3.8089E-08 3.3548E-08 3.0890E-08 2.8938E-08 2.5928E-08 2.3542E-08 2.1627E-08 1.8169E-08 1.5458E-08 1.3205E-08 1.0921E-08 8.8707E-09 7.3873E-09 6.2535E-09
0.0000E+00 0.0000E+00 0.0000E+00 0.0000E+00 0.0000E+00 0.0000E+00 0.0000E+00 0.0000E+00 0.0000E+00 0.0000E+00 0.0000E+00 0.0000E+00 0.0000E+00 0.0000E+00 0.0000E+00 0.0000E+00 0.0000E+00 0.0000E+00 0.0000E+00 0.0000E+00 3.4148E-12 8.4857E-12 3.3022E-11 1.1915E-10 3.2816E-10 7.2273E-10 1.3383E-09 2.3317E-09 3.8649E-09 6.0478E-09 9.0939E-09 1.2922E-08 1.7401E-08 2.2257E-08 2.7147E-08 3.1675E-08 3.5607E-08 3.8824E-08 4.0939E-08 4.2595E-08 4.4125E-08 4.4611E-08 4.2124E-08 3.6576E-08 3.3471E-08 2.9487E-08 2.7018E-08 2.5509E-08 2.1926E-08 1.9414E-08 1.7159E-08 1.4446E-08 1.1764E-08 9.7537E-09 8.1200E-09 6.5567E-09 5.5066E-09
0.0000E+00 0.0000E+00 0.0000E+00 0.0000E+00 0.0000E+00 0.0000E+00 0.0000E+00 0.0000E+00 0.0000E+00 0.0000E+00 0.0000E+00 0.0000E+00 0.0000E+00 0.0000E+00 0.0000E+00 0.0000E+00 0.0000E+00 0.0000E+00 0.0000E+00 0.0000E+00 1.9222E-12 4.3903E-12 2.1749E-11 8.7664E-11 2.7607E-10 6.9651E-10 1.3382E-09 2.3870E-09 4.0275E-09 6.3847E-09 9.6271E-09 1.3767E-08 1.8576E-08 2.3733E-08 2.8797E-08 3.3389E-08 3.6954E-08 3.9556E-08 4.1258E-08 4.1803E-08 4.2194E-08 4.2421E-08 4.2358E-08 3.5508E-08 3.1157E-08 2.8895E-08 2.5280E-08 2.2984E-08 2.1014E-08 1.7898E-08 1.5258E-08 1.2941E-08 1.0912E-08 8.6218E-09 7.0512E-09 5.8435E-09 4.8374E-09
0.0000E+00 0.0000E+00 0.0000E+00 0.0000E+00 0.0000E+00 0.0000E+00 0.0000E+00 0.0000E+00 0.0000E+00 0.0000E+00 0.0000E+00 0.0000E+00 0.0000E+00 0.0000E+00 0.0000E+00 0.0000E+00 0.0000E+00 0.0000E+00 0.0000E+00 0.0000E+00 6.3322E-13 1.8432E-12 1.2494E-11 6.5844E-11 2.3699E-10 6.6328E-10 1.3298E-09 2.4290E-09 4.1723E-09 6.7194E-09 1.0203E-08 1.4683E-08 1.9867E-08 2.5369E-08 3.0645E-08 3.5182E-08 3.8658E-08 4.0598E-08 4.1397E-08 4.1359E-08 4.0779E-08 3.9911E-08 3.9145E-08 3.4185E-08 2.9114E-08 2.6327E-08 2.4443E-08 2.1203E-08 1.8688E-08 1.6444E-08 1.4329E-08 1.1426E-08 9.3889E-09 7.7252E-09 6.1516E-09 5.0381E-09 4.2124E-09
0.0000E+00 0.0000E+00 0.0000E+00 0.0000E+00 0.0000E+00 0.0000E+00 0.0000E+00 0.0000E+00 0.0000E+00 0.0000E+00 0.0000E+00 0.0000E+00 0.0000E+00 0.0000E+00 0.0000E+00 0.0000E+00 0.0000E+00 0.0000E+00 0.0000E+00 0.0000E+00 0.0000E+00 4.5141E-13 5.2850E-12 5.0593E-11 2.0680E-10 6.3748E-10 1.3179E-09 2.4751E-09 4.3211E-09 7.0630E-09 1.0822E-08 1.5630E-08 2.1214E-08 2.7088E-08 3.2641E-08 3.7163E-08 4.0289E-08 4.1881E-08 4.1901E-08 4.0794E-08 3.9421E-08 3.8330E-08 3.6183E-08 3.2595E-08 2.8427E-08 2.4440E-08 2.1774E-08 1.9579E-08 1.7340E-08 1.4508E-08 1.2268E-08 1.0318E-08 8.1710E-09 6.5722E-09 5.3081E-09 4.3471E-09 3.6183E-09
0.0000E+00 0.0000E+00 0.0000E+00 0.0000E+00 0.0000E+00 0.0000E+00 0.0000E+00 0.0000E+00 0.0000E+00 0.0000E+00 0.0000E+00 0.0000E+00 0.0000E+00 0.0000E+00 0.0000E+00 0.0000E+00 0.0000E+00 0.0000E+00 0.0000E+00 0.0000E+00 0.0000E+00 0.0000E+00 8.2948E-13 3.0965E-11 1.7332E-10 5.9745E-10 1.3002E-09 2.5115E-09 4.4629E-09 7.4121E-09 1.1478E-08 1.6654E-08 2.2676E-08 2.8949E-08 3.4754E-08 3.9373E-08 4.2200E-08 4.3152E-08 4.2484E-08 4.0807E-08 3.8073E-08 3.5784E-08 3.4152E-08 2.9879E-08 2.5446E-08 2.2667E-08 2.0193E-08 1.7266E-08 1.5117E-08 1.3187E-08 1.0669E-08 8.7025E-09 7.0285E-09 5.6504E-09 4.4998E-09 3.6714E-09 3.0735E-09
0.0000E+00 0.0000E+00 0.0000E+00 0.0000E+00 0.0000E+00 0.0000E+00 0.0000E+00 0.0000E+00 0.0000E+00 0.0000E+00 0.0000E+00 0.0000E+00 0.0000E+00 0.0000E+00 0.0000E+00 0.0000E+00 0.0000E+00 0.0000E+00 0.0000E+00 0.0000E+00 0.0000E+00 0.0000E+00 0.0000E+00 1.4894E-11 1.5078E-10 5.5379E-10 1.2867E-09 2.5460E-09 4.6120E-09 7.7700E-09 1.2163E-08 1.7756E-08 2.4209E-08 3.0925E-08 3.6987E-08 4.1595E-08 4.4201E-08 4.4640E-08 4.3051E-08 4.0303E-08 3.7348E-08 3.3751E-08 3.0949E-08 2.7807E-08 2.4061E-08 2.0260E-08 1.7718E-08 1.5734E-08 1.3116E-08 1.1069E-08 9.1707E-09 7.4875E-09 5.8981E-09 4.6972E-09 3.7634E-09 3.0713E-09 2.5800E-09
0.0000E+00 0.0000E+00 0.0000E+00 0.0000E+00 0.0000E+00 0.0000E+00 0.0000E+00 0.0000E+00 0.0000E+00 0.0000E+00 0.0000E+00 0.0000E+00 0.0000E+00 0.0000E+00 0.0000E+00 0.0000E+00 0.0000E+00 0.0000E+00 0.0000E+00 0.0000E+00 0.0000E+00 0.0000E+00 0.0000E+00 5.3581E-12 1.2321E-10 4.9990E-10 1.2609E-09 2.5765E-09 4.7521E-09 8.1108E-09 1.2846E-08 1.8886E-08 2.5850E-08 3.2993E-08 3.9367E-08 4.4012E-08 4.6219E-08 4.6016E-08 4.3888E-08 3.9940E-08 3.5761E-08 3.2088E-08 2.8662E-08 2.5522E-08 2.1260E-08 1.8428E-08 1.5379E-08 1.3223E-08 1.1316E-08 9.5350E-09 7.6521E-09 6.1513E-09 4.8860E-09 3.8657E-09 3.0948E-09 2.5296E-09 2.1385E-09
