Assets/Resources/2015_m01_d08_0200(utc+0800)_l00_csi_1hr_conc.grd
DSAA
         159         159
     -79.000      79.000
     -79.000      79.000
  0.0000E+00  0.1101E-04
[rows 75 to 99 of 159, columns 57 to 113 of 159]
7.2480E-09 7.4968E-09 7.7482E-09 8.0020E-09 8.2578E-09 8.5153E-09 8.7741E-09 9.0340E-09 9.2945E-09 9.5552E-09 9.8156E-09 1.0075E-08 1.0401E-08 1.0684E-08 1.0974E-08 1.1274E-08 1.1585E-08 1.1910E-08 1.2255E-08 1.2622E-08 1.3142E-08 1.3634E-08 1.4195E-08 1.4839E-08 1.5586E-08 1.6457E-08 1.7475E-08 1.8665E-08 2.0052E-08 2.1802E-08 2.3768E-08 2.6075E-08 2.8788E-08 3.1986E-08 3.5747E-08 4.0163E-08 4.5344E-08 5.1372E-08 5.8305E-08 6.6083E-08 7.4602E-08 8.3537E-08 9.2835E-08 1.4615E-07 1.9526E-07 2.0396E-07 2.0672E-07 2.0195E-07 1.9220E-07 1.7258E-07 1.3989E-07 1.0442E-07 7.8073E-08 4.9744E-08 3.8392E-08 2.9781E-08 2.3777E-08
7.0958E-09 7.3407E-09 7.5883E-09 7.8384E-09 8.0906E-09 8.3447E-09 8.6002E-09 8.8569E-09 9.1145E-09 9.3724E-09 9.6302E-09 9.8876E-09 1.0213E-08 1.0495E-08 1.0784E-08 1.1084E-08 1.1395E-08 1.1722E-08 1.2068E-08 1.2439E-08 1.2971E-08 1.3473E-08 1.4046E-08 1.4707E-08 1.5477E-08 1.6377E-08 1.7432E-08 1.8668E-08 2.0111E-08 2.1955E-08 2.4027E-08 2.6472E-08 2.9372E-08 3.2817E-08 3.6906E-08 4.1771E-08 4.7547E-08 5.4369E-08 6.2306E-08 7.1348E-08 8.1339E-08 9.2005E-08 1.8707E-07 2.3208E-07 2.6320E-07 2.7960E-07 2.8249E-07 2.7595E-07 2.6130E-07 2.2517E-07 1.7679E-07 1.3156E-07 9.5424E-08 6.8453E-08 4.2883E-08 3.2655E-08 2.5258E-08
6.9383E-09 7.1789E-09 7.4224E-09 7.6684E-09 7.9166E-09 8.1669E-09 8.4187E-09 8.6719E-09 8.9260E-09 9.1806E-09 9.4355E-09 9.6900E-09 1.0014E-08 1.0294E-08 1.0581E-08 1.0879E-08 1.1190E-08 1.1517E-08 1.1864E-08 1.2236E-08 1.2775E-08 1.3283E-08 1.3864E-08 1.4536E-08 1.5320E-08 1.6239E-08 1.7319E-08 1.8586E-08 2.0069E-08 2.1983E-08 2.4133E-08 2.6683E-08 2.9731E-08 3.3375E-08 3.7735E-08 4.2981E-08 4.9267E-08 5.6792E-08 6.5617E-08 7.5817E-08 1.1211E-07 1.4194E-07 2.4888E-07 3.1565E-07 3.6071E-07 3.7980E-07 3.8392E-07 3.7646E-07 3.4358E-07 2.9542E-07 2.2378E-07 1.6206E-07 1.1398E-07 7.9431E-08 5.5529E-08 3.5127E-08 2.6539E-08
6.7758E-09 7.0119E-09 7.2509E-09 7.4925E-09 7.7364E-09 7.9824E-09 8.2302E-09 8.4794E-09 8.7296E-09 8.9806E-09 9.2319E-09 9.4830E-09 9.8037E-09 1.0081E-08 1.0366E-08 1.0662E-08 1.0970E-08 1.1295E-08 1.1641E-08 1.2012E-08 2.0373E-08 1.3063E-08 1.4136E-08 1.4324E-08 1.5114E-08 1.6042E-08 1.7133E-08 1.8416E-08 1.9919E-08 2.1876E-08 2.4072E-08 2.6688E-08 2.9832E-08 3.3611E-08 3.8160E-08 4.3679E-08 5.0349E-08 5.8397E-08 7.7577E-08 9.7926E-08 1.2641E-07 2.3599E-07 3.3135E-07 5.2600E-07 5.7581E-07 5.7102E-07 5.5207E-07 5.1448E-07 4.5740E-07 3.6581E-07 2.7018E-07 1.9144E-07 1.3180E-07 8.9410E-08 6.0984E-08 4.2390E-08 2.7766E-08
6.6089E-09 6.8402E-09 7.0744E-09 7.3112E-09 7.5505E-09 7.7919E-09 8.0352E-09 8.2800E-09 8.5260E-09 8.7729E-09 9.0202E-09 9.2675E-09 9.5841E-09 9.8576E-09 1.0139E-08 1.0431E-08 1.0737E-08 1.1058E-08 1.1401E-08 1.2369E-08 3.0729E-08 3.1307E-07 9.1797E-06 1.4564E-08 1.4858E-08 1.5784E-08 1.8143E-08 1.8155E-08 1.9658E-08 2.1625E-08 2.3833E-08 2.6473E-08 2.9653E-08 3.3488E-08 3.8131E-08 4.3787E-08 5.3287E-08 6.4758E-08 8.0941E-08 1.0438E-07 2.1111E-07 3.0535E-07 6.1618E-07 7.6240E-07 8.7056E-07 8.1466E-07 7.3416E-07 6.6125E-07 5.6020E-07 4.2643E-07 3.0880E-07 2.1492E-07 1.4531E-07 9.6700E-08 6.4747E-08 4.4200E-08 3.1219E-08
6.4380E-09 6.6642E-09 6.8933E-09 7.1251E-09 7.3594E-09 7.5960E-09 7.8344E-09 8.0744E-09 8.3158E-09 8.5581E-09 8.8010E-09 9.0440E-09 9.3552E-09 9.6243E-09 9.9015E-09 1.0189E-08 1.0490E-08 1.0807E-08 1.1144E-08 1.1507E-08 2.3993E-08 1.9045E-07 1.3049E-06 4.5616E-06 8.0629E-06 1.7595E-08 2.7879E-08 1.9039E-08 1.9286E-08 2.1233E-08 2.3415E-08 2.6033E-08 2.9186E-08 3.2995E-08 3.7621E-08 4.6193E-08 5.8069E-08 7.8514E-08 1.3769E-07 2.7558E-07 4.1055E-07 1.0799E-06 1.2516E-06 1.2718E-06 1.2033E-06 1.0817E-06 9.1941E-07 7.9132E-07 6.2144E-07 4.6432E-07 3.3102E-07 2.2733E-07 1.5179E-07 9.9747E-08 6.6030E-08 4.4586E-08 3.1188E-08
6.2637E-09 6.4845E-09 6.7083E-09 6.9348E-09 7.1639E-09 7.3951E-09 7.6284E-09 7.8633E-09 8.0996E-09 8.3370E-09 8.5750E-09 8.8133E-09 9.0514E-09 9.3819E-09 9.6537E-09 9.9357E-09 1.0231E-08 1.0541E-08 1.0872E-08 1.1227E-08 1.3301E-08 4.3876E-08 2.3750E-07 8.2054E-07 2.2079E-06 5.8786E-06 5.1905E-06 2.4354E-07 1.8811E-08 2.0704E-08 2.2825E-08 2.5374E-08 2.8441E-08 3.4985E-08 4.9722E-08 8.8550E-08 1.9856E-07 4.6979E-07 2.8707E-06 3.3997E-06 3.1588E-06 2.6768E-06 2.2688E-06 1.7514E-06 1.5303E-06 1.2990E-06 1.0807E-06 8.2947E-07 6.3753E-07 4.6914E-07 3.3104E-07 2.2530E-07 1.4951E-07 9.8009E-08 6.4421E-08 4.3364E-08 3.0265E-08
6.0865E-09 6.3017E-09 6.5199E-09 6.7409E-09 6.9643E-09 7.1901E-09 7.4178E-09 7.6473E-09 7.8783E-09 8.1103E-09 8.3431E-09 8.5762E-09 8.8093E-09 9.1313E-09 9.3970E-09 9.6724E-09 9.9603E-09 1.0264E-08 1.0586E-08 1.0932E-08 1.1435E-08 1.1909E-08 3.7029E-08 1.3432E-07 4.3582E-07 1.1650E-06 2.8410E-06 6.2306E-06 3.6934E-06 2.0049E-08 2.2078E-08 2.4516E-08 2.8146E-08 3.4458E-08 5.3358E-08 3.6447E-07 1.8617E-06 4.2602E-06 6.8535E-06 7.5977E-06 6.2151E-06 4.1187E-06 2.9220E-06 2.2060E-06 1.7401E-06 1.3918E-06 1.0855E-06 8.1021E-07 6.0067E-07 4.3784E-07 3.0734E-07 2.0872E-07 1.3858E-07 9.1055E-08 6.0059E-08 4.0629E-08 2.8514E-08
5.9069E-09 6.1164E-09 6.3287E-09 6.5439E-09 6.7615E-09 6.9814E-09 7.2034E-09 7.4271E-09 7.6523E-09 7.8787E-09 8.1059E-09 8.3335E-09 8.5611E-09 8.8734E-09 9.1322E-09 9.4003E-09 9.6801E-09 9.9747E-09 1.0287E-08 1.0622E-08 1.1106E-08 1.1561E-08 1.2080E-08 2.3543E-08 7.6316E-08 2.5559E-07 7.7475E-07 2.2985E-06 6.9965E-06 2.3213E-07 3.6335E-08 2.3485E-08 3.0742E-08 5.3163E-08 1.2918E-07 1.8988E-06 3.7582E-06 6.0201E-06 7.3260E-06 6.8836E-06 5.6381E-06 3.8587E-06 2.6968E-06 2.0108E-06 1.5951E-06 1.2460E-06 9.5665E-07 7.1431E-07 5.1829E-07 3.7712E-07 2.6519E-07 1.8094E-07 1.2105E-07 8.0326E-08 5.3598E-08 3.6733E-08 2.6125E-08
5.7255E-09 5.9289E-09 6.1353E-09 6.3444E-09 6.5560E-09 6.7698E-09 6.9857E-09 7.2035E-09 7.4227E-09 7.6430E-09 7.8643E-09 8.0860E-09 8.3078E-09 8.6094E-09 8.8605E-09 9.1205E-09 9.3915E-09 9.6762E-09 9.9780E-09 1.0301E-08 1.0760E-08 1.1195E-08 1.1689E-08 1.2257E-08 1.6883E-08 5.9092E-08 2.5824E-07 1.0003E-06 3.5671E-06 5.6050E-06 2.5249E-08 2.2849E-08 2.8378E-08 4.5959E-08 2.4558E-06 4.0893E-06 4.6665E-06 3.8898E-06 3.3909E-06 3.0557E-06 2.6720E-06 2.2011E-06 1.7760E-06 1.4313E-06 1.1676E-06 9.4349E-07 7.3432E-07 5.6060E-07 4.1439E-07 3.0086E-07 2.1354E-07 1.4746E-07 1.0012E-07 6.7604E-08 4.6001E-08 3.2187E-08 2.3364E-08
5.5427E-09 5.7400E-09 5.9402E-09 6.1430E-09 6.3484E-09 6.5560E-09 6.7656E-09 6.9770E-09 7.1899E-09 7.4041E-09 7.6191E-09 7.8346E-09 8.0502E-09 8.3401E-09 8.5831E-09 8.8343E-09 9.0957E-09 9.3698E-09 9.6596E-09 9.9685E-09 1.0400E-08 1.0814E-08 1.1279E-08 1.1813E-08 1.2429E-08 2.1650E-08 1.0141E-07 4.4374E-07 1.5917E-06 4.9666E-06 3.2510E-06 2.1035E-08 2.3541E-06 5.3715E-06 6.0200E-06 4.6589E-06 2.7634E-06 1.7784E-06 1.4057E-06 1.2522E-06 1.1464E-06 1.0388E-06 9.4403E-07 8.3989E-07 7.2882E-07 6.1070E-07 4.9672E-07 3.9130E-07 3.0011E-07 2.2390E-07 1.6154E-07 1.1388E-07 7.9040E-08 5.4486E-08 3.8239E-08 2.7496E-08 2.0500E-08
5.3592E-09 5.5502E-09 5.7440E-09 5.9404E-09 6.1393E-09 6.3405E-09 6.5436E-09 6.7485E-09 6.9549E-09 7.1625E-09 7.3710E-09 7.5800E-09 7.7892E-09 7.9981E-09 8.3012E-09 8.5431E-09 8.7942E-09 9.0570E-09 9.3340E-09 9.6284E-09 9.9438E-09 1.0417E-08 1.0857E-08 1.1354E-08 1.1924E-08 1.3569E-08 4.7245E-08 2.1992E-07 8.7417E-07 3.0720E-06 8.9683E-06 1.1012E-05 9.4777E-06 7.0363E-06 4.4293E-06 2.3158E-06 1.2210E-06 7.4899E-07 5.6280E-07 5.0174E-07 4.8001E-07 4.6389E-07 4.5552E-07 4.4169E-07 4.1278E-07 3.5801E-07 3.0186E-07 2.4877E-07 1.9867E-07 1.5464E-07 1.1648E-07 8.4188E-08 6.0146E-08 4.2772E-08 3.1068E-08 2.3064E-08 1.7509E-08
5.1753E-09 5.3599E-09 5.5472E-09 5.7372E-09 5.9295E-09 6.1240E-09 6.3205E-09 6.5187E-09 6.7183E-09 6.9192E-09 7.1210E-09 7.3232E-09 7.5257E-09 7.7279E-09 8.0159E-09 8.2481E-09 8.4885E-09 8.7394E-09 9.0031E-09 9.2823E-09 9.5804E-09 1.0010E-08 1.0418E-08 1.0883E-08 1.1408E-08 1.2011E-08 2.5012E-08 1.0199E-07 4.0743E-07 1.3668E-06 3.5820E-06 4.8897E-06 3.9344E-06 2.5852E-06 1.5585E-06 8.7668E-07 4.8005E-07 2.9160E-07 2.1383E-07 1.9414E-07 1.9605E-07 2.0075E-07 2.1334E-07 2.2203E-07 2.2258E-07 2.0069E-07 1.7118E-07 1.4822E-07 1.2274E-07 9.9624E-08 7.9901E-08 6.0427E-08 4.4190E-08 3.2932E-08 2.4768E-08 1.9139E-08 1.5095E-08
4.9916E-09 5.1697E-09 5.3505E-09 5.5338E-09 5.7194E-09 5.9072E-09 6.0968E-09 6.2882E-09 6.4810E-09 6.6749E-09 6.8697E-09 7.0651E-09 7.2606E-09 7.4558E-09 7.7265E-09 7.9506E-09 8.1800E-09 8.4187E-09 8.6687E-09 8.9324E-09 9.2127E-09 9.6008E-09 9.9745E-09 1.0395E-08 1.0885E-08 1.1432E-08 1.5163E-08 4.3273E-08 1.4798E-07 4.2693E-07 8.7438E-07 1.1752E-06 1.0869E-06 7.6824E-07 4.8635E-07 2.8908E-07 1.6679E-07 1.0550E-07 8.0372E-08 7.6431E-08 8.1242E-08 8.9659E-08 1.0311E-07 1.1262E-07 1.1866E-07 1.1095E-07 9.8433E-08 8.5433E-08 7.3939E-08 6.2098E-08 5.1997E-08 4.2536E-08 3.2480E-08 2.5172E-08 1.9722E-08 1.5688E-08 1.3012E-08
4.8085E-09 4.9801E-09 5.1543E-09 5.3309E-09 5.5097E-09 5.6906E-09 5.8734E-09 6.0577E-09 6.2435E-09 6.4304E-09 6.6181E-09 6.8063E-09 6.9947E-09 7.1829E-09 7.3704E-09 7.6473E-09 7.8692E-09 8.0965E-09 8.3326E-09 8.5806E-09 8.8430E-09 9.1225E-09 9.5270E-09 9.9096E-09 1.0340E-08 1.0845E-08 1.1413E-08 1.9057E-08 4.5755E-08 1.0603E-07 1.9076E-07 2.5856E-07 2.6013E-07 1.9432E-07 1.3241E-07 8.5345E-08 5.6989E-08 4.0097E-08 3.3133E-08 3.4107E-08 4.0583E-08 4.7160E-08 5.4536E-08 6.0782E-08 6.4900E-08 6.3157E-08 5.7956E-08 5.0819E-08 4.5246E-08 3.9389E-08 3.4113E-08 2.9167E-08 2.4026E-08 1.9404E-08 1.5759E-08 1.3200E-08 1.1247E-08
4.6267E-09 4.7917E-09 4.9591E-09 5.1290E-09 5.3010E-09 5.4749E-09 5.6507E-09 5.8280E-09 6.0067E-09 6.1864E-09 6.3669E-09 6.5479E-09 6.7290E-09 6.9098E-09 7.0901E-09 7.3424E-09 7.5536E-09 7.7730E-09 7.9964E-09 8.2289E-09 8.4736E-09 8.7328E-09 9.0821E-09 9.4249E-09 9.8115E-09 1.0254E-08 1.0758E-08 1.1333E-08 1.7188E-08 2.6883E-08 3.8134E-08 5.1355E-08 5.5790E-08 4.7171E-08 3.6398E-08 2.8335E-08 2.3228E-08 1.9334E-08 2.0617E-08 2.3141E-08 2.7326E-08 3.0205E-08 3.3118E-08 3.6188E-08 3.8573E-08 3.8362E-08 3.5913E-08 3.2659E-08 2.9326E-08 2.6264E-08 2.3103E-08 2.0614E-08 1.8249E-08 1.5236E-08 1.2989E-08 1.1246E-08 9.6097E-09
4.4463E-09 4.6047E-09 4.7655E-09 4.9286E-09 5.0937E-09 5.2607E-09 5.4294E-09 5.5996E-09 5.7711E-09 5.9436E-09 6.1168E-09 6.2904E-09 6.4642E-09 6.6377E-09 6.8105E-09 7.0381E-09 7.2385E-09 7.4419E-09 7.6562E-09 7.8789E-09 8.1063E-09 8.3459E-09 8.5996E-09 8.9521E-09 9.2978E-09 9.6799E-09 1.0117E-08 1.0620E-08 1.1192E-08 1.1826E-08 1.2980E-08 1.4279E-08 1.5941E-08 1.5458E-08 1.5485E-08 1.5445E-08 1.4889E-08 1.5325E-08 1.6414E-08 1.8519E-08 2.0816E-08 2.2344E-08 2.3660E-08 2.4660E-08 2.5602E-08 2.5553E-08 2.4412E-08 2.2654E-08 2.0522E-08 1.8742E-08 1.6950E-08 1.5296E-08 1.3998E-08 1.2524E-08 1.0933E-08 9.5651E-09 8.6662E-09
4.2680E-09 4.4198E-09 4.5740E-09 4.7302E-09 4.8885E-09 5.0485E-09 5.2102E-09 5.3732E-09 5.5375E-09 5.7027E-09 5.8686E-09 6.0348E-09 6.2011E-09 6.3672E-09 6.5326E-09 6.6968E-09 6.9205E-09 7.1137E-09 7.3122E-09 7.5212E-09 7.7431E-09 7.9637E-09 8.1959E-09 8.4414E-09 8.7927E-09 9.1290E-09 9.5047E-09 9.9370E-09 1.0400E-08 1.0976E-08 1.1600E-08 1.2263E-08 1.2780E-08 1.3033E-08 1.2908E-08 1.2403E-08 1.2594E-08 1.3379E-08 1.4427E-08 1.5450E-08 1.6575E-08 1.7757E-08 1.8473E-08 1.8899E-08 1.8999E-08 1.8710E-08 1.7888E-08 1.7067E-08 1.6007E-08 1.4785E-08 1.3582E-08 1.2479E-08 1.1405E-08 1.0308E-08 9.3764E-09 8.5704E-09 7.8432E-09
4.0921E-09 4.2374E-09 4.3849E-09 4.5344E-09 4.6857E-09 4.8388E-09 4.9934E-09 5.1494E-09 5.3064E-09 5.4643E-09 5.6229E-09 5.7817E-09 5.9406E-09 6.0992E-09 6.2571E-09 6.4139E-09 6.5691E-09 6.7915E-09 6.9758E-09 7.1702E-09 7.3703E-09 7.5853E-09 7.7998E-09 8.0222E-09 8.3085E-09 8.5946E-09 8.9295E-09 9.2711E-09 9.6890E-09 1.0157E-08 1.0688E-08 1.1159E-08 1.1269E-08 1.1170E-08 1.0693E-08 1.0801E-08 1.1326E-08 1.1969E-08 1.2776E-08 1.3553E-08 1.4181E-08 1.4507E-08 1.4688E-08 1.4762E-08 1.4829E-08 1.4631E-08 1.4257E-08 1.3724E-08 1.3068E-08 1.2320E-08 1.1347E-08 1.0572E-08 9.8041E-09 9.0639E-09 8.3657E-09 7.7186E-09 7.0214E-09
3.9189E-09 4.0577E-09 4.1986E-09 4.3414E-09 4.4860E-09 4.6322E-09 4.7798E-09 4.9286E-09 5.0785E-09 5.2292E-09 5.3804E-09 5.5319E-09 5.6833E-09 5.8344E-09 5.9848E-09 6.1342E-09 6.2820E-09 6.4755E-09 6.6441E-09 6.8226E-09 7.0069E-09 7.2000E-09 7.4101E-09 7.6139E-09 7.8242E-09 8.0908E-09 8.3660E-09 8.6725E-09 9.0181E-09 9.4108E-09 9.8064E-09 9.8684E-09 9.8009E-09 9.4581E-09 9.5904E-09 9.9381E-09 1.0302E-08 1.0845E-08 1.1407E-08 1.2025E-08 1.2298E-08 1.2495E-08 1.2596E-08 1.2592E-08 1.2486E-08 1.2264E-08 1.1933E-08 1.1509E-08 1.1010E-08 1.0455E-08 9.8657E-09 9.2605E-09 8.6574E-09 8.0709E-09 7.3819E-09 6.8968E-09 6.4407E-09
3.7489E-09 3.8813E-09 4.0156E-09 4.1518E-09 4.2896E-09 4.4290E-09 4.5697E-09 4.7115E-09 4.8542E-09 4.9977E-09 5.1417E-09 5.2858E-09 5.4299E-09 5.5736E-09 5.7166E-09 5.8585E-09 5.9989E-09 6.1373E-09 6.3237E-09 6.4827E-09 6.6498E-09 6.8314E-09 7.0034E-09 7.2061E-09 7.4058E-09 7.6059E-09 7.8422E-09 8.1015E-09 8.3927E-09 8.7229E-09 8.7596E-09 8.6597E-09 8.4251E-09 8.6350E-09 8.8756E-09 9.1692E-09 9.4648E-09 9.9302E-09 1.0225E-08 1.0604E-08 1.0773E-08 1.0883E-08 1.0927E-08 1.0899E-08 1.0784E-08 1.0589E-08 1.0315E-08 9.9725E-09 9.5747E-09 9.1358E-09 8.6698E-09 8.1906E-09 7.5761E-09 7.1394E-09 6.7147E-09 6.3080E-09 5.9232E-09
3.5822E-09 3.7083E-09 3.8363E-09 3.9659E-09 4.0971E-09 4.2297E-09 4.3635E-09 4.4984E-09 4.6342E-09 4.7706E-09 4.9073E-09 5.0443E-09 5.1811E-09 5.3175E-09 5.4531E-09 5.5876E-09 5.7206E-09 5.8518E-09 5.9806E-09 6.1550E-09 6.3075E-09 6.4633E-09 6.6247E-09 6.8001E-09 6.9822E-09 7.1720E-09 7.3547E-09 7.5743E-09 7.8194E-09 7.8876E-09 7.7528E-09 7.6158E-09 7.7739E-09 7.9759E-09 8.2176E-09 8.4810E-09 8.7325E-09 9.0996E-09 9.2614E-09 9.4181E-09 9.4789E-09 9.4959E-09 9.4649E-09 9.5408E-09 9.4201E-09 9.2503E-09 9.0226E-09 8.7440E-09 8.4220E-09 7.9313E-09 7.5796E-09 7.2166E-09 6.8497E-09 6.4858E-09 6.1306E-09 5.7885E-09 5.4628E-09
3.4193E-09 3.5392E-09 3.6608E-09 3.7840E-09 3.9087E-09 4.0347E-09 4.1618E-09 4.2899E-09 4.4187E-09 4.5481E-09 4.6779E-09 4.8077E-09 4.9373E-09 5.0665E-09 5.1949E-09 5.3221E-09 5.4479E-09 5.5719E-09 5.6935E-09 5.8374E-09 5.9728E-09 6.1150E-09 6.2632E-09 6.4139E-09 6.5730E-09 6.7442E-09 6.9214E-09 7.0895E-09 7.1760E-09 7.0452E-09 6.9673E-09 7.1110E-09 7.2540E-09 7.4227E-09 7.6161E-09 7.8372E-09 8.0876E-09 8.3486E-09 8.3869E-09 8.4657E-09 8.4963E-09 8.4919E-09 8.4496E-09 8.3675E-09 8.2455E-09 8.0847E-09 7.8878E-09 7.6588E-09 7.4025E-09 7.1247E-09 6.8315E-09 6.5289E-09 6.2227E-09 5.9180E-09 5.6194E-09 5.3303E-09 5.0533E-09
3.2603E-09 3.3741E-09 3.4896E-09 3.6065E-09 3.7248E-09 3.8443E-09 3.9649E-09 4.0862E-09 4.2083E-09 4.3309E-09 4.4537E-09 4.5765E-09 4.6991E-09 4.8213E-09 4.9426E-09 5.0627E-09 5.1814E-09 5.2983E-09 5.4130E-09 5.5299E-09 5.6539E-09 5.7797E-09 5.9140E-09 6.0508E-09 6.1877E-09 6.3377E-09 6.4834E-09 6.5717E-09 6.4708E-09 6.4320E-09 6.5544E-09 6.6680E-09 6.7958E-09 6.9354E-09 7.0941E-09 7.2641E-09 7.5125E-09 7.6574E-09 7.6078E-09 7.6512E-09 7.6596E-09 7.6399E-09 7.5902E-09 7.5093E-09 7.3971E-09 7.2547E-09 7.0843E-09 6.8887E-09 6.6718E-09 6.4380E-09 6.1919E-09 5.9379E-09 5.6806E-09 5.4239E-09 5.1711E-09 4.9251E-09 4.6880E-09
3.1054E-09 3.2134E-09 3.3228E-09 3.4337E-09 3.5457E-09 3.6589E-09 3.7730E-09 3.8878E-09 4.0033E-09 4.1192E-09 4.2352E-09 4.3513E-09 4.4670E-09 4.5823E-09 4.6966E-09 4.8099E-09 4.9217E-09 5.0317E-09 5.1395E-09 5.2447E-09 5.3470E-09 5.4636E-09 5.5818E-09 5.6994E-09 5.8216E-09 5.9477E-09 6.0795E-09 6.0074E-09 6.0224E-09 6.0910E-09 6.1675E-09 6.2632E-09 6.3771E-09 6.4852E-09 6.6365E-09 6.7603E-09 6.9927E-09 6.9968E-09 6.9273E-09 6.9524E-09 6.9448E-09 6.9147E-09 6.8607E-09 6.7821E-09 6.6789E-09 6.5521E-09 6.4034E-09 6.2351E-09 6.0501E-09 5.8516E-09 5.6432E-09 5.4282E-09 5.2102E-09 4.9920E-09 4.7764E-09 4.5654E-09 4.3609E-09
