Assets/Resources/2015_m01_d31_0100(utc+0800)_l00_csi_1hr_conc.grd
DSAA
         159         159
     -79.000      79.000
     -79.000      79.000
  0.0000E+00  0.8648E-05
[rows 0 to 24 of 159, columns 57 to 113 of 159]
6.1940E-09 7.3367E-09 8.5588E-09 9.8386E-09 1.1141E-08 1.2418E-08 1.3626E-08 1.4713E-08 1.5642E-08 1.6370E-08 1.6871E-08 1.7121E-08 1.7113E-08 1.6852E-08 1.6354E-08 1.5645E-08 1.4758E-08 1.3732E-08 1.2613E-08 1.1440E-08 1.0253E-08 9.0880E-09 7.9681E-09 6.9119E-09 5.9318E-09 5.0480E-09 4.2566E-09 3.5497E-09 2.9382E-09 2.4111E-09 1.9546E-09 1.5745E-09 1.2484E-09 9.8599E-10 7.6287E-10 5.9099E-10 4.5767E-10 3.3695E-10 2.4687E-10 1.5547E-10 1.1230E-10 7.7694E-11 5.8627E-11 3.4891E-11 2.3208E-11 1.5239E-11 4.8522E-12 1.9393E-12 0.0000E+00 0.0000E+00 0.0000E+00 0.0000E+00 0.0000E+00 0.0000E+00 0.0000E+00 0.0000E+00 0.0000E+00
6.8246E-09 8.1068E-09 9.4870E-09 1.0930E-08 1.2396E-08 1.3839E-08 1.5208E-08 1.6450E-08 1.7513E-08 1.8350E-08 1.8921E-08 1.9204E-08 1.9185E-08 1.8874E-08 1.8286E-08 1.7455E-08 1.6422E-08 1.5236E-08 1.3945E-08 1.2594E-08 1.1231E-08 9.8985E-09 8.6251E-09 7.4394E-09 6.3482E-09 5.3640E-09 4.4978E-09 3.7355E-09 3.0730E-09 2.5102E-09 2.0251E-09 1.6241E-09 1.2874E-09 1.0097E-09 7.8284E-10 6.0050E-10 4.6147E-10 3.3869E-10 2.4768E-10 1.5458E-10 1.1143E-10 7.6807E-11 5.7938E-11 3.3973E-11 2.2809E-11 1.4245E-11 4.7403E-12 0.0000E+00 0.0000E+00 0.0000E+00 0.0000E+00 0.0000E+00 0.0000E+00 0.0000E+00 0.0000E+00 0.0000E+00 0.0000E+00
7.4624E-09 8.8913E-09 1.0426E-08 1.2032E-08 1.3669E-08 1.5290E-08 1.6833E-08 1.8237E-08 1.9441E-08 2.0386E-08 2.1033E-08 2.1349E-08 2.1324E-08 2.0962E-08 2.0286E-08 1.9329E-08 1.8141E-08 1.6779E-08 1.5300E-08 1.3763E-08 1.2222E-08 1.0716E-08 9.2890E-09 7.9614E-09 6.7548E-09 5.6735E-09 4.7193E-09 3.8987E-09 3.1879E-09 2.5886E-09 2.0852E-09 1.6599E-09 1.3167E-09 1.0229E-09 7.9307E-10 6.0487E-10 4.6014E-10 3.3619E-10 2.4531E-10 1.5206E-10 1.0914E-10 7.5141E-11 5.6575E-11 3.2596E-11 2.2190E-11 1.2899E-11 4.5845E-12 0.0000E+00 0.0000E+00 0.0000E+00 0.0000E+00 0.0000E+00 0.0000E+00 0.0000E+00 0.0000E+00 0.0000E+00 0.0000E+00
8.0939E-09 9.6648E-09 1.1358E-08 1.3143E-08 1.4966E-08 1.6769E-08 1.8482E-08 2.0039E-08 2.1375E-08 2.2429E-08 2.3152E-08 2.3507E-08 2.3474E-08 2.3061E-08 2.2290E-08 2.1206E-08 1.9863E-08 1.8325E-08 1.6658E-08 1.4925E-08 1.3193E-08 1.1511E-08 9.9264E-09 8.4588E-09 7.1338E-09 5.9504E-09 4.9205E-09 4.0313E-09 3.2796E-09 2.6420E-09 2.1165E-09 1.6759E-09 1.3205E-09 1.0248E-09 7.9254E-10 6.0055E-10 4.5286E-10 3.2948E-10 2.3972E-10 1.4799E-10 1.0547E-10 7.2748E-11 5.4433E-11 2.8486E-11 2.1370E-11 5.8963E-12 4.3053E-12 0.0000E+00 0.0000E+00 0.0000E+00 0.0000E+00 0.0000E+00 0.0000E+00 0.0000E+00 0.0000E+00 0.0000E+00 0.0000E+00
8.6949E-09 1.0423E-08 1.2291E-08 1.4252E-08 1.6253E-08 1.8228E-08 2.0114E-08 2.1833E-08 2.3308E-08 2.4468E-08 2.5258E-08 2.5640E-08 2.5596E-08 2.5128E-08 2.4266E-08 2.3046E-08 2.1538E-08 1.9814E-08 1.7954E-08 1.6034E-08 1.4118E-08 1.2259E-08 1.0513E-08 8.9033E-09 7.4595E-09 6.1873E-09 5.0764E-09 4.1341E-09 3.3347E-09 2.6703E-09 2.1179E-09 1.6732E-09 1.3093E-09 1.0132E-09 7.7602E-10 5.8653E-10 4.3852E-10 3.1778E-10 2.3095E-10 1.4247E-10 1.0025E-10 6.9696E-11 5.1419E-11 2.7159E-11 2.0372E-11 5.5886E-12 0.0000E+00 0.0000E+00 0.0000E+00 0.0000E+00 0.0000E+00 0.0000E+00 0.0000E+00 0.0000E+00 0.0000E+00 0.0000E+00 0.0000E+00
9.2486E-09 1.1138E-08 1.3179E-08 1.5324E-08 1.7516E-08 1.9688E-08 2.1751E-08 2.3625E-08 2.5224E-08 2.6476E-08 2.7323E-08 2.7718E-08 2.7646E-08 2.7109E-08 2.6139E-08 2.4789E-08 2.3121E-08 2.1223E-08 1.9171E-08 1.7053E-08 1.4946E-08 1.2926E-08 1.1027E-08 9.2857E-09 7.7267E-09 6.3642E-09 5.1858E-09 4.1908E-09 3.3539E-09 2.6655E-09 2.0875E-09 1.6404E-09 1.2758E-09 9.8238E-10 7.4553E-10 5.6147E-10 4.1551E-10 2.9895E-10 2.1772E-10 1.3543E-10 8.6826E-11 6.6074E-11 4.0034E-11 2.5631E-11 1.8923E-11 5.2437E-12 0.0000E+00 0.0000E+00 0.0000E+00 0.0000E+00 0.0000E+00 0.0000E+00 0.0000E+00 0.0000E+00 0.0000E+00 0.0000E+00 0.0000E+00
9.7417E-09 1.1777E-08 1.3991E-08 1.6336E-08 1.8738E-08 2.1109E-08 2.3357E-08 2.5389E-08 2.7116E-08 2.8462E-08 2.9353E-08 2.9755E-08 2.9636E-08 2.9018E-08 2.7926E-08 2.6422E-08 2.4581E-08 2.2497E-08 2.0261E-08 1.7962E-08 1.5686E-08 1.3489E-08 1.1443E-08 9.5848E-09 7.9268E-09 6.4802E-09 5.2442E-09 4.1983E-09 3.3375E-09 2.6261E-09 2.0295E-09 1.5814E-09 1.2244E-09 9.3260E-10 6.9824E-10 5.2388E-10 3.8343E-10 2.7454E-10 2.0005E-10 1.2556E-10 8.0322E-11 6.1562E-11 3.1462E-11 2.3944E-11 6.4775E-12 4.8707E-12 0.0000E+00 0.0000E+00 0.0000E+00 0.0000E+00 0.0000E+00 0.0000E+00 0.0000E+00 0.0000E+00 0.0000E+00 0.0000E+00 0.0000E+00
1.0154E-08 1.2332E-08 1.4718E-08 1.7246E-08 1.9841E-08 2.2417E-08 2.4870E-08 2.7089E-08 2.8966E-08 3.0407E-08 3.1347E-08 3.1732E-08 3.1563E-08 3.0838E-08 2.9609E-08 2.7936E-08 2.5911E-08 2.3635E-08 2.1206E-08 1.8719E-08 1.6272E-08 1.3940E-08 1.1763E-08 9.7887E-09 8.0480E-09 6.5348E-09 5.2449E-09 4.1679E-09 3.2807E-09 2.5499E-09 1.9636E-09 1.5035E-09 1.1587E-09 8.6862E-10 6.4156E-10 4.7641E-10 3.4337E-10 2.4445E-10 1.7802E-10 1.1199E-10 7.1396E-11 5.5032E-11 2.7887E-11 2.1506E-11 5.7312E-12 0.0000E+00 0.0000E+00 0.0000E+00 0.0000E+00 0.0000E+00 0.0000E+00 0.0000E+00 0.0000E+00 0.0000E+00 0.0000E+00 0.0000E+00 0.0000E+00
1.0469E-08 1.2781E-08 1.5317E-08 1.8020E-08 2.0810E-08 2.3592E-08 2.6244E-08 2.8645E-08 3.0680E-08 3.2243E-08 3.3250E-08 3.3647E-08 3.3416E-08 3.2584E-08 3.1200E-08 2.9348E-08 2.7130E-08 2.4647E-08 2.2019E-08 1.9351E-08 1.6742E-08 1.4252E-08 1.1966E-08 9.9103E-09 8.0818E-09 6.5217E-09 5.1958E-09 4.0946E-09 3.1913E-09 2.4637E-09 1.8618E-09 1.4107E-09 1.0801E-09 7.9698E-10 5.7945E-10 4.2427E-10 3.0132E-10 2.1261E-10 1.5382E-10 7.7278E-11 6.0256E-11 2.8944E-11 2.0602E-11 1.1539E-11 0.0000E+00 0.0000E+00 0.0000E+00 0.0000E+00 0.0000E+00 0.0000E+00 0.0000E+00 0.0000E+00 0.0000E+00 0.0000E+00 0.0000E+00 0.0000E+00 0.0000E+00
1.0676E-08 1.3086E-08 1.5754E-08 1.8621E-08 2.1600E-08 2.4571E-08 2.7414E-08 2.9996E-08 3.2189E-08 3.3875E-08 3.4956E-08 3.5381E-08 3.5123E-08 3.4203E-08 3.2677E-08 3.0640E-08 2.8209E-08 2.5520E-08 2.2689E-08 1.9840E-08 1.7066E-08 1.4457E-08 1.2063E-08 9.9124E-09 8.0475E-09 6.4348E-09 5.0958E-09 3.9762E-09 3.0753E-09 2.3386E-09 1.7434E-09 1.3084E-09 9.9446E-10 7.2182E-10 5.1539E-10 3.5448E-10 2.5999E-10 1.8178E-10 1.3047E-10 6.0651E-11 4.2471E-11 1.4877E-11 6.3216E-12 0.0000E+00 0.0000E+00 0.0000E+00 0.0000E+00 0.0000E+00 0.0000E+00 0.0000E+00 0.0000E+00 0.0000E+00 0.0000E+00 0.0000E+00 0.0000E+00 0.0000E+00 0.0000E+00
1.0795E-08 1.3262E-08 1.6019E-08 1.9010E-08 2.2139E-08 2.5292E-08 2.8328E-08 3.1097E-08 3.3454E-08 3.5263E-08 3.6428E-08 3.6879E-08 3.6596E-08 3.5598E-08 3.3956E-08 3.1767E-08 2.9156E-08 2.6261E-08 2.3229E-08 2.0191E-08 1.7266E-08 1.4526E-08 1.2036E-08 9.8344E-09 7.9095E-09 6.2901E-09 4.9322E-09 3.8276E-09 2.9295E-09 2.1931E-09 1.6360E-09 1.1998E-09 9.0548E-10 6.4638E-10 4.3916E-10 2.8922E-10 2.2152E-10 1.5328E-10 8.7987E-11 3.9164E-11 2.5548E-11 7.3776E-12 5.5765E-12 0.0000E+00 0.0000E+00 0.0000E+00 0.0000E+00 0.0000E+00 0.0000E+00 0.0000E+00 0.0000E+00 0.0000E+00 0.0000E+00 0.0000E+00 0.0000E+00 0.0000E+00 0.0000E+00
1.0815E-08 1.3327E-08 1.6146E-08 1.9211E-08 2.2443E-08 2.5728E-08 2.8922E-08 3.1864E-08 3.4381E-08 3.6339E-08 3.7602E-08 3.8106E-08 3.7811E-08 3.6750E-08 3.4994E-08 3.2655E-08 2.9872E-08 2.6803E-08 2.3600E-08 2.0399E-08 1.7326E-08 1.4473E-08 1.1899E-08 9.6392E-09 7.7050E-09 6.0643E-09 4.7237E-09 3.6281E-09 2.7408E-09 2.0453E-09 1.4857E-09 1.0882E-09 8.1565E-10 5.6774E-10 3.8203E-10 2.4598E-10 1.8687E-10 9.5344E-11 3.8601E-11 2.9523E-11 8.4209E-12 6.4362E-12 4.4663E-12 0.0000E+00 0.0000E+00 0.0000E+00 0.0000E+00 0.0000E+00 0.0000E+00 0.0000E+00 0.0000E+00 0.0000E+00 0.0000E+00 0.0000E+00 0.0000E+00 0.0000E+00 0.0000E+00
1.0752E-08 1.3287E-08 1.6135E-08 1.9248E-08 2.2547E-08 2.5916E-08 2.9215E-08 3.2286E-08 3.4958E-08 3.7051E-08 3.8441E-08 3.9009E-08 3.8736E-08 3.7636E-08 3.5794E-08 3.3329E-08 3.0390E-08 2.7148E-08 2.3777E-08 2.0431E-08 1.7241E-08 1.4288E-08 1.1650E-08 9.3539E-09 7.4044E-09 5.7824E-09 4.4548E-09 3.3933E-09 2.5408E-09 1.8570E-09 1.3037E-09 9.7023E-10 7.2323E-10 4.9754E-10 3.2942E-10 2.0725E-10 1.2676E-10 6.6597E-11 3.3349E-11 2.5506E-11 7.2654E-12 5.5529E-12 0.0000E+00 0.0000E+00 0.0000E+00 0.0000E+00 0.0000E+00 0.0000E+00 0.0000E+00 0.0000E+00 0.0000E+00 0.0000E+00 0.0000E+00 0.0000E+00 0.0000E+00 0.0000E+00 0.0000E+00
1.0592E-08 1.3131E-08 1.5996E-08 1.9139E-08 2.2482E-08 2.5914E-08 2.9294E-08 3.2452E-08 3.5207E-08 3.7392E-08 3.8865E-08 3.9520E-08 3.9292E-08 3.8194E-08 3.6303E-08 3.3737E-08 3.0677E-08 2.7298E-08 2.3790E-08 2.0312E-08 1.7011E-08 1.3986E-08 1.1298E-08 8.9832E-09 7.0378E-09 5.4391E-09 4.1438E-09 3.1220E-09 2.2953E-09 1.6498E-09 1.1608E-09 8.4557E-10 6.2616E-10 3.8023E-10 2.2727E-10 1.4100E-10 7.4179E-11 5.5667E-11 2.8480E-11 2.0650E-11 6.1992E-12 4.2790E-12 0.0000E+00 0.0000E+00 0.0000E+00 0.0000E+00 0.0000E+00 0.0000E+00 0.0000E+00 0.0000E+00 0.0000E+00 0.0000E+00 0.0000E+00 0.0000E+00 0.0000E+00 0.0000E+00 0.0000E+00
1.0333E-08 1.2860E-08 1.5726E-08 1.8887E-08 2.2266E-08 2.5748E-08 2.9187E-08 3.2412E-08 3.5250E-08 3.7520E-08 3.9060E-08 3.9755E-08 3.9549E-08 3.8447E-08 3.6521E-08 3.3896E-08 3.0730E-08 2.7238E-08 2.3611E-08 2.0040E-08 1.6662E-08 1.3581E-08 1.0866E-08 8.5507E-09 6.6217E-09 5.0578E-09 3.8166E-09 2.8396E-09 2.0387E-09 1.4637E-09 9.9600E-10 7.1899E-10 4.7672E-10 2.7569E-10 1.5179E-10 1.0599E-10 6.2593E-11 3.1082E-11 2.4042E-11 6.7687E-12 5.2311E-12 0.0000E+00 0.0000E+00 0.0000E+00 0.0000E+00 0.0000E+00 0.0000E+00 0.0000E+00 0.0000E+00 0.0000E+00 0.0000E+00 0.0000E+00 0.0000E+00 0.0000E+00 0.0000E+00 0.0000E+00 0.0000E+00
9.9848E-09 1.2483E-08 1.5333E-08 1.8499E-08 2.1901E-08 2.5424E-08 2.8924E-08 3.2226E-08 3.5139E-08 3.7476E-08 3.9071E-08 3.9804E-08 3.9604E-08 3.8481E-08 3.6505E-08 3.3808E-08 3.0572E-08 2.6999E-08 2.3295E-08 1.9643E-08 1.6202E-08 1.3101E-08 1.0378E-08 8.0703E-09 6.1782E-09 4.6587E-09 3.4674E-09 2.5426E-09 1.8043E-09 1.2191E-09 8.3839E-10 6.0209E-10 3.6168E-10 1.6102E-10 1.1467E-10 8.5795E-11 4.9928E-11 2.5936E-11 1.7782E-11 5.6487E-12 3.3999E-12 0.0000E+00 0.0000E+00 0.0000E+00 0.0000E+00 0.0000E+00 0.0000E+00 0.0000E+00 0.0000E+00 0.0000E+00 0.0000E+00 0.0000E+00 0.0000E+00 0.0000E+00 0.0000E+00 0.0000E+00 0.0000E+00
9.5552E-09 1.2010E-08 1.4834E-08 1.7991E-08 2.1403E-08 2.4960E-08 2.8514E-08 3.1886E-08 3.4879E-08 3.7298E-08 3.8968E-08 3.9752E-08 3.9576E-08 3.8441E-08 3.6417E-08 3.3645E-08 3.0316E-08 2.6654E-08 2.2875E-08 1.9171E-08 1.5696E-08 1.2569E-08 9.8601E-09 7.5835E-09 5.7251E-09 4.2569E-09 3.1204E-09 2.2467E-09 1.5570E-09 1.0166E-09 7.1049E-10 4.6430E-10 2.2692E-10 1.2108E-10 9.4476E-11 5.5319E-11 3.5564E-11 2.1084E-11 1.0710E-11 4.3535E-12 1.4069E-12 0.0000E+00 0.0000E+00 0.0000E+00 0.0000E+00 0.0000E+00 0.0000E+00 0.0000E+00 0.0000E+00 0.0000E+00 0.0000E+00 0.0000E+00 0.0000E+00 0.0000E+00 0.0000E+00 0.0000E+00 0.0000E+00
9.0631E-09 1.1464E-08 1.4248E-08 1.7379E-08 2.0792E-08 2.4379E-08 2.7989E-08 3.1441E-08 3.4527E-08 3.7042E-08 3.8795E-08 3.9641E-08 3.9498E-08 3.8361E-08 3.6304E-08 3.3473E-08 3.0068E-08 2.6316E-08 2.2445E-08 1.8670E-08 1.5170E-08 1.2039E-08 9.3360E-09 7.0976E-09 5.2917E-09 3.8730E-09 2.7934E-09 1.9871E-09 1.3268E-09 8.6195E-10 5.6703E-10 2.5283E-10 1.2474E-10 9.8475E-11 7.2339E-11 4.0055E-11 2.2296E-11 1.3035E-11 4.8692E-12 2.0446E-12 0.0000E+00 0.0000E+00 0.0000E+00 0.0000E+00 0.0000E+00 0.0000E+00 0.0000E+00 0.0000E+00 0.0000E+00 0.0000E+00 0.0000E+00 0.0000E+00 0.0000E+00 0.0000E+00 0.0000E+00 0.0000E+00 0.0000E+00
8.5225E-09 1.0859E-08 1.3588E-08 1.6687E-08 2.0095E-08 2.3706E-08 2.7376E-08 3.0914E-08 3.4106E-08 3.6735E-08 3.8598E-08 3.9535E-08 3.9437E-08 3.8313E-08 3.6226E-08 3.3328E-08 2.9835E-08 2.5993E-08 2.2044E-08 1.8210E-08 1.4652E-08 1.1498E-08 8.8308E-09 6.6241E-09 4.8692E-09 3.5125E-09 2.4884E-09 1.7313E-09 1.1232E-09 6.9334E-10 3.6109E-10 1.8803E-10 1.0014E-10 7.7549E-11 4.8986E-11 2.6574E-11 1.4649E-11 6.5329E-12 2.4861E-12 2.4338E-13 0.0000E+00 0.0000E+00 0.0000E+00 0.0000E+00 0.0000E+00 0.0000E+00 0.0000E+00 0.0000E+00 0.0000E+00 0.0000E+00 0.0000E+00 0.0000E+00 0.0000E+00 0.0000E+00 0.0000E+00 0.0000E+00 0.0000E+00
7.9411E-09 1.0201E-08 1.2868E-08 1.5928E-08 1.9330E-08 2.2966E-08 2.6695E-08 3.0329E-08 3.3650E-08 3.6422E-08 3.8422E-08 3.9471E-08 3.9457E-08 3.8360E-08 3.6251E-08 3.3291E-08 2.9705E-08 2.5753E-08 2.1695E-08 1.7770E-08 1.4173E-08 1.1012E-08 8.3395E-09 6.1731E-09 4.4688E-09 3.1737E-09 2.1948E-09 1.4850E-09 8.8355E-10 5.5069E-10 2.8755E-10 1.4002E-10 7.9074E-11 5.2997E-11 2.8099E-11 1.5424E-11 7.4309E-12 2.7001E-12 4.9833E-13 0.0000E+00 0.0000E+00 0.0000E+00 0.0000E+00 0.0000E+00 0.0000E+00 0.0000E+00 0.0000E+00 0.0000E+00 0.0000E+00 0.0000E+00 0.0000E+00 0.0000E+00 0.0000E+00 0.0000E+00 0.0000E+00 0.0000E+00 0.0000E+00
7.3337E-09 9.5136E-09 1.2110E-08 1.5119E-08 1.8501E-08 2.2164E-08 2.5968E-08 2.9725E-08 3.3198E-08 3.6139E-08 3.8305E-08 3.9494E-08 3.9580E-08 3.8525E-08 3.6400E-08 3.3365E-08 2.9669E-08 2.5591E-08 2.1419E-08 1.7407E-08 1.3738E-08 1.0542E-08 7.8859E-09 5.7509E-09 4.1015E-09 2.8568E-09 1.9235E-09 1.2608E-09 7.2462E-10 4.5367E-10 2.0844E-10 8.0286E-11 5.4112E-11 2.9279E-11 1.5304E-11 7.6947E-12 2.6736E-12 5.8004E-13 0.0000E+00 0.0000E+00 0.0000E+00 0.0000E+00 0.0000E+00 0.0000E+00 0.0000E+00 0.0000E+00 0.0000E+00 0.0000E+00 0.0000E+00 0.0000E+00 0.0000E+00 0.0000E+00 0.0000E+00 0.0000E+00 0.0000E+00 0.0000E+00 0.0000E+00
6.7110E-09 8.7965E-09 1.1317E-08 1.4272E-08 1.7637E-08 2.1328E-08 2.5215E-08 2.9097E-08 3.2738E-08 3.5879E-08 3.8249E-08 3.9619E-08 3.9829E-08 3.8833E-08 3.6693E-08 3.3584E-08 2.9767E-08 2.5545E-08 2.1225E-08 1.7090E-08 1.3349E-08 1.0123E-08 7.4550E-09 5.3595E-09 3.7505E-09 2.5575E-09 1.6784E-09 1.0667E-09 6.0687E-10 3.0281E-10 1.0938E-10 5.2219E-11 2.8843E-11 1.4315E-11 7.3031E-12 2.4130E-12 4.8603E-13 0.0000E+00 0.0000E+00 0.0000E+00 0.0000E+00 0.0000E+00 0.0000E+00 0.0000E+00 0.0000E+00 0.0000E+00 0.0000E+00 0.0000E+00 0.0000E+00 0.0000E+00 0.0000E+00 0.0000E+00 0.0000E+00 0.0000E+00 0.0000E+00 0.0000E+00 0.0000E+00
6.0909E-09 8.0664E-09 1.0504E-08 1.3402E-08 1.6740E-08 2.0452E-08 2.4411E-08 2.8430E-08 3.2266E-08 3.5629E-08 3.8230E-08 3.9807E-08 4.0174E-08 3.9256E-08 3.7114E-08 3.3927E-08 2.9975E-08 2.5592E-08 2.1121E-08 1.6859E-08 1.3016E-08 9.7378E-09 7.0804E-09 4.9885E-09 3.4184E-09 2.2789E-09 1.4503E-09 8.5555E-10 5.0388E-10 1.9524E-10 5.7207E-11 2.6424E-11 1.2530E-11 6.0854E-12 1.9435E-12 2.2871E-13 0.0000E+00 0.0000E+00 0.0000E+00 0.0000E+00 0.0000E+00 0.0000E+00 0.0000E+00 0.0000E+00 0.0000E+00 0.0000E+00 0.0000E+00 0.0000E+00 0.0000E+00 0.0000E+00 0.0000E+00 0.0000E+00 0.0000E+00 0.0000E+00 0.0000E+00 0.0000E+00 0.0000E+00
5.4741E-09 7.3542E-09 9.6848E-09 1.2507E-08 1.5803E-08 1.9534E-08 2.3571E-08 2.7734E-08 3.1765E-08 3.5362E-08 3.8215E-08 4.0031E-08 4.0589E-08 3.9774E-08 3.7642E-08 3.4380E-08 3.0289E-08 2.5734E-08 2.1085E-08 1.6671E-08 1.2731E-08 9.4046E-09 6.7048E-09 4.6457E-09 3.1202E-09 2.0500E-09 1.2755E-09 6.8221E-10 3.6404E-10 9.4119E-11 2.1318E-11 1.0123E-11 3.9693E-12 1.3066E-12 0.0000E+00 0.0000E+00 0.0000E+00 0.0000E+00 0.0000E+00 0.0000E+00 0.0000E+00 0.0000E+00 0.0000E+00 0.0000E+00 0.0000E+00 0.0000E+00 0.0000E+00 0.0000E+00 0.0000E+00 0.0000E+00 0.0000E+00 0.0000E+00 0.0000E+00 0.0000E+00 0.0000E+00 0.0000E+00 0.0000E+00
4.8815E-09 6.6496E-09 8.8790E-09 1.1607E-08 1.4855E-08 1.8589E-08 2.2692E-08 2.6986E-08 3.1216E-08 3.5064E-08 3.8182E-08 4.0249E-08 4.1007E-08 4.0323E-08 3.8219E-08 3.4892E-08 3.0662E-08 2.5931E-08 2.1107E-08 1.6540E-08 1.2479E-08 9.0768E-09 6.3841E-09 4.3376E-09 2.8723E-09 1.8422E-09 1.0942E-09 5.2573E-10 1.9612E-10 2.0480E-11 7.0112E-12 2.0566E-12 5.6062E-13 0.0000E+00 0.0000E+00 0.0000E+00 0.0000E+00 0.0000E+00 0.0000E+00 0.0000E+00 0.0000E+00 0.0000E+00 0.0000E+00 0.0000E+00 0.0000E+00 0.0000E+00 0.0000E+00 0.0000E+00 0.0000E+00 0.0000E+00 0.0000E+00 0.0000E+00 0.0000E+00 0.0000E+00 0.0000E+00 0.0000E+00 0.0000E+00
