Assets/Resources/2015_m01_d03_0800(utc+0800)_l00_csi_1hr_conc.grd
DSAA
         159         159
     -79.000      79.000
     -79.000      79.000
  0.0000E+00  0.2951E-05
[rows 25 to 49 of 159, columns 57 to 113 of 159]
2.2503E-09 2.3042E-09 2.3561E-09 2.4068E-09 2.4563E-09 2.5665E-09 2.6475E-09 2.7013E-09 2.7530E-09 2.8036E-09 2.8692E-09 2.9345E-09 3.0002E-09 3.0490E-09 3.0964E-09 3.1423E-09 3.2199E-09 3.2803E-09 3.3249E-09 3.3666E-09 3.4061E-09 3.4432E-09 3.4953E-09 3.5617E-09 3.5941E-09 3.6224E-09 3.6532E-09 3.6858E-09 3.7186E-09 3.7713E-09 3.8432E-09 3.9016E-09 3.9466E-09 3.9920E-09 4.0419E-09 4.0915E-09 4.1400E-09 4.1901E-09 4.2366E-09 4.2800E-09 4.3732E-09 4.4301E-09 4.4656E-09 4.4972E-09 4.5244E-09 4.5493E-09 4.5699E-09 4.5866E-09 4.6004E-09 4.6116E-09 4.6188E-09 4.6220E-09 4.6718E-09 4.7194E-09 4.5190E-09 4.3339E-09 4.2956E-09
2.3271E-09 2.3835E-09 2.4387E-09 2.5242E-09 2.6393E-09 2.6995E-09 2.7580E-09 2.8156E-09 2.8882E-09 2.9608E-09 3.0333E-09 3.0910E-09 3.1468E-09 3.2013E-09 3.2881E-09 3.3580E-09 3.4123E-09 3.4640E-09 3.5138E-09 3.5786E-09 3.6420E-09 3.7045E-09 3.7475E-09 3.7877E-09 3.8247E-09 3.8610E-09 3.9347E-09 3.9939E-09 4.0546E-09 4.1002E-09 4.1462E-09 4.1992E-09 4.2520E-09 4.3056E-09 4.3981E-09 4.4901E-09 4.5483E-09 4.6038E-09 4.6549E-09 4.7042E-09 4.7488E-09 4.7889E-09 4.8258E-09 4.8582E-09 4.8868E-09 4.9111E-09 4.9305E-09 4.9931E-09 5.0071E-09 5.0167E-09 5.0751E-09 5.1323E-09 5.1869E-09 5.1923E-09 4.7271E-09 4.7558E-09 4.5053E-09
2.4061E-09 2.4960E-09 2.5872E-09 2.6799E-09 2.7458E-09 2.8101E-09 2.8736E-09 2.9688E-09 3.0486E-09 3.1143E-09 3.1783E-09 3.2413E-09 3.3368E-09 3.4159E-09 3.4799E-09 3.5417E-09 3.6019E-09 3.6778E-09 3.7688E-09 3.8272E-09 3.8824E-09 3.9349E-09 3.9845E-09 4.0491E-09 4.1277E-09 4.1937E-09 4.2455E-09 4.2972E-09 4.3499E-09 4.4044E-09 4.4998E-09 4.5955E-09 4.6575E-09 4.7250E-09 4.7909E-09 4.8551E-09 4.9191E-09 4.9787E-09 5.0343E-09 5.2769E-09 5.3279E-09 5.3756E-09 5.4174E-09 5.4534E-09 5.4854E-09 5.5117E-09 5.5331E-09 5.5502E-09 5.5630E-09 5.5758E-09 5.5872E-09 5.5962E-09 5.6537E-09 5.3303E-09 5.2131E-09 5.2359E-09 4.5916E-09
2.5191E-09 2.6163E-09 2.7162E-09 2.7868E-09 2.8570E-09 2.9430E-09 3.0297E-09 3.1177E-09 3.1897E-09 3.2610E-09 3.3488E-09 3.4525E-09 3.5260E-09 3.5977E-09 3.6683E-09 3.7552E-09 3.8575E-09 3.9279E-09 3.9954E-09 4.0607E-09 4.1410E-09 4.2193E-09 4.2954E-09 4.3690E-09 4.4271E-09 4.4869E-09 4.5475E-09 4.6469E-09 4.7458E-09 4.8131E-09 4.8853E-09 4.9576E-09 5.0311E-09 5.1052E-09 5.2767E-09 5.4466E-09 5.5220E-09 5.5915E-09 5.6578E-09 5.7179E-09 5.7722E-09 5.8213E-09 5.8640E-09 5.9020E-09 5.9337E-09 6.0557E-09 6.1292E-09 6.1480E-09 6.1635E-09 6.1770E-09 6.2413E-09 6.2551E-09 6.2709E-09 5.7282E-09 5.6791E-09 5.1798E-09 4.8958E-09
2.6685E-09 2.7458E-09 2.8221E-09 2.8981E-09 3.0065E-09 3.1002E-09 3.1804E-09 3.2596E-09 3.3552E-09 3.4516E-09 3.5493E-09 3.6307E-09 3.7114E-09 3.8087E-09 3.9060E-09 4.0039E-09 4.0838E-09 4.1619E-09 4.2558E-09 4.3483E-09 4.4550E-09 4.5278E-09 4.5973E-09 4.6640E-09 4.7525E-09 4.8611E-09 4.9527E-09 5.0287E-09 5.1049E-09 5.1873E-09 5.3190E-09 5.4970E-09 5.6350E-09 5.7267E-09 5.8161E-09 5.9027E-09 5.9835E-09 6.0594E-09 6.1810E-09 6.3925E-09 6.4569E-09 6.5134E-09 6.5626E-09 6.6055E-09 6.6410E-09 6.6703E-09 6.6937E-09 6.7117E-09 6.7278E-09 6.7429E-09 6.7585E-09 6.7747E-09 6.2872E-09 6.1623E-09 6.1455E-09 5.3702E-09 5.2755E-09
2.7693E-09 2.8512E-09 2.9493E-09 3.0488E-09 3.1505E-09 3.2369E-09 3.3235E-09 3.4434E-09 3.5484E-09 3.6396E-09 3.7299E-09 3.8369E-09 3.9446E-09 4.0527E-09 4.1454E-09 4.2362E-09 4.3432E-09 4.4496E-09 4.5549E-09 4.6589E-09 4.7443E-09 4.8266E-09 4.9423E-09 5.0426E-09 5.1454E-09 5.2312E-09 5.3197E-09 5.4578E-09 5.5994E-09 5.7908E-09 5.8935E-09 5.9983E-09 6.1016E-09 6.2014E-09 6.4038E-09 6.5503E-09 6.6912E-09 6.7801E-09 6.8614E-09 6.9358E-09 7.0024E-09 7.0602E-09 7.1125E-09 7.1560E-09 7.1912E-09 7.2199E-09 7.2431E-09 7.2631E-09 7.2801E-09 7.2962E-09 7.3129E-09 7.1290E-09 6.6977E-09 6.6576E-09 5.9719E-09 5.8635E-09 5.8808E-09
2.8737E-09 2.9781E-09 3.0993E-09 3.1931E-09 3.2865E-09 3.3971E-09 3.5094E-09 3.6240E-09 3.7233E-09 3.8227E-09 3.9400E-09 4.0746E-09 4.1787E-09 4.2816E-09 4.3837E-09 4.5208E-09 4.6402E-09 4.7590E-09 4.8604E-09 4.9772E-09 5.0923E-09 5.2053E-09 5.3178E-09 5.4159E-09 5.5168E-09 5.7156E-09 5.8689E-09 6.0237E-09 6.1420E-09 6.2584E-09 6.3731E-09 6.5935E-09 6.7628E-09 6.9309E-09 7.0477E-09 7.1563E-09 7.2597E-09 7.3541E-09 7.4394E-09 7.5183E-09 7.5878E-09 7.6489E-09 7.7015E-09 7.7445E-09 7.7809E-09 7.8099E-09 7.8328E-09 7.8525E-09 7.8709E-09 7.9434E-09 7.9650E-09 7.3644E-09 7.3238E-09 7.2378E-09 6.5235E-09 6.4548E-09 5.8965E-09
3.0153E-09 3.1279E-09 3.2282E-09 3.3287E-09 3.4471E-09 3.5833E-09 3.6913E-09 3.7993E-09 3.9251E-09 4.0527E-09 4.1819E-09 4.2969E-09 4.4111E-09 4.5433E-09 4.6927E-09 4.8258E-09 4.9425E-09 5.0577E-09 5.2076E-09 5.3385E-09 5.4676E-09 5.5774E-09 5.6902E-09 5.9040E-09 6.0713E-09 6.2422E-09 6.3704E-09 6.5008E-09 6.6844E-09 6.9161E-09 7.1055E-09 7.2463E-09 7.3822E-09 7.5167E-09 7.6424E-09 7.7597E-09 7.8690E-09 7.9688E-09 8.0608E-09 8.1428E-09 8.2139E-09 8.2781E-09 8.4992E-09 8.6008E-09 8.6424E-09 8.6757E-09 8.7061E-09 8.7321E-09 8.7567E-09 8.9147E-09 8.5820E-09 8.3479E-09 8.3905E-09 7.5449E-09 7.4598E-09 7.4630E-09 6.8932E-09
3.1487E-09 3.2555E-09 3.3628E-09 3.5050E-09 3.6337E-09 3.7501E-09 3.8669E-09 4.0026E-09 4.1566E-09 4.2818E-09 4.4070E-09 4.5503E-09 4.6953E-09 4.8416E-09 4.9887E-09 5.1194E-09 5.2680E-09 5.4333E-09 5.5806E-09 5.7100E-09 5.8366E-09 6.0627E-09 6.2455E-09 6.4325E-09 6.5770E-09 6.7213E-09 6.9679E-09 7.1730E-09 7.3782E-09 7.5370E-09 7.6953E-09 7.8502E-09 8.0019E-09 8.1456E-09 8.2790E-09 8.4061E-09 8.5222E-09 8.7404E-09 8.8955E-09 9.0414E-09 9.1262E-09 9.1996E-09 9.2605E-09 9.5248E-09 9.6423E-09 9.8876E-09 9.9975E-09 1.0042E-08 1.0088E-08 1.0319E-08 9.6219E-09 9.5631E-09 9.0481E-09 8.5365E-09 8.6349E-09 7.9418E-09 7.9069E-09
3.2744E-09 3.4048E-09 3.5384E-09 3.6751E-09 3.7998E-09 3.9253E-09 4.0874E-09 4.2357E-09 4.3714E-09 4.5077E-09 4.6635E-09 4.8380E-09 4.9978E-09 5.1430E-09 5.3065E-09 5.4709E-09 5.6519E-09 5.8002E-09 5.9468E-09 6.1892E-09 6.3845E-09 6.5876E-09 6.7499E-09 6.9619E-09 7.1774E-09 7.3963E-09 7.6220E-09 7.8014E-09 7.9770E-09 8.1567E-09 8.3312E-09 8.5000E-09 8.6641E-09 8.8181E-09 9.0773E-09 9.3232E-09 9.4566E-09 9.5817E-09 9.6938E-09 9.9374E-09 1.0235E-08 1.0458E-08 1.0674E-08 1.0884E-08 1.1020E-08 1.1337E-08 1.1409E-08 1.1477E-08 1.1541E-08 1.0979E-08 1.0790E-08 1.0795E-08 9.7883E-09 9.6836E-09 9.2582E-09 8.8008E-09 8.8424E-09
3.4218E-09 3.5625E-09 3.7078E-09 3.8397E-09 3.9909E-09 4.1458E-09 4.3043E-09 4.4506E-09 4.6153E-09 4.7833E-09 4.9542E-09 5.1279E-09 5.2872E-09 5.4835E-09 5.6640E-09 5.8457E-09 6.0112E-09 6.2256E-09 6.4418E-09 6.7041E-09 6.8823E-09 7.0628E-09 7.3468E-09 7.5865E-09 7.8290E-09 8.0269E-09 8.2278E-09 8.4269E-09 8.6252E-09 8.8206E-09 9.0098E-09 9.3096E-09 9.5460E-09 9.7730E-09 9.9419E-09 1.0098E-08 1.0386E-08 1.0663E-08 1.1061E-08 1.1388E-08 1.1769E-08 1.1960E-08 1.2082E-08 1.2192E-08 1.2292E-08 1.2382E-08 1.2464E-08 1.2542E-08 1.2618E-08 1.1825E-08 1.1802E-08 1.1008E-08 1.0658E-08 1.0665E-08 9.7667E-09 9.7352E-09 9.3034E-09
3.5770E-09 3.7297E-09 3.8693E-09 4.0291E-09 4.1933E-09 4.3626E-09 4.5184E-09 4.6945E-09 4.8747E-09 5.0745E-09 5.2462E-09 5.4377E-09 5.6322E-09 5.8292E-09 6.0283E-09 6.2114E-09 6.4941E-09 6.7318E-09 6.9718E-09 7.1685E-09 7.4220E-09 7.7297E-09 7.9927E-09 8.2128E-09 8.4319E-09 8.6572E-09 8.8793E-09 9.0968E-09 9.3735E-09 9.6470E-09 9.9172E-09 1.0183E-08 1.0386E-08 1.0651E-08 1.0974E-08 1.1420E-08 1.1803E-08 1.2298E-08 1.2548E-08 1.2729E-08 1.2894E-08 1.3045E-08 1.3181E-08 1.3303E-08 1.3415E-08 1.3519E-08 1.3617E-08 1.3710E-08 1.3010E-08 1.2895E-08 1.2926E-08 1.1758E-08 1.1700E-08 1.1010E-08 1.0730E-08 1.0818E-08 1.0022E-08
3.7411E-09 3.8881E-09 4.0561E-09 4.2449E-09 4.4081E-09 4.5739E-09 4.7612E-09 4.9696E-09 5.1662E-09 5.3512E-09 5.5574E-09 5.7676E-09 5.9977E-09 6.1976E-09 6.4487E-09 6.7044E-09 7.0086E-09 7.2275E-09 7.4968E-09 7.7740E-09 8.0579E-09 8.3457E-09 8.5909E-09 8.8363E-09 9.0827E-09 9.3295E-09 9.6299E-09 9.9344E-09 1.0288E-08 1.0535E-08 1.0780E-08 1.1084E-08 1.1514E-08 1.2067E-08 1.2614E-08 1.2982E-08 1.3227E-08 1.3456E-08 1.3673E-08 1.3872E-08 1.4054E-08 1.4220E-08 1.4371E-08 1.4511E-08 1.4639E-08 1.4758E-08 1.4870E-08 1.4582E-08 1.4090E-08 1.4104E-08 1.3078E-08 1.2845E-08 1.2893E-08 1.1855E-08 1.1882E-08 1.1238E-08 1.1109E-08
3.8958E-09 4.0715E-09 4.2688E-09 4.4410E-09 4.6165E-09 4.8145E-09 5.0347E-09 5.2437E-09 5.4418E-09 5.6625E-09 5.9051E-09 6.1350E-09 6.3520E-09 6.6694E-09 6.9458E-09 7.2275E-09 7.4685E-09 7.7633E-09 8.1121E-09 8.4205E-09 8.6898E-09 8.9604E-09 9.2314E-09 9.5011E-09 9.8326E-09 1.0164E-08 1.0496E-08 1.0830E-08 1.1109E-08 1.1454E-08 1.1861E-08 1.2585E-08 1.3124E-08 1.3545E-08 1.3841E-08 1.4126E-08 1.4395E-08 1.4649E-08 1.4886E-08 1.5105E-08 1.5308E-08 1.5493E-08 1.5662E-08 1.5819E-08 1.5964E-08 1.6106E-08 1.6238E-08 1.5421E-08 1.5374E-08 1.5059E-08 1.4116E-08 1.4108E-08 1.3203E-08 1.3060E-08 1.3201E-08 1.2276E-08 1.2413E-08
4.0749E-09 4.2801E-09 4.4607E-09 4.6455E-09 4.8704E-09 5.0850E-09 5.3061E-09 5.5169E-09 5.7690E-09 6.0095E-09 6.2555E-09 6.5378E-09 6.8277E-09 7.1249E-09 7.4288E-09 7.7427E-09 8.0627E-09 8.3880E-09 8.7238E-09 9.0190E-09 9.3153E-09 9.6135E-09 9.9130E-09 1.0328E-08 1.0692E-08 1.1054E-08 1.1372E-08 1.1753E-08 1.2131E-08 1.2903E-08 1.3493E-08 1.4023E-08 1.4377E-08 1.4716E-08 1.5045E-08 1.5357E-08 1.5652E-08 1.5933E-08 1.6195E-08 1.6437E-08 1.6661E-08 1.6866E-08 1.7060E-08 1.7240E-08 1.7409E-08 1.7569E-08 1.7027E-08 1.6744E-08 1.6803E-08 1.5577E-08 1.5443E-08 1.5263E-08 1.4401E-08 1.4495E-08 1.3751E-08 1.3856E-08 1.4184E-08
4.2785E-09 4.4670E-09 4.6604E-09 4.8949E-09 5.1200E-09 5.3524E-09 5.5931E-09 5.8412E-09 6.0963E-09 6.3580E-09 6.6578E-09 6.9667E-09 7.2844E-09 7.6103E-09 7.9481E-09 8.2935E-09 8.6921E-09 9.0078E-09 9.3289E-09 9.6536E-09 9.9815E-09 1.0367E-08 1.0758E-08 1.1207E-08 1.1557E-08 1.1904E-08 1.2322E-08 1.3008E-08 1.3824E-08 1.4405E-08 1.4813E-08 1.5214E-08 1.5602E-08 1.5975E-08 1.6335E-08 1.6679E-08 1.7006E-08 1.7315E-08 1.7601E-08 1.7871E-08 1.8122E-08 1.8354E-08 1.8572E-08 1.8774E-08 1.8971E-08 1.9268E-08 1.8392E-08 1.8421E-08 1.7654E-08 1.7069E-08 1.7162E-08 1.6074E-08 1.6126E-08 1.5948E-08 1.5615E-08 1.6002E-08 1.5978E-08
4.4596E-09 4.6610E-09 4.9042E-09 5.1390E-09 5.3820E-09 5.6344E-09 5.8953E-09 6.1642E-09 6.4410E-09 6.7577E-09 7.0850E-09 7.4667E-09 7.7697E-09 8.1309E-09 8.5490E-09 8.9280E-09 9.2685E-09 9.6174E-09 9.9716E-09 1.0328E-08 1.0801E-08 1.1225E-08 1.1659E-08 1.2042E-08 1.2492E-08 1.3145E-08 1.3816E-08 1.4559E-08 1.5141E-08 1.5600E-08 1.6049E-08 1.6488E-08 1.6911E-08 1.7324E-08 1.7719E-08 1.8097E-08 1.8457E-08 1.8797E-08 1.9117E-08 1.9416E-08 1.9731E-08 2.0035E-08 2.0359E-08 2.0680E-08 2.0986E-08 2.0281E-08 2.0170E-08 2.0300E-08 1.8973E-08 1.8946E-08 1.8312E-08 1.7901E-08 1.8293E-08 1.7617E-08 1.7918E-08 1.7948E-08 1.7978E-08
4.6470E-09 4.8981E-09 5.1416E-09 5.3944E-09 5.6577E-09 5.9305E-09 6.2125E-09 6.5035E-09 6.8362E-09 7.1808E-09 7.5820E-09 7.9052E-09 8.3376E-09 8.7324E-09 9.1379E-09 9.5056E-09 9.8813E-09 1.0264E-08 1.0706E-08 1.1160E-08 1.1620E-08 1.2087E-08 1.2506E-08 1.2998E-08 1.3759E-08 1.4606E-08 1.5343E-08 1.5863E-08 1.6373E-08 1.6874E-08 1.7367E-08 1.7846E-08 1.8313E-08 1.8765E-08 1.9198E-08 1.9616E-08 2.0013E-08 2.0425E-08 2.0820E-08 2.1306E-08 2.1674E-08 2.2101E-08 2.2475E-08 2.2768E-08 2.2923E-08 2.2074E-08 2.2272E-08 2.1227E-08 2.0908E-08 2.1213E-08 2.0104E-08 2.0354E-08 1.9898E-08 1.9754E-08 2.0097E-08 1.9891E-08 2.0141E-08
4.8598E-09 5.1278E-09 5.3894E-09 5.6625E-09 5.9462E-09 6.2403E-09 6.5447E-09 6.8921E-09 7.2981E-09 7.6724E-09 8.0150E-09 8.4696E-09 8.8880E-09 9.3190E-09 9.7138E-09 1.0116E-08 1.0527E-08 1.1004E-08 1.1542E-08 1.2037E-08 1.2488E-08 1.2946E-08 1.3605E-08 1.4418E-08 1.5313E-08 1.5992E-08 1.6560E-08 1.7125E-08 1.7682E-08 1.8231E-08 1.8769E-08 1.9293E-08 1.9806E-08 2.0301E-08 2.0779E-08 2.1278E-08 2.1868E-08 2.2410E-08 2.2938E-08 2.3416E-08 2.3881E-08 2.4518E-08 2.5100E-08 2.5458E-08 2.4665E-08 2.4725E-08 2.4954E-08 2.3420E-08 2.3518E-08 2.2607E-08 2.2449E-08 2.2805E-08 2.1792E-08 2.2099E-08 2.2057E-08 2.2220E-08 2.2325E-08
5.0974E-09 5.3668E-09 5.6310E-09 5.9422E-09 6.2473E-09 6.5639E-09 6.9248E-09 7.3008E-09 7.7367E-09 8.0977E-09 8.5729E-09 9.0138E-09 9.4693E-09 9.8902E-09 1.0319E-08 1.0759E-08 1.1267E-08 1.1840E-08 1.2371E-08 1.2861E-08 1.3354E-08 1.4185E-08 1.5045E-08 1.5931E-08 1.6607E-08 1.7226E-08 1.7849E-08 1.8464E-08 1.9071E-08 1.9670E-08 2.0258E-08 2.0834E-08 2.1394E-08 2.2014E-08 2.2700E-08 2.3375E-08 2.4153E-08 2.4851E-08 2.5566E-08 2.6063E-08 2.6537E-08 2.6989E-08 2.7419E-08 2.7176E-08 2.6832E-08 2.7085E-08 2.5785E-08 2.5689E-08 2.5971E-08 2.4651E-08 2.4943E-08 2.4165E-08 2.4275E-08 2.4723E-08 2.4491E-08 2.4817E-08 2.4555E-08
5.3267E-09 5.5988E-09 5.9183E-09 6.2331E-09 6.5607E-09 6.9337E-09 7.3233E-09 7.7741E-09 8.1522E-09 8.6463E-09 9.1082E-09 9.5867E-09 1.0033E-08 1.0489E-08 1.0956E-08 1.1549E-08 1.2103E-08 1.2670E-08 1.3195E-08 1.3855E-08 1.4670E-08 1.5516E-08 1.6453E-08 1.7181E-08 1.7857E-08 1.8535E-08 1.9210E-08 1.9878E-08 2.0542E-08 2.1195E-08 2.1836E-08 2.2544E-08 2.3316E-08 2.4277E-08 2.5131E-08 2.6009E-08 2.6640E-08 2.7247E-08 2.7831E-08 2.8392E-08 2.8929E-08 2.9450E-08 2.9945E-08 2.9101E-08 2.9337E-08 2.8957E-08 2.8057E-08 2.8297E-08 2.7187E-08 2.7285E-08 2.7653E-08 2.6671E-08 2.7110E-08 2.7020E-08 2.7300E-08 2.7259E-08 2.7263E-08
5.5482E-09 5.8576E-09 6.1979E-09 6.5351E-09 6.9185E-09 7.3200E-09 7.7839E-09 8.1778E-09 8.6888E-09 9.1699E-09 9.6697E-09 1.0139E-08 1.0622E-08 1.1115E-08 1.1739E-08 1.2325E-08 1.2926E-08 1.3488E-08 1.4189E-08 1.5046E-08 1.6000E-08 1.6928E-08 1.7711E-08 1.8441E-08 1.9175E-08 1.9912E-08 2.0645E-08 2.1373E-08 2.2094E-08 2.2842E-08 2.3744E-08 2.4871E-08 2.5894E-08 2.6754E-08 2.7501E-08 2.8228E-08 2.8934E-08 2.9614E-08 3.0279E-08 3.0919E-08 3.1537E-08 3.2133E-08 3.1700E-08 3.1727E-08 3.2131E-08 3.0678E-08 3.0800E-08 3.0612E-08 2.9832E-08 3.0295E-08 2.9361E-08 2.9687E-08 2.9999E-08 2.9992E-08 3.0392E-08 3.0055E-08 3.0255E-08
5.7950E-09 6.1418E-09 6.4871E-09 6.8793E-09 7.2910E-09 7.7226E-09 8.1740E-09 8.6996E-09 9.1979E-09 9.7172E-09 1.0209E-08 1.0715E-08 1.1236E-08 1.1887E-08 1.2503E-08 1.3138E-08 1.3737E-08 1.4476E-08 1.5373E-08 1.6429E-08 1.7354E-08 1.8186E-08 1.8971E-08 1.9763E-08 2.0561E-08 2.1359E-08 2.2153E-08 2.2945E-08 2.3886E-08 2.5134E-08 2.6254E-08 2.7253E-08 2.8116E-08 2.8965E-08 2.9796E-08 3.0613E-08 3.1409E-08 3.2186E-08 3.2951E-08 3.3699E-08 3.4427E-08 3.5117E-08 3.4280E-08 3.4711E-08 3.3884E-08 3.3515E-08 3.3939E-08 3.2694E-08 3.3034E-08 3.2797E-08 3.2501E-08 3.3079E-08 3.2954E-08 3.3337E-08 3.3171E-08 3.3265E-08 3.3175E-08
6.0492E-09 6.4173E-09 6.7691E-09 7.2365E-09 7.6778E-09 8.1407E-09 8.6311E-09 9.1920E-09 9.7286E-09 1.0240E-08 1.0769E-08 1.1314E-08 1.1990E-08 1.2636E-08 1.3304E-08 1.3936E-08 1.4644E-08 1.5648E-08 1.6747E-08 1.7719E-08 1.8600E-08 1.9441E-08 2.0292E-08 2.1150E-08 2.2012E-08 2.2875E-08 2.3774E-08 2.5030E-08 2.6302E-08 2.7494E-08 2.8464E-08 2.9429E-08 3.0388E-08 3.1338E-08 3.2282E-08 3.3214E-08 3.4125E-08 3.5042E-08 3.5898E-08 3.6729E-08 3.7527E-08 3.7012E-08 3.7346E-08 3.7944E-08 3.6399E-08 3.6761E-08 3.6130E-08 3.5934E-08 3.6597E-08 3.5549E-08 3.6078E-08 3.6259E-08 3.6481E-08 3.6904E-08 3.6528E-08 3.6749E-08 3.6212E-08
6.3103E-09 6.6845E-09 7.1106E-09 7.6059E-09 8.0781E-09 8.5794E-09 9.1521E-09 9.7034E-09 1.0233E-08 1.0782E-08 1.1349E-08 1.2049E-08 1.2721E-08 1.3418E-08 1.4084E-08 1.4827E-08 1.5803E-08 1.7004E-08 1.8020E-08 1.8951E-08 1.9845E-08 2.0752E-08 2.1669E-08 2.2597E-08 2.3528E-08 2.4731E-08 2.5969E-08 2.7436E-08 2.8536E-08 2.9607E-08 3.0683E-08 3.1772E-08 3.2858E-08 3.3939E-08 3.5017E-08 3.6049E-08 3.7061E-08 3.8049E-08 3.9010E-08 3.9941E-08 4.0461E-08 4.0064E-08 4.0732E-08 3.9655E-08 3.9725E-08 4.0377E-08 3.9067E-08 3.9662E-08 3.9097E-08 3.9267E-08 4.0002E-08 3.9854E-08 4.0338E-08 4.0067E-08 4.0237E-08 3.9925E-08 3.9709E-08
