Assets/Resources/2015_m01_d21_0700(utc+0800)_l00_csi_1hr_conc.grd
DSAA
         159         159
     -79.000      79.000
     -79.000      79.000
  0.7186E-09  0.2276E-04
[rows 25 to 49 of 159, columns 57 to 113 of 159]
2.1959E-09 2.2332E-09 2.2763E-09 2.4398E-09 2.4878E-09 2.5419E-09 2.5948E-09 2.6581E-09 2.7178E-09 2.7746E-09 2.8304E-09 2.8883E-09 2.9484E-09 3.0034E-09 3.0578E-09 3.1100E-09 3.1632E-09 3.2480E-09 3.3084E-09 3.3604E-09 3.4151E-09 3.4692E-09 3.5210E-09 3.5728E-09 3.6225E-09 3.6722E-09 3.7151E-09 3.7551E-09 3.7956E-09 3.8292E-09 3.8592E-09 3.8923E-09 3.9243E-09 4.0426E-09 4.1463E-09 4.1964E-09 4.2156E-09 4.2323E-09 4.2398E-09 4.2407E-09 4.2401E-09 4.2315E-09 4.2183E-09 4.1888E-09 4.1595E-09 4.1375E-09 4.1153E-09 4.0912E-09 4.0687E-09 4.0431E-09 4.0211E-09 3.9937E-09 3.9700E-09 3.9414E-09 3.9126E-09 3.8860E-09 3.8579E-09
2.2486E-09 2.2884E-09 2.4507E-09 2.4988E-09 2.5514E-09 2.6084E-09 2.6700E-09 2.7309E-09 2.7898E-09 2.8484E-09 2.9083E-09 2.9691E-09 3.0276E-09 3.0844E-09 3.1395E-09 3.2185E-09 3.2970E-09 3.3588E-09 3.4212E-09 3.4834E-09 3.5475E-09 3.6001E-09 3.6565E-09 3.7165E-09 3.7714E-09 3.8215E-09 3.8707E-09 3.9175E-09 3.9606E-09 4.0027E-09 4.0403E-09 4.0749E-09 4.1085E-09 4.2410E-09 4.3691E-09 4.4245E-09 4.4470E-09 4.4612E-09 4.4691E-09 4.4724E-09 4.4687E-09 4.4604E-09 4.4474E-09 4.4255E-09 4.3941E-09 4.3699E-09 4.3420E-09 4.3194E-09 4.2933E-09 4.2702E-09 4.2417E-09 4.2157E-09 4.1840E-09 4.1516E-09 4.1225E-09 4.0900E-09 4.0595E-09
2.3045E-09 2.4628E-09 2.5119E-09 2.5623E-09 2.6221E-09 2.6843E-09 2.7464E-09 2.8043E-09 2.8635E-09 2.9257E-09 2.9875E-09 3.0492E-09 3.1092E-09 3.1705E-09 3.2713E-09 3.3374E-09 3.4058E-09 3.4735E-09 3.5426E-09 3.6132E-09 3.6812E-09 3.7511E-09 3.8092E-09 3.8697E-09 3.9290E-09 3.9848E-09 4.0375E-09 4.0862E-09 4.1321E-09 4.1786E-09 4.2209E-09 4.2613E-09 4.2987E-09 4.4483E-09 4.6035E-09 4.6682E-09 4.6956E-09 4.7123E-09 4.7227E-09 4.7257E-09 4.7237E-09 4.7157E-09 4.7039E-09 4.6893E-09 4.6616E-09 4.6282E-09 4.5995E-09 4.5719E-09 4.5483E-09 4.5195E-09 4.4914E-09 4.4569E-09 4.4211E-09 4.3893E-09 4.3524E-09 4.3172E-09 4.2828E-09
2.4801E-09 2.5241E-09 2.5738E-09 2.6310E-09 2.6923E-09 2.7595E-09 2.8182E-09 2.8780E-09 2.9421E-09 3.0052E-09 3.0701E-09 3.1318E-09 3.2190E-09 3.3080E-09 3.3779E-09 3.4495E-09 3.5232E-09 3.5972E-09 3.6719E-09 3.7463E-09 3.8200E-09 3.8930E-09 3.9638E-09 4.0256E-09 4.0891E-09 4.1496E-09 4.2065E-09 4.2616E-09 4.3169E-09 4.3683E-09 4.4181E-09 4.4647E-09 4.5079E-09 4.6732E-09 4.8636E-09 4.9358E-09 4.9716E-09 4.9907E-09 5.0023E-09 5.0081E-09 5.0066E-09 5.0025E-09 4.9950E-09 4.9823E-09 4.9580E-09 4.9176E-09 4.8893E-09 4.8577E-09 4.8292E-09 4.7997E-09 4.7630E-09 4.7253E-09 4.6899E-09 4.6485E-09 4.6092E-09 4.5704E-09 4.5335E-09
2.5423E-09 2.5873E-09 2.6403E-09 2.7016E-09 2.7613E-09 2.8283E-09 2.8917E-09 2.9517E-09 3.0200E-09 3.0864E-09 3.1531E-09 3.2572E-09 3.3373E-09 3.4109E-09 3.4868E-09 3.5644E-09 3.6436E-09 3.7238E-09 3.8044E-09 3.8850E-09 3.9650E-09 4.0433E-09 4.1201E-09 4.1948E-09 4.2606E-09 4.3261E-09 4.3916E-09 4.4559E-09 4.5174E-09 4.5774E-09 4.6346E-09 4.6873E-09 4.7366E-09 4.9240E-09 5.1497E-09 5.2316E-09 5.2753E-09 5.2978E-09 5.3130E-09 5.3200E-09 5.3256E-09 5.3247E-09 5.3184E-09 5.3082E-09 5.2869E-09 5.2594E-09 5.2181E-09 5.1802E-09 5.1432E-09 5.1063E-09 5.0680E-09 5.0272E-09 4.9817E-09 4.9394E-09 4.8952E-09 4.8524E-09 4.8065E-09
2.6069E-09 2.6534E-09 2.7078E-09 2.7691E-09 2.8350E-09 2.9025E-09 2.9672E-09 3.0325E-09 3.1012E-09 3.1763E-09 3.2883E-09 3.3635E-09 3.4405E-09 3.5203E-09 3.6025E-09 3.6866E-09 3.7724E-09 3.8591E-09 3.9465E-09 4.0337E-09 4.1196E-09 4.2048E-09 4.2881E-09 4.3684E-09 4.4457E-09 4.5251E-09 4.5944E-09 4.6667E-09 4.7377E-09 4.8062E-09 4.8705E-09 4.9313E-09 4.9867E-09 5.2038E-09 5.4674E-09 5.5555E-09 5.6111E-09 5.6378E-09 5.6566E-09 5.6726E-09 5.6808E-09 5.6827E-09 5.6795E-09 5.6700E-09 5.6541E-09 5.6232E-09 5.5783E-09 5.5421E-09 5.4925E-09 5.4504E-09 5.4067E-09 5.3577E-09 5.3123E-09 5.2630E-09 5.2122E-09 5.1596E-09 5.1038E-09
2.6726E-09 2.7159E-09 2.7708E-09 2.8367E-09 2.9013E-09 2.9723E-09 3.0437E-09 3.1169E-09 3.2026E-09 3.3104E-09 3.3871E-09 3.4673E-09 3.5506E-09 3.6370E-09 3.7260E-09 3.8172E-09 3.9097E-09 4.0038E-09 4.0981E-09 4.1919E-09 4.2855E-09 4.3776E-09 4.4670E-09 4.5548E-09 4.6454E-09 4.7322E-09 4.8189E-09 4.8979E-09 4.9783E-09 5.0551E-09 5.1286E-09 5.1957E-09 5.2641E-09 5.5182E-09 5.8289E-09 5.9437E-09 6.0126E-09 6.0463E-09 6.0720E-09 6.0861E-09 6.0890E-09 6.0810E-09 6.0796E-09 6.0706E-09 6.0549E-09 6.0317E-09 5.9842E-09 5.9321E-09 5.8816E-09 5.8293E-09 5.7795E-09 5.7300E-09 5.6757E-09 5.6193E-09 5.5598E-09 5.4990E-09 5.4350E-09
2.7348E-09 2.7828E-09 2.8440E-09 2.9086E-09 2.9740E-09 3.0473E-09 3.1241E-09 3.2209E-09 3.3278E-09 3.4082E-09 3.4912E-09 3.5778E-09 3.6680E-09 3.7615E-09 3.8577E-09 3.9560E-09 4.0565E-09 4.1577E-09 4.2595E-09 4.3614E-09 4.4621E-09 4.5610E-09 4.6604E-09 4.7614E-09 4.8603E-09 4.9594E-09 5.0568E-09 5.1542E-09 5.2792E-09 5.3850E-09 5.4771E-09 5.5620E-09 5.6396E-09 5.8809E-09 6.2332E-09 6.3664E-09 6.4502E-09 6.4929E-09 6.5258E-09 6.5513E-09 6.5674E-09 6.5743E-09 6.5719E-09 6.5618E-09 6.5393E-09 6.4928E-09 6.4282E-09 6.3698E-09 6.3152E-09 6.2508E-09 6.1956E-09 6.1368E-09 6.0773E-09 6.0112E-09 5.9412E-09 5.8689E-09 5.7906E-09
2.7987E-09 2.8505E-09 2.9093E-09 2.9767E-09 3.0493E-09 3.1271E-09 3.2307E-09 3.3410E-09 3.4240E-09 3.5110E-09 3.6019E-09 3.6955E-09 3.7930E-09 3.8939E-09 3.9978E-09 4.1043E-09 4.2122E-09 4.3217E-09 4.4318E-09 4.5411E-09 4.6492E-09 4.7606E-09 4.8721E-09 4.9833E-09 5.0980E-09 5.2664E-09 5.3996E-09 5.5155E-09 5.6258E-09 5.7319E-09 5.8359E-09 5.9315E-09 6.0190E-09 6.2537E-09 6.6589E-09 6.8252E-09 6.9229E-09 6.9740E-09 7.0160E-09 7.0473E-09 7.0679E-09 7.0775E-09 7.0774E-09 7.0641E-09 7.0393E-09 7.0063E-09 6.9645E-09 6.8969E-09 6.8167E-09 6.7243E-09 6.6513E-09 6.5856E-09 6.5136E-09 6.4366E-09 6.3561E-09 6.2708E-09 6.1856E-09
2.8674E-09 2.9213E-09 2.9818E-09 3.0520E-09 3.1259E-09 3.2263E-09 3.3505E-09 3.4369E-09 3.5255E-09 3.6192E-09 3.7177E-09 3.8207E-09 3.9258E-09 4.0349E-09 4.1470E-09 4.2612E-09 4.3780E-09 4.4960E-09 4.6135E-09 4.7311E-09 4.8542E-09 4.9762E-09 5.1382E-09 5.3137E-09 5.4565E-09 5.5957E-09 5.7297E-09 5.8624E-09 5.9928E-09 6.1251E-09 6.2613E-09 6.3898E-09 6.4974E-09 6.7268E-09 7.1795E-09 7.3913E-09 7.5008E-09 7.5647E-09 7.6135E-09 7.6466E-09 7.6629E-09 7.6595E-09 7.6320E-09 7.6155E-09 7.5909E-09 7.5532E-09 7.5043E-09 7.4441E-09 7.3640E-09 7.2871E-09 7.2012E-09 7.0725E-09 6.9890E-09 6.9028E-09 6.8065E-09 6.7121E-09 6.6114E-09
2.9346E-09 2.9956E-09 3.0603E-09 3.1335E-09 3.2215E-09 3.3481E-09 3.4473E-09 3.5380E-09 3.6333E-09 3.7340E-09 3.8399E-09 3.9506E-09 4.0665E-09 4.1842E-09 4.3045E-09 4.4281E-09 4.5533E-09 4.6790E-09 4.8067E-09 4.9401E-09 5.1085E-09 5.3127E-09 5.4714E-09 5.6301E-09 5.7853E-09 5.9448E-09 6.1339E-09 6.3084E-09 6.4626E-09 6.6135E-09 6.7502E-09 6.8802E-09 7.0050E-09 7.2063E-09 7.7106E-09 7.9769E-09 8.0988E-09 8.1752E-09 8.2324E-09 8.2751E-09 8.3013E-09 8.3103E-09 8.3029E-09 8.2844E-09 8.2494E-09 8.1858E-09 8.1028E-09 8.0412E-09 7.9510E-09 7.8584E-09 7.7674E-09 7.6566E-09 7.5534E-09 7.4045E-09 7.3008E-09 7.1918E-09 7.0756E-09
3.0105E-09 3.0701E-09 3.1384E-09 3.2171E-09 3.3522E-09 3.4484E-09 3.5480E-09 3.6448E-09 3.7475E-09 3.8557E-09 3.9694E-09 4.0887E-09 4.2125E-09 4.3408E-09 4.4718E-09 4.6037E-09 4.7370E-09 4.8749E-09 5.0174E-09 5.2698E-09 5.4430E-09 5.6180E-09 5.7919E-09 6.0018E-09 6.2103E-09 6.3980E-09 6.5891E-09 6.7674E-09 6.9409E-09 7.1148E-09 7.2720E-09 7.4246E-09 7.5811E-09 7.7916E-09 8.3249E-09 8.6504E-09 8.7769E-09 8.8536E-09 8.9193E-09 8.9658E-09 8.9931E-09 9.0027E-09 8.9967E-09 8.9719E-09 8.9331E-09 8.8830E-09 8.8180E-09 8.7410E-09 8.6218E-09 8.4831E-09 8.3762E-09 8.2564E-09 8.1291E-09 8.0082E-09 7.8801E-09 7.7095E-09 7.5770E-09
3.0901E-09 3.1542E-09 3.2264E-09 3.3568E-09 3.4525E-09 3.5526E-09 3.6564E-09 3.7582E-09 3.8680E-09 3.9846E-09 4.1070E-09 4.2342E-09 4.3671E-09 4.5045E-09 4.6448E-09 4.7871E-09 4.9347E-09 5.1514E-09 5.3692E-09 5.5562E-09 5.7495E-09 5.9868E-09 6.2100E-09 6.4200E-09 6.6380E-09 6.8580E-09 7.0701E-09 7.3167E-09 7.5474E-09 7.7534E-09 7.9570E-09 8.1386E-09 8.3079E-09 8.5033E-09 9.0456E-09 9.4395E-09 9.5782E-09 9.6799E-09 9.7496E-09 9.7966E-09 9.8248E-09 9.8286E-09 9.7943E-09 9.7316E-09 9.6894E-09 9.6287E-09 9.5534E-09 9.4622E-09 9.3589E-09 9.2201E-09 9.0767E-09 8.9077E-09 8.7634E-09 8.6202E-09 8.4707E-09 8.3185E-09 8.1266E-09
3.1719E-09 3.2382E-09 3.3540E-09 3.4596E-09 3.5604E-09 3.6620E-09 3.7724E-09 3.8810E-09 3.9966E-09 4.1205E-09 4.2511E-09 4.3881E-09 4.5298E-09 4.6751E-09 4.8244E-09 4.9829E-09 5.2456E-09 5.4533E-09 5.6542E-09 5.9060E-09 6.1506E-09 6.3855E-09 6.6270E-09 6.8782E-09 7.1672E-09 7.4368E-09 7.6889E-09 7.9353E-09 8.1768E-09 8.4127E-09 8.6372E-09 8.8504E-09 9.0499E-09 9.2392E-09 9.8187E-09 1.0276E-08 1.0424E-08 1.0532E-08 1.0608E-08 1.0663E-08 1.0691E-08 1.0694E-08 1.0679E-08 1.0643E-08 1.0585E-08 1.0499E-08 1.0357E-08 1.0251E-08 1.0130E-08 9.9842E-09 9.8233E-09 9.6681E-09 9.4862E-09 9.2828E-09 9.1156E-09 8.9415E-09 8.7596E-09
3.2567E-09 3.3514E-09 3.4644E-09 3.5675E-09 3.6679E-09 3.7776E-09 3.8952E-09 4.0121E-09 4.1353E-09 4.2652E-09 4.4035E-09 4.5489E-09 4.6989E-09 4.8545E-09 5.0214E-09 5.3022E-09 5.5183E-09 5.7530E-09 6.0235E-09 6.2772E-09 6.5371E-09 6.8291E-09 7.1411E-09 7.4304E-09 1.1284E-08 1.1725E-08 1.2108E-08 1.2455E-08 1.2769E-08 1.3062E-08 1.3335E-08 1.3570E-08 1.3751E-08 1.3870E-08 1.0740E-08 1.1258E-08 1.1426E-08 1.1539E-08 1.1625E-08 1.1681E-08 1.1648E-08 1.1654E-08 1.1633E-08 1.1586E-08 1.1514E-08 1.1421E-08 1.1308E-08 1.1174E-08 1.0991E-08 1.0815E-08 1.0627E-08 1.0446E-08 1.0262E-08 1.0059E-08 9.8147E-09 9.6154E-09 9.4121E-09
3.3517E-09 3.4809E-09 3.5746E-09 3.6788E-09 3.7836E-09 3.9006E-09 4.0254E-09 4.1505E-09 4.2822E-09 4.4210E-09 4.5653E-09 4.7156E-09 4.8770E-09 5.0652E-09 5.3415E-09 5.5611E-09 5.8365E-09 6.1004E-09 6.3763E-09 6.6930E-09 1.0634E-08 1.1178E-08 1.1629E-08 1.2020E-08 1.2397E-08 1.2785E-08 1.3211E-08 1.3584E-08 1.3964E-08 1.4312E-08 1.4621E-08 1.4916E-08 1.5200E-08 1.5429E-08 1.5960E-08 1.6492E-08 1.6622E-08 1.6625E-08 1.2836E-08 1.2875E-08 1.2833E-08 1.2827E-08 1.2791E-08 1.2693E-08 1.2535E-08 1.2422E-08 1.2286E-08 1.2132E-08 1.1959E-08 1.1775E-08 1.1524E-08 1.1296E-08 1.1083E-08 1.0863E-08 1.0629E-08 1.0390E-08 1.0112E-08
3.4897E-09 3.5896E-09 3.6852E-09 3.7951E-09 3.9072E-09 4.0317E-09 4.1638E-09 4.2975E-09 4.4377E-09 4.5835E-09 4.7352E-09 4.8967E-09 5.0889E-09 5.3625E-09 5.5925E-09 5.8784E-09 6.1559E-09 6.4572E-09 1.0657E-08 1.1169E-08 1.1591E-08 1.2157E-08 1.2718E-08 1.3208E-08 1.3675E-08 1.4138E-08 1.4579E-08 1.5030E-08 1.5464E-08 1.5885E-08 1.6261E-08 1.6607E-08 1.6909E-08 1.7176E-08 1.7666E-08 1.8229E-08 1.8330E-08 1.8345E-08 1.8350E-08 1.8300E-08 1.8136E-08 1.4205E-08 1.4142E-08 1.3920E-08 1.3804E-08 1.3651E-08 1.3358E-08 1.3176E-08 1.2980E-08 1.2767E-08 1.2535E-08 1.2277E-08 1.1974E-08 1.1727E-08 1.1471E-08 1.1201E-08 1.0916E-08
3.6080E-09 3.7043E-09 3.8040E-09 3.9163E-09 4.0388E-09 4.1689E-09 4.3113E-09 4.4527E-09 4.5996E-09 4.7530E-09 4.9163E-09 5.0976E-09 5.3795E-09 5.6100E-09 5.9010E-09 6.1898E-09 1.0440E-08 1.0951E-08 1.1566E-08 1.2216E-08 1.2854E-08 1.3407E-08 1.3968E-08 1.4542E-08 1.5120E-08 1.5690E-08 1.6234E-08 1.6767E-08 1.7276E-08 1.7790E-08 1.8239E-08 1.8638E-08 1.8975E-08 1.9262E-08 1.9706E-08 2.0273E-08 2.0376E-08 2.0334E-08 2.0284E-08 2.0201E-08 2.0051E-08 1.9886E-08 1.9565E-08 1.5428E-08 1.5260E-08 1.4939E-08 1.4700E-08 1.4473E-08 1.4119E-08 1.3846E-08 1.3589E-08 1.3300E-08 1.3021E-08 1.2721E-08 1.2381E-08 1.2066E-08 1.1734E-08
3.7234E-09 3.8235E-09 3.9276E-09 4.0490E-09 4.1789E-09 4.3173E-09 4.4668E-09 4.6147E-09 4.7689E-09 4.9323E-09 5.1041E-09 5.3914E-09 5.6309E-09 5.9122E-09 1.0063E-08 1.0633E-08 1.1349E-08 1.2048E-08 1.2802E-08 1.3443E-08 1.4092E-08 1.4769E-08 1.5454E-08 1.6179E-08 1.6861E-08 1.7568E-08 1.8242E-08 1.8882E-08 1.9518E-08 2.0097E-08 2.0617E-08 2.1054E-08 2.1436E-08 2.1757E-08 2.2132E-08 2.2709E-08 2.2774E-08 2.2670E-08 2.2539E-08 2.2397E-08 2.2199E-08 2.1927E-08 2.1620E-08 2.1292E-08 2.0905E-08 1.6511E-08 1.6232E-08 1.5787E-08 1.5482E-08 1.5177E-08 1.4732E-08 1.4420E-08 1.4097E-08 1.3767E-08 1.3420E-08 1.2996E-08 1.2608E-08
3.8459E-09 3.9514E-09 4.0622E-09 4.1914E-09 4.3291E-09 4.4739E-09 4.6295E-09 4.7841E-09 4.9465E-09 5.1181E-09 5.3848E-09 5.6294E-09 9.6080E-09 1.0235E-08 1.0949E-08 1.1635E-08 1.2540E-08 1.3240E-08 1.3991E-08 1.4771E-08 1.5581E-08 1.6402E-08 1.7271E-08 1.8117E-08 1.9011E-08 1.9865E-08 2.0685E-08 2.1462E-08 2.2223E-08 2.2896E-08 2.3507E-08 2.4022E-08 2.4476E-08 2.4846E-08 2.5113E-08 2.5630E-08 2.5596E-08 2.5404E-08 2.5210E-08 2.4949E-08 2.4641E-08 2.4256E-08 2.3831E-08 2.3360E-08 2.2909E-08 2.2636E-08 2.1983E-08 1.7408E-08 1.7037E-08 1.6510E-08 1.6155E-08 1.5773E-08 1.5264E-08 1.4889E-08 1.4495E-08 1.4059E-08 1.3533E-08
3.9760E-09 4.0884E-09 4.2075E-09 4.3441E-09 4.4863E-09 4.6382E-09 4.7993E-09 4.9606E-09 5.1307E-09 5.3732E-09 5.6278E-09 9.7651E-09 1.0368E-08 1.1171E-08 1.1983E-08 1.2834E-08 1.3639E-08 1.4494E-08 1.5393E-08 1.6363E-08 1.7375E-08 1.8406E-08 1.9466E-08 2.0548E-08 2.1628E-08 2.2670E-08 2.3670E-08 2.4655E-08 2.5496E-08 2.6359E-08 2.7006E-08 2.7576E-08 2.8055E-08 2.8403E-08 2.8656E-08 2.9042E-08 2.8903E-08 2.8525E-08 2.8212E-08 2.7852E-08 2.7416E-08 2.6921E-08 2.6356E-08 2.5817E-08 2.5471E-08 2.5131E-08 2.4743E-08 2.4346E-08 1.8608E-08 1.8174E-08 1.7669E-08 1.7143E-08 1.6692E-08 1.6108E-08 1.5648E-08 1.5143E-08 1.4570E-08
4.1160E-09 4.2370E-09 4.3635E-09 4.5060E-09 4.6526E-09 4.8088E-09 4.9735E-09 5.1437E-09 5.3422E-09 5.6227E-09 9.8401E-09 1.0557E-08 1.1263E-08 1.2222E-08 1.3065E-08 1.3953E-08 1.4914E-08 1.5939E-08 1.7040E-08 1.8209E-08 1.9455E-08 2.0729E-08 2.2025E-08 2.3355E-08 2.4693E-08 2.5971E-08 2.7195E-08 2.8344E-08 2.9399E-08 3.0319E-08 3.1065E-08 3.1705E-08 3.2230E-08 3.2594E-08 3.2786E-08 3.3061E-08 3.2768E-08 3.2278E-08 3.1791E-08 3.1278E-08 3.0647E-08 2.9986E-08 2.9372E-08 2.8914E-08 2.8425E-08 2.7928E-08 2.7441E-08 2.6906E-08 2.6348E-08 1.9860E-08 1.9329E-08 1.8808E-08 1.8126E-08 1.7587E-08 1.6888E-08 1.6281E-08 1.5576E-08
4.2686E-09 4.3969E-09 4.5299E-09 4.6752E-09 4.8250E-09 4.9859E-09 5.1549E-09 5.3342E-09 5.6053E-09 9.8605E-09 1.0635E-08 1.1356E-08 1.2347E-08 1.3234E-08 1.4191E-08 1.5260E-08 1.6422E-08 1.7658E-08 1.8985E-08 2.0403E-08 2.1891E-08 2.3436E-08 2.5017E-08 2.6613E-08 2.8197E-08 2.9738E-08 3.1209E-08 3.2581E-08 3.3821E-08 3.4883E-08 3.5737E-08 3.6452E-08 3.7025E-08 3.7399E-08 3.7549E-08 3.7641E-08 3.7163E-08 3.6483E-08 3.5794E-08 3.5107E-08 3.4324E-08 3.3683E-08 3.3085E-08 3.2457E-08 3.1810E-08 3.1151E-08 3.0474E-08 2.9791E-08 2.9034E-08 2.8174E-08 2.1430E-08 2.0492E-08 1.9862E-08 1.9054E-08 1.8372E-08 1.7505E-08 1.6577E-08
4.4333E-09 4.5685E-09 4.7012E-09 4.8476E-09 5.0037E-09 5.1666E-09 5.3434E-09 5.5798E-09 9.8549E-09 1.0662E-08 1.1401E-08 1.2400E-08 1.3323E-08 1.4351E-08 1.5487E-08 1.6751E-08 1.8129E-08 1.9615E-08 2.1217E-08 2.2926E-08 2.4725E-08 2.6596E-08 2.8512E-08 3.0444E-08 3.2354E-08 3.4208E-08 3.5975E-08 3.7615E-08 3.9082E-08 4.0310E-08 4.1283E-08 4.2062E-08 4.2681E-08 4.3051E-08 4.3156E-08 4.3030E-08 4.2280E-08 4.1362E-08 4.0420E-08 3.9521E-08 3.8829E-08 3.8079E-08 3.7284E-08 3.6460E-08 3.5622E-08 3.4770E-08 3.3901E-08 3.2972E-08 3.1946E-08 3.0798E-08 2.9406E-08 2.2691E-08 2.1614E-08 2.0819E-08 1.9799E-08 1.8813E-08 1.7577E-08
4.6091E-09 4.7422E-09 4.8800E-09 5.0194E-09 5.1882E-09 5.3564E-09 5.5387E-09 9.8070E-09 1.0637E-08 1.1371E-08 1.2380E-08 1.3332E-08 1.4403E-08 1.5619E-08 1.6971E-08 1.8475E-08 2.0113E-08 2.1900E-08 2.3831E-08 2.5893E-08 2.8066E-08 3.0327E-08 3.2642E-08 3.4971E-08 3.7270E-08 3.9501E-08 4.1614E-08 4.3565E-08 4.5315E-08 4.6732E-08 4.7826E-08 4.8657E-08 4.9310E-08 4.9666E-08 4.9703E-08 4.9342E-08 4.8244E-08 4.7024E-08 4.5866E-08 4.5044E-08 4.4128E-08 4.3140E-08 4.2105E-08 4.1047E-08 3.9975E-08 3.8889E-08 3.7752E-08 3.6526E-08 3.5144E-08 3.3529E-08 3.1637E-08 2.9397E-08 2.3869E-08 2.2550E-08 2.1437E-08 1.9987E-08 1.8509E-08
