Assets/Resources/2015_m01_d13_2100(utc+0800)_l00_csi_1hr_conc.grd
DSAA
         159         159
     -79.000      79.000
     -79.000      79.000
  0.0000E+00  0.9321E-05
[rows 25 to 49 of 159, columns 0 to 56 of 159]
2.6125E-09 2.6860E-09 2.7544E-09 2.8180E-09 2.8769E-09 2.9255E-09 2.9648E-09 2.9970E-09 3.0193E-09 3.0262E-09 3.0210E-09 3.0045E-09 2.9747E-09 2.9315E-09 2.8753E-09 2.8115E-09 2.7388E-09 2.6557E-09 2.5660E-09 2.4732E-09 2.3810E-09 2.2859E-09 2.1865E-09 2.0863E-09 1.9893E-09 1.8967E-09 1.8073E-09 1.7188E-09 1.6314E-09 1.5421E-09 1.4523E-09 1.3450E-09 1.2395E-09 1.1357E-09 1.0274E-09 9.4431E-10 8.6394E-10 7.8002E-10 6.9542E-10 6.2530E-10 5.5954E-10 4.9621E-10 4.3582E-10 3.7922E-10 3.2801E-10 2.7617E-10 2.2594E-10 1.8100E-10 1.2739E-10 7.7016E-11 6.1386E-11 5.3205E-11 4.5946E-11 3.9534E-11 3.3895E-11 2.3191E-11 1.0194E-11
2.8336E-09 2.9179E-09 2.9996E-09 3.0763E-09 3.1446E-09 3.2054E-09 3.2606E-09 3.3029E-09 3.3323E-09 3.3516E-09 3.3590E-09 3.3490E-09 3.3217E-09 3.2815E-09 3.2287E-09 3.1618E-09 3.0827E-09 2.9931E-09 2.9006E-09 2.8011E-09 2.6973E-09 2.5903E-09 2.4786E-09 2.3665E-09 2.2565E-09 2.1508E-09 2.0495E-09 1.9493E-09 1.8481E-09 1.7475E-09 1.6466E-09 1.5438E-09 1.4230E-09 1.3059E-09 1.1828E-09 1.0724E-09 9.8232E-10 8.9466E-10 8.0615E-10 7.1485E-10 6.3865E-10 5.6804E-10 5.0021E-10 4.3688E-10 3.7923E-10 3.2665E-10 2.7247E-10 2.2196E-10 1.6934E-10 9.6725E-11 7.2042E-11 5.8524E-11 5.0527E-11 4.3465E-11 3.7255E-11 3.1186E-11 1.7765E-11
3.0630E-09 3.1619E-09 3.2558E-09 3.3436E-09 3.4264E-09 3.5042E-09 3.5685E-09 3.6229E-09 3.6691E-09 3.7010E-09 3.7152E-09 3.7137E-09 3.6982E-09 3.6624E-09 3.6090E-09 3.5404E-09 3.4610E-09 3.3678E-09 3.2664E-09 3.1573E-09 3.0449E-09 2.9286E-09 2.8050E-09 2.6779E-09 2.5524E-09 2.4317E-09 2.3165E-09 2.2036E-09 2.0901E-09 1.9769E-09 1.8625E-09 1.7475E-09 1.6317E-09 1.5079E-09 1.3734E-09 1.2293E-09 1.1155E-09 1.0162E-09 9.2126E-10 8.2621E-10 7.2818E-10 6.4594E-10 5.7090E-10 5.0049E-10 4.3535E-10 3.7577E-10 3.1880E-10 2.6610E-10 2.0860E-10 1.3276E-10 8.3821E-11 6.4151E-11 5.5374E-11 4.7622E-11 4.0808E-11 3.4844E-11 2.5969E-11
3.3026E-09 3.4136E-09 3.5200E-09 3.6244E-09 3.7231E-09 3.8107E-09 3.8911E-09 3.9647E-09 4.0224E-09 4.0642E-09 4.0939E-09 4.1059E-09 4.0964E-09 4.0674E-09 4.0208E-09 3.9544E-09 3.8704E-09 3.7721E-09 3.6645E-09 3.5482E-09 3.4265E-09 3.2982E-09 3.1626E-09 3.0216E-09 2.8803E-09 2.7437E-09 2.6129E-09 2.4857E-09 2.3588E-09 2.2316E-09 2.1032E-09 1.9741E-09 1.8448E-09 1.7153E-09 1.5827E-09 1.4338E-09 1.2745E-09 1.1540E-09 1.0453E-09 9.4324E-10 8.4063E-10 7.3666E-10 6.4943E-10 5.7017E-10 4.9656E-10 4.2897E-10 3.6775E-10 3.1177E-10 2.5751E-10 1.8007E-10 1.1742E-10 7.8629E-11 6.0472E-11 5.1995E-11 4.4544E-11 3.8024E-11 3.2316E-11
3.5468E-09 3.6714E-09 3.7963E-09 3.9153E-09 4.0257E-09 4.1318E-09 4.2315E-09 4.3165E-09 4.3885E-09 4.4504E-09 4.4927E-09 4.5152E-09 4.5182E-09 4.5010E-09 4.4594E-09 4.3956E-09 4.3133E-09 4.2119E-09 4.0979E-09 3.9738E-09 3.8422E-09 3.7031E-09 3.5553E-09 3.4000E-09 3.2428E-09 3.0892E-09 2.9415E-09 2.7979E-09 2.6564E-09 2.5141E-09 2.3708E-09 2.2266E-09 2.0814E-09 1.9367E-09 1.7932E-09 1.6474E-09 1.4737E-09 1.3087E-09 1.1864E-09 1.0693E-09 9.5984E-10 8.4878E-10 7.3978E-10 6.4858E-10 5.6550E-10 4.8912E-10 4.1961E-10 3.5691E-10 3.0095E-10 2.3152E-10 1.5447E-10 1.0278E-10 6.8229E-11 5.6570E-11 4.8452E-11 4.1349E-11 3.5162E-11
3.7947E-09 3.9390E-09 4.0782E-09 4.2105E-09 4.3416E-09 4.4659E-09 4.5775E-09 4.6804E-09 4.7739E-09 4.8490E-09 4.9065E-09 4.9464E-09 4.9628E-09 4.9549E-09 4.9234E-09 4.8679E-09 4.7876E-09 4.6856E-09 4.5655E-09 4.4339E-09 4.2919E-09 4.1432E-09 3.9841E-09 3.8144E-09 3.6408E-09 3.4696E-09 3.3035E-09 3.1428E-09 2.9845E-09 2.8266E-09 2.6666E-09 2.5057E-09 2.3440E-09 2.1828E-09 2.0227E-09 1.8648E-09 1.7055E-09 1.5060E-09 1.3436E-09 1.2127E-09 1.0877E-09 9.7021E-10 8.5060E-10 7.3786E-10 6.4331E-10 5.5703E-10 4.7815E-10 4.0718E-10 3.4375E-10 2.7767E-10 2.0182E-10 1.4657E-10 1.0045E-10 6.3746E-11 5.2515E-11 4.4806E-11 3.8092E-11
4.0498E-09 4.2088E-09 4.3622E-09 4.5166E-09 4.6651E-09 4.8030E-09 4.9348E-09 5.0585E-09 5.1673E-09 5.2607E-09 5.3383E-09 5.3933E-09 5.4240E-09 5.4314E-09 5.4110E-09 5.3643E-09 5.2903E-09 5.1914E-09 5.0677E-09 4.9290E-09 4.7792E-09 4.6193E-09 4.4486E-09 4.2645E-09 4.0740E-09 3.8840E-09 3.6992E-09 3.5193E-09 3.3435E-09 3.1680E-09 2.9904E-09 2.8126E-09 2.6330E-09 2.4537E-09 2.2757E-09 2.0998E-09 1.9269E-09 1.7475E-09 1.5326E-09 1.3714E-09 1.2299E-09 1.0977E-09 9.7167E-10 8.4398E-10 7.2933E-10 6.3052E-10 5.4152E-10 4.6123E-10 3.8944E-10 3.1942E-10 2.4143E-10 1.8170E-10 1.4518E-10 8.0360E-11 5.9100E-11 4.8379E-11 4.1119E-11
4.3049E-09 4.4781E-09 4.6540E-09 4.8262E-09 4.9892E-09 5.1484E-09 5.3009E-09 5.4414E-09 5.5705E-09 5.6857E-09 5.7807E-09 5.8538E-09 5.9034E-09 5.9245E-09 5.9186E-09 5.8837E-09 5.8193E-09 5.7245E-09 5.6038E-09 5.4616E-09 5.3034E-09 5.1326E-09 4.9491E-09 4.7519E-09 4.5448E-09 4.3357E-09 4.1317E-09 3.9325E-09 3.7376E-09 3.5438E-09 3.3469E-09 3.1486E-09 2.9496E-09 2.7524E-09 2.5548E-09 2.3595E-09 2.1673E-09 1.9793E-09 1.7640E-09 1.5516E-09 1.3897E-09 1.2396E-09 1.0996E-09 9.6473E-10 8.3054E-10 7.1487E-10 6.1379E-10 5.2144E-10 4.4055E-10 3.6470E-10 2.8111E-10 2.1662E-10 1.7673E-10 1.3347E-10 7.7983E-11 5.6465E-11 4.4227E-11
4.5575E-09 4.7520E-09 4.9464E-09 5.1332E-09 5.3180E-09 5.4984E-09 5.6688E-09 5.8304E-09 5.9819E-09 6.1168E-09 6.2331E-09 6.3269E-09 6.3937E-09 6.4334E-09 6.4431E-09 6.4220E-09 6.3697E-09 6.2858E-09 6.1698E-09 6.0264E-09 5.8618E-09 5.6819E-09 5.4878E-09 5.2776E-09 5.0541E-09 4.8254E-09 4.5993E-09 4.3789E-09 4.1650E-09 3.9515E-09 3.7343E-09 3.5154E-09 3.2956E-09 3.0759E-09 2.8572E-09 2.6414E-09 2.4298E-09 2.2212E-09 2.0114E-09 1.7760E-09 1.5652E-09 1.3962E-09 1.2387E-09 1.0907E-09 9.4600E-10 8.0882E-10 6.9276E-10 5.8982E-10 4.9716E-10 4.1211E-10 3.2337E-10 2.4990E-10 2.0040E-10 1.6991E-10 1.2837E-10 7.7677E-11 5.2906E-11
4.8116E-09 5.0256E-09 5.2336E-09 5.4415E-09 5.6477E-09 5.8463E-09 6.0386E-09 6.2233E-09 6.3955E-09 6.5538E-09 6.6916E-09 6.8064E-09 6.8955E-09 6.9533E-09 6.9806E-09 6.9770E-09 6.9400E-09 6.8677E-09 6.7598E-09 6.6199E-09 6.4555E-09 6.2689E-09 6.0637E-09 5.8398E-09 5.6004E-09 5.3534E-09 5.1063E-09 4.8636E-09 4.6283E-09 4.3937E-09 4.1566E-09 3.9162E-09 3.6743E-09 3.4323E-09 3.1911E-09 2.9519E-09 2.7161E-09 2.4846E-09 2.2597E-09 2.0222E-09 1.7795E-09 1.5694E-09 1.3924E-09 1.2268E-09 1.0705E-09 9.1681E-10 7.7975E-10 6.6368E-10 5.6092E-10 4.6987E-10 3.7257E-10 2.8766E-10 2.2994E-10 1.9242E-10 1.5860E-10 1.0050E-10 7.1716E-11
5.0660E-09 5.2919E-09 5.5191E-09 5.7487E-09 5.9723E-09 6.1920E-09 6.4079E-09 6.6141E-09 6.8105E-09 6.9915E-09 7.1529E-09 7.2913E-09 7.4015E-09 7.4806E-09 7.5299E-09 7.5445E-09 7.5240E-09 7.4663E-09 7.3708E-09 7.2404E-09 7.0775E-09 6.8868E-09 6.6733E-09 6.4390E-09 6.1846E-09 5.9191E-09 5.6515E-09 5.3867E-09 5.1299E-09 4.8724E-09 4.6112E-09 4.3484E-09 4.0850E-09 3.8196E-09 3.5545E-09 3.2914E-09 3.0311E-09 2.7756E-09 2.5262E-09 2.2736E-09 2.0143E-09 1.7681E-09 1.5589E-09 1.3752E-09 1.2021E-09 1.0370E-09 8.7933E-10 7.4586E-10 6.3055E-10 5.2906E-10 4.2968E-10 3.3188E-10 2.6321E-10 2.1767E-10 1.8347E-10 1.5307E-10 9.6766E-11
5.3110E-09 5.5537E-09 5.8026E-09 6.0484E-09 6.2912E-09 6.5340E-09 6.7717E-09 7.0018E-09 7.2214E-09 7.4276E-09 7.6142E-09 7.7757E-09 7.9090E-09 8.0137E-09 8.0844E-09 8.1199E-09 8.1188E-09 8.0792E-09 7.9993E-09 7.8784E-09 7.7214E-09 7.5332E-09 7.3157E-09 7.0717E-09 6.8049E-09 6.5238E-09 6.2343E-09 5.9468E-09 5.6664E-09 5.3872E-09 5.1030E-09 4.8154E-09 4.5257E-09 4.2358E-09 3.9463E-09 3.6573E-09 3.3715E-09 3.0901E-09 2.8148E-09 2.5456E-09 2.2708E-09 1.9954E-09 1.7441E-09 1.5361E-09 1.3429E-09 1.1650E-09 9.9215E-10 8.3784E-10 7.0975E-10 5.9816E-10 4.9469E-10 3.8608E-10 3.0349E-10 2.4880E-10 2.0707E-10 1.7326E-10 1.1432E-10
5.5490E-09 5.8125E-09 6.0774E-09 6.3399E-09 6.6048E-09 6.8676E-09 7.1271E-09 7.3820E-09 7.6264E-09 7.8585E-09 8.0702E-09 8.2562E-09 8.4171E-09 8.5456E-09 8.6391E-09 8.6985E-09 8.7213E-09 8.7010E-09 8.6373E-09 8.5309E-09 8.3846E-09 8.2014E-09 7.9845E-09 7.7367E-09 7.4587E-09 7.1603E-09 6.8522E-09 6.5441E-09 6.2390E-09 5.9343E-09 5.6273E-09 5.3149E-09 4.9997E-09 4.6848E-09 4.3677E-09 4.0522E-09 3.7406E-09 3.4318E-09 3.1292E-09 2.8349E-09 2.5379E-09 2.2416E-09 1.9619E-09 1.7150E-09 1.5007E-09 1.3021E-09 1.1144E-09 9.4139E-10 7.9644E-10 6.7163E-10 5.6137E-10 4.4835E-10 3.5155E-10 2.8578E-10 2.3711E-10 1.9492E-10 1.6180E-10
5.7819E-09 6.0626E-09 6.3420E-09 6.6247E-09 6.9085E-09 7.1902E-09 7.4730E-09 7.7505E-09 8.0218E-09 8.2794E-09 8.5168E-09 8.7322E-09 8.9185E-09 9.0717E-09 9.1924E-09 9.2782E-09 9.3225E-09 9.3248E-09 9.2829E-09 9.1921E-09 9.0609E-09 8.8862E-09 8.6741E-09 8.4247E-09 8.1401E-09 7.8304E-09 7.5029E-09 7.1723E-09 6.8447E-09 6.5170E-09 6.1842E-09 5.8464E-09 5.5071E-09 5.1635E-09 4.8191E-09 4.4770E-09 4.1353E-09 3.7977E-09 3.4663E-09 3.1428E-09 2.8212E-09 2.5031E-09 2.1963E-09 1.9089E-09 1.6704E-09 1.4507E-09 1.2489E-09 1.0592E-09 8.9369E-10 7.5448E-10 6.3536E-10 5.1835E-10 4.0476E-10 3.2864E-10 2.7297E-10 2.2304E-10 1.8136E-10
6.0065E-09 6.3006E-09 6.5976E-09 6.8989E-09 7.2007E-09 7.5027E-09 7.8051E-09 8.1076E-09 8.4027E-09 8.6860E-09 8.9539E-09 9.1962E-09 9.4088E-09 9.5912E-09 9.7395E-09 9.8494E-09 9.9205E-09 9.9481E-09 9.9277E-09 9.8591E-09 9.7433E-09 9.5809E-09 9.3770E-09 9.1320E-09 8.8455E-09 8.5252E-09 8.1830E-09 7.8323E-09 7.4812E-09 7.1289E-09 6.7719E-09 6.4100E-09 6.0427E-09 5.6718E-09 5.2991E-09 4.9261E-09 4.5547E-09 4.1870E-09 3.8269E-09 3.4731E-09 3.1257E-09 2.7808E-09 2.4487E-09 2.1333E-09 1.8549E-09 1.6132E-09 1.3922E-09 1.1882E-09 1.0028E-09 8.4854E-10 7.1662E-10 5.9500E-10 4.6855E-10 3.7417E-10 3.1130E-10 2.5715E-10 2.0958E-10
6.2180E-09 6.5261E-09 6.8418E-09 7.1601E-09 7.4791E-09 7.8005E-09 8.1242E-09 8.4483E-09 8.7670E-09 9.0776E-09 9.3728E-09 9.6434E-09 9.8860E-09 1.0098E-08 1.0273E-08 1.0412E-08 1.0510E-08 1.0564E-08 1.0569E-08 1.0523E-08 1.0426E-08 1.0280E-08 1.0088E-08 9.8485E-09 9.5665E-09 9.2421E-09 8.8863E-09 8.5172E-09 8.1453E-09 7.7698E-09 7.3877E-09 6.9988E-09 6.6044E-09 6.2071E-09 5.8059E-09 5.4032E-09 5.0014E-09 4.6024E-09 4.2103E-09 3.8255E-09 3.4523E-09 3.0772E-09 2.7207E-09 2.3729E-09 2.0567E-09 1.7912E-09 1.5494E-09 1.3294E-09 1.1259E-09 9.5248E-10 8.0550E-10 6.7754E-10 5.4464E-10 4.2565E-10 3.5317E-10 2.9336E-10 2.3937E-10
6.4150E-09 6.7397E-09 7.0717E-09 7.4050E-09 7.7426E-09 8.0836E-09 8.4271E-09 8.7711E-09 9.1139E-09 9.4503E-09 9.7718E-09 1.0071E-08 1.0344E-08 1.0585E-08 1.0790E-08 1.0960E-08 1.1086E-08 1.1167E-08 1.1200E-08 1.1179E-08 1.1103E-08 1.0977E-08 1.0798E-08 1.0572E-08 1.0294E-08 9.9694E-09 9.6083E-09 9.2246E-09 8.8316E-09 8.4318E-09 8.0266E-09 7.6135E-09 7.1932E-09 6.7680E-09 6.3375E-09 5.9065E-09 5.4739E-09 5.0433E-09 4.6178E-09 4.1997E-09 3.7924E-09 3.3896E-09 2.9993E-09 2.6324E-09 2.2785E-09 1.9830E-09 1.7193E-09 1.4808E-09 1.2598E-09 1.0651E-09 9.0316E-10 7.6174E-10 6.2800E-10 4.9145E-10 3.9889E-10 3.3187E-10 2.7538E-10
6.5983E-09 6.9388E-09 7.2845E-09 7.6341E-09 7.9887E-09 8.3488E-09 8.7110E-09 9.0765E-09 9.4418E-09 9.8010E-09 1.0147E-08 1.0476E-08 1.0777E-08 1.1048E-08 1.1287E-08 1.1487E-08 1.1643E-08 1.1754E-08 1.1814E-08 1.1821E-08 1.1770E-08 1.1665E-08 1.1504E-08 1.1290E-08 1.1023E-08 1.0704E-08 1.0338E-08 9.9438E-09 9.5344E-09 9.1145E-09 8.6871E-09 8.2489E-09 7.8034E-09 7.3506E-09 6.8922E-09 6.4309E-09 5.9670E-09 5.5043E-09 5.0458E-09 4.5945E-09 4.1540E-09 3.7194E-09 3.2996E-09 2.9034E-09 2.5248E-09 2.1893E-09 1.9039E-09 1.6447E-09 1.4073E-09 1.1917E-09 1.0114E-09 8.5599E-10 7.1714E-10 5.6681E-10 4.5257E-10 3.7407E-10 3.0818E-10
6.7668E-09 7.1211E-09 7.4794E-09 7.8439E-09 8.2164E-09 8.5936E-09 8.9746E-09 9.3606E-09 9.7485E-09 1.0128E-08 1.0500E-08 1.0853E-08 1.1182E-08 1.1485E-08 1.1755E-08 1.1986E-08 1.2177E-08 1.2318E-08 1.2409E-08 1.2443E-08 1.2421E-08 1.2337E-08 1.2196E-08 1.2000E-08 1.1744E-08 1.1431E-08 1.1068E-08 1.0672E-08 1.0249E-08 9.8096E-09 9.3607E-09 8.9011E-09 8.4313E-09 7.9515E-09 7.4646E-09 6.9723E-09 6.4780E-09 5.9893E-09 5.4981E-09 5.0135E-09 4.5393E-09 4.0754E-09 3.6207E-09 3.1947E-09 2.7871E-09 2.4179E-09 2.1061E-09 1.8219E-09 1.5669E-09 1.3312E-09 1.1298E-09 9.5854E-10 8.0627E-10 6.5377E-10 5.1389E-10 4.2598E-10 3.4870E-10
6.9195E-09 7.2841E-09 7.6557E-09 8.0353E-09 8.4225E-09 8.8163E-09 9.2165E-09 9.6228E-09 1.0029E-08 1.0432E-08 1.0825E-08 1.1201E-08 1.1559E-08 1.1890E-08 1.2192E-08 1.2457E-08 1.2679E-08 1.2854E-08 1.2976E-08 1.3042E-08 1.3045E-08 1.2987E-08 1.2870E-08 1.2690E-08 1.2449E-08 1.2149E-08 1.1794E-08 1.1394E-08 1.0963E-08 1.0512E-08 1.0044E-08 9.5622E-09 9.0683E-09 8.5686E-09 8.0565E-09 7.5367E-09 7.0125E-09 6.4866E-09 5.9630E-09 5.4518E-09 4.9439E-09 4.4464E-09 3.9622E-09 3.5064E-09 3.0733E-09 2.6711E-09 2.3291E-09 2.0217E-09 1.7426E-09 1.4874E-09 1.2597E-09 1.0687E-09 9.0280E-10 7.4705E-10 5.8588E-10 4.7597E-10 3.9410E-10
7.0532E-09 7.4276E-09 7.8113E-09 8.2052E-09 8.6060E-09 9.0155E-09 9.4352E-09 9.8589E-09 1.0286E-08 1.0708E-08 1.1121E-08 1.1521E-08 1.1903E-08 1.2261E-08 1.2592E-08 1.2891E-08 1.3147E-08 1.3356E-08 1.3512E-08 1.3606E-08 1.3639E-08 1.3610E-08 1.3515E-08 1.3356E-08 1.3136E-08 1.2848E-08 1.2500E-08 1.2106E-08 1.1672E-08 1.1209E-08 1.0729E-08 1.0232E-08 9.7185E-09 9.1916E-09 8.6538E-09 8.1129E-09 7.5618E-09 7.0112E-09 6.4567E-09 5.9063E-09 5.3653E-09 4.8444E-09 4.3256E-09 3.8371E-09 3.3832E-09 2.9466E-09 2.5733E-09 2.2410E-09 1.9399E-09 1.6618E-09 1.4132E-09 1.1965E-09 1.0087E-09 8.4302E-10 6.7059E-10 5.3571E-10 4.3820E-10
7.1676E-09 7.5509E-09 7.9465E-09 8.3517E-09 8.7649E-09 9.1912E-09 9.6274E-09 1.0069E-08 1.0513E-08 1.0955E-08 1.1386E-08 1.1807E-08 1.2211E-08 1.2595E-08 1.2957E-08 1.3284E-08 1.3575E-08 1.3821E-08 1.4006E-08 1.4134E-08 1.4199E-08 1.4195E-08 1.4126E-08 1.3992E-08 1.3789E-08 1.3518E-08 1.3187E-08 1.2797E-08 1.2365E-08 1.1900E-08 1.1409E-08 1.0895E-08 1.0366E-08 9.8234E-09 9.2686E-09 8.6994E-09 8.1217E-09 7.5434E-09 6.9591E-09 6.3823E-09 5.8097E-09 5.2529E-09 4.7108E-09 4.1918E-09 3.7150E-09 3.2497E-09 2.8430E-09 2.4846E-09 2.1576E-09 1.8563E-09 1.5827E-09 1.3476E-09 1.1338E-09 9.4764E-10 7.6069E-10 6.0447E-10 4.9092E-10
7.2607E-09 7.6532E-09 8.0592E-09 8.4739E-09 8.8991E-09 9.3402E-09 9.7910E-09 1.0249E-08 1.0712E-08 1.1169E-08 1.1620E-08 1.2059E-08 1.2482E-08 1.2891E-08 1.3278E-08 1.3637E-08 1.3961E-08 1.4234E-08 1.4457E-08 1.4619E-08 1.4713E-08 1.4739E-08 1.4698E-08 1.4586E-08 1.4406E-08 1.4157E-08 1.3839E-08 1.3463E-08 1.3037E-08 1.2569E-08 1.2073E-08 1.1555E-08 1.1014E-08 1.0452E-08 9.8789E-09 9.2915E-09 8.6945E-09 8.0895E-09 7.4790E-09 6.8740E-09 6.2726E-09 5.6922E-09 5.1162E-09 4.5680E-09 4.0627E-09 3.5712E-09 3.1330E-09 2.7493E-09 2.3988E-09 2.0754E-09 1.7786E-09 1.5199E-09 1.2839E-09 1.0661E-09 8.5946E-10 6.7537E-10 5.4925E-10
7.3343E-09 7.7342E-09 8.1481E-09 8.5711E-09 9.0090E-09 9.4607E-09 9.9252E-09 1.0399E-08 1.0876E-08 1.1353E-08 1.1819E-08 1.2273E-08 1.2718E-08 1.3146E-08 1.3557E-08 1.3944E-08 1.4295E-08 1.4603E-08 1.4858E-08 1.5052E-08 1.5179E-08 1.5235E-08 1.5219E-08 1.5134E-08 1.4979E-08 1.4752E-08 1.4455E-08 1.4092E-08 1.3674E-08 1.3215E-08 1.2722E-08 1.2196E-08 1.1647E-08 1.1077E-08 1.0489E-08 9.8867E-09 9.2714E-09 8.6438E-09 8.0111E-09 7.3796E-09 6.7536E-09 6.1416E-09 5.5451E-09 4.9720E-09 4.4387E-09 3.9252E-09 3.4506E-09 3.0416E-09 2.6657E-09 2.3184E-09 1.9969E-09 1.7107E-09 1.4554E-09 1.2217E-09 9.8934E-10 7.7539E-10 6.0645E-10
7.3868E-09 7.7930E-09 8.2127E-09 8.6438E-09 9.0916E-09 9.5525E-09 1.0030E-08 1.0516E-08 1.1007E-08 1.1498E-08 1.1980E-08 1.2452E-08 1.2912E-08 1.3359E-08 1.3792E-08 1.4201E-08 1.4578E-08 1.4916E-08 1.5203E-08 1.5430E-08 1.5589E-08 1.5675E-08 1.5688E-08 1.5631E-08 1.5502E-08 1.5298E-08 1.5021E-08 1.4678E-08 1.4278E-08 1.3826E-08 1.3335E-08 1.2815E-08 1.2268E-08 1.1693E-08 1.1097E-08 1.0483E-08 9.8531E-09 9.2089E-09 8.5585E-09 7.9056E-09 7.2605E-09 6.6290E-09 6.0061E-09 5.4059E-09 4.8483E-09 4.3081E-09 3.8101E-09 3.3683E-09 2.9645E-09 2.5855E-09 2.2361E-09 1.9237E-09 1.6439E-09 1.3915E-09 1.1425E-09 8.9958E-10 7.0138E-10
