Assets/Resources/2015_m01_d29_1800(utc+0800)_l00_csi_1hr_conc.grd
DSAA
         159         159
     -79.000      79.000
     -79.000      79.000
  0.0000E+00  0.2284E-04
[rows 50 to 74 of 159, columns 57 to 113 of 159]
8.4293E-11 9.1700E-11 9.8434E-11 1.0675E-10 1.1443E-10 1.2317E-10 1.3246E-10 1.4228E-10 1.5209E-10 1.6306E-10 1.7464E-10 1.8626E-10 1.9850E-10 2.1203E-10 2.2625E-10 2.4058E-10 2.5658E-10 2.7431E-10 2.9300E-10 3.1268E-10 3.3249E-10 3.5335E-10 3.7623E-10 3.9925E-10 4.2364E-10 4.4913E-10 4.7462E-10 5.0252E-10 5.3162E-10 5.6202E-10 5.9249E-10 6.2535E-10 6.5942E-10 6.9330E-10 7.2808E-10 7.6370E-10 8.0016E-10 8.3737E-10 8.7517E-10 9.1364E-10 9.5271E-10 9.9216E-10 1.0321E-09 1.0724E-09 1.1130E-09 1.1536E-09 1.1942E-09 1.2348E-09 1.2749E-09 1.3146E-09 1.3539E-09 1.3928E-09 1.4307E-09 1.4680E-09 1.5045E-09 1.5402E-09 1.5748E-09
8.2839E-11 9.0146E-11 9.6774E-11 1.0498E-10 1.1255E-10 1.2117E-10 1.3033E-10 1.4001E-10 1.4968E-10 1.6051E-10 1.7194E-10 1.8341E-10 1.9548E-10 2.0884E-10 2.2288E-10 2.3703E-10 2.5284E-10 2.7040E-10 2.8891E-10 3.0842E-10 3.2895E-10 3.4870E-10 3.7142E-10 3.9425E-10 4.1846E-10 4.4377E-10 4.7027E-10 4.9678E-10 5.2571E-10 5.5595E-10 5.8745E-10 6.2019E-10 6.5290E-10 6.8665E-10 7.2134E-10 7.5689E-10 7.9329E-10 8.3051E-10 8.6834E-10 9.0685E-10 9.4600E-10 9.8562E-10 1.0257E-09 1.0662E-09 1.1072E-09 1.1480E-09 1.1889E-09 1.2298E-09 1.2703E-09 1.3105E-09 1.3503E-09 1.3896E-09 1.4283E-09 1.4661E-09 1.5032E-09 1.5405E-09 1.5773E-09
8.1333E-11 8.8535E-11 9.5053E-11 1.0314E-10 1.1059E-10 1.1908E-10 1.2811E-10 1.3765E-10 1.4718E-10 1.5785E-10 1.6912E-10 1.8042E-10 1.9232E-10 2.0550E-10 2.1936E-10 2.3419E-10 2.4893E-10 2.6629E-10 2.8461E-10 3.0393E-10 3.2427E-10 3.4475E-10 3.6633E-10 3.9011E-10 4.1296E-10 4.3806E-10 4.6436E-10 4.9065E-10 5.1938E-10 5.4943E-10 5.8074E-10 6.1333E-10 6.4586E-10 6.7944E-10 7.1402E-10 7.4946E-10 7.8579E-10 8.2294E-10 8.6079E-10 8.9932E-10 9.3851E-10 9.7827E-10 1.0185E-09 1.0592E-09 1.1003E-09 1.1414E-09 1.1825E-09 1.2237E-09 1.2647E-09 1.3053E-09 1.3455E-09 1.3853E-09 1.4251E-09 1.4652E-09 1.5040E-09 1.5418E-09 1.5800E-09
7.9779E-11 8.6870E-11 9.3274E-11 1.0124E-10 1.0856E-10 1.1692E-10 1.2581E-10 1.3521E-10 1.4457E-10 1.5509E-10 1.6619E-10 1.7732E-10 1.8903E-10 2.0202E-10 2.1569E-10 2.3031E-10 2.4572E-10 2.6200E-10 2.8011E-10 2.9922E-10 3.1935E-10 3.4054E-10 3.6096E-10 3.8455E-10 4.0714E-10 4.3202E-10 4.5810E-10 4.8534E-10 5.1387E-10 5.4248E-10 5.7358E-10 6.0599E-10 6.3832E-10 6.7171E-10 7.0612E-10 7.4145E-10 7.7766E-10 8.1473E-10 8.5256E-10 8.9107E-10 9.3027E-10 9.7012E-10 1.0104E-09 1.0512E-09 1.0925E-09 1.1338E-09 1.1752E-09 1.2166E-09 1.2580E-09 1.2989E-09 1.3404E-09 1.3833E-09 1.4257E-09 1.4663E-09 1.5080E-09 1.5510E-09 1.5916E-09
7.8181E-11 8.5156E-11 9.1442E-11 9.9280E-11 1.0647E-10 1.1469E-10 1.2343E-10 1.3268E-10 1.4188E-10 1.5223E-10 1.6316E-10 1.7410E-10 1.8562E-10 1.9842E-10 2.1187E-10 2.2629E-10 2.4148E-10 2.5753E-10 2.7542E-10 2.9430E-10 3.1421E-10 3.3518E-10 3.5534E-10 3.7870E-10 4.0218E-10 4.2566E-10 4.5150E-10 4.7850E-10 5.0678E-10 5.3512E-10 5.6598E-10 5.9818E-10 6.3028E-10 6.6346E-10 6.9768E-10 7.3285E-10 7.6892E-10 8.0588E-10 8.4365E-10 8.8211E-10 9.2129E-10 9.6115E-10 1.0015E-09 1.0424E-09 1.0838E-09 1.1253E-09 1.1669E-09 1.2085E-09 1.2508E-09 1.2953E-09 1.3400E-09 1.3838E-09 1.4282E-09 1.4748E-09 1.5197E-09 1.5632E-09 1.6071E-09
7.6542E-11 8.3397E-11 8.9561E-11 9.7267E-11 1.0432E-10 1.1239E-10 1.2098E-10 1.3007E-10 1.3911E-10 1.4929E-10 1.6003E-10 1.7078E-10 1.8210E-10 1.9469E-10 2.0793E-10 2.2212E-10 2.3708E-10 2.5379E-10 2.7054E-10 2.8919E-10 3.0886E-10 3.2959E-10 3.5042E-10 3.7259E-10 3.9581E-10 4.2019E-10 4.4457E-10 4.7130E-10 4.9932E-10 5.2858E-10 5.5920E-10 5.8992E-10 6.2178E-10 6.5472E-10 6.8871E-10 7.2371E-10 7.5961E-10 7.9641E-10 8.3407E-10 8.7246E-10 9.1158E-10 9.5141E-10 9.9183E-10 1.0328E-09 1.0742E-09 1.1159E-09 1.1578E-09 1.2031E-09 1.2535E-09 1.3029E-09 1.3486E-09 1.3947E-09 1.4433E-09 1.4908E-09 1.5370E-09 1.5848E-09 1.6264E-09
7.4867E-11 8.1597E-11 8.7635E-11 9.5203E-11 1.0212E-10 1.1004E-10 1.1847E-10 1.2740E-10 1.3626E-10 1.4626E-10 1.5681E-10 1.6736E-10 1.7848E-10 1.9085E-10 2.0386E-10 2.1782E-10 2.3255E-10 2.4901E-10 2.6642E-10 2.8389E-10 3.0331E-10 3.2378E-10 3.4434E-10 3.6623E-10 3.8917E-10 4.1327E-10 4.3733E-10 4.6377E-10 4.9150E-10 5.2047E-10 5.5082E-10 5.8124E-10 6.1282E-10 6.4550E-10 6.7925E-10 7.1401E-10 7.4972E-10 7.8634E-10 8.2385E-10 8.6214E-10 9.0117E-10 9.4093E-10 9.8136E-10 1.0223E-09 1.0639E-09 1.1368E-09 1.1992E-09 1.2574E-09 1.3126E-09 1.3693E-09 1.4254E-09 1.4737E-09 1.5230E-09 1.5710E-09 1.6184E-09 1.6667E-09 1.7190E-09
7.3158E-11 7.9760E-11 8.5669E-11 9.3095E-11 9.9864E-11 1.0763E-10 1.1590E-10 1.2466E-10 1.3335E-10 1.4316E-10 1.5351E-10 1.6386E-10 1.7476E-10 1.8691E-10 1.9969E-10 2.1340E-10 2.2788E-10 2.4408E-10 2.6123E-10 2.7843E-10 2.9757E-10 3.1777E-10 3.3804E-10 3.5964E-10 3.8228E-10 4.0607E-10 4.2981E-10 4.5593E-10 4.8335E-10 5.1199E-10 5.4205E-10 5.7216E-10 6.0343E-10 6.3582E-10 6.6929E-10 7.0380E-10 7.3929E-10 7.7570E-10 8.1301E-10 8.5117E-10 8.9007E-10 9.2973E-10 9.7117E-10 1.0220E-09 1.1027E-09 1.1619E-09 1.2184E-09 1.2768E-09 1.3394E-09 1.4036E-09 1.4655E-09 1.5240E-09 1.5714E-09 1.6245E-09 1.6779E-09 1.7330E-09 1.7863E-09
7.1421E-11 7.7890E-11 8.3668E-11 9.0388E-11 9.7569E-11 1.0518E-10 1.1328E-10 1.2186E-10 1.3037E-10 1.3998E-10 1.5014E-10 1.6027E-10 1.7095E-10 1.8287E-10 1.9541E-10 2.0887E-10 2.2309E-10 2.3902E-10 2.5590E-10 2.7374E-10 2.9166E-10 3.1157E-10 3.3270E-10 3.5283E-10 3.7515E-10 3.9862E-10 4.2320E-10 4.4901E-10 4.7487E-10 5.0318E-10 5.3293E-10 5.6269E-10 5.9363E-10 6.2571E-10 6.5888E-10 6.9310E-10 7.2833E-10 7.6451E-10 8.0160E-10 8.3957E-10 8.8004E-10 9.3026E-10 9.8178E-10 1.0315E-09 1.1395E-09 1.2091E-09 1.2890E-09 1.3697E-09 1.4476E-09 1.5217E-09 1.5796E-09 1.6446E-09 1.6964E-09 1.7532E-09 1.8102E-09 1.8750E-09 1.9421E-09
6.9659E-11 7.4862E-11 8.1636E-11 8.8209E-11 9.5235E-11 1.0268E-10 1.1062E-10 1.1901E-10 1.2733E-10 1.3675E-10 1.4669E-10 1.5662E-10 1.6707E-10 1.7875E-10 1.9104E-10 2.0424E-10 2.1819E-10 2.3384E-10 2.5043E-10 2.6798E-10 2.8654E-10 3.0520E-10 3.2602E-10 3.4581E-10 3.6780E-10 3.9093E-10 4.1516E-10 4.4062E-10 4.6610E-10 4.9406E-10 5.2346E-10 5.5287E-10 5.8345E-10 6.1519E-10 6.4803E-10 6.8194E-10 7.1688E-10 7.5278E-10 7.9046E-10 8.3620E-10 8.8736E-10 9.3323E-10 9.8423E-10 1.0727E-09 1.1823E-09 1.2696E-09 1.3523E-09 1.4349E-09 1.5184E-09 1.6008E-09 1.6885E-09 1.7656E-09 1.8330E-09 1.8992E-09 1.9626E-09 2.0207E-09 2.0892E-09
6.7875E-11 7.2950E-11 7.9577E-11 8.6000E-11 9.2869E-11 1.0015E-10 1.0791E-10 1.1612E-10 1.2425E-10 1.3346E-10 1.4319E-10 1.5290E-10 1.6312E-10 1.7455E-10 1.8659E-10 1.9952E-10 2.1319E-10 2.2856E-10 2.4484E-10 2.6209E-10 2.8034E-10 2.9868E-10 3.1917E-10 3.3861E-10 3.6025E-10 3.8302E-10 4.0688E-10 4.3198E-10 4.5706E-10 4.8464E-10 5.1367E-10 5.4270E-10 5.7291E-10 6.0427E-10 6.3677E-10 6.7034E-10 7.0495E-10 7.4423E-10 7.9209E-10 8.3964E-10 8.8520E-10 9.4655E-10 1.0150E-09 1.1455E-09 1.2366E-09 1.3264E-09 1.4196E-09 1.5414E-09 1.6403E-09 1.7443E-09 1.8412E-09 1.9131E-09 1.9972E-09 2.0602E-09 2.1417E-09 2.2203E-09 2.2964E-09
6.6074E-11 7.1020E-11 7.7495E-11 8.3767E-11 9.0475E-11 9.7586E-11 1.0516E-10 1.1319E-10 1.2113E-10 1.3013E-10 1.3905E-10 1.4912E-10 1.5911E-10 1.7029E-10 1.8206E-10 1.9472E-10 2.0810E-10 2.2317E-10 2.3915E-10 2.5608E-10 2.7401E-10 2.9201E-10 3.1216E-10 3.3124E-10 3.5251E-10 3.7491E-10 3.9839E-10 4.2309E-10 4.4775E-10 4.7620E-10 5.0358E-10 5.3221E-10 5.6203E-10 5.9300E-10 6.2511E-10 6.5898E-10 6.9909E-10 7.4581E-10 7.9183E-10 8.4352E-10 9.1091E-10 9.7267E-10 1.0725E-09 1.1981E-09 1.3311E-09 1.4375E-09 1.5505E-09 1.6688E-09 1.7874E-09 1.9175E-09 2.0475E-09 2.1277E-09 2.2184E-09 2.2847E-09 2.3681E-09 2.4486E-09 2.5282E-09
6.4260E-11 6.9075E-11 7.5396E-11 8.1513E-11 8.8058E-11 9.4996E-11 1.0239E-10 1.0966E-10 1.1797E-10 1.2676E-10 1.3547E-10 1.4530E-10 1.5505E-10 1.6597E-10 1.7747E-10 1.8985E-10 2.0294E-10 2.1770E-10 2.3336E-10 2.4997E-10 2.6756E-10 2.8521E-10 3.0502E-10 3.2371E-10 3.4460E-10 3.6661E-10 3.8969E-10 4.1398E-10 4.3944E-10 4.6627E-10 4.9322E-10 5.2143E-10 5.5083E-10 5.8139E-10 6.1421E-10 6.5415E-10 6.9898E-10 7.4644E-10 8.0268E-10 8.6711E-10 9.2956E-10 9.9746E-10 1.1953E-09 1.3090E-09 1.4307E-09 1.5625E-09 1.7273E-09 1.8659E-09 2.0345E-09 2.1683E-09 2.2946E-09 2.3957E-09 2.4966E-09 2.5907E-09 2.6658E-09 2.7386E-09 2.8103E-09
6.2435E-11 6.7119E-11 7.3284E-11 7.9244E-11 8.5623E-11 9.2387E-11 9.9600E-11 1.0667E-10 1.1478E-10 1.2336E-10 1.3184E-10 1.4144E-10 1.5094E-10 1.6161E-10 1.7221E-10 1.8406E-10 1.9772E-10 2.1216E-10 2.2750E-10 2.4377E-10 2.6101E-10 2.7830E-10 2.9774E-10 3.1720E-10 3.3773E-10 3.5815E-10 3.8081E-10 4.0468E-10 4.2970E-10 4.5612E-10 4.8263E-10 5.1038E-10 5.3935E-10 5.7074E-10 6.0937E-10 6.5269E-10 7.0161E-10 7.5812E-10 8.2094E-10 8.8524E-10 9.5553E-10 1.1162E-09 1.2788E-09 1.4590E-09 1.6127E-09 1.8161E-09 1.9852E-09 2.1524E-09 2.3094E-09 2.4606E-09 2.6014E-09 2.7330E-09 2.8305E-09 2.9364E-09 3.0241E-09 3.1172E-09 3.2007E-09
6.0604E-11 6.5156E-11 7.1162E-11 7.6414E-11 8.3176E-11 8.9204E-11 9.6789E-11 1.0367E-10 1.1157E-10 1.1993E-10 1.2819E-10 1.3755E-10 1.4681E-10 1.5720E-10 1.6754E-10 1.7909E-10 1.9244E-10 2.0656E-10 2.2156E-10 2.3748E-10 2.5437E-10 2.7129E-10 2.9036E-10 3.0943E-10 3.2955E-10 3.4954E-10 3.7177E-10 3.9520E-10 4.1976E-10 4.4575E-10 4.7181E-10 4.9909E-10 5.2870E-10 5.6504E-10 6.0702E-10 6.5632E-10 7.1166E-10 7.7303E-10 8.3880E-10 9.1084E-10 1.0365E-09 1.2817E-09 1.5013E-09 1.6892E-09 1.8836E-09 2.0851E-09 2.3141E-09 2.5055E-09 2.6899E-09 2.8654E-09 3.0259E-09 3.1728E-09 3.2786E-09 3.3823E-09 3.4797E-09 3.5789E-09 3.6625E-09
5.8770E-11 6.3189E-11 6.9036E-11 7.4137E-11 8.0721E-11 8.6578E-11 9.3967E-11 1.0066E-10 1.0835E-10 1.1590E-10 1.2452E-10 1.3363E-10 1.4264E-10 1.5277E-10 1.6283E-10 1.7409E-10 1.8624E-10 2.0091E-10 2.1557E-10 2.3114E-10 2.4766E-10 2.6420E-10 2.8288E-10 3.0154E-10 3.2125E-10 3.4081E-10 3.6260E-10 3.8556E-10 4.0965E-10 4.3520E-10 4.6079E-10 4.8828E-10 5.2163E-10 5.6199E-10 6.0975E-10 6.6420E-10 7.2438E-10 7.9558E-10 9.1208E-10 1.0059E-09 1.2032E-09 1.4863E-09 1.7141E-09 1.9488E-09 2.2380E-09 2.4890E-09 2.7355E-09 2.9682E-09 3.1842E-09 3.3819E-09 3.5604E-09 3.7162E-09 3.8353E-09 3.9508E-09 4.0580E-09 4.1334E-09 4.2207E-09
5.6369E-11 6.1223E-11 6.6329E-11 7.1858E-11 7.8263E-11 8.3949E-11 9.0574E-11 9.7639E-11 1.0512E-10 1.1245E-10 1.2084E-10 1.2971E-10 1.3846E-10 1.4832E-10 1.5810E-10 1.6907E-10 1.8090E-10 1.9522E-10 2.0953E-10 2.2474E-10 2.4089E-10 2.5704E-10 2.7532E-10 2.9357E-10 3.1285E-10 3.3196E-10 3.5329E-10 3.7579E-10 3.9940E-10 4.2448E-10 4.4974E-10 4.8003E-10 5.1722E-10 5.6485E-10 6.2433E-10 6.8701E-10 7.9780E-10 8.8475E-10 9.8303E-10 1.1445E-09 1.4561E-09 1.7749E-09 2.0735E-09 2.3884E-09 2.7083E-09 3.0195E-09 3.3110E-09 3.5812E-09 3.8251E-09 4.0482E-09 4.2401E-09 4.4034E-09 4.5390E-09 4.6447E-09 4.7507E-09 4.8326E-09 4.9063E-09
5.4017E-11 5.9261E-11 6.3670E-11 6.9582E-11 7.5251E-11 8.1321E-11 8.7754E-11 9.4618E-11 1.0188E-10 1.0900E-10 1.1716E-10 1.2577E-10 1.3428E-10 1.4324E-10 1.5336E-10 1.6403E-10 1.7554E-10 1.8862E-10 2.0346E-10 2.1830E-10 2.3407E-10 2.4983E-10 2.6770E-10 2.8553E-10 3.0437E-10 3.2303E-10 3.4389E-10 3.6591E-10 3.8903E-10 4.1361E-10 4.4032E-10 4.7540E-10 5.2657E-10 6.1273E-10 6.8575E-10 7.7222E-10 8.6412E-10 1.0185E-09 1.1483E-09 1.4638E-09 1.7973E-09 2.1478E-09 2.5445E-09 2.9557E-09 3.3544E-09 3.7259E-09 4.0673E-09 4.3789E-09 4.6560E-09 4.8949E-09 5.0916E-09 5.2536E-09 5.3900E-09 5.4859E-09 5.5860E-09 5.6539E-09 5.7190E-09
5.2219E-11 5.7306E-11 6.1575E-11 6.7313E-11 7.2811E-11 7.8699E-11 8.4940E-11 9.1601E-11 9.8652E-11 1.0555E-10 1.1347E-10 1.2184E-10 1.3009E-10 1.3878E-10 1.4862E-10 1.5898E-10 1.7017E-10 1.8290E-10 1.9738E-10 2.1184E-10 2.2722E-10 2.4258E-10 2.6004E-10 2.7744E-10 2.9583E-10 3.1403E-10 3.3441E-10 3.5593E-10 3.7857E-10 4.0345E-10 4.3863E-10 5.0541E-10 5.8501E-10 6.6596E-10 7.6328E-10 9.1283E-10 1.0959E-09 1.2726E-09 1.4630E-09 1.8636E-09 2.2490E-09 2.7058E-09 3.2192E-09 3.7336E-09 4.2185E-09 4.6603E-09 5.0590E-09 5.4053E-09 5.6957E-09 5.9384E-09 6.1359E-09 6.2831E-09 6.4029E-09 6.5022E-09 6.5725E-09 6.6223E-09 6.6597E-09
5.0431E-11 5.5363E-11 5.9491E-11 6.5055E-11 7.0381E-11 7.6088E-11 8.2137E-11 8.8594E-11 9.4860E-11 1.0212E-10 1.0980E-10 1.1732E-10 1.2591E-10 1.3434E-10 1.4388E-10 1.5394E-10 1.6480E-10 1.7632E-10 1.9038E-10 2.0537E-10 2.2035E-10 2.3531E-10 2.5234E-10 2.6931E-10 2.8725E-10 3.0497E-10 3.2486E-10 3.4587E-10 3.6807E-10 4.0643E-10 4.7992E-10 5.6507E-10 6.8295E-10 8.3249E-10 9.8781E-10 1.1745E-09 1.3828E-09 1.6076E-09 1.9836E-09 2.4244E-09 2.9340E-09 3.5231E-09 4.1672E-09 4.8027E-09 5.3759E-09 5.8708E-09 6.3003E-09 6.6653E-09 6.9708E-09 7.2074E-09 7.3869E-09 7.5215E-09 7.6128E-09 7.6829E-09 7.7219E-09 7.7396E-09 7.7378E-09
4.8658E-11 5.2859E-11 5.7422E-11 6.2812E-11 6.7422E-11 7.3492E-11 7.8791E-11 8.5603E-11 9.1665E-11 9.8695E-11 1.0614E-10 1.1342E-10 1.2174E-10 1.2991E-10 1.3916E-10 1.4828E-10 1.5945E-10 1.7063E-10 1.8430E-10 1.9889E-10 2.1348E-10 2.2803E-10 2.4463E-10 2.6115E-10 2.7863E-10 2.9588E-10 3.1527E-10 3.3607E-10 3.7664E-10 4.5003E-10 5.4408E-10 6.8365E-10 8.5784E-10 1.0506E-09 1.2832E-09 1.6060E-09 1.9229E-09 2.2705E-09 2.7567E-09 3.3037E-09 3.9531E-09 4.6914E-09 5.4563E-09 6.1866E-09 6.8445E-09 7.3875E-09 7.8499E-09 8.2209E-09 8.5134E-09 8.7336E-09 8.8799E-09 8.9772E-09 9.0244E-09 9.0497E-09 9.0343E-09 9.0009E-09 8.9298E-09
4.6902E-11 5.0420E-11 5.5372E-11 6.0012E-11 6.5039E-11 7.0915E-11 7.6035E-11 8.2060E-11 8.8491E-11 9.5295E-11 1.0190E-10 1.0954E-10 1.1760E-10 1.2550E-10 1.3446E-10 1.4328E-10 1.5325E-10 1.6495E-10 1.7736E-10 1.9152E-10 2.0662E-10 2.2075E-10 2.3692E-10 2.5299E-10 2.7000E-10 2.8677E-10 3.0619E-10 3.4508E-10 4.1292E-10 5.0702E-10 6.7438E-10 8.8269E-10 1.1264E-09 1.4673E-09 2.0360E-09 2.5231E-09 3.0004E-09 3.4827E-09 4.0822E-09 4.7514E-09 5.4979E-09 6.3426E-09 7.2059E-09 8.0099E-09 8.7025E-09 9.2735E-09 9.7298E-09 1.0090E-08 1.0348E-08 1.0521E-08 1.0619E-08 1.0658E-08 1.0639E-08 1.0597E-08 1.0495E-08 1.0395E-08 1.0254E-08
4.5165E-11 4.8557E-11 5.3343E-11 5.7283E-11 6.2680E-11 6.7808E-11 7.3304E-11 7.9127E-11 8.5344E-11 9.1922E-11 9.8306E-11 1.0569E-10 1.1349E-10 1.2112E-10 1.2979E-10 1.3832E-10 1.4796E-10 1.5931E-10 1.7135E-10 1.8419E-10 1.9884E-10 2.1349E-10 2.2922E-10 2.4369E-10 2.6138E-10 2.7785E-10 3.1070E-10 3.7587E-10 4.6430E-10 6.5068E-10 8.8310E-10 1.2105E-09 1.6133E-09 2.4187E-09 3.1053E-09 3.8143E-09 4.5146E-09 5.2130E-09 5.9177E-09 6.7132E-09 7.5900E-09 8.5338E-09 9.4696E-09 1.0312E-08 1.1009E-08 1.1560E-08 1.1979E-08 1.2278E-08 1.2474E-08 1.2573E-08 1.2591E-08 1.2538E-08 1.2440E-08 1.2293E-08 1.2100E-08 1.1904E-08 1.1677E-08
4.3451E-11 4.6717E-11 5.1338E-11 5.5134E-11 6.0347E-11 6.5296E-11 7.0603E-11 7.6224E-11 8.2228E-11 8.8581E-11 9.4742E-11 1.0188E-10 1.0941E-10 1.1678E-10 1.2454E-10 1.3340E-10 1.4272E-10 1.5283E-10 1.6537E-10 1.7782E-10 1.9204E-10 2.0626E-10 2.2154E-10 2.3557E-10 2.5278E-10 2.7617E-10 3.4560E-10 4.5947E-10 6.8008E-10 9.9953E-10 1.4751E-09 2.1044E-09 3.2385E-09 4.6942E-09 5.9342E-09 6.8567E-09 7.5941E-09 8.2627E-09 8.8950E-09 9.6560E-09 1.0526E-08 1.1444E-08 1.2346E-08 1.3154E-08 1.3793E-08 1.4262E-08 1.4583E-08 1.4787E-08 1.4872E-08 1.4864E-08 1.4778E-08 1.4606E-08 1.4397E-08 1.4128E-08 1.3810E-08 1.3488E-08 1.3175E-08
4.0672E-11 4.4903E-11 4.8791E-11 5.3014E-11 5.8045E-11 6.2270E-11 6.7934E-11 7.3356E-11 7.9148E-11 8.4711E-11 9.1218E-11 9.8103E-11 1.0478E-10 1.1248E-10 1.1997E-10 1.2852E-10 1.3753E-10 1.4729E-10 1.5944E-10 1.7150E-10 1.8438E-10 1.9908E-10 2.1391E-10 2.2749E-10 2.4478E-10 2.9461E-10 4.0123E-10 5.9493E-10 9.2628E-10 1.4524E-09 2.2368E-09 3.2854E-09 6.0924E-09 8.1472E-09 1.0284E-08 1.1273E-08 1.1933E-08 1.2448E-08 1.2916E-08 1.3509E-08 1.4272E-08 1.5103E-08 1.5883E-08 1.6545E-08 1.7044E-08 1.7361E-08 1.7522E-08 1.7559E-08 1.7504E-08 1.7349E-08 1.7123E-08 1.6813E-08 1.6461E-08 1.6033E-08 1.5590E-08 1.5129E-08 1.4710E-08
