Assets/Resources/2015_m01_d06_1800(utc+0800)_l00_csi_1hr_conc.grd
DSAA
         159         159
     -79.000      79.000
     -79.000      79.000
  0.0000E+00  0.4092E-05
[rows 50 to 74 of 159, columns 57 to 113 of 159]
1.3296E-09 1.7201E-09 2.1474E-09 2.6972E-09 3.3140E-09 4.0129E-09 4.8321E-09 5.7082E-09 6.6724E-09 7.7206E-09 8.8161E-09 1.0084E-08 1.1341E-08 1.2968E-08 1.4237E-08 1.5346E-08 1.6242E-08 1.6891E-08 1.7336E-08 1.7590E-08 1.7103E-08 1.7077E-08 1.6907E-08 1.6599E-08 1.6174E-08 1.5656E-08 1.4604E-08 1.3997E-08 1.3337E-08 1.2642E-08 1.1927E-08 1.1204E-08 1.0468E-08 9.7310E-09 9.0224E-09 8.3338E-09 7.6592E-09 7.0100E-09 6.3923E-09 5.8085E-09 5.2507E-09 4.7285E-09 4.2427E-09 3.7890E-09 3.3736E-09 2.9893E-09 2.6341E-09 2.3170E-09 2.0312E-09 1.7683E-09 1.5337E-09 1.3292E-09 1.1437E-09 9.7811E-10 8.3757E-10 7.1083E-10 6.0035E-10
1.3086E-09 1.6469E-09 2.1241E-09 2.6652E-09 3.3198E-09 4.1264E-09 5.0123E-09 6.0027E-09 7.0739E-09 8.2248E-09 9.4395E-09 1.1070E-08 1.2655E-08 1.4218E-08 1.5644E-08 1.6858E-08 1.7825E-08 1.8490E-08 1.8914E-08 1.9105E-08 1.9108E-08 1.8932E-08 1.8593E-08 1.7575E-08 1.7036E-08 1.6394E-08 1.5683E-08 1.4915E-08 1.3693E-08 1.2915E-08 1.2122E-08 1.1324E-08 1.0537E-08 9.7584E-09 9.0072E-09 8.2884E-09 7.5946E-09 6.9253E-09 6.2915E-09 5.6977E-09 5.1357E-09 4.6084E-09 4.1215E-09 3.6692E-09 3.2569E-09 2.8789E-09 2.5310E-09 2.2179E-09 1.9381E-09 1.6823E-09 1.4514E-09 1.2527E-09 1.0777E-09 9.1508E-10 7.7906E-10 6.6280E-10 5.5479E-10
1.2705E-09 1.6243E-09 2.1183E-09 2.6745E-09 3.3993E-09 4.2456E-09 5.2054E-09 6.3202E-09 7.5306E-09 8.8265E-09 1.0186E-08 1.2101E-08 1.3944E-08 1.6370E-08 1.8127E-08 1.9534E-08 2.0523E-08 2.1162E-08 2.0724E-08 2.0834E-08 2.0715E-08 2.0396E-08 1.9906E-08 1.9265E-08 1.8503E-08 1.7144E-08 1.6294E-08 1.5402E-08 1.4493E-08 1.3144E-08 1.2268E-08 1.1407E-08 1.0572E-08 9.7594E-09 8.9735E-09 8.2181E-09 7.5075E-09 6.8231E-09 6.1735E-09 5.5702E-09 5.0074E-09 4.4768E-09 3.9915E-09 3.5425E-09 3.1333E-09 2.7611E-09 2.4226E-09 2.1123E-09 1.8408E-09 1.5928E-09 1.3685E-09 1.1798E-09 1.0082E-09 8.5158E-10 7.2352E-10 6.1379E-10 5.1291E-10
1.2491E-09 1.6144E-09 2.0836E-09 2.7185E-09 3.4483E-09 4.3520E-09 5.4370E-09 6.6589E-09 8.0265E-09 9.5018E-09 1.1043E-08 1.3680E-08 1.6096E-08 1.8399E-08 2.0381E-08 2.1931E-08 2.2969E-08 2.3583E-08 2.3810E-08 2.3717E-08 2.3360E-08 2.2052E-08 2.1367E-08 2.0535E-08 1.9584E-08 1.8545E-08 1.6935E-08 1.5892E-08 1.4834E-08 1.3792E-08 1.2364E-08 1.1443E-08 1.0551E-08 9.7125E-09 8.8997E-09 8.1186E-09 7.3852E-09 6.6955E-09 6.0343E-09 5.4266E-09 4.8608E-09 4.3349E-09 3.8498E-09 3.4059E-09 3.0008E-09 2.6366E-09 2.3038E-09 2.0044E-09 1.7388E-09 1.5012E-09 1.2845E-09 1.0979E-09 9.3793E-10 7.9124E-10 6.7048E-10 5.6822E-10 4.7545E-10
1.2084E-09 1.6125E-09 2.0612E-09 2.7706E-09 3.5581E-09 4.5353E-09 5.6801E-09 7.0309E-09 8.5649E-09 1.0240E-08 1.2000E-08 1.5282E-08 1.8167E-08 2.0813E-08 2.3009E-08 2.4650E-08 2.5716E-08 2.6263E-08 2.6376E-08 2.6104E-08 2.5548E-08 2.4726E-08 2.3694E-08 2.1851E-08 2.0686E-08 1.9452E-08 1.8156E-08 1.6324E-08 1.5133E-08 1.3988E-08 1.2880E-08 1.1425E-08 1.0484E-08 9.6175E-09 8.7853E-09 7.9838E-09 7.2331E-09 6.5335E-09 5.8746E-09 5.2586E-09 4.6976E-09 4.1753E-09 3.6962E-09 3.2594E-09 2.8574E-09 2.5015E-09 2.1789E-09 1.8848E-09 1.6324E-09 1.4028E-09 1.1946E-09 1.0230E-09 8.7020E-10 7.3154E-10 6.1900E-10 5.2480E-10 4.3411E-10
1.2001E-09 1.6089E-09 2.0806E-09 2.7979E-09 3.6490E-09 4.7144E-09 5.9784E-09 7.4785E-09 9.2017E-09 1.1114E-08 1.3737E-08 1.7372E-08 2.0882E-08 2.3941E-08 2.6315E-08 2.7995E-08 2.9007E-08 2.9432E-08 2.9360E-08 2.8874E-08 2.8045E-08 2.6936E-08 2.5589E-08 2.4093E-08 2.1826E-08 2.0321E-08 1.8802E-08 1.7323E-08 1.5381E-08 1.4105E-08 1.2911E-08 1.1345E-08 1.0373E-08 9.4744E-09 8.6253E-09 7.8126E-09 7.0472E-09 6.3450E-09 5.6886E-09 5.0712E-09 4.5148E-09 4.0019E-09 3.5244E-09 3.1013E-09 2.7126E-09 2.3589E-09 2.0511E-09 1.7682E-09 1.5214E-09 1.3053E-09 1.1105E-09 9.4304E-10 8.0208E-10 6.7427E-10 5.6625E-10 4.7799E-10 3.9649E-10
1.1580E-09 1.5824E-09 2.1086E-09 2.8278E-09 3.7836E-09 4.9115E-09 6.3031E-09 7.9692E-09 9.9002E-09 1.2058E-08 1.5571E-08 1.9912E-08 2.4262E-08 2.7861E-08 3.0383E-08 3.1942E-08 3.2716E-08 3.2920E-08 3.2564E-08 3.1818E-08 3.0662E-08 2.9252E-08 2.7580E-08 2.5725E-08 2.3775E-08 2.1149E-08 1.9398E-08 1.7706E-08 1.6107E-08 1.4142E-08 1.2872E-08 1.1697E-08 1.0207E-08 9.2773E-09 8.4147E-09 7.5995E-09 6.8267E-09 6.1247E-09 5.4736E-09 4.8627E-09 4.3112E-09 3.8101E-09 3.3470E-09 2.9300E-09 2.5525E-09 2.2206E-09 1.9184E-09 1.6453E-09 1.4138E-09 1.2092E-09 1.0234E-09 8.7100E-10 7.3837E-10 6.1707E-10 5.1762E-10 4.3450E-10 3.5817E-10
1.1297E-09 1.5997E-09 2.1341E-09 2.8323E-09 3.8830E-09 5.1078E-09 6.6317E-09 8.4835E-09 1.0648E-08 1.3082E-08 1.7442E-08 2.3048E-08 2.8512E-08 3.2731E-08 3.5379E-08 3.6765E-08 3.7178E-08 3.6928E-08 3.6163E-08 3.5019E-08 3.3472E-08 3.1667E-08 2.9591E-08 2.7342E-08 2.5032E-08 2.2730E-08 1.9880E-08 1.7975E-08 1.6229E-08 1.4095E-08 1.2750E-08 1.1529E-08 1.0427E-08 9.0268E-09 8.1550E-09 7.3415E-09 6.5708E-09 5.8697E-09 5.2294E-09 4.6309E-09 4.0937E-09 3.6007E-09 3.1545E-09 2.7560E-09 2.3923E-09 2.0707E-09 1.7861E-09 1.5306E-09 1.3076E-09 1.1155E-09 9.4192E-10 7.9854E-10 6.7617E-10 5.6282E-10 4.6958E-10 3.9398E-10 3.1712E-10
1.0802E-09 1.5706E-09 2.1299E-09 2.9159E-09 3.9840E-09 5.2998E-09 6.9564E-09 8.9988E-09 1.1417E-08 1.4152E-08 1.9667E-08 2.6948E-08 3.3838E-08 3.8673E-08 4.1405E-08 4.2481E-08 4.2420E-08 4.1531E-08 4.0255E-08 3.8553E-08 3.6524E-08 3.4189E-08 3.1656E-08 2.8943E-08 2.6199E-08 2.3502E-08 2.0985E-08 1.8132E-08 1.6232E-08 1.4538E-08 1.2536E-08 1.1289E-08 1.0167E-08 8.7175E-09 7.8415E-09 7.0363E-09 6.2782E-09 5.5882E-09 4.9607E-09 4.3773E-09 3.8536E-09 3.3845E-09 2.9506E-09 2.5691E-09 2.2263E-09 1.9230E-09 1.6539E-09 1.4116E-09 1.2047E-09 1.0248E-09 8.6311E-10 7.2895E-10 6.1679E-10 5.1050E-10 4.2526E-10 3.5141E-10 2.7854E-10
1.0574E-09 1.5556E-09 2.1447E-09 2.9877E-09 4.0242E-09 5.4930E-09 7.2724E-09 9.4995E-09 1.2179E-08 1.5263E-08 2.2258E-08 3.1953E-08 4.0559E-08 4.5858E-08 4.8396E-08 4.9013E-08 4.8396E-08 4.6946E-08 4.5059E-08 4.2657E-08 3.9941E-08 3.6911E-08 3.3798E-08 3.0491E-08 2.7241E-08 2.4124E-08 2.1307E-08 1.8139E-08 1.6105E-08 1.4322E-08 1.2221E-08 1.0964E-08 9.8320E-09 8.3532E-09 7.4805E-09 6.6885E-09 5.9482E-09 5.2732E-09 4.6691E-09 4.1114E-09 3.6029E-09 3.1548E-09 2.7473E-09 2.3847E-09 2.0592E-09 1.7729E-09 1.5242E-09 1.2962E-09 1.1049E-09 9.3820E-10 7.8565E-10 6.6348E-10 5.5815E-10 4.5925E-10 3.8106E-10 3.0977E-10 2.4132E-10
9.9629E-10 1.5088E-09 2.1549E-09 3.0021E-09 4.1746E-09 5.6786E-09 7.5722E-09 9.9651E-09 1.2919E-08 1.6319E-08 2.5301E-08 3.8333E-08 4.9153E-08 5.4861E-08 5.6677E-08 5.6457E-08 5.5157E-08 5.3082E-08 5.0452E-08 4.7437E-08 4.3971E-08 4.0100E-08 3.6085E-08 3.2071E-08 2.8191E-08 2.4607E-08 2.1464E-08 1.8740E-08 1.5840E-08 1.3985E-08 1.2386E-08 1.0555E-08 9.4246E-09 8.3881E-09 7.0738E-09 6.3055E-09 5.5912E-09 4.9355E-09 4.3571E-09 3.8262E-09 3.3466E-09 2.9215E-09 2.5367E-09 2.1958E-09 1.8930E-09 1.6273E-09 1.3957E-09 1.1828E-09 1.0066E-09 8.5323E-10 7.1146E-10 5.9842E-10 5.0250E-10 4.1006E-10 3.3502E-10 2.6952E-10 2.0940E-10
9.4286E-10 1.4975E-09 2.1500E-09 2.9911E-09 4.2273E-09 5.8290E-09 7.8304E-09 1.0382E-08 1.3552E-08 1.7307E-08 2.8649E-08 4.6396E-08 6.0012E-08 6.5882E-08 6.6603E-08 6.5240E-08 6.2891E-08 5.9995E-08 5.6612E-08 5.2947E-08 4.8546E-08 4.3778E-08 3.8715E-08 3.3787E-08 2.9117E-08 2.4974E-08 2.1448E-08 1.8493E-08 1.5414E-08 1.3531E-08 1.1928E-08 1.0068E-08 8.9538E-09 7.9394E-09 6.6280E-09 5.8917E-09 5.2114E-09 4.5881E-09 4.0376E-09 3.5351E-09 3.0829E-09 2.6864E-09 2.3259E-09 2.0099E-09 1.7267E-09 1.4825E-09 1.2681E-09 1.0724E-09 9.1138E-10 7.6994E-10 6.3957E-10 5.3780E-10 4.4891E-10 3.5800E-10 2.9099E-10 2.3398E-10 1.7870E-10
8.8127E-10 1.4325E-09 2.0952E-09 3.0047E-09 4.2288E-09 5.9079E-09 7.9973E-09 1.0699E-08 1.4056E-08 1.8072E-08 3.1979E-08 5.5968E-08 7.3393E-08 7.9372E-08 7.8587E-08 7.5662E-08 7.2123E-08 6.8380E-08 6.4168E-08 5.9427E-08 5.3991E-08 4.7976E-08 4.1641E-08 3.5620E-08 3.0033E-08 2.5243E-08 2.1293E-08 1.8096E-08 1.4852E-08 1.2928E-08 1.1379E-08 9.5115E-09 8.4303E-09 7.4498E-09 6.1573E-09 5.4594E-09 4.8147E-09 4.2267E-09 3.7128E-09 3.2411E-09 2.8222E-09 2.4538E-09 2.1181E-09 1.8278E-09 1.5659E-09 1.3429E-09 1.1450E-09 9.6646E-10 8.1915E-10 6.9018E-10 5.7129E-10 4.7940E-10 3.9223E-10 3.1106E-10 2.5386E-10 1.9800E-10 1.5354E-10
8.1038E-10 1.3699E-09 2.0468E-09 2.9300E-09 4.1708E-09 5.8996E-09 8.0410E-09 1.0823E-08 1.4312E-08 1.8561E-08 3.4644E-08 6.6156E-08 8.8712E-08 9.4900E-08 9.2668E-08 8.8080E-08 8.3702E-08 7.9185E-08 7.3963E-08 6.7681E-08 6.0685E-08 5.2845E-08 4.4890E-08 3.7356E-08 3.0792E-08 2.5324E-08 2.0927E-08 1.7427E-08 1.4093E-08 1.2235E-08 1.0745E-08 8.8956E-09 7.8592E-09 6.9243E-09 5.6673E-09 5.0128E-09 4.4096E-09 3.8641E-09 3.3871E-09 2.9483E-09 2.5633E-09 2.2234E-09 1.9153E-09 1.6502E-09 1.4128E-09 1.2087E-09 1.0287E-09 8.6607E-10 7.3415E-10 6.1498E-10 5.0844E-10 4.1997E-10 3.3686E-10 2.6882E-10 2.1660E-10 1.6939E-10 1.3138E-10
7.3319E-10 1.2753E-09 1.9439E-09 2.8109E-09 4.0425E-09 5.7849E-09 7.9363E-09 1.0743E-08 1.4303E-08 1.8781E-08 3.5678E-08 7.4096E-08 1.0342E-07 1.1096E-07 1.0816E-07 1.0283E-07 9.8101E-08 9.3095E-08 8.6873E-08 7.8774E-08 6.9260E-08 5.8743E-08 4.8427E-08 3.8972E-08 3.1152E-08 2.4747E-08 1.9907E-08 1.6431E-08 1.3223E-08 1.1489E-08 1.0047E-08 8.2365E-09 7.2544E-09 6.3734E-09 5.1666E-09 4.5598E-09 4.0015E-09 3.5026E-09 3.0642E-09 2.6603E-09 2.3116E-09 2.0002E-09 1.7209E-09 1.4796E-09 1.2660E-09 1.0810E-09 9.1723E-10 7.7282E-10 6.5396E-10 5.4333E-10 4.4276E-10 3.6474E-10 2.8952E-10 2.2983E-10 1.8712E-10 1.4272E-10 1.0791E-10
6.4643E-10 1.1698E-09 1.8153E-09 2.6496E-09 3.8443E-09 5.5574E-09 7.6621E-09 1.0446E-08 1.4088E-08 1.8702E-08 3.4256E-08 7.5489E-08 1.1342E-07 1.2509E-07 1.2344E-07 1.1892E-07 1.1523E-07 1.1068E-07 1.0366E-07 9.3290E-08 8.0153E-08 6.5967E-08 5.2220E-08 4.0113E-08 3.0468E-08 2.3332E-08 1.8467E-08 1.5264E-08 1.2220E-08 1.0616E-08 9.2624E-09 7.5320E-09 6.6215E-09 5.8035E-09 4.6610E-09 4.1046E-09 3.5939E-09 3.1458E-09 2.7463E-09 2.3819E-09 2.0679E-09 1.7871E-09 1.5365E-09 1.3174E-09 1.1268E-09 9.6029E-10 8.1112E-10 6.8474E-10 5.7858E-10 4.6890E-10 3.8448E-10 3.1723E-10 2.4384E-10 1.9898E-10 1.6016E-10 1.1877E-10 9.4186E-11
5.5222E-10 1.0517E-09 1.6594E-09 2.4498E-09 3.5702E-09 5.1940E-09 7.1959E-09 9.9124E-09 1.3530E-08 1.8225E-08 3.1900E-08 6.7900E-08 1.1322E-07 1.3291E-07 1.3592E-07 1.3532E-07 1.3456E-07 1.3192E-07 1.2447E-07 1.1111E-07 9.3148E-08 7.4158E-08 5.5779E-08 4.0548E-08 2.9216E-08 2.1778E-08 1.7056E-08 1.3955E-08 1.1093E-08 9.6222E-09 8.3685E-09 6.7634E-09 5.9466E-09 5.2132E-09 4.1532E-09 3.6539E-09 3.1957E-09 2.7960E-09 2.4370E-09 2.1143E-09 1.8323E-09 1.5804E-09 1.3582E-09 1.1632E-09 9.9517E-10 8.4757E-10 7.1399E-10 6.0331E-10 5.0507E-10 4.0222E-10 3.3562E-10 2.6939E-10 2.1100E-10 1.7194E-10 1.3266E-10 1.0079E-10 8.1974E-11
4.6235E-10 9.2463E-10 1.4753E-09 2.1847E-09 3.1859E-09 4.6884E-09 6.5519E-09 9.1156E-09 1.2597E-08 1.7333E-08 2.8294E-08 5.2906E-08 9.8820E-08 1.2989E-07 1.4255E-07 1.4941E-07 1.5460E-07 1.5579E-07 1.4843E-07 1.3331E-07 1.1007E-07 8.3319E-08 5.9659E-08 4.1218E-08 2.8406E-08 2.0291E-08 1.5531E-08 1.2589E-08 9.9373E-09 8.5651E-09 7.4139E-09 5.9410E-09 5.2239E-09 4.5857E-09 3.6314E-09 3.2064E-09 2.8113E-09 2.4630E-09 2.1428E-09 1.8590E-09 1.6095E-09 1.3845E-09 1.1903E-09 1.0189E-09 8.7031E-10 7.3984E-10 6.2269E-10 5.2597E-10 4.2623E-10 3.5035E-10 2.8898E-10 2.2754E-10 1.8356E-10 1.4633E-10 1.1014E-10 8.7662E-11 7.0729E-11
3.7872E-10 7.7266E-10 1.2314E-09 1.8392E-09 2.7353E-09 4.0702E-09 5.7012E-09 7.9695E-09 1.1234E-08 1.5818E-08 2.3505E-08 3.9173E-08 7.4650E-08 1.1396E-07 1.3944E-07 1.5743E-07 1.7181E-07 1.8283E-07 1.8247E-07 1.6268E-07 1.2941E-07 9.4035E-08 6.4582E-08 4.2600E-08 2.7794E-08 1.8896E-08 1.4024E-08 1.1208E-08 8.7684E-09 7.5220E-09 6.4910E-09 5.1445E-09 4.5132E-09 3.9575E-09 3.1032E-09 2.7513E-09 2.4292E-09 2.1398E-09 1.8667E-09 1.6221E-09 1.4023E-09 1.2076E-09 1.0368E-09 8.8510E-10 7.5436E-10 6.3864E-10 5.3571E-10 4.4213E-10 3.6195E-10 2.9978E-10 2.4536E-10 1.9357E-10 1.5434E-10 1.2356E-10 9.4350E-11 7.7490E-11 6.2973E-11
3.0710E-10 6.1335E-10 9.7838E-10 1.4771E-09 2.2100E-09 3.3047E-09 4.6437E-09 6.5739E-09 9.4281E-09 1.3555E-08 1.9700E-08 3.0051E-08 5.2017E-08 8.8642E-08 1.2371E-07 1.5547E-07 1.8882E-07 2.1556E-07 2.2143E-07 1.9265E-07 1.4858E-07 1.0617E-07 7.1342E-08 4.5394E-08 2.7933E-08 1.7767E-08 1.2526E-08 9.8320E-09 7.5981E-09 6.5020E-09 5.6087E-09 4.4087E-09 3.8611E-09 2.9410E-09 2.6104E-09 2.3159E-09 2.0541E-09 1.8182E-09 1.5986E-09 1.4005E-09 1.2124E-09 1.0438E-09 8.9416E-10 7.6532E-10 6.4977E-10 5.4593E-10 4.4651E-10 3.7752E-10 3.0724E-10 2.5224E-10 2.0668E-10 1.6048E-10 1.3154E-10 1.0415E-10 8.3399E-11 6.9922E-11 5.4716E-11
2.4961E-10 4.6738E-10 7.4120E-10 1.1300E-09 1.6752E-09 2.4957E-09 3.4866E-09 4.9547E-09 7.1392E-09 1.0607E-08 1.5690E-08 2.3438E-08 3.5026E-08 6.1861E-08 9.8693E-08 1.4128E-07 1.8809E-07 2.2523E-07 2.4561E-07 2.2334E-07 1.7179E-07 1.2369E-07 8.3646E-08 5.1943E-08 2.9567E-08 1.6869E-08 1.0908E-08 7.7311E-09 6.4554E-09 5.5165E-09 4.2295E-09 3.7195E-09 3.2588E-09 2.4440E-09 2.1673E-09 1.9150E-09 1.6971E-09 1.5027E-09 1.3389E-09 1.1777E-09 1.0278E-09 8.9062E-10 7.6750E-10 6.5348E-10 5.5196E-10 4.5388E-10 3.8257E-10 3.1498E-10 2.5404E-10 2.1885E-10 1.6335E-10 1.3697E-10 1.1593E-10 8.9032E-11 7.4659E-11 6.1838E-11 4.7677E-11
2.0343E-10 3.1796E-10 4.6720E-10 7.2712E-10 1.1446E-09 1.5720E-09 2.4470E-09 3.3892E-09 4.9816E-09 7.3982E-09 1.0950E-08 1.6318E-08 2.4045E-08 3.7403E-08 6.3620E-08 9.9657E-08 1.4292E-07 2.0367E-07 2.6186E-07 2.6064E-07 2.1249E-07 1.5857E-07 1.0647E-07 6.3551E-08 3.3245E-08 1.6177E-08 9.4138E-09 6.4947E-09 5.3949E-09 4.6110E-09 3.5113E-09 3.0952E-09 2.7221E-09 2.0118E-09 1.7919E-09 1.5929E-09 1.4118E-09 1.2446E-09 1.0938E-09 9.5658E-10 8.3425E-10 7.3230E-10 6.4466E-10 5.5042E-10 4.5549E-10 3.8535E-10 3.2104E-10 2.5565E-10 2.1810E-10 1.7524E-10 1.3936E-10 1.2054E-10 9.4622E-11 7.8475E-11 6.8053E-11 5.0968E-11 4.1556E-11
1.6809E-10 2.2191E-10 3.1761E-10 4.6615E-10 6.5691E-10 1.0081E-09 1.3540E-09 1.8100E-09 2.8284E-09 4.0379E-09 6.0028E-09 8.1054E-09 1.2008E-08 1.8544E-08 3.1324E-08 5.3159E-08 8.5085E-08 1.4008E-07 2.3489E-07 3.3652E-07 3.1158E-07 2.1704E-07 1.4428E-07 8.9372E-08 4.3350E-08 1.7080E-08 7.3075E-09 5.3754E-09 4.4699E-09 3.2669E-09 2.8875E-09 2.5461E-09 1.8220E-09 1.6387E-09 1.4695E-09 1.3158E-09 1.1709E-09 1.0396E-09 9.1602E-10 8.0463E-10 7.0405E-10 6.0867E-10 5.2496E-10 4.3981E-10 3.7403E-10 3.1714E-10 2.5364E-10 2.1748E-10 1.8070E-10 1.3807E-10 1.2138E-10 1.0074E-10 8.0184E-11 7.0656E-11 5.6235E-11 4.4803E-11 3.7806E-11
1.3776E-10 1.7617E-10 2.3893E-10 3.4394E-10 4.9381E-10 6.7606E-10 8.8832E-10 1.1599E-09 1.5005E-09 2.1173E-09 2.6441E-09 3.3421E-09 5.4836E-09 8.5802E-09 1.2890E-08 1.9605E-08 3.5705E-08 5.6870E-08 1.1063E-07 2.8748E-07 4.3774E-07 3.4134E-07 2.4508E-07 1.5104E-07 7.0338E-08 2.3622E-08 6.5933E-09 4.3935E-09 3.6601E-09 2.6721E-09 2.3613E-09 1.6201E-09 1.4646E-09 1.3232E-09 1.1962E-09 1.0768E-09 9.6467E-10 8.5895E-10 7.5989E-10 6.6838E-10 5.8115E-10 5.0046E-10 4.2968E-10 3.6164E-10 3.0538E-10 2.5462E-10 2.1220E-10 1.7663E-10 1.3936E-10 1.1894E-10 1.0070E-10 8.0608E-11 7.0158E-11 5.9186E-11 4.6453E-11 3.9964E-11 3.3957E-11
1.1146E-10 1.4156E-10 1.8121E-10 2.5004E-10 3.5401E-10 4.9727E-10 6.6651E-10 8.5667E-10 1.0905E-09 1.3727E-09 1.6895E-09 2.0226E-09 2.7558E-09 3.9012E-09 5.5413E-09 7.7530E-09 1.0941E-08 1.6920E-08 2.1941E-08 6.3567E-08 3.1045E-07 4.7839E-07 4.0380E-07 2.9663E-07 1.7654E-07 5.5979E-08 8.5836E-09 3.5051E-09 2.4395E-09 2.1666E-09 1.9181E-09 1.2837E-09 1.1629E-09 1.0555E-09 9.5563E-10 8.6504E-10 7.8019E-10 6.9879E-10 6.1957E-10 5.4590E-10 4.7504E-10 4.0651E-10 3.4519E-10 2.9493E-10 2.4915E-10 2.0423E-10 1.7181E-10 1.4078E-10 1.1452E-10 9.7915E-11 8.0369E-11 6.8191E-11 5.7944E-11 4.5817E-11 4.0565E-11 3.4340E-11 2.6344E-11
