Assets/Resources/2015_m01_d21_0700(utc+0800)_l00_csi_1hr_conc.grd
DSAA
         159         159
     -79.000      79.000
     -79.000      79.000
  0.7186E-09  0.2276E-04
[rows 100 to 124 of 159, columns 0 to 56 of 159]
2.7245E-09 2.7989E-09 2.8742E-09 2.9610E-09 3.0416E-09 3.1221E-09 3.2052E-09 3.3009E-09 3.3879E-09 3.4778E-09 3.5855E-09 3.6837E-09 3.7869E-09 3.9070E-09 4.0118E-09 4.1210E-09 4.2438E-09 4.3535E-09 4.4656E-09 4.5767E-09 4.7007E-09 4.8146E-09 4.9236E-09 5.0461E-09 5.1578E-09 5.2627E-09 5.3675E-09 5.4706E-09 5.5665E-09 5.6895E-09 5.7801E-09 5.8718E-09 5.9640E-09 6.0524E-09 6.1426E-09 6.2287E-09 6.3293E-09 6.4179E-09 6.5072E-09 6.6013E-09 6.6971E-09 6.7931E-09 6.8909E-09 6.9850E-09 7.0781E-09 7.1642E-09 7.2421E-09 7.3097E-09 7.3696E-09 7.4251E-09 7.4730E-09 7.5180E-09 7.5577E-09 7.5919E-09 7.6248E-09 7.6493E-09 7.6756E-09
2.7187E-09 2.7887E-09 2.8622E-09 2.9370E-09 3.0210E-09 3.0994E-09 3.1769E-09 3.2722E-09 3.3583E-09 3.4498E-09 3.5570E-09 3.6562E-09 3.7580E-09 3.8592E-09 3.9784E-09 4.0832E-09 4.1894E-09 4.3124E-09 4.4186E-09 4.5275E-09 4.6501E-09 4.7573E-09 4.8659E-09 4.9745E-09 5.0903E-09 5.1953E-09 5.2973E-09 5.3960E-09 5.4994E-09 5.5903E-09 5.7043E-09 5.7992E-09 5.8937E-09 5.9903E-09 6.0782E-09 6.1762E-09 6.2724E-09 6.3751E-09 6.4811E-09 6.5801E-09 6.6828E-09 6.7849E-09 6.8862E-09 6.9829E-09 7.0729E-09 7.1550E-09 7.2295E-09 7.2938E-09 7.3531E-09 7.4091E-09 7.4581E-09 7.5060E-09 7.5444E-09 7.5835E-09 7.6143E-09 7.6489E-09 7.6742E-09
2.6961E-09 2.7742E-09 2.8437E-09 2.9141E-09 2.9960E-09 3.0700E-09 3.1479E-09 3.2299E-09 3.3308E-09 3.4220E-09 3.5173E-09 3.6270E-09 3.7252E-09 3.8274E-09 3.9407E-09 4.0437E-09 4.1496E-09 4.2526E-09 4.3723E-09 4.4784E-09 4.5839E-09 4.7035E-09 4.8085E-09 4.9123E-09 5.0283E-09 5.1264E-09 5.2300E-09 5.3304E-09 5.4286E-09 5.5283E-09 5.6272E-09 5.7367E-09 5.8354E-09 5.9337E-09 6.0341E-09 6.1403E-09 6.2480E-09 6.3565E-09 6.4610E-09 6.5699E-09 6.6757E-09 6.7840E-09 6.8838E-09 6.9769E-09 7.0623E-09 7.1404E-09 7.2120E-09 7.2750E-09 7.3385E-09 7.3913E-09 7.4441E-09 7.4897E-09 7.5328E-09 7.5715E-09 7.6106E-09 7.6436E-09 7.6806E-09
2.6794E-09 2.7528E-09 2.8191E-09 2.8867E-09 2.9572E-09 3.0410E-09 3.1198E-09 3.2032E-09 3.3044E-09 3.3964E-09 3.4881E-09 3.5832E-09 3.6931E-09 3.7907E-09 3.8907E-09 4.0047E-09 4.1056E-09 4.2103E-09 4.3246E-09 4.4281E-09 4.5353E-09 4.6374E-09 4.7509E-09 4.8527E-09 4.9557E-09 5.0663E-09 5.1672E-09 5.2690E-09 5.3717E-09 5.4734E-09 5.5775E-09 5.6850E-09 5.7896E-09 5.8994E-09 6.0077E-09 6.1199E-09 6.2303E-09 6.3401E-09 6.4541E-09 6.5638E-09 6.6755E-09 6.7811E-09 6.8768E-09 6.9652E-09 7.0463E-09 7.1235E-09 7.1911E-09 7.2582E-09 7.3182E-09 7.3748E-09 7.4279E-09 7.4749E-09 7.5212E-09 7.5644E-09 7.6052E-09 7.6496E-09 7.6867E-09
2.6557E-09 2.7180E-09 2.7901E-09 2.8576E-09 2.9289E-09 3.0143E-09 3.0943E-09 3.1790E-09 3.2667E-09 3.3670E-09 3.4592E-09 3.5520E-09 3.6586E-09 3.7561E-09 3.8533E-09 3.9522E-09 4.0656E-09 4.1652E-09 4.2672E-09 4.3816E-09 4.4828E-09 4.5861E-09 4.6960E-09 4.7994E-09 4.9018E-09 5.0035E-09 5.1144E-09 5.2182E-09 5.3237E-09 5.4296E-09 5.5336E-09 5.6482E-09 5.7631E-09 5.8751E-09 5.9914E-09 6.1032E-09 6.2179E-09 6.3346E-09 6.4497E-09 6.5634E-09 6.6712E-09 6.7719E-09 6.8639E-09 6.9476E-09 7.0274E-09 7.1019E-09 7.1721E-09 7.2390E-09 7.2990E-09 7.3595E-09 7.4100E-09 7.4639E-09 7.5108E-09 7.5592E-09 7.6077E-09 7.6523E-09 7.7016E-09
2.6293E-09 2.6891E-09 2.7617E-09 2.8305E-09 2.9040E-09 2.9809E-09 3.0709E-09 3.1546E-09 3.2394E-09 3.3280E-09 3.4289E-09 3.5202E-09 3.6148E-09 3.7195E-09 3.8163E-09 3.9143E-09 4.0227E-09 4.1233E-09 4.2244E-09 4.3250E-09 4.4347E-09 4.5373E-09 4.6398E-09 4.7515E-09 4.8524E-09 4.9604E-09 5.0693E-09 5.1754E-09 5.2843E-09 5.3954E-09 5.5126E-09 5.6274E-09 5.7428E-09 5.8614E-09 5.9757E-09 6.0949E-09 6.2137E-09 6.3339E-09 6.4491E-09 6.5585E-09 6.6609E-09 6.7567E-09 6.8447E-09 6.9268E-09 7.0078E-09 7.0805E-09 7.1534E-09 7.2174E-09 7.2812E-09 7.3386E-09 7.3985E-09 7.4502E-09 7.5057E-09 7.5583E-09 7.6101E-09 7.6664E-09 7.7167E-09
2.6013E-09 2.6622E-09 2.7276E-09 2.8069E-09 2.8814E-09 2.9591E-09 3.0385E-09 3.1292E-09 3.2140E-09 3.2996E-09 3.3990E-09 3.4899E-09 3.5807E-09 3.6753E-09 3.7804E-09 3.8764E-09 3.9760E-09 4.0828E-09 4.1803E-09 4.2839E-09 4.3903E-09 4.4938E-09 4.5986E-09 4.7023E-09 4.8166E-09 4.9214E-09 5.0297E-09 5.1438E-09 5.2589E-09 5.3784E-09 5.4929E-09 5.6112E-09 5.7303E-09 5.8481E-09 5.9714E-09 6.0916E-09 6.2159E-09 6.3328E-09 6.4431E-09 6.5470E-09 6.6445E-09 6.7380E-09 6.8221E-09 6.9073E-09 6.9841E-09 7.0597E-09 7.1302E-09 7.1969E-09 7.2611E-09 7.3241E-09 7.3828E-09 7.4453E-09 7.5017E-09 7.5605E-09 7.6209E-09 7.6785E-09 7.7393E-09
2.5759E-09 2.6390E-09 2.7060E-09 2.7862E-09 2.8606E-09 2.9364E-09 3.0154E-09 3.1045E-09 3.1873E-09 3.2727E-09 3.3599E-09 3.4588E-09 3.5508E-09 3.6427E-09 3.7458E-09 3.8432E-09 3.9371E-09 4.0371E-09 4.1413E-09 4.2414E-09 4.3485E-09 4.4572E-09 4.5624E-09 4.6703E-09 4.7800E-09 4.8929E-09 5.0078E-09 5.1245E-09 5.2436E-09 5.3597E-09 5.4805E-09 5.5996E-09 5.7206E-09 5.8457E-09 5.9688E-09 6.0934E-09 6.2131E-09 6.3258E-09 6.4306E-09 6.5293E-09 6.6249E-09 6.7136E-09 6.8008E-09 6.8831E-09 6.9612E-09 7.0378E-09 7.1071E-09 7.1777E-09 7.2437E-09 7.3091E-09 7.3764E-09 7.4381E-09 7.5038E-09 7.5678E-09 7.6325E-09 7.6975E-09 7.7540E-09
2.5543E-09 2.6189E-09 2.6872E-09 2.7583E-09 2.8391E-09 2.9150E-09 2.9925E-09 3.0723E-09 3.1628E-09 3.2464E-09 3.3328E-09 3.4310E-09 3.5205E-09 3.6108E-09 3.7077E-09 3.8084E-09 3.9055E-09 4.0037E-09 4.1074E-09 4.2121E-09 4.3154E-09 4.4244E-09 4.5342E-09 4.6435E-09 4.7610E-09 4.8745E-09 4.9922E-09 5.1102E-09 5.2281E-09 5.3510E-09 5.4698E-09 5.5936E-09 5.7193E-09 5.8457E-09 5.9701E-09 6.0899E-09 6.2038E-09 6.3121E-09 6.4116E-09 6.5081E-09 6.6018E-09 6.6905E-09 6.7781E-09 6.8582E-09 6.9391E-09 7.0122E-09 7.0889E-09 7.1576E-09 7.2292E-09 7.2997E-09 7.3676E-09 7.4402E-09 7.5075E-09 7.5787E-09 7.6455E-09 7.7085E-09 7.7722E-09
2.5279E-09 2.6011E-09 2.6690E-09 2.7388E-09 2.8116E-09 2.8936E-09 2.9705E-09 3.0503E-09 3.1312E-09 3.2221E-09 3.3061E-09 3.3937E-09 3.4926E-09 3.5825E-09 3.6750E-09 3.7743E-09 3.8761E-09 3.9766E-09 4.0785E-09 4.1856E-09 4.2903E-09 4.3987E-09 4.5144E-09 4.6298E-09 4.7438E-09 4.8624E-09 4.9789E-09 5.0982E-09 5.2206E-09 5.3411E-09 5.4673E-09 5.5930E-09 5.7223E-09 5.8462E-09 5.9656E-09 6.0795E-09 6.1880E-09 6.2914E-09 6.3887E-09 6.4870E-09 6.5766E-09 6.6671E-09 6.7511E-09 6.8340E-09 6.9126E-09 6.9923E-09 7.0661E-09 7.1435E-09 7.2169E-09 7.2909E-09 7.3679E-09 7.4403E-09 7.5168E-09 7.5862E-09 7.6555E-09 7.7221E-09 7.7882E-09
2.5116E-09 2.5840E-09 2.6512E-09 2.7206E-09 2.7924E-09 2.8716E-09 2.9482E-09 3.0270E-09 3.1067E-09 3.1959E-09 3.2818E-09 3.3692E-09 3.4591E-09 3.5568E-09 3.6519E-09 3.7480E-09 3.8540E-09 3.9541E-09 4.0565E-09 4.1650E-09 4.2737E-09 4.3865E-09 4.4994E-09 4.6159E-09 4.7345E-09 4.8500E-09 4.9703E-09 5.0915E-09 5.2136E-09 5.3416E-09 5.4671E-09 5.5967E-09 5.7220E-09 5.8405E-09 5.9540E-09 6.0624E-09 6.1686E-09 6.2670E-09 6.3663E-09 6.4598E-09 6.5515E-09 6.6403E-09 6.7247E-09 6.8085E-09 6.8902E-09 6.9695E-09 7.0524E-09 7.1285E-09 7.2082E-09 7.2880E-09 7.3665E-09 7.4474E-09 7.5193E-09 7.5950E-09 7.6642E-09 7.7329E-09 7.8009E-09
2.4942E-09 2.5607E-09 2.6326E-09 2.7015E-09 2.7735E-09 2.8456E-09 2.9278E-09 3.0074E-09 3.0864E-09 3.1703E-09 3.2598E-09 3.3486E-09 3.4376E-09 3.5309E-09 3.6321E-09 3.7301E-09 3.8303E-09 3.9364E-09 4.0441E-09 4.1521E-09 4.2642E-09 4.3749E-09 4.4889E-09 4.6052E-09 4.7234E-09 4.8445E-09 4.9642E-09 5.0876E-09 5.2147E-09 5.3419E-09 5.4699E-09 5.5943E-09 5.7142E-09 5.8276E-09 5.9356E-09 6.0415E-09 6.1434E-09 6.2431E-09 6.3403E-09 6.4329E-09 6.5261E-09 6.6119E-09 6.7004E-09 6.7838E-09 6.8683E-09 6.9532E-09 7.0345E-09 7.1197E-09 7.2019E-09 7.2860E-09 7.3686E-09 7.4452E-09 7.5241E-09 7.5986E-09 7.6698E-09 7.7414E-09 7.8087E-09
2.4784E-09 2.5427E-09 2.6096E-09 2.6830E-09 2.7545E-09 2.8288E-09 2.9039E-09 2.9875E-09 3.0697E-09 3.1525E-09 3.2381E-09 3.3325E-09 3.4220E-09 3.5165E-09 3.6153E-09 3.7159E-09 3.8200E-09 3.9247E-09 4.0339E-09 4.1443E-09 4.2535E-09 4.3673E-09 4.4813E-09 4.5973E-09 4.7177E-09 4.8388E-09 4.9631E-09 5.0890E-09 5.2174E-09 5.3435E-09 5.4664E-09 5.5848E-09 5.6991E-09 5.8077E-09 5.9131E-09 6.0180E-09 6.1177E-09 6.2182E-09 6.3117E-09 6.4063E-09 6.4957E-09 6.5879E-09 6.6734E-09 6.7623E-09 6.8493E-09 6.9354E-09 7.0255E-09 7.1101E-09 7.1990E-09 7.2827E-09 7.3645E-09 7.4455E-09 7.5257E-09 7.5991E-09 7.6731E-09 7.7407E-09 7.7926E-09
2.4643E-09 2.5286E-09 2.5938E-09 2.6683E-09 2.7400E-09 2.8127E-09 2.8899E-09 2.9720E-09 3.0526E-09 3.1385E-09 3.2263E-09 3.3159E-09 3.4088E-09 3.5066E-09 3.6053E-09 3.7074E-09 3.8116E-09 3.9173E-09 4.0247E-09 4.1353E-09 4.2484E-09 4.3602E-09 4.4760E-09 4.5945E-09 4.7133E-09 4.8380E-09 4.9645E-09 5.0936E-09 5.2177E-09 5.3385E-09 5.4554E-09 5.5685E-09 5.6791E-09 5.7838E-09 5.8902E-09 5.9906E-09 6.0913E-09 6.1882E-09 6.2833E-09 6.3764E-09 6.4696E-09 6.5593E-09 6.6523E-09 6.7410E-09 6.8315E-09 6.9236E-09 7.0129E-09 7.1052E-09 7.1907E-09 7.2773E-09 7.3600E-09 7.4420E-09 7.5210E-09 7.5970E-09 7.6649E-09 7.7174E-09 7.7597E-09
2.4502E-09 2.5165E-09 2.5820E-09 2.6501E-09 2.7279E-09 2.8011E-09 2.8775E-09 2.9571E-09 3.0416E-09 3.1268E-09 3.2152E-09 3.3078E-09 3.4018E-09 3.4984E-09 3.6000E-09 3.7001E-09 3.8041E-09 3.9110E-09 4.0183E-09 4.1292E-09 4.2418E-09 4.3573E-09 4.4734E-09 4.5923E-09 4.7159E-09 4.8393E-09 4.9655E-09 5.0892E-09 5.2110E-09 5.3262E-09 5.4378E-09 5.5480E-09 5.6537E-09 5.7595E-09 5.8622E-09 5.9627E-09 6.0626E-09 6.1580E-09 6.2545E-09 6.3484E-09 6.4419E-09 6.5375E-09 6.6286E-09 6.7231E-09 6.8167E-09 6.9105E-09 7.0051E-09 7.0924E-09 7.1832E-09 7.2680E-09 7.3515E-09 7.4351E-09 7.5133E-09 7.5811E-09 7.6332E-09 7.6771E-09 7.7129E-09
2.4359E-09 2.5031E-09 2.5723E-09 2.6410E-09 2.7125E-09 2.7913E-09 2.8684E-09 2.9475E-09 3.0326E-09 3.1197E-09 3.2099E-09 3.3009E-09 3.3975E-09 3.4939E-09 3.5922E-09 3.6966E-09 3.7986E-09 3.9046E-09 4.0148E-09 4.1244E-09 4.2388E-09 4.3547E-09 4.4732E-09 4.5947E-09 4.7178E-09 4.8412E-09 4.9623E-09 5.0804E-09 5.1949E-09 5.3071E-09 5.4158E-09 5.5231E-09 5.6280E-09 5.7325E-09 5.8328E-09 5.9345E-09 6.0307E-09 6.1301E-09 6.2245E-09 6.3213E-09 6.4177E-09 6.5123E-09 6.6106E-09 6.7053E-09 6.8028E-09 6.8975E-09 6.9885E-09 7.0804E-09 7.1696E-09 7.2544E-09 7.3395E-09 7.4197E-09 7.4856E-09 7.5399E-09 7.5860E-09 7.6247E-09 7.6602E-09
2.4283E-09 2.4924E-09 2.5618E-09 2.6331E-09 2.7056E-09 2.7809E-09 2.8615E-09 2.9432E-09 3.0278E-09 3.1148E-09 3.2059E-09 3.2981E-09 3.3915E-09 3.4901E-09 3.5894E-09 3.6896E-09 3.7962E-09 3.9015E-09 4.0098E-09 4.1240E-09 4.2364E-09 4.3540E-09 4.4729E-09 4.5977E-09 4.7180E-09 4.8363E-09 4.9518E-09 5.0646E-09 5.1746E-09 5.2815E-09 5.3921E-09 5.4958E-09 5.6008E-09 5.7018E-09 5.8031E-09 5.9017E-09 6.0020E-09 6.0983E-09 6.1977E-09 6.2949E-09 6.3925E-09 6.4929E-09 6.5897E-09 6.6899E-09 6.7849E-09 6.8794E-09 6.9720E-09 7.0639E-09 7.1511E-09 7.2373E-09 7.3171E-09 7.3832E-09 7.4395E-09 7.4878E-09 7.5292E-09 7.5675E-09 7.6022E-09
2.4191E-09 2.4863E-09 2.5541E-09 2.6261E-09 2.7012E-09 2.7782E-09 2.8575E-09 2.9394E-09 3.0256E-09 3.1123E-09 3.2020E-09 3.2948E-09 3.3893E-09 3.4855E-09 3.5861E-09 3.6888E-09 3.7912E-09 3.9002E-09 4.0095E-09 4.1206E-09 4.2392E-09 4.3554E-09 4.4757E-09 4.5939E-09 4.7112E-09 4.8241E-09 4.9347E-09 5.0447E-09 5.1501E-09 5.2573E-09 5.3612E-09 5.4650E-09 5.5699E-09 5.6706E-09 5.7712E-09 5.8713E-09 5.9700E-09 6.0716E-09 6.1693E-09 6.2695E-09 6.3704E-09 6.4703E-09 6.5721E-09 6.6675E-09 6.7653E-09 6.8584E-09 6.9507E-09 7.0418E-09 7.1287E-09 7.2080E-09 7.2743E-09 7.3320E-09 7.3820E-09 7.4267E-09 7.4676E-09 7.5071E-09 7.5428E-09
2.4148E-09 2.4789E-09 2.5522E-09 2.6241E-09 2.6983E-09 2.7770E-09 2.8565E-09 2.9379E-09 3.0221E-09 3.1108E-09 3.1995E-09 3.2916E-09 3.3870E-09 3.4837E-09 3.5832E-09 3.6861E-09 3.7914E-09 3.8975E-09 4.0093E-09 4.1229E-09 4.2376E-09 4.3541E-09 4.4718E-09 4.5853E-09 4.6954E-09 4.8056E-09 4.9133E-09 5.0190E-09 5.1246E-09 5.2291E-09 5.3318E-09 5.4353E-09 5.5351E-09 5.6371E-09 5.7391E-09 5.8398E-09 5.9416E-09 6.0411E-09 6.1437E-09 6.2447E-09 6.3470E-09 6.4487E-09 6.5456E-09 6.6445E-09 6.7396E-09 6.8323E-09 6.9249E-09 7.0139E-09 7.0909E-09 7.1570E-09 7.2161E-09 7.2684E-09 7.3176E-09 7.3609E-09 7.4045E-09 7.4435E-09 7.4821E-09
2.4084E-09 2.4792E-09 2.5483E-09 2.6198E-09 2.6979E-09 2.7746E-09 2.8534E-09 2.9371E-09 3.0210E-09 3.1074E-09 3.1990E-09 3.2898E-09 3.3843E-09 3.4828E-09 3.5818E-09 3.6849E-09 3.7903E-09 3.8984E-09 4.0088E-09 4.1216E-09 4.2367E-09 4.3486E-09 4.4587E-09 4.5696E-09 4.6756E-09 4.7807E-09 4.8863E-09 4.9921E-09 5.0969E-09 5.1984E-09 5.3014E-09 5.4016E-09 5.5046E-09 5.6038E-09 5.7057E-09 5.8095E-09 5.9106E-09 6.0151E-09 6.1160E-09 6.2201E-09 6.3208E-09 6.4198E-09 6.5185E-09 6.6161E-09 6.7089E-09 6.8017E-09 6.8897E-09 6.9662E-09 7.0337E-09 7.0944E-09 7.1488E-09 7.2005E-09 7.2477E-09 7.2939E-09 7.3372E-09 7.3783E-09 7.4178E-09
2.4093E-09 2.4756E-09 2.5485E-09 2.6200E-09 2.6938E-09 2.7741E-09 2.8533E-09 2.9343E-09 3.0205E-09 3.1070E-09 3.1956E-09 3.2899E-09 3.3834E-09 3.4803E-09 3.5822E-09 3.6837E-09 3.7896E-09 3.8967E-09 4.0097E-09 4.1188E-09 4.2270E-09 4.3361E-09 4.4418E-09 4.5467E-09 4.6494E-09 4.7564E-09 4.8583E-09 4.9613E-09 5.0629E-09 5.1667E-09 5.2677E-09 5.3697E-09 5.4699E-09 5.5728E-09 5.6738E-09 5.7761E-09 5.8801E-09 5.9848E-09 6.0895E-09 6.1897E-09 6.2903E-09 6.3884E-09 6.4860E-09 6.5807E-09 6.6734E-09 6.7603E-09 6.8364E-09 6.9050E-09 6.9672E-09 7.0236E-09 7.0774E-09 7.1286E-09 7.1771E-09 7.2243E-09 7.2679E-09 7.3115E-09 7.3475E-09
2.4099E-09 2.4765E-09 2.5452E-09 2.6202E-09 2.6941E-09 2.7703E-09 2.8527E-09 2.9344E-09 3.0180E-09 3.1063E-09 3.1959E-09 3.2868E-09 3.3814E-09 3.4801E-09 3.5794E-09 3.6826E-09 3.7889E-09 3.8959E-09 4.0024E-09 4.1093E-09 4.2130E-09 4.3157E-09 4.4185E-09 4.5218E-09 4.6241E-09 4.7253E-09 4.8287E-09 4.9302E-09 5.0303E-09 5.1315E-09 5.2344E-09 5.3354E-09 5.4385E-09 5.5392E-09 5.6424E-09 5.7456E-09 5.8491E-09 5.9536E-09 6.0529E-09 6.1571E-09 6.2547E-09 6.3516E-09 6.4481E-09 6.5404E-09 6.6262E-09 6.7013E-09 6.7704E-09 6.8337E-09 6.8932E-09 6.9488E-09 7.0037E-09 7.0544E-09 7.1050E-09 7.1512E-09 7.1963E-09 7.2360E-09 7.2716E-09
2.4072E-09 2.4771E-09 2.5459E-09 2.6171E-09 2.6943E-09 2.7705E-09 2.8493E-09 2.9339E-09 3.0179E-09 3.1043E-09 3.1928E-09 3.2871E-09 3.3806E-09 3.4775E-09 3.5793E-09 3.6809E-09 3.7839E-09 3.8886E-09 3.9907E-09 4.0917E-09 4.1913E-09 4.2934E-09 4.3934E-09 4.4932E-09 4.5957E-09 4.6950E-09 4.7958E-09 4.8944E-09 4.9977E-09 5.0971E-09 5.1982E-09 5.2999E-09 5.4033E-09 5.5071E-09 5.6094E-09 5.7135E-09 5.8161E-09 5.9161E-09 6.0168E-09 6.1154E-09 6.2113E-09 6.3094E-09 6.4019E-09 6.4851E-09 6.5605E-09 6.6305E-09 6.6953E-09 6.7575E-09 6.8152E-09 6.8724E-09 6.9263E-09 6.9787E-09 7.0285E-09 7.0750E-09 7.1182E-09 7.1554E-09 7.1900E-09
2.4081E-09 2.4743E-09 2.5466E-09 2.6176E-09 2.6911E-09 2.7670E-09 2.8491E-09 2.9304E-09 3.0136E-09 3.1035E-09 3.1928E-09 3.2834E-09 3.3797E-09 3.4761E-09 3.5749E-09 3.6738E-09 3.7748E-09 3.8732E-09 3.9712E-09 4.0708E-09 4.1679E-09 4.2664E-09 4.3637E-09 4.4647E-09 4.5624E-09 4.6612E-09 4.7615E-09 4.8615E-09 4.9600E-09 5.0609E-09 5.1635E-09 5.2647E-09 5.3680E-09 5.4696E-09 5.5757E-09 5.6765E-09 5.7768E-09 5.8762E-09 5.9750E-09 6.0704E-09 6.1652E-09 6.2558E-09 6.3379E-09 6.4137E-09 6.4867E-09 6.5528E-09 6.6165E-09 6.6771E-09 6.7360E-09 6.7929E-09 6.8471E-09 6.9001E-09 6.9478E-09 6.9932E-09 7.0332E-09 7.0701E-09 7.1040E-09
2.4091E-09 2.4751E-09 2.5435E-09 2.6181E-09 2.6913E-09 2.7670E-09 2.8455E-09 2.9296E-09 3.0130E-09 3.0988E-09 3.1906E-09 3.2822E-09 3.3749E-09 3.4704E-09 3.5678E-09 3.6628E-09 3.7577E-09 3.8545E-09 3.9500E-09 4.0443E-09 4.1404E-09 4.2380E-09 4.3344E-09 4.4311E-09 4.5298E-09 4.6273E-09 4.7255E-09 4.8235E-09 4.9259E-09 5.0249E-09 5.1256E-09 5.2274E-09 5.3310E-09 5.4339E-09 5.5330E-09 5.6332E-09 5.7332E-09 5.8305E-09 5.9265E-09 6.0201E-09 6.1090E-09 6.1901E-09 6.2661E-09 6.3371E-09 6.4044E-09 6.4692E-09 6.5324E-09 6.5952E-09 6.6547E-09 6.7107E-09 6.7659E-09 6.8154E-09 6.8620E-09 6.9051E-09 6.9443E-09 6.9807E-09 7.0142E-09
