Assets/Resources/2015_m01_d14_0300(utc+0800)_l00_csi_1hr_conc.grd
DSAA
         159         159
     -79.000      79.000
     -79.000      79.000
  0.0000E+00  0.2237E-04
[rows 0 to 24 of 159, columns 0 to 56 of 159]
7.9968E-10 8.1493E-10 8.2929E-10 8.4270E-10 8.5659E-10 8.7039E-10 8.8086E-10 8.9016E-10 8.9826E-10 9.0510E-10 9.1067E-10 9.1492E-10 9.1783E-10 9.2091E-10 9.2119E-10 9.2009E-10 9.1762E-10 9.1378E-10 9.0858E-10 9.0204E-10 8.9419E-10 8.8505E-10 8.7466E-10 8.6306E-10 8.5358E-10 8.3981E-10 8.2498E-10 8.0916E-10 7.9239E-10 7.7475E-10 7.5631E-10 7.3714E-10 7.1731E-10 6.9690E-10 6.7599E-10 6.5466E-10 6.3297E-10 6.1101E-10 5.8886E-10 5.6659E-10 5.4426E-10 5.2196E-10 4.9975E-10 4.7770E-10 4.5211E-10 4.3063E-10 4.0949E-10 3.8874E-10 3.6842E-10 3.4859E-10 3.2926E-10 3.1049E-10 2.9229E-10 2.7470E-10 2.5596E-10 2.3972E-10 2.2413E-10
8.5434E-10 8.7078E-10 8.8776E-10 9.0472E-10 9.1841E-10 9.3096E-10 9.4233E-10 9.5246E-10 9.6130E-10 9.6880E-10 9.7494E-10 9.8124E-10 9.8464E-10 9.8658E-10 9.8707E-10 9.8608E-10 9.8361E-10 9.7968E-10 9.7429E-10 9.6746E-10 9.6250E-10 9.5302E-10 9.4218E-10 9.3004E-10 9.1664E-10 9.0203E-10 8.8628E-10 8.6944E-10 8.5158E-10 8.3610E-10 8.1650E-10 7.9611E-10 7.7500E-10 7.5324E-10 7.3092E-10 7.0812E-10 6.8493E-10 6.6143E-10 6.3769E-10 6.1381E-10 5.8985E-10 5.6589E-10 5.4202E-10 5.1829E-10 4.9124E-10 4.6376E-10 4.4105E-10 4.1875E-10 3.9691E-10 3.7557E-10 3.5479E-10 3.3459E-10 3.1501E-10 2.9608E-10 2.7781E-10 2.5828E-10 2.4149E-10
9.1290E-10 9.3305E-10 9.5004E-10 9.6597E-10 9.8076E-10 9.9436E-10 1.0067E-09 1.0177E-09 1.0273E-09 1.0371E-09 1.0440E-09 1.0494E-09 1.0532E-09 1.0555E-09 1.0562E-09 1.0553E-09 1.0529E-09 1.0522E-09 1.0468E-09 1.0399E-09 1.0314E-09 1.0214E-09 1.0100E-09 9.9722E-10 9.8637E-10 9.7102E-10 9.5443E-10 9.3666E-10 9.1779E-10 8.9788E-10 8.7703E-10 8.5530E-10 8.3278E-10 8.0956E-10 7.8573E-10 7.6138E-10 7.3658E-10 7.1144E-10 6.8604E-10 6.6047E-10 6.3480E-10 6.0913E-10 5.8353E-10 5.5808E-10 5.3286E-10 5.0792E-10 4.7933E-10 4.5048E-10 4.2703E-10 4.0412E-10 3.8180E-10 3.6010E-10 3.3906E-10 3.1870E-10 2.9906E-10 2.8016E-10 2.5986E-10
9.7509E-10 9.9445E-10 1.0127E-09 1.0299E-09 1.0459E-09 1.0606E-09 1.0739E-09 1.0875E-09 1.0981E-09 1.1072E-09 1.1147E-09 1.1207E-09 1.1250E-09 1.1276E-09 1.1319E-09 1.1314E-09 1.1292E-09 1.1253E-09 1.1198E-09 1.1126E-09 1.1070E-09 1.0967E-09 1.0849E-09 1.0716E-09 1.0568E-09 1.0405E-09 1.0230E-09 1.0042E-09 9.8413E-10 9.6640E-10 9.4433E-10 9.2131E-10 8.9742E-10 8.7276E-10 8.4741E-10 8.2149E-10 7.9507E-10 7.6825E-10 7.4113E-10 7.1380E-10 6.8635E-10 6.5887E-10 6.3144E-10 6.0415E-10 5.7707E-10 5.5029E-10 5.2007E-10 4.8955E-10 4.6424E-10 4.3426E-10 4.1032E-10 3.8703E-10 3.6445E-10 3.4261E-10 3.2152E-10 3.0122E-10 2.8172E-10
1.0376E-09 1.0584E-09 1.0781E-09 1.0966E-09 1.1138E-09 1.1312E-09 1.1458E-09 1.1588E-09 1.1704E-09 1.1803E-09 1.1886E-09 1.1951E-09 1.2033E-09 1.2066E-09 1.2081E-09 1.2079E-09 1.2058E-09 1.2051E-09 1.1997E-09 1.1924E-09 1.1834E-09 1.1727E-09 1.1603E-09 1.1463E-09 1.1315E-09 1.1170E-09 1.0986E-09 1.0789E-09 1.0578E-09 1.0355E-09 1.0121E-09 9.8765E-10 9.6226E-10 9.3603E-10 9.0906E-10 8.8490E-10 8.5680E-10 8.2826E-10 7.9936E-10 7.7021E-10 7.4090E-10 7.1154E-10 6.8221E-10 6.5300E-10 6.2400E-10 5.9529E-10 5.6339E-10 5.3553E-10 5.0389E-10 4.7213E-10 4.4627E-10 4.1544E-10 3.9124E-10 3.6782E-10 3.4521E-10 3.2344E-10 3.0252E-10
1.1026E-09 1.1249E-09 1.1460E-09 1.1674E-09 1.1861E-09 1.2033E-09 1.2190E-09 1.2332E-09 1.2457E-09 1.2596E-09 1.2689E-09 1.2764E-09 1.2821E-09 1.2859E-09 1.2877E-09 1.2911E-09 1.2893E-09 1.2857E-09 1.2801E-09 1.2727E-09 1.2634E-09 1.2556E-09 1.2428E-09 1.2283E-09 1.2121E-09 1.1942E-09 1.1749E-09 1.1540E-09 1.1317E-09 1.1116E-09 1.0869E-09 1.0611E-09 1.0343E-09 1.0066E-09 9.7799E-10 9.4870E-10 9.1881E-10 8.8841E-10 8.5763E-10 8.2655E-10 7.9529E-10 7.6395E-10 7.3263E-10 7.0143E-10 6.7042E-10 6.3972E-10 6.0938E-10 5.7951E-10 5.4609E-10 5.1249E-10 4.8462E-10 4.5190E-10 4.1943E-10 3.9436E-10 3.7015E-10 3.4684E-10 3.2443E-10
1.1699E-09 1.1953E-09 1.2181E-09 1.2396E-09 1.2596E-09 1.2782E-09 1.2951E-09 1.3104E-09 1.3273E-09 1.3394E-09 1.3495E-09 1.3578E-09 1.3641E-09 1.3718E-09 1.3744E-09 1.3749E-09 1.3733E-09 1.3698E-09 1.3675E-09 1.3601E-09 1.3507E-09 1.3393E-09 1.3260E-09 1.3108E-09 1.2939E-09 1.2786E-09 1.2584E-09 1.2365E-09 1.2132E-09 1.1885E-09 1.1624E-09 1.1351E-09 1.1067E-09 1.0773E-09 1.0470E-09 1.0159E-09 9.8413E-10 9.5182E-10 9.1907E-10 8.8598E-10 8.5269E-10 8.1929E-10 7.8588E-10 7.5259E-10 7.1949E-10 6.8669E-10 6.5427E-10 6.2233E-10 5.9094E-10 5.6016E-10 5.2549E-10 4.9083E-10 4.6261E-10 4.2924E-10 3.9637E-10 3.7143E-10 3.4747E-10
1.2412E-09 1.2669E-09 1.2913E-09 1.3143E-09 1.3358E-09 1.3558E-09 1.3773E-09 1.3941E-09 1.4091E-09 1.4221E-09 1.4332E-09 1.4457E-09 1.4530E-09 1.4582E-09 1.4612E-09 1.4621E-09 1.4643E-09 1.4610E-09 1.4556E-09 1.4481E-09 1.4384E-09 1.4267E-09 1.4164E-09 1.4008E-09 1.3832E-09 1.3638E-09 1.3426E-09 1.3197E-09 1.2951E-09 1.2691E-09 1.2416E-09 1.2127E-09 1.1827E-09 1.1516E-09 1.1195E-09 1.0865E-09 1.0528E-09 1.0185E-09 9.8375E-10 9.4859E-10 9.1317E-10 8.7762E-10 8.4205E-10 8.0656E-10 7.7128E-10 7.3629E-10 7.0169E-10 6.6758E-10 6.3404E-10 6.0115E-10 5.6898E-10 5.3234E-10 5.0196E-10 4.6656E-10 4.3158E-10 4.0458E-10 3.7164E-10
1.3134E-09 1.3408E-09 1.3669E-09 1.3916E-09 1.4179E-09 1.4395E-09 1.4595E-09 1.4776E-09 1.4938E-09 1.5113E-09 1.5237E-09 1.5340E-09 1.5420E-09 1.5479E-09 1.5549E-09 1.5565E-09 1.5558E-09 1.5527E-09 1.5474E-09 1.5432E-09 1.5335E-09 1.5217E-09 1.5076E-09 1.4914E-09 1.4731E-09 1.4529E-09 1.4307E-09 1.4066E-09 1.3809E-09 1.3534E-09 1.3245E-09 1.2941E-09 1.2624E-09 1.2295E-09 1.1956E-09 1.1607E-09 1.1250E-09 1.0887E-09 1.0518E-09 1.0144E-09 9.7681E-10 9.3902E-10 9.0119E-10 8.6343E-10 8.2586E-10 7.8859E-10 7.5171E-10 7.1533E-10 6.7955E-10 6.4444E-10 6.1008E-10 5.7655E-10 5.4392E-10 5.0642E-10 4.7593E-10 4.4011E-10 4.0498E-10
1.3878E-09 1.4171E-09 1.4449E-09 1.4747E-09 1.4997E-09 1.5229E-09 1.5444E-09 1.5672E-09 1.5849E-09 1.6006E-09 1.6141E-09 1.6253E-09 1.6377E-09 1.6446E-09 1.6491E-09 1.6511E-09 1.6508E-09 1.6515E-09 1.6465E-09 1.6391E-09 1.6293E-09 1.6171E-09 1.6026E-09 1.5889E-09 1.5669E-09 1.5458E-09 1.5226E-09 1.4974E-09 1.4704E-09 1.4416E-09 1.4112E-09 1.3792E-09 1.3458E-09 1.3111E-09 1.2753E-09 1.2385E-09 1.2007E-09 1.1622E-09 1.1231E-09 1.0836E-09 1.0437E-09 1.0036E-09 9.6339E-10 9.2327E-10 8.8332E-10 8.4366E-10 8.0440E-10 7.6566E-10 7.2753E-10 6.9009E-10 6.5345E-10 6.1767E-10 5.8282E-10 5.4897E-10 5.1617E-10 4.7816E-10 4.4077E-10
1.4643E-09 1.4987E-09 1.5287E-09 1.5572E-09 1.5839E-09 1.6120E-09 1.6353E-09 1.6566E-09 1.6758E-09 1.6927E-09 1.7108E-09 1.7234E-09 1.7336E-09 1.7413E-09 1.7465E-09 1.7526E-09 1.7530E-09 1.7508E-09 1.7460E-09 1.7387E-09 1.7317E-09 1.7195E-09 1.7048E-09 1.6877E-09 1.6682E-09 1.6465E-09 1.6225E-09 1.5965E-09 1.5684E-09 1.5385E-09 1.5067E-09 1.4733E-09 1.4384E-09 1.4021E-09 1.3645E-09 1.3257E-09 1.2800E-09 1.2393E-09 1.1980E-09 1.1561E-09 1.1138E-09 1.0713E-09 1.0287E-09 9.8613E-10 9.4371E-10 9.0157E-10 8.5984E-10 8.1862E-10 7.7804E-10 7.3818E-10 6.9914E-10 6.6100E-10 6.2384E-10 5.8772E-10 5.5272E-10 5.1887E-10 4.8622E-10
1.5461E-09 1.5797E-09 1.6117E-09 1.6420E-09 1.6739E-09 1.7009E-09 1.7259E-09 1.7487E-09 1.7727E-09 1.7913E-09 1.8075E-09 1.8213E-09 1.8326E-09 1.8446E-09 1.8509E-09 1.8545E-09 1.8554E-09 1.8536E-09 1.8521E-09 1.8450E-09 1.8353E-09 1.8229E-09 1.8079E-09 1.7934E-09 1.7736E-09 1.7513E-09 1.7266E-09 1.6997E-09 1.6707E-09 1.6396E-09 1.6066E-09 1.5718E-09 1.5354E-09 1.4974E-09 1.4580E-09 1.4118E-09 1.3700E-09 1.3272E-09 1.2836E-09 1.2395E-09 1.1949E-09 1.1499E-09 1.1048E-09 1.0597E-09 1.0147E-09 9.6997E-10 9.2561E-10 8.7429E-10 8.3115E-10 7.8876E-10 7.4721E-10 7.0661E-10 6.6703E-10 6.2855E-10 5.9123E-10 5.5513E-10 5.2029E-10
1.6270E-09 1.6626E-09 1.6967E-09 1.7324E-09 1.7632E-09 1.7921E-09 1.8188E-09 1.8468E-09 1.8694E-09 1.8895E-09 1.9071E-09 1.9255E-09 1.9382E-09 1.9482E-09 1.9553E-09 1.9597E-09 1.9642E-09 1.9631E-09 1.9591E-09 1.9523E-09 1.9426E-09 1.9333E-09 1.9182E-09 1.9005E-09 1.8800E-09 1.8570E-09 1.8315E-09 1.8036E-09 1.7734E-09 1.7410E-09 1.7066E-09 1.6702E-09 1.6321E-09 1.5923E-09 1.5510E-09 1.5083E-09 1.4645E-09 1.4196E-09 1.3739E-09 1.3274E-09 1.2805E-09 1.2331E-09 1.1855E-09 1.1378E-09 1.0901E-09 1.0427E-09 9.8796E-10 9.4122E-10 8.9478E-10 8.4189E-10 7.9774E-10 7.5456E-10 7.1246E-10 6.7150E-10 6.3176E-10 5.9330E-10 5.5618E-10
1.7096E-09 1.7507E-09 1.7872E-09 1.8219E-09 1.8547E-09 1.8888E-09 1.9177E-09 1.9443E-09 1.9686E-09 1.9903E-09 2.0129E-09 2.0297E-09 2.0436E-09 2.0547E-09 2.0658E-09 2.0712E-09 2.0737E-09 2.0732E-09 2.0697E-09 2.0663E-09 2.0569E-09 2.0447E-09 2.0294E-09 2.0113E-09 1.9904E-09 1.9701E-09 1.9440E-09 1.9154E-09 1.8843E-09 1.8509E-09 1.8153E-09 1.7776E-09 1.7379E-09 1.6965E-09 1.6535E-09 1.6090E-09 1.5632E-09 1.5163E-09 1.4683E-09 1.4130E-09 1.3635E-09 1.3135E-09 1.2632E-09 1.2128E-09 1.1624E-09 1.1123E-09 1.0624E-09 1.0128E-09 9.6342E-10 9.1464E-10 8.5935E-10 8.1330E-10 7.6835E-10 7.2457E-10 6.8205E-10 6.4086E-10 6.0106E-10
1.7971E-09 1.8376E-09 1.8763E-09 1.9132E-09 1.9516E-09 1.9847E-09 2.0156E-09 2.0441E-09 2.0736E-09 2.0973E-09 2.1183E-09 2.1365E-09 2.1518E-09 2.1672E-09 2.1767E-09 2.1831E-09 2.1864E-09 2.1897E-09 2.1870E-09 2.1810E-09 2.1719E-09 2.1597E-09 2.1475E-09 2.1294E-09 2.1083E-09 2.0843E-09 2.0575E-09 2.0280E-09 1.9958E-09 1.9612E-09 1.9242E-09 1.8850E-09 1.8437E-09 1.8005E-09 1.7556E-09 1.7090E-09 1.6610E-09 1.6118E-09 1.5615E-09 1.5102E-09 1.4583E-09 1.4058E-09 1.3529E-09 1.2999E-09 1.2468E-09 1.1938E-09 1.1411E-09 1.0885E-09 1.0361E-09 9.8431E-10 9.2485E-10 8.6747E-10 8.1974E-10 7.7323E-10 7.2803E-10 6.8422E-10 6.4187E-10
1.8832E-09 1.9260E-09 1.9671E-09 2.0098E-09 2.0473E-09 2.0826E-09 2.1156E-09 2.1496E-09 2.1778E-09 2.2034E-09 2.2261E-09 2.2488E-09 2.2658E-09 2.2798E-09 2.2905E-09 2.3010E-09 2.3055E-09 2.3068E-09 2.3046E-09 2.2992E-09 2.2935E-09 2.2817E-09 2.2666E-09 2.2484E-09 2.2270E-09 2.2025E-09 2.1750E-09 2.1479E-09 2.1151E-09 2.0795E-09 2.0415E-09 2.0011E-09 1.9584E-09 1.9137E-09 1.8671E-09 1.8187E-09 1.7688E-09 1.7115E-09 1.6588E-09 1.6050E-09 1.5504E-09 1.4952E-09 1.4396E-09 1.3837E-09 1.3277E-09 1.2718E-09 1.2161E-09 1.1604E-09 1.1050E-09 1.0500E-09 9.9592E-10 9.3403E-10 8.8320E-10 8.3360E-10 7.8536E-10 7.3853E-10 6.9322E-10
1.9706E-09 2.0191E-09 2.0629E-09 2.1048E-09 2.1446E-09 2.1855E-09 2.2210E-09 2.2539E-09 2.2842E-09 2.3116E-09 2.3392E-09 2.3610E-09 2.3796E-09 2.3978E-09 2.4102E-09 2.4192E-09 2.4248E-09 2.4269E-09 2.4255E-09 2.4239E-09 2.4159E-09 2.4043E-09 2.3894E-09 2.3711E-09 2.3494E-09 2.3278E-09 2.3001E-09 2.2692E-09 2.2354E-09 2.1989E-09 2.1596E-09 2.1178E-09 2.0735E-09 2.0271E-09 1.9786E-09 1.9282E-09 1.8762E-09 1.8226E-09 1.7677E-09 1.7117E-09 1.6547E-09 1.5969E-09 1.5387E-09 1.4800E-09 1.4212E-09 1.3624E-09 1.3037E-09 1.2449E-09 1.1773E-09 1.1191E-09 1.0618E-09 1.0052E-09 9.4137E-10 8.8878E-10 8.3758E-10 7.8787E-10 7.3972E-10
2.0623E-09 2.1105E-09 2.1568E-09 2.2012E-09 2.2468E-09 2.2871E-09 2.3248E-09 2.3600E-09 2.3953E-09 2.4250E-09 2.4517E-09 2.4753E-09 2.4986E-09 2.5159E-09 2.5297E-09 2.5400E-09 2.5467E-09 2.5530E-09 2.5528E-09 2.5490E-09 2.5415E-09 2.5304E-09 2.5156E-09 2.5006E-09 2.4792E-09 2.4543E-09 2.4260E-09 2.3945E-09 2.3600E-09 2.3224E-09 2.2855E-09 2.2426E-09 2.1972E-09 2.1494E-09 2.0993E-09 2.0473E-09 1.9880E-09 1.9321E-09 1.8748E-09 1.8162E-09 1.7566E-09 1.6961E-09 1.6350E-09 1.5734E-09 1.5116E-09 1.4497E-09 1.3879E-09 1.3258E-09 1.2640E-09 1.2024E-09 1.1417E-09 1.0817E-09 1.0229E-09 9.5697E-10 9.0245E-10 8.4944E-10 7.9804E-10
2.1521E-09 2.2029E-09 2.2518E-09 2.3022E-09 2.3473E-09 2.3900E-09 2.4301E-09 2.4706E-09 2.5055E-09 2.5374E-09 2.5661E-09 2.5948E-09 2.6172E-09 2.6362E-09 2.6516E-09 2.6633E-09 2.6747E-09 2.6793E-09 2.6801E-09 2.6771E-09 2.6703E-09 2.6596E-09 2.6488E-09 2.6310E-09 2.6095E-09 2.5844E-09 2.5558E-09 2.5238E-09 2.4921E-09 2.4539E-09 2.4127E-09 2.3686E-09 2.3218E-09 2.2771E-09 2.2257E-09 2.1721E-09 2.1165E-09 2.0591E-09 2.0001E-09 1.9397E-09 1.8708E-09 1.8078E-09 1.7441E-09 1.6798E-09 1.6151E-09 1.5502E-09 1.4854E-09 1.4107E-09 1.3455E-09 1.2805E-09 1.2162E-09 1.1527E-09 1.0905E-09 1.0196E-09 9.6183E-10 9.0563E-10 8.5109E-10
2.2424E-09 2.2960E-09 2.3511E-09 2.4010E-09 2.4487E-09 2.4940E-09 2.5397E-09 2.5798E-09 2.6171E-09 2.6542E-09 2.6854E-09 2.7133E-09 2.7377E-09 2.7585E-09 2.7787E-09 2.7923E-09 2.8021E-09 2.8080E-09 2.8100E-09 2.8080E-09 2.8054E-09 2.7958E-09 2.7822E-09 2.7647E-09 2.7434E-09 2.7183E-09 2.6930E-09 2.6609E-09 2.6253E-09 2.5864E-09 2.5443E-09 2.5038E-09 2.4561E-09 2.4056E-09 2.3527E-09 2.3021E-09 2.2450E-09 2.1859E-09 2.1250E-09 2.0626E-09 1.9989E-09 1.9340E-09 1.8605E-09 1.7936E-09 1.7262E-09 1.6585E-09 1.5908E-09 1.5222E-09 1.4423E-09 1.3738E-09 1.3122E-09 1.2453E-09 1.1796E-09 1.1152E-09 1.0424E-09 9.8272E-10 9.2474E-10
2.3332E-09 2.3931E-09 2.4478E-09 2.5005E-09 2.5509E-09 2.6019E-09 2.6475E-09 2.6902E-09 2.7328E-09 2.7697E-09 2.8032E-09 2.8333E-09 2.8598E-09 2.8858E-09 2.9051E-09 2.9204E-09 2.9318E-09 2.9392E-09 2.9456E-09 2.9451E-09 2.9404E-09 2.9316E-09 2.9187E-09 2.9017E-09 2.8841E-09 2.8594E-09 2.8309E-09 2.7986E-09 2.7625E-09 2.7277E-09 2.6852E-09 2.6395E-09 2.5906E-09 2.5438E-09 2.4897E-09 2.4332E-09 2.3742E-09 2.3182E-09 2.2556E-09 2.1913E-09 2.1256E-09 2.0585E-09 1.9904E-09 1.9214E-09 1.8439E-09 1.7734E-09 1.7090E-09 1.6377E-09 1.5664E-09 1.4952E-09 1.4123E-09 1.3418E-09 1.2724E-09 1.2043E-09 1.1383E-09 1.0739E-09 9.8714E-10
2.4277E-09 2.4873E-09 2.5449E-09 2.6032E-09 2.6567E-09 2.7077E-09 2.7559E-09 2.8043E-09 2.8469E-09 2.8862E-09 2.9222E-09 2.9546E-09 2.9866E-09 3.0118E-09 3.0331E-09 3.0503E-09 3.0634E-09 3.0757E-09 3.0808E-09 3.0816E-09 3.0780E-09 3.0702E-09 3.0581E-09 3.0454E-09 3.0252E-09 3.0008E-09 2.9723E-09 2.9446E-09 2.9088E-09 2.8692E-09 2.8261E-09 2.7845E-09 2.7351E-09 2.6827E-09 2.6273E-09 2.5743E-09 2.5142E-09 2.4518E-09 2.3872E-09 2.3260E-09 2.2584E-09 2.1893E-09 2.1191E-09 2.0541E-09 1.9825E-09 1.9103E-09 1.8294E-09 1.7552E-09 1.6809E-09 1.6064E-09 1.5323E-09 1.4585E-09 1.3731E-09 1.3012E-09 1.2314E-09 1.1633E-09 1.0977E-09
2.5190E-09 2.5815E-09 2.6448E-09 2.7035E-09 2.7599E-09 2.8137E-09 2.8678E-09 2.9162E-09 2.9615E-09 3.0035E-09 3.0450E-09 3.0802E-09 3.1116E-09 3.1391E-09 3.1625E-09 3.1817E-09 3.2002E-09 3.2113E-09 3.2180E-09 3.2202E-09 3.2180E-09 3.2148E-09 3.2041E-09 3.1889E-09 3.1693E-09 3.1499E-09 3.1222E-09 3.0904E-09 3.0546E-09 3.0196E-09 2.9765E-09 2.9299E-09 2.8797E-09 2.8314E-09 2.7754E-09 2.7165E-09 2.6549E-09 2.5961E-09 2.5302E-09 2.4623E-09 2.3926E-09 2.3278E-09 2.2556E-09 2.1823E-09 2.1081E-09 2.0331E-09 1.9574E-09 1.8805E-09 1.8033E-09 1.7258E-09 1.6483E-09 1.5712E-09 1.4949E-09 1.4196E-09 1.3398E-09 1.2681E-09 1.1989E-09
2.6099E-09 2.6781E-09 2.7420E-09 2.8037E-09 2.8630E-09 2.9228E-09 2.9771E-09 3.0284E-09 3.0765E-09 3.1242E-09 3.1657E-09 3.2035E-09 3.2374E-09 3.2673E-09 3.2962E-09 3.3180E-09 3.3354E-09 3.3484E-09 3.3569E-09 3.3608E-09 3.3637E-09 3.3588E-09 3.3492E-09 3.3351E-09 3.3211E-09 3.2984E-09 3.2712E-09 3.2444E-09 3.2092E-09 3.1699E-09 3.1267E-09 3.0846E-09 3.0345E-09 2.9809E-09 2.9240E-09 2.8692E-09 2.8068E-09 2.7418E-09 2.6805E-09 2.6114E-09 2.5403E-09 2.4674E-09 2.3930E-09 2.3173E-09 2.2404E-09 2.1627E-09 2.0840E-09 2.0040E-09 1.9234E-09 1.8493E-09 1.7685E-09 1.6880E-09 1.6082E-09 1.5293E-09 1.4524E-09 1.3771E-09 1.3040E-09
2.7001E-09 2.7717E-09 2.8387E-09 2.9034E-09 2.9688E-09 3.0289E-09 3.0862E-09 3.1404E-09 3.1945E-09 3.2424E-09 3.2867E-09 3.3272E-09 3.3637E-09 3.3993E-09 3.4279E-09 3.4521E-09 3.4718E-09 3.4869E-09 3.4973E-09 3.5068E-09 3.5082E-09 3.5048E-09 3.4975E-09 3.4887E-09 3.4716E-09 3.4498E-09 3.4283E-09 3.3979E-09 3.3632E-09 3.3289E-09 3.2863E-09 3.2397E-09 3.1893E-09 3.1403E-09 3.0833E-09 3.0230E-09 2.9596E-09 2.9001E-09 2.8319E-09 2.7613E-09 2.6885E-09 2.6137E-09 2.5372E-09 2.4592E-09 2.3799E-09 2.3060E-09 2.2248E-09 2.1422E-09 2.0588E-09 1.9749E-09 1.8906E-09 1.8064E-09 1.7227E-09 1.6400E-09 1.5591E-09 1.4798E-09 1.4025E-09
