Assets/Resources/2015_m01_d06_0900(utc+0800)_l00_csi_1hr_conc.grd
DSAA
         159         159
     -79.000      79.000
     -79.000      79.000
  0.0000E+00  0.6236E-05
[rows 25 to 49 of 159, columns 57 to 113 of 159]
0.0000E+00 0.0000E+00 0.0000E+00 0.0000E+00 0.0000E+00 0.0000E+00 0.0000E+00 0.0000E+00 0.0000E+00 5.2224E-12 2.7695E-11 6.4136E-11 1.1635E-10 1.9291E-10 3.1086E-10 4.7561E-10 7.0770E-10 1.0162E-09 1.4278E-09 1.9582E-09 2.6208E-09 3.3876E-09 4.2638E-09 5.2457E-09 6.3120E-09 7.4407E-09 8.5928E-09 9.7261E-09 1.0804E-08 1.1788E-08 1.2654E-08 1.3373E-08 1.3926E-08 1.4303E-08 1.4496E-08 1.4503E-08 1.4332E-08 1.3997E-08 1.3512E-08 1.2894E-08 1.2172E-08 1.1363E-08 1.0488E-08 9.5816E-09 8.6527E-09 7.7274E-09 6.8276E-09 5.9599E-09 5.1425E-09 4.3854E-09 3.6981E-09 3.0786E-09 2.5339E-09 2.0569E-09 1.6514E-09 1.3043E-09 1.0148E-09
0.0000E+00 0.0000E+00 0.0000E+00 0.0000E+00 0.0000E+00 0.0000E+00 0.0000E+00 0.0000E+00 0.0000E+00 5.7740E-12 3.0872E-11 7.3775E-11 1.3921E-10 2.2917E-10 3.6605E-10 5.6125E-10 8.2462E-10 1.1878E-09 1.6495E-09 2.2444E-09 2.9807E-09 3.8406E-09 4.8038E-09 5.8697E-09 7.0118E-09 8.1939E-09 9.3787E-09 1.0520E-08 1.1577E-08 1.2511E-08 1.3292E-08 1.3900E-08 1.4321E-08 1.4550E-08 1.4589E-08 1.4447E-08 1.4135E-08 1.3667E-08 1.3070E-08 1.2362E-08 1.1565E-08 1.0710E-08 9.8120E-09 8.8939E-09 7.9808E-09 7.0773E-09 6.2169E-09 5.3961E-09 4.6301E-09 3.9291E-09 3.2989E-09 2.7341E-09 2.2420E-09 1.8120E-09 1.4470E-09 1.1350E-09 8.7701E-10
0.0000E+00 0.0000E+00 0.0000E+00 0.0000E+00 0.0000E+00 0.0000E+00 0.0000E+00 0.0000E+00 0.0000E+00 6.8102E-12 3.5891E-11 8.4359E-11 1.5825E-10 2.6988E-10 4.2895E-10 6.5189E-10 9.6077E-10 1.3727E-09 1.8958E-09 2.5553E-09 3.3696E-09 4.3293E-09 5.3955E-09 6.5523E-09 7.7694E-09 9.0051E-09 1.0213E-08 1.1347E-08 1.2363E-08 1.3221E-08 1.3895E-08 1.4372E-08 1.4645E-08 1.4717E-08 1.4594E-08 1.4293E-08 1.3836E-08 1.3244E-08 1.2538E-08 1.1749E-08 1.0894E-08 9.9967E-09 9.0882E-09 8.1721E-09 7.2807E-09 6.4170E-09 5.5982E-09 4.8303E-09 4.1207E-09 3.4783E-09 2.9069E-09 2.3975E-09 1.9557E-09 1.5722E-09 1.2473E-09 9.7163E-10 7.4805E-10
0.0000E+00 0.0000E+00 0.0000E+00 0.0000E+00 0.0000E+00 0.0000E+00 0.0000E+00 0.0000E+00 0.0000E+00 6.6632E-12 3.8796E-11 9.5768E-11 1.8151E-10 3.0958E-10 4.9348E-10 7.4941E-10 1.1041E-09 1.5648E-09 2.1601E-09 2.9010E-09 3.8007E-09 4.8582E-09 6.0265E-09 7.2757E-09 8.5677E-09 9.8516E-09 1.1075E-08 1.2187E-08 1.3143E-08 1.3908E-08 1.4459E-08 1.4784E-08 1.4889E-08 1.4784E-08 1.4494E-08 1.4035E-08 1.3433E-08 1.2718E-08 1.1918E-08 1.1053E-08 1.0156E-08 9.2375E-09 8.3242E-09 7.4302E-09 6.5648E-09 5.7497E-09 4.9787E-09 4.2689E-09 3.6200E-09 3.0380E-09 2.5250E-09 2.0712E-09 1.6798E-09 1.3414E-09 1.0589E-09 8.2191E-10 6.3298E-10
0.0000E+00 0.0000E+00 0.0000E+00 0.0000E+00 0.0000E+00 0.0000E+00 0.0000E+00 0.0000E+00 0.0000E+00 5.2423E-12 4.2400E-11 1.0537E-10 2.0486E-10 3.4933E-10 5.5890E-10 8.5476E-10 1.2550E-09 1.7770E-09 2.4446E-09 3.2675E-09 4.2604E-09 5.4163E-09 6.6933E-09 8.0401E-09 9.4060E-09 1.0732E-08 1.1958E-08 1.3031E-08 1.3905E-08 1.4551E-08 1.4953E-08 1.5113E-08 1.5038E-08 1.4751E-08 1.4279E-08 1.3662E-08 1.2925E-08 1.2098E-08 1.1213E-08 1.0292E-08 9.3572E-09 8.4344E-09 7.5287E-09 6.6674E-09 5.8429E-09 5.0823E-09 4.3674E-09 3.7200E-09 3.1329E-09 2.6138E-09 2.1595E-09 1.7600E-09 1.4202E-09 1.1284E-09 8.8790E-10 6.8900E-10 5.3023E-10
0.0000E+00 0.0000E+00 0.0000E+00 0.0000E+00 0.0000E+00 0.0000E+00 0.0000E+00 0.0000E+00 0.0000E+00 5.0662E-12 4.4596E-11 1.1442E-10 2.2611E-10 3.9311E-10 6.2787E-10 9.5918E-10 1.4100E-09 1.9992E-09 2.7486E-09 3.6705E-09 4.7614E-09 6.0184E-09 7.4007E-09 8.8405E-09 1.0276E-08 1.1636E-08 1.2854E-08 1.3871E-08 1.4646E-08 1.5152E-08 1.5383E-08 1.5349E-08 1.5079E-08 1.4604E-08 1.3958E-08 1.3180E-08 1.2312E-08 1.1386E-08 1.0427E-08 9.4663E-09 8.5175E-09 7.6014E-09 6.7250E-09 5.8993E-09 5.1272E-09 4.4247E-09 3.7724E-09 3.1911E-09 2.6686E-09 2.2119E-09 1.8178E-09 1.4735E-09 1.1835E-09 9.3791E-10 7.3744E-10 5.7112E-10 4.3996E-10
0.0000E+00 0.0000E+00 0.0000E+00 0.0000E+00 0.0000E+00 0.0000E+00 0.0000E+00 0.0000E+00 0.0000E+00 4.1501E-12 4.7473E-11 1.2380E-10 2.4510E-10 4.3458E-10 6.9892E-10 1.0739E-09 1.5765E-09 2.2341E-09 3.0668E-09 4.0880E-09 5.2891E-09 6.6510E-09 8.1355E-09 9.6677E-09 1.1161E-08 1.2543E-08 1.3738E-08 1.4683E-08 1.5338E-08 1.5686E-08 1.5730E-08 1.5494E-08 1.5015E-08 1.4341E-08 1.3521E-08 1.2597E-08 1.1609E-08 1.0598E-08 9.5868E-09 8.5963E-09 7.6502E-09 6.7502E-09 5.9175E-09 5.1395E-09 4.4306E-09 3.7915E-09 3.2067E-09 2.6917E-09 2.2370E-09 1.8434E-09 1.5068E-09 1.2166E-09 9.7469E-10 7.7036E-10 6.0504E-10 4.6764E-10 3.5834E-10
0.0000E+00 0.0000E+00 0.0000E+00 0.0000E+00 0.0000E+00 0.0000E+00 0.0000E+00 0.0000E+00 0.0000E+00 4.7479E-12 4.7356E-11 1.3075E-10 2.6598E-10 4.7500E-10 7.7189E-10 1.1866E-09 1.7424E-09 2.4739E-09 3.4013E-09 4.5284E-09 5.8451E-09 7.3138E-09 8.8970E-09 1.0514E-08 1.2062E-08 1.3451E-08 1.4601E-08 1.5454E-08 1.5969E-08 1.6140E-08 1.5982E-08 1.5535E-08 1.4847E-08 1.3976E-08 1.2980E-08 1.1921E-08 1.0832E-08 9.7451E-09 8.7006E-09 7.7040E-09 6.7742E-09 5.9114E-09 5.1264E-09 4.4068E-09 3.7636E-09 3.1949E-09 2.6801E-09 2.2347E-09 1.8447E-09 1.5131E-09 1.2318E-09 9.9064E-10 7.9174E-10 6.2378E-10 4.8777E-10 3.7398E-10 2.8194E-10
0.0000E+00 0.0000E+00 0.0000E+00 0.0000E+00 0.0000E+00 0.0000E+00 0.0000E+00 0.0000E+00 0.0000E+00 5.0466E-12 4.5954E-11 1.3923E-10 2.8732E-10 5.1844E-10 8.4535E-10 1.2979E-09 1.9162E-09 2.7260E-09 3.7483E-09 4.9899E-09 6.4260E-09 8.0208E-09 9.7020E-09 1.1391E-08 1.2981E-08 1.4361E-08 1.5449E-08 1.6184E-08 1.6537E-08 1.6508E-08 1.6131E-08 1.5459E-08 1.4562E-08 1.3506E-08 1.2353E-08 1.1162E-08 9.9930E-09 8.8634E-09 7.7960E-09 6.8131E-09 5.9076E-09 5.0979E-09 4.3675E-09 3.7183E-09 3.1447E-09 2.6483E-09 2.2012E-09 1.8248E-09 1.4944E-09 1.2222E-09 9.9130E-10 7.9371E-10 6.3112E-10 4.9414E-10 3.8240E-10 2.8889E-10 2.1511E-10
0.0000E+00 0.0000E+00 0.0000E+00 0.0000E+00 0.0000E+00 0.0000E+00 0.0000E+00 0.0000E+00 0.0000E+00 7.1553E-12 5.2347E-11 1.4752E-10 3.0966E-10 5.6016E-10 9.1366E-10 1.4135E-09 2.0951E-09 2.9871E-09 4.1095E-09 5.4610E-09 7.0179E-09 8.7314E-09 1.0516E-08 1.2271E-08 1.3886E-08 1.5244E-08 1.6250E-08 1.6847E-08 1.7019E-08 1.6779E-08 1.6176E-08 1.5279E-08 1.4168E-08 1.2930E-08 1.1643E-08 1.0352E-08 9.1046E-09 7.9520E-09 6.8874E-09 5.9327E-09 5.0791E-09 4.3258E-09 3.6608E-09 3.0806E-09 2.5792E-09 2.1550E-09 1.7763E-09 1.4592E-09 1.1912E-09 9.6902E-10 7.8103E-10 6.2145E-10 4.9034E-10 3.7933E-10 2.9076E-10 2.1719E-10 1.5671E-10
0.0000E+00 0.0000E+00 0.0000E+00 0.0000E+00 0.0000E+00 0.0000E+00 0.0000E+00 0.0000E+00 0.0000E+00 8.6087E-12 5.3803E-11 1.5775E-10 3.3043E-10 6.0146E-10 9.8917E-10 1.5330E-09 2.2733E-09 3.2477E-09 4.4727E-09 5.9447E-09 7.6340E-09 9.4684E-09 1.1357E-08 1.3175E-08 1.4798E-08 1.6112E-08 1.7016E-08 1.7455E-08 1.7419E-08 1.6945E-08 1.6103E-08 1.4983E-08 1.3676E-08 1.2270E-08 1.0850E-08 9.4876E-09 8.2066E-09 7.0378E-09 6.0037E-09 5.0811E-09 4.2915E-09 3.6030E-09 3.0129E-09 2.5028E-09 2.0744E-09 1.7168E-09 1.3993E-09 1.1378E-09 9.2726E-10 7.4973E-10 5.9973E-10 4.7233E-10 3.6967E-10 2.8325E-10 2.1313E-10 1.5543E-10 1.0450E-10
0.0000E+00 0.0000E+00 0.0000E+00 0.0000E+00 0.0000E+00 0.0000E+00 0.0000E+00 0.0000E+00 0.0000E+00 1.4537E-11 6.6899E-11 1.7136E-10 3.5206E-10 6.4970E-10 1.0654E-09 1.6498E-09 2.4583E-09 3.5206E-09 4.8571E-09 6.4511E-09 8.2618E-09 1.0219E-08 1.2201E-08 1.4077E-08 1.5700E-08 1.6946E-08 1.7726E-08 1.7989E-08 1.7736E-08 1.7022E-08 1.5933E-08 1.4584E-08 1.3085E-08 1.1539E-08 1.0017E-08 8.5827E-09 7.2924E-09 6.1366E-09 5.1385E-09 4.2836E-09 3.5583E-09 2.9425E-09 2.4277E-09 1.9858E-09 1.6278E-09 1.3312E-09 1.0571E-09 8.6980E-10 7.0291E-10 5.6333E-10 4.4745E-10 3.4920E-10 2.6979E-10 2.0337E-10 1.4707E-10 8.0267E-11 3.1175E-11
0.0000E+00 0.0000E+00 0.0000E+00 0.0000E+00 0.0000E+00 0.0000E+00 0.0000E+00 0.0000E+00 1.4159E-12 2.2402E-11 7.1012E-11 1.8695E-10 3.8343E-10 6.9496E-10 1.1421E-09 1.7820E-09 2.6547E-09 3.8058E-09 5.2409E-09 6.9580E-09 8.9025E-09 1.0973E-08 1.3048E-08 1.4968E-08 1.6580E-08 1.7745E-08 1.8375E-08 1.8436E-08 1.7948E-08 1.6987E-08 1.5663E-08 1.4097E-08 1.2420E-08 1.0740E-08 9.1472E-09 7.6846E-09 6.3896E-09 5.2792E-09 4.3230E-09 3.5405E-09 2.8864E-09 2.3510E-09 1.9086E-09 1.5378E-09 1.2450E-09 9.8610E-10 7.9118E-10 6.4629E-10 5.1835E-10 4.1172E-10 3.2358E-10 2.4882E-10 1.8464E-10 1.1871E-10 5.4035E-11 1.5065E-11 5.3995E-12
0.0000E+00 0.0000E+00 0.0000E+00 0.0000E+00 0.0000E+00 0.0000E+00 0.0000E+00 0.0000E+00 5.7594E-12 3.0288E-11 8.7413E-11 2.0820E-10 4.1195E-10 7.4462E-10 1.2378E-09 1.9191E-09 2.8590E-09 4.0914E-09 5.6427E-09 7.4911E-09 9.5634E-09 1.1755E-08 1.3913E-08 1.5869E-08 1.7451E-08 1.8517E-08 1.8978E-08 1.8816E-08 1.8077E-08 1.6858E-08 1.5291E-08 1.3526E-08 1.1697E-08 9.9172E-09 8.2618E-09 6.7948E-09 5.5217E-09 4.4589E-09 3.5761E-09 2.8690E-09 2.2928E-09 1.8369E-09 1.4613E-09 1.1591E-09 9.0793E-10 7.0862E-10 5.7574E-10 4.6684E-10 3.6992E-10 2.8902E-10 2.1838E-10 1.5414E-10 8.1833E-11 2.7498E-11 1.0936E-11 3.4733E-12 0.0000E+00
0.0000E+00 0.0000E+00 0.0000E+00 0.0000E+00 0.0000E+00 0.0000E+00 0.0000E+00 0.0000E+00 9.7578E-12 3.8447E-11 1.0127E-10 2.2988E-10 4.4664E-10 8.1242E-10 1.3342E-09 2.0651E-09 3.0733E-09 4.4023E-09 6.0671E-09 8.0309E-09 1.0229E-08 1.2528E-08 1.4760E-08 1.6734E-08 1.8268E-08 1.9217E-08 1.9498E-08 1.9105E-08 1.8108E-08 1.6637E-08 1.4839E-08 1.2885E-08 1.0923E-08 9.0666E-09 7.3871E-09 5.9328E-09 4.7136E-09 3.7087E-09 2.9079E-09 2.2729E-09 1.7813E-09 1.3979E-09 1.0848E-09 8.2684E-10 6.1855E-10 5.0484E-10 4.0405E-10 3.2215E-10 2.4810E-10 1.8145E-10 1.0502E-10 4.2923E-11 1.3242E-11 6.5684E-12 1.5782E-12 0.0000E+00 0.0000E+00
0.0000E+00 0.0000E+00 0.0000E+00 0.0000E+00 0.0000E+00 0.0000E+00 0.0000E+00 0.0000E+00 1.3235E-11 5.0889E-11 1.2227E-10 2.5291E-10 4.9136E-10 8.7583E-10 1.4384E-09 2.2259E-09 3.3086E-09 4.7285E-09 6.4937E-09 8.5824E-09 1.0896E-08 1.3298E-08 1.5591E-08 1.7570E-08 1.9038E-08 1.9849E-08 1.9931E-08 1.9296E-08 1.8039E-08 1.6315E-08 1.4309E-08 1.2193E-08 1.0124E-08 8.2163E-09 6.5407E-09 5.1167E-09 3.9612E-09 3.0314E-09 2.3154E-09 1.7617E-09 1.3500E-09 1.0275E-09 7.6733E-10 5.4478E-10 4.2550E-10 3.4184E-10 2.6684E-10 2.0096E-10 1.2324E-10 5.7210E-11 1.2493E-11 7.3358E-12 3.0088E-12 3.3960E-13 0.0000E+00 0.0000E+00 0.0000E+00
0.0000E+00 0.0000E+00 0.0000E+00 0.0000E+00 0.0000E+00 0.0000E+00 0.0000E+00 0.0000E+00 1.5831E-11 6.3976E-11 1.3914E-10 2.8786E-10 5.3980E-10 9.4535E-10 1.5572E-09 2.4005E-09 3.5537E-09 5.0606E-09 6.9475E-09 9.1529E-09 1.1587E-08 1.4081E-08 1.6420E-08 1.8384E-08 1.9764E-08 2.0416E-08 2.0281E-08 1.9397E-08 1.7883E-08 1.5923E-08 1.3719E-08 1.1464E-08 9.3158E-09 7.3816E-09 5.7284E-09 4.3673E-09 3.2802E-09 2.4421E-09 1.8002E-09 1.3317E-09 9.9136E-10 7.2572E-10 4.8155E-10 3.4426E-10 2.7287E-10 2.1041E-10 1.3921E-10 6.8162E-11 1.6630E-11 5.8093E-12 2.9426E-12 8.4151E-13 0.0000E+00 0.0000E+00 0.0000E+00 0.0000E+00 0.0000E+00
0.0000E+00 0.0000E+00 0.0000E+00 0.0000E+00 0.0000E+00 0.0000E+00 0.0000E+00 0.0000E+00 2.1891E-11 7.3877E-11 1.6057E-10 3.1977E-10 5.8176E-10 1.0271E-09 1.6794E-09 2.5780E-09 3.8090E-09 5.4244E-09 7.4176E-09 9.7388E-09 1.2278E-08 1.4846E-08 1.7217E-08 1.9142E-08 2.0415E-08 2.0894E-08 2.0535E-08 1.9399E-08 1.7637E-08 1.5454E-08 1.3079E-08 1.0715E-08 8.5199E-09 6.5953E-09 4.9803E-09 3.6910E-09 2.6830E-09 1.9319E-09 1.3691E-09 9.8053E-10 6.9607E-10 4.3715E-10 2.7641E-10 2.0387E-10 1.4526E-10 7.9261E-11 2.3268E-11 3.3043E-12 1.7623E-12 5.5357E-13 0.0000E+00 0.0000E+00 0.0000E+00 0.0000E+00 0.0000E+00 0.0000E+00 0.0000E+00
0.0000E+00 0.0000E+00 0.0000E+00 0.0000E+00 0.0000E+00 0.0000E+00 0.0000E+00 0.0000E+00 2.6900E-11 8.1116E-11 1.8499E-10 3.4835E-10 6.3894E-10 1.1126E-09 1.7980E-09 2.7670E-09 4.0852E-09 5.7908E-09 7.8924E-09 1.0333E-08 1.2973E-08 1.5612E-08 1.7997E-08 1.9874E-08 2.1021E-08 2.1307E-08 2.0705E-08 1.9312E-08 1.7316E-08 1.4941E-08 1.2427E-08 9.9761E-09 7.7565E-09 5.8536E-09 4.3036E-09 3.0904E-09 2.1786E-09 1.5057E-09 1.0216E-09 7.0127E-10 4.5680E-10 2.3345E-10 1.4155E-10 8.4802E-11 3.0144E-11 8.7298E-13 4.9558E-13 8.3579E-14 0.0000E+00 0.0000E+00 0.0000E+00 0.0000E+00 0.0000E+00 0.0000E+00 0.0000E+00 0.0000E+00 0.0000E+00
0.0000E+00 0.0000E+00 0.0000E+00 0.0000E+00 0.0000E+00 0.0000E+00 0.0000E+00 0.0000E+00 3.0117E-11 9.1276E-11 2.0397E-10 3.8071E-10 6.9347E-10 1.1837E-09 1.9228E-09 2.9523E-09 4.3481E-09 6.1590E-09 8.3817E-09 1.0936E-08 1.3677E-08 1.6379E-08 1.8773E-08 2.0582E-08 2.1591E-08 2.1674E-08 2.0837E-08 1.9196E-08 1.6960E-08 1.4395E-08 1.1750E-08 9.2499E-09 7.0341E-09 5.1810E-09 3.7026E-09 2.5754E-09 1.7522E-09 1.1575E-09 7.4728E-10 4.6711E-10 2.2227E-10 8.2866E-11 3.8432E-11 8.0802E-14 0.0000E+00 0.0000E+00 0.0000E+00 0.0000E+00 0.0000E+00 0.0000E+00 0.0000E+00 0.0000E+00 0.0000E+00 0.0000E+00 0.0000E+00 0.0000E+00 0.0000E+00
0.0000E+00 0.0000E+00 0.0000E+00 0.0000E+00 0.0000E+00 0.0000E+00 0.0000E+00 0.0000E+00 3.3395E-11 9.7186E-11 2.1313E-10 4.1426E-10 7.3430E-10 1.2596E-09 2.0382E-09 3.1251E-09 4.6095E-09 6.5287E-09 8.8633E-09 1.1540E-08 1.4381E-08 1.7145E-08 1.9535E-08 2.1271E-08 2.2133E-08 2.2010E-08 2.0928E-08 1.9038E-08 1.6596E-08 1.3870E-08 1.1129E-08 8.5838E-09 6.3787E-09 4.5736E-09 3.1794E-09 2.1378E-09 1.3936E-09 8.7307E-10 5.1552E-10 2.4312E-10 6.6655E-11 3.1784E-12 0.0000E+00 0.0000E+00 0.0000E+00 0.0000E+00 0.0000E+00 0.0000E+00 0.0000E+00 0.0000E+00 0.0000E+00 0.0000E+00 0.0000E+00 0.0000E+00 0.0000E+00 0.0000E+00 0.0000E+00
0.0000E+00 0.0000E+00 0.0000E+00 0.0000E+00 0.0000E+00 0.0000E+00 0.0000E+00 0.0000E+00 3.2414E-11 9.7576E-11 2.2465E-10 4.3930E-10 7.7413E-10 1.3256E-09 2.1264E-09 3.2766E-09 4.8461E-09 6.8656E-09 9.3289E-09 1.2132E-08 1.5081E-08 1.7911E-08 2.0309E-08 2.1981E-08 2.2702E-08 2.2376E-08 2.1054E-08 1.8925E-08 1.6259E-08 1.3369E-08 1.0531E-08 7.9681E-09 5.7898E-09 4.0451E-09 2.7238E-09 1.7709E-09 1.0969E-09 6.4321E-10 3.1764E-10 8.3917E-11 6.4147E-12 0.0000E+00 0.0000E+00 0.0000E+00 0.0000E+00 0.0000E+00 0.0000E+00 0.0000E+00 0.0000E+00 0.0000E+00 0.0000E+00 0.0000E+00 0.0000E+00 0.0000E+00 0.0000E+00 0.0000E+00 0.0000E+00
0.0000E+00 0.0000E+00 0.0000E+00 0.0000E+00 0.0000E+00 0.0000E+00 0.0000E+00 0.0000E+00 3.1447E-11 9.6565E-11 2.2321E-10 4.4246E-10 8.0434E-10 1.3633E-09 2.2010E-09 3.4094E-09 5.0433E-09 7.1670E-09 9.7553E-09 1.2688E-08 1.5759E-08 1.8674E-08 2.1100E-08 2.2716E-08 2.3303E-08 2.2781E-08 2.1228E-08 1.8860E-08 1.5996E-08 1.2952E-08 1.0025E-08 7.4286E-09 5.2728E-09 3.5893E-09 2.3351E-09 1.4571E-09 8.5757E-10 4.4978E-10 1.4215E-10 3.9072E-11 4.8994E-12 0.0000E+00 0.0000E+00 0.0000E+00 0.0000E+00 0.0000E+00 0.0000E+00 0.0000E+00 0.0000E+00 0.0000E+00 0.0000E+00 0.0000E+00 0.0000E+00 0.0000E+00 0.0000E+00 0.0000E+00 0.0000E+00
0.0000E+00 0.0000E+00 0.0000E+00 0.0000E+00 0.0000E+00 0.0000E+00 0.0000E+00 0.0000E+00 2.6765E-11 8.7544E-11 2.1559E-10 4.4415E-10 8.1743E-10 1.3782E-09 2.2351E-09 3.4706E-09 5.1784E-09 7.4068E-09 1.0113E-08 1.3187E-08 1.6398E-08 1.9422E-08 2.1900E-08 2.3498E-08 2.3987E-08 2.3296E-08 2.1521E-08 1.8920E-08 1.5834E-08 1.2624E-08 9.5967E-09 6.9569E-09 4.8220E-09 3.1893E-09 2.0153E-09 1.2006E-09 6.6469E-10 2.7537E-10 8.5263E-11 1.2109E-11 0.0000E+00 0.0000E+00 0.0000E+00 0.0000E+00 0.0000E+00 0.0000E+00 0.0000E+00 0.0000E+00 0.0000E+00 0.0000E+00 0.0000E+00 0.0000E+00 0.0000E+00 0.0000E+00 0.0000E+00 0.0000E+00 0.0000E+00
0.0000E+00 0.0000E+00 0.0000E+00 0.0000E+00 0.0000E+00 0.0000E+00 0.0000E+00 0.0000E+00 2.1544E-11 7.6807E-11 1.9781E-10 4.2045E-10 7.9321E-10 1.3722E-09 2.2304E-09 3.4941E-09 5.2600E-09 7.5531E-09 1.0375E-08 1.3597E-08 1.6966E-08 2.0135E-08 2.2716E-08 2.4348E-08 2.4778E-08 2.3939E-08 2.1954E-08 1.9112E-08 1.5804E-08 1.2415E-08 9.2722E-09 6.5863E-09 4.4501E-09 2.8554E-09 1.7385E-09 9.9489E-10 5.0004E-10 1.7908E-10 5.2180E-11 3.5606E-12 0.0000E+00 0.0000E+00 0.0000E+00 0.0000E+00 0.0000E+00 0.0000E+00 0.0000E+00 0.0000E+00 0.0000E+00 0.0000E+00 0.0000E+00 0.0000E+00 0.0000E+00 0.0000E+00 0.0000E+00 0.0000E+00 0.0000E+00
