Assets/Resources/2015_m01_d03_0800(utc+0800)_l00_csi_1hr_conc.grd
DSAA
         159         159
     -79.000      79.000
     -79.000      79.000
  0.0000E+00  0.2951E-05
[rows 0 to 24 of 159, columns 0 to 56 of 159]
2.7678E-11 3.0943E-11 3.4718E-11 3.8598E-11 4.2793E-11 4.7543E-11 5.2218E-11 5.7704E-11 6.3157E-11 6.9009E-11 7.5506E-11 8.2015E-11 8.9422E-11 9.6873E-11 1.0526E-10 1.1374E-10 1.2342E-10 1.3439E-10 1.4715E-10 1.6147E-10 1.7524E-10 1.8876E-10 2.0263E-10 2.1690E-10 2.3189E-10 2.4760E-10 2.6404E-10 2.8121E-10 2.9915E-10 3.1783E-10 3.3755E-10 3.5741E-10 3.7832E-10 4.0027E-10 4.2262E-10 4.4536E-10 4.6910E-10 4.9382E-10 5.1884E-10 5.4415E-10 5.7031E-10 5.9688E-10 6.2399E-10 6.5053E-10 6.7695E-10 7.0383E-10 7.3005E-10 7.5586E-10 7.8082E-10 8.0517E-10 8.2916E-10 8.5270E-10 8.7505E-10 8.9617E-10 9.1630E-10 9.3540E-10 9.5378E-10
2.8584E-11 3.2171E-11 3.6062E-11 4.0061E-11 4.4386E-11 4.9284E-11 5.4129E-11 5.9560E-11 6.5413E-11 7.1466E-11 7.7954E-11 8.4901E-11 9.2326E-11 1.0001E-10 1.0869E-10 1.1812E-10 1.2884E-10 1.4135E-10 1.5610E-10 1.6899E-10 1.8261E-10 1.9597E-10 2.1005E-10 2.2486E-10 2.4041E-10 2.5701E-10 2.7377E-10 2.9192E-10 3.1053E-10 3.2992E-10 3.5009E-10 3.7104E-10 3.9275E-10 4.1521E-10 4.3843E-10 4.6238E-10 4.8703E-10 5.1236E-10 5.3836E-10 5.6498E-10 5.9210E-10 6.1959E-10 6.4693E-10 6.7461E-10 7.0248E-10 7.2978E-10 7.5642E-10 7.8258E-10 8.0855E-10 8.3419E-10 8.5876E-10 8.8220E-10 9.0473E-10 9.2630E-10 9.4721E-10 9.6741E-10 9.8616E-10
2.9694E-11 3.3390E-11 3.7193E-11 4.1314E-11 4.5998E-11 5.1043E-11 5.6037E-11 6.1435E-11 6.7457E-11 7.3926E-11 8.0396E-11 8.7795E-11 9.5227E-11 1.0341E-10 1.1279E-10 1.2324E-10 1.3555E-10 1.4933E-10 1.6292E-10 1.7600E-10 1.8913E-10 2.0298E-10 2.1758E-10 2.3325E-10 2.4936E-10 2.6628E-10 2.8398E-10 3.0248E-10 3.2178E-10 3.4191E-10 3.6283E-10 3.8487E-10 4.0708E-10 4.3041E-10 4.5482E-10 4.7966E-10 5.0493E-10 5.3124E-10 5.5854E-10 5.8614E-10 6.1390E-10 6.4232E-10 6.7085E-10 6.9966E-10 7.2767E-10 7.5541E-10 7.8311E-10 8.1065E-10 8.3727E-10 8.6289E-10 8.8773E-10 9.1170E-10 9.3544E-10 9.5784E-10 9.7919E-10 9.9911E-10 1.0179E-09
3.0822E-11 3.4625E-11 3.8748E-11 4.2780E-11 4.7602E-11 5.2369E-11 5.7961E-11 6.3522E-11 6.9730E-11 7.6169E-11 8.3074E-11 9.0467E-11 9.8370E-11 1.0680E-10 1.1762E-10 1.2964E-10 1.4247E-10 1.5645E-10 1.6926E-10 1.8213E-10 1.9573E-10 2.1040E-10 2.2553E-10 2.4143E-10 2.5815E-10 2.7568E-10 2.9432E-10 3.1319E-10 3.3322E-10 3.5439E-10 3.7608E-10 3.9862E-10 4.2198E-10 4.4616E-10 4.7114E-10 4.9692E-10 5.2347E-10 5.5075E-10 5.7872E-10 6.0732E-10 6.3637E-10 6.6568E-10 6.9505E-10 7.2403E-10 7.5317E-10 7.8201E-10 8.1076E-10 8.3837E-10 8.6533E-10 8.9191E-10 9.1769E-10 9.4257E-10 9.6650E-10 9.8905E-10 1.0105E-09 1.0315E-09 1.0513E-09
3.1733E-11 3.5643E-11 3.9668E-11 4.4260E-11 4.9219E-11 5.4125E-11 5.9877E-11 6.5617E-11 7.1787E-11 7.8637E-11 8.5532E-11 9.3370E-11 1.0129E-10 1.1133E-10 1.2372E-10 1.3624E-10 1.4991E-10 1.6243E-10 1.7502E-10 1.8834E-10 2.0274E-10 2.1761E-10 2.3326E-10 2.4974E-10 2.6705E-10 2.8550E-10 3.0419E-10 3.2439E-10 3.4512E-10 3.6672E-10 3.8921E-10 4.1256E-10 4.3707E-10 4.6182E-10 4.8772E-10 5.1476E-10 5.4227E-10 5.7022E-10 5.9921E-10 6.2912E-10 6.5911E-10 6.8898E-10 7.1920E-10 7.4935E-10 7.7928E-10 8.0890E-10 8.3775E-10 8.6602E-10 8.9436E-10 9.2159E-10 9.4798E-10 9.7310E-10 9.9721E-10 1.0209E-09 1.0441E-09 1.0655E-09 1.0851E-09
3.3061E-11 3.6870E-11 4.1006E-11 4.5726E-11 5.0824E-11 5.5890E-11 6.1572E-11 6.7702E-11 7.3827E-11 8.0886E-11 8.8210E-11 9.6050E-11 1.0490E-10 1.1711E-10 1.2999E-10 1.4333E-10 1.5554E-10 1.6782E-10 1.8083E-10 1.9494E-10 2.0951E-10 2.2488E-10 2.4110E-10 2.5846E-10 2.7636E-10 2.9515E-10 3.1483E-10 3.3539E-10 3.5685E-10 3.7923E-10 4.0282E-10 4.2700E-10 4.5174E-10 4.7803E-10 5.0486E-10 5.3252E-10 5.6103E-10 5.9032E-10 6.2033E-10 6.5089E-10 6.8147E-10 7.1254E-10 7.4394E-10 7.7492E-10 8.0533E-10 8.3538E-10 8.6566E-10 8.9502E-10 9.2369E-10 9.5123E-10 9.7789E-10 1.0042E-09 1.0302E-09 1.0544E-09 1.0769E-09 1.0981E-09 1.1188E-09
3.3969E-11 3.7878E-11 4.2355E-11 4.7202E-11 5.2209E-11 5.7641E-11 6.3273E-11 6.9558E-11 7.6093E-11 8.3113E-11 9.0877E-11 9.9398E-11 1.0994E-10 1.2375E-10 1.3610E-10 1.4862E-10 1.6057E-10 1.7326E-10 1.8704E-10 2.0129E-10 2.1634E-10 2.3225E-10 2.4932E-10 2.6694E-10 2.8548E-10 3.0491E-10 3.2556E-10 3.4652E-10 3.6906E-10 3.9221E-10 4.1628E-10 4.4131E-10 4.6726E-10 4.9412E-10 5.2188E-10 5.5053E-10 5.8004E-10 6.1067E-10 6.4138E-10 6.7291E-10 7.0473E-10 7.3667E-10 7.6860E-10 8.0007E-10 8.3163E-10 8.6282E-10 8.9384E-10 9.2359E-10 9.5261E-10 9.8145E-10 1.0100E-09 1.0370E-09 1.0623E-09 1.0864E-09 1.1101E-09 1.1324E-09 1.1542E-09
3.5080E-11 3.9090E-11 4.3685E-11 4.8660E-11 5.3602E-11 5.9162E-11 6.5175E-11 7.1415E-11 7.8125E-11 8.5562E-11 9.3977E-11 1.0416E-10 1.1756E-10 1.2954E-10 1.4170E-10 1.5330E-10 1.6564E-10 1.7907E-10 1.9297E-10 2.0768E-10 2.2325E-10 2.3999E-10 2.5730E-10 2.7553E-10 2.9468E-10 3.1506E-10 3.3578E-10 3.5811E-10 3.8107E-10 4.0499E-10 4.2991E-10 4.5579E-10 4.8293E-10 5.1040E-10 5.3945E-10 5.6908E-10 5.9961E-10 6.3063E-10 6.6267E-10 6.9548E-10 7.2819E-10 7.6068E-10 7.9348E-10 8.2613E-10 8.5851E-10 8.9048E-10 9.2160E-10 9.5272E-10 9.8310E-10 1.0132E-09 1.0413E-09 1.0682E-09 1.0948E-09 1.1201E-09 1.1449E-09 1.1672E-09 1.1881E-09
3.5970E-11 4.0310E-11 4.5022E-11 5.0121E-11 5.5189E-11 6.0900E-11 6.6837E-11 7.3472E-11 8.0368E-11 8.7773E-11 9.7773E-11 1.0951E-10 1.2271E-10 1.3481E-10 1.4605E-10 1.5801E-10 1.7107E-10 1.8460E-10 1.9894E-10 2.1415E-10 2.3053E-10 2.4748E-10 2.6537E-10 2.8419E-10 3.0426E-10 3.2502E-10 3.4675E-10 3.6947E-10 3.9319E-10 4.1793E-10 4.4399E-10 4.7072E-10 4.9847E-10 5.2719E-10 5.5688E-10 5.8751E-10 6.1909E-10 6.5150E-10 6.8451E-10 7.1790E-10 7.5118E-10 7.8489E-10 8.1889E-10 8.5239E-10 8.8526E-10 9.1769E-10 9.5086E-10 9.8275E-10 1.0139E-09 1.0435E-09 1.0728E-09 1.1011E-09 1.1289E-09 1.1542E-09 1.1783E-09 1.2017E-09 1.2237E-09
3.7059E-11 4.1506E-11 4.6334E-11 5.1129E-11 5.6773E-11 6.2405E-11 6.8714E-11 7.5282E-11 8.2587E-11 9.0652E-11 1.0284E-10 1.1498E-10 1.2797E-10 1.3883E-10 1.5041E-10 1.6307E-10 1.7621E-10 1.9016E-10 2.0497E-10 2.2095E-10 2.3752E-10 2.5503E-10 2.7349E-10 2.9321E-10 3.1363E-10 3.3504E-10 3.5747E-10 3.8092E-10 4.0575E-10 4.3129E-10 4.5786E-10 4.8549E-10 5.1414E-10 5.4412E-10 5.7447E-10 6.0615E-10 6.3879E-10 6.7254E-10 7.0619E-10 7.4015E-10 7.7502E-10 8.0962E-10 8.4416E-10 8.7818E-10 9.1252E-10 9.4704E-10 9.8038E-10 1.0124E-09 1.0443E-09 1.0753E-09 1.1054E-09 1.1343E-09 1.1614E-09 1.1880E-09 1.2133E-09 1.2372E-09 1.2600E-09
3.8153E-11 4.2707E-11 4.7649E-11 5.2556E-11 5.8331E-11 6.4114E-11 7.0352E-11 7.7305E-11 8.5235E-11 9.5674E-11 1.0801E-10 1.2091E-10 1.3168E-10 1.4286E-10 1.5481E-10 1.6784E-10 1.8137E-10 1.9576E-10 2.1133E-10 2.2748E-10 2.4458E-10 2.6263E-10 2.8195E-10 3.0199E-10 3.2305E-10 3.4513E-10 3.6826E-10 3.9280E-10 4.1808E-10 4.4442E-10 4.7187E-10 5.0037E-10 5.3026E-10 5.6056E-10 5.9225E-10 6.2532E-10 6.5902E-10 6.9311E-10 7.2802E-10 7.6325E-10 7.9901E-10 8.3418E-10 8.6989E-10 9.0542E-10 9.4063E-10 9.7538E-10 1.0089E-09 1.0424E-09 1.0757E-09 1.1075E-09 1.1376E-09 1.1665E-09 1.1957E-09 1.2229E-09 1.2487E-09 1.2726E-09 1.2956E-09
3.9013E-11 4.3671E-11 4.8504E-11 5.3977E-11 5.9431E-11 6.5793E-11 7.2191E-11 7.9082E-11 8.9967E-11 1.0057E-10 1.1298E-10 1.2463E-10 1.3539E-10 1.4692E-10 1.5952E-10 1.7261E-10 1.8656E-10 2.0168E-10 2.1739E-10 2.3405E-10 2.5166E-10 2.7055E-10 2.9017E-10 3.1082E-10 3.3251E-10 3.5527E-10 3.7946E-10 4.0442E-10 4.3047E-10 4.5766E-10 4.8628E-10 5.1567E-10 5.4585E-10 5.7778E-10 6.1052E-10 6.4435E-10 6.7875E-10 7.1413E-10 7.5030E-10 7.8646E-10 8.2247E-10 8.5917E-10 8.9581E-10 9.3284E-10 9.6832E-10 1.0040E-09 1.0390E-09 1.0733E-09 1.1067E-09 1.1386E-09 1.1701E-09 1.2011E-09 1.2302E-09 1.2574E-09 1.2832E-09 1.3079E-09 1.3331E-09
4.0289E-11 4.5051E-11 4.9776E-11 5.5367E-11 6.0960E-11 6.7004E-11 7.3765E-11 8.2200E-11 9.4566E-11 1.0586E-10 1.1740E-10 1.2804E-10 1.3913E-10 1.5098E-10 1.6392E-10 1.7741E-10 1.9176E-10 2.0730E-10 2.2349E-10 2.4063E-10 2.5906E-10 2.7822E-10 2.9841E-10 3.1967E-10 3.4200E-10 3.6580E-10 3.9038E-10 4.1608E-10 4.4295E-10 4.7129E-10 5.0044E-10 5.3041E-10 5.6220E-10 5.9482E-10 6.2863E-10 6.6319E-10 6.9927E-10 7.3560E-10 7.7237E-10 8.0911E-10 8.4732E-10 8.8496E-10 9.2251E-10 9.5923E-10 9.9623E-10 1.0334E-09 1.0692E-09 1.1037E-09 1.1380E-09 1.1713E-09 1.2036E-09 1.2346E-09 1.2638E-09 1.2916E-09 1.3195E-09 1.3459E-09 1.3712E-09
4.1122E-11 4.5764E-11 5.1040E-11 5.6294E-11 6.2454E-11 6.8644E-11 7.5998E-11 8.6110E-11 9.9545E-11 1.1062E-10 1.2053E-10 1.3146E-10 1.4286E-10 1.5503E-10 1.6834E-10 1.8220E-10 1.9725E-10 2.1294E-10 2.2959E-10 2.4721E-10 2.6618E-10 2.8589E-10 3.0667E-10 3.2853E-10 3.5188E-10 3.7602E-10 4.0132E-10 4.2781E-10 4.5580E-10 4.8464E-10 5.1468E-10 5.4590E-10 5.7831E-10 6.1198E-10 6.4691E-10 6.8285E-10 7.1954E-10 7.5680E-10 7.9481E-10 8.3315E-10 8.7168E-10 9.1027E-10 9.4878E-10 9.8706E-10 1.0250E-09 1.0624E-09 1.0985E-09 1.1345E-09 1.1702E-09 1.2043E-09 1.2367E-09 1.2678E-09 1.2984E-09 1.3276E-09 1.3564E-09 1.3830E-09 1.4084E-09
4.2150E-11 4.6887E-11 5.2268E-11 5.7649E-11 6.3472E-11 7.0245E-11 8.0314E-11 9.0546E-11 1.0399E-10 1.1347E-10 1.2363E-10 1.3488E-10 1.4657E-10 1.5906E-10 1.7275E-10 1.8699E-10 2.0246E-10 2.1858E-10 2.3568E-10 2.5379E-10 2.7330E-10 2.9356E-10 3.1492E-10 3.3776E-10 3.6142E-10 3.8626E-10 4.1231E-10 4.3988E-10 4.6834E-10 4.9804E-10 5.2895E-10 5.6109E-10 5.9452E-10 6.2930E-10 6.6530E-10 7.0222E-10 7.3986E-10 7.7838E-10 8.1736E-10 8.5727E-10 8.9616E-10 9.3573E-10 9.7519E-10 1.0150E-09 1.0532E-09 1.0915E-09 1.1292E-09 1.1660E-09 1.2020E-09 1.2363E-09 1.2701E-09 1.3027E-09 1.3339E-09 1.3640E-09 1.3925E-09 1.4198E-09 1.4467E-09
4.2942E-11 4.8000E-11 5.3033E-11 5.8965E-11 6.4922E-11 7.2046E-11 8.4045E-11 9.5357E-11 1.0658E-10 1.1630E-10 1.2675E-10 1.3827E-10 1.5026E-10 1.6342E-10 1.7714E-10 1.9175E-10 2.0764E-10 2.2420E-10 2.4175E-10 2.6070E-10 2.8041E-10 3.0122E-10 3.2351E-10 3.4665E-10 3.7097E-10 3.9652E-10 4.2362E-10 4.5163E-10 4.8092E-10 5.1145E-10 5.4325E-10 5.7635E-10 6.1085E-10 6.4674E-10 6.8409E-10 7.2164E-10 7.6053E-10 8.0003E-10 8.4059E-10 8.8026E-10 9.2076E-10 9.6193E-10 1.0023E-09 1.0419E-09 1.0816E-09 1.1209E-09 1.1601E-09 1.1972E-09 1.2333E-09 1.2691E-09 1.3044E-09 1.3377E-09 1.3692E-09 1.3996E-09 1.4289E-09 1.4585E-09 1.4861E-09
4.3924E-11 4.9076E-11 5.4223E-11 5.9803E-11 6.6328E-11 7.6212E-11 8.8569E-11 9.9605E-11 1.0915E-10 1.1913E-10 1.2985E-10 1.4163E-10 1.5396E-10 1.6744E-10 1.8150E-10 1.9651E-10 2.1281E-10 2.2978E-10 2.4783E-10 2.6727E-10 2.8749E-10 3.0888E-10 3.3176E-10 3.5552E-10 3.8052E-10 4.0709E-10 4.3459E-10 4.6339E-10 4.9348E-10 5.2487E-10 5.5756E-10 5.9169E-10 6.2731E-10 6.6458E-10 7.0224E-10 7.4138E-10 7.8187E-10 8.2233E-10 8.6267E-10 9.0461E-10 9.4608E-10 9.8759E-10 1.0283E-09 1.0695E-09 1.1108E-09 1.1510E-09 1.1898E-09 1.2285E-09 1.2662E-09 1.3028E-09 1.3383E-09 1.3718E-09 1.4041E-09 1.4362E-09 1.4679E-09 1.4975E-09 1.5252E-09
4.4895E-11 4.9689E-11 5.5371E-11 6.1071E-11 7.0242E-11 8.0411E-11 9.2495E-11 1.0194E-10 1.1172E-10 1.2194E-10 1.3291E-10 1.4500E-10 1.5762E-10 1.7142E-10 1.8586E-10 2.0125E-10 2.1793E-10 2.3537E-10 2.5419E-10 2.7379E-10 2.9457E-10 3.1683E-10 3.3997E-10 3.6438E-10 3.9004E-10 4.1730E-10 4.4556E-10 4.7513E-10 5.0603E-10 5.3826E-10 5.7192E-10 6.0713E-10 6.4416E-10 6.8179E-10 7.2104E-10 7.6176E-10 8.0261E-10 8.4346E-10 8.8607E-10 9.2836E-10 9.7083E-10 1.0127E-09 1.0557E-09 1.0978E-09 1.1395E-09 1.1800E-09 1.2204E-09 1.2599E-09 1.2992E-09 1.3361E-09 1.3717E-09 1.4068E-09 1.4409E-09 1.4740E-09 1.5057E-09 1.5355E-09 1.5636E-09
4.5395E-11 5.0724E-11 5.6042E-11 6.2294E-11 7.2629E-11 8.4118E-11 9.5238E-11 1.0423E-10 1.1426E-10 1.2472E-10 1.3594E-10 1.4833E-10 1.6125E-10 1.7539E-10 1.9018E-10 2.0594E-10 2.2305E-10 2.4091E-10 2.6018E-10 2.8030E-10 3.0160E-10 3.2441E-10 3.4817E-10 3.7320E-10 3.9983E-10 4.2715E-10 4.5648E-10 4.8682E-10 5.1853E-10 5.5165E-10 5.8634E-10 6.2298E-10 6.6040E-10 6.9961E-10 7.4045E-10 7.8153E-10 8.2340E-10 8.6590E-10 9.0886E-10 9.5214E-10 9.9563E-10 1.0392E-09 1.0825E-09 1.1256E-09 1.1676E-09 1.2097E-09 1.2517E-09 1.2922E-09 1.3311E-09 1.3688E-09 1.4060E-09 1.4429E-09 1.4780E-09 1.5113E-09 1.5432E-09 1.6010E-09 1.6586E-09
4.6303E-11 5.1486E-11 5.7139E-11 6.6053E-11 7.6283E-11 8.8493E-11 9.7305E-11 1.0653E-10 1.1646E-10 1.2745E-10 1.3896E-10 1.5161E-10 1.6483E-10 1.7932E-10 1.9445E-10 2.1058E-10 2.2811E-10 2.4640E-10 2.6615E-10 2.8676E-10 3.0857E-10 3.3196E-10 3.5630E-10 3.8195E-10 4.0893E-10 4.3761E-10 4.6734E-10 4.9845E-10 5.3098E-10 5.6507E-10 6.0115E-10 6.3820E-10 6.7724E-10 7.1804E-10 7.5922E-10 8.0132E-10 8.4419E-10 8.8767E-10 9.3164E-10 9.7597E-10 1.0205E-09 1.0656E-09 1.1094E-09 1.1528E-09 1.1971E-09 1.2402E-09 1.2825E-09 1.3233E-09 1.3630E-09 1.4031E-09 1.4413E-09 1.4786E-09 1.5140E-09 1.5481E-09 1.6092E-09 1.6714E-09 1.7056E-09
4.7193E-11 5.2232E-11 5.8189E-11 6.9599E-11 7.9491E-11 9.0353E-11 9.9052E-11 1.0879E-10 1.1893E-10 1.3018E-10 1.4194E-10 1.5485E-10 1.6840E-10 1.8319E-10 1.9866E-10 2.1551E-10 2.3311E-10 2.5183E-10 2.7205E-10 2.9315E-10 3.1548E-10 3.3944E-10 3.6437E-10 3.9063E-10 4.1829E-10 4.4766E-10 4.7812E-10 5.1002E-10 5.4342E-10 5.7851E-10 6.1535E-10 6.5407E-10 6.9467E-10 7.3580E-10 7.7799E-10 8.2108E-10 8.6493E-10 9.0943E-10 9.5443E-10 9.9977E-10 1.0459E-09 1.0908E-09 1.1362E-09 1.1813E-09 1.2260E-09 1.2701E-09 1.3127E-09 1.3551E-09 1.3965E-09 1.4369E-09 1.4762E-09 1.5138E-09 1.5774E-09 1.6416E-09 1.6803E-09 1.7173E-09 1.7515E-09
4.7600E-11 5.3172E-11 6.1563E-11 7.2398E-11 8.3666E-11 9.2174E-11 1.0108E-10 1.1100E-10 1.2136E-10 1.3285E-10 1.4486E-10 1.5807E-10 1.7191E-10 1.8701E-10 2.0285E-10 2.2006E-10 2.3805E-10 2.5722E-10 2.7789E-10 2.9946E-10 3.2233E-10 3.4683E-10 3.7234E-10 3.9925E-10 4.2788E-10 4.5762E-10 4.8882E-10 5.2150E-10 5.5584E-10 5.9199E-10 6.3019E-10 6.7048E-10 7.1142E-10 7.5354E-10 7.9670E-10 8.4078E-10 8.8563E-10 9.3115E-10 9.7718E-10 1.0242E-09 1.0701E-09 1.1167E-09 1.1631E-09 1.2092E-09 1.2549E-09 1.2993E-09 1.3436E-09 1.3870E-09 1.4301E-09 1.4708E-09 1.5106E-09 1.5772E-09 1.6456E-09 1.6869E-09 1.7258E-09 1.7628E-09 1.8264E-09
4.8417E-11 5.3831E-11 6.4496E-11 7.5050E-11 8.5296E-11 9.3986E-11 1.0307E-10 1.1317E-10 1.2376E-10 1.3548E-10 1.4773E-10 1.6123E-10 1.7535E-10 1.9079E-10 2.0697E-10 2.2453E-10 2.4294E-10 2.6252E-10 2.8363E-10 3.0572E-10 3.2942E-10 3.5413E-10 3.8025E-10 4.0776E-10 4.3704E-10 4.6714E-10 4.9940E-10 5.3293E-10 5.6827E-10 6.0581E-10 6.4501E-10 6.8621E-10 7.2811E-10 7.7120E-10 8.1532E-10 8.6038E-10 9.0628E-10 9.5282E-10 1.0005E-09 1.0472E-09 1.0948E-09 1.1424E-09 1.1906E-09 1.2371E-09 1.2831E-09 1.3292E-09 1.3752E-09 1.4197E-09 1.4624E-09 1.5043E-09 1.6003E-09 1.6453E-09 1.6893E-09 1.7309E-09 1.7708E-09 1.8655E-09 1.9331E-09
4.8750E-11 5.7273E-11 6.7772E-11 7.8709E-11 8.6883E-11 9.5752E-11 1.0501E-10 1.1531E-10 1.2612E-10 1.3804E-10 1.5057E-10 1.6432E-10 1.7873E-10 1.9450E-10 2.1101E-10 2.2862E-10 2.4775E-10 2.6774E-10 2.8932E-10 3.1187E-10 3.3607E-10 3.6135E-10 3.8803E-10 4.1616E-10 4.4576E-10 4.7688E-10 5.0988E-10 5.4434E-10 5.8105E-10 6.1960E-10 6.6031E-10 7.0122E-10 7.4471E-10 7.8874E-10 8.3385E-10 8.7993E-10 9.2682E-10 9.7500E-10 1.0224E-09 1.0709E-09 1.1195E-09 1.1688E-09 1.2167E-09 1.2642E-09 1.3120E-09 1.3598E-09 1.4062E-09 1.4510E-09 1.5219E-09 1.5942E-09 1.6417E-09 1.6882E-09 1.7326E-09 1.8036E-09 1.8749E-09 1.9465E-09 1.9920E-09
4.9515E-11 6.0031E-11 7.0882E-11 8.0122E-11 8.8458E-11 9.7170E-11 1.0689E-10 1.1709E-10 1.2841E-10 1.4057E-10 1.5334E-10 1.6734E-10 1.8206E-10 1.9781E-10 2.1496E-10 2.3296E-10 2.5246E-10 2.7286E-10 2.9489E-10 3.1792E-10 3.4230E-10 3.6844E-10 3.9569E-10 4.2442E-10 4.5467E-10 4.8647E-10 5.2030E-10 5.5606E-10 5.9379E-10 6.3330E-10 6.7431E-10 7.1740E-10 7.6118E-10 8.0616E-10 8.5226E-10 8.9934E-10 9.4787E-10 9.9581E-10 1.0449E-09 1.0944E-09 1.1447E-09 1.1938E-09 1.2427E-09 1.2926E-09 1.3415E-09 1.3897E-09 1.4364E-09 1.5098E-09 1.5846E-09 1.6355E-09 1.6837E-09 1.7307E-09 1.8053E-09 1.8804E-09 1.9570E-09 2.0050E-09 2.0515E-09
