Assets/Resources/2015_m01_d04_2100(utc+0800)_l00_csi_1hr_conc.grd
DSAA
         159         159
     -79.000      79.000
     -79.000      79.000
  0.1609E-09  0.8982E-05
[rows 25 to 49 of 159, columns 0 to 56 of 159]
4.5807E-09 4.6876E-09 4.7970E-09 4.9077E-09 5.0188E-09 5.1312E-09 5.2450E-09 5.3601E-09 5.4746E-09 5.5887E-09 5.7039E-09 5.8184E-09 5.9320E-09 6.0446E-09 6.1558E-09 6.2662E-09 6.3739E-09 6.4785E-09 6.5808E-09 6.6803E-09 6.7759E-09 6.8670E-09 6.9534E-09 7.0379E-09 7.1159E-09 7.1853E-09 7.2478E-09 7.3038E-09 7.3546E-09 7.3956E-09 7.4253E-09 7.4457E-09 7.4582E-09 7.4630E-09 7.4569E-09 7.4389E-09 7.4105E-09 7.3731E-09 7.3278E-09 7.2727E-09 7.2068E-09 7.1318E-09 7.0487E-09 6.9597E-09 6.8628E-09 6.7585E-09 6.6462E-09 6.5278E-09 6.3987E-09 6.2715E-09 6.1403E-09 6.0062E-09 5.8749E-09 5.7377E-09 5.6015E-09 5.4653E-09 5.3265E-09
4.6894E-09 4.8019E-09 4.9170E-09 5.0331E-09 5.1500E-09 5.2684E-09 5.3891E-09 5.5098E-09 5.6300E-09 5.7516E-09 5.8734E-09 5.9946E-09 6.1151E-09 6.2345E-09 6.3538E-09 6.4707E-09 6.5850E-09 6.6972E-09 6.8069E-09 6.9135E-09 7.0158E-09 7.1135E-09 7.2098E-09 7.3002E-09 7.3822E-09 7.4573E-09 7.5267E-09 7.5906E-09 7.6444E-09 7.6868E-09 7.7198E-09 7.7455E-09 7.7623E-09 7.7670E-09 7.7597E-09 7.7417E-09 7.7154E-09 7.6790E-09 7.6310E-09 7.5719E-09 7.5032E-09 7.4273E-09 7.3433E-09 7.2498E-09 7.1473E-09 7.0367E-09 6.9203E-09 6.7941E-09 6.6672E-09 6.5312E-09 6.3991E-09 6.2583E-09 6.1173E-09 5.9757E-09 5.8305E-09 5.6906E-09 5.5454E-09
4.8000E-09 4.9178E-09 5.0391E-09 5.1603E-09 5.2832E-09 5.4091E-09 5.5358E-09 5.6620E-09 5.7898E-09 5.9185E-09 6.0473E-09 6.1755E-09 6.3028E-09 6.4310E-09 6.5570E-09 6.6809E-09 6.8032E-09 6.9233E-09 7.0410E-09 7.1545E-09 7.2637E-09 7.3720E-09 7.4751E-09 7.5701E-09 7.6586E-09 7.7413E-09 7.8195E-09 7.8867E-09 7.9430E-09 7.9898E-09 8.0293E-09 8.0591E-09 8.0761E-09 8.0811E-09 8.0753E-09 8.0607E-09 8.0346E-09 7.9953E-09 7.9448E-09 7.8849E-09 7.8170E-09 7.7384E-09 7.6494E-09 7.5504E-09 7.4449E-09 7.3324E-09 7.2143E-09 7.0817E-09 6.9490E-09 6.8092E-09 6.6657E-09 6.5249E-09 6.3769E-09 6.2323E-09 6.0815E-09 5.9307E-09 5.7810E-09
4.9119E-09 5.0355E-09 5.1625E-09 5.2895E-09 5.4200E-09 5.5520E-09 5.6844E-09 5.8182E-09 5.9533E-09 6.0895E-09 6.2251E-09 6.3604E-09 6.4969E-09 6.6321E-09 6.7656E-09 6.8978E-09 7.0282E-09 7.1569E-09 7.2818E-09 7.4033E-09 7.5231E-09 7.6393E-09 7.7477E-09 7.8498E-09 7.9462E-09 8.0388E-09 8.1209E-09 8.1915E-09 8.2532E-09 8.3074E-09 8.3513E-09 8.3820E-09 8.4005E-09 8.4085E-09 8.4066E-09 8.3919E-09 8.3635E-09 8.3233E-09 8.2743E-09 8.2146E-09 8.1431E-09 8.0596E-09 7.9677E-09 7.8677E-09 7.7615E-09 7.6461E-09 7.5196E-09 7.3840E-09 7.2443E-09 7.1044E-09 6.9579E-09 6.8123E-09 6.6582E-09 6.5035E-09 6.3478E-09 6.1878E-09 6.0309E-09
5.0255E-09 5.1539E-09 5.2874E-09 5.4209E-09 5.5585E-09 5.6970E-09 5.8363E-09 5.9772E-09 6.1203E-09 6.2635E-09 6.4064E-09 6.5509E-09 6.6951E-09 6.8382E-09 6.9800E-09 7.1206E-09 7.2604E-09 7.3966E-09 7.5303E-09 7.6615E-09 7.7909E-09 7.9135E-09 8.0293E-09 8.1396E-09 8.2471E-09 8.3444E-09 8.4305E-09 8.5076E-09 8.5772E-09 8.6364E-09 8.6820E-09 8.7153E-09 8.7382E-09 8.7503E-09 8.7485E-09 8.7326E-09 8.7049E-09 8.6674E-09 8.6177E-09 8.5544E-09 8.4794E-09 8.3954E-09 8.3040E-09 8.2030E-09 8.0919E-09 7.9707E-09 7.8355E-09 7.7048E-09 7.5612E-09 7.4171E-09 7.2671E-09 7.1090E-09 6.9545E-09 6.7924E-09 6.6339E-09 6.4684E-09 6.3031E-09
5.1393E-09 5.2737E-09 5.4138E-09 5.5535E-09 5.6992E-09 5.8441E-09 5.9900E-09 6.1399E-09 6.2902E-09 6.4409E-09 6.5926E-09 6.7454E-09 6.8978E-09 7.0492E-09 7.1997E-09 7.3503E-09 7.4979E-09 7.6436E-09 7.7867E-09 7.9287E-09 8.0658E-09 8.1955E-09 8.3200E-09 8.4422E-09 8.5558E-09 8.6577E-09 8.7509E-09 8.8364E-09 8.9119E-09 8.9736E-09 9.0228E-09 9.0615E-09 9.0890E-09 9.1016E-09 9.0999E-09 9.0859E-09 9.0615E-09 9.0233E-09 8.9703E-09 8.9056E-09 8.8317E-09 8.7494E-09 8.6548E-09 8.5488E-09 8.4339E-09 8.3101E-09 8.1787E-09 8.0422E-09 7.8962E-09 7.7433E-09 7.5920E-09 7.4319E-09 7.2738E-09 7.1070E-09 6.9377E-09 6.7682E-09 6.5933E-09
5.2541E-09 5.3950E-09 5.5413E-09 5.6882E-09 5.8410E-09 5.9928E-09 6.1466E-09 6.3050E-09 6.4630E-09 6.6216E-09 6.7826E-09 6.9440E-09 7.1045E-09 7.2651E-09 7.4257E-09 7.5850E-09 7.7422E-09 7.8970E-09 8.0512E-09 8.2029E-09 8.3469E-09 8.4858E-09 8.6227E-09 8.7525E-09 8.8710E-09 8.9807E-09 9.0826E-09 9.1752E-09 9.2542E-09 9.3202E-09 9.3756E-09 9.4197E-09 9.4482E-09 9.4620E-09 9.4635E-09 9.4534E-09 9.4281E-09 9.3875E-09 9.3346E-09 9.2729E-09 9.1999E-09 9.1136E-09 9.0146E-09 8.9086E-09 8.7954E-09 8.6683E-09 8.5358E-09 8.3887E-09 8.2464E-09 8.0935E-09 7.9380E-09 7.7767E-09 7.6064E-09 7.4381E-09 7.2613E-09 7.0870E-09 6.9061E-09
5.3694E-09 5.5166E-09 5.6705E-09 5.8240E-09 5.9846E-09 6.1437E-09 6.3049E-09 6.4723E-09 6.6379E-09 6.8060E-09 6.9762E-09 7.1455E-09 7.3157E-09 7.4859E-09 7.6561E-09 7.8250E-09 7.9918E-09 8.1579E-09 8.3232E-09 8.4819E-09 8.6352E-09 8.7864E-09 8.9326E-09 9.0685E-09 9.1948E-09 9.3136E-09 9.4238E-09 9.5209E-09 9.6048E-09 9.6776E-09 9.7393E-09 9.7851E-09 9.8159E-09 9.8337E-09 9.8396E-09 9.8290E-09 9.8025E-09 9.7632E-09 9.7146E-09 9.6527E-09 9.5758E-09 9.4871E-09 9.3906E-09 9.2866E-09 9.1709E-09 9.0374E-09 8.9031E-09 8.7615E-09 8.6141E-09 8.4645E-09 8.3006E-09 8.1366E-09 7.9636E-09 7.7910E-09 7.6138E-09 7.4301E-09 7.2449E-09
5.4856E-09 5.6397E-09 5.8000E-09 5.9609E-09 6.1293E-09 6.2958E-09 6.4662E-09 6.6412E-09 6.8153E-09 6.9937E-09 7.1717E-09 7.3510E-09 7.5305E-09 7.7110E-09 7.8915E-09 8.0696E-09 8.2472E-09 8.4251E-09 8.5989E-09 8.7671E-09 8.9320E-09 9.0948E-09 9.2480E-09 9.3915E-09 9.5272E-09 9.6554E-09 9.7712E-09 9.8736E-09 9.9644E-09 1.0045E-08 1.0109E-08 1.0158E-08 1.0193E-08 1.0216E-08 1.0222E-08 1.0212E-08 1.0187E-08 1.0153E-08 1.0104E-08 1.0039E-08 9.9615E-09 9.8768E-09 9.7820E-09 9.6744E-09 9.5503E-09 9.4257E-09 9.2923E-09 9.1540E-09 9.0028E-09 8.8486E-09 8.6843E-09 8.5180E-09 8.3474E-09 8.1664E-09 7.9869E-09 7.7930E-09 7.6001E-09
5.6022E-09 5.7626E-09 5.9307E-09 6.0989E-09 6.2745E-09 6.4498E-09 6.6281E-09 6.8118E-09 6.9955E-09 7.1828E-09 7.3704E-09 7.5590E-09 7.7489E-09 7.9402E-09 8.1296E-09 8.3188E-09 8.5081E-09 8.6965E-09 8.8799E-09 9.0586E-09 9.2363E-09 9.4076E-09 9.5685E-09 9.7214E-09 9.8674E-09 1.0002E-08 1.0124E-08 1.0233E-08 1.0333E-08 1.0418E-08 1.0485E-08 1.0539E-08 1.0580E-08 1.0605E-08 1.0611E-08 1.0603E-08 1.0585E-08 1.0550E-08 1.0498E-08 1.0434E-08 1.0362E-08 1.0278E-08 1.0180E-08 1.0072E-08 9.9506E-09 9.8298E-09 9.6957E-09 9.5542E-09 9.4061E-09 9.2493E-09 9.0931E-09 8.9217E-09 8.7466E-09 8.5631E-09 8.3735E-09 8.1823E-09 8.1043E-09
5.7186E-09 5.8860E-09 6.0613E-09 6.2370E-09 6.4210E-09 6.6046E-09 6.7913E-09 6.9838E-09 7.1770E-09 7.3739E-09 7.5708E-09 7.7698E-09 7.9707E-09 8.1714E-09 8.3717E-09 8.5723E-09 8.7721E-09 8.9717E-09 9.1648E-09 9.3562E-09 9.5453E-09 9.7241E-09 9.8943E-09 1.0058E-08 1.0212E-08 1.0354E-08 1.0482E-08 1.0601E-08 1.0707E-08 1.0794E-08 1.0867E-08 1.0928E-08 1.0972E-08 1.0997E-08 1.1006E-08 1.1005E-08 1.0986E-08 1.0949E-08 1.0900E-08 1.0842E-08 1.0770E-08 1.0683E-08 1.0587E-08 1.0483E-08 1.0369E-08 1.0244E-08 1.0113E-08 9.9726E-09 9.8327E-09 9.6769E-09 9.5140E-09 9.3432E-09 9.1645E-09 8.9847E-09 8.7926E-09 8.6031E-09 8.5380E-09
5.8347E-09 6.0089E-09 6.1923E-09 6.3750E-09 6.5675E-09 6.7600E-09 6.9546E-09 7.1571E-09 7.3598E-09 7.5658E-09 7.7733E-09 7.9827E-09 8.1940E-09 8.4050E-09 8.6162E-09 8.8287E-09 9.0395E-09 9.2495E-09 9.4542E-09 9.6582E-09 9.8562E-09 1.0044E-08 1.0225E-08 1.0398E-08 1.0560E-08 1.0708E-08 1.0847E-08 1.0973E-08 1.1082E-08 1.1175E-08 1.1256E-08 1.1320E-08 1.1365E-08 1.1393E-08 1.1410E-08 1.1409E-08 1.1389E-08 1.1355E-08 1.1312E-08 1.1254E-08 1.1180E-08 1.1098E-08 1.1009E-08 1.0902E-08 1.0790E-08 1.0668E-08 1.0545E-08 1.0413E-08 1.0266E-08 1.0116E-08 9.9502E-09 9.7865E-09 9.6099E-09 9.4329E-09 9.2410E-09 9.0474E-09 9.0012E-09
5.9497E-09 6.1316E-09 6.3223E-09 6.5125E-09 6.7146E-09 6.9147E-09 7.1183E-09 7.3309E-09 7.5424E-09 7.7591E-09 7.9765E-09 8.1967E-09 8.4185E-09 8.6399E-09 8.8631E-09 9.0872E-09 9.3082E-09 9.5291E-09 9.7474E-09 9.9610E-09 1.0168E-08 1.0367E-08 1.0559E-08 1.0740E-08 1.0909E-08 1.1066E-08 1.1214E-08 1.1345E-08 1.1459E-08 1.1560E-08 1.1646E-08 1.1712E-08 1.1759E-08 1.1795E-08 1.1814E-08 1.1812E-08 1.1795E-08 1.1768E-08 1.1725E-08 1.1666E-08 1.1597E-08 1.1523E-08 1.1434E-08 1.1331E-08 1.1221E-08 1.1113E-08 1.0991E-08 1.0863E-08 1.0717E-08 1.0567E-08 1.0413E-08 1.0250E-08 1.0081E-08 9.8990E-09 9.7101E-09 9.5268E-09 9.5186E-09
6.0640E-09 6.2531E-09 6.4512E-09 6.6497E-09 6.8602E-09 7.0689E-09 7.2819E-09 7.5039E-09 7.7254E-09 7.9519E-09 8.1797E-09 8.4110E-09 8.6423E-09 8.8756E-09 9.1114E-09 9.3456E-09 9.5778E-09 9.8112E-09 1.0041E-08 1.0264E-08 1.0482E-08 1.0691E-08 1.0893E-08 1.1082E-08 1.1259E-08 1.1426E-08 1.1580E-08 1.1716E-08 1.1837E-08 1.1945E-08 1.2033E-08 1.2102E-08 1.2157E-08 1.2197E-08 1.2214E-08 1.2214E-08 1.2205E-08 1.2179E-08 1.2136E-08 1.2081E-08 1.2022E-08 1.1950E-08 1.1856E-08 1.1764E-08 1.1667E-08 1.1562E-08 1.1445E-08 1.1317E-08 1.1184E-08 1.1039E-08 1.0895E-08 1.0733E-08 1.0566E-08 1.0389E-08 1.0202E-08 1.0182E-08 1.2393E-08
6.1767E-09 6.3731E-09 6.5785E-09 6.7855E-09 7.0048E-09 7.2216E-09 7.4443E-09 7.6760E-09 7.9069E-09 8.1438E-09 8.3825E-09 8.6236E-09 8.8664E-09 9.1113E-09 9.3582E-09 9.6036E-09 9.8465E-09 1.0093E-08 1.0334E-08 1.0565E-08 1.0794E-08 1.1014E-08 1.1225E-08 1.1422E-08 1.1608E-08 1.1784E-08 1.1943E-08 1.2085E-08 1.2214E-08 1.2326E-08 1.2417E-08 1.2491E-08 1.2552E-08 1.2591E-08 1.2610E-08 1.2618E-08 1.2611E-08 1.2584E-08 1.2546E-08 1.2501E-08 1.2445E-08 1.2375E-08 1.2290E-08 1.2207E-08 1.2119E-08 1.2014E-08 1.1906E-08 1.1786E-08 1.1665E-08 1.1529E-08 1.1387E-08 1.1233E-08 1.1072E-08 1.0905E-08 1.0723E-08 1.0731E-08 1.3319E-08
6.2875E-09 6.4908E-09 6.7038E-09 6.9196E-09 7.1465E-09 7.3728E-09 7.6050E-09 7.8456E-09 8.0867E-09 8.3336E-09 8.5828E-09 8.8345E-09 9.0886E-09 9.3455E-09 9.6034E-09 9.8595E-09 1.0114E-08 1.0373E-08 1.0622E-08 1.0865E-08 1.1105E-08 1.1334E-08 1.1553E-08 1.1758E-08 1.1955E-08 1.2137E-08 1.2301E-08 1.2450E-08 1.2586E-08 1.2700E-08 1.2794E-08 1.2877E-08 1.2939E-08 1.2978E-08 1.3003E-08 1.3016E-08 1.3008E-08 1.2985E-08 1.2956E-08 1.2916E-08 1.2862E-08 1.2802E-08 1.2731E-08 1.2650E-08 1.2569E-08 1.2472E-08 1.2374E-08 1.2268E-08 1.2148E-08 1.2027E-08 1.1888E-08 1.1749E-08 1.1598E-08 1.1440E-08 1.1271E-08 1.1323E-08 1.4119E-08
6.3954E-09 6.6054E-09 6.8268E-09 7.0502E-09 7.2860E-09 7.5214E-09 7.7621E-09 8.0128E-09 8.2633E-09 8.5204E-09 8.7806E-09 9.0426E-09 9.3074E-09 9.5763E-09 9.8447E-09 1.0111E-08 1.0379E-08 1.0648E-08 1.0907E-08 1.1160E-08 1.1411E-08 1.1647E-08 1.1876E-08 1.2090E-08 1.2295E-08 1.2482E-08 1.2651E-08 1.2809E-08 1.2947E-08 1.3064E-08 1.3166E-08 1.3252E-08 1.3313E-08 1.3356E-08 1.3389E-08 1.3401E-08 1.3395E-08 1.3382E-08 1.3359E-08 1.3322E-08 1.3277E-08 1.3231E-08 1.3166E-08 1.3090E-08 1.3015E-08 1.2936E-08 1.2845E-08 1.2748E-08 1.2642E-08 1.2531E-08 1.2409E-08 1.2279E-08 1.2144E-08 1.1997E-08 1.2039E-08 1.4900E-08 1.4990E-08
6.5001E-09 6.7167E-09 6.9464E-09 7.1777E-09 7.4217E-09 7.6660E-09 7.9156E-09 8.1755E-09 8.4356E-09 8.7036E-09 8.9732E-09 9.2462E-09 9.5228E-09 9.8023E-09 1.0081E-08 1.0358E-08 1.0638E-08 1.0917E-08 1.1185E-08 1.1448E-08 1.1709E-08 1.1953E-08 1.2190E-08 1.2414E-08 1.2624E-08 1.2816E-08 1.2993E-08 1.3156E-08 1.3296E-08 1.3417E-08 1.3526E-08 1.3611E-08 1.3674E-08 1.3725E-08 1.3759E-08 1.3772E-08 1.3772E-08 1.3769E-08 1.3748E-08 1.3720E-08 1.3690E-08 1.3652E-08 1.3593E-08 1.3526E-08 1.3465E-08 1.3399E-08 1.3318E-08 1.3228E-08 1.3142E-08 1.3040E-08 1.2937E-08 1.2823E-08 1.2705E-08 1.2573E-08 1.2648E-08 1.5721E-08 1.8950E-08
6.6005E-09 6.8239E-09 7.0620E-09 7.3002E-09 7.5529E-09 7.8059E-09 8.0637E-09 8.3331E-09 8.6029E-09 8.8808E-09 9.1606E-09 9.4438E-09 9.7312E-09 1.0021E-08 1.0309E-08 1.0599E-08 1.0889E-08 1.1176E-08 1.1455E-08 1.1728E-08 1.1996E-08 1.2248E-08 1.2494E-08 1.2726E-08 1.2940E-08 1.3138E-08 1.3322E-08 1.3487E-08 1.3630E-08 1.3758E-08 1.3868E-08 1.3953E-08 1.4021E-08 1.4077E-08 1.4109E-08 1.4127E-08 1.4140E-08 1.4139E-08 1.4126E-08 1.4111E-08 1.4091E-08 1.4055E-08 1.4009E-08 1.3958E-08 1.3906E-08 1.3853E-08 1.3785E-08 1.3712E-08 1.3642E-08 1.3559E-08 1.3470E-08 1.3379E-08 1.3270E-08 1.3160E-08 1.3288E-08 1.6803E-08 2.3372E-08
6.6960E-09 6.9267E-09 7.1719E-09 7.4175E-09 7.6787E-09 7.9393E-09 8.2059E-09 8.4845E-09 8.7632E-09 9.0510E-09 9.3406E-09 9.6338E-09 9.9322E-09 1.0231E-08 1.0529E-08 1.0830E-08 1.1128E-08 1.1425E-08 1.1713E-08 1.1995E-08 1.2271E-08 1.2530E-08 1.2784E-08 1.3022E-08 1.3240E-08 1.3443E-08 1.3632E-08 1.3798E-08 1.3945E-08 1.4079E-08 1.4187E-08 1.4274E-08 1.4350E-08 1.4405E-08 1.4440E-08 1.4468E-08 1.4487E-08 1.4492E-08 1.4490E-08 1.4488E-08 1.4474E-08 1.4439E-08 1.4415E-08 1.4377E-08 1.4336E-08 1.4297E-08 1.4246E-08 1.4191E-08 1.4134E-08 1.4075E-08 1.4007E-08 1.3935E-08 1.3852E-08 1.3994E-08 1.3990E-08 1.7714E-08 2.5000E-08
6.7860E-09 7.0234E-09 7.2758E-09 7.5282E-09 7.7973E-09 8.0660E-09 8.3407E-09 8.6278E-09 8.9158E-09 9.2129E-09 9.5115E-09 9.8141E-09 1.0123E-08 1.0430E-08 1.0738E-08 1.1049E-08 1.1355E-08 1.1661E-08 1.1958E-08 1.2247E-08 1.2529E-08 1.2796E-08 1.3057E-08 1.3298E-08 1.3520E-08 1.3729E-08 1.3920E-08 1.4087E-08 1.4239E-08 1.4374E-08 1.4482E-08 1.4574E-08 1.4652E-08 1.4707E-08 1.4750E-08 1.4788E-08 1.4812E-08 1.4823E-08 1.4838E-08 1.4842E-08 1.4835E-08 1.4813E-08 1.4803E-08 1.4778E-08 1.4750E-08 1.4728E-08 1.4695E-08 1.4661E-08 1.4626E-08 1.4590E-08 1.4543E-08 1.4489E-08 1.4440E-08 1.4624E-08 1.8359E-08 2.2397E-08 2.6422E-08
6.8693E-09 7.1137E-09 7.3721E-09 7.6312E-09 7.9085E-09 8.1842E-09 8.4665E-09 8.7620E-09 9.0584E-09 9.3642E-09 9.6713E-09 9.9839E-09 1.0300E-08 1.0616E-08 1.0935E-08 1.1253E-08 1.1567E-08 1.1881E-08 1.2185E-08 1.2480E-08 1.2768E-08 1.3041E-08 1.3307E-08 1.3551E-08 1.3776E-08 1.3990E-08 1.4180E-08 1.4350E-08 1.4507E-08 1.4639E-08 1.4748E-08 1.4846E-08 1.4925E-08 1.4984E-08 1.5039E-08 1.5082E-08 1.5110E-08 1.5136E-08 1.5160E-08 1.5169E-08 1.5173E-08 1.5167E-08 1.5169E-08 1.5157E-08 1.5145E-08 1.5141E-08 1.5129E-08 1.5117E-08 1.5101E-08 1.5094E-08 1.5072E-08 1.5050E-08 1.5031E-08 1.5272E-08 1.9490E-08 2.3820E-08 3.1516E-08
6.9454E-09 7.1959E-09 7.4601E-09 7.7260E-09 8.0101E-09 8.2925E-09 8.5822E-09 8.8852E-09 9.1898E-09 9.5034E-09 9.8183E-09 1.0140E-08 1.0463E-08 1.0788E-08 1.1114E-08 1.1440E-08 1.1760E-08 1.2081E-08 1.2392E-08 1.2691E-08 1.2984E-08 1.3263E-08 1.3532E-08 1.3777E-08 1.4007E-08 1.4222E-08 1.4411E-08 1.4584E-08 1.4742E-08 1.4872E-08 1.4984E-08 1.5087E-08 1.5167E-08 1.5234E-08 1.5299E-08 1.5344E-08 1.5381E-08 1.5421E-08 1.5448E-08 1.5467E-08 1.5485E-08 1.5492E-08 1.5499E-08 1.5508E-08 1.5515E-08 1.5524E-08 1.5543E-08 1.5552E-08 1.5564E-08 1.5585E-08 1.5595E-08 1.5604E-08 1.5620E-08 1.5942E-08 2.0365E-08 2.8747E-08 3.7295E-08
7.0131E-09 7.2691E-09 7.5389E-09 7.8108E-09 8.1010E-09 8.3899E-09 8.6859E-09 8.9959E-09 9.3079E-09 9.6283E-09 9.9506E-09 1.0280E-08 1.0610E-08 1.0941E-08 1.1274E-08 1.1606E-08 1.1932E-08 1.2259E-08 1.2574E-08 1.2877E-08 1.3175E-08 1.3457E-08 1.3726E-08 1.3973E-08 1.4205E-08 1.4418E-08 1.4608E-08 1.4784E-08 1.4939E-08 1.5068E-08 1.5188E-08 1.5292E-08 1.5377E-08 1.5455E-08 1.5521E-08 1.5574E-08 1.5623E-08 1.5669E-08 1.5702E-08 1.5733E-08 1.5765E-08 1.5784E-08 1.5800E-08 1.5830E-08 1.5857E-08 1.5888E-08 1.5930E-08 1.5966E-08 1.6006E-08 1.6056E-08 1.6102E-08 1.6146E-08 1.6472E-08 2.0801E-08 2.1299E-08 3.0392E-08 4.3334E-08
7.0715E-09 7.3325E-09 7.6070E-09 7.8844E-09 8.1800E-09 8.4744E-09 8.7761E-09 9.0924E-09 9.4109E-09 9.7371E-09 1.0066E-08 1.0401E-08 1.0737E-08 1.1074E-08 1.1413E-08 1.1749E-08 1.2079E-08 1.2411E-08 1.2729E-08 1.3034E-08 1.3334E-08 1.3618E-08 1.3887E-08 1.4133E-08 1.4367E-08 1.4577E-08 1.4766E-08 1.4944E-08 1.5096E-08 1.5229E-08 1.5355E-08 1.5461E-08 1.5550E-08 1.5638E-08 1.5707E-08 1.5766E-08 1.5826E-08 1.5877E-08 1.5918E-08 1.5963E-08 1.6000E-08 1.6038E-08 1.6068E-08 1.6117E-08 1.6165E-08 1.6219E-08 1.6284E-08 1.6350E-08 1.6419E-08 1.6507E-08 1.6590E-08 1.6670E-08 1.7056E-08 2.1581E-08 2.6685E-08 3.6039E-08 4.5207E-08
