Assets/Resources/2015_m01_d07_0000(utc+0800)_l00_csi_1hr_conc.grd
DSAA
         159         159
     -79.000      79.000
     -79.000      79.000
  0.0000E+00  0.5619E-04
[rows 25 to 49 of 159, columns 57 to 113 of 159]
4.1414E-09 4.4018E-09 4.6669E-09 4.9354E-09 5.2123E-09 5.4840E-09 5.7543E-09 6.0216E-09 6.2838E-09 6.5392E-09 6.7857E-09 7.0215E-09 7.2446E-09 7.4704E-09 7.6648E-09 7.8413E-09 7.9985E-09 8.1349E-09 8.2494E-09 8.3412E-09 8.4093E-09 8.4535E-09 8.4734E-09 8.4691E-09 8.4410E-09 8.3894E-09 8.3153E-09 8.2196E-09 8.1034E-09 7.9682E-09 7.8154E-09 7.6467E-09 7.4637E-09 7.2683E-09 7.0621E-09 6.8470E-09 6.6247E-09 6.3969E-09 6.1651E-09 5.9310E-09 5.6803E-09 5.4325E-09 5.2026E-09 4.9548E-09 4.7328E-09 4.5145E-09 4.2798E-09 4.0736E-09 3.8724E-09 3.6578E-09 3.4707E-09 3.2892E-09 3.1136E-09 2.9241E-09 2.7637E-09 2.5901E-09 2.4442E-09
4.2972E-09 4.5711E-09 4.8500E-09 5.1397E-09 5.4257E-09 5.7122E-09 5.9974E-09 6.2794E-09 6.5562E-09 6.8258E-09 7.0860E-09 7.3526E-09 7.5904E-09 7.8128E-09 8.0180E-09 8.2042E-09 8.3696E-09 8.5129E-09 8.6327E-09 8.7467E-09 8.8180E-09 8.8635E-09 8.8828E-09 8.8760E-09 8.8434E-09 8.7855E-09 8.7032E-09 8.5976E-09 8.4700E-09 8.3218E-09 8.1549E-09 7.9709E-09 7.7718E-09 7.5595E-09 7.3179E-09 7.0865E-09 6.8479E-09 6.6039E-09 6.3562E-09 6.1065E-09 5.8563E-09 5.5883E-09 5.3275E-09 5.0876E-09 4.8302E-09 4.6016E-09 4.3780E-09 4.1390E-09 3.9300E-09 3.7272E-09 3.5120E-09 3.3249E-09 3.1442E-09 2.9476E-09 2.7834E-09 2.6033E-09 2.4333E-09
4.4571E-09 4.7433E-09 5.0440E-09 5.3427E-09 5.6439E-09 5.9458E-09 6.2465E-09 6.5440E-09 6.8361E-09 7.1380E-09 7.4154E-09 7.6809E-09 7.9323E-09 8.1675E-09 8.3843E-09 8.5808E-09 8.7749E-09 8.9275E-09 9.0550E-09 9.1563E-09 9.2303E-09 9.2766E-09 9.2948E-09 9.2849E-09 9.2472E-09 9.1825E-09 9.0915E-09 8.9755E-09 8.8360E-09 8.6746E-09 8.4931E-09 8.2935E-09 8.0780E-09 7.8486E-09 7.6076E-09 7.3572E-09 7.0994E-09 6.8363E-09 6.5527E-09 6.2866E-09 6.0204E-09 5.7558E-09 5.4732E-09 5.2180E-09 4.9522E-09 4.6872E-09 4.4538E-09 4.2267E-09 3.9851E-09 3.7741E-09 3.5506E-09 3.3579E-09 3.1721E-09 2.9923E-09 2.7977E-09 2.6351E-09 2.4402E-09
4.6204E-09 4.9303E-09 5.2373E-09 5.5490E-09 5.8660E-09 6.1840E-09 6.5008E-09 6.8309E-09 7.1418E-09 7.4450E-09 7.7383E-09 8.0190E-09 8.2850E-09 8.5525E-09 8.7842E-09 8.9944E-09 9.1811E-09 9.3426E-09 9.4771E-09 9.5835E-09 9.6608E-09 9.7083E-09 9.7256E-09 9.7127E-09 9.6701E-09 9.5982E-09 9.4982E-09 9.3714E-09 9.2194E-09 9.0439E-09 8.8470E-09 8.6309E-09 8.3979E-09 8.1503E-09 7.8907E-09 7.6213E-09 7.3445E-09 7.0625E-09 6.7775E-09 6.4914E-09 6.1880E-09 5.9072E-09 5.6300E-09 5.3351E-09 5.0717E-09 4.8147E-09 4.5274E-09 4.2910E-09 4.0358E-09 3.8162E-09 3.5859E-09 3.3869E-09 3.1941E-09 3.0091E-09 2.8083E-09 2.6428E-09 2.4656E-09
4.7918E-09 5.1133E-09 5.4383E-09 5.7654E-09 6.0930E-09 6.4255E-09 6.7770E-09 7.1105E-09 7.4387E-09 7.7591E-09 8.0691E-09 8.3851E-09 8.6694E-09 8.9356E-09 9.1814E-09 9.4045E-09 9.6025E-09 9.7737E-09 9.9161E-09 1.0029E-08 1.0110E-08 1.0159E-08 1.0176E-08 1.0160E-08 1.0112E-08 1.0033E-08 9.9241E-09 9.7859E-09 9.6207E-09 9.4304E-09 9.2172E-09 8.9836E-09 8.7320E-09 8.4928E-09 8.2111E-09 7.9194E-09 7.5990E-09 7.2969E-09 6.9921E-09 6.6868E-09 6.3828E-09 6.0820E-09 5.7678E-09 5.4802E-09 5.1754E-09 4.9058E-09 4.6444E-09 4.3501E-09 4.1101E-09 3.8542E-09 3.6150E-09 3.4091E-09 3.2117E-09 3.0226E-09 2.8420E-09 2.6238E-09 2.4683E-09
4.9569E-09 5.2948E-09 5.6395E-09 5.9868E-09 6.3334E-09 6.6974E-09 7.0427E-09 7.3944E-09 7.7408E-09 8.0976E-09 8.4284E-09 8.7459E-09 9.0473E-09 9.3299E-09 9.5910E-09 9.8280E-09 1.0039E-08 1.0220E-08 1.0372E-08 1.0491E-08 1.0577E-08 1.0628E-08 1.0645E-08 1.0627E-08 1.0575E-08 1.0488E-08 1.0369E-08 1.0220E-08 1.0041E-08 9.8348E-09 9.6497E-09 9.3953E-09 9.1215E-09 8.8314E-09 8.5278E-09 8.2137E-09 7.8921E-09 7.5656E-09 7.2369E-09 6.8882E-09 6.5646E-09 6.2449E-09 5.9310E-09 5.6241E-09 5.3080E-09 4.9958E-09 4.7189E-09 4.4239E-09 4.1533E-09 3.8863E-09 3.6385E-09 3.4275E-09 3.2255E-09 3.0325E-09 2.8484E-09 2.6501E-09 2.4680E-09
5.1214E-09 5.4756E-09 5.8373E-09 6.2207E-09 6.5948E-09 6.9646E-09 7.3301E-09 7.6903E-09 8.0668E-09 8.4277E-09 8.7779E-09 9.1145E-09 9.4343E-09 9.7345E-09 1.0012E-08 1.0264E-08 1.0489E-08 1.0682E-08 1.0844E-08 1.0971E-08 1.1062E-08 1.1117E-08 1.1134E-08 1.1114E-08 1.1057E-08 1.0964E-08 1.0835E-08 1.0673E-08 1.0546E-08 1.0321E-08 1.0071E-08 9.8350E-09 9.5365E-09 9.2204E-09 8.8901E-09 8.5223E-09 8.1766E-09 7.8263E-09 7.4742E-09 7.1229E-09 6.7748E-09 6.4116E-09 6.0788E-09 5.7542E-09 5.4384E-09 5.1298E-09 4.7881E-09 4.5074E-09 4.2104E-09 3.9149E-09 3.6845E-09 3.4418E-09 3.2355E-09 3.0378E-09 2.8496E-09 2.6507E-09 2.4644E-09
5.2842E-09 5.6550E-09 6.0504E-09 6.4392E-09 6.8325E-09 7.2278E-09 7.6214E-09 8.0249E-09 8.4022E-09 8.7694E-09 9.1329E-09 9.4896E-09 9.8292E-09 1.0148E-08 1.0444E-08 1.0713E-08 1.0952E-08 1.1159E-08 1.1332E-08 1.1468E-08 1.1566E-08 1.1624E-08 1.1643E-08 1.1621E-08 1.1560E-08 1.1550E-08 1.1412E-08 1.1237E-08 1.1091E-08 1.0847E-08 1.0572E-08 1.0272E-08 9.9492E-09 9.6075E-09 9.2508E-09 8.8828E-09 8.5071E-09 8.1271E-09 7.7216E-09 7.3460E-09 6.9744E-09 6.6093E-09 6.2525E-09 5.8845E-09 5.5462E-09 5.2188E-09 4.8724E-09 4.5595E-09 4.2804E-09 3.9599E-09 3.7196E-09 3.4760E-09 3.2391E-09 3.0379E-09 2.8222E-09 2.6479E-09 2.4820E-09
5.4442E-09 5.8482E-09 6.2484E-09 6.6560E-09 7.0689E-09 7.5037E-09 7.9233E-09 8.3406E-09 8.7476E-09 9.1372E-09 9.5135E-09 9.8737E-09 1.0230E-08 1.0570E-08 1.0885E-08 1.1172E-08 1.1427E-08 1.1649E-08 1.1834E-08 1.1981E-08 1.2087E-08 1.2150E-08 1.2171E-08 1.2265E-08 1.2202E-08 1.2191E-08 1.2042E-08 1.1851E-08 1.1623E-08 1.1359E-08 1.1062E-08 1.0737E-08 1.0388E-08 1.0019E-08 9.6336E-09 9.2364E-09 8.8315E-09 8.4225E-09 8.0131E-09 7.6065E-09 7.1815E-09 6.7926E-09 6.4099E-09 6.0350E-09 5.6512E-09 5.3067E-09 4.9768E-09 4.6300E-09 4.3186E-09 4.0152E-09 3.7347E-09 3.4815E-09 3.2615E-09 3.0368E-09 2.8180E-09 2.6415E-09 2.4737E-09
5.6000E-09 6.0244E-09 6.4429E-09 6.8697E-09 7.3224E-09 7.7630E-09 8.2049E-09 8.6450E-09 9.0801E-09 9.5069E-09 9.9113E-09 1.0294E-08 1.0656E-08 1.0998E-08 1.1333E-08 1.1640E-08 1.1914E-08 1.2152E-08 1.2531E-08 1.2700E-08 1.2958E-08 1.3042E-08 1.3078E-08 1.3190E-08 1.3126E-08 1.3011E-08 1.2847E-08 1.2635E-08 1.2379E-08 1.1905E-08 1.1585E-08 1.1234E-08 1.0856E-08 1.0457E-08 1.0041E-08 9.6118E-09 9.1751E-09 8.7347E-09 8.2945E-09 7.8582E-09 7.4285E-09 7.0036E-09 6.5661E-09 6.1682E-09 5.7847E-09 5.4172E-09 5.0480E-09 4.7187E-09 4.3732E-09 4.0362E-09 3.7748E-09 3.5063E-09 3.2647E-09 3.0557E-09 2.8402E-09 2.6314E-09 2.4621E-09
5.7701E-09 6.1958E-09 6.6327E-09 7.0989E-09 7.5567E-09 8.0194E-09 8.4841E-09 8.9478E-09 9.4070E-09 9.8583E-09 1.0298E-08 1.0722E-08 1.1108E-08 1.1470E-08 1.1804E-08 1.2308E-08 1.2621E-08 1.3034E-08 1.3279E-08 1.3478E-08 1.3782E-08 1.3886E-08 1.3934E-08 1.3926E-08 1.3861E-08 1.3740E-08 1.3563E-08 1.3335E-08 1.3057E-08 1.2734E-08 1.2371E-08 1.1973E-08 1.1545E-08 1.0925E-08 1.0475E-08 1.0011E-08 9.5400E-09 9.0653E-09 8.5917E-09 8.1227E-09 7.6569E-09 7.2007E-09 6.7572E-09 6.3048E-09 5.8987E-09 5.5107E-09 5.1399E-09 4.7694E-09 4.4430E-09 4.0786E-09 3.7913E-09 3.5420E-09 3.2635E-09 3.0510E-09 2.8306E-09 2.6175E-09 2.4469E-09
5.9153E-09 6.3588E-09 6.8362E-09 7.3066E-09 7.7857E-09 8.2709E-09 8.7590E-09 9.2469E-09 9.7311E-09 1.0208E-08 1.0673E-08 1.1123E-08 1.1734E-08 1.2162E-08 1.2544E-08 1.2895E-08 1.3211E-08 1.3678E-08 1.4135E-08 1.4369E-08 1.4549E-08 1.4671E-08 1.4732E-08 1.4730E-08 1.4665E-08 1.4537E-08 1.4349E-08 1.4102E-08 1.3800E-08 1.3448E-08 1.3052E-08 1.2616E-08 1.2148E-08 1.1655E-08 1.1141E-08 1.0437E-08 9.9282E-09 9.4174E-09 8.9070E-09 8.3982E-09 7.8972E-09 7.4078E-09 6.9336E-09 6.4773E-09 6.0388E-09 5.6007E-09 5.2102E-09 4.8447E-09 4.4849E-09 4.1415E-09 3.8276E-09 3.5487E-09 3.2575E-09 3.0419E-09 2.8385E-09 2.6293E-09 2.4282E-09
6.0515E-09 6.5308E-09 7.0106E-09 7.5043E-09 8.0080E-09 8.5159E-09 9.0278E-09 9.5405E-09 1.0050E-08 1.0554E-08 1.1225E-08 1.1733E-08 1.2223E-08 1.2690E-08 1.3130E-08 1.3705E-08 1.4274E-08 1.4618E-08 1.4914E-08 1.5177E-08 1.5384E-08 1.5528E-08 1.5604E-08 1.5611E-08 1.5547E-08 1.5414E-08 1.5213E-08 1.4946E-08 1.4618E-08 1.4234E-08 1.3800E-08 1.3323E-08 1.2810E-08 1.2268E-08 1.1706E-08 1.1132E-08 1.0552E-08 9.7938E-09 9.2400E-09 8.6909E-09 8.1515E-09 7.6262E-09 7.1170E-09 6.6272E-09 6.1601E-09 5.7188E-09 5.2867E-09 4.9068E-09 4.5518E-09 4.1698E-09 3.8761E-09 3.5511E-09 3.3055E-09 3.0282E-09 2.8226E-09 2.6293E-09 2.4059E-09
6.1773E-09 6.6766E-09 7.1745E-09 7.6875E-09 8.2134E-09 8.7495E-09 9.2886E-09 9.8266E-09 1.0363E-08 1.1094E-08 1.1651E-08 1.2197E-08 1.2880E-08 1.3411E-08 1.3916E-08 1.4621E-08 1.5082E-08 1.5475E-08 1.5807E-08 1.6081E-08 1.6296E-08 1.6465E-08 1.6560E-08 1.6579E-08 1.6518E-08 1.6380E-08 1.6165E-08 1.5877E-08 1.5520E-08 1.5100E-08 1.4624E-08 1.4100E-08 1.3537E-08 1.2945E-08 1.2333E-08 1.1704E-08 1.1067E-08 1.0428E-08 9.7917E-09 9.0026E-09 8.4205E-09 7.8533E-09 7.3060E-09 6.7823E-09 6.2905E-09 5.8273E-09 5.3935E-09 4.9673E-09 4.5971E-09 4.2203E-09 3.8912E-09 3.5489E-09 3.2983E-09 3.0361E-09 2.8023E-09 2.6076E-09 2.4249E-09
6.3138E-09 6.8105E-09 7.3259E-09 7.8581E-09 8.4046E-09 8.9628E-09 9.5296E-09 1.0282E-08 1.0885E-08 1.1487E-08 1.2225E-08 1.2839E-08 1.3645E-08 1.4258E-08 1.4846E-08 1.5402E-08 1.5918E-08 1.6383E-08 1.6786E-08 1.7098E-08 1.7342E-08 1.7511E-08 1.7611E-08 1.7644E-08 1.7589E-08 1.7446E-08 1.7216E-08 1.6905E-08 1.6516E-08 1.6056E-08 1.5534E-08 1.4959E-08 1.4348E-08 1.3699E-08 1.3024E-08 1.2333E-08 1.1632E-08 1.0930E-08 1.0232E-08 9.5462E-09 8.7025E-09 8.0914E-09 7.5074E-09 6.9529E-09 6.4293E-09 5.9381E-09 5.4795E-09 5.0558E-09 4.6454E-09 4.2902E-09 3.9276E-09 3.6117E-09 3.2866E-09 3.0156E-09 2.8011E-09 2.5818E-09 2.3985E-09
6.4186E-09 6.9308E-09 7.4632E-09 8.0140E-09 8.5808E-09 9.1610E-09 9.9418E-09 1.0681E-08 1.1353E-08 1.2194E-08 1.2895E-08 1.3595E-08 1.4288E-08 1.4966E-08 1.5621E-08 1.6244E-08 1.6823E-08 1.7350E-08 1.7807E-08 1.8191E-08 1.8496E-08 1.8696E-08 1.8807E-08 1.8826E-08 1.8768E-08 1.8621E-08 1.8377E-08 1.8040E-08 1.7615E-08 1.7111E-08 1.6549E-08 1.5924E-08 1.5248E-08 1.4531E-08 1.3789E-08 1.3026E-08 1.2253E-08 1.1478E-08 1.0711E-08 9.9581E-09 9.2294E-09 8.5323E-09 7.7221E-09 7.1296E-09 6.5721E-09 6.0506E-09 5.5699E-09 5.1272E-09 4.7184E-09 4.3215E-09 3.9409E-09 3.6349E-09 3.3027E-09 2.9901E-09 2.7741E-09 2.5726E-09 2.3683E-09
6.5091E-09 7.0360E-09 7.5847E-09 8.1534E-09 8.7400E-09 9.6170E-09 1.0298E-08 1.1139E-08 1.1887E-08 1.2652E-08 1.3428E-08 1.4204E-08 1.4968E-08 1.5720E-08 1.6451E-08 1.7151E-08 1.7807E-08 1.8400E-08 1.8921E-08 1.9357E-08 1.9717E-08 1.9986E-08 2.0138E-08 2.0171E-08 2.0098E-08 1.9917E-08 1.9656E-08 1.9290E-08 1.8840E-08 1.8300E-08 1.7679E-08 1.6988E-08 1.6239E-08 1.5453E-08 1.4632E-08 1.3788E-08 1.2933E-08 1.2077E-08 1.1230E-08 1.0404E-08 9.6097E-09 8.8517E-09 8.1352E-09 7.3123E-09 6.7182E-09 6.1709E-09 5.6653E-09 5.1986E-09 4.7694E-09 4.3756E-09 3.9959E-09 3.6352E-09 3.3075E-09 2.9886E-09 2.7426E-09 2.5405E-09 2.3524E-09
6.5839E-09 7.1245E-09 7.7352E-09 8.3347E-09 9.2440E-09 9.9612E-09 1.0710E-08 1.1489E-08 1.2295E-08 1.3123E-08 1.3969E-08 1.4825E-08 1.5684E-08 1.6525E-08 1.7342E-08 1.8128E-08 1.8871E-08 1.9544E-08 2.0140E-08 2.0633E-08 2.1038E-08 2.1357E-08 2.1622E-08 2.1707E-08 2.1642E-08 2.1450E-08 2.1149E-08 2.0743E-08 2.0203E-08 1.9608E-08 1.8921E-08 1.8159E-08 1.7340E-08 1.6469E-08 1.5559E-08 1.4623E-08 1.3673E-08 1.2722E-08 1.1789E-08 1.0885E-08 1.0018E-08 9.1931E-09 8.4163E-09 7.6901E-09 6.8757E-09 6.2965E-09 5.7615E-09 5.2696E-09 4.8189E-09 4.4073E-09 4.0084E-09 3.6728E-09 3.2896E-09 2.9561E-09 2.7319E-09 2.5043E-09 2.3163E-09
6.6746E-09 7.2382E-09 7.8978E-09 8.7283E-09 9.4489E-09 1.0209E-08 1.1007E-08 1.1842E-08 1.2710E-08 1.3608E-08 1.4531E-08 1.5470E-08 1.6418E-08 1.7363E-08 1.8293E-08 1.9179E-08 2.0019E-08 2.0789E-08 2.1462E-08 2.2026E-08 2.2477E-08 2.2949E-08 2.3201E-08 2.3314E-08 2.3293E-08 2.3138E-08 2.2817E-08 2.2363E-08 2.1783E-08 2.1102E-08 2.0340E-08 1.9457E-08 1.8550E-08 1.7582E-08 1.6570E-08 1.5518E-08 1.4461E-08 1.3415E-08 1.2391E-08 1.1401E-08 1.0454E-08 9.5562E-09 8.7149E-09 7.9394E-09 7.2238E-09 6.4233E-09 5.8577E-09 5.3395E-09 4.8667E-09 4.4365E-09 4.0461E-09 3.6709E-09 3.3037E-09 3.0012E-09 2.6937E-09 2.4858E-09 2.2766E-09
6.7690E-09 7.3613E-09 8.1717E-09 8.8855E-09 9.6447E-09 1.0450E-08 1.1300E-08 1.2195E-08 1.3132E-08 1.4106E-08 1.5113E-08 1.6144E-08 1.7190E-08 1.8239E-08 1.9277E-08 2.0288E-08 2.1252E-08 2.2138E-08 2.2896E-08 2.3543E-08 2.4212E-08 2.4632E-08 2.4941E-08 2.5111E-08 2.5118E-08 2.4960E-08 2.4639E-08 2.4153E-08 2.3507E-08 2.2751E-08 2.1890E-08 2.0945E-08 1.9921E-08 1.8773E-08 1.7634E-08 1.6473E-08 1.5309E-08 1.4158E-08 1.3034E-08 1.1950E-08 1.0916E-08 9.9425E-09 9.0377E-09 8.2004E-09 7.4307E-09 6.5503E-09 5.9528E-09 5.4075E-09 4.9119E-09 4.4628E-09 4.0570E-09 3.6909E-09 3.2809E-09 3.0022E-09 2.6727E-09 2.4433E-09 2.2333E-09
6.8066E-09 7.4142E-09 8.2830E-09 9.0305E-09 9.8301E-09 1.0683E-08 1.1589E-08 1.2548E-08 1.3559E-08 1.4616E-08 1.5714E-08 1.6845E-08 1.7999E-08 1.9162E-08 2.0318E-08 2.1450E-08 2.2538E-08 2.3560E-08 2.4446E-08 2.5425E-08 2.6024E-08 2.6503E-08 2.6891E-08 2.7101E-08 2.7125E-08 2.6959E-08 2.6609E-08 2.6081E-08 2.5417E-08 2.4589E-08 2.3622E-08 2.2523E-08 2.1330E-08 2.0096E-08 1.8821E-08 1.7493E-08 1.6212E-08 1.4948E-08 1.3717E-08 1.2532E-08 1.1407E-08 1.0353E-08 9.3740E-09 8.4709E-09 7.6439E-09 6.8915E-09 6.0456E-09 5.4725E-09 4.9537E-09 4.4855E-09 4.0641E-09 3.6856E-09 3.2534E-09 2.9703E-09 2.6564E-09 2.3968E-09 2.2066E-09
6.8261E-09 7.6542E-09 8.3798E-09 9.1620E-09 1.0003E-08 1.0906E-08 1.1871E-08 1.2899E-08 1.3987E-08 1.5133E-08 1.6330E-08 1.7569E-08 1.8839E-08 2.0126E-08 2.1411E-08 2.2675E-08 2.3895E-08 2.5047E-08 2.6084E-08 2.7343E-08 2.8073E-08 2.8604E-08 2.9032E-08 2.9350E-08 2.9327E-08 2.9152E-08 2.8775E-08 2.8224E-08 2.7482E-08 2.6548E-08 2.5444E-08 2.4205E-08 2.2874E-08 2.1482E-08 2.0056E-08 1.8628E-08 1.7166E-08 1.5781E-08 1.4434E-08 1.3142E-08 1.1921E-08 1.0779E-08 9.7206E-09 8.7482E-09 7.8611E-09 7.0573E-09 6.3329E-09 5.5333E-09 4.9911E-09 4.5037E-09 4.0669E-09 3.6761E-09 3.3270E-09 2.9339E-09 2.6111E-09 2.3684E-09 2.1578E-09
7.0122E-09 7.7067E-09 8.4608E-09 9.2782E-09 1.0163E-08 1.1117E-08 1.2144E-08 1.3243E-08 1.4414E-08 1.5654E-08 1.6955E-08 1.8310E-08 1.9705E-08 2.1124E-08 2.2548E-08 2.3954E-08 2.5316E-08 2.6624E-08 2.8391E-08 2.9453E-08 3.0320E-08 3.0937E-08 3.1511E-08 3.1810E-08 3.1867E-08 3.1683E-08 3.1279E-08 3.0627E-08 2.9665E-08 2.8589E-08 2.7353E-08 2.5988E-08 2.4521E-08 2.2973E-08 2.1388E-08 1.9794E-08 1.8223E-08 1.6649E-08 1.5176E-08 1.3772E-08 1.2448E-08 1.1214E-08 1.0073E-08 9.0287E-09 8.0793E-09 7.2222E-09 6.4532E-09 5.5883E-09 5.0228E-09 4.5165E-09 4.0645E-09 3.6619E-09 3.3037E-09 2.8929E-09 2.5617E-09 2.3424E-09 2.1056E-09
7.0254E-09 7.7421E-09 8.5244E-09 9.3773E-09 1.0306E-08 1.1313E-08 1.2403E-08 1.3577E-08 1.4834E-08 1.6172E-08 1.7583E-08 1.9059E-08 2.0586E-08 2.2145E-08 2.3716E-08 2.5283E-08 2.6823E-08 2.9007E-08 3.0503E-08 3.1778E-08 3.2769E-08 3.3735E-08 3.4202E-08 3.4572E-08 3.4657E-08 3.4466E-08 3.3934E-08 3.3137E-08 3.2102E-08 3.0862E-08 2.9451E-08 2.7864E-08 2.6233E-08 2.4532E-08 2.2788E-08 2.1032E-08 1.9294E-08 1.7591E-08 1.5931E-08 1.4411E-08 1.2981E-08 1.1651E-08 1.0426E-08 9.3078E-09 8.2946E-09 7.3834E-09 6.5689E-09 5.8448E-09 5.0475E-09 4.5228E-09 4.0562E-09 3.6423E-09 3.2755E-09 2.8737E-09 2.5081E-09 2.2897E-09 2.0920E-09
7.0211E-09 7.7590E-09 8.5689E-09 9.4570E-09 1.0429E-08 1.1490E-08 1.2645E-08 1.3895E-08 1.5240E-08 1.6679E-08 1.8204E-08 1.9806E-08 2.1469E-08 2.3180E-08 2.4927E-08 2.6668E-08 2.9248E-08 3.1072E-08 3.2790E-08 3.4338E-08 3.5903E-08 3.6788E-08 3.7316E-08 3.7683E-08 3.7754E-08 3.7459E-08 3.6826E-08 3.5891E-08 3.4691E-08 3.3266E-08 3.1661E-08 2.9916E-08 2.8023E-08 2.6138E-08 2.4220E-08 2.2293E-08 2.0377E-08 1.8523E-08 1.6753E-08 1.5049E-08 1.3511E-08 1.2084E-08 1.0773E-08 9.5800E-09 8.5027E-09 7.5371E-09 6.6773E-09 5.9159E-09 5.2446E-09 4.5214E-09 4.0411E-09 3.6167E-09 3.2421E-09 2.8267E-09 2.4506E-09 2.2336E-09 2.0376E-09
