Assets/Resources/2015_m01_d05_0100(utc+0800)_l00_csi_1hr_conc.grd
DSAA
         159         159
     -79.000      79.000
     -79.000      79.000
  0.2889E-09  0.7649E-05
[rows 25 to 49 of 159, columns 0 to 56 of 159]
2.6572E-09 2.6970E-09 2.7372E-09 2.7971E-09 2.8384E-09 2.8823E-09 2.9451E-09 2.9882E-09 3.0359E-09 3.0807E-09 3.1253E-09 3.1716E-09 3.2212E-09 3.2676E-09 3.3143E-09 3.3663E-09 3.4146E-09 3.4629E-09 3.5125E-09 3.5664E-09 3.6162E-09 3.6661E-09 3.7168E-09 3.7695E-09 3.8231E-09 3.8744E-09 3.9253E-09 3.9759E-09 4.0274E-09 4.0799E-09 4.1330E-09 4.1833E-09 4.2324E-09 4.2805E-09 4.3277E-09 4.3776E-09 4.4251E-09 4.4692E-09 4.5110E-09 4.5510E-09 4.5891E-09 4.6257E-09 4.6623E-09 4.6981E-09 4.7271E-09 4.7534E-09 4.7772E-09 4.7980E-09 4.8152E-09 4.8350E-09 4.8510E-09 4.8598E-09 4.8647E-09 4.8639E-09 4.8577E-09 4.8462E-09 4.8300E-09
2.7699E-09 2.8128E-09 2.8562E-09 2.9197E-09 2.9660E-09 3.0120E-09 3.0784E-09 3.1263E-09 3.1771E-09 3.2252E-09 3.2737E-09 3.3277E-09 3.3775E-09 3.4277E-09 3.4817E-09 3.5353E-09 3.5873E-09 3.6396E-09 3.6981E-09 3.7516E-09 3.8054E-09 3.8595E-09 3.9169E-09 3.9739E-09 4.0295E-09 4.0843E-09 4.1391E-09 4.1947E-09 4.2514E-09 4.3086E-09 4.3628E-09 4.4159E-09 4.4674E-09 4.5176E-09 4.5707E-09 4.6231E-09 4.6706E-09 4.7160E-09 4.7592E-09 4.8006E-09 4.8434E-09 4.8842E-09 4.9221E-09 4.9553E-09 4.9859E-09 5.0137E-09 5.0383E-09 5.0653E-09 5.0895E-09 5.1049E-09 5.1152E-09 5.1206E-09 5.1209E-09 5.1168E-09 5.1055E-09 5.2736E-09 5.2466E-09
2.8918E-09 2.9383E-09 3.0047E-09 3.0525E-09 3.1034E-09 3.1731E-09 3.2232E-09 3.2787E-09 3.3303E-09 3.3824E-09 3.4390E-09 3.4938E-09 3.5480E-09 3.6034E-09 3.6632E-09 3.7192E-09 3.7756E-09 3.8374E-09 3.8961E-09 3.9542E-09 4.0124E-09 4.0739E-09 4.1344E-09 4.1953E-09 4.2546E-09 4.3137E-09 4.3733E-09 4.4347E-09 4.4957E-09 4.5530E-09 4.6092E-09 4.6647E-09 4.7197E-09 4.7764E-09 4.8320E-09 4.8827E-09 4.9320E-09 4.9794E-09 5.0248E-09 5.0723E-09 5.1183E-09 5.1584E-09 5.1960E-09 5.2312E-09 5.2634E-09 5.2944E-09 5.3267E-09 5.3473E-09 5.3639E-09 5.3768E-09 5.3831E-09 5.3821E-09 5.3727E-09 5.5360E-09 5.5089E-09 5.4775E-09 5.4417E-09
3.0238E-09 3.0935E-09 3.1450E-09 3.1992E-09 3.2522E-09 3.3263E-09 3.3840E-09 3.4412E-09 3.4974E-09 3.5550E-09 3.6168E-09 3.6752E-09 3.7341E-09 3.7990E-09 3.8597E-09 3.9207E-09 3.9846E-09 4.0499E-09 4.1127E-09 4.1758E-09 4.2422E-09 4.3061E-09 4.3730E-09 4.4371E-09 4.5008E-09 4.5627E-09 4.6281E-09 4.6925E-09 4.7549E-09 4.8159E-09 4.8746E-09 4.9331E-09 4.9932E-09 5.0534E-09 5.1081E-09 5.1605E-09 5.2113E-09 5.2621E-09 5.3132E-09 5.3637E-09 5.4080E-09 5.4496E-09 5.4875E-09 5.5212E-09 5.5595E-09 5.5885E-09 5.6103E-09 5.6263E-09 5.6344E-09 5.6264E-09 5.6153E-09 5.7849E-09 5.7659E-09 5.7414E-09 5.7123E-09 5.6788E-09 5.8556E-09
3.1672E-09 3.2415E-09 3.2974E-09 3.3566E-09 3.4349E-09 3.4936E-09 3.5580E-09 3.6186E-09 3.6799E-09 3.7470E-09 3.8103E-09 3.8741E-09 3.9416E-09 4.0091E-09 4.0751E-09 4.1419E-09 4.2147E-09 4.2827E-09 4.3510E-09 4.4212E-09 4.4916E-09 4.5622E-09 4.6298E-09 4.6972E-09 4.7644E-09 4.8349E-09 4.9026E-09 4.9691E-09 5.0335E-09 5.0972E-09 5.1599E-09 5.2230E-09 5.2859E-09 5.3593E-09 5.4181E-09 5.4757E-09 5.5335E-09 5.5908E-09 5.6451E-09 5.6938E-09 5.7396E-09 5.7820E-09 5.8226E-09 5.8632E-09 5.8901E-09 5.9029E-09 5.9065E-09 5.9070E-09 5.9067E-09 6.0878E-09 6.0797E-09 6.0677E-09 6.0512E-09 6.0309E-09 6.2220E-09 6.1950E-09 6.1647E-09
3.3232E-09 3.4028E-09 3.4661E-09 3.5284E-09 3.6121E-09 3.6800E-09 3.7467E-09 3.8131E-09 3.8818E-09 3.9535E-09 4.0226E-09 4.0925E-09 4.1686E-09 4.2404E-09 4.3127E-09 4.3907E-09 4.4651E-09 4.5379E-09 4.6102E-09 4.6859E-09 4.7620E-09 4.8355E-09 4.9079E-09 4.9789E-09 5.0531E-09 5.1247E-09 5.1977E-09 5.2650E-09 5.3306E-09 5.3956E-09 5.4640E-09 5.5321E-09 5.5946E-09 5.6715E-09 5.7314E-09 5.7922E-09 5.8516E-09 5.9069E-09 5.9571E-09 6.0018E-09 6.0411E-09 6.0746E-09 6.0947E-09 6.1069E-09 6.1166E-09 6.1231E-09 6.1265E-09 6.3158E-09 6.3152E-09 6.3113E-09 6.3041E-09 6.2927E-09 6.4932E-09 6.4764E-09 6.6734E-09 6.6652E-09 6.6399E-09
3.5126E-09 3.5786E-09 3.6481E-09 3.7369E-09 3.8064E-09 3.8819E-09 3.9538E-09 4.0267E-09 4.1057E-09 4.1809E-09 4.2569E-09 4.3383E-09 4.4171E-09 4.4950E-09 4.5736E-09 4.6554E-09 4.7339E-09 4.8127E-09 4.8945E-09 4.9730E-09 5.0525E-09 5.1302E-09 5.2076E-09 5.2847E-09 5.3576E-09 5.4332E-09 5.5052E-09 5.5769E-09 5.6468E-09 5.7177E-09 5.7878E-09 5.8524E-09 5.9149E-09 5.9937E-09 6.0557E-09 6.1140E-09 6.1663E-09 6.2077E-09 6.2345E-09 6.2557E-09 6.2837E-09 6.3028E-09 6.3172E-09 6.3296E-09 6.3375E-09 6.3466E-09 6.5379E-09 6.5421E-09 6.5430E-09 6.5401E-09 6.7493E-09 6.7428E-09 6.9524E-09 6.9558E-09 6.9431E-09 6.9258E-09 6.9035E-09
3.6988E-09 3.7731E-09 3.8475E-09 3.9432E-09 4.0234E-09 4.1029E-09 4.1822E-09 4.2646E-09 4.3494E-09 4.4322E-09 4.5139E-09 4.6010E-09 4.6843E-09 4.7684E-09 4.8589E-09 4.9425E-09 5.0262E-09 5.1120E-09 5.1978E-09 5.2835E-09 5.3627E-09 5.4414E-09 5.5207E-09 5.6022E-09 5.6840E-09 5.7586E-09 5.8321E-09 5.9039E-09 5.9777E-09 6.0508E-09 6.1161E-09 6.1775E-09 6.2343E-09 6.3095E-09 6.3497E-09 6.3820E-09 6.4262E-09 6.4544E-09 6.4797E-09 6.5133E-09 6.5357E-09 6.5535E-09 6.5702E-09 6.5852E-09 6.6035E-09 6.8011E-09 6.8128E-09 6.8226E-09 7.0447E-09 7.0537E-09 7.2749E-09 7.2985E-09 7.3033E-09 7.3045E-09 7.3014E-09 7.5397E-09 7.5300E-09
3.9029E-09 3.9853E-09 4.0874E-09 4.1708E-09 4.2604E-09 4.3470E-09 4.4325E-09 4.5239E-09 4.6118E-09 4.7007E-09 4.7956E-09 4.8857E-09 4.9752E-09 5.0689E-09 5.1624E-09 5.2532E-09 5.3391E-09 5.4274E-09 5.5162E-09 5.6027E-09 5.6892E-09 5.7712E-09 5.8550E-09 5.9367E-09 6.0163E-09 6.0939E-09 6.1675E-09 6.2402E-09 6.3089E-09 6.3710E-09 6.4180E-09 6.4543E-09 6.4878E-09 6.5447E-09 6.5784E-09 6.6246E-09 6.6549E-09 6.6782E-09 6.7111E-09 6.7346E-09 6.7562E-09 6.7755E-09 6.7928E-09 6.9967E-09 7.0162E-09 7.0346E-09 7.0518E-09 7.2834E-09 7.3001E-09 7.5459E-09 7.5662E-09 7.5809E-09 7.5924E-09 7.8459E-09 7.8520E-09 7.8578E-09 7.8717E-09
4.1281E-09 4.2187E-09 4.3284E-09 4.4202E-09 4.5144E-09 4.6075E-09 4.7033E-09 4.8022E-09 4.8970E-09 4.9935E-09 5.0956E-09 5.1941E-09 5.2872E-09 5.3846E-09 5.4775E-09 5.5709E-09 5.6677E-09 5.7593E-09 5.8499E-09 5.9372E-09 6.0235E-09 6.1121E-09 6.1955E-09 6.2772E-09 6.3513E-09 6.4213E-09 6.4820E-09 6.5316E-09 6.5728E-09 6.6101E-09 6.6460E-09 6.6804E-09 6.7164E-09 6.7715E-09 6.7978E-09 6.8428E-09 6.8695E-09 6.9051E-09 6.9277E-09 6.9495E-09 6.9714E-09 6.9953E-09 7.2042E-09 7.2301E-09 7.2553E-09 7.4933E-09 7.5201E-09 7.7626E-09 7.8062E-09 7.8339E-09 7.8587E-09 8.1261E-09 8.1478E-09 8.1707E-09 8.2031E-09 8.2127E-09 8.2162E-09
4.3715E-09 4.4878E-09 4.5859E-09 4.6903E-09 4.7897E-09 4.8905E-09 4.9980E-09 5.1024E-09 5.2037E-09 5.3064E-09 5.4061E-09 5.5063E-09 5.6116E-09 5.7135E-09 5.8088E-09 5.9037E-09 6.0014E-09 6.0986E-09 6.1921E-09 6.2788E-09 6.3619E-09 6.4447E-09 6.5206E-09 6.5770E-09 6.6249E-09 6.6690E-09 6.7163E-09 6.7611E-09 6.8012E-09 6.8359E-09 6.8641E-09 6.8966E-09 6.9284E-09 6.9828E-09 7.0068E-09 7.0503E-09 7.0854E-09 7.1124E-09 7.1388E-09 7.1654E-09 7.1954E-09 7.4106E-09 7.4414E-09 7.4733E-09 7.7202E-09 7.7555E-09 8.0171E-09 8.0613E-09 8.0989E-09 8.1342E-09 8.4150E-09 8.4483E-09 8.5013E-09 8.5301E-09 8.5528E-09 8.5698E-09 8.5805E-09
4.6324E-09 4.7571E-09 4.8640E-09 4.9774E-09 5.0856E-09 5.1898E-09 5.2994E-09 5.4059E-09 5.5137E-09 5.6278E-09 5.7308E-09 5.8332E-09 5.9414E-09 6.0440E-09 6.1466E-09 6.2463E-09 6.3397E-09 6.4314E-09 6.5166E-09 6.5852E-09 6.6477E-09 6.7022E-09 6.7562E-09 6.8059E-09 6.8538E-09 6.9027E-09 6.9412E-09 6.9759E-09 7.0094E-09 7.0411E-09 7.0724E-09 7.1001E-09 7.1235E-09 7.1779E-09 7.2036E-09 7.2634E-09 7.2941E-09 7.3259E-09 7.3570E-09 7.3920E-09 7.6129E-09 7.6510E-09 7.6894E-09 7.9437E-09 7.9867E-09 8.2641E-09 8.3125E-09 8.3600E-09 8.6519E-09 8.7000E-09 8.7603E-09 8.8137E-09 8.8550E-09 8.8916E-09 8.9231E-09 8.9488E-09 8.9677E-09
4.9124E-09 5.0417E-09 5.1548E-09 5.2674E-09 5.3809E-09 5.5002E-09 5.6124E-09 5.7217E-09 5.8354E-09 5.9472E-09 6.0583E-09 6.1690E-09 6.2735E-09 6.3725E-09 6.4682E-09 6.5549E-09 6.6303E-09 6.6933E-09 6.7549E-09 6.8160E-09 6.8754E-09 6.9359E-09 6.9796E-09 7.0211E-09 7.0637E-09 7.1059E-09 7.1439E-09 7.1725E-09 7.1997E-09 7.2310E-09 7.2618E-09 7.2888E-09 7.3151E-09 7.3757E-09 7.4137E-09 7.4730E-09 7.5087E-09 7.5464E-09 7.5862E-09 7.8123E-09 7.8553E-09 7.9013E-09 8.1629E-09 8.2133E-09 8.5000E-09 8.5584E-09 8.6154E-09 8.9193E-09 8.9791E-09 9.0620E-09 9.1202E-09 9.1756E-09 9.2272E-09 9.2741E-09 9.3153E-09 9.3504E-09 9.3784E-09
5.2084E-09 5.3284E-09 5.4516E-09 5.5669E-09 5.6831E-09 5.8053E-09 5.9239E-09 6.0412E-09 6.1576E-09 6.2662E-09 6.3722E-09 6.4757E-09 6.5617E-09 6.6361E-09 6.7112E-09 6.7831E-09 6.8539E-09 6.9216E-09 6.9786E-09 7.0324E-09 7.0850E-09 7.1338E-09 7.1798E-09 7.2149E-09 7.2518E-09 7.2891E-09 7.3221E-09 7.3520E-09 7.3830E-09 7.4173E-09 7.4514E-09 7.4803E-09 7.5100E-09 7.5825E-09 7.6238E-09 7.6891E-09 7.7302E-09 7.7749E-09 8.0075E-09 8.0565E-09 8.1070E-09 8.3762E-09 8.4341E-09 8.7291E-09 8.7964E-09 8.8642E-09 9.1799E-09 9.2591E-09 9.3479E-09 9.4204E-09 9.4902E-09 9.5567E-09 9.6194E-09 9.6774E-09 9.7295E-09 9.7746E-09 9.8201E-09
5.4903E-09 5.6133E-09 5.7418E-09 5.8677E-09 5.9877E-09 6.1088E-09 6.2243E-09 6.3371E-09 6.4382E-09 6.5265E-09 6.6106E-09 6.6978E-09 6.7778E-09 6.8568E-09 6.9324E-09 6.9968E-09 7.0574E-09 7.1159E-09 7.1738E-09 7.2223E-09 7.2676E-09 7.3086E-09 7.3490E-09 7.3883E-09 7.4276E-09 7.4642E-09 7.5003E-09 7.5322E-09 7.5692E-09 7.6079E-09 7.6432E-09 7.6756E-09 7.7092E-09 7.7947E-09 7.8365E-09 7.9099E-09 7.9567E-09 8.1958E-09 8.2512E-09 8.3065E-09 8.5815E-09 8.6475E-09 8.9512E-09 9.0270E-09 9.1042E-09 9.4322E-09 9.5306E-09 9.6254E-09 9.7112E-09 9.7958E-09 9.8782E-09 9.9569E-09 1.0031E-08 1.0101E-08 1.0173E-08 1.0234E-08 1.0285E-08
5.7714E-09 5.8987E-09 6.0230E-09 6.1443E-09 6.2584E-09 6.3606E-09 6.4543E-09 6.5526E-09 6.6447E-09 6.7352E-09 6.8293E-09 6.9026E-09 6.9746E-09 7.0475E-09 7.1160E-09 7.1802E-09 7.2328E-09 7.2833E-09 7.3364E-09 7.3852E-09 7.4297E-09 7.4727E-09 7.5152E-09 7.5580E-09 7.6001E-09 7.6389E-09 7.6783E-09 7.7176E-09 7.7581E-09 7.7970E-09 7.8363E-09 7.8727E-09 7.9205E-09 8.0050E-09 8.0524E-09 8.1343E-09 8.1930E-09 8.4374E-09 8.4998E-09 8.7797E-09 8.8522E-09 9.1639E-09 9.2502E-09 9.3362E-09 9.6742E-09 9.7876E-09 9.8929E-09 9.9925E-09 1.0091E-08 1.0188E-08 1.0284E-08 1.0376E-08 1.0464E-08 1.0560E-08 1.0640E-08 1.0712E-08 1.0776E-08
6.0196E-09 6.1370E-09 6.2410E-09 6.3443E-09 6.4518E-09 6.5533E-09 6.6545E-09 6.7473E-09 6.8312E-09 6.9141E-09 6.9999E-09 7.0763E-09 7.1411E-09 7.2062E-09 7.2703E-09 7.3288E-09 7.3826E-09 7.4358E-09 7.4903E-09 7.5429E-09 7.5886E-09 7.6340E-09 7.6834E-09 7.7301E-09 7.7714E-09 7.8131E-09 7.8554E-09 7.8998E-09 7.9445E-09 7.9863E-09 8.0294E-09 8.0767E-09 8.1238E-09 8.2169E-09 8.2704E-09 8.3675E-09 8.6153E-09 8.6842E-09 8.9706E-09 9.0501E-09 9.3670E-09 9.4608E-09 9.5578E-09 9.9073E-09 1.0032E-08 1.0147E-08 1.0260E-08 1.0374E-08 1.0487E-08 1.0598E-08 1.0708E-08 1.0820E-08 1.0933E-08 1.1033E-08 1.1126E-08 1.1213E-08 1.1290E-08
6.1952E-09 6.3105E-09 6.4217E-09 6.5243E-09 6.6242E-09 6.7188E-09 6.8124E-09 6.9076E-09 6.9859E-09 7.0620E-09 7.1390E-09 7.2109E-09 7.2768E-09 7.3435E-09 7.4099E-09 7.4713E-09 7.5269E-09 7.5851E-09 7.6417E-09 7.6963E-09 7.7446E-09 7.7926E-09 7.8448E-09 7.8958E-09 7.9401E-09 7.9850E-09 8.0349E-09 8.0842E-09 8.1284E-09 8.1743E-09 8.2220E-09 8.2793E-09 8.3282E-09 8.4308E-09 8.4929E-09 8.7870E-09 8.8599E-09 8.9363E-09 9.2368E-09 9.5618E-09 9.6631E-09 9.7673E-09 1.0125E-08 1.0261E-08 1.0391E-08 1.0515E-08 1.0642E-08 1.0770E-08 1.0899E-08 1.1027E-08 1.1161E-08 1.1290E-08 1.1412E-08 1.1528E-08 1.1638E-08 1.1744E-08 1.1853E-08
6.3510E-09 6.4594E-09 6.5630E-09 6.6681E-09 6.7634E-09 6.8503E-09 6.9401E-09 7.0252E-09 7.1042E-09 7.1863E-09 7.2619E-09 7.3362E-09 7.4072E-09 7.4747E-09 7.5428E-09 7.6079E-09 7.6659E-09 7.7269E-09 7.7877E-09 7.8444E-09 7.8955E-09 7.9498E-09 8.0054E-09 8.0572E-09 8.1046E-09 8.1530E-09 8.2073E-09 8.2620E-09 8.3107E-09 8.3613E-09 8.4236E-09 8.4808E-09 8.5352E-09 8.6476E-09 8.9041E-09 9.0273E-09 9.1099E-09 9.4134E-09 9.7344E-09 9.8522E-09 9.9675E-09 1.0333E-08 1.0474E-08 1.0617E-08 1.0756E-08 1.0898E-08 1.1039E-08 1.1183E-08 1.1328E-08 1.1485E-08 1.1632E-08 1.1774E-08 1.1913E-08 1.2047E-08 1.2187E-08 1.2325E-08 1.2443E-08
6.4744E-09 6.5742E-09 6.6707E-09 6.7712E-09 6.8636E-09 6.9523E-09 7.0450E-09 7.1316E-09 7.2135E-09 7.2980E-09 7.3761E-09 7.4532E-09 7.5277E-09 7.6000E-09 7.6684E-09 7.7360E-09 7.8005E-09 7.8618E-09 7.9255E-09 7.9857E-09 8.0399E-09 8.0981E-09 8.1575E-09 8.2134E-09 8.2648E-09 8.3217E-09 8.3809E-09 8.4383E-09 8.4928E-09 8.5492E-09 8.6177E-09 8.6808E-09 8.7458E-09 8.8735E-09 9.1355E-09 9.2706E-09 9.5806E-09 9.6853E-09 1.0030E-08 1.0151E-08 1.0526E-08 1.0672E-08 1.0831E-08 1.0981E-08 1.1134E-08 1.1293E-08 1.1453E-08 1.1613E-08 1.1788E-08 1.1954E-08 1.2119E-08 1.2281E-08 1.2438E-08 1.2607E-08 1.2774E-08 1.2919E-08 1.3053E-08
6.5563E-09 6.6563E-09 6.7548E-09 6.8576E-09 6.9529E-09 7.0437E-09 7.1390E-09 7.2283E-09 7.3144E-09 7.4007E-09 7.4812E-09 7.5606E-09 7.6389E-09 7.7141E-09 7.7853E-09 7.8555E-09 7.9245E-09 7.9913E-09 8.0552E-09 8.1188E-09 8.1788E-09 8.2415E-09 8.3032E-09 8.3638E-09 8.4223E-09 8.4840E-09 8.5483E-09 8.6107E-09 8.6753E-09 8.7470E-09 8.8129E-09 8.8821E-09 8.9548E-09 9.2840E-09 9.3717E-09 9.5190E-09 9.8435E-09 1.0196E-08 1.0325E-08 1.0705E-08 1.0851E-08 1.1030E-08 1.1193E-08 1.1358E-08 1.1527E-08 1.1702E-08 1.1881E-08 1.2074E-08 1.2259E-08 1.2443E-08 1.2628E-08 1.2812E-08 1.3006E-08 1.3199E-08 1.3373E-08 1.3539E-08 1.3692E-08
6.6247E-09 6.7267E-09 6.8275E-09 6.9329E-09 7.0313E-09 7.1265E-09 7.2225E-09 7.3139E-09 7.4069E-09 7.4927E-09 7.5759E-09 7.6607E-09 7.7399E-09 7.8178E-09 7.8919E-09 7.9652E-09 8.0386E-09 8.1093E-09 8.1766E-09 8.2439E-09 8.3138E-09 8.3804E-09 8.4444E-09 8.5095E-09 8.5796E-09 8.6493E-09 8.7147E-09 8.7824E-09 8.8532E-09 8.9373E-09 9.0100E-09 9.0861E-09 9.1716E-09 9.5119E-09 9.6124E-09 9.9910E-09 1.0339E-08 1.0483E-08 1.0628E-08 1.1027E-08 1.1212E-08 1.1384E-08 1.1563E-08 1.1749E-08 1.1936E-08 1.2129E-08 1.2337E-08 1.2544E-08 1.2750E-08 1.2955E-08 1.3163E-08 1.3381E-08 1.3601E-08 1.3802E-08 1.3996E-08 1.4181E-08 1.4365E-08
6.6811E-09 6.7857E-09 6.8905E-09 6.9963E-09 7.0977E-09 7.1982E-09 7.2942E-09 7.3879E-09 7.4855E-09 7.5727E-09 7.6586E-09 7.7465E-09 7.8325E-09 7.9109E-09 7.9883E-09 8.0676E-09 8.1452E-09 8.2200E-09 8.2911E-09 8.3624E-09 8.4383E-09 8.5136E-09 8.5820E-09 8.6517E-09 8.7278E-09 8.8070E-09 8.8801E-09 8.9539E-09 9.0402E-09 9.1226E-09 9.2085E-09 9.2921E-09 9.5714E-09 9.7424E-09 1.0069E-08 1.0256E-08 1.0627E-08 1.0778E-08 1.1185E-08 1.1374E-08 1.1563E-08 1.1752E-08 1.1948E-08 1.2152E-08 1.2363E-08 1.2580E-08 1.2807E-08 1.3032E-08 1.3258E-08 1.3487E-08 1.3728E-08 1.3970E-08 1.4197E-08 1.4419E-08 1.4634E-08 1.4857E-08 1.5060E-08
6.7246E-09 6.8321E-09 6.9413E-09 7.0474E-09 7.1510E-09 7.2552E-09 7.3529E-09 7.4493E-09 7.5505E-09 7.6408E-09 7.7297E-09 7.8208E-09 7.9115E-09 7.9948E-09 8.0758E-09 8.1597E-09 8.2432E-09 8.3244E-09 8.3997E-09 8.4769E-09 8.5584E-09 8.6383E-09 8.7157E-09 8.7916E-09 8.8744E-09 8.9582E-09 9.0423E-09 9.1241E-09 9.2188E-09 9.3087E-09 9.4030E-09 9.5068E-09 9.7923E-09 9.9765E-09 1.0318E-08 1.0758E-08 1.0918E-08 1.1328E-08 1.1508E-08 1.1724E-08 1.1927E-08 1.2134E-08 1.2349E-08 1.2572E-08 1.2802E-08 1.3047E-08 1.3288E-08 1.3529E-08 1.3774E-08 1.4037E-08 1.4300E-08 1.4553E-08 1.4801E-08 1.5045E-08 1.5300E-08 1.5535E-08 1.5760E-08
6.7554E-09 6.8654E-09 6.9781E-09 7.0851E-09 7.1910E-09 7.2987E-09 7.3992E-09 7.4982E-09 7.6024E-09 7.6982E-09 7.7903E-09 7.8849E-09 7.9790E-09 8.0695E-09 8.1552E-09 8.2430E-09 8.3313E-09 8.4166E-09 8.5015E-09 8.5859E-09 8.6719E-09 8.7557E-09 8.8413E-09 8.9300E-09 9.0189E-09 9.1067E-09 9.1979E-09 9.2990E-09 9.3971E-09 9.4953E-09 9.5984E-09 9.8979E-09 1.0017E-08 1.0432E-08 1.0574E-08 1.1036E-08 1.1214E-08 1.1646E-08 1.1867E-08 1.2079E-08 1.2300E-08 1.2524E-08 1.2757E-08 1.2996E-08 1.3252E-08 1.3507E-08 1.3761E-08 1.4022E-08 1.4302E-08 1.4585E-08 1.4861E-08 1.5132E-08 1.5403E-08 1.5686E-08 1.5954E-08 1.6215E-08 1.6485E-08
