Assets/Resources/2015_m01_d30_2000(utc+0800)_l00_csi_1hr_conc.grd
DSAA
         159         159
     -79.000      79.000
     -79.000      79.000
  0.0000E+00  0.8071E-05
[rows 0 to 24 of 159, columns 57 to 113 of 159]
4.0234E-10 4.7368E-10 5.5863E-10 6.4848E-10 7.4698E-10 8.5846E-10 9.8156E-10 1.1161E-09 1.2653E-09 1.4276E-09 1.6040E-09 1.7930E-09 2.0002E-09 2.2203E-09 2.4551E-09 2.7001E-09 2.9564E-09 3.2228E-09 3.4939E-09 3.7694E-09 4.0478E-09 4.3261E-09 4.6009E-09 4.8699E-09 5.1299E-09 5.3798E-09 5.6145E-09 5.8335E-09 6.0333E-09 6.2126E-09 6.3691E-09 6.5022E-09 6.6100E-09 6.6922E-09 6.7477E-09 6.7765E-09 6.7789E-09 6.7570E-09 6.7125E-09 6.6477E-09 6.5636E-09 6.4608E-09 6.3402E-09 6.2049E-09 6.0548E-09 5.8936E-09 5.7237E-09 5.5456E-09 5.3614E-09 5.1719E-09 4.9808E-09 4.7902E-09 4.5993E-09 4.4082E-09 4.2183E-09 4.0331E-09 3.8509E-09
4.3630E-10 5.1697E-10 6.0348E-10 7.0000E-10 8.0758E-10 9.2658E-10 1.0567E-09 1.2041E-09 1.3645E-09 1.5397E-09 1.7285E-09 1.9349E-09 2.1596E-09 2.3986E-09 2.6512E-09 2.9173E-09 3.1946E-09 3.4795E-09 3.7718E-09 4.0687E-09 4.3683E-09 4.6668E-09 4.9614E-09 5.2495E-09 5.5285E-09 5.7942E-09 6.0446E-09 6.2769E-09 6.4889E-09 6.6778E-09 6.8420E-09 6.9802E-09 7.0917E-09 7.1748E-09 7.2292E-09 7.2545E-09 7.2501E-09 7.2168E-09 7.1583E-09 7.0773E-09 6.9761E-09 6.8575E-09 6.7215E-09 6.5704E-09 6.4029E-09 6.2221E-09 6.0304E-09 5.8328E-09 5.6307E-09 5.4251E-09 5.2160E-09 5.0062E-09 4.7991E-09 4.5941E-09 4.3911E-09 4.1902E-09 3.9949E-09
4.6970E-10 5.5647E-10 6.5008E-10 7.5312E-10 8.6889E-10 9.9533E-10 1.1376E-09 1.2944E-09 1.4649E-09 1.6518E-09 1.8538E-09 2.0791E-09 2.3216E-09 2.5785E-09 2.8506E-09 3.1367E-09 3.4362E-09 3.7426E-09 4.0552E-09 4.3736E-09 4.6937E-09 5.0137E-09 5.3291E-09 5.6367E-09 5.9337E-09 6.2162E-09 6.4826E-09 6.7288E-09 6.9524E-09 7.1515E-09 7.3238E-09 7.4671E-09 7.5804E-09 7.6639E-09 7.7162E-09 7.7375E-09 7.7267E-09 7.6842E-09 7.6147E-09 7.5204E-09 7.4019E-09 7.2628E-09 7.1071E-09 6.9366E-09 6.7518E-09 6.5541E-09 6.3450E-09 6.1267E-09 5.9023E-09 5.6768E-09 5.4509E-09 5.2243E-09 4.9982E-09 4.7765E-09 4.5597E-09 4.3462E-09 4.1368E-09
5.0577E-10 5.9587E-10 6.9579E-10 8.0736E-10 9.3074E-10 1.0679E-09 1.2187E-09 1.3843E-09 1.5668E-09 1.7651E-09 1.9851E-09 2.2267E-09 2.4869E-09 2.7633E-09 3.0559E-09 3.3646E-09 3.6835E-09 4.0119E-09 4.3460E-09 4.6867E-09 5.0304E-09 5.3729E-09 5.7100E-09 6.0388E-09 6.3552E-09 6.6563E-09 6.9385E-09 7.1996E-09 7.4359E-09 7.6452E-09 7.8255E-09 7.9743E-09 8.0905E-09 8.1736E-09 8.2229E-09 8.2377E-09 8.2158E-09 8.1609E-09 8.0775E-09 7.9679E-09 7.8332E-09 7.6781E-09 7.5051E-09 7.3131E-09 7.1055E-09 6.8866E-09 6.6585E-09 6.4221E-09 6.1790E-09 5.9307E-09 5.6832E-09 5.4390E-09 5.1968E-09 4.9574E-09 4.7234E-09 4.4964E-09 4.2750E-09
5.4239E-10 6.3633E-10 7.4328E-10 8.6305E-10 9.9384E-10 1.1397E-09 1.2992E-09 1.4773E-09 1.6712E-09 1.8850E-09 2.1214E-09 2.3802E-09 2.6593E-09 2.9571E-09 3.2709E-09 3.6004E-09 3.9415E-09 4.2932E-09 4.6528E-09 5.0178E-09 5.3847E-09 5.7505E-09 6.1106E-09 6.4609E-09 6.7972E-09 7.1162E-09 7.4154E-09 7.6909E-09 7.9398E-09 8.1587E-09 8.3461E-09 8.4998E-09 8.6185E-09 8.7015E-09 8.7483E-09 8.7563E-09 8.7252E-09 8.6590E-09 8.5597E-09 8.4297E-09 8.2734E-09 8.0996E-09 7.9080E-09 7.6978E-09 7.4701E-09 7.2268E-09 6.9734E-09 6.7143E-09 6.4518E-09 6.1860E-09 5.9168E-09 5.6501E-09 5.3899E-09 5.1349E-09 4.8840E-09 4.6405E-09 4.4060E-09
5.7647E-10 6.7640E-10 7.9226E-10 9.1679E-10 1.0564E-09 1.2100E-09 1.3826E-09 1.5701E-09 1.7770E-09 2.0028E-09 2.2579E-09 2.5331E-09 2.8313E-09 3.1486E-09 3.4849E-09 3.8369E-09 4.2011E-09 4.5755E-09 4.9600E-09 5.3487E-09 5.7402E-09 6.1308E-09 6.5154E-09 6.8899E-09 7.2490E-09 7.5884E-09 7.9048E-09 8.1954E-09 8.4563E-09 8.6861E-09 8.8801E-09 9.0382E-09 9.1579E-09 9.2387E-09 9.2789E-09 9.2752E-09 9.2330E-09 9.1554E-09 9.0425E-09 8.8954E-09 8.7210E-09 8.5266E-09 8.3110E-09 8.0781E-09 7.8299E-09 7.5675E-09 7.2928E-09 7.0083E-09 6.7205E-09 6.4338E-09 6.1475E-09 5.8607E-09 5.5785E-09 5.3050E-09 5.0393E-09 4.7804E-09 4.5300E-09
6.0906E-10 7.1806E-10 8.3823E-10 9.7047E-10 1.1177E-09 1.2825E-09 1.4633E-09 1.6632E-09 1.8828E-09 2.1265E-09 2.3967E-09 2.6910E-09 3.0070E-09 3.3467E-09 3.7048E-09 4.0801E-09 4.4677E-09 4.8687E-09 5.2789E-09 5.6955E-09 6.1142E-09 6.5302E-09 6.9393E-09 7.3373E-09 7.7181E-09 8.0776E-09 8.4115E-09 8.7172E-09 8.9904E-09 9.2295E-09 9.4317E-09 9.5943E-09 9.7161E-09 9.7956E-09 9.8285E-09 9.8146E-09 9.7599E-09 9.6658E-09 9.5321E-09 9.3647E-09 9.1741E-09 8.9608E-09 8.7234E-09 8.4644E-09 8.1888E-09 7.9020E-09 7.6060E-09 7.3013E-09 6.9898E-09 6.6771E-09 6.3686E-09 6.0649E-09 5.7640E-09 5.4691E-09 5.1859E-09 4.9127E-09 4.6481E-09
6.4327E-10 7.5773E-10 8.8265E-10 1.0236E-09 1.1786E-09 1.3513E-09 1.5431E-09 1.7561E-09 1.9894E-09 2.2509E-09 2.5357E-09 2.8464E-09 3.1819E-09 3.5415E-09 3.9229E-09 4.3212E-09 4.7364E-09 5.1629E-09 5.5989E-09 6.0402E-09 6.4837E-09 6.9254E-09 7.3618E-09 7.7856E-09 8.1911E-09 8.5736E-09 8.9280E-09 9.2493E-09 9.5358E-09 9.7833E-09 9.9911E-09 1.0156E-08 1.0276E-08 1.0350E-08 1.0372E-08 1.0350E-08 1.0285E-08 1.0177E-08 1.0025E-08 9.8391E-09 9.6274E-09 9.3895E-09 9.1294E-09 8.8488E-09 8.5501E-09 8.2356E-09 7.9121E-09 7.5845E-09 7.2528E-09 6.9179E-09 6.5842E-09 6.2582E-09 5.9402E-09 5.6283E-09 5.3246E-09 5.0351E-09 4.7576E-09
6.7630E-10 7.9416E-10 9.2820E-10 1.0738E-09 1.2362E-09 1.4188E-09 1.6238E-09 1.8478E-09 2.0933E-09 2.3717E-09 2.6744E-09 3.0010E-09 3.3564E-09 3.7391E-09 4.1430E-09 4.5651E-09 5.0033E-09 5.4553E-09 5.9173E-09 6.3884E-09 6.8621E-09 7.3351E-09 7.7991E-09 8.2499E-09 8.6808E-09 9.0856E-09 9.4586E-09 9.7967E-09 1.0096E-08 1.0354E-08 1.0567E-08 1.0735E-08 1.0854E-08 1.0918E-08 1.0928E-08 1.0892E-08 1.0810E-08 1.0682E-08 1.0513E-08 1.0316E-08 1.0086E-08 9.8226E-09 9.5333E-09 9.2255E-09 8.9024E-09 8.5655E-09 8.2160E-09 7.8596E-09 7.5036E-09 7.1483E-09 6.7939E-09 6.4437E-09 6.1046E-09 5.7758E-09 5.4548E-09 5.1477E-09 4.8551E-09
7.0637E-10 8.3042E-10 9.6946E-10 1.1222E-09 1.2935E-09 1.4876E-09 1.7014E-09 1.9366E-09 2.1986E-09 2.4937E-09 2.8132E-09 3.1602E-09 3.5373E-09 3.9420E-09 4.3647E-09 4.8102E-09 5.2770E-09 5.7585E-09 6.2543E-09 6.7551E-09 7.2579E-09 7.7561E-09 8.2478E-09 8.7251E-09 9.1810E-09 9.6099E-09 1.0005E-08 1.0360E-08 1.0671E-08 1.0938E-08 1.1156E-08 1.1324E-08 1.1439E-08 1.1492E-08 1.1494E-08 1.1447E-08 1.1348E-08 1.1198E-08 1.1010E-08 1.0791E-08 1.0539E-08 1.0254E-08 9.9399E-09 9.6009E-09 9.2452E-09 8.8821E-09 8.5097E-09 8.1292E-09 7.7449E-09 7.3647E-09 6.9907E-09 6.6207E-09 6.2582E-09 5.9098E-09 5.5727E-09 5.2505E-09 4.9418E-09
7.3471E-10 8.6557E-10 1.0072E-09 1.1691E-09 1.3491E-09 1.5514E-09 1.7759E-09 2.0237E-09 2.3048E-09 2.6135E-09 2.9503E-09 3.3175E-09 3.7136E-09 4.1350E-09 4.5821E-09 5.0550E-09 5.5507E-09 6.0617E-09 6.5828E-09 7.1120E-09 7.6444E-09 8.1748E-09 8.6969E-09 9.2032E-09 9.6871E-09 1.0142E-08 1.0560E-08 1.0934E-08 1.1260E-08 1.1535E-08 1.1756E-08 1.1922E-08 1.2023E-08 1.2064E-08 1.2052E-08 1.1989E-08 1.1871E-08 1.1705E-08 1.1506E-08 1.1267E-08 1.0987E-08 1.0673E-08 1.0332E-08 9.9696E-09 9.5863E-09 9.1888E-09 8.7878E-09 8.3839E-09 7.9771E-09 7.5699E-09 7.1708E-09 6.7821E-09 6.3998E-09 6.0311E-09 5.6760E-09 5.3395E-09 5.0177E-09
7.6100E-10 8.9516E-10 1.0443E-09 1.2138E-09 1.4015E-09 1.6127E-09 1.8481E-09 2.1083E-09 2.4199E-09 2.7412E-09 3.0888E-09 3.4706E-09 3.8881E-09 4.3300E-09 4.8011E-09 5.3003E-09 5.8193E-09 6.3589E-09 6.9124E-09 7.4753E-09 8.0411E-09 8.6040E-09 9.1569E-09 9.6929E-09 1.0204E-08 1.0684E-08 1.1123E-08 1.1515E-08 1.1855E-08 1.2140E-08 1.2365E-08 1.2526E-08 1.2617E-08 1.2649E-08 1.2623E-08 1.2537E-08 1.2393E-08 1.2208E-08 1.1991E-08 1.1731E-08 1.1429E-08 1.1089E-08 1.0715E-08 1.0320E-08 9.9114E-09 9.4886E-09 9.0547E-09 8.6206E-09 8.1903E-09 7.7618E-09 7.3373E-09 6.9250E-09 6.5248E-09 6.1381E-09 5.7655E-09 5.4138E-09 5.0799E-09
7.8663E-10 9.2377E-10 1.0796E-09 1.2544E-09 1.4518E-09 1.6719E-09 1.9164E-09 2.1868E-09 2.5889E-09 2.8825E-09 3.2281E-09 3.6274E-09 4.0613E-09 4.5249E-09 5.0179E-09 5.5400E-09 6.0889E-09 6.6603E-09 7.2475E-09 7.8441E-09 8.4432E-09 9.0374E-09 9.6202E-09 1.0185E-08 1.0723E-08 1.1229E-08 1.1691E-08 1.2103E-08 1.2457E-08 1.2750E-08 1.2976E-08 1.3125E-08 1.3206E-08 1.3226E-08 1.3185E-08 1.3078E-08 1.2919E-08 1.2722E-08 1.2477E-08 1.2185E-08 1.1853E-08 1.1488E-08 1.1090E-08 1.0663E-08 1.0219E-08 9.7666E-09 9.3088E-09 8.8440E-09 8.3834E-09 7.9325E-09 7.4874E-09 7.0513E-09 6.6309E-09 6.2280E-09 5.8395E-09 5.4730E-09 5.1272E-09
8.0644E-10 9.4924E-10 1.1127E-09 1.2937E-09 1.4989E-09 1.7256E-09 1.9801E-09 2.3342E-09 2.7810E-09 3.1236E-09 3.3955E-09 3.7870E-09 4.2344E-09 4.7165E-09 5.2332E-09 5.7828E-09 6.3605E-09 6.9641E-09 7.5840E-09 8.2146E-09 8.8479E-09 9.4766E-09 1.0093E-08 1.0690E-08 1.1258E-08 1.1790E-08 1.2277E-08 1.2708E-08 1.3079E-08 1.3382E-08 1.3605E-08 1.3745E-08 1.3814E-08 1.3815E-08 1.3746E-08 1.3610E-08 1.3436E-08 1.3220E-08 1.2953E-08 1.2636E-08 1.2273E-08 1.1871E-08 1.1441E-08 1.0987E-08 1.0513E-08 1.0026E-08 9.5372E-09 9.0501E-09 8.5609E-09 8.0808E-09 7.6150E-09 7.1589E-09 6.7188E-09 6.2986E-09 5.8964E-09 5.5171E-09 5.1596E-09
8.2514E-10 9.7189E-10 1.1380E-09 1.3316E-09 1.5392E-09 1.7748E-09 2.0401E-09 2.5007E-09 2.9129E-09 3.3107E-09 3.6994E-09 3.9843E-09 4.4085E-09 4.9096E-09 5.4507E-09 6.0269E-09 6.6360E-09 7.2700E-09 7.9240E-09 8.5900E-09 9.2595E-09 9.9241E-09 1.0577E-08 1.1205E-08 1.1803E-08 1.2359E-08 1.2867E-08 1.3317E-08 1.3701E-08 1.4010E-08 1.4229E-08 1.4365E-08 1.4426E-08 1.4412E-08 1.4319E-08 1.4165E-08 1.3966E-08 1.3714E-08 1.3408E-08 1.3063E-08 1.2673E-08 1.2243E-08 1.1776E-08 1.1287E-08 1.0783E-08 1.0268E-08 9.7460E-09 9.2278E-09 8.7180E-09 8.2100E-09 7.7191E-09 7.2449E-09 6.7874E-09 6.3500E-09 5.9354E-09 5.5451E-09 5.1776E-09
8.4255E-10 9.9085E-10 1.1679E-09 1.3606E-09 1.5767E-09 1.8206E-09 2.1681E-09 2.5879E-09 3.1913E-09 3.6241E-09 3.9177E-09 4.2106E-09 4.6422E-09 5.1069E-09 5.6725E-09 6.2756E-09 6.9130E-09 7.5784E-09 8.2684E-09 8.9709E-09 9.6782E-09 1.0380E-08 1.1064E-08 1.1725E-08 1.2351E-08 1.2934E-08 1.3464E-08 1.3932E-08 1.4330E-08 1.4638E-08 1.4853E-08 1.4985E-08 1.5033E-08 1.4994E-08 1.4878E-08 1.4712E-08 1.4492E-08 1.4213E-08 1.3872E-08 1.3481E-08 1.3048E-08 1.2587E-08 1.2093E-08 1.1570E-08 1.1030E-08 1.0483E-08 9.9339E-09 9.3842E-09 8.8450E-09 8.3168E-09 7.8020E-09 7.3070E-09 6.8349E-09 6.3831E-09 5.9557E-09 5.5559E-09 5.1799E-09
8.5655E-10 1.0110E-09 1.1876E-09 1.3836E-09 1.6110E-09 1.8600E-09 2.3015E-09 2.7524E-09 3.3478E-09 3.9271E-09 4.4179E-09 4.6419E-09 4.8729E-09 5.3343E-09 5.9015E-09 6.5288E-09 7.1954E-09 7.8930E-09 8.6184E-09 9.3586E-09 1.0103E-08 1.0842E-08 1.1564E-08 1.2259E-08 1.2917E-08 1.3528E-08 1.4081E-08 1.4568E-08 1.4975E-08 1.5284E-08 1.5501E-08 1.5626E-08 1.5657E-08 1.5592E-08 1.5453E-08 1.5260E-08 1.5001E-08 1.4685E-08 1.4314E-08 1.3892E-08 1.3421E-08 1.2912E-08 1.2379E-08 1.1828E-08 1.1256E-08 1.0674E-08 1.0091E-08 9.5166E-09 8.9480E-09 8.3953E-09 7.8626E-09 7.3461E-09 6.8589E-09 6.3956E-09 5.9575E-09 5.5486E-09 5.1654E-09
8.6432E-10 1.0272E-09 1.2029E-09 1.4057E-09 1.6377E-09 1.8945E-09 2.3642E-09 2.9237E-09 3.4627E-09 4.1042E-09 4.7434E-09 5.3591E-09 5.4896E-09 5.6496E-09 6.1512E-09 6.7924E-09 7.4861E-09 8.2196E-09 8.9778E-09 9.7548E-09 1.0538E-08 1.1317E-08 1.2077E-08 1.2808E-08 1.3499E-08 1.4136E-08 1.4711E-08 1.5212E-08 1.5619E-08 1.5929E-08 1.6145E-08 1.6264E-08 1.6277E-08 1.6195E-08 1.6046E-08 1.5825E-08 1.5526E-08 1.5161E-08 1.4736E-08 1.4271E-08 1.3768E-08 1.3227E-08 1.2651E-08 1.2057E-08 1.1452E-08 1.0841E-08 1.0225E-08 9.6185E-09 9.0272E-09 8.4481E-09 7.8946E-09 7.3642E-09 6.8595E-09 6.3865E-09 5.9398E-09 5.5236E-09 5.1346E-09
8.7194E-10 1.0345E-09 1.2185E-09 1.4242E-09 1.6594E-09 2.0015E-09 2.4161E-09 3.0154E-09 3.6857E-09 4.3628E-09 5.0488E-09 5.6659E-09 6.1327E-09 6.4803E-09 6.5315E-09 7.0813E-09 7.7952E-09 8.5564E-09 9.3480E-09 1.0164E-08 1.0986E-08 1.1805E-08 1.2604E-08 1.3370E-08 1.4091E-08 1.4755E-08 1.5353E-08 1.5865E-08 1.6274E-08 1.6588E-08 1.6800E-08 1.6902E-08 1.6893E-08 1.6798E-08 1.6626E-08 1.6370E-08 1.6036E-08 1.5633E-08 1.5170E-08 1.4650E-08 1.4091E-08 1.3506E-08 1.2900E-08 1.2267E-08 1.1620E-08 1.0973E-08 1.0331E-08 9.6944E-09 9.0743E-09 8.4750E-09 7.9017E-09 7.3563E-09 6.8391E-09 6.3546E-09 5.9029E-09 5.4806E-09 5.0868E-09
8.7217E-10 1.0360E-09 1.2239E-09 1.4361E-09 1.6756E-09 2.0306E-09 2.5500E-09 3.0998E-09 3.8166E-09 4.5665E-09 5.4234E-09 6.2182E-09 6.8369E-09 6.9451E-09 7.1942E-09 7.5314E-09 8.1286E-09 8.9123E-09 9.7372E-09 1.0589E-08 1.1453E-08 1.2310E-08 1.3149E-08 1.3954E-08 1.4709E-08 1.5404E-08 1.6022E-08 1.6542E-08 1.6959E-08 1.7273E-08 1.7480E-08 1.7566E-08 1.7541E-08 1.7430E-08 1.7223E-08 1.6922E-08 1.6536E-08 1.6083E-08 1.5574E-08 1.5018E-08 1.4414E-08 1.3774E-08 1.3113E-08 1.2445E-08 1.1765E-08 1.1079E-08 1.0401E-08 9.7410E-09 9.0964E-09 8.4739E-09 7.8824E-09 7.3233E-09 6.7973E-09 6.3024E-09 5.8460E-09 5.4194E-09 5.0228E-09
8.7240E-10 1.0358E-09 1.2259E-09 1.4459E-09 1.6877E-09 2.1331E-09 2.6799E-09 3.2666E-09 4.0261E-09 4.8324E-09 5.6795E-09 6.7123E-09 7.6239E-09 8.2648E-09 8.0984E-09 8.0551E-09 8.5715E-09 9.2982E-09 1.0155E-08 1.1039E-08 1.1941E-08 1.2839E-08 1.3720E-08 1.4564E-08 1.5356E-08 1.6078E-08 1.6711E-08 1.7238E-08 1.7663E-08 1.7977E-08 1.8168E-08 1.8236E-08 1.8203E-08 1.8070E-08 1.7830E-08 1.7489E-08 1.7057E-08 1.6546E-08 1.5974E-08 1.5354E-08 1.4704E-08 1.4023E-08 1.3315E-08 1.2593E-08 1.1872E-08 1.1155E-08 1.0445E-08 9.7519E-09 9.0866E-09 8.4457E-09 7.8373E-09 7.2666E-09 6.7320E-09 6.2313E-09 5.7692E-09 5.3415E-09 4.9433E-09
8.7064E-10 1.0301E-09 1.2234E-09 1.4448E-09 1.6908E-09 2.1542E-09 2.7209E-09 3.3824E-09 4.1677E-09 5.0048E-09 5.9999E-09 7.0076E-09 8.0159E-09 9.3448E-09 9.9477E-09 9.4655E-09 9.1995E-09 9.7672E-09 1.0607E-08 1.1522E-08 1.2460E-08 1.3401E-08 1.4322E-08 1.5203E-08 1.6028E-08 1.6775E-08 1.7424E-08 1.7967E-08 1.8398E-08 1.8708E-08 1.8883E-08 1.8936E-08 1.8885E-08 1.8717E-08 1.8433E-08 1.8047E-08 1.7568E-08 1.7009E-08 1.6382E-08 1.5698E-08 1.4976E-08 1.4235E-08 1.3484E-08 1.2720E-08 1.1950E-08 1.1193E-08 1.0455E-08 9.7370E-09 9.0457E-09 8.3888E-09 7.7694E-09 7.1853E-09 6.6437E-09 6.1378E-09 5.6744E-09 5.2468E-09 4.8488E-09
8.6080E-10 1.0278E-09 1.2135E-09 1.4377E-09 1.7432E-09 2.1635E-09 2.7567E-09 3.4525E-09 4.2810E-09 5.1577E-09 6.2107E-09 7.4695E-09 8.6673E-09 9.7613E-09 1.0748E-08 1.1847E-08 1.1051E-08 1.0520E-08 1.1129E-08 1.2050E-08 1.3020E-08 1.3998E-08 1.4957E-08 1.5879E-08 1.6742E-08 1.7518E-08 1.8186E-08 1.8747E-08 1.9183E-08 1.9482E-08 1.9644E-08 1.9686E-08 1.9608E-08 1.9400E-08 1.9067E-08 1.8622E-08 1.8081E-08 1.7454E-08 1.6767E-08 1.6029E-08 1.5248E-08 1.4437E-08 1.3615E-08 1.2805E-08 1.1999E-08 1.1203E-08 1.0428E-08 9.6894E-09 8.9788E-09 8.3032E-09 7.6725E-09 7.0814E-09 6.5322E-09 6.0245E-09 5.5625E-09 5.1355E-09 4.7401E-09
8.4529E-10 1.0148E-09 1.2066E-09 1.4271E-09 1.7628E-09 2.2512E-09 2.8718E-09 3.5079E-09 4.3724E-09 5.2944E-09 6.4057E-09 7.7270E-09 9.2878E-09 1.0678E-08 1.1889E-08 1.2691E-08 1.2342E-08 1.2845E-08 1.2003E-08 1.2651E-08 1.3631E-08 1.4642E-08 1.5644E-08 1.6610E-08 1.7507E-08 1.8312E-08 1.9005E-08 1.9576E-08 2.0016E-08 2.0307E-08 2.0458E-08 2.0483E-08 2.0366E-08 2.0112E-08 1.9726E-08 1.9221E-08 1.8613E-08 1.7916E-08 1.7148E-08 1.6330E-08 1.5484E-08 1.4617E-08 1.3736E-08 1.2855E-08 1.2007E-08 1.1181E-08 1.0376E-08 9.6079E-09 8.8814E-09 8.1932E-09 7.5505E-09 6.9542E-09 6.3983E-09 5.8930E-09 5.4342E-09 5.0093E-09 4.6186E-09
8.3049E-10 9.9474E-10 1.1935E-09 1.4124E-09 1.7474E-09 2.2513E-09 2.8930E-09 3.6468E-09 4.4513E-09 5.4113E-09 6.5692E-09 7.9455E-09 9.5870E-09 1.1273E-08 1.3123E-08 1.4499E-08 1.5018E-08 1.3887E-08 1.3233E-08 1.3649E-08 1.4322E-08 1.5356E-08 1.6393E-08 1.7396E-08 1.8328E-08 1.9160E-08 1.9884E-08 2.0473E-08 2.0911E-08 2.1195E-08 2.1341E-08 2.1334E-08 2.1170E-08 2.0858E-08 2.0408E-08 1.9835E-08 1.9153E-08 1.8380E-08 1.7533E-08 1.6632E-08 1.5696E-08 1.4754E-08 1.3822E-08 1.2893E-08 1.1984E-08 1.1118E-08 1.0292E-08 9.5033E-09 8.7546E-09 8.0556E-09 7.4039E-09 6.8014E-09 6.2457E-09 5.7441E-09 5.2900E-09 4.8700E-09 4.4841E-09
