Assets/Resources/2015_m01_d27_2200(utc+0800)_l00_csi_1hr_conc.grd
DSAA
         159         159
     -79.000      79.000
     -79.000      79.000
  0.0000E+00  0.9048E-05
[rows 0 to 24 of 159, columns 57 to 113 of 159]
1.0069E-08 1.0519E-08 1.0884E-08 1.1153E-08 1.1319E-08 1.1376E-08 1.1322E-08 1.1157E-08 1.0888E-08 1.0522E-08 1.0070E-08 9.5432E-09 8.9559E-09 8.3227E-09 7.6581E-09 6.9770E-09 6.2943E-09 5.6211E-09 4.9699E-09 4.3496E-09 3.7722E-09 3.2392E-09 2.7529E-09 2.3168E-09 1.9328E-09 1.5937E-09 1.3021E-09 1.0533E-09 8.4619E-10 6.7845E-10 5.3495E-10 4.1332E-10 3.0155E-10 2.1617E-10 1.5199E-10 1.0223E-10 6.4171E-11 3.5103E-11 1.4791E-11 5.7262E-12 3.2034E-12 2.5481E-12 2.0141E-12 0.0000E+00 0.0000E+00 0.0000E+00 0.0000E+00 0.0000E+00 0.0000E+00 0.0000E+00 0.0000E+00 0.0000E+00 0.0000E+00 0.0000E+00 0.0000E+00 0.0000E+00 0.0000E+00
1.0732E-08 1.1223E-08 1.1622E-08 1.1915E-08 1.2098E-08 1.2163E-08 1.2108E-08 1.1933E-08 1.1641E-08 1.1245E-08 1.0751E-08 1.0177E-08 9.5379E-09 8.8487E-09 8.1280E-09 7.3914E-09 6.6534E-09 5.9295E-09 5.2319E-09 4.5686E-09 3.9484E-09 3.3793E-09 2.8655E-09 2.4029E-09 1.9944E-09 1.6404E-09 1.3327E-09 1.0741E-09 8.6037E-10 6.8596E-10 5.3936E-10 4.1409E-10 2.9746E-10 2.1023E-10 1.4957E-10 9.8983E-11 5.9906E-11 3.3128E-11 1.2585E-11 5.6240E-12 3.1402E-12 2.4978E-12 1.9743E-12 0.0000E+00 0.0000E+00 0.0000E+00 0.0000E+00 0.0000E+00 0.0000E+00 0.0000E+00 0.0000E+00 0.0000E+00 0.0000E+00 0.0000E+00 0.0000E+00 0.0000E+00 0.0000E+00
1.1386E-08 1.1918E-08 1.2353E-08 1.2676E-08 1.2878E-08 1.2951E-08 1.2891E-08 1.2703E-08 1.2390E-08 1.1962E-08 1.1431E-08 1.0811E-08 1.0121E-08 9.3764E-09 8.5965E-09 7.7989E-09 7.0030E-09 6.2230E-09 5.4724E-09 4.7645E-09 4.1061E-09 3.5011E-09 2.9549E-09 2.4706E-09 2.0417E-09 1.6698E-09 1.3521E-09 1.0813E-09 8.6431E-10 6.8491E-10 5.3675E-10 4.0769E-10 2.9011E-10 2.0535E-10 1.3918E-10 9.3435E-11 5.6407E-11 2.9379E-11 1.0824E-11 5.4869E-12 3.0589E-12 2.4331E-12 1.9232E-12 0.0000E+00 0.0000E+00 0.0000E+00 0.0000E+00 0.0000E+00 0.0000E+00 0.0000E+00 0.0000E+00 0.0000E+00 0.0000E+00 0.0000E+00 0.0000E+00 0.0000E+00 0.0000E+00
1.2017E-08 1.2598E-08 1.3070E-08 1.3421E-08 1.3642E-08 1.3726E-08 1.3668E-08 1.3469E-08 1.3136E-08 1.2675E-08 1.2102E-08 1.1434E-08 1.0688E-08 9.8847E-09 9.0449E-09 8.1913E-09 7.3392E-09 6.5046E-09 5.7038E-09 4.9489E-09 4.2489E-09 3.6121E-09 3.0365E-09 2.5254E-09 2.0803E-09 1.6933E-09 1.3637E-09 1.0853E-09 8.6106E-10 6.8227E-10 5.2966E-10 3.9759E-10 2.7931E-10 1.9911E-10 1.2885E-10 8.5368E-11 4.9463E-11 2.6242E-11 1.0519E-11 4.8032E-12 2.9611E-12 2.3552E-12 1.8616E-12 0.0000E+00 0.0000E+00 0.0000E+00 0.0000E+00 0.0000E+00 0.0000E+00 0.0000E+00 0.0000E+00 0.0000E+00 0.0000E+00 0.0000E+00 0.0000E+00 0.0000E+00 0.0000E+00
1.2622E-08 1.3246E-08 1.3758E-08 1.4144E-08 1.4389E-08 1.4484E-08 1.4424E-08 1.4214E-08 1.3858E-08 1.3368E-08 1.2756E-08 1.2041E-08 1.1243E-08 1.0382E-08 9.4829E-09 8.5647E-09 7.6504E-09 6.7603E-09 5.9104E-09 5.1103E-09 4.3698E-09 3.6970E-09 3.0965E-09 2.5634E-09 2.0977E-09 1.6996E-09 1.3605E-09 1.0768E-09 8.4825E-10 6.6970E-10 5.1493E-10 3.8143E-10 2.6944E-10 1.8061E-10 1.2307E-10 7.7659E-11 4.1800E-11 2.3197E-11 1.0151E-11 3.8953E-12 2.8484E-12 2.2656E-12 1.7908E-12 0.0000E+00 0.0000E+00 0.0000E+00 0.0000E+00 0.0000E+00 0.0000E+00 0.0000E+00 0.0000E+00 0.0000E+00 0.0000E+00 0.0000E+00 0.0000E+00 0.0000E+00 0.0000E+00
1.3190E-08 1.3867E-08 1.4424E-08 1.4843E-08 1.5112E-08 1.5222E-08 1.5169E-08 1.4953E-08 1.4578E-08 1.4056E-08 1.3402E-08 1.2638E-08 1.1783E-08 1.0863E-08 9.9024E-09 8.9248E-09 7.9528E-09 7.0038E-09 6.0979E-09 5.2514E-09 4.4739E-09 3.7677E-09 3.1370E-09 2.5863E-09 2.1068E-09 1.6958E-09 1.3499E-09 1.0605E-09 8.3263E-10 6.5137E-10 4.9421E-10 3.6589E-10 2.5715E-10 1.6615E-10 1.1644E-10 6.8125E-11 3.7659E-11 2.0049E-11 9.5141E-12 3.4019E-12 2.7229E-12 2.1657E-12 1.7118E-12 0.0000E+00 0.0000E+00 0.0000E+00 0.0000E+00 0.0000E+00 0.0000E+00 0.0000E+00 0.0000E+00 0.0000E+00 0.0000E+00 0.0000E+00 0.0000E+00 0.0000E+00 0.0000E+00
1.3717E-08 1.4445E-08 1.5046E-08 1.5505E-08 1.5806E-08 1.5934E-08 1.5886E-08 1.5662E-08 1.5270E-08 1.4720E-08 1.4028E-08 1.3215E-08 1.2305E-08 1.1325E-08 1.0301E-08 9.2588E-09 8.2244E-09 7.2220E-09 6.2672E-09 5.3725E-09 4.5519E-09 3.8156E-09 3.1623E-09 2.5887E-09 2.0966E-09 1.6776E-09 1.3259E-09 1.0349E-09 8.0627E-10 6.2466E-10 4.7123E-10 3.4758E-10 2.2963E-10 1.5414E-10 1.0155E-10 5.5827E-11 3.1352E-11 1.8180E-11 8.2390E-12 3.2316E-12 2.5866E-12 2.0573E-12 1.6261E-12 0.0000E+00 0.0000E+00 0.0000E+00 0.0000E+00 0.0000E+00 0.0000E+00 0.0000E+00 0.0000E+00 0.0000E+00 0.0000E+00 0.0000E+00 0.0000E+00 0.0000E+00 0.0000E+00
1.4203E-08 1.4986E-08 1.5641E-08 1.6144E-08 1.6476E-08 1.6628E-08 1.6594E-08 1.6370E-08 1.5963E-08 1.5385E-08 1.4654E-08 1.3792E-08 1.2825E-08 1.1782E-08 1.0690E-08 9.5820E-09 8.4828E-09 7.4170E-09 6.4057E-09 5.4693E-09 4.6144E-09 3.8442E-09 3.1655E-09 2.5785E-09 2.0735E-09 1.6477E-09 1.2941E-09 1.0031E-09 7.7476E-10 5.9832E-10 4.4454E-10 3.2371E-10 2.0387E-10 1.4266E-10 8.8823E-11 4.6230E-11 2.6795E-11 1.5508E-11 6.8643E-12 3.0507E-12 2.4417E-12 1.8583E-12 1.5350E-12 0.0000E+00 0.0000E+00 0.0000E+00 0.0000E+00 0.0000E+00 0.0000E+00 0.0000E+00 0.0000E+00 0.0000E+00 0.0000E+00 0.0000E+00 0.0000E+00 0.0000E+00 0.0000E+00
1.4635E-08 1.5480E-08 1.6189E-08 1.6740E-08 1.7116E-08 1.7299E-08 1.7280E-08 1.7058E-08 1.6640E-08 1.6038E-08 1.5268E-08 1.4357E-08 1.3331E-08 1.2224E-08 1.1067E-08 9.8920E-09 8.7285E-09 7.6029E-09 6.5373E-09 5.5493E-09 4.6526E-09 3.8558E-09 3.1556E-09 2.5501E-09 2.0379E-09 1.6071E-09 1.2515E-09 9.5883E-10 7.3647E-10 5.6244E-10 4.1577E-10 2.9000E-10 1.8194E-10 1.2886E-10 7.7435E-11 3.9886E-11 2.4176E-11 1.2888E-11 5.3768E-12 2.8618E-12 2.2905E-12 8.1032E-13 0.0000E+00 0.0000E+00 0.0000E+00 0.0000E+00 0.0000E+00 0.0000E+00 0.0000E+00 0.0000E+00 0.0000E+00 0.0000E+00 0.0000E+00 0.0000E+00 0.0000E+00 0.0000E+00 0.0000E+00
1.5011E-08 1.5920E-08 1.6692E-08 1.7301E-08 1.7722E-08 1.7937E-08 1.7941E-08 1.7729E-08 1.7304E-08 1.6679E-08 1.5874E-08 1.4915E-08 1.3831E-08 1.2657E-08 1.1428E-08 1.0181E-08 8.9481E-09 7.7606E-09 6.6450E-09 5.6119E-09 4.6770E-09 3.8487E-09 3.1287E-09 2.5082E-09 1.9868E-09 1.5552E-09 1.2000E-09 9.1296E-10 6.9497E-10 5.2364E-10 3.8240E-10 2.4294E-10 1.6269E-10 1.1282E-10 6.5585E-11 3.4975E-11 2.1944E-11 1.0399E-11 3.7935E-12 2.6678E-12 2.1353E-12 0.0000E+00 0.0000E+00 0.0000E+00 0.0000E+00 0.0000E+00 0.0000E+00 0.0000E+00 0.0000E+00 0.0000E+00 0.0000E+00 0.0000E+00 0.0000E+00 0.0000E+00 0.0000E+00 0.0000E+00 0.0000E+00
1.5329E-08 1.6308E-08 1.7146E-08 1.7813E-08 1.8287E-08 1.8548E-08 1.8581E-08 1.8382E-08 1.7955E-08 1.7312E-08 1.6474E-08 1.5467E-08 1.4324E-08 1.3084E-08 1.1787E-08 1.0472E-08 9.1693E-09 7.9157E-09 6.7378E-09 5.6572E-09 4.6873E-09 3.8284E-09 3.0861E-09 2.4556E-09 1.9269E-09 1.4934E-09 1.1442E-09 8.6077E-10 6.4827E-10 4.8186E-10 3.3831E-10 2.1098E-10 1.4799E-10 9.5569E-11 5.2668E-11 3.0306E-11 1.8060E-11 8.0094E-12 3.0685E-12 2.4714E-12 1.7386E-12 0.0000E+00 0.0000E+00 0.0000E+00 0.0000E+00 0.0000E+00 0.0000E+00 0.0000E+00 0.0000E+00 0.0000E+00 0.0000E+00 0.0000E+00 0.0000E+00 0.0000E+00 0.0000E+00 0.0000E+00 0.0000E+00
1.5586E-08 1.6634E-08 1.7542E-08 1.8279E-08 1.8814E-08 1.9123E-08 1.9193E-08 1.9014E-08 1.8591E-08 1.7934E-08 1.7065E-08 1.6014E-08 1.4814E-08 1.3507E-08 1.2135E-08 1.0743E-08 9.3724E-09 8.0571E-09 6.8204E-09 5.6883E-09 4.6777E-09 3.7953E-09 3.0349E-09 2.3895E-09 1.8577E-09 1.4241E-09 1.0763E-09 8.0366E-10 5.9413E-10 4.3549E-10 2.8514E-10 1.8362E-10 1.3081E-10 8.0813E-11 4.5072E-11 2.6661E-11 1.4578E-11 6.2934E-12 2.8248E-12 2.2751E-12 4.3515E-13 0.0000E+00 0.0000E+00 0.0000E+00 0.0000E+00 0.0000E+00 0.0000E+00 0.0000E+00 0.0000E+00 0.0000E+00 0.0000E+00 0.0000E+00 0.0000E+00 0.0000E+00 0.0000E+00 0.0000E+00 0.0000E+00
1.5772E-08 1.6896E-08 1.7881E-08 1.8691E-08 1.9291E-08 1.9658E-08 1.9772E-08 1.9625E-08 1.9214E-08 1.8551E-08 1.7658E-08 1.6566E-08 1.5309E-08 1.3936E-08 1.2493E-08 1.1025E-08 9.5759E-09 8.1864E-09 6.8913E-09 5.7153E-09 4.6631E-09 3.7477E-09 2.9713E-09 2.3194E-09 1.7796E-09 1.3525E-09 1.0062E-09 7.3758E-10 5.4206E-10 3.8578E-10 2.3906E-10 1.6310E-10 1.1538E-10 6.8028E-11 3.5453E-11 2.3779E-11 1.1297E-11 4.2031E-12 2.5842E-12 2.0813E-12 0.0000E+00 0.0000E+00 0.0000E+00 0.0000E+00 0.0000E+00 0.0000E+00 0.0000E+00 0.0000E+00 0.0000E+00 0.0000E+00 0.0000E+00 0.0000E+00 0.0000E+00 0.0000E+00 0.0000E+00 0.0000E+00 0.0000E+00
1.5888E-08 1.7092E-08 1.8156E-08 1.9047E-08 1.9725E-08 2.0162E-08 2.0334E-08 2.0227E-08 1.9839E-08 1.9177E-08 1.8264E-08 1.7130E-08 1.5821E-08 1.4384E-08 1.2865E-08 1.1320E-08 9.7945E-09 8.3316E-09 6.9679E-09 5.7300E-09 4.6419E-09 3.7005E-09 2.9029E-09 2.2430E-09 1.7057E-09 1.2738E-09 9.3926E-10 6.7469E-10 4.8774E-10 3.3281E-10 2.0063E-10 1.4575E-10 9.8624E-11 5.4236E-11 2.9029E-11 1.7930E-11 7.8132E-12 2.8985E-12 2.3492E-12 0.0000E+00 0.0000E+00 0.0000E+00 0.0000E+00 0.0000E+00 0.0000E+00 0.0000E+00 0.0000E+00 0.0000E+00 0.0000E+00 0.0000E+00 0.0000E+00 0.0000E+00 0.0000E+00 0.0000E+00 0.0000E+00 0.0000E+00 0.0000E+00
1.5934E-08 1.7216E-08 1.8365E-08 1.9344E-08 2.0108E-08 2.0624E-08 2.0859E-08 2.0801E-08 2.0444E-08 1.9795E-08 1.8872E-08 1.7710E-08 1.6350E-08 1.4846E-08 1.3250E-08 1.1622E-08 1.0014E-08 8.4790E-09 7.0534E-09 5.7603E-09 4.6213E-09 3.6483E-09 2.8384E-09 2.1668E-09 1.6268E-09 1.2064E-09 8.6429E-10 6.1726E-10 4.3097E-10 2.7530E-10 1.7077E-10 1.2554E-10 8.2506E-11 4.2398E-11 2.4693E-11 1.2797E-11 5.1922E-12 2.6185E-12 2.1222E-12 0.0000E+00 0.0000E+00 0.0000E+00 0.0000E+00 0.0000E+00 0.0000E+00 0.0000E+00 0.0000E+00 0.0000E+00 0.0000E+00 0.0000E+00 0.0000E+00 0.0000E+00 0.0000E+00 0.0000E+00 0.0000E+00 0.0000E+00 0.0000E+00
1.5903E-08 1.7265E-08 1.8508E-08 1.9583E-08 2.0440E-08 2.1043E-08 2.1360E-08 2.1369E-08 2.1060E-08 2.0434E-08 1.9509E-08 1.8321E-08 1.6916E-08 1.5345E-08 1.3673E-08 1.1959E-08 1.0264E-08 8.6424E-09 7.1384E-09 5.7904E-09 4.6118E-09 3.6048E-09 2.7707E-09 2.0984E-09 1.5526E-09 1.1254E-09 7.9293E-10 5.5732E-10 3.7661E-10 2.2864E-10 1.5184E-10 1.0808E-10 6.4122E-11 3.1563E-11 1.9553E-11 8.8564E-12 3.0097E-12 2.2734E-12 0.0000E+00 0.0000E+00 0.0000E+00 0.0000E+00 0.0000E+00 0.0000E+00 0.0000E+00 0.0000E+00 0.0000E+00 0.0000E+00 0.0000E+00 0.0000E+00 0.0000E+00 0.0000E+00 0.0000E+00 0.0000E+00 0.0000E+00 0.0000E+00 0.0000E+00
1.5792E-08 1.7243E-08 1.8581E-08 1.9751E-08 2.0714E-08 2.1423E-08 2.1836E-08 2.1924E-08 2.1673E-08 2.1086E-08 2.0175E-08 1.8972E-08 1.7524E-08 1.5890E-08 1.4134E-08 1.2331E-08 1.0548E-08 8.8425E-09 7.2614E-09 5.8429E-09 4.6096E-09 3.5757E-09 2.7206E-09 2.0312E-09 1.4860E-09 1.0562E-09 7.2650E-10 4.9807E-10 3.2591E-10 1.9820E-10 1.3741E-10 9.2382E-11 4.8591E-11 2.4127E-11 1.3330E-11 4.8838E-12 1.4072E-12 2.6338E-13 0.0000E+00 0.0000E+00 0.0000E+00 0.0000E+00 0.0000E+00 0.0000E+00 0.0000E+00 0.0000E+00 0.0000E+00 0.0000E+00 0.0000E+00 0.0000E+00 0.0000E+00 0.0000E+00 0.0000E+00 0.0000E+00 0.0000E+00 0.0000E+00 0.0000E+00
1.5606E-08 1.7136E-08 1.8567E-08 1.9852E-08 2.0934E-08 2.1757E-08 2.2279E-08 2.2467E-08 2.2299E-08 2.1764E-08 2.0875E-08 1.9665E-08 1.8181E-08 1.6484E-08 1.4648E-08 1.2751E-08 1.0866E-08 9.0635E-09 7.4019E-09 5.9226E-09 4.6363E-09 3.5593E-09 2.6841E-09 1.9838E-09 1.4244E-09 9.9054E-10 6.6459E-10 4.4831E-10 2.7147E-10 1.6773E-10 1.1772E-10 7.1242E-11 3.5145E-11 1.8833E-11 8.2738E-12 1.3171E-12 0.0000E+00 0.0000E+00 0.0000E+00 0.0000E+00 0.0000E+00 0.0000E+00 0.0000E+00 0.0000E+00 0.0000E+00 0.0000E+00 0.0000E+00 0.0000E+00 0.0000E+00 0.0000E+00 0.0000E+00 0.0000E+00 0.0000E+00 0.0000E+00 0.0000E+00 0.0000E+00 0.0000E+00
1.5330E-08 1.6943E-08 1.8483E-08 1.9886E-08 2.1090E-08 2.2049E-08 2.2706E-08 2.3012E-08 2.2939E-08 2.2479E-08 2.1632E-08 2.0426E-08 1.8913E-08 1.7158E-08 1.5238E-08 1.3240E-08 1.1250E-08 9.3463E-09 7.5864E-09 6.0205E-09 4.6839E-09 3.5644E-09 2.6535E-09 1.9379E-09 1.3710E-09 9.2287E-10 6.1238E-10 4.0142E-10 2.3631E-10 1.4943E-10 9.8611E-11 5.1589E-11 2.4124E-11 1.2398E-11 4.3746E-12 0.0000E+00 0.0000E+00 0.0000E+00 0.0000E+00 0.0000E+00 0.0000E+00 0.0000E+00 0.0000E+00 0.0000E+00 0.0000E+00 0.0000E+00 0.0000E+00 0.0000E+00 0.0000E+00 0.0000E+00 0.0000E+00 0.0000E+00 0.0000E+00 0.0000E+00 0.0000E+00 0.0000E+00 0.0000E+00
1.4972E-08 1.6670E-08 1.8309E-08 1.9831E-08 2.1180E-08 2.2287E-08 2.3086E-08 2.3534E-08 2.3585E-08 2.3215E-08 2.2425E-08 2.1241E-08 1.9703E-08 1.7888E-08 1.5884E-08 1.3785E-08 1.1683E-08 9.6712E-09 7.8196E-09 6.1730E-09 4.7574E-09 3.5886E-09 2.6524E-09 1.9089E-09 1.3263E-09 8.6919E-10 5.6718E-10 3.5182E-10 2.1769E-10 1.2992E-10 7.7251E-11 3.4879E-11 1.6334E-11 6.8665E-12 2.8466E-13 0.0000E+00 0.0000E+00 0.0000E+00 0.0000E+00 0.0000E+00 0.0000E+00 0.0000E+00 0.0000E+00 0.0000E+00 0.0000E+00 0.0000E+00 0.0000E+00 0.0000E+00 0.0000E+00 0.0000E+00 0.0000E+00 0.0000E+00 0.0000E+00 0.0000E+00 0.0000E+00 0.0000E+00 0.0000E+00
1.4529E-08 1.6298E-08 1.8042E-08 1.9696E-08 2.1191E-08 2.2457E-08 2.3430E-08 2.4034E-08 2.4226E-08 2.3974E-08 2.3261E-08 2.2105E-08 2.0561E-08 1.8699E-08 1.6606E-08 1.4398E-08 1.2181E-08 1.0053E-08 8.0891E-09 6.3547E-09 4.8700E-09 3.6386E-09 2.6547E-09 1.8923E-09 1.2841E-09 8.3031E-10 5.2431E-10 3.1319E-10 1.8946E-10 1.0836E-10 5.3874E-11 2.1912E-11 1.0002E-11 2.7077E-12 0.0000E+00 0.0000E+00 0.0000E+00 0.0000E+00 0.0000E+00 0.0000E+00 0.0000E+00 0.0000E+00 0.0000E+00 0.0000E+00 0.0000E+00 0.0000E+00 0.0000E+00 0.0000E+00 0.0000E+00 0.0000E+00 0.0000E+00 0.0000E+00 0.0000E+00 0.0000E+00 0.0000E+00 0.0000E+00 0.0000E+00
1.4000E-08 1.5841E-08 1.7685E-08 1.9465E-08 2.1119E-08 2.2563E-08 2.3716E-08 2.4511E-08 2.4874E-08 2.4754E-08 2.4140E-08 2.3042E-08 2.1492E-08 1.9581E-08 1.7413E-08 1.5100E-08 1.2758E-08 1.0500E-08 8.4182E-09 6.5699E-09 4.9991E-09 3.7114E-09 2.6840E-09 1.8854E-09 1.2455E-09 7.9546E-10 4.8924E-10 2.9452E-10 1.4996E-10 8.6232E-11 3.2396E-11 1.2842E-11 4.3849E-12 0.0000E+00 0.0000E+00 0.0000E+00 0.0000E+00 0.0000E+00 0.0000E+00 0.0000E+00 0.0000E+00 0.0000E+00 0.0000E+00 0.0000E+00 0.0000E+00 0.0000E+00 0.0000E+00 0.0000E+00 0.0000E+00 0.0000E+00 0.0000E+00 0.0000E+00 0.0000E+00 0.0000E+00 0.0000E+00 0.0000E+00 0.0000E+00
1.3390E-08 1.5289E-08 1.7227E-08 1.9141E-08 2.0953E-08 2.2587E-08 2.3946E-08 2.4938E-08 2.5491E-08 2.5544E-08 2.5053E-08 2.4021E-08 2.2499E-08 2.0559E-08 1.8304E-08 1.5874E-08 1.3401E-08 1.1006E-08 8.7984E-09 6.8409E-09 5.1690E-09 3.7992E-09 2.7227E-09 1.8775E-09 1.2251E-09 7.6547E-10 4.6153E-10 2.7328E-10 1.2737E-10 6.3820E-11 1.7181E-11 6.2999E-12 9.6184E-13 0.0000E+00 0.0000E+00 0.0000E+00 0.0000E+00 0.0000E+00 0.0000E+00 0.0000E+00 0.0000E+00 0.0000E+00 0.0000E+00 0.0000E+00 0.0000E+00 0.0000E+00 0.0000E+00 0.0000E+00 0.0000E+00 0.0000E+00 0.0000E+00 0.0000E+00 0.0000E+00 0.0000E+00 0.0000E+00 0.0000E+00 0.0000E+00
1.2699E-08 1.4649E-08 1.6674E-08 1.8713E-08 2.0691E-08 2.2519E-08 2.4095E-08 2.5322E-08 2.6097E-08 2.6334E-08 2.5996E-08 2.5068E-08 2.3571E-08 2.1608E-08 1.9288E-08 1.6741E-08 1.4124E-08 1.1579E-08 9.2153E-09 7.1255E-09 5.3598E-09 3.9078E-09 2.7702E-09 1.8954E-09 1.2047E-09 7.4531E-10 4.4593E-10 2.4277E-10 1.0657E-10 4.2351E-11 7.9183E-12 1.5351E-12 0.0000E+00 0.0000E+00 0.0000E+00 0.0000E+00 0.0000E+00 0.0000E+00 0.0000E+00 0.0000E+00 0.0000E+00 0.0000E+00 0.0000E+00 0.0000E+00 0.0000E+00 0.0000E+00 0.0000E+00 0.0000E+00 0.0000E+00 0.0000E+00 0.0000E+00 0.0000E+00 0.0000E+00 0.0000E+00 0.0000E+00 0.0000E+00 0.0000E+00
1.1947E-08 1.3929E-08 1.6026E-08 1.8183E-08 2.0323E-08 2.2354E-08 2.4166E-08 2.5631E-08 2.6644E-08 2.7115E-08 2.6953E-08 2.6140E-08 2.4712E-08 2.2735E-08 2.0332E-08 1.7670E-08 1.4905E-08 1.2202E-08 9.6956E-09 7.4633E-09 5.5664E-09 4.0341E-09 2.8252E-09 1.8897E-09 1.1968E-09 7.2582E-10 4.3271E-10 1.9400E-10 8.4591E-11 2.4301E-11 2.0180E-12 0.0000E+00 0.0000E+00 0.0000E+00 0.0000E+00 0.0000E+00 0.0000E+00 0.0000E+00 0.0000E+00 0.0000E+00 0.0000E+00 0.0000E+00 0.0000E+00 0.0000E+00 0.0000E+00 0.0000E+00 0.0000E+00 0.0000E+00 0.0000E+00 0.0000E+00 0.0000E+00 0.0000E+00 0.0000E+00 0.0000E+00 0.0000E+00 0.0000E+00 0.0000E+00
