Assets/Resources/2015_m01_d09_2300(utc+0800)_l00_csi_1hr_conc.grd
DSAA
         159         159
     -79.000      79.000
     -79.000      79.000
  0.1697E-08  0.8159E-05
[rows 0 to 24 of 159, columns 0 to 56 of 159]
1.9649E-09 2.0020E-09 2.0358E-09 2.0762E-09 2.1136E-09 2.1490E-09 2.1849E-09 2.2210E-09 2.2575E-09 2.2943E-09 2.3313E-09 2.3832E-09 2.4402E-09 2.4816E-09 2.5234E-09 2.5656E-09 2.6170E-09 2.6770E-09 2.7300E-09 2.7974E-09 2.8660E-09 2.9512E-09 3.0420E-09 3.0967E-09 3.1516E-09 3.2068E-09 3.2620E-09 3.3171E-09 3.3721E-09 3.4269E-09 3.4812E-09 3.5452E-09 3.5992E-09 3.6524E-09 3.7046E-09 3.7557E-09 3.8055E-09 3.8539E-09 3.9008E-09 3.9459E-09 3.9891E-09 4.0303E-09 4.0694E-09 4.1062E-09 4.1406E-09 4.1725E-09 4.2018E-09 4.2284E-09 4.2522E-09 4.2733E-09 4.2915E-09 4.3069E-09 4.3193E-09 4.3289E-09 4.3357E-09 4.3396E-09 4.3408E-09
2.0090E-09 2.0496E-09 2.0874E-09 2.1233E-09 2.1597E-09 2.1965E-09 2.2337E-09 2.2712E-09 2.3091E-09 2.3474E-09 2.4067E-09 2.4595E-09 2.5024E-09 2.5458E-09 2.5897E-09 2.6586E-09 2.7129E-09 2.7819E-09 2.8804E-09 2.9401E-09 3.0246E-09 3.0907E-09 3.1487E-09 3.2072E-09 3.2661E-09 3.3252E-09 3.3843E-09 3.4435E-09 3.5026E-09 3.5716E-09 3.6309E-09 3.6896E-09 3.7477E-09 3.8050E-09 3.8612E-09 3.9162E-09 3.9698E-09 4.0219E-09 4.0723E-09 4.1208E-09 4.1672E-09 4.2115E-09 4.2533E-09 4.2927E-09 4.3294E-09 4.3634E-09 4.3944E-09 4.4226E-09 4.4477E-09 4.4697E-09 4.4886E-09 4.5043E-09 4.5169E-09 4.5263E-09 4.5325E-09 4.5357E-09 4.5358E-09
2.0566E-09 2.0953E-09 2.1321E-09 2.1694E-09 2.2071E-09 2.2453E-09 2.2839E-09 2.3229E-09 2.3623E-09 2.4338E-09 2.4776E-09 2.5219E-09 2.5669E-09 2.6207E-09 2.6838E-09 2.7543E-09 2.8544E-09 2.9162E-09 3.0090E-09 3.0771E-09 3.1379E-09 3.1994E-09 3.2616E-09 3.3242E-09 3.3873E-09 3.4507E-09 3.5142E-09 3.5877E-09 3.6521E-09 3.7164E-09 3.7802E-09 3.8436E-09 3.9061E-09 3.9678E-09 4.0284E-09 4.0877E-09 4.1455E-09 4.2016E-09 4.2558E-09 4.3080E-09 4.3579E-09 4.4054E-09 4.4503E-09 4.4925E-09 4.5317E-09 4.5679E-09 4.6010E-09 4.6308E-09 4.6572E-09 4.6802E-09 4.6998E-09 4.7159E-09 4.7285E-09 4.7377E-09 4.7433E-09 4.7456E-09 4.7446E-09
2.1021E-09 2.1398E-09 2.1780E-09 2.2167E-09 2.2559E-09 2.2955E-09 2.3356E-09 2.3761E-09 2.4492E-09 2.4943E-09 2.5401E-09 2.5866E-09 2.6500E-09 2.7148E-09 2.8014E-09 2.8924E-09 2.9866E-09 3.0478E-09 3.1193E-09 3.1835E-09 3.2485E-09 3.3144E-09 3.3809E-09 3.4481E-09 3.5157E-09 3.5933E-09 3.6625E-09 3.7319E-09 3.8013E-09 3.8705E-09 3.9393E-09 4.0076E-09 4.0750E-09 4.1416E-09 4.2069E-09 4.2708E-09 4.3332E-09 4.3936E-09 4.4521E-09 4.5083E-09 4.5620E-09 4.6131E-09 4.6613E-09 4.7065E-09 4.7485E-09 4.7871E-09 4.8223E-09 4.8538E-09 4.8817E-09 4.9059E-09 4.9262E-09 4.9427E-09 4.9553E-09 4.9641E-09 4.9691E-09 4.9704E-09 4.9680E-09
2.1464E-09 2.1855E-09 2.2251E-09 2.2653E-09 2.3059E-09 2.3471E-09 2.3887E-09 2.4631E-09 2.5096E-09 2.5568E-09 2.6048E-09 2.6776E-09 2.7513E-09 2.8626E-09 2.9284E-09 3.0206E-09 3.0848E-09 3.1595E-09 3.2270E-09 3.2956E-09 3.3652E-09 3.4357E-09 3.5070E-09 3.5791E-09 3.6617E-09 3.7359E-09 3.8104E-09 3.8851E-09 3.9599E-09 4.0344E-09 4.1086E-09 4.1823E-09 4.2551E-09 4.3269E-09 4.3974E-09 4.4664E-09 4.5336E-09 4.5989E-09 4.6619E-09 4.7225E-09 4.7804E-09 4.8353E-09 4.8871E-09 4.9356E-09 4.9806E-09 5.0219E-09 5.0593E-09 5.0928E-09 5.1223E-09 5.1476E-09 5.1687E-09 5.1856E-09 5.1982E-09 5.2066E-09 5.2108E-09 5.2110E-09 5.2130E-09
2.1919E-09 2.2324E-09 2.2735E-09 2.3151E-09 2.3573E-09 2.4001E-09 2.4757E-09 2.5234E-09 2.5720E-09 2.6215E-09 2.7100E-09 2.8212E-09 2.8880E-09 2.9867E-09 3.0525E-09 3.1281E-09 3.1976E-09 3.2684E-09 3.3406E-09 3.4139E-09 3.4884E-09 3.5639E-09 3.6498E-09 3.7282E-09 3.8073E-09 3.8871E-09 3.9674E-09 4.0479E-09 4.1284E-09 4.2088E-09 4.2889E-09 4.3683E-09 4.4469E-09 4.5244E-09 4.6006E-09 4.6751E-09 4.7477E-09 4.8181E-09 4.8861E-09 4.9515E-09 5.0138E-09 5.0730E-09 5.1287E-09 5.2117E-09 5.2615E-09 5.3072E-09 5.3486E-09 5.3856E-09 5.4180E-09 5.4457E-09 5.4283E-09 5.4599E-09 5.4734E-09 5.4821E-09 5.4862E-09 5.4857E-09 5.4808E-09
2.2385E-09 2.2805E-09 2.3231E-09 2.3663E-09 2.4101E-09 2.4867E-09 2.5357E-09 2.5857E-09 2.6366E-09 2.7344E-09 2.8421E-09 2.9320E-09 3.0137E-09 3.0821E-09 3.1606E-09 3.2332E-09 3.3073E-09 3.3830E-09 3.4601E-09 3.5386E-09 3.6183E-09 3.7090E-09 3.7922E-09 3.8765E-09 3.9616E-09 4.0475E-09 4.1339E-09 4.2206E-09 4.3074E-09 4.3942E-09 4.4806E-09 4.5663E-09 4.6512E-09 4.7349E-09 4.8172E-09 4.9188E-09 4.9991E-09 5.0771E-09 5.1525E-09 5.2249E-09 5.2942E-09 5.3599E-09 5.4219E-09 5.4798E-09 5.5334E-09 5.5825E-09 5.6269E-09 5.6664E-09 5.7155E-09 5.7459E-09 5.7676E-09 5.7417E-09 5.7553E-09 5.7786E-09 5.7827E-09 5.7818E-09 5.7758E-09
2.2863E-09 2.3299E-09 2.3741E-09 2.4189E-09 2.4962E-09 2.5464E-09 2.5977E-09 2.6499E-09 2.7917E-09 2.8675E-09 2.9690E-09 3.0382E-09 3.1092E-09 3.1906E-09 3.2662E-09 3.3436E-09 3.4227E-09 3.5035E-09 3.5859E-09 3.6699E-09 3.7653E-09 3.8533E-09 3.9427E-09 4.0333E-09 4.1249E-09 4.2173E-09 4.3104E-09 4.4039E-09 4.5100E-09 4.6050E-09 4.6999E-09 4.7942E-09 4.8877E-09 4.9800E-09 5.0709E-09 5.1600E-09 5.2469E-09 5.3313E-09 5.4129E-09 5.4914E-09 5.5663E-09 5.6374E-09 5.7043E-09 5.7668E-09 5.8246E-09 5.8916E-09 5.9405E-09 5.9841E-09 6.0221E-09 6.0686E-09 6.0940E-09 6.1042E-09 6.0748E-09 6.0840E-09 6.1433E-09 6.1422E-09 6.1354E-09
2.3353E-09 2.3804E-09 2.4263E-09 2.5041E-09 2.5555E-09 2.6080E-09 2.6756E-09 2.8063E-09 2.8842E-09 2.9887E-09 3.0603E-09 3.1338E-09 3.2178E-09 3.2963E-09 3.3769E-09 3.4594E-09 3.5438E-09 3.6302E-09 3.7183E-09 3.8183E-09 3.9112E-09 4.0057E-09 4.1018E-09 4.1991E-09 4.2976E-09 4.3971E-09 4.5090E-09 4.6112E-09 4.7138E-09 4.8166E-09 4.9191E-09 5.0211E-09 5.1223E-09 5.2222E-09 5.3206E-09 5.4171E-09 5.5112E-09 5.6027E-09 5.6911E-09 5.7760E-09 5.8571E-09 5.9339E-09 6.0063E-09 6.0883E-09 6.1521E-09 6.2105E-09 6.3019E-09 6.3658E-09 6.4099E-09 6.4476E-09 6.4778E-09 6.5043E-09 6.5142E-09 6.4781E-09 6.4825E-09 6.4804E-09 6.4870E-09
2.3855E-09 2.4323E-09 2.4928E-09 2.5629E-09 2.6166E-09 2.6858E-09 2.8188E-09 2.9132E-09 3.0059E-09 3.0797E-09 3.1556E-09 3.2422E-09 3.3235E-09 3.4071E-09 3.4929E-09 3.5809E-09 3.6710E-09 3.7633E-09 3.8678E-09 3.9654E-09 4.0650E-09 4.1665E-09 4.2696E-09 4.3743E-09 4.4803E-09 4.5994E-09 4.7090E-09 4.8193E-09 4.9301E-09 5.0411E-09 5.1520E-09 5.2623E-09 5.3718E-09 5.4800E-09 5.5865E-09 5.6910E-09 5.7929E-09 5.8920E-09 6.0136E-09 6.1080E-09 6.1983E-09 6.2985E-09 6.3810E-09 6.4583E-09 6.5301E-09 6.6112E-09 6.6723E-09 6.7269E-09 6.7890E-09 6.8758E-09 6.9130E-09 6.9292E-09 6.9402E-09 6.9649E-09 6.9692E-09 7.0169E-09 6.9591E-09
2.4369E-09 2.4854E-09 2.5687E-09 2.6235E-09 2.7221E-09 2.8280E-09 2.9468E-09 3.0205E-09 3.0964E-09 3.1745E-09 3.2550E-09 3.3475E-09 3.4340E-09 3.5230E-09 3.6144E-09 3.7082E-09 3.8045E-09 3.9133E-09 4.0156E-09 4.1202E-09 4.2270E-09 4.3359E-09 4.4467E-09 4.5592E-09 4.6855E-09 4.8025E-09 4.9206E-09 5.0397E-09 5.1594E-09 5.2793E-09 5.3991E-09 5.5328E-09 5.6531E-09 5.7723E-09 5.8899E-09 6.0054E-09 6.1183E-09 6.2283E-09 6.3348E-09 6.4512E-09 6.5510E-09 6.6767E-09 6.7693E-09 6.8716E-09 6.9544E-09 7.0307E-09 7.1149E-09 7.2201E-09 7.2796E-09 7.3313E-09 7.3900E-09 7.4138E-09 7.4283E-09 7.4420E-09 7.4484E-09 7.4470E-09 7.4368E-09
2.4895E-09 2.5728E-09 2.6286E-09 2.7289E-09 2.8363E-09 2.9569E-09 3.0324E-09 3.1102E-09 3.1906E-09 3.2734E-09 3.3682E-09 3.4575E-09 3.5495E-09 3.6442E-09 3.7416E-09 3.8416E-09 3.9546E-09 4.0614E-09 4.1709E-09 4.2830E-09 4.3975E-09 4.5143E-09 4.6332E-09 4.7667E-09 4.8911E-09 5.0171E-09 5.1445E-09 5.2729E-09 5.4021E-09 5.5448E-09 5.6761E-09 5.8072E-09 5.9375E-09 6.0818E-09 6.2113E-09 6.3389E-09 6.4639E-09 6.5859E-09 6.7193E-09 6.8594E-09 6.9740E-09 7.0986E-09 7.2048E-09 7.3052E-09 7.4137E-09 7.5026E-09 7.5843E-09 7.6583E-09 7.7395E-09 7.7984E-09 7.8485E-09 7.8775E-09 7.8927E-09 7.9081E-09 7.9150E-09 7.9135E-09 7.9024E-09
2.5751E-09 2.6457E-09 2.7474E-09 2.8423E-09 2.9644E-09 3.0415E-09 3.1212E-09 3.2036E-09 3.2886E-09 3.3855E-09 3.4774E-09 3.5722E-09 3.6700E-09 3.7708E-09 3.8746E-09 3.9914E-09 4.1026E-09 4.2168E-09 4.3339E-09 4.4539E-09 4.5766E-09 4.7050E-09 4.8423E-09 4.9740E-09 5.1079E-09 5.2436E-09 5.3808E-09 5.5193E-09 5.6723E-09 5.8142E-09 5.9562E-09 6.1118E-09 6.2550E-09 6.3972E-09 6.5530E-09 6.6939E-09 6.8461E-09 6.9835E-09 7.1176E-09 7.2616E-09 7.3890E-09 7.5113E-09 7.6419E-09 7.7541E-09 7.8596E-09 7.9578E-09 8.0635E-09 8.1472E-09 8.2221E-09 8.2877E-09 8.3435E-09 8.3788E-09 8.3956E-09 8.4128E-09 8.4206E-09 8.4195E-09 8.5454E-09
2.6473E-09 2.7503E-09 2.8393E-09 2.9693E-09 3.0480E-09 3.1293E-09 3.2135E-09 3.3005E-09 3.3994E-09 3.4937E-09 3.5912E-09 3.6919E-09 3.7958E-09 3.9031E-09 4.0236E-09 4.1388E-09 4.2575E-09 4.3796E-09 4.5048E-09 4.6333E-09 4.7758E-09 4.9118E-09 5.0507E-09 5.1923E-09 5.3362E-09 5.4823E-09 5.6301E-09 5.7933E-09 5.9457E-09 6.0990E-09 6.2667E-09 6.4223E-09 6.5775E-09 6.7476E-09 6.9027E-09 7.0703E-09 7.2232E-09 7.3732E-09 7.5344E-09 7.6788E-09 7.8184E-09 7.9676E-09 8.0979E-09 8.2216E-09 8.3529E-09 8.4634E-09 8.5654E-09 8.6584E-09 8.7418E-09 8.8150E-09 8.8775E-09 8.9203E-09 8.9405E-09 8.9590E-09 9.1062E-09 9.1215E-09 9.1253E-09
2.7511E-09 2.8407E-09 2.9639E-09 3.0516E-09 3.1345E-09 3.2203E-09 3.3092E-09 3.4097E-09 3.5062E-09 3.6062E-09 3.7096E-09 3.8165E-09 3.9270E-09 4.0508E-09 4.1700E-09 4.2929E-09 4.4196E-09 4.5499E-09 4.6839E-09 4.8213E-09 4.9747E-09 5.1206E-09 5.2697E-09 5.4217E-09 5.5764E-09 5.7335E-09 5.9068E-09 6.0698E-09 6.2342E-09 6.4141E-09 6.5823E-09 6.7647E-09 6.9352E-09 7.1049E-09 7.2884E-09 7.4573E-09 7.6240E-09 7.8031E-09 7.9654E-09 8.1235E-09 8.2924E-09 8.4421E-09 8.5995E-09 8.7379E-09 8.8687E-09 8.9911E-09 9.1044E-09 9.2079E-09 9.3009E-09 9.3828E-09 9.4530E-09 9.5043E-09 9.6630E-09 9.7005E-09 9.7298E-09 9.7499E-09 9.8209E-09
2.8252E-09 2.9640E-09 3.0525E-09 3.1367E-09 3.2240E-09 3.3145E-09 3.4083E-09 3.5151E-09 3.6172E-09 3.7231E-09 3.8327E-09 3.9462E-09 4.0730E-09 4.1958E-09 4.3227E-09 4.4537E-09 4.5889E-09 4.7280E-09 4.8711E-09 5.0305E-09 5.1831E-09 5.3395E-09 5.4994E-09 5.6626E-09 5.8287E-09 6.0118E-09 6.1853E-09 6.3608E-09 6.5527E-09 6.7336E-09 6.9295E-09 7.1142E-09 7.2989E-09 7.4983E-09 7.6838E-09 7.8815E-09 8.0653E-09 8.2463E-09 8.4381E-09 8.6134E-09 8.7837E-09 8.9630E-09 9.1232E-09 9.2760E-09 9.4207E-09 9.5564E-09 9.6823E-09 9.7976E-09 9.9014E-09 9.9932E-09 1.0072E-08 1.0277E-08 1.0327E-08 1.0371E-08 1.0407E-08 1.0581E-08 1.0688E-08
2.9615E-09 3.0506E-09 3.1360E-09 3.2246E-09 3.3166E-09 3.4120E-09 3.5201E-09 3.6243E-09 3.7323E-09 3.8444E-09 3.9606E-09 4.0810E-09 4.2162E-09 4.3468E-09 4.4819E-09 4.6214E-09 4.7655E-09 4.9139E-09 5.0789E-09 5.2379E-09 5.4012E-09 5.5687E-09 5.7400E-09 5.9150E-09 6.1075E-09 6.2912E-09 6.4778E-09 6.6814E-09 6.8748E-09 7.0841E-09 7.2830E-09 7.4828E-09 7.6983E-09 7.9006E-09 8.1161E-09 8.3185E-09 8.5189E-09 8.7312E-09 8.9275E-09 9.1196E-09 9.3219E-09 9.5052E-09 9.6816E-09 9.8504E-09 1.0011E-08 1.0161E-08 1.0301E-08 1.0429E-08 1.0545E-08 1.0781E-08 1.0890E-08 1.0984E-08 1.1045E-08 1.1172E-08 1.1390E-08 1.1447E-08 1.1488E-08
3.0386E-09 3.1324E-09 3.2221E-09 3.3154E-09 3.4122E-09 3.5214E-09 3.6273E-09 3.7373E-09 3.8516E-09 3.9703E-09 4.0934E-09 4.2311E-09 4.3650E-09 4.5038E-09 4.6475E-09 4.7960E-09 4.9495E-09 5.1196E-09 5.2846E-09 5.4545E-09 5.6291E-09 5.8082E-09 5.9917E-09 6.1931E-09 6.3867E-09 6.5840E-09 6.7989E-09 7.0047E-09 7.2271E-09 7.4401E-09 7.6549E-09 7.8863E-09 8.1055E-09 8.3390E-09 8.5602E-09 8.7804E-09 9.0137E-09 9.2317E-09 9.4464E-09 9.6726E-09 9.8802E-09 1.0082E-08 1.0276E-08 1.0462E-08 1.0640E-08 1.0806E-08 1.0962E-08 1.1105E-08 1.1373E-08 1.1510E-08 1.1634E-08 1.1744E-08 1.2068E-08 1.2155E-08 1.2237E-08 1.2307E-08 1.2361E-08
3.1260E-09 3.2166E-09 3.3110E-09 3.4090E-09 3.5110E-09 3.6264E-09 3.7381E-09 3.8543E-09 3.9751E-09 4.1006E-09 4.2406E-09 4.3774E-09 4.5195E-09 4.6669E-09 4.8196E-09 4.9776E-09 5.1523E-09 5.3228E-09 5.4988E-09 5.6802E-09 5.8667E-09 6.0582E-09 6.2680E-09 6.4711E-09 6.6787E-09 6.9044E-09 7.1222E-09 7.3572E-09 7.5841E-09 7.8137E-09 8.0606E-09 8.2967E-09 8.5479E-09 8.7882E-09 9.0283E-09 9.2828E-09 9.5230E-09 9.7747E-09 1.0012E-08 1.0244E-08 1.0472E-08 1.0693E-08 1.0908E-08 1.1113E-08 1.1309E-08 1.1494E-08 1.1667E-08 1.1969E-08 1.2137E-08 1.2292E-08 1.2676E-08 1.2830E-08 1.2953E-08 1.3057E-08 1.3157E-08 1.3243E-08 1.3312E-08
3.2082E-09 3.3034E-09 3.4024E-09 3.5055E-09 3.6217E-09 3.7348E-09 3.8526E-09 3.9752E-09 4.1028E-09 4.2355E-09 4.3840E-09 4.5290E-09 4.6797E-09 4.8361E-09 4.9982E-09 5.1769E-09 5.3526E-09 5.5342E-09 5.7217E-09 5.9150E-09 6.1140E-09 6.3317E-09 6.5437E-09 6.7611E-09 6.9970E-09 7.2264E-09 7.4601E-09 7.7136E-09 7.9577E-09 8.2198E-09 8.4724E-09 8.7411E-09 9.0001E-09 9.2602E-09 9.5358E-09 9.7983E-09 1.0074E-08 1.0335E-08 1.0594E-08 1.0849E-08 1.1098E-08 1.1341E-08 1.1577E-08 1.1803E-08 1.2020E-08 1.2225E-08 1.2561E-08 1.2764E-08 1.3113E-08 1.3389E-08 1.3581E-08 1.3759E-08 1.3908E-08 1.4033E-08 1.4154E-08 1.4258E-08 1.4345E-08
3.2927E-09 3.3926E-09 3.4966E-09 3.6049E-09 3.7274E-09 3.8465E-09 3.9706E-09 4.0999E-09 4.2346E-09 4.3848E-09 4.5323E-09 4.6858E-09 4.8454E-09 5.0112E-09 5.1832E-09 5.3736E-09 5.5603E-09 5.7535E-09 5.9531E-09 6.1590E-09 6.3837E-09 6.6041E-09 6.8307E-09 7.0761E-09 7.3163E-09 7.5619E-09 7.8278E-09 8.0857E-09 8.3623E-09 8.6309E-09 8.9165E-09 9.1940E-09 9.4738E-09 9.7701E-09 1.0055E-08 1.0354E-08 1.0640E-08 1.0925E-08 1.1207E-08 1.1486E-08 1.1759E-08 1.2026E-08 1.2284E-08 1.2534E-08 1.2773E-08 1.3145E-08 1.3460E-08 1.3850E-08 1.4097E-08 1.4331E-08 1.4551E-08 1.4756E-08 1.4935E-08 1.5086E-08 1.5231E-08 1.5357E-08 1.5465E-08
3.3795E-09 3.4842E-09 3.5933E-09 3.7160E-09 3.8361E-09 3.9615E-09 4.0922E-09 4.2285E-09 4.3799E-09 4.5295E-09 4.6855E-09 4.8478E-09 5.0167E-09 5.1923E-09 5.3860E-09 5.5772E-09 5.7754E-09 5.9806E-09 6.1928E-09 6.4119E-09 6.6520E-09 6.8870E-09 7.1285E-09 7.3915E-09 7.6483E-09 7.9256E-09 8.1966E-09 8.4869E-09 8.7710E-09 9.0597E-09 9.3681E-09 9.6670E-09 9.9835E-09 1.0290E-08 1.0598E-08 1.0923E-08 1.1235E-08 1.1545E-08 1.1852E-08 1.2156E-08 1.2454E-08 1.2747E-08 1.3031E-08 1.3305E-08 1.3712E-08 1.4140E-08 1.4502E-08 1.4791E-08 1.5071E-08 1.5338E-08 1.5590E-08 1.5826E-08 1.6038E-08 1.6220E-08 1.6392E-08 1.6544E-08 1.6675E-08
3.4685E-09 3.5782E-09 3.6926E-09 3.8217E-09 3.9479E-09 4.0797E-09 4.2173E-09 4.3609E-09 4.5208E-09 4.6787E-09 4.8433E-09 5.0148E-09 5.1934E-09 5.3899E-09 5.5849E-09 5.7875E-09 5.9977E-09 6.2155E-09 6.4408E-09 6.6871E-09 6.9298E-09 7.1799E-09 7.4515E-09 7.7185E-09 8.0064E-09 8.2898E-09 8.5797E-09 8.8915E-09 9.1960E-09 9.5208E-09 9.8382E-09 1.0174E-08 1.0502E-08 1.0833E-08 1.1182E-08 1.1519E-08 1.1857E-08 1.2193E-08 1.2528E-08 1.2859E-08 1.3185E-08 1.3504E-08 1.3815E-08 1.4328E-08 1.4791E-08 1.5132E-08 1.5466E-08 1.5792E-08 1.6107E-08 1.6409E-08 1.6698E-08 1.6969E-08 1.7217E-08 1.7436E-08 1.7638E-08 1.7821E-08 1.7980E-08
3.5596E-09 3.6745E-09 3.8033E-09 3.9301E-09 4.0627E-09 4.2011E-09 4.3458E-09 4.5063E-09 4.6657E-09 4.8321E-09 5.0057E-09 5.1868E-09 5.3754E-09 5.5836E-09 5.7899E-09 6.0043E-09 6.2270E-09 6.4578E-09 6.7094E-09 6.9589E-09 7.2167E-09 7.4959E-09 7.7724E-09 8.0568E-09 8.3645E-09 8.6669E-09 8.9914E-09 9.3109E-09 9.6510E-09 9.9859E-09 1.0327E-08 1.0688E-08 1.1041E-08 1.1413E-08 1.1776E-08 1.2140E-08 1.2505E-08 1.2870E-08 1.3233E-08 1.3593E-08 1.3949E-08 1.4358E-08 1.4959E-08 1.5348E-08 1.5733E-08 1.6113E-08 1.6486E-08 1.6851E-08 1.7205E-08 1.7547E-08 1.7875E-08 1.8186E-08 1.8474E-08 1.8733E-08 1.8972E-08 1.9189E-08 1.9381E-08
3.6529E-09 3.7731E-09 3.9083E-09 4.0412E-09 4.1803E-09 4.3256E-09 4.4776E-09 4.6467E-09 4.8144E-09 4.9896E-09 5.1726E-09 5.3635E-09 5.5734E-09 5.7828E-09 6.0007E-09 6.2275E-09 6.4630E-09 6.7073E-09 6.9745E-09 7.2390E-09 7.5125E-09 7.8097E-09 8.1035E-09 8.4205E-09 8.7343E-09 9.0704E-09 9.4035E-09 9.7445E-09 1.0109E-08 1.0467E-08 1.0848E-08 1.1221E-08 1.1615E-08 1.2002E-08 1.2392E-08 1.2785E-08 1.3180E-08 1.3575E-08 1.3969E-08 1.4360E-08 1.4857E-08 1.5307E-08 1.5868E-08 1.6297E-08 1.6724E-08 1.7145E-08 1.7561E-08 1.7968E-08 1.8366E-08 1.8751E-08 1.9123E-08 1.9477E-08 1.9809E-08 2.0114E-08 2.0394E-08 2.0650E-08 2.0878E-08
