Assets/Resources/2015_m01_d14_1900(utc+0800)_l00_csi_1hr_conc.grd
DSAA
         159         159
     -79.000      79.000
     -79.000      79.000
  0.0000E+00  0.1568E-04
[rows 50 to 74 of 159, columns 0 to 56 of 159]
1.1192E-10 1.2286E-10 1.3702E-10 1.6123E-10 1.7927E-10 2.0315E-10 2.3463E-10 2.6497E-10 3.3076E-10 3.8943E-10 4.8069E-10 5.8489E-10 6.8383E-10 7.8886E-10 9.0272E-10 1.0497E-09 1.2130E-09 1.4089E-09 1.5891E-09 1.7855E-09 2.0036E-09 2.2178E-09 2.4596E-09 2.6886E-09 2.9318E-09 3.1790E-09 3.4301E-09 3.6830E-09 3.9388E-09 4.1882E-09 4.4447E-09 4.7118E-09 4.9862E-09 5.2771E-09 5.5725E-09 5.8677E-09 6.1765E-09 6.4888E-09 6.8129E-09 7.1498E-09 7.5004E-09 7.8666E-09 8.2468E-09 8.6426E-09 9.0531E-09 9.4757E-09 9.9103E-09 1.0355E-08 1.0808E-08 1.1268E-08 1.1730E-08 1.2191E-08 1.2644E-08 1.3084E-08 1.3502E-08 1.3895E-08 1.4256E-08
9.1749E-11 1.1151E-10 1.2230E-10 1.3401E-10 1.6036E-10 1.8431E-10 2.1097E-10 2.4138E-10 3.0153E-10 3.5549E-10 4.1006E-10 5.2583E-10 6.2475E-10 7.2208E-10 8.2742E-10 9.6287E-10 1.1137E-09 1.2941E-09 1.4607E-09 1.6383E-09 1.8344E-09 2.0448E-09 2.2708E-09 2.4860E-09 2.7157E-09 2.9494E-09 3.1879E-09 3.4293E-09 3.6746E-09 3.9139E-09 4.1606E-09 4.4178E-09 4.6829E-09 4.9650E-09 5.2532E-09 5.5423E-09 5.8468E-09 6.1548E-09 6.4761E-09 6.8123E-09 7.1638E-09 7.5317E-09 7.9148E-09 8.3174E-09 8.7340E-09 9.1663E-09 9.6133E-09 1.0073E-08 1.0544E-08 1.1026E-08 1.1512E-08 1.2000E-08 1.2481E-08 1.2951E-08 1.3404E-08 1.3834E-08 1.4230E-08
8.3089E-11 9.0816E-11 1.1051E-10 1.2107E-10 1.3251E-10 1.6428E-10 1.8887E-10 2.1900E-10 2.5991E-10 3.2291E-10 3.6866E-10 4.7080E-10 5.6897E-10 6.5837E-10 7.5595E-10 8.6138E-10 1.0131E-09 1.1809E-09 1.3387E-09 1.5037E-09 1.6854E-09 1.8744E-09 2.0915E-09 2.2932E-09 2.5088E-09 2.7296E-09 2.9558E-09 3.1857E-09 3.4198E-09 3.6485E-09 3.8845E-09 4.1250E-09 4.3859E-09 4.6579E-09 4.9384E-09 5.2195E-09 5.5184E-09 5.8210E-09 6.1385E-09 6.4713E-09 6.8214E-09 7.1898E-09 7.5735E-09 7.9796E-09 8.4014E-09 8.8411E-09 9.2978E-09 9.7704E-09 1.0259E-08 1.0759E-08 1.1268E-08 1.1779E-08 1.2288E-08 1.2788E-08 1.3275E-08 1.3739E-08 1.4172E-08
7.4942E-11 8.1890E-11 8.9403E-11 1.0892E-10 1.1918E-10 1.3575E-10 1.7019E-10 1.9531E-10 2.2358E-10 2.8823E-10 3.2994E-10 4.2310E-10 5.1598E-10 5.9836E-10 6.8852E-10 7.8558E-10 9.1081E-10 1.0513E-09 1.2199E-09 1.3720E-09 1.5442E-09 1.7195E-09 1.9160E-09 2.1097E-09 2.3123E-09 2.5205E-09 2.7344E-09 2.9523E-09 3.1749E-09 3.3925E-09 3.6122E-09 3.8471E-09 4.0960E-09 4.3573E-09 4.6284E-09 4.9005E-09 5.1923E-09 5.4883E-09 5.8001E-09 6.1281E-09 6.4749E-09 6.8406E-09 7.2232E-09 7.6305E-09 8.0547E-09 8.4994E-09 8.9636E-09 9.4478E-09 9.9502E-09 1.0467E-08 1.0995E-08 1.1529E-08 1.2063E-08 1.2594E-08 1.3113E-08 1.3611E-08 1.4082E-08
6.4619E-11 7.0406E-11 8.0259E-11 8.7513E-11 9.5320E-11 1.2186E-10 1.3844E-10 1.6222E-10 1.9819E-10 2.5329E-10 2.9719E-10 3.7831E-10 4.6295E-10 5.4197E-10 6.2428E-10 7.1339E-10 8.2815E-10 9.5685E-10 1.1110E-09 1.2519E-09 1.4021E-09 1.5734E-09 1.7563E-09 1.9366E-09 2.1264E-09 2.3220E-09 2.5235E-09 2.7294E-09 2.9402E-09 3.1465E-09 3.3553E-09 3.5779E-09 3.8015E-09 4.0646E-09 4.3253E-09 4.5871E-09 4.8705E-09 5.1586E-09 5.4625E-09 5.7842E-09 6.1253E-09 6.4864E-09 6.8653E-09 7.2712E-09 7.6958E-09 8.1427E-09 8.6123E-09 9.1054E-09 9.6185E-09 1.0150E-08 1.0695E-08 1.1249E-08 1.1809E-08 1.2367E-08 1.2915E-08 1.3448E-08 1.3957E-08
5.4831E-11 6.2934E-11 6.8485E-11 7.8208E-11 8.5161E-11 9.7508E-11 1.2353E-10 1.4273E-10 1.6155E-10 2.2681E-10 2.6635E-10 3.1475E-10 4.0990E-10 4.8834E-10 5.6372E-10 6.4552E-10 7.3855E-10 8.6773E-10 1.0091E-09 1.1395E-09 1.2786E-09 1.4268E-09 1.6064E-09 1.7737E-09 1.9510E-09 2.1342E-09 2.3233E-09 2.5172E-09 2.7164E-09 2.9112E-09 3.1080E-09 3.3077E-09 3.5312E-09 3.7806E-09 4.0301E-09 4.2814E-09 4.5550E-09 4.8329E-09 5.1287E-09 5.4418E-09 5.7749E-09 6.1295E-09 6.5025E-09 6.9048E-09 7.3267E-09 7.7734E-09 8.2464E-09 8.7449E-09 9.2662E-09 9.8080E-09 1.0368E-08 1.0940E-08 1.1522E-08 1.2104E-08 1.2683E-08 1.3249E-08 1.3791E-08
4.6095E-11 5.2970E-11 5.7447E-11 6.6217E-11 7.5758E-11 8.6806E-11 9.8546E-11 1.2482E-10 1.4378E-10 1.7621E-10 2.3487E-10 2.7769E-10 3.6032E-10 4.3829E-10 5.0713E-10 5.8174E-10 6.6098E-10 7.6739E-10 8.8673E-10 1.0314E-09 1.1632E-09 1.3000E-09 1.4613E-09 1.6208E-09 1.7859E-09 1.9570E-09 2.1341E-09 2.3162E-09 2.5035E-09 2.6864E-09 2.8721E-09 3.0606E-09 3.2709E-09 3.5067E-09 3.7446E-09 3.9838E-09 4.2463E-09 4.5143E-09 4.7990E-09 5.1017E-09 5.4259E-09 5.7714E-09 6.1362E-09 6.5324E-09 6.9493E-09 7.3935E-09 7.8666E-09 8.3671E-09 8.8935E-09 9.4433E-09 1.0014E-08 1.0601E-08 1.1203E-08 1.1809E-08 1.2415E-08 1.3011E-08 1.3585E-08
3.7866E-11 4.4102E-11 5.0857E-11 5.5079E-11 6.3630E-11 7.6937E-11 8.7331E-11 9.9496E-11 1.2731E-10 1.4413E-10 1.8987E-10 2.4018E-10 3.1816E-10 3.9179E-10 4.5420E-10 5.2239E-10 5.9529E-10 6.9256E-10 8.0176E-10 9.3417E-10 1.0528E-09 1.1774E-09 1.3308E-09 1.4729E-09 1.6312E-09 1.7906E-09 1.9559E-09 2.1265E-09 2.3017E-09 2.4731E-09 2.6475E-09 2.8246E-09 3.0047E-09 3.2248E-09 3.4690E-09 3.6959E-09 3.9465E-09 4.2019E-09 4.4751E-09 4.7666E-09 5.0787E-09 5.4137E-09 5.7683E-09 6.1557E-09 6.5651E-09 7.0043E-09 7.4745E-09 7.9739E-09 8.5014E-09 9.0563E-09 9.6351E-09 1.0233E-08 1.0852E-08 1.1480E-08 1.2109E-08 1.2733E-08 1.3340E-08
3.3288E-11 3.5823E-11 4.1915E-11 4.8521E-11 5.2470E-11 6.4345E-11 7.7036E-11 8.7835E-11 9.9253E-11 1.1251E-10 1.6467E-10 1.9777E-10 2.6303E-10 3.4548E-10 4.0542E-10 4.6787E-10 5.3457E-10 6.2081E-10 7.2318E-10 8.4422E-10 9.5342E-10 1.0640E-09 1.2049E-09 1.3404E-09 1.4867E-09 1.6349E-09 1.7891E-09 1.9477E-09 2.1112E-09 2.2718E-09 2.4347E-09 2.6006E-09 2.7695E-09 2.9755E-09 3.2046E-09 3.4182E-09 3.6557E-09 3.8985E-09 4.1585E-09 4.4362E-09 4.7358E-09 5.0582E-09 5.3999E-09 5.7767E-09 6.1762E-09 6.6077E-09 7.0713E-09 7.5664E-09 8.0922E-09 8.6482E-09 9.2318E-09 9.8376E-09 1.0470E-08 1.1117E-08 1.1764E-08 1.2415E-08 1.3055E-08
2.9120E-11 3.1316E-11 3.3643E-11 3.9565E-11 4.5993E-11 5.2851E-11 6.4051E-11 7.7175E-11 8.7197E-11 9.8884E-11 1.2849E-10 1.7160E-10 2.0816E-10 2.8467E-10 3.6097E-10 4.1764E-10 4.7867E-10 5.4433E-10 6.4025E-10 7.5851E-10 8.6155E-10 9.6324E-10 1.0889E-09 1.2128E-09 1.3526E-09 1.4900E-09 1.6325E-09 1.7801E-09 1.9329E-09 2.0818E-09 2.2338E-09 2.3890E-09 2.5467E-09 2.7074E-09 2.9258E-09 3.1518E-09 3.3754E-09 3.6042E-09 3.8498E-09 4.1134E-09 4.3984E-09 4.7060E-09 5.0336E-09 5.3977E-09 5.7852E-09 6.2059E-09 6.6598E-09 7.1470E-09 7.6683E-09 8.2222E-09 8.8054E-09 9.4170E-09 1.0059E-08 1.0720E-08 1.1385E-08 1.2059E-08 1.2726E-08
1.8980E-11 2.0531E-11 2.2180E-11 2.3927E-11 3.7086E-11 4.6137E-11 4.9835E-11 6.1103E-11 7.0207E-11 8.6435E-11 1.0353E-10 1.3973E-10 1.7744E-10 2.4344E-10 3.0876E-10 3.7175E-10 4.2752E-10 4.8761E-10 5.6977E-10 6.6187E-10 7.7437E-10 8.6737E-10 9.8597E-10 1.0999E-09 1.2236E-09 1.3550E-09 1.4870E-09 1.6241E-09 1.7653E-09 1.9039E-09 2.0455E-09 2.1893E-09 2.3362E-09 2.4861E-09 2.6887E-09 2.8969E-09 3.1064E-09 3.3203E-09 3.5510E-09 3.7989E-09 4.0678E-09 4.3598E-09 4.6716E-09 5.0209E-09 5.3940E-09 5.8011E-09 6.2426E-09 6.7190E-09 7.2319E-09 7.7799E-09 8.3606E-09 8.9737E-09 9.6214E-09 1.0292E-08 1.0970E-08 1.1663E-08 1.2354E-08
1.3145E-11 1.7917E-11 1.9347E-11 2.0861E-11 2.2459E-11 2.7664E-11 3.2626E-11 4.2064E-11 4.5675E-11 5.7052E-11 6.6354E-11 1.1275E-10 1.3782E-10 2.1232E-10 2.7133E-10 3.1939E-10 3.7988E-10 4.3581E-10 5.1059E-10 5.9449E-10 6.9715E-10 7.8248E-10 8.8416E-10 9.9568E-10 1.1093E-09 1.2301E-09 1.3521E-09 1.4785E-09 1.6097E-09 1.7380E-09 1.8687E-09 2.0024E-09 2.1386E-09 2.2769E-09 2.4457E-09 2.6213E-09 2.8490E-09 3.0479E-09 3.2630E-09 3.4941E-09 3.7465E-09 4.0218E-09 4.3162E-09 4.6487E-09 5.0053E-09 5.3961E-09 5.8229E-09 6.2854E-09 6.7863E-09 7.3249E-09 7.8995E-09 8.5094E-09 9.1596E-09 9.8327E-09 1.0519E-08 1.1227E-08 1.1943E-08
0.0000E+00 6.6706E-12 1.6748E-11 1.8107E-11 1.9485E-11 2.0935E-11 2.2455E-11 2.7979E-11 3.9808E-11 4.5955E-11 4.9711E-11 7.8642E-11 1.0703E-10 1.3798E-10 2.2039E-10 2.7575E-10 3.2075E-10 3.7490E-10 4.3252E-10 5.2466E-10 6.2267E-10 7.0475E-10 7.9838E-10 8.9263E-10 1.0039E-09 1.1151E-09 1.2272E-09 1.3440E-09 1.4650E-09 1.5805E-09 1.7044E-09 1.8277E-09 1.9531E-09 2.0809E-09 2.2184E-09 2.3964E-09 2.6045E-09 2.7882E-09 2.9865E-09 3.2011E-09 3.4364E-09 3.6939E-09 3.9698E-09 4.2838E-09 4.6224E-09 4.9952E-09 5.4036E-09 5.8503E-09 6.3368E-09 6.8606E-09 7.4240E-09 8.0254E-09 8.6711E-09 9.3474E-09 1.0037E-08 1.0755E-08 1.1489E-08
0.0000E+00 0.0000E+00 2.7013E-13 8.7669E-12 1.0515E-11 1.1473E-11 1.2485E-11 1.3550E-11 1.8476E-11 2.7829E-11 3.3928E-11 6.5045E-11 8.7995E-11 1.1370E-10 1.7275E-10 2.1364E-10 2.7790E-10 3.3060E-10 3.8185E-10 4.5359E-10 5.3399E-10 6.2491E-10 7.1288E-10 7.9892E-10 8.9722E-10 1.0026E-09 1.1093E-09 1.2170E-09 1.3284E-09 1.4350E-09 1.5447E-09 1.6593E-09 1.7768E-09 1.8938E-09 2.0198E-09 2.1850E-09 2.3321E-09 2.5413E-09 2.7237E-09 2.9215E-09 3.1392E-09 3.3783E-09 3.6347E-09 3.9289E-09 4.2471E-09 4.5983E-09 4.9860E-09 5.4140E-09 5.8820E-09 6.3903E-09 6.9406E-09 7.5296E-09 8.1653E-09 8.8364E-09 9.5268E-09 1.0252E-08 1.0996E-08
0.0000E+00 0.0000E+00 0.0000E+00 0.0000E+00 4.0617E-12 1.0010E-11 1.0893E-11 1.1822E-11 1.2795E-11 1.3812E-11 1.8746E-11 2.4316E-11 5.4009E-11 8.3408E-11 1.3607E-10 1.8338E-10 2.2126E-10 2.6888E-10 3.2966E-10 4.0065E-10 4.7511E-10 5.6011E-10 6.4040E-10 7.1482E-10 8.1091E-10 9.0348E-10 1.0021E-09 1.1007E-09 1.2029E-09 1.3030E-09 1.4048E-09 1.5084E-09 1.6136E-09 1.7199E-09 1.8353E-09 1.9462E-09 2.1142E-09 2.3045E-09 2.4726E-09 2.6537E-09 2.8536E-09 3.0739E-09 3.3108E-09 3.5846E-09 3.8818E-09 4.2126E-09 4.5782E-09 4.9834E-09 5.4309E-09 5.9188E-09 6.4512E-09 7.0257E-09 7.6470E-09 8.3072E-09 8.9898E-09 9.7152E-09 1.0465E-08
0.0000E+00 0.0000E+00 0.0000E+00 0.0000E+00 0.0000E+00 9.2700E-13 7.1829E-12 1.0285E-11 1.1132E-11 1.2016E-11 1.2935E-11 1.7657E-11 4.2550E-11 5.6436E-11 1.0164E-10 1.4936E-10 1.9546E-10 2.3170E-10 2.7190E-10 3.1519E-10 3.8717E-10 4.9140E-10 5.6584E-10 6.4099E-10 7.2246E-10 8.1401E-10 9.0379E-10 9.9435E-10 1.0883E-09 1.1795E-09 1.2724E-09 1.3670E-09 1.4625E-09 1.5590E-09 1.6680E-09 1.7678E-09 1.9186E-09 2.0466E-09 2.2380E-09 2.4026E-09 2.5850E-09 2.7869E-09 3.0034E-09 3.2564E-09 3.5330E-09 3.8417E-09 4.1848E-09 4.5671E-09 4.9884E-09 5.4526E-09 5.9614E-09 6.5136E-09 7.1176E-09 7.7624E-09 8.4326E-09 9.1121E-09 9.8610E-09
0.0000E+00 0.0000E+00 0.0000E+00 0.0000E+00 0.0000E+00 0.0000E+00 0.0000E+00 3.2767E-12 7.5107E-12 1.0425E-11 1.1222E-11 1.2048E-11 3.4457E-11 4.6738E-11 6.4838E-11 1.1918E-10 1.5456E-10 1.8718E-10 2.4290E-10 2.8009E-10 3.3689E-10 3.9718E-10 4.7744E-10 5.6812E-10 6.4682E-10 7.2903E-10 8.1466E-10 8.9766E-10 9.8322E-10 1.0665E-09 1.1514E-09 1.2371E-09 1.3237E-09 1.4112E-09 1.5065E-09 1.5965E-09 1.7020E-09 1.8508E-09 2.0181E-09 2.1696E-09 2.3351E-09 2.5185E-09 2.7155E-09 2.9480E-09 3.2016E-09 3.4874E-09 3.8058E-09 4.1622E-09 4.5582E-09 4.9958E-09 5.4780E-09 6.0036E-09 6.5454E-09 7.1706E-09 7.8243E-09 8.4901E-09 9.2311E-09
0.0000E+00 0.0000E+00 0.0000E+00 0.0000E+00 0.0000E+00 0.0000E+00 0.0000E+00 0.0000E+00 7.1323E-13 4.6984E-12 7.2556E-12 9.8240E-12 1.9444E-11 4.1848E-11 5.4625E-11 9.6744E-11 1.3801E-10 1.6609E-10 2.0108E-10 2.3175E-10 3.0077E-10 3.5440E-10 4.2954E-10 4.8554E-10 5.4521E-10 6.5362E-10 7.3102E-10 8.1199E-10 8.9033E-10 9.6634E-10 1.0433E-09 1.1212E-09 1.1998E-09 1.2785E-09 1.3651E-09 1.4464E-09 1.5389E-09 1.6682E-09 1.7837E-09 1.9542E-09 2.1046E-09 2.2709E-09 2.4490E-09 2.6604E-09 2.8924E-09 3.1539E-09 3.4470E-09 3.7771E-09 4.1064E-09 4.5176E-09 4.9721E-09 5.4682E-09 5.9827E-09 6.5820E-09 7.2095E-09 7.8410E-09 8.5641E-09
0.0000E+00 0.0000E+00 0.0000E+00 0.0000E+00 0.0000E+00 0.0000E+00 0.0000E+00 0.0000E+00 0.0000E+00 0.0000E+00 1.9935E-12 4.7762E-12 6.3642E-12 3.2950E-11 4.0735E-11 7.9691E-11 1.1990E-10 1.4299E-10 1.7686E-10 2.1089E-10 2.4118E-10 2.9763E-10 3.7465E-10 4.3441E-10 4.9326E-10 5.5716E-10 6.2872E-10 7.1446E-10 8.0362E-10 8.7346E-10 9.4455E-10 1.0153E-09 1.0862E-09 1.1572E-09 1.2360E-09 1.3092E-09 1.3932E-09 1.4798E-09 1.6103E-09 1.7573E-09 1.8976E-09 2.0473E-09 2.2071E-09 2.3990E-09 2.5709E-09 2.8091E-09 3.0772E-09 3.3795E-09 3.6919E-09 4.0613E-09 4.4837E-09 4.8964E-09 5.4158E-09 5.9830E-09 6.5808E-09 7.2354E-09 7.8989E-09
0.0000E+00 0.0000E+00 0.0000E+00 0.0000E+00 0.0000E+00 0.0000E+00 0.0000E+00 0.0000E+00 0.0000E+00 0.0000E+00 0.0000E+00 0.0000E+00 2.7390E-12 2.1886E-11 3.2569E-11 4.6055E-11 9.9168E-11 1.2706E-10 1.5522E-10 1.8349E-10 2.1409E-10 2.4668E-10 3.0210E-10 3.5822E-10 4.0583E-10 4.8885E-10 5.5481E-10 6.3273E-10 6.9710E-10 7.7264E-10 8.5210E-10 9.1698E-10 9.8203E-10 1.0471E-09 1.1187E-09 1.1847E-09 1.2610E-09 1.3164E-09 1.4161E-09 1.5204E-09 1.6718E-09 1.8080E-09 1.9506E-09 2.0970E-09 2.2755E-09 2.4903E-09 2.7333E-09 2.9572E-09 3.2660E-09 3.6149E-09 4.0040E-09 4.4326E-09 4.9162E-09 5.4131E-09 5.9751E-09 6.5966E-09 7.2639E-09
0.0000E+00 0.0000E+00 0.0000E+00 0.0000E+00 0.0000E+00 0.0000E+00 0.0000E+00 0.0000E+00 0.0000E+00 0.0000E+00 0.0000E+00 0.0000E+00 0.0000E+00 1.5611E-11 2.7498E-11 4.0415E-11 7.7927E-11 1.0900E-10 1.3698E-10 1.6031E-10 1.9080E-10 2.2392E-10 2.6062E-10 3.0046E-10 3.3415E-10 3.9059E-10 4.4247E-10 5.3862E-10 5.9599E-10 6.4851E-10 7.0956E-10 7.7620E-10 8.4569E-10 9.0231E-10 9.6547E-10 1.0140E-09 1.0823E-09 1.1513E-09 1.2243E-09 1.3352E-09 1.4644E-09 1.5450E-09 1.6698E-09 1.8236E-09 1.9916E-09 2.1836E-09 2.4021E-09 2.6497E-09 2.9292E-09 3.2459E-09 3.5649E-09 3.9570E-09 4.4035E-09 4.8956E-09 5.3837E-09 5.9511E-09 6.5354E-09
0.0000E+00 0.0000E+00 0.0000E+00 0.0000E+00 0.0000E+00 0.0000E+00 0.0000E+00 0.0000E+00 0.0000E+00 0.0000E+00 0.0000E+00 0.0000E+00 0.0000E+00 0.0000E+00 2.2870E-11 2.7935E-11 6.2185E-11 9.3434E-11 1.1433E-10 1.3774E-10 1.5897E-10 1.9451E-10 2.3571E-10 2.7246E-10 3.0522E-10 3.4084E-10 3.7876E-10 4.2592E-10 4.8844E-10 5.5593E-10 6.1108E-10 6.5637E-10 7.0561E-10 7.6414E-10 8.1876E-10 8.7671E-10 9.3788E-10 1.0005E-09 1.0644E-09 1.1539E-09 1.2638E-09 1.3790E-09 1.4941E-09 1.6306E-09 1.7806E-09 1.9512E-09 2.1111E-09 2.3327E-09 2.5829E-09 2.8673E-09 3.1520E-09 3.5074E-09 3.8993E-09 4.3051E-09 4.7769E-09 5.3024E-09 5.8928E-09
0.0000E+00 0.0000E+00 0.0000E+00 0.0000E+00 0.0000E+00 0.0000E+00 0.0000E+00 0.0000E+00 0.0000E+00 0.0000E+00 0.0000E+00 0.0000E+00 0.0000E+00 0.0000E+00 1.6232E-11 2.5636E-11 4.5838E-11 7.8791E-11 9.7952E-11 1.2111E-10 1.4457E-10 1.6460E-10 1.8795E-10 2.1486E-10 2.6839E-10 2.9992E-10 3.3450E-10 3.7406E-10 4.1726E-10 4.6350E-10 5.0253E-10 5.7219E-10 6.3425E-10 6.7626E-10 7.2409E-10 7.7121E-10 8.3392E-10 8.9205E-10 9.3709E-10 1.0037E-09 1.0851E-09 1.1967E-09 1.3036E-09 1.4260E-09 1.5583E-09 1.6744E-09 1.8484E-09 2.0286E-09 2.2518E-09 2.4585E-09 2.7339E-09 3.0367E-09 3.4057E-09 3.8178E-09 4.2455E-09 4.7422E-09 5.2858E-09
0.0000E+00 0.0000E+00 0.0000E+00 0.0000E+00 0.0000E+00 0.0000E+00 0.0000E+00 0.0000E+00 0.0000E+00 0.0000E+00 0.0000E+00 0.0000E+00 0.0000E+00 0.0000E+00 1.4856E-11 2.3524E-11 3.3340E-11 7.0293E-11 8.8786E-11 1.0479E-10 1.2598E-10 1.4494E-10 1.6749E-10 1.9032E-10 2.1099E-10 2.3907E-10 2.6548E-10 3.0529E-10 3.4251E-10 3.9075E-10 4.1977E-10 4.4880E-10 4.8126E-10 5.2763E-10 6.0537E-10 6.4507E-10 6.9140E-10 7.3818E-10 7.9809E-10 8.4042E-10 9.2140E-10 1.0210E-09 1.0734E-09 1.1849E-09 1.3002E-09 1.4216E-09 1.5576E-09 1.7309E-09 1.9288E-09 2.1532E-09 2.3949E-09 2.6779E-09 3.0068E-09 3.3759E-09 3.7588E-09 4.2090E-09 4.7048E-09
0.0000E+00 0.0000E+00 0.0000E+00 0.0000E+00 0.0000E+00 0.0000E+00 0.0000E+00 0.0000E+00 0.0000E+00 0.0000E+00 0.0000E+00 0.0000E+00 0.0000E+00 0.0000E+00 0.0000E+00 2.1584E-11 3.0655E-11 5.6153E-11 8.1833E-11 9.6147E-11 1.1175E-10 1.3004E-10 1.5002E-10 1.7009E-10 1.8995E-10 2.1181E-10 2.3208E-10 2.5340E-10 2.8913E-10 3.1329E-10 3.5221E-10 3.8306E-10 4.0638E-10 4.2927E-10 4.6025E-10 4.9487E-10 5.3007E-10 5.6532E-10 6.4799E-10 6.9285E-10 7.5615E-10 8.3088E-10 9.1980E-10 1.0233E-09 1.1181E-09 1.2366E-09 1.3698E-09 1.5211E-09 1.6943E-09 1.8899E-09 2.1007E-09 2.3500E-09 2.6410E-09 2.9548E-09 3.3055E-09 3.7098E-09 4.1405E-09
