Assets/Resources/2015_m01_d25_1200(utc+0800)_l00_csi_1hr_conc.grd
DSAA
         159         159
     -79.000      79.000
     -79.000      79.000
  0.0000E+00  0.3058E-05
[rows 50 to 74 of 159, columns 57 to 113 of 159]
0.0000E+00 0.0000E+00 0.0000E+00 0.0000E+00 0.0000E+00 0.0000E+00 0.0000E+00 0.0000E+00 0.0000E+00 0.0000E+00 0.0000E+00 0.0000E+00 0.0000E+00 1.9482E-11 4.5588E-11 9.8043E-11 1.7361E-10 2.5991E-10 3.7864E-10 5.3451E-10 7.3797E-10 9.9435E-10 1.3340E-09 1.7499E-09 2.2609E-09 2.8969E-09 3.6415E-09 4.5128E-09 5.5232E-09 6.6468E-09 7.8823E-09 9.2296E-09 1.0642E-08 1.2073E-08 1.3496E-08 1.4847E-08 1.6062E-08 1.7114E-08 1.7928E-08 1.8491E-08 1.8764E-08 1.8727E-08 1.8381E-08 1.7745E-08 1.6848E-08 1.5735E-08 1.4460E-08 1.3079E-08 1.1649E-08 1.0223E-08 8.8464E-09 7.5541E-09 6.3615E-09 5.3076E-09 4.3841E-09 3.5785E-09 2.9029E-09
0.0000E+00 0.0000E+00 0.0000E+00 0.0000E+00 0.0000E+00 0.0000E+00 0.0000E+00 0.0000E+00 0.0000E+00 0.0000E+00 0.0000E+00 0.0000E+00 0.0000E+00 1.8990E-11 4.4825E-11 1.0314E-10 1.7298E-10 2.6043E-10 3.8042E-10 5.3965E-10 7.4153E-10 9.9912E-10 1.3426E-09 1.7595E-09 2.2910E-09 2.9228E-09 3.6777E-09 4.5810E-09 5.6068E-09 6.7628E-09 8.0574E-09 9.4523E-09 1.0918E-08 1.2422E-08 1.3927E-08 1.5374E-08 1.6679E-08 1.7805E-08 1.8689E-08 1.9289E-08 1.9573E-08 1.9525E-08 1.9144E-08 1.8445E-08 1.7464E-08 1.6252E-08 1.4866E-08 1.3370E-08 1.1830E-08 1.0303E-08 8.8386E-09 7.4760E-09 6.2415E-09 5.1463E-09 4.1894E-09 3.3835E-09 2.6986E-09
0.0000E+00 0.0000E+00 0.0000E+00 0.0000E+00 0.0000E+00 0.0000E+00 0.0000E+00 0.0000E+00 0.0000E+00 0.0000E+00 0.0000E+00 0.0000E+00 0.0000E+00 1.7996E-11 4.3248E-11 1.0087E-10 1.7022E-10 2.5615E-10 3.7744E-10 5.3986E-10 7.3529E-10 9.9839E-10 1.3347E-09 1.7541E-09 2.2846E-09 2.9220E-09 3.6986E-09 4.6045E-09 5.6513E-09 6.8553E-09 8.1783E-09 9.6281E-09 1.1171E-08 1.2750E-08 1.4348E-08 1.5880E-08 1.7292E-08 1.8521E-08 1.9495E-08 2.0159E-08 2.0476E-08 2.0429E-08 2.0020E-08 1.9266E-08 1.8203E-08 1.6886E-08 1.5384E-08 1.3767E-08 1.2107E-08 1.0468E-08 8.9066E-09 7.4632E-09 6.1658E-09 5.0292E-09 4.0539E-09 3.2230E-09 2.5367E-09
0.0000E+00 0.0000E+00 0.0000E+00 0.0000E+00 0.0000E+00 0.0000E+00 0.0000E+00 0.0000E+00 0.0000E+00 0.0000E+00 0.0000E+00 0.0000E+00 0.0000E+00 1.7181E-11 4.1380E-11 9.6783E-11 1.6451E-10 2.4765E-10 3.6748E-10 5.2775E-10 7.2000E-10 9.8398E-10 1.3102E-09 1.7385E-09 2.2565E-09 2.8954E-09 3.6789E-09 4.5891E-09 5.6693E-09 6.8870E-09 8.2668E-09 9.7780E-09 1.1380E-08 1.3064E-08 1.4748E-08 1.6397E-08 1.7922E-08 1.9258E-08 2.0345E-08 2.1104E-08 2.1489E-08 2.1470E-08 2.1045E-08 2.0239E-08 1.9095E-08 1.7675E-08 1.6051E-08 1.4301E-08 1.2508E-08 1.0740E-08 9.0633E-09 7.5269E-09 6.1527E-09 4.9584E-09 3.9457E-09 3.1002E-09 2.3986E-09
0.0000E+00 0.0000E+00 0.0000E+00 0.0000E+00 0.0000E+00 0.0000E+00 0.0000E+00 0.0000E+00 0.0000E+00 0.0000E+00 0.0000E+00 0.0000E+00 0.0000E+00 1.5391E-11 3.8217E-11 8.9769E-11 1.5389E-10 2.3537E-10 3.5113E-10 5.0890E-10 6.9482E-10 9.5139E-10 1.2707E-09 1.6937E-09 2.2036E-09 2.8494E-09 3.6171E-09 4.5416E-09 5.6263E-09 6.8686E-09 8.2924E-09 9.8642E-09 1.1541E-08 1.3331E-08 1.5124E-08 1.6893E-08 1.8544E-08 2.0006E-08 2.1201E-08 2.2057E-08 2.2519E-08 2.2550E-08 2.2137E-08 2.1299E-08 2.0082E-08 1.8556E-08 1.6805E-08 1.4919E-08 1.2987E-08 1.1090E-08 9.2975E-09 7.6562E-09 6.1938E-09 4.9369E-09 3.8735E-09 3.0020E-09 2.2961E-09
0.0000E+00 0.0000E+00 0.0000E+00 0.0000E+00 0.0000E+00 0.0000E+00 0.0000E+00 0.0000E+00 0.0000E+00 0.0000E+00 0.0000E+00 0.0000E+00 0.0000E+00 1.2727E-11 3.4768E-11 8.0814E-11 1.4148E-10 2.1944E-10 3.3047E-10 4.8265E-10 6.6196E-10 9.0903E-10 1.2209E-09 1.6252E-09 2.1296E-09 2.7612E-09 3.5239E-09 4.4516E-09 5.5384E-09 6.7925E-09 8.2755E-09 9.8821E-09 1.1655E-08 1.3530E-08 1.5451E-08 1.7338E-08 1.9127E-08 2.0732E-08 2.2061E-08 2.3044E-08 2.3597E-08 2.3686E-08 2.3298E-08 2.2443E-08 2.1165E-08 1.9542E-08 1.7664E-08 1.5632E-08 1.3556E-08 1.1523E-08 9.6024E-09 7.8485E-09 6.2991E-09 4.9667E-09 3.8556E-09 2.9490E-09 2.2227E-09
0.0000E+00 0.0000E+00 0.0000E+00 0.0000E+00 0.0000E+00 0.0000E+00 0.0000E+00 0.0000E+00 0.0000E+00 0.0000E+00 0.0000E+00 0.0000E+00 0.0000E+00 1.0423E-11 3.0536E-11 5.8931E-11 1.2694E-10 1.9891E-10 3.0520E-10 4.4849E-10 6.2340E-10 8.5243E-10 1.1562E-09 1.5390E-09 2.0369E-09 2.6443E-09 3.3987E-09 4.3124E-09 5.3908E-09 6.6682E-09 8.1732E-09 9.8240E-09 1.1673E-08 1.3661E-08 1.5684E-08 1.7711E-08 1.9664E-08 2.1421E-08 2.2917E-08 2.4032E-08 2.4698E-08 2.4864E-08 2.4509E-08 2.3643E-08 2.2317E-08 2.0609E-08 1.8616E-08 1.6462E-08 1.4238E-08 1.2049E-08 9.9830E-09 8.1083E-09 6.4591E-09 5.0508E-09 3.8828E-09 2.9350E-09 2.1838E-09
0.0000E+00 0.0000E+00 0.0000E+00 0.0000E+00 0.0000E+00 0.0000E+00 0.0000E+00 0.0000E+00 0.0000E+00 0.0000E+00 0.0000E+00 0.0000E+00 0.0000E+00 8.3621E-13 2.5970E-11 5.1415E-11 8.2450E-11 1.7709E-10 2.7717E-10 4.0997E-10 5.7008E-10 7.8700E-10 1.0783E-09 1.4353E-09 1.9121E-09 2.4942E-09 3.2374E-09 4.1257E-09 5.2033E-09 6.4664E-09 7.9948E-09 9.7109E-09 1.1634E-08 1.3681E-08 1.5831E-08 1.8013E-08 2.0110E-08 2.2041E-08 2.3695E-08 2.4961E-08 2.5759E-08 2.6022E-08 2.5721E-08 2.4865E-08 2.3506E-08 2.1751E-08 1.9666E-08 1.7373E-08 1.4998E-08 1.2658E-08 1.0444E-08 8.4339E-09 6.6734E-09 5.1833E-09 3.9540E-09 2.9629E-09 2.1764E-09
0.0000E+00 0.0000E+00 0.0000E+00 0.0000E+00 0.0000E+00 0.0000E+00 0.0000E+00 0.0000E+00 0.0000E+00 0.0000E+00 0.0000E+00 0.0000E+00 0.0000E+00 0.0000E+00 4.9966E-12 4.3291E-11 7.0049E-11 1.2006E-10 2.3913E-10 3.6609E-10 5.1254E-10 7.1606E-10 9.8254E-10 1.3225E-09 1.7667E-09 2.3279E-09 3.0362E-09 3.8992E-09 4.9539E-09 6.2547E-09 7.7340E-09 9.5041E-09 1.1466E-08 1.3593E-08 1.5859E-08 1.8169E-08 2.0433E-08 2.2547E-08 2.4375E-08 2.5830E-08 2.6779E-08 2.7160E-08 2.6958E-08 2.6174E-08 2.4824E-08 2.2985E-08 2.0773E-08 1.8333E-08 1.5804E-08 1.3310E-08 1.0956E-08 8.8191E-09 6.9398E-09 5.3545E-09 4.0557E-09 3.0177E-09 2.2019E-09
0.0000E+00 0.0000E+00 0.0000E+00 0.0000E+00 0.0000E+00 0.0000E+00 0.0000E+00 0.0000E+00 0.0000E+00 0.0000E+00 0.0000E+00 0.0000E+00 0.0000E+00 0.0000E+00 3.3310E-12 8.9947E-12 5.7836E-11 1.0286E-10 2.0627E-10 3.1942E-10 4.5112E-10 6.3668E-10 8.8245E-10 1.1989E-09 1.6103E-09 2.1421E-09 2.8093E-09 3.6382E-09 4.6544E-09 5.9308E-09 7.3922E-09 9.2047E-09 1.1189E-08 1.3373E-08 1.5750E-08 1.8189E-08 2.0627E-08 2.2921E-08 2.4947E-08 2.6573E-08 2.7730E-08 2.8301E-08 2.8218E-08 2.7471E-08 2.6111E-08 2.4214E-08 2.1911E-08 1.9346E-08 1.6664E-08 1.4007E-08 1.1502E-08 9.2324E-09 7.2471E-09 5.5634E-09 4.1857E-09 3.0888E-09 2.2442E-09
0.0000E+00 0.0000E+00 0.0000E+00 0.0000E+00 0.0000E+00 0.0000E+00 0.0000E+00 0.0000E+00 0.0000E+00 0.0000E+00 0.0000E+00 0.0000E+00 0.0000E+00 0.0000E+00 1.3562E-12 6.4411E-12 1.4038E-11 8.4554E-11 1.2422E-10 2.6109E-10 3.8926E-10 5.4245E-10 7.6366E-10 1.0688E-09 1.4424E-09 1.9406E-09 2.5569E-09 3.3459E-09 4.3078E-09 5.5468E-09 6.9717E-09 8.7884E-09 1.0794E-08 1.3069E-08 1.5521E-08 1.8086E-08 2.0673E-08 2.3154E-08 2.5412E-08 2.7302E-08 2.8662E-08 2.9386E-08 2.9404E-08 2.8721E-08 2.7355E-08 2.5411E-08 2.3029E-08 2.0345E-08 1.7531E-08 1.4739E-08 1.2086E-08 9.6765E-09 7.5718E-09 5.7982E-09 4.3413E-09 3.1838E-09 2.2941E-09
0.0000E+00 0.0000E+00 0.0000E+00 0.0000E+00 0.0000E+00 0.0000E+00 0.0000E+00 0.0000E+00 0.0000E+00 0.0000E+00 0.0000E+00 0.0000E+00 0.0000E+00 0.0000E+00 0.0000E+00 4.0652E-12 9.4093E-12 2.2062E-11 1.0358E-10 1.4722E-10 3.1820E-10 4.5520E-10 6.5864E-10 9.2600E-10 1.2730E-09 1.7254E-09 2.2937E-09 3.0232E-09 3.9263E-09 5.1109E-09 6.5140E-09 8.3169E-09 1.0310E-08 1.2619E-08 1.5156E-08 1.7846E-08 2.0628E-08 2.3355E-08 2.5849E-08 2.7956E-08 2.9512E-08 3.0405E-08 3.0548E-08 2.9930E-08 2.8575E-08 2.6610E-08 2.4125E-08 2.1320E-08 1.8383E-08 1.5451E-08 1.2669E-08 1.0137E-08 7.9109E-09 6.0408E-09 4.5139E-09 3.2891E-09 2.3473E-09
0.0000E+00 0.0000E+00 0.0000E+00 0.0000E+00 0.0000E+00 0.0000E+00 0.0000E+00 0.0000E+00 0.0000E+00 0.0000E+00 0.0000E+00 0.0000E+00 0.0000E+00 0.0000E+00 0.0000E+00 2.1704E-12 6.6722E-12 1.4009E-11 2.7208E-11 1.1837E-10 1.6821E-10 3.7774E-10 5.3262E-10 7.9227E-10 1.1028E-09 1.5085E-09 2.0234E-09 2.6901E-09 3.5187E-09 4.6336E-09 5.9789E-09 7.7531E-09 9.7907E-09 1.2126E-08 1.4735E-08 1.7578E-08 2.0524E-08 2.3445E-08 2.6169E-08 2.8510E-08 3.0292E-08 3.1371E-08 3.1661E-08 3.1117E-08 2.9778E-08 2.7751E-08 2.5201E-08 2.2309E-08 1.9218E-08 1.6136E-08 1.3219E-08 1.0576E-08 8.2473E-09 6.2771E-09 4.6678E-09 3.3988E-09 2.4001E-09
0.0000E+00 0.0000E+00 0.0000E+00 0.0000E+00 0.0000E+00 0.0000E+00 0.0000E+00 0.0000E+00 0.0000E+00 0.0000E+00 0.0000E+00 0.0000E+00 0.0000E+00 0.0000E+00 0.0000E+00 1.9448E-13 3.9597E-12 9.1286E-12 2.0494E-11 9.3552E-11 1.3264E-10 2.0419E-10 4.3755E-10 6.4236E-10 9.1875E-10 1.2935E-09 1.7568E-09 2.3497E-09 3.1017E-09 4.1356E-09 5.4430E-09 7.1387E-09 9.1831E-09 1.1573E-08 1.4271E-08 1.7225E-08 2.0351E-08 2.3505E-08 2.6483E-08 2.9097E-08 3.1123E-08 3.2401E-08 3.2818E-08 3.2335E-08 3.1021E-08 2.8946E-08 2.6287E-08 2.3240E-08 2.0026E-08 1.6820E-08 1.3753E-08 1.0971E-08 8.5392E-09 6.4913E-09 4.8055E-09 3.4894E-09 2.4686E-09
0.0000E+00 0.0000E+00 0.0000E+00 0.0000E+00 0.0000E+00 0.0000E+00 0.0000E+00 0.0000E+00 0.0000E+00 0.0000E+00 0.0000E+00 0.0000E+00 0.0000E+00 0.0000E+00 0.0000E+00 0.0000E+00 1.9310E-12 5.6306E-12 1.1297E-11 2.3220E-11 1.0413E-10 1.6152E-10 2.4171E-10 4.8475E-10 7.6111E-10 1.0731E-09 1.4824E-09 2.0183E-09 2.6823E-09 3.6751E-09 4.8619E-09 6.5355E-09 8.6318E-09 1.0981E-08 1.3786E-08 1.6880E-08 2.0227E-08 2.3626E-08 2.6887E-08 2.9776E-08 3.2066E-08 3.3557E-08 3.4118E-08 3.3704E-08 3.2356E-08 3.0194E-08 2.7392E-08 2.4217E-08 2.0824E-08 1.7440E-08 1.4244E-08 1.1327E-08 8.7851E-09 6.6623E-09 4.9301E-09 3.5608E-09 2.5167E-09
0.0000E+00 0.0000E+00 0.0000E+00 0.0000E+00 0.0000E+00 0.0000E+00 0.0000E+00 0.0000E+00 0.0000E+00 0.0000E+00 0.0000E+00 0.0000E+00 0.0000E+00 0.0000E+00 0.0000E+00 0.0000E+00 0.0000E+00 3.6642E-12 7.3658E-12 1.4481E-11 2.5471E-11 1.1066E-10 1.7440E-10 2.8094E-10 5.8010E-10 8.8233E-10 1.2327E-09 1.6913E-09 2.2701E-09 3.1741E-09 4.2773E-09 6.0089E-09 8.0341E-09 1.0484E-08 1.3353E-08 1.6614E-08 2.0174E-08 2.3861E-08 2.7440E-08 3.0645E-08 3.3214E-08 3.4921E-08 3.5617E-08 3.5242E-08 3.3843E-08 3.1561E-08 2.8602E-08 2.5202E-08 2.1598E-08 1.8038E-08 1.4644E-08 1.1598E-08 8.9662E-09 6.7786E-09 5.0041E-09 3.6064E-09 2.5333E-09
0.0000E+00 0.0000E+00 0.0000E+00 0.0000E+00 0.0000E+00 0.0000E+00 0.0000E+00 0.0000E+00 0.0000E+00 0.0000E+00 0.0000E+00 0.0000E+00 0.0000E+00 0.0000E+00 0.0000E+00 0.0000E+00 0.0000E+00 8.1127E-13 4.0140E-12 8.8061E-12 1.7047E-11 2.6917E-11 1.3376E-10 2.0522E-10 3.2020E-10 6.7627E-10 9.7093E-10 1.3904E-09 1.8860E-09 2.7556E-09 3.7737E-09 5.4489E-09 7.4790E-09 9.9944E-09 1.3001E-08 1.6465E-08 2.0297E-08 2.4332E-08 2.8273E-08 3.1831E-08 3.4699E-08 3.6616E-08 3.7408E-08 3.7014E-08 3.5504E-08 3.3042E-08 2.9855E-08 2.6187E-08 2.2290E-08 1.8463E-08 1.4912E-08 1.1765E-08 9.0603E-09 6.8130E-09 5.0099E-09 3.5972E-09 2.5220E-09
0.0000E+00 0.0000E+00 0.0000E+00 0.0000E+00 0.0000E+00 0.0000E+00 0.0000E+00 0.0000E+00 0.0000E+00 0.0000E+00 0.0000E+00 0.0000E+00 0.0000E+00 0.0000E+00 0.0000E+00 0.0000E+00 0.0000E+00 0.0000E+00 1.7560E-12 4.4524E-12 9.1603E-12 1.8305E-11 2.7100E-11 1.5572E-10 2.3452E-10 4.4118E-10 7.6677E-10 1.0970E-09 1.5376E-09 2.3247E-09 3.2630E-09 5.0169E-09 7.0633E-09 9.6510E-09 1.2805E-08 1.6509E-08 2.0665E-08 2.5066E-08 2.9413E-08 3.3351E-08 3.6523E-08 3.8635E-08 3.9495E-08 3.9044E-08 3.7358E-08 3.4562E-08 3.0965E-08 2.6944E-08 2.2800E-08 1.8782E-08 1.5069E-08 1.1808E-08 9.0467E-09 6.7545E-09 4.9352E-09 3.5449E-09 2.4853E-09
0.0000E+00 0.0000E+00 0.0000E+00 0.0000E+00 0.0000E+00 0.0000E+00 0.0000E+00 0.0000E+00 0.0000E+00 0.0000E+00 0.0000E+00 0.0000E+00 0.0000E+00 0.0000E+00 0.0000E+00 0.0000E+00 0.0000E+00 0.0000E+00 0.0000E+00 2.5041E-12 4.7490E-12 9.2445E-12 1.7953E-11 2.5983E-11 1.5803E-10 2.7411E-10 5.6045E-10 8.6481E-10 1.2825E-09 2.0036E-09 2.8646E-09 4.5794E-09 6.6412E-09 9.3688E-09 1.2741E-08 1.6754E-08 2.1299E-08 2.6126E-08 3.0906E-08 3.5237E-08 3.8711E-08 4.0982E-08 4.1837E-08 4.1132E-08 3.9059E-08 3.5883E-08 3.1940E-08 2.7577E-08 2.3149E-08 1.8921E-08 1.5077E-08 1.1716E-08 8.8949E-09 6.6132E-09 4.8115E-09 3.4340E-09 2.3828E-09
0.0000E+00 0.0000E+00 0.0000E+00 0.0000E+00 0.0000E+00 0.0000E+00 0.0000E+00 0.0000E+00 0.0000E+00 0.0000E+00 0.0000E+00 0.0000E+00 0.0000E+00 0.0000E+00 0.0000E+00 0.0000E+00 0.0000E+00 0.0000E+00 0.0000E+00 0.0000E+00 2.8477E-12 4.6494E-12 9.0509E-12 1.6126E-11 5.3389E-11 1.8266E-10 3.5302E-10 6.3359E-10 1.0068E-09 1.6761E-09 2.6331E-09 4.3209E-09 6.4563E-09 9.2760E-09 1.2865E-08 1.7260E-08 2.2272E-08 2.7616E-08 3.2861E-08 3.7554E-08 4.1230E-08 4.3511E-08 4.4160E-08 4.3149E-08 4.0685E-08 3.7080E-08 3.2724E-08 2.8014E-08 2.3290E-08 1.8852E-08 1.4884E-08 1.1464E-08 8.6275E-09 6.3627E-09 4.5873E-09 3.2472E-09 2.2506E-09
0.0000E+00 0.0000E+00 0.0000E+00 0.0000E+00 0.0000E+00 0.0000E+00 0.0000E+00 0.0000E+00 0.0000E+00 0.0000E+00 0.0000E+00 0.0000E+00 0.0000E+00 0.0000E+00 0.0000E+00 0.0000E+00 0.0000E+00 0.0000E+00 0.0000E+00 0.0000E+00 0.0000E+00 2.6658E-12 4.2448E-12 8.3130E-12 1.4123E-11 9.7218E-11 2.1080E-10 4.1987E-10 8.4839E-10 1.3957E-09 2.3160E-09 4.0259E-09 6.2827E-09 9.3282E-09 1.3250E-08 1.8061E-08 2.3608E-08 2.9528E-08 3.5302E-08 4.0354E-08 4.4136E-08 4.6282E-08 4.6564E-08 4.5128E-08 4.2167E-08 3.8038E-08 3.3212E-08 2.8134E-08 2.3152E-08 1.8529E-08 1.4469E-08 1.1032E-08 8.2257E-09 6.0011E-09 4.3001E-09 3.0105E-09 2.0768E-09
0.0000E+00 0.0000E+00 0.0000E+00 0.0000E+00 0.0000E+00 0.0000E+00 0.0000E+00 0.0000E+00 0.0000E+00 0.0000E+00 0.0000E+00 0.0000E+00 0.0000E+00 0.0000E+00 0.0000E+00 0.0000E+00 0.0000E+00 0.0000E+00 0.0000E+00 0.0000E+00 0.0000E+00 0.0000E+00 1.9776E-12 3.9848E-12 6.6071E-12 3.2135E-11 1.0959E-10 3.0848E-10 5.9818E-10 1.3221E-09 2.3261E-09 3.8801E-09 6.2722E-09 9.6035E-09 1.3931E-08 1.9235E-08 2.5370E-08 3.1905E-08 3.8229E-08 4.3656E-08 4.7571E-08 4.9494E-08 4.9220E-08 4.7046E-08 4.3343E-08 3.8630E-08 3.3316E-08 2.7848E-08 2.2641E-08 1.7923E-08 1.3823E-08 1.0428E-08 7.6887E-09 5.5627E-09 3.9325E-09 2.7376E-09 1.8679E-09
0.0000E+00 0.0000E+00 0.0000E+00 0.0000E+00 0.0000E+00 0.0000E+00 0.0000E+00 0.0000E+00 0.0000E+00 0.0000E+00 0.0000E+00 0.0000E+00 0.0000E+00 0.0000E+00 0.0000E+00 0.0000E+00 0.0000E+00 0.0000E+00 0.0000E+00 0.0000E+00 0.0000E+00 0.0000E+00 0.0000E+00 1.0002E-12 3.6272E-12 4.7488E-12 7.6546E-11 1.6469E-10 4.7643E-10 1.0503E-09 2.1579E-09 4.0606E-09 6.6565E-09 1.0287E-08 1.5038E-08 2.0960E-08 2.7822E-08 3.5047E-08 4.1915E-08 4.7590E-08 5.1413E-08 5.2817E-08 5.1869E-08 4.8876E-08 4.4338E-08 3.8805E-08 3.2926E-08 2.7134E-08 2.1734E-08 1.6986E-08 1.2950E-08 9.6433E-09 7.0411E-09 5.0187E-09 3.5247E-09 2.4234E-09 1.6389E-09
0.0000E+00 0.0000E+00 0.0000E+00 0.0000E+00 0.0000E+00 0.0000E+00 0.0000E+00 0.0000E+00 0.0000E+00 0.0000E+00 0.0000E+00 0.0000E+00 0.0000E+00 0.0000E+00 0.0000E+00 0.0000E+00 0.0000E+00 0.0000E+00 0.0000E+00 0.0000E+00 0.0000E+00 0.0000E+00 0.0000E+00 0.0000E+00 0.0000E+00 2.5480E-12 3.8979E-11 1.4654E-10 4.2752E-10 9.3286E-10 2.1821E-09 4.1870E-09 7.1798E-09 1.1470E-08 1.6935E-08 2.3873E-08 3.1614E-08 3.9500E-08 4.6713E-08 5.2375E-08 5.5743E-08 5.6236E-08 5.4257E-08 5.0237E-08 4.4783E-08 3.8532E-08 3.2094E-08 2.5984E-08 2.0479E-08 1.5737E-08 1.1846E-08 8.7113E-09 6.2716E-09 4.4326E-09 3.0786E-09 2.0888E-09 1.3916E-09
0.0000E+00 0.0000E+00 0.0000E+00 0.0000E+00 0.0000E+00 0.0000E+00 0.0000E+00 0.0000E+00 0.0000E+00 0.0000E+00 0.0000E+00 0.0000E+00 0.0000E+00 0.0000E+00 0.0000E+00 0.0000E+00 0.0000E+00 0.0000E+00 0.0000E+00 0.0000E+00 0.0000E+00 0.0000E+00 0.0000E+00 0.0000E+00 0.0000E+00 0.0000E+00 3.0046E-11 1.0372E-10 3.4529E-10 1.0223E-09 2.4664E-09 4.9355E-09 8.7616E-09 1.3894E-08 2.0890E-08 2.9186E-08 3.7868E-08 4.6220E-08 5.3401E-08 5.8515E-08 6.0570E-08 5.9690E-08 5.6287E-08 5.0989E-08 4.4499E-08 3.7526E-08 3.0658E-08 2.4358E-08 1.8872E-08 1.4276E-08 1.0557E-08 7.6589E-09 5.4581E-09 3.8050E-09 2.6096E-09 1.7389E-09 1.1431E-09
