Assets/Resources/2015_m01_d25_0300(utc+0800)_l00_csi_1hr_conc.grd
DSAA
         159         159
     -79.000      79.000
     -79.000      79.000
  0.0000E+00  0.1065E-04
[rows 25 to 49 of 159, columns 0 to 56 of 159]
5.6648E-12 7.8123E-12 1.0738E-11 1.4172E-11 1.8109E-11 2.3065E-11 2.8596E-11 3.3116E-11 3.7405E-11 4.1929E-11 4.6767E-11 5.1815E-11 5.7193E-11 6.2882E-11 1.1428E-10 1.5547E-10 1.9222E-10 2.3324E-10 2.8785E-10 3.4371E-10 4.1588E-10 4.9751E-10 5.9397E-10 7.0370E-10 8.3093E-10 9.7692E-10 1.1461E-09 1.3364E-09 1.5595E-09 1.8140E-09 2.1160E-09 2.4620E-09 2.8501E-09 3.2960E-09 3.7841E-09 4.3228E-09 4.9406E-09 5.6232E-09 6.3744E-09 7.1986E-09 8.1113E-09 9.0937E-09 1.0154E-08 1.1303E-08 1.2518E-08 1.3821E-08 1.5192E-08 1.6640E-08 1.8176E-08 1.9770E-08 2.1406E-08 2.3045E-08 2.4639E-08 2.6154E-08 2.7443E-08 2.8504E-08 2.9173E-08
3.5099E-12 5.1660E-12 7.3394E-12 1.0227E-11 1.3520E-11 1.7312E-11 2.2044E-11 2.7066E-11 3.0894E-11 3.4548E-11 3.8433E-11 4.2505E-11 4.6830E-11 5.1391E-11 5.6162E-11 1.1595E-10 1.5243E-10 1.9077E-10 2.4008E-10 2.8863E-10 3.5141E-10 4.2192E-10 5.0760E-10 6.0302E-10 7.1617E-10 8.4540E-10 9.9613E-10 1.1678E-09 1.3693E-09 1.6010E-09 1.8804E-09 2.2012E-09 2.5648E-09 2.9872E-09 3.4506E-09 3.9659E-09 4.5627E-09 5.2303E-09 5.9746E-09 6.7806E-09 7.6970E-09 8.6920E-09 9.7694E-09 1.0964E-08 1.2236E-08 1.3623E-08 1.5110E-08 1.6727E-08 1.8440E-08 2.0263E-08 2.2166E-08 2.4103E-08 2.6048E-08 2.7843E-08 2.9490E-08 3.0769E-08 3.1808E-08
1.1705E-12 2.3305E-12 3.8788E-12 5.7912E-12 8.5929E-12 1.1620E-11 1.5418E-11 1.9983E-11 2.4486E-11 2.8238E-11 3.1284E-11 3.4532E-11 3.7971E-11 4.1584E-11 4.5349E-11 5.2726E-11 1.1312E-10 1.4831E-10 1.9438E-10 2.3918E-10 2.9449E-10 3.5434E-10 4.2866E-10 5.1153E-10 6.1066E-10 7.2301E-10 8.5728E-10 1.0108E-09 1.1908E-09 1.4010E-09 1.6549E-09 1.9506E-09 2.2881E-09 2.6837E-09 3.1193E-09 3.6146E-09 4.1761E-09 4.8192E-09 5.5413E-09 6.3379E-09 7.2334E-09 8.2258E-09 9.3141E-09 1.0533E-08 1.1861E-08 1.3312E-08 1.4905E-08 1.6651E-08 1.8549E-08 2.0597E-08 2.2755E-08 2.4974E-08 2.7185E-08 2.9350E-08 3.1214E-08 3.2988E-08 3.4151E-08
0.0000E+00 0.0000E+00 4.8770E-13 1.8064E-12 3.3702E-12 5.6295E-12 8.3821E-12 1.1941E-11 1.6004E-11 2.0604E-11 2.4543E-11 2.7706E-11 3.0482E-11 3.3309E-11 3.6243E-11 4.2294E-11 5.2252E-11 1.0995E-10 1.5005E-10 1.9061E-10 2.4249E-10 2.9481E-10 3.5894E-10 4.2856E-10 5.1388E-10 6.1367E-10 7.3031E-10 8.6597E-10 1.0264E-09 1.2132E-09 1.4429E-09 1.7124E-09 2.0223E-09 2.3889E-09 2.7936E-09 3.2573E-09 3.7861E-09 4.3971E-09 5.0885E-09 5.8649E-09 6.7294E-09 7.7070E-09 8.7987E-09 1.0019E-08 1.1376E-08 1.2884E-08 1.4573E-08 1.6430E-08 1.8492E-08 2.0740E-08 2.3114E-08 2.5589E-08 2.8135E-08 3.0473E-08 3.3188E-08 3.4571E-08 3.6036E-08
0.0000E+00 0.0000E+00 0.0000E+00 0.0000E+00 0.0000E+00 0.0000E+00 0.0000E+00 5.2802E-13 4.8633E-12 8.5321E-12 1.3237E-11 1.8399E-11 2.2543E-11 2.6035E-11 2.8618E-11 3.3579E-11 4.2377E-11 5.0254E-11 1.1134E-10 1.4521E-10 1.9114E-10 2.3995E-10 2.9577E-10 3.5540E-10 4.2898E-10 5.1399E-10 6.1541E-10 7.3494E-10 8.7479E-10 1.0401E-09 1.2454E-09 1.4885E-09 1.7698E-09 2.1055E-09 2.4767E-09 2.9045E-09 3.3963E-09 3.9699E-09 4.6233E-09 5.3658E-09 6.1940E-09 7.1432E-09 8.2153E-09 9.4308E-09 1.0801E-08 1.2341E-08 1.4088E-08 1.6048E-08 1.8255E-08 2.0634E-08 2.3208E-08 2.5851E-08 2.8541E-08 3.1684E-08 3.3614E-08 3.5648E-08 3.7511E-08
0.0000E+00 0.0000E+00 0.0000E+00 0.0000E+00 0.0000E+00 0.0000E+00 0.0000E+00 0.0000E+00 0.0000E+00 0.0000E+00 0.0000E+00 0.0000E+00 5.7285E-13 7.5452E-12 1.3324E-11 2.0990E-11 3.0694E-11 3.9218E-11 5.4849E-11 1.0700E-10 1.4432E-10 1.8542E-10 2.3754E-10 2.8933E-10 3.5148E-10 4.2615E-10 5.1197E-10 6.1615E-10 7.3597E-10 8.8132E-10 1.0631E-09 1.2797E-09 1.5316E-09 1.8339E-09 2.1717E-09 2.5619E-09 3.0160E-09 3.5442E-09 4.1532E-09 4.8515E-09 5.6452E-09 6.5451E-09 7.5856E-09 8.7762E-09 1.0138E-08 1.1693E-08 1.3481E-08 1.5521E-08 1.7780E-08 2.0286E-08 2.2942E-08 2.5749E-08 2.9098E-08 3.1442E-08 3.3868E-08 3.6225E-08 3.8466E-08
0.0000E+00 0.0000E+00 0.0000E+00 0.0000E+00 0.0000E+00 0.0000E+00 0.0000E+00 0.0000E+00 0.0000E+00 0.0000E+00 0.0000E+00 0.0000E+00 0.0000E+00 0.0000E+00 0.0000E+00 9.1880E-13 5.9215E-12 1.1915E-11 3.0335E-11 4.3167E-11 9.7706E-11 1.3394E-10 1.7851E-10 2.2412E-10 2.7802E-10 3.4315E-10 4.1639E-10 5.0574E-10 6.0856E-10 7.3411E-10 8.9334E-10 1.0851E-09 1.3085E-09 1.5760E-09 1.8782E-09 2.2304E-09 2.6448E-09 3.1255E-09 3.6845E-09 4.3332E-09 5.0763E-09 5.9255E-09 6.9196E-09 8.0723E-09 9.4080E-09 1.0949E-08 1.2757E-08 1.4799E-08 1.7103E-08 1.9615E-08 2.2364E-08 2.5206E-08 2.7999E-08 3.0767E-08 3.3495E-08 3.6238E-08 3.8960E-08
0.0000E+00 0.0000E+00 0.0000E+00 0.0000E+00 0.0000E+00 0.0000E+00 0.0000E+00 0.0000E+00 0.0000E+00 0.0000E+00 0.0000E+00 0.0000E+00 0.0000E+00 0.0000E+00 0.0000E+00 0.0000E+00 1.9643E-12 7.8476E-12 1.7983E-11 2.5602E-11 3.8276E-11 8.1321E-11 1.1521E-10 1.5827E-10 2.0403E-10 2.6031E-10 3.2489E-10 4.0216E-10 4.8966E-10 5.9721E-10 7.3540E-10 9.0210E-10 1.0996E-09 1.3339E-09 1.6010E-09 1.9140E-09 2.2859E-09 2.7201E-09 3.2230E-09 3.8177E-09 4.5046E-09 5.2970E-09 6.2348E-09 7.3329E-09 8.6221E-09 1.0125E-08 1.1880E-08 1.3914E-08 1.6143E-08 1.8727E-08 2.1358E-08 2.4082E-08 2.6881E-08 2.9736E-08 3.2689E-08 3.5793E-08 3.8860E-08
0.0000E+00 0.0000E+00 0.0000E+00 0.0000E+00 0.0000E+00 0.0000E+00 0.0000E+00 0.0000E+00 0.0000E+00 0.0000E+00 0.0000E+00 0.0000E+00 0.0000E+00 0.0000E+00 0.0000E+00 0.0000E+00 0.0000E+00 3.6994E-13 9.8472E-12 2.0093E-11 3.1613E-11 4.1852E-11 8.0487E-11 1.0810E-10 1.4710E-10 1.9376E-10 2.4720E-10 3.1202E-10 3.8679E-10 4.7799E-10 5.9685E-10 7.4060E-10 9.1327E-10 1.1178E-09 1.3486E-09 1.6218E-09 1.9476E-09 2.3374E-09 2.7838E-09 3.3202E-09 3.9463E-09 4.6775E-09 5.5464E-09 6.5802E-09 7.7991E-09 9.2283E-09 1.0934E-08 1.2842E-08 1.5184E-08 1.7418E-08 1.9901E-08 2.2548E-08 2.5308E-08 2.8276E-08 3.1448E-08 3.4798E-08 3.8105E-08
0.0000E+00 0.0000E+00 0.0000E+00 0.0000E+00 0.0000E+00 0.0000E+00 0.0000E+00 0.0000E+00 0.0000E+00 0.0000E+00 0.0000E+00 0.0000E+00 0.0000E+00 0.0000E+00 0.0000E+00 0.0000E+00 0.0000E+00 0.0000E+00 4.7877E-14 3.8778E-12 2.0453E-11 3.3992E-11 4.5036E-11 7.4176E-11 1.0086E-10 1.4095E-10 1.8657E-10 2.3960E-10 3.0498E-10 3.7962E-10 4.8135E-10 6.0259E-10 7.5110E-10 9.2707E-10 1.1214E-09 1.3590E-09 1.6377E-09 1.9799E-09 2.3750E-09 2.8497E-09 3.4104E-09 4.0746E-09 4.8717E-09 5.8184E-09 6.9493E-09 8.2703E-09 9.8302E-09 1.1848E-08 1.3674E-08 1.5814E-08 1.8167E-08 2.0669E-08 2.3435E-08 2.6450E-08 2.9759E-08 3.3220E-08 3.6710E-08
0.0000E+00 0.0000E+00 0.0000E+00 0.0000E+00 0.0000E+00 0.0000E+00 0.0000E+00 0.0000E+00 0.0000E+00 0.0000E+00 0.0000E+00 0.0000E+00 0.0000E+00 0.0000E+00 0.0000E+00 0.0000E+00 0.0000E+00 0.0000E+00 0.0000E+00 0.0000E+00 1.1525E-12 1.0161E-11 3.2050E-11 4.3854E-11 6.6716E-11 9.1380E-11 1.3462E-10 1.7870E-10 2.3060E-10 2.9497E-10 3.7821E-10 4.8384E-10 6.0904E-10 7.5781E-10 9.1895E-10 1.1202E-09 1.3596E-09 1.6526E-09 1.9944E-09 2.4117E-09 2.9082E-09 3.5029E-09 4.2120E-09 5.0677E-09 6.0843E-09 7.2868E-09 8.8771E-09 1.0363E-08 1.2112E-08 1.4056E-08 1.6211E-08 1.8626E-08 2.1323E-08 2.4325E-08 2.7632E-08 3.1098E-08 3.4724E-08
0.0000E+00 0.0000E+00 0.0000E+00 0.0000E+00 0.0000E+00 0.0000E+00 0.0000E+00 0.0000E+00 0.0000E+00 0.0000E+00 0.0000E+00 0.0000E+00 0.0000E+00 0.0000E+00 0.0000E+00 0.0000E+00 0.0000E+00 0.0000E+00 0.0000E+00 0.0000E+00 0.0000E+00 0.0000E+00 2.6902E-12 1.7452E-11 3.8326E-11 5.8765E-11 8.1286E-11 1.2381E-10 1.6960E-10 2.1672E-10 2.9251E-10 3.7723E-10 4.8577E-10 6.1004E-10 7.4350E-10 9.0662E-10 1.1093E-09 1.3569E-09 1.6523E-09 2.0053E-09 2.4443E-09 2.9617E-09 3.5887E-09 4.3337E-09 5.2401E-09 6.2917E-09 7.5045E-09 8.8943E-09 1.0458E-08 1.2211E-08 1.4213E-08 1.6476E-08 1.9035E-08 2.1945E-08 2.5128E-08 2.8533E-08 3.2254E-08
0.0000E+00 0.0000E+00 0.0000E+00 0.0000E+00 0.0000E+00 0.0000E+00 0.0000E+00 0.0000E+00 0.0000E+00 0.0000E+00 0.0000E+00 0.0000E+00 0.0000E+00 0.0000E+00 0.0000E+00 0.0000E+00 0.0000E+00 0.0000E+00 0.0000E+00 0.0000E+00 0.0000E+00 0.0000E+00 0.0000E+00 0.0000E+00 4.5622E-12 2.2478E-11 4.7850E-11 7.3037E-11 1.1187E-10 1.5954E-10 2.1211E-10 2.8607E-10 3.7553E-10 4.8301E-10 5.9174E-10 7.2234E-10 8.8915E-10 1.0939E-09 1.3453E-09 1.6444E-09 2.0133E-09 2.4538E-09 2.9958E-09 3.6531E-09 4.4127E-09 5.2874E-09 6.3160E-09 7.4989E-09 8.8628E-09 1.0418E-08 1.2215E-08 1.4282E-08 1.6660E-08 1.9367E-08 2.2344E-08 2.5635E-08 2.9479E-08
0.0000E+00 0.0000E+00 0.0000E+00 0.0000E+00 0.0000E+00 0.0000E+00 0.0000E+00 0.0000E+00 0.0000E+00 0.0000E+00 0.0000E+00 0.0000E+00 0.0000E+00 0.0000E+00 0.0000E+00 0.0000E+00 0.0000E+00 0.0000E+00 0.0000E+00 0.0000E+00 0.0000E+00 0.0000E+00 0.0000E+00 0.0000E+00 0.0000E+00 0.0000E+00 5.1976E-12 2.6484E-11 5.6805E-11 9.8281E-11 1.5219E-10 2.0733E-10 2.7771E-10 3.7537E-10 4.6328E-10 5.6783E-10 6.9902E-10 8.6980E-10 1.0770E-09 1.3258E-09 1.6358E-09 1.9994E-09 2.4646E-09 2.9967E-09 3.6159E-09 4.3379E-09 5.1883E-09 6.1912E-09 7.3607E-09 8.7008E-09 1.0279E-08 1.2122E-08 1.4256E-08 1.6687E-08 1.9418E-08 2.2554E-08 2.7209E-08
0.0000E+00 0.0000E+00 0.0000E+00 0.0000E+00 0.0000E+00 0.0000E+00 0.0000E+00 0.0000E+00 0.0000E+00 0.0000E+00 0.0000E+00 0.0000E+00 0.0000E+00 0.0000E+00 0.0000E+00 0.0000E+00 0.0000E+00 0.0000E+00 0.0000E+00 0.0000E+00 0.0000E+00 0.0000E+00 0.0000E+00 0.0000E+00 0.0000E+00 0.0000E+00 0.0000E+00 0.0000E+00 6.5174E-12 3.1312E-11 8.5400E-11 1.3956E-10 1.9670E-10 2.6859E-10 3.5591E-10 4.4023E-10 5.4209E-10 6.7623E-10 8.4573E-10 1.0473E-09 1.2969E-09 1.6308E-09 1.9560E-09 2.3596E-09 2.8948E-09 3.4732E-09 4.1726E-09 5.0033E-09 5.9793E-09 7.1109E-09 8.4593E-09 1.0040E-08 1.1893E-08 1.4021E-08 1.6472E-08 1.9488E-08 2.6189E-08
0.0000E+00 0.0000E+00 0.0000E+00 0.0000E+00 0.0000E+00 0.0000E+00 0.0000E+00 0.0000E+00 0.0000E+00 0.0000E+00 0.0000E+00 0.0000E+00 0.0000E+00 0.0000E+00 0.0000E+00 0.0000E+00 0.0000E+00 0.0000E+00 0.0000E+00 0.0000E+00 0.0000E+00 0.0000E+00 0.0000E+00 0.0000E+00 0.0000E+00 0.0000E+00 0.0000E+00 0.0000E+00 0.0000E+00 0.0000E+00 1.4946E-11 6.0762E-11 1.1666E-10 1.8065E-10 2.4441E-10 3.3023E-10 4.1606E-10 5.1610E-10 6.4928E-10 8.1066E-10 1.0325E-09 1.2473E-09 1.5175E-09 1.8445E-09 2.2007E-09 2.7232E-09 3.2828E-09 3.9544E-09 4.7482E-09 5.6704E-09 6.7877E-09 8.1084E-09 9.6634E-09 1.1471E-08 1.3644E-08 1.6898E-08 2.4131E-08
0.0000E+00 0.0000E+00 0.0000E+00 0.0000E+00 0.0000E+00 0.0000E+00 0.0000E+00 0.0000E+00 0.0000E+00 0.0000E+00 0.0000E+00 0.0000E+00 0.0000E+00 0.0000E+00 0.0000E+00 0.0000E+00 0.0000E+00 0.0000E+00 0.0000E+00 0.0000E+00 0.0000E+00 0.0000E+00 0.0000E+00 0.0000E+00 0.0000E+00 0.0000E+00 0.0000E+00 0.0000E+00 0.0000E+00 0.0000E+00 4.6560E-12 1.2551E-11 4.0626E-11 9.0714E-11 1.5053E-10 2.0785E-10 2.9074E-10 3.8072E-10 4.8241E-10 6.1575E-10 7.5637E-10 9.3703E-10 1.1445E-09 1.3979E-09 1.6860E-09 2.0079E-09 2.5245E-09 3.0519E-09 3.6745E-09 4.4060E-09 5.3039E-09 6.3617E-09 7.6260E-09 9.1360E-09 1.1098E-08 1.4914E-08 2.1396E-08
0.0000E+00 0.0000E+00 0.0000E+00 0.0000E+00 0.0000E+00 0.0000E+00 0.0000E+00 0.0000E+00 0.0000E+00 0.0000E+00 0.0000E+00 0.0000E+00 0.0000E+00 0.0000E+00 0.0000E+00 0.0000E+00 0.0000E+00 0.0000E+00 0.0000E+00 0.0000E+00 0.0000E+00 0.0000E+00 0.0000E+00 0.0000E+00 0.0000E+00 0.0000E+00 0.0000E+00 0.0000E+00 0.0000E+00 0.0000E+00 2.3184E-12 9.0916E-12 1.8735E-11 4.4180E-11 6.9942E-11 1.1852E-10 1.7091E-10 2.4061E-10 3.3191E-10 4.2904E-10 5.5029E-10 6.7893E-10 8.4278E-10 1.0254E-09 1.2607E-09 1.5072E-09 1.7873E-09 2.2960E-09 2.7705E-09 3.3277E-09 4.0202E-09 4.8473E-09 5.8432E-09 7.0769E-09 9.0129E-09 1.2585E-08 1.6273E-08
0.0000E+00 0.0000E+00 0.0000E+00 0.0000E+00 0.0000E+00 0.0000E+00 0.0000E+00 0.0000E+00 0.0000E+00 0.0000E+00 0.0000E+00 0.0000E+00 0.0000E+00 0.0000E+00 0.0000E+00 0.0000E+00 0.0000E+00 0.0000E+00 0.0000E+00 0.0000E+00 0.0000E+00 0.0000E+00 0.0000E+00 0.0000E+00 0.0000E+00 0.0000E+00 0.0000E+00 0.0000E+00 0.0000E+00 0.0000E+00 2.2223E-13 4.4934E-12 1.3300E-11 2.4875E-11 4.8907E-11 6.6536E-11 1.0245E-10 1.4413E-10 1.9189E-10 2.7120E-10 3.5509E-10 4.6398E-10 5.8278E-10 7.2821E-10 8.9538E-10 1.1010E-09 1.3075E-09 1.5413E-09 2.0256E-09 2.4258E-09 2.9505E-09 3.5662E-09 4.3334E-09 5.4240E-09 7.2619E-09 1.0227E-08 1.1870E-08
0.0000E+00 0.0000E+00 0.0000E+00 0.0000E+00 0.0000E+00 0.0000E+00 0.0000E+00 0.0000E+00 0.0000E+00 0.0000E+00 0.0000E+00 0.0000E+00 0.0000E+00 0.0000E+00 0.0000E+00 0.0000E+00 0.0000E+00 0.0000E+00 0.0000E+00 0.0000E+00 0.0000E+00 0.0000E+00 0.0000E+00 0.0000E+00 0.0000E+00 0.0000E+00 0.0000E+00 0.0000E+00 0.0000E+00 0.0000E+00 0.0000E+00 8.0340E-13 6.1989E-12 1.6589E-11 2.7847E-11 4.6700E-11 6.5399E-11 9.1940E-11 1.2232E-10 1.5922E-10 2.1768E-10 2.6958E-10 3.7015E-10 4.5985E-10 5.9735E-10 7.3718E-10 9.1736E-10 1.0840E-09 1.2666E-09 1.7043E-09 2.0645E-09 2.5244E-09 3.1082E-09 4.1118E-09 5.5006E-09 7.1992E-09 8.4729E-09
0.0000E+00 0.0000E+00 0.0000E+00 0.0000E+00 0.0000E+00 0.0000E+00 0.0000E+00 0.0000E+00 0.0000E+00 0.0000E+00 0.0000E+00 0.0000E+00 0.0000E+00 0.0000E+00 0.0000E+00 0.0000E+00 0.0000E+00 0.0000E+00 0.0000E+00 0.0000E+00 0.0000E+00 0.0000E+00 0.0000E+00 0.0000E+00 0.0000E+00 0.0000E+00 0.0000E+00 0.0000E+00 0.0000E+00 0.0000E+00 0.0000E+00 0.0000E+00 1.1932E-12 7.4954E-12 1.8658E-11 2.7541E-11 4.1490E-11 5.6752E-11 7.7649E-11 1.0602E-10 1.3082E-10 1.7491E-10 2.0656E-10 2.6401E-10 3.4632E-10 4.5563E-10 5.6404E-10 7.2846E-10 8.5247E-10 9.8474E-10 1.3721E-09 1.6861E-09 2.1108E-09 2.7273E-09 3.7671E-09 4.6574E-09 5.7216E-09
0.0000E+00 0.0000E+00 0.0000E+00 0.0000E+00 0.0000E+00 0.0000E+00 0.0000E+00 0.0000E+00 0.0000E+00 0.0000E+00 0.0000E+00 0.0000E+00 0.0000E+00 0.0000E+00 0.0000E+00 0.0000E+00 0.0000E+00 0.0000E+00 0.0000E+00 0.0000E+00 0.0000E+00 0.0000E+00 0.0000E+00 0.0000E+00 0.0000E+00 0.0000E+00 0.0000E+00 0.0000E+00 0.0000E+00 0.0000E+00 0.0000E+00 0.0000E+00 0.0000E+00 0.0000E+00 3.7399E-12 1.1215E-11 1.8089E-11 2.6067E-11 3.6829E-11 5.2688E-11 7.4408E-11 9.5356E-11 1.2598E-10 1.4789E-10 1.6772E-10 2.2877E-10 2.7359E-10 3.8640E-10 4.8098E-10 6.1274E-10 7.0166E-10 1.0264E-09 1.3088E-09 1.6953E-09 2.2317E-09 2.8931E-09 3.7501E-09
0.0000E+00 0.0000E+00 0.0000E+00 0.0000E+00 0.0000E+00 0.0000E+00 0.0000E+00 0.0000E+00 0.0000E+00 0.0000E+00 0.0000E+00 0.0000E+00 0.0000E+00 0.0000E+00 0.0000E+00 0.0000E+00 0.0000E+00 0.0000E+00 0.0000E+00 0.0000E+00 0.0000E+00 0.0000E+00 0.0000E+00 0.0000E+00 0.0000E+00 0.0000E+00 0.0000E+00 0.0000E+00 0.0000E+00 0.0000E+00 0.0000E+00 0.0000E+00 0.0000E+00 0.0000E+00 0.0000E+00 0.0000E+00 2.0392E-12 3.1701E-12 5.8831E-12 1.1688E-11 1.9572E-11 3.3348E-11 4.8987E-11 6.9844E-11 8.6721E-11 9.9207E-11 1.0925E-10 1.2736E-10 1.7101E-10 2.4824E-10 3.5247E-10 4.3642E-10 7.5223E-10 1.0632E-09 1.4386E-09 1.9347E-09 2.5987E-09
0.0000E+00 0.0000E+00 0.0000E+00 0.0000E+00 0.0000E+00 0.0000E+00 0.0000E+00 0.0000E+00 0.0000E+00 0.0000E+00 0.0000E+00 0.0000E+00 0.0000E+00 0.0000E+00 0.0000E+00 0.0000E+00 0.0000E+00 0.0000E+00 0.0000E+00 0.0000E+00 0.0000E+00 0.0000E+00 0.0000E+00 0.0000E+00 0.0000E+00 0.0000E+00 0.0000E+00 0.0000E+00 0.0000E+00 0.0000E+00 0.0000E+00 0.0000E+00 0.0000E+00 0.0000E+00 0.0000E+00 0.0000E+00 0.0000E+00 0.0000E+00 0.0000E+00 2.5883E-14 1.3249E-12 5.0999E-12 1.2148E-11 2.3164E-11 3.8239E-11 5.3821E-11 6.7638E-11 7.7978E-11 8.5595E-11 9.0780E-11 1.3463E-10 1.6612E-10 2.5467E-10 5.3218E-10 8.9513E-10 1.2831E-09 1.7854E-09
0.0000E+00 0.0000E+00 0.0000E+00 0.0000E+00 0.0000E+00 0.0000E+00 0.0000E+00 0.0000E+00 0.0000E+00 0.0000E+00 0.0000E+00 0.0000E+00 0.0000E+00 0.0000E+00 0.0000E+00 0.0000E+00 0.0000E+00 0.0000E+00 0.0000E+00 0.0000E+00 0.0000E+00 0.0000E+00 0.0000E+00 0.0000E+00 0.0000E+00 0.0000E+00 0.0000E+00 0.0000E+00 0.0000E+00 0.0000E+00 0.0000E+00 0.0000E+00 0.0000E+00 0.0000E+00 0.0000E+00 0.0000E+00 0.0000E+00 0.0000E+00 0.0000E+00 0.0000E+00 0.0000E+00 0.0000E+00 4.7872E-13 2.2690E-12 5.9863E-12 1.2160E-11 2.0866E-11 3.0341E-11 3.9202E-11 4.6852E-11 5.1819E-11 5.4749E-11 8.6969E-11 1.1507E-10 3.4475E-10 6.9756E-10 1.1054E-09
