Assets/Resources/2015_m01_d14_1000(utc+0800)_l00_csi_1hr_conc.grd
DSAA
         159         159
     -79.000      79.000
     -79.000      79.000
  0.0000E+00  0.8860E-06
[rows 75 to 99 of 159, columns 0 to 56 of 159]
1.0463E-09 1.0807E-09 1.1182E-09 1.1566E-09 1.1923E-09 1.2322E-09 1.2779E-09 1.3177E-09 1.3607E-09 1.4002E-09 1.4401E-09 1.4804E-09 1.5210E-09 1.5618E-09 1.6067E-09 1.6503E-09 1.6942E-09 1.7367E-09 1.7822E-09 1.8275E-09 1.8724E-09 1.9183E-09 1.9612E-09 2.0040E-09 2.0462E-09 2.0881E-09 2.1294E-09 2.1698E-09 2.2096E-09 2.2484E-09 2.2926E-09 2.3366E-09 2.3872E-09 2.4394E-09 2.4897E-09 2.5519E-09 2.6236E-09 2.7053E-09 2.8042E-09 2.8850E-09 2.9663E-09 3.0485E-09 3.1285E-09 3.2125E-09 3.3007E-09 3.3930E-09 3.5142E-09 3.6325E-09 3.7575E-09 3.9100E-09 4.0498E-09 4.1865E-09 4.3281E-09 4.4720E-09 4.6177E-09 4.7648E-09 4.9076E-09
9.8151E-10 1.0165E-09 1.0518E-09 1.0879E-09 1.1214E-09 1.1590E-09 1.1973E-09 1.2367E-09 1.2786E-09 1.3163E-09 1.3537E-09 1.3914E-09 1.4293E-09 1.4675E-09 1.5059E-09 1.5464E-09 1.5882E-09 1.6285E-09 1.6699E-09 1.7126E-09 1.7549E-09 1.7974E-09 1.8385E-09 1.8780E-09 1.9172E-09 1.9556E-09 1.9936E-09 2.0307E-09 2.0672E-09 2.1028E-09 2.1373E-09 2.1731E-09 2.2130E-09 2.2532E-09 2.3024E-09 2.3502E-09 2.4084E-09 2.4736E-09 2.5468E-09 2.6422E-09 2.7156E-09 2.7877E-09 2.8613E-09 2.9391E-09 3.0141E-09 3.0922E-09 3.1736E-09 3.2707E-09 3.3738E-09 3.4819E-09 3.6165E-09 3.7365E-09 3.8597E-09 3.9788E-09 4.0983E-09 4.2167E-09 4.3364E-09
9.1980E-10 9.4893E-10 9.8679E-10 1.0213E-09 1.0527E-09 1.0879E-09 1.1239E-09 1.1569E-09 1.1967E-09 1.2335E-09 1.2699E-09 1.3051E-09 1.3406E-09 1.3762E-09 1.4120E-09 1.4479E-09 1.4839E-09 1.5240E-09 1.5611E-09 1.5988E-09 1.6397E-09 1.6797E-09 1.7187E-09 1.7564E-09 1.7924E-09 1.8277E-09 1.8625E-09 1.8967E-09 1.9299E-09 1.9625E-09 1.9941E-09 2.0247E-09 2.0568E-09 2.0877E-09 2.1228E-09 2.1625E-09 2.2106E-09 2.2587E-09 2.3252E-09 2.3941E-09 2.4752E-09 2.5458E-09 2.6080E-09 2.6728E-09 2.7479E-09 2.8137E-09 2.8819E-09 2.9525E-09 3.0264E-09 3.1147E-09 3.2067E-09 3.3144E-09 3.4251E-09 3.5273E-09 3.6240E-09 3.7294E-09 3.8242E-09
8.6219E-10 8.8945E-10 9.1997E-10 9.5565E-10 9.8632E-10 1.0193E-09 1.0530E-09 1.0838E-09 1.1188E-09 1.1513E-09 1.1868E-09 1.2210E-09 1.2548E-09 1.2881E-09 1.3214E-09 1.3549E-09 1.3885E-09 1.4218E-09 1.4571E-09 1.4921E-09 1.5267E-09 1.5647E-09 1.6021E-09 1.6392E-09 1.6724E-09 1.7049E-09 1.7367E-09 1.7680E-09 1.7984E-09 1.8282E-09 1.8569E-09 1.8847E-09 1.9115E-09 1.9375E-09 1.9622E-09 1.9922E-09 2.0255E-09 2.0665E-09 2.1134E-09 2.1757E-09 2.2454E-09 2.3131E-09 2.3739E-09 2.4280E-09 2.4841E-09 2.5502E-09 2.6134E-09 2.6720E-09 2.7321E-09 2.7947E-09 2.8584E-09 2.9353E-09 3.0251E-09 3.1185E-09 3.1939E-09 3.2804E-09 3.3569E-09
8.0669E-10 8.3212E-10 8.6068E-10 8.8984E-10 9.1966E-10 9.5179E-10 9.8469E-10 1.0134E-09 1.0461E-09 1.0756E-09 1.1054E-09 1.1379E-09 1.1701E-09 1.2025E-09 1.2343E-09 1.2654E-09 1.2965E-09 1.3274E-09 1.3581E-09 1.3897E-09 1.4218E-09 1.4532E-09 1.4883E-09 1.5228E-09 1.5565E-09 1.5873E-09 1.6166E-09 1.6450E-09 1.6730E-09 1.6999E-09 1.7260E-09 1.7512E-09 1.7755E-09 1.7987E-09 1.8206E-09 1.8413E-09 1.8646E-09 1.8960E-09 1.9308E-09 1.9679E-09 2.0242E-09 2.0910E-09 2.1469E-09 2.1954E-09 2.2495E-09 2.2975E-09 2.3550E-09 2.4089E-09 2.4645E-09 2.5148E-09 2.5660E-09 2.6164E-09 2.6689E-09 2.7441E-09 2.8135E-09 2.8826E-09 2.9508E-09
7.5143E-10 7.7657E-10 8.0370E-10 8.3092E-10 8.5589E-10 8.8566E-10 9.1700E-10 9.4510E-10 9.7631E-10 1.0038E-09 1.0315E-09 1.0593E-09 1.0890E-09 1.1191E-09 1.1493E-09 1.1789E-09 1.2085E-09 1.2372E-09 1.2654E-09 1.2936E-09 1.3212E-09 1.3506E-09 1.3789E-09 1.4112E-09 1.4433E-09 1.4734E-09 1.5020E-09 1.5280E-09 1.5534E-09 1.5778E-09 1.6015E-09 1.6244E-09 1.6462E-09 1.6671E-09 1.6868E-09 1.7051E-09 1.7222E-09 1.7399E-09 1.7656E-09 1.7968E-09 1.8282E-09 1.8742E-09 1.9399E-09 1.9903E-09 2.0254E-09 2.0743E-09 2.1067E-09 2.1566E-09 2.2087E-09 2.2538E-09 2.3000E-09 2.3410E-09 2.3814E-09 2.4239E-09 2.4641E-09 2.5310E-09 2.5848E-09
6.9867E-10 7.2194E-10 7.4818E-10 7.7399E-10 7.9769E-10 8.2405E-10 8.5094E-10 8.7844E-10 9.0818E-10 9.3436E-10 9.6079E-10 9.8666E-10 1.0126E-09 1.0387E-09 1.0675E-09 1.0949E-09 1.1229E-09 1.1501E-09 1.1761E-09 1.2029E-09 1.2285E-09 1.2535E-09 1.2782E-09 1.3044E-09 1.3338E-09 1.3636E-09 1.3906E-09 1.4162E-09 1.4400E-09 1.4622E-09 1.4836E-09 1.5042E-09 1.5239E-09 1.5426E-09 1.5601E-09 1.5765E-09 1.5915E-09 1.6051E-09 1.6176E-09 1.6400E-09 1.6642E-09 1.6918E-09 1.7248E-09 1.7864E-09 1.8356E-09 1.8636E-09 1.8913E-09 1.9257E-09 1.9687E-09 2.0122E-09 2.0487E-09 2.0863E-09 2.1247E-09 2.1567E-09 2.1899E-09 2.2201E-09 2.2624E-09
6.5030E-10 6.7044E-10 6.9320E-10 7.1871E-10 7.4119E-10 7.6618E-10 7.9176E-10 8.1434E-10 8.4189E-10 8.6684E-10 8.9206E-10 9.1670E-10 9.4152E-10 9.6567E-10 9.8984E-10 1.0158E-09 1.0410E-09 1.0658E-09 1.0906E-09 1.1151E-09 1.1395E-09 1.1634E-09 1.1861E-09 1.2084E-09 1.2309E-09 1.2563E-09 1.2847E-09 1.3085E-09 1.3309E-09 1.3529E-09 1.3723E-09 1.3908E-09 1.4084E-09 1.4251E-09 1.4407E-09 1.4552E-09 1.4685E-09 1.4804E-09 1.4908E-09 1.4997E-09 1.5142E-09 1.5353E-09 1.5567E-09 1.5851E-09 1.6326E-09 1.6825E-09 1.7065E-09 1.7283E-09 1.7474E-09 1.7770E-09 1.8214E-09 1.8526E-09 1.8833E-09 1.9141E-09 1.9376E-09 1.9612E-09 1.9879E-09
6.0283E-10 6.2243E-10 6.4409E-10 6.6571E-10 6.8702E-10 7.1075E-10 7.3447E-10 7.5589E-10 7.8059E-10 8.0283E-10 8.2613E-10 8.4968E-10 8.7260E-10 8.9563E-10 9.1887E-10 9.4102E-10 9.6318E-10 9.8687E-10 1.0097E-09 1.0324E-09 1.0545E-09 1.0766E-09 1.0990E-09 1.1194E-09 1.1390E-09 1.1582E-09 1.1796E-09 1.2067E-09 1.2274E-09 1.2461E-09 1.2664E-09 1.2840E-09 1.2998E-09 1.3146E-09 1.3285E-09 1.3413E-09 1.3529E-09 1.3633E-09 1.3723E-09 1.3796E-09 1.3852E-09 1.3927E-09 1.4090E-09 1.4273E-09 1.4486E-09 1.4837E-09 1.5272E-09 1.5518E-09 1.5704E-09 1.5849E-09 1.6002E-09 1.6387E-09 1.6637E-09 1.6897E-09 1.7061E-09 1.7304E-09 1.7456E-09
5.5691E-10 5.7602E-10 5.9606E-10 6.1712E-10 6.3579E-10 6.5721E-10 6.8028E-10 7.0007E-10 7.2297E-10 7.4336E-10 7.6388E-10 7.8560E-10 8.0672E-10 8.2877E-10 8.5013E-10 8.7148E-10 8.9166E-10 9.1275E-10 9.3349E-10 9.5424E-10 9.7461E-10 9.9477E-10 1.0146E-09 1.0355E-09 1.0536E-09 1.0709E-09 1.0876E-09 1.1038E-09 1.1291E-09 1.1468E-09 1.1630E-09 1.1818E-09 1.1968E-09 1.2110E-09 1.2232E-09 1.2345E-09 1.2447E-09 1.2536E-09 1.2613E-09 1.2674E-09 1.2718E-09 1.2744E-09 1.2763E-09 1.2853E-09 1.2987E-09 1.3143E-09 1.3371E-09 1.3767E-09 1.4012E-09 1.4151E-09 1.4290E-09 1.4414E-09 1.4587E-09 1.4860E-09 1.5057E-09 1.5152E-09 1.5309E-09
5.1551E-10 5.3173E-10 5.5074E-10 5.7024E-10 5.8802E-10 6.0784E-10 6.2810E-10 6.4690E-10 6.6866E-10 6.8748E-10 7.0645E-10 7.2552E-10 7.4548E-10 7.6517E-10 7.8547E-10 8.0511E-10 8.2364E-10 8.4298E-10 8.6283E-10 8.8092E-10 8.9970E-10 9.1794E-10 9.3601E-10 9.5344E-10 9.7146E-10 9.8907E-10 1.0040E-09 1.0183E-09 1.0319E-09 1.0514E-09 1.0694E-09 1.0832E-09 1.0985E-09 1.1121E-09 1.1239E-09 1.1346E-09 1.1435E-09 1.1513E-09 1.1576E-09 1.1623E-09 1.1656E-09 1.1668E-09 1.1663E-09 1.1645E-09 1.1670E-09 1.1748E-09 1.1855E-09 1.2000E-09 1.2318E-09 1.2553E-09 1.2683E-09 1.2805E-09 1.2866E-09 1.2961E-09 1.3167E-09 1.3335E-09 1.3376E-09
4.7561E-10 4.9103E-10 5.0814E-10 5.2614E-10 5.4254E-10 5.6090E-10 5.8020E-10 5.9696E-10 6.1654E-10 6.3497E-10 6.5246E-10 6.7008E-10 6.8779E-10 7.0559E-10 7.2404E-10 7.4203E-10 7.6000E-10 7.7757E-10 7.9516E-10 8.1393E-10 8.3022E-10 8.4597E-10 8.6235E-10 8.7839E-10 8.9364E-10 9.0951E-10 9.2466E-10 9.3839E-10 9.5069E-10 9.6231E-10 9.7672E-10 9.9448E-10 1.0058E-09 1.0189E-09 1.0302E-09 1.0397E-09 1.0482E-09 1.0556E-09 1.0607E-09 1.0638E-09 1.0657E-09 1.0663E-09 1.0653E-09 1.0629E-09 1.0593E-09 1.0565E-09 1.0589E-09 1.0645E-09 1.0725E-09 1.0901E-09 1.1110E-09 1.1274E-09 1.1395E-09 1.1435E-09 1.1507E-09 1.1511E-09 1.1628E-09
4.3813E-10 4.5239E-10 4.6817E-10 4.8486E-10 4.9944E-10 5.1686E-10 5.3473E-10 5.5021E-10 5.6829E-10 5.8419E-10 6.0081E-10 6.1816E-10 6.3464E-10 6.5088E-10 6.6723E-10 6.8327E-10 7.0025E-10 7.1639E-10 7.3245E-10 7.4832E-10 7.6444E-10 7.8055E-10 7.9440E-10 8.0794E-10 8.2178E-10 8.3517E-10 8.4787E-10 8.6206E-10 8.7475E-10 8.8514E-10 8.9488E-10 9.0500E-10 9.2062E-10 9.3086E-10 9.4208E-10 9.5123E-10 9.5842E-10 9.6416E-10 9.6802E-10 9.6968E-10 9.7134E-10 9.7182E-10 9.7158E-10 9.6895E-10 9.6492E-10 9.5989E-10 9.5359E-10 9.5056E-10 9.5200E-10 9.5569E-10 9.6450E-10 9.7766E-10 9.9090E-10 9.9985E-10 1.0063E-09 1.0127E-09 1.0115E-09
4.0313E-10 4.1574E-10 4.3079E-10 4.4621E-10 4.6015E-10 4.7576E-10 4.9120E-10 5.0646E-10 5.2371E-10 5.3840E-10 5.5319E-10 5.6806E-10 5.8479E-10 5.9975E-10 6.1475E-10 6.2969E-10 6.4422E-10 6.5938E-10 6.7387E-10 6.8830E-10 7.0225E-10 7.1682E-10 7.3197E-10 7.4400E-10 7.5576E-10 7.6669E-10 7.7809E-10 7.8803E-10 8.0143E-10 8.1147E-10 8.2179E-10 8.2978E-10 8.3700E-10 8.4865E-10 8.5804E-10 8.6519E-10 8.7235E-10 8.7804E-10 8.8081E-10 8.8279E-10 8.8259E-10 8.8245E-10 8.8073E-10 8.8041E-10 8.7760E-10 8.7266E-10 8.6650E-10 8.5878E-10 8.5154E-10 8.4852E-10 8.4844E-10 8.5167E-10 8.5848E-10 8.6550E-10 8.7285E-10 8.7494E-10 8.8066E-10
3.6987E-10 3.8207E-10 3.9547E-10 4.0919E-10 4.2252E-10 4.3742E-10 4.5219E-10 4.6524E-10 4.8116E-10 4.9567E-10 5.0933E-10 5.2305E-10 5.3680E-10 5.5166E-10 5.6581E-10 5.7945E-10 5.9219E-10 6.0545E-10 6.2028E-10 6.3232E-10 6.4517E-10 6.5742E-10 6.6949E-10 6.8273E-10 6.9483E-10 7.0466E-10 7.1403E-10 7.2289E-10 7.3116E-10 7.4198E-10 7.5131E-10 7.5993E-10 7.6697E-10 7.7241E-10 7.7924E-10 7.8695E-10 7.9167E-10 7.9638E-10 8.0048E-10 8.0155E-10 8.0197E-10 8.0023E-10 7.9857E-10 7.9532E-10 7.9371E-10 7.8975E-10 7.8447E-10 7.7887E-10 7.7112E-10 7.6272E-10 7.5578E-10 7.5178E-10 7.5039E-10 7.5159E-10 7.5444E-10 7.5735E-10 7.5836E-10
3.3773E-10 3.5002E-10 3.6295E-10 3.7622E-10 3.8753E-10 4.0128E-10 4.1537E-10 4.2788E-10 4.4212E-10 4.5448E-10 4.6746E-10 4.8120E-10 4.9373E-10 5.0629E-10 5.1862E-10 5.3263E-10 5.4496E-10 5.5627E-10 5.6813E-10 5.8074E-10 5.9262E-10 6.0288E-10 6.1372E-10 6.2420E-10 6.3574E-10 6.4610E-10 6.5524E-10 6.6315E-10 6.7055E-10 6.7734E-10 6.8554E-10 6.9319E-10 6.9928E-10 7.0423E-10 7.0849E-10 7.1257E-10 7.1833E-10 7.2151E-10 7.2417E-10 7.2582E-10 7.2653E-10 7.2468E-10 7.2273E-10 7.1976E-10 7.1498E-10 7.1192E-10 7.0740E-10 7.0189E-10 6.9627E-10 6.8876E-10 6.8059E-10 6.7174E-10 6.6394E-10 6.5933E-10 6.5679E-10 6.5616E-10 6.5579E-10
3.0880E-10 3.1914E-10 3.3218E-10 3.4442E-10 3.5475E-10 3.6821E-10 3.8071E-10 3.9219E-10 4.0630E-10 4.1771E-10 4.2916E-10 4.4063E-10 4.5375E-10 4.6510E-10 4.7648E-10 4.8697E-10 4.9972E-10 5.1049E-10 5.2121E-10 5.3173E-10 5.4290E-10 5.5338E-10 5.6270E-10 5.7120E-10 5.7899E-10 5.9008E-10 5.9906E-10 6.0680E-10 6.1405E-10 6.1998E-10 6.2532E-10 6.3078E-10 6.3654E-10 6.4072E-10 6.4432E-10 6.4729E-10 6.4954E-10 6.5183E-10 6.5555E-10 6.5701E-10 6.5646E-10 6.5499E-10 6.5313E-10 6.5013E-10 6.4623E-10 6.4041E-10 6.3647E-10 6.3134E-10 6.2578E-10 6.1922E-10 6.1283E-10 6.0505E-10 5.9679E-10 5.8773E-10 5.7929E-10 5.7242E-10 5.6755E-10
2.7974E-10 2.9092E-10 3.0248E-10 3.1375E-10 3.2500E-10 3.3616E-10 3.4954E-10 3.5964E-10 3.7164E-10 3.8353E-10 3.9414E-10 4.0455E-10 4.1499E-10 4.2627E-10 4.3713E-10 4.4739E-10 4.5663E-10 4.6820E-10 4.7820E-10 4.8704E-10 4.9604E-10 5.0605E-10 5.1518E-10 5.2304E-10 5.3059E-10 5.3717E-10 5.4516E-10 5.5280E-10 5.5999E-10 5.6585E-10 5.7072E-10 5.7440E-10 5.7746E-10 5.8201E-10 5.8505E-10 5.8743E-10 5.8933E-10 5.9052E-10 5.9019E-10 5.9204E-10 5.9249E-10 5.9255E-10 5.8905E-10 5.8638E-10 5.8255E-10 5.7686E-10 5.7156E-10 5.6559E-10 5.6175E-10 5.5654E-10 5.5057E-10 5.4473E-10 5.3707E-10 5.2849E-10 5.1939E-10 5.0924E-10 4.9910E-10
2.5482E-10 2.6376E-10 2.7432E-10 2.8638E-10 2.9563E-10 3.0773E-10 3.1821E-10 3.2929E-10 3.4099E-10 3.5046E-10 3.6050E-10 3.7112E-10 3.8050E-10 3.8993E-10 3.9961E-10 4.0984E-10 4.1879E-10 4.2705E-10 4.3691E-10 4.4569E-10 4.5439E-10 4.6145E-10 4.6959E-10 4.7778E-10 4.8447E-10 4.9079E-10 4.9673E-10 5.0258E-10 5.0871E-10 5.1426E-10 5.1858E-10 5.2240E-10 5.2494E-10 5.2780E-10 5.2931E-10 5.3224E-10 5.3378E-10 5.3471E-10 5.3509E-10 5.3397E-10 5.3308E-10 5.3230E-10 5.3218E-10 5.2810E-10 5.2363E-10 5.1918E-10 5.1398E-10 5.0845E-10 5.0252E-10 4.9908E-10 4.9422E-10 4.8840E-10 4.8214E-10 4.7432E-10 4.6559E-10 4.5628E-10 4.4624E-10
2.3121E-10 2.3917E-10 2.4950E-10 2.5884E-10 2.6897E-10 2.7888E-10 2.9031E-10 2.9933E-10 3.1130E-10 3.2130E-10 3.2987E-10 3.3902E-10 3.4846E-10 3.5702E-10 3.6476E-10 3.7409E-10 3.8278E-10 3.9105E-10 3.9822E-10 4.0674E-10 4.1456E-10 4.2210E-10 4.2841E-10 4.3390E-10 4.4102E-10 4.4719E-10 4.5229E-10 4.5673E-10 4.6081E-10 4.6577E-10 4.6948E-10 4.7363E-10 4.7651E-10 4.7812E-10 4.8008E-10 4.8074E-10 4.8263E-10 4.8334E-10 4.8351E-10 4.8223E-10 4.8143E-10 4.8000E-10 4.7721E-10 4.7569E-10 4.7157E-10 4.6690E-10 4.6166E-10 4.5769E-10 4.5343E-10 4.4751E-10 4.4194E-10 4.3605E-10 4.2982E-10 4.2253E-10 4.1540E-10 4.0696E-10 3.9740E-10
2.1052E-10 2.1764E-10 2.2574E-10 2.3535E-10 2.4269E-10 2.5344E-10 2.6259E-10 2.7263E-10 2.8307E-10 2.9165E-10 3.0131E-10 3.0920E-10 3.1749E-10 3.2604E-10 3.3409E-10 3.4083E-10 3.4865E-10 3.5673E-10 3.6411E-10 3.7075E-10 3.7694E-10 3.8423E-10 3.9037E-10 3.9569E-10 4.0071E-10 4.0585E-10 4.1066E-10 4.1456E-10 4.1813E-10 4.2128E-10 4.2501E-10 4.2784E-10 4.3029E-10 4.3244E-10 4.3402E-10 4.3522E-10 4.3518E-10 4.3543E-10 4.3537E-10 4.3577E-10 4.3396E-10 4.3265E-10 4.3081E-10 4.2761E-10 4.2394E-10 4.2129E-10 4.1728E-10 4.1274E-10 4.0854E-10 4.0281E-10 3.9659E-10 3.8971E-10 3.8353E-10 3.7630E-10 3.6885E-10 3.6159E-10 3.5328E-10
1.9158E-10 1.9768E-10 2.0575E-10 2.1316E-10 2.2068E-10 2.2882E-10 2.3902E-10 2.4624E-10 2.5641E-10 2.6521E-10 2.7358E-10 2.8187E-10 2.8952E-10 2.9629E-10 3.0463E-10 3.1179E-10 3.1807E-10 3.2439E-10 3.3146E-10 3.3784E-10 3.4328E-10 3.4848E-10 3.5456E-10 3.5905E-10 3.6371E-10 3.6752E-10 3.7116E-10 3.7570E-10 3.7873E-10 3.8153E-10 3.8395E-10 3.8601E-10 3.8804E-10 3.9029E-10 3.9175E-10 3.9269E-10 3.9329E-10 3.9265E-10 3.9234E-10 3.9086E-10 3.8976E-10 3.8853E-10 3.8682E-10 3.8404E-10 3.8286E-10 3.7952E-10 3.7661E-10 3.7218E-10 3.6729E-10 3.6176E-10 3.5671E-10 3.5036E-10 3.4363E-10 3.3597E-10 3.2851E-10 3.2002E-10 3.1210E-10
1.7317E-10 1.7905E-10 1.8598E-10 1.9309E-10 1.9886E-10 2.0671E-10 2.1385E-10 2.2175E-10 2.3021E-10 2.3823E-10 2.4567E-10 2.5322E-10 2.6200E-10 2.6828E-10 2.7490E-10 2.8246E-10 2.8865E-10 2.9423E-10 2.9962E-10 3.0578E-10 3.1076E-10 3.1579E-10 3.2005E-10 3.2468E-10 3.2900E-10 3.3232E-10 3.3599E-10 3.3829E-10 3.4141E-10 3.4492E-10 3.4699E-10 3.4879E-10 3.4968E-10 3.5073E-10 3.5238E-10 3.5318E-10 3.5362E-10 3.5423E-10 3.5314E-10 3.5247E-10 3.5058E-10 3.4846E-10 3.4723E-10 3.4578E-10 3.4295E-10 3.4128E-10 3.3749E-10 3.3422E-10 3.2948E-10 3.2435E-10 3.1884E-10 3.1333E-10 3.0715E-10 3.0026E-10 2.9293E-10 2.8547E-10 2.7742E-10
1.5494E-10 1.6062E-10 1.6683E-10 1.7276E-10 1.7870E-10 1.8487E-10 1.9249E-10 1.9784E-10 2.0566E-10 2.1193E-10 2.1845E-10 2.2571E-10 2.3232E-10 2.3987E-10 2.4670E-10 2.5259E-10 2.5897E-10 2.6442E-10 2.6979E-10 2.7427E-10 2.7916E-10 2.8380E-10 2.8822E-10 2.9189E-10 2.9532E-10 2.9923E-10 3.0282E-10 3.0560E-10 3.0778E-10 3.0968E-10 3.1260E-10 3.1412E-10 3.1581E-10 3.1613E-10 3.1674E-10 3.1701E-10 3.1733E-10 3.1731E-10 3.1667E-10 3.1607E-10 3.1546E-10 3.1439E-10 3.1241E-10 3.1070E-10 3.0780E-10 3.0453E-10 3.0188E-10 2.9838E-10 2.9392E-10 2.8991E-10 2.8446E-10 2.7888E-10 2.7283E-10 2.6763E-10 2.6051E-10 2.5371E-10 2.4602E-10
1.4099E-10 1.4533E-10 1.5015E-10 1.5588E-10 1.6036E-10 1.6677E-10 1.7285E-10 1.7757E-10 1.8475E-10 1.8915E-10 1.9582E-10 2.0143E-10 2.0802E-10 2.1394E-10 2.2067E-10 2.2664E-10 2.3192E-10 2.3753E-10 2.4295E-10 2.4762E-10 2.5133E-10 2.5485E-10 2.5887E-10 2.6264E-10 2.6626E-10 2.6861E-10 2.7184E-10 2.7486E-10 2.7702E-10 2.7921E-10 2.8051E-10 2.8122E-10 2.8335E-10 2.8397E-10 2.8445E-10 2.8467E-10 2.8454E-10 2.8413E-10 2.8390E-10 2.8346E-10 2.8303E-10 2.8123E-10 2.8051E-10 2.7826E-10 2.7615E-10 2.7273E-10 2.6917E-10 2.6511E-10 2.6157E-10 2.5712E-10 2.5283E-10 2.4770E-10 2.4158E-10 2.3599E-10 2.3038E-10 2.2422E-10 2.1774E-10
