Assets/Resources/2015_m01_d15_0100(utc+0800)_l00_csi_1hr_conc.grd
DSAA
         159         159
     -79.000      79.000
     -79.000      79.000
  0.0000E+00  0.6968E-05
[rows 0 to 24 of 159, columns 0 to 56 of 159]
4.5279E-10 4.9339E-10 5.3697E-10 5.8224E-10 6.3226E-10 6.8425E-10 7.4046E-10 8.0052E-10 8.6441E-10 9.3158E-10 1.0039E-09 1.0804E-09 1.1616E-09 1.2475E-09 1.3382E-09 1.4332E-09 1.5333E-09 1.6385E-09 1.7490E-09 1.8647E-09 1.9859E-09 2.1123E-09 2.2438E-09 2.3801E-09 2.5208E-09 2.6650E-09 2.8136E-09 2.9637E-09 3.1155E-09 3.2694E-09 3.4224E-09 3.5743E-09 3.7271E-09 3.8764E-09 4.0225E-09 4.1678E-09 4.3089E-09 4.4442E-09 4.5748E-09 4.7044E-09 4.8250E-09 4.9398E-09 5.0485E-09 5.1553E-09 5.2517E-09 5.3414E-09 5.4243E-09 5.5048E-09 5.5742E-09 5.6367E-09 5.6931E-09 5.7453E-09 5.7872E-09 5.8231E-09 5.8530E-09 5.8764E-09 5.8933E-09
4.5590E-10 4.9611E-10 5.4003E-10 5.8707E-10 6.3607E-10 6.8919E-10 7.4592E-10 8.0571E-10 8.7014E-10 9.3872E-10 1.0116E-09 1.0889E-09 1.1709E-09 1.2568E-09 1.3489E-09 1.4449E-09 1.5459E-09 1.6523E-09 1.7639E-09 1.8810E-09 2.0035E-09 2.1313E-09 2.2644E-09 2.4025E-09 2.5446E-09 2.6918E-09 2.8419E-09 2.9938E-09 3.1490E-09 3.3049E-09 3.4599E-09 3.6160E-09 3.7703E-09 3.9217E-09 4.0720E-09 4.2201E-09 4.3623E-09 4.5002E-09 4.6367E-09 4.7659E-09 4.8889E-09 5.0060E-09 5.1213E-09 5.2264E-09 5.3249E-09 5.4167E-09 5.5061E-09 5.5844E-09 5.6556E-09 5.7198E-09 5.7815E-09 5.8319E-09 5.8752E-09 5.9139E-09 5.9452E-09 5.9690E-09 5.9870E-09
4.5777E-10 4.9962E-10 5.4242E-10 5.8978E-10 6.3983E-10 6.9256E-10 7.4969E-10 8.1065E-10 8.7551E-10 9.4467E-10 1.0173E-09 1.0952E-09 1.1779E-09 1.2653E-09 1.3574E-09 1.4542E-09 1.5567E-09 1.6640E-09 1.7767E-09 1.8949E-09 2.0186E-09 2.1478E-09 2.2823E-09 2.4219E-09 2.5663E-09 2.7148E-09 2.8664E-09 3.0214E-09 3.1789E-09 3.3361E-09 3.4946E-09 3.6532E-09 3.8091E-09 3.9638E-09 4.1183E-09 4.2668E-09 4.4116E-09 4.5545E-09 4.6922E-09 4.8232E-09 4.9486E-09 5.0723E-09 5.1861E-09 5.2935E-09 5.3943E-09 5.4926E-09 5.5800E-09 5.6602E-09 5.7333E-09 5.8039E-09 5.8631E-09 5.9150E-09 5.9621E-09 6.0018E-09 6.0330E-09 6.0588E-09 6.0787E-09
4.5981E-10 5.0115E-10 5.4484E-10 5.9250E-10 6.4206E-10 6.9577E-10 7.5329E-10 8.1383E-10 8.7908E-10 9.4868E-10 1.0226E-09 1.1010E-09 1.1843E-09 1.2723E-09 1.3647E-09 1.4623E-09 1.5655E-09 1.6736E-09 1.7872E-09 1.9064E-09 2.0312E-09 2.1616E-09 2.2974E-09 2.4384E-09 2.5843E-09 2.7344E-09 2.8879E-09 3.0454E-09 3.2040E-09 3.3639E-09 3.5253E-09 3.6854E-09 3.8437E-09 4.0032E-09 4.1581E-09 4.3092E-09 4.4582E-09 4.6039E-09 4.7426E-09 4.8761E-09 5.0081E-09 5.1305E-09 5.2467E-09 5.3564E-09 5.4639E-09 5.5604E-09 5.6498E-09 5.7330E-09 5.8119E-09 5.8801E-09 5.9409E-09 5.9975E-09 6.0452E-09 6.0849E-09 6.1182E-09 6.1470E-09 6.1661E-09
4.6123E-10 5.0275E-10 5.4588E-10 5.9374E-10 6.4420E-10 6.9740E-10 7.5518E-10 8.1672E-10 8.8235E-10 9.5225E-10 1.0257E-09 1.1054E-09 1.1891E-09 1.2773E-09 1.3703E-09 1.4689E-09 1.5719E-09 1.6807E-09 1.7956E-09 1.9155E-09 2.0412E-09 2.1726E-09 2.3095E-09 2.4518E-09 2.5990E-09 2.7502E-09 2.9063E-09 3.0651E-09 3.2252E-09 3.3883E-09 3.5514E-09 3.7132E-09 3.8763E-09 4.0368E-09 4.1935E-09 4.3479E-09 4.5011E-09 4.6471E-09 4.7884E-09 4.9277E-09 5.0593E-09 5.1842E-09 5.3028E-09 5.4193E-09 5.5250E-09 5.6238E-09 5.7180E-09 5.8045E-09 5.8820E-09 5.9521E-09 6.0186E-09 6.0745E-09 6.1230E-09 6.1643E-09 6.2023E-09 6.2298E-09 6.2510E-09
4.6140E-10 5.0302E-10 5.4700E-10 5.9423E-10 6.4481E-10 6.9896E-10 7.5685E-10 8.1784E-10 8.8369E-10 9.5384E-10 1.0291E-09 1.1076E-09 1.1916E-09 1.2807E-09 1.3736E-09 1.4727E-09 1.5766E-09 1.6865E-09 1.8015E-09 1.9222E-09 2.0486E-09 2.1808E-09 2.3187E-09 2.4620E-09 2.6103E-09 2.7634E-09 2.9205E-09 3.0804E-09 3.2434E-09 3.4079E-09 3.5726E-09 3.7382E-09 3.9028E-09 4.0651E-09 4.2242E-09 4.3835E-09 4.5370E-09 4.6855E-09 4.8318E-09 4.9723E-09 5.1056E-09 5.2330E-09 5.3584E-09 5.4734E-09 5.5815E-09 5.6852E-09 5.7811E-09 5.8681E-09 5.9477E-09 6.0236E-09 6.0888E-09 6.1465E-09 6.1968E-09 6.2438E-09 6.2799E-09 6.3089E-09 6.3332E-09
4.6172E-10 5.0264E-10 5.4736E-10 5.9469E-10 6.4460E-10 6.9882E-10 7.5682E-10 8.1861E-10 8.8469E-10 9.5495E-10 1.0297E-09 1.1092E-09 1.1938E-09 1.2820E-09 1.3757E-09 1.4751E-09 1.5794E-09 1.6897E-09 1.8047E-09 1.9263E-09 2.0534E-09 2.1862E-09 2.3248E-09 2.4690E-09 2.6184E-09 2.7725E-09 2.9309E-09 3.0923E-09 3.2569E-09 3.4232E-09 3.5901E-09 3.7578E-09 3.9247E-09 4.0885E-09 4.2524E-09 4.4127E-09 4.5679E-09 4.7206E-09 4.8695E-09 5.0110E-09 5.1469E-09 5.2803E-09 5.4051E-09 5.5225E-09 5.6348E-09 5.7411E-09 5.8377E-09 5.9270E-09 6.0126E-09 6.0873E-09 6.1545E-09 6.2142E-09 6.2705E-09 6.3157E-09 6.3536E-09 6.3874E-09 6.4121E-09
4.6074E-10 5.0163E-10 5.4635E-10 5.9367E-10 6.4425E-10 6.9857E-10 7.5580E-10 8.1844E-10 8.8376E-10 9.5408E-10 1.0297E-09 1.1085E-09 1.1933E-09 1.2821E-09 1.3763E-09 1.4755E-09 1.5796E-09 1.6902E-09 1.8059E-09 1.9280E-09 2.0554E-09 2.1887E-09 2.3279E-09 2.4727E-09 2.6229E-09 2.7780E-09 2.9369E-09 3.1001E-09 3.2667E-09 3.4336E-09 3.6031E-09 3.7735E-09 3.9411E-09 4.1087E-09 4.2749E-09 4.4360E-09 4.5944E-09 4.7505E-09 4.9005E-09 5.0445E-09 5.1864E-09 5.3200E-09 5.4465E-09 5.5673E-09 5.6840E-09 5.7903E-09 5.8894E-09 5.9847E-09 6.0693E-09 6.1462E-09 6.2156E-09 6.2814E-09 6.3360E-09 6.3833E-09 6.4262E-09 6.4599E-09 6.4856E-09
4.5984E-10 5.0068E-10 5.4540E-10 5.9189E-10 6.4318E-10 6.9666E-10 7.5455E-10 8.1642E-10 8.8246E-10 9.5196E-10 1.0276E-09 1.1071E-09 1.1917E-09 1.2800E-09 1.3743E-09 1.4735E-09 1.5786E-09 1.6889E-09 1.8053E-09 1.9271E-09 2.0542E-09 2.1884E-09 2.3279E-09 2.4732E-09 2.6240E-09 2.7797E-09 2.9396E-09 3.1043E-09 3.2711E-09 3.4402E-09 3.6121E-09 3.7829E-09 3.9532E-09 4.1238E-09 4.2907E-09 4.4540E-09 4.6166E-09 4.7743E-09 4.9260E-09 5.0751E-09 5.2180E-09 5.3534E-09 5.4825E-09 5.6094E-09 5.7254E-09 5.8342E-09 5.9388E-09 6.0339E-09 6.1208E-09 6.2001E-09 6.2758E-09 6.3401E-09 6.3970E-09 6.4503E-09 6.4925E-09 6.5273E-09 6.5549E-09
4.5770E-10 4.9917E-10 5.4301E-10 5.9006E-10 6.4053E-10 6.9385E-10 7.5161E-10 8.1413E-10 8.7925E-10 9.5019E-10 1.0242E-09 1.1036E-09 1.1880E-09 1.2767E-09 1.3710E-09 1.4701E-09 1.5752E-09 1.6854E-09 1.8013E-09 1.9231E-09 2.0513E-09 2.1851E-09 2.3248E-09 2.4704E-09 2.6215E-09 2.7772E-09 2.9383E-09 3.1039E-09 3.2711E-09 3.4431E-09 3.6157E-09 3.7874E-09 3.9611E-09 4.1329E-09 4.3011E-09 4.4684E-09 4.6332E-09 4.7918E-09 4.9476E-09 5.0993E-09 5.2432E-09 5.3811E-09 5.5164E-09 5.6427E-09 5.7612E-09 5.8749E-09 5.9808E-09 6.0777E-09 6.1671E-09 6.2528E-09 6.3272E-09 6.3940E-09 6.4571E-09 6.5091E-09 6.5534E-09 6.5903E-09 6.6241E-09
4.5571E-10 4.9630E-10 5.3994E-10 5.8680E-10 6.3706E-10 6.9092E-10 7.4770E-10 8.1002E-10 8.7491E-10 9.4565E-10 1.0202E-09 1.0991E-09 1.1833E-09 1.2717E-09 1.3653E-09 1.4647E-09 1.5692E-09 1.6792E-09 1.7955E-09 1.9171E-09 2.0453E-09 2.1789E-09 2.3186E-09 2.4643E-09 2.6155E-09 2.7716E-09 2.9331E-09 3.0987E-09 3.2683E-09 3.4405E-09 3.6137E-09 3.7884E-09 3.9631E-09 4.1359E-09 4.3069E-09 4.4771E-09 4.6427E-09 4.8044E-09 4.9635E-09 5.1161E-09 5.2625E-09 5.4058E-09 5.5421E-09 5.6701E-09 5.7928E-09 5.9093E-09 6.0164E-09 6.1159E-09 6.2118E-09 6.2965E-09 6.3734E-09 6.4466E-09 6.5086E-09 6.5628E-09 6.6095E-09 6.6529E-09 6.6851E-09
4.5245E-10 4.9280E-10 5.3692E-10 5.8279E-10 6.3278E-10 6.8637E-10 7.4365E-10 8.0489E-10 8.7021E-10 9.4070E-10 1.0141E-09 1.0935E-09 1.1766E-09 1.2651E-09 1.3584E-09 1.4574E-09 1.5616E-09 1.6717E-09 1.7873E-09 1.9081E-09 2.0360E-09 2.1694E-09 2.3094E-09 2.4544E-09 2.6055E-09 2.7622E-09 2.9238E-09 3.0901E-09 3.2603E-09 3.4334E-09 3.6076E-09 3.7837E-09 3.9598E-09 4.1335E-09 4.3081E-09 4.4795E-09 4.6463E-09 4.8120E-09 4.9727E-09 5.1270E-09 5.2777E-09 5.4235E-09 5.5608E-09 5.6923E-09 5.8192E-09 5.9364E-09 6.0461E-09 6.1522E-09 6.2472E-09 6.3345E-09 6.4173E-09 6.4902E-09 6.5547E-09 6.6114E-09 6.6648E-09 6.7068E-09 6.7414E-09
4.4864E-10 4.8870E-10 5.3253E-10 5.7806E-10 6.2850E-10 6.8096E-10 7.3860E-10 7.9874E-10 8.6366E-10 9.3377E-10 1.0068E-09 1.0861E-09 1.1683E-09 1.2569E-09 1.3492E-09 1.4483E-09 1.5515E-09 1.6617E-09 1.7762E-09 1.8976E-09 2.0245E-09 2.1574E-09 2.2966E-09 2.4417E-09 2.5927E-09 2.7492E-09 2.9107E-09 3.0774E-09 3.2480E-09 3.4209E-09 3.5967E-09 3.7738E-09 3.9504E-09 4.1274E-09 4.3029E-09 4.4753E-09 4.6458E-09 4.8129E-09 4.9751E-09 5.1326E-09 5.2867E-09 5.4335E-09 5.5742E-09 5.7098E-09 5.8375E-09 5.9573E-09 6.0729E-09 6.1790E-09 6.2767E-09 6.3692E-09 6.4533E-09 6.5282E-09 6.5953E-09 6.6589E-09 6.7111E-09 6.7557E-09 6.7968E-09
4.4429E-10 4.8469E-10 5.2749E-10 5.7263E-10 6.2268E-10 6.7471E-10 7.3192E-10 7.9236E-10 8.5686E-10 9.2566E-10 9.9892E-10 1.0770E-09 1.1591E-09 1.2466E-09 1.3388E-09 1.4369E-09 1.5398E-09 1.6490E-09 1.7634E-09 1.8842E-09 2.0104E-09 2.1428E-09 2.2813E-09 2.4258E-09 2.5764E-09 2.7324E-09 2.8940E-09 3.0605E-09 3.2312E-09 3.4045E-09 3.5809E-09 3.7588E-09 3.9366E-09 4.1149E-09 4.2920E-09 4.4662E-09 4.6386E-09 4.8078E-09 4.9713E-09 5.1329E-09 5.2887E-09 5.4372E-09 5.5820E-09 5.7197E-09 5.8493E-09 5.9743E-09 6.0914E-09 6.1995E-09 6.3017E-09 6.3972E-09 6.4827E-09 6.5604E-09 6.6344E-09 6.6971E-09 6.7521E-09 6.8034E-09 6.8435E-09
4.3941E-10 4.8017E-10 5.2182E-10 5.6799E-10 6.1612E-10 6.6838E-10 7.2436E-10 7.8426E-10 8.4820E-10 9.1642E-10 9.8954E-10 1.0665E-09 1.1484E-09 1.2348E-09 1.3268E-09 1.4240E-09 1.5263E-09 1.6347E-09 1.7483E-09 1.8678E-09 1.9933E-09 2.1253E-09 2.2630E-09 2.4068E-09 2.5566E-09 2.7121E-09 2.8734E-09 3.0396E-09 3.2094E-09 3.3836E-09 3.5603E-09 3.7381E-09 3.9176E-09 4.0970E-09 4.2746E-09 4.4513E-09 4.6263E-09 4.7957E-09 4.9631E-09 5.1269E-09 5.2834E-09 5.4359E-09 5.5833E-09 5.7224E-09 5.8563E-09 5.9842E-09 6.1027E-09 6.2154E-09 6.3214E-09 6.4176E-09 6.5060E-09 6.5907E-09 6.6640E-09 6.7296E-09 6.7915E-09 6.8420E-09 6.8848E-09
4.3404E-10 4.7437E-10 5.1555E-10 5.6123E-10 6.0883E-10 6.6053E-10 7.1672E-10 7.7523E-10 8.3925E-10 9.0685E-10 9.7849E-10 1.0552E-09 1.1358E-09 1.2219E-09 1.3126E-09 1.4090E-09 1.5108E-09 1.6178E-09 1.7310E-09 1.8496E-09 1.9746E-09 2.1047E-09 2.2414E-09 2.3848E-09 2.5336E-09 2.6877E-09 2.8483E-09 3.0140E-09 3.1841E-09 3.3581E-09 3.5350E-09 3.7131E-09 3.8932E-09 4.0735E-09 4.2524E-09 4.4313E-09 4.6063E-09 4.7784E-09 4.9486E-09 5.1130E-09 5.2725E-09 5.4282E-09 5.5768E-09 5.7193E-09 5.8568E-09 5.9861E-09 6.1083E-09 6.2255E-09 6.3324E-09 6.4316E-09 6.5263E-09 6.6112E-09 6.6876E-09 6.7595E-09 6.8215E-09 6.8749E-09 6.9207E-09
4.2818E-10 4.6804E-10 5.0869E-10 5.5383E-10 6.0084E-10 6.5192E-10 7.0747E-10 7.6528E-10 8.2859E-10 8.9544E-10 9.6628E-10 1.0421E-09 1.1224E-09 1.2070E-09 1.2977E-09 1.3922E-09 1.4936E-09 1.5990E-09 1.7116E-09 1.8286E-09 1.9524E-09 2.0819E-09 2.2179E-09 2.3592E-09 2.5069E-09 2.6607E-09 2.8204E-09 2.9851E-09 3.1547E-09 3.3282E-09 3.5042E-09 3.6832E-09 3.8637E-09 4.0439E-09 4.2253E-09 4.4046E-09 4.5803E-09 4.7558E-09 4.9270E-09 5.0926E-09 5.2558E-09 5.4132E-09 5.5635E-09 5.7102E-09 5.8498E-09 5.9812E-09 6.1088E-09 6.2269E-09 6.3368E-09 6.4416E-09 6.5381E-09 6.6254E-09 6.7074E-09 6.7811E-09 6.8454E-09 6.9021E-09 6.9557E-09
4.2185E-10 4.6119E-10 5.0128E-10 5.4582E-10 5.9218E-10 6.4258E-10 6.9742E-10 7.5447E-10 8.1779E-10 8.8299E-10 9.5415E-10 1.0279E-09 1.1076E-09 1.1908E-09 1.2804E-09 1.3748E-09 1.4740E-09 1.5787E-09 1.6897E-09 1.8058E-09 1.9285E-09 2.0566E-09 2.1908E-09 2.3312E-09 2.4775E-09 2.6304E-09 2.7888E-09 2.9525E-09 3.1212E-09 3.2940E-09 3.4696E-09 3.6485E-09 3.8290E-09 4.0097E-09 4.1919E-09 4.3714E-09 4.5501E-09 4.7262E-09 4.8983E-09 5.0673E-09 5.2325E-09 5.3908E-09 5.5452E-09 5.6945E-09 5.8354E-09 5.9720E-09 6.1010E-09 6.2215E-09 6.3362E-09 6.4443E-09 6.5426E-09 6.6348E-09 6.7202E-09 6.7956E-09 6.8633E-09 6.9278E-09 6.9805E-09
4.1585E-10 4.5386E-10 4.9333E-10 5.3722E-10 5.8363E-10 6.3335E-10 6.8662E-10 7.4282E-10 8.0529E-10 8.6956E-10 9.3976E-10 1.0129E-09 1.0911E-09 1.1741E-09 1.2616E-09 1.3548E-09 1.4528E-09 1.5567E-09 1.6662E-09 1.7810E-09 1.9017E-09 2.0283E-09 2.1615E-09 2.2998E-09 2.4454E-09 2.5968E-09 2.7531E-09 2.9155E-09 3.0830E-09 3.2549E-09 3.4306E-09 3.6090E-09 3.7886E-09 3.9703E-09 4.1529E-09 4.3334E-09 4.5130E-09 4.6905E-09 4.8641E-09 5.0348E-09 5.2014E-09 5.3626E-09 5.5201E-09 5.6705E-09 5.8156E-09 5.9544E-09 6.0857E-09 6.2101E-09 6.3296E-09 6.4387E-09 6.5411E-09 6.6384E-09 6.7250E-09 6.8038E-09 6.8793E-09 6.9433E-09 6.9995E-09
4.0867E-10 4.4607E-10 4.8488E-10 5.2807E-10 5.7373E-10 6.2266E-10 6.7509E-10 7.3113E-10 7.9193E-10 8.5520E-10 9.2436E-10 9.9641E-10 1.0734E-09 1.1552E-09 1.2419E-09 1.3333E-09 1.4303E-09 1.5324E-09 1.6404E-09 1.7541E-09 1.8732E-09 1.9982E-09 2.1292E-09 2.2663E-09 2.4097E-09 2.5594E-09 2.7148E-09 2.8758E-09 3.0418E-09 3.2125E-09 3.3872E-09 3.5648E-09 3.7442E-09 3.9257E-09 4.1078E-09 4.2896E-09 4.4702E-09 4.6479E-09 4.8236E-09 4.9966E-09 5.1636E-09 5.3284E-09 5.4875E-09 5.6404E-09 5.7883E-09 5.9299E-09 6.0634E-09 6.1933E-09 6.3138E-09 6.4263E-09 6.5346E-09 6.6331E-09 6.7231E-09 6.8090E-09 6.8851E-09 6.9526E-09 7.0167E-09
4.0111E-10 4.3784E-10 4.7595E-10 5.1840E-10 5.6327E-10 6.1135E-10 6.6287E-10 7.1878E-10 7.7776E-10 8.4042E-10 9.0799E-10 9.7928E-10 1.0546E-09 1.1351E-09 1.2204E-09 1.3108E-09 1.4059E-09 1.5073E-09 1.6128E-09 1.7253E-09 1.8422E-09 1.9659E-09 2.0951E-09 2.2297E-09 2.3720E-09 2.5198E-09 2.6734E-09 2.8326E-09 2.9970E-09 3.1662E-09 3.3396E-09 3.5155E-09 3.6950E-09 3.8761E-09 4.0582E-09 4.2404E-09 4.4215E-09 4.6001E-09 4.7777E-09 4.9508E-09 5.1210E-09 5.2869E-09 5.4474E-09 5.6035E-09 5.7547E-09 5.8977E-09 6.0366E-09 6.1681E-09 6.2911E-09 6.4094E-09 6.5196E-09 6.6208E-09 6.7172E-09 6.8053E-09 6.8842E-09 6.9589E-09 7.0236E-09
3.9317E-10 4.2922E-10 4.6659E-10 5.0825E-10 5.5227E-10 5.9946E-10 6.5002E-10 7.0492E-10 7.6282E-10 8.2435E-10 8.9071E-10 9.6074E-10 1.0352E-09 1.1138E-09 1.1977E-09 1.2865E-09 1.3800E-09 1.4797E-09 1.5839E-09 1.6942E-09 1.8097E-09 1.9315E-09 2.0581E-09 2.1920E-09 2.3317E-09 2.4766E-09 2.6290E-09 2.7855E-09 2.9479E-09 3.1155E-09 3.2873E-09 3.4628E-09 3.6413E-09 3.8217E-09 4.0036E-09 4.1857E-09 4.3665E-09 4.5465E-09 4.7250E-09 4.8994E-09 5.0711E-09 5.2389E-09 5.4015E-09 5.5606E-09 5.7129E-09 5.8601E-09 6.0012E-09 6.1351E-09 6.2630E-09 6.3847E-09 6.4969E-09 6.6035E-09 6.7036E-09 6.7939E-09 6.8795E-09 6.9563E-09 7.0243E-09
3.8490E-10 4.2022E-10 4.5682E-10 4.9764E-10 5.4078E-10 5.8703E-10 6.3659E-10 6.9042E-10 7.4718E-10 8.0826E-10 8.7260E-10 9.4129E-10 1.0143E-09 1.0919E-09 1.1742E-09 1.2614E-09 1.3537E-09 1.4507E-09 1.5535E-09 1.6614E-09 1.7748E-09 1.8945E-09 2.0195E-09 2.1507E-09 2.2882E-09 2.4315E-09 2.5810E-09 2.7360E-09 2.8964E-09 3.0620E-09 3.2319E-09 3.4060E-09 3.5832E-09 3.7628E-09 3.9440E-09 4.1259E-09 4.3067E-09 4.4871E-09 4.6657E-09 4.8419E-09 5.0150E-09 5.1836E-09 5.3497E-09 5.5102E-09 5.6649E-09 5.8149E-09 5.9588E-09 6.0958E-09 6.2278E-09 6.3514E-09 6.4680E-09 6.5792E-09 6.6816E-09 6.7775E-09 6.8668E-09 6.9464E-09 7.0230E-09
3.7633E-10 4.1088E-10 4.4667E-10 4.8663E-10 5.2884E-10 5.7410E-10 6.2260E-10 6.7531E-10 7.3089E-10 7.9071E-10 8.5371E-10 9.2099E-10 9.9252E-10 1.0686E-09 1.1492E-09 1.2347E-09 1.3252E-09 1.4208E-09 1.5211E-09 1.6274E-09 1.7388E-09 1.8558E-09 1.9785E-09 2.1081E-09 2.2424E-09 2.3841E-09 2.5311E-09 2.6829E-09 2.8419E-09 3.0051E-09 3.1731E-09 3.3453E-09 3.5202E-09 3.6985E-09 3.8789E-09 4.0603E-09 4.2417E-09 4.4223E-09 4.6015E-09 4.7785E-09 4.9527E-09 5.1236E-09 5.2906E-09 5.4524E-09 5.6102E-09 5.7627E-09 5.9087E-09 6.0503E-09 6.1847E-09 6.3110E-09 6.4329E-09 6.5471E-09 6.6533E-09 6.7549E-09 6.8460E-09 6.9334E-09 7.0109E-09
3.6672E-10 4.0057E-10 4.3619E-10 4.7524E-10 5.1649E-10 5.6072E-10 6.0812E-10 6.5967E-10 7.1400E-10 7.7251E-10 8.3410E-10 8.9991E-10 9.7038E-10 1.0443E-09 1.1233E-09 1.2069E-09 1.2955E-09 1.3891E-09 1.4874E-09 1.5915E-09 1.7006E-09 1.8158E-09 1.9363E-09 2.0627E-09 2.1951E-09 2.3336E-09 2.4779E-09 2.6287E-09 2.7836E-09 2.9444E-09 3.1101E-09 3.2802E-09 3.4540E-09 3.6310E-09 3.8102E-09 3.9907E-09 4.1716E-09 4.3521E-09 4.5316E-09 4.7093E-09 4.8837E-09 5.0566E-09 5.2251E-09 5.3889E-09 5.5488E-09 5.7037E-09 5.8533E-09 5.9970E-09 6.1339E-09 6.2652E-09 6.3907E-09 6.5070E-09 6.6198E-09 6.7230E-09 6.8211E-09 6.9111E-09 6.9923E-09
