Assets/Resources/2015_m01_d26_1100(utc+0800)_l00_csi_1hr_conc.grd
DSAA
         159         159
     -79.000      79.000
     -79.000      79.000
  0.0000E+00  0.9030E-05
[rows 100 to 124 of 159, columns 0 to 56 of 159]
5.5363E-10 5.6613E-10 5.7871E-10 5.9136E-10 6.0408E-10 6.1684E-10 6.2965E-10 6.4249E-10 6.5535E-10 6.6823E-10 6.8112E-10 6.9400E-10 7.3700E-10 7.5076E-10 7.6448E-10 7.7816E-10 8.1232E-10 8.3713E-10 8.5157E-10 8.6595E-10 8.8546E-10 9.2690E-10 9.4197E-10 9.5697E-10 9.7185E-10 9.9741E-10 1.0346E-09 1.0494E-09 1.0637E-09 1.0775E-09 1.0908E-09 1.1032E-09 1.1145E-09 1.1249E-09 1.1345E-09 1.1430E-09 1.1507E-09 1.1571E-09 1.1629E-09 1.1877E-09 1.1917E-09 1.1950E-09 1.1977E-09 1.1997E-09 1.2009E-09 1.2013E-09 1.2010E-09 1.1999E-09 1.1980E-09 1.1952E-09 1.1915E-09 1.1870E-09 1.1816E-09 1.1752E-09 1.1680E-09 1.1599E-09 1.1478E-09
5.3970E-10 5.5187E-10 5.6412E-10 5.7644E-10 5.8882E-10 6.0124E-10 6.1371E-10 6.2621E-10 6.3873E-10 6.5127E-10 6.6382E-10 6.7636E-10 6.8888E-10 7.0625E-10 7.4418E-10 7.5748E-10 7.7072E-10 7.8391E-10 8.2800E-10 8.4193E-10 8.5580E-10 8.6960E-10 8.8850E-10 9.2923E-10 9.4358E-10 9.5773E-10 9.7150E-10 9.9022E-10 1.0311E-09 1.0443E-09 1.0569E-09 1.0687E-09 1.0793E-09 1.0891E-09 1.0980E-09 1.1058E-09 1.1128E-09 1.1186E-09 1.1237E-09 1.1283E-09 1.1322E-09 1.1356E-09 1.1383E-09 1.1404E-09 1.1417E-09 1.1424E-09 1.1461E-09 1.1451E-09 1.1433E-09 1.1406E-09 1.1372E-09 1.1329E-09 1.1278E-09 1.1217E-09 1.1149E-09 1.1071E-09 1.0985E-09
5.2595E-10 5.3780E-10 5.4972E-10 5.6171E-10 5.7376E-10 5.8585E-10 5.9798E-10 6.1015E-10 6.2234E-10 6.3454E-10 6.4674E-10 6.5895E-10 6.7114E-10 6.8330E-10 6.9543E-10 7.1240E-10 7.4998E-10 7.6278E-10 7.7554E-10 7.8823E-10 8.2142E-10 8.4512E-10 8.5838E-10 8.7154E-10 8.8457E-10 9.2949E-10 9.4273E-10 9.5554E-10 9.6783E-10 9.7964E-10 1.0128E-09 1.0350E-09 1.0450E-09 1.0541E-09 1.0623E-09 1.0696E-09 1.0760E-09 1.0812E-09 1.0856E-09 1.0895E-09 1.0929E-09 1.0957E-09 1.0978E-09 1.0993E-09 1.1001E-09 1.1003E-09 1.0997E-09 1.0984E-09 1.0963E-09 1.0935E-09 1.0898E-09 1.0854E-09 1.0802E-09 1.0741E-09 1.0672E-09 1.0595E-09 1.0509E-09
5.0495E-10 5.2392E-10 5.3552E-10 5.4718E-10 5.5890E-10 5.7067E-10 5.8247E-10 5.9431E-10 6.0616E-10 6.1803E-10 6.2991E-10 6.4178E-10 6.5364E-10 6.6547E-10 6.7727E-10 6.8903E-10 7.0074E-10 7.2219E-10 7.5438E-10 7.6669E-10 7.7892E-10 7.9106E-10 8.1330E-10 8.4660E-10 8.5917E-10 8.7154E-10 8.8353E-10 9.0559E-10 9.3858E-10 9.4982E-10 9.6047E-10 9.7037E-10 9.7905E-10 1.0090E-09 1.0276E-09 1.0343E-09 1.0400E-09 1.0447E-09 1.0485E-09 1.0519E-09 1.0546E-09 1.0568E-09 1.0584E-09 1.0594E-09 1.0597E-09 1.0594E-09 1.0584E-09 1.0566E-09 1.0542E-09 1.0510E-09 1.0470E-09 1.0423E-09 1.0368E-09 1.0305E-09 1.0235E-09 1.0156E-09 1.0070E-09
4.8825E-10 4.9913E-10 5.1393E-10 5.3286E-10 5.4426E-10 5.5570E-10 5.6718E-10 5.7869E-10 5.9022E-10 6.0177E-10 6.1332E-10 6.2486E-10 6.3639E-10 6.4790E-10 6.5938E-10 6.7081E-10 6.8219E-10 6.9352E-10 7.0478E-10 7.2083E-10 7.5736E-10 7.6912E-10 7.8078E-10 7.9232E-10 8.0875E-10 8.4617E-10 8.5770E-10 8.6879E-10 8.7932E-10 8.8936E-10 9.2007E-10 9.4012E-10 9.4826E-10 9.5558E-10 9.6191E-10 9.6742E-10 9.9399E-10 1.0091E-09 1.0124E-09 1.0152E-09 1.0175E-09 1.0191E-09 1.0202E-09 1.0207E-09 1.0206E-09 1.0198E-09 1.0184E-09 1.0162E-09 1.0134E-09 1.0099E-09 1.0057E-09 1.0007E-09 9.9497E-10 9.8852E-10 9.8131E-10 9.7336E-10 9.6466E-10
4.7189E-10 4.8611E-10 4.9675E-10 5.1126E-10 5.2983E-10 5.4096E-10 5.5212E-10 5.6331E-10 5.7452E-10 5.8574E-10 5.9697E-10 6.0819E-10 6.1940E-10 6.3059E-10 6.4175E-10 6.5286E-10 6.6393E-10 6.7493E-10 6.8588E-10 6.9674E-10 7.0752E-10 7.1821E-10 7.5884E-10 7.6999E-10 7.8100E-10 7.9179E-10 8.0222E-10 8.2238E-10 8.5308E-10 8.6265E-10 8.7158E-10 8.7982E-10 8.8683E-10 9.1432E-10 9.3079E-10 9.3582E-10 9.3990E-10 9.4356E-10 9.4676E-10 9.4950E-10 9.7154E-10 9.8253E-10 9.8316E-10 9.8320E-10 9.8264E-10 9.8146E-10 9.7964E-10 9.7717E-10 9.7403E-10 9.7021E-10 9.6571E-10 9.6051E-10 9.5461E-10 9.4800E-10 9.4068E-10 9.3266E-10 9.2393E-10
4.4869E-10 4.6230E-10 4.8363E-10 4.9403E-10 5.0447E-10 5.1884E-10 5.3728E-10 5.4816E-10 5.5906E-10 5.6997E-10 5.8088E-10 5.9178E-10 6.0268E-10 6.1355E-10 6.2439E-10 6.3519E-10 6.4595E-10 6.5664E-10 6.6727E-10 6.7782E-10 6.8828E-10 6.9863E-10 7.0888E-10 7.1899E-10 7.3880E-10 7.6908E-10 7.7913E-10 7.8868E-10 7.9769E-10 8.0620E-10 8.3463E-10 8.5274E-10 8.5929E-10 8.6504E-10 8.6981E-10 8.7416E-10 8.8328E-10 9.0180E-10 9.1447E-10 9.1673E-10 9.1851E-10 9.1979E-10 9.2056E-10 9.2080E-10 9.2049E-10 9.3619E-10 9.3426E-10 9.3937E-10 9.3594E-10 9.3187E-10 9.2714E-10 9.2174E-10 9.1568E-10 9.0895E-10 9.0155E-10 8.9348E-10 8.8474E-10
4.3694E-10 4.4652E-10 4.5987E-10 4.7714E-10 4.9097E-10 5.0116E-10 5.1521E-10 5.3325E-10 5.4384E-10 5.5444E-10 5.6504E-10 5.7563E-10 5.8622E-10 5.9678E-10 6.0731E-10 6.1781E-10 6.2826E-10 6.3865E-10 6.4896E-10 6.5920E-10 6.6934E-10 6.7938E-10 6.8929E-10 6.9908E-10 7.0871E-10 7.1812E-10 7.2720E-10 7.4564E-10 7.7424E-10 7.8233E-10 7.8978E-10 7.9659E-10 8.0217E-10 8.1224E-10 8.4202E-10 8.4591E-10 8.4942E-10 8.5255E-10 8.5528E-10 8.5760E-10 8.5948E-10 8.7843E-10 8.7900E-10 8.8728E-10 8.8660E-10 8.8537E-10 8.8358E-10 8.8122E-10 8.7828E-10 8.7474E-10 8.7060E-10 8.6585E-10 8.6352E-10 8.5739E-10 8.5063E-10 8.4842E-10 8.4013E-10
4.1237E-10 4.3229E-10 4.4405E-10 4.5346E-10 4.6668E-10 4.8758E-10 4.9751E-10 5.0746E-10 5.2131E-10 5.3916E-10 5.4946E-10 5.5975E-10 5.7003E-10 5.8029E-10 5.9052E-10 6.0071E-10 6.1086E-10 6.2095E-10 6.3096E-10 6.4089E-10 6.5073E-10 6.6045E-10 6.7004E-10 6.7950E-10 6.8880E-10 6.9787E-10 7.0662E-10 7.1484E-10 7.2253E-10 7.2968E-10 7.4606E-10 7.7243E-10 7.7762E-10 7.8215E-10 7.8632E-10 7.9017E-10 7.9368E-10 8.0145E-10 8.1757E-10 8.2832E-10 8.2979E-10 8.3082E-10 8.3140E-10 8.3152E-10 8.3114E-10 8.3027E-10 8.2889E-10 8.3048E-10 8.3781E-10 8.3430E-10 8.3022E-10 8.3123E-10 8.2571E-10 8.1961E-10 8.1291E-10 8.0562E-10 7.9775E-10
3.9800E-10 4.1020E-10 4.2618E-10 4.4128E-10 4.5046E-10 4.6339E-10 4.8018E-10 4.9354E-10 5.0323E-10 5.1673E-10 5.2652E-10 5.4414E-10 5.5412E-10 5.6408E-10 5.7401E-10 5.8390E-10 5.9375E-10 6.0355E-10 6.1327E-10 6.2290E-10 6.3243E-10 6.4185E-10 6.5113E-10 6.6027E-10 6.6924E-10 6.7798E-10 6.8641E-10 6.9430E-10 7.0165E-10 7.0844E-10 7.1461E-10 7.2020E-10 7.2515E-10 7.2965E-10 7.5233E-10 7.6494E-10 7.6804E-10 7.7080E-10 7.7320E-10 7.7523E-10 7.7687E-10 7.7812E-10 7.8284E-10 7.9426E-10 7.9379E-10 7.9968E-10 7.9800E-10 7.9581E-10 7.9311E-10 7.8988E-10 7.8612E-10 7.8181E-10 7.7696E-10 7.7155E-10 7.6558E-10 7.5906E-10 7.5198E-10
3.8512E-10 3.9581E-10 4.0420E-10 4.1628E-10 4.3581E-10 4.4718E-10 4.5616E-10 4.6890E-10 4.8925E-10 4.9867E-10 5.0808E-10 5.2132E-10 5.3082E-10 5.4815E-10 5.5778E-10 5.6739E-10 5.7695E-10 5.8646E-10 5.9589E-10 6.0523E-10 6.1446E-10 6.2359E-10 6.3256E-10 6.4139E-10 6.5004E-10 6.5847E-10 6.6657E-10 6.7414E-10 6.8117E-10 6.8762E-10 6.9345E-10 6.9869E-10 7.0328E-10 7.0741E-10 7.1119E-10 7.1467E-10 7.1785E-10 7.2072E-10 7.2735E-10 7.4128E-10 7.5035E-10 7.5125E-10 7.5174E-10 7.5181E-10 7.5145E-10 7.5065E-10 7.4939E-10 7.4767E-10 7.4546E-10 7.4277E-10 7.3957E-10 7.3844E-10 7.3409E-10 7.2922E-10 7.2382E-10 7.1788E-10 7.1142E-10
3.6230E-10 3.7237E-10 3.9335E-10 4.0155E-10 4.1337E-10 4.2171E-10 4.4360E-10 4.5234E-10 4.6110E-10 4.7363E-10 4.9380E-10 5.0293E-10 5.1205E-10 5.2501E-10 5.4185E-10 5.5117E-10 5.6045E-10 5.6967E-10 5.7882E-10 5.8788E-10 5.9682E-10 6.0566E-10 6.1433E-10 6.2286E-10 6.3121E-10 6.3932E-10 6.4711E-10 6.5437E-10 6.6109E-10 6.6721E-10 6.7273E-10 6.7762E-10 6.8187E-10 6.8565E-10 6.8906E-10 6.9217E-10 6.9498E-10 6.9748E-10 6.9966E-10 7.0150E-10 7.0301E-10 7.0416E-10 7.0494E-10 7.0534E-10 7.0534E-10 7.0807E-10 7.1597E-10 7.1423E-10 7.1203E-10 7.0937E-10 7.1101E-10 7.0713E-10 7.0275E-10 6.9787E-10 6.9249E-10 6.8660E-10 6.8021E-10
3.4934E-10 3.5673E-10 3.6770E-10 3.8830E-10 3.9864E-10 4.0666E-10 4.1832E-10 4.3734E-10 4.4825E-10 4.5675E-10 4.6896E-10 4.7755E-10 4.9749E-10 5.0632E-10 5.1512E-10 5.2775E-10 5.4425E-10 5.5320E-10 5.6207E-10 5.7085E-10 5.7951E-10 5.8806E-10 5.9645E-10 6.0468E-10 6.1273E-10 6.2054E-10 6.2804E-10 6.3499E-10 6.4141E-10 6.4723E-10 6.5243E-10 6.5699E-10 6.6093E-10 6.6437E-10 6.6743E-10 6.7019E-10 6.7265E-10 6.7480E-10 6.7663E-10 6.7814E-10 6.7931E-10 6.8013E-10 6.8059E-10 6.8068E-10 6.8038E-10 6.7969E-10 6.7858E-10 6.7705E-10 6.7509E-10 6.7268E-10 6.6982E-10 6.6649E-10 6.6270E-10 6.5842E-10 6.5366E-10 6.4842E-10 6.4268E-10
3.3440E-10 3.4722E-10 3.5444E-10 3.6169E-10 3.7493E-10 3.9548E-10 4.0329E-10 4.1111E-10 4.2259E-10 4.4388E-10 4.5214E-10 4.6039E-10 4.7233E-10 4.8436E-10 5.0029E-10 5.0880E-10 5.1727E-10 5.2955E-10 5.3798E-10 5.5414E-10 5.6253E-10 5.7081E-10 5.7891E-10 5.8686E-10 5.9461E-10 6.0214E-10 6.0934E-10 6.1601E-10 6.2214E-10 6.2766E-10 6.3257E-10 6.3682E-10 6.4045E-10 6.4357E-10 6.4630E-10 6.4873E-10 6.5086E-10 6.5268E-10 6.5418E-10 6.5537E-10 6.5622E-10 6.5673E-10 6.5690E-10 6.5670E-10 6.5612E-10 6.5516E-10 6.5380E-10 6.5203E-10 6.4984E-10 6.4722E-10 6.4416E-10 6.4066E-10 6.3671E-10 6.3230E-10 6.2743E-10 6.2209E-10 6.1629E-10
3.2324E-10 3.3002E-10 3.3918E-10 3.5193E-10 3.5901E-10 3.6961E-10 3.7923E-10 3.9968E-10 4.0728E-10 4.1489E-10 4.2616E-10 4.4726E-10 4.5525E-10 4.6322E-10 4.7488E-10 4.8662E-10 5.0221E-10 5.1038E-10 5.1847E-10 5.3031E-10 5.3828E-10 5.5389E-10 5.6172E-10 5.6939E-10 5.7686E-10 5.8410E-10 5.9103E-10 5.9741E-10 6.0326E-10 6.0850E-10 6.1313E-10 6.1709E-10 6.2043E-10 6.2325E-10 6.2566E-10 6.2778E-10 6.2960E-10 6.3110E-10 6.3230E-10 6.3318E-10 6.3374E-10 6.3396E-10 6.3385E-10 6.3338E-10 6.3254E-10 6.3133E-10 6.2974E-10 6.2775E-10 6.2535E-10 6.2254E-10 6.1931E-10 6.1566E-10 6.1157E-10 6.0704E-10 6.0207E-10 5.9666E-10 5.9081E-10
3.1230E-10 3.2112E-10 3.2775E-10 3.3671E-10 3.4920E-10 3.5610E-10 3.6301E-10 3.7584E-10 3.8880E-10 4.0321E-10 4.1060E-10 4.1798E-10 4.2901E-10 4.4986E-10 4.5757E-10 4.6525E-10 4.7660E-10 4.8801E-10 5.0321E-10 5.1095E-10 5.1858E-10 5.2991E-10 5.3733E-10 5.5228E-10 5.5947E-10 5.6643E-10 5.7309E-10 5.7921E-10 5.8479E-10 5.8975E-10 5.9412E-10 5.9781E-10 6.0087E-10 6.0340E-10 6.0552E-10 6.0734E-10 6.0886E-10 6.1008E-10 6.1098E-10 6.1158E-10 6.1186E-10 6.1181E-10 6.1144E-10 6.1072E-10 6.0964E-10 6.0820E-10 6.0639E-10 6.0420E-10 6.0162E-10 5.9864E-10 5.9525E-10 5.9146E-10 5.8725E-10 5.8263E-10 5.7758E-10 5.7211E-10 5.6622E-10
2.9944E-10 3.0795E-10 3.1881E-10 3.2527E-10 3.3176E-10 3.4060E-10 3.5298E-10 3.5970E-10 3.6644E-10 3.7910E-10 3.9189E-10 4.0607E-10 4.1322E-10 4.2035E-10 4.3111E-10 4.4443E-10 4.5909E-10 4.6645E-10 4.7376E-10 4.8472E-10 4.9569E-10 5.1040E-10 5.1749E-10 5.2442E-10 5.3499E-10 5.4154E-10 5.5553E-10 5.6140E-10 5.6673E-10 5.7142E-10 5.7553E-10 5.7897E-10 5.8177E-10 5.8403E-10 5.8586E-10 5.8740E-10 5.8865E-10 5.8959E-10 5.9022E-10 5.9055E-10 5.9057E-10 5.9027E-10 5.8966E-10 5.8870E-10 5.8741E-10 5.8576E-10 5.8375E-10 5.8137E-10 5.7862E-10 5.7549E-10 5.7197E-10 5.6805E-10 5.6374E-10 5.5904E-10 5.5393E-10 5.4842E-10 5.4251E-10
2.9128E-10 2.9734E-10 3.0567E-10 3.1183E-10 3.2260E-10 3.2892E-10 3.3756E-10 3.4396E-10 3.5619E-10 3.6273E-10 3.6927E-10 3.8174E-10 3.9432E-10 4.0824E-10 4.1514E-10 4.2201E-10 4.3248E-10 4.4549E-10 4.5978E-10 4.6676E-10 4.7362E-10 4.8409E-10 4.9450E-10 5.0855E-10 5.1502E-10 5.2126E-10 5.2718E-10 5.3649E-10 5.4145E-10 5.5351E-10 5.5737E-10 5.6056E-10 5.6312E-10 5.6512E-10 5.6669E-10 5.6797E-10 5.6895E-10 5.6963E-10 5.7001E-10 5.7009E-10 5.6987E-10 5.6934E-10 5.6849E-10 5.6733E-10 5.6583E-10 5.6399E-10 5.6180E-10 5.5925E-10 5.5635E-10 5.5308E-10 5.4944E-10 5.4542E-10 5.4103E-10 5.3625E-10 5.3110E-10 5.2556E-10 5.1965E-10
2.8111E-10 2.8914E-10 2.9505E-10 3.0098E-10 3.0920E-10 3.1975E-10 3.2589E-10 3.3205E-10 3.4054E-10 3.4676E-10 3.5882E-10 3.6516E-10 3.7386E-10 3.8374E-10 3.9609E-10 4.0971E-10 4.1634E-10 4.2293E-10 4.3308E-10 4.4570E-10 4.5221E-10 4.6600E-10 4.7234E-10 4.7852E-10 4.9199E-10 4.9786E-10 5.1093E-10 5.1614E-10 5.2081E-10 5.2484E-10 5.3216E-10 5.3500E-10 5.3729E-10 5.4669E-10 5.4800E-10 5.4903E-10 5.4977E-10 5.5020E-10 5.5035E-10 5.5019E-10 5.4974E-10 5.4900E-10 5.4794E-10 5.4658E-10 5.4489E-10 5.4287E-10 5.4052E-10 5.3783E-10 5.3479E-10 5.3140E-10 5.2766E-10 5.2355E-10 5.1909E-10 5.1426E-10 5.0907E-10 5.0352E-10 4.9761E-10
2.6798E-10 2.7896E-10 2.8465E-10 2.9259E-10 2.9837E-10 3.0416E-10 3.1226E-10 3.2268E-10 3.2867E-10 3.3465E-10 3.4297E-10 3.5129E-10 3.6085E-10 3.6698E-10 3.7546E-10 3.8159E-10 3.9364E-10 4.0343E-10 4.1682E-10 4.2304E-10 4.2916E-10 4.4126E-10 4.5088E-10 4.6402E-10 4.6976E-10 4.7528E-10 4.8048E-10 4.9277E-10 4.9709E-10 5.0080E-10 5.1153E-10 5.1410E-10 5.1611E-10 5.2153E-10 5.2270E-10 5.2359E-10 5.2419E-10 5.3130E-10 5.3122E-10 5.3085E-10 5.3019E-10 5.2924E-10 5.2800E-10 5.2645E-10 5.2459E-10 5.2241E-10 5.1992E-10 5.1709E-10 5.1393E-10 5.1044E-10 5.0660E-10 5.0242E-10 4.9790E-10 4.9304E-10 4.8783E-10 4.8228E-10 4.7639E-10
2.5838E-10 2.6589E-10 2.7127E-10 2.8220E-10 2.8775E-10 2.9558E-10 3.0122E-10 3.0912E-10 3.1482E-10 3.2510E-10 3.3090E-10 3.3670E-10 3.4483E-10 3.5295E-10 3.6229E-10 3.6818E-10 3.7643E-10 3.8231E-10 3.9407E-10 4.0348E-10 4.0929E-10 4.2217E-10 4.2780E-10 4.3569E-10 4.4829E-10 4.5349E-10 4.5835E-10 4.7021E-10 4.7421E-10 4.7759E-10 4.8794E-10 4.9039E-10 4.9226E-10 5.0076E-10 5.0177E-10 5.0248E-10 5.0292E-10 5.0648E-10 5.0630E-10 5.0585E-10 5.0512E-10 5.0411E-10 5.0864E-10 5.0693E-10 5.0491E-10 5.0259E-10 4.9996E-10 4.9702E-10 4.9375E-10 4.9017E-10 4.8626E-10 4.8202E-10 4.7746E-10 4.7256E-10 4.6735E-10 4.6181E-10 4.5595E-10
2.5114E-10 2.5629E-10 2.6364E-10 2.6888E-10 2.7742E-10 2.8499E-10 2.9263E-10 2.9812E-10 3.0360E-10 3.1134E-10 3.1687E-10 3.2699E-10 3.3260E-10 3.3820E-10 3.4612E-10 3.5172E-10 3.6311E-10 3.6877E-10 3.7676E-10 3.8231E-10 3.8777E-10 4.0259E-10 4.0791E-10 4.1306E-10 4.2521E-10 4.3003E-10 4.3700E-10 4.4848E-10 4.5217E-10 4.5541E-10 4.6516E-10 4.6735E-10 4.6901E-10 4.7407E-10 4.7847E-10 4.7908E-10 4.7942E-10 4.7948E-10 4.8539E-10 4.8481E-10 4.8395E-10 4.8284E-10 4.8438E-10 4.8265E-10 4.8063E-10 4.7833E-10 4.7573E-10 4.7283E-10 4.6964E-10 4.6613E-10 4.6661E-10 4.6232E-10 4.5773E-10 4.5283E-10 4.4761E-10 4.4209E-10 4.3627E-10
2.3793E-10 2.4277E-10 2.5406E-10 2.5910E-10 2.6634E-10 2.7146E-10 2.7990E-10 2.8734E-10 2.9485E-10 3.0017E-10 3.0549E-10 3.1306E-10 3.1841E-10 3.2833E-10 3.3374E-10 3.3913E-10 3.4683E-10 3.5221E-10 3.5988E-10 3.6866E-10 3.7390E-10 3.8140E-10 3.8639E-10 3.9359E-10 4.0534E-10 4.0987E-10 4.1410E-10 4.2512E-10 4.2848E-10 4.3387E-10 4.4356E-10 4.4565E-10 4.4722E-10 4.4843E-10 4.5565E-10 4.5616E-10 4.5640E-10 4.5981E-10 4.6255E-10 4.6191E-10 4.6102E-10 4.5987E-10 4.5846E-10 4.5679E-10 4.5985E-10 4.5749E-10 4.5486E-10 4.5194E-10 4.4873E-10 4.4524E-10 4.4364E-10 4.3948E-10 4.3502E-10 4.3028E-10 4.2525E-10 4.1992E-10 4.1431E-10
2.2914E-10 2.3589E-10 2.4061E-10 2.5168E-10 2.5659E-10 2.6151E-10 2.6864E-10 2.7362E-10 2.8194E-10 2.8924E-10 2.9659E-10 3.0174E-10 3.0688E-10 3.1426E-10 3.1942E-10 3.2913E-10 3.3433E-10 3.3950E-10 3.4696E-10 3.5204E-10 3.5933E-10 3.6765E-10 3.7244E-10 3.7942E-10 3.8385E-10 3.8806E-10 3.9436E-10 4.0511E-10 4.0838E-10 4.1121E-10 4.1360E-10 4.2199E-10 4.2585E-10 4.2696E-10 4.3123E-10 4.3484E-10 4.3501E-10 4.3494E-10 4.3461E-10 4.3404E-10 4.3855E-10 4.3737E-10 4.3893E-10 4.3720E-10 4.3773E-10 4.3541E-10 4.3283E-10 4.2997E-10 4.2684E-10 4.2344E-10 4.1977E-10 4.1582E-10 4.1159E-10 4.0708E-10 4.0230E-10 3.9726E-10 3.9194E-10
2.1651E-10 2.2712E-10 2.3165E-10 2.3831E-10 2.4292E-10 2.5394E-10 2.5872E-10 2.6567E-10 2.7051E-10 2.7862E-10 2.8353E-10 2.9066E-10 2.9784E-10 3.0281E-10 3.0777E-10 3.1495E-10 3.1990E-10 3.2714E-10 3.3436E-10 3.3924E-10 3.4633E-10 3.5100E-10 3.5553E-10 3.6220E-10 3.6983E-10 3.7384E-10 3.7995E-10 3.8340E-10 3.8646E-10 3.9147E-10 3.9371E-10 4.0229E-10 4.0363E-10 4.0464E-10 4.0538E-10 4.0822E-10 4.1404E-10 4.1390E-10 4.1663E-10 4.1597E-10 4.1776E-10 4.1657E-10 4.1515E-10 4.1349E-10 4.1159E-10 4.0945E-10 4.0706E-10 4.0442E-10 4.0395E-10 4.0445E-10 4.0081E-10 3.9691E-10 3.9274E-10 3.8832E-10 3.8363E-10 3.7869E-10 3.7350E-10
