Assets/Resources/2015_m01_d07_0500(utc+0800)_l00_csi_1hr_conc.grd
DSAA
         159         159
     -79.000      79.000
     -79.000      79.000
  0.0000E+00  0.6521E-05
[rows 75 to 99 of 159, columns 57 to 113 of 159]
3.9624E-10 4.2889E-10 4.7742E-10 5.3650E-10 6.0043E-10 6.7292E-10 7.5038E-10 8.6345E-10 9.7593E-10 1.0757E-09 1.1757E-09 1.2836E-09 1.3965E-09 1.5605E-09 1.7422E-09 2.0221E-09 2.5731E-09 1.0529E-08 3.2717E-08 9.3635E-08 1.9597E-07 3.3451E-07 5.7631E-07 9.6241E-07 5.0177E-07 3.8215E-07 2.4354E-07 1.4216E-07 7.3779E-08 3.9864E-08 2.0816E-08 1.2148E-08 8.0037E-09 6.4072E-09 5.6247E-09 5.0156E-09 4.5700E-09 4.2197E-09 3.8872E-09 3.5841E-09 3.2850E-09 3.0008E-09 2.7153E-09 2.4602E-09 2.2290E-09 2.0202E-09 1.7835E-09 1.5676E-09 1.2883E-09 1.1022E-09 9.6793E-10 8.7797E-10 7.9819E-10 7.2708E-10 6.7910E-10 6.3400E-10 5.9278E-10
3.5758E-10 3.8353E-10 4.1256E-10 4.5683E-10 5.1428E-10 5.7851E-10 6.4151E-10 7.1255E-10 7.8838E-10 9.1175E-10 1.0040E-09 1.0982E-09 1.1953E-09 1.3308E-09 1.4470E-09 1.6644E-09 2.1158E-09 3.2811E-09 2.3418E-08 1.0093E-07 2.5583E-07 4.7121E-07 9.8516E-07 1.1574E-06 5.7600E-07 3.7823E-07 2.0881E-07 1.0058E-07 4.8421E-08 2.1542E-08 9.7959E-09 6.7264E-09 5.3079E-09 4.7358E-09 4.3187E-09 3.9470E-09 3.6615E-09 3.3859E-09 3.1441E-09 2.9081E-09 2.6815E-09 2.4622E-09 2.2508E-09 2.0358E-09 1.7905E-09 1.5731E-09 1.3220E-09 1.1017E-09 9.8665E-10 9.1196E-10 8.2806E-10 7.5388E-10 6.9196E-10 6.4844E-10 6.0585E-10 5.6656E-10 5.3132E-10
3.1833E-10 3.4557E-10 3.7002E-10 3.9472E-10 4.3265E-10 4.8848E-10 5.5142E-10 6.0994E-10 6.6986E-10 7.4423E-10 8.3295E-10 9.2562E-10 1.0134E-09 1.0997E-09 1.2240E-09 1.3482E-09 1.6777E-09 2.5199E-09 5.2327E-09 8.4136E-08 3.0059E-07 6.5217E-07 1.9657E-06 8.8043E-07 6.1507E-07 3.3256E-07 1.5030E-07 5.6413E-08 2.3522E-08 8.3765E-09 5.4927E-09 4.2822E-09 3.8176E-09 3.5420E-09 3.2882E-09 3.0850E-09 2.8991E-09 2.7250E-09 2.5344E-09 2.3574E-09 2.1343E-09 1.9616E-09 1.7543E-09 1.5119E-09 1.3349E-09 1.1594E-09 1.0326E-09 9.2285E-10 8.4895E-10 7.7190E-10 7.0589E-10 6.5544E-10 6.1581E-10 5.7527E-10 5.3853E-10 5.0626E-10 4.7881E-10
2.8647E-10 3.0690E-10 3.3265E-10 3.5555E-10 3.7667E-10 4.0668E-10 4.5437E-10 5.1718E-10 5.7285E-10 6.2426E-10 6.9547E-10 7.6889E-10 8.4520E-10 9.1946E-10 9.9729E-10 1.1121E-09 1.2853E-09 1.8140E-09 3.5073E-09 4.0539E-08 2.9793E-07 8.8287E-07 6.5208E-06 1.0631E-06 5.7221E-07 2.2677E-07 7.5017E-08 1.7282E-08 6.5673E-09 4.1378E-09 3.1713E-09 2.9104E-09 2.7504E-09 2.6123E-09 2.4893E-09 2.3733E-09 2.2260E-09 2.1000E-09 1.9468E-09 1.7412E-09 1.6101E-09 1.4248E-09 1.3099E-09 1.1669E-09 1.0731E-09 9.5791E-10 8.5056E-10 7.7938E-10 7.1275E-10 6.5852E-10 6.1804E-10 5.8023E-10 5.4240E-10 5.0844E-10 4.8016E-10 4.5620E-10 4.3284E-10
2.5069E-10 2.7557E-10 2.9474E-10 3.1894E-10 3.4027E-10 3.5949E-10 3.8133E-10 4.1779E-10 4.7382E-10 5.3266E-10 5.8014E-10 6.4219E-10 7.1174E-10 7.6938E-10 8.3148E-10 8.9434E-10 1.0151E-09 1.2635E-09 2.1068E-09 5.8452E-09 1.8656E-07 9.5294E-07 1.8146E-06 1.1363E-06 3.7278E-07 8.6808E-08 9.9949E-09 4.4524E-09 2.9207E-09 2.2570E-09 2.0863E-09 2.0397E-09 1.9859E-09 1.9284E-09 1.8627E-09 1.7852E-09 1.6973E-09 1.6009E-09 1.5014E-09 1.3732E-09 1.2786E-09 1.1810E-09 1.0612E-09 9.4637E-10 8.7259E-10 7.6989E-10 7.0779E-10 6.5487E-10 6.1289E-10 5.7834E-10 5.4163E-10 5.0656E-10 4.7798E-10 4.5430E-10 4.3275E-10 4.1150E-10 3.9063E-10
2.2744E-10 2.4053E-10 2.6408E-10 2.7910E-10 3.0457E-10 3.2149E-10 3.4196E-10 3.6000E-10 3.8256E-10 4.2407E-10 4.7827E-10 5.3410E-10 5.8988E-10 6.4562E-10 6.9842E-10 7.4939E-10 8.0030E-10 9.2648E-10 1.2418E-09 2.5677E-09 6.1075E-08 3.0794E-07 5.6736E-07 3.8428E-07 1.0146E-07 6.8539E-09 3.1499E-09 2.0604E-09 1.7867E-09 1.6314E-09 1.6319E-09 1.6187E-09 1.5921E-09 1.5523E-09 1.5013E-09 1.4099E-09 1.3456E-09 1.2787E-09 1.2056E-09 1.1280E-09 1.0206E-09 9.4751E-10 8.4477E-10 7.7879E-10 6.8917E-10 6.4018E-10 6.0088E-10 5.6699E-10 5.3469E-10 5.0074E-10 4.7192E-10 4.4862E-10 4.2808E-10 4.0871E-10 3.8951E-10 3.7058E-10 3.5198E-10
1.9740E-10 2.1119E-10 2.2994E-10 2.4547E-10 2.6594E-10 2.8316E-10 3.0517E-10 3.2395E-10 3.4033E-10 3.5695E-10 3.7798E-10 4.1884E-10 4.6873E-10 5.3476E-10 5.8222E-10 6.2426E-10 6.6882E-10 7.1390E-10 7.9364E-10 1.1454E-09 1.0021E-08 4.4070E-08 7.7826E-08 5.1780E-08 1.4608E-08 2.1699E-09 1.5513E-09 1.3421E-09 1.2735E-09 1.2839E-09 1.2846E-09 1.2740E-09 1.2539E-09 1.2254E-09 1.1898E-09 1.1464E-09 1.0939E-09 1.0056E-09 9.4622E-10 8.8613E-10 7.9453E-10 7.3967E-10 6.5637E-10 6.1465E-10 5.7834E-10 5.4791E-10 5.1808E-10 4.8932E-10 4.6215E-10 4.3970E-10 4.1972E-10 4.0161E-10 3.8432E-10 3.6711E-10 3.5005E-10 3.3321E-10 3.1666E-10
1.7253E-10 1.8855E-10 2.0142E-10 2.1901E-10 2.3341E-10 2.5242E-10 2.6536E-10 2.8851E-10 3.0283E-10 3.2041E-10 3.3534E-10 3.5036E-10 3.6658E-10 4.0281E-10 4.5333E-10 5.0542E-10 5.4899E-10 5.8745E-10 6.2429E-10 6.7764E-10 8.2143E-10 1.1928E-09 1.5390E-09 1.5094E-09 1.1543E-09 1.0154E-09 9.7388E-10 9.7806E-10 9.9053E-10 9.9927E-10 9.9996E-10 9.9211E-10 9.7673E-10 9.5251E-10 9.2077E-10 8.8372E-10 8.4311E-10 7.6747E-10 7.2619E-10 6.8445E-10 6.1053E-10 5.7649E-10 5.4485E-10 5.1794E-10 4.9397E-10 4.6985E-10 4.4776E-10 4.2717E-10 4.0820E-10 3.9084E-10 3.7514E-10 3.5983E-10 3.4450E-10 3.2924E-10 3.1411E-10 2.9917E-10 2.8448E-10
1.5637E-10 1.6440E-10 1.7947E-10 1.8857E-10 2.0783E-10 2.1828E-10 2.3201E-10 2.5040E-10 2.6530E-10 2.8454E-10 2.9755E-10 3.1372E-10 3.2706E-10 3.4035E-10 3.5484E-10 3.8301E-10 4.2116E-10 4.5474E-10 4.8623E-10 5.1768E-10 5.4701E-10 5.7331E-10 5.9740E-10 6.5308E-10 6.6616E-10 6.7738E-10 6.9445E-10 7.1634E-10 7.3824E-10 7.7571E-10 7.7783E-10 7.7370E-10 7.3188E-10 7.1231E-10 6.8778E-10 6.6501E-10 6.4124E-10 6.1174E-10 5.4906E-10 5.2329E-10 5.0048E-10 4.8092E-10 4.6341E-10 4.4582E-10 4.2818E-10 4.1061E-10 3.9295E-10 3.7687E-10 3.6228E-10 3.4891E-10 3.3546E-10 3.2192E-10 3.0836E-10 2.9486E-10 2.8146E-10 2.6822E-10 2.4847E-10
1.4152E-10 1.4876E-10 1.5613E-10 1.6361E-10 1.7855E-10 1.9000E-10 2.0599E-10 2.1854E-10 2.3537E-10 2.4605E-10 2.5986E-10 2.7785E-10 2.8943E-10 3.0403E-10 3.1568E-10 3.2718E-10 3.4283E-10 3.6299E-10 3.8637E-10 4.0752E-10 4.2595E-10 4.4259E-10 4.5894E-10 4.7383E-10 4.8765E-10 5.0013E-10 5.1021E-10 5.5100E-10 5.5810E-10 5.6214E-10 5.6247E-10 5.5899E-10 5.5224E-10 5.4305E-10 5.3158E-10 4.8856E-10 4.7654E-10 4.6427E-10 4.5279E-10 4.4218E-10 4.3105E-10 4.1800E-10 4.0340E-10 3.8890E-10 3.7406E-10 3.5951E-10 3.4641E-10 3.3466E-10 3.2314E-10 3.1141E-10 2.9954E-10 2.8759E-10 2.7563E-10 2.6370E-10 2.4508E-10 2.3393E-10 2.2293E-10
1.2538E-10 1.3442E-10 1.4106E-10 1.4780E-10 1.5461E-10 1.6848E-10 1.7610E-10 1.9367E-10 2.0232E-10 2.1403E-10 2.2991E-10 2.3946E-10 2.5204E-10 2.6858E-10 2.7866E-10 2.9159E-10 3.0152E-10 3.1145E-10 3.2546E-10 3.4149E-10 3.5774E-10 3.7082E-10 3.8144E-10 3.9086E-10 3.9945E-10 4.0711E-10 4.1373E-10 4.1920E-10 4.2345E-10 4.2641E-10 4.2805E-10 4.2836E-10 4.2734E-10 4.2502E-10 4.2147E-10 4.1674E-10 4.1094E-10 4.0415E-10 3.9568E-10 3.8537E-10 3.7419E-10 3.6284E-10 3.5085E-10 3.3858E-10 3.2752E-10 3.1751E-10 3.0792E-10 2.9803E-10 2.8789E-10 2.7757E-10 2.6711E-10 2.5659E-10 2.3936E-10 2.2933E-10 2.1936E-10 2.0304E-10 1.9105E-10
1.1124E-10 1.1825E-10 1.2565E-10 1.3332E-10 1.3945E-10 1.4562E-10 1.5183E-10 1.6529E-10 1.7516E-10 1.8916E-10 1.9690E-10 2.0766E-10 2.2242E-10 2.3078E-10 2.4204E-10 2.5035E-10 2.6552E-10 2.7385E-10 2.8496E-10 2.9300E-10 3.0330E-10 3.1545E-10 3.2744E-10 3.3854E-10 3.4706E-10 3.5469E-10 3.6107E-10 3.6565E-10 3.6922E-10 3.7174E-10 3.7317E-10 3.7350E-10 3.7274E-10 3.7080E-10 3.6724E-10 3.6219E-10 3.5612E-10 3.4922E-10 3.4152E-10 3.3294E-10 3.2381E-10 3.1445E-10 3.0583E-10 2.9798E-10 2.9026E-10 2.8216E-10 2.7374E-10 2.6506E-10 2.5615E-10 2.4708E-10 2.3142E-10 2.2259E-10 2.1374E-10 1.9557E-10 1.8744E-10 1.7270E-10 1.6102E-10
9.5696E-11 1.0263E-10 1.0978E-10 1.1778E-10 1.2430E-10 1.2977E-10 1.3671E-10 1.4229E-10 1.5461E-10 1.6077E-10 1.6991E-10 1.8306E-10 1.8986E-10 1.9959E-10 2.0642E-10 2.2022E-10 2.3011E-10 2.3706E-10 2.4376E-10 2.5716E-10 2.6360E-10 2.7269E-10 2.7941E-10 2.8677E-10 2.9362E-10 2.9989E-10 3.0542E-10 3.1012E-10 3.1384E-10 3.1595E-10 3.1725E-10 3.1775E-10 3.1744E-10 3.1624E-10 3.1380E-10 3.1013E-10 3.0556E-10 3.0023E-10 2.9428E-10 2.8800E-10 2.8222E-10 2.7665E-10 2.7068E-10 2.6429E-10 2.5752E-10 2.5043E-10 2.4305E-10 2.2893E-10 2.2148E-10 2.1389E-10 1.9657E-10 1.8940E-10 1.8219E-10 1.6829E-10 1.5746E-10 1.4979E-10 1.3256E-10
7.7062E-11 8.2979E-11 9.5137E-11 1.0147E-10 1.0730E-10 1.1615E-10 1.2166E-10 1.2660E-10 1.3292E-10 1.3788E-10 1.4959E-10 1.5500E-10 1.6335E-10 1.6883E-10 1.8137E-10 1.9002E-10 1.9577E-10 2.0808E-10 2.1381E-10 2.2222E-10 2.2757E-10 2.3259E-10 2.3726E-10 2.4847E-10 2.5257E-10 2.5921E-10 2.6246E-10 2.6520E-10 2.6740E-10 2.6904E-10 2.7011E-10 2.7061E-10 2.7052E-10 2.6985E-10 2.6860E-10 2.6678E-10 2.6441E-10 2.6150E-10 2.5807E-10 2.5414E-10 2.4975E-10 2.4493E-10 2.3971E-10 2.2754E-10 2.2190E-10 2.1598E-10 2.0694E-10 2.0068E-10 1.8783E-10 1.8166E-10 1.7540E-10 1.5830E-10 1.5263E-10 1.4445E-10 1.2476E-10 1.1935E-10 1.0879E-10
6.0672E-11 7.1273E-11 7.6065E-11 8.1272E-11 9.3697E-11 9.8533E-11 1.0517E-10 1.1211E-10 1.1811E-10 1.2249E-10 1.2683E-10 1.3251E-10 1.3678E-10 1.4814E-10 1.5566E-10 1.6030E-10 1.7164E-10 1.7638E-10 1.8391E-10 1.8840E-10 1.9265E-10 2.0350E-10 2.0747E-10 2.1407E-10 2.1746E-10 2.2046E-10 2.2306E-10 2.2522E-10 2.2695E-10 2.2822E-10 2.3574E-10 2.3613E-10 2.3893E-10 2.3835E-10 2.3725E-10 2.2898E-10 2.2698E-10 2.2454E-10 2.2168E-10 2.1552E-10 2.1190E-10 2.0792E-10 2.0363E-10 1.9903E-10 1.8754E-10 1.8274E-10 1.7775E-10 1.6967E-10 1.5638E-10 1.5155E-10 1.4535E-10 1.3574E-10 1.1964E-10 1.1432E-10 1.0480E-10 9.6044E-11 9.1377E-11
5.1524E-11 5.5330E-11 5.9101E-11 6.9930E-11 7.4828E-11 7.8893E-11 8.5038E-11 9.5987E-11 1.0082E-10 1.0699E-10 1.1244E-10 1.1754E-10 1.2130E-10 1.2498E-10 1.2856E-10 1.4035E-10 1.4417E-10 1.5085E-10 1.5452E-10 1.6474E-10 1.6834E-10 1.7463E-10 1.7787E-10 1.8083E-10 1.8349E-10 1.8584E-10 1.9458E-10 1.9639E-10 2.0074E-10 2.0185E-10 2.0256E-10 2.0285E-10 2.0274E-10 2.0220E-10 2.0126E-10 1.9992E-10 1.9819E-10 1.9607E-10 1.9359E-10 1.8417E-10 1.8119E-10 1.7792E-10 1.7150E-10 1.6779E-10 1.6386E-10 1.5175E-10 1.4784E-10 1.4252E-10 1.3077E-10 1.1806E-10 1.1462E-10 1.0863E-10 9.8032E-11 9.2768E-11 8.6495E-11 7.8001E-11 7.4602E-11
3.7729E-11 4.0727E-11 5.0621E-11 5.4412E-11 5.7180E-11 6.3774E-11 7.1546E-11 7.6406E-11 8.0128E-11 8.6248E-11 9.3339E-11 1.0115E-10 1.0606E-10 1.1064E-10 1.1380E-10 1.1817E-10 1.2115E-10 1.2400E-10 1.3358E-10 1.3649E-10 1.4360E-10 1.4630E-10 1.4880E-10 1.5106E-10 1.5991E-10 1.6187E-10 1.6650E-10 1.6797E-10 1.6913E-10 1.6997E-10 1.7048E-10 1.7067E-10 1.7052E-10 1.7005E-10 1.6925E-10 1.6813E-10 1.6670E-10 1.6497E-10 1.6294E-10 1.6064E-10 1.5671E-10 1.4739E-10 1.4461E-10 1.4037E-10 1.2961E-10 1.2660E-10 1.1466E-10 1.1184E-10 1.0562E-10 9.6361E-11 9.1522E-11 8.6866E-11 7.8751E-11 7.4207E-11 7.0681E-11 6.3026E-11 5.9479E-11
2.6737E-11 3.3784E-11 3.7217E-11 3.9289E-11 4.5042E-11 5.1734E-11 5.5137E-11 5.7687E-11 6.4607E-11 7.2123E-11 7.5370E-11 8.0299E-11 8.5160E-11 9.0750E-11 9.5040E-11 9.8457E-11 1.0456E-10 1.0824E-10 1.1200E-10 1.1426E-10 1.1766E-10 1.1963E-10 1.2827E-10 1.3015E-10 1.3477E-10 1.3632E-10 1.3765E-10 1.3874E-10 1.3959E-10 1.4019E-10 1.4054E-10 1.4064E-10 1.4049E-10 1.4008E-10 1.3943E-10 1.3853E-10 1.3739E-10 1.3473E-10 1.3317E-10 1.3017E-10 1.2470E-10 1.2127E-10 1.1161E-10 1.0956E-10 1.0528E-10 9.5350E-11 9.3293E-11 8.8181E-11 8.6069E-11 8.0600E-11 7.5061E-11 7.0899E-11 6.6934E-11 5.9604E-11 5.7134E-11 5.4592E-11 5.1009E-11
2.1634E-11 2.3108E-11 2.4941E-11 2.9690E-11 3.5063E-11 3.8187E-11 3.9802E-11 4.5430E-11 5.1902E-11 5.5391E-11 5.8877E-11 6.2277E-11 6.6860E-11 7.0566E-11 7.7472E-11 8.1777E-11 8.6040E-11 8.8712E-11 9.2738E-11 9.5427E-11 9.7195E-11 9.8836E-11 1.0121E-10 1.0259E-10 1.0738E-10 1.0986E-10 1.1079E-10 1.1156E-10 1.1214E-10 1.1254E-10 1.1950E-10 1.1601E-10 1.1883E-10 1.1853E-10 1.0997E-10 1.0850E-10 1.0772E-10 1.0678E-10 1.0278E-10 9.9455E-11 9.8139E-11 9.1928E-11 8.9715E-11 8.5978E-11 8.4418E-11 8.1475E-11 7.4201E-11 7.2643E-11 6.8065E-11 6.5202E-11 5.8080E-11 5.5860E-11 5.3631E-11 5.1510E-11 4.7922E-11 4.4510E-11 4.1536E-11
1.5973E-11 1.8329E-11 2.0990E-11 2.2738E-11 2.3936E-11 2.6164E-11 3.0077E-11 3.5338E-11 3.8319E-11 3.9775E-11 4.4370E-11 4.7618E-11 5.3005E-11 5.6368E-11 5.9952E-11 6.2162E-11 6.6540E-11 7.0121E-11 7.2527E-11 7.5536E-11 8.1393E-11 8.2988E-11 8.6883E-11 8.8070E-11 8.9131E-11 9.0061E-11 9.0857E-11 9.2290E-11 9.2807E-11 9.3180E-11 9.3405E-11 9.3483E-11 9.3413E-11 9.2422E-11 9.0853E-11 8.6825E-11 8.6264E-11 8.3344E-11 8.2575E-11 8.1689E-11 8.0693E-11 7.7504E-11 7.5142E-11 7.0456E-11 6.6293E-11 6.5135E-11 6.2621E-11 5.5823E-11 5.4747E-11 5.1741E-11 4.9778E-11 4.5974E-11 4.3709E-11 4.0827E-11 3.9564E-11 3.8627E-11 3.6992E-11
1.1167E-11 1.3339E-11 1.5747E-11 1.7679E-11 1.9340E-11 2.1697E-11 2.3029E-11 2.4500E-11 2.6629E-11 2.9230E-11 3.5140E-11 3.6714E-11 3.9214E-11 4.0609E-11 4.4657E-11 4.6979E-11 4.9422E-11 5.4830E-11 5.6551E-11 6.0943E-11 6.2987E-11 6.5038E-11 6.7338E-11 7.0064E-11 7.1598E-11 7.2809E-11 7.3786E-11 7.5174E-11 7.5634E-11 7.5981E-11 7.5394E-11 7.5511E-11 7.5511E-11 7.5396E-11 7.3885E-11 7.3560E-11 7.1903E-11 6.7049E-11 6.6515E-11 6.3659E-11 6.2998E-11 6.2255E-11 5.9325E-11 5.7269E-11 5.2776E-11 4.9927E-11 4.8480E-11 4.6067E-11 4.3503E-11 4.1714E-11 3.9358E-11 3.8177E-11 3.6506E-11 3.5730E-11 3.4930E-11 3.3903E-11 3.2370E-11
7.1330E-12 9.2987E-12 1.0658E-11 1.3101E-11 1.4520E-11 1.5998E-11 1.8241E-11 1.9833E-11 2.1785E-11 2.3038E-11 2.4419E-11 2.5339E-11 2.7386E-11 3.0202E-11 3.1839E-11 3.6748E-11 3.9012E-11 4.0185E-11 4.1207E-11 4.2967E-11 4.6247E-11 4.7831E-11 4.9654E-11 5.0794E-11 5.2019E-11 5.3412E-11 5.4481E-11 5.5427E-11 5.6102E-11 5.6858E-11 5.7291E-11 5.7603E-11 5.7792E-11 5.7856E-11 5.7794E-11 5.7806E-11 5.6685E-11 5.4987E-11 5.3246E-11 4.9091E-11 4.7556E-11 4.5601E-11 4.3915E-11 4.2830E-11 4.0848E-11 3.9620E-11 3.7797E-11 3.6990E-11 3.6202E-11 3.4909E-11 3.4287E-11 3.3423E-11 3.2750E-11 3.1157E-11 3.0266E-11 2.9037E-11 2.8321E-11
4.6132E-12 5.7900E-12 7.0197E-12 8.2176E-12 9.8394E-12 1.1172E-11 1.3242E-11 1.4624E-11 1.6417E-11 1.8236E-11 1.9127E-11 2.1605E-11 2.2763E-11 2.3698E-11 2.4653E-11 2.5790E-11 2.6596E-11 2.8991E-11 2.9792E-11 3.1717E-11 3.2281E-11 3.3883E-11 3.4733E-11 3.5430E-11 3.9454E-11 4.0082E-11 4.0458E-11 4.0980E-11 4.1585E-11 4.2012E-11 4.2188E-11 3.8774E-11 3.8875E-11 3.9130E-11 3.8279E-11 3.8249E-11 3.8171E-11 3.8047E-11 3.7064E-11 3.6865E-11 3.6623E-11 3.6338E-11 3.5250E-11 3.4700E-11 3.3628E-11 3.3222E-11 3.2583E-11 3.1915E-11 3.1089E-11 3.0565E-11 2.9331E-11 2.8572E-11 2.7997E-11 2.6565E-11 2.4749E-11 2.4175E-11 2.3389E-11
2.1903E-12 2.9190E-12 3.9612E-12 5.6796E-12 6.2483E-12 7.1174E-12 9.2248E-12 9.9064E-12 1.1205E-11 1.2527E-11 1.4547E-11 1.5910E-11 1.8007E-11 1.8488E-11 1.9510E-11 2.1674E-11 2.2725E-11 2.3217E-11 2.4374E-11 2.5044E-11 2.5831E-11 2.6477E-11 2.7226E-11 2.7821E-11 2.8182E-11 2.8842E-11 3.0043E-11 3.1098E-11 3.1546E-11 3.2090E-11 3.2265E-11 3.2614E-11 3.1938E-11 3.2001E-11 3.2025E-11 3.1317E-11 3.1270E-11 3.1185E-11 3.1063E-11 3.0905E-11 3.0710E-11 3.0481E-11 3.0217E-11 2.9919E-11 2.9590E-11 2.8321E-11 2.7948E-11 2.7013E-11 2.6592E-11 2.5325E-11 2.4873E-11 2.3393E-11 2.2928E-11 2.1905E-11 2.0197E-11 1.9519E-11 1.8167E-11
0.0000E+00 1.1402E-12 2.1534E-12 2.2380E-12 2.9673E-12 4.5981E-12 5.7333E-12 6.2846E-12 7.4821E-12 9.2069E-12 9.8521E-12 1.1100E-11 1.1744E-11 1.3046E-11 1.5574E-11 1.6315E-11 1.7369E-11 1.8355E-11 1.9066E-11 2.0007E-11 2.0707E-11 2.1897E-11 2.2933E-11 2.3935E-11 2.4245E-11 2.4730E-11 2.5325E-11 2.5772E-11 2.5978E-11 2.6155E-11 2.6641E-11 2.6758E-11 2.7049E-11 2.7103E-11 2.7123E-11 2.7111E-11 2.7066E-11 2.6989E-11 2.6879E-11 2.6047E-11 2.5884E-11 2.5691E-11 2.5470E-11 2.4386E-11 2.4120E-11 2.3490E-11 2.3177E-11 2.2157E-11 2.1604E-11 2.0913E-11 1.9121E-11 1.8418E-11 1.8051E-11 1.7347E-11 1.6413E-11 1.3890E-11 1.3339E-11
