Assets/Resources/2015_m01_d22_1200(utc+0800)_l00_csi_1hr_conc.grd
DSAA
         159         159
     -79.000      79.000
     -79.000      79.000
  0.0000E+00  0.2713E-05
[rows 50 to 74 of 159, columns 57 to 113 of 159]
1.9829E-09 2.3907E-09 2.9205E-09 3.6112E-09 4.5383E-09 5.7419E-09 7.3711E-09 9.5809E-09 1.2536E-08 1.6448E-08 2.1461E-08 2.7801E-08 3.5480E-08 4.4397E-08 5.4211E-08 6.4304E-08 7.3754E-08 8.1592E-08 8.6910E-08 8.8994E-08 8.7653E-08 8.3579E-08 7.7793E-08 7.1268E-08 6.5138E-08 5.9829E-08 5.5474E-08 5.1841E-08 4.8858E-08 4.6345E-08 4.4041E-08 4.1699E-08 3.9338E-08 3.6958E-08 3.4623E-08 3.2324E-08 3.0165E-08 2.8127E-08 2.6187E-08 2.4367E-08 2.2680E-08 2.1160E-08 1.9787E-08 1.8570E-08 1.7489E-08 1.6555E-08 1.5740E-08 1.5015E-08 1.4369E-08 1.3806E-08 1.3271E-08 1.2662E-08 1.2251E-08 1.1895E-08 1.1548E-08 1.1210E-08 1.0882E-08
1.9196E-09 2.2722E-09 2.7393E-09 3.3624E-09 4.1807E-09 5.2518E-09 6.6920E-09 8.6854E-09 1.1344E-08 1.4912E-08 1.9580E-08 2.5602E-08 3.3085E-08 4.1966E-08 5.1879E-08 6.2221E-08 7.2026E-08 8.0230E-08 8.5759E-08 8.7896E-08 8.6362E-08 8.1788E-08 7.5405E-08 6.8426E-08 6.1916E-08 5.6587E-08 5.2432E-08 4.9198E-08 4.6605E-08 4.4473E-08 4.2413E-08 4.0265E-08 3.8068E-08 3.5839E-08 3.3622E-08 3.1414E-08 2.9313E-08 2.7340E-08 2.5466E-08 2.3705E-08 2.2087E-08 2.0618E-08 1.9298E-08 1.8119E-08 1.7083E-08 1.6183E-08 1.5393E-08 1.4688E-08 1.4063E-08 1.3515E-08 1.2976E-08 1.2406E-08 1.2005E-08 1.1656E-08 1.1317E-08 1.0986E-08 1.0664E-08
1.8334E-09 2.1731E-09 2.5898E-09 3.0938E-09 3.8268E-09 4.7493E-09 5.9915E-09 7.7023E-09 1.0012E-08 1.3184E-08 1.7389E-08 2.2961E-08 2.9999E-08 3.8596E-08 4.8442E-08 5.8959E-08 6.9149E-08 7.7825E-08 8.3683E-08 8.5897E-08 8.4226E-08 7.9180E-08 7.2162E-08 6.4689E-08 5.7987E-08 5.2702E-08 4.8878E-08 4.6054E-08 4.3907E-08 4.2170E-08 4.0371E-08 3.8447E-08 3.6439E-08 3.4385E-08 3.2314E-08 3.0247E-08 2.8242E-08 2.6343E-08 2.4558E-08 2.2885E-08 2.1349E-08 1.9958E-08 1.8700E-08 1.7582E-08 1.6594E-08 1.5735E-08 1.4977E-08 1.4299E-08 1.3700E-08 1.3169E-08 1.2647E-08 1.2105E-08 1.1716E-08 1.1377E-08 1.1047E-08 1.0725E-08 1.0411E-08
1.7534E-09 2.0746E-09 2.4350E-09 2.8993E-09 3.4882E-09 4.2572E-09 5.3163E-09 6.7307E-09 8.6779E-09 1.1390E-08 1.5041E-08 1.9970E-08 2.6399E-08 3.4522E-08 4.4120E-08 5.4692E-08 6.5181E-08 7.4304E-08 8.0674E-08 8.3158E-08 8.1428E-08 7.6065E-08 6.8502E-08 6.0544E-08 5.3635E-08 4.8460E-08 4.4949E-08 4.2552E-08 4.0894E-08 3.9536E-08 3.8000E-08 3.6311E-08 3.4510E-08 3.2648E-08 3.0745E-08 2.8843E-08 2.6970E-08 2.5170E-08 2.3489E-08 2.1924E-08 2.0490E-08 1.9187E-08 1.8013E-08 1.6959E-08 1.6028E-08 1.5217E-08 1.4498E-08 1.3854E-08 1.3286E-08 1.2772E-08 1.2256E-08 1.1745E-08 1.1388E-08 1.1061E-08 1.0741E-08 1.0429E-08 1.0123E-08
1.6693E-09 1.9548E-09 2.3031E-09 2.7129E-09 3.2017E-09 3.8546E-09 4.7032E-09 5.8409E-09 7.4490E-09 9.6324E-09 1.2718E-08 1.6962E-08 2.2626E-08 3.0002E-08 3.9033E-08 4.9345E-08 6.0024E-08 6.9666E-08 7.6750E-08 7.9787E-08 7.8186E-08 7.2572E-08 6.4520E-08 5.6056E-08 4.9012E-08 4.4013E-08 4.0863E-08 3.8918E-08 3.7719E-08 3.6669E-08 3.5387E-08 3.3928E-08 3.2347E-08 3.0684E-08 2.8968E-08 2.7243E-08 2.5524E-08 2.3853E-08 2.2287E-08 2.0848E-08 1.9528E-08 1.8329E-08 1.7241E-08 1.6261E-08 1.5396E-08 1.4638E-08 1.3962E-08 1.3357E-08 1.2822E-08 1.2329E-08 1.1841E-08 1.1365E-08 1.1023E-08 1.0709E-08 1.0401E-08 1.0100E-08 9.8050E-09
1.5778E-09 1.8396E-09 2.1576E-09 2.5303E-09 2.9856E-09 3.5074E-09 4.1757E-09 5.1111E-09 6.3584E-09 8.1051E-09 1.0590E-08 1.4085E-08 1.8893E-08 2.5360E-08 3.3614E-08 4.3426E-08 5.4010E-08 6.4054E-08 7.1792E-08 7.5633E-08 7.4617E-08 6.8982E-08 6.0555E-08 5.1691E-08 4.4360E-08 3.9504E-08 3.6766E-08 3.5240E-08 3.4457E-08 3.3655E-08 3.2611E-08 3.1381E-08 3.0020E-08 2.8556E-08 2.7035E-08 2.5487E-08 2.3938E-08 2.2422E-08 2.0989E-08 1.9682E-08 1.8488E-08 1.7395E-08 1.6400E-08 1.5503E-08 1.4709E-08 1.4007E-08 1.3379E-08 1.2818E-08 1.2315E-08 1.1832E-08 1.1374E-08 1.0951E-08 1.0626E-08 1.0325E-08 1.0031E-08 9.7419E-09 9.4580E-09
1.4743E-09 1.7259E-09 2.0193E-09 2.3489E-09 2.7583E-09 3.2279E-09 3.7856E-09 4.4960E-09 5.4923E-09 6.8715E-09 8.8000E-09 1.1577E-08 1.5560E-08 2.1054E-08 2.8263E-08 3.7218E-08 4.7339E-08 5.7500E-08 6.5968E-08 7.0790E-08 7.0568E-08 6.5305E-08 5.6635E-08 4.7379E-08 3.9899E-08 3.5165E-08 3.2776E-08 3.1623E-08 3.1170E-08 3.0576E-08 2.9756E-08 2.8744E-08 2.7592E-08 2.6331E-08 2.4999E-08 2.3627E-08 2.2253E-08 2.0909E-08 1.9630E-08 1.8456E-08 1.7387E-08 1.6405E-08 1.5509E-08 1.4698E-08 1.3977E-08 1.3333E-08 1.2757E-08 1.2241E-08 1.1770E-08 1.1317E-08 1.0897E-08 1.0489E-08 1.0199E-08 9.9139E-09 9.6333E-09 9.3572E-09 9.0858E-09
1.3676E-09 1.6105E-09 1.8667E-09 2.1842E-09 2.5347E-09 2.9584E-09 3.4598E-09 4.0427E-09 4.8126E-09 5.8671E-09 7.3635E-09 9.5583E-09 1.2739E-08 1.7361E-08 2.3501E-08 3.1350E-08 4.0673E-08 5.0522E-08 5.9306E-08 6.5130E-08 6.6009E-08 6.1369E-08 5.2800E-08 4.3321E-08 3.5754E-08 3.1248E-08 2.8948E-08 2.8141E-08 2.7946E-08 2.7519E-08 2.6895E-08 2.6091E-08 2.5130E-08 2.4061E-08 2.2908E-08 2.1715E-08 2.0516E-08 1.9348E-08 1.8235E-08 1.7198E-08 1.6248E-08 1.5377E-08 1.4582E-08 1.3861E-08 1.3211E-08 1.2628E-08 1.2105E-08 1.1633E-08 1.1180E-08 1.0762E-08 1.0378E-08 1.0021E-08 9.7479E-09 9.4783E-09 9.2123E-09 8.9503E-09 8.6928E-09
1.2675E-09 1.4806E-09 1.7210E-09 2.0099E-09 2.3262E-09 2.7141E-09 3.1384E-09 3.6513E-09 4.3047E-09 5.1331E-09 6.3264E-09 8.0527E-09 1.0621E-08 1.4362E-08 1.9594E-08 2.6456E-08 3.4693E-08 4.3828E-08 5.2590E-08 5.9147E-08 6.1893E-08 6.1596E-08 5.3168E-08 4.2048E-08 3.3229E-08 2.8177E-08 2.5439E-08 2.4894E-08 2.4838E-08 2.4571E-08 2.4107E-08 2.3485E-08 2.2699E-08 2.1794E-08 2.0816E-08 1.9797E-08 1.8774E-08 1.7777E-08 1.6826E-08 1.5927E-08 1.5094E-08 1.4333E-08 1.3636E-08 1.3002E-08 1.2424E-08 1.1902E-08 1.1432E-08 1.1001E-08 1.0585E-08 1.0189E-08 9.8613E-09 9.5328E-09 9.2765E-09 9.0229E-09 8.7725E-09 8.5260E-09 8.2838E-09
1.1630E-09 1.3482E-09 1.5787E-09 1.8265E-09 2.1259E-09 2.4739E-09 2.8549E-09 3.2999E-09 3.8445E-09 4.5596E-09 5.5230E-09 6.9473E-09 9.0961E-09 1.2248E-08 1.6765E-08 2.2769E-08 3.0206E-08 3.9316E-08 4.4374E-08 5.0046E-08 5.2449E-08 6.8715E-08 8.2794E-08 3.8697E-08 2.9660E-08 2.4478E-08 2.2210E-08 2.1880E-08 2.1943E-08 2.1800E-08 2.1466E-08 2.0968E-08 2.0329E-08 1.9583E-08 1.8768E-08 1.7920E-08 1.7066E-08 1.6230E-08 1.5425E-08 1.4661E-08 1.3947E-08 1.3288E-08 1.2687E-08 1.2135E-08 1.1626E-08 1.1165E-08 1.0743E-08 1.0337E-08 9.9604E-09 9.6234E-09 9.3112E-09 9.0285E-09 8.7895E-09 8.5529E-09 8.3193E-09 8.0892E-09 7.8628E-09
1.0565E-09 1.2286E-09 1.4246E-09 1.6603E-09 1.9337E-09 2.2238E-09 2.5848E-09 2.9820E-09 3.4456E-09 4.0578E-09 4.8694E-09 6.0923E-09 7.9624E-09 1.0765E-08 1.4800E-08 2.0112E-08 2.6656E-08 3.3944E-08 4.1588E-08 4.4183E-08 4.5286E-08 4.2015E-08 5.5442E-08 5.6939E-08 2.2855E-08 2.0169E-08 1.9218E-08 1.9207E-08 1.9295E-08 1.9209E-08 1.8961E-08 1.8572E-08 1.8066E-08 1.7468E-08 1.6809E-08 1.6119E-08 1.5420E-08 1.4727E-08 1.4055E-08 1.3418E-08 1.2818E-08 1.2260E-08 1.1746E-08 1.1270E-08 1.0829E-08 1.0423E-08 1.0046E-08 9.6825E-09 9.3308E-09 9.0357E-09 8.7730E-09 8.5137E-09 8.2928E-09 8.0739E-09 7.8576E-09 7.6444E-09 7.4346E-09
9.4743E-10 1.1055E-09 1.2899E-09 1.4997E-09 1.7313E-09 2.0052E-09 2.3211E-09 2.6639E-09 3.0755E-09 3.6003E-09 4.3086E-09 5.3726E-09 7.0021E-09 9.5713E-09 1.3364E-08 1.8482E-08 2.4782E-08 3.1704E-08 3.8255E-08 4.3172E-08 4.4717E-08 4.1521E-08 3.4311E-08 2.6207E-08 2.0369E-08 1.7507E-08 1.6646E-08 1.6731E-08 1.6839E-08 1.6801E-08 1.6630E-08 1.6338E-08 1.5949E-08 1.5485E-08 1.4968E-08 1.4418E-08 1.3854E-08 1.3289E-08 1.2739E-08 1.2214E-08 1.1721E-08 1.1258E-08 1.0823E-08 1.0418E-08 1.0038E-08 9.6819E-09 9.3349E-09 9.0139E-09 8.7235E-09 8.4666E-09 8.2299E-09 7.9943E-09 7.7918E-09 7.5910E-09 7.3923E-09 7.1962E-09 7.0019E-09
8.4299E-10 9.9320E-10 1.1478E-09 1.3329E-09 1.5501E-09 1.7820E-09 2.0622E-09 2.3744E-09 2.7078E-09 3.1658E-09 3.7800E-09 4.6948E-09 6.1731E-09 8.5634E-09 1.2165E-08 1.7179E-08 2.3453E-08 3.0432E-08 3.7186E-08 4.2421E-08 4.4286E-08 4.1029E-08 3.3076E-08 2.4079E-08 1.7837E-08 1.4999E-08 1.4300E-08 1.4476E-08 1.4597E-08 1.4603E-08 1.4496E-08 1.4293E-08 1.4008E-08 1.3658E-08 1.3261E-08 1.2830E-08 1.2382E-08 1.1932E-08 1.1491E-08 1.1066E-08 1.0665E-08 1.0287E-08 9.9278E-09 9.5863E-09 9.2604E-09 8.9362E-09 8.6335E-09 8.3550E-09 8.1084E-09 7.8842E-09 7.6882E-09 7.4755E-09 7.2916E-09 7.1088E-09 6.9277E-09 6.7484E-09 6.5686E-09
7.4801E-10 8.8418E-10 1.0243E-09 1.1839E-09 1.3645E-09 1.5853E-09 1.8269E-09 2.0888E-09 2.3955E-09 2.7664E-09 3.2681E-09 4.0597E-09 5.3727E-09 7.5805E-09 1.1041E-08 1.6005E-08 2.2308E-08 2.9379E-08 3.6308E-08 4.1781E-08 4.3905E-08 4.0524E-08 3.1803E-08 2.1964E-08 1.5434E-08 1.2720E-08 1.2224E-08 1.2449E-08 1.2586E-08 1.2627E-08 1.2581E-08 1.2453E-08 1.2253E-08 1.1994E-08 1.1693E-08 1.1363E-08 1.1017E-08 1.0666E-08 1.0319E-08 9.9821E-09 9.6600E-09 9.3556E-09 9.0646E-09 8.7792E-09 8.5014E-09 8.2249E-09 7.9660E-09 7.7332E-09 7.5251E-09 7.3285E-09 7.1526E-09 6.9626E-09 6.7967E-09 6.6316E-09 6.4675E-09 6.3037E-09 6.1383E-09
6.5325E-10 7.7332E-10 9.0748E-10 1.0475E-09 1.2034E-09 1.3863E-09 1.5985E-09 1.8403E-09 2.0888E-09 2.3966E-09 2.8267E-09 3.4812E-09 4.6229E-09 6.6356E-09 9.9568E-09 1.4870E-08 2.1265E-08 2.8463E-08 3.5526E-08 4.1148E-08 4.3491E-08 3.9995E-08 3.0461E-08 1.9766E-08 1.3104E-08 1.0668E-08 1.0442E-08 1.0663E-08 1.0810E-08 1.0885E-08 1.0883E-08 1.0811E-08 1.0676E-08 1.0491E-08 1.0269E-08 1.0025E-08 9.7645E-09 9.4975E-09 9.2305E-09 8.9679E-09 8.7133E-09 8.4694E-09 8.2341E-09 8.0008E-09 7.7575E-09 7.5244E-09 7.3106E-09 7.1188E-09 6.9408E-09 6.7840E-09 6.6268E-09 6.4596E-09 6.3111E-09 6.1629E-09 6.0149E-09 5.8653E-09 5.7149E-09
5.6742E-10 6.7292E-10 7.9344E-10 9.1962E-10 1.0568E-09 1.2125E-09 1.3865E-09 1.5986E-09 1.8228E-09 2.0711E-09 2.4206E-09 2.9833E-09 3.9655E-09 5.7753E-09 8.9253E-09 1.3769E-08 2.0227E-08 2.7606E-08 3.4876E-08 4.0727E-08 4.3366E-08 3.9858E-08 2.9460E-08 1.7822E-08 1.1039E-08 8.9146E-09 8.9013E-09 9.1122E-09 9.2653E-09 9.3561E-09 9.3845E-09 9.3533E-09 9.2713E-09 9.1477E-09 8.9910E-09 8.8139E-09 8.6249E-09 8.4276E-09 8.2269E-09 8.0262E-09 7.8271E-09 7.6308E-09 7.4406E-09 7.2441E-09 7.0475E-09 6.8586E-09 6.6873E-09 6.5284E-09 6.3924E-09 6.2545E-09 6.1145E-09 5.9701E-09 5.8382E-09 5.7064E-09 5.5723E-09 5.4367E-09 5.3009E-09
4.5994E-10 5.7762E-10 6.8606E-10 8.0125E-10 9.2297E-10 1.0557E-09 1.2037E-09 1.3745E-09 1.5694E-09 1.7828E-09 2.0564E-09 2.5173E-09 3.3591E-09 5.0008E-09 7.9748E-09 1.2724E-08 1.9253E-08 2.6817E-08 3.4249E-08 4.0242E-08 4.3213E-08 3.9812E-08 2.8497E-08 1.5842E-08 9.1379E-09 7.4221E-09 7.5707E-09 7.7689E-09 7.9194E-09 8.0197E-09 8.0687E-09 8.0703E-09 8.0302E-09 7.9562E-09 7.8535E-09 7.7301E-09 7.5959E-09 7.4541E-09 7.3069E-09 7.1541E-09 6.9987E-09 6.8431E-09 6.6808E-09 6.5268E-09 6.3781E-09 6.2335E-09 6.0957E-09 5.9809E-09 5.8634E-09 5.7426E-09 5.6191E-09 5.4972E-09 5.3809E-09 5.2632E-09 5.1425E-09 5.0210E-09 4.8986E-09
3.8355E-10 4.9143E-10 5.8256E-10 6.8633E-10 8.0173E-10 9.1439E-10 1.0450E-09 1.1840E-09 1.3475E-09 1.5219E-09 1.7374E-09 2.1075E-09 2.8115E-09 4.2744E-09 7.0663E-09 1.1783E-08 1.8429E-08 2.6196E-08 3.3781E-08 3.9977E-08 4.3361E-08 4.0269E-08 2.7946E-08 1.4073E-08 7.4848E-09 6.2044E-09 6.4238E-09 6.6078E-09 6.7536E-09 6.8600E-09 6.9249E-09 6.9512E-09 6.9439E-09 6.9077E-09 6.8460E-09 6.7648E-09 6.6720E-09 6.5723E-09 6.4639E-09 6.3492E-09 6.2167E-09 6.1014E-09 5.9751E-09 5.8595E-09 5.7543E-09 5.6663E-09 5.5548E-09 5.4574E-09 5.3561E-09 5.2507E-09 5.1459E-09 5.0431E-09 4.9405E-09 4.8353E-09 4.7280E-09 4.6188E-09 4.5108E-09
2.9826E-10 3.9382E-10 4.9467E-10 5.8894E-10 6.8650E-10 7.9020E-10 9.0263E-10 1.0207E-09 1.1552E-09 1.2993E-09 1.4664E-09 1.7440E-09 2.3147E-09 3.5996E-09 6.2432E-09 1.0922E-08 1.7742E-08 2.5816E-08 3.3606E-08 3.9866E-08 4.3629E-08 4.1068E-08 2.7584E-08 1.2316E-08 6.0267E-09 5.2503E-09 5.4485E-09 5.6172E-09 5.7563E-09 5.8634E-09 5.9382E-09 5.9809E-09 5.9958E-09 5.9863E-09 5.9558E-09 5.9074E-09 5.8439E-09 5.7719E-09 5.6942E-09 5.5989E-09 5.5006E-09 5.4199E-09 5.3307E-09 5.2495E-09 5.1930E-09 5.1150E-09 5.0419E-09 4.9595E-09 4.8725E-09 4.7846E-09 4.6972E-09 4.6095E-09 4.5183E-09 4.4255E-09 4.3298E-09 4.2336E-09 4.1395E-09
2.1222E-10 2.7040E-10 3.7861E-10 4.9072E-10 5.8072E-10 6.7516E-10 7.7247E-10 8.7737E-10 9.9138E-10 1.1145E-09 1.2442E-09 1.4439E-09 1.8922E-09 2.9850E-09 5.4682E-09 1.0205E-08 1.7392E-08 2.5924E-08 3.3901E-08 4.0105E-08 4.4136E-08 4.2543E-08 2.7736E-08 1.0660E-08 4.8052E-09 4.4430E-09 4.6188E-09 4.7721E-09 4.9029E-09 5.0074E-09 5.0848E-09 5.1380E-09 5.1689E-09 5.1779E-09 5.1684E-09 5.1409E-09 5.0996E-09 5.0366E-09 4.9873E-09 4.9194E-09 4.8699E-09 4.8089E-09 4.7503E-09 4.6922E-09 4.6541E-09 4.6116E-09 4.5566E-09 4.4884E-09 4.4176E-09 4.3459E-09 4.2730E-09 4.1964E-09 4.1167E-09 4.0345E-09 3.9501E-09 3.8672E-09 3.7851E-09
1.6341E-10 2.1882E-10 2.8637E-10 3.4026E-10 4.1589E-10 5.3052E-10 6.3263E-10 7.3739E-10 8.3249E-10 9.5411E-10 1.0644E-09 1.2053E-09 1.5303E-09 2.4346E-09 4.7353E-09 9.5586E-09 1.7327E-08 2.6969E-08 3.5220E-08 4.0876E-08 4.4744E-08 4.4801E-08 2.8652E-08 9.0701E-09 3.7828E-09 3.7535E-09 3.9091E-09 4.0484E-09 4.1693E-09 4.2696E-09 4.3475E-09 4.4056E-09 4.4437E-09 4.4637E-09 4.4671E-09 4.4570E-09 4.4241E-09 4.3811E-09 4.3570E-09 4.3196E-09 4.2995E-09 4.2636E-09 4.2232E-09 4.1991E-09 4.1703E-09 4.1380E-09 4.0981E-09 4.0484E-09 3.9927E-09 3.9344E-09 3.8717E-09 3.8055E-09 3.7358E-09 3.6637E-09 3.5917E-09 3.5201E-09 3.4480E-09
1.2528E-10 1.7084E-10 2.2846E-10 2.9005E-10 3.4752E-10 4.2191E-10 4.9571E-10 5.7642E-10 6.7097E-10 7.7592E-10 8.6757E-10 9.8655E-10 1.2280E-09 1.9482E-09 4.0747E-09 8.9849E-09 1.7816E-08 2.8501E-08 3.7634E-08 4.2458E-08 4.6042E-08 4.7731E-08 2.9870E-08 7.4197E-09 3.0026E-09 3.1473E-09 3.2854E-09 3.4223E-09 3.5383E-09 3.6291E-09 3.7030E-09 3.7601E-09 3.8032E-09 3.8166E-09 3.8346E-09 3.8279E-09 3.8318E-09 3.8144E-09 3.8128E-09 3.7965E-09 3.7941E-09 3.7706E-09 3.7598E-09 3.7435E-09 3.7218E-09 3.6971E-09 3.6717E-09 3.6396E-09 3.5968E-09 3.5477E-09 3.4944E-09 3.4373E-09 3.3766E-09 3.3157E-09 3.2545E-09 3.1925E-09 3.1318E-09
9.7317E-11 1.3111E-10 1.7359E-10 2.3376E-10 2.9170E-10 3.4669E-10 4.2251E-10 4.9105E-10 5.6995E-10 6.4170E-10 7.2185E-10 8.0281E-10 9.6733E-10 1.5257E-09 3.3959E-09 8.5523E-09 1.8106E-08 3.1512E-08 4.3572E-08 4.7202E-08 4.8336E-08 5.1597E-08 3.1961E-08 5.5032E-09 2.4368E-09 2.5622E-09 2.6801E-09 2.7919E-09 2.8944E-09 2.9909E-09 3.0651E-09 3.1335E-09 3.1908E-09 3.2259E-09 3.2634E-09 3.2763E-09 3.3017E-09 3.3033E-09 3.3176E-09 3.3110E-09 3.3216E-09 3.3258E-09 3.3248E-09 3.3186E-09 3.3078E-09 3.2940E-09 3.2793E-09 3.2592E-09 3.2270E-09 3.1863E-09 3.1407E-09 3.0908E-09 3.0410E-09 2.9901E-09 2.9378E-09 2.8866E-09 2.8351E-09
7.5457E-11 1.0235E-10 1.3327E-10 1.8212E-10 2.3109E-10 2.8795E-10 3.4585E-10 4.1311E-10 4.8677E-10 5.5680E-10 6.2768E-10 6.9861E-10 8.2806E-10 1.2489E-09 2.9289E-09 7.3927E-09 1.8212E-08 3.7725E-08 5.5229E-08 5.6579E-08 5.2049E-08 5.8597E-08 3.4917E-08 3.8444E-09 2.0634E-09 2.1711E-09 2.2748E-09 2.3725E-09 2.4481E-09 2.5324E-09 2.6087E-09 2.6766E-09 2.7201E-09 2.7719E-09 2.7972E-09 2.8349E-09 2.8660E-09 2.8746E-09 2.8959E-09 2.9126E-09 2.9260E-09 2.9353E-09 2.9393E-09 2.9392E-09 2.9356E-09 2.9288E-09 2.9173E-09 2.9035E-09 2.8808E-09 2.8461E-09 2.8093E-09 2.7699E-09 2.7277E-09 2.6857E-09 2.6447E-09 2.6018E-09 2.5575E-09
5.7839E-11 7.5835E-11 1.0464E-10 1.3785E-10 1.7934E-10 2.2537E-10 2.7773E-10 3.3915E-10 4.0405E-10 4.7214E-10 5.4084E-10 6.0591E-10 7.1323E-10 1.0658E-09 2.0358E-09 5.3927E-09 1.6426E-08 4.0681E-08 7.5369E-08 8.5389E-08 6.0867E-08 6.6124E-08 3.8412E-08 2.3609E-09 1.7204E-09 1.8325E-09 1.9235E-09 2.0106E-09 2.0929E-09 2.1515E-09 2.2226E-09 2.2865E-09 2.3430E-09 2.3738E-09 2.4192E-09 2.4586E-09 2.4926E-09 2.5209E-09 2.5442E-09 2.5618E-09 2.5760E-09 2.5877E-09 2.5951E-09 2.5988E-09 2.5972E-09 2.5918E-09 2.5831E-09 2.5711E-09 2.5558E-09 2.5326E-09 2.5000E-09 2.4700E-09 2.4393E-09 2.4067E-09 2.3710E-09 2.3356E-09 2.2997E-09
