Assets/Resources/2015_m01_d01_2100(utc+0800)_l00_csi_1hr_conc.grd
DSAA
         159         159
     -79.000      79.000
     -79.000      79.000
  0.0000E+00  0.1220E-04
[rows 75 to 99 of 159, columns 57 to 113 of 159]
0.0000E+00 0.0000E+00 0.0000E+00 0.0000E+00 0.0000E+00 0.0000E+00 0.0000E+00 0.0000E+00 0.0000E+00 0.0000E+00 0.0000E+00 4.0662E-11 4.0668E-10 9.2905E-10 1.5596E-09 2.4204E-09 3.6192E-09 5.2124E-09 7.3209E-09 1.0056E-08 1.3568E-08 1.8091E-08 2.3814E-08 3.0701E-08 3.8608E-08 4.7589E-08 5.7618E-08 6.8539E-08 8.0120E-08 9.2060E-08 1.0402E-07 1.1562E-07 4.5977E-07 5.3403E-07 4.5886E-07 3.9085E-07 3.3755E-07 2.9534E-07 2.6206E-07 2.3559E-07 2.1412E-07 1.9643E-07 1.8170E-07 1.6853E-07 1.5691E-07 1.4623E-07 1.3617E-07 1.2707E-07 1.1825E-07 1.0880E-07 9.3640E-08 7.2049E-08 5.7476E-08 4.4677E-08 3.2293E-08 2.7508E-08 2.4812E-08
0.0000E+00 0.0000E+00 0.0000E+00 0.0000E+00 0.0000E+00 0.0000E+00 0.0000E+00 0.0000E+00 0.0000E+00 0.0000E+00 0.0000E+00 5.3414E-11 4.6470E-10 1.0239E-09 1.6789E-09 2.5975E-09 3.8740E-09 5.5719E-09 7.8213E-09 1.0741E-08 1.4503E-08 1.9362E-08 2.5487E-08 3.2809E-08 4.1210E-08 5.0791E-08 6.1490E-08 7.3135E-08 8.5479E-08 9.8197E-08 1.1092E-07 1.6236E-07 6.1108E-07 5.4508E-07 4.6364E-07 3.9751E-07 3.4504E-07 3.0333E-07 2.7020E-07 2.4384E-07 2.2222E-07 2.0460E-07 1.8951E-07 1.7604E-07 1.6408E-07 1.5271E-07 1.4210E-07 1.3233E-07 1.2294E-07 1.0567E-07 9.0391E-08 7.3976E-08 5.3814E-08 4.5978E-08 3.3125E-08 2.8221E-08 2.5642E-08
0.0000E+00 0.0000E+00 0.0000E+00 0.0000E+00 0.0000E+00 0.0000E+00 0.0000E+00 0.0000E+00 0.0000E+00 0.0000E+00 0.0000E+00 6.4737E-11 5.0743E-10 1.0892E-09 1.7689E-09 2.7306E-09 4.0649E-09 5.8418E-09 8.1957E-09 1.1254E-08 1.5203E-08 2.0314E-08 2.6743E-08 3.4383E-08 4.3153E-08 5.3183E-08 6.4381E-08 7.6566E-08 8.9480E-08 1.0278E-07 1.1608E-07 5.9068E-07 6.1398E-07 5.3104E-07 4.5501E-07 3.9364E-07 3.4454E-07 3.0505E-07 2.7339E-07 2.4796E-07 2.2691E-07 2.0995E-07 1.9480E-07 1.8167E-07 1.6930E-07 1.5755E-07 1.4658E-07 1.3613E-07 1.2649E-07 1.0776E-07 8.7801E-08 7.5530E-08 5.2977E-08 4.0531E-08 3.3850E-08 2.8915E-08 2.6276E-08
0.0000E+00 0.0000E+00 0.0000E+00 0.0000E+00 0.0000E+00 0.0000E+00 0.0000E+00 0.0000E+00 0.0000E+00 0.0000E+00 0.0000E+00 7.3558E-11 5.3529E-10 1.1295E-09 1.8249E-09 2.8130E-09 4.1833E-09 6.0082E-09 8.4254E-09 1.1568E-08 1.5628E-08 2.0891E-08 2.7497E-08 3.5325E-08 4.4332E-08 5.4633E-08 9.5377E-08 2.9210E-07 6.3313E-07 1.0206E-06 1.5345E-06 2.1220E-06 1.4506E-06 5.8434E-07 4.3884E-07 3.8142E-07 3.3716E-07 3.0118E-07 2.7196E-07 2.4811E-07 2.2881E-07 2.1229E-07 1.9782E-07 1.8493E-07 1.7240E-07 1.6064E-07 1.4943E-07 1.3861E-07 1.2863E-07 1.0926E-07 8.5079E-08 6.9410E-08 5.3358E-08 4.0079E-08 3.3915E-08 2.9377E-08 2.6698E-08
0.0000E+00 0.0000E+00 0.0000E+00 0.0000E+00 0.0000E+00 0.0000E+00 0.0000E+00 0.0000E+00 0.0000E+00 0.0000E+00 0.0000E+00 7.9363E-11 5.4608E-10 1.1439E-09 1.8450E-09 2.8413E-09 4.2225E-09 6.0621E-09 8.4976E-09 1.1665E-08 1.5756E-08 2.1067E-08 2.7729E-08 3.7893E-06 5.3916E-06 5.3826E-06 3.3471E-06 2.4704E-06 2.3652E-06 2.3039E-06 2.6947E-06 2.6371E-06 2.4848E-06 1.9082E-06 9.0407E-07 4.4271E-07 3.2909E-07 2.9255E-07 2.6637E-07 2.4489E-07 2.2737E-07 2.1177E-07 1.9846E-07 1.8574E-07 1.7358E-07 1.6182E-07 1.5046E-07 1.3959E-07 1.2198E-07 1.0289E-07 8.4987E-08 6.3595E-08 5.2492E-08 4.0020E-08 3.3975E-08 2.9555E-08 2.6893E-08
0.0000E+00 0.0000E+00 0.0000E+00 0.0000E+00 0.0000E+00 0.0000E+00 0.0000E+00 0.0000E+00 0.0000E+00 0.0000E+00 0.0000E+00 8.1627E-11 5.3829E-10 1.1311E-09 1.8283E-09 2.8141E-09 4.1809E-09 6.0010E-09 8.4092E-09 1.1541E-08 1.5580E-08 2.0834E-08 2.7431E-08 3.5240E-08 1.2202E-05 4.5082E-06 4.1404E-06 3.7425E-06 2.2982E-06 2.0898E-06 2.1838E-06 2.0684E-06 1.9174E-06 1.7711E-06 1.5010E-06 8.6531E-07 3.6460E-07 2.8045E-07 2.5719E-07 2.3888E-07 2.2281E-07 2.0891E-07 1.9639E-07 1.8414E-07 1.7265E-07 1.6103E-07 1.4974E-07 1.3904E-07 1.2071E-07 9.6312E-08 8.4327E-08 6.1460E-08 4.6302E-08 3.9718E-08 3.3848E-08 2.9486E-08 2.6855E-08
0.0000E+00 0.0000E+00 0.0000E+00 0.0000E+00 0.0000E+00 0.0000E+00 0.0000E+00 0.0000E+00 0.0000E+00 0.0000E+00 0.0000E+00 8.0023E-11 5.1194E-10 1.0916E-09 1.7758E-09 2.7333E-09 4.0611E-09 5.8281E-09 8.1654E-09 1.1204E-08 1.5112E-08 2.0208E-08 2.6622E-08 3.4179E-08 4.2885E-08 2.3058E-06 3.2316E-06 2.3363E-06 1.3702E-06 8.8987E-07 7.5499E-07 6.7392E-07 6.0120E-07 5.3521E-07 4.7570E-07 4.0273E-07 3.0184E-07 2.6451E-07 2.4563E-07 2.2985E-07 2.1565E-07 2.0355E-07 1.9175E-07 1.8056E-07 1.6949E-07 1.5841E-07 1.4735E-07 1.3474E-07 1.1863E-07 9.2021E-08 7.5728E-08 6.0122E-08 4.4536E-08 3.8622E-08 3.3423E-08 2.9151E-08 2.6592E-08
0.0000E+00 0.0000E+00 0.0000E+00 0.0000E+00 0.0000E+00 0.0000E+00 0.0000E+00 0.0000E+00 0.0000E+00 0.0000E+00 0.0000E+00 7.4456E-11 4.6798E-10 1.0273E-09 1.6906E-09 2.6034E-09 3.8690E-09 5.5540E-09 7.7801E-09 1.0674E-08 1.4386E-08 1.9221E-08 2.5352E-08 3.2559E-08 4.0848E-08 5.0338E-08 7.4919E-08 7.4747E-08 3.0398E-07 4.0447E-07 4.0163E-07 3.8353E-07 3.6045E-07 3.3588E-07 3.1045E-07 2.8649E-07 2.6506E-07 2.4662E-07 2.3187E-07 2.1827E-07 2.0660E-07 1.9567E-07 1.8491E-07 1.7490E-07 1.6435E-07 1.5393E-07 1.4338E-07 1.2592E-07 1.0864E-07 8.9165E-08 6.7446E-08 5.4325E-08 4.3131E-08 3.7577E-08 3.2698E-08 2.8565E-08 2.6113E-08
0.0000E+00 0.0000E+00 0.0000E+00 0.0000E+00 0.0000E+00 0.0000E+00 0.0000E+00 0.0000E+00 0.0000E+00 0.0000E+00 0.0000E+00 6.5076E-11 4.0897E-10 9.4244E-10 1.5776E-09 2.4314E-09 3.6163E-09 5.1945E-09 7.2761E-09 9.9812E-09 1.3441E-08 1.7931E-08 2.3684E-08 3.0448E-08 3.8196E-08 4.7071E-08 5.6988E-08 9.2866E-08 3.0889E-07 3.3412E-07 3.3385E-07 3.2571E-07 3.1148E-07 2.9469E-07 2.7660E-07 2.5857E-07 2.4197E-07 2.2807E-07 2.1607E-07 2.0495E-07 1.9543E-07 1.8563E-07 1.7648E-07 1.6720E-07 1.5759E-07 1.4777E-07 1.3798E-07 1.2079E-07 9.6726E-08 8.5751E-08 6.3471E-08 4.9547E-08 4.1479E-08 3.6301E-08 3.1691E-08 2.7737E-08 2.5426E-08
0.0000E+00 0.0000E+00 0.0000E+00 0.0000E+00 0.0000E+00 0.0000E+00 0.0000E+00 0.0000E+00 0.0000E+00 0.0000E+00 0.0000E+00 5.2140E-11 3.3378E-10 8.3070E-10 1.4402E-09 2.2240E-09 3.3146E-09 4.7687E-09 6.6804E-09 9.1635E-09 1.2331E-08 1.6405E-08 2.1712E-08 2.7957E-08 3.5071E-08 4.3223E-08 5.2336E-08 2.0139E-07 2.5640E-07 2.7222E-07 2.7665E-07 2.7471E-07 2.6714E-07 2.5643E-07 2.4402E-07 2.3094E-07 2.1858E-07 2.0840E-07 1.9884E-07 1.9064E-07 1.8245E-07 1.7416E-07 1.6632E-07 1.5786E-07 1.4937E-07 1.4028E-07 1.2728E-07 1.1485E-07 9.0147E-08 7.4915E-08 6.0133E-08 4.6201E-08 3.9057E-08 3.4737E-08 3.0420E-08 2.6701E-08 2.4548E-08
0.0000E+00 0.0000E+00 0.0000E+00 0.0000E+00 0.0000E+00 0.0000E+00 0.0000E+00 0.0000E+00 0.0000E+00 0.0000E+00 0.0000E+00 3.6623E-11 2.3461E-10 7.0151E-10 1.2789E-09 1.9928E-09 2.9783E-09 4.2958E-09 6.0214E-09 8.2615E-09 1.1110E-08 1.4736E-08 1.9514E-08 2.5203E-08 3.1630E-08 3.8984E-08 8.5350E-08 1.8034E-07 2.0673E-07 2.2083E-07 2.2856E-07 2.3043E-07 2.2755E-07 2.2131E-07 2.1327E-07 2.0420E-07 1.9590E-07 1.8817E-07 1.8131E-07 1.7504E-07 1.6821E-07 1.6170E-07 1.5481E-07 1.4746E-07 1.3982E-07 1.3172E-07 1.1704E-07 1.0203E-07 8.4602E-08 6.4597E-08 5.1911E-08 4.2079E-08 3.6803E-08 3.2020E-08 2.8936E-08 2.5487E-08 2.3505E-08
0.0000E+00 0.0000E+00 0.0000E+00 0.0000E+00 0.0000E+00 0.0000E+00 0.0000E+00 0.0000E+00 0.0000E+00 0.0000E+00 0.0000E+00 1.9348E-11 1.6584E-10 5.4405E-10 1.0829E-09 1.7456E-09 2.6225E-09 3.7952E-09 5.3286E-09 7.3145E-09 9.8342E-09 1.3007E-08 1.7203E-08 2.2312E-08 2.8030E-08 3.4549E-08 1.1447E-07 1.4613E-07 1.6557E-07 1.7933E-07 1.8820E-07 1.9231E-07 1.9254E-07 1.8951E-07 1.8469E-07 1.7905E-07 1.7358E-07 1.6812E-07 1.6363E-07 1.5871E-07 1.5356E-07 1.4827E-07 1.4238E-07 1.3617E-07 1.2940E-07 1.2236E-07 1.0857E-07 8.7738E-08 7.5715E-08 5.9047E-08 4.6539E-08 3.9153E-08 3.4438E-08 3.0107E-08 2.6310E-08 2.4137E-08 2.2318E-08
0.0000E+00 0.0000E+00 0.0000E+00 0.0000E+00 0.0000E+00 0.0000E+00 0.0000E+00 0.0000E+00 0.0000E+00 0.0000E+00 0.0000E+00 1.5513E-12 9.9443E-11 3.8167E-10 8.8761E-10 1.4969E-09 2.2636E-09 3.2919E-09 4.6328E-09 6.3597E-09 8.5534E-09 1.1286E-08 1.4862E-08 1.9400E-08 2.4416E-08 5.7967E-08 9.6400E-08 1.1644E-07 1.3251E-07 1.4536E-07 1.5442E-07 1.5967E-07 1.6182E-07 1.6102E-07 1.5862E-07 1.5566E-07 1.5210E-07 1.4891E-07 1.4585E-07 1.4225E-07 1.3866E-07 1.3434E-07 1.2956E-07 1.2435E-07 1.1850E-07 1.0848E-07 9.9851E-08 7.9459E-08 6.6766E-08 5.4147E-08 4.0696E-08 3.5673E-08 3.1943E-08 2.8040E-08 2.4607E-08 2.2686E-08 2.0328E-08
0.0000E+00 0.0000E+00 0.0000E+00 0.0000E+00 0.0000E+00 0.0000E+00 0.0000E+00 0.0000E+00 0.0000E+00 0.0000E+00 0.0000E+00 0.0000E+00 5.0606E-11 2.4526E-10 6.6386E-10 1.2287E-09 1.9117E-09 2.7962E-09 3.9532E-09 5.4344E-09 7.3124E-09 9.6378E-09 1.2616E-08 1.6526E-08 2.1321E-08 5.9318E-08 7.7164E-08 9.2429E-08 1.0615E-07 1.1755E-07 1.2621E-07 1.3188E-07 1.3502E-07 1.3578E-07 1.3528E-07 1.3388E-07 1.3203E-07 1.3051E-07 1.2849E-07 1.2636E-07 1.2374E-07 1.2044E-07 1.1660E-07 1.1227E-07 1.0744E-07 9.7030E-08 8.4395E-08 7.2236E-08 5.5595E-08 4.4802E-08 3.6915E-08 3.2574E-08 2.8483E-08 2.5887E-08 2.2832E-08 2.1149E-08 1.9021E-08
0.0000E+00 0.0000E+00 0.0000E+00 0.0000E+00 0.0000E+00 0.0000E+00 0.0000E+00 0.0000E+00 0.0000E+00 0.0000E+00 0.0000E+00 0.0000E+00 1.9071E-11 1.4615E-10 4.3362E-10 9.5069E-10 1.5749E-09 2.3268E-09 3.3077E-09 4.5621E-09 6.1414E-09 8.0979E-09 1.0541E-08 1.3796E-08 3.0851E-08 4.8476E-08 6.1099E-08 7.3375E-08 8.4897E-08 9.4790E-08 1.0272E-07 1.0832E-07 1.1192E-07 1.1364E-07 1.1438E-07 1.1400E-07 1.1372E-07 1.1308E-07 1.1206E-07 1.1104E-07 1.0918E-07 1.0683E-07 1.0387E-07 1.0034E-07 9.6499E-08 8.5445E-08 7.1350E-08 6.1602E-08 4.9295E-08 3.7910E-08 3.3254E-08 2.9529E-08 2.5967E-08 2.2790E-08 2.1058E-08 1.9565E-08 1.7665E-08
0.0000E+00 0.0000E+00 0.0000E+00 0.0000E+00 0.0000E+00 0.0000E+00 0.0000E+00 0.0000E+00 0.0000E+00 0.0000E+00 0.0000E+00 0.0000E+00 0.0000E+00 7.3061E-11 2.8597E-10 6.6788E-10 1.2316E-09 1.8981E-09 2.7153E-09 3.7614E-09 5.0707E-09 6.6934E-09 8.6731E-09 1.3028E-08 2.7309E-08 3.8473E-08 4.8204E-08 5.8218E-08 6.7736E-08 7.6174E-08 8.3214E-08 8.8483E-08 9.2177E-08 9.4521E-08 9.5818E-08 9.6430E-08 9.6927E-08 9.6959E-08 9.6962E-08 9.6509E-08 9.5447E-08 9.3788E-08 9.1630E-08 8.8872E-08 8.0845E-08 7.5292E-08 6.2790E-08 5.3481E-08 4.3768E-08 3.3067E-08 2.9325E-08 2.5695E-08 2.3469E-08 2.0726E-08 1.9260E-08 1.7317E-08 1.6322E-08
0.0000E+00 0.0000E+00 0.0000E+00 0.0000E+00 0.0000E+00 0.0000E+00 0.0000E+00 0.0000E+00 0.0000E+00 0.0000E+00 0.0000E+00 0.0000E+00 0.0000E+00 2.5498E-11 1.4580E-10 4.1432E-10 8.9781E-10 1.5008E-09 2.1753E-09 3.0396E-09 4.1195E-09 5.4379E-09 7.0386E-09 1.5290E-08 2.1813E-08 2.8455E-08 3.8014E-08 4.6083E-08 5.3884E-08 6.0982E-08 6.7093E-08 7.1879E-08 7.5450E-08 7.7960E-08 7.9605E-08 8.0918E-08 8.1787E-08 8.2482E-08 8.3025E-08 8.3040E-08 8.2635E-08 8.1574E-08 8.0040E-08 7.6438E-08 7.0439E-08 6.3651E-08 5.5353E-08 4.2845E-08 3.3630E-08 2.9067E-08 2.5045E-08 2.2910E-08 2.0162E-08 1.8742E-08 1.6777E-08 1.5808E-08 1.4981E-08
0.0000E+00 0.0000E+00 0.0000E+00 0.0000E+00 0.0000E+00 0.0000E+00 0.0000E+00 0.0000E+00 0.0000E+00 0.0000E+00 0.0000E+00 0.0000E+00 0.0000E+00 0.0000E+00 7.4289E-11 2.5793E-10 5.3874E-10 1.0699E-09 1.7087E-09 2.4044E-09 3.2771E-09 4.3488E-09 7.1497E-09 1.2586E-08 1.7034E-08 2.1598E-08 2.9885E-08 3.6373E-08 4.2725E-08 4.8625E-08 5.3827E-08 5.8083E-08 6.1358E-08 6.3806E-08 6.5733E-08 6.7249E-08 6.8389E-08 6.9565E-08 7.0402E-08 7.0881E-08 7.0864E-08 7.0342E-08 6.7815E-08 6.6774E-08 6.1500E-08 5.2005E-08 4.5351E-08 3.5806E-08 2.8599E-08 2.5404E-08 2.2027E-08 1.9334E-08 1.7997E-08 1.6816E-08 1.5132E-08 1.4353E-08 1.3690E-08
0.0000E+00 0.0000E+00 0.0000E+00 0.0000E+00 0.0000E+00 0.0000E+00 0.0000E+00 0.0000E+00 0.0000E+00 0.0000E+00 0.0000E+00 0.0000E+00 0.0000E+00 0.0000E+00 1.2216E-11 1.1848E-10 3.6123E-10 6.5798E-10 1.2107E-09 1.8573E-09 2.5639E-09 3.4192E-09 6.1893E-09 9.8570E-09 1.3139E-08 1.6895E-08 2.2506E-08 2.8594E-08 3.3762E-08 3.8623E-08 4.2994E-08 4.6672E-08 4.9573E-08 5.1921E-08 5.3882E-08 5.5448E-08 5.6856E-08 5.8167E-08 5.9208E-08 5.9978E-08 5.8652E-08 5.8804E-08 5.8482E-08 5.5361E-08 5.1514E-08 4.4533E-08 3.7382E-08 3.0926E-08 2.4167E-08 2.0861E-08 1.8245E-08 1.7020E-08 1.5951E-08 1.4316E-08 1.3586E-08 1.2953E-08 1.2445E-08
0.0000E+00 0.0000E+00 0.0000E+00 0.0000E+00 0.0000E+00 0.0000E+00 0.0000E+00 0.0000E+00 0.0000E+00 0.0000E+00 0.0000E+00 0.0000E+00 0.0000E+00 0.0000E+00 0.0000E+00 4.5150E-11 1.6696E-10 4.2834E-10 7.4299E-10 1.3058E-09 1.9497E-09 2.6307E-09 4.1944E-09 7.6142E-09 1.0098E-08 1.3066E-08 1.7608E-08 2.1397E-08 2.5164E-08 2.8859E-08 3.2213E-08 3.7278E-08 3.9831E-08 4.2001E-08 4.3819E-08 4.5388E-08 4.5039E-08 4.6513E-08 4.7884E-08 4.8975E-08 4.9687E-08 5.0068E-08 5.0109E-08 4.7057E-08 4.2018E-08 3.7153E-08 2.8783E-08 2.3384E-08 1.9778E-08 1.7915E-08 1.5843E-08 1.4899E-08 1.3338E-08 1.2694E-08 1.2123E-08 1.1659E-08 1.1247E-08
0.0000E+00 0.0000E+00 0.0000E+00 0.0000E+00 0.0000E+00 0.0000E+00 0.0000E+00 0.0000E+00 0.0000E+00 0.0000E+00 0.0000E+00 0.0000E+00 0.0000E+00 0.0000E+00 0.0000E+00 0.0000E+00 8.3262E-11 2.1610E-10 4.8355E-10 8.0122E-10 1.3194E-09 1.9837E-09 2.6044E-09 5.8543E-09 7.7456E-09 1.0022E-08 1.3126E-08 1.6745E-08 1.9817E-08 2.2769E-08 2.5594E-08 2.8108E-08 3.0329E-08 3.2219E-08 3.3880E-08 3.5487E-08 3.7026E-08 3.8499E-08 3.9860E-08 4.0973E-08 4.1821E-08 4.2368E-08 4.2684E-08 3.8924E-08 3.3233E-08 2.9329E-08 2.4192E-08 1.8350E-08 1.5781E-08 1.4493E-08 1.3690E-08 1.2234E-08 1.1680E-08 1.1195E-08 1.0786E-08 1.0428E-08 9.5921E-09
0.0000E+00 0.0000E+00 0.0000E+00 0.0000E+00 0.0000E+00 0.0000E+00 0.0000E+00 0.0000E+00 0.0000E+00 0.0000E+00 0.0000E+00 0.0000E+00 0.0000E+00 0.0000E+00 0.0000E+00 0.0000E+00 7.2122E-13 1.0165E-10 2.4196E-10 5.1754E-10 8.3982E-10 1.1444E-09 1.9399E-09 4.4509E-09 5.9399E-09 7.6408E-09 1.0074E-08 1.2429E-08 1.4618E-08 1.6790E-08 2.0230E-08 2.2329E-08 2.4231E-08 2.5865E-08 2.7379E-08 2.8854E-08 3.0267E-08 3.1679E-08 3.2974E-08 3.4078E-08 3.3703E-08 3.4502E-08 3.3357E-08 3.1500E-08 2.7926E-08 2.3552E-08 1.9536E-08 1.4195E-08 1.3061E-08 1.2350E-08 1.1027E-08 1.0583E-08 1.0176E-08 9.8431E-09 9.5432E-09 8.7406E-09 8.6021E-09
0.0000E+00 0.0000E+00 0.0000E+00 0.0000E+00 0.0000E+00 0.0000E+00 0.0000E+00 0.0000E+00 0.0000E+00 0.0000E+00 0.0000E+00 0.0000E+00 0.0000E+00 0.0000E+00 0.0000E+00 0.0000E+00 0.0000E+00 2.7684E-12 1.2179E-10 2.6241E-10 5.1106E-10 8.5238E-10 1.1284E-09 3.1452E-09 4.4256E-09 5.7589E-09 7.2747E-09 9.5114E-09 1.1431E-08 1.3190E-08 1.4859E-08 1.6467E-08 1.7919E-08 1.9291E-08 2.0670E-08 2.1993E-08 2.3336E-08 2.4683E-08 2.5963E-08 2.7120E-08 2.8146E-08 2.9013E-08 2.7889E-08 2.6225E-08 2.2649E-08 1.6339E-08 1.3080E-08 1.1782E-08 1.0946E-08 9.7400E-09 9.4188E-09 9.1056E-09 8.8425E-09 8.6100E-09 7.8504E-09 7.7577E-09 7.6735E-09
0.0000E+00 0.0000E+00 0.0000E+00 0.0000E+00 0.0000E+00 0.0000E+00 0.0000E+00 0.0000E+00 0.0000E+00 0.0000E+00 0.0000E+00 0.0000E+00 0.0000E+00 0.0000E+00 0.0000E+00 0.0000E+00 0.0000E+00 8.2710E-13 5.5824E-12 1.2972E-10 2.7893E-10 4.3993E-10 8.2883E-10 1.8981E-09 2.5788E-09 4.2107E-09 5.3612E-09 6.6927E-09 8.0721E-09 1.0167E-08 1.1584E-08 1.2925E-08 1.4245E-08 1.5428E-08 1.6543E-08 1.7701E-08 1.8952E-08 2.0182E-08 2.1342E-08 2.2435E-08 2.3419E-08 2.4307E-08 2.2472E-08 1.8339E-08 1.6324E-08 1.3431E-08 1.0390E-08 9.7404E-09 8.4505E-09 8.2109E-09 7.9992E-09 7.8210E-09 7.6449E-09 6.9429E-09 6.8912E-09 6.8482E-09 6.8457E-09
0.0000E+00 0.0000E+00 0.0000E+00 0.0000E+00 0.0000E+00 0.0000E+00 0.0000E+00 0.0000E+00 0.0000E+00 0.0000E+00 0.0000E+00 0.0000E+00 0.0000E+00 0.0000E+00 0.0000E+00 0.0000E+00 0.0000E+00 0.0000E+00 3.0701E-12 1.2075E-11 1.1850E-10 2.8340E-10 3.9033E-10 1.3689E-09 1.9292E-09 2.5530E-09 3.1705E-09 4.0122E-09 6.0470E-09 7.1824E-09 8.1473E-09 9.0853E-09 1.1119E-08 1.2084E-08 1.3124E-08 1.4175E-08 1.5257E-08 1.6339E-08 1.7427E-08 1.7534E-08 1.7512E-08 1.7380E-08 1.6774E-08 1.5145E-08 1.3376E-08 1.1078E-08 8.3799E-09 7.1816E-09 7.0057E-09 6.8817E-09 6.7887E-09 6.6769E-09 6.0368E-09 6.0258E-09 6.0171E-09 6.0520E-09 6.0768E-09
