Assets/Resources/2015_m01_d26_0500(utc+0800)_l00_csi_1hr_conc.grd
DSAA
         159         159
     -79.000      79.000
     -79.000      79.000
  0.0000E+00  0.2212E-05
[rows 50 to 74 of 159, columns 57 to 113 of 159]
2.2018E-08 2.4803E-08 2.7809E-08 3.1011E-08 3.4341E-08 3.7707E-08 4.1014E-08 4.4148E-08 4.6999E-08 4.9413E-08 5.1248E-08 5.2333E-08 5.2762E-08 5.2548E-08 5.1716E-08 5.0316E-08 4.8493E-08 4.6259E-08 4.3710E-08 4.1001E-08 3.8292E-08 3.5675E-08 3.3231E-08 3.1027E-08 2.9036E-08 2.7288E-08 2.5764E-08 2.4429E-08 2.3237E-08 2.2121E-08 2.1055E-08 2.0076E-08 1.9146E-08 1.8282E-08 1.7456E-08 1.6662E-08 1.5888E-08 1.5135E-08 1.4402E-08 1.3697E-08 1.3010E-08 1.2351E-08 1.1713E-08 1.1106E-08 1.0523E-08 9.9663E-09 9.4348E-09 8.9290E-09 8.4489E-09 7.9942E-09 7.5643E-09 7.1159E-09 6.7355E-09 6.3857E-09 6.0546E-09 5.7383E-09 5.4404E-09
2.2982E-08 2.5996E-08 2.9265E-08 3.2762E-08 3.6416E-08 4.0135E-08 4.3814E-08 4.7330E-08 5.0515E-08 5.3233E-08 5.5341E-08 5.6612E-08 5.7147E-08 5.6950E-08 5.6041E-08 5.4463E-08 5.2387E-08 4.9821E-08 4.6892E-08 4.3796E-08 4.0707E-08 3.7742E-08 3.4992E-08 3.2517E-08 3.0325E-08 2.8397E-08 2.6750E-08 2.5305E-08 2.4015E-08 2.2801E-08 2.1654E-08 2.0612E-08 1.9640E-08 1.8726E-08 1.7853E-08 1.7020E-08 1.6207E-08 1.5419E-08 1.4659E-08 1.3919E-08 1.3205E-08 1.2521E-08 1.1860E-08 1.1232E-08 1.0631E-08 1.0056E-08 9.5097E-09 8.9904E-09 8.4983E-09 8.0331E-09 7.5940E-09 7.1327E-09 6.7557E-09 6.3990E-09 6.0621E-09 5.7407E-09 5.4387E-09
2.3792E-08 2.7015E-08 3.0532E-08 3.4308E-08 3.8278E-08 4.2341E-08 4.6381E-08 5.0257E-08 5.3803E-08 5.6835E-08 5.9238E-08 6.0754E-08 6.1425E-08 6.1275E-08 6.0325E-08 5.8604E-08 5.6255E-08 5.3366E-08 5.0070E-08 4.6559E-08 4.3052E-08 3.9709E-08 3.6651E-08 3.3927E-08 3.1513E-08 2.9431E-08 2.7651E-08 2.6099E-08 2.4714E-08 2.3417E-08 2.2203E-08 2.1100E-08 2.0074E-08 1.9120E-08 1.8205E-08 1.7334E-08 1.6486E-08 1.5666E-08 1.4877E-08 1.4109E-08 1.3369E-08 1.2662E-08 1.1980E-08 1.1332E-08 1.0714E-08 1.0125E-08 9.5643E-09 9.0331E-09 8.5305E-09 8.0562E-09 7.5657E-09 7.1476E-09 6.7637E-09 6.4013E-09 6.0595E-09 5.7350E-09 5.4287E-09
2.4419E-08 2.7824E-08 3.1551E-08 3.5572E-08 3.9829E-08 4.4221E-08 4.8615E-08 5.2852E-08 5.6760E-08 6.0160E-08 6.2893E-08 6.4718E-08 6.5574E-08 6.5532E-08 6.4576E-08 6.2695E-08 6.0086E-08 5.6867E-08 5.3172E-08 4.9237E-08 4.5308E-08 4.1583E-08 3.8197E-08 3.5224E-08 3.2617E-08 3.0401E-08 2.8477E-08 2.6823E-08 2.5344E-08 2.3944E-08 2.2667E-08 2.1513E-08 2.0450E-08 1.9464E-08 1.8512E-08 1.7605E-08 1.6722E-08 1.5872E-08 1.5055E-08 1.4262E-08 1.3499E-08 1.2771E-08 1.2069E-08 1.1406E-08 1.0772E-08 1.0170E-08 9.5975E-09 9.0560E-09 8.5448E-09 8.0518E-09 7.5614E-09 7.1489E-09 6.7594E-09 6.3922E-09 6.0468E-09 5.7218E-09 5.4117E-09
2.4813E-08 2.8377E-08 3.2269E-08 3.6516E-08 4.1026E-08 4.5702E-08 5.0422E-08 5.5027E-08 5.9322E-08 6.3102E-08 6.6202E-08 6.8396E-08 6.9524E-08 6.9664E-08 6.8774E-08 6.6834E-08 6.3967E-08 6.0398E-08 5.6269E-08 5.1865E-08 4.7471E-08 4.3357E-08 3.9638E-08 3.6393E-08 3.3602E-08 3.1202E-08 2.9182E-08 2.7424E-08 2.5850E-08 2.4390E-08 2.3047E-08 2.1854E-08 2.0760E-08 1.9740E-08 1.8757E-08 1.7821E-08 1.6909E-08 1.6032E-08 1.5191E-08 1.4374E-08 1.3592E-08 1.2845E-08 1.2127E-08 1.1450E-08 1.0804E-08 1.0190E-08 9.6083E-09 9.0587E-09 8.5405E-09 7.9966E-09 7.5541E-09 7.1363E-09 6.7424E-09 6.3719E-09 6.0239E-09 5.6973E-09 5.3862E-09
2.4976E-08 2.8621E-08 3.2638E-08 3.7064E-08 4.1765E-08 4.6694E-08 5.1734E-08 5.6678E-08 6.1340E-08 6.5553E-08 6.9127E-08 7.1776E-08 7.3247E-08 7.3661E-08 7.2882E-08 7.0879E-08 6.7773E-08 6.3835E-08 5.9257E-08 5.4347E-08 4.9472E-08 4.4936E-08 4.0902E-08 3.7409E-08 3.4424E-08 3.1892E-08 2.9734E-08 2.7886E-08 2.6233E-08 2.4699E-08 2.3334E-08 2.2115E-08 2.0995E-08 1.9949E-08 1.8939E-08 1.7978E-08 1.7046E-08 1.6143E-08 1.5280E-08 1.4443E-08 1.3645E-08 1.2882E-08 1.2153E-08 1.1463E-08 1.0807E-08 1.0185E-08 9.5962E-09 9.0407E-09 8.4821E-09 7.9787E-09 7.5314E-09 7.1098E-09 6.7131E-09 6.3406E-09 5.9912E-09 5.6638E-09 5.3525E-09
2.4855E-08 2.8539E-08 3.2625E-08 3.7164E-08 4.2008E-08 4.7160E-08 5.2452E-08 5.7722E-08 6.2803E-08 6.7505E-08 7.1547E-08 7.4751E-08 7.6725E-08 7.7513E-08 7.6926E-08 7.4927E-08 7.1566E-08 6.7247E-08 6.2150E-08 5.6708E-08 5.1326E-08 4.6340E-08 4.1945E-08 3.8217E-08 3.5057E-08 3.2365E-08 3.0114E-08 2.8192E-08 2.6474E-08 2.4893E-08 2.3521E-08 2.2275E-08 2.1151E-08 2.0083E-08 1.9055E-08 1.8072E-08 1.7122E-08 1.6201E-08 1.5321E-08 1.4467E-08 1.3658E-08 1.2882E-08 1.2144E-08 1.1446E-08 1.0783E-08 1.0155E-08 9.5614E-09 8.9768E-09 8.4214E-09 7.9439E-09 7.4936E-09 7.0698E-09 6.6718E-09 6.2986E-09 5.9491E-09 5.6220E-09 5.3112E-09
2.4446E-08 2.8117E-08 3.2208E-08 3.6785E-08 4.1711E-08 4.7018E-08 5.2515E-08 5.8120E-08 6.3640E-08 6.8828E-08 7.3483E-08 7.7359E-08 8.0019E-08 8.1300E-08 8.1012E-08 7.9018E-08 7.5457E-08 7.0655E-08 6.5007E-08 5.8943E-08 5.2999E-08 4.7561E-08 4.2802E-08 3.8795E-08 3.5470E-08 3.2647E-08 3.0284E-08 2.8315E-08 2.6551E-08 2.4970E-08 2.3590E-08 2.2361E-08 2.1223E-08 2.0141E-08 1.9100E-08 1.8100E-08 1.7135E-08 1.6203E-08 1.5310E-08 1.4446E-08 1.3629E-08 1.2844E-08 1.2101E-08 1.1398E-08 1.0731E-08 1.0100E-08 9.4911E-09 8.8963E-09 8.3724E-09 7.8928E-09 7.4412E-09 7.0170E-09 6.6192E-09 6.2467E-09 5.8983E-09 5.5726E-09 5.2631E-09
2.3779E-08 2.7361E-08 3.1384E-08 3.5925E-08 4.0890E-08 4.6259E-08 5.1936E-08 5.7841E-08 6.3763E-08 6.9542E-08 7.4947E-08 7.9672E-08 8.3142E-08 8.5080E-08 8.5178E-08 8.3296E-08 7.9494E-08 7.4200E-08 6.7876E-08 6.1126E-08 5.4516E-08 4.8538E-08 4.3404E-08 3.9117E-08 3.5610E-08 3.2687E-08 3.0278E-08 2.8253E-08 2.6494E-08 2.4905E-08 2.3565E-08 2.2351E-08 2.1209E-08 2.0117E-08 1.9071E-08 1.8062E-08 1.7087E-08 1.6149E-08 1.5248E-08 1.4381E-08 1.3557E-08 1.2769E-08 1.2025E-08 1.1321E-08 1.0653E-08 1.0021E-08 9.3888E-09 8.8152E-09 8.3062E-09 7.8265E-09 7.3755E-09 6.9525E-09 6.5564E-09 6.1860E-09 5.8398E-09 5.5165E-09 5.2088E-09
2.2880E-08 2.6291E-08 3.0160E-08 3.4585E-08 3.9447E-08 4.4808E-08 5.0644E-08 5.6785E-08 6.3161E-08 6.9632E-08 7.5911E-08 8.1631E-08 8.6161E-08 8.8972E-08 8.9646E-08 8.7946E-08 8.3864E-08 7.7972E-08 7.0832E-08 6.3234E-08 5.5872E-08 4.9275E-08 4.3688E-08 3.9127E-08 3.5442E-08 3.2444E-08 3.0009E-08 2.7999E-08 2.6253E-08 2.4730E-08 2.3452E-08 2.2241E-08 2.1106E-08 2.0015E-08 1.8968E-08 1.7956E-08 1.6980E-08 1.6040E-08 1.5137E-08 1.4272E-08 1.3447E-08 1.2659E-08 1.1919E-08 1.1215E-08 1.0550E-08 9.8957E-09 9.2701E-09 8.7322E-09 8.2245E-09 7.7466E-09 7.2980E-09 6.8777E-09 6.4847E-09 6.1174E-09 5.7745E-09 5.4539E-09 5.1493E-09
2.1789E-08 2.4959E-08 2.8590E-08 3.2838E-08 3.7506E-08 4.2792E-08 4.8601E-08 5.4925E-08 6.1788E-08 6.8976E-08 7.6295E-08 8.3271E-08 8.9152E-08 9.3113E-08 9.4624E-08 9.3193E-08 8.8923E-08 8.2225E-08 7.4050E-08 6.5322E-08 5.7000E-08 4.9678E-08 4.3592E-08 3.8745E-08 3.4922E-08 3.1883E-08 2.9499E-08 2.7537E-08 2.5870E-08 2.4475E-08 2.3234E-08 2.2041E-08 2.0917E-08 1.9838E-08 1.8796E-08 1.7787E-08 1.6817E-08 1.5881E-08 1.4981E-08 1.4122E-08 1.3299E-08 1.2520E-08 1.1785E-08 1.1088E-08 1.0397E-08 9.7534E-09 9.1691E-09 8.6338E-09 8.1293E-09 7.6550E-09 7.2104E-09 6.7943E-09 6.4054E-09 6.0424E-09 5.7036E-09 5.3860E-09 5.0858E-09
2.0472E-08 2.3440E-08 2.6765E-08 3.0678E-08 3.5048E-08 4.0129E-08 4.5801E-08 5.2277E-08 5.9512E-08 6.7497E-08 7.6034E-08 8.4546E-08 9.2103E-08 9.7658E-08 1.0027E-07 9.9357E-08 9.4723E-08 8.7038E-08 7.7454E-08 6.7336E-08 5.7826E-08 4.9648E-08 4.3054E-08 3.7952E-08 3.4040E-08 3.1070E-08 2.8778E-08 2.6916E-08 2.5424E-08 2.4129E-08 2.2914E-08 2.1755E-08 2.0647E-08 1.9590E-08 1.8558E-08 1.7561E-08 1.6603E-08 1.5676E-08 1.4790E-08 1.3940E-08 1.3125E-08 1.2358E-08 1.1631E-08 1.0941E-08 1.0247E-08 9.6149E-09 9.0533E-09 8.5227E-09 8.0230E-09 7.5540E-09 7.1146E-09 6.7038E-09 6.3203E-09 5.9623E-09 5.6284E-09 5.3146E-09 5.0102E-09
1.9183E-08 2.1694E-08 2.4705E-08 2.8277E-08 3.2233E-08 3.6970E-08 4.2389E-08 4.8812E-08 5.6305E-08 6.5089E-08 7.4929E-08 8.5221E-08 9.4999E-08 1.0272E-07 1.0705E-07 1.0682E-07 1.0175E-07 9.2626E-08 8.1162E-08 6.9103E-08 5.8136E-08 4.9005E-08 4.1929E-08 3.6658E-08 3.2777E-08 2.9973E-08 2.7841E-08 2.6221E-08 2.4900E-08 2.3684E-08 2.2510E-08 2.1389E-08 2.0313E-08 1.9282E-08 1.8269E-08 1.7295E-08 1.6351E-08 1.5438E-08 1.4571E-08 1.3730E-08 1.2930E-08 1.2177E-08 1.1461E-08 1.0763E-08 1.0068E-08 9.4815E-09 8.9258E-09 8.4016E-09 7.9087E-09 7.4463E-09 7.0135E-09 6.6096E-09 6.2329E-09 5.8813E-09 5.5529E-09 5.2431E-09 4.9220E-09
1.7828E-08 2.0077E-08 2.2597E-08 2.5703E-08 2.9221E-08 3.3415E-08 3.8405E-08 4.4495E-08 5.2098E-08 6.1495E-08 7.2652E-08 8.5137E-08 9.7645E-08 1.0824E-07 1.1476E-07 1.1541E-07 1.0974E-07 9.8797E-08 8.4784E-08 7.0434E-08 5.7731E-08 4.7673E-08 4.0220E-08 3.4932E-08 3.1241E-08 2.8730E-08 2.6890E-08 2.5512E-08 2.4324E-08 2.3154E-08 2.2042E-08 2.0961E-08 1.9932E-08 1.8925E-08 1.7940E-08 1.6995E-08 1.6068E-08 1.5178E-08 1.4328E-08 1.3501E-08 1.2722E-08 1.1982E-08 1.1278E-08 1.0527E-08 9.9178E-09 9.3389E-09 8.7920E-09 8.2769E-09 7.7930E-09 7.3391E-09 6.9140E-09 6.5166E-09 6.1457E-09 5.7994E-09 5.4763E-09 5.1570E-09 4.7809E-09
1.6472E-08 1.8461E-08 2.0672E-08 2.3114E-08 2.6096E-08 2.9745E-08 3.4111E-08 3.9635E-08 4.6991E-08 5.6630E-08 6.8981E-08 8.3684E-08 9.9344E-08 1.1344E-07 1.2284E-07 1.2490E-07 1.1850E-07 1.0521E-07 8.8131E-08 7.0963E-08 5.6440E-08 4.5570E-08 3.7991E-08 3.2892E-08 2.9587E-08 2.7393E-08 2.5935E-08 2.4797E-08 2.3674E-08 2.2573E-08 2.1520E-08 2.0494E-08 1.9512E-08 1.8533E-08 1.7586E-08 1.6668E-08 1.5763E-08 1.4903E-08 1.4068E-08 1.3263E-08 1.2505E-08 1.1781E-08 1.1091E-08 1.0365E-08 9.7672E-09 9.1986E-09 8.6605E-09 8.1533E-09 7.6766E-09 7.2310E-09 6.8126E-09 6.4226E-09 6.0573E-09 5.7172E-09 5.3985E-09 5.0499E-09 4.6667E-09
1.5161E-08 1.6891E-08 1.8807E-08 2.0909E-08 2.3228E-08 2.6079E-08 2.9851E-08 3.4643E-08 4.1333E-08 5.0765E-08 6.3850E-08 8.0464E-08 9.9408E-08 1.1758E-07 1.3068E-07 1.3472E-07 1.2799E-07 1.1187E-07 9.1041E-08 7.0592E-08 5.4179E-08 4.2764E-08 3.5332E-08 3.0782E-08 2.7936E-08 2.6180E-08 2.5070E-08 2.4030E-08 2.2968E-08 2.1960E-08 2.0959E-08 2.0005E-08 1.9062E-08 1.8121E-08 1.7218E-08 1.6321E-08 1.5452E-08 1.4621E-08 1.3802E-08 1.3030E-08 1.2292E-08 1.1584E-08 1.0820E-08 1.0201E-08 9.6137E-09 9.0536E-09 8.5265E-09 8.0274E-09 7.5600E-09 7.1207E-09 6.7096E-09 6.3252E-09 5.9659E-09 5.6303E-09 5.3166E-09 4.9376E-09 4.5880E-09
1.3915E-08 1.5411E-08 1.7064E-08 1.8857E-08 2.0815E-08 2.2983E-08 2.5794E-08 2.9880E-08 3.5633E-08 4.4403E-08 5.7411E-08 7.5522E-08 9.7577E-08 1.2037E-07 1.3804E-07 1.4485E-07 1.3785E-07 1.1883E-07 9.3562E-08 6.9342E-08 5.1045E-08 3.9414E-08 3.2527E-08 2.8647E-08 2.6252E-08 2.5156E-08 2.4175E-08 2.3211E-08 2.2252E-08 2.1311E-08 2.0390E-08 1.9498E-08 1.8590E-08 1.7707E-08 1.6841E-08 1.5975E-08 1.5149E-08 1.4334E-08 1.3540E-08 1.2788E-08 1.2069E-08 1.1379E-08 1.0640E-08 1.0033E-08 9.4526E-09 8.9023E-09 8.3825E-09 7.8930E-09 7.4331E-09 7.0028E-09 6.6000E-09 6.2233E-09 5.8711E-09 5.5417E-09 5.1867E-09 4.7954E-09 4.5256E-09
1.2766E-08 1.4063E-08 1.5474E-08 1.6999E-08 1.8645E-08 2.0447E-08 2.2557E-08 2.5512E-08 3.0377E-08 3.8085E-08 5.0437E-08 6.9024E-08 9.3788E-08 1.2119E-07 1.4456E-07 1.5553E-07 1.4926E-07 1.2700E-07 9.6477E-08 6.7669E-08 4.7327E-08 3.5736E-08 2.9704E-08 2.6471E-08 2.5036E-08 2.4121E-08 2.3253E-08 2.2382E-08 2.1526E-08 2.0657E-08 1.9825E-08 1.8978E-08 1.8125E-08 1.7289E-08 1.6440E-08 1.5622E-08 1.4821E-08 1.4029E-08 1.3269E-08 1.2536E-08 1.1829E-08 1.1122E-08 1.0438E-08 9.8406E-09 9.2724E-09 8.7338E-09 8.2261E-09 7.7485E-09 7.2997E-09 6.8791E-09 6.4858E-09 6.1179E-09 5.7735E-09 5.4509E-09 5.0837E-09 4.6933E-09 4.4615E-09
1.1683E-08 1.2802E-08 1.4036E-08 1.5346E-08 1.6727E-08 1.8234E-08 1.9984E-08 2.2239E-08 2.5800E-08 3.2260E-08 4.3366E-08 6.1448E-08 8.7676E-08 1.1962E-07 1.4926E-07 1.6599E-07 1.6202E-07 1.3769E-07 1.0156E-07 6.7142E-08 4.4183E-08 3.2207E-08 2.7178E-08 2.4846E-08 2.3869E-08 2.3088E-08 2.2326E-08 2.1570E-08 2.0780E-08 2.0007E-08 1.9235E-08 1.8427E-08 1.7645E-08 1.6837E-08 1.6027E-08 1.5240E-08 1.4451E-08 1.3689E-08 1.2954E-08 1.2238E-08 1.1550E-08 1.0813E-08 1.0207E-08 9.6258E-09 9.0726E-09 8.5495E-09 8.0571E-09 7.5942E-09 7.1594E-09 6.7513E-09 6.3687E-09 6.0103E-09 5.6742E-09 5.3585E-09 4.9128E-09 4.6239E-09 4.3901E-09
1.0727E-08 1.1695E-08 1.2734E-08 1.3885E-08 1.5067E-08 1.6314E-08 1.7783E-08 1.9615E-08 2.2287E-08 2.7228E-08 3.6496E-08 5.3046E-08 7.9529E-08 1.1497E-07 1.5168E-07 1.7622E-07 1.7741E-07 1.5326E-07 1.1235E-07 7.2001E-08 4.3373E-08 2.9658E-08 2.4774E-08 2.3435E-08 2.2702E-08 2.2044E-08 2.1409E-08 2.0728E-08 2.0045E-08 1.9346E-08 1.8598E-08 1.7850E-08 1.7093E-08 1.6315E-08 1.5550E-08 1.4781E-08 1.4020E-08 1.3294E-08 1.2586E-08 1.1896E-08 1.1186E-08 1.0530E-08 9.9453E-09 9.3878E-09 8.8585E-09 8.3575E-09 7.8845E-09 7.4390E-09 7.0191E-09 6.6242E-09 6.2527E-09 5.8965E-09 5.5624E-09 5.1846E-09 4.7995E-09 4.5353E-09 4.3010E-09
9.9728E-09 1.0796E-08 1.1673E-08 1.2613E-08 1.3617E-08 1.4709E-08 1.5920E-08 1.7415E-08 1.9468E-08 2.3080E-08 3.0211E-08 4.4131E-08 6.9276E-08 1.0703E-07 1.5092E-07 1.8525E-07 1.9493E-07 1.7468E-07 1.3313E-07 8.7271E-08 5.0356E-08 2.9396E-08 2.3097E-08 2.2147E-08 2.1574E-08 2.1046E-08 2.0461E-08 1.9863E-08 1.9253E-08 1.8585E-08 1.7890E-08 1.7181E-08 1.6448E-08 1.5724E-08 1.4989E-08 1.4244E-08 1.3530E-08 1.2836E-08 1.2163E-08 1.1500E-08 1.0816E-08 1.0237E-08 9.6828E-09 9.1537E-09 8.6494E-09 8.1704E-09 7.7085E-09 7.2688E-09 6.8547E-09 6.4652E-09 6.0991E-09 5.7537E-09 5.4302E-09 5.0361E-09 4.6781E-09 4.4429E-09 4.2075E-09
9.3110E-09 1.0049E-08 1.0833E-08 1.1653E-08 1.2503E-08 1.3399E-08 1.4407E-08 1.5607E-08 1.7176E-08 1.9795E-08 2.4717E-08 3.5202E-08 5.6479E-08 9.3767E-08 1.4383E-07 1.8980E-07 2.1107E-07 1.9974E-07 1.6342E-07 1.2034E-07 7.7629E-08 3.8482E-08 2.3128E-08 2.0860E-08 2.0443E-08 1.9971E-08 1.9460E-08 1.8932E-08 1.8354E-08 1.7735E-08 1.7084E-08 1.6400E-08 1.5718E-08 1.5034E-08 1.4344E-08 1.3674E-08 1.3018E-08 1.2377E-08 1.1739E-08 1.1089E-08 1.0502E-08 9.9502E-09 9.4086E-09 8.8909E-09 8.3978E-09 7.9294E-09 7.4841E-09 7.0630E-09 6.6661E-09 6.2920E-09 5.9398E-09 5.6073E-09 5.2293E-09 4.8411E-09 4.5739E-09 4.3392E-09 4.1077E-09
8.6900E-09 9.3743E-09 1.0077E-08 1.0813E-08 1.1579E-08 1.2371E-08 1.3220E-08 1.4161E-08 1.5391E-08 1.7189E-08 2.0372E-08 2.7091E-08 4.2346E-08 7.4279E-08 1.2618E-07 1.8263E-07 2.1768E-07 2.1887E-07 1.9424E-07 1.6999E-07 1.4829E-07 7.9204E-08 2.4290E-08 1.9596E-08 1.9245E-08 1.8837E-08 1.8387E-08 1.7885E-08 1.7351E-08 1.6792E-08 1.6200E-08 1.5598E-08 1.4986E-08 1.4362E-08 1.3747E-08 1.3139E-08 1.2536E-08 1.1919E-08 1.1277E-08 1.0668E-08 1.0121E-08 9.5913E-09 9.0792E-09 8.5894E-09 8.1219E-09 7.6772E-09 7.2545E-09 6.8508E-09 6.4692E-09 6.1090E-09 5.7693E-09 5.4404E-09 5.0530E-09 4.7000E-09 4.4645E-09 4.2277E-09 4.0069E-09
8.0455E-09 8.6773E-09 9.4054E-09 1.0077E-08 1.0771E-08 1.1487E-08 1.2236E-08 1.3039E-08 1.3909E-08 1.5197E-08 1.7182E-08 2.0825E-08 2.9825E-08 5.1392E-08 9.7002E-08 1.5880E-07 2.0814E-07 2.2426E-07 2.1604E-07 2.1207E-07 2.5160E-07 2.1262E-07 2.8295E-08 1.8285E-08 1.7997E-08 1.7666E-08 1.7281E-08 1.6857E-08 1.6398E-08 1.5903E-08 1.5389E-08 1.4856E-08 1.4280E-08 1.3699E-08 1.3118E-08 1.2538E-08 1.1963E-08 1.1366E-08 1.0762E-08 1.0236E-08 9.7232E-09 9.2269E-09 8.7437E-09 8.2790E-09 7.8346E-09 7.4110E-09 7.0082E-09 6.6258E-09 6.2633E-09 5.9202E-09 5.5955E-09 5.2121E-09 4.8356E-09 4.5765E-09 4.3419E-09 4.1103E-09 3.9001E-09
7.5243E-09 8.0780E-09 8.7483E-09 9.3786E-09 1.0041E-08 1.0698E-08 1.1367E-08 1.2054E-08 1.2781E-08 1.3591E-08 1.4754E-08 1.6652E-08 2.0815E-08 3.2131E-08 5.9699E-08 1.1115E-07 1.7396E-07 2.1794E-07 2.3155E-07 2.4751E-07 2.9606E-07 4.9405E-07 4.2035E-08 1.7086E-08 1.6868E-08 1.6597E-08 1.6281E-08 1.5907E-08 1.5476E-08 1.5018E-08 1.4533E-08 1.4028E-08 1.3510E-08 1.2985E-08 1.2453E-08 1.1907E-08 1.1367E-08 1.0814E-08 1.0288E-08 9.7938E-09 9.3118E-09 8.8443E-09 8.3928E-09 7.9583E-09 7.5417E-09 7.1433E-09 6.7608E-09 6.3959E-09 6.0495E-09 5.7209E-09 5.3912E-09 5.0006E-09 4.6792E-09 4.4462E-09 4.2103E-09 3.9939E-09 3.7898E-09
