Assets/Resources/2015_m01_d15_0300(utc+0800)_l00_csi_1hr_conc.grd
DSAA
         159         159
     -79.000      79.000
     -79.000      79.000
  0.0000E+00  0.5399E-04
[rows 25 to 49 of 159, columns 57 to 113 of 159]
8.0579E-10 8.3274E-10 8.5595E-10 8.8713E-10 9.1222E-10 9.4896E-10 9.8471E-10 1.0158E-09 1.0611E-09 1.1040E-09 1.1395E-09 1.1967E-09 1.2482E-09 1.2861E-09 1.3604E-09 1.4209E-09 1.4556E-09 1.5576E-09 1.6295E-09 1.6848E-09 1.8184E-09 1.9834E-09 2.0788E-09 2.2346E-09 2.6222E-09 2.9696E-09 2.9282E-09 3.2857E-09 4.1995E-09 4.7869E-09 3.6694E-09 4.7428E-09 5.3165E-09 3.6118E-09 4.1322E-09 3.6617E-09 3.3302E-09 3.3450E-09 3.0022E-09 3.0579E-09 2.8465E-09 2.5424E-09 2.1549E-09 1.8233E-09 1.5985E-09 1.4545E-09 1.3669E-09 1.3201E-09 1.2751E-09 1.2474E-09 1.2077E-09 1.1950E-09 1.1775E-09 1.1613E-09 1.1552E-09 1.1438E-09 1.1461E-09
7.9622E-10 8.2369E-10 8.4523E-10 8.7682E-10 9.0783E-10 9.3653E-10 9.7272E-10 1.0046E-09 1.0475E-09 1.0899E-09 1.1317E-09 1.1856E-09 1.2372E-09 1.2883E-09 1.3578E-09 1.4228E-09 1.4844E-09 1.5776E-09 1.6480E-09 1.7128E-09 1.8449E-09 1.9119E-09 1.9540E-09 2.2279E-09 2.4411E-09 2.4669E-09 2.8260E-09 3.4749E-09 3.8810E-09 3.2805E-09 4.2934E-09 5.4254E-09 3.7647E-09 4.1868E-09 4.4627E-09 3.1810E-09 3.4417E-09 3.0691E-09 2.8999E-09 2.8600E-09 2.6527E-09 2.6448E-09 2.4527E-09 2.1964E-09 1.8904E-09 1.6372E-09 1.4646E-09 1.3535E-09 1.2845E-09 1.2460E-09 1.2096E-09 1.1861E-09 1.1544E-09 1.1433E-09 1.1288E-09 1.1157E-09 1.1103E-09
7.9044E-10 8.1325E-10 8.4097E-10 8.6570E-10 8.9726E-10 9.2394E-10 9.6052E-10 9.8915E-10 1.0327E-09 1.0754E-09 1.1166E-09 1.1675E-09 1.2056E-09 1.2762E-09 1.3443E-09 1.3863E-09 1.4846E-09 1.5708E-09 1.6493E-09 1.7520E-09 1.8704E-09 1.9513E-09 2.0907E-09 2.2657E-09 2.2844E-09 2.4377E-09 2.8728E-09 3.0932E-09 2.9110E-09 3.7471E-09 4.7877E-09 4.0353E-09 4.0291E-09 5.0100E-09 3.7743E-09 3.5767E-09 3.5834E-09 2.8003E-09 2.9087E-09 2.6417E-09 2.5542E-09 2.4978E-09 2.3628E-09 2.3202E-09 2.1496E-09 1.9332E-09 1.6577E-09 1.4936E-09 1.3591E-09 1.2720E-09 1.2169E-09 1.1851E-09 1.1553E-09 1.1353E-09 1.1095E-09 1.0997E-09 1.0780E-09
7.7912E-10 8.0092E-10 8.2915E-10 8.5262E-10 8.8492E-10 9.1696E-10 9.4731E-10 9.8405E-10 1.0175E-09 1.0605E-09 1.0975E-09 1.1493E-09 1.1902E-09 1.2576E-09 1.3196E-09 1.3761E-09 1.4647E-09 1.5453E-09 1.6150E-09 1.7443E-09 1.8522E-09 1.9319E-09 2.1395E-09 2.2877E-09 2.3151E-09 2.6767E-09 2.8987E-09 2.7291E-09 3.2100E-09 3.9386E-09 3.6141E-09 3.7193E-09 4.9256E-09 4.9233E-09 3.5945E-09 4.1774E-09 3.2749E-09 3.0403E-09 2.9268E-09 2.4814E-09 2.5112E-09 2.3295E-09 2.2778E-09 2.2206E-09 2.1237E-09 2.0639E-09 1.9138E-09 1.7311E-09 1.5144E-09 1.3596E-09 1.2754E-09 1.2063E-09 1.1618E-09 1.1352E-09 1.1104E-09 1.0933E-09 1.0720E-09
7.5806E-10 7.8684E-10 8.1540E-10 8.4393E-10 8.7023E-10 9.0276E-10 9.3160E-10 9.6914E-10 1.0005E-09 1.0444E-09 1.0879E-09 1.1305E-09 1.1847E-09 1.2337E-09 1.2969E-09 1.3536E-09 1.4332E-09 1.5103E-09 1.5959E-09 1.7088E-09 1.8137E-09 1.9344E-09 2.1102E-09 2.2413E-09 2.4080E-09 2.7267E-09 2.8833E-09 3.0361E-09 3.6677E-09 3.7626E-09 3.3376E-09 4.4158E-09 5.0335E-09 3.4788E-09 4.4467E-09 4.4784E-09 3.1339E-09 3.3933E-09 2.7558E-09 2.6111E-09 2.4728E-09 2.2213E-09 2.2150E-09 2.0930E-09 2.0567E-09 2.0036E-09 1.9273E-09 1.8604E-09 1.7290E-09 1.5747E-09 1.4022E-09 1.2782E-09 1.1925E-09 1.1535E-09 1.1171E-09 1.0837E-09 1.0737E-09
7.3600E-10 7.6409E-10 7.9291E-10 8.2042E-10 8.5344E-10 8.8625E-10 9.1322E-10 9.5131E-10 9.8929E-10 1.0252E-09 1.0694E-09 1.1110E-09 1.1648E-09 1.2093E-09 1.2732E-09 1.3363E-09 1.4021E-09 1.4805E-09 1.5607E-09 1.6636E-09 1.7329E-09 1.8979E-09 2.0435E-09 2.1754E-09 2.3973E-09 2.6397E-09 2.7853E-09 3.1646E-09 3.6613E-09 3.6526E-09 4.2322E-09 5.2909E-09 3.9088E-09 4.3383E-09 5.3115E-09 3.1397E-09 3.7657E-09 3.5873E-09 2.7211E-09 2.7927E-09 2.3675E-09 2.2811E-09 2.1579E-09 2.0119E-09 1.9916E-09 1.9088E-09 1.8791E-09 1.8311E-09 1.7666E-09 1.6985E-09 1.5703E-09 1.4532E-09 1.3143E-09 1.2140E-09 1.1444E-09 1.1115E-09 1.0812E-09
7.0155E-10 7.3171E-10 7.6255E-10 7.9402E-10 8.2622E-10 8.5439E-10 8.9274E-10 9.3098E-10 9.6910E-10 1.0026E-09 1.0473E-09 1.0872E-09 1.1409E-09 1.1944E-09 1.2466E-09 1.3106E-09 1.3704E-09 1.4490E-09 1.5209E-09 1.6227E-09 1.7003E-09 1.8405E-09 1.9654E-09 2.0922E-09 2.3243E-09 2.5092E-09 2.6620E-09 3.1041E-09 3.4202E-09 3.4854E-09 4.4284E-09 5.1013E-09 4.3971E-09 6.0222E-09 5.8184E-09 3.9094E-09 4.5452E-09 2.7870E-09 3.1338E-09 2.8652E-09 2.3800E-09 2.3633E-09 2.0887E-09 2.0309E-09 1.9332E-09 1.8445E-09 1.8206E-09 1.7384E-09 1.7362E-09 1.6929E-09 1.6359E-09 1.5697E-09 1.4601E-09 1.3589E-09 1.2727E-09 1.1923E-09 1.1367E-09
6.7273E-10 6.9926E-10 7.2727E-10 7.5475E-10 7.8923E-10 8.2458E-10 8.6076E-10 8.9805E-10 9.3267E-10 9.7752E-10 1.0252E-09 1.0704E-09 1.1130E-09 1.1667E-09 1.2149E-09 1.2799E-09 1.3339E-09 1.4181E-09 1.4982E-09 1.5808E-09 1.6803E-09 1.7797E-09 1.9149E-09 2.0379E-09 2.2248E-09 2.3816E-09 2.6115E-09 2.9502E-09 3.1560E-09 3.5165E-09 4.2613E-09 4.4801E-09 4.8439E-09 6.4661E-09 5.6680E-09 5.6988E-09 5.9825E-09 3.3749E-09 3.6151E-09 2.4664E-09 2.6314E-09 2.3770E-09 2.1101E-09 2.0608E-09 1.8847E-09 1.8417E-09 1.7681E-09 1.7113E-09 1.6881E-09 1.6301E-09 1.6213E-09 1.5819E-09 1.5581E-09 1.4974E-09 1.4049E-09 1.3194E-09 1.2281E-09
6.3768E-10 6.6442E-10 6.9204E-10 7.2067E-10 7.5067E-10 7.7719E-10 8.1564E-10 8.5539E-10 8.9624E-10 9.4109E-10 9.8520E-10 1.0287E-09 1.0822E-09 1.1357E-09 1.1899E-09 1.2442E-09 1.3131E-09 1.3771E-09 1.4577E-09 1.5325E-09 1.6341E-09 1.7241E-09 1.8577E-09 1.9877E-09 2.1371E-09 2.3096E-09 2.5155E-09 2.7646E-09 2.9570E-09 3.4167E-09 3.9180E-09 4.0105E-09 4.9297E-09 6.1246E-09 4.8228E-09 6.6820E-09 7.0673E-09 4.8562E-09 4.7772E-09 2.8780E-09 2.8861E-09 2.1957E-09 2.2573E-09 2.0540E-09 1.9013E-09 1.8463E-09 1.7023E-09 1.6986E-09 1.6443E-09 1.6058E-09 1.5849E-09 1.5723E-09 1.5619E-09 1.5279E-09 1.4826E-09 1.4264E-09 1.3468E-09
6.1263E-10 6.3504E-10 6.5870E-10 6.8143E-10 7.1149E-10 7.4260E-10 7.7494E-10 8.0911E-10 8.4135E-10 8.8906E-10 9.3571E-10 9.8381E-10 1.0336E-09 1.0862E-09 1.1410E-09 1.2089E-09 1.2738E-09 1.3312E-09 1.4115E-09 1.4931E-09 1.5835E-09 1.6859E-09 1.7918E-09 1.9232E-09 2.0521E-09 2.2281E-09 2.3793E-09 2.6341E-09 2.8687E-09 3.2369E-09 3.5433E-09 3.7800E-09 4.7530E-09 5.3444E-09 5.1611E-09 7.0974E-09 6.8882E-09 5.9692E-09 6.2643E-09 3.9636E-09 3.6018E-09 2.4707E-09 2.3840E-09 1.9770E-09 1.9858E-09 1.8351E-09 1.7421E-09 1.6923E-09 1.5986E-09 1.5903E-09 1.5505E-09 1.5563E-09 1.5426E-09 1.5118E-09 1.4993E-09 1.4682E-09 1.4586E-09
5.8271E-10 6.0542E-10 6.2867E-10 6.5255E-10 6.7741E-10 7.0394E-10 7.3084E-10 7.6483E-10 8.0302E-10 8.4016E-10 8.7991E-10 9.2000E-10 9.7283E-10 1.0277E-09 1.0845E-09 1.1478E-09 1.2048E-09 1.2830E-09 1.3619E-09 1.4421E-09 1.5232E-09 1.6242E-09 1.7163E-09 1.8478E-09 1.9816E-09 2.1345E-09 2.3088E-09 2.5099E-09 2.7457E-09 3.0078E-09 3.3565E-09 3.6818E-09 4.3965E-09 4.5725E-09 5.2674E-09 6.9304E-09 5.9425E-09 6.8292E-09 7.3468E-09 4.9514E-09 4.7794E-09 3.2218E-09 2.7993E-09 2.1571E-09 2.0487E-09 1.8056E-09 1.7908E-09 1.6826E-09 1.6223E-09 1.5810E-09 1.5184E-09 1.5446E-09 1.5237E-09 1.5060E-09 1.5267E-09 1.5044E-09 1.4928E-09
5.6362E-10 5.8235E-10 6.0192E-10 6.1987E-10 6.4507E-10 6.7082E-10 6.9728E-10 7.2784E-10 7.5301E-10 7.9074E-10 8.2988E-10 8.7045E-10 9.1307E-10 9.5946E-10 1.0132E-09 1.0765E-09 1.1425E-09 1.2109E-09 1.2835E-09 1.3632E-09 1.4608E-09 1.5595E-09 1.6600E-09 1.7659E-09 1.8950E-09 2.0275E-09 2.1999E-09 2.3651E-09 2.6089E-09 2.8042E-09 3.1775E-09 3.4942E-09 3.9855E-09 4.3997E-09 5.1516E-09 6.2392E-09 5.3104E-09 7.3819E-09 7.6995E-09 5.8673E-09 5.9710E-09 4.0095E-09 3.6108E-09 2.6660E-09 2.2951E-09 1.9236E-09 1.8240E-09 1.6745E-09 1.6514E-09 1.5747E-09 1.5334E-09 1.5389E-09 1.5418E-09 1.5411E-09 1.5250E-09 1.5144E-09 1.5054E-09
5.3902E-10 5.5856E-10 5.7831E-10 5.9830E-10 6.1880E-10 6.4043E-10 6.6162E-10 6.9278E-10 7.2181E-10 7.5168E-10 7.8330E-10 8.1397E-10 8.5733E-10 9.0591E-10 9.5297E-10 1.0028E-09 1.0501E-09 1.1222E-09 1.2030E-09 1.2832E-09 1.3668E-09 1.4574E-09 1.5590E-09 1.6828E-09 1.8076E-09 1.9176E-09 2.0853E-09 2.2553E-09 2.4523E-09 2.6839E-09 2.9521E-09 3.2888E-09 3.6441E-09 4.1909E-09 4.5583E-09 5.5577E-09 5.4779E-09 7.4874E-09 7.0300E-09 6.7130E-09 7.1411E-09 4.7974E-09 4.4994E-09 3.2669E-09 2.8451E-09 2.2689E-09 1.9783E-09 1.7536E-09 1.6719E-09 1.5765E-09 1.5885E-09 1.5783E-09 1.5631E-09 1.5515E-09 1.5282E-09 1.5267E-09 1.5040E-09
5.2545E-10 5.4120E-10 5.5771E-10 5.7196E-10 5.9349E-10 6.1516E-10 6.3996E-10 6.6289E-10 6.8182E-10 7.1317E-10 7.4516E-10 7.7766E-10 8.1177E-10 8.5110E-10 8.8949E-10 9.4037E-10 9.9295E-10 1.0517E-09 1.1107E-09 1.1725E-09 1.2611E-09 1.3552E-09 1.4534E-09 1.5562E-09 1.6564E-09 1.8112E-09 1.9714E-09 2.1326E-09 2.2941E-09 2.5176E-09 2.7204E-09 3.0536E-09 3.3745E-09 3.8368E-09 4.2868E-09 5.0058E-09 5.6814E-09 6.5309E-09 7.3647E-09 7.3988E-09 7.9942E-09 5.6159E-09 5.5217E-09 3.8902E-09 3.4637E-09 2.7216E-09 2.3593E-09 1.9917E-09 1.8101E-09 1.6707E-09 1.6108E-09 1.5955E-09 1.5899E-09 1.5679E-09 1.5573E-09 1.5458E-09 1.5712E-09
5.0614E-10 5.2289E-10 5.3966E-10 5.5661E-10 5.7392E-10 5.9479E-10 6.1211E-10 6.3637E-10 6.6070E-10 6.8523E-10 7.1072E-10 7.3390E-10 7.7335E-10 8.1004E-10 8.4715E-10 8.8550E-10 9.1856E-10 9.8061E-10 1.0410E-09 1.1030E-09 1.1670E-09 1.2371E-09 1.3187E-09 1.4287E-09 1.5457E-09 1.6672E-09 1.7955E-09 1.9381E-09 2.1443E-09 2.3569E-09 2.5706E-09 2.8181E-09 3.1218E-09 3.4631E-09 3.9375E-09 4.3768E-09 5.2310E-09 5.5853E-09 7.2200E-09 6.6926E-09 8.5868E-09 6.4471E-09 6.6807E-09 4.5658E-09 4.1832E-09 3.2022E-09 2.8328E-09 2.3716E-09 2.0886E-09 1.8460E-09 1.6920E-09 1.6486E-09 1.6184E-09 1.5938E-09 1.6356E-09 1.6059E-09 1.6151E-09
4.9762E-10 5.1116E-10 5.2498E-10 5.3597E-10 5.5445E-10 5.7597E-10 5.9497E-10 6.1439E-10 6.2881E-10 6.5584E-10 6.8297E-10 7.1358E-10 7.4126E-10 7.7046E-10 7.9995E-10 8.4153E-10 8.8799E-10 9.3061E-10 9.7497E-10 1.0185E-09 1.0876E-09 1.1594E-09 1.2322E-09 1.3068E-09 1.3743E-09 1.5013E-09 1.6406E-09 1.7887E-09 1.9405E-09 2.1030E-09 2.3144E-09 2.5990E-09 2.8883E-09 3.1825E-09 3.5796E-09 3.9943E-09 4.6210E-09 5.2463E-09 6.1753E-09 7.2208E-09 7.9319E-09 8.5274E-09 7.7041E-09 5.3081E-09 5.0916E-09 3.7640E-09 3.3384E-09 2.7492E-09 2.4214E-09 2.1166E-09 1.9017E-09 1.7851E-09 1.7351E-09 1.6935E-09 1.6819E-09 1.6686E-09 1.6673E-09
5.0298E-10 5.0841E-10 5.1615E-10 5.2640E-10 5.4389E-10 5.5942E-10 5.7323E-10 5.9434E-10 6.1537E-10 6.3639E-10 6.5785E-10 6.7976E-10 7.1099E-10 7.4215E-10 7.7293E-10 8.0820E-10 8.3224E-10 8.8043E-10 9.2961E-10 9.7856E-10 1.0270E-09 1.0780E-09 1.1356E-09 1.2195E-09 1.3057E-09 1.3912E-09 1.4775E-09 1.5708E-09 1.7339E-09 1.9148E-09 2.1057E-09 2.2958E-09 2.4681E-09 2.8352E-09 3.2458E-09 3.6467E-09 4.0597E-09 4.7365E-09 5.2042E-09 6.5082E-09 6.8908E-09 8.8469E-09 7.4663E-09 8.4080E-09 6.1307E-09 4.3627E-09 3.9442E-09 3.1626E-09 2.7923E-09 2.4169E-09 2.2081E-09 2.0549E-09 1.9145E-09 1.8173E-09 1.7610E-09 1.7392E-09 1.7281E-09
5.2116E-10 5.2252E-10 5.2471E-10 5.2835E-10 5.3714E-10 5.4607E-10 5.6261E-10 5.7915E-10 5.8984E-10 6.1364E-10 6.4109E-10 6.6516E-10 6.8895E-10 7.1359E-10 7.3722E-10 7.7793E-10 8.1414E-10 8.4948E-10 8.8513E-10 9.1709E-10 9.7452E-10 1.0326E-09 1.0891E-09 1.1438E-09 1.2034E-09 1.2815E-09 1.3851E-09 1.4898E-09 1.5892E-09 1.6873E-09 1.8214E-09 2.0374E-09 2.2799E-09 2.5314E-09 2.7642E-09 3.0384E-09 3.5914E-09 4.2161E-09 4.7570E-09 5.5666E-09 6.4911E-09 7.4732E-09 8.8582E-09 8.7940E-09 7.7336E-09 6.6762E-09 4.7792E-09 3.6285E-09 3.2657E-09 2.7935E-09 2.5049E-09 2.3142E-09 2.1437E-09 2.0147E-09 1.9190E-09 1.8575E-09 1.8175E-09
5.5398E-10 5.5054E-10 5.5180E-10 5.5567E-10 5.5743E-10 5.6020E-10 5.6488E-10 5.7230E-10 5.8315E-10 6.0137E-10 6.2365E-10 6.3815E-10 6.6611E-10 6.9387E-10 7.2532E-10 7.5254E-10 7.8149E-10 8.1306E-10 8.5597E-10 8.9773E-10 9.3764E-10 9.7821E-10 1.0219E-09 1.0915E-09 1.1609E-09 1.2260E-09 1.2866E-09 1.3437E-09 1.4669E-09 1.5980E-09 1.7269E-09 1.8383E-09 1.9462E-09 2.1484E-09 2.4460E-09 2.7866E-09 3.1246E-09 3.3817E-09 3.8858E-09 4.7860E-09 5.7823E-09 6.3664E-09 8.0793E-09 8.0000E-09 9.8479E-09 7.4990E-09 6.5937E-09 5.1335E-09 3.8970E-09 3.1680E-09 2.8381E-09 2.5966E-09 2.3980E-09 2.2434E-09 2.1243E-09 2.0929E-09 2.0299E-09
5.7944E-10 5.9175E-10 5.9257E-10 5.8918E-10 5.8705E-10 5.8831E-10 5.9329E-10 5.9517E-10 5.9830E-10 6.0752E-10 6.1715E-10 6.3108E-10 6.5195E-10 6.7326E-10 6.9747E-10 7.3079E-10 7.6349E-10 7.9480E-10 8.2559E-10 8.5038E-10 9.0157E-10 9.5254E-10 1.0009E-09 1.0456E-09 1.0923E-09 1.1536E-09 1.2398E-09 1.3239E-09 1.3978E-09 1.4622E-09 1.5474E-09 1.7085E-09 1.8807E-09 2.0415E-09 2.1528E-09 2.2419E-09 2.6070E-09 3.0439E-09 3.5601E-09 4.0165E-09 4.0553E-09 5.1541E-09 6.7314E-09 8.0765E-09 8.7183E-09 9.7519E-09 8.6340E-09 6.0938E-09 5.1631E-09 4.0912E-09 3.3139E-09 2.9083E-09 2.6781E-09 2.5532E-09 2.4178E-09 2.3176E-09 2.2389E-09
6.0727E-10 6.1687E-10 6.2444E-10 6.3275E-10 6.3596E-10 6.3272E-10 6.2831E-10 6.3062E-10 6.3213E-10 6.3714E-10 6.3912E-10 6.4268E-10 6.4925E-10 6.6483E-10 6.8979E-10 7.1404E-10 7.3957E-10 7.6673E-10 8.0628E-10 8.4429E-10 8.7980E-10 9.1481E-10 9.5013E-10 1.0127E-09 1.0742E-09 1.1300E-09 1.1789E-09 1.2170E-09 1.3225E-09 1.4326E-09 1.5362E-09 1.6161E-09 1.6780E-09 1.8137E-09 2.0511E-09 2.2935E-09 2.5002E-09 2.5656E-09 2.7234E-09 3.2337E-09 3.9222E-09 4.7797E-09 5.3017E-09 5.3068E-09 7.1593E-09 9.7228E-09 8.1216E-09 9.3084E-09 6.8717E-09 5.0045E-09 4.1736E-09 3.5951E-09 3.1255E-09 2.8401E-09 2.6826E-09 2.5653E-09 2.4722E-09
6.0735E-10 6.2302E-10 6.4052E-10 6.5404E-10 6.6565E-10 6.7479E-10 6.8115E-10 6.8477E-10 6.8581E-10 6.8308E-10 6.8667E-10 6.8929E-10 6.9128E-10 6.9859E-10 7.0388E-10 7.1344E-10 7.2907E-10 7.5772E-10 7.8543E-10 8.0520E-10 8.5313E-10 9.0059E-10 9.4502E-10 9.8496E-10 1.0251E-09 1.0767E-09 1.1551E-09 1.2304E-09 1.2940E-09 1.3443E-09 1.4054E-09 1.5564E-09 1.7052E-09 1.8382E-09 1.9138E-09 1.9297E-09 2.1986E-09 2.5279E-09 2.8984E-09 3.1594E-09 3.0291E-09 3.3906E-09 4.1885E-09 5.3803E-09 6.9031E-09 6.0686E-09 6.9920E-09 9.5187E-09 8.6872E-09 7.4465E-09 5.5406E-09 4.4004E-09 3.8569E-09 3.4230E-09 3.1333E-09 2.9566E-09 2.8560E-09
5.9278E-10 6.1193E-10 6.3423E-10 6.5365E-10 6.7243E-10 6.9008E-10 7.0610E-10 7.1978E-10 7.3440E-10 7.4244E-10 7.4745E-10 7.4172E-10 7.4569E-10 7.5579E-10 7.6006E-10 7.6353E-10 7.6763E-10 7.7470E-10 7.8767E-10 8.0879E-10 8.4170E-10 8.7354E-10 9.0331E-10 9.6254E-10 1.0204E-09 1.0723E-09 1.1161E-09 1.1427E-09 1.2404E-09 1.3417E-09 1.4360E-09 1.5179E-09 1.5642E-09 1.6718E-09 1.8696E-09 2.0820E-09 2.2564E-09 2.2781E-09 2.3509E-09 2.7553E-09 3.2944E-09 3.9477E-09 4.1905E-09 3.5042E-09 4.3377E-09 5.6665E-09 7.7177E-09 8.5715E-09 6.5904E-09 8.3182E-09 7.4927E-09 6.0753E-09 4.8961E-09 4.0424E-09 3.6675E-09 3.3867E-09 3.2030E-09
5.6960E-10 5.9248E-10 6.1383E-10 6.3604E-10 6.5881E-10 6.8186E-10 7.0474E-10 7.3061E-10 7.5228E-10 7.7209E-10 7.8914E-10 8.0276E-10 8.1741E-10 8.2465E-10 8.1655E-10 8.2544E-10 8.3230E-10 8.3697E-10 8.4771E-10 8.5305E-10 8.6250E-10 8.8040E-10 9.0909E-10 9.4669E-10 9.8331E-10 1.0286E-09 1.1036E-09 1.1755E-09 1.2355E-09 1.2801E-09 1.3388E-09 1.4717E-09 1.6116E-09 1.7363E-09 1.8027E-09 1.7813E-09 2.0465E-09 2.3480E-09 2.6887E-09 2.9300E-09 2.7207E-09 2.9150E-09 3.6023E-09 4.6264E-09 5.9009E-09 4.8759E-09 4.4713E-09 5.6687E-09 7.4844E-09 8.5157E-09 6.1319E-09 7.0973E-09 6.2696E-09 5.2705E-09 4.5626E-09 4.1016E-09 3.8567E-09
5.4209E-10 5.6475E-10 5.8602E-10 6.0848E-10 6.3219E-10 6.5713E-10 6.8313E-10 7.1375E-10 7.4161E-10 7.6960E-10 7.9715E-10 8.2791E-10 8.5276E-10 8.7448E-10 8.9224E-10 9.0576E-10 9.0938E-10 9.1228E-10 9.2509E-10 9.3509E-10 9.4205E-10 9.4697E-10 9.5251E-10 9.6358E-10 9.8669E-10 1.0371E-09 1.0787E-09 1.0972E-09 1.1914E-09 1.3009E-09 1.3947E-09 1.4638E-09 1.5036E-09 1.5925E-09 1.7991E-09 2.0062E-09 2.1800E-09 2.2032E-09 2.1954E-09 2.5678E-09 3.1061E-09 3.7654E-09 4.1146E-09 3.1982E-09 3.9002E-09 5.0032E-09 6.7830E-09 7.6256E-09 4.5882E-09 5.5903E-09 6.8847E-09 7.2614E-09 5.7816E-09 6.2513E-09 5.5892E-09 4.9672E-09 4.5323E-09
