Assets/Resources/2015_m01_d13_0800(utc+0800)_l00_csi_1hr_conc.grd
DSAA
         159         159
     -79.000      79.000
     -79.000      79.000
  0.0000E+00  0.1234E-04
[rows 100 to 124 of 159, columns 0 to 56 of 159]
1.5904E-09 1.6749E-09 1.7636E-09 1.8541E-09 1.9503E-09 2.0504E-09 2.1537E-09 2.2622E-09 2.3744E-09 2.4925E-09 2.6134E-09 2.7348E-09 2.8621E-09 2.9920E-09 3.1208E-09 3.2626E-09 3.3992E-09 3.5352E-09 3.6821E-09 3.8241E-09 3.9643E-09 4.1070E-09 4.2510E-09 4.3962E-09 4.5375E-09 4.6761E-09 4.8121E-09 4.9540E-09 5.0885E-09 5.2165E-09 5.3583E-09 5.4862E-09 5.6114E-09 5.7249E-09 5.8695E-09 5.9770E-09 6.0829E-09 6.2117E-09 6.3087E-09 6.3991E-09 6.5048E-09 6.5864E-09 6.6605E-09 6.7261E-09 6.7856E-09 6.8376E-09 6.8736E-09 6.8970E-09 6.9009E-09 6.8762E-09 6.8218E-09 6.7405E-09 6.6264E-09 6.4868E-09 6.3539E-09 6.1937E-09 6.0068E-09
1.4826E-09 1.5595E-09 1.6404E-09 1.7236E-09 1.8111E-09 1.9023E-09 1.9954E-09 2.0948E-09 2.1982E-09 2.3038E-09 2.4146E-09 2.5266E-09 2.6414E-09 2.7603E-09 2.8795E-09 3.0094E-09 3.1346E-09 3.2592E-09 3.3943E-09 3.5255E-09 3.6552E-09 3.7843E-09 3.9169E-09 4.0471E-09 4.1790E-09 4.3054E-09 4.4293E-09 4.5515E-09 4.6783E-09 4.7946E-09 4.9217E-09 5.0302E-09 5.1429E-09 5.2461E-09 5.3711E-09 5.4628E-09 5.5463E-09 5.6569E-09 5.7360E-09 5.8070E-09 5.8883E-09 5.9482E-09 6.0001E-09 6.0431E-09 6.0741E-09 6.0882E-09 6.0961E-09 6.0928E-09 6.0691E-09 6.0138E-09 5.9313E-09 5.8266E-09 5.6929E-09 5.5505E-09 5.4093E-09 5.2433E-09 5.0547E-09
1.3787E-09 1.4483E-09 1.5221E-09 1.5989E-09 1.6775E-09 1.7603E-09 1.8465E-09 1.9363E-09 2.0298E-09 2.1249E-09 2.2250E-09 2.3270E-09 2.4299E-09 2.5379E-09 2.6488E-09 2.7655E-09 2.8797E-09 2.9963E-09 3.1179E-09 3.2373E-09 3.3587E-09 3.4763E-09 3.5938E-09 3.7144E-09 3.8325E-09 3.9492E-09 4.0613E-09 4.1702E-09 4.2793E-09 4.3889E-09 4.5021E-09 4.5983E-09 4.6890E-09 4.7856E-09 4.8935E-09 4.9704E-09 5.0394E-09 5.1235E-09 5.1901E-09 5.2450E-09 5.3018E-09 5.3462E-09 5.3791E-09 5.4029E-09 5.4150E-09 5.4146E-09 5.4039E-09 5.3810E-09 5.3349E-09 5.2657E-09 5.1752E-09 5.0605E-09 4.9269E-09 4.7993E-09 4.6625E-09 4.5074E-09 4.3365E-09
1.2784E-09 1.3425E-09 1.4095E-09 1.4792E-09 1.5504E-09 1.6259E-09 1.7052E-09 1.7854E-09 1.8695E-09 1.9561E-09 2.0445E-09 2.1369E-09 2.2307E-09 2.3273E-09 2.4269E-09 2.5346E-09 2.6383E-09 2.7438E-09 2.8554E-09 2.9640E-09 3.0735E-09 3.1823E-09 3.2885E-09 3.3952E-09 3.5018E-09 3.6082E-09 3.7099E-09 3.8076E-09 3.9014E-09 3.9973E-09 4.1018E-09 4.1863E-09 4.2652E-09 4.3389E-09 4.4391E-09 4.5027E-09 4.5587E-09 4.6252E-09 4.6703E-09 4.7142E-09 4.7472E-09 4.7759E-09 4.7913E-09 4.7950E-09 4.7913E-09 4.7771E-09 4.7482E-09 4.7067E-09 4.6392E-09 4.5555E-09 4.4514E-09 4.3331E-09 4.1978E-09 4.0761E-09 3.9423E-09 3.7955E-09 3.6333E-09
1.1830E-09 1.2419E-09 1.3017E-09 1.3648E-09 1.4309E-09 1.4992E-09 1.5703E-09 1.6438E-09 1.7185E-09 1.7957E-09 1.8745E-09 1.9579E-09 2.0424E-09 2.1274E-09 2.2179E-09 2.3162E-09 2.4081E-09 2.5047E-09 2.6072E-09 2.7036E-09 2.8031E-09 2.9025E-09 2.9993E-09 3.0936E-09 3.1889E-09 3.2824E-09 3.3764E-09 3.4635E-09 3.5468E-09 3.6260E-09 3.7187E-09 3.7961E-09 3.8644E-09 3.9262E-09 4.0008E-09 4.0606E-09 4.1061E-09 4.1538E-09 4.1901E-09 4.2148E-09 4.2368E-09 4.2473E-09 4.2464E-09 4.2387E-09 4.2219E-09 4.1944E-09 4.1563E-09 4.0946E-09 4.0155E-09 3.9226E-09 3.8167E-09 3.6955E-09 3.5648E-09 3.4511E-09 3.3241E-09 3.1852E-09 3.0392E-09
1.0928E-09 1.1456E-09 1.2002E-09 1.2573E-09 1.3176E-09 1.3792E-09 1.4438E-09 1.5094E-09 1.5757E-09 1.6449E-09 1.7163E-09 1.7889E-09 1.8649E-09 1.9424E-09 2.0213E-09 2.1092E-09 2.1944E-09 2.2792E-09 2.3712E-09 2.4607E-09 2.5483E-09 2.6368E-09 2.7262E-09 2.8109E-09 2.8934E-09 2.9773E-09 3.0590E-09 3.1392E-09 3.2126E-09 3.2819E-09 3.3569E-09 3.4256E-09 3.4885E-09 3.5392E-09 3.5990E-09 3.6384E-09 3.6812E-09 3.7163E-09 3.7397E-09 3.7577E-09 3.7641E-09 3.7632E-09 3.7559E-09 3.7386E-09 3.7130E-09 3.6776E-09 3.6338E-09 3.5673E-09 3.4860E-09 3.3897E-09 3.2850E-09 3.1663E-09 3.0574E-09 2.9475E-09 2.8306E-09 2.7093E-09 2.5783E-09
1.0072E-09 1.0551E-09 1.1047E-09 1.1564E-09 1.2105E-09 1.2671E-09 1.3240E-09 1.3823E-09 1.4426E-09 1.5039E-09 1.5671E-09 1.6318E-09 1.6997E-09 1.7687E-09 1.8386E-09 1.9168E-09 1.9927E-09 2.0693E-09 2.1511E-09 2.2309E-09 2.3107E-09 2.3893E-09 2.4675E-09 2.5458E-09 2.6190E-09 2.6902E-09 2.7627E-09 2.8325E-09 2.8996E-09 2.9599E-09 3.0238E-09 3.0777E-09 3.1321E-09 3.1789E-09 3.2250E-09 3.2561E-09 3.2794E-09 3.3064E-09 3.3244E-09 3.3296E-09 3.3245E-09 3.3140E-09 3.2947E-09 3.2709E-09 3.2361E-09 3.1928E-09 3.1403E-09 3.0688E-09 2.9825E-09 2.8857E-09 2.7770E-09 2.6665E-09 2.5663E-09 2.4631E-09 2.3541E-09 2.2414E-09 2.1190E-09
9.2799E-10 9.7007E-10 1.0152E-09 1.0623E-09 1.1108E-09 1.1609E-09 1.2115E-09 1.2639E-09 1.3174E-09 1.3718E-09 1.4284E-09 1.4862E-09 1.5450E-09 1.6075E-09 1.6700E-09 1.7375E-09 1.8053E-09 1.8743E-09 1.9450E-09 2.0174E-09 2.0887E-09 2.1581E-09 2.2276E-09 2.2957E-09 2.3632E-09 2.4257E-09 2.4859E-09 2.5470E-09 2.6054E-09 2.6602E-09 2.7149E-09 2.7596E-09 2.8004E-09 2.8386E-09 2.8739E-09 2.9019E-09 2.9197E-09 2.9285E-09 2.9372E-09 2.9341E-09 2.9238E-09 2.9063E-09 2.8808E-09 2.8478E-09 2.8078E-09 2.7600E-09 2.7002E-09 2.6256E-09 2.5415E-09 2.4373E-09 2.3331E-09 2.2336E-09 2.1412E-09 2.0457E-09 1.9443E-09 1.8401E-09 1.7367E-09
8.5284E-10 8.9145E-10 9.3226E-10 9.7416E-10 1.0171E-09 1.0616E-09 1.1068E-09 1.1529E-09 1.2006E-09 1.2497E-09 1.2995E-09 1.3504E-09 1.4034E-09 1.4577E-09 1.5132E-09 1.5740E-09 1.6319E-09 1.6921E-09 1.7552E-09 1.8192E-09 1.8825E-09 1.9444E-09 2.0043E-09 2.0648E-09 2.1231E-09 2.1805E-09 2.2329E-09 2.2828E-09 2.3326E-09 2.3800E-09 2.4293E-09 2.4681E-09 2.4994E-09 2.5256E-09 2.5487E-09 2.5716E-09 2.5826E-09 2.5847E-09 2.5778E-09 2.5688E-09 2.5563E-09 2.5325E-09 2.5011E-09 2.4628E-09 2.4180E-09 2.3665E-09 2.3016E-09 2.2270E-09 2.1402E-09 2.0436E-09 1.9443E-09 1.8516E-09 1.7665E-09 1.6744E-09 1.5871E-09 1.4943E-09 1.4031E-09
7.8394E-10 8.1878E-10 8.5459E-10 8.9184E-10 9.3040E-10 9.6911E-10 1.0088E-09 1.0505E-09 1.0926E-09 1.1355E-09 1.1805E-09 1.2260E-09 1.2720E-09 1.3198E-09 1.3696E-09 1.4224E-09 1.4735E-09 1.5264E-09 1.5807E-09 1.6367E-09 1.6923E-09 1.7462E-09 1.7998E-09 1.8509E-09 1.9025E-09 1.9514E-09 1.9996E-09 2.0426E-09 2.0826E-09 2.1216E-09 2.1609E-09 2.1987E-09 2.2253E-09 2.2440E-09 2.2575E-09 2.2692E-09 2.2733E-09 2.2705E-09 2.2615E-09 2.2452E-09 2.2224E-09 2.1967E-09 2.1634E-09 2.1231E-09 2.0757E-09 2.0223E-09 1.9544E-09 1.8765E-09 1.7909E-09 1.7047E-09 1.6106E-09 1.5319E-09 1.4508E-09 1.3713E-09 1.2874E-09 1.2052E-09 1.1203E-09
7.2016E-10 7.5062E-10 7.8309E-10 8.1600E-10 8.4905E-10 8.8373E-10 9.1921E-10 9.5519E-10 9.9265E-10 1.0313E-09 1.0703E-09 1.1106E-09 1.1521E-09 1.1935E-09 1.2359E-09 1.2838E-09 1.3284E-09 1.3744E-09 1.4219E-09 1.4691E-09 1.5177E-09 1.5649E-09 1.6109E-09 1.6564E-09 1.6993E-09 1.7424E-09 1.7824E-09 1.8220E-09 1.8565E-09 1.8874E-09 1.9159E-09 1.9457E-09 1.9727E-09 1.9873E-09 1.9970E-09 1.9990E-09 1.9998E-09 1.9942E-09 1.9836E-09 1.9658E-09 1.9422E-09 1.9122E-09 1.8779E-09 1.8378E-09 1.7934E-09 1.7389E-09 1.6717E-09 1.5985E-09 1.5245E-09 1.4404E-09 1.3648E-09 1.2951E-09 1.2270E-09 1.1523E-09 1.0791E-09 1.0080E-09 9.4026E-10
6.6084E-10 6.8862E-10 7.1651E-10 7.4512E-10 7.7490E-10 8.0483E-10 8.3589E-10 8.6834E-10 9.0091E-10 9.3481E-10 9.6992E-10 1.0050E-09 1.0414E-09 1.0785E-09 1.1151E-09 1.1536E-09 1.1970E-09 1.2365E-09 1.2764E-09 1.3177E-09 1.3580E-09 1.3991E-09 1.4392E-09 1.4778E-09 1.5155E-09 1.5510E-09 1.5859E-09 1.6178E-09 1.6494E-09 1.6763E-09 1.6989E-09 1.7176E-09 1.7365E-09 1.7536E-09 1.7582E-09 1.7597E-09 1.7563E-09 1.7471E-09 1.7349E-09 1.7151E-09 1.6911E-09 1.6620E-09 1.6276E-09 1.5864E-09 1.5404E-09 1.4887E-09 1.4254E-09 1.3600E-09 1.2884E-09 1.2186E-09 1.1583E-09 1.0976E-09 1.0322E-09 9.6514E-10 9.0222E-10 8.4647E-10 7.8735E-10
6.0673E-10 6.3040E-10 6.5556E-10 6.8025E-10 7.0615E-10 7.3287E-10 7.5997E-10 7.8825E-10 8.1730E-10 8.4686E-10 8.7761E-10 9.0881E-10 9.4031E-10 9.7276E-10 1.0050E-09 1.0380E-09 1.0740E-09 1.1113E-09 1.1455E-09 1.1796E-09 1.2148E-09 1.2480E-09 1.2827E-09 1.3160E-09 1.3481E-09 1.3783E-09 1.4072E-09 1.4345E-09 1.4600E-09 1.4830E-09 1.5043E-09 1.5182E-09 1.5261E-09 1.5321E-09 1.5375E-09 1.5381E-09 1.5313E-09 1.5190E-09 1.5017E-09 1.4803E-09 1.4549E-09 1.4228E-09 1.3856E-09 1.3450E-09 1.2989E-09 1.2459E-09 1.1862E-09 1.1197E-09 1.0524E-09 9.9882E-10 9.4392E-10 8.8056E-10 8.2183E-10 7.6785E-10 7.1558E-10 6.6215E-10 6.1189E-10
5.5639E-10 5.7720E-10 5.9855E-10 6.2091E-10 6.4341E-10 6.6692E-10 6.9066E-10 7.1531E-10 7.4101E-10 7.6684E-10 7.9347E-10 8.2112E-10 8.4849E-10 8.7614E-10 9.0509E-10 9.3414E-10 9.6320E-10 9.9518E-10 1.0271E-09 1.0560E-09 1.0847E-09 1.1133E-09 1.1405E-09 1.1692E-09 1.1965E-09 1.2224E-09 1.2459E-09 1.2690E-09 1.2894E-09 1.3089E-09 1.3237E-09 1.3360E-09 1.3437E-09 1.3467E-09 1.3459E-09 1.3426E-09 1.3385E-09 1.3265E-09 1.3085E-09 1.2856E-09 1.2582E-09 1.2276E-09 1.1931E-09 1.1551E-09 1.1146E-09 1.0622E-09 1.0044E-09 9.4055E-10 8.9449E-10 8.4549E-10 7.8853E-10 7.3788E-10 6.8864E-10 6.4171E-10 5.9347E-10 5.5052E-10 5.0584E-10
5.0818E-10 5.2804E-10 5.4632E-10 5.6635E-10 5.8597E-10 6.0662E-10 6.2798E-10 6.4910E-10 6.7131E-10 6.9453E-10 7.1734E-10 7.4092E-10 7.6537E-10 7.8917E-10 8.1397E-10 8.4005E-10 8.6514E-10 8.8979E-10 9.1773E-10 9.4490E-10 9.6855E-10 9.9156E-10 1.0149E-09 1.0364E-09 1.0595E-09 1.0814E-09 1.1020E-09 1.1194E-09 1.1366E-09 1.1496E-09 1.1633E-09 1.1728E-09 1.1780E-09 1.1813E-09 1.1799E-09 1.1742E-09 1.1640E-09 1.1497E-09 1.1334E-09 1.1127E-09 1.0877E-09 1.0583E-09 1.0265E-09 9.9068E-10 9.5026E-10 9.0013E-10 8.3957E-10 8.0009E-10 7.5919E-10 7.1245E-10 6.5982E-10 6.1566E-10 5.7358E-10 5.3002E-10 4.9297E-10 4.5424E-10 4.2011E-10
4.6459E-10 4.8197E-10 4.9916E-10 5.1589E-10 5.3395E-10 5.5168E-10 5.7042E-10 5.8976E-10 6.0847E-10 6.2824E-10 6.4899E-10 6.6883E-10 6.8916E-10 7.1130E-10 7.3251E-10 7.5392E-10 7.7656E-10 7.9789E-10 8.1828E-10 8.4216E-10 8.6525E-10 8.8319E-10 9.0172E-10 9.2029E-10 9.3758E-10 9.5440E-10 9.7169E-10 9.8507E-10 9.9922E-10 1.0111E-09 1.0208E-09 1.0275E-09 1.0317E-09 1.0319E-09 1.0290E-09 1.0239E-09 1.0133E-09 9.9817E-10 9.8012E-10 9.5717E-10 9.3540E-10 9.0956E-10 8.8032E-10 8.4983E-10 8.0411E-10 7.4984E-10 7.1487E-10 6.8018E-10 6.3813E-10 5.8837E-10 5.4860E-10 5.1104E-10 4.7154E-10 4.3944E-10 4.0636E-10 3.7763E-10 3.4371E-10
4.2418E-10 4.3868E-10 4.5447E-10 4.7034E-10 4.8529E-10 5.0219E-10 5.1806E-10 5.3500E-10 5.5250E-10 5.6893E-10 5.8608E-10 6.0430E-10 6.2183E-10 6.3982E-10 6.5930E-10 6.7770E-10 6.9550E-10 7.1477E-10 7.3289E-10 7.4922E-10 7.6862E-10 7.8774E-10 8.0179E-10 8.1588E-10 8.2860E-10 8.4150E-10 8.5309E-10 8.6488E-10 8.7426E-10 8.8397E-10 8.8941E-10 8.9333E-10 8.9572E-10 8.9513E-10 8.9178E-10 8.8597E-10 8.7620E-10 8.6416E-10 8.4885E-10 8.2824E-10 8.0566E-10 7.8031E-10 7.5366E-10 7.1470E-10 6.6699E-10 6.3830E-10 6.0905E-10 5.6947E-10 5.2267E-10 4.8788E-10 4.5280E-10 4.1593E-10 3.8727E-10 3.5925E-10 3.3225E-10 3.0230E-10 2.7558E-10
3.8490E-10 3.9787E-10 4.1049E-10 4.2525E-10 4.3999E-10 4.5518E-10 4.7057E-10 4.8522E-10 5.0025E-10 5.1615E-10 5.3034E-10 5.4507E-10 5.6162E-10 5.7695E-10 5.9208E-10 6.0893E-10 6.2474E-10 6.3900E-10 6.5492E-10 6.7048E-10 6.8338E-10 6.9598E-10 7.1130E-10 7.2258E-10 7.3252E-10 7.4253E-10 7.5322E-10 7.6142E-10 7.6884E-10 7.7561E-10 7.7895E-10 7.8101E-10 7.8054E-10 7.7858E-10 7.7447E-10 7.6920E-10 7.6006E-10 7.4701E-10 7.3075E-10 7.1227E-10 6.9407E-10 6.7212E-10 6.4044E-10 5.9328E-10 5.6970E-10 5.4314E-10 5.0397E-10 4.6144E-10 4.2967E-10 3.9762E-10 3.6297E-10 3.3800E-10 3.1490E-10 2.9041E-10 2.6738E-10 2.4639E-10 2.2475E-10
3.5023E-10 3.6170E-10 3.7260E-10 3.8371E-10 3.9673E-10 4.0924E-10 4.2221E-10 4.3716E-10 4.5148E-10 4.6529E-10 4.7981E-10 4.9345E-10 5.0604E-10 5.2033E-10 5.3387E-10 5.4605E-10 5.6004E-10 5.7305E-10 5.8365E-10 5.9526E-10 6.0852E-10 6.1828E-10 6.2755E-10 6.4057E-10 6.5062E-10 6.5690E-10 6.6284E-10 6.6903E-10 6.7493E-10 6.7816E-10 6.8035E-10 6.8092E-10 6.8067E-10 6.7791E-10 6.7174E-10 6.6415E-10 6.5509E-10 6.4363E-10 6.3073E-10 6.1508E-10 5.9903E-10 5.5632E-10 5.2470E-10 5.0493E-10 4.8160E-10 4.4611E-10 4.0807E-10 3.7903E-10 3.5006E-10 3.1766E-10 2.9383E-10 2.7385E-10 2.5369E-10 2.3316E-10 2.1542E-10 1.9727E-10 1.7716E-10
3.2138E-10 3.3121E-10 3.4061E-10 3.5064E-10 3.6025E-10 3.7186E-10 3.8328E-10 3.9349E-10 4.0538E-10 4.1687E-10 4.2869E-10 4.4250E-10 4.5532E-10 4.6461E-10 4.7652E-10 4.8894E-10 4.9923E-10 5.0992E-10 5.2197E-10 5.3163E-10 5.4006E-10 5.4950E-10 5.5763E-10 5.6313E-10 5.6908E-10 5.7647E-10 5.8078E-10 5.8297E-10 5.8541E-10 5.8827E-10 5.8981E-10 5.8861E-10 5.8750E-10 5.8493E-10 5.8024E-10 5.7538E-10 5.6759E-10 5.5593E-10 5.4310E-10 5.2865E-10 4.7677E-10 4.6313E-10 4.4821E-10 4.2364E-10 3.9700E-10 3.6048E-10 3.3287E-10 3.0505E-10 2.7305E-10 2.5318E-10 2.3633E-10 2.1946E-10 2.0421E-10 1.8897E-10 1.7430E-10 1.5525E-10 1.3600E-10
2.9296E-10 3.0110E-10 3.0998E-10 3.1915E-10 3.2882E-10 3.3802E-10 3.4804E-10 3.5812E-10 3.6736E-10 3.7764E-10 3.8831E-10 3.9625E-10 4.0624E-10 4.1772E-10 4.2654E-10 4.3586E-10 4.4670E-10 4.5546E-10 4.6314E-10 4.7280E-10 4.8148E-10 4.8706E-10 4.9270E-10 4.9926E-10 5.0361E-10 5.0602E-10 5.1025E-10 5.1466E-10 5.1612E-10 5.1590E-10 5.1485E-10 5.1432E-10 5.1369E-10 5.0968E-10 5.0331E-10 4.9812E-10 4.9064E-10 4.8096E-10 4.7067E-10 4.1979E-10 4.0736E-10 3.9071E-10 3.7100E-10 3.3625E-10 2.9958E-10 2.8597E-10 2.5982E-10 2.2613E-10 2.1166E-10 1.9649E-10 1.8180E-10 1.6915E-10 1.5594E-10 1.4148E-10 1.2905E-10 1.1381E-10 1.0207E-10
2.6741E-10 2.7499E-10 2.8147E-10 2.8955E-10 2.9656E-10 3.0524E-10 3.1377E-10 3.2366E-10 3.3366E-10 3.4146E-10 3.4949E-10 3.5892E-10 3.6739E-10 3.7551E-10 3.8596E-10 3.9386E-10 4.0060E-10 4.0890E-10 4.1696E-10 4.2274E-10 4.2845E-10 4.3509E-10 4.3999E-10 4.4291E-10 4.4642E-10 4.5003E-10 4.5152E-10 4.5120E-10 4.5267E-10 4.5424E-10 4.5312E-10 4.5001E-10 4.4602E-10 4.4203E-10 4.3792E-10 4.3239E-10 4.2420E-10 3.8781E-10 3.6435E-10 3.5399E-10 3.3761E-10 3.2795E-10 2.9622E-10 2.6107E-10 2.3693E-10 2.0727E-10 1.9134E-10 1.7678E-10 1.6460E-10 1.5509E-10 1.4413E-10 1.3201E-10 1.2103E-10 1.0677E-10 9.3151E-11 8.1440E-11 6.9545E-11
2.4786E-10 2.5362E-10 2.5971E-10 2.6540E-10 2.7175E-10 2.7810E-10 2.8496E-10 2.9060E-10 2.9680E-10 3.0589E-10 3.1467E-10 3.2199E-10 3.3142E-10 3.3901E-10 3.4605E-10 3.5414E-10 3.6203E-10 3.6748E-10 3.7232E-10 3.7905E-10 3.8432E-10 3.8710E-10 3.9032E-10 3.9426E-10 3.9652E-10 3.9692E-10 3.9768E-10 3.9909E-10 3.9895E-10 3.9661E-10 3.9445E-10 3.9279E-10 3.9033E-10 3.8550E-10 3.7943E-10 3.7236E-10 3.2466E-10 3.1832E-10 3.0578E-10 2.9797E-10 2.8837E-10 2.4322E-10 2.1940E-10 1.9573E-10 1.6361E-10 1.5200E-10 1.3896E-10 1.3088E-10 1.2179E-10 1.1389E-10 1.0329E-10 9.4269E-11 8.3961E-11 7.4614E-11 6.6233E-11 5.7001E-11 4.5487E-11
2.3112E-10 2.3459E-10 2.3921E-10 2.4456E-10 2.4929E-10 2.5406E-10 2.5887E-10 2.6442E-10 2.7107E-10 2.7719E-10 2.8435E-10 2.9190E-10 2.9771E-10 3.0413E-10 3.1140E-10 3.1665E-10 3.2187E-10 3.2863E-10 3.3451E-10 3.3801E-10 3.4140E-10 3.4553E-10 3.4841E-10 3.4941E-10 3.5037E-10 3.5203E-10 3.5256E-10 3.5150E-10 3.4963E-10 3.4760E-10 3.4548E-10 3.4227E-10 3.3784E-10 3.3468E-10 2.8861E-10 2.8431E-10 2.7622E-10 2.6830E-10 2.6055E-10 2.4067E-10 1.9342E-10 1.8598E-10 1.6244E-10 1.3284E-10 1.2296E-10 1.1587E-10 1.0752E-10 1.0128E-10 9.2887E-11 8.4954E-11 7.5103E-11 6.5550E-11 5.8882E-11 4.8868E-11 3.9663E-11 3.4044E-11 2.8936E-11
2.1545E-10 2.1854E-10 2.2158E-10 2.2476E-10 2.2916E-10 2.3331E-10 2.3796E-10 2.4253E-10 2.4776E-10 2.5243E-10 2.5758E-10 2.6346E-10 2.7060E-10 2.7606E-10 2.8122E-10 2.8710E-10 2.9217E-10 2.9581E-10 2.9955E-10 3.0432E-10 3.0806E-10 3.0957E-10 3.1057E-10 3.1260E-10 3.1330E-10 3.1290E-10 3.1059E-10 3.0942E-10 3.0796E-10 3.0514E-10 3.0114E-10 2.9879E-10 2.9483E-10 2.4946E-10 2.4407E-10 2.3818E-10 2.3423E-10 2.2866E-10 1.9771E-10 1.6426E-10 1.4197E-10 1.1158E-10 1.0443E-10 9.7550E-11 9.1322E-11 8.4393E-11 7.7903E-11 7.0877E-11 6.3577E-11 5.4816E-11 5.0278E-11 4.2192E-11 3.6683E-11 3.1141E-11 2.6180E-11 2.2449E-11 1.6455E-11
