Assets/Resources/2015_m01_d28_2000(utc+0800)_l00_csi_1hr_conc.grd
DSAA
         159         159
     -79.000      79.000
     -79.000      79.000
  0.0000E+00  0.2146E-05
[rows 0 to 24 of 159, columns 0 to 56 of 159]
1.3688E-09 1.5375E-09 1.7178E-09 1.9109E-09 2.1184E-09 2.3367E-09 2.5660E-09 2.8077E-09 3.0578E-09 3.3155E-09 3.5802E-09 3.8489E-09 4.1186E-09 4.3890E-09 4.6566E-09 4.9164E-09 5.1667E-09 5.4060E-09 5.6304E-09 5.8356E-09 6.0174E-09 6.1750E-09 6.3061E-09 6.4081E-09 6.4781E-09 6.5148E-09 6.5164E-09 6.4830E-09 6.4154E-09 6.3135E-09 6.1782E-09 6.0109E-09 5.8141E-09 5.5905E-09 5.3430E-09 5.0750E-09 4.7904E-09 4.4933E-09 4.1873E-09 3.8762E-09 3.5645E-09 3.2556E-09 2.9526E-09 2.6586E-09 2.3772E-09 2.1099E-09 1.8582E-09 1.6244E-09 1.4093E-09 1.2128E-09 1.0354E-09 8.7739E-10 7.3762E-10 6.1468E-10 5.0818E-10 4.1714E-10 3.3614E-10
1.3956E-09 1.5689E-09 1.7542E-09 1.9555E-09 2.1697E-09 2.3959E-09 2.6365E-09 2.8882E-09 3.1492E-09 3.4200E-09 3.6985E-09 3.9812E-09 4.2674E-09 4.5538E-09 4.8368E-09 5.1141E-09 5.3833E-09 5.6407E-09 5.8808E-09 6.1016E-09 6.2999E-09 6.4736E-09 6.6189E-09 6.7319E-09 6.8112E-09 6.8552E-09 6.8634E-09 6.8352E-09 6.7700E-09 6.6674E-09 6.5288E-09 6.3563E-09 6.1520E-09 5.9186E-09 5.6595E-09 5.3782E-09 5.0790E-09 4.7656E-09 4.4423E-09 4.1136E-09 3.7835E-09 3.4558E-09 3.1342E-09 2.8227E-09 2.5234E-09 2.2388E-09 1.9719E-09 1.7235E-09 1.4947E-09 1.2864E-09 1.0989E-09 9.3112E-10 7.8273E-10 6.5279E-10 5.3996E-10 4.4261E-10 3.5748E-10
1.4161E-09 1.5925E-09 1.7844E-09 1.9920E-09 2.2121E-09 2.4478E-09 2.6975E-09 2.9579E-09 3.2312E-09 3.5153E-09 3.8061E-09 4.1029E-09 4.4047E-09 4.7067E-09 5.0061E-09 5.3013E-09 5.5875E-09 5.8615E-09 6.1183E-09 6.3565E-09 6.5725E-09 6.7612E-09 6.9193E-09 7.0445E-09 7.1351E-09 7.1893E-09 7.2058E-09 7.1819E-09 7.1179E-09 7.0150E-09 6.8746E-09 6.6978E-09 6.4869E-09 6.2447E-09 5.9749E-09 5.6810E-09 5.3674E-09 5.0384E-09 4.6987E-09 4.3526E-09 4.0043E-09 3.6585E-09 3.3189E-09 2.9889E-09 2.6719E-09 2.3712E-09 2.0883E-09 1.8251E-09 1.5830E-09 1.3625E-09 1.1636E-09 9.8603E-10 8.2939E-10 6.9263E-10 5.7356E-10 4.7184E-10 3.8201E-10
1.4290E-09 1.6093E-09 1.8072E-09 2.0187E-09 2.2457E-09 2.4897E-09 2.7463E-09 3.0171E-09 3.3021E-09 3.5965E-09 3.8997E-09 4.2121E-09 4.5281E-09 4.8448E-09 5.1609E-09 5.4735E-09 5.7765E-09 6.0664E-09 6.3414E-09 6.5973E-09 6.8284E-09 7.0312E-09 7.2035E-09 7.3426E-09 7.4456E-09 7.5098E-09 7.5327E-09 7.5140E-09 7.4546E-09 7.3543E-09 7.2136E-09 7.0339E-09 6.8176E-09 6.5679E-09 6.2884E-09 5.9830E-09 5.6562E-09 5.3130E-09 4.9575E-09 4.5944E-09 4.2290E-09 3.8654E-09 3.5077E-09 3.1600E-09 2.8261E-09 2.5088E-09 2.2101E-09 1.9325E-09 1.6772E-09 1.4445E-09 1.2346E-09 1.0477E-09 8.8212E-10 7.3717E-10 6.1130E-10 5.0320E-10 4.0687E-10
1.4350E-09 1.6193E-09 1.8203E-09 2.0361E-09 2.2704E-09 2.5195E-09 2.7835E-09 3.0643E-09 3.3573E-09 3.6620E-09 3.9790E-09 4.3033E-09 4.6315E-09 4.9644E-09 5.2973E-09 5.6248E-09 5.9436E-09 6.2517E-09 6.5445E-09 6.8158E-09 7.0622E-09 7.2812E-09 7.4690E-09 7.6223E-09 7.7368E-09 7.8100E-09 7.8421E-09 7.8320E-09 7.7782E-09 7.6803E-09 7.5397E-09 7.3584E-09 7.1385E-09 6.8832E-09 6.5959E-09 6.2810E-09 5.9429E-09 5.5861E-09 5.2159E-09 4.8376E-09 4.4555E-09 4.0744E-09 3.6996E-09 3.3351E-09 2.9842E-09 2.6504E-09 2.3370E-09 2.0452E-09 1.7762E-09 1.5314E-09 1.3107E-09 1.1137E-09 9.3923E-10 7.8699E-10 6.5379E-10 5.3877E-10 4.3633E-10
1.4334E-09 1.6217E-09 1.8245E-09 2.0448E-09 2.2834E-09 2.5371E-09 2.8089E-09 3.0966E-09 3.3973E-09 3.7131E-09 4.0402E-09 4.3746E-09 4.7172E-09 5.0643E-09 5.4102E-09 5.7521E-09 6.0878E-09 6.4127E-09 6.7203E-09 7.0074E-09 7.2710E-09 7.5068E-09 7.7101E-09 7.8765E-09 8.0035E-09 8.0899E-09 8.1338E-09 8.1317E-09 8.0831E-09 7.9891E-09 7.8510E-09 7.6699E-09 7.4477E-09 7.1881E-09 6.8948E-09 6.5714E-09 6.2228E-09 5.8543E-09 5.4709E-09 5.0775E-09 4.6797E-09 4.2828E-09 3.8917E-09 3.5104E-09 3.1434E-09 2.7947E-09 2.4662E-09 2.1600E-09 1.8784E-09 1.6220E-09 1.3900E-09 1.1829E-09 9.9980E-10 8.3885E-10 6.9883E-10 5.7854E-10 4.6993E-10
1.4268E-09 1.6155E-09 1.8195E-09 2.0439E-09 2.2847E-09 2.5431E-09 2.8207E-09 3.1131E-09 3.4220E-09 3.7463E-09 4.0813E-09 4.4272E-09 4.7824E-09 5.1405E-09 5.4990E-09 5.8561E-09 6.2071E-09 6.5459E-09 6.8687E-09 7.1724E-09 7.4527E-09 7.7039E-09 7.9209E-09 8.1017E-09 8.2441E-09 8.3442E-09 8.3978E-09 8.4045E-09 8.3646E-09 8.2780E-09 8.1446E-09 7.9659E-09 7.7452E-09 7.4843E-09 7.1867E-09 6.8579E-09 6.5017E-09 6.1227E-09 5.7276E-09 5.3213E-09 4.9096E-09 4.4980E-09 4.0913E-09 3.6952E-09 3.3135E-09 2.9495E-09 2.6066E-09 2.2877E-09 1.9932E-09 1.7239E-09 1.4812E-09 1.2641E-09 1.0707E-09 9.0103E-10 7.5305E-10 6.2409E-10 5.0917E-10
1.4127E-09 1.6004E-09 1.8069E-09 2.0326E-09 2.2745E-09 2.5373E-09 2.8175E-09 3.1145E-09 3.4304E-09 3.7599E-09 4.1026E-09 4.4588E-09 4.8226E-09 5.1908E-09 5.5623E-09 5.9328E-09 6.2965E-09 6.6493E-09 6.9878E-09 7.3082E-09 7.6035E-09 7.8685E-09 8.1017E-09 8.2997E-09 8.4563E-09 8.5680E-09 8.6338E-09 8.6533E-09 8.6238E-09 8.5446E-09 8.4179E-09 8.2440E-09 8.0246E-09 7.7642E-09 7.4652E-09 7.1310E-09 6.7680E-09 6.3811E-09 5.9753E-09 5.5576E-09 5.1334E-09 4.7081E-09 4.2880E-09 3.8778E-09 3.4817E-09 3.1039E-09 2.7485E-09 2.4162E-09 2.1093E-09 1.8294E-09 1.5754E-09 1.3470E-09 1.1446E-09 9.6583E-10 8.0877E-10 6.7308E-10 5.4905E-10
1.3911E-09 1.5783E-09 1.7856E-09 2.0100E-09 2.2538E-09 2.5188E-09 2.8001E-09 3.1017E-09 3.4209E-09 3.7546E-09 4.1050E-09 4.4679E-09 4.8388E-09 5.2171E-09 5.5996E-09 5.9807E-09 6.3558E-09 6.7223E-09 7.0761E-09 7.4101E-09 7.7190E-09 8.0009E-09 8.2516E-09 8.4639E-09 8.6339E-09 8.7611E-09 8.8426E-09 8.8743E-09 8.8561E-09 8.7878E-09 8.6689E-09 8.5020E-09 8.2887E-09 8.0299E-09 7.7307E-09 7.3956E-09 7.0283E-09 6.6352E-09 6.2224E-09 5.7951E-09 5.3602E-09 4.9242E-09 4.4921E-09 4.0692E-09 3.6614E-09 3.2715E-09 2.9032E-09 2.5587E-09 2.2407E-09 1.9483E-09 1.6825E-09 1.4447E-09 1.2306E-09 1.0412E-09 8.7569E-10 7.3036E-10 5.9666E-10
1.3628E-09 1.5484E-09 1.7548E-09 1.9780E-09 2.2229E-09 2.4863E-09 2.7689E-09 3.0731E-09 3.3933E-09 3.7315E-09 4.0869E-09 4.4537E-09 4.8313E-09 5.2183E-09 5.6090E-09 5.9987E-09 6.3854E-09 6.7655E-09 7.1310E-09 7.4773E-09 7.8024E-09 8.1011E-09 8.3654E-09 8.5922E-09 8.7798E-09 8.9233E-09 9.0191E-09 9.0653E-09 9.0605E-09 9.0042E-09 8.8972E-09 8.7384E-09 8.5299E-09 8.2761E-09 7.9789E-09 7.6431E-09 7.2741E-09 6.8768E-09 6.4576E-09 6.0236E-09 5.5806E-09 5.1348E-09 4.6930E-09 4.2603E-09 3.8415E-09 3.4403E-09 3.0610E-09 2.7053E-09 2.3751E-09 2.0714E-09 1.7957E-09 1.5449E-09 1.3207E-09 1.1221E-09 9.4549E-10 7.9047E-10 6.4573E-10
1.3274E-09 1.5121E-09 1.7151E-09 1.9364E-09 2.1802E-09 2.4415E-09 2.7251E-09 3.0281E-09 3.3489E-09 3.6904E-09 4.0471E-09 4.4170E-09 4.8005E-09 5.1932E-09 5.5895E-09 5.9880E-09 6.3857E-09 6.7750E-09 7.1511E-09 7.5117E-09 7.8519E-09 8.1632E-09 8.4423E-09 8.6866E-09 8.8909E-09 9.0505E-09 9.1618E-09 9.2240E-09 9.2354E-09 9.1928E-09 9.0961E-09 8.9480E-09 8.7487E-09 8.5009E-09 8.2092E-09 7.8762E-09 7.5074E-09 7.1098E-09 6.6888E-09 6.2507E-09 5.8027E-09 5.3510E-09 4.9024E-09 4.4613E-09 4.0334E-09 3.6233E-09 3.2340E-09 2.8679E-09 2.5266E-09 2.2124E-09 1.9238E-09 1.6617E-09 1.4268E-09 1.2151E-09 1.0274E-09 8.5745E-10 7.0527E-10
1.2862E-09 1.4686E-09 1.6668E-09 1.8866E-09 2.1262E-09 2.3853E-09 2.6677E-09 2.9678E-09 3.2890E-09 3.6301E-09 3.9864E-09 4.3590E-09 4.7457E-09 5.1408E-09 5.5425E-09 5.9488E-09 6.3531E-09 6.7500E-09 7.1376E-09 7.5111E-09 7.8626E-09 8.1872E-09 8.4828E-09 8.7442E-09 8.9640E-09 9.1394E-09 9.2696E-09 9.3493E-09 9.3748E-09 9.3475E-09 9.2654E-09 9.1287E-09 8.9411E-09 8.7026E-09 8.4160E-09 8.0883E-09 7.7241E-09 7.3279E-09 6.9071E-09 6.4684E-09 6.0180E-09 5.5633E-09 5.1097E-09 4.6633E-09 4.2291E-09 3.8115E-09 3.4128E-09 3.0372E-09 2.6853E-09 2.3590E-09 2.0587E-09 1.7852E-09 1.5366E-09 1.3133E-09 1.1093E-09 9.3306E-10 7.7437E-10
1.2389E-09 1.4174E-09 1.6111E-09 1.8279E-09 2.0622E-09 2.3188E-09 2.5964E-09 2.8931E-09 3.2133E-09 3.5512E-09 3.9062E-09 4.2796E-09 4.6661E-09 5.0625E-09 5.4683E-09 5.8788E-09 6.2874E-09 6.6922E-09 7.0904E-09 7.4729E-09 7.8346E-09 8.1750E-09 8.4861E-09 8.7608E-09 8.9978E-09 9.1926E-09 9.3390E-09 9.4355E-09 9.4792E-09 9.4668E-09 9.4008E-09 9.2799E-09 9.1028E-09 8.8747E-09 8.6001E-09 8.2810E-09 7.9231E-09 7.5330E-09 7.1167E-09 6.6814E-09 6.2333E-09 5.7790E-09 5.3241E-09 4.8757E-09 4.4368E-09 4.0122E-09 3.6072E-09 3.2221E-09 2.8597E-09 2.5228E-09 2.2107E-09 1.9236E-09 1.6626E-09 1.4249E-09 1.2079E-09 1.0210E-09 8.5061E-10
1.1868E-09 1.3603E-09 1.5486E-09 1.7605E-09 1.9891E-09 2.2419E-09 2.5128E-09 2.8063E-09 3.1215E-09 3.4543E-09 3.8075E-09 4.1785E-09 4.5622E-09 4.9591E-09 5.3666E-09 5.7778E-09 6.1905E-09 6.6028E-09 7.0068E-09 7.3970E-09 7.7715E-09 8.1241E-09 8.4477E-09 8.7386E-09 8.9920E-09 9.2036E-09 9.3684E-09 9.4812E-09 9.5426E-09 9.5503E-09 9.5000E-09 9.3932E-09 9.2332E-09 9.0213E-09 8.7595E-09 8.4528E-09 8.1077E-09 7.7285E-09 7.3220E-09 6.8943E-09 6.4521E-09 6.0015E-09 5.5493E-09 5.0991E-09 4.6575E-09 4.2302E-09 3.8172E-09 3.4232E-09 3.0520E-09 2.7023E-09 2.3764E-09 2.0771E-09 1.8016E-09 1.5464E-09 1.3199E-09 1.1192E-09 9.3331E-10
1.1304E-09 1.2982E-09 1.4802E-09 1.6860E-09 1.9077E-09 2.1544E-09 2.4185E-09 2.7069E-09 3.0149E-09 3.3425E-09 3.6913E-09 4.0565E-09 4.4370E-09 4.8325E-09 5.2378E-09 5.6487E-09 6.0646E-09 6.4807E-09 6.8886E-09 7.2867E-09 7.6716E-09 8.0342E-09 8.3696E-09 8.6756E-09 8.9461E-09 9.1729E-09 9.3539E-09 9.4880E-09 9.5687E-09 9.5929E-09 9.5615E-09 9.4753E-09 9.3341E-09 9.1393E-09 8.8946E-09 8.6050E-09 8.2757E-09 7.9123E-09 7.5185E-09 7.1026E-09 6.6701E-09 6.2270E-09 5.7791E-09 5.3325E-09 4.8915E-09 4.4595E-09 4.0414E-09 3.6411E-09 3.2578E-09 2.8960E-09 2.5592E-09 2.2439E-09 1.9527E-09 1.6824E-09 1.4433E-09 1.2268E-09 1.0271E-09
1.0705E-09 1.2319E-09 1.4067E-09 1.6060E-09 1.8200E-09 2.0594E-09 2.3164E-09 2.5973E-09 2.8974E-09 3.2187E-09 3.5605E-09 3.9185E-09 4.2944E-09 4.6857E-09 5.0861E-09 5.4957E-09 5.9130E-09 6.3280E-09 6.7389E-09 7.1450E-09 7.5355E-09 7.9055E-09 8.2551E-09 8.5748E-09 8.8569E-09 9.1005E-09 9.3017E-09 9.4529E-09 9.5514E-09 9.5967E-09 9.5875E-09 9.5228E-09 9.4020E-09 9.2285E-09 9.0068E-09 8.7395E-09 8.4304E-09 8.0850E-09 7.7098E-09 7.3097E-09 6.8904E-09 6.4584E-09 6.0189E-09 5.5765E-09 5.1367E-09 4.7032E-09 4.2818E-09 3.8722E-09 3.4810E-09 3.1084E-09 2.7562E-09 2.4264E-09 2.1184E-09 1.8351E-09 1.5794E-09 1.3475E-09 1.1310E-09
1.0104E-09 1.1649E-09 1.3321E-09 1.5231E-09 1.7287E-09 1.9593E-09 2.2091E-09 2.4787E-09 2.7707E-09 3.0833E-09 3.4163E-09 3.7663E-09 4.1355E-09 4.5187E-09 4.9138E-09 5.3216E-09 5.7343E-09 6.1479E-09 6.5629E-09 6.9703E-09 7.3649E-09 7.7454E-09 8.1036E-09 8.4329E-09 8.7295E-09 8.9899E-09 9.2069E-09 9.3755E-09 9.4942E-09 9.5627E-09 9.5765E-09 9.5331E-09 9.4379E-09 9.2921E-09 9.0960E-09 8.8525E-09 8.5681E-09 8.2467E-09 7.8931E-09 7.5123E-09 7.1102E-09 6.6921E-09 6.2630E-09 5.8288E-09 5.3937E-09 4.9608E-09 4.5354E-09 4.1207E-09 3.7202E-09 3.3354E-09 2.9706E-09 2.6261E-09 2.2995E-09 2.0028E-09 1.7322E-09 1.4804E-09 1.2467E-09
9.4827E-10 1.0955E-09 1.2547E-09 1.4371E-09 1.6333E-09 1.8548E-09 2.0958E-09 2.3537E-09 2.6360E-09 2.9368E-09 3.2594E-09 3.6000E-09 3.9609E-09 4.3345E-09 4.7233E-09 5.1253E-09 5.5318E-09 5.9439E-09 6.3583E-09 6.7655E-09 7.1639E-09 7.5506E-09 7.9152E-09 8.2533E-09 8.5642E-09 8.8387E-09 9.0692E-09 9.2576E-09 9.4001E-09 9.4896E-09 9.5260E-09 9.5118E-09 9.4464E-09 9.3281E-09 9.1601E-09 8.9471E-09 8.6920E-09 8.3976E-09 8.0699E-09 7.7133E-09 7.3320E-09 6.9322E-09 6.5180E-09 6.0935E-09 5.6640E-09 5.2334E-09 4.8068E-09 4.3867E-09 3.9772E-09 3.5826E-09 3.2051E-09 2.8414E-09 2.5031E-09 2.1900E-09 1.8996E-09 1.6274E-09 1.3785E-09
8.8443E-10 1.0240E-09 1.1742E-09 1.3474E-09 1.5338E-09 1.7448E-09 1.9748E-09 2.2214E-09 2.4930E-09 2.7805E-09 3.0925E-09 3.4216E-09 3.7709E-09 4.1343E-09 4.5163E-09 4.9077E-09 5.3074E-09 5.7174E-09 6.1257E-09 6.5314E-09 6.9341E-09 7.3213E-09 7.6900E-09 8.0401E-09 8.3601E-09 8.6446E-09 8.8945E-09 9.1038E-09 9.2649E-09 9.3783E-09 9.4448E-09 9.4606E-09 9.4240E-09 9.3375E-09 9.2044E-09 9.0247E-09 8.8012E-09 8.5389E-09 8.2406E-09 7.9106E-09 7.5549E-09 7.1755E-09 6.7778E-09 6.3664E-09 5.9455E-09 5.5199E-09 5.0928E-09 4.6692E-09 4.2542E-09 3.8494E-09 3.4555E-09 3.0788E-09 2.7272E-09 2.3948E-09 2.0844E-09 1.7929E-09 1.5251E-09
8.1979E-10 9.5075E-10 1.0917E-09 1.2555E-09 1.4310E-09 1.6308E-09 1.8494E-09 2.0833E-09 2.3422E-09 2.6166E-09 2.9166E-09 3.2322E-09 3.5690E-09 3.9215E-09 4.2924E-09 4.6724E-09 5.0660E-09 5.4668E-09 5.8690E-09 6.2741E-09 6.6732E-09 7.0605E-09 7.4358E-09 7.7908E-09 8.1184E-09 8.4181E-09 8.6851E-09 8.9111E-09 9.0952E-09 9.2377E-09 9.3328E-09 9.3780E-09 9.3754E-09 9.3261E-09 9.2285E-09 9.0842E-09 8.8974E-09 8.6704E-09 8.4054E-09 8.1078E-09 7.7793E-09 7.4238E-09 7.0466E-09 6.6512E-09 6.2414E-09 5.8219E-09 5.3973E-09 4.9730E-09 4.5515E-09 4.1361E-09 3.7301E-09 3.3421E-09 2.9713E-09 2.6217E-09 2.2900E-09 1.9761E-09 1.6891E-09
7.5456E-10 8.7716E-10 1.0088E-09 1.1621E-09 1.3264E-09 1.5147E-09 1.7206E-09 1.9408E-09 2.1868E-09 2.4469E-09 2.7328E-09 3.0343E-09 3.3577E-09 3.6979E-09 4.0542E-09 4.4227E-09 4.8075E-09 5.1967E-09 5.5924E-09 5.9925E-09 6.3862E-09 6.7736E-09 7.1517E-09 7.5098E-09 7.8467E-09 8.1605E-09 8.4413E-09 8.6871E-09 8.8978E-09 9.0664E-09 9.1899E-09 9.2696E-09 9.3042E-09 9.2917E-09 9.2320E-09 9.1284E-09 8.9816E-09 8.7929E-09 8.5654E-09 8.3011E-09 8.0023E-09 7.6754E-09 7.3210E-09 6.9431E-09 6.5477E-09 6.1380E-09 5.7194E-09 5.2949E-09 4.8693E-09 4.4445E-09 4.0292E-09 3.6272E-09 3.2412E-09 2.8714E-09 2.5152E-09 2.1813E-09 1.8761E-09
6.8997E-10 8.0380E-10 9.2532E-10 1.0683E-09 1.2211E-09 1.3969E-09 1.5898E-09 1.7965E-09 2.0279E-09 2.2726E-09 2.5441E-09 2.8303E-09 3.1385E-09 3.4648E-09 3.8059E-09 4.1633E-09 4.5330E-09 4.9104E-09 5.2995E-09 5.6891E-09 6.0772E-09 6.4653E-09 6.8411E-09 7.2029E-09 7.5508E-09 7.8746E-09 8.1703E-09 8.4387E-09 8.6727E-09 8.8674E-09 9.0233E-09 9.1392E-09 9.2107E-09 9.2364E-09 9.2196E-09 9.1589E-09 9.0536E-09 8.9064E-09 8.7173E-09 8.4901E-09 8.2276E-09 7.9299E-09 7.6008E-09 7.2466E-09 6.8690E-09 6.4719E-09 6.0603E-09 5.6386E-09 5.2090E-09 4.7782E-09 4.3548E-09 3.9400E-09 3.5359E-09 3.1431E-09 2.7654E-09 2.4109E-09 2.0815E-09
6.2638E-10 7.3108E-10 8.4311E-10 9.7529E-10 1.1158E-09 1.2794E-09 1.4592E-09 1.6510E-09 1.8676E-09 2.0970E-09 2.3526E-09 2.6227E-09 2.9146E-09 3.2253E-09 3.5502E-09 3.8946E-09 4.2483E-09 4.6145E-09 4.9913E-09 5.3707E-09 5.7544E-09 6.1372E-09 6.5114E-09 6.8790E-09 7.2330E-09 7.5661E-09 7.8792E-09 8.1674E-09 8.4234E-09 8.6469E-09 8.8366E-09 8.9871E-09 9.0956E-09 9.1642E-09 9.1909E-09 9.1737E-09 9.1128E-09 9.0086E-09 8.8630E-09 8.6769E-09 8.4489E-09 8.1844E-09 7.8871E-09 7.5578E-09 7.1996E-09 6.8183E-09 6.4171E-09 5.9981E-09 5.5678E-09 5.1359E-09 4.7044E-09 4.2745E-09 3.8517E-09 3.4378E-09 3.0385E-09 2.6611E-09 2.3080E-09
5.6433E-10 6.6044E-10 7.6217E-10 8.8343E-10 1.0123E-09 1.1633E-09 1.3293E-09 1.5065E-09 1.7082E-09 1.9214E-09 2.1606E-09 2.4144E-09 2.6890E-09 2.9826E-09 3.2905E-09 3.6196E-09 3.9568E-09 4.3117E-09 4.6738E-09 5.0427E-09 5.4209E-09 5.7961E-09 6.1697E-09 6.5409E-09 6.8983E-09 7.2422E-09 7.5716E-09 7.8766E-09 8.1560E-09 8.4095E-09 8.6300E-09 8.8148E-09 8.9646E-09 9.0761E-09 9.1461E-09 9.1737E-09 9.1581E-09 9.1016E-09 9.0008E-09 8.8543E-09 8.6674E-09 8.4421E-09 8.1769E-09 7.8757E-09 7.5427E-09 7.1809E-09 6.7908E-09 6.3802E-09 5.9568E-09 5.5234E-09 5.0830E-09 4.6417E-09 4.2020E-09 3.7664E-09 3.3449E-09 2.9442E-09 2.5668E-09
5.0410E-10 5.9167E-10 6.8359E-10 7.9438E-10 9.1160E-10 1.0496E-09 1.2022E-09 1.3651E-09 1.5514E-09 1.7479E-09 1.9711E-09 2.2078E-09 2.4643E-09 2.7405E-09 3.0309E-09 3.3433E-09 3.6638E-09 4.0055E-09 4.3527E-09 4.7128E-09 5.0798E-09 5.4481E-09 5.8220E-09 6.1913E-09 6.5526E-09 6.9089E-09 7.2497E-09 7.5712E-09 7.8759E-09 8.1558E-09 8.4065E-09 8.6278E-09 8.8174E-09 8.9705E-09 9.0839E-09 9.1583E-09 9.1923E-09 9.1815E-09 9.1237E-09 9.0253E-09 8.8840E-09 8.6968E-09 8.4673E-09 8.1996E-09 7.8943E-09 7.5524E-09 7.1802E-09 6.7844E-09 6.3676E-09 5.9337E-09 5.4878E-09 5.0346E-09 4.5747E-09 4.1201E-09 3.6785E-09 3.2508E-09 2.8476E-09
