Assets/Resources/2015_m01_d31_0400(utc+0800)_l00_csi_1hr_conc.grd
DSAA
         159         159
     -79.000      79.000
     -79.000      79.000
  0.0000E+00  0.2907E-05
[rows 0 to 24 of 159, columns 57 to 113 of 159]
6.0191E-09 6.3242E-09 6.5779E-09 6.7734E-09 6.9044E-09 6.9667E-09 6.9586E-09 6.8801E-09 6.7340E-09 6.5242E-09 6.2572E-09 5.9403E-09 5.5825E-09 5.1931E-09 4.7821E-09 4.3591E-09 3.9338E-09 3.5143E-09 3.1078E-09 2.7202E-09 2.3565E-09 2.0206E-09 1.7149E-09 1.4408E-09 1.1978E-09 9.8547E-10 8.0215E-10 6.4586E-10 5.1442E-10 4.0512E-10 3.1482E-10 2.3644E-10 1.7193E-10 1.1991E-10 7.9064E-11 4.9376E-11 2.7626E-11 1.2316E-11 2.3868E-12 0.0000E+00 0.0000E+00 0.0000E+00 0.0000E+00 0.0000E+00 0.0000E+00 0.0000E+00 0.0000E+00 0.0000E+00 0.0000E+00 0.0000E+00 0.0000E+00 0.0000E+00 0.0000E+00 0.0000E+00 0.0000E+00 0.0000E+00 0.0000E+00
6.3410E-09 6.6686E-09 6.9418E-09 7.1531E-09 7.2955E-09 7.3656E-09 7.3606E-09 7.2812E-09 7.1289E-09 6.9090E-09 6.6271E-09 6.2924E-09 5.9137E-09 5.5010E-09 5.0646E-09 4.6150E-09 4.1620E-09 3.7151E-09 3.2823E-09 2.8706E-09 2.4847E-09 2.1286E-09 1.8045E-09 1.5141E-09 1.2570E-09 1.0327E-09 8.3928E-10 6.7453E-10 5.3606E-10 4.2101E-10 3.2671E-10 2.4539E-10 1.7769E-10 1.2335E-10 8.0778E-11 4.9848E-11 2.7656E-11 1.2090E-11 2.5962E-12 0.0000E+00 0.0000E+00 0.0000E+00 0.0000E+00 0.0000E+00 0.0000E+00 0.0000E+00 0.0000E+00 0.0000E+00 0.0000E+00 0.0000E+00 0.0000E+00 0.0000E+00 0.0000E+00 0.0000E+00 0.0000E+00 0.0000E+00 0.0000E+00
6.6376E-09 6.9869E-09 7.2795E-09 7.5073E-09 7.6630E-09 7.7419E-09 7.7413E-09 7.6609E-09 7.5038E-09 7.2740E-09 6.9789E-09 6.6266E-09 6.2273E-09 5.7915E-09 5.3307E-09 4.8562E-09 4.3784E-09 3.9067E-09 3.4493E-09 3.0137E-09 2.6060E-09 2.2300E-09 1.8883E-09 1.5821E-09 1.3117E-09 1.0759E-09 8.7283E-10 7.0029E-10 5.5546E-10 4.3529E-10 3.3490E-10 2.5303E-10 1.8241E-10 1.2573E-10 8.2162E-11 5.0161E-11 2.7441E-11 1.1314E-11 2.6504E-12 0.0000E+00 0.0000E+00 0.0000E+00 0.0000E+00 0.0000E+00 0.0000E+00 0.0000E+00 0.0000E+00 0.0000E+00 0.0000E+00 0.0000E+00 0.0000E+00 0.0000E+00 0.0000E+00 0.0000E+00 0.0000E+00 0.0000E+00 0.0000E+00
6.9076E-09 7.2801E-09 7.5941E-09 7.8395E-09 8.0095E-09 8.0983E-09 8.1031E-09 8.0235E-09 7.8628E-09 7.6250E-09 7.3178E-09 6.9500E-09 6.5316E-09 6.0741E-09 5.5895E-09 5.0895E-09 4.5858E-09 4.0887E-09 3.6074E-09 3.1493E-09 2.7204E-09 2.3251E-09 1.9667E-09 1.6455E-09 1.3623E-09 1.1154E-09 9.0339E-10 7.2329E-10 5.7241E-10 4.4746E-10 3.4382E-10 2.5836E-10 1.8578E-10 1.2724E-10 8.2573E-11 4.9805E-11 2.6828E-11 1.0557E-11 2.6853E-12 0.0000E+00 0.0000E+00 0.0000E+00 0.0000E+00 0.0000E+00 0.0000E+00 0.0000E+00 0.0000E+00 0.0000E+00 0.0000E+00 0.0000E+00 0.0000E+00 0.0000E+00 0.0000E+00 0.0000E+00 0.0000E+00 0.0000E+00 0.0000E+00
7.1514E-09 7.5453E-09 7.8784E-09 8.1412E-09 8.3252E-09 8.4247E-09 8.4363E-09 8.3595E-09 8.1962E-09 7.9520E-09 7.6335E-09 7.2506E-09 6.8141E-09 6.3365E-09 5.8306E-09 5.3082E-09 4.7813E-09 4.2606E-09 3.7560E-09 3.2761E-09 2.8269E-09 2.4133E-09 2.0380E-09 1.7029E-09 1.4076E-09 1.1505E-09 9.3009E-10 7.4328E-10 5.8703E-10 4.5598E-10 3.5106E-10 2.6286E-10 1.8786E-10 1.2832E-10 8.2538E-11 4.9370E-11 2.5685E-11 9.5038E-12 2.7150E-12 0.0000E+00 0.0000E+00 0.0000E+00 0.0000E+00 0.0000E+00 0.0000E+00 0.0000E+00 0.0000E+00 0.0000E+00 0.0000E+00 0.0000E+00 0.0000E+00 0.0000E+00 0.0000E+00 0.0000E+00 0.0000E+00 0.0000E+00 0.0000E+00
7.3643E-09 7.7804E-09 8.1348E-09 8.4159E-09 8.6156E-09 8.7267E-09 8.7463E-09 8.6728E-09 8.5091E-09 8.2596E-09 7.9321E-09 7.5362E-09 7.0836E-09 6.5868E-09 6.0593E-09 5.5139E-09 4.9641E-09 4.4213E-09 3.8955E-09 3.3946E-09 2.9260E-09 2.4949E-09 2.1042E-09 1.7552E-09 1.4481E-09 1.1815E-09 9.5313E-10 7.5996E-10 5.9871E-10 4.6450E-10 3.5614E-10 2.6557E-10 1.8890E-10 1.2795E-10 8.1847E-11 4.8000E-11 2.4071E-11 6.5561E-12 5.8766E-13 0.0000E+00 0.0000E+00 0.0000E+00 0.0000E+00 0.0000E+00 0.0000E+00 0.0000E+00 0.0000E+00 0.0000E+00 0.0000E+00 0.0000E+00 0.0000E+00 0.0000E+00 0.0000E+00 0.0000E+00 0.0000E+00 0.0000E+00 0.0000E+00
7.5496E-09 7.9894E-09 8.3654E-09 8.6661E-09 8.8820E-09 9.0067E-09 9.0355E-09 8.9670E-09 8.8032E-09 8.5497E-09 8.2137E-09 7.8060E-09 7.3383E-09 6.8240E-09 6.2767E-09 5.7103E-09 5.1381E-09 4.5725E-09 4.0247E-09 3.5040E-09 3.0171E-09 2.5689E-09 2.1633E-09 1.8014E-09 1.4836E-09 1.2083E-09 9.7266E-10 7.7393E-10 6.0648E-10 4.7083E-10 3.6019E-10 2.6684E-10 1.8935E-10 1.2539E-10 7.8408E-11 4.3711E-11 1.9278E-11 3.6552E-12 0.0000E+00 0.0000E+00 0.0000E+00 0.0000E+00 0.0000E+00 0.0000E+00 0.0000E+00 0.0000E+00 0.0000E+00 0.0000E+00 0.0000E+00 0.0000E+00 0.0000E+00 0.0000E+00 0.0000E+00 0.0000E+00 0.0000E+00 0.0000E+00 0.0000E+00
7.7059E-09 8.1673E-09 8.5638E-09 8.8838E-09 9.1166E-09 9.2552E-09 9.2939E-09 9.2321E-09 9.0709E-09 8.8153E-09 8.4732E-09 8.0549E-09 7.5731E-09 7.0417E-09 6.4755E-09 5.8893E-09 5.2974E-09 4.7122E-09 4.1446E-09 3.6048E-09 3.1004E-09 2.6370E-09 2.2173E-09 1.8431E-09 1.5147E-09 1.2311E-09 9.8907E-10 7.8493E-10 6.1387E-10 4.7497E-10 3.6214E-10 2.6707E-10 1.8593E-10 1.2096E-10 7.3379E-11 3.9764E-11 1.6642E-11 3.0646E-12 0.0000E+00 0.0000E+00 0.0000E+00 0.0000E+00 0.0000E+00 0.0000E+00 0.0000E+00 0.0000E+00 0.0000E+00 0.0000E+00 0.0000E+00 0.0000E+00 0.0000E+00 0.0000E+00 0.0000E+00 0.0000E+00 0.0000E+00 0.0000E+00 0.0000E+00
7.8335E-09 8.3192E-09 8.7395E-09 9.0811E-09 9.3333E-09 9.4873E-09 9.5382E-09 9.4841E-09 9.3264E-09 9.0696E-09 8.7221E-09 8.2950E-09 7.8005E-09 7.2535E-09 6.6690E-09 6.0626E-09 5.4492E-09 4.8433E-09 4.2564E-09 3.6985E-09 3.1768E-09 2.6979E-09 2.2652E-09 1.8803E-09 1.5424E-09 1.2504E-09 1.0019E-09 7.9355E-10 6.1891E-10 4.7755E-10 3.6276E-10 2.6607E-10 1.8185E-10 1.1781E-10 7.0655E-11 3.7033E-11 1.4744E-11 2.7831E-12 0.0000E+00 0.0000E+00 0.0000E+00 0.0000E+00 0.0000E+00 0.0000E+00 0.0000E+00 0.0000E+00 0.0000E+00 0.0000E+00 0.0000E+00 0.0000E+00 0.0000E+00 0.0000E+00 0.0000E+00 0.0000E+00 0.0000E+00 0.0000E+00 0.0000E+00
7.9365E-09 8.4437E-09 8.8849E-09 9.2471E-09 9.5179E-09 9.6890E-09 9.7537E-09 9.7092E-09 9.5562E-09 9.3001E-09 8.9490E-09 8.5139E-09 8.0082E-09 7.4471E-09 6.8467E-09 6.2232E-09 5.5916E-09 4.9664E-09 4.3602E-09 3.7841E-09 3.2468E-09 2.7534E-09 2.3077E-09 1.9118E-09 1.5655E-09 1.2666E-09 1.0118E-09 7.9733E-10 6.2169E-10 4.7831E-10 3.6197E-10 2.6402E-10 1.7914E-10 1.1539E-10 6.7647E-11 3.3326E-11 1.1354E-11 1.3591E-12 0.0000E+00 0.0000E+00 0.0000E+00 0.0000E+00 0.0000E+00 0.0000E+00 0.0000E+00 0.0000E+00 0.0000E+00 0.0000E+00 0.0000E+00 0.0000E+00 0.0000E+00 0.0000E+00 0.0000E+00 0.0000E+00 0.0000E+00 0.0000E+00 0.0000E+00
8.0123E-09 8.5428E-09 9.0088E-09 9.3945E-09 9.6871E-09 9.8767E-09 9.9561E-09 9.9223E-09 9.7761E-09 9.5218E-09 9.1682E-09 8.7261E-09 8.2097E-09 7.6345E-09 7.0173E-09 6.3750E-09 5.7243E-09 5.0807E-09 4.4567E-09 3.8633E-09 3.3095E-09 2.8023E-09 2.3449E-09 1.9387E-09 1.5839E-09 1.2785E-09 1.0198E-09 8.0113E-10 6.2286E-10 4.7768E-10 3.5994E-10 2.6086E-10 1.7535E-10 1.0970E-10 6.1181E-11 2.8204E-11 8.2039E-12 0.0000E+00 0.0000E+00 0.0000E+00 0.0000E+00 0.0000E+00 0.0000E+00 0.0000E+00 0.0000E+00 0.0000E+00 0.0000E+00 0.0000E+00 0.0000E+00 0.0000E+00 0.0000E+00 0.0000E+00 0.0000E+00 0.0000E+00 0.0000E+00 0.0000E+00 0.0000E+00
8.0684E-09 8.6229E-09 9.1120E-09 9.5191E-09 9.8321E-09 1.0040E-08 1.0135E-08 1.0113E-08 9.9750E-09 9.7245E-09 9.3698E-09 8.9226E-09 8.3971E-09 7.8096E-09 7.1777E-09 6.5186E-09 5.8498E-09 5.1872E-09 4.5452E-09 3.9360E-09 3.3676E-09 2.8467E-09 2.3775E-09 1.9621E-09 1.5994E-09 1.2877E-09 1.0227E-09 8.0267E-10 6.2221E-10 4.7560E-10 3.5692E-10 2.5543E-10 1.6919E-10 1.0463E-10 5.7421E-11 2.3889E-11 5.0102E-12 0.0000E+00 0.0000E+00 0.0000E+00 0.0000E+00 0.0000E+00 0.0000E+00 0.0000E+00 0.0000E+00 0.0000E+00 0.0000E+00 0.0000E+00 0.0000E+00 0.0000E+00 0.0000E+00 0.0000E+00 0.0000E+00 0.0000E+00 0.0000E+00 0.0000E+00 0.0000E+00
8.1033E-09 8.6796E-09 9.1915E-09 9.6231E-09 9.9594E-09 1.0188E-08 1.0300E-08 1.0292E-08 1.0163E-08 9.9159E-09 9.5608E-09 9.1087E-09 8.5745E-09 7.9750E-09 7.3286E-09 6.6537E-09 5.9682E-09 5.2886E-09 4.6293E-09 4.0031E-09 3.4198E-09 2.8864E-09 2.4064E-09 1.9816E-09 1.6119E-09 1.2948E-09 1.0254E-09 8.0275E-10 6.2006E-10 4.7257E-10 3.5192E-10 2.4793E-10 1.6231E-10 9.7844E-11 5.1291E-11 1.9288E-11 3.2417E-12 0.0000E+00 0.0000E+00 0.0000E+00 0.0000E+00 0.0000E+00 0.0000E+00 0.0000E+00 0.0000E+00 0.0000E+00 0.0000E+00 0.0000E+00 0.0000E+00 0.0000E+00 0.0000E+00 0.0000E+00 0.0000E+00 0.0000E+00 0.0000E+00 0.0000E+00 0.0000E+00
8.1194E-09 8.7209E-09 9.2596E-09 9.7169E-09 1.0076E-08 1.0326E-08 1.0456E-08 1.0462E-08 1.0343E-08 1.0102E-08 9.7468E-09 9.2905E-09 8.7476E-09 8.1364E-09 7.4753E-09 6.7837E-09 6.0805E-09 5.3836E-09 4.7082E-09 4.0667E-09 3.4691E-09 2.9228E-09 2.4324E-09 1.9986E-09 1.6221E-09 1.2982E-09 1.0268E-09 8.0126E-10 6.1677E-10 4.6832E-10 3.4597E-10 2.4029E-10 1.5469E-10 9.0847E-11 4.4898E-11 1.5482E-11 1.4181E-12 0.0000E+00 0.0000E+00 0.0000E+00 0.0000E+00 0.0000E+00 0.0000E+00 0.0000E+00 0.0000E+00 0.0000E+00 0.0000E+00 0.0000E+00 0.0000E+00 0.0000E+00 0.0000E+00 0.0000E+00 0.0000E+00 0.0000E+00 0.0000E+00 0.0000E+00 0.0000E+00
8.1219E-09 8.7472E-09 9.3094E-09 9.7904E-09 1.0174E-08 1.0446E-08 1.0595E-08 1.0616E-08 1.0508E-08 1.0273E-08 9.9203E-09 9.4610E-09 8.9112E-09 8.2894E-09 7.6150E-09 6.9083E-09 6.1890E-09 5.4753E-09 4.7831E-09 4.1260E-09 3.5152E-09 2.9571E-09 2.4558E-09 2.0144E-09 1.6298E-09 1.3022E-09 1.0275E-09 7.9954E-10 6.1304E-10 4.6334E-10 3.3735E-10 2.3050E-10 1.4619E-10 8.3980E-11 3.9954E-11 1.1306E-11 1.1933E-12 0.0000E+00 0.0000E+00 0.0000E+00 0.0000E+00 0.0000E+00 0.0000E+00 0.0000E+00 0.0000E+00 0.0000E+00 0.0000E+00 0.0000E+00 0.0000E+00 0.0000E+00 0.0000E+00 0.0000E+00 0.0000E+00 0.0000E+00 0.0000E+00 0.0000E+00 0.0000E+00
8.1072E-09 8.7565E-09 9.3447E-09 9.8528E-09 1.0262E-08 1.0558E-08 1.0728E-08 1.0766E-08 1.0670E-08 1.0442E-08 1.0091E-08 9.6291E-09 9.0721E-09 8.4398E-09 7.7521E-09 7.0302E-09 6.2946E-09 5.5645E-09 4.8564E-09 4.1847E-09 3.5599E-09 2.9896E-09 2.4787E-09 2.0283E-09 1.6377E-09 1.3054E-09 1.0267E-09 7.9692E-10 6.0902E-10 4.5714E-10 3.2789E-10 2.2070E-10 1.3751E-10 7.6873E-11 3.3233E-11 9.6037E-12 1.2980E-12 0.0000E+00 0.0000E+00 0.0000E+00 0.0000E+00 0.0000E+00 0.0000E+00 0.0000E+00 0.0000E+00 0.0000E+00 0.0000E+00 0.0000E+00 0.0000E+00 0.0000E+00 0.0000E+00 0.0000E+00 0.0000E+00 0.0000E+00 0.0000E+00 0.0000E+00 0.0000E+00
8.0803E-09 8.7541E-09 9.3678E-09 9.9011E-09 1.0335E-08 1.0654E-08 1.0845E-08 1.0899E-08 1.0817E-08 1.0598E-08 1.0251E-08 9.7885E-09 9.2268E-09 8.5854E-09 7.8852E-09 7.1490E-09 6.3977E-09 5.6513E-09 4.9277E-09 4.2416E-09 3.6038E-09 3.0219E-09 2.5006E-09 2.0406E-09 1.6452E-09 1.3093E-09 1.0270E-09 7.9374E-10 6.0516E-10 4.5046E-10 3.1880E-10 2.0927E-10 1.2885E-10 7.0003E-11 3.0520E-11 8.5376E-12 1.5595E-12 0.0000E+00 0.0000E+00 0.0000E+00 0.0000E+00 0.0000E+00 0.0000E+00 0.0000E+00 0.0000E+00 0.0000E+00 0.0000E+00 0.0000E+00 0.0000E+00 0.0000E+00 0.0000E+00 0.0000E+00 0.0000E+00 0.0000E+00 0.0000E+00 0.0000E+00 0.0000E+00
8.0393E-09 8.7353E-09 9.3746E-09 9.9351E-09 1.0396E-08 1.0741E-08 1.0955E-08 1.1029E-08 1.0961E-08 1.0752E-08 1.0409E-08 9.9461E-09 9.3794E-09 8.7297E-09 8.0186E-09 7.2687E-09 6.5019E-09 5.7397E-09 5.0004E-09 4.2987E-09 3.6472E-09 3.0544E-09 2.5231E-09 2.0570E-09 1.6536E-09 1.3116E-09 1.0268E-09 7.9149E-10 5.9869E-10 4.4199E-10 3.0815E-10 2.0017E-10 1.1952E-10 6.4140E-11 2.7604E-11 7.8680E-12 1.8459E-12 0.0000E+00 0.0000E+00 0.0000E+00 0.0000E+00 0.0000E+00 0.0000E+00 0.0000E+00 0.0000E+00 0.0000E+00 0.0000E+00 0.0000E+00 0.0000E+00 0.0000E+00 0.0000E+00 0.0000E+00 0.0000E+00 0.0000E+00 0.0000E+00 0.0000E+00 0.0000E+00
7.9859E-09 8.7062E-09 9.3709E-09 9.9576E-09 1.0445E-08 1.0814E-08 1.1051E-08 1.1145E-08 1.1093E-08 1.0896E-08 1.0561E-08 1.0100E-08 9.5303E-09 8.8731E-09 8.1512E-09 7.3880E-09 6.6068E-09 5.8298E-09 5.0755E-09 4.3594E-09 3.6935E-09 3.0863E-09 2.5453E-09 2.0727E-09 1.6640E-09 1.3164E-09 1.0264E-09 7.8882E-10 5.9381E-10 4.3344E-10 2.9707E-10 1.8941E-10 1.1204E-10 5.9068E-11 2.5633E-11 8.1632E-12 2.1149E-12 0.0000E+00 0.0000E+00 0.0000E+00 0.0000E+00 0.0000E+00 0.0000E+00 0.0000E+00 0.0000E+00 0.0000E+00 0.0000E+00 0.0000E+00 0.0000E+00 0.0000E+00 0.0000E+00 0.0000E+00 0.0000E+00 0.0000E+00 0.0000E+00 0.0000E+00 0.0000E+00
7.9212E-09 8.6627E-09 9.3518E-09 9.9653E-09 1.0480E-08 1.0877E-08 1.1139E-08 1.1255E-08 1.1221E-08 1.1037E-08 1.0709E-08 1.0251E-08 9.6803E-09 9.0181E-09 8.2869E-09 7.5114E-09 6.7159E-09 5.9232E-09 5.1531E-09 4.4218E-09 3.7428E-09 3.1253E-09 2.5735E-09 2.0890E-09 1.6733E-09 1.3224E-09 1.0274E-09 7.8475E-10 5.8834E-10 4.2460E-10 2.8338E-10 1.7931E-10 1.0492E-10 5.5523E-11 2.4957E-11 7.9770E-12 2.3006E-12 0.0000E+00 0.0000E+00 0.0000E+00 0.0000E+00 0.0000E+00 0.0000E+00 0.0000E+00 0.0000E+00 0.0000E+00 0.0000E+00 0.0000E+00 0.0000E+00 0.0000E+00 0.0000E+00 0.0000E+00 0.0000E+00 0.0000E+00 0.0000E+00 0.0000E+00 0.0000E+00
7.8430E-09 8.6078E-09 9.3236E-09 9.9649E-09 1.0508E-08 1.0931E-08 1.1219E-08 1.1359E-08 1.1346E-08 1.1178E-08 1.0861E-08 1.0409E-08 9.8374E-09 9.1699E-09 8.4297E-09 7.6426E-09 6.8331E-09 6.0248E-09 5.2372E-09 4.4895E-09 3.7953E-09 3.1649E-09 2.6036E-09 2.1106E-09 1.6863E-09 1.3272E-09 1.0289E-09 7.8193E-10 5.7950E-10 4.1265E-10 2.7358E-10 1.7221E-10 1.0084E-10 5.4747E-11 2.5057E-11 8.1251E-12 2.2300E-12 0.0000E+00 0.0000E+00 0.0000E+00 0.0000E+00 0.0000E+00 0.0000E+00 0.0000E+00 0.0000E+00 0.0000E+00 0.0000E+00 0.0000E+00 0.0000E+00 0.0000E+00 0.0000E+00 0.0000E+00 0.0000E+00 0.0000E+00 0.0000E+00 0.0000E+00 0.0000E+00
7.7572E-09 8.5432E-09 9.2821E-09 9.9500E-09 1.0523E-08 1.0977E-08 1.1295E-08 1.1462E-08 1.1470E-08 1.1318E-08 1.1014E-08 1.0569E-08 9.9991E-09 9.3284E-09 8.5806E-09 7.7816E-09 6.9574E-09 6.1327E-09 5.3303E-09 4.5677E-09 3.8577E-09 3.2115E-09 2.6344E-09 2.1324E-09 1.7008E-09 1.3335E-09 1.0282E-09 7.7967E-10 5.7363E-10 4.0045E-10 2.6362E-10 1.6472E-10 9.8572E-11 5.3321E-11 2.5185E-11 7.9752E-12 2.7263E-13 0.0000E+00 0.0000E+00 0.0000E+00 0.0000E+00 0.0000E+00 0.0000E+00 0.0000E+00 0.0000E+00 0.0000E+00 0.0000E+00 0.0000E+00 0.0000E+00 0.0000E+00 0.0000E+00 0.0000E+00 0.0000E+00 0.0000E+00 0.0000E+00 0.0000E+00 0.0000E+00
7.6610E-09 8.4675E-09 9.2331E-09 9.9301E-09 1.0533E-08 1.1018E-08 1.1365E-08 1.1560E-08 1.1592E-08 1.1463E-08 1.1175E-08 1.0739E-08 1.0174E-08 9.5010E-09 8.7453E-09 7.9342E-09 7.0944E-09 6.2527E-09 5.4314E-09 4.6498E-09 3.9245E-09 3.2645E-09 2.6748E-09 2.1579E-09 1.7140E-09 1.3422E-09 1.0316E-09 7.7580E-10 5.6421E-10 3.8818E-10 2.5484E-10 1.6183E-10 9.6744E-11 5.1977E-11 2.4210E-11 6.3906E-12 0.0000E+00 0.0000E+00 0.0000E+00 0.0000E+00 0.0000E+00 0.0000E+00 0.0000E+00 0.0000E+00 0.0000E+00 0.0000E+00 0.0000E+00 0.0000E+00 0.0000E+00 0.0000E+00 0.0000E+00 0.0000E+00 0.0000E+00 0.0000E+00 0.0000E+00 0.0000E+00 0.0000E+00
7.5568E-09 8.3844E-09 9.1756E-09 9.9017E-09 1.0537E-08 1.1056E-08 1.1438E-08 1.1664E-08 1.1726E-08 1.1619E-08 1.1348E-08 1.0923E-08 1.0362E-08 9.6878E-09 8.9248E-09 8.1025E-09 7.2482E-09 6.3892E-09 5.5484E-09 4.7461E-09 3.9992E-09 3.3198E-09 2.7161E-09 2.1869E-09 1.7318E-09 1.3487E-09 1.0349E-09 7.7147E-10 5.5395E-10 3.8052E-10 2.5058E-10 1.5949E-10 9.5007E-11 5.0806E-11 2.2515E-11 6.3096E-12 0.0000E+00 0.0000E+00 0.0000E+00 0.0000E+00 0.0000E+00 0.0000E+00 0.0000E+00 0.0000E+00 0.0000E+00 0.0000E+00 0.0000E+00 0.0000E+00 0.0000E+00 0.0000E+00 0.0000E+00 0.0000E+00 0.0000E+00 0.0000E+00 0.0000E+00 0.0000E+00 0.0000E+00
7.4470E-09 8.2964E-09 9.1135E-09 9.8703E-09 1.0540E-08 1.1094E-08 1.1512E-08 1.1774E-08 1.1867E-08 1.1787E-08 1.1536E-08 1.1126E-08 1.0571E-08 9.8959E-09 9.1257E-09 8.2895E-09 7.4173E-09 6.5370E-09 5.6745E-09 4.8524E-09 4.0861E-09 3.3858E-09 2.7609E-09 2.2169E-09 1.7535E-09 1.3601E-09 1.0324E-09 7.6699E-10 5.4681E-10 3.7541E-10 2.4818E-10 1.5685E-10 9.2585E-11 5.0049E-11 2.0741E-11 6.0330E-12 0.0000E+00 0.0000E+00 0.0000E+00 0.0000E+00 0.0000E+00 0.0000E+00 0.0000E+00 0.0000E+00 0.0000E+00 0.0000E+00 0.0000E+00 0.0000E+00 0.0000E+00 0.0000E+00 0.0000E+00 0.0000E+00 0.0000E+00 0.0000E+00 0.0000E+00 0.0000E+00 0.0000E+00
