Assets/Resources/2015_m01_d12_0300(utc+0800)_l00_csi_1hr_conc.grd
DSAA
         159         159
     -79.000      79.000
     -79.000      79.000
  0.0000E+00  0.2435E-05
[rows 0 to 24 of 159, columns 57 to 113 of 159]
9.0941E-11 1.5542E-10 2.3359E-10 3.4356E-10 4.9196E-10 6.8013E-10 9.1833E-10 1.2110E-09 1.5748E-09 2.0097E-09 2.5198E-09 3.1125E-09 3.7960E-09 4.5677E-09 5.4210E-09 6.3494E-09 7.3407E-09 8.3760E-09 9.4322E-09 1.0482E-08 1.1497E-08 1.2444E-08 1.3299E-08 1.4034E-08 1.4617E-08 1.5034E-08 1.5271E-08 1.5317E-08 1.5176E-08 1.4852E-08 1.4363E-08 1.3726E-08 1.2964E-08 1.2104E-08 1.1176E-08 1.0203E-08 9.2152E-09 8.2376E-09 7.2839E-09 6.3715E-09 5.5178E-09 4.7311E-09 4.0126E-09 3.3727E-09 2.8043E-09 2.3062E-09 1.8742E-09 1.5088E-09 1.2081E-09 9.5802E-10 7.5183E-10 5.8443E-10 4.4772E-10 3.3867E-10 2.5376E-10 1.8438E-10 1.3550E-10
1.0488E-10 1.6969E-10 2.6112E-10 3.7996E-10 5.3731E-10 7.4780E-10 1.0033E-09 1.3237E-09 1.7220E-09 2.1914E-09 2.7462E-09 3.3961E-09 4.1415E-09 4.9814E-09 5.9146E-09 6.9316E-09 8.0154E-09 9.1435E-09 1.0293E-08 1.1436E-08 1.2540E-08 1.3571E-08 1.4497E-08 1.5282E-08 1.5905E-08 1.6341E-08 1.6576E-08 1.6607E-08 1.6431E-08 1.6057E-08 1.5500E-08 1.4781E-08 1.3931E-08 1.2978E-08 1.1950E-08 1.0881E-08 9.7985E-09 8.7281E-09 7.6934E-09 6.7113E-09 5.7927E-09 4.9524E-09 4.1906E-09 3.5090E-09 2.9103E-09 2.3865E-09 1.9317E-09 1.5504E-09 1.2382E-09 9.7882E-10 7.6733E-10 5.9349E-10 4.5511E-10 3.4222E-10 2.5460E-10 1.8410E-10 1.3478E-10
1.1948E-10 1.8355E-10 2.8619E-10 4.1289E-10 5.8452E-10 8.1034E-10 1.0874E-09 1.4373E-09 1.8614E-09 2.3699E-09 2.9727E-09 3.6754E-09 4.4818E-09 5.3960E-09 6.4091E-09 7.5111E-09 8.6839E-09 9.9088E-09 1.1156E-08 1.2393E-08 1.3584E-08 1.4691E-08 1.5678E-08 1.6517E-08 1.7176E-08 1.7626E-08 1.7861E-08 1.7869E-08 1.7651E-08 1.7219E-08 1.6592E-08 1.5796E-08 1.4855E-08 1.3804E-08 1.2680E-08 1.1514E-08 1.0338E-08 9.1829E-09 8.0676E-09 7.0138E-09 6.0357E-09 5.1385E-09 4.3347E-09 3.6193E-09 2.9914E-09 2.4458E-09 1.9747E-09 1.5786E-09 1.2602E-09 9.8956E-10 7.7238E-10 5.9526E-10 4.5549E-10 3.4199E-10 2.5285E-10 1.8279E-10 1.3227E-10
1.3075E-10 2.0230E-10 3.0676E-10 4.4796E-10 6.3175E-10 8.6840E-10 1.1723E-09 1.5435E-09 1.9950E-09 2.5440E-09 3.1890E-09 3.9435E-09 4.8164E-09 5.8028E-09 6.8935E-09 8.0809E-09 9.3478E-09 1.0666E-08 1.2004E-08 1.3332E-08 1.4609E-08 1.5795E-08 1.6851E-08 1.7739E-08 1.8425E-08 1.8890E-08 1.9115E-08 1.9093E-08 1.8830E-08 1.8336E-08 1.7633E-08 1.6747E-08 1.5712E-08 1.4571E-08 1.3349E-08 1.2087E-08 1.0821E-08 9.5808E-09 8.3903E-09 7.2691E-09 6.2332E-09 5.2939E-09 4.4450E-09 3.7006E-09 3.0465E-09 2.4818E-09 1.9974E-09 1.5909E-09 1.2676E-09 9.9772E-10 7.7486E-10 5.9270E-10 4.5058E-10 3.3724E-10 2.4892E-10 1.8174E-10 1.2779E-10
1.3951E-10 2.2046E-10 3.2392E-10 4.7884E-10 6.7266E-10 9.2745E-10 1.2506E-09 1.6421E-09 2.1255E-09 2.7051E-09 3.3927E-09 4.2037E-09 5.1362E-09 6.1885E-09 7.3583E-09 8.6333E-09 9.9883E-09 1.1397E-08 1.2831E-08 1.4249E-08 1.5610E-08 1.6870E-08 1.7980E-08 1.8911E-08 1.9628E-08 2.0101E-08 2.0311E-08 2.0259E-08 1.9946E-08 1.9385E-08 1.8602E-08 1.7627E-08 1.6501E-08 1.5255E-08 1.3936E-08 1.2584E-08 1.1233E-08 9.9153E-09 8.6540E-09 7.4731E-09 6.3850E-09 5.3993E-09 4.5220E-09 3.7453E-09 3.0750E-09 2.4948E-09 1.9988E-09 1.5872E-09 1.2595E-09 9.8988E-10 7.6797E-10 5.8825E-10 4.4405E-10 3.3207E-10 2.4189E-10 1.7603E-10 1.2237E-10
1.4641E-10 2.3431E-10 3.4537E-10 5.0386E-10 7.1308E-10 9.8483E-10 1.3169E-09 1.7362E-09 2.2410E-09 2.8526E-09 3.5864E-09 4.4438E-09 5.4314E-09 6.5543E-09 7.8016E-09 9.1543E-09 1.0596E-08 1.2100E-08 1.3619E-08 1.5125E-08 1.6566E-08 1.7892E-08 1.9062E-08 2.0035E-08 2.0771E-08 2.1242E-08 2.1433E-08 2.1344E-08 2.0974E-08 2.0345E-08 1.9479E-08 1.8418E-08 1.7194E-08 1.5855E-08 1.4445E-08 1.3000E-08 1.1564E-08 1.0172E-08 8.8470E-09 7.6108E-09 6.4798E-09 5.4613E-09 4.5546E-09 3.7599E-09 3.0717E-09 2.4806E-09 1.9770E-09 1.5648E-09 1.2367E-09 9.6908E-10 7.4971E-10 5.7328E-10 4.3081E-10 3.2000E-10 2.3241E-10 1.6842E-10 1.1617E-10
1.5362E-10 2.4159E-10 3.6404E-10 5.2188E-10 7.4771E-10 1.0301E-09 1.3808E-09 1.8177E-09 2.3417E-09 2.9892E-09 3.7573E-09 4.6593E-09 5.7060E-09 6.8908E-09 8.2014E-09 9.6360E-09 1.1165E-08 1.2754E-08 1.4364E-08 1.5949E-08 1.7465E-08 1.8860E-08 2.0075E-08 2.1082E-08 2.1836E-08 2.2309E-08 2.2481E-08 2.2347E-08 2.1919E-08 2.1215E-08 2.0265E-08 1.9108E-08 1.7788E-08 1.6355E-08 1.4851E-08 1.3324E-08 1.1813E-08 1.0352E-08 8.9707E-09 7.6875E-09 6.5172E-09 5.4694E-09 4.5429E-09 3.7369E-09 3.0357E-09 2.4434E-09 1.9375E-09 1.5298E-09 1.2070E-09 9.3855E-10 7.2282E-10 5.5121E-10 4.1267E-10 3.0478E-10 2.2008E-10 1.5815E-10 1.0907E-10
1.5718E-10 2.4676E-10 3.7467E-10 5.4175E-10 7.7349E-10 1.0709E-09 1.4348E-09 1.8785E-09 2.4313E-09 3.1019E-09 3.9043E-09 4.8534E-09 5.9468E-09 7.1856E-09 8.5704E-09 1.0079E-08 1.1683E-08 1.3351E-08 1.5040E-08 1.6708E-08 1.8300E-08 1.9757E-08 2.1029E-08 2.2068E-08 2.2832E-08 2.3294E-08 2.3433E-08 2.3257E-08 2.2768E-08 2.1988E-08 2.0953E-08 1.9704E-08 1.8291E-08 1.6760E-08 1.5168E-08 1.3558E-08 1.1973E-08 1.0451E-08 9.0184E-09 7.6958E-09 6.4969E-09 5.4272E-09 4.4902E-09 3.6747E-09 2.9758E-09 2.3780E-09 1.8743E-09 1.4736E-09 1.1617E-09 9.0154E-10 6.9102E-10 5.2269E-10 3.8968E-10 2.8644E-10 2.0502E-10 1.4591E-10 1.0038E-10
1.5867E-10 2.5142E-10 3.7938E-10 5.5684E-10 7.8606E-10 1.1027E-09 1.4709E-09 1.9332E-09 2.5035E-09 3.1925E-09 4.0308E-09 5.0130E-09 6.1492E-09 7.4472E-09 8.8918E-09 1.0459E-08 1.2138E-08 1.3887E-08 1.5658E-08 1.7402E-08 1.9057E-08 2.0570E-08 2.1880E-08 2.2945E-08 2.3723E-08 2.4178E-08 2.4294E-08 2.4066E-08 2.3511E-08 2.2653E-08 2.1528E-08 2.0186E-08 1.8678E-08 1.7059E-08 1.5385E-08 1.3698E-08 1.2046E-08 1.0470E-08 8.9970E-09 7.6429E-09 6.4221E-09 5.3394E-09 4.3934E-09 3.5806E-09 2.8825E-09 2.2885E-09 1.7905E-09 1.4022E-09 1.1010E-09 8.5094E-10 6.5078E-10 4.8844E-10 3.6244E-10 2.6485E-10 1.8806E-10 1.3060E-10 8.6506E-11
1.5884E-10 2.4818E-10 3.8050E-10 5.6388E-10 7.9878E-10 1.1217E-09 1.4955E-09 1.9698E-09 2.5487E-09 3.2648E-09 4.1253E-09 5.1380E-09 6.3186E-09 7.6598E-09 9.1526E-09 1.0790E-08 1.2537E-08 1.4355E-08 1.6194E-08 1.8001E-08 1.9727E-08 2.1302E-08 2.2662E-08 2.3757E-08 2.4542E-08 2.4983E-08 2.5061E-08 2.4784E-08 2.4163E-08 2.3225E-08 2.2014E-08 2.0578E-08 1.8975E-08 1.7265E-08 1.5504E-08 1.3747E-08 1.2042E-08 1.0417E-08 8.9048E-09 7.5274E-09 6.2932E-09 5.2062E-09 4.2633E-09 3.4536E-09 2.7642E-09 2.1809E-09 1.6937E-09 1.3190E-09 1.0314E-09 7.9231E-10 6.0270E-10 4.5024E-10 3.3097E-10 2.4008E-10 1.6924E-10 1.1743E-10 7.6679E-11
1.5589E-10 2.4784E-10 3.7790E-10 5.6123E-10 8.0332E-10 1.1223E-09 1.5082E-09 1.9880E-09 2.5815E-09 3.3118E-09 4.1841E-09 5.2307E-09 6.4412E-09 7.8190E-09 9.3660E-09 1.1055E-08 1.2857E-08 1.4740E-08 1.6652E-08 1.8534E-08 2.0321E-08 2.1943E-08 2.3339E-08 2.4450E-08 2.5240E-08 2.5672E-08 2.5723E-08 2.5396E-08 2.4707E-08 2.3689E-08 2.2389E-08 2.0864E-08 1.9175E-08 1.7380E-08 1.5544E-08 1.3719E-08 1.1952E-08 1.0289E-08 8.7560E-09 7.3608E-09 6.1200E-09 5.0332E-09 4.0989E-09 3.3015E-09 2.6255E-09 2.0559E-09 1.5803E-09 1.2343E-09 9.5465E-10 7.2833E-10 5.5023E-10 4.0726E-10 2.9734E-10 2.1100E-10 1.4452E-10 9.8981E-11 6.5788E-11
1.4584E-10 2.4118E-10 3.6808E-10 5.5281E-10 8.0102E-10 1.1138E-09 1.5071E-09 1.9834E-09 2.5895E-09 3.3227E-09 4.2187E-09 5.2845E-09 6.5160E-09 7.9319E-09 9.5167E-09 1.1249E-08 1.3112E-08 1.5056E-08 1.7030E-08 1.8964E-08 2.0803E-08 2.2480E-08 2.3922E-08 2.5065E-08 2.5865E-08 2.6282E-08 2.6301E-08 2.5920E-08 2.5165E-08 2.4070E-08 2.2684E-08 2.1066E-08 1.9285E-08 1.7407E-08 1.5501E-08 1.3617E-08 1.1808E-08 1.0107E-08 8.5452E-09 7.1445E-09 5.9055E-09 4.8287E-09 3.9063E-09 3.1290E-09 2.4681E-09 1.9146E-09 1.4603E-09 1.1349E-09 8.7633E-10 6.6296E-10 4.9603E-10 3.6363E-10 2.6076E-10 1.8123E-10 1.1851E-10 7.7060E-11 5.1632E-11
1.3826E-10 2.2650E-10 3.5826E-10 5.3153E-10 7.8348E-10 1.0914E-09 1.4818E-09 1.9690E-09 2.5725E-09 3.3143E-09 4.2201E-09 5.2879E-09 6.5481E-09 7.9879E-09 9.6009E-09 1.1379E-08 1.3288E-08 1.5282E-08 1.7311E-08 1.9312E-08 2.1216E-08 2.2946E-08 2.4427E-08 2.5590E-08 2.6398E-08 2.6806E-08 2.6799E-08 2.6372E-08 2.5554E-08 2.4381E-08 2.2909E-08 2.1206E-08 1.9339E-08 1.7380E-08 1.5397E-08 1.3453E-08 1.1598E-08 9.8726E-09 8.2996E-09 6.8907E-09 5.6588E-09 4.5966E-09 3.6947E-09 2.9372E-09 2.2993E-09 1.7581E-09 1.3315E-09 1.0313E-09 7.9188E-10 5.9636E-10 4.4170E-10 3.1981E-10 2.2387E-10 1.5023E-10 9.8881E-11 6.1511E-11 3.4924E-11
1.2610E-10 2.1275E-10 3.4126E-10 5.1096E-10 7.5630E-10 1.0639E-09 1.4443E-09 1.9328E-09 2.5264E-09 3.2750E-09 4.1767E-09 5.2614E-09 6.5314E-09 7.9846E-09 9.6291E-09 1.1440E-08 1.3384E-08 1.5429E-08 1.7516E-08 1.9571E-08 2.1529E-08 2.3305E-08 2.4830E-08 2.6031E-08 2.6853E-08 2.7258E-08 2.7221E-08 2.6748E-08 2.5869E-08 2.4622E-08 2.3068E-08 2.1276E-08 1.9324E-08 1.7289E-08 1.5244E-08 1.3251E-08 1.1354E-08 9.5994E-09 8.0155E-09 6.6112E-09 5.3875E-09 4.3442E-09 3.4674E-09 2.7364E-09 2.1205E-09 1.6019E-09 1.1996E-09 9.2618E-10 7.0412E-10 5.2664E-10 3.8431E-10 2.7137E-10 1.8445E-10 1.2057E-10 7.5853E-11 4.6835E-11 2.6518E-11
1.0975E-10 1.9569E-10 3.1582E-10 4.8603E-10 7.1567E-10 1.0182E-09 1.3945E-09 1.8708E-09 2.4680E-09 3.2063E-09 4.1065E-09 5.1910E-09 6.4559E-09 7.9292E-09 9.5906E-09 1.1421E-08 1.3407E-08 1.5496E-08 1.7631E-08 1.9743E-08 2.1757E-08 2.3594E-08 2.5167E-08 2.6397E-08 2.7243E-08 2.7647E-08 2.7594E-08 2.7086E-08 2.6148E-08 2.4830E-08 2.3196E-08 2.1320E-08 1.9285E-08 1.7171E-08 1.5055E-08 1.3005E-08 1.1078E-08 9.3063E-09 7.7105E-09 6.3114E-09 5.1064E-09 4.0824E-09 3.2302E-09 2.5316E-09 1.9408E-09 1.4394E-09 1.0746E-09 8.2120E-10 6.1829E-10 4.5636E-10 3.2574E-10 2.2130E-10 1.4619E-10 9.2697E-11 5.4894E-11 3.1075E-11 1.3024E-11
9.8047E-11 1.7351E-10 2.8976E-10 4.4802E-10 6.7470E-10 9.5951E-10 1.3327E-09 1.7921E-09 2.3822E-09 3.1030E-09 4.0009E-09 5.0719E-09 6.3447E-09 7.8176E-09 9.4845E-09 1.1341E-08 1.3355E-08 1.5479E-08 1.7660E-08 1.9828E-08 2.1904E-08 2.3797E-08 2.5421E-08 2.6702E-08 2.7569E-08 2.7981E-08 2.7918E-08 2.7372E-08 2.6385E-08 2.5000E-08 2.3287E-08 2.1328E-08 1.9213E-08 1.7029E-08 1.4853E-08 1.2753E-08 1.0785E-08 8.9927E-09 7.4003E-09 6.0063E-09 4.8158E-09 3.8185E-09 2.9953E-09 2.3243E-09 1.7603E-09 1.2840E-09 9.5159E-10 7.2013E-10 5.3422E-10 3.8678E-10 2.6814E-10 1.7936E-10 1.1220E-10 6.8500E-11 4.0308E-11 1.8966E-11 5.6462E-12
8.4380E-11 1.5074E-10 2.5834E-10 4.1291E-10 6.2315E-10 8.9391E-10 1.2520E-09 1.7005E-09 2.2713E-09 2.9845E-09 3.8620E-09 4.9197E-09 6.1827E-09 7.6434E-09 9.3213E-09 1.1193E-08 1.3224E-08 1.5385E-08 1.7613E-08 1.9838E-08 2.1971E-08 2.3924E-08 2.5611E-08 2.6937E-08 2.7841E-08 2.8276E-08 2.8206E-08 2.7642E-08 2.6608E-08 2.5161E-08 2.3376E-08 2.1337E-08 1.9140E-08 1.6878E-08 1.4637E-08 1.2493E-08 1.0496E-08 8.6818E-09 7.0806E-09 5.7024E-09 4.5313E-09 3.5579E-09 2.7642E-09 2.1234E-09 1.5790E-09 1.1367E-09 8.3442E-10 6.2172E-10 4.4971E-10 3.1530E-10 2.1198E-10 1.3978E-10 8.3961E-11 4.5707E-11 2.3043E-11 1.0413E-11 3.2711E-12
6.5040E-11 1.3120E-10 2.2552E-10 3.6892E-10 5.6635E-10 8.2437E-10 1.1615E-09 1.5960E-09 2.1356E-09 2.8362E-09 3.6857E-09 4.7312E-09 5.9738E-09 7.4304E-09 9.1023E-09 1.0972E-08 1.3029E-08 1.5222E-08 1.7491E-08 1.9766E-08 2.1961E-08 2.3986E-08 2.5740E-08 2.7133E-08 2.8090E-08 2.8548E-08 2.8489E-08 2.7911E-08 2.6836E-08 2.5333E-08 2.3475E-08 2.1359E-08 1.9084E-08 1.6748E-08 1.4440E-08 1.2240E-08 1.0207E-08 8.3825E-09 6.7786E-09 5.4018E-09 4.2550E-09 3.3084E-09 2.5416E-09 1.9330E-09 1.4054E-09 9.9466E-10 7.2593E-10 5.2408E-10 3.6646E-10 2.4767E-10 1.6126E-10 1.0156E-10 5.5655E-11 2.8802E-11 1.3449E-11 4.4232E-12 0.0000E+00
1.5287E-11 1.0883E-10 1.9449E-10 3.2327E-10 5.0838E-10 7.4528E-10 1.0596E-09 1.4742E-09 1.9924E-09 2.6625E-09 3.4927E-09 4.5077E-09 5.7242E-09 7.1647E-09 8.8212E-09 1.0700E-08 1.2771E-08 1.4987E-08 1.7299E-08 1.9633E-08 2.1898E-08 2.3993E-08 2.5821E-08 2.7285E-08 2.8295E-08 2.8798E-08 2.8757E-08 2.8168E-08 2.7066E-08 2.5510E-08 2.3588E-08 2.1394E-08 1.9039E-08 1.6630E-08 1.4263E-08 1.2014E-08 9.9433E-09 8.0951E-09 6.4901E-09 5.1273E-09 3.9911E-09 3.0722E-09 2.3350E-09 1.7533E-09 1.2435E-09 8.6175E-10 6.2077E-10 4.3069E-10 2.8897E-10 1.8876E-10 1.1770E-10 6.5849E-11 3.5725E-11 1.9178E-11 7.8770E-12 1.6863E-12 0.0000E+00
9.2931E-12 5.6675E-11 1.6153E-10 2.7655E-10 4.4413E-10 6.7043E-10 9.5687E-10 1.3406E-09 1.8336E-09 2.4660E-09 3.2710E-09 4.2498E-09 5.4449E-09 6.8563E-09 8.5016E-09 1.0372E-08 1.2444E-08 1.4692E-08 1.7052E-08 1.9445E-08 2.1777E-08 2.3949E-08 2.5860E-08 2.7402E-08 2.8485E-08 2.9042E-08 2.9033E-08 2.8453E-08 2.7329E-08 2.5727E-08 2.3739E-08 2.1469E-08 1.9036E-08 1.6548E-08 1.4111E-08 1.1810E-08 9.7082E-09 7.8399E-09 6.2250E-09 4.8685E-09 3.7552E-09 2.8532E-09 2.1441E-09 1.5818E-09 1.0950E-09 7.4728E-10 5.1672E-10 3.4283E-10 2.1953E-10 1.3655E-10 8.1065E-11 4.1531E-11 2.1864E-11 9.3199E-12 2.2837E-12 1.4452E-13 0.0000E+00
4.0322E-12 1.8566E-11 1.2410E-10 2.2779E-10 3.8015E-10 5.8702E-10 8.5238E-10 1.2029E-09 1.6633E-09 2.2637E-09 3.0279E-09 3.9739E-09 5.1302E-09 6.5104E-09 8.1340E-09 9.9924E-09 1.2079E-08 1.4351E-08 1.6746E-08 1.9197E-08 2.1612E-08 2.3880E-08 2.5885E-08 2.7517E-08 2.8678E-08 2.9293E-08 2.9319E-08 2.8744E-08 2.7604E-08 2.5965E-08 2.3918E-08 2.1577E-08 1.9067E-08 1.6506E-08 1.4002E-08 1.1645E-08 9.5018E-09 7.6121E-09 5.9932E-09 4.6390E-09 3.5351E-09 2.6605E-09 1.9718E-09 1.4269E-09 9.6363E-10 6.4156E-10 4.1768E-10 2.5813E-10 1.5557E-10 9.0382E-11 5.2019E-11 2.6979E-11 1.2578E-11 3.7255E-12 4.1651E-13 0.0000E+00 0.0000E+00
8.3475E-14 1.0315E-11 3.1383E-11 1.8248E-10 3.1947E-10 5.0568E-10 7.4828E-10 1.0623E-09 1.4846E-09 2.0503E-09 2.7667E-09 3.6770E-09 4.7883E-09 6.1402E-09 7.7347E-09 9.5802E-09 1.1664E-08 1.3955E-08 1.6400E-08 1.8924E-08 2.1423E-08 2.3784E-08 2.5887E-08 2.7615E-08 2.8863E-08 2.9547E-08 2.9619E-08 2.9073E-08 2.7925E-08 2.6245E-08 2.4137E-08 2.1722E-08 1.9133E-08 1.6499E-08 1.3929E-08 1.1520E-08 9.3355E-09 7.4191E-09 5.7883E-09 4.4394E-09 3.3490E-09 2.4848E-09 1.8194E-09 1.2904E-09 8.3697E-10 5.3969E-10 3.2961E-10 1.8465E-10 1.0203E-10 5.5481E-11 2.8895E-11 1.3283E-11 4.1607E-12 5.5230E-13 0.0000E+00 0.0000E+00 0.0000E+00
0.0000E+00 2.5714E-12 1.8369E-11 1.0857E-10 2.5142E-10 4.2404E-10 6.4481E-10 9.3077E-10 1.3061E-09 1.8321E-09 2.5048E-09 3.3663E-09 4.4350E-09 5.7437E-09 7.3062E-09 9.1367E-09 1.1222E-08 1.3539E-08 1.6027E-08 1.8612E-08 2.1197E-08 2.3665E-08 2.5885E-08 2.7729E-08 2.9079E-08 2.9844E-08 2.9966E-08 2.9434E-08 2.8275E-08 2.6566E-08 2.4412E-08 2.1927E-08 1.9257E-08 1.6539E-08 1.3896E-08 1.1428E-08 9.2032E-09 7.2621E-09 5.6187E-09 4.2653E-09 3.1856E-09 2.3386E-09 1.6863E-09 1.1600E-09 7.2004E-10 4.4700E-10 2.5505E-10 1.2287E-10 5.9873E-11 3.2429E-11 1.5027E-11 4.8149E-12 6.3164E-13 0.0000E+00 0.0000E+00 0.0000E+00 0.0000E+00
0.0000E+00 0.0000E+00 8.6536E-12 3.0617E-11 1.8761E-10 3.3362E-10 5.4351E-10 7.9796E-10 1.1319E-09 1.6129E-09 2.2412E-09 3.0461E-09 4.0731E-09 5.3343E-09 6.8661E-09 8.6748E-09 1.0756E-08 1.3093E-08 1.5631E-08 1.8295E-08 2.0982E-08 2.3561E-08 2.5899E-08 2.7860E-08 2.9318E-08 3.0169E-08 3.0356E-08 2.9858E-08 2.8695E-08 2.6943E-08 2.4720E-08 2.2161E-08 1.9416E-08 1.6622E-08 1.3906E-08 1.1377E-08 9.1050E-09 7.1338E-09 5.4779E-09 4.1243E-09 3.0431E-09 2.2105E-09 1.5645E-09 1.0439E-09 6.2262E-10 3.6276E-10 1.8887E-10 7.2973E-11 3.1768E-11 1.4562E-11 4.5002E-12 5.9247E-13 0.0000E+00 0.0000E+00 0.0000E+00 0.0000E+00 0.0000E+00
0.0000E+00 0.0000E+00 1.2078E-13 1.7113E-11 5.5359E-11 2.5427E-10 4.3592E-10 6.7560E-10 9.6891E-10 1.4003E-09 1.9843E-09 2.7373E-09 3.7081E-09 4.9226E-09 6.4163E-09 8.2036E-09 1.0289E-08 1.2650E-08 1.5240E-08 1.7978E-08 2.0763E-08 2.3463E-08 2.5934E-08 2.8025E-08 2.9602E-08 3.0549E-08 3.0795E-08 3.0323E-08 2.9154E-08 2.7372E-08 2.5095E-08 2.2454E-08 1.9616E-08 1.6736E-08 1.3946E-08 1.1354E-08 9.0363E-09 7.0336E-09 5.3570E-09 4.0029E-09 2.9298E-09 2.0896E-09 1.4503E-09 9.3380E-10 5.4330E-10 2.9565E-10 1.3632E-10 3.9206E-11 1.4014E-11 3.7946E-12 3.4414E-13 0.0000E+00 0.0000E+00 0.0000E+00 0.0000E+00 0.0000E+00 0.0000E+00
