Assets/Resources/2015_m01_d04_0600(utc+0800)_l00_csi_1hr_conc.grd
DSAA
         159         159
     -79.000      79.000
     -79.000      79.000
  0.2573E-10  0.2469E-04
[rows 50 to 74 of 159, columns 0 to 56 of 159]
5.0538E-11 5.1779E-11 5.3042E-11 5.4328E-11 5.5635E-11 5.6965E-11 5.8318E-11 5.9693E-11 6.1090E-11 6.2511E-11 6.3954E-11 6.5420E-11 6.6909E-11 6.8421E-11 6.9956E-11 7.1514E-11 7.3095E-11 7.4699E-11 7.6326E-11 7.7976E-11 7.9649E-11 8.1344E-11 8.3063E-11 8.4804E-11 8.6568E-11 8.8354E-11 9.0163E-11 9.1994E-11 9.3848E-11 9.5723E-11 9.7620E-11 9.9539E-11 1.0148E-10 1.0344E-10 1.0542E-10 1.0743E-10 1.0945E-10 1.1149E-10 1.1356E-10 1.1564E-10 1.1774E-10 1.1987E-10 1.2201E-10 1.2417E-10 1.2634E-10 1.2854E-10 1.3075E-10 1.3298E-10 1.3522E-10 1.3748E-10 1.3976E-10 1.4613E-10 1.5206E-10 1.6234E-10 1.7510E-10 1.8125E-10 1.8773E-10
5.1028E-11 5.2281E-11 5.3557E-11 5.4855E-11 5.6175E-11 5.7519E-11 5.8884E-11 6.0273E-11 6.1684E-11 6.3119E-11 6.4576E-11 6.6057E-11 6.7560E-11 6.9087E-11 7.0637E-11 7.2211E-11 7.3807E-11 7.5427E-11 7.7070E-11 7.8736E-11 8.0426E-11 8.2138E-11 8.3873E-11 8.5632E-11 8.7413E-11 8.9217E-11 9.1044E-11 9.2893E-11 9.4765E-11 9.6659E-11 9.8574E-11 1.0051E-10 1.0247E-10 1.0445E-10 1.0645E-10 1.0848E-10 1.1052E-10 1.1259E-10 1.1467E-10 1.1677E-10 1.1890E-10 1.2104E-10 1.2320E-10 1.2538E-10 1.2758E-10 1.2980E-10 1.3203E-10 1.3428E-10 1.3655E-10 1.3883E-10 1.4113E-10 1.5079E-10 1.6067E-10 1.6563E-10 1.7892E-10 1.8527E-10 1.9196E-10
5.1515E-11 5.2781E-11 5.4069E-11 5.5379E-11 5.6712E-11 5.8069E-11 5.9448E-11 6.0850E-11 6.2275E-11 6.3723E-11 6.5195E-11 6.6689E-11 6.8208E-11 6.9749E-11 7.1315E-11 7.2903E-11 7.4515E-11 7.6151E-11 7.7810E-11 7.9492E-11 8.1198E-11 8.2927E-11 8.4679E-11 8.6455E-11 8.8253E-11 9.0075E-11 9.1919E-11 9.3787E-11 9.5676E-11 9.7589E-11 9.9523E-11 1.0148E-10 1.0346E-10 1.0546E-10 1.0748E-10 1.0952E-10 1.1159E-10 1.1367E-10 1.1578E-10 1.1790E-10 1.2005E-10 1.2221E-10 1.2439E-10 1.2659E-10 1.2881E-10 1.3105E-10 1.3331E-10 1.3558E-10 1.3787E-10 1.4017E-10 1.4657E-10 1.5252E-10 1.6278E-10 1.6893E-10 1.8276E-10 1.8931E-10 1.9523E-10
5.1999E-11 5.3277E-11 5.4577E-11 5.5900E-11 5.7246E-11 5.8615E-11 6.0007E-11 6.1422E-11 6.2861E-11 6.4323E-11 6.5809E-11 6.7318E-11 6.8851E-11 7.0407E-11 7.1987E-11 7.3591E-11 7.5218E-11 7.6870E-11 7.8544E-11 8.0243E-11 8.1965E-11 8.3710E-11 8.5480E-11 8.7272E-11 8.9088E-11 9.0927E-11 9.2789E-11 9.4674E-11 9.6582E-11 9.8513E-11 1.0047E-10 1.0244E-10 1.0444E-10 1.0646E-10 1.0850E-10 1.1056E-10 1.1264E-10 1.1475E-10 1.1687E-10 1.1902E-10 1.2118E-10 1.2337E-10 1.2557E-10 1.2780E-10 1.3004E-10 1.3230E-10 1.3457E-10 1.3687E-10 1.3918E-10 1.4151E-10 1.5115E-10 1.6099E-10 1.6600E-10 1.7921E-10 1.8564E-10 1.9242E-10 1.9956E-10
5.2480E-11 5.3769E-11 5.5082E-11 5.6417E-11 5.7775E-11 5.9157E-11 6.0562E-11 6.1991E-11 6.3443E-11 6.4919E-11 6.6419E-11 6.7942E-11 6.9489E-11 7.1060E-11 7.2655E-11 7.4274E-11 7.5917E-11 7.7583E-11 7.9274E-11 8.0988E-11 8.2727E-11 8.4489E-11 8.6274E-11 8.8084E-11 8.9917E-11 9.1773E-11 9.3653E-11 9.5556E-11 9.7481E-11 9.9430E-11 1.0140E-10 1.0340E-10 1.0541E-10 1.0745E-10 1.0951E-10 1.1159E-10 1.1370E-10 1.1582E-10 1.1796E-10 1.2013E-10 1.2232E-10 1.2452E-10 1.2675E-10 1.2899E-10 1.3125E-10 1.3353E-10 1.3583E-10 1.3815E-10 1.4048E-10 1.4536E-10 1.5282E-10 1.6407E-10 1.6922E-10 1.8294E-10 1.8956E-10 1.9655E-10 2.1593E-10
5.2956E-11 5.4258E-11 5.5582E-11 5.6930E-11 5.8301E-11 5.9696E-11 6.1114E-11 6.2556E-11 6.4021E-11 6.5511E-11 6.7024E-11 6.8561E-11 7.0123E-11 7.1708E-11 7.3318E-11 7.4952E-11 7.6610E-11 7.8292E-11 7.9998E-11 8.1728E-11 8.3483E-11 8.5261E-11 8.7063E-11 8.8889E-11 9.0739E-11 9.2613E-11 9.4510E-11 9.6430E-11 9.8374E-11 1.0034E-10 1.0233E-10 1.0434E-10 1.0638E-10 1.0844E-10 1.1051E-10 1.1262E-10 1.1474E-10 1.1688E-10 1.1905E-10 1.2123E-10 1.2344E-10 1.2567E-10 1.2791E-10 1.3018E-10 1.3246E-10 1.3476E-10 1.3708E-10 1.3942E-10 1.4177E-10 1.4948E-10 1.5560E-10 1.6614E-10 1.7920E-10 1.8567E-10 1.9251E-10 1.9973E-10 2.1991E-10
5.3430E-11 5.4743E-11 5.6079E-11 5.7439E-11 5.8823E-11 6.0230E-11 6.1661E-11 6.3116E-11 6.4595E-11 6.6098E-11 6.7625E-11 6.9176E-11 7.0752E-11 7.2352E-11 7.3976E-11 7.5624E-11 7.7297E-11 7.8995E-11 8.0716E-11 8.2463E-11 8.4233E-11 8.6027E-11 8.7846E-11 8.9689E-11 9.1556E-11 9.3446E-11 9.5361E-11 9.7299E-11 9.9260E-11 1.0124E-10 1.0325E-10 1.0528E-10 1.0734E-10 1.0941E-10 1.1151E-10 1.1363E-10 1.1577E-10 1.1794E-10 1.2012E-10 1.2233E-10 1.2455E-10 1.2680E-10 1.2907E-10 1.3135E-10 1.3366E-10 1.3598E-10 1.3832E-10 1.4068E-10 1.4555E-10 1.5297E-10 1.6409E-10 1.6928E-10 1.8279E-10 1.8946E-10 1.9650E-10 2.1558E-10 2.2489E-10
5.3899E-11 5.5223E-11 5.6572E-11 5.7944E-11 5.9340E-11 6.0759E-11 6.2203E-11 6.3671E-11 6.5163E-11 6.6679E-11 6.8220E-11 6.9785E-11 7.1375E-11 7.2989E-11 7.4628E-11 7.6291E-11 7.7979E-11 7.9692E-11 8.1429E-11 8.3191E-11 8.4977E-11 8.6787E-11 8.8622E-11 9.0482E-11 9.2365E-11 9.4273E-11 9.6204E-11 9.8159E-11 1.0014E-10 1.0214E-10 1.0417E-10 1.0622E-10 1.0829E-10 1.1038E-10 1.1250E-10 1.1464E-10 1.1680E-10 1.1898E-10 1.2119E-10 1.2341E-10 1.2566E-10 1.2793E-10 1.3021E-10 1.3252E-10 1.3484E-10 1.3719E-10 1.3955E-10 1.4193E-10 1.4958E-10 1.5567E-10 1.6606E-10 1.7139E-10 1.8639E-10 1.9225E-10 1.9951E-10 2.1932E-10 2.2894E-10
5.4363E-11 5.5700E-11 5.7060E-11 5.8444E-11 5.9852E-11 6.1284E-11 6.2741E-11 6.4221E-11 6.5727E-11 6.7256E-11 6.8810E-11 7.0389E-11 7.1993E-11 7.3621E-11 7.5275E-11 7.6952E-11 7.8655E-11 8.0383E-11 8.2135E-11 8.3912E-11 8.5714E-11 8.7541E-11 8.9392E-11 9.1267E-11 9.3167E-11 9.5092E-11 9.7040E-11 9.9013E-11 1.0101E-10 1.0303E-10 1.0507E-10 1.0714E-10 1.0923E-10 1.1134E-10 1.1348E-10 1.1564E-10 1.1782E-10 1.2002E-10 1.2224E-10 1.2449E-10 1.2676E-10 1.2904E-10 1.3135E-10 1.3367E-10 1.3602E-10 1.3838E-10 1.4077E-10 1.4317E-10 1.5295E-10 1.5837E-10 1.6909E-10 1.8234E-10 1.8902E-10 1.9608E-10 2.0355E-10 2.2405E-10 2.9095E-10
5.4824E-11 5.6172E-11 5.7544E-11 5.8940E-11 6.0360E-11 6.1804E-11 6.3273E-11 6.4767E-11 6.6285E-11 6.7828E-11 6.9395E-11 7.0988E-11 7.2605E-11 7.4248E-11 7.5915E-11 7.7607E-11 7.9325E-11 8.1067E-11 8.2835E-11 8.4627E-11 8.6445E-11 8.8287E-11 9.0154E-11 9.2046E-11 9.3962E-11 9.5903E-11 9.7869E-11 9.9858E-11 1.0187E-10 1.0391E-10 1.0597E-10 1.0806E-10 1.1016E-10 1.1230E-10 1.1445E-10 1.1663E-10 1.1883E-10 1.2105E-10 1.2329E-10 1.2556E-10 1.2784E-10 1.3015E-10 1.3247E-10 1.3482E-10 1.3719E-10 1.3957E-10 1.4198E-10 1.4694E-10 1.5557E-10 1.6576E-10 1.7110E-10 1.8579E-10 1.9265E-10 1.9990E-10 2.1919E-10 2.2783E-10 2.9985E-10
5.5280E-11 5.6639E-11 5.8023E-11 5.9430E-11 6.0863E-11 6.2319E-11 6.3801E-11 6.5307E-11 6.6838E-11 6.8393E-11 6.9974E-11 7.1580E-11 7.3211E-11 7.4868E-11 7.6549E-11 7.8256E-11 7.9988E-11 8.1745E-11 8.3528E-11 8.5335E-11 8.7168E-11 8.9026E-11 9.0909E-11 9.2817E-11 9.4750E-11 9.6707E-11 9.8689E-11 1.0070E-10 1.0273E-10 1.0478E-10 1.0686E-10 1.0896E-10 1.1109E-10 1.1324E-10 1.1541E-10 1.1761E-10 1.1983E-10 1.2207E-10 1.2433E-10 1.2661E-10 1.2892E-10 1.3124E-10 1.3359E-10 1.3596E-10 1.3834E-10 1.4075E-10 1.4317E-10 1.5094E-10 1.5714E-10 1.6868E-10 1.7416E-10 1.8826E-10 1.9531E-10 2.0277E-10 2.2270E-10 2.8855E-10 3.6520E-10
5.5731E-11 5.7102E-11 5.8497E-11 5.9916E-11 6.1360E-11 6.2829E-11 6.4322E-11 6.5841E-11 6.7385E-11 6.8953E-11 7.0547E-11 7.2167E-11 7.3812E-11 7.5482E-11 7.7177E-11 7.8898E-11 8.0644E-11 8.2416E-11 8.4214E-11 8.6036E-11 8.7884E-11 8.9758E-11 9.1656E-11 9.3580E-11 9.5529E-11 9.7503E-11 9.9501E-11 1.0152E-10 1.0357E-10 1.0564E-10 1.0774E-10 1.0986E-10 1.1201E-10 1.1417E-10 1.1636E-10 1.1858E-10 1.2081E-10 1.2307E-10 1.2535E-10 1.2766E-10 1.2998E-10 1.3233E-10 1.3469E-10 1.3708E-10 1.3949E-10 1.4191E-10 1.4554E-10 1.5342E-10 1.5978E-10 1.7057E-10 1.8489E-10 1.9171E-10 1.9895E-10 2.0660E-10 2.2716E-10 2.9757E-10 3.7933E-10
5.6178E-11 5.7559E-11 5.8966E-11 6.0396E-11 6.1852E-11 6.3333E-11 6.4839E-11 6.6370E-11 6.7926E-11 6.9507E-11 7.1114E-11 7.2747E-11 7.4405E-11 7.6089E-11 7.7798E-11 7.9533E-11 8.1294E-11 8.3080E-11 8.4892E-11 8.6730E-11 8.8593E-11 9.0482E-11 9.2396E-11 9.4335E-11 9.6300E-11 9.8290E-11 1.0030E-10 1.0234E-10 1.0441E-10 1.0650E-10 1.0861E-10 1.1075E-10 1.1291E-10 1.1510E-10 1.1731E-10 1.1954E-10 1.2179E-10 1.2407E-10 1.2637E-10 1.2869E-10 1.3103E-10 1.3340E-10 1.3579E-10 1.3819E-10 1.4062E-10 1.4306E-10 1.4920E-10 1.5680E-10 1.6805E-10 1.7351E-10 1.8718E-10 1.9419E-10 2.0162E-10 2.0949E-10 2.3067E-10 3.0574E-10 3.9272E-10
5.6619E-11 5.8012E-11 5.9429E-11 6.0871E-11 6.2339E-11 6.3831E-11 6.5349E-11 6.6892E-11 6.8461E-11 7.0055E-11 7.1675E-11 7.3321E-11 7.4992E-11 7.6689E-11 7.8412E-11 8.0161E-11 8.1936E-11 8.3736E-11 8.5563E-11 8.7415E-11 8.9293E-11 9.1197E-11 9.3127E-11 9.5082E-11 9.7062E-11 9.9068E-11 1.0110E-10 1.0316E-10 1.0524E-10 1.0734E-10 1.0947E-10 1.1163E-10 1.1381E-10 1.1601E-10 1.1824E-10 1.2049E-10 1.2276E-10 1.2506E-10 1.2737E-10 1.2971E-10 1.3208E-10 1.3446E-10 1.3687E-10 1.3929E-10 1.4174E-10 1.4420E-10 1.5203E-10 1.5934E-10 1.6983E-10 1.7643E-10 1.9047E-10 1.9765E-10 2.0526E-10 2.2505E-10 2.9277E-10 3.7119E-10 4.0709E-10
5.7055E-11 5.8459E-11 5.9887E-11 6.1341E-11 6.2820E-11 6.4324E-11 6.5853E-11 6.7409E-11 6.8990E-11 7.0596E-11 7.2229E-11 7.3887E-11 7.5572E-11 7.7282E-11 7.9019E-11 8.0782E-11 8.2570E-11 8.4385E-11 8.6226E-11 8.8093E-11 8.9986E-11 9.1905E-11 9.3849E-11 9.5820E-11 9.7816E-11 9.9838E-11 1.0188E-10 1.0396E-10 1.0605E-10 1.0818E-10 1.1032E-10 1.1250E-10 1.1469E-10 1.1691E-10 1.1916E-10 1.2142E-10 1.2372E-10 1.2603E-10 1.2837E-10 1.3073E-10 1.3311E-10 1.3551E-10 1.3793E-10 1.4038E-10 1.4284E-10 1.4651E-10 1.5444E-10 1.6084E-10 1.7263E-10 1.7835E-10 1.9276E-10 2.0012E-10 2.0793E-10 2.2827E-10 2.9997E-10 3.8282E-10 4.2058E-10
5.7486E-11 5.8900E-11 6.0339E-11 6.1804E-11 6.3294E-11 6.4810E-11 6.6351E-11 6.7919E-11 6.9512E-11 7.1131E-11 7.2776E-11 7.4447E-11 7.6145E-11 7.7868E-11 7.9618E-11 8.1394E-11 8.3197E-11 8.5026E-11 8.6881E-11 8.8762E-11 9.0670E-11 9.2603E-11 9.4563E-11 9.6548E-11 9.8560E-11 1.0060E-10 1.0266E-10 1.0475E-10 1.0686E-10 1.0900E-10 1.1117E-10 1.1335E-10 1.1557E-10 1.1780E-10 1.2007E-10 1.2235E-10 1.2466E-10 1.2699E-10 1.2935E-10 1.3172E-10 1.3412E-10 1.3654E-10 1.3899E-10 1.4145E-10 1.4393E-10 1.5010E-10 1.5768E-10 1.6338E-10 1.7441E-10 1.8893E-10 1.9603E-10 2.0356E-10 2.1155E-10 2.3242E-10 3.0809E-10 3.9532E-10 6.3848E-10
5.7911E-11 5.9336E-11 6.0786E-11 6.2262E-11 6.3763E-11 6.5290E-11 6.6843E-11 6.8422E-11 7.0027E-11 7.1658E-11 7.3316E-11 7.5000E-11 7.6710E-11 7.8447E-11 8.0210E-11 8.1999E-11 8.3815E-11 8.5658E-11 8.7527E-11 8.9423E-11 9.1345E-11 9.3293E-11 9.5267E-11 9.7268E-11 9.9295E-11 1.0135E-10 1.0343E-10 1.0553E-10 1.0766E-10 1.0982E-10 1.1200E-10 1.1420E-10 1.1643E-10 1.1869E-10 1.2096E-10 1.2327E-10 1.2559E-10 1.2794E-10 1.3031E-10 1.3271E-10 1.3513E-10 1.3757E-10 1.4003E-10 1.4251E-10 1.4501E-10 1.5131E-10 1.6014E-10 1.7155E-10 1.7721E-10 1.9104E-10 1.9830E-10 2.0601E-10 2.1419E-10 2.9281E-10 3.7045E-10 4.0678E-10 6.6380E-10
5.8330E-11 5.9765E-11 6.1226E-11 6.2713E-11 6.4225E-11 6.5764E-11 6.7328E-11 6.8919E-11 7.0536E-11 7.2179E-11 7.3849E-11 7.5545E-11 7.7268E-11 7.9017E-11 8.0793E-11 8.2596E-11 8.4426E-11 8.6282E-11 8.8165E-11 9.0074E-11 9.2010E-11 9.3973E-11 9.5962E-11 9.7978E-11 1.0002E-10 1.0209E-10 1.0418E-10 1.0630E-10 1.0845E-10 1.1062E-10 1.1281E-10 1.1504E-10 1.1728E-10 1.1955E-10 1.2185E-10 1.2417E-10 1.2651E-10 1.2888E-10 1.3127E-10 1.3368E-10 1.3612E-10 1.3858E-10 1.4106E-10 1.4356E-10 1.4608E-10 1.5515E-10 1.6258E-10 1.7320E-10 1.7997E-10 1.9411E-10 2.0153E-10 2.0941E-10 2.1778E-10 2.9991E-10 3.8110E-10 4.1896E-10 6.9039E-10
5.8743E-11 6.0189E-11 6.1660E-11 6.3158E-11 6.4681E-11 6.6230E-11 6.7806E-11 6.9408E-11 7.1037E-11 7.2692E-11 7.4374E-11 7.6082E-11 7.7818E-11 7.9580E-11 8.1369E-11 8.3185E-11 8.5027E-11 8.6897E-11 8.8793E-11 9.0717E-11 9.2667E-11 9.4644E-11 9.6647E-11 9.8677E-11 1.0073E-10 1.0282E-10 1.0493E-10 1.0706E-10 1.0922E-10 1.1141E-10 1.1362E-10 1.1586E-10 1.1812E-10 1.2041E-10 1.2272E-10 1.2506E-10 1.2742E-10 1.2980E-10 1.3221E-10 1.3464E-10 1.3710E-10 1.3957E-10 1.4207E-10 1.4459E-10 1.4944E-10 1.5745E-10 1.6399E-10 1.7585E-10 1.8175E-10 1.9619E-10 2.0378E-10 2.1183E-10 2.3306E-10 3.0686E-10 3.9149E-10 4.2996E-10 7.1481E-10
5.9150E-11 6.0606E-11 6.2088E-11 6.3596E-11 6.5130E-11 6.6690E-11 6.8277E-11 6.9891E-11 7.1531E-11 7.3198E-11 7.4891E-11 7.6612E-11 7.8359E-11 8.0134E-11 8.1936E-11 8.3764E-11 8.5620E-11 8.7503E-11 8.9413E-11 9.1350E-11 9.3314E-11 9.5305E-11 9.7323E-11 9.9367E-11 1.0144E-10 1.0354E-10 1.0566E-10 1.0781E-10 1.0999E-10 1.1219E-10 1.1442E-10 1.1667E-10 1.1895E-10 1.2125E-10 1.2358E-10 1.2594E-10 1.2831E-10 1.3071E-10 1.3314E-10 1.3559E-10 1.3806E-10 1.4055E-10 1.4307E-10 1.4560E-10 1.5186E-10 1.5871E-10 1.6641E-10 1.7748E-10 1.8448E-10 1.9922E-10 2.0696E-10 2.1518E-10 2.9063E-10 3.1276E-10 4.0071E-10 6.5227E-10 7.4010E-10
5.9551E-11 6.1017E-11 6.2509E-11 6.4027E-11 6.5572E-11 6.7143E-11 6.8741E-11 7.0365E-11 7.2017E-11 7.3695E-11 7.5401E-11 7.7133E-11 7.8893E-11 8.0680E-11 8.2494E-11 8.4335E-11 8.6204E-11 8.8100E-11 9.0023E-11 9.1973E-11 9.3951E-11 9.5956E-11 9.7987E-11 1.0005E-10 1.0213E-10 1.0424E-10 1.0638E-10 1.0855E-10 1.1074E-10 1.1296E-10 1.1520E-10 1.1747E-10 1.1977E-10 1.2209E-10 1.2443E-10 1.2680E-10 1.2919E-10 1.3161E-10 1.3405E-10 1.3652E-10 1.3901E-10 1.4152E-10 1.4405E-10 1.4660E-10 1.5406E-10 1.6292E-10 1.6781E-10 1.8010E-10 1.8624E-10 2.0126E-10 2.0915E-10 2.1848E-10 2.9657E-10 3.7357E-10 4.1118E-10 6.7164E-10 7.6287E-10
5.9945E-11 6.1421E-11 6.2923E-11 6.4452E-11 6.6007E-11 6.7589E-11 6.9197E-11 7.0833E-11 7.2495E-11 7.4185E-11 7.5902E-11 7.7646E-11 7.9418E-11 8.1217E-11 8.3043E-11 8.4897E-11 8.6778E-11 8.8687E-11 9.0623E-11 9.2587E-11 9.4578E-11 9.6596E-11 9.8642E-11 1.0071E-10 1.0281E-10 1.0494E-10 1.0709E-10 1.0927E-10 1.1148E-10 1.1371E-10 1.1597E-10 1.1826E-10 1.2057E-10 1.2290E-10 1.2526E-10 1.2765E-10 1.3006E-10 1.3249E-10 1.3495E-10 1.3743E-10 1.3994E-10 1.4247E-10 1.4502E-10 1.4759E-10 1.5518E-10 1.6421E-10 1.7579E-10 1.8171E-10 1.9665E-10 2.0422E-10 2.1227E-10 2.2083E-10 3.0142E-10 3.8089E-10 4.1968E-10 6.9169E-10 7.8610E-10
6.0333E-11 6.1818E-11 6.3330E-11 6.4869E-11 6.6434E-11 6.8027E-11 6.9646E-11 7.1292E-11 7.2966E-11 7.4666E-11 7.6395E-11 7.8150E-11 7.9934E-11 8.1745E-11 8.3583E-11 8.5449E-11 8.7343E-11 8.9264E-11 9.1213E-11 9.3190E-11 9.5194E-11 9.7226E-11 9.9285E-11 1.0137E-10 1.0348E-10 1.0563E-10 1.0779E-10 1.0999E-10 1.1221E-10 1.1446E-10 1.1673E-10 1.1903E-10 1.2136E-10 1.2371E-10 1.2608E-10 1.2849E-10 1.3091E-10 1.3336E-10 1.3584E-10 1.3834E-10 1.4086E-10 1.4340E-10 1.4597E-10 1.5086E-10 1.5891E-10 1.6652E-10 1.7727E-10 1.8428E-10 1.9849E-10 2.0620E-10 2.1440E-10 2.2406E-10 3.0696E-10 3.8943E-10 4.2928E-10 7.0903E-10 8.0800E-10
6.0714E-11 6.2209E-11 6.3731E-11 6.5279E-11 6.6854E-11 6.8457E-11 7.0086E-11 7.1743E-11 7.3428E-11 7.5140E-11 7.6879E-11 7.8646E-11 8.0441E-11 8.2263E-11 8.4114E-11 8.5992E-11 8.7898E-11 8.9832E-11 9.1793E-11 9.3783E-11 9.5800E-11 9.7845E-11 9.9917E-11 1.0202E-10 1.0414E-10 1.0630E-10 1.0848E-10 1.1069E-10 1.1293E-10 1.1519E-10 1.1748E-10 1.1979E-10 1.2213E-10 1.2450E-10 1.2689E-10 1.2931E-10 1.3175E-10 1.3422E-10 1.3671E-10 1.3922E-10 1.4176E-10 1.4432E-10 1.4690E-10 1.5317E-10 1.6109E-10 1.6779E-10 1.7972E-10 1.8586E-10 2.0124E-10 2.0909E-10 2.1744E-10 2.2633E-10 3.1137E-10 3.9595E-10 6.4000E-10 7.2674E-10 8.2692E-10
6.1088E-11 6.2592E-11 6.4123E-11 6.5682E-11 6.7267E-11 6.8879E-11 7.0519E-11 7.2187E-11 7.3881E-11 7.5604E-11 7.7354E-11 7.9133E-11 8.0939E-11 8.2773E-11 8.4635E-11 8.6525E-11 8.8443E-11 9.0389E-11 9.2363E-11 9.4365E-11 9.6395E-11 9.8452E-11 1.0054E-10 1.0265E-10 1.0479E-10 1.0696E-10 1.0916E-10 1.1138E-10 1.1363E-10 1.1590E-10 1.1821E-10 1.2054E-10 1.2289E-10 1.2527E-10 1.2768E-10 1.3011E-10 1.3257E-10 1.3505E-10 1.3756E-10 1.4009E-10 1.4265E-10 1.4522E-10 1.4782E-10 1.5526E-10 1.6223E-10 1.7007E-10 1.8116E-10 1.8838E-10 2.0302E-10 2.1100E-10 2.2042E-10 2.2946E-10 3.1714E-10 4.0357E-10 6.5413E-10 7.4303E-10 8.4937E-10
