Assets/Resources/2015_m01_d09_2100(utc+0800)_l00_csi_1hr_conc.grd
DSAA
         159         159
     -79.000      79.000
     -79.000      79.000
  0.1320E-08  0.5581E-05
[rows 75 to 99 of 159, columns 57 to 113 of 159]
8.3393E-08 8.7355E-08 9.1559E-08 9.6213E-08 1.0281E-07 1.0993E-07 1.1809E-07 1.2764E-07 1.3937E-07 1.5376E-07 1.7131E-07 1.9449E-07 2.2455E-07 2.5504E-07 2.8876E-07 3.2240E-07 3.4531E-07 3.3554E-07 2.8838E-07 3.2023E-07 1.7852E-06 1.8187E-06 1.7606E-07 1.5255E-07 1.3236E-07 1.1502E-07 9.9211E-08 8.5087E-08 7.2074E-08 6.1771E-08 5.2706E-08 4.4884E-08 3.8189E-08 3.2676E-08 2.8205E-08 2.4533E-08 2.1430E-08 1.8884E-08 1.6850E-08 1.4967E-08 1.3496E-08 1.2794E-08 1.2140E-08 1.1590E-08 1.1139E-08 1.0785E-08 1.0473E-08 1.0169E-08 9.8710E-09 9.5414E-09 9.2575E-09 9.0398E-09 8.8298E-09 8.6379E-09 8.4502E-09 8.2662E-09 8.0869E-09
8.0248E-08 8.3741E-08 8.7548E-08 9.1717E-08 9.6493E-08 1.0278E-07 1.1016E-07 1.1915E-07 1.2997E-07 1.4259E-07 1.5563E-07 1.7059E-07 1.8907E-07 2.0904E-07 2.1934E-07 2.1312E-07 2.2098E-07 2.2182E-07 2.1457E-07 2.0066E-07 7.0461E-07 5.5815E-06 1.4558E-07 1.2846E-07 1.1360E-07 9.9509E-08 8.6510E-08 7.4734E-08 6.4309E-08 5.5532E-08 4.7778E-08 4.1031E-08 3.5283E-08 3.0570E-08 2.6671E-08 2.3422E-08 2.0545E-08 1.8241E-08 1.6388E-08 1.4671E-08 1.3593E-08 1.2886E-08 1.2259E-08 1.1733E-08 1.1297E-08 1.0955E-08 1.0639E-08 1.0323E-08 1.0009E-08 9.6750E-09 9.4106E-09 9.1878E-09 8.9758E-09 8.7777E-09 8.5845E-09 8.3958E-09 8.2124E-09
7.7149E-08 8.0312E-08 8.3657E-08 8.7466E-08 9.1870E-08 9.6745E-08 1.0263E-07 1.0980E-07 1.1718E-07 1.2578E-07 1.3516E-07 1.4202E-07 1.4438E-07 1.5149E-07 1.6034E-07 1.6739E-07 1.7081E-07 1.7036E-07 1.6565E-07 1.5710E-07 1.4563E-07 2.6045E-06 1.2055E-07 1.0881E-07 9.7027E-08 8.5714E-08 7.5100E-08 6.5426E-08 5.7234E-08 4.9813E-08 4.3239E-08 3.7487E-08 3.2659E-08 2.8644E-08 2.5242E-08 2.2314E-08 1.9877E-08 1.7611E-08 1.5981E-08 1.4412E-08 1.3674E-08 1.2972E-08 1.2370E-08 1.1873E-08 1.1461E-08 1.1123E-08 1.0803E-08 1.0476E-08 1.0146E-08 9.8146E-09 9.5597E-09 9.3315E-09 9.1189E-09 8.9161E-09 8.7182E-09 8.5255E-09 8.3379E-09
7.3751E-08 7.7068E-08 8.0157E-08 8.3347E-08 8.6732E-08 9.0285E-08 9.3796E-08 9.8394E-08 1.0354E-07 1.0783E-07 1.1316E-07 1.1852E-07 1.2358E-07 1.2817E-07 1.3189E-07 1.3566E-07 1.3680E-07 1.3573E-07 1.3227E-07 1.2646E-07 1.1828E-07 1.1029E-07 1.0133E-07 9.2229E-08 8.2900E-08 7.3768E-08 6.5156E-08 5.7762E-08 5.0907E-08 4.4683E-08 3.9131E-08 3.4375E-08 3.0373E-08 2.6905E-08 2.3875E-08 2.1309E-08 1.9128E-08 1.7058E-08 1.5624E-08 1.4477E-08 1.3748E-08 1.3064E-08 1.2490E-08 1.2022E-08 1.1630E-08 1.1287E-08 1.0962E-08 1.0610E-08 1.0271E-08 9.9541E-09 9.7069E-09 9.4742E-09 9.2615E-09 9.0541E-09 8.8517E-09 8.6545E-09 8.4627E-09
7.0495E-08 7.2980E-08 7.6110E-08 7.8562E-08 8.1117E-08 8.3924E-08 8.6657E-08 8.9458E-08 9.2414E-08 9.5979E-08 1.0007E-07 1.0339E-07 1.0679E-07 1.0956E-07 1.1165E-07 1.1279E-07 1.1275E-07 1.1135E-07 1.0853E-07 1.0414E-07 9.8855E-08 9.2668E-08 8.5596E-08 7.8518E-08 7.1030E-08 6.3673E-08 5.7250E-08 5.1123E-08 4.5411E-08 4.0199E-08 3.5672E-08 3.1785E-08 2.8259E-08 2.5299E-08 2.2663E-08 2.0386E-08 1.8447E-08 1.6584E-08 1.5312E-08 1.4533E-08 1.3822E-08 1.3162E-08 1.2621E-08 1.2173E-08 1.1793E-08 1.1443E-08 1.1105E-08 1.0741E-08 1.0403E-08 1.0103E-08 9.8536E-09 9.6208E-09 9.4031E-09 9.1910E-09 8.9844E-09 8.7833E-09 8.5875E-09
6.7244E-08 6.9232E-08 7.1601E-08 7.4155E-08 7.6274E-08 7.8305E-08 8.0387E-08 8.2416E-08 8.4476E-08 8.6542E-08 8.8398E-08 9.1347E-08 9.3121E-08 9.4899E-08 9.5874E-08 9.6136E-08 9.5534E-08 9.3995E-08 9.1479E-08 8.7734E-08 8.3488E-08 7.8588E-08 7.2865E-08 6.7328E-08 6.1278E-08 5.5880E-08 5.0575E-08 4.5495E-08 4.0720E-08 3.6538E-08 3.2856E-08 2.9459E-08 2.6414E-08 2.3901E-08 2.1581E-08 1.9563E-08 1.7880E-08 1.6179E-08 1.5332E-08 1.4579E-08 1.3891E-08 1.3265E-08 1.2759E-08 1.2335E-08 1.1948E-08 1.1600E-08 1.1238E-08 1.0871E-08 1.0531E-08 1.0250E-08 9.9986E-09 9.7662E-09 9.5442E-09 9.3276E-09 9.1165E-09 8.9112E-09 8.7115E-09
6.4913E-08 6.6288E-08 6.7901E-08 6.9505E-08 7.1770E-08 7.3548E-08 7.4961E-08 7.6394E-08 7.7796E-08 7.9079E-08 8.0306E-08 8.1276E-08 8.2550E-08 8.3055E-08 8.3153E-08 8.3193E-08 8.2177E-08 8.0523E-08 7.8208E-08 7.4873E-08 7.1395E-08 6.7454E-08 6.2719E-08 5.8350E-08 5.3889E-08 4.9435E-08 4.5048E-08 4.0787E-08 3.7006E-08 3.3495E-08 3.0390E-08 2.7471E-08 2.4999E-08 2.2686E-08 2.0637E-08 1.8881E-08 1.7404E-08 1.6158E-08 1.5348E-08 1.4623E-08 1.3964E-08 1.3381E-08 1.2904E-08 1.2490E-08 1.2106E-08 1.1750E-08 1.1364E-08 1.1003E-08 1.0673E-08 1.0397E-08 1.0143E-08 9.9105E-09 9.6837E-09 9.4629E-09 9.2480E-09 9.0387E-09 8.8352E-09
6.2783E-08 6.3943E-08 6.4992E-08 6.5907E-08 6.7411E-08 6.9230E-08 7.0349E-08 7.1331E-08 7.2201E-08 7.2976E-08 7.3548E-08 7.3951E-08 7.4098E-08 7.3930E-08 7.3420E-08 7.2529E-08 7.1757E-08 7.0054E-08 6.7416E-08 6.4884E-08 6.1971E-08 5.8733E-08 5.5242E-08 5.1602E-08 4.7898E-08 4.4183E-08 4.0517E-08 3.7051E-08 3.3957E-08 3.0946E-08 2.8324E-08 2.5770E-08 2.3684E-08 2.1643E-08 1.9856E-08 1.8312E-08 1.6992E-08 1.6135E-08 1.5372E-08 1.4672E-08 1.4051E-08 1.3516E-08 1.3061E-08 1.2643E-08 1.2259E-08 1.1877E-08 1.1491E-08 1.1129E-08 1.0817E-08 1.0543E-08 1.0290E-08 1.0054E-08 9.8225E-09 9.5974E-09 9.3784E-09 9.1655E-09 8.9584E-09
6.0862E-08 6.1833E-08 6.2690E-08 6.3411E-08 6.3980E-08 6.5117E-08 6.6241E-08 6.6924E-08 6.7440E-08 6.7684E-08 6.7901E-08 6.7812E-08 6.7500E-08 6.6962E-08 6.6165E-08 6.5071E-08 6.3663E-08 6.1948E-08 5.9947E-08 5.7645E-08 5.5069E-08 5.2254E-08 4.9273E-08 4.6212E-08 4.3093E-08 3.9909E-08 3.6970E-08 3.4060E-08 3.1442E-08 2.8807E-08 2.6585E-08 2.4325E-08 2.2570E-08 2.0793E-08 1.9210E-08 1.7829E-08 1.6934E-08 1.6127E-08 1.5400E-08 1.4734E-08 1.4152E-08 1.3662E-08 1.3212E-08 1.2791E-08 1.2410E-08 1.1999E-08 1.1622E-08 1.1259E-08 1.0967E-08 1.0689E-08 1.0436E-08 1.0195E-08 9.9600E-09 9.7311E-09 9.5081E-09 9.2913E-09 9.0806E-09
5.9159E-08 5.9966E-08 6.0658E-08 6.1198E-08 6.1579E-08 6.1819E-08 6.2226E-08 6.2885E-08 6.3143E-08 6.3203E-08 6.2905E-08 6.2613E-08 6.2009E-08 6.1209E-08 6.0293E-08 5.9055E-08 5.7589E-08 5.5894E-08 5.4000E-08 5.1894E-08 4.9488E-08 4.7042E-08 4.4501E-08 4.1901E-08 3.9300E-08 3.6628E-08 3.4158E-08 3.1586E-08 2.9359E-08 2.7274E-08 2.5132E-08 2.3159E-08 2.1674E-08 2.0086E-08 1.8674E-08 1.7739E-08 1.6894E-08 1.6134E-08 1.5435E-08 1.4816E-08 1.4283E-08 1.3811E-08 1.3359E-08 1.2942E-08 1.2555E-08 1.2120E-08 1.1751E-08 1.1404E-08 1.1111E-08 1.0833E-08 1.0581E-08 1.0335E-08 1.0096E-08 9.8632E-09 9.6367E-09 9.4164E-09 9.2021E-09
5.7656E-08 5.8303E-08 5.8830E-08 5.9187E-08 5.9368E-08 5.9391E-08 5.9258E-08 5.8958E-08 5.9259E-08 5.9129E-08 5.8858E-08 5.8181E-08 5.7549E-08 5.6571E-08 5.5418E-08 5.4091E-08 5.2593E-08 5.1061E-08 4.9274E-08 4.7205E-08 4.5152E-08 4.3021E-08 4.0822E-08 3.8599E-08 3.6368E-08 3.3985E-08 3.1853E-08 2.9805E-08 2.7647E-08 2.5856E-08 2.3972E-08 2.2226E-08 2.0936E-08 1.9518E-08 1.8542E-08 1.7670E-08 1.6875E-08 1.6150E-08 1.5496E-08 1.4929E-08 1.4419E-08 1.3949E-08 1.3501E-08 1.3087E-08 1.2698E-08 1.2240E-08 1.1879E-08 1.1547E-08 1.1254E-08 1.0979E-08 1.0723E-08 1.0474E-08 1.0231E-08 9.9940E-09 9.7639E-09 9.5402E-09 9.3229E-09
5.6261E-08 5.6730E-08 5.7065E-08 5.7255E-08 5.7290E-08 5.7171E-08 5.6919E-08 5.6526E-08 5.5972E-08 5.5635E-08 5.5202E-08 5.4642E-08 5.3669E-08 5.2828E-08 5.1598E-08 5.0238E-08 4.8748E-08 4.7132E-08 4.5432E-08 4.3653E-08 4.1807E-08 3.9892E-08 3.7937E-08 3.5967E-08 3.4000E-08 3.1836E-08 2.9981E-08 2.8203E-08 2.6287E-08 2.4734E-08 2.3046E-08 2.1758E-08 2.0351E-08 1.9347E-08 1.8446E-08 1.7625E-08 1.6871E-08 1.6183E-08 1.5591E-08 1.5064E-08 1.4561E-08 1.4083E-08 1.3637E-08 1.3222E-08 1.2833E-08 1.2369E-08 1.2010E-08 1.1690E-08 1.1395E-08 1.1124E-08 1.0864E-08 1.0610E-08 1.0364E-08 1.0124E-08 9.8898E-09 9.6633E-09 9.4440E-09
5.4824E-08 5.5184E-08 5.5407E-08 5.5496E-08 5.5431E-08 5.5210E-08 5.4863E-08 5.4399E-08 5.3785E-08 5.3024E-08 5.2121E-08 5.1463E-08 5.0689E-08 4.9510E-08 4.8508E-08 4.7137E-08 4.5674E-08 4.4112E-08 4.2501E-08 4.0843E-08 3.9134E-08 3.7382E-08 3.5607E-08 3.3833E-08 3.1819E-08 3.0137E-08 2.8508E-08 2.6941E-08 2.5204E-08 2.3829E-08 2.2304E-08 2.1182E-08 2.0149E-08 1.9217E-08 1.8375E-08 1.7599E-08 1.6884E-08 1.6262E-08 1.5715E-08 1.5194E-08 1.4699E-08 1.4223E-08 1.3782E-08 1.3369E-08 1.2958E-08 1.2504E-08 1.2150E-08 1.1831E-08 1.1536E-08 1.1266E-08 1.1002E-08 1.0745E-08 1.0495E-08 1.0253E-08 1.0018E-08 9.7894E-09 9.5673E-09
5.3464E-08 5.3742E-08 5.3896E-08 5.3912E-08 5.3780E-08 5.3485E-08 5.3061E-08 5.2534E-08 5.1877E-08 5.1089E-08 5.0167E-08 4.9121E-08 4.7964E-08 4.7053E-08 4.5744E-08 4.4644E-08 4.3194E-08 4.1700E-08 4.0175E-08 3.8601E-08 3.6996E-08 3.5375E-08 3.3754E-08 3.2150E-08 3.0301E-08 2.8792E-08 2.7335E-08 2.5924E-08 2.4334E-08 2.3126E-08 2.1997E-08 2.0952E-08 1.9991E-08 1.9122E-08 1.8325E-08 1.7589E-08 1.6948E-08 1.6381E-08 1.5841E-08 1.5318E-08 1.4826E-08 1.4360E-08 1.3923E-08 1.3509E-08 1.3076E-08 1.2631E-08 1.2292E-08 1.1969E-08 1.1679E-08 1.1406E-08 1.1140E-08 1.0881E-08 1.0630E-08 1.0385E-08 1.0147E-08 9.9152E-09 9.6900E-09
5.2261E-08 5.2435E-08 5.2511E-08 5.2474E-08 5.2286E-08 5.1943E-08 5.1471E-08 5.0901E-08 5.0209E-08 4.9395E-08 4.8464E-08 4.7413E-08 4.6265E-08 4.5028E-08 4.3718E-08 4.2329E-08 4.1191E-08 3.9754E-08 3.8286E-08 3.6792E-08 3.5287E-08 3.3777E-08 3.2280E-08 3.0808E-08 2.9085E-08 2.7714E-08 2.6381E-08 2.5112E-08 2.3923E-08 2.2799E-08 2.1744E-08 2.0769E-08 1.9872E-08 1.9050E-08 1.8300E-08 1.7650E-08 1.7061E-08 1.6496E-08 1.5963E-08 1.5435E-08 1.4950E-08 1.4495E-08 1.4060E-08 1.3647E-08 1.3184E-08 1.2761E-08 1.2432E-08 1.2112E-08 1.1823E-08 1.1548E-08 1.1280E-08 1.1018E-08 1.0764E-08 1.0516E-08 1.0275E-08 1.0041E-08 9.8131E-09
5.1118E-08 5.1254E-08 5.1258E-08 5.1152E-08 5.0931E-08 5.0551E-08 5.0038E-08 4.9439E-08 4.8720E-08 4.7876E-08 4.6927E-08 4.5886E-08 4.4749E-08 4.3533E-08 4.2248E-08 4.0907E-08 3.9542E-08 3.8159E-08 3.6747E-08 3.5321E-08 3.3895E-08 3.2481E-08 3.1089E-08 2.9723E-08 2.8389E-08 2.7093E-08 2.5858E-08 2.4688E-08 2.3579E-08 2.2527E-08 2.1543E-08 2.0628E-08 1.9782E-08 1.9023E-08 1.8363E-08 1.7750E-08 1.7165E-08 1.6607E-08 1.6075E-08 1.5557E-08 1.5071E-08 1.4620E-08 1.4195E-08 1.3784E-08 1.3311E-08 1.2911E-08 1.2569E-08 1.2259E-08 1.1968E-08 1.1690E-08 1.1418E-08 1.1154E-08 1.0897E-08 1.0647E-08 1.0403E-08 1.0166E-08 9.9352E-09
5.0001E-08 5.0107E-08 5.0095E-08 4.9946E-08 4.9672E-08 4.9253E-08 4.8708E-08 4.8071E-08 4.7338E-08 4.6472E-08 4.5510E-08 4.4462E-08 4.3345E-08 4.2163E-08 4.0922E-08 3.9642E-08 3.8342E-08 3.7012E-08 3.5667E-08 3.4318E-08 3.2968E-08 3.1631E-08 3.0315E-08 2.9025E-08 2.7771E-08 2.6567E-08 2.5423E-08 2.4332E-08 2.3293E-08 2.2304E-08 2.1378E-08 2.0512E-08 1.9765E-08 1.9085E-08 1.8448E-08 1.7844E-08 1.7264E-08 1.6714E-08 1.6184E-08 1.5676E-08 1.5202E-08 1.4749E-08 1.4324E-08 1.3918E-08 1.3433E-08 1.3057E-08 1.2708E-08 1.2403E-08 1.2110E-08 1.1830E-08 1.1556E-08 1.1289E-08 1.1029E-08 1.0776E-08 1.0530E-08 1.0291E-08 1.0058E-08
4.8912E-08 4.8981E-08 4.8920E-08 4.8745E-08 4.8443E-08 4.8001E-08 4.7412E-08 4.6740E-08 4.5979E-08 4.5121E-08 4.4173E-08 4.3148E-08 4.2055E-08 4.0905E-08 3.9707E-08 3.8491E-08 3.7245E-08 3.5976E-08 3.4694E-08 3.3411E-08 3.2130E-08 3.0865E-08 2.9621E-08 2.8412E-08 2.7248E-08 2.6132E-08 2.5056E-08 2.4027E-08 2.3045E-08 2.2119E-08 2.1253E-08 2.0511E-08 1.9810E-08 1.9152E-08 1.8529E-08 1.7933E-08 1.7363E-08 1.6818E-08 1.6292E-08 1.5794E-08 1.5329E-08 1.4882E-08 1.4453E-08 1.4026E-08 1.3557E-08 1.3191E-08 1.2852E-08 1.2547E-08 1.2251E-08 1.1968E-08 1.1691E-08 1.1422E-08 1.1161E-08 1.0905E-08 1.0657E-08 1.0416E-08 1.0182E-08
4.7774E-08 4.7829E-08 4.7754E-08 4.7537E-08 4.7199E-08 4.6733E-08 4.6134E-08 4.5447E-08 4.4686E-08 4.3835E-08 4.2900E-08 4.1895E-08 4.0838E-08 3.9731E-08 3.8597E-08 3.7429E-08 3.6234E-08 3.5022E-08 3.3804E-08 3.2584E-08 3.1373E-08 3.0185E-08 2.9018E-08 2.7890E-08 2.6803E-08 2.5752E-08 2.4739E-08 2.3769E-08 2.2849E-08 2.2007E-08 2.1252E-08 2.0539E-08 1.9862E-08 1.9220E-08 1.8606E-08 1.8021E-08 1.7457E-08 1.6918E-08 1.6402E-08 1.5907E-08 1.5450E-08 1.5009E-08 1.4584E-08 1.4136E-08 1.3699E-08 1.3322E-08 1.2993E-08 1.2682E-08 1.2390E-08 1.2105E-08 1.1827E-08 1.1556E-08 1.1292E-08 1.1036E-08 1.0786E-08 1.0544E-08 1.0307E-08
4.6723E-08 4.6653E-08 4.6521E-08 4.6311E-08 4.5976E-08 4.5503E-08 4.4894E-08 4.4205E-08 4.3449E-08 4.2609E-08 4.1694E-08 4.0719E-08 3.9691E-08 3.8639E-08 3.7554E-08 3.6437E-08 3.5299E-08 3.4150E-08 3.2996E-08 3.1844E-08 3.0700E-08 2.9587E-08 2.8496E-08 2.7439E-08 2.6417E-08 2.5427E-08 2.4476E-08 2.3573E-08 2.2754E-08 2.1989E-08 2.1263E-08 2.0570E-08 1.9911E-08 1.9284E-08 1.8677E-08 1.8103E-08 1.7547E-08 1.7009E-08 1.6506E-08 1.6023E-08 1.5569E-08 1.5130E-08 1.4707E-08 1.4242E-08 1.3832E-08 1.3456E-08 1.3129E-08 1.2822E-08 1.2528E-08 1.2242E-08 1.1963E-08 1.1691E-08 1.1426E-08 1.1168E-08 1.0916E-08 1.0670E-08 1.0431E-08
4.5688E-08 4.5599E-08 4.5402E-08 4.5102E-08 4.4735E-08 4.4270E-08 4.3683E-08 4.3000E-08 4.2267E-08 4.1446E-08 4.0561E-08 3.9615E-08 3.8635E-08 3.7623E-08 3.6582E-08 3.5522E-08 3.4443E-08 3.3353E-08 3.2262E-08 3.1182E-08 3.0115E-08 2.9070E-08 2.8045E-08 2.7050E-08 2.6093E-08 2.5174E-08 2.4296E-08 2.3482E-08 2.2712E-08 2.1974E-08 2.1269E-08 2.0596E-08 1.9953E-08 1.9335E-08 1.8745E-08 1.8174E-08 1.7627E-08 1.7103E-08 1.6605E-08 1.6131E-08 1.5678E-08 1.5245E-08 1.4812E-08 1.4350E-08 1.3953E-08 1.3590E-08 1.3269E-08 1.2962E-08 1.2668E-08 1.2381E-08 1.2100E-08 1.1826E-08 1.1558E-08 1.1297E-08 1.1043E-08 1.0795E-08 1.0554E-08
4.4623E-08 4.4522E-08 4.4316E-08 4.4013E-08 4.3609E-08 4.3101E-08 4.2499E-08 4.1835E-08 4.1117E-08 4.0334E-08 3.9476E-08 3.8582E-08 3.7661E-08 3.6704E-08 3.5714E-08 3.4705E-08 3.3682E-08 3.2656E-08 3.1631E-08 3.0612E-08 2.9610E-08 2.8628E-08 2.7670E-08 2.6742E-08 2.5849E-08 2.4994E-08 2.4185E-08 2.3410E-08 2.2666E-08 2.1951E-08 2.1267E-08 2.0613E-08 1.9983E-08 1.9379E-08 1.8803E-08 1.8240E-08 1.7699E-08 1.7188E-08 1.6693E-08 1.6232E-08 1.5788E-08 1.5353E-08 1.4910E-08 1.4462E-08 1.4085E-08 1.3726E-08 1.3410E-08 1.3102E-08 1.2806E-08 1.2517E-08 1.2234E-08 1.1958E-08 1.1689E-08 1.1426E-08 1.1169E-08 1.0919E-08 1.0674E-08
4.3521E-08 4.3418E-08 4.3221E-08 4.2920E-08 4.2527E-08 4.2035E-08 4.1442E-08 4.0765E-08 4.0056E-08 3.9300E-08 3.8495E-08 3.7653E-08 3.6773E-08 3.5862E-08 3.4927E-08 3.3973E-08 3.3006E-08 3.2038E-08 3.1073E-08 3.0120E-08 2.9182E-08 2.8261E-08 2.7362E-08 2.6494E-08 2.5657E-08 2.4851E-08 2.4077E-08 2.3330E-08 2.2610E-08 2.1920E-08 2.1258E-08 2.0619E-08 2.0005E-08 1.9416E-08 1.8851E-08 1.8297E-08 1.7772E-08 1.7269E-08 1.6788E-08 1.6329E-08 1.5894E-08 1.5455E-08 1.5009E-08 1.4586E-08 1.4206E-08 1.3865E-08 1.3548E-08 1.3239E-08 1.2941E-08 1.2651E-08 1.2367E-08 1.2089E-08 1.1817E-08 1.1552E-08 1.1293E-08 1.1040E-08 1.0793E-08
4.2377E-08 4.2275E-08 4.2080E-08 4.1794E-08 4.1423E-08 4.0967E-08 4.0419E-08 3.9785E-08 3.9096E-08 3.8376E-08 3.7614E-08 3.6812E-08 3.5971E-08 3.5101E-08 3.4214E-08 3.3313E-08 3.2405E-08 3.1494E-08 3.0588E-08 2.9689E-08 2.8805E-08 2.7938E-08 2.7091E-08 2.6268E-08 2.5472E-08 2.4705E-08 2.3961E-08 2.3242E-08 2.2550E-08 2.1883E-08 2.1242E-08 2.0621E-08 2.0019E-08 1.9445E-08 1.8893E-08 1.8344E-08 1.7840E-08 1.7342E-08 1.6877E-08 1.6428E-08 1.5994E-08 1.5547E-08 1.5110E-08 1.4706E-08 1.4330E-08 1.4000E-08 1.3678E-08 1.3373E-08 1.3074E-08 1.2782E-08 1.2496E-08 1.2216E-08 1.1943E-08 1.1676E-08 1.1414E-08 1.1159E-08 1.0910E-08
4.1218E-08 4.1124E-08 4.0944E-08 4.0676E-08 4.0328E-08 3.9899E-08 3.9386E-08 3.8792E-08 3.8155E-08 3.7482E-08 3.6761E-08 3.6002E-08 3.5210E-08 3.4393E-08 3.3555E-08 3.2704E-08 3.1845E-08 3.0985E-08 3.0130E-08 2.9281E-08 2.8445E-08 2.7624E-08 2.6824E-08 2.6045E-08 2.5289E-08 2.4554E-08 2.3839E-08 2.3148E-08 2.2482E-08 2.1839E-08 2.1215E-08 2.0614E-08 2.0027E-08 1.9467E-08 1.8928E-08 1.8397E-08 1.7905E-08 1.7421E-08 1.6963E-08 1.6523E-08 1.6094E-08 1.5635E-08 1.5207E-08 1.4819E-08 1.4453E-08 1.4128E-08 1.3809E-08 1.3503E-08 1.3204E-08 1.2910E-08 1.2623E-08 1.2341E-08 1.2066E-08 1.1796E-08 1.1532E-08 1.1271E-08 1.1012E-08
