Assets/Resources/2015_m01_d25_1100(utc+0800)_l00_csi_1hr_conc.grd
DSAA
         159         159
     -79.000      79.000
     -79.000      79.000
  0.0000E+00  0.2990E-04
[rows 50 to 74 of 159, columns 57 to 113 of 159]
0.0000E+00 0.0000E+00 0.0000E+00 0.0000E+00 0.0000E+00 0.0000E+00 0.0000E+00 0.0000E+00 0.0000E+00 0.0000E+00 0.0000E+00 0.0000E+00 0.0000E+00 0.0000E+00 0.0000E+00 0.0000E+00 0.0000E+00 9.0861E-11 3.2889E-10 6.1974E-10 9.7779E-10 1.6205E-09 2.3788E-09 3.3892E-09 4.7016E-09 6.3608E-09 8.3567E-09 1.0682E-08 1.3296E-08 1.6094E-08 1.8961E-08 2.1744E-08 2.4279E-08 2.6405E-08 2.7976E-08 2.8913E-08 2.9162E-08 2.8707E-08 2.7603E-08 2.5947E-08 2.3852E-08 2.1466E-08 1.8928E-08 1.6362E-08 1.3895E-08 1.1608E-08 9.5179E-09 7.6963E-09 6.1399E-09 4.8387E-09 3.7762E-09 2.9134E-09 2.2244E-09 1.6819E-09 1.2461E-09 9.2066E-10 6.7389E-10
0.0000E+00 0.0000E+00 0.0000E+00 0.0000E+00 0.0000E+00 0.0000E+00 0.0000E+00 0.0000E+00 0.0000E+00 0.0000E+00 0.0000E+00 0.0000E+00 0.0000E+00 0.0000E+00 0.0000E+00 0.0000E+00 0.0000E+00 8.6443E-11 3.2320E-10 6.2360E-10 9.9069E-10 1.6661E-09 2.4395E-09 3.4759E-09 4.8432E-09 6.5570E-09 8.6256E-09 1.1060E-08 1.3800E-08 1.6757E-08 1.9804E-08 2.2770E-08 2.5463E-08 2.7735E-08 2.9424E-08 3.0403E-08 3.0604E-08 3.0034E-08 2.8757E-08 2.6889E-08 2.4561E-08 2.1936E-08 1.9177E-08 1.6427E-08 1.3794E-08 1.1363E-08 9.1860E-09 7.3230E-09 5.7529E-09 4.4578E-09 3.4079E-09 2.5756E-09 1.9223E-09 1.4075E-09 1.0233E-09 7.3981E-10 5.2512E-10
0.0000E+00 0.0000E+00 0.0000E+00 0.0000E+00 0.0000E+00 0.0000E+00 0.0000E+00 0.0000E+00 0.0000E+00 0.0000E+00 0.0000E+00 0.0000E+00 0.0000E+00 0.0000E+00 0.0000E+00 0.0000E+00 0.0000E+00 7.8475E-11 3.1099E-10 6.1447E-10 9.7875E-10 1.6764E-09 2.4498E-09 3.5105E-09 4.9106E-09 6.6531E-09 8.7997E-09 1.1325E-08 1.4179E-08 1.7287E-08 2.0512E-08 2.3701E-08 2.6635E-08 2.9117E-08 3.0955E-08 3.2018E-08 3.2245E-08 3.1631E-08 3.0219E-08 2.8142E-08 2.5566E-08 2.2677E-08 1.9657E-08 1.6662E-08 1.3843E-08 1.1278E-08 8.9995E-09 7.0556E-09 5.4445E-09 4.1374E-09 3.1000E-09 2.2925E-09 1.6598E-09 1.1871E-09 8.3710E-10 5.8300E-10 4.0042E-10
0.0000E+00 0.0000E+00 0.0000E+00 0.0000E+00 0.0000E+00 0.0000E+00 0.0000E+00 0.0000E+00 0.0000E+00 0.0000E+00 0.0000E+00 0.0000E+00 0.0000E+00 0.0000E+00 0.0000E+00 0.0000E+00 0.0000E+00 6.7225E-11 2.8765E-10 5.7925E-10 9.3315E-10 1.6507E-09 2.4161E-09 3.4824E-09 4.8776E-09 6.6533E-09 8.8512E-09 1.1443E-08 1.4414E-08 1.7690E-08 2.1119E-08 2.4535E-08 2.7726E-08 3.0461E-08 3.2546E-08 3.3809E-08 3.4139E-08 3.3518E-08 3.1997E-08 2.9719E-08 2.6882E-08 2.3710E-08 2.0414E-08 1.7173E-08 1.4124E-08 1.1360E-08 8.9404E-09 6.9075E-09 5.2492E-09 3.9162E-09 2.8572E-09 2.0558E-09 1.4508E-09 1.0063E-09 6.8906E-10 4.5583E-10 2.9937E-10
0.0000E+00 0.0000E+00 0.0000E+00 0.0000E+00 0.0000E+00 0.0000E+00 0.0000E+00 0.0000E+00 0.0000E+00 0.0000E+00 0.0000E+00 0.0000E+00 0.0000E+00 0.0000E+00 0.0000E+00 0.0000E+00 0.0000E+00 5.5411E-11 2.5520E-10 5.3389E-10 8.6676E-10 1.5850E-09 2.3340E-09 3.3836E-09 4.7587E-09 6.5488E-09 8.7567E-09 1.1410E-08 1.4503E-08 1.7925E-08 2.1567E-08 2.5252E-08 2.8758E-08 3.1834E-08 3.4229E-08 3.5742E-08 3.6215E-08 3.5623E-08 3.4031E-08 3.1580E-08 2.8501E-08 2.5035E-08 2.1420E-08 1.7875E-08 1.4582E-08 1.1621E-08 9.0372E-09 6.8753E-09 5.1337E-09 3.7588E-09 2.6884E-09 1.8870E-09 1.2850E-09 8.6401E-10 5.6556E-10 3.5790E-10 2.1989E-10
0.0000E+00 0.0000E+00 0.0000E+00 0.0000E+00 0.0000E+00 0.0000E+00 0.0000E+00 0.0000E+00 0.0000E+00 0.0000E+00 0.0000E+00 0.0000E+00 0.0000E+00 0.0000E+00 0.0000E+00 0.0000E+00 0.0000E+00 4.1948E-11 2.1683E-10 4.7147E-10 7.7026E-10 1.4753E-09 2.2050E-09 3.2140E-09 4.5511E-09 6.3158E-09 8.5141E-09 1.1222E-08 1.4383E-08 1.7960E-08 2.1846E-08 2.5843E-08 2.9701E-08 3.3160E-08 3.5926E-08 3.7748E-08 3.8437E-08 3.7939E-08 3.6310E-08 3.3716E-08 3.0398E-08 2.6636E-08 2.2713E-08 1.8869E-08 1.5280E-08 1.2073E-08 9.2997E-09 6.9943E-09 5.1459E-09 3.6866E-09 2.5738E-09 1.7703E-09 1.1792E-09 7.5633E-10 4.7775E-10 2.7836E-10 1.5633E-10
0.0000E+00 0.0000E+00 0.0000E+00 0.0000E+00 0.0000E+00 0.0000E+00 0.0000E+00 0.0000E+00 0.0000E+00 0.0000E+00 0.0000E+00 0.0000E+00 0.0000E+00 0.0000E+00 0.0000E+00 0.0000E+00 0.0000E+00 2.9196E-11 1.7939E-10 4.0201E-10 6.6529E-10 1.3364E-09 2.0233E-09 2.9689E-09 4.2600E-09 5.9555E-09 8.1347E-09 1.0834E-08 1.4051E-08 1.7780E-08 2.1887E-08 2.6186E-08 3.0445E-08 3.4342E-08 3.7540E-08 3.9758E-08 4.0747E-08 4.0422E-08 3.8825E-08 3.6124E-08 3.2592E-08 2.8542E-08 2.4285E-08 2.0096E-08 1.6198E-08 1.2721E-08 9.7089E-09 7.2209E-09 5.2481E-09 3.7136E-09 2.5503E-09 1.7052E-09 1.1089E-09 6.9361E-10 4.1423E-10 2.2429E-10 1.1278E-10
0.0000E+00 0.0000E+00 0.0000E+00 0.0000E+00 0.0000E+00 0.0000E+00 0.0000E+00 0.0000E+00 0.0000E+00 0.0000E+00 0.0000E+00 0.0000E+00 0.0000E+00 0.0000E+00 0.0000E+00 0.0000E+00 0.0000E+00 1.7071E-11 1.3953E-10 3.2822E-10 5.5257E-10 1.1661E-09 1.7988E-09 2.6741E-09 3.8925E-09 5.4885E-09 7.5994E-09 1.0248E-08 1.3496E-08 1.7320E-08 2.1607E-08 2.6217E-08 3.0880E-08 3.5246E-08 3.8940E-08 4.1610E-08 4.2981E-08 4.2910E-08 4.1420E-08 3.8678E-08 3.4977E-08 3.0664E-08 2.6089E-08 2.1566E-08 1.7335E-08 1.3562E-08 1.0311E-08 7.5974E-09 5.4487E-09 3.8183E-09 2.5895E-09 1.7119E-09 1.0785E-09 6.5754E-10 3.8268E-10 1.9030E-10 8.2871E-11
0.0000E+00 0.0000E+00 0.0000E+00 0.0000E+00 0.0000E+00 0.0000E+00 0.0000E+00 0.0000E+00 0.0000E+00 0.0000E+00 0.0000E+00 0.0000E+00 0.0000E+00 0.0000E+00 0.0000E+00 0.0000E+00 0.0000E+00 8.4710E-12 1.0433E-10 2.5809E-10 4.4337E-10 9.8744E-10 1.5467E-09 2.3235E-09 3.4387E-09 4.9296E-09 6.9269E-09 9.4834E-09 1.2704E-08 1.6543E-08 2.0972E-08 2.5850E-08 3.0892E-08 3.5739E-08 3.9976E-08 4.3177E-08 4.5036E-08 4.5337E-08 4.4077E-08 4.1419E-08 3.7634E-08 3.3111E-08 2.8225E-08 2.3334E-08 1.8728E-08 1.4601E-08 1.1041E-08 8.1159E-09 5.7972E-09 4.0058E-09 2.6949E-09 1.7668E-09 1.1023E-09 6.4465E-10 3.7031E-10 1.8071E-10 6.7220E-11
0.0000E+00 0.0000E+00 0.0000E+00 0.0000E+00 0.0000E+00 0.0000E+00 0.0000E+00 0.0000E+00 0.0000E+00 0.0000E+00 0.0000E+00 0.0000E+00 0.0000E+00 0.0000E+00 0.0000E+00 0.0000E+00 0.0000E+00 2.6343E-12 2.3939E-11 1.9158E-10 3.3841E-10 7.9624E-10 1.2767E-09 1.9509E-09 2.9388E-09 4.3020E-09 6.1424E-09 8.5701E-09 1.1668E-08 1.5462E-08 1.9951E-08 2.5033E-08 3.0408E-08 3.5702E-08 4.0486E-08 4.4310E-08 4.6793E-08 4.7664E-08 4.6811E-08 4.4349E-08 4.0549E-08 3.5822E-08 3.0616E-08 2.5347E-08 2.0357E-08 1.5866E-08 1.1977E-08 8.7539E-09 6.2296E-09 4.3042E-09 2.8672E-09 1.8571E-09 1.1486E-09 6.8026E-10 3.7176E-10 1.7189E-10 6.8957E-11
0.0000E+00 0.0000E+00 0.0000E+00 0.0000E+00 0.0000E+00 0.0000E+00 0.0000E+00 0.0000E+00 0.0000E+00 0.0000E+00 0.0000E+00 0.0000E+00 0.0000E+00 0.0000E+00 0.0000E+00 0.0000E+00 0.0000E+00 0.0000E+00 1.0543E-11 3.9676E-11 2.4758E-10 6.1595E-10 1.0108E-09 1.5794E-09 2.4272E-09 3.6362E-09 5.2889E-09 7.5379E-09 1.0441E-08 1.4116E-08 1.8539E-08 2.3754E-08 2.9369E-08 3.5112E-08 4.0533E-08 4.5138E-08 4.8402E-08 4.9967E-08 4.9614E-08 4.7407E-08 4.3639E-08 3.8748E-08 3.3235E-08 2.7575E-08 2.2165E-08 1.7278E-08 1.3051E-08 9.5377E-09 6.7685E-09 4.6581E-09 3.1005E-09 1.9905E-09 1.2241E-09 7.2730E-10 3.9051E-10 1.8030E-10 7.8337E-11
0.0000E+00 0.0000E+00 0.0000E+00 0.0000E+00 0.0000E+00 0.0000E+00 0.0000E+00 0.0000E+00 0.0000E+00 0.0000E+00 0.0000E+00 0.0000E+00 0.0000E+00 0.0000E+00 0.0000E+00 0.0000E+00 0.0000E+00 0.0000E+00 2.4866E-12 2.0580E-11 7.5667E-11 4.5338E-10 7.6511E-10 1.2279E-09 1.9321E-09 2.9699E-09 4.4116E-09 6.4233E-09 9.0891E-09 1.2556E-08 1.6805E-08 2.2081E-08 2.7920E-08 3.4094E-08 4.0185E-08 4.5589E-08 4.9677E-08 5.2004E-08 5.2291E-08 5.0467E-08 4.6824E-08 4.1825E-08 3.6038E-08 3.0005E-08 2.4164E-08 1.8834E-08 1.4227E-08 1.0408E-08 7.3874E-09 5.0666E-09 3.3696E-09 2.1668E-09 1.3203E-09 7.7697E-10 4.3136E-10 2.0019E-10 8.4912E-11
0.0000E+00 0.0000E+00 0.0000E+00 0.0000E+00 0.0000E+00 0.0000E+00 0.0000E+00 0.0000E+00 0.0000E+00 0.0000E+00 0.0000E+00 0.0000E+00 0.0000E+00 0.0000E+00 0.0000E+00 0.0000E+00 0.0000E+00 0.0000E+00 0.0000E+00 7.2354E-12 2.9564E-11 1.7314E-10 5.0794E-10 9.1420E-10 1.4785E-09 2.3394E-09 3.5622E-09 5.3018E-09 7.6911E-09 1.0859E-08 1.4872E-08 2.0136E-08 2.6075E-08 3.2641E-08 3.9344E-08 4.5554E-08 5.0576E-08 5.3796E-08 5.4793E-08 5.3493E-08 5.0076E-08 4.5040E-08 3.8988E-08 3.2551E-08 2.6263E-08 2.0504E-08 1.5498E-08 1.1328E-08 8.0310E-09 5.4969E-09 3.6617E-09 2.3450E-09 1.4192E-09 8.3905E-10 4.6494E-10 2.1976E-10 1.0082E-10
0.0000E+00 0.0000E+00 0.0000E+00 0.0000E+00 0.0000E+00 0.0000E+00 0.0000E+00 0.0000E+00 0.0000E+00 0.0000E+00 0.0000E+00 0.0000E+00 0.0000E+00 0.0000E+00 0.0000E+00 0.0000E+00 0.0000E+00 0.0000E+00 0.0000E+00 3.6093E-13 1.1470E-11 3.3595E-11 2.5919E-10 6.3172E-10 1.0880E-09 1.7786E-09 2.7821E-09 4.2349E-09 6.3154E-09 9.1239E-09 1.2850E-08 1.7952E-08 2.3936E-08 3.0792E-08 3.8089E-08 4.5147E-08 5.1168E-08 5.5393E-08 5.7260E-08 5.6544E-08 5.3419E-08 4.8346E-08 4.2029E-08 3.5189E-08 2.8405E-08 2.2170E-08 1.6766E-08 1.2252E-08 8.6817E-09 5.9242E-09 3.9312E-09 2.5150E-09 1.5284E-09 8.9969E-10 4.9228E-10 2.5166E-10 1.2232E-10
0.0000E+00 0.0000E+00 0.0000E+00 0.0000E+00 0.0000E+00 0.0000E+00 0.0000E+00 0.0000E+00 0.0000E+00 0.0000E+00 0.0000E+00 0.0000E+00 0.0000E+00 0.0000E+00 0.0000E+00 0.0000E+00 0.0000E+00 0.0000E+00 0.0000E+00 0.0000E+00 1.6016E-12 1.4049E-11 3.4428E-11 3.2837E-10 7.6549E-10 1.2946E-09 2.0899E-09 3.2606E-09 5.0205E-09 7.4356E-09 1.0822E-08 1.5646E-08 2.1641E-08 2.8764E-08 3.6632E-08 4.4555E-08 5.1671E-08 5.7001E-08 5.9805E-08 5.9723E-08 5.6909E-08 5.1778E-08 4.5122E-08 3.7826E-08 3.0542E-08 2.3824E-08 1.7955E-08 1.3096E-08 9.2655E-09 6.3177E-09 4.1684E-09 2.6692E-09 1.6271E-09 9.5329E-10 5.3118E-10 2.8021E-10 1.4070E-10
0.0000E+00 0.0000E+00 0.0000E+00 0.0000E+00 0.0000E+00 0.0000E+00 0.0000E+00 0.0000E+00 0.0000E+00 0.0000E+00 0.0000E+00 0.0000E+00 0.0000E+00 0.0000E+00 0.0000E+00 0.0000E+00 0.0000E+00 0.0000E+00 0.0000E+00 0.0000E+00 0.0000E+00 2.3464E-12 1.3870E-11 3.1508E-11 4.0558E-10 8.9117E-10 1.5059E-09 2.4211E-09 3.8644E-09 5.8817E-09 8.9074E-09 1.3516E-08 1.9384E-08 2.6718E-08 3.5209E-08 4.4141E-08 5.2449E-08 5.8967E-08 6.2739E-08 6.3258E-08 6.0630E-08 5.5342E-08 4.8323E-08 4.0448E-08 3.2571E-08 2.5348E-08 1.9063E-08 1.3866E-08 9.7553E-09 6.6464E-09 4.3907E-09 2.7884E-09 1.7066E-09 1.0123E-09 5.6453E-10 3.0180E-10 1.5382E-10
0.0000E+00 0.0000E+00 0.0000E+00 0.0000E+00 0.0000E+00 0.0000E+00 0.0000E+00 0.0000E+00 0.0000E+00 0.0000E+00 0.0000E+00 0.0000E+00 0.0000E+00 0.0000E+00 0.0000E+00 0.0000E+00 0.0000E+00 0.0000E+00 0.0000E+00 0.0000E+00 0.0000E+00 0.0000E+00 2.3905E-12 1.1414E-11 2.6338E-11 4.9083E-10 9.8609E-10 1.7379E-09 2.8848E-09 4.5129E-09 7.1626E-09 1.1487E-08 1.7330E-08 2.4980E-08 3.4229E-08 4.4286E-08 5.3911E-08 6.1679E-08 6.6410E-08 6.7455E-08 6.4825E-08 5.9185E-08 5.1576E-08 4.3040E-08 3.4505E-08 2.6693E-08 1.9980E-08 1.4457E-08 1.0095E-08 6.8634E-09 4.5113E-09 2.8576E-09 1.7590E-09 1.0421E-09 5.8209E-10 3.1302E-10 1.5881E-10
0.0000E+00 0.0000E+00 0.0000E+00 0.0000E+00 0.0000E+00 0.0000E+00 0.0000E+00 0.0000E+00 0.0000E+00 0.0000E+00 0.0000E+00 0.0000E+00 0.0000E+00 0.0000E+00 0.0000E+00 0.0000E+00 0.0000E+00 0.0000E+00 0.0000E+00 0.0000E+00 0.0000E+00 0.0000E+00 0.0000E+00 1.6022E-12 8.4765E-12 3.9967E-11 5.9787E-10 1.1872E-09 2.0788E-09 3.3512E-09 5.6878E-09 9.8452E-09 1.5658E-08 2.3751E-08 3.3978E-08 4.5442E-08 5.6607E-08 6.5704E-08 7.1270E-08 7.2558E-08 6.9639E-08 6.3309E-08 5.4761E-08 4.5331E-08 3.6067E-08 2.7647E-08 2.0511E-08 1.4744E-08 1.0261E-08 6.9015E-09 4.5245E-09 2.8776E-09 1.7495E-09 1.0419E-09 5.9178E-10 3.1330E-10 1.5812E-10
0.0000E+00 0.0000E+00 0.0000E+00 0.0000E+00 0.0000E+00 0.0000E+00 0.0000E+00 0.0000E+00 0.0000E+00 0.0000E+00 0.0000E+00 0.0000E+00 0.0000E+00 0.0000E+00 0.0000E+00 0.0000E+00 0.0000E+00 0.0000E+00 0.0000E+00 0.0000E+00 0.0000E+00 0.0000E+00 0.0000E+00 0.0000E+00 8.4671E-13 5.2942E-12 1.1994E-10 7.3533E-10 1.4269E-09 2.3897E-09 4.4860E-09 8.4362E-09 1.4420E-08 2.3191E-08 3.4724E-08 4.7925E-08 6.0865E-08 7.1335E-08 7.7468E-08 7.8432E-08 7.4586E-08 6.7064E-08 5.7374E-08 4.6974E-08 3.6973E-08 2.8098E-08 2.0627E-08 1.4702E-08 1.0171E-08 6.7814E-09 4.4140E-09 2.8064E-09 1.6926E-09 1.0026E-09 5.6919E-10 3.0064E-10 1.5195E-10
0.0000E+00 0.0000E+00 0.0000E+00 0.0000E+00 0.0000E+00 0.0000E+00 0.0000E+00 0.0000E+00 0.0000E+00 0.0000E+00 0.0000E+00 0.0000E+00 0.0000E+00 0.0000E+00 0.0000E+00 0.0000E+00 0.0000E+00 0.0000E+00 0.0000E+00 0.0000E+00 0.0000E+00 0.0000E+00 0.0000E+00 0.0000E+00 0.0000E+00 0.0000E+00 5.9097E-11 2.4202E-10 8.0531E-10 1.6204E-09 3.5385E-09 7.3606E-09 1.3683E-08 2.3440E-08 3.6592E-08 5.1848E-08 6.6665E-08 7.8163E-08 8.4296E-08 8.4411E-08 7.9213E-08 7.0242E-08 5.9297E-08 4.7929E-08 3.7255E-08 2.7993E-08 2.0319E-08 1.4298E-08 9.7913E-09 6.4702E-09 4.1679E-09 2.6198E-09 1.5725E-09 9.2656E-10 5.2382E-10 2.7064E-10 1.3390E-10
0.0000E+00 0.0000E+00 0.0000E+00 0.0000E+00 0.0000E+00 0.0000E+00 0.0000E+00 0.0000E+00 0.0000E+00 0.0000E+00 0.0000E+00 0.0000E+00 0.0000E+00 0.0000E+00 0.0000E+00 0.0000E+00 0.0000E+00 0.0000E+00 0.0000E+00 0.0000E+00 0.0000E+00 0.0000E+00 0.0000E+00 0.0000E+00 0.0000E+00 0.0000E+00 0.0000E+00 6.4697E-11 3.6365E-10 1.0246E-09 2.8132E-09 6.7279E-09 1.3517E-08 2.4550E-08 3.9730E-08 5.7161E-08 7.3645E-08 8.5796E-08 9.1430E-08 9.0137E-08 8.3194E-08 7.2544E-08 6.0267E-08 4.7977E-08 3.6736E-08 2.7176E-08 1.9484E-08 1.3536E-08 9.1066E-09 5.9575E-09 3.8023E-09 2.3462E-09 1.3964E-09 8.1682E-10 4.5176E-10 2.2911E-10 1.1363E-10
0.0000E+00 0.0000E+00 0.0000E+00 0.0000E+00 0.0000E+00 0.0000E+00 0.0000E+00 0.0000E+00 0.0000E+00 0.0000E+00 0.0000E+00 0.0000E+00 0.0000E+00 0.0000E+00 0.0000E+00 0.0000E+00 0.0000E+00 0.0000E+00 0.0000E+00 0.0000E+00 0.0000E+00 0.0000E+00 0.0000E+00 0.0000E+00 0.0000E+00 0.0000E+00 0.0000E+00 1.8587E-11 1.3374E-10 5.4869E-10 2.1689E-09 6.3812E-09 1.4137E-08 2.6949E-08 4.4565E-08 6.4389E-08 8.2168E-08 9.4217E-08 9.8391E-08 9.5020E-08 8.5890E-08 7.3363E-08 5.9788E-08 4.6756E-08 3.5236E-08 2.5639E-08 1.8088E-08 1.2359E-08 8.1877E-09 5.2752E-09 3.3109E-09 2.0071E-09 1.1785E-09 6.7087E-10 3.5935E-10 1.7586E-10 8.3361E-11
0.0000E+00 0.0000E+00 0.0000E+00 0.0000E+00 0.0000E+00 0.0000E+00 0.0000E+00 0.0000E+00 0.0000E+00 0.0000E+00 0.0000E+00 0.0000E+00 0.0000E+00 0.0000E+00 0.0000E+00 0.0000E+00 0.0000E+00 0.0000E+00 0.0000E+00 0.0000E+00 0.0000E+00 0.0000E+00 0.0000E+00 0.0000E+00 0.0000E+00 0.0000E+00 0.0000E+00 0.0000E+00 3.8799E-11 3.8564E-10 2.0574E-09 6.7661E-09 1.5677E-08 3.0744E-08 5.1282E-08 7.3539E-08 9.2222E-08 1.0314E-07 1.0484E-07 9.8548E-08 8.6810E-08 7.2494E-08 5.7772E-08 4.4214E-08 3.2705E-08 2.3367E-08 1.6160E-08 1.0864E-08 7.0702E-09 4.4742E-09 2.7560E-09 1.6326E-09 9.3801E-10 5.1526E-10 2.6205E-10 1.2289E-10 4.8933E-11
0.0000E+00 0.0000E+00 0.0000E+00 0.0000E+00 0.0000E+00 0.0000E+00 0.0000E+00 0.0000E+00 0.0000E+00 0.0000E+00 0.0000E+00 0.0000E+00 0.0000E+00 0.0000E+00 0.0000E+00 0.0000E+00 0.0000E+00 0.0000E+00 0.0000E+00 0.0000E+00 0.0000E+00 0.0000E+00 0.0000E+00 0.0000E+00 0.0000E+00 0.0000E+00 0.0000E+00 0.0000E+00 1.2102E-12 2.0495E-10 1.7901E-09 7.3077E-09 1.8193E-08 3.6501E-08 6.0562E-08 8.4881E-08 1.0315E-07 1.1155E-07 1.0969E-07 9.9920E-08 8.5591E-08 6.9642E-08 5.4245E-08 4.0598E-08 2.9347E-08 2.0500E-08 1.3893E-08 9.1412E-09 5.8435E-09 3.6211E-09 2.1788E-09 1.2612E-09 6.9915E-10 3.6328E-10 1.7535E-10 7.2446E-11 1.8774E-11
0.0000E+00 0.0000E+00 0.0000E+00 0.0000E+00 0.0000E+00 0.0000E+00 0.0000E+00 0.0000E+00 0.0000E+00 0.0000E+00 0.0000E+00 0.0000E+00 0.0000E+00 0.0000E+00 0.0000E+00 0.0000E+00 0.0000E+00 0.0000E+00 0.0000E+00 0.0000E+00 0.0000E+00 0.0000E+00 0.0000E+00 0.0000E+00 0.0000E+00 0.0000E+00 0.0000E+00 0.0000E+00 0.0000E+00 2.7092E-10 1.7827E-09 8.0959E-09 2.1695E-08 4.4509E-08 7.3030E-08 9.9186E-08 1.1557E-07 1.1947E-07 1.1269E-07 9.8982E-08 8.2054E-08 6.4787E-08 4.9156E-08 3.5905E-08 2.5299E-08 1.7280E-08 1.1451E-08 7.3517E-09 4.6076E-09 2.7830E-09 1.6261E-09 9.1341E-10 4.8182E-10 2.3129E-10 9.8818E-11 2.9625E-11 9.2672E-13
