Assets/Resources/2015_m01_d11_0900(utc+0800)_l00_csi_1hr_conc.grd
DSAA
         159         159
     -79.000      79.000
     -79.000      79.000
  0.0000E+00  0.8653E-06
[rows 50 to 74 of 159, columns 57 to 113 of 159]
9.2464E-10 1.8138E-09 3.3073E-09 5.7673E-09 9.5975E-09 1.5222E-08 2.3005E-08 3.3038E-08 4.4959E-08 5.7937E-08 7.0579E-08 8.1271E-08 8.8696E-08 9.2056E-08 9.1533E-08 8.7554E-08 8.1545E-08 7.4538E-08 6.7329E-08 6.0423E-08 5.3980E-08 4.8209E-08 4.3102E-08 3.8623E-08 3.4658E-08 3.1157E-08 2.8032E-08 2.5178E-08 2.2619E-08 2.0260E-08 1.8232E-08 1.6484E-08 1.5035E-08 1.3921E-08 1.3061E-08 1.2419E-08 1.1948E-08 1.1567E-08 1.1281E-08 1.1025E-08 1.0782E-08 1.0562E-08 1.0328E-08 1.0097E-08 9.8565E-09 9.6040E-09 9.3403E-09 9.0671E-09 8.7838E-09 8.4986E-09 8.2141E-09 7.9264E-09 7.6376E-09 7.3489E-09 7.0628E-09 6.7772E-09 6.5041E-09
5.1770E-10 1.2375E-09 2.3910E-09 4.3608E-09 7.5274E-09 1.2438E-08 1.9577E-08 2.9269E-08 4.1370E-08 5.5201E-08 6.9348E-08 8.1996E-08 9.1383E-08 9.6324E-08 9.6640E-08 9.2963E-08 8.6549E-08 7.8905E-08 7.0894E-08 6.3330E-08 5.6344E-08 5.0075E-08 4.4587E-08 3.9820E-08 3.5648E-08 3.2066E-08 2.8825E-08 2.5926E-08 2.3296E-08 2.0897E-08 1.8757E-08 1.6944E-08 1.5434E-08 1.4283E-08 1.3410E-08 1.2755E-08 1.2284E-08 1.1911E-08 1.1625E-08 1.1379E-08 1.1145E-08 1.0936E-08 1.0716E-08 1.0489E-08 1.0257E-08 1.0011E-08 9.7516E-09 9.4821E-09 9.2037E-09 8.9178E-09 8.6331E-09 8.3440E-09 8.0524E-09 7.7608E-09 7.4705E-09 7.1811E-09 6.9008E-09
2.5403E-10 7.0775E-10 1.6039E-09 3.0971E-09 5.6193E-09 9.7300E-09 1.6031E-08 2.5008E-08 3.6889E-08 5.1183E-08 6.6605E-08 8.1155E-08 9.2515E-08 9.9062E-08 1.0011E-07 9.6565E-08 8.9589E-08 8.1167E-08 7.2527E-08 6.4254E-08 5.6899E-08 5.0307E-08 4.4631E-08 3.9757E-08 3.5566E-08 3.1992E-08 2.8800E-08 2.5970E-08 2.3368E-08 2.1038E-08 1.8884E-08 1.7072E-08 1.5583E-08 1.4439E-08 1.3588E-08 1.2953E-08 1.2500E-08 1.2149E-08 1.1876E-08 1.1649E-08 1.1431E-08 1.1237E-08 1.1034E-08 1.0820E-08 1.0600E-08 1.0364E-08 1.0115E-08 9.8532E-09 9.5809E-09 9.2998E-09 9.0182E-09 8.7315E-09 8.4407E-09 8.1487E-09 7.8574E-09 7.5665E-09 7.2820E-09
1.9370E-11 3.3462E-10 8.8670E-10 2.0444E-09 3.9498E-09 7.2267E-09 1.2511E-08 2.0500E-08 3.1746E-08 4.6090E-08 6.2388E-08 7.8488E-08 9.1691E-08 9.9625E-08 1.0134E-07 9.7529E-08 8.9940E-08 8.0612E-08 7.1270E-08 6.2545E-08 5.5042E-08 4.8447E-08 4.2897E-08 3.8179E-08 3.4189E-08 3.0819E-08 2.7856E-08 2.5224E-08 2.2795E-08 2.0596E-08 1.8576E-08 1.6846E-08 1.5451E-08 1.4382E-08 1.3586E-08 1.3004E-08 1.2588E-08 1.2272E-08 1.2027E-08 1.1826E-08 1.1636E-08 1.1460E-08 1.1278E-08 1.1083E-08 1.0879E-08 1.0658E-08 1.0422E-08 1.0172E-08 9.9112E-09 9.6383E-09 9.3641E-09 9.0825E-09 8.7964E-09 8.5074E-09 8.2180E-09 7.9283E-09 7.6427E-09
2.0923E-12 3.9862E-11 4.0234E-10 1.1422E-09 2.5668E-09 5.0330E-09 9.2680E-09 1.6082E-08 2.6252E-08 4.0032E-08 5.6647E-08 7.3944E-08 8.8819E-08 9.8020E-08 1.0011E-07 9.5695E-08 8.7130E-08 7.6771E-08 6.6762E-08 5.8026E-08 5.0551E-08 4.4368E-08 3.9310E-08 3.5050E-08 3.1511E-08 2.8567E-08 2.5993E-08 2.3701E-08 2.1578E-08 1.9613E-08 1.7817E-08 1.6280E-08 1.5042E-08 1.4104E-08 1.3409E-08 1.2902E-08 1.2546E-08 1.2278E-08 1.2074E-08 1.1908E-08 1.1749E-08 1.1602E-08 1.1444E-08 1.1272E-08 1.1089E-08 1.0888E-08 1.0669E-08 1.0436E-08 1.0188E-08 9.9285E-09 9.6649E-09 9.3925E-09 9.1138E-09 8.8315E-09 8.5471E-09 8.2618E-09 7.9783E-09
3.0167E-13 5.7432E-12 6.7668E-11 4.4859E-10 1.4335E-09 3.2435E-09 6.4141E-09 1.1864E-08 2.0633E-08 3.3443E-08 4.9787E-08 6.7733E-08 8.3856E-08 9.4366E-08 9.6841E-08 9.1639E-08 8.1672E-08 7.0105E-08 5.9423E-08 5.0812E-08 4.3887E-08 3.8422E-08 3.4167E-08 3.0638E-08 2.7761E-08 2.5403E-08 2.3366E-08 2.1522E-08 1.9817E-08 1.8181E-08 1.6684E-08 1.5416E-08 1.4391E-08 1.3626E-08 1.3064E-08 1.2657E-08 1.2377E-08 1.2171E-08 1.2017E-08 1.1893E-08 1.1772E-08 1.1657E-08 1.1530E-08 1.1384E-08 1.1227E-08 1.1049E-08 1.0851E-08 1.0637E-08 1.0408E-08 1.0166E-08 9.9156E-09 9.6560E-09 9.3888E-09 9.1166E-09 8.8405E-09 8.5619E-09 8.2845E-09
0.0000E+00 3.2280E-12 1.1073E-11 9.9391E-11 5.6876E-10 1.7182E-09 4.0893E-09 8.2113E-09 1.5349E-08 2.6524E-08 4.1927E-08 6.0093E-08 7.7354E-08 8.9184E-08 9.2248E-08 8.6459E-08 7.4922E-08 6.1860E-08 5.0378E-08 4.1883E-08 3.5798E-08 3.1354E-08 2.8085E-08 2.5452E-08 2.3358E-08 2.1688E-08 2.0245E-08 1.8919E-08 1.7650E-08 1.6440E-08 1.5291E-08 1.4329E-08 1.3560E-08 1.2983E-08 1.2573E-08 1.2284E-08 1.2093E-08 1.1956E-08 1.1862E-08 1.1784E-08 1.1706E-08 1.1627E-08 1.1533E-08 1.1419E-08 1.1290E-08 1.1138E-08 1.0966E-08 1.0775E-08 1.0568E-08 1.0345E-08 1.0113E-08 9.8696E-09 9.6175E-09 9.3580E-09 9.0938E-09 8.8255E-09 8.5570E-09
0.0000E+00 9.8500E-13 7.9465E-12 2.1061E-11 1.2805E-10 7.1416E-10 2.2023E-09 5.1777E-09 1.0633E-08 1.9905E-08 3.3806E-08 5.1420E-08 6.9542E-08 8.3200E-08 8.7632E-08 8.1682E-08 6.8592E-08 5.3648E-08 4.1280E-08 3.2669E-08 2.7397E-08 2.4048E-08 2.1828E-08 2.0121E-08 1.8818E-08 1.7818E-08 1.6957E-08 1.6152E-08 1.5339E-08 1.4530E-08 1.3761E-08 1.3109E-08 1.2599E-08 1.2227E-08 1.1973E-08 1.1807E-08 1.1709E-08 1.1647E-08 1.1614E-08 1.1586E-08 1.1554E-08 1.1515E-08 1.1456E-08 1.1377E-08 1.1278E-08 1.1156E-08 1.1012E-08 1.0847E-08 1.0665E-08 1.0465E-08 1.0254E-08 1.0030E-08 9.7959E-09 9.5533E-09 9.3035E-09 9.0490E-09 8.7922E-09
0.0000E+00 0.0000E+00 3.5031E-12 1.1877E-11 3.3761E-11 1.8706E-10 8.7192E-10 2.8587E-09 6.7645E-09 1.3961E-08 2.5835E-08 4.2403E-08 6.1154E-08 7.6811E-08 8.3533E-08 7.8715E-08 6.4598E-08 4.7547E-08 3.3418E-08 2.4450E-08 1.9791E-08 1.7386E-08 1.6109E-08 1.5210E-08 1.4595E-08 1.4170E-08 1.3822E-08 1.3472E-08 1.3068E-08 1.2632E-08 1.2213E-08 1.1848E-08 1.1580E-08 1.1404E-08 1.1296E-08 1.1250E-08 1.1242E-08 1.1257E-08 1.1285E-08 1.1308E-08 1.1323E-08 1.1324E-08 1.1302E-08 1.1260E-08 1.1193E-08 1.1102E-08 1.0988E-08 1.0853E-08 1.0698E-08 1.0524E-08 1.0337E-08 1.0136E-08 9.9229E-09 9.6994E-09 9.4673E-09 9.2289E-09 8.9876E-09
0.0000E+00 0.0000E+00 0.0000E+00 8.3435E-12 1.9834E-11 4.1931E-11 2.8271E-10 1.2436E-09 3.8000E-09 9.0941E-09 1.8660E-08 3.3503E-08 5.2385E-08 7.0439E-08 8.0698E-08 7.8062E-08 6.3732E-08 4.4599E-08 2.8239E-08 1.8097E-08 1.3633E-08 1.1930E-08 1.1384E-08 1.1108E-08 1.1015E-08 1.1019E-08 1.1051E-08 1.1054E-08 1.1001E-08 1.0875E-08 1.0737E-08 1.0625E-08 1.0561E-08 1.0551E-08 1.0578E-08 1.0641E-08 1.0715E-08 1.0801E-08 1.0887E-08 1.0959E-08 1.1020E-08 1.1061E-08 1.1077E-08 1.1071E-08 1.1038E-08 1.0981E-08 1.0899E-08 1.0794E-08 1.0667E-08 1.0523E-08 1.0362E-08 1.0186E-08 9.9962E-09 9.7945E-09 9.5835E-09 9.3640E-09 9.1400E-09
0.0000E+00 0.0000E+00 0.0000E+00 4.0287E-12 1.2496E-11 2.8481E-11 9.2099E-11 4.6302E-10 1.8376E-09 5.4464E-09 1.2704E-08 2.5278E-08 4.3320E-08 6.3472E-08 7.8140E-08 7.9790E-08 6.6667E-08 4.5328E-08 2.5917E-08 1.3957E-08 9.2464E-09 7.8638E-09 7.8182E-09 7.9595E-09 8.1888E-09 8.4737E-09 8.7688E-09 9.0245E-09 9.2075E-09 9.3225E-09 9.3995E-09 9.4828E-09 9.5840E-09 9.7076E-09 9.8482E-09 9.9951E-09 1.0146E-08 1.0295E-08 1.0430E-08 1.0550E-08 1.0653E-08 1.0732E-08 1.0786E-08 1.0816E-08 1.0818E-08 1.0794E-08 1.0745E-08 1.0672E-08 1.0576E-08 1.0462E-08 1.0330E-08 1.0181E-08 1.0016E-08 9.8388E-09 9.6502E-09 9.4525E-09 9.2484E-09
0.0000E+00 0.0000E+00 0.0000E+00 0.0000E+00 8.5321E-12 1.9404E-11 3.8571E-11 2.1844E-10 8.4746E-10 2.8996E-09 8.1153E-09 1.8161E-08 3.4463E-08 5.5533E-08 7.4798E-08 8.2401E-08 7.2509E-08 4.9771E-08 2.6635E-08 1.2084E-08 6.4056E-09 5.1146E-09 5.3461E-09 5.7036E-09 6.0967E-09 6.5388E-09 6.9812E-09 7.3903E-09 7.7310E-09 7.9982E-09 8.2272E-09 8.4485E-09 8.6709E-09 8.8957E-09 9.1193E-09 9.3388E-09 9.5497E-09 9.7480E-09 9.9284E-09 1.0092E-08 1.0233E-08 1.0347E-08 1.0438E-08 1.0502E-08 1.0538E-08 1.0548E-08 1.0531E-08 1.0490E-08 1.0426E-08 1.0343E-08 1.0241E-08 1.0120E-08 9.9829E-09 9.8319E-09 9.6684E-09 9.4937E-09 9.3122E-09
0.0000E+00 0.0000E+00 0.0000E+00 0.0000E+00 2.9306E-12 1.1484E-11 2.8485E-11 1.0655E-10 4.7082E-10 1.5887E-09 4.8654E-09 1.2219E-08 2.6027E-08 4.6500E-08 6.9370E-08 8.4274E-08 8.0328E-08 5.7556E-08 3.0008E-08 1.1837E-08 4.7612E-09 3.4263E-09 3.7310E-09 4.1526E-09 4.6115E-09 5.1121E-09 5.6408E-09 6.1195E-09 6.5351E-09 6.8934E-09 7.2201E-09 7.5287E-09 7.8312E-09 8.1261E-09 8.4093E-09 8.6804E-09 8.9375E-09 9.1762E-09 9.3961E-09 9.5945E-09 9.7684E-09 9.9162E-09 1.0040E-08 1.0136E-08 1.0205E-08 1.0247E-08 1.0263E-08 1.0254E-08 1.0222E-08 1.0171E-08 1.0098E-08 1.0007E-08 9.8988E-09 9.7752E-09 9.6376E-09 9.4883E-09 9.3309E-09
0.0000E+00 0.0000E+00 0.0000E+00 0.0000E+00 0.0000E+00 5.8131E-12 1.8929E-11 3.8498E-11 2.5228E-10 9.6759E-10 2.9565E-09 8.1281E-09 1.8806E-08 3.6881E-08 6.1200E-08 8.3005E-08 8.7798E-08 6.8271E-08 3.6436E-08 1.3108E-08 3.8712E-09 2.3546E-09 2.6856E-09 3.1334E-09 3.6288E-09 4.1357E-09 4.6460E-09 5.1341E-09 5.5777E-09 5.9795E-09 6.3557E-09 6.7162E-09 7.0659E-09 7.4016E-09 7.7250E-09 8.0311E-09 8.3210E-09 8.5904E-09 8.8415E-09 9.0665E-09 9.2695E-09 9.4480E-09 9.6012E-09 9.7268E-09 9.8257E-09 9.8982E-09 9.9457E-09 9.9681E-09 9.9689E-09 9.9482E-09 9.9060E-09 9.8446E-09 9.7655E-09 9.6702E-09 9.5596E-09 9.4378E-09 9.3053E-09
0.0000E+00 0.0000E+00 0.0000E+00 0.0000E+00 0.0000E+00 5.8364E-13 9.1585E-12 2.6731E-11 1.1570E-10 5.5541E-10 1.8903E-09 5.3261E-09 1.3239E-08 2.8093E-08 5.0958E-08 7.7716E-08 9.3651E-08 8.0790E-08 4.5249E-08 1.5433E-08 3.4589E-09 1.7641E-09 2.1087E-09 2.5205E-09 2.9570E-09 3.4158E-09 3.8907E-09 4.3613E-09 4.8057E-09 5.2188E-09 5.6121E-09 5.9956E-09 6.3673E-09 6.7248E-09 7.0696E-09 7.3981E-09 7.7084E-09 8.0020E-09 8.2716E-09 8.5208E-09 8.7469E-09 8.9508E-09 9.1292E-09 9.2814E-09 9.4082E-09 9.5097E-09 9.5859E-09 9.6392E-09 9.6706E-09 9.6797E-09 9.6679E-09 9.6363E-09 9.5867E-09 9.5199E-09 9.4377E-09 9.3430E-09 9.2364E-09
0.0000E+00 0.0000E+00 0.0000E+00 0.0000E+00 0.0000E+00 0.0000E+00 2.7284E-12 1.5861E-11 3.6528E-11 2.9346E-10 1.1631E-09 3.5603E-09 9.1663E-09 2.0697E-08 4.0393E-08 6.7810E-08 9.3370E-08 9.3668E-08 5.8407E-08 1.9610E-08 3.2896E-09 1.4503E-09 1.7286E-09 2.0692E-09 2.4486E-09 2.8642E-09 3.3004E-09 3.7438E-09 4.1686E-09 4.5754E-09 4.9679E-09 5.3513E-09 5.7282E-09 6.0941E-09 6.4458E-09 6.7860E-09 7.1086E-09 7.4131E-09 7.6981E-09 7.9645E-09 8.2099E-09 8.4334E-09 8.6328E-09 8.8087E-09 8.9601E-09 9.0876E-09 9.1919E-09 9.2737E-09 9.3337E-09 9.3715E-09 9.3889E-09 9.3864E-09 9.3657E-09 9.3269E-09 9.2734E-09 9.2065E-09 9.1261E-09
0.0000E+00 0.0000E+00 0.0000E+00 0.0000E+00 0.0000E+00 0.0000E+00 0.0000E+00 5.4231E-12 2.0832E-11 1.4173E-10 6.3771E-10 2.2057E-09 6.2586E-09 1.5015E-08 3.1078E-08 5.6129E-08 8.7167E-08 1.0432E-07 7.6151E-08 2.6216E-08 3.3325E-09 1.2725E-09 1.4975E-09 1.7768E-09 2.0979E-09 2.4591E-09 2.8357E-09 3.2352E-09 3.6326E-09 4.0197E-09 4.4011E-09 4.7758E-09 5.1437E-09 5.5059E-09 5.8577E-09 6.1972E-09 6.5234E-09 6.8334E-09 7.1287E-09 7.4061E-09 7.6651E-09 7.9036E-09 8.1211E-09 8.3163E-09 8.4895E-09 8.6403E-09 8.7695E-09 8.8774E-09 8.9638E-09 9.0292E-09 9.0740E-09 9.0998E-09 9.1067E-09 9.0967E-09 9.0712E-09 9.0311E-09 8.9766E-09
0.0000E+00 0.0000E+00 0.0000E+00 0.0000E+00 0.0000E+00 0.0000E+00 0.0000E+00 0.0000E+00 9.0516E-12 4.5710E-11 3.1660E-10 1.2573E-09 3.9500E-09 1.0465E-08 2.3416E-08 4.5128E-08 7.5286E-08 1.0720E-07 9.8686E-08 3.7813E-08 4.3689E-09 1.0973E-09 1.3086E-09 1.5493E-09 1.8199E-09 2.1369E-09 2.4760E-09 2.8289E-09 3.1868E-09 3.5436E-09 3.8999E-09 4.2560E-09 4.6092E-09 4.9585E-09 5.3010E-09 5.6348E-09 5.9588E-09 6.2706E-09 6.5691E-09 6.8524E-09 7.1199E-09 7.3700E-09 7.6010E-09 7.8125E-09 8.0036E-09 8.1747E-09 8.3261E-09 8.4574E-09 8.5674E-09 8.6581E-09 8.7289E-09 8.7811E-09 8.8149E-09 8.8318E-09 8.8335E-09 8.8196E-09 8.7917E-09
0.0000E+00 0.0000E+00 0.0000E+00 0.0000E+00 0.0000E+00 0.0000E+00 0.0000E+00 0.0000E+00 1.7908E-12 1.3618E-11 1.1971E-10 5.8790E-10 2.1695E-09 6.6657E-09 1.6871E-08 3.5591E-08 6.3273E-08 9.8834E-08 1.1916E-07 5.8923E-08 6.4914E-09 9.4887E-10 1.1378E-09 1.3500E-09 1.5877E-09 1.8547E-09 2.1602E-09 2.4720E-09 2.7942E-09 3.1217E-09 3.4508E-09 3.7832E-09 4.1162E-09 4.4486E-09 4.7785E-09 5.1025E-09 5.4194E-09 5.7269E-09 6.0242E-09 6.3097E-09 6.5820E-09 6.8392E-09 7.0800E-09 7.3036E-09 7.5095E-09 7.6983E-09 7.8684E-09 8.0191E-09 8.1514E-09 8.2643E-09 8.3592E-09 8.4356E-09 8.4949E-09 8.5378E-09 8.5650E-09 8.5769E-09 8.5737E-09
0.0000E+00 0.0000E+00 0.0000E+00 0.0000E+00 0.0000E+00 0.0000E+00 0.0000E+00 0.0000E+00 0.0000E+00 4.0899E-12 1.8064E-11 2.0875E-10 9.9239E-10 3.5252E-09 1.0615E-08 2.6338E-08 5.2765E-08 8.7119E-08 1.2757E-07 9.0850E-08 1.2022E-08 8.1928E-10 9.8326E-10 1.1706E-09 1.3800E-09 1.6143E-09 1.8830E-09 2.1608E-09 2.4483E-09 2.7442E-09 3.0457E-09 3.3534E-09 3.6643E-09 3.9774E-09 4.2905E-09 4.6007E-09 4.9066E-09 5.2066E-09 5.4997E-09 5.7833E-09 6.0566E-09 6.3169E-09 6.5639E-09 6.7966E-09 7.0148E-09 7.2168E-09 7.4019E-09 7.5697E-09 7.7205E-09 7.8539E-09 7.9703E-09 8.0692E-09 8.1518E-09 8.2187E-09 8.2699E-09 8.3055E-09 8.3268E-09
0.0000E+00 0.0000E+00 0.0000E+00 0.0000E+00 0.0000E+00 0.0000E+00 0.0000E+00 0.0000E+00 0.0000E+00 7.0900E-13 6.5770E-12 2.9253E-11 2.8890E-10 1.4372E-09 5.5234E-09 1.6934E-08 4.0984E-08 7.6131E-08 1.2081E-07 1.2970E-07 2.4320E-08 7.0267E-10 8.4568E-10 1.0088E-09 1.1939E-09 1.4001E-09 1.6354E-09 1.8812E-09 2.1385E-09 2.4049E-09 2.6795E-09 2.9618E-09 3.2497E-09 3.5416E-09 3.8361E-09 4.1309E-09 4.4238E-09 4.7135E-09 4.9991E-09 5.2776E-09 5.5477E-09 5.8089E-09 6.0590E-09 6.2981E-09 6.5240E-09 6.7357E-09 6.9327E-09 7.1149E-09 7.2812E-09 7.4326E-09 7.5672E-09 7.6864E-09 7.7905E-09 7.8791E-09 7.9522E-09 8.0106E-09 8.0552E-09
0.0000E+00 0.0000E+00 0.0000E+00 0.0000E+00 0.0000E+00 0.0000E+00 0.0000E+00 0.0000E+00 0.0000E+00 0.0000E+00 1.9787E-12 1.0099E-11 3.2671E-11 3.3684E-10 2.0361E-09 8.4262E-09 2.7295E-08 6.3600E-08 1.0975E-07 1.5596E-07 5.1571E-08 6.1260E-10 7.2504E-10 8.6437E-10 1.0255E-09 1.2090E-09 1.4145E-09 1.6315E-09 1.8607E-09 2.0998E-09 2.3488E-09 2.6062E-09 2.8713E-09 3.1417E-09 3.4166E-09 3.6943E-09 3.9725E-09 4.2496E-09 4.5244E-09 4.7956E-09 5.0607E-09 5.3197E-09 5.5707E-09 5.8113E-09 6.0418E-09 6.2601E-09 6.4665E-09 6.6595E-09 6.8394E-09 7.0046E-09 7.1559E-09 7.2930E-09 7.4156E-09 7.5235E-09 7.6167E-09 7.6959E-09 7.7625E-09
0.0000E+00 0.0000E+00 0.0000E+00 0.0000E+00 0.0000E+00 0.0000E+00 0.0000E+00 0.0000E+00 0.0000E+00 0.0000E+00 0.0000E+00 3.3484E-12 1.3802E-11 3.6318E-11 1.2506E-10 2.8557E-09 1.3446E-08 4.4492E-08 9.7538E-08 1.6099E-07 1.0453E-07 1.4200E-09 6.2162E-10 7.4357E-10 8.8119E-10 1.0368E-09 1.2167E-09 1.4093E-09 1.6129E-09 1.8271E-09 2.0516E-09 2.2853E-09 2.5275E-09 2.7765E-09 3.0313E-09 3.2906E-09 3.5527E-09 3.8162E-09 4.0789E-09 4.3409E-09 4.5994E-09 4.8528E-09 5.1005E-09 5.3407E-09 5.5725E-09 5.7952E-09 6.0074E-09 6.2087E-09 6.3984E-09 6.5758E-09 6.7411E-09 6.8930E-09 7.0316E-09 7.1562E-09 7.2677E-09 7.3666E-09 7.4523E-09
0.0000E+00 0.0000E+00 0.0000E+00 0.0000E+00 0.0000E+00 0.0000E+00 0.0000E+00 0.0000E+00 0.0000E+00 0.0000E+00 0.0000E+00 0.0000E+00 4.3325E-12 1.7519E-11 4.2647E-11 1.2477E-10 3.8410E-09 2.2431E-08 7.5759E-08 1.4991E-07 1.7724E-07 8.3027E-09 5.2959E-10 6.3562E-10 7.5603E-10 8.9143E-10 1.0478E-09 1.2141E-09 1.3925E-09 1.5837E-09 1.7852E-09 1.9964E-09 2.2167E-09 2.4449E-09 2.6800E-09 2.9208E-09 3.1663E-09 3.4152E-09 3.6649E-09 3.9150E-09 4.1638E-09 4.4098E-09 4.6519E-09 4.8894E-09 5.1202E-09 5.3442E-09 5.5597E-09 5.7665E-09 5.9635E-09 6.1509E-09 6.3267E-09 6.4908E-09 6.6424E-09 6.7821E-09 6.9097E-09 7.0255E-09 7.1281E-09
0.0000E+00 0.0000E+00 0.0000E+00 0.0000E+00 0.0000E+00 0.0000E+00 0.0000E+00 0.0000E+00 0.0000E+00 0.0000E+00 0.0000E+00 0.0000E+00 6.2216E-13 7.2739E-12 2.2049E-11 4.8896E-11 1.2236E-10 5.8529E-09 4.0003E-08 1.3384E-07 2.3616E-07 2.8639E-08 4.4698E-10 5.3977E-10 6.4445E-10 7.6263E-10 8.9879E-10 1.0446E-09 1.2018E-09 1.3708E-09 1.5502E-09 1.7400E-09 1.9393E-09 2.1470E-09 2.3628E-09 2.5853E-09 2.8132E-09 3.0459E-09 3.2810E-09 3.5180E-09 3.7555E-09 3.9927E-09 4.2275E-09 4.4595E-09 4.6876E-09 4.9099E-09 5.1267E-09 5.3366E-09 5.5391E-09 5.7327E-09 5.9165E-09 6.0897E-09 6.2527E-09 6.4049E-09 6.5465E-09 6.6760E-09 6.7943E-09
