Assets/Resources/2015_m01_d06_1100(utc+0800)_l00_csi_1hr_conc.grd
DSAA
         159         159
     -79.000      79.000
     -79.000      79.000
  0.0000E+00  0.3196E-05
[rows 0 to 24 of 159, columns 57 to 113 of 159]
4.3779E-13 1.6056E-11 3.8805E-11 6.8043E-11 1.0833E-10 1.5400E-10 2.1801E-10 2.9492E-10 3.9152E-10 5.0695E-10 6.4590E-10 8.1128E-10 1.0038E-09 1.2258E-09 1.4798E-09 1.7646E-09 2.0795E-09 2.4220E-09 2.7872E-09 3.1702E-09 3.5633E-09 3.9586E-09 4.3476E-09 4.7206E-09 5.0693E-09 5.3844E-09 5.6582E-09 5.8842E-09 6.0571E-09 6.1734E-09 6.2320E-09 6.2336E-09 6.1772E-09 6.0682E-09 5.9105E-09 5.7092E-09 5.4709E-09 5.2024E-09 4.9102E-09 4.6028E-09 4.2839E-09 3.9591E-09 3.6355E-09 3.3189E-09 3.0104E-09 2.7132E-09 2.4321E-09 2.1672E-09 1.9191E-09 1.6926E-09 1.4824E-09 1.2914E-09 1.1203E-09 9.6380E-10 8.2622E-10 7.0266E-10 5.9541E-10
5.5588E-13 1.7296E-11 4.3438E-11 7.6965E-11 1.1904E-10 1.7203E-10 2.4052E-10 3.2588E-10 4.3197E-10 5.5863E-10 7.1101E-10 8.9005E-10 1.1011E-09 1.3452E-09 1.6229E-09 1.9350E-09 2.2788E-09 2.6513E-09 3.0478E-09 3.4605E-09 3.8847E-09 4.3101E-09 4.7269E-09 5.1253E-09 5.4949E-09 5.8269E-09 6.1128E-09 6.3466E-09 6.5210E-09 6.6333E-09 6.6819E-09 6.6673E-09 6.5919E-09 6.4595E-09 6.2767E-09 6.0485E-09 5.7817E-09 5.4841E-09 5.1627E-09 4.8244E-09 4.4783E-09 4.1299E-09 3.7819E-09 3.4414E-09 3.1143E-09 2.8005E-09 2.5027E-09 2.2262E-09 1.9674E-09 1.7289E-09 1.5129E-09 1.3138E-09 1.1375E-09 9.7748E-10 8.3613E-10 7.1120E-10 6.0049E-10
2.5784E-13 1.8987E-11 4.7914E-11 8.6138E-11 1.3292E-10 1.9110E-10 2.6312E-10 3.5891E-10 4.7332E-10 6.1185E-10 7.7647E-10 9.7443E-10 1.2055E-09 1.4714E-09 1.7731E-09 2.1101E-09 2.4822E-09 2.8847E-09 3.3126E-09 3.7589E-09 4.2146E-09 4.6704E-09 5.1152E-09 5.5383E-09 5.9288E-09 6.2764E-09 6.5724E-09 6.8093E-09 6.9819E-09 7.0867E-09 7.1244E-09 7.0936E-09 6.9975E-09 6.8410E-09 6.6299E-09 6.3714E-09 6.0742E-09 5.7458E-09 5.3955E-09 5.0291E-09 4.6539E-09 4.2787E-09 3.9094E-09 3.5480E-09 3.2004E-09 2.8713E-09 2.5593E-09 2.2684E-09 2.0019E-09 1.7542E-09 1.5313E-09 1.3291E-09 1.1465E-09 9.8479E-10 8.3922E-10 7.1356E-10 6.0027E-10
7.7165E-13 2.1494E-11 5.1996E-11 9.6113E-11 1.4606E-10 2.0875E-10 2.9000E-10 3.9323E-10 5.1612E-10 6.6690E-10 8.4785E-10 1.0623E-09 1.3125E-09 1.6000E-09 1.9278E-09 2.2947E-09 2.6981E-09 3.1341E-09 3.5950E-09 4.0746E-09 4.5630E-09 5.0490E-09 5.5216E-09 5.9688E-09 6.3786E-09 6.7403E-09 7.0455E-09 7.2848E-09 7.4534E-09 7.5481E-09 7.5682E-09 7.5153E-09 7.3934E-09 7.2082E-09 6.9677E-09 6.6778E-09 6.3476E-09 5.9870E-09 5.6040E-09 5.2090E-09 4.8083E-09 4.4068E-09 4.0127E-09 3.6328E-09 3.2675E-09 2.9215E-09 2.5997E-09 2.2982E-09 2.0212E-09 1.7682E-09 1.5372E-09 1.3328E-09 1.1465E-09 9.8352E-10 8.3667E-10 7.1010E-10 5.9572E-10
2.3327E-12 2.1548E-11 5.7664E-11 1.0544E-10 1.5814E-10 2.2783E-10 3.1551E-10 4.2611E-10 5.6085E-10 7.2541E-10 9.2090E-10 1.1526E-09 1.4232E-09 1.7357E-09 2.0897E-09 2.4851E-09 2.9186E-09 3.3853E-09 3.8791E-09 4.3913E-09 4.9115E-09 5.4277E-09 5.9269E-09 6.3969E-09 6.8246E-09 7.1985E-09 7.5087E-09 7.7473E-09 7.9091E-09 7.9925E-09 7.9958E-09 7.9207E-09 7.7720E-09 7.5565E-09 7.2821E-09 6.9581E-09 6.5950E-09 6.2024E-09 5.7886E-09 5.3624E-09 4.9339E-09 4.5101E-09 4.0945E-09 3.6942E-09 3.3145E-09 2.9538E-09 2.6185E-09 2.3107E-09 2.0252E-09 1.7683E-09 1.5342E-09 1.3262E-09 1.1391E-09 9.7353E-10 8.2692E-10 7.0005E-10 5.8580E-10
3.6174E-12 2.3771E-11 6.3860E-11 1.1339E-10 1.7242E-10 2.4720E-10 3.4214E-10 4.6130E-10 6.0761E-10 7.8383E-10 9.9476E-10 1.2456E-09 1.5387E-09 1.8751E-09 2.2550E-09 2.6783E-09 3.1424E-09 3.6423E-09 4.1699E-09 4.7158E-09 5.2680E-09 5.8134E-09 6.3384E-09 6.8291E-09 7.2723E-09 7.6567E-09 7.9706E-09 8.2063E-09 8.3585E-09 8.4249E-09 8.4060E-09 8.3047E-09 8.1266E-09 7.8807E-09 7.5726E-09 7.2138E-09 6.8151E-09 6.3877E-09 5.9427E-09 5.4885E-09 5.0325E-09 4.5837E-09 4.1496E-09 3.7320E-09 3.3361E-09 2.9665E-09 2.6211E-09 2.3054E-09 2.0157E-09 1.7522E-09 1.5179E-09 1.3069E-09 1.1223E-09 9.5575E-10 8.1126E-10 6.8487E-10 5.7110E-10
4.9825E-12 2.6687E-11 6.8438E-11 1.2364E-10 1.8784E-10 2.6563E-10 3.6993E-10 4.9758E-10 6.5400E-10 8.4391E-10 1.0718E-09 1.3413E-09 1.6551E-09 2.0159E-09 2.4241E-09 2.8795E-09 3.3775E-09 3.9115E-09 4.4730E-09 5.0513E-09 5.6340E-09 6.2075E-09 6.7573E-09 7.2681E-09 7.7255E-09 8.1167E-09 8.4311E-09 8.6604E-09 8.8001E-09 8.8478E-09 8.8036E-09 8.6724E-09 8.4607E-09 8.1771E-09 7.8323E-09 7.4377E-09 7.0043E-09 6.5428E-09 6.0648E-09 5.5815E-09 5.1019E-09 4.6307E-09 4.1766E-09 3.7452E-09 3.3357E-09 2.9548E-09 2.6037E-09 2.2808E-09 1.9901E-09 1.7249E-09 1.4898E-09 1.2795E-09 1.0953E-09 9.2951E-10 7.8793E-10 6.6316E-10 5.5216E-10
8.2868E-12 2.9523E-11 7.2338E-11 1.3416E-10 2.0081E-10 2.8652E-10 3.9778E-10 5.3314E-10 7.0148E-10 9.0537E-10 1.1488E-09 1.4369E-09 1.7741E-09 2.1617E-09 2.5991E-09 3.0838E-09 3.6116E-09 4.1771E-09 4.7709E-09 5.3820E-09 5.9958E-09 6.5968E-09 7.1695E-09 7.6975E-09 8.1665E-09 8.5623E-09 8.8744E-09 9.0946E-09 9.2179E-09 9.2428E-09 9.1715E-09 9.0089E-09 8.7640E-09 8.4440E-09 8.0611E-09 7.6280E-09 7.1583E-09 6.6638E-09 6.1550E-09 5.6429E-09 5.1371E-09 4.6466E-09 4.1749E-09 3.7291E-09 3.3122E-09 2.9235E-09 2.5680E-09 2.2414E-09 1.9467E-09 1.6835E-09 1.4474E-09 1.2421E-09 1.0594E-09 8.9731E-10 7.5914E-10 6.3656E-10 5.2835E-10
1.2157E-11 3.2325E-11 7.7174E-11 1.4321E-10 2.1555E-10 3.0816E-10 4.2460E-10 5.6919E-10 7.4883E-10 9.6601E-10 1.2264E-09 1.5355E-09 1.8964E-09 2.3084E-09 2.7723E-09 3.2870E-09 3.8481E-09 4.4482E-09 5.0767E-09 5.7202E-09 6.3637E-09 6.9903E-09 7.5835E-09 8.1268E-09 8.6040E-09 9.0015E-09 9.3079E-09 9.5152E-09 9.6196E-09 9.6189E-09 9.5165E-09 9.3190E-09 9.0353E-09 8.6762E-09 8.2546E-09 7.7835E-09 7.2767E-09 6.7471E-09 6.2085E-09 5.6704E-09 5.1426E-09 4.6322E-09 4.1469E-09 3.6881E-09 3.2620E-09 2.8692E-09 2.5097E-09 2.1852E-09 1.8901E-09 1.6301E-09 1.3960E-09 1.1945E-09 1.0145E-09 8.5790E-10 7.2312E-10 6.0523E-10 5.0137E-10
1.5627E-11 3.7496E-11 8.1866E-11 1.5378E-10 2.3150E-10 3.2909E-10 4.5168E-10 6.0539E-10 7.9556E-10 1.0269E-09 1.3062E-09 1.6347E-09 2.0161E-09 2.4538E-09 2.9471E-09 3.4935E-09 4.0874E-09 4.7193E-09 5.3782E-09 6.0508E-09 6.7214E-09 7.3729E-09 7.9861E-09 8.5430E-09 9.0270E-09 9.4235E-09 9.7212E-09 9.9127E-09 9.9938E-09 9.9646E-09 9.8292E-09 9.5951E-09 9.2716E-09 8.8718E-09 8.4098E-09 7.9005E-09 7.3584E-09 6.7964E-09 6.2272E-09 5.6631E-09 5.1140E-09 4.5865E-09 4.0877E-09 3.6220E-09 3.1901E-09 2.7961E-09 2.4354E-09 2.1112E-09 1.8199E-09 1.5613E-09 1.3340E-09 1.1376E-09 9.6351E-10 8.1313E-10 6.8261E-10 5.6943E-10 4.7050E-10
1.9900E-11 4.2274E-11 8.6458E-11 1.6419E-10 2.4623E-10 3.4966E-10 4.7923E-10 6.4170E-10 8.4310E-10 1.0898E-09 1.3834E-09 1.7307E-09 2.1357E-09 2.6002E-09 3.1224E-09 3.6982E-09 4.3215E-09 4.9843E-09 5.6749E-09 6.3782E-09 7.0762E-09 7.7499E-09 8.3799E-09 8.9468E-09 9.4340E-09 9.8261E-09 1.0112E-08 1.0285E-08 1.0341E-08 1.0280E-08 1.0109E-08 9.8356E-09 9.4716E-09 9.0309E-09 8.5282E-09 7.9796E-09 7.4006E-09 6.8063E-09 6.2098E-09 5.6222E-09 5.0551E-09 4.5142E-09 4.0041E-09 3.5308E-09 3.0957E-09 2.6998E-09 2.3435E-09 2.0217E-09 1.7385E-09 1.4836E-09 1.2633E-09 1.0721E-09 9.0623E-10 7.6141E-10 6.3748E-10 5.3093E-10 4.3698E-10
2.5077E-11 4.8227E-11 9.3097E-11 1.7146E-10 2.6291E-10 3.7077E-10 5.0707E-10 6.7814E-10 8.8992E-10 1.1483E-09 1.4592E-09 1.8269E-09 2.2549E-09 2.7438E-09 3.2927E-09 3.8981E-09 4.5537E-09 5.2497E-09 5.9722E-09 6.7037E-09 7.4260E-09 8.1190E-09 8.7635E-09 9.3392E-09 9.8278E-09 1.0214E-08 1.0486E-08 1.0636E-08 1.0663E-08 1.0568E-08 1.0358E-08 1.0043E-08 9.6352E-09 9.1514E-09 8.6074E-09 8.0203E-09 7.4068E-09 6.7823E-09 6.1588E-09 5.5499E-09 4.9647E-09 4.4111E-09 3.8943E-09 3.4173E-09 2.9830E-09 2.5888E-09 2.2361E-09 1.9205E-09 1.6429E-09 1.3964E-09 1.1844E-09 1.0011E-09 8.4473E-10 7.0627E-10 5.8870E-10 4.8922E-10 4.0159E-10
2.9226E-11 5.5867E-11 1.0030E-10 1.8147E-10 2.7903E-10 3.9190E-10 5.3428E-10 7.1326E-10 9.3430E-10 1.2075E-09 1.5343E-09 1.9206E-09 2.3700E-09 2.8832E-09 3.4600E-09 4.0959E-09 4.7820E-09 5.5060E-09 6.2555E-09 7.0132E-09 7.7593E-09 8.4726E-09 9.1309E-09 9.7130E-09 1.0200E-08 1.0576E-08 1.0832E-08 1.0958E-08 1.0955E-08 1.0823E-08 1.0572E-08 1.0214E-08 9.7634E-09 9.2359E-09 8.6503E-09 8.0243E-09 7.3762E-09 6.7217E-09 6.0741E-09 5.4461E-09 4.8480E-09 4.2852E-09 3.7632E-09 3.2844E-09 2.8508E-09 2.4618E-09 2.1141E-09 1.8091E-09 1.5382E-09 1.3029E-09 1.0977E-09 9.2593E-10 7.7771E-10 6.4740E-10 5.3854E-10 4.4567E-10 3.6501E-10
3.4182E-11 6.3845E-11 1.0801E-10 1.8964E-10 2.9585E-10 4.1299E-10 5.6098E-10 7.4611E-10 9.7948E-10 1.2641E-09 1.6064E-09 2.0117E-09 2.4821E-09 3.0199E-09 3.6229E-09 4.2854E-09 4.9990E-09 5.7525E-09 6.5313E-09 7.3165E-09 8.0859E-09 8.8161E-09 9.4850E-09 1.0071E-08 1.0555E-08 1.0921E-08 1.1157E-08 1.1257E-08 1.1220E-08 1.1051E-08 1.0759E-08 1.0357E-08 9.8608E-09 9.2889E-09 8.6611E-09 7.9973E-09 7.3155E-09 6.6329E-09 5.9629E-09 5.3170E-09 4.7053E-09 4.1350E-09 3.6103E-09 3.1341E-09 2.7045E-09 2.3224E-09 1.9827E-09 1.6872E-09 1.4266E-09 1.2037E-09 1.0072E-09 8.4784E-10 7.0909E-10 5.8644E-10 4.8678E-10 4.0148E-10 3.2803E-10
3.9574E-11 7.1725E-11 1.1708E-10 2.0022E-10 3.1090E-10 4.3243E-10 5.8546E-10 7.8058E-10 1.0234E-09 1.3185E-09 1.6773E-09 2.0992E-09 2.5899E-09 3.1501E-09 3.7771E-09 4.4662E-09 5.2088E-09 5.9913E-09 6.7963E-09 7.6043E-09 8.3921E-09 9.1370E-09 9.8151E-09 1.0404E-08 1.0882E-08 1.1234E-08 1.1450E-08 1.1523E-08 1.1452E-08 1.1244E-08 1.0908E-08 1.0461E-08 9.9207E-09 9.3067E-09 8.6399E-09 7.9391E-09 7.2251E-09 6.5146E-09 5.8231E-09 5.1624E-09 4.5427E-09 3.9682E-09 3.4429E-09 2.9693E-09 2.5467E-09 2.1723E-09 1.8449E-09 1.5585E-09 1.3117E-09 1.0990E-09 9.1501E-10 7.6733E-10 6.3829E-10 5.2591E-10 4.3454E-10 3.5762E-10 2.9171E-10
4.4101E-11 7.9828E-11 1.2802E-10 2.0981E-10 3.2399E-10 4.5167E-10 6.1185E-10 8.1499E-10 1.0637E-09 1.3721E-09 1.7429E-09 2.1816E-09 2.6920E-09 3.2734E-09 3.9239E-09 4.6392E-09 5.4089E-09 6.2172E-09 7.0457E-09 7.8751E-09 8.6820E-09 9.4401E-09 1.0125E-08 1.0715E-08 1.1188E-08 1.1526E-08 1.1720E-08 1.1763E-08 1.1658E-08 1.1410E-08 1.1032E-08 1.0540E-08 9.9534E-09 9.2950E-09 8.5866E-09 7.8504E-09 7.1070E-09 6.3745E-09 5.6653E-09 4.9913E-09 4.3630E-09 3.7855E-09 3.2625E-09 2.7938E-09 2.3804E-09 2.0156E-09 1.7011E-09 1.4261E-09 1.1937E-09 9.9238E-10 8.2255E-10 6.8730E-10 5.6762E-10 4.6574E-10 3.8343E-10 3.1286E-10 2.4576E-10
4.7692E-11 8.7656E-11 1.4019E-10 2.2269E-10 3.3672E-10 4.7112E-10 6.3755E-10 8.4309E-10 1.1036E-09 1.4220E-09 1.8055E-09 2.2601E-09 2.7872E-09 3.3885E-09 4.0629E-09 4.8027E-09 5.5954E-09 6.4274E-09 7.2815E-09 8.1340E-09 8.9599E-09 9.7322E-09 1.0425E-08 1.1014E-08 1.1478E-08 1.1800E-08 1.1971E-08 1.1985E-08 1.1845E-08 1.1557E-08 1.1136E-08 1.0600E-08 9.9705E-09 9.2702E-09 8.5231E-09 7.7507E-09 6.9752E-09 6.2157E-09 5.4879E-09 4.8034E-09 4.1709E-09 3.5942E-09 3.0757E-09 2.6139E-09 2.2085E-09 1.8569E-09 1.5539E-09 1.2942E-09 1.0740E-09 8.8674E-10 7.3127E-10 6.0758E-10 4.9942E-10 4.0723E-10 3.3242E-10 2.6231E-10 2.0328E-10
5.1333E-11 9.4263E-11 1.5232E-10 2.3265E-10 3.4783E-10 4.8873E-10 6.5841E-10 8.7305E-10 1.1421E-09 1.4683E-09 1.8630E-09 2.3309E-09 2.8746E-09 3.4970E-09 4.1918E-09 4.9523E-09 5.7694E-09 6.6278E-09 7.5047E-09 8.3756E-09 9.2160E-09 9.9984E-09 1.0696E-08 1.1285E-08 1.1743E-08 1.2052E-08 1.2201E-08 1.2186E-08 1.2009E-08 1.1681E-08 1.1217E-08 1.0635E-08 9.9606E-09 9.2177E-09 8.4318E-09 7.6275E-09 6.8264E-09 6.0471E-09 5.3037E-09 4.6089E-09 3.9716E-09 3.3953E-09 2.8827E-09 2.4315E-09 2.0369E-09 1.6983E-09 1.4076E-09 1.1638E-09 9.5688E-10 7.8339E-10 6.4264E-10 5.3049E-10 4.3348E-10 3.4993E-10 2.8224E-10 2.0652E-10 1.7447E-10
5.3394E-11 1.0072E-10 1.6366E-10 2.4341E-10 3.5780E-10 5.0413E-10 6.7752E-10 9.0035E-10 1.1735E-09 1.5096E-09 1.9165E-09 2.3971E-09 2.9569E-09 3.5952E-09 4.3085E-09 5.0928E-09 5.9329E-09 6.8105E-09 7.7063E-09 8.5966E-09 9.4550E-09 1.0251E-08 1.0957E-08 1.1546E-08 1.1996E-08 1.2287E-08 1.2414E-08 1.2370E-08 1.2160E-08 1.1792E-08 1.1285E-08 1.0659E-08 9.9414E-09 9.1573E-09 8.3342E-09 7.4960E-09 6.6674E-09 5.8675E-09 5.1104E-09 4.4086E-09 3.7693E-09 3.1968E-09 2.6907E-09 2.2494E-09 1.8673E-09 1.5419E-09 1.2654E-09 1.0364E-09 8.4291E-10 6.8450E-10 5.5773E-10 4.5759E-10 3.6965E-10 2.9606E-10 2.1963E-10 1.7473E-10 1.4760E-10
5.4979E-11 1.0755E-10 1.7312E-10 2.5304E-10 3.6655E-10 5.1321E-10 6.9630E-10 9.2225E-10 1.2033E-09 1.5479E-09 1.9629E-09 2.4547E-09 3.0275E-09 3.6818E-09 4.4163E-09 5.2195E-09 6.0780E-09 6.9796E-09 7.9020E-09 8.8161E-09 9.6931E-09 1.0501E-08 1.1213E-08 1.1804E-08 1.2250E-08 1.2532E-08 1.2639E-08 1.2567E-08 1.2322E-08 1.1915E-08 1.1365E-08 1.0695E-08 9.9334E-09 9.1068E-09 8.2438E-09 7.3706E-09 6.5123E-09 5.6913E-09 4.9200E-09 4.2102E-09 3.5699E-09 3.0005E-09 2.5023E-09 2.0718E-09 1.7024E-09 1.3902E-09 1.1300E-09 9.1367E-10 7.3523E-10 5.9117E-10 4.7780E-10 3.8810E-10 3.1033E-10 2.3411E-10 1.7210E-10 1.4611E-10 1.2317E-10
5.4417E-11 1.1106E-10 1.8027E-10 2.6245E-10 3.7297E-10 5.2268E-10 7.0943E-10 9.3881E-10 1.2258E-09 1.5769E-09 1.9995E-09 2.5046E-09 3.0908E-09 3.7612E-09 4.5098E-09 5.3308E-09 6.2147E-09 7.1394E-09 8.0796E-09 9.0101E-09 9.9044E-09 1.0730E-08 1.1456E-08 1.2052E-08 1.2494E-08 1.2763E-08 1.2851E-08 1.2754E-08 1.2476E-08 1.2031E-08 1.1439E-08 1.0724E-08 9.9169E-09 9.0490E-09 8.1504E-09 7.2466E-09 6.3630E-09 5.5202E-09 4.7343E-09 4.0171E-09 3.3751E-09 2.8111E-09 2.3222E-09 1.9029E-09 1.5461E-09 1.2474E-09 1.0028E-09 7.9955E-10 6.3508E-10 5.0376E-10 4.0410E-10 3.2399E-10 2.5279E-10 1.7053E-10 1.4170E-10 1.2023E-10 1.0157E-10
5.2621E-11 1.1353E-10 1.8682E-10 2.6768E-10 3.7624E-10 5.2800E-10 7.1563E-10 9.5192E-10 1.2439E-09 1.5991E-09 2.0281E-09 2.5432E-09 3.1414E-09 3.8238E-09 4.5899E-09 5.4342E-09 6.3360E-09 7.2789E-09 8.2436E-09 9.2028E-09 1.0122E-08 1.0967E-08 1.1706E-08 1.2310E-08 1.2755E-08 1.3020E-08 1.3093E-08 1.2971E-08 1.2662E-08 1.2179E-08 1.1545E-08 1.0786E-08 9.9330E-09 9.0183E-09 8.0751E-09 7.1334E-09 6.2201E-09 5.3579E-09 4.5607E-09 3.8374E-09 3.1941E-09 2.6323E-09 2.1508E-09 1.7434E-09 1.3997E-09 1.1144E-09 8.8255E-10 6.9427E-10 5.4258E-10 4.2347E-10 3.3414E-10 2.6204E-10 1.7248E-10 1.3497E-10 1.1509E-10 9.7551E-11 8.2086E-11
4.9201E-11 1.1279E-10 1.8908E-10 2.7056E-10 3.7904E-10 5.2878E-10 7.1895E-10 9.5535E-10 1.2506E-09 1.6097E-09 2.0468E-09 2.5708E-09 3.1802E-09 3.8759E-09 4.6600E-09 5.5179E-09 6.4399E-09 7.4115E-09 8.4027E-09 9.3852E-09 1.0326E-08 1.1191E-08 1.1949E-08 1.2566E-08 1.3016E-08 1.3276E-08 1.3336E-08 1.3194E-08 1.2856E-08 1.2336E-08 1.1659E-08 1.0855E-08 9.9573E-09 9.0010E-09 8.0211E-09 7.0443E-09 6.1010E-09 5.2139E-09 4.3991E-09 3.6685E-09 3.0251E-09 2.4677E-09 1.9936E-09 1.5962E-09 1.2650E-09 9.9361E-10 7.7279E-10 5.9775E-10 4.6074E-10 3.5075E-10 2.6889E-10 1.8404E-10 1.2993E-10 1.0789E-10 9.1871E-11 7.4849E-11 5.8040E-11
4.5723E-11 1.0985E-10 1.8933E-10 2.6931E-10 3.7660E-10 5.2423E-10 7.1491E-10 9.5442E-10 1.2496E-09 1.6127E-09 2.0525E-09 2.5842E-09 3.2034E-09 3.9147E-09 4.7099E-09 5.5856E-09 6.5354E-09 7.5316E-09 8.5484E-09 9.5586E-09 1.0529E-08 1.1420E-08 1.2198E-08 1.2831E-08 1.3291E-08 1.3554E-08 1.3607E-08 1.3446E-08 1.3080E-08 1.2524E-08 1.1806E-08 1.0957E-08 1.0011E-08 9.0080E-09 7.9839E-09 6.9724E-09 6.0011E-09 5.0912E-09 4.2604E-09 3.5179E-09 2.8710E-09 2.3183E-09 1.8516E-09 1.4629E-09 1.1410E-09 8.8362E-10 6.7678E-10 5.1204E-10 3.8515E-10 2.8270E-10 2.0504E-10 1.2862E-10 1.0061E-10 8.2220E-11 6.5721E-11 5.0532E-11 3.3338E-11
4.1800E-11 1.0379E-10 1.8619E-10 2.6515E-10 3.7435E-10 5.1803E-10 7.0467E-10 9.4258E-10 1.2378E-09 1.6024E-09 2.0442E-09 2.5859E-09 3.2140E-09 3.9310E-09 4.7444E-09 5.6463E-09 6.6162E-09 7.6354E-09 8.6852E-09 9.7338E-09 1.0743E-08 1.1674E-08 1.2487E-08 1.3145E-08 1.3621E-08 1.3890E-08 1.3938E-08 1.3761E-08 1.3368E-08 1.2777E-08 1.2014E-08 1.1115E-08 1.0117E-08 9.0611E-09 7.9880E-09 6.9305E-09 5.9226E-09 4.9879E-09 4.1414E-09 3.3891E-09 2.7356E-09 2.1823E-09 1.7230E-09 1.3448E-09 1.0313E-09 7.8355E-10 5.9032E-10 4.3622E-10 3.1613E-10 2.1700E-10 1.3220E-10 9.2619E-11 7.0180E-11 5.4328E-11 3.8812E-11 2.2999E-11 9.4011E-12
