Assets/Resources/2015_m01_d03_1100(utc+0800)_l00_csi_1hr_conc.grd
DSAA
         159         159
     -79.000      79.000
     -79.000      79.000
  0.3478E-10  0.1350E-05
[rows 75 to 99 of 159, columns 57 to 113 of 159]
1.7948E-09 1.8493E-09 1.9022E-09 1.9590E-09 2.0227E-09 2.0867E-09 2.1557E-09 2.2228E-09 2.2892E-09 2.3561E-09 2.4241E-09 2.4939E-09 2.5655E-09 2.6391E-09 2.7146E-09 2.7921E-09 2.8718E-09 2.9536E-09 3.0375E-09 3.1295E-09 3.2370E-09 3.3528E-09 3.4774E-09 3.6086E-09 3.7463E-09 3.8882E-09 4.0251E-09 4.1632E-09 4.3068E-09 4.4560E-09 4.6107E-09 4.7708E-09 4.9376E-09 5.1144E-09 5.3003E-09 5.4921E-09 5.6900E-09 5.8914E-09 6.0963E-09 6.3024E-09 6.5086E-09 6.7138E-09 6.9160E-09 7.1146E-09 7.3085E-09 7.4995E-09 7.6847E-09 7.8611E-09 8.0240E-09 8.1742E-09 8.3106E-09 8.4319E-09 8.5370E-09 8.6244E-09 8.6931E-09 8.7422E-09 8.7705E-09
1.7977E-09 1.8528E-09 1.9062E-09 1.9675E-09 2.0321E-09 2.0981E-09 2.1671E-09 2.2335E-09 2.3012E-09 2.3687E-09 2.4381E-09 2.5094E-09 2.5827E-09 2.6581E-09 2.7355E-09 2.8151E-09 2.8969E-09 2.9810E-09 3.0674E-09 3.1774E-09 3.2957E-09 3.4202E-09 3.5467E-09 3.6853E-09 3.8311E-09 3.9701E-09 4.1130E-09 4.2597E-09 4.4127E-09 4.5718E-09 4.7372E-09 4.9111E-09 5.0979E-09 5.2958E-09 5.5022E-09 5.7145E-09 5.9315E-09 6.1531E-09 6.3769E-09 6.6026E-09 6.8283E-09 7.0531E-09 7.2744E-09 7.4917E-09 7.7117E-09 7.9230E-09 8.1262E-09 8.3219E-09 8.5057E-09 8.6744E-09 8.8256E-09 8.9594E-09 9.0741E-09 9.1695E-09 9.2419E-09 9.2941E-09 9.3221E-09
1.8026E-09 1.8555E-09 1.9123E-09 1.9752E-09 2.0387E-09 2.1080E-09 2.1763E-09 2.2439E-09 2.3115E-09 2.3803E-09 2.4511E-09 2.5239E-09 2.5988E-09 2.6759E-09 2.7552E-09 2.8368E-09 2.9208E-09 3.0072E-09 3.1083E-09 3.2204E-09 3.3471E-09 3.4836E-09 3.6223E-09 3.7687E-09 3.9088E-09 4.0535E-09 4.2025E-09 4.3583E-09 4.5210E-09 4.6910E-09 4.8707E-09 5.0682E-09 5.2773E-09 5.4957E-09 5.7215E-09 5.9532E-09 6.1903E-09 6.4318E-09 6.6755E-09 6.9216E-09 7.1679E-09 7.4127E-09 7.6549E-09 7.9010E-09 8.1428E-09 8.3786E-09 8.6060E-09 8.8213E-09 9.0235E-09 9.2105E-09 9.3774E-09 9.5242E-09 9.6496E-09 9.7518E-09 9.8281E-09 9.8799E-09 9.9050E-09
1.8040E-09 1.8572E-09 1.9155E-09 1.9800E-09 2.0481E-09 2.1165E-09 2.1845E-09 2.2526E-09 2.3207E-09 2.3908E-09 2.4630E-09 2.5373E-09 2.6138E-09 2.6925E-09 2.7737E-09 2.8573E-09 2.9434E-09 3.0380E-09 3.1545E-09 3.2746E-09 3.4048E-09 3.5481E-09 3.6944E-09 3.8396E-09 3.9852E-09 4.1356E-09 4.2934E-09 4.4587E-09 4.6330E-09 4.8181E-09 5.0231E-09 5.2435E-09 5.4717E-09 5.7091E-09 5.9550E-09 6.2074E-09 6.4653E-09 6.7281E-09 6.9936E-09 7.2620E-09 7.5294E-09 7.7961E-09 8.0687E-09 8.3387E-09 8.6029E-09 8.8602E-09 9.1093E-09 9.3450E-09 9.5647E-09 9.7685E-09 9.9511E-09 1.0109E-08 1.0243E-08 1.0351E-08 1.0433E-08 1.0486E-08 1.0511E-08
1.8045E-09 1.8582E-09 1.9201E-09 1.9862E-09 2.0559E-09 2.1234E-09 2.1912E-09 2.2597E-09 2.3289E-09 2.4002E-09 2.4737E-09 2.5494E-09 2.6275E-09 2.7079E-09 2.7909E-09 2.8764E-09 2.9646E-09 3.0740E-09 3.1924E-09 3.3288E-09 3.4682E-09 3.6160E-09 3.7632E-09 3.9088E-09 4.0599E-09 4.2187E-09 4.3859E-09 4.5636E-09 4.7536E-09 4.9623E-09 5.1910E-09 5.4299E-09 5.6778E-09 5.9382E-09 6.2087E-09 6.4860E-09 6.7705E-09 7.0554E-09 7.3466E-09 7.6404E-09 7.9284E-09 8.2273E-09 8.5223E-09 8.8176E-09 9.1022E-09 9.3831E-09 9.6536E-09 9.9103E-09 1.0148E-08 1.0365E-08 1.0558E-08 1.0728E-08 1.0870E-08 1.0984E-08 1.1067E-08 1.1122E-08 1.1143E-08
1.8042E-09 1.8612E-09 1.9245E-09 1.9914E-09 2.0602E-09 2.1288E-09 2.1968E-09 2.2657E-09 2.3360E-09 2.4085E-09 2.4832E-09 2.5603E-09 2.6399E-09 2.7220E-09 2.8067E-09 2.8942E-09 2.9963E-09 3.1099E-09 3.2414E-09 3.3811E-09 3.5274E-09 3.6756E-09 1.8603E-07 1.9504E-07 4.1358E-09 4.3031E-09 4.4831E-09 4.6770E-09 4.8891E-09 5.1237E-09 5.3761E-09 5.6448E-09 5.9288E-09 6.2284E-09 6.5384E-09 6.8552E-09 7.1765E-09 7.4935E-09 7.8037E-09 8.1144E-09 8.4358E-09 8.7619E-09 9.0843E-09 9.3856E-09 9.6889E-09 9.9789E-09 1.0262E-08 1.0532E-08 1.0785E-08 1.1012E-08 1.1214E-08 1.1391E-08 1.1541E-08 1.1659E-08 1.1744E-08 1.1797E-08 1.1815E-08
1.8030E-09 1.8605E-09 1.9281E-09 1.9973E-09 2.0637E-09 2.1331E-09 2.2014E-09 2.2706E-09 2.3419E-09 2.4155E-09 2.4915E-09 2.5700E-09 2.6510E-09 2.7347E-09 2.8211E-09 2.9104E-09 3.0245E-09 3.1508E-09 3.2826E-09 3.4289E-09 3.5872E-09 3.7329E-09 2.4835E-08 1.3501E-06 5.1616E-08 4.4172E-09 4.6135E-09 4.8215E-09 5.0483E-09 5.3161E-09 5.6097E-09 5.9253E-09 6.2588E-09 6.6058E-09 6.9635E-09 7.3225E-09 7.6916E-09 8.0609E-09 8.4201E-09 8.7731E-09 9.1312E-09 9.4822E-09 9.8214E-09 1.0143E-08 1.0443E-08 1.0739E-08 1.1020E-08 1.1282E-08 1.1528E-08 1.1750E-08 1.1942E-08 1.2109E-08 1.2254E-08 1.2372E-08 1.2454E-08 1.2502E-08 1.2513E-08
1.8010E-09 1.8628E-09 1.9317E-09 1.9990E-09 2.0662E-09 2.1351E-09 2.2043E-09 2.2744E-09 2.3467E-09 2.4214E-09 2.4985E-09 2.5783E-09 2.6607E-09 2.7459E-09 2.8340E-09 2.9372E-09 3.0577E-09 3.1913E-09 3.3342E-09 3.4846E-09 3.6350E-09 3.7874E-09 4.7093E-09 5.4765E-07 3.3715E-07 2.7347E-08 6.2290E-09 5.2868E-09 5.4251E-09 5.6092E-09 5.9357E-09 6.3100E-09 6.7037E-09 7.1097E-09 7.5213E-09 7.9458E-09 8.3657E-09 8.7613E-09 9.1781E-09 9.5907E-09 9.9921E-09 1.0374E-08 1.0743E-08 1.1087E-08 1.1400E-08 1.1691E-08 1.1948E-08 1.2197E-08 1.2419E-08 1.2618E-08 1.2793E-08 1.2936E-08 1.3057E-08 1.3145E-08 1.3211E-08 1.3247E-08 1.3248E-08
1.7982E-09 1.8642E-09 1.9310E-09 1.9998E-09 2.0678E-09 2.1368E-09 2.2061E-09 2.2770E-09 2.3502E-09 2.4260E-09 2.5043E-09 2.5852E-09 2.6690E-09 2.7557E-09 2.8454E-09 2.9573E-09 3.0850E-09 3.2292E-09 3.3855E-09 3.5328E-09 3.6824E-09 3.8393E-09 4.3494E-09 1.8242E-07 3.8470E-07 1.4171E-07 3.1425E-08 1.0713E-08 7.2908E-09 6.6819E-09 6.5443E-09 6.8790E-09 7.3186E-09 7.8046E-09 8.2974E-09 8.7530E-09 9.2532E-09 9.7461E-09 1.0210E-08 1.0667E-08 1.1119E-08 1.1530E-08 1.1890E-08 1.2237E-08 1.2554E-08 1.2838E-08 1.3083E-08 1.3284E-08 1.3479E-08 1.3634E-08 1.3776E-08 1.3885E-08 1.3974E-08 1.4021E-08 1.4047E-08 1.4040E-08 1.4022E-08
1.7976E-09 1.8647E-09 1.9329E-09 1.9990E-09 2.0683E-09 2.1374E-09 2.2067E-09 2.2784E-09 2.3526E-09 2.4293E-09 2.5086E-09 2.5908E-09 2.6759E-09 2.7640E-09 2.8614E-09 2.9852E-09 3.1225E-09 3.2689E-09 3.4222E-09 3.5734E-09 3.7295E-09 3.8912E-09 4.6556E-09 8.0958E-08 2.7584E-07 2.3010E-07 9.5233E-08 3.5258E-08 1.6213E-08 1.0475E-08 8.8160E-09 8.1644E-09 8.3701E-09 8.8095E-09 9.3873E-09 9.9796E-09 1.0537E-08 1.1069E-08 1.1614E-08 1.2112E-08 1.2538E-08 1.2963E-08 1.3340E-08 1.3651E-08 1.3930E-08 1.4183E-08 1.4397E-08 1.4581E-08 1.4698E-08 1.4809E-08 1.4895E-08 1.4949E-08 1.4993E-08 1.5010E-08 1.4981E-08 1.4935E-08 1.4845E-08
1.7962E-09 1.8637E-09 1.9312E-09 1.9979E-09 2.0672E-09 2.1362E-09 2.2063E-09 2.2787E-09 2.3537E-09 2.4313E-09 2.5117E-09 2.5950E-09 2.6813E-09 2.7707E-09 2.8821E-09 3.0148E-09 3.1516E-09 3.3070E-09 3.4589E-09 3.6136E-09 3.7737E-09 3.9492E-09 4.9883E-09 4.7462E-08 1.7495E-07 2.3050E-07 1.5672E-07 7.8613E-08 3.8894E-08 2.1301E-08 1.4324E-08 1.1621E-08 1.0721E-08 1.0581E-08 1.1077E-08 1.1690E-08 1.2344E-08 1.2952E-08 1.3480E-08 1.3976E-08 1.4431E-08 1.4809E-08 1.5110E-08 1.5394E-08 1.5610E-08 1.5764E-08 1.5916E-08 1.6027E-08 1.6108E-08 1.6135E-08 1.6140E-08 1.6138E-08 1.6108E-08 1.6062E-08 1.6003E-08 1.5901E-08 1.5777E-08
1.7947E-09 1.8607E-09 1.9281E-09 1.9952E-09 2.0651E-09 2.1340E-09 2.2047E-09 2.2778E-09 2.3535E-09 2.4320E-09 2.5134E-09 2.5977E-09 2.6851E-09 2.7818E-09 2.9048E-09 3.0390E-09 3.1860E-09 3.3400E-09 3.4950E-09 3.6531E-09 3.8193E-09 4.0184E-09 6.3650E-09 3.3404E-08 1.1899E-07 1.9562E-07 1.8061E-07 1.2108E-07 7.0445E-08 4.1017E-08 2.5365E-08 1.8338E-08 1.5277E-08 1.4013E-08 1.3848E-08 1.4240E-08 1.4840E-08 1.5460E-08 1.6011E-08 1.6463E-08 1.6822E-08 1.7156E-08 1.7404E-08 1.7529E-08 1.7651E-08 1.7713E-08 1.7710E-08 1.7704E-08 1.7677E-08 1.7624E-08 1.7544E-08 1.7423E-08 1.7323E-08 1.7196E-08 1.7063E-08 1.6919E-08 1.6743E-08
1.7896E-09 1.8595E-09 1.9239E-09 1.9917E-09 2.0613E-09 2.1308E-09 2.2019E-09 2.2757E-09 2.3522E-09 2.4314E-09 2.5137E-09 2.5991E-09 2.6878E-09 2.7980E-09 2.9187E-09 3.0624E-09 3.2153E-09 3.3725E-09 3.5278E-09 3.6903E-09 3.8675E-09 4.1020E-09 6.4872E-09 2.5799E-08 8.2826E-08 1.5359E-07 1.7686E-07 1.4645E-07 1.0125E-07 6.5247E-08 4.2559E-08 2.9788E-08 2.2881E-08 1.9797E-08 1.8638E-08 1.8191E-08 1.8369E-08 1.8805E-08 1.9259E-08 1.9650E-08 1.9929E-08 2.0078E-08 2.0193E-08 2.0212E-08 2.0143E-08 2.0028E-08 1.9875E-08 1.9686E-08 1.9479E-08 1.9287E-08 1.9085E-08 1.8856E-08 1.8641E-08 1.8416E-08 1.8197E-08 1.7972E-08 1.7736E-08
1.7859E-09 1.8542E-09 1.9197E-09 1.9878E-09 2.0572E-09 2.1264E-09 2.1981E-09 2.2724E-09 2.3496E-09 2.4297E-09 2.5130E-09 2.5995E-09 2.6895E-09 2.8024E-09 2.9433E-09 3.0890E-09 3.2444E-09 3.4015E-09 3.5596E-09 3.7291E-09 3.9187E-09 4.2084E-09 6.6238E-09 2.0736E-08 6.0702E-08 1.1837E-07 1.5501E-07 1.5172E-07 1.2229E-07 8.8688E-08 6.2360E-08 4.4741E-08 3.4080E-08 2.8278E-08 2.5235E-08 2.3912E-08 2.3303E-08 2.3202E-08 2.3401E-08 2.3591E-08 2.3721E-08 2.3727E-08 2.3605E-08 2.3391E-08 2.3115E-08 2.2771E-08 2.2368E-08 2.1971E-08 2.1567E-08 2.1170E-08 2.0798E-08 2.0422E-08 2.0081E-08 1.9729E-08 1.9399E-08 1.9089E-08 1.8769E-08
1.7821E-09 1.8480E-09 1.9138E-09 1.9823E-09 2.0514E-09 2.1210E-09 2.1932E-09 2.2682E-09 2.3462E-09 2.4271E-09 2.5114E-09 2.5991E-09 2.6962E-09 2.8174E-09 2.9620E-09 3.1151E-09 3.2678E-09 3.4248E-09 3.5903E-09 3.7713E-09 3.9721E-09 4.3270E-09 6.5428E-09 1.7463E-08 4.5993E-08 9.0031E-08 1.2967E-07 1.4275E-07 1.3032E-07 1.0595E-07 8.0966E-08 6.1233E-08 4.7554E-08 3.8929E-08 3.3904E-08 3.1173E-08 2.9677E-08 2.8922E-08 2.8533E-08 2.8353E-08 2.8230E-08 2.7978E-08 2.7612E-08 2.7134E-08 2.6545E-08 2.5918E-08 2.5260E-08 2.4578E-08 2.3923E-08 2.3293E-08 2.2702E-08 2.2140E-08 2.1634E-08 2.1144E-08 2.0688E-08 2.0262E-08 1.9849E-08
1.7775E-09 1.8411E-09 1.9071E-09 1.9759E-09 2.0447E-09 2.1148E-09 2.1876E-09 2.2632E-09 2.3419E-09 2.4238E-09 2.5090E-09 2.5976E-09 2.7020E-09 2.8347E-09 2.9827E-09 3.1357E-09 3.2882E-09 3.4501E-09 3.6224E-09 3.8145E-09 4.0274E-09 4.4860E-09 6.5310E-09 1.4881E-08 3.5365E-08 6.9458E-08 1.0493E-07 1.2644E-07 1.2765E-07 1.1391E-07 9.4647E-08 7.6111E-08 6.1287E-08 5.0792E-08 4.3924E-08 3.9642E-08 3.7113E-08 3.5704E-08 3.4703E-08 3.4006E-08 3.3425E-08 3.2860E-08 3.2182E-08 3.1381E-08 3.0467E-08 2.9491E-08 2.8499E-08 2.7498E-08 2.6538E-08 2.5637E-08 2.4797E-08 2.4003E-08 2.3296E-08 2.2643E-08 2.2035E-08 2.1484E-08 2.0956E-08
1.7696E-09 1.8333E-09 1.8997E-09 1.9689E-09 2.0374E-09 2.1079E-09 2.1813E-09 2.2576E-09 2.3370E-09 2.4196E-09 2.5057E-09 2.5954E-09 2.7077E-09 2.8515E-09 3.0012E-09 3.1533E-09 3.3102E-09 3.4761E-09 3.6569E-09 3.8591E-09 4.0923E-09 4.6676E-09 6.4816E-09 1.3225E-08 2.8469E-08 5.4084E-08 8.4388E-08 1.0787E-07 1.1739E-07 1.1382E-07 1.0172E-07 8.7005E-08 7.3288E-08 6.2219E-08 5.4194E-08 4.8822E-08 4.5286E-08 4.3076E-08 4.1539E-08 4.0309E-08 3.9326E-08 3.8267E-08 3.7226E-08 3.6058E-08 3.4776E-08 3.3428E-08 3.2052E-08 3.0709E-08 2.9416E-08 2.8192E-08 2.7063E-08 2.6010E-08 2.5068E-08 2.4218E-08 2.3448E-08 2.2761E-08 2.2112E-08
1.7610E-09 1.8250E-09 1.8917E-09 1.9613E-09 2.0295E-09 2.1005E-09 2.1743E-09 2.2512E-09 2.3313E-09 2.4147E-09 2.5018E-09 2.5927E-09 2.7188E-09 2.8627E-09 3.0116E-09 3.1652E-09 3.3288E-09 3.5006E-09 3.6916E-09 3.9041E-09 4.1654E-09 4.8387E-09 6.5011E-09 1.2014E-08 2.3537E-08 4.3228E-08 6.7816E-08 9.0183E-08 1.0405E-07 1.0754E-07 1.0286E-07 9.3200E-08 8.2159E-08 7.1995E-08 6.3846E-08 5.7824E-08 5.3635E-08 5.0794E-08 4.8703E-08 4.7015E-08 4.5577E-08 4.4128E-08 4.2649E-08 4.1052E-08 3.9378E-08 3.7630E-08 3.5864E-08 3.4129E-08 3.2472E-08 3.0907E-08 2.9462E-08 2.8127E-08 2.6948E-08 2.5875E-08 2.4921E-08 2.4071E-08 2.3287E-08
1.7514E-09 1.8156E-09 1.8826E-09 1.9525E-09 2.0211E-09 2.0925E-09 2.1668E-09 2.2443E-09 2.3252E-09 2.4096E-09 2.4975E-09 2.5952E-09 2.7292E-09 2.8768E-09 3.0266E-09 3.1783E-09 3.3470E-09 3.5266E-09 3.7264E-09 3.9484E-09 4.2459E-09 5.0060E-09 6.4946E-09 1.1160E-08 2.0266E-08 3.5454E-08 5.4968E-08 7.4748E-08 9.0181E-08 9.8505E-08 9.9545E-08 9.5020E-08 8.7442E-08 7.9281E-08 7.1864E-08 6.5965E-08 6.1552E-08 5.8287E-08 5.5769E-08 5.3710E-08 5.1901E-08 5.0098E-08 4.8232E-08 4.6222E-08 4.4144E-08 4.1996E-08 3.9830E-08 3.7708E-08 3.5664E-08 3.3741E-08 3.1968E-08 3.0331E-08 2.8891E-08 2.7575E-08 2.6419E-08 2.5398E-08 2.4465E-08
1.7413E-09 1.8057E-09 1.8729E-09 1.9432E-09 2.0121E-09 2.0840E-09 2.1590E-09 2.2372E-09 2.3187E-09 2.4038E-09 2.4928E-09 2.5917E-09 2.7389E-09 2.8876E-09 3.0356E-09 3.1931E-09 3.3657E-09 3.5523E-09 3.7608E-09 3.9933E-09 4.3329E-09 5.1436E-09 6.5929E-09 1.0528E-08 1.7746E-08 2.9530E-08 4.5184E-08 6.2262E-08 7.7489E-08 8.8366E-08 9.3414E-08 9.3234E-08 8.9362E-08 8.3609E-08 7.7710E-08 7.2608E-08 6.8355E-08 6.5060E-08 6.2376E-08 6.0069E-08 5.8002E-08 5.5901E-08 5.3710E-08 5.1349E-08 4.8904E-08 4.6363E-08 4.3813E-08 4.1306E-08 3.8884E-08 3.6610E-08 3.4505E-08 3.2565E-08 3.0851E-08 2.9302E-08 2.7931E-08 2.6736E-08 2.5661E-08
1.7309E-09 1.7954E-09 1.8636E-09 1.9336E-09 2.0030E-09 2.0753E-09 2.1507E-09 2.2296E-09 2.3119E-09 2.3977E-09 2.4873E-09 2.5934E-09 2.7458E-09 2.8950E-09 3.0457E-09 3.2035E-09 3.3820E-09 3.5766E-09 3.7921E-09 4.0404E-09 4.4245E-09 5.2395E-09 6.5833E-09 9.9876E-09 1.5846E-08 2.5176E-08 3.7766E-08 5.2146E-08 6.6437E-08 7.8185E-08 8.5898E-08 8.8898E-08 8.8190E-08 8.5217E-08 8.1197E-08 7.7211E-08 7.3681E-08 7.0656E-08 6.8082E-08 6.5738E-08 6.3533E-08 6.1249E-08 5.8832E-08 5.6205E-08 5.3433E-08 5.0569E-08 4.7679E-08 4.4824E-08 4.2053E-08 3.9433E-08 3.7017E-08 3.4781E-08 3.2795E-08 3.1010E-08 2.9431E-08 2.8060E-08 2.6826E-08
1.7208E-09 1.7856E-09 1.8535E-09 1.9237E-09 1.9935E-09 2.0663E-09 2.1423E-09 2.2216E-09 2.3045E-09 2.3911E-09 2.4814E-09 2.6002E-09 2.7522E-09 2.9010E-09 3.0514E-09 3.2126E-09 3.3978E-09 3.6003E-09 3.8241E-09 4.0911E-09 4.5162E-09 5.3013E-09 6.5985E-09 9.4898E-09 1.4320E-08 2.1751E-08 3.1890E-08 4.4087E-08 5.6942E-08 6.8670E-08 7.7567E-08 8.2974E-08 8.4854E-08 8.4220E-08 8.2292E-08 7.9772E-08 7.7186E-08 7.4797E-08 7.2562E-08 7.0396E-08 6.8236E-08 6.5906E-08 6.3359E-08 6.0567E-08 5.7581E-08 5.4463E-08 5.1277E-08 4.8120E-08 4.5045E-08 4.2125E-08 3.9420E-08 3.6909E-08 3.4672E-08 3.2667E-08 3.0890E-08 2.9337E-08 2.7950E-08
1.7106E-09 1.7756E-09 1.8438E-09 1.9137E-09 1.9838E-09 2.0569E-09 2.1334E-09 2.2133E-09 2.2967E-09 2.3837E-09 2.4747E-09 2.6059E-09 2.7571E-09 2.9001E-09 3.0549E-09 3.2212E-09 3.4133E-09 3.6252E-09 3.8562E-09 4.1463E-09 4.5901E-09 5.3496E-09 6.5888E-09 9.0529E-09 1.3003E-08 1.9046E-08 2.7320E-08 3.7492E-08 4.8830E-08 5.9913E-08 6.9296E-08 7.5988E-08 7.9867E-08 8.1335E-08 8.1209E-08 8.0224E-08 7.8835E-08 7.7287E-08 7.5634E-08 7.3825E-08 7.1866E-08 6.9633E-08 6.7089E-08 6.4228E-08 6.1140E-08 5.7855E-08 5.4463E-08 5.1076E-08 4.7757E-08 4.4587E-08 4.1632E-08 3.8887E-08 3.6428E-08 3.4220E-08 3.2257E-08 3.0540E-08 2.9009E-08
1.7015E-09 1.7654E-09 1.8338E-09 1.9033E-09 1.9737E-09 2.0473E-09 2.1241E-09 2.2044E-09 2.2881E-09 2.3755E-09 2.4667E-09 2.6102E-09 2.7554E-09 2.8998E-09 3.0564E-09 3.2300E-09 3.4324E-09 3.6490E-09 3.8938E-09 4.2035E-09 4.6536E-09 5.3563E-09 6.5106E-09 8.6509E-09 1.1979E-08 1.6936E-08 2.3629E-08 3.2155E-08 4.1964E-08 5.2099E-08 6.1335E-08 6.8718E-08 7.3844E-08 7.6951E-08 7.8408E-08 7.8886E-08 7.8742E-08 7.8134E-08 7.7188E-08 7.5902E-08 7.4277E-08 7.2257E-08 6.9851E-08 6.7045E-08 6.3956E-08 6.0606E-08 5.7112E-08 5.3575E-08 5.0091E-08 4.6739E-08 4.3587E-08 4.0652E-08 3.8009E-08 3.5627E-08 3.3503E-08 3.1641E-08 2.9980E-08
1.6914E-09 1.7549E-09 1.8229E-09 1.8926E-09 1.9633E-09 2.0371E-09 2.1142E-09 2.1946E-09 2.2786E-09 2.3663E-09 2.4577E-09 2.6129E-09 2.7519E-09 2.8981E-09 3.0547E-09 3.2402E-09 3.4496E-09 3.6700E-09 3.9292E-09 4.2547E-09 4.7007E-09 5.3954E-09 6.4682E-09 8.3147E-09 1.1058E-08 1.5101E-08 2.0675E-08 2.7804E-08 3.6179E-08 4.5213E-08 5.3929E-08 6.1498E-08 6.7343E-08 7.1554E-08 7.4388E-08 7.6143E-08 7.7120E-08 7.7489E-08 7.7284E-08 7.6599E-08 7.5400E-08 7.3718E-08 7.1521E-08 6.8897E-08 6.5899E-08 6.2610E-08 5.9114E-08 5.5532E-08 5.1962E-08 4.8500E-08 4.5217E-08 4.2147E-08 3.9364E-08 3.6846E-08 3.4590E-08 3.2614E-08 3.0838E-08
