Assets/Resources/2015_m01_d14_0800(utc+0800)_l00_csi_1hr_conc.grd
DSAA
         159         159
     -79.000      79.000
     -79.000      79.000
  0.0000E+00  0.5484E-05
[rows 0 to 24 of 159, columns 0 to 56 of 159]
1.4651E-09 1.4861E-09 1.5111E-09 1.5388E-09 1.5591E-09 1.5811E-09 1.6057E-09 1.6272E-09 1.6489E-09 1.6693E-09 1.6924E-09 1.7097E-09 1.7294E-09 1.7476E-09 1.7693E-09 1.7841E-09 1.8013E-09 1.8144E-09 1.8333E-09 1.8449E-09 1.8615E-09 1.8713E-09 1.8802E-09 1.8915E-09 1.9035E-09 1.9129E-09 1.9178E-09 1.9249E-09 1.9275E-09 1.9372E-09 1.9376E-09 1.9368E-09 1.9346E-09 1.9348E-09 1.9416E-09 1.9361E-09 1.9292E-09 1.9210E-09 1.9114E-09 1.9005E-09 1.8973E-09 1.8912E-09 1.8769E-09 1.8612E-09 1.8443E-09 1.8264E-09 1.8073E-09 1.7976E-09 1.7763E-09 1.7566E-09 1.7328E-09 1.7079E-09 1.6821E-09 1.6553E-09 1.6274E-09 1.5985E-09 1.5689E-09
1.5055E-09 1.5317E-09 1.5608E-09 1.5825E-09 1.6060E-09 1.6344E-09 1.6551E-09 1.6783E-09 1.7004E-09 1.7251E-09 1.7440E-09 1.7653E-09 1.7884E-09 1.8088E-09 1.8284E-09 1.8441E-09 1.8623E-09 1.8798E-09 1.8957E-09 1.9116E-09 1.9233E-09 1.9373E-09 1.9496E-09 1.9644E-09 1.9722E-09 1.9788E-09 1.9878E-09 2.0004E-09 2.0038E-09 2.0059E-09 2.0067E-09 2.0098E-09 2.0166E-09 2.0169E-09 2.0130E-09 2.0076E-09 2.0007E-09 1.9925E-09 1.9949E-09 1.9887E-09 1.9769E-09 1.9637E-09 1.9493E-09 1.9338E-09 1.9231E-09 1.9126E-09 1.8932E-09 1.8724E-09 1.8504E-09 1.8274E-09 1.8032E-09 1.7779E-09 1.7544E-09 1.7314E-09 1.7064E-09 1.6770E-09 1.6467E-09
1.5508E-09 1.5813E-09 1.6045E-09 1.6294E-09 1.6592E-09 1.6814E-09 1.7062E-09 1.7322E-09 1.7562E-09 1.7767E-09 1.7998E-09 1.8247E-09 1.8468E-09 1.8681E-09 1.8858E-09 1.9057E-09 1.9251E-09 1.9461E-09 1.9607E-09 1.9742E-09 1.9901E-09 2.0102E-09 2.0211E-09 2.0307E-09 2.0427E-09 2.0527E-09 2.0647E-09 2.0699E-09 2.0739E-09 2.0801E-09 2.0898E-09 2.0932E-09 2.0923E-09 2.0900E-09 2.0862E-09 2.0809E-09 2.0863E-09 2.0830E-09 2.0740E-09 2.0636E-09 2.0519E-09 2.0390E-09 2.0385E-09 2.0231E-09 2.0060E-09 1.9875E-09 1.9678E-09 1.9469E-09 1.9246E-09 1.9122E-09 1.8875E-09 1.8619E-09 1.8352E-09 1.8071E-09 1.7781E-09 1.7480E-09 1.7168E-09
1.6002E-09 1.6248E-09 1.6489E-09 1.6823E-09 1.7062E-09 1.7325E-09 1.7600E-09 1.7857E-09 1.8080E-09 1.8351E-09 1.8593E-09 1.8832E-09 1.9065E-09 1.9259E-09 1.9509E-09 1.9689E-09 1.9919E-09 2.0084E-09 2.0271E-09 2.0416E-09 2.0655E-09 2.0784E-09 2.0901E-09 2.1042E-09 2.1220E-09 2.1307E-09 2.1380E-09 2.1476E-09 2.1524E-09 2.1675E-09 2.1701E-09 2.1712E-09 2.1709E-09 2.1691E-09 2.1779E-09 2.1779E-09 2.1724E-09 2.1653E-09 2.1568E-09 2.1534E-09 2.1500E-09 2.1377E-09 2.1237E-09 2.1081E-09 2.0914E-09 2.0733E-09 2.0649E-09 2.0442E-09 2.0222E-09 1.9989E-09 1.9744E-09 1.9489E-09 1.9219E-09 1.8936E-09 1.8638E-09 1.8366E-09 1.8050E-09
1.6432E-09 1.6688E-09 1.7038E-09 1.7292E-09 1.7570E-09 1.7861E-09 1.8136E-09 1.8375E-09 1.8663E-09 1.8923E-09 1.9180E-09 1.9431E-09 1.9643E-09 1.9913E-09 2.0112E-09 2.0363E-09 2.0546E-09 2.0753E-09 2.0944E-09 2.1162E-09 2.1327E-09 2.1499E-09 2.1627E-09 2.1826E-09 2.1933E-09 2.2026E-09 2.2143E-09 2.2296E-09 2.2385E-09 2.2430E-09 2.2461E-09 2.2477E-09 2.2597E-09 2.2630E-09 2.2608E-09 2.2570E-09 2.2517E-09 2.2545E-09 2.2513E-09 2.2422E-09 2.2312E-09 2.2186E-09 2.2048E-09 2.1960E-09 2.1840E-09 2.1659E-09 2.1465E-09 2.1258E-09 2.1041E-09 2.0809E-09 2.0559E-09 2.0327E-09 2.0048E-09 1.9761E-09 1.9461E-09 1.9146E-09 1.8821E-09
1.6870E-09 1.7234E-09 1.7503E-09 1.7797E-09 1.8105E-09 1.8396E-09 1.8651E-09 1.8956E-09 1.9235E-09 1.9510E-09 1.9779E-09 2.0010E-09 2.0300E-09 2.0518E-09 2.0788E-09 2.0991E-09 2.1220E-09 2.1465E-09 2.1670E-09 2.1838E-09 2.2049E-09 2.2225E-09 2.2419E-09 2.2546E-09 2.2697E-09 2.2827E-09 2.2976E-09 2.3086E-09 2.3152E-09 2.3203E-09 2.3327E-09 2.3383E-09 2.3437E-09 2.3435E-09 2.3416E-09 2.3446E-09 2.3435E-09 2.3423E-09 2.3346E-09 2.3253E-09 2.3147E-09 2.3091E-09 2.3003E-09 2.2850E-09 2.2686E-09 2.2510E-09 2.2321E-09 2.2114E-09 2.1925E-09 2.1684E-09 2.1429E-09 2.1160E-09 2.0879E-09 2.0585E-09 2.0278E-09 1.9955E-09 1.9621E-09
1.7382E-09 1.7694E-09 1.8005E-09 1.8329E-09 1.8636E-09 1.8908E-09 1.9231E-09 1.9527E-09 1.9820E-09 2.0108E-09 2.0358E-09 2.0668E-09 2.0963E-09 2.1195E-09 2.1419E-09 2.1668E-09 2.1935E-09 2.2161E-09 2.2350E-09 2.2565E-09 2.2808E-09 2.2997E-09 2.3164E-09 2.3339E-09 2.3522E-09 2.3697E-09 2.3801E-09 2.3891E-09 2.3966E-09 2.4147E-09 2.4197E-09 2.4275E-09 2.4296E-09 2.4331E-09 2.4391E-09 2.4417E-09 2.4382E-09 2.4327E-09 2.4258E-09 2.4241E-09 2.4190E-09 2.4075E-09 2.3947E-09 2.3807E-09 2.3654E-09 2.3516E-09 2.3324E-09 2.3113E-09 2.2889E-09 2.2651E-09 2.2403E-09 2.2138E-09 2.1853E-09 2.1552E-09 2.1239E-09 2.0914E-09 2.0578E-09
1.7867E-09 1.8163E-09 1.8532E-09 1.8855E-09 1.9145E-09 1.9485E-09 1.9799E-09 2.0110E-09 2.0417E-09 2.0718E-09 2.1014E-09 2.1329E-09 2.1583E-09 2.1827E-09 2.2097E-09 2.2385E-09 2.2633E-09 2.2879E-09 2.3081E-09 2.3326E-09 2.3558E-09 2.3766E-09 2.3946E-09 2.4181E-09 2.4350E-09 2.4478E-09 2.4590E-09 2.4776E-09 2.4894E-09 2.5010E-09 2.5069E-09 2.5112E-09 2.5235E-09 2.5255E-09 2.5304E-09 2.5288E-09 2.5255E-09 2.5275E-09 2.5260E-09 2.5183E-09 2.5089E-09 2.4985E-09 2.4867E-09 2.4763E-09 2.4603E-09 2.4424E-09 2.4232E-09 2.4028E-09 2.3809E-09 2.3570E-09 2.3312E-09 2.3038E-09 2.2750E-09 2.2445E-09 2.2125E-09 2.1792E-09 2.1445E-09
1.8330E-09 1.8691E-09 1.9054E-09 1.9361E-09 1.9694E-09 2.0048E-09 2.0378E-09 2.0703E-09 2.0991E-09 2.1339E-09 2.1650E-09 2.1949E-09 2.2213E-09 2.2505E-09 2.2841E-09 2.3085E-09 2.3353E-09 2.3577E-09 2.3845E-09 2.4078E-09 2.4332E-09 2.4543E-09 2.4794E-09 2.4988E-09 2.5157E-09 2.5295E-09 2.5508E-09 2.5652E-09 2.5794E-09 2.5879E-09 2.6009E-09 2.6101E-09 2.6192E-09 2.6221E-09 2.6230E-09 2.6257E-09 2.6272E-09 2.6284E-09 2.6229E-09 2.6166E-09 2.6090E-09 2.6029E-09 2.5909E-09 2.5769E-09 2.5617E-09 2.5452E-09 2.5271E-09 2.5067E-09 2.4843E-09 2.4601E-09 2.4344E-09 2.4070E-09 2.3783E-09 2.3479E-09 2.3156E-09 2.2817E-09 2.2464E-09
1.8830E-09 1.9230E-09 1.9553E-09 1.9903E-09 2.0276E-09 2.0623E-09 2.0967E-09 2.1274E-09 2.1642E-09 2.1972E-09 2.2291E-09 2.2577E-09 2.2890E-09 2.3222E-09 2.3514E-09 2.3804E-09 2.4078E-09 2.4343E-09 2.4600E-09 2.4853E-09 2.5112E-09 2.5367E-09 2.5606E-09 2.5781E-09 2.6020E-09 2.6202E-09 2.6371E-09 2.6538E-09 2.6647E-09 2.6804E-09 2.6923E-09 2.7039E-09 2.7091E-09 2.7155E-09 2.7211E-09 2.7264E-09 2.7252E-09 2.7226E-09 2.7189E-09 2.7171E-09 2.7092E-09 2.6989E-09 2.6876E-09 2.6750E-09 2.6606E-09 2.6438E-09 2.6247E-09 2.6040E-09 2.5815E-09 2.5576E-09 2.5319E-09 2.5042E-09 2.4747E-09 2.4434E-09 2.4109E-09 2.3767E-09 2.3407E-09
1.9352E-09 1.9722E-09 2.0090E-09 2.0448E-09 2.0844E-09 2.1206E-09 2.1533E-09 2.1920E-09 2.2237E-09 2.2609E-09 2.2916E-09 2.3250E-09 2.3604E-09 2.3918E-09 2.4232E-09 2.4529E-09 2.4818E-09 2.5098E-09 2.5375E-09 2.5662E-09 2.5939E-09 2.6180E-09 2.6403E-09 2.6648E-09 2.6875E-09 2.7071E-09 2.7282E-09 2.7450E-09 2.7637E-09 2.7753E-09 2.7898E-09 2.7976E-09 2.8104E-09 2.8157E-09 2.8238E-09 2.8253E-09 2.8259E-09 2.8287E-09 2.8258E-09 2.8203E-09 2.8132E-09 2.8050E-09 2.7952E-09 2.7827E-09 2.7679E-09 2.7513E-09 2.7330E-09 2.7133E-09 2.6914E-09 2.6675E-09 2.6416E-09 2.6141E-09 2.5847E-09 2.5537E-09 2.5207E-09 2.4860E-09 2.4505E-09
1.9868E-09 2.0221E-09 2.0627E-09 2.1040E-09 2.1388E-09 2.1766E-09 2.2139E-09 2.2509E-09 2.2901E-09 2.3229E-09 2.3585E-09 2.3960E-09 2.4297E-09 2.4634E-09 2.4954E-09 2.5266E-09 2.5570E-09 2.5873E-09 2.6185E-09 2.6459E-09 2.6753E-09 2.6977E-09 2.7273E-09 2.7536E-09 2.7749E-09 2.7968E-09 2.8213E-09 2.8398E-09 2.8585E-09 2.8712E-09 2.8849E-09 2.8975E-09 2.9100E-09 2.9161E-09 2.9206E-09 2.9276E-09 2.9297E-09 2.9289E-09 2.9258E-09 2.9219E-09 2.9165E-09 2.9086E-09 2.8981E-09 2.8856E-09 2.8714E-09 2.8558E-09 2.8379E-09 2.8178E-09 2.7956E-09 2.7717E-09 2.7458E-09 2.7182E-09 2.6884E-09 2.6569E-09 2.6241E-09 2.5897E-09 2.5538E-09
2.0358E-09 2.0780E-09 2.1179E-09 2.1577E-09 2.1972E-09 2.2364E-09 2.2754E-09 2.3166E-09 2.3515E-09 2.3892E-09 2.4289E-09 2.4648E-09 2.5008E-09 2.5351E-09 2.5688E-09 2.6052E-09 2.6344E-09 2.6681E-09 2.6981E-09 2.7271E-09 2.7579E-09 2.7847E-09 2.8163E-09 2.8379E-09 2.8650E-09 2.8902E-09 2.9136E-09 2.9351E-09 2.9505E-09 2.9671E-09 2.9826E-09 2.9980E-09 3.0069E-09 3.0145E-09 3.0245E-09 3.0291E-09 3.0308E-09 3.0310E-09 3.0300E-09 3.0272E-09 3.0214E-09 3.0132E-09 3.0035E-09 2.9922E-09 2.9787E-09 2.9630E-09 2.9448E-09 2.9250E-09 2.9031E-09 2.8793E-09 2.8530E-09 2.8252E-09 2.7959E-09 2.7652E-09 2.7324E-09 2.6971E-09 2.6597E-09
2.0907E-09 2.1322E-09 2.1737E-09 2.2150E-09 2.2561E-09 2.2971E-09 2.3402E-09 2.3772E-09 2.4170E-09 2.4589E-09 2.4970E-09 2.5353E-09 2.5720E-09 2.6080E-09 2.6469E-09 2.6786E-09 2.7148E-09 2.7474E-09 2.7790E-09 2.8093E-09 2.8449E-09 2.8734E-09 2.9007E-09 2.9279E-09 2.9586E-09 2.9825E-09 3.0092E-09 3.0295E-09 3.0492E-09 3.0679E-09 3.0865E-09 3.0987E-09 3.1095E-09 3.1230E-09 3.1305E-09 3.1354E-09 3.1390E-09 3.1415E-09 3.1414E-09 3.1386E-09 3.1337E-09 3.1273E-09 3.1191E-09 3.1085E-09 3.0953E-09 3.0803E-09 3.0632E-09 3.0442E-09 3.0226E-09 2.9992E-09 2.9746E-09 2.9483E-09 2.9196E-09 2.8884E-09 2.8550E-09 2.8201E-09 2.7834E-09
2.1407E-09 2.1870E-09 2.2301E-09 2.2730E-09 2.3158E-09 2.3584E-09 2.3999E-09 2.4418E-09 2.4858E-09 2.5261E-09 2.5667E-09 2.6031E-09 2.6441E-09 2.6818E-09 2.7196E-09 2.7556E-09 2.7937E-09 2.8279E-09 2.8609E-09 2.8929E-09 2.9305E-09 2.9574E-09 2.9936E-09 3.0213E-09 3.0510E-09 3.0781E-09 3.1019E-09 3.1298E-09 3.1484E-09 3.1701E-09 3.1853E-09 3.2027E-09 3.2158E-09 3.2263E-09 3.2343E-09 3.2413E-09 3.2467E-09 3.2495E-09 3.2492E-09 3.2475E-09 3.2443E-09 3.2390E-09 3.2308E-09 3.2204E-09 3.2082E-09 3.1939E-09 3.1770E-09 3.1578E-09 3.1377E-09 3.1159E-09 3.0916E-09 3.0646E-09 3.0349E-09 3.0041E-09 2.9712E-09 2.9363E-09 2.8990E-09
2.1942E-09 2.2391E-09 2.2838E-09 2.3315E-09 2.3760E-09 2.4196E-09 2.4635E-09 2.5070E-09 2.5494E-09 2.5949E-09 2.6336E-09 2.6743E-09 2.7171E-09 2.7575E-09 2.7960E-09 2.8366E-09 2.8735E-09 2.9093E-09 2.9440E-09 2.9777E-09 3.0141E-09 3.0498E-09 3.0838E-09 3.1133E-09 3.1465E-09 3.1705E-09 3.2021E-09 3.2260E-09 3.2508E-09 3.2692E-09 3.2900E-09 3.3061E-09 3.3196E-09 3.3309E-09 3.3414E-09 3.3500E-09 3.3554E-09 3.3584E-09 3.3601E-09 3.3602E-09 3.3576E-09 3.3520E-09 3.3449E-09 3.3357E-09 3.3240E-09 3.3096E-09 3.2940E-09 3.2771E-09 3.2579E-09 3.2354E-09 3.2102E-09 3.1837E-09 3.1552E-09 3.1245E-09 3.0910E-09 3.0552E-09 3.0172E-09
2.2482E-09 2.2946E-09 2.3409E-09 2.3873E-09 2.4360E-09 2.4785E-09 2.5241E-09 2.5721E-09 2.6162E-09 2.6608E-09 2.7038E-09 2.7463E-09 2.7918E-09 2.8330E-09 2.8733E-09 2.9128E-09 2.9542E-09 2.9917E-09 3.0282E-09 3.0635E-09 3.1060E-09 3.1393E-09 3.1753E-09 3.2082E-09 3.2419E-09 3.2705E-09 3.2980E-09 3.3284E-09 3.3501E-09 3.3743E-09 3.3936E-09 3.4103E-09 3.4250E-09 3.4391E-09 3.4507E-09 3.4592E-09 3.4655E-09 3.4709E-09 3.4742E-09 3.4743E-09 3.4721E-09 3.4684E-09 3.4623E-09 3.4532E-09 3.4419E-09 3.4302E-09 3.4162E-09 3.3993E-09 3.3791E-09 3.3573E-09 3.3336E-09 3.3077E-09 3.2788E-09 3.2473E-09 3.2139E-09 3.1790E-09 3.1538E-09
2.3023E-09 2.3504E-09 2.3985E-09 2.4490E-09 2.4936E-09 2.5413E-09 2.5913E-09 2.6376E-09 2.6844E-09 2.7298E-09 2.7746E-09 2.8226E-09 2.8662E-09 2.9092E-09 2.9513E-09 2.9954E-09 3.0357E-09 3.0750E-09 3.1133E-09 3.1544E-09 3.1949E-09 3.2300E-09 3.2696E-09 3.3031E-09 3.3383E-09 3.3658E-09 3.4000E-09 3.4277E-09 3.4551E-09 3.4777E-09 3.4980E-09 3.5162E-09 3.5336E-09 3.5486E-09 3.5603E-09 3.5704E-09 3.5793E-09 3.5857E-09 3.5890E-09 3.5906E-09 3.5901E-09 3.5870E-09 3.5811E-09 3.5739E-09 3.5655E-09 3.5547E-09 3.5400E-09 3.5230E-09 3.5046E-09 3.4839E-09 3.4604E-09 3.4339E-09 3.4053E-09 3.3753E-09 3.3548E-09 3.3208E-09 3.2836E-09
2.3535E-09 2.4065E-09 2.4563E-09 2.5053E-09 2.5550E-09 2.6043E-09 2.6554E-09 2.7044E-09 2.7520E-09 2.7992E-09 2.8496E-09 2.8958E-09 2.9413E-09 2.9860E-09 3.0328E-09 3.0759E-09 3.1180E-09 3.1592E-09 3.1990E-09 3.2422E-09 3.2847E-09 3.3188E-09 3.3639E-09 3.3986E-09 3.4330E-09 3.4671E-09 3.4988E-09 3.5322E-09 3.5583E-09 3.5823E-09 3.6039E-09 3.6248E-09 3.6432E-09 3.6585E-09 3.6723E-09 3.6848E-09 3.6946E-09 3.7014E-09 3.7067E-09 3.7096E-09 3.7098E-09 3.7075E-09 3.7043E-09 3.6993E-09 3.6913E-09 3.6799E-09 3.6666E-09 3.6516E-09 3.6340E-09 3.6130E-09 3.5895E-09 3.5648E-09 3.5377E-09 3.5207E-09 3.4885E-09 3.4539E-09 3.4177E-09
2.4078E-09 2.4594E-09 2.5135E-09 2.5616E-09 2.6164E-09 2.6668E-09 2.7206E-09 2.7678E-09 2.8172E-09 2.8699E-09 2.9186E-09 2.9693E-09 3.0167E-09 3.0633E-09 3.1120E-09 3.1569E-09 3.2009E-09 3.2407E-09 3.2899E-09 3.3308E-09 3.3724E-09 3.4162E-09 3.4587E-09 3.4922E-09 3.5336E-09 3.5650E-09 3.6024E-09 3.6351E-09 3.6627E-09 3.6878E-09 3.7122E-09 3.7345E-09 3.7533E-09 3.7708E-09 3.7870E-09 3.8004E-09 3.8109E-09 3.8199E-09 3.8265E-09 3.8303E-09 3.8317E-09 3.8324E-09 3.8312E-09 3.8263E-09 3.8182E-09 3.8090E-09 3.7975E-09 3.7828E-09 3.7651E-09 3.7458E-09 3.7245E-09 3.7130E-09 3.6865E-09 3.6574E-09 3.6267E-09 3.5939E-09 3.5845E-09
2.4623E-09 2.5156E-09 2.5681E-09 2.6214E-09 2.6772E-09 2.7295E-09 2.7824E-09 2.8341E-09 2.8854E-09 2.9401E-09 2.9905E-09 3.0403E-09 3.0895E-09 3.1409E-09 3.1886E-09 3.2353E-09 3.2812E-09 3.3333E-09 3.3740E-09 3.4167E-09 3.4655E-09 3.5066E-09 3.5511E-09 3.5915E-09 3.6307E-09 3.6674E-09 3.7043E-09 3.7388E-09 3.7676E-09 3.7957E-09 3.8218E-09 3.8442E-09 3.8655E-09 3.8856E-09 3.9027E-09 3.9170E-09 3.9298E-09 3.9404E-09 3.9478E-09 3.9532E-09 3.9579E-09 3.9604E-09 3.9589E-09 3.9548E-09 3.9495E-09 3.9417E-09 3.9304E-09 3.9164E-09 3.9012E-09 3.8954E-09 3.8754E-09 3.8524E-09 3.8275E-09 3.8007E-09 3.7969E-09 3.7663E-09 3.7325E-09
2.5166E-09 2.5709E-09 2.6260E-09 2.6811E-09 2.7353E-09 2.7930E-09 2.8469E-09 2.9004E-09 2.9573E-09 3.0102E-09 3.0626E-09 3.1144E-09 3.1683E-09 3.2188E-09 3.2684E-09 3.3172E-09 3.3648E-09 3.4159E-09 3.4618E-09 3.5082E-09 3.5579E-09 3.6006E-09 3.6492E-09 3.6873E-09 3.7321E-09 3.7678E-09 3.8070E-09 3.8432E-09 3.8747E-09 3.9045E-09 3.9309E-09 3.9561E-09 3.9801E-09 4.0010E-09 4.0192E-09 4.0361E-09 4.0505E-09 4.0618E-09 4.0713E-09 4.0801E-09 4.0864E-09 4.0888E-09 4.0889E-09 4.0875E-09 4.0836E-09 4.0760E-09 4.0664E-09 4.0552E-09 4.0535E-09 4.0369E-09 4.0179E-09 3.9976E-09 3.9871E-09 3.9757E-09 3.9482E-09 3.9188E-09 3.8889E-09
2.5699E-09 2.6234E-09 2.6837E-09 2.7398E-09 2.7994E-09 2.8528E-09 2.9085E-09 2.9675E-09 3.0256E-09 3.0804E-09 3.1347E-09 3.1882E-09 3.2444E-09 3.2969E-09 3.3484E-09 3.3990E-09 3.4532E-09 3.5021E-09 3.5470E-09 3.5988E-09 3.6505E-09 3.6923E-09 3.7437E-09 3.7869E-09 3.8309E-09 3.8693E-09 3.9100E-09 3.9489E-09 3.9826E-09 4.0132E-09 4.0421E-09 4.0700E-09 4.0950E-09 4.1173E-09 4.1381E-09 4.1565E-09 4.1719E-09 4.1857E-09 4.1985E-09 4.2089E-09 4.2153E-09 4.2196E-09 4.2225E-09 4.2225E-09 4.2190E-09 4.2139E-09 4.2069E-09 4.2092E-09 4.1968E-09 4.1826E-09 4.1665E-09 4.1738E-09 4.1532E-09 4.1301E-09 4.1072E-09 4.0819E-09 4.0812E-09
2.6204E-09 2.6790E-09 2.7403E-09 2.7983E-09 2.8572E-09 2.9150E-09 2.9762E-09 3.0337E-09 3.0908E-09 3.1475E-09 3.2037E-09 3.2653E-09 3.3204E-09 3.3718E-09 3.4284E-09 3.4854E-09 3.5375E-09 3.5851E-09 3.6403E-09 3.6896E-09 3.7403E-09 3.7892E-09 3.8417E-09 3.8838E-09 3.9309E-09 3.9707E-09 4.0138E-09 4.0557E-09 4.0904E-09 4.1229E-09 4.1550E-09 4.1843E-09 4.2105E-09 4.2355E-09 4.2581E-09 4.2777E-09 4.2957E-09 4.3126E-09 4.3272E-09 4.3379E-09 4.3465E-09 4.3538E-09 4.3580E-09 4.3588E-09 4.3583E-09 4.3558E-09 4.3623E-09 4.3542E-09 4.3451E-09 4.3337E-09 4.3455E-09 4.3295E-09 4.3127E-09 4.2949E-09 4.3016E-09 4.2782E-09 4.2517E-09
2.6703E-09 2.7341E-09 2.7939E-09 2.8572E-09 2.9144E-09 2.9740E-09 3.0372E-09 3.0994E-09 3.1586E-09 3.2172E-09 3.2783E-09 3.3361E-09 3.3933E-09 3.4497E-09 3.5053E-09 3.5644E-09 3.6185E-09 3.6764E-09 3.7260E-09 3.7769E-09 3.8352E-09 3.8855E-09 3.9368E-09 3.9814E-09 4.0311E-09 4.0726E-09 4.1188E-09 4.1622E-09 4.1986E-09 4.2347E-09 4.2683E-09 4.2986E-09 4.3278E-09 4.3547E-09 4.3786E-09 4.4008E-09 4.4219E-09 4.4408E-09 4.4561E-09 4.4691E-09 4.4808E-09 4.4895E-09 4.4947E-09 4.4991E-09 4.5011E-09 4.5120E-09 4.5089E-09 4.5047E-09 4.5106E-09 4.5147E-09 4.5037E-09 4.4934E-09 4.4939E-09 4.4927E-09 4.4742E-09 4.4564E-09 4.4379E-09
