Assets/Resources/2015_m01_d20_2300(utc+0800)_l00_csi_1hr_conc.grd
DSAA
         159         159
     -79.000      79.000
     -79.000      79.000
  0.2126E-09  0.2259E-04
[rows 75 to 99 of 159, columns 0 to 56 of 159]
3.9098E-09 4.5131E-09 5.2896E-09 6.1467E-09 7.0310E-09 7.9059E-09 8.7356E-09 9.4806E-09 1.0157E-08 1.0746E-08 1.1232E-08 1.1641E-08 1.1982E-08 1.2247E-08 1.2471E-08 1.2656E-08 1.2837E-08 1.2992E-08 1.3157E-08 1.3319E-08 1.3473E-08 1.3629E-08 1.3763E-08 1.3863E-08 1.3938E-08 1.3985E-08 1.4019E-08 1.4039E-08 1.4051E-08 1.4063E-08 1.4089E-08 1.4120E-08 1.4155E-08 1.4212E-08 1.4272E-08 1.4343E-08 1.4423E-08 1.4506E-08 1.4598E-08 1.4700E-08 1.4824E-08 1.4960E-08 1.5094E-08 1.5242E-08 1.5401E-08 1.5573E-08 1.5739E-08 1.5917E-08 1.6095E-08 1.6267E-08 1.6432E-08 1.6590E-08 1.6740E-08 1.6875E-08 1.6995E-08 1.7101E-08 1.7195E-08
3.9595E-09 4.5709E-09 5.3593E-09 6.2301E-09 7.1353E-09 8.0199E-09 8.8555E-09 9.6169E-09 1.0300E-08 1.0893E-08 1.1394E-08 1.1802E-08 1.2149E-08 1.2418E-08 1.2645E-08 1.2832E-08 1.3015E-08 1.3175E-08 1.3335E-08 1.3499E-08 1.3658E-08 1.3809E-08 1.3946E-08 1.4057E-08 1.4132E-08 1.4173E-08 1.4214E-08 1.4232E-08 1.4252E-08 1.4259E-08 1.4288E-08 1.4314E-08 1.4347E-08 1.4403E-08 1.4465E-08 1.4531E-08 1.4608E-08 1.4691E-08 1.4780E-08 1.4878E-08 1.5005E-08 1.5135E-08 1.5265E-08 1.5410E-08 1.5564E-08 1.5731E-08 1.5891E-08 1.6062E-08 1.6233E-08 1.6399E-08 1.6555E-08 1.6704E-08 1.6844E-08 1.6970E-08 1.7078E-08 1.7170E-08 1.7250E-08
4.0029E-09 4.6268E-09 5.4189E-09 6.2878E-09 7.2125E-09 8.1059E-09 8.9519E-09 9.7202E-09 1.0412E-08 1.1009E-08 1.1526E-08 1.1936E-08 1.2285E-08 1.2558E-08 1.2794E-08 1.2983E-08 1.3164E-08 1.3325E-08 1.3491E-08 1.3650E-08 1.3807E-08 1.3965E-08 1.4098E-08 1.4213E-08 1.4291E-08 1.4343E-08 1.4386E-08 1.4407E-08 1.4426E-08 1.4441E-08 1.4465E-08 1.4493E-08 1.4521E-08 1.4576E-08 1.4636E-08 1.4701E-08 1.4781E-08 1.4857E-08 1.4943E-08 1.5045E-08 1.5163E-08 1.5289E-08 1.5419E-08 1.5556E-08 1.5705E-08 1.5867E-08 1.6019E-08 1.6181E-08 1.6345E-08 1.6504E-08 1.6651E-08 1.6791E-08 1.6919E-08 1.7033E-08 1.7130E-08 1.7207E-08 1.7271E-08
4.0411E-09 4.6751E-09 5.4699E-09 6.3393E-09 7.2692E-09 8.1636E-09 9.0202E-09 9.7948E-09 1.0494E-08 1.1094E-08 1.1617E-08 1.2039E-08 1.2393E-08 1.2667E-08 1.2906E-08 1.3099E-08 1.3281E-08 1.3445E-08 1.3611E-08 1.3770E-08 1.3927E-08 1.4084E-08 1.4220E-08 1.4338E-08 1.4421E-08 1.4483E-08 1.4529E-08 1.4555E-08 1.4577E-08 1.4597E-08 1.4624E-08 1.4649E-08 1.4677E-08 1.4731E-08 1.4790E-08 1.4858E-08 1.4931E-08 1.5005E-08 1.5087E-08 1.5186E-08 1.5306E-08 1.5424E-08 1.5550E-08 1.5682E-08 1.5825E-08 1.5980E-08 1.6125E-08 1.6278E-08 1.6432E-08 1.6581E-08 1.6721E-08 1.6850E-08 1.6967E-08 1.7068E-08 1.7152E-08 1.7215E-08 1.7262E-08
4.0670E-09 4.7133E-09 5.4965E-09 6.3775E-09 7.3060E-09 8.2040E-09 9.0675E-09 9.8410E-09 1.0543E-08 1.1147E-08 1.1675E-08 1.2105E-08 1.2464E-08 1.2745E-08 1.2987E-08 1.3190E-08 1.3372E-08 1.3534E-08 1.3705E-08 1.3858E-08 1.4016E-08 1.4178E-08 1.4319E-08 1.4441E-08 1.4528E-08 1.4598E-08 1.4651E-08 1.4681E-08 1.4706E-08 1.4732E-08 1.4760E-08 1.4786E-08 1.4818E-08 1.4868E-08 1.4927E-08 1.4993E-08 1.5063E-08 1.5139E-08 1.5220E-08 1.5316E-08 1.5434E-08 1.5540E-08 1.5660E-08 1.5793E-08 1.5924E-08 1.6071E-08 1.6209E-08 1.6351E-08 1.6496E-08 1.6635E-08 1.6765E-08 1.6883E-08 1.6987E-08 1.7076E-08 1.7146E-08 1.7195E-08 1.7225E-08
4.0923E-09 4.7410E-09 5.5170E-09 6.4037E-09 7.3166E-09 8.2249E-09 9.0850E-09 9.8600E-09 1.0569E-08 1.1175E-08 1.1703E-08 1.2140E-08 1.2508E-08 1.2797E-08 1.3037E-08 1.3247E-08 1.3431E-08 1.3593E-08 1.3765E-08 1.3923E-08 1.4072E-08 1.4235E-08 1.4381E-08 1.4506E-08 1.4602E-08 1.4685E-08 1.4742E-08 1.4780E-08 1.4812E-08 1.4846E-08 1.4875E-08 1.4907E-08 1.4939E-08 1.4988E-08 1.5046E-08 1.5111E-08 1.5187E-08 1.5251E-08 1.5329E-08 1.5421E-08 1.5537E-08 1.5641E-08 1.5752E-08 1.5879E-08 1.6008E-08 1.6141E-08 1.6271E-08 1.6404E-08 1.6537E-08 1.6666E-08 1.6784E-08 1.6892E-08 1.6983E-08 1.7059E-08 1.7115E-08 1.7150E-08 1.7163E-08
4.1044E-09 4.7561E-09 5.5318E-09 6.4187E-09 7.3154E-09 8.2224E-09 9.0761E-09 9.8574E-09 1.0563E-08 1.1175E-08 1.1703E-08 1.2146E-08 1.2519E-08 1.2814E-08 1.3044E-08 1.3272E-08 1.3449E-08 1.3623E-08 1.3780E-08 1.3959E-08 1.4102E-08 1.4262E-08 1.4420E-08 1.4551E-08 1.4654E-08 1.4746E-08 1.4816E-08 1.4863E-08 1.4895E-08 1.4936E-08 1.4969E-08 1.5006E-08 1.5041E-08 1.5094E-08 1.5147E-08 1.5211E-08 1.5285E-08 1.5347E-08 1.5421E-08 1.5514E-08 1.5621E-08 1.5720E-08 1.5825E-08 1.5946E-08 1.6069E-08 1.6193E-08 1.6314E-08 1.6436E-08 1.6558E-08 1.6675E-08 1.6782E-08 1.6879E-08 1.6957E-08 1.7019E-08 1.7062E-08 1.7081E-08 1.7080E-08
4.1057E-09 4.7616E-09 5.5373E-09 6.4069E-09 7.3040E-09 8.2016E-09 9.0415E-09 9.8270E-09 1.0523E-08 1.1149E-08 1.1670E-08 1.2122E-08 1.2487E-08 1.2807E-08 1.3044E-08 1.3271E-08 1.3453E-08 1.3631E-08 1.3785E-08 1.3960E-08 1.4110E-08 1.4263E-08 1.4421E-08 1.4559E-08 1.4677E-08 1.4775E-08 1.4860E-08 1.4915E-08 1.4963E-08 1.5004E-08 1.5044E-08 1.5086E-08 1.5131E-08 1.5179E-08 1.5232E-08 1.5295E-08 1.5367E-08 1.5430E-08 1.5503E-08 1.5585E-08 1.5689E-08 1.5782E-08 1.5881E-08 1.5995E-08 1.6111E-08 1.6225E-08 1.6338E-08 1.6450E-08 1.6561E-08 1.6665E-08 1.6760E-08 1.6843E-08 1.6910E-08 1.6958E-08 1.6987E-08 1.6993E-08 1.6976E-08
4.1083E-09 4.7739E-09 5.5263E-09 6.3842E-09 7.2840E-09 8.1585E-09 8.9994E-09 9.7819E-09 1.0470E-08 1.1094E-08 1.1618E-08 1.2072E-08 1.2444E-08 1.2770E-08 1.3014E-08 1.3242E-08 1.3429E-08 1.3608E-08 1.3764E-08 1.3937E-08 1.4086E-08 1.4235E-08 1.4397E-08 1.4544E-08 1.4669E-08 1.4791E-08 1.4876E-08 1.4942E-08 1.5003E-08 1.5056E-08 1.5100E-08 1.5148E-08 1.5198E-08 1.5247E-08 1.5305E-08 1.5362E-08 1.5433E-08 1.5493E-08 1.5563E-08 1.5645E-08 1.5741E-08 1.5831E-08 1.5924E-08 1.6028E-08 1.6137E-08 1.6241E-08 1.6345E-08 1.6446E-08 1.6547E-08 1.6638E-08 1.6720E-08 1.6790E-08 1.6846E-08 1.6880E-08 1.6895E-08 1.6886E-08 1.6855E-08
4.0981E-09 4.7493E-09 5.5079E-09 6.3614E-09 7.2386E-09 8.1056E-09 8.9403E-09 9.7086E-09 1.0397E-08 1.1018E-08 1.1548E-08 1.2006E-08 1.2377E-08 1.2708E-08 1.2959E-08 1.3172E-08 1.3382E-08 1.3552E-08 1.3718E-08 1.3873E-08 1.4038E-08 1.4186E-08 1.4349E-08 1.4502E-08 1.4637E-08 1.4771E-08 1.4875E-08 1.4956E-08 1.5023E-08 1.5084E-08 1.5137E-08 1.5195E-08 1.5248E-08 1.5303E-08 1.5359E-08 1.5419E-08 1.5484E-08 1.5541E-08 1.5607E-08 1.5694E-08 1.5778E-08 1.5862E-08 1.5959E-08 1.6057E-08 1.6147E-08 1.6242E-08 1.6337E-08 1.6427E-08 1.6517E-08 1.6597E-08 1.6665E-08 1.6722E-08 1.6763E-08 1.6787E-08 1.6787E-08 1.6764E-08 1.6719E-08
4.0952E-09 4.7531E-09 5.4855E-09 6.3219E-09 7.1840E-09 8.0453E-09 8.8584E-09 9.6222E-09 1.0308E-08 1.0919E-08 1.1455E-08 1.1902E-08 1.2289E-08 1.2608E-08 1.2887E-08 1.3106E-08 1.3313E-08 1.3486E-08 1.3658E-08 1.3807E-08 1.3977E-08 1.4126E-08 1.4291E-08 1.4449E-08 1.4596E-08 1.4733E-08 1.4846E-08 1.4941E-08 1.5028E-08 1.5094E-08 1.5161E-08 1.5226E-08 1.5282E-08 1.5340E-08 1.5397E-08 1.5465E-08 1.5521E-08 1.5575E-08 1.5645E-08 1.5726E-08 1.5804E-08 1.5886E-08 1.5977E-08 1.6067E-08 1.6144E-08 1.6229E-08 1.6314E-08 1.6395E-08 1.6473E-08 1.6543E-08 1.6597E-08 1.6641E-08 1.6668E-08 1.6679E-08 1.6667E-08 1.6631E-08 1.6572E-08
4.0763E-09 4.7183E-09 5.4553E-09 6.2769E-09 7.1297E-09 7.9668E-09 8.7658E-09 9.5288E-09 1.0202E-08 1.0810E-08 1.1344E-08 1.1799E-08 1.2188E-08 1.2508E-08 1.2791E-08 1.3015E-08 1.3224E-08 1.3402E-08 1.3557E-08 1.3723E-08 1.3875E-08 1.4039E-08 1.4205E-08 1.4368E-08 1.4524E-08 1.4672E-08 1.4799E-08 1.4907E-08 1.5008E-08 1.5090E-08 1.5164E-08 1.5237E-08 1.5301E-08 1.5363E-08 1.5421E-08 1.5490E-08 1.5544E-08 1.5596E-08 1.5662E-08 1.5745E-08 1.5817E-08 1.5894E-08 1.5975E-08 1.6059E-08 1.6128E-08 1.6203E-08 1.6280E-08 1.6350E-08 1.6418E-08 1.6476E-08 1.6520E-08 1.6548E-08 1.6564E-08 1.6559E-08 1.6537E-08 1.6488E-08 1.6416E-08
4.0479E-09 4.7029E-09 5.4242E-09 6.2398E-09 7.0602E-09 7.8881E-09 8.6735E-09 9.4167E-09 1.0080E-08 1.0689E-08 1.1211E-08 1.1675E-08 1.2057E-08 1.2391E-08 1.2664E-08 1.2912E-08 1.3107E-08 1.3301E-08 1.3462E-08 1.3623E-08 1.3776E-08 1.3948E-08 1.4104E-08 1.4271E-08 1.4436E-08 1.4602E-08 1.4733E-08 1.4858E-08 1.4972E-08 1.5066E-08 1.5151E-08 1.5234E-08 1.5305E-08 1.5372E-08 1.5441E-08 1.5502E-08 1.5554E-08 1.5604E-08 1.5672E-08 1.5747E-08 1.5822E-08 1.5898E-08 1.5967E-08 1.6040E-08 1.6101E-08 1.6167E-08 1.6234E-08 1.6296E-08 1.6352E-08 1.6400E-08 1.6433E-08 1.6449E-08 1.6449E-08 1.6433E-08 1.6395E-08 1.6337E-08 1.6254E-08
4.0129E-09 4.6551E-09 5.3814E-09 6.1799E-09 6.9942E-09 7.8052E-09 8.5646E-09 9.2966E-09 9.9581E-09 1.0551E-08 1.1077E-08 1.1530E-08 1.1924E-08 1.2260E-08 1.2541E-08 1.2792E-08 1.2999E-08 1.3172E-08 1.3358E-08 1.3497E-08 1.3667E-08 1.3822E-08 1.4002E-08 1.4168E-08 1.4339E-08 1.4510E-08 1.4652E-08 1.4792E-08 1.4921E-08 1.5028E-08 1.5127E-08 1.5221E-08 1.5296E-08 1.5368E-08 1.5440E-08 1.5501E-08 1.5558E-08 1.5608E-08 1.5670E-08 1.5742E-08 1.5816E-08 1.5887E-08 1.5950E-08 1.6009E-08 1.6064E-08 1.6120E-08 1.6179E-08 1.6232E-08 1.6278E-08 1.6316E-08 1.6338E-08 1.6343E-08 1.6330E-08 1.6300E-08 1.6250E-08 1.6179E-08 1.6088E-08
3.9777E-09 4.6270E-09 5.3344E-09 6.1149E-09 6.9146E-09 7.7164E-09 8.4600E-09 9.1798E-09 9.8290E-09 1.0412E-08 1.0935E-08 1.1388E-08 1.1787E-08 1.2116E-08 1.2406E-08 1.2646E-08 1.2871E-08 1.3051E-08 1.3236E-08 1.3386E-08 1.3546E-08 1.3704E-08 1.3883E-08 1.4048E-08 1.4232E-08 1.4405E-08 1.4559E-08 1.4716E-08 1.4857E-08 1.4977E-08 1.5087E-08 1.5191E-08 1.5274E-08 1.5352E-08 1.5431E-08 1.5490E-08 1.5546E-08 1.5595E-08 1.5654E-08 1.5734E-08 1.5794E-08 1.5861E-08 1.5923E-08 1.5971E-08 1.6018E-08 1.6065E-08 1.6116E-08 1.6160E-08 1.6197E-08 1.6225E-08 1.6237E-08 1.6231E-08 1.6207E-08 1.6164E-08 1.6102E-08 1.6019E-08 1.5916E-08
3.9419E-09 4.5784E-09 5.2930E-09 6.0539E-09 6.8379E-09 7.6150E-09 8.3493E-09 9.0572E-09 9.6939E-09 1.0272E-08 1.0786E-08 1.1238E-08 1.1637E-08 1.1970E-08 1.2262E-08 1.2509E-08 1.2734E-08 1.2920E-08 1.3106E-08 1.3260E-08 1.3417E-08 1.3578E-08 1.3754E-08 1.3920E-08 1.4109E-08 1.4297E-08 1.4465E-08 1.4626E-08 1.4781E-08 1.4915E-08 1.5043E-08 1.5150E-08 1.5241E-08 1.5325E-08 1.5408E-08 1.5468E-08 1.5524E-08 1.5572E-08 1.5629E-08 1.5711E-08 1.5767E-08 1.5825E-08 1.5883E-08 1.5924E-08 1.5964E-08 1.6005E-08 1.6046E-08 1.6083E-08 1.6110E-08 1.6129E-08 1.6132E-08 1.6116E-08 1.6082E-08 1.6028E-08 1.5953E-08 1.5861E-08 1.5745E-08
3.8918E-09 4.5230E-09 5.2320E-09 5.9805E-09 6.7469E-09 7.5099E-09 8.2373E-09 8.9218E-09 9.5491E-09 1.0127E-08 1.0632E-08 1.1083E-08 1.1480E-08 1.1816E-08 1.2110E-08 1.2363E-08 1.2597E-08 1.2781E-08 1.2953E-08 1.3125E-08 1.3269E-08 1.3445E-08 1.3607E-08 1.3794E-08 1.3982E-08 1.4176E-08 1.4355E-08 1.4526E-08 1.4695E-08 1.4842E-08 1.4982E-08 1.5098E-08 1.5197E-08 1.5288E-08 1.5375E-08 1.5442E-08 1.5492E-08 1.5544E-08 1.5607E-08 1.5682E-08 1.5727E-08 1.5782E-08 1.5836E-08 1.5870E-08 1.5903E-08 1.5937E-08 1.5971E-08 1.5999E-08 1.6019E-08 1.6029E-08 1.6023E-08 1.5999E-08 1.5955E-08 1.5892E-08 1.5807E-08 1.5702E-08 1.5579E-08
3.8324E-09 4.4777E-09 5.1650E-09 5.9035E-09 6.6592E-09 7.4103E-09 8.1205E-09 8.7844E-09 9.4102E-09 9.9695E-09 1.0470E-08 1.0923E-08 1.1312E-08 1.1657E-08 1.1950E-08 1.2211E-08 1.2435E-08 1.2635E-08 1.2816E-08 1.2993E-08 1.3145E-08 1.3307E-08 1.3472E-08 1.3657E-08 1.3849E-08 1.4050E-08 1.4238E-08 1.4429E-08 1.4601E-08 1.4760E-08 1.4912E-08 1.5037E-08 1.5149E-08 1.5241E-08 1.5333E-08 1.5402E-08 1.5452E-08 1.5502E-08 1.5584E-08 1.5640E-08 1.5691E-08 1.5741E-08 1.5781E-08 1.5811E-08 1.5837E-08 1.5865E-08 1.5891E-08 1.5912E-08 1.5923E-08 1.5926E-08 1.5913E-08 1.5880E-08 1.5828E-08 1.5756E-08 1.5662E-08 1.5548E-08 1.5413E-08
3.7801E-09 4.4092E-09 5.0894E-09 5.8314E-09 6.5622E-09 7.2955E-09 7.9941E-09 8.6542E-09 9.2676E-09 9.8262E-09 1.0315E-08 1.0753E-08 1.1150E-08 1.1500E-08 1.1792E-08 1.2054E-08 1.2285E-08 1.2493E-08 1.2672E-08 1.2849E-08 1.3005E-08 1.3165E-08 1.3336E-08 1.3518E-08 1.3714E-08 1.3920E-08 1.4116E-08 1.4318E-08 1.4500E-08 1.4670E-08 1.4833E-08 1.4971E-08 1.5087E-08 1.5195E-08 1.5281E-08 1.5353E-08 1.5410E-08 1.5462E-08 1.5549E-08 1.5597E-08 1.5639E-08 1.5685E-08 1.5721E-08 1.5746E-08 1.5767E-08 1.5788E-08 1.5807E-08 1.5823E-08 1.5826E-08 1.5821E-08 1.5801E-08 1.5761E-08 1.5701E-08 1.5621E-08 1.5520E-08 1.5399E-08 1.5256E-08
3.7134E-09 4.3334E-09 5.0183E-09 5.7412E-09 6.4602E-09 7.1777E-09 7.8733E-09 8.5200E-09 9.1161E-09 9.6637E-09 1.0157E-08 1.0591E-08 1.0985E-08 1.1327E-08 1.1630E-08 1.1893E-08 1.2130E-08 1.2340E-08 1.2524E-08 1.2690E-08 1.2862E-08 1.3010E-08 1.3195E-08 1.3367E-08 1.3583E-08 1.3788E-08 1.4002E-08 1.4202E-08 1.4398E-08 1.4574E-08 1.4747E-08 1.4894E-08 1.5022E-08 1.5137E-08 1.5227E-08 1.5296E-08 1.5355E-08 1.5420E-08 1.5499E-08 1.5541E-08 1.5587E-08 1.5623E-08 1.5655E-08 1.5677E-08 1.5694E-08 1.5708E-08 1.5720E-08 1.5731E-08 1.5728E-08 1.5715E-08 1.5689E-08 1.5643E-08 1.5576E-08 1.5489E-08 1.5381E-08 1.5253E-08 1.5104E-08
3.6263E-09 4.2563E-09 4.9297E-09 5.6445E-09 6.3528E-09 7.0577E-09 7.7488E-09 8.3720E-09 8.9641E-09 9.5101E-09 9.9904E-09 1.0428E-08 1.0819E-08 1.1162E-08 1.1464E-08 1.1723E-08 1.1972E-08 1.2173E-08 1.2372E-08 1.2544E-08 1.2715E-08 1.2881E-08 1.3061E-08 1.3229E-08 1.3458E-08 1.3660E-08 1.3875E-08 1.4091E-08 1.4292E-08 1.4477E-08 1.4658E-08 1.4810E-08 1.4946E-08 1.5067E-08 1.5167E-08 1.5238E-08 1.5301E-08 1.5383E-08 1.5439E-08 1.5479E-08 1.5523E-08 1.5563E-08 1.5585E-08 1.5602E-08 1.5615E-08 1.5625E-08 1.5632E-08 1.5636E-08 1.5628E-08 1.5610E-08 1.5576E-08 1.5524E-08 1.5452E-08 1.5359E-08 1.5246E-08 1.5111E-08 1.4958E-08
3.5445E-09 4.1631E-09 4.8406E-09 5.5391E-09 6.2398E-09 6.9334E-09 7.6119E-09 8.2345E-09 8.8163E-09 9.3480E-09 9.8235E-09 1.0263E-08 1.0644E-08 1.0994E-08 1.1297E-08 1.1560E-08 1.1810E-08 1.2018E-08 1.2217E-08 1.2395E-08 1.2554E-08 1.2737E-08 1.2906E-08 1.3119E-08 1.3310E-08 1.3535E-08 1.3746E-08 1.3969E-08 1.4178E-08 1.4379E-08 1.4565E-08 1.4725E-08 1.4863E-08 1.4989E-08 1.5094E-08 1.5174E-08 1.5232E-08 1.5322E-08 1.5377E-08 1.5412E-08 1.5453E-08 1.5491E-08 1.5511E-08 1.5525E-08 1.5533E-08 1.5539E-08 1.5542E-08 1.5540E-08 1.5527E-08 1.5504E-08 1.5466E-08 1.5408E-08 1.5330E-08 1.5233E-08 1.5114E-08 1.4975E-08 1.4817E-08
3.4598E-09 4.0711E-09 4.7433E-09 5.4377E-09 6.1382E-09 6.8149E-09 7.4726E-09 8.0929E-09 8.6593E-09 9.1851E-09 9.6692E-09 1.0091E-08 1.0470E-08 1.0825E-08 1.1122E-08 1.1394E-08 1.1639E-08 1.1860E-08 1.2049E-08 1.2243E-08 1.2407E-08 1.2591E-08 1.2773E-08 1.2987E-08 1.3183E-08 1.3401E-08 1.3626E-08 1.3850E-08 1.4061E-08 1.4269E-08 1.4462E-08 1.4633E-08 1.4780E-08 1.4906E-08 1.5015E-08 1.5098E-08 1.5175E-08 1.5263E-08 1.5305E-08 1.5340E-08 1.5378E-08 1.5414E-08 1.5432E-08 1.5444E-08 1.5448E-08 1.5450E-08 1.5450E-08 1.5444E-08 1.5426E-08 1.5397E-08 1.5355E-08 1.5294E-08 1.5211E-08 1.5108E-08 1.4987E-08 1.4844E-08 1.4682E-08
3.3630E-09 3.9722E-09 4.6372E-09 5.3194E-09 6.0125E-09 6.6778E-09 7.3291E-09 7.9462E-09 8.5079E-09 9.0220E-09 9.4993E-09 9.9243E-09 1.0302E-08 1.0648E-08 1.0958E-08 1.1235E-08 1.1475E-08 1.1698E-08 1.1892E-08 1.2088E-08 1.2270E-08 1.2455E-08 1.2640E-08 1.2843E-08 1.3054E-08 1.3265E-08 1.3504E-08 1.3724E-08 1.3945E-08 1.4156E-08 1.4356E-08 1.4533E-08 1.4691E-08 1.4826E-08 1.4929E-08 1.5016E-08 1.5096E-08 1.5185E-08 1.5230E-08 1.5265E-08 1.5300E-08 1.5333E-08 1.5348E-08 1.5359E-08 1.5362E-08 1.5359E-08 1.5354E-08 1.5346E-08 1.5326E-08 1.5291E-08 1.5245E-08 1.5181E-08 1.5095E-08 1.4988E-08 1.4862E-08 1.4717E-08 1.4553E-08
3.2616E-09 3.8676E-09 4.5283E-09 5.1927E-09 5.8789E-09 6.5457E-09 7.1812E-09 7.7861E-09 8.3592E-09 8.8666E-09 9.3278E-09 9.7564E-09 1.0131E-08 1.0471E-08 1.0786E-08 1.1058E-08 1.1309E-08 1.1542E-08 1.1741E-08 1.1919E-08 1.2119E-08 1.2298E-08 1.2511E-08 1.2713E-08 1.2917E-08 1.3133E-08 1.3372E-08 1.3600E-08 1.3821E-08 1.4043E-08 1.4244E-08 1.4428E-08 1.4590E-08 1.4737E-08 1.4843E-08 1.4936E-08 1.5018E-08 1.5103E-08 1.5147E-08 1.5180E-08 1.5216E-08 1.5248E-08 1.5261E-08 1.5269E-08 1.5271E-08 1.5266E-08 1.5258E-08 1.5245E-08 1.5224E-08 1.5187E-08 1.5136E-08 1.5068E-08 1.4980E-08 1.4872E-08 1.4743E-08 1.4594E-08 1.4427E-08
