Assets/Resources/2015_m01_d10_0000(utc+0800)_l00_csi_1hr_conc.grd
DSAA
         159         159
     -79.000      79.000
     -79.000      79.000
  0.1714E-08  0.7399E-06
[rows 125 to 149 of 159, columns 57 to 113 of 159]
1.0224E-08 1.0245E-08 1.0261E-08 1.0272E-08 1.0278E-08 1.0280E-08 1.0277E-08 1.0264E-08 1.0252E-08 1.0236E-08 1.0215E-08 1.0190E-08 1.0161E-08 1.0127E-08 1.0090E-08 1.0049E-08 1.0004E-08 9.9493E-09 9.8971E-09 9.8415E-09 9.7825E-09 9.7203E-09 9.6551E-09 9.5868E-09 9.5105E-09 9.4371E-09 9.3610E-09 9.2825E-09 9.2018E-09 9.1137E-09 9.0290E-09 8.9424E-09 8.8540E-09 8.7516E-09 8.6608E-09 8.5686E-09 8.4392E-09 8.3354E-09 8.2427E-09 8.1371E-09 8.0431E-09 7.9480E-09 7.8522E-09 7.7556E-09 7.6584E-09 7.5607E-09 7.4625E-09 7.3640E-09 7.2653E-09 7.1664E-09 7.0675E-09 6.9685E-09 6.8697E-09 6.7711E-09 6.6727E-09 6.5746E-09 6.4770E-09
1.0002E-08 1.0023E-08 1.0039E-08 1.0051E-08 1.0059E-08 1.0061E-08 1.0060E-08 1.0054E-08 1.0043E-08 1.0028E-08 1.0009E-08 9.9862E-09 9.9589E-09 9.9218E-09 9.8867E-09 9.8479E-09 9.8053E-09 9.7591E-09 9.7094E-09 9.6563E-09 9.5999E-09 9.5350E-09 9.4727E-09 9.4075E-09 9.3395E-09 9.2689E-09 9.1957E-09 9.1150E-09 9.0374E-09 8.9577E-09 8.8760E-09 8.7797E-09 8.6950E-09 8.6087E-09 8.5085E-09 8.3966E-09 8.2970E-09 8.2080E-09 8.1065E-09 8.0159E-09 7.9243E-09 7.8318E-09 7.7384E-09 7.6443E-09 7.5495E-09 7.4542E-09 7.3584E-09 7.2623E-09 7.1659E-09 7.0694E-09 6.9727E-09 6.8761E-09 6.7795E-09 6.6831E-09 6.5869E-09 6.4910E-09 6.3954E-09
9.7903E-09 9.8116E-09 9.8284E-09 9.8409E-09 9.8490E-09 9.8527E-09 9.8521E-09 9.8471E-09 9.8380E-09 9.8246E-09 9.8016E-09 9.7802E-09 9.7548E-09 9.7256E-09 9.6925E-09 9.6558E-09 9.6154E-09 9.5714E-09 9.5241E-09 9.4681E-09 9.4145E-09 9.3578E-09 9.2981E-09 9.2356E-09 9.1703E-09 9.0973E-09 9.0271E-09 8.9547E-09 8.8799E-09 8.7902E-09 8.7120E-09 8.6320E-09 8.5501E-09 8.4548E-09 8.3361E-09 8.2524E-09 8.1674E-09 8.0699E-09 7.9829E-09 7.8948E-09 7.8057E-09 7.7155E-09 7.6246E-09 7.5328E-09 7.4405E-09 7.3475E-09 7.2542E-09 7.1604E-09 7.0664E-09 6.9721E-09 6.8778E-09 6.7834E-09 6.6891E-09 6.5948E-09 6.5008E-09 6.4070E-09 6.3136E-09
9.5827E-09 9.6042E-09 9.6214E-09 9.6344E-09 9.6374E-09 9.6421E-09 9.6425E-09 9.6388E-09 9.6310E-09 9.6192E-09 9.6033E-09 9.5835E-09 9.5599E-09 9.5324E-09 9.5013E-09 9.4665E-09 9.4228E-09 9.3813E-09 9.3364E-09 9.2883E-09 9.2371E-09 9.1828E-09 9.1256E-09 9.0605E-09 8.9981E-09 8.9331E-09 8.8657E-09 8.7959E-09 8.7116E-09 8.6382E-09 8.5627E-09 8.4733E-09 8.3714E-09 8.2815E-09 8.2019E-09 8.1093E-09 8.0274E-09 7.9441E-09 7.8596E-09 7.7739E-09 7.6871E-09 7.5994E-09 7.5108E-09 7.4215E-09 7.3315E-09 7.2409E-09 7.1499E-09 7.0584E-09 6.9667E-09 6.8747E-09 6.7827E-09 6.6905E-09 6.5984E-09 6.5063E-09 6.4145E-09 6.3228E-09 6.2314E-09
9.3737E-09 9.3955E-09 9.4131E-09 9.4267E-09 9.4361E-09 9.4415E-09 9.4428E-09 9.4401E-09 9.4334E-09 9.4228E-09 9.4083E-09 9.3900E-09 9.3625E-09 9.3370E-09 9.3078E-09 9.2751E-09 9.2390E-09 9.1995E-09 9.1568E-09 9.1109E-09 9.0567E-09 9.0050E-09 8.9504E-09 8.8931E-09 8.8332E-09 8.7707E-09 8.6936E-09 8.6271E-09 8.5583E-09 8.4752E-09 8.3791E-09 8.2949E-09 8.2211E-09 8.1456E-09 8.0573E-09 7.9792E-09 7.8997E-09 7.8187E-09 7.7366E-09 7.6532E-09 7.5688E-09 7.4835E-09 7.3972E-09 7.3102E-09 7.2226E-09 7.1343E-09 7.0456E-09 6.9565E-09 6.8670E-09 6.7773E-09 6.6875E-09 6.5975E-09 6.5076E-09 6.4177E-09 6.3279E-09 6.2384E-09 6.1491E-09
9.1747E-09 9.1966E-09 9.2145E-09 9.2284E-09 9.2384E-09 9.2445E-09 9.2466E-09 9.2448E-09 9.2338E-09 9.2245E-09 9.2115E-09 9.1948E-09 9.1744E-09 9.1504E-09 9.1230E-09 9.0921E-09 9.0578E-09 9.0203E-09 8.9745E-09 8.9310E-09 8.8844E-09 8.8349E-09 8.7827E-09 8.7149E-09 8.6580E-09 8.5986E-09 8.5368E-09 8.4603E-09 8.3947E-09 8.2924E-09 8.2247E-09 8.1550E-09 8.0722E-09 7.9997E-09 7.9254E-09 7.8496E-09 7.7724E-09 7.6938E-09 7.6139E-09 7.5329E-09 7.4508E-09 7.3678E-09 7.2839E-09 7.1992E-09 7.1138E-09 7.0279E-09 6.9414E-09 6.8546E-09 6.7674E-09 6.6799E-09 6.5922E-09 6.5045E-09 6.4167E-09 6.3290E-09 6.2413E-09 6.1538E-09 6.0666E-09
8.9740E-09 8.9960E-09 9.0142E-09 9.0286E-09 9.0392E-09 9.0460E-09 9.0489E-09 9.0482E-09 9.0437E-09 9.0355E-09 9.0236E-09 9.0082E-09 8.9892E-09 8.9668E-09 8.9357E-09 8.9067E-09 8.8744E-09 8.8390E-09 8.8004E-09 8.7589E-09 8.7144E-09 8.6545E-09 8.6050E-09 8.5529E-09 8.4982E-09 8.4288E-09 8.3699E-09 8.2857E-09 8.2125E-09 8.1490E-09 8.0720E-09 8.0052E-09 7.9366E-09 7.8662E-09 7.7942E-09 7.7206E-09 7.6456E-09 7.5693E-09 7.4917E-09 7.4130E-09 7.3332E-09 7.2524E-09 7.1708E-09 7.0884E-09 7.0053E-09 6.9217E-09 6.8375E-09 6.7528E-09 6.6678E-09 6.5826E-09 6.4971E-09 6.4115E-09 6.3259E-09 6.2402E-09 6.1547E-09 6.0692E-09 5.9840E-09
8.7832E-09 8.8053E-09 8.8237E-09 8.8384E-09 8.8494E-09 8.8567E-09 8.8603E-09 8.8604E-09 8.8568E-09 8.8496E-09 8.8336E-09 8.8196E-09 8.8021E-09 8.7813E-09 8.7571E-09 8.7297E-09 8.6992E-09 8.6655E-09 8.6161E-09 8.5770E-09 8.5350E-09 8.4902E-09 8.4428E-09 8.3806E-09 8.3286E-09 8.2511E-09 8.1844E-09 8.1273E-09 8.0564E-09 7.9957E-09 7.9329E-09 7.8682E-09 7.8017E-09 7.7335E-09 7.6637E-09 7.5923E-09 7.5195E-09 7.4454E-09 7.3701E-09 7.2936E-09 7.2160E-09 7.1375E-09 7.0582E-09 6.9780E-09 6.8972E-09 6.8157E-09 6.7337E-09 6.6513E-09 6.5685E-09 6.4854E-09 6.4021E-09 6.3186E-09 6.2351E-09 6.1515E-09 6.0680E-09 5.9846E-09 5.9014E-09
8.5961E-09 8.6182E-09 8.6367E-09 8.6517E-09 8.6630E-09 8.6656E-09 8.6700E-09 8.6708E-09 8.6682E-09 8.6621E-09 8.6526E-09 8.6398E-09 8.6236E-09 8.6041E-09 8.5814E-09 8.5428E-09 8.5143E-09 8.4828E-09 8.4483E-09 8.4110E-09 8.3709E-09 8.3160E-09 8.2711E-09 8.1889E-09 8.1406E-09 8.0900E-09 8.0256E-09 7.9710E-09 7.9143E-09 7.8555E-09 7.7948E-09 7.7321E-09 7.6677E-09 7.6016E-09 7.5339E-09 7.4647E-09 7.3941E-09 7.3222E-09 7.2491E-09 7.1748E-09 7.0994E-09 7.0231E-09 6.9460E-09 6.8680E-09 6.7894E-09 6.7101E-09 6.6303E-09 6.5500E-09 6.4694E-09 6.3884E-09 6.3072E-09 6.2259E-09 6.1444E-09 6.0629E-09 5.9814E-09 5.9001E-09 5.8188E-09
8.4075E-09 8.4297E-09 8.4484E-09 8.4636E-09 8.4754E-09 8.4838E-09 8.4887E-09 8.4903E-09 8.4884E-09 8.4832E-09 8.4747E-09 8.4629E-09 8.4354E-09 8.4176E-09 8.3967E-09 8.3727E-09 8.3456E-09 8.3157E-09 8.2707E-09 8.2356E-09 8.1740E-09 8.1229E-09 8.0814E-09 8.0374E-09 7.9796E-09 7.9313E-09 7.8808E-09 7.8281E-09 7.7733E-09 7.7165E-09 7.6577E-09 7.5971E-09 7.5347E-09 7.4707E-09 7.4051E-09 7.3380E-09 7.2695E-09 7.1997E-09 7.1287E-09 7.0566E-09 6.9834E-09 6.9093E-09 6.8343E-09 6.7585E-09 6.6821E-09 6.6049E-09 6.5273E-09 6.4492E-09 6.3706E-09 6.2918E-09 6.2127E-09 6.1334E-09 6.0540E-09 5.9745E-09 5.8950E-09 5.8156E-09 5.7363E-09
8.2282E-09 8.2502E-09 8.2690E-09 8.2844E-09 8.2965E-09 8.3053E-09 8.3107E-09 8.3002E-09 8.2994E-09 8.2953E-09 8.2880E-09 8.2776E-09 8.2641E-09 8.2474E-09 8.2277E-09 8.1929E-09 8.1677E-09 8.1397E-09 8.0858E-09 8.0418E-09 8.0071E-09 7.9698E-09 7.9186E-09 7.8768E-09 7.8326E-09 7.7861E-09 7.7374E-09 7.6865E-09 7.6335E-09 7.5786E-09 7.5217E-09 7.4631E-09 7.4027E-09 7.3407E-09 7.2772E-09 7.2122E-09 7.1458E-09 7.0781E-09 7.0092E-09 6.9392E-09 6.8681E-09 6.7961E-09 6.7233E-09 6.6496E-09 6.5752E-09 6.5003E-09 6.4247E-09 6.3487E-09 6.2722E-09 6.1954E-09 6.1184E-09 6.0411E-09 5.9637E-09 5.8863E-09 5.8088E-09 5.7313E-09 5.6540E-09
8.0395E-09 8.0617E-09 8.0806E-09 8.0964E-09 8.1089E-09 8.1183E-09 8.1244E-09 8.1274E-09 8.1272E-09 8.1239E-09 8.1175E-09 8.1080E-09 8.0834E-09 8.0683E-09 8.0502E-09 8.0059E-09 7.9715E-09 7.9462E-09 7.9182E-09 7.8760E-09 7.8432E-09 7.8078E-09 7.7700E-09 7.7297E-09 7.6871E-09 7.6423E-09 7.5953E-09 7.5461E-09 7.4950E-09 7.4419E-09 7.3870E-09 7.3303E-09 7.2718E-09 7.2118E-09 7.1503E-09 7.0873E-09 7.0229E-09 6.9573E-09 6.8904E-09 6.8225E-09 6.7536E-09 6.6836E-09 6.6129E-09 6.5413E-09 6.4690E-09 6.3961E-09 6.3226E-09 6.2486E-09 6.1743E-09 6.0995E-09 6.0245E-09 5.9492E-09 5.8738E-09 5.7983E-09 5.7228E-09 5.6473E-09 5.5718E-09
7.8684E-09 7.8905E-09 7.9094E-09 7.9252E-09 7.9380E-09 7.9476E-09 7.9542E-09 7.9454E-09 7.9461E-09 7.9438E-09 7.9385E-09 7.9064E-09 7.8841E-09 7.8711E-09 7.8553E-09 7.8366E-09 7.8037E-09 7.7800E-09 7.7537E-09 7.7247E-09 7.6932E-09 7.6593E-09 7.6229E-09 7.5842E-09 7.5432E-09 7.4999E-09 7.4546E-09 7.4072E-09 7.3578E-09 7.3066E-09 7.2535E-09 7.1986E-09 7.1421E-09 7.0840E-09 7.0244E-09 6.9634E-09 6.9010E-09 6.8374E-09 6.7726E-09 6.7067E-09 6.6398E-09 6.5719E-09 6.5032E-09 6.4337E-09 6.3634E-09 6.2925E-09 6.2211E-09 6.1492E-09 6.0768E-09 6.0040E-09 5.9310E-09 5.8577E-09 5.7843E-09 5.7107E-09 5.6371E-09 5.5635E-09 5.4899E-09
7.6882E-09 7.7102E-09 7.7293E-09 7.7454E-09 7.7585E-09 7.7686E-09 7.7758E-09 7.7564E-09 7.7464E-09 7.7456E-09 7.7419E-09 7.7354E-09 7.7144E-09 7.7026E-09 7.6880E-09 7.6707E-09 7.6507E-09 7.6281E-09 7.6029E-09 7.5752E-09 7.5450E-09 7.5124E-09 7.4775E-09 7.4402E-09 7.4008E-09 7.3592E-09 7.3155E-09 7.2697E-09 7.2221E-09 7.1726E-09 7.1213E-09 7.0682E-09 7.0136E-09 6.9574E-09 6.8997E-09 6.8406E-09 6.7802E-09 6.7185E-09 6.6557E-09 6.5918E-09 6.5269E-09 6.4610E-09 6.3943E-09 6.3268E-09 6.2585E-09 6.1896E-09 6.1202E-09 6.0502E-09 5.9798E-09 5.9091E-09 5.8380E-09 5.7666E-09 5.6951E-09 5.6235E-09 5.5517E-09 5.4800E-09 5.4082E-09
7.5010E-09 7.5231E-09 7.5425E-09 7.5473E-09 7.5611E-09 7.5722E-09 7.5803E-09 7.5857E-09 7.5767E-09 7.5766E-09 7.5738E-09 7.5682E-09 7.5598E-09 7.5488E-09 7.5350E-09 7.5187E-09 7.4997E-09 7.4781E-09 7.4541E-09 7.4276E-09 7.3987E-09 7.3674E-09 7.3338E-09 7.2980E-09 7.2600E-09 7.2199E-09 7.1778E-09 7.1338E-09 7.0878E-09 7.0400E-09 6.9904E-09 6.9392E-09 6.8863E-09 6.8320E-09 6.7761E-09 6.7189E-09 6.6604E-09 6.6007E-09 6.5398E-09 6.4778E-09 6.4148E-09 6.3509E-09 6.2862E-09 6.2206E-09 6.1544E-09 6.0875E-09 6.0200E-09 5.9519E-09 5.8835E-09 5.8147E-09 5.7455E-09 5.6761E-09 5.6064E-09 5.5366E-09 5.4668E-09 5.3968E-09 5.3269E-09
7.3324E-09 7.3429E-09 7.3624E-09 7.3792E-09 7.3933E-09 7.4046E-09 7.4131E-09 7.4190E-09 7.4221E-09 7.4224E-09 7.4201E-09 7.4151E-09 7.4074E-09 7.3971E-09 7.3842E-09 7.3687E-09 7.3507E-09 7.3301E-09 7.3072E-09 7.2818E-09 7.2541E-09 7.2241E-09 7.1919E-09 7.1575E-09 7.1210E-09 7.0824E-09 7.0418E-09 6.9993E-09 6.9550E-09 6.9088E-09 6.8610E-09 6.8115E-09 6.7604E-09 6.7078E-09 6.6538E-09 6.5984E-09 6.5418E-09 6.4839E-09 6.4249E-09 6.3649E-09 6.3038E-09 6.2418E-09 6.1790E-09 6.1153E-09 6.0510E-09 5.9860E-09 5.9204E-09 5.8543E-09 5.7878E-09 5.7208E-09 5.6536E-09 5.5860E-09 5.5182E-09 5.4503E-09 5.3822E-09 5.2998E-09 5.2325E-09
7.1682E-09 7.1902E-09 7.2095E-09 7.2262E-09 7.2402E-09 7.2516E-09 7.2603E-09 7.2664E-09 7.2698E-09 7.2705E-09 7.2687E-09 7.2642E-09 7.2572E-09 7.2475E-09 7.2354E-09 7.2208E-09 7.2037E-09 7.1841E-09 7.1622E-09 7.1380E-09 7.1115E-09 7.0827E-09 7.0518E-09 7.0187E-09 6.9836E-09 6.9465E-09 6.9074E-09 6.8665E-09 6.8237E-09 6.7792E-09 6.7330E-09 6.6852E-09 6.6358E-09 6.5850E-09 6.5327E-09 6.4792E-09 6.4243E-09 6.3683E-09 6.3112E-09 6.2529E-09 6.1937E-09 6.1336E-09 6.0727E-09 6.0109E-09 5.9485E-09 5.8854E-09 5.8217E-09 5.7574E-09 5.6928E-09 5.6277E-09 5.5622E-09 5.4965E-09 5.4306E-09 5.3644E-09 5.2841E-09 5.2186E-09 5.1483E-09
7.0182E-09 7.0399E-09 7.0590E-09 7.0756E-09 7.0896E-09 7.1010E-09 7.1098E-09 7.1161E-09 7.1198E-09 7.1209E-09 7.1195E-09 7.1156E-09 7.1091E-09 7.1002E-09 7.0888E-09 7.0750E-09 7.0588E-09 7.0402E-09 7.0193E-09 6.9962E-09 6.9708E-09 6.9432E-09 6.9136E-09 6.8818E-09 6.8480E-09 6.8123E-09 6.7747E-09 6.7353E-09 6.6940E-09 6.6511E-09 6.6065E-09 6.5603E-09 6.5126E-09 6.4635E-09 6.4130E-09 6.3612E-09 6.3081E-09 6.2539E-09 6.1985E-09 6.1421E-09 6.0847E-09 6.0265E-09 5.9673E-09 5.9074E-09 5.8468E-09 5.7856E-09 5.7237E-09 5.6613E-09 5.5985E-09 5.5352E-09 5.4716E-09 5.4076E-09 5.3435E-09 5.2653E-09 5.2016E-09 5.1332E-09 5.0695E-09
6.8707E-09 6.8920E-09 6.9109E-09 6.9274E-09 6.9413E-09 6.9528E-09 6.9617E-09 6.9682E-09 6.9721E-09 6.9736E-09 6.9726E-09 6.9692E-09 6.9633E-09 6.9550E-09 6.9444E-09 6.9313E-09 6.9160E-09 6.8983E-09 6.8784E-09 6.8563E-09 6.8320E-09 6.8056E-09 6.7772E-09 6.7467E-09 6.7143E-09 6.6799E-09 6.6437E-09 6.6057E-09 6.5660E-09 6.5246E-09 6.4815E-09 6.4370E-09 6.3909E-09 6.3434E-09 6.2946E-09 6.2445E-09 6.1932E-09 6.1407E-09 6.0871E-09 6.0324E-09 5.9768E-09 5.9203E-09 5.8630E-09 5.8049E-09 5.7461E-09 5.6866E-09 5.6266E-09 5.5660E-09 5.5049E-09 5.4434E-09 5.3816E-09 5.3194E-09 5.2435E-09 5.1769E-09 5.1150E-09 5.0531E-09 4.9910E-09
6.7256E-09 6.7466E-09 6.7653E-09 6.7816E-09 6.7955E-09 6.8070E-09 6.8160E-09 6.8226E-09 6.8269E-09 6.8287E-09 6.8281E-09 6.8251E-09 6.8198E-09 6.8121E-09 6.8021E-09 6.7899E-09 6.7753E-09 6.7586E-09 6.7396E-09 6.7185E-09 6.6953E-09 6.6700E-09 6.6427E-09 6.6135E-09 6.5823E-09 6.5493E-09 6.5145E-09 6.4779E-09 6.4396E-09 6.3997E-09 6.3582E-09 6.3151E-09 6.2707E-09 6.2248E-09 6.1776E-09 6.1292E-09 6.0795E-09 6.0287E-09 5.9768E-09 5.9239E-09 5.8700E-09 5.8153E-09 5.7597E-09 5.7034E-09 5.6463E-09 5.5886E-09 5.5303E-09 5.4715E-09 5.4122E-09 5.3524E-09 5.2783E-09 5.2186E-09 5.1540E-09 5.0940E-09 5.0339E-09 4.9735E-09 4.9086E-09
6.5829E-09 6.6037E-09 6.6222E-09 6.6383E-09 6.6521E-09 6.6636E-09 6.6727E-09 6.6795E-09 6.6840E-09 6.6861E-09 6.6859E-09 6.6834E-09 6.6785E-09 6.6715E-09 6.6621E-09 6.6506E-09 6.6368E-09 6.6209E-09 6.6029E-09 6.5827E-09 6.5606E-09 6.5364E-09 6.5102E-09 6.4822E-09 6.4522E-09 6.4205E-09 6.3870E-09 6.3517E-09 6.3149E-09 6.2764E-09 6.2364E-09 6.1949E-09 6.1519E-09 6.1076E-09 6.0620E-09 6.0152E-09 5.9672E-09 5.9180E-09 5.8678E-09 5.8166E-09 5.7644E-09 5.7114E-09 5.6575E-09 5.6029E-09 5.5475E-09 5.4916E-09 5.4350E-09 5.3779E-09 5.3203E-09 5.2485E-09 5.1908E-09 5.1283E-09 5.0702E-09 5.0118E-09 4.9485E-09 4.8900E-09 4.8314E-09
6.4428E-09 6.4632E-09 6.4815E-09 6.4975E-09 6.5112E-09 6.5227E-09 6.5319E-09 6.5388E-09 6.5434E-09 6.5458E-09 6.5460E-09 6.5439E-09 6.5396E-09 6.5331E-09 6.5244E-09 6.5135E-09 6.5005E-09 6.4854E-09 6.4682E-09 6.4490E-09 6.4279E-09 6.4047E-09 6.3797E-09 6.3528E-09 6.3240E-09 6.2935E-09 6.2613E-09 6.2274E-09 6.1919E-09 6.1548E-09 6.1162E-09 6.0762E-09 6.0347E-09 5.9920E-09 5.9479E-09 5.9026E-09 5.8562E-09 5.8086E-09 5.7601E-09 5.7105E-09 5.6600E-09 5.6086E-09 5.5564E-09 5.5034E-09 5.4498E-09 5.3955E-09 5.3406E-09 5.2711E-09 5.2159E-09 5.1555E-09 5.0997E-09 5.0435E-09 4.9870E-09 4.9256E-09 4.8688E-09 4.8119E-09 4.7548E-09
6.3051E-09 6.3253E-09 6.3433E-09 6.3591E-09 6.3727E-09 6.3842E-09 6.3934E-09 6.4005E-09 6.4053E-09 6.4080E-09 6.4085E-09 6.4068E-09 6.4029E-09 6.3969E-09 6.3888E-09 6.3786E-09 6.3664E-09 6.3521E-09 6.3357E-09 6.3174E-09 6.2972E-09 6.2751E-09 6.2511E-09 6.2253E-09 6.1977E-09 6.1684E-09 6.1374E-09 6.1048E-09 6.0706E-09 6.0349E-09 5.9977E-09 5.9591E-09 5.9191E-09 5.8778E-09 5.8352E-09 5.7915E-09 5.7466E-09 5.7006E-09 5.6536E-09 5.6056E-09 5.5567E-09 5.5070E-09 5.4564E-09 5.4051E-09 5.3531E-09 5.3004E-09 5.2335E-09 5.1804E-09 5.1222E-09 5.0683E-09 5.0141E-09 4.9594E-09 4.9000E-09 4.8449E-09 4.7897E-09 4.7296E-09 4.6743E-09
6.1699E-09 6.1898E-09 6.2075E-09 6.2232E-09 6.2367E-09 6.2481E-09 6.2574E-09 6.2646E-09 6.2696E-09 6.2725E-09 6.2733E-09 6.2720E-09 6.2686E-09 6.2631E-09 6.2556E-09 6.2460E-09 6.2344E-09 6.2209E-09 6.2054E-09 6.1879E-09 6.1686E-09 6.1475E-09 6.1245E-09 6.0998E-09 6.0733E-09 6.0451E-09 6.0154E-09 5.9840E-09 5.9511E-09 5.9167E-09 5.8808E-09 5.8436E-09 5.8050E-09 5.7652E-09 5.7241E-09 5.6818E-09 5.6384E-09 5.5940E-09 5.5485E-09 5.5021E-09 5.4548E-09 5.4066E-09 5.3576E-09 5.3079E-09 5.2435E-09 5.1931E-09 5.1375E-09 5.0861E-09 5.0343E-09 4.9819E-09 4.9246E-09 4.8717E-09 4.8185E-09 4.7650E-09 4.7067E-09 4.6529E-09 4.5858E-09
6.0372E-09 6.0567E-09 6.0742E-09 6.0897E-09 6.1031E-09 6.1145E-09 6.1238E-09 6.1311E-09 6.1363E-09 6.1394E-09 6.1405E-09 6.1395E-09 6.1366E-09 6.1316E-09 6.1246E-09 6.1156E-09 6.1047E-09 6.0919E-09 6.0771E-09 6.0605E-09 6.0421E-09 6.0219E-09 5.9999E-09 5.9762E-09 5.9508E-09 5.9238E-09 5.8952E-09 5.8650E-09 5.8333E-09 5.8002E-09 5.7657E-09 5.7298E-09 5.6926E-09 5.6541E-09 5.6144E-09 5.5736E-09 5.5317E-09 5.4887E-09 5.4448E-09 5.3998E-09 5.3540E-09 5.3074E-09 5.2458E-09 5.1983E-09 5.1454E-09 5.0967E-09 5.0474E-09 4.9976E-09 4.9472E-09 4.8919E-09 4.8409E-09 4.7895E-09 4.7377E-09 4.6812E-09 4.6154E-09 4.5638E-09 4.5077E-09
