Assets/Resources/2015_m01_d02_1400(utc+0800)_l00_csi_1hr_conc.grd
DSAA
         159         159
     -79.000      79.000
     -79.000      79.000
  0.0000E+00  0.6843E-05
[rows 25 to 49 of 159, columns 57 to 113 of 159]
9.5146E-09 1.0178E-08 1.0773E-08 1.1280E-08 1.1685E-08 1.1978E-08 1.2152E-08 1.2201E-08 1.2127E-08 1.1935E-08 1.1631E-08 1.1229E-08 1.0746E-08 1.0197E-08 9.6022E-09 8.9793E-09 8.3459E-09 7.7179E-09 7.1106E-09 6.5348E-09 5.9933E-09 5.4951E-09 5.0420E-09 4.6342E-09 4.2696E-09 3.9495E-09 3.6673E-09 3.4175E-09 3.1981E-09 3.0054E-09 2.8298E-09 2.6731E-09 2.5163E-09 2.4060E-09 2.3184E-09 2.2333E-09 2.1487E-09 2.0700E-09 1.9953E-09 1.9240E-09 1.8565E-09 1.7931E-09 1.7356E-09 1.6822E-09 1.6311E-09 1.5788E-09 1.5336E-09 1.4879E-09 1.4469E-09 1.4100E-09 1.3794E-09 1.3534E-09 1.3309E-09 1.3114E-09 1.2941E-09 1.2797E-09 1.2672E-09
9.7263E-09 1.0405E-08 1.1006E-08 1.1515E-08 1.1917E-08 1.2198E-08 1.2348E-08 1.2367E-08 1.2258E-08 1.2022E-08 1.1673E-08 1.1221E-08 1.0686E-08 1.0086E-08 9.4416E-09 8.7711E-09 8.0953E-09 7.4292E-09 6.7869E-09 6.1827E-09 5.6227E-09 5.1120E-09 4.6478E-09 4.2361E-09 3.8703E-09 3.5551E-09 3.2798E-09 3.0392E-09 2.8308E-09 2.6481E-09 2.4796E-09 2.3295E-09 2.1828E-09 2.0963E-09 2.0211E-09 1.9468E-09 1.8743E-09 1.8061E-09 1.7422E-09 1.6817E-09 1.6245E-09 1.5720E-09 1.5247E-09 1.4800E-09 1.4363E-09 1.3909E-09 1.3506E-09 1.3132E-09 1.2804E-09 1.2524E-09 1.2292E-09 1.2086E-09 1.1911E-09 1.1758E-09 1.1629E-09 1.1520E-09 1.1431E-09
9.9099E-09 1.0604E-08 1.1218E-08 1.1728E-08 1.2124E-08 1.2393E-08 1.2526E-08 1.2518E-08 1.2372E-08 1.2097E-08 1.1703E-08 1.1207E-08 1.0623E-08 9.9746E-09 9.2820E-09 8.5677E-09 7.8505E-09 7.1492E-09 6.4773E-09 5.8486E-09 5.2717E-09 4.7445E-09 4.2762E-09 3.8635E-09 3.5000E-09 3.1868E-09 2.9181E-09 2.6886E-09 2.4906E-09 2.3172E-09 2.1587E-09 2.0104E-09 1.8818E-09 1.8142E-09 1.7503E-09 1.6859E-09 1.6243E-09 1.5660E-09 1.5117E-09 1.4607E-09 1.4133E-09 1.3709E-09 1.3321E-09 1.2937E-09 1.2533E-09 1.2158E-09 1.1827E-09 1.1538E-09 1.1297E-09 1.1086E-09 1.0901E-09 1.0743E-09 1.0610E-09 1.0498E-09 1.0405E-09 1.0327E-09 1.0269E-09
1.0067E-08 1.0771E-08 1.1394E-08 1.1912E-08 1.2307E-08 1.2562E-08 1.2677E-08 1.2645E-08 1.2468E-08 1.2152E-08 1.1717E-08 1.1175E-08 1.0547E-08 9.8550E-09 9.1199E-09 8.3651E-09 7.6128E-09 6.8789E-09 6.1791E-09 5.5298E-09 4.9357E-09 4.4016E-09 3.9281E-09 3.5124E-09 3.1535E-09 2.8450E-09 2.5873E-09 2.3664E-09 2.1794E-09 2.0167E-09 1.8629E-09 1.7140E-09 1.6172E-09 1.5596E-09 1.5046E-09 1.4502E-09 1.3981E-09 1.3491E-09 1.3034E-09 1.2608E-09 1.2230E-09 1.1892E-09 1.1540E-09 1.1181E-09 1.0854E-09 1.0562E-09 1.0316E-09 1.0111E-09 9.9286E-10 9.7652E-10 9.6244E-10 9.5070E-10 9.4093E-10 9.3308E-10 9.2664E-10 9.2193E-10 9.1856E-10
1.0186E-08 1.0908E-08 1.1537E-08 1.2058E-08 1.2452E-08 1.2702E-08 1.2798E-08 1.2744E-08 1.2539E-08 1.2191E-08 1.1714E-08 1.1131E-08 1.0460E-08 9.7263E-09 8.9528E-09 8.1621E-09 7.3770E-09 6.6165E-09 5.8964E-09 5.2259E-09 4.6195E-09 4.0795E-09 3.6030E-09 3.1885E-09 2.8354E-09 2.5344E-09 2.2828E-09 2.0726E-09 1.8973E-09 1.7412E-09 1.5937E-09 1.4506E-09 1.3794E-09 1.3313E-09 1.2850E-09 1.2390E-09 1.1955E-09 1.1546E-09 1.1159E-09 1.0822E-09 1.0522E-09 1.0202E-09 9.8922E-10 9.6052E-10 9.3486E-10 9.1593E-10 8.9797E-10 8.8220E-10 8.6837E-10 8.5611E-10 8.4576E-10 8.3727E-10 8.3068E-10 8.2548E-10 8.2196E-10 8.1952E-10 8.1853E-10
1.0265E-08 1.1001E-08 1.1644E-08 1.2166E-08 1.2558E-08 1.2802E-08 1.2887E-08 1.2809E-08 1.2576E-08 1.2198E-08 1.1688E-08 1.1066E-08 1.0357E-08 9.5858E-09 8.7775E-09 7.9572E-09 7.1450E-09 6.3606E-09 5.6221E-09 4.9414E-09 4.3229E-09 3.7769E-09 3.3020E-09 2.8931E-09 2.5432E-09 2.2498E-09 2.0065E-09 1.8086E-09 1.6407E-09 1.4918E-09 1.3528E-09 1.2170E-09 1.1693E-09 1.1284E-09 1.0888E-09 1.0506E-09 1.0152E-09 9.8081E-10 9.5003E-10 9.1988E-10 8.9168E-10 8.6610E-10 8.4211E-10 8.2225E-10 8.0695E-10 7.9156E-10 7.7770E-10 7.6578E-10 7.5564E-10 7.4695E-10 7.3965E-10 7.3406E-10 7.2986E-10 7.2725E-10 7.2591E-10 7.2556E-10 7.2575E-10
1.0312E-08 1.1056E-08 1.1707E-08 1.2238E-08 1.2623E-08 1.2860E-08 1.2933E-08 1.2840E-08 1.2581E-08 1.2174E-08 1.1634E-08 1.0980E-08 1.0237E-08 9.4334E-09 8.5934E-09 7.7473E-09 6.9137E-09 6.1127E-09 5.3604E-09 4.6690E-09 4.0475E-09 3.4968E-09 3.0228E-09 2.6193E-09 2.2780E-09 1.9923E-09 1.7610E-09 1.5704E-09 1.4117E-09 1.2671E-09 1.1358E-09 1.0196E-09 9.8378E-10 9.5018E-10 9.1642E-10 8.8398E-10 8.5418E-10 8.2657E-10 7.9662E-10 7.7204E-10 7.5024E-10 7.2964E-10 7.1743E-10 7.0498E-10 6.9216E-10 6.8043E-10 6.6997E-10 6.6138E-10 6.5419E-10 6.4850E-10 6.4375E-10 6.4043E-10 6.3849E-10 6.3798E-10 6.3831E-10 6.3918E-10 6.4016E-10
1.0315E-08 1.1071E-08 1.1728E-08 1.2263E-08 1.2651E-08 1.2878E-08 1.2940E-08 1.2831E-08 1.2555E-08 1.2120E-08 1.1552E-08 1.0870E-08 1.0099E-08 9.2668E-09 8.4043E-09 7.5340E-09 6.6825E-09 5.8692E-09 5.1097E-09 4.4131E-09 3.7882E-09 3.2414E-09 2.7683E-09 2.3715E-09 2.0381E-09 1.7657E-09 1.5418E-09 1.3593E-09 1.2063E-09 1.0673E-09 9.4561E-10 8.5314E-10 8.2237E-10 7.9329E-10 7.6464E-10 7.3732E-10 7.0855E-10 6.8179E-10 6.6160E-10 6.4306E-10 6.2948E-10 6.2038E-10 6.1037E-10 5.9999E-10 5.9021E-10 5.8159E-10 5.7422E-10 5.6803E-10 5.6360E-10 5.5993E-10 5.5761E-10 5.5619E-10 5.5630E-10 5.5702E-10 5.5837E-10 5.5993E-10 5.6194E-10
1.0304E-08 1.1071E-08 1.1735E-08 1.2271E-08 1.2658E-08 1.2879E-08 1.2928E-08 1.2802E-08 1.2505E-08 1.2049E-08 1.1455E-08 1.0748E-08 9.9514E-09 9.0951E-09 8.2089E-09 7.3236E-09 6.4578E-09 5.6319E-09 4.8670E-09 4.1727E-09 3.5495E-09 3.0049E-09 2.5392E-09 2.1470E-09 1.8245E-09 1.5616E-09 1.3462E-09 1.1717E-09 1.0219E-09 8.9013E-10 7.8623E-10 7.0749E-10 6.8176E-10 6.5574E-10 6.2844E-10 6.0042E-10 5.7727E-10 5.5934E-10 5.4499E-10 5.3832E-10 5.3130E-10 5.2352E-10 5.1521E-10 5.0734E-10 5.0038E-10 4.9426E-10 4.8931E-10 4.8529E-10 4.8263E-10 4.8121E-10 4.8061E-10 4.8115E-10 4.8214E-10 4.8366E-10 4.8549E-10 4.8785E-10 4.9055E-10
1.0251E-08 1.1022E-08 1.1691E-08 1.2229E-08 1.2614E-08 1.2831E-08 1.2870E-08 1.2730E-08 1.2416E-08 1.1940E-08 1.1326E-08 1.0597E-08 9.7811E-09 8.9072E-09 8.0060E-09 7.1073E-09 6.2326E-09 5.4056E-09 4.6366E-09 3.9431E-09 3.3305E-09 2.7929E-09 2.3331E-09 1.9482E-09 1.6352E-09 1.3793E-09 1.1775E-09 1.0084E-09 8.5910E-10 7.3624E-10 6.4057E-10 5.7955E-10 5.5541E-10 5.2755E-10 5.0122E-10 4.8148E-10 4.6688E-10 4.5927E-10 4.5545E-10 4.5069E-10 4.4428E-10 4.3789E-10 4.3175E-10 4.2635E-10 4.2157E-10 4.1763E-10 4.1448E-10 4.1221E-10 4.1128E-10 4.1144E-10 4.1244E-10 4.1365E-10 4.1521E-10 4.1712E-10 4.1966E-10 4.2258E-10 4.2586E-10
1.0189E-08 1.0967E-08 1.1641E-08 1.2180E-08 1.2562E-08 1.2773E-08 1.2801E-08 1.2646E-08 1.2314E-08 1.1820E-08 1.1187E-08 1.0439E-08 9.6039E-09 8.7142E-09 7.8025E-09 6.8945E-09 6.0150E-09 5.1829E-09 4.4216E-09 3.7304E-09 3.1213E-09 2.5986E-09 2.1494E-09 1.7730E-09 1.4670E-09 1.2229E-09 1.0261E-09 8.6108E-10 7.1736E-10 6.0545E-10 5.2231E-10 4.6567E-10 4.3840E-10 4.1432E-10 3.9587E-10 3.8391E-10 3.8172E-10 3.7944E-10 3.7575E-10 3.7121E-10 3.6672E-10 3.6200E-10 3.5799E-10 3.5434E-10 3.5141E-10 3.4898E-10 3.4766E-10 3.4685E-10 3.4727E-10 3.4982E-10 3.5142E-10 3.5302E-10 3.5494E-10 3.5751E-10 3.6043E-10 3.6384E-10 3.6742E-10
1.0112E-08 1.0893E-08 1.1565E-08 1.2101E-08 1.2479E-08 1.2682E-08 1.2700E-08 1.2532E-08 1.2186E-08 1.1676E-08 1.1026E-08 1.0261E-08 9.4133E-09 8.5133E-09 7.5922E-09 6.6800E-09 5.8004E-09 4.9749E-09 4.2113E-09 3.5314E-09 2.9310E-09 2.4150E-09 1.9802E-09 1.6183E-09 1.3195E-09 1.0819E-09 8.9118E-10 7.2880E-10 5.9100E-10 4.9361E-10 4.1687E-10 3.5971E-10 3.3709E-10 3.2213E-10 3.1566E-10 3.1533E-10 3.1328E-10 3.0995E-10 3.0656E-10 3.0313E-10 3.0014E-10 2.9795E-10 2.9543E-10 2.9336E-10 2.9194E-10 2.9114E-10 2.9101E-10 2.9141E-10 2.9224E-10 2.9355E-10 2.9532E-10 2.9878E-10 3.0122E-10 3.0415E-10 3.0737E-10 3.1111E-10 3.1494E-10
1.0054E-08 1.0836E-08 1.1508E-08 1.2042E-08 1.2415E-08 1.2609E-08 1.2613E-08 1.2428E-08 1.2064E-08 1.1537E-08 1.0869E-08 1.0088E-08 9.2265E-09 8.3165E-09 7.3904E-09 6.4747E-09 5.5939E-09 4.7686E-09 4.0184E-09 3.3418E-09 2.7542E-09 2.2481E-09 1.8251E-09 1.4753E-09 1.1912E-09 9.5826E-10 7.6923E-10 6.0820E-10 4.7885E-10 3.9271E-10 3.2468E-10 2.7279E-10 2.5977E-10 2.5627E-10 2.5517E-10 2.5363E-10 2.5131E-10 2.4908E-10 2.4618E-10 2.4433E-10 2.4236E-10 2.4150E-10 2.4100E-10 2.4054E-10 2.4051E-10 2.4070E-10 2.4084E-10 2.4123E-10 2.4199E-10 2.4348E-10 2.4555E-10 2.4803E-10 2.5087E-10 2.5385E-10 2.5742E-10 2.6343E-10 2.6764E-10
1.0000E-08 1.0785E-08 1.1456E-08 1.1986E-08 1.2350E-08 1.2531E-08 1.2523E-08 1.2324E-08 1.1944E-08 1.1395E-08 1.0705E-08 9.9089E-09 9.0347E-09 8.1150E-09 7.1828E-09 6.2669E-09 5.3911E-09 4.5746E-09 3.8264E-09 3.1662E-09 2.5857E-09 2.0916E-09 1.6787E-09 1.3397E-09 1.0652E-09 8.4391E-10 6.6053E-10 5.0474E-10 3.8474E-10 3.0462E-10 2.4144E-10 2.0298E-10 2.0075E-10 2.0009E-10 1.9744E-10 1.9574E-10 1.9345E-10 1.9229E-10 1.9060E-10 1.9005E-10 1.9066E-10 1.9096E-10 1.9168E-10 1.9275E-10 1.9279E-10 1.9312E-10 1.9298E-10 1.9382E-10 1.9512E-10 1.9750E-10 1.9986E-10 2.0312E-10 2.0687E-10 2.1063E-10 2.1496E-10 2.2047E-10 2.2597E-10
9.9819E-09 1.0770E-08 1.1442E-08 1.1967E-08 1.2320E-08 1.2486E-08 1.2458E-08 1.2237E-08 1.1831E-08 1.1265E-08 1.0559E-08 9.7411E-09 8.8506E-09 7.9194E-09 6.9809E-09 6.0616E-09 5.1877E-09 4.3793E-09 3.6447E-09 2.9871E-09 2.4274E-09 1.9447E-09 1.5432E-09 1.2113E-09 9.4389E-10 7.3079E-10 5.5627E-10 4.0886E-10 2.9449E-10 2.1535E-10 1.5605E-10 1.3546E-10 1.3993E-10 1.4085E-10 1.4060E-10 1.4001E-10 1.4049E-10 1.4424E-10 1.4356E-10 1.4197E-10 1.4079E-10 1.3954E-10 1.3879E-10 1.4067E-10 1.4249E-10 1.4366E-10 1.4547E-10 1.4804E-10 1.5072E-10 1.5413E-10 1.5912E-10 1.6459E-10 1.7069E-10 1.7533E-10 1.8114E-10 1.8683E-10 1.9266E-10
1.0012E-08 1.0807E-08 1.1483E-08 1.2007E-08 1.2355E-08 1.2511E-08 1.2465E-08 1.2217E-08 1.1785E-08 1.1187E-08 1.0448E-08 9.6073E-09 8.6960E-09 7.7449E-09 6.7951E-09 5.8700E-09 4.9956E-09 4.1867E-09 3.4575E-09 2.8172E-09 2.2582E-09 1.7946E-09 1.4033E-09 1.0822E-09 8.2449E-10 6.2046E-10 4.5198E-10 3.1373E-10 2.1263E-10 1.4074E-10 9.7417E-11 7.9691E-11 8.6764E-11 9.4519E-11 9.7718E-11 1.0100E-10 1.0330E-10 1.0380E-10 1.0336E-10 1.0260E-10 1.0231E-10 1.0225E-10 1.0317E-10 1.0437E-10 1.0652E-10 1.0939E-10 1.1188E-10 1.1532E-10 1.1892E-10 1.2409E-10 1.2926E-10 1.3418E-10 1.4050E-10 1.4778E-10 1.5377E-10 1.5889E-10 1.6406E-10
1.0095E-08 1.0900E-08 1.1578E-08 1.2095E-08 1.2431E-08 1.2567E-08 1.2497E-08 1.2227E-08 1.1765E-08 1.1135E-08 1.0371E-08 9.5007E-09 8.5613E-09 7.5932E-09 6.6231E-09 5.6901E-09 4.8094E-09 4.0034E-09 3.2770E-09 2.6404E-09 2.0957E-09 1.6316E-09 1.2536E-09 9.3808E-10 6.9432E-10 5.0093E-10 3.4149E-10 2.1495E-10 1.2773E-10 6.3572E-11 3.1778E-11 2.8420E-11 3.4747E-11 4.2266E-11 5.2960E-11 5.5782E-11 6.0460E-11 6.2251E-11 6.5195E-11 6.7745E-11 6.9790E-11 7.2287E-11 7.4531E-11 7.7051E-11 8.0599E-11 8.4165E-11 8.8391E-11 9.3125E-11 9.7499E-11 1.0216E-10 1.0794E-10 1.1283E-10 1.1740E-10 1.2170E-10 1.2640E-10 1.3259E-10 1.3993E-10
1.0243E-08 1.1060E-08 1.1745E-08 1.2263E-08 1.2588E-08 1.2709E-08 1.2614E-08 1.2309E-08 1.1813E-08 1.1149E-08 1.0342E-08 9.4354E-09 8.4706E-09 7.4743E-09 6.4925E-09 5.5421E-09 4.6610E-09 3.8553E-09 3.1373E-09 2.5125E-09 1.9776E-09 1.5343E-09 1.1653E-09 8.6153E-10 6.2643E-10 4.3951E-10 2.8838E-10 1.7719E-10 9.1961E-11 3.4057E-11 4.7807E-12 8.9343E-13 3.4047E-12 7.0539E-12 1.2095E-11 1.9324E-11 2.6906E-11 3.0163E-11 3.2987E-11 3.5850E-11 4.1044E-11 4.4853E-11 4.9558E-11 5.3658E-11 5.8539E-11 6.4569E-11 6.9971E-11 7.4653E-11 7.8293E-11 8.2911E-11 8.7736E-11 9.2499E-11 9.7351E-11 1.0155E-10 1.0569E-10 1.0963E-10 1.1398E-10
1.0457E-08 1.1292E-08 1.1982E-08 1.2495E-08 1.2805E-08 1.2894E-08 1.2769E-08 1.2430E-08 1.1885E-08 1.1176E-08 1.0330E-08 9.3890E-09 8.3803E-09 7.3643E-09 6.3583E-09 5.4043E-09 4.5133E-09 3.7119E-09 3.0029E-09 2.3864E-09 1.8663E-09 1.4304E-09 1.0739E-09 7.7864E-10 5.5629E-10 3.8371E-10 2.4999E-10 1.5410E-10 6.9648E-11 2.3033E-11 2.0264E-12 0.0000E+00 6.3153E-13 1.6129E-12 3.8668E-12 7.6409E-12 1.3072E-11 1.9144E-11 2.4499E-11 2.7729E-11 3.0415E-11 3.2996E-11 3.5598E-11 3.8211E-11 4.2137E-11 4.6173E-11 4.9697E-11 5.4421E-11 5.9432E-11 6.3620E-11 6.7785E-11 7.0963E-11 7.4163E-11 7.7951E-11 8.1785E-11 8.6116E-11 8.9624E-11
1.0742E-08 1.1597E-08 1.2289E-08 1.2799E-08 1.3092E-08 1.3156E-08 1.2986E-08 1.2598E-08 1.2008E-08 1.1245E-08 1.0349E-08 9.3552E-09 8.3187E-09 7.2603E-09 6.2380E-09 5.2644E-09 4.3714E-09 3.5686E-09 2.8648E-09 2.2607E-09 1.7497E-09 1.3289E-09 9.7821E-10 6.9570E-10 4.9150E-10 3.3760E-10 2.1981E-10 1.3095E-10 4.8111E-11 1.3136E-11 2.3793E-13 0.0000E+00 0.0000E+00 6.2027E-13 1.0058E-12 2.6868E-12 5.6356E-12 9.1255E-12 1.3232E-11 1.8331E-11 2.2243E-11 2.5002E-11 2.7293E-11 3.0565E-11 3.2871E-11 3.5958E-11 3.8979E-11 4.2063E-11 4.5351E-11 4.9092E-11 5.2074E-11 5.5995E-11 5.8842E-11 6.1609E-11 6.4525E-11 6.8890E-11 7.2324E-11
1.1123E-08 1.2000E-08 1.2700E-08 1.3190E-08 1.3457E-08 1.3478E-08 1.3257E-08 1.2814E-08 1.2163E-08 1.1343E-08 1.0386E-08 9.3473E-09 8.2545E-09 7.1723E-09 6.1163E-09 5.1298E-09 4.2252E-09 3.4197E-09 2.7236E-09 2.1283E-09 1.6314E-09 1.2203E-09 8.8305E-10 6.2005E-10 4.3633E-10 2.9963E-10 1.9074E-10 9.9354E-11 2.6055E-11 5.8561E-12 0.0000E+00 0.0000E+00 0.0000E+00 0.0000E+00 3.0117E-13 6.7691E-13 2.1725E-12 4.4761E-12 7.4358E-12 1.0396E-11 1.3512E-11 1.7365E-11 2.0408E-11 2.2753E-11 2.4757E-11 2.7727E-11 3.0519E-11 3.3445E-11 3.7475E-11 4.0499E-11 4.3611E-11 4.6280E-11 4.8953E-11 5.1654E-11 5.4179E-11 5.6784E-11 5.9611E-11
1.1631E-08 1.2522E-08 1.3219E-08 1.3685E-08 1.3909E-08 1.3884E-08 1.3601E-08 1.3074E-08 1.2356E-08 1.1468E-08 1.0446E-08 9.3335E-09 8.2057E-09 7.0767E-09 5.9907E-09 4.9834E-09 4.0774E-09 3.2712E-09 2.5765E-09 1.9947E-09 1.5137E-09 1.1257E-09 8.0015E-10 5.5516E-10 3.8909E-10 2.6279E-10 1.5944E-10 6.6992E-11 1.5319E-11 1.8249E-12 0.0000E+00 0.0000E+00 0.0000E+00 0.0000E+00 0.0000E+00 0.0000E+00 6.4647E-13 1.5859E-12 3.2827E-12 5.7919E-12 8.7638E-12 1.1123E-11 1.3818E-11 1.6880E-11 1.9419E-11 2.1295E-11 2.2906E-11 2.5280E-11 2.8850E-11 3.1590E-11 3.5457E-11 3.9014E-11 4.1423E-11 4.3897E-11 4.6466E-11 4.9114E-11 5.1804E-11
1.2298E-08 1.3197E-08 1.3878E-08 1.4310E-08 1.4470E-08 1.4363E-08 1.4004E-08 1.3396E-08 1.2579E-08 1.1608E-08 1.0512E-08 9.3454E-09 8.1445E-09 6.9803E-09 5.8700E-09 4.8404E-09 3.9211E-09 3.1179E-09 2.4320E-09 1.8665E-09 1.4036E-09 1.0362E-09 7.2752E-10 4.9563E-10 3.4514E-10 2.2254E-10 1.2240E-10 3.5835E-11 6.9436E-12 2.7775E-13 0.0000E+00 0.0000E+00 0.0000E+00 0.0000E+00 0.0000E+00 0.0000E+00 0.0000E+00 4.9605E-13 1.0248E-12 2.2002E-12 4.1597E-12 7.0179E-12 9.4141E-12 1.1446E-11 1.3428E-11 1.5527E-11 1.7996E-11 2.0392E-11 2.2419E-11 2.4707E-11 2.8157E-11 3.0800E-11 3.3887E-11 3.6028E-11 3.8277E-11 4.0603E-11 4.2964E-11
1.3170E-08 1.4070E-08 1.4727E-08 1.5102E-08 1.5181E-08 1.4973E-08 1.4494E-08 1.3773E-08 1.2843E-08 1.1767E-08 1.0587E-08 9.3506E-09 8.0991E-09 6.8805E-09 5.7410E-09 4.7002E-09 3.7737E-09 2.9755E-09 2.3014E-09 1.7490E-09 1.3074E-09 9.5809E-10 6.5939E-10 4.4048E-10 3.0020E-10 1.8252E-10 7.8970E-11 1.3146E-11 2.2813E-12 0.0000E+00 0.0000E+00 0.0000E+00 0.0000E+00 0.0000E+00 0.0000E+00 0.0000E+00 0.0000E+00 0.0000E+00 8.1583E-14 6.5099E-13 1.4968E-12 2.9773E-12 5.1030E-12 7.4975E-12 9.6487E-12 1.1314E-11 1.2540E-11 1.4296E-11 1.6449E-11 1.8997E-11 2.0936E-11 2.3108E-11 2.7388E-11 2.9185E-11 3.2146E-11 3.4183E-11 3.6244E-11
1.4271E-08 1.5176E-08 1.5790E-08 1.6083E-08 1.6055E-08 1.5708E-08 1.5085E-08 1.4226E-08 1.3168E-08 1.1953E-08 1.0675E-08 9.3530E-09 8.0447E-09 6.7835E-09 5.6131E-09 4.5533E-09 3.6299E-09 2.8394E-09 2.1763E-09 1.6381E-09 1.2150E-09 8.8364E-10 5.9460E-10 3.8748E-10 2.5514E-10 1.4071E-10 4.3309E-11 5.4701E-12 3.8426E-13 0.0000E+00 0.0000E+00 0.0000E+00 0.0000E+00 0.0000E+00 0.0000E+00 0.0000E+00 0.0000E+00 0.0000E+00 0.0000E+00 0.0000E+00 3.4487E-13 9.3462E-13 1.8546E-12 3.3527E-12 5.5292E-12 7.2498E-12 9.1311E-12 1.0764E-11 1.2355E-11 1.3263E-11 1.4877E-11 1.6618E-11 2.0368E-11 2.2521E-11 2.5006E-11 2.8652E-11 3.0439E-11
