Assets/Resources/2015_m01_d25_1000(utc+0800)_l00_csi_1hr_conc.grd
DSAA
         159         159
     -79.000      79.000
     -79.000      79.000
  0.0000E+00  0.2925E-05
[rows 25 to 49 of 159, columns 57 to 113 of 159]
0.0000E+00 0.0000E+00 0.0000E+00 0.0000E+00 0.0000E+00 0.0000E+00 0.0000E+00 0.0000E+00 0.0000E+00 0.0000E+00 0.0000E+00 0.0000E+00 0.0000E+00 0.0000E+00 0.0000E+00 0.0000E+00 1.5234E-12 3.8665E-11 1.6120E-10 3.6640E-10 6.8012E-10 1.1427E-09 1.8031E-09 2.6786E-09 3.7851E-09 5.1477E-09 6.7861E-09 8.6895E-09 1.0829E-08 1.3157E-08 1.5591E-08 1.8032E-08 2.0374E-08 2.2506E-08 2.4320E-08 2.5722E-08 2.6657E-08 2.7088E-08 2.7003E-08 2.6420E-08 2.5397E-08 2.3999E-08 2.2306E-08 2.0404E-08 1.8387E-08 1.6319E-08 1.4273E-08 1.2310E-08 1.0465E-08 8.7788E-09 7.2590E-09 5.9183E-09 4.7578E-09 3.7673E-09 2.9458E-09 2.2700E-09 1.7235E-09
0.0000E+00 0.0000E+00 0.0000E+00 0.0000E+00 0.0000E+00 0.0000E+00 0.0000E+00 0.0000E+00 0.0000E+00 0.0000E+00 0.0000E+00 0.0000E+00 0.0000E+00 0.0000E+00 0.0000E+00 0.0000E+00 3.2507E-12 4.1817E-11 1.7985E-10 4.0758E-10 7.4610E-10 1.2368E-09 1.9041E-09 2.8039E-09 3.9621E-09 5.3895E-09 7.0967E-09 9.0692E-09 1.1267E-08 1.3621E-08 1.6057E-08 1.8467E-08 2.0746E-08 2.2790E-08 2.4494E-08 2.5779E-08 2.6581E-08 2.6875E-08 2.6666E-08 2.5980E-08 2.4872E-08 2.3411E-08 2.1676E-08 1.9753E-08 1.7727E-08 1.5676E-08 1.3661E-08 1.1740E-08 9.9470E-09 8.3081E-09 6.8453E-09 5.5565E-09 4.4441E-09 3.5037E-09 2.7254E-09 2.0899E-09 1.5798E-09
0.0000E+00 0.0000E+00 0.0000E+00 0.0000E+00 0.0000E+00 0.0000E+00 0.0000E+00 0.0000E+00 0.0000E+00 0.0000E+00 0.0000E+00 0.0000E+00 0.0000E+00 0.0000E+00 0.0000E+00 0.0000E+00 3.2926E-12 5.0700E-11 2.0655E-10 4.5569E-10 8.2094E-10 1.3383E-09 2.0380E-09 2.9588E-09 4.1789E-09 5.6887E-09 7.4687E-09 9.5003E-09 1.1743E-08 1.4126E-08 1.6560E-08 1.8937E-08 2.1143E-08 2.3079E-08 2.4651E-08 2.5783E-08 2.6434E-08 2.6585E-08 2.6235E-08 2.5432E-08 2.4234E-08 2.2702E-08 2.0930E-08 1.9001E-08 1.6984E-08 1.4959E-08 1.2987E-08 1.1111E-08 9.3817E-09 7.8076E-09 6.4042E-09 5.1746E-09 4.1164E-09 3.2335E-09 2.5043E-09 1.9082E-09 1.4332E-09
0.0000E+00 0.0000E+00 0.0000E+00 0.0000E+00 0.0000E+00 0.0000E+00 0.0000E+00 0.0000E+00 0.0000E+00 0.0000E+00 0.0000E+00 0.0000E+00 0.0000E+00 0.0000E+00 0.0000E+00 0.0000E+00 4.1585E-12 6.5472E-11 2.3278E-10 4.9929E-10 8.9343E-10 1.4534E-09 2.2028E-09 3.1838E-09 4.4444E-09 6.0165E-09 7.8786E-09 9.9847E-09 1.2284E-08 1.4687E-08 1.7106E-08 1.9431E-08 2.1555E-08 2.3376E-08 2.4794E-08 2.5765E-08 2.6246E-08 2.6226E-08 2.5732E-08 2.4807E-08 2.3508E-08 2.1920E-08 2.0113E-08 1.8170E-08 1.6174E-08 1.4183E-08 1.2266E-08 1.0455E-08 8.7841E-09 7.2812E-09 5.9419E-09 4.7776E-09 3.7908E-09 2.9586E-09 2.2794E-09 1.7291E-09 1.2904E-09
0.0000E+00 0.0000E+00 0.0000E+00 0.0000E+00 0.0000E+00 0.0000E+00 0.0000E+00 0.0000E+00 0.0000E+00 0.0000E+00 0.0000E+00 0.0000E+00 0.0000E+00 0.0000E+00 0.0000E+00 0.0000E+00 4.9128E-12 7.9977E-11 2.5368E-10 5.4167E-10 9.7611E-10 1.5838E-09 2.3824E-09 3.4327E-09 4.7759E-09 6.4188E-09 8.3509E-09 1.0522E-08 1.2868E-08 1.5300E-08 1.7703E-08 1.9976E-08 2.1997E-08 2.3677E-08 2.4936E-08 2.5725E-08 2.6019E-08 2.5828E-08 2.5182E-08 2.4124E-08 2.2729E-08 2.1073E-08 1.9239E-08 1.7296E-08 1.5324E-08 1.3379E-08 1.1512E-08 9.7730E-09 8.1771E-09 6.7420E-09 5.4765E-09 4.3818E-09 3.4607E-09 2.6856E-09 2.0595E-09 1.5555E-09 1.1509E-09
0.0000E+00 0.0000E+00 0.0000E+00 0.0000E+00 0.0000E+00 0.0000E+00 0.0000E+00 0.0000E+00 0.0000E+00 0.0000E+00 0.0000E+00 0.0000E+00 0.0000E+00 0.0000E+00 0.0000E+00 0.0000E+00 5.0628E-12 9.1957E-11 2.8001E-10 5.9145E-10 1.0637E-09 1.7281E-09 2.5972E-09 3.7249E-09 5.1486E-09 6.8734E-09 8.8771E-09 1.1118E-08 1.3509E-08 1.5941E-08 1.8314E-08 2.0512E-08 2.2435E-08 2.3979E-08 2.5071E-08 2.5668E-08 2.5765E-08 2.5391E-08 2.4584E-08 2.3394E-08 2.1909E-08 2.0193E-08 1.8325E-08 1.6390E-08 1.4444E-08 1.2553E-08 1.0753E-08 9.0826E-09 7.5639E-09 6.2029E-09 5.0165E-09 3.9960E-09 3.1358E-09 2.4265E-09 1.8480E-09 1.3838E-09 1.0196E-09
0.0000E+00 0.0000E+00 0.0000E+00 0.0000E+00 0.0000E+00 0.0000E+00 0.0000E+00 0.0000E+00 0.0000E+00 0.0000E+00 0.0000E+00 0.0000E+00 0.0000E+00 0.0000E+00 0.0000E+00 0.0000E+00 8.1057E-12 1.1011E-10 3.1462E-10 6.5028E-10 1.1644E-09 1.8911E-09 2.8339E-09 4.0514E-09 5.5799E-09 7.4117E-09 9.5109E-09 1.1802E-08 1.4219E-08 1.6646E-08 1.8968E-08 2.1064E-08 2.2832E-08 2.4201E-08 2.5110E-08 2.5521E-08 2.5458E-08 2.4916E-08 2.3943E-08 2.2630E-08 2.1046E-08 1.9273E-08 1.7391E-08 1.5463E-08 1.3554E-08 1.1715E-08 9.9877E-09 8.3930E-09 6.9549E-09 5.6791E-09 4.5693E-09 3.6187E-09 2.8275E-09 2.1769E-09 1.6459E-09 1.2288E-09 8.9931E-10
0.0000E+00 0.0000E+00 0.0000E+00 0.0000E+00 0.0000E+00 0.0000E+00 0.0000E+00 0.0000E+00 0.0000E+00 0.0000E+00 0.0000E+00 0.0000E+00 0.0000E+00 0.0000E+00 0.0000E+00 0.0000E+00 1.9584E-11 1.3244E-10 3.5782E-10 7.2586E-10 1.2877E-09 2.0823E-09 3.1213E-09 4.4477E-09 6.0798E-09 8.0146E-09 1.0211E-08 1.2591E-08 1.5036E-08 1.7445E-08 1.9696E-08 2.1666E-08 2.3271E-08 2.4438E-08 2.5120E-08 2.5315E-08 2.5035E-08 2.4307E-08 2.3206E-08 2.1791E-08 2.0141E-08 1.8330E-08 1.6432E-08 1.4521E-08 1.2655E-08 1.0876E-08 9.2196E-09 7.7102E-09 6.3586E-09 5.1610E-09 4.1306E-09 3.2582E-09 2.5374E-09 1.9387E-09 1.4591E-09 1.0842E-09 7.8499E-10
0.0000E+00 0.0000E+00 0.0000E+00 0.0000E+00 0.0000E+00 0.0000E+00 0.0000E+00 0.0000E+00 0.0000E+00 0.0000E+00 0.0000E+00 0.0000E+00 0.0000E+00 0.0000E+00 0.0000E+00 0.0000E+00 3.4111E-11 1.6418E-10 4.1408E-10 8.2367E-10 1.4486E-09 2.3152E-09 3.4518E-09 4.8980E-09 6.6676E-09 8.7331E-09 1.1032E-08 1.3480E-08 1.5954E-08 1.8335E-08 2.0492E-08 2.2329E-08 2.3747E-08 2.4688E-08 2.5137E-08 2.5096E-08 2.4587E-08 2.3671E-08 2.2414E-08 2.0880E-08 1.9159E-08 1.7322E-08 1.5431E-08 1.3558E-08 1.1748E-08 1.0038E-08 8.4623E-09 7.0367E-09 5.7706E-09 4.6568E-09 3.7083E-09 2.9150E-09 2.2538E-09 1.7143E-09 1.2875E-09 9.4743E-10 6.8104E-10
0.0000E+00 0.0000E+00 0.0000E+00 0.0000E+00 0.0000E+00 0.0000E+00 0.0000E+00 0.0000E+00 0.0000E+00 0.0000E+00 0.0000E+00 0.0000E+00 0.0000E+00 0.0000E+00 0.0000E+00 0.0000E+00 5.5550E-11 2.0839E-10 4.9226E-10 9.4992E-10 1.6434E-09 2.6001E-09 3.8592E-09 5.4509E-09 7.3613E-09 9.5562E-09 1.1967E-08 1.4487E-08 1.6991E-08 1.9327E-08 2.1375E-08 2.3042E-08 2.4254E-08 2.4958E-08 2.5157E-08 2.4860E-08 2.4128E-08 2.3016E-08 2.1595E-08 1.9956E-08 1.8163E-08 1.6298E-08 1.4420E-08 1.2582E-08 1.0833E-08 9.1977E-09 7.7134E-09 6.3765E-09 5.1935E-09 4.1696E-09 3.3028E-09 2.5832E-09 1.9859E-09 1.5039E-09 1.1205E-09 8.2012E-10 5.8820E-10
0.0000E+00 0.0000E+00 0.0000E+00 0.0000E+00 0.0000E+00 0.0000E+00 0.0000E+00 0.0000E+00 0.0000E+00 0.0000E+00 0.0000E+00 0.0000E+00 0.0000E+00 0.0000E+00 0.0000E+00 1.6669E-12 8.2994E-11 2.6239E-10 5.8516E-10 1.1074E-09 1.8881E-09 2.9498E-09 4.3366E-09 6.0748E-09 8.1584E-09 1.0513E-08 1.3041E-08 1.5622E-08 1.8117E-08 2.0400E-08 2.2325E-08 2.3807E-08 2.4772E-08 2.5227E-08 2.5154E-08 2.4604E-08 2.3644E-08 2.2332E-08 2.0761E-08 1.9016E-08 1.7160E-08 1.5270E-08 1.3409E-08 1.1613E-08 9.9336E-09 8.3803E-09 6.9811E-09 5.7360E-09 4.6357E-09 3.7002E-09 2.9204E-09 2.2651E-09 1.7314E-09 1.3050E-09 9.6348E-10 7.0201E-10 5.0080E-10
0.0000E+00 0.0000E+00 0.0000E+00 0.0000E+00 0.0000E+00 0.0000E+00 0.0000E+00 0.0000E+00 0.0000E+00 0.0000E+00 0.0000E+00 0.0000E+00 0.0000E+00 0.0000E+00 0.0000E+00 1.5972E-11 1.2037E-10 3.2901E-10 7.0068E-10 1.2975E-09 2.1761E-09 3.3692E-09 4.9185E-09 6.8332E-09 9.0766E-09 1.1584E-08 1.4226E-08 1.6869E-08 1.9351E-08 2.1540E-08 2.3317E-08 2.4580E-08 2.5307E-08 2.5469E-08 2.5123E-08 2.4317E-08 2.3122E-08 2.1621E-08 1.9906E-08 1.8056E-08 1.6153E-08 1.4248E-08 1.2410E-08 1.0666E-08 9.0489E-09 7.5842E-09 6.2705E-09 5.1128E-09 4.1092E-09 3.2596E-09 2.5572E-09 1.9688E-09 1.4992E-09 1.1212E-09 8.1905E-10 5.9400E-10 4.1874E-10
0.0000E+00 0.0000E+00 0.0000E+00 0.0000E+00 0.0000E+00 0.0000E+00 0.0000E+00 0.0000E+00 0.0000E+00 0.0000E+00 0.0000E+00 0.0000E+00 0.0000E+00 0.0000E+00 0.0000E+00 3.3581E-11 1.6444E-10 4.1503E-10 8.4484E-10 1.5329E-09 2.5289E-09 3.8681E-09 5.5840E-09 7.6772E-09 1.0111E-08 1.2774E-08 1.5528E-08 1.8208E-08 2.0654E-08 2.2723E-08 2.4296E-08 2.5332E-08 2.5784E-08 2.5664E-08 2.5034E-08 2.3972E-08 2.2551E-08 2.0874E-08 1.9033E-08 1.7092E-08 1.5146E-08 1.3239E-08 1.1425E-08 9.7410E-09 8.1924E-09 6.8114E-09 5.5853E-09 4.5143E-09 3.6087E-09 2.8448E-09 2.2153E-09 1.6954E-09 1.2834E-09 9.5086E-10 6.8977E-10 4.9935E-10 3.4548E-10
0.0000E+00 0.0000E+00 0.0000E+00 0.0000E+00 0.0000E+00 0.0000E+00 0.0000E+00 0.0000E+00 0.0000E+00 0.0000E+00 0.0000E+00 0.0000E+00 0.0000E+00 0.0000E+00 3.5902E-12 5.8203E-11 2.2189E-10 5.2291E-10 1.0280E-09 1.8148E-09 2.9430E-09 4.4559E-09 6.3812E-09 8.6881E-09 1.1295E-08 1.4100E-08 1.6926E-08 1.9620E-08 2.1997E-08 2.3917E-08 2.5280E-08 2.6038E-08 2.6190E-08 2.5785E-08 2.4877E-08 2.3553E-08 2.1925E-08 2.0079E-08 1.8119E-08 1.6112E-08 1.4132E-08 1.2242E-08 1.0463E-08 8.8402E-09 7.3703E-09 6.0651E-09 4.9337E-09 3.9555E-09 3.1386E-09 2.4538E-09 1.8960E-09 1.4471E-09 1.0815E-09 7.9630E-10 5.7558E-10 4.0957E-10 2.7976E-10
0.0000E+00 0.0000E+00 0.0000E+00 0.0000E+00 0.0000E+00 0.0000E+00 0.0000E+00 0.0000E+00 0.0000E+00 0.0000E+00 0.0000E+00 0.0000E+00 0.0000E+00 0.0000E+00 9.9211E-12 9.2828E-11 2.9303E-10 6.5628E-10 1.2506E-09 2.1641E-09 3.4588E-09 5.1803E-09 7.3228E-09 9.8376E-09 1.2634E-08 1.5556E-08 1.8438E-08 2.1094E-08 2.3352E-08 2.5070E-08 2.6179E-08 2.6643E-08 2.6486E-08 2.5769E-08 2.4583E-08 2.3023E-08 2.1203E-08 1.9220E-08 1.7154E-08 1.5107E-08 1.3113E-08 1.1242E-08 9.5189E-09 7.9607E-09 6.5755E-09 5.3565E-09 4.3139E-09 3.4335E-09 2.7015E-09 2.0950E-09 1.6046E-09 1.2143E-09 8.9980E-10 6.5932E-10 4.6944E-10 3.2960E-10 2.2686E-10
0.0000E+00 0.0000E+00 0.0000E+00 0.0000E+00 0.0000E+00 0.0000E+00 0.0000E+00 0.0000E+00 0.0000E+00 0.0000E+00 0.0000E+00 0.0000E+00 0.0000E+00 1.5191E-12 2.2271E-11 1.3711E-10 3.8442E-10 8.2554E-10 1.5438E-09 2.6225E-09 4.1052E-09 6.0369E-09 8.4128E-09 1.1159E-08 1.4146E-08 1.7194E-08 2.0094E-08 2.2647E-08 2.4711E-08 2.6185E-08 2.6992E-08 2.7127E-08 2.6654E-08 2.5632E-08 2.4179E-08 2.2397E-08 2.0391E-08 1.8288E-08 1.6157E-08 1.4065E-08 1.2092E-08 1.0253E-08 8.5921E-09 7.1049E-09 5.8024E-09 4.6854E-09 3.7356E-09 2.9495E-09 2.2955E-09 1.7640E-09 1.3426E-09 1.0034E-09 7.3683E-10 5.3551E-10 3.7657E-10 2.6164E-10 1.7870E-10
0.0000E+00 0.0000E+00 0.0000E+00 0.0000E+00 0.0000E+00 0.0000E+00 0.0000E+00 0.0000E+00 0.0000E+00 0.0000E+00 0.0000E+00 0.0000E+00 0.0000E+00 3.2378E-12 3.9553E-11 1.9421E-10 5.0521E-10 1.0513E-09 1.9083E-09 3.1532E-09 4.8374E-09 7.0159E-09 9.6564E-09 1.2651E-08 1.5809E-08 1.8943E-08 2.1828E-08 2.4272E-08 2.6119E-08 2.7267E-08 2.7721E-08 2.7500E-08 2.6671E-08 2.5350E-08 2.3629E-08 2.1643E-08 1.9503E-08 1.7293E-08 1.5109E-08 1.3019E-08 1.1067E-08 9.2814E-09 7.6909E-09 6.2841E-09 5.0707E-09 4.0550E-09 3.2006E-09 2.4983E-09 1.9278E-09 1.4671E-09 1.1034E-09 8.1440E-10 5.9468E-10 4.2653E-10 2.9503E-10 2.0397E-10 1.3451E-10
0.0000E+00 0.0000E+00 0.0000E+00 0.0000E+00 0.0000E+00 0.0000E+00 0.0000E+00 0.0000E+00 0.0000E+00 0.0000E+00 0.0000E+00 0.0000E+00 0.0000E+00 5.2275E-12 6.6437E-11 2.7145E-10 6.6011E-10 1.3138E-09 2.3275E-09 3.7793E-09 5.7265E-09 8.1843E-09 1.1100E-08 1.4315E-08 1.7635E-08 2.0814E-08 2.3634E-08 2.5900E-08 2.7475E-08 2.8307E-08 2.8383E-08 2.7780E-08 2.6605E-08 2.4965E-08 2.2999E-08 2.0821E-08 1.8542E-08 1.6261E-08 1.4055E-08 1.1963E-08 1.0053E-08 8.3355E-09 6.8098E-09 5.5041E-09 4.3920E-09 3.4720E-09 2.7102E-09 2.0879E-09 1.5939E-09 1.1995E-09 8.9163E-10 6.5264E-10 4.6993E-10 3.3014E-10 2.2468E-10 1.5281E-10 9.5665E-11
0.0000E+00 0.0000E+00 0.0000E+00 0.0000E+00 0.0000E+00 0.0000E+00 0.0000E+00 0.0000E+00 0.0000E+00 0.0000E+00 0.0000E+00 0.0000E+00 0.0000E+00 1.1993E-11 1.0688E-10 3.6761E-10 8.3739E-10 1.6233E-09 2.8296E-09 4.5379E-09 6.7859E-09 9.5614E-09 1.2750E-08 1.6202E-08 1.9649E-08 2.2841E-08 2.5532E-08 2.7555E-08 2.8810E-08 2.9251E-08 2.8951E-08 2.7978E-08 2.6458E-08 2.4525E-08 2.2312E-08 1.9949E-08 1.7559E-08 1.5210E-08 1.2981E-08 1.0930E-08 9.0673E-09 7.4175E-09 5.9869E-09 4.7717E-09 3.7649E-09 2.9366E-09 2.2642E-09 1.7254E-09 1.3009E-09 9.6377E-10 7.0780E-10 5.1062E-10 3.5944E-10 2.4945E-10 1.6715E-10 1.0681E-10 6.3943E-11
0.0000E+00 0.0000E+00 0.0000E+00 0.0000E+00 0.0000E+00 0.0000E+00 0.0000E+00 0.0000E+00 0.0000E+00 0.0000E+00 0.0000E+00 0.0000E+00 4.0032E-13 2.4312E-11 1.6619E-10 4.7940E-10 1.0424E-09 1.9850E-09 3.4090E-09 5.3934E-09 7.9749E-09 1.1099E-08 1.4622E-08 1.8290E-08 2.1844E-08 2.4986E-08 2.7495E-08 2.9214E-08 3.0091E-08 3.0131E-08 2.9402E-08 2.8039E-08 2.6184E-08 2.3970E-08 2.1553E-08 1.9051E-08 1.6548E-08 1.4166E-08 1.1937E-08 9.9088E-09 8.1074E-09 6.5437E-09 5.2155E-09 4.1051E-09 3.1911E-09 2.4545E-09 1.8672E-09 1.4034E-09 1.0386E-09 7.6071E-10 5.5077E-10 3.8773E-10 2.6888E-10 1.8106E-10 1.1551E-10 7.1264E-11 3.9633E-11
0.0000E+00 0.0000E+00 0.0000E+00 0.0000E+00 0.0000E+00 0.0000E+00 0.0000E+00 0.0000E+00 0.0000E+00 0.0000E+00 0.0000E+00 0.0000E+00 3.5536E-12 4.3230E-11 2.2733E-10 6.0114E-10 1.2780E-09 2.3851E-09 4.0470E-09 6.3475E-09 9.3119E-09 1.2834E-08 1.6686E-08 2.0578E-08 2.4182E-08 2.7239E-08 2.9513E-08 3.0889E-08 3.1339E-08 3.0927E-08 2.9778E-08 2.8037E-08 2.5852E-08 2.3393E-08 2.0776E-08 1.8132E-08 1.5568E-08 1.3146E-08 1.0926E-08 8.9404E-09 7.2053E-09 5.7331E-09 4.5072E-09 3.4885E-09 2.6732E-09 2.0277E-09 1.5183E-09 1.1217E-09 8.1800E-10 5.8778E-10 4.1418E-10 2.8697E-10 1.9327E-10 1.2368E-10 7.4682E-11 4.2902E-11 1.9804E-11
0.0000E+00 0.0000E+00 0.0000E+00 0.0000E+00 0.0000E+00 0.0000E+00 0.0000E+00 0.0000E+00 0.0000E+00 0.0000E+00 0.0000E+00 0.0000E+00 8.4260E-12 7.0919E-11 2.9038E-10 7.3352E-10 1.5211E-09 2.8086E-09 4.7327E-09 7.3778E-09 1.0737E-08 1.4649E-08 1.8842E-08 2.2963E-08 2.6653E-08 2.9590E-08 3.1587E-08 3.2573E-08 3.2577E-08 3.1713E-08 3.0143E-08 2.8003E-08 2.5509E-08 2.2784E-08 1.9991E-08 1.7235E-08 1.4589E-08 1.2153E-08 9.9598E-09 8.0206E-09 6.3779E-09 4.9927E-09 3.8535E-09 2.9413E-09 2.2118E-09 1.6471E-09 1.2127E-09 8.8331E-10 6.3054E-10 4.4175E-10 3.0470E-10 2.0429E-10 1.3128E-10 7.9665E-11 4.4674E-11 2.1573E-11 4.1561E-12
0.0000E+00 0.0000E+00 0.0000E+00 0.0000E+00 0.0000E+00 0.0000E+00 0.0000E+00 0.0000E+00 0.0000E+00 0.0000E+00 0.0000E+00 0.0000E+00 1.6544E-11 1.0838E-10 3.6785E-10 8.7038E-10 1.7694E-09 3.2378E-09 5.4240E-09 8.4091E-09 1.2165E-08 1.6504E-08 2.1061E-08 2.5454E-08 2.9218E-08 3.2050E-08 3.3767E-08 3.4346E-08 3.3884E-08 3.2529E-08 3.0519E-08 2.7999E-08 2.5181E-08 2.2237E-08 1.9259E-08 1.6382E-08 1.3677E-08 1.1222E-08 9.0508E-09 7.1834E-09 5.6157E-09 4.3235E-09 3.2830E-09 2.4579E-09 1.8105E-09 1.3235E-09 9.5886E-10 6.8151E-10 4.7484E-10 3.2537E-10 2.1670E-10 1.3849E-10 8.3505E-11 4.7061E-11 2.1582E-11 4.5275E-12 0.0000E+00
0.0000E+00 0.0000E+00 0.0000E+00 0.0000E+00 0.0000E+00 0.0000E+00 0.0000E+00 0.0000E+00 0.0000E+00 0.0000E+00 0.0000E+00 0.0000E+00 2.4283E-11 1.3835E-10 4.3357E-10 9.9495E-10 2.0076E-09 3.6431E-09 6.0665E-09 9.3902E-09 1.3565E-08 1.8339E-08 2.3307E-08 2.7968E-08 3.1844E-08 3.4586E-08 3.6041E-08 3.6224E-08 3.5308E-08 3.3513E-08 3.1056E-08 2.8151E-08 2.5017E-08 2.1801E-08 1.8646E-08 1.5650E-08 1.2863E-08 1.0386E-08 8.2437E-09 6.4195E-09 4.9265E-09 3.7164E-09 2.7655E-09 2.0302E-09 1.4632E-09 1.0455E-09 7.4158E-10 5.1587E-10 3.5140E-10 2.3177E-10 1.4644E-10 8.9020E-11 4.8239E-11 2.1983E-11 5.2861E-12 0.0000E+00 0.0000E+00
0.0000E+00 0.0000E+00 0.0000E+00 0.0000E+00 0.0000E+00 0.0000E+00 0.0000E+00 0.0000E+00 0.0000E+00 0.0000E+00 0.0000E+00 0.0000E+00 3.4539E-11 1.6003E-10 4.7680E-10 1.0842E-09 2.1879E-09 3.9556E-09 6.5852E-09 1.0232E-08 1.4830E-08 2.0084E-08 2.5499E-08 3.0497E-08 3.4563E-08 3.7299E-08 3.8556E-08 3.8389E-08 3.7014E-08 3.4724E-08 3.1830E-08 2.8524E-08 2.5059E-08 2.1582E-08 1.8218E-08 1.5058E-08 1.2193E-08 9.6810E-09 7.5348E-09 5.7570E-09 4.3214E-09 3.1847E-09 2.3144E-09 1.6563E-09 1.1664E-09 8.0724E-10 5.6167E-10 3.8143E-10 2.5103E-10 1.5882E-10 9.5457E-11 5.2597E-11 2.2128E-11 5.6093E-12 0.0000E+00 0.0000E+00 0.0000E+00
