Assets/Resources/2015_m01_d14_0500(utc+0800)_l00_csi_1hr_conc.grd
DSAA
         159         159
     -79.000      79.000
     -79.000      79.000
  0.0000E+00  0.4241E-05
[rows 0 to 24 of 159, columns 0 to 56 of 159]
8.0393E-10 8.1178E-10 8.2129E-10 8.2837E-10 8.3399E-10 8.3795E-10 8.4036E-10 8.4138E-10 8.4112E-10 8.3968E-10 8.3944E-10 8.3566E-10 8.3623E-10 8.3601E-10 8.3210E-10 8.3226E-10 8.2855E-10 8.2681E-10 8.2255E-10 8.1969E-10 8.2061E-10 8.1586E-10 8.1067E-10 8.0494E-10 7.9896E-10 7.9825E-10 7.9236E-10 7.9575E-10 7.9034E-10 7.8498E-10 7.7990E-10 7.7519E-10 7.7074E-10 7.6650E-10 7.7358E-10 7.6990E-10 7.7906E-10 7.7561E-10 7.7227E-10 7.6896E-10 7.6560E-10 7.6218E-10 7.5870E-10 7.5515E-10 7.5144E-10 7.4761E-10 7.4365E-10 7.3950E-10 7.3516E-10 7.3064E-10 7.2592E-10 7.2103E-10 7.1596E-10 7.1072E-10 7.0531E-10 6.9974E-10 6.8107E-10
8.4221E-10 8.5026E-10 8.5679E-10 8.6281E-10 8.6764E-10 8.7072E-10 8.7222E-10 8.7228E-10 8.7334E-10 8.7117E-10 8.6799E-10 8.6372E-10 8.6364E-10 8.6277E-10 8.5837E-10 8.5792E-10 8.5377E-10 8.5156E-10 8.5062E-10 8.4853E-10 8.4426E-10 8.3912E-10 8.3628E-10 8.3085E-10 8.3217E-10 8.2708E-10 8.2146E-10 8.1550E-10 8.0928E-10 8.0310E-10 8.0570E-10 8.1208E-10 8.0826E-10 8.0455E-10 8.0081E-10 7.9697E-10 7.9295E-10 7.8905E-10 7.8516E-10 7.8148E-10 7.7781E-10 7.7416E-10 7.7049E-10 7.8042E-10 7.7667E-10 7.7275E-10 7.6869E-10 7.6450E-10 7.6011E-10 7.5554E-10 7.5076E-10 7.4580E-10 7.4065E-10 7.3532E-10 7.2981E-10 7.2413E-10 7.1828E-10
8.8385E-10 8.8950E-10 8.9454E-10 8.9916E-10 9.0326E-10 9.0553E-10 9.0840E-10 9.0765E-10 9.0560E-10 9.0240E-10 8.9819E-10 8.9308E-10 8.9229E-10 8.8648E-10 8.8576E-10 8.8466E-10 8.8004E-10 8.7992E-10 8.7595E-10 8.7346E-10 8.6884E-10 8.6938E-10 8.6494E-10 8.6008E-10 8.5470E-10 8.4904E-10 8.4283E-10 8.4984E-10 8.4490E-10 8.3981E-10 8.3474E-10 8.2985E-10 8.2515E-10 8.2073E-10 8.1633E-10 8.1192E-10 8.0736E-10 8.1524E-10 8.2493E-10 8.2140E-10 8.1784E-10 8.1420E-10 8.1048E-10 8.0666E-10 8.0274E-10 7.9871E-10 7.9454E-10 7.9026E-10 7.8582E-10 7.8117E-10 7.7632E-10 7.7127E-10 7.6603E-10 7.6059E-10 7.5496E-10 7.4915E-10 7.4317E-10
9.2701E-10 9.3161E-10 9.3550E-10 9.3876E-10 9.4365E-10 9.4502E-10 9.4464E-10 9.4272E-10 9.3952E-10 9.3523E-10 9.3466E-10 9.2880E-10 9.2225E-10 9.1582E-10 9.1436E-10 9.1255E-10 9.0741E-10 9.0670E-10 9.0230E-10 9.0148E-10 8.9739E-10 8.9454E-10 8.8963E-10 8.8424E-10 8.8583E-10 8.8160E-10 8.7690E-10 8.7171E-10 8.6611E-10 8.6018E-10 8.5422E-10 8.4843E-10 8.4286E-10 8.5892E-10 8.5544E-10 8.5173E-10 8.4782E-10 8.4364E-10 8.3951E-10 8.3538E-10 8.3142E-10 8.2742E-10 8.2339E-10 8.3355E-10 8.2960E-10 8.2551E-10 8.2127E-10 8.1688E-10 8.1234E-10 8.0765E-10 8.0275E-10 7.9764E-10 7.9232E-10 7.8680E-10 7.8109E-10 7.7518E-10 7.6908E-10
9.7341E-10 9.7663E-10 9.8007E-10 9.8308E-10 9.8451E-10 9.8491E-10 9.8345E-10 9.8037E-10 9.8058E-10 9.7525E-10 9.6896E-10 9.6186E-10 9.5408E-10 9.5125E-10 9.4423E-10 9.3721E-10 9.3595E-10 9.3458E-10 9.2974E-10 9.2839E-10 9.2394E-10 9.2069E-10 9.1829E-10 9.1335E-10 9.1052E-10 9.0559E-10 9.0032E-10 8.9455E-10 8.8820E-10 8.8147E-10 8.9057E-10 8.8602E-10 8.8159E-10 8.7720E-10 8.7295E-10 8.6861E-10 8.6409E-10 8.5931E-10 8.6697E-10 8.6288E-10 8.5894E-10 8.5496E-10 8.6580E-10 8.6180E-10 8.5766E-10 8.5337E-10 8.6745E-10 8.6308E-10 8.5850E-10 8.5370E-10 8.4868E-10 8.4352E-10 8.3813E-10 8.3252E-10 8.2669E-10 8.2064E-10 8.1439E-10
1.0226E-09 1.0271E-09 1.0284E-09 1.0288E-09 1.0284E-09 1.0273E-09 1.0291E-09 1.0250E-09 1.0196E-09 1.0129E-09 1.0053E-09 1.0017E-09 9.9296E-10 9.8399E-10 9.7542E-10 9.6774E-10 9.6571E-10 9.6363E-10 9.5830E-10 9.5641E-10 9.5156E-10 9.4978E-10 9.4509E-10 9.3960E-10 9.3622E-10 9.3067E-10 9.2482E-10 9.2751E-10 9.2286E-10 9.1780E-10 9.1244E-10 9.0692E-10 9.0158E-10 8.9636E-10 9.0017E-10 8.9624E-10 9.0500E-10 9.0122E-10 8.9708E-10 8.9287E-10 8.8864E-10 9.0126E-10 8.9771E-10 8.9393E-10 8.8994E-10 8.8572E-10 8.8129E-10 8.7674E-10 8.9104E-10 8.8625E-10 8.8121E-10 8.7592E-10 8.7042E-10 8.6476E-10 8.5887E-10 8.5274E-10 8.4640E-10
1.0773E-09 1.0786E-09 1.0785E-09 1.0774E-09 1.0754E-09 1.0776E-09 1.0739E-09 1.0684E-09 1.0614E-09 1.0578E-09 1.0489E-09 1.0393E-09 1.0291E-09 1.0185E-09 1.0136E-09 1.0048E-09 9.9675E-10 9.8926E-10 9.8806E-10 9.8556E-10 9.8030E-10 9.7434E-10 9.7297E-10 9.6712E-10 9.6558E-10 9.6048E-10 9.5727E-10 9.5245E-10 9.4719E-10 9.4141E-10 9.3526E-10 9.3430E-10 9.2920E-10 9.3493E-10 9.3119E-10 9.2739E-10 9.2334E-10 9.3184E-10 9.2838E-10 9.2473E-10 9.2083E-10 9.1696E-10 9.2938E-10 9.4178E-10 9.3838E-10 9.3457E-10 9.3042E-10 9.2595E-10 9.2123E-10 9.3566E-10 9.3071E-10 9.2544E-10 9.1992E-10 9.1404E-10 9.0801E-10 9.0180E-10 8.9534E-10
1.1329E-09 1.1334E-09 1.1322E-09 1.1343E-09 1.1308E-09 1.1264E-09 1.1212E-09 1.1166E-09 1.1123E-09 1.1029E-09 1.0926E-09 1.0815E-09 1.0748E-09 1.0632E-09 1.0520E-09 1.0415E-09 1.0321E-09 1.0241E-09 1.0224E-09 1.0158E-09 1.0140E-09 1.0079E-09 1.0063E-09 1.0003E-09 9.9836E-10 9.9302E-10 9.8933E-10 9.8425E-10 9.7864E-10 9.7543E-10 9.7702E-10 9.7277E-10 9.6839E-10 9.6405E-10 9.6819E-10 9.6558E-10 9.6275E-10 9.5956E-10 9.6953E-10 9.7953E-10 9.7734E-10 9.7491E-10 9.7417E-10 9.7107E-10 9.8436E-10 9.8136E-10 9.7794E-10 9.7386E-10 9.6937E-10 9.6485E-10 9.5995E-10 9.7461E-10 9.6926E-10 9.6376E-10 9.5776E-10 9.5112E-10 9.4419E-10
1.1914E-09 1.1935E-09 1.1938E-09 1.1901E-09 1.1852E-09 1.1791E-09 1.1769E-09 1.1703E-09 1.1604E-09 1.1492E-09 1.1394E-09 1.1292E-09 1.1163E-09 1.1032E-09 1.0898E-09 1.0828E-09 1.0724E-09 1.0632E-09 1.0551E-09 1.0479E-09 1.0456E-09 1.0390E-09 1.0369E-09 1.0306E-09 1.0280E-09 1.0221E-09 1.0177E-09 1.0151E-09 1.0101E-09 1.0076E-09 1.0029E-09 1.0014E-09 9.9774E-10 9.9418E-10 1.0004E-09 9.9832E-10 1.0046E-09 1.0046E-09 1.0042E-09 1.0019E-09 1.0113E-09 1.0099E-09 1.0082E-09 1.0064E-09 1.0053E-09 1.0022E-09 1.0158E-09 1.0125E-09 1.0089E-09 1.0043E-09 9.9945E-10 9.9443E-10 9.8871E-10 9.8297E-10 9.7698E-10 9.7032E-10 9.6352E-10
1.2576E-09 1.2574E-09 1.2546E-09 1.2497E-09 1.2454E-09 1.2400E-09 1.2329E-09 1.2233E-09 1.2117E-09 1.2038E-09 1.1901E-09 1.1757E-09 1.1608E-09 1.1483E-09 1.1360E-09 1.1224E-09 1.1100E-09 1.0988E-09 1.0934E-09 1.0857E-09 1.0784E-09 1.0714E-09 1.0687E-09 1.0620E-09 1.0589E-09 1.0524E-09 1.0455E-09 1.0440E-09 1.0385E-09 1.0353E-09 1.0299E-09 1.0331E-09 1.0301E-09 1.0308E-09 1.0317E-09 1.0307E-09 1.0296E-09 1.0350E-09 1.0348E-09 1.0361E-09 1.0348E-09 1.0329E-09 1.0431E-09 1.0422E-09 1.0407E-09 1.0399E-09 1.0379E-09 1.0345E-09 1.0304E-09 1.0260E-09 1.0213E-09 1.0157E-09 1.0097E-09 1.0038E-09 9.9745E-10 9.9118E-10 9.8407E-10
1.3226E-09 1.3221E-09 1.3187E-09 1.3175E-09 1.3099E-09 1.3022E-09 1.2916E-09 1.2847E-09 1.2716E-09 1.2570E-09 1.2430E-09 1.2267E-09 1.2152E-09 1.1988E-09 1.1826E-09 1.1667E-09 1.1563E-09 1.1444E-09 1.1339E-09 1.1249E-09 1.1165E-09 1.1093E-09 1.1063E-09 1.0995E-09 1.0962E-09 1.0894E-09 1.0821E-09 1.0803E-09 1.0744E-09 1.0736E-09 1.0693E-09 1.0703E-09 1.0670E-09 1.0673E-09 1.0657E-09 1.0679E-09 1.0703E-09 1.0706E-09 1.0703E-09 1.0765E-09 1.0768E-09 1.0790E-09 1.0785E-09 1.0776E-09 1.0761E-09 1.0740E-09 1.0714E-09 1.0703E-09 1.0663E-09 1.0620E-09 1.0572E-09 1.0520E-09 1.0464E-09 1.0400E-09 1.0333E-09 1.0267E-09 1.0196E-09
1.3901E-09 1.3921E-09 1.3909E-09 1.3845E-09 1.3772E-09 1.3663E-09 1.3588E-09 1.3454E-09 1.3306E-09 1.3158E-09 1.3032E-09 1.2851E-09 1.2666E-09 1.2480E-09 1.2316E-09 1.2159E-09 1.2000E-09 1.1858E-09 1.1733E-09 1.1645E-09 1.1580E-09 1.1498E-09 1.1416E-09 1.1341E-09 1.1259E-09 1.1231E-09 1.1152E-09 1.1126E-09 1.1060E-09 1.1067E-09 1.1019E-09 1.1001E-09 1.0962E-09 1.0980E-09 1.0958E-09 1.0973E-09 1.0969E-09 1.1001E-09 1.1034E-09 1.1041E-09 1.1041E-09 1.1036E-09 1.1026E-09 1.1037E-09 1.1019E-09 1.0995E-09 1.0966E-09 1.0930E-09 1.0889E-09 1.0844E-09 1.0794E-09 1.0742E-09 1.0703E-09 1.0652E-09 1.0588E-09 1.0519E-09 1.0448E-09
1.4650E-09 1.4655E-09 1.4620E-09 1.4566E-09 1.4516E-09 1.4397E-09 1.4258E-09 1.4103E-09 1.3974E-09 1.3816E-09 1.3622E-09 1.3419E-09 1.3212E-09 1.3046E-09 1.2844E-09 1.2647E-09 1.2461E-09 1.2293E-09 1.2194E-09 1.2076E-09 1.1973E-09 1.1877E-09 1.1790E-09 1.1702E-09 1.1616E-09 1.1583E-09 1.1498E-09 1.1486E-09 1.1415E-09 1.1394E-09 1.1340E-09 1.1338E-09 1.1295E-09 1.1283E-09 1.1253E-09 1.1282E-09 1.1273E-09 1.1299E-09 1.1306E-09 1.1310E-09 1.1330E-09 1.1321E-09 1.1307E-09 1.1289E-09 1.1267E-09 1.1239E-09 1.1205E-09 1.1181E-09 1.1151E-09 1.1103E-09 1.1051E-09 1.0997E-09 1.0939E-09 1.0877E-09 1.0811E-09 1.0741E-09 1.0669E-09
1.5381E-09 1.5393E-09 1.5360E-09 1.5353E-09 1.5252E-09 1.5121E-09 1.4967E-09 1.4858E-09 1.4673E-09 1.4471E-09 1.4254E-09 1.4068E-09 1.3839E-09 1.3609E-09 1.3382E-09 1.3162E-09 1.2993E-09 1.2811E-09 1.2650E-09 1.2508E-09 1.2385E-09 1.2279E-09 1.2182E-09 1.2079E-09 1.1989E-09 1.1972E-09 1.1884E-09 1.1844E-09 1.1766E-09 1.1759E-09 1.1701E-09 1.1671E-09 1.1621E-09 1.1625E-09 1.1590E-09 1.1588E-09 1.1572E-09 1.1615E-09 1.1617E-09 1.1617E-09 1.1611E-09 1.1597E-09 1.1578E-09 1.1554E-09 1.1555E-09 1.1524E-09 1.1488E-09 1.1446E-09 1.1399E-09 1.1347E-09 1.1292E-09 1.1234E-09 1.1174E-09 1.1109E-09 1.1041E-09 1.0969E-09 1.0895E-09
1.6131E-09 1.6155E-09 1.6178E-09 1.6129E-09 1.6023E-09 1.5883E-09 1.5783E-09 1.5596E-09 1.5388E-09 1.5164E-09 1.4967E-09 1.4720E-09 1.4467E-09 1.4213E-09 1.4004E-09 1.3763E-09 1.3531E-09 1.3318E-09 1.3129E-09 1.2962E-09 1.2824E-09 1.2705E-09 1.2591E-09 1.2505E-09 1.2401E-09 1.2358E-09 1.2266E-09 1.2240E-09 1.2159E-09 1.2121E-09 1.2057E-09 1.2044E-09 1.1990E-09 1.1965E-09 1.1922E-09 1.1937E-09 1.1914E-09 1.1926E-09 1.1923E-09 1.1918E-09 1.1908E-09 1.1919E-09 1.1896E-09 1.1867E-09 1.1835E-09 1.1798E-09 1.1757E-09 1.1710E-09 1.1659E-09 1.1603E-09 1.1543E-09 1.1487E-09 1.1450E-09 1.1384E-09 1.1313E-09 1.1240E-09 1.1164E-09
1.6931E-09 1.6996E-09 1.6982E-09 1.6937E-09 1.6854E-09 1.6754E-09 1.6579E-09 1.6375E-09 1.6168E-09 1.5946E-09 1.5686E-09 1.5414E-09 1.5134E-09 1.4897E-09 1.4622E-09 1.4355E-09 1.4099E-09 1.3854E-09 1.3641E-09 1.3456E-09 1.3294E-09 1.3167E-09 1.3046E-09 1.2932E-09 1.2811E-09 1.2784E-09 1.2690E-09 1.2636E-09 1.2548E-09 1.2477E-09 1.2456E-09 1.2385E-09 1.2369E-09 1.2317E-09 1.2299E-09 1.2251E-09 1.2252E-09 1.2255E-09 1.2245E-09 1.2266E-09 1.2253E-09 1.2233E-09 1.2203E-09 1.2169E-09 1.2129E-09 1.2086E-09 1.2039E-09 1.2020E-09 1.1965E-09 1.1905E-09 1.1842E-09 1.1802E-09 1.1743E-09 1.1675E-09 1.1604E-09 1.1528E-09 1.1449E-09
1.7738E-09 1.7801E-09 1.7801E-09 1.7816E-09 1.7716E-09 1.7592E-09 1.7411E-09 1.7237E-09 1.6996E-09 1.6732E-09 1.6449E-09 1.6173E-09 1.5893E-09 1.5589E-09 1.5287E-09 1.4991E-09 1.4707E-09 1.4436E-09 1.4194E-09 1.3979E-09 1.3810E-09 1.3647E-09 1.3512E-09 1.3399E-09 1.3271E-09 1.3209E-09 1.3111E-09 1.3022E-09 1.2981E-09 1.2883E-09 1.2853E-09 1.2800E-09 1.2765E-09 1.2698E-09 1.2673E-09 1.2618E-09 1.2610E-09 1.2605E-09 1.2620E-09 1.2606E-09 1.2589E-09 1.2565E-09 1.2530E-09 1.2489E-09 1.2474E-09 1.2426E-09 1.2374E-09 1.2350E-09 1.2291E-09 1.2228E-09 1.2162E-09 1.2093E-09 1.2022E-09 1.1952E-09 1.1877E-09 1.1798E-09 1.1718E-09
1.8544E-09 1.8632E-09 1.8700E-09 1.8684E-09 1.8590E-09 1.8467E-09 1.8323E-09 1.8101E-09 1.7846E-09 1.7562E-09 1.7300E-09 1.6981E-09 1.6653E-09 1.6320E-09 1.5991E-09 1.5667E-09 1.5355E-09 1.5057E-09 1.4789E-09 1.4552E-09 1.4345E-09 1.4162E-09 1.4024E-09 1.3873E-09 1.3738E-09 1.3676E-09 1.3576E-09 1.3462E-09 1.3413E-09 1.3332E-09 1.3295E-09 1.3214E-09 1.3173E-09 1.3100E-09 1.3068E-09 1.3036E-09 1.3021E-09 1.2980E-09 1.2987E-09 1.2967E-09 1.2945E-09 1.2947E-09 1.2911E-09 1.2864E-09 1.2843E-09 1.2789E-09 1.2732E-09 1.2671E-09 1.2607E-09 1.2539E-09 1.2467E-09 1.2393E-09 1.2318E-09 1.2243E-09 1.2165E-09 1.2084E-09 1.2000E-09
1.9374E-09 1.9518E-09 1.9564E-09 1.9566E-09 1.9483E-09 1.9410E-09 1.9230E-09 1.9005E-09 1.8739E-09 1.8483E-09 1.8160E-09 1.7816E-09 1.7461E-09 1.7101E-09 1.6742E-09 1.6388E-09 1.6045E-09 1.5738E-09 1.5430E-09 1.5159E-09 1.4930E-09 1.4729E-09 1.4542E-09 1.4382E-09 1.4251E-09 1.4093E-09 1.4041E-09 1.3946E-09 1.3892E-09 1.3784E-09 1.3738E-09 1.3650E-09 1.3602E-09 1.3554E-09 1.3517E-09 1.3451E-09 1.3428E-09 1.3379E-09 1.3377E-09 1.3383E-09 1.3357E-09 1.3325E-09 1.3316E-09 1.3266E-09 1.3209E-09 1.3145E-09 1.3081E-09 1.3013E-09 1.2942E-09 1.2868E-09 1.2791E-09 1.2746E-09 1.2667E-09 1.2587E-09 1.2508E-09 1.2424E-09 1.2339E-09
2.0245E-09 2.0372E-09 2.0446E-09 2.0491E-09 2.0446E-09 2.0346E-09 2.0169E-09 1.9962E-09 1.9713E-09 1.9405E-09 1.9065E-09 1.8698E-09 1.8316E-09 1.7928E-09 1.7539E-09 1.7156E-09 1.6804E-09 1.6448E-09 1.6110E-09 1.5823E-09 1.5548E-09 1.5308E-09 1.5115E-09 1.4945E-09 1.4769E-09 1.4605E-09 1.4552E-09 1.4432E-09 1.4372E-09 1.4258E-09 1.4204E-09 1.4138E-09 1.4086E-09 1.4005E-09 1.3961E-09 1.3890E-09 1.3858E-09 1.3835E-09 1.3827E-09 1.3827E-09 1.3796E-09 1.3762E-09 1.3718E-09 1.3662E-09 1.3597E-09 1.3527E-09 1.3453E-09 1.3412E-09 1.3336E-09 1.3257E-09 1.3175E-09 1.3106E-09 1.3020E-09 1.2936E-09 1.2852E-09 1.2768E-09 1.2679E-09
2.1077E-09 2.1246E-09 2.1360E-09 2.1436E-09 2.1392E-09 2.1307E-09 2.1158E-09 2.0960E-09 2.0691E-09 2.0371E-09 2.0015E-09 1.9627E-09 1.9220E-09 1.8803E-09 1.8384E-09 1.7992E-09 1.7589E-09 1.7199E-09 1.6852E-09 1.6505E-09 1.6206E-09 1.5961E-09 1.5725E-09 1.5514E-09 1.5337E-09 1.5168E-09 1.5066E-09 1.4943E-09 1.4876E-09 1.4757E-09 1.4725E-09 1.4627E-09 1.4566E-09 1.4481E-09 1.4431E-09 1.4387E-09 1.4350E-09 1.4320E-09 1.4306E-09 1.4270E-09 1.4234E-09 1.4194E-09 1.4145E-09 1.4085E-09 1.4046E-09 1.3970E-09 1.3889E-09 1.3825E-09 1.3746E-09 1.3661E-09 1.3577E-09 1.3488E-09 1.3398E-09 1.3308E-09 1.3218E-09 1.3139E-09 1.3046E-09
2.1923E-09 2.2142E-09 2.2274E-09 2.2365E-09 2.2346E-09 2.2303E-09 2.2172E-09 2.1960E-09 2.1693E-09 2.1373E-09 2.1008E-09 2.0606E-09 2.0172E-09 1.9732E-09 1.9302E-09 1.8859E-09 1.8425E-09 1.8027E-09 1.7627E-09 1.7251E-09 1.6934E-09 1.6631E-09 1.6358E-09 1.6146E-09 1.5941E-09 1.5738E-09 1.5624E-09 1.5478E-09 1.5428E-09 1.5314E-09 1.5245E-09 1.5142E-09 1.5032E-09 1.5016E-09 1.4962E-09 1.4882E-09 1.4871E-09 1.4808E-09 1.4785E-09 1.4743E-09 1.4701E-09 1.4688E-09 1.4636E-09 1.4573E-09 1.4497E-09 1.4441E-09 1.4352E-09 1.4263E-09 1.4172E-09 1.4080E-09 1.3986E-09 1.3908E-09 1.3812E-09 1.3716E-09 1.3624E-09 1.3537E-09 1.3441E-09
2.2804E-09 2.3027E-09 2.3187E-09 2.3316E-09 2.3348E-09 2.3334E-09 2.3198E-09 2.2997E-09 2.2736E-09 2.2413E-09 2.2040E-09 2.1623E-09 2.1181E-09 2.0723E-09 2.0248E-09 1.9777E-09 1.9331E-09 1.8880E-09 1.8448E-09 1.8062E-09 1.7681E-09 1.7344E-09 1.7072E-09 1.6808E-09 1.6569E-09 1.6340E-09 1.6214E-09 1.6071E-09 1.5992E-09 1.5869E-09 1.5731E-09 1.5708E-09 1.5604E-09 1.5550E-09 1.5483E-09 1.5442E-09 1.5354E-09 1.5325E-09 1.5295E-09 1.5280E-09 1.5234E-09 1.5184E-09 1.5155E-09 1.5088E-09 1.5009E-09 1.4917E-09 1.4821E-09 1.4720E-09 1.4647E-09 1.4548E-09 1.4464E-09 1.4368E-09 1.4267E-09 1.4168E-09 1.4068E-09 1.3970E-09 1.3888E-09
2.3675E-09 2.3905E-09 2.4116E-09 2.4266E-09 2.4337E-09 2.4334E-09 2.4222E-09 2.4039E-09 2.3791E-09 2.3481E-09 2.3111E-09 2.2700E-09 2.2244E-09 2.1748E-09 2.1251E-09 2.0765E-09 2.0270E-09 1.9788E-09 1.9345E-09 1.8903E-09 1.8489E-09 1.8141E-09 1.7808E-09 1.7506E-09 1.7231E-09 1.6994E-09 1.6865E-09 1.6678E-09 1.6514E-09 1.6454E-09 1.6344E-09 1.6292E-09 1.6202E-09 1.6149E-09 1.6049E-09 1.6003E-09 1.5911E-09 1.5908E-09 1.5833E-09 1.5822E-09 1.5798E-09 1.5744E-09 1.5685E-09 1.5613E-09 1.5528E-09 1.5430E-09 1.5354E-09 1.5271E-09 1.5164E-09 1.5061E-09 1.4955E-09 1.4848E-09 1.4766E-09 1.4659E-09 1.4555E-09 1.4462E-09 1.4365E-09
2.4511E-09 2.4794E-09 2.5026E-09 2.5235E-09 2.5325E-09 2.5359E-09 2.5274E-09 2.5112E-09 2.4880E-09 2.4578E-09 2.4218E-09 2.3806E-09 2.3334E-09 2.2828E-09 2.2315E-09 2.1785E-09 2.1263E-09 2.0769E-09 2.0272E-09 1.9798E-09 1.9374E-09 1.8961E-09 1.8586E-09 1.8256E-09 1.7957E-09 1.7714E-09 1.7523E-09 1.7329E-09 1.7139E-09 1.7102E-09 1.6960E-09 1.6932E-09 1.6816E-09 1.6751E-09 1.6648E-09 1.6596E-09 1.6536E-09 1.6498E-09 1.6446E-09 1.6428E-09 1.6375E-09 1.6316E-09 1.6250E-09 1.6189E-09 1.6138E-09 1.6044E-09 1.5933E-09 1.5818E-09 1.5701E-09 1.5617E-09 1.5504E-09 1.5412E-09 1.5306E-09 1.5195E-09 1.5084E-09 1.4976E-09 1.4888E-09
