Assets/Resources/2015_m01_d24_0700(utc+0800)_l00_csi_1hr_conc.grd
DSAA
         159         159
     -79.000      79.000
     -79.000      79.000
  0.0000E+00  0.3586E-05
[rows 100 to 124 of 159, columns 57 to 113 of 159]
1.8634E-09 1.9198E-09 1.9886E-09 2.0503E-09 2.0933E-09 2.1448E-09 2.2101E-09 2.2668E-09 2.3094E-09 2.3631E-09 2.4264E-09 2.4730E-09 2.5239E-09 2.5704E-09 2.6439E-09 2.7116E-09 2.8106E-09 2.9578E-09 3.3878E-09 2.8989E-09 3.0490E-09 2.9646E-09 3.0614E-09 3.1800E-09 3.1602E-09 3.2267E-09 3.2400E-09 3.2304E-09 3.3300E-09 3.5163E-09 3.5460E-09 3.7132E-09 4.4670E-09 4.0503E-09 4.5236E-09 4.9183E-09 5.8337E-09 6.0157E-09 7.3364E-09 7.3742E-09 7.6958E-09 8.4933E-09 8.4847E-09 8.9212E-09 8.7950E-09 8.6546E-09 8.5010E-09 8.3350E-09 8.1579E-09 7.8792E-09 7.6091E-09 7.4402E-09 7.2623E-09 7.0773E-09 6.8869E-09 6.6917E-09 6.4988E-09
1.7808E-09 1.8602E-09 1.9095E-09 1.9629E-09 2.0196E-09 2.0884E-09 2.1297E-09 2.1786E-09 2.2429E-09 2.2963E-09 2.3459E-09 2.3898E-09 2.4501E-09 2.4999E-09 2.5592E-09 2.6259E-09 2.7356E-09 2.8876E-09 3.2613E-09 2.8302E-09 2.8002E-09 2.9186E-09 2.9029E-09 3.0178E-09 3.0123E-09 3.1063E-09 3.0914E-09 3.1655E-09 3.2660E-09 3.3032E-09 3.3976E-09 3.7178E-09 3.4997E-09 4.4792E-09 4.3909E-09 5.0467E-09 5.5833E-09 5.8314E-09 6.9633E-09 7.0178E-09 7.6364E-09 8.0291E-09 8.0583E-09 8.4112E-09 8.2894E-09 8.1551E-09 8.0095E-09 7.8533E-09 7.5981E-09 7.3513E-09 7.2021E-09 7.0443E-09 6.8794E-09 6.7072E-09 6.5304E-09 6.3516E-09 6.1665E-09
1.7422E-09 1.7937E-09 1.8301E-09 1.9059E-09 1.9530E-09 2.0039E-09 2.0600E-09 2.1158E-09 2.1640E-09 2.2200E-09 2.2727E-09 2.3228E-09 2.3668E-09 2.4185E-09 2.4896E-09 2.5602E-09 2.6487E-09 2.8153E-09 2.7939E-09 2.7780E-09 2.7289E-09 2.7666E-09 2.8376E-09 2.8736E-09 2.9324E-09 2.9648E-09 3.0305E-09 3.0723E-09 3.1243E-09 3.2129E-09 3.2865E-09 3.5178E-09 3.4715E-09 4.1235E-09 4.2758E-09 5.6302E-09 5.3532E-09 5.7271E-09 6.6136E-09 6.6938E-09 8.0455E-09 7.5949E-09 7.7008E-09 7.9325E-09 7.8158E-09 7.6884E-09 7.5511E-09 7.3179E-09 7.0928E-09 6.9617E-09 6.8217E-09 6.6735E-09 6.5188E-09 6.3601E-09 6.1932E-09 6.0234E-09 5.8218E-09
1.6814E-09 1.7484E-09 1.7925E-09 1.8341E-09 1.8876E-09 1.9497E-09 1.9952E-09 2.0465E-09 2.0975E-09 2.1387E-09 2.1977E-09 2.2446E-09 2.2925E-09 2.3552E-09 2.4091E-09 2.4815E-09 2.5726E-09 2.5172E-09 2.5406E-09 2.5947E-09 2.6388E-09 2.6863E-09 2.7485E-09 2.7892E-09 2.8418E-09 2.9001E-09 2.9482E-09 2.9983E-09 3.0692E-09 3.1265E-09 3.2366E-09 3.5456E-09 3.4625E-09 3.9962E-09 4.1842E-09 5.0447E-09 5.1440E-09 5.8045E-09 6.2873E-09 6.4092E-09 7.2217E-09 7.1910E-09 7.4820E-09 7.4842E-09 7.3732E-09 7.2531E-09 7.0357E-09 6.8311E-09 6.7122E-09 6.5899E-09 6.4556E-09 6.3180E-09 6.1715E-09 6.0248E-09 5.8765E-09 5.6484E-09 5.4399E-09
1.6564E-09 1.6919E-09 1.7440E-09 1.7850E-09 1.8415E-09 1.8827E-09 1.9348E-09 1.9809E-09 2.0317E-09 2.0872E-09 2.1298E-09 2.1762E-09 2.2178E-09 2.2802E-09 2.3352E-09 2.3890E-09 2.3932E-09 2.4184E-09 2.4674E-09 2.5211E-09 2.5744E-09 2.6303E-09 2.6731E-09 2.7269E-09 2.7755E-09 2.8220E-09 2.8822E-09 2.9303E-09 2.9962E-09 3.0752E-09 3.1904E-09 3.6672E-09 3.4996E-09 3.8796E-09 4.1307E-09 4.8343E-09 4.9589E-09 6.3655E-09 5.9793E-09 6.1767E-09 6.8238E-09 6.8038E-09 7.1469E-09 7.0511E-09 6.9469E-09 6.7052E-09 6.5654E-09 6.4620E-09 6.3515E-09 6.2318E-09 6.1121E-09 5.9858E-09 5.8576E-09 5.7271E-09 5.5175E-09 5.3254E-09 5.2335E-09
1.6193E-09 1.6549E-09 1.7036E-09 1.7457E-09 1.7965E-09 1.8332E-09 1.8852E-09 1.9357E-09 1.9770E-09 2.0235E-09 2.0667E-09 2.1210E-09 2.1673E-09 2.2103E-09 2.2295E-09 2.2691E-09 2.3155E-09 2.3555E-09 2.4146E-09 2.4562E-09 2.5022E-09 2.5575E-09 2.6068E-09 2.6601E-09 2.7140E-09 2.7661E-09 2.8192E-09 2.8769E-09 2.9416E-09 3.0204E-09 3.1439E-09 3.1545E-09 3.6565E-09 3.7633E-09 4.1518E-09 4.6259E-09 4.7906E-09 5.6538E-09 5.6886E-09 6.0478E-09 6.4508E-09 6.4568E-09 6.7400E-09 6.6473E-09 6.4265E-09 6.3000E-09 6.2138E-09 6.1193E-09 6.0183E-09 5.9140E-09 5.8046E-09 5.6923E-09 5.5763E-09 5.3834E-09 5.2045E-09 5.1237E-09 5.0429E-09
1.6048E-09 1.6399E-09 1.6753E-09 1.7111E-09 1.7475E-09 1.7995E-09 1.8442E-09 1.8864E-09 1.9242E-09 1.9806E-09 2.0255E-09 2.0639E-09 2.1098E-09 2.1402E-09 2.1777E-09 2.2181E-09 2.2611E-09 2.3116E-09 2.3587E-09 2.4029E-09 2.4493E-09 2.5021E-09 2.5524E-09 2.6027E-09 2.6524E-09 2.7025E-09 2.7546E-09 2.8110E-09 2.8748E-09 2.9534E-09 3.0930E-09 3.1049E-09 3.5460E-09 3.6521E-09 4.3862E-09 4.4303E-09 4.6666E-09 5.3691E-09 5.4215E-09 6.2190E-09 6.1045E-09 6.1591E-09 6.3644E-09 6.1625E-09 6.0509E-09 5.9768E-09 5.8956E-09 5.8082E-09 5.7171E-09 5.6213E-09 5.5223E-09 5.4240E-09 5.2446E-09 5.0786E-09 5.0081E-09 4.9373E-09 4.8671E-09
1.5900E-09 1.6245E-09 1.6595E-09 1.6947E-09 1.7306E-09 1.7671E-09 1.8041E-09 1.8418E-09 1.8942E-09 1.9357E-09 1.9742E-09 2.0174E-09 2.0537E-09 2.0943E-09 2.1357E-09 2.1856E-09 2.2283E-09 2.2695E-09 2.3135E-09 2.3635E-09 2.4087E-09 2.4568E-09 2.5044E-09 2.5530E-09 2.6008E-09 2.6496E-09 2.7007E-09 2.7562E-09 2.8203E-09 2.9009E-09 2.9331E-09 3.0721E-09 3.4391E-09 3.5685E-09 4.1939E-09 4.2659E-09 4.6570E-09 5.1150E-09 5.1939E-09 5.8158E-09 5.7907E-09 5.9039E-09 5.8667E-09 5.8093E-09 5.7460E-09 5.6763E-09 5.6008E-09 5.5214E-09 5.4396E-09 5.3551E-09 5.2687E-09 5.1437E-09 4.9487E-09 4.8877E-09 4.8263E-09 4.7651E-09 4.7051E-09
1.5748E-09 1.6089E-09 1.6433E-09 1.6780E-09 1.7133E-09 1.7492E-09 1.7857E-09 1.8227E-09 1.8602E-09 1.8983E-09 1.9432E-09 1.9821E-09 2.0216E-09 2.0616E-09 2.1079E-09 2.1490E-09 2.1907E-09 2.2331E-09 2.2812E-09 2.3249E-09 2.3693E-09 2.4166E-09 2.4663E-09 2.5124E-09 2.5590E-09 2.6069E-09 2.6580E-09 2.7140E-09 2.7762E-09 2.8118E-09 2.8911E-09 3.0661E-09 3.3475E-09 3.5113E-09 4.0325E-09 4.1202E-09 4.9116E-09 4.8816E-09 5.0048E-09 5.5169E-09 5.4650E-09 5.7570E-09 5.5747E-09 5.5209E-09 5.4625E-09 5.3992E-09 5.3318E-09 5.2609E-09 5.1872E-09 5.1117E-09 4.9981E-09 4.8159E-09 4.7637E-09 4.7109E-09 4.6582E-09 4.6062E-09 4.4810E-09
1.5555E-09 1.5929E-09 1.6267E-09 1.6609E-09 1.6957E-09 1.7310E-09 1.7668E-09 1.8032E-09 1.8401E-09 1.8774E-09 1.9153E-09 1.9536E-09 1.9978E-09 2.0370E-09 2.0768E-09 2.1172E-09 2.1630E-09 2.2046E-09 2.2469E-09 2.2899E-09 2.3335E-09 2.3816E-09 2.4262E-09 2.4714E-09 2.5172E-09 2.5642E-09 2.6169E-09 2.6530E-09 2.7075E-09 2.7698E-09 2.8523E-09 3.1112E-09 3.2643E-09 3.4957E-09 3.8835E-09 3.9953E-09 4.6416E-09 4.6673E-09 4.8799E-09 5.1664E-09 5.1080E-09 5.3506E-09 5.3058E-09 5.2562E-09 5.2022E-09 5.1443E-09 5.0832E-09 5.0194E-09 4.9538E-09 4.8509E-09 4.6810E-09 4.6370E-09 4.5921E-09 4.5472E-09 4.5029E-09 4.3853E-09 4.2809E-09
1.5399E-09 1.5729E-09 1.6060E-09 1.6436E-09 1.6778E-09 1.7125E-09 1.7477E-09 1.7834E-09 1.8196E-09 1.8562E-09 1.8933E-09 1.9309E-09 1.9689E-09 2.0075E-09 2.0512E-09 2.0908E-09 2.1310E-09 2.1719E-09 2.2135E-09 2.2595E-09 2.3022E-09 2.3455E-09 2.3894E-09 2.4338E-09 2.4817E-09 2.5277E-09 2.5666E-09 2.6162E-09 2.6699E-09 2.7317E-09 2.8188E-09 3.1111E-09 3.1918E-09 3.5837E-09 3.7500E-09 3.9025E-09 4.4384E-09 4.4758E-09 4.7938E-09 4.8591E-09 4.9069E-09 5.0963E-09 5.0546E-09 5.0089E-09 4.9596E-09 4.9073E-09 4.8526E-09 4.7960E-09 4.7030E-09 4.5450E-09 4.5083E-09 4.4709E-09 4.4332E-09 4.3958E-09 4.3244E-09 4.1884E-09 4.1787E-09
1.5204E-09 1.5566E-09 1.5891E-09 1.6222E-09 1.6596E-09 1.6937E-09 1.7282E-09 1.7633E-09 1.7988E-09 1.8347E-09 1.8711E-09 1.9079E-09 1.9452E-09 1.9829E-09 2.0213E-09 2.0602E-09 2.0997E-09 2.1436E-09 2.1843E-09 2.2257E-09 2.2677E-09 2.3103E-09 2.3562E-09 2.3996E-09 2.4437E-09 2.4840E-09 2.5304E-09 2.5794E-09 2.6325E-09 2.6946E-09 2.7896E-09 3.0364E-09 3.1286E-09 3.5731E-09 3.6280E-09 3.8605E-09 4.2495E-09 4.1656E-09 4.6481E-09 4.6482E-09 4.7488E-09 4.8582E-09 4.8198E-09 4.7783E-09 4.7340E-09 4.6873E-09 4.6390E-09 4.5184E-09 4.4086E-09 4.3786E-09 4.3479E-09 4.3168E-09 4.2860E-09 4.2212E-09 4.0926E-09 4.0876E-09 4.0825E-09
1.5045E-09 1.5363E-09 1.5719E-09 1.6045E-09 1.6375E-09 1.6710E-09 1.7085E-09 1.7429E-09 1.7777E-09 1.8130E-09 1.8486E-09 1.8846E-09 1.9212E-09 1.9582E-09 1.9957E-09 2.0338E-09 2.0726E-09 2.1120E-09 2.1520E-09 2.1928E-09 2.2341E-09 2.2784E-09 2.3206E-09 2.3611E-09 2.4045E-09 2.4487E-09 2.4943E-09 2.5425E-09 2.5950E-09 2.6576E-09 2.7681E-09 2.9663E-09 3.0770E-09 3.4524E-09 3.5174E-09 3.9401E-09 3.9448E-09 4.0406E-09 4.4457E-09 4.4522E-09 4.6884E-09 4.6355E-09 4.6008E-09 4.5636E-09 4.5243E-09 4.4834E-09 4.3728E-09 4.2724E-09 4.2485E-09 4.2239E-09 4.1989E-09 4.1740E-09 4.1155E-09 3.9943E-09 3.9936E-09 3.9927E-09 3.9544E-09
1.4849E-09 1.5196E-09 1.5511E-09 1.5831E-09 1.6190E-09 1.6519E-09 1.6852E-09 1.7189E-09 1.7564E-09 1.7909E-09 1.8258E-09 1.8612E-09 1.8969E-09 1.9332E-09 1.9699E-09 2.0073E-09 2.0452E-09 2.0838E-09 2.1231E-09 2.1629E-09 2.2033E-09 2.2442E-09 2.2857E-09 2.3276E-09 2.3700E-09 2.4133E-09 2.4581E-09 2.5056E-09 2.5576E-09 2.6213E-09 2.7665E-09 2.9011E-09 3.0455E-09 3.3402E-09 3.3534E-09 3.7696E-09 3.8054E-09 3.9473E-09 4.2561E-09 4.2719E-09 4.4562E-09 4.4277E-09 4.3968E-09 4.3641E-09 4.3299E-09 4.2285E-09 4.1370E-09 4.1187E-09 4.0995E-09 4.0800E-09 4.0605E-09 4.0080E-09 3.8941E-09 3.8973E-09 3.9002E-09 3.8661E-09 3.8056E-09
1.4687E-09 1.4994E-09 1.5337E-09 1.5651E-09 1.5970E-09 1.6293E-09 1.6652E-09 1.6983E-09 1.7318E-09 1.7687E-09 1.8029E-09 1.8375E-09 1.8725E-09 1.9080E-09 1.9440E-09 1.9806E-09 2.0177E-09 2.0555E-09 2.0939E-09 2.1329E-09 2.1725E-09 2.2125E-09 2.2530E-09 2.2940E-09 2.3355E-09 2.3780E-09 2.4220E-09 2.4687E-09 2.5203E-09 2.5858E-09 2.8239E-09 2.8406E-09 3.0597E-09 3.1089E-09 3.2243E-09 3.6341E-09 3.6762E-09 3.9225E-09 4.0789E-09 4.1096E-09 4.2591E-09 4.2340E-09 4.2071E-09 4.1789E-09 4.0862E-09 4.0029E-09 3.9895E-09 3.9754E-09 3.9608E-09 3.9463E-09 3.8994E-09 3.7925E-09 3.7991E-09 3.8055E-09 3.7755E-09 3.7193E-09 3.7419E-09
1.4492E-09 1.4824E-09 1.5130E-09 1.5439E-09 1.5782E-09 1.6100E-09 1.6421E-09 1.6746E-09 1.7103E-09 1.7435E-09 1.7770E-09 1.8109E-09 1.8479E-09 1.8827E-09 1.9179E-09 1.9537E-09 1.9901E-09 2.0271E-09 2.0647E-09 2.1029E-09 2.1416E-09 2.1807E-09 2.2203E-09 2.2604E-09 2.3010E-09 2.3427E-09 2.3860E-09 2.4319E-09 2.4833E-09 2.5520E-09 2.7166E-09 2.7853E-09 3.0808E-09 3.0335E-09 3.1888E-09 3.5067E-09 3.5580E-09 4.0532E-09 3.9138E-09 3.9728E-09 4.0752E-09 4.0536E-09 4.0308E-09 3.9132E-09 3.8706E-09 3.8616E-09 3.8519E-09 3.8419E-09 3.8318E-09 3.7901E-09 3.6901E-09 3.6998E-09 3.7093E-09 3.7177E-09 3.6311E-09 3.6559E-09 3.6782E-09
1.4327E-09 1.4624E-09 1.4924E-09 1.5257E-09 1.5564E-09 1.5876E-09 1.6219E-09 1.6537E-09 1.6859E-09 1.7184E-09 1.7539E-09 1.7871E-09 1.8207E-09 1.8548E-09 1.8917E-09 1.9268E-09 1.9624E-09 1.9987E-09 2.0355E-09 2.0728E-09 2.1106E-09 2.1489E-09 2.1876E-09 2.2268E-09 2.2666E-09 2.3074E-09 2.3500E-09 2.3953E-09 2.4464E-09 2.5215E-09 2.5980E-09 2.6256E-09 2.9015E-09 2.9632E-09 3.2089E-09 3.3874E-09 3.4529E-09 3.7524E-09 3.7605E-09 3.8850E-09 3.9040E-09 3.8859E-09 3.7446E-09 3.7404E-09 3.7353E-09 3.7296E-09 3.7236E-09 3.7175E-09 3.6806E-09 3.5873E-09 3.5998E-09 3.6120E-09 3.6232E-09 3.5414E-09 3.5682E-09 3.5925E-09 3.5672E-09
1.4160E-09 1.4452E-09 1.4747E-09 1.5046E-09 1.5375E-09 1.5680E-09 1.5989E-09 1.6302E-09 1.6642E-09 1.6961E-09 1.7283E-09 1.7608E-09 1.7961E-09 1.8294E-09 1.8633E-09 1.8977E-09 1.9347E-09 1.9701E-09 2.0061E-09 2.0427E-09 2.0796E-09 2.1171E-09 2.1549E-09 2.1933E-09 2.2323E-09 2.2723E-09 2.3141E-09 2.3587E-09 2.4100E-09 2.4412E-09 2.4997E-09 2.6048E-09 2.8300E-09 2.8989E-09 3.3750E-09 3.2760E-09 3.3663E-09 3.6047E-09 3.6191E-09 3.7584E-09 3.7137E-09 3.6134E-09 3.6126E-09 3.6110E-09 3.6088E-09 3.6063E-09 3.6038E-09 3.5394E-09 3.4846E-09 3.4994E-09 3.5141E-09 3.5277E-09 3.4507E-09 3.4791E-09 3.5053E-09 3.4828E-09 3.5163E-09
1.3991E-09 1.4278E-09 1.4568E-09 1.4861E-09 1.5158E-09 1.5458E-09 1.5762E-09 1.6092E-09 1.6401E-09 1.6714E-09 1.7051E-09 1.7370E-09 1.7693E-09 1.8020E-09 1.8352E-09 1.8708E-09 1.9050E-09 1.9398E-09 1.9751E-09 2.0125E-09 2.0487E-09 2.0853E-09 2.1223E-09 2.1598E-09 2.1980E-09 2.2373E-09 2.2783E-09 2.3223E-09 2.3560E-09 2.4043E-09 2.4642E-09 2.6035E-09 2.7621E-09 2.8425E-09 3.1382E-09 3.1723E-09 3.3159E-09 3.4668E-09 3.4905E-09 3.5776E-09 3.4854E-09 3.4875E-09 3.4889E-09 3.4898E-09 3.4905E-09 3.4912E-09 3.4321E-09 3.3823E-09 3.3992E-09 3.4160E-09 3.3996E-09 3.3594E-09 3.3892E-09 3.4169E-09 3.3972E-09 3.4319E-09 3.4639E-09
1.3820E-09 1.4102E-09 1.4387E-09 1.4675E-09 1.4966E-09 1.5261E-09 1.5558E-09 1.5859E-09 1.6162E-09 1.6489E-09 1.6798E-09 1.7111E-09 1.7427E-09 1.7767E-09 1.8092E-09 1.8422E-09 1.8757E-09 1.9114E-09 1.9459E-09 1.9809E-09 2.0164E-09 2.0522E-09 2.0897E-09 2.1264E-09 2.1638E-09 2.2024E-09 2.2359E-09 2.2764E-09 2.3196E-09 2.3677E-09 2.4298E-09 2.6572E-09 2.6979E-09 2.7988E-09 3.0368E-09 3.0766E-09 3.3579E-09 3.3385E-09 3.3208E-09 3.3606E-09 3.3652E-09 3.3693E-09 3.3730E-09 3.3764E-09 3.3799E-09 3.3258E-09 3.2806E-09 3.2994E-09 3.3180E-09 3.3045E-09 3.2679E-09 3.2989E-09 3.3277E-09 3.3107E-09 3.3464E-09 3.3795E-09 3.4102E-09
1.3647E-09 1.3925E-09 1.4204E-09 1.4487E-09 1.4773E-09 1.5062E-09 1.5353E-09 1.5648E-09 1.5945E-09 1.6245E-09 1.6548E-09 1.6872E-09 1.7182E-09 1.7496E-09 1.7814E-09 1.8138E-09 1.8482E-09 1.8816E-09 1.9154E-09 1.9497E-09 1.9845E-09 2.0207E-09 2.0562E-09 2.0921E-09 2.1287E-09 2.1627E-09 2.2009E-09 2.2408E-09 2.2834E-09 2.3313E-09 2.3972E-09 2.5887E-09 2.6376E-09 2.7828E-09 2.9418E-09 2.9898E-09 3.2076E-09 3.1369E-09 3.1909E-09 3.2460E-09 3.2523E-09 3.2584E-09 3.2643E-09 3.2702E-09 3.1910E-09 3.1801E-09 3.2003E-09 3.2205E-09 3.2097E-09 3.1765E-09 3.2083E-09 3.2382E-09 3.2236E-09 3.2602E-09 3.2942E-09 3.3260E-09 3.3584E-09
1.3445E-09 1.3717E-09 1.4020E-09 1.4298E-09 1.4578E-09 1.4861E-09 1.5147E-09 1.5435E-09 1.5726E-09 1.6019E-09 1.6316E-09 1.6616E-09 1.6920E-09 1.7228E-09 1.7555E-09 1.7872E-09 1.8194E-09 1.8521E-09 1.8853E-09 1.9200E-09 1.9540E-09 1.9883E-09 2.0230E-09 2.0564E-09 2.0921E-09 2.1285E-09 2.1660E-09 2.2052E-09 2.2473E-09 2.2952E-09 2.3683E-09 2.5283E-09 2.5812E-09 2.8404E-09 2.8527E-09 2.9142E-09 2.9875E-09 3.0142E-09 3.1727E-09 3.1382E-09 3.1463E-09 3.1544E-09 3.1624E-09 3.0889E-09 3.0807E-09 3.1023E-09 3.1238E-09 3.1154E-09 3.0854E-09 3.1179E-09 3.1487E-09 3.1364E-09 3.1735E-09 3.2083E-09 3.2409E-09 3.2743E-09 3.3066E-09
1.3271E-09 1.3538E-09 1.3808E-09 1.4080E-09 1.4381E-09 1.4659E-09 1.4939E-09 1.5221E-09 1.5506E-09 1.5793E-09 1.6084E-09 1.6377E-09 1.6675E-09 1.6976E-09 1.7282E-09 1.7593E-09 1.7909E-09 1.8241E-09 1.8565E-09 1.8893E-09 1.9226E-09 1.9562E-09 1.9893E-09 2.0238E-09 2.0588E-09 2.0945E-09 2.1313E-09 2.1699E-09 2.2113E-09 2.2597E-09 2.3477E-09 2.4707E-09 2.5297E-09 2.7396E-09 2.7430E-09 2.7577E-09 2.8962E-09 2.9275E-09 3.0271E-09 3.0369E-09 3.0468E-09 3.0567E-09 2.9603E-09 2.9829E-09 3.0055E-09 3.0281E-09 3.0219E-09 2.9950E-09 3.0280E-09 3.0593E-09 3.0493E-09 3.0867E-09 3.1220E-09 3.1538E-09 3.1895E-09 3.2226E-09 3.2535E-09
1.3070E-09 1.3333E-09 1.3623E-09 1.3890E-09 1.4159E-09 1.4456E-09 1.4730E-09 1.5006E-09 1.5285E-09 1.5566E-09 1.5850E-09 1.6138E-09 1.6429E-09 1.6724E-09 1.7024E-09 1.7328E-09 1.7637E-09 1.7950E-09 1.8268E-09 1.8590E-09 1.8915E-09 1.9244E-09 1.9577E-09 1.9914E-09 2.0256E-09 2.0606E-09 2.0967E-09 2.1347E-09 2.1757E-09 2.2249E-09 2.3490E-09 2.4158E-09 2.4851E-09 2.5818E-09 2.5981E-09 2.7569E-09 2.8101E-09 2.8490E-09 2.9304E-09 2.9417E-09 2.9264E-09 2.8633E-09 2.8868E-09 2.9102E-09 2.9336E-09 2.9013E-09 2.9054E-09 2.9388E-09 2.9692E-09 2.9625E-09 3.0001E-09 3.0358E-09 3.0681E-09 3.1043E-09 3.1381E-09 3.1697E-09 3.2022E-09
1.2896E-09 1.3153E-09 1.3412E-09 1.3674E-09 1.3962E-09 1.4229E-09 1.4497E-09 1.4791E-09 1.5063E-09 1.5339E-09 1.5617E-09 1.5898E-09 1.6183E-09 1.6472E-09 1.6765E-09 1.7063E-09 1.7365E-09 1.7672E-09 1.7982E-09 1.8297E-09 1.8615E-09 1.8936E-09 1.9261E-09 1.9591E-09 1.9926E-09 2.0269E-09 2.0624E-09 2.0997E-09 2.1403E-09 2.1910E-09 2.3233E-09 2.3636E-09 2.3562E-09 2.4938E-09 2.5405E-09 2.7057E-09 2.7289E-09 2.7834E-09 2.8393E-09 2.8000E-09 2.7684E-09 2.7924E-09 2.8165E-09 2.8406E-09 2.8114E-09 2.8169E-09 2.8504E-09 2.8812E-09 2.8763E-09 2.9140E-09 2.9498E-09 2.9825E-09 3.0190E-09 3.0532E-09 3.0855E-09 3.1186E-09 3.1521E-09
