Assets/Resources/2015_m01_d11_0800(utc+0800)_l00_csi_1hr_conc.grd
DSAA
         159         159
     -79.000      79.000
     -79.000      79.000
  0.0000E+00  0.5217E-05
[rows 50 to 74 of 159, columns 57 to 113 of 159]
0.0000E+00 0.0000E+00 0.0000E+00 0.0000E+00 0.0000E+00 0.0000E+00 1.4289E-11 7.6913E-11 2.3088E-10 5.7695E-10 1.2288E-09 2.3037E-09 3.8441E-09 5.6842E-09 7.5811E-09 9.3348E-09 1.0719E-08 1.1719E-08 1.2265E-08 1.2489E-08 1.2495E-08 1.2342E-08 1.2152E-08 1.1928E-08 1.1690E-08 1.1513E-08 1.1250E-08 1.0920E-08 1.0555E-08 1.0105E-08 9.5808E-09 9.0508E-09 8.5770E-09 8.2012E-09 7.9498E-09 7.7869E-09 7.6977E-09 7.6593E-09 7.6258E-09 7.5827E-09 7.5354E-09 7.4525E-09 7.3335E-09 7.1885E-09 7.0096E-09 6.8161E-09 6.5990E-09 6.3644E-09 6.1182E-09 5.8645E-09 5.5998E-09 5.3290E-09 5.0516E-09 4.7804E-09 4.5083E-09 4.2397E-09 3.9871E-09
0.0000E+00 0.0000E+00 0.0000E+00 0.0000E+00 0.0000E+00 0.0000E+00 2.8825E-11 1.5391E-10 4.5226E-10 1.1220E-09 2.3611E-09 4.4978E-09 7.4834E-09 1.1172E-08 1.4992E-08 1.8385E-08 2.0889E-08 2.2338E-08 2.2951E-08 2.2862E-08 2.2354E-08 2.1467E-08 2.0428E-08 1.9483E-08 1.8653E-08 1.7824E-08 1.7060E-08 1.6246E-08 1.5343E-08 1.4406E-08 1.3437E-08 1.2407E-08 1.1473E-08 1.0715E-08 1.0134E-08 9.7611E-09 9.5142E-09 9.3459E-09 9.2584E-09 9.1665E-09 9.0555E-09 8.9287E-09 8.7679E-09 8.5804E-09 8.3652E-09 8.1201E-09 7.8561E-09 7.5787E-09 7.2779E-09 6.9746E-09 6.6592E-09 6.3354E-09 6.0095E-09 5.6822E-09 5.3600E-09 5.0499E-09 4.7459E-09
0.0000E+00 0.0000E+00 0.0000E+00 0.0000E+00 0.0000E+00 0.0000E+00 6.6016E-11 2.6143E-10 7.7536E-10 1.8733E-09 4.0532E-09 7.7404E-09 1.3071E-08 1.9759E-08 2.6787E-08 3.2874E-08 3.7126E-08 3.9349E-08 3.9692E-08 3.8718E-08 3.7041E-08 3.4776E-08 3.2362E-08 3.0139E-08 2.8090E-08 2.6387E-08 2.4780E-08 2.3194E-08 2.1606E-08 2.0001E-08 1.8315E-08 1.6626E-08 1.5048E-08 1.3749E-08 1.2761E-08 1.2049E-08 1.1601E-08 1.1298E-08 1.1096E-08 1.0928E-08 1.0767E-08 1.0594E-08 1.0386E-08 1.0145E-08 9.8747E-09 9.5834E-09 9.2686E-09 8.9312E-09 8.5800E-09 8.2146E-09 7.8439E-09 7.4641E-09 7.0799E-09 6.6998E-09 6.3224E-09 5.9504E-09 5.6029E-09
0.0000E+00 0.0000E+00 0.0000E+00 0.0000E+00 0.0000E+00 0.0000E+00 1.0255E-10 3.7989E-10 1.1679E-09 2.8193E-09 6.1733E-09 1.1934E-08 2.0611E-08 3.1648E-08 4.3499E-08 5.3678E-08 6.0556E-08 6.3474E-08 6.3247E-08 6.0745E-08 5.7200E-08 5.2821E-08 4.8162E-08 4.3996E-08 4.0294E-08 3.7157E-08 3.4425E-08 3.1890E-08 2.9314E-08 2.6818E-08 2.4310E-08 2.1728E-08 1.9304E-08 1.7310E-08 1.5758E-08 1.4685E-08 1.3967E-08 1.3477E-08 1.3160E-08 1.2909E-08 1.2661E-08 1.2430E-08 1.2166E-08 1.1869E-08 1.1549E-08 1.1196E-08 1.0820E-08 1.0431E-08 1.0013E-08 9.5883E-09 9.1550E-09 8.7141E-09 8.2682E-09 7.8227E-09 7.3888E-09 6.9634E-09 6.5505E-09
0.0000E+00 0.0000E+00 0.0000E+00 0.0000E+00 0.0000E+00 0.0000E+00 1.3466E-10 4.9965E-10 1.4706E-09 3.7288E-09 8.3677E-09 1.6707E-08 2.9429E-08 4.6176E-08 6.4530E-08 8.0640E-08 9.1158E-08 9.5252E-08 9.3939E-08 8.9134E-08 8.2596E-08 7.5240E-08 6.7594E-08 6.0777E-08 5.4804E-08 4.9949E-08 4.5765E-08 4.2007E-08 3.8377E-08 3.4826E-08 3.1230E-08 2.7625E-08 2.4213E-08 2.1361E-08 1.9201E-08 1.7623E-08 1.6587E-08 1.5890E-08 1.5413E-08 1.5059E-08 1.4733E-08 1.4441E-08 1.4117E-08 1.3754E-08 1.3369E-08 1.2958E-08 1.2521E-08 1.2060E-08 1.1585E-08 1.1091E-08 1.0593E-08 1.0084E-08 9.5751E-09 9.0678E-09 8.5653E-09 8.0737E-09 7.6049E-09
0.0000E+00 0.0000E+00 0.0000E+00 0.0000E+00 0.0000E+00 0.0000E+00 1.2654E-10 5.4545E-10 1.7006E-09 4.4652E-09 1.0231E-08 2.0971E-08 3.8204E-08 6.1788E-08 8.8316E-08 1.1193E-07 1.2761E-07 1.3313E-07 1.3024E-07 1.2239E-07 1.1197E-07 1.0104E-07 8.9826E-08 7.9728E-08 7.1115E-08 6.4125E-08 5.8369E-08 5.3353E-08 4.8434E-08 4.3731E-08 3.8983E-08 3.4184E-08 2.9663E-08 2.5869E-08 2.2932E-08 2.0851E-08 1.9455E-08 1.8494E-08 1.7859E-08 1.7393E-08 1.6974E-08 1.6601E-08 1.6207E-08 1.5774E-08 1.5328E-08 1.4849E-08 1.4348E-08 1.3826E-08 1.3275E-08 1.2712E-08 1.2148E-08 1.1573E-08 1.0990E-08 1.0412E-08 9.8470E-09 9.2913E-09 8.7537E-09
0.0000E+00 0.0000E+00 0.0000E+00 0.0000E+00 0.0000E+00 0.0000E+00 8.4610E-11 5.1183E-10 1.6389E-09 4.6071E-09 1.1116E-08 2.3958E-08 4.5345E-08 7.5912E-08 1.1195E-07 1.4513E-07 1.6733E-07 1.7514E-07 1.7027E-07 1.5866E-07 1.4400E-07 1.2864E-07 1.1354E-07 9.9823E-08 8.8148E-08 7.8954E-08 7.1547E-08 6.5226E-08 5.9194E-08 5.3258E-08 4.7315E-08 4.1305E-08 3.5575E-08 3.0753E-08 2.7038E-08 2.4304E-08 2.2498E-08 2.1281E-08 2.0447E-08 1.9854E-08 1.9335E-08 1.8898E-08 1.8417E-08 1.7914E-08 1.7398E-08 1.6857E-08 1.6289E-08 1.5696E-08 1.5085E-08 1.4445E-08 1.3809E-08 1.3162E-08 1.2516E-08 1.1867E-08 1.1231E-08 1.0604E-08 9.9999E-09
0.0000E+00 0.0000E+00 0.0000E+00 0.0000E+00 0.0000E+00 0.0000E+00 0.0000E+00 3.2572E-10 1.4084E-09 4.2516E-09 1.0860E-08 2.4462E-08 4.8892E-08 8.6032E-08 1.3221E-07 1.7705E-07 2.0767E-07 2.1844E-07 2.1149E-07 1.9527E-07 1.7630E-07 1.5638E-07 1.3748E-07 1.1994E-07 1.0521E-07 9.3703E-08 8.4747E-08 7.7307E-08 7.0158E-08 6.3154E-08 5.6021E-08 4.8859E-08 4.1901E-08 3.5943E-08 3.1302E-08 2.7973E-08 2.5704E-08 2.4163E-08 2.3161E-08 2.2430E-08 2.1810E-08 2.1274E-08 2.0722E-08 2.0143E-08 1.9562E-08 1.8951E-08 1.8315E-08 1.7656E-08 1.6974E-08 1.6271E-08 1.5564E-08 1.4847E-08 1.4125E-08 1.3409E-08 1.2701E-08 1.2007E-08 1.1334E-08
0.0000E+00 0.0000E+00 0.0000E+00 0.0000E+00 0.0000E+00 0.0000E+00 0.0000E+00 1.0867E-10 9.7645E-10 3.3447E-09 9.2691E-09 2.2443E-08 4.8077E-08 8.9904E-08 1.4602E-07 2.0403E-07 2.4622E-07 2.6090E-07 2.5242E-07 2.3089E-07 2.0723E-07 1.8304E-07 1.6060E-07 1.3944E-07 1.2147E-07 1.0775E-07 9.7317E-08 8.8927E-08 8.1042E-08 7.3017E-08 6.4849E-08 5.6579E-08 4.8428E-08 4.1391E-08 3.5811E-08 3.1715E-08 2.8987E-08 2.7141E-08 2.5921E-08 2.5070E-08 2.4326E-08 2.3708E-08 2.3068E-08 2.2419E-08 2.1774E-08 2.1102E-08 2.0405E-08 1.9680E-08 1.8933E-08 1.8159E-08 1.7391E-08 1.6603E-08 1.5815E-08 1.5029E-08 1.4253E-08 1.3483E-08 1.2741E-08
0.0000E+00 0.0000E+00 0.0000E+00 0.0000E+00 0.0000E+00 0.0000E+00 0.0000E+00 4.3663E-12 3.8719E-10 2.2572E-09 6.8913E-09 1.8218E-08 4.2357E-08 8.6147E-08 1.5064E-07 2.2385E-07 2.8091E-07 3.0299E-07 2.9206E-07 2.6459E-07 2.3597E-07 2.0779E-07 1.8249E-07 1.5776E-07 1.3671E-07 1.2077E-07 1.0908E-07 1.0003E-07 9.1578E-08 8.2863E-08 7.3765E-08 6.4469E-08 5.5191E-08 4.6968E-08 4.0386E-08 3.5597E-08 3.2321E-08 3.0110E-08 2.8705E-08 2.7669E-08 2.6831E-08 2.6120E-08 2.5414E-08 2.4703E-08 2.3997E-08 2.3266E-08 2.2507E-08 2.1725E-08 2.0923E-08 2.0088E-08 1.9258E-08 1.8412E-08 1.7553E-08 1.6699E-08 1.5857E-08 1.5024E-08 1.4210E-08
0.0000E+00 0.0000E+00 0.0000E+00 0.0000E+00 0.0000E+00 0.0000E+00 0.0000E+00 0.0000E+00 6.4200E-11 8.4333E-10 4.3189E-09 1.2870E-08 3.3493E-08 7.5452E-08 1.4518E-07 2.3386E-07 3.1120E-07 3.4431E-07 3.3217E-07 2.9725E-07 2.6243E-07 2.3123E-07 2.0323E-07 1.7540E-07 1.5103E-07 1.3277E-07 1.1976E-07 1.1023E-07 1.0163E-07 9.2488E-08 8.2752E-08 7.2565E-08 6.2190E-08 5.2791E-08 4.5116E-08 3.9462E-08 3.5620E-08 3.3060E-08 3.1411E-08 3.0220E-08 2.9244E-08 2.8462E-08 2.7684E-08 2.6930E-08 2.6181E-08 2.5399E-08 2.4598E-08 2.3767E-08 2.2906E-08 2.2023E-08 2.1139E-08 2.0236E-08 1.9323E-08 1.8407E-08 1.7495E-08 1.6599E-08 1.5722E-08
0.0000E+00 0.0000E+00 0.0000E+00 0.0000E+00 0.0000E+00 0.0000E+00 0.0000E+00 0.0000E+00 0.0000E+00 1.3266E-10 1.7286E-09 7.8147E-09 2.3073E-08 5.9198E-08 1.2891E-07 2.3201E-07 3.3507E-07 3.8843E-07 3.7510E-07 3.3020E-07 2.8759E-07 2.5350E-07 2.2349E-07 1.9265E-07 1.6475E-07 1.4389E-07 1.2964E-07 1.1975E-07 1.1116E-07 1.0195E-07 9.1698E-08 8.0691E-08 6.9397E-08 5.8826E-08 4.9906E-08 4.3378E-08 3.8893E-08 3.5875E-08 3.3946E-08 3.2557E-08 3.1514E-08 3.0653E-08 2.9832E-08 2.9043E-08 2.8261E-08 2.7455E-08 2.6608E-08 2.5742E-08 2.4851E-08 2.3923E-08 2.2997E-08 2.2047E-08 2.1084E-08 2.0113E-08 1.9150E-08 1.8191E-08 1.7262E-08
0.0000E+00 0.0000E+00 0.0000E+00 0.0000E+00 0.0000E+00 0.0000E+00 0.0000E+00 0.0000E+00 0.0000E+00 0.0000E+00 2.4297E-10 3.6597E-09 1.3701E-08 4.1131E-08 1.0436E-07 2.1599E-07 3.4955E-07 4.3374E-07 4.2535E-07 3.6626E-07 3.1202E-07 2.7529E-07 2.4425E-07 2.1047E-07 1.7874E-07 1.5459E-07 1.3869E-07 1.2853E-07 1.2031E-07 1.1121E-07 1.0066E-07 8.8853E-08 7.6591E-08 6.4800E-08 5.4703E-08 4.7131E-08 4.1909E-08 3.8453E-08 3.6246E-08 3.4672E-08 3.3528E-08 3.2634E-08 3.1779E-08 3.0983E-08 3.0184E-08 2.9362E-08 2.8514E-08 2.7626E-08 2.6699E-08 2.5752E-08 2.4794E-08 2.3809E-08 2.2807E-08 2.1800E-08 2.0784E-08 1.9774E-08 1.8796E-08
0.0000E+00 0.0000E+00 0.0000E+00 0.0000E+00 0.0000E+00 0.0000E+00 0.0000E+00 0.0000E+00 0.0000E+00 0.0000E+00 0.0000E+00 4.4400E-10 6.2452E-09 2.3898E-08 7.4197E-08 1.8446E-07 3.4904E-07 4.8170E-07 4.8814E-07 4.0801E-07 3.3780E-07 2.9669E-07 2.6611E-07 2.2940E-07 1.9354E-07 1.6529E-07 1.4733E-07 1.3657E-07 1.2867E-07 1.1984E-07 1.0919E-07 9.6696E-08 8.3587E-08 7.0593E-08 5.9189E-08 5.0570E-08 4.4558E-08 4.0570E-08 3.8088E-08 3.6390E-08 3.5240E-08 3.4323E-08 3.3470E-08 3.2686E-08 3.1896E-08 3.1079E-08 3.0234E-08 2.9345E-08 2.8415E-08 2.7462E-08 2.6491E-08 2.5485E-08 2.4458E-08 2.3421E-08 2.2375E-08 2.1323E-08 2.0308E-08
0.0000E+00 0.0000E+00 0.0000E+00 0.0000E+00 0.0000E+00 0.0000E+00 0.0000E+00 0.0000E+00 0.0000E+00 0.0000E+00 0.0000E+00 0.0000E+00 8.7044E-10 1.0448E-08 4.3983E-08 1.3839E-07 3.2417E-07 5.2267E-07 5.6644E-07 4.6150E-07 3.6534E-07 3.1835E-07 2.8903E-07 2.4989E-07 2.0949E-07 1.7565E-07 1.5456E-07 1.4281E-07 1.3503E-07 1.2660E-07 1.1609E-07 1.0311E-07 8.9388E-08 7.5547E-08 6.2930E-08 5.3245E-08 4.6465E-08 4.2060E-08 3.9393E-08 3.7665E-08 3.6536E-08 3.5647E-08 3.4835E-08 3.4092E-08 3.3336E-08 3.2554E-08 3.1735E-08 3.0876E-08 2.9952E-08 2.9013E-08 2.8045E-08 2.7037E-08 2.6000E-08 2.4949E-08 2.3883E-08 2.2806E-08 2.1767E-08
0.0000E+00 0.0000E+00 0.0000E+00 0.0000E+00 0.0000E+00 0.0000E+00 0.0000E+00 0.0000E+00 0.0000E+00 0.0000E+00 0.0000E+00 0.0000E+00 3.3168E-12 1.6128E-09 1.9417E-08 8.6046E-08 2.6743E-07 5.4461E-07 6.6954E-07 5.3402E-07 3.9620E-07 3.4039E-07 3.1167E-07 2.7045E-07 2.2395E-07 1.8303E-07 1.5758E-07 1.4425E-07 1.3671E-07 1.2874E-07 1.1879E-07 1.0594E-07 9.2159E-08 7.8029E-08 6.4926E-08 5.4572E-08 4.7347E-08 4.2770E-08 4.0083E-08 3.8403E-08 3.7368E-08 3.6565E-08 3.5816E-08 3.5147E-08 3.4456E-08 3.3731E-08 3.2968E-08 3.2155E-08 3.1268E-08 3.0366E-08 2.9420E-08 2.8426E-08 2.7400E-08 2.6352E-08 2.5287E-08 2.4197E-08 2.3145E-08
0.0000E+00 0.0000E+00 0.0000E+00 0.0000E+00 0.0000E+00 0.0000E+00 0.0000E+00 0.0000E+00 0.0000E+00 0.0000E+00 0.0000E+00 0.0000E+00 0.0000E+00 5.1380E-11 3.2189E-09 3.9496E-08 1.8165E-07 5.0982E-07 7.6828E-07 6.2336E-07 4.2044E-07 3.5666E-07 3.2607E-07 2.8136E-07 2.2617E-07 1.7842E-07 1.4939E-07 1.3546E-07 1.2879E-07 1.2225E-07 1.1396E-07 1.0266E-07 8.9954E-08 7.6736E-08 6.4006E-08 5.3855E-08 4.6846E-08 4.2512E-08 4.0054E-08 3.8561E-08 3.7680E-08 3.7008E-08 3.6380E-08 3.5814E-08 3.5219E-08 3.4580E-08 3.3891E-08 3.3149E-08 3.2330E-08 3.1481E-08 3.0579E-08 2.9621E-08 2.8624E-08 2.7597E-08 2.6545E-08 2.5466E-08 2.4417E-08
0.0000E+00 0.0000E+00 0.0000E+00 0.0000E+00 0.0000E+00 0.0000E+00 0.0000E+00 0.0000E+00 0.0000E+00 0.0000E+00 0.0000E+00 0.0000E+00 0.0000E+00 6.8531E-12 1.3976E-10 1.0227E-08 8.7199E-08 3.9523E-07 8.3225E-07 7.0943E-07 4.0927E-07 3.4349E-07 3.0993E-07 2.6013E-07 1.9888E-07 1.5042E-07 1.2329E-07 1.1213E-07 1.0824E-07 1.0466E-07 9.9511E-08 9.1487E-08 8.1633E-08 7.0884E-08 5.9873E-08 5.0943E-08 4.4921E-08 4.1260E-08 3.9258E-08 3.8105E-08 3.7452E-08 3.6962E-08 3.6496E-08 3.6071E-08 3.5596E-08 3.5071E-08 3.4487E-08 3.3836E-08 3.3103E-08 3.2332E-08 3.1492E-08 3.0592E-08 2.9643E-08 2.8655E-08 2.7637E-08 2.6584E-08 2.5554E-08
0.0000E+00 0.0000E+00 0.0000E+00 0.0000E+00 0.0000E+00 0.0000E+00 0.0000E+00 0.0000E+00 0.0000E+00 0.0000E+00 0.0000E+00 0.0000E+00 0.0000E+00 2.1064E-13 2.3989E-11 2.5368E-10 2.2403E-08 2.0593E-07 7.6336E-07 8.0415E-07 3.2635E-07 2.6531E-07 2.3812E-07 1.8988E-07 1.3767E-07 1.0048E-07 8.2983E-08 7.8098E-08 7.8297E-08 7.8584E-08 7.7428E-08 7.3764E-08 6.7976E-08 6.0803E-08 5.2896E-08 4.6221E-08 4.1780E-08 3.9172E-08 3.7790E-08 3.7066E-08 3.6700E-08 3.6434E-08 3.6162E-08 3.5900E-08 3.5577E-08 3.5187E-08 3.4730E-08 3.4199E-08 3.3571E-08 3.2893E-08 3.2138E-08 3.1314E-08 3.0433E-08 2.9504E-08 2.8535E-08 2.7531E-08 2.6535E-08
0.0000E+00 0.0000E+00 0.0000E+00 0.0000E+00 0.0000E+00 0.0000E+00 0.0000E+00 0.0000E+00 0.0000E+00 0.0000E+00 0.0000E+00 0.0000E+00 0.0000E+00 0.0000E+00 1.3146E-11 5.3376E-11 2.4444E-10 5.0898E-08 5.3863E-07 1.0128E-06 2.3845E-07 1.3952E-07 1.2823E-07 9.6681E-08 6.7241E-08 4.9816E-08 4.3907E-08 4.4895E-08 4.8217E-08 5.1440E-08 5.3599E-08 5.3935E-08 5.2273E-08 4.8889E-08 4.4380E-08 4.0468E-08 3.7841E-08 3.6419E-08 3.5759E-08 3.5514E-08 3.5471E-08 3.5452E-08 3.5406E-08 3.5322E-08 3.5164E-08 3.4933E-08 3.4618E-08 3.4219E-08 3.3720E-08 3.3153E-08 3.2501E-08 3.1772E-08 3.0975E-08 3.0122E-08 2.9223E-08 2.8283E-08 2.7338E-08
0.0000E+00 0.0000E+00 0.0000E+00 0.0000E+00 0.0000E+00 0.0000E+00 0.0000E+00 0.0000E+00 0.0000E+00 0.0000E+00 0.0000E+00 0.0000E+00 0.0000E+00 0.0000E+00 4.5338E-13 3.2520E-11 9.2960E-11 3.3673E-10 1.9988E-07 1.2262E-06 3.1677E-07 4.5467E-08 4.2325E-08 3.1377E-08 2.1775E-08 1.8067E-08 1.8907E-08 2.2041E-08 2.6158E-08 3.0263E-08 3.3956E-08 3.6727E-08 3.8070E-08 3.7761E-08 3.6170E-08 3.4637E-08 3.3648E-08 3.3307E-08 3.3335E-08 3.3559E-08 3.3838E-08 3.4072E-08 3.4254E-08 3.4366E-08 3.4387E-08 3.4321E-08 3.4166E-08 3.3908E-08 3.3548E-08 3.3109E-08 3.2574E-08 3.1955E-08 3.1259E-08 3.0500E-08 2.9685E-08 2.8825E-08 2.7944E-08
0.0000E+00 0.0000E+00 0.0000E+00 0.0000E+00 0.0000E+00 0.0000E+00 0.0000E+00 0.0000E+00 0.0000E+00 0.0000E+00 0.0000E+00 0.0000E+00 0.0000E+00 0.0000E+00 0.0000E+00 1.3559E-11 6.1515E-11 1.4552E-10 3.2393E-08 1.0090E-06 6.8428E-07 8.8209E-09 8.3159E-09 6.3949E-09 5.1532E-09 5.6659E-09 7.6428E-09 1.0555E-08 1.3807E-08 1.7353E-08 2.1050E-08 2.4554E-08 2.7306E-08 2.8841E-08 2.9264E-08 2.9400E-08 2.9658E-08 3.0123E-08 3.0712E-08 3.1325E-08 3.1887E-08 3.2367E-08 3.2767E-08 3.3070E-08 3.3277E-08 3.3382E-08 3.3385E-08 3.3282E-08 3.3069E-08 3.2766E-08 3.2360E-08 3.1861E-08 3.1281E-08 3.0630E-08 2.9912E-08 2.9147E-08 2.8347E-08
0.0000E+00 0.0000E+00 0.0000E+00 0.0000E+00 0.0000E+00 0.0000E+00 0.0000E+00 0.0000E+00 0.0000E+00 0.0000E+00 0.0000E+00 0.0000E+00 0.0000E+00 0.0000E+00 0.0000E+00 0.0000E+00 3.4757E-11 1.0057E-10 2.0809E-10 4.4343E-07 1.4258E-06 2.0302E-09 1.5309E-09 1.6383E-09 2.1555E-09 2.9535E-09 4.1601E-09 5.9330E-09 8.1049E-09 1.0797E-08 1.3817E-08 1.7088E-08 2.0132E-08 2.2418E-08 2.3894E-08 2.4994E-08 2.6016E-08 2.7026E-08 2.8009E-08 2.8914E-08 2.9716E-08 3.0414E-08 3.1010E-08 3.1496E-08 3.1873E-08 3.2146E-08 3.2310E-08 3.2359E-08 3.2301E-08 3.2138E-08 3.1868E-08 3.1501E-08 3.1047E-08 3.0511E-08 2.9904E-08 2.9243E-08 2.8537E-08
0.0000E+00 0.0000E+00 0.0000E+00 0.0000E+00 0.0000E+00 0.0000E+00 0.0000E+00 0.0000E+00 0.0000E+00 0.0000E+00 0.0000E+00 0.0000E+00 0.0000E+00 0.0000E+00 0.0000E+00 0.0000E+00 8.4629E-12 6.4403E-11 1.5004E-10 5.8766E-08 2.0727E-06 7.6656E-08 9.5745E-10 1.3321E-09 1.8610E-09 2.5034E-09 3.3108E-09 4.3597E-09 5.7523E-09 7.5790E-09 1.0024E-08 1.2730E-08 1.5541E-08 1.7971E-08 1.9842E-08 2.1370E-08 2.2775E-08 2.4098E-08 2.5319E-08 2.6424E-08 2.7415E-08 2.8292E-08 2.9053E-08 2.9700E-08 3.0238E-08 3.0664E-08 3.0979E-08 3.1179E-08 3.1271E-08 3.1250E-08 3.1119E-08 3.0887E-08 3.0563E-08 3.0153E-08 2.9663E-08 2.9118E-08 2.8516E-08
0.0000E+00 0.0000E+00 0.0000E+00 0.0000E+00 0.0000E+00 0.0000E+00 0.0000E+00 0.0000E+00 0.0000E+00 0.0000E+00 0.0000E+00 0.0000E+00 0.0000E+00 0.0000E+00 0.0000E+00 0.0000E+00 0.0000E+00 2.7849E-11 1.0310E-10 2.1748E-10 1.3725E-06 3.9236E-07 8.2893E-10 1.1467E-09 1.5780E-09 2.1526E-09 2.8516E-09 3.7317E-09 4.8442E-09 6.2036E-09 7.9583E-09 1.0124E-08 1.2511E-08 1.4772E-08 1.6699E-08 1.8366E-08 1.9912E-08 2.1365E-08 2.2704E-08 2.3936E-08 2.5058E-08 2.6064E-08 2.6960E-08 2.7742E-08 2.8417E-08 2.8984E-08 2.9438E-08 2.9779E-08 3.0012E-08 3.0128E-08 3.0136E-08 3.0041E-08 2.9848E-08 2.9566E-08 2.9203E-08 2.8777E-08 2.8286E-08
