Assets/Resources/2015_m01_d29_0100(utc+0800)_l00_csi_1hr_conc.grd
DSAA
         159         159
     -79.000      79.000
     -79.000      79.000
  0.0000E+00  0.1084E-04
[rows 25 to 49 of 159, columns 0 to 56 of 159]
8.5897E-11 9.7868E-11 1.0976E-10 1.2547E-10 1.4805E-10 1.7540E-10 2.0209E-10 2.3038E-10 2.6301E-10 2.9464E-10 3.3217E-10 3.7209E-10 4.1479E-10 4.6016E-10 5.1207E-10 5.6584E-10 6.2647E-10 6.9254E-10 7.6244E-10 8.4065E-10 9.2199E-10 1.0093E-09 1.1008E-09 1.1986E-09 1.3025E-09 1.4133E-09 1.5292E-09 1.6508E-09 1.7778E-09 1.9098E-09 2.0464E-09 2.1869E-09 2.3306E-09 2.4785E-09 2.6278E-09 2.7804E-09 2.9343E-09 3.0903E-09 3.2466E-09 3.4023E-09 3.5593E-09 3.7132E-09 3.8674E-09 4.0165E-09 4.1665E-09 4.3089E-09 4.4531E-09 4.5900E-09 4.7250E-09 4.8563E-09 4.9837E-09 5.1076E-09 5.2294E-09 5.3458E-09 5.4595E-09 5.5690E-09 5.6731E-09
8.3077E-11 9.4752E-11 1.0630E-10 1.2168E-10 1.3868E-10 1.6453E-10 1.9259E-10 2.2039E-10 2.5079E-10 2.8182E-10 3.1784E-10 3.5691E-10 3.9788E-10 4.4131E-10 4.9117E-10 5.4266E-10 6.0092E-10 6.6428E-10 7.2989E-10 8.0652E-10 8.8465E-10 9.6676E-10 1.0555E-09 1.1487E-09 1.2481E-09 1.3543E-09 1.4659E-09 1.5835E-09 1.7066E-09 1.8349E-09 1.9681E-09 2.1058E-09 2.2474E-09 2.3928E-09 2.5411E-09 2.6917E-09 2.8468E-09 3.0037E-09 3.1615E-09 3.3199E-09 3.4789E-09 3.6396E-09 3.7958E-09 3.9533E-09 4.1075E-09 4.2620E-09 4.4112E-09 4.5580E-09 4.7025E-09 4.8434E-09 4.9814E-09 5.1180E-09 5.2497E-09 5.3796E-09 5.5062E-09 5.6281E-09 5.7470E-09
8.0129E-11 9.1449E-11 1.0268E-10 1.1767E-10 1.3274E-10 1.5264E-10 1.7983E-10 2.0896E-10 2.3958E-10 2.6998E-10 3.0451E-10 3.4104E-10 3.8114E-10 4.2264E-10 4.7051E-10 5.1980E-10 5.7576E-10 6.3642E-10 6.9924E-10 7.7290E-10 8.4783E-10 9.2682E-10 1.0121E-09 1.1012E-09 1.1962E-09 1.2976E-09 1.4044E-09 1.5171E-09 1.6361E-09 1.7605E-09 1.8901E-09 2.0246E-09 2.1634E-09 2.3064E-09 2.4540E-09 2.6036E-09 2.7572E-09 2.9157E-09 3.0748E-09 3.2364E-09 3.3992E-09 3.5613E-09 3.7224E-09 3.8833E-09 4.0434E-09 4.2030E-09 4.3599E-09 4.5167E-09 4.6697E-09 4.8207E-09 4.9709E-09 5.1171E-09 5.2620E-09 5.4043E-09 5.5437E-09 5.6804E-09 5.8132E-09
7.7070E-11 8.8036E-11 9.8914E-11 1.1348E-10 1.2815E-10 1.4443E-10 1.6534E-10 1.9572E-10 2.2776E-10 2.5658E-10 2.9045E-10 3.2623E-10 3.6456E-10 4.0424E-10 4.5017E-10 4.9730E-10 5.5097E-10 6.0620E-10 6.6911E-10 7.3984E-10 8.1165E-10 8.8765E-10 9.6956E-10 1.0553E-09 1.1469E-09 1.2436E-09 1.3454E-09 1.4533E-09 1.5673E-09 1.6874E-09 1.8130E-09 1.9437E-09 2.0795E-09 2.2199E-09 2.3655E-09 2.5149E-09 2.6680E-09 2.8263E-09 2.9863E-09 3.1496E-09 3.3165E-09 3.4784E-09 3.6459E-09 3.8080E-09 3.9755E-09 4.1382E-09 4.3030E-09 4.4655E-09 4.6278E-09 4.7896E-09 4.9494E-09 5.1077E-09 5.2651E-09 5.4201E-09 5.5735E-09 5.7239E-09 5.8723E-09
7.3876E-11 8.4516E-11 9.4988E-11 1.0915E-10 1.2337E-10 1.3918E-10 1.5641E-10 1.8027E-10 2.1410E-10 2.4268E-10 2.7663E-10 3.1080E-10 3.4738E-10 3.8616E-10 4.3015E-10 4.7516E-10 5.2657E-10 5.7939E-10 6.3956E-10 7.0731E-10 7.7608E-10 8.4916E-10 9.2772E-10 1.0099E-09 1.0980E-09 1.1907E-09 1.2888E-09 1.3923E-09 1.5011E-09 1.6160E-09 1.7372E-09 1.8642E-09 1.9966E-09 2.1339E-09 2.2767E-09 2.4254E-09 2.5776E-09 2.7356E-09 2.8964E-09 3.0608E-09 3.2298E-09 3.3975E-09 3.5639E-09 3.7342E-09 3.9016E-09 4.0711E-09 4.2400E-09 4.4089E-09 4.5784E-09 4.7493E-09 4.9187E-09 5.0902E-09 5.2592E-09 5.4273E-09 5.5943E-09 5.7599E-09 5.9226E-09
7.0637E-11 8.0907E-11 9.0976E-11 1.0470E-10 1.1842E-10 1.3375E-10 1.5042E-10 1.6893E-10 1.9693E-10 2.2789E-10 2.6230E-10 2.9567E-10 3.3057E-10 3.6832E-10 4.1046E-10 4.5342E-10 5.0263E-10 5.5311E-10 6.1044E-10 6.7540E-10 7.3986E-10 8.1129E-10 8.8644E-10 9.6520E-10 1.0498E-09 1.1389E-09 1.2332E-09 1.3329E-09 1.4378E-09 1.5481E-09 1.6639E-09 1.7857E-09 1.9140E-09 2.0484E-09 2.1887E-09 2.3350E-09 2.4861E-09 2.6437E-09 2.8041E-09 2.9711E-09 3.1392E-09 3.3108E-09 3.4816E-09 3.6530E-09 3.8249E-09 3.9987E-09 4.1727E-09 4.3477E-09 4.5256E-09 4.7025E-09 4.8828E-09 5.0634E-09 5.2445E-09 5.4259E-09 5.6066E-09 5.7867E-09 5.9628E-09
6.7341E-11 7.7190E-11 8.6887E-11 1.0013E-10 1.1337E-10 1.2817E-10 1.4429E-10 1.6222E-10 1.8311E-10 2.0972E-10 2.4552E-10 2.8006E-10 3.1492E-10 3.4997E-10 3.9112E-10 4.3201E-10 4.7917E-10 5.2724E-10 5.8194E-10 6.4138E-10 7.0566E-10 7.7408E-10 8.4596E-10 9.2130E-10 1.0025E-09 1.0881E-09 1.1787E-09 1.2745E-09 1.3755E-09 1.4820E-09 1.5938E-09 1.7110E-09 1.8339E-09 1.9642E-09 2.1009E-09 2.2444E-09 2.3932E-09 2.5503E-09 2.7105E-09 2.8782E-09 3.0489E-09 3.2195E-09 3.3946E-09 3.5678E-09 3.7449E-09 3.9222E-09 4.1013E-09 4.2827E-09 4.4661E-09 4.6521E-09 4.8395E-09 5.0307E-09 5.2217E-09 5.4158E-09 5.6100E-09 5.8026E-09 5.9953E-09
6.3982E-11 7.3453E-11 8.2741E-11 9.5477E-11 1.0823E-10 1.2248E-10 1.3804E-10 1.5534E-10 1.7559E-10 1.9509E-10 2.2414E-10 2.5984E-10 2.9800E-10 3.3203E-10 3.7210E-10 4.1107E-10 4.5610E-10 5.0192E-10 5.5141E-10 6.1085E-10 6.7221E-10 7.3760E-10 8.0618E-10 8.7845E-10 9.5634E-10 1.0384E-09 1.1255E-09 1.2171E-09 1.3144E-09 1.4171E-09 1.5250E-09 1.6381E-09 1.7571E-09 1.8828E-09 2.0152E-09 2.1546E-09 2.3006E-09 2.4554E-09 2.6150E-09 2.7812E-09 2.9544E-09 3.1264E-09 3.3023E-09 3.4800E-09 3.6590E-09 3.8406E-09 4.0246E-09 4.2127E-09 4.4015E-09 4.5956E-09 4.7928E-09 4.9909E-09 5.1935E-09 5.3980E-09 5.6036E-09 5.8111E-09 6.0178E-09
6.0620E-11 6.9688E-11 7.8526E-11 9.0787E-11 1.0303E-10 1.1673E-10 1.3170E-10 1.4839E-10 1.6797E-10 1.8677E-10 2.1015E-10 2.3747E-10 2.7652E-10 3.1457E-10 3.5266E-10 3.9050E-10 4.3346E-10 4.7714E-10 5.2426E-10 5.8099E-10 6.3944E-10 7.0178E-10 7.6600E-10 8.3667E-10 9.1091E-10 9.8959E-10 1.0732E-09 1.1608E-09 1.2545E-09 1.3533E-09 1.4575E-09 1.5662E-09 1.6814E-09 1.8034E-09 1.9325E-09 2.0679E-09 2.2093E-09 2.3597E-09 2.5181E-09 2.6837E-09 2.8556E-09 3.0300E-09 3.2061E-09 3.3861E-09 3.5681E-09 3.7535E-09 3.9436E-09 4.1356E-09 4.3323E-09 4.5334E-09 4.7370E-09 4.9449E-09 5.1569E-09 5.3732E-09 5.5903E-09 5.8106E-09 6.0291E-09
5.7257E-11 6.5905E-11 7.4323E-11 8.6087E-11 9.7797E-11 1.1095E-10 1.2532E-10 1.4138E-10 1.6026E-10 1.7831E-10 2.0082E-10 2.2401E-10 2.5101E-10 2.8661E-10 3.3286E-10 3.6951E-10 4.1134E-10 4.5288E-10 4.9764E-10 5.5175E-10 6.0597E-10 6.6542E-10 7.2811E-10 7.9558E-10 8.6644E-10 9.4169E-10 1.0215E-09 1.1056E-09 1.1955E-09 1.2906E-09 1.3907E-09 1.4955E-09 1.6069E-09 1.7252E-09 1.8508E-09 1.9827E-09 2.1206E-09 2.2674E-09 2.4219E-09 2.5855E-09 2.7552E-09 2.9290E-09 3.1076E-09 3.2875E-09 3.4719E-09 3.6605E-09 3.8549E-09 4.0533E-09 4.2540E-09 4.4640E-09 4.6754E-09 4.8930E-09 5.1158E-09 5.3384E-09 5.5699E-09 5.7981E-09 6.0320E-09
5.3905E-11 6.2129E-11 7.0142E-11 8.1384E-11 9.2583E-11 1.0518E-10 1.1898E-10 1.3434E-10 1.5248E-10 1.6972E-10 1.9141E-10 2.1373E-10 2.3798E-10 2.6466E-10 3.0017E-10 3.4678E-10 3.8968E-10 4.2908E-10 4.7162E-10 5.2059E-10 5.7328E-10 6.3124E-10 6.9095E-10 7.5533E-10 8.2283E-10 8.9450E-10 9.7081E-10 1.0514E-09 1.1375E-09 1.2286E-09 1.3248E-09 1.4258E-09 1.5334E-09 1.6482E-09 1.7700E-09 1.8979E-09 2.0325E-09 2.1765E-09 2.3273E-09 2.4881E-09 2.6557E-09 2.8258E-09 3.0040E-09 3.1846E-09 3.3705E-09 3.5632E-09 3.7594E-09 3.9622E-09 4.1714E-09 4.3858E-09 4.6061E-09 4.8322E-09 5.0609E-09 5.2981E-09 5.5357E-09 5.7796E-09 6.0215E-09
5.0584E-11 5.8407E-11 6.5993E-11 7.6732E-11 8.7414E-11 9.9463E-11 1.1259E-10 1.2729E-10 1.4467E-10 1.6112E-10 1.8194E-10 2.0324E-10 2.2653E-10 2.5058E-10 2.7948E-10 3.1237E-10 3.6055E-10 4.0575E-10 4.4618E-10 4.9274E-10 5.4276E-10 5.9781E-10 6.5452E-10 7.1445E-10 7.8004E-10 8.4833E-10 9.2115E-10 9.9805E-10 1.0805E-09 1.1677E-09 1.2599E-09 1.3570E-09 1.4610E-09 1.5716E-09 1.6898E-09 1.8141E-09 1.9448E-09 2.0857E-09 2.2335E-09 2.3904E-09 2.5559E-09 2.7243E-09 2.8988E-09 3.0782E-09 3.2643E-09 3.4586E-09 3.6590E-09 3.8636E-09 4.0779E-09 4.2997E-09 4.5248E-09 4.7608E-09 4.9989E-09 5.2448E-09 5.4942E-09 5.7445E-09 6.0020E-09
4.7329E-11 5.4738E-11 6.1917E-11 7.2150E-11 8.2321E-11 9.3780E-11 1.0625E-10 1.2026E-10 1.3682E-10 1.5251E-10 1.7240E-10 1.9275E-10 2.1505E-10 2.3792E-10 2.6569E-10 2.9305E-10 3.2801E-10 3.7033E-10 4.1563E-10 4.6557E-10 5.1035E-10 5.6238E-10 6.1761E-10 6.7590E-10 7.3809E-10 8.0310E-10 8.7243E-10 9.4576E-10 1.0245E-09 1.1078E-09 1.1961E-09 1.2893E-09 1.3894E-09 1.4963E-09 1.6106E-09 1.7309E-09 1.8577E-09 1.9951E-09 2.1398E-09 2.2941E-09 2.4555E-09 2.6214E-09 2.7936E-09 2.9705E-09 3.1550E-09 3.3492E-09 3.5510E-09 3.7617E-09 3.9761E-09 4.2051E-09 4.4392E-09 4.6784E-09 4.9270E-09 5.1791E-09 5.4376E-09 5.7015E-09 5.9670E-09
4.4144E-11 5.1156E-11 5.7931E-11 6.7659E-11 7.7289E-11 8.8111E-11 9.9970E-11 1.1328E-10 1.2905E-10 1.4390E-10 1.6284E-10 1.8227E-10 2.0349E-10 2.2527E-10 2.5183E-10 2.7782E-10 3.0892E-10 3.3983E-10 3.8124E-10 4.3096E-10 4.7724E-10 5.2918E-10 5.8290E-10 6.3802E-10 6.9707E-10 7.5880E-10 8.2468E-10 8.9451E-10 9.6954E-10 1.0490E-09 1.1334E-09 1.2227E-09 1.3188E-09 1.4219E-09 1.5320E-09 1.6487E-09 1.7715E-09 1.9049E-09 2.0464E-09 2.1976E-09 2.3547E-09 2.5180E-09 2.6876E-09 2.8623E-09 3.0465E-09 3.2378E-09 3.4385E-09 3.6502E-09 3.8707E-09 4.0998E-09 4.3375E-09 4.5879E-09 4.8390E-09 5.1037E-09 5.3659E-09 5.6429E-09 5.9202E-09
4.1054E-11 4.7673E-11 5.4044E-11 6.3246E-11 7.2305E-11 8.2559E-11 9.3803E-11 1.0633E-10 1.2131E-10 1.3534E-10 1.5338E-10 1.7183E-10 1.9194E-10 2.1263E-10 2.3792E-10 2.6263E-10 2.9234E-10 3.2168E-10 3.5355E-10 3.9708E-10 4.4227E-10 4.8924E-10 5.4227E-10 5.9692E-10 6.5412E-10 7.1546E-10 7.7804E-10 8.4431E-10 9.1575E-10 9.9160E-10 1.0720E-09 1.1572E-09 1.2493E-09 1.3484E-09 1.4547E-09 1.5671E-09 1.6859E-09 1.8156E-09 1.9522E-09 2.1005E-09 2.2556E-09 2.4140E-09 2.5808E-09 2.7527E-09 2.9348E-09 3.1257E-09 3.3254E-09 3.5335E-09 3.7546E-09 3.9897E-09 4.2287E-09 4.4820E-09 4.7422E-09 5.0112E-09 5.2887E-09 5.5670E-09 5.8551E-09
3.8085E-11 4.4289E-11 5.0250E-11 5.8906E-11 6.7449E-11 7.7132E-11 8.7647E-11 9.9500E-11 1.1372E-10 1.2690E-10 1.4401E-10 1.6140E-10 1.8049E-10 2.0006E-10 2.2404E-10 2.4750E-10 2.7574E-10 3.0361E-10 3.3391E-10 3.6957E-10 4.0614E-10 4.5452E-10 5.0148E-10 5.5468E-10 6.0992E-10 6.6914E-10 7.2970E-10 7.9387E-10 8.6170E-10 9.3538E-10 1.0119E-09 1.0921E-09 1.1810E-09 1.2762E-09 1.3782E-09 1.4865E-09 1.6013E-09 1.7270E-09 1.8591E-09 2.0032E-09 2.1548E-09 2.3097E-09 2.4718E-09 2.6407E-09 2.8201E-09 3.0089E-09 3.2092E-09 3.4183E-09 3.6335E-09 3.8696E-09 4.1143E-09 4.3703E-09 4.6304E-09 4.9094E-09 5.1926E-09 5.4826E-09 5.7753E-09
3.5183E-11 4.1004E-11 4.6564E-11 5.4698E-11 6.2725E-11 7.1755E-11 8.1657E-11 9.2836E-11 1.0618E-10 1.1861E-10 1.3474E-10 1.5115E-10 1.6918E-10 1.8756E-10 2.1033E-10 2.3249E-10 2.5923E-10 2.8564E-10 3.1431E-10 3.4826E-10 3.8212E-10 4.1918E-10 4.6384E-10 5.1225E-10 5.6557E-10 6.2062E-10 6.8051E-10 7.4084E-10 8.0647E-10 8.7635E-10 9.5038E-10 1.0266E-09 1.1127E-09 1.2038E-09 1.3017E-09 1.4057E-09 1.5160E-09 1.6378E-09 1.7660E-09 1.9051E-09 2.0530E-09 2.2040E-09 2.3625E-09 2.5296E-09 2.7039E-09 2.8890E-09 3.0874E-09 3.2966E-09 3.5142E-09 3.7459E-09 3.9900E-09 4.2501E-09 4.5155E-09 4.7992E-09 5.0818E-09 5.3800E-09 5.6868E-09
3.2396E-11 3.7831E-11 4.2973E-11 5.0622E-11 5.8099E-11 6.6548E-11 7.5841E-11 8.6257E-11 9.8842E-11 1.1047E-10 1.2562E-10 1.4108E-10 1.5802E-10 1.7529E-10 1.9681E-10 2.1759E-10 2.4294E-10 2.6787E-10 2.9487E-10 3.2710E-10 3.5906E-10 3.9413E-10 4.3122E-10 4.7470E-10 5.2447E-10 5.7768E-10 6.3330E-10 6.8941E-10 7.5206E-10 8.1813E-10 8.8819E-10 9.6169E-10 1.0411E-09 1.1297E-09 1.2239E-09 1.3249E-09 1.4311E-09 1.5485E-09 1.6724E-09 1.8075E-09 1.9503E-09 2.0973E-09 2.2535E-09 2.4153E-09 2.5868E-09 2.7700E-09 2.9623E-09 3.1696E-09 3.3880E-09 3.6226E-09 3.8630E-09 4.1214E-09 4.3910E-09 4.6757E-09 4.9680E-09 5.2691E-09 5.5818E-09
2.9721E-11 3.4758E-11 3.9530E-11 4.6658E-11 5.3602E-11 6.1516E-11 7.0162E-11 7.9893E-11 9.1692E-11 1.0247E-10 1.1674E-10 1.3123E-10 1.4707E-10 1.6327E-10 1.8350E-10 2.0300E-10 2.2692E-10 2.5027E-10 2.7574E-10 3.0618E-10 3.3633E-10 3.6937E-10 4.0436E-10 4.4210E-10 4.8604E-10 5.3651E-10 5.8811E-10 6.4278E-10 7.0030E-10 7.6203E-10 8.2902E-10 8.9771E-10 9.7284E-10 1.0559E-09 1.1466E-09 1.2433E-09 1.3448E-09 1.4576E-09 1.5772E-09 1.7096E-09 1.8473E-09 1.9900E-09 2.1420E-09 2.2997E-09 2.4688E-09 2.6483E-09 2.8405E-09 3.0390E-09 3.2554E-09 3.4906E-09 3.7335E-09 3.9939E-09 4.2628E-09 4.5489E-09 4.8440E-09 5.1509E-09 5.4677E-09
2.7162E-11 3.1820E-11 3.6206E-11 4.2830E-11 4.9296E-11 5.6652E-11 6.4649E-11 7.3725E-11 8.4728E-11 9.4748E-11 1.0810E-10 1.2157E-10 1.3643E-10 1.5155E-10 1.7048E-10 1.8875E-10 2.1120E-10 2.3307E-10 2.5694E-10 2.8561E-10 3.1401E-10 3.4497E-10 3.7786E-10 4.1363E-10 4.5209E-10 4.9578E-10 5.4680E-10 5.9713E-10 6.5349E-10 7.1166E-10 7.7329E-10 8.3715E-10 9.0817E-10 9.8518E-10 1.0731E-09 1.1644E-09 1.2614E-09 1.3702E-09 1.4848E-09 1.6112E-09 1.7443E-09 1.8822E-09 2.0299E-09 2.1844E-09 2.3493E-09 2.5268E-09 2.7153E-09 2.9144E-09 3.1249E-09 3.3573E-09 3.5989E-09 3.8608E-09 4.1291E-09 4.4173E-09 4.7123E-09 5.0222E-09 5.3424E-09
2.4698E-11 2.9002E-11 3.3034E-11 3.9177E-11 4.5158E-11 5.1923E-11 5.9356E-11 6.7777E-11 7.7983E-11 8.7280E-11 9.9686E-11 1.1226E-10 1.2610E-10 1.4008E-10 1.5785E-10 1.7487E-10 1.9584E-10 2.1628E-10 2.3862E-10 2.6555E-10 2.9217E-10 3.2115E-10 3.5203E-10 3.8576E-10 4.2184E-10 4.6095E-10 5.0571E-10 5.5490E-10 6.0805E-10 6.6274E-10 7.2082E-10 7.8162E-10 8.4608E-10 9.1867E-10 1.0025E-09 1.0898E-09 1.1837E-09 1.2867E-09 1.3964E-09 1.5181E-09 1.6463E-09 1.7794E-09 1.9229E-09 2.0728E-09 2.2329E-09 2.4053E-09 2.5900E-09 2.7859E-09 2.9952E-09 3.2222E-09 3.4605E-09 3.7210E-09 3.9882E-09 4.2766E-09 4.5740E-09 4.8855E-09 5.2066E-09
2.2364E-11 2.6338E-11 2.9991E-11 3.5687E-11 4.1180E-11 4.7419E-11 5.4281E-11 6.2015E-11 7.1519E-11 8.0095E-11 9.1609E-11 1.0328E-10 1.1607E-10 1.2906E-10 1.4562E-10 1.6134E-10 1.8097E-10 2.0001E-10 2.2078E-10 2.4604E-10 2.7095E-10 2.9812E-10 3.2683E-10 3.5847E-10 3.9239E-10 4.2927E-10 4.6882E-10 5.1426E-10 5.6363E-10 6.1616E-10 6.6989E-10 7.2770E-10 7.8726E-10 8.5472E-10 9.3243E-10 1.0182E-09 1.1077E-09 1.2059E-09 1.3103E-09 1.4272E-09 1.5504E-09 1.6782E-09 1.8172E-09 1.9622E-09 2.1173E-09 2.2854E-09 2.4636E-09 2.6558E-09 2.8614E-09 3.0855E-09 3.3198E-09 3.5780E-09 3.8422E-09 4.1288E-09 4.4258E-09 4.7380E-09 5.0621E-09
2.0066E-11 2.3774E-11 2.7115E-11 3.2365E-11 3.7374E-11 4.3126E-11 4.9418E-11 5.6539E-11 6.5332E-11 7.3158E-11 8.3860E-11 9.4626E-11 1.0647E-10 1.1845E-10 1.3377E-10 1.4835E-10 1.6663E-10 1.8427E-10 2.0359E-10 2.2722E-10 2.5046E-10 2.7585E-10 3.0231E-10 3.3194E-10 3.6388E-10 3.9833E-10 4.3554E-10 4.7433E-10 5.2032E-10 5.6976E-10 6.2232E-10 6.7544E-10 7.3106E-10 7.9265E-10 8.6554E-10 9.4573E-10 1.0324E-09 1.1266E-09 1.2261E-09 1.3377E-09 1.4556E-09 1.5789E-09 1.7129E-09 1.8521E-09 2.0019E-09 2.1648E-09 2.3366E-09 2.5233E-09 2.7240E-09 2.9443E-09 3.1761E-09 3.4289E-09 3.6907E-09 3.9763E-09 4.2709E-09 4.5817E-09 4.9059E-09
3.8566E-12 2.1279E-11 2.4403E-11 2.9182E-11 3.3784E-11 3.9051E-11 4.4780E-11 5.1331E-11 5.9419E-11 6.6577E-11 7.6461E-11 8.6340E-11 9.7270E-11 1.0826E-10 1.2246E-10 1.3590E-10 1.5285E-10 1.6918E-10 1.8710E-10 2.0913E-10 2.3076E-10 2.5440E-10 2.7879E-10 3.0644E-10 3.3626E-10 3.6831E-10 4.0330E-10 4.3968E-10 4.7843E-10 5.2549E-10 5.7473E-10 6.2491E-10 6.7757E-10 7.3410E-10 8.0090E-10 8.7612E-10 9.5843E-10 1.0491E-09 1.1435E-09 1.2497E-09 1.3631E-09 1.4800E-09 1.6085E-09 1.7419E-09 1.8863E-09 2.0445E-09 2.2109E-09 2.3924E-09 2.5858E-09 2.8011E-09 3.0272E-09 3.2758E-09 3.5336E-09 3.8164E-09 4.1093E-09 4.4191E-09 4.7420E-09
3.2523E-12 4.9546E-12 2.1488E-11 2.6188E-11 3.0381E-11 3.5161E-11 4.0413E-11 4.6400E-11 5.3792E-11 6.0334E-11 6.9408E-11 7.8472E-11 8.8496E-11 9.8542E-11 1.1168E-10 1.2401E-10 1.3972E-10 1.5479E-10 1.7136E-10 1.9185E-10 2.1189E-10 2.3386E-10 2.5630E-10 2.8175E-10 3.0969E-10 3.3945E-10 3.7208E-10 4.0621E-10 4.4205E-10 4.8162E-10 5.2729E-10 5.7645E-10 6.2585E-10 6.7690E-10 7.3719E-10 8.0923E-10 8.8603E-10 9.7341E-10 1.0636E-09 1.1644E-09 1.2714E-09 1.3827E-09 1.5063E-09 1.6337E-09 1.7723E-09 1.9239E-09 2.0848E-09 2.2601E-09 2.4469E-09 2.6564E-09 2.8778E-09 3.1206E-09 3.3736E-09 3.6523E-09 3.9415E-09 4.2482E-09 4.5704E-09
