Assets/Resources/2015_m01_d16_2200(utc+0800)_l00_csi_1hr_conc.grd
DSAA
         159         159
     -79.000      79.000
     -79.000      79.000
  0.0000E+00  0.4756E-05
[rows 0 to 24 of 159, columns 57 to 113 of 159]
3.7670E-10 5.3701E-10 7.4869E-10 1.0126E-09 1.3415E-09 1.7405E-09 2.2092E-09 2.7437E-09 3.3385E-09 3.9813E-09 4.6558E-09 5.3400E-09 6.0093E-09 6.6373E-09 7.1975E-09 7.6644E-09 8.0177E-09 8.2418E-09 8.3281E-09 8.2739E-09 8.0828E-09 7.7684E-09 7.3497E-09 6.8457E-09 6.2758E-09 5.6646E-09 5.0381E-09 4.4161E-09 3.8137E-09 3.2463E-09 2.7256E-09 2.2556E-09 1.8417E-09 1.4834E-09 1.1780E-09 9.2347E-10 7.1421E-10 5.4435E-10 4.0909E-10 3.0209E-10 2.1962E-10 1.5512E-10 1.0657E-10 6.8000E-11 4.0245E-11 2.3497E-11 1.0555E-11 4.2964E-12 1.1672E-12 0.0000E+00 0.0000E+00 0.0000E+00 0.0000E+00 0.0000E+00 0.0000E+00 0.0000E+00 0.0000E+00
4.2854E-10 6.0921E-10 8.4431E-10 1.1447E-09 1.5135E-09 1.9559E-09 2.4758E-09 3.0704E-09 3.7296E-09 4.4384E-09 5.1780E-09 5.9239E-09 6.6486E-09 7.3223E-09 7.9167E-09 8.4049E-09 8.7658E-09 8.9808E-09 9.0437E-09 8.9562E-09 8.7216E-09 8.3545E-09 7.8724E-09 7.3014E-09 6.6705E-09 6.0004E-09 5.3158E-09 4.6400E-09 3.9924E-09 3.3855E-09 2.8307E-09 2.3342E-09 1.8978E-09 1.5229E-09 1.2054E-09 9.4101E-10 7.2443E-10 5.5033E-10 4.1239E-10 3.0345E-10 2.1915E-10 1.5325E-10 1.0505E-10 6.6590E-11 3.8847E-11 2.1861E-11 9.9467E-12 3.5583E-12 7.2015E-13 0.0000E+00 0.0000E+00 0.0000E+00 0.0000E+00 0.0000E+00 0.0000E+00 0.0000E+00 0.0000E+00
4.8311E-10 6.8947E-10 9.5289E-10 1.2842E-09 1.6957E-09 2.1894E-09 2.7661E-09 3.4198E-09 4.1422E-09 4.9169E-09 5.7214E-09 6.5275E-09 7.3048E-09 8.0211E-09 8.6447E-09 9.1467E-09 9.5049E-09 9.7049E-09 9.7380E-09 9.6050E-09 9.3150E-09 8.8892E-09 8.3474E-09 7.7129E-09 7.0151E-09 6.2841E-09 5.5456E-09 4.8212E-09 4.1305E-09 3.4888E-09 2.9045E-09 2.3855E-09 1.9321E-09 1.5431E-09 1.2163E-09 9.4619E-10 7.2564E-10 5.4898E-10 4.0851E-10 2.9971E-10 2.1510E-10 1.4939E-10 1.0168E-10 6.2911E-11 3.6360E-11 1.9714E-11 8.8942E-12 2.3869E-12 2.4447E-14 0.0000E+00 0.0000E+00 0.0000E+00 0.0000E+00 0.0000E+00 0.0000E+00 0.0000E+00 0.0000E+00
5.4806E-10 7.7310E-10 1.0684E-09 1.4408E-09 1.8950E-09 2.4374E-09 3.0708E-09 3.7876E-09 4.5752E-09 5.4138E-09 6.2793E-09 7.1413E-09 7.9651E-09 8.7159E-09 9.3603E-09 9.8697E-09 1.0219E-08 1.0394E-08 1.0390E-08 1.0208E-08 9.8619E-09 9.3698E-09 8.7583E-09 8.0596E-09 7.3009E-09 6.5117E-09 5.7208E-09 4.9521E-09 4.2240E-09 3.5521E-09 2.9449E-09 2.4069E-09 1.9414E-09 1.5444E-09 1.2118E-09 9.3792E-10 7.1606E-10 5.3972E-10 3.9968E-10 2.9176E-10 2.0728E-10 1.4259E-10 9.5482E-11 5.8229E-11 3.2479E-11 1.6948E-11 7.2783E-12 1.2522E-12 0.0000E+00 0.0000E+00 0.0000E+00 0.0000E+00 0.0000E+00 0.0000E+00 0.0000E+00 0.0000E+00 0.0000E+00
6.1275E-10 8.7057E-10 1.1954E-09 1.6044E-09 2.1075E-09 2.7059E-09 3.3985E-09 4.1773E-09 5.0287E-09 5.9313E-09 6.8560E-09 7.7690E-09 8.6338E-09 9.4129E-09 1.0068E-08 1.0572E-08 1.0901E-08 1.1041E-08 1.0988E-08 1.0748E-08 1.0338E-08 9.7812E-09 9.1030E-09 8.3368E-09 7.5168E-09 6.6737E-09 5.8361E-09 5.0286E-09 4.2696E-09 3.5728E-09 2.9490E-09 2.3997E-09 1.9256E-09 1.5245E-09 1.1908E-09 9.1758E-10 6.9765E-10 5.2228E-10 3.8437E-10 2.7907E-10 1.9691E-10 1.3409E-10 8.7191E-11 5.2046E-11 2.7938E-11 1.3808E-11 4.5692E-12 1.6009E-13 0.0000E+00 0.0000E+00 0.0000E+00 0.0000E+00 0.0000E+00 0.0000E+00 0.0000E+00 0.0000E+00 0.0000E+00
6.8735E-10 9.6980E-10 1.3326E-09 1.7866E-09 2.3366E-09 2.9886E-09 3.7420E-09 4.5856E-09 5.5013E-09 6.4638E-09 7.4423E-09 8.3998E-09 9.2959E-09 1.0092E-08 1.0751E-08 1.1242E-08 1.1541E-08 1.1636E-08 1.1526E-08 1.1222E-08 1.0743E-08 1.0112E-08 9.3656E-09 8.5373E-09 7.6594E-09 6.7673E-09 5.8884E-09 5.0477E-09 4.2655E-09 3.5523E-09 2.9158E-09 2.3617E-09 1.8859E-09 1.4859E-09 1.1547E-09 8.8461E-10 6.6935E-10 4.9847E-10 3.6454E-10 2.6247E-10 1.8333E-10 1.2359E-10 7.7655E-11 4.4036E-11 2.2794E-11 9.6748E-12 1.8566E-12 0.0000E+00 0.0000E+00 0.0000E+00 0.0000E+00 0.0000E+00 0.0000E+00 0.0000E+00 0.0000E+00 0.0000E+00 0.0000E+00
7.6547E-10 1.0833E-09 1.4807E-09 1.9776E-09 2.5815E-09 3.2938E-09 4.1090E-09 5.0147E-09 5.9928E-09 7.0136E-09 8.0416E-09 9.0365E-09 9.9567E-09 1.0759E-08 1.1405E-08 1.1867E-08 1.2124E-08 1.2165E-08 1.1992E-08 1.1617E-08 1.1064E-08 1.0362E-08 9.5466E-09 8.6559E-09 7.7248E-09 6.7886E-09 5.8769E-09 5.0114E-09 4.2108E-09 3.4893E-09 2.8495E-09 2.2952E-09 1.8231E-09 1.4283E-09 1.1045E-09 8.4210E-10 6.3292E-10 4.6800E-10 3.3960E-10 2.4274E-10 1.6819E-10 1.0876E-10 6.5337E-11 3.5727E-11 1.7468E-11 5.1665E-12 0.0000E+00 0.0000E+00 0.0000E+00 0.0000E+00 0.0000E+00 0.0000E+00 0.0000E+00 0.0000E+00 0.0000E+00 0.0000E+00 0.0000E+00
8.5119E-10 1.2013E-09 1.6417E-09 2.1869E-09 2.8437E-09 3.6138E-09 4.4918E-09 5.4623E-09 6.5011E-09 7.5753E-09 8.6467E-09 9.6714E-09 1.0604E-08 1.1402E-08 1.2029E-08 1.2453E-08 1.2655E-08 1.2628E-08 1.2381E-08 1.1929E-08 1.1298E-08 1.0522E-08 9.6410E-09 8.6916E-09 7.7142E-09 6.7405E-09 5.8009E-09 4.9200E-09 4.1111E-09 3.3858E-09 2.7502E-09 2.2024E-09 1.7403E-09 1.3556E-09 1.0414E-09 7.8948E-10 5.8976E-10 4.3318E-10 3.1126E-10 2.2020E-10 1.5047E-10 9.0426E-11 5.2690E-11 2.7387E-11 1.0431E-11 9.2827E-13 0.0000E+00 0.0000E+00 0.0000E+00 0.0000E+00 0.0000E+00 0.0000E+00 0.0000E+00 0.0000E+00 0.0000E+00 0.0000E+00 0.0000E+00
9.4438E-10 1.3306E-09 1.8142E-09 2.4080E-09 3.1223E-09 3.9559E-09 4.8986E-09 5.9314E-09 7.0284E-09 8.1523E-09 9.2603E-09 1.0306E-08 1.1242E-08 1.2022E-08 1.2611E-08 1.2982E-08 1.3119E-08 1.3020E-08 1.2691E-08 1.2154E-08 1.1443E-08 1.0595E-08 9.6497E-09 8.6469E-09 7.6272E-09 6.6257E-09 5.6678E-09 4.7762E-09 3.9680E-09 3.2484E-09 2.6227E-09 2.0875E-09 1.6386E-09 1.2693E-09 9.6954E-10 7.3003E-10 5.4093E-10 3.9410E-10 2.8042E-10 1.9642E-10 1.2760E-10 7.3181E-11 4.0836E-11 1.7921E-11 3.9037E-12 0.0000E+00 0.0000E+00 0.0000E+00 0.0000E+00 0.0000E+00 0.0000E+00 0.0000E+00 0.0000E+00 0.0000E+00 0.0000E+00 0.0000E+00 0.0000E+00
1.0450E-09 1.4664E-09 1.9982E-09 2.6464E-09 3.4191E-09 4.3150E-09 5.3218E-09 6.4179E-09 7.5709E-09 8.7404E-09 9.8792E-09 1.0937E-08 1.1865E-08 1.2619E-08 1.3163E-08 1.3469E-08 1.3525E-08 1.3336E-08 1.2918E-08 1.2297E-08 1.1505E-08 1.0583E-08 9.5755E-09 8.5266E-09 7.4721E-09 6.4474E-09 5.4809E-09 4.5892E-09 3.7871E-09 3.0807E-09 2.4705E-09 1.9553E-09 1.5245E-09 1.1728E-09 8.8938E-10 6.6483E-10 4.8904E-10 3.5302E-10 2.4802E-10 1.6756E-10 1.0097E-10 5.6405E-11 2.8735E-11 8.9475E-12 0.0000E+00 0.0000E+00 0.0000E+00 0.0000E+00 0.0000E+00 0.0000E+00 0.0000E+00 0.0000E+00 0.0000E+00 0.0000E+00 0.0000E+00 0.0000E+00 0.0000E+00
1.1562E-09 1.6141E-09 2.1934E-09 2.8983E-09 3.7324E-09 4.6937E-09 5.7656E-09 6.9229E-09 8.1286E-09 9.3373E-09 1.0498E-08 1.1561E-08 1.2470E-08 1.3183E-08 1.3665E-08 1.3896E-08 1.3871E-08 1.3590E-08 1.3075E-08 1.2359E-08 1.1483E-08 1.0492E-08 9.4286E-09 8.3367E-09 7.2562E-09 6.2178E-09 5.2469E-09 4.3640E-09 3.5759E-09 2.8900E-09 2.3010E-09 1.8073E-09 1.3997E-09 1.0690E-09 8.0560E-10 5.9639E-10 4.3428E-10 3.1056E-10 2.1499E-10 1.3496E-10 7.7987E-11 4.0980E-11 1.6123E-11 1.2137E-12 0.0000E+00 0.0000E+00 0.0000E+00 0.0000E+00 0.0000E+00 0.0000E+00 0.0000E+00 0.0000E+00 0.0000E+00 0.0000E+00 0.0000E+00 0.0000E+00 0.0000E+00
1.2737E-09 1.7726E-09 2.3998E-09 3.1643E-09 4.0637E-09 5.0910E-09 6.2282E-09 7.4452E-09 8.7004E-09 9.9443E-09 1.1121E-08 1.2176E-08 1.3057E-08 1.3720E-08 1.4133E-08 1.4276E-08 1.4149E-08 1.3766E-08 1.3155E-08 1.2350E-08 1.1393E-08 1.0331E-08 9.2164E-09 8.0891E-09 6.9874E-09 5.9438E-09 4.9790E-09 4.1096E-09 3.3420E-09 2.6794E-09 2.1189E-09 1.6519E-09 1.2699E-09 9.6120E-10 7.1881E-10 5.2717E-10 3.8026E-10 2.6811E-10 1.7392E-10 1.0227E-10 5.6799E-11 2.5462E-11 5.7838E-12 0.0000E+00 0.0000E+00 0.0000E+00 0.0000E+00 0.0000E+00 0.0000E+00 0.0000E+00 0.0000E+00 0.0000E+00 0.0000E+00 0.0000E+00 0.0000E+00 0.0000E+00 0.0000E+00
1.3997E-09 1.9411E-09 2.6197E-09 3.4436E-09 4.4097E-09 5.5039E-09 6.7058E-09 7.9799E-09 9.2799E-09 1.0552E-08 1.1737E-08 1.2777E-08 1.3619E-08 1.4220E-08 1.4552E-08 1.4604E-08 1.4377E-08 1.3887E-08 1.3169E-08 1.2268E-08 1.1233E-08 1.0111E-08 8.9493E-09 7.7933E-09 6.6794E-09 5.6362E-09 4.6839E-09 3.8346E-09 3.0952E-09 2.4610E-09 1.9298E-09 1.4913E-09 1.1372E-09 8.5358E-10 6.3242E-10 4.5815E-10 3.2639E-10 2.1937E-10 1.3209E-10 7.4790E-11 3.7190E-11 1.1484E-11 0.0000E+00 0.0000E+00 0.0000E+00 0.0000E+00 0.0000E+00 0.0000E+00 0.0000E+00 0.0000E+00 0.0000E+00 0.0000E+00 0.0000E+00 0.0000E+00 0.0000E+00 0.0000E+00 0.0000E+00
1.5330E-09 2.1200E-09 2.8517E-09 3.7348E-09 4.7681E-09 5.9329E-09 7.1996E-09 8.5302E-09 9.8730E-09 1.1168E-08 1.2353E-08 1.3368E-08 1.4161E-08 1.4692E-08 1.4933E-08 1.4878E-08 1.4537E-08 1.3942E-08 1.3125E-08 1.2133E-08 1.1018E-08 9.8365E-09 8.6362E-09 7.4590E-09 6.3401E-09 5.3044E-09 4.3721E-09 3.5485E-09 2.8383E-09 2.2379E-09 1.7403E-09 1.3335E-09 1.0064E-09 7.4686E-10 5.4834E-10 3.9207E-10 2.7039E-10 1.6795E-10 9.8422E-11 4.9916E-11 1.8878E-11 2.7428E-13 0.0000E+00 0.0000E+00 0.0000E+00 0.0000E+00 0.0000E+00 0.0000E+00 0.0000E+00 0.0000E+00 0.0000E+00 0.0000E+00 0.0000E+00 0.0000E+00 0.0000E+00 0.0000E+00 0.0000E+00
1.6718E-09 2.3071E-09 3.0956E-09 4.0408E-09 5.1386E-09 6.3715E-09 7.7044E-09 9.0882E-09 1.0467E-08 1.1779E-08 1.2958E-08 1.3940E-08 1.4676E-08 1.5125E-08 1.5269E-08 1.5108E-08 1.4654E-08 1.3943E-08 1.3020E-08 1.1940E-08 1.0756E-08 9.5222E-09 8.2879E-09 7.0960E-09 5.9792E-09 4.9588E-09 4.0494E-09 3.2584E-09 2.5828E-09 2.0183E-09 1.5532E-09 1.1789E-09 8.8056E-10 6.4645E-10 4.6846E-10 3.2577E-10 2.0790E-10 1.2546E-10 6.6694E-11 2.7700E-11 4.8400E-12 0.0000E+00 0.0000E+00 0.0000E+00 0.0000E+00 0.0000E+00 0.0000E+00 0.0000E+00 0.0000E+00 0.0000E+00 0.0000E+00 0.0000E+00 0.0000E+00 0.0000E+00 0.0000E+00 0.0000E+00 0.0000E+00
1.8178E-09 2.5019E-09 3.3455E-09 4.3551E-09 5.5224E-09 6.8216E-09 8.2160E-09 9.6525E-09 1.1067E-08 1.2390E-08 1.3553E-08 1.4495E-08 1.5164E-08 1.5525E-08 1.5563E-08 1.5285E-08 1.4716E-08 1.3895E-08 1.2871E-08 1.1704E-08 1.0453E-08 9.1746E-09 7.9154E-09 6.7154E-09 5.6047E-09 4.6062E-09 3.7269E-09 2.9700E-09 2.3301E-09 1.8036E-09 1.3747E-09 1.0328E-09 7.6174E-10 5.5221E-10 3.9133E-10 2.5462E-10 1.5258E-10 8.5057E-11 3.8968E-11 1.0778E-11 0.0000E+00 0.0000E+00 0.0000E+00 0.0000E+00 0.0000E+00 0.0000E+00 0.0000E+00 0.0000E+00 0.0000E+00 0.0000E+00 0.0000E+00 0.0000E+00 0.0000E+00 0.0000E+00 0.0000E+00 0.0000E+00 0.0000E+00
1.9667E-09 2.6996E-09 3.6047E-09 4.6804E-09 5.9138E-09 7.2803E-09 8.7349E-09 1.0219E-08 1.1663E-08 1.2992E-08 1.4135E-08 1.5029E-08 1.5623E-08 1.5889E-08 1.5818E-08 1.5423E-08 1.4734E-08 1.3800E-08 1.2679E-08 1.1433E-08 1.0121E-08 8.8015E-09 7.5239E-09 6.3247E-09 5.2290E-09 4.2535E-09 3.4072E-09 2.6884E-09 2.0893E-09 1.5992E-09 1.2045E-09 8.9468E-10 6.5127E-10 4.6126E-10 3.1101E-10 1.8921E-10 1.0612E-10 5.3826E-11 1.7678E-11 0.0000E+00 0.0000E+00 0.0000E+00 0.0000E+00 0.0000E+00 0.0000E+00 0.0000E+00 0.0000E+00 0.0000E+00 0.0000E+00 0.0000E+00 0.0000E+00 0.0000E+00 0.0000E+00 0.0000E+00 0.0000E+00 0.0000E+00 0.0000E+00
2.1191E-09 2.9055E-09 3.8681E-09 5.0083E-09 6.3123E-09 7.7441E-09 9.2550E-09 1.0782E-08 1.2250E-08 1.3579E-08 1.4696E-08 1.5536E-08 1.6051E-08 1.6216E-08 1.6032E-08 1.5517E-08 1.4710E-08 1.3668E-08 1.2452E-08 1.1131E-08 9.7673E-09 8.4168E-09 7.1248E-09 5.9292E-09 4.8542E-09 3.9099E-09 3.0990E-09 2.4176E-09 1.8591E-09 1.4068E-09 1.0474E-09 7.6654E-10 5.4561E-10 3.7495E-10 2.3640E-10 1.3453E-10 6.7756E-11 2.8204E-11 3.5104E-12 0.0000E+00 0.0000E+00 0.0000E+00 0.0000E+00 0.0000E+00 0.0000E+00 0.0000E+00 0.0000E+00 0.0000E+00 0.0000E+00 0.0000E+00 0.0000E+00 0.0000E+00 0.0000E+00 0.0000E+00 0.0000E+00 0.0000E+00 0.0000E+00
2.2724E-09 3.1082E-09 4.1325E-09 5.3402E-09 6.7116E-09 8.2096E-09 9.7782E-09 1.1345E-08 1.2831E-08 1.4155E-08 1.5240E-08 1.6019E-08 1.6449E-08 1.6511E-08 1.6211E-08 1.5573E-08 1.4649E-08 1.3502E-08 1.2198E-08 1.0807E-08 9.3954E-09 8.0210E-09 6.7259E-09 5.5418E-09 4.4874E-09 3.5756E-09 2.8041E-09 2.1634E-09 1.6443E-09 1.2278E-09 8.9913E-10 6.4553E-10 4.4725E-10 2.8728E-10 1.6951E-10 8.5387E-11 3.7214E-11 9.8849E-12 0.0000E+00 0.0000E+00 0.0000E+00 0.0000E+00 0.0000E+00 0.0000E+00 0.0000E+00 0.0000E+00 0.0000E+00 0.0000E+00 0.0000E+00 0.0000E+00 0.0000E+00 0.0000E+00 0.0000E+00 0.0000E+00 0.0000E+00 0.0000E+00 0.0000E+00
2.4219E-09 3.3121E-09 4.3966E-09 5.6699E-09 7.1090E-09 8.6693E-09 1.0290E-08 1.1896E-08 1.3399E-08 1.4712E-08 1.5758E-08 1.6472E-08 1.6814E-08 1.6771E-08 1.6354E-08 1.5598E-08 1.4560E-08 1.3310E-08 1.1923E-08 1.0471E-08 9.0197E-09 7.6239E-09 6.3282E-09 5.1616E-09 4.1366E-09 3.2585E-09 2.5253E-09 1.9248E-09 1.4417E-09 1.0597E-09 7.6307E-10 5.3410E-10 3.5200E-10 2.1202E-10 1.1400E-10 5.0301E-11 1.5705E-11 0.0000E+00 0.0000E+00 0.0000E+00 0.0000E+00 0.0000E+00 0.0000E+00 0.0000E+00 0.0000E+00 0.0000E+00 0.0000E+00 0.0000E+00 0.0000E+00 0.0000E+00 0.0000E+00 0.0000E+00 0.0000E+00 0.0000E+00 0.0000E+00 0.0000E+00 0.0000E+00
2.5701E-09 3.5112E-09 4.6554E-09 5.9937E-09 7.4989E-09 9.1254E-09 1.0801E-08 1.2442E-08 1.3958E-08 1.5257E-08 1.6261E-08 1.6904E-08 1.7153E-08 1.7000E-08 1.6464E-08 1.5589E-08 1.4442E-08 1.3097E-08 1.1631E-08 1.0123E-08 8.6397E-09 7.2322E-09 5.9411E-09 4.7925E-09 3.7985E-09 2.9574E-09 2.2613E-09 1.7005E-09 1.2553E-09 9.0612E-10 6.3927E-10 4.3438E-10 2.6554E-10 1.5034E-10 7.0752E-11 2.2828E-11 1.6925E-12 0.0000E+00 0.0000E+00 0.0000E+00 0.0000E+00 0.0000E+00 0.0000E+00 0.0000E+00 0.0000E+00 0.0000E+00 0.0000E+00 0.0000E+00 0.0000E+00 0.0000E+00 0.0000E+00 0.0000E+00 0.0000E+00 0.0000E+00 0.0000E+00 0.0000E+00 0.0000E+00
2.7115E-09 3.7036E-09 4.9070E-09 6.3107E-09 7.8841E-09 9.5688E-09 1.1293E-08 1.2969E-08 1.4497E-08 1.5780E-08 1.6738E-08 1.7313E-08 1.7469E-08 1.7205E-08 1.6551E-08 1.5560E-08 1.4304E-08 1.2866E-08 1.1330E-08 9.7717E-09 8.2587E-09 6.8445E-09 5.5651E-09 4.4392E-09 3.4759E-09 2.6750E-09 2.0189E-09 1.4956E-09 1.0871E-09 7.6956E-10 5.2767E-10 3.3550E-10 1.9423E-10 9.8144E-11 3.5171E-11 6.4282E-12 0.0000E+00 0.0000E+00 0.0000E+00 0.0000E+00 0.0000E+00 0.0000E+00 0.0000E+00 0.0000E+00 0.0000E+00 0.0000E+00 0.0000E+00 0.0000E+00 0.0000E+00 0.0000E+00 0.0000E+00 0.0000E+00 0.0000E+00 0.0000E+00 0.0000E+00 0.0000E+00 0.0000E+00
2.8442E-09 3.8862E-09 5.1473E-09 6.6145E-09 8.2520E-09 1.0002E-08 1.1778E-08 1.3485E-08 1.5021E-08 1.6288E-08 1.7200E-08 1.7702E-08 1.7763E-08 1.7389E-08 1.6618E-08 1.5514E-08 1.4155E-08 1.2629E-08 1.1025E-08 9.4232E-09 7.8885E-09 6.4711E-09 5.2053E-09 4.1071E-09 3.1778E-09 2.4125E-09 1.7973E-09 1.3110E-09 9.3384E-10 6.4583E-10 4.2100E-10 2.5416E-10 1.3562E-10 6.0038E-11 1.3377E-11 0.0000E+00 0.0000E+00 0.0000E+00 0.0000E+00 0.0000E+00 0.0000E+00 0.0000E+00 0.0000E+00 0.0000E+00 0.0000E+00 0.0000E+00 0.0000E+00 0.0000E+00 0.0000E+00 0.0000E+00 0.0000E+00 0.0000E+00 0.0000E+00 0.0000E+00 0.0000E+00 0.0000E+00 0.0000E+00
2.9667E-09 4.0563E-09 5.3756E-09 6.9074E-09 8.6099E-09 1.0416E-08 1.2243E-08 1.3985E-08 1.5531E-08 1.6778E-08 1.7644E-08 1.8073E-08 1.8039E-08 1.7556E-08 1.6673E-08 1.5457E-08 1.3998E-08 1.2391E-08 1.0725E-08 9.0823E-09 7.5308E-09 6.1157E-09 4.8655E-09 3.7946E-09 2.9027E-09 2.1743E-09 1.5947E-09 1.1463E-09 7.9959E-10 5.3660E-10 3.2838E-10 1.8709E-10 9.0173E-11 3.1312E-11 2.3926E-13 0.0000E+00 0.0000E+00 0.0000E+00 0.0000E+00 0.0000E+00 0.0000E+00 0.0000E+00 0.0000E+00 0.0000E+00 0.0000E+00 0.0000E+00 0.0000E+00 0.0000E+00 0.0000E+00 0.0000E+00 0.0000E+00 0.0000E+00 0.0000E+00 0.0000E+00 0.0000E+00 0.0000E+00 0.0000E+00
3.0775E-09 4.2154E-09 5.5901E-09 7.1805E-09 8.9484E-09 1.0820E-08 1.2696E-08 1.4469E-08 1.6023E-08 1.7253E-08 1.8074E-08 1.8429E-08 1.8302E-08 1.7713E-08 1.6718E-08 1.5394E-08 1.3838E-08 1.2152E-08 1.0431E-08 8.7541E-09 7.1878E-09 5.7778E-09 4.5477E-09 3.5049E-09 2.6474E-09 1.9578E-09 1.4123E-09 9.9563E-10 6.7827E-10 4.2851E-10 2.5158E-10 1.3077E-10 5.5306E-11 1.3073E-11 0.0000E+00 0.0000E+00 0.0000E+00 0.0000E+00 0.0000E+00 0.0000E+00 0.0000E+00 0.0000E+00 0.0000E+00 0.0000E+00 0.0000E+00 0.0000E+00 0.0000E+00 0.0000E+00 0.0000E+00 0.0000E+00 0.0000E+00 0.0000E+00 0.0000E+00 0.0000E+00 0.0000E+00 0.0000E+00 0.0000E+00
