Assets/Resources/2015_m01_d31_2100(utc+0800)_l00_csi_1hr_conc.grd
DSAA
         159         159
     -79.000      79.000
     -79.000      79.000
  0.0000E+00  0.1503E-04
[rows 50 to 74 of 159, columns 0 to 56 of 159]
6.4391E-10 6.9995E-10 7.5980E-10 8.2189E-10 8.9030E-10 9.6084E-10 1.0378E-09 1.1174E-09 1.2016E-09 1.2929E-09 1.3870E-09 1.4861E-09 1.5927E-09 1.7022E-09 1.8193E-09 1.9398E-09 2.0657E-09 2.1995E-09 2.3364E-09 2.4787E-09 2.6288E-09 2.7817E-09 2.9395E-09 3.1048E-09 3.2723E-09 3.4439E-09 3.6239E-09 3.8037E-09 3.9865E-09 4.1764E-09 4.3639E-09 4.5525E-09 4.7470E-09 4.9374E-09 5.1271E-09 5.3208E-09 5.5084E-09 5.6933E-09 5.8800E-09 6.0588E-09 6.2330E-09 6.4019E-09 6.5725E-09 6.7309E-09 6.8824E-09 7.0338E-09 7.1722E-09 7.3025E-09 7.4246E-09 7.5380E-09 7.6513E-09 7.7486E-09 7.8367E-09 7.9152E-09 7.9855E-09 8.0569E-09 8.1116E-09
6.0091E-10 6.5372E-10 7.1018E-10 7.6869E-10 8.3341E-10 9.0006E-10 9.7304E-10 1.0485E-09 1.1284E-09 1.2153E-09 1.3049E-09 1.4013E-09 1.5009E-09 1.6057E-09 1.7180E-09 1.8337E-09 1.9547E-09 2.0838E-09 2.2161E-09 2.3560E-09 2.4993E-09 2.6480E-09 2.8041E-09 2.9633E-09 3.1272E-09 3.2956E-09 3.4731E-09 3.6505E-09 3.8352E-09 4.0194E-09 4.2060E-09 4.3990E-09 4.5898E-09 4.7814E-09 4.9777E-09 5.1700E-09 5.3612E-09 5.5506E-09 5.7433E-09 5.9285E-09 6.1101E-09 6.2941E-09 6.4683E-09 6.6373E-09 6.8004E-09 6.9655E-09 7.1178E-09 7.2632E-09 7.4014E-09 7.5400E-09 7.6648E-09 7.7817E-09 7.8904E-09 7.9905E-09 8.0850E-09 8.1818E-09 8.2613E-09
5.5942E-10 6.0916E-10 6.6230E-10 7.1731E-10 7.7841E-10 8.4125E-10 9.1029E-10 9.8163E-10 1.0572E-09 1.1398E-09 1.2246E-09 1.3164E-09 1.4113E-09 1.5112E-09 1.6188E-09 1.7296E-09 1.8480E-09 1.9698E-09 2.0971E-09 2.2323E-09 2.3710E-09 2.5151E-09 2.6670E-09 2.8221E-09 2.9821E-09 3.1511E-09 3.3214E-09 3.4957E-09 3.6782E-09 3.8605E-09 4.0457E-09 4.2382E-09 4.4289E-09 4.6210E-09 4.8190E-09 5.0135E-09 5.2076E-09 5.4058E-09 5.5987E-09 5.7897E-09 5.9779E-09 6.1704E-09 6.3534E-09 6.5322E-09 6.7136E-09 6.8846E-09 7.0503E-09 7.2102E-09 7.3712E-09 7.5207E-09 7.6638E-09 7.8002E-09 7.9294E-09 8.0514E-09 8.1799E-09 8.2932E-09 8.3981E-09
5.1963E-10 5.6625E-10 6.1625E-10 6.6785E-10 7.2540E-10 7.8450E-10 8.4969E-10 9.1698E-10 9.8828E-10 1.0662E-09 1.1466E-09 1.2339E-09 1.3240E-09 1.4192E-09 1.5219E-09 1.6276E-09 1.7409E-09 1.8578E-09 1.9801E-09 2.1105E-09 2.2443E-09 2.3837E-09 2.5311E-09 2.6817E-09 2.8376E-09 3.0028E-09 3.1694E-09 3.3403E-09 3.5202E-09 3.7001E-09 3.8834E-09 4.0748E-09 4.2648E-09 4.4568E-09 4.6559E-09 4.8517E-09 5.0481E-09 5.2497E-09 5.4467E-09 5.6425E-09 5.8432E-09 6.0367E-09 6.2277E-09 6.4157E-09 6.6082E-09 6.7906E-09 6.9689E-09 7.1427E-09 7.3201E-09 7.4862E-09 7.6472E-09 7.8027E-09 7.9523E-09 8.1064E-09 8.2510E-09 8.3890E-09 8.5196E-09
4.8153E-10 5.2518E-10 5.7201E-10 6.2248E-10 6.7448E-10 7.2993E-10 7.9134E-10 8.5447E-10 9.2145E-10 9.9516E-10 1.0711E-09 1.1538E-09 1.2393E-09 1.3294E-09 1.4272E-09 1.5280E-09 1.6363E-09 1.7481E-09 1.8654E-09 1.9908E-09 2.1196E-09 2.2541E-09 2.3967E-09 2.5427E-09 2.6941E-09 2.8552E-09 3.0177E-09 3.1850E-09 3.3617E-09 3.5387E-09 3.7196E-09 3.9095E-09 4.0981E-09 4.2940E-09 4.4887E-09 4.6853E-09 4.8830E-09 5.0874E-09 5.2875E-09 5.4874E-09 5.6936E-09 5.8933E-09 6.0915E-09 6.2947E-09 6.4903E-09 6.6834E-09 6.8737E-09 7.0679E-09 7.2535E-09 7.4357E-09 7.6140E-09 7.7881E-09 7.9577E-09 8.1366E-09 8.3044E-09 8.4669E-09 8.6223E-09
4.4463E-10 4.8594E-10 5.2974E-10 5.7707E-10 6.2569E-10 6.7760E-10 7.3505E-10 7.9420E-10 8.5930E-10 9.2667E-10 9.9814E-10 1.0763E-09 1.1570E-09 1.2424E-09 1.3353E-09 1.4311E-09 1.5345E-09 1.6412E-09 1.7533E-09 1.8736E-09 1.9973E-09 2.1266E-09 2.2643E-09 2.4055E-09 2.5522E-09 2.7089E-09 2.8671E-09 3.0302E-09 3.2034E-09 3.3771E-09 3.5596E-09 3.7426E-09 3.9293E-09 4.1241E-09 4.3181E-09 4.5146E-09 4.7179E-09 4.9192E-09 5.1216E-09 5.3246E-09 5.5356E-09 5.7404E-09 5.9447E-09 6.1559E-09 6.3602E-09 6.5630E-09 6.7642E-09 6.9718E-09 7.1712E-09 7.3684E-09 7.5632E-09 7.7552E-09 7.9536E-09 8.1475E-09 8.3369E-09 8.5224E-09 8.7034E-09
4.0955E-10 4.4797E-10 4.8944E-10 5.3369E-10 5.7905E-10 6.2725E-10 6.8107E-10 7.3644E-10 7.9753E-10 8.6065E-10 9.2777E-10 1.0015E-09 1.0776E-09 1.1606E-09 1.2464E-09 1.3372E-09 1.4356E-09 1.5371E-09 1.6440E-09 1.7592E-09 1.8776E-09 2.0017E-09 2.1345E-09 2.2707E-09 2.4123E-09 2.5643E-09 2.7178E-09 2.8809E-09 3.0457E-09 3.2155E-09 3.3948E-09 3.5748E-09 3.7589E-09 3.9520E-09 4.1446E-09 4.3402E-09 4.5438E-09 4.7457E-09 4.9495E-09 5.1613E-09 5.3694E-09 5.5784E-09 5.7945E-09 6.0061E-09 6.2179E-09 6.4295E-09 6.6477E-09 6.8603E-09 7.0724E-09 7.2838E-09 7.4941E-09 7.7030E-09 7.9220E-09 8.1351E-09 8.3465E-09 8.5557E-09 8.7763E-09
3.7622E-10 4.1210E-10 4.5056E-10 4.9229E-10 5.3435E-10 5.7923E-10 6.2949E-10 6.8105E-10 7.3825E-10 7.9736E-10 8.6029E-10 9.2970E-10 1.0013E-09 1.0796E-09 1.1607E-09 1.2465E-09 1.3399E-09 1.4363E-09 1.5379E-09 1.6478E-09 1.7611E-09 1.8801E-09 2.0077E-09 2.1385E-09 2.2749E-09 2.4219E-09 2.5704E-09 2.7288E-09 2.8892E-09 3.0547E-09 3.2302E-09 3.4067E-09 3.5876E-09 3.7783E-09 3.9687E-09 4.1628E-09 4.3657E-09 4.5673E-09 4.7716E-09 4.9852E-09 5.1956E-09 5.4078E-09 5.6286E-09 5.8456E-09 6.0637E-09 6.2828E-09 6.5106E-09 6.7334E-09 6.9571E-09 7.1813E-09 7.4047E-09 7.6373E-09 7.8680E-09 8.1005E-09 8.3329E-09 8.5649E-09 8.8130E-09
3.4413E-10 3.7766E-10 4.1371E-10 4.5253E-10 4.9179E-10 5.3342E-10 5.8025E-10 6.2826E-10 6.8173E-10 7.3693E-10 7.9579E-10 8.6094E-10 9.2815E-10 1.0019E-09 1.0782E-09 1.1592E-09 1.2475E-09 1.3388E-09 1.4352E-09 1.5401E-09 1.6482E-09 1.7618E-09 1.8839E-09 2.0093E-09 2.1403E-09 2.2820E-09 2.4253E-09 2.5788E-09 2.7342E-09 2.8950E-09 3.0663E-09 3.2387E-09 3.4159E-09 3.6035E-09 3.7911E-09 3.9829E-09 4.1844E-09 4.3849E-09 4.5888E-09 4.8033E-09 5.0149E-09 5.2291E-09 5.4536E-09 5.6747E-09 5.8980E-09 6.1234E-09 6.3595E-09 6.5911E-09 6.8238E-09 7.0584E-09 7.2947E-09 7.5436E-09 7.7920E-09 8.0425E-09 8.2948E-09 8.5631E-09 8.8232E-09
3.1400E-10 3.4503E-10 3.7824E-10 4.1251E-10 4.5137E-10 4.9000E-10 5.3355E-10 5.7814E-10 6.2799E-10 6.7941E-10 7.3430E-10 7.9531E-10 8.5820E-10 9.2742E-10 9.9912E-10 1.0753E-09 1.1587E-09 1.2449E-09 1.3365E-09 1.4362E-09 1.5389E-09 1.6470E-09 1.7636E-09 1.8834E-09 2.0088E-09 2.1451E-09 2.2829E-09 2.4311E-09 2.5813E-09 2.7371E-09 2.9037E-09 3.0715E-09 3.2492E-09 3.4284E-09 3.6125E-09 3.8060E-09 4.0005E-09 4.1991E-09 4.4017E-09 4.6160E-09 4.8279E-09 5.0431E-09 5.2701E-09 5.4940E-09 5.7213E-09 5.9586E-09 6.1933E-09 6.4314E-09 6.6728E-09 6.9175E-09 7.1738E-09 7.4302E-09 7.6934E-09 7.9604E-09 8.2310E-09 8.5218E-09 8.8049E-09
2.8418E-10 3.1364E-10 3.4469E-10 3.7674E-10 4.1287E-10 4.4891E-10 4.8940E-10 5.3070E-10 5.7490E-10 6.2482E-10 6.7589E-10 7.3285E-10 7.9155E-10 8.5638E-10 9.2354E-10 9.9499E-10 1.0736E-09 1.1552E-09 1.2417E-09 1.3360E-09 1.4333E-09 1.5359E-09 1.6470E-09 1.7611E-09 1.8809E-09 2.0115E-09 2.1436E-09 2.2863E-09 2.4310E-09 2.5814E-09 2.7429E-09 2.9057E-09 3.0787E-09 3.2535E-09 3.4335E-09 3.6235E-09 3.8147E-09 4.0106E-09 4.2176E-09 4.4242E-09 4.6352E-09 4.8573E-09 5.0786E-09 5.3041E-09 5.5330E-09 5.7737E-09 6.0132E-09 6.2571E-09 6.5057E-09 6.7587E-09 7.0258E-09 7.2955E-09 7.5717E-09 7.8535E-09 8.1545E-09 8.4523E-09 8.7566E-09
2.5694E-10 2.8409E-10 3.1294E-10 3.4282E-10 3.7645E-10 4.1022E-10 4.4779E-10 4.8593E-10 5.2680E-10 5.7318E-10 6.2053E-10 6.7360E-10 7.2823E-10 7.8656E-10 8.5152E-10 9.1857E-10 9.9272E-10 1.0694E-09 1.1507E-09 1.2399E-09 1.3318E-09 1.4289E-09 1.5343E-09 1.6427E-09 1.7567E-09 1.8815E-09 2.0078E-09 2.1447E-09 2.2836E-09 2.4283E-09 2.5843E-09 2.7417E-09 2.9096E-09 3.0794E-09 3.2547E-09 3.4406E-09 3.6279E-09 3.8203E-09 4.0245E-09 4.2287E-09 4.4379E-09 4.6589E-09 4.8792E-09 5.1044E-09 5.3345E-09 5.5779E-09 5.8206E-09 6.0689E-09 6.3229E-09 6.5827E-09 6.8594E-09 7.1396E-09 7.4269E-09 7.7214E-09 8.0387E-09 8.3536E-09 8.6771E-09
2.3064E-10 2.5580E-10 2.8274E-10 3.1060E-10 3.4253E-10 3.7348E-10 4.0858E-10 4.4380E-10 4.8150E-10 5.2445E-10 5.6827E-10 6.1756E-10 6.6827E-10 7.2249E-10 7.8343E-10 8.4622E-10 9.1568E-10 9.8749E-10 1.0638E-09 1.1478E-09 1.2343E-09 1.3259E-09 1.4257E-09 1.5284E-09 1.6366E-09 1.7555E-09 1.8758E-09 2.0067E-09 2.1397E-09 2.2784E-09 2.4286E-09 2.5801E-09 2.7425E-09 2.9069E-09 3.0769E-09 3.2580E-09 3.4406E-09 3.6287E-09 3.8294E-09 4.0301E-09 4.2359E-09 4.4545E-09 4.6732E-09 4.8974E-09 5.1274E-09 5.3720E-09 5.6164E-09 5.8674E-09 6.1252E-09 6.3981E-09 6.6752E-09 6.9629E-09 7.2592E-09 7.5642E-09 7.8956E-09 8.2252E-09 8.5654E-09
2.0671E-10 2.2916E-10 2.5406E-10 2.8024E-10 3.1008E-10 3.3908E-10 3.7183E-10 4.0429E-10 4.3895E-10 4.7864E-10 5.1906E-10 5.6473E-10 6.1168E-10 6.6232E-10 7.1917E-10 7.7762E-10 8.4250E-10 9.0958E-10 9.8102E-10 1.0598E-09 1.1411E-09 1.2273E-09 1.3214E-09 1.4184E-09 1.5207E-09 1.6336E-09 1.7479E-09 1.8727E-09 1.9995E-09 2.1321E-09 2.2761E-09 2.4215E-09 2.5780E-09 2.7364E-09 2.9007E-09 3.0764E-09 3.2537E-09 3.4368E-09 3.6326E-09 3.8287E-09 4.0307E-09 4.2462E-09 4.4621E-09 4.6843E-09 4.9127E-09 5.1571E-09 5.4017E-09 5.6538E-09 5.9136E-09 6.1901E-09 6.4730E-09 6.7661E-09 7.0692E-09 7.3960E-09 7.7253E-09 8.0669E-09 8.4382E-09
1.8502E-10 2.0419E-10 2.2716E-10 2.5177E-10 2.7928E-10 3.0689E-10 3.3511E-10 3.6723E-10 3.9912E-10 4.3570E-10 4.7288E-10 5.1519E-10 5.5887E-10 6.0571E-10 6.5851E-10 7.1276E-10 7.7320E-10 8.3569E-10 9.0234E-10 9.7611E-10 1.0522E-09 1.1330E-09 1.2216E-09 1.3130E-09 1.4094E-09 1.5163E-09 1.6245E-09 1.7430E-09 1.8635E-09 1.9897E-09 2.1273E-09 2.2664E-09 2.4165E-09 2.5687E-09 2.7268E-09 2.8965E-09 3.0677E-09 3.2449E-09 3.4354E-09 3.6264E-09 3.8236E-09 4.0351E-09 4.2471E-09 4.4659E-09 4.6989E-09 4.9343E-09 5.1776E-09 5.4292E-09 5.6892E-09 5.9682E-09 6.2539E-09 6.5502E-09 6.8576E-09 7.1914E-09 7.5284E-09 7.8775E-09 8.2621E-09
1.6419E-10 1.8183E-10 2.0199E-10 2.2464E-10 2.5074E-10 2.7605E-10 3.0270E-10 3.3267E-10 3.6195E-10 3.9557E-10 4.2987E-10 4.6686E-10 5.0931E-10 5.5252E-10 6.0142E-10 6.5163E-10 7.0778E-10 7.6582E-10 8.2783E-10 8.9667E-10 9.6773E-10 1.0433E-09 1.1264E-09 1.2121E-09 1.3027E-09 1.4035E-09 1.5056E-09 1.6178E-09 1.7319E-09 1.8516E-09 1.9827E-09 2.1152E-09 2.2586E-09 2.4042E-09 2.5557E-09 2.7187E-09 2.8836E-09 3.0544E-09 3.2390E-09 3.4242E-09 3.6157E-09 3.8221E-09 4.0293E-09 4.2437E-09 4.4730E-09 4.7050E-09 4.9455E-09 5.1949E-09 5.4534E-09 5.7334E-09 6.0191E-09 6.3164E-09 6.6259E-09 6.9622E-09 7.3041E-09 7.6597E-09 8.0544E-09
1.4400E-10 1.6077E-10 1.7938E-10 1.9916E-10 2.2145E-10 2.4735E-10 2.7220E-10 3.0027E-10 3.2727E-10 3.5843E-10 3.8994E-10 4.2385E-10 4.6295E-10 5.0270E-10 5.4786E-10 5.9422E-10 6.4391E-10 6.9996E-10 7.5748E-10 8.2156E-10 8.8769E-10 9.5814E-10 1.0358E-09 1.1159E-09 1.2008E-09 1.2956E-09 1.3915E-09 1.4974E-09 1.6051E-09 1.7182E-09 1.8426E-09 1.9683E-09 2.1049E-09 2.2436E-09 2.3881E-09 2.5442E-09 2.7022E-09 2.8663E-09 3.0442E-09 3.2228E-09 3.4080E-09 3.6085E-09 3.8099E-09 4.0187E-09 4.2431E-09 4.4704E-09 4.7067E-09 4.9523E-09 5.2078E-09 5.4866E-09 5.7703E-09 6.0647E-09 6.3738E-09 6.7119E-09 7.0559E-09 7.4301E-09 7.8161E-09
1.2562E-10 1.4086E-10 1.5820E-10 1.7596E-10 1.9640E-10 2.2018E-10 2.4349E-10 2.7001E-10 2.9536E-10 3.2184E-10 3.5280E-10 3.8381E-10 4.1972E-10 4.5619E-10 4.9778E-10 5.4043E-10 5.8623E-10 6.3810E-10 6.9129E-10 7.5072E-10 8.1207E-10 8.7752E-10 9.4990E-10 1.0246E-09 1.1039E-09 1.1926E-09 1.2825E-09 1.3820E-09 1.4832E-09 1.5899E-09 1.7075E-09 1.8263E-09 1.9559E-09 2.0874E-09 2.2247E-09 2.3736E-09 2.5243E-09 2.6811E-09 2.8519E-09 3.0234E-09 3.2016E-09 3.3952E-09 3.5899E-09 3.7924E-09 4.0106E-09 4.2320E-09 4.4628E-09 4.7033E-09 4.9527E-09 5.2278E-09 5.5076E-09 5.7987E-09 6.1052E-09 6.4422E-09 6.7854E-09 7.1610E-09 7.5491E-09
1.0840E-10 1.2099E-10 1.3603E-10 1.5467E-10 1.7298E-10 1.9549E-10 2.1677E-10 2.4173E-10 2.6557E-10 2.8995E-10 3.1837E-10 3.4664E-10 3.7954E-10 4.1288E-10 4.4880E-10 4.9023E-10 5.3232E-10 5.8015E-10 6.2917E-10 6.8413E-10 7.4086E-10 8.0146E-10 8.6868E-10 9.3807E-10 1.0118E-09 1.0947E-09 1.1786E-09 1.2719E-09 1.3669E-09 1.4670E-09 1.5776E-09 1.6895E-09 1.8118E-09 1.9361E-09 2.0661E-09 2.2074E-09 2.3505E-09 2.4998E-09 2.6629E-09 2.8268E-09 2.9974E-09 3.1835E-09 3.3708E-09 3.5659E-09 3.7770E-09 3.9896E-09 4.2137E-09 4.4477E-09 4.6917E-09 4.9607E-09 5.2348E-09 5.5205E-09 5.8221E-09 6.1553E-09 6.4951E-09 6.8688E-09 7.2534E-09
9.1908E-11 1.0241E-10 1.1570E-10 1.3325E-10 1.4928E-10 1.7098E-10 1.9068E-10 2.1303E-10 2.3781E-10 2.6052E-10 2.8655E-10 3.1225E-10 3.4230E-10 3.7272E-10 4.0551E-10 4.4350E-10 4.8204E-10 5.2601E-10 5.7106E-10 6.1936E-10 6.7400E-10 7.2994E-10 7.9216E-10 8.5641E-10 9.2478E-10 1.0020E-09 1.0802E-09 1.1630E-09 1.2560E-09 1.3495E-09 1.4533E-09 1.5582E-09 1.6732E-09 1.7901E-09 1.9126E-09 2.0462E-09 2.1816E-09 2.3230E-09 2.4780E-09 2.6339E-09 2.7964E-09 2.9744E-09 3.1518E-09 3.3388E-09 3.5420E-09 3.7467E-09 3.9628E-09 4.1891E-09 4.4261E-09 4.6875E-09 4.9541E-09 5.2324E-09 5.5269E-09 5.8538E-09 6.1874E-09 6.5561E-09 6.9352E-09
7.6061E-11 8.6368E-11 9.9874E-11 1.1280E-10 1.2831E-10 1.4572E-10 1.6807E-10 1.8717E-10 2.0987E-10 2.3139E-10 2.5547E-10 2.8053E-10 3.0570E-10 3.3555E-10 3.6540E-10 4.0012E-10 4.3532E-10 4.7561E-10 5.1687E-10 5.6117E-10 6.1145E-10 6.6291E-10 7.1792E-10 7.7970E-10 8.4305E-10 9.1039E-10 9.8720E-10 1.0641E-09 1.1506E-09 1.2377E-09 1.3346E-09 1.4326E-09 1.5357E-09 1.6499E-09 1.7648E-09 1.8906E-09 2.0180E-09 2.1496E-09 2.2963E-09 2.4439E-09 2.5980E-09 2.7673E-09 2.9361E-09 3.1144E-09 3.3088E-09 3.5046E-09 3.7120E-09 3.9298E-09 4.1579E-09 4.4101E-09 4.6676E-09 4.9368E-09 5.2224E-09 5.5405E-09 5.8626E-09 6.2252E-09 6.5963E-09
6.3707E-11 7.0887E-11 8.2982E-11 9.5401E-11 1.0859E-10 1.2368E-10 1.4541E-10 1.6318E-10 1.8388E-10 2.0439E-10 2.2461E-10 2.4977E-10 2.7250E-10 2.9960E-10 3.2666E-10 3.5827E-10 3.9028E-10 4.2478E-10 4.6471E-10 5.0699E-10 5.5310E-10 6.0040E-10 6.5107E-10 7.0801E-10 7.6635E-10 8.2844E-10 8.9950E-10 9.7059E-10 1.0509E-09 1.1299E-09 1.2200E-09 1.3112E-09 1.4072E-09 1.5140E-09 1.6214E-09 1.7393E-09 1.8588E-09 1.9821E-09 2.1203E-09 2.2593E-09 2.4048E-09 2.5650E-09 2.7247E-09 2.8939E-09 3.0787E-09 3.2650E-09 3.4627E-09 3.6712E-09 3.8890E-09 4.1308E-09 4.3777E-09 4.6363E-09 4.9083E-09 5.2175E-09 5.5287E-09 5.8803E-09 6.2404E-09
4.9903E-11 6.1581E-11 6.9973E-11 7.9635E-11 9.1387E-11 1.0622E-10 1.2399E-10 1.4089E-10 1.5767E-10 1.7865E-10 1.9989E-10 2.2155E-10 2.4202E-10 2.6655E-10 2.9100E-10 3.1741E-10 3.4870E-10 3.8001E-10 4.1825E-10 4.5525E-10 4.9752E-10 5.4079E-10 5.8716E-10 6.3940E-10 6.9295E-10 7.5001E-10 8.1550E-10 8.8101E-10 9.5520E-10 1.0299E-09 1.1070E-09 1.1961E-09 1.2852E-09 1.3845E-09 1.4845E-09 1.5896E-09 1.7060E-09 1.8230E-09 1.9507E-09 2.0811E-09 2.2176E-09 2.3685E-09 2.5187E-09 2.6783E-09 2.8531E-09 3.0292E-09 3.2166E-09 3.4147E-09 3.6214E-09 3.8515E-09 4.0841E-09 4.3327E-09 4.5925E-09 4.8887E-09 5.1869E-09 5.5220E-09 5.8712E-09
1.3044E-11 4.5742E-11 5.7201E-11 6.5238E-11 7.7598E-11 8.9333E-11 1.0197E-10 1.2001E-10 1.3657E-10 1.5701E-10 1.7486E-10 1.9549E-10 2.1412E-10 2.3401E-10 2.5826E-10 2.8208E-10 3.1230E-10 3.4075E-10 3.7395E-10 4.0757E-10 4.4375E-10 4.8549E-10 5.2778E-10 5.7306E-10 6.2453E-10 6.7677E-10 7.3692E-10 7.9707E-10 8.6090E-10 9.3410E-10 1.0069E-09 1.0873E-09 1.1697E-09 1.2618E-09 1.3544E-09 1.4519E-09 1.5602E-09 1.6691E-09 1.7880E-09 1.9096E-09 2.0372E-09 2.1785E-09 2.3191E-09 2.4688E-09 2.6260E-09 2.8007E-09 2.9754E-09 3.1622E-09 3.3564E-09 3.5740E-09 3.7939E-09 4.0294E-09 4.2756E-09 4.5542E-09 4.8406E-09 5.1599E-09 5.4929E-09
9.4709E-13 2.2727E-12 1.2524E-11 5.2965E-11 6.2585E-11 7.3232E-11 8.5266E-11 1.0063E-10 1.1854E-10 1.3572E-10 1.5188E-10 1.6899E-10 1.8850E-10 2.0645E-10 2.2829E-10 2.5170E-10 2.7743E-10 3.0312E-10 3.3086E-10 3.6362E-10 3.9641E-10 4.3437E-10 4.7281E-10 5.1400E-10 5.6096E-10 6.0863E-10 6.5940E-10 7.1867E-10 7.7713E-10 8.4435E-10 9.1114E-10 9.8693E-10 1.0608E-09 1.1458E-09 1.2313E-09 1.3213E-09 1.4216E-09 1.5224E-09 1.6263E-09 1.7455E-09 1.8641E-09 1.9958E-09 2.1266E-09 2.2663E-09 2.4131E-09 2.5740E-09 2.7396E-09 2.9119E-09 3.0965E-09 3.2981E-09 3.5073E-09 3.7260E-09 3.9605E-09 4.2230E-09 4.4932E-09 4.7948E-09 5.1098E-09
