Assets/Resources/2015_m01_d23_1300(utc+0800)_l00_csi_1hr_conc.grd
DSAA
         159         159
     -79.000      79.000
     -79.000      79.000
  0.0000E+00  0.2679E-05
[rows 50 to 74 of 159, columns 0 to 56 of 159]
0.0000E+00 0.0000E+00 0.0000E+00 0.0000E+00 0.0000E+00 0.0000E+00 0.0000E+00 0.0000E+00 6.1524E-12 9.3982E-12 1.5941E-11 2.0822E-11 2.9283E-11 3.1510E-11 3.6802E-11 4.5429E-11 5.5810E-11 6.3522E-11 6.8818E-11 7.4716E-11 8.0517E-11 8.7454E-11 9.4320E-11 1.0163E-10 1.0940E-10 1.1754E-10 1.2617E-10 1.3533E-10 1.4478E-10 1.5480E-10 1.6566E-10 1.7673E-10 1.8901E-10 2.0167E-10 2.1506E-10 2.2917E-10 2.4405E-10 2.5974E-10 2.7623E-10 2.9362E-10 3.1188E-10 3.3136E-10 3.5124E-10 3.7259E-10 3.9461E-10 4.1787E-10 4.4203E-10 4.6749E-10 4.9402E-10 5.2197E-10 5.5138E-10 5.8230E-10 6.1501E-10 6.4891E-10 6.8491E-10 7.2240E-10 7.6135E-10
0.0000E+00 0.0000E+00 0.0000E+00 0.0000E+00 0.0000E+00 0.0000E+00 0.0000E+00 0.0000E+00 6.6263E-12 9.8740E-12 1.5998E-11 2.0889E-11 2.9372E-11 3.1605E-11 3.7479E-11 4.5858E-11 5.6516E-11 6.3752E-11 6.9072E-11 7.5245E-11 8.1076E-11 8.7802E-11 9.4831E-11 1.0218E-10 1.1000E-10 1.1818E-10 1.2687E-10 1.3609E-10 1.4572E-10 1.5580E-10 1.6647E-10 1.7789E-10 1.9023E-10 2.0272E-10 2.1620E-10 2.3067E-10 2.4567E-10 2.6146E-10 2.7809E-10 2.9560E-10 3.1399E-10 3.3335E-10 3.5366E-10 3.7510E-10 3.9728E-10 4.2074E-10 4.4508E-10 4.7093E-10 4.9797E-10 5.2649E-10 5.5650E-10 5.8829E-10 6.2150E-10 6.5616E-10 6.9296E-10 7.3120E-10 7.7095E-10
0.0000E+00 0.0000E+00 0.0000E+00 0.0000E+00 0.0000E+00 0.0000E+00 0.0000E+00 0.0000E+00 6.6503E-12 9.9086E-12 1.6045E-11 2.0944E-11 2.9444E-11 3.1683E-11 3.7809E-11 4.6230E-11 5.6947E-11 6.4185E-11 6.9286E-11 7.5487E-11 8.1466E-11 8.8223E-11 9.5285E-11 1.0255E-10 1.1066E-10 1.1889E-10 1.2763E-10 1.3664E-10 1.4646E-10 1.5673E-10 1.6732E-10 1.7895E-10 1.9110E-10 2.0394E-10 2.1750E-10 2.3179E-10 2.4689E-10 2.6278E-10 2.7980E-10 2.9742E-10 3.1595E-10 3.3544E-10 3.5609E-10 3.7741E-10 3.9995E-10 4.2340E-10 4.4837E-10 4.7452E-10 5.0213E-10 5.3122E-10 5.6186E-10 5.9436E-10 6.2830E-10 6.6397E-10 7.0125E-10 7.4022E-10 7.8022E-10
0.0000E+00 0.0000E+00 0.0000E+00 0.0000E+00 0.0000E+00 0.0000E+00 0.0000E+00 0.0000E+00 7.1124E-12 9.9377E-12 1.6291E-11 2.1190E-11 2.9680E-11 3.1745E-11 3.7887E-11 4.6889E-11 5.7080E-11 6.4579E-11 6.9710E-11 7.5928E-11 8.1933E-11 8.8470E-11 9.5562E-11 1.0324E-10 1.1101E-10 1.1953E-10 1.2818E-10 1.3737E-10 1.4698E-10 1.5743E-10 1.6835E-10 1.7991E-10 1.9212E-10 2.0504E-10 2.1867E-10 2.3306E-10 2.4824E-10 2.6422E-10 2.8135E-10 2.9907E-10 3.1774E-10 3.3735E-10 3.5806E-10 3.7951E-10 4.0228E-10 4.2617E-10 4.5163E-10 4.7831E-10 5.0668E-10 5.3620E-10 5.6776E-10 6.0077E-10 6.3569E-10 6.7177E-10 7.0952E-10 7.4894E-10 7.8932E-10
0.0000E+00 0.0000E+00 0.0000E+00 0.0000E+00 0.0000E+00 0.0000E+00 0.0000E+00 0.0000E+00 7.1305E-12 9.9612E-12 1.6321E-11 2.1223E-11 2.9723E-11 3.1790E-11 3.8173E-11 4.7207E-11 5.7685E-11 6.4701E-11 6.9845E-11 7.6084E-11 8.2472E-11 8.8913E-11 9.6158E-11 1.0374E-10 1.1155E-10 1.1985E-10 1.2867E-10 1.3803E-10 1.4769E-10 1.5792E-10 1.6889E-10 1.8077E-10 1.9277E-10 2.0603E-10 2.1973E-10 2.3420E-10 2.4946E-10 2.6554E-10 2.8248E-10 3.0059E-10 3.1936E-10 3.3927E-10 3.5984E-10 3.8175E-10 4.0476E-10 4.2931E-10 4.5509E-10 4.8253E-10 5.1133E-10 5.4174E-10 5.7381E-10 6.0754E-10 6.4302E-10 6.7954E-10 7.1791E-10 7.5747E-10 7.9819E-10
0.0000E+00 0.0000E+00 0.0000E+00 0.0000E+00 0.0000E+00 0.0000E+00 0.0000E+00 0.0000E+00 7.1445E-12 9.9791E-12 1.6343E-11 2.1245E-11 2.9749E-11 3.1819E-11 3.8211E-11 4.7257E-11 5.7753E-11 6.4786E-11 7.0186E-11 7.6195E-11 8.2600E-11 8.9427E-11 9.6453E-11 1.0393E-10 1.1190E-10 1.2023E-10 1.2909E-10 1.3835E-10 1.4830E-10 1.5845E-10 1.6960E-10 1.8152E-10 1.9360E-10 2.0690E-10 2.2039E-10 2.3521E-10 2.5053E-10 2.6671E-10 2.8373E-10 3.0194E-10 3.2080E-10 3.4076E-10 3.6162E-10 3.8396E-10 4.0743E-10 4.3249E-10 4.5880E-10 4.8688E-10 5.1612E-10 5.4745E-10 5.8019E-10 6.1463E-10 6.5030E-10 6.8742E-10 7.2591E-10 7.6578E-10 8.0693E-10
0.0000E+00 0.0000E+00 0.0000E+00 0.0000E+00 0.0000E+00 0.0000E+00 0.0000E+00 0.0000E+00 7.1545E-12 9.9913E-12 1.6355E-11 2.1255E-11 2.9760E-11 3.1830E-11 3.8228E-11 4.7281E-11 5.7787E-11 6.4833E-11 7.0240E-11 7.6261E-11 8.2801E-11 8.9524E-11 9.6568E-11 1.0419E-10 1.1231E-10 1.2067E-10 1.2942E-10 1.3872E-10 1.4858E-10 1.5888E-10 1.7022E-10 1.8191E-10 1.9431E-10 2.0739E-10 2.2122E-10 2.3608E-10 2.5148E-10 2.6772E-10 2.8481E-10 3.0311E-10 3.2209E-10 3.4234E-10 3.6379E-10 3.8639E-10 4.1053E-10 4.3593E-10 4.6306E-10 4.9157E-10 5.2174E-10 5.5345E-10 5.8662E-10 6.2146E-10 6.5748E-10 6.9491E-10 7.3369E-10 7.7396E-10 8.1505E-10
0.0000E+00 0.0000E+00 0.0000E+00 0.0000E+00 0.0000E+00 0.0000E+00 0.0000E+00 0.0000E+00 7.1604E-12 9.9979E-12 1.6358E-11 2.1254E-11 2.9755E-11 3.1825E-11 3.8224E-11 4.7516E-11 5.8549E-11 6.4841E-11 7.0496E-11 7.6282E-11 8.2833E-11 8.9692E-11 9.6748E-11 1.0452E-10 1.1240E-10 1.2091E-10 1.2970E-10 1.3901E-10 1.4890E-10 1.5937E-10 1.7073E-10 1.8220E-10 1.9490E-10 2.0803E-10 2.2191E-10 2.3656E-10 2.5229E-10 2.6858E-10 2.8576E-10 3.0394E-10 3.2348E-10 3.4390E-10 3.6599E-10 3.8904E-10 4.1373E-10 4.3973E-10 4.6750E-10 4.9648E-10 5.2736E-10 5.5949E-10 5.9324E-10 6.2818E-10 6.6473E-10 7.0218E-10 7.4113E-10 7.8153E-10 8.2275E-10
0.0000E+00 0.0000E+00 0.0000E+00 0.0000E+00 0.0000E+00 0.0000E+00 0.0000E+00 0.0000E+00 7.1622E-12 9.9987E-12 1.6352E-11 2.1241E-11 2.9735E-11 3.1803E-11 3.8199E-11 4.7208E-11 5.8255E-11 6.4812E-11 7.0469E-11 7.6257E-11 8.2815E-11 8.9683E-11 9.6870E-11 1.0454E-10 1.1269E-10 1.2109E-10 1.3002E-10 1.3935E-10 1.4913E-10 1.5977E-10 1.7114E-10 1.8266E-10 1.9539E-10 2.0828E-10 2.2248E-10 2.3716E-10 2.5268E-10 2.6930E-10 2.8669E-10 3.0521E-10 3.2506E-10 3.4587E-10 3.6825E-10 3.9181E-10 4.1730E-10 4.4393E-10 4.7232E-10 5.0197E-10 5.3302E-10 5.6548E-10 5.9953E-10 6.3476E-10 6.7151E-10 7.0912E-10 7.4838E-10 7.8870E-10 8.2998E-10
0.0000E+00 0.0000E+00 0.0000E+00 0.0000E+00 0.0000E+00 0.0000E+00 0.0000E+00 0.0000E+00 7.1599E-12 9.9939E-12 1.6336E-11 2.1216E-11 2.9698E-11 3.1764E-11 3.8153E-11 4.7152E-11 5.8189E-11 6.4745E-11 7.0639E-11 7.6188E-11 8.2874E-11 8.9744E-11 9.7069E-11 1.0474E-10 1.1278E-10 1.2119E-10 1.3001E-10 1.3949E-10 1.4927E-10 1.6007E-10 1.7121E-10 1.8302E-10 1.9550E-10 2.0870E-10 2.2292E-10 2.3765E-10 2.5322E-10 2.6981E-10 2.8780E-10 3.0689E-10 3.2687E-10 3.4834E-10 3.7103E-10 3.9537E-10 4.2108E-10 4.4846E-10 4.7707E-10 5.0725E-10 5.3863E-10 5.7158E-10 6.0569E-10 6.4129E-10 6.7797E-10 7.1566E-10 7.5504E-10 7.9521E-10 8.3698E-10
0.0000E+00 0.0000E+00 0.0000E+00 0.0000E+00 0.0000E+00 0.0000E+00 0.0000E+00 0.0000E+00 7.1536E-12 9.9834E-12 1.6312E-11 2.1180E-11 2.9646E-11 3.1708E-11 3.8086E-11 4.7070E-11 5.8089E-11 6.4882E-11 7.0530E-11 7.6073E-11 8.2759E-11 8.9629E-11 9.7205E-11 1.0476E-10 1.1268E-10 1.2110E-10 1.3005E-10 1.3954E-10 1.4948E-10 1.6001E-10 1.7117E-10 1.8326E-10 1.9576E-10 2.0899E-10 2.2296E-10 2.3776E-10 2.5389E-10 2.7080E-10 2.8915E-10 3.0835E-10 3.2896E-10 3.5097E-10 3.7419E-10 3.9916E-10 4.2533E-10 4.5310E-10 4.8201E-10 5.1251E-10 5.4414E-10 5.7732E-10 6.1157E-10 6.4729E-10 6.8406E-10 7.2205E-10 7.6129E-10 8.0149E-10 8.4333E-10
0.0000E+00 0.0000E+00 0.0000E+00 0.0000E+00 0.0000E+00 0.0000E+00 0.0000E+00 0.0000E+00 7.1431E-12 9.9672E-12 1.6279E-11 2.1133E-11 2.9579E-11 3.1636E-11 3.7998E-11 4.6961E-11 5.7691E-11 6.4739E-11 7.0379E-11 7.5913E-11 8.2718E-11 8.9833E-11 9.7039E-11 1.0459E-10 1.1277E-10 1.2120E-10 1.3001E-10 1.3939E-10 1.4932E-10 1.6013E-10 1.7103E-10 1.8313E-10 1.9564E-10 2.0916E-10 2.2324E-10 2.3834E-10 2.5474E-10 2.7201E-10 2.9073E-10 3.1030E-10 3.3142E-10 3.5398E-10 3.7798E-10 4.0316E-10 4.2988E-10 4.5775E-10 4.8713E-10 5.1767E-10 5.4970E-10 5.8281E-10 6.1734E-10 6.5296E-10 6.8977E-10 7.2784E-10 7.6711E-10 8.0757E-10 8.4900E-10
0.0000E+00 0.0000E+00 0.0000E+00 0.0000E+00 0.0000E+00 0.0000E+00 0.0000E+00 0.0000E+00 7.1286E-12 9.9454E-12 1.6030E-11 2.0669E-11 2.9496E-11 3.1548E-11 3.7889E-11 4.6825E-11 5.7525E-11 6.4558E-11 7.0188E-11 7.5958E-11 8.2506E-11 8.9615E-11 9.6940E-11 1.0462E-10 1.1266E-10 1.2109E-10 1.3004E-10 1.3928E-10 1.4935E-10 1.6015E-10 1.7106E-10 1.8317E-10 1.9570E-10 2.0910E-10 2.2344E-10 2.3911E-10 2.5556E-10 2.7349E-10 2.9257E-10 3.1263E-10 3.3429E-10 3.5735E-10 3.8174E-10 4.0722E-10 4.3423E-10 4.6232E-10 4.9196E-10 5.2264E-10 5.5480E-10 5.8796E-10 6.2261E-10 6.5826E-10 6.9513E-10 7.3324E-10 7.7251E-10 8.1300E-10 8.5442E-10
0.0000E+00 0.0000E+00 0.0000E+00 0.0000E+00 0.0000E+00 0.0000E+00 0.0000E+00 0.0000E+00 7.1101E-12 9.9180E-12 1.5131E-11 1.8423E-11 2.9219E-11 3.1442E-11 3.7760E-11 4.6663E-11 5.7326E-11 6.4097E-11 6.9955E-11 7.5710E-11 8.2367E-11 8.9470E-11 9.6660E-11 1.0445E-10 1.1250E-10 1.2091E-10 1.2986E-10 1.3908E-10 1.4929E-10 1.5982E-10 1.7100E-10 1.8312E-10 1.9558E-10 2.0949E-10 2.2414E-10 2.4011E-10 2.5694E-10 2.7529E-10 2.9458E-10 3.1537E-10 3.3749E-10 3.6067E-10 3.8554E-10 4.1148E-10 4.3852E-10 4.6703E-10 4.9659E-10 5.2757E-10 5.5960E-10 5.9304E-10 6.2753E-10 6.6319E-10 7.0013E-10 7.3823E-10 7.7752E-10 8.1799E-10 8.5937E-10
0.0000E+00 0.0000E+00 0.0000E+00 0.0000E+00 0.0000E+00 0.0000E+00 0.0000E+00 0.0000E+00 7.0876E-12 9.8850E-12 1.5075E-11 1.8354E-11 2.8374E-11 3.1321E-11 3.7611E-11 4.3137E-11 5.7094E-11 6.3842E-11 6.9682E-11 7.5418E-11 8.2182E-11 8.9147E-11 9.6576E-11 1.0424E-10 1.1226E-10 1.2067E-10 1.2947E-10 1.3868E-10 1.4914E-10 1.5940E-10 1.7090E-10 1.8296E-10 1.9592E-10 2.1010E-10 2.2506E-10 2.4138E-10 2.5867E-10 2.7719E-10 2.9720E-10 3.1836E-10 3.4078E-10 3.6444E-10 3.8914E-10 4.1552E-10 4.4271E-10 4.7135E-10 5.0096E-10 5.3204E-10 5.6409E-10 5.9760E-10 6.3210E-10 6.6781E-10 7.0473E-10 7.4281E-10 7.8210E-10 8.2252E-10 8.6409E-10
0.0000E+00 0.0000E+00 0.0000E+00 0.0000E+00 0.0000E+00 0.0000E+00 0.0000E+00 0.0000E+00 7.0610E-12 9.8466E-12 1.5011E-11 1.8275E-11 2.8249E-11 3.1184E-11 3.7441E-11 4.2700E-11 5.6831E-11 6.3551E-11 6.9369E-11 7.5083E-11 8.1826E-11 8.8896E-11 9.6305E-11 1.0395E-10 1.1184E-10 1.2023E-10 1.2914E-10 1.3847E-10 1.4865E-10 1.5900E-10 1.7069E-10 1.8298E-10 1.9648E-10 2.1069E-10 2.2628E-10 2.4275E-10 2.6077E-10 2.7976E-10 3.0003E-10 3.2146E-10 3.4413E-10 3.6799E-10 3.9290E-10 4.1921E-10 4.4692E-10 4.7540E-10 5.0531E-10 5.3621E-10 5.6851E-10 6.0183E-10 6.3633E-10 6.7205E-10 7.0894E-10 7.4702E-10 7.8625E-10 8.2640E-10 8.6790E-10
0.0000E+00 0.0000E+00 0.0000E+00 0.0000E+00 0.0000E+00 0.0000E+00 0.0000E+00 0.0000E+00 7.0306E-12 9.8027E-12 1.4498E-11 1.8186E-11 2.7744E-11 3.1030E-11 3.6657E-11 4.2485E-11 5.3981E-11 6.3224E-11 6.9017E-11 7.4705E-11 8.1543E-11 8.8470E-11 9.5987E-11 1.0349E-10 1.1147E-10 1.1984E-10 1.2874E-10 1.3819E-10 1.4849E-10 1.5903E-10 1.7096E-10 1.8322E-10 1.9729E-10 2.1159E-10 2.2758E-10 2.4479E-10 2.6293E-10 2.8242E-10 3.0292E-10 3.2460E-10 3.4744E-10 3.7151E-10 3.9673E-10 4.2292E-10 4.5048E-10 4.7923E-10 5.0917E-10 5.4008E-10 5.7242E-10 6.0573E-10 6.4023E-10 6.7593E-10 7.1277E-10 7.5081E-10 7.8997E-10 8.3028E-10 8.7148E-10
0.0000E+00 0.0000E+00 0.0000E+00 0.0000E+00 0.0000E+00 0.0000E+00 0.0000E+00 0.0000E+00 5.6323E-12 9.2951E-12 1.2713E-11 1.8087E-11 2.5607E-11 3.0862E-11 3.3450E-11 4.2247E-11 5.3668E-11 6.2861E-11 6.8625E-11 7.4284E-11 8.1094E-11 8.7994E-11 9.5487E-11 1.0309E-10 1.1105E-10 1.1952E-10 1.2829E-10 1.3777E-10 1.4825E-10 1.5928E-10 1.7143E-10 1.8400E-10 1.9815E-10 2.1310E-10 2.2954E-10 2.4682E-10 2.6550E-10 2.8515E-10 3.0584E-10 3.2772E-10 3.5073E-10 3.7489E-10 4.0018E-10 4.2642E-10 4.5402E-10 4.8259E-10 5.1254E-10 5.4367E-10 5.7602E-10 6.0909E-10 6.4379E-10 6.7943E-10 7.1624E-10 7.5419E-10 7.9327E-10 8.3328E-10 8.7461E-10
0.0000E+00 0.0000E+00 0.0000E+00 0.0000E+00 0.0000E+00 0.0000E+00 0.0000E+00 0.0000E+00 4.7061E-12 7.4708E-12 1.2640E-11 1.7767E-11 2.4498E-11 3.0678E-11 3.2794E-11 4.1988E-11 5.3039E-11 6.2464E-11 6.8196E-11 7.3822E-11 8.0722E-11 8.7590E-11 9.5059E-11 1.0263E-10 1.1057E-10 1.1895E-10 1.2787E-10 1.3778E-10 1.4820E-10 1.5947E-10 1.7191E-10 1.8510E-10 1.9961E-10 2.1500E-10 2.3172E-10 2.4925E-10 2.6813E-10 2.8790E-10 3.0878E-10 3.3077E-10 3.5388E-10 3.7786E-10 4.0343E-10 4.2990E-10 4.5732E-10 4.8611E-10 5.1586E-10 5.4699E-10 5.7909E-10 6.1256E-10 6.4700E-10 6.8257E-10 7.1931E-10 7.5718E-10 7.9594E-10 8.3607E-10 8.7728E-10
0.0000E+00 0.0000E+00 0.0000E+00 0.0000E+00 0.0000E+00 0.0000E+00 0.0000E+00 0.0000E+00 4.6781E-12 7.4259E-12 1.2108E-11 1.7031E-11 2.3174E-11 3.0478E-11 3.2581E-11 4.1707E-11 5.1840E-11 6.2033E-11 6.7729E-11 7.3319E-11 8.0182E-11 8.7140E-11 9.4451E-11 1.0212E-10 1.1013E-10 1.1866E-10 1.2761E-10 1.3798E-10 1.4838E-10 1.6020E-10 1.7271E-10 1.8654E-10 2.0116E-10 2.1708E-10 2.3373E-10 2.5174E-10 2.7051E-10 2.9044E-10 3.1163E-10 3.3349E-10 3.5684E-10 3.8109E-10 4.0625E-10 4.3295E-10 4.6038E-10 4.8917E-10 5.1890E-10 5.5001E-10 5.8206E-10 6.1549E-10 6.4985E-10 6.8513E-10 7.2178E-10 7.5954E-10 7.9843E-10 8.3843E-10 8.7950E-10
0.0000E+00 0.0000E+00 0.0000E+00 0.0000E+00 0.0000E+00 0.0000E+00 0.0000E+00 0.0000E+00 4.6477E-12 7.3771E-12 1.1142E-11 1.6709E-11 2.2040E-11 3.0264E-11 3.2353E-11 4.0883E-11 5.0102E-11 6.1569E-11 6.7226E-11 7.2528E-11 7.9599E-11 8.6638E-11 9.3932E-11 1.0171E-10 1.0972E-10 1.1855E-10 1.2756E-10 1.3817E-10 1.4884E-10 1.6124E-10 1.7386E-10 1.8801E-10 2.0284E-10 2.1896E-10 2.3579E-10 2.5396E-10 2.7308E-10 2.9309E-10 3.1414E-10 3.3644E-10 3.5942E-10 3.8390E-10 4.0906E-10 4.3557E-10 4.6318E-10 4.9197E-10 5.2188E-10 5.5273E-10 5.8472E-10 6.1787E-10 6.5235E-10 6.8755E-10 7.2409E-10 7.6173E-10 8.0051E-10 8.4036E-10 8.8130E-10
0.0000E+00 0.0000E+00 0.0000E+00 0.0000E+00 0.0000E+00 0.0000E+00 0.0000E+00 0.0000E+00 4.6148E-12 7.3243E-12 1.0199E-11 1.6581E-11 2.1316E-11 3.0036E-11 3.2109E-11 3.9546E-11 4.8646E-11 6.1073E-11 6.6687E-11 7.1947E-11 7.8972E-11 8.6137E-11 9.3415E-11 1.0131E-10 1.0962E-10 1.1850E-10 1.2800E-10 1.3889E-10 1.4987E-10 1.6237E-10 1.7524E-10 1.8986E-10 2.0460E-10 2.2115E-10 2.3816E-10 2.5643E-10 2.7556E-10 2.9559E-10 3.1670E-10 3.3882E-10 3.6201E-10 3.8630E-10 4.1188E-10 4.3816E-10 4.6576E-10 4.9450E-10 5.2437E-10 5.5516E-10 5.8708E-10 6.2013E-10 6.5430E-10 6.8961E-10 7.2603E-10 7.6355E-10 8.0218E-10 8.4187E-10 8.8266E-10
0.0000E+00 0.0000E+00 0.0000E+00 0.0000E+00 0.0000E+00 0.0000E+00 0.0000E+00 0.0000E+00 3.6478E-12 7.2678E-12 1.0119E-11 1.6231E-11 2.0578E-11 2.9794E-11 3.1850E-11 3.8225E-11 4.7119E-11 6.0280E-11 6.6113E-11 7.1332E-11 7.8376E-11 8.5644E-11 9.3293E-11 1.0122E-10 1.0958E-10 1.1881E-10 1.2873E-10 1.3966E-10 1.5096E-10 1.6394E-10 1.7700E-10 1.9179E-10 2.0669E-10 2.2337E-10 2.4047E-10 2.5881E-10 2.7789E-10 2.9798E-10 3.1909E-10 3.4123E-10 3.6463E-10 3.8870E-10 4.1406E-10 4.4051E-10 4.6809E-10 4.9655E-10 5.2636E-10 5.5728E-10 5.8912E-10 6.2207E-10 6.5614E-10 6.9132E-10 7.2759E-10 7.6498E-10 8.0345E-10 8.4299E-10 8.8360E-10
0.0000E+00 0.0000E+00 0.0000E+00 0.0000E+00 0.0000E+00 0.0000E+00 0.0000E+00 0.0000E+00 1.7938E-12 7.2077E-12 1.0034E-11 1.5667E-11 1.9494E-11 2.9352E-11 3.1576E-11 3.7885E-11 4.5549E-11 5.9206E-11 6.5264E-11 7.0779E-11 7.7788E-11 8.5304E-11 9.3098E-11 1.0121E-10 1.0991E-10 1.1941E-10 1.2950E-10 1.4070E-10 1.5247E-10 1.6535E-10 1.7856E-10 1.9348E-10 2.0878E-10 2.2527E-10 2.4242E-10 2.6079E-10 2.7991E-10 3.0021E-10 3.2130E-10 3.4347E-10 3.6665E-10 3.9090E-10 4.1623E-10 4.4263E-10 4.7016E-10 4.9877E-10 5.2829E-10 5.5912E-10 5.9086E-10 6.2369E-10 6.5764E-10 6.9267E-10 7.2858E-10 7.6604E-10 8.0433E-10 8.4347E-10 8.8412E-10
0.0000E+00 0.0000E+00 0.0000E+00 0.0000E+00 0.0000E+00 0.0000E+00 0.0000E+00 0.0000E+00 0.0000E+00 7.1439E-12 9.9441E-12 1.4234E-11 1.8567E-11 2.8354E-11 3.1288E-11 3.6114E-11 4.4311E-11 5.7360E-11 6.4041E-11 7.0363E-11 7.7363E-11 8.5135E-11 9.3101E-11 1.0156E-10 1.1051E-10 1.2017E-10 1.3076E-10 1.4187E-10 1.5379E-10 1.6681E-10 1.8043E-10 1.9517E-10 2.1054E-10 2.2707E-10 2.4453E-10 2.6284E-10 2.8197E-10 3.0207E-10 3.2338E-10 3.4551E-10 3.6868E-10 3.9288E-10 4.1818E-10 4.4454E-10 4.7198E-10 5.0052E-10 5.2994E-10 5.6045E-10 5.9229E-10 6.2477E-10 6.5858E-10 6.9368E-10 7.2944E-10 7.6650E-10 8.0461E-10 8.4379E-10 8.8400E-10
