Assets/Resources/2015_m01_d05_1100(utc+0800)_l00_csi_1hr_conc.grd
DSAA
         159         159
     -79.000      79.000
     -79.000      79.000
  0.1054E-09  0.4118E-05
[rows 0 to 24 of 159, columns 57 to 113 of 159]
7.3248E-10 7.2618E-10 7.1981E-10 7.1338E-10 7.0688E-10 7.0032E-10 6.9370E-10 6.8702E-10 6.8030E-10 6.7352E-10 6.6670E-10 6.5984E-10 6.5295E-10 6.4602E-10 6.3906E-10 6.3207E-10 6.2505E-10 6.1802E-10 6.1097E-10 6.0390E-10 5.9682E-10 5.8973E-10 5.8264E-10 5.7554E-10 5.6845E-10 5.6136E-10 5.5427E-10 5.4719E-10 5.4012E-10 5.3307E-10 5.2604E-10 5.1902E-10 5.1203E-10 5.0506E-10 4.9811E-10 4.9120E-10 4.8431E-10 4.7746E-10 4.7064E-10 4.6386E-10 4.5712E-10 4.5042E-10 4.4377E-10 4.3715E-10 4.3059E-10 4.2407E-10 4.1760E-10 4.1118E-10 4.0481E-10 3.9850E-10 3.9224E-10 3.8604E-10 3.7989E-10 3.7380E-10 3.6777E-10 3.6180E-10 3.5590E-10
7.4360E-10 7.3439E-10 7.2753E-10 7.2102E-10 7.1444E-10 7.0780E-10 7.0111E-10 6.9435E-10 6.8755E-10 6.8069E-10 6.7380E-10 6.6686E-10 6.5988E-10 6.5287E-10 6.4582E-10 6.3875E-10 6.3166E-10 6.2454E-10 6.1740E-10 6.1025E-10 6.0309E-10 5.9592E-10 5.8874E-10 5.8156E-10 5.7438E-10 5.6721E-10 5.6004E-10 5.5288E-10 5.4573E-10 5.3859E-10 5.3148E-10 5.2438E-10 5.1730E-10 5.1025E-10 5.0322E-10 4.9622E-10 4.8926E-10 4.8233E-10 4.7543E-10 4.6857E-10 4.6175E-10 4.5497E-10 4.4824E-10 4.4155E-10 4.3490E-10 4.2831E-10 4.2176E-10 4.1527E-10 4.0883E-10 4.0244E-10 3.9611E-10 3.8983E-10 3.8361E-10 3.7746E-10 3.7136E-10 3.6532E-10 3.5934E-10
7.5832E-10 7.4772E-10 7.3784E-10 7.2862E-10 7.2197E-10 7.1525E-10 7.0848E-10 7.0164E-10 6.9476E-10 6.8783E-10 6.8085E-10 6.7383E-10 6.6677E-10 6.5968E-10 6.5255E-10 6.4540E-10 6.3822E-10 6.3102E-10 6.2381E-10 6.1657E-10 6.0933E-10 6.0207E-10 5.9481E-10 5.8755E-10 5.8029E-10 5.7303E-10 5.6578E-10 5.5853E-10 5.5130E-10 5.4409E-10 5.3688E-10 5.2970E-10 5.2255E-10 5.1541E-10 5.0830E-10 5.0123E-10 4.9418E-10 4.8717E-10 4.8019E-10 4.7325E-10 4.6635E-10 4.5950E-10 4.5269E-10 4.4592E-10 4.3920E-10 4.3253E-10 4.2591E-10 4.1934E-10 4.1282E-10 4.0636E-10 3.9996E-10 3.9361E-10 3.8732E-10 3.8109E-10 3.7492E-10 3.6882E-10 3.6277E-10
7.8071E-10 7.6527E-10 7.5262E-10 7.4108E-10 7.3104E-10 7.2265E-10 7.1580E-10 7.0889E-10 7.0193E-10 6.9492E-10 6.8786E-10 6.8076E-10 6.7363E-10 6.6645E-10 6.5925E-10 6.5201E-10 6.4475E-10 6.3747E-10 6.3017E-10 6.2286E-10 6.1553E-10 6.0819E-10 6.0085E-10 5.9351E-10 5.8616E-10 5.7882E-10 5.7148E-10 5.6416E-10 5.5684E-10 5.4955E-10 5.4226E-10 5.3500E-10 5.2776E-10 5.2055E-10 5.1336E-10 5.0620E-10 4.9907E-10 4.9198E-10 4.8493E-10 4.7791E-10 4.7093E-10 4.6400E-10 4.5711E-10 4.5026E-10 4.4347E-10 4.3672E-10 4.3003E-10 4.2338E-10 4.1679E-10 4.1026E-10 4.0378E-10 3.9737E-10 3.9101E-10 3.8471E-10 3.7847E-10 3.7229E-10 3.6618E-10
8.0314E-10 7.9096E-10 7.7568E-10 7.5924E-10 7.4479E-10 7.3342E-10 7.2308E-10 7.1609E-10 7.0905E-10 7.0196E-10 6.9483E-10 6.8765E-10 6.8043E-10 6.7318E-10 6.6589E-10 6.5858E-10 6.5124E-10 6.4388E-10 6.3650E-10 6.2910E-10 6.2169E-10 6.1427E-10 6.0685E-10 5.9942E-10 5.9200E-10 5.8457E-10 5.7715E-10 5.6975E-10 5.6235E-10 5.5497E-10 5.4761E-10 5.4026E-10 5.3294E-10 5.2565E-10 5.1838E-10 5.1114E-10 5.0394E-10 4.9676E-10 4.8963E-10 4.8254E-10 4.7548E-10 4.6847E-10 4.6150E-10 4.5458E-10 4.4771E-10 4.4089E-10 4.3412E-10 4.2740E-10 4.2074E-10 4.1414E-10 4.0759E-10 4.0110E-10 3.9467E-10 3.8830E-10 3.8199E-10 3.7575E-10 3.6957E-10
8.1649E-10 8.0687E-10 7.9727E-10 7.8469E-10 7.6807E-10 7.5143E-10 7.3548E-10 7.2324E-10 7.1613E-10 7.0896E-10 7.0175E-10 6.9449E-10 6.8719E-10 6.7986E-10 6.7250E-10 6.6510E-10 6.5768E-10 6.5024E-10 6.4278E-10 6.3530E-10 6.2781E-10 6.2031E-10 6.1280E-10 6.0530E-10 5.9779E-10 5.9028E-10 5.8279E-10 5.7530E-10 5.6782E-10 5.6036E-10 5.5292E-10 5.4549E-10 5.3809E-10 5.3071E-10 5.2337E-10 5.1605E-10 5.0877E-10 5.0152E-10 4.9430E-10 4.8713E-10 4.8000E-10 4.7291E-10 4.6587E-10 4.5887E-10 4.5193E-10 4.4503E-10 4.3819E-10 4.3140E-10 4.2466E-10 4.1798E-10 4.1137E-10 4.0480E-10 3.9831E-10 3.9187E-10 3.8549E-10 3.7918E-10 3.7294E-10
8.3046E-10 8.2035E-10 8.1027E-10 8.0024E-10 7.8999E-10 7.7673E-10 7.5817E-10 7.3957E-10 7.2314E-10 7.1590E-10 7.0861E-10 7.0128E-10 6.9390E-10 6.8649E-10 6.7905E-10 6.7158E-10 6.6408E-10 6.5655E-10 6.4901E-10 6.4145E-10 6.3388E-10 6.2630E-10 6.1872E-10 6.1113E-10 6.0354E-10 5.9596E-10 5.8838E-10 5.8081E-10 5.7325E-10 5.6571E-10 5.5818E-10 5.5068E-10 5.4320E-10 5.3575E-10 5.2832E-10 5.2092E-10 5.1356E-10 5.0623E-10 4.9894E-10 4.9169E-10 4.8449E-10 4.7732E-10 4.7020E-10 4.6313E-10 4.5611E-10 4.4914E-10 4.4222E-10 4.3536E-10 4.2856E-10 4.2181E-10 4.1512E-10 4.0849E-10 4.0192E-10 3.9541E-10 3.8897E-10 3.8259E-10 3.7628E-10
8.4511E-10 8.3446E-10 8.2387E-10 8.1333E-10 8.0287E-10 7.9248E-10 7.8095E-10 7.6546E-10 7.4361E-10 7.2410E-10 7.1542E-10 7.0801E-10 7.0056E-10 6.9307E-10 6.8555E-10 6.7800E-10 6.7042E-10 6.6282E-10 6.5520E-10 6.4756E-10 6.3991E-10 6.3225E-10 6.2458E-10 6.1691E-10 6.0925E-10 6.0158E-10 5.9392E-10 5.8627E-10 5.7864E-10 5.7102E-10 5.6341E-10 5.5583E-10 5.4827E-10 5.4074E-10 5.3323E-10 5.2576E-10 5.1832E-10 5.1091E-10 5.0355E-10 4.9622E-10 4.8894E-10 4.8170E-10 4.7450E-10 4.6736E-10 4.6026E-10 4.5322E-10 4.4623E-10 4.3930E-10 4.3242E-10 4.2560E-10 4.1884E-10 4.1214E-10 4.0550E-10 3.9893E-10 3.9242E-10 3.8597E-10 3.7959E-10
8.6050E-10 8.4927E-10 8.3811E-10 8.2701E-10 8.1601E-10 8.0511E-10 7.9432E-10 7.8364E-10 7.6991E-10 7.4768E-10 7.2540E-10 7.1469E-10 7.0716E-10 6.9959E-10 6.9199E-10 6.8436E-10 6.7671E-10 6.6903E-10 6.6133E-10 6.5361E-10 6.4588E-10 6.3814E-10 6.3040E-10 6.2265E-10 6.1490E-10 6.0716E-10 5.9942E-10 5.9169E-10 5.8398E-10 5.7628E-10 5.6860E-10 5.6094E-10 5.5330E-10 5.4569E-10 5.3811E-10 5.3055E-10 5.2304E-10 5.1556E-10 5.0811E-10 5.0071E-10 4.9335E-10 4.8604E-10 4.7877E-10 4.7155E-10 4.6438E-10 4.5727E-10 4.5021E-10 4.4320E-10 4.3625E-10 4.2936E-10 4.2253E-10 4.1576E-10 4.0906E-10 4.0241E-10 3.9584E-10 3.8933E-10 3.8288E-10
8.7672E-10 8.6484E-10 8.5305E-10 8.4135E-10 8.2976E-10 8.1829E-10 8.0695E-10 7.9576E-10 7.8470E-10 7.7291E-10 7.4157E-10 7.2657E-10 7.1506E-10 7.0605E-10 6.9838E-10 6.9067E-10 6.8294E-10 6.7518E-10 6.6740E-10 6.5961E-10 6.5180E-10 6.4399E-10 6.3616E-10 6.2834E-10 6.2051E-10 6.1269E-10 6.0487E-10 5.9707E-10 5.8927E-10 5.8150E-10 5.7374E-10 5.6600E-10 5.5828E-10 5.5059E-10 5.4293E-10 5.3531E-10 5.2771E-10 5.2016E-10 5.1264E-10 5.0516E-10 4.9773E-10 4.9034E-10 4.8300E-10 4.7571E-10 4.6847E-10 4.6128E-10 4.5414E-10 4.4707E-10 4.4005E-10 4.3309E-10 4.2619E-10 4.1935E-10 4.1258E-10 4.0587E-10 3.9923E-10 3.9265E-10 3.8614E-10
8.9542E-10 8.8123E-10 8.6875E-10 8.5638E-10 8.4415E-10 8.3206E-10 8.2013E-10 8.0837E-10 7.9677E-10 7.8535E-10 7.7411E-10 7.4237E-10 7.2832E-10 7.1515E-10 7.0470E-10 6.9692E-10 6.8911E-10 6.8127E-10 6.7342E-10 6.6555E-10 6.5766E-10 6.4977E-10 6.4187E-10 6.3397E-10 6.2606E-10 6.1816E-10 6.1027E-10 6.0239E-10 5.9452E-10 5.8666E-10 5.7882E-10 5.7101E-10 5.6322E-10 5.5545E-10 5.4772E-10 5.4001E-10 5.3235E-10 5.2471E-10 5.1712E-10 5.0957E-10 5.0206E-10 4.9460E-10 4.8719E-10 4.7982E-10 4.7251E-10 4.6525E-10 4.5805E-10 4.5090E-10 4.4381E-10 4.3678E-10 4.2982E-10 4.2291E-10 4.1607E-10 4.0930E-10 4.0259E-10 3.9595E-10 3.8937E-10
9.1705E-10 8.9849E-10 8.8527E-10 8.7218E-10 8.5924E-10 8.4648E-10 8.3390E-10 8.2151E-10 8.0932E-10 7.9734E-10 7.8557E-10 7.7400E-10 7.4276E-10 7.2955E-10 7.1485E-10 7.0333E-10 6.9521E-10 6.8731E-10 6.7937E-10 6.7143E-10 6.6347E-10 6.5550E-10 6.4752E-10 6.3954E-10 6.3156E-10 6.2358E-10 6.1561E-10 6.0765E-10 5.9971E-10 5.9178E-10 5.8386E-10 5.7597E-10 5.6810E-10 5.6026E-10 5.5245E-10 5.4468E-10 5.3693E-10 5.2923E-10 5.2156E-10 5.1393E-10 5.0635E-10 4.9882E-10 4.9133E-10 4.8390E-10 4.7651E-10 4.6919E-10 4.6191E-10 4.5470E-10 4.4754E-10 4.4044E-10 4.3341E-10 4.2643E-10 4.1953E-10 4.1269E-10 4.0591E-10 3.9921E-10 3.9257E-10
9.3799E-10 9.1668E-10 9.0267E-10 8.8878E-10 8.7508E-10 8.6158E-10 8.4829E-10 8.3523E-10 8.2240E-10 8.0980E-10 7.9745E-10 7.8533E-10 7.6384E-10 7.4268E-10 7.2950E-10 7.1411E-10 7.0224E-10 6.9327E-10 6.8527E-10 6.7724E-10 6.6921E-10 6.6116E-10 6.5311E-10 6.4505E-10 6.3700E-10 6.2895E-10 6.2090E-10 6.1286E-10 6.0484E-10 5.9684E-10 5.8885E-10 5.8088E-10 5.7294E-10 5.6502E-10 5.5714E-10 5.4929E-10 5.4147E-10 5.3369E-10 5.2595E-10 5.1825E-10 5.1060E-10 5.0300E-10 4.9544E-10 4.8793E-10 4.8048E-10 4.7308E-10 4.6573E-10 4.5845E-10 4.5122E-10 4.4406E-10 4.3696E-10 4.2992E-10 4.2295E-10 4.1604E-10 4.0920E-10 4.0244E-10 3.9574E-10
9.6242E-10 9.3917E-10 9.2099E-10 9.0626E-10 8.9172E-10 8.7742E-10 8.6337E-10 8.4957E-10 8.3604E-10 8.2277E-10 8.0979E-10 7.9707E-10 7.8463E-10 7.6272E-10 7.4206E-10 7.2847E-10 7.1314E-10 7.0073E-10 6.9109E-10 6.8299E-10 6.7488E-10 6.6676E-10 6.5863E-10 6.5050E-10 6.4237E-10 6.3425E-10 6.2613E-10 6.1802E-10 6.0992E-10 6.0184E-10 5.9377E-10 5.8573E-10 5.7772E-10 5.6973E-10 5.6177E-10 5.5385E-10 5.4596E-10 5.3810E-10 5.3029E-10 5.2252E-10 5.1480E-10 5.0712E-10 4.9950E-10 4.9192E-10 4.8440E-10 4.7693E-10 4.6952E-10 4.6216E-10 4.5487E-10 4.4764E-10 4.4047E-10 4.3337E-10 4.2633E-10 4.1936E-10 4.1246E-10 4.0563E-10 3.9887E-10
9.8758E-10 9.6313E-10 9.4030E-10 9.2465E-10 9.0922E-10 8.9405E-10 8.7916E-10 8.6456E-10 8.5027E-10 8.3629E-10 8.2261E-10 8.0925E-10 7.9621E-10 7.8346E-10 7.6118E-10 7.4045E-10 7.2695E-10 7.1183E-10 6.9881E-10 6.8867E-10 6.8049E-10 6.7229E-10 6.6409E-10 6.5589E-10 6.4768E-10 6.3948E-10 6.3129E-10 6.2311E-10 6.1493E-10 6.0678E-10 5.9864E-10 5.9053E-10 5.8244E-10 5.7438E-10 5.6635E-10 5.5835E-10 5.5039E-10 5.4247E-10 5.3458E-10 5.2674E-10 5.1895E-10 5.1120E-10 5.0351E-10 4.9586E-10 4.8827E-10 4.8073E-10 4.7325E-10 4.6583E-10 4.5847E-10 4.5118E-10 4.4394E-10 4.3678E-10 4.2967E-10 4.2264E-10 4.1568E-10 4.0878E-10 4.0196E-10
1.0129E-09 9.8727E-10 9.6232E-10 9.4401E-10 9.2762E-10 9.1150E-10 8.9571E-10 8.8025E-10 8.6513E-10 8.5037E-10 8.3596E-10 8.2190E-10 8.0820E-10 7.9483E-10 7.8181E-10 7.4867E-10 7.3836E-10 7.2490E-10 7.0988E-10 6.9647E-10 6.8602E-10 6.7775E-10 6.6948E-10 6.6120E-10 6.5293E-10 6.4465E-10 6.3639E-10 6.2813E-10 6.1989E-10 6.1166E-10 6.0345E-10 5.9527E-10 5.8711E-10 5.7897E-10 5.7087E-10 5.6280E-10 5.5477E-10 5.4678E-10 5.3882E-10 5.3091E-10 5.2305E-10 5.1523E-10 5.0747E-10 4.9975E-10 4.9209E-10 4.8449E-10 4.7694E-10 4.6946E-10 4.6203E-10 4.5467E-10 4.4737E-10 4.4014E-10 4.3298E-10 4.2588E-10 4.1885E-10 4.1190E-10 4.0502E-10
1.0392E-09 1.0135E-09 9.8741E-10 9.6440E-10 9.4696E-10 9.2983E-10 9.1306E-10 8.9667E-10 8.8067E-10 8.6506E-10 8.4985E-10 8.3504E-10 8.2063E-10 8.0660E-10 7.9295E-10 7.7968E-10 7.4639E-10 7.3592E-10 7.2238E-10 7.0731E-10 6.9370E-10 6.8314E-10 6.7480E-10 6.6645E-10 6.5810E-10 6.4976E-10 6.4142E-10 6.3309E-10 6.2477E-10 6.1648E-10 6.0820E-10 5.9994E-10 5.9171E-10 5.8350E-10 5.7533E-10 5.6719E-10 5.5909E-10 5.5103E-10 5.4300E-10 5.3503E-10 5.2709E-10 5.1921E-10 5.1138E-10 5.0359E-10 4.9587E-10 4.8820E-10 4.8059E-10 4.7303E-10 4.6555E-10 4.5812E-10 4.5076E-10 4.4346E-10 4.3624E-10 4.2908E-10 4.2199E-10 4.1498E-10 4.0803E-10
1.0678E-09 1.0415E-09 1.0118E-09 9.8587E-10 9.6728E-10 9.4909E-10 9.3126E-10 9.1386E-10 8.9691E-10 8.8039E-10 8.6432E-10 8.4870E-10 8.3352E-10 8.1878E-10 8.0446E-10 7.9056E-10 7.7706E-10 7.4376E-10 7.3314E-10 7.1939E-10 7.0405E-10 6.9051E-10 6.8004E-10 6.7162E-10 6.6320E-10 6.5479E-10 6.4638E-10 6.3798E-10 6.2959E-10 6.2122E-10 6.1287E-10 6.0455E-10 5.9625E-10 5.8797E-10 5.7973E-10 5.7152E-10 5.6335E-10 5.5522E-10 5.4713E-10 5.3908E-10 5.3108E-10 5.2313E-10 5.1523E-10 5.0738E-10 4.9959E-10 4.9186E-10 4.8418E-10 4.7656E-10 4.6901E-10 4.6152E-10 4.5410E-10 4.4674E-10 4.3945E-10 4.3223E-10 4.2509E-10 4.1801E-10 4.1101E-10
1.0955E-09 1.0675E-09 1.0384E-09 1.0101E-09 9.8866E-10 9.6928E-10 9.5034E-10 9.3186E-10 9.1387E-10 8.9638E-10 8.7939E-10 8.6290E-10 8.4690E-10 8.3139E-10 8.1635E-10 8.0178E-10 7.8763E-10 7.6293E-10 7.4076E-10 7.3002E-10 7.1588E-10 7.0019E-10 6.8692E-10 6.7671E-10 6.6823E-10 6.5974E-10 6.5126E-10 6.4279E-10 6.3434E-10 6.2590E-10 6.1748E-10 6.0909E-10 6.0072E-10 5.9238E-10 5.8407E-10 5.7579E-10 5.6755E-10 5.5935E-10 5.5119E-10 5.4308E-10 5.3501E-10 5.2700E-10 5.1903E-10 5.1112E-10 5.0326E-10 4.9546E-10 4.8772E-10 4.8004E-10 4.7243E-10 4.6487E-10 4.5739E-10 4.4997E-10 4.4262E-10 4.3534E-10 4.2814E-10 4.2100E-10 4.1394E-10
1.1247E-09 1.0988E-09 1.0640E-09 1.0374E-09 1.0111E-09 9.9047E-10 9.7033E-10 9.5070E-10 9.3161E-10 9.1307E-10 8.9508E-10 8.7766E-10 8.6078E-10 8.4445E-10 8.2864E-10 8.1330E-10 7.9833E-10 7.8386E-10 7.4849E-10 7.3742E-10 7.2656E-10 7.1191E-10 6.9605E-10 6.8294E-10 6.7317E-10 6.6462E-10 6.5607E-10 6.4754E-10 6.3901E-10 6.3051E-10 6.2202E-10 6.1356E-10 6.0512E-10 5.9671E-10 5.8833E-10 5.7999E-10 5.7169E-10 5.6342E-10 5.5520E-10 5.4702E-10 5.3888E-10 5.3080E-10 5.2277E-10 5.1480E-10 5.0687E-10 4.9901E-10 4.9121E-10 4.8347E-10 4.7579E-10 4.6818E-10 4.6063E-10 4.5315E-10 4.4574E-10 4.3841E-10 4.3114E-10 4.2395E-10 4.1683E-10
1.1563E-09 1.1277E-09 1.0940E-09 1.0626E-09 1.0347E-09 1.0127E-09 9.9125E-10 9.7040E-10 9.5012E-10 9.3046E-10 9.1142E-10 8.9300E-10 8.7519E-10 8.5797E-10 8.4124E-10 8.2499E-10 8.0931E-10 7.9420E-10 7.7962E-10 7.4491E-10 7.3374E-10 7.2227E-10 7.0749E-10 6.9165E-10 6.7860E-10 6.6942E-10 6.6081E-10 6.5220E-10 6.4361E-10 6.3504E-10 6.2649E-10 6.1796E-10 6.0945E-10 6.0098E-10 5.9253E-10 5.8413E-10 5.7575E-10 5.6742E-10 5.5913E-10 5.5089E-10 5.4269E-10 5.3455E-10 5.2645E-10 5.1841E-10 5.1043E-10 5.0251E-10 4.9464E-10 4.8684E-10 4.7910E-10 4.7143E-10 4.6382E-10 4.5628E-10 4.4882E-10 4.4142E-10 4.3410E-10 4.2685E-10 4.1968E-10
1.1923E-09 1.1606E-09 1.1266E-09 1.0929E-09 1.0594E-09 1.0360E-09 1.0131E-09 9.9097E-10 9.6945E-10 9.4859E-10 9.2842E-10 9.0894E-10 8.9012E-10 8.7181E-10 8.5409E-10 8.3702E-10 8.2060E-10 8.0480E-10 7.8958E-10 7.6391E-10 7.4098E-10 7.2971E-10 7.1736E-10 7.0267E-10 6.8689E-10 6.7414E-10 6.6546E-10 6.5679E-10 6.4813E-10 6.3949E-10 6.3088E-10 6.2228E-10 6.1371E-10 6.0517E-10 5.9666E-10 5.8819E-10 5.7975E-10 5.7136E-10 5.6301E-10 5.5470E-10 5.4644E-10 5.3823E-10 5.3008E-10 5.2197E-10 5.1393E-10 5.0594E-10 4.9802E-10 4.9016E-10 4.8236E-10 4.7462E-10 4.6696E-10 4.5936E-10 4.5184E-10 4.4439E-10 4.3701E-10 4.2970E-10 4.2247E-10
1.2296E-09 1.1958E-09 1.1622E-09 1.1227E-09 1.0871E-09 1.0603E-09 1.0360E-09 1.0124E-09 9.8960E-10 9.6747E-10 9.4610E-10 9.2548E-10 9.0537E-10 8.8598E-10 8.6734E-10 8.4942E-10 8.3221E-10 8.1567E-10 7.9989E-10 7.8475E-10 7.5936E-10 7.3670E-10 7.2536E-10 7.1198E-10 6.9700E-10 6.8175E-10 6.7002E-10 6.6129E-10 6.5257E-10 6.4387E-10 6.3519E-10 6.2653E-10 6.1789E-10 6.0929E-10 6.0072E-10 5.9218E-10 5.8368E-10 5.7523E-10 5.6681E-10 5.5844E-10 5.5012E-10 5.4185E-10 5.3363E-10 5.2547E-10 5.1737E-10 5.0932E-10 5.0133E-10 4.9341E-10 4.8556E-10 4.7777E-10 4.7004E-10 4.6239E-10 4.5481E-10 4.4730E-10 4.3987E-10 4.3251E-10 4.2522E-10
1.2698E-09 1.2340E-09 1.1986E-09 1.1568E-09 1.1207E-09 1.0867E-09 1.0599E-09 1.0348E-09 1.0106E-09 9.8711E-10 9.6443E-10 9.4232E-10 9.2105E-10 9.0061E-10 8.8100E-10 8.6218E-10 8.4413E-10 8.2698E-10 8.1053E-10 7.9472E-10 7.7952E-10 7.5441E-10 7.3209E-10 7.2070E-10 7.0626E-10 6.9028E-10 6.7630E-10 6.6571E-10 6.5693E-10 6.4816E-10 6.3942E-10 6.3070E-10 6.2200E-10 6.1333E-10 6.0470E-10 5.9610E-10 5.8754E-10 5.7902E-10 5.7054E-10 5.6212E-10 5.5373E-10 5.4540E-10 5.3713E-10 5.2890E-10 5.2074E-10 5.1263E-10 5.0459E-10 4.9661E-10 4.8870E-10 4.8085E-10 4.7307E-10 4.6536E-10 4.5773E-10 4.5016E-10 4.4267E-10 4.3526E-10 4.2792E-10
1.3106E-09 1.2722E-09 1.2363E-09 1.1935E-09 1.1526E-09 1.1165E-09 1.0865E-09 1.0581E-09 1.0324E-09 1.0074E-09 9.8310E-10 9.5971E-10 9.3726E-10 9.1573E-10 8.9508E-10 8.7533E-10 8.5660E-10 8.3865E-10 8.2143E-10 8.0492E-10 7.8906E-10 7.7384E-10 7.3886E-10 7.2716E-10 7.1564E-10 7.0017E-10 6.8413E-10 6.7057E-10 6.6120E-10 6.5237E-10 6.4356E-10 6.3478E-10 6.2603E-10 6.1730E-10 6.0860E-10 5.9994E-10 5.9132E-10 5.8274E-10 5.7421E-10 5.6572E-10 5.5728E-10 5.4889E-10 5.4055E-10 5.3227E-10 5.2405E-10 5.1589E-10 5.0779E-10 4.9975E-10 4.9178E-10 4.8388E-10 4.7604E-10 4.6828E-10 4.6059E-10 4.5297E-10 4.4543E-10 4.3796E-10 4.3057E-10
