Assets/Resources/2015_m01_d23_1800(utc+0800)_l00_csi_1hr_conc.grd
DSAA
         159         159
     -79.000      79.000
     -79.000      79.000
  0.0000E+00  0.6592E-04
[rows 0 to 24 of 159, columns 57 to 113 of 159]
1.4898E-10 1.6162E-10 1.7500E-10 1.8806E-10 2.0236E-10 2.1685E-10 2.3172E-10 2.4695E-10 2.6251E-10 2.7802E-10 2.9398E-10 3.1034E-10 3.2690E-10 3.4311E-10 3.5995E-10 3.7637E-10 3.9335E-10 4.0985E-10 4.2684E-10 4.4330E-10 4.6018E-10 4.7648E-10 4.9313E-10 5.0916E-10 5.2499E-10 5.4113E-10 5.5655E-10 5.7222E-10 5.8714E-10 6.0220E-10 6.1654E-10 6.3070E-10 6.4454E-10 6.5787E-10 6.7083E-10 6.8342E-10 6.9561E-10 7.0740E-10 7.1900E-10 7.2999E-10 7.4056E-10 7.5072E-10 7.6045E-10 7.6976E-10 7.7864E-10 7.8710E-10 7.9513E-10 8.0274E-10 8.0993E-10 8.1670E-10 8.2306E-10 8.2900E-10 8.3454E-10 8.3969E-10 8.4443E-10 8.4879E-10 8.5277E-10
1.5160E-10 1.6424E-10 1.7792E-10 1.9127E-10 2.0590E-10 2.2071E-10 2.3593E-10 2.5151E-10 2.6743E-10 2.8348E-10 2.9964E-10 3.1638E-10 3.3333E-10 3.5025E-10 3.6715E-10 3.8395E-10 4.0132E-10 4.1820E-10 4.3558E-10 4.5242E-10 4.6968E-10 4.8634E-10 5.0336E-10 5.1974E-10 5.3642E-10 5.5241E-10 5.6816E-10 5.8416E-10 5.9939E-10 6.1476E-10 6.2939E-10 6.4397E-10 6.5793E-10 6.7152E-10 6.8472E-10 6.9753E-10 7.1013E-10 7.2214E-10 7.3373E-10 7.4490E-10 7.5564E-10 7.6595E-10 7.7582E-10 7.8526E-10 7.9426E-10 8.0282E-10 8.1094E-10 8.1863E-10 8.2589E-10 8.3272E-10 8.3912E-10 8.4510E-10 8.5067E-10 8.5583E-10 8.6058E-10 8.6493E-10 8.6890E-10
1.5395E-10 1.6688E-10 1.8086E-10 1.9451E-10 2.0946E-10 2.2462E-10 2.4018E-10 2.5613E-10 2.7242E-10 2.8902E-10 3.0555E-10 3.2251E-10 3.3985E-10 3.5734E-10 3.7446E-10 3.9182E-10 4.0943E-10 4.2670E-10 4.4448E-10 4.6169E-10 4.7934E-10 4.9638E-10 5.1378E-10 5.3052E-10 5.4756E-10 5.6390E-10 5.7999E-10 5.9632E-10 6.1187E-10 6.2755E-10 6.4248E-10 6.5735E-10 6.7158E-10 6.8543E-10 6.9904E-10 7.1210E-10 7.2474E-10 7.3696E-10 7.4875E-10 7.6010E-10 7.7101E-10 7.8147E-10 7.9149E-10 8.0105E-10 8.1017E-10 8.1883E-10 8.2705E-10 8.3482E-10 8.4215E-10 8.4903E-10 8.5548E-10 8.6150E-10 8.6709E-10 8.7226E-10 8.7701E-10 8.8136E-10 8.8531E-10
1.5660E-10 1.6952E-10 1.8381E-10 1.9804E-10 2.1306E-10 2.2856E-10 2.4448E-10 2.6080E-10 2.7746E-10 2.9445E-10 3.1172E-10 3.2872E-10 3.4647E-10 3.6436E-10 3.8188E-10 3.9999E-10 4.1766E-10 4.3533E-10 4.5352E-10 4.7113E-10 4.8918E-10 5.0660E-10 5.2439E-10 5.4150E-10 5.5891E-10 5.7560E-10 5.9237E-10 6.0871E-10 6.2458E-10 6.4059E-10 6.5581E-10 6.7098E-10 6.8549E-10 6.9975E-10 7.1346E-10 7.2676E-10 7.3963E-10 7.5206E-10 7.6405E-10 7.7558E-10 7.8666E-10 7.9728E-10 8.0744E-10 8.1714E-10 8.2638E-10 8.3515E-10 8.4346E-10 8.5131E-10 8.5870E-10 8.6564E-10 8.7214E-10 8.7819E-10 8.8380E-10 8.8899E-10 8.9374E-10 8.9809E-10 9.0202E-10
1.5897E-10 1.7218E-10 1.8678E-10 2.0161E-10 2.1669E-10 2.3254E-10 2.4883E-10 2.6552E-10 2.8257E-10 2.9995E-10 3.1762E-10 3.3537E-10 3.5318E-10 3.7149E-10 3.8942E-10 4.0795E-10 4.2603E-10 4.4446E-10 4.6271E-10 4.8073E-10 4.9918E-10 5.1700E-10 5.3518E-10 5.5267E-10 5.7046E-10 5.8752E-10 6.0481E-10 6.2133E-10 6.3753E-10 6.5387E-10 6.6940E-10 6.8487E-10 6.9966E-10 7.1419E-10 7.2816E-10 7.4170E-10 7.5480E-10 7.6745E-10 7.7963E-10 7.9136E-10 8.0261E-10 8.1339E-10 8.2370E-10 8.3353E-10 8.4288E-10 8.5176E-10 8.6016E-10 8.6810E-10 8.7556E-10 8.8256E-10 8.8910E-10 8.9518E-10 9.0082E-10 9.0601E-10 9.1077E-10 9.1510E-10 9.1901E-10
1.6135E-10 1.7485E-10 1.8977E-10 2.0493E-10 2.2034E-10 2.3655E-10 2.5321E-10 2.7028E-10 2.8773E-10 3.0552E-10 3.2360E-10 3.4194E-10 3.5999E-10 3.7873E-10 3.9708E-10 4.1603E-10 4.3454E-10 4.5356E-10 4.7206E-10 4.9048E-10 5.0936E-10 5.2757E-10 5.4616E-10 5.6404E-10 5.8222E-10 5.9965E-10 6.1731E-10 6.3418E-10 6.5117E-10 6.6739E-10 6.8324E-10 6.9901E-10 7.1409E-10 7.2890E-10 7.4314E-10 7.5692E-10 7.7025E-10 7.8312E-10 7.9551E-10 8.0743E-10 8.1886E-10 8.2980E-10 8.4026E-10 8.5022E-10 8.5969E-10 8.6868E-10 8.7718E-10 8.8519E-10 8.9272E-10 8.9978E-10 9.0636E-10 9.1248E-10 9.1813E-10 9.2334E-10 9.2810E-10 9.3242E-10 9.3631E-10
1.6373E-10 1.7752E-10 1.9277E-10 2.0854E-10 2.2402E-10 2.4060E-10 2.5764E-10 2.7510E-10 2.9295E-10 3.1115E-10 3.2965E-10 3.4842E-10 3.6689E-10 3.8606E-10 4.0484E-10 4.2424E-10 4.4317E-10 4.6263E-10 4.8156E-10 5.0093E-10 5.1971E-10 5.3833E-10 5.5734E-10 5.7561E-10 5.9419E-10 6.1199E-10 6.3003E-10 6.4726E-10 6.6460E-10 6.8116E-10 6.9763E-10 7.1342E-10 7.2879E-10 7.4389E-10 7.5839E-10 7.7243E-10 7.8600E-10 7.9908E-10 8.1168E-10 8.2379E-10 8.3540E-10 8.4651E-10 8.5712E-10 8.6722E-10 8.7681E-10 8.8591E-10 8.9450E-10 9.0259E-10 9.1019E-10 9.1730E-10 9.2393E-10 9.3008E-10 9.3576E-10 9.4097E-10 9.4572E-10 9.5003E-10 9.5390E-10
1.6611E-10 1.8020E-10 1.9577E-10 2.1190E-10 2.2793E-10 2.4468E-10 2.6210E-10 2.7996E-10 2.9822E-10 3.1684E-10 3.3577E-10 3.5498E-10 3.7388E-10 3.9350E-10 4.1272E-10 4.3256E-10 4.5193E-10 4.7184E-10 4.9121E-10 5.1102E-10 5.3023E-10 5.4945E-10 5.6870E-10 5.8738E-10 6.0637E-10 6.2456E-10 6.4298E-10 6.6058E-10 6.7828E-10 6.9518E-10 7.1198E-10 7.2809E-10 7.4391E-10 7.5915E-10 7.7392E-10 7.8822E-10 8.0203E-10 8.1534E-10 8.2815E-10 8.4046E-10 8.5225E-10 8.6353E-10 8.7429E-10 8.8452E-10 8.9424E-10 9.0345E-10 9.1213E-10 9.2031E-10 9.2798E-10 9.3515E-10 9.4181E-10 9.4799E-10 9.5369E-10 9.5891E-10 9.6366E-10 9.6795E-10 9.7179E-10
1.6849E-10 1.8288E-10 1.9879E-10 2.1527E-10 2.3165E-10 2.4898E-10 2.6660E-10 2.8487E-10 3.0355E-10 3.2259E-10 3.4197E-10 3.6162E-10 3.8096E-10 4.0104E-10 4.2070E-10 4.4101E-10 4.6083E-10 4.8120E-10 5.0101E-10 5.2127E-10 5.4091E-10 5.6093E-10 5.8025E-10 5.9935E-10 6.1875E-10 6.3734E-10 6.5616E-10 6.7413E-10 6.9220E-10 7.0945E-10 7.2659E-10 7.4302E-10 7.5915E-10 7.7468E-10 7.8973E-10 8.0429E-10 8.1835E-10 8.3189E-10 8.4492E-10 8.5743E-10 8.6941E-10 8.8085E-10 8.9176E-10 9.0214E-10 9.1199E-10 9.2130E-10 9.3009E-10 9.3834E-10 9.4608E-10 9.5330E-10 9.6001E-10 9.6622E-10 9.7193E-10 9.7716E-10 9.8190E-10 9.8618E-10 9.9000E-10
1.7086E-10 1.8585E-10 2.0181E-10 2.1864E-10 2.3560E-10 2.5311E-10 2.7133E-10 2.8981E-10 3.0892E-10 3.2841E-10 3.4823E-10 3.6834E-10 3.8813E-10 4.0867E-10 4.2880E-10 4.4958E-10 4.6985E-10 4.9069E-10 5.1096E-10 5.3169E-10 5.5177E-10 5.7224E-10 5.9200E-10 6.1170E-10 6.3135E-10 6.5034E-10 6.6957E-10 6.8791E-10 7.0637E-10 7.2397E-10 7.4146E-10 7.5822E-10 7.7467E-10 7.9050E-10 8.0583E-10 8.2066E-10 8.3496E-10 8.4875E-10 8.6200E-10 8.7471E-10 8.8687E-10 8.9849E-10 9.0956E-10 9.2008E-10 9.3005E-10 9.3947E-10 9.4835E-10 9.5670E-10 9.6450E-10 9.7178E-10 9.7853E-10 9.8477E-10 9.9050E-10 9.9572E-10 1.0005E-09 1.0047E-09 1.0085E-09
1.7322E-10 1.8853E-10 2.0483E-10 2.2203E-10 2.3937E-10 2.5747E-10 2.7589E-10 2.9500E-10 3.1434E-10 3.3428E-10 3.5456E-10 3.7513E-10 3.9538E-10 4.1640E-10 4.3700E-10 4.5826E-10 4.7901E-10 5.0033E-10 5.2106E-10 5.4226E-10 5.6280E-10 5.8373E-10 6.0393E-10 6.2443E-10 6.4415E-10 6.6356E-10 6.8320E-10 7.0194E-10 7.2078E-10 7.3875E-10 7.5660E-10 7.7369E-10 7.9046E-10 8.0659E-10 8.2221E-10 8.3731E-10 8.5188E-10 8.6590E-10 8.7937E-10 8.9229E-10 9.0465E-10 9.1644E-10 9.2767E-10 9.3833E-10 9.4843E-10 9.5797E-10 9.6695E-10 9.7537E-10 9.8324E-10 9.9057E-10 9.9737E-10 1.0036E-09 1.0094E-09 1.0146E-09 1.0193E-09 1.0236E-09 1.0273E-09
1.7557E-10 1.9151E-10 2.0785E-10 2.2542E-10 2.4335E-10 2.6165E-10 2.8069E-10 3.0002E-10 3.2000E-10 3.4020E-10 3.6095E-10 3.8200E-10 4.0310E-10 4.2423E-10 4.4530E-10 4.6705E-10 4.8828E-10 5.1010E-10 5.3130E-10 5.5299E-10 5.7400E-10 5.9540E-10 6.1606E-10 6.3701E-10 6.5717E-10 6.7699E-10 6.9706E-10 7.1620E-10 7.3544E-10 7.5377E-10 7.7199E-10 7.8942E-10 8.0653E-10 8.2297E-10 8.3889E-10 8.5426E-10 8.6909E-10 8.8336E-10 8.9706E-10 9.1019E-10 9.2274E-10 9.3471E-10 9.4610E-10 9.5691E-10 9.6713E-10 9.7678E-10 9.8586E-10 9.9437E-10 1.0023E-09 1.0097E-09 1.0165E-09 1.0228E-09 1.0286E-09 1.0338E-09 1.0385E-09 1.0427E-09 1.0465E-09
1.7791E-10 1.9418E-10 2.1086E-10 2.2882E-10 2.4714E-10 2.6605E-10 2.8551E-10 3.0528E-10 3.2551E-10 3.4617E-10 3.6740E-10 3.8893E-10 4.1071E-10 4.3215E-10 4.5390E-10 4.7596E-10 4.9769E-10 5.2000E-10 5.4170E-10 5.6388E-10 5.8537E-10 6.0725E-10 6.2837E-10 6.4979E-10 6.7039E-10 6.9102E-10 7.1115E-10 7.3070E-10 7.5034E-10 7.6906E-10 7.8765E-10 8.0543E-10 8.2287E-10 8.3963E-10 8.5585E-10 8.7151E-10 8.8660E-10 9.0112E-10 9.1505E-10 9.2839E-10 9.4114E-10 9.5330E-10 9.6485E-10 9.7580E-10 9.8616E-10 9.9593E-10 1.0051E-09 1.0137E-09 1.0217E-09 1.0291E-09 1.0360E-09 1.0423E-09 1.0481E-09 1.0533E-09 1.0580E-09 1.0622E-09 1.0659E-09
1.8022E-10 1.9683E-10 2.1387E-10 2.3221E-10 2.5093E-10 2.7025E-10 2.9015E-10 3.1057E-10 3.3126E-10 3.5239E-10 3.7390E-10 3.9594E-10 4.1822E-10 4.4015E-10 4.6260E-10 4.8499E-10 5.0721E-10 5.3004E-10 5.5223E-10 5.7493E-10 5.9691E-10 6.1928E-10 6.4088E-10 6.6277E-10 6.8383E-10 7.0510E-10 7.2547E-10 7.4544E-10 7.6549E-10 7.8460E-10 8.0357E-10 8.2171E-10 8.3949E-10 8.5658E-10 8.7310E-10 8.8905E-10 9.0442E-10 9.1919E-10 9.3336E-10 9.4692E-10 9.5987E-10 9.7220E-10 9.8392E-10 9.9503E-10 1.0055E-09 1.0154E-09 1.0247E-09 1.0333E-09 1.0414E-09 1.0489E-09 1.0558E-09 1.0622E-09 1.0680E-09 1.0732E-09 1.0779E-09 1.0820E-09 1.0857E-09
1.8252E-10 1.9978E-10 2.1687E-10 2.3559E-10 2.5472E-10 2.7447E-10 2.9481E-10 3.1568E-10 3.3705E-10 3.5866E-10 3.8066E-10 4.0301E-10 4.2580E-10 4.4824E-10 4.7140E-10 4.9411E-10 5.1705E-10 5.4021E-10 5.6291E-10 5.8612E-10 6.0860E-10 6.3149E-10 6.5357E-10 6.7595E-10 6.9747E-10 7.1920E-10 7.4002E-10 7.6074E-10 7.8089E-10 8.0056E-10 8.1975E-10 8.3826E-10 8.5640E-10 8.7381E-10 8.9065E-10 9.0689E-10 9.2254E-10 9.3757E-10 9.5198E-10 9.6576E-10 9.7891E-10 9.9144E-10 1.0033E-09 1.0146E-09 1.0252E-09 1.0352E-09 1.0446E-09 1.0533E-09 1.0615E-09 1.0690E-09 1.0760E-09 1.0823E-09 1.0881E-09 1.0934E-09 1.0980E-09 1.1022E-09 1.1058E-09
1.8480E-10 2.0241E-10 2.1985E-10 2.3897E-10 2.5851E-10 2.7869E-10 2.9948E-10 3.2082E-10 3.4267E-10 3.6497E-10 3.8747E-10 4.1013E-10 4.3345E-10 4.5641E-10 4.8011E-10 5.0335E-10 5.2720E-10 5.5051E-10 5.7393E-10 5.9747E-10 6.2047E-10 6.4387E-10 6.6644E-10 6.8933E-10 7.1132E-10 7.3353E-10 7.5480E-10 7.7613E-10 7.9654E-10 8.1678E-10 8.3620E-10 8.5525E-10 8.7358E-10 8.9133E-10 9.0849E-10 9.2504E-10 9.4096E-10 9.5626E-10 9.7091E-10 9.8492E-10 9.9828E-10 1.0110E-09 1.0231E-09 1.0345E-09 1.0452E-09 1.0553E-09 1.0648E-09 1.0737E-09 1.0819E-09 1.0895E-09 1.0965E-09 1.1028E-09 1.1086E-09 1.1139E-09 1.1185E-09 1.1226E-09 1.1262E-09
1.8704E-10 2.0501E-10 2.2281E-10 2.4234E-10 2.6229E-10 2.8291E-10 3.0416E-10 3.2597E-10 3.4831E-10 3.7112E-10 3.9414E-10 4.1732E-10 4.4117E-10 4.6466E-10 4.8891E-10 5.1268E-10 5.3709E-10 5.6093E-10 5.8509E-10 6.0897E-10 6.3249E-10 6.5642E-10 6.7950E-10 7.0290E-10 7.2538E-10 7.4808E-10 7.6980E-10 7.9159E-10 8.1243E-10 8.3310E-10 8.5292E-10 8.7235E-10 8.9104E-10 9.0914E-10 9.2662E-10 9.4348E-10 9.5969E-10 9.7526E-10 9.9016E-10 1.0044E-09 1.0180E-09 1.0309E-09 1.0431E-09 1.0547E-09 1.0656E-09 1.0758E-09 1.0854E-09 1.0943E-09 1.1026E-09 1.1103E-09 1.1173E-09 1.1237E-09 1.1295E-09 1.1347E-09 1.1393E-09 1.1434E-09 1.1469E-09
1.8926E-10 2.0758E-10 2.2575E-10 2.4568E-10 2.6606E-10 2.8713E-10 3.0884E-10 3.3114E-10 3.5398E-10 3.7730E-10 4.0104E-10 4.2455E-10 4.4896E-10 4.7299E-10 4.9779E-10 5.2212E-10 5.4708E-10 5.7147E-10 5.9638E-10 6.2062E-10 6.4487E-10 6.6914E-10 6.9274E-10 7.1666E-10 7.3964E-10 7.6283E-10 7.8503E-10 8.0729E-10 8.2857E-10 8.4967E-10 8.6990E-10 8.8972E-10 9.0879E-10 9.2724E-10 9.4505E-10 9.6222E-10 9.7873E-10 9.9457E-10 1.0097E-09 1.0242E-09 1.0380E-09 1.0511E-09 1.0635E-09 1.0752E-09 1.0863E-09 1.0966E-09 1.1063E-09 1.1153E-09 1.1237E-09 1.1314E-09 1.1384E-09 1.1449E-09 1.1507E-09 1.1559E-09 1.1605E-09 1.1645E-09 1.1680E-09
1.9144E-10 2.1012E-10 2.2867E-10 2.4901E-10 2.6981E-10 2.9133E-10 3.1352E-10 3.3631E-10 3.5966E-10 3.8351E-10 4.0779E-10 4.3183E-10 4.5680E-10 4.8138E-10 5.0676E-10 5.3164E-10 5.5718E-10 5.8214E-10 6.0762E-10 6.3241E-10 6.5741E-10 6.8203E-10 7.0617E-10 7.3062E-10 7.5410E-10 7.7781E-10 8.0049E-10 8.2322E-10 8.4495E-10 8.6649E-10 8.8714E-10 9.0736E-10 9.2681E-10 9.4562E-10 9.6378E-10 9.8127E-10 9.9807E-10 1.0142E-09 1.0296E-09 1.0443E-09 1.0583E-09 1.0716E-09 1.0842E-09 1.0961E-09 1.1073E-09 1.1178E-09 1.1276E-09 1.1367E-09 1.1451E-09 1.1528E-09 1.1599E-09 1.1664E-09 1.1722E-09 1.1774E-09 1.1820E-09 1.1860E-09 1.1894E-09
1.9358E-10 2.1263E-10 2.3188E-10 2.5231E-10 2.7355E-10 2.9553E-10 3.1819E-10 3.4149E-10 3.6535E-10 3.8973E-10 4.1457E-10 4.3916E-10 4.6469E-10 4.8984E-10 5.1580E-10 5.4126E-10 5.6739E-10 5.9291E-10 6.1898E-10 6.4433E-10 6.7011E-10 6.9509E-10 7.1996E-10 7.4476E-10 7.6877E-10 7.9299E-10 8.1616E-10 8.3939E-10 8.6158E-10 8.8357E-10 9.0464E-10 9.2528E-10 9.4511E-10 9.6429E-10 9.8280E-10 1.0006E-09 1.0177E-09 1.0341E-09 1.0498E-09 1.0648E-09 1.0790E-09 1.0925E-09 1.1053E-09 1.1173E-09 1.1286E-09 1.1393E-09 1.1491E-09 1.1583E-09 1.1668E-09 1.1746E-09 1.1818E-09 1.1882E-09 1.1940E-09 1.1992E-09 1.2038E-09 1.2077E-09 1.2111E-09
1.9567E-10 2.1510E-10 2.3473E-10 2.5557E-10 2.7726E-10 2.9970E-10 3.2286E-10 3.4666E-10 3.7105E-10 3.9598E-10 4.2137E-10 4.4652E-10 4.7263E-10 4.9836E-10 5.2491E-10 5.5096E-10 5.7769E-10 6.0380E-10 6.3046E-10 6.5640E-10 6.8276E-10 7.0830E-10 7.3394E-10 7.5909E-10 7.8363E-10 8.0838E-10 8.3206E-10 8.5578E-10 8.7845E-10 9.0090E-10 9.2241E-10 9.4346E-10 9.6370E-10 9.8325E-10 1.0021E-09 1.0203E-09 1.0377E-09 1.0544E-09 1.0703E-09 1.0855E-09 1.1000E-09 1.1137E-09 1.1267E-09 1.1389E-09 1.1503E-09 1.1611E-09 1.1711E-09 1.1803E-09 1.1889E-09 1.1968E-09 1.2039E-09 1.2104E-09 1.2162E-09 1.2214E-09 1.2259E-09 1.2298E-09 1.2331E-09
1.9772E-10 2.1752E-10 2.3754E-10 2.5880E-10 2.8094E-10 3.0385E-10 3.2750E-10 3.5182E-10 3.7675E-10 4.0223E-10 4.2819E-10 4.5391E-10 4.8062E-10 5.0694E-10 5.3409E-10 5.6074E-10 5.8808E-10 6.1479E-10 6.4206E-10 6.6859E-10 6.9555E-10 7.2167E-10 7.4810E-10 7.7359E-10 7.9868E-10 8.2398E-10 8.4817E-10 8.7241E-10 8.9555E-10 9.1848E-10 9.4043E-10 9.6192E-10 9.8255E-10 1.0025E-09 1.0217E-09 1.0402E-09 1.0579E-09 1.0749E-09 1.0912E-09 1.1066E-09 1.1213E-09 1.1352E-09 1.1484E-09 1.1608E-09 1.1724E-09 1.1832E-09 1.1933E-09 1.2027E-09 1.2113E-09 1.2193E-09 1.2264E-09 1.2330E-09 1.2388E-09 1.2439E-09 1.2484E-09 1.2523E-09 1.2555E-09
1.9972E-10 2.1989E-10 2.4030E-10 2.6199E-10 2.8458E-10 3.0798E-10 3.3213E-10 3.5697E-10 3.8245E-10 4.0849E-10 4.3503E-10 4.6154E-10 4.8864E-10 5.1556E-10 5.4333E-10 5.7059E-10 5.9855E-10 6.2588E-10 6.5377E-10 6.8091E-10 7.0848E-10 7.3519E-10 7.6221E-10 7.8828E-10 8.1413E-10 8.3978E-10 8.6450E-10 8.8926E-10 9.1290E-10 9.3630E-10 9.5871E-10 9.8064E-10 1.0017E-09 1.0220E-09 1.0416E-09 1.0604E-09 1.0785E-09 1.0958E-09 1.1123E-09 1.1280E-09 1.1430E-09 1.1571E-09 1.1704E-09 1.1830E-09 1.1948E-09 1.2057E-09 1.2160E-09 1.2254E-09 1.2341E-09 1.2421E-09 1.2493E-09 1.2558E-09 1.2616E-09 1.2668E-09 1.2712E-09 1.2751E-09 1.2782E-09
2.0165E-10 2.2220E-10 2.4301E-10 2.6513E-10 2.8818E-10 3.1206E-10 3.3672E-10 3.6210E-10 3.8813E-10 4.1474E-10 4.4187E-10 4.6898E-10 4.9669E-10 5.2422E-10 5.5263E-10 5.8051E-10 6.0911E-10 6.3706E-10 6.6559E-10 6.9334E-10 7.2154E-10 7.4886E-10 7.7649E-10 8.0314E-10 8.2978E-10 8.5578E-10 8.8104E-10 9.0633E-10 9.3047E-10 9.5437E-10 9.7725E-10 9.9962E-10 1.0211E-09 1.0418E-09 1.0618E-09 1.0810E-09 1.0994E-09 1.1170E-09 1.1338E-09 1.1498E-09 1.1649E-09 1.1793E-09 1.1928E-09 1.2056E-09 1.2175E-09 1.2286E-09 1.2389E-09 1.2485E-09 1.2572E-09 1.2652E-09 1.2725E-09 1.2790E-09 1.2849E-09 1.2900E-09 1.2944E-09 1.2982E-09 1.3013E-09
2.0353E-10 2.2445E-10 2.4602E-10 2.6822E-10 2.9173E-10 3.1610E-10 3.4128E-10 3.6720E-10 3.9379E-10 4.2099E-10 4.4872E-10 4.7665E-10 5.0477E-10 5.3314E-10 5.6197E-10 5.9049E-10 6.1974E-10 6.4833E-10 6.7751E-10 7.0590E-10 7.3473E-10 7.6267E-10 7.9092E-10 8.1817E-10 8.4561E-10 8.7197E-10 8.9797E-10 9.2362E-10 9.4846E-10 9.7268E-10 9.9603E-10 1.0189E-09 1.0408E-09 1.0619E-09 1.0823E-09 1.1018E-09 1.1206E-09 1.1385E-09 1.1556E-09 1.1718E-09 1.1872E-09 1.2018E-09 1.2156E-09 1.2285E-09 1.2405E-09 1.2518E-09 1.2622E-09 1.2719E-09 1.2807E-09 1.2888E-09 1.2961E-09 1.3026E-09 1.3084E-09 1.3135E-09 1.3179E-09 1.3216E-09 1.3246E-09
