Assets/Resources/2015_m01_d05_2100(utc+0800)_l00_csi_1hr_conc.grd
DSAA
         159         159
     -79.000      79.000
     -79.000      79.000
  0.0000E+00  0.9150E-05
[rows 0 to 24 of 159, columns 57 to 113 of 159]
4.9398E-09 5.5244E-09 6.0462E-09 6.4766E-09 6.7913E-09 6.9720E-09 7.0074E-09 6.8966E-09 6.6458E-09 6.2711E-09 5.7948E-09 5.2438E-09 4.6467E-09 4.0313E-09 3.4238E-09 2.8461E-09 2.3151E-09 1.8413E-09 1.4318E-09 1.0866E-09 8.0434E-10 5.7904E-10 4.0371E-10 2.6938E-10 1.6585E-10 9.3721E-11 4.5053E-11 2.1276E-11 6.7153E-12 0.0000E+00 0.0000E+00 0.0000E+00 0.0000E+00 0.0000E+00 0.0000E+00 0.0000E+00 0.0000E+00 0.0000E+00 0.0000E+00 0.0000E+00 0.0000E+00 0.0000E+00 0.0000E+00 0.0000E+00 0.0000E+00 0.0000E+00 0.0000E+00 0.0000E+00 0.0000E+00 0.0000E+00 0.0000E+00 0.0000E+00 0.0000E+00 0.0000E+00 0.0000E+00 0.0000E+00 0.0000E+00
5.3475E-09 5.9929E-09 6.5720E-09 7.0537E-09 7.4100E-09 7.6200E-09 7.6711E-09 7.5612E-09 7.2984E-09 6.8987E-09 6.3856E-09 5.7882E-09 5.1379E-09 4.4656E-09 3.8003E-09 3.1655E-09 2.5800E-09 2.0572E-09 1.6032E-09 1.2209E-09 9.0634E-10 6.5462E-10 4.5856E-10 3.0733E-10 1.9081E-10 1.0771E-10 5.6009E-11 2.7474E-11 1.0562E-11 9.4537E-13 0.0000E+00 0.0000E+00 0.0000E+00 0.0000E+00 0.0000E+00 0.0000E+00 0.0000E+00 0.0000E+00 0.0000E+00 0.0000E+00 0.0000E+00 0.0000E+00 0.0000E+00 0.0000E+00 0.0000E+00 0.0000E+00 0.0000E+00 0.0000E+00 0.0000E+00 0.0000E+00 0.0000E+00 0.0000E+00 0.0000E+00 0.0000E+00 0.0000E+00 0.0000E+00 0.0000E+00
5.7176E-09 6.4215E-09 7.0562E-09 7.5880E-09 7.9866E-09 8.2287E-09 8.3002E-09 8.1977E-09 7.9278E-09 7.5079E-09 6.9632E-09 6.3250E-09 5.6270E-09 4.9022E-09 4.1818E-09 3.4924E-09 2.8545E-09 2.2825E-09 1.7848E-09 1.3631E-09 1.0155E-09 7.3634E-10 5.1812E-10 3.4815E-10 2.1674E-10 1.2516E-10 6.8673E-11 3.5370E-11 1.4287E-11 3.1435E-12 0.0000E+00 0.0000E+00 0.0000E+00 0.0000E+00 0.0000E+00 0.0000E+00 0.0000E+00 0.0000E+00 0.0000E+00 0.0000E+00 0.0000E+00 0.0000E+00 0.0000E+00 0.0000E+00 0.0000E+00 0.0000E+00 0.0000E+00 0.0000E+00 0.0000E+00 0.0000E+00 0.0000E+00 0.0000E+00 0.0000E+00 0.0000E+00 0.0000E+00 0.0000E+00 0.0000E+00
6.0398E-09 6.7991E-09 7.4887E-09 8.0713E-09 8.5136E-09 8.7899E-09 8.8849E-09 8.7929E-09 8.5213E-09 8.0879E-09 7.5194E-09 6.8472E-09 6.1069E-09 5.3351E-09 4.5643E-09 3.8234E-09 3.1356E-09 2.5161E-09 1.9747E-09 1.5144E-09 1.1332E-09 8.2564E-10 5.8386E-10 3.9201E-10 2.4714E-10 1.4432E-10 8.3002E-11 4.4216E-11 1.9662E-11 5.7749E-12 0.0000E+00 0.0000E+00 0.0000E+00 0.0000E+00 0.0000E+00 0.0000E+00 0.0000E+00 0.0000E+00 0.0000E+00 0.0000E+00 0.0000E+00 0.0000E+00 0.0000E+00 0.0000E+00 0.0000E+00 0.0000E+00 0.0000E+00 0.0000E+00 0.0000E+00 0.0000E+00 0.0000E+00 0.0000E+00 0.0000E+00 0.0000E+00 0.0000E+00 0.0000E+00 0.0000E+00
6.3090E-09 7.1202E-09 7.8608E-09 8.4913E-09 8.9768E-09 9.2898E-09 9.4121E-09 9.3373E-09 9.0722E-09 8.6335E-09 8.0481E-09 7.3492E-09 6.5750E-09 5.7626E-09 4.9473E-09 4.1600E-09 3.4250E-09 2.7600E-09 2.1753E-09 1.6760E-09 1.2599E-09 9.2279E-10 6.5534E-10 4.4343E-10 2.8192E-10 1.6720E-10 1.0030E-10 5.4362E-11 2.6315E-11 9.2743E-12 8.3912E-13 0.0000E+00 0.0000E+00 0.0000E+00 0.0000E+00 0.0000E+00 0.0000E+00 0.0000E+00 0.0000E+00 0.0000E+00 0.0000E+00 0.0000E+00 0.0000E+00 0.0000E+00 0.0000E+00 0.0000E+00 0.0000E+00 0.0000E+00 0.0000E+00 0.0000E+00 0.0000E+00 0.0000E+00 0.0000E+00 0.0000E+00 0.0000E+00 0.0000E+00 0.0000E+00
6.5195E-09 7.3767E-09 8.1650E-09 8.8429E-09 9.3730E-09 9.7245E-09 9.8780E-09 9.8262E-09 9.5731E-09 9.1364E-09 8.5434E-09 7.8278E-09 7.0281E-09 6.1833E-09 5.3305E-09 4.5021E-09 3.7240E-09 3.0156E-09 2.3896E-09 1.8502E-09 1.3989E-09 1.0303E-09 7.3603E-10 4.9932E-10 3.1977E-10 1.9698E-10 1.1897E-10 6.8613E-11 3.4188E-11 1.3552E-11 2.5271E-12 0.0000E+00 0.0000E+00 0.0000E+00 0.0000E+00 0.0000E+00 0.0000E+00 0.0000E+00 0.0000E+00 0.0000E+00 0.0000E+00 0.0000E+00 0.0000E+00 0.0000E+00 0.0000E+00 0.0000E+00 0.0000E+00 0.0000E+00 0.0000E+00 0.0000E+00 0.0000E+00 0.0000E+00 0.0000E+00 0.0000E+00 0.0000E+00 0.0000E+00 0.0000E+00
6.6707E-09 7.5691E-09 8.4009E-09 9.1235E-09 9.6960E-09 1.0087E-08 1.0276E-08 1.0252E-08 1.0020E-08 9.5952E-09 9.0045E-09 8.2822E-09 7.4670E-09 6.5985E-09 5.7149E-09 4.8505E-09 4.0329E-09 3.2833E-09 2.6155E-09 2.0376E-09 1.5501E-09 1.1491E-09 8.2723E-10 5.6280E-10 3.6413E-10 2.3230E-10 1.4387E-10 8.3647E-11 4.3090E-11 1.8779E-11 4.2985E-12 2.5900E-14 0.0000E+00 0.0000E+00 0.0000E+00 0.0000E+00 0.0000E+00 0.0000E+00 0.0000E+00 0.0000E+00 0.0000E+00 0.0000E+00 0.0000E+00 0.0000E+00 0.0000E+00 0.0000E+00 0.0000E+00 0.0000E+00 0.0000E+00 0.0000E+00 0.0000E+00 0.0000E+00 0.0000E+00 0.0000E+00 0.0000E+00 0.0000E+00 0.0000E+00
6.7627E-09 7.6946E-09 8.5649E-09 9.3286E-09 9.9441E-09 1.0378E-08 1.0606E-08 1.0617E-08 1.0414E-08 1.0010E-08 9.4317E-09 8.7125E-09 7.8911E-09 7.0079E-09 6.1013E-09 5.2067E-09 4.3537E-09 3.5658E-09 2.8585E-09 2.2407E-09 1.7154E-09 1.2808E-09 9.2629E-10 6.3269E-10 4.1703E-10 2.7319E-10 1.7205E-10 1.0160E-10 5.3947E-11 2.3843E-11 7.2859E-12 6.4392E-13 0.0000E+00 0.0000E+00 0.0000E+00 0.0000E+00 0.0000E+00 0.0000E+00 0.0000E+00 0.0000E+00 0.0000E+00 0.0000E+00 0.0000E+00 0.0000E+00 0.0000E+00 0.0000E+00 0.0000E+00 0.0000E+00 0.0000E+00 0.0000E+00 0.0000E+00 0.0000E+00 0.0000E+00 0.0000E+00 0.0000E+00 0.0000E+00 0.0000E+00
6.7975E-09 7.7597E-09 8.6646E-09 9.4666E-09 1.0124E-08 1.0600E-08 1.0870E-08 1.0921E-08 1.0754E-08 1.0380E-08 9.8250E-09 9.1197E-09 8.3025E-09 7.4137E-09 6.4923E-09 5.5747E-09 4.6918E-09 3.8682E-09 3.1228E-09 2.4658E-09 1.9027E-09 1.4310E-09 1.0391E-09 7.1663E-10 4.8158E-10 3.2188E-10 2.0474E-10 1.2308E-10 6.7421E-11 3.1603E-11 1.1099E-11 1.6715E-12 0.0000E+00 0.0000E+00 0.0000E+00 0.0000E+00 0.0000E+00 0.0000E+00 0.0000E+00 0.0000E+00 0.0000E+00 0.0000E+00 0.0000E+00 0.0000E+00 0.0000E+00 0.0000E+00 0.0000E+00 0.0000E+00 0.0000E+00 0.0000E+00 0.0000E+00 0.0000E+00 0.0000E+00 0.0000E+00 0.0000E+00 0.0000E+00 0.0000E+00
6.7813E-09 7.7657E-09 8.6997E-09 9.5374E-09 1.0235E-08 1.0755E-08 1.1072E-08 1.1169E-08 1.1046E-08 1.0712E-08 1.0188E-08 9.5071E-09 8.7042E-09 7.8191E-09 6.8909E-09 5.9559E-09 5.0473E-09 4.1915E-09 3.4080E-09 2.7109E-09 2.1070E-09 1.5956E-09 1.1643E-09 8.1311E-10 5.6073E-10 3.7866E-10 2.4394E-10 1.4935E-10 8.4604E-11 4.2901E-11 1.6086E-11 3.4318E-12 3.6672E-14 0.0000E+00 0.0000E+00 0.0000E+00 0.0000E+00 0.0000E+00 0.0000E+00 0.0000E+00 0.0000E+00 0.0000E+00 0.0000E+00 0.0000E+00 0.0000E+00 0.0000E+00 0.0000E+00 0.0000E+00 0.0000E+00 0.0000E+00 0.0000E+00 0.0000E+00 0.0000E+00 0.0000E+00 0.0000E+00 0.0000E+00 0.0000E+00
6.7165E-09 7.7200E-09 8.6796E-09 9.5502E-09 1.0287E-08 1.0853E-08 1.1219E-08 1.1366E-08 1.1293E-08 1.1005E-08 1.0524E-08 9.8763E-09 9.0969E-09 8.2240E-09 7.2972E-09 6.3532E-09 5.4246E-09 4.5392E-09 3.7213E-09 2.9852E-09 2.3393E-09 1.7836E-09 1.3104E-09 9.3032E-10 6.5255E-10 4.4406E-10 2.9076E-10 1.8007E-10 1.0516E-10 5.5644E-11 2.3357E-11 6.0804E-12 3.8900E-13 0.0000E+00 0.0000E+00 0.0000E+00 0.0000E+00 0.0000E+00 0.0000E+00 0.0000E+00 0.0000E+00 0.0000E+00 0.0000E+00 0.0000E+00 0.0000E+00 0.0000E+00 0.0000E+00 0.0000E+00 0.0000E+00 0.0000E+00 0.0000E+00 0.0000E+00 0.0000E+00 0.0000E+00 0.0000E+00 0.0000E+00 0.0000E+00
6.6115E-09 7.6270E-09 8.6075E-09 9.5081E-09 1.0283E-08 1.0894E-08 1.1312E-08 1.1516E-08 1.1498E-08 1.1266E-08 1.0835E-08 1.0230E-08 9.4839E-09 8.6340E-09 7.7168E-09 6.7692E-09 5.8261E-09 4.9161E-09 4.0632E-09 3.2856E-09 2.5944E-09 1.9943E-09 1.4796E-09 1.0675E-09 7.5956E-10 5.2285E-10 3.4569E-10 2.1953E-10 1.3051E-10 7.0617E-11 3.2617E-11 9.8892E-12 1.1056E-12 0.0000E+00 0.0000E+00 0.0000E+00 0.0000E+00 0.0000E+00 0.0000E+00 0.0000E+00 0.0000E+00 0.0000E+00 0.0000E+00 0.0000E+00 0.0000E+00 0.0000E+00 0.0000E+00 0.0000E+00 0.0000E+00 0.0000E+00 0.0000E+00 0.0000E+00 0.0000E+00 0.0000E+00 0.0000E+00 0.0000E+00 0.0000E+00
6.4688E-09 7.4921E-09 8.4908E-09 9.4177E-09 1.0230E-08 1.0889E-08 1.1360E-08 1.1622E-08 1.1667E-08 1.1496E-08 1.1123E-08 1.0570E-08 9.8671E-09 9.0475E-09 8.1484E-09 7.2057E-09 6.2537E-09 5.3225E-09 4.4383E-09 3.6209E-09 2.8838E-09 2.2363E-09 1.6784E-09 1.2286E-09 8.8392E-10 6.1591E-10 4.1323E-10 2.6572E-10 1.6019E-10 9.0246E-11 4.2232E-11 1.5898E-11 1.9798E-12 0.0000E+00 0.0000E+00 0.0000E+00 0.0000E+00 0.0000E+00 0.0000E+00 0.0000E+00 0.0000E+00 0.0000E+00 0.0000E+00 0.0000E+00 0.0000E+00 0.0000E+00 0.0000E+00 0.0000E+00 0.0000E+00 0.0000E+00 0.0000E+00 0.0000E+00 0.0000E+00 0.0000E+00 0.0000E+00 0.0000E+00 0.0000E+00
6.2935E-09 7.3209E-09 8.3327E-09 9.2846E-09 1.0132E-08 1.0836E-08 1.1362E-08 1.1689E-08 1.1800E-08 1.1697E-08 1.1391E-08 1.0898E-08 1.0247E-08 9.4680E-09 8.5957E-09 7.6652E-09 6.7112E-09 5.7641E-09 4.8488E-09 3.9895E-09 3.2073E-09 2.5132E-09 1.9075E-09 1.4190E-09 1.0320E-09 7.2628E-10 4.9246E-10 3.2160E-10 1.9814E-10 1.1227E-10 5.7059E-11 2.3059E-11 3.3065E-12 0.0000E+00 0.0000E+00 0.0000E+00 0.0000E+00 0.0000E+00 0.0000E+00 0.0000E+00 0.0000E+00 0.0000E+00 0.0000E+00 0.0000E+00 0.0000E+00 0.0000E+00 0.0000E+00 0.0000E+00 0.0000E+00 0.0000E+00 0.0000E+00 0.0000E+00 0.0000E+00 0.0000E+00 0.0000E+00 0.0000E+00 0.0000E+00
6.0901E-09 7.1168E-09 8.1391E-09 9.1120E-09 9.9951E-09 1.0745E-08 1.1328E-08 1.1719E-08 1.1902E-08 1.1873E-08 1.1639E-08 1.1215E-08 1.0624E-08 9.8953E-09 9.0595E-09 8.1496E-09 7.1982E-09 6.2371E-09 5.2970E-09 4.4015E-09 3.5746E-09 2.8290E-09 2.1722E-09 1.6374E-09 1.2012E-09 8.5716E-10 5.8859E-10 3.8714E-10 2.4172E-10 1.4163E-10 7.5074E-11 3.3063E-11 5.2466E-12 0.0000E+00 0.0000E+00 0.0000E+00 0.0000E+00 0.0000E+00 0.0000E+00 0.0000E+00 0.0000E+00 0.0000E+00 0.0000E+00 0.0000E+00 0.0000E+00 0.0000E+00 0.0000E+00 0.0000E+00 0.0000E+00 0.0000E+00 0.0000E+00 0.0000E+00 0.0000E+00 0.0000E+00 0.0000E+00 0.0000E+00 0.0000E+00
5.8633E-09 6.8856E-09 7.9133E-09 8.9057E-09 9.8211E-09 1.0615E-08 1.1256E-08 1.1714E-08 1.1972E-08 1.2022E-08 1.1868E-08 1.1521E-08 1.1000E-08 1.0329E-08 9.5366E-09 8.6545E-09 7.7146E-09 6.7489E-09 5.7887E-09 4.8591E-09 3.9885E-09 3.1902E-09 2.4805E-09 1.8931E-09 1.4047E-09 1.0089E-09 6.9883E-10 4.6680E-10 2.9675E-10 1.7716E-10 9.4945E-11 4.4529E-11 8.9882E-12 4.5245E-14 0.0000E+00 0.0000E+00 0.0000E+00 0.0000E+00 0.0000E+00 0.0000E+00 0.0000E+00 0.0000E+00 0.0000E+00 0.0000E+00 0.0000E+00 0.0000E+00 0.0000E+00 0.0000E+00 0.0000E+00 0.0000E+00 0.0000E+00 0.0000E+00 0.0000E+00 0.0000E+00 0.0000E+00 0.0000E+00 0.0000E+00
5.6134E-09 6.6285E-09 7.6599E-09 8.6681E-09 9.6134E-09 1.0453E-08 1.1151E-08 1.1677E-08 1.2013E-08 1.2147E-08 1.2078E-08 1.1814E-08 1.1369E-08 1.0766E-08 1.0028E-08 9.1839E-09 8.2632E-09 7.2991E-09 6.3243E-09 5.3663E-09 4.4504E-09 3.5974E-09 2.8345E-09 2.1871E-09 1.6401E-09 1.1924E-09 8.3613E-10 5.6028E-10 3.5951E-10 2.1734E-10 1.2056E-10 5.9446E-11 1.4287E-11 5.8053E-13 0.0000E+00 0.0000E+00 0.0000E+00 0.0000E+00 0.0000E+00 0.0000E+00 0.0000E+00 0.0000E+00 0.0000E+00 0.0000E+00 0.0000E+00 0.0000E+00 0.0000E+00 0.0000E+00 0.0000E+00 0.0000E+00 0.0000E+00 0.0000E+00 0.0000E+00 0.0000E+00 0.0000E+00 0.0000E+00 0.0000E+00
5.3461E-09 6.3497E-09 7.3804E-09 8.4014E-09 9.3760E-09 1.0258E-08 1.1012E-08 1.1608E-08 1.2024E-08 1.2244E-08 1.2264E-08 1.2090E-08 1.1732E-08 1.1204E-08 1.0528E-08 9.7324E-09 8.8468E-09 7.8977E-09 6.9173E-09 5.9342E-09 4.9775E-09 4.0693E-09 3.2488E-09 2.5353E-09 1.9191E-09 1.4053E-09 9.9260E-10 6.7518E-10 4.3784E-10 2.6650E-10 1.4906E-10 7.5822E-11 2.1757E-11 1.5108E-12 0.0000E+00 0.0000E+00 0.0000E+00 0.0000E+00 0.0000E+00 0.0000E+00 0.0000E+00 0.0000E+00 0.0000E+00 0.0000E+00 0.0000E+00 0.0000E+00 0.0000E+00 0.0000E+00 0.0000E+00 0.0000E+00 0.0000E+00 0.0000E+00 0.0000E+00 0.0000E+00 0.0000E+00 0.0000E+00 0.0000E+00
5.0611E-09 6.0495E-09 7.0767E-09 8.1081E-09 9.1069E-09 1.0030E-08 1.0840E-08 1.1507E-08 1.2002E-08 1.2312E-08 1.2429E-08 1.2349E-08 1.2081E-08 1.1640E-08 1.1043E-08 1.0310E-08 9.4651E-09 8.5357E-09 7.5585E-09 6.5601E-09 5.5670E-09 4.6030E-09 3.7240E-09 2.9346E-09 2.2444E-09 1.6611E-09 1.1852E-09 8.1056E-10 5.2701E-10 3.2451E-10 1.8520E-10 9.3927E-11 2.9571E-11 2.3881E-12 0.0000E+00 0.0000E+00 0.0000E+00 0.0000E+00 0.0000E+00 0.0000E+00 0.0000E+00 0.0000E+00 0.0000E+00 0.0000E+00 0.0000E+00 0.0000E+00 0.0000E+00 0.0000E+00 0.0000E+00 0.0000E+00 0.0000E+00 0.0000E+00 0.0000E+00 0.0000E+00 0.0000E+00 0.0000E+00 0.0000E+00
4.7646E-09 5.7334E-09 6.7521E-09 7.7882E-09 8.8098E-09 9.7715E-09 1.0636E-08 1.1370E-08 1.1947E-08 1.2350E-08 1.2564E-08 1.2587E-08 1.2421E-08 1.2076E-08 1.1563E-08 1.0900E-08 1.0114E-08 9.2263E-09 8.2635E-09 7.2551E-09 6.2296E-09 5.2161E-09 4.2702E-09 3.4009E-09 2.6290E-09 1.9618E-09 1.4108E-09 9.7100E-10 6.3689E-10 3.9145E-10 2.2646E-10 1.1509E-10 3.9549E-11 2.9257E-12 0.0000E+00 0.0000E+00 0.0000E+00 0.0000E+00 0.0000E+00 0.0000E+00 0.0000E+00 0.0000E+00 0.0000E+00 0.0000E+00 0.0000E+00 0.0000E+00 0.0000E+00 0.0000E+00 0.0000E+00 0.0000E+00 0.0000E+00 0.0000E+00 0.0000E+00 0.0000E+00 0.0000E+00 0.0000E+00 0.0000E+00
4.4561E-09 5.4014E-09 6.4086E-09 7.4472E-09 8.4876E-09 9.4835E-09 1.0399E-08 1.1201E-08 1.1862E-08 1.2357E-08 1.2673E-08 1.2801E-08 1.2743E-08 1.2502E-08 1.2089E-08 1.1516E-08 1.0801E-08 9.9592E-09 9.0231E-09 8.0198E-09 6.9746E-09 5.9131E-09 4.8979E-09 3.9440E-09 3.0749E-09 2.3162E-09 1.6770E-09 1.1603E-09 7.6517E-10 4.7460E-10 2.7481E-10 1.3929E-10 5.1064E-11 3.5838E-12 0.0000E+00 0.0000E+00 0.0000E+00 0.0000E+00 0.0000E+00 0.0000E+00 0.0000E+00 0.0000E+00 0.0000E+00 0.0000E+00 0.0000E+00 0.0000E+00 0.0000E+00 0.0000E+00 0.0000E+00 0.0000E+00 0.0000E+00 0.0000E+00 0.0000E+00 0.0000E+00 0.0000E+00 0.0000E+00 0.0000E+00
4.1406E-09 5.0601E-09 6.0503E-09 7.0841E-09 8.1372E-09 9.1654E-09 1.0131E-08 1.0999E-08 1.1739E-08 1.2327E-08 1.2746E-08 1.2988E-08 1.3044E-08 1.2917E-08 1.2613E-08 1.2138E-08 1.1508E-08 1.0740E-08 9.8509E-09 8.8628E-09 7.8034E-09 6.7032E-09 5.6165E-09 4.5695E-09 3.6017E-09 2.7342E-09 1.9917E-09 1.3870E-09 9.1587E-10 5.6958E-10 3.3124E-10 1.6806E-10 6.2657E-11 6.2619E-12 0.0000E+00 0.0000E+00 0.0000E+00 0.0000E+00 0.0000E+00 0.0000E+00 0.0000E+00 0.0000E+00 0.0000E+00 0.0000E+00 0.0000E+00 0.0000E+00 0.0000E+00 0.0000E+00 0.0000E+00 0.0000E+00 0.0000E+00 0.0000E+00 0.0000E+00 0.0000E+00 0.0000E+00 0.0000E+00 0.0000E+00
3.8167E-09 4.7053E-09 5.6759E-09 6.7028E-09 7.7653E-09 8.8184E-09 9.8265E-09 1.0756E-08 1.1578E-08 1.2260E-08 1.2784E-08 1.3139E-08 1.3315E-08 1.3311E-08 1.3129E-08 1.2773E-08 1.2247E-08 1.1562E-08 1.0733E-08 9.7817E-09 8.7221E-09 7.5932E-09 6.4381E-09 5.2961E-09 4.2103E-09 3.2208E-09 2.3630E-09 1.6513E-09 1.0960E-09 6.8191E-10 3.9520E-10 2.0222E-10 7.8227E-11 9.5245E-12 0.0000E+00 0.0000E+00 0.0000E+00 0.0000E+00 0.0000E+00 0.0000E+00 0.0000E+00 0.0000E+00 0.0000E+00 0.0000E+00 0.0000E+00 0.0000E+00 0.0000E+00 0.0000E+00 0.0000E+00 0.0000E+00 0.0000E+00 0.0000E+00 0.0000E+00 0.0000E+00 0.0000E+00 0.0000E+00 0.0000E+00
3.4892E-09 4.3451E-09 5.2906E-09 6.3032E-09 7.3655E-09 8.4402E-09 9.4901E-09 1.0479E-08 1.1376E-08 1.2148E-08 1.2777E-08 1.3249E-08 1.3552E-08 1.3680E-08 1.3629E-08 1.3399E-08 1.2995E-08 1.2421E-08 1.1678E-08 1.0779E-08 9.7341E-09 8.5911E-09 7.3680E-09 6.1283E-09 4.9198E-09 3.7946E-09 2.7972E-09 1.9634E-09 1.3044E-09 8.1325E-10 4.7298E-10 2.3964E-10 9.5696E-11 1.4682E-11 0.0000E+00 0.0000E+00 0.0000E+00 0.0000E+00 0.0000E+00 0.0000E+00 0.0000E+00 0.0000E+00 0.0000E+00 0.0000E+00 0.0000E+00 0.0000E+00 0.0000E+00 0.0000E+00 0.0000E+00 0.0000E+00 0.0000E+00 0.0000E+00 0.0000E+00 0.0000E+00 0.0000E+00 0.0000E+00 0.0000E+00
3.1655E-09 3.9796E-09 4.8941E-09 5.8883E-09 6.9477E-09 8.0368E-09 9.1179E-09 1.0158E-08 1.1127E-08 1.1991E-08 1.2727E-08 1.3315E-08 1.3745E-08 1.4009E-08 1.4102E-08 1.4018E-08 1.3755E-08 1.3305E-08 1.2666E-08 1.1847E-08 1.0847E-08 9.6959E-09 8.4200E-09 7.0768E-09 5.7316E-09 4.4524E-09 3.3048E-09 2.3302E-09 1.5502E-09 9.6584E-10 5.5850E-10 2.8659E-10 1.1366E-10 2.2122E-11 0.0000E+00 0.0000E+00 0.0000E+00 0.0000E+00 0.0000E+00 0.0000E+00 0.0000E+00 0.0000E+00 0.0000E+00 0.0000E+00 0.0000E+00 0.0000E+00 0.0000E+00 0.0000E+00 0.0000E+00 0.0000E+00 0.0000E+00 0.0000E+00 0.0000E+00 0.0000E+00 0.0000E+00 0.0000E+00 0.0000E+00
