Assets/Resources/2015_m01_d27_1800(utc+0800)_l00_csi_1hr_conc.grd
DSAA
         159         159
     -79.000      79.000
     -79.000      79.000
  0.0000E+00  0.2611E-05
[rows 25 to 49 of 159, columns 57 to 113 of 159]
1.0555E-09 1.2767E-09 1.5332E-09 1.8230E-09 2.1481E-09 2.5156E-09 2.9218E-09 3.3637E-09 3.8373E-09 4.3424E-09 4.8736E-09 5.4210E-09 5.9762E-09 6.5284E-09 7.0655E-09 7.5786E-09 8.0554E-09 8.4847E-09 8.8555E-09 9.1583E-09 9.3851E-09 9.5295E-09 9.5883E-09 9.5586E-09 9.4430E-09 9.2435E-09 8.9667E-09 8.6199E-09 8.2083E-09 7.7491E-09 7.2504E-09 6.7177E-09 6.1694E-09 5.6138E-09 5.0620E-09 4.5257E-09 4.0052E-09 3.5142E-09 3.0538E-09 2.6304E-09 2.2440E-09 1.8935E-09 1.5829E-09 1.3095E-09 1.0735E-09 8.7051E-10 6.9898E-10 5.5619E-10 4.3757E-10 3.4109E-10 2.5972E-10 1.8428E-10 1.1905E-10 7.1671E-11 3.2517E-11 9.8354E-12 0.0000E+00
1.0008E-09 1.2212E-09 1.4765E-09 1.7653E-09 2.0979E-09 2.4706E-09 2.8813E-09 3.3318E-09 3.8230E-09 4.3463E-09 4.8957E-09 5.4617E-09 6.0363E-09 6.6123E-09 7.1757E-09 7.7132E-09 8.2133E-09 8.6625E-09 9.0494E-09 9.3643E-09 9.5992E-09 9.7475E-09 9.8057E-09 9.7730E-09 9.6504E-09 9.4422E-09 9.1511E-09 8.7879E-09 8.3647E-09 7.8864E-09 7.3636E-09 6.8190E-09 6.2565E-09 5.6853E-09 5.1198E-09 4.5709E-09 4.0457E-09 3.5442E-09 3.0756E-09 2.6464E-09 2.2545E-09 1.9019E-09 1.5876E-09 1.3136E-09 1.0762E-09 8.7336E-10 7.0134E-10 5.5827E-10 4.3918E-10 3.4128E-10 2.5926E-10 1.8400E-10 1.1818E-10 7.1607E-11 3.5435E-11 1.0484E-11 0.0000E+00
9.5080E-10 1.1696E-09 1.4232E-09 1.7171E-09 2.0518E-09 2.4259E-09 2.8466E-09 3.3130E-09 3.8181E-09 4.3567E-09 4.9236E-09 5.5159E-09 6.1191E-09 6.7217E-09 7.3116E-09 7.8736E-09 8.3946E-09 8.8635E-09 9.2668E-09 9.5940E-09 9.8371E-09 9.9889E-09 1.0045E-08 1.0006E-08 9.8732E-09 9.6498E-09 9.3441E-09 8.9636E-09 8.5178E-09 8.0213E-09 7.4879E-09 6.9186E-09 6.3366E-09 5.7541E-09 5.1739E-09 4.6106E-09 4.0732E-09 3.5680E-09 3.0922E-09 2.6545E-09 2.2597E-09 1.9050E-09 1.5910E-09 1.3151E-09 1.0777E-09 8.7454E-10 7.0170E-10 5.5770E-10 4.3853E-10 3.4082E-10 2.5836E-10 1.8220E-10 1.1697E-10 7.1742E-11 3.6767E-11 1.1114E-11 0.0000E+00
9.0506E-10 1.1226E-09 1.3789E-09 1.6740E-09 2.0108E-09 2.3972E-09 2.8328E-09 3.3115E-09 3.8315E-09 4.3947E-09 4.9922E-09 5.6129E-09 6.2447E-09 6.8752E-09 7.4936E-09 8.0859E-09 8.6351E-09 9.1265E-09 9.5474E-09 9.8858E-09 1.0133E-08 1.0283E-08 1.0332E-08 1.0281E-08 1.0132E-08 9.8904E-09 9.5617E-09 9.1583E-09 8.6905E-09 8.1707E-09 7.6045E-09 7.0192E-09 6.4184E-09 5.8140E-09 5.2222E-09 4.6451E-09 4.0951E-09 3.5769E-09 3.0994E-09 2.6583E-09 2.2582E-09 1.9029E-09 1.5873E-09 1.3123E-09 1.0750E-09 8.7054E-10 6.9886E-10 5.5563E-10 4.3582E-10 3.3788E-10 2.5531E-10 1.7947E-10 1.1589E-10 7.1578E-11 3.9030E-11 1.1496E-11 0.0000E+00
8.6342E-10 1.0817E-09 1.3397E-09 1.6368E-09 1.9830E-09 2.3807E-09 2.8251E-09 3.3197E-09 3.8673E-09 4.4578E-09 5.0821E-09 5.7301E-09 6.3961E-09 7.0646E-09 7.7182E-09 8.3415E-09 8.9178E-09 9.4312E-09 9.8687E-09 1.0219E-08 1.0471E-08 1.0619E-08 1.0660E-08 1.0593E-08 1.0422E-08 1.0154E-08 9.7983E-09 9.3662E-09 8.8686E-09 8.3180E-09 7.7355E-09 7.1211E-09 6.4942E-09 5.8734E-09 5.2610E-09 4.6710E-09 4.1092E-09 3.5826E-09 3.0956E-09 2.6514E-09 2.2494E-09 1.8937E-09 1.5790E-09 1.3044E-09 1.0680E-09 8.6597E-10 6.9383E-10 5.5053E-10 4.3092E-10 3.3268E-10 2.5262E-10 1.7610E-10 1.1402E-10 7.1298E-11 3.9684E-11 1.2302E-11 0.0000E+00
8.2220E-10 1.0443E-09 1.3056E-09 1.6097E-09 1.9664E-09 2.3724E-09 2.8363E-09 3.3592E-09 3.9326E-09 4.5487E-09 5.2065E-09 5.8983E-09 6.6063E-09 7.3154E-09 8.0056E-09 8.6632E-09 9.2717E-09 9.8127E-09 1.0270E-08 1.0630E-08 1.0885E-08 1.1025E-08 1.1050E-08 1.0961E-08 1.0765E-08 1.0466E-08 1.0073E-08 9.6039E-09 9.0704E-09 8.4881E-09 7.8636E-09 7.2220E-09 6.5743E-09 5.9247E-09 5.2950E-09 4.6887E-09 4.1112E-09 3.5764E-09 3.0879E-09 2.6395E-09 2.2372E-09 1.8787E-09 1.5659E-09 1.2919E-09 1.0561E-09 8.5671E-10 6.8612E-10 5.4145E-10 4.2380E-10 3.2533E-10 2.4679E-10 1.7193E-10 1.1212E-10 7.0429E-11 3.8433E-11 1.3168E-11 0.0000E+00
7.8279E-10 1.0086E-09 1.2771E-09 1.5907E-09 1.9565E-09 2.3822E-09 2.8706E-09 3.4154E-09 4.0136E-09 4.6697E-09 5.3724E-09 6.1079E-09 6.8582E-09 7.6103E-09 8.3495E-09 9.0517E-09 9.6971E-09 1.0266E-08 1.0742E-08 1.1111E-08 1.1364E-08 1.1493E-08 1.1498E-08 1.1382E-08 1.1149E-08 1.0809E-08 1.0377E-08 9.8648E-09 9.2871E-09 8.6610E-09 8.0066E-09 7.3300E-09 6.6436E-09 5.9739E-09 5.3210E-09 4.6992E-09 4.1106E-09 3.5665E-09 3.0665E-09 2.6168E-09 2.2123E-09 1.8551E-09 1.5443E-09 1.2727E-09 1.0387E-09 8.4050E-10 6.7254E-10 5.3049E-10 4.1322E-10 3.1641E-10 2.3975E-10 1.6694E-10 1.0990E-10 6.8800E-11 3.6597E-11 1.2947E-11 0.0000E+00
7.4278E-10 9.7207E-10 1.2485E-09 1.5753E-09 1.9606E-09 2.4093E-09 2.9167E-09 3.4889E-09 4.1299E-09 4.8317E-09 5.5788E-09 6.3597E-09 7.1669E-09 7.9763E-09 8.7671E-09 9.5147E-09 1.0197E-08 1.0795E-08 1.1292E-08 1.1670E-08 1.1920E-08 1.2036E-08 1.2015E-08 1.1863E-08 1.1587E-08 1.1201E-08 1.0716E-08 1.0152E-08 9.5239E-09 8.8506E-09 8.1488E-09 7.4338E-09 6.7246E-09 6.0207E-09 5.3446E-09 4.7000E-09 4.0923E-09 3.5447E-09 3.0411E-09 2.5896E-09 2.1858E-09 1.8251E-09 1.5167E-09 1.2494E-09 1.0168E-09 8.2157E-10 6.5611E-10 5.1534E-10 4.0034E-10 3.0491E-10 2.3152E-10 1.6081E-10 1.0580E-10 6.6468E-11 3.4233E-11 1.3172E-11 0.0000E+00
7.0481E-10 9.3741E-10 1.2235E-09 1.5645E-09 1.9703E-09 2.4401E-09 2.9812E-09 3.5985E-09 4.2853E-09 5.0309E-09 5.8331E-09 6.6809E-09 7.5520E-09 8.4233E-09 9.2705E-09 1.0073E-08 1.0804E-08 1.1440E-08 1.1960E-08 1.2348E-08 1.2592E-08 1.2686E-08 1.2632E-08 1.2435E-08 1.2106E-08 1.1657E-08 1.1108E-08 1.0482E-08 9.7920E-09 9.0610E-09 8.3074E-09 7.5500E-09 6.7914E-09 6.0642E-09 5.3618E-09 4.7002E-09 4.0736E-09 3.5138E-09 3.0090E-09 2.5532E-09 2.1495E-09 1.7914E-09 1.4822E-09 1.2169E-09 9.9002E-10 7.9724E-10 6.3516E-10 4.9710E-10 3.8489E-10 2.9169E-10 2.2190E-10 1.5413E-10 1.0146E-10 6.2838E-11 3.0788E-11 1.2537E-11 0.0000E+00
6.6924E-10 9.0501E-10 1.2034E-09 1.5584E-09 1.9819E-09 2.4835E-09 3.0670E-09 3.7275E-09 4.4596E-09 5.2649E-09 6.1367E-09 7.0528E-09 7.9904E-09 8.9338E-09 9.8534E-09 1.0719E-08 1.1503E-08 1.2176E-08 1.2718E-08 1.3111E-08 1.3344E-08 1.3411E-08 1.3316E-08 1.3066E-08 1.2675E-08 1.2161E-08 1.1544E-08 1.0840E-08 1.0081E-08 9.2842E-09 8.4732E-09 7.6551E-09 6.8668E-09 6.0977E-09 5.3696E-09 4.6841E-09 4.0425E-09 3.4784E-09 2.9621E-09 2.5023E-09 2.1014E-09 1.7472E-09 1.4389E-09 1.1796E-09 9.5675E-10 7.6684E-10 6.1009E-10 4.7731E-10 3.6695E-10 2.7681E-10 2.1101E-10 1.4588E-10 9.6044E-11 5.8522E-11 2.6719E-11 1.1010E-11 0.0000E+00
6.4781E-10 8.8245E-10 1.1831E-09 1.5523E-09 2.0025E-09 2.5396E-09 3.1623E-09 3.8735E-09 4.6705E-09 5.5495E-09 6.4928E-09 7.4862E-09 8.5132E-09 9.5421E-09 1.0542E-08 1.1477E-08 1.2319E-08 1.3037E-08 1.3607E-08 1.4007E-08 1.4228E-08 1.4263E-08 1.4116E-08 1.3799E-08 1.3330E-08 1.2731E-08 1.2025E-08 1.1242E-08 1.0399E-08 9.5314E-09 8.6477E-09 7.7806E-09 6.9284E-09 6.1290E-09 5.3690E-09 4.6667E-09 4.0036E-09 3.4241E-09 2.9101E-09 2.4476E-09 2.0477E-09 1.6952E-09 1.3896E-09 1.1363E-09 9.1798E-10 7.3387E-10 5.8072E-10 4.5287E-10 3.4768E-10 2.6098E-10 1.9914E-10 1.3676E-10 8.9567E-11 5.1737E-11 2.2411E-11 8.7500E-12 0.0000E+00
6.3242E-10 8.6933E-10 1.1719E-09 1.5532E-09 2.0294E-09 2.5988E-09 3.2680E-09 4.0419E-09 4.9137E-09 5.8689E-09 6.8978E-09 7.9852E-09 9.1040E-09 1.0224E-08 1.1313E-08 1.2330E-08 1.3241E-08 1.4010E-08 1.4604E-08 1.5010E-08 1.5212E-08 1.5207E-08 1.5001E-08 1.4610E-08 1.4054E-08 1.3357E-08 1.2555E-08 1.1669E-08 1.0737E-08 9.7789E-09 8.8273E-09 7.8907E-09 6.9956E-09 6.1475E-09 5.3613E-09 4.6341E-09 3.9508E-09 3.3662E-09 2.8444E-09 2.3832E-09 1.9795E-09 1.6363E-09 1.3351E-09 1.0848E-09 8.7444E-10 6.9504E-10 5.4904E-10 4.2631E-10 3.2637E-10 2.4390E-10 1.8560E-10 1.2698E-10 8.0864E-11 4.4673E-11 1.8351E-11 6.7599E-12 0.0000E+00
6.2080E-10 8.6040E-10 1.1715E-09 1.5683E-09 2.0592E-09 2.6640E-09 3.3864E-09 4.2269E-09 5.1773E-09 6.2326E-09 7.3698E-09 8.5646E-09 9.7888E-09 1.1019E-08 1.2212E-08 1.3322E-08 1.4314E-08 1.5141E-08 1.5772E-08 1.6182E-08 1.6361E-08 1.6304E-08 1.6022E-08 1.5536E-08 1.4872E-08 1.4064E-08 1.3141E-08 1.2141E-08 1.1104E-08 1.0054E-08 9.0073E-09 8.0086E-09 7.0503E-09 6.1600E-09 5.3360E-09 4.5845E-09 3.8861E-09 3.2928E-09 2.7684E-09 2.3076E-09 1.9078E-09 1.5689E-09 1.2727E-09 1.0293E-09 8.2537E-10 6.5229E-10 5.1502E-10 3.9872E-10 3.0427E-10 2.2571E-10 1.7148E-10 1.1526E-10 7.0401E-11 3.7696E-11 1.4302E-11 4.9526E-12 0.0000E+00
6.1228E-10 8.5464E-10 1.1805E-09 1.5888E-09 2.0993E-09 2.7389E-09 3.5130E-09 4.4218E-09 5.4658E-09 6.6271E-09 7.8787E-09 9.1938E-09 1.0549E-08 1.1903E-08 1.3207E-08 1.4423E-08 1.5500E-08 1.6391E-08 1.7053E-08 1.7469E-08 1.7619E-08 1.7503E-08 1.7135E-08 1.6543E-08 1.5758E-08 1.4819E-08 1.3766E-08 1.2642E-08 1.1477E-08 1.0323E-08 9.1928E-09 8.1054E-09 7.0915E-09 6.1511E-09 5.3014E-09 4.5242E-09 3.8103E-09 3.2040E-09 2.6811E-09 2.2255E-09 1.8271E-09 1.4913E-09 1.2040E-09 9.6914E-10 7.7324E-10 6.0740E-10 4.7800E-10 3.6893E-10 2.7974E-10 2.0654E-10 1.5631E-10 1.0046E-10 5.9757E-11 3.0616E-11 1.0539E-11 3.1285E-12 0.0000E+00
6.0218E-10 8.5325E-10 1.1908E-09 1.6139E-09 2.1488E-09 2.8211E-09 3.6452E-09 4.6291E-09 5.7638E-09 7.0363E-09 8.4252E-09 9.8960E-09 1.1405E-08 1.2904E-08 1.4336E-08 1.5669E-08 1.6841E-08 1.7803E-08 1.8509E-08 1.8928E-08 1.9040E-08 1.8851E-08 1.8379E-08 1.7658E-08 1.6727E-08 1.5636E-08 1.4431E-08 1.3157E-08 1.1871E-08 1.0590E-08 9.3651E-09 8.2036E-09 7.1198E-09 6.1256E-09 5.2355E-09 4.4429E-09 3.7157E-09 3.1084E-09 2.5820E-09 2.1294E-09 1.7332E-09 1.4113E-09 1.1308E-09 9.0321E-10 7.1833E-10 5.6015E-10 4.3948E-10 3.3858E-10 2.5468E-10 1.8728E-10 1.3677E-10 8.5757E-11 4.9399E-11 2.3753E-11 7.1575E-12 1.5210E-12 0.0000E+00
5.9279E-10 8.5399E-10 1.2020E-09 1.6424E-09 2.2030E-09 2.9078E-09 3.7815E-09 4.8384E-09 6.0705E-09 7.4717E-09 9.0066E-09 1.0635E-08 1.2317E-08 1.3990E-08 1.5594E-08 1.7067E-08 1.8346E-08 1.9373E-08 2.0108E-08 2.0521E-08 2.0594E-08 2.0320E-08 1.9731E-08 1.8864E-08 1.7769E-08 1.6506E-08 1.5130E-08 1.3702E-08 1.2254E-08 1.0859E-08 9.5112E-09 8.2642E-09 7.1244E-09 6.0855E-09 5.1593E-09 4.3366E-09 3.6057E-09 2.9922E-09 2.4655E-09 2.0238E-09 1.6380E-09 1.3247E-09 1.0537E-09 8.3462E-10 6.6145E-10 5.1200E-10 4.0008E-10 3.0755E-10 2.2878E-10 1.6494E-10 1.1700E-10 7.1910E-11 3.9340E-11 1.7485E-11 4.1914E-12 3.4523E-13 0.0000E+00
5.9416E-10 8.5546E-10 1.2089E-09 1.6710E-09 2.2557E-09 2.9954E-09 3.9165E-09 5.0416E-09 6.3740E-09 7.9022E-09 9.5985E-09 1.1418E-08 1.3300E-08 1.5176E-08 1.6965E-08 1.8606E-08 2.0016E-08 2.1132E-08 2.1909E-08 2.2305E-08 2.2320E-08 2.1939E-08 2.1209E-08 2.0168E-08 1.8883E-08 1.7423E-08 1.5855E-08 1.4237E-08 1.2649E-08 1.1097E-08 9.6468E-09 8.3052E-09 7.0849E-09 6.0022E-09 5.0483E-09 4.2176E-09 3.4780E-09 2.8696E-09 2.3436E-09 1.9083E-09 1.5316E-09 1.2307E-09 9.7343E-10 7.6421E-10 6.0443E-10 4.6356E-10 3.6033E-10 2.7530E-10 2.0062E-10 1.4028E-10 9.7324E-11 5.7826E-11 3.0093E-11 1.1816E-11 1.8632E-12 0.0000E+00 0.0000E+00
5.9077E-10 8.5194E-10 1.2136E-09 1.6919E-09 2.3039E-09 3.0756E-09 4.0441E-09 5.2373E-09 6.6651E-09 8.3195E-09 1.0184E-08 1.2209E-08 1.4317E-08 1.6423E-08 1.8438E-08 2.0274E-08 2.1841E-08 2.3061E-08 2.3875E-08 2.4252E-08 2.4186E-08 2.3682E-08 2.2788E-08 2.1555E-08 2.0054E-08 1.8371E-08 1.6588E-08 1.4782E-08 1.3002E-08 1.1317E-08 9.7348E-09 8.3113E-09 7.0289E-09 5.8932E-09 4.9094E-09 4.0660E-09 3.3258E-09 2.7267E-09 2.2108E-09 1.7858E-09 1.4197E-09 1.1386E-09 8.9142E-10 6.9276E-10 5.4550E-10 4.1514E-10 3.2091E-10 2.4234E-10 1.7051E-10 1.1648E-10 7.8638E-11 4.4366E-11 2.1080E-11 6.5149E-12 3.6096E-13 0.0000E+00 0.0000E+00
5.8757E-10 8.4831E-10 1.2171E-09 1.7072E-09 2.3351E-09 3.1428E-09 4.1572E-09 5.4162E-09 6.9342E-09 8.7144E-09 1.0746E-08 1.2979E-08 1.5335E-08 1.7715E-08 1.9995E-08 2.2061E-08 2.3815E-08 2.5166E-08 2.6044E-08 2.6399E-08 2.6242E-08 2.5578E-08 2.4481E-08 2.3013E-08 2.1267E-08 1.9340E-08 1.7316E-08 1.5287E-08 1.3335E-08 1.1486E-08 9.7985E-09 8.2581E-09 6.9116E-09 5.7398E-09 4.7362E-09 3.8999E-09 3.1626E-09 2.5689E-09 2.0629E-09 1.6574E-09 1.3039E-09 1.0382E-09 8.0841E-10 6.2086E-10 4.8584E-10 3.6758E-10 2.8137E-10 2.0630E-10 1.4160E-10 9.4677E-11 6.1625E-11 3.2424E-11 1.2939E-11 2.1189E-12 1.0652E-13 0.0000E+00 0.0000E+00
5.7458E-10 8.3261E-10 1.2061E-09 1.7093E-09 2.3539E-09 3.1931E-09 4.2475E-09 5.5626E-09 7.1735E-09 9.0728E-09 1.1262E-08 1.3705E-08 1.6321E-08 1.8992E-08 2.1582E-08 2.3926E-08 2.5907E-08 2.7400E-08 2.8348E-08 2.8691E-08 2.8437E-08 2.7609E-08 2.6283E-08 2.4544E-08 2.2512E-08 2.0301E-08 1.8021E-08 1.5762E-08 1.3603E-08 1.1599E-08 9.7813E-09 8.1658E-09 6.7585E-09 5.5383E-09 4.5343E-09 3.6988E-09 2.9826E-09 2.4013E-09 1.9070E-09 1.5226E-09 1.1851E-09 9.3619E-10 7.2450E-10 5.4940E-10 4.2627E-10 3.1987E-10 2.3901E-10 1.7092E-10 1.1512E-10 7.4491E-11 4.6091E-11 2.1688E-11 6.0319E-12 8.8220E-13 0.0000E+00 0.0000E+00 0.0000E+00
5.4948E-10 8.0723E-10 1.1819E-09 1.6874E-09 2.3423E-09 3.2116E-09 4.3077E-09 5.6792E-09 7.3705E-09 9.3807E-09 1.1725E-08 1.4376E-08 1.7247E-08 2.0215E-08 2.3128E-08 2.5805E-08 2.8079E-08 2.9785E-08 3.0840E-08 3.1178E-08 3.0815E-08 2.9779E-08 2.8183E-08 2.6140E-08 2.3785E-08 2.1256E-08 1.8676E-08 1.6167E-08 1.3806E-08 1.1651E-08 9.7177E-09 8.0117E-09 6.5484E-09 5.3066E-09 4.2999E-09 3.4771E-09 2.7838E-09 2.2240E-09 1.7445E-09 1.3866E-09 1.0649E-09 8.3425E-10 6.4164E-10 4.7917E-10 3.6670E-10 2.7074E-10 1.9717E-10 1.3773E-10 8.9629E-11 5.4909E-11 3.1162E-11 1.1735E-11 2.2741E-12 3.0026E-13 0.0000E+00 0.0000E+00 0.0000E+00
5.1348E-10 7.6643E-10 1.1364E-09 1.6417E-09 2.2965E-09 3.1812E-09 4.3032E-09 5.7257E-09 7.4837E-09 9.6061E-09 1.2108E-08 1.4952E-08 1.8080E-08 2.1363E-08 2.4635E-08 2.7677E-08 3.0285E-08 3.2237E-08 3.3434E-08 3.3784E-08 3.3318E-08 3.2073E-08 3.0178E-08 2.7781E-08 2.5055E-08 2.2173E-08 1.9276E-08 1.6496E-08 1.3918E-08 1.1596E-08 9.5668E-09 7.7930E-09 6.2723E-09 5.0450E-09 4.0399E-09 3.2374E-09 2.5726E-09 2.0379E-09 1.5787E-09 1.2438E-09 9.4532E-10 7.3347E-10 5.5751E-10 4.0961E-10 3.0829E-10 2.2392E-10 1.5881E-10 1.0818E-10 6.7168E-11 3.7330E-11 1.7778E-11 3.7686E-12 1.0605E-12 2.3194E-14 0.0000E+00 0.0000E+00 0.0000E+00
4.7079E-10 7.1174E-10 1.0694E-09 1.5666E-09 2.2142E-09 3.1002E-09 4.2441E-09 5.6950E-09 7.5160E-09 9.7369E-09 1.2377E-08 1.5425E-08 1.8818E-08 2.2423E-08 2.6056E-08 2.9483E-08 3.2472E-08 3.4754E-08 3.6159E-08 3.6571E-08 3.5972E-08 3.4469E-08 3.2232E-08 2.9439E-08 2.6298E-08 2.3020E-08 1.9785E-08 1.6727E-08 1.3936E-08 1.1471E-08 9.3382E-09 7.5112E-09 5.9674E-09 4.7488E-09 3.7561E-09 2.9828E-09 2.3525E-09 1.8512E-09 1.4120E-09 1.1016E-09 8.2826E-10 6.3404E-10 4.7481E-10 3.4156E-10 2.5254E-10 1.7994E-10 1.2483E-10 8.1377E-11 4.7244E-11 2.3203E-11 7.3011E-12 2.0762E-12 3.4842E-13 0.0000E+00 0.0000E+00 0.0000E+00 0.0000E+00
4.1570E-10 6.4131E-10 9.8876E-10 1.4635E-09 2.0952E-09 2.9696E-09 4.1054E-09 5.5643E-09 7.4258E-09 9.7276E-09 1.2507E-08 1.5746E-08 1.9393E-08 2.3344E-08 2.7395E-08 3.1273E-08 3.4684E-08 3.7303E-08 3.8938E-08 3.9443E-08 3.8774E-08 3.7025E-08 3.4395E-08 3.1138E-08 2.7523E-08 2.3806E-08 2.0182E-08 1.6825E-08 1.3833E-08 1.1222E-08 9.0299E-09 7.1655E-09 5.6148E-09 4.4106E-09 3.4528E-09 2.7173E-09 2.1275E-09 1.6562E-09 1.2476E-09 9.6254E-10 7.1682E-10 5.3790E-10 3.9407E-10 2.7791E-10 2.0177E-10 1.3916E-10 9.3867E-11 5.6788E-11 2.9589E-11 1.0932E-11 2.9689E-12 8.5627E-13 3.5497E-14 0.0000E+00 0.0000E+00 0.0000E+00 0.0000E+00
3.5992E-10 5.6485E-10 8.8406E-10 1.3272E-09 1.9291E-09 2.7766E-09 3.8901E-09 5.3405E-09 7.2128E-09 9.5698E-09 1.2463E-08 1.5893E-08 1.9823E-08 2.4129E-08 2.8594E-08 3.2946E-08 3.6837E-08 3.9889E-08 4.1820E-08 4.2415E-08 4.1644E-08 3.9632E-08 3.6581E-08 3.2813E-08 2.8670E-08 2.4478E-08 2.0465E-08 1.6811E-08 1.3596E-08 1.0877E-08 8.6161E-09 6.7516E-09 5.2161E-09 4.0553E-09 3.1334E-09 2.4450E-09 1.9016E-09 1.4633E-09 1.0886E-09 8.2772E-10 6.0838E-10 4.4450E-10 3.1890E-10 2.1991E-10 1.5616E-10 1.0319E-10 6.6009E-11 3.5744E-11 1.4636E-11 3.8144E-12 1.4857E-12 2.6681E-13 0.0000E+00 0.0000E+00 0.0000E+00 0.0000E+00 0.0000E+00
