Assets/Resources/2015_m01_d29_1900(utc+0800)_l00_csi_1hr_conc.grd
DSAA
         159         159
     -79.000      79.000
     -79.000      79.000
  0.0000E+00  0.3583E-04
[rows 50 to 74 of 159, columns 57 to 113 of 159]
6.9561E-11 7.5417E-11 8.1669E-11 8.8328E-11 9.4835E-11 1.0239E-10 1.1041E-10 1.1894E-10 1.2799E-10 1.3757E-10 1.4773E-10 1.5784E-10 1.6916E-10 1.8047E-10 1.9308E-10 2.0568E-10 2.1960E-10 2.3357E-10 2.4898E-10 2.6541E-10 2.8367E-10 3.0290E-10 3.2217E-10 3.4250E-10 3.6489E-10 3.8840E-10 4.1203E-10 4.3702E-10 4.6316E-10 4.8925E-10 5.1779E-10 5.4625E-10 5.7586E-10 6.0663E-10 6.3858E-10 6.7173E-10 7.0609E-10 7.4167E-10 7.7831E-10 8.1583E-10 8.5396E-10 8.9277E-10 9.3216E-10 9.7186E-10 1.0119E-09 1.0522E-09 1.0926E-09 1.1335E-09 1.1773E-09 1.2234E-09 1.2691E-09 1.3120E-09 1.3561E-09 1.4003E-09 1.4435E-09 1.4860E-09 1.5266E-09
6.8351E-11 7.4119E-11 8.0280E-11 8.6843E-11 9.3248E-11 1.0069E-10 1.0861E-10 1.1702E-10 1.2594E-10 1.3540E-10 1.4543E-10 1.5540E-10 1.6657E-10 1.7837E-10 1.9018E-10 2.0261E-10 2.1637E-10 2.3084E-10 2.4539E-10 2.6164E-10 2.7972E-10 2.9878E-10 3.1885E-10 3.3801E-10 3.6023E-10 3.8358E-10 4.0702E-10 4.3184E-10 4.5781E-10 4.8369E-10 5.1208E-10 5.4033E-10 5.6974E-10 6.0032E-10 6.3208E-10 6.6505E-10 6.9922E-10 7.3462E-10 7.7106E-10 8.0843E-10 8.4647E-10 8.8518E-10 9.2451E-10 9.6426E-10 1.0043E-09 1.0591E-09 1.1091E-09 1.1643E-09 1.2148E-09 1.2636E-09 1.3138E-09 1.3650E-09 1.4144E-09 1.4595E-09 1.5053E-09 1.5472E-09 1.5908E-09
6.7097E-11 7.2775E-11 7.8840E-11 8.5302E-11 9.1602E-11 9.8936E-11 1.0673E-10 1.1502E-10 1.2382E-10 1.3314E-10 1.4302E-10 1.5285E-10 1.6387E-10 1.7551E-10 1.8715E-10 1.9941E-10 2.1298E-10 2.2727E-10 2.4162E-10 2.5768E-10 2.7557E-10 2.9444E-10 3.1432E-10 3.3426E-10 3.5530E-10 3.7846E-10 4.0170E-10 4.2632E-10 4.5210E-10 4.7775E-10 5.0595E-10 5.3398E-10 5.6317E-10 5.9352E-10 6.2507E-10 6.5781E-10 6.9177E-10 7.2696E-10 7.6318E-10 8.0035E-10 8.3828E-10 8.7686E-10 9.1610E-10 9.5640E-10 1.0061E-09 1.0763E-09 1.1265E-09 1.1749E-09 1.2249E-09 1.2783E-09 1.3343E-09 1.3896E-09 1.4415E-09 1.4949E-09 1.5389E-09 1.5860E-09 1.6331E-09
6.5805E-11 7.1388E-11 7.7353E-11 8.3710E-11 8.9899E-11 9.7117E-11 1.0479E-10 1.1295E-10 1.2161E-10 1.3080E-10 1.4053E-10 1.5020E-10 1.6105E-10 1.7253E-10 1.8400E-10 1.9607E-10 2.0945E-10 2.2354E-10 2.3769E-10 2.5354E-10 2.7122E-10 2.8989E-10 3.0956E-10 3.3029E-10 3.5010E-10 3.7306E-10 3.9608E-10 4.2047E-10 4.4604E-10 4.7276E-10 4.9943E-10 5.2721E-10 5.5615E-10 5.8626E-10 6.1755E-10 6.5005E-10 6.8376E-10 7.1871E-10 7.5468E-10 7.9162E-10 8.2941E-10 8.6947E-10 9.2049E-10 9.6646E-10 1.0313E-09 1.0968E-09 1.1516E-09 1.2144E-09 1.2805E-09 1.3435E-09 1.4055E-09 1.4665E-09 1.5200E-09 1.5746E-09 1.6263E-09 1.6767E-09 1.7254E-09
6.4477E-11 6.9961E-11 7.5822E-11 8.1487E-11 8.8145E-11 9.5241E-11 1.0279E-10 1.1081E-10 1.1933E-10 1.2837E-10 1.3795E-10 1.4746E-10 1.5814E-10 1.6944E-10 1.8072E-10 1.9260E-10 2.0578E-10 2.1967E-10 2.3360E-10 2.4922E-10 2.6669E-10 2.8513E-10 3.0459E-10 3.2509E-10 3.4566E-10 3.6738E-10 3.9142E-10 4.1432E-10 4.3964E-10 4.6613E-10 4.9252E-10 5.2004E-10 5.4870E-10 5.7853E-10 6.0955E-10 6.4177E-10 6.7521E-10 7.0988E-10 7.4558E-10 7.8364E-10 8.3158E-10 8.7589E-10 9.2134E-10 9.6838E-10 1.0354E-09 1.1188E-09 1.1884E-09 1.2535E-09 1.3174E-09 1.3817E-09 1.4483E-09 1.5252E-09 1.5909E-09 1.6483E-09 1.7067E-09 1.7572E-09 1.8200E-09
6.3116E-11 6.8498E-11 7.3668E-11 7.9805E-11 8.6343E-11 9.3312E-11 1.0072E-10 1.0861E-10 1.1698E-10 1.2587E-10 1.3528E-10 1.4462E-10 1.5513E-10 1.6624E-10 1.7734E-10 1.8901E-10 2.0199E-10 2.1566E-10 2.2935E-10 2.4475E-10 2.6198E-10 2.8019E-10 2.9941E-10 3.1967E-10 3.4103E-10 3.6248E-10 3.8525E-10 4.0914E-10 4.3293E-10 4.5916E-10 4.8526E-10 5.1248E-10 5.4084E-10 5.7037E-10 6.0108E-10 6.3299E-10 6.6612E-10 7.0089E-10 7.4299E-10 7.8852E-10 8.2951E-10 8.7599E-10 9.2630E-10 1.0048E-09 1.0837E-09 1.1500E-09 1.2165E-09 1.2851E-09 1.3716E-09 1.4441E-09 1.5158E-09 1.5898E-09 1.6678E-09 1.7341E-09 1.8034E-09 1.8604E-09 1.9185E-09
6.1725E-11 6.6429E-11 7.2064E-11 7.8084E-11 8.4498E-11 9.1337E-11 9.8611E-11 1.0635E-10 1.1457E-10 1.2330E-10 1.3255E-10 1.4171E-10 1.5204E-10 1.6296E-10 1.7385E-10 1.8531E-10 1.9807E-10 2.1151E-10 2.2498E-10 2.4013E-10 2.5711E-10 2.7507E-10 2.9403E-10 3.1405E-10 3.3514E-10 3.5632E-10 3.7882E-10 4.0243E-10 4.2592E-10 4.5186E-10 4.7765E-10 5.0455E-10 5.3259E-10 5.6178E-10 5.9216E-10 6.2374E-10 6.5906E-10 7.0209E-10 7.4398E-10 7.8361E-10 8.3461E-10 8.9289E-10 9.4252E-10 1.0230E-09 1.1083E-09 1.1780E-09 1.2727E-09 1.3485E-09 1.4272E-09 1.5096E-09 1.6083E-09 1.6914E-09 1.7840E-09 1.8579E-09 1.9282E-09 1.9836E-09 2.0423E-09
5.9736E-11 6.4909E-11 7.0429E-11 7.6328E-11 8.2613E-11 8.9318E-11 9.6450E-11 1.0404E-10 1.1211E-10 1.2067E-10 1.2974E-10 1.3873E-10 1.4886E-10 1.5958E-10 1.7027E-10 1.8152E-10 1.9405E-10 2.0725E-10 2.2047E-10 2.3537E-10 2.5209E-10 2.6978E-10 2.8848E-10 3.0822E-10 3.2905E-10 3.4993E-10 3.7214E-10 3.9546E-10 4.1862E-10 4.4426E-10 4.6971E-10 4.9627E-10 5.2396E-10 5.5280E-10 5.8296E-10 6.1884E-10 6.5993E-10 6.9963E-10 7.4061E-10 7.9780E-10 8.4996E-10 9.0023E-10 9.8002E-10 1.0886E-09 1.1637E-09 1.2432E-09 1.3252E-09 1.4331E-09 1.5263E-09 1.6343E-09 1.7262E-09 1.8184E-09 1.9150E-09 2.0024E-09 2.0732E-09 2.1452E-09 2.2036E-09
5.8300E-11 6.3362E-11 6.8765E-11 7.4540E-11 8.0694E-11 8.7260E-11 9.4246E-11 1.0169E-10 1.0959E-10 1.1798E-10 1.2687E-10 1.3567E-10 1.4561E-10 1.5613E-10 1.6660E-10 1.7763E-10 1.8992E-10 2.0288E-10 2.1585E-10 2.3048E-10 2.4693E-10 2.6434E-10 2.8276E-10 3.0222E-10 3.2275E-10 3.4333E-10 3.6523E-10 3.8823E-10 4.1235E-10 4.3637E-10 4.6146E-10 4.8766E-10 5.1498E-10 5.4410E-10 5.7954E-10 6.1851E-10 6.5662E-10 7.0062E-10 7.5629E-10 8.0621E-10 8.5743E-10 9.1564E-10 1.0259E-09 1.1274E-09 1.2123E-09 1.3271E-09 1.4272E-09 1.5529E-09 1.6534E-09 1.7627E-09 1.8689E-09 1.9821E-09 2.0677E-09 2.1591E-09 2.2363E-09 2.3113E-09 2.3792E-09
5.6845E-11 6.1794E-11 6.7077E-11 7.2725E-11 7.8745E-11 8.5169E-11 9.2005E-11 9.9287E-11 1.0702E-10 1.1524E-10 1.2395E-10 1.3256E-10 1.4230E-10 1.5260E-10 1.6286E-10 1.7365E-10 1.8571E-10 1.9842E-10 2.1112E-10 2.2547E-10 2.4164E-10 2.5877E-10 2.7689E-10 2.9604E-10 3.1627E-10 3.3653E-10 3.5811E-10 3.8077E-10 4.0456E-10 4.2821E-10 4.5293E-10 4.7874E-10 5.0657E-10 5.4053E-10 5.7788E-10 6.1560E-10 6.6007E-10 7.1292E-10 7.6262E-10 8.1409E-10 8.7293E-10 9.8100E-10 1.1126E-09 1.2087E-09 1.3404E-09 1.4515E-09 1.5645E-09 1.6821E-09 1.8237E-09 1.9393E-09 2.0536E-09 2.1640E-09 2.2698E-09 2.3694E-09 2.4536E-09 2.5361E-09 2.6029E-09
5.5374E-11 6.0207E-11 6.5367E-11 7.0886E-11 7.6769E-11 8.3049E-11 8.9732E-11 9.6852E-11 1.0442E-10 1.1246E-10 1.2098E-10 1.2940E-10 1.3893E-10 1.4838E-10 1.5904E-10 1.6960E-10 1.8141E-10 1.9386E-10 2.0629E-10 2.2037E-10 2.3624E-10 2.5306E-10 2.7087E-10 2.8971E-10 3.0963E-10 3.2955E-10 3.5078E-10 3.7310E-10 3.9653E-10 4.1979E-10 4.4412E-10 4.7042E-10 5.0256E-10 5.3814E-10 5.7583E-10 6.1928E-10 6.6934E-10 7.1990E-10 7.7493E-10 8.6109E-10 9.4812E-10 1.0527E-09 1.2124E-09 1.3317E-09 1.4540E-09 1.5820E-09 1.7412E-09 1.8755E-09 2.0111E-09 2.1474E-09 2.2788E-09 2.4008E-09 2.5151E-09 2.6189E-09 2.7168E-09 2.8013E-09 2.8844E-09
5.3889E-11 5.8605E-11 6.3641E-11 6.9028E-11 7.4771E-11 8.0904E-11 8.7431E-11 9.4387E-11 1.0178E-10 1.0963E-10 1.1797E-10 1.2619E-10 1.3487E-10 1.4474E-10 1.5517E-10 1.6549E-10 1.7704E-10 1.8922E-10 2.0138E-10 2.1517E-10 2.3073E-10 2.4724E-10 2.6473E-10 2.8325E-10 3.0283E-10 3.2240E-10 3.4328E-10 3.6523E-10 3.8828E-10 4.1115E-10 4.3569E-10 4.6590E-10 4.9943E-10 5.3680E-10 5.8013E-10 6.3279E-10 6.8554E-10 7.6567E-10 8.3105E-10 8.9612E-10 1.0230E-09 1.1830E-09 1.3171E-09 1.4924E-09 1.6407E-09 1.7928E-09 1.9487E-09 2.1089E-09 2.2676E-09 2.4213E-09 2.5643E-09 2.6957E-09 2.8161E-09 2.9290E-09 3.0341E-09 3.1256E-09 3.2131E-09
5.2394E-11 5.6992E-11 6.1901E-11 6.7154E-11 7.2756E-11 7.8739E-11 8.5108E-11 9.1897E-11 9.9113E-11 1.0678E-10 1.1431E-10 1.2294E-10 1.3141E-10 1.4105E-10 1.5125E-10 1.6132E-10 1.7261E-10 1.8384E-10 1.9640E-10 2.0989E-10 2.2514E-10 2.4132E-10 2.5848E-10 2.7665E-10 2.9589E-10 3.1510E-10 3.3561E-10 3.5718E-10 3.7984E-10 4.0249E-10 4.3052E-10 4.6198E-10 5.0000E-10 5.4837E-10 6.1702E-10 6.7632E-10 7.3769E-10 8.0485E-10 8.7375E-10 9.7949E-10 1.1330E-09 1.3346E-09 1.4965E-09 1.6774E-09 1.8612E-09 2.0436E-09 2.2301E-09 2.4144E-09 2.5964E-09 2.7645E-09 2.9194E-09 3.0622E-09 3.1930E-09 3.3114E-09 3.4202E-09 3.5227E-09 3.6108E-09
5.0892E-11 5.5369E-11 6.0151E-11 6.5269E-11 7.0727E-11 7.6558E-11 8.2767E-11 8.9386E-11 9.6424E-11 1.0329E-10 1.1124E-10 1.1966E-10 1.2792E-10 1.3732E-10 1.4728E-10 1.5711E-10 1.6745E-10 1.7909E-10 1.9135E-10 2.0454E-10 2.1947E-10 2.3532E-10 2.5213E-10 2.6995E-10 2.8883E-10 3.0893E-10 3.2779E-10 3.4896E-10 3.7122E-10 3.9621E-10 4.2698E-10 4.6936E-10 5.3425E-10 5.8948E-10 6.5174E-10 7.1748E-10 8.2026E-10 9.0054E-10 1.0168E-09 1.1404E-09 1.3376E-09 1.5210E-09 1.7219E-09 1.9384E-09 2.1556E-09 2.3745E-09 2.5947E-09 2.8062E-09 3.0089E-09 3.1945E-09 3.3620E-09 3.5147E-09 3.6484E-09 3.7686E-09 3.8822E-09 3.9837E-09 4.0754E-09
4.8823E-11 5.3742E-11 5.7821E-11 6.3376E-11 6.8106E-11 7.4367E-11 7.9820E-11 8.6861E-11 9.3115E-11 1.0040E-10 1.0814E-10 1.1635E-10 1.2439E-10 1.3357E-10 1.4328E-10 1.5285E-10 1.6294E-10 1.7429E-10 1.8626E-10 1.9913E-10 2.1373E-10 2.2924E-10 2.4570E-10 2.6316E-10 2.8166E-10 3.0138E-10 3.2110E-10 3.4060E-10 3.6393E-10 3.9503E-10 4.5204E-10 5.1098E-10 5.6662E-10 6.5086E-10 7.3125E-10 8.3973E-10 9.3628E-10 1.0413E-09 1.1621E-09 1.3611E-09 1.5648E-09 1.7740E-09 2.0116E-09 2.2765E-09 2.5507E-09 2.8122E-09 3.0633E-09 3.3092E-09 3.5265E-09 3.7200E-09 3.8939E-09 4.0501E-09 4.1907E-09 4.3110E-09 4.4265E-09 4.5299E-09 4.6248E-09
4.7326E-11 5.1546E-11 5.6072E-11 6.0902E-11 6.6072E-11 7.1582E-11 7.7467E-11 8.3729E-11 9.0405E-11 9.7499E-11 1.0504E-10 1.1303E-10 1.2085E-10 1.2979E-10 1.3925E-10 1.4857E-10 1.5839E-10 1.6945E-10 1.8112E-10 1.9368E-10 2.0793E-10 2.2309E-10 2.3919E-10 2.5628E-10 2.7440E-10 2.9373E-10 3.1304E-10 3.3255E-10 3.6823E-10 4.2650E-10 4.8174E-10 5.5483E-10 6.3488E-10 7.4323E-10 8.4200E-10 9.5609E-10 1.0838E-09 1.2565E-09 1.4300E-09 1.6382E-09 1.8589E-09 2.1236E-09 2.4174E-09 2.7356E-09 3.0579E-09 3.3656E-09 3.6476E-09 3.9086E-09 4.1457E-09 4.3514E-09 4.5360E-09 4.6943E-09 4.8356E-09 4.9568E-09 5.0693E-09 5.1701E-09 5.2566E-09
4.5831E-11 4.9928E-11 5.4323E-11 5.9015E-11 6.4038E-11 6.9391E-11 7.5111E-11 8.1198E-11 8.7689E-11 9.4587E-11 1.0192E-10 1.0970E-10 1.1730E-10 1.2600E-10 1.3520E-10 1.4427E-10 1.5382E-10 1.6459E-10 1.7595E-10 1.8819E-10 2.0210E-10 2.1690E-10 2.3263E-10 2.4934E-10 2.6707E-10 2.8600E-10 3.0489E-10 3.4137E-10 3.9558E-10 4.5685E-10 5.3491E-10 6.3682E-10 7.4005E-10 8.5290E-10 1.0132E-09 1.1676E-09 1.3282E-09 1.5948E-09 1.8341E-09 2.0906E-09 2.3518E-09 2.6553E-09 3.0015E-09 3.3700E-09 3.7282E-09 4.0667E-09 4.3781E-09 4.6554E-09 4.8999E-09 5.1085E-09 5.2952E-09 5.4558E-09 5.5896E-09 5.7129E-09 5.8147E-09 5.9086E-09 5.9817E-09
4.4341E-11 4.8315E-11 5.2579E-11 5.7131E-11 6.2006E-11 6.7203E-11 7.2756E-11 7.8668E-11 8.4973E-11 9.1674E-11 9.8799E-11 1.0636E-10 1.1374E-10 1.2220E-10 1.3115E-10 1.3995E-10 1.4923E-10 1.5971E-10 1.7077E-10 1.8268E-10 1.9624E-10 2.1068E-10 2.2603E-10 2.4235E-10 2.5968E-10 2.7819E-10 3.1551E-10 3.6219E-10 4.2324E-10 5.1444E-10 6.2206E-10 7.2880E-10 8.7812E-10 1.0363E-09 1.2165E-09 1.4148E-09 1.7389E-09 2.0146E-09 2.3192E-09 2.6768E-09 2.9849E-09 3.3482E-09 3.7392E-09 4.1495E-09 4.5512E-09 4.9155E-09 5.2515E-09 5.5475E-09 5.7938E-09 6.0097E-09 6.1862E-09 6.3440E-09 6.4693E-09 6.5789E-09 6.6733E-09 6.7452E-09 6.7980E-09
4.2858E-11 4.6708E-11 5.0841E-11 5.5254E-11 5.9981E-11 6.5020E-11 7.0407E-11 7.6142E-11 8.2261E-11 8.8765E-11 9.5681E-11 1.0302E-10 1.1018E-10 1.1839E-10 1.2709E-10 1.3564E-10 1.4464E-10 1.5483E-10 1.6557E-10 1.7715E-10 1.9036E-10 2.0443E-10 2.1940E-10 2.3532E-10 2.5224E-10 2.8666E-10 3.3886E-10 4.0886E-10 5.2215E-10 6.3851E-10 7.8464E-10 9.4946E-10 1.1466E-09 1.3722E-09 1.6273E-09 2.0168E-09 2.4522E-09 2.8233E-09 3.1781E-09 3.5126E-09 3.8708E-09 4.2730E-09 4.7108E-09 5.1587E-09 5.5891E-09 5.9828E-09 6.3131E-09 6.6042E-09 6.8538E-09 7.0596E-09 7.2285E-09 7.3607E-09 7.4759E-09 7.5662E-09 7.6347E-09 7.6843E-09 7.7063E-09
4.0822E-11 4.4552E-11 4.9114E-11 5.2814E-11 5.7966E-11 6.2848E-11 6.8069E-11 7.3627E-11 7.9559E-11 8.5865E-11 9.2572E-11 9.9692E-11 1.0663E-10 1.1460E-10 1.2240E-10 1.3132E-10 1.4006E-10 1.4994E-10 1.6038E-10 1.7069E-10 1.8354E-10 1.9817E-10 2.1275E-10 2.2827E-10 2.5604E-10 3.1123E-10 3.7296E-10 4.8879E-10 6.0647E-10 7.6516E-10 9.5080E-10 1.1763E-09 1.5537E-09 1.8777E-09 2.3582E-09 2.9085E-09 3.3877E-09 3.8352E-09 4.2379E-09 4.6179E-09 5.0278E-09 5.4674E-09 5.9389E-09 6.3960E-09 6.8469E-09 7.2492E-09 7.5906E-09 7.8559E-09 8.0789E-09 8.2685E-09 8.4145E-09 8.5247E-09 8.6060E-09 8.6719E-09 8.7067E-09 8.7153E-09 8.7013E-09
3.9375E-11 4.2982E-11 4.6837E-11 5.0973E-11 5.5388E-11 6.0116E-11 6.5153E-11 7.0538E-11 7.6870E-11 8.2378E-11 8.8870E-11 9.5772E-11 1.0309E-10 1.1019E-10 1.1837E-10 1.2702E-10 1.3548E-10 1.4507E-10 1.5519E-10 1.6519E-10 1.7768E-10 1.9191E-10 2.0610E-10 2.2637E-10 2.7921E-10 3.4468E-10 4.7317E-10 6.3095E-10 8.3312E-10 1.0828E-09 1.3904E-09 1.7620E-09 2.1881E-09 2.8162E-09 3.5381E-09 4.1844E-09 4.7930E-09 5.3084E-09 5.7319E-09 6.1405E-09 6.5768E-09 7.0312E-09 7.5047E-09 7.9661E-09 8.3758E-09 8.7534E-09 9.0662E-09 9.3123E-09 9.4909E-09 9.6340E-09 9.7472E-09 9.8212E-09 9.8659E-09 9.8831E-09 9.8792E-09 9.8427E-09 9.7747E-09
3.7942E-11 4.1427E-11 4.5152E-11 4.9150E-11 5.3417E-11 5.7988E-11 6.2860E-11 6.8068E-11 7.3610E-11 7.9523E-11 8.5806E-11 9.2488E-11 9.9576E-11 1.0644E-10 1.1436E-10 1.2275E-10 1.3093E-10 1.3955E-10 1.4936E-10 1.5970E-10 1.7088E-10 1.8472E-10 2.0062E-10 2.4237E-10 3.0756E-10 4.1672E-10 5.8428E-10 8.4062E-10 1.1507E-09 1.5386E-09 2.0197E-09 2.5836E-09 3.3702E-09 4.3816E-09 5.2232E-09 6.0378E-09 6.7368E-09 7.2743E-09 7.6918E-09 8.1016E-09 8.5354E-09 8.9621E-09 9.4102E-09 9.8359E-09 1.0216E-08 1.0515E-08 1.0764E-08 1.0951E-08 1.1085E-08 1.1160E-08 1.1215E-08 1.1242E-08 1.1234E-08 1.1194E-08 1.1135E-08 1.1045E-08 1.0918E-08
3.5981E-11 3.9890E-11 4.3485E-11 4.7346E-11 5.1466E-11 5.5882E-11 6.0588E-11 6.5620E-11 7.0976E-11 7.6693E-11 8.2768E-11 8.9229E-11 9.6085E-11 1.0271E-10 1.1038E-10 1.1849E-10 1.2641E-10 1.3474E-10 1.4424E-10 1.5425E-10 1.6508E-10 1.7852E-10 2.0314E-10 2.6880E-10 3.6217E-10 5.5551E-10 8.0319E-10 1.1588E-09 1.6347E-09 2.2521E-09 3.0171E-09 3.8988E-09 5.2027E-09 6.7461E-09 7.8917E-09 8.8028E-09 9.5004E-09 9.9747E-09 1.0308E-08 1.0645E-08 1.0999E-08 1.1358E-08 1.1687E-08 1.2031E-08 1.2324E-08 1.2546E-08 1.2676E-08 1.2772E-08 1.2824E-08 1.2838E-08 1.2804E-08 1.2764E-08 1.2694E-08 1.2588E-08 1.2457E-08 1.2305E-08 1.2110E-08
3.4600E-11 3.7815E-11 4.1284E-11 4.4989E-11 4.8966E-11 5.3800E-11 5.8341E-11 6.3200E-11 6.8371E-11 7.3891E-11 7.9759E-11 8.6001E-11 9.2625E-11 9.9024E-11 1.0643E-10 1.1428E-10 1.2192E-10 1.2997E-10 1.3915E-10 1.4884E-10 1.5931E-10 1.7297E-10 2.2131E-10 3.0435E-10 4.6105E-10 7.1153E-10 1.0538E-09 1.5670E-09 2.2649E-09 3.1842E-09 4.3111E-09 5.9801E-09 8.2197E-09 1.0144E-08 1.1545E-08 1.2463E-08 1.3042E-08 1.3349E-08 1.3553E-08 1.3742E-08 1.3942E-08 1.4159E-08 1.4365E-08 1.4536E-08 1.4694E-08 1.4783E-08 1.4799E-08 1.4752E-08 1.4695E-08 1.4613E-08 1.4500E-08 1.4362E-08 1.4214E-08 1.4036E-08 1.3826E-08 1.3594E-08 1.3332E-08
3.3240E-11 3.6336E-11 3.9677E-11 4.3248E-11 4.7081E-11 5.1169E-11 5.5550E-11 6.0217E-11 6.5207E-11 7.1122E-11 7.6784E-11 8.2808E-11 8.8590E-11 9.5374E-11 1.0253E-10 1.0946E-10 1.1748E-10 1.2524E-10 1.3411E-10 1.4347E-10 1.5360E-10 1.7490E-10 2.4685E-10 3.6336E-10 5.8205E-10 9.2759E-10 1.4654E-09 2.2684E-09 3.4081E-09 4.9153E-09 7.3297E-09 1.0284E-08 1.3601E-08 1.5961E-08 1.7090E-08 1.7627E-08 1.7764E-08 1.7687E-08 1.7528E-08 1.7409E-08 1.7350E-08 1.7332E-08 1.7330E-08 1.7315E-08 1.7272E-08 1.7193E-08 1.7055E-08 1.6858E-08 1.6652E-08 1.6454E-08 1.6245E-08 1.6003E-08 1.5762E-08 1.5502E-08 1.5208E-08 1.4883E-08 1.4550E-08
