Assets/Resources/2015_m01_d10_2000(utc+0800)_l00_csi_1hr_conc.grd
DSAA
         159         159
     -79.000      79.000
     -79.000      79.000
  0.6968E-12  0.3810E-05
[rows 100 to 124 of 159, columns 57 to 113 of 159]
1.7660E-10 1.8354E-10 1.9070E-10 1.9806E-10 2.0564E-10 2.1344E-10 2.2145E-10 2.2969E-10 2.3815E-10 2.4683E-10 2.5575E-10 2.6489E-10 2.7426E-10 2.8386E-10 2.9369E-10 3.0376E-10 3.1406E-10 3.2459E-10 3.3536E-10 3.4637E-10 3.5762E-10 3.6910E-10 3.8083E-10 3.9278E-10 4.0497E-10 4.1738E-10 4.3001E-10 4.4285E-10 4.5588E-10 4.6910E-10 4.8248E-10 4.9600E-10 1.0011E-09 3.2745E-09 8.2855E-09 1.6616E-08 2.9042E-08 4.5436E-08 6.4051E-08 8.2211E-08 9.7095E-08 1.0678E-07 1.1105E-07 1.1066E-07 1.0728E-07 1.0260E-07 9.7894E-08 9.3797E-08 9.0855E-08 8.8941E-08 8.8006E-08 8.7663E-08 8.7678E-08 8.7960E-08 8.8226E-08 8.8457E-08 8.8471E-08
1.7827E-10 1.8528E-10 1.9250E-10 1.9993E-10 2.0758E-10 2.1545E-10 2.2354E-10 2.3185E-10 2.4039E-10 2.4916E-10 2.5815E-10 2.6738E-10 2.7684E-10 2.8653E-10 2.9645E-10 3.0661E-10 3.1701E-10 3.2765E-10 3.3853E-10 3.4966E-10 3.6102E-10 3.7263E-10 3.8448E-10 3.9656E-10 4.0887E-10 4.2141E-10 4.3417E-10 4.4713E-10 4.6027E-10 4.7358E-10 4.8705E-10 5.0066E-10 6.2891E-10 2.0122E-09 5.1606E-09 1.0414E-08 1.8585E-08 2.9961E-08 4.3706E-08 5.8354E-08 7.1957E-08 8.2911E-08 9.0076E-08 9.3794E-08 9.4781E-08 9.4145E-08 9.2763E-08 9.1448E-08 9.0672E-08 9.0501E-08 9.0887E-08 9.1709E-08 9.2666E-08 9.3759E-08 9.4776E-08 9.5609E-08 9.6125E-08
1.7989E-10 1.8696E-10 1.9425E-10 2.0175E-10 2.0946E-10 2.1740E-10 2.2556E-10 2.3395E-10 2.4256E-10 2.5141E-10 2.6048E-10 2.6979E-10 2.7933E-10 2.8911E-10 2.9912E-10 3.0938E-10 3.1988E-10 3.3063E-10 3.4162E-10 3.5286E-10 3.6434E-10 3.7607E-10 3.8804E-10 4.0025E-10 4.1269E-10 4.2534E-10 4.3822E-10 4.5128E-10 4.6452E-10 4.7792E-10 4.9146E-10 5.0515E-10 5.6604E-10 1.1401E-09 3.2395E-09 6.5873E-09 1.1812E-08 1.9437E-08 2.9281E-08 4.0506E-08 5.1981E-08 6.2357E-08 7.0840E-08 7.6951E-08 8.0940E-08 8.3393E-08 8.4937E-08 8.6241E-08 8.7565E-08 8.9190E-08 9.1085E-08 9.3140E-08 9.5283E-08 9.7310E-08 9.9226E-08 1.0083E-07 1.0199E-07
1.8146E-10 1.8859E-10 1.9594E-10 2.0350E-10 2.1128E-10 2.1929E-10 2.2752E-10 2.3598E-10 2.4466E-10 2.5358E-10 2.6273E-10 2.7212E-10 2.8174E-10 2.9161E-10 3.0172E-10 3.1207E-10 3.2267E-10 3.3352E-10 3.4463E-10 3.5598E-10 3.6758E-10 3.7942E-10 3.9152E-10 4.0384E-10 4.1640E-10 4.2917E-10 4.4214E-10 4.5529E-10 4.6861E-10 4.8209E-10 4.9571E-10 5.0946E-10 5.2699E-10 7.2620E-10 1.9464E-09 4.1208E-09 7.4634E-09 1.2507E-08 1.9350E-08 2.7630E-08 3.6782E-08 4.5928E-08 5.4340E-08 6.1450E-08 6.7210E-08 7.1792E-08 7.5598E-08 7.8958E-08 8.2190E-08 8.5466E-08 8.8794E-08 9.2107E-08 9.5441E-08 9.8530E-08 1.0138E-07 1.0384E-07 1.0578E-07
1.8297E-10 1.9016E-10 1.9756E-10 2.0519E-10 2.1303E-10 2.2110E-10 2.2940E-10 2.3793E-10 2.4668E-10 2.5568E-10 2.6490E-10 2.7436E-10 2.8407E-10 2.9402E-10 3.0422E-10 3.1468E-10 3.2538E-10 3.3634E-10 3.4755E-10 3.5901E-10 3.7072E-10 3.8269E-10 3.9490E-10 4.0735E-10 4.2001E-10 4.3287E-10 4.4593E-10 4.5915E-10 4.7255E-10 4.8609E-10 4.9978E-10 5.1359E-10 5.2751E-10 5.9828E-10 1.2578E-09 2.4734E-09 4.7104E-09 8.0061E-09 1.2678E-08 1.8672E-08 2.5693E-08 3.3276E-08 4.0903E-08 4.8097E-08 5.4619E-08 6.0433E-08 6.5664E-08 7.0503E-08 7.5222E-08 7.9852E-08 8.4405E-08 8.8922E-08 9.3297E-08 9.7487E-08 1.0127E-07 1.0459E-07 1.0737E-07
1.8442E-10 1.9166E-10 1.9913E-10 2.0681E-10 2.1472E-10 2.2285E-10 2.3121E-10 2.3980E-10 2.4863E-10 2.5769E-10 2.6698E-10 2.7653E-10 2.8632E-10 2.9636E-10 3.0665E-10 3.1720E-10 3.2801E-10 3.3907E-10 3.5039E-10 3.6197E-10 3.7380E-10 3.8588E-10 3.9820E-10 4.1075E-10 4.2350E-10 4.3644E-10 4.4956E-10 4.6286E-10 4.7633E-10 4.8994E-10 5.0368E-10 5.1754E-10 5.3149E-10 5.5447E-10 8.8490E-10 1.5944E-09 2.9692E-09 5.1232E-09 8.2581E-09 1.2546E-08 1.7806E-08 2.3865E-08 3.0453E-08 3.7153E-08 4.3690E-08 4.9934E-08 5.5898E-08 6.1702E-08 6.7365E-08 7.2939E-08 7.8460E-08 8.3947E-08 8.9253E-08 9.4351E-08 9.9045E-08 1.0321E-07 1.0679E-07
1.8581E-10 1.9311E-10 2.0063E-10 2.0837E-10 2.1633E-10 2.2452E-10 2.3294E-10 2.4160E-10 2.5049E-10 2.5962E-10 2.6899E-10 2.7862E-10 2.8849E-10 2.9862E-10 3.0901E-10 3.1966E-10 3.3057E-10 3.4173E-10 3.5316E-10 3.6486E-10 3.7680E-10 3.8898E-10 4.0140E-10 4.1402E-10 4.2684E-10 4.3986E-10 4.5305E-10 4.6642E-10 4.7995E-10 4.9362E-10 5.0740E-10 5.2129E-10 5.3526E-10 5.4929E-10 6.7576E-10 1.1306E-09 1.9693E-09 3.3183E-09 5.4335E-09 8.4774E-09 1.2374E-08 1.7084E-08 2.2545E-08 2.8435E-08 3.4536E-08 4.0708E-08 4.6886E-08 5.3059E-08 5.9197E-08 6.5310E-08 7.1507E-08 7.7658E-08 8.3698E-08 8.9522E-08 9.4979E-08 9.9888E-08 1.0427E-07
1.8714E-10 1.9449E-10 2.0206E-10 2.0985E-10 2.1787E-10 2.2612E-10 2.3460E-10 2.4332E-10 2.5227E-10 2.6148E-10 2.7093E-10 2.8063E-10 2.9059E-10 3.0081E-10 3.1129E-10 3.2204E-10 3.3305E-10 3.4433E-10 3.5587E-10 3.6766E-10 3.7971E-10 3.9198E-10 4.0447E-10 4.1716E-10 4.3005E-10 4.4313E-10 4.5640E-10 4.6983E-10 4.8341E-10 4.9711E-10 5.1093E-10 5.2484E-10 5.3881E-10 5.5284E-10 5.9422E-10 8.6631E-10 1.2976E-09 2.2249E-09 3.6325E-09 5.7521E-09 8.6383E-09 1.2269E-08 1.6688E-08 2.1707E-08 2.7148E-08 3.2886E-08 3.8831E-08 4.4937E-08 5.1174E-08 5.7530E-08 6.4007E-08 7.0559E-08 7.7086E-08 8.3430E-08 8.9428E-08 9.5005E-08 1.0008E-07
1.8841E-10 1.9581E-10 2.0343E-10 2.1127E-10 2.1934E-10 2.2764E-10 2.3618E-10 2.4496E-10 2.5398E-10 2.6326E-10 2.7279E-10 2.8257E-10 2.9262E-10 3.0293E-10 3.1351E-10 3.2435E-10 3.3547E-10 3.4685E-10 3.5850E-10 3.7039E-10 3.8252E-10 3.9486E-10 4.0741E-10 4.2017E-10 4.3313E-10 4.4628E-10 4.5960E-10 4.7308E-10 4.8669E-10 5.0043E-10 5.1426E-10 5.2817E-10 5.4215E-10 5.5617E-10 5.7980E-10 6.7422E-10 9.6693E-10 1.5199E-09 2.4980E-09 3.9716E-09 6.1248E-09 8.8861E-09 1.2395E-08 1.6555E-08 2.1232E-08 2.6344E-08 3.1828E-08 3.7634E-08 4.3668E-08 4.9922E-08 5.6400E-08 6.3088E-08 6.9853E-08 7.6490E-08 8.2854E-08 8.8913E-08 9.4576E-08
1.8962E-10 1.9706E-10 2.0472E-10 2.1262E-10 2.2074E-10 2.2909E-10 2.3769E-10 2.4653E-10 2.5563E-10 2.6497E-10 2.7458E-10 2.8445E-10 2.9458E-10 3.0499E-10 3.1566E-10 3.2661E-10 3.3783E-10 3.4931E-10 3.6105E-10 3.7301E-10 3.8520E-10 3.9761E-10 4.1022E-10 4.2305E-10 4.3608E-10 4.4928E-10 4.6265E-10 4.7616E-10 4.8980E-10 5.0355E-10 5.1739E-10 5.3130E-10 5.4527E-10 5.5927E-10 5.7520E-10 6.3425E-10 7.9130E-10 1.1251E-09 1.7605E-09 2.7637E-09 4.3616E-09 6.4741E-09 9.2571E-09 1.2675E-08 1.6606E-08 2.1047E-08 2.5941E-08 3.1226E-08 3.6829E-08 4.2751E-08 4.9058E-08 5.5633E-08 6.2384E-08 6.9115E-08 7.5678E-08 8.2032E-08 8.8132E-08
1.9076E-10 1.9824E-10 2.0595E-10 2.1389E-10 2.2206E-10 2.3047E-10 2.3913E-10 2.4804E-10 2.5720E-10 2.6663E-10 2.7631E-10 2.8626E-10 2.9648E-10 3.0699E-10 3.1776E-10 3.2881E-10 3.4012E-10 3.5169E-10 3.6349E-10 3.7552E-10 3.8777E-10 4.0023E-10 4.1292E-10 4.2581E-10 4.3889E-10 4.5214E-10 4.6554E-10 4.7908E-10 4.9273E-10 5.0648E-10 5.2031E-10 5.3421E-10 5.4815E-10 5.6212E-10 5.7610E-10 6.1322E-10 7.0142E-10 9.0715E-10 1.2816E-09 1.9952E-09 3.1345E-09 4.7581E-09 6.9662E-09 9.7409E-09 1.2994E-08 1.6753E-08 2.0997E-08 2.5690E-08 3.0766E-08 3.6239E-08 4.2175E-08 4.8472E-08 5.5028E-08 6.1658E-08 6.8264E-08 7.4749E-08 8.1133E-08
1.9183E-10 1.9936E-10 2.0711E-10 2.1509E-10 2.2332E-10 2.3179E-10 2.4051E-10 2.4948E-10 2.5872E-10 2.6821E-10 2.7798E-10 2.8802E-10 2.9834E-10 3.0894E-10 3.1981E-10 3.3095E-10 3.4234E-10 3.5396E-10 3.6582E-10 3.7790E-10 3.9021E-10 4.0275E-10 4.1550E-10 4.2844E-10 4.4156E-10 4.5484E-10 4.6826E-10 4.8181E-10 4.9547E-10 5.0921E-10 5.2303E-10 5.3690E-10 5.5080E-10 5.6473E-10 5.7868E-10 5.9948E-10 6.4862E-10 7.7292E-10 1.0366E-09 1.5066E-09 2.2578E-09 3.5019E-09 5.2653E-09 7.5180E-09 1.0183E-08 1.3326E-08 1.6958E-08 2.1050E-08 2.5534E-08 3.0462E-08 3.5911E-08 4.1812E-08 4.8037E-08 5.4422E-08 6.0896E-08 6.7399E-08 7.3921E-08
1.9284E-10 2.0040E-10 2.0820E-10 2.1624E-10 2.2452E-10 2.3304E-10 2.4183E-10 2.5087E-10 2.6018E-10 2.6975E-10 2.7960E-10 2.8974E-10 3.0015E-10 3.1084E-10 3.2179E-10 3.3300E-10 3.4444E-10 3.5613E-10 3.6803E-10 3.8018E-10 3.9257E-10 4.0516E-10 4.1796E-10 4.3094E-10 4.4409E-10 4.5738E-10 4.7082E-10 4.8436E-10 4.9801E-10 5.1173E-10 5.2552E-10 5.3935E-10 5.5322E-10 5.6711E-10 5.8101E-10 5.9491E-10 6.2092E-10 6.8748E-10 8.7306E-10 1.1804E-09 1.7099E-09 2.5912E-09 3.9862E-09 5.8111E-09 8.0174E-09 1.0619E-08 1.3678E-08 1.7176E-08 2.1063E-08 2.5414E-08 3.0354E-08 3.5778E-08 4.1586E-08 4.7624E-08 5.3858E-08 6.0245E-08 6.6768E-08
1.9378E-10 2.0139E-10 2.0923E-10 2.1732E-10 2.2565E-10 2.3424E-10 2.4309E-10 2.5220E-10 2.6158E-10 2.7125E-10 2.8119E-10 2.9141E-10 3.0191E-10 3.1268E-10 3.2369E-10 3.3495E-10 3.4645E-10 3.5818E-10 3.7016E-10 3.8238E-10 3.9481E-10 4.0746E-10 4.2029E-10 4.3330E-10 4.4646E-10 4.5976E-10 4.7319E-10 4.8673E-10 5.0035E-10 5.1404E-10 5.2778E-10 5.4157E-10 5.5540E-10 5.6924E-10 5.8310E-10 5.9694E-10 6.1895E-10 6.6595E-10 7.6120E-10 9.6802E-10 1.3292E-09 1.9775E-09 2.9845E-09 4.4848E-09 6.3000E-09 8.4633E-09 1.1019E-08 1.3991E-08 1.7328E-08 2.1119E-08 2.5528E-08 3.0429E-08 3.5767E-08 4.1391E-08 4.7304E-08 5.3463E-08 5.9882E-08
1.9467E-10 2.0232E-10 2.1021E-10 2.1834E-10 2.2674E-10 2.3539E-10 2.4430E-10 2.5349E-10 2.6296E-10 2.7270E-10 2.8273E-10 2.9304E-10 3.0361E-10 3.1443E-10 3.2549E-10 3.3680E-10 3.4835E-10 3.6016E-10 3.7220E-10 3.8447E-10 3.9695E-10 4.0963E-10 4.2249E-10 4.3551E-10 4.4867E-10 4.6197E-10 4.7539E-10 4.8889E-10 5.0247E-10 5.1612E-10 5.2983E-10 5.4357E-10 5.5735E-10 5.7114E-10 5.8494E-10 5.9873E-10 6.1250E-10 6.3768E-10 7.0390E-10 8.4498E-10 1.0778E-09 1.4909E-09 2.2942E-09 3.4563E-09 4.9178E-09 6.7508E-09 8.8989E-09 1.1416E-08 1.4242E-08 1.7505E-08 2.1384E-08 2.5775E-08 3.0620E-08 3.5813E-08 4.1334E-08 4.7201E-08 5.3420E-08
1.9549E-10 2.0319E-10 2.1113E-10 2.1933E-10 2.2777E-10 2.3649E-10 2.4548E-10 2.5475E-10 2.6430E-10 2.7413E-10 2.8423E-10 2.9460E-10 3.0522E-10 3.1609E-10 3.2720E-10 3.3856E-10 3.5019E-10 3.6205E-10 3.7415E-10 3.8646E-10 3.9897E-10 4.1167E-10 4.2454E-10 4.3756E-10 4.5072E-10 4.6400E-10 4.7738E-10 4.9085E-10 5.0439E-10 5.1799E-10 5.3165E-10 5.4534E-10 5.5907E-10 5.7281E-10 5.8655E-10 6.0028E-10 6.1399E-10 6.2766E-10 6.6271E-10 7.5945E-10 9.0182E-10 1.2039E-09 1.7577E-09 2.6668E-09 3.8857E-09 5.3335E-09 7.1630E-09 9.2714E-09 1.1665E-08 1.4467E-08 1.7872E-08 2.1783E-08 2.6141E-08 3.0882E-08 3.5998E-08 4.1518E-08 4.7458E-08
1.9627E-10 2.0402E-10 2.1201E-10 2.2026E-10 2.2877E-10 2.3756E-10 2.4663E-10 2.5597E-10 2.6560E-10 2.7551E-10 2.8567E-10 2.9608E-10 3.0674E-10 3.1765E-10 3.2883E-10 3.4026E-10 3.5194E-10 3.6386E-10 3.7599E-10 3.8834E-10 4.0087E-10 4.1357E-10 4.2644E-10 4.3946E-10 4.5260E-10 4.6584E-10 4.7918E-10 4.9260E-10 5.0609E-10 5.1965E-10 5.3325E-10 5.4689E-10 5.6056E-10 5.7424E-10 5.8791E-10 6.0158E-10 6.1522E-10 6.2883E-10 6.4238E-10 6.9641E-10 8.0015E-10 1.0218E-09 1.3392E-09 2.1050E-09 3.0604E-09 4.3048E-09 5.7739E-09 7.5973E-09 9.5967E-09 1.1963E-08 1.4945E-08 1.8395E-08 2.2312E-08 2.6595E-08 3.1291E-08 3.6436E-08 4.2051E-08
1.9701E-10 2.0480E-10 2.1284E-10 2.2115E-10 2.2974E-10 2.3860E-10 2.4775E-10 2.5717E-10 2.6687E-10 2.7682E-10 2.8702E-10 2.9748E-10 3.0818E-10 3.1916E-10 3.3040E-10 3.4189E-10 3.5362E-10 3.6557E-10 3.7774E-10 3.9009E-10 4.0263E-10 4.1534E-10 4.2820E-10 4.4118E-10 4.5428E-10 4.6748E-10 4.8077E-10 4.9414E-10 5.0759E-10 5.2109E-10 5.3463E-10 5.4822E-10 5.6182E-10 5.7543E-10 5.8904E-10 6.0264E-10 6.1621E-10 6.2974E-10 6.4322E-10 6.6966E-10 7.3438E-10 8.5174E-10 1.0917E-09 1.6461E-09 2.4651E-09 3.4477E-09 4.7000E-09 6.1998E-09 7.8826E-09 9.8692E-09 1.2464E-08 1.5515E-08 1.9012E-08 2.2894E-08 2.7177E-08 3.1943E-08 3.7200E-08
1.9770E-10 2.0554E-10 2.1365E-10 2.2203E-10 2.3069E-10 2.3963E-10 2.4884E-10 2.5833E-10 2.6806E-10 2.7805E-10 2.8829E-10 2.9879E-10 3.0958E-10 3.2062E-10 3.3191E-10 3.4344E-10 3.5521E-10 3.6719E-10 3.7936E-10 3.9173E-10 4.0426E-10 4.1695E-10 4.2978E-10 4.4272E-10 4.5577E-10 4.6893E-10 4.8217E-10 4.9549E-10 5.0887E-10 5.2231E-10 5.3580E-10 5.4932E-10 5.6285E-10 5.7640E-10 5.8994E-10 6.0346E-10 6.1696E-10 6.3041E-10 6.4382E-10 6.5956E-10 7.0147E-10 7.7949E-10 9.1591E-10 1.3180E-09 1.9600E-09 2.8222E-09 3.8677E-09 5.1216E-09 6.5381E-09 8.1819E-09 1.0417E-08 1.3135E-08 1.6222E-08 1.9742E-08 2.3628E-08 2.8003E-08 3.2876E-08
1.9836E-10 2.0626E-10 2.1444E-10 2.2289E-10 2.3162E-10 2.4062E-10 2.4989E-10 2.5941E-10 2.6918E-10 2.7921E-10 2.8951E-10 3.0008E-10 3.1092E-10 3.2201E-10 3.3335E-10 3.4492E-10 3.5670E-10 3.6869E-10 3.8087E-10 3.9323E-10 4.0574E-10 4.1840E-10 4.3118E-10 4.4407E-10 4.5708E-10 4.7018E-10 4.8336E-10 4.9663E-10 5.0995E-10 5.2333E-10 5.3675E-10 5.5020E-10 5.6367E-10 5.7714E-10 5.9060E-10 6.0405E-10 6.1747E-10 6.3084E-10 6.4416E-10 6.5856E-10 6.7763E-10 7.2119E-10 8.1541E-10 1.0469E-09 1.5640E-09 2.2947E-09 3.1503E-09 4.2605E-09 5.4412E-09 6.8531E-09 8.7318E-09 1.1129E-08 1.3845E-08 1.7011E-08 2.0534E-08 2.4533E-08 2.9042E-08
1.9900E-10 2.0697E-10 2.1521E-10 2.2373E-10 2.3252E-10 2.4157E-10 2.5087E-10 2.6042E-10 2.7023E-10 2.8032E-10 2.9069E-10 3.0132E-10 3.1221E-10 3.2334E-10 3.3471E-10 3.4629E-10 3.5809E-10 3.7008E-10 3.8225E-10 3.9458E-10 4.0706E-10 4.1967E-10 4.3240E-10 4.4524E-10 4.5819E-10 4.7124E-10 4.8437E-10 4.9757E-10 5.1083E-10 5.2414E-10 5.3749E-10 5.5087E-10 5.6426E-10 5.7765E-10 5.9104E-10 6.0441E-10 6.1774E-10 6.3103E-10 6.4427E-10 6.5777E-10 6.7583E-10 6.9500E-10 7.5910E-10 8.6286E-10 1.2571E-09 1.8322E-09 2.6297E-09 3.5270E-09 4.6106E-09 5.7572E-09 7.3400E-09 9.4529E-09 1.1843E-08 1.4707E-08 1.7882E-08 2.1518E-08 2.5656E-08
1.9963E-10 2.0767E-10 2.1597E-10 2.2455E-10 2.3337E-10 2.4245E-10 2.5178E-10 2.6137E-10 2.7126E-10 2.8141E-10 2.9183E-10 3.0251E-10 3.1343E-10 3.2459E-10 3.3598E-10 3.4757E-10 3.5936E-10 3.7135E-10 3.8349E-10 3.9578E-10 4.0820E-10 4.2076E-10 4.3344E-10 4.4623E-10 4.5913E-10 4.7211E-10 4.8517E-10 4.9831E-10 5.1150E-10 5.2474E-10 5.3802E-10 5.5132E-10 5.6463E-10 5.7795E-10 5.9125E-10 6.0453E-10 6.1778E-10 6.3099E-10 6.4413E-10 6.5720E-10 6.7384E-10 6.9130E-10 7.1496E-10 7.8612E-10 1.0104E-09 1.4956E-09 2.1522E-09 2.9772E-09 3.9080E-09 4.9033E-09 6.1822E-09 8.0338E-09 1.0153E-08 1.2758E-08 1.5591E-08 1.8872E-08 2.2184E-08
2.0025E-10 2.0835E-10 2.1670E-10 2.2531E-10 2.3416E-10 2.4327E-10 2.5265E-10 2.6232E-10 2.7225E-10 2.8246E-10 2.9292E-10 3.0364E-10 3.1459E-10 3.2576E-10 3.3715E-10 3.4875E-10 3.6053E-10 3.7247E-10 3.8456E-10 3.9680E-10 4.0918E-10 4.2169E-10 4.3431E-10 4.4704E-10 4.5987E-10 4.7279E-10 4.8579E-10 4.9885E-10 5.1197E-10 5.2514E-10 5.3834E-10 5.5156E-10 5.6479E-10 5.7802E-10 5.9124E-10 6.0444E-10 6.1760E-10 6.3071E-10 6.4376E-10 6.5674E-10 6.7171E-10 6.8878E-10 7.0918E-10 7.3210E-10 8.9138E-10 1.2033E-09 1.7754E-09 2.4942E-09 3.3346E-09 4.1865E-09 5.2285E-09 6.8589E-09 8.7519E-09 1.1097E-08 1.3626E-08 1.6304E-08 1.9586E-08
2.0086E-10 2.0900E-10 2.1738E-10 2.2601E-10 2.3490E-10 2.4406E-10 2.5351E-10 2.6323E-10 2.7322E-10 2.8347E-10 2.9397E-10 3.0470E-10 3.1566E-10 3.2684E-10 3.3823E-10 3.4980E-10 3.6154E-10 3.7343E-10 3.8548E-10 3.9767E-10 4.1000E-10 4.2244E-10 4.3501E-10 4.4768E-10 4.6044E-10 4.7329E-10 4.8622E-10 4.9921E-10 5.1225E-10 5.2534E-10 5.3845E-10 5.5159E-10 5.6474E-10 5.7788E-10 5.9101E-10 6.0412E-10 6.1718E-10 6.3020E-10 6.4316E-10 6.5604E-10 6.6953E-10 6.8619E-10 7.0357E-10 7.2440E-10 7.9093E-10 1.0325E-09 1.4371E-09 2.0666E-09 2.8615E-09 3.6003E-09 4.5032E-09 5.8472E-09 7.5977E-09 9.6467E-09 1.1942E-08 1.4288E-08 1.7303E-08
2.0144E-10 2.0960E-10 2.1801E-10 2.2666E-10 2.3562E-10 2.4485E-10 2.5435E-10 2.6412E-10 2.7415E-10 2.8442E-10 2.9494E-10 3.0569E-10 3.1665E-10 3.2783E-10 3.3918E-10 3.5071E-10 3.6240E-10 3.7425E-10 3.8625E-10 3.9838E-10 4.1064E-10 4.2303E-10 4.3553E-10 4.4813E-10 4.6083E-10 4.7361E-10 4.8646E-10 4.9937E-10 5.1233E-10 5.2534E-10 5.3837E-10 5.5142E-10 5.6448E-10 5.7753E-10 5.9057E-10 6.0358E-10 6.1655E-10 6.2947E-10 6.4233E-10 6.5511E-10 6.6781E-10 6.8345E-10 6.9935E-10 7.2005E-10 7.5186E-10 8.9535E-10 1.1726E-09 1.6835E-09 2.3996E-09 3.1407E-09 3.8779E-09 4.9880E-09 6.5460E-09 8.3298E-09 1.0258E-08 1.2561E-08 1.4616E-08
