Assets/Resources/2015_m01_d03_1500(utc+0800)_l00_csi_1hr_conc.grd
DSAA
         159         159
     -79.000      79.000
     -79.000      79.000
  0.0000E+00  0.3486E-05
[rows 125 to 149 of 159, columns 0 to 56 of 159]
6.7316E-11 7.1744E-11 7.6574E-11 8.1650E-11 8.6810E-11 9.2228E-11 9.8089E-11 1.0405E-10 1.1065E-10 1.1701E-10 1.2400E-10 1.3134E-10 1.3859E-10 1.4690E-10 1.5481E-10 1.6369E-10 1.7299E-10 1.8195E-10 1.9266E-10 2.0240E-10 2.1351E-10 2.2440E-10 2.3530E-10 2.4799E-10 2.5974E-10 2.7185E-10 2.8544E-10 2.9881E-10 3.1221E-10 3.2789E-10 3.4223E-10 3.5696E-10 3.7412E-10 3.8985E-10 4.0646E-10 4.2465E-10 4.4180E-10 4.6139E-10 4.7958E-10 4.9821E-10 5.1891E-10 5.3855E-10 5.5862E-10 5.8084E-10 6.0195E-10 6.2349E-10 6.4721E-10 6.6980E-10 6.9280E-10 7.1805E-10 7.4212E-10 7.6659E-10 7.9338E-10 8.1891E-10 8.4484E-10 8.7446E-10 9.0158E-10
6.8391E-11 7.2850E-11 7.7713E-11 8.2653E-11 8.8012E-11 9.3631E-11 9.9172E-11 1.0533E-10 1.1178E-10 1.1833E-10 1.2554E-10 1.3252E-10 1.3996E-10 1.4810E-10 1.5601E-10 1.6557E-10 1.7420E-10 1.8348E-10 1.9386E-10 2.0358E-10 2.1470E-10 2.2558E-10 2.3645E-10 2.4914E-10 2.6086E-10 2.7295E-10 2.8690E-10 2.9986E-10 3.1320E-10 3.2887E-10 3.4316E-10 3.5831E-10 3.7498E-10 3.9065E-10 4.0869E-10 4.2535E-10 4.4245E-10 4.6200E-10 4.8011E-10 4.9865E-10 5.1932E-10 5.3888E-10 5.5887E-10 5.8103E-10 6.0205E-10 6.2351E-10 6.4718E-10 6.6968E-10 6.9261E-10 7.1782E-10 7.4179E-10 7.6619E-10 7.9293E-10 8.1837E-10 8.4729E-10 8.7387E-10 9.0091E-10
6.9275E-11 7.3931E-11 7.8826E-11 8.3793E-11 8.9181E-11 9.4658E-11 1.0057E-10 1.0658E-10 1.1287E-10 1.1962E-10 1.2666E-10 1.3364E-10 1.4128E-10 1.4924E-10 1.5714E-10 1.6672E-10 1.7535E-10 1.8462E-10 1.9500E-10 2.0471E-10 2.1617E-10 2.2668E-10 2.3753E-10 2.5021E-10 2.6190E-10 2.7396E-10 2.8788E-10 3.0080E-10 3.1411E-10 3.2976E-10 3.4399E-10 3.6004E-10 3.7572E-10 3.9132E-10 4.0933E-10 4.2592E-10 4.4293E-10 4.6245E-10 4.8047E-10 4.9894E-10 5.1956E-10 5.3902E-10 5.5892E-10 5.8105E-10 6.0196E-10 6.2333E-10 6.4697E-10 6.6935E-10 6.9306E-10 7.1737E-10 7.4122E-10 7.6734E-10 7.9225E-10 8.1758E-10 8.4650E-10 8.7302E-10 8.9994E-10
7.0302E-11 7.4988E-11 7.9741E-11 8.4903E-11 9.0317E-11 9.5815E-11 1.0175E-10 1.0778E-10 1.1408E-10 1.2085E-10 1.2773E-10 1.3489E-10 1.4272E-10 1.5032E-10 1.5855E-10 1.6781E-10 1.7643E-10 1.8638E-10 1.9608E-10 2.0577E-10 2.1723E-10 2.2772E-10 2.3854E-10 2.5120E-10 2.6286E-10 2.7488E-10 2.8878E-10 3.0166E-10 3.1535E-10 3.3052E-10 3.4470E-10 3.6120E-10 3.7633E-10 3.9186E-10 4.0982E-10 4.2634E-10 4.4326E-10 4.6275E-10 4.8069E-10 4.9906E-10 5.1963E-10 5.3900E-10 5.5962E-10 5.8088E-10 6.0170E-10 6.2468E-10 6.4655E-10 6.6884E-10 6.9334E-10 7.1669E-10 7.4045E-10 7.6650E-10 7.9132E-10 8.1656E-10 8.4544E-10 8.7188E-10 8.9873E-10
7.1468E-11 7.6019E-11 8.0794E-11 8.5981E-11 9.1247E-11 9.6935E-11 1.0289E-10 1.0876E-10 1.1525E-10 1.2203E-10 1.2873E-10 1.3608E-10 1.4374E-10 1.5133E-10 1.5991E-10 1.6884E-10 1.7743E-10 1.8775E-10 1.9709E-10 2.0676E-10 2.1822E-10 2.2867E-10 2.3981E-10 2.5212E-10 2.6374E-10 2.7571E-10 2.8958E-10 3.0241E-10 3.1652E-10 3.3119E-10 3.4530E-10 3.6175E-10 3.7682E-10 3.9227E-10 4.1019E-10 4.2663E-10 4.4395E-10 4.6289E-10 4.8075E-10 5.0025E-10 5.1953E-10 5.3882E-10 5.6022E-10 5.8052E-10 6.0125E-10 6.2416E-10 6.4592E-10 6.6812E-10 6.9255E-10 7.1579E-10 7.3946E-10 7.6543E-10 7.9014E-10 8.1529E-10 8.4414E-10 8.7047E-10 9.0038E-10
7.2447E-11 7.7018E-11 8.1983E-11 8.7028E-11 9.2310E-11 9.8017E-11 1.0382E-10 1.1004E-10 1.1637E-10 1.2298E-10 1.2987E-10 1.3722E-10 1.4469E-10 1.5294E-10 1.6120E-10 1.6980E-10 1.7907E-10 1.8871E-10 1.9803E-10 2.0838E-10 2.1914E-10 2.2956E-10 2.4103E-10 2.5295E-10 2.6453E-10 2.7681E-10 2.9029E-10 3.0306E-10 3.1712E-10 3.3173E-10 3.4578E-10 3.6219E-10 3.7718E-10 3.9303E-10 4.1042E-10 4.2678E-10 4.4503E-10 4.6289E-10 4.8067E-10 5.0053E-10 5.1928E-10 5.3847E-10 5.5981E-10 5.7999E-10 6.0062E-10 6.2347E-10 6.4510E-10 6.6720E-10 6.9157E-10 7.1467E-10 7.3823E-10 7.6415E-10 7.8873E-10 8.1683E-10 8.4261E-10 8.6881E-10 8.9870E-10
7.3238E-11 7.7989E-11 8.2976E-11 8.7870E-11 9.3337E-11 9.9061E-11 1.0487E-10 1.1110E-10 1.1745E-10 1.2405E-10 1.3112E-10 1.3830E-10 1.4591E-10 1.5416E-10 1.6243E-10 1.7103E-10 1.8030E-10 1.8960E-10 1.9923E-10 2.0992E-10 2.1997E-10 2.3035E-10 2.4251E-10 2.5370E-10 2.6522E-10 2.7819E-10 2.9090E-10 3.0362E-10 3.1810E-10 3.3217E-10 3.4616E-10 3.6251E-10 3.7742E-10 3.9368E-10 4.1052E-10 4.2679E-10 4.4550E-10 4.6276E-10 4.8043E-10 5.0023E-10 5.1888E-10 5.3796E-10 5.5923E-10 5.7931E-10 5.9982E-10 6.2259E-10 6.4412E-10 6.6607E-10 6.9038E-10 7.1337E-10 7.3859E-10 7.6264E-10 7.8711E-10 8.1516E-10 8.4082E-10 8.6691E-10 8.9674E-10
7.4159E-11 7.8932E-11 8.3775E-11 8.9010E-11 9.4493E-11 9.9893E-11 1.0587E-10 1.1212E-10 1.1829E-10 1.2507E-10 1.3214E-10 1.3913E-10 1.4707E-10 1.5533E-10 1.6327E-10 1.7219E-10 1.8146E-10 1.9040E-10 2.0037E-10 2.1070E-10 2.2072E-10 2.3142E-10 2.4322E-10 2.5435E-10 2.6581E-10 2.7912E-10 2.9142E-10 3.0406E-10 3.1898E-10 3.3251E-10 3.4642E-10 3.6272E-10 3.7755E-10 3.9423E-10 4.1051E-10 4.2668E-10 4.4533E-10 4.6250E-10 4.8006E-10 4.9978E-10 5.1834E-10 5.3729E-10 5.5849E-10 5.7846E-10 5.9926E-10 6.2153E-10 6.4295E-10 6.6609E-10 6.8899E-10 7.1187E-10 7.3700E-10 7.6092E-10 7.8527E-10 8.1324E-10 8.3878E-10 8.6476E-10 8.9456E-10
7.5055E-11 7.9846E-11 8.4699E-11 8.9950E-11 9.5282E-11 1.0085E-10 1.0684E-10 1.1292E-10 1.1926E-10 1.2604E-10 1.3293E-10 1.4023E-10 1.4817E-10 1.5611E-10 1.6436E-10 1.7328E-10 1.8221E-10 1.9147E-10 2.0143E-10 2.1141E-10 2.2172E-10 2.3241E-10 2.4382E-10 2.5490E-10 2.6668E-10 2.7960E-10 2.9182E-10 3.0486E-10 3.1929E-10 3.3275E-10 3.4704E-10 3.6282E-10 3.7757E-10 3.9417E-10 4.1037E-10 4.2645E-10 4.4502E-10 4.6210E-10 4.7956E-10 4.9919E-10 5.1764E-10 5.3691E-10 5.5758E-10 5.7745E-10 5.9900E-10 6.2029E-10 6.4159E-10 6.6510E-10 6.8741E-10 7.1016E-10 7.3520E-10 7.5897E-10 7.8319E-10 8.1112E-10 8.3653E-10 8.6469E-10 8.9211E-10
7.5923E-11 8.0567E-11 8.5592E-11 9.0855E-11 9.6027E-11 1.0177E-10 1.0776E-10 1.1367E-10 1.2018E-10 1.2696E-10 1.3366E-10 1.4128E-10 1.4922E-10 1.5683E-10 1.6540E-10 1.7431E-10 1.8289E-10 1.9247E-10 2.0241E-10 2.1201E-10 2.2264E-10 2.3365E-10 2.4434E-10 2.5571E-10 2.6781E-10 2.7996E-10 2.9212E-10 3.0558E-10 3.1949E-10 3.3287E-10 3.4805E-10 3.6281E-10 3.7748E-10 3.9452E-10 4.1012E-10 4.2610E-10 4.4460E-10 4.6156E-10 4.7933E-10 4.9847E-10 5.1680E-10 5.3680E-10 5.5654E-10 5.7627E-10 5.9818E-10 6.1891E-10 6.4007E-10 6.6348E-10 6.8565E-10 7.0826E-10 7.3321E-10 7.5685E-10 7.8243E-10 8.0878E-10 8.3403E-10 8.6294E-10 8.8942E-10
7.6763E-11 8.1414E-11 8.6452E-11 9.1562E-11 9.6897E-11 1.0264E-10 1.0847E-10 1.1454E-10 1.2105E-10 1.2765E-10 1.3465E-10 1.4227E-10 1.4989E-10 1.5813E-10 1.6669E-10 1.7494E-10 1.8416E-10 1.9372E-10 2.0297E-10 2.1288E-10 2.2348E-10 2.3412E-10 2.4474E-10 2.5642E-10 2.6848E-10 2.8023E-10 2.9277E-10 3.0619E-10 3.1958E-10 3.3287E-10 3.4850E-10 3.6270E-10 3.7726E-10 3.9425E-10 4.0974E-10 4.2612E-10 4.4405E-10 4.6090E-10 4.7897E-10 4.9761E-10 5.1582E-10 5.3572E-10 5.5535E-10 5.7495E-10 5.9675E-10 6.1736E-10 6.3837E-10 6.6167E-10 6.8372E-10 7.0662E-10 7.3103E-10 7.5452E-10 7.8153E-10 8.0621E-10 8.3134E-10 8.6015E-10 8.8648E-10
7.7413E-11 8.2231E-11 8.7279E-11 9.2226E-11 9.7890E-11 1.0348E-10 1.0913E-10 1.1553E-10 1.2187E-10 1.2858E-10 1.3590E-10 1.4322E-10 1.5082E-10 1.5904E-10 1.6729E-10 1.7583E-10 1.8503E-10 1.9425E-10 2.0345E-10 2.1366E-10 2.2424E-10 2.3448E-10 2.4540E-10 2.5704E-10 2.6871E-10 2.8037E-10 2.9332E-10 3.0670E-10 3.1956E-10 3.3373E-10 3.4836E-10 3.6246E-10 3.7743E-10 3.9386E-10 4.0926E-10 4.2553E-10 4.4338E-10 4.6012E-10 4.7850E-10 4.9662E-10 5.1471E-10 5.3493E-10 5.5401E-10 5.7348E-10 5.9516E-10 6.1563E-10 6.3653E-10 6.5972E-10 6.8161E-10 7.0482E-10 7.2865E-10 7.5200E-10 7.7892E-10 8.0345E-10 8.2840E-10 8.5713E-10 8.8333E-10
7.8188E-11 8.3017E-11 8.7910E-11 9.3177E-11 9.8683E-11 1.0410E-10 1.1008E-10 1.1631E-10 1.2246E-10 1.2948E-10 1.3679E-10 1.4379E-10 1.5169E-10 1.5991E-10 1.6780E-10 1.7665E-10 1.8583E-10 1.9469E-10 2.0418E-10 2.1437E-10 2.2457E-10 2.3475E-10 2.4597E-10 2.5756E-10 2.6882E-10 2.8087E-10 2.9378E-10 3.0665E-10 3.1989E-10 3.3401E-10 3.4810E-10 3.6211E-10 3.7750E-10 3.9336E-10 4.0865E-10 4.2584E-10 4.4259E-10 4.5922E-10 4.7750E-10 4.9550E-10 5.1347E-10 5.3358E-10 5.5252E-10 5.7186E-10 5.9344E-10 6.1378E-10 6.3494E-10 6.5757E-10 6.7933E-10 7.0286E-10 7.2610E-10 7.4929E-10 7.7610E-10 8.0047E-10 8.2528E-10 8.5390E-10 8.7993E-10
7.8935E-11 8.3771E-11 8.8500E-11 9.3930E-11 9.9277E-11 1.0484E-10 1.1082E-10 1.1687E-10 1.2331E-10 1.3032E-10 1.3733E-10 1.4461E-10 1.5250E-10 1.6040E-10 1.6858E-10 1.7740E-10 1.8624E-10 1.9505E-10 2.0517E-10 2.1500E-10 2.2481E-10 2.3527E-10 2.4645E-10 2.5765E-10 2.6927E-10 2.8172E-10 2.9415E-10 3.0648E-10 3.2012E-10 3.3418E-10 3.4773E-10 3.6213E-10 3.7792E-10 3.9273E-10 4.0791E-10 4.2555E-10 4.4168E-10 4.5819E-10 4.7680E-10 4.9424E-10 5.1209E-10 5.3210E-10 5.5091E-10 5.7053E-10 5.9156E-10 6.1175E-10 6.3322E-10 6.5529E-10 6.7689E-10 7.0074E-10 7.2336E-10 7.4640E-10 7.7310E-10 7.9730E-10 8.2347E-10 8.5045E-10 8.7632E-10
7.9805E-11 8.4333E-11 8.9375E-11 9.4647E-11 9.9825E-11 1.0554E-10 1.1151E-10 1.1739E-10 1.2411E-10 1.3112E-10 1.3781E-10 1.4538E-10 1.5326E-10 1.6081E-10 1.6929E-10 1.7810E-10 1.8657E-10 1.9599E-10 2.0576E-10 2.1521E-10 2.2495E-10 2.3606E-10 2.4685E-10 2.5763E-10 2.6964E-10 2.8204E-10 2.9395E-10 3.0666E-10 3.2025E-10 3.3379E-10 3.4722E-10 3.6204E-10 3.7729E-10 3.9199E-10 4.0807E-10 4.2464E-10 4.4064E-10 4.5744E-10 4.7555E-10 4.9287E-10 5.1057E-10 5.3049E-10 5.4915E-10 5.6906E-10 5.8955E-10 6.0959E-10 6.3136E-10 6.5283E-10 6.7428E-10 6.9801E-10 7.2046E-10 7.4332E-10 7.6989E-10 7.9394E-10 8.2076E-10 8.4679E-10 8.7247E-10
8.0340E-11 8.5012E-11 9.0057E-11 9.5169E-11 1.0049E-10 1.0620E-10 1.1200E-10 1.1815E-10 1.2487E-10 1.3158E-10 1.3854E-10 1.4640E-10 1.5366E-10 1.6149E-10 1.7026E-10 1.7841E-10 1.8715E-10 1.9654E-10 2.0595E-10 2.1534E-10 2.2570E-10 2.3642E-10 2.4682E-10 2.5796E-10 2.6992E-10 2.8183E-10 2.9365E-10 3.0675E-10 3.2028E-10 3.3327E-10 3.4757E-10 3.6231E-10 3.7653E-10 3.9161E-10 4.0761E-10 4.2359E-10 4.3947E-10 4.5659E-10 4.7418E-10 4.9136E-10 5.1020E-10 5.2874E-10 5.4725E-10 5.6748E-10 5.8739E-10 6.0727E-10 6.2936E-10 6.5024E-10 6.7152E-10 6.9509E-10 7.1738E-10 7.4082E-10 7.6652E-10 7.9038E-10 8.1706E-10 8.4294E-10 8.6847E-10
8.0838E-11 8.5660E-11 9.0705E-11 9.5647E-11 1.0112E-10 1.0682E-10 1.1243E-10 1.1887E-10 1.2559E-10 1.3197E-10 1.3952E-10 1.4677E-10 1.5398E-10 1.6241E-10 1.7054E-10 1.7864E-10 1.8767E-10 1.9703E-10 2.0606E-10 2.1571E-10 2.2603E-10 2.3637E-10 2.4669E-10 2.5820E-10 2.7011E-10 2.8152E-10 2.9415E-10 3.0720E-10 3.1975E-10 3.3310E-10 3.4734E-10 3.6154E-10 3.7564E-10 3.9111E-10 4.0704E-10 4.2242E-10 4.3859E-10 4.5561E-10 4.7266E-10 4.9012E-10 5.0887E-10 5.2685E-10 5.4564E-10 5.6576E-10 5.8508E-10 6.0480E-10 6.2677E-10 6.4748E-10 6.6859E-10 6.9203E-10 7.1414E-10 7.3818E-10 7.6296E-10 7.8666E-10 8.1402E-10 8.3892E-10 8.6427E-10
8.1454E-11 8.6277E-11 9.1160E-11 9.6242E-11 1.0170E-10 1.0724E-10 1.1311E-10 1.1984E-10 1.2596E-10 1.3291E-10 1.4016E-10 1.4708E-10 1.5487E-10 1.6297E-10 1.7076E-10 1.7912E-10 1.8812E-10 1.9712E-10 2.0609E-10 2.1602E-10 2.2629E-10 2.3623E-10 2.4690E-10 2.5837E-10 2.6979E-10 2.8154E-10 2.9412E-10 3.0667E-10 3.1911E-10 3.3284E-10 3.4701E-10 3.6064E-10 3.7512E-10 3.9052E-10 4.0587E-10 4.2151E-10 4.3758E-10 4.5449E-10 4.7101E-10 4.8877E-10 5.0698E-10 5.2480E-10 5.4389E-10 5.6346E-10 5.8262E-10 6.0263E-10 6.2403E-10 6.4456E-10 6.6640E-10 6.8880E-10 7.1073E-10 7.3618E-10 7.5926E-10 7.8278E-10 8.1001E-10 8.3474E-10 8.5993E-10
8.2040E-11 8.6861E-11 9.1576E-11 9.6801E-11 1.0225E-10 1.0760E-10 1.1376E-10 1.2019E-10 1.2628E-10 1.3351E-10 1.4045E-10 1.4733E-10 1.5540E-10 1.6318E-10 1.7091E-10 1.7954E-10 1.8851E-10 1.9714E-10 2.0637E-10 2.1625E-10 2.2614E-10 2.3600E-10 2.4704E-10 2.5846E-10 2.6937E-10 2.8149E-10 2.9401E-10 3.0602E-10 3.1882E-10 3.3249E-10 3.4612E-10 3.5963E-10 3.7450E-10 3.8981E-10 4.0456E-10 4.2049E-10 4.3685E-10 4.5285E-10 4.6963E-10 4.8728E-10 5.0496E-10 5.2304E-10 5.4201E-10 5.6101E-10 5.8044E-10 6.0075E-10 6.2112E-10 6.4147E-10 6.6362E-10 6.8540E-10 7.0714E-10 7.3249E-10 7.5539E-10 7.7871E-10 8.0586E-10 8.3042E-10 8.5543E-10
8.2596E-11 8.7257E-11 9.2107E-11 9.7477E-11 1.0260E-10 1.0822E-10 1.1466E-10 1.2050E-10 1.2714E-10 1.3407E-10 1.4068E-10 1.4813E-10 1.5588E-10 1.6331E-10 1.7130E-10 1.7991E-10 1.8852E-10 1.9708E-10 2.0658E-10 2.1642E-10 2.2591E-10 2.3612E-10 2.4753E-10 2.5804E-10 2.6929E-10 2.8135E-10 2.9337E-10 3.0527E-10 3.1845E-10 3.3205E-10 3.4511E-10 3.5946E-10 3.7425E-10 3.8852E-10 4.0353E-10 4.1935E-10 4.3521E-10 4.5146E-10 4.6853E-10 4.8566E-10 5.0277E-10 5.2115E-10 5.3998E-10 5.5840E-10 5.7811E-10 5.9828E-10 6.1805E-10 6.3912E-10 6.6069E-10 6.8182E-10 7.0493E-10 7.2865E-10 7.5136E-10 7.7612E-10 8.0155E-10 8.2594E-10 8.5076E-10
8.3122E-11 8.7616E-11 9.2605E-11 9.7812E-11 1.0291E-10 1.0908E-10 1.1495E-10 1.2075E-10 1.2767E-10 1.3429E-10 1.4115E-10 1.4858E-10 1.5601E-10 1.6338E-10 1.7164E-10 1.8022E-10 1.8846E-10 1.9727E-10 2.0704E-10 2.1619E-10 2.2560E-10 2.3658E-10 2.4711E-10 2.5753E-10 2.6914E-10 2.8115E-10 2.9263E-10 3.0489E-10 3.1844E-10 3.3106E-10 3.4446E-10 3.5873E-10 3.7297E-10 3.8710E-10 4.0239E-10 4.1810E-10 4.3344E-10 4.4996E-10 4.6691E-10 4.8350E-10 5.0088E-10 5.1912E-10 5.3739E-10 5.5607E-10 5.7563E-10 5.9523E-10 6.1526E-10 6.3618E-10 6.5714E-10 6.7884E-10 7.0183E-10 7.2463E-10 7.4794E-10 7.7336E-10 7.9710E-10 8.2127E-10 8.4589E-10
8.3465E-11 8.8090E-11 9.3220E-11 9.8105E-11 1.0346E-10 1.0962E-10 1.1519E-10 1.2154E-10 1.2816E-10 1.3446E-10 1.4158E-10 1.4899E-10 1.5608E-10 1.6370E-10 1.7224E-10 1.8016E-10 1.8832E-10 1.9740E-10 2.0681E-10 2.1587E-10 2.2604E-10 2.3657E-10 2.4661E-10 2.5737E-10 2.6892E-10 2.8042E-10 2.9179E-10 3.0487E-10 3.1747E-10 3.2995E-10 3.4372E-10 3.5791E-10 3.7157E-10 3.8595E-10 4.0114E-10 4.1635E-10 4.3194E-10 4.4834E-10 4.6478E-10 4.8160E-10 4.9926E-10 5.1696E-10 5.3465E-10 5.5360E-10 5.7302E-10 5.9202E-10 6.1231E-10 6.3307E-10 6.5341E-10 6.7571E-10 6.9857E-10 7.2046E-10 7.4439E-10 7.6892E-10 7.9245E-10 8.1642E-10 8.4163E-10
8.3772E-11 8.8532E-11 9.3501E-11 9.8357E-11 1.0425E-10 1.0985E-10 1.1538E-10 1.2200E-10 1.2832E-10 1.3486E-10 1.4197E-10 1.4905E-10 1.5608E-10 1.6427E-10 1.7217E-10 1.8002E-10 1.8844E-10 1.9779E-10 2.0651E-10 2.1589E-10 2.2601E-10 2.3607E-10 2.4602E-10 2.5713E-10 2.6863E-10 2.7960E-10 2.9177E-10 3.0433E-10 3.1639E-10 3.2921E-10 3.4290E-10 3.5654E-10 3.7006E-10 3.8472E-10 3.9980E-10 4.1448E-10 4.3033E-10 4.4661E-10 4.6251E-10 4.7959E-10 4.9711E-10 5.1426E-10 5.3219E-10 5.5100E-10 5.6984E-10 5.8908E-10 6.0922E-10 6.2938E-10 6.5027E-10 6.7244E-10 6.9442E-10 7.1688E-10 7.4069E-10 7.6430E-10 7.8761E-10 8.1134E-10 8.3719E-10
8.4194E-11 8.9092E-11 9.3743E-11 9.8849E-11 1.0474E-10 1.1004E-10 1.1610E-10 1.2243E-10 1.2843E-10 1.3523E-10 1.4231E-10 1.4906E-10 1.5633E-10 1.6449E-10 1.7204E-10 1.7982E-10 1.8881E-10 1.9749E-10 2.0613E-10 2.1585E-10 2.2592E-10 2.3550E-10 2.4578E-10 2.5725E-10 2.6783E-10 2.7913E-10 2.9123E-10 3.0328E-10 3.1521E-10 3.2839E-10 3.4200E-10 3.5506E-10 3.6921E-10 3.8376E-10 3.9796E-10 4.1289E-10 4.2863E-10 4.4439E-10 4.6051E-10 4.7746E-10 4.9445E-10 5.1182E-10 5.3003E-10 5.4828E-10 5.6651E-10 5.8601E-10 6.0599E-10 6.2552E-10 6.4700E-10 6.6904E-10 6.9008E-10 7.1317E-10 7.3683E-10 7.5949E-10 7.8256E-10 8.0687E-10 8.3258E-10
8.4587E-11 8.9325E-11 9.3947E-11 9.9583E-11 1.0492E-10 1.1018E-10 1.1651E-10 1.2254E-10 1.2877E-10 1.3555E-10 1.4231E-10 1.4901E-10 1.5683E-10 1.6437E-10 1.7185E-10 1.7988E-10 1.8882E-10 1.9713E-10 2.0608E-10 2.1575E-10 2.2537E-10 2.3485E-10 2.4589E-10 2.5648E-10 2.6695E-10 2.7859E-10 2.9061E-10 3.0213E-10 3.1439E-10 3.2750E-10 3.4055E-10 3.5385E-10 3.6789E-10 3.8197E-10 3.9602E-10 4.1121E-10 4.2682E-10 4.4203E-10 4.5842E-10 4.7523E-10 4.9166E-10 5.0927E-10 5.2733E-10 5.4500E-10 5.6389E-10 5.8323E-10 6.0218E-10 6.2298E-10 6.4432E-10 6.6475E-10 6.8711E-10 7.1005E-10 7.3205E-10 7.5448E-10 7.7730E-10 8.0225E-10 8.2781E-10
