Assets/Resources/2015_m01_d06_0200(utc+0800)_l00_csi_1hr_conc.grd
DSAA
         159         159
     -79.000      79.000
     -79.000      79.000
  0.0000E+00  0.1352E-05
[rows 0 to 24 of 159, columns 57 to 113 of 159]
0.0000E+00 0.0000E+00 0.0000E+00 0.0000E+00 0.0000E+00 0.0000E+00 0.0000E+00 0.0000E+00 0.0000E+00 0.0000E+00 0.0000E+00 0.0000E+00 0.0000E+00 0.0000E+00 0.0000E+00 0.0000E+00 3.0594E-13 1.0290E-11 3.1857E-11 6.8615E-11 1.2976E-10 2.2512E-10 3.6435E-10 5.5804E-10 8.1595E-10 1.1449E-09 1.5466E-09 2.0167E-09 2.5482E-09 3.1234E-09 3.7326E-09 4.3635E-09 5.0092E-09 5.6583E-09 6.3062E-09 6.9597E-09 7.6154E-09 8.2620E-09 8.8735E-09 9.4080E-09 9.8136E-09 1.0032E-08 1.0011E-08 9.7198E-09 9.1552E-09 8.3435E-09 7.3429E-09 6.2301E-09 5.0945E-09 4.0086E-09 3.0340E-09 2.2074E-09 1.5431E-09 1.0372E-09 6.6462E-10 4.0078E-10 2.2784E-10
0.0000E+00 0.0000E+00 0.0000E+00 0.0000E+00 0.0000E+00 0.0000E+00 0.0000E+00 0.0000E+00 0.0000E+00 0.0000E+00 0.0000E+00 0.0000E+00 0.0000E+00 0.0000E+00 0.0000E+00 0.0000E+00 2.0538E-12 1.4968E-11 4.0368E-11 8.6669E-11 1.6037E-10 2.7320E-10 4.3729E-10 6.6511E-10 9.6527E-10 1.3424E-09 1.8002E-09 2.3293E-09 2.9196E-09 3.5542E-09 4.2146E-09 4.8919E-09 5.5770E-09 6.2590E-09 6.9334E-09 7.6100E-09 8.2894E-09 8.9607E-09 9.6001E-09 1.0165E-08 1.0598E-08 1.0835E-08 1.0819E-08 1.0512E-08 9.9058E-09 9.0269E-09 7.9382E-09 6.7257E-09 5.4858E-09 4.3017E-09 3.2387E-09 2.3408E-09 1.6256E-09 1.0828E-09 6.8626E-10 4.0565E-10 2.2851E-10
0.0000E+00 0.0000E+00 0.0000E+00 0.0000E+00 0.0000E+00 0.0000E+00 0.0000E+00 0.0000E+00 0.0000E+00 0.0000E+00 0.0000E+00 0.0000E+00 0.0000E+00 0.0000E+00 0.0000E+00 0.0000E+00 4.7515E-12 2.0457E-11 5.2064E-11 1.0777E-10 1.9528E-10 3.2902E-10 5.2083E-10 7.8561E-10 1.1295E-09 1.5575E-09 2.0688E-09 2.6554E-09 3.3003E-09 3.9857E-09 4.6853E-09 5.3959E-09 6.1020E-09 6.8060E-09 7.4895E-09 8.1715E-09 8.8553E-09 9.5346E-09 1.0185E-08 1.0765E-08 1.1215E-08 1.1467E-08 1.1454E-08 1.1136E-08 1.0495E-08 9.5633E-09 8.4015E-09 7.1051E-09 5.7790E-09 4.5118E-09 3.3800E-09 2.4279E-09 1.6718E-09 1.1019E-09 6.9078E-10 4.0221E-10 2.2092E-10
0.0000E+00 0.0000E+00 0.0000E+00 0.0000E+00 0.0000E+00 0.0000E+00 0.0000E+00 0.0000E+00 0.0000E+00 0.0000E+00 0.0000E+00 0.0000E+00 0.0000E+00 0.0000E+00 0.0000E+00 0.0000E+00 7.7467E-12 2.8443E-11 6.6416E-11 1.3244E-10 2.3626E-10 3.9307E-10 6.1646E-10 9.1941E-10 1.3093E-09 1.7890E-09 2.3535E-09 2.9921E-09 3.6853E-09 4.4120E-09 5.1437E-09 5.8709E-09 6.5875E-09 7.2880E-09 7.9666E-09 8.6367E-09 9.3082E-09 9.9768E-09 1.0622E-08 1.1202E-08 1.1656E-08 1.1912E-08 1.1901E-08 1.1570E-08 1.0906E-08 9.9313E-09 8.7150E-09 7.3581E-09 5.9662E-09 4.6377E-09 3.4536E-09 2.4639E-09 1.6823E-09 1.0972E-09 6.7802E-10 3.8943E-10 2.0680E-10
0.0000E+00 0.0000E+00 0.0000E+00 0.0000E+00 0.0000E+00 0.0000E+00 0.0000E+00 0.0000E+00 0.0000E+00 0.0000E+00 0.0000E+00 0.0000E+00 0.0000E+00 0.0000E+00 0.0000E+00 8.8088E-13 1.2004E-11 3.7548E-11 8.3034E-11 1.6033E-10 2.8382E-10 4.6726E-10 7.2504E-10 1.0684E-09 1.5071E-09 2.0401E-09 2.6552E-09 3.3418E-09 4.0748E-09 4.8307E-09 5.5825E-09 6.3129E-09 7.0212E-09 7.7108E-09 8.3664E-09 9.0106E-09 9.6543E-09 1.0298E-08 1.0922E-08 1.1487E-08 1.1933E-08 1.2182E-08 1.2166E-08 1.1826E-08 1.1143E-08 1.0139E-08 8.8849E-09 7.4838E-09 6.0457E-09 4.6781E-09 3.4626E-09 2.4528E-09 1.6587E-09 1.0699E-09 6.5349E-10 3.6758E-10 1.8973E-10
0.0000E+00 0.0000E+00 0.0000E+00 0.0000E+00 0.0000E+00 0.0000E+00 0.0000E+00 0.0000E+00 0.0000E+00 0.0000E+00 0.0000E+00 0.0000E+00 0.0000E+00 0.0000E+00 0.0000E+00 2.8443E-12 1.7532E-11 4.7355E-11 1.0311E-10 1.9577E-10 3.4035E-10 5.5192E-10 8.4681E-10 1.2366E-09 1.7252E-09 2.3092E-09 2.9736E-09 3.7034E-09 4.4677E-09 5.2431E-09 6.0034E-09 6.7228E-09 7.4105E-09 8.0699E-09 8.6944E-09 9.2992E-09 9.9025E-09 1.0508E-08 1.1099E-08 1.1637E-08 1.2061E-08 1.2297E-08 1.2269E-08 1.1918E-08 1.1219E-08 1.0195E-08 8.9206E-09 7.4941E-09 6.0322E-09 4.6450E-09 3.4172E-09 2.4026E-09 1.6105E-09 1.0253E-09 6.1651E-10 3.4256E-10 1.6859E-10
0.0000E+00 0.0000E+00 0.0000E+00 0.0000E+00 0.0000E+00 0.0000E+00 0.0000E+00 0.0000E+00 0.0000E+00 0.0000E+00 0.0000E+00 0.0000E+00 0.0000E+00 0.0000E+00 0.0000E+00 5.6345E-12 2.3994E-11 6.1794E-11 1.2850E-10 2.3771E-10 4.0672E-10 6.5039E-10 9.8738E-10 1.4259E-09 1.9664E-09 2.5998E-09 3.3135E-09 4.0782E-09 4.8680E-09 5.6493E-09 6.4036E-09 7.1084E-09 7.7605E-09 8.3771E-09 8.9593E-09 9.5168E-09 1.0072E-08 1.0630E-08 1.1178E-08 1.1679E-08 1.2072E-08 1.2284E-08 1.2238E-08 1.1872E-08 1.1160E-08 1.0124E-08 8.8409E-09 7.4044E-09 5.9359E-09 4.5462E-09 3.3226E-09 2.3178E-09 1.5369E-09 9.6760E-10 5.7140E-10 3.1196E-10 1.4578E-10
0.0000E+00 0.0000E+00 0.0000E+00 0.0000E+00 0.0000E+00 0.0000E+00 0.0000E+00 0.0000E+00 0.0000E+00 0.0000E+00 0.0000E+00 0.0000E+00 0.0000E+00 0.0000E+00 9.3709E-14 9.1850E-12 3.3667E-11 7.9044E-11 1.5922E-10 2.8678E-10 4.8346E-10 7.6561E-10 1.1477E-09 1.6350E-09 2.2294E-09 2.9167E-09 3.6728E-09 4.4659E-09 5.2706E-09 6.0523E-09 6.7890E-09 7.4661E-09 8.0756E-09 8.6425E-09 9.1735E-09 9.6803E-09 1.0180E-08 1.0685E-08 1.1183E-08 1.1639E-08 1.1992E-08 1.2173E-08 1.2102E-08 1.1715E-08 1.0989E-08 9.9500E-09 8.6638E-09 7.2310E-09 5.7704E-09 4.3955E-09 3.1941E-09 2.2095E-09 1.4513E-09 9.0079E-10 5.2521E-10 2.7888E-10 1.2702E-10
0.0000E+00 0.0000E+00 0.0000E+00 0.0000E+00 0.0000E+00 0.0000E+00 0.0000E+00 0.0000E+00 0.0000E+00 0.0000E+00 0.0000E+00 0.0000E+00 0.0000E+00 0.0000E+00 1.3268E-12 1.4532E-11 4.4779E-11 9.9931E-11 1.9431E-10 3.4644E-10 5.7628E-10 8.9798E-10 1.3278E-09 1.8713E-09 2.5214E-09 3.2571E-09 4.0520E-09 4.8705E-09 5.6797E-09 6.4506E-09 7.1597E-09 7.7996E-09 8.3659E-09 8.8748E-09 9.3499E-09 9.7983E-09 1.0244E-08 1.0693E-08 1.1134E-08 1.1539E-08 1.1845E-08 1.1987E-08 1.1882E-08 1.1473E-08 1.0736E-08 9.6931E-09 8.4132E-09 6.9939E-09 5.5554E-09 4.2070E-09 3.0368E-09 2.0808E-09 1.3521E-09 8.2865E-10 4.7445E-10 2.4797E-10 1.0596E-10
0.0000E+00 0.0000E+00 0.0000E+00 0.0000E+00 0.0000E+00 0.0000E+00 0.0000E+00 0.0000E+00 0.0000E+00 0.0000E+00 0.0000E+00 0.0000E+00 0.0000E+00 0.0000E+00 3.7325E-12 2.1187E-11 5.7168E-11 1.2484E-10 2.3939E-10 4.1865E-10 6.8229E-10 1.0502E-09 1.5347E-09 2.1341E-09 2.8374E-09 3.6210E-09 4.4516E-09 5.2883E-09 6.0933E-09 6.8421E-09 7.5180E-09 8.1104E-09 8.6289E-09 9.0799E-09 9.4969E-09 9.8872E-09 1.0276E-08 1.0669E-08 1.1054E-08 1.1402E-08 1.1657E-08 1.1751E-08 1.1605E-08 1.1168E-08 1.0417E-08 9.3750E-09 8.1040E-09 6.7049E-09 5.2966E-09 3.9868E-09 2.8556E-09 1.9391E-09 1.2454E-09 7.5334E-10 4.2748E-10 2.1916E-10 8.8510E-11
0.0000E+00 0.0000E+00 0.0000E+00 0.0000E+00 0.0000E+00 0.0000E+00 0.0000E+00 0.0000E+00 0.0000E+00 0.0000E+00 0.0000E+00 0.0000E+00 0.0000E+00 0.0000E+00 7.1620E-12 2.9793E-11 7.5151E-11 1.5736E-10 2.9286E-10 5.0218E-10 8.0828E-10 1.2278E-09 1.7679E-09 2.4251E-09 3.1828E-09 4.0113E-09 4.8694E-09 5.7147E-09 6.5103E-09 7.2318E-09 7.8624E-09 8.4034E-09 8.8677E-09 9.2660E-09 9.6236E-09 9.9577E-09 1.0289E-08 1.0622E-08 1.0953E-08 1.1241E-08 1.1439E-08 1.1477E-08 1.1287E-08 1.0818E-08 1.0048E-08 9.0055E-09 7.7482E-09 6.3790E-09 5.0098E-09 3.7458E-09 2.6604E-09 1.7905E-09 1.1379E-09 6.8043E-10 3.8080E-10 1.8787E-10 7.2439E-11
0.0000E+00 0.0000E+00 0.0000E+00 0.0000E+00 0.0000E+00 0.0000E+00 0.0000E+00 0.0000E+00 0.0000E+00 0.0000E+00 0.0000E+00 0.0000E+00 0.0000E+00 6.4047E-13 1.1851E-11 4.1637E-11 9.7610E-11 1.9730E-10 3.5574E-10 6.0344E-10 9.5604E-10 1.4303E-09 2.0284E-09 2.7465E-09 3.5571E-09 4.4243E-09 5.3011E-09 6.1476E-09 6.9258E-09 7.6081E-09 8.1924E-09 8.6804E-09 9.0841E-09 9.4332E-09 9.7339E-09 1.0016E-08 1.0292E-08 1.0570E-08 1.0840E-08 1.1068E-08 1.1204E-08 1.1181E-08 1.0941E-08 1.0435E-08 9.6452E-09 8.5986E-09 7.3566E-09 6.0185E-09 4.6946E-09 3.4848E-09 2.4551E-09 1.6358E-09 1.0282E-09 6.0857E-10 3.3441E-10 1.6333E-10 5.7049E-11
0.0000E+00 0.0000E+00 0.0000E+00 0.0000E+00 0.0000E+00 0.0000E+00 0.0000E+00 0.0000E+00 0.0000E+00 0.0000E+00 0.0000E+00 0.0000E+00 0.0000E+00 2.8691E-12 1.9387E-11 5.6930E-11 1.2490E-10 2.4383E-10 4.3651E-10 7.2494E-10 1.1276E-09 1.6604E-09 2.3241E-09 3.1017E-09 3.9592E-09 4.8561E-09 5.7468E-09 6.5855E-09 7.3346E-09 7.9753E-09 8.5059E-09 8.9369E-09 9.2859E-09 9.5824E-09 9.8326E-09 1.0064E-08 1.0290E-08 1.0513E-08 1.0724E-08 1.0888E-08 1.0958E-08 1.0873E-08 1.0577E-08 1.0026E-08 9.2115E-09 8.1583E-09 6.9347E-09 5.6350E-09 4.3647E-09 3.2162E-09 2.2458E-09 1.4829E-09 9.2111E-10 5.3909E-10 2.9106E-10 1.3878E-10 4.4192E-11
0.0000E+00 0.0000E+00 0.0000E+00 0.0000E+00 0.0000E+00 0.0000E+00 0.0000E+00 0.0000E+00 0.0000E+00 0.0000E+00 0.0000E+00 0.0000E+00 0.0000E+00 6.6897E-12 2.9398E-11 7.4671E-11 1.6014E-10 3.0573E-10 5.3204E-10 8.6379E-10 1.3254E-09 1.9244E-09 2.6518E-09 3.4849E-09 4.3881E-09 5.3130E-09 6.2049E-09 7.0209E-09 7.7339E-09 8.3300E-09 8.8024E-09 9.1764E-09 9.4712E-09 9.7156E-09 9.9251E-09 1.0109E-08 1.0286E-08 1.0459E-08 1.0612E-08 1.0710E-08 1.0713E-08 1.0559E-08 1.0201E-08 9.6011E-09 8.7560E-09 7.6979E-09 6.4916E-09 5.2337E-09 4.0233E-09 2.9381E-09 2.0320E-09 1.3268E-09 8.1578E-10 4.7073E-10 2.5011E-10 1.1587E-10 3.2643E-11
0.0000E+00 0.0000E+00 0.0000E+00 0.0000E+00 0.0000E+00 0.0000E+00 0.0000E+00 0.0000E+00 0.0000E+00 0.0000E+00 0.0000E+00 0.0000E+00 0.0000E+00 1.2102E-11 4.2442E-11 1.0069E-10 2.0538E-10 3.7810E-10 6.4519E-10 1.0342E-09 1.5580E-09 2.2224E-09 3.0142E-09 3.9044E-09 4.8447E-09 5.7824E-09 6.6635E-09 7.4544E-09 8.1243E-09 8.6654E-09 9.0821E-09 9.4018E-09 9.6422E-09 9.8410E-09 1.0012E-08 1.0154E-08 1.0286E-08 1.0411E-08 1.0506E-08 1.0538E-08 1.0472E-08 1.0247E-08 9.8199E-09 9.1653E-09 8.2871E-09 7.2197E-09 6.0339E-09 4.8192E-09 3.6709E-09 2.6543E-09 1.8184E-09 1.1752E-09 7.1372E-10 4.0653E-10 2.1178E-10 9.4851E-11 2.5610E-11
0.0000E+00 0.0000E+00 0.0000E+00 0.0000E+00 0.0000E+00 0.0000E+00 0.0000E+00 0.0000E+00 0.0000E+00 0.0000E+00 0.0000E+00 0.0000E+00 8.7192E-13 1.8796E-11 5.8301E-11 1.3102E-10 2.5843E-10 4.6764E-10 7.8686E-10 1.2325E-09 1.8247E-09 2.5578E-09 3.4165E-09 4.3562E-09 5.3238E-09 6.2639E-09 7.1309E-09 7.8814E-09 8.4977E-09 8.9803E-09 9.3451E-09 9.6070E-09 9.8036E-09 9.9571E-09 1.0093E-08 1.0201E-08 1.0294E-08 1.0370E-08 1.0407E-08 1.0376E-08 1.0237E-08 9.9343E-09 9.4348E-09 8.7234E-09 7.8058E-09 6.7280E-09 5.5637E-09 4.3973E-09 3.3131E-09 2.3688E-09 1.6030E-09 1.0233E-09 6.1538E-10 3.4469E-10 1.7616E-10 7.5880E-11 1.8629E-11
0.0000E+00 0.0000E+00 0.0000E+00 0.0000E+00 0.0000E+00 0.0000E+00 0.0000E+00 0.0000E+00 0.0000E+00 0.0000E+00 0.0000E+00 0.0000E+00 3.9031E-12 2.7273E-11 7.8066E-11 1.6791E-10 3.2552E-10 5.7700E-10 9.4976E-10 1.4629E-09 2.1307E-09 2.9388E-09 3.8583E-09 4.8376E-09 5.8244E-09 6.7590E-09 7.5936E-09 8.2922E-09 8.8530E-09 9.2785E-09 9.5861E-09 9.7988E-09 9.9523E-09 1.0069E-08 1.0175E-08 1.0249E-08 1.0307E-08 1.0337E-08 1.0319E-08 1.0221E-08 1.0009E-08 9.6249E-09 9.0467E-09 8.2727E-09 7.3159E-09 6.2299E-09 5.0858E-09 3.9691E-09 2.9517E-09 2.0850E-09 1.3926E-09 8.7523E-10 5.2037E-10 2.8521E-10 1.4199E-10 5.8836E-11 1.1328E-11
0.0000E+00 0.0000E+00 0.0000E+00 0.0000E+00 0.0000E+00 0.0000E+00 0.0000E+00 0.0000E+00 0.0000E+00 0.0000E+00 0.0000E+00 0.0000E+00 7.5809E-12 3.8127E-11 9.9621E-11 2.1409E-10 4.0690E-10 7.0644E-10 1.1413E-09 1.7335E-09 2.4806E-09 3.3623E-09 4.3373E-09 5.3542E-09 6.3485E-09 7.2601E-09 8.0479E-09 8.6947E-09 9.1935E-09 9.5536E-09 9.8060E-09 9.9745E-09 1.0089E-08 1.0177E-08 1.0252E-08 1.0299E-08 1.0325E-08 1.0312E-08 1.0240E-08 1.0076E-08 9.7812E-09 9.3127E-09 8.6550E-09 7.8129E-09 6.8147E-09 5.7209E-09 4.6033E-09 3.5417E-09 2.5946E-09 1.8033E-09 1.1868E-09 7.3615E-10 4.2890E-10 2.3128E-10 1.1126E-10 4.3358E-11 5.3313E-12
0.0000E+00 0.0000E+00 0.0000E+00 0.0000E+00 0.0000E+00 0.0000E+00 0.0000E+00 0.0000E+00 0.0000E+00 0.0000E+00 0.0000E+00 0.0000E+00 1.2496E-11 4.9714E-11 1.2625E-10 2.6743E-10 4.9797E-10 8.5625E-10 1.3685E-09 2.0444E-09 2.8758E-09 3.8330E-09 4.8646E-09 5.9039E-09 6.8876E-09 7.7652E-09 8.5029E-09 9.0808E-09 9.5092E-09 9.8099E-09 1.0012E-08 1.0140E-08 1.0220E-08 1.0277E-08 1.0330E-08 1.0350E-08 1.0344E-08 1.0291E-08 1.0165E-08 9.9332E-09 9.5570E-09 8.9982E-09 8.2597E-09 7.3500E-09 6.3136E-09 5.2123E-09 4.1218E-09 3.1192E-09 2.2463E-09 1.5353E-09 9.9081E-10 6.0505E-10 3.4507E-10 1.8108E-10 8.3333E-11 3.0668E-11 2.2009E-12
0.0000E+00 0.0000E+00 0.0000E+00 0.0000E+00 0.0000E+00 0.0000E+00 0.0000E+00 0.0000E+00 0.0000E+00 0.0000E+00 0.0000E+00 0.0000E+00 1.7694E-11 6.5149E-11 1.5893E-10 3.3093E-10 6.0961E-10 1.0368E-09 1.6301E-09 2.3997E-09 3.3267E-09 4.3597E-09 5.4366E-09 6.4866E-09 7.4503E-09 8.2782E-09 8.9466E-09 9.4508E-09 9.8099E-09 1.0051E-08 1.0202E-08 1.0292E-08 1.0343E-08 1.0379E-08 1.0406E-08 1.0407E-08 1.0371E-08 1.0276E-08 1.0096E-08 9.7910E-09 9.3273E-09 8.6783E-09 7.8536E-09 6.8785E-09 5.8049E-09 4.7056E-09 3.6526E-09 2.7091E-09 1.9114E-09 1.2804E-09 8.1078E-10 4.8373E-10 2.7012E-10 1.3676E-10 5.9483E-11 1.9972E-11 8.0000E-13
0.0000E+00 0.0000E+00 0.0000E+00 0.0000E+00 0.0000E+00 0.0000E+00 0.0000E+00 0.0000E+00 0.0000E+00 0.0000E+00 0.0000E+00 0.0000E+00 2.3354E-11 8.1654E-11 1.9710E-10 4.0065E-10 7.3749E-10 1.2382E-09 1.9281E-09 2.8064E-09 3.8293E-09 4.9395E-09 6.0562E-09 7.1085E-09 8.0322E-09 8.7938E-09 9.3800E-09 9.8087E-09 1.0096E-08 1.0273E-08 1.0375E-08 1.0432E-08 1.0462E-08 1.0478E-08 1.0481E-08 1.0460E-08 1.0396E-08 1.0262E-08 1.0020E-08 9.6408E-09 9.0875E-09 8.3444E-09 7.4380E-09 6.4007E-09 5.2987E-09 4.2054E-09 3.1953E-09 2.3166E-09 1.5987E-09 1.0452E-09 6.4651E-10 3.7714E-10 2.0356E-10 9.8200E-11 3.9266E-11 1.0803E-11 0.0000E+00
0.0000E+00 0.0000E+00 0.0000E+00 0.0000E+00 0.0000E+00 0.0000E+00 0.0000E+00 0.0000E+00 0.0000E+00 0.0000E+00 0.0000E+00 0.0000E+00 2.8535E-11 9.8481E-11 2.3637E-10 4.8314E-10 8.8496E-10 1.4729E-09 2.2717E-09 3.2630E-09 4.3922E-09 5.5788E-09 6.7279E-09 7.7638E-09 8.6314E-09 9.3122E-09 9.8094E-09 1.0147E-08 1.0359E-08 1.0480E-08 1.0542E-08 1.0567E-08 1.0575E-08 1.0573E-08 1.0557E-08 1.0518E-08 1.0423E-08 1.0243E-08 9.9379E-09 9.4763E-09 8.8289E-09 7.9951E-09 7.0071E-09 5.9151E-09 4.7941E-09 3.7206E-09 2.7603E-09 1.9501E-09 1.3099E-09 8.3380E-10 5.0244E-10 2.8463E-10 1.4692E-10 6.6565E-11 2.3808E-11 4.2659E-12 0.0000E+00
0.0000E+00 0.0000E+00 0.0000E+00 0.0000E+00 0.0000E+00 0.0000E+00 0.0000E+00 0.0000E+00 0.0000E+00 0.0000E+00 0.0000E+00 9.5750E-14 3.4352E-11 1.1754E-10 2.8235E-10 5.7434E-10 1.0459E-09 1.7370E-09 2.6553E-09 3.7709E-09 5.0123E-09 6.2716E-09 7.4459E-09 8.4531E-09 9.2499E-09 9.8337E-09 1.0229E-08 1.0474E-08 1.0611E-08 1.0676E-08 1.0694E-08 1.0693E-08 1.0686E-08 1.0670E-08 1.0631E-08 1.0571E-08 1.0445E-08 1.0214E-08 9.8406E-09 9.2911E-09 8.5464E-09 7.6202E-09 6.5560E-09 5.4204E-09 4.2912E-09 3.2482E-09 2.3456E-09 1.6126E-09 1.0517E-09 6.4781E-10 3.7842E-10 2.0540E-10 1.0040E-10 4.1715E-11 1.1922E-11 5.8959E-13 0.0000E+00
0.0000E+00 0.0000E+00 0.0000E+00 0.0000E+00 0.0000E+00 0.0000E+00 0.0000E+00 0.0000E+00 0.0000E+00 0.0000E+00 0.0000E+00 1.3792E-12 4.0134E-11 1.3926E-10 3.3065E-10 6.7372E-10 1.2291E-09 2.0315E-09 3.0827E-09 4.3376E-09 5.6917E-09 7.0202E-09 8.2081E-09 9.1708E-09 9.8801E-09 1.0354E-08 1.0636E-08 1.0786E-08 1.0846E-08 1.0858E-08 1.0841E-08 1.0819E-08 1.0795E-08 1.0760E-08 1.0706E-08 1.0623E-08 1.0459E-08 1.0171E-08 9.7202E-09 9.0781E-09 8.2327E-09 7.2170E-09 6.0833E-09 4.9151E-09 3.7955E-09 2.7959E-09 1.9603E-09 1.3049E-09 8.2252E-10 4.8968E-10 2.7546E-10 1.4190E-10 6.4174E-11 2.2819E-11 4.0191E-12 0.0000E+00 0.0000E+00
0.0000E+00 0.0000E+00 0.0000E+00 0.0000E+00 0.0000E+00 0.0000E+00 0.0000E+00 0.0000E+00 0.0000E+00 0.0000E+00 0.0000E+00 3.3841E-12 4.6422E-11 1.5956E-10 3.8372E-10 7.8500E-10 1.4262E-09 2.3518E-09 3.5508E-09 4.9508E-09 6.4237E-09 7.8211E-09 9.0106E-09 9.9138E-09 1.0521E-08 1.0871E-08 1.1038E-08 1.1088E-08 1.1074E-08 1.1030E-08 1.0982E-08 1.0938E-08 1.0895E-08 1.0845E-08 1.0781E-08 1.0666E-08 1.0458E-08 1.0105E-08 9.5729E-09 8.8289E-09 7.8829E-09 6.7821E-09 5.5929E-09 4.4074E-09 3.3094E-09 2.3696E-09 1.6086E-09 1.0348E-09 6.2744E-10 3.5944E-10 1.9265E-10 9.1598E-11 3.7212E-11 9.7846E-12 3.7596E-13 0.0000E+00 0.0000E+00
