Assets/Resources/2015_m01_d03_2100(utc+0800)_l00_csi_1hr_conc.grd
DSAA
         159         159
     -79.000      79.000
     -79.000      79.000
  0.2270E-10  0.1652E-04
[rows 25 to 49 of 159, columns 0 to 56 of 159]
4.1419E-11 4.2769E-11 4.4152E-11 4.5569E-11 4.7508E-11 4.9013E-11 5.0553E-11 5.2608E-11 5.4239E-11 5.5907E-11 5.7612E-11 5.9842E-11 6.1641E-11 6.3479E-11 6.5356E-11 6.7272E-11 6.9732E-11 7.1746E-11 7.3800E-11 7.5895E-11 7.8029E-11 8.0720E-11 8.2955E-11 8.5232E-11 8.7550E-11 8.9909E-11 9.2967E-11 9.5433E-11 9.7941E-11 1.0049E-10 1.0308E-10 1.0638E-10 1.0908E-10 1.1182E-10 1.1459E-10 1.1741E-10 1.2095E-10 1.2388E-10 1.2684E-10 1.2984E-10 1.3288E-10 1.3596E-10 1.3978E-10 1.4296E-10 1.4617E-10 1.4942E-10 1.5271E-10 1.5660E-10 1.5997E-10 1.6338E-10 1.6681E-10 1.7085E-10 1.7436E-10 1.7791E-10 1.8148E-10 1.8507E-10 1.8928E-10
4.2222E-11 4.3599E-11 4.5010E-11 4.6940E-11 4.8439E-11 4.9974E-11 5.1545E-11 5.3648E-11 5.5312E-11 5.7013E-11 5.8752E-11 6.1034E-11 6.2870E-11 6.4746E-11 6.6661E-11 6.9119E-11 7.1134E-11 7.3189E-11 7.5286E-11 7.7424E-11 8.0116E-11 8.2357E-11 8.4639E-11 8.6963E-11 8.9329E-11 9.2395E-11 9.4871E-11 9.7389E-11 9.9949E-11 1.0255E-10 1.0587E-10 1.0858E-10 1.1134E-10 1.1413E-10 1.1697E-10 1.2053E-10 1.2348E-10 1.2646E-10 1.2949E-10 1.3256E-10 1.3635E-10 1.3952E-10 1.4273E-10 1.4598E-10 1.4926E-10 1.5258E-10 1.5652E-10 1.5993E-10 1.6338E-10 1.6685E-10 1.7094E-10 1.7451E-10 1.7810E-10 1.8172E-10 1.8537E-10 1.8964E-10 1.9337E-10
4.3033E-11 4.4436E-11 4.6356E-11 4.7848E-11 4.9377E-11 5.0942E-11 5.3037E-11 5.4696E-11 5.6393E-11 5.8128E-11 6.0404E-11 6.2237E-11 6.4110E-11 6.6024E-11 6.8478E-11 7.0492E-11 7.2548E-11 7.4646E-11 7.6785E-11 7.9479E-11 8.1722E-11 8.4009E-11 8.6338E-11 8.8710E-11 9.1782E-11 9.4266E-11 9.6793E-11 9.9364E-11 1.0198E-10 1.0531E-10 1.0803E-10 1.1080E-10 1.1362E-10 1.1647E-10 1.2005E-10 1.2302E-10 1.2603E-10 1.2908E-10 1.3217E-10 1.3599E-10 1.3919E-10 1.4243E-10 1.4571E-10 1.4903E-10 1.5294E-10 1.5636E-10 1.5981E-10 1.6330E-10 1.6682E-10 1.7095E-10 1.7456E-10 1.7821E-10 1.8188E-10 1.8558E-10 1.8991E-10 1.9369E-10 1.9750E-10
4.3849E-11 4.5757E-11 4.7242E-11 4.8764E-11 5.0323E-11 5.2408E-11 5.4061E-11 5.5753E-11 5.7483E-11 5.9751E-11 6.1580E-11 6.3450E-11 6.5361E-11 6.7810E-11 6.9823E-11 7.1878E-11 7.3975E-11 7.6115E-11 7.8808E-11 8.1054E-11 8.3343E-11 8.5677E-11 8.8053E-11 9.1129E-11 9.3620E-11 9.6155E-11 9.8734E-11 1.0136E-10 1.0470E-10 1.0744E-10 1.1022E-10 1.1305E-10 1.1592E-10 1.1952E-10 1.2250E-10 1.2553E-10 1.2860E-10 1.3172E-10 1.3557E-10 1.3879E-10 1.4206E-10 1.4537E-10 1.4872E-10 1.5267E-10 1.5612E-10 1.5961E-10 1.6314E-10 1.6670E-10 1.7088E-10 1.7454E-10 1.7823E-10 1.8195E-10 1.8570E-10 1.9009E-10 1.9393E-10 1.9779E-10 2.0168E-10
4.5144E-11 4.6622E-11 4.8136E-11 4.9687E-11 5.1761E-11 5.3408E-11 5.5093E-11 5.6818E-11 5.9077E-11 6.0901E-11 6.2767E-11 6.4673E-11 6.7116E-11 6.9127E-11 7.1180E-11 7.3276E-11 7.5415E-11 7.8105E-11 8.0352E-11 8.2643E-11 8.4979E-11 8.7359E-11 9.0437E-11 9.2933E-11 9.5474E-11 9.8061E-11 1.0069E-10 1.0404E-10 1.0679E-10 1.0959E-10 1.1243E-10 1.1531E-10 1.1893E-10 1.2193E-10 1.2498E-10 1.2807E-10 1.3121E-10 1.3508E-10 1.3833E-10 1.4163E-10 1.4496E-10 1.4834E-10 1.5233E-10 1.5581E-10 1.5934E-10 1.6290E-10 1.6650E-10 1.7073E-10 1.7442E-10 1.7816E-10 1.8193E-10 1.8631E-10 1.9017E-10 1.9406E-10 1.9799E-10 2.0194E-10 2.0651E-10
4.5987E-11 4.7492E-11 4.9035E-11 5.1098E-11 5.2737E-11 5.4415E-11 5.6133E-11 5.8382E-11 6.0200E-11 6.2060E-11 6.3962E-11 6.5906E-11 6.8404E-11 7.0454E-11 7.2547E-11 7.4684E-11 7.6866E-11 7.9617E-11 8.1909E-11 8.4245E-11 8.6627E-11 8.9706E-11 9.2206E-11 9.4752E-11 9.7344E-11 9.9983E-11 1.0334E-10 1.0610E-10 1.0890E-10 1.1175E-10 1.1465E-10 1.1828E-10 1.2130E-10 1.2437E-10 1.2748E-10 1.3063E-10 1.3453E-10 1.3780E-10 1.4112E-10 1.4448E-10 1.4789E-10 1.5191E-10 1.5543E-10 1.5898E-10 1.6258E-10 1.6622E-10 1.7049E-10 1.7423E-10 1.7800E-10 1.8182E-10 1.8626E-10 1.9016E-10 1.9411E-10 1.9808E-10 2.0209E-10 2.0673E-10 2.1082E-10
4.6835E-11 4.8369E-11 4.9941E-11 5.2049E-11 5.3719E-11 5.5429E-11 5.7667E-11 5.9479E-11 6.1332E-11 6.3228E-11 6.5166E-11 6.7656E-11 6.9701E-11 7.1791E-11 7.3925E-11 7.6104E-11 7.8851E-11 8.1141E-11 8.3478E-11 8.5861E-11 8.8938E-11 9.1440E-11 9.3990E-11 9.6586E-11 9.9230E-11 1.0259E-10 1.0536E-10 1.0817E-10 1.1103E-10 1.1394E-10 1.1758E-10 1.2062E-10 1.2370E-10 1.2682E-10 1.3000E-10 1.3391E-10 1.3721E-10 1.4055E-10 1.4394E-10 1.4737E-10 1.5142E-10 1.5496E-10 1.5855E-10 1.6218E-10 1.6586E-10 1.7017E-10 1.7394E-10 1.7776E-10 1.8162E-10 1.8611E-10 1.9006E-10 1.9405E-10 1.9808E-10 2.0214E-10 2.0685E-10 2.1099E-10 2.1517E-10
4.7689E-11 4.9251E-11 5.1345E-11 5.3006E-11 5.4708E-11 5.6450E-11 5.8737E-11 6.0583E-11 6.2472E-11 6.4403E-11 6.6884E-11 6.8924E-11 7.1008E-11 7.3138E-11 7.5313E-11 7.8054E-11 8.0342E-11 8.2677E-11 8.5059E-11 8.7488E-11 9.0636E-11 9.3188E-11 9.5787E-11 9.8435E-11 1.0180E-10 1.0457E-10 1.0739E-10 1.1026E-10 1.1318E-10 1.1683E-10 1.1988E-10 1.2297E-10 1.2611E-10 1.2930E-10 1.3324E-10 1.3655E-10 1.3991E-10 1.4332E-10 1.4678E-10 1.5086E-10 1.5443E-10 1.5805E-10 1.6171E-10 1.6542E-10 1.6976E-10 1.7358E-10 1.7744E-10 1.8133E-10 1.8587E-10 1.8987E-10 1.9391E-10 1.9799E-10 2.0210E-10 2.0686E-10 2.1106E-10 2.1530E-10 2.1957E-10
4.8547E-11 5.0626E-11 5.2278E-11 5.3970E-11 5.5703E-11 5.7977E-11 5.9814E-11 6.1695E-11 6.3619E-11 6.6088E-11 6.8121E-11 7.0200E-11 7.2324E-11 7.4494E-11 7.7227E-11 7.9512E-11 8.1844E-11 8.4224E-11 8.6652E-11 8.9796E-11 9.2348E-11 9.4949E-11 9.7599E-11 1.0096E-10 1.0374E-10 1.0657E-10 1.0944E-10 1.1237E-10 1.1603E-10 1.1908E-10 1.2219E-10 1.2534E-10 1.2855E-10 1.3250E-10 1.3583E-10 1.3921E-10 1.4264E-10 1.4612E-10 1.5022E-10 1.5382E-10 1.5747E-10 1.6116E-10 1.6547E-10 1.6927E-10 1.7313E-10 1.7702E-10 1.8096E-10 1.8553E-10 1.8958E-10 1.9367E-10 1.9779E-10 2.0255E-10 2.0677E-10 2.1103E-10 2.1532E-10 2.1965E-10 2.2463E-10
4.9893E-11 5.1534E-11 5.3216E-11 5.4939E-11 5.7198E-11 5.9026E-11 6.0898E-11 6.2813E-11 6.5270E-11 6.7295E-11 6.9367E-11 7.1484E-11 7.3649E-11 7.6372E-11 7.8652E-11 8.0980E-11 8.3357E-11 8.5782E-11 8.8920E-11 9.1471E-11 9.4072E-11 9.6723E-11 1.0009E-10 1.0286E-10 1.0570E-10 1.0858E-10 1.1151E-10 1.1517E-10 1.1824E-10 1.2135E-10 1.2452E-10 1.2774E-10 1.3170E-10 1.3505E-10 1.3845E-10 1.4189E-10 1.4539E-10 1.4952E-10 1.5314E-10 1.5681E-10 1.6053E-10 1.6487E-10 1.6871E-10 1.7259E-10 1.7652E-10 1.8050E-10 1.8511E-10 1.8920E-10 1.9333E-10 1.9750E-10 2.0231E-10 2.0658E-10 2.1089E-10 2.1524E-10 2.1963E-10 2.2466E-10 2.2914E-10
5.0776E-11 5.2447E-11 5.4159E-11 5.6403E-11 5.8220E-11 6.0082E-11 6.1988E-11 6.3938E-11 6.6447E-11 6.8510E-11 7.0620E-11 7.2777E-11 7.5490E-11 7.7764E-11 8.0086E-11 8.2458E-11 8.4879E-11 8.8010E-11 9.0558E-11 9.3157E-11 9.5807E-11 9.8509E-11 1.0195E-10 1.0478E-10 1.0767E-10 1.1060E-10 1.1427E-10 1.1734E-10 1.2046E-10 1.2364E-10 1.2687E-10 1.3084E-10 1.3420E-10 1.3762E-10 1.4108E-10 1.4460E-10 1.4874E-10 1.5238E-10 1.5608E-10 1.5982E-10 1.6419E-10 1.6806E-10 1.7197E-10 1.7594E-10 1.7995E-10 1.8460E-10 1.8873E-10 1.9290E-10 1.9711E-10 2.0197E-10 2.0629E-10 2.1065E-10 2.1505E-10 2.1949E-10 2.2459E-10 2.2913E-10 2.3370E-10
5.1664E-11 5.3364E-11 5.5107E-11 5.7397E-11 5.9248E-11 6.1143E-11 6.3084E-11 6.5578E-11 6.7631E-11 6.9732E-11 7.1881E-11 7.4077E-11 7.6847E-11 7.9163E-11 8.1529E-11 8.3945E-11 8.7066E-11 8.9610E-11 9.2206E-11 9.4854E-11 9.7555E-11 1.0099E-10 1.0382E-10 1.0671E-10 1.0965E-10 1.1332E-10 1.1639E-10 1.1952E-10 1.2270E-10 1.2594E-10 1.2992E-10 1.3330E-10 1.3672E-10 1.4020E-10 1.4374E-10 1.4790E-10 1.5156E-10 1.5528E-10 1.5904E-10 1.6344E-10 1.6733E-10 1.7127E-10 1.7527E-10 1.7931E-10 1.8400E-10 1.8816E-10 1.9237E-10 1.9663E-10 2.0153E-10 2.0589E-10 2.1031E-10 2.1476E-10 2.1925E-10 2.2441E-10 2.2900E-10 2.3363E-10 2.3830E-10
5.2555E-11 5.4286E-11 5.6559E-11 5.8397E-11 6.0281E-11 6.2210E-11 6.4688E-11 6.6731E-11 6.8822E-11 7.0961E-11 7.3148E-11 7.5905E-11 7.8213E-11 8.0571E-11 8.2980E-11 8.6090E-11 8.8629E-11 9.1220E-11 9.3865E-11 9.6562E-11 9.9990E-11 1.0282E-10 1.0571E-10 1.0865E-10 1.1165E-10 1.1539E-10 1.1853E-10 1.2172E-10 1.2496E-10 1.2895E-10 1.3233E-10 1.3577E-10 1.3926E-10 1.4281E-10 1.4698E-10 1.5067E-10 1.5440E-10 1.5819E-10 1.6260E-10 1.6652E-10 1.7049E-10 1.7451E-10 1.7859E-10 1.8331E-10 1.8751E-10 1.9175E-10 1.9605E-10 2.0099E-10 2.0540E-10 2.0986E-10 2.1436E-10 2.1950E-10 2.2411E-10 2.2876E-10 2.3345E-10 2.3818E-10 2.4399E-10
5.3451E-11 5.5705E-11 5.7531E-11 5.9402E-11 6.1318E-11 6.3779E-11 6.5811E-11 6.7890E-11 7.0018E-11 7.2195E-11 7.4938E-11 7.7236E-11 7.9585E-11 8.1986E-11 8.4439E-11 8.7615E-11 9.0201E-11 9.2840E-11 9.5533E-11 9.8952E-11 1.0178E-10 1.0467E-10 1.0761E-10 1.1060E-10 1.1435E-10 1.1749E-10 1.2068E-10 1.2393E-10 1.2723E-10 1.3131E-10 1.3476E-10 1.3826E-10 1.4182E-10 1.4601E-10 1.4970E-10 1.5345E-10 1.5726E-10 1.6170E-10 1.6564E-10 1.6963E-10 1.7368E-10 1.7778E-10 1.8253E-10 1.8676E-10 1.9104E-10 1.9537E-10 2.0035E-10 2.0481E-10 2.0931E-10 2.1385E-10 2.1905E-10 2.2371E-10 2.2841E-10 2.3316E-10 2.3794E-10 2.4382E-10 2.4872E-10
5.4837E-11 5.6649E-11 5.8507E-11 6.0410E-11 6.2360E-11 6.4871E-11 6.6938E-11 6.9054E-11 7.1220E-11 7.3946E-11 7.6234E-11 7.8573E-11 8.0965E-11 8.3408E-11 8.6571E-11 8.9149E-11 9.1781E-11 9.4468E-11 9.7877E-11 1.0070E-10 1.0358E-10 1.0652E-10 1.0952E-10 1.1326E-10 1.1640E-10 1.1959E-10 1.2284E-10 1.2615E-10 1.3023E-10 1.3369E-10 1.3720E-10 1.4077E-10 1.4496E-10 1.4867E-10 1.5244E-10 1.5626E-10 1.6014E-10 1.6467E-10 1.6869E-10 1.7276E-10 1.7689E-10 1.8167E-10 1.8593E-10 1.9024E-10 1.9461E-10 1.9962E-10 2.0411E-10 2.0865E-10 2.1324E-10 2.1849E-10 2.2319E-10 2.2795E-10 2.3275E-10 2.3759E-10 2.4353E-10 2.4849E-10 2.5350E-10
5.5754E-11 5.7597E-11 5.9486E-11 6.1423E-11 6.3914E-11 6.5968E-11 6.8071E-11 7.0224E-11 7.2427E-11 7.5208E-11 7.7536E-11 7.9917E-11 8.2350E-11 8.5497E-11 8.8066E-11 9.0690E-11 9.3369E-11 9.6766E-11 9.9585E-11 1.0246E-10 1.0540E-10 1.0839E-10 1.1212E-10 1.1526E-10 1.1845E-10 1.2171E-10 1.2502E-10 1.2910E-10 1.3256E-10 1.3608E-10 1.3965E-10 1.4386E-10 1.4758E-10 1.5135E-10 1.5519E-10 1.5909E-10 1.6363E-10 1.6767E-10 1.7176E-10 1.7591E-10 1.8072E-10 1.8500E-10 1.8935E-10 1.9374E-10 1.9879E-10 2.0332E-10 2.0790E-10 2.1253E-10 2.1782E-10 2.2257E-10 2.2737E-10 2.3222E-10 2.3712E-10 2.4311E-10 2.4814E-10 2.5320E-10 2.5831E-10
5.6674E-11 5.8548E-11 6.0469E-11 6.2940E-11 6.4979E-11 6.7068E-11 6.9207E-11 7.1397E-11 7.4160E-11 7.6475E-11 7.8844E-11 8.1266E-11 8.4395E-11 8.6954E-11 8.9568E-11 9.2238E-11 9.4965E-11 9.8432E-11 1.0130E-10 1.0423E-10 1.0722E-10 1.1094E-10 1.1408E-10 1.1727E-10 1.2052E-10 1.2383E-10 1.2791E-10 1.3137E-10 1.3490E-10 1.3848E-10 1.4269E-10 1.4641E-10 1.5020E-10 1.5405E-10 1.5796E-10 1.6252E-10 1.6658E-10 1.7069E-10 1.7486E-10 1.7968E-10 1.8400E-10 1.8836E-10 1.9279E-10 1.9787E-10 2.0243E-10 2.0705E-10 2.1172E-10 2.1704E-10 2.2184E-10 2.2669E-10 2.3158E-10 2.3653E-10 2.4258E-10 2.4766E-10 2.5278E-10 2.5795E-10 2.6316E-10
5.7596E-11 5.9502E-11 6.1950E-11 6.3974E-11 6.6048E-11 6.8172E-11 7.0348E-11 7.3090E-11 7.5392E-11 7.7747E-11 8.0156E-11 8.3266E-11 8.5813E-11 8.8416E-11 9.1076E-11 9.3793E-11 9.7245E-11 1.0011E-10 1.0303E-10 1.0601E-10 1.0972E-10 1.1285E-10 1.1604E-10 1.1929E-10 1.2260E-10 1.2667E-10 1.3013E-10 1.3366E-10 1.3725E-10 1.4090E-10 1.4519E-10 1.4899E-10 1.5285E-10 1.5677E-10 1.6134E-10 1.6541E-10 1.6953E-10 1.7372E-10 1.7857E-10 1.8290E-10 1.8729E-10 1.9175E-10 1.9685E-10 2.0144E-10 2.0609E-10 2.1080E-10 2.1616E-10 2.2100E-10 2.2589E-10 2.3083E-10 2.3582E-10 2.4193E-10 2.4706E-10 2.5224E-10 2.5747E-10 2.6274E-10 2.6805E-10
5.8521E-11 6.0458E-11 6.2953E-11 6.5011E-11 6.7120E-11 6.9279E-11 7.2000E-11 7.4287E-11 7.6628E-11 7.9023E-11 8.1473E-11 8.4645E-11 8.7236E-11 8.9884E-11 9.2589E-11 9.6024E-11 9.8875E-11 1.0179E-10 1.0476E-10 1.0779E-10 1.1158E-10 1.1477E-10 1.1801E-10 1.2132E-10 1.2538E-10 1.2884E-10 1.3237E-10 1.3596E-10 1.3961E-10 1.4391E-10 1.4771E-10 1.5158E-10 1.5550E-10 1.6008E-10 1.6416E-10 1.6831E-10 1.7251E-10 1.7737E-10 1.8172E-10 1.8614E-10 1.9061E-10 1.9574E-10 2.0036E-10 2.0504E-10 2.0978E-10 2.1518E-10 2.2005E-10 2.2498E-10 2.2997E-10 2.3500E-10 2.4115E-10 2.4634E-10 2.5157E-10 2.5685E-10 2.6218E-10 2.6756E-10 2.7298E-10
5.9448E-11 6.1919E-11 6.3959E-11 6.6051E-11 6.8194E-11 7.0389E-11 7.3162E-11 7.5487E-11 7.7867E-11 8.0302E-11 8.3453E-11 8.6029E-11 8.8664E-11 9.1356E-11 9.4772E-11 9.7612E-11 1.0051E-10 1.0347E-10 1.0650E-10 1.1027E-10 1.1345E-10 1.1669E-10 1.1999E-10 1.2405E-10 1.2750E-10 1.3103E-10 1.3462E-10 1.3827E-10 1.4256E-10 1.4637E-10 1.5024E-10 1.5417E-10 1.5876E-10 1.6285E-10 1.6700E-10 1.7122E-10 1.7609E-10 1.8046E-10 1.8489E-10 1.8939E-10 1.9454E-10 1.9919E-10 2.0389E-10 2.0866E-10 2.1409E-10 2.1900E-10 2.2397E-10 2.2899E-10 2.3407E-10 2.4026E-10 2.4549E-10 2.5078E-10 2.5611E-10 2.6150E-10 2.6693E-10 2.7241E-10 2.7794E-10
6.0871E-11 6.2894E-11 6.4967E-11 6.7093E-11 6.9271E-11 7.2019E-11 7.4327E-11 7.6691E-11 7.9110E-11 8.2236E-11 8.4797E-11 8.7417E-11 9.0095E-11 9.2833E-11 9.6316E-11 9.9204E-11 1.0215E-10 1.0517E-10 1.0893E-10 1.1209E-10 1.1532E-10 1.1862E-10 1.2198E-10 1.2612E-10 1.2963E-10 1.3322E-10 1.3687E-10 1.4116E-10 1.4497E-10 1.4884E-10 1.5278E-10 1.5737E-10 1.6146E-10 1.6563E-10 1.6985E-10 1.7473E-10 1.7912E-10 1.8357E-10 1.8808E-10 1.9325E-10 1.9792E-10 2.0265E-10 2.0745E-10 2.1230E-10 2.1784E-10 2.2284E-10 2.2790E-10 2.3302E-10 2.3926E-10 2.4453E-10 2.4986E-10 2.5525E-10 2.6069E-10 2.6618E-10 2.7171E-10 2.7730E-10 2.8293E-10
6.1815E-11 6.3870E-11 6.5977E-11 6.8136E-11 7.0859E-11 7.3149E-11 7.5495E-11 7.7896E-11 8.0354E-11 8.3542E-11 8.6145E-11 8.8808E-11 9.1530E-11 9.4991E-11 9.7865E-11 1.0080E-10 1.0380E-10 1.0754E-10 1.1070E-10 1.1392E-10 1.1720E-10 1.2056E-10 1.2468E-10 1.2819E-10 1.3177E-10 1.3542E-10 1.3970E-10 1.4351E-10 1.4738E-10 1.5132E-10 1.5591E-10 1.6001E-10 1.6418E-10 1.6842E-10 1.7330E-10 1.7770E-10 1.8216E-10 1.8669E-10 1.9129E-10 1.9656E-10 2.0132E-10 2.0613E-10 2.1102E-10 2.1658E-10 2.2161E-10 2.2671E-10 2.3186E-10 2.3813E-10 2.4345E-10 2.4883E-10 2.5426E-10 2.5975E-10 2.6529E-10 2.7088E-10 2.7653E-10 2.8222E-10 2.8796E-10
6.2760E-11 6.4847E-11 6.6987E-11 6.9181E-11 7.1954E-11 7.4281E-11 7.6664E-11 7.9104E-11 8.2264E-11 8.4850E-11 8.7495E-11 9.0201E-11 9.3638E-11 9.6496E-11 9.9418E-11 1.0240E-10 1.0545E-10 1.0927E-10 1.1247E-10 1.1575E-10 1.1909E-10 1.2320E-10 1.2670E-10 1.3028E-10 1.3392E-10 1.3819E-10 1.4199E-10 1.4586E-10 1.4981E-10 1.5439E-10 1.5849E-10 1.6266E-10 1.6691E-10 1.7122E-10 1.7620E-10 1.8068E-10 1.8522E-10 1.8983E-10 1.9512E-10 1.9989E-10 2.0473E-10 2.0963E-10 2.1522E-10 2.2028E-10 2.2541E-10 2.3060E-10 2.3690E-10 2.4225E-10 2.4767E-10 2.5314E-10 2.5868E-10 2.6427E-10 2.6992E-10 2.7561E-10 2.8136E-10 2.8717E-10 2.9301E-10
6.3706E-11 6.5825E-11 6.7998E-11 7.0744E-11 7.3050E-11 7.5413E-11 7.7834E-11 8.0966E-11 8.3533E-11 8.6160E-11 8.8848E-11 9.2258E-11 9.5099E-11 9.8004E-11 1.0097E-10 1.0401E-10 1.0780E-10 1.1099E-10 1.1426E-10 1.1758E-10 1.2167E-10 1.2517E-10 1.2873E-10 1.3237E-10 1.3607E-10 1.4042E-10 1.4429E-10 1.4823E-10 1.5224E-10 1.5691E-10 1.6108E-10 1.6533E-10 1.6964E-10 1.7463E-10 1.7911E-10 1.8366E-10 1.8829E-10 1.9359E-10 1.9837E-10 2.0323E-10 2.0815E-10 2.1376E-10 2.1885E-10 2.2400E-10 2.2922E-10 2.3555E-10 2.4094E-10 2.4639E-10 2.5191E-10 2.5749E-10 2.6312E-10 2.6882E-10 2.7457E-10 2.8037E-10 2.8623E-10 2.9214E-10 2.9810E-10
6.4651E-11 6.6803E-11 6.9519E-11 7.1805E-11 7.4147E-11 7.6547E-11 7.9005E-11 8.2195E-11 8.4802E-11 8.7471E-11 9.0201E-11 9.3676E-11 9.6563E-11 9.9514E-11 1.0253E-10 1.0630E-10 1.0948E-10 1.1273E-10 1.1604E-10 1.1942E-10 1.2359E-10 1.2714E-10 1.3077E-10 1.3446E-10 1.3880E-10 1.4266E-10 1.4660E-10 1.5060E-10 1.5526E-10 1.5944E-10 1.6368E-10 1.6800E-10 1.7298E-10 1.7747E-10 1.8203E-10 1.8666E-10 1.9197E-10 1.9677E-10 2.0164E-10 2.0658E-10 2.1221E-10 2.1732E-10 2.2249E-10 2.2773E-10 2.3409E-10 2.3951E-10 2.4500E-10 2.5055E-10 2.5617E-10 2.6185E-10 2.6759E-10 2.7339E-10 2.7924E-10 2.8516E-10 2.9112E-10 2.9714E-10 3.0321E-10
