Assets/Resources/2015_m01_d28_1600(utc+0800)_l00_csi_1hr_conc.grd
DSAA
         159         159
     -79.000      79.000
     -79.000      79.000
  0.0000E+00  0.1599E-05
[rows 25 to 49 of 159, columns 0 to 56 of 159]
0.0000E+00 0.0000E+00 0.0000E+00 0.0000E+00 0.0000E+00 0.0000E+00 0.0000E+00 0.0000E+00 0.0000E+00 0.0000E+00 0.0000E+00 1.7849E-13 3.6569E-12 1.6759E-11 4.3163E-11 8.2142E-11 1.3400E-10 2.0836E-10 3.0396E-10 4.3366E-10 5.9453E-10 8.0903E-10 1.0668E-09 1.3977E-09 1.7847E-09 2.2578E-09 2.8114E-09 3.4705E-09 4.2303E-09 5.0925E-09 6.0643E-09 7.1412E-09 8.3145E-09 9.5704E-09 1.0886E-08 1.2237E-08 1.3594E-08 1.4915E-08 1.6164E-08 1.7299E-08 1.8280E-08 1.9069E-08 1.9632E-08 1.9946E-08 1.9994E-08 1.9770E-08 1.9280E-08 1.8540E-08 1.7578E-08 1.6428E-08 1.5131E-08 1.3736E-08 1.2285E-08 1.0829E-08 9.4037E-09 8.0455E-09 6.7851E-09
0.0000E+00 0.0000E+00 0.0000E+00 0.0000E+00 0.0000E+00 0.0000E+00 0.0000E+00 0.0000E+00 0.0000E+00 0.0000E+00 0.0000E+00 0.0000E+00 1.1671E-12 6.4179E-12 2.2231E-11 5.3473E-11 9.9978E-11 1.6610E-10 2.4917E-10 3.6569E-10 5.1142E-10 7.1055E-10 9.4839E-10 1.2619E-09 1.6339E-09 2.0917E-09 2.6304E-09 3.2777E-09 4.0290E-09 4.8896E-09 5.8665E-09 6.9560E-09 8.1538E-09 9.4428E-09 1.0806E-08 1.2218E-08 1.3643E-08 1.5043E-08 1.6380E-08 1.7606E-08 1.8677E-08 1.9551E-08 2.0193E-08 2.0573E-08 2.0668E-08 2.0473E-08 1.9990E-08 1.9236E-08 1.8237E-08 1.7034E-08 1.5672E-08 1.4200E-08 1.2667E-08 1.1128E-08 9.6200E-09 8.1929E-09 6.8664E-09
0.0000E+00 0.0000E+00 0.0000E+00 0.0000E+00 0.0000E+00 0.0000E+00 0.0000E+00 0.0000E+00 0.0000E+00 0.0000E+00 0.0000E+00 0.0000E+00 9.7776E-13 3.3137E-12 9.7316E-12 3.0535E-11 6.7548E-11 1.2494E-10 1.9960E-10 3.0552E-10 4.3576E-10 6.1665E-10 8.3515E-10 1.1297E-09 1.4831E-09 1.9234E-09 2.4442E-09 3.0747E-09 3.8131E-09 4.6655E-09 5.6415E-09 6.7386E-09 7.9544E-09 9.2743E-09 1.0681E-08 1.2146E-08 1.3638E-08 1.5121E-08 1.6546E-08 1.7865E-08 1.9034E-08 2.0005E-08 2.0734E-08 2.1189E-08 2.1343E-08 2.1187E-08 2.0718E-08 1.9955E-08 1.8926E-08 1.7673E-08 1.6241E-08 1.4688E-08 1.3069E-08 1.1444E-08 9.8524E-09 8.3443E-09 6.9542E-09
0.0000E+00 0.0000E+00 0.0000E+00 0.0000E+00 0.0000E+00 0.0000E+00 0.0000E+00 0.0000E+00 0.0000E+00 0.0000E+00 0.0000E+00 0.0000E+00 7.6688E-13 2.8720E-12 6.2877E-12 1.6005E-11 4.4232E-11 9.0372E-11 1.5335E-10 2.4656E-10 3.6299E-10 5.2893E-10 7.2894E-10 1.0009E-09 1.3295E-09 1.7548E-09 2.2527E-09 2.8646E-09 3.5853E-09 4.4234E-09 5.3906E-09 6.4888E-09 7.7165E-09 9.0599E-09 1.0501E-08 1.2019E-08 1.3579E-08 1.5138E-08 1.6652E-08 1.8072E-08 1.9347E-08 2.0420E-08 2.1247E-08 2.1788E-08 2.2012E-08 2.1905E-08 2.1462E-08 2.0699E-08 1.9644E-08 1.8341E-08 1.6842E-08 1.5208E-08 1.3500E-08 1.1781E-08 1.0100E-08 8.5131E-09 7.0457E-09
0.0000E+00 0.0000E+00 0.0000E+00 0.0000E+00 0.0000E+00 0.0000E+00 0.0000E+00 0.0000E+00 0.0000E+00 0.0000E+00 0.0000E+00 0.0000E+00 2.5204E-13 2.2997E-12 5.5613E-12 9.8103E-12 2.3953E-11 6.4419E-11 1.1724E-10 1.9619E-10 2.9764E-10 4.4500E-10 6.2571E-10 8.7859E-10 1.1811E-09 1.5821E-09 2.0555E-09 2.6483E-09 3.3442E-09 4.1630E-09 5.1167E-09 6.2081E-09 7.4391E-09 8.7972E-09 1.0269E-08 1.1833E-08 1.3452E-08 1.5088E-08 1.6695E-08 1.8216E-08 1.9598E-08 2.0784E-08 2.1719E-08 2.2360E-08 2.2667E-08 2.2620E-08 2.2212E-08 2.1455E-08 2.0381E-08 1.9033E-08 1.7467E-08 1.5750E-08 1.3949E-08 1.2134E-08 1.0360E-08 8.6873E-09 7.1428E-09
0.0000E+00 0.0000E+00 0.0000E+00 0.0000E+00 0.0000E+00 0.0000E+00 0.0000E+00 0.0000E+00 0.0000E+00 0.0000E+00 0.0000E+00 0.0000E+00 0.0000E+00 1.4758E-12 4.3199E-12 8.6520E-12 1.5341E-11 3.9722E-11 8.3738E-11 1.5476E-10 2.4211E-10 3.7289E-10 5.3277E-10 7.6021E-10 1.0388E-09 1.4101E-09 1.8595E-09 2.4239E-09 3.0927E-09 3.8871E-09 4.8187E-09 5.8950E-09 7.1210E-09 8.4853E-09 9.9767E-09 1.1577E-08 1.3252E-08 1.4960E-08 1.6655E-08 1.8282E-08 1.9779E-08 2.1084E-08 2.2138E-08 2.2887E-08 2.3289E-08 2.3314E-08 2.2953E-08 2.2214E-08 2.1125E-08 1.9735E-08 1.8104E-08 1.6303E-08 1.4407E-08 1.2493E-08 1.0624E-08 8.8613E-09 7.2432E-09
0.0000E+00 0.0000E+00 0.0000E+00 0.0000E+00 0.0000E+00 0.0000E+00 0.0000E+00 0.0000E+00 0.0000E+00 0.0000E+00 0.0000E+00 0.0000E+00 0.0000E+00 7.7384E-13 3.3790E-12 7.0287E-12 1.2736E-11 2.8758E-11 5.9040E-11 1.1473E-10 1.9064E-10 3.0721E-10 4.4967E-10 6.5474E-10 9.0601E-10 1.2455E-09 1.6597E-09 2.1947E-09 2.8339E-09 3.5980E-09 4.4976E-09 5.5506E-09 6.7615E-09 8.1213E-09 9.6234E-09 1.1250E-08 1.2969E-08 1.4744E-08 1.6526E-08 1.8256E-08 1.9869E-08 2.1300E-08 2.2480E-08 2.3351E-08 2.3861E-08 2.3975E-08 2.3675E-08 2.2965E-08 2.1876E-08 2.0453E-08 1.8760E-08 1.6876E-08 1.4885E-08 1.2870E-08 1.0901E-08 9.0477E-09 7.3513E-09
0.0000E+00 0.0000E+00 0.0000E+00 0.0000E+00 0.0000E+00 0.0000E+00 0.0000E+00 0.0000E+00 0.0000E+00 0.0000E+00 0.0000E+00 0.0000E+00 0.0000E+00 0.0000E+00 2.3931E-12 5.5029E-12 1.0432E-11 2.4068E-11 4.2515E-11 8.9881E-11 1.4987E-10 2.5041E-10 3.7313E-10 5.5686E-10 7.8298E-10 1.0917E-09 1.4696E-09 1.9664E-09 2.5658E-09 3.2981E-09 4.1601E-09 5.1823E-09 6.3607E-09 7.7056E-09 9.2050E-09 1.0843E-08 1.2596E-08 1.4429E-08 1.6289E-08 1.8117E-08 1.9851E-08 2.1414E-08 2.2730E-08 2.3734E-08 2.4365E-08 2.4582E-08 2.4359E-08 2.3696E-08 2.2615E-08 2.1168E-08 1.9423E-08 1.7463E-08 1.5377E-08 1.3259E-08 1.1190E-08 9.2358E-09 7.4578E-09
0.0000E+00 0.0000E+00 0.0000E+00 0.0000E+00 0.0000E+00 0.0000E+00 0.0000E+00 0.0000E+00 0.0000E+00 0.0000E+00 0.0000E+00 0.0000E+00 0.0000E+00 0.0000E+00 9.9797E-13 3.9643E-12 7.9572E-12 2.0407E-11 3.6277E-11 6.9244E-11 1.1720E-10 2.0509E-10 3.0832E-10 4.7164E-10 6.6807E-10 9.4706E-10 1.2882E-09 1.7433E-09 2.2991E-09 2.9911E-09 3.8108E-09 4.7887E-09 5.9267E-09 7.2431E-09 8.7202E-09 1.0356E-08 1.2131E-08 1.4003E-08 1.5929E-08 1.7854E-08 1.9705E-08 2.1399E-08 2.2860E-08 2.4014E-08 2.4788E-08 2.5127E-08 2.5001E-08 2.4401E-08 2.3351E-08 2.1898E-08 2.0110E-08 1.8077E-08 1.5900E-08 1.3677E-08 1.1499E-08 9.4463E-09 7.5821E-09
0.0000E+00 0.0000E+00 0.0000E+00 0.0000E+00 0.0000E+00 0.0000E+00 0.0000E+00 0.0000E+00 0.0000E+00 0.0000E+00 0.0000E+00 0.0000E+00 0.0000E+00 0.0000E+00 0.0000E+00 2.6412E-12 5.6443E-12 1.7017E-11 3.0713E-11 6.0851E-11 9.4642E-11 1.6322E-10 2.5415E-10 3.9670E-10 5.6946E-10 8.1531E-10 1.1185E-09 1.5299E-09 2.0350E-09 2.6779E-09 3.4542E-09 4.3796E-09 5.4651E-09 6.7385E-09 8.1806E-09 9.7985E-09 1.1572E-08 1.3469E-08 1.5452E-08 1.7458E-08 1.9415E-08 2.1245E-08 2.2863E-08 2.4175E-08 2.5106E-08 2.5591E-08 2.5588E-08 2.5080E-08 2.4081E-08 2.2637E-08 2.0820E-08 1.8728E-08 1.6462E-08 1.4133E-08 1.1848E-08 9.6877E-09 7.7243E-09
0.0000E+00 0.0000E+00 0.0000E+00 0.0000E+00 0.0000E+00 0.0000E+00 0.0000E+00 0.0000E+00 0.0000E+00 0.0000E+00 0.0000E+00 0.0000E+00 0.0000E+00 0.0000E+00 0.0000E+00 8.0703E-13 3.8243E-12 1.3280E-11 2.5511E-11 5.3005E-11 8.1448E-11 1.3877E-10 2.0997E-10 3.3044E-10 4.7956E-10 6.9949E-10 9.6800E-10 1.3344E-09 1.7916E-09 2.3730E-09 3.0900E-09 3.9620E-09 4.9887E-09 6.2019E-09 7.5941E-09 9.1782E-09 1.0932E-08 1.2837E-08 1.4854E-08 1.6924E-08 1.8983E-08 2.0943E-08 2.2711E-08 2.4192E-08 2.5300E-08 2.5956E-08 2.6102E-08 2.5713E-08 2.4798E-08 2.3394E-08 2.1572E-08 1.9428E-08 1.7079E-08 1.4649E-08 1.2244E-08 9.9716E-09 7.9052E-09
0.0000E+00 0.0000E+00 0.0000E+00 0.0000E+00 0.0000E+00 0.0000E+00 0.0000E+00 0.0000E+00 0.0000E+00 0.0000E+00 0.0000E+00 0.0000E+00 0.0000E+00 0.0000E+00 0.0000E+00 0.0000E+00 2.3393E-12 8.7722E-12 2.0155E-11 4.4356E-11 6.9986E-11 1.2020E-10 1.7538E-10 2.8341E-10 4.0685E-10 5.9444E-10 8.2883E-10 1.1568E-09 1.5636E-09 2.0896E-09 2.7422E-09 3.5444E-09 4.5095E-09 5.6556E-09 6.9865E-09 8.5119E-09 1.0227E-08 1.2119E-08 1.4147E-08 1.6264E-08 1.8405E-08 2.0482E-08 2.2396E-08 2.4051E-08 2.5345E-08 2.6186E-08 2.6510E-08 2.6276E-08 2.5476E-08 2.4137E-08 2.2332E-08 2.0164E-08 1.7750E-08 1.5217E-08 1.2704E-08 1.0307E-08 8.1226E-09
0.0000E+00 0.0000E+00 0.0000E+00 0.0000E+00 0.0000E+00 0.0000E+00 0.0000E+00 0.0000E+00 0.0000E+00 0.0000E+00 0.0000E+00 0.0000E+00 0.0000E+00 0.0000E+00 0.0000E+00 0.0000E+00 0.0000E+00 6.4736E-12 1.4054E-11 3.5397E-11 5.8272E-11 1.0282E-10 1.4952E-10 2.3609E-10 3.4149E-10 5.1102E-10 7.1034E-10 9.9804E-10 1.3532E-09 1.8231E-09 2.4083E-09 3.1372E-09 4.0361E-09 5.1060E-09 6.3645E-09 7.8190E-09 9.4784E-09 1.1330E-08 1.3346E-08 1.5487E-08 1.7686E-08 1.9855E-08 2.1907E-08 2.3728E-08 2.5210E-08 2.6257E-08 2.6784E-08 2.6729E-08 2.6076E-08 2.4847E-08 2.3102E-08 2.0934E-08 1.8475E-08 1.5862E-08 1.3230E-08 1.0710E-08 8.4110E-09
0.0000E+00 0.0000E+00 0.0000E+00 0.0000E+00 0.0000E+00 0.0000E+00 0.0000E+00 0.0000E+00 0.0000E+00 0.0000E+00 0.0000E+00 0.0000E+00 0.0000E+00 0.0000E+00 0.0000E+00 0.0000E+00 0.0000E+00 2.7133E-12 7.4623E-12 2.8083E-11 4.5697E-11 8.4890E-11 1.2602E-10 2.0133E-10 2.8532E-10 4.2980E-10 5.9944E-10 8.5226E-10 1.1625E-09 1.5788E-09 2.0950E-09 2.7508E-09 3.5654E-09 4.5620E-09 5.7366E-09 7.1081E-09 8.6949E-09 1.0486E-08 1.2468E-08 1.4603E-08 1.6826E-08 1.9070E-08 2.1234E-08 2.3207E-08 2.4882E-08 2.6141E-08 2.6885E-08 2.7044E-08 2.6581E-08 2.5503E-08 2.3857E-08 2.1729E-08 1.9256E-08 1.6579E-08 1.3849E-08 1.1208E-08 8.7750E-09
0.0000E+00 0.0000E+00 0.0000E+00 0.0000E+00 0.0000E+00 0.0000E+00 0.0000E+00 0.0000E+00 0.0000E+00 0.0000E+00 0.0000E+00 0.0000E+00 0.0000E+00 0.0000E+00 0.0000E+00 0.0000E+00 0.0000E+00 2.1851E-13 4.0049E-12 1.7448E-11 3.3068E-11 6.8675E-11 1.0153E-10 1.6700E-10 2.3769E-10 3.5712E-10 4.9972E-10 7.1827E-10 9.8344E-10 1.3459E-09 1.8030E-09 2.3875E-09 3.1124E-09 4.0147E-09 5.1132E-09 6.3871E-09 7.8841E-09 9.5971E-09 1.1521E-08 1.3616E-08 1.5842E-08 1.8127E-08 2.0375E-08 2.2487E-08 2.4344E-08 2.5814E-08 2.6795E-08 2.7199E-08 2.6964E-08 2.6077E-08 2.4579E-08 2.2552E-08 2.0105E-08 1.7390E-08 1.4577E-08 1.1820E-08 9.2522E-09
0.0000E+00 0.0000E+00 0.0000E+00 0.0000E+00 0.0000E+00 0.0000E+00 0.0000E+00 0.0000E+00 0.0000E+00 0.0000E+00 0.0000E+00 0.0000E+00 0.0000E+00 0.0000E+00 0.0000E+00 0.0000E+00 0.0000E+00 0.0000E+00 0.0000E+00 6.2937E-12 2.3403E-11 4.9516E-11 7.7622E-11 1.3573E-10 1.9238E-10 2.9139E-10 4.0863E-10 5.9157E-10 8.1834E-10 1.1322E-09 1.5276E-09 2.0368E-09 2.6807E-09 3.4895E-09 4.4821E-09 5.6609E-09 7.0608E-09 8.6735E-09 1.0506E-08 1.2541E-08 1.4737E-08 1.7026E-08 1.9338E-08 2.1566E-08 2.3578E-08 2.5261E-08 2.6492E-08 2.7155E-08 2.7185E-08 2.6550E-08 2.5259E-08 2.3366E-08 2.0999E-08 1.8295E-08 1.5423E-08 1.2561E-08 9.8582E-09
0.0000E+00 0.0000E+00 0.0000E+00 0.0000E+00 0.0000E+00 0.0000E+00 0.0000E+00 0.0000E+00 0.0000E+00 0.0000E+00 0.0000E+00 0.0000E+00 0.0000E+00 0.0000E+00 0.0000E+00 0.0000E+00 0.0000E+00 0.0000E+00 0.0000E+00 0.0000E+00 1.0154E-11 2.9672E-11 5.7387E-11 1.0224E-10 1.4933E-10 2.3383E-10 3.2671E-10 4.7720E-10 6.6675E-10 9.2762E-10 1.2650E-09 1.7097E-09 2.2680E-09 2.9770E-09 3.8620E-09 4.9292E-09 6.2176E-09 7.7151E-09 9.4427E-09 1.1385E-08 1.3515E-08 1.5785E-08 1.8126E-08 2.0426E-08 2.2586E-08 2.4465E-08 2.5935E-08 2.6892E-08 2.7226E-08 2.6876E-08 2.5847E-08 2.4172E-08 2.1937E-08 1.9292E-08 1.6396E-08 1.3440E-08 1.0599E-08
0.0000E+00 0.0000E+00 0.0000E+00 0.0000E+00 0.0000E+00 0.0000E+00 0.0000E+00 0.0000E+00 0.0000E+00 0.0000E+00 0.0000E+00 0.0000E+00 0.0000E+00 0.0000E+00 0.0000E+00 0.0000E+00 0.0000E+00 0.0000E+00 0.0000E+00 0.0000E+00 0.0000E+00 1.2588E-11 3.3822E-11 6.7404E-11 1.1191E-10 1.7698E-10 2.5335E-10 3.7692E-10 5.2642E-10 7.4185E-10 1.0270E-09 1.3970E-09 1.8715E-09 2.4877E-09 3.2635E-09 4.2047E-09 5.3583E-09 6.7280E-09 8.3279E-09 1.0154E-08 1.2191E-08 1.4401E-08 1.6725E-08 1.9073E-08 2.1334E-08 2.3392E-08 2.5110E-08 2.6355E-08 2.7021E-08 2.7025E-08 2.6315E-08 2.4911E-08 2.2886E-08 2.0345E-08 1.7466E-08 1.4445E-08 1.1470E-08
0.0000E+00 0.0000E+00 0.0000E+00 0.0000E+00 0.0000E+00 0.0000E+00 0.0000E+00 0.0000E+00 0.0000E+00 0.0000E+00 0.0000E+00 0.0000E+00 0.0000E+00 0.0000E+00 0.0000E+00 0.0000E+00 0.0000E+00 0.0000E+00 0.0000E+00 0.0000E+00 0.0000E+00 4.1215E-13 9.5995E-12 3.6037E-11 7.1551E-11 1.2176E-10 1.8908E-10 2.8457E-10 4.0780E-10 5.7911E-10 8.0595E-10 1.1093E-09 1.5117E-09 2.0298E-09 2.6888E-09 3.4985E-09 4.5126E-09 5.7333E-09 7.1871E-09 8.8636E-09 1.0771E-08 1.2884E-08 1.5147E-08 1.7491E-08 1.9827E-08 2.2026E-08 2.3966E-08 2.5513E-08 2.6525E-08 2.6903E-08 2.6582E-08 2.5515E-08 2.3747E-08 2.1395E-08 1.8590E-08 1.5540E-08 1.2468E-08
0.0000E+00 0.0000E+00 0.0000E+00 0.0000E+00 0.0000E+00 0.0000E+00 0.0000E+00 0.0000E+00 0.0000E+00 0.0000E+00 0.0000E+00 0.0000E+00 0.0000E+00 0.0000E+00 0.0000E+00 0.0000E+00 0.0000E+00 0.0000E+00 0.0000E+00 0.0000E+00 0.0000E+00 0.0000E+00 2.5272E-12 9.7936E-12 3.2634E-11 7.3446E-11 1.2409E-10 1.9775E-10 3.0261E-10 4.3527E-10 6.1820E-10 8.5878E-10 1.1770E-09 1.6011E-09 2.1539E-09 2.8416E-09 3.7029E-09 4.7579E-09 6.0383E-09 7.5517E-09 9.2995E-09 1.1262E-08 1.3425E-08 1.5721E-08 1.8063E-08 2.0368E-08 2.2494E-08 2.4307E-08 2.5677E-08 2.6459E-08 2.6540E-08 2.5883E-08 2.4464E-08 2.2349E-08 1.9696E-08 1.6686E-08 1.3549E-08
0.0000E+00 0.0000E+00 0.0000E+00 0.0000E+00 0.0000E+00 0.0000E+00 0.0000E+00 0.0000E+00 0.0000E+00 0.0000E+00 0.0000E+00 0.0000E+00 0.0000E+00 0.0000E+00 0.0000E+00 0.0000E+00 0.0000E+00 0.0000E+00 0.0000E+00 0.0000E+00 0.0000E+00 0.0000E+00 0.0000E+00 4.0975E-12 1.1278E-11 2.4472E-11 6.4371E-11 1.2280E-10 2.0118E-10 3.0394E-10 4.5321E-10 6.4151E-10 8.9418E-10 1.2280E-09 1.6709E-09 2.2303E-09 2.9443E-09 3.8405E-09 4.9405E-09 6.2628E-09 7.8123E-09 9.6047E-09 1.1612E-08 1.3801E-08 1.6107E-08 1.8444E-08 2.0709E-08 2.2760E-08 2.4442E-08 2.5620E-08 2.6152E-08 2.5923E-08 2.4914E-08 2.3148E-08 2.0718E-08 1.7831E-08 1.4707E-08
0.0000E+00 0.0000E+00 0.0000E+00 0.0000E+00 0.0000E+00 0.0000E+00 0.0000E+00 0.0000E+00 0.0000E+00 0.0000E+00 0.0000E+00 0.0000E+00 0.0000E+00 0.0000E+00 0.0000E+00 0.0000E+00 0.0000E+00 0.0000E+00 0.0000E+00 0.0000E+00 0.0000E+00 0.0000E+00 0.0000E+00 0.0000E+00 3.9781E-12 1.2148E-11 2.3081E-11 4.9939E-11 1.0865E-10 1.9258E-10 3.0100E-10 4.4708E-10 6.4868E-10 9.1083E-10 1.2555E-09 1.7057E-09 2.2787E-09 3.0018E-09 3.9135E-09 5.0421E-09 6.3912E-09 7.9752E-09 9.7939E-09 1.1820E-08 1.4031E-08 1.6345E-08 1.8664E-08 2.0883E-08 2.2845E-08 2.4377E-08 2.5337E-08 2.5595E-08 2.5044E-08 2.3688E-08 2.1608E-08 1.8938E-08 1.5901E-08
0.0000E+00 0.0000E+00 0.0000E+00 0.0000E+00 0.0000E+00 0.0000E+00 0.0000E+00 0.0000E+00 0.0000E+00 0.0000E+00 0.0000E+00 0.0000E+00 0.0000E+00 0.0000E+00 0.0000E+00 0.0000E+00 0.0000E+00 0.0000E+00 0.0000E+00 0.0000E+00 0.0000E+00 0.0000E+00 0.0000E+00 0.0000E+00 0.0000E+00 2.8148E-12 1.0286E-11 2.2704E-11 4.1776E-11 8.8118E-11 1.6619E-10 2.8228E-10 4.3191E-10 6.3104E-10 9.0357E-10 1.2592E-09 1.7124E-09 2.2900E-09 3.0243E-09 3.9414E-09 5.0685E-09 6.4395E-09 8.0394E-09 9.8793E-09 1.1929E-08 1.4141E-08 1.6459E-08 1.8754E-08 2.0905E-08 2.2757E-08 2.4119E-08 2.4838E-08 2.4808E-08 2.3947E-08 2.2285E-08 1.9946E-08 1.7112E-08
0.0000E+00 0.0000E+00 0.0000E+00 0.0000E+00 0.0000E+00 0.0000E+00 0.0000E+00 0.0000E+00 0.0000E+00 0.0000E+00 0.0000E+00 0.0000E+00 0.0000E+00 0.0000E+00 0.0000E+00 0.0000E+00 0.0000E+00 0.0000E+00 0.0000E+00 0.0000E+00 0.0000E+00 0.0000E+00 0.0000E+00 0.0000E+00 0.0000E+00 0.0000E+00 2.6370E-12 8.6968E-12 1.8961E-11 3.6822E-11 7.4764E-11 1.4046E-10 2.5099E-10 3.9520E-10 6.0103E-10 8.7383E-10 1.2367E-09 1.6962E-09 2.2698E-09 3.0128E-09 3.9266E-09 5.0620E-09 6.4219E-09 8.0365E-09 9.8832E-09 1.1943E-08 1.4171E-08 1.6472E-08 1.8733E-08 2.0809E-08 2.2524E-08 2.3704E-08 2.4185E-08 2.3871E-08 2.2729E-08 2.0813E-08 1.8285E-08
0.0000E+00 0.0000E+00 0.0000E+00 0.0000E+00 0.0000E+00 0.0000E+00 0.0000E+00 0.0000E+00 0.0000E+00 0.0000E+00 0.0000E+00 0.0000E+00 0.0000E+00 0.0000E+00 0.0000E+00 0.0000E+00 0.0000E+00 0.0000E+00 0.0000E+00 0.0000E+00 0.0000E+00 0.0000E+00 0.0000E+00 0.0000E+00 0.0000E+00 0.0000E+00 0.0000E+00 1.0093E-12 6.1264E-12 1.4408E-11 3.3440E-11 6.7187E-11 1.2474E-10 2.1500E-10 3.5708E-10 5.5658E-10 8.2673E-10 1.1902E-09 1.6511E-09 2.2304E-09 2.9604E-09 3.8814E-09 5.0087E-09 6.3789E-09 7.9809E-09 9.8408E-09 1.1909E-08 1.4131E-08 1.6423E-08 1.8641E-08 2.0626E-08 2.2207E-08 2.3197E-08 2.3448E-08 2.2882E-08 2.1499E-08 1.9384E-08
