Assets/Resources/2015_m01_d24_1800(utc+0800)_l00_csi_1hr_conc.grd
DSAA
         159         159
     -79.000      79.000
     -79.000      79.000
  0.0000E+00  0.4619E-05
[rows 50 to 74 of 159, columns 57 to 113 of 159]
4.1332E-08 3.7482E-08 3.2955E-08 2.7998E-08 2.2985E-08 1.8118E-08 1.3764E-08 1.0062E-08 7.0582E-09 4.8373E-09 3.2722E-09 2.2031E-09 1.5647E-09 1.1715E-09 9.7734E-10 9.1331E-10 8.9245E-10 8.7774E-10 8.6292E-10 8.4800E-10 8.3300E-10 8.1793E-10 8.0281E-10 7.8766E-10 7.7247E-10 7.5727E-10 7.4207E-10 7.2689E-10 7.1172E-10 6.9660E-10 6.8153E-10 6.6652E-10 6.5158E-10 6.3672E-10 6.2196E-10 6.0731E-10 5.9279E-10 5.7838E-10 5.6413E-10 5.5002E-10 5.3608E-10 5.2230E-10 5.0871E-10 4.9530E-10 4.8208E-10 4.6906E-10 4.5624E-10 4.4362E-10 4.3121E-10 4.1901E-10 4.0702E-10 3.9525E-10 3.8369E-10 3.7234E-10 3.6122E-10 3.5031E-10 3.3962E-10
4.2892E-08 3.9712E-08 3.5558E-08 3.0751E-08 2.5581E-08 2.0449E-08 1.5708E-08 1.1567E-08 8.1561E-09 5.5304E-09 3.7029E-09 2.4670E-09 1.6681E-09 1.2317E-09 1.0014E-09 9.1014E-10 8.8252E-10 8.6794E-10 8.5325E-10 8.3847E-10 8.2361E-10 8.0868E-10 7.9371E-10 7.7870E-10 7.6366E-10 7.4861E-10 7.3356E-10 7.1853E-10 7.0352E-10 6.8855E-10 6.7363E-10 6.5878E-10 6.4400E-10 6.2930E-10 6.1470E-10 6.0021E-10 5.8584E-10 5.7160E-10 5.5751E-10 5.4356E-10 5.2978E-10 5.1618E-10 5.0274E-10 4.8949E-10 4.7643E-10 4.6357E-10 4.5090E-10 4.3844E-10 4.2618E-10 4.1413E-10 4.0228E-10 3.9065E-10 3.7923E-10 3.6802E-10 3.5703E-10 3.4625E-10 3.3569E-10
4.5199E-08 4.2725E-08 3.8980E-08 3.4288E-08 2.8937E-08 2.3462E-08 1.8215E-08 1.3497E-08 9.5380E-09 6.4751E-09 4.2238E-09 2.7291E-09 1.8317E-09 1.2937E-09 1.0166E-09 9.1225E-10 8.7436E-10 8.5793E-10 8.4338E-10 8.2874E-10 8.1402E-10 7.9925E-10 7.8442E-10 7.6955E-10 7.5467E-10 7.3977E-10 7.2488E-10 7.1000E-10 6.9516E-10 6.8034E-10 6.6559E-10 6.5089E-10 6.3627E-10 6.2174E-10 6.0730E-10 5.9298E-10 5.7877E-10 5.6471E-10 5.5077E-10 5.3700E-10 5.2339E-10 5.0994E-10 4.9667E-10 4.8359E-10 4.7069E-10 4.5799E-10 4.4548E-10 4.3317E-10 4.2106E-10 4.0916E-10 3.9746E-10 3.8597E-10 3.7469E-10 3.6362E-10 3.5276E-10 3.4212E-10 3.3169E-10
4.8214E-08 4.6540E-08 4.3345E-08 3.8767E-08 3.3267E-08 2.7326E-08 2.1412E-08 1.5989E-08 1.1319E-08 7.5868E-09 4.9033E-09 3.0990E-09 1.9896E-09 1.3712E-09 1.0499E-09 9.1112E-10 8.6508E-10 8.4773E-10 8.3332E-10 8.1882E-10 8.0425E-10 7.8963E-10 7.7495E-10 7.6024E-10 7.4551E-10 7.3077E-10 7.1604E-10 7.0132E-10 6.8664E-10 6.7199E-10 6.5740E-10 6.4287E-10 6.2841E-10 6.1405E-10 5.9978E-10 5.8562E-10 5.7159E-10 5.5769E-10 5.4393E-10 5.3033E-10 5.1689E-10 5.0361E-10 4.9051E-10 4.7759E-10 4.6486E-10 4.5232E-10 4.3997E-10 4.2782E-10 4.1586E-10 4.0411E-10 3.9256E-10 3.8122E-10 3.7008E-10 3.5915E-10 3.4843E-10 3.3792E-10 3.2762E-10
5.1935E-08 5.1297E-08 4.8737E-08 4.4413E-08 3.8744E-08 3.2254E-08 2.5565E-08 1.9175E-08 1.3642E-08 9.1517E-09 5.7975E-09 3.5522E-09 2.2200E-09 1.4570E-09 1.0661E-09 9.1400E-10 8.5716E-10 8.3734E-10 8.2307E-10 8.0873E-10 7.9431E-10 7.7984E-10 7.6532E-10 7.5077E-10 7.3619E-10 7.2162E-10 7.0705E-10 6.9250E-10 6.7798E-10 6.6350E-10 6.4907E-10 6.3471E-10 6.2043E-10 6.0623E-10 5.9214E-10 5.7815E-10 5.6430E-10 5.5057E-10 5.3698E-10 5.2355E-10 5.1029E-10 4.9718E-10 4.8425E-10 4.7150E-10 4.5894E-10 4.4656E-10 4.3438E-10 4.2238E-10 4.1059E-10 3.9899E-10 3.8759E-10 3.7640E-10 3.6541E-10 3.5462E-10 3.4404E-10 3.3366E-10 3.2350E-10
5.6306E-08 5.6925E-08 5.5295E-08 5.1408E-08 4.5618E-08 3.8554E-08 3.0891E-08 2.3422E-08 1.6707E-08 1.1150E-08 7.0191E-09 4.2055E-09 2.4523E-09 1.5532E-09 1.1037E-09 9.1156E-10 8.4731E-10 8.2677E-10 8.1266E-10 7.9846E-10 7.8420E-10 7.6988E-10 7.5552E-10 7.4113E-10 7.2673E-10 7.1232E-10 6.9792E-10 6.8353E-10 6.6918E-10 6.5487E-10 6.4062E-10 6.2643E-10 6.1232E-10 5.9830E-10 5.8438E-10 5.7058E-10 5.5689E-10 5.4335E-10 5.2994E-10 5.1669E-10 5.0360E-10 4.9067E-10 4.7791E-10 4.6534E-10 4.5294E-10 4.4073E-10 4.2871E-10 4.1688E-10 4.0524E-10 3.9380E-10 3.8255E-10 3.7151E-10 3.6066E-10 3.5002E-10 3.3958E-10 3.2934E-10 3.1931E-10
6.1160E-08 6.3450E-08 6.3043E-08 5.9871E-08 5.4177E-08 4.6572E-08 3.7857E-08 2.9033E-08 2.0910E-08 1.4017E-08 8.6824E-09 5.1074E-09 2.9190E-09 1.6738E-09 1.1194E-09 9.1308E-10 8.3835E-10 8.1603E-10 8.0207E-10 7.8804E-10 7.7393E-10 7.5978E-10 7.4558E-10 7.3136E-10 7.1712E-10 7.0288E-10 6.8865E-10 6.7444E-10 6.6026E-10 6.4612E-10 6.3204E-10 6.1804E-10 6.0410E-10 5.9026E-10 5.7652E-10 5.6290E-10 5.4939E-10 5.3603E-10 5.2281E-10 5.0974E-10 4.9682E-10 4.8407E-10 4.7149E-10 4.5909E-10 4.4687E-10 4.3483E-10 4.2297E-10 4.1130E-10 3.9983E-10 3.8854E-10 3.7745E-10 3.6656E-10 3.5586E-10 3.4536E-10 3.3507E-10 3.2497E-10 3.1507E-10
6.6143E-08 7.0468E-08 7.1802E-08 6.9793E-08 6.4562E-08 5.6669E-08 4.6954E-08 3.6591E-08 2.6635E-08 1.7927E-08 1.1145E-08 6.4100E-09 3.4234E-09 1.9043E-09 1.1673E-09 9.0649E-10 8.2680E-10 8.0514E-10 7.9134E-10 7.7746E-10 7.6352E-10 7.4953E-10 7.3550E-10 7.2145E-10 7.0738E-10 6.9331E-10 6.7925E-10 6.6522E-10 6.5121E-10 6.3726E-10 6.2336E-10 6.0953E-10 5.9578E-10 5.8212E-10 5.6857E-10 5.5512E-10 5.4181E-10 5.2863E-10 5.1559E-10 5.0270E-10 4.8997E-10 4.7740E-10 4.6500E-10 4.5278E-10 4.4073E-10 4.2885E-10 4.1717E-10 4.0566E-10 3.9435E-10 3.8322E-10 3.7229E-10 3.6155E-10 3.5100E-10 3.4065E-10 3.3050E-10 3.2054E-10 3.1079E-10
7.0749E-08 7.7521E-08 8.1154E-08 8.1001E-08 7.6843E-08 6.9045E-08 5.8620E-08 4.6654E-08 3.4586E-08 2.3589E-08 1.4679E-08 8.3752E-09 4.3971E-09 2.1849E-09 1.2054E-09 9.0437E-10 8.1597E-10 7.9410E-10 7.8046E-10 7.6674E-10 7.5297E-10 7.3915E-10 7.2529E-10 7.1141E-10 6.9751E-10 6.8362E-10 6.6974E-10 6.5588E-10 6.4207E-10 6.2829E-10 6.1457E-10 6.0092E-10 5.8736E-10 5.7389E-10 5.6052E-10 5.4727E-10 5.3414E-10 5.2115E-10 5.0830E-10 4.9559E-10 4.8305E-10 4.7066E-10 4.5844E-10 4.4639E-10 4.3452E-10 4.2282E-10 4.1130E-10 3.9996E-10 3.8881E-10 3.7785E-10 3.6707E-10 3.5648E-10 3.4609E-10 3.3589E-10 3.2588E-10 3.1607E-10 3.0645E-10
7.4223E-08 8.3891E-08 9.0512E-08 9.2970E-08 9.0729E-08 8.3893E-08 7.3071E-08 5.9752E-08 4.5289E-08 3.1515E-08 1.9918E-08 1.1267E-08 5.7125E-09 2.7418E-09 1.3452E-09 8.9156E-10 8.0263E-10 7.8292E-10 7.6944E-10 7.5589E-10 7.4229E-10 7.2864E-10 7.1496E-10 7.0125E-10 6.8754E-10 6.7382E-10 6.6012E-10 6.4645E-10 6.3281E-10 6.1922E-10 6.0569E-10 5.9223E-10 5.7885E-10 5.6557E-10 5.5239E-10 5.3933E-10 5.2640E-10 5.1359E-10 5.0093E-10 4.8842E-10 4.7606E-10 4.6386E-10 4.5182E-10 4.3995E-10 4.2825E-10 4.1673E-10 4.0538E-10 3.9421E-10 3.8322E-10 3.7242E-10 3.6180E-10 3.5137E-10 3.4113E-10 3.3108E-10 3.2122E-10 3.1155E-10 3.0207E-10
7.5837E-08 8.8627E-08 9.8822E-08 1.0475E-07 1.0546E-07 1.0052E-07 9.0359E-08 7.6130E-08 5.9435E-08 4.2496E-08 2.7278E-08 1.5576E-08 7.7891E-09 3.4591E-09 1.5147E-09 8.9436E-10 7.9081E-10 7.7161E-10 7.5830E-10 7.4492E-10 7.3149E-10 7.1801E-10 7.0451E-10 6.9098E-10 6.7745E-10 6.6392E-10 6.5040E-10 6.3691E-10 6.2346E-10 6.1006E-10 5.9672E-10 5.8345E-10 5.7027E-10 5.5718E-10 5.4419E-10 5.3133E-10 5.1859E-10 5.0597E-10 4.9350E-10 4.8118E-10 4.6901E-10 4.5699E-10 4.4514E-10 4.3345E-10 4.2193E-10 4.1058E-10 3.9940E-10 3.8840E-10 3.7758E-10 3.6694E-10 3.5649E-10 3.4621E-10 3.3613E-10 3.2623E-10 3.1651E-10 3.0699E-10 2.9766E-10
7.4882E-08 9.0731E-08 1.0474E-07 1.1506E-07 1.1986E-07 1.1814E-07 1.0989E-07 9.5789E-08 7.7362E-08 5.7022E-08 3.7696E-08 2.1750E-08 1.0812E-08 4.6626E-09 1.8430E-09 8.7476E-10 7.7719E-10 7.6018E-10 7.4704E-10 7.3384E-10 7.2058E-10 7.0729E-10 6.9396E-10 6.8062E-10 6.6726E-10 6.5392E-10 6.4059E-10 6.2729E-10 6.1403E-10 6.0082E-10 5.8767E-10 5.7459E-10 5.6161E-10 5.4871E-10 5.3593E-10 5.2326E-10 5.1071E-10 4.9830E-10 4.8602E-10 4.7389E-10 4.6190E-10 4.5008E-10 4.3841E-10 4.2690E-10 4.1556E-10 4.0438E-10 3.9338E-10 3.8255E-10 3.7190E-10 3.6142E-10 3.5113E-10 3.4101E-10 3.3108E-10 3.2133E-10 3.1177E-10 3.0240E-10 2.9320E-10
7.0783E-08 8.9217E-08 1.0712E-07 1.2226E-07 1.3225E-07 1.3533E-07 1.3047E-07 1.1787E-07 9.9017E-08 7.5566E-08 5.1437E-08 3.0420E-08 1.5159E-08 6.2473E-09 2.2909E-09 9.4661E-10 7.6629E-10 7.4864E-10 7.3568E-10 7.2265E-10 7.0957E-10 6.9646E-10 6.8332E-10 6.7015E-10 6.5700E-10 6.4383E-10 6.3070E-10 6.1759E-10 6.0452E-10 5.9151E-10 5.7855E-10 5.6568E-10 5.5288E-10 5.4019E-10 5.2760E-10 5.1513E-10 5.0278E-10 4.9056E-10 4.7848E-10 4.6654E-10 4.5475E-10 4.4311E-10 4.3163E-10 4.2030E-10 4.0914E-10 3.9815E-10 3.8732E-10 3.7666E-10 3.6617E-10 3.5586E-10 3.4573E-10 3.3578E-10 3.2600E-10 3.1641E-10 3.0700E-10 2.9777E-10 2.8872E-10
6.3560E-08 8.3650E-08 1.0494E-07 1.2507E-07 1.4107E-07 1.5021E-07 1.5056E-07 1.4153E-07 1.2338E-07 9.8135E-08 6.9355E-08 4.2127E-08 2.1235E-08 8.6816E-09 2.8910E-09 9.8834E-10 7.5257E-10 7.3701E-10 7.2422E-10 7.1137E-10 6.9848E-10 6.8554E-10 6.7259E-10 6.5962E-10 6.4664E-10 6.3368E-10 6.2073E-10 6.0782E-10 5.9494E-10 5.8213E-10 5.6937E-10 5.5670E-10 5.4410E-10 5.3161E-10 5.1923E-10 5.0696E-10 4.9481E-10 4.8279E-10 4.7090E-10 4.5916E-10 4.4756E-10 4.3611E-10 4.2481E-10 4.1367E-10 4.0269E-10 3.9187E-10 3.8122E-10 3.7073E-10 3.6042E-10 3.5027E-10 3.4030E-10 3.3051E-10 3.2089E-10 3.1145E-10 3.0219E-10 2.9311E-10 2.8421E-10
5.3710E-08 7.4141E-08 9.7629E-08 1.2224E-07 1.4466E-07 1.6111E-07 1.6851E-07 1.6482E-07 1.4969E-07 1.2447E-07 9.1582E-08 5.7733E-08 2.9707E-08 1.1892E-08 3.7722E-09 1.1299E-09 7.4875E-10 7.2528E-10 7.1267E-10 7.0001E-10 6.8730E-10 6.7455E-10 6.6178E-10 6.4901E-10 6.3622E-10 6.2345E-10 6.1070E-10 5.9798E-10 5.8531E-10 5.7269E-10 5.6014E-10 5.4766E-10 5.3528E-10 5.2299E-10 5.1081E-10 4.9874E-10 4.8679E-10 4.7497E-10 4.6328E-10 4.5173E-10 4.4033E-10 4.2907E-10 4.1796E-10 4.0700E-10 3.9620E-10 3.8556E-10 3.7508E-10 3.6477E-10 3.5463E-10 3.4465E-10 3.3484E-10 3.2521E-10 3.1575E-10 3.0647E-10 2.9736E-10 2.8842E-10 2.7967E-10
4.2115E-08 6.1200E-08 8.5326E-08 1.1274E-07 1.4118E-07 1.6606E-07 1.8240E-07 1.8661E-07 1.7714E-07 1.5370E-07 1.1889E-07 7.8181E-08 4.1635E-08 1.6904E-08 4.9645E-09 1.2380E-09 7.3307E-10 7.1348E-10 7.0105E-10 6.8857E-10 6.7605E-10 6.6349E-10 6.5092E-10 6.3833E-10 6.2574E-10 6.1316E-10 6.0062E-10 5.8810E-10 5.7562E-10 5.6321E-10 5.5086E-10 5.3859E-10 5.2641E-10 5.1433E-10 5.0235E-10 4.9048E-10 4.7874E-10 4.6712E-10 4.5563E-10 4.4428E-10 4.3306E-10 4.2199E-10 4.1107E-10 4.0030E-10 3.8968E-10 3.7922E-10 3.6892E-10 3.5879E-10 3.4881E-10 3.3900E-10 3.2936E-10 3.1989E-10 3.1059E-10 3.0146E-10 2.9250E-10 2.8372E-10 2.7511E-10
3.0134E-08 4.6291E-08 6.8291E-08 9.6570E-08 1.2910E-07 1.6206E-07 1.8962E-07 2.0542E-07 2.0506E-07 1.8707E-07 1.5239E-07 1.0600E-07 5.8895E-08 2.4303E-08 6.9303E-09 1.4457E-09 7.2809E-10 7.0161E-10 6.8937E-10 6.7707E-10 6.6474E-10 6.5237E-10 6.3999E-10 6.2760E-10 6.1521E-10 6.0283E-10 5.9048E-10 5.7817E-10 5.6590E-10 5.5369E-10 5.4154E-10 5.2948E-10 5.1751E-10 5.0563E-10 4.9386E-10 4.8220E-10 4.7066E-10 4.5924E-10 4.4795E-10 4.3679E-10 4.2577E-10 4.1490E-10 4.0416E-10 3.9358E-10 3.8314E-10 3.7286E-10 3.6274E-10 3.5278E-10 3.4297E-10 3.3333E-10 3.2386E-10 3.1455E-10 3.0540E-10 2.9643E-10 2.8763E-10 2.7899E-10 2.7053E-10
1.9313E-08 3.1230E-08 4.9145E-08 7.4415E-08 1.0738E-07 1.4612E-07 1.8496E-07 2.1670E-07 2.3190E-07 2.2472E-07 1.9401E-07 1.4431E-07 8.5589E-08 3.6450E-08 9.9369E-09 1.7711E-09 7.2869E-10 6.8968E-10 6.7762E-10 6.6552E-10 6.5338E-10 6.4121E-10 6.2902E-10 6.1682E-10 6.0463E-10 5.9246E-10 5.8031E-10 5.6820E-10 5.5614E-10 5.4413E-10 5.3220E-10 5.2035E-10 5.0858E-10 4.9691E-10 4.8535E-10 4.7389E-10 4.6255E-10 4.5134E-10 4.4025E-10 4.2929E-10 4.1846E-10 4.0778E-10 3.9723E-10 3.8684E-10 3.7658E-10 3.6648E-10 3.5654E-10 3.4675E-10 3.3712E-10 3.2765E-10 3.1833E-10 3.0919E-10 3.0021E-10 2.9139E-10 2.8274E-10 2.7425E-10 2.6594E-10
1.0870E-08 1.8392E-08 3.0694E-08 4.9765E-08 7.8009E-08 1.1635E-07 1.6344E-07 2.1140E-07 2.4916E-07 2.6345E-07 2.4655E-07 1.9845E-07 1.2791E-07 5.8466E-08 1.5788E-08 2.3559E-09 7.0374E-10 6.7770E-10 6.6583E-10 6.5392E-10 6.4197E-10 6.3000E-10 6.1801E-10 6.0601E-10 5.9402E-10 5.8205E-10 5.7011E-10 5.5820E-10 5.4635E-10 5.3456E-10 5.2283E-10 5.1119E-10 4.9963E-10 4.8818E-10 4.7682E-10 4.6557E-10 4.5443E-10 4.4342E-10 4.3253E-10 4.2177E-10 4.1114E-10 4.0064E-10 3.9029E-10 3.8008E-10 3.7001E-10 3.6009E-10 3.5032E-10 3.4071E-10 3.3125E-10 3.2195E-10 3.1280E-10 3.0382E-10 2.9499E-10 2.8633E-10 2.7784E-10 2.6950E-10 2.6133E-10
5.3784E-09 9.2436E-09 1.6026E-08 2.7782E-08 4.7387E-08 7.8307E-08 1.2345E-07 1.8079E-07 2.4148E-07 2.8817E-07 3.0199E-07 2.7126E-07 1.9818E-07 1.0107E-07 2.8316E-08 3.2803E-09 7.0958E-10 6.6568E-10 6.5401E-10 6.4229E-10 6.3054E-10 6.1876E-10 6.0697E-10 5.9517E-10 5.8339E-10 5.7162E-10 5.5989E-10 5.4819E-10 5.3655E-10 5.2497E-10 5.1345E-10 5.0202E-10 4.9068E-10 4.7943E-10 4.6828E-10 4.5723E-10 4.4630E-10 4.3549E-10 4.2480E-10 4.1424E-10 4.0380E-10 3.9350E-10 3.8334E-10 3.7331E-10 3.6343E-10 3.5369E-10 3.4410E-10 3.3466E-10 3.2537E-10 3.1624E-10 3.0726E-10 2.9844E-10 2.8977E-10 2.8127E-10 2.7293E-10 2.6474E-10 2.5672E-10
2.3983E-09 3.9416E-09 6.8809E-09 1.2490E-08 2.3134E-08 4.2317E-08 7.5385E-08 1.2692E-07 1.9784E-07 2.7443E-07 3.3361E-07 3.4761E-07 3.0149E-07 1.9081E-07 6.6922E-08 7.0182E-09 6.7684E-10 6.5364E-10 6.4216E-10 6.3063E-10 6.1907E-10 6.0750E-10 5.9591E-10 5.8432E-10 5.7274E-10 5.6118E-10 5.4965E-10 5.3817E-10 5.2673E-10 5.1536E-10 5.0407E-10 4.9285E-10 4.8171E-10 4.7067E-10 4.5973E-10 4.4890E-10 4.3817E-10 4.2756E-10 4.1707E-10 4.0670E-10 3.9646E-10 3.8635E-10 3.7638E-10 3.6654E-10 3.5684E-10 3.4728E-10 3.3787E-10 3.2860E-10 3.1949E-10 3.1052E-10 3.0171E-10 2.9305E-10 2.8455E-10 2.7620E-10 2.6801E-10 2.5998E-10 2.5211E-10
9.8341E-10 1.3296E-09 2.3062E-09 4.3910E-09 8.6793E-09 1.7426E-08 3.4976E-08 6.8677E-08 1.2653E-07 2.1238E-07 3.0872E-07 3.8284E-07 3.9769E-07 3.3793E-07 1.8621E-07 3.6602E-08 8.1482E-10 6.4158E-10 6.3029E-10 6.1896E-10 6.0760E-10 5.9622E-10 5.8484E-10 5.7345E-10 5.6208E-10 5.5073E-10 5.3942E-10 5.2814E-10 5.1692E-10 5.0576E-10 4.9468E-10 4.8367E-10 4.7275E-10 4.6192E-10 4.5119E-10 4.4056E-10 4.3004E-10 4.1963E-10 4.0934E-10 3.9917E-10 3.8912E-10 3.7921E-10 3.6942E-10 3.5977E-10 3.5025E-10 3.4087E-10 3.3164E-10 3.2255E-10 3.1360E-10 3.0481E-10 2.9616E-10 2.8767E-10 2.7932E-10 2.7113E-10 2.6310E-10 2.5521E-10 2.4749E-10
8.0280E-10 8.0439E-10 8.7738E-10 1.2837E-09 2.3723E-09 5.0118E-09 1.1253E-08 2.5710E-08 5.7711E-08 1.2104E-07 2.2121E-07 3.4634E-07 4.3450E-07 4.5320E-07 3.8891E-07 1.9047E-07 2.1638E-08 6.2950E-10 6.1841E-10 6.0728E-10 5.9612E-10 5.8494E-10 5.7377E-10 5.6259E-10 5.5142E-10 5.4029E-10 5.2918E-10 5.1812E-10 5.0711E-10 4.9617E-10 4.8530E-10 4.7450E-10 4.6379E-10 4.5317E-10 4.4265E-10 4.3223E-10 4.2191E-10 4.1171E-10 4.0162E-10 3.9164E-10 3.8179E-10 3.7206E-10 3.6247E-10 3.5300E-10 3.4367E-10 3.3447E-10 3.2541E-10 3.1650E-10 3.0772E-10 2.9910E-10 2.9062E-10 2.8228E-10 2.7410E-10 2.6606E-10 2.5818E-10 2.5045E-10 2.4287E-10
7.8791E-10 7.7908E-10 7.7005E-10 7.6084E-10 8.2153E-10 1.1251E-09 2.4602E-09 6.0411E-09 1.6226E-08 4.2579E-08 1.0204E-07 2.2077E-07 3.9039E-07 5.2114E-07 5.1590E-07 4.4388E-07 2.0534E-07 1.5315E-08 6.0653E-10 5.9560E-10 5.8464E-10 5.7368E-10 5.6270E-10 5.5173E-10 5.4078E-10 5.2985E-10 5.1896E-10 5.0811E-10 4.9732E-10 4.8659E-10 4.7593E-10 4.6535E-10 4.5485E-10 4.4444E-10 4.3413E-10 4.2391E-10 4.1380E-10 4.0379E-10 3.9390E-10 3.8413E-10 3.7447E-10 3.6493E-10 3.5552E-10 3.4624E-10 3.3709E-10 3.2807E-10 3.1919E-10 3.1045E-10 3.0185E-10 2.9339E-10 2.8508E-10 2.7691E-10 2.6888E-10 2.6100E-10 2.5327E-10 2.4569E-10 2.3826E-10
7.7299E-10 7.6429E-10 7.5541E-10 7.4634E-10 7.3710E-10 7.2769E-10 7.2563E-10 9.0884E-10 2.4596E-09 7.2674E-09 2.1680E-08 6.3420E-08 1.7624E-07 4.3907E-07 6.8410E-07 6.1996E-07 5.1274E-07 2.2252E-07 6.9098E-09 5.8394E-10 5.7318E-10 5.6242E-10 5.5165E-10 5.4089E-10 5.3015E-10 5.1943E-10 5.0876E-10 4.9812E-10 4.8755E-10 4.7703E-10 4.6659E-10 4.5622E-10 4.4593E-10 4.3573E-10 4.2562E-10 4.1561E-10 4.0570E-10 3.9590E-10 3.8620E-10 3.7662E-10 3.6716E-10 3.5781E-10 3.4859E-10 3.3950E-10 3.3053E-10 3.2169E-10 3.1299E-10 3.0442E-10 2.9599E-10 2.8770E-10 2.7955E-10 2.7154E-10 2.6367E-10 2.5595E-10 2.4837E-10 2.4094E-10 2.3366E-10
