Assets/Resources/2015_m01_d05_1700(utc+0800)_l00_csi_1hr_conc.grd
DSAA
         159         159
     -79.000      79.000
     -79.000      79.000
  0.3639E-10  0.1792E-05
[rows 0 to 24 of 159, columns 0 to 56 of 159]
5.0504E-09 5.2231E-09 5.4034E-09 5.5909E-09 5.7901E-09 5.9935E-09 6.2051E-09 6.4274E-09 6.6587E-09 6.8993E-09 7.1499E-09 7.4124E-09 7.6840E-09 7.9654E-09 8.2564E-09 8.5574E-09 8.8677E-09 9.1854E-09 9.5097E-09 9.8401E-09 1.0175E-08 1.0512E-08 1.0853E-08 1.1196E-08 1.1537E-08 1.1874E-08 1.2204E-08 1.2527E-08 1.2837E-08 1.3131E-08 1.3406E-08 1.3664E-08 1.3896E-08 1.4102E-08 1.4286E-08 1.4444E-08 1.4576E-08 1.4687E-08 1.4768E-08 1.4828E-08 1.4862E-08 1.4875E-08 1.4871E-08 1.4848E-08 1.4823E-08 1.4787E-08 1.4754E-08 1.4728E-08 1.4706E-08 1.4710E-08 1.4725E-08 1.4768E-08 1.4845E-08 1.4968E-08 1.5134E-08 1.5374E-08 1.5658E-08
5.1331E-09 5.3105E-09 5.4954E-09 5.6882E-09 5.8944E-09 6.1036E-09 6.3187E-09 6.5482E-09 6.7864E-09 7.0352E-09 7.2942E-09 7.5659E-09 7.8451E-09 8.1366E-09 8.4381E-09 8.7502E-09 9.0724E-09 9.4024E-09 9.7400E-09 1.0083E-08 1.0432E-08 1.0785E-08 1.1140E-08 1.1498E-08 1.1854E-08 1.2205E-08 1.2550E-08 1.2887E-08 1.3211E-08 1.3518E-08 1.3807E-08 1.4078E-08 1.4324E-08 1.4542E-08 1.4737E-08 1.4907E-08 1.5046E-08 1.5167E-08 1.5256E-08 1.5323E-08 1.5365E-08 1.5385E-08 1.5388E-08 1.5373E-08 1.5355E-08 1.5330E-08 1.5311E-08 1.5298E-08 1.5290E-08 1.5312E-08 1.5351E-08 1.5416E-08 1.5524E-08 1.5686E-08 1.5897E-08 1.6186E-08 1.6522E-08
5.2098E-09 5.3907E-09 5.5803E-09 5.7776E-09 5.9897E-09 6.2045E-09 6.4288E-09 6.6650E-09 6.9089E-09 7.1648E-09 7.4319E-09 7.7121E-09 8.0024E-09 8.3039E-09 8.6119E-09 8.9348E-09 9.2685E-09 9.6107E-09 9.9605E-09 1.0317E-08 1.0677E-08 1.1043E-08 1.1412E-08 1.1783E-08 1.2153E-08 1.2518E-08 1.2877E-08 1.3229E-08 1.3567E-08 1.3889E-08 1.4192E-08 1.4476E-08 1.4734E-08 1.4964E-08 1.5171E-08 1.5350E-08 1.5499E-08 1.5628E-08 1.5723E-08 1.5799E-08 1.5847E-08 1.5874E-08 1.5886E-08 1.5878E-08 1.5872E-08 1.5856E-08 1.5847E-08 1.5848E-08 1.5855E-08 1.5896E-08 1.5955E-08 1.6048E-08 1.6188E-08 1.6389E-08 1.6643E-08 1.6982E-08 1.7371E-08
5.2848E-09 5.4700E-09 5.6628E-09 5.8651E-09 6.0783E-09 6.2982E-09 6.5285E-09 6.7708E-09 7.0214E-09 7.2844E-09 7.5588E-09 7.8473E-09 8.1463E-09 8.4564E-09 8.7780E-09 9.1111E-09 9.4550E-09 9.8079E-09 1.0170E-08 1.0538E-08 1.0913E-08 1.1291E-08 1.1669E-08 1.2054E-08 1.2437E-08 1.2816E-08 1.3188E-08 1.3554E-08 1.3903E-08 1.4239E-08 1.4554E-08 1.4851E-08 1.5120E-08 1.5362E-08 1.5579E-08 1.5768E-08 1.5926E-08 1.6064E-08 1.6168E-08 1.6251E-08 1.6307E-08 1.6341E-08 1.6360E-08 1.6360E-08 1.6363E-08 1.6358E-08 1.6360E-08 1.6376E-08 1.6398E-08 1.6457E-08 1.6540E-08 1.6657E-08 1.6829E-08 1.7070E-08 1.7365E-08 1.7750E-08 1.8192E-08
5.3500E-09 5.5385E-09 5.7355E-09 5.9421E-09 6.1637E-09 6.3889E-09 6.6234E-09 6.8711E-09 7.1295E-09 7.3989E-09 7.6803E-09 7.9759E-09 8.2799E-09 8.5975E-09 8.9283E-09 9.2709E-09 9.6251E-09 9.9889E-09 1.0362E-08 1.0742E-08 1.1128E-08 1.1518E-08 1.1912E-08 1.2309E-08 1.2704E-08 1.3095E-08 1.3480E-08 1.3859E-08 1.4223E-08 1.4570E-08 1.4894E-08 1.5203E-08 1.5484E-08 1.5737E-08 1.5964E-08 1.6162E-08 1.6327E-08 1.6473E-08 1.6585E-08 1.6676E-08 1.6738E-08 1.6779E-08 1.6807E-08 1.6815E-08 1.6830E-08 1.6833E-08 1.6846E-08 1.6876E-08 1.6914E-08 1.6993E-08 1.7096E-08 1.7241E-08 1.7446E-08 1.7725E-08 1.8059E-08 1.8488E-08 1.8983E-08
5.4108E-09 5.6017E-09 5.8011E-09 6.0116E-09 6.2376E-09 6.4669E-09 6.7068E-09 6.9599E-09 7.2236E-09 7.4984E-09 7.7863E-09 8.0894E-09 8.4036E-09 8.7301E-09 9.0685E-09 9.4198E-09 9.7853E-09 1.0159E-08 1.0542E-08 1.0932E-08 1.1326E-08 1.1727E-08 1.2132E-08 1.2540E-08 1.2947E-08 1.3350E-08 1.3746E-08 1.4137E-08 1.4513E-08 1.4872E-08 1.5210E-08 1.5530E-08 1.5821E-08 1.6084E-08 1.6320E-08 1.6529E-08 1.6703E-08 1.6857E-08 1.6976E-08 1.7070E-08 1.7141E-08 1.7188E-08 1.7224E-08 1.7241E-08 1.7263E-08 1.7278E-08 1.7302E-08 1.7348E-08 1.7399E-08 1.7495E-08 1.7624E-08 1.7794E-08 1.8028E-08 1.8344E-08 1.8718E-08 1.9190E-08 1.9733E-08
5.4641E-09 5.6581E-09 5.8613E-09 6.0754E-09 6.3052E-09 6.5384E-09 6.7824E-09 7.0400E-09 7.3087E-09 7.5882E-09 7.8805E-09 8.1896E-09 8.5105E-09 8.8445E-09 9.1912E-09 9.5507E-09 9.9246E-09 1.0307E-08 1.0699E-08 1.1100E-08 1.1507E-08 1.1919E-08 1.2333E-08 1.2752E-08 1.3170E-08 1.3585E-08 1.3992E-08 1.4393E-08 1.4777E-08 1.5145E-08 1.5494E-08 1.5825E-08 1.6126E-08 1.6398E-08 1.6643E-08 1.6860E-08 1.7043E-08 1.7203E-08 1.7330E-08 1.7435E-08 1.7511E-08 1.7566E-08 1.7610E-08 1.7635E-08 1.7667E-08 1.7693E-08 1.7727E-08 1.7783E-08 1.7851E-08 1.7966E-08 1.8115E-08 1.8314E-08 1.8579E-08 1.8927E-08 1.9338E-08 1.9851E-08 2.0442E-08
5.5098E-09 5.7076E-09 5.9131E-09 6.1306E-09 6.3639E-09 6.6003E-09 6.8479E-09 7.1094E-09 7.3824E-09 7.6667E-09 7.9650E-09 8.2798E-09 8.6066E-09 8.9463E-09 9.2997E-09 9.6663E-09 1.0048E-08 1.0438E-08 1.0838E-08 1.1247E-08 1.1663E-08 1.2084E-08 1.2508E-08 1.2936E-08 1.3364E-08 1.3787E-08 1.4205E-08 1.4615E-08 1.5012E-08 1.5391E-08 1.5749E-08 1.6089E-08 1.6401E-08 1.6682E-08 1.6935E-08 1.7161E-08 1.7348E-08 1.7514E-08 1.7648E-08 1.7758E-08 1.7843E-08 1.7905E-08 1.7957E-08 1.7990E-08 1.8029E-08 1.8068E-08 1.8113E-08 1.8185E-08 1.8268E-08 1.8399E-08 1.8573E-08 1.8796E-08 1.9087E-08 1.9469E-08 1.9918E-08 2.0469E-08 2.1102E-08
5.5488E-09 5.7486E-09 5.9563E-09 6.1762E-09 6.4123E-09 6.6517E-09 6.9023E-09 7.1669E-09 7.4439E-09 7.7330E-09 8.0356E-09 8.3548E-09 8.6868E-09 9.0325E-09 9.3917E-09 9.7642E-09 1.0152E-08 1.0549E-08 1.0957E-08 1.1374E-08 1.1798E-08 1.2227E-08 1.2659E-08 1.3095E-08 1.3531E-08 1.3963E-08 1.4388E-08 1.4807E-08 1.5213E-08 1.5600E-08 1.5967E-08 1.6315E-08 1.6635E-08 1.6925E-08 1.7186E-08 1.7418E-08 1.7616E-08 1.7790E-08 1.7929E-08 1.8048E-08 1.8139E-08 1.8209E-08 1.8269E-08 1.8310E-08 1.8359E-08 1.8403E-08 1.8459E-08 1.8542E-08 1.8642E-08 1.8793E-08 1.8986E-08 1.9237E-08 1.9557E-08 1.9970E-08 2.0451E-08 2.1043E-08 2.1716E-08
5.5810E-09 5.7822E-09 5.9918E-09 6.2138E-09 6.4525E-09 6.6939E-09 6.9466E-09 7.2141E-09 7.4939E-09 7.7862E-09 8.0920E-09 8.4152E-09 8.7515E-09 9.1013E-09 9.4651E-09 9.8426E-09 1.0236E-08 1.0640E-08 1.1055E-08 1.1478E-08 1.1908E-08 1.2344E-08 1.2783E-08 1.3226E-08 1.3669E-08 1.4109E-08 1.4540E-08 1.4967E-08 1.5380E-08 1.5776E-08 1.6150E-08 1.6505E-08 1.6832E-08 1.7128E-08 1.7396E-08 1.7635E-08 1.7839E-08 1.8020E-08 1.8166E-08 1.8290E-08 1.8389E-08 1.8466E-08 1.8533E-08 1.8583E-08 1.8639E-08 1.8698E-08 1.8763E-08 1.8864E-08 1.8978E-08 1.9147E-08 1.9362E-08 1.9634E-08 1.9980E-08 2.0420E-08 2.0937E-08 2.1565E-08 2.2277E-08
5.6061E-09 5.8087E-09 6.0200E-09 6.2428E-09 6.4834E-09 6.7261E-09 6.9807E-09 7.2500E-09 7.5318E-09 7.8266E-09 8.1352E-09 8.4610E-09 8.8006E-09 9.1542E-09 9.5216E-09 9.9030E-09 1.0301E-08 1.0709E-08 1.1128E-08 1.1557E-08 1.1993E-08 1.2434E-08 1.2879E-08 1.3327E-08 1.3776E-08 1.4221E-08 1.4660E-08 1.5092E-08 1.5511E-08 1.5913E-08 1.6294E-08 1.6655E-08 1.6988E-08 1.7291E-08 1.7565E-08 1.7810E-08 1.8021E-08 1.8207E-08 1.8359E-08 1.8491E-08 1.8596E-08 1.8680E-08 1.8754E-08 1.8811E-08 1.8878E-08 1.8944E-08 1.9023E-08 1.9133E-08 1.9264E-08 1.9453E-08 1.9686E-08 1.9984E-08 2.0357E-08 2.0831E-08 2.1377E-08 2.2038E-08 2.2789E-08
5.6247E-09 5.8281E-09 6.0397E-09 6.2636E-09 6.5056E-09 6.7493E-09 7.0051E-09 7.2752E-09 7.5582E-09 7.8547E-09 8.1651E-09 8.4931E-09 8.8348E-09 9.1899E-09 9.5598E-09 9.9440E-09 1.0345E-08 1.0757E-08 1.1180E-08 1.1612E-08 1.2052E-08 1.2498E-08 1.2947E-08 1.3399E-08 1.3852E-08 1.4301E-08 1.4744E-08 1.5180E-08 1.5605E-08 1.6011E-08 1.6397E-08 1.6763E-08 1.7101E-08 1.7410E-08 1.7689E-08 1.7941E-08 1.8156E-08 1.8349E-08 1.8507E-08 1.8643E-08 1.8756E-08 1.8845E-08 1.8928E-08 1.8993E-08 1.9067E-08 1.9146E-08 1.9233E-08 1.9362E-08 1.9506E-08 1.9711E-08 1.9968E-08 2.0286E-08 2.0683E-08 2.1185E-08 2.1766E-08 2.2458E-08 2.3244E-08
5.6350E-09 5.8388E-09 6.0507E-09 6.2751E-09 6.5175E-09 6.7621E-09 7.0184E-09 7.2889E-09 7.5727E-09 7.8700E-09 8.1813E-09 8.5096E-09 8.8525E-09 9.2097E-09 9.5811E-09 9.9664E-09 1.0369E-08 1.0783E-08 1.1208E-08 1.1643E-08 1.2085E-08 1.2534E-08 1.2985E-08 1.3440E-08 1.3895E-08 1.4347E-08 1.4793E-08 1.5233E-08 1.5660E-08 1.6070E-08 1.6460E-08 1.6830E-08 1.7172E-08 1.7485E-08 1.7769E-08 1.8024E-08 1.8245E-08 1.8443E-08 1.8606E-08 1.8748E-08 1.8866E-08 1.8963E-08 1.9053E-08 1.9127E-08 1.9211E-08 1.9297E-08 1.9397E-08 1.9537E-08 1.9698E-08 1.9923E-08 2.0197E-08 2.0542E-08 2.0965E-08 2.1497E-08 2.2105E-08 2.2833E-08 2.3651E-08
5.6381E-09 5.8417E-09 6.0529E-09 6.2780E-09 6.5199E-09 6.7642E-09 7.0202E-09 7.2907E-09 7.5741E-09 7.8713E-09 8.1826E-09 8.5116E-09 8.8542E-09 9.2115E-09 9.5832E-09 9.9693E-09 1.0373E-08 1.0787E-08 1.1213E-08 1.1648E-08 1.2092E-08 1.2542E-08 1.2995E-08 1.3451E-08 1.3907E-08 1.4360E-08 1.4807E-08 1.5248E-08 1.5677E-08 1.6090E-08 1.6481E-08 1.6854E-08 1.7199E-08 1.7515E-08 1.7801E-08 1.8062E-08 1.8286E-08 1.8488E-08 1.8658E-08 1.8804E-08 1.8928E-08 1.9030E-08 1.9128E-08 1.9209E-08 1.9301E-08 1.9401E-08 1.9510E-08 1.9666E-08 1.9843E-08 2.0082E-08 2.0381E-08 2.0747E-08 2.1195E-08 2.1754E-08 2.2396E-08 2.3155E-08 2.4008E-08
5.6338E-09 5.8365E-09 6.0474E-09 6.2713E-09 6.5125E-09 6.7565E-09 7.0112E-09 7.2805E-09 7.5631E-09 7.8593E-09 8.1697E-09 8.4974E-09 8.8390E-09 9.1956E-09 9.5666E-09 9.9518E-09 1.0354E-08 1.0768E-08 1.1193E-08 1.1628E-08 1.2072E-08 1.2521E-08 1.2974E-08 1.3430E-08 1.3887E-08 1.4339E-08 1.4786E-08 1.5227E-08 1.5656E-08 1.6069E-08 1.6462E-08 1.6836E-08 1.7183E-08 1.7500E-08 1.7790E-08 1.8052E-08 1.8280E-08 1.8486E-08 1.8658E-08 1.8810E-08 1.8939E-08 1.9048E-08 1.9153E-08 1.9242E-08 1.9344E-08 1.9451E-08 1.9574E-08 1.9741E-08 1.9934E-08 2.0195E-08 2.0511E-08 2.0904E-08 2.1378E-08 2.1969E-08 2.2639E-08 2.3431E-08 2.4318E-08
5.6224E-09 5.8242E-09 6.0336E-09 6.2565E-09 6.4964E-09 6.7387E-09 6.9918E-09 7.2591E-09 7.5398E-09 7.8341E-09 8.1427E-09 8.4683E-09 8.8079E-09 9.1621E-09 9.5312E-09 9.9141E-09 1.0314E-08 1.0726E-08 1.1149E-08 1.1583E-08 1.2024E-08 1.2472E-08 1.2923E-08 1.3377E-08 1.3832E-08 1.4283E-08 1.4727E-08 1.5167E-08 1.5595E-08 1.6007E-08 1.6400E-08 1.6774E-08 1.7122E-08 1.7440E-08 1.7730E-08 1.7996E-08 1.8226E-08 1.8434E-08 1.8611E-08 1.8766E-08 1.8901E-08 1.9015E-08 1.9127E-08 1.9224E-08 1.9333E-08 1.9454E-08 1.9586E-08 1.9770E-08 1.9978E-08 2.0256E-08 2.0599E-08 2.1011E-08 2.1513E-08 2.2129E-08 2.2836E-08 2.3660E-08 2.4583E-08
5.6033E-09 5.8036E-09 6.0116E-09 6.2320E-09 6.4703E-09 6.7103E-09 6.9613E-09 7.2265E-09 7.5047E-09 7.7963E-09 8.1019E-09 8.4245E-09 8.7609E-09 9.1121E-09 9.4779E-09 9.8568E-09 1.0254E-08 1.0662E-08 1.1081E-08 1.1511E-08 1.1949E-08 1.2393E-08 1.2841E-08 1.3292E-08 1.3745E-08 1.4192E-08 1.4633E-08 1.5069E-08 1.5495E-08 1.5905E-08 1.6295E-08 1.6669E-08 1.7016E-08 1.7334E-08 1.7624E-08 1.7890E-08 1.8122E-08 1.8333E-08 1.8512E-08 1.8672E-08 1.8811E-08 1.8931E-08 1.9049E-08 1.9154E-08 1.9274E-08 1.9403E-08 1.9549E-08 1.9744E-08 1.9971E-08 2.0270E-08 2.0631E-08 2.1072E-08 2.1599E-08 2.2252E-08 2.2985E-08 2.3846E-08 2.4804E-08
5.5766E-09 5.7754E-09 5.9810E-09 6.1995E-09 6.4352E-09 6.6722E-09 6.9203E-09 7.1825E-09 7.4574E-09 7.7454E-09 8.0469E-09 8.3657E-09 8.6981E-09 9.0447E-09 9.4059E-09 9.7807E-09 1.0173E-08 1.0576E-08 1.0991E-08 1.1416E-08 1.1849E-08 1.2288E-08 1.2731E-08 1.3177E-08 1.3624E-08 1.4066E-08 1.4503E-08 1.4934E-08 1.5355E-08 1.5761E-08 1.6149E-08 1.6519E-08 1.6865E-08 1.7181E-08 1.7471E-08 1.7738E-08 1.7970E-08 1.8183E-08 1.8365E-08 1.8527E-08 1.8671E-08 1.8795E-08 1.8920E-08 1.9033E-08 1.9160E-08 1.9303E-08 1.9459E-08 1.9672E-08 1.9915E-08 2.0232E-08 2.0620E-08 2.1085E-08 2.1641E-08 2.2321E-08 2.3093E-08 2.3985E-08 2.4982E-08
5.5433E-09 5.7396E-09 5.9425E-09 6.1580E-09 6.3908E-09 6.6244E-09 6.8690E-09 7.1275E-09 7.3983E-09 7.6820E-09 7.9787E-09 8.2925E-09 8.6198E-09 8.9613E-09 9.3165E-09 9.6854E-09 1.0072E-08 1.0469E-08 1.0877E-08 1.1295E-08 1.1722E-08 1.2155E-08 1.2591E-08 1.3031E-08 1.3472E-08 1.3909E-08 1.4339E-08 1.4764E-08 1.5179E-08 1.5580E-08 1.5963E-08 1.6329E-08 1.6670E-08 1.6985E-08 1.7271E-08 1.7537E-08 1.7769E-08 1.7983E-08 1.8166E-08 1.8332E-08 1.8478E-08 1.8608E-08 1.8740E-08 1.8861E-08 1.8999E-08 1.9149E-08 1.9318E-08 1.9545E-08 1.9808E-08 2.0148E-08 2.0556E-08 2.1050E-08 2.1635E-08 2.2352E-08 2.3155E-08 2.4089E-08 2.5118E-08
5.5025E-09 5.6966E-09 5.8961E-09 6.1089E-09 6.3374E-09 6.5673E-09 6.8077E-09 7.0617E-09 7.3281E-09 7.6064E-09 7.8976E-09 8.2056E-09 8.5270E-09 8.8619E-09 9.2102E-09 9.5721E-09 9.9513E-09 1.0341E-08 1.0742E-08 1.1152E-08 1.1571E-08 1.1995E-08 1.2424E-08 1.2856E-08 1.3290E-08 1.3719E-08 1.4141E-08 1.4559E-08 1.4966E-08 1.5360E-08 1.5736E-08 1.6097E-08 1.6435E-08 1.6745E-08 1.7029E-08 1.7293E-08 1.7524E-08 1.7737E-08 1.7921E-08 1.8088E-08 1.8238E-08 1.8372E-08 1.8510E-08 1.8639E-08 1.8784E-08 1.8947E-08 1.9128E-08 1.9373E-08 1.9653E-08 2.0012E-08 2.0449E-08 2.0969E-08 2.1587E-08 2.2335E-08 2.3176E-08 2.4143E-08 2.5218E-08
5.4550E-09 5.6463E-09 5.8422E-09 6.0512E-09 6.2756E-09 6.5010E-09 6.7369E-09 6.9860E-09 7.2469E-09 7.5192E-09 7.8042E-09 8.1055E-09 8.4198E-09 8.7474E-09 9.0880E-09 9.4418E-09 9.8124E-09 1.0194E-08 1.0586E-08 1.0987E-08 1.1396E-08 1.1811E-08 1.2231E-08 1.2654E-08 1.3078E-08 1.3498E-08 1.3912E-08 1.4320E-08 1.4719E-08 1.5104E-08 1.5473E-08 1.5828E-08 1.6159E-08 1.6464E-08 1.6743E-08 1.7004E-08 1.7232E-08 1.7444E-08 1.7628E-08 1.7795E-08 1.7950E-08 1.8089E-08 1.8233E-08 1.8368E-08 1.8524E-08 1.8696E-08 1.8891E-08 1.9150E-08 1.9450E-08 1.9832E-08 2.0291E-08 2.0842E-08 2.1490E-08 2.2276E-08 2.3153E-08 2.4162E-08 2.5273E-08
5.4005E-09 5.5889E-09 5.7811E-09 5.9864E-09 6.2057E-09 6.4263E-09 6.6568E-09 6.9002E-09 7.1553E-09 7.4210E-09 7.6990E-09 7.9929E-09 8.2995E-09 8.6185E-09 8.9505E-09 9.2952E-09 9.6565E-09 1.0028E-08 1.0410E-08 1.0800E-08 1.1199E-08 1.1604E-08 1.2013E-08 1.2425E-08 1.2839E-08 1.3249E-08 1.3653E-08 1.4051E-08 1.4439E-08 1.4815E-08 1.5175E-08 1.5521E-08 1.5845E-08 1.6143E-08 1.6417E-08 1.6674E-08 1.6899E-08 1.7108E-08 1.7292E-08 1.7461E-08 1.7618E-08 1.7759E-08 1.7909E-08 1.8052E-08 1.8214E-08 1.8399E-08 1.8605E-08 1.8884E-08 1.9201E-08 1.9604E-08 2.0090E-08 2.0670E-08 2.1352E-08 2.2172E-08 2.3088E-08 2.4135E-08 2.5293E-08
5.3377E-09 5.5245E-09 5.7129E-09 5.9135E-09 6.1279E-09 6.3432E-09 6.5679E-09 6.8054E-09 7.0536E-09 7.3124E-09 7.5827E-09 7.8685E-09 8.1664E-09 8.4762E-09 8.7987E-09 9.1334E-09 9.4842E-09 9.8451E-09 1.0215E-08 1.0595E-08 1.0982E-08 1.1375E-08 1.1772E-08 1.2172E-08 1.2575E-08 1.2973E-08 1.3365E-08 1.3751E-08 1.4129E-08 1.4494E-08 1.4844E-08 1.5179E-08 1.5495E-08 1.5786E-08 1.6053E-08 1.6304E-08 1.6525E-08 1.6731E-08 1.6914E-08 1.7083E-08 1.7241E-08 1.7387E-08 1.7542E-08 1.7691E-08 1.7861E-08 1.8055E-08 1.8275E-08 1.8567E-08 1.8905E-08 1.9331E-08 1.9844E-08 2.0454E-08 2.1169E-08 2.2025E-08 2.2977E-08 2.4068E-08 2.5267E-08
5.2710E-09 5.4535E-09 5.6381E-09 5.8339E-09 6.0429E-09 6.2526E-09 6.4712E-09 6.7017E-09 6.9429E-09 7.1939E-09 7.4563E-09 7.7331E-09 8.0215E-09 8.3215E-09 8.6336E-09 8.9575E-09 9.2972E-09 9.6460E-09 1.0004E-08 1.0371E-08 1.0746E-08 1.1126E-08 1.1510E-08 1.1897E-08 1.2287E-08 1.2673E-08 1.3052E-08 1.3426E-08 1.3791E-08 1.4144E-08 1.4482E-08 1.4806E-08 1.5112E-08 1.5394E-08 1.5654E-08 1.5899E-08 1.6115E-08 1.6317E-08 1.6499E-08 1.6667E-08 1.6826E-08 1.6975E-08 1.7134E-08 1.7287E-08 1.7464E-08 1.7670E-08 1.7901E-08 1.8211E-08 1.8565E-08 1.9012E-08 1.9553E-08 2.0194E-08 2.0940E-08 2.1833E-08 2.2827E-08 2.3955E-08 2.5204E-08
5.1966E-09 5.3743E-09 5.5563E-09 5.7472E-09 5.9504E-09 6.1542E-09 6.3664E-09 6.5900E-09 6.8232E-09 7.0662E-09 7.3199E-09 7.5878E-09 7.8660E-09 8.1554E-09 8.4565E-09 8.7689E-09 9.0964E-09 9.4325E-09 9.7777E-09 1.0131E-08 1.0492E-08 1.0858E-08 1.1228E-08 1.1602E-08 1.1978E-08 1.2349E-08 1.2715E-08 1.3075E-08 1.3428E-08 1.3767E-08 1.4092E-08 1.4405E-08 1.4699E-08 1.4972E-08 1.5222E-08 1.5460E-08 1.5670E-08 1.5869E-08 1.6047E-08 1.6213E-08 1.6374E-08 1.6525E-08 1.6685E-08 1.6844E-08 1.7026E-08 1.7241E-08 1.7485E-08 1.7807E-08 1.8182E-08 1.8653E-08 1.9218E-08 1.9888E-08 2.0669E-08 2.1596E-08 2.2630E-08 2.3804E-08 2.5090E-08
