Assets/Resources/2015_m01_d22_1400(utc+0800)_l00_csi_1hr_conc.grd
DSAA
         159         159
     -79.000      79.000
     -79.000      79.000
  0.0000E+00  0.8771E-06
[rows 25 to 49 of 159, columns 0 to 56 of 159]
0.0000E+00 0.0000E+00 0.0000E+00 0.0000E+00 0.0000E+00 0.0000E+00 0.0000E+00 0.0000E+00 0.0000E+00 0.0000E+00 0.0000E+00 0.0000E+00 0.0000E+00 0.0000E+00 0.0000E+00 2.5248E-12 7.7354E-12 1.2911E-11 3.0429E-11 4.3250E-11 6.1889E-11 9.5162E-11 1.2095E-10 1.5986E-10 1.9371E-10 2.3727E-10 2.9545E-10 3.4800E-10 4.3126E-10 5.1387E-10 6.2019E-10 7.4248E-10 8.8117E-10 1.0657E-09 1.2511E-09 1.4759E-09 1.7244E-09 2.0242E-09 2.3756E-09 2.7748E-09 3.2475E-09 3.7900E-09 4.4110E-09 5.1318E-09 5.9488E-09 6.8875E-09 7.9421E-09 9.1158E-09 1.0425E-08 1.1866E-08 1.3441E-08 1.5145E-08 1.6970E-08 1.8902E-08 2.0916E-08 2.2989E-08 2.5087E-08
0.0000E+00 0.0000E+00 0.0000E+00 0.0000E+00 0.0000E+00 0.0000E+00 0.0000E+00 0.0000E+00 0.0000E+00 0.0000E+00 0.0000E+00 0.0000E+00 0.0000E+00 0.0000E+00 0.0000E+00 1.5547E-12 7.6682E-12 1.0539E-11 3.0294E-11 4.3043E-11 6.1505E-11 9.4288E-11 1.2005E-10 1.5942E-10 1.9332E-10 2.3434E-10 2.9307E-10 3.4756E-10 4.3084E-10 5.1315E-10 6.1819E-10 7.4253E-10 8.7933E-10 1.0648E-09 1.2514E-09 1.4773E-09 1.7264E-09 2.0287E-09 2.3836E-09 2.7868E-09 3.2651E-09 3.8165E-09 4.4493E-09 5.1835E-09 6.0185E-09 6.9804E-09 8.0604E-09 9.2682E-09 1.0616E-08 1.2104E-08 1.3734E-08 1.5502E-08 1.7398E-08 1.9405E-08 2.1504E-08 2.3671E-08 2.5870E-08
0.0000E+00 0.0000E+00 0.0000E+00 0.0000E+00 0.0000E+00 0.0000E+00 0.0000E+00 0.0000E+00 0.0000E+00 0.0000E+00 0.0000E+00 0.0000E+00 0.0000E+00 0.0000E+00 0.0000E+00 1.5380E-12 5.4129E-12 1.0434E-11 2.8005E-11 4.1791E-11 6.0906E-11 9.3724E-11 1.1868E-10 1.5753E-10 1.9184E-10 2.3245E-10 2.9193E-10 3.4558E-10 4.2923E-10 5.1107E-10 6.1457E-10 7.3770E-10 8.7474E-10 1.0588E-09 1.2452E-09 1.4703E-09 1.7190E-09 2.0222E-09 2.3777E-09 2.7818E-09 3.2631E-09 3.8192E-09 4.4589E-09 5.2011E-09 6.0466E-09 7.0263E-09 8.1250E-09 9.3576E-09 1.0737E-08 1.2263E-08 1.3939E-08 1.5758E-08 1.7715E-08 1.9794E-08 2.1971E-08 2.4219E-08 2.6502E-08
0.0000E+00 0.0000E+00 0.0000E+00 0.0000E+00 0.0000E+00 0.0000E+00 0.0000E+00 0.0000E+00 0.0000E+00 0.0000E+00 0.0000E+00 0.0000E+00 0.0000E+00 0.0000E+00 0.0000E+00 1.5196E-12 5.3494E-12 9.7344E-12 2.6522E-11 3.9918E-11 6.0096E-11 9.2906E-11 1.1748E-10 1.5619E-10 1.8931E-10 2.3043E-10 2.8934E-10 3.4212E-10 4.2642E-10 5.0480E-10 6.0882E-10 7.3083E-10 8.6604E-10 1.0484E-09 1.2330E-09 1.4556E-09 1.7026E-09 2.0128E-09 2.3561E-09 2.7604E-09 3.2400E-09 3.7958E-09 4.4373E-09 5.1833E-09 6.0331E-09 7.0223E-09 8.1310E-09 9.3813E-09 1.0783E-08 1.2338E-08 1.4048E-08 1.5912E-08 1.7921E-08 2.0057E-08 2.2300E-08 2.4618E-08 2.6978E-08
0.0000E+00 0.0000E+00 0.0000E+00 0.0000E+00 0.0000E+00 0.0000E+00 0.0000E+00 0.0000E+00 0.0000E+00 0.0000E+00 0.0000E+00 0.0000E+00 0.0000E+00 0.0000E+00 0.0000E+00 1.4998E-12 4.2706E-12 8.7011E-12 1.6372E-11 3.8814E-11 5.7549E-11 9.1836E-11 1.1595E-10 1.5440E-10 1.8640E-10 2.2671E-10 2.8502E-10 3.3808E-10 4.2131E-10 4.9984E-10 5.9993E-10 7.2078E-10 8.5414E-10 1.0333E-09 1.2158E-09 1.4342E-09 1.6768E-09 1.9834E-09 2.3214E-09 2.7215E-09 3.1965E-09 3.7485E-09 4.3856E-09 5.1273E-09 5.9757E-09 6.9648E-09 8.0777E-09 9.3371E-09 1.0750E-08 1.2324E-08 1.4060E-08 1.5955E-08 1.8002E-08 2.0185E-08 2.2483E-08 2.4863E-08 2.7291E-08
0.0000E+00 0.0000E+00 0.0000E+00 0.0000E+00 0.0000E+00 0.0000E+00 0.0000E+00 0.0000E+00 0.0000E+00 0.0000E+00 0.0000E+00 0.0000E+00 0.0000E+00 0.0000E+00 0.0000E+00 9.0633E-13 3.1640E-12 8.5811E-12 1.6160E-11 3.8146E-11 5.6341E-11 8.7616E-11 1.1122E-10 1.4950E-10 1.8401E-10 2.2232E-10 2.8154E-10 3.3321E-10 4.1134E-10 4.8510E-10 5.8749E-10 7.0723E-10 8.3985E-10 1.0139E-09 1.1926E-09 1.4057E-09 1.6438E-09 1.9356E-09 2.2748E-09 2.6656E-09 3.1325E-09 3.6747E-09 4.3025E-09 5.0341E-09 5.8740E-09 6.8573E-09 7.9649E-09 9.2209E-09 1.0638E-08 1.2218E-08 1.3967E-08 1.5881E-08 1.7957E-08 2.0176E-08 2.2515E-08 2.4943E-08 2.7422E-08
0.0000E+00 0.0000E+00 0.0000E+00 0.0000E+00 0.0000E+00 0.0000E+00 0.0000E+00 0.0000E+00 0.0000E+00 0.0000E+00 0.0000E+00 0.0000E+00 0.0000E+00 0.0000E+00 0.0000E+00 0.0000E+00 2.5616E-12 7.9073E-12 1.3780E-11 3.7438E-11 5.4941E-11 8.4487E-11 1.0689E-10 1.4499E-10 1.8069E-10 2.1756E-10 2.7703E-10 3.2800E-10 4.0484E-10 4.7512E-10 5.7455E-10 6.9216E-10 8.2176E-10 9.9075E-10 1.1643E-09 1.3726E-09 1.6028E-09 1.8859E-09 2.2147E-09 2.5955E-09 3.0491E-09 3.5776E-09 4.1910E-09 4.9048E-09 5.7301E-09 6.6980E-09 7.7916E-09 9.0354E-09 1.0443E-08 1.2020E-08 1.3770E-08 1.5691E-08 1.7781E-08 2.0020E-08 2.2387E-08 2.4853E-08 2.7373E-08
0.0000E+00 0.0000E+00 0.0000E+00 0.0000E+00 0.0000E+00 0.0000E+00 0.0000E+00 0.0000E+00 0.0000E+00 0.0000E+00 0.0000E+00 0.0000E+00 0.0000E+00 0.0000E+00 0.0000E+00 0.0000E+00 1.5641E-12 7.7774E-12 1.3035E-11 3.3944E-11 5.2426E-11 7.9813E-11 1.0378E-10 1.3194E-10 1.7533E-10 2.1221E-10 2.7055E-10 3.2186E-10 3.9609E-10 4.6447E-10 5.5229E-10 6.7381E-10 7.9919E-10 9.6228E-10 1.1320E-09 1.3331E-09 1.5537E-09 1.8272E-09 2.1424E-09 2.5102E-09 2.9472E-09 3.4584E-09 4.0531E-09 4.7456E-09 5.5472E-09 6.4899E-09 7.5620E-09 8.7832E-09 1.0171E-08 1.1731E-08 1.3467E-08 1.5380E-08 1.7471E-08 1.9717E-08 2.2102E-08 2.4588E-08 2.7135E-08
0.0000E+00 0.0000E+00 0.0000E+00 0.0000E+00 0.0000E+00 0.0000E+00 0.0000E+00 0.0000E+00 0.0000E+00 0.0000E+00 0.0000E+00 0.0000E+00 0.0000E+00 0.0000E+00 0.0000E+00 0.0000E+00 1.5365E-12 7.6396E-12 1.2812E-11 3.2129E-11 4.4407E-11 7.6994E-11 1.0042E-10 1.2760E-10 1.7149E-10 2.0736E-10 2.6162E-10 3.1098E-10 3.8595E-10 4.5513E-10 5.3851E-10 6.5384E-10 7.7472E-10 9.3140E-10 1.0877E-09 1.2875E-09 1.5010E-09 1.7596E-09 2.0622E-09 2.4126E-09 2.8324E-09 3.3199E-09 3.8912E-09 4.5559E-09 5.3283E-09 6.2395E-09 7.2775E-09 8.4670E-09 9.8230E-09 1.1353E-08 1.3064E-08 1.4956E-08 1.7030E-08 1.9269E-08 2.1650E-08 2.4141E-08 2.6705E-08
0.0000E+00 0.0000E+00 0.0000E+00 0.0000E+00 0.0000E+00 0.0000E+00 0.0000E+00 0.0000E+00 0.0000E+00 0.0000E+00 0.0000E+00 0.0000E+00 0.0000E+00 0.0000E+00 0.0000E+00 0.0000E+00 1.5077E-12 5.3195E-12 1.1995E-11 2.8312E-11 4.3071E-11 7.3157E-11 9.6338E-11 1.2168E-10 1.6638E-10 2.0162E-10 2.5265E-10 3.0144E-10 3.6745E-10 4.4261E-10 5.2149E-10 6.3523E-10 7.4082E-10 8.9638E-10 1.0476E-09 1.2305E-09 1.4421E-09 1.6864E-09 1.9734E-09 2.3073E-09 2.7045E-09 3.1674E-09 3.7096E-09 4.3416E-09 5.0778E-09 5.9514E-09 6.9472E-09 8.0944E-09 9.4062E-09 1.0895E-08 1.2564E-08 1.4420E-08 1.6459E-08 1.8672E-08 2.1035E-08 2.3520E-08 2.6082E-08
0.0000E+00 0.0000E+00 0.0000E+00 0.0000E+00 0.0000E+00 0.0000E+00 0.0000E+00 0.0000E+00 0.0000E+00 0.0000E+00 0.0000E+00 0.0000E+00 0.0000E+00 0.0000E+00 0.0000E+00 0.0000E+00 9.0555E-13 3.1626E-12 8.6099E-12 2.7448E-11 4.1105E-11 5.9358E-11 9.3431E-11 1.1783E-10 1.5922E-10 1.9153E-10 2.4339E-10 2.9311E-10 3.4565E-10 4.2956E-10 5.0749E-10 6.1280E-10 7.1357E-10 8.5950E-10 1.0044E-09 1.1786E-09 1.3794E-09 1.6095E-09 1.8792E-09 2.1861E-09 2.5683E-09 3.0016E-09 3.5123E-09 4.1076E-09 4.8031E-09 5.6289E-09 6.5783E-09 7.6741E-09 8.9327E-09 1.0366E-08 1.1978E-08 1.3781E-08 1.5773E-08 1.7943E-08 2.0268E-08 2.2722E-08 2.5264E-08
0.0000E+00 0.0000E+00 0.0000E+00 0.0000E+00 0.0000E+00 0.0000E+00 0.0000E+00 0.0000E+00 0.0000E+00 0.0000E+00 0.0000E+00 0.0000E+00 0.0000E+00 0.0000E+00 0.0000E+00 0.0000E+00 0.0000E+00 2.5437E-12 7.8814E-12 1.4450E-11 3.8145E-11 5.5676E-11 8.7450E-11 1.1275E-10 1.4926E-10 1.8434E-10 2.3402E-10 2.8320E-10 3.3294E-10 4.1526E-10 4.8570E-10 5.9175E-10 6.8933E-10 8.1886E-10 9.6094E-10 1.1256E-09 1.3149E-09 1.5312E-09 1.7818E-09 2.0705E-09 2.4176E-09 2.8292E-09 3.3043E-09 3.8621E-09 4.5123E-09 5.2864E-09 6.1785E-09 7.2191E-09 8.4116E-09 9.7760E-09 1.1321E-08 1.3055E-08 1.4980E-08 1.7087E-08 1.9357E-08 2.1764E-08 2.4267E-08
0.0000E+00 0.0000E+00 0.0000E+00 0.0000E+00 0.0000E+00 0.0000E+00 0.0000E+00 0.0000E+00 0.0000E+00 0.0000E+00 0.0000E+00 0.0000E+00 0.0000E+00 0.0000E+00 0.0000E+00 0.0000E+00 0.0000E+00 1.5435E-12 7.7013E-12 1.2942E-11 3.4111E-11 5.2181E-11 8.1232E-11 1.0416E-10 1.4374E-10 1.7740E-10 2.1355E-10 2.7214E-10 3.2207E-10 3.9911E-10 4.6479E-10 5.6138E-10 6.6455E-10 7.8723E-10 9.1895E-10 1.0692E-09 1.2472E-09 1.4426E-09 1.6834E-09 1.9508E-09 2.2742E-09 2.6540E-09 3.0939E-09 3.6101E-09 4.2129E-09 4.9286E-09 5.7598E-09 6.7343E-09 7.8559E-09 9.1442E-09 1.0608E-08 1.2259E-08 1.4100E-08 1.6130E-08 1.8327E-08 2.0666E-08 2.3110E-08
0.0000E+00 0.0000E+00 0.0000E+00 0.0000E+00 0.0000E+00 0.0000E+00 0.0000E+00 0.0000E+00 0.0000E+00 0.0000E+00 0.0000E+00 0.0000E+00 0.0000E+00 0.0000E+00 0.0000E+00 0.0000E+00 0.0000E+00 1.5075E-12 5.3222E-12 1.2053E-11 3.0740E-11 4.3798E-11 7.5569E-11 9.9234E-11 1.2482E-10 1.6946E-10 2.0438E-10 2.5834E-10 3.0946E-10 3.7315E-10 4.4805E-10 5.4113E-10 6.3686E-10 7.3569E-10 8.7924E-10 1.0136E-09 1.1807E-09 1.3635E-09 1.5777E-09 1.8348E-09 2.1304E-09 2.4807E-09 2.8822E-09 3.3564E-09 3.9104E-09 4.5667E-09 5.3336E-09 6.2346E-09 7.2785E-09 8.4878E-09 9.8579E-09 1.1416E-08 1.3165E-08 1.5100E-08 1.7203E-08 1.9457E-08 2.1824E-08
0.0000E+00 0.0000E+00 0.0000E+00 0.0000E+00 0.0000E+00 0.0000E+00 0.0000E+00 0.0000E+00 0.0000E+00 0.0000E+00 0.0000E+00 0.0000E+00 0.0000E+00 0.0000E+00 0.0000E+00 0.0000E+00 0.0000E+00 0.0000E+00 2.5842E-12 8.5802E-12 2.6578E-11 4.1213E-11 5.8968E-11 9.3533E-11 1.1769E-10 1.5930E-10 1.9523E-10 2.4480E-10 2.9326E-10 3.5842E-10 4.3019E-10 4.9913E-10 6.1067E-10 7.0462E-10 8.3263E-10 9.6735E-10 1.1146E-09 1.2862E-09 1.4828E-09 1.7172E-09 1.9836E-09 2.3066E-09 2.6773E-09 3.1066E-09 3.6142E-09 4.2101E-09 4.9129E-09 5.7370E-09 6.7004E-09 7.8197E-09 9.1035E-09 1.0563E-08 1.2206E-08 1.4033E-08 1.6039E-08 1.8193E-08 2.0464E-08
0.0000E+00 0.0000E+00 0.0000E+00 0.0000E+00 0.0000E+00 0.0000E+00 0.0000E+00 0.0000E+00 0.0000E+00 0.0000E+00 0.0000E+00 0.0000E+00 0.0000E+00 0.0000E+00 0.0000E+00 0.0000E+00 0.0000E+00 0.0000E+00 1.5619E-12 7.8111E-12 1.4369E-11 3.7846E-11 5.4629E-11 8.5048E-11 1.1043E-10 1.4872E-10 1.8229E-10 2.3242E-10 2.8009E-10 3.2971E-10 4.0330E-10 4.7707E-10 5.7458E-10 6.7327E-10 7.9376E-10 9.2025E-10 1.0614E-09 1.2175E-09 1.3880E-09 1.6071E-09 1.8504E-09 2.1353E-09 2.4789E-09 2.8680E-09 3.3285E-09 3.8680E-09 4.5055E-09 5.2560E-09 6.1371E-09 7.1639E-09 8.3553E-09 9.7155E-09 1.1248E-08 1.2967E-08 1.4863E-08 1.6904E-08 1.9069E-08
0.0000E+00 0.0000E+00 0.0000E+00 0.0000E+00 0.0000E+00 0.0000E+00 0.0000E+00 0.0000E+00 0.0000E+00 0.0000E+00 0.0000E+00 0.0000E+00 0.0000E+00 0.0000E+00 0.0000E+00 0.0000E+00 0.0000E+00 0.0000E+00 1.5202E-12 7.5928E-12 1.2194E-11 3.2382E-11 4.8388E-11 7.8099E-11 1.0175E-10 1.3873E-10 1.7314E-10 2.0834E-10 2.6555E-10 3.1343E-10 3.8036E-10 4.5449E-10 5.3861E-10 6.4106E-10 7.4723E-10 8.7511E-10 9.9826E-10 1.1471E-09 1.3113E-09 1.4979E-09 1.7250E-09 1.9852E-09 2.2924E-09 2.6473E-09 3.0591E-09 3.5474E-09 4.1216E-09 4.8055E-09 5.6046E-09 6.5437E-09 7.6356E-09 8.8967E-09 1.0333E-08 1.1940E-08 1.3718E-08 1.5645E-08 1.7703E-08
0.0000E+00 0.0000E+00 0.0000E+00 0.0000E+00 0.0000E+00 0.0000E+00 0.0000E+00 0.0000E+00 0.0000E+00 0.0000E+00 0.0000E+00 0.0000E+00 0.0000E+00 0.0000E+00 0.0000E+00 0.0000E+00 0.0000E+00 0.0000E+00 0.0000E+00 3.1608E-12 1.0936E-11 2.7765E-11 4.1473E-11 6.0942E-11 9.5410E-11 1.1923E-10 1.6318E-10 1.9669E-10 2.4747E-10 2.9738E-10 3.6029E-10 4.3116E-10 5.1046E-10 6.0188E-10 6.9765E-10 8.2109E-10 9.4497E-10 1.0841E-09 1.2394E-09 1.4104E-09 1.6104E-09 1.8371E-09 2.1236E-09 2.4406E-09 2.8137E-09 3.2524E-09 3.7743E-09 4.3870E-09 5.1147E-09 5.9702E-09 6.9733E-09 8.1322E-09 9.4653E-09 1.0971E-08 1.2639E-08 1.4461E-08 1.6407E-08
0.0000E+00 0.0000E+00 0.0000E+00 0.0000E+00 0.0000E+00 0.0000E+00 0.0000E+00 0.0000E+00 0.0000E+00 0.0000E+00 0.0000E+00 0.0000E+00 0.0000E+00 0.0000E+00 0.0000E+00 0.0000E+00 0.0000E+00 0.0000E+00 0.0000E+00 1.5623E-12 7.8195E-12 1.6240E-11 3.9257E-11 5.5437E-11 8.4289E-11 1.1138E-10 1.4870E-10 1.8562E-10 2.3096E-10 2.7920E-10 3.2802E-10 4.0138E-10 4.7198E-10 5.7041E-10 6.6140E-10 7.6867E-10 8.9403E-10 1.0135E-09 1.1692E-09 1.3168E-09 1.5023E-09 1.7114E-09 1.9581E-09 2.2494E-09 2.5873E-09 2.9864E-09 3.4546E-09 4.0121E-09 4.6700E-09 5.4539E-09 6.3717E-09 7.4400E-09 8.6778E-09 1.0084E-08 1.1661E-08 1.3381E-08 1.5224E-08
0.0000E+00 0.0000E+00 0.0000E+00 0.0000E+00 0.0000E+00 0.0000E+00 0.0000E+00 0.0000E+00 0.0000E+00 0.0000E+00 0.0000E+00 0.0000E+00 0.0000E+00 0.0000E+00 0.0000E+00 0.0000E+00 0.0000E+00 0.0000E+00 0.0000E+00 1.5153E-12 7.5711E-12 1.2173E-11 3.0895E-11 4.7796E-11 7.6826E-11 1.0001E-10 1.3613E-10 1.7077E-10 2.0649E-10 2.6317E-10 3.0874E-10 3.7776E-10 4.4625E-10 5.2711E-10 6.2019E-10 7.2546E-10 8.3682E-10 9.5428E-10 1.0898E-09 1.2385E-09 1.4037E-09 1.6008E-09 1.8102E-09 2.0797E-09 2.3801E-09 2.7423E-09 3.1662E-09 3.6722E-09 4.2751E-09 4.9886E-09 5.8334E-09 6.8287E-09 7.9785E-09 9.2983E-09 1.0781E-08 1.2425E-08 1.4181E-08
0.0000E+00 0.0000E+00 0.0000E+00 0.0000E+00 0.0000E+00 0.0000E+00 0.0000E+00 0.0000E+00 0.0000E+00 0.0000E+00 0.0000E+00 0.0000E+00 0.0000E+00 0.0000E+00 0.0000E+00 0.0000E+00 0.0000E+00 0.0000E+00 0.0000E+00 0.0000E+00 2.5733E-12 1.0874E-11 1.6657E-11 4.0476E-11 5.9016E-11 9.2510E-11 1.1659E-10 1.5857E-10 1.9128E-10 2.4184E-10 2.8935E-10 3.5027E-10 4.1175E-10 4.9427E-10 5.7456E-10 6.7360E-10 7.8097E-10 8.9850E-10 1.0147E-09 1.1613E-09 1.3038E-09 1.4822E-09 1.6869E-09 1.9205E-09 2.1958E-09 2.5208E-09 2.9058E-09 3.3707E-09 3.9189E-09 4.5774E-09 5.3627E-09 6.2913E-09 7.3721E-09 8.6135E-09 1.0023E-08 1.1589E-08 1.3285E-08
0.0000E+00 0.0000E+00 0.0000E+00 0.0000E+00 0.0000E+00 0.0000E+00 0.0000E+00 0.0000E+00 0.0000E+00 0.0000E+00 0.0000E+00 0.0000E+00 0.0000E+00 0.0000E+00 0.0000E+00 0.0000E+00 0.0000E+00 0.0000E+00 0.0000E+00 0.0000E+00 1.5447E-12 7.7260E-12 1.4274E-11 3.6641E-11 5.3844E-11 7.9276E-11 1.0678E-10 1.4270E-10 1.7739E-10 2.1036E-10 2.6867E-10 3.1600E-10 3.8582E-10 4.4587E-10 5.3905E-10 6.2580E-10 7.3267E-10 8.3845E-10 9.5177E-10 1.0791E-09 1.2182E-09 1.3694E-09 1.5651E-09 1.7743E-09 2.0338E-09 2.3202E-09 2.6733E-09 3.0951E-09 3.6021E-09 4.2114E-09 4.9455E-09 5.8183E-09 6.8361E-09 8.0274E-09 9.3713E-09 1.0880E-08 1.2518E-08
0.0000E+00 0.0000E+00 0.0000E+00 0.0000E+00 0.0000E+00 0.0000E+00 0.0000E+00 0.0000E+00 0.0000E+00 0.0000E+00 0.0000E+00 0.0000E+00 0.0000E+00 0.0000E+00 0.0000E+00 0.0000E+00 0.0000E+00 0.0000E+00 0.0000E+00 0.0000E+00 9.1325E-13 3.1895E-12 1.1074E-11 1.9363E-11 4.4116E-11 6.1803E-11 9.4318E-11 1.1998E-10 1.6258E-10 1.9693E-10 2.4916E-10 2.9517E-10 3.5599E-10 4.1729E-10 5.0005E-10 5.8074E-10 6.8631E-10 7.7971E-10 8.9240E-10 1.0016E-09 1.1271E-09 1.2741E-09 1.4394E-09 1.6432E-09 1.8676E-09 2.1424E-09 2.4559E-09 2.8485E-09 3.3088E-09 3.8884E-09 4.5678E-09 5.3944E-09 6.3645E-09 7.5106E-09 8.8064E-09 1.0271E-08 1.1878E-08
0.0000E+00 0.0000E+00 0.0000E+00 0.0000E+00 0.0000E+00 0.0000E+00 0.0000E+00 0.0000E+00 0.0000E+00 0.0000E+00 0.0000E+00 0.0000E+00 0.0000E+00 0.0000E+00 0.0000E+00 0.0000E+00 0.0000E+00 0.0000E+00 0.0000E+00 0.0000E+00 0.0000E+00 1.5655E-12 7.8327E-12 1.6348E-11 3.8499E-11 5.5636E-11 8.4783E-11 1.1070E-10 1.4391E-10 1.8026E-10 2.2670E-10 2.7366E-10 3.1914E-10 3.8868E-10 4.4711E-10 5.4051E-10 6.1614E-10 7.2897E-10 8.1993E-10 9.3652E-10 1.0472E-09 1.1820E-09 1.3288E-09 1.5151E-09 1.7205E-09 1.9706E-09 2.2681E-09 2.6157E-09 3.0518E-09 3.5821E-09 4.2288E-09 5.0042E-09 5.9478E-09 7.0374E-09 8.3156E-09 9.7433E-09 1.1339E-08
0.0000E+00 0.0000E+00 0.0000E+00 0.0000E+00 0.0000E+00 0.0000E+00 0.0000E+00 0.0000E+00 0.0000E+00 0.0000E+00 0.0000E+00 0.0000E+00 0.0000E+00 0.0000E+00 0.0000E+00 0.0000E+00 0.0000E+00 0.0000E+00 0.0000E+00 0.0000E+00 0.0000E+00 1.5097E-12 4.2977E-12 1.3352E-11 2.0185E-11 4.4801E-11 6.2888E-11 9.6987E-11 1.2185E-10 1.6304E-10 1.9736E-10 2.5086E-10 2.9641E-10 3.5850E-10 4.1740E-10 4.9174E-10 5.7403E-10 6.7076E-10 7.6606E-10 8.6395E-10 9.7771E-10 1.0931E-09 1.2288E-09 1.3817E-09 1.5822E-09 1.7947E-09 2.0871E-09 2.4039E-09 2.8121E-09 3.2975E-09 3.9160E-09 4.6519E-09 5.5593E-09 6.6160E-09 7.8617E-09 9.2882E-09 1.0865E-08
