Assets/Resources/2015_m01_d02_2200(utc+0800)_l00_csi_1hr_conc.grd
DSAA
         159         159
     -79.000      79.000
     -79.000      79.000
  0.0000E+00  0.3364E-05
[rows 25 to 49 of 159, columns 57 to 113 of 159]
3.8666E-09 3.7380E-09 3.6116E-09 3.4857E-09 3.3636E-09 3.2440E-09 3.1275E-09 3.0142E-09 2.9028E-09 2.7949E-09 2.6893E-09 2.5865E-09 2.4869E-09 2.3910E-09 2.2990E-09 2.2107E-09 2.1263E-09 2.0454E-09 1.9678E-09 1.8937E-09 1.8229E-09 1.7555E-09 1.6923E-09 1.6316E-09 1.5728E-09 1.5169E-09 1.4633E-09 1.4108E-09 1.3596E-09 1.3099E-09 1.2612E-09 1.2135E-09 1.1676E-09 1.1234E-09 1.0815E-09 1.0437E-09 1.0078E-09 9.7258E-10 9.3904E-10 9.0761E-10 8.6178E-10 8.3318E-10 7.8940E-10 7.5658E-10 7.1648E-10 6.7700E-10 6.5389E-10 6.1707E-10 5.8070E-10 5.6023E-10 5.2657E-10 5.0250E-10 4.8413E-10 4.4809E-10 4.3140E-10 4.0565E-10 3.8548E-10
3.9400E-09 3.8092E-09 3.6795E-09 3.5519E-09 3.4274E-09 3.3055E-09 3.1871E-09 3.0716E-09 2.9583E-09 2.8500E-09 2.7424E-09 2.6385E-09 2.5372E-09 2.4394E-09 2.3452E-09 2.2545E-09 2.1676E-09 2.0846E-09 2.0052E-09 1.9292E-09 1.8568E-09 1.7879E-09 1.7225E-09 1.6603E-09 1.5999E-09 1.5429E-09 1.4864E-09 1.4315E-09 1.3777E-09 1.3263E-09 1.2775E-09 1.2285E-09 1.1809E-09 1.1343E-09 1.0919E-09 1.0520E-09 1.0148E-09 9.7924E-10 9.4464E-10 9.1229E-10 8.6559E-10 8.3654E-10 8.0802E-10 7.6489E-10 7.3257E-10 6.9312E-10 6.5437E-10 6.1714E-10 5.9547E-10 5.5989E-10 5.2589E-10 5.0170E-10 4.8333E-10 4.4692E-10 4.3026E-10 4.0921E-10 3.8415E-10
4.0155E-09 3.8858E-09 3.7531E-09 3.6272E-09 3.5000E-09 3.3767E-09 3.2565E-09 3.1388E-09 3.0239E-09 2.9127E-09 2.8033E-09 2.6977E-09 2.5946E-09 2.4951E-09 2.3992E-09 2.3069E-09 2.2177E-09 2.1315E-09 2.0485E-09 1.9692E-09 1.8938E-09 1.8215E-09 1.7526E-09 1.6884E-09 1.6268E-09 1.5676E-09 1.5104E-09 1.4544E-09 1.3993E-09 1.3452E-09 1.2926E-09 1.2429E-09 1.1946E-09 1.1472E-09 1.1019E-09 1.0601E-09 1.0224E-09 9.8570E-10 9.5004E-10 9.1622E-10 8.8527E-10 8.3934E-10 8.1076E-10 7.6667E-10 7.3359E-10 6.9367E-10 6.5448E-10 6.3162E-10 5.9515E-10 5.5921E-10 5.3909E-10 5.0589E-10 4.8225E-10 4.5922E-10 4.2886E-10 4.0777E-10 3.8743E-10
4.1006E-09 3.9652E-09 3.8308E-09 3.6997E-09 3.5700E-09 3.4448E-09 3.3220E-09 3.2026E-09 3.0861E-09 2.9725E-09 2.8618E-09 2.7542E-09 2.6496E-09 2.5483E-09 2.4504E-09 2.3560E-09 2.2651E-09 2.1775E-09 2.0933E-09 2.0124E-09 1.9349E-09 1.8602E-09 1.7887E-09 1.7211E-09 1.6562E-09 1.5933E-09 1.5334E-09 1.4760E-09 1.4205E-09 1.3648E-09 1.3112E-09 1.2591E-09 1.2086E-09 1.1598E-09 1.1125E-09 1.0693E-09 1.0293E-09 9.9254E-10 9.5594E-10 9.2071E-10 8.8835E-10 8.4203E-10 8.1316E-10 7.8448E-10 7.4128E-10 7.0884E-10 6.6968E-10 6.3132E-10 5.9448E-10 5.7316E-10 5.3809E-10 5.0460E-10 4.8089E-10 4.6294E-10 4.2722E-10 4.0609E-10 3.8572E-10
4.1824E-09 4.0444E-09 3.9083E-09 3.7748E-09 3.6434E-09 3.5156E-09 3.3908E-09 3.2696E-09 3.1511E-09 3.0359E-09 2.9241E-09 2.8144E-09 2.7081E-09 2.6044E-09 2.5044E-09 2.4078E-09 2.3145E-09 2.2246E-09 2.1380E-09 2.0546E-09 1.9747E-09 1.8984E-09 1.8255E-09 1.7559E-09 1.6881E-09 1.6224E-09 1.5606E-09 1.5001E-09 1.4413E-09 1.3843E-09 1.3289E-09 1.2757E-09 1.2238E-09 1.1734E-09 1.1240E-09 1.0784E-09 1.0369E-09 9.9847E-10 9.6164E-10 9.2575E-10 8.9136E-10 8.6050E-10 8.1495E-10 7.8649E-10 7.4241E-10 7.0910E-10 6.6938E-10 6.3065E-10 6.0812E-10 5.7214E-10 5.3678E-10 5.0303E-10 4.7926E-10 4.6133E-10 4.2533E-10 4.0915E-10 3.8863E-10
4.2669E-09 4.1268E-09 3.9925E-09 3.8567E-09 3.7240E-09 3.5972E-09 3.4709E-09 3.3475E-09 3.2275E-09 3.1099E-09 2.9964E-09 2.8849E-09 2.7772E-09 2.6720E-09 2.5699E-09 2.4709E-09 2.3751E-09 2.2822E-09 2.1918E-09 2.1044E-09 2.0193E-09 1.9391E-09 1.8619E-09 1.7892E-09 1.7202E-09 1.6539E-09 1.5888E-09 1.5256E-09 1.4653E-09 1.4070E-09 1.3468E-09 1.2908E-09 1.2382E-09 1.1874E-09 1.1368E-09 1.0882E-09 1.0448E-09 1.0049E-09 9.6764E-10 9.3033E-10 8.9538E-10 8.6250E-10 8.1634E-10 7.8772E-10 7.5945E-10 7.1614E-10 6.8360E-10 6.2961E-10 6.0708E-10 5.7079E-10 5.3516E-10 5.1546E-10 4.8262E-10 4.5946E-10 4.3695E-10 4.0707E-10 3.8655E-10
4.3579E-09 4.2201E-09 4.0813E-09 3.9434E-09 3.8092E-09 3.6767E-09 3.5489E-09 3.4234E-09 3.3016E-09 3.1822E-09 3.0669E-09 2.9539E-09 2.8440E-09 2.7368E-09 2.6324E-09 2.5310E-09 2.4327E-09 2.3373E-09 2.2451E-09 2.1558E-09 2.0699E-09 1.9872E-09 1.9067E-09 1.8294E-09 1.7555E-09 1.6849E-09 1.6170E-09 1.5531E-09 1.4899E-09 1.4283E-09 1.3685E-09 1.3096E-09 1.2532E-09 1.1999E-09 1.1498E-09 1.1009E-09 1.0551E-09 1.0127E-09 9.7353E-10 9.3578E-10 8.9903E-10 8.6520E-10 8.3386E-10 7.8852E-10 7.6044E-10 7.1670E-10 6.8328E-10 6.4380E-10 6.0568E-10 5.6911E-10 5.4821E-10 5.1356E-10 4.8051E-10 4.5732E-10 4.3989E-10 4.0476E-10 3.8425E-10
4.4533E-09 4.3111E-09 4.1705E-09 4.0313E-09 3.8953E-09 3.7612E-09 3.6310E-09 3.5038E-09 3.3803E-09 3.2594E-09 3.1419E-09 3.0272E-09 2.9151E-09 2.8058E-09 2.6991E-09 2.5952E-09 2.4941E-09 2.3960E-09 2.3008E-09 2.2086E-09 2.1192E-09 2.0332E-09 1.9505E-09 1.8711E-09 1.7953E-09 1.7215E-09 1.6502E-09 1.5821E-09 1.5160E-09 1.4518E-09 1.3896E-09 1.3278E-09 1.2706E-09 1.2155E-09 1.1621E-09 1.1121E-09 1.0648E-09 1.0210E-09 9.7843E-10 9.4121E-10 9.0383E-10 8.6800E-10 8.3575E-10 7.8909E-10 7.6044E-10 7.1694E-10 6.8304E-10 6.4251E-10 6.0393E-10 5.8184E-10 5.4624E-10 5.1138E-10 4.7813E-10 4.5493E-10 4.3755E-10 4.0222E-10 3.8174E-10
4.5493E-09 4.4061E-09 4.2640E-09 4.1236E-09 3.9896E-09 3.8544E-09 3.7221E-09 3.5968E-09 3.4722E-09 3.3502E-09 3.2306E-09 3.1142E-09 2.9998E-09 2.8885E-09 2.7794E-09 2.6728E-09 2.5687E-09 2.4672E-09 2.3677E-09 2.2707E-09 2.1755E-09 2.0843E-09 1.9967E-09 1.9132E-09 1.8339E-09 1.7580E-09 1.6850E-09 1.6138E-09 1.5442E-09 1.4777E-09 1.4128E-09 1.3485E-09 1.2877E-09 1.2306E-09 1.1778E-09 1.1264E-09 1.0749E-09 1.0292E-09 9.8624E-10 9.4656E-10 9.0826E-10 8.7182E-10 8.3738E-10 7.8993E-10 7.6044E-10 7.3231E-10 6.8959E-10 6.5634E-10 6.0183E-10 5.7977E-10 5.4395E-10 5.0890E-10 4.8974E-10 4.5750E-10 4.3498E-10 4.1313E-10 3.8394E-10
4.6530E-09 4.5091E-09 4.3663E-09 4.2293E-09 4.0903E-09 3.9542E-09 3.8203E-09 3.6908E-09 3.5637E-09 3.4401E-09 3.3182E-09 3.2001E-09 3.0834E-09 2.9697E-09 2.8581E-09 2.7486E-09 2.6416E-09 2.5369E-09 2.4348E-09 2.3352E-09 2.2384E-09 2.1445E-09 2.0532E-09 1.9646E-09 1.8792E-09 1.7982E-09 1.7199E-09 1.6453E-09 1.5739E-09 1.5044E-09 1.4366E-09 1.3719E-09 1.3083E-09 1.2480E-09 1.1936E-09 1.1406E-09 1.0892E-09 1.0396E-09 9.9426E-10 9.5363E-10 9.1355E-10 8.7472E-10 8.4043E-10 8.0669E-10 7.6078E-10 7.3165E-10 6.8874E-10 6.5554E-10 6.1527E-10 5.7737E-10 5.4135E-10 5.2101E-10 4.8704E-10 4.5467E-10 4.3215E-10 4.1033E-10 3.8106E-10
4.7620E-09 4.6176E-09 4.4747E-09 4.3336E-09 4.1934E-09 4.0566E-09 3.9212E-09 3.7903E-09 3.6616E-09 3.5363E-09 3.4125E-09 3.2923E-09 3.1735E-09 3.0570E-09 2.9427E-09 2.8302E-09 2.7199E-09 2.6118E-09 2.5059E-09 2.4025E-09 2.3016E-09 2.2036E-09 2.1089E-09 2.0175E-09 1.9298E-09 1.8448E-09 1.7619E-09 1.6821E-09 1.6055E-09 1.5315E-09 1.4620E-09 1.3946E-09 1.3299E-09 1.2688E-09 1.2104E-09 1.1532E-09 1.1012E-09 1.0507E-09 1.0033E-09 9.5816E-10 9.1988E-10 8.7976E-10 8.4230E-10 8.0901E-10 7.6058E-10 7.3143E-10 6.8711E-10 6.5440E-10 6.1353E-10 5.7463E-10 5.5312E-10 5.1817E-10 4.8407E-10 4.5158E-10 4.2909E-10 4.0731E-10 3.7796E-10
4.8725E-09 4.7279E-09 4.5852E-09 4.4436E-09 4.3032E-09 4.1654E-09 4.0315E-09 3.9009E-09 3.7711E-09 3.6441E-09 3.5212E-09 3.3998E-09 3.2789E-09 3.1597E-09 3.0426E-09 2.9270E-09 2.8132E-09 2.7005E-09 2.5894E-09 2.4802E-09 2.3727E-09 2.2686E-09 2.1682E-09 2.0724E-09 1.9801E-09 1.8912E-09 1.8054E-09 1.7224E-09 1.6413E-09 1.5632E-09 1.4900E-09 1.4197E-09 1.3529E-09 1.2892E-09 1.2294E-09 1.1710E-09 1.1159E-09 1.0610E-09 1.0131E-09 9.6584E-10 9.2471E-10 8.8542E-10 8.4606E-10 8.1009E-10 7.6138E-10 7.3059E-10 7.0215E-10 6.5928E-10 6.2690E-10 5.7203E-10 5.5013E-10 5.1504E-10 4.8083E-10 4.4824E-10 4.2580E-10 4.0917E-10 3.7467E-10
4.9875E-09 4.8438E-09 4.7057E-09 4.5644E-09 4.4244E-09 4.2897E-09 4.1537E-09 4.0197E-09 3.8892E-09 3.7602E-09 3.6337E-09 3.5084E-09 3.3853E-09 3.2630E-09 3.1430E-09 3.0242E-09 2.9066E-09 2.7905E-09 2.6761E-09 2.5636E-09 2.4530E-09 2.3452E-09 2.2399E-09 2.1368E-09 2.0372E-09 1.9418E-09 1.8505E-09 1.7624E-09 1.6786E-09 1.5982E-09 1.5205E-09 1.4471E-09 1.3789E-09 1.3120E-09 1.2476E-09 1.1881E-09 1.1309E-09 1.0773E-09 1.0238E-09 9.7444E-10 9.3114E-10 8.9039E-10 8.4970E-10 8.1311E-10 7.7814E-10 7.3036E-10 7.0099E-10 6.5758E-10 6.2487E-10 5.6958E-10 5.4684E-10 5.1162E-10 4.7733E-10 4.5894E-10 4.2227E-10 4.0576E-10 3.7118E-10
5.1125E-09 4.9702E-09 4.8326E-09 4.6925E-09 4.5534E-09 4.4150E-09 4.2790E-09 4.1438E-09 4.0122E-09 3.8815E-09 3.7534E-09 3.6255E-09 3.5006E-09 3.3779E-09 3.2554E-09 3.1332E-09 3.0117E-09 2.8914E-09 2.7722E-09 2.6546E-09 2.5388E-09 2.4254E-09 2.3142E-09 2.2062E-09 2.1021E-09 2.0011E-09 1.9024E-09 1.8071E-09 1.7176E-09 1.6330E-09 1.5534E-09 1.4779E-09 1.4054E-09 1.3366E-09 1.2704E-09 1.2060E-09 1.1446E-09 1.0897E-09 1.0360E-09 9.8212E-10 9.3670E-10 8.9590E-10 8.5452E-10 8.1511E-10 7.7984E-10 7.3017E-10 6.9974E-10 6.5574E-10 6.2252E-10 5.8266E-10 5.4371E-10 5.0792E-10 4.7356E-10 4.5528E-10 4.2376E-10 4.0214E-10 3.8124E-10
5.2431E-09 5.1030E-09 4.9636E-09 4.8250E-09 4.6867E-09 4.5488E-09 4.4127E-09 4.2768E-09 4.1480E-09 4.0179E-09 3.8902E-09 3.7608E-09 3.6331E-09 3.5054E-09 3.3783E-09 3.2518E-09 3.1258E-09 3.0005E-09 2.8757E-09 2.7523E-09 2.6305E-09 2.5120E-09 2.3959E-09 2.2825E-09 2.1718E-09 2.0644E-09 1.9609E-09 1.8610E-09 1.7644E-09 1.6734E-09 1.5883E-09 1.5088E-09 1.4334E-09 1.3625E-09 1.2943E-09 1.2283E-09 1.1630E-09 1.1031E-09 1.0489E-09 9.9462E-10 9.4363E-10 9.0088E-10 8.5988E-10 8.1866E-10 7.8103E-10 7.3080E-10 6.9862E-10 6.5380E-10 6.2697E-10 5.7970E-10 5.4075E-10 5.1860E-10 4.8451E-10 4.5139E-10 4.1984E-10 3.9830E-10 3.7750E-10
5.3767E-09 5.2392E-09 5.1020E-09 4.9651E-09 4.8304E-09 4.6997E-09 4.5642E-09 4.4291E-09 4.2952E-09 4.1628E-09 4.0312E-09 3.8997E-09 3.7689E-09 3.6382E-09 3.5074E-09 3.3786E-09 3.2501E-09 3.1206E-09 2.9912E-09 2.8627E-09 2.7354E-09 2.6102E-09 2.4870E-09 2.3649E-09 2.2467E-09 2.1324E-09 2.0223E-09 1.9165E-09 1.8162E-09 1.7220E-09 1.6312E-09 1.5441E-09 1.4629E-09 1.3879E-09 1.3174E-09 1.2491E-09 1.1820E-09 1.1204E-09 1.0631E-09 1.0058E-09 9.5200E-10 9.0642E-10 8.6399E-10 8.2253E-10 7.8339E-10 7.3119E-10 6.9783E-10 6.6765E-10 6.2459E-10 5.9199E-10 5.3763E-10 5.1490E-10 4.8038E-10 4.4725E-10 4.1570E-10 3.9426E-10 3.7356E-10
5.5165E-09 5.3842E-09 5.2559E-09 5.1222E-09 4.9881E-09 4.8535E-09 4.7185E-09 4.5840E-09 4.4491E-09 4.3161E-09 4.1865E-09 4.0538E-09 3.9224E-09 3.7903E-09 3.6563E-09 3.5225E-09 3.3877E-09 3.2526E-09 3.1173E-09 2.9825E-09 2.8481E-09 2.7157E-09 2.5854E-09 2.4574E-09 2.3322E-09 2.2101E-09 2.0925E-09 1.9802E-09 1.8738E-09 1.7725E-09 1.6773E-09 1.5859E-09 1.4985E-09 1.4158E-09 1.3411E-09 1.2705E-09 1.2014E-09 1.1359E-09 1.0772E-09 1.0190E-09 9.6085E-10 9.1334E-10 8.6891E-10 8.2607E-10 7.8495E-10 7.4707E-10 6.9729E-10 6.6572E-10 6.2204E-10 5.8896E-10 5.3442E-10 5.1142E-10 4.7600E-10 4.4288E-10 4.1135E-10 3.9002E-10 3.6945E-10
5.6710E-09 5.5413E-09 5.4114E-09 5.2809E-09 5.1496E-09 5.0170E-09 4.8830E-09 4.7582E-09 4.6236E-09 4.4905E-09 4.3558E-09 4.2215E-09 4.0851E-09 3.9490E-09 3.8110E-09 3.6723E-09 3.5330E-09 3.3928E-09 3.2533E-09 3.1135E-09 2.9740E-09 2.8348E-09 2.6959E-09 2.5591E-09 2.4244E-09 2.2944E-09 2.1693E-09 2.0498E-09 1.9375E-09 1.8305E-09 1.7274E-09 1.6298E-09 1.5375E-09 1.4507E-09 1.3704E-09 1.2949E-09 1.2226E-09 1.1535E-09 1.0913E-09 1.0324E-09 9.7231E-10 9.1995E-10 8.7401E-10 8.2951E-10 7.8638E-10 7.4695E-10 6.9618E-10 6.6445E-10 6.1910E-10 5.8613E-10 5.3099E-10 5.0776E-10 4.7150E-10 4.3829E-10 4.2099E-10 3.8559E-10 3.6515E-10
5.8254E-09 5.7007E-09 5.5751E-09 5.4485E-09 5.3289E-09 5.2000E-09 5.0690E-09 4.9371E-09 4.8031E-09 4.6692E-09 4.5336E-09 4.3975E-09 4.2629E-09 4.1241E-09 3.9830E-09 3.8418E-09 3.6984E-09 3.5529E-09 3.4061E-09 3.2588E-09 3.1112E-09 2.9631E-09 2.8165E-09 2.6721E-09 2.5300E-09 2.3916E-09 2.2580E-09 2.1306E-09 2.0104E-09 1.8945E-09 1.7836E-09 1.6791E-09 1.5812E-09 1.4883E-09 1.4014E-09 1.3216E-09 1.2457E-09 1.1715E-09 1.1075E-09 1.0456E-09 9.8485E-10 9.2817E-10 8.7886E-10 8.3286E-10 7.8843E-10 7.4757E-10 6.9522E-10 6.6293E-10 6.1652E-10 5.8953E-10 5.4273E-10 5.0442E-10 4.6736E-10 4.3348E-10 4.1634E-10 3.8098E-10 3.6069E-10
5.9899E-09 5.8746E-09 5.7601E-09 5.6398E-09 5.5173E-09 5.3925E-09 5.2649E-09 5.1352E-09 5.0032E-09 4.8783E-09 4.7441E-09 4.6074E-09 4.4682E-09 4.3265E-09 4.1823E-09 4.0352E-09 3.8864E-09 3.7354E-09 3.5828E-09 3.4289E-09 3.2736E-09 3.1183E-09 2.9638E-09 2.8103E-09 2.6591E-09 2.5122E-09 2.3692E-09 2.2321E-09 2.1017E-09 1.9754E-09 1.8552E-09 1.7407E-09 1.6324E-09 1.5319E-09 1.4374E-09 1.3516E-09 1.2714E-09 1.1934E-09 1.1251E-09 1.0608E-09 9.9671E-10 9.3595E-10 8.8401E-10 8.3654E-10 7.9110E-10 7.4822E-10 6.9393E-10 6.6157E-10 6.1408E-10 5.8637E-10 5.3923E-10 5.0062E-10 4.7767E-10 4.2846E-10 4.1149E-10 3.7619E-10 3.5605E-10
6.1655E-09 6.0561E-09 5.9437E-09 5.8291E-09 5.7117E-09 5.5914E-09 5.4739E-09 5.3498E-09 5.2208E-09 5.0879E-09 4.9539E-09 4.8159E-09 4.6755E-09 4.5303E-09 4.3829E-09 4.2311E-09 4.0768E-09 3.9198E-09 3.7614E-09 3.6001E-09 3.4369E-09 3.2725E-09 3.1081E-09 2.9457E-09 2.7859E-09 2.6298E-09 2.4791E-09 2.3342E-09 2.1922E-09 2.0565E-09 1.9274E-09 1.8046E-09 1.6889E-09 1.5808E-09 1.4798E-09 1.3853E-09 1.3008E-09 1.2189E-09 1.1440E-09 1.0763E-09 1.0089E-09 9.4558E-10 8.8936E-10 8.3992E-10 7.9364E-10 7.4995E-10 6.9364E-10 6.5973E-10 6.1182E-10 5.8290E-10 5.5004E-10 4.9666E-10 4.7395E-10 4.2347E-10 4.0644E-10 3.7123E-10 3.5127E-10
6.3441E-09 6.2411E-09 6.1360E-09 6.0294E-09 5.9240E-09 5.8120E-09 5.6935E-09 5.5704E-09 5.4440E-09 5.3124E-09 5.1790E-09 5.0403E-09 4.9038E-09 4.7563E-09 4.6056E-09 4.4496E-09 4.2896E-09 4.1263E-09 3.9594E-09 3.7897E-09 3.6179E-09 3.4444E-09 3.2739E-09 3.1025E-09 2.9326E-09 2.7659E-09 2.6037E-09 2.4458E-09 2.2920E-09 2.1459E-09 2.0068E-09 1.8754E-09 1.7510E-09 1.6348E-09 1.5267E-09 1.4256E-09 1.3336E-09 1.2478E-09 1.1656E-09 1.0938E-09 1.0236E-09 9.5651E-10 8.9540E-10 8.4409E-10 7.9676E-10 7.5090E-10 7.1002E-10 6.5799E-10 6.2559E-10 5.7952E-10 5.4650E-10 4.9250E-10 4.7002E-10 4.1882E-10 4.0121E-10 3.6611E-10 3.4633E-10
6.5315E-09 6.4394E-09 6.3477E-09 6.2524E-09 6.1502E-09 6.0433E-09 5.9312E-09 5.8133E-09 5.6957E-09 5.5683E-09 5.4367E-09 5.2997E-09 5.1576E-09 5.0088E-09 4.8552E-09 4.6954E-09 4.5396E-09 4.3707E-09 4.1974E-09 4.0202E-09 3.8399E-09 3.6577E-09 3.4745E-09 3.2911E-09 3.1090E-09 2.9300E-09 2.7547E-09 2.5848E-09 2.4184E-09 2.2569E-09 2.1021E-09 1.9575E-09 1.8209E-09 1.6942E-09 1.5777E-09 1.4700E-09 1.3689E-09 1.2790E-09 1.1920E-09 1.1120E-09 1.0395E-09 9.7038E-10 9.0471E-10 8.4796E-10 7.9954E-10 7.5307E-10 7.1043E-10 6.5747E-10 6.2353E-10 5.7648E-10 5.4236E-10 4.8800E-10 4.6584E-10 4.2937E-10 3.9579E-10 3.6083E-10 3.4124E-10
6.7274E-09 6.6489E-09 6.5638E-09 6.4746E-09 6.3809E-09 6.2814E-09 6.1812E-09 6.0698E-09 5.9523E-09 5.8287E-09 5.6981E-09 5.5626E-09 5.4194E-09 5.2789E-09 5.1224E-09 4.9593E-09 4.7892E-09 4.6140E-09 4.4334E-09 4.2478E-09 4.0581E-09 3.8656E-09 3.6717E-09 3.4786E-09 3.2878E-09 3.0990E-09 2.9110E-09 2.7268E-09 2.5469E-09 2.3734E-09 2.2072E-09 2.0504E-09 1.9034E-09 1.7657E-09 1.6382E-09 1.5192E-09 1.4116E-09 1.3126E-09 1.2204E-09 1.1344E-09 1.0573E-09 9.8556E-10 9.1711E-10 8.5379E-10 8.0254E-10 7.5547E-10 7.1135E-10 6.5609E-10 6.2183E-10 5.7368E-10 5.3869E-10 4.8390E-10 4.6135E-10 4.2498E-10 3.9028E-10 3.5541E-10 3.3603E-10
6.9307E-09 6.8597E-09 6.7855E-09 6.7068E-09 6.6277E-09 6.5378E-09 6.4411E-09 6.3367E-09 6.2247E-09 6.1056E-09 5.9817E-09 5.8536E-09 5.7112E-09 5.5614E-09 5.4016E-09 5.2347E-09 5.0593E-09 4.8778E-09 4.7016E-09 4.5083E-09 4.3097E-09 4.1082E-09 3.9057E-09 3.7008E-09 3.4938E-09 3.2879E-09 3.0867E-09 2.8892E-09 2.6968E-09 2.5111E-09 2.3299E-09 2.1582E-09 1.9969E-09 1.8457E-09 1.7047E-09 1.5741E-09 1.4575E-09 1.3511E-09 1.2535E-09 1.1612E-09 1.0768E-09 1.0017E-09 9.3158E-10 8.6442E-10 8.0625E-10 7.5669E-10 7.1290E-10 6.5651E-10 6.2032E-10 5.7145E-10 5.3434E-10 4.7914E-10 4.5649E-10 4.2061E-10 3.8543E-10 3.4985E-10 3.3068E-10
