Assets/Resources/2015_m01_d08_1500(utc+0800)_l00_csi_1hr_conc.grd
DSAA
         159         159
     -79.000      79.000
     -79.000      79.000
  0.2425E-09  0.7854E-05
[rows 100 to 124 of 159, columns 0 to 56 of 159]
9.1625E-10 9.3502E-10 9.5400E-10 9.7382E-10 9.9325E-10 1.0129E-09 1.0334E-09 1.0535E-09 1.0744E-09 1.0949E-09 1.1170E-09 1.1379E-09 1.1591E-09 1.1819E-09 1.2113E-09 1.2357E-09 1.2620E-09 1.2975E-09 1.3300E-09 1.3723E-09 1.4204E-09 1.4640E-09 1.5214E-09 1.5713E-09 1.6236E-09 1.7011E-09 1.7663E-09 1.8355E-09 1.9258E-09 2.0044E-09 2.1021E-09 2.1929E-09 2.2744E-09 2.3703E-09 2.4631E-09 2.5581E-09 2.6702E-09 2.7712E-09 2.8901E-09 3.0041E-09 3.1246E-09 3.2630E-09 3.4117E-09 3.5819E-09 3.8023E-09 4.0264E-09 4.2733E-09 4.5887E-09 4.9151E-09 5.2993E-09 5.7478E-09 6.2371E-09 6.8126E-09 7.4412E-09 8.1429E-09 8.9602E-09 9.8347E-09
9.0826E-10 9.2686E-10 9.4568E-10 9.6532E-10 9.8459E-10 1.0041E-09 1.0244E-09 1.0443E-09 1.0650E-09 1.0853E-09 1.1058E-09 1.1280E-09 1.1490E-09 1.1716E-09 1.2006E-09 1.2248E-09 1.2509E-09 1.2860E-09 1.3182E-09 1.3521E-09 1.4075E-09 1.4507E-09 1.4983E-09 1.5567E-09 1.6085E-09 1.6850E-09 1.7477E-09 1.8179E-09 1.9072E-09 1.9848E-09 2.0752E-09 2.1711E-09 2.2516E-09 2.3464E-09 2.4382E-09 2.5320E-09 2.6352E-09 2.7350E-09 2.8548E-09 2.9709E-09 3.0896E-09 3.2226E-09 3.3690E-09 3.5332E-09 3.7276E-09 3.9606E-09 4.2010E-09 4.4955E-09 4.8123E-09 5.1697E-09 5.6032E-09 6.0684E-09 6.6026E-09 7.2097E-09 7.8732E-09 8.6472E-09 9.4760E-09
8.9955E-10 9.1858E-10 9.3723E-10 9.5669E-10 9.7579E-10 9.9509E-10 1.0152E-09 1.0349E-09 1.0555E-09 1.0756E-09 1.0959E-09 1.1179E-09 1.1387E-09 1.1611E-09 1.1823E-09 1.2138E-09 1.2396E-09 1.2724E-09 1.3003E-09 1.3378E-09 1.3925E-09 1.4294E-09 1.4806E-09 1.5383E-09 1.5905E-09 1.6588E-09 1.7257E-09 1.7941E-09 1.8839E-09 1.9619E-09 2.0405E-09 2.1486E-09 2.2209E-09 2.3216E-09 2.4123E-09 2.5049E-09 2.6047E-09 2.7053E-09 2.8155E-09 2.9350E-09 3.0528E-09 3.1819E-09 3.3220E-09 3.4837E-09 3.6594E-09 3.8869E-09 4.1225E-09 4.3937E-09 4.7034E-09 5.0450E-09 5.4567E-09 5.8966E-09 6.3868E-09 6.9762E-09 7.6031E-09 8.3149E-09 9.1111E-09
8.9132E-10 9.1018E-10 9.2865E-10 9.4794E-10 9.6686E-10 9.8599E-10 1.0059E-09 1.0255E-09 1.0452E-09 1.0658E-09 1.0859E-09 1.1077E-09 1.1283E-09 1.1490E-09 1.1715E-09 1.2026E-09 1.2282E-09 1.2605E-09 1.2881E-09 1.3252E-09 1.3772E-09 1.4137E-09 1.4580E-09 1.5231E-09 1.5747E-09 1.6328E-09 1.7080E-09 1.7756E-09 1.8642E-09 1.9355E-09 2.0149E-09 2.1143E-09 2.1966E-09 2.2895E-09 2.3854E-09 2.4729E-09 2.5752E-09 2.6744E-09 2.7786E-09 2.8988E-09 3.0137E-09 3.1402E-09 3.2757E-09 3.4292E-09 3.6019E-09 3.8177E-09 4.0399E-09 4.2881E-09 4.5958E-09 4.9174E-09 5.2794E-09 5.7251E-09 6.1883E-09 6.7367E-09 7.3302E-09 7.9847E-09 8.7430E-09
8.8299E-10 9.0166E-10 9.1997E-10 9.3848E-10 9.5782E-10 9.7676E-10 9.9652E-10 1.0159E-09 1.0354E-09 1.0558E-09 1.0758E-09 1.0974E-09 1.1177E-09 1.1383E-09 1.1605E-09 1.1912E-09 1.2166E-09 1.2408E-09 1.2758E-09 1.3100E-09 1.3478E-09 1.3956E-09 1.4415E-09 1.5057E-09 1.5543E-09 1.6073E-09 1.6795E-09 1.7472E-09 1.8232E-09 1.9114E-09 1.9888E-09 2.0884E-09 2.1716E-09 2.2564E-09 2.3577E-09 2.4365E-09 2.5446E-09 2.6424E-09 2.7444E-09 2.8621E-09 2.9733E-09 3.0961E-09 3.2297E-09 3.3763E-09 3.5394E-09 3.7241E-09 3.9607E-09 4.1960E-09 4.4853E-09 4.7951E-09 5.1365E-09 5.5522E-09 5.9931E-09 6.4793E-09 7.0586E-09 7.6754E-09 8.3830E-09
8.7454E-10 8.9304E-10 9.1117E-10 9.2950E-10 9.4866E-10 9.6742E-10 9.8698E-10 1.0062E-09 1.0255E-09 1.0457E-09 1.0655E-09 1.0868E-09 1.1070E-09 1.1274E-09 1.1494E-09 1.1779E-09 1.2014E-09 1.2269E-09 1.2614E-09 1.2971E-09 1.3264E-09 1.3815E-09 1.4268E-09 1.4789E-09 1.5322E-09 1.5845E-09 1.6573E-09 1.7279E-09 1.7968E-09 1.8896E-09 1.9659E-09 2.0539E-09 2.1418E-09 2.2254E-09 2.3158E-09 2.4067E-09 2.5031E-09 2.6094E-09 2.7086E-09 2.8232E-09 2.9324E-09 3.0514E-09 3.1806E-09 3.3221E-09 3.4797E-09 3.6541E-09 3.8769E-09 4.1030E-09 4.3507E-09 4.6625E-09 4.9887E-09 5.3631E-09 5.7882E-09 6.2457E-09 6.7864E-09 7.3611E-09 7.9898E-09
8.6600E-10 8.8431E-10 9.0226E-10 9.2041E-10 9.3938E-10 9.5796E-10 9.7672E-10 9.9632E-10 1.0155E-09 1.0355E-09 1.0550E-09 1.0748E-09 1.0962E-09 1.1164E-09 1.1382E-09 1.1587E-09 1.1895E-09 1.2147E-09 1.2468E-09 1.2780E-09 1.3110E-09 1.3671E-09 1.4093E-09 1.4475E-09 1.5130E-09 1.5637E-09 1.6272E-09 1.7017E-09 1.7727E-09 1.8566E-09 1.9328E-09 2.0227E-09 2.1154E-09 2.1939E-09 2.2866E-09 2.3760E-09 2.4673E-09 2.5677E-09 2.6645E-09 2.7806E-09 2.8909E-09 3.0054E-09 3.1304E-09 3.2658E-09 3.4186E-09 3.5860E-09 3.7705E-09 4.0100E-09 4.2481E-09 4.5384E-09 4.8447E-09 5.1830E-09 5.5927E-09 6.0221E-09 6.4948E-09 7.0553E-09 7.6426E-09
8.5735E-10 8.7489E-10 8.9325E-10 9.1122E-10 9.3000E-10 9.4839E-10 9.6697E-10 9.8637E-10 1.0053E-09 1.0251E-09 1.0445E-09 1.0640E-09 1.0852E-09 1.1052E-09 1.1268E-09 1.1471E-09 1.1775E-09 1.2024E-09 1.2262E-09 1.2609E-09 1.2974E-09 1.3399E-09 1.3880E-09 1.4318E-09 1.4961E-09 1.5461E-09 1.6085E-09 1.6754E-09 1.7458E-09 1.8204E-09 1.9071E-09 1.9829E-09 2.0811E-09 2.1584E-09 2.2567E-09 2.3446E-09 2.4343E-09 2.5309E-09 2.6280E-09 2.7340E-09 2.8480E-09 2.9580E-09 3.0796E-09 3.2111E-09 3.3552E-09 3.5165E-09 3.6925E-09 3.9157E-09 4.1433E-09 4.3899E-09 4.6999E-09 5.0205E-09 5.3850E-09 5.7990E-09 6.2414E-09 6.7581E-09 7.3027E-09
8.4862E-10 8.6598E-10 8.8415E-10 9.0193E-10 9.2051E-10 9.3871E-10 9.5710E-10 9.7630E-10 9.9509E-10 1.0140E-09 1.0338E-09 1.0532E-09 1.0741E-09 1.0939E-09 1.1138E-09 1.1354E-09 1.1634E-09 1.1881E-09 1.2135E-09 1.2476E-09 1.2835E-09 1.3173E-09 1.3651E-09 1.4104E-09 1.4625E-09 1.5256E-09 1.5736E-09 1.6551E-09 1.7141E-09 1.7977E-09 1.8801E-09 1.9573E-09 2.0379E-09 2.1296E-09 2.2164E-09 2.3124E-09 2.3966E-09 2.4953E-09 2.5907E-09 2.6892E-09 2.8035E-09 2.9107E-09 3.0273E-09 3.1550E-09 3.2923E-09 3.4457E-09 3.6139E-09 3.7976E-09 4.0356E-09 4.2696E-09 4.5558E-09 4.8572E-09 5.1859E-09 5.5807E-09 5.9928E-09 6.4405E-09 6.9705E-09
8.3979E-10 8.5697E-10 8.7495E-10 8.9255E-10 9.1034E-10 9.2894E-10 9.4714E-10 9.6613E-10 9.8472E-10 1.0035E-09 1.0231E-09 1.0422E-09 1.0629E-09 1.0825E-09 1.1022E-09 1.1235E-09 1.1436E-09 1.1755E-09 1.1987E-09 1.2303E-09 1.2672E-09 1.2957E-09 1.3497E-09 1.3943E-09 1.4372E-09 1.5013E-09 1.5527E-09 1.6088E-09 1.6898E-09 1.7654E-09 1.8489E-09 1.9237E-09 2.0103E-09 2.1002E-09 2.1819E-09 2.2701E-09 2.3549E-09 2.4523E-09 2.5525E-09 2.6479E-09 2.7587E-09 2.8631E-09 2.9739E-09 3.0968E-09 3.2299E-09 3.3752E-09 3.5365E-09 3.7105E-09 3.9302E-09 4.1551E-09 4.3968E-09 4.6978E-09 5.0090E-09 5.3455E-09 5.7522E-09 6.1719E-09 6.6532E-09
8.3089E-10 8.4788E-10 8.6566E-10 8.8307E-10 9.0067E-10 9.1908E-10 9.3707E-10 9.5525E-10 9.7425E-10 9.9281E-10 1.0122E-09 1.0311E-09 1.0516E-09 1.0709E-09 1.0904E-09 1.1115E-09 1.1314E-09 1.1613E-09 1.1857E-09 1.2090E-09 1.2472E-09 1.2794E-09 1.3216E-09 1.3780E-09 1.4203E-09 1.4768E-09 1.5265E-09 1.5801E-09 1.6615E-09 1.7290E-09 1.8033E-09 1.8904E-09 1.9759E-09 2.0663E-09 2.1426E-09 2.2330E-09 2.3199E-09 2.4085E-09 2.5059E-09 2.5995E-09 2.7064E-09 2.8145E-09 2.9215E-09 3.0385E-09 3.1675E-09 3.3047E-09 3.4574E-09 3.6242E-09 3.8059E-09 4.0375E-09 4.2679E-09 4.5199E-09 4.8320E-09 5.1484E-09 5.5187E-09 5.9053E-09 6.3235E-09
8.2191E-10 8.3871E-10 8.5630E-10 8.7352E-10 8.9092E-10 9.0912E-10 9.2692E-10 9.4490E-10 9.6369E-10 9.8205E-10 1.0012E-09 1.0199E-09 1.0388E-09 1.0593E-09 1.0786E-09 1.0995E-09 1.1191E-09 1.1466E-09 1.1707E-09 1.1956E-09 1.2292E-09 1.2648E-09 1.2982E-09 1.3531E-09 1.3938E-09 1.4455E-09 1.5072E-09 1.5599E-09 1.6331E-09 1.6984E-09 1.7748E-09 1.8592E-09 1.9330E-09 2.0188E-09 2.1036E-09 2.1927E-09 2.2844E-09 2.3711E-09 2.4644E-09 2.5580E-09 2.6534E-09 2.7649E-09 2.8686E-09 2.9798E-09 3.1029E-09 3.2358E-09 3.3793E-09 3.5380E-09 3.7093E-09 3.8984E-09 4.1388E-09 4.3740E-09 4.6599E-09 4.9548E-09 5.2709E-09 5.6492E-09 6.0362E-09
8.1285E-10 8.2947E-10 8.4627E-10 8.6388E-10 8.8109E-10 8.9909E-10 9.1669E-10 9.3446E-10 9.5304E-10 9.7119E-10 9.8951E-10 1.0086E-09 1.0273E-09 1.0476E-09 1.0666E-09 1.0858E-09 1.1067E-09 1.1263E-09 1.1576E-09 1.1803E-09 1.2113E-09 1.2481E-09 1.2830E-09 1.3290E-09 1.3732E-09 1.4156E-09 1.4815E-09 1.5298E-09 1.5889E-09 1.6681E-09 1.7436E-09 1.8269E-09 1.9045E-09 1.9828E-09 2.0714E-09 2.1519E-09 2.2408E-09 2.3219E-09 2.4244E-09 2.5160E-09 2.6092E-09 2.7155E-09 2.8162E-09 2.9220E-09 3.0378E-09 3.1658E-09 3.3021E-09 3.4511E-09 3.6146E-09 3.7913E-09 4.0120E-09 4.2336E-09 4.4712E-09 4.7636E-09 5.0613E-09 5.3761E-09 5.7528E-09
8.0372E-10 8.2015E-10 8.3677E-10 8.5417E-10 8.7118E-10 8.8838E-10 9.0637E-10 9.2395E-10 9.4231E-10 9.6025E-10 9.7836E-10 9.9726E-10 1.0157E-09 1.0358E-09 1.0546E-09 1.0736E-09 1.0942E-09 1.1135E-09 1.1428E-09 1.1667E-09 1.1894E-09 1.2269E-09 1.2585E-09 1.3002E-09 1.3540E-09 1.3977E-09 1.4478E-09 1.5093E-09 1.5551E-09 1.6381E-09 1.7100E-09 1.7774E-09 1.8614E-09 1.9460E-09 2.0288E-09 2.1175E-09 2.1985E-09 2.2837E-09 2.3703E-09 2.4655E-09 2.5567E-09 2.6658E-09 2.7623E-09 2.8647E-09 2.9745E-09 3.0959E-09 3.2270E-09 3.3668E-09 3.5204E-09 3.6864E-09 3.8669E-09 4.0921E-09 4.3160E-09 4.5578E-09 4.8519E-09 5.1482E-09 5.4615E-09
7.9396E-10 8.1077E-10 8.2719E-10 8.4439E-10 8.6121E-10 8.7820E-10 8.9598E-10 9.1335E-10 9.3089E-10 9.4923E-10 9.6712E-10 9.8581E-10 1.0040E-09 1.0224E-09 1.0425E-09 1.0612E-09 1.0816E-09 1.1007E-09 1.1276E-09 1.1511E-09 1.1754E-09 1.2082E-09 1.2433E-09 1.2762E-09 1.3325E-09 1.3776E-09 1.4210E-09 1.4796E-09 1.5335E-09 1.5999E-09 1.6770E-09 1.7451E-09 1.8281E-09 1.9087E-09 1.9850E-09 2.0679E-09 2.1619E-09 2.2451E-09 2.3296E-09 2.4205E-09 2.5116E-09 2.6041E-09 2.7090E-09 2.8083E-09 2.9122E-09 3.0264E-09 3.1505E-09 3.2833E-09 3.4271E-09 3.5822E-09 3.7517E-09 3.9362E-09 4.1636E-09 4.3894E-09 4.6312E-09 4.9249E-09 5.2151E-09
7.8472E-10 8.0133E-10 8.1756E-10 8.3396E-10 8.5116E-10 8.6795E-10 8.8553E-10 9.0269E-10 9.2002E-10 9.3814E-10 9.5582E-10 9.7365E-10 9.9229E-10 1.0105E-09 1.0302E-09 1.0488E-09 1.0674E-09 1.0878E-09 1.1068E-09 1.1374E-09 1.1594E-09 1.1819E-09 1.2259E-09 1.2583E-09 1.2981E-09 1.3521E-09 1.3902E-09 1.4456E-09 1.5098E-09 1.5515E-09 1.6357E-09 1.7121E-09 1.7843E-09 1.8700E-09 1.9467E-09 2.0232E-09 2.1118E-09 2.1986E-09 2.2773E-09 2.3772E-09 2.4660E-09 2.5561E-09 2.6568E-09 2.7506E-09 2.8511E-09 2.9577E-09 3.0760E-09 3.2006E-09 3.3371E-09 3.4832E-09 3.6386E-09 3.8110E-09 3.9958E-09 4.2245E-09 4.4490E-09 4.7001E-09 4.9807E-09
7.7543E-10 7.9183E-10 8.0786E-10 8.2407E-10 8.4106E-10 8.5765E-10 8.7441E-10 8.9196E-10 9.0908E-10 9.2698E-10 9.4444E-10 9.6206E-10 9.8047E-10 9.9842E-10 1.0179E-09 1.0362E-09 1.0547E-09 1.0748E-09 1.0935E-09 1.1202E-09 1.1453E-09 1.1674E-09 1.2040E-09 1.2422E-09 1.2678E-09 1.3285E-09 1.3693E-09 1.4183E-09 1.4770E-09 1.5252E-09 1.5970E-09 1.6769E-09 1.7409E-09 1.8248E-09 1.9077E-09 1.9886E-09 2.0748E-09 2.1535E-09 2.2362E-09 2.3200E-09 2.4123E-09 2.5002E-09 2.6025E-09 2.6937E-09 2.7905E-09 2.8919E-09 3.0026E-09 3.1218E-09 3.2471E-09 3.3857E-09 3.5323E-09 3.6891E-09 3.8613E-09 4.0449E-09 4.2738E-09 4.4951E-09 4.7547E-09
7.6609E-10 7.8171E-10 7.9812E-10 8.1413E-10 8.3091E-10 8.4729E-10 8.6384E-10 8.8117E-10 8.9808E-10 9.1514E-10 9.3300E-10 9.5040E-10 9.6858E-10 9.8631E-10 1.0042E-09 1.0237E-09 1.0419E-09 1.0617E-09 1.0802E-09 1.0989E-09 1.1292E-09 1.1510E-09 1.1828E-09 1.2171E-09 1.2512E-09 1.2925E-09 1.3503E-09 1.3844E-09 1.4406E-09 1.5004E-09 1.5565E-09 1.6367E-09 1.7089E-09 1.7775E-09 1.8684E-09 1.9407E-09 2.0129E-09 2.1078E-09 2.1948E-09 2.2725E-09 2.3642E-09 2.4518E-09 2.5407E-09 2.6400E-09 2.7296E-09 2.8281E-09 2.9310E-09 3.0429E-09 3.1628E-09 3.2896E-09 3.4279E-09 3.5748E-09 3.7315E-09 3.9023E-09 4.0841E-09 4.3094E-09 4.5277E-09
7.5670E-10 7.7213E-10 7.8833E-10 8.0414E-10 8.2011E-10 8.3688E-10 8.5322E-10 8.7033E-10 8.8702E-10 9.0387E-10 9.2151E-10 9.3869E-10 9.5664E-10 9.7413E-10 9.9177E-10 1.0110E-09 1.0290E-09 1.0471E-09 1.0668E-09 1.0853E-09 1.1131E-09 1.1364E-09 1.1582E-09 1.2012E-09 1.2327E-09 1.2615E-09 1.3220E-09 1.3611E-09 1.4078E-09 1.4775E-09 1.5179E-09 1.5905E-09 1.6692E-09 1.7426E-09 1.8241E-09 1.9023E-09 1.9764E-09 2.0619E-09 2.1438E-09 2.2215E-09 2.3113E-09 2.4032E-09 2.4896E-09 2.5861E-09 2.6720E-09 2.7631E-09 2.8628E-09 2.9671E-09 3.0790E-09 3.1994E-09 3.3260E-09 3.4640E-09 3.6103E-09 3.7647E-09 3.9346E-09 4.1126E-09 4.3303E-09
7.4727E-10 7.6250E-10 7.7849E-10 7.9410E-10 8.0987E-10 8.2642E-10 8.4255E-10 8.5884E-10 8.7592E-10 8.9255E-10 9.0996E-10 9.2692E-10 9.4402E-10 9.6191E-10 9.7931E-10 9.9829E-10 1.0160E-09 1.0339E-09 1.0534E-09 1.0716E-09 1.0899E-09 1.1199E-09 1.1413E-09 1.1743E-09 1.2141E-09 1.2407E-09 1.2910E-09 1.3394E-09 1.3768E-09 1.4289E-09 1.4884E-09 1.5443E-09 1.6356E-09 1.6998E-09 1.7716E-09 1.8583E-09 1.9325E-09 2.0018E-09 2.0985E-09 2.1779E-09 2.2583E-09 2.3448E-09 2.4309E-09 2.5217E-09 2.6155E-09 2.7016E-09 2.7937E-09 2.8944E-09 2.9987E-09 3.1111E-09 3.2314E-09 3.3561E-09 3.4939E-09 3.6386E-09 3.7875E-09 3.9550E-09 4.1309E-09
7.3781E-10 7.5284E-10 7.6805E-10 7.8402E-10 7.9959E-10 8.1592E-10 8.3184E-10 8.4792E-10 8.6477E-10 8.8119E-10 8.9775E-10 9.1510E-10 9.3198E-10 9.4963E-10 9.6681E-10 9.8411E-10 1.0030E-09 1.0207E-09 1.0399E-09 1.0578E-09 1.0759E-09 1.1034E-09 1.1263E-09 1.1477E-09 1.1904E-09 1.2216E-09 1.2535E-09 1.3102E-09 1.3525E-09 1.4048E-09 1.4647E-09 1.5102E-09 1.5767E-09 1.6643E-09 1.7279E-09 1.8027E-09 1.8902E-09 1.9596E-09 2.0439E-09 2.1267E-09 2.2010E-09 2.2962E-09 2.3797E-09 2.4643E-09 2.5588E-09 2.6425E-09 2.7288E-09 2.8216E-09 2.9227E-09 3.0262E-09 3.1384E-09 3.2587E-09 3.3809E-09 3.5162E-09 3.6613E-09 3.8050E-09 3.9664E-09
7.2831E-10 7.4315E-10 7.5815E-10 7.7392E-10 7.8928E-10 8.0480E-10 8.2110E-10 8.3696E-10 8.5359E-10 8.6979E-10 8.8613E-10 9.0325E-10 9.1990E-10 9.3669E-10 9.5426E-10 9.7134E-10 9.8999E-10 1.0074E-09 1.0249E-09 1.0440E-09 1.0619E-09 1.0813E-09 1.1094E-09 1.1304E-09 1.1576E-09 1.2025E-09 1.2287E-09 1.2766E-09 1.3266E-09 1.3635E-09 1.4188E-09 1.4740E-09 1.5321E-09 1.6107E-09 1.6836E-09 1.7548E-09 1.8438E-09 1.9213E-09 1.9894E-09 2.0774E-09 2.1554E-09 2.2342E-09 2.3189E-09 2.4031E-09 2.4953E-09 2.5833E-09 2.6670E-09 2.7533E-09 2.8459E-09 2.9477E-09 3.0500E-09 3.1605E-09 3.2813E-09 3.4001E-09 3.5291E-09 3.6744E-09 3.8148E-09
7.1879E-10 7.3343E-10 7.4823E-10 7.6378E-10 7.7893E-10 7.9425E-10 8.1032E-10 8.2597E-10 8.4177E-10 8.5835E-10 8.7447E-10 8.9135E-10 9.0778E-10 9.2434E-10 9.4167E-10 9.5852E-10 9.7548E-10 9.9406E-10 1.0113E-09 1.0302E-09 1.0478E-09 1.0655E-09 1.0925E-09 1.1150E-09 1.1359E-09 1.1782E-09 1.2091E-09 1.2406E-09 1.2954E-09 1.3385E-09 1.3819E-09 1.4494E-09 1.4943E-09 1.5617E-09 1.6469E-09 1.7096E-09 1.7918E-09 1.8699E-09 1.9381E-09 2.0109E-09 2.1022E-09 2.1748E-09 2.2682E-09 2.3497E-09 2.4320E-09 2.5243E-09 2.6053E-09 2.6888E-09 2.7749E-09 2.8664E-09 2.9687E-09 3.0696E-09 3.1767E-09 3.2977E-09 3.4154E-09 3.5374E-09 3.6781E-09
7.0925E-10 7.2369E-10 7.3828E-10 7.5304E-10 7.6857E-10 7.8367E-10 7.9952E-10 8.1496E-10 8.3054E-10 8.4689E-10 8.6279E-10 8.7882E-10 8.9563E-10 9.1197E-10 9.2906E-10 9.4567E-10 9.6239E-10 9.8071E-10 9.9774E-10 1.0149E-09 1.0337E-09 1.0511E-09 1.0701E-09 1.0977E-09 1.1183E-09 1.1492E-09 1.1895E-09 1.2188E-09 1.2626E-09 1.3118E-09 1.3482E-09 1.4140E-09 1.4608E-09 1.5190E-09 1.5923E-09 1.6700E-09 1.7342E-09 1.8122E-09 1.8982E-09 1.9687E-09 2.0550E-09 2.1273E-09 2.2041E-09 2.2868E-09 2.3686E-09 2.4585E-09 2.5438E-09 2.6246E-09 2.7078E-09 2.7935E-09 2.8828E-09 2.9842E-09 3.0855E-09 3.1876E-09 3.3060E-09 3.4244E-09 3.5415E-09
6.9969E-10 7.1393E-10 7.2832E-10 7.4288E-10 7.5818E-10 7.7307E-10 7.8812E-10 8.0392E-10 8.1929E-10 8.3540E-10 8.5108E-10 8.6689E-10 8.8346E-10 8.9957E-10 9.1579E-10 9.3279E-10 9.4928E-10 9.6732E-10 9.8412E-10 1.0010E-09 1.0195E-09 1.0367E-09 1.0539E-09 1.0729E-09 1.1006E-09 1.1245E-09 1.1627E-09 1.1951E-09 1.2266E-09 1.2802E-09 1.3205E-09 1.3652E-09 1.4207E-09 1.4758E-09 1.5336E-09 1.6168E-09 1.6879E-09 1.7689E-09 1.8453E-09 1.9120E-09 1.9867E-09 2.0724E-09 2.1429E-09 2.2342E-09 2.3133E-09 2.3931E-09 2.4826E-09 2.5607E-09 2.6411E-09 2.7239E-09 2.8089E-09 2.8962E-09 2.9949E-09 3.0960E-09 3.1970E-09 3.3066E-09 3.4241E-09
