Assets/Resources/2015_m01_d13_1000(utc+0800)_l00_csi_1hr_conc.grd
DSAA
         159         159
     -79.000      79.000
     -79.000      79.000
  0.0000E+00  0.7958E-05
[rows 50 to 74 of 159, columns 0 to 56 of 159]
1.8932E-09 1.9451E-09 1.9970E-09 2.0477E-09 2.0959E-09 2.1429E-09 2.1870E-09 2.2308E-09 2.2686E-09 2.3034E-09 2.3355E-09 2.3637E-09 2.3845E-09 2.3992E-09 2.4134E-09 2.4164E-09 2.4104E-09 2.3988E-09 2.3764E-09 2.3427E-09 2.3006E-09 2.2514E-09 2.1938E-09 2.1266E-09 2.0517E-09 1.9723E-09 1.8935E-09 1.8135E-09 1.7320E-09 1.6512E-09 1.5715E-09 1.4925E-09 1.4156E-09 1.3412E-09 1.2714E-09 1.2054E-09 1.1426E-09 1.0837E-09 1.0296E-09 9.7914E-10 9.3102E-10 8.8247E-10 8.2396E-10 7.6430E-10 7.2409E-10 6.8899E-10 6.4808E-10 6.0647E-10 5.8211E-10 5.5605E-10 5.2808E-10 4.9849E-10 4.6679E-10 4.3343E-10 3.9808E-10 3.6279E-10 3.2921E-10
1.9817E-09 2.0395E-09 2.0961E-09 2.1513E-09 2.2056E-09 2.2579E-09 2.3079E-09 2.3573E-09 2.4020E-09 2.4433E-09 2.4813E-09 2.5161E-09 2.5426E-09 2.5672E-09 2.5858E-09 2.5933E-09 2.5941E-09 2.5909E-09 2.5759E-09 2.5495E-09 2.5148E-09 2.4685E-09 2.4108E-09 2.3447E-09 2.2726E-09 2.1926E-09 2.1072E-09 2.0182E-09 1.9278E-09 1.8421E-09 1.7576E-09 1.6742E-09 1.5941E-09 1.5160E-09 1.4400E-09 1.3674E-09 1.2990E-09 1.2352E-09 1.1751E-09 1.1195E-09 1.0661E-09 1.0162E-09 9.6595E-10 9.0034E-10 8.4261E-10 7.9892E-10 7.5813E-10 7.1200E-10 6.7304E-10 6.4347E-10 6.1150E-10 5.7737E-10 5.4129E-10 5.0274E-10 4.6305E-10 4.2292E-10 3.8318E-10
2.0728E-09 2.1350E-09 2.1964E-09 2.2576E-09 2.3173E-09 2.3754E-09 2.4313E-09 2.4883E-09 2.5396E-09 2.5863E-09 2.6317E-09 2.6732E-09 2.7074E-09 2.7393E-09 2.7639E-09 2.7774E-09 2.7883E-09 2.7913E-09 2.7812E-09 2.7634E-09 2.7381E-09 2.6989E-09 2.6470E-09 2.5851E-09 2.5131E-09 2.4309E-09 2.3447E-09 2.2553E-09 2.1615E-09 2.0657E-09 1.9692E-09 1.8755E-09 1.7895E-09 1.7057E-09 1.6241E-09 1.5464E-09 1.4721E-09 1.4025E-09 1.3369E-09 1.2757E-09 1.2186E-09 1.1635E-09 1.1077E-09 1.0533E-09 9.8547E-10 9.2620E-10 8.8009E-10 8.3040E-10 7.7789E-10 7.4178E-10 7.0561E-10 6.6642E-10 6.2621E-10 5.8319E-10 5.3722E-10 4.9026E-10 4.4599E-10
2.1646E-09 2.2317E-09 2.2992E-09 2.3656E-09 2.4312E-09 2.4954E-09 2.5588E-09 2.6224E-09 2.6799E-09 2.7336E-09 2.7864E-09 2.8361E-09 2.8763E-09 2.9160E-09 2.9487E-09 2.9694E-09 2.9903E-09 3.0003E-09 2.9971E-09 2.9874E-09 2.9693E-09 2.9358E-09 2.8920E-09 2.8388E-09 2.7710E-09 2.6949E-09 2.6106E-09 2.5182E-09 2.4205E-09 2.3216E-09 2.2215E-09 2.1199E-09 2.0179E-09 1.9164E-09 1.8259E-09 1.7426E-09 1.6627E-09 1.5873E-09 1.5159E-09 1.4490E-09 1.3861E-09 1.3253E-09 1.2676E-09 1.2109E-09 1.1488E-09 1.0776E-09 1.0187E-09 9.7295E-10 9.1901E-10 8.6769E-10 8.2773E-10 7.8380E-10 7.3681E-10 6.7778E-10 6.2580E-10 5.7370E-10 5.2394E-10
2.2571E-09 2.3302E-09 2.4030E-09 2.4752E-09 2.5472E-09 2.6186E-09 2.6885E-09 2.7589E-09 2.8233E-09 2.8846E-09 2.9459E-09 3.0026E-09 3.0505E-09 3.0988E-09 3.1393E-09 3.1685E-09 3.1997E-09 3.2187E-09 3.2214E-09 3.2201E-09 3.2121E-09 3.1840E-09 3.1465E-09 3.1022E-09 3.0417E-09 2.9694E-09 2.8875E-09 2.8006E-09 2.7085E-09 2.6111E-09 2.5073E-09 2.3983E-09 2.2869E-09 2.1799E-09 2.0737E-09 1.9691E-09 1.8725E-09 1.7904E-09 1.7131E-09 1.6402E-09 1.5713E-09 1.5061E-09 1.4426E-09 1.3809E-09 1.3272E-09 1.2631E-09 1.1927E-09 1.1254E-09 1.0656E-09 1.0010E-09 9.5481E-10 9.0868E-10 8.5680E-10 8.0049E-10 7.4226E-10 6.8332E-10 6.2597E-10
2.3511E-09 2.4294E-09 2.5077E-09 2.5865E-09 2.6653E-09 2.7434E-09 2.8201E-09 2.8975E-09 2.9699E-09 3.0397E-09 3.1086E-09 3.1735E-09 3.2298E-09 3.2872E-09 3.3364E-09 3.3762E-09 3.4170E-09 3.4437E-09 3.4553E-09 3.4644E-09 3.4649E-09 3.4438E-09 3.4157E-09 3.3789E-09 3.3219E-09 3.2561E-09 3.1853E-09 3.1021E-09 3.0100E-09 2.9130E-09 2.8118E-09 2.7071E-09 2.6000E-09 2.4870E-09 2.3689E-09 2.2500E-09 2.1405E-09 2.0331E-09 1.9340E-09 1.8502E-09 1.7751E-09 1.7068E-09 1.6432E-09 1.5785E-09 1.5162E-09 1.4537E-09 1.3842E-09 1.3183E-09 1.2485E-09 1.1840E-09 1.1210E-09 1.0681E-09 1.0097E-09 9.4698E-10 8.8233E-10 8.1655E-10 7.5130E-10
2.4455E-09 2.5289E-09 2.6137E-09 2.6989E-09 2.7845E-09 2.8698E-09 2.9529E-09 3.0390E-09 3.1197E-09 3.1974E-09 3.2743E-09 3.3487E-09 3.4137E-09 3.4805E-09 3.5409E-09 3.5893E-09 3.6405E-09 3.6762E-09 3.6998E-09 3.7179E-09 3.7273E-09 3.7179E-09 3.6964E-09 3.6675E-09 3.6180E-09 3.5621E-09 3.4966E-09 3.4177E-09 3.3309E-09 3.2393E-09 3.1401E-09 3.0351E-09 2.9266E-09 2.8148E-09 2.7018E-09 2.5875E-09 2.4668E-09 2.3448E-09 2.2233E-09 2.1161E-09 2.0167E-09 1.9331E-09 1.8629E-09 1.7939E-09 1.7295E-09 1.6726E-09 1.6103E-09 1.5377E-09 1.4513E-09 1.3732E-09 1.3113E-09 1.2610E-09 1.2034E-09 1.1360E-09 1.0541E-09 9.6961E-10 8.9578E-10
2.5394E-09 2.6291E-09 2.7204E-09 2.8124E-09 2.9052E-09 2.9967E-09 3.0878E-09 3.1824E-09 3.2717E-09 3.3568E-09 3.4432E-09 3.5273E-09 3.6014E-09 3.6800E-09 3.7509E-09 3.8080E-09 3.8706E-09 3.9181E-09 3.9512E-09 3.9800E-09 4.0013E-09 4.0009E-09 3.9896E-09 3.9716E-09 3.9331E-09 3.8834E-09 3.8246E-09 3.7527E-09 3.6705E-09 3.5840E-09 3.4896E-09 3.3882E-09 3.2814E-09 3.1708E-09 3.0566E-09 2.9410E-09 2.8245E-09 2.7086E-09 2.5958E-09 2.4723E-09 2.3421E-09 2.2211E-09 2.1159E-09 2.0413E-09 1.9729E-09 1.9052E-09 1.8363E-09 1.7798E-09 1.7174E-09 1.6221E-09 1.5426E-09 1.4655E-09 1.3989E-09 1.3296E-09 1.2617E-09 1.1903E-09 1.1077E-09
2.6335E-09 2.7297E-09 2.8272E-09 2.9264E-09 3.0256E-09 3.1246E-09 3.2236E-09 3.3275E-09 3.4242E-09 3.5186E-09 3.6150E-09 3.7088E-09 3.7938E-09 3.8839E-09 3.9646E-09 4.0315E-09 4.1064E-09 4.1667E-09 4.2087E-09 4.2522E-09 4.2842E-09 4.2937E-09 4.2955E-09 4.2897E-09 4.2589E-09 4.2203E-09 4.1708E-09 4.1057E-09 4.0312E-09 3.9518E-09 3.8605E-09 3.7632E-09 3.6594E-09 3.5510E-09 3.4414E-09 3.3290E-09 3.2144E-09 3.1026E-09 2.9873E-09 2.8684E-09 2.7489E-09 2.6297E-09 2.4995E-09 2.3686E-09 2.2382E-09 2.1708E-09 2.1151E-09 2.0499E-09 1.9837E-09 1.9079E-09 1.8067E-09 1.7339E-09 1.6669E-09 1.5975E-09 1.5214E-09 1.4294E-09 1.3412E-09
2.7277E-09 2.8298E-09 2.9342E-09 3.0401E-09 3.1459E-09 3.2529E-09 3.3608E-09 3.4728E-09 3.5782E-09 3.6822E-09 3.7885E-09 3.8932E-09 3.9895E-09 4.0903E-09 4.1816E-09 4.2604E-09 4.3487E-09 4.4196E-09 4.4747E-09 4.5302E-09 4.5756E-09 4.5967E-09 4.6106E-09 4.6187E-09 4.5988E-09 4.5710E-09 4.5339E-09 4.4780E-09 4.4127E-09 4.3427E-09 4.2572E-09 4.1658E-09 4.0661E-09 3.9641E-09 3.8569E-09 3.7468E-09 3.6382E-09 3.5275E-09 3.4146E-09 3.3045E-09 3.1963E-09 3.0745E-09 2.9480E-09 2.8247E-09 2.6951E-09 2.5391E-09 2.4096E-09 2.3427E-09 2.2902E-09 2.2327E-09 2.1560E-09 2.0452E-09 1.9643E-09 1.8893E-09 1.8169E-09 1.7358E-09 1.6285E-09
2.8213E-09 2.9296E-09 3.0409E-09 3.1529E-09 3.2665E-09 3.3817E-09 3.4977E-09 3.6181E-09 3.7330E-09 3.8466E-09 3.9630E-09 4.0800E-09 4.1867E-09 4.2987E-09 4.4028E-09 4.4939E-09 4.5947E-09 4.6785E-09 4.7466E-09 4.8135E-09 4.8740E-09 4.9087E-09 4.9363E-09 4.9566E-09 4.9505E-09 4.9356E-09 4.9122E-09 4.8688E-09 4.8128E-09 4.7536E-09 4.6781E-09 4.5928E-09 4.5054E-09 4.4086E-09 4.3071E-09 4.2057E-09 4.1009E-09 3.9923E-09 3.8874E-09 3.7855E-09 3.6753E-09 3.5607E-09 3.4529E-09 3.3420E-09 3.2095E-09 3.0721E-09 2.9262E-09 2.7555E-09 2.6450E-09 2.5874E-09 2.5187E-09 2.4253E-09 2.3295E-09 2.2563E-09 2.1784E-09 2.0896E-09 1.9881E-09
2.9131E-09 3.0283E-09 3.1457E-09 3.2648E-09 3.3859E-09 3.5099E-09 3.6332E-09 3.7633E-09 3.8879E-09 4.0110E-09 4.1394E-09 4.2680E-09 4.3848E-09 4.5094E-09 4.6268E-09 4.7295E-09 4.8440E-09 4.9418E-09 5.0211E-09 5.1034E-09 5.1792E-09 5.2280E-09 5.2683E-09 5.3040E-09 5.3127E-09 5.3133E-09 5.3015E-09 5.2729E-09 5.2293E-09 5.1835E-09 5.1192E-09 5.0485E-09 4.9697E-09 4.8823E-09 4.7935E-09 4.7007E-09 4.6026E-09 4.5065E-09 4.4148E-09 4.3144E-09 4.2121E-09 4.1181E-09 4.0161E-09 3.9012E-09 3.7824E-09 3.6726E-09 3.5474E-09 3.4113E-09 3.2160E-09 3.0304E-09 2.9517E-09 2.8783E-09 2.7595E-09 2.6808E-09 2.6040E-09 2.5194E-09 2.4164E-09
3.0041E-09 3.1258E-09 3.2492E-09 3.3757E-09 3.5050E-09 3.6365E-09 3.7681E-09 3.9080E-09 4.0420E-09 4.1755E-09 4.3159E-09 4.4552E-09 4.5829E-09 4.7212E-09 4.8516E-09 4.9661E-09 5.0964E-09 5.2074E-09 5.2996E-09 5.3987E-09 5.4895E-09 5.5513E-09 5.6064E-09 5.6588E-09 5.6812E-09 5.6991E-09 5.7028E-09 5.6881E-09 5.6597E-09 5.6298E-09 5.5811E-09 5.5268E-09 5.4565E-09 5.3870E-09 5.3115E-09 5.2282E-09 5.1455E-09 5.0694E-09 4.9843E-09 4.8980E-09 4.8239E-09 4.7438E-09 4.6515E-09 4.5559E-09 4.4593E-09 4.3485E-09 4.2219E-09 4.0922E-09 3.9614E-09 3.8101E-09 3.5829E-09 3.4383E-09 3.3295E-09 3.2199E-09 3.1555E-09 3.0570E-09 2.9540E-09
3.0932E-09 3.2207E-09 3.3507E-09 3.4845E-09 3.6220E-09 3.7607E-09 3.9013E-09 4.0510E-09 4.1943E-09 4.3393E-09 4.4908E-09 4.6412E-09 4.7811E-09 4.9333E-09 5.0763E-09 5.2042E-09 5.3495E-09 5.4743E-09 5.5813E-09 5.6954E-09 5.8026E-09 5.8782E-09 5.9506E-09 6.0201E-09 6.0570E-09 6.0909E-09 6.1130E-09 6.1142E-09 6.1041E-09 6.0903E-09 6.0615E-09 6.0185E-09 5.9684E-09 5.9153E-09 5.8536E-09 5.7878E-09 5.7297E-09 5.6655E-09 5.5983E-09 5.5460E-09 5.4927E-09 5.4306E-09 5.3709E-09 5.3110E-09 5.2352E-09 5.1396E-09 5.0339E-09 4.9200E-09 4.7865E-09 4.6381E-09 4.4852E-09 4.3020E-09 4.0896E-09 3.9579E-09 3.8391E-09 3.7482E-09 3.6286E-09
3.1801E-09 3.3134E-09 3.4501E-09 3.5918E-09 3.7364E-09 3.8830E-09 4.0326E-09 4.1917E-09 4.3456E-09 4.5014E-09 4.6634E-09 4.8256E-09 4.9781E-09 5.1435E-09 5.2999E-09 5.4416E-09 5.6017E-09 5.7417E-09 5.8638E-09 5.9931E-09 6.1175E-09 6.2082E-09 6.2963E-09 6.3833E-09 6.4370E-09 6.4883E-09 6.5294E-09 6.5468E-09 6.5530E-09 6.5626E-09 6.5484E-09 6.5259E-09 6.4988E-09 6.4619E-09 6.4189E-09 6.3807E-09 6.3404E-09 6.2944E-09 6.2642E-09 6.2410E-09 6.2099E-09 6.1865E-09 6.1732E-09 6.1479E-09 6.1069E-09 6.0603E-09 5.9986E-09 5.9058E-09 5.7865E-09 5.6554E-09 5.5064E-09 5.3374E-09 5.1650E-09 4.9087E-09 4.7924E-09 4.6729E-09 4.5362E-09
3.2637E-09 3.4031E-09 3.5466E-09 3.6959E-09 3.8472E-09 4.0022E-09 4.1607E-09 4.3290E-09 4.4940E-09 4.6598E-09 4.8326E-09 5.0076E-09 5.1724E-09 5.3509E-09 5.5216E-09 5.6763E-09 5.8521E-09 6.0084E-09 6.1449E-09 6.2903E-09 6.4309E-09 6.5386E-09 6.6424E-09 6.7494E-09 6.8187E-09 6.8883E-09 6.9484E-09 6.9842E-09 7.0091E-09 7.0417E-09 7.0444E-09 7.0494E-09 7.0417E-09 7.0219E-09 7.0055E-09 6.9936E-09 6.9714E-09 6.9608E-09 6.9667E-09 6.9675E-09 6.9775E-09 7.0064E-09 7.0357E-09 7.0596E-09 7.0879E-09 7.1042E-09 7.0940E-09 7.0551E-09 6.9993E-09 6.9063E-09 6.7694E-09 6.5950E-09 6.4059E-09 6.2044E-09 6.0161E-09 5.8311E-09 5.6563E-09
3.3444E-09 3.4898E-09 3.6405E-09 3.7963E-09 3.9550E-09 4.1183E-09 4.2851E-09 4.4637E-09 4.6390E-09 4.8142E-09 4.9985E-09 5.1861E-09 5.3626E-09 5.5548E-09 5.7397E-09 5.9072E-09 6.0998E-09 6.2720E-09 6.4228E-09 6.5850E-09 6.7432E-09 6.8673E-09 6.9882E-09 7.1133E-09 7.2009E-09 7.2882E-09 7.3674E-09 7.4231E-09 7.4705E-09 7.5204E-09 7.5495E-09 7.5732E-09 7.5867E-09 7.5938E-09 7.6085E-09 7.6138E-09 7.6244E-09 7.6548E-09 7.6870E-09 7.7254E-09 7.7912E-09 7.8694E-09 7.9514E-09 8.0490E-09 8.1542E-09 8.2470E-09 8.3213E-09 8.3815E-09 8.4057E-09 8.3747E-09 8.2930E-09 8.1610E-09 7.9747E-09 7.7402E-09 7.5002E-09 7.2772E-09 7.0584E-09
3.4214E-09 3.5727E-09 3.7304E-09 3.8922E-09 4.0585E-09 4.2298E-09 4.4048E-09 4.5938E-09 4.7786E-09 4.9636E-09 5.1597E-09 5.3594E-09 5.5474E-09 5.7539E-09 5.9521E-09 6.1331E-09 6.3429E-09 6.5302E-09 6.6959E-09 6.8753E-09 7.0514E-09 7.1909E-09 7.3304E-09 7.4736E-09 7.5802E-09 7.6852E-09 7.7842E-09 7.8598E-09 7.9285E-09 7.9968E-09 8.0532E-09 8.0984E-09 8.1329E-09 8.1741E-09 8.2146E-09 8.2435E-09 8.2975E-09 8.3585E-09 8.4224E-09 8.5151E-09 8.6329E-09 8.7627E-09 8.9156E-09 9.0953E-09 9.2833E-09 9.4727E-09 9.6658E-09 9.8398E-09 9.9766E-09 1.0061E-08 1.0087E-08 1.0031E-08 9.8812E-09 9.6641E-09 9.3847E-09 9.0990E-09 8.8271E-09
3.4945E-09 3.6517E-09 3.8159E-09 3.9837E-09 4.1575E-09 4.3363E-09 4.5200E-09 4.7189E-09 4.9125E-09 5.1075E-09 5.3152E-09 5.5266E-09 5.7263E-09 5.9466E-09 6.1579E-09 6.3530E-09 6.5793E-09 6.7816E-09 6.9624E-09 7.1591E-09 7.3531E-09 7.5090E-09 7.6658E-09 7.8290E-09 7.9524E-09 8.0775E-09 8.1961E-09 8.2927E-09 8.3789E-09 8.4751E-09 8.5519E-09 8.6209E-09 8.6842E-09 8.7543E-09 8.8145E-09 8.8820E-09 8.9699E-09 9.0622E-09 9.1716E-09 9.3172E-09 9.4840E-09 9.6767E-09 9.9105E-09 1.0173E-08 1.0455E-08 1.0768E-08 1.1092E-08 1.1400E-08 1.1687E-08 1.1933E-08 1.2105E-08 1.2178E-08 1.2141E-08 1.1981E-08 1.1709E-08 1.1366E-08 1.1021E-08
3.5631E-09 3.7266E-09 3.8961E-09 4.0702E-09 4.2514E-09 4.4373E-09 4.6297E-09 4.8378E-09 5.0400E-09 5.2448E-09 5.4637E-09 5.6863E-09 5.8978E-09 6.1312E-09 6.3556E-09 6.5649E-09 6.8069E-09 7.0243E-09 7.2202E-09 7.4341E-09 7.6460E-09 7.8185E-09 7.9930E-09 8.1758E-09 8.3159E-09 8.4606E-09 8.5993E-09 8.7175E-09 8.8206E-09 8.9450E-09 9.0416E-09 9.1316E-09 9.2261E-09 9.3194E-09 9.4070E-09 9.5163E-09 9.6351E-09 9.7592E-09 9.9221E-09 1.0115E-08 1.0335E-08 1.0601E-08 1.0915E-08 1.1264E-08 1.1659E-08 1.2101E-08 1.2560E-08 1.3027E-08 1.3500E-08 1.3936E-08 1.4295E-08 1.4562E-08 1.4690E-08 1.4662E-08 1.4472E-08 1.4131E-08 1.3724E-08
3.6270E-09 3.7960E-09 3.9707E-09 4.1510E-09 4.3391E-09 4.5317E-09 4.7326E-09 4.9493E-09 5.1599E-09 5.3746E-09 5.6040E-09 5.8375E-09 6.0606E-09 6.3064E-09 6.5443E-09 6.7669E-09 7.0241E-09 7.2566E-09 7.4674E-09 7.6982E-09 7.9278E-09 8.1167E-09 8.3088E-09 8.5106E-09 8.6687E-09 8.8317E-09 8.9928E-09 9.1283E-09 9.2531E-09 9.4005E-09 9.5192E-09 9.6326E-09 9.7563E-09 9.8710E-09 9.9947E-09 1.0136E-08 1.0285E-08 1.0451E-08 1.0662E-08 1.0899E-08 1.1178E-08 1.1517E-08 1.1907E-08 1.2351E-08 1.2866E-08 1.3433E-08 1.4038E-08 1.4685E-08 1.5354E-08 1.6003E-08 1.6599E-08 1.7100E-08 1.7462E-08 1.7638E-08 1.7601E-08 1.7357E-08 1.6947E-08
3.6860E-09 3.8599E-09 4.0395E-09 4.2259E-09 4.4201E-09 4.6202E-09 4.8285E-09 5.0530E-09 5.2721E-09 5.4961E-09 5.7352E-09 5.9796E-09 6.2133E-09 6.4710E-09 6.7223E-09 6.9574E-09 7.2294E-09 7.4765E-09 7.7017E-09 7.9491E-09 8.1959E-09 8.4009E-09 8.6105E-09 8.8314E-09 9.0070E-09 9.1901E-09 9.3705E-09 9.5233E-09 9.6714E-09 9.8398E-09 9.9782E-09 1.0120E-08 1.0267E-08 1.0405E-08 1.0562E-08 1.0734E-08 1.0911E-08 1.1123E-08 1.1373E-08 1.1657E-08 1.1998E-08 1.2405E-08 1.2871E-08 1.3416E-08 1.4044E-08 1.4739E-08 1.5501E-08 1.6329E-08 1.7198E-08 1.8077E-08 1.8931E-08 1.9709E-08 2.0346E-08 2.0791E-08 2.0991E-08 2.0925E-08 2.0642E-08
3.7395E-09 3.9175E-09 4.1021E-09 4.2943E-09 4.4940E-09 4.7010E-09 4.9163E-09 5.1481E-09 5.3752E-09 5.6078E-09 5.8561E-09 6.1109E-09 6.3543E-09 6.6239E-09 6.8878E-09 7.1343E-09 7.4209E-09 7.6821E-09 7.9211E-09 8.1845E-09 8.4481E-09 8.6687E-09 8.8953E-09 9.1348E-09 9.3273E-09 9.5303E-09 9.7294E-09 9.9004E-09 1.0070E-08 1.0258E-08 1.0416E-08 1.0584E-08 1.0750E-08 1.0915E-08 1.1104E-08 1.1301E-08 1.1510E-08 1.1763E-08 1.2051E-08 1.2382E-08 1.2781E-08 1.3249E-08 1.3792E-08 1.4433E-08 1.5168E-08 1.5991E-08 1.6910E-08 1.7914E-08 1.8981E-08 2.0095E-08 2.1217E-08 2.2280E-08 2.3231E-08 2.3999E-08 2.4513E-08 2.4741E-08 2.4669E-08
3.7870E-09 3.9687E-09 4.1579E-09 4.3553E-09 4.5600E-09 4.7736E-09 4.9948E-09 5.2337E-09 5.4684E-09 5.7090E-09 5.9660E-09 6.2304E-09 6.4828E-09 6.7640E-09 7.0394E-09 7.2967E-09 7.5971E-09 7.8715E-09 8.1237E-09 8.4023E-09 8.6818E-09 8.9175E-09 9.1603E-09 9.4178E-09 9.6270E-09 9.8481E-09 1.0066E-08 1.0254E-08 1.0445E-08 1.0651E-08 1.0832E-08 1.1022E-08 1.1207E-08 1.1400E-08 1.1615E-08 1.1833E-08 1.2078E-08 1.2366E-08 1.2686E-08 1.3061E-08 1.3514E-08 1.4037E-08 1.4654E-08 1.5383E-08 1.6214E-08 1.7161E-08 1.8228E-08 1.9394E-08 2.0659E-08 2.1994E-08 2.3371E-08 2.4731E-08 2.6006E-08 2.7114E-08 2.8010E-08 2.8583E-08 2.8851E-08
3.8280E-09 4.0130E-09 4.2064E-09 4.4085E-09 4.6179E-09 4.8374E-09 5.0640E-09 5.3097E-09 5.5512E-09 5.7988E-09 6.0640E-09 6.3371E-09 6.5978E-09 6.8898E-09 7.1755E-09 7.4429E-09 7.7562E-09 8.0430E-09 8.3075E-09 8.6004E-09 8.8949E-09 9.1447E-09 9.4031E-09 9.6777E-09 9.9032E-09 1.0143E-08 1.0378E-08 1.0585E-08 1.0794E-08 1.1017E-08 1.1221E-08 1.1430E-08 1.1632E-08 1.1850E-08 1.2087E-08 1.2326E-08 1.2601E-08 1.2917E-08 1.3270E-08 1.3686E-08 1.4182E-08 1.4755E-08 1.5439E-08 1.6243E-08 1.7162E-08 1.8223E-08 1.9421E-08 2.0738E-08 2.2179E-08 2.3726E-08 2.5333E-08 2.6962E-08 2.8551E-08 3.0025E-08 3.1311E-08 3.2303E-08 3.3013E-08
