Assets/Resources/2015_m01_d18_0600(utc+0800)_l00_csi_1hr_conc.grd
DSAA
         159         159
     -79.000      79.000
     -79.000      79.000
  0.2743E-10  0.5456E-04
[rows 75 to 99 of 159, columns 0 to 56 of 159]
2.4694E-10 2.5998E-10 2.7447E-10 2.8877E-10 3.0369E-10 3.2031E-10 3.3661E-10 3.5463E-10 3.7241E-10 3.9092E-10 4.1124E-10 4.3135E-10 4.5226E-10 4.7509E-10 4.9773E-10 5.2230E-10 5.4676E-10 5.7213E-10 5.9953E-10 6.2683E-10 6.5510E-10 6.8573E-10 7.1607E-10 7.4743E-10 7.8121E-10 8.1475E-10 8.4935E-10 8.8644E-10 9.2331E-10 9.6128E-10 1.0018E-09 1.0421E-09 1.0835E-09 1.1261E-09 1.1713E-09 1.2163E-09 1.2624E-09 1.3111E-09 1.3597E-09 1.4093E-09 1.4616E-09 1.5137E-09 1.5668E-09 1.6211E-09 1.6781E-09 1.7347E-09 1.7923E-09 1.8510E-09 1.9124E-09 1.9732E-09 2.0350E-09 2.0978E-09 2.1631E-09 2.2277E-09 2.2932E-09 2.3595E-09 2.4296E-09
2.4709E-10 2.6016E-10 2.7468E-10 2.8900E-10 3.0495E-10 3.2062E-10 3.3696E-10 3.5502E-10 3.7284E-10 3.9139E-10 4.1178E-10 4.3194E-10 4.5290E-10 4.7580E-10 4.9850E-10 5.2315E-10 5.4769E-10 5.7312E-10 6.0062E-10 6.2801E-10 6.5637E-10 6.8711E-10 7.1755E-10 7.4901E-10 7.8294E-10 8.1659E-10 8.5131E-10 8.8856E-10 9.2557E-10 9.6368E-10 1.0044E-09 1.0448E-09 1.0864E-09 1.1292E-09 1.1746E-09 1.2198E-09 1.2661E-09 1.3151E-09 1.3638E-09 1.4137E-09 1.4663E-09 1.5186E-09 1.5720E-09 1.6281E-09 1.6839E-09 1.7408E-09 1.7987E-09 1.8593E-09 1.9195E-09 1.9806E-09 2.0428E-09 2.1058E-09 2.1716E-09 2.2366E-09 2.3025E-09 2.3692E-09 2.4398E-09
2.4713E-10 2.6021E-10 2.7477E-10 2.8911E-10 3.0508E-10 3.2078E-10 3.3714E-10 3.5525E-10 3.7310E-10 3.9168E-10 4.1212E-10 4.3232E-10 4.5438E-10 4.7629E-10 4.9904E-10 5.2376E-10 5.4835E-10 5.7492E-10 6.0143E-10 6.2889E-10 6.5864E-10 6.8816E-10 7.1869E-10 7.5158E-10 7.8428E-10 8.1804E-10 8.5423E-10 8.9025E-10 9.2738E-10 9.6561E-10 1.0065E-09 1.0471E-09 1.0888E-09 1.1332E-09 1.1773E-09 1.2227E-09 1.2691E-09 1.3184E-09 1.3673E-09 1.4174E-09 1.4702E-09 1.5228E-09 1.5764E-09 1.6328E-09 1.6888E-09 1.7460E-09 1.8042E-09 1.8651E-09 1.9256E-09 1.9870E-09 2.0495E-09 2.1129E-09 2.1791E-09 2.2444E-09 2.3107E-09 2.3777E-09 2.4488E-09
2.4705E-10 2.6014E-10 2.7472E-10 2.8907E-10 3.0508E-10 3.2079E-10 3.3717E-10 3.5531E-10 3.7318E-10 3.9282E-10 4.1227E-10 4.3250E-10 4.5460E-10 4.7655E-10 4.9933E-10 5.2412E-10 5.4875E-10 5.7538E-10 6.0194E-10 6.2946E-10 6.5930E-10 6.8888E-10 7.1947E-10 7.5247E-10 7.8524E-10 8.1908E-10 8.5538E-10 8.9150E-10 9.2873E-10 9.6847E-10 1.0081E-09 1.0488E-09 1.0906E-09 1.1352E-09 1.1795E-09 1.2249E-09 1.2731E-09 1.3210E-09 1.3701E-09 1.4219E-09 1.4735E-09 1.5262E-09 1.5800E-09 1.6367E-09 1.6929E-09 1.7503E-09 1.8087E-09 1.8700E-09 1.9307E-09 1.9924E-09 2.0552E-09 2.1206E-09 2.1854E-09 2.2511E-09 2.3177E-09 2.3881E-09 2.4566E-09
2.4686E-10 2.6079E-10 2.7454E-10 2.8890E-10 3.0492E-10 3.2064E-10 3.3703E-10 3.5520E-10 3.7308E-10 3.9275E-10 4.1222E-10 4.3246E-10 4.5461E-10 4.7657E-10 4.9939E-10 5.2421E-10 5.4888E-10 5.7557E-10 6.0217E-10 6.2972E-10 6.5963E-10 6.8926E-10 7.1990E-10 7.5298E-10 7.8581E-10 8.1971E-10 8.5612E-10 8.9231E-10 9.2961E-10 9.6947E-10 1.0091E-09 1.0500E-09 1.0919E-09 1.1366E-09 1.1810E-09 1.2266E-09 1.2749E-09 1.3230E-09 1.3722E-09 1.4242E-09 1.4759E-09 1.5288E-09 1.5844E-09 1.6397E-09 1.6962E-09 1.7537E-09 1.8140E-09 1.8739E-09 1.9348E-09 1.9968E-09 2.0598E-09 2.1256E-09 2.1906E-09 2.2566E-09 2.3235E-09 2.3944E-09 2.4632E-09
2.4655E-10 2.6049E-10 2.7424E-10 2.8859E-10 3.0463E-10 3.2035E-10 3.3775E-10 3.5492E-10 3.7281E-10 3.9249E-10 4.1197E-10 4.3222E-10 4.5439E-10 4.7637E-10 5.0027E-10 5.2406E-10 5.4874E-10 5.7547E-10 6.0209E-10 6.2967E-10 6.5963E-10 6.8929E-10 7.1997E-10 7.5312E-10 7.8600E-10 8.1994E-10 8.5643E-10 8.9268E-10 9.3004E-10 9.6999E-10 1.0097E-09 1.0506E-09 1.0941E-09 1.1375E-09 1.1820E-09 1.2277E-09 1.2761E-09 1.3243E-09 1.3736E-09 1.4258E-09 1.4776E-09 1.5307E-09 1.5865E-09 1.6419E-09 1.6985E-09 1.7563E-09 1.8168E-09 1.8769E-09 1.9380E-09 2.0002E-09 2.0634E-09 2.1295E-09 2.1948E-09 2.2610E-09 2.3281E-09 2.3994E-09 2.4685E-09
2.4612E-10 2.6007E-10 2.7380E-10 2.8815E-10 3.0419E-10 3.1990E-10 3.3731E-10 3.5447E-10 3.7235E-10 3.9205E-10 4.1152E-10 4.3177E-10 4.5395E-10 4.7593E-10 4.9985E-10 5.2364E-10 5.4833E-10 5.7508E-10 6.0172E-10 6.3063E-10 6.5931E-10 6.8899E-10 7.2103E-10 7.5288E-10 7.8579E-10 8.2113E-10 8.5631E-10 8.9259E-10 9.3000E-10 9.7002E-10 1.0098E-09 1.0508E-09 1.0944E-09 1.1378E-09 1.1823E-09 1.2296E-09 1.2767E-09 1.3249E-09 1.3759E-09 1.4267E-09 1.4786E-09 1.5317E-09 1.5877E-09 1.6433E-09 1.7000E-09 1.7579E-09 1.8186E-09 1.8789E-09 1.9402E-09 2.0026E-09 2.0677E-09 2.1322E-09 2.1978E-09 2.2642E-09 2.3347E-09 2.4032E-09 2.4725E-09
2.4558E-10 2.5952E-10 2.7324E-10 2.8856E-10 3.0360E-10 3.1929E-10 3.3670E-10 3.5385E-10 3.7172E-10 3.9141E-10 4.1087E-10 4.3216E-10 4.5330E-10 4.7526E-10 4.9919E-10 5.2297E-10 5.4873E-10 5.7442E-10 6.0105E-10 6.2998E-10 6.5866E-10 6.8834E-10 7.2041E-10 7.5227E-10 7.8518E-10 8.2056E-10 8.5576E-10 8.9206E-10 9.3088E-10 9.6956E-10 1.0094E-09 1.0504E-09 1.0940E-09 1.1375E-09 1.1821E-09 1.2294E-09 1.2765E-09 1.3249E-09 1.3759E-09 1.4268E-09 1.4788E-09 1.5336E-09 1.5881E-09 1.6438E-09 1.7007E-09 1.7603E-09 1.8195E-09 1.8799E-09 1.9414E-09 2.0039E-09 2.0692E-09 2.1339E-09 2.1996E-09 2.2663E-09 2.3370E-09 2.4057E-09 2.4753E-09
2.4493E-10 2.5885E-10 2.7254E-10 2.8785E-10 3.0287E-10 3.1854E-10 3.3593E-10 3.5306E-10 3.7090E-10 3.9058E-10 4.1002E-10 4.3130E-10 4.5242E-10 4.7436E-10 4.9828E-10 5.2205E-10 5.4780E-10 5.7347E-10 6.0008E-10 6.2901E-10 6.5768E-10 6.8735E-10 7.1943E-10 7.5128E-10 7.8419E-10 8.1958E-10 8.5478E-10 8.9108E-10 9.2993E-10 9.6861E-10 1.0084E-09 1.0494E-09 1.0931E-09 1.1366E-09 1.1812E-09 1.2286E-09 1.2758E-09 1.3241E-09 1.3753E-09 1.4262E-09 1.4783E-09 1.5331E-09 1.5877E-09 1.6435E-09 1.7004E-09 1.7601E-09 1.8195E-09 1.8800E-09 1.9415E-09 2.0041E-09 2.0696E-09 2.1345E-09 2.2003E-09 2.2671E-09 2.3381E-09 2.4070E-09 2.4768E-09
2.4416E-10 2.5805E-10 2.7172E-10 2.8701E-10 3.0199E-10 3.1763E-10 3.3500E-10 3.5210E-10 3.7093E-10 3.8957E-10 4.0897E-10 4.3023E-10 4.5132E-10 4.7323E-10 4.9713E-10 5.2086E-10 5.4660E-10 5.7224E-10 5.9882E-10 6.2774E-10 6.5638E-10 6.8602E-10 7.1809E-10 7.4991E-10 7.8280E-10 8.1819E-10 8.5337E-10 8.8965E-10 9.2850E-10 9.6717E-10 1.0070E-09 1.0480E-09 1.0917E-09 1.1351E-09 1.1798E-09 1.2272E-09 1.2744E-09 1.3227E-09 1.3739E-09 1.4248E-09 1.4769E-09 1.5319E-09 1.5865E-09 1.6423E-09 1.6993E-09 1.7591E-09 1.8185E-09 1.8790E-09 1.9407E-09 2.0034E-09 2.0690E-09 2.1339E-09 2.1999E-09 2.2698E-09 2.3380E-09 2.4070E-09 2.4800E-09
2.4327E-10 2.5714E-10 2.7077E-10 2.8603E-10 3.0097E-10 3.1657E-10 3.3392E-10 3.5097E-10 3.6977E-10 3.8837E-10 4.0773E-10 4.2896E-10 4.5000E-10 4.7292E-10 4.9574E-10 5.1942E-10 5.4513E-10 5.7072E-10 5.9726E-10 6.2615E-10 6.5475E-10 6.8435E-10 7.1639E-10 7.4818E-10 7.8102E-10 8.1639E-10 8.5152E-10 8.8777E-10 9.2661E-10 9.6524E-10 1.0050E-09 1.0474E-09 1.0897E-09 1.1331E-09 1.1777E-09 1.2252E-09 1.2723E-09 1.3222E-09 1.3719E-09 1.4228E-09 1.4749E-09 1.5298E-09 1.5845E-09 1.6403E-09 1.6973E-09 1.7571E-09 1.8166E-09 1.8771E-09 1.9388E-09 2.0033E-09 2.0673E-09 2.1323E-09 2.1983E-09 2.2684E-09 2.3366E-09 2.4057E-09 2.4789E-09
2.4227E-10 2.5610E-10 2.6969E-10 2.8491E-10 2.9981E-10 3.1536E-10 3.3267E-10 3.4967E-10 3.6844E-10 3.8698E-10 4.0629E-10 4.2747E-10 4.4846E-10 4.7134E-10 4.9410E-10 5.1773E-10 5.4339E-10 5.6893E-10 5.9541E-10 6.2426E-10 6.5280E-10 6.8233E-10 7.1434E-10 7.4606E-10 7.7884E-10 8.1418E-10 8.4925E-10 8.8544E-10 9.2425E-10 9.6282E-10 1.0026E-09 1.0449E-09 1.0871E-09 1.1305E-09 1.1766E-09 1.2225E-09 1.2696E-09 1.3194E-09 1.3691E-09 1.4199E-09 1.4736E-09 1.5270E-09 1.5816E-09 1.6374E-09 1.6960E-09 1.7543E-09 1.8137E-09 1.8742E-09 1.9359E-09 2.0005E-09 2.0645E-09 2.1295E-09 2.1955E-09 2.2657E-09 2.3340E-09 2.4032E-09 2.4766E-09
2.4200E-10 2.5495E-10 2.6848E-10 2.8366E-10 2.9851E-10 3.1501E-10 3.3126E-10 3.4821E-10 3.6692E-10 3.8541E-10 4.0465E-10 4.2579E-10 4.4671E-10 4.6953E-10 4.9222E-10 5.1578E-10 5.4139E-10 5.6685E-10 5.9458E-10 6.2206E-10 6.5052E-10 6.8133E-10 7.1193E-10 7.4358E-10 7.7766E-10 8.1156E-10 8.4656E-10 8.8267E-10 9.2142E-10 9.5992E-10 9.9957E-10 1.0419E-09 1.0840E-09 1.1273E-09 1.1733E-09 1.2192E-09 1.2662E-09 1.3160E-09 1.3656E-09 1.4164E-09 1.4700E-09 1.5233E-09 1.5779E-09 1.6336E-09 1.6922E-09 1.7505E-09 1.8098E-09 1.8704E-09 1.9320E-09 1.9966E-09 2.0606E-09 2.1256E-09 2.1916E-09 2.2619E-09 2.3302E-09 2.3994E-09 2.4729E-09
2.4078E-10 2.5368E-10 2.6715E-10 2.8228E-10 2.9707E-10 3.1352E-10 3.2970E-10 3.4658E-10 3.6524E-10 3.8365E-10 4.0282E-10 4.2389E-10 4.4474E-10 4.6750E-10 4.9011E-10 5.1359E-10 5.3912E-10 5.6450E-10 5.9215E-10 6.1955E-10 6.4792E-10 6.7866E-10 7.0917E-10 7.4072E-10 7.7472E-10 8.0853E-10 8.4344E-10 8.8086E-10 9.1812E-10 9.5652E-10 9.9608E-10 1.0383E-09 1.0804E-09 1.1236E-09 1.1695E-09 1.2152E-09 1.2622E-09 1.3119E-09 1.3614E-09 1.4121E-09 1.4657E-09 1.5189E-09 1.5734E-09 1.6290E-09 1.6876E-09 1.7457E-09 1.8051E-09 1.8655E-09 1.9271E-09 1.9916E-09 2.0556E-09 2.1205E-09 2.1896E-09 2.2569E-09 2.3251E-09 2.3974E-09 2.4678E-09
2.3946E-10 2.5229E-10 2.6570E-10 2.8077E-10 2.9549E-10 3.1187E-10 3.2799E-10 3.4479E-10 3.6338E-10 3.8171E-10 4.0080E-10 4.2180E-10 4.4256E-10 4.6524E-10 4.8776E-10 5.1222E-10 5.3659E-10 5.6188E-10 5.8944E-10 6.1673E-10 6.4500E-10 6.7565E-10 7.0605E-10 7.3750E-10 7.7141E-10 8.0510E-10 8.3989E-10 8.7722E-10 9.1437E-10 9.5265E-10 9.9209E-10 1.0342E-09 1.0761E-09 1.1192E-09 1.1651E-09 1.2107E-09 1.2575E-09 1.3072E-09 1.3565E-09 1.4071E-09 1.4606E-09 1.5137E-09 1.5681E-09 1.6236E-09 1.6821E-09 1.7401E-09 1.7993E-09 1.8597E-09 1.9229E-09 1.9857E-09 2.0495E-09 2.1144E-09 2.1834E-09 2.2506E-09 2.3188E-09 2.3911E-09 2.4615E-09
2.3802E-10 2.5079E-10 2.6413E-10 2.7913E-10 2.9377E-10 3.1009E-10 3.2612E-10 3.4284E-10 3.6135E-10 3.7959E-10 3.9964E-10 4.1950E-10 4.4016E-10 4.6275E-10 4.8517E-10 5.0954E-10 5.3380E-10 5.5898E-10 5.8644E-10 6.1362E-10 6.4177E-10 6.7231E-10 7.0259E-10 7.3391E-10 7.6771E-10 8.0128E-10 8.3593E-10 8.7315E-10 9.1015E-10 9.4830E-10 9.8904E-10 1.0296E-09 1.0714E-09 1.1143E-09 1.1601E-09 1.2055E-09 1.2522E-09 1.3017E-09 1.3509E-09 1.4014E-09 1.4547E-09 1.5077E-09 1.5619E-09 1.6173E-09 1.6757E-09 1.7336E-09 1.7927E-09 1.8529E-09 1.9160E-09 1.9786E-09 2.0423E-09 2.1071E-09 2.1761E-09 2.2432E-09 2.3113E-09 2.3836E-09 2.4539E-09
2.3648E-10 2.4917E-10 2.6244E-10 2.7736E-10 2.9192E-10 3.0816E-10 3.2410E-10 3.4073E-10 3.5915E-10 3.7730E-10 3.9725E-10 4.1701E-10 4.3756E-10 4.6005E-10 4.8236E-10 5.0662E-10 5.3076E-10 5.5582E-10 5.8317E-10 6.1021E-10 6.3823E-10 6.6865E-10 6.9879E-10 7.2997E-10 7.6364E-10 7.9706E-10 8.3156E-10 8.6864E-10 9.0549E-10 9.4348E-10 9.8408E-10 1.0245E-09 1.0661E-09 1.1089E-09 1.1544E-09 1.1997E-09 1.2478E-09 1.2956E-09 1.3447E-09 1.3965E-09 1.4481E-09 1.5010E-09 1.5550E-09 1.6119E-09 1.6684E-09 1.7262E-09 1.7851E-09 1.8451E-09 1.9081E-09 1.9706E-09 2.0341E-09 2.0987E-09 2.1676E-09 2.2346E-09 2.3025E-09 2.3748E-09 2.4449E-09
2.3483E-10 2.4744E-10 2.6063E-10 2.7547E-10 2.8994E-10 3.0609E-10 3.2194E-10 3.3847E-10 3.5679E-10 3.7483E-10 3.9468E-10 4.1432E-10 4.3476E-10 4.5714E-10 4.7932E-10 5.0346E-10 5.2747E-10 5.5239E-10 5.7961E-10 6.0651E-10 6.3439E-10 6.6467E-10 6.9465E-10 7.2567E-10 7.5919E-10 7.9245E-10 8.2679E-10 8.6370E-10 9.0038E-10 9.3820E-10 9.7863E-10 1.0189E-09 1.0603E-09 1.1044E-09 1.1483E-09 1.1934E-09 1.2412E-09 1.2889E-09 1.3377E-09 1.3894E-09 1.4408E-09 1.4934E-09 1.5473E-09 1.6039E-09 1.6603E-09 1.7178E-09 1.7766E-09 1.8364E-09 1.8992E-09 1.9615E-09 2.0248E-09 2.0923E-09 2.1580E-09 2.2248E-09 2.2926E-09 2.3647E-09 2.4347E-09
2.3309E-10 2.4561E-10 2.5969E-10 2.7346E-10 2.8783E-10 3.0388E-10 3.1963E-10 3.3605E-10 3.5426E-10 3.7219E-10 3.9193E-10 4.1145E-10 4.3176E-10 4.5401E-10 4.7605E-10 5.0006E-10 5.2393E-10 5.4870E-10 5.7578E-10 6.0253E-10 6.3024E-10 6.6036E-10 6.9018E-10 7.2103E-10 7.5438E-10 7.8746E-10 8.2161E-10 8.5835E-10 8.9484E-10 9.3245E-10 9.7270E-10 1.0127E-09 1.0539E-09 1.0978E-09 1.1415E-09 1.1864E-09 1.2341E-09 1.2815E-09 1.3301E-09 1.3815E-09 1.4327E-09 1.4851E-09 1.5387E-09 1.5952E-09 1.6513E-09 1.7087E-09 1.7671E-09 1.8267E-09 1.8894E-09 1.9514E-09 2.0145E-09 2.0817E-09 2.1473E-09 2.2138E-09 2.2845E-09 2.3534E-09 2.4232E-09
2.3124E-10 2.4367E-10 2.5766E-10 2.7132E-10 2.8560E-10 3.0154E-10 3.1718E-10 3.3348E-10 3.5158E-10 3.6939E-10 3.8900E-10 4.0839E-10 4.2856E-10 4.5067E-10 4.7257E-10 4.9643E-10 5.2015E-10 5.4476E-10 5.7168E-10 5.9826E-10 6.2580E-10 6.5575E-10 6.8539E-10 7.1604E-10 7.4922E-10 7.8209E-10 8.1604E-10 8.5258E-10 8.8886E-10 9.2626E-10 9.6629E-10 1.0061E-09 1.0471E-09 1.0907E-09 1.1342E-09 1.1788E-09 1.2263E-09 1.2734E-09 1.3218E-09 1.3730E-09 1.4240E-09 1.4761E-09 1.5294E-09 1.5857E-09 1.6415E-09 1.6986E-09 1.7568E-09 1.8179E-09 1.8785E-09 1.9403E-09 2.0031E-09 2.0702E-09 2.1354E-09 2.2018E-09 2.2722E-09 2.3408E-09 2.4104E-09
2.2929E-10 2.4162E-10 2.5551E-10 2.6907E-10 2.8324E-10 2.9907E-10 3.1459E-10 3.3077E-10 3.4874E-10 3.6642E-10 3.8589E-10 4.0514E-10 4.2517E-10 4.4714E-10 4.6888E-10 4.9258E-10 5.1613E-10 5.4057E-10 5.6732E-10 5.9371E-10 6.2106E-10 6.5083E-10 6.8027E-10 7.1209E-10 7.4369E-10 7.7635E-10 8.1008E-10 8.4641E-10 8.8246E-10 9.1962E-10 9.5942E-10 9.9899E-10 1.0397E-09 1.0831E-09 1.1263E-09 1.1707E-09 1.2179E-09 1.2648E-09 1.3129E-09 1.3638E-09 1.4145E-09 1.4663E-09 1.5194E-09 1.5754E-09 1.6309E-09 1.6877E-09 1.7456E-09 1.8064E-09 1.8667E-09 1.9282E-09 1.9908E-09 2.0575E-09 2.1225E-09 2.1885E-09 2.2588E-09 2.3271E-09 2.3964E-09
2.2724E-10 2.3948E-10 2.5326E-10 2.6671E-10 2.8075E-10 2.9647E-10 3.1186E-10 3.2791E-10 3.4576E-10 3.6329E-10 3.8262E-10 4.0172E-10 4.2159E-10 4.4340E-10 4.6497E-10 4.8851E-10 5.1188E-10 5.3613E-10 5.6270E-10 5.8890E-10 6.1738E-10 6.4562E-10 6.7484E-10 7.0645E-10 7.3783E-10 7.7026E-10 8.0515E-10 8.3984E-10 8.7564E-10 9.1254E-10 9.5210E-10 9.9140E-10 1.0319E-09 1.0750E-09 1.1179E-09 1.1620E-09 1.2089E-09 1.2555E-09 1.3033E-09 1.3540E-09 1.4043E-09 1.4559E-09 1.5086E-09 1.5643E-09 1.6195E-09 1.6759E-09 1.7335E-09 1.7940E-09 1.8540E-09 1.9151E-09 1.9774E-09 2.0439E-09 2.1085E-09 2.1742E-09 2.2441E-09 2.3121E-09 2.3811E-09
2.2511E-10 2.3723E-10 2.5090E-10 2.6423E-10 2.7816E-10 2.9374E-10 3.0900E-10 3.2492E-10 3.4262E-10 3.6000E-10 3.7918E-10 3.9812E-10 4.1783E-10 4.3947E-10 4.6087E-10 4.8422E-10 5.0740E-10 5.3146E-10 5.5783E-10 5.8382E-10 6.1210E-10 6.4011E-10 6.6910E-10 7.0048E-10 7.3162E-10 7.6380E-10 7.9845E-10 8.3289E-10 8.6841E-10 9.0505E-10 9.4434E-10 9.8335E-10 1.0235E-09 1.0664E-09 1.1090E-09 1.1528E-09 1.1994E-09 1.2457E-09 1.2931E-09 1.3435E-09 1.3935E-09 1.4447E-09 1.4971E-09 1.5524E-09 1.6073E-09 1.6633E-09 1.7206E-09 1.7807E-09 1.8404E-09 1.9011E-09 1.9630E-09 2.0291E-09 2.0934E-09 2.1587E-09 2.2284E-09 2.2960E-09 2.3646E-09
2.2288E-10 2.3489E-10 2.4844E-10 2.6165E-10 2.7544E-10 2.9090E-10 3.0602E-10 3.2179E-10 3.3934E-10 3.5657E-10 3.7559E-10 3.9436E-10 4.1495E-10 4.3535E-10 4.5656E-10 4.7972E-10 5.0270E-10 5.2786E-10 5.5271E-10 5.7849E-10 6.0654E-10 6.3432E-10 6.6307E-10 6.9421E-10 7.2509E-10 7.5701E-10 7.9139E-10 8.2555E-10 8.6079E-10 8.9713E-10 9.3613E-10 9.7484E-10 1.0147E-09 1.0573E-09 1.0995E-09 1.1430E-09 1.1892E-09 1.2352E-09 1.2823E-09 1.3323E-09 1.3820E-09 1.4328E-09 1.4864E-09 1.5398E-09 1.5943E-09 1.6500E-09 1.7068E-09 1.7666E-09 1.8258E-09 1.8862E-09 1.9476E-09 2.0134E-09 2.0773E-09 2.1422E-09 2.2115E-09 2.2787E-09 2.3469E-09
2.2056E-10 2.3246E-10 2.4588E-10 2.5896E-10 2.7262E-10 2.8793E-10 3.0291E-10 3.1853E-10 3.3592E-10 3.5298E-10 3.7183E-10 3.9043E-10 4.1083E-10 4.3105E-10 4.5206E-10 4.7502E-10 4.9779E-10 5.2273E-10 5.4736E-10 5.7290E-10 6.0072E-10 6.2825E-10 6.5675E-10 6.8762E-10 7.1824E-10 7.4988E-10 7.8398E-10 8.1785E-10 8.5279E-10 8.8882E-10 9.2751E-10 9.6589E-10 1.0054E-09 1.0476E-09 1.0896E-09 1.1342E-09 1.1786E-09 1.2242E-09 1.2709E-09 1.3205E-09 1.3698E-09 1.4202E-09 1.4735E-09 1.5264E-09 1.5805E-09 1.6358E-09 1.6922E-09 1.7516E-09 1.8104E-09 1.8703E-09 1.9344E-09 1.9967E-09 2.0602E-09 2.1247E-09 2.1935E-09 2.2603E-09 2.3281E-09
