Assets/Resources/2015_m01_d14_1800(utc+0800)_l00_csi_1hr_conc.grd
DSAA
         159         159
     -79.000      79.000
     -79.000      79.000
  0.0000E+00  0.4965E-04
[rows 0 to 24 of 159, columns 0 to 56 of 159]
1.2976E-09 1.4972E-09 1.7263E-09 2.0427E-09 2.4262E-09 2.9808E-09 3.5795E-09 4.3293E-09 5.1874E-09 6.1307E-09 7.1819E-09 8.3504E-09 9.5821E-09 1.0744E-08 1.1774E-08 1.2640E-08 1.3330E-08 1.3845E-08 1.4200E-08 1.4412E-08 1.4505E-08 1.4498E-08 1.4410E-08 1.4260E-08 1.4060E-08 1.3825E-08 1.3564E-08 1.3284E-08 1.2991E-08 1.2689E-08 1.2382E-08 1.2073E-08 1.1764E-08 1.1455E-08 1.1148E-08 1.0842E-08 1.0538E-08 1.0236E-08 9.9347E-09 9.6345E-09 9.3348E-09 9.0352E-09 8.7358E-09 8.4365E-09 8.1375E-09 7.8391E-09 7.5414E-09 7.2448E-09 6.9516E-09 6.6623E-09 6.3793E-09 6.1058E-09 5.8386E-09 5.5796E-09 5.3257E-09 5.0769E-09 4.8319E-09
1.3415E-09 1.5469E-09 1.7838E-09 2.1271E-09 2.5438E-09 3.0918E-09 3.7151E-09 4.4902E-09 5.3720E-09 6.3426E-09 7.4244E-09 8.6275E-09 9.8822E-09 1.1055E-08 1.2089E-08 1.2953E-08 1.3636E-08 1.4144E-08 1.4490E-08 1.4695E-08 1.4780E-08 1.4765E-08 1.4673E-08 1.4518E-08 1.4317E-08 1.4081E-08 1.3819E-08 1.3539E-08 1.3246E-08 1.2945E-08 1.2639E-08 1.2333E-08 1.2026E-08 1.1719E-08 1.1414E-08 1.1111E-08 1.0809E-08 1.0508E-08 1.0207E-08 9.9061E-09 9.6047E-09 9.3027E-09 9.0001E-09 8.6970E-09 8.3934E-09 8.0896E-09 7.7859E-09 7.4827E-09 7.1824E-09 6.8855E-09 6.5944E-09 6.3130E-09 6.0372E-09 5.7689E-09 5.5056E-09 5.2468E-09 4.9917E-09
1.3806E-09 1.5916E-09 1.8349E-09 2.1887E-09 2.6494E-09 3.1884E-09 3.8337E-09 4.6295E-09 5.5304E-09 6.5233E-09 7.6308E-09 8.8626E-09 1.0135E-08 1.1314E-08 1.2349E-08 1.3210E-08 1.3888E-08 1.4390E-08 1.4731E-08 1.4930E-08 1.5010E-08 1.4993E-08 1.4898E-08 1.4744E-08 1.4543E-08 1.4308E-08 1.4048E-08 1.3770E-08 1.3480E-08 1.3182E-08 1.2883E-08 1.2581E-08 1.2278E-08 1.1977E-08 1.1677E-08 1.1378E-08 1.1079E-08 1.0780E-08 1.0480E-08 1.0179E-08 9.8770E-09 9.5737E-09 9.2690E-09 8.9629E-09 8.6555E-09 8.3472E-09 8.0381E-09 7.7288E-09 7.4221E-09 7.1182E-09 6.8196E-09 6.5301E-09 6.2458E-09 5.9679E-09 5.6952E-09 5.4264E-09 5.1610E-09
1.4150E-09 1.6311E-09 1.8955E-09 2.2413E-09 2.7169E-09 3.2693E-09 3.9329E-09 4.7453E-09 5.6599E-09 6.6703E-09 7.7988E-09 9.0544E-09 1.0336E-08 1.1519E-08 1.2552E-08 1.3410E-08 1.4084E-08 1.4583E-08 1.4919E-08 1.5116E-08 1.5195E-08 1.5178E-08 1.5086E-08 1.4934E-08 1.4736E-08 1.4505E-08 1.4249E-08 1.3977E-08 1.3693E-08 1.3405E-08 1.3111E-08 1.2815E-08 1.2520E-08 1.2226E-08 1.1932E-08 1.1637E-08 1.1341E-08 1.1045E-08 1.0747E-08 1.0447E-08 1.0145E-08 9.8412E-09 9.5350E-09 9.2265E-09 8.9158E-09 8.6033E-09 8.2893E-09 7.9742E-09 7.6611E-09 7.3505E-09 7.0443E-09 6.7466E-09 6.4538E-09 6.1663E-09 5.8841E-09 5.6048E-09 5.3289E-09
1.4448E-09 1.6642E-09 1.9330E-09 2.3000E-09 2.7709E-09 3.3340E-09 4.0119E-09 4.8356E-09 5.7590E-09 6.7829E-09 7.9299E-09 9.1996E-09 1.0484E-08 1.1666E-08 1.2697E-08 1.3552E-08 1.4224E-08 1.4719E-08 1.5055E-08 1.5252E-08 1.5335E-08 1.5322E-08 1.5234E-08 1.5088E-08 1.4897E-08 1.4672E-08 1.4425E-08 1.4161E-08 1.3886E-08 1.3606E-08 1.3322E-08 1.3037E-08 1.2751E-08 1.2464E-08 1.2176E-08 1.1887E-08 1.1596E-08 1.1303E-08 1.1008E-08 1.0711E-08 1.0410E-08 1.0107E-08 9.8000E-09 9.4899E-09 9.1767E-09 8.8607E-09 8.5422E-09 8.2218E-09 7.9028E-09 7.5856E-09 7.2722E-09 6.9664E-09 6.6654E-09 6.3686E-09 6.0768E-09 5.7871E-09 5.5008E-09
1.4695E-09 1.6912E-09 1.9630E-09 2.3335E-09 2.8119E-09 3.3817E-09 4.0687E-09 4.8999E-09 5.8275E-09 6.8606E-09 8.0178E-09 9.2958E-09 1.0578E-08 1.1755E-08 1.2783E-08 1.3635E-08 1.4304E-08 1.4800E-08 1.5138E-08 1.5340E-08 1.5429E-08 1.5423E-08 1.5343E-08 1.5205E-08 1.5024E-08 1.4810E-08 1.4573E-08 1.4321E-08 1.4059E-08 1.3791E-08 1.3518E-08 1.3245E-08 1.2969E-08 1.2690E-08 1.2410E-08 1.2128E-08 1.1843E-08 1.1556E-08 1.1265E-08 1.0971E-08 1.0673E-08 1.0370E-08 1.0064E-08 9.7528E-09 9.4378E-09 9.1190E-09 8.7966E-09 8.4716E-09 8.1469E-09 7.8235E-09 7.5035E-09 7.1903E-09 6.8815E-09 6.5753E-09 6.2740E-09 5.9738E-09 5.6769E-09
1.4885E-09 1.7118E-09 1.9856E-09 2.3565E-09 2.8388E-09 3.4128E-09 4.1057E-09 4.9379E-09 5.8656E-09 6.9011E-09 8.0626E-09 9.3415E-09 1.0617E-08 1.1788E-08 1.2810E-08 1.3658E-08 1.4328E-08 1.4825E-08 1.5170E-08 1.5380E-08 1.5476E-08 1.5481E-08 1.5412E-08 1.5287E-08 1.5119E-08 1.4919E-08 1.4696E-08 1.4460E-08 1.4212E-08 1.3958E-08 1.3701E-08 1.3438E-08 1.3173E-08 1.2905E-08 1.2634E-08 1.2360E-08 1.2083E-08 1.1802E-08 1.1517E-08 1.1227E-08 1.0932E-08 1.0632E-08 1.0327E-08 1.0016E-08 9.7003E-09 9.3792E-09 9.0536E-09 8.7243E-09 8.3947E-09 8.0663E-09 7.7405E-09 7.4198E-09 7.1029E-09 6.7874E-09 6.4760E-09 6.1652E-09 5.8576E-09
1.5022E-09 1.7265E-09 1.9997E-09 2.3542E-09 2.8522E-09 3.4274E-09 4.1216E-09 4.9496E-09 5.8723E-09 6.9052E-09 8.0638E-09 9.3388E-09 1.0602E-08 1.1765E-08 1.2780E-08 1.3625E-08 1.4295E-08 1.4799E-08 1.5151E-08 1.5370E-08 1.5479E-08 1.5497E-08 1.5443E-08 1.5334E-08 1.5182E-08 1.4999E-08 1.4796E-08 1.4575E-08 1.4345E-08 1.4107E-08 1.3862E-08 1.3615E-08 1.3362E-08 1.3105E-08 1.2847E-08 1.2583E-08 1.2315E-08 1.2042E-08 1.1764E-08 1.1480E-08 1.1190E-08 1.0894E-08 1.0591E-08 1.0281E-08 9.9652E-09 9.6429E-09 9.3154E-09 8.9839E-09 8.6506E-09 8.3177E-09 7.9860E-09 7.6578E-09 7.3329E-09 7.0086E-09 6.6873E-09 6.3662E-09 6.0481E-09
1.5104E-09 1.7348E-09 1.9904E-09 2.3576E-09 2.8237E-09 3.4252E-09 4.1164E-09 4.9357E-09 5.8490E-09 6.8734E-09 8.0240E-09 9.2891E-09 1.0538E-08 1.1687E-08 1.2694E-08 1.3537E-08 1.4210E-08 1.4720E-08 1.5081E-08 1.5314E-08 1.5437E-08 1.5473E-08 1.5438E-08 1.5347E-08 1.5215E-08 1.5054E-08 1.4868E-08 1.4668E-08 1.4455E-08 1.4234E-08 1.4006E-08 1.3772E-08 1.3535E-08 1.3293E-08 1.3046E-08 1.2793E-08 1.2536E-08 1.2272E-08 1.2002E-08 1.1725E-08 1.1441E-08 1.1149E-08 1.0849E-08 1.0541E-08 1.0227E-08 9.9048E-09 9.5767E-09 9.2433E-09 8.9060E-09 8.5678E-09 8.2304E-09 7.8951E-09 7.5628E-09 7.2299E-09 6.8988E-09 6.5670E-09 6.2381E-09
1.5129E-09 1.7360E-09 1.9897E-09 2.3367E-09 2.8129E-09 3.4067E-09 4.0912E-09 4.8978E-09 5.7976E-09 6.8085E-09 7.9477E-09 9.1962E-09 1.0425E-08 1.1559E-08 1.2557E-08 1.3398E-08 1.4074E-08 1.4592E-08 1.4965E-08 1.5213E-08 1.5355E-08 1.5411E-08 1.5397E-08 1.5329E-08 1.5219E-08 1.5079E-08 1.4916E-08 1.4735E-08 1.4543E-08 1.4339E-08 1.4129E-08 1.3914E-08 1.3691E-08 1.3464E-08 1.3231E-08 1.2991E-08 1.2745E-08 1.2492E-08 1.2231E-08 1.1962E-08 1.1684E-08 1.1398E-08 1.1103E-08 1.0800E-08 1.0488E-08 1.0167E-08 9.8383E-09 9.5026E-09 9.1617E-09 8.8193E-09 8.4771E-09 8.1353E-09 7.7958E-09 7.4546E-09 7.1136E-09 6.7714E-09 6.4319E-09
1.5103E-09 1.7311E-09 1.9817E-09 2.3228E-09 2.7610E-09 3.3729E-09 4.0477E-09 4.8388E-09 5.7195E-09 6.7141E-09 7.8372E-09 9.0623E-09 1.0267E-08 1.1384E-08 1.2373E-08 1.3211E-08 1.3891E-08 1.4418E-08 1.4805E-08 1.5072E-08 1.5235E-08 1.5313E-08 1.5322E-08 1.5278E-08 1.5194E-08 1.5077E-08 1.4936E-08 1.4778E-08 1.4606E-08 1.4425E-08 1.4234E-08 1.4035E-08 1.3831E-08 1.3619E-08 1.3401E-08 1.3176E-08 1.2942E-08 1.2701E-08 1.2451E-08 1.2191E-08 1.1922E-08 1.1644E-08 1.1355E-08 1.1057E-08 1.0748E-08 1.0428E-08 1.0099E-08 9.7620E-09 9.4190E-09 9.0731E-09 8.7269E-09 8.3795E-09 8.0328E-09 7.6833E-09 7.3327E-09 6.9802E-09 6.6298E-09
1.5027E-09 1.7204E-09 1.9669E-09 2.2866E-09 2.7302E-09 3.3255E-09 3.9877E-09 4.7597E-09 5.6199E-09 6.5927E-09 7.6945E-09 8.8913E-09 1.0070E-08 1.1168E-08 1.2146E-08 1.2981E-08 1.3665E-08 1.4202E-08 1.4607E-08 1.4893E-08 1.5078E-08 1.5180E-08 1.5215E-08 1.5198E-08 1.5137E-08 1.5046E-08 1.4930E-08 1.4796E-08 1.4648E-08 1.4487E-08 1.4316E-08 1.4138E-08 1.3951E-08 1.3759E-08 1.3557E-08 1.3347E-08 1.3130E-08 1.2902E-08 1.2665E-08 1.2417E-08 1.2159E-08 1.1890E-08 1.1609E-08 1.1315E-08 1.1009E-08 1.0692E-08 1.0364E-08 1.0028E-08 9.6834E-09 9.3351E-09 8.9861E-09 8.6336E-09 8.2799E-09 7.9221E-09 7.5617E-09 7.1985E-09 6.8373E-09
1.4904E-09 1.7042E-09 1.9458E-09 2.2432E-09 2.6765E-09 3.2408E-09 3.9133E-09 4.6626E-09 5.4993E-09 6.4473E-09 7.5230E-09 8.6886E-09 9.8382E-09 1.0915E-08 1.1881E-08 1.2712E-08 1.3400E-08 1.3950E-08 1.4371E-08 1.4678E-08 1.4886E-08 1.5014E-08 1.5077E-08 1.5085E-08 1.5052E-08 1.4988E-08 1.4899E-08 1.4790E-08 1.4665E-08 1.4527E-08 1.4378E-08 1.4221E-08 1.4056E-08 1.3880E-08 1.3697E-08 1.3505E-08 1.3303E-08 1.3092E-08 1.2868E-08 1.2634E-08 1.2386E-08 1.2126E-08 1.1851E-08 1.1564E-08 1.1264E-08 1.0950E-08 1.0624E-08 1.0288E-08 9.9445E-09 9.5948E-09 9.2430E-09 8.8852E-09 8.5242E-09 8.1581E-09 7.7880E-09 7.4146E-09 7.0429E-09
1.4737E-09 1.6830E-09 1.9189E-09 2.1939E-09 2.5992E-09 3.1475E-09 3.8259E-09 4.5504E-09 5.3613E-09 6.2804E-09 7.3274E-09 8.4581E-09 9.5771E-09 1.0632E-08 1.1583E-08 1.2410E-08 1.3103E-08 1.3664E-08 1.4101E-08 1.4429E-08 1.4662E-08 1.4818E-08 1.4907E-08 1.4944E-08 1.4941E-08 1.4904E-08 1.4843E-08 1.4758E-08 1.4659E-08 1.4544E-08 1.4421E-08 1.4285E-08 1.4140E-08 1.3986E-08 1.3822E-08 1.3651E-08 1.3467E-08 1.3271E-08 1.3063E-08 1.2841E-08 1.2605E-08 1.2354E-08 1.2089E-08 1.1810E-08 1.1515E-08 1.1206E-08 1.0884E-08 1.0551E-08 1.0208E-08 9.8574E-09 9.5021E-09 9.1392E-09 8.7709E-09 8.3967E-09 8.0175E-09 7.6343E-09 7.2525E-09
1.4530E-09 1.6572E-09 1.8868E-09 2.1562E-09 2.5476E-09 3.0480E-09 3.7277E-09 4.4260E-09 5.2090E-09 6.0969E-09 7.1123E-09 8.2061E-09 9.2918E-09 1.0321E-08 1.1257E-08 1.2079E-08 1.2775E-08 1.3347E-08 1.3801E-08 1.4150E-08 1.4411E-08 1.4592E-08 1.4710E-08 1.4777E-08 1.4803E-08 1.4795E-08 1.4759E-08 1.4703E-08 1.4629E-08 1.4542E-08 1.4441E-08 1.4330E-08 1.4208E-08 1.4077E-08 1.3936E-08 1.3782E-08 1.3617E-08 1.3438E-08 1.3244E-08 1.3038E-08 1.2815E-08 1.2577E-08 1.2323E-08 1.2053E-08 1.1766E-08 1.1463E-08 1.1146E-08 1.0817E-08 1.0476E-08 1.0124E-08 9.7660E-09 9.3988E-09 9.0241E-09 8.6430E-09 8.2553E-09 7.8633E-09 7.4716E-09
1.4188E-09 1.6273E-09 1.8499E-09 2.1133E-09 2.4464E-09 2.9588E-09 3.5934E-09 4.2919E-09 5.0454E-09 5.9030E-09 6.8830E-09 7.9362E-09 8.9869E-09 9.9892E-09 1.0908E-08 1.1723E-08 1.2421E-08 1.3003E-08 1.3474E-08 1.3847E-08 1.4131E-08 1.4340E-08 1.4487E-08 1.4584E-08 1.4639E-08 1.4659E-08 1.4653E-08 1.4623E-08 1.4578E-08 1.4517E-08 1.4443E-08 1.4357E-08 1.4261E-08 1.4152E-08 1.4031E-08 1.3897E-08 1.3750E-08 1.3590E-08 1.3415E-08 1.3224E-08 1.3016E-08 1.2790E-08 1.2547E-08 1.2287E-08 1.2010E-08 1.1715E-08 1.1403E-08 1.1077E-08 1.0738E-08 1.0386E-08 1.0026E-08 9.6546E-09 9.2739E-09 8.8861E-09 8.4906E-09 8.0899E-09 7.6879E-09
1.3667E-09 1.5937E-09 1.8090E-09 2.0661E-09 2.3894E-09 2.8504E-09 3.4277E-09 4.1506E-09 4.8751E-09 5.6997E-09 6.6420E-09 7.6526E-09 8.6657E-09 9.6397E-09 1.0541E-08 1.1346E-08 1.2046E-08 1.2637E-08 1.3125E-08 1.3519E-08 1.3827E-08 1.4064E-08 1.4241E-08 1.4367E-08 1.4450E-08 1.4500E-08 1.4522E-08 1.4525E-08 1.4507E-08 1.4474E-08 1.4426E-08 1.4366E-08 1.4293E-08 1.4207E-08 1.4107E-08 1.3995E-08 1.3870E-08 1.3728E-08 1.3571E-08 1.3397E-08 1.3204E-08 1.2995E-08 1.2766E-08 1.2517E-08 1.2248E-08 1.1962E-08 1.1657E-08 1.1337E-08 1.1001E-08 1.0650E-08 1.0288E-08 9.9142E-09 9.5288E-09 9.1356E-09 8.7331E-09 8.3244E-09 7.9133E-09
1.3144E-09 1.5518E-09 1.7646E-09 2.0147E-09 2.3277E-09 2.7256E-09 3.3069E-09 3.9766E-09 4.6991E-09 5.4891E-09 6.3919E-09 7.3590E-09 8.3330E-09 9.2782E-09 1.0158E-08 1.0954E-08 1.1654E-08 1.2254E-08 1.2757E-08 1.3169E-08 1.3503E-08 1.3767E-08 1.3972E-08 1.4126E-08 1.4240E-08 1.4320E-08 1.4374E-08 1.4404E-08 1.4415E-08 1.4408E-08 1.4388E-08 1.4353E-08 1.4304E-08 1.4241E-08 1.4166E-08 1.4078E-08 1.3972E-08 1.3852E-08 1.3713E-08 1.3557E-08 1.3384E-08 1.3188E-08 1.2971E-08 1.2734E-08 1.2477E-08 1.2201E-08 1.1905E-08 1.1591E-08 1.1258E-08 1.0908E-08 1.0545E-08 1.0169E-08 9.7799E-09 9.3819E-09 8.9730E-09 8.5568E-09 8.1367E-09
1.2326E-09 1.4923E-09 1.7172E-09 1.9599E-09 2.2634E-09 2.6488E-09 3.1706E-09 3.7767E-09 4.5187E-09 5.2739E-09 6.1363E-09 7.0584E-09 7.9930E-09 8.9076E-09 9.7666E-09 1.0551E-08 1.1249E-08 1.1856E-08 1.2372E-08 1.2804E-08 1.3160E-08 1.3450E-08 1.3682E-08 1.3866E-08 1.4009E-08 1.4121E-08 1.4203E-08 1.4262E-08 1.4300E-08 1.4323E-08 1.4328E-08 1.4319E-08 1.4295E-08 1.4259E-08 1.4208E-08 1.4141E-08 1.4059E-08 1.3958E-08 1.3843E-08 1.3705E-08 1.3545E-08 1.3365E-08 1.3163E-08 1.2943E-08 1.2701E-08 1.2437E-08 1.2151E-08 1.1842E-08 1.1513E-08 1.1166E-08 1.0803E-08 1.0426E-08 1.0036E-08 9.6337E-09 9.2193E-09 8.7965E-09 8.3683E-09
1.2033E-09 1.4183E-09 1.6673E-09 1.9023E-09 2.1958E-09 2.5683E-09 3.0209E-09 3.5928E-09 4.2787E-09 5.0556E-09 5.8773E-09 6.7545E-09 7.6493E-09 8.5318E-09 9.3681E-09 1.0141E-08 1.0835E-08 1.1447E-08 1.1974E-08 1.2424E-08 1.2802E-08 1.3117E-08 1.3376E-08 1.3588E-08 1.3762E-08 1.3900E-08 1.4011E-08 1.4097E-08 1.4165E-08 1.4214E-08 1.4246E-08 1.4264E-08 1.4269E-08 1.4257E-08 1.4230E-08 1.4187E-08 1.4128E-08 1.4051E-08 1.3952E-08 1.3832E-08 1.3690E-08 1.3528E-08 1.3348E-08 1.3144E-08 1.2916E-08 1.2664E-08 1.2386E-08 1.2084E-08 1.1760E-08 1.1415E-08 1.1054E-08 1.0679E-08 1.0287E-08 9.8819E-09 9.4627E-09 9.0339E-09 8.5982E-09
1.1668E-09 1.3257E-09 1.5754E-09 1.8429E-09 2.1253E-09 2.4841E-09 2.9184E-09 3.4298E-09 4.0790E-09 4.8374E-09 5.6173E-09 6.4502E-09 7.3049E-09 8.1545E-09 8.9673E-09 9.7253E-09 1.0415E-08 1.1029E-08 1.1567E-08 1.2034E-08 1.2432E-08 1.2770E-08 1.3054E-08 1.3294E-08 1.3492E-08 1.3659E-08 1.3797E-08 1.3914E-08 1.4008E-08 1.4085E-08 1.4145E-08 1.4191E-08 1.4220E-08 1.4235E-08 1.4233E-08 1.4215E-08 1.4177E-08 1.4118E-08 1.4041E-08 1.3941E-08 1.3822E-08 1.3682E-08 1.3519E-08 1.3333E-08 1.3121E-08 1.2881E-08 1.2614E-08 1.2320E-08 1.2001E-08 1.1663E-08 1.1307E-08 1.0934E-08 1.0542E-08 1.0135E-08 9.7121E-09 9.2785E-09 8.8363E-09
1.1393E-09 1.2873E-09 1.5068E-09 1.7817E-09 2.0525E-09 2.3976E-09 2.8129E-09 3.3002E-09 3.8836E-09 4.5671E-09 5.3583E-09 6.1477E-09 6.9624E-09 7.7793E-09 8.5670E-09 9.3084E-09 9.9925E-09 1.0608E-08 1.1155E-08 1.1635E-08 1.2051E-08 1.2409E-08 1.2717E-08 1.2980E-08 1.3206E-08 1.3399E-08 1.3566E-08 1.3709E-08 1.3832E-08 1.3936E-08 1.4024E-08 1.4096E-08 1.4152E-08 1.4191E-08 1.4214E-08 1.4217E-08 1.4201E-08 1.4167E-08 1.4112E-08 1.4038E-08 1.3941E-08 1.3822E-08 1.3679E-08 1.3510E-08 1.3313E-08 1.3084E-08 1.2826E-08 1.2540E-08 1.2231E-08 1.1900E-08 1.1548E-08 1.1177E-08 1.0787E-08 1.0378E-08 9.9529E-09 9.5149E-09 9.0670E-09
1.0935E-09 1.2422E-09 1.4059E-09 1.6749E-09 1.9782E-09 2.3089E-09 2.7050E-09 3.1548E-09 3.7040E-09 4.3613E-09 5.1022E-09 5.8491E-09 6.6245E-09 7.4082E-09 8.1696E-09 8.8939E-09 9.5701E-09 1.0185E-08 1.0738E-08 1.1227E-08 1.1658E-08 1.2035E-08 1.2365E-08 1.2652E-08 1.2903E-08 1.3123E-08 1.3316E-08 1.3486E-08 1.3636E-08 1.3768E-08 1.3882E-08 1.3980E-08 1.4060E-08 1.4124E-08 1.4169E-08 1.4198E-08 1.4207E-08 1.4197E-08 1.4168E-08 1.4117E-08 1.4044E-08 1.3947E-08 1.3826E-08 1.3675E-08 1.3492E-08 1.3278E-08 1.3032E-08 1.2759E-08 1.2460E-08 1.2138E-08 1.1793E-08 1.1428E-08 1.1040E-08 1.0633E-08 1.0206E-08 9.7659E-09 9.3145E-09
1.0145E-09 1.2066E-09 1.3536E-09 1.5833E-09 1.8879E-09 2.2190E-09 2.5957E-09 3.0245E-09 3.5286E-09 4.1312E-09 4.8504E-09 5.5561E-09 6.2930E-09 7.0432E-09 7.7780E-09 8.4837E-09 9.1489E-09 9.7597E-09 1.0316E-08 1.0814E-08 1.1258E-08 1.1653E-08 1.2002E-08 1.2311E-08 1.2586E-08 1.2831E-08 1.3050E-08 1.3245E-08 1.3422E-08 1.3578E-08 1.3717E-08 1.3838E-08 1.3944E-08 1.4033E-08 1.4104E-08 1.4158E-08 1.4194E-08 1.4210E-08 1.4205E-08 1.4179E-08 1.4131E-08 1.4059E-08 1.3955E-08 1.3821E-08 1.3653E-08 1.3453E-08 1.3224E-08 1.2964E-08 1.2677E-08 1.2366E-08 1.2030E-08 1.1670E-08 1.1286E-08 1.0880E-08 1.0454E-08 1.0013E-08 9.5584E-09
9.8909E-10 1.1538E-09 1.3062E-09 1.4942E-09 1.7904E-09 2.1284E-09 2.4856E-09 2.8932E-09 3.3695E-09 3.9210E-09 4.5778E-09 5.2701E-09 5.9690E-09 6.6855E-09 7.3929E-09 8.0780E-09 8.7301E-09 9.3348E-09 9.8922E-09 1.0397E-08 1.0852E-08 1.1262E-08 1.1629E-08 1.1959E-08 1.2256E-08 1.2524E-08 1.2766E-08 1.2987E-08 1.3186E-08 1.3366E-08 1.3528E-08 1.3676E-08 1.3807E-08 1.3922E-08 1.4019E-08 1.4099E-08 1.4160E-08 1.4202E-08 1.4223E-08 1.4224E-08 1.4201E-08 1.4148E-08 1.4065E-08 1.3947E-08 1.3800E-08 1.3619E-08 1.3404E-08 1.3159E-08 1.2887E-08 1.2588E-08 1.2261E-08 1.1908E-08 1.1531E-08 1.1129E-08 1.0705E-08 1.0264E-08 9.8093E-09
