Assets/Resources/2015_m01_d09_1800(utc+0800)_l00_csi_1hr_conc.grd
DSAA
         159         159
     -79.000      79.000
     -79.000      79.000
  0.8473E-09  0.2192E-04
[rows 75 to 99 of 159, columns 0 to 56 of 159]
2.8572E-09 2.9950E-09 3.1358E-09 3.2479E-09 3.3709E-09 3.4859E-09 3.6230E-09 3.7619E-09 3.9056E-09 4.0506E-09 4.2033E-09 4.3640E-09 4.5331E-09 4.7110E-09 4.8981E-09 5.0947E-09 5.3796E-09 5.6390E-09 5.8920E-09 6.1604E-09 6.4452E-09 6.7805E-09 7.1332E-09 7.5247E-09 7.9460E-09 8.6080E-09 9.1443E-09 9.7660E-09 1.0422E-08 1.1147E-08 1.1990E-08 1.2902E-08 1.3911E-08 1.5039E-08 1.6354E-08 1.7795E-08 1.9415E-08 2.1237E-08 2.3329E-08 2.5641E-08 2.8229E-08 3.1113E-08 3.4312E-08 3.7909E-08 4.1820E-08 4.6094E-08 5.0736E-08 5.5740E-08 6.1184E-08 6.6933E-08 7.3023E-08 7.9555E-08 8.6368E-08 9.3654E-08 1.0131E-07 1.0933E-07 1.1814E-07
2.9183E-09 3.0529E-09 3.1951E-09 3.3010E-09 3.4281E-09 3.5567E-09 3.6887E-09 3.8389E-09 3.9813E-09 4.1312E-09 4.2892E-09 4.4557E-09 4.6309E-09 4.8154E-09 5.0094E-09 5.2135E-09 5.5134E-09 5.7849E-09 6.0491E-09 6.3298E-09 6.6370E-09 6.9799E-09 7.3503E-09 7.7601E-09 8.3023E-09 8.9112E-09 9.4766E-09 1.0129E-08 1.0819E-08 1.1579E-08 1.2468E-08 1.3427E-08 1.4491E-08 1.5676E-08 1.7054E-08 1.8562E-08 2.0256E-08 2.2156E-08 2.4333E-08 2.6737E-08 2.9421E-08 3.2407E-08 3.5714E-08 3.9426E-08 4.3457E-08 4.7857E-08 5.2629E-08 5.7768E-08 6.3356E-08 6.9255E-08 7.5503E-08 8.2209E-08 8.9083E-08 9.6379E-08 1.0405E-07 1.1227E-07 1.2144E-07
2.9921E-09 3.0981E-09 3.2452E-09 3.3692E-09 3.4854E-09 3.6239E-09 3.7706E-09 3.9101E-09 4.0571E-09 4.2121E-09 4.3755E-09 4.5477E-09 4.7291E-09 4.9201E-09 5.1212E-09 5.4086E-09 5.6726E-09 5.9318E-09 6.2074E-09 6.5003E-09 6.8289E-09 7.1847E-09 7.5688E-09 8.0920E-09 8.6715E-09 9.2203E-09 9.8109E-09 1.0494E-08 1.1218E-08 1.2020E-08 1.2951E-08 1.3951E-08 1.5068E-08 1.6307E-08 1.7743E-08 1.9314E-08 2.1075E-08 2.3046E-08 2.5299E-08 2.7781E-08 3.0547E-08 3.3619E-08 3.7013E-08 4.0814E-08 4.4935E-08 4.9425E-08 5.4287E-08 5.9515E-08 6.5195E-08 7.1094E-08 7.7286E-08 8.3908E-08 9.0799E-08 9.8178E-08 1.0595E-07 1.1428E-07 1.2362E-07
3.0341E-09 3.1790E-09 3.2952E-09 3.4231E-09 3.5526E-09 3.6951E-09 3.8374E-09 3.9812E-09 4.1330E-09 4.2931E-09 4.4619E-09 4.6398E-09 4.8274E-09 5.0251E-09 5.2332E-09 5.5342E-09 5.8095E-09 6.0793E-09 6.3663E-09 6.6716E-09 7.0148E-09 7.3868E-09 7.7887E-09 8.3360E-09 8.9478E-09 9.5209E-09 1.0142E-08 1.0856E-08 1.1618E-08 1.2461E-08 1.3428E-08 1.4473E-08 1.5641E-08 1.6929E-08 1.8417E-08 2.0046E-08 2.1867E-08 2.3902E-08 2.6220E-08 2.8768E-08 3.1602E-08 3.4740E-08 3.8199E-08 4.2064E-08 4.6244E-08 5.0789E-08 5.5654E-08 6.0845E-08 6.6446E-08 7.2316E-08 7.8497E-08 8.5102E-08 9.1962E-08 9.9290E-08 1.0700E-07 1.1526E-07 1.2472E-07
3.0898E-09 3.2356E-09 3.3600E-09 3.4768E-09 3.6160E-09 3.7635E-09 3.9040E-09 4.0523E-09 4.2088E-09 4.3739E-09 4.5481E-09 4.7319E-09 4.9257E-09 5.1299E-09 5.3451E-09 5.6598E-09 5.9465E-09 6.2268E-09 6.5253E-09 6.8499E-09 7.2044E-09 7.5888E-09 8.0970E-09 8.6769E-09 9.2247E-09 9.8220E-09 1.0470E-08 1.1180E-08 1.2011E-08 1.2893E-08 1.3902E-08 1.4992E-08 1.6203E-08 1.7543E-08 1.9078E-08 2.0756E-08 2.2630E-08 2.4719E-08 2.7091E-08 2.9693E-08 3.2578E-08 3.5765E-08 3.9269E-08 4.3156E-08 4.7334E-08 5.1845E-08 5.6686E-08 6.1847E-08 6.7402E-08 7.3207E-08 7.9302E-08 8.5795E-08 9.2539E-08 9.9726E-08 1.0727E-07 1.1531E-07 1.2463E-07
3.1321E-09 3.2874E-09 3.4104E-09 3.5401E-09 3.6737E-09 3.8259E-09 3.9705E-09 4.1232E-09 4.2844E-09 4.4545E-09 4.6342E-09 4.8237E-09 5.0237E-09 5.2345E-09 5.5335E-09 5.8101E-09 6.0832E-09 6.3741E-09 6.6841E-09 7.0215E-09 7.3904E-09 7.7907E-09 8.3227E-09 8.9291E-09 9.4995E-09 1.0118E-08 1.0792E-08 1.1532E-08 1.2397E-08 1.3312E-08 1.4324E-08 1.5498E-08 1.6751E-08 1.8139E-08 1.9717E-08 2.1440E-08 2.3359E-08 2.5494E-08 2.7862E-08 3.0552E-08 3.3478E-08 3.6693E-08 4.0206E-08 4.4087E-08 4.8249E-08 5.2729E-08 5.7516E-08 6.2602E-08 6.8057E-08 7.3751E-08 7.9719E-08 8.6051E-08 9.2603E-08 9.9441E-08 1.0679E-07 1.1462E-07 1.2344E-07
3.2194E-09 3.3341E-09 3.4604E-09 3.5995E-09 3.7471E-09 3.8879E-09 4.0366E-09 4.1937E-09 4.3595E-09 4.5347E-09 4.7197E-09 4.9150E-09 5.1212E-09 5.3386E-09 5.6496E-09 5.9364E-09 6.2192E-09 6.5206E-09 6.8420E-09 7.1953E-09 7.5754E-09 8.0776E-09 8.6373E-09 9.1770E-09 9.7693E-09 1.0412E-08 1.1115E-08 1.1886E-08 1.2770E-08 1.3723E-08 1.4776E-08 1.5982E-08 1.7274E-08 1.8713E-08 2.0331E-08 2.2093E-08 2.4050E-08 2.6230E-08 2.8640E-08 3.1363E-08 3.4308E-08 3.7530E-08 4.1038E-08 4.4892E-08 4.9009E-08 5.3426E-08 5.8136E-08 6.3127E-08 6.8456E-08 7.4003E-08 7.9789E-08 8.5892E-08 9.2182E-08 9.8713E-08 1.0566E-07 1.1314E-07 1.2130E-07
3.2628E-09 3.3903E-09 3.5196E-09 3.6530E-09 3.8048E-09 3.9494E-09 4.1022E-09 4.2636E-09 4.4341E-09 4.6143E-09 4.8047E-09 5.0057E-09 5.2179E-09 5.4418E-09 5.7647E-09 6.0617E-09 6.3540E-09 6.6659E-09 6.9986E-09 7.3646E-09 7.7582E-09 8.2789E-09 8.8614E-09 9.4250E-09 1.0037E-08 1.0702E-08 1.1431E-08 1.2227E-08 1.3141E-08 1.4125E-08 1.5212E-08 1.6447E-08 1.7781E-08 1.9255E-08 2.0880E-08 2.2727E-08 2.4725E-08 2.6932E-08 2.9365E-08 3.2097E-08 3.5046E-08 3.8264E-08 4.1753E-08 4.5511E-08 4.9627E-08 5.3969E-08 5.8581E-08 6.3447E-08 6.8549E-08 7.3976E-08 7.9545E-08 8.5301E-08 9.1361E-08 9.7513E-08 1.0407E-07 1.1099E-07 1.1827E-07
3.3110E-09 3.4366E-09 3.5748E-09 3.7157E-09 3.8621E-09 4.0104E-09 4.1671E-09 4.3328E-09 4.5080E-09 4.6931E-09 4.8887E-09 5.0954E-09 5.3137E-09 5.6182E-09 5.9027E-09 6.1855E-09 6.4873E-09 6.8094E-09 7.1561E-09 7.5317E-09 8.0190E-09 8.5622E-09 9.0848E-09 9.6661E-09 1.0299E-08 1.0988E-08 1.1739E-08 1.2559E-08 1.3465E-08 1.4513E-08 1.5631E-08 1.6901E-08 1.8282E-08 1.9800E-08 2.1453E-08 2.3328E-08 2.5354E-08 2.7580E-08 3.0023E-08 3.2751E-08 3.5691E-08 3.8887E-08 4.2346E-08 4.6070E-08 5.0117E-08 5.4364E-08 5.8857E-08 6.3580E-08 6.8511E-08 7.3715E-08 7.9029E-08 8.4488E-08 9.0183E-08 9.5937E-08 1.0196E-07 1.0837E-07 1.1494E-07
3.3633E-09 3.4822E-09 3.6240E-09 3.7748E-09 3.9186E-09 4.0706E-09 4.2313E-09 4.4012E-09 4.5809E-09 4.7709E-09 4.9718E-09 5.1840E-09 5.4082E-09 5.7228E-09 6.0162E-09 6.3075E-09 6.6186E-09 6.9507E-09 7.3084E-09 7.6961E-09 8.2007E-09 8.7631E-09 9.3035E-09 9.9042E-09 1.0554E-08 1.1265E-08 1.2040E-08 1.2889E-08 1.3818E-08 1.4898E-08 1.6046E-08 1.7319E-08 1.8766E-08 2.0310E-08 2.1992E-08 2.3887E-08 2.5932E-08 2.8173E-08 3.0620E-08 3.3332E-08 3.6252E-08 3.9414E-08 4.2822E-08 4.6474E-08 5.0433E-08 5.4593E-08 5.8958E-08 6.3507E-08 6.8234E-08 7.3189E-08 7.8233E-08 8.3383E-08 8.8698E-08 9.4055E-08 9.9585E-08 1.0533E-07 1.1115E-07
3.4057E-09 3.5370E-09 3.6820E-09 3.8271E-09 3.9743E-09 4.1299E-09 4.2945E-09 4.4686E-09 4.6528E-09 4.8476E-09 5.0535E-09 5.2712E-09 5.5012E-09 5.8256E-09 6.1276E-09 6.4273E-09 6.7474E-09 7.0893E-09 7.4576E-09 7.9294E-09 8.4516E-09 8.9604E-09 9.5208E-09 1.0139E-08 1.0805E-08 1.1541E-08 1.2335E-08 1.3205E-08 1.4161E-08 1.5266E-08 1.6451E-08 1.7754E-08 1.9225E-08 2.0791E-08 2.2497E-08 2.4407E-08 2.6466E-08 2.8714E-08 3.1159E-08 3.3810E-08 3.6737E-08 3.9840E-08 4.3183E-08 4.6749E-08 5.0588E-08 5.4607E-08 5.8828E-08 6.3235E-08 6.7769E-08 7.2406E-08 7.7231E-08 8.2058E-08 8.6915E-08 9.1953E-08 9.6964E-08 1.0197E-07 1.0722E-07
3.4475E-09 3.5875E-09 3.7363E-09 3.8786E-09 4.0291E-09 4.1883E-09 4.3567E-09 4.5349E-09 4.7234E-09 4.9229E-09 5.1338E-09 5.3569E-09 5.5926E-09 5.9263E-09 6.2367E-09 6.5444E-09 6.8732E-09 7.2246E-09 7.6033E-09 8.0893E-09 8.6281E-09 9.1554E-09 9.7318E-09 1.0366E-08 1.1053E-08 1.1807E-08 1.2619E-08 1.3506E-08 1.4491E-08 1.5588E-08 1.6834E-08 1.8158E-08 1.9649E-08 2.1236E-08 2.2962E-08 2.4846E-08 2.6950E-08 2.9199E-08 3.1636E-08 3.4269E-08 3.7153E-08 4.0204E-08 4.3459E-08 4.6912E-08 5.0581E-08 5.4510E-08 5.8569E-08 6.2781E-08 6.7126E-08 7.1572E-08 7.6121E-08 8.0634E-08 8.5145E-08 8.9719E-08 9.4386E-08 9.8892E-08 1.0343E-07
3.4884E-09 3.6316E-09 3.7838E-09 3.9292E-09 4.0829E-09 4.2455E-09 4.4177E-09 4.5998E-09 4.7926E-09 4.9966E-09 5.2124E-09 5.4407E-09 5.6820E-09 6.0247E-09 6.3430E-09 6.6585E-09 6.9958E-09 7.3563E-09 7.8087E-09 8.3059E-09 8.7968E-09 9.3405E-09 9.9341E-09 1.0583E-08 1.1290E-08 1.2056E-08 1.2886E-08 1.3798E-08 1.4812E-08 1.5925E-08 1.7190E-08 1.8537E-08 2.0004E-08 2.1643E-08 2.3387E-08 2.5281E-08 2.7383E-08 2.9626E-08 3.2048E-08 3.4653E-08 3.7444E-08 4.0489E-08 4.3673E-08 4.7037E-08 5.0568E-08 5.4318E-08 5.8208E-08 6.2231E-08 6.6361E-08 7.0563E-08 7.4838E-08 7.9221E-08 8.3478E-08 8.7664E-08 9.1848E-08 9.5832E-08 9.9634E-08
3.5439E-09 3.6842E-09 3.8303E-09 3.9786E-09 4.1355E-09 4.3015E-09 4.4773E-09 4.6633E-09 4.8602E-09 5.0687E-09 5.2892E-09 5.5225E-09 5.7692E-09 6.1203E-09 6.4463E-09 6.7692E-09 7.1145E-09 7.4837E-09 7.9451E-09 8.4579E-09 8.9653E-09 9.5205E-09 1.0128E-08 1.0789E-08 1.1514E-08 1.2291E-08 1.3141E-08 1.4065E-08 1.5104E-08 1.6235E-08 1.7481E-08 1.8884E-08 2.0366E-08 2.2012E-08 2.3768E-08 2.5666E-08 2.7720E-08 2.9992E-08 3.2395E-08 3.4971E-08 3.7720E-08 4.0698E-08 4.3808E-08 4.7080E-08 5.0502E-08 5.4058E-08 5.7805E-08 6.1624E-08 6.5569E-08 6.9573E-08 7.3601E-08 7.7603E-08 8.1667E-08 8.5577E-08 8.9263E-08 9.2856E-08 9.6116E-08
3.5836E-09 3.7329E-09 3.8758E-09 4.0269E-09 4.1868E-09 4.3561E-09 4.5353E-09 4.7251E-09 4.9261E-09 5.1388E-09 5.3639E-09 5.6021E-09 5.9287E-09 6.2373E-09 6.5461E-09 6.8762E-09 7.2291E-09 7.6615E-09 8.1324E-09 8.6051E-09 9.1248E-09 9.6924E-09 1.0314E-08 1.0987E-08 1.1724E-08 1.2515E-08 1.3378E-08 1.4329E-08 1.5380E-08 1.6525E-08 1.7789E-08 1.9198E-08 2.0690E-08 2.2304E-08 2.4103E-08 2.6002E-08 2.8051E-08 3.0302E-08 3.2680E-08 3.5222E-08 3.7927E-08 4.0788E-08 4.3868E-08 4.7052E-08 5.0375E-08 5.3820E-08 5.7424E-08 6.1075E-08 6.4782E-08 6.8522E-08 7.2309E-08 7.6050E-08 7.9790E-08 8.3353E-08 8.6738E-08 8.9908E-08 9.2801E-08
3.6224E-09 3.7746E-09 3.9200E-09 4.0739E-09 4.2368E-09 4.4092E-09 4.5918E-09 4.7852E-09 4.9900E-09 5.2068E-09 5.4363E-09 5.6792E-09 6.0124E-09 6.3272E-09 6.6422E-09 6.9790E-09 7.3391E-09 7.7803E-09 8.2614E-09 8.7451E-09 9.2738E-09 9.8543E-09 1.0485E-08 1.1174E-08 1.1918E-08 1.2723E-08 1.3599E-08 1.4567E-08 1.5628E-08 1.6792E-08 1.8067E-08 1.9444E-08 2.0975E-08 2.2599E-08 2.4390E-08 2.6288E-08 2.8326E-08 3.0512E-08 3.2903E-08 3.5409E-08 3.8064E-08 4.0867E-08 4.3865E-08 4.6963E-08 5.0186E-08 5.3517E-08 5.6931E-08 6.0470E-08 6.4002E-08 6.7539E-08 7.1046E-08 7.4477E-08 7.7864E-08 8.1174E-08 8.4240E-08 8.7036E-08 8.9516E-08
3.6600E-09 3.8151E-09 3.9630E-09 4.1195E-09 4.2852E-09 4.4607E-09 4.6465E-09 4.8433E-09 5.0518E-09 5.2726E-09 5.5063E-09 5.7536E-09 6.0928E-09 6.4134E-09 6.7342E-09 7.0773E-09 7.4903E-09 7.9378E-09 8.3852E-09 8.8786E-09 9.4168E-09 1.0006E-08 1.0648E-08 1.1345E-08 1.2096E-08 1.2914E-08 1.3809E-08 1.4786E-08 1.5855E-08 1.7032E-08 1.8306E-08 1.9692E-08 2.1222E-08 2.2851E-08 2.4597E-08 2.6521E-08 2.8547E-08 3.0711E-08 3.3015E-08 3.5521E-08 3.8129E-08 4.0877E-08 4.3752E-08 4.6803E-08 4.9924E-08 5.3140E-08 5.6425E-08 5.9758E-08 6.3177E-08 6.6533E-08 6.9834E-08 7.3032E-08 7.6103E-08 7.8999E-08 8.1840E-08 8.4324E-08 8.6511E-08
3.7122E-09 3.8543E-09 4.0045E-09 4.1636E-09 4.3320E-09 4.5104E-09 4.6993E-09 4.8994E-09 5.1114E-09 5.3359E-09 5.5736E-09 5.8252E-09 6.1698E-09 6.4957E-09 6.8219E-09 7.1708E-09 7.5905E-09 8.0457E-09 8.5018E-09 9.0034E-09 9.5477E-09 1.0146E-08 1.0800E-08 1.1503E-08 1.2264E-08 1.3091E-08 1.3997E-08 1.4982E-08 1.6061E-08 1.7244E-08 1.8515E-08 1.9904E-08 2.1401E-08 2.3052E-08 2.4793E-08 2.6660E-08 2.8697E-08 3.0837E-08 3.3114E-08 3.5567E-08 3.8125E-08 4.0810E-08 4.3620E-08 4.6535E-08 4.9598E-08 5.2701E-08 5.5863E-08 5.9054E-08 6.2254E-08 6.5510E-08 6.8620E-08 7.1627E-08 7.4482E-08 7.7148E-08 7.9573E-08 8.1726E-08 8.3754E-08
3.7480E-09 3.8921E-09 4.0447E-09 4.2061E-09 4.3771E-09 4.5582E-09 4.7501E-09 4.9533E-09 5.1687E-09 5.3967E-09 5.6382E-09 5.8937E-09 6.2432E-09 6.5738E-09 6.9051E-09 7.2972E-09 7.7207E-09 8.1460E-09 8.6095E-09 9.1145E-09 9.6686E-09 1.0275E-08 1.0934E-08 1.1645E-08 1.2411E-08 1.3251E-08 1.4161E-08 1.5156E-08 1.6238E-08 1.7418E-08 1.8697E-08 2.0078E-08 2.1572E-08 2.3170E-08 2.4931E-08 2.6783E-08 2.8791E-08 3.0905E-08 3.3150E-08 3.5522E-08 3.8060E-08 4.0691E-08 4.3429E-08 4.6267E-08 4.9187E-08 5.2229E-08 5.5273E-08 5.8344E-08 6.1408E-08 6.4421E-08 6.7425E-08 7.0268E-08 7.2948E-08 7.5438E-08 7.7664E-08 7.9623E-08 8.1275E-08
3.7824E-09 3.9286E-09 4.0832E-09 4.2470E-09 4.4204E-09 4.6041E-09 4.7987E-09 5.0049E-09 5.2234E-09 5.4547E-09 5.6997E-09 5.9590E-09 6.3126E-09 6.6476E-09 6.9834E-09 7.3803E-09 7.8086E-09 8.2393E-09 8.7082E-09 9.2189E-09 9.7786E-09 1.0387E-08 1.1055E-08 1.1771E-08 1.2544E-08 1.3387E-08 1.4306E-08 1.5302E-08 1.6387E-08 1.7560E-08 1.8831E-08 2.0198E-08 2.1693E-08 2.3285E-08 2.4995E-08 2.6853E-08 2.8806E-08 3.0911E-08 3.3118E-08 3.5453E-08 3.7899E-08 4.0493E-08 4.3168E-08 4.5928E-08 4.8763E-08 5.1647E-08 5.4618E-08 5.7578E-08 6.0510E-08 6.3380E-08 6.6159E-08 6.8894E-08 7.1412E-08 7.3752E-08 7.5839E-08 7.7668E-08 7.9171E-08
3.8154E-09 3.9635E-09 4.1202E-09 4.2861E-09 4.4618E-09 4.6479E-09 4.8451E-09 5.0540E-09 5.2754E-09 5.5099E-09 5.7582E-09 6.0209E-09 6.3780E-09 6.7168E-09 7.0871E-09 7.4576E-09 7.8900E-09 8.3252E-09 8.7987E-09 9.3141E-09 9.8744E-09 1.0490E-08 1.1162E-08 1.1881E-08 1.2662E-08 1.3510E-08 1.4425E-08 1.5416E-08 1.6498E-08 1.7664E-08 1.8933E-08 2.0297E-08 2.1764E-08 2.3357E-08 2.5049E-08 2.6877E-08 2.8803E-08 3.0843E-08 3.3031E-08 3.5311E-08 3.7707E-08 4.0201E-08 4.2829E-08 4.5513E-08 4.8257E-08 5.1061E-08 5.3883E-08 5.6736E-08 5.9555E-08 6.2299E-08 6.4957E-08 6.7472E-08 6.9910E-08 7.2093E-08 7.4041E-08 7.5742E-08 7.7191E-08
3.8470E-09 3.9968E-09 4.1554E-09 4.3233E-09 4.5011E-09 4.6895E-09 4.8891E-09 5.1006E-09 5.3247E-09 5.5620E-09 5.8133E-09 6.0793E-09 6.4391E-09 6.7812E-09 7.1548E-09 7.5289E-09 7.9645E-09 8.4035E-09 8.8808E-09 9.3998E-09 9.9635E-09 1.0579E-08 1.1254E-08 1.1977E-08 1.2760E-08 1.3605E-08 1.4518E-08 1.5508E-08 1.6584E-08 1.7748E-08 1.8998E-08 2.0362E-08 2.1811E-08 2.3389E-08 2.5057E-08 2.6836E-08 2.8748E-08 3.0752E-08 3.2866E-08 3.5116E-08 3.7450E-08 3.9885E-08 4.2397E-08 4.5017E-08 4.7691E-08 5.0390E-08 5.3118E-08 5.5843E-08 5.8548E-08 6.1167E-08 6.3702E-08 6.6110E-08 6.8354E-08 7.0385E-08 7.2297E-08 7.3923E-08 7.5291E-08
3.8770E-09 4.0285E-09 4.1889E-09 4.3586E-09 4.5384E-09 4.7289E-09 4.9307E-09 5.1445E-09 5.3711E-09 5.6110E-09 5.8651E-09 6.1340E-09 6.4959E-09 6.8407E-09 7.2169E-09 7.5942E-09 8.0322E-09 8.4742E-09 8.9543E-09 9.4750E-09 1.0042E-08 1.0659E-08 1.1335E-08 1.2057E-08 1.2837E-08 1.3681E-08 1.4591E-08 1.5576E-08 1.6640E-08 1.7800E-08 1.9040E-08 2.0386E-08 2.1824E-08 2.3362E-08 2.5020E-08 2.6774E-08 2.8629E-08 3.0590E-08 3.2677E-08 3.4848E-08 3.7138E-08 3.9502E-08 4.1948E-08 4.4463E-08 4.7046E-08 4.9656E-08 5.2289E-08 5.4909E-08 5.7474E-08 5.9997E-08 6.2403E-08 6.4692E-08 6.6826E-08 6.8784E-08 7.0566E-08 7.2178E-08 7.3517E-08
3.9055E-09 4.0585E-09 4.2205E-09 4.3920E-09 4.5736E-09 4.7659E-09 4.9698E-09 5.1857E-09 5.4145E-09 5.6568E-09 5.9133E-09 6.1848E-09 6.5483E-09 6.8952E-09 7.2734E-09 7.6531E-09 8.0927E-09 8.5369E-09 9.0182E-09 9.5413E-09 1.0109E-08 1.0727E-08 1.1393E-08 1.2123E-08 1.2900E-08 1.3740E-08 1.4642E-08 1.5620E-08 1.6677E-08 1.7823E-08 1.9054E-08 2.0371E-08 2.1800E-08 2.3313E-08 2.4925E-08 2.6663E-08 2.8484E-08 3.0404E-08 3.2421E-08 3.4551E-08 3.6757E-08 3.9062E-08 4.1434E-08 4.3868E-08 4.6346E-08 4.8858E-08 5.1400E-08 5.3902E-08 5.6374E-08 5.8767E-08 6.1063E-08 6.3264E-08 6.5312E-08 6.7202E-08 6.8900E-08 7.0421E-08 7.1732E-08
3.9324E-09 4.0868E-09 4.2502E-09 4.4232E-09 4.6065E-09 4.8006E-09 5.0062E-09 5.2240E-09 5.4548E-09 5.6992E-09 5.9579E-09 6.2318E-09 6.5960E-09 6.9446E-09 7.3241E-09 7.7057E-09 8.1461E-09 8.5911E-09 9.0742E-09 9.5979E-09 1.0166E-08 1.0777E-08 1.1447E-08 1.2173E-08 1.2946E-08 1.3778E-08 1.4676E-08 1.5643E-08 1.6690E-08 1.7815E-08 1.9036E-08 2.0335E-08 2.1726E-08 2.3225E-08 2.4810E-08 2.6488E-08 2.8289E-08 3.0167E-08 3.2136E-08 3.4193E-08 3.6346E-08 3.8571E-08 4.0859E-08 4.3218E-08 4.5613E-08 4.8028E-08 5.0456E-08 5.2853E-08 5.5225E-08 5.7528E-08 5.9730E-08 6.1824E-08 6.3790E-08 6.5614E-08 6.7286E-08 6.8762E-08 7.0009E-08
