Assets/Resources/2015_m01_d15_1000(utc+0800)_l00_csi_1hr_conc.grd
DSAA
         159         159
     -79.000      79.000
     -79.000      79.000
  0.0000E+00  0.7543E-06
[rows 50 to 74 of 159, columns 57 to 113 of 159]
2.6739E-09 2.8229E-09 2.9854E-09 3.1531E-09 3.3976E-09 3.6059E-09 3.8321E-09 4.0651E-09 4.3076E-09 4.6490E-09 4.9444E-09 5.2517E-09 5.5639E-09 5.8861E-09 6.2171E-09 6.5557E-09 6.8998E-09 7.2460E-09 7.5936E-09 7.9420E-09 8.2913E-09 8.6348E-09 8.9692E-09 9.2875E-09 9.5846E-09 9.8554E-09 1.0095E-08 1.0308E-08 1.0492E-08 1.0649E-08 1.0780E-08 1.0877E-08 1.0946E-08 1.0994E-08 1.1037E-08 1.1067E-08 1.1077E-08 1.1087E-08 1.1096E-08 1.1083E-08 1.1113E-08 1.1089E-08 1.1136E-08 1.1174E-08 1.1203E-08 1.1234E-08 1.1252E-08 1.1267E-08 1.1270E-08 1.1270E-08 1.1264E-08 1.1249E-08 1.1223E-08 1.1193E-08 1.1152E-08 1.1097E-08 1.1027E-08
2.7258E-09 2.8856E-09 3.0529E-09 3.2991E-09 3.5073E-09 3.7352E-09 3.9723E-09 4.2210E-09 4.5758E-09 4.8829E-09 5.2040E-09 5.5326E-09 5.8749E-09 6.2302E-09 6.5962E-09 6.9716E-09 7.3530E-09 7.7410E-09 8.1327E-09 8.5232E-09 8.9124E-09 9.2903E-09 9.6553E-09 1.0003E-08 1.0324E-08 1.0611E-08 1.0863E-08 1.1079E-08 1.1258E-08 1.1403E-08 1.1512E-08 1.1589E-08 1.1639E-08 1.1664E-08 1.1672E-08 1.1649E-08 1.1635E-08 1.1621E-08 1.1608E-08 1.1609E-08 1.1612E-08 1.1539E-08 1.1573E-08 1.1606E-08 1.1630E-08 1.1645E-08 1.1662E-08 1.1668E-08 1.1668E-08 1.1659E-08 1.1648E-08 1.1631E-08 1.1603E-08 1.1562E-08 1.1515E-08 1.1458E-08 1.1385E-08
2.7813E-09 2.9466E-09 3.1915E-09 3.3989E-09 3.6262E-09 3.8661E-09 4.1206E-09 4.4838E-09 4.8006E-09 5.1328E-09 5.4774E-09 5.8389E-09 6.2175E-09 6.6112E-09 7.0182E-09 7.4361E-09 7.8688E-09 8.3100E-09 8.7524E-09 9.1866E-09 9.6142E-09 1.0026E-08 1.0429E-08 1.0808E-08 1.1155E-08 1.1464E-08 1.1731E-08 1.1952E-08 1.2132E-08 1.2269E-08 1.2364E-08 1.2418E-08 1.2434E-08 1.2402E-08 1.2367E-08 1.2319E-08 1.2250E-08 1.2184E-08 1.2157E-08 1.2129E-08 1.2110E-08 1.2009E-08 1.2034E-08 1.2051E-08 1.2069E-08 1.2077E-08 1.2079E-08 1.2083E-08 1.2075E-08 1.2063E-08 1.2039E-08 1.2016E-08 1.1985E-08 1.1941E-08 1.1886E-08 1.1823E-08 1.1746E-08
2.8350E-09 3.0759E-09 3.2812E-09 3.5066E-09 3.7469E-09 4.0044E-09 4.3725E-09 4.6959E-09 5.0375E-09 5.3961E-09 5.7750E-09 6.1744E-09 6.5950E-09 7.0310E-09 7.4896E-09 7.9685E-09 8.4611E-09 8.9568E-09 9.4458E-09 9.9271E-09 1.0406E-08 1.0871E-08 1.1319E-08 1.1737E-08 1.2116E-08 1.2449E-08 1.2728E-08 1.2954E-08 1.3126E-08 1.3244E-08 1.3313E-08 1.3336E-08 1.3315E-08 1.3257E-08 1.3172E-08 1.3054E-08 1.2926E-08 1.2830E-08 1.2741E-08 1.2677E-08 1.2635E-08 1.2503E-08 1.2512E-08 1.2519E-08 1.2519E-08 1.2520E-08 1.2515E-08 1.2502E-08 1.2493E-08 1.2473E-08 1.2447E-08 1.2410E-08 1.2370E-08 1.2321E-08 1.2261E-08 1.2192E-08 1.2111E-08
2.8897E-09 3.1550E-09 3.3770E-09 3.6156E-09 3.8731E-09 4.2425E-09 4.5687E-09 4.9174E-09 5.2869E-09 5.6801E-09 6.0978E-09 6.5403E-09 7.0045E-09 7.5005E-09 8.0259E-09 8.5665E-09 9.1176E-09 9.6649E-09 1.0222E-08 1.0775E-08 1.1326E-08 1.1852E-08 1.2351E-08 1.2813E-08 1.3228E-08 1.3592E-08 1.3893E-08 1.4127E-08 1.4292E-08 1.4393E-08 1.4434E-08 1.4417E-08 1.4337E-08 1.4203E-08 1.4045E-08 1.3883E-08 1.3717E-08 1.3514E-08 1.3381E-08 1.3279E-08 1.3184E-08 1.3084E-08 1.3009E-08 1.2999E-08 1.2987E-08 1.2971E-08 1.2955E-08 1.2938E-08 1.2912E-08 1.2885E-08 1.2852E-08 1.2812E-08 1.2762E-08 1.2706E-08 1.2639E-08 1.2562E-08 1.2475E-08
3.0222E-09 3.2388E-09 3.4738E-09 3.7285E-09 4.0946E-09 4.4207E-09 4.7726E-09 5.1493E-09 5.5533E-09 5.9854E-09 6.4455E-09 6.9351E-09 7.4639E-09 8.0281E-09 8.6163E-09 9.2205E-09 9.8375E-09 1.0468E-08 1.1109E-08 1.1747E-08 1.2367E-08 1.2956E-08 1.3524E-08 1.4045E-08 1.4511E-08 1.4913E-08 1.5236E-08 1.5474E-08 1.5629E-08 1.5704E-08 1.5703E-08 1.5632E-08 1.5495E-08 1.5299E-08 1.5072E-08 1.4808E-08 1.4548E-08 1.4306E-08 1.4089E-08 1.3920E-08 1.3783E-08 1.3868E-08 1.3522E-08 1.3492E-08 1.3466E-08 1.3436E-08 1.3405E-08 1.3373E-08 1.3343E-08 1.3303E-08 1.3259E-08 1.3211E-08 1.3153E-08 1.3090E-08 1.3017E-08 1.2933E-08 1.2839E-08
3.0928E-09 3.3233E-09 3.5720E-09 3.9309E-09 4.2537E-09 4.6048E-09 4.9844E-09 5.3949E-09 5.8363E-09 6.3103E-09 6.8173E-09 7.3708E-09 7.9692E-09 8.5986E-09 9.2572E-09 9.9396E-09 1.0652E-08 1.1379E-08 1.2115E-08 1.2840E-08 1.3555E-08 1.4247E-08 1.4906E-08 1.5505E-08 1.6034E-08 1.6480E-08 1.6829E-08 1.7075E-08 1.7220E-08 1.7263E-08 1.7212E-08 1.7069E-08 1.6842E-08 1.6540E-08 1.6194E-08 1.5848E-08 1.5503E-08 1.5157E-08 1.4859E-08 1.4621E-08 1.4595E-08 1.4190E-08 1.4047E-08 1.3999E-08 1.3950E-08 1.3906E-08 1.3861E-08 1.3815E-08 1.3770E-08 1.3725E-08 1.3670E-08 1.3611E-08 1.3545E-08 1.3472E-08 1.3393E-08 1.3302E-08 1.3230E-08
3.1657E-09 3.4075E-09 3.7534E-09 4.0691E-09 4.4166E-09 4.7941E-09 5.2056E-09 5.6516E-09 6.1339E-09 6.6529E-09 7.2183E-09 7.8437E-09 8.5106E-09 9.2143E-09 9.9581E-09 1.0744E-08 1.1557E-08 1.2392E-08 1.3237E-08 1.4085E-08 1.4930E-08 1.5743E-08 1.6501E-08 1.7189E-08 1.7796E-08 1.8305E-08 1.8694E-08 1.8956E-08 1.9087E-08 1.9087E-08 1.8967E-08 1.8738E-08 1.8407E-08 1.7997E-08 1.7532E-08 1.7043E-08 1.6545E-08 1.6096E-08 1.5719E-08 1.5510E-08 1.5042E-08 1.4798E-08 1.4598E-08 1.4511E-08 1.4445E-08 1.4378E-08 1.4316E-08 1.4256E-08 1.4197E-08 1.4139E-08 1.4077E-08 1.4007E-08 1.3933E-08 1.3854E-08 1.3765E-08 1.3671E-08 1.4442E-08
3.2361E-09 3.5660E-09 3.8712E-09 4.2114E-09 4.5820E-09 4.9889E-09 5.4339E-09 5.9186E-09 6.4437E-09 7.0143E-09 7.6526E-09 8.3447E-09 9.0827E-09 9.8802E-09 1.0731E-08 1.1623E-08 1.2550E-08 1.3518E-08 1.4510E-08 1.5514E-08 1.6504E-08 1.7450E-08 1.8344E-08 1.9161E-08 1.9880E-08 2.0474E-08 2.0918E-08 2.1200E-08 2.1317E-08 2.1267E-08 2.1063E-08 2.0713E-08 2.0245E-08 1.9669E-08 1.9040E-08 1.8392E-08 1.7769E-08 1.7193E-08 1.6729E-08 1.7377E-08 1.5766E-08 1.5482E-08 1.5191E-08 1.5028E-08 1.4937E-08 1.4855E-08 1.4773E-08 1.4696E-08 1.4621E-08 1.4548E-08 1.4477E-08 1.4397E-08 1.4313E-08 1.4224E-08 1.4130E-08 1.4430E-08 1.7647E-08
3.3050E-09 3.6634E-09 3.9910E-09 4.3519E-09 4.7487E-09 5.1871E-09 5.6682E-09 6.1918E-09 6.7646E-09 7.4029E-09 8.1076E-09 8.8715E-09 9.6978E-09 1.0595E-08 1.1557E-08 1.2572E-08 1.3650E-08 1.4780E-08 1.5946E-08 1.7128E-08 1.8290E-08 1.9425E-08 2.0501E-08 2.1479E-08 2.2331E-08 2.3023E-08 2.3528E-08 2.3834E-08 2.3931E-08 2.3818E-08 2.3511E-08 2.3023E-08 2.2386E-08 2.1627E-08 2.0803E-08 1.9958E-08 1.9120E-08 1.8402E-08 1.9224E-08 1.6998E-08 1.6545E-08 1.6177E-08 1.5810E-08 1.5604E-08 1.5425E-08 1.5322E-08 1.5225E-08 1.5129E-08 1.5037E-08 1.4949E-08 1.4866E-08 1.4781E-08 1.4685E-08 1.4585E-08 1.4674E-08 1.7789E-08 2.0921E-08
3.4498E-09 3.7604E-09 4.1087E-09 4.4919E-09 4.9166E-09 5.3875E-09 5.9035E-09 6.4707E-09 7.0995E-09 7.8052E-09 8.5793E-09 9.4224E-09 1.0345E-08 1.1353E-08 1.2434E-08 1.3604E-08 1.4862E-08 1.6175E-08 1.7543E-08 1.8935E-08 2.0327E-08 2.1694E-08 2.2983E-08 2.4161E-08 2.5174E-08 2.5994E-08 2.6588E-08 2.6932E-08 2.7013E-08 2.6829E-08 2.6392E-08 2.5729E-08 2.4877E-08 2.3891E-08 2.2810E-08 2.1722E-08 2.0677E-08 2.0917E-08 1.8654E-08 1.7965E-08 1.7383E-08 1.6876E-08 1.6438E-08 1.6165E-08 1.5936E-08 1.5779E-08 1.5663E-08 1.5550E-08 1.5442E-08 1.5338E-08 1.5241E-08 1.5147E-08 1.5045E-08 1.5008E-08 1.8149E-08 2.1250E-08 2.3569E-08
3.5261E-09 3.8558E-09 4.2226E-09 4.6289E-09 5.0823E-09 5.5853E-09 6.1384E-09 6.7499E-09 7.4443E-09 8.2168E-09 9.0646E-09 9.9939E-09 1.1024E-08 1.2146E-08 1.3374E-08 1.4717E-08 1.6161E-08 1.7699E-08 1.9304E-08 2.0957E-08 2.2635E-08 2.4271E-08 2.5827E-08 2.7238E-08 2.8459E-08 2.9446E-08 3.0156E-08 3.0554E-08 3.0626E-08 3.0361E-08 2.9775E-08 2.8900E-08 2.7798E-08 2.6514E-08 2.5139E-08 2.3733E-08 2.3198E-08 2.0896E-08 1.9890E-08 1.9007E-08 1.8288E-08 1.7646E-08 1.7112E-08 1.6741E-08 1.6452E-08 1.6225E-08 1.6084E-08 1.5955E-08 1.5830E-08 1.5712E-08 1.5600E-08 1.5495E-08 1.5403E-08 1.6882E-08 2.1711E-08 2.4457E-08 2.4229E-08
3.5987E-09 3.9459E-09 4.3312E-09 4.7616E-09 5.2440E-09 5.7775E-09 6.3701E-09 7.0341E-09 7.7892E-09 8.6276E-09 9.5478E-09 1.0582E-08 1.1722E-08 1.2977E-08 1.4366E-08 1.5897E-08 1.7563E-08 1.9347E-08 2.1238E-08 2.3213E-08 2.5205E-08 2.7170E-08 2.9035E-08 3.0740E-08 3.2222E-08 3.3422E-08 3.4279E-08 3.4760E-08 3.4828E-08 3.4475E-08 3.3716E-08 3.2592E-08 3.1177E-08 2.9553E-08 2.7804E-08 2.6544E-08 2.4153E-08 2.2493E-08 2.1221E-08 2.0138E-08 1.9229E-08 1.8492E-08 1.7809E-08 1.7355E-08 1.6971E-08 1.6668E-08 1.6483E-08 1.6337E-08 1.6198E-08 1.6065E-08 1.5939E-08 1.5824E-08 1.6444E-08 2.0491E-08 2.5096E-08 2.5091E-08 2.4858E-08
3.6665E-09 4.0287E-09 4.4331E-09 4.8872E-09 5.3967E-09 5.9619E-09 6.5925E-09 7.3126E-09 8.1270E-09 9.0310E-09 1.0039E-08 1.1172E-08 1.2430E-08 1.3840E-08 1.5409E-08 1.7141E-08 1.9048E-08 2.1109E-08 2.3329E-08 2.5657E-08 2.8025E-08 3.0363E-08 3.2605E-08 3.4667E-08 3.6467E-08 3.7930E-08 3.8979E-08 3.9570E-08 3.9645E-08 3.9198E-08 3.8243E-08 3.6830E-08 3.5055E-08 3.3019E-08 3.1085E-08 3.5316E-08 2.6089E-08 2.4267E-08 2.2668E-08 2.1324E-08 2.0214E-08 1.9316E-08 1.8515E-08 1.7946E-08 1.7481E-08 1.7104E-08 1.6861E-08 1.6691E-08 1.6540E-08 1.6393E-08 1.6254E-08 1.6459E-08 2.0124E-08 2.4148E-08 2.5872E-08 2.5686E-08 2.5446E-08
3.7272E-09 4.1044E-09 4.5269E-09 5.0043E-09 5.5382E-09 6.1353E-09 6.8055E-09 7.5782E-09 8.4507E-09 9.4150E-09 1.0518E-08 1.1757E-08 1.3148E-08 1.4718E-08 1.6477E-08 1.8442E-08 2.0601E-08 2.2985E-08 2.5563E-08 2.8278E-08 3.1077E-08 3.3858E-08 3.6533E-08 3.9008E-08 4.1185E-08 4.2954E-08 4.4248E-08 4.4969E-08 4.5078E-08 4.4529E-08 4.3354E-08 4.1616E-08 3.9422E-08 3.6982E-08 3.9676E-08 3.0909E-08 2.8453E-08 2.6204E-08 2.4235E-08 2.2580E-08 2.1238E-08 2.0163E-08 1.9202E-08 1.8565E-08 1.7980E-08 1.7509E-08 1.7212E-08 1.7015E-08 1.6848E-08 1.6692E-08 1.6685E-08 2.0178E-08 2.3914E-08 2.6576E-08 2.6433E-08 2.6235E-08 2.5985E-08
3.7792E-09 4.1693E-09 4.6098E-09 5.1080E-09 5.6655E-09 6.2924E-09 7.0027E-09 7.8237E-09 8.7464E-09 9.7820E-09 1.0976E-08 1.2329E-08 1.3852E-08 1.5591E-08 1.7566E-08 1.9764E-08 2.2225E-08 2.4952E-08 2.7905E-08 3.1056E-08 3.4310E-08 3.7578E-08 4.0747E-08 4.3693E-08 4.6298E-08 4.8434E-08 5.0004E-08 5.0905E-08 5.1045E-08 5.0410E-08 4.8994E-08 4.6891E-08 4.4249E-08 4.4597E-08 3.7125E-08 3.3994E-08 3.1009E-08 2.8277E-08 2.5893E-08 2.3907E-08 2.2291E-08 2.1008E-08 1.9957E-08 1.9124E-08 1.8474E-08 1.7886E-08 1.7543E-08 1.7306E-08 1.7121E-08 1.6999E-08 1.9486E-08 2.4022E-08 2.7174E-08 2.7086E-08 2.6940E-08 2.6729E-08 2.6509E-08
3.8209E-09 4.2235E-09 4.6800E-09 5.1962E-09 5.7763E-09 6.4292E-09 7.1757E-09 8.0429E-09 9.0106E-09 1.0120E-08 1.1404E-08 1.2861E-08 1.4534E-08 1.6456E-08 1.8634E-08 2.1089E-08 2.3873E-08 2.6956E-08 3.0324E-08 3.3921E-08 3.7679E-08 4.1476E-08 4.5176E-08 4.8637E-08 5.1708E-08 5.4267E-08 5.6145E-08 5.7240E-08 5.7439E-08 5.6702E-08 5.5040E-08 5.2556E-08 5.1351E-08 4.4709E-08 4.0989E-08 3.7257E-08 3.3697E-08 3.0447E-08 2.7621E-08 2.5265E-08 2.3364E-08 2.1852E-08 2.0659E-08 1.9656E-08 1.8912E-08 1.8262E-08 1.7840E-08 1.7558E-08 1.7361E-08 1.8412E-08 2.3195E-08 2.7674E-08 2.7626E-08 2.7534E-08 2.7384E-08 2.7168E-08 2.7965E-08
3.8518E-09 4.2650E-09 4.7355E-09 5.2669E-09 5.8668E-09 6.5568E-09 7.3542E-09 8.2768E-09 9.3345E-09 1.0494E-08 1.1825E-08 1.3348E-08 1.5169E-08 1.7277E-08 1.9653E-08 2.2401E-08 2.5508E-08 2.8969E-08 3.2763E-08 3.6841E-08 4.1117E-08 4.5467E-08 4.9731E-08 5.3729E-08 5.7290E-08 6.0272E-08 6.2506E-08 6.3801E-08 6.4073E-08 6.3218E-08 6.1314E-08 5.9423E-08 6.6677E-08 4.9313E-08 4.4964E-08 4.0601E-08 3.6435E-08 3.2656E-08 2.9368E-08 2.6631E-08 2.4420E-08 2.2672E-08 2.1288E-08 2.0149E-08 1.9285E-08 1.8599E-08 1.8078E-08 1.7769E-08 1.8085E-08 2.2099E-08 2.6881E-08 2.8063E-08 2.8010E-08 2.7913E-08 2.7758E-08 2.8018E-08 3.0337E-08
3.8703E-09 4.2921E-09 4.7741E-09 5.3172E-09 5.9483E-09 6.6647E-09 7.5022E-09 8.4743E-09 9.6220E-09 1.0871E-08 1.2296E-08 1.3894E-08 1.5788E-08 1.8054E-08 2.0661E-08 2.3676E-08 2.7084E-08 3.0924E-08 3.5147E-08 3.9705E-08 4.4511E-08 4.9423E-08 5.4258E-08 5.8811E-08 6.2898E-08 6.6270E-08 6.8829E-08 7.0352E-08 7.0658E-08 6.9727E-08 6.7875E-08 8.0394E-08 5.8544E-08 5.3853E-08 4.8874E-08 4.3877E-08 3.9120E-08 3.4810E-08 3.1069E-08 2.7943E-08 2.5429E-08 2.3435E-08 2.1861E-08 2.0580E-08 1.9607E-08 1.8841E-08 1.8328E-08 1.8171E-08 2.1706E-08 2.5865E-08 2.8403E-08 2.8375E-08 2.8316E-08 2.8214E-08 2.8280E-08 3.0955E-08 3.0917E-08
3.8753E-09 4.3039E-09 4.7939E-09 5.3582E-09 6.0074E-09 6.7503E-09 7.6375E-09 8.6796E-09 9.9676E-09 1.1338E-08 1.2902E-08 1.4618E-08 1.6588E-08 1.8867E-08 2.1629E-08 2.4893E-08 2.8614E-08 3.2764E-08 3.7406E-08 4.2438E-08 4.7756E-08 5.3220E-08 5.8619E-08 6.3722E-08 6.8285E-08 7.2103E-08 7.4883E-08 7.6553E-08 7.6888E-08 7.5895E-08 8.3454E-08 6.7936E-08 6.3343E-08 5.8079E-08 5.2492E-08 4.6906E-08 4.1608E-08 3.6806E-08 3.2631E-08 2.9152E-08 2.6336E-08 2.4109E-08 2.2355E-08 2.1015E-08 1.9868E-08 1.9054E-08 1.8601E-08 2.1720E-08 2.5433E-08 2.8624E-08 2.8633E-08 2.8603E-08 2.8538E-08 2.8520E-08 3.1441E-08 3.1317E-08 3.3977E-08
3.8667E-09 4.2996E-09 4.7943E-09 5.3775E-09 6.0437E-09 6.8222E-09 7.7752E-09 8.9299E-09 1.0388E-08 1.1958E-08 1.3810E-08 1.5769E-08 1.7899E-08 2.0227E-08 2.2913E-08 2.6247E-08 3.0150E-08 3.4581E-08 3.9539E-08 4.5001E-08 5.0729E-08 5.6675E-08 6.2570E-08 6.8206E-08 7.3226E-08 7.7384E-08 8.0456E-08 8.2133E-08 8.2431E-08 8.6470E-08 7.6522E-08 7.2528E-08 6.7479E-08 6.1703E-08 5.5594E-08 4.9502E-08 4.3726E-08 3.8503E-08 3.3968E-08 3.0169E-08 2.7090E-08 2.4662E-08 2.2750E-08 2.1296E-08 2.0055E-08 1.9232E-08 2.0467E-08 2.5355E-08 2.8752E-08 2.8765E-08 2.8772E-08 2.8738E-08 2.8690E-08 3.0301E-08 3.1640E-08 3.3175E-08 3.4214E-08
3.8441E-09 4.2784E-09 4.7745E-09 5.3751E-09 6.0601E-09 6.8862E-09 7.9370E-09 9.2309E-09 1.0936E-08 1.2865E-08 1.5215E-08 1.7693E-08 2.0362E-08 2.2950E-08 2.5538E-08 2.8536E-08 3.2335E-08 3.6735E-08 4.1806E-08 4.7413E-08 5.3341E-08 5.9684E-08 6.5996E-08 7.1985E-08 7.7410E-08 8.1841E-08 8.5058E-08 8.6812E-08 8.9584E-08 8.3334E-08 8.0397E-08 7.6095E-08 7.0638E-08 6.4451E-08 5.7932E-08 5.1449E-08 4.5325E-08 3.9785E-08 3.4973E-08 3.0925E-08 2.7640E-08 2.5050E-08 2.3014E-08 2.1473E-08 2.0159E-08 2.0082E-08 2.3828E-08 2.8868E-08 2.8803E-08 2.8808E-08 2.8812E-08 2.8777E-08 2.9515E-08 3.1822E-08 3.2526E-08 3.4551E-08 3.5136E-08
3.8073E-09 4.2401E-09 4.7341E-09 5.3492E-09 6.0613E-09 6.9539E-09 8.1127E-09 9.6067E-09 1.1588E-08 1.4163E-08 1.7385E-08 2.1012E-08 2.5012E-08 2.8639E-08 3.1531E-08 3.3868E-08 3.7042E-08 4.0672E-08 4.5308E-08 5.0007E-08 5.5571E-08 6.2145E-08 6.8730E-08 7.4982E-08 8.0558E-08 8.5204E-08 8.8461E-08 9.1267E-08 1.1941E-07 8.6187E-08 8.2894E-08 7.8291E-08 7.2549E-08 6.6089E-08 5.9311E-08 5.2601E-08 4.6266E-08 4.0548E-08 3.5557E-08 3.1357E-08 2.7935E-08 2.5238E-08 2.3119E-08 2.1521E-08 2.0506E-08 2.3278E-08 2.7210E-08 2.8846E-08 2.8750E-08 2.8748E-08 2.8750E-08 2.9072E-08 3.1850E-08 3.2153E-08 3.4731E-08 3.4907E-08 3.7175E-08
3.7564E-09 4.1846E-09 4.6734E-09 5.3001E-09 6.0398E-09 7.0069E-09 8.2993E-09 1.0077E-08 1.2540E-08 1.5895E-08 2.0428E-08 2.5988E-08 3.2609E-08 3.9091E-08 4.4185E-08 4.6617E-08 4.8626E-08 5.1056E-08 5.2232E-08 5.4547E-08 5.7937E-08 6.4050E-08 7.0684E-08 7.7010E-08 8.2600E-08 8.7153E-08 9.0648E-08 1.1175E-07 8.9394E-08 8.7462E-08 8.3943E-08 7.8982E-08 7.3065E-08 6.6480E-08 5.9614E-08 5.2835E-08 4.6474E-08 4.0706E-08 3.5662E-08 3.1413E-08 2.7939E-08 2.5200E-08 2.3048E-08 2.1574E-08 2.3492E-08 2.6504E-08 2.8940E-08 2.8718E-08 2.8589E-08 2.8581E-08 2.8738E-08 3.1719E-08 3.1864E-08 3.4691E-08 3.4761E-08 3.7288E-08 3.7244E-08
3.6919E-09 4.1124E-09 4.5928E-09 5.2295E-09 5.9932E-09 7.0333E-09 8.4748E-09 1.0578E-08 1.3623E-08 1.7963E-08 2.4220E-08 3.2459E-08 4.3160E-08 5.4893E-08 6.5820E-08 7.1767E-08 7.3363E-08 7.4780E-08 7.1142E-08 6.6676E-08 6.1958E-08 6.5538E-08 7.1867E-08 7.8021E-08 8.3449E-08 8.7744E-08 1.0064E-07 8.9506E-08 8.9161E-08 8.7010E-08 8.3274E-08 7.8206E-08 7.2181E-08 6.5599E-08 5.8815E-08 5.2156E-08 4.5900E-08 4.0233E-08 3.5264E-08 3.1073E-08 2.7636E-08 2.4926E-08 2.2838E-08 2.3769E-08 2.6489E-08 2.8995E-08 2.8674E-08 2.8451E-08 2.8317E-08 2.8357E-08 3.0995E-08 3.1509E-08 3.4225E-08 3.4490E-08 3.7176E-08 3.7104E-08 3.9108E-08
