Assets/Resources/2015_m01_d22_0900(utc+0800)_l00_csi_1hr_conc.grd
DSAA
         159         159
     -79.000      79.000
     -79.000      79.000
  0.0000E+00  0.1687E-05
[rows 50 to 74 of 159, columns 57 to 113 of 159]
0.0000E+00 0.0000E+00 0.0000E+00 0.0000E+00 0.0000E+00 0.0000E+00 0.0000E+00 0.0000E+00 0.0000E+00 0.0000E+00 0.0000E+00 7.4124E-13 2.6263E-12 5.8535E-12 1.2018E-11 2.1667E-11 3.3261E-11 5.0032E-11 6.4916E-11 8.6754E-11 1.0912E-10 1.2880E-10 1.5837E-10 1.9074E-10 2.2562E-10 2.7217E-10 3.1762E-10 3.7095E-10 4.3800E-10 5.1046E-10 5.8066E-10 6.6462E-10 7.5013E-10 8.4606E-10 9.4464E-10 1.0487E-09 1.1588E-09 1.2782E-09 1.4048E-09 1.5274E-09 1.6516E-09 1.7825E-09 1.9107E-09 2.0392E-09 2.1649E-09 2.2898E-09 2.4110E-09 2.5239E-09 2.6421E-09 2.7597E-09 2.8851E-09 3.0169E-09 3.1818E-09 3.3155E-09 3.4465E-09 3.5753E-09 3.7032E-09
0.0000E+00 0.0000E+00 0.0000E+00 0.0000E+00 0.0000E+00 0.0000E+00 0.0000E+00 0.0000E+00 0.0000E+00 0.0000E+00 3.8955E-15 1.2659E-12 4.7930E-12 9.0334E-12 1.5572E-11 3.0131E-11 4.3557E-11 5.8259E-11 8.2083E-11 1.0208E-10 1.2350E-10 1.5228E-10 1.8370E-10 2.1824E-10 2.6413E-10 3.1040E-10 3.6992E-10 4.3113E-10 5.0238E-10 5.9036E-10 6.7558E-10 7.6919E-10 8.7192E-10 9.7868E-10 1.0922E-09 1.2130E-09 1.3373E-09 1.4753E-09 1.6139E-09 1.7529E-09 1.8930E-09 2.0386E-09 2.1795E-09 2.3200E-09 2.4569E-09 2.5919E-09 2.7210E-09 2.8456E-09 2.9689E-09 3.1025E-09 3.2358E-09 3.3862E-09 3.5438E-09 3.6772E-09 3.8061E-09 3.9357E-09 4.0621E-09
0.0000E+00 0.0000E+00 0.0000E+00 0.0000E+00 0.0000E+00 0.0000E+00 0.0000E+00 0.0000E+00 0.0000E+00 0.0000E+00 5.3907E-13 2.3849E-12 5.9292E-12 1.2102E-11 2.4520E-11 3.6054E-11 5.2457E-11 7.6270E-11 9.4033E-11 1.1673E-10 1.4407E-10 1.7520E-10 2.0956E-10 2.5487E-10 3.0326E-10 3.6505E-10 4.2428E-10 4.9183E-10 5.9335E-10 6.8248E-10 7.7928E-10 8.9090E-10 1.0061E-09 1.1324E-09 1.2755E-09 1.4140E-09 1.5550E-09 1.7117E-09 1.8640E-09 2.0175E-09 2.1703E-09 2.3272E-09 2.4785E-09 2.6329E-09 2.7832E-09 2.9302E-09 3.0712E-09 3.2078E-09 3.3388E-09 3.4802E-09 3.6200E-09 3.7783E-09 3.9339E-09 4.0691E-09 4.2016E-09 4.3268E-09 4.4508E-09
0.0000E+00 0.0000E+00 0.0000E+00 0.0000E+00 0.0000E+00 0.0000E+00 0.0000E+00 0.0000E+00 0.0000E+00 0.0000E+00 1.1123E-12 4.2170E-12 8.7037E-12 1.6216E-11 3.0782E-11 4.7540E-11 6.6616E-11 8.5936E-11 1.0932E-10 1.3440E-10 1.6598E-10 1.9899E-10 2.4345E-10 2.9239E-10 3.5282E-10 4.1288E-10 4.9254E-10 5.7683E-10 6.8315E-10 7.8956E-10 9.0659E-10 1.0338E-09 1.1851E-09 1.3302E-09 1.4794E-09 1.6337E-09 1.8006E-09 1.9683E-09 2.1393E-09 2.3130E-09 2.4850E-09 2.6612E-09 2.8312E-09 2.9976E-09 3.1575E-09 3.3155E-09 3.4646E-09 3.6101E-09 3.7497E-09 3.8971E-09 4.0396E-09 4.2034E-09 4.3597E-09 4.4933E-09 4.6239E-09 4.7481E-09 4.8708E-09
0.0000E+00 0.0000E+00 0.0000E+00 0.0000E+00 0.0000E+00 0.0000E+00 0.0000E+00 0.0000E+00 0.0000E+00 2.3822E-13 1.7693E-12 5.4605E-12 1.1610E-11 2.5084E-11 3.8573E-11 5.5096E-11 7.9437E-11 1.0125E-10 1.2338E-10 1.5499E-10 1.8675E-10 2.2962E-10 2.7881E-10 3.3715E-10 4.0034E-10 4.8397E-10 5.7204E-10 6.7495E-10 7.9170E-10 9.1329E-10 1.0690E-09 1.2143E-09 1.3709E-09 1.5333E-09 1.7066E-09 1.8875E-09 2.0745E-09 2.2616E-09 2.4528E-09 2.6470E-09 2.8398E-09 3.0329E-09 3.2179E-09 3.4011E-09 3.5794E-09 3.7527E-09 3.9123E-09 4.0611E-09 4.2023E-09 4.3540E-09 4.4986E-09 4.6671E-09 4.8176E-09 4.9515E-09 5.0789E-09 5.2008E-09 5.3156E-09
0.0000E+00 0.0000E+00 0.0000E+00 0.0000E+00 0.0000E+00 0.0000E+00 0.0000E+00 0.0000E+00 0.0000E+00 6.8298E-13 3.2221E-12 7.5322E-12 1.5826E-11 3.0558E-11 4.7805E-11 7.1319E-11 9.0610E-11 1.1225E-10 1.4316E-10 1.7352E-10 2.1462E-10 2.6256E-10 3.1942E-10 3.8457E-10 4.7439E-10 5.6278E-10 6.6685E-10 7.8493E-10 9.1538E-10 1.0796E-09 1.2396E-09 1.4131E-09 1.6149E-09 1.8086E-09 2.0081E-09 2.2109E-09 2.4161E-09 2.6245E-09 2.8354E-09 3.0471E-09 3.2524E-09 3.4592E-09 3.6562E-09 3.8521E-09 4.0459E-09 4.2316E-09 4.4025E-09 4.5629E-09 4.7100E-09 4.8577E-09 4.9971E-09 5.1657E-09 5.3132E-09 5.4439E-09 5.5660E-09 5.6820E-09 5.7909E-09
0.0000E+00 0.0000E+00 0.0000E+00 0.0000E+00 0.0000E+00 0.0000E+00 0.0000E+00 0.0000E+00 0.0000E+00 1.1418E-12 4.7406E-12 1.0526E-11 2.3443E-11 3.8289E-11 5.7393E-11 8.0102E-11 1.0263E-10 1.2981E-10 1.6031E-10 1.9787E-10 2.4341E-10 2.9950E-10 3.6469E-10 4.6052E-10 5.4555E-10 6.5437E-10 7.7700E-10 9.4145E-10 1.0955E-09 1.2681E-09 1.4562E-09 1.6769E-09 1.8869E-09 2.1049E-09 2.3289E-09 2.5572E-09 2.7894E-09 3.0241E-09 3.2599E-09 3.4959E-09 3.7257E-09 3.9527E-09 4.1667E-09 4.3767E-09 4.5770E-09 4.7684E-09 4.9444E-09 5.1088E-09 5.2585E-09 5.4088E-09 5.5545E-09 5.7090E-09 5.8474E-09 5.9720E-09 6.0872E-09 6.1940E-09 6.2956E-09
0.0000E+00 0.0000E+00 0.0000E+00 0.0000E+00 0.0000E+00 0.0000E+00 0.0000E+00 0.0000E+00 2.1333E-13 2.0079E-12 6.1097E-12 1.3627E-11 2.9049E-11 4.6449E-11 7.1599E-11 9.1892E-11 1.1481E-10 1.4661E-10 1.8053E-10 2.2237E-10 2.7745E-10 3.4193E-10 4.3483E-10 5.2346E-10 6.3623E-10 7.8743E-10 9.3808E-10 1.1029E-09 1.2844E-09 1.5162E-09 1.7278E-09 1.9597E-09 2.2185E-09 2.4693E-09 2.7257E-09 2.9820E-09 3.2368E-09 3.4914E-09 3.7480E-09 4.0030E-09 4.2505E-09 4.4939E-09 4.7302E-09 4.9602E-09 5.1793E-09 5.3733E-09 5.5443E-09 5.7039E-09 5.8529E-09 5.9982E-09 6.1484E-09 6.2853E-09 6.4202E-09 6.5330E-09 6.6407E-09 6.7373E-09 6.8265E-09
0.0000E+00 0.0000E+00 0.0000E+00 0.0000E+00 0.0000E+00 0.0000E+00 0.0000E+00 0.0000E+00 5.4797E-13 3.1382E-12 8.0816E-12 1.9557E-11 3.5548E-11 5.5915E-11 7.9466E-11 1.0159E-10 1.3127E-10 1.6226E-10 2.0202E-10 2.5299E-10 3.1557E-10 4.0679E-10 4.9485E-10 6.1596E-10 7.3334E-10 9.1989E-10 1.1073E-09 1.3427E-09 1.5607E-09 1.8002E-09 2.0552E-09 2.3480E-09 2.6245E-09 2.9097E-09 3.1998E-09 3.4903E-09 3.7791E-09 4.0650E-09 4.3478E-09 4.6197E-09 4.8779E-09 5.1244E-09 5.3708E-09 5.6070E-09 5.8327E-09 6.0351E-09 6.2126E-09 6.3675E-09 6.5029E-09 6.6345E-09 6.7712E-09 6.9072E-09 7.0319E-09 7.1321E-09 7.2242E-09 7.3099E-09 7.3854E-09
0.0000E+00 0.0000E+00 0.0000E+00 0.0000E+00 0.0000E+00 0.0000E+00 0.0000E+00 0.0000E+00 8.8108E-13 4.2755E-12 1.0440E-11 2.5914E-11 4.3120E-11 6.8328E-11 8.9718E-11 1.1379E-10 1.4498E-10 1.8157E-10 2.2775E-10 2.8622E-10 3.7631E-10 4.6120E-10 5.8134E-10 6.9816E-10 8.5577E-10 1.1250E-09 1.3511E-09 1.5922E-09 1.8514E-09 2.1584E-09 2.4509E-09 2.7594E-09 3.0801E-09 3.4064E-09 3.7346E-09 4.0631E-09 4.3858E-09 4.7027E-09 5.0106E-09 5.3063E-09 5.5918E-09 5.8650E-09 6.1148E-09 6.3460E-09 6.5604E-09 6.7553E-09 6.9333E-09 7.0880E-09 7.2164E-09 7.3197E-09 7.4453E-09 7.5641E-09 7.6758E-09 7.7639E-09 7.8402E-09 7.9084E-09 7.9698E-09
0.0000E+00 0.0000E+00 0.0000E+00 0.0000E+00 0.0000E+00 0.0000E+00 0.0000E+00 0.0000E+00 1.4816E-12 5.7281E-12 1.3137E-11 2.9618E-11 4.8558E-11 7.5997E-11 9.8134E-11 1.2799E-10 1.6070E-10 2.0244E-10 2.5480E-10 3.4418E-10 4.2437E-10 5.4144E-10 6.5563E-10 8.2506E-10 1.0594E-09 1.3289E-09 1.5974E-09 1.9287E-09 2.2435E-09 2.6013E-09 2.9557E-09 3.3183E-09 3.6881E-09 4.0606E-09 4.4306E-09 4.7922E-09 5.1380E-09 5.4691E-09 5.7837E-09 6.0898E-09 6.3889E-09 6.6718E-09 6.9345E-09 7.1769E-09 7.3881E-09 7.5643E-09 7.7223E-09 7.8584E-09 7.9754E-09 8.0682E-09 8.1686E-09 8.2580E-09 8.3517E-09 8.4242E-09 8.4851E-09 8.5341E-09 8.5748E-09
0.0000E+00 0.0000E+00 0.0000E+00 0.0000E+00 0.0000E+00 0.0000E+00 0.0000E+00 2.0727E-13 2.3091E-12 7.0391E-12 1.6029E-11 3.3062E-11 6.0993E-11 8.4438E-11 1.0902E-10 1.4015E-10 1.7802E-10 2.2504E-10 3.0842E-10 3.8390E-10 4.9869E-10 6.0905E-10 8.1115E-10 1.0008E-09 1.2516E-09 1.6139E-09 1.9507E-09 2.3156E-09 2.7319E-09 3.4381E-09 3.8444E-09 4.2626E-09 4.6836E-09 4.8021E-09 5.2210E-09 5.6265E-09 6.0133E-09 6.3794E-09 6.7232E-09 7.0386E-09 7.3266E-09 7.5869E-09 7.8494E-09 8.0833E-09 8.2847E-09 8.4567E-09 8.5916E-09 8.6970E-09 8.7810E-09 8.8564E-09 8.9357E-09 9.0025E-09 9.0608E-09 9.1107E-09 9.1538E-09 9.1841E-09 9.2003E-09
0.0000E+00 0.0000E+00 0.0000E+00 0.0000E+00 0.0000E+00 0.0000E+00 0.0000E+00 4.2342E-13 3.0710E-12 8.6739E-12 1.8726E-11 3.6576E-11 7.0077E-11 9.2410E-11 1.2145E-10 1.5387E-10 1.9678E-10 2.6605E-10 3.4176E-10 4.5314E-10 5.8828E-10 7.6001E-10 9.4695E-10 1.1876E-09 1.5363E-09 2.1658E-09 2.6747E-09 3.1780E-09 3.6854E-09 4.1710E-09 4.6551E-09 5.1417E-09 5.6239E-09 6.0925E-09 6.5400E-09 6.9597E-09 7.3507E-09 7.4224E-09 7.7796E-09 8.1091E-09 8.4095E-09 8.6738E-09 8.9011E-09 9.0893E-09 9.2729E-09 9.4164E-09 9.5325E-09 9.6146E-09 9.6557E-09 9.6900E-09 9.7529E-09 9.7977E-09 9.8124E-09 9.8234E-09 9.8395E-09 9.8503E-09 9.8446E-09
0.0000E+00 0.0000E+00 0.0000E+00 0.0000E+00 0.0000E+00 0.0000E+00 0.0000E+00 6.2569E-13 3.7915E-12 1.0719E-11 2.1392E-11 4.6889E-11 7.4246E-11 9.8151E-11 1.3163E-10 1.6891E-10 2.2277E-10 3.0181E-10 4.0391E-10 5.3753E-10 7.0450E-10 8.8903E-10 1.2523E-09 1.6099E-09 2.1479E-09 2.6762E-09 3.2486E-09 3.8564E-09 4.4690E-09 5.0546E-09 5.6250E-09 6.1908E-09 6.7474E-09 7.2817E-09 7.7845E-09 8.2485E-09 8.6669E-09 9.0316E-09 9.3503E-09 9.6343E-09 9.6236E-09 9.8803E-09 1.0084E-08 1.0245E-08 1.0364E-08 1.0462E-08 1.0534E-08 1.0583E-08 1.0594E-08 1.0589E-08 1.0596E-08 1.0608E-08 1.0591E-08 1.0565E-08 1.0543E-08 1.0526E-08 1.0499E-08
0.0000E+00 0.0000E+00 0.0000E+00 0.0000E+00 0.0000E+00 0.0000E+00 0.0000E+00 8.1049E-13 4.9019E-12 1.2748E-11 2.3631E-11 5.0306E-11 7.8285E-11 1.0482E-10 1.4240E-10 1.8602E-10 2.5940E-10 3.5959E-10 4.8382E-10 6.5016E-10 8.5631E-10 1.0902E-09 1.4934E-09 2.0066E-09 2.6272E-09 3.5649E-09 4.3206E-09 5.0902E-09 5.8319E-09 6.5623E-09 7.2332E-09 7.8807E-09 8.4980E-09 9.0771E-09 9.6072E-09 9.7441E-09 1.0183E-08 1.0558E-08 1.0875E-08 1.1135E-08 1.1343E-08 1.1513E-08 1.1389E-08 1.1497E-08 1.1574E-08 1.1607E-08 1.1614E-08 1.1600E-08 1.1572E-08 1.1533E-08 1.1492E-08 1.1444E-08 1.1385E-08 1.1327E-08 1.1264E-08 1.1206E-08 1.1153E-08
0.0000E+00 0.0000E+00 0.0000E+00 0.0000E+00 0.0000E+00 0.0000E+00 0.0000E+00 9.7473E-13 5.9570E-12 1.4708E-11 2.5712E-11 5.3240E-11 8.2145E-11 1.1965E-10 1.5458E-10 2.1189E-10 2.9594E-10 4.2490E-10 5.8070E-10 7.8743E-10 1.0106E-09 1.2992E-09 2.0526E-09 2.7279E-09 3.5004E-09 4.3482E-09 5.2550E-09 6.1948E-09 7.1054E-09 7.9670E-09 8.7742E-09 9.5281E-09 1.0232E-08 1.0876E-08 1.1444E-08 1.1930E-08 1.2331E-08 1.2312E-08 1.2603E-08 1.2830E-08 1.2993E-08 1.3091E-08 1.3126E-08 1.2868E-08 1.2864E-08 1.2839E-08 1.2770E-08 1.2681E-08 1.2600E-08 1.2524E-08 1.2438E-08 1.2307E-08 1.2193E-08 1.2095E-08 1.1996E-08 1.1895E-08 1.1801E-08
0.0000E+00 0.0000E+00 0.0000E+00 0.0000E+00 0.0000E+00 0.0000E+00 0.0000E+00 1.1159E-12 6.5672E-12 1.6486E-11 3.5165E-11 5.5589E-11 8.5985E-11 1.2794E-10 1.6915E-10 2.4081E-10 3.5512E-10 5.1484E-10 7.1015E-10 9.2551E-10 1.1988E-09 1.8536E-09 2.5197E-09 3.3543E-09 4.2793E-09 5.3026E-09 6.8686E-09 8.0015E-09 9.1048E-09 1.0123E-08 1.1069E-08 1.1471E-08 1.2265E-08 1.2975E-08 1.3585E-08 1.4088E-08 1.4480E-08 1.4762E-08 1.4949E-08 1.4731E-08 1.4823E-08 1.4829E-08 1.4772E-08 1.4660E-08 1.4253E-08 1.4127E-08 1.3989E-08 1.3820E-08 1.3657E-08 1.3517E-08 1.3383E-08 1.3198E-08 1.3017E-08 1.2860E-08 1.2720E-08 1.2583E-08 1.2444E-08
0.0000E+00 0.0000E+00 0.0000E+00 0.0000E+00 0.0000E+00 0.0000E+00 0.0000E+00 1.2319E-12 7.0993E-12 1.8157E-11 3.7335E-11 5.7480E-11 9.8387E-11 1.3670E-10 1.8901E-10 2.7923E-10 4.2515E-10 6.1488E-10 8.2482E-10 1.1791E-09 1.5639E-09 2.2756E-09 3.0990E-09 4.3921E-09 5.6386E-09 6.9830E-09 8.3818E-09 9.7431E-09 1.1056E-08 1.2275E-08 1.3364E-08 1.4334E-08 1.5184E-08 1.5912E-08 1.6505E-08 1.6557E-08 1.6919E-08 1.7147E-08 1.7258E-08 1.7262E-08 1.7177E-08 1.6721E-08 1.6538E-08 1.6309E-08 1.6037E-08 1.5489E-08 1.5239E-08 1.4996E-08 1.4749E-08 1.4524E-08 1.4325E-08 1.4089E-08 1.3846E-08 1.3622E-08 1.3432E-08 1.3254E-08 1.3073E-08
0.0000E+00 0.0000E+00 0.0000E+00 0.0000E+00 0.0000E+00 0.0000E+00 0.0000E+00 1.2760E-12 7.5445E-12 1.9676E-11 3.9081E-11 5.9153E-11 1.0320E-10 1.4667E-10 2.1276E-10 3.3688E-10 5.0911E-10 7.6237E-10 1.0605E-09 1.4311E-09 1.9091E-09 2.9048E-09 4.0313E-09 5.3655E-09 6.8859E-09 8.5207E-09 1.0195E-08 1.1843E-08 1.3387E-08 1.4807E-08 1.6062E-08 1.7149E-08 1.8079E-08 1.8848E-08 1.9446E-08 1.9863E-08 2.0104E-08 1.9804E-08 1.9805E-08 1.9676E-08 1.9436E-08 1.9105E-08 1.8417E-08 1.8040E-08 1.7633E-08 1.7202E-08 1.6530E-08 1.6182E-08 1.5859E-08 1.5538E-08 1.5262E-08 1.4967E-08 1.4666E-08 1.4374E-08 1.4122E-08 1.3896E-08 1.3681E-08
0.0000E+00 0.0000E+00 0.0000E+00 0.0000E+00 0.0000E+00 0.0000E+00 0.0000E+00 1.2883E-12 7.8954E-12 2.0797E-11 4.0223E-11 7.6946E-11 1.0802E-10 1.5882E-10 2.4524E-10 4.2252E-10 6.3318E-10 9.1726E-10 1.2738E-09 1.7248E-09 2.3177E-09 3.5418E-09 4.8917E-09 6.5367E-09 8.4019E-09 1.0379E-08 1.2377E-08 1.4324E-08 1.6130E-08 1.7762E-08 1.9187E-08 2.0389E-08 2.1373E-08 2.2164E-08 2.2746E-08 2.3104E-08 2.3248E-08 2.3198E-08 2.2571E-08 2.2268E-08 2.1846E-08 2.1329E-08 2.0746E-08 1.9831E-08 1.9265E-08 1.8692E-08 1.8130E-08 1.7390E-08 1.6972E-08 1.6571E-08 1.6182E-08 1.5816E-08 1.5457E-08 1.5106E-08 1.4784E-08 1.4507E-08 1.4251E-08
0.0000E+00 0.0000E+00 0.0000E+00 0.0000E+00 0.0000E+00 0.0000E+00 0.0000E+00 1.2960E-12 8.1476E-12 2.1452E-11 3.3329E-11 7.7657E-11 1.1149E-10 1.7175E-10 3.0614E-10 4.9699E-10 7.6408E-10 1.0916E-09 1.5178E-09 2.0655E-09 2.7837E-09 4.2526E-09 5.9161E-09 7.9501E-09 1.0222E-08 1.2599E-08 1.4969E-08 1.7233E-08 1.9354E-08 2.1202E-08 2.2778E-08 2.4074E-08 2.5076E-08 2.5847E-08 2.6375E-08 2.6647E-08 2.6661E-08 2.6442E-08 2.6016E-08 2.5002E-08 2.4362E-08 2.3633E-08 2.2836E-08 2.2008E-08 2.0908E-08 2.0180E-08 1.9479E-08 1.8559E-08 1.8032E-08 1.7555E-08 1.7074E-08 1.6623E-08 1.6204E-08 1.5794E-08 1.5408E-08 1.5074E-08 1.4770E-08
0.0000E+00 0.0000E+00 0.0000E+00 0.0000E+00 0.0000E+00 0.0000E+00 0.0000E+00 1.2989E-12 8.2980E-12 2.1897E-11 3.3880E-11 7.6539E-11 1.1354E-10 1.9004E-10 3.6120E-10 6.0570E-10 8.9349E-10 1.2852E-09 1.7855E-09 2.4437E-09 3.2973E-09 5.0705E-09 7.1282E-09 9.6214E-09 1.2376E-08 1.5222E-08 1.8058E-08 2.0691E-08 2.3120E-08 2.5213E-08 2.6949E-08 2.8290E-08 2.9292E-08 2.9930E-08 3.0331E-08 3.0454E-08 3.0279E-08 2.9849E-08 2.9178E-08 2.8323E-08 2.6936E-08 2.5961E-08 2.4936E-08 2.3889E-08 2.2529E-08 2.1632E-08 2.0788E-08 2.0003E-08 1.9047E-08 1.8473E-08 1.7913E-08 1.7375E-08 1.6890E-08 1.6427E-08 1.5982E-08 1.5586E-08 1.5238E-08
0.0000E+00 0.0000E+00 0.0000E+00 0.0000E+00 0.0000E+00 0.0000E+00 0.0000E+00 1.2971E-12 8.3463E-12 2.2143E-11 3.4218E-11 5.2261E-11 1.1555E-10 2.2924E-10 4.2147E-10 6.8700E-10 1.0457E-09 1.4824E-09 2.0667E-09 2.8427E-09 3.8598E-09 5.9985E-09 8.5221E-09 1.1567E-08 1.4950E-08 1.8354E-08 2.1685E-08 2.4751E-08 2.7493E-08 2.9849E-08 3.1741E-08 3.3108E-08 3.4007E-08 3.4475E-08 3.4655E-08 3.4552E-08 3.4138E-08 3.3396E-08 3.2403E-08 3.1267E-08 2.9994E-08 2.8259E-08 2.6986E-08 2.5712E-08 2.4467E-08 2.3016E-08 2.2022E-08 2.1106E-08 1.9987E-08 1.9311E-08 1.8677E-08 1.8060E-08 1.7502E-08 1.6987E-08 1.6493E-08 1.6037E-08 1.5642E-08
0.0000E+00 0.0000E+00 0.0000E+00 0.0000E+00 0.0000E+00 0.0000E+00 0.0000E+00 1.2907E-12 8.2937E-12 2.2189E-11 3.4327E-11 5.2804E-11 1.1181E-10 2.6637E-10 4.9803E-10 8.1048E-10 1.1801E-09 1.6799E-09 2.3615E-09 3.2713E-09 4.4656E-09 7.0169E-09 1.0094E-08 1.3863E-08 1.7900E-08 2.1991E-08 2.5944E-08 2.9527E-08 3.2728E-08 3.5381E-08 3.7416E-08 3.8730E-08 3.9439E-08 3.9661E-08 3.9448E-08 3.8973E-08 3.8167E-08 3.7061E-08 3.5689E-08 3.4158E-08 3.2562E-08 3.0931E-08 2.8933E-08 2.7428E-08 2.5978E-08 2.4299E-08 2.3153E-08 2.2107E-08 2.1143E-08 2.0051E-08 1.9338E-08 1.8656E-08 1.8026E-08 1.7459E-08 1.6919E-08 1.6415E-08 1.5972E-08
0.0000E+00 0.0000E+00 0.0000E+00 0.0000E+00 0.0000E+00 0.0000E+00 0.0000E+00 1.2796E-12 8.1439E-12 2.2037E-11 3.4213E-11 5.3029E-11 1.2554E-10 3.1026E-10 5.6278E-10 9.0822E-10 1.3133E-09 1.8846E-09 2.6680E-09 3.7178E-09 5.0974E-09 8.0984E-09 1.1880E-08 1.6426E-08 2.1393E-08 2.6298E-08 3.1004E-08 3.5345E-08 3.9179E-08 4.2286E-08 4.4613E-08 4.5960E-08 4.6277E-08 4.5874E-08 4.4978E-08 4.3755E-08 4.2348E-08 4.0712E-08 3.8888E-08 3.6967E-08 3.4969E-08 3.3050E-08 3.0737E-08 2.8991E-08 2.7349E-08 2.5832E-08 2.4162E-08 2.2988E-08 2.1911E-08 2.0683E-08 1.9890E-08 1.9148E-08 1.8454E-08 1.7836E-08 1.7257E-08 1.6706E-08 1.6220E-08
