Assets/Resources/2015_m01_d23_1900(utc+0800)_l00_csi_1hr_conc.grd
DSAA
         159         159
     -79.000      79.000
     -79.000      79.000
  0.0000E+00  0.1269E-04
[rows 25 to 49 of 159, columns 0 to 56 of 159]
0.0000E+00 0.0000E+00 0.0000E+00 0.0000E+00 0.0000E+00 0.0000E+00 0.0000E+00 0.0000E+00 0.0000E+00 0.0000E+00 0.0000E+00 0.0000E+00 0.0000E+00 0.0000E+00 0.0000E+00 0.0000E+00 0.0000E+00 0.0000E+00 0.0000E+00 0.0000E+00 0.0000E+00 0.0000E+00 4.1878E-12 1.0359E-11 1.4523E-11 1.6658E-11 1.9131E-11 2.1624E-11 2.7535E-11 3.4404E-11 4.0006E-11 4.4854E-11 4.8500E-11 5.1830E-11 5.5612E-11 5.9609E-11 6.3556E-11 6.8258E-11 7.2540E-11 7.7319E-11 8.2343E-11 8.7353E-11 9.3030E-11 9.8575E-11 1.0467E-10 1.1106E-10 1.1747E-10 1.2460E-10 1.3151E-10 1.3928E-10 1.4685E-10 1.5530E-10 1.6357E-10 1.7218E-10 1.8174E-10 1.9111E-10 2.0143E-10
0.0000E+00 0.0000E+00 0.0000E+00 0.0000E+00 0.0000E+00 0.0000E+00 0.0000E+00 0.0000E+00 0.0000E+00 0.0000E+00 0.0000E+00 0.0000E+00 0.0000E+00 0.0000E+00 0.0000E+00 0.0000E+00 0.0000E+00 0.0000E+00 0.0000E+00 0.0000E+00 0.0000E+00 1.0416E-12 6.3172E-12 1.2316E-11 1.5094E-11 1.7500E-11 1.9561E-11 2.4503E-11 3.0585E-11 3.6340E-11 4.2370E-11 4.6218E-11 4.9954E-11 5.3113E-11 5.7514E-11 6.1096E-11 6.5678E-11 6.9975E-11 7.4767E-11 7.9409E-11 8.4566E-11 8.9983E-11 9.5402E-11 1.0151E-10 1.0735E-10 1.1405E-10 1.2077E-10 1.2782E-10 1.3532E-10 1.4290E-10 1.5080E-10 1.5935E-10 1.6784E-10 1.7726E-10 1.8650E-10 1.9670E-10 2.0673E-10
0.0000E+00 0.0000E+00 0.0000E+00 0.0000E+00 0.0000E+00 0.0000E+00 0.0000E+00 0.0000E+00 0.0000E+00 0.0000E+00 0.0000E+00 0.0000E+00 0.0000E+00 0.0000E+00 0.0000E+00 0.0000E+00 0.0000E+00 0.0000E+00 0.0000E+00 0.0000E+00 0.0000E+00 2.6179E-12 8.4772E-12 1.3796E-11 1.5905E-11 1.8576E-11 2.1263E-11 2.5942E-11 3.3309E-11 3.8863E-11 4.4221E-11 4.7847E-11 5.1162E-11 5.4932E-11 5.8917E-11 6.2857E-11 6.7555E-11 7.1834E-11 7.6615E-11 8.1777E-11 8.6802E-11 9.2360E-11 9.8195E-11 1.0405E-10 1.1060E-10 1.1692E-10 1.2410E-10 1.3105E-10 1.3890E-10 1.4653E-10 1.5507E-10 1.6342E-10 1.7270E-10 1.8181E-10 1.9186E-10 2.0176E-10 2.1206E-10
0.0000E+00 0.0000E+00 0.0000E+00 0.0000E+00 0.0000E+00 0.0000E+00 0.0000E+00 0.0000E+00 0.0000E+00 0.0000E+00 0.0000E+00 0.0000E+00 0.0000E+00 0.0000E+00 0.0000E+00 0.0000E+00 0.0000E+00 0.0000E+00 0.0000E+00 0.0000E+00 0.0000E+00 4.2140E-12 1.0404E-11 1.4575E-11 1.6718E-11 1.9202E-11 2.2605E-11 2.9484E-11 3.5464E-11 4.0877E-11 4.5258E-11 4.9230E-11 5.2373E-11 5.6754E-11 6.0322E-11 6.4893E-11 6.9179E-11 7.3966E-11 7.8604E-11 8.3762E-11 8.9318E-11 9.4613E-11 1.0073E-10 1.0688E-10 1.1332E-10 1.2036E-10 1.2717E-10 1.3486E-10 1.4235E-10 1.5074E-10 1.5895E-10 1.6807E-10 1.7703E-10 1.8637E-10 1.9669E-10 2.0685E-10 2.1857E-10
0.0000E+00 0.0000E+00 0.0000E+00 0.0000E+00 0.0000E+00 0.0000E+00 0.0000E+00 0.0000E+00 0.0000E+00 0.0000E+00 0.0000E+00 0.0000E+00 0.0000E+00 0.0000E+00 0.0000E+00 0.0000E+00 0.0000E+00 0.0000E+00 0.0000E+00 0.0000E+00 1.0472E-12 6.3427E-12 1.2343E-11 1.5124E-11 1.7535E-11 2.0241E-11 2.5217E-11 3.1302E-11 3.6813E-11 4.3206E-11 4.6825E-11 5.0368E-11 5.4114E-11 5.8076E-11 6.1998E-11 6.6677E-11 7.0942E-11 7.5711E-11 8.0867E-11 8.5888E-11 9.1446E-11 9.7420E-11 1.0315E-10 1.0972E-10 1.1633E-10 1.2327E-10 1.3080E-10 1.3814E-10 1.4637E-10 1.5442E-10 1.6311E-10 1.7220E-10 1.8138E-10 1.9154E-10 2.0155E-10 2.1310E-10 2.2400E-10
0.0000E+00 0.0000E+00 0.0000E+00 0.0000E+00 0.0000E+00 0.0000E+00 0.0000E+00 0.0000E+00 0.0000E+00 0.0000E+00 0.0000E+00 0.0000E+00 0.0000E+00 0.0000E+00 0.0000E+00 0.0000E+00 0.0000E+00 0.0000E+00 0.0000E+00 0.0000E+00 2.6263E-12 7.9971E-12 1.3799E-11 1.5910E-11 1.8581E-11 2.1290E-11 2.7173E-11 3.3429E-11 3.9287E-11 4.4452E-11 4.8387E-11 5.1504E-11 5.5601E-11 5.9397E-11 6.3943E-11 6.8207E-11 7.2974E-11 7.7730E-11 8.2740E-11 8.8289E-11 9.3714E-11 9.9698E-11 1.0611E-10 1.1230E-10 1.1935E-10 1.2632E-10 1.3391E-10 1.4156E-10 1.4986E-10 1.5811E-10 1.6731E-10 1.7633E-10 1.8632E-10 1.9616E-10 2.0641E-10 2.1828E-10 2.2944E-10
0.0000E+00 0.0000E+00 0.0000E+00 0.0000E+00 0.0000E+00 0.0000E+00 0.0000E+00 0.0000E+00 0.0000E+00 0.0000E+00 0.0000E+00 0.0000E+00 0.0000E+00 0.0000E+00 0.0000E+00 0.0000E+00 0.0000E+00 0.0000E+00 0.0000E+00 0.0000E+00 4.2187E-12 9.6690E-12 1.4320E-11 1.6695E-11 1.9178E-11 2.3232E-11 2.9524E-11 3.5795E-11 4.1556E-11 4.5688E-11 4.9452E-11 5.2905E-11 5.7093E-11 6.0985E-11 6.5632E-11 6.9872E-11 7.4615E-11 7.9750E-11 8.4887E-11 9.0294E-11 9.6259E-11 1.0212E-10 1.0855E-10 1.1543E-10 1.2210E-10 1.2966E-10 1.3701E-10 1.4528E-10 1.5336E-10 1.6237E-10 1.7123E-10 1.8104E-10 1.9071E-10 2.0078E-10 2.1246E-10 2.2346E-10 2.3490E-10
0.0000E+00 0.0000E+00 0.0000E+00 0.0000E+00 0.0000E+00 0.0000E+00 0.0000E+00 0.0000E+00 0.0000E+00 0.0000E+00 0.0000E+00 0.0000E+00 0.0000E+00 0.0000E+00 0.0000E+00 0.0000E+00 0.0000E+00 0.0000E+00 0.0000E+00 1.0474E-12 6.3359E-12 1.1592E-11 1.5078E-11 1.7252E-11 2.0192E-11 2.5438E-11 3.1297E-11 3.7089E-11 4.3269E-11 4.7184E-11 5.0513E-11 5.4569E-11 5.8328E-11 6.2576E-11 6.7066E-11 7.1671E-11 7.6527E-11 8.1509E-11 8.7034E-11 9.2574E-11 9.8403E-11 1.0481E-10 1.1112E-10 1.1803E-10 1.2528E-10 1.3259E-10 1.4068E-10 1.4858E-10 1.5742E-10 1.6609E-10 1.7557E-10 1.8520E-10 1.9509E-10 2.0658E-10 2.1739E-10 2.2865E-10 2.4154E-10
0.0000E+00 0.0000E+00 0.0000E+00 0.0000E+00 0.0000E+00 0.0000E+00 0.0000E+00 0.0000E+00 0.0000E+00 0.0000E+00 0.0000E+00 0.0000E+00 0.0000E+00 0.0000E+00 0.0000E+00 0.0000E+00 0.0000E+00 0.0000E+00 0.0000E+00 2.6211E-12 7.9718E-12 1.2547E-11 1.5600E-11 1.8043E-11 2.1465E-11 2.7106E-11 3.3632E-11 3.9258E-11 4.4708E-11 4.8422E-11 5.1834E-11 5.5974E-11 5.9559E-11 6.4429E-11 6.8630E-11 7.3336E-11 7.8434E-11 8.3538E-11 8.8914E-11 9.4853E-11 1.0082E-10 1.0710E-10 1.1397E-10 1.2062E-10 1.2818E-10 1.3566E-10 1.4380E-10 1.5203E-10 1.6093E-10 1.6980E-10 1.7965E-10 1.8935E-10 2.0063E-10 2.1125E-10 2.2232E-10 2.3500E-10 2.4705E-10
0.0000E+00 0.0000E+00 0.0000E+00 0.0000E+00 0.0000E+00 0.0000E+00 0.0000E+00 0.0000E+00 0.0000E+00 0.0000E+00 0.0000E+00 0.0000E+00 0.0000E+00 0.0000E+00 0.0000E+00 0.0000E+00 0.0000E+00 0.0000E+00 0.0000E+00 4.2018E-12 9.1238E-12 1.4229E-11 1.6130E-11 1.8837E-11 2.2744E-11 2.9409E-11 3.5685E-11 4.0907E-11 4.5873E-11 4.9407E-11 5.3156E-11 5.7124E-11 6.1324E-11 6.5765E-11 7.0325E-11 7.5137E-11 8.0077E-11 8.5562E-11 9.1066E-11 9.6860E-11 1.0324E-10 1.0966E-10 1.1641E-10 1.2377E-10 1.3094E-10 1.3902E-10 1.4691E-10 1.5575E-10 1.6443E-10 1.7408E-10 1.8358E-10 1.9408E-10 2.0506E-10 2.1592E-10 2.2753E-10 2.4023E-10 2.5256E-10
0.0000E+00 0.0000E+00 0.0000E+00 0.0000E+00 0.0000E+00 0.0000E+00 0.0000E+00 0.0000E+00 0.0000E+00 0.0000E+00 0.0000E+00 0.0000E+00 0.0000E+00 0.0000E+00 0.0000E+00 0.0000E+00 0.0000E+00 0.0000E+00 1.0422E-12 6.2969E-12 1.1020E-11 1.4722E-11 1.6890E-11 2.0042E-11 2.4665E-11 3.1128E-11 3.6919E-11 4.2556E-11 4.7037E-11 5.0386E-11 5.4476E-11 5.8266E-11 6.2821E-11 6.7228E-11 7.1882E-11 7.6800E-11 8.1987E-11 8.7316E-11 9.3212E-11 9.9274E-11 1.0538E-10 1.1222E-10 1.1912E-10 1.2636E-10 1.3411E-10 1.4195E-10 1.5058E-10 1.5906E-10 1.6849E-10 1.7779E-10 1.8750E-10 1.9883E-10 2.0948E-10 2.2057E-10 2.3335E-10 2.4546E-10 2.5805E-10
0.0000E+00 0.0000E+00 0.0000E+00 0.0000E+00 0.0000E+00 0.0000E+00 0.0000E+00 0.0000E+00 0.0000E+00 0.0000E+00 0.0000E+00 0.0000E+00 0.0000E+00 0.0000E+00 0.0000E+00 0.0000E+00 0.0000E+00 0.0000E+00 2.6024E-12 6.4141E-12 1.1712E-11 1.5221E-11 1.7649E-11 2.1280E-11 2.5987E-11 3.3108E-11 3.9019E-11 4.4466E-11 4.8196E-11 5.1626E-11 5.5793E-11 5.9671E-11 6.4314E-11 6.8685E-11 7.3438E-11 7.8456E-11 8.3887E-11 8.9339E-11 9.5081E-11 1.0141E-10 1.0792E-10 1.1449E-10 1.2182E-10 1.2909E-10 1.3700E-10 1.4501E-10 1.5369E-10 1.6249E-10 1.7199E-10 1.8148E-10 1.9258E-10 2.0300E-10 2.1387E-10 2.2640E-10 2.3829E-10 2.5066E-10 2.6474E-10
0.0000E+00 0.0000E+00 0.0000E+00 0.0000E+00 0.0000E+00 0.0000E+00 0.0000E+00 0.0000E+00 0.0000E+00 0.0000E+00 0.0000E+00 0.0000E+00 0.0000E+00 0.0000E+00 0.0000E+00 0.0000E+00 0.0000E+00 0.0000E+00 3.6573E-12 8.0481E-12 1.3130E-11 1.5951E-11 1.8176E-11 2.2266E-11 2.8246E-11 3.4844E-11 4.0595E-11 4.5555E-11 4.9098E-11 5.3119E-11 5.6847E-11 6.1332E-11 6.5540E-11 7.0265E-11 7.5120E-11 8.0245E-11 8.5513E-11 9.1349E-11 9.7354E-11 1.0340E-10 1.1019E-10 1.1717E-10 1.2424E-10 1.3208E-10 1.3973E-10 1.4834E-10 1.5678E-10 1.6619E-10 1.7547E-10 1.8603E-10 1.9651E-10 2.0715E-10 2.1942E-10 2.3107E-10 2.4321E-10 2.5703E-10 2.7025E-10
0.0000E+00 0.0000E+00 0.0000E+00 0.0000E+00 0.0000E+00 0.0000E+00 0.0000E+00 0.0000E+00 0.0000E+00 0.0000E+00 0.0000E+00 0.0000E+00 0.0000E+00 0.0000E+00 0.0000E+00 0.0000E+00 0.0000E+00 0.0000E+00 4.2375E-12 9.1870E-12 1.4304E-11 1.6216E-11 1.9571E-11 2.4139E-11 2.9650E-11 3.6553E-11 4.2163E-11 4.6639E-11 4.9990E-11 5.4345E-11 5.7889E-11 6.2724E-11 6.7028E-11 7.1710E-11 7.6658E-11 8.2019E-11 8.7404E-11 9.3080E-11 9.9343E-11 1.0579E-10 1.1230E-10 1.1957E-10 1.2692E-10 1.3464E-10 1.4288E-10 1.5124E-10 1.6042E-10 1.6946E-10 1.7892E-10 1.9001E-10 2.0041E-10 2.1157E-10 2.2382E-10 2.3571E-10 2.4898E-10 2.6224E-10 2.7573E-10
0.0000E+00 0.0000E+00 0.0000E+00 0.0000E+00 0.0000E+00 0.0000E+00 0.0000E+00 0.0000E+00 0.0000E+00 0.0000E+00 0.0000E+00 0.0000E+00 0.0000E+00 0.0000E+00 0.0000E+00 0.0000E+00 0.0000E+00 1.0499E-12 6.3325E-12 1.1064E-11 1.4535E-11 1.6943E-11 2.0736E-11 2.5412E-11 3.1873E-11 3.8009E-11 4.3714E-11 4.7714E-11 5.1403E-11 5.5312E-11 5.9460E-11 6.3851E-11 6.8369E-11 7.3145E-11 7.8191E-11 8.3519E-11 8.9278E-11 9.5211E-11 1.0132E-10 1.0790E-10 1.1482E-10 1.2181E-10 1.2959E-10 1.3718E-10 1.4573E-10 1.5425E-10 1.6348E-10 1.7270E-10 1.8352E-10 1.9368E-10 2.0429E-10 2.1656E-10 2.2819E-10 2.4032E-10 2.5418E-10 2.6741E-10 2.8208E-10
0.0000E+00 0.0000E+00 0.0000E+00 0.0000E+00 0.0000E+00 0.0000E+00 0.0000E+00 0.0000E+00 0.0000E+00 0.0000E+00 0.0000E+00 0.0000E+00 0.0000E+00 0.0000E+00 0.0000E+00 0.0000E+00 0.0000E+00 2.6141E-12 6.9317E-12 1.1733E-11 1.5236E-11 1.7437E-11 2.1321E-11 2.6379E-11 3.3800E-11 3.9788E-11 4.4997E-11 4.8528E-11 5.2543E-11 5.6265E-11 6.0754E-11 6.5100E-11 6.9697E-11 7.4697E-11 7.9845E-11 8.5278E-11 9.0871E-11 9.7053E-11 1.0342E-10 1.0999E-10 1.1704E-10 1.2445E-10 1.3196E-10 1.4027E-10 1.4841E-10 1.5753E-10 1.6651E-10 1.7678E-10 1.8696E-10 1.9732E-10 2.0931E-10 2.2067E-10 2.3253E-10 2.4610E-10 2.5905E-10 2.7254E-10 2.8782E-10
0.0000E+00 0.0000E+00 0.0000E+00 0.0000E+00 0.0000E+00 0.0000E+00 0.0000E+00 0.0000E+00 0.0000E+00 0.0000E+00 0.0000E+00 0.0000E+00 0.0000E+00 0.0000E+00 0.0000E+00 0.0000E+00 0.0000E+00 3.6646E-12 8.0551E-12 1.2638E-11 1.5466E-11 1.7931E-11 2.2521E-11 2.8283E-11 3.5719E-11 4.0723E-11 4.5995E-11 4.9595E-11 5.3673E-11 5.7475E-11 6.2036E-11 6.6335E-11 7.1154E-11 7.6110E-11 8.1348E-11 8.7016E-11 9.2725E-11 9.8882E-11 1.0537E-10 1.1220E-10 1.1910E-10 1.2680E-10 1.3459E-10 1.4277E-10 1.5150E-10 1.6037E-10 1.6951E-10 1.8028E-10 1.9037E-10 2.0150E-10 2.1316E-10 2.2474E-10 2.3800E-10 2.5067E-10 2.6388E-10 2.7885E-10 2.9323E-10
0.0000E+00 0.0000E+00 0.0000E+00 0.0000E+00 0.0000E+00 0.0000E+00 0.0000E+00 0.0000E+00 0.0000E+00 0.0000E+00 0.0000E+00 0.0000E+00 0.0000E+00 0.0000E+00 0.0000E+00 0.0000E+00 0.0000E+00 4.2365E-12 9.1713E-12 1.3312E-11 1.6164E-11 1.9515E-11 2.4347E-11 2.9627E-11 3.6562E-11 4.2473E-11 4.6982E-11 5.0651E-11 5.4539E-11 5.8672E-11 6.3048E-11 6.7556E-11 7.2459E-11 7.7507E-11 8.2840E-11 8.8472E-11 9.4555E-11 1.0083E-10 1.0730E-10 1.1425E-10 1.2157E-10 1.2898E-10 1.3719E-10 1.4525E-10 1.5428E-10 1.6317E-10 1.7365E-10 1.8346E-10 1.9373E-10 2.0567E-10 2.1697E-10 2.2876E-10 2.4230E-10 2.5520E-10 2.6985E-10 2.8394E-10 2.9859E-10
0.0000E+00 0.0000E+00 0.0000E+00 0.0000E+00 0.0000E+00 0.0000E+00 0.0000E+00 0.0000E+00 0.0000E+00 0.0000E+00 0.0000E+00 0.0000E+00 0.0000E+00 0.0000E+00 0.0000E+00 0.0000E+00 1.0483E-12 6.3133E-12 9.8043E-12 1.4458E-11 1.6392E-11 2.0669E-11 2.5320E-11 3.1788E-11 3.7942E-11 4.3932E-11 4.7706E-11 5.1694E-11 5.5389E-11 5.9855E-11 6.4180E-11 6.8896E-11 7.3746E-11 7.9016E-11 8.4449E-11 9.0184E-11 9.6235E-11 1.0262E-10 1.0934E-10 1.1628E-10 1.2373E-10 1.3141E-10 1.3949E-10 1.4826E-10 1.5688E-10 1.6651E-10 1.7661E-10 1.8660E-10 1.9823E-10 2.0923E-10 2.2073E-10 2.3394E-10 2.4654E-10 2.5998E-10 2.7462E-10 2.8896E-10 3.0510E-10
0.0000E+00 0.0000E+00 0.0000E+00 0.0000E+00 0.0000E+00 0.0000E+00 0.0000E+00 0.0000E+00 0.0000E+00 0.0000E+00 0.0000E+00 0.0000E+00 0.0000E+00 0.0000E+00 0.0000E+00 0.0000E+00 2.0882E-12 6.4047E-12 1.1167E-11 1.4656E-11 1.7080E-11 2.1179E-11 2.6232E-11 3.3351E-11 3.9635E-11 4.5116E-11 4.8416E-11 5.2469E-11 5.6492E-11 6.1022E-11 6.5294E-11 7.0088E-11 7.5158E-11 8.0381E-11 8.5900E-11 9.1869E-11 9.8028E-11 1.0438E-10 1.1122E-10 1.1842E-10 1.2572E-10 1.3382E-10 1.4190E-10 1.5068E-10 1.5945E-10 1.6983E-10 1.7954E-10 1.8999E-10 2.0155E-10 2.1274E-10 2.2533E-10 2.3791E-10 2.5073E-10 2.6532E-10 2.7934E-10 2.9454E-10 3.1039E-10
0.0000E+00 0.0000E+00 0.0000E+00 0.0000E+00 0.0000E+00 0.0000E+00 0.0000E+00 0.0000E+00 0.0000E+00 0.0000E+00 0.0000E+00 0.0000E+00 0.0000E+00 0.0000E+00 0.0000E+00 0.0000E+00 2.6401E-12 7.4956E-12 1.1809E-11 1.5320E-11 1.7535E-11 2.2331E-11 2.8070E-11 3.4655E-11 4.0743E-11 4.6012E-11 4.9380E-11 5.3486E-11 5.7580E-11 6.1917E-11 6.6389E-11 7.1260E-11 7.6413E-11 8.1724E-11 8.7336E-11 9.3263E-11 9.9660E-11 1.0626E-10 1.1308E-10 1.2040E-10 1.2796E-10 1.3591E-10 1.4456E-10 1.5306E-10 1.6285E-10 1.7255E-10 1.8241E-10 1.9393E-10 2.0482E-10 2.1619E-10 2.2932E-10 2.4181E-10 2.5576E-10 2.6973E-10 2.8398E-10 3.0007E-10 3.1560E-10
0.0000E+00 0.0000E+00 0.0000E+00 0.0000E+00 0.0000E+00 0.0000E+00 0.0000E+00 0.0000E+00 0.0000E+00 0.0000E+00 0.0000E+00 0.0000E+00 0.0000E+00 0.0000E+00 0.0000E+00 0.0000E+00 4.1987E-12 8.0990E-12 1.2683E-11 1.5513E-11 1.8620E-11 2.3246E-11 2.9003E-11 3.5958E-11 4.1857E-11 4.6646E-11 5.0328E-11 5.4231E-11 5.8650E-11 6.2929E-11 6.7601E-11 7.2549E-11 7.7644E-11 8.3175E-11 8.8883E-11 9.4911E-11 1.0127E-10 1.0798E-10 1.1504E-10 1.2220E-10 1.3017E-10 1.3826E-10 1.4676E-10 1.5568E-10 1.6564E-10 1.7521E-10 1.8583E-10 1.9697E-10 2.0803E-10 2.2079E-10 2.3295E-10 2.4596E-10 2.6015E-10 2.7406E-10 2.8977E-10 3.0494E-10 3.2096E-10
0.0000E+00 0.0000E+00 0.0000E+00 0.0000E+00 0.0000E+00 0.0000E+00 0.0000E+00 0.0000E+00 0.0000E+00 0.0000E+00 0.0000E+00 0.0000E+00 0.0000E+00 0.0000E+00 0.0000E+00 1.0374E-12 4.2537E-12 8.6996E-12 1.3323E-11 1.6170E-11 1.9301E-11 2.4396E-11 3.0834E-11 3.7533E-11 4.2950E-11 4.7263E-11 5.1258E-11 5.5226E-11 5.9699E-11 6.3920E-11 6.8663E-11 7.3684E-11 7.8861E-11 8.4476E-11 9.0267E-11 9.6524E-11 1.0299E-10 1.0966E-10 1.1684E-10 1.2426E-10 1.3206E-10 1.4056E-10 1.4891E-10 1.5856E-10 1.6811E-10 1.7782E-10 1.8921E-10 1.9994E-10 2.1178E-10 2.2417E-10 2.3652E-10 2.5064E-10 2.6419E-10 2.7893E-10 2.9431E-10 3.0973E-10 3.2667E-10
0.0000E+00 0.0000E+00 0.0000E+00 0.0000E+00 0.0000E+00 0.0000E+00 0.0000E+00 0.0000E+00 0.0000E+00 0.0000E+00 0.0000E+00 0.0000E+00 0.0000E+00 0.0000E+00 0.0000E+00 1.0508E-12 5.8086E-12 9.3032E-12 1.3479E-11 1.6356E-11 2.0637E-11 2.5552E-11 3.2062E-11 3.8289E-11 4.4299E-11 4.8130E-11 5.2169E-11 5.5938E-11 6.0476E-11 6.4888E-11 6.9700E-11 7.4795E-11 8.0186E-11 8.5749E-11 9.1629E-11 9.7839E-11 1.0454E-10 1.1145E-10 1.1846E-10 1.2627E-10 1.3420E-10 1.4254E-10 1.5131E-10 1.6111E-10 1.7052E-10 1.8127E-10 1.9196E-10 2.0286E-10 2.1547E-10 2.2748E-10 2.4063E-10 2.5439E-10 2.6814E-10 2.8373E-10 2.9877E-10 3.1530E-10 3.3167E-10
0.0000E+00 0.0000E+00 0.0000E+00 0.0000E+00 0.0000E+00 0.0000E+00 0.0000E+00 0.0000E+00 0.0000E+00 0.0000E+00 0.0000E+00 0.0000E+00 0.0000E+00 0.0000E+00 0.0000E+00 2.0867E-12 6.3925E-12 1.0401E-11 1.4586E-11 1.6769E-11 2.0867E-11 2.5845E-11 3.3536E-11 3.9856E-11 4.5113E-11 4.8978E-11 5.2810E-11 5.6898E-11 6.1367E-11 6.5971E-11 7.0850E-11 7.6018E-11 8.1347E-11 8.6994E-11 9.3098E-11 9.9404E-11 1.0592E-10 1.1307E-10 1.2033E-10 1.2797E-10 1.3630E-10 1.4448E-10 1.5424E-10 1.6333E-10 1.7317E-10 1.8409E-10 1.9465E-10 2.0660E-10 2.1853E-10 2.3071E-10 2.4468E-10 2.5806E-10 2.7294E-10 2.8787E-10 3.0336E-10 3.1995E-10 3.3656E-10
