Assets/Resources/2015_m01_d12_0700(utc+0800)_l00_csi_1hr_conc.grd
DSAA
         159         159
     -79.000      79.000
     -79.000      79.000
  0.0000E+00  0.1344E-05
[rows 0 to 24 of 159, columns 0 to 56 of 159]
0.0000E+00 0.0000E+00 0.0000E+00 0.0000E+00 0.0000E+00 0.0000E+00 0.0000E+00 0.0000E+00 0.0000E+00 0.0000E+00 2.5575E-12 9.9271E-12 2.3193E-11 4.1803E-11 6.7269E-11 9.8751E-11 1.3791E-10 1.8678E-10 2.4449E-10 3.1809E-10 4.0637E-10 5.0822E-10 6.3016E-10 7.7098E-10 9.3395E-10 1.1230E-09 1.3366E-09 1.5751E-09 1.8415E-09 2.1343E-09 2.4516E-09 2.7903E-09 3.1476E-09 3.5215E-09 3.9056E-09 4.2937E-09 4.6787E-09 5.0537E-09 5.4110E-09 5.7431E-09 6.0421E-09 6.3018E-09 6.5159E-09 6.6793E-09 6.7880E-09 6.8394E-09 6.8326E-09 6.7681E-09 6.6480E-09 6.4754E-09 6.2551E-09 5.9927E-09 5.6948E-09 5.3684E-09 5.0206E-09 4.6585E-09 4.2888E-09
0.0000E+00 0.0000E+00 0.0000E+00 0.0000E+00 0.0000E+00 0.0000E+00 0.0000E+00 0.0000E+00 0.0000E+00 0.0000E+00 2.8540E-12 1.0887E-11 2.5237E-11 4.5181E-11 7.1710E-11 1.0455E-10 1.4685E-10 1.9836E-10 2.6136E-10 3.3910E-10 4.3158E-10 5.4241E-10 6.7104E-10 8.2118E-10 9.9758E-10 1.1990E-09 1.4263E-09 1.6844E-09 1.9707E-09 2.2845E-09 2.6236E-09 2.9889E-09 3.3754E-09 3.7783E-09 4.1918E-09 4.6087E-09 5.0225E-09 5.4261E-09 5.8109E-09 6.1677E-09 6.4893E-09 6.7680E-09 6.9974E-09 7.1709E-09 7.2848E-09 7.3365E-09 7.3251E-09 7.2507E-09 7.1163E-09 6.9255E-09 6.6835E-09 6.3966E-09 6.0715E-09 5.7159E-09 5.3377E-09 4.9451E-09 4.5455E-09
0.0000E+00 0.0000E+00 0.0000E+00 0.0000E+00 0.0000E+00 0.0000E+00 0.0000E+00 0.0000E+00 0.0000E+00 0.0000E+00 3.1019E-12 1.2258E-11 2.7392E-11 4.8375E-11 7.5754E-11 1.1083E-10 1.5474E-10 2.0945E-10 2.7700E-10 3.5770E-10 4.5800E-10 5.7450E-10 7.1034E-10 8.7204E-10 1.0587E-09 1.2723E-09 1.5173E-09 1.7923E-09 2.0965E-09 2.4313E-09 2.7966E-09 3.1881E-09 3.6020E-09 4.0321E-09 4.4744E-09 4.9225E-09 5.3675E-09 5.8007E-09 6.2127E-09 6.5950E-09 6.9390E-09 7.2361E-09 7.4789E-09 7.6619E-09 7.7807E-09 7.8321E-09 7.8154E-09 7.7313E-09 7.5825E-09 7.3729E-09 7.1079E-09 6.7950E-09 6.4418E-09 6.0568E-09 5.6488E-09 5.2255E-09 4.7954E-09
0.0000E+00 0.0000E+00 0.0000E+00 0.0000E+00 0.0000E+00 0.0000E+00 0.0000E+00 0.0000E+00 0.0000E+00 0.0000E+00 3.2337E-12 1.3090E-11 2.9341E-11 5.1266E-11 7.9695E-11 1.1654E-10 1.6228E-10 2.2106E-10 2.9119E-10 3.7753E-10 4.8295E-10 6.0436E-10 7.5008E-10 9.2059E-10 1.1170E-09 1.3453E-09 1.6047E-09 1.8946E-09 2.2195E-09 2.5777E-09 2.9669E-09 3.3828E-09 3.8235E-09 4.2848E-09 4.7586E-09 5.2372E-09 5.7118E-09 6.1731E-09 6.6118E-09 7.0192E-09 7.3846E-09 7.6998E-09 7.9569E-09 8.1494E-09 8.2729E-09 8.3237E-09 8.3011E-09 8.2063E-09 8.0418E-09 7.8120E-09 7.5241E-09 7.1853E-09 6.8038E-09 6.3885E-09 5.9490E-09 5.4944E-09 5.0339E-09
0.0000E+00 0.0000E+00 0.0000E+00 0.0000E+00 0.0000E+00 0.0000E+00 0.0000E+00 0.0000E+00 0.0000E+00 0.0000E+00 3.2050E-12 1.3805E-11 3.0556E-11 5.3487E-11 8.3179E-11 1.2089E-10 1.6863E-10 2.3026E-10 3.0342E-10 3.9541E-10 5.0365E-10 6.3368E-10 7.8711E-10 9.6478E-10 1.1743E-09 1.4151E-09 1.6868E-09 1.9958E-09 2.3403E-09 2.7190E-09 3.1298E-09 3.5733E-09 4.0427E-09 4.5323E-09 5.0346E-09 5.5416E-09 6.0457E-09 6.5368E-09 7.0040E-09 7.4363E-09 7.8235E-09 8.1567E-09 8.4278E-09 8.6291E-09 8.7557E-09 8.8049E-09 8.7755E-09 8.6684E-09 8.4874E-09 8.2377E-09 7.9261E-09 7.5604E-09 7.1500E-09 6.7047E-09 6.2347E-09 5.7500E-09 5.2595E-09
0.0000E+00 0.0000E+00 0.0000E+00 0.0000E+00 0.0000E+00 0.0000E+00 0.0000E+00 0.0000E+00 0.0000E+00 0.0000E+00 3.0102E-12 1.4313E-11 3.1648E-11 5.5580E-11 8.6107E-11 1.2446E-10 1.7530E-10 2.3814E-10 3.1572E-10 4.1071E-10 5.2396E-10 6.6106E-10 8.1916E-10 1.0078E-09 1.2272E-09 1.4776E-09 1.7662E-09 2.0920E-09 2.4540E-09 2.8536E-09 3.2898E-09 3.7580E-09 4.2530E-09 4.7690E-09 5.3012E-09 5.8395E-09 6.3738E-09 6.8931E-09 7.3857E-09 7.8413E-09 8.2490E-09 8.5994E-09 8.8825E-09 9.0916E-09 9.2211E-09 9.2681E-09 9.2315E-09 9.1127E-09 8.9153E-09 8.6452E-09 8.3092E-09 7.9165E-09 7.4773E-09 7.0024E-09 6.5021E-09 5.9867E-09 5.4664E-09
0.0000E+00 0.0000E+00 0.0000E+00 0.0000E+00 0.0000E+00 0.0000E+00 0.0000E+00 0.0000E+00 0.0000E+00 0.0000E+00 2.4836E-12 1.4041E-11 3.1724E-11 5.6272E-11 8.7262E-11 1.2740E-10 1.7972E-10 2.4502E-10 3.2593E-10 4.2226E-10 5.4209E-10 6.8321E-10 8.4975E-10 1.0467E-09 1.2734E-09 1.5378E-09 1.8409E-09 2.1806E-09 2.5620E-09 2.9830E-09 3.4418E-09 3.9331E-09 4.4556E-09 5.0020E-09 5.5636E-09 6.1309E-09 6.6930E-09 7.2392E-09 7.7587E-09 8.2391E-09 8.6685E-09 9.0354E-09 9.3308E-09 9.5470E-09 9.6794E-09 9.7229E-09 9.6776E-09 9.5451E-09 9.3294E-09 9.0363E-09 8.6749E-09 8.2551E-09 7.7870E-09 7.2817E-09 6.7505E-09 6.2046E-09 5.6549E-09
0.0000E+00 0.0000E+00 0.0000E+00 0.0000E+00 0.0000E+00 0.0000E+00 0.0000E+00 0.0000E+00 0.0000E+00 0.0000E+00 4.8780E-13 1.2999E-11 3.0807E-11 5.5909E-11 8.7680E-11 1.2958E-10 1.8319E-10 2.5161E-10 3.3333E-10 4.3411E-10 5.5757E-10 7.0310E-10 8.7665E-10 1.0782E-09 1.3158E-09 1.5920E-09 1.9054E-09 2.2624E-09 2.6620E-09 3.1026E-09 3.5819E-09 4.0999E-09 4.6485E-09 5.2214E-09 5.8091E-09 6.4036E-09 6.9945E-09 7.5688E-09 8.1141E-09 8.6169E-09 9.0650E-09 9.4473E-09 9.7543E-09 9.9773E-09 1.0110E-08 1.0149E-08 1.0095E-08 9.9487E-09 9.7147E-09 9.4004E-09 9.0142E-09 8.5666E-09 8.0686E-09 7.5329E-09 6.9721E-09 6.3979E-09 5.8210E-09
0.0000E+00 0.0000E+00 0.0000E+00 0.0000E+00 0.0000E+00 0.0000E+00 0.0000E+00 0.0000E+00 0.0000E+00 0.0000E+00 0.0000E+00 1.3023E-11 3.1093E-11 5.6452E-11 8.8033E-11 1.3081E-10 1.8577E-10 2.5602E-10 3.3951E-10 4.4392E-10 5.6901E-10 7.1974E-10 8.9739E-10 1.1068E-09 1.3539E-09 1.6380E-09 1.9654E-09 2.3376E-09 2.7524E-09 3.2117E-09 3.7140E-09 4.2548E-09 4.8279E-09 5.4270E-09 6.0449E-09 6.6695E-09 7.2885E-09 7.8895E-09 8.4587E-09 8.9831E-09 9.4506E-09 9.8487E-09 1.0166E-08 1.0394E-08 1.0527E-08 1.0562E-08 1.0497E-08 1.0336E-08 1.0082E-08 9.7446E-09 9.3322E-09 8.8559E-09 8.3289E-09 7.7636E-09 7.1720E-09 6.5674E-09 5.9625E-09
0.0000E+00 0.0000E+00 0.0000E+00 0.0000E+00 0.0000E+00 0.0000E+00 0.0000E+00 0.0000E+00 0.0000E+00 0.0000E+00 0.0000E+00 1.3037E-11 3.1021E-11 5.6488E-11 8.8475E-11 1.3111E-10 1.8774E-10 2.5827E-10 3.4446E-10 4.5016E-10 5.7778E-10 7.3259E-10 9.1390E-10 1.1309E-09 1.3831E-09 1.6774E-09 2.0174E-09 2.4009E-09 2.8322E-09 3.3103E-09 3.8333E-09 4.3950E-09 4.9940E-09 5.6202E-09 6.2641E-09 6.9142E-09 7.5582E-09 8.1842E-09 8.7777E-09 9.3242E-09 9.8099E-09 1.0222E-08 1.0548E-08 1.0781E-08 1.0914E-08 1.0943E-08 1.0867E-08 1.0690E-08 1.0417E-08 1.0056E-08 9.6167E-09 9.1127E-09 8.5568E-09 7.9625E-09 7.3432E-09 6.7123E-09 6.0810E-09
0.0000E+00 0.0000E+00 0.0000E+00 0.0000E+00 0.0000E+00 0.0000E+00 0.0000E+00 0.0000E+00 0.0000E+00 0.0000E+00 0.0000E+00 1.3090E-11 3.0511E-11 5.5510E-11 8.7467E-11 1.2931E-10 1.8768E-10 2.5866E-10 3.4713E-10 4.5351E-10 5.8490E-10 7.3928E-10 9.2783E-10 1.1481E-09 1.4075E-09 1.7121E-09 2.0598E-09 2.4562E-09 2.9028E-09 3.3979E-09 3.9385E-09 4.5235E-09 5.1446E-09 5.7941E-09 6.4617E-09 7.1385E-09 7.8102E-09 8.4620E-09 9.0789E-09 9.6457E-09 1.0148E-08 1.0572E-08 1.0907E-08 1.1143E-08 1.1274E-08 1.1296E-08 1.1209E-08 1.1015E-08 1.0721E-08 1.0337E-08 9.8728E-09 9.3414E-09 8.7565E-09 8.1326E-09 7.4849E-09 6.8282E-09 6.1741E-09
0.0000E+00 0.0000E+00 0.0000E+00 0.0000E+00 0.0000E+00 0.0000E+00 0.0000E+00 0.0000E+00 0.0000E+00 0.0000E+00 0.0000E+00 1.1822E-11 2.8367E-11 5.2578E-11 8.4124E-11 1.2635E-10 1.8480E-10 2.5702E-10 3.4708E-10 4.5549E-10 5.8688E-10 7.4471E-10 9.3456E-10 1.1588E-09 1.4262E-09 1.7357E-09 2.0925E-09 2.5017E-09 2.9610E-09 3.4710E-09 4.0303E-09 4.6349E-09 5.2780E-09 5.9531E-09 6.6496E-09 7.3536E-09 8.0513E-09 8.7272E-09 9.3667E-09 9.9542E-09 1.0474E-08 1.0912E-08 1.1256E-08 1.1495E-08 1.1624E-08 1.1638E-08 1.1538E-08 1.1327E-08 1.1012E-08 1.0603E-08 1.0111E-08 9.5492E-09 8.9347E-09 8.2828E-09 7.6074E-09 6.9221E-09 6.2411E-09
0.0000E+00 0.0000E+00 0.0000E+00 0.0000E+00 0.0000E+00 0.0000E+00 0.0000E+00 0.0000E+00 0.0000E+00 0.0000E+00 0.0000E+00 9.8055E-12 2.5369E-11 4.8099E-11 7.9074E-11 1.2144E-10 1.7922E-10 2.5241E-10 3.4461E-10 4.5429E-10 5.8594E-10 7.4562E-10 9.3649E-10 1.1668E-09 1.4373E-09 1.7517E-09 2.1189E-09 2.5368E-09 3.0074E-09 3.5314E-09 4.1079E-09 4.7303E-09 5.3961E-09 6.0936E-09 6.8124E-09 7.5391E-09 8.2606E-09 8.9617E-09 9.6248E-09 1.0233E-08 1.0769E-08 1.1219E-08 1.1570E-08 1.1812E-08 1.1937E-08 1.1943E-08 1.1829E-08 1.1601E-08 1.1264E-08 1.0830E-08 1.0311E-08 9.7219E-09 9.0791E-09 8.3986E-09 7.6964E-09 6.9883E-09 6.2874E-09
0.0000E+00 0.0000E+00 0.0000E+00 0.0000E+00 0.0000E+00 0.0000E+00 0.0000E+00 0.0000E+00 0.0000E+00 0.0000E+00 0.0000E+00 7.3250E-12 2.1922E-11 4.3567E-11 7.3821E-11 1.1685E-10 1.7433E-10 2.4764E-10 3.4062E-10 4.4930E-10 5.8256E-10 7.4108E-10 9.3352E-10 1.1666E-09 1.4386E-09 1.7612E-09 2.1341E-09 2.5591E-09 3.0408E-09 3.5787E-09 4.1692E-09 4.8110E-09 5.4945E-09 6.2131E-09 6.9553E-09 7.7089E-09 8.4574E-09 9.1831E-09 9.8683E-09 1.0496E-08 1.1048E-08 1.1511E-08 1.1870E-08 1.2115E-08 1.2237E-08 1.2235E-08 1.2108E-08 1.1860E-08 1.1501E-08 1.1041E-08 1.0494E-08 9.8768E-09 9.2052E-09 8.4957E-09 7.7653E-09 7.0301E-09 6.3063E-09
0.0000E+00 0.0000E+00 0.0000E+00 0.0000E+00 0.0000E+00 0.0000E+00 0.0000E+00 0.0000E+00 0.0000E+00 0.0000E+00 0.0000E+00 3.6878E-12 1.7344E-11 3.9152E-11 6.9805E-11 1.1206E-10 1.6841E-10 2.4051E-10 3.3442E-10 4.4229E-10 5.7537E-10 7.3328E-10 9.2735E-10 1.1593E-09 1.4367E-09 1.7630E-09 2.1388E-09 2.5722E-09 3.0637E-09 3.6120E-09 4.2162E-09 4.8729E-09 5.5755E-09 6.3161E-09 7.0825E-09 7.8585E-09 8.6289E-09 9.3765E-09 1.0083E-08 1.0731E-08 1.1301E-08 1.1777E-08 1.2143E-08 1.2390E-08 1.2509E-08 1.2498E-08 1.2357E-08 1.2091E-08 1.1708E-08 1.1222E-08 1.0648E-08 1.0001E-08 9.3001E-09 8.5638E-09 7.8099E-09 7.0536E-09 6.3087E-09
0.0000E+00 0.0000E+00 0.0000E+00 0.0000E+00 0.0000E+00 0.0000E+00 0.0000E+00 0.0000E+00 0.0000E+00 0.0000E+00 0.0000E+00 1.5494E-12 1.3031E-11 3.5320E-11 6.5160E-11 1.0607E-10 1.6133E-10 2.3074E-10 3.2396E-10 4.3238E-10 5.6373E-10 7.2218E-10 9.1445E-10 1.1462E-09 1.4269E-09 1.7530E-09 2.1345E-09 2.5746E-09 3.0722E-09 3.6298E-09 4.2475E-09 4.9190E-09 5.6408E-09 6.3996E-09 7.1848E-09 7.9823E-09 8.7766E-09 9.5486E-09 1.0279E-08 1.0947E-08 1.1533E-08 1.2020E-08 1.2394E-08 1.2643E-08 1.2760E-08 1.2740E-08 1.2585E-08 1.2300E-08 1.1895E-08 1.1383E-08 1.0781E-08 1.0106E-08 9.3763E-09 8.6117E-09 7.8308E-09 7.0511E-09 6.2888E-09
0.0000E+00 0.0000E+00 0.0000E+00 0.0000E+00 0.0000E+00 0.0000E+00 0.0000E+00 0.0000E+00 0.0000E+00 0.0000E+00 0.0000E+00 2.8074E-13 8.1768E-12 2.9798E-11 5.7858E-11 9.8114E-11 1.5197E-10 2.2028E-10 3.1132E-10 4.2020E-10 5.4990E-10 7.0751E-10 8.9702E-10 1.1303E-09 1.4088E-09 1.7374E-09 2.1233E-09 2.5650E-09 3.0685E-09 3.6365E-09 4.2642E-09 4.9501E-09 5.6850E-09 6.4627E-09 7.2708E-09 8.0939E-09 8.9137E-09 9.7093E-09 1.0461E-08 1.1148E-08 1.1752E-08 1.2254E-08 1.2637E-08 1.2890E-08 1.3004E-08 1.2975E-08 1.2805E-08 1.2501E-08 1.2072E-08 1.1534E-08 1.0902E-08 1.0197E-08 9.4382E-09 8.6465E-09 7.8404E-09 7.0373E-09 6.2528E-09
0.0000E+00 0.0000E+00 0.0000E+00 0.0000E+00 0.0000E+00 0.0000E+00 0.0000E+00 0.0000E+00 0.0000E+00 0.0000E+00 0.0000E+00 0.0000E+00 4.9839E-12 2.3025E-11 5.0990E-11 8.9803E-11 1.4024E-10 2.0578E-10 2.9485E-10 4.0469E-10 5.3332E-10 6.8699E-10 8.7656E-10 1.1080E-09 1.3827E-09 1.7148E-09 2.0996E-09 2.5442E-09 3.0550E-09 3.6287E-09 4.2657E-09 4.9624E-09 5.7140E-09 6.5111E-09 7.3395E-09 8.1818E-09 9.0211E-09 9.8383E-09 1.0612E-08 1.1321E-08 1.1942E-08 1.2458E-08 1.2850E-08 1.3105E-08 1.3217E-08 1.3180E-08 1.2997E-08 1.2674E-08 1.2222E-08 1.1657E-08 1.0998E-08 1.0263E-08 9.4762E-09 8.6574E-09 7.8275E-09 7.0053E-09 6.2059E-09
0.0000E+00 0.0000E+00 0.0000E+00 0.0000E+00 0.0000E+00 0.0000E+00 0.0000E+00 0.0000E+00 0.0000E+00 0.0000E+00 0.0000E+00 0.0000E+00 4.6176E-12 1.7010E-11 4.2331E-11 8.0036E-11 1.2848E-10 1.9060E-10 2.7692E-10 3.8648E-10 5.1412E-10 6.6452E-10 8.5288E-10 1.0789E-09 1.3550E-09 1.6836E-09 2.0670E-09 2.5169E-09 3.0293E-09 3.6075E-09 4.2531E-09 4.9619E-09 5.7286E-09 6.5399E-09 7.3847E-09 8.2504E-09 9.1161E-09 9.9604E-09 1.0760E-08 1.1492E-08 1.2133E-08 1.2663E-08 1.3066E-08 1.3328E-08 1.3438E-08 1.3394E-08 1.3198E-08 1.2855E-08 1.2380E-08 1.1788E-08 1.1099E-08 1.0334E-08 9.5172E-09 8.6691E-09 7.8116E-09 6.9638E-09 6.1443E-09
0.0000E+00 0.0000E+00 0.0000E+00 0.0000E+00 0.0000E+00 0.0000E+00 0.0000E+00 0.0000E+00 0.0000E+00 0.0000E+00 0.0000E+00 0.0000E+00 3.0206E-12 1.0264E-11 3.3536E-11 6.7877E-11 1.1387E-10 1.7442E-10 2.5853E-10 3.6591E-10 4.9023E-10 6.3972E-10 8.2311E-10 1.0470E-09 1.3210E-09 1.6425E-09 2.0298E-09 2.4777E-09 2.9908E-09 3.5751E-09 4.2280E-09 4.9469E-09 5.7228E-09 6.5511E-09 7.4182E-09 8.3064E-09 9.1951E-09 1.0061E-08 1.0883E-08 1.1636E-08 1.2297E-08 1.2844E-08 1.3259E-08 1.3527E-08 1.3636E-08 1.3585E-08 1.3375E-08 1.3014E-08 1.2516E-08 1.1897E-08 1.1179E-08 1.0384E-08 9.5377E-09 8.6629E-09 7.7821E-09 6.9148E-09 6.0777E-09
0.0000E+00 0.0000E+00 0.0000E+00 0.0000E+00 0.0000E+00 0.0000E+00 0.0000E+00 0.0000E+00 0.0000E+00 0.0000E+00 0.0000E+00 0.0000E+00 1.4796E-12 6.7028E-12 2.5202E-11 5.4133E-11 9.8623E-11 1.5660E-10 2.3867E-10 3.4256E-10 4.6372E-10 6.1185E-10 7.8983E-10 1.0123E-09 1.2784E-09 1.5999E-09 1.9826E-09 2.4275E-09 2.9442E-09 3.5316E-09 4.1895E-09 4.9143E-09 5.7054E-09 6.5505E-09 7.4353E-09 8.3410E-09 9.2503E-09 1.0141E-08 1.0988E-08 1.1764E-08 1.2447E-08 1.3012E-08 1.3440E-08 1.3714E-08 1.3825E-08 1.3769E-08 1.3548E-08 1.3170E-08 1.2649E-08 1.2003E-08 1.1255E-08 1.0431E-08 9.5551E-09 8.6523E-09 7.7459E-09 6.8572E-09 6.0039E-09
0.0000E+00 0.0000E+00 0.0000E+00 0.0000E+00 0.0000E+00 0.0000E+00 0.0000E+00 0.0000E+00 0.0000E+00 0.0000E+00 0.0000E+00 0.0000E+00 0.0000E+00 3.3195E-12 1.4400E-11 4.2237E-11 8.1737E-11 1.3936E-10 2.1693E-10 3.1773E-10 4.3525E-10 5.7902E-10 7.5538E-10 9.7194E-10 1.2324E-09 1.5522E-09 1.9268E-09 2.3708E-09 2.8878E-09 3.4755E-09 4.1366E-09 4.8722E-09 5.6747E-09 6.5313E-09 7.4307E-09 8.3600E-09 9.2954E-09 1.0213E-08 1.1087E-08 1.1890E-08 1.2595E-08 1.3180E-08 1.3623E-08 1.3908E-08 1.4022E-08 1.3962E-08 1.3728E-08 1.3332E-08 1.2788E-08 1.2115E-08 1.1338E-08 1.0482E-08 9.5749E-09 8.6423E-09 7.7091E-09 6.7970E-09 5.9245E-09
0.0000E+00 0.0000E+00 0.0000E+00 0.0000E+00 0.0000E+00 0.0000E+00 0.0000E+00 0.0000E+00 0.0000E+00 0.0000E+00 0.0000E+00 0.0000E+00 0.0000E+00 2.4459E-12 9.0376E-12 2.9482E-11 6.6195E-11 1.1953E-10 1.9343E-10 2.9101E-10 4.0482E-10 5.4381E-10 7.1788E-10 9.2634E-10 1.1848E-09 1.4958E-09 1.8666E-09 2.3092E-09 2.8201E-09 3.4080E-09 4.0752E-09 4.8172E-09 5.6249E-09 6.4956E-09 7.4153E-09 8.3652E-09 9.3224E-09 1.0263E-08 1.1161E-08 1.1988E-08 1.2718E-08 1.3324E-08 1.3784E-08 1.4080E-08 1.4198E-08 1.4135E-08 1.3893E-08 1.3481E-08 1.2915E-08 1.2215E-08 1.1408E-08 1.0521E-08 9.5844E-09 8.6245E-09 7.6669E-09 6.7349E-09 5.8466E-09
0.0000E+00 0.0000E+00 0.0000E+00 0.0000E+00 0.0000E+00 0.0000E+00 0.0000E+00 0.0000E+00 0.0000E+00 0.0000E+00 0.0000E+00 0.0000E+00 0.0000E+00 1.4487E-12 5.7940E-12 1.8905E-11 5.0404E-11 9.9464E-11 1.6849E-10 2.6174E-10 3.7238E-10 5.0751E-10 6.7655E-10 8.8046E-10 1.1335E-09 1.4343E-09 1.8034E-09 2.2368E-09 2.7435E-09 3.3325E-09 4.0009E-09 4.7433E-09 5.5633E-09 6.4484E-09 7.3836E-09 8.3503E-09 9.3314E-09 1.0302E-08 1.1232E-08 1.2091E-08 1.2850E-08 1.3482E-08 1.3961E-08 1.4270E-08 1.4395E-08 1.4330E-08 1.4078E-08 1.3652E-08 1.3064E-08 1.2337E-08 1.1500E-08 1.0580E-08 9.6086E-09 8.6160E-09 7.6290E-09 6.6709E-09 5.7633E-09
0.0000E+00 0.0000E+00 0.0000E+00 0.0000E+00 0.0000E+00 0.0000E+00 0.0000E+00 0.0000E+00 0.0000E+00 0.0000E+00 0.0000E+00 0.0000E+00 0.0000E+00 0.0000E+00 3.4220E-12 1.2599E-11 3.5023E-11 7.8631E-11 1.4400E-10 2.3054E-10 3.3852E-10 4.6880E-10 6.3110E-10 8.3145E-10 1.0749E-09 1.3721E-09 1.7327E-09 2.1590E-09 2.6649E-09 3.2490E-09 3.9119E-09 4.6620E-09 5.4892E-09 6.3832E-09 7.3320E-09 8.3233E-09 9.3317E-09 1.0330E-08 1.1289E-08 1.2174E-08 1.2960E-08 1.3617E-08 1.4119E-08 1.4444E-08 1.4579E-08 1.4517E-08 1.4259E-08 1.3817E-08 1.3207E-08 1.2453E-08 1.1585E-08 1.0633E-08 9.6306E-09 8.6083E-09 7.5943E-09 6.6145E-09 5.6881E-09
