Assets/Resources/2015_m01_d19_0800(utc+0800)_l00_csi_1hr_conc.grd
DSAA
         159         159
     -79.000      79.000
     -79.000      79.000
  0.0000E+00  0.4362E-05
[rows 0 to 24 of 159, columns 57 to 113 of 159]
0.0000E+00 0.0000E+00 0.0000E+00 0.0000E+00 0.0000E+00 0.0000E+00 0.0000E+00 0.0000E+00 0.0000E+00 0.0000E+00 0.0000E+00 0.0000E+00 0.0000E+00 0.0000E+00 0.0000E+00 0.0000E+00 0.0000E+00 0.0000E+00 0.0000E+00 0.0000E+00 0.0000E+00 0.0000E+00 0.0000E+00 0.0000E+00 0.0000E+00 0.0000E+00 0.0000E+00 0.0000E+00 0.0000E+00 0.0000E+00 0.0000E+00 0.0000E+00 0.0000E+00 0.0000E+00 0.0000E+00 0.0000E+00 0.0000E+00 0.0000E+00 0.0000E+00 0.0000E+00 0.0000E+00 0.0000E+00 0.0000E+00 0.0000E+00 0.0000E+00 0.0000E+00 0.0000E+00 0.0000E+00 0.0000E+00 0.0000E+00 0.0000E+00 0.0000E+00 2.1161E-12 6.4367E-12 7.7196E-12 9.9983E-12 1.1379E-11
0.0000E+00 0.0000E+00 0.0000E+00 0.0000E+00 0.0000E+00 0.0000E+00 0.0000E+00 0.0000E+00 0.0000E+00 0.0000E+00 0.0000E+00 0.0000E+00 0.0000E+00 0.0000E+00 0.0000E+00 0.0000E+00 0.0000E+00 0.0000E+00 0.0000E+00 0.0000E+00 0.0000E+00 0.0000E+00 0.0000E+00 0.0000E+00 0.0000E+00 0.0000E+00 0.0000E+00 0.0000E+00 0.0000E+00 0.0000E+00 0.0000E+00 0.0000E+00 0.0000E+00 0.0000E+00 0.0000E+00 0.0000E+00 0.0000E+00 0.0000E+00 0.0000E+00 0.0000E+00 0.0000E+00 0.0000E+00 0.0000E+00 0.0000E+00 0.0000E+00 0.0000E+00 0.0000E+00 0.0000E+00 0.0000E+00 0.0000E+00 2.1764E-12 5.4495E-12 7.7115E-12 9.0641E-12 1.0576E-11 1.3045E-11 1.8656E-11
0.0000E+00 0.0000E+00 0.0000E+00 0.0000E+00 0.0000E+00 0.0000E+00 0.0000E+00 0.0000E+00 0.0000E+00 0.0000E+00 0.0000E+00 0.0000E+00 0.0000E+00 0.0000E+00 0.0000E+00 0.0000E+00 0.0000E+00 0.0000E+00 0.0000E+00 0.0000E+00 0.0000E+00 0.0000E+00 0.0000E+00 0.0000E+00 0.0000E+00 0.0000E+00 0.0000E+00 0.0000E+00 0.0000E+00 0.0000E+00 0.0000E+00 0.0000E+00 0.0000E+00 0.0000E+00 0.0000E+00 0.0000E+00 0.0000E+00 0.0000E+00 0.0000E+00 0.0000E+00 0.0000E+00 0.0000E+00 0.0000E+00 0.0000E+00 0.0000E+00 0.0000E+00 0.0000E+00 0.0000E+00 2.1735E-12 5.4109E-12 6.7373E-12 8.2176E-12 1.0692E-11 1.2274E-11 1.7185E-11 2.1998E-11 2.4252E-11
0.0000E+00 0.0000E+00 0.0000E+00 0.0000E+00 0.0000E+00 0.0000E+00 0.0000E+00 0.0000E+00 0.0000E+00 0.0000E+00 0.0000E+00 0.0000E+00 0.0000E+00 0.0000E+00 0.0000E+00 0.0000E+00 0.0000E+00 0.0000E+00 0.0000E+00 0.0000E+00 0.0000E+00 0.0000E+00 0.0000E+00 0.0000E+00 0.0000E+00 0.0000E+00 0.0000E+00 0.0000E+00 0.0000E+00 0.0000E+00 0.0000E+00 0.0000E+00 0.0000E+00 0.0000E+00 0.0000E+00 0.0000E+00 0.0000E+00 0.0000E+00 0.0000E+00 0.0000E+00 0.0000E+00 0.0000E+00 0.0000E+00 0.0000E+00 0.0000E+00 0.0000E+00 1.0964E-12 4.3542E-12 5.7733E-12 8.2335E-12 9.7758E-12 1.1356E-11 1.5183E-11 2.0872E-11 2.3188E-11 2.6595E-11 2.8973E-11
0.0000E+00 0.0000E+00 0.0000E+00 0.0000E+00 0.0000E+00 0.0000E+00 0.0000E+00 0.0000E+00 0.0000E+00 0.0000E+00 0.0000E+00 0.0000E+00 0.0000E+00 0.0000E+00 0.0000E+00 0.0000E+00 0.0000E+00 0.0000E+00 0.0000E+00 0.0000E+00 0.0000E+00 0.0000E+00 0.0000E+00 0.0000E+00 0.0000E+00 0.0000E+00 0.0000E+00 0.0000E+00 0.0000E+00 0.0000E+00 0.0000E+00 0.0000E+00 0.0000E+00 0.0000E+00 0.0000E+00 0.0000E+00 0.0000E+00 0.0000E+00 0.0000E+00 0.0000E+00 0.0000E+00 0.0000E+00 0.0000E+00 0.0000E+00 0.0000E+00 3.3234E-12 5.7258E-12 7.2079E-12 8.7544E-12 1.0246E-11 1.3016E-11 1.7077E-11 2.3003E-11 2.5513E-11 2.7961E-11 3.0488E-11 3.8411E-11
0.0000E+00 0.0000E+00 0.0000E+00 0.0000E+00 0.0000E+00 0.0000E+00 0.0000E+00 0.0000E+00 0.0000E+00 0.0000E+00 0.0000E+00 0.0000E+00 0.0000E+00 0.0000E+00 0.0000E+00 0.0000E+00 0.0000E+00 0.0000E+00 0.0000E+00 0.0000E+00 0.0000E+00 0.0000E+00 0.0000E+00 0.0000E+00 0.0000E+00 0.0000E+00 0.0000E+00 0.0000E+00 0.0000E+00 0.0000E+00 0.0000E+00 0.0000E+00 0.0000E+00 0.0000E+00 0.0000E+00 0.0000E+00 0.0000E+00 0.0000E+00 0.0000E+00 0.0000E+00 0.0000E+00 0.0000E+00 0.0000E+00 1.1798E-12 3.6247E-12 6.1024E-12 7.6249E-12 9.0737E-12 1.0714E-11 1.4838E-11 1.9175E-11 2.4191E-11 2.6836E-11 2.9513E-11 3.4878E-11 4.1087E-11 4.6177E-11
0.0000E+00 0.0000E+00 0.0000E+00 0.0000E+00 0.0000E+00 0.0000E+00 0.0000E+00 0.0000E+00 0.0000E+00 0.0000E+00 0.0000E+00 0.0000E+00 0.0000E+00 0.0000E+00 0.0000E+00 0.0000E+00 0.0000E+00 0.0000E+00 0.0000E+00 0.0000E+00 0.0000E+00 0.0000E+00 0.0000E+00 0.0000E+00 0.0000E+00 0.0000E+00 0.0000E+00 0.0000E+00 0.0000E+00 0.0000E+00 0.0000E+00 0.0000E+00 0.0000E+00 0.0000E+00 0.0000E+00 0.0000E+00 0.0000E+00 0.0000E+00 0.0000E+00 0.0000E+00 0.0000E+00 4.0810E-14 2.4741E-12 4.9381E-12 6.4284E-12 7.8527E-12 1.0343E-11 1.3401E-11 1.7723E-11 2.1245E-11 2.5643E-11 2.9529E-11 3.4016E-11 3.9755E-11 4.5679E-11 5.0021E-11 5.4478E-11
0.0000E+00 0.0000E+00 0.0000E+00 0.0000E+00 0.0000E+00 0.0000E+00 0.0000E+00 0.0000E+00 0.0000E+00 0.0000E+00 0.0000E+00 0.0000E+00 0.0000E+00 0.0000E+00 0.0000E+00 0.0000E+00 0.0000E+00 0.0000E+00 0.0000E+00 0.0000E+00 0.0000E+00 0.0000E+00 0.0000E+00 0.0000E+00 0.0000E+00 0.0000E+00 0.0000E+00 0.0000E+00 0.0000E+00 0.0000E+00 0.0000E+00 0.0000E+00 0.0000E+00 0.0000E+00 0.0000E+00 0.0000E+00 0.0000E+00 0.0000E+00 0.0000E+00 0.0000E+00 1.2943E-12 3.7354E-12 5.2133E-12 7.5768E-12 9.0261E-12 1.0916E-11 1.5293E-11 1.9064E-11 2.3894E-11 2.8637E-11 3.2149E-11 3.8251E-11 4.3663E-11 5.0097E-11 5.6148E-11 6.1046E-11 6.7236E-11
0.0000E+00 0.0000E+00 0.0000E+00 0.0000E+00 0.0000E+00 0.0000E+00 0.0000E+00 0.0000E+00 0.0000E+00 0.0000E+00 0.0000E+00 0.0000E+00 0.0000E+00 0.0000E+00 0.0000E+00 0.0000E+00 0.0000E+00 0.0000E+00 0.0000E+00 0.0000E+00 0.0000E+00 0.0000E+00 0.0000E+00 0.0000E+00 0.0000E+00 0.0000E+00 0.0000E+00 0.0000E+00 0.0000E+00 0.0000E+00 0.0000E+00 0.0000E+00 0.0000E+00 0.0000E+00 0.0000E+00 0.0000E+00 0.0000E+00 0.0000E+00 1.0221E-13 2.5115E-12 3.9454E-12 5.3351E-12 7.7355E-12 9.4144E-12 1.2771E-11 1.6823E-11 2.2201E-11 2.6633E-11 3.1926E-11 3.7488E-11 4.3179E-11 5.0459E-11 5.7377E-11 6.3220E-11 6.9229E-11 7.6468E-11 8.5167E-11
0.0000E+00 0.0000E+00 0.0000E+00 0.0000E+00 0.0000E+00 0.0000E+00 0.0000E+00 0.0000E+00 0.0000E+00 0.0000E+00 0.0000E+00 0.0000E+00 0.0000E+00 0.0000E+00 0.0000E+00 0.0000E+00 0.0000E+00 0.0000E+00 0.0000E+00 0.0000E+00 0.0000E+00 0.0000E+00 0.0000E+00 0.0000E+00 0.0000E+00 0.0000E+00 9.7419E-14 3.5211E-13 6.2962E-13 7.8586E-13 8.4945E-13 9.1162E-13 1.0447E-12 1.4678E-12 1.8384E-12 2.1530E-12 2.3955E-12 2.7699E-12 5.3065E-12 6.7089E-12 8.9510E-12 1.0215E-11 1.2162E-11 1.6757E-11 2.2927E-11 2.7424E-11 3.1944E-11 3.7521E-11 4.3537E-11 5.1164E-11 5.7929E-11 6.5568E-11 7.2015E-11 7.8242E-11 8.7423E-11 9.6491E-11 1.0338E-10
0.0000E+00 0.0000E+00 0.0000E+00 0.0000E+00 0.0000E+00 0.0000E+00 0.0000E+00 0.0000E+00 0.0000E+00 0.0000E+00 0.0000E+00 0.0000E+00 0.0000E+00 0.0000E+00 0.0000E+00 0.0000E+00 0.0000E+00 0.0000E+00 0.0000E+00 0.0000E+00 0.0000E+00 0.0000E+00 0.0000E+00 0.0000E+00 2.2724E-15 3.6476E-13 8.2592E-13 1.3910E-12 2.0864E-12 2.8732E-12 3.6303E-12 4.3339E-12 4.9960E-12 5.8296E-12 6.4152E-12 6.9990E-12 8.7414E-12 1.0475E-11 1.2049E-11 1.4539E-11 1.8071E-11 2.2744E-11 2.8217E-11 3.4040E-11 3.6875E-11 4.1038E-11 4.7216E-11 5.4266E-11 6.0354E-11 6.7307E-11 7.5081E-11 8.2082E-11 9.0881E-11 9.9562E-11 1.0908E-10 1.1666E-10 1.2458E-10
0.0000E+00 0.0000E+00 0.0000E+00 0.0000E+00 0.0000E+00 0.0000E+00 0.0000E+00 0.0000E+00 0.0000E+00 0.0000E+00 0.0000E+00 0.0000E+00 0.0000E+00 0.0000E+00 0.0000E+00 0.0000E+00 0.0000E+00 0.0000E+00 0.0000E+00 0.0000E+00 0.0000E+00 0.0000E+00 0.0000E+00 1.5023E-13 7.0798E-13 1.9418E-12 3.5483E-12 4.7660E-12 5.9962E-12 7.5383E-12 8.9079E-12 1.0024E-11 1.1042E-11 1.1982E-11 1.3417E-11 1.5930E-11 1.8343E-11 2.1409E-11 2.6639E-11 3.2094E-11 3.7533E-11 4.3876E-11 4.6776E-11 5.0715E-11 5.5702E-11 6.3489E-11 7.2266E-11 7.8181E-11 8.3556E-11 9.0604E-11 9.6347E-11 1.0386E-10 1.1278E-10 1.2272E-10 1.3169E-10 1.4102E-10 1.5289E-10
0.0000E+00 0.0000E+00 0.0000E+00 0.0000E+00 0.0000E+00 0.0000E+00 0.0000E+00 0.0000E+00 0.0000E+00 0.0000E+00 0.0000E+00 0.0000E+00 0.0000E+00 0.0000E+00 0.0000E+00 0.0000E+00 0.0000E+00 0.0000E+00 0.0000E+00 0.0000E+00 0.0000E+00 0.0000E+00 3.8055E-13 1.9486E-12 3.7288E-12 5.4240E-12 7.0864E-12 8.9874E-12 1.0876E-11 1.2856E-11 1.5382E-11 1.7636E-11 1.9739E-11 2.1907E-11 2.5202E-11 2.9719E-11 3.4808E-11 4.0877E-11 4.7878E-11 5.2871E-11 5.7815E-11 6.2663E-11 6.9884E-11 7.7659E-11 8.6321E-11 9.4663E-11 1.0044E-10 1.0568E-10 1.1331E-10 1.1981E-10 1.2798E-10 1.3601E-10 1.4451E-10 1.5109E-10 1.6026E-10 1.7218E-10 1.8216E-10
0.0000E+00 0.0000E+00 0.0000E+00 0.0000E+00 0.0000E+00 0.0000E+00 0.0000E+00 0.0000E+00 0.0000E+00 0.0000E+00 0.0000E+00 0.0000E+00 0.0000E+00 0.0000E+00 0.0000E+00 0.0000E+00 0.0000E+00 0.0000E+00 0.0000E+00 0.0000E+00 6.4654E-14 1.6311E-12 3.6768E-12 5.8461E-12 8.3229E-12 1.0405E-11 1.2865E-11 1.6557E-11 2.0153E-11 2.3260E-11 2.6643E-11 2.9895E-11 3.3213E-11 3.8435E-11 4.4934E-11 5.2036E-11 5.8640E-11 6.4501E-11 6.9746E-11 7.8023E-11 8.6180E-11 9.5409E-11 1.0440E-10 1.1314E-10 1.2162E-10 1.2862E-10 1.3635E-10 1.4725E-10 1.5488E-10 1.6262E-10 1.7013E-10 1.7802E-10 1.8481E-10 1.9351E-10 2.0316E-10 2.0601E-10 2.1698E-10
0.0000E+00 0.0000E+00 0.0000E+00 0.0000E+00 0.0000E+00 0.0000E+00 0.0000E+00 0.0000E+00 0.0000E+00 0.0000E+00 0.0000E+00 0.0000E+00 0.0000E+00 0.0000E+00 0.0000E+00 0.0000E+00 0.0000E+00 0.0000E+00 0.0000E+00 8.6628E-13 2.8633E-12 5.2919E-12 8.1710E-12 1.1155E-11 1.4169E-11 1.8396E-11 2.2657E-11 2.6926E-11 3.1053E-11 3.5215E-11 3.9499E-11 4.5936E-11 5.4355E-11 6.2979E-11 7.1476E-11 7.9151E-11 8.6996E-11 9.5572E-11 1.0662E-10 1.1725E-10 1.2716E-10 1.3630E-10 1.4512E-10 1.5550E-10 1.6477E-10 1.7522E-10 1.8511E-10 1.9386E-10 2.0124E-10 2.0896E-10 2.1835E-10 2.2803E-10 2.3762E-10 2.4802E-10 2.5354E-10 2.6159E-10 2.6708E-10
0.0000E+00 0.0000E+00 0.0000E+00 0.0000E+00 0.0000E+00 0.0000E+00 0.0000E+00 0.0000E+00 0.0000E+00 0.0000E+00 0.0000E+00 0.0000E+00 0.0000E+00 0.0000E+00 0.0000E+00 0.0000E+00 0.0000E+00 2.8351E-13 1.7192E-12 4.0856E-12 7.1563E-12 1.0739E-11 1.4390E-11 1.9170E-11 2.4116E-11 2.9764E-11 3.4820E-11 3.9829E-11 4.5911E-11 5.3762E-11 6.2738E-11 7.3407E-11 8.3976E-11 9.3406E-11 1.0344E-10 1.1416E-10 1.2539E-10 1.3819E-10 1.5039E-10 1.6101E-10 1.7133E-10 1.8159E-10 1.9659E-10 2.0925E-10 2.2129E-10 2.3119E-10 2.4093E-10 2.5028E-10 2.6157E-10 2.7419E-10 2.8352E-10 2.9126E-10 2.9795E-10 3.0622E-10 3.1467E-10 3.2241E-10 3.2575E-10
0.0000E+00 0.0000E+00 0.0000E+00 0.0000E+00 0.0000E+00 0.0000E+00 0.0000E+00 0.0000E+00 0.0000E+00 0.0000E+00 0.0000E+00 0.0000E+00 0.0000E+00 0.0000E+00 0.0000E+00 0.0000E+00 7.7512E-13 2.5283E-12 5.5771E-12 8.9991E-12 1.3073E-11 1.7709E-11 2.3342E-11 2.9452E-11 3.6080E-11 4.1843E-11 4.9434E-11 5.7963E-11 6.7922E-11 7.9137E-11 9.0259E-11 1.0311E-10 1.1534E-10 1.2988E-10 1.4481E-10 1.5924E-10 1.7397E-10 1.8730E-10 2.0083E-10 2.1569E-10 2.3185E-10 2.4784E-10 2.6316E-10 2.7511E-10 2.8538E-10 2.9911E-10 3.1303E-10 3.2514E-10 3.3792E-10 3.4563E-10 3.5269E-10 3.6100E-10 3.7256E-10 3.8316E-10 3.9021E-10 3.9613E-10 4.0485E-10
0.0000E+00 0.0000E+00 0.0000E+00 0.0000E+00 0.0000E+00 0.0000E+00 0.0000E+00 0.0000E+00 0.0000E+00 0.0000E+00 0.0000E+00 0.0000E+00 0.0000E+00 0.0000E+00 0.0000E+00 1.1687E-12 3.3005E-12 6.8906E-12 1.0655E-11 1.6141E-11 2.1642E-11 2.8127E-11 3.5073E-11 4.2381E-11 5.0328E-11 5.9902E-11 7.0512E-11 8.3535E-11 9.6334E-11 1.0942E-10 1.2516E-10 1.4236E-10 1.6149E-10 1.7966E-10 1.9702E-10 2.1325E-10 2.3071E-10 2.4919E-10 2.6828E-10 2.8772E-10 3.0479E-10 3.2135E-10 3.3727E-10 3.5342E-10 3.7135E-10 3.8685E-10 4.0054E-10 4.1207E-10 4.2294E-10 4.3403E-10 4.4683E-10 4.5871E-10 4.6614E-10 4.7138E-10 4.7864E-10 4.8491E-10 4.9008E-10
0.0000E+00 0.0000E+00 0.0000E+00 0.0000E+00 0.0000E+00 0.0000E+00 0.0000E+00 0.0000E+00 0.0000E+00 0.0000E+00 0.0000E+00 0.0000E+00 0.0000E+00 1.2263E-13 1.4504E-12 4.0753E-12 8.0668E-12 1.2302E-11 1.8302E-11 2.4585E-11 3.2194E-11 4.0187E-11 4.8982E-11 5.9214E-11 7.0582E-11 8.4273E-11 9.8880E-11 1.1407E-10 1.3162E-10 1.5042E-10 1.7144E-10 1.9332E-10 2.1428E-10 2.3428E-10 2.5699E-10 2.8127E-10 3.0530E-10 3.2889E-10 3.5169E-10 3.7211E-10 3.9612E-10 4.1646E-10 4.3663E-10 4.5595E-10 4.7493E-10 4.8937E-10 5.0381E-10 5.2112E-10 5.3490E-10 5.4710E-10 5.5689E-10 5.6329E-10 5.6876E-10 5.7730E-10 5.8598E-10 5.9076E-10 5.8990E-10
0.0000E+00 0.0000E+00 0.0000E+00 0.0000E+00 0.0000E+00 0.0000E+00 0.0000E+00 0.0000E+00 0.0000E+00 0.0000E+00 0.0000E+00 0.0000E+00 2.2972E-13 1.6915E-12 4.7934E-12 8.7759E-12 1.3707E-11 2.0357E-11 2.7467E-11 3.5997E-11 4.5133E-11 5.6537E-11 6.8466E-11 8.1859E-11 9.7394E-11 1.1442E-10 1.3394E-10 1.5388E-10 1.7726E-10 2.0221E-10 2.2700E-10 2.5167E-10 2.7798E-10 3.0684E-10 3.3625E-10 3.6556E-10 3.9147E-10 4.1792E-10 4.4460E-10 4.7270E-10 5.0184E-10 5.2621E-10 5.4850E-10 5.7150E-10 5.9281E-10 6.1360E-10 6.3470E-10 6.5157E-10 6.6309E-10 6.7619E-10 6.8550E-10 6.9293E-10 6.9970E-10 7.0557E-10 7.0483E-10 7.0486E-10 7.0692E-10
0.0000E+00 0.0000E+00 0.0000E+00 0.0000E+00 0.0000E+00 0.0000E+00 0.0000E+00 0.0000E+00 0.0000E+00 0.0000E+00 0.0000E+00 2.3466E-13 1.8630E-12 5.0367E-12 9.3903E-12 1.4648E-11 2.2057E-11 3.0422E-11 3.9655E-11 4.9768E-11 6.2776E-11 7.6174E-11 9.1936E-11 1.0950E-10 1.3059E-10 1.5276E-10 1.7648E-10 2.0403E-10 2.3289E-10 2.6311E-10 2.9423E-10 3.2665E-10 3.6171E-10 3.9637E-10 4.2862E-10 4.6108E-10 4.9516E-10 5.3026E-10 5.6463E-10 5.9808E-10 6.2700E-10 6.5516E-10 6.8508E-10 7.1249E-10 7.3725E-10 7.5829E-10 7.7845E-10 7.9277E-10 8.0636E-10 8.1871E-10 8.2798E-10 8.3525E-10 8.4173E-10 8.4452E-10 8.4727E-10 8.4728E-10 8.4415E-10
0.0000E+00 0.0000E+00 0.0000E+00 0.0000E+00 0.0000E+00 0.0000E+00 0.0000E+00 0.0000E+00 0.0000E+00 0.0000E+00 1.3895E-13 1.8823E-12 5.2297E-12 9.8666E-12 1.6148E-11 2.3663E-11 3.2894E-11 4.2726E-11 5.4731E-11 6.8436E-11 8.4047E-11 1.0139E-10 1.2243E-10 1.4679E-10 1.7201E-10 1.9994E-10 2.3009E-10 2.6356E-10 2.9977E-10 3.3636E-10 3.7664E-10 4.1686E-10 4.5695E-10 4.9634E-10 5.3643E-10 5.7855E-10 6.2086E-10 6.6130E-10 6.9881E-10 7.3548E-10 7.7200E-10 8.0807E-10 8.4337E-10 8.7206E-10 8.9879E-10 9.2282E-10 9.4057E-10 9.5677E-10 9.7166E-10 9.8198E-10 9.9080E-10 9.9883E-10 1.0030E-09 1.0057E-09 1.0070E-09 1.0047E-09 1.0011E-09
0.0000E+00 0.0000E+00 0.0000E+00 0.0000E+00 0.0000E+00 0.0000E+00 0.0000E+00 0.0000E+00 0.0000E+00 0.0000E+00 1.9086E-12 5.1450E-12 1.0126E-11 1.6903E-11 2.5116E-11 3.4910E-11 4.5023E-11 5.8308E-11 7.3396E-11 9.0722E-11 1.0970E-10 1.3332E-10 1.6028E-10 1.8888E-10 2.2040E-10 2.5529E-10 2.9539E-10 3.3649E-10 3.8030E-10 4.2663E-10 4.7403E-10 5.2187E-10 5.6903E-10 6.1732E-10 6.6837E-10 7.1806E-10 7.6381E-10 8.1003E-10 8.5726E-10 9.0340E-10 9.4724E-10 9.8811E-10 1.0234E-09 1.0556E-09 1.0846E-09 1.1069E-09 1.1270E-09 1.1460E-09 1.1591E-09 1.1700E-09 1.1774E-09 1.1837E-09 1.1855E-09 1.1868E-09 1.1852E-09 1.1828E-09 1.1792E-09
0.0000E+00 0.0000E+00 0.0000E+00 0.0000E+00 0.0000E+00 0.0000E+00 0.0000E+00 0.0000E+00 0.0000E+00 1.7696E-12 5.4943E-12 1.0656E-11 1.7548E-11 2.5864E-11 3.5973E-11 4.7402E-11 6.1462E-11 7.7816E-11 9.7195E-11 1.1802E-10 1.4408E-10 1.7346E-10 2.0574E-10 2.4144E-10 2.8193E-10 3.2710E-10 3.7418E-10 4.2475E-10 4.7755E-10 5.3185E-10 5.8460E-10 6.4055E-10 6.9890E-10 7.5780E-10 8.1494E-10 8.7226E-10 9.2903E-10 9.8778E-10 1.0450E-09 1.0954E-09 1.1437E-09 1.1884E-09 1.2277E-09 1.2626E-09 1.2936E-09 1.3207E-09 1.3431E-09 1.3625E-09 1.3756E-09 1.3846E-09 1.3915E-09 1.3940E-09 1.3940E-09 1.3906E-09 1.3861E-09 1.3793E-09 1.3727E-09
0.0000E+00 0.0000E+00 0.0000E+00 0.0000E+00 0.0000E+00 0.0000E+00 0.0000E+00 0.0000E+00 1.5684E-12 5.3510E-12 1.0803E-11 1.7522E-11 2.6283E-11 3.6874E-11 4.9668E-11 6.4829E-11 8.1912E-11 1.0234E-10 1.2509E-10 1.5320E-10 1.8481E-10 2.2064E-10 2.5997E-10 3.0530E-10 3.5390E-10 4.0723E-10 4.6539E-10 5.2618E-10 5.8799E-10 6.4985E-10 7.1601E-10 7.8326E-10 8.5235E-10 9.1951E-10 9.8795E-10 1.0586E-09 1.1280E-09 1.1948E-09 1.2568E-09 1.3153E-09 1.3716E-09 1.4203E-09 1.4647E-09 1.5053E-09 1.5388E-09 1.5674E-09 1.5921E-09 1.6103E-09 1.6238E-09 1.6332E-09 1.6366E-09 1.6362E-09 1.6327E-09 1.6259E-09 1.6174E-09 1.6066E-09 1.5933E-09
