Assets/Resources/2015_m01_d03_1600(utc+0800)_l00_csi_1hr_conc.grd
DSAA
         159         159
     -79.000      79.000
     -79.000      79.000
  0.0000E+00  0.8353E-05
[rows 50 to 74 of 159, columns 0 to 56 of 159]
0.0000E+00 0.0000E+00 0.0000E+00 0.0000E+00 0.0000E+00 0.0000E+00 0.0000E+00 0.0000E+00 0.0000E+00 0.0000E+00 0.0000E+00 6.6936E-13 2.3688E-12 4.4067E-12 6.1284E-12 7.2091E-12 8.1856E-12 9.4303E-12 1.0757E-11 1.1990E-11 1.3507E-11 1.4925E-11 1.6649E-11 1.8422E-11 2.0052E-11 2.1943E-11 2.3948E-11 2.5927E-11 2.8183E-11 3.0567E-11 3.2936E-11 3.5597E-11 3.8242E-11 4.1048E-11 4.3992E-11 4.7105E-11 5.0366E-11 5.3801E-11 5.7393E-11 6.1009E-11 6.4953E-11 6.8914E-11 7.3224E-11 7.7710E-11 8.2994E-11 8.8512E-11 9.5199E-11 1.0219E-10 1.0901E-10 1.1538E-10 1.2153E-10 1.2810E-10 1.3448E-10 1.4128E-10 1.4830E-10 1.5574E-10 1.6298E-10
0.0000E+00 0.0000E+00 0.0000E+00 0.0000E+00 0.0000E+00 0.0000E+00 0.0000E+00 0.0000E+00 0.0000E+00 0.0000E+00 0.0000E+00 1.1895E-12 3.1334E-12 5.0309E-12 6.5047E-12 7.6241E-12 8.8204E-12 9.9187E-12 1.1294E-11 1.2759E-11 1.4138E-11 1.5810E-11 1.7390E-11 1.9174E-11 2.1013E-11 2.3119E-11 2.5052E-11 2.7260E-11 2.9441E-11 3.1918E-11 3.4380E-11 3.6985E-11 3.9893E-11 4.2793E-11 4.5864E-11 4.9083E-11 5.2479E-11 5.6033E-11 5.9614E-11 6.3525E-11 6.7456E-11 7.1740E-11 7.6203E-11 8.1473E-11 8.7419E-11 9.3683E-11 1.0116E-10 1.0755E-10 1.1395E-10 1.2033E-10 1.2674E-10 1.3316E-10 1.4022E-10 1.4730E-10 1.5461E-10 1.6193E-10 1.6990E-10
0.0000E+00 0.0000E+00 0.0000E+00 0.0000E+00 0.0000E+00 0.0000E+00 0.0000E+00 0.0000E+00 0.0000E+00 0.0000E+00 1.5873E-13 1.8746E-12 3.8745E-12 5.8618E-12 6.8857E-12 8.0447E-12 9.2836E-12 1.0606E-11 1.1839E-11 1.3357E-11 1.4974E-11 1.6512E-11 1.8297E-11 2.0233E-11 2.1994E-11 2.4026E-11 2.6179E-11 2.8315E-11 3.0739E-11 3.3298E-11 3.5854E-11 3.8558E-11 4.1416E-11 4.4588E-11 4.7761E-11 5.0956E-11 5.4473E-11 5.8164E-11 6.2036E-11 6.5931E-11 7.0181E-11 7.4614E-11 7.9862E-11 8.6251E-11 9.2519E-11 1.0000E-10 1.0641E-10 1.1258E-10 1.1898E-10 1.2521E-10 1.3187E-10 1.3877E-10 1.4611E-10 1.5327E-10 1.6088E-10 1.6893E-10 1.7700E-10
0.0000E+00 0.0000E+00 0.0000E+00 0.0000E+00 0.0000E+00 0.0000E+00 0.0000E+00 0.0000E+00 0.0000E+00 0.0000E+00 6.7461E-13 2.5739E-12 4.4750E-12 6.3650E-12 7.4735E-12 8.4702E-12 9.7526E-12 1.1123E-11 1.2585E-11 1.3965E-11 1.5640E-11 1.7421E-11 1.9165E-11 2.1021E-11 2.2995E-11 2.4946E-11 2.7180E-11 2.9546E-11 3.1901E-11 3.4557E-11 3.7358E-11 4.0164E-11 4.3128E-11 4.6256E-11 4.9552E-11 5.3020E-11 5.6664E-11 6.0491E-11 6.4343E-11 6.8553E-11 7.2948E-11 7.8165E-11 8.4535E-11 9.1710E-11 9.8741E-11 1.0491E-10 1.1087E-10 1.1728E-10 1.2352E-10 1.3021E-10 1.3734E-10 1.4452E-10 1.5173E-10 1.5960E-10 1.6752E-10 1.7567E-10 1.8386E-10
0.0000E+00 0.0000E+00 0.0000E+00 0.0000E+00 0.0000E+00 0.0000E+00 0.0000E+00 0.0000E+00 0.0000E+00 0.0000E+00 1.1965E-12 3.1492E-12 5.0898E-12 6.7300E-12 7.8765E-12 9.1048E-12 1.0227E-11 1.1645E-11 1.3160E-11 1.4776E-11 1.6514E-11 1.8253E-11 2.0050E-11 2.1820E-11 2.4014E-11 2.6191E-11 2.8499E-11 3.0800E-11 3.3397E-11 3.6140E-11 3.8891E-11 4.1799E-11 4.4872E-11 4.8113E-11 5.1528E-11 5.5120E-11 5.8896E-11 6.2700E-11 6.6863E-11 7.1214E-11 7.6391E-11 8.3199E-11 8.9892E-11 9.6918E-11 1.0307E-10 1.0924E-10 1.1544E-10 1.2168E-10 1.2859E-10 1.3554E-10 1.4274E-10 1.5020E-10 1.5791E-10 1.6609E-10 1.7410E-10 1.8258E-10 1.9152E-10
0.0000E+00 0.0000E+00 0.0000E+00 0.0000E+00 0.0000E+00 0.0000E+00 0.0000E+00 0.0000E+00 0.0000E+00 1.5903E-13 1.8807E-12 3.8824E-12 5.7243E-12 7.0981E-12 8.2833E-12 9.5535E-12 1.0913E-11 1.2368E-11 1.3940E-11 1.5414E-11 1.7347E-11 1.8942E-11 2.0804E-11 2.2938E-11 2.5052E-11 2.7152E-11 2.9543E-11 3.2076E-11 3.4609E-11 3.7452E-11 4.0451E-11 4.3465E-11 4.6647E-11 5.0003E-11 5.3378E-11 5.7103E-11 6.1007E-11 6.5117E-11 6.9417E-11 7.4546E-11 8.1316E-11 8.8433E-11 9.4989E-11 1.0113E-10 1.0727E-10 1.1346E-10 1.1991E-10 1.2660E-10 1.3377E-10 1.4078E-10 1.4826E-10 1.5622E-10 1.6424E-10 1.7231E-10 1.8106E-10 1.8987E-10 1.9895E-10
0.0000E+00 0.0000E+00 0.0000E+00 0.0000E+00 0.0000E+00 0.0000E+00 0.0000E+00 0.0000E+00 0.0000E+00 6.7463E-13 2.6192E-12 4.4728E-12 6.4105E-12 7.6830E-12 8.8961E-12 1.0006E-11 1.1412E-11 1.2917E-11 1.4526E-11 1.6260E-11 1.7996E-11 1.9794E-11 2.1866E-11 2.3770E-11 2.5959E-11 2.8283E-11 3.0904E-11 3.3375E-11 3.6153E-11 3.8931E-11 4.1887E-11 4.4998E-11 4.8297E-11 5.1764E-11 5.5428E-11 5.9271E-11 6.3322E-11 6.7564E-11 7.2637E-11 7.9358E-11 8.6904E-11 9.3409E-11 9.9279E-11 1.0519E-10 1.1136E-10 1.1778E-10 1.2468E-10 1.3163E-10 1.3865E-10 1.4636E-10 1.5413E-10 1.6217E-10 1.7050E-10 1.7910E-10 1.8818E-10 1.9712E-10 2.0654E-10
0.0000E+00 0.0000E+00 0.0000E+00 0.0000E+00 0.0000E+00 0.0000E+00 0.0000E+00 0.0000E+00 0.0000E+00 1.1944E-12 3.1862E-12 4.9757E-12 6.9035E-12 8.0702E-12 9.3233E-12 1.0668E-11 1.1916E-11 1.3670E-11 1.5135E-11 1.7062E-11 1.8651E-11 2.0660E-11 2.2650E-11 2.4769E-11 2.7179E-11 2.9433E-11 3.1989E-11 3.4695E-11 3.7412E-11 4.0448E-11 4.3492E-11 4.6724E-11 5.0124E-11 5.3721E-11 5.7498E-11 6.1324E-11 6.5508E-11 7.0671E-11 7.7333E-11 8.4833E-11 9.1297E-11 9.7126E-11 1.0320E-10 1.0913E-10 1.1553E-10 1.2241E-10 1.2935E-10 1.3635E-10 1.4407E-10 1.5205E-10 1.5991E-10 1.6826E-10 1.7711E-10 1.8603E-10 1.9503E-10 2.0474E-10 2.1452E-10
0.0000E+00 0.0000E+00 0.0000E+00 0.0000E+00 0.0000E+00 0.0000E+00 0.0000E+00 0.0000E+00 1.5808E-13 1.8723E-12 3.7560E-12 5.5968E-12 7.2716E-12 8.4595E-12 9.7532E-12 1.1142E-11 1.2631E-11 1.4226E-11 1.5949E-11 1.7677E-11 1.9619E-11 2.1539E-11 2.3595E-11 2.5784E-11 2.8120E-11 3.0601E-11 3.3085E-11 3.5885E-11 3.8846E-11 4.1825E-11 4.4978E-11 4.8311E-11 5.1830E-11 5.5541E-11 5.9451E-11 6.3565E-11 6.8656E-11 7.5248E-11 8.2690E-11 8.9101E-11 9.4881E-11 1.0091E-10 1.0680E-10 1.1337E-10 1.2000E-10 1.2692E-10 1.3412E-10 1.4181E-10 1.4959E-10 1.5745E-10 1.6603E-10 1.7469E-10 1.8365E-10 1.9291E-10 2.0246E-10 2.1253E-10 2.2246E-10
0.0000E+00 0.0000E+00 0.0000E+00 0.0000E+00 0.0000E+00 0.0000E+00 0.0000E+00 0.0000E+00 5.1586E-13 2.6029E-12 4.3346E-12 6.2188E-12 7.6414E-12 8.8673E-12 1.0185E-11 1.1619E-11 1.3157E-11 1.4804E-11 1.6718E-11 1.8449E-11 2.0297E-11 2.2282E-11 2.4552E-11 2.6813E-11 2.9225E-11 3.1786E-11 3.4510E-11 3.7395E-11 4.0301E-11 4.3379E-11 4.6637E-11 5.0080E-11 5.3715E-11 5.7548E-11 6.1587E-11 6.6599E-11 7.3110E-11 8.0482E-11 8.6832E-11 9.2553E-11 9.8528E-11 1.0436E-10 1.1089E-10 1.1768E-10 1.2436E-10 1.3152E-10 1.3919E-10 1.4695E-10 1.5480E-10 1.6338E-10 1.7226E-10 1.8103E-10 1.9032E-10 2.0014E-10 2.1004E-10 2.2005E-10 2.3078E-10
0.0000E+00 0.0000E+00 0.0000E+00 0.0000E+00 0.0000E+00 0.0000E+00 0.0000E+00 0.0000E+00 1.0324E-12 2.8570E-12 4.7806E-12 6.6966E-12 8.0123E-12 9.2766E-12 1.0837E-11 1.2305E-11 1.3686E-11 1.5586E-11 1.7299E-11 1.9228E-11 2.1137E-11 2.3333E-11 2.5370E-11 2.7856E-11 3.0344E-11 3.2987E-11 3.5643E-11 3.8623E-11 4.1615E-11 4.4798E-11 4.8316E-11 5.1870E-11 5.5623E-11 5.9581E-11 6.4506E-11 7.0927E-11 7.8219E-11 8.4707E-11 9.0150E-11 9.6061E-11 1.0183E-10 1.0830E-10 1.1504E-10 1.2167E-10 1.2879E-10 1.3643E-10 1.4416E-10 1.5220E-10 1.6055E-10 1.6943E-10 1.7820E-10 1.8772E-10 1.9735E-10 2.0730E-10 2.1756E-10 2.2815E-10 2.3927E-10
0.0000E+00 0.0000E+00 0.0000E+00 0.0000E+00 0.0000E+00 0.0000E+00 0.0000E+00 1.5592E-13 1.5508E-12 3.4182E-12 5.2354E-12 7.0466E-12 8.5862E-12 9.6870E-12 1.1288E-11 1.2802E-11 1.4427E-11 1.6320E-11 1.8034E-11 1.9867E-11 2.1987E-11 2.4100E-11 2.6506E-11 2.8912E-11 3.1323E-11 3.4052E-11 3.6946E-11 3.9861E-11 4.3112E-11 4.6385E-11 4.9860E-11 5.3521E-11 5.7399E-11 6.1943E-11 6.8280E-11 7.5906E-11 8.2314E-11 8.7681E-11 9.3519E-11 9.9219E-11 1.0562E-10 1.1230E-10 1.1886E-10 1.2615E-10 1.3352E-10 1.4121E-10 1.4922E-10 1.5775E-10 1.6640E-10 1.7516E-10 1.8468E-10 1.9453E-10 2.0429E-10 2.1459E-10 2.2544E-10 2.3641E-10 2.4749E-10
0.0000E+00 0.0000E+00 0.0000E+00 0.0000E+00 0.0000E+00 0.0000E+00 0.0000E+00 5.0866E-13 2.0775E-12 3.7916E-12 5.6900E-12 7.5432E-12 8.9718E-12 1.0304E-11 1.1739E-11 1.3300E-11 1.4976E-11 1.6865E-11 1.8774E-11 2.0816E-11 2.2847E-11 2.5172E-11 2.7348E-11 2.9831E-11 3.2625E-11 3.5434E-11 3.8265E-11 4.1272E-11 4.4462E-11 4.8000E-11 5.1571E-11 5.5359E-11 5.9807E-11 6.5583E-11 7.2667E-11 7.9872E-11 8.5156E-11 9.0911E-11 9.6532E-11 1.0286E-10 1.0946E-10 1.1596E-10 1.2317E-10 1.3049E-10 1.3812E-10 1.4608E-10 1.5458E-10 1.6319E-10 1.7193E-10 1.8143E-10 1.9128E-10 2.0104E-10 2.1136E-10 2.2224E-10 2.3325E-10 2.4438E-10 2.5630E-10
0.0000E+00 0.0000E+00 0.0000E+00 0.0000E+00 0.0000E+00 0.0000E+00 0.0000E+00 7.1207E-13 2.4692E-12 4.4102E-12 6.2966E-12 7.8953E-12 9.3574E-12 1.0730E-11 1.2209E-11 1.4007E-11 1.5526E-11 1.7411E-11 1.9373E-11 2.1473E-11 2.3568E-11 2.5960E-11 2.8353E-11 3.1060E-11 3.3631E-11 3.6527E-11 3.9596E-11 4.2696E-11 4.5984E-11 4.9467E-11 5.3153E-11 5.7505E-11 6.2858E-11 7.0291E-11 7.7178E-11 8.2581E-11 8.8247E-11 9.3780E-11 1.0002E-10 1.0654E-10 1.1296E-10 1.2010E-10 1.2755E-10 1.3491E-10 1.4281E-10 1.5125E-10 1.5981E-10 1.6873E-10 1.7799E-10 1.8781E-10 1.9756E-10 2.0810E-10 2.1898E-10 2.2981E-10 2.4120E-10 2.5316E-10 2.6526E-10
0.0000E+00 0.0000E+00 0.0000E+00 0.0000E+00 0.0000E+00 0.0000E+00 0.0000E+00 1.0357E-12 2.8692E-12 4.6950E-12 6.7741E-12 8.4498E-12 9.7424E-12 1.1156E-11 1.2877E-11 1.4522E-11 1.6381E-11 1.8262E-11 2.0130E-11 2.2288E-11 2.4594E-11 2.6750E-11 2.9369E-11 3.2002E-11 3.4802E-11 3.7625E-11 4.0787E-11 4.3972E-11 4.7519E-11 5.1107E-11 5.4904E-11 6.0155E-11 6.7891E-11 7.4216E-11 7.9967E-11 8.5535E-11 9.0973E-11 9.7116E-11 1.0355E-10 1.0987E-10 1.1693E-10 1.2429E-10 1.3158E-10 1.3940E-10 1.4777E-10 1.5628E-10 1.6514E-10 1.7456E-10 1.8414E-10 1.9386E-10 2.0438E-10 2.1526E-10 2.2609E-10 2.3750E-10 2.4949E-10 2.6164E-10 2.7393E-10
0.0000E+00 0.0000E+00 0.0000E+00 0.0000E+00 0.0000E+00 0.0000E+00 1.5543E-13 1.5515E-12 3.2682E-12 5.2809E-12 7.1032E-12 8.8136E-12 1.0144E-11 1.1787E-11 1.3343E-11 1.5037E-11 1.6889E-11 1.8821E-11 2.0893E-11 2.2962E-11 2.5331E-11 2.7857E-11 3.0393E-11 3.2946E-11 3.5983E-11 3.8891E-11 4.1983E-11 4.5427E-11 4.8905E-11 5.2604E-11 5.7427E-11 6.4573E-11 7.1680E-11 7.7321E-11 8.2785E-11 8.8121E-11 9.4161E-11 1.0049E-10 1.0672E-10 1.1368E-10 1.2095E-10 1.2814E-10 1.3588E-10 1.4417E-10 1.5260E-10 1.6139E-10 1.7076E-10 1.8028E-10 1.8995E-10 2.0044E-10 2.1130E-10 2.2211E-10 2.3374E-10 2.4553E-10 2.5771E-10 2.7004E-10 2.8319E-10
0.0000E+00 0.0000E+00 0.0000E+00 0.0000E+00 0.0000E+00 0.0000E+00 3.5459E-13 2.1167E-12 3.8199E-12 5.7192E-12 7.5788E-12 9.1759E-12 1.0544E-11 1.2226E-11 1.3827E-11 1.5704E-11 1.7550E-11 1.9534E-11 2.1662E-11 2.3939E-11 2.6224E-11 2.8663E-11 3.1426E-11 3.4212E-11 3.7172E-11 4.0165E-11 4.3347E-11 4.6725E-11 5.0470E-11 5.4727E-11 6.1280E-11 6.8688E-11 7.4654E-11 8.0006E-11 8.5234E-11 9.1162E-11 9.7382E-11 1.0350E-10 1.1035E-10 1.1732E-10 1.2462E-10 1.3225E-10 1.4045E-10 1.4880E-10 1.5750E-10 1.6679E-10 1.7624E-10 1.8608E-10 1.9629E-10 2.0711E-10 2.1789E-10 2.2950E-10 2.4150E-10 2.5347E-10 2.6582E-10 2.7901E-10 2.9258E-10
0.0000E+00 0.0000E+00 0.0000E+00 0.0000E+00 0.0000E+00 0.0000E+00 7.0821E-13 2.1547E-12 4.2403E-12 6.1706E-12 8.2534E-12 9.5362E-12 1.0943E-11 1.2663E-11 1.4309E-11 1.6176E-11 1.8069E-11 2.0105E-11 2.2288E-11 2.4625E-11 2.7122E-11 2.9784E-11 3.2466E-11 3.5173E-11 3.8217E-11 4.1285E-11 4.4718E-11 4.8192E-11 5.2333E-11 5.8431E-11 6.6134E-11 7.1765E-11 7.7007E-11 8.2319E-11 8.8129E-11 9.4030E-11 1.0024E-10 1.0676E-10 1.1382E-10 1.2101E-10 1.2854E-10 1.3663E-10 1.4488E-10 1.5349E-10 1.6268E-10 1.7205E-10 1.8181E-10 1.9217E-10 2.0271E-10 2.1344E-10 2.2501E-10 2.3698E-10 2.4894E-10 2.6151E-10 2.7471E-10 2.8810E-10 3.0171E-10
0.0000E+00 0.0000E+00 0.0000E+00 0.0000E+00 0.0000E+00 0.0000E+00 8.7204E-13 2.6939E-12 4.5106E-12 6.4745E-12 8.5934E-12 9.9117E-12 1.1546E-11 1.3304E-11 1.4940E-11 1.6798E-11 1.8885E-11 2.0975E-11 2.3215E-11 2.5466E-11 2.7871E-11 3.0604E-11 3.3361E-11 3.6295E-11 3.9262E-11 4.2580E-11 4.5933E-11 4.9509E-11 5.4691E-11 6.2252E-11 6.9079E-11 7.4198E-11 7.9387E-11 8.4865E-11 9.0849E-11 9.6931E-11 1.0333E-10 1.1027E-10 1.1733E-10 1.2475E-10 1.3272E-10 1.4085E-10 1.4935E-10 1.5845E-10 1.6771E-10 1.7738E-10 1.8765E-10 1.9812E-10 2.0878E-10 2.2030E-10 2.3222E-10 2.4414E-10 2.5669E-10 2.6988E-10 2.8328E-10 2.9688E-10 3.1124E-10
0.0000E+00 0.0000E+00 0.0000E+00 0.0000E+00 0.0000E+00 0.0000E+00 1.3821E-12 3.0837E-12 4.9282E-12 6.9219E-12 8.7354E-12 1.0284E-11 1.1954E-11 1.3751E-11 1.5571E-11 1.7420E-11 1.9412E-11 2.1553E-11 2.3850E-11 2.6308E-11 2.8935E-11 3.1582E-11 3.4254E-11 3.7268E-11 4.0469E-11 4.3713E-11 4.7324E-11 5.1451E-11 5.8854E-11 6.6395E-11 7.1385E-11 7.6447E-11 8.1795E-11 8.7646E-11 9.3597E-11 9.9867E-11 1.0667E-10 1.1361E-10 1.2089E-10 1.2874E-10 1.3674E-10 1.4512E-10 1.5409E-10 1.6325E-10 1.7281E-10 1.8298E-10 1.9336E-10 2.0393E-10 2.1537E-10 2.2723E-10 2.3909E-10 2.5160E-10 2.6476E-10 2.7814E-10 2.9173E-10 3.0609E-10 3.2121E-10
0.0000E+00 0.0000E+00 0.0000E+00 0.0000E+00 0.0000E+00 0.0000E+00 1.5913E-12 3.3213E-12 5.1961E-12 7.3741E-12 9.0728E-12 1.0653E-11 1.2359E-11 1.4194E-11 1.6001E-11 1.8047E-11 2.0089E-11 2.2283E-11 2.4637E-11 2.7000E-11 2.9693E-11 3.2411E-11 3.5308E-11 3.8390E-11 4.1524E-11 4.5009E-11 4.9008E-11 5.5453E-11 6.2627E-11 6.8375E-11 7.3506E-11 7.8720E-11 8.4432E-11 9.0245E-11 9.6376E-11 1.0304E-10 1.0983E-10 1.1698E-10 1.2469E-10 1.3255E-10 1.4080E-10 1.4964E-10 1.5867E-10 1.6811E-10 1.7795E-10 1.8843E-10 1.9890E-10 2.1025E-10 2.2202E-10 2.3380E-10 2.4625E-10 2.5936E-10 2.7270E-10 2.8627E-10 3.0081E-10 3.1571E-10 3.3115E-10
0.0000E+00 0.0000E+00 0.0000E+00 0.0000E+00 0.0000E+00 3.5390E-13 1.9685E-12 3.7233E-12 5.6249E-12 7.6889E-12 9.6120E-12 1.1225E-11 1.2966E-11 1.4786E-11 1.6582E-11 1.8673E-11 2.0765E-11 2.3013E-11 2.5424E-11 2.8005E-11 3.0608E-11 3.3387E-11 3.6364E-11 3.9371E-11 4.2729E-11 4.6152E-11 5.2129E-11 5.9555E-11 6.5584E-11 7.0575E-11 7.5439E-11 8.1013E-11 8.6885E-11 9.2657E-11 9.9178E-11 1.0603E-10 1.1281E-10 1.2038E-10 1.2831E-10 1.3641E-10 1.4490E-10 1.5400E-10 1.6308E-10 1.7301E-10 1.8336E-10 1.9372E-10 2.0495E-10 2.1661E-10 2.2831E-10 2.4066E-10 2.5370E-10 2.6698E-10 2.8050E-10 2.9498E-10 3.1006E-10 3.2527E-10 3.4102E-10
0.0000E+00 0.0000E+00 0.0000E+00 0.0000E+00 0.0000E+00 5.1254E-13 2.3420E-12 4.1212E-12 6.0577E-12 8.1493E-12 9.9554E-12 1.1601E-11 1.3377E-11 1.5181E-11 1.7018E-11 1.9150E-11 2.1291E-11 2.3747E-11 2.6060E-11 2.8703E-11 3.1373E-11 3.4379E-11 3.7259E-11 4.0503E-11 4.3790E-11 4.7912E-11 5.5628E-11 6.2607E-11 6.7460E-11 7.2383E-11 7.7806E-11 8.3526E-11 8.9149E-11 9.5514E-11 1.0221E-10 1.0884E-10 1.1624E-10 1.2402E-10 1.3175E-10 1.4030E-10 1.4925E-10 1.5818E-10 1.6796E-10 1.7817E-10 1.8839E-10 1.9949E-10 2.1104E-10 2.2261E-10 2.3487E-10 2.4781E-10 2.6101E-10 2.7445E-10 2.8885E-10 3.0385E-10 3.1903E-10 3.3518E-10 3.5189E-10
0.0000E+00 0.0000E+00 0.0000E+00 0.0000E+00 0.0000E+00 7.1418E-13 2.5646E-12 4.5235E-12 6.3352E-12 8.4573E-12 1.0294E-11 1.1972E-11 1.3784E-11 1.5722E-11 1.7602E-11 1.9780E-11 2.2122E-11 2.4479E-11 2.7006E-11 2.9555E-11 3.2282E-11 3.5207E-11 3.8322E-11 4.1472E-11 4.5004E-11 5.2656E-11 5.9868E-11 6.4573E-11 6.9348E-11 7.4410E-11 7.9978E-11 8.5648E-11 9.1850E-11 9.8380E-11 1.0485E-10 1.1209E-10 1.1969E-10 1.2726E-10 1.3565E-10 1.4443E-10 1.5320E-10 1.6282E-10 1.7288E-10 1.8295E-10 1.9390E-10 2.0530E-10 2.1675E-10 2.2888E-10 2.4170E-10 2.5479E-10 2.6815E-10 2.8244E-10 2.9735E-10 3.1246E-10 3.2858E-10 3.4569E-10 3.6286E-10
0.0000E+00 0.0000E+00 0.0000E+00 0.0000E+00 0.0000E+00 1.0659E-12 2.7465E-12 4.5815E-12 6.7590E-12 8.9073E-12 1.0628E-11 1.2337E-11 1.4336E-11 1.6259E-11 1.8183E-11 2.0261E-11 2.2650E-11 2.5059E-11 2.7643E-11 3.0255E-11 3.3205E-11 3.6189E-11 3.9217E-11 4.2610E-11 4.8396E-11 5.5647E-11 6.1515E-11 6.6341E-11 7.1248E-11 7.6654E-11 8.2162E-11 8.7988E-11 9.4354E-11 1.0085E-10 1.0771E-10 1.1514E-10 1.2275E-10 1.3095E-10 1.3956E-10 1.4816E-10 1.5761E-10 1.6749E-10 1.7740E-10 1.8819E-10 1.9943E-10 2.1073E-10 2.2271E-10 2.3540E-10 2.4837E-10 2.6161E-10 2.7579E-10 2.9058E-10 3.0559E-10 3.2164E-10 3.3871E-10 3.5590E-10 3.7311E-10
