Assets/Resources/2015_m01_d07_0400(utc+0800)_l00_csi_1hr_conc.grd
DSAA
         159         159
     -79.000      79.000
     -79.000      79.000
  0.0000E+00  0.7643E-04
[rows 25 to 49 of 159, columns 0 to 56 of 159]
1.7080E-12 2.7850E-12 4.0041E-12 6.7770E-12 1.1978E-11 1.6301E-11 2.5772E-11 3.1271E-11 3.4424E-11 3.7855E-11 4.4776E-11 4.9210E-11 5.4024E-11 6.2672E-11 7.2368E-11 8.3219E-11 1.0749E-10 1.1866E-10 1.3672E-10 1.5084E-10 1.6625E-10 1.8946E-10 2.0866E-10 2.3270E-10 2.6261E-10 2.8884E-10 3.2036E-10 3.5179E-10 3.8588E-10 4.2279E-10 4.6603E-10 5.0969E-10 5.5678E-10 6.0749E-10 6.6570E-10 7.2488E-10 7.8836E-10 8.5633E-10 9.2897E-10 1.0065E-09 1.0978E-09 1.1959E-09 1.3170E-09 1.4242E-09 1.5706E-09 1.6977E-09 1.8332E-09 1.9774E-09 2.1306E-09 2.2931E-09 2.4652E-09 2.6472E-09 2.8393E-09 3.0416E-09 3.2544E-09 3.4777E-09 3.7114E-09
0.0000E+00 2.7225E-12 3.9168E-12 5.2457E-12 1.0290E-11 1.4488E-11 2.5429E-11 3.0883E-11 3.3999E-11 3.7388E-11 4.4256E-11 4.8642E-11 5.3404E-11 6.1993E-11 7.1635E-11 8.2440E-11 1.0676E-10 1.1787E-10 1.3593E-10 1.5000E-10 1.7102E-10 1.8858E-10 2.0773E-10 2.3179E-10 2.6179E-10 2.8800E-10 3.1958E-10 3.5101E-10 3.8511E-10 4.2205E-10 4.6544E-10 5.0915E-10 5.5632E-10 6.0713E-10 6.6561E-10 7.2496E-10 7.8863E-10 8.5682E-10 9.2973E-10 1.0075E-09 1.0997E-09 1.2207E-09 1.3220E-09 1.4302E-09 1.5801E-09 1.7089E-09 1.8463E-09 1.9927E-09 2.1483E-09 2.3136E-09 2.4887E-09 2.6741E-09 2.8700E-09 3.0764E-09 3.2938E-09 3.5220E-09 3.7612E-09
0.0000E+00 2.6588E-12 3.8277E-12 5.1295E-12 1.0087E-11 1.4225E-11 2.5064E-11 3.0466E-11 3.3541E-11 3.6887E-11 4.3694E-11 4.8026E-11 5.2731E-11 6.1250E-11 7.0826E-11 8.1570E-11 1.0590E-10 1.1694E-10 1.3496E-10 1.4896E-10 1.6996E-10 1.8746E-10 2.0653E-10 2.3058E-10 2.6060E-10 2.8675E-10 3.1835E-10 3.4974E-10 3.8380E-10 4.2070E-10 4.6416E-10 5.0788E-10 5.5505E-10 6.0924E-10 6.6453E-10 7.2395E-10 7.8772E-10 8.5603E-10 9.2907E-10 1.0152E-09 1.1082E-09 1.2230E-09 1.3251E-09 1.4653E-09 1.5873E-09 1.7177E-09 1.8568E-09 2.0051E-09 2.1630E-09 2.3308E-09 2.5088E-09 2.6973E-09 2.8967E-09 3.1071E-09 3.3287E-09 3.5616E-09 3.8060E-09
0.0000E+00 1.7357E-12 3.7371E-12 5.0110E-12 9.8779E-12 1.3953E-11 2.4678E-11 3.0022E-11 3.3054E-11 3.6353E-11 4.3089E-11 4.7365E-11 5.2008E-11 6.0446E-11 6.9942E-11 8.0612E-11 1.0491E-10 1.1586E-10 1.3383E-10 1.4773E-10 1.6869E-10 1.8608E-10 2.0505E-10 2.3512E-10 2.5905E-10 2.8510E-10 3.1667E-10 3.4797E-10 3.8194E-10 4.1874E-10 4.6222E-10 5.0585E-10 5.5296E-10 6.0720E-10 6.6245E-10 7.2185E-10 7.8561E-10 8.5393E-10 9.2700E-10 1.0130E-09 1.1073E-09 1.2235E-09 1.3261E-09 1.4691E-09 1.5922E-09 1.7239E-09 1.8646E-09 2.0147E-09 2.1745E-09 2.3446E-09 2.5252E-09 2.7166E-09 2.9192E-09 3.1332E-09 3.3588E-09 3.5962E-09 3.8455E-09
0.0000E+00 8.4446E-13 3.6450E-12 4.8904E-12 8.2321E-12 1.3672E-11 2.1706E-11 2.9551E-11 3.2537E-11 3.5786E-11 4.2446E-11 4.6659E-11 5.1236E-11 5.9583E-11 6.8988E-11 7.9568E-11 1.0379E-10 1.1465E-10 1.3252E-10 1.4632E-10 1.6719E-10 1.8446E-10 2.0621E-10 2.3334E-10 2.5714E-10 2.8305E-10 3.1454E-10 3.4571E-10 3.7953E-10 4.1937E-10 4.5959E-10 5.0309E-10 5.5005E-10 6.0426E-10 6.5939E-10 7.1867E-10 7.8231E-10 8.5052E-10 9.2350E-10 1.0098E-09 1.1129E-09 1.2221E-09 1.3251E-09 1.4706E-09 1.5946E-09 1.7275E-09 1.8695E-09 2.0211E-09 2.1828E-09 2.3549E-09 2.5378E-09 2.7318E-09 2.9374E-09 3.1547E-09 3.3840E-09 3.6255E-09 3.8792E-09
0.0000E+00 0.0000E+00 2.6912E-12 3.8812E-12 6.6253E-12 1.1877E-11 2.1307E-11 2.9056E-11 3.1993E-11 3.5190E-11 4.1764E-11 4.5912E-11 5.0418E-11 5.5306E-11 6.7965E-11 7.8441E-11 1.0255E-10 1.1329E-10 1.3106E-10 1.4472E-10 1.6548E-10 1.8260E-10 2.0422E-10 2.3125E-10 2.5488E-10 2.8062E-10 3.1198E-10 3.4295E-10 3.7658E-10 4.1628E-10 4.5630E-10 4.9959E-10 5.4633E-10 6.0042E-10 6.5533E-10 7.1440E-10 7.7782E-10 8.4581E-10 9.1858E-10 1.0131E-09 1.1224E-09 1.2188E-09 1.3534E-09 1.4698E-09 1.5946E-09 1.7284E-09 1.8715E-09 2.0244E-09 2.1876E-09 2.3615E-09 2.5464E-09 2.7428E-09 2.9510E-09 3.1713E-09 3.4039E-09 3.6491E-09 3.9070E-09
0.0000E+00 0.0000E+00 2.6183E-12 3.7783E-12 5.0751E-12 1.1605E-11 2.0893E-11 2.8537E-11 3.1423E-11 3.4564E-11 4.1046E-11 4.5126E-11 4.9557E-11 5.4364E-11 6.3333E-11 7.7235E-11 1.0119E-10 1.1181E-10 1.2943E-10 1.4294E-10 1.6355E-10 1.8051E-10 2.0197E-10 2.2884E-10 2.5227E-10 2.7780E-10 3.0898E-10 3.3972E-10 3.7309E-10 4.1260E-10 4.5235E-10 4.9536E-10 5.4181E-10 5.9568E-10 6.5030E-10 7.0905E-10 7.7215E-10 8.3982E-10 9.1825E-10 1.0068E-09 1.1172E-09 1.2136E-09 1.3499E-09 1.4667E-09 1.5921E-09 1.7266E-09 1.8706E-09 2.0245E-09 2.1890E-09 2.3643E-09 2.5509E-09 2.7493E-09 2.9598E-09 3.1827E-09 3.4183E-09 3.6669E-09 3.9285E-09
0.0000E+00 0.0000E+00 1.6970E-12 3.6746E-12 4.9385E-12 9.8529E-12 1.8002E-11 2.7996E-11 3.0829E-11 3.3913E-11 4.0295E-11 4.4302E-11 4.8655E-11 5.3377E-11 6.2214E-11 7.2212E-11 9.9718E-11 1.1019E-10 1.2764E-10 1.4099E-10 1.6142E-10 1.7818E-10 1.9946E-10 2.2613E-10 2.4933E-10 2.7460E-10 3.0555E-10 3.3601E-10 3.6909E-10 4.0833E-10 4.4776E-10 4.9041E-10 5.3650E-10 5.9007E-10 6.4429E-10 7.0264E-10 7.6532E-10 8.3254E-10 9.1051E-10 1.0069E-09 1.1101E-09 1.2065E-09 1.3443E-09 1.4613E-09 1.5871E-09 1.7220E-09 1.8666E-09 2.0214E-09 2.1867E-09 2.3632E-09 2.5513E-09 2.7513E-09 2.9637E-09 3.1889E-09 3.4270E-09 3.6785E-09 3.9433E-09
0.0000E+00 0.0000E+00 0.0000E+00 2.6980E-12 3.8976E-12 9.6002E-12 1.5236E-11 2.7435E-11 3.0213E-11 3.3236E-11 3.6522E-11 4.3444E-11 4.7715E-11 5.2348E-11 6.1042E-11 7.0889E-11 9.8134E-11 1.0846E-10 1.2571E-10 1.3888E-10 1.5910E-10 1.7564E-10 1.9670E-10 2.2312E-10 2.4605E-10 2.7104E-10 3.0171E-10 3.3184E-10 3.6457E-10 4.0349E-10 4.4253E-10 4.8477E-10 5.3042E-10 5.8360E-10 6.3735E-10 6.9519E-10 7.5735E-10 8.2401E-10 9.0159E-10 9.9813E-10 1.1014E-09 1.2278E-09 1.3365E-09 1.4536E-09 1.5795E-09 1.7146E-09 1.8596E-09 2.0148E-09 2.1809E-09 2.3582E-09 2.5474E-09 2.7487E-09 2.9626E-09 3.1896E-09 3.4299E-09 3.6837E-09 3.9896E-09
0.0000E+00 0.0000E+00 0.0000E+00 2.6174E-12 3.7833E-12 6.5016E-12 1.3334E-11 2.4193E-11 2.9576E-11 3.2536E-11 3.5755E-11 4.2554E-11 4.6739E-11 5.1280E-11 5.9822E-11 6.9507E-11 9.6445E-11 1.0660E-10 1.2364E-10 1.3660E-10 1.5658E-10 1.7289E-10 1.9370E-10 2.1984E-10 2.4246E-10 2.6713E-10 2.9747E-10 3.2723E-10 3.5957E-10 3.9810E-10 4.3668E-10 4.7845E-10 5.2697E-10 5.7630E-10 6.2948E-10 6.8673E-10 7.4826E-10 8.1427E-10 8.9868E-10 9.8755E-10 1.0903E-09 1.2181E-09 1.3266E-09 1.4435E-09 1.5693E-09 1.7044E-09 1.8495E-09 2.0050E-09 2.1714E-09 2.3493E-09 2.5391E-09 2.7413E-09 2.9564E-09 3.1847E-09 3.4267E-09 3.7154E-09 3.9939E-09
0.0000E+00 0.0000E+00 0.0000E+00 1.6872E-12 3.6687E-12 4.9387E-12 1.1471E-11 2.3640E-11 2.8920E-11 3.1816E-11 3.4964E-11 4.1634E-11 4.5730E-11 5.0175E-11 5.8557E-11 6.8069E-11 9.4657E-11 1.0464E-10 1.2143E-10 1.3418E-10 1.5389E-10 1.6993E-10 1.9046E-10 2.1628E-10 2.3857E-10 2.6288E-10 2.9285E-10 3.2220E-10 3.5408E-10 3.9217E-10 4.3025E-10 4.7147E-10 5.1946E-10 5.6818E-10 6.2072E-10 6.7728E-10 7.3809E-10 8.0333E-10 8.8736E-10 9.7581E-10 1.0780E-09 1.2066E-09 1.3146E-09 1.4311E-09 1.5565E-09 1.6914E-09 1.8363E-09 1.9917E-09 2.1582E-09 2.3362E-09 2.5264E-09 2.7292E-09 2.9450E-09 3.1742E-09 3.4452E-09 3.7100E-09 4.0102E-09
0.0000E+00 0.0000E+00 0.0000E+00 0.0000E+00 2.6791E-12 4.7871E-12 1.1151E-11 2.3074E-11 2.8247E-11 3.1077E-11 3.4153E-11 4.0687E-11 4.4692E-11 4.9038E-11 5.7251E-11 6.6579E-11 9.2776E-11 1.0257E-10 1.1909E-10 1.3161E-10 1.5102E-10 1.6679E-10 1.8701E-10 2.1246E-10 2.3439E-10 2.5831E-10 2.8786E-10 3.1675E-10 3.4815E-10 3.8573E-10 4.2325E-10 4.6387E-10 5.1125E-10 5.5929E-10 6.1110E-10 6.6689E-10 7.2688E-10 7.9125E-10 8.7440E-10 9.7533E-10 1.0641E-09 1.1931E-09 1.3005E-09 1.4164E-09 1.5413E-09 1.6757E-09 1.8201E-09 1.9751E-09 2.1413E-09 2.3192E-09 2.5093E-09 2.7122E-09 2.9282E-09 3.1813E-09 3.4315E-09 3.7154E-09 4.0175E-09
0.0000E+00 0.0000E+00 0.0000E+00 0.0000E+00 2.5915E-12 3.7518E-12 9.3754E-12 1.9968E-11 2.7559E-11 3.0321E-11 3.3323E-11 3.9715E-11 4.3627E-11 4.7871E-11 5.5908E-11 6.5042E-11 7.5418E-11 1.0040E-10 1.1664E-10 1.2891E-10 1.4800E-10 1.6347E-10 1.8335E-10 2.0839E-10 2.2994E-10 2.5343E-10 2.8252E-10 3.1092E-10 3.4179E-10 3.7880E-10 4.1570E-10 4.5567E-10 5.0236E-10 5.4965E-10 6.0066E-10 6.5560E-10 7.1467E-10 7.7808E-10 8.6055E-10 9.6045E-10 1.0484E-09 1.1778E-09 1.2844E-09 1.3994E-09 1.5235E-09 1.6571E-09 1.8008E-09 1.9552E-09 2.1208E-09 2.2981E-09 2.4878E-09 2.6903E-09 2.9254E-09 3.1607E-09 3.4115E-09 3.7120E-09 4.0197E-09
0.0000E+00 0.0000E+00 0.0000E+00 0.0000E+00 0.0000E+00 3.6277E-12 4.8910E-12 1.4610E-11 2.6857E-11 2.9550E-11 3.2477E-11 3.8722E-11 4.2538E-11 4.6678E-11 5.1165E-11 6.3463E-11 7.3618E-11 9.8149E-11 1.1407E-10 1.2609E-10 1.3922E-10 1.5997E-10 1.7949E-10 2.0410E-10 2.2523E-10 2.4827E-10 2.7686E-10 3.0473E-10 3.3502E-10 3.7141E-10 4.0765E-10 4.4690E-10 4.9284E-10 5.3931E-10 5.8944E-10 6.4344E-10 7.0152E-10 7.6676E-10 8.5337E-10 9.4444E-10 1.0308E-09 1.1604E-09 1.2662E-09 1.3803E-09 1.5033E-09 1.6359E-09 1.7786E-09 1.9319E-09 2.0966E-09 2.2731E-09 2.4619E-09 2.6637E-09 2.8992E-09 3.1342E-09 3.4040E-09 3.7032E-09 4.0410E-09
0.0000E+00 0.0000E+00 0.0000E+00 0.0000E+00 0.0000E+00 2.6349E-12 4.7270E-12 1.2662E-11 2.6143E-11 2.8766E-11 3.1617E-11 3.4713E-11 4.1428E-11 4.5462E-11 4.9834E-11 6.1847E-11 7.1771E-11 9.5813E-11 1.1141E-10 1.2315E-10 1.3599E-10 1.5633E-10 1.7546E-10 1.9359E-10 2.2028E-10 2.4284E-10 2.7089E-10 2.9819E-10 3.2787E-10 3.6359E-10 3.9912E-10 4.3760E-10 4.8272E-10 5.2830E-10 5.7749E-10 6.3048E-10 6.8747E-10 7.5122E-10 8.3641E-10 9.2681E-10 1.0429E-09 1.1416E-09 1.2461E-09 1.3589E-09 1.4807E-09 1.6120E-09 1.7534E-09 1.9055E-09 2.0689E-09 2.2441E-09 2.4317E-09 2.6487E-09 2.8677E-09 3.1184E-09 3.3869E-09 3.7083E-09 4.0272E-09
0.0000E+00 0.0000E+00 0.0000E+00 0.0000E+00 0.0000E+00 8.5030E-13 3.6849E-12 9.3121E-12 2.2786E-11 2.7971E-11 3.0745E-11 3.3756E-11 4.0300E-11 4.4226E-11 4.8481E-11 5.6709E-11 6.9881E-11 9.3403E-11 1.0865E-10 1.2011E-10 1.3264E-10 1.5254E-10 1.7126E-10 1.8897E-10 2.1511E-10 2.3717E-10 2.6464E-10 2.9134E-10 3.2037E-10 3.5537E-10 3.9014E-10 4.2780E-10 4.7204E-10 5.1668E-10 5.6485E-10 6.1675E-10 6.7259E-10 7.3512E-10 8.1928E-10 9.0842E-10 1.0232E-09 1.1204E-09 1.2242E-09 1.3355E-09 1.4558E-09 1.5856E-09 1.7254E-09 1.8759E-09 2.0377E-09 2.2113E-09 2.4103E-09 2.6133E-09 2.8309E-09 3.0831E-09 3.3878E-09 3.6794E-09 4.0024E-09
0.0000E+00 0.0000E+00 0.0000E+00 0.0000E+00 0.0000E+00 0.0000E+00 3.5527E-12 4.7968E-12 1.9555E-11 2.7168E-11 2.9862E-11 3.2789E-11 3.9158E-11 4.2974E-11 4.7110E-11 5.5116E-11 6.4253E-11 9.0927E-11 1.0046E-10 1.1698E-10 1.2919E-10 1.4863E-10 1.6691E-10 1.8419E-10 2.0974E-10 2.3127E-10 2.5812E-10 2.8420E-10 3.1254E-10 3.4678E-10 3.8075E-10 4.1755E-10 4.6085E-10 5.0448E-10 5.5158E-10 6.0233E-10 6.5693E-10 7.1720E-10 8.0087E-10 8.8826E-10 1.0026E-09 1.0977E-09 1.2005E-09 1.3102E-09 1.4287E-09 1.5567E-09 1.6947E-09 1.8433E-09 2.0031E-09 2.1747E-09 2.3722E-09 2.5733E-09 2.8051E-09 3.0728E-09 3.3511E-09 3.6496E-09 3.9708E-09
0.0000E+00 0.0000E+00 0.0000E+00 0.0000E+00 0.0000E+00 0.0000E+00 2.5666E-12 3.7249E-12 1.2563E-11 2.6358E-11 2.8973E-11 3.1813E-11 3.8003E-11 4.1708E-11 4.5724E-11 5.3503E-11 6.2387E-11 8.8393E-11 9.7669E-11 1.1376E-10 1.2565E-10 1.4460E-10 1.6243E-10 1.7926E-10 2.0419E-10 2.2517E-10 2.5138E-10 2.7679E-10 3.0443E-10 3.3786E-10 3.7099E-10 4.0688E-10 4.4918E-10 4.9176E-10 5.3773E-10 5.8726E-10 6.4057E-10 6.9945E-10 7.8127E-10 8.6760E-10 9.8061E-10 1.0738E-09 1.1751E-09 1.2829E-09 1.3995E-09 1.5255E-09 1.6614E-09 1.8078E-09 1.9653E-09 2.1346E-09 2.3300E-09 2.5288E-09 2.7749E-09 3.0290E-09 3.3084E-09 3.6088E-09 3.9322E-09
0.0000E+00 0.0000E+00 0.0000E+00 0.0000E+00 0.0000E+00 0.0000E+00 0.0000E+00 3.5843E-12 9.1562E-12 2.5543E-11 2.8078E-11 3.0831E-11 3.6840E-11 4.0433E-11 4.4327E-11 4.8542E-11 6.0501E-11 7.0353E-11 9.4820E-11 1.1048E-10 1.2202E-10 1.4047E-10 1.5783E-10 1.7420E-10 1.9848E-10 2.1889E-10 2.4442E-10 2.6916E-10 2.9606E-10 3.2864E-10 3.6090E-10 3.9585E-10 4.3709E-10 4.7857E-10 5.2335E-10 5.7162E-10 6.2356E-10 6.8786E-10 7.6074E-10 8.4548E-10 9.5651E-10 1.0484E-09 1.1481E-09 1.2539E-09 1.3683E-09 1.4920E-09 1.6255E-09 1.7695E-09 1.9245E-09 2.0911E-09 2.2839E-09 2.4799E-09 2.7260E-09 2.9910E-09 3.2653E-09 3.5615E-09 3.8866E-09
0.0000E+00 0.0000E+00 0.0000E+00 0.0000E+00 0.0000E+00 0.0000E+00 0.0000E+00 2.5797E-12 4.6586E-12 2.2089E-11 2.7180E-11 2.9846E-11 3.2738E-11 3.9150E-11 4.2922E-11 4.7005E-11 5.5059E-11 6.8155E-11 9.1925E-11 1.0713E-10 1.1833E-10 1.3626E-10 1.5313E-10 1.6902E-10 1.9264E-10 2.1245E-10 2.3729E-10 2.6132E-10 2.8745E-10 3.1916E-10 3.5051E-10 3.8448E-10 4.2463E-10 4.6496E-10 5.0852E-10 5.5546E-10 6.0598E-10 6.6877E-10 7.4002E-10 8.2289E-10 9.3181E-10 1.0217E-09 1.1193E-09 1.2232E-09 1.3353E-09 1.4565E-09 1.5874E-09 1.7286E-09 1.8807E-09 2.0443E-09 2.2342E-09 2.4434E-09 2.6844E-09 2.9377E-09 3.2116E-09 3.5077E-09 3.8388E-09
0.0000E+00 0.0000E+00 0.0000E+00 0.0000E+00 0.0000E+00 0.0000E+00 0.0000E+00 0.0000E+00 3.5988E-12 1.8805E-11 2.6281E-11 2.8859E-11 3.1656E-11 3.7865E-11 4.1514E-11 4.5464E-11 5.3257E-11 6.5941E-11 8.8993E-11 1.0374E-10 1.1459E-10 1.2644E-10 1.4835E-10 1.6375E-10 1.8667E-10 2.0589E-10 2.3000E-10 2.5331E-10 2.7865E-10 3.0945E-10 3.3987E-10 3.7283E-10 4.1184E-10 4.5099E-10 4.9327E-10 5.3885E-10 5.8791E-10 6.4910E-10 7.1815E-10 7.9886E-10 9.0614E-10 9.9355E-10 1.0895E-09 1.1910E-09 1.3005E-09 1.4191E-09 1.5471E-09 1.6854E-09 1.8343E-09 1.9946E-09 2.1810E-09 2.3882E-09 2.6274E-09 2.8843E-09 3.1522E-09 3.4475E-09 3.7795E-09
0.0000E+00 0.0000E+00 0.0000E+00 0.0000E+00 0.0000E+00 0.0000E+00 0.0000E+00 0.0000E+00 1.7442E-12 4.6724E-12 2.5382E-11 2.7873E-11 3.0576E-11 3.6578E-11 4.0104E-11 4.3921E-11 5.1451E-11 6.0076E-11 8.6033E-11 9.4976E-11 1.1080E-10 1.2227E-10 1.4350E-10 1.5840E-10 1.7466E-10 1.9921E-10 2.2258E-10 2.4515E-10 2.6969E-10 2.9955E-10 3.2901E-10 3.6094E-10 3.9878E-10 4.3671E-10 4.7769E-10 5.2186E-10 5.6940E-10 6.2893E-10 6.9615E-10 7.7418E-10 8.7916E-10 9.6494E-10 1.0585E-09 1.1574E-09 1.2642E-09 1.3799E-09 1.5049E-09 1.6399E-09 1.7854E-09 1.9420E-09 2.1245E-09 2.3294E-09 2.5661E-09 2.8215E-09 3.0872E-09 3.3808E-09 3.7128E-09
0.0000E+00 0.0000E+00 0.0000E+00 0.0000E+00 0.0000E+00 0.0000E+00 0.0000E+00 0.0000E+00 0.0000E+00 3.5959E-12 2.1819E-11 2.6890E-11 2.9498E-11 3.2323E-11 3.8697E-11 4.2381E-11 4.6365E-11 5.7971E-11 8.3054E-11 9.1690E-11 1.0698E-10 1.1806E-10 1.3860E-10 1.5300E-10 1.6870E-10 1.9245E-10 2.1506E-10 2.3687E-10 2.6060E-10 2.8949E-10 3.1798E-10 3.4886E-10 3.8548E-10 4.2218E-10 4.6181E-10 5.0455E-10 5.5054E-10 5.9997E-10 6.7253E-10 7.3640E-10 8.5135E-10 9.3487E-10 1.0254E-09 1.1226E-09 1.2266E-09 1.3391E-09 1.4609E-09 1.5923E-09 1.7342E-09 1.8869E-09 2.0651E-09 2.2778E-09 2.5117E-09 2.7538E-09 3.0166E-09 3.3132E-09 3.6729E-09
0.0000E+00 0.0000E+00 0.0000E+00 0.0000E+00 0.0000E+00 0.0000E+00 0.0000E+00 0.0000E+00 0.0000E+00 1.7392E-12 1.7073E-11 2.5913E-11 2.8426E-11 3.1149E-11 3.7295E-11 4.0847E-11 4.4687E-11 5.2387E-11 6.5067E-11 8.8391E-11 1.0315E-10 1.1382E-10 1.3366E-10 1.4755E-10 1.6270E-10 1.8563E-10 2.0746E-10 2.2851E-10 2.5141E-10 2.7932E-10 3.0682E-10 3.3663E-10 3.7201E-10 4.0745E-10 4.4572E-10 4.8698E-10 5.3140E-10 5.7914E-10 6.4961E-10 7.1086E-10 8.2348E-10 9.0450E-10 9.9198E-10 1.0867E-09 1.1876E-09 1.2970E-09 1.4153E-09 1.5430E-09 1.6809E-09 1.8295E-09 2.0190E-09 2.2123E-09 2.4418E-09 2.6797E-09 2.9380E-09 3.2311E-09 3.5875E-09
0.0000E+00 0.0000E+00 0.0000E+00 0.0000E+00 0.0000E+00 0.0000E+00 0.0000E+00 0.0000E+00 0.0000E+00 0.0000E+00 3.5758E-12 2.4942E-11 2.7362E-11 2.9984E-11 3.5902E-11 3.9322E-11 4.3020E-11 5.0428E-11 5.8931E-11 8.5090E-11 9.9300E-11 1.0958E-10 1.2314E-10 1.4208E-10 1.5667E-10 1.7877E-10 1.9981E-10 2.2009E-10 2.4216E-10 2.6906E-10 2.9556E-10 3.2429E-10 3.5842E-10 3.9257E-10 4.2946E-10 4.6923E-10 5.1206E-10 5.5808E-10 6.2508E-10 6.8487E-10 7.9452E-10 8.7249E-10 9.5788E-10 1.0499E-09 1.1476E-09 1.2532E-09 1.3674E-09 1.4908E-09 1.6240E-09 1.7675E-09 1.9522E-09 2.1410E-09 2.3708E-09 2.5993E-09 2.8528E-09 3.1427E-09 3.4957E-09
