Assets/Resources/2015_m01_d24_1200(utc+0800)_l00_csi_1hr_conc.grd
DSAA
         159         159
     -79.000      79.000
     -79.000      79.000
  0.7820E-10  0.1848E-05
[rows 50 to 74 of 159, columns 0 to 56 of 159]
3.2207E-09 3.4053E-09 3.6012E-09 3.8118E-09 4.0294E-09 4.2667E-09 4.5098E-09 4.7724E-09 5.0448E-09 5.3305E-09 5.6339E-09 5.9518E-09 6.2906E-09 6.6453E-09 7.0240E-09 7.4184E-09 7.8391E-09 8.2807E-09 8.7441E-09 9.2353E-09 9.7481E-09 1.0288E-08 1.0851E-08 1.1437E-08 1.2041E-08 1.2661E-08 1.3295E-08 1.3934E-08 1.4574E-08 1.5209E-08 1.5827E-08 1.6423E-08 1.6987E-08 1.7509E-08 1.7981E-08 1.8386E-08 1.8721E-08 1.8973E-08 1.9134E-08 1.9192E-08 1.9139E-08 1.8964E-08 1.8673E-08 1.8251E-08 1.7709E-08 1.7047E-08 1.6285E-08 1.5445E-08 1.4539E-08 1.3587E-08 1.2614E-08 1.1645E-08 1.0690E-08 9.7852E-09 8.9271E-09 8.1436E-09 7.4386E-09
3.0148E-09 3.1786E-09 3.3482E-09 3.5299E-09 3.7262E-09 3.9337E-09 4.1501E-09 4.3793E-09 4.6224E-09 4.8757E-09 5.1393E-09 5.4173E-09 5.7120E-09 6.0203E-09 6.3495E-09 6.6939E-09 7.0594E-09 7.4487E-09 7.8563E-09 8.2933E-09 8.7528E-09 9.2415E-09 9.7562E-09 1.0298E-08 1.0866E-08 1.1455E-08 1.2067E-08 1.2693E-08 1.3335E-08 1.3980E-08 1.4626E-08 1.5265E-08 1.5885E-08 1.6481E-08 1.7044E-08 1.7562E-08 1.8030E-08 1.8430E-08 1.8752E-08 1.8984E-08 1.9116E-08 1.9136E-08 1.9028E-08 1.8790E-08 1.8421E-08 1.7926E-08 1.7312E-08 1.6588E-08 1.5771E-08 1.4880E-08 1.3926E-08 1.2948E-08 1.1946E-08 1.0969E-08 1.0014E-08 9.1166E-09 8.2846E-09
2.8254E-09 2.9694E-09 3.1244E-09 3.2836E-09 3.4568E-09 3.6393E-09 3.8321E-09 4.0284E-09 4.2405E-09 4.4642E-09 4.6973E-09 4.9405E-09 5.1957E-09 5.4652E-09 5.7506E-09 6.0499E-09 6.3676E-09 6.7063E-09 7.0662E-09 7.4508E-09 7.8611E-09 8.3012E-09 8.7691E-09 9.2673E-09 9.7982E-09 1.0355E-08 1.0942E-08 1.1551E-08 1.2186E-08 1.2834E-08 1.3495E-08 1.4161E-08 1.4826E-08 1.5485E-08 1.6128E-08 1.6752E-08 1.7342E-08 1.7880E-08 1.8359E-08 1.8763E-08 1.9077E-08 1.9291E-08 1.9390E-08 1.9360E-08 1.9193E-08 1.8887E-08 1.8445E-08 1.7871E-08 1.7177E-08 1.6375E-08 1.5478E-08 1.4516E-08 1.3503E-08 1.2465E-08 1.1427E-08 1.0409E-08 9.4411E-09
2.6607E-09 2.7906E-09 2.9206E-09 3.0617E-09 3.2148E-09 3.3734E-09 3.5384E-09 3.7153E-09 3.9027E-09 4.0945E-09 4.3004E-09 4.5141E-09 4.7413E-09 4.9723E-09 5.2217E-09 5.4814E-09 5.7594E-09 6.0516E-09 6.3664E-09 6.7062E-09 7.0687E-09 7.4650E-09 7.8885E-09 8.3440E-09 8.8354E-09 9.3605E-09 9.9183E-09 1.0502E-08 1.1119E-08 1.1756E-08 1.2422E-08 1.3104E-08 1.3805E-08 1.4517E-08 1.5230E-08 1.5939E-08 1.6635E-08 1.7302E-08 1.7936E-08 1.8511E-08 1.9014E-08 1.9427E-08 1.9734E-08 1.9919E-08 1.9971E-08 1.9879E-08 1.9637E-08 1.9250E-08 1.8711E-08 1.8044E-08 1.7254E-08 1.6349E-08 1.5363E-08 1.4291E-08 1.3186E-08 1.2063E-08 1.0951E-08
2.5119E-09 2.6243E-09 2.7444E-09 2.8714E-09 3.0006E-09 3.1368E-09 3.2849E-09 3.4385E-09 3.5977E-09 3.7702E-09 3.9483E-09 4.1331E-09 4.3330E-09 4.5384E-09 4.7577E-09 4.9844E-09 5.2252E-09 5.4818E-09 5.7532E-09 6.0524E-09 6.3738E-09 6.7263E-09 7.1095E-09 7.5219E-09 7.9701E-09 8.4529E-09 8.9745E-09 9.5326E-09 1.0126E-08 1.0755E-08 1.1419E-08 1.2110E-08 1.2842E-08 1.3590E-08 1.4358E-08 1.5144E-08 1.5938E-08 1.6721E-08 1.7489E-08 1.8218E-08 1.8894E-08 1.9498E-08 2.0014E-08 2.0421E-08 2.0699E-08 2.0840E-08 2.0829E-08 2.0663E-08 2.0335E-08 1.9842E-08 1.9199E-08 1.8394E-08 1.7470E-08 1.6417E-08 1.5282E-08 1.4086E-08 1.2848E-08
2.3789E-09 2.4812E-09 2.5884E-09 2.6973E-09 2.8157E-09 2.9326E-09 3.0584E-09 3.1931E-09 3.3318E-09 3.4834E-09 3.6343E-09 3.7991E-09 3.9687E-09 4.1498E-09 4.3467E-09 4.5411E-09 4.7586E-09 4.9809E-09 5.2231E-09 5.4824E-09 5.7667E-09 6.0792E-09 6.4167E-09 6.7890E-09 7.1977E-09 7.6401E-09 8.1288E-09 8.6588E-09 9.2268E-09 9.8348E-09 1.0487E-08 1.1182E-08 1.1924E-08 1.2700E-08 1.3511E-08 1.4356E-08 1.5225E-08 1.6106E-08 1.6992E-08 1.7860E-08 1.8695E-08 1.9481E-08 2.0194E-08 2.0816E-08 2.1330E-08 2.1714E-08 2.1953E-08 2.2030E-08 2.1937E-08 2.1662E-08 2.1211E-08 2.0572E-08 1.9764E-08 1.8794E-08 1.7677E-08 1.6448E-08 1.5124E-08
2.2608E-09 2.3536E-09 2.4490E-09 2.5452E-09 2.6510E-09 2.7518E-09 2.8656E-09 2.9780E-09 3.0990E-09 3.2289E-09 3.3599E-09 3.5029E-09 3.6497E-09 3.8089E-09 3.9761E-09 4.1513E-09 4.3413E-09 4.5402E-09 4.7503E-09 4.9843E-09 5.2285E-09 5.5045E-09 5.8061E-09 6.1360E-09 6.5071E-09 6.9116E-09 7.3597E-09 7.8541E-09 8.3950E-09 8.9847E-09 9.6245E-09 1.0314E-08 1.1056E-08 1.1845E-08 1.2683E-08 1.3572E-08 1.4496E-08 1.5451E-08 1.6427E-08 1.7407E-08 1.8376E-08 1.9321E-08 2.0216E-08 2.1044E-08 2.1783E-08 2.2405E-08 2.2899E-08 2.3235E-08 2.3407E-08 2.3390E-08 2.3179E-08 2.2762E-08 2.2133E-08 2.1311E-08 2.0276E-08 1.9078E-08 1.7729E-08
2.1532E-09 2.2372E-09 2.3253E-09 2.4112E-09 2.5011E-09 2.5945E-09 2.6936E-09 2.7914E-09 2.8986E-09 3.0047E-09 3.1229E-09 3.2422E-09 3.3699E-09 3.5084E-09 3.6481E-09 3.7972E-09 3.9637E-09 4.1355E-09 4.3150E-09 4.5174E-09 4.7375E-09 4.9690E-09 5.2370E-09 5.5410E-09 5.8733E-09 6.2493E-09 6.6697E-09 7.1321E-09 7.6464E-09 8.2122E-09 8.8302E-09 9.5002E-09 1.0236E-08 1.1024E-08 1.1869E-08 1.2778E-08 1.3732E-08 1.4735E-08 1.5771E-08 1.6836E-08 1.7913E-08 1.8987E-08 2.0037E-08 2.1045E-08 2.1984E-08 2.2831E-08 2.3571E-08 2.4172E-08 2.4621E-08 2.4891E-08 2.4961E-08 2.4818E-08 2.4440E-08 2.3821E-08 2.2957E-08 2.1863E-08 2.0569E-08
2.0614E-09 2.1382E-09 2.2132E-09 2.2927E-09 2.3723E-09 2.4542E-09 2.5451E-09 2.6296E-09 2.7184E-09 2.8186E-09 2.9170E-09 3.0144E-09 3.1223E-09 3.2282E-09 3.3403E-09 3.4653E-09 3.5946E-09 3.7378E-09 3.9020E-09 4.0707E-09 4.2695E-09 4.4968E-09 4.7423E-09 5.0137E-09 5.3226E-09 5.6693E-09 6.0561E-09 6.4932E-09 6.9724E-09 7.5023E-09 8.0922E-09 8.7387E-09 9.4497E-09 1.0219E-08 1.1053E-08 1.1964E-08 1.2925E-08 1.3951E-08 1.5024E-08 1.6141E-08 1.7290E-08 1.8452E-08 1.9619E-08 2.0767E-08 2.1874E-08 2.2918E-08 2.3883E-08 2.4739E-08 2.5464E-08 2.6032E-08 2.6411E-08 2.6575E-08 2.6495E-08 2.6148E-08 2.5537E-08 2.4636E-08 2.3475E-08
1.9913E-09 2.0532E-09 2.1244E-09 2.1894E-09 2.2565E-09 2.3303E-09 2.4070E-09 2.4795E-09 2.5563E-09 2.6336E-09 2.7168E-09 2.8013E-09 2.8929E-09 2.9889E-09 3.0931E-09 3.2016E-09 3.3098E-09 3.4401E-09 3.5799E-09 3.7339E-09 3.9048E-09 4.0979E-09 4.3200E-09 4.5609E-09 4.8416E-09 5.1483E-09 5.5006E-09 5.8974E-09 6.3444E-09 6.8460E-09 7.4098E-09 8.0285E-09 8.7132E-09 9.4555E-09 1.0263E-08 1.1148E-08 1.2088E-08 1.3104E-08 1.4178E-08 1.5310E-08 1.6488E-08 1.7699E-08 1.8938E-08 2.0181E-08 2.1414E-08 2.2615E-08 2.3772E-08 2.4856E-08 2.5839E-08 2.6694E-08 2.7379E-08 2.7865E-08 2.8122E-08 2.8104E-08 2.7808E-08 2.7192E-08 2.6271E-08
1.9442E-09 1.9983E-09 2.0521E-09 2.1137E-09 2.1752E-09 2.2371E-09 2.2999E-09 2.3671E-09 2.4353E-09 2.4989E-09 2.5733E-09 2.6495E-09 2.7308E-09 2.8100E-09 2.9000E-09 2.9916E-09 3.0900E-09 3.2029E-09 3.3152E-09 3.4510E-09 3.5954E-09 3.7685E-09 3.9655E-09 4.1852E-09 4.4413E-09 4.7236E-09 5.0480E-09 5.4121E-09 5.8222E-09 6.2781E-09 6.7953E-09 7.3634E-09 8.0089E-09 8.7027E-09 9.4629E-09 1.0303E-08 1.1202E-08 1.2183E-08 1.3226E-08 1.4340E-08 1.5506E-08 1.6721E-08 1.7988E-08 1.9284E-08 2.0600E-08 2.1912E-08 2.3213E-08 2.4470E-08 2.5667E-08 2.6770E-08 2.7740E-08 2.8551E-08 2.9157E-08 2.9511E-08 2.9585E-08 2.9334E-08 2.8745E-08
1.9026E-09 1.9551E-09 2.0077E-09 2.0618E-09 2.1150E-09 2.1732E-09 2.2297E-09 2.2876E-09 2.3468E-09 2.4070E-09 2.4682E-09 2.5312E-09 2.6022E-09 2.6710E-09 2.7500E-09 2.8310E-09 2.9191E-09 3.0156E-09 3.1174E-09 3.2377E-09 3.3661E-09 3.5159E-09 3.6878E-09 3.8776E-09 4.1008E-09 4.3538E-09 4.6397E-09 4.9659E-09 5.3342E-09 5.7491E-09 6.2165E-09 6.7333E-09 7.3151E-09 7.9506E-09 8.6507E-09 9.4311E-09 1.0273E-08 1.1198E-08 1.2188E-08 1.3258E-08 1.4387E-08 1.5576E-08 1.6830E-08 1.8123E-08 1.9459E-08 2.0815E-08 2.2190E-08 2.3560E-08 2.4911E-08 2.6209E-08 2.7425E-08 2.8534E-08 2.9475E-08 3.0208E-08 3.0683E-08 3.0855E-08 3.0687E-08
1.8643E-09 1.9142E-09 1.9643E-09 2.0152E-09 2.0662E-09 2.1181E-09 2.1702E-09 2.2250E-09 2.2786E-09 2.3341E-09 2.3894E-09 2.4444E-09 2.5078E-09 2.5694E-09 2.6346E-09 2.7030E-09 2.7807E-09 2.8645E-09 2.9505E-09 3.0544E-09 3.1666E-09 3.2978E-09 3.4496E-09 3.6190E-09 3.8150E-09 4.0353E-09 4.2866E-09 4.5732E-09 4.8963E-09 5.2581E-09 5.6693E-09 6.1321E-09 6.6601E-09 7.2388E-09 7.8830E-09 8.6004E-09 9.3729E-09 1.0228E-08 1.1143E-08 1.2133E-08 1.3185E-08 1.4296E-08 1.5485E-08 1.6719E-08 1.8019E-08 1.9353E-08 2.0742E-08 2.2155E-08 2.3590E-08 2.5021E-08 2.6419E-08 2.7771E-08 2.9002E-08 3.0099E-08 3.0975E-08 3.1597E-08 3.1908E-08
1.8268E-09 1.8753E-09 1.9240E-09 1.9730E-09 2.0221E-09 2.0714E-09 2.1209E-09 2.1705E-09 2.2203E-09 2.2713E-09 2.3223E-09 2.3741E-09 2.4269E-09 2.4823E-09 2.5431E-09 2.6050E-09 2.6725E-09 2.7479E-09 2.8286E-09 2.9175E-09 3.0175E-09 3.1344E-09 3.2632E-09 3.4089E-09 3.5773E-09 3.7680E-09 3.9890E-09 4.2399E-09 4.5260E-09 4.8487E-09 5.2171E-09 5.6266E-09 6.0948E-09 6.6086E-09 7.1779E-09 7.8139E-09 8.4998E-09 9.2627E-09 1.0077E-08 1.0966E-08 1.1911E-08 1.2912E-08 1.4000E-08 1.5131E-08 1.6347E-08 1.7603E-08 1.8944E-08 2.0331E-08 2.1774E-08 2.3267E-08 2.4764E-08 2.6285E-08 2.7748E-08 2.9146E-08 3.0402E-08 3.1468E-08 3.2278E-08
1.7901E-09 1.8372E-09 1.8846E-09 1.9322E-09 1.9800E-09 2.0279E-09 2.0760E-09 2.1242E-09 2.1725E-09 2.2209E-09 2.2692E-09 2.3176E-09 2.3676E-09 2.4185E-09 2.4756E-09 2.5322E-09 2.5936E-09 2.6596E-09 2.7318E-09 2.8119E-09 2.9008E-09 3.0013E-09 3.1149E-09 3.2435E-09 3.3913E-09 3.5591E-09 3.7522E-09 3.9702E-09 4.2200E-09 4.4990E-09 4.8181E-09 5.1731E-09 5.5763E-09 6.0195E-09 6.5120E-09 7.0622E-09 7.6542E-09 8.3121E-09 9.0164E-09 9.7887E-09 1.0608E-08 1.1484E-08 1.2440E-08 1.3440E-08 1.4530E-08 1.5666E-08 1.6902E-08 1.8202E-08 1.9575E-08 2.1050E-08 2.2564E-08 2.4171E-08 2.5787E-08 2.7405E-08 2.8987E-08 3.0444E-08 3.1741E-08
1.7541E-09 1.7999E-09 1.8460E-09 1.8923E-09 1.9387E-09 1.9853E-09 2.0321E-09 2.0789E-09 2.1259E-09 2.1728E-09 2.2199E-09 2.2668E-09 2.3151E-09 2.3627E-09 2.4148E-09 2.4691E-09 2.5253E-09 2.5872E-09 2.6511E-09 2.7243E-09 2.8028E-09 2.8927E-09 2.9924E-09 3.1061E-09 3.2340E-09 3.3795E-09 3.5454E-09 3.7319E-09 3.9456E-09 4.1818E-09 4.4539E-09 4.7536E-09 5.0952E-09 5.4690E-09 5.8862E-09 6.3514E-09 6.8510E-09 7.4039E-09 7.9974E-09 8.6423E-09 9.3325E-09 1.0068E-08 1.0879E-08 1.1729E-08 1.2665E-08 1.3649E-08 1.4732E-08 1.5895E-08 1.7146E-08 1.8528E-08 1.9977E-08 2.1578E-08 2.3249E-08 2.5009E-08 2.6808E-08 2.8600E-08 3.0309E-08
1.7189E-09 1.7635E-09 1.8083E-09 1.8533E-09 1.8984E-09 1.9437E-09 1.9892E-09 2.0347E-09 2.0804E-09 2.1260E-09 2.1717E-09 2.2174E-09 2.2638E-09 2.3103E-09 2.3574E-09 2.4091E-09 2.4618E-09 2.5189E-09 2.5790E-09 2.6436E-09 2.7158E-09 2.7938E-09 2.8828E-09 2.9809E-09 3.0916E-09 3.2180E-09 3.3581E-09 3.5177E-09 3.6968E-09 3.8974E-09 4.1230E-09 4.3748E-09 4.6565E-09 4.9679E-09 5.3116E-09 5.6939E-09 6.1075E-09 6.5593E-09 7.0416E-09 7.5680E-09 8.1299E-09 8.7221E-09 9.3834E-09 1.0073E-08 1.0841E-08 1.1656E-08 1.2568E-08 1.3551E-08 1.4642E-08 1.5864E-08 1.7195E-08 1.8697E-08 2.0329E-08 2.2126E-08 2.4038E-08 2.6072E-08 2.8123E-08
1.6844E-09 1.7278E-09 1.7714E-09 1.8152E-09 1.8591E-09 1.9031E-09 1.9473E-09 1.9916E-09 2.0360E-09 2.0804E-09 2.1248E-09 2.1692E-09 2.2139E-09 2.2592E-09 2.3041E-09 2.3512E-09 2.4015E-09 2.4539E-09 2.5105E-09 2.5689E-09 2.6344E-09 2.7039E-09 2.7814E-09 2.8681E-09 2.9628E-09 3.0720E-09 3.1896E-09 3.3265E-09 3.4742E-09 3.6422E-09 3.8279E-09 4.0360E-09 4.2651E-09 4.5183E-09 4.7977E-09 5.1013E-09 5.4345E-09 5.7941E-09 6.1777E-09 6.5903E-09 7.0307E-09 7.4944E-09 8.0125E-09 8.5482E-09 9.1483E-09 9.7911E-09 1.0519E-08 1.1313E-08 1.2213E-08 1.3238E-08 1.4391E-08 1.5738E-08 1.7249E-08 1.8988E-08 2.0920E-08 2.3064E-08 2.5353E-08
1.6507E-09 1.6929E-09 1.7354E-09 1.7779E-09 1.8207E-09 1.8635E-09 1.9065E-09 1.9496E-09 1.9927E-09 2.0359E-09 2.0791E-09 2.1222E-09 2.1653E-09 2.2092E-09 2.2531E-09 2.2973E-09 2.3440E-09 2.3926E-09 2.4446E-09 2.4993E-09 2.5574E-09 2.6214E-09 2.6893E-09 2.7655E-09 2.8481E-09 2.9398E-09 3.0412E-09 3.1540E-09 3.2780E-09 3.4168E-09 3.5680E-09 3.7371E-09 3.9212E-09 4.1245E-09 4.3457E-09 4.5855E-09 4.8459E-09 5.1227E-09 5.4193E-09 5.7310E-09 6.0659E-09 6.4122E-09 6.7975E-09 7.1978E-09 7.6485E-09 8.1261E-09 8.6771E-09 9.2806E-09 9.9807E-09 1.0806E-08 1.1755E-08 1.2901E-08 1.4225E-08 1.5826E-08 1.7677E-08 1.9826E-08 2.2255E-08
1.6177E-09 1.6588E-09 1.7001E-09 1.7416E-09 1.7831E-09 1.8248E-09 1.8667E-09 1.9086E-09 1.9505E-09 1.9925E-09 2.0345E-09 2.0765E-09 2.1185E-09 2.1606E-09 2.2034E-09 2.2458E-09 2.2896E-09 2.3352E-09 2.3830E-09 2.4336E-09 2.4864E-09 2.5437E-09 2.6059E-09 2.6706E-09 2.7447E-09 2.8218E-09 2.9091E-09 3.0034E-09 3.1056E-09 3.2209E-09 3.3426E-09 3.4782E-09 3.6253E-09 3.7840E-09 3.9562E-09 4.1409E-09 4.3384E-09 4.5458E-09 4.7690E-09 4.9961E-09 5.2394E-09 5.4911E-09 5.7631E-09 6.0493E-09 6.3635E-09 6.7044E-09 7.1015E-09 7.5375E-09 8.0537E-09 8.6775E-09 9.4057E-09 1.0338E-08 1.1442E-08 1.2836E-08 1.4524E-08 1.6579E-08 1.9023E-08
1.5855E-09 1.6255E-09 1.6657E-09 1.7061E-09 1.7465E-09 1.7871E-09 1.8278E-09 1.8686E-09 1.9094E-09 1.9503E-09 1.9912E-09 2.0321E-09 2.0729E-09 2.1137E-09 2.1549E-09 2.1965E-09 2.2378E-09 2.2809E-09 2.3248E-09 2.3718E-09 2.4208E-09 2.4718E-09 2.5280E-09 2.5853E-09 2.6494E-09 2.7172E-09 2.7899E-09 2.8696E-09 2.9548E-09 3.0481E-09 3.1475E-09 3.2554E-09 3.3708E-09 3.4925E-09 3.6258E-09 3.7624E-09 3.9100E-09 4.0622E-09 4.2220E-09 4.3876E-09 4.5580E-09 4.7348E-09 4.9193E-09 5.1144E-09 5.3245E-09 5.5536E-09 5.8183E-09 6.1181E-09 6.4703E-09 6.9170E-09 7.4455E-09 8.1577E-09 9.0201E-09 1.0171E-08 1.1638E-08 1.3513E-08 1.5842E-08
1.5522E-09 1.5921E-09 1.6321E-09 1.6714E-09 1.7108E-09 1.7503E-09 1.7900E-09 1.8297E-09 1.8694E-09 1.9092E-09 1.9490E-09 1.9888E-09 2.0286E-09 2.0683E-09 2.1079E-09 2.1482E-09 2.1885E-09 2.2291E-09 2.2711E-09 2.3135E-09 2.3595E-09 2.4060E-09 2.4560E-09 2.5083E-09 2.5636E-09 2.6229E-09 2.6855E-09 2.7518E-09 2.8237E-09 2.8980E-09 2.9805E-09 3.0650E-09 3.1557E-09 3.2500E-09 3.3491E-09 3.4524E-09 3.5599E-09 3.6709E-09 3.7806E-09 3.8981E-09 4.0134E-09 4.1315E-09 4.2558E-09 4.3796E-09 4.5151E-09 4.6635E-09 4.8232E-09 5.0173E-09 5.2417E-09 5.5361E-09 5.8975E-09 6.3925E-09 7.0369E-09 7.9175E-09 9.1183E-09 1.0713E-08 1.2848E-08
1.5197E-09 1.5595E-09 1.5984E-09 1.6376E-09 1.6760E-09 1.7145E-09 1.7531E-09 1.7917E-09 1.8305E-09 1.8692E-09 1.9080E-09 1.9468E-09 1.9855E-09 2.0242E-09 2.0628E-09 2.1013E-09 2.1407E-09 2.1798E-09 2.2195E-09 2.2603E-09 2.3012E-09 2.3460E-09 2.3901E-09 2.4377E-09 2.4874E-09 2.5383E-09 2.5930E-09 2.6495E-09 2.7093E-09 2.7714E-09 2.8374E-09 2.9054E-09 2.9778E-09 3.0503E-09 3.1259E-09 3.2022E-09 3.2784E-09 3.3559E-09 3.4350E-09 3.5127E-09 3.5916E-09 3.6689E-09 3.7459E-09 3.8273E-09 3.9054E-09 3.9964E-09 4.0855E-09 4.1984E-09 4.3358E-09 4.5078E-09 4.7405E-09 5.0570E-09 5.4919E-09 6.1185E-09 7.0046E-09 8.2816E-09 1.0086E-08
1.4890E-09 1.5267E-09 1.5656E-09 1.6037E-09 1.6420E-09 1.6795E-09 1.7171E-09 1.7548E-09 1.7925E-09 1.8303E-09 1.8681E-09 1.9058E-09 1.9436E-09 1.9813E-09 2.0190E-09 2.0565E-09 2.0940E-09 2.1324E-09 2.1703E-09 2.2090E-09 2.2486E-09 2.2881E-09 2.3307E-09 2.3730E-09 2.4174E-09 2.4641E-09 2.5096E-09 2.5607E-09 2.6105E-09 2.6634E-09 2.7182E-09 2.7718E-09 2.8316E-09 2.8879E-09 2.9472E-09 3.0048E-09 3.0612E-09 3.1179E-09 3.1699E-09 3.2215E-09 3.2702E-09 3.3214E-09 3.3699E-09 3.4171E-09 3.4647E-09 3.5103E-09 3.5640E-09 3.6135E-09 3.6842E-09 3.7656E-09 3.8969E-09 4.0716E-09 4.3226E-09 4.7253E-09 5.3064E-09 6.2320E-09 7.6272E-09
1.4573E-09 1.4949E-09 1.5327E-09 1.5698E-09 1.6080E-09 1.6445E-09 1.6821E-09 1.7188E-09 1.7556E-09 1.7924E-09 1.8292E-09 1.8660E-09 1.9029E-09 1.9396E-09 1.9764E-09 2.0130E-09 2.0496E-09 2.0860E-09 2.1233E-09 2.1603E-09 2.1976E-09 2.2362E-09 2.2734E-09 2.3145E-09 2.3537E-09 2.3957E-09 2.4379E-09 2.4806E-09 2.5259E-09 2.5695E-09 2.6162E-09 2.6624E-09 2.7087E-09 2.7558E-09 2.8031E-09 2.8491E-09 2.8931E-09 2.9353E-09 2.9746E-09 3.0108E-09 3.0405E-09 3.0672E-09 3.0898E-09 3.1049E-09 3.1239E-09 3.1444E-09 3.1636E-09 3.1772E-09 3.2041E-09 3.2012E-09 3.2369E-09 3.3492E-09 3.5071E-09 3.7388E-09 4.1022E-09 4.6843E-09 5.6489E-09
