Assets/Resources/2015_m01_d03_0200(utc+0800)_l00_csi_1hr_conc.grd
DSAA
         159         159
     -79.000      79.000
     -79.000      79.000
  0.0000E+00  0.5330E-04
[rows 0 to 24 of 159, columns 0 to 56 of 159]
2.2348E-10 2.4052E-10 2.6050E-10 2.8017E-10 3.0298E-10 3.2712E-10 3.5144E-10 3.7838E-10 4.0639E-10 4.3675E-10 4.6769E-10 5.0134E-10 5.3598E-10 5.7163E-10 6.0918E-10 6.4858E-10 6.8839E-10 7.3039E-10 7.7343E-10 8.1689E-10 8.6245E-10 9.0880E-10 9.5487E-10 1.0033E-09 1.0505E-09 1.0994E-09 1.1495E-09 1.1971E-09 1.2470E-09 1.2941E-09 1.3440E-09 1.3929E-09 1.4379E-09 1.4846E-09 1.5270E-09 1.5674E-09 1.6102E-09 1.6507E-09 1.6849E-09 1.7206E-09 1.7497E-09 1.7757E-09 1.8036E-09 1.8232E-09 1.8451E-09 1.8589E-09 1.8704E-09 1.8841E-09 1.8901E-09 1.8941E-09 1.8956E-09 1.8998E-09 1.8973E-09 1.8921E-09 1.8902E-09 1.8816E-09 1.8705E-09
2.2909E-10 2.4641E-10 2.6661E-10 2.8679E-10 3.0982E-10 3.3449E-10 3.5928E-10 3.8710E-10 4.1534E-10 4.4598E-10 4.7830E-10 5.1260E-10 5.4759E-10 5.8451E-10 6.2334E-10 6.6347E-10 7.0446E-10 7.4728E-10 7.9177E-10 8.3639E-10 8.8298E-10 9.2952E-10 9.7847E-10 1.0278E-09 1.0763E-09 1.1274E-09 1.1785E-09 1.2276E-09 1.2795E-09 1.3281E-09 1.3790E-09 1.4290E-09 1.4756E-09 1.5208E-09 1.5683E-09 1.6140E-09 1.6542E-09 1.6957E-09 1.7317E-09 1.7648E-09 1.8000E-09 1.8277E-09 1.8566E-09 1.8780E-09 1.8958E-09 1.9155E-09 1.9273E-09 1.9369E-09 1.9486E-09 1.9525E-09 1.9544E-09 1.9588E-09 1.9560E-09 1.9515E-09 1.9505E-09 1.9417E-09 1.9309E-09
2.3471E-10 2.5345E-10 2.7289E-10 2.9333E-10 3.1691E-10 3.4128E-10 3.6716E-10 3.9545E-10 4.2411E-10 4.5605E-10 4.8811E-10 5.2329E-10 5.5902E-10 5.9759E-10 6.3712E-10 6.7771E-10 7.2016E-10 7.6441E-10 8.0901E-10 8.5566E-10 9.0385E-10 9.5175E-10 1.0016E-09 1.0529E-09 1.1028E-09 1.1550E-09 1.2055E-09 1.2587E-09 1.3117E-09 1.3618E-09 1.4138E-09 1.4627E-09 1.5140E-09 1.5639E-09 1.6095E-09 1.6531E-09 1.6981E-09 1.7377E-09 1.7792E-09 1.8141E-09 1.8501E-09 1.8793E-09 1.9054E-09 1.9321E-09 1.9516E-09 1.9674E-09 1.9856E-09 1.9951E-09 2.0025E-09 2.0121E-09 2.0138E-09 2.0199E-09 2.0171E-09 2.0123E-09 2.0056E-09 1.9962E-09 1.9852E-09
2.4130E-10 2.6011E-10 2.7948E-10 3.0002E-10 3.2391E-10 3.4787E-10 3.7489E-10 4.0386E-10 4.3297E-10 4.6541E-10 4.9829E-10 5.3375E-10 5.7103E-10 6.1029E-10 6.5031E-10 6.9223E-10 7.3608E-10 7.8049E-10 8.2702E-10 8.7516E-10 9.2334E-10 9.7353E-10 1.0252E-09 1.0760E-09 1.1290E-09 1.1831E-09 1.2351E-09 1.2895E-09 1.3435E-09 1.3952E-09 1.4493E-09 1.4997E-09 1.5521E-09 1.6005E-09 1.6501E-09 1.6955E-09 1.7426E-09 1.7839E-09 1.8265E-09 1.8627E-09 1.8964E-09 1.9305E-09 1.9581E-09 1.9874E-09 2.0079E-09 2.0252E-09 2.0438E-09 2.0547E-09 2.0619E-09 2.0734E-09 2.0757E-09 2.0752E-09 2.0728E-09 2.0730E-09 2.0659E-09 2.0571E-09 2.0522E-09
2.4744E-10 2.6622E-10 2.8608E-10 3.0867E-10 3.3106E-10 3.5533E-10 3.8298E-10 4.1210E-10 4.4193E-10 4.7481E-10 5.0826E-10 5.4509E-10 5.8218E-10 6.2243E-10 6.6324E-10 7.0695E-10 7.5159E-10 7.9722E-10 8.4513E-10 8.9431E-10 9.4373E-10 9.9572E-10 1.0485E-09 1.1007E-09 1.1556E-09 1.2108E-09 1.2644E-09 1.3199E-09 1.3733E-09 1.4293E-09 1.4845E-09 1.5365E-09 1.5874E-09 1.6397E-09 1.6917E-09 1.7386E-09 1.7870E-09 1.8297E-09 1.8701E-09 1.9113E-09 1.9462E-09 1.9829E-09 2.0117E-09 2.0373E-09 2.0644E-09 2.0827E-09 2.0977E-09 2.1151E-09 2.1237E-09 2.1288E-09 2.1369E-09 2.1368E-09 2.1340E-09 2.1361E-09 2.1288E-09 2.1196E-09 2.1153E-09
2.5303E-10 2.7228E-10 2.9423E-10 3.1588E-10 3.3869E-10 3.6397E-10 3.9093E-10 4.1966E-10 4.5070E-10 4.8435E-10 5.1822E-10 5.5570E-10 5.9362E-10 6.3428E-10 6.7677E-10 7.2122E-10 7.6646E-10 8.1395E-10 8.6293E-10 9.1240E-10 9.6445E-10 1.0174E-09 1.0702E-09 1.1258E-09 1.1818E-09 1.2366E-09 1.2932E-09 1.3508E-09 1.4059E-09 1.4629E-09 1.5171E-09 1.5727E-09 1.6252E-09 1.6798E-09 1.7298E-09 1.7813E-09 1.8277E-09 1.8721E-09 1.9170E-09 1.9605E-09 1.9972E-09 2.0305E-09 2.0652E-09 2.0921E-09 2.1156E-09 2.1415E-09 2.1574E-09 2.1755E-09 2.1846E-09 2.1906E-09 2.2000E-09 2.2004E-09 2.1978E-09 2.1996E-09 2.1928E-09 2.1831E-09 2.1717E-09
2.5855E-10 2.7984E-10 3.0084E-10 3.2302E-10 3.4746E-10 3.7274E-10 3.9903E-10 4.2759E-10 4.5978E-10 4.9367E-10 5.2836E-10 5.6624E-10 6.0490E-10 6.4693E-10 6.8937E-10 7.3492E-10 7.8105E-10 8.3042E-10 8.7972E-10 9.3164E-10 9.8465E-10 1.0395E-09 1.0938E-09 1.1504E-09 1.2075E-09 1.2638E-09 1.3226E-09 1.3792E-09 1.4379E-09 1.4942E-09 1.5518E-09 1.6097E-09 1.6638E-09 1.7195E-09 1.7710E-09 1.8208E-09 1.8716E-09 1.9212E-09 1.9649E-09 2.0057E-09 2.0475E-09 2.0827E-09 2.1141E-09 2.1477E-09 2.1726E-09 2.1991E-09 2.2173E-09 2.2306E-09 2.2475E-09 2.2540E-09 2.2575E-09 2.2645E-09 2.2624E-09 2.2574E-09 2.2571E-09 2.2480E-09 2.2360E-09
2.6505E-10 2.8588E-10 3.0738E-10 3.3061E-10 3.5574E-10 3.8112E-10 4.0781E-10 4.3781E-10 4.6876E-10 5.0328E-10 5.3825E-10 5.7702E-10 6.1603E-10 6.5891E-10 7.0217E-10 7.4830E-10 7.9618E-10 8.4683E-10 8.9748E-10 9.5032E-10 1.0051E-09 1.0598E-09 1.1167E-09 1.1745E-09 1.2317E-09 1.2915E-09 1.3513E-09 1.4097E-09 1.4677E-09 1.5273E-09 1.5873E-09 1.6438E-09 1.7019E-09 1.7563E-09 1.8092E-09 1.8630E-09 1.9161E-09 1.9637E-09 2.0121E-09 2.0547E-09 2.0940E-09 2.1349E-09 2.1684E-09 2.2029E-09 2.2294E-09 2.2521E-09 2.2772E-09 2.2929E-09 2.3101E-09 2.3179E-09 2.3219E-09 2.3299E-09 2.3276E-09 2.3230E-09 2.3227E-09 2.3130E-09 2.3016E-09
2.7104E-10 2.9183E-10 3.1434E-10 3.3874E-10 3.6342E-10 3.8941E-10 4.1841E-10 4.4726E-10 4.7789E-10 5.1284E-10 5.4839E-10 5.8751E-10 6.2745E-10 6.7067E-10 7.1488E-10 7.6236E-10 8.1038E-10 8.6220E-10 9.1389E-10 9.6833E-10 1.0240E-09 1.0811E-09 1.1392E-09 1.1988E-09 1.2577E-09 1.3186E-09 1.3783E-09 1.4395E-09 1.5015E-09 1.5610E-09 1.6221E-09 1.6803E-09 1.7374E-09 1.7955E-09 1.8532E-09 1.9061E-09 1.9571E-09 2.0092E-09 2.0559E-09 2.1037E-09 2.1449E-09 2.1874E-09 2.2221E-09 2.2537E-09 2.2868E-09 2.3111E-09 2.3372E-09 2.3537E-09 2.3668E-09 2.3824E-09 2.3873E-09 2.3886E-09 2.3940E-09 2.3891E-09 2.3819E-09 2.3793E-09 2.3674E-09
2.7643E-10 2.9768E-10 3.2183E-10 3.4576E-10 3.7100E-10 3.9924E-10 4.2738E-10 4.5692E-10 4.8900E-10 5.2258E-10 5.5850E-10 5.9820E-10 6.3857E-10 6.8278E-10 7.2728E-10 7.7583E-10 8.2465E-10 8.7537E-10 9.3126E-10 9.8571E-10 1.0437E-09 1.1010E-09 1.1619E-09 1.2214E-09 1.2830E-09 1.3439E-09 1.4064E-09 1.4698E-09 1.5312E-09 1.5942E-09 1.6547E-09 1.7144E-09 1.7778E-09 1.8354E-09 1.8915E-09 1.9487E-09 2.0012E-09 2.0516E-09 2.1032E-09 2.1530E-09 2.1956E-09 2.2353E-09 2.2767E-09 2.3095E-09 2.3389E-09 2.3695E-09 2.3913E-09 2.4163E-09 2.4301E-09 2.4472E-09 2.4531E-09 2.4551E-09 2.4535E-09 2.4564E-09 2.4489E-09 2.4392E-09 2.4343E-09
2.8173E-10 3.0506E-10 3.2820E-10 3.5266E-10 3.8009E-10 4.0745E-10 4.3624E-10 4.6755E-10 4.9994E-10 5.3330E-10 5.6874E-10 6.0895E-10 6.4982E-10 6.9455E-10 7.4009E-10 7.8729E-10 8.3890E-10 8.9041E-10 9.4721E-10 1.0029E-09 1.0621E-09 1.1220E-09 1.1829E-09 1.2450E-09 1.3068E-09 1.3702E-09 1.4349E-09 1.4979E-09 1.5626E-09 1.6252E-09 1.6872E-09 1.7528E-09 1.8133E-09 1.8724E-09 1.9325E-09 1.9884E-09 2.0423E-09 2.0974E-09 2.1508E-09 2.1978E-09 2.2469E-09 2.2880E-09 2.3259E-09 2.3651E-09 2.3957E-09 2.4293E-09 2.4523E-09 2.4779E-09 2.4936E-09 2.5046E-09 2.5186E-09 2.5218E-09 2.5209E-09 2.5244E-09 2.5171E-09 2.5069E-09 2.5023E-09
2.8799E-10 3.1082E-10 3.3446E-10 3.6052E-10 3.8757E-10 4.1554E-10 4.4551E-10 4.7763E-10 5.1023E-10 5.4436E-10 5.8178E-10 6.1985E-10 6.6116E-10 7.0526E-10 7.5252E-10 8.0080E-10 8.5274E-10 9.0547E-10 9.6308E-10 1.0198E-09 1.0814E-09 1.1414E-09 1.2047E-09 1.2672E-09 1.3328E-09 1.3969E-09 1.4614E-09 1.5275E-09 1.5920E-09 1.6562E-09 1.7237E-09 1.7867E-09 1.8487E-09 1.9116E-09 1.9708E-09 2.0311E-09 2.0899E-09 2.1435E-09 2.1945E-09 2.2473E-09 2.2931E-09 2.3402E-09 2.3796E-09 2.4215E-09 2.4540E-09 2.4881E-09 2.5130E-09 2.5335E-09 2.5560E-09 2.5690E-09 2.5770E-09 2.5890E-09 2.5892E-09 2.5853E-09 2.5861E-09 2.5760E-09 2.5630E-09
2.9368E-10 3.1646E-10 3.4112E-10 3.6782E-10 3.9492E-10 4.2349E-10 4.5528E-10 4.8704E-10 5.2036E-10 5.5697E-10 5.9363E-10 6.3194E-10 6.7264E-10 7.1844E-10 7.6493E-10 8.1393E-10 8.6696E-10 9.2010E-10 9.7901E-10 1.0365E-09 1.0992E-09 1.1606E-09 1.2252E-09 1.2903E-09 1.3552E-09 1.4217E-09 1.4890E-09 1.5552E-09 1.6244E-09 1.6905E-09 1.7560E-09 1.8225E-09 1.8862E-09 1.9485E-09 2.0117E-09 2.0739E-09 2.1311E-09 2.1897E-09 2.2425E-09 2.2924E-09 2.3436E-09 2.3930E-09 2.4345E-09 2.4720E-09 2.5113E-09 2.5416E-09 2.5672E-09 2.5950E-09 2.6200E-09 2.6338E-09 2.6438E-09 2.6562E-09 2.6576E-09 2.6548E-09 2.6476E-09 2.6459E-09 2.6330E-09
2.9874E-10 3.2197E-10 3.4826E-10 3.7445E-10 4.0212E-10 4.3297E-10 4.6384E-10 4.9629E-10 5.3201E-10 5.6785E-10 6.0533E-10 6.4446E-10 6.8708E-10 7.3067E-10 7.7763E-10 8.2695E-10 8.8081E-10 9.3502E-10 9.9448E-10 1.0533E-09 1.1168E-09 1.1794E-09 1.2465E-09 1.3120E-09 1.3782E-09 1.4474E-09 1.5150E-09 1.5854E-09 1.6535E-09 1.7211E-09 1.7899E-09 1.8562E-09 1.9214E-09 1.9901E-09 2.0528E-09 2.1136E-09 2.1756E-09 2.2323E-09 2.2896E-09 2.3460E-09 2.3949E-09 2.4410E-09 2.4883E-09 2.5278E-09 2.5631E-09 2.5997E-09 2.6341E-09 2.6574E-09 2.6767E-09 2.6986E-09 2.7094E-09 2.7163E-09 2.7181E-09 2.7239E-09 2.7182E-09 2.7164E-09 2.7037E-09
3.0367E-10 3.2897E-10 3.5423E-10 3.8094E-10 4.1027E-10 4.4073E-10 4.7224E-10 5.0647E-10 5.4194E-10 5.7854E-10 6.1683E-10 6.5856E-10 7.0042E-10 7.4408E-10 7.9048E-10 8.4209E-10 8.9445E-10 9.4961E-10 1.0101E-09 1.0696E-09 1.1346E-09 1.1980E-09 1.2664E-09 1.3333E-09 1.4010E-09 1.4717E-09 1.5422E-09 1.6127E-09 1.6823E-09 1.7531E-09 1.8219E-09 1.8915E-09 1.9609E-09 2.0268E-09 2.0937E-09 2.1563E-09 2.2168E-09 2.2778E-09 2.3380E-09 2.3912E-09 2.4459E-09 2.4932E-09 2.5376E-09 2.5825E-09 2.6257E-09 2.6592E-09 2.6882E-09 2.7196E-09 2.7401E-09 2.7564E-09 2.7683E-09 2.7827E-09 2.7864E-09 2.7936E-09 2.7885E-09 2.7798E-09 2.7751E-09
3.0952E-10 3.3430E-10 3.6003E-10 3.8835E-10 4.1779E-10 4.4831E-10 4.8100E-10 5.1601E-10 5.5167E-10 5.8903E-10 6.2984E-10 6.7085E-10 7.1360E-10 7.5811E-10 8.0628E-10 8.5575E-10 9.0861E-10 9.6389E-10 1.0255E-09 1.0860E-09 1.1518E-09 1.2166E-09 1.2860E-09 1.3543E-09 1.4234E-09 1.4969E-09 1.5677E-09 1.6398E-09 1.7122E-09 1.7833E-09 1.8552E-09 1.9270E-09 1.9959E-09 2.0657E-09 2.1318E-09 2.1960E-09 2.2642E-09 2.3244E-09 2.3819E-09 2.4406E-09 2.4925E-09 2.5414E-09 2.5907E-09 2.6387E-09 2.6773E-09 2.7121E-09 2.7487E-09 2.7749E-09 2.7970E-09 2.8206E-09 2.8417E-09 2.8510E-09 2.8553E-09 2.8555E-09 2.8596E-09 2.8519E-09 2.8479E-09
3.1476E-10 3.3948E-10 3.6621E-10 3.9512E-10 4.2460E-10 4.5569E-10 4.9019E-10 5.2481E-10 5.6117E-10 6.0043E-10 6.4104E-10 6.8289E-10 7.2654E-10 7.7317E-10 8.2115E-10 8.7050E-10 9.2295E-10 9.8203E-10 1.0406E-09 1.1022E-09 1.1690E-09 1.2348E-09 1.3056E-09 1.3748E-09 1.4455E-09 1.5205E-09 1.5929E-09 1.6654E-09 1.7406E-09 1.8148E-09 1.8885E-09 1.9602E-09 2.0328E-09 2.1022E-09 2.1698E-09 2.2411E-09 2.3053E-09 2.3670E-09 2.4296E-09 2.4860E-09 2.5430E-09 2.5981E-09 2.6456E-09 2.6890E-09 2.7344E-09 2.7707E-09 2.8028E-09 2.8363E-09 2.8668E-09 2.8863E-09 2.9008E-09 2.9184E-09 2.9247E-09 2.9268E-09 2.9305E-09 2.9231E-09 2.9122E-09
3.1933E-10 3.4447E-10 3.7280E-10 4.0119E-10 4.3120E-10 4.6456E-10 4.9810E-10 5.3339E-10 5.7101E-10 6.1112E-10 6.5198E-10 6.9466E-10 7.4037E-10 7.8748E-10 8.3587E-10 8.8608E-10 9.4051E-10 9.9737E-10 1.0564E-09 1.1179E-09 1.1860E-09 1.2529E-09 1.3237E-09 1.3955E-09 1.4671E-09 1.5438E-09 1.6177E-09 1.6919E-09 1.7699E-09 1.8444E-09 1.9199E-09 1.9950E-09 2.0674E-09 2.1402E-09 2.2127E-09 2.2806E-09 2.3492E-09 2.4128E-09 2.4736E-09 2.5347E-09 2.5942E-09 2.6465E-09 2.6994E-09 2.7449E-09 2.7861E-09 2.8286E-09 2.8687E-09 2.8985E-09 2.9239E-09 2.9519E-09 2.9687E-09 2.9812E-09 2.9938E-09 2.9969E-09 2.9956E-09 2.9903E-09 2.9799E-09
3.2373E-10 3.5038E-10 3.7817E-10 4.0705E-10 4.3870E-10 4.7163E-10 5.0578E-10 5.4171E-10 5.8123E-10 6.2100E-10 6.6263E-10 7.0673E-10 7.5343E-10 8.0090E-10 8.5026E-10 9.0368E-10 9.5814E-10 1.0137E-09 1.0725E-09 1.1379E-09 1.2028E-09 1.2707E-09 1.3403E-09 1.4156E-09 1.4888E-09 1.5666E-09 1.6422E-09 1.7179E-09 1.7977E-09 1.8738E-09 1.9525E-09 2.0277E-09 2.1033E-09 2.1789E-09 2.2504E-09 2.3225E-09 2.3902E-09 2.4552E-09 2.5243E-09 2.5843E-09 2.6413E-09 2.6988E-09 2.7493E-09 2.7955E-09 2.8428E-09 2.8877E-09 2.9231E-09 2.9545E-09 2.9883E-09 3.0119E-09 3.0341E-09 3.0473E-09 3.0567E-09 3.0609E-09 3.0605E-09 3.0545E-09 3.0444E-09
3.2848E-10 3.5562E-10 3.8334E-10 4.1325E-10 4.4550E-10 4.7846E-10 5.1320E-10 5.5094E-10 5.9010E-10 6.3059E-10 6.7299E-10 7.1915E-10 7.6560E-10 8.1399E-10 8.6539E-10 9.2006E-10 9.7455E-10 1.0309E-09 1.0917E-09 1.1550E-09 1.2204E-09 1.2882E-09 1.3614E-09 1.4355E-09 1.5100E-09 1.5893E-09 1.6662E-09 1.7436E-09 1.8251E-09 1.9029E-09 1.9833E-09 2.0621E-09 2.1398E-09 2.2147E-09 2.2902E-09 2.3617E-09 2.4310E-09 2.5036E-09 2.5682E-09 2.6300E-09 2.6919E-09 2.7474E-09 2.8025E-09 2.8562E-09 2.9006E-09 2.9413E-09 2.9841E-09 3.0183E-09 3.0510E-09 3.0748E-09 3.0953E-09 3.1097E-09 3.1195E-09 3.1239E-09 3.1233E-09 3.1196E-09 3.1110E-09
3.3309E-10 3.6014E-10 3.8829E-10 4.1927E-10 4.5153E-10 4.8503E-10 5.2150E-10 5.5940E-10 5.9867E-10 6.3986E-10 6.8481E-10 7.3012E-10 7.7741E-10 8.2669E-10 8.8141E-10 9.3500E-10 9.9055E-10 1.0492E-09 1.1111E-09 1.1730E-09 1.2383E-09 1.3078E-09 1.3812E-09 1.4551E-09 1.5308E-09 1.6116E-09 1.6900E-09 1.7689E-09 1.8521E-09 1.9316E-09 2.0153E-09 2.0943E-09 2.1737E-09 2.2523E-09 2.3275E-09 2.4026E-09 2.4769E-09 2.5460E-09 2.6153E-09 2.6788E-09 2.7391E-09 2.7990E-09 2.8575E-09 2.9072E-09 2.9533E-09 3.0026E-09 3.0407E-09 3.0785E-09 3.1093E-09 3.1355E-09 3.1569E-09 3.1725E-09 3.1825E-09 3.1890E-09 3.1908E-09 3.1871E-09 3.1795E-09
3.3753E-10 3.6445E-10 3.9412E-10 4.2509E-10 4.5731E-10 4.9190E-10 5.2902E-10 5.6699E-10 6.0691E-10 6.4998E-10 6.9462E-10 7.4071E-10 7.8884E-10 8.4237E-10 8.9492E-10 9.4951E-10 1.0072E-09 1.0683E-09 1.1292E-09 1.1920E-09 1.2582E-09 1.3292E-09 1.4008E-09 1.4747E-09 1.5513E-09 1.6333E-09 1.7134E-09 1.7939E-09 1.8786E-09 1.9599E-09 2.0454E-09 2.1261E-09 2.2089E-09 2.2877E-09 2.3670E-09 2.4442E-09 2.5176E-09 2.5910E-09 2.6592E-09 2.7244E-09 2.7930E-09 2.8523E-09 2.9073E-09 2.9642E-09 3.0132E-09 3.0604E-09 3.1003E-09 3.1372E-09 3.1692E-09 3.1953E-09 3.2169E-09 3.2344E-09 3.2470E-09 3.2535E-09 3.2561E-09 3.2529E-09 3.2445E-09
3.4123E-10 3.6906E-10 3.9922E-10 4.3011E-10 4.6280E-10 4.9852E-10 5.3570E-10 5.7427E-10 6.1540E-10 6.5925E-10 7.0405E-10 7.5091E-10 8.0208E-10 8.5451E-10 9.0800E-10 9.6356E-10 1.0247E-09 1.0848E-09 1.1468E-09 1.2108E-09 1.2804E-09 1.3489E-09 1.4207E-09 1.4951E-09 1.5744E-09 1.6551E-09 1.7362E-09 1.8183E-09 1.9048E-09 1.9878E-09 2.0751E-09 2.1576E-09 2.2422E-09 2.3247E-09 2.4039E-09 2.4829E-09 2.5603E-09 2.6331E-09 2.7031E-09 2.7760E-09 2.8404E-09 2.9008E-09 2.9642E-09 3.0173E-09 3.0698E-09 3.1161E-09 3.1580E-09 3.1955E-09 3.2273E-09 3.2557E-09 3.2787E-09 3.2972E-09 3.3106E-09 3.3183E-09 3.3203E-09 3.3187E-09 3.3126E-09
3.4470E-10 3.7348E-10 4.0355E-10 4.3486E-10 4.6915E-10 5.0489E-10 5.4205E-10 5.8119E-10 6.2416E-10 6.6757E-10 7.1308E-10 7.6179E-10 8.1395E-10 8.6620E-10 9.2059E-10 9.8055E-10 1.0396E-09 1.1007E-09 1.1638E-09 1.2327E-09 1.3002E-09 1.3695E-09 1.4412E-09 1.5184E-09 1.5972E-09 1.6770E-09 1.7589E-09 1.8422E-09 1.9305E-09 2.0152E-09 2.1044E-09 2.1887E-09 2.2719E-09 2.3595E-09 2.4405E-09 2.5233E-09 2.6006E-09 2.6752E-09 2.7523E-09 2.8217E-09 2.8906E-09 2.9559E-09 3.0146E-09 3.0726E-09 3.1244E-09 3.1734E-09 3.2155E-09 3.2542E-09 3.2873E-09 3.3177E-09 3.3419E-09 3.3610E-09 3.3750E-09 3.3843E-09 3.3886E-09 3.3877E-09 3.3823E-09
3.4850E-10 3.7769E-10 4.0760E-10 4.3988E-10 4.7468E-10 5.1038E-10 5.4806E-10 5.8894E-10 6.3144E-10 6.7549E-10 7.2168E-10 7.7343E-10 8.2431E-10 8.7740E-10 9.3494E-10 9.9385E-10 1.0539E-09 1.1160E-09 1.1839E-09 1.2506E-09 1.3193E-09 1.3900E-09 1.4637E-09 1.5412E-09 1.6192E-09 1.6995E-09 1.7818E-09 1.8672E-09 1.9556E-09 2.0420E-09 2.1298E-09 2.2194E-09 2.3045E-09 2.3940E-09 2.4769E-09 2.5616E-09 2.6430E-09 2.7218E-09 2.7961E-09 2.8712E-09 2.9405E-09 3.0048E-09 3.0692E-09 3.1266E-09 3.1808E-09 3.2287E-09 3.2737E-09 3.3146E-09 3.3489E-09 3.3795E-09 3.4038E-09 3.4245E-09 3.4392E-09 3.4506E-09 3.4557E-09 3.4554E-09 3.4496E-09
