Assets/Resources/2015_m01_d26_0600(utc+0800)_l00_csi_1hr_conc.grd
DSAA
         159         159
     -79.000      79.000
     -79.000      79.000
  0.0000E+00  0.7037E-04
[rows 100 to 124 of 159, columns 57 to 113 of 159]
1.8891E-09 1.9403E-09 1.9907E-09 2.0400E-09 2.0881E-09 2.1348E-09 2.1800E-09 2.2234E-09 2.2650E-09 2.3046E-09 2.3420E-09 2.3772E-09 2.4099E-09 2.4401E-09 2.4677E-09 2.4926E-09 2.5146E-09 2.5338E-09 2.5499E-09 2.5631E-09 2.5732E-09 2.5803E-09 2.5842E-09 2.5851E-09 2.5830E-09 2.5778E-09 2.5696E-09 2.5585E-09 2.5445E-09 2.5278E-09 2.5083E-09 2.4863E-09 2.4618E-09 2.4349E-09 2.4057E-09 2.3744E-09 2.3411E-09 2.3060E-09 2.2691E-09 2.2306E-09 2.1669E-09 2.0918E-09 2.0416E-09 2.0026E-09 1.9625E-09 1.9215E-09 1.8798E-09 1.8373E-09 1.7943E-09 1.7508E-09 1.7070E-09 1.6629E-09 1.6186E-09 1.5743E-09 1.5300E-09 1.4859E-09 1.4419E-09
1.7409E-09 1.8363E-09 1.8837E-09 1.9300E-09 1.9752E-09 2.0190E-09 2.0615E-09 2.1023E-09 2.1414E-09 2.1786E-09 2.2138E-09 2.2469E-09 2.2777E-09 2.3062E-09 2.3322E-09 2.3557E-09 2.3766E-09 2.3947E-09 2.4101E-09 2.4227E-09 2.4324E-09 2.4393E-09 2.4433E-09 2.4444E-09 2.4427E-09 2.4382E-09 2.4308E-09 2.4207E-09 2.4080E-09 2.3926E-09 2.3747E-09 2.3544E-09 2.3317E-09 2.3068E-09 2.2798E-09 2.2507E-09 2.2198E-09 2.1870E-09 2.1296E-09 2.0608E-09 2.0155E-09 1.9810E-09 1.9452E-09 1.9084E-09 1.8705E-09 1.8318E-09 1.7923E-09 1.7522E-09 1.7115E-09 1.6703E-09 1.6288E-09 1.5870E-09 1.5451E-09 1.5031E-09 1.4611E-09 1.4192E-09 1.3775E-09
1.6313E-09 1.6730E-09 1.7140E-09 1.7777E-09 1.8675E-09 1.9087E-09 1.9486E-09 1.9869E-09 2.0237E-09 2.0587E-09 2.0918E-09 2.1229E-09 2.1520E-09 2.1788E-09 2.2033E-09 2.2255E-09 2.2452E-09 2.2624E-09 2.2771E-09 2.2891E-09 2.2984E-09 2.3051E-09 2.3092E-09 2.3105E-09 2.3092E-09 2.3052E-09 2.2986E-09 2.2895E-09 2.2778E-09 2.2637E-09 2.2473E-09 2.2285E-09 2.2076E-09 2.1845E-09 2.1352E-09 2.1093E-09 2.0471E-09 2.0081E-09 1.9796E-09 1.9496E-09 1.9183E-09 1.8857E-09 1.8520E-09 1.8172E-09 1.7815E-09 1.7449E-09 1.7076E-09 1.6697E-09 1.6312E-09 1.5923E-09 1.5530E-09 1.5135E-09 1.4738E-09 1.4340E-09 1.3942E-09 1.3545E-09 1.3150E-09
1.5482E-09 1.5878E-09 1.6266E-09 1.6645E-09 1.7014E-09 1.7373E-09 1.7720E-09 1.8534E-09 1.9117E-09 1.9446E-09 1.9757E-09 2.0050E-09 2.0323E-09 2.0576E-09 2.0808E-09 2.1017E-09 2.1203E-09 2.1366E-09 2.1505E-09 2.1620E-09 2.1710E-09 2.1775E-09 2.1815E-09 2.1831E-09 2.1821E-09 2.1786E-09 2.1727E-09 2.1645E-09 2.1538E-09 2.1409E-09 2.1015E-09 2.0851E-09 2.0313E-09 2.0005E-09 1.9801E-09 1.9580E-09 1.9342E-09 1.9088E-09 1.8820E-09 1.8538E-09 1.8244E-09 1.7937E-09 1.7619E-09 1.7291E-09 1.6954E-09 1.6609E-09 1.6257E-09 1.5899E-09 1.5535E-09 1.5167E-09 1.4796E-09 1.4422E-09 1.4047E-09 1.3671E-09 1.3294E-09 1.2918E-09 1.2544E-09
1.4683E-09 1.5057E-09 1.5424E-09 1.5783E-09 1.6133E-09 1.6472E-09 1.6800E-09 1.7116E-09 1.7418E-09 1.7707E-09 1.7980E-09 1.8238E-09 1.8599E-09 1.9187E-09 1.9402E-09 1.9840E-09 2.0016E-09 2.0171E-09 2.0303E-09 2.0412E-09 2.0499E-09 2.0562E-09 2.0602E-09 2.0375E-09 2.0372E-09 2.0347E-09 2.0184E-09 1.9879E-09 1.9679E-09 1.9579E-09 1.9460E-09 1.9322E-09 1.9166E-09 1.8992E-09 1.8801E-09 1.8593E-09 1.8370E-09 1.8132E-09 1.7880E-09 1.7615E-09 1.7337E-09 1.7049E-09 1.6749E-09 1.6440E-09 1.6123E-09 1.5798E-09 1.5466E-09 1.5128E-09 1.4785E-09 1.4437E-09 1.4087E-09 1.3734E-09 1.3379E-09 1.3023E-09 1.2667E-09 1.2311E-09 1.1957E-09
1.3915E-09 1.4268E-09 1.4615E-09 1.4954E-09 1.5285E-09 1.5606E-09 1.5916E-09 1.6214E-09 1.6501E-09 1.6774E-09 1.7033E-09 1.7277E-09 1.7505E-09 1.7717E-09 1.7913E-09 1.8090E-09 1.8250E-09 1.8391E-09 1.8514E-09 1.8617E-09 1.8700E-09 1.8764E-09 1.8808E-09 1.8832E-09 1.8836E-09 1.8821E-09 1.8786E-09 1.8731E-09 1.8657E-09 1.8565E-09 1.8454E-09 1.8325E-09 1.8179E-09 1.8017E-09 1.7838E-09 1.7643E-09 1.7434E-09 1.7210E-09 1.6974E-09 1.6725E-09 1.6464E-09 1.6192E-09 1.5911E-09 1.5620E-09 1.5321E-09 1.5015E-09 1.4702E-09 1.4383E-09 1.4060E-09 1.3732E-09 1.3401E-09 1.3068E-09 1.2733E-09 1.2397E-09 1.2060E-09 1.1724E-09 1.1389E-09
1.3176E-09 1.3510E-09 1.3838E-09 1.4159E-09 1.4471E-09 1.4774E-09 1.5067E-09 1.5349E-09 1.5620E-09 1.5878E-09 1.6123E-09 1.6354E-09 1.6570E-09 1.6771E-09 1.6956E-09 1.7125E-09 1.7277E-09 1.7411E-09 1.7527E-09 1.7626E-09 1.7706E-09 1.7767E-09 1.7810E-09 1.7834E-09 1.7839E-09 1.7826E-09 1.7794E-09 1.7744E-09 1.7676E-09 1.7591E-09 1.7487E-09 1.7367E-09 1.7231E-09 1.7079E-09 1.6911E-09 1.6729E-09 1.6533E-09 1.6324E-09 1.6102E-09 1.5868E-09 1.5623E-09 1.5368E-09 1.5103E-09 1.4830E-09 1.4549E-09 1.4260E-09 1.3966E-09 1.3666E-09 1.3361E-09 1.3052E-09 1.2740E-09 1.2425E-09 1.2109E-09 1.1792E-09 1.1474E-09 1.1156E-09 1.0840E-09
1.2468E-09 1.2783E-09 1.3093E-09 1.3395E-09 1.3690E-09 1.3976E-09 1.4253E-09 1.4520E-09 1.4775E-09 1.5019E-09 1.5251E-09 1.5469E-09 1.5674E-09 1.5864E-09 1.6039E-09 1.6199E-09 1.6343E-09 1.6471E-09 1.6582E-09 1.6675E-09 1.6752E-09 1.6811E-09 1.6853E-09 1.6877E-09 1.6883E-09 1.6872E-09 1.6843E-09 1.6797E-09 1.6735E-09 1.6655E-09 1.6559E-09 1.6448E-09 1.6321E-09 1.6178E-09 1.6022E-09 1.5852E-09 1.5668E-09 1.5472E-09 1.5264E-09 1.5044E-09 1.4815E-09 1.4575E-09 1.4327E-09 1.4070E-09 1.3805E-09 1.3534E-09 1.3257E-09 1.2974E-09 1.2687E-09 1.2396E-09 1.2102E-09 1.1806E-09 1.1508E-09 1.1208E-09 1.0908E-09 1.0609E-09 1.0309E-09
1.1789E-09 1.2086E-09 1.2378E-09 1.2663E-09 1.2942E-09 1.3212E-09 1.3473E-09 1.3725E-09 1.3966E-09 1.4196E-09 1.4415E-09 1.4622E-09 1.4815E-09 1.4995E-09 1.5161E-09 1.5312E-09 1.5449E-09 1.5570E-09 1.5675E-09 1.5765E-09 1.5838E-09 1.5895E-09 1.5935E-09 1.5959E-09 1.5966E-09 1.5957E-09 1.5931E-09 1.5889E-09 1.5832E-09 1.5758E-09 1.5669E-09 1.5565E-09 1.5447E-09 1.5314E-09 1.5168E-09 1.5009E-09 1.4837E-09 1.4654E-09 1.4459E-09 1.4253E-09 1.4038E-09 1.3813E-09 1.3580E-09 1.3339E-09 1.3090E-09 1.2836E-09 1.2575E-09 1.2309E-09 1.2039E-09 1.1765E-09 1.1489E-09 1.1209E-09 1.0928E-09 1.0646E-09 1.0363E-09 1.0081E-09 9.7982E-10
1.1139E-09 1.1419E-09 1.1694E-09 1.1963E-09 1.2225E-09 1.2480E-09 1.2726E-09 1.2964E-09 1.3192E-09 1.3409E-09 1.3616E-09 1.3811E-09 1.3993E-09 1.4164E-09 1.4321E-09 1.4464E-09 1.4593E-09 1.4708E-09 1.4808E-09 1.4893E-09 1.4963E-09 1.5018E-09 1.5057E-09 1.5081E-09 1.5089E-09 1.5081E-09 1.5058E-09 1.5020E-09 1.4967E-09 1.4899E-09 1.4817E-09 1.4720E-09 1.4610E-09 1.4486E-09 1.4350E-09 1.4201E-09 1.4041E-09 1.3869E-09 1.3687E-09 1.3494E-09 1.3293E-09 1.3082E-09 1.2863E-09 1.2637E-09 1.2404E-09 1.2164E-09 1.1920E-09 1.1670E-09 1.1416E-09 1.1159E-09 1.0898E-09 1.0635E-09 1.0371E-09 1.0105E-09 9.8384E-10 9.4335E-10 9.1763E-10
1.0517E-09 1.0781E-09 1.1040E-09 1.1293E-09 1.1540E-09 1.1780E-09 1.2013E-09 1.2237E-09 1.2451E-09 1.2656E-09 1.2851E-09 1.3035E-09 1.3208E-09 1.3369E-09 1.3517E-09 1.3653E-09 1.3775E-09 1.3884E-09 1.3979E-09 1.4060E-09 1.4127E-09 1.4179E-09 1.4217E-09 1.4240E-09 1.4249E-09 1.4243E-09 1.4223E-09 1.4188E-09 1.4139E-09 1.4077E-09 1.4000E-09 1.3911E-09 1.3808E-09 1.3693E-09 1.3566E-09 1.3428E-09 1.3278E-09 1.3117E-09 1.2947E-09 1.2767E-09 1.2578E-09 1.2381E-09 1.2176E-09 1.1963E-09 1.1745E-09 1.1520E-09 1.1290E-09 1.1056E-09 1.0817E-09 1.0575E-09 1.0331E-09 1.0083E-09 9.8345E-10 9.4436E-10 9.2014E-10 8.9586E-10 8.6479E-10
9.9223E-10 1.0171E-09 1.0415E-09 1.0654E-09 1.0886E-09 1.1112E-09 1.1331E-09 1.1542E-09 1.1744E-09 1.1938E-09 1.2121E-09 1.2295E-09 1.2458E-09 1.2609E-09 1.2750E-09 1.2878E-09 1.2994E-09 1.3097E-09 1.3187E-09 1.3264E-09 1.3328E-09 1.3378E-09 1.3415E-09 1.3438E-09 1.3447E-09 1.3443E-09 1.3425E-09 1.3393E-09 1.3348E-09 1.3291E-09 1.3220E-09 1.3137E-09 1.3042E-09 1.2935E-09 1.2817E-09 1.2687E-09 1.2548E-09 1.2398E-09 1.2238E-09 1.2070E-09 1.1893E-09 1.1709E-09 1.1517E-09 1.1318E-09 1.1113E-09 1.0903E-09 1.0687E-09 1.0467E-09 1.0243E-09 1.0016E-09 9.7858E-10 9.4117E-10 9.1858E-10 8.9585E-10 8.6611E-10 8.4365E-10 8.2115E-10
9.3549E-10 9.5888E-10 9.8184E-10 1.0043E-09 1.0262E-09 1.0474E-09 1.0680E-09 1.0879E-09 1.1069E-09 1.1252E-09 1.1425E-09 1.1588E-09 1.1742E-09 1.1885E-09 1.2018E-09 1.2139E-09 1.2248E-09 1.2346E-09 1.2432E-09 1.2505E-09 1.2566E-09 1.2614E-09 1.2649E-09 1.2672E-09 1.2681E-09 1.2678E-09 1.2662E-09 1.2634E-09 1.2593E-09 1.2540E-09 1.2475E-09 1.2398E-09 1.2310E-09 1.2210E-09 1.2100E-09 1.1980E-09 1.1849E-09 1.1709E-09 1.1561E-09 1.1403E-09 1.1238E-09 1.1066E-09 1.0886E-09 1.0700E-09 1.0508E-09 1.0311E-09 1.0109E-09 9.9025E-10 9.6925E-10 9.3376E-10 9.1293E-10 8.9187E-10 8.6365E-10 8.4265E-10 8.2153E-10 8.0034E-10 7.7912E-10
8.8138E-10 9.0337E-10 9.2495E-10 9.4606E-10 9.6664E-10 9.8665E-10 1.0060E-09 1.0247E-09 1.0426E-09 1.0598E-09 1.0761E-09 1.0915E-09 1.1060E-09 1.1195E-09 1.1320E-09 1.1434E-09 1.1538E-09 1.1630E-09 1.1711E-09 1.1781E-09 1.1839E-09 1.1885E-09 1.1919E-09 1.1941E-09 1.1951E-09 1.1949E-09 1.1935E-09 1.1910E-09 1.1872E-09 1.1823E-09 1.1763E-09 1.1692E-09 1.1610E-09 1.1518E-09 1.1416E-09 1.1304E-09 1.1182E-09 1.1052E-09 1.0913E-09 1.0766E-09 1.0612E-09 1.0451E-09 1.0283E-09 1.0109E-09 9.9292E-10 9.7446E-10 9.5554E-10 9.2218E-10 9.0320E-10 8.8391E-10 8.5738E-10 8.3795E-10 8.1833E-10 7.9855E-10 7.7866E-10 7.5869E-10 7.3197E-10
8.2981E-10 8.5047E-10 8.7075E-10 8.9058E-10 9.0993E-10 9.2873E-10 9.4694E-10 9.6451E-10 9.8137E-10 9.9750E-10 1.0128E-09 1.0274E-09 1.0410E-09 1.0537E-09 1.0655E-09 1.0763E-09 1.0861E-09 1.0948E-09 1.1025E-09 1.1091E-09 1.1147E-09 1.1191E-09 1.1223E-09 1.1245E-09 1.1255E-09 1.1254E-09 1.1242E-09 1.1219E-09 1.1185E-09 1.1140E-09 1.1085E-09 1.1019E-09 1.0943E-09 1.0858E-09 1.0763E-09 1.0658E-09 1.0545E-09 1.0424E-09 1.0295E-09 1.0158E-09 1.0014E-09 9.8633E-10 9.7064E-10 9.5438E-10 9.2316E-10 9.0655E-10 8.8949E-10 8.7204E-10 8.4734E-10 8.2957E-10 8.1153E-10 7.9326E-10 7.7480E-10 7.5619E-10 7.3069E-10 7.1228E-10 6.9382E-10
7.8072E-10 8.0012E-10 8.1916E-10 8.3779E-10 8.5596E-10 8.7362E-10 8.9073E-10 9.0723E-10 9.2309E-10 9.3825E-10 9.5268E-10 9.6633E-10 9.7917E-10 9.9116E-10 1.0023E-09 1.0124E-09 1.0217E-09 1.0300E-09 1.0372E-09 1.0435E-09 1.0488E-09 1.0530E-09 1.0561E-09 1.0582E-09 1.0593E-09 1.0593E-09 1.0583E-09 1.0562E-09 1.0531E-09 1.0490E-09 1.0439E-09 1.0378E-09 1.0308E-09 1.0229E-09 1.0140E-09 1.0043E-09 9.9384E-10 9.8254E-10 9.7050E-10 9.5774E-10 9.4431E-10 9.3026E-10 9.0164E-10 8.8704E-10 8.7194E-10 8.4928E-10 8.3362E-10 8.1758E-10 8.0120E-10 7.8452E-10 7.6757E-10 7.5040E-10 7.2626E-10 7.0913E-10 6.9188E-10 6.7454E-10 6.5716E-10
7.3403E-10 7.5223E-10 7.7010E-10 7.8758E-10 8.0464E-10 8.2122E-10 8.3728E-10 8.5278E-10 8.6768E-10 8.8192E-10 8.9549E-10 9.0832E-10 9.2040E-10 9.3168E-10 9.4214E-10 9.5174E-10 9.6046E-10 9.6828E-10 9.7517E-10 9.8112E-10 9.8610E-10 9.9012E-10 9.9316E-10 9.9522E-10 9.9629E-10 9.9639E-10 9.9550E-10 9.9364E-10 9.9082E-10 9.8706E-10 9.8237E-10 9.7677E-10 9.7028E-10 9.6293E-10 9.5475E-10 9.4576E-10 9.3600E-10 9.2549E-10 9.1428E-10 8.8848E-10 8.7648E-10 8.6389E-10 8.5075E-10 8.3022E-10 8.1638E-10 8.0210E-10 7.8743E-10 7.7238E-10 7.5702E-10 7.4136E-10 7.1872E-10 7.0294E-10 6.8698E-10 6.7087E-10 6.5464E-10 6.3833E-10 6.1766E-10
6.7660E-10 6.9323E-10 7.0956E-10 7.2555E-10 7.5588E-10 7.7144E-10 7.8651E-10 8.0106E-10 8.1504E-10 8.2842E-10 8.4116E-10 8.5323E-10 8.6458E-10 8.7520E-10 8.8504E-10 8.9409E-10 9.0231E-10 9.0969E-10 9.1620E-10 9.2184E-10 9.2658E-10 9.3041E-10 9.3333E-10 9.3534E-10 9.3642E-10 9.3658E-10 9.3583E-10 9.3418E-10 9.3162E-10 9.2818E-10 9.2387E-10 9.1871E-10 9.1272E-10 9.0592E-10 8.9834E-10 8.7595E-10 8.6730E-10 8.5798E-10 8.4800E-10 8.3027E-10 8.1933E-10 8.0783E-10 7.9582E-10 7.8332E-10 7.7036E-10 7.5699E-10 7.4324E-10 7.2915E-10 7.0812E-10 6.9376E-10 6.7915E-10 6.6433E-10 6.4933E-10 6.3419E-10 6.1462E-10 5.9952E-10 5.8435E-10
6.2963E-10 6.4502E-10 6.6014E-10 6.7494E-10 6.9660E-10 7.1085E-10 7.2467E-10 7.3801E-10 7.5084E-10 7.7765E-10 7.8961E-10 8.0094E-10 8.1161E-10 8.2159E-10 8.3085E-10 8.3937E-10 8.4712E-10 8.5408E-10 8.6024E-10 8.6557E-10 8.7007E-10 8.7373E-10 8.7653E-10 8.7848E-10 8.7957E-10 8.7980E-10 8.7917E-10 8.7770E-10 8.7538E-10 8.5791E-10 8.5424E-10 8.4978E-10 8.4457E-10 8.3862E-10 8.3195E-10 8.2458E-10 8.0961E-10 8.0113E-10 7.9205E-10 7.8239E-10 7.7217E-10 7.6144E-10 7.5021E-10 7.3852E-10 7.2640E-10 7.0715E-10 6.9457E-10 6.8166E-10 6.6845E-10 6.5498E-10 6.4127E-10 6.2737E-10 6.0899E-10 5.9499E-10 5.8088E-10 5.6668E-10 5.5242E-10
5.9179E-10 6.0624E-10 6.2043E-10 6.3433E-10 6.4789E-10 6.6109E-10 6.7389E-10 6.8626E-10 6.9817E-10 7.1673E-10 7.2774E-10 7.3818E-10 7.4803E-10 7.5725E-10 7.6584E-10 7.7375E-10 7.8097E-10 7.8748E-10 7.9326E-10 7.9831E-10 8.0260E-10 8.0613E-10 8.0889E-10 8.1087E-10 8.1208E-10 8.1250E-10 8.1216E-10 8.1104E-10 8.0916E-10 8.0652E-10 7.9605E-10 7.9208E-10 7.8742E-10 7.8206E-10 7.7604E-10 7.6938E-10 7.6209E-10 7.5421E-10 7.4574E-10 7.3673E-10 7.2720E-10 7.1718E-10 6.9995E-10 6.8928E-10 6.7822E-10 6.6678E-10 6.5500E-10 6.4291E-10 6.3053E-10 6.1344E-10 6.0081E-10 5.8797E-10 5.7497E-10 5.6183E-10 5.4858E-10 5.3096E-10 5.1780E-10
5.4912E-10 5.6298E-10 5.7608E-10 5.8891E-10 6.0844E-10 6.2083E-10 6.3285E-10 6.4446E-10 6.5564E-10 6.6636E-10 6.7658E-10 6.8629E-10 6.9545E-10 7.0405E-10 7.1205E-10 7.1943E-10 7.2619E-10 7.3230E-10 7.3774E-10 7.4250E-10 7.4657E-10 7.4994E-10 7.5260E-10 7.5455E-10 7.5579E-10 7.5631E-10 7.5612E-10 7.5522E-10 7.5361E-10 7.5131E-10 7.4833E-10 7.4467E-10 7.4036E-10 7.3540E-10 7.2981E-10 7.2362E-10 7.1685E-10 7.0951E-10 6.9479E-10 6.8661E-10 6.7794E-10 6.6881E-10 6.5925E-10 6.4929E-10 6.3894E-10 6.2824E-10 6.1722E-10 6.0155E-10 5.9016E-10 5.7852E-10 5.6667E-10 5.5464E-10 5.4245E-10 5.2584E-10 5.1363E-10 5.0132E-10 4.8896E-10
5.1568E-10 5.2818E-10 5.4046E-10 5.5249E-10 5.6477E-10 5.7622E-10 5.8732E-10 5.9805E-10 6.0839E-10 6.2531E-10 6.3491E-10 6.4403E-10 6.5264E-10 6.6072E-10 6.6824E-10 6.7520E-10 6.8156E-10 6.8731E-10 6.9245E-10 6.9695E-10 7.0080E-10 7.0401E-10 7.0655E-10 7.0842E-10 7.0963E-10 7.1017E-10 7.1005E-10 7.0925E-10 7.0781E-10 7.0571E-10 7.0297E-10 6.9960E-10 6.9561E-10 6.8412E-10 6.7910E-10 6.7352E-10 6.6740E-10 6.6075E-10 6.5361E-10 6.4598E-10 6.3790E-10 6.2938E-10 6.2046E-10 6.1115E-10 5.9710E-10 5.8728E-10 5.7715E-10 5.6673E-10 5.5607E-10 5.4518E-10 5.3408E-10 5.1856E-10 5.0734E-10 4.9599E-10 4.8453E-10 4.7298E-10 4.6137E-10
4.7920E-10 4.9077E-10 5.0661E-10 5.1842E-10 5.2943E-10 5.4015E-10 5.5109E-10 5.6116E-10 5.7087E-10 5.8017E-10 5.8906E-10 5.9751E-10 6.0549E-10 6.1298E-10 6.1998E-10 6.2644E-10 6.3237E-10 6.3775E-10 6.4255E-10 6.5372E-10 6.5737E-10 6.6041E-10 6.6284E-10 6.6464E-10 6.5892E-10 6.5952E-10 6.5951E-10 6.5889E-10 6.5767E-10 6.5585E-10 6.5343E-10 6.5044E-10 6.4688E-10 6.4277E-10 6.3811E-10 6.3293E-10 6.2724E-10 6.2106E-10 6.1441E-10 6.0731E-10 5.9978E-10 5.8749E-10 5.7932E-10 5.7079E-10 5.6192E-10 5.5274E-10 5.4327E-10 5.3354E-10 5.2356E-10 5.0919E-10 4.9900E-10 4.8863E-10 4.7812E-10 4.6747E-10 4.5673E-10 4.4590E-10 4.3098E-10
4.4902E-10 4.5985E-10 4.7103E-10 4.8146E-10 4.9165E-10 5.0157E-10 5.1175E-10 5.2564E-10 5.3473E-10 5.4399E-10 5.5233E-10 5.6025E-10 5.6775E-10 5.7479E-10 5.8136E-10 5.8745E-10 5.9303E-10 5.9809E-10 6.0262E-10 6.0662E-10 6.1006E-10 6.1294E-10 6.1526E-10 6.1701E-10 6.1818E-10 6.1879E-10 6.1882E-10 6.1829E-10 6.1718E-10 6.1552E-10 6.1331E-10 6.1056E-10 6.0727E-10 6.0347E-10 5.9915E-10 5.9435E-10 5.8459E-10 5.7897E-10 5.7290E-10 5.6642E-10 5.5954E-10 5.5228E-10 5.4465E-10 5.3669E-10 5.2842E-10 5.1985E-10 5.0675E-10 4.9783E-10 4.8868E-10 4.7933E-10 4.6979E-10 4.6008E-10 4.5023E-10 4.4027E-10 4.2616E-10 4.1622E-10 4.0622E-10
4.2035E-10 4.3104E-10 4.4101E-10 4.5077E-10 4.6031E-10 4.7015E-10 4.7917E-10 4.8791E-10 4.9632E-10 5.0494E-10 5.1267E-10 5.2002E-10 5.2698E-10 5.3858E-10 5.4475E-10 5.5047E-10 5.5572E-10 5.6049E-10 5.6476E-10 5.6853E-10 5.7178E-10 5.7451E-10 5.7672E-10 5.7839E-10 5.7953E-10 5.8014E-10 5.8021E-10 5.7975E-10 5.7877E-10 5.7726E-10 5.7076E-10 5.6830E-10 5.6535E-10 5.6191E-10 5.5801E-10 5.5365E-10 5.4885E-10 5.4362E-10 5.3798E-10 5.3195E-10 5.2555E-10 5.1878E-10 5.1168E-10 5.0000E-10 4.9244E-10 4.8460E-10 4.7650E-10 4.6817E-10 4.5962E-10 4.5087E-10 4.4195E-10 4.3287E-10 4.1965E-10 4.1051E-10 4.0128E-10 3.9196E-10 3.8258E-10
