Assets/Resources/2015_m01_d20_1100(utc+0800)_l00_csi_1hr_conc.grd
DSAA
         159         159
     -79.000      79.000
     -79.000      79.000
  0.1215E-09  0.8149E-05
[rows 0 to 24 of 159, columns 0 to 56 of 159]
1.2149E-10 1.2971E-10 1.3740E-10 1.4624E-10 1.5471E-10 1.6341E-10 1.7400E-10 1.8344E-10 1.9328E-10 2.0475E-10 2.1589E-10 2.2707E-10 2.3992E-10 2.5246E-10 2.6507E-10 2.7898E-10 2.9339E-10 3.0751E-10 3.2259E-10 3.3817E-10 3.5381E-10 3.7018E-10 3.8754E-10 4.0473E-10 4.2242E-10 4.4134E-10 4.6031E-10 4.7956E-10 4.9980E-10 5.2054E-10 5.4132E-10 5.6283E-10 5.8483E-10 6.0754E-10 6.3025E-10 6.5366E-10 6.7751E-10 7.0203E-10 7.2648E-10 7.5158E-10 7.7707E-10 8.0291E-10 8.2909E-10 8.5561E-10 8.8242E-10 9.0950E-10 9.3684E-10 9.6415E-10 9.9191E-10 1.0198E-09 1.0479E-09 1.0761E-09 1.1043E-09 1.1326E-09 1.1609E-09 1.1890E-09 1.2172E-09
1.2790E-10 1.3553E-10 1.4435E-10 1.5269E-10 1.6133E-10 1.7185E-10 1.8123E-10 1.9101E-10 2.0242E-10 2.1351E-10 2.2465E-10 2.3706E-10 2.4996E-10 2.6255E-10 2.7644E-10 2.9085E-10 3.0497E-10 3.1982E-10 3.3566E-10 3.5133E-10 3.6774E-10 3.8516E-10 4.0241E-10 4.2042E-10 4.3920E-10 4.5828E-10 4.7766E-10 4.9804E-10 5.1894E-10 5.3990E-10 5.6161E-10 5.8407E-10 6.0679E-10 6.2977E-10 6.5346E-10 6.7787E-10 7.0248E-10 7.2730E-10 7.5278E-10 7.7892E-10 8.0520E-10 8.3161E-10 8.5862E-10 8.8596E-10 9.1383E-10 9.4150E-10 9.6967E-10 9.9807E-10 1.0267E-09 1.0554E-09 1.0840E-09 1.1131E-09 1.1421E-09 1.1712E-09 1.2004E-09 1.2294E-09 1.2585E-09
1.3355E-10 1.4229E-10 1.5056E-10 1.5914E-10 1.6957E-10 1.7889E-10 1.8861E-10 1.9955E-10 2.1098E-10 2.2207E-10 2.3441E-10 2.4727E-10 2.5982E-10 2.7326E-10 2.8805E-10 3.0215E-10 3.1699E-10 3.3283E-10 3.4851E-10 3.6495E-10 3.8240E-10 3.9970E-10 4.1777E-10 4.3662E-10 4.5579E-10 4.7527E-10 4.9577E-10 5.1682E-10 5.3794E-10 5.5982E-10 5.8248E-10 6.0542E-10 6.2863E-10 6.5283E-10 6.7728E-10 7.0221E-10 7.2736E-10 7.5346E-10 7.7974E-10 8.0643E-10 8.3328E-10 8.6100E-10 8.8883E-10 9.1698E-10 9.4520E-10 9.7420E-10 1.0032E-09 1.0324E-09 1.0616E-09 1.0912E-09 1.1209E-09 1.1508E-09 1.1807E-09 1.2107E-09 1.2406E-09 1.2705E-09 1.3001E-09
1.3957E-10 1.4835E-10 1.5685E-10 1.6680E-10 1.7643E-10 1.8608E-10 1.9654E-10 2.0829E-10 2.1931E-10 2.3119E-10 2.4439E-10 2.5689E-10 2.6987E-10 2.8502E-10 2.9909E-10 3.1391E-10 3.2972E-10 3.4540E-10 3.6184E-10 3.7930E-10 3.9663E-10 4.1474E-10 4.3365E-10 4.5289E-10 4.7244E-10 4.9328E-10 5.1421E-10 5.3545E-10 5.5773E-10 5.8055E-10 6.0345E-10 6.2686E-10 6.5130E-10 6.7625E-10 7.0122E-10 7.2693E-10 7.5337E-10 7.8004E-10 8.0691E-10 8.3445E-10 8.6240E-10 8.9096E-10 9.1940E-10 9.4842E-10 9.7774E-10 1.0074E-09 1.0372E-09 1.0673E-09 1.0976E-09 1.1280E-09 1.1586E-09 1.1890E-09 1.2198E-09 1.2505E-09 1.2813E-09 1.3120E-09 1.3426E-09
1.4613E-10 1.5448E-10 1.6315E-10 1.7387E-10 1.8344E-10 1.9343E-10 2.0548E-10 2.1643E-10 2.2783E-10 2.4135E-10 2.5379E-10 2.6671E-10 2.8179E-10 2.9581E-10 3.1035E-10 3.2637E-10 3.4202E-10 3.5820E-10 3.7589E-10 3.9322E-10 4.1111E-10 4.3030E-10 4.4961E-10 4.6926E-10 4.9021E-10 5.1126E-10 5.3265E-10 5.5509E-10 5.7810E-10 6.0119E-10 6.2508E-10 6.4975E-10 6.7472E-10 6.9998E-10 7.2599E-10 7.5275E-10 7.7975E-10 8.0697E-10 8.3515E-10 8.6352E-10 8.9230E-10 9.2122E-10 9.5100E-10 9.8087E-10 1.0110E-09 1.0412E-09 1.0719E-09 1.1031E-09 1.1342E-09 1.1653E-09 1.1966E-09 1.2281E-09 1.2597E-09 1.2912E-09 1.3227E-09 1.3542E-09 1.3856E-09
1.5206E-10 1.6064E-10 1.7125E-10 1.8072E-10 1.9062E-10 2.0256E-10 2.1343E-10 2.2476E-10 2.3820E-10 2.5059E-10 2.6348E-10 2.7850E-10 2.9250E-10 3.0702E-10 3.2302E-10 3.3866E-10 3.5485E-10 3.7256E-10 3.8991E-10 4.0783E-10 4.2707E-10 4.4642E-10 4.6612E-10 4.8713E-10 5.0828E-10 5.2978E-10 5.5237E-10 5.7553E-10 5.9880E-10 6.2288E-10 6.4777E-10 6.7297E-10 6.9847E-10 7.2500E-10 7.5205E-10 7.7912E-10 8.0667E-10 8.3521E-10 8.6419E-10 8.9312E-10 9.2271E-10 9.5270E-10 9.8330E-10 1.0138E-09 1.0448E-09 1.0761E-09 1.1076E-09 1.1393E-09 1.1713E-09 1.2034E-09 1.2355E-09 1.2678E-09 1.2999E-09 1.3322E-09 1.3645E-09 1.3967E-09 1.4287E-09
1.5825E-10 1.6876E-10 1.7817E-10 1.8801E-10 1.9948E-10 2.1067E-10 2.2194E-10 2.3490E-10 2.4761E-10 2.6043E-10 2.7500E-10 2.8936E-10 3.0385E-10 3.1960E-10 3.3546E-10 3.5164E-10 3.6935E-10 3.8672E-10 4.0466E-10 4.2392E-10 4.4332E-10 4.6306E-10 4.8414E-10 5.0535E-10 5.2693E-10 5.4959E-10 5.7287E-10 5.9627E-10 6.2053E-10 6.4561E-10 6.7102E-10 6.9675E-10 7.2354E-10 7.5085E-10 7.7821E-10 8.0633E-10 8.3519E-10 8.6427E-10 8.9356E-10 9.2354E-10 9.5419E-10 9.8497E-10 1.0159E-09 1.0473E-09 1.0794E-09 1.1115E-09 1.1436E-09 1.1761E-09 1.2088E-09 1.2419E-09 1.2746E-09 1.3076E-09 1.3407E-09 1.3737E-09 1.4067E-09 1.4394E-09 1.4721E-09
1.6572E-10 1.7584E-10 1.8561E-10 1.9581E-10 2.0814E-10 2.1935E-10 2.3144E-10 2.4488E-10 2.5765E-10 2.7175E-10 2.8643E-10 3.0087E-10 3.1657E-10 3.3240E-10 3.4859E-10 3.6606E-10 3.8367E-10 4.0163E-10 4.2092E-10 4.4035E-10 4.6015E-10 4.8128E-10 5.0256E-10 5.2421E-10 5.4696E-10 5.7034E-10 5.9384E-10 6.1843E-10 6.4363E-10 6.6895E-10 6.9512E-10 7.2210E-10 7.4941E-10 7.7701E-10 8.0539E-10 8.3454E-10 8.6393E-10 8.9355E-10 9.2413E-10 9.5489E-10 9.8606E-10 1.0174E-09 1.0495E-09 1.0818E-09 1.1143E-09 1.1469E-09 1.1802E-09 1.2135E-09 1.2469E-09 1.2802E-09 1.3141E-09 1.3479E-09 1.3816E-09 1.4150E-09 1.4487E-09 1.4822E-09 1.5156E-09
1.7373E-10 1.8345E-10 1.9360E-10 2.0585E-10 2.1701E-10 2.2864E-10 2.4243E-10 2.5516E-10 2.6840E-10 2.8384E-10 2.9824E-10 3.1343E-10 3.2967E-10 3.4580E-10 3.6323E-10 3.8082E-10 3.9879E-10 4.1808E-10 4.3752E-10 4.5735E-10 4.7852E-10 4.9985E-10 5.2156E-10 5.4438E-10 5.6783E-10 5.9142E-10 6.1612E-10 6.4142E-10 6.6686E-10 6.9314E-10 7.2026E-10 7.4771E-10 7.7547E-10 8.0429E-10 8.3364E-10 8.6303E-10 8.9289E-10 9.2375E-10 9.5505E-10 9.8630E-10 1.0182E-09 1.0505E-09 1.0834E-09 1.1161E-09 1.1494E-09 1.1829E-09 1.2169E-09 1.2506E-09 1.2847E-09 1.3189E-09 1.3533E-09 1.3877E-09 1.4220E-09 1.4564E-09 1.4907E-09 1.5249E-09 1.5586E-09
1.8156E-10 1.9166E-10 2.0382E-10 2.1493E-10 2.2652E-10 2.4023E-10 2.5292E-10 2.6611E-10 2.8149E-10 2.9586E-10 3.1077E-10 3.2721E-10 3.4331E-10 3.6047E-10 3.7825E-10 3.9617E-10 4.1518E-10 4.3482E-10 4.5462E-10 4.7577E-10 4.9709E-10 5.1880E-10 5.4163E-10 5.6510E-10 5.8872E-10 6.1346E-10 6.3883E-10 6.6433E-10 6.9068E-10 7.1789E-10 7.4544E-10 7.7332E-10 8.0228E-10 8.3178E-10 8.6134E-10 8.9166E-10 9.2273E-10 9.5404E-10 9.8555E-10 1.0177E-09 1.0506E-09 1.0836E-09 1.1167E-09 1.1506E-09 1.1845E-09 1.2187E-09 1.2529E-09 1.2878E-09 1.3226E-09 1.3575E-09 1.3922E-09 1.4272E-09 1.4622E-09 1.4974E-09 1.5321E-09 1.5668E-09 1.6014E-09
1.9002E-10 2.0049E-10 2.1311E-10 2.2462E-10 2.3784E-10 2.5084E-10 2.6397E-10 2.7925E-10 2.9354E-10 3.0838E-10 3.2474E-10 3.4077E-10 3.5738E-10 3.7556E-10 3.9342E-10 4.1236E-10 4.3194E-10 4.5169E-10 4.7254E-10 4.9405E-10 5.1572E-10 5.3852E-10 5.6198E-10 5.8559E-10 6.1033E-10 6.3571E-10 6.6124E-10 6.8764E-10 7.1514E-10 7.4253E-10 7.7050E-10 7.9956E-10 8.2918E-10 8.5887E-10 8.8934E-10 9.2059E-10 9.5209E-10 9.8381E-10 1.0165E-09 1.0494E-09 1.0826E-09 1.1160E-09 1.1503E-09 1.1849E-09 1.2192E-09 1.2541E-09 1.2892E-09 1.3244E-09 1.3598E-09 1.3954E-09 1.4310E-09 1.4666E-09 1.5022E-09 1.5375E-09 1.5730E-09 1.6086E-09 1.6437E-09
1.9879E-10 2.1130E-10 2.2272E-10 2.3463E-10 2.4873E-10 2.6176E-10 2.7531E-10 2.9112E-10 3.0587E-10 3.2212E-10 3.3807E-10 3.5459E-10 3.7268E-10 3.9045E-10 4.0907E-10 4.2881E-10 4.4848E-10 4.6926E-10 4.9070E-10 5.1231E-10 5.3505E-10 5.5846E-10 5.8203E-10 6.0673E-10 6.3209E-10 6.5760E-10 6.8400E-10 7.1151E-10 7.3893E-10 7.6693E-10 7.9630E-10 8.2575E-10 8.5553E-10 8.8611E-10 9.1748E-10 9.4913E-10 9.8102E-10 1.0139E-09 1.0472E-09 1.0805E-09 1.1144E-09 1.1490E-09 1.1836E-09 1.2183E-09 1.2536E-09 1.2893E-09 1.3250E-09 1.3607E-09 1.3967E-09 1.4328E-09 1.4693E-09 1.5052E-09 1.5414E-09 1.5776E-09 1.6136E-09 1.6495E-09 1.6849E-09
2.0942E-10 2.2076E-10 2.3258E-10 2.4654E-10 2.5947E-10 2.7292E-10 2.8859E-10 3.0323E-10 3.1844E-10 3.3519E-10 3.5161E-10 3.6957E-10 3.8723E-10 4.0550E-10 4.2537E-10 4.4494E-10 4.6538E-10 4.8696E-10 5.0848E-10 5.3113E-10 5.5445E-10 5.7794E-10 6.0258E-10 6.2788E-10 6.5335E-10 6.7971E-10 7.0720E-10 7.3460E-10 7.6261E-10 7.9200E-10 8.2149E-10 8.5131E-10 8.8222E-10 9.1368E-10 9.4519E-10 9.7721E-10 1.0105E-09 1.0438E-09 1.0772E-09 1.1114E-09 1.1462E-09 1.1811E-09 1.2161E-09 1.2519E-09 1.2878E-09 1.3239E-09 1.3600E-09 1.3967E-09 1.4333E-09 1.4701E-09 1.5066E-09 1.5434E-09 1.5804E-09 1.6171E-09 1.6534E-09 1.6899E-09 1.7262E-09
2.1869E-10 2.3040E-10 2.4421E-10 2.5703E-10 2.7036E-10 2.8587E-10 3.0039E-10 3.1547E-10 3.3208E-10 3.4837E-10 3.6572E-10 3.8372E-10 4.0186E-10 4.2159E-10 4.4103E-10 4.6110E-10 4.8281E-10 5.0421E-10 5.2651E-10 5.4996E-10 5.7336E-10 5.9766E-10 6.2312E-10 6.4852E-10 6.7481E-10 7.0225E-10 7.2961E-10 7.5759E-10 7.8696E-10 8.1645E-10 8.4629E-10 8.7723E-10 9.0874E-10 9.4032E-10 9.7268E-10 1.0058E-09 1.0392E-09 1.0728E-09 1.1074E-09 1.1422E-09 1.1773E-09 1.2126E-09 1.2487E-09 1.2852E-09 1.3213E-09 1.3580E-09 1.3949E-09 1.4323E-09 1.4692E-09 1.5065E-09 1.5438E-09 1.5812E-09 1.6185E-09 1.6554E-09 1.6929E-09 1.7299E-09 1.7667E-09
2.2807E-10 2.4015E-10 2.5441E-10 2.6762E-10 2.8135E-10 2.9734E-10 3.1228E-10 3.2874E-10 3.4489E-10 3.6162E-10 3.7994E-10 3.9794E-10 4.1728E-10 4.3681E-10 4.5674E-10 4.7829E-10 4.9956E-10 5.2148E-10 5.4505E-10 5.6832E-10 5.9250E-10 6.1785E-10 6.4314E-10 6.6933E-10 6.9668E-10 7.2397E-10 7.5188E-10 7.8120E-10 8.1065E-10 8.4047E-10 8.7140E-10 9.0292E-10 9.3453E-10 9.6694E-10 1.0002E-09 1.0336E-09 1.0674E-09 1.1021E-09 1.1373E-09 1.1723E-09 1.2081E-09 1.2442E-09 1.2809E-09 1.3174E-09 1.3544E-09 1.3920E-09 1.4294E-09 1.4668E-09 1.5045E-09 1.5426E-09 1.5805E-09 1.6181E-09 1.6560E-09 1.6938E-09 1.7318E-09 1.7689E-09 1.8062E-09
2.3757E-10 2.5165E-10 2.6472E-10 2.7831E-10 2.9412E-10 3.0891E-10 3.2426E-10 3.4118E-10 3.5776E-10 3.7590E-10 3.9374E-10 4.1219E-10 4.3227E-10 4.5204E-10 4.7342E-10 4.9454E-10 5.1630E-10 5.3970E-10 5.6283E-10 5.8661E-10 6.1207E-10 6.3723E-10 6.6330E-10 6.9054E-10 7.1771E-10 7.4553E-10 7.7477E-10 8.0415E-10 8.3391E-10 8.6480E-10 8.9630E-10 9.2789E-10 9.6031E-10 9.9356E-10 1.0271E-09 1.0609E-09 1.0957E-09 1.1310E-09 1.1662E-09 1.2021E-09 1.2387E-09 1.2753E-09 1.3121E-09 1.3494E-09 1.3872E-09 1.4250E-09 1.4628E-09 1.5012E-09 1.5395E-09 1.5778E-09 1.6160E-09 1.6547E-09 1.6931E-09 1.7314E-09 1.7693E-09 1.8072E-09 1.8453E-09
2.4715E-10 2.6167E-10 2.7511E-10 2.9071E-10 3.0535E-10 3.2054E-10 3.3727E-10 3.5368E-10 3.7162E-10 3.8929E-10 4.0757E-10 4.2746E-10 4.4705E-10 4.6777E-10 4.8918E-10 5.1076E-10 5.3398E-10 5.5694E-10 5.8056E-10 6.0584E-10 6.3084E-10 6.5651E-10 6.8385E-10 7.1089E-10 7.3858E-10 7.6769E-10 7.9697E-10 8.2663E-10 8.5744E-10 8.8888E-10 9.2042E-10 9.5281E-10 9.8629E-10 1.0196E-09 1.0534E-09 1.0883E-09 1.1236E-09 1.1589E-09 1.1950E-09 1.2317E-09 1.2685E-09 1.3055E-09 1.3433E-09 1.3814E-09 1.4192E-09 1.4573E-09 1.4961E-09 1.5350E-09 1.5735E-09 1.6121E-09 1.6514E-09 1.6906E-09 1.7292E-09 1.7680E-09 1.8066E-09 1.8451E-09 1.8833E-09
2.5848E-10 2.7176E-10 2.8557E-10 3.0162E-10 3.1664E-10 3.3317E-10 3.4939E-10 3.6620E-10 3.8461E-10 4.0270E-10 4.2237E-10 4.4177E-10 4.6180E-10 4.8348E-10 5.0487E-10 5.2766E-10 5.5066E-10 5.7408E-10 5.9917E-10 6.2399E-10 6.4948E-10 6.7664E-10 7.0352E-10 7.3106E-10 7.6002E-10 7.8916E-10 8.1870E-10 8.4940E-10 8.8073E-10 9.1219E-10 9.4451E-10 9.7794E-10 1.0112E-09 1.0450E-09 1.0801E-09 1.1153E-09 1.1506E-09 1.1867E-09 1.2238E-09 1.2605E-09 1.2976E-09 1.3356E-09 1.3739E-09 1.4120E-09 1.4506E-09 1.4897E-09 1.5287E-09 1.5676E-09 1.6069E-09 1.6467E-09 1.6861E-09 1.7252E-09 1.7645E-09 1.8041E-09 1.8432E-09 1.8818E-09 1.9204E-09
2.6828E-10 2.8191E-10 2.9774E-10 3.1257E-10 3.2796E-10 3.4491E-10 3.6153E-10 3.7971E-10 3.9759E-10 4.1658E-10 4.3623E-10 4.5605E-10 4.7751E-10 4.9869E-10 5.2076E-10 5.4403E-10 5.6724E-10 5.9188E-10 6.1673E-10 6.4201E-10 6.6873E-10 6.9566E-10 7.2300E-10 7.5179E-10 7.8076E-10 8.1014E-10 8.4068E-10 8.7188E-10 9.0322E-10 9.3543E-10 9.6877E-10 1.0019E-09 1.0357E-09 1.0708E-09 1.1059E-09 1.1413E-09 1.1777E-09 1.2145E-09 1.2513E-09 1.2885E-09 1.3267E-09 1.3652E-09 1.4034E-09 1.4423E-09 1.4816E-09 1.5209E-09 1.5602E-09 1.5999E-09 1.6400E-09 1.6798E-09 1.7194E-09 1.7596E-09 1.7994E-09 1.8390E-09 1.8782E-09 1.9176E-09 1.9570E-09
2.7813E-10 2.9250E-10 3.0836E-10 3.2355E-10 3.4027E-10 3.5668E-10 3.7462E-10 3.9229E-10 4.1056E-10 4.3046E-10 4.5005E-10 4.7125E-10 4.9220E-10 5.1380E-10 5.3706E-10 5.6005E-10 5.8395E-10 6.0906E-10 6.3412E-10 6.6061E-10 6.8732E-10 7.1446E-10 7.4303E-10 7.7180E-10 8.0100E-10 8.3136E-10 8.6239E-10 8.9357E-10 9.2564E-10 9.5885E-10 9.9192E-10 1.0256E-09 1.0606E-09 1.0956E-09 1.1310E-09 1.1674E-09 1.2042E-09 1.2411E-09 1.2783E-09 1.3168E-09 1.3551E-09 1.3936E-09 1.4326E-09 1.4721E-09 1.5117E-09 1.5512E-09 1.5915E-09 1.6320E-09 1.6719E-09 1.7119E-09 1.7525E-09 1.7931E-09 1.8331E-09 1.8728E-09 1.9131E-09 1.9532E-09 1.9924E-09
2.8800E-10 3.0400E-10 3.1899E-10 3.3499E-10 3.5165E-10 3.6843E-10 3.8679E-10 4.0483E-10 4.2446E-10 4.4382E-10 4.6381E-10 4.8546E-10 5.0681E-10 5.2981E-10 5.5255E-10 5.7595E-10 6.0105E-10 6.2586E-10 6.5185E-10 6.7856E-10 7.0546E-10 7.3355E-10 7.6234E-10 7.9131E-10 8.2121E-10 8.5229E-10 8.8328E-10 9.1491E-10 9.4821E-10 9.8113E-10 1.0146E-09 1.0495E-09 1.0845E-09 1.1198E-09 1.1561E-09 1.1929E-09 1.2298E-09 1.2670E-09 1.3056E-09 1.3440E-09 1.3825E-09 1.4216E-09 1.4616E-09 1.5011E-09 1.5408E-09 1.5814E-09 1.6221E-09 1.6624E-09 1.7031E-09 1.7438E-09 1.7849E-09 1.8253E-09 1.8659E-09 1.9067E-09 1.9471E-09 1.9869E-09 2.0268E-09
2.9871E-10 3.1430E-10 3.2962E-10 3.4649E-10 3.6303E-10 3.8112E-10 3.9892E-10 4.1733E-10 4.3738E-10 4.5711E-10 4.7848E-10 4.9956E-10 5.2204E-10 5.4474E-10 5.6788E-10 5.9269E-10 6.1724E-10 6.4246E-10 6.6940E-10 6.9604E-10 7.2362E-10 7.5241E-10 7.8115E-10 8.1054E-10 8.4165E-10 8.7243E-10 9.0385E-10 9.3695E-10 9.6970E-10 1.0030E-09 1.0378E-09 1.0726E-09 1.1078E-09 1.1440E-09 1.1807E-09 1.2175E-09 1.2547E-09 1.2933E-09 1.3317E-09 1.3703E-09 1.4097E-09 1.4496E-09 1.4892E-09 1.5291E-09 1.5699E-09 1.6109E-09 1.6514E-09 1.6924E-09 1.7338E-09 1.7750E-09 1.8158E-09 1.8569E-09 1.8982E-09 1.9392E-09 1.9796E-09 2.0201E-09 2.0607E-09
3.0949E-10 3.2458E-10 3.4094E-10 3.5748E-10 3.7459E-10 3.9285E-10 4.1100E-10 4.3076E-10 4.5023E-10 4.7130E-10 4.9211E-10 5.1357E-10 5.3671E-10 5.5957E-10 5.8408E-10 6.0834E-10 6.3328E-10 6.5992E-10 6.8628E-10 7.1332E-10 7.4208E-10 7.7054E-10 7.9968E-10 8.3053E-10 8.6106E-10 8.9223E-10 9.2485E-10 9.5763E-10 9.9078E-10 1.0251E-09 1.0600E-09 1.0950E-09 1.1308E-09 1.1677E-09 1.2044E-09 1.2416E-09 1.2800E-09 1.3184E-09 1.3570E-09 1.3965E-09 1.4364E-09 1.4761E-09 1.5161E-09 1.5574E-09 1.5983E-09 1.6390E-09 1.6803E-09 1.7220E-09 1.7634E-09 1.8046E-09 1.8465E-09 1.8880E-09 1.9294E-09 1.9703E-09 2.0118E-09 2.0527E-09 2.0933E-09
3.1946E-10 3.3487E-10 3.5184E-10 3.6846E-10 3.8665E-10 4.0453E-10 4.2399E-10 4.4318E-10 4.6299E-10 4.8447E-10 5.0564E-10 5.2846E-10 5.5101E-10 5.7423E-10 5.9917E-10 6.2381E-10 6.5014E-10 6.7621E-10 7.0295E-10 7.3141E-10 7.5958E-10 7.8843E-10 8.1899E-10 8.4924E-10 8.8016E-10 9.1252E-10 9.4505E-10 9.7797E-10 1.0120E-09 1.0467E-09 1.0815E-09 1.1172E-09 1.1539E-09 1.1905E-09 1.2275E-09 1.2659E-09 1.3043E-09 1.3428E-09 1.3823E-09 1.4222E-09 1.4619E-09 1.5020E-09 1.5434E-09 1.5844E-09 1.6253E-09 1.6667E-09 1.7090E-09 1.7504E-09 1.7920E-09 1.8342E-09 1.8764E-09 1.9179E-09 1.9593E-09 2.0013E-09 2.0430E-09 2.0839E-09 2.1245E-09
3.2941E-10 3.4585E-10 3.6246E-10 3.7987E-10 3.9796E-10 4.1618E-10 4.3601E-10 4.5554E-10 4.7669E-10 4.9756E-10 5.2005E-10 5.4230E-10 5.6521E-10 5.8981E-10 6.1413E-10 6.3964E-10 6.6587E-10 6.9230E-10 7.2019E-10 7.4829E-10 7.7684E-10 8.0684E-10 8.3705E-10 8.6767E-10 8.9949E-10 9.3200E-10 9.6465E-10 9.9847E-10 1.0329E-09 1.0675E-09 1.1029E-09 1.1395E-09 1.1759E-09 1.2128E-09 1.2510E-09 1.2892E-09 1.3277E-09 1.3671E-09 1.4070E-09 1.4467E-09 1.4868E-09 1.5282E-09 1.5693E-09 1.6103E-09 1.6523E-09 1.6944E-09 1.7360E-09 1.7778E-09 1.8203E-09 1.8628E-09 1.9047E-09 1.9469E-09 1.9893E-09 2.0313E-09 2.0727E-09 2.1142E-09 2.1558E-09
