Assets/Resources/2015_m01_d08_2200(utc+0800)_l00_csi_1hr_conc.grd
DSAA
         159         159
     -79.000      79.000
     -79.000      79.000
  0.4050E-09  0.3795E-04
[rows 125 to 149 of 159, columns 0 to 56 of 159]
7.8496E-10 8.1222E-10 8.3930E-10 8.6919E-10 8.9974E-10 9.3292E-10 9.6651E-10 9.9024E-10 1.0144E-09 1.0388E-09 1.0636E-09 1.0886E-09 1.1139E-09 1.1393E-09 1.1938E-09 1.2342E-09 1.2915E-09 1.3675E-09 1.4464E-09 1.5362E-09 1.6045E-09 1.7032E-09 1.8317E-09 1.9341E-09 1.9965E-09 2.0677E-09 2.2364E-09 2.2820E-09 2.3486E-09 2.4019E-09 2.4446E-09 2.4957E-09 2.5492E-09 2.5883E-09 2.6401E-09 2.6766E-09 2.7255E-09 2.7736E-09 2.8061E-09 2.8371E-09 2.8668E-09 2.8951E-09 2.9512E-09 2.9771E-09 3.0017E-09 3.0250E-09 3.0472E-09 3.0682E-09 3.0881E-09 3.1071E-09 3.1406E-09 3.1575E-09 3.1737E-09 3.2046E-09 3.2186E-09 3.2316E-09 3.2438E-09
7.8672E-10 8.1497E-10 8.3873E-10 8.7369E-10 9.0486E-10 9.3460E-10 9.7291E-10 9.9618E-10 1.0198E-09 1.0436E-09 1.0677E-09 1.0920E-09 1.1164E-09 1.1410E-09 1.1656E-09 1.2213E-09 1.2915E-09 1.3326E-09 1.4287E-09 1.5144E-09 1.5917E-09 1.6600E-09 1.7339E-09 1.9032E-09 1.9807E-09 2.0311E-09 2.0988E-09 2.2553E-09 2.2967E-09 2.3463E-09 2.4079E-09 2.4464E-09 2.4933E-09 2.5425E-09 2.5775E-09 2.6250E-09 2.6574E-09 2.7023E-09 2.7324E-09 2.7754E-09 2.8031E-09 2.8297E-09 2.8549E-09 2.8792E-09 2.9316E-09 2.9540E-09 2.9754E-09 2.9957E-09 3.0150E-09 3.0336E-09 3.0512E-09 3.0676E-09 3.0829E-09 3.0975E-09 3.1272E-09 3.1405E-09 3.1528E-09
7.8803E-10 8.0295E-10 8.3353E-10 8.7059E-10 8.9928E-10 9.2940E-10 9.7410E-10 1.0011E-09 1.0241E-09 1.0473E-09 1.0707E-09 1.0942E-09 1.1178E-09 1.1414E-09 1.1650E-09 1.2201E-09 1.2598E-09 1.3170E-09 1.3754E-09 1.4721E-09 1.5609E-09 1.6267E-09 1.7053E-09 1.7826E-09 1.9361E-09 2.0007E-09 2.0478E-09 2.2093E-09 2.2655E-09 2.3030E-09 2.3487E-09 2.4063E-09 2.4407E-09 2.4837E-09 2.5160E-09 2.5604E-09 2.6042E-09 2.6334E-09 2.6614E-09 2.7019E-09 2.7280E-09 2.7674E-09 2.7915E-09 2.8147E-09 2.8369E-09 2.8582E-09 2.8930E-09 2.9276E-09 2.9464E-09 2.9641E-09 2.9811E-09 2.9973E-09 3.0129E-09 3.0274E-09 3.0414E-09 3.0548E-09 3.0677E-09
7.6008E-10 8.0344E-10 8.3487E-10 8.6010E-10 8.9928E-10 9.3255E-10 9.6368E-10 1.0051E-09 1.0274E-09 1.0499E-09 1.0725E-09 1.0952E-09 1.1179E-09 1.1406E-09 1.1633E-09 1.1859E-09 1.2414E-09 1.2951E-09 1.3523E-09 1.4478E-09 1.4938E-09 1.5989E-09 1.6561E-09 1.7415E-09 1.8481E-09 1.9515E-09 2.0132E-09 2.0570E-09 2.2156E-09 2.2593E-09 2.3019E-09 2.3440E-09 2.3886E-09 2.4290E-09 2.4591E-09 2.4978E-09 2.5390E-09 2.5664E-09 2.6065E-09 2.6321E-09 2.6568E-09 2.6942E-09 2.7171E-09 2.7538E-09 2.7753E-09 2.7957E-09 2.8152E-09 2.8340E-09 2.8521E-09 2.8839E-09 2.9154E-09 2.9315E-09 2.9472E-09 2.9622E-09 2.9766E-09 2.9901E-09 3.0031E-09
7.5937E-10 8.0340E-10 8.3560E-10 8.5126E-10 9.0128E-10 9.3485E-10 9.5415E-10 1.0080E-09 1.0297E-09 1.0514E-09 1.0733E-09 1.0951E-09 1.1169E-09 1.1387E-09 1.1604E-09 1.1820E-09 1.2197E-09 1.2748E-09 1.3308E-09 1.3700E-09 1.4833E-09 1.5430E-09 1.6246E-09 1.6879E-09 1.7714E-09 1.9201E-09 1.9703E-09 2.0287E-09 2.0694E-09 2.2152E-09 2.2556E-09 2.2950E-09 2.3340E-09 2.3628E-09 2.4131E-09 2.4405E-09 2.4766E-09 2.5024E-09 2.5405E-09 2.5648E-09 2.6022E-09 2.6250E-09 2.6468E-09 2.6815E-09 2.7019E-09 2.7361E-09 2.7553E-09 2.7736E-09 2.7914E-09 2.8087E-09 2.8255E-09 2.8415E-09 2.8712E-09 2.9009E-09 2.9153E-09 2.9291E-09 2.9423E-09
7.5821E-10 7.8107E-10 8.1669E-10 8.5092E-10 8.8346E-10 9.2020E-10 9.5502E-10 9.8702E-10 1.0309E-09 1.0519E-09 1.0729E-09 1.0939E-09 1.1149E-09 1.1357E-09 1.1564E-09 1.1770E-09 1.1975E-09 1.2518E-09 1.2895E-09 1.3604E-09 1.4018E-09 1.4967E-09 1.5633E-09 1.6356E-09 1.7064E-09 1.7878E-09 1.9257E-09 1.9731E-09 2.0202E-09 2.0758E-09 2.2095E-09 2.2471E-09 2.2838E-09 2.3202E-09 2.3467E-09 2.3851E-09 2.4198E-09 2.4443E-09 2.4777E-09 2.5007E-09 2.5361E-09 2.5578E-09 2.5927E-09 2.6132E-09 2.6329E-09 2.6657E-09 2.6845E-09 2.7028E-09 2.7348E-09 2.7518E-09 2.7684E-09 2.7843E-09 2.7997E-09 2.8146E-09 2.8288E-09 2.8423E-09 2.8550E-09
7.5099E-10 7.6856E-10 8.1512E-10 8.4994E-10 8.7634E-10 9.2013E-10 9.5505E-10 9.8693E-10 1.0312E-09 1.0514E-09 1.0716E-09 1.0917E-09 1.1118E-09 1.1317E-09 1.1515E-09 1.1711E-09 1.1906E-09 1.2266E-09 1.2802E-09 1.3166E-09 1.3713E-09 1.4461E-09 1.5392E-09 1.6172E-09 1.6687E-09 1.7303E-09 1.7990E-09 1.9258E-09 1.9707E-09 2.0152E-09 2.1556E-09 2.1913E-09 2.2261E-09 2.2609E-09 2.2948E-09 2.3286E-09 2.3523E-09 2.3975E-09 2.4202E-09 2.4423E-09 2.4734E-09 2.4941E-09 2.5276E-09 2.5476E-09 2.5809E-09 2.5999E-09 2.6182E-09 2.6360E-09 2.6669E-09 2.6837E-09 2.7002E-09 2.7303E-09 2.7455E-09 2.7600E-09 2.7737E-09 2.7870E-09 2.7999E-09
7.4310E-10 7.6614E-10 7.9021E-10 8.2598E-10 8.6257E-10 9.0829E-10 9.3583E-10 9.7169E-10 1.0111E-09 1.0499E-09 1.0693E-09 1.0886E-09 1.1078E-09 1.1268E-09 1.1457E-09 1.1643E-09 1.1828E-09 1.2010E-09 1.2362E-09 1.2891E-09 1.3424E-09 1.3784E-09 1.4886E-09 1.5444E-09 1.6210E-09 1.6708E-09 1.7479E-09 1.8784E-09 1.9217E-09 1.9643E-09 2.0068E-09 2.1454E-09 2.1791E-09 2.2119E-09 2.2447E-09 2.2766E-09 2.3087E-09 2.3308E-09 2.3523E-09 2.3957E-09 2.4166E-09 2.4370E-09 2.4665E-09 2.4858E-09 2.5178E-09 2.5363E-09 2.5681E-09 2.5858E-09 2.6029E-09 2.6194E-09 2.6352E-09 2.6639E-09 2.6788E-09 2.6932E-09 2.7213E-09 2.7345E-09 2.7471E-09
7.4003E-10 7.5662E-10 7.7440E-10 8.2286E-10 8.5985E-10 8.8688E-10 9.3365E-10 9.6943E-10 1.0016E-09 1.0475E-09 1.0661E-09 1.0845E-09 1.1028E-09 1.1210E-09 1.1390E-09 1.1568E-09 1.1743E-09 1.1916E-09 1.2086E-09 1.2602E-09 1.3114E-09 1.3636E-09 1.4168E-09 1.4911E-09 1.5457E-09 1.6209E-09 1.6689E-09 1.7442E-09 1.8834E-09 1.9245E-09 1.9649E-09 2.0053E-09 2.1326E-09 2.1645E-09 2.1957E-09 2.2269E-09 2.2486E-09 2.2788E-09 2.3092E-09 2.3297E-09 2.3591E-09 2.3916E-09 2.4110E-09 2.4299E-09 2.4582E-09 2.4762E-09 2.4937E-09 2.5238E-09 2.5402E-09 2.5702E-09 2.5860E-09 2.6011E-09 2.6157E-09 2.6297E-09 2.6431E-09 2.6696E-09 2.6821E-09
7.0083E-10 7.5304E-10 7.7070E-10 7.9569E-10 8.3507E-10 8.6966E-10 9.1822E-10 9.4600E-10 9.8245E-10 1.0298E-09 1.0620E-09 1.0797E-09 1.0971E-09 1.1144E-09 1.1315E-09 1.1484E-09 1.1651E-09 1.1814E-09 1.1975E-09 1.2305E-09 1.2811E-09 1.3144E-09 1.3655E-09 1.4175E-09 1.5251E-09 1.5714E-09 1.6446E-09 1.6730E-09 1.7463E-09 1.8750E-09 1.9145E-09 1.9534E-09 1.9922E-09 2.1097E-09 2.1488E-09 2.1701E-09 2.1997E-09 2.2294E-09 2.2496E-09 2.2877E-09 2.3073E-09 2.3265E-09 2.3547E-09 2.3859E-09 2.4038E-09 2.4212E-09 2.4479E-09 2.4647E-09 2.4809E-09 2.5098E-09 2.5250E-09 2.5397E-09 2.5679E-09 2.5817E-09 2.5951E-09 2.6078E-09 2.6199E-09
6.6437E-10 7.4240E-10 7.5902E-10 7.7682E-10 8.0247E-10 8.6528E-10 8.9265E-10 9.4183E-10 9.7806E-10 1.0101E-09 1.0572E-09 1.0740E-09 1.0907E-09 1.1072E-09 1.1234E-09 1.1394E-09 1.1552E-09 1.1707E-09 1.1860E-09 1.2009E-09 1.2328E-09 1.2822E-09 1.3312E-09 1.3645E-09 1.4154E-09 1.5217E-09 1.5667E-09 1.6383E-09 1.6652E-09 1.7371E-09 1.8564E-09 1.9028E-09 1.9321E-09 1.9781E-09 2.0946E-09 2.1236E-09 2.1528E-09 2.1814E-09 2.2102E-09 2.2296E-09 2.2573E-09 2.2851E-09 2.3033E-09 2.3212E-09 2.3481E-09 2.3780E-09 2.3947E-09 2.4110E-09 2.4363E-09 2.4518E-09 2.4668E-09 2.4813E-09 2.4952E-09 2.5217E-09 2.5346E-09 2.5470E-09 2.5727E-09
6.5893E-10 6.9967E-10 7.5430E-10 7.7190E-10 7.9752E-10 8.3671E-10 8.7232E-10 9.3706E-10 9.5090E-10 9.8755E-10 1.0360E-09 1.0677E-09 1.0835E-09 1.0992E-09 1.1147E-09 1.1299E-09 1.1448E-09 1.1595E-09 1.1739E-09 1.1880E-09 1.2018E-09 1.2326E-09 1.2980E-09 1.3290E-09 1.3776E-09 1.4478E-09 1.5160E-09 1.5595E-09 1.6299E-09 1.6731E-09 1.7264E-09 1.8448E-09 1.8901E-09 1.9184E-09 1.9548E-09 2.0792E-09 2.1073E-09 2.1355E-09 2.1544E-09 2.1816E-09 2.2092E-09 2.2274E-09 2.2539E-09 2.2806E-09 2.2976E-09 2.3142E-09 2.3399E-09 2.3558E-09 2.3840E-09 2.3991E-09 2.4136E-09 2.4373E-09 2.4509E-09 2.4640E-09 2.4765E-09 2.4886E-09 2.5001E-09
6.4828E-10 6.5960E-10 7.4179E-10 7.5829E-10 7.7594E-10 8.0205E-10 8.6645E-10 8.9390E-10 9.4494E-10 9.8125E-10 1.0129E-09 1.0607E-09 1.0758E-09 1.0907E-09 1.1054E-09 1.1198E-09 1.1339E-09 1.1478E-09 1.1615E-09 1.1748E-09 1.1878E-09 1.2005E-09 1.2645E-09 1.2946E-09 1.3245E-09 1.3904E-09 1.4412E-09 1.5261E-09 1.5508E-09 1.6202E-09 1.6625E-09 1.7339E-09 1.8327E-09 1.8685E-09 1.9045E-09 1.9399E-09 2.0633E-09 2.0820E-09 2.1179E-09 2.1361E-09 2.1539E-09 2.1892E-09 2.2064E-09 2.2234E-09 2.2399E-09 2.2743E-09 2.2902E-09 2.3056E-09 2.3205E-09 2.3445E-09 2.3586E-09 2.3850E-09 2.3982E-09 2.4110E-09 2.4232E-09 2.4445E-09 2.4558E-09
6.2971E-10 6.4837E-10 6.9613E-10 7.5254E-10 7.6995E-10 7.9594E-10 8.0988E-10 8.7090E-10 9.3848E-10 9.5093E-10 9.8748E-10 1.0364E-09 1.0675E-09 1.0816E-09 1.0956E-09 1.1092E-09 1.1226E-09 1.1358E-09 1.1487E-09 1.1612E-09 1.1735E-09 1.1854E-09 1.2141E-09 1.2602E-09 1.2893E-09 1.3358E-09 1.3832E-09 1.4674E-09 1.5173E-09 1.5412E-09 1.6099E-09 1.6514E-09 1.7219E-09 1.8198E-09 1.8549E-09 1.8901E-09 1.9165E-09 2.0475E-09 2.0653E-09 2.0828E-09 2.1177E-09 2.1348E-09 2.1515E-09 2.1857E-09 2.2018E-09 2.2175E-09 2.2328E-09 2.2658E-09 2.2804E-09 2.2945E-09 2.3082E-09 2.3215E-09 2.3437E-09 2.3561E-09 2.3807E-09 2.3922E-09 2.4032E-09
5.9625E-10 6.3682E-10 6.5306E-10 7.1515E-10 7.5466E-10 7.7203E-10 7.9837E-10 8.6374E-10 8.9106E-10 9.4343E-10 9.7955E-10 1.0107E-09 1.0587E-09 1.0721E-09 1.0853E-09 1.0983E-09 1.1110E-09 1.1234E-09 1.1356E-09 1.1474E-09 1.1590E-09 1.1703E-09 1.1813E-09 1.2092E-09 1.2544E-09 1.2993E-09 1.3285E-09 1.3751E-09 1.4588E-09 1.5174E-09 1.5485E-09 1.5990E-09 1.6399E-09 1.7097E-09 1.8071E-09 1.8331E-09 1.8757E-09 1.9013E-09 2.0143E-09 2.0485E-09 2.0653E-09 2.0817E-09 2.1154E-09 2.1314E-09 2.1469E-09 2.1798E-09 2.1947E-09 2.2092E-09 2.2232E-09 2.2369E-09 2.2683E-09 2.2813E-09 2.2938E-09 2.3059E-09 2.3175E-09 2.3381E-09 2.3489E-09
5.7361E-10 6.1685E-10 6.4119E-10 6.8357E-10 7.4803E-10 7.6512E-10 7.9125E-10 8.0450E-10 8.6584E-10 9.1950E-10 9.4664E-10 9.8283E-10 1.0138E-09 1.0622E-09 1.0747E-09 1.0870E-09 1.0990E-09 1.1108E-09 1.1223E-09 1.1336E-09 1.1445E-09 1.1552E-09 1.1657E-09 1.1760E-09 1.2031E-09 1.2646E-09 1.2919E-09 1.3203E-09 1.3664E-09 1.4496E-09 1.5077E-09 1.5477E-09 1.5879E-09 1.6281E-09 1.6699E-09 1.7939E-09 1.8193E-09 1.8611E-09 1.8859E-09 1.9980E-09 2.0313E-09 2.0473E-09 2.0629E-09 2.0782E-09 2.1107E-09 2.1255E-09 2.1398E-09 2.1629E-09 2.1853E-09 2.1987E-09 2.2116E-09 2.2241E-09 2.2455E-09 2.2662E-09 2.2777E-09 2.2887E-09 2.2992E-09
5.4541E-10 5.8828E-10 6.2914E-10 6.4495E-10 7.0916E-10 7.4846E-10 7.6545E-10 7.9180E-10 8.3274E-10 8.8463E-10 9.3786E-10 9.5381E-10 9.8438E-10 1.0519E-09 1.0638E-09 1.0755E-09 1.0869E-09 1.0981E-09 1.1090E-09 1.1198E-09 1.1303E-09 1.1405E-09 1.1505E-09 1.1603E-09 1.1698E-09 1.1964E-09 1.2574E-09 1.2843E-09 1.3285E-09 1.3576E-09 1.4402E-09 1.4977E-09 1.5371E-09 1.5688E-09 1.6163E-09 1.6573E-09 1.7804E-09 1.8051E-09 1.8293E-09 1.8701E-09 1.9812E-09 1.9965E-09 2.0287E-09 2.0436E-09 2.0581E-09 2.0813E-09 2.1038E-09 2.1174E-09 2.1307E-09 2.1436E-09 2.1740E-09 2.1863E-09 2.1983E-09 2.2098E-09 2.2209E-09 2.2318E-09 2.2517E-09
5.2782E-10 5.6424E-10 5.8584E-10 6.2708E-10 6.6349E-10 7.1755E-10 7.5779E-10 7.8386E-10 7.9121E-10 8.5763E-10 9.0201E-10 9.3865E-10 9.7434E-10 1.0045E-09 1.0528E-09 1.0639E-09 1.0748E-09 1.0855E-09 1.0960E-09 1.1062E-09 1.1162E-09 1.1260E-09 1.1357E-09 1.1452E-09 1.1544E-09 1.1634E-09 1.2062E-09 1.2498E-09 1.2762E-09 1.3200E-09 1.3485E-09 1.4305E-09 1.4873E-09 1.5261E-09 1.5571E-09 1.6038E-09 1.6441E-09 1.7583E-09 1.7902E-09 1.8138E-09 1.8454E-09 1.9638E-09 1.9784E-09 1.9928E-09 2.0240E-09 2.0378E-09 2.0513E-09 2.0646E-09 2.0950E-09 2.1076E-09 2.1199E-09 2.1319E-09 2.1436E-09 2.1643E-09 2.1843E-09 2.1957E-09 2.2069E-09
5.1612E-10 5.2883E-10 5.7932E-10 6.0545E-10 6.3002E-10 6.8107E-10 7.4004E-10 7.5658E-10 7.8278E-10 8.2401E-10 8.7528E-10 9.2903E-10 9.4400E-10 9.7390E-10 1.0418E-09 1.0524E-09 1.0629E-09 1.0731E-09 1.0831E-09 1.0930E-09 1.1027E-09 1.1122E-09 1.1215E-09 1.1305E-09 1.1394E-09 1.1481E-09 1.1566E-09 1.1990E-09 1.2421E-09 1.2679E-09 1.2935E-09 1.3389E-09 1.4016E-09 1.4585E-09 1.5145E-09 1.5448E-09 1.5908E-09 1.6304E-09 1.7243E-09 1.7749E-09 1.7978E-09 1.8107E-09 1.8591E-09 1.9600E-09 1.9737E-09 1.9871E-09 2.0174E-09 2.0303E-09 2.0429E-09 2.0554E-09 2.0765E-09 2.0972E-09 2.1093E-09 2.1213E-09 2.1331E-09 2.1447E-09 2.1654E-09
4.8310E-10 5.1709E-10 5.4232E-10 5.7622E-10 6.1729E-10 6.5398E-10 6.9935E-10 7.4845E-10 7.6420E-10 7.8095E-10 8.2260E-10 8.7387E-10 9.2830E-10 9.6350E-10 9.9302E-10 1.0410E-09 1.0511E-09 1.0610E-09 1.0707E-09 1.0802E-09 1.0895E-09 1.0986E-09 1.1076E-09 1.1164E-09 1.1249E-09 1.1333E-09 1.1414E-09 1.1494E-09 1.1912E-09 1.2337E-09 1.2590E-09 1.2840E-09 1.3288E-09 1.3909E-09 1.4471E-09 1.5024E-09 1.5131E-09 1.5696E-09 1.6077E-09 1.7095E-09 1.7513E-09 1.7815E-09 1.7939E-09 1.8156E-09 1.9414E-09 1.9546E-09 1.9675E-09 1.9803E-09 2.0017E-09 2.0228E-09 2.0355E-09 2.0479E-09 2.0602E-09 2.0814E-09 2.1022E-09 2.1147E-09 2.1270E-09
4.7698E-10 5.0537E-10 5.1267E-10 5.6959E-10 5.7285E-10 6.1411E-10 6.5837E-10 7.0670E-10 7.4631E-10 7.7235E-10 7.8404E-10 8.2052E-10 9.1846E-10 9.2688E-10 9.6206E-10 9.9146E-10 1.0397E-09 1.0491E-09 1.0585E-09 1.0677E-09 1.0767E-09 1.0855E-09 1.0941E-09 1.1025E-09 1.1107E-09 1.1188E-09 1.1266E-09 1.1342E-09 1.1416E-09 1.1829E-09 1.2248E-09 1.2496E-09 1.2741E-09 1.2999E-09 1.3798E-09 1.4353E-09 1.4806E-09 1.5002E-09 1.5559E-09 1.5833E-09 1.6945E-09 1.7162E-09 1.7473E-09 1.7771E-09 1.7985E-09 1.9070E-09 1.9368E-09 1.9499E-09 1.9629E-09 1.9757E-09 1.9972E-09 2.0185E-09 2.0316E-09 2.0445E-09 2.0572E-09 2.0697E-09 2.0910E-09
4.7101E-10 4.7257E-10 5.0103E-10 5.2512E-10 5.6627E-10 5.7913E-10 6.2605E-10 6.8942E-10 7.0426E-10 7.4376E-10 7.6990E-10 8.1160E-10 8.6239E-10 9.1700E-10 9.3093E-10 9.6009E-10 1.0284E-09 1.0376E-09 1.0466E-09 1.0554E-09 1.0641E-09 1.0726E-09 1.0808E-09 1.0889E-09 1.0968E-09 1.1045E-09 1.1120E-09 1.1193E-09 1.1264E-09 1.1333E-09 1.1741E-09 1.2155E-09 1.2398E-09 1.2638E-09 1.2891E-09 1.3684E-09 1.4233E-09 1.4326E-09 1.4870E-09 1.5232E-09 1.5613E-09 1.6797E-09 1.6912E-09 1.7129E-09 1.7621E-09 1.7740E-09 1.8050E-09 1.9050E-09 1.9267E-09 1.9485E-09 1.9618E-09 1.9750E-09 1.9881E-09 2.0097E-09 2.0309E-09 2.0437E-09 2.0562E-09
4.6526E-10 4.6679E-10 4.6829E-10 5.0211E-10 5.2801E-10 5.6292E-10 5.9823E-10 6.3537E-10 6.9661E-10 7.3567E-10 7.6153E-10 7.7282E-10 8.0920E-10 8.7875E-10 9.1509E-10 9.4975E-10 9.7851E-10 1.0262E-09 1.0349E-09 1.0434E-09 1.0517E-09 1.0598E-09 1.0677E-09 1.0755E-09 1.0830E-09 1.0904E-09 1.0976E-09 1.1047E-09 1.1115E-09 1.1182E-09 1.1246E-09 1.1650E-09 1.1887E-09 1.2298E-09 1.2534E-09 1.2606E-09 1.3569E-09 1.3832E-09 1.4204E-09 1.4746E-09 1.4934E-09 1.5398E-09 1.5781E-09 1.6786E-09 1.7004E-09 1.7415E-09 1.7619E-09 1.7840E-09 1.8931E-09 1.9066E-09 1.9284E-09 1.9499E-09 1.9631E-09 1.9762E-09 1.9890E-09 2.0017E-09 2.0228E-09
4.5975E-10 4.6129E-10 4.6278E-10 4.8561E-10 5.0309E-10 5.5663E-10 5.6946E-10 6.0049E-10 6.4513E-10 6.9396E-10 7.3303E-10 7.5895E-10 7.8070E-10 8.0655E-10 9.0535E-10 9.1267E-10 9.4715E-10 9.8532E-10 1.0233E-09 1.0314E-09 1.0394E-09 1.0472E-09 1.0548E-09 1.0623E-09 1.0696E-09 1.0767E-09 1.0836E-09 1.0904E-09 1.0970E-09 1.1035E-09 1.1097E-09 1.1158E-09 1.1389E-09 1.1791E-09 1.2198E-09 1.2433E-09 1.2505E-09 1.3101E-09 1.3729E-09 1.4100E-09 1.4463E-09 1.4740E-09 1.5107E-09 1.5493E-09 1.6609E-09 1.6909E-09 1.7030E-09 1.7443E-09 1.7566E-09 1.7960E-09 1.8962E-09 1.9095E-09 1.9310E-09 1.9440E-09 1.9649E-09 1.9774E-09 1.9897E-09
4.5447E-10 4.5598E-10 4.5746E-10 4.5891E-10 4.8702E-10 5.1139E-10 5.5337E-10 5.6627E-10 6.1279E-10 6.6380E-10 6.9120E-10 7.3021E-10 7.5612E-10 7.9784E-10 8.2343E-10 9.0275E-10 9.1574E-10 9.4391E-10 1.0117E-09 1.0196E-09 1.0272E-09 1.0348E-09 1.0421E-09 1.0493E-09 1.0563E-09 1.0632E-09 1.0699E-09 1.0765E-09 1.0829E-09 1.0891E-09 1.0953E-09 1.1013E-09 1.1073E-09 1.1132E-09 1.1704E-09 1.2112E-09 1.2184E-09 1.2422E-09 1.2658E-09 1.3467E-09 1.3834E-09 1.4386E-09 1.4665E-09 1.5033E-09 1.5228E-09 1.6112E-09 1.6649E-09 1.6949E-09 1.7069E-09 1.7288E-09 1.7699E-09 1.8637E-09 1.8993E-09 1.9120E-09 1.9245E-09 1.9453E-09 1.9574E-09
