Assets/Resources/2015_m01_d05_0300(utc+0800)_l00_csi_1hr_conc.grd
DSAA
         159         159
     -79.000      79.000
     -79.000      79.000
  0.2750E-09  0.5011E-05
[rows 125 to 149 of 159, columns 0 to 56 of 159]
1.4132E-09 1.4256E-09 1.4362E-09 1.4464E-09 1.4564E-09 1.4667E-09 1.4768E-09 1.4853E-09 1.4940E-09 1.5038E-09 1.5126E-09 1.5206E-09 1.5280E-09 1.5349E-09 1.5443E-09 1.5518E-09 1.5576E-09 1.5641E-09 1.5701E-09 1.5760E-09 1.5831E-09 1.5872E-09 1.5917E-09 1.5955E-09 1.5994E-09 1.6035E-09 1.6061E-09 1.6099E-09 1.6102E-09 1.6109E-09 1.6121E-09 1.6140E-09 1.6169E-09 1.6158E-09 1.6143E-09 1.6111E-09 1.6098E-09 1.6091E-09 1.6083E-09 1.6038E-09 1.5992E-09 1.5949E-09 1.5911E-09 1.5855E-09 1.5827E-09 1.5777E-09 1.5761E-09 1.5677E-09 1.5658E-09 1.5568E-09 1.5485E-09 1.5425E-09 1.5333E-09 1.5236E-09 1.5134E-09 1.5054E-09 1.4935E-09
1.3807E-09 1.3911E-09 1.4012E-09 1.4126E-09 1.4223E-09 1.4316E-09 1.4401E-09 1.4498E-09 1.4589E-09 1.4665E-09 1.4737E-09 1.4824E-09 1.4902E-09 1.4973E-09 1.5036E-09 1.5099E-09 1.5173E-09 1.5234E-09 1.5296E-09 1.5340E-09 1.5392E-09 1.5437E-09 1.5473E-09 1.5534E-09 1.5575E-09 1.5588E-09 1.5606E-09 1.5624E-09 1.5663E-09 1.5689E-09 1.5697E-09 1.5681E-09 1.5675E-09 1.5674E-09 1.5666E-09 1.5678E-09 1.5644E-09 1.5624E-09 1.5589E-09 1.5530E-09 1.5504E-09 1.5482E-09 1.5427E-09 1.5370E-09 1.5296E-09 1.5239E-09 1.5168E-09 1.5107E-09 1.5043E-09 1.4970E-09 1.4901E-09 1.4854E-09 1.4824E-09 1.4713E-09 1.4609E-09 1.4553E-09 1.4439E-09
1.3487E-09 1.3592E-09 1.3689E-09 1.3784E-09 1.3871E-09 1.3972E-09 1.4063E-09 1.4142E-09 1.4222E-09 1.4306E-09 1.4392E-09 1.4458E-09 1.4525E-09 1.4587E-09 1.4658E-09 1.4731E-09 1.4775E-09 1.4833E-09 1.4874E-09 1.4936E-09 1.4995E-09 1.5031E-09 1.5071E-09 1.5089E-09 1.5131E-09 1.5161E-09 1.5194E-09 1.5222E-09 1.5222E-09 1.5227E-09 1.5216E-09 1.5230E-09 1.5262E-09 1.5236E-09 1.5230E-09 1.5208E-09 1.5171E-09 1.5158E-09 1.5129E-09 1.5096E-09 1.5050E-09 1.4998E-09 1.4946E-09 1.4889E-09 1.4848E-09 1.4783E-09 1.4736E-09 1.4696E-09 1.4621E-09 1.4535E-09 1.4445E-09 1.4354E-09 1.4256E-09 1.4163E-09 1.4063E-09 1.3950E-09 1.3840E-09
1.3167E-09 1.3269E-09 1.3372E-09 1.3464E-09 1.3553E-09 1.3638E-09 1.3721E-09 1.3812E-09 1.3885E-09 1.3964E-09 1.4031E-09 1.4099E-09 1.4176E-09 1.4238E-09 1.4291E-09 1.4346E-09 1.4394E-09 1.4455E-09 1.4513E-09 1.4552E-09 1.4579E-09 1.4632E-09 1.4664E-09 1.4705E-09 1.4722E-09 1.4756E-09 1.4771E-09 1.4768E-09 1.4800E-09 1.4820E-09 1.4822E-09 1.4819E-09 1.4806E-09 1.4789E-09 1.4792E-09 1.4766E-09 1.4753E-09 1.4707E-09 1.4676E-09 1.4642E-09 1.4601E-09 1.4572E-09 1.4530E-09 1.4499E-09 1.4444E-09 1.4383E-09 1.4309E-09 1.4240E-09 1.4156E-09 1.4079E-09 1.3989E-09 1.3900E-09 1.3806E-09 1.3705E-09 1.3599E-09 1.3500E-09 1.3386E-09
1.2863E-09 1.2961E-09 1.3051E-09 1.3144E-09 1.3230E-09 1.3317E-09 1.3402E-09 1.3474E-09 1.3553E-09 1.3631E-09 1.3699E-09 1.3760E-09 1.3822E-09 1.3881E-09 1.3938E-09 1.3999E-09 1.4044E-09 1.4084E-09 1.4132E-09 1.4165E-09 1.4207E-09 1.4237E-09 1.4285E-09 1.4297E-09 1.4315E-09 1.4345E-09 1.4372E-09 1.4391E-09 1.4398E-09 1.4393E-09 1.4396E-09 1.4402E-09 1.4382E-09 1.4382E-09 1.4362E-09 1.4349E-09 1.4319E-09 1.4300E-09 1.4265E-09 1.4241E-09 1.4205E-09 1.4153E-09 1.4104E-09 1.4042E-09 1.3987E-09 1.3919E-09 1.3857E-09 1.3782E-09 1.3718E-09 1.3641E-09 1.3554E-09 1.3475E-09 1.3380E-09 1.3281E-09 1.3175E-09 1.3091E-09 1.2984E-09
1.2566E-09 1.2659E-09 1.2751E-09 1.2835E-09 1.2922E-09 1.3002E-09 1.3074E-09 1.3154E-09 1.3230E-09 1.3294E-09 1.3365E-09 1.3419E-09 1.3490E-09 1.3548E-09 1.3597E-09 1.3647E-09 1.3687E-09 1.3734E-09 1.3772E-09 1.3817E-09 1.3842E-09 1.3860E-09 1.3890E-09 1.3926E-09 1.3952E-09 1.3965E-09 1.3975E-09 1.3983E-09 1.3984E-09 1.3988E-09 1.3992E-09 1.3998E-09 1.3991E-09 1.3981E-09 1.3963E-09 1.3941E-09 1.3920E-09 1.3894E-09 1.3855E-09 1.3815E-09 1.3766E-09 1.3720E-09 1.3661E-09 1.3612E-09 1.3572E-09 1.3519E-09 1.3474E-09 1.3405E-09 1.3337E-09 1.3260E-09 1.3177E-09 1.3100E-09 1.3013E-09 1.2905E-09 1.2812E-09 1.2717E-09 1.2613E-09
1.2245E-09 1.2348E-09 1.2435E-09 1.2522E-09 1.2600E-09 1.2690E-09 1.2756E-09 1.2836E-09 1.2898E-09 1.2972E-09 1.3037E-09 1.3093E-09 1.3150E-09 1.3203E-09 1.3262E-09 1.3302E-09 1.3358E-09 1.3392E-09 1.3419E-09 1.3452E-09 1.3484E-09 1.3513E-09 1.3532E-09 1.3557E-09 1.3578E-09 1.3582E-09 1.3590E-09 1.3597E-09 1.3605E-09 1.3621E-09 1.3609E-09 1.3600E-09 1.3590E-09 1.3576E-09 1.3561E-09 1.3540E-09 1.3508E-09 1.3477E-09 1.3450E-09 1.3413E-09 1.3385E-09 1.3341E-09 1.3304E-09 1.3247E-09 1.3196E-09 1.3142E-09 1.3074E-09 1.3017E-09 1.2945E-09 1.2866E-09 1.2796E-09 1.2718E-09 1.2640E-09 1.2544E-09 1.2452E-09 1.2378E-09 1.2271E-09
1.1938E-09 1.2024E-09 1.2106E-09 1.2188E-09 1.2273E-09 1.2343E-09 1.2415E-09 1.2495E-09 1.2561E-09 1.2628E-09 1.2694E-09 1.2757E-09 1.2813E-09 1.2872E-09 1.2919E-09 1.2958E-09 1.2998E-09 1.3042E-09 1.3084E-09 1.3107E-09 1.3146E-09 1.3166E-09 1.3183E-09 1.3198E-09 1.3208E-09 1.3228E-09 1.3243E-09 1.3250E-09 1.3242E-09 1.3244E-09 1.3238E-09 1.3222E-09 1.3213E-09 1.3189E-09 1.3168E-09 1.3154E-09 1.3117E-09 1.3104E-09 1.3072E-09 1.3042E-09 1.3006E-09 1.2959E-09 1.2911E-09 1.2860E-09 1.2812E-09 1.2751E-09 1.2687E-09 1.2626E-09 1.2564E-09 1.2503E-09 1.2436E-09 1.2368E-09 1.2292E-09 1.2209E-09 1.2131E-09 1.2052E-09 1.1981E-09
1.1641E-09 1.1721E-09 1.1800E-09 1.1871E-09 1.1958E-09 1.2030E-09 1.2102E-09 1.2177E-09 1.2242E-09 1.2300E-09 1.2356E-09 1.2422E-09 1.2468E-09 1.2516E-09 1.2574E-09 1.2610E-09 1.2650E-09 1.2689E-09 1.2728E-09 1.2758E-09 1.2789E-09 1.2810E-09 1.2844E-09 1.2870E-09 1.2876E-09 1.2883E-09 1.2892E-09 1.2888E-09 1.2886E-09 1.2881E-09 1.2872E-09 1.2863E-09 1.2851E-09 1.2839E-09 1.2822E-09 1.2793E-09 1.2770E-09 1.2739E-09 1.2706E-09 1.2670E-09 1.2625E-09 1.2586E-09 1.2542E-09 1.2500E-09 1.2443E-09 1.2402E-09 1.2342E-09 1.2283E-09 1.2225E-09 1.2163E-09 1.2112E-09 1.2050E-09 1.1979E-09 1.1922E-09 1.1856E-09 1.1797E-09 1.1737E-09
1.1364E-09 1.1451E-09 1.1523E-09 1.1596E-09 1.1671E-09 1.1745E-09 1.1804E-09 1.1869E-09 1.1936E-09 1.1988E-09 1.2042E-09 1.2099E-09 1.2150E-09 1.2197E-09 1.2247E-09 1.2297E-09 1.2328E-09 1.2363E-09 1.2403E-09 1.2440E-09 1.2464E-09 1.2480E-09 1.2505E-09 1.2515E-09 1.2530E-09 1.2542E-09 1.2549E-09 1.2557E-09 1.2567E-09 1.2555E-09 1.2547E-09 1.2539E-09 1.2518E-09 1.2504E-09 1.2485E-09 1.2463E-09 1.2442E-09 1.2414E-09 1.2386E-09 1.2353E-09 1.2315E-09 1.2280E-09 1.2233E-09 1.2193E-09 1.2152E-09 1.2106E-09 1.2062E-09 1.2016E-09 1.1952E-09 1.1902E-09 1.1848E-09 1.1799E-09 1.1731E-09 1.1685E-09 1.1632E-09 1.1574E-09 1.1528E-09
1.1093E-09 1.1172E-09 1.1245E-09 1.1313E-09 1.1378E-09 1.1450E-09 1.1503E-09 1.1566E-09 1.1635E-09 1.1692E-09 1.1748E-09 1.1802E-09 1.1851E-09 1.1899E-09 1.1938E-09 1.1985E-09 1.2018E-09 1.2049E-09 1.2077E-09 1.2111E-09 1.2141E-09 1.2160E-09 1.2183E-09 1.2197E-09 1.2215E-09 1.2224E-09 1.2228E-09 1.2232E-09 1.2229E-09 1.2231E-09 1.2224E-09 1.2216E-09 1.2202E-09 1.2191E-09 1.2170E-09 1.2149E-09 1.2128E-09 1.2105E-09 1.2080E-09 1.2054E-09 1.2022E-09 1.1986E-09 1.1954E-09 1.1915E-09 1.1874E-09 1.1834E-09 1.1793E-09 1.1752E-09 1.1699E-09 1.1650E-09 1.1612E-09 1.1554E-09 1.1508E-09 1.1470E-09 1.1426E-09 1.1384E-09 1.1340E-09
1.0834E-09 1.0903E-09 1.0975E-09 1.1039E-09 1.1110E-09 1.1182E-09 1.1241E-09 1.1299E-09 1.1350E-09 1.1408E-09 1.1463E-09 1.1507E-09 1.1559E-09 1.1600E-09 1.1642E-09 1.1674E-09 1.1717E-09 1.1747E-09 1.1780E-09 1.1803E-09 1.1829E-09 1.1853E-09 1.1867E-09 1.1878E-09 1.1902E-09 1.1914E-09 1.1917E-09 1.1924E-09 1.1925E-09 1.1921E-09 1.1920E-09 1.1912E-09 1.1907E-09 1.1894E-09 1.1877E-09 1.1863E-09 1.1837E-09 1.1824E-09 1.1797E-09 1.1777E-09 1.1747E-09 1.1717E-09 1.1687E-09 1.1651E-09 1.1616E-09 1.1580E-09 1.1544E-09 1.1507E-09 1.1456E-09 1.1423E-09 1.1389E-09 1.1352E-09 1.1317E-09 1.1278E-09 1.1237E-09 1.1197E-09 1.1151E-09
1.0588E-09 1.0659E-09 1.0728E-09 1.0791E-09 1.0857E-09 1.0913E-09 1.0975E-09 1.1031E-09 1.1082E-09 1.1139E-09 1.1188E-09 1.1232E-09 1.1278E-09 1.1322E-09 1.1357E-09 1.1392E-09 1.1423E-09 1.1459E-09 1.1487E-09 1.1516E-09 1.1542E-09 1.1562E-09 1.1584E-09 1.1597E-09 1.1607E-09 1.1618E-09 1.1629E-09 1.1633E-09 1.1638E-09 1.1643E-09 1.1641E-09 1.1636E-09 1.1628E-09 1.1613E-09 1.1606E-09 1.1590E-09 1.1576E-09 1.1549E-09 1.1535E-09 1.1511E-09 1.1486E-09 1.1461E-09 1.1434E-09 1.1404E-09 1.1373E-09 1.1346E-09 1.1316E-09 1.1287E-09 1.1260E-09 1.1231E-09 1.1196E-09 1.1163E-09 1.1127E-09 1.1089E-09 1.1052E-09 1.1009E-09 1.0968E-09
1.0365E-09 1.0435E-09 1.0495E-09 1.0556E-09 1.0613E-09 1.0668E-09 1.0722E-09 1.0774E-09 1.0823E-09 1.0877E-09 1.0926E-09 1.0980E-09 1.1021E-09 1.1064E-09 1.1101E-09 1.1145E-09 1.1169E-09 1.1197E-09 1.1226E-09 1.1252E-09 1.1274E-09 1.1293E-09 1.1311E-09 1.1324E-09 1.1335E-09 1.1346E-09 1.1356E-09 1.1358E-09 1.1363E-09 1.1364E-09 1.1366E-09 1.1366E-09 1.1363E-09 1.1356E-09 1.1346E-09 1.1332E-09 1.1319E-09 1.1304E-09 1.1289E-09 1.1269E-09 1.1247E-09 1.1232E-09 1.1212E-09 1.1188E-09 1.1168E-09 1.1147E-09 1.1121E-09 1.1096E-09 1.1070E-09 1.1038E-09 1.1008E-09 1.0976E-09 1.0940E-09 1.0906E-09 1.0866E-09 1.0827E-09 1.0789E-09
1.0137E-09 1.0197E-09 1.0256E-09 1.0313E-09 1.0378E-09 1.0439E-09 1.0491E-09 1.0544E-09 1.0593E-09 1.0642E-09 1.0688E-09 1.0734E-09 1.0775E-09 1.0808E-09 1.0844E-09 1.0879E-09 1.0912E-09 1.0942E-09 1.0971E-09 1.0999E-09 1.1019E-09 1.1041E-09 1.1059E-09 1.1075E-09 1.1087E-09 1.1101E-09 1.1109E-09 1.1114E-09 1.1118E-09 1.1116E-09 1.1122E-09 1.1117E-09 1.1120E-09 1.1113E-09 1.1111E-09 1.1098E-09 1.1090E-09 1.1079E-09 1.1069E-09 1.1057E-09 1.1041E-09 1.1028E-09 1.1013E-09 1.0996E-09 1.0978E-09 1.0954E-09 1.0932E-09 1.0909E-09 1.0879E-09 1.0852E-09 1.0823E-09 1.0790E-09 1.0758E-09 1.0722E-09 1.0685E-09 1.0650E-09 1.0608E-09
9.9135E-10 9.9796E-10 1.0041E-09 1.0100E-09 1.0157E-09 1.0210E-09 1.0267E-09 1.0316E-09 1.0364E-09 1.0409E-09 1.0447E-09 1.0490E-09 1.0534E-09 1.0573E-09 1.0606E-09 1.0640E-09 1.0670E-09 1.0698E-09 1.0726E-09 1.0753E-09 1.0775E-09 1.0796E-09 1.0816E-09 1.0833E-09 1.0848E-09 1.0861E-09 1.0874E-09 1.0881E-09 1.0892E-09 1.0892E-09 1.0892E-09 1.0895E-09 1.0898E-09 1.0898E-09 1.0892E-09 1.0888E-09 1.0882E-09 1.0877E-09 1.0870E-09 1.0861E-09 1.0850E-09 1.0838E-09 1.0824E-09 1.0808E-09 1.0787E-09 1.0767E-09 1.0746E-09 1.0719E-09 1.0695E-09 1.0669E-09 1.0638E-09 1.0609E-09 1.0576E-09 1.0542E-09 1.0509E-09 1.0471E-09 1.0432E-09
9.7137E-10 9.7721E-10 9.8320E-10 9.8869E-10 9.9400E-10 9.9916E-10 1.0045E-09 1.0090E-09 1.0137E-09 1.0182E-09 1.0225E-09 1.0266E-09 1.0305E-09 1.0340E-09 1.0380E-09 1.0414E-09 1.0446E-09 1.0473E-09 1.0502E-09 1.0529E-09 1.0554E-09 1.0574E-09 1.0595E-09 1.0615E-09 1.0630E-09 1.0643E-09 1.0655E-09 1.0665E-09 1.0676E-09 1.0680E-09 1.0684E-09 1.0690E-09 1.0694E-09 1.0697E-09 1.0697E-09 1.0696E-09 1.0693E-09 1.0688E-09 1.0681E-09 1.0673E-09 1.0663E-09 1.0651E-09 1.0637E-09 1.0619E-09 1.0602E-09 1.0584E-09 1.0559E-09 1.0538E-09 1.0514E-09 1.0486E-09 1.0460E-09 1.0428E-09 1.0397E-09 1.0367E-09 1.0332E-09 1.0295E-09 1.0260E-09
9.5154E-10 9.5728E-10 9.6282E-10 9.6820E-10 9.7340E-10 9.7846E-10 9.8335E-10 9.8871E-10 9.9360E-10 9.9834E-10 1.0026E-09 1.0070E-09 1.0109E-09 1.0143E-09 1.0178E-09 1.0212E-09 1.0241E-09 1.0271E-09 1.0296E-09 1.0323E-09 1.0347E-09 1.0364E-09 1.0386E-09 1.0406E-09 1.0424E-09 1.0440E-09 1.0455E-09 1.0468E-09 1.0479E-09 1.0489E-09 1.0496E-09 1.0502E-09 1.0506E-09 1.0509E-09 1.0510E-09 1.0509E-09 1.0506E-09 1.0502E-09 1.0496E-09 1.0488E-09 1.0478E-09 1.0466E-09 1.0451E-09 1.0437E-09 1.0421E-09 1.0399E-09 1.0380E-09 1.0359E-09 1.0332E-09 1.0309E-09 1.0280E-09 1.0252E-09 1.0224E-09 1.0191E-09 1.0157E-09 1.0125E-09 1.0092E-09
9.3456E-10 9.4020E-10 9.4566E-10 9.5095E-10 9.5607E-10 9.6103E-10 9.6583E-10 9.7048E-10 9.7497E-10 9.7930E-10 9.8345E-10 9.8745E-10 9.9127E-10 9.9493E-10 9.9841E-10 1.0017E-09 1.0049E-09 1.0078E-09 1.0106E-09 1.0133E-09 1.0157E-09 1.0180E-09 1.0202E-09 1.0221E-09 1.0239E-09 1.0255E-09 1.0270E-09 1.0283E-09 1.0294E-09 1.0304E-09 1.0311E-09 1.0317E-09 1.0322E-09 1.0325E-09 1.0326E-09 1.0325E-09 1.0323E-09 1.0319E-09 1.0312E-09 1.0305E-09 1.0295E-09 1.0283E-09 1.0271E-09 1.0256E-09 1.0238E-09 1.0221E-09 1.0203E-09 1.0179E-09 1.0158E-09 1.0132E-09 1.0106E-09 1.0080E-09 1.0051E-09 1.0018E-09 9.9890E-10 9.9581E-10 9.9225E-10
9.1786E-10 9.2340E-10 9.2878E-10 9.3398E-10 9.3902E-10 9.4389E-10 9.4861E-10 9.5318E-10 9.5759E-10 9.6184E-10 9.6593E-10 9.6986E-10 9.7362E-10 9.7721E-10 9.8064E-10 9.8389E-10 9.8698E-10 9.8991E-10 9.9267E-10 9.9526E-10 9.9769E-10 9.9995E-10 1.0020E-09 1.0040E-09 1.0058E-09 1.0074E-09 1.0088E-09 1.0101E-09 1.0112E-09 1.0122E-09 1.0130E-09 1.0136E-09 1.0140E-09 1.0143E-09 1.0145E-09 1.0143E-09 1.0141E-09 1.0138E-09 1.0131E-09 1.0125E-09 1.0115E-09 1.0104E-09 1.0093E-09 1.0077E-09 1.0062E-09 1.0045E-09 1.0025E-09 1.0006E-09 9.9824E-10 9.9586E-10 9.9357E-10 9.9090E-10 9.8788E-10 9.8518E-10 9.8233E-10 9.7913E-10 9.7547E-10
9.0142E-10 9.0687E-10 9.1217E-10 9.1729E-10 9.2225E-10 9.2704E-10 9.3168E-10 9.3617E-10 9.4050E-10 9.4468E-10 9.4870E-10 9.5256E-10 9.5626E-10 9.5979E-10 9.6316E-10 9.6637E-10 9.6941E-10 9.7229E-10 9.7500E-10 9.7756E-10 9.7995E-10 9.8218E-10 9.8425E-10 9.8616E-10 9.8792E-10 9.8951E-10 9.9095E-10 9.9223E-10 9.9335E-10 9.9430E-10 9.9510E-10 9.9574E-10 9.9608E-10 9.9640E-10 9.9656E-10 9.9644E-10 9.9629E-10 9.9587E-10 9.9528E-10 9.9467E-10 9.9378E-10 9.9286E-10 9.9158E-10 9.9025E-10 9.8855E-10 9.8705E-10 9.8540E-10 9.8304E-10 9.8112E-10 9.7905E-10 9.7662E-10 9.7384E-10 9.7137E-10 9.6877E-10 9.6580E-10 9.6238E-10 9.5939E-10
8.8524E-10 8.9061E-10 8.9583E-10 9.0088E-10 9.0576E-10 9.1047E-10 9.1503E-10 9.1944E-10 9.2371E-10 9.2781E-10 9.3177E-10 9.3556E-10 9.3920E-10 9.4268E-10 9.4599E-10 9.4915E-10 9.5214E-10 9.5497E-10 9.5765E-10 9.6017E-10 9.6252E-10 9.6472E-10 9.6677E-10 9.6865E-10 9.7039E-10 9.7197E-10 9.7340E-10 9.7467E-10 9.7563E-10 9.7660E-10 9.7741E-10 9.7792E-10 9.7843E-10 9.7878E-10 9.7870E-10 9.7875E-10 9.7864E-10 9.7826E-10 9.7785E-10 9.7717E-10 9.7623E-10 9.7538E-10 9.7437E-10 9.7289E-10 9.7161E-10 9.7017E-10 9.6804E-10 9.6634E-10 9.6450E-10 9.6229E-10 9.5974E-10 9.5750E-10 9.5512E-10 9.5238E-10 9.4920E-10 9.4645E-10 9.4324E-10
8.6932E-10 8.7462E-10 8.7975E-10 8.8473E-10 8.8953E-10 8.9418E-10 8.9866E-10 9.0301E-10 9.0719E-10 9.1123E-10 9.1512E-10 9.1886E-10 9.2243E-10 9.2586E-10 9.2912E-10 9.3222E-10 9.3517E-10 9.3796E-10 9.4059E-10 9.4308E-10 9.4540E-10 9.4757E-10 9.4959E-10 9.5128E-10 9.5300E-10 9.5457E-10 9.5599E-10 9.5711E-10 9.5824E-10 9.5921E-10 9.6003E-10 9.6042E-10 9.6095E-10 9.6133E-10 9.6142E-10 9.6150E-10 9.6143E-10 9.6096E-10 9.6060E-10 9.5998E-10 9.5921E-10 9.5841E-10 9.5725E-10 9.5605E-10 9.5483E-10 9.5303E-10 9.5154E-10 9.4991E-10 9.4792E-10 9.4560E-10 9.4358E-10 9.4142E-10 9.3901E-10 9.3595E-10 9.3342E-10 9.3043E-10 9.2572E-10
8.5367E-10 8.5889E-10 8.6394E-10 8.6885E-10 8.7358E-10 8.7816E-10 8.8257E-10 8.8684E-10 8.9096E-10 8.9493E-10 8.9876E-10 9.0244E-10 9.0595E-10 9.0932E-10 9.1254E-10 9.1560E-10 9.1850E-10 9.2105E-10 9.2365E-10 9.2610E-10 9.2840E-10 9.3055E-10 9.3254E-10 9.3423E-10 9.3593E-10 9.3749E-10 9.3874E-10 9.3987E-10 9.4100E-10 9.4199E-10 9.4268E-10 9.4337E-10 9.4392E-10 9.4419E-10 9.4430E-10 9.4442E-10 9.4427E-10 9.4397E-10 9.4366E-10 9.4308E-10 9.4236E-10 9.4151E-10 9.4052E-10 9.3950E-10 9.3802E-10 9.3674E-10 9.3520E-10 9.3342E-10 9.3142E-10 9.2961E-10 9.2767E-10 9.2548E-10 9.2263E-10 9.2032E-10 9.1788E-10 9.1307E-10 9.1049E-10
8.3828E-10 8.4342E-10 8.4840E-10 8.5323E-10 8.5790E-10 8.6218E-10 8.6653E-10 8.7073E-10 8.7479E-10 8.7870E-10 8.8247E-10 8.8609E-10 8.8956E-10 8.9288E-10 8.9605E-10 8.9907E-10 9.0193E-10 9.0464E-10 9.0703E-10 9.0944E-10 9.1172E-10 9.1366E-10 9.1564E-10 9.1731E-10 9.1901E-10 9.2057E-10 9.2182E-10 9.2310E-10 9.2423E-10 9.2522E-10 9.2577E-10 9.2649E-10 9.2706E-10 9.2722E-10 9.2751E-10 9.2766E-10 9.2754E-10 9.2727E-10 9.2689E-10 9.2635E-10 9.2581E-10 9.2513E-10 9.2419E-10 9.2302E-10 9.2181E-10 9.2059E-10 9.1869E-10 9.1723E-10 9.1562E-10 9.1388E-10 9.1190E-10 9.0927E-10 9.0717E-10 9.0494E-10 9.0036E-10 8.9799E-10 8.9517E-10
