Assets/Resources/2015_m01_d26_0900(utc+0800)_l00_csi_1hr_conc.grd
DSAA
         159         159
     -79.000      79.000
     -79.000      79.000
  0.0000E+00  0.4347E-05
[rows 25 to 49 of 159, columns 0 to 56 of 159]
9.1552E-10 9.6052E-10 1.0160E-09 1.0918E-09 1.1456E-09 1.2336E-09 1.2964E-09 1.3739E-09 1.4387E-09 1.5107E-09 1.5945E-09 1.6692E-09 1.7605E-09 1.8455E-09 1.9313E-09 2.0481E-09 2.1463E-09 2.2763E-09 2.3899E-09 2.5238E-09 2.6656E-09 2.8047E-09 2.9756E-09 3.1308E-09 3.3101E-09 3.5031E-09 3.6945E-09 3.9036E-09 4.1115E-09 4.3427E-09 4.5726E-09 4.8276E-09 5.0840E-09 5.3637E-09 5.6479E-09 5.9502E-09 6.2633E-09 6.5898E-09 6.9297E-09 7.2863E-09 7.6550E-09 8.0341E-09 8.4296E-09 8.8392E-09 9.2573E-09 9.6835E-09 1.0124E-08 1.0574E-08 1.1025E-08 1.1479E-08 1.1941E-08 1.2403E-08 1.2862E-08 1.3315E-08 1.3756E-08 1.4186E-08 1.4605E-08
9.2276E-10 9.6817E-10 1.0329E-09 1.1009E-09 1.1642E-09 1.2499E-09 1.3078E-09 1.3865E-09 1.4517E-09 1.5370E-09 1.6097E-09 1.6852E-09 1.7778E-09 1.8639E-09 1.9610E-09 2.0695E-09 2.1694E-09 2.3016E-09 2.4176E-09 2.5648E-09 2.6987E-09 2.8526E-09 3.0154E-09 3.1745E-09 3.3701E-09 3.5570E-09 3.7528E-09 3.9668E-09 4.1810E-09 4.4189E-09 4.6559E-09 4.9195E-09 5.1840E-09 5.4743E-09 5.7686E-09 6.0834E-09 6.4084E-09 6.7475E-09 7.1050E-09 7.4766E-09 7.8595E-09 8.2609E-09 8.6790E-09 9.1070E-09 9.5464E-09 1.0004E-08 1.0472E-08 1.0945E-08 1.1428E-08 1.1921E-08 1.2415E-08 1.2908E-08 1.3399E-08 1.3883E-08 1.4363E-08 1.4833E-08 1.5284E-08
9.2951E-10 9.7530E-10 1.0407E-09 1.1094E-09 1.1787E-09 1.2600E-09 1.3183E-09 1.3982E-09 1.4638E-09 1.5504E-09 1.6237E-09 1.7129E-09 1.7940E-09 1.8811E-09 1.9791E-09 2.0898E-09 2.2018E-09 2.3252E-09 2.4432E-09 2.5931E-09 2.7299E-09 2.8980E-09 3.0532E-09 3.2280E-09 3.4156E-09 3.6082E-09 3.8072E-09 4.0271E-09 4.2469E-09 4.4912E-09 4.7354E-09 5.0074E-09 5.2797E-09 5.5807E-09 5.8858E-09 6.2122E-09 6.5489E-09 6.9039E-09 7.2759E-09 7.6602E-09 8.0640E-09 8.4875E-09 8.9227E-09 9.3718E-09 9.8416E-09 1.0325E-08 1.0815E-08 1.1322E-08 1.1840E-08 1.2361E-08 1.2886E-08 1.3413E-08 1.3941E-08 1.4465E-08 1.4983E-08 1.5482E-08 1.5966E-08
9.3999E-10 9.8191E-10 1.0590E-09 1.1172E-09 1.1962E-09 1.2693E-09 1.3336E-09 1.4090E-09 1.4750E-09 1.5628E-09 1.6368E-09 1.7272E-09 1.8088E-09 1.8970E-09 2.0062E-09 2.1085E-09 2.2217E-09 2.3473E-09 2.4669E-09 2.6192E-09 2.7586E-09 2.9297E-09 3.0883E-09 3.2661E-09 3.4586E-09 3.6556E-09 3.8580E-09 4.0838E-09 4.3084E-09 4.5599E-09 4.8108E-09 5.0905E-09 5.3715E-09 5.6828E-09 5.9979E-09 6.3357E-09 6.6860E-09 7.0555E-09 7.4393E-09 7.8420E-09 8.2675E-09 8.7069E-09 9.1620E-09 9.6408E-09 1.0136E-08 1.0640E-08 1.1165E-08 1.1704E-08 1.2250E-08 1.2804E-08 1.3367E-08 1.3933E-08 1.4500E-08 1.5060E-08 1.5610E-08 1.6151E-08 1.6677E-08
9.4577E-10 9.8798E-10 1.0700E-09 1.1244E-09 1.2154E-09 1.2778E-09 1.3426E-09 1.4190E-09 1.4853E-09 1.5742E-09 1.6488E-09 1.7402E-09 1.8225E-09 1.9115E-09 2.0219E-09 2.1256E-09 2.2507E-09 2.3676E-09 2.5002E-09 2.6434E-09 2.7849E-09 2.9589E-09 3.1207E-09 3.3138E-09 3.4986E-09 3.6991E-09 3.9050E-09 4.1364E-09 4.3660E-09 4.6245E-09 4.8813E-09 5.1690E-09 5.4581E-09 5.7798E-09 6.1049E-09 6.4540E-09 6.8188E-09 7.1997E-09 7.5980E-09 8.0223E-09 8.4630E-09 8.9205E-09 9.4038E-09 9.9058E-09 1.0421E-08 1.0959E-08 1.1514E-08 1.2081E-08 1.2662E-08 1.3254E-08 1.3855E-08 1.4461E-08 1.5065E-08 1.5665E-08 1.6262E-08 1.6847E-08 1.7412E-08
9.5103E-10 9.9349E-10 1.0762E-09 1.1309E-09 1.2227E-09 1.2855E-09 1.3626E-09 1.4280E-09 1.5003E-09 1.5845E-09 1.6596E-09 1.7519E-09 1.8349E-09 1.9244E-09 2.0361E-09 2.1409E-09 2.2675E-09 2.3859E-09 2.5310E-09 2.6653E-09 2.8208E-09 2.9854E-09 3.1499E-09 3.3464E-09 3.5354E-09 3.7386E-09 3.9484E-09 4.1850E-09 4.4190E-09 4.6843E-09 4.9469E-09 5.2426E-09 5.5396E-09 5.8712E-09 6.2059E-09 6.5693E-09 6.9450E-09 7.3374E-09 7.7557E-09 8.1945E-09 8.6511E-09 9.1342E-09 9.6390E-09 1.0161E-08 1.0707E-08 1.1274E-08 1.1858E-08 1.2458E-08 1.3075E-08 1.3706E-08 1.4345E-08 1.4987E-08 1.5635E-08 1.6282E-08 1.6921E-08 1.7546E-08 1.8153E-08
9.5575E-10 1.0027E-09 1.0817E-09 1.1367E-09 1.2292E-09 1.2924E-09 1.3702E-09 1.4359E-09 1.5086E-09 1.5937E-09 1.6693E-09 1.7625E-09 1.8460E-09 1.9360E-09 2.0488E-09 2.1546E-09 2.2824E-09 2.4020E-09 2.5488E-09 2.6849E-09 2.8421E-09 3.0094E-09 3.1888E-09 3.3756E-09 3.5682E-09 3.7743E-09 3.9881E-09 4.2290E-09 4.4680E-09 4.7394E-09 5.0070E-09 5.3106E-09 5.6154E-09 5.9566E-09 6.3008E-09 6.6757E-09 7.0612E-09 7.4702E-09 7.9042E-09 8.3570E-09 8.8357E-09 9.3405E-09 9.8648E-09 1.0414E-08 1.0988E-08 1.1583E-08 1.2198E-08 1.2833E-08 1.3488E-08 1.4157E-08 1.4835E-08 1.5525E-08 1.6220E-08 1.6912E-08 1.7595E-08 1.8268E-08 1.8919E-08
9.5993E-10 1.0159E-09 1.0866E-09 1.1419E-09 1.2349E-09 1.2985E-09 1.3769E-09 1.4428E-09 1.5283E-09 1.6017E-09 1.6778E-09 1.7717E-09 1.8557E-09 1.9461E-09 2.0599E-09 2.1666E-09 2.2954E-09 2.4160E-09 2.5644E-09 2.7019E-09 2.8726E-09 3.0304E-09 3.2118E-09 3.4018E-09 3.5974E-09 3.8049E-09 4.0223E-09 4.2676E-09 4.5111E-09 4.7878E-09 5.0614E-09 5.3724E-09 5.6845E-09 6.0350E-09 6.3899E-09 6.7749E-09 7.1716E-09 7.5968E-09 8.0435E-09 8.5131E-09 9.0132E-09 9.5367E-09 1.0083E-08 1.0660E-08 1.1261E-08 1.1885E-08 1.2533E-08 1.3205E-08 1.3896E-08 1.4604E-08 1.5328E-08 1.6065E-08 1.6804E-08 1.7543E-08 1.8279E-08 1.8999E-08 1.9701E-08
9.6355E-10 1.0198E-09 1.0908E-09 1.1598E-09 1.2399E-09 1.3037E-09 1.3826E-09 1.4487E-09 1.5349E-09 1.6085E-09 1.6978E-09 1.7796E-09 1.8641E-09 1.9547E-09 2.0693E-09 2.1768E-09 2.3065E-09 2.4280E-09 2.5776E-09 2.7162E-09 2.8889E-09 3.0483E-09 3.2440E-09 3.4246E-09 3.6221E-09 3.8314E-09 4.0523E-09 4.3019E-09 4.5495E-09 4.8311E-09 5.1090E-09 5.4275E-09 5.7455E-09 6.1053E-09 6.4696E-09 6.8632E-09 7.2749E-09 7.7128E-09 8.1727E-09 8.6629E-09 9.1806E-09 9.7210E-09 1.0294E-08 1.0896E-08 1.1522E-08 1.2178E-08 1.2862E-08 1.3569E-08 1.4298E-08 1.5050E-08 1.5820E-08 1.6600E-08 1.7390E-08 1.8182E-08 1.8967E-08 1.9740E-08 2.0494E-08
9.6660E-10 1.0231E-09 1.0943E-09 1.1636E-09 1.2440E-09 1.3081E-09 1.3874E-09 1.4536E-09 1.5403E-09 1.6141E-09 1.7042E-09 1.7861E-09 1.8710E-09 1.9619E-09 2.0771E-09 2.1851E-09 2.3155E-09 2.4378E-09 2.5883E-09 2.7280E-09 2.9021E-09 3.0629E-09 3.2609E-09 3.4437E-09 3.6429E-09 3.8540E-09 4.0774E-09 4.3288E-09 4.5802E-09 4.8664E-09 5.1491E-09 5.4742E-09 5.7976E-09 6.1675E-09 6.5393E-09 6.9430E-09 7.3696E-09 7.8167E-09 8.2919E-09 8.8001E-09 9.3315E-09 9.8946E-09 1.0493E-08 1.1117E-08 1.1772E-08 1.2462E-08 1.3178E-08 1.3923E-08 1.4695E-08 1.5491E-08 1.6305E-08 1.7136E-08 1.7976E-08 1.8819E-08 1.9659E-08 2.0490E-08 2.1298E-08
9.6909E-10 1.0257E-09 1.0972E-09 1.1667E-09 1.2473E-09 1.3115E-09 1.3912E-09 1.4576E-09 1.5447E-09 1.6185E-09 1.7093E-09 1.7912E-09 1.8766E-09 1.9676E-09 2.0832E-09 2.1916E-09 2.3225E-09 2.4454E-09 2.5967E-09 2.7372E-09 2.9125E-09 3.0745E-09 3.2743E-09 3.4589E-09 3.6598E-09 3.8720E-09 4.0977E-09 4.3508E-09 4.6050E-09 4.8946E-09 5.1814E-09 5.5124E-09 5.8405E-09 6.2204E-09 6.5979E-09 7.0137E-09 7.4487E-09 7.9080E-09 8.4006E-09 8.9210E-09 9.4698E-09 1.0057E-08 1.0675E-08 1.1324E-08 1.2011E-08 1.2731E-08 1.3481E-08 1.4265E-08 1.5079E-08 1.5918E-08 1.6783E-08 1.7663E-08 1.8554E-08 1.9454E-08 2.0352E-08 2.1238E-08 2.2105E-08
9.7101E-10 1.0278E-09 1.0993E-09 1.1690E-09 1.2498E-09 1.3142E-09 1.3940E-09 1.4605E-09 1.5479E-09 1.6218E-09 1.7130E-09 1.7949E-09 1.8807E-09 1.9718E-09 2.0876E-09 2.1962E-09 2.3274E-09 2.4507E-09 2.6025E-09 2.7437E-09 2.9200E-09 3.0830E-09 3.2843E-09 3.4704E-09 3.6725E-09 3.8858E-09 4.1132E-09 4.3673E-09 4.6238E-09 4.9151E-09 5.2059E-09 5.5419E-09 5.8747E-09 6.2616E-09 6.6449E-09 7.0714E-09 7.5154E-09 7.9867E-09 8.4926E-09 9.0256E-09 9.5955E-09 1.0202E-08 1.0840E-08 1.1518E-08 1.2232E-08 1.2981E-08 1.3769E-08 1.4592E-08 1.5448E-08 1.6335E-08 1.7246E-08 1.8177E-08 1.9127E-08 2.0084E-08 2.1038E-08 2.1988E-08 2.2918E-08
9.7234E-10 1.0292E-09 1.1008E-09 1.1706E-09 1.2515E-09 1.3159E-09 1.3959E-09 1.4624E-09 1.5500E-09 1.6240E-09 1.7154E-09 1.7973E-09 1.8833E-09 1.9744E-09 2.0902E-09 2.1988E-09 2.3303E-09 2.4537E-09 2.6060E-09 2.7476E-09 2.9245E-09 3.0883E-09 3.2907E-09 3.4781E-09 3.6809E-09 3.8948E-09 4.1235E-09 4.3783E-09 4.6364E-09 4.9288E-09 5.2227E-09 5.5599E-09 5.8979E-09 6.2905E-09 6.6794E-09 7.1145E-09 7.5669E-09 8.0507E-09 8.5674E-09 9.1156E-09 9.7041E-09 1.0326E-08 1.0986E-08 1.1690E-08 1.2431E-08 1.3214E-08 1.4037E-08 1.4898E-08 1.5798E-08 1.6730E-08 1.7690E-08 1.8678E-08 1.9684E-08 2.0700E-08 2.1720E-08 2.2734E-08 2.3729E-08
9.7310E-10 1.0300E-09 1.1016E-09 1.1714E-09 1.2523E-09 1.3167E-09 1.3967E-09 1.4633E-09 1.5509E-09 1.6250E-09 1.7165E-09 1.7984E-09 1.8844E-09 1.9755E-09 2.0910E-09 2.1996E-09 2.3311E-09 2.4546E-09 2.6070E-09 2.7488E-09 2.9262E-09 3.0904E-09 3.2936E-09 3.4818E-09 3.6849E-09 3.8991E-09 4.1288E-09 4.3833E-09 4.6425E-09 4.9353E-09 5.2312E-09 5.5688E-09 5.9110E-09 6.3068E-09 6.7016E-09 7.1437E-09 7.6034E-09 8.0966E-09 8.6232E-09 9.1858E-09 9.7889E-09 1.0428E-08 1.1110E-08 1.1838E-08 1.2607E-08 1.3421E-08 1.4278E-08 1.5181E-08 1.6122E-08 1.7100E-08 1.8114E-08 1.9156E-08 2.0220E-08 2.1300E-08 2.2385E-08 2.3465E-08 2.4528E-08
9.7327E-10 1.0302E-09 1.1017E-09 1.1715E-09 1.2523E-09 1.3167E-09 1.3965E-09 1.4631E-09 1.5507E-09 1.6247E-09 1.7163E-09 1.7981E-09 1.8840E-09 1.9750E-09 2.0901E-09 2.1984E-09 2.3299E-09 2.4531E-09 2.6056E-09 2.7474E-09 2.9249E-09 3.0893E-09 3.2928E-09 3.4812E-09 3.6846E-09 3.8985E-09 4.1285E-09 4.3823E-09 4.6419E-09 4.9341E-09 5.2310E-09 5.5682E-09 5.9133E-09 6.3100E-09 6.7093E-09 7.1578E-09 7.6238E-09 8.1253E-09 8.6614E-09 9.2372E-09 9.8528E-09 1.0509E-08 1.1212E-08 1.1962E-08 1.2757E-08 1.3601E-08 1.4495E-08 1.5433E-08 1.6416E-08 1.7444E-08 1.8508E-08 1.9606E-08 2.0732E-08 2.1875E-08 2.3027E-08 2.4176E-08 2.5310E-08
9.7285E-10 1.0297E-09 1.1011E-09 1.1708E-09 1.2514E-09 1.3157E-09 1.3954E-09 1.4619E-09 1.5493E-09 1.6232E-09 1.7147E-09 1.7964E-09 1.8821E-09 1.9729E-09 2.0875E-09 2.1954E-09 2.3266E-09 2.4495E-09 2.6018E-09 2.7432E-09 2.9207E-09 3.0848E-09 3.2881E-09 3.4766E-09 3.6797E-09 3.8927E-09 4.1227E-09 4.3748E-09 4.6340E-09 4.9248E-09 5.2218E-09 5.5584E-09 5.9035E-09 6.3009E-09 6.7038E-09 7.1548E-09 7.6265E-09 8.1338E-09 8.6778E-09 9.2637E-09 9.8920E-09 1.0565E-08 1.1285E-08 1.2056E-08 1.2876E-08 1.3750E-08 1.4676E-08 1.5652E-08 1.6678E-08 1.7751E-08 1.8868E-08 2.0023E-08 2.1209E-08 2.2417E-08 2.3638E-08 2.4858E-08 2.6064E-08
9.7185E-10 1.0286E-09 1.0998E-09 1.1693E-09 1.2498E-09 1.3139E-09 1.3932E-09 1.4597E-09 1.5468E-09 1.6206E-09 1.7118E-09 1.7933E-09 1.8788E-09 1.9694E-09 2.0831E-09 2.1906E-09 2.3213E-09 2.4437E-09 2.5955E-09 2.7364E-09 2.9133E-09 3.0766E-09 3.2796E-09 3.4673E-09 3.6698E-09 3.8818E-09 4.1109E-09 4.3604E-09 4.6185E-09 4.9074E-09 5.2027E-09 5.5378E-09 5.8826E-09 6.2794E-09 6.6833E-09 7.1358E-09 7.6111E-09 8.1229E-09 8.6743E-09 9.2686E-09 9.9071E-09 1.0593E-08 1.1328E-08 1.2121E-08 1.2962E-08 1.3864E-08 1.4822E-08 1.5833E-08 1.6900E-08 1.8019E-08 1.9187E-08 2.0398E-08 2.1645E-08 2.2918E-08 2.4207E-08 2.5499E-08 2.6779E-08
9.7027E-10 1.0269E-09 1.0868E-09 1.1671E-09 1.2419E-09 1.3112E-09 1.3901E-09 1.4565E-09 1.5431E-09 1.6167E-09 1.7075E-09 1.7887E-09 1.8740E-09 1.9642E-09 2.0769E-09 2.1840E-09 2.3137E-09 2.4358E-09 2.5867E-09 2.7265E-09 2.9025E-09 3.0649E-09 3.2668E-09 3.4534E-09 3.6551E-09 3.8649E-09 4.0923E-09 4.3389E-09 4.5955E-09 4.8812E-09 5.1740E-09 5.5069E-09 5.8500E-09 6.2439E-09 6.6485E-09 7.1005E-09 7.5779E-09 8.0927E-09 8.6484E-09 9.2486E-09 9.8963E-09 1.0592E-08 1.1343E-08 1.2151E-08 1.3014E-08 1.3940E-08 1.4926E-08 1.5971E-08 1.7078E-08 1.8242E-08 1.9459E-08 2.0724E-08 2.2030E-08 2.3368E-08 2.4725E-08 2.6089E-08 2.7444E-08
9.6811E-10 1.0245E-09 1.0843E-09 1.1642E-09 1.2272E-09 1.3076E-09 1.3803E-09 1.4521E-09 1.5382E-09 1.6116E-09 1.7017E-09 1.7828E-09 1.8677E-09 1.9575E-09 2.0590E-09 2.1755E-09 2.3038E-09 2.4255E-09 2.5748E-09 2.7140E-09 2.8885E-09 3.0493E-09 3.2499E-09 3.4346E-09 3.6348E-09 3.8418E-09 4.0673E-09 4.3106E-09 4.5643E-09 4.8458E-09 5.1359E-09 5.4646E-09 5.8049E-09 6.1954E-09 6.5986E-09 7.0475E-09 7.5259E-09 8.0408E-09 8.5999E-09 9.2048E-09 9.8578E-09 1.0561E-08 1.1324E-08 1.2146E-08 1.3027E-08 1.3974E-08 1.4986E-08 1.6062E-08 1.7206E-08 1.8411E-08 1.9675E-08 2.0993E-08 2.2357E-08 2.3756E-08 2.5182E-08 2.6617E-08 2.8044E-08
9.6537E-10 1.0085E-09 1.0810E-09 1.1550E-09 1.2233E-09 1.3031E-09 1.3634E-09 1.4467E-09 1.5263E-09 1.6052E-09 1.6946E-09 1.7755E-09 1.8598E-09 1.9492E-09 2.0394E-09 2.1649E-09 2.2812E-09 2.4125E-09 2.5601E-09 2.6981E-09 2.8704E-09 3.0302E-09 3.2282E-09 3.4106E-09 3.6088E-09 3.8098E-09 4.0360E-09 4.2744E-09 4.5250E-09 4.8018E-09 5.0881E-09 5.4117E-09 5.7481E-09 6.1340E-09 6.5331E-09 6.9786E-09 7.4552E-09 7.9684E-09 8.5288E-09 9.1345E-09 9.7902E-09 1.0501E-08 1.1271E-08 1.2103E-08 1.2998E-08 1.3962E-08 1.4996E-08 1.6101E-08 1.7277E-08 1.8519E-08 1.9828E-08 2.1195E-08 2.2613E-08 2.4074E-08 2.5564E-08 2.7067E-08 2.8566E-08
9.6207E-10 1.0050E-09 1.0772E-09 1.1372E-09 1.2185E-09 1.2919E-09 1.3576E-09 1.4402E-09 1.5069E-09 1.5976E-09 1.6860E-09 1.7668E-09 1.8504E-09 1.9393E-09 2.0289E-09 2.1523E-09 2.2560E-09 2.3969E-09 2.5310E-09 2.6788E-09 2.8487E-09 3.0063E-09 3.2014E-09 3.3813E-09 3.5773E-09 3.7753E-09 3.9946E-09 4.2273E-09 4.4785E-09 4.7489E-09 5.0308E-09 5.3480E-09 5.6791E-09 6.0592E-09 6.4525E-09 6.8926E-09 7.3653E-09 7.8757E-09 8.4341E-09 9.0383E-09 9.6948E-09 1.0408E-08 1.1181E-08 1.2021E-08 1.2926E-08 1.3903E-08 1.4953E-08 1.6083E-08 1.7286E-08 1.8562E-08 1.9911E-08 2.1322E-08 2.2791E-08 2.4309E-08 2.5859E-08 2.7427E-08 2.9001E-08
9.5398E-10 1.0009E-09 1.0726E-09 1.1321E-09 1.2128E-09 1.2856E-09 1.3507E-09 1.4325E-09 1.4988E-09 1.5887E-09 1.6633E-09 1.7566E-09 1.8393E-09 1.9276E-09 2.0163E-09 2.1373E-09 2.2400E-09 2.3783E-09 2.4990E-09 2.6562E-09 2.8111E-09 2.9781E-09 3.1696E-09 3.3467E-09 3.5396E-09 3.7343E-09 3.9502E-09 4.1725E-09 4.4167E-09 4.6845E-09 4.9645E-09 5.2724E-09 5.5990E-09 5.9712E-09 6.3571E-09 6.7913E-09 7.2577E-09 7.7618E-09 8.3157E-09 8.9162E-09 9.5691E-09 1.0282E-08 1.1055E-08 1.1897E-08 1.2807E-08 1.3792E-08 1.4856E-08 1.6004E-08 1.7228E-08 1.8534E-08 1.9916E-08 2.1366E-08 2.2885E-08 2.4452E-08 2.6058E-08 2.7693E-08 2.9338E-08
9.4960E-10 9.9619E-10 1.0629E-09 1.1262E-09 1.2062E-09 1.2783E-09 1.3429E-09 1.4236E-09 1.4896E-09 1.5785E-09 1.6522E-09 1.7448E-09 1.8265E-09 1.9138E-09 2.0016E-09 2.1093E-09 2.2209E-09 2.3570E-09 2.4757E-09 2.6297E-09 2.7693E-09 2.9453E-09 3.1205E-09 3.3066E-09 3.4960E-09 3.6874E-09 3.8994E-09 4.1166E-09 4.3531E-09 4.6030E-09 4.8833E-09 5.1857E-09 5.5057E-09 5.8686E-09 6.2477E-09 6.6734E-09 7.1303E-09 7.6276E-09 8.1736E-09 8.7653E-09 9.4130E-09 1.0120E-08 1.0890E-08 1.1730E-08 1.2640E-08 1.3628E-08 1.4700E-08 1.5859E-08 1.7099E-08 1.8429E-08 1.9837E-08 2.1324E-08 2.2883E-08 2.4495E-08 2.6157E-08 2.7856E-08 2.9563E-08
9.4457E-10 9.9077E-10 1.0570E-09 1.1085E-09 1.1988E-09 1.2648E-09 1.3340E-09 1.4134E-09 1.4791E-09 1.5667E-09 1.6396E-09 1.7312E-09 1.8116E-09 1.8982E-09 1.9845E-09 2.0797E-09 2.1993E-09 2.3207E-09 2.4487E-09 2.5993E-09 2.7361E-09 2.9086E-09 3.0669E-09 3.2610E-09 3.4471E-09 3.6343E-09 3.8416E-09 4.0545E-09 4.2861E-09 4.5279E-09 4.7869E-09 5.0797E-09 5.3971E-09 5.7529E-09 6.1243E-09 6.5386E-09 6.9860E-09 7.4732E-09 8.0068E-09 8.5883E-09 9.2263E-09 9.9230E-09 1.0685E-08 1.1517E-08 1.2422E-08 1.3407E-08 1.4481E-08 1.5645E-08 1.6896E-08 1.8241E-08 1.9668E-08 2.1185E-08 2.2777E-08 2.4430E-08 2.6145E-08 2.7895E-08 2.9663E-08
9.3047E-10 9.8474E-10 1.0502E-09 1.1013E-09 1.1850E-09 1.2442E-09 1.3240E-09 1.3965E-09 1.4674E-09 1.5534E-09 1.6253E-09 1.7155E-09 1.7947E-09 1.8799E-09 1.9650E-09 2.0589E-09 2.1747E-09 2.2820E-09 2.4183E-09 2.5529E-09 2.6991E-09 2.8670E-09 3.0215E-09 3.2113E-09 3.3926E-09 3.5752E-09 3.7788E-09 3.9857E-09 4.2117E-09 4.4477E-09 4.6990E-09 4.9697E-09 5.2711E-09 5.6164E-09 5.9842E-09 6.3900E-09 6.8256E-09 7.2995E-09 7.8195E-09 8.3876E-09 9.0110E-09 9.6935E-09 1.0441E-08 1.1262E-08 1.2154E-08 1.3131E-08 1.4197E-08 1.5359E-08 1.6612E-08 1.7963E-08 1.9404E-08 2.0941E-08 2.2556E-08 2.4243E-08 2.6000E-08 2.7792E-08 2.9622E-08
