Assets/Resources/2015_m01_d11_0800(utc+0800)_l00_csi_1hr_conc.grd
DSAA
         159         159
     -79.000      79.000
     -79.000      79.000
  0.0000E+00  0.5217E-05
[rows 75 to 99 of 159, columns 57 to 113 of 159]
0.0000E+00 0.0000E+00 0.0000E+00 0.0000E+00 0.0000E+00 0.0000E+00 0.0000E+00 0.0000E+00 0.0000E+00 0.0000E+00 0.0000E+00 0.0000E+00 0.0000E+00 0.0000E+00 0.0000E+00 0.0000E+00 0.0000E+00 2.4188E-12 5.6933E-11 1.5162E-10 1.3506E-07 1.9301E-06 7.0777E-10 9.8596E-10 1.3411E-09 1.8279E-09 2.4319E-09 3.1844E-09 4.1320E-09 5.2655E-09 6.6668E-09 8.4145E-09 1.0406E-08 1.2373E-08 1.4164E-08 1.5800E-08 1.7348E-08 1.8822E-08 2.0211E-08 2.1508E-08 2.2705E-08 2.3799E-08 2.4791E-08 2.5683E-08 2.6468E-08 2.7153E-08 2.7732E-08 2.8203E-08 2.8563E-08 2.8810E-08 2.8950E-08 2.8987E-08 2.8925E-08 2.8770E-08 2.8537E-08 2.8233E-08 2.7858E-08
0.0000E+00 0.0000E+00 0.0000E+00 0.0000E+00 0.0000E+00 0.0000E+00 0.0000E+00 0.0000E+00 0.0000E+00 0.0000E+00 0.0000E+00 0.0000E+00 0.0000E+00 0.0000E+00 0.0000E+00 0.0000E+00 0.0000E+00 0.0000E+00 1.2225E-11 9.4203E-11 2.1189E-10 5.2172E-06 5.9298E-10 8.3588E-10 1.1443E-09 1.5336E-09 2.0534E-09 2.6957E-09 3.4974E-09 4.4606E-09 5.6417E-09 7.0359E-09 8.7212E-09 1.0411E-08 1.2032E-08 1.3564E-08 1.5049E-08 1.6486E-08 1.7867E-08 1.9176E-08 2.0404E-08 2.1551E-08 2.2607E-08 2.3574E-08 2.4448E-08 2.5225E-08 2.5909E-08 2.6492E-08 2.6964E-08 2.7332E-08 2.7595E-08 2.7755E-08 2.7818E-08 2.7791E-08 2.7685E-08 2.7501E-08 2.7245E-08
0.0000E+00 0.0000E+00 0.0000E+00 0.0000E+00 0.0000E+00 0.0000E+00 0.0000E+00 0.0000E+00 0.0000E+00 0.0000E+00 0.0000E+00 0.0000E+00 0.0000E+00 0.0000E+00 0.0000E+00 0.0000E+00 0.0000E+00 0.0000E+00 0.0000E+00 3.2176E-11 1.4059E-10 5.4024E-07 4.8215E-10 6.9426E-10 9.6235E-10 1.2980E-09 1.7162E-09 2.2604E-09 2.9386E-09 3.7460E-09 4.7244E-09 5.9191E-09 7.3282E-09 8.7780E-09 1.0207E-08 1.1608E-08 1.2992E-08 1.4354E-08 1.5686E-08 1.6972E-08 1.8199E-08 1.9360E-08 2.0450E-08 2.1463E-08 2.2396E-08 2.3251E-08 2.4018E-08 2.4689E-08 2.5259E-08 2.5731E-08 2.6103E-08 2.6379E-08 2.6559E-08 2.6654E-08 2.6670E-08 2.6603E-08 2.6465E-08
0.0000E+00 0.0000E+00 0.0000E+00 0.0000E+00 0.0000E+00 0.0000E+00 0.0000E+00 0.0000E+00 0.0000E+00 0.0000E+00 0.0000E+00 0.0000E+00 0.0000E+00 0.0000E+00 0.0000E+00 0.0000E+00 0.0000E+00 0.0000E+00 0.0000E+00 1.0913E-12 6.0748E-11 1.9825E-10 3.5876E-10 5.6559E-10 7.9447E-10 1.0818E-09 1.4381E-09 1.8830E-09 2.4483E-09 3.1286E-09 3.9661E-09 4.9554E-09 6.1370E-09 7.3786E-09 8.6295E-09 9.8879E-09 1.1155E-08 1.2423E-08 1.3681E-08 1.4918E-08 1.6115E-08 1.7264E-08 1.8358E-08 1.9392E-08 2.0364E-08 2.1270E-08 2.2095E-08 2.2834E-08 2.3484E-08 2.4045E-08 2.4513E-08 2.4891E-08 2.5181E-08 2.5388E-08 2.5515E-08 2.5563E-08 2.5539E-08
0.0000E+00 0.0000E+00 0.0000E+00 0.0000E+00 0.0000E+00 0.0000E+00 0.0000E+00 0.0000E+00 0.0000E+00 0.0000E+00 0.0000E+00 0.0000E+00 0.0000E+00 0.0000E+00 0.0000E+00 0.0000E+00 0.0000E+00 0.0000E+00 0.0000E+00 0.0000E+00 6.8403E-12 9.9057E-11 2.6569E-10 4.3314E-10 6.4534E-10 8.9007E-10 1.1923E-09 1.5728E-09 2.0317E-09 2.5936E-09 3.2765E-09 4.1238E-09 5.1180E-09 6.1754E-09 7.2660E-09 8.3811E-09 9.5256E-09 1.0689E-08 1.1859E-08 1.3025E-08 1.4172E-08 1.5287E-08 1.6365E-08 1.7399E-08 1.8387E-08 1.9317E-08 2.0179E-08 2.0966E-08 2.1678E-08 2.2311E-08 2.2860E-08 2.3325E-08 2.3712E-08 2.4021E-08 2.4251E-08 2.4404E-08 2.4489E-08
0.0000E+00 0.0000E+00 0.0000E+00 0.0000E+00 0.0000E+00 0.0000E+00 0.0000E+00 0.0000E+00 0.0000E+00 0.0000E+00 0.0000E+00 0.0000E+00 0.0000E+00 0.0000E+00 0.0000E+00 0.0000E+00 0.0000E+00 0.0000E+00 0.0000E+00 0.0000E+00 0.0000E+00 2.0000E-11 1.4738E-10 3.2517E-10 5.0062E-10 7.1779E-10 9.7468E-10 1.2885E-09 1.6818E-09 2.1514E-09 2.7135E-09 3.4135E-09 4.2442E-09 5.1427E-09 6.0865E-09 7.0687E-09 8.0912E-09 9.1451E-09 1.0220E-08 1.1304E-08 1.2385E-08 1.3451E-08 1.4495E-08 1.5508E-08 1.6487E-08 1.7420E-08 1.8300E-08 1.9120E-08 1.9876E-08 2.0562E-08 2.1174E-08 2.1715E-08 2.2186E-08 2.2580E-08 2.2902E-08 2.3153E-08 2.3339E-08
0.0000E+00 0.0000E+00 0.0000E+00 0.0000E+00 0.0000E+00 0.0000E+00 0.0000E+00 0.0000E+00 0.0000E+00 0.0000E+00 0.0000E+00 0.0000E+00 0.0000E+00 0.0000E+00 0.0000E+00 0.0000E+00 0.0000E+00 0.0000E+00 0.0000E+00 0.0000E+00 0.0000E+00 0.0000E+00 4.4950E-11 2.0518E-10 3.7527E-10 5.5945E-10 7.8176E-10 1.0458E-09 1.3675E-09 1.7705E-09 2.2442E-09 2.8327E-09 3.5230E-09 4.2727E-09 5.0767E-09 5.9364E-09 6.8407E-09 7.7859E-09 8.7618E-09 9.7573E-09 1.0762E-08 1.1765E-08 1.2758E-08 1.3733E-08 1.4685E-08 1.5607E-08 1.6488E-08 1.7322E-08 1.8103E-08 1.8826E-08 1.9490E-08 2.0091E-08 2.0626E-08 2.1095E-08 2.1496E-08 2.1836E-08 2.2114E-08
0.0000E+00 0.0000E+00 0.0000E+00 0.0000E+00 0.0000E+00 0.0000E+00 0.0000E+00 0.0000E+00 0.0000E+00 0.0000E+00 0.0000E+00 0.0000E+00 0.0000E+00 0.0000E+00 0.0000E+00 0.0000E+00 0.0000E+00 0.0000E+00 0.0000E+00 0.0000E+00 0.0000E+00 0.0000E+00 0.0000E+00 8.2364E-11 2.5770E-10 4.2305E-10 6.1288E-10 8.3473E-10 1.1007E-09 1.4355E-09 1.8388E-09 2.3283E-09 2.9106E-09 3.5421E-09 4.2278E-09 4.9685E-09 5.7604E-09 6.5995E-09 7.4757E-09 8.3793E-09 9.2997E-09 1.0229E-08 1.1161E-08 1.2087E-08 1.3000E-08 1.3896E-08 1.4763E-08 1.5596E-08 1.6387E-08 1.7133E-08 1.7832E-08 1.8476E-08 1.9061E-08 1.9590E-08 2.0062E-08 2.0475E-08 2.0833E-08
0.0000E+00 0.0000E+00 0.0000E+00 0.0000E+00 0.0000E+00 0.0000E+00 0.0000E+00 0.0000E+00 0.0000E+00 0.0000E+00 0.0000E+00 0.0000E+00 0.0000E+00 0.0000E+00 0.0000E+00 0.0000E+00 0.0000E+00 0.0000E+00 0.0000E+00 0.0000E+00 0.0000E+00 0.0000E+00 0.0000E+00 1.4326E-12 1.2830E-10 3.0060E-10 4.6771E-10 6.5561E-10 8.7593E-10 1.1420E-09 1.4972E-09 1.8875E-09 2.3824E-09 2.9179E-09 3.5015E-09 4.1389E-09 4.8283E-09 5.5661E-09 6.3456E-09 7.1575E-09 7.9923E-09 8.8438E-09 9.7081E-09 1.0577E-08 1.1442E-08 1.2298E-08 1.3141E-08 1.3960E-08 1.4749E-08 1.5505E-08 1.6221E-08 1.6892E-08 1.7516E-08 1.8091E-08 1.8619E-08 1.9096E-08 1.9519E-08
0.0000E+00 0.0000E+00 0.0000E+00 0.0000E+00 0.0000E+00 0.0000E+00 0.0000E+00 0.0000E+00 0.0000E+00 0.0000E+00 0.0000E+00 0.0000E+00 0.0000E+00 0.0000E+00 0.0000E+00 0.0000E+00 0.0000E+00 0.0000E+00 0.0000E+00 0.0000E+00 0.0000E+00 0.0000E+00 0.0000E+00 0.0000E+00 9.7180E-12 1.7468E-10 3.3765E-10 5.0606E-10 6.8893E-10 9.0466E-10 1.1735E-09 1.5325E-09 1.9401E-09 2.3859E-09 2.8848E-09 3.4303E-09 4.0265E-09 4.6711E-09 5.3587E-09 6.0823E-09 6.8333E-09 7.6061E-09 8.3984E-09 9.2050E-09 1.0015E-08 1.0825E-08 1.1633E-08 1.2428E-08 1.3203E-08 1.3953E-08 1.4674E-08 1.5360E-08 1.6009E-08 1.6621E-08 1.7190E-08 1.7714E-08 1.8194E-08
0.0000E+00 0.0000E+00 0.0000E+00 0.0000E+00 0.0000E+00 0.0000E+00 0.0000E+00 0.0000E+00 0.0000E+00 0.0000E+00 0.0000E+00 0.0000E+00 0.0000E+00 0.0000E+00 0.0000E+00 0.0000E+00 0.0000E+00 0.0000E+00 0.0000E+00 0.0000E+00 0.0000E+00 0.0000E+00 0.0000E+00 0.0000E+00 0.0000E+00 2.8975E-11 2.1330E-10 3.6857E-10 5.3312E-10 7.1424E-10 9.2683E-10 1.2096E-09 1.5617E-09 1.9385E-09 2.3611E-09 2.8284E-09 3.3419E-09 3.9012E-09 4.5041E-09 5.1436E-09 5.8137E-09 6.5090E-09 7.2285E-09 7.9687E-09 8.7211E-09 9.4803E-09 1.0246E-08 1.1008E-08 1.1758E-08 1.2491E-08 1.3204E-08 1.3896E-08 1.4559E-08 1.5191E-08 1.5790E-08 1.6352E-08 1.6875E-08
0.0000E+00 0.0000E+00 0.0000E+00 0.0000E+00 0.0000E+00 0.0000E+00 0.0000E+00 0.0000E+00 0.0000E+00 0.0000E+00 0.0000E+00 0.0000E+00 0.0000E+00 0.0000E+00 0.0000E+00 0.0000E+00 0.0000E+00 0.0000E+00 0.0000E+00 0.0000E+00 0.0000E+00 0.0000E+00 0.0000E+00 0.0000E+00 0.0000E+00 0.0000E+00 5.9800E-11 2.4264E-10 3.9020E-10 5.5652E-10 7.3353E-10 9.4651E-10 1.2412E-09 1.5628E-09 1.9191E-09 2.3178E-09 2.7588E-09 3.2420E-09 3.7677E-09 4.3296E-09 4.9227E-09 5.5441E-09 6.1932E-09 6.8667E-09 7.5600E-09 8.2654E-09 8.9806E-09 9.7015E-09 1.0419E-08 1.1127E-08 1.1826E-08 1.2511E-08 1.3178E-08 1.3818E-08 1.4435E-08 1.5024E-08 1.5580E-08
0.0000E+00 0.0000E+00 0.0000E+00 0.0000E+00 0.0000E+00 0.0000E+00 0.0000E+00 0.0000E+00 0.0000E+00 0.0000E+00 0.0000E+00 0.0000E+00 0.0000E+00 0.0000E+00 0.0000E+00 0.0000E+00 0.0000E+00 0.0000E+00 0.0000E+00 0.0000E+00 0.0000E+00 0.0000E+00 0.0000E+00 0.0000E+00 0.0000E+00 0.0000E+00 0.0000E+00 9.7582E-11 2.6623E-10 4.0840E-10 5.6960E-10 7.4719E-10 9.5817E-10 1.2571E-09 1.5569E-09 1.8938E-09 2.2685E-09 2.6844E-09 3.1402E-09 3.6309E-09 4.1529E-09 4.7040E-09 5.2846E-09 5.8925E-09 6.5235E-09 7.1720E-09 7.8351E-09 8.5092E-09 9.1897E-09 9.8683E-09 1.0544E-08 1.1213E-08 1.1871E-08 1.2514E-08 1.3138E-08 1.3742E-08 1.4321E-08
0.0000E+00 0.0000E+00 0.0000E+00 0.0000E+00 0.0000E+00 0.0000E+00 0.0000E+00 0.0000E+00 0.0000E+00 0.0000E+00 0.0000E+00 0.0000E+00 0.0000E+00 0.0000E+00 0.0000E+00 0.0000E+00 0.0000E+00 0.0000E+00 0.0000E+00 0.0000E+00 0.0000E+00 0.0000E+00 0.0000E+00 0.0000E+00 0.0000E+00 0.0000E+00 0.0000E+00 1.2453E-12 1.3577E-10 2.8429E-10 4.2009E-10 5.8379E-10 7.5902E-10 9.7592E-10 1.2492E-09 1.5367E-09 1.8591E-09 2.2142E-09 2.6071E-09 3.0334E-09 3.4891E-09 3.9740E-09 4.4892E-09 5.0334E-09 5.6035E-09 6.1956E-09 6.8074E-09 7.4331E-09 8.0719E-09 8.7157E-09 9.3607E-09 1.0007E-08 1.0651E-08 1.1286E-08 1.1909E-08 1.2517E-08 1.3108E-08
0.0000E+00 0.0000E+00 0.0000E+00 0.0000E+00 0.0000E+00 0.0000E+00 0.0000E+00 0.0000E+00 0.0000E+00 0.0000E+00 0.0000E+00 0.0000E+00 0.0000E+00 0.0000E+00 0.0000E+00 0.0000E+00 0.0000E+00 0.0000E+00 0.0000E+00 0.0000E+00 0.0000E+00 0.0000E+00 0.0000E+00 0.0000E+00 0.0000E+00 0.0000E+00 0.0000E+00 0.0000E+00 7.6249E-12 1.6821E-10 2.9770E-10 4.3080E-10 5.9244E-10 7.6374E-10 9.9293E-10 1.2371E-09 1.5103E-09 1.8169E-09 2.1540E-09 2.5215E-09 2.9180E-09 3.3425E-09 3.7979E-09 4.2825E-09 4.7944E-09 5.3320E-09 5.8914E-09 6.4680E-09 7.0610E-09 7.6659E-09 8.2783E-09 8.8958E-09 9.5180E-09 1.0138E-08 1.0751E-08 1.1356E-08 1.1952E-08
0.0000E+00 0.0000E+00 0.0000E+00 0.0000E+00 0.0000E+00 0.0000E+00 0.0000E+00 0.0000E+00 0.0000E+00 0.0000E+00 0.0000E+00 0.0000E+00 0.0000E+00 0.0000E+00 0.0000E+00 0.0000E+00 0.0000E+00 0.0000E+00 0.0000E+00 0.0000E+00 0.0000E+00 0.0000E+00 0.0000E+00 0.0000E+00 0.0000E+00 0.0000E+00 0.0000E+00 0.0000E+00 0.0000E+00 2.3204E-11 1.8898E-10 3.0311E-10 4.5087E-10 6.0159E-10 7.6654E-10 9.8672E-10 1.2206E-09 1.4833E-09 1.7708E-09 2.0887E-09 2.4317E-09 2.8015E-09 3.2016E-09 3.6307E-09 4.0877E-09 4.5713E-09 5.0787E-09 5.6069E-09 6.1542E-09 6.7181E-09 7.2944E-09 7.8802E-09 8.4733E-09 9.0724E-09 9.6714E-09 1.0266E-08 1.0857E-08
0.0000E+00 0.0000E+00 0.0000E+00 0.0000E+00 0.0000E+00 0.0000E+00 0.0000E+00 0.0000E+00 0.0000E+00 0.0000E+00 0.0000E+00 0.0000E+00 0.0000E+00 0.0000E+00 0.0000E+00 0.0000E+00 0.0000E+00 0.0000E+00 0.0000E+00 0.0000E+00 0.0000E+00 0.0000E+00 0.0000E+00 0.0000E+00 0.0000E+00 0.0000E+00 0.0000E+00 0.0000E+00 0.0000E+00 0.0000E+00 4.8936E-11 1.9802E-10 3.0845E-10 4.6391E-10 6.0351E-10 7.6542E-10 9.8009E-10 1.2011E-09 1.4486E-09 1.7214E-09 2.0175E-09 2.3388E-09 2.6883E-09 3.0662E-09 3.4725E-09 3.9056E-09 4.3638E-09 4.8445E-09 5.3459E-09 5.8675E-09 6.4044E-09 6.9559E-09 7.5185E-09 8.0917E-09 8.6711E-09 9.2495E-09 9.8271E-09
0.0000E+00 0.0000E+00 0.0000E+00 0.0000E+00 0.0000E+00 0.0000E+00 0.0000E+00 0.0000E+00 0.0000E+00 0.0000E+00 0.0000E+00 0.0000E+00 0.0000E+00 0.0000E+00 0.0000E+00 0.0000E+00 0.0000E+00 0.0000E+00 0.0000E+00 0.0000E+00 0.0000E+00 0.0000E+00 0.0000E+00 0.0000E+00 0.0000E+00 0.0000E+00 0.0000E+00 0.0000E+00 0.0000E+00 0.0000E+00 0.0000E+00 7.7139E-11 2.0345E-10 3.1191E-10 4.6776E-10 6.0567E-10 7.7003E-10 9.6453E-10 1.1753E-09 1.4103E-09 1.6667E-09 1.9451E-09 2.2492E-09 2.5809E-09 2.9401E-09 3.3263E-09 3.7372E-09 4.1711E-09 4.6282E-09 5.1079E-09 5.6059E-09 6.1211E-09 6.6516E-09 7.1948E-09 7.7480E-09 8.3067E-09 8.8673E-09
0.0000E+00 0.0000E+00 0.0000E+00 0.0000E+00 0.0000E+00 0.0000E+00 0.0000E+00 0.0000E+00 0.0000E+00 0.0000E+00 0.0000E+00 0.0000E+00 0.0000E+00 0.0000E+00 0.0000E+00 0.0000E+00 0.0000E+00 0.0000E+00 0.0000E+00 0.0000E+00 0.0000E+00 0.0000E+00 0.0000E+00 0.0000E+00 0.0000E+00 0.0000E+00 0.0000E+00 0.0000E+00 0.0000E+00 0.0000E+00 0.0000E+00 1.4720E-12 1.0208E-10 2.1078E-10 3.1401E-10 4.6810E-10 6.0044E-10 7.6572E-10 9.4877E-10 1.1479E-09 1.3679E-09 1.6090E-09 1.8741E-09 2.1638E-09 2.4803E-09 2.8233E-09 3.1904E-09 3.5812E-09 3.9955E-09 4.4342E-09 4.8935E-09 5.3706E-09 5.8666E-09 6.3781E-09 6.9030E-09 7.4381E-09 7.9779E-09
0.0000E+00 0.0000E+00 0.0000E+00 0.0000E+00 0.0000E+00 0.0000E+00 0.0000E+00 0.0000E+00 0.0000E+00 0.0000E+00 0.0000E+00 0.0000E+00 0.0000E+00 0.0000E+00 0.0000E+00 0.0000E+00 0.0000E+00 0.0000E+00 0.0000E+00 0.0000E+00 0.0000E+00 0.0000E+00 0.0000E+00 0.0000E+00 0.0000E+00 0.0000E+00 0.0000E+00 0.0000E+00 0.0000E+00 0.0000E+00 0.0000E+00 0.0000E+00 7.1066E-12 1.2014E-10 2.1834E-10 3.1679E-10 4.6669E-10 5.9783E-10 7.5624E-10 9.2523E-10 1.1174E-09 1.3245E-09 1.5542E-09 1.8083E-09 2.0858E-09 2.3891E-09 2.7158E-09 3.0658E-09 3.4393E-09 3.8379E-09 4.2589E-09 4.7000E-09 5.1606E-09 5.6398E-09 6.1342E-09 6.6412E-09 7.1566E-09
0.0000E+00 0.0000E+00 0.0000E+00 0.0000E+00 0.0000E+00 0.0000E+00 0.0000E+00 0.0000E+00 0.0000E+00 0.0000E+00 0.0000E+00 0.0000E+00 0.0000E+00 0.0000E+00 0.0000E+00 0.0000E+00 0.0000E+00 0.0000E+00 0.0000E+00 0.0000E+00 0.0000E+00 0.0000E+00 0.0000E+00 0.0000E+00 0.0000E+00 0.0000E+00 0.0000E+00 0.0000E+00 0.0000E+00 0.0000E+00 0.0000E+00 0.0000E+00 0.0000E+00 1.8861E-11 1.3606E-10 2.2309E-10 3.2070E-10 4.6122E-10 5.9212E-10 7.4195E-10 9.0586E-10 1.0855E-09 1.2831E-09 1.5036E-09 1.7475E-09 2.0140E-09 2.3048E-09 2.6170E-09 2.9531E-09 3.3142E-09 3.6981E-09 4.1032E-09 4.5288E-09 4.9740E-09 5.4366E-09 5.9139E-09 6.4030E-09
0.0000E+00 0.0000E+00 0.0000E+00 0.0000E+00 0.0000E+00 0.0000E+00 0.0000E+00 0.0000E+00 0.0000E+00 0.0000E+00 0.0000E+00 0.0000E+00 0.0000E+00 0.0000E+00 0.0000E+00 0.0000E+00 0.0000E+00 0.0000E+00 0.0000E+00 0.0000E+00 0.0000E+00 0.0000E+00 0.0000E+00 0.0000E+00 0.0000E+00 0.0000E+00 0.0000E+00 0.0000E+00 0.0000E+00 0.0000E+00 0.0000E+00 0.0000E+00 0.0000E+00 0.0000E+00 3.8830E-11 1.4885E-10 2.2558E-10 3.3683E-10 4.5393E-10 5.8370E-10 7.2712E-10 8.8368E-10 1.0551E-09 1.2450E-09 1.4576E-09 1.6935E-09 1.9502E-09 2.2287E-09 2.5294E-09 2.8545E-09 3.2038E-09 3.5740E-09 3.9652E-09 4.3768E-09 4.8074E-09 5.2537E-09 5.7137E-09
0.0000E+00 0.0000E+00 0.0000E+00 0.0000E+00 0.0000E+00 0.0000E+00 0.0000E+00 0.0000E+00 0.0000E+00 0.0000E+00 0.0000E+00 0.0000E+00 0.0000E+00 0.0000E+00 0.0000E+00 0.0000E+00 0.0000E+00 0.0000E+00 0.0000E+00 0.0000E+00 0.0000E+00 0.0000E+00 0.0000E+00 0.0000E+00 0.0000E+00 0.0000E+00 0.0000E+00 0.0000E+00 0.0000E+00 0.0000E+00 0.0000E+00 0.0000E+00 0.0000E+00 0.0000E+00 2.0778E-13 6.1353E-11 1.5492E-10 2.2697E-10 3.3730E-10 4.4711E-10 5.7397E-10 7.1449E-10 8.6056E-10 1.0270E-09 1.2110E-09 1.4177E-09 1.6461E-09 1.8929E-09 2.1608E-09 2.4536E-09 2.7689E-09 3.1066E-09 3.4642E-09 3.8429E-09 4.2410E-09 4.6562E-09 5.0865E-09
0.0000E+00 0.0000E+00 0.0000E+00 0.0000E+00 0.0000E+00 0.0000E+00 0.0000E+00 0.0000E+00 0.0000E+00 0.0000E+00 0.0000E+00 0.0000E+00 0.0000E+00 0.0000E+00 0.0000E+00 0.0000E+00 0.0000E+00 0.0000E+00 0.0000E+00 0.0000E+00 0.0000E+00 0.0000E+00 0.0000E+00 0.0000E+00 0.0000E+00 0.0000E+00 0.0000E+00 0.0000E+00 0.0000E+00 0.0000E+00 0.0000E+00 0.0000E+00 0.0000E+00 0.0000E+00 0.0000E+00 4.4404E-12 8.2113E-11 1.6010E-10 2.2811E-10 3.3346E-10 4.3821E-10 5.6580E-10 6.9928E-10 8.4210E-10 1.0029E-09 1.1834E-09 1.3848E-09 1.6032E-09 1.8425E-09 2.1039E-09 2.3888E-09 2.6940E-09 3.0206E-09 3.3673E-09 3.7338E-09 4.1176E-09 4.5175E-09
0.0000E+00 0.0000E+00 0.0000E+00 0.0000E+00 0.0000E+00 0.0000E+00 0.0000E+00 0.0000E+00 0.0000E+00 0.0000E+00 0.0000E+00 0.0000E+00 0.0000E+00 0.0000E+00 0.0000E+00 0.0000E+00 0.0000E+00 0.0000E+00 0.0000E+00 0.0000E+00 0.0000E+00 0.0000E+00 0.0000E+00 0.0000E+00 0.0000E+00 0.0000E+00 0.0000E+00 0.0000E+00 0.0000E+00 0.0000E+00 0.0000E+00 0.0000E+00 0.0000E+00 0.0000E+00 0.0000E+00 0.0000E+00 1.2754E-11 9.7661E-11 1.6330E-10 2.3066E-10 3.2837E-10 4.3186E-10 5.5876E-10 6.8548E-10 8.2672E-10 9.8320E-10 1.1610E-09 1.3550E-09 1.5666E-09 1.8013E-09 2.0560E-09 2.3323E-09 2.6279E-09 2.9445E-09 3.2802E-09 3.6335E-09 4.0032E-09
