Assets/Resources/2015_m01_d29_2200(utc+0800)_l00_csi_1hr_conc.grd
DSAA
         159         159
     -79.000      79.000
     -79.000      79.000
  0.0000E+00  0.7997E-05
[rows 50 to 74 of 159, columns 57 to 113 of 159]
3.6551E-11 3.8016E-11 3.9524E-11 4.1075E-11 4.2669E-11 4.4307E-11 4.5989E-11 4.7716E-11 4.9487E-11 5.1303E-11 5.3165E-11 5.5071E-11 5.7022E-11 5.9018E-11 6.1060E-11 6.3146E-11 6.5277E-11 6.7452E-11 6.9671E-11 7.1934E-11 7.4240E-11 7.6589E-11 7.8979E-11 8.1411E-11 8.3884E-11 8.6396E-11 8.8948E-11 9.1537E-11 9.4163E-11 9.6825E-11 9.9521E-11 1.0225E-10 1.0501E-10 1.0780E-10 1.1811E-10 1.5204E-10 2.0286E-10 2.7000E-10 3.2886E-10 4.1010E-10 4.9468E-10 6.0521E-10 7.3622E-10 8.9241E-10 1.0791E-09 1.3636E-09 1.8502E-09 2.2982E-09 2.7475E-09 3.2174E-09 3.6612E-09 4.0823E-09 4.5382E-09 5.0072E-09 5.4286E-09 5.7594E-09 6.0734E-09
3.6029E-11 3.7473E-11 3.8960E-11 4.0488E-11 4.2060E-11 4.3675E-11 4.5334E-11 4.7036E-11 4.8782E-11 5.0573E-11 5.2408E-11 5.4287E-11 5.6211E-11 5.8179E-11 6.0192E-11 6.2249E-11 6.4350E-11 6.6494E-11 6.8682E-11 7.0914E-11 7.3187E-11 7.5503E-11 7.7860E-11 8.0258E-11 8.2696E-11 8.5174E-11 8.7689E-11 9.0242E-11 9.2832E-11 9.5457E-11 9.8115E-11 1.0081E-10 1.0353E-10 1.0916E-10 1.3421E-10 1.7826E-10 2.4354E-10 3.0285E-10 3.8088E-10 4.7285E-10 5.7749E-10 7.1950E-10 8.7882E-10 1.0655E-09 1.4764E-09 2.0591E-09 2.6391E-09 3.2729E-09 3.9262E-09 4.5444E-09 5.1725E-09 5.7862E-09 6.4073E-09 6.9393E-09 7.3894E-09 7.7221E-09 7.9231E-09
3.5499E-11 3.6923E-11 3.8388E-11 3.9894E-11 4.1443E-11 4.3035E-11 4.4669E-11 4.6347E-11 4.8068E-11 4.9832E-11 5.1641E-11 5.3493E-11 5.5389E-11 5.7329E-11 5.9312E-11 6.1339E-11 6.3410E-11 6.5523E-11 6.7680E-11 6.9879E-11 7.2120E-11 7.4402E-11 7.6725E-11 7.9089E-11 8.1492E-11 8.3934E-11 8.6413E-11 8.8930E-11 9.1482E-11 9.4069E-11 9.6689E-11 9.9342E-11 1.0274E-10 1.1908E-10 1.5477E-10 2.1247E-10 2.7434E-10 3.4621E-10 4.4203E-10 5.4063E-10 6.8709E-10 8.4494E-10 1.0428E-09 1.5356E-09 2.2473E-09 3.1020E-09 3.9770E-09 4.8649E-09 5.7976E-09 6.6981E-09 7.5953E-09 8.4622E-09 9.1765E-09 9.7052E-09 1.0116E-08 1.0318E-08 1.0369E-08
3.4963E-11 3.6366E-11 3.7808E-11 3.9293E-11 4.0818E-11 4.2386E-11 4.3996E-11 4.5649E-11 4.7344E-11 4.9082E-11 5.0864E-11 5.2688E-11 5.4556E-11 5.6467E-11 5.8421E-11 6.0418E-11 6.2458E-11 6.4540E-11 6.6665E-11 6.8831E-11 7.1039E-11 7.3288E-11 7.5576E-11 7.7905E-11 8.0272E-11 8.2678E-11 8.5121E-11 8.7600E-11 9.0114E-11 9.2663E-11 9.5245E-11 9.7859E-11 1.0674E-10 1.3461E-10 1.8110E-10 2.4188E-10 3.1038E-10 4.0298E-10 4.9861E-10 6.4539E-10 8.0966E-10 9.9654E-10 1.5582E-09 2.4025E-09 3.5374E-09 4.6694E-09 5.9779E-09 7.3163E-09 8.6633E-09 1.0042E-08 1.1294E-08 1.2310E-08 1.3142E-08 1.3659E-08 1.3864E-08 1.3816E-08 1.3558E-08
3.4422E-11 3.5802E-11 3.7223E-11 3.8684E-11 4.0187E-11 4.1730E-11 4.3316E-11 4.4943E-11 4.6612E-11 4.8324E-11 5.0078E-11 5.1875E-11 5.3714E-11 5.5596E-11 5.7520E-11 5.9487E-11 6.1495E-11 6.3546E-11 6.5638E-11 6.7772E-11 6.9946E-11 7.2160E-11 7.4414E-11 7.6707E-11 7.9039E-11 8.1408E-11 8.3813E-11 8.6255E-11 8.8731E-11 9.1241E-11 9.3784E-11 9.7914E-11 1.1663E-10 1.5386E-10 2.0685E-10 2.7255E-10 3.5925E-10 4.5149E-10 5.9236E-10 7.5408E-10 9.3757E-10 1.4715E-09 2.5010E-09 3.9620E-09 5.5114E-09 7.3207E-09 9.2016E-09 1.1241E-08 1.3233E-08 1.5159E-08 1.6742E-08 1.7942E-08 1.8717E-08 1.8979E-08 1.8838E-08 1.8384E-08 1.7689E-08
3.3874E-11 3.5233E-11 3.6631E-11 3.8070E-11 3.9548E-11 4.1068E-11 4.2628E-11 4.4230E-11 4.5873E-11 4.7558E-11 4.9285E-11 5.1053E-11 5.2864E-11 5.4716E-11 5.6610E-11 5.8546E-11 6.0523E-11 6.2541E-11 6.4601E-11 6.6701E-11 6.8841E-11 7.1021E-11 7.3239E-11 7.5497E-11 7.7792E-11 8.0124E-11 8.2492E-11 8.4896E-11 8.7333E-11 8.9804E-11 9.2464E-11 1.0207E-10 1.3032E-10 1.7411E-10 2.3172E-10 3.1381E-10 4.0137E-10 5.3008E-10 6.8694E-10 8.6569E-10 1.3260E-09 2.5613E-09 4.2374E-09 6.3148E-09 8.6271E-09 1.1352E-08 1.4205E-08 1.7256E-08 2.0172E-08 2.2549E-08 2.4491E-08 2.5703E-08 2.6250E-08 2.6072E-08 2.5288E-08 2.4122E-08 2.2729E-08
3.3322E-11 3.4659E-11 3.6034E-11 3.7450E-11 3.8904E-11 4.0399E-11 4.1935E-11 4.3511E-11 4.5127E-11 4.6785E-11 4.8484E-11 5.0224E-11 5.2005E-11 5.3828E-11 5.5691E-11 5.7596E-11 5.9541E-11 6.1527E-11 6.3554E-11 6.5620E-11 6.7726E-11 6.9871E-11 7.2054E-11 7.4275E-11 7.6533E-11 7.8828E-11 8.1158E-11 8.3523E-11 8.5922E-11 8.8354E-11 9.2559E-11 1.1024E-10 1.4587E-10 1.9286E-10 2.6461E-10 3.4960E-10 4.6140E-10 6.1116E-10 7.8226E-10 1.1255E-09 2.4340E-09 4.2965E-09 6.9361E-09 1.0013E-08 1.3620E-08 1.7714E-08 2.2101E-08 2.6284E-08 3.0061E-08 3.3018E-08 3.5101E-08 3.6102E-08 3.6009E-08 3.5032E-08 3.3301E-08 3.1141E-08 2.8735E-08
3.2765E-11 3.4080E-11 3.5433E-11 3.6824E-11 3.8255E-11 3.9725E-11 4.1235E-11 4.2785E-11 4.4375E-11 4.6006E-11 4.7676E-11 4.9388E-11 5.1140E-11 5.2932E-11 5.4765E-11 5.6638E-11 5.8552E-11 6.0505E-11 6.2498E-11 6.4530E-11 6.6601E-11 6.8711E-11 7.0858E-11 7.3043E-11 7.5264E-11 7.7521E-11 7.9814E-11 8.2140E-11 8.4499E-11 8.6989E-11 9.5341E-11 1.2123E-10 1.6005E-10 2.1601E-10 2.9598E-10 3.9275E-10 5.3016E-10 6.9015E-10 9.4263E-10 2.2688E-09 4.2822E-09 7.5553E-09 1.1459E-08 1.6136E-08 2.1705E-08 2.7657E-08 3.3685E-08 3.9140E-08 4.3730E-08 4.7057E-08 4.8937E-08 4.9271E-08 4.8154E-08 4.5842E-08 4.2756E-08 3.9284E-08 3.5633E-08
3.2204E-11 3.3497E-11 3.4827E-11 3.6195E-11 3.7601E-11 3.9047E-11 4.0531E-11 4.2055E-11 4.3618E-11 4.5221E-11 4.6863E-11 4.8546E-11 5.0268E-11 5.2030E-11 5.3832E-11 5.5674E-11 5.7555E-11 5.9475E-11 6.1435E-11 6.3433E-11 6.5469E-11 6.7543E-11 6.9654E-11 7.1802E-11 7.3986E-11 7.6205E-11 7.8459E-11 8.0746E-11 8.3066E-11 8.6379E-11 1.0079E-10 1.3212E-10 1.7441E-10 2.4150E-10 3.2693E-10 4.4729E-10 5.9367E-10 7.8111E-10 1.9170E-09 4.1337E-09 7.7562E-09 1.2481E-08 1.8527E-08 2.5677E-08 3.3859E-08 4.2113E-08 4.9920E-08 5.6731E-08 6.1782E-08 6.4952E-08 6.6040E-08 6.5077E-08 6.2348E-08 5.8266E-08 5.3370E-08 4.8240E-08 4.3122E-08
3.1640E-11 3.2910E-11 3.4217E-11 3.5562E-11 3.6944E-11 3.8364E-11 3.9823E-11 4.1320E-11 4.2856E-11 4.4431E-11 4.6045E-11 4.7698E-11 4.9391E-11 5.1122E-11 5.2893E-11 5.4703E-11 5.6552E-11 5.8439E-11 6.0365E-11 6.2328E-11 6.4329E-11 6.6368E-11 6.8443E-11 7.0553E-11 7.2700E-11 7.4881E-11 7.7096E-11 7.9343E-11 8.1623E-11 8.7173E-11 1.0790E-10 1.4154E-10 1.9128E-10 2.6413E-10 3.6635E-10 4.9685E-10 6.5775E-10 1.5562E-09 3.6740E-09 7.5693E-09 1.3394E-08 2.0676E-08 3.0021E-08 4.0758E-08 5.1644E-08 6.2521E-08 7.1851E-08 7.9298E-08 8.4196E-08 8.6436E-08 8.5926E-08 8.2897E-08 7.7914E-08 7.1615E-08 6.4601E-08 5.7536E-08 5.0753E-08
3.1073E-11 3.2321E-11 3.3605E-11 3.4925E-11 3.6283E-11 3.7678E-11 3.9110E-11 4.0581E-11 4.2090E-11 4.3637E-11 4.5223E-11 4.6847E-11 4.8509E-11 5.0210E-11 5.1950E-11 5.3727E-11 5.5543E-11 5.7397E-11 5.9289E-11 6.1218E-11 6.3184E-11 6.5186E-11 6.7224E-11 6.9298E-11 7.1406E-11 7.3549E-11 7.5725E-11 7.7933E-11 8.0363E-11 8.9596E-11 1.1504E-10 1.5157E-10 2.0859E-10 2.8979E-10 4.0430E-10 5.4496E-10 1.1686E-09 3.0659E-09 6.9572E-09 1.3443E-08 2.2448E-08 3.4030E-08 4.7397E-08 6.2139E-08 7.6338E-08 8.9328E-08 9.9722E-08 1.0675E-07 1.1026E-07 1.1041E-07 1.0746E-07 1.0161E-07 9.3783E-08 8.4879E-08 7.5627E-08 6.6487E-08 5.8038E-08
3.0504E-11 3.1729E-11 3.2989E-11 3.4286E-11 3.5619E-11 3.6989E-11 3.8395E-11 3.9839E-11 4.1321E-11 4.2840E-11 4.4397E-11 4.5991E-11 4.7624E-11 4.9294E-11 5.1002E-11 5.2748E-11 5.4531E-11 5.6351E-11 5.8209E-11 6.0103E-11 6.2033E-11 6.3999E-11 6.6001E-11 6.8037E-11 7.0107E-11 7.2211E-11 7.4348E-11 7.6516E-11 7.9668E-11 9.3277E-11 1.2149E-10 1.6208E-10 2.2367E-10 3.1619E-10 4.3948E-10 8.3262E-10 2.3006E-09 5.7548E-09 1.2669E-08 2.3203E-08 3.6921E-08 5.4118E-08 7.2734E-08 9.1669E-08 1.0887E-07 1.2250E-07 1.3217E-07 1.3752E-07 1.3823E-07 1.3505E-07 1.2879E-07 1.1954E-07 1.0858E-07 9.6971E-08 8.5471E-08 7.4336E-08 6.4260E-08
2.9933E-11 3.1135E-11 3.2372E-11 3.3645E-11 3.4953E-11 3.6297E-11 3.7678E-11 3.9095E-11 4.0549E-11 4.2040E-11 4.3568E-11 4.5133E-11 4.6735E-11 4.8374E-11 5.0051E-11 5.1764E-11 5.3515E-11 5.5301E-11 5.7124E-11 5.8983E-11 6.0878E-11 6.2808E-11 6.4773E-11 6.6771E-11 6.8804E-11 7.0869E-11 7.2966E-11 7.5095E-11 7.9556E-11 9.6974E-11 1.2690E-10 1.7172E-10 2.3965E-10 3.4131E-10 5.4289E-10 1.5321E-09 4.2727E-09 1.1178E-08 2.2432E-08 3.8815E-08 5.9404E-08 8.3216E-08 1.0755E-07 1.2945E-07 1.4749E-07 1.6015E-07 1.6694E-07 1.6859E-07 1.6532E-07 1.5788E-07 1.4765E-07 1.3480E-07 1.2082E-07 1.0668E-07 9.3047E-08 8.0339E-08 6.8950E-08
2.9361E-11 3.0540E-11 3.1753E-11 3.3002E-11 3.4285E-11 3.5604E-11 3.6958E-11 3.8349E-11 3.9775E-11 4.1238E-11 4.2737E-11 4.4272E-11 4.5844E-11 4.7453E-11 4.9098E-11 5.0779E-11 5.2496E-11 5.4249E-11 5.6037E-11 5.7861E-11 5.9720E-11 6.1614E-11 6.3541E-11 6.5502E-11 6.7496E-11 6.9523E-11 7.1581E-11 7.3669E-11 7.9831E-11 1.0022E-10 1.3185E-10 1.8027E-10 2.5419E-10 3.6691E-10 8.5779E-10 2.5881E-09 8.4450E-09 2.0263E-08 3.8560E-08 6.2763E-08 9.2172E-08 1.2213E-07 1.5055E-07 1.7315E-07 1.8916E-07 1.9813E-07 1.9995E-07 1.9619E-07 1.8803E-07 1.7599E-07 1.6149E-07 1.4551E-07 1.2898E-07 1.1279E-07 9.7735E-08 8.3879E-08 7.1627E-08
2.8787E-11 2.9944E-11 3.1134E-11 3.2358E-11 3.3616E-11 3.4910E-11 3.6238E-11 3.7601E-11 3.9000E-11 4.0435E-11 4.1905E-11 4.3411E-11 4.4952E-11 4.6529E-11 4.8143E-11 4.9791E-11 5.1475E-11 5.3194E-11 5.4949E-11 5.6737E-11 5.8561E-11 6.0418E-11 6.2308E-11 6.4231E-11 6.6187E-11 6.8174E-11 7.0192E-11 7.2354E-11 8.0640E-11 1.0256E-10 1.3595E-10 1.8723E-10 2.6671E-10 4.4783E-10 1.2159E-09 5.8258E-09 1.7001E-08 3.6117E-08 6.3842E-08 9.7942E-08 1.3480E-07 1.6959E-07 1.9786E-07 2.1734E-07 2.2789E-07 2.3058E-07 2.2594E-07 2.1609E-07 2.0273E-07 1.8651E-07 1.6861E-07 1.5022E-07 1.3195E-07 1.1464E-07 9.8850E-08 8.4621E-08 7.2040E-08
2.8214E-11 2.9347E-11 3.0514E-11 3.1714E-11 3.2947E-11 3.4215E-11 3.5517E-11 3.6854E-11 3.8225E-11 3.9631E-11 4.1072E-11 4.2548E-11 4.4059E-11 4.5605E-11 4.7187E-11 4.8803E-11 5.0454E-11 5.2139E-11 5.3859E-11 5.5612E-11 5.7400E-11 5.9220E-11 6.1073E-11 6.2959E-11 6.4876E-11 6.6824E-11 6.8803E-11 7.1104E-11 8.1110E-11 1.0386E-10 1.3915E-10 1.9314E-10 2.7621E-10 5.4967E-10 3.3214E-09 1.3340E-08 3.3164E-08 6.2905E-08 1.0193E-07 1.4486E-07 1.8512E-07 2.1851E-07 2.4174E-07 2.5377E-07 2.5603E-07 2.5098E-07 2.3965E-07 2.2454E-07 2.0692E-07 1.8765E-07 1.6776E-07 1.4820E-07 1.2940E-07 1.1199E-07 9.6335E-08 8.2384E-08 7.0431E-08
2.7640E-11 2.8751E-11 2.9894E-11 3.1069E-11 3.2278E-11 3.3520E-11 3.4796E-11 3.6106E-11 3.7449E-11 3.8827E-11 4.0239E-11 4.1686E-11 4.3166E-11 4.4681E-11 4.6231E-11 4.7815E-11 4.9432E-11 5.1084E-11 5.2769E-11 5.4487E-11 5.6239E-11 5.8023E-11 5.9839E-11 6.1687E-11 6.3565E-11 6.5475E-11 6.7413E-11 6.9935E-11 8.1111E-11 1.0469E-10 1.4091E-10 1.9682E-10 2.8215E-10 1.4763E-09 9.9306E-09 2.9914E-08 6.3235E-08 1.0718E-07 1.5457E-07 1.9891E-07 2.3566E-07 2.5942E-07 2.7196E-07 2.7338E-07 2.6636E-07 2.5417E-07 2.3781E-07 2.1921E-07 1.9927E-07 1.7900E-07 1.5882E-07 1.3968E-07 1.2165E-07 1.0510E-07 9.0598E-08 7.7599E-08 6.6415E-08
2.7067E-11 2.8155E-11 2.9274E-11 3.0426E-11 3.1610E-11 3.2826E-11 3.4076E-11 3.5359E-11 3.6675E-11 3.8024E-11 3.9407E-11 4.0824E-11 4.2274E-11 4.3758E-11 4.5276E-11 4.6827E-11 4.8411E-11 5.0029E-11 5.1680E-11 5.3363E-11 5.5079E-11 5.6826E-11 5.8605E-11 6.0415E-11 6.2255E-11 6.4125E-11 6.6025E-11 6.8683E-11 8.0599E-11 1.0449E-10 1.4120E-10 1.9806E-10 2.8801E-10 7.3775E-09 2.7571E-08 6.6227E-08 1.1631E-07 1.7090E-07 2.1668E-07 2.5123E-07 2.7233E-07 2.7997E-07 2.7799E-07 2.6906E-07 2.5498E-07 2.3838E-07 2.1986E-07 2.0052E-07 1.8086E-07 1.6170E-07 1.4309E-07 1.2579E-07 1.0982E-07 9.5116E-08 8.2254E-08 7.0834E-08 6.0960E-08
2.6495E-11 2.7560E-11 2.8656E-11 2.9783E-11 3.0942E-11 3.2133E-11 3.3357E-11 3.4613E-11 3.5901E-11 3.7222E-11 3.8576E-11 3.9963E-11 4.1383E-11 4.2836E-11 4.4322E-11 4.5841E-11 4.7392E-11 4.8976E-11 5.0592E-11 5.2241E-11 5.3920E-11 5.5631E-11 5.7373E-11 5.9145E-11 6.0947E-11 6.2778E-11 6.4638E-11 6.7345E-11 7.9558E-11 1.0337E-10 1.3998E-10 1.9673E-10 4.5400E-09 2.6040E-08 7.1550E-08 1.3426E-07 1.9842E-07 2.4638E-07 2.7361E-07 2.8260E-07 2.7970E-07 2.6939E-07 2.5512E-07 2.3987E-07 2.2279E-07 2.0595E-07 1.8874E-07 1.7158E-07 1.5482E-07 1.3840E-07 1.2294E-07 1.0834E-07 9.5183E-08 8.3002E-08 7.2449E-08 6.2875E-08 5.4586E-08
2.5925E-11 2.6967E-11 2.8039E-11 2.9142E-11 3.0277E-11 3.1442E-11 3.2640E-11 3.3869E-11 3.5129E-11 3.6422E-11 3.7748E-11 3.9105E-11 4.0495E-11 4.1917E-11 4.3371E-11 4.4857E-11 4.6376E-11 4.7926E-11 4.9508E-11 5.1121E-11 5.2765E-11 5.4439E-11 5.6144E-11 5.7879E-11 5.9642E-11 6.1434E-11 6.3255E-11 6.5924E-11 7.7994E-11 1.0137E-10 1.3723E-10 2.3532E-09 2.3654E-08 8.0134E-08 1.6170E-07 2.4022E-07 2.9223E-07 3.0651E-07 2.9803E-07 2.7426E-07 2.4936E-07 2.2663E-07 2.0710E-07 1.9118E-07 1.7664E-07 1.6343E-07 1.5069E-07 1.3752E-07 1.2481E-07 1.1250E-07 1.0077E-07 8.9759E-08 7.9558E-08 7.0226E-08 6.1811E-08 5.4561E-08 4.7833E-08
2.5356E-11 2.6375E-11 2.7424E-11 2.8504E-11 2.9613E-11 3.0753E-11 3.1925E-11 3.3127E-11 3.4360E-11 3.5625E-11 3.6922E-11 3.8250E-11 3.9609E-11 4.1000E-11 4.2423E-11 4.3877E-11 4.5362E-11 4.6879E-11 4.8426E-11 5.0004E-11 5.1613E-11 5.3251E-11 5.4919E-11 5.6616E-11 5.8341E-11 6.0094E-11 6.1875E-11 6.4424E-11 7.5931E-11 9.8497E-11 3.7565E-10 2.0609E-08 8.9571E-08 2.0015E-07 3.0115E-07 3.5353E-07 3.5360E-07 3.1680E-07 2.6608E-07 2.2120E-07 1.8589E-07 1.6249E-07 1.4678E-07 1.3563E-07 1.2751E-07 1.1933E-07 1.1182E-07 1.0363E-07 9.5436E-08 8.7459E-08 7.9289E-08 7.1667E-08 6.4419E-08 5.7731E-08 5.1668E-08 4.6145E-08 4.1398E-08
2.4790E-11 2.5786E-11 2.6812E-11 2.7867E-11 2.8952E-11 3.0067E-11 3.1212E-11 3.2388E-11 3.3594E-11 3.4831E-11 3.6099E-11 3.7397E-11 3.8727E-11 4.0087E-11 4.1478E-11 4.2900E-11 4.4353E-11 4.5836E-11 4.7349E-11 4.8892E-11 5.0465E-11 5.2067E-11 5.3698E-11 5.5357E-11 5.7045E-11 5.8760E-11 6.0501E-11 6.2853E-11 7.3413E-11 9.4721E-11 1.4998E-08 1.0313E-07 2.5488E-07 3.8118E-07 4.2991E-07 4.0377E-07 3.2919E-07 2.5241E-07 1.8551E-07 1.4139E-07 1.1327E-07 9.8081E-08 9.0349E-08 8.6274E-08 8.3708E-08 8.0977E-08 7.7941E-08 7.4324E-08 6.9838E-08 6.5224E-08 6.0371E-08 5.5690E-08 5.0956E-08 4.6525E-08 4.2321E-08 3.8472E-08 3.5168E-08
2.4226E-11 2.5200E-11 2.6203E-11 2.7234E-11 2.8295E-11 2.9384E-11 3.0504E-11 3.1653E-11 3.2832E-11 3.4041E-11 3.5280E-11 3.6549E-11 3.7848E-11 3.9178E-11 4.0538E-11 4.1928E-11 4.3348E-11 4.4797E-11 4.6276E-11 4.7785E-11 4.9322E-11 5.0888E-11 5.2483E-11 5.4105E-11 5.5754E-11 5.7431E-11 5.9133E-11 6.1221E-11 7.0502E-11 9.7962E-09 1.1663E-07 3.3661E-07 4.7657E-07 5.1695E-07 4.4203E-07 3.3049E-07 2.2295E-07 1.4484E-07 9.6653E-08 6.8535E-08 5.5335E-08 4.9764E-08 4.9104E-08 5.0270E-08 5.1303E-08 5.2217E-08 5.1975E-08 5.1173E-08 4.9543E-08 4.7376E-08 4.5034E-08 4.2384E-08 3.9679E-08 3.6964E-08 3.4282E-08 3.1839E-08 2.9501E-08
2.3665E-11 2.4617E-11 2.5597E-11 2.6604E-11 2.7640E-11 2.8705E-11 2.9799E-11 3.0921E-11 3.2073E-11 3.3254E-11 3.4465E-11 3.5705E-11 3.6975E-11 3.8274E-11 3.9603E-11 4.0961E-11 4.2348E-11 4.3764E-11 4.5210E-11 4.6684E-11 4.8186E-11 4.9716E-11 5.1274E-11 5.2859E-11 5.4471E-11 5.6109E-11 5.7772E-11 5.9600E-11 9.6026E-09 1.4782E-07 4.4352E-07 6.0014E-07 5.9636E-07 4.6341E-07 3.1043E-07 1.7939E-07 1.0001E-07 5.6339E-08 3.4887E-08 2.4947E-08 2.2099E-08 2.2377E-08 2.4728E-08 2.7520E-08 3.0216E-08 3.2385E-08 3.3816E-08 3.4429E-08 3.4375E-08 3.3796E-08 3.2820E-08 3.1599E-08 3.0315E-08 2.8926E-08 2.7471E-08 2.6022E-08 2.4636E-08
2.3108E-11 2.4038E-11 2.4994E-11 2.5978E-11 2.6990E-11 2.8030E-11 2.9098E-11 3.0195E-11 3.1320E-11 3.2473E-11 3.3656E-11 3.4867E-11 3.6107E-11 3.7376E-11 3.8673E-11 4.0000E-11 4.1355E-11 4.2738E-11 4.4149E-11 4.5589E-11 4.7056E-11 4.8551E-11 5.0073E-11 5.1621E-11 5.3195E-11 5.4795E-11 5.6420E-11 1.2084E-08 2.2413E-07 5.7654E-07 7.3496E-07 6.9644E-07 4.8478E-07 2.5598E-07 1.2367E-07 5.5755E-08 2.5084E-08 1.2320E-08 7.6115E-09 6.3892E-09 7.2862E-09 9.2267E-09 1.1961E-08 1.4820E-08 1.7531E-08 1.9859E-08 2.1695E-08 2.2975E-08 2.3723E-08 2.4163E-08 2.4164E-08 2.3996E-08 2.3580E-08 2.2989E-08 2.2389E-08 2.1492E-08 2.0678E-08
