Assets/Resources/2015_m01_d18_0600(utc+0800)_l00_csi_1hr_conc.grd
DSAA
         159         159
     -79.000      79.000
     -79.000      79.000
  0.2743E-10  0.5456E-04
[rows 50 to 74 of 159, columns 57 to 113 of 159]
1.9154E-09 1.9648E-09 2.0144E-09 2.0643E-09 2.1144E-09 2.1664E-09 2.2169E-09 2.2674E-09 2.3180E-09 2.3685E-09 2.4207E-09 2.4712E-09 2.5214E-09 2.5714E-09 2.6211E-09 2.6736E-09 2.7228E-09 2.7715E-09 2.8228E-09 2.8707E-09 2.9179E-09 2.9676E-09 3.0136E-09 3.0588E-09 3.1032E-09 3.1492E-09 3.1919E-09 3.2336E-09 3.2742E-09 3.3163E-09 3.3548E-09 3.3921E-09 3.4282E-09 3.4629E-09 3.4991E-09 3.5312E-09 3.5620E-09 3.5912E-09 3.6217E-09 3.6480E-09 3.6727E-09 3.6958E-09 3.7172E-09 3.7399E-09 3.7581E-09 3.7746E-09 3.7892E-09 3.8021E-09 3.8131E-09 3.8255E-09 3.8331E-09 3.8388E-09 3.8427E-09 3.8446E-09 3.8447E-09 3.8429E-09 3.8427E-09
1.9463E-09 1.9966E-09 2.0471E-09 2.0979E-09 2.1507E-09 2.2020E-09 2.2535E-09 2.3050E-09 2.3566E-09 2.4098E-09 2.4614E-09 2.5128E-09 2.5641E-09 2.6151E-09 2.6689E-09 2.7195E-09 2.7697E-09 2.8225E-09 2.8720E-09 2.9208E-09 2.9690E-09 3.0200E-09 3.0670E-09 3.1132E-09 3.1611E-09 3.2058E-09 3.2495E-09 3.2922E-09 3.3364E-09 3.3770E-09 3.4165E-09 3.4548E-09 3.4918E-09 3.5302E-09 3.5647E-09 3.5978E-09 3.6294E-09 3.6623E-09 3.6911E-09 3.7182E-09 3.7437E-09 3.7676E-09 3.7928E-09 3.8135E-09 3.8324E-09 3.8495E-09 3.8648E-09 3.8783E-09 3.8933E-09 3.9033E-09 3.9114E-09 3.9176E-09 3.9219E-09 3.9244E-09 3.9248E-09 3.9271E-09 3.9240E-09
1.9768E-09 2.0280E-09 2.0795E-09 2.1329E-09 2.1850E-09 2.2373E-09 2.2897E-09 2.3422E-09 2.3947E-09 2.4491E-09 2.5016E-09 2.5540E-09 2.6063E-09 2.6614E-09 2.7134E-09 2.7649E-09 2.8193E-09 2.8702E-09 2.9207E-09 2.9705E-09 3.0232E-09 3.0720E-09 3.1201E-09 3.1698E-09 3.2164E-09 3.2621E-09 3.3068E-09 3.3530E-09 3.3958E-09 3.4375E-09 3.4780E-09 3.5172E-09 3.5580E-09 3.5948E-09 3.6302E-09 3.6641E-09 3.6995E-09 3.7307E-09 3.7603E-09 3.7883E-09 3.8147E-09 3.8424E-09 3.8656E-09 3.8870E-09 3.9067E-09 3.9245E-09 3.9405E-09 3.9580E-09 3.9705E-09 3.9812E-09 3.9899E-09 3.9966E-09 4.0015E-09 4.0080E-09 4.0091E-09 4.0084E-09 4.0057E-09
2.0069E-09 2.0590E-09 2.1130E-09 2.1658E-09 2.2189E-09 2.2721E-09 2.3255E-09 2.3789E-09 2.4342E-09 2.4879E-09 2.5414E-09 2.5948E-09 2.6511E-09 2.7044E-09 2.7573E-09 2.8130E-09 2.8655E-09 2.9175E-09 2.9689E-09 3.0232E-09 3.0737E-09 3.1236E-09 3.1727E-09 3.2236E-09 3.2713E-09 3.3180E-09 3.3637E-09 3.4111E-09 3.4549E-09 3.4976E-09 3.5391E-09 3.5821E-09 3.6212E-09 3.6590E-09 3.6953E-09 3.7331E-09 3.7667E-09 3.7988E-09 3.8293E-09 3.8582E-09 3.8885E-09 3.9142E-09 3.9382E-09 3.9605E-09 3.9809E-09 4.0026E-09 4.0196E-09 4.0347E-09 4.0479E-09 4.0592E-09 4.0685E-09 4.0759E-09 4.0849E-09 4.0886E-09 4.0903E-09 4.0900E-09 4.0877E-09
2.0366E-09 2.0895E-09 2.1446E-09 2.1983E-09 2.2523E-09 2.3064E-09 2.3608E-09 2.4170E-09 2.4716E-09 2.5262E-09 2.5807E-09 2.6381E-09 2.6926E-09 2.7468E-09 2.8008E-09 2.8577E-09 2.9112E-09 2.9642E-09 3.0200E-09 3.0722E-09 3.1238E-09 3.1747E-09 3.2274E-09 3.2770E-09 3.3256E-09 3.3734E-09 3.4228E-09 3.4688E-09 3.5136E-09 3.5573E-09 3.6025E-09 3.6440E-09 3.6841E-09 3.7228E-09 3.7630E-09 3.7991E-09 3.8337E-09 3.8667E-09 3.8981E-09 3.9310E-09 3.9593E-09 3.9859E-09 4.0107E-09 4.0338E-09 4.0582E-09 4.0778E-09 4.0955E-09 4.1114E-09 4.1253E-09 4.1372E-09 4.1472E-09 4.1589E-09 4.1652E-09 4.1694E-09 4.1717E-09 4.1719E-09 4.1701E-09
2.0657E-09 2.1213E-09 2.1756E-09 2.2303E-09 2.2852E-09 2.3403E-09 2.3973E-09 2.4528E-09 2.5083E-09 2.5639E-09 2.6194E-09 2.6780E-09 2.7335E-09 2.7887E-09 2.8469E-09 2.9018E-09 2.9563E-09 3.0136E-09 3.0674E-09 3.1207E-09 3.1733E-09 3.2278E-09 3.2792E-09 3.3298E-09 3.3795E-09 3.4309E-09 3.4789E-09 3.5259E-09 3.5718E-09 3.6192E-09 3.6629E-09 3.7054E-09 3.7465E-09 3.7891E-09 3.8276E-09 3.8647E-09 3.9002E-09 3.9342E-09 3.9696E-09 4.0005E-09 4.0298E-09 4.0572E-09 4.0830E-09 4.1101E-09 4.1324E-09 4.1528E-09 4.1713E-09 4.1879E-09 4.2026E-09 4.2152E-09 4.2297E-09 4.2386E-09 4.2455E-09 4.2504E-09 4.2532E-09 4.2540E-09 4.2526E-09
2.0960E-09 2.1509E-09 2.2061E-09 2.2617E-09 2.3175E-09 2.3735E-09 2.4316E-09 2.4880E-09 2.5445E-09 2.6011E-09 2.6607E-09 2.7173E-09 2.7738E-09 2.8332E-09 2.8894E-09 2.9453E-09 3.0040E-09 3.0594E-09 3.1142E-09 3.1685E-09 3.2247E-09 3.2779E-09 3.3303E-09 3.3820E-09 3.4354E-09 3.4854E-09 3.5344E-09 3.5825E-09 3.6321E-09 3.6780E-09 3.7228E-09 3.7662E-09 3.8112E-09 3.8522E-09 3.8917E-09 3.9298E-09 3.9663E-09 4.0043E-09 4.0379E-09 4.0697E-09 4.0999E-09 4.1283E-09 4.1581E-09 4.1832E-09 4.2063E-09 4.2276E-09 4.2469E-09 4.2643E-09 4.2833E-09 4.2970E-09 4.3087E-09 4.3183E-09 4.3259E-09 4.3314E-09 4.3348E-09 4.3362E-09 4.3398E-09
2.1242E-09 2.1799E-09 2.2360E-09 2.2925E-09 2.3492E-09 2.4080E-09 2.4652E-09 2.5226E-09 2.5801E-09 2.6406E-09 2.6983E-09 2.7559E-09 2.8165E-09 2.8740E-09 2.9312E-09 2.9882E-09 3.0481E-09 3.1045E-09 3.1603E-09 3.2182E-09 3.2731E-09 3.3273E-09 3.3808E-09 3.4361E-09 3.4881E-09 3.5392E-09 3.5893E-09 3.6411E-09 3.6892E-09 3.7362E-09 3.7820E-09 3.8293E-09 3.8727E-09 3.9147E-09 3.9552E-09 3.9943E-09 4.0349E-09 4.0711E-09 4.1056E-09 4.1384E-09 4.1695E-09 4.2022E-09 4.2299E-09 4.2559E-09 4.2799E-09 4.3021E-09 4.3223E-09 4.3441E-09 4.3606E-09 4.3751E-09 4.3875E-09 4.3979E-09 4.4062E-09 4.4124E-09 4.4206E-09 4.4229E-09 4.4231E-09
2.1518E-09 2.2084E-09 2.2653E-09 2.3227E-09 2.3820E-09 2.4400E-09 2.4982E-09 2.5565E-09 2.6179E-09 2.6766E-09 2.7353E-09 2.7938E-09 2.8556E-09 2.9141E-09 2.9723E-09 3.0336E-09 3.0914E-09 3.1488E-09 3.2057E-09 3.2647E-09 3.3207E-09 3.3760E-09 3.4331E-09 3.4870E-09 3.5401E-09 3.5922E-09 3.6461E-09 3.6964E-09 3.7456E-09 3.7937E-09 3.8433E-09 3.8891E-09 3.9335E-09 3.9766E-09 4.0181E-09 4.0613E-09 4.1001E-09 4.1373E-09 4.1728E-09 4.2066E-09 4.2420E-09 4.2725E-09 4.3013E-09 4.3281E-09 4.3531E-09 4.3762E-09 4.4009E-09 4.4203E-09 4.4376E-09 4.4530E-09 4.4662E-09 4.4774E-09 4.4864E-09 4.4976E-09 4.5027E-09 4.5056E-09 4.5065E-09
2.1787E-09 2.2361E-09 2.2940E-09 2.3522E-09 2.4125E-09 2.4714E-09 2.5305E-09 2.5897E-09 2.6522E-09 2.7119E-09 2.7715E-09 2.8342E-09 2.8939E-09 2.9534E-09 3.0158E-09 3.0750E-09 3.1339E-09 3.1923E-09 3.2529E-09 3.3105E-09 3.3675E-09 3.4238E-09 3.4821E-09 3.5371E-09 3.5913E-09 3.6445E-09 3.6996E-09 3.7510E-09 3.8013E-09 3.8531E-09 3.9012E-09 3.9481E-09 3.9936E-09 4.0377E-09 4.0834E-09 4.1247E-09 4.1646E-09 4.2028E-09 4.2393E-09 4.2774E-09 4.3108E-09 4.3423E-09 4.3720E-09 4.3999E-09 4.4258E-09 4.4535E-09 4.4758E-09 4.4960E-09 4.5143E-09 4.5305E-09 4.5446E-09 4.5565E-09 4.5707E-09 4.5787E-09 4.5846E-09 4.5883E-09 4.5898E-09
2.2049E-09 2.2632E-09 2.3219E-09 2.3827E-09 2.4422E-09 2.5020E-09 2.5620E-09 2.6252E-09 2.6857E-09 2.7463E-09 2.8100E-09 2.8707E-09 2.9313E-09 2.9918E-09 3.0555E-09 3.1157E-09 3.1756E-09 3.2375E-09 3.2967E-09 3.3554E-09 3.4134E-09 3.4734E-09 3.5303E-09 3.5864E-09 3.6416E-09 3.6987E-09 3.7522E-09 3.8047E-09 3.8560E-09 3.9091E-09 3.9583E-09 4.0063E-09 4.0528E-09 4.1010E-09 4.1450E-09 4.1874E-09 4.2283E-09 4.2675E-09 4.3084E-09 4.3445E-09 4.3789E-09 4.4114E-09 4.4422E-09 4.4710E-09 4.5016E-09 4.5269E-09 4.5501E-09 4.5713E-09 4.5905E-09 4.6076E-09 4.6225E-09 4.6398E-09 4.6508E-09 4.6596E-09 4.6663E-09 4.6708E-09 4.6731E-09
2.2305E-09 2.2896E-09 2.3508E-09 2.4108E-09 2.4712E-09 2.5318E-09 2.5927E-09 2.6570E-09 2.7184E-09 2.7799E-09 2.8446E-09 2.9063E-09 2.9680E-09 3.0327E-09 3.0942E-09 3.1554E-09 3.2188E-09 3.2794E-09 3.3396E-09 3.3993E-09 3.4610E-09 3.5196E-09 3.5776E-09 3.6347E-09 3.6937E-09 3.7493E-09 3.8038E-09 3.8574E-09 3.9127E-09 3.9642E-09 4.0145E-09 4.0635E-09 4.1142E-09 4.1606E-09 4.2057E-09 4.2492E-09 4.2911E-09 4.3347E-09 4.3736E-09 4.4108E-09 4.4462E-09 4.4798E-09 4.5116E-09 4.5451E-09 4.5734E-09 4.5996E-09 4.6239E-09 4.6461E-09 4.6662E-09 4.6842E-09 4.7045E-09 4.7186E-09 4.7305E-09 4.7402E-09 4.7478E-09 4.7531E-09 4.7561E-09
2.2552E-09 2.3151E-09 2.3773E-09 2.4381E-09 2.4993E-09 2.5608E-09 2.6257E-09 2.6879E-09 2.7502E-09 2.8158E-09 2.8784E-09 2.9411E-09 3.0068E-09 3.0695E-09 3.1320E-09 3.1942E-09 3.2587E-09 3.3203E-09 3.3816E-09 3.4423E-09 3.5051E-09 3.5648E-09 3.6238E-09 3.6846E-09 3.7422E-09 3.7988E-09 3.8545E-09 3.9120E-09 3.9657E-09 4.0183E-09 4.0697E-09 4.1227E-09 4.1717E-09 4.2193E-09 4.2654E-09 4.3100E-09 4.3562E-09 4.3979E-09 4.4379E-09 4.4762E-09 4.5127E-09 4.5474E-09 4.5839E-09 4.6151E-09 4.6444E-09 4.6717E-09 4.6969E-09 4.7201E-09 4.7412E-09 4.7647E-09 4.7819E-09 4.7969E-09 4.8098E-09 4.8204E-09 4.8289E-09 4.8350E-09 4.8456E-09
2.2792E-09 2.3416E-09 2.4029E-09 2.4646E-09 2.5266E-09 2.5920E-09 2.6548E-09 2.7179E-09 2.7810E-09 2.8477E-09 2.9113E-09 2.9748E-09 3.0417E-09 3.1053E-09 3.1688E-09 3.2345E-09 3.2975E-09 3.3602E-09 3.4225E-09 3.4869E-09 3.5482E-09 3.6089E-09 3.6689E-09 3.7310E-09 3.7896E-09 3.8473E-09 3.9068E-09 3.9628E-09 4.0176E-09 4.0713E-09 4.1238E-09 4.1781E-09 4.2282E-09 4.2769E-09 4.3241E-09 4.3698E-09 4.4174E-09 4.4602E-09 4.5013E-09 4.5407E-09 4.5782E-09 4.6177E-09 4.6519E-09 4.6842E-09 4.7145E-09 4.7429E-09 4.7692E-09 4.7934E-09 4.8200E-09 4.8404E-09 4.8586E-09 4.8747E-09 4.8885E-09 4.9001E-09 4.9095E-09 4.9234E-09 4.9287E-09
2.3023E-09 2.3656E-09 2.4277E-09 2.4901E-09 2.5530E-09 2.6193E-09 2.6830E-09 2.7469E-09 2.8142E-09 2.8786E-09 2.9431E-09 3.0108E-09 3.0755E-09 3.1401E-09 3.2045E-09 3.2713E-09 3.3353E-09 3.3990E-09 3.4648E-09 3.5278E-09 3.5902E-09 3.6519E-09 3.7157E-09 3.7762E-09 3.8359E-09 3.8947E-09 3.9554E-09 4.0125E-09 4.0684E-09 4.1232E-09 4.1798E-09 4.2324E-09 4.2836E-09 4.3334E-09 4.3817E-09 4.4319E-09 4.4774E-09 4.5213E-09 4.5636E-09 4.6040E-09 4.6464E-09 4.6836E-09 4.7189E-09 4.7523E-09 4.7838E-09 4.8132E-09 4.8406E-09 4.8704E-09 4.8940E-09 4.9154E-09 4.9347E-09 4.9518E-09 4.9666E-09 4.9792E-09 4.9964E-09 5.0051E-09 5.0114E-09
2.3264E-09 2.3887E-09 2.4515E-09 2.5148E-09 2.5814E-09 2.6457E-09 2.7101E-09 2.7780E-09 2.8432E-09 2.9085E-09 2.9738E-09 3.0426E-09 3.1082E-09 3.1737E-09 3.2416E-09 3.3069E-09 3.3719E-09 3.4366E-09 3.5036E-09 3.5675E-09 3.6309E-09 3.6964E-09 3.7587E-09 3.8202E-09 3.8809E-09 3.9437E-09 4.0028E-09 4.0609E-09 4.1179E-09 4.1768E-09 4.2317E-09 4.2854E-09 4.3377E-09 4.3886E-09 4.4414E-09 4.4896E-09 4.5363E-09 4.5813E-09 4.6247E-09 4.6699E-09 4.7101E-09 4.7484E-09 4.7849E-09 4.8194E-09 4.8520E-09 4.8825E-09 4.9155E-09 4.9423E-09 4.9670E-09 4.9895E-09 5.0099E-09 5.0281E-09 5.0440E-09 5.0646E-09 5.0766E-09 5.0862E-09 5.0936E-09
2.3478E-09 2.4109E-09 2.4744E-09 2.5384E-09 2.6060E-09 2.6710E-09 2.7363E-09 2.8051E-09 2.8711E-09 2.9372E-09 3.0068E-09 3.0733E-09 3.1398E-09 3.2087E-09 3.2752E-09 3.3414E-09 3.4074E-09 3.4756E-09 3.5410E-09 3.6060E-09 3.6704E-09 3.7370E-09 3.8003E-09 3.8629E-09 3.9275E-09 3.9886E-09 4.0488E-09 4.1080E-09 4.1691E-09 4.2263E-09 4.2823E-09 4.3371E-09 4.3905E-09 4.4458E-09 4.4967E-09 4.5461E-09 4.5939E-09 4.6401E-09 4.6846E-09 4.7312E-09 4.7725E-09 4.8120E-09 4.8496E-09 4.8853E-09 4.9191E-09 4.9552E-09 4.9852E-09 5.0132E-09 5.0390E-09 5.0627E-09 5.0842E-09 5.1035E-09 5.1275E-09 5.1429E-09 5.1560E-09 5.1668E-09 5.1752E-09
2.3683E-09 2.4321E-09 2.4963E-09 2.5641E-09 2.6295E-09 2.6953E-09 2.7645E-09 2.8311E-09 2.8979E-09 2.9681E-09 3.0354E-09 3.1028E-09 3.1702E-09 3.2401E-09 3.3075E-09 3.3746E-09 3.4441E-09 3.5109E-09 3.5772E-09 3.6432E-09 3.7113E-09 3.7763E-09 3.8407E-09 3.9043E-09 3.9700E-09 4.0322E-09 4.0935E-09 4.1537E-09 4.2161E-09 4.2744E-09 4.3315E-09 4.3874E-09 4.4451E-09 4.4986E-09 4.5506E-09 4.6011E-09 4.6501E-09 4.6974E-09 4.7469E-09 4.7912E-09 4.8337E-09 4.8744E-09 4.9132E-09 4.9500E-09 4.9893E-09 5.0226E-09 5.0538E-09 5.0830E-09 5.1100E-09 5.1349E-09 5.1575E-09 5.1850E-09 5.2038E-09 5.2203E-09 5.2346E-09 5.2465E-09 5.2561E-09
2.3878E-09 2.4522E-09 2.5172E-09 2.5859E-09 2.6520E-09 2.7185E-09 2.7886E-09 2.8560E-09 2.9236E-09 2.9947E-09 3.0629E-09 3.1311E-09 3.2018E-09 3.2702E-09 3.3385E-09 3.4065E-09 3.4770E-09 3.5448E-09 3.6121E-09 3.6816E-09 3.7482E-09 3.8142E-09 3.8796E-09 3.9471E-09 4.0112E-09 4.0744E-09 4.1367E-09 4.2011E-09 4.2616E-09 4.3210E-09 4.3793E-09 4.4363E-09 4.4953E-09 4.5499E-09 4.6031E-09 4.6548E-09 4.7049E-09 4.7571E-09 4.8043E-09 4.8498E-09 4.8935E-09 4.9353E-09 4.9753E-09 5.0177E-09 5.0542E-09 5.0887E-09 5.1212E-09 5.1516E-09 5.1798E-09 5.2059E-09 5.2367E-09 5.2590E-09 5.2790E-09 5.2968E-09 5.3123E-09 5.3254E-09 5.3362E-09
2.4063E-09 2.4714E-09 2.5401E-09 2.6065E-09 2.6733E-09 2.7437E-09 2.8115E-09 2.8796E-09 2.9512E-09 3.0201E-09 3.0891E-09 3.1581E-09 3.2298E-09 3.2990E-09 3.3682E-09 3.4397E-09 3.5086E-09 3.5773E-09 3.6455E-09 3.7161E-09 3.7837E-09 3.8507E-09 3.9198E-09 3.9857E-09 4.0508E-09 4.1150E-09 4.1813E-09 4.2440E-09 4.3056E-09 4.3661E-09 4.4255E-09 4.4869E-09 4.5440E-09 4.5997E-09 4.6540E-09 4.7069E-09 4.7618E-09 4.8118E-09 4.8602E-09 4.9068E-09 4.9517E-09 4.9948E-09 5.0403E-09 5.0800E-09 5.1177E-09 5.1535E-09 5.1872E-09 5.2188E-09 5.2483E-09 5.2825E-09 5.3083E-09 5.3318E-09 5.3532E-09 5.3722E-09 5.3889E-09 5.4033E-09 5.4154E-09
2.4238E-09 2.4895E-09 2.5590E-09 2.6260E-09 2.6935E-09 2.7647E-09 2.8332E-09 2.9021E-09 2.9746E-09 3.0442E-09 3.1139E-09 3.1863E-09 3.2564E-09 3.3265E-09 3.3964E-09 3.4690E-09 3.5388E-09 3.6083E-09 3.6802E-09 3.7491E-09 3.8176E-09 3.8856E-09 3.9558E-09 4.0227E-09 4.0888E-09 4.1541E-09 4.2216E-09 4.2853E-09 4.3480E-09 4.4096E-09 4.4732E-09 4.5327E-09 4.5910E-09 4.6479E-09 4.7033E-09 4.7573E-09 4.8137E-09 4.8649E-09 4.9145E-09 4.9623E-09 5.0085E-09 5.0569E-09 5.0998E-09 5.1407E-09 5.1797E-09 5.2168E-09 5.2517E-09 5.2846E-09 5.3222E-09 5.3515E-09 5.3786E-09 5.4035E-09 5.4261E-09 5.4464E-09 5.4645E-09 5.4802E-09 5.5014E-09
2.4401E-09 2.5095E-09 2.5767E-09 2.6444E-09 2.7156E-09 2.7845E-09 2.8537E-09 2.9265E-09 2.9966E-09 3.0670E-09 3.1375E-09 3.2107E-09 3.2816E-09 3.3525E-09 3.4259E-09 3.4968E-09 3.5674E-09 3.6378E-09 3.7107E-09 3.7806E-09 3.8500E-09 3.9217E-09 3.9903E-09 4.0581E-09 4.1252E-09 4.1945E-09 4.2602E-09 4.3250E-09 4.3887E-09 4.4514E-09 4.5163E-09 4.5769E-09 4.6363E-09 4.6943E-09 4.7509E-09 4.8098E-09 4.8638E-09 4.9163E-09 4.9670E-09 5.0161E-09 5.0635E-09 5.1135E-09 5.1576E-09 5.1999E-09 5.2402E-09 5.2785E-09 5.3147E-09 5.3557E-09 5.3884E-09 5.4190E-09 5.4475E-09 5.4737E-09 5.4977E-09 5.5194E-09 5.5388E-09 5.5637E-09 5.5792E-09
2.4554E-09 2.5255E-09 2.5932E-09 2.6615E-09 2.7336E-09 2.8031E-09 2.8729E-09 2.9465E-09 3.0173E-09 3.0884E-09 3.1622E-09 3.2338E-09 3.3054E-09 3.3771E-09 3.4514E-09 3.5231E-09 3.5946E-09 3.6685E-09 3.7397E-09 3.8105E-09 3.8808E-09 3.9536E-09 4.0230E-09 4.0918E-09 4.1599E-09 4.2304E-09 4.2971E-09 4.3629E-09 4.4277E-09 4.4947E-09 4.5576E-09 4.6193E-09 4.6798E-09 4.7389E-09 4.8004E-09 4.8570E-09 4.9122E-09 4.9658E-09 5.0178E-09 5.0682E-09 5.1211E-09 5.1683E-09 5.2137E-09 5.2573E-09 5.2989E-09 5.3385E-09 5.3827E-09 5.4189E-09 5.4530E-09 5.4850E-09 5.5148E-09 5.5424E-09 5.5678E-09 5.5909E-09 5.6196E-09 5.6388E-09 5.6557E-09
2.4726E-09 2.5403E-09 2.6086E-09 2.6806E-09 2.7502E-09 2.8203E-09 2.8908E-09 2.9652E-09 3.0367E-09 3.1084E-09 3.1830E-09 3.2553E-09 3.3277E-09 3.4027E-09 3.4753E-09 3.5478E-09 3.6201E-09 3.6950E-09 3.7670E-09 3.8387E-09 3.9127E-09 3.9837E-09 4.0541E-09 4.1238E-09 4.1959E-09 4.2645E-09 4.3322E-09 4.3990E-09 4.4680E-09 4.5331E-09 4.5971E-09 4.6599E-09 4.7214E-09 4.7817E-09 4.8445E-09 4.9024E-09 4.9587E-09 5.0135E-09 5.0668E-09 5.1226E-09 5.1728E-09 5.2213E-09 5.2680E-09 5.3128E-09 5.3558E-09 5.4032E-09 5.4428E-09 5.4804E-09 5.5159E-09 5.5493E-09 5.5806E-09 5.6096E-09 5.6364E-09 5.6688E-09 5.6918E-09 5.7126E-09 5.7310E-09
2.4857E-09 2.5539E-09 2.6227E-09 2.6954E-09 2.7656E-09 2.8363E-09 2.9107E-09 2.9825E-09 3.0546E-09 3.1295E-09 3.2024E-09 3.2754E-09 3.3485E-09 3.4243E-09 3.4977E-09 3.5709E-09 3.6467E-09 3.7198E-09 3.7927E-09 3.8652E-09 3.9402E-09 4.0120E-09 4.0833E-09 4.1569E-09 4.2272E-09 4.2967E-09 4.3654E-09 4.4332E-09 4.5034E-09 4.5695E-09 4.6346E-09 4.6985E-09 4.7611E-09 4.8263E-09 4.8867E-09 4.9457E-09 5.0033E-09 5.0593E-09 5.1178E-09 5.1710E-09 5.2226E-09 5.2724E-09 5.3204E-09 5.3665E-09 5.4107E-09 5.4601E-09 5.5011E-09 5.5401E-09 5.5770E-09 5.6118E-09 5.6445E-09 5.6750E-09 5.7033E-09 5.7379E-09 5.7625E-09 5.7848E-09 5.8048E-09
