Assets/Resources/2015_m01_d04_1900(utc+0800)_l00_csi_1hr_conc.grd
DSAA
         159         159
     -79.000      79.000
     -79.000      79.000
  0.3063E-09  0.1208E-04
[rows 25 to 49 of 159, columns 57 to 113 of 159]
3.4185E-09 3.3533E-09 3.2829E-09 3.2182E-09 3.1553E-09 3.0941E-09 3.0359E-09 2.9797E-09 2.9253E-09 2.8721E-09 2.8197E-09 2.7682E-09 2.7174E-09 2.6675E-09 2.6167E-09 2.5668E-09 2.5177E-09 2.4698E-09 2.4210E-09 2.3766E-09 2.3280E-09 2.2820E-09 2.2386E-09 2.1880E-09 2.1404E-09 2.1002E-09 2.0592E-09 2.0161E-09 1.9743E-09 1.9378E-09 1.8976E-09 1.8586E-09 1.8263E-09 1.7887E-09 1.7537E-09 1.7236E-09 1.6939E-09 1.6632E-09 1.6328E-09 1.6043E-09 1.5745E-09 1.5452E-09 1.5177E-09 1.4904E-09 1.4607E-09 1.4341E-09 1.4079E-09 1.3793E-09 1.3526E-09 1.3274E-09 1.3013E-09 1.2744E-09 1.2503E-09 1.2254E-09 1.1977E-09 1.1749E-09 1.1524E-09
3.4758E-09 3.4255E-09 3.3344E-09 3.2639E-09 3.2001E-09 3.1369E-09 3.0750E-09 3.0152E-09 2.9589E-09 2.9045E-09 2.8512E-09 2.7986E-09 2.7470E-09 2.6962E-09 2.6444E-09 2.5937E-09 2.5456E-09 2.4950E-09 2.4454E-09 2.4002E-09 2.3509E-09 2.3042E-09 2.2601E-09 2.2137E-09 2.1651E-09 2.1213E-09 2.0780E-09 2.0342E-09 1.9933E-09 1.9546E-09 1.9154E-09 1.8758E-09 1.8414E-09 1.8049E-09 1.7678E-09 1.7372E-09 1.7072E-09 1.6761E-09 1.6455E-09 1.6167E-09 1.5868E-09 1.5572E-09 1.5295E-09 1.5019E-09 1.4721E-09 1.4453E-09 1.4188E-09 1.3901E-09 1.3631E-09 1.3377E-09 1.3114E-09 1.2856E-09 1.2601E-09 1.2350E-09 1.2083E-09 1.1841E-09 1.1614E-09
3.5395E-09 3.5058E-09 3.4343E-09 3.3181E-09 3.2424E-09 3.1788E-09 3.1163E-09 3.0539E-09 2.9933E-09 2.9364E-09 2.8821E-09 2.8286E-09 2.7761E-09 2.7244E-09 2.6717E-09 2.6219E-09 2.5713E-09 2.5198E-09 2.4711E-09 2.4235E-09 2.3734E-09 2.3277E-09 2.2829E-09 2.2341E-09 2.1882E-09 2.1403E-09 2.0965E-09 2.0536E-09 2.0104E-09 1.9712E-09 1.9313E-09 1.8911E-09 1.8562E-09 1.8192E-09 1.7816E-09 1.7506E-09 1.7202E-09 1.6888E-09 1.6579E-09 1.6289E-09 1.5987E-09 1.5703E-09 1.5409E-09 1.5132E-09 1.4845E-09 1.4562E-09 1.4295E-09 1.4019E-09 1.3733E-09 1.3478E-09 1.3213E-09 1.2953E-09 1.2696E-09 1.2443E-09 1.2194E-09 1.1931E-09 1.1702E-09
3.6155E-09 3.5997E-09 3.5375E-09 3.4134E-09 3.2997E-09 3.2187E-09 3.1552E-09 3.0932E-09 3.0307E-09 2.9699E-09 2.9126E-09 2.8581E-09 2.8046E-09 2.7521E-09 2.6986E-09 2.6479E-09 2.5964E-09 2.5442E-09 2.4965E-09 2.4464E-09 2.3954E-09 2.3508E-09 2.3037E-09 2.2542E-09 2.2076E-09 2.1590E-09 2.1162E-09 2.0759E-09 2.0272E-09 1.9890E-09 1.9516E-09 1.9105E-09 1.8708E-09 1.8376E-09 1.7993E-09 1.7637E-09 1.7329E-09 1.7011E-09 1.6714E-09 1.6407E-09 1.6102E-09 1.5817E-09 1.5521E-09 1.5242E-09 1.4952E-09 1.4667E-09 1.4399E-09 1.4120E-09 1.3846E-09 1.3576E-09 1.3310E-09 1.3060E-09 1.2789E-09 1.2534E-09 1.2296E-09 1.2018E-09 1.1788E-09
3.8280E-09 3.7092E-09 3.6621E-09 3.5692E-09 3.4218E-09 3.2706E-09 3.1939E-09 3.1298E-09 3.0678E-09 3.0055E-09 2.9448E-09 2.8874E-09 2.8327E-09 2.7792E-09 2.7249E-09 2.6734E-09 2.6211E-09 2.5681E-09 2.5196E-09 2.4687E-09 2.4189E-09 2.3718E-09 2.3241E-09 2.2755E-09 2.2315E-09 2.1820E-09 2.1339E-09 2.0931E-09 2.0484E-09 2.0050E-09 1.9671E-09 1.9253E-09 1.8851E-09 1.8514E-09 1.8142E-09 1.7765E-09 1.7453E-09 1.7147E-09 1.6831E-09 1.6521E-09 1.6229E-09 1.5927E-09 1.5629E-09 1.5348E-09 1.5070E-09 1.4769E-09 1.4499E-09 1.4232E-09 1.3943E-09 1.3671E-09 1.3416E-09 1.3151E-09 1.2879E-09 1.2635E-09 1.2383E-09 1.2103E-09 1.1872E-09
4.0259E-09 3.9822E-09 3.8096E-09 3.7252E-09 3.5532E-09 3.3921E-09 3.2408E-09 3.1677E-09 3.1032E-09 3.0404E-09 2.9785E-09 2.9181E-09 2.8607E-09 2.8059E-09 2.7525E-09 2.6984E-09 2.6453E-09 2.5951E-09 2.5424E-09 2.4906E-09 2.4435E-09 2.3924E-09 2.3439E-09 2.2998E-09 2.2501E-09 2.2000E-09 2.1546E-09 2.1099E-09 2.0647E-09 2.0222E-09 1.9822E-09 1.9416E-09 1.9005E-09 1.8650E-09 1.8272E-09 1.7890E-09 1.7575E-09 1.7264E-09 1.6945E-09 1.6632E-09 1.6338E-09 1.6033E-09 1.5733E-09 1.5451E-09 1.5171E-09 1.4869E-09 1.4597E-09 1.4328E-09 1.4037E-09 1.3764E-09 1.3507E-09 1.3241E-09 1.2967E-09 1.2721E-09 1.2467E-09 1.2186E-09 1.1953E-09
4.2188E-09 4.2438E-09 4.0089E-09 3.8949E-09 3.7039E-09 3.5239E-09 3.3482E-09 3.2089E-09 3.1402E-09 3.0752E-09 3.0119E-09 2.9497E-09 2.8898E-09 2.8327E-09 2.7778E-09 2.7229E-09 2.6690E-09 2.6180E-09 2.5645E-09 2.5121E-09 2.4643E-09 2.4125E-09 2.3633E-09 2.3187E-09 2.2684E-09 2.2176E-09 2.1716E-09 2.1264E-09 2.0806E-09 2.0377E-09 1.9970E-09 1.9559E-09 1.9142E-09 1.8782E-09 1.8400E-09 1.8013E-09 1.7693E-09 1.7379E-09 1.7056E-09 1.6739E-09 1.6443E-09 1.6136E-09 1.5834E-09 1.5550E-09 1.5269E-09 1.4965E-09 1.4691E-09 1.4421E-09 1.4128E-09 1.3853E-09 1.3595E-09 1.3327E-09 1.3051E-09 1.2805E-09 1.2549E-09 1.2266E-09 1.2032E-09
4.4551E-09 4.5216E-09 4.4123E-09 4.1311E-09 3.8715E-09 3.6800E-09 3.4972E-09 3.3072E-09 3.1858E-09 3.1145E-09 3.0474E-09 2.9819E-09 2.9198E-09 2.8602E-09 2.8032E-09 2.7468E-09 2.6939E-09 2.6404E-09 2.5862E-09 2.5349E-09 2.4846E-09 2.4320E-09 2.3841E-09 2.3371E-09 2.2862E-09 2.2347E-09 2.1881E-09 2.1425E-09 2.0961E-09 2.0572E-09 2.0116E-09 1.9698E-09 1.9321E-09 1.8911E-09 1.8524E-09 1.8175E-09 1.7809E-09 1.7491E-09 1.7164E-09 1.6858E-09 1.6545E-09 1.6236E-09 1.5946E-09 1.5646E-09 1.5363E-09 1.5071E-09 1.4782E-09 1.4511E-09 1.4229E-09 1.3940E-09 1.3680E-09 1.3411E-09 1.3146E-09 1.2885E-09 1.2629E-09 1.2376E-09 1.2109E-09
4.7548E-09 4.8233E-09 4.7158E-09 4.3974E-09 4.0872E-09 3.8317E-09 3.6408E-09 3.4438E-09 3.2506E-09 3.1545E-09 3.0838E-09 3.0154E-09 2.9503E-09 2.8888E-09 2.8291E-09 2.7707E-09 2.7165E-09 2.6622E-09 2.6073E-09 2.5570E-09 2.5044E-09 2.4529E-09 2.4043E-09 2.3550E-09 2.3052E-09 2.2581E-09 2.2090E-09 2.1597E-09 2.1176E-09 2.0719E-09 2.0258E-09 1.9881E-09 1.9452E-09 1.9038E-09 1.8690E-09 1.8292E-09 1.7921E-09 1.7600E-09 1.7269E-09 1.6960E-09 1.6643E-09 1.6332E-09 1.6040E-09 1.5738E-09 1.5454E-09 1.5160E-09 1.4870E-09 1.4597E-09 1.4315E-09 1.4023E-09 1.3762E-09 1.3492E-09 1.3225E-09 1.2964E-09 1.2705E-09 1.2451E-09 1.2183E-09
5.4397E-09 5.2229E-09 5.0690E-09 4.7089E-09 4.3685E-09 4.0318E-09 3.7935E-09 3.5961E-09 3.3739E-09 3.2016E-09 3.1214E-09 3.0506E-09 2.9822E-09 2.9175E-09 2.8564E-09 2.7953E-09 2.7390E-09 2.6835E-09 2.6278E-09 2.5769E-09 2.5237E-09 2.4715E-09 2.4223E-09 2.3725E-09 2.3220E-09 2.2761E-09 2.2248E-09 2.1749E-09 2.1324E-09 2.0862E-09 2.0412E-09 2.0015E-09 1.9598E-09 1.9162E-09 1.8809E-09 1.8422E-09 1.8032E-09 1.7706E-09 1.7387E-09 1.7059E-09 1.6739E-09 1.6439E-09 1.6131E-09 1.5827E-09 1.5542E-09 1.5246E-09 1.4955E-09 1.4680E-09 1.4396E-09 1.4116E-09 1.3841E-09 1.3570E-09 1.3314E-09 1.3039E-09 1.2780E-09 1.2524E-09 1.2254E-09
6.1757E-09 5.6927E-09 5.5075E-09 5.0476E-09 4.6730E-09 4.3007E-09 3.9615E-09 3.7438E-09 3.5311E-09 3.3012E-09 3.1633E-09 3.0877E-09 3.0156E-09 2.9475E-09 2.8837E-09 2.8209E-09 2.7622E-09 2.7045E-09 2.6478E-09 2.5963E-09 2.5423E-09 2.4896E-09 2.4398E-09 2.3894E-09 2.3401E-09 2.2919E-09 2.2401E-09 2.1913E-09 2.1468E-09 2.1001E-09 2.0546E-09 2.0146E-09 1.9723E-09 1.9282E-09 1.8926E-09 1.8534E-09 1.8139E-09 1.7809E-09 1.7487E-09 1.7156E-09 1.6832E-09 1.6529E-09 1.6218E-09 1.5912E-09 1.5626E-09 1.5342E-09 1.5036E-09 1.4760E-09 1.4488E-09 1.4194E-09 1.3917E-09 1.3644E-09 1.3388E-09 1.3111E-09 1.2851E-09 1.2607E-09 1.2323E-09
6.7805E-09 6.6334E-09 6.0446E-09 5.4658E-09 5.0083E-09 4.6125E-09 4.2106E-09 3.8885E-09 3.6839E-09 3.4430E-09 3.2305E-09 3.1274E-09 3.0521E-09 2.9791E-09 2.9115E-09 2.8469E-09 2.7862E-09 2.7263E-09 2.6692E-09 2.6150E-09 2.5605E-09 2.5089E-09 2.4567E-09 2.4058E-09 2.3560E-09 2.3073E-09 2.2550E-09 2.2057E-09 2.1607E-09 2.1135E-09 2.0691E-09 2.0272E-09 1.9846E-09 1.9414E-09 1.9039E-09 1.8643E-09 1.8242E-09 1.7910E-09 1.7583E-09 1.7249E-09 1.6922E-09 1.6616E-09 1.6302E-09 1.5994E-09 1.5706E-09 1.5421E-09 1.5113E-09 1.4837E-09 1.4563E-09 1.4268E-09 1.3990E-09 1.3729E-09 1.3459E-09 1.3181E-09 1.2920E-09 1.2674E-09 1.2390E-09
7.5198E-09 7.3212E-09 6.6546E-09 5.9973E-09 5.3960E-09 4.9460E-09 4.5215E-09 4.1074E-09 3.8259E-09 3.6097E-09 3.3624E-09 3.1721E-09 3.0914E-09 3.0149E-09 2.9417E-09 2.8745E-09 2.8109E-09 2.7485E-09 2.6894E-09 2.6331E-09 2.5780E-09 2.5259E-09 2.4732E-09 2.4217E-09 2.3730E-09 2.3222E-09 2.2693E-09 2.2196E-09 2.1741E-09 2.1265E-09 2.0817E-09 2.0394E-09 1.9964E-09 1.9529E-09 1.9149E-09 1.8749E-09 1.8343E-09 1.8007E-09 1.7678E-09 1.7339E-09 1.7009E-09 1.6700E-09 1.6383E-09 1.6073E-09 1.5783E-09 1.5496E-09 1.5187E-09 1.4910E-09 1.4635E-09 1.4339E-09 1.4060E-09 1.3798E-09 1.3527E-09 1.3248E-09 1.2998E-09 1.2739E-09 1.2454E-09
8.4006E-09 8.1298E-09 7.3335E-09 6.6137E-09 5.9029E-09 5.3039E-09 4.8549E-09 4.4029E-09 4.0039E-09 3.7684E-09 3.5435E-09 3.2981E-09 3.1329E-09 3.0527E-09 2.9752E-09 2.9028E-09 2.8350E-09 2.7717E-09 2.7099E-09 2.6519E-09 2.5949E-09 2.5423E-09 2.4890E-09 2.4370E-09 2.3879E-09 2.3366E-09 2.2881E-09 2.2377E-09 2.1871E-09 2.1438E-09 2.0985E-09 2.0512E-09 2.0079E-09 1.9683E-09 1.9256E-09 1.8851E-09 1.8442E-09 1.8102E-09 1.7769E-09 1.7427E-09 1.7108E-09 1.6781E-09 1.6461E-09 1.6162E-09 1.5856E-09 1.5568E-09 1.5258E-09 1.4979E-09 1.4704E-09 1.4406E-09 1.4127E-09 1.3864E-09 1.3592E-09 1.3312E-09 1.3061E-09 1.2801E-09 1.2515E-09
1.0203E-08 9.1385E-09 8.1338E-09 7.3058E-09 6.5213E-09 5.7790E-09 5.2083E-09 4.7453E-09 4.2825E-09 3.9232E-09 3.7179E-09 3.4800E-09 3.2523E-09 3.0936E-09 3.0123E-09 2.9341E-09 2.8613E-09 2.7948E-09 2.7336E-09 2.6708E-09 2.6137E-09 2.5581E-09 2.5043E-09 2.4518E-09 2.4022E-09 2.3504E-09 2.3015E-09 2.2506E-09 2.1996E-09 2.1559E-09 2.1102E-09 2.0626E-09 2.0235E-09 1.9791E-09 1.9360E-09 1.8950E-09 1.8580E-09 1.8193E-09 1.7857E-09 1.7512E-09 1.7189E-09 1.6860E-09 1.6536E-09 1.6235E-09 1.5926E-09 1.5637E-09 1.5339E-09 1.5046E-09 1.4769E-09 1.4471E-09 1.4190E-09 1.3926E-09 1.3654E-09 1.3373E-09 1.3121E-09 1.2861E-09 1.2573E-09
1.1484E-08 1.0289E-08 9.1103E-09 8.0715E-09 7.2091E-09 6.3789E-09 5.6297E-09 5.1079E-09 4.6406E-09 4.1903E-09 3.8711E-09 3.6726E-09 3.4355E-09 3.2030E-09 3.0511E-09 2.9683E-09 2.8886E-09 2.8191E-09 2.7551E-09 2.6910E-09 2.6310E-09 2.5734E-09 2.5207E-09 2.4660E-09 2.4160E-09 2.3637E-09 2.3144E-09 2.2647E-09 2.2116E-09 2.1676E-09 2.1215E-09 2.0735E-09 2.0341E-09 1.9910E-09 1.9460E-09 1.9091E-09 1.8689E-09 1.8283E-09 1.7942E-09 1.7594E-09 1.7268E-09 1.6935E-09 1.6609E-09 1.6304E-09 1.5993E-09 1.5702E-09 1.5403E-09 1.5108E-09 1.4831E-09 1.4532E-09 1.4251E-09 1.3986E-09 1.3712E-09 1.3431E-09 1.3178E-09 1.2917E-09 1.2629E-09
1.2930E-08 1.1595E-08 1.0278E-08 9.0229E-09 7.9709E-09 7.0723E-09 6.2129E-09 5.5013E-09 5.0153E-09 4.5473E-09 4.1358E-09 3.8221E-09 3.6201E-09 3.3732E-09 3.1394E-09 3.0052E-09 2.9203E-09 2.8442E-09 2.7773E-09 2.7109E-09 2.6495E-09 2.5893E-09 2.5348E-09 2.4814E-09 2.4292E-09 2.3765E-09 2.3268E-09 2.2767E-09 2.2232E-09 2.1788E-09 2.1324E-09 2.0840E-09 2.0443E-09 2.0009E-09 1.9555E-09 1.9185E-09 1.8778E-09 1.8369E-09 1.8025E-09 1.7688E-09 1.7344E-09 1.7008E-09 1.6679E-09 1.6372E-09 1.6058E-09 1.5764E-09 1.5463E-09 1.5168E-09 1.4890E-09 1.4603E-09 1.4307E-09 1.4042E-09 1.3768E-09 1.3498E-09 1.3233E-09 1.2971E-09 1.2682E-09
1.4580E-08 1.3047E-08 1.1582E-08 1.0169E-08 8.8591E-09 7.8296E-09 6.9134E-09 6.0590E-09 5.4020E-09 4.9344E-09 4.4802E-09 4.0682E-09 3.7675E-09 3.5529E-09 3.2966E-09 3.0739E-09 2.9564E-09 2.8713E-09 2.8014E-09 2.7314E-09 2.6677E-09 2.6056E-09 2.5490E-09 2.4944E-09 2.4418E-09 2.3904E-09 2.3386E-09 2.2881E-09 2.2342E-09 2.1895E-09 2.1428E-09 2.0941E-09 2.0541E-09 2.0104E-09 1.9647E-09 1.9274E-09 1.8865E-09 1.8451E-09 1.8105E-09 1.7764E-09 1.7417E-09 1.7078E-09 1.6746E-09 1.6436E-09 1.6119E-09 1.5823E-09 1.5520E-09 1.5223E-09 1.4945E-09 1.4657E-09 1.4361E-09 1.4095E-09 1.3821E-09 1.3550E-09 1.3284E-09 1.3022E-09 1.2732E-09
1.6474E-08 1.4720E-08 1.3052E-08 1.1488E-08 9.9967E-09 8.6763E-09 7.6731E-09 6.7523E-09 5.9514E-09 5.3162E-09 4.8550E-09 4.3972E-09 3.9820E-09 3.6985E-09 3.4664E-09 3.2081E-09 3.0083E-09 2.9054E-09 2.8267E-09 2.7537E-09 2.6867E-09 2.6221E-09 2.5634E-09 2.5071E-09 2.4538E-09 2.4020E-09 2.3499E-09 2.2990E-09 2.2447E-09 2.1998E-09 2.1527E-09 2.1037E-09 2.0634E-09 2.0195E-09 1.9735E-09 1.9359E-09 1.8948E-09 1.8531E-09 1.8181E-09 1.7838E-09 1.7487E-09 1.7145E-09 1.6825E-09 1.6498E-09 1.6179E-09 1.5880E-09 1.5575E-09 1.5276E-09 1.4997E-09 1.4708E-09 1.4411E-09 1.4145E-09 1.3870E-09 1.3599E-09 1.3332E-09 1.3070E-09 1.2780E-09
1.8605E-08 1.6607E-08 1.4704E-08 1.2934E-08 1.1303E-08 9.7714E-09 8.4979E-09 7.5133E-09 6.6128E-09 5.8350E-09 5.2240E-09 4.7564E-09 4.2844E-09 3.8831E-09 3.6202E-09 3.3675E-09 3.1095E-09 2.9472E-09 2.8563E-09 2.7779E-09 2.7069E-09 2.6395E-09 2.5782E-09 2.5196E-09 2.4653E-09 2.4148E-09 2.3606E-09 2.3094E-09 2.2548E-09 2.2095E-09 2.1621E-09 2.1128E-09 2.0723E-09 2.0280E-09 1.9818E-09 1.9441E-09 1.9027E-09 1.8608E-09 1.8255E-09 1.7909E-09 1.7555E-09 1.7210E-09 1.6887E-09 1.6557E-09 1.6235E-09 1.5934E-09 1.5626E-09 1.5326E-09 1.5045E-09 1.4756E-09 1.4459E-09 1.4192E-09 1.3916E-09 1.3645E-09 1.3378E-09 1.3115E-09 1.2824E-09
2.1008E-08 1.8748E-08 1.6587E-08 1.4564E-08 1.2744E-08 1.1067E-08 9.5608E-09 8.3237E-09 7.3546E-09 6.4726E-09 5.6976E-09 5.1119E-09 4.6235E-09 4.1495E-09 3.7766E-09 3.5210E-09 3.2515E-09 3.0194E-09 2.8937E-09 2.8058E-09 2.7299E-09 2.6576E-09 2.5934E-09 2.5326E-09 2.4764E-09 2.4252E-09 2.3707E-09 2.3176E-09 2.2642E-09 2.2187E-09 2.1710E-09 2.1214E-09 2.0807E-09 2.0362E-09 1.9898E-09 1.9518E-09 1.9102E-09 1.8681E-09 1.8325E-09 1.7976E-09 1.7620E-09 1.7271E-09 1.6946E-09 1.6613E-09 1.6289E-09 1.5986E-09 1.5689E-09 1.5373E-09 1.5090E-09 1.4800E-09 1.4515E-09 1.4235E-09 1.3959E-09 1.3687E-09 1.3420E-09 1.3157E-09 1.2866E-09
2.3686E-08 2.1129E-08 1.8685E-08 1.6396E-08 1.4312E-08 1.2475E-08 1.0789E-08 9.3264E-09 8.1321E-09 7.1718E-09 6.2845E-09 5.5275E-09 4.9680E-09 4.4617E-09 3.9992E-09 3.6748E-09 3.4073E-09 3.1287E-09 2.9402E-09 2.8388E-09 2.7564E-09 2.6794E-09 2.6100E-09 2.5456E-09 2.4873E-09 2.4351E-09 2.3803E-09 2.3268E-09 2.2779E-09 2.2274E-09 2.1794E-09 2.1296E-09 2.0887E-09 2.0440E-09 1.9972E-09 1.9591E-09 1.9173E-09 1.8750E-09 1.8393E-09 1.8041E-09 1.7682E-09 1.7331E-09 1.7002E-09 1.6667E-09 1.6340E-09 1.6035E-09 1.5736E-09 1.5417E-09 1.5133E-09 1.4841E-09 1.4556E-09 1.4275E-09 1.3999E-09 1.3727E-09 1.3460E-09 1.3196E-09 1.2905E-09
2.6647E-08 2.3784E-08 2.1028E-08 1.8453E-08 1.6085E-08 1.4002E-08 1.2158E-08 1.0496E-08 9.0587E-09 7.9100E-09 6.9444E-09 6.0508E-09 5.3346E-09 4.7879E-09 4.2716E-09 3.8502E-09 3.5553E-09 3.2710E-09 3.0224E-09 2.8787E-09 2.7855E-09 2.7038E-09 2.6290E-09 2.5597E-09 2.4985E-09 2.4446E-09 2.3893E-09 2.3355E-09 2.2863E-09 2.2355E-09 2.1874E-09 2.1373E-09 2.0961E-09 2.0512E-09 2.0043E-09 1.9660E-09 1.9240E-09 1.8815E-09 1.8456E-09 1.8103E-09 1.7741E-09 1.7387E-09 1.7056E-09 1.6718E-09 1.6389E-09 1.6081E-09 1.5780E-09 1.5459E-09 1.5173E-09 1.4880E-09 1.4593E-09 1.4312E-09 1.4036E-09 1.3764E-09 1.3496E-09 1.3232E-09 1.2941E-09
2.9892E-08 2.6696E-08 2.3599E-08 2.0716E-08 1.8060E-08 1.5697E-08 1.3624E-08 1.1795E-08 1.0154E-08 8.7527E-09 7.6476E-09 6.6593E-09 5.7939E-09 5.1339E-09 4.5811E-09 4.0740E-09 3.7075E-09 3.4174E-09 3.1311E-09 2.9318E-09 2.8227E-09 2.7307E-09 2.6521E-09 2.5766E-09 2.5097E-09 2.4538E-09 2.3976E-09 2.3436E-09 2.2942E-09 2.2432E-09 2.1948E-09 2.1445E-09 2.1031E-09 2.0580E-09 2.0109E-09 1.9724E-09 1.9303E-09 1.8876E-09 1.8516E-09 1.8161E-09 1.7797E-09 1.7441E-09 1.7108E-09 1.6767E-09 1.6435E-09 1.6125E-09 1.5821E-09 1.5499E-09 1.5210E-09 1.4915E-09 1.4628E-09 1.4346E-09 1.4069E-09 1.3797E-09 1.3529E-09 1.3265E-09 1.2974E-09
3.3403E-08 2.9868E-08 2.6431E-08 2.3205E-08 2.0249E-08 1.7572E-08 1.5233E-08 1.3183E-08 1.1366E-08 9.7367E-09 8.4044E-09 7.3153E-09 6.3299E-09 5.5282E-09 4.9108E-09 4.3443E-09 3.8901E-09 3.5625E-09 3.2569E-09 3.0111E-09 2.8685E-09 2.7649E-09 2.6775E-09 2.5972E-09 2.5220E-09 2.4615E-09 2.4053E-09 2.3511E-09 2.3015E-09 2.2503E-09 2.2017E-09 2.1512E-09 2.1096E-09 2.0644E-09 2.0171E-09 1.9784E-09 1.9362E-09 1.8933E-09 1.8572E-09 1.8216E-09 1.7850E-09 1.7491E-09 1.7156E-09 1.6813E-09 1.6478E-09 1.6166E-09 1.5860E-09 1.5536E-09 1.5246E-09 1.4949E-09 1.4659E-09 1.4377E-09 1.4100E-09 1.3827E-09 1.3560E-09 1.3296E-09 1.3004E-09
