Assets/Resources/2015_m01_d14_0700(utc+0800)_l00_csi_1hr_conc.grd
DSAA
         159         159
     -79.000      79.000
     -79.000      79.000
  0.0000E+00  0.9660E-05
[rows 0 to 24 of 159, columns 0 to 56 of 159]
1.1361E-09 1.1550E-09 1.1722E-09 1.1891E-09 1.2056E-09 1.2227E-09 1.2383E-09 1.2549E-09 1.2696E-09 1.2837E-09 1.2987E-09 1.3132E-09 1.3257E-09 1.3364E-09 1.3478E-09 1.3597E-09 1.3710E-09 1.3817E-09 1.3903E-09 1.3981E-09 1.4035E-09 1.4096E-09 1.4196E-09 1.4241E-09 1.4277E-09 1.4288E-09 1.4305E-09 1.4335E-09 1.4347E-09 1.4320E-09 1.4323E-09 1.4276E-09 1.4236E-09 1.4209E-09 1.4150E-09 1.4063E-09 1.3990E-09 1.3901E-09 1.3784E-09 1.3698E-09 1.3587E-09 1.3442E-09 1.3287E-09 1.3164E-09 1.2991E-09 1.2809E-09 1.2618E-09 1.2419E-09 1.2235E-09 1.2064E-09 1.1842E-09 1.1633E-09 1.1398E-09 1.1157E-09 1.0910E-09 1.0658E-09 1.0401E-09
1.1754E-09 1.1927E-09 1.2120E-09 1.2308E-09 1.2482E-09 1.2640E-09 1.2832E-09 1.2982E-09 1.3137E-09 1.3301E-09 1.3473E-09 1.3601E-09 1.3737E-09 1.3878E-09 1.4001E-09 1.4127E-09 1.4236E-09 1.4337E-09 1.4430E-09 1.4515E-09 1.4617E-09 1.4707E-09 1.4751E-09 1.4803E-09 1.4844E-09 1.4910E-09 1.4934E-09 1.4931E-09 1.4957E-09 1.4934E-09 1.4933E-09 1.4913E-09 1.4876E-09 1.4835E-09 1.4777E-09 1.4692E-09 1.4612E-09 1.4554E-09 1.4438E-09 1.4328E-09 1.4215E-09 1.4068E-09 1.3910E-09 1.3742E-09 1.3606E-09 1.3445E-09 1.3249E-09 1.3065E-09 1.2852E-09 1.2631E-09 1.2428E-09 1.2192E-09 1.1948E-09 1.1699E-09 1.1443E-09 1.1181E-09 1.0914E-09
1.2119E-09 1.2325E-09 1.2526E-09 1.2713E-09 1.2896E-09 1.3091E-09 1.3266E-09 1.3435E-09 1.3603E-09 1.3791E-09 1.3934E-09 1.4085E-09 1.4241E-09 1.4405E-09 1.4537E-09 1.4662E-09 1.4779E-09 1.4888E-09 1.4998E-09 1.5113E-09 1.5198E-09 1.5274E-09 1.5340E-09 1.5410E-09 1.5481E-09 1.5503E-09 1.5555E-09 1.5556E-09 1.5581E-09 1.5586E-09 1.5573E-09 1.5556E-09 1.5522E-09 1.5460E-09 1.5427E-09 1.5368E-09 1.5291E-09 1.5209E-09 1.5093E-09 1.4964E-09 1.4825E-09 1.4742E-09 1.4582E-09 1.4431E-09 1.4251E-09 1.4085E-09 1.3885E-09 1.3675E-09 1.3456E-09 1.3228E-09 1.2992E-09 1.2819E-09 1.2569E-09 1.2311E-09 1.2067E-09 1.1796E-09 1.1520E-09
1.2515E-09 1.2730E-09 1.2930E-09 1.3127E-09 1.3336E-09 1.3525E-09 1.3709E-09 1.3920E-09 1.4096E-09 1.4254E-09 1.4432E-09 1.4621E-09 1.4773E-09 1.4921E-09 1.5062E-09 1.5195E-09 1.5334E-09 1.5464E-09 1.5595E-09 1.5698E-09 1.5790E-09 1.5870E-09 1.5966E-09 1.6032E-09 1.6086E-09 1.6138E-09 1.6189E-09 1.6220E-09 1.6234E-09 1.6243E-09 1.6235E-09 1.6199E-09 1.6191E-09 1.6157E-09 1.6104E-09 1.6046E-09 1.5953E-09 1.5847E-09 1.5771E-09 1.5668E-09 1.5547E-09 1.5396E-09 1.5259E-09 1.5086E-09 1.4901E-09 1.4706E-09 1.4525E-09 1.4356E-09 1.4132E-09 1.3919E-09 1.3677E-09 1.3426E-09 1.3192E-09 1.2926E-09 1.2652E-09 1.2372E-09 1.2085E-09
1.2918E-09 1.3132E-09 1.3343E-09 1.3566E-09 1.3770E-09 1.3969E-09 1.4195E-09 1.4387E-09 1.4560E-09 1.4770E-09 1.4960E-09 1.5128E-09 1.5292E-09 1.5466E-09 1.5617E-09 1.5769E-09 1.5904E-09 1.6053E-09 1.6173E-09 1.6283E-09 1.6396E-09 1.6511E-09 1.6594E-09 1.6672E-09 1.6735E-09 1.6810E-09 1.6852E-09 1.6865E-09 1.6909E-09 1.6900E-09 1.6919E-09 1.6912E-09 1.6886E-09 1.6855E-09 1.6787E-09 1.6706E-09 1.6680E-09 1.6576E-09 1.6479E-09 1.6375E-09 1.6235E-09 1.6082E-09 1.5917E-09 1.5790E-09 1.5624E-09 1.5445E-09 1.5236E-09 1.5042E-09 1.4812E-09 1.4572E-09 1.4322E-09 1.4063E-09 1.3818E-09 1.3543E-09 1.3308E-09 1.3018E-09 1.2722E-09
1.3319E-09 1.3544E-09 1.3792E-09 1.4011E-09 1.4214E-09 1.4467E-09 1.4662E-09 1.4863E-09 1.5078E-09 1.5297E-09 1.5469E-09 1.5650E-09 1.5842E-09 1.6022E-09 1.6179E-09 1.6370E-09 1.6516E-09 1.6654E-09 1.6778E-09 1.6920E-09 1.7031E-09 1.7132E-09 1.7246E-09 1.7327E-09 1.7421E-09 1.7463E-09 1.7536E-09 1.7556E-09 1.7605E-09 1.7644E-09 1.7629E-09 1.7626E-09 1.7587E-09 1.7551E-09 1.7535E-09 1.7458E-09 1.7387E-09 1.7309E-09 1.7193E-09 1.7064E-09 1.6972E-09 1.6839E-09 1.6693E-09 1.6515E-09 1.6350E-09 1.6148E-09 1.5934E-09 1.5709E-09 1.5494E-09 1.5296E-09 1.5040E-09 1.4795E-09 1.4520E-09 1.4236E-09 1.3944E-09 1.3671E-09 1.3365E-09
1.3727E-09 1.3990E-09 1.4224E-09 1.4442E-09 1.4711E-09 1.4921E-09 1.5139E-09 1.5382E-09 1.5605E-09 1.5794E-09 1.6009E-09 1.6202E-09 1.6413E-09 1.6576E-09 1.6785E-09 1.6950E-09 1.7106E-09 1.7266E-09 1.7427E-09 1.7557E-09 1.7700E-09 1.7794E-09 1.7918E-09 1.8008E-09 1.8086E-09 1.8161E-09 1.8217E-09 1.8292E-09 1.8326E-09 1.8354E-09 1.8344E-09 1.8339E-09 1.8352E-09 1.8305E-09 1.8263E-09 1.8213E-09 1.8125E-09 1.8023E-09 1.7958E-09 1.7870E-09 1.7729E-09 1.7600E-09 1.7433E-09 1.7252E-09 1.7058E-09 1.6900E-09 1.6703E-09 1.6495E-09 1.6254E-09 1.6002E-09 1.5765E-09 1.5492E-09 1.5208E-09 1.4940E-09 1.4662E-09 1.4353E-09 1.4058E-09
1.4171E-09 1.4420E-09 1.4653E-09 1.4936E-09 1.5164E-09 1.5397E-09 1.5656E-09 1.5896E-09 1.6103E-09 1.6335E-09 1.6574E-09 1.6775E-09 1.6973E-09 1.7185E-09 1.7385E-09 1.7557E-09 1.7724E-09 1.7905E-09 1.8054E-09 1.8218E-09 1.8349E-09 1.8493E-09 1.8603E-09 1.8709E-09 1.8779E-09 1.8879E-09 1.8969E-09 1.9004E-09 1.9051E-09 1.9060E-09 1.9123E-09 1.9107E-09 1.9097E-09 1.9078E-09 1.9021E-09 1.8973E-09 1.8913E-09 1.8854E-09 1.8741E-09 1.8640E-09 1.8499E-09 1.8343E-09 1.8199E-09 1.8060E-09 1.7885E-09 1.7677E-09 1.7481E-09 1.7247E-09 1.7001E-09 1.6742E-09 1.6518E-09 1.6288E-09 1.5998E-09 1.5719E-09 1.5411E-09 1.5094E-09 1.4768E-09
1.4597E-09 1.4856E-09 1.5144E-09 1.5387E-09 1.5636E-09 1.5911E-09 1.6169E-09 1.6394E-09 1.6643E-09 1.6900E-09 1.7120E-09 1.7337E-09 1.7584E-09 1.7787E-09 1.7980E-09 1.8166E-09 1.8384E-09 1.8554E-09 1.8722E-09 1.8874E-09 1.9038E-09 1.9170E-09 1.9297E-09 1.9406E-09 1.9551E-09 1.9621E-09 1.9701E-09 1.9744E-09 1.9815E-09 1.9858E-09 1.9881E-09 1.9896E-09 1.9871E-09 1.9856E-09 1.9828E-09 1.9801E-09 1.9745E-09 1.9649E-09 1.9537E-09 1.9410E-09 1.9316E-09 1.9203E-09 1.9034E-09 1.8877E-09 1.8679E-09 1.8467E-09 1.8240E-09 1.8075E-09 1.7847E-09 1.7606E-09 1.7331E-09 1.7046E-09 1.6750E-09 1.6443E-09 1.6124E-09 1.5821E-09 1.5508E-09
1.5029E-09 1.5332E-09 1.5590E-09 1.5855E-09 1.6148E-09 1.6423E-09 1.6664E-09 1.6931E-09 1.7220E-09 1.7446E-09 1.7681E-09 1.7948E-09 1.8185E-09 1.8384E-09 1.8607E-09 1.8830E-09 1.9022E-09 1.9211E-09 1.9423E-09 1.9587E-09 1.9747E-09 1.9872E-09 2.0026E-09 2.0171E-09 2.0262E-09 2.0365E-09 2.0447E-09 2.0548E-09 2.0587E-09 2.0656E-09 2.0667E-09 2.0662E-09 2.0694E-09 2.0701E-09 2.0679E-09 2.0616E-09 2.0537E-09 2.0469E-09 2.0380E-09 2.0299E-09 2.0186E-09 2.0031E-09 1.9861E-09 1.9675E-09 1.9548E-09 1.9356E-09 1.9151E-09 1.8909E-09 1.8656E-09 1.8389E-09 1.8110E-09 1.7842E-09 1.7561E-09 1.7244E-09 1.6970E-09 1.6632E-09 1.6308E-09
1.5499E-09 1.5784E-09 1.6054E-09 1.6363E-09 1.6655E-09 1.6913E-09 1.7199E-09 1.7506E-09 1.7751E-09 1.8005E-09 1.8292E-09 1.8549E-09 1.8769E-09 1.9035E-09 1.9257E-09 1.9494E-09 1.9698E-09 1.9916E-09 2.0103E-09 2.0285E-09 2.0449E-09 2.0627E-09 2.0778E-09 2.0916E-09 2.1016E-09 2.1146E-09 2.1247E-09 2.1327E-09 2.1400E-09 2.1432E-09 2.1501E-09 2.1504E-09 2.1558E-09 2.1532E-09 2.1489E-09 2.1456E-09 2.1381E-09 2.1355E-09 2.1276E-09 2.1154E-09 2.1015E-09 2.0887E-09 2.0784E-09 2.0622E-09 2.0422E-09 2.0206E-09 1.9978E-09 1.9735E-09 1.9477E-09 1.9282E-09 1.9019E-09 1.8741E-09 1.8429E-09 1.8107E-09 1.7777E-09 1.7434E-09 1.7078E-09
1.5946E-09 1.6232E-09 1.6557E-09 1.6865E-09 1.7142E-09 1.7457E-09 1.7771E-09 1.8034E-09 1.8308E-09 1.8615E-09 1.8892E-09 1.9132E-09 1.9420E-09 1.9680E-09 1.9922E-09 2.0148E-09 2.0390E-09 2.0599E-09 2.0804E-09 2.0992E-09 2.1219E-09 2.1369E-09 2.1530E-09 2.1672E-09 2.1834E-09 2.1933E-09 2.2063E-09 2.2134E-09 2.2215E-09 2.2282E-09 2.2349E-09 2.2387E-09 2.2383E-09 2.2361E-09 2.2350E-09 2.2360E-09 2.2318E-09 2.2233E-09 2.2129E-09 2.2036E-09 2.1967E-09 2.1838E-09 2.1669E-09 2.1484E-09 2.1285E-09 2.1070E-09 2.0915E-09 2.0693E-09 2.0452E-09 2.0175E-09 1.9885E-09 1.9584E-09 1.9270E-09 1.8967E-09 1.8649E-09 1.8296E-09 1.7954E-09
1.6387E-09 1.6712E-09 1.7053E-09 1.7347E-09 1.7680E-09 1.8011E-09 1.8294E-09 1.8587E-09 1.8914E-09 1.9211E-09 1.9473E-09 1.9782E-09 2.0064E-09 2.0328E-09 2.0577E-09 2.0859E-09 2.1074E-09 2.1303E-09 2.1515E-09 2.1767E-09 2.1940E-09 2.2127E-09 2.2294E-09 2.2481E-09 2.2624E-09 2.2760E-09 2.2856E-09 2.2987E-09 2.3053E-09 2.3171E-09 2.3208E-09 2.3227E-09 2.3256E-09 2.3305E-09 2.3303E-09 2.3257E-09 2.3192E-09 2.3136E-09 2.3103E-09 2.3012E-09 2.2880E-09 2.2729E-09 2.2564E-09 2.2409E-09 2.2281E-09 2.2089E-09 2.1855E-09 2.1605E-09 2.1342E-09 2.1066E-09 2.0799E-09 2.0518E-09 2.0219E-09 1.9903E-09 1.9551E-09 1.9191E-09 1.8821E-09
1.6844E-09 1.7217E-09 1.7528E-09 1.7862E-09 1.8228E-09 1.8530E-09 1.8826E-09 1.9188E-09 1.9506E-09 1.9789E-09 2.0097E-09 2.0423E-09 2.0710E-09 2.0982E-09 2.1287E-09 2.1526E-09 2.1780E-09 2.2057E-09 2.2292E-09 2.2515E-09 2.2703E-09 2.2920E-09 2.3108E-09 2.3302E-09 2.3440E-09 2.3586E-09 2.3719E-09 2.3852E-09 2.3956E-09 2.4018E-09 2.4089E-09 2.4116E-09 2.4218E-09 2.4214E-09 2.4191E-09 2.4177E-09 2.4140E-09 2.4133E-09 2.4040E-09 2.3928E-09 2.3800E-09 2.3683E-09 2.3613E-09 2.3434E-09 2.3233E-09 2.3016E-09 2.2784E-09 2.2537E-09 2.2324E-09 2.2068E-09 2.1791E-09 2.1476E-09 2.1149E-09 2.0810E-09 2.0457E-09 2.0089E-09 1.9730E-09
1.7357E-09 1.7684E-09 1.8020E-09 1.8419E-09 1.8740E-09 1.9055E-09 1.9436E-09 1.9776E-09 2.0079E-09 2.0408E-09 2.0757E-09 2.1066E-09 2.1361E-09 2.1689E-09 2.1953E-09 2.2231E-09 2.2533E-09 2.2793E-09 2.3043E-09 2.3274E-09 2.3500E-09 2.3714E-09 2.3936E-09 2.4100E-09 2.4273E-09 2.4433E-09 2.4620E-09 2.4725E-09 2.4813E-09 2.4911E-09 2.5007E-09 2.5096E-09 2.5117E-09 2.5147E-09 2.5131E-09 2.5188E-09 2.5138E-09 2.5068E-09 2.4980E-09 2.4904E-09 2.4875E-09 2.4736E-09 2.4573E-09 2.4393E-09 2.4196E-09 2.4008E-09 2.3829E-09 2.3603E-09 2.3334E-09 2.3049E-09 2.2751E-09 2.2438E-09 2.2107E-09 2.1786E-09 2.1446E-09 2.1069E-09 2.0678E-09
1.7815E-09 1.8168E-09 1.8584E-09 1.8923E-09 1.9257E-09 1.9636E-09 2.0018E-09 2.0341E-09 2.0692E-09 2.1063E-09 2.1371E-09 2.1712E-09 2.2065E-09 2.2353E-09 2.2655E-09 2.2982E-09 2.3269E-09 2.3544E-09 2.3802E-09 2.4079E-09 2.4296E-09 2.4546E-09 2.4736E-09 2.4963E-09 2.5126E-09 2.5342E-09 2.5475E-09 2.5618E-09 2.5717E-09 2.5908E-09 2.5978E-09 2.6028E-09 2.6088E-09 2.6167E-09 2.6189E-09 2.6167E-09 2.6125E-09 2.6096E-09 2.6088E-09 2.6020E-09 2.5904E-09 2.5767E-09 2.5614E-09 2.5468E-09 2.5354E-09 2.5147E-09 2.4918E-09 2.4672E-09 2.4411E-09 2.4133E-09 2.3886E-09 2.3569E-09 2.3234E-09 2.2885E-09 2.2525E-09 2.2152E-09 2.1763E-09
1.8278E-09 1.8706E-09 1.9079E-09 1.9432E-09 1.9830E-09 2.0230E-09 2.0575E-09 2.0947E-09 2.1340E-09 2.1670E-09 2.2034E-09 2.2411E-09 2.2723E-09 2.3049E-09 2.3403E-09 2.3715E-09 2.4017E-09 2.4301E-09 2.4606E-09 2.4851E-09 2.5129E-09 2.5347E-09 2.5604E-09 2.5816E-09 2.6040E-09 2.6202E-09 2.6374E-09 2.6524E-09 2.6708E-09 2.6823E-09 2.6930E-09 2.6992E-09 2.7101E-09 2.7151E-09 2.7157E-09 2.7172E-09 2.7211E-09 2.7190E-09 2.7122E-09 2.7030E-09 2.6920E-09 2.6840E-09 2.6746E-09 2.6582E-09 2.6394E-09 2.6188E-09 2.5966E-09 2.5750E-09 2.5513E-09 2.5228E-09 2.4926E-09 2.4612E-09 2.4284E-09 2.3939E-09 2.3573E-09 2.3187E-09 2.2785E-09
1.8772E-09 1.9206E-09 1.9578E-09 1.9978E-09 2.0414E-09 2.0779E-09 2.1156E-09 2.1585E-09 2.1939E-09 2.2326E-09 2.2726E-09 2.3062E-09 2.3413E-09 2.3792E-09 2.4131E-09 2.4458E-09 2.4770E-09 2.5103E-09 2.5376E-09 2.5682E-09 2.5954E-09 2.6216E-09 2.6483E-09 2.6712E-09 2.6904E-09 2.7107E-09 2.7334E-09 2.7501E-09 2.7628E-09 2.7785E-09 2.7920E-09 2.8035E-09 2.8117E-09 2.8183E-09 2.8204E-09 2.8276E-09 2.8286E-09 2.8247E-09 2.8186E-09 2.8107E-09 2.8110E-09 2.7997E-09 2.7859E-09 2.7701E-09 2.7524E-09 2.7379E-09 2.7162E-09 2.6921E-09 2.6662E-09 2.6391E-09 2.6103E-09 2.5795E-09 2.5464E-09 2.5108E-09 2.4735E-09 2.4346E-09 2.3945E-09
1.9305E-09 1.9695E-09 2.0081E-09 2.0566E-09 2.0952E-09 2.1333E-09 2.1799E-09 2.2175E-09 2.2568E-09 2.3007E-09 2.3368E-09 2.3745E-09 2.4125E-09 2.4513E-09 2.4867E-09 2.5207E-09 2.5568E-09 2.5869E-09 2.6203E-09 2.6506E-09 2.6797E-09 2.7094E-09 2.7353E-09 2.7577E-09 2.7811E-09 2.8070E-09 2.8269E-09 2.8427E-09 2.8595E-09 2.8783E-09 2.8936E-09 2.9044E-09 2.9142E-09 2.9239E-09 2.9324E-09 2.9340E-09 2.9330E-09 2.9301E-09 2.9324E-09 2.9289E-09 2.9201E-09 2.9092E-09 2.8962E-09 2.8864E-09 2.8695E-09 2.8499E-09 2.8284E-09 2.8056E-09 2.7810E-09 2.7542E-09 2.7245E-09 2.6924E-09 2.6586E-09 2.6234E-09 2.5865E-09 2.5477E-09 2.5066E-09
1.9780E-09 2.0185E-09 2.0667E-09 2.1093E-09 2.1494E-09 2.1959E-09 2.2379E-09 2.2793E-09 2.3232E-09 2.3640E-09 2.4041E-09 2.4447E-09 2.4860E-09 2.5242E-09 2.5608E-09 2.5971E-09 2.6326E-09 2.6690E-09 2.7022E-09 2.7344E-09 2.7671E-09 2.7962E-09 2.8244E-09 2.8483E-09 2.8775E-09 2.9006E-09 2.9225E-09 2.9398E-09 2.9619E-09 2.9806E-09 2.9955E-09 3.0077E-09 3.0233E-09 3.0328E-09 3.0375E-09 3.0397E-09 3.0447E-09 3.0486E-09 3.0455E-09 3.0399E-09 3.0320E-09 3.0272E-09 3.0155E-09 3.0009E-09 2.9841E-09 2.9661E-09 2.9463E-09 2.9241E-09 2.8987E-09 2.8707E-09 2.8413E-09 2.8100E-09 2.7770E-09 2.7416E-09 2.7038E-09 2.6637E-09 2.6218E-09
2.0258E-09 2.0756E-09 2.1201E-09 2.1622E-09 2.2107E-09 2.2547E-09 2.2960E-09 2.3445E-09 2.3876E-09 2.4278E-09 2.4732E-09 2.5171E-09 2.5555E-09 2.5972E-09 2.6363E-09 2.6747E-09 2.7140E-09 2.7502E-09 2.7854E-09 2.8213E-09 2.8535E-09 2.8848E-09 2.9120E-09 2.9445E-09 2.9710E-09 2.9962E-09 3.0191E-09 3.0425E-09 3.0621E-09 3.0829E-09 3.0986E-09 3.1177E-09 3.1326E-09 3.1408E-09 3.1466E-09 3.1579E-09 3.1632E-09 3.1635E-09 3.1615E-09 3.1597E-09 3.1563E-09 3.1478E-09 3.1368E-09 3.1239E-09 3.1095E-09 3.0929E-09 3.0731E-09 3.0504E-09 3.0260E-09 2.9998E-09 2.9716E-09 2.9410E-09 2.9074E-09 2.8715E-09 2.8338E-09 2.7944E-09 2.7532E-09
2.0749E-09 2.1276E-09 2.1716E-09 2.2186E-09 2.2680E-09 2.3115E-09 2.3604E-09 2.4075E-09 2.4500E-09 2.4979E-09 2.5419E-09 2.5853E-09 2.6297E-09 2.6716E-09 2.7129E-09 2.7550E-09 2.7942E-09 2.8324E-09 2.8715E-09 2.9069E-09 2.9414E-09 2.9719E-09 3.0078E-09 3.0376E-09 3.0663E-09 3.0926E-09 3.1196E-09 3.1426E-09 3.1643E-09 3.1885E-09 3.2067E-09 3.2256E-09 3.2392E-09 3.2533E-09 3.2637E-09 3.2727E-09 3.2765E-09 3.2782E-09 3.2825E-09 3.2800E-09 3.2747E-09 3.2673E-09 3.2582E-09 3.2472E-09 3.2333E-09 3.2161E-09 3.1967E-09 3.1756E-09 3.1525E-09 3.1268E-09 3.0978E-09 3.0664E-09 3.0333E-09 2.9983E-09 2.9612E-09 2.9214E-09 2.8793E-09
2.1296E-09 2.1776E-09 2.2232E-09 2.2755E-09 2.3234E-09 2.3709E-09 2.4235E-09 2.4685E-09 2.5152E-09 2.5651E-09 2.6111E-09 2.6564E-09 2.7028E-09 2.7469E-09 2.7919E-09 2.8340E-09 2.8753E-09 2.9175E-09 2.9561E-09 2.9939E-09 3.0277E-09 3.0670E-09 3.1002E-09 3.1324E-09 3.1623E-09 3.1928E-09 3.2194E-09 3.2448E-09 3.2698E-09 3.2945E-09 3.3146E-09 3.3323E-09 3.3524E-09 3.3691E-09 3.3812E-09 3.3890E-09 3.3970E-09 3.4032E-09 3.4044E-09 3.4033E-09 3.3998E-09 3.3949E-09 3.3874E-09 3.3768E-09 3.3633E-09 3.3481E-09 3.3310E-09 3.3114E-09 3.2882E-09 3.2624E-09 3.2348E-09 3.2053E-09 3.1735E-09 3.1388E-09 3.1013E-09 3.0617E-09 3.0198E-09
2.1800E-09 2.2274E-09 2.2816E-09 2.3314E-09 2.3787E-09 2.4334E-09 2.4829E-09 2.5320E-09 2.5819E-09 2.6327E-09 2.6807E-09 2.7274E-09 2.7765E-09 2.8224E-09 2.8670E-09 2.9138E-09 2.9570E-09 3.0008E-09 3.0419E-09 3.0790E-09 3.1217E-09 3.1584E-09 3.1941E-09 3.2276E-09 3.2617E-09 3.2948E-09 3.3211E-09 3.3499E-09 3.3752E-09 3.4022E-09 3.4210E-09 3.4480E-09 3.4684E-09 3.4824E-09 3.4962E-09 3.5107E-09 3.5182E-09 3.5233E-09 3.5263E-09 3.5268E-09 3.5257E-09 3.5218E-09 3.5148E-09 3.5051E-09 3.4938E-09 3.4803E-09 3.4634E-09 3.4433E-09 3.4213E-09 3.3973E-09 3.3710E-09 3.3416E-09 3.3092E-09 3.2745E-09 3.2375E-09 3.1984E-09 3.1569E-09
2.2281E-09 2.2823E-09 2.3356E-09 2.3849E-09 2.4417E-09 2.4933E-09 2.5423E-09 2.5968E-09 2.6476E-09 2.6981E-09 2.7498E-09 2.8017E-09 2.8504E-09 2.8980E-09 2.9477E-09 2.9914E-09 3.0388E-09 3.0826E-09 3.1257E-09 3.1696E-09 3.2119E-09 3.2512E-09 3.2882E-09 3.3237E-09 3.3605E-09 3.3930E-09 3.4256E-09 3.4547E-09 3.4822E-09 3.5106E-09 3.5362E-09 3.5612E-09 3.5817E-09 3.5975E-09 3.6183E-09 3.6298E-09 3.6412E-09 3.6484E-09 3.6533E-09 3.6564E-09 3.6566E-09 3.6538E-09 3.6486E-09 3.6418E-09 3.6322E-09 3.6190E-09 3.6031E-09 3.5855E-09 3.5657E-09 3.5429E-09 3.5168E-09 3.4881E-09 3.4571E-09 3.4240E-09 3.3881E-09 3.3497E-09 3.3099E-09
