Assets/Resources/2015_m01_d19_1600(utc+0800)_l00_csi_1hr_conc.grd
DSAA
         159         159
     -79.000      79.000
     -79.000      79.000
  0.0000E+00  0.4163E-05
[rows 0 to 24 of 159, columns 57 to 113 of 159]
3.1867E-09 3.1805E-09 3.1713E-09 3.1581E-09 3.1416E-09 3.1220E-09 3.0991E-09 3.0724E-09 3.0414E-09 3.0075E-09 2.9711E-09 2.9321E-09 2.8898E-09 2.8453E-09 2.7961E-09 2.7461E-09 2.6935E-09 2.6368E-09 2.5800E-09 2.5214E-09 2.4610E-09 2.3979E-09 2.3356E-09 2.2724E-09 2.2077E-09 2.1442E-09 2.0813E-09 2.0189E-09 1.9591E-09 1.8988E-09 1.8415E-09 1.7849E-09 1.7286E-09 1.6745E-09 1.6197E-09 1.5676E-09 1.5156E-09 1.4648E-09 1.4152E-09 1.3660E-09 1.3189E-09 1.2718E-09 1.2264E-09 1.1763E-09 1.1279E-09 1.0831E-09 1.0423E-09 1.0030E-09 9.6486E-10 9.2987E-10 8.9379E-10 8.6224E-10 8.2865E-10 7.9916E-10 7.7040E-10 7.3918E-10 7.1188E-10
3.2855E-09 3.2786E-09 3.2690E-09 3.2561E-09 3.2393E-09 3.2188E-09 3.1952E-09 3.1682E-09 3.1373E-09 3.1014E-09 3.0641E-09 3.0236E-09 2.9796E-09 2.9340E-09 2.8833E-09 2.8319E-09 2.7778E-09 2.7212E-09 2.6607E-09 2.6002E-09 2.5380E-09 2.4740E-09 2.4084E-09 2.3434E-09 2.2778E-09 2.2116E-09 2.1469E-09 2.0823E-09 2.0208E-09 1.9596E-09 1.8997E-09 1.8416E-09 1.7831E-09 1.7270E-09 1.6709E-09 1.6165E-09 1.5632E-09 1.5101E-09 1.4593E-09 1.4083E-09 1.3592E-09 1.3108E-09 1.2634E-09 1.2133E-09 1.1649E-09 1.1169E-09 1.0738E-09 1.0325E-09 9.9498E-10 9.5737E-10 9.2197E-10 8.8783E-10 8.5400E-10 8.2284E-10 7.9313E-10 7.6328E-10 7.3271E-10
3.3842E-09 3.3840E-09 3.3674E-09 3.3540E-09 3.3371E-09 3.3165E-09 3.2920E-09 3.2640E-09 3.2327E-09 3.1975E-09 3.1575E-09 3.1155E-09 3.0696E-09 3.0228E-09 2.9727E-09 2.9177E-09 2.8621E-09 2.8039E-09 2.7424E-09 2.6791E-09 2.6150E-09 2.5495E-09 2.4812E-09 2.4144E-09 2.3473E-09 2.2789E-09 2.2125E-09 2.1468E-09 2.0827E-09 2.0206E-09 1.9579E-09 1.8981E-09 1.8380E-09 1.7798E-09 1.7225E-09 1.6655E-09 1.6108E-09 1.5555E-09 1.5029E-09 1.4507E-09 1.3996E-09 1.3498E-09 1.3005E-09 1.2504E-09 1.2003E-09 1.1506E-09 1.1047E-09 1.0630E-09 1.0244E-09 9.8498E-10 9.5018E-10 9.1348E-10 8.8025E-10 8.4652E-10 8.1587E-10 7.8587E-10 7.5355E-10
3.4832E-09 3.4768E-09 3.4665E-09 3.4523E-09 3.4349E-09 3.4137E-09 3.3890E-09 3.3602E-09 3.3279E-09 3.2919E-09 3.2503E-09 3.2076E-09 3.1598E-09 3.1114E-09 3.0599E-09 3.0040E-09 2.9462E-09 2.8863E-09 2.8240E-09 2.7578E-09 2.6918E-09 2.6243E-09 2.5545E-09 2.4851E-09 2.4163E-09 2.3466E-09 2.2782E-09 2.2114E-09 2.1446E-09 2.0807E-09 2.0166E-09 1.9545E-09 1.8933E-09 1.8324E-09 1.7736E-09 1.7144E-09 1.6579E-09 1.6017E-09 1.5466E-09 1.4930E-09 1.4397E-09 1.3887E-09 1.3374E-09 1.2873E-09 1.2356E-09 1.1844E-09 1.1372E-09 1.0935E-09 1.0532E-09 1.0143E-09 9.7691E-10 9.3994E-10 9.0575E-10 8.7012E-10 8.3859E-10 8.0765E-10 7.7515E-10
3.5827E-09 3.5755E-09 3.5651E-09 3.5509E-09 3.5327E-09 3.5109E-09 3.4853E-09 3.4562E-09 3.4228E-09 3.3862E-09 3.3452E-09 3.2992E-09 3.2499E-09 3.1996E-09 3.1468E-09 3.0907E-09 3.0300E-09 2.9684E-09 2.9042E-09 2.8366E-09 2.7682E-09 2.6986E-09 2.6282E-09 2.5557E-09 2.4850E-09 2.4144E-09 2.3438E-09 2.2750E-09 2.2063E-09 2.1406E-09 2.0756E-09 2.0107E-09 1.9480E-09 1.8848E-09 1.8242E-09 1.7636E-09 1.7049E-09 1.6472E-09 1.5900E-09 1.5347E-09 1.4797E-09 1.4271E-09 1.3745E-09 1.3241E-09 1.2709E-09 1.2184E-09 1.1698E-09 1.1240E-09 1.0818E-09 1.0428E-09 1.0036E-09 9.6636E-10 9.3036E-10 8.9446E-10 8.6118E-10 8.2931E-10 7.9743E-10
3.6821E-09 3.6744E-09 3.6632E-09 3.6487E-09 3.6302E-09 3.6079E-09 3.5815E-09 3.5513E-09 3.5174E-09 3.4793E-09 3.4379E-09 3.3901E-09 3.3391E-09 3.2871E-09 3.2330E-09 3.1754E-09 3.1134E-09 3.0497E-09 2.9837E-09 2.9155E-09 2.8437E-09 2.7724E-09 2.7000E-09 2.6257E-09 2.5532E-09 2.4813E-09 2.4088E-09 2.3383E-09 2.2685E-09 2.2001E-09 2.1336E-09 2.0664E-09 2.0019E-09 1.9371E-09 1.8744E-09 1.8124E-09 1.7514E-09 1.6921E-09 1.6330E-09 1.5764E-09 1.5197E-09 1.4650E-09 1.4113E-09 1.3590E-09 1.3044E-09 1.2521E-09 1.2021E-09 1.1545E-09 1.1112E-09 1.0711E-09 1.0300E-09 9.9266E-10 9.5474E-10 9.1946E-10 8.8353E-10 8.5080E-10 8.1875E-10
3.7800E-09 3.7729E-09 3.7611E-09 3.7456E-09 3.7267E-09 3.7037E-09 3.6770E-09 3.6458E-09 3.6109E-09 3.5720E-09 3.5292E-09 3.4821E-09 3.4269E-09 3.3735E-09 3.3180E-09 3.2591E-09 3.1968E-09 3.1298E-09 3.0622E-09 2.9921E-09 2.9182E-09 2.8451E-09 2.7710E-09 2.6961E-09 2.6207E-09 2.5472E-09 2.4738E-09 2.4011E-09 2.3295E-09 2.2590E-09 2.1906E-09 2.1219E-09 2.0551E-09 1.9890E-09 1.9241E-09 1.8606E-09 1.7975E-09 1.7367E-09 1.6760E-09 1.6172E-09 1.5592E-09 1.5026E-09 1.4473E-09 1.3935E-09 1.3393E-09 1.2855E-09 1.2327E-09 1.1838E-09 1.1404E-09 1.0985E-09 1.0571E-09 1.0187E-09 9.7968E-10 9.4336E-10 9.0561E-10 8.7203E-10 8.3909E-10
3.8816E-09 3.8695E-09 3.8581E-09 3.8421E-09 3.8221E-09 3.7986E-09 3.7708E-09 3.7392E-09 3.7031E-09 3.6635E-09 3.6190E-09 3.5705E-09 3.5132E-09 3.4585E-09 3.4017E-09 3.3412E-09 3.2774E-09 3.2087E-09 3.1392E-09 3.0673E-09 2.9931E-09 2.9166E-09 2.8408E-09 2.7646E-09 2.6871E-09 2.6122E-09 2.5374E-09 2.4629E-09 2.3898E-09 2.3173E-09 2.2466E-09 2.1766E-09 2.1075E-09 2.0401E-09 1.9729E-09 1.9080E-09 1.8432E-09 1.7803E-09 1.7182E-09 1.6573E-09 1.5977E-09 1.5394E-09 1.4831E-09 1.4275E-09 1.3719E-09 1.3169E-09 1.2644E-09 1.2146E-09 1.1684E-09 1.1254E-09 1.0838E-09 1.0435E-09 1.0043E-09 9.6613E-10 9.2823E-10 8.9291E-10 8.5909E-10
3.9837E-09 3.9649E-09 3.9530E-09 3.9370E-09 3.9165E-09 3.8921E-09 3.8634E-09 3.8307E-09 3.7941E-09 3.7529E-09 3.7073E-09 3.6569E-09 3.6000E-09 3.5416E-09 3.4836E-09 3.4217E-09 3.3562E-09 3.2872E-09 3.2146E-09 3.1408E-09 3.0653E-09 2.9866E-09 2.9091E-09 2.8314E-09 2.7528E-09 2.6757E-09 2.5999E-09 2.5232E-09 2.4487E-09 2.3745E-09 2.3016E-09 2.2302E-09 2.1590E-09 2.0901E-09 2.0212E-09 1.9542E-09 1.8876E-09 1.8230E-09 1.7592E-09 1.6966E-09 1.6358E-09 1.5756E-09 1.5177E-09 1.4614E-09 1.4057E-09 1.3478E-09 1.2960E-09 1.2432E-09 1.1967E-09 1.1518E-09 1.1101E-09 1.0678E-09 1.0276E-09 9.8844E-10 9.5042E-10 9.1334E-10 8.7867E-10
4.0786E-09 4.0686E-09 4.0462E-09 4.0297E-09 4.0089E-09 3.9835E-09 3.9544E-09 3.9205E-09 3.8828E-09 3.8407E-09 3.7936E-09 3.7411E-09 3.6826E-09 3.6227E-09 3.5632E-09 3.5000E-09 3.4330E-09 3.3627E-09 3.2878E-09 3.2125E-09 3.1351E-09 3.0553E-09 2.9757E-09 2.8965E-09 2.8169E-09 2.7378E-09 2.6604E-09 2.5830E-09 2.5061E-09 2.4302E-09 2.3553E-09 2.2820E-09 2.2091E-09 2.1385E-09 2.0679E-09 1.9992E-09 1.9313E-09 1.8646E-09 1.7995E-09 1.7349E-09 1.6725E-09 1.6113E-09 1.5516E-09 1.4940E-09 1.4371E-09 1.3814E-09 1.3251E-09 1.2729E-09 1.2236E-09 1.1786E-09 1.1349E-09 1.0916E-09 1.0512E-09 1.0102E-09 9.7207E-10 9.3328E-10 8.9780E-10
4.1822E-09 4.1607E-09 4.1376E-09 4.1202E-09 4.0989E-09 4.0730E-09 4.0425E-09 4.0082E-09 3.9690E-09 3.9261E-09 3.8773E-09 3.8232E-09 3.7625E-09 3.7028E-09 3.6404E-09 3.5756E-09 3.5072E-09 3.4354E-09 3.3591E-09 3.2817E-09 3.2028E-09 3.1222E-09 3.0403E-09 2.9597E-09 2.8790E-09 2.7981E-09 2.7190E-09 2.6401E-09 2.5617E-09 2.4840E-09 2.4072E-09 2.3328E-09 2.2582E-09 2.1855E-09 2.1136E-09 2.0428E-09 1.9737E-09 1.9049E-09 1.8382E-09 1.7721E-09 1.7082E-09 1.6455E-09 1.5850E-09 1.5257E-09 1.4677E-09 1.4110E-09 1.3552E-09 1.3003E-09 1.2506E-09 1.2038E-09 1.1598E-09 1.1156E-09 1.0733E-09 1.0323E-09 9.9233E-10 9.5260E-10 9.1633E-10
4.2743E-09 4.2511E-09 4.2352E-09 4.2082E-09 4.1860E-09 4.1596E-09 4.1344E-09 4.0927E-09 4.0528E-09 4.0083E-09 3.9581E-09 3.9021E-09 3.8395E-09 3.7789E-09 3.7147E-09 3.6485E-09 3.5785E-09 3.5051E-09 3.4283E-09 3.3482E-09 3.2679E-09 3.1858E-09 3.1025E-09 3.0206E-09 2.9389E-09 2.8566E-09 2.7756E-09 2.6955E-09 2.6152E-09 2.5364E-09 2.4578E-09 2.3814E-09 2.3056E-09 2.2308E-09 2.1574E-09 2.0850E-09 2.0142E-09 1.9439E-09 1.8756E-09 1.8083E-09 1.7430E-09 1.6785E-09 1.6169E-09 1.5568E-09 1.4974E-09 1.4396E-09 1.3828E-09 1.3283E-09 1.2760E-09 1.2289E-09 1.1831E-09 1.1387E-09 1.0955E-09 1.0527E-09 1.0127E-09 9.7216E-10 9.3416E-10
4.3716E-09 4.3485E-09 4.3218E-09 4.2925E-09 4.2700E-09 4.2427E-09 4.2110E-09 4.1740E-09 4.1330E-09 4.0870E-09 4.0352E-09 3.9772E-09 3.9132E-09 3.8512E-09 3.7860E-09 3.7180E-09 3.6466E-09 3.5715E-09 3.4937E-09 3.4117E-09 3.3300E-09 3.2471E-09 3.1625E-09 3.0788E-09 2.9959E-09 2.9125E-09 2.8298E-09 2.7485E-09 2.6668E-09 2.5862E-09 2.5063E-09 2.4279E-09 2.3505E-09 2.2743E-09 2.1996E-09 2.1254E-09 2.0530E-09 1.9815E-09 1.9114E-09 1.8427E-09 1.7759E-09 1.7107E-09 1.6475E-09 1.5864E-09 1.5276E-09 1.4671E-09 1.4093E-09 1.3538E-09 1.3022E-09 1.2523E-09 1.2056E-09 1.1602E-09 1.1160E-09 1.0732E-09 1.0314E-09 9.9090E-10 9.5133E-10
4.4781E-09 4.4339E-09 4.4069E-09 4.3811E-09 4.3499E-09 4.3220E-09 4.2893E-09 4.2520E-09 4.2093E-09 4.1618E-09 4.1081E-09 4.0485E-09 3.9828E-09 3.9196E-09 3.8542E-09 3.7837E-09 3.7108E-09 3.6345E-09 3.5552E-09 3.4723E-09 3.3888E-09 3.3048E-09 3.2195E-09 3.1341E-09 3.0500E-09 2.9653E-09 2.8812E-09 2.7986E-09 2.7154E-09 2.6335E-09 2.5520E-09 2.4721E-09 2.3937E-09 2.3157E-09 2.2395E-09 2.1641E-09 2.0899E-09 2.0169E-09 1.9457E-09 1.8753E-09 1.8073E-09 1.7410E-09 1.6767E-09 1.6147E-09 1.5549E-09 1.4951E-09 1.4346E-09 1.3781E-09 1.3255E-09 1.2746E-09 1.2269E-09 1.1806E-09 1.1356E-09 1.0919E-09 1.0494E-09 1.0080E-09 9.6763E-10
4.6191E-09 4.5265E-09 4.4942E-09 4.4610E-09 4.4262E-09 4.3971E-09 4.3635E-09 4.3252E-09 4.2817E-09 4.2321E-09 4.1764E-09 4.1154E-09 4.0484E-09 3.9838E-09 3.9171E-09 3.8453E-09 3.7711E-09 3.6935E-09 3.6129E-09 3.5292E-09 3.4440E-09 3.3590E-09 3.2725E-09 3.1862E-09 3.1008E-09 3.0154E-09 2.9296E-09 2.8457E-09 2.7616E-09 2.6781E-09 2.5956E-09 2.5139E-09 2.4341E-09 2.3550E-09 2.2771E-09 2.2003E-09 2.1250E-09 2.0504E-09 1.9778E-09 1.9065E-09 1.8371E-09 1.7696E-09 1.7044E-09 1.6415E-09 1.5807E-09 1.5201E-09 1.4586E-09 1.4011E-09 1.3475E-09 1.2966E-09 1.2471E-09 1.2000E-09 1.1542E-09 1.1096E-09 1.0663E-09 1.0242E-09 9.8300E-10
4.7678E-09 4.6263E-09 4.5708E-09 4.5370E-09 4.5023E-09 4.4674E-09 4.4329E-09 4.3934E-09 4.3493E-09 4.2976E-09 4.2400E-09 4.1773E-09 4.1090E-09 4.0433E-09 3.9760E-09 3.9028E-09 3.8269E-09 3.7480E-09 3.6664E-09 3.5820E-09 3.4954E-09 3.4094E-09 3.3224E-09 3.2345E-09 3.1482E-09 3.0617E-09 2.9751E-09 2.8896E-09 2.8043E-09 2.7198E-09 2.6359E-09 2.5528E-09 2.4718E-09 2.3915E-09 2.3122E-09 2.2341E-09 2.1575E-09 2.0819E-09 2.0078E-09 1.9354E-09 1.8649E-09 1.7965E-09 1.7304E-09 1.6666E-09 1.6051E-09 1.5435E-09 1.4827E-09 1.4244E-09 1.3682E-09 1.3164E-09 1.2670E-09 1.2190E-09 1.1715E-09 1.1271E-09 1.0821E-09 1.0401E-09 9.9743E-10
4.8685E-09 4.7565E-09 4.6523E-09 4.6139E-09 4.5717E-09 4.5326E-09 4.4968E-09 4.4565E-09 4.4112E-09 4.3580E-09 4.2982E-09 4.2341E-09 4.1645E-09 4.0978E-09 4.0293E-09 3.9555E-09 3.8779E-09 3.7980E-09 3.7152E-09 3.6299E-09 3.5424E-09 3.4555E-09 3.3678E-09 3.2794E-09 3.1918E-09 3.1046E-09 3.0167E-09 2.9301E-09 2.8441E-09 2.7581E-09 2.6732E-09 2.5892E-09 2.5066E-09 2.4251E-09 2.3450E-09 2.2652E-09 2.1875E-09 2.1108E-09 2.0355E-09 1.9622E-09 1.8907E-09 1.8215E-09 1.7546E-09 1.6899E-09 1.6276E-09 1.5653E-09 1.5037E-09 1.4445E-09 1.3874E-09 1.3348E-09 1.2846E-09 1.2359E-09 1.1885E-09 1.1425E-09 1.0977E-09 1.0541E-09 1.0116E-09
4.9561E-09 4.8763E-09 4.7361E-09 4.6784E-09 4.6363E-09 4.5925E-09 4.5552E-09 4.5137E-09 4.4675E-09 4.4124E-09 4.3507E-09 4.2853E-09 4.2146E-09 4.1468E-09 4.0772E-09 4.0024E-09 3.9237E-09 3.8428E-09 3.7592E-09 3.6736E-09 3.5854E-09 3.4973E-09 3.4093E-09 3.3197E-09 3.2312E-09 3.1432E-09 3.0544E-09 2.9668E-09 2.8800E-09 2.7934E-09 2.7071E-09 2.6220E-09 2.5384E-09 2.4557E-09 2.3745E-09 2.2940E-09 2.2147E-09 2.1370E-09 2.0608E-09 1.9865E-09 1.9142E-09 1.8443E-09 1.7766E-09 1.7114E-09 1.6482E-09 1.5852E-09 1.5228E-09 1.4629E-09 1.4067E-09 1.3517E-09 1.3008E-09 1.2514E-09 1.2033E-09 1.1566E-09 1.1112E-09 1.0669E-09 1.0238E-09
5.0423E-09 4.9722E-09 4.8415E-09 4.7431E-09 4.6981E-09 4.6521E-09 4.6079E-09 4.5649E-09 4.5174E-09 4.4603E-09 4.3971E-09 4.3304E-09 4.2587E-09 4.1900E-09 4.1194E-09 4.0440E-09 3.9639E-09 3.8823E-09 3.7979E-09 3.7117E-09 3.6229E-09 3.5343E-09 3.4456E-09 3.3560E-09 3.2662E-09 3.1776E-09 3.0884E-09 2.9996E-09 2.9120E-09 2.8245E-09 2.7375E-09 2.6513E-09 2.5671E-09 2.4835E-09 2.4008E-09 2.3194E-09 2.2392E-09 2.1605E-09 2.0835E-09 2.0085E-09 1.9355E-09 1.8650E-09 1.7966E-09 1.7307E-09 1.6669E-09 1.6032E-09 1.5401E-09 1.4795E-09 1.4226E-09 1.3670E-09 1.3154E-09 1.2653E-09 1.2167E-09 1.1694E-09 1.1233E-09 1.0785E-09 1.0348E-09
5.1283E-09 5.0470E-09 4.9384E-09 4.8111E-09 4.7513E-09 4.7027E-09 4.6548E-09 4.6098E-09 4.5610E-09 4.5016E-09 4.4369E-09 4.3691E-09 4.2965E-09 4.2269E-09 4.1555E-09 4.0793E-09 3.9989E-09 3.9160E-09 3.8312E-09 3.7446E-09 3.6558E-09 3.5663E-09 3.4771E-09 3.3870E-09 3.2967E-09 3.2075E-09 3.1176E-09 3.0283E-09 2.9399E-09 2.8518E-09 2.7641E-09 2.6770E-09 2.5920E-09 2.5075E-09 2.4240E-09 2.3416E-09 2.2607E-09 2.1812E-09 2.1035E-09 2.0278E-09 1.9543E-09 1.8831E-09 1.8143E-09 1.7477E-09 1.6819E-09 1.6191E-09 1.5554E-09 1.4942E-09 1.4368E-09 1.3805E-09 1.3284E-09 1.2778E-09 1.2285E-09 1.1807E-09 1.1341E-09 1.0887E-09 1.0445E-09
5.2064E-09 5.1193E-09 5.0197E-09 4.8784E-09 4.7998E-09 4.7474E-09 4.6947E-09 4.6483E-09 4.5977E-09 4.5358E-09 4.4698E-09 4.4056E-09 4.3277E-09 4.2572E-09 4.1851E-09 4.1087E-09 4.0273E-09 3.9439E-09 3.8587E-09 3.7717E-09 3.6827E-09 3.5928E-09 3.5035E-09 3.4130E-09 3.3223E-09 3.2327E-09 3.1424E-09 3.0525E-09 2.9636E-09 2.8749E-09 2.7871E-09 2.6993E-09 2.6131E-09 2.5279E-09 2.4436E-09 2.3606E-09 2.2788E-09 2.1988E-09 2.1205E-09 2.0443E-09 1.9704E-09 1.8988E-09 1.8295E-09 1.7625E-09 1.6961E-09 1.6328E-09 1.5671E-09 1.5069E-09 1.4490E-09 1.3922E-09 1.3396E-09 1.2885E-09 1.2388E-09 1.1904E-09 1.1433E-09 1.0975E-09 1.0528E-09
5.2830E-09 5.1888E-09 5.0889E-09 4.9525E-09 4.8400E-09 4.7862E-09 4.7301E-09 4.6797E-09 4.6275E-09 4.5628E-09 4.4955E-09 4.4259E-09 4.3519E-09 4.2808E-09 4.2081E-09 4.1311E-09 4.0497E-09 3.9656E-09 3.8802E-09 3.7931E-09 3.7040E-09 3.6140E-09 3.5245E-09 3.4338E-09 3.3429E-09 3.2530E-09 3.1624E-09 3.0722E-09 2.9829E-09 2.8938E-09 2.8055E-09 2.7171E-09 2.6303E-09 2.5445E-09 2.4597E-09 2.3761E-09 2.2938E-09 2.2133E-09 2.1345E-09 2.0580E-09 1.9837E-09 1.9118E-09 1.8421E-09 1.7748E-09 1.7080E-09 1.6443E-09 1.5782E-09 1.5176E-09 1.4593E-09 1.4021E-09 1.3490E-09 1.2975E-09 1.2474E-09 1.1986E-09 1.1511E-09 1.1048E-09 1.0597E-09
5.3505E-09 5.2477E-09 5.1544E-09 5.0278E-09 4.8835E-09 4.8143E-09 4.7577E-09 4.7037E-09 4.6497E-09 4.5827E-09 4.5137E-09 4.4435E-09 4.3689E-09 4.2973E-09 4.2241E-09 4.1468E-09 4.0651E-09 3.9808E-09 3.8955E-09 3.8085E-09 3.7198E-09 3.6295E-09 3.5400E-09 3.4497E-09 3.3583E-09 3.2683E-09 3.1776E-09 3.0871E-09 2.9976E-09 2.9082E-09 2.8197E-09 2.7307E-09 2.6435E-09 2.5573E-09 2.4720E-09 2.3879E-09 2.3053E-09 2.2245E-09 2.1455E-09 2.0687E-09 1.9938E-09 1.9220E-09 1.8517E-09 1.7844E-09 1.7174E-09 1.6518E-09 1.5870E-09 1.5261E-09 1.4658E-09 1.4099E-09 1.3566E-09 1.3047E-09 1.2542E-09 1.2050E-09 1.1572E-09 1.1106E-09 1.0652E-09
5.4115E-09 5.3044E-09 5.2033E-09 5.0883E-09 4.9372E-09 4.8390E-09 4.7757E-09 4.7197E-09 4.6648E-09 4.5948E-09 4.5242E-09 4.4534E-09 4.3785E-09 4.3065E-09 4.2330E-09 4.1554E-09 4.0738E-09 3.9896E-09 3.9044E-09 3.8176E-09 3.7292E-09 3.6395E-09 3.5497E-09 3.4596E-09 3.3687E-09 3.2783E-09 3.1876E-09 3.0971E-09 3.0075E-09 2.9184E-09 2.8289E-09 2.7401E-09 2.6522E-09 2.5660E-09 2.4801E-09 2.3961E-09 2.3129E-09 2.2322E-09 2.1528E-09 2.0763E-09 2.0013E-09 1.9293E-09 1.8589E-09 1.7914E-09 1.7242E-09 1.6584E-09 1.5935E-09 1.5307E-09 1.4719E-09 1.4158E-09 1.3621E-09 1.3100E-09 1.2592E-09 1.2098E-09 1.1617E-09 1.1148E-09 1.0691E-09
5.4579E-09 5.3468E-09 5.2428E-09 5.1229E-09 4.9790E-09 4.8537E-09 4.7879E-09 4.7277E-09 4.6711E-09 4.5995E-09 4.5269E-09 4.4556E-09 4.3805E-09 4.3083E-09 4.2345E-09 4.1570E-09 4.0755E-09 3.9915E-09 3.9068E-09 3.8204E-09 3.7324E-09 3.6431E-09 3.5537E-09 3.4638E-09 3.3732E-09 3.2830E-09 3.1925E-09 3.1026E-09 3.0126E-09 2.9235E-09 2.8339E-09 2.7450E-09 2.6570E-09 2.5707E-09 2.4845E-09 2.4005E-09 2.3172E-09 2.2365E-09 2.1571E-09 2.0806E-09 2.0056E-09 1.9333E-09 1.8632E-09 1.7953E-09 1.7284E-09 1.6625E-09 1.5976E-09 1.5347E-09 1.4758E-09 1.4195E-09 1.3657E-09 1.3133E-09 1.2624E-09 1.2128E-09 1.1644E-09 1.1174E-09 1.0715E-09
