Assets/Resources/2015_m01_d12_2100(utc+0800)_l00_csi_1hr_conc.grd
DSAA
         159         159
     -79.000      79.000
     -79.000      79.000
  0.0000E+00  0.3662E-05
[rows 0 to 24 of 159, columns 0 to 56 of 159]
2.3326E-11 2.3366E-11 2.3237E-11 2.2977E-11 2.2591E-11 2.2062E-11 2.1474E-11 2.0629E-11 1.9724E-11 1.8670E-11 1.7544E-11 1.6254E-11 1.4974E-11 1.3548E-11 1.1905E-11 1.0952E-11 1.0022E-11 8.0409E-12 1.9158E-12 0.0000E+00 0.0000E+00 0.0000E+00 0.0000E+00 0.0000E+00 0.0000E+00 0.0000E+00 0.0000E+00 0.0000E+00 0.0000E+00 0.0000E+00 0.0000E+00 0.0000E+00 0.0000E+00 0.0000E+00 0.0000E+00 0.0000E+00 0.0000E+00 0.0000E+00 0.0000E+00 0.0000E+00 0.0000E+00 0.0000E+00 0.0000E+00 0.0000E+00 0.0000E+00 0.0000E+00 0.0000E+00 0.0000E+00 0.0000E+00 0.0000E+00 0.0000E+00 0.0000E+00 0.0000E+00 0.0000E+00 0.0000E+00 0.0000E+00 0.0000E+00
3.2068E-11 3.2163E-11 3.2010E-11 3.1725E-11 3.1276E-11 3.0666E-11 2.9927E-11 2.9043E-11 2.8023E-11 2.6859E-11 2.5578E-11 2.4103E-11 2.2508E-11 2.0827E-11 1.9039E-11 1.7252E-11 1.4434E-11 1.3170E-11 1.1486E-11 4.7373E-12 2.3545E-13 0.0000E+00 0.0000E+00 0.0000E+00 0.0000E+00 0.0000E+00 0.0000E+00 0.0000E+00 0.0000E+00 0.0000E+00 0.0000E+00 0.0000E+00 0.0000E+00 0.0000E+00 0.0000E+00 0.0000E+00 0.0000E+00 0.0000E+00 0.0000E+00 0.0000E+00 0.0000E+00 0.0000E+00 0.0000E+00 0.0000E+00 0.0000E+00 0.0000E+00 0.0000E+00 0.0000E+00 0.0000E+00 0.0000E+00 0.0000E+00 0.0000E+00 0.0000E+00 0.0000E+00 0.0000E+00 0.0000E+00 0.0000E+00
4.1690E-11 4.1800E-11 4.1706E-11 4.1409E-11 4.0888E-11 4.0241E-11 3.9331E-11 3.8312E-11 3.7067E-11 3.5711E-11 3.4193E-11 3.2476E-11 3.0661E-11 2.8746E-11 2.6819E-11 2.4898E-11 2.2833E-11 2.0624E-11 1.6641E-11 1.4798E-11 7.6048E-12 1.1844E-12 0.0000E+00 0.0000E+00 0.0000E+00 0.0000E+00 0.0000E+00 0.0000E+00 0.0000E+00 0.0000E+00 0.0000E+00 0.0000E+00 0.0000E+00 0.0000E+00 0.0000E+00 0.0000E+00 0.0000E+00 0.0000E+00 0.0000E+00 0.0000E+00 0.0000E+00 0.0000E+00 0.0000E+00 0.0000E+00 0.0000E+00 0.0000E+00 0.0000E+00 0.0000E+00 0.0000E+00 0.0000E+00 0.0000E+00 0.0000E+00 0.0000E+00 0.0000E+00 0.0000E+00 0.0000E+00 0.0000E+00
5.2807E-11 5.2984E-11 5.2953E-11 5.2675E-11 5.2147E-11 5.1404E-11 5.0427E-11 4.9223E-11 4.7782E-11 4.6135E-11 4.4318E-11 4.2367E-11 4.0134E-11 3.7766E-11 3.5382E-11 3.2924E-11 3.0481E-11 2.8070E-11 2.5711E-11 2.3420E-11 1.8417E-11 1.1326E-11 1.9700E-12 0.0000E+00 0.0000E+00 0.0000E+00 0.0000E+00 0.0000E+00 0.0000E+00 0.0000E+00 0.0000E+00 0.0000E+00 0.0000E+00 0.0000E+00 0.0000E+00 0.0000E+00 0.0000E+00 0.0000E+00 0.0000E+00 0.0000E+00 0.0000E+00 0.0000E+00 0.0000E+00 0.0000E+00 0.0000E+00 0.0000E+00 0.0000E+00 0.0000E+00 0.0000E+00 0.0000E+00 0.0000E+00 0.0000E+00 0.0000E+00 0.0000E+00 0.0000E+00 0.0000E+00 0.0000E+00
6.6790E-11 6.7162E-11 6.7237E-11 6.6985E-11 6.6514E-11 6.5663E-11 6.4606E-11 6.3204E-11 6.1590E-11 5.9705E-11 5.7499E-11 5.5106E-11 5.2497E-11 4.9673E-11 4.6642E-11 4.3508E-11 4.0377E-11 3.7274E-11 3.4225E-11 3.1250E-11 2.8371E-11 2.5600E-11 1.4692E-11 2.3299E-12 0.0000E+00 0.0000E+00 0.0000E+00 0.0000E+00 0.0000E+00 0.0000E+00 0.0000E+00 0.0000E+00 0.0000E+00 0.0000E+00 0.0000E+00 0.0000E+00 0.0000E+00 0.0000E+00 0.0000E+00 0.0000E+00 0.0000E+00 0.0000E+00 0.0000E+00 0.0000E+00 0.0000E+00 0.0000E+00 0.0000E+00 0.0000E+00 0.0000E+00 0.0000E+00 0.0000E+00 0.0000E+00 0.0000E+00 0.0000E+00 0.0000E+00 0.0000E+00 0.0000E+00
8.1379E-11 8.1931E-11 8.2131E-11 8.1973E-11 8.1485E-11 8.0645E-11 7.9455E-11 7.7898E-11 7.6010E-11 7.3829E-11 7.1396E-11 6.8557E-11 6.5412E-11 6.2128E-11 5.8572E-11 5.4857E-11 5.1028E-11 4.7218E-11 4.3457E-11 3.9774E-11 3.6190E-11 3.2725E-11 2.9199E-11 1.9310E-11 2.9854E-12 0.0000E+00 0.0000E+00 0.0000E+00 0.0000E+00 0.0000E+00 0.0000E+00 0.0000E+00 0.0000E+00 0.0000E+00 0.0000E+00 0.0000E+00 0.0000E+00 0.0000E+00 0.0000E+00 0.0000E+00 0.0000E+00 0.0000E+00 0.0000E+00 0.0000E+00 0.0000E+00 0.0000E+00 0.0000E+00 0.0000E+00 0.0000E+00 0.0000E+00 0.0000E+00 0.0000E+00 0.0000E+00 0.0000E+00 0.0000E+00 0.0000E+00 0.0000E+00
9.6807E-11 9.7534E-11 9.7827E-11 9.7795E-11 9.7254E-11 9.6392E-11 9.5045E-11 9.3363E-11 9.1273E-11 8.8715E-11 8.5840E-11 8.2614E-11 7.9039E-11 7.5137E-11 7.0966E-11 6.6654E-11 6.2173E-11 5.7644E-11 5.3158E-11 4.8748E-11 4.4440E-11 4.0256E-11 3.6237E-11 3.2413E-11 2.2736E-11 4.4003E-12 0.0000E+00 0.0000E+00 0.0000E+00 0.0000E+00 0.0000E+00 0.0000E+00 0.0000E+00 0.0000E+00 0.0000E+00 0.0000E+00 0.0000E+00 0.0000E+00 0.0000E+00 0.0000E+00 0.0000E+00 0.0000E+00 0.0000E+00 0.0000E+00 0.0000E+00 0.0000E+00 0.0000E+00 0.0000E+00 0.0000E+00 0.0000E+00 0.0000E+00 0.0000E+00 0.0000E+00 0.0000E+00 0.0000E+00 0.0000E+00 0.0000E+00
1.1696E-10 1.1803E-10 1.1862E-10 1.1876E-10 1.1840E-10 1.1755E-10 1.1618E-10 1.1432E-10 1.1201E-10 1.0929E-10 1.0599E-10 1.0220E-10 9.8140E-11 9.3636E-11 8.8853E-11 8.3778E-11 7.8476E-11 7.3130E-11 6.7632E-11 6.2195E-11 5.6857E-11 5.1659E-11 4.6640E-11 4.1841E-11 3.7294E-11 2.5899E-11 9.0271E-12 0.0000E+00 0.0000E+00 0.0000E+00 0.0000E+00 0.0000E+00 0.0000E+00 0.0000E+00 0.0000E+00 0.0000E+00 0.0000E+00 0.0000E+00 0.0000E+00 0.0000E+00 0.0000E+00 0.0000E+00 0.0000E+00 0.0000E+00 0.0000E+00 0.0000E+00 0.0000E+00 0.0000E+00 0.0000E+00 0.0000E+00 0.0000E+00 0.0000E+00 0.0000E+00 0.0000E+00 0.0000E+00 0.0000E+00 0.0000E+00
1.3846E-10 1.3986E-10 1.4080E-10 1.4109E-10 1.4091E-10 1.4007E-10 1.3872E-10 1.3679E-10 1.3418E-10 1.3108E-10 1.2743E-10 1.2323E-10 1.1850E-10 1.1331E-10 1.0786E-10 1.0201E-10 9.5925E-11 8.9600E-11 8.3187E-11 7.6745E-11 7.0323E-11 6.4052E-11 5.7984E-11 5.2160E-11 4.6610E-11 4.1381E-11 2.8490E-11 1.0024E-11 2.9523E-12 0.0000E+00 0.0000E+00 0.0000E+00 0.0000E+00 0.0000E+00 0.0000E+00 0.0000E+00 0.0000E+00 0.0000E+00 0.0000E+00 0.0000E+00 0.0000E+00 0.0000E+00 0.0000E+00 0.0000E+00 0.0000E+00 0.0000E+00 0.0000E+00 0.0000E+00 0.0000E+00 0.0000E+00 0.0000E+00 0.0000E+00 0.0000E+00 0.0000E+00 0.0000E+00 0.0000E+00 0.0000E+00
1.6022E-10 1.6196E-10 1.6310E-10 1.6418E-10 1.6423E-10 1.6341E-10 1.6192E-10 1.5980E-10 1.5707E-10 1.5367E-10 1.4963E-10 1.4503E-10 1.3970E-10 1.3386E-10 1.2748E-10 1.2066E-10 1.1363E-10 1.0621E-10 9.8561E-11 9.0900E-11 8.3245E-11 7.5852E-11 6.8781E-11 6.1981E-11 5.5495E-11 4.9367E-11 4.3632E-11 2.9186E-11 1.0920E-11 3.1853E-12 2.1432E-12 0.0000E+00 0.0000E+00 0.0000E+00 0.0000E+00 0.0000E+00 0.0000E+00 0.0000E+00 0.0000E+00 0.0000E+00 0.0000E+00 0.0000E+00 0.0000E+00 0.0000E+00 0.0000E+00 0.0000E+00 0.0000E+00 0.0000E+00 0.0000E+00 0.0000E+00 0.0000E+00 0.0000E+00 0.0000E+00 0.0000E+00 0.0000E+00 0.0000E+00 0.0000E+00
1.8538E-10 1.8760E-10 1.8902E-10 1.9057E-10 1.9057E-10 1.8988E-10 1.8840E-10 1.8604E-10 1.8319E-10 1.7982E-10 1.7534E-10 1.6997E-10 1.6391E-10 1.5738E-10 1.5021E-10 1.4262E-10 1.3458E-10 1.2622E-10 1.1764E-10 1.0882E-10 1.0009E-10 9.1152E-11 8.2501E-11 7.4013E-11 6.5974E-11 5.8818E-11 5.2092E-11 4.5718E-11 2.9827E-11 1.1246E-11 3.3277E-12 2.6849E-12 1.1417E-12 0.0000E+00 0.0000E+00 0.0000E+00 0.0000E+00 0.0000E+00 0.0000E+00 0.0000E+00 0.0000E+00 0.0000E+00 0.0000E+00 0.0000E+00 0.0000E+00 0.0000E+00 0.0000E+00 0.0000E+00 0.0000E+00 0.0000E+00 0.0000E+00 0.0000E+00 0.0000E+00 0.0000E+00 0.0000E+00 0.0000E+00 0.0000E+00
2.1247E-10 2.1507E-10 2.1688E-10 2.1785E-10 2.1891E-10 2.1882E-10 2.1734E-10 2.1488E-10 2.1205E-10 2.0792E-10 2.0303E-10 1.9729E-10 1.9071E-10 1.8330E-10 1.7524E-10 1.6682E-10 1.5771E-10 1.4818E-10 1.3832E-10 1.2825E-10 1.1797E-10 1.0777E-10 9.7796E-11 8.8184E-11 7.8859E-11 6.9887E-11 6.0533E-11 5.3304E-11 4.6218E-11 2.8746E-11 1.0401E-11 3.5819E-12 2.9235E-12 1.5335E-12 2.5034E-13 0.0000E+00 0.0000E+00 0.0000E+00 0.0000E+00 0.0000E+00 0.0000E+00 0.0000E+00 0.0000E+00 0.0000E+00 0.0000E+00 0.0000E+00 0.0000E+00 0.0000E+00 0.0000E+00 0.0000E+00 0.0000E+00 0.0000E+00 0.0000E+00 0.0000E+00 0.0000E+00 0.0000E+00 0.0000E+00
2.4456E-10 2.4849E-10 2.5087E-10 2.5223E-10 2.5354E-10 2.5387E-10 2.5229E-10 2.4981E-10 2.4695E-10 2.4242E-10 2.3744E-10 2.3093E-10 2.2362E-10 2.1519E-10 2.0614E-10 1.9636E-10 1.8607E-10 1.7544E-10 1.6433E-10 1.5315E-10 1.4167E-10 1.3028E-10 1.1909E-10 1.0793E-10 9.7112E-11 8.6492E-11 7.6341E-11 6.7118E-11 5.6192E-11 4.7784E-11 2.9072E-11 1.0724E-11 5.2472E-12 4.5954E-12 3.2577E-12 1.7586E-12 1.2415E-12 1.0880E-12 9.4602E-13 8.1595E-13 0.0000E+00 0.0000E+00 0.0000E+00 0.0000E+00 0.0000E+00 0.0000E+00 0.0000E+00 0.0000E+00 0.0000E+00 0.0000E+00 0.0000E+00 0.0000E+00 0.0000E+00 0.0000E+00 0.0000E+00 0.0000E+00 0.0000E+00
2.8039E-10 2.8593E-10 2.8895E-10 2.9087E-10 2.9169E-10 2.9323E-10 2.9188E-10 2.8926E-10 2.8537E-10 2.8055E-10 2.7518E-10 2.6797E-10 2.5967E-10 2.5035E-10 2.4031E-10 2.2949E-10 2.1819E-10 2.0622E-10 1.9385E-10 1.8103E-10 1.6812E-10 1.5524E-10 1.4253E-10 1.3003E-10 1.1782E-10 1.0609E-10 9.4639E-11 8.3539E-11 7.2592E-11 6.2979E-11 4.8916E-11 2.9448E-11 1.1733E-11 7.2259E-12 6.4945E-12 5.1430E-12 3.4252E-12 2.5466E-12 2.2181E-12 1.9161E-12 9.2696E-13 0.0000E+00 0.0000E+00 0.0000E+00 0.0000E+00 0.0000E+00 0.0000E+00 0.0000E+00 0.0000E+00 0.0000E+00 0.0000E+00 0.0000E+00 0.0000E+00 0.0000E+00 0.0000E+00 0.0000E+00 0.0000E+00
3.2431E-10 3.2942E-10 3.3505E-10 3.3798E-10 3.3964E-10 3.3989E-10 3.3986E-10 3.3747E-10 3.3373E-10 3.2857E-10 3.2298E-10 3.1545E-10 3.0639E-10 2.9632E-10 2.8512E-10 2.7303E-10 2.6024E-10 2.4660E-10 2.3259E-10 2.1817E-10 2.0362E-10 1.8906E-10 1.7463E-10 1.6051E-10 1.4675E-10 1.3346E-10 1.2063E-10 1.0819E-10 9.6171E-11 8.3516E-11 7.1873E-11 5.7174E-11 3.4157E-11 1.7036E-11 1.3195E-11 1.2014E-11 1.0127E-11 7.9245E-12 6.5023E-12 5.5070E-12 4.3129E-12 1.8979E-12 7.0729E-14 0.0000E+00 0.0000E+00 0.0000E+00 0.0000E+00 0.0000E+00 0.0000E+00 0.0000E+00 0.0000E+00 0.0000E+00 0.0000E+00 0.0000E+00 0.0000E+00 0.0000E+00 0.0000E+00
3.7136E-10 3.7770E-10 3.8274E-10 3.8736E-10 3.8986E-10 3.9081E-10 3.9107E-10 3.8889E-10 3.8530E-10 3.8003E-10 3.7329E-10 3.6500E-10 3.5534E-10 3.4433E-10 3.3204E-10 3.1869E-10 3.0438E-10 2.8934E-10 2.7354E-10 2.5736E-10 2.4096E-10 2.2450E-10 2.0813E-10 1.9201E-10 1.7625E-10 1.6094E-10 1.4619E-10 1.3210E-10 1.1874E-10 1.0618E-10 9.4255E-11 7.8489E-11 6.1058E-11 3.7425E-11 2.1228E-11 1.7873E-11 1.6171E-11 1.3784E-11 1.1054E-11 9.2409E-12 7.2007E-12 3.8452E-12 1.8392E-12 7.5068E-14 0.0000E+00 0.0000E+00 0.0000E+00 0.0000E+00 0.0000E+00 0.0000E+00 0.0000E+00 0.0000E+00 0.0000E+00 0.0000E+00 0.0000E+00 0.0000E+00 0.0000E+00
4.2380E-10 4.3186E-10 4.3835E-10 4.4354E-10 4.4761E-10 4.4952E-10 4.4956E-10 4.4789E-10 4.4439E-10 4.3907E-10 4.3227E-10 4.2343E-10 4.1310E-10 4.0113E-10 3.8777E-10 3.7323E-10 3.5733E-10 3.4063E-10 3.2306E-10 3.0498E-10 2.8654E-10 2.6793E-10 2.4937E-10 2.3098E-10 2.1290E-10 1.9525E-10 1.7817E-10 1.6178E-10 1.4617E-10 1.3141E-10 1.1753E-10 1.0455E-10 9.0311E-11 6.6815E-11 4.3951E-11 2.6958E-11 2.3971E-11 2.1474E-11 1.8318E-11 1.4938E-11 1.2262E-11 7.4168E-12 3.5773E-12 5.6984E-13 0.0000E+00 0.0000E+00 0.0000E+00 0.0000E+00 0.0000E+00 0.0000E+00 0.0000E+00 0.0000E+00 0.0000E+00 0.0000E+00 0.0000E+00 0.0000E+00 0.0000E+00
4.7966E-10 4.8953E-10 4.9780E-10 5.0417E-10 5.0873E-10 5.1137E-10 5.1204E-10 5.1091E-10 5.0766E-10 5.0245E-10 4.9521E-10 4.8606E-10 4.7502E-10 4.6213E-10 4.4764E-10 4.3161E-10 4.1432E-10 3.9574E-10 3.7627E-10 3.5614E-10 3.3553E-10 3.1466E-10 2.9372E-10 2.7287E-10 2.5229E-10 2.3212E-10 2.1253E-10 1.9364E-10 1.7559E-10 1.5843E-10 1.4224E-10 1.2708E-10 1.1266E-10 9.5696E-11 7.3351E-11 4.7635E-11 3.1836E-11 2.8450E-11 2.5071E-11 2.1024E-11 1.7145E-11 1.1845E-11 6.0996E-12 1.6157E-12 0.0000E+00 0.0000E+00 0.0000E+00 0.0000E+00 0.0000E+00 0.0000E+00 0.0000E+00 0.0000E+00 0.0000E+00 0.0000E+00 0.0000E+00 0.0000E+00 0.0000E+00
5.4040E-10 5.5150E-10 5.6096E-10 5.6852E-10 5.7428E-10 5.7785E-10 5.7933E-10 5.7855E-10 5.7550E-10 5.7046E-10 5.6284E-10 5.5317E-10 5.4127E-10 5.2739E-10 5.1173E-10 4.9409E-10 4.7506E-10 4.5459E-10 4.3307E-10 4.1069E-10 3.8768E-10 3.6431E-10 3.4076E-10 3.1723E-10 2.9390E-10 2.7098E-10 2.4864E-10 2.2705E-10 2.0633E-10 1.8657E-10 1.6788E-10 1.5027E-10 1.3363E-10 1.1733E-10 9.8088E-11 7.3324E-11 5.2303E-11 3.5026E-11 3.0333E-11 2.6281E-11 2.1663E-11 1.6819E-11 9.2438E-12 3.5406E-12 8.3247E-14 0.0000E+00 0.0000E+00 0.0000E+00 0.0000E+00 0.0000E+00 0.0000E+00 0.0000E+00 0.0000E+00 0.0000E+00 0.0000E+00 0.0000E+00 0.0000E+00
6.0654E-10 6.1981E-10 6.3119E-10 6.4051E-10 6.4764E-10 6.5245E-10 6.5505E-10 6.5509E-10 6.5269E-10 6.4771E-10 6.4026E-10 6.3149E-10 6.1910E-10 6.0443E-10 5.8755E-10 5.6874E-10 5.4795E-10 5.2595E-10 5.0254E-10 4.7793E-10 4.5242E-10 4.2628E-10 3.9976E-10 3.7308E-10 3.4629E-10 3.1992E-10 2.9413E-10 2.6912E-10 2.4533E-10 2.2259E-10 2.0078E-10 1.8021E-10 1.6090E-10 1.4251E-10 1.2354E-10 1.0179E-10 7.8506E-11 5.5283E-11 4.3909E-11 3.3943E-11 2.8915E-11 2.3331E-11 1.4753E-11 7.5962E-12 1.1886E-12 0.0000E+00 0.0000E+00 0.0000E+00 0.0000E+00 0.0000E+00 0.0000E+00 0.0000E+00 0.0000E+00 0.0000E+00 0.0000E+00 0.0000E+00 0.0000E+00
6.7662E-10 6.9182E-10 7.0493E-10 7.1596E-10 7.2453E-10 7.3064E-10 7.3409E-10 7.3599E-10 7.3424E-10 7.2936E-10 7.2180E-10 7.1259E-10 6.9952E-10 6.8394E-10 6.6564E-10 6.4519E-10 6.2325E-10 5.9944E-10 5.7350E-10 5.4623E-10 5.1797E-10 4.8895E-10 4.5943E-10 4.2967E-10 3.9971E-10 3.7001E-10 3.4085E-10 3.1222E-10 2.8444E-10 2.5737E-10 2.3175E-10 2.0789E-10 1.8558E-10 1.6468E-10 1.4434E-10 1.2291E-10 9.8616E-11 7.5677E-11 5.8876E-11 4.3870E-11 3.6753E-11 2.7655E-11 2.0091E-11 1.0460E-11 3.2849E-12 0.0000E+00 0.0000E+00 0.0000E+00 0.0000E+00 0.0000E+00 0.0000E+00 0.0000E+00 0.0000E+00 0.0000E+00 0.0000E+00 0.0000E+00 0.0000E+00
7.5229E-10 7.6975E-10 7.8503E-10 7.9786E-10 8.0927E-10 8.1704E-10 8.2167E-10 8.2407E-10 8.2336E-10 8.1900E-10 8.1145E-10 8.0199E-10 7.8831E-10 7.7164E-10 7.5224E-10 7.3076E-10 7.0802E-10 6.8159E-10 6.5317E-10 6.2319E-10 5.9194E-10 5.5956E-10 5.2666E-10 4.9332E-10 4.5975E-10 4.2630E-10 3.9342E-10 3.6141E-10 3.2987E-10 2.9952E-10 2.7010E-10 2.4161E-10 2.1440E-10 1.8935E-10 1.6641E-10 1.4388E-10 1.1975E-10 9.4012E-11 7.2190E-11 5.7257E-11 4.7281E-11 3.6037E-11 2.6957E-11 1.4882E-11 5.6673E-12 0.0000E+00 0.0000E+00 0.0000E+00 0.0000E+00 0.0000E+00 0.0000E+00 0.0000E+00 0.0000E+00 0.0000E+00 0.0000E+00 0.0000E+00 0.0000E+00
8.3380E-10 8.5423E-10 8.7273E-10 8.8783E-10 9.0016E-10 9.1072E-10 9.1701E-10 9.2004E-10 9.2076E-10 9.1695E-10 9.1082E-10 9.0015E-10 8.8731E-10 8.6974E-10 8.4953E-10 8.2674E-10 8.0181E-10 7.7304E-10 7.4206E-10 7.0922E-10 6.7481E-10 6.3921E-10 6.0274E-10 5.6560E-10 5.2817E-10 4.9083E-10 4.5377E-10 4.1715E-10 3.8114E-10 3.4635E-10 3.1299E-10 2.8101E-10 2.5064E-10 2.2110E-10 1.9286E-10 1.6686E-10 1.4182E-10 1.1472E-10 8.8766E-11 6.8800E-11 5.5480E-11 4.6820E-11 3.6129E-11 2.1873E-11 9.7552E-12 1.9086E-12 0.0000E+00 0.0000E+00 0.0000E+00 0.0000E+00 0.0000E+00 0.0000E+00 0.0000E+00 0.0000E+00 0.0000E+00 0.0000E+00 0.0000E+00
9.2254E-10 9.4557E-10 9.6637E-10 9.8487E-10 9.9967E-10 1.0110E-09 1.0206E-09 1.0260E-09 1.0269E-09 1.0252E-09 1.0196E-09 1.0090E-09 9.9468E-10 9.7781E-10 9.5602E-10 9.3224E-10 9.0401E-10 8.7290E-10 8.3922E-10 8.0330E-10 7.6620E-10 7.2727E-10 6.8694E-10 6.4570E-10 6.0395E-10 5.6220E-10 5.2047E-10 4.7934E-10 4.3907E-10 3.9936E-10 3.6097E-10 3.2399E-10 2.8838E-10 2.5528E-10 2.2522E-10 1.9662E-10 1.6825E-10 1.3911E-10 1.1052E-10 8.3331E-11 6.5162E-11 5.3568E-11 4.5321E-11 3.3598E-11 1.6789E-11 4.3549E-12 0.0000E+00 0.0000E+00 0.0000E+00 0.0000E+00 0.0000E+00 0.0000E+00 0.0000E+00 0.0000E+00 0.0000E+00 0.0000E+00 0.0000E+00
1.0165E-09 1.0439E-09 1.0674E-09 1.0882E-09 1.1079E-09 1.1219E-09 1.1321E-09 1.1406E-09 1.1434E-09 1.1415E-09 1.1369E-09 1.1279E-09 1.1133E-09 1.0946E-09 1.0718E-09 1.0474E-09 1.0179E-09 9.8442E-10 9.4797E-10 9.0926E-10 8.6902E-10 8.2578E-10 7.8106E-10 7.3530E-10 6.8883E-10 6.4183E-10 5.9500E-10 5.4869E-10 5.0312E-10 4.5865E-10 4.1560E-10 3.7372E-10 3.3333E-10 2.9521E-10 2.5885E-10 2.2558E-10 1.9627E-10 1.6832E-10 1.3702E-10 1.0524E-10 7.7633E-11 6.1686E-11 5.1659E-11 4.2931E-11 2.7284E-11 1.1917E-11 4.4457E-13 0.0000E+00 0.0000E+00 0.0000E+00 0.0000E+00 0.0000E+00 0.0000E+00 0.0000E+00 0.0000E+00 0.0000E+00 0.0000E+00
