Assets/Resources/2015_m01_d23_1000(utc+0800)_l00_csi_1hr_conc.grd
DSAA
         159         159
     -79.000      79.000
     -79.000      79.000
  0.0000E+00  0.8503E-06
[rows 125 to 149 of 159, columns 0 to 56 of 159]
0.0000E+00 1.3336E-13 6.9435E-13 1.3116E-12 2.5356E-12 4.3142E-12 6.4600E-12 9.0929E-12 1.2041E-11 1.4939E-11 1.7674E-11 1.9883E-11 2.2770E-11 2.5463E-11 2.7532E-11 2.9697E-11 3.1282E-11 3.2933E-11 3.5287E-11 3.8375E-11 4.1505E-11 4.5008E-11 4.9804E-11 5.5696E-11 6.1035E-11 6.6924E-11 7.4175E-11 8.0140E-11 8.6797E-11 9.4296E-11 1.0167E-10 1.0834E-10 1.1549E-10 1.2194E-10 1.2933E-10 1.3604E-10 1.4292E-10 1.4977E-10 1.5671E-10 1.6379E-10 1.7100E-10 1.7878E-10 1.8617E-10 1.9455E-10 2.0266E-10 2.1145E-10 2.2020E-10 2.2919E-10 2.3869E-10 2.4811E-10 2.5819E-10 2.6824E-10 2.7889E-10 2.8961E-10 3.0073E-10 3.1203E-10 3.2373E-10
0.0000E+00 0.0000E+00 2.7347E-13 9.3170E-13 1.6560E-12 3.0842E-12 4.7746E-12 7.1011E-12 1.0018E-11 1.2965E-11 1.5767E-11 1.8356E-11 2.0490E-11 2.3320E-11 2.6056E-11 2.8153E-11 3.0345E-11 3.1946E-11 3.4022E-11 3.6721E-11 3.9470E-11 4.2802E-11 4.6505E-11 5.1417E-11 5.7210E-11 6.2809E-11 6.8839E-11 7.6378E-11 8.2336E-11 8.8893E-11 9.6392E-11 1.0394E-10 1.1100E-10 1.1765E-10 1.2475E-10 1.3160E-10 1.3883E-10 1.4535E-10 1.5241E-10 1.5939E-10 1.6608E-10 1.7383E-10 1.8109E-10 1.8923E-10 1.9710E-10 2.0552E-10 2.1410E-10 2.2260E-10 2.3202E-10 2.4105E-10 2.5091E-10 2.6055E-10 2.7095E-10 2.8114E-10 2.9200E-10 3.0283E-10 3.1426E-10
0.0000E+00 0.0000E+00 0.0000E+00 4.9410E-13 1.2570E-12 1.9374E-12 3.4581E-12 5.4943E-12 8.1002E-12 1.0920E-11 1.3501E-11 1.6275E-11 1.9036E-11 2.1222E-11 2.3976E-11 2.6639E-11 2.8763E-11 3.0980E-11 3.2597E-11 3.4812E-11 3.7569E-11 4.0642E-11 4.3833E-11 4.7701E-11 5.2735E-11 5.8874E-11 6.4369E-11 7.0270E-11 7.8240E-11 8.4392E-11 9.1260E-11 9.8812E-11 1.0551E-10 1.1292E-10 1.2008E-10 1.2658E-10 1.3390E-10 1.4080E-10 1.4747E-10 1.5507E-10 1.6154E-10 1.6907E-10 1.7611E-10 1.8390E-10 1.9163E-10 1.9968E-10 2.0811E-10 2.1623E-10 2.2536E-10 2.3421E-10 2.4366E-10 2.5308E-10 2.6306E-10 2.7301E-10 2.8351E-10 2.9399E-10 3.0505E-10
0.0000E+00 0.0000E+00 0.0000E+00 1.3971E-13 7.2717E-13 1.3710E-12 2.0740E-12 3.8146E-12 6.0085E-12 8.6954E-12 1.1596E-11 1.4612E-11 1.7120E-11 1.9600E-11 2.1950E-11 2.4511E-11 2.7212E-11 2.9360E-11 3.1856E-11 3.3341E-11 3.5759E-11 3.8465E-11 4.1830E-11 4.5004E-11 4.9055E-11 5.4422E-11 6.0094E-11 6.5601E-11 7.2136E-11 8.0093E-11 8.6275E-11 9.3823E-11 1.0151E-10 1.0803E-10 1.1489E-10 1.2177E-10 1.2846E-10 1.3583E-10 1.4238E-10 1.5009E-10 1.5666E-10 1.6430E-10 1.7122E-10 1.7866E-10 1.8625E-10 1.9364E-10 2.0222E-10 2.1008E-10 2.1892E-10 2.2748E-10 2.3653E-10 2.4574E-10 2.5529E-10 2.6501E-10 2.7508E-10 2.8531E-10 2.9590E-10
0.0000E+00 0.0000E+00 0.0000E+00 0.0000E+00 2.8625E-13 8.2386E-13 1.5718E-12 2.9665E-12 4.6992E-12 6.8875E-12 9.0178E-12 1.1894E-11 1.5079E-11 1.7994E-11 2.0160E-11 2.3102E-11 2.5037E-11 2.7773E-11 2.9945E-11 3.2469E-11 3.4400E-11 3.6544E-11 3.9408E-11 4.2844E-11 4.6538E-11 5.0377E-11 5.5480E-11 6.1956E-11 6.7168E-11 7.4230E-11 8.1720E-11 8.8405E-11 9.6346E-11 1.0392E-10 1.0983E-10 1.1695E-10 1.2328E-10 1.3082E-10 1.3736E-10 1.4509E-10 1.5211E-10 1.5918E-10 1.6641E-10 1.7342E-10 1.8098E-10 1.8812E-10 1.9633E-10 2.0403E-10 2.1248E-10 2.2087E-10 2.2952E-10 2.3852E-10 2.4766E-10 2.5715E-10 2.6678E-10 2.7677E-10 2.8691E-10
0.0000E+00 0.0000E+00 0.0000E+00 0.0000E+00 0.0000E+00 3.6841E-13 1.1582E-12 2.0159E-12 3.2980E-12 5.0902E-12 7.3415E-12 1.0011E-11 1.2388E-11 1.5438E-11 1.8406E-11 2.0969E-11 2.3593E-11 2.5552E-11 2.8322E-11 3.0515E-11 3.3122E-11 3.5081E-11 3.7318E-11 4.0543E-11 4.3915E-11 4.7790E-11 5.1534E-11 5.6807E-11 6.3490E-11 6.9025E-11 7.6076E-11 8.3189E-11 9.0203E-11 9.8197E-11 1.0527E-10 1.1237E-10 1.1874E-10 1.2577E-10 1.3226E-10 1.3932E-10 1.4664E-10 1.5375E-10 1.6106E-10 1.6774E-10 1.7579E-10 1.8270E-10 1.9064E-10 1.9809E-10 2.0605E-10 2.1436E-10 2.2234E-10 2.3143E-10 2.4006E-10 2.4943E-10 2.5863E-10 2.6839E-10 2.7808E-10
0.0000E+00 0.0000E+00 0.0000E+00 0.0000E+00 0.0000E+00 1.4568E-13 7.5791E-13 1.3479E-12 2.0720E-12 3.3873E-12 5.3175E-12 8.0420E-12 1.0875E-11 1.3606E-11 1.6002E-11 1.8812E-11 2.1533E-11 2.4075E-11 2.6056E-11 2.8858E-11 3.1071E-11 3.3764E-11 3.5927E-11 3.8548E-11 4.1236E-11 4.4848E-11 4.8907E-11 5.2786E-11 5.8406E-11 6.4555E-11 7.0514E-11 7.7771E-11 8.4475E-11 9.2276E-11 1.0002E-10 1.0715E-10 1.1355E-10 1.2046E-10 1.2716E-10 1.3387E-10 1.4090E-10 1.4792E-10 1.5560E-10 1.6269E-10 1.7026E-10 1.7736E-10 1.8474E-10 1.9224E-10 1.9951E-10 2.0797E-10 2.1568E-10 2.2445E-10 2.3260E-10 2.4185E-10 2.5045E-10 2.6016E-10 2.6923E-10
0.0000E+00 0.0000E+00 0.0000E+00 0.0000E+00 0.0000E+00 0.0000E+00 2.9822E-13 8.5704E-13 1.4659E-12 2.2979E-12 4.1461E-12 6.1752E-12 8.5569E-12 1.1235E-11 1.4336E-11 1.6354E-11 1.9210E-11 2.1972E-11 2.4664E-11 2.6547E-11 2.9380E-11 3.1612E-11 3.4448E-11 3.6863E-11 3.9316E-11 4.2163E-11 4.5710E-11 4.9958E-11 5.3902E-11 5.9497E-11 6.5840E-11 7.1705E-11 7.9755E-11 8.6678E-11 9.4234E-11 1.0197E-10 1.0810E-10 1.1502E-10 1.2153E-10 1.2824E-10 1.3559E-10 1.4217E-10 1.4945E-10 1.5693E-10 1.6443E-10 1.7149E-10 1.7850E-10 1.8649E-10 1.9352E-10 2.0158E-10 2.0913E-10 2.1742E-10 2.2547E-10 2.3431E-10 2.4271E-10 2.5200E-10 2.6085E-10
0.0000E+00 0.0000E+00 0.0000E+00 0.0000E+00 0.0000E+00 0.0000E+00 0.0000E+00 3.8323E-13 9.6274E-13 1.6764E-12 2.5371E-12 4.2513E-12 6.5231E-12 9.4021E-12 1.1794E-11 1.4758E-11 1.6943E-11 1.9718E-11 2.2401E-11 2.4540E-11 2.7027E-11 2.9888E-11 3.2195E-11 3.4549E-11 3.7516E-11 4.0059E-11 4.3171E-11 4.6756E-11 5.0917E-11 5.4814E-11 6.0670E-11 6.6772E-11 7.3171E-11 8.1133E-11 8.8304E-11 9.6138E-11 1.0339E-10 1.0972E-10 1.1673E-10 1.2294E-10 1.3004E-10 1.3643E-10 1.4393E-10 1.5085E-10 1.5809E-10 1.6522E-10 1.7229E-10 1.8032E-10 1.8762E-10 1.9530E-10 2.0270E-10 2.1061E-10 2.1848E-10 2.2682E-10 2.3512E-10 2.4400E-10 2.5263E-10
0.0000E+00 0.0000E+00 0.0000E+00 0.0000E+00 0.0000E+00 0.0000E+00 0.0000E+00 0.0000E+00 4.7355E-13 1.2342E-12 1.9745E-12 3.3201E-12 4.4475E-12 6.6772E-12 9.6160E-12 1.2397E-11 1.5170E-11 1.7528E-11 2.0102E-11 2.2819E-11 2.4982E-11 2.7492E-11 3.0380E-11 3.2705E-11 3.5084E-11 3.8272E-11 4.0874E-11 4.3941E-11 4.7582E-11 5.2019E-11 5.6296E-11 6.2352E-11 6.8658E-11 7.4860E-11 8.2285E-11 8.8842E-11 9.7288E-11 1.0418E-10 1.1120E-10 1.1770E-10 1.2448E-10 1.3112E-10 1.3773E-10 1.4482E-10 1.5137E-10 1.5895E-10 1.6627E-10 1.7405E-10 1.8110E-10 1.8862E-10 1.9627E-10 2.0366E-10 2.1152E-10 2.1939E-10 2.2768E-10 2.3606E-10 2.4458E-10
0.0000E+00 0.0000E+00 0.0000E+00 0.0000E+00 0.0000E+00 0.0000E+00 0.0000E+00 0.0000E+00 3.0929E-13 8.0722E-13 1.4319E-12 2.1957E-12 3.5779E-12 5.3179E-12 7.0306E-12 9.8266E-12 1.2771E-11 1.5695E-11 1.7985E-11 2.0477E-11 2.3228E-11 2.5412E-11 2.7944E-11 3.0856E-11 3.3383E-11 3.5861E-11 3.9101E-11 4.1868E-11 4.4909E-11 4.8456E-11 5.2555E-11 5.7113E-11 6.3502E-11 6.9555E-11 7.6550E-11 8.3181E-11 9.0540E-11 9.7894E-11 1.0532E-10 1.1211E-10 1.1850E-10 1.2533E-10 1.3176E-10 1.3873E-10 1.4523E-10 1.5275E-10 1.5987E-10 1.6741E-10 1.7432E-10 1.8156E-10 1.8935E-10 1.9649E-10 2.0471E-10 2.1202E-10 2.2030E-10 2.2801E-10 2.3660E-10
0.0000E+00 0.0000E+00 0.0000E+00 0.0000E+00 0.0000E+00 0.0000E+00 0.0000E+00 0.0000E+00 0.0000E+00 3.9684E-13 9.1040E-13 1.5531E-12 2.3372E-12 3.7595E-12 5.6246E-12 7.3764E-12 1.0135E-11 1.3291E-11 1.5999E-11 1.8320E-11 2.0842E-11 2.3624E-11 2.5829E-11 2.8382E-11 3.1014E-11 3.3865E-11 3.6367E-11 3.9643E-11 4.2442E-11 4.5519E-11 4.9391E-11 5.3005E-11 5.7982E-11 6.4442E-11 7.0840E-11 7.7947E-11 8.5043E-11 9.2175E-11 9.9155E-11 1.0636E-10 1.1270E-10 1.1966E-10 1.2606E-10 1.3269E-10 1.3955E-10 1.4636E-10 1.5336E-10 1.6018E-10 1.6747E-10 1.7493E-10 1.8219E-10 1.8945E-10 1.9761E-10 2.0474E-10 2.1306E-10 2.2049E-10 2.2878E-10
0.0000E+00 0.0000E+00 0.0000E+00 0.0000E+00 0.0000E+00 0.0000E+00 0.0000E+00 0.0000E+00 0.0000E+00 0.0000E+00 4.0706E-13 1.0202E-12 1.7718E-12 2.6744E-12 3.9377E-12 5.8503E-12 8.6992E-12 1.0452E-11 1.3548E-11 1.6295E-11 1.8646E-11 2.1198E-11 2.4009E-11 2.6105E-11 2.8494E-11 3.0870E-11 3.4462E-11 3.7121E-11 4.0298E-11 4.2887E-11 4.6247E-11 5.0110E-11 5.3952E-11 5.9094E-11 6.5377E-11 7.1492E-11 7.9103E-11 8.5948E-11 9.2983E-11 1.0026E-10 1.0715E-10 1.1369E-10 1.2026E-10 1.2674E-10 1.3308E-10 1.4030E-10 1.4668E-10 1.5328E-10 1.6088E-10 1.6763E-10 1.7493E-10 1.8255E-10 1.8992E-10 1.9732E-10 2.0546E-10 2.1270E-10 2.2112E-10
0.0000E+00 0.0000E+00 0.0000E+00 0.0000E+00 0.0000E+00 0.0000E+00 0.0000E+00 0.0000E+00 0.0000E+00 0.0000E+00 0.0000E+00 4.1721E-13 1.0449E-12 1.8134E-12 2.7352E-12 4.3216E-12 6.0704E-12 8.9826E-12 1.0655E-11 1.3799E-11 1.6697E-11 1.8964E-11 2.1543E-11 2.4093E-11 2.6494E-11 2.8897E-11 3.1146E-11 3.3977E-11 3.7270E-11 4.1006E-11 4.3551E-11 4.6953E-11 5.0957E-11 5.4835E-11 6.0151E-11 6.6006E-11 7.2173E-11 7.9363E-11 8.6217E-11 9.3608E-11 1.0050E-10 1.0770E-10 1.1405E-10 1.2072E-10 1.2719E-10 1.3360E-10 1.4033E-10 1.4716E-10 1.5405E-10 1.6049E-10 1.6789E-10 1.7518E-10 1.8232E-10 1.8982E-10 1.9774E-10 2.0477E-10 2.1313E-10
0.0000E+00 0.0000E+00 0.0000E+00 0.0000E+00 0.0000E+00 0.0000E+00 0.0000E+00 0.0000E+00 0.0000E+00 0.0000E+00 0.0000E+00 3.2718E-13 6.8339E-13 1.3337E-12 1.9471E-12 2.7952E-12 4.6584E-12 6.6450E-12 9.1558E-12 1.0854E-11 1.4044E-11 1.6980E-11 1.9272E-11 2.1580E-11 2.3829E-11 2.6867E-11 2.9146E-11 3.1679E-11 3.4537E-11 3.7719E-11 4.1239E-11 4.4020E-11 4.7746E-11 5.2137E-11 5.5772E-11 6.1090E-11 6.6998E-11 7.3160E-11 7.9543E-11 8.6995E-11 9.4017E-11 1.0129E-10 1.0797E-10 1.1447E-10 1.2080E-10 1.2727E-10 1.3404E-10 1.4047E-10 1.4738E-10 1.5380E-10 1.6082E-10 1.6788E-10 1.7466E-10 1.8210E-10 1.8937E-10 1.9701E-10 2.0461E-10
0.0000E+00 0.0000E+00 0.0000E+00 0.0000E+00 0.0000E+00 0.0000E+00 0.0000E+00 0.0000E+00 0.0000E+00 0.0000E+00 0.0000E+00 0.0000E+00 3.3495E-13 8.7184E-13 1.5417E-12 2.1731E-12 2.9516E-12 4.7526E-12 6.9918E-12 9.3252E-12 1.1299E-11 1.4003E-11 1.7255E-11 1.9571E-11 2.1899E-11 2.4029E-11 2.7226E-11 2.9516E-11 3.2135E-11 3.5008E-11 3.8130E-11 4.1362E-11 4.4472E-11 4.8226E-11 5.2396E-11 5.6695E-11 6.1968E-11 6.7515E-11 7.4047E-11 8.0024E-11 8.7857E-11 9.4323E-11 1.0125E-10 1.0805E-10 1.1462E-10 1.2065E-10 1.2720E-10 1.3405E-10 1.4059E-10 1.4710E-10 1.5348E-10 1.6041E-10 1.6733E-10 1.7466E-10 1.8149E-10 1.8922E-10 1.9637E-10
0.0000E+00 0.0000E+00 0.0000E+00 0.0000E+00 0.0000E+00 0.0000E+00 0.0000E+00 0.0000E+00 0.0000E+00 0.0000E+00 0.0000E+00 0.0000E+00 0.0000E+00 4.2863E-13 9.8009E-13 1.5750E-12 2.4056E-12 3.0118E-12 4.8449E-12 7.1216E-12 9.7085E-12 1.1741E-11 1.4231E-11 1.7521E-11 1.9860E-11 2.2074E-11 2.4351E-11 2.6531E-11 2.8893E-11 3.2505E-11 3.4698E-11 3.8515E-11 4.1918E-11 4.4874E-11 4.8847E-11 5.3008E-11 5.7801E-11 6.2905E-11 6.8017E-11 7.4303E-11 8.0896E-11 8.7765E-11 9.4422E-11 1.0137E-10 1.0825E-10 1.1425E-10 1.2070E-10 1.2723E-10 1.3357E-10 1.4000E-10 1.4658E-10 1.5325E-10 1.6024E-10 1.6681E-10 1.7372E-10 1.8116E-10 1.8801E-10
0.0000E+00 0.0000E+00 0.0000E+00 0.0000E+00 0.0000E+00 0.0000E+00 0.0000E+00 0.0000E+00 0.0000E+00 0.0000E+00 0.0000E+00 0.0000E+00 0.0000E+00 0.0000E+00 4.3821E-13 1.0949E-12 1.7013E-12 2.4541E-12 3.2659E-12 5.1509E-12 7.2484E-12 9.9859E-12 1.1932E-11 1.4451E-11 1.7057E-11 2.0138E-11 2.2368E-11 2.4660E-11 2.6849E-11 2.9293E-11 3.2199E-11 3.4718E-11 3.8674E-11 4.1942E-11 4.5223E-11 4.9418E-11 5.3623E-11 5.8018E-11 6.2880E-11 6.8424E-11 7.4723E-11 8.0773E-11 8.7832E-11 9.4886E-11 1.0138E-10 1.0807E-10 1.1403E-10 1.2050E-10 1.2666E-10 1.3310E-10 1.3938E-10 1.4611E-10 1.5256E-10 1.5903E-10 1.6615E-10 1.7281E-10 1.7966E-10
0.0000E+00 0.0000E+00 0.0000E+00 0.0000E+00 0.0000E+00 0.0000E+00 0.0000E+00 0.0000E+00 0.0000E+00 0.0000E+00 0.0000E+00 0.0000E+00 0.0000E+00 0.0000E+00 0.0000E+00 4.4767E-13 1.1178E-12 1.9337E-12 2.5995E-12 3.5259E-12 5.2432E-12 7.3719E-12 9.5809E-12 1.2117E-11 1.4665E-11 1.7297E-11 1.9715E-11 2.2649E-11 2.4823E-11 2.7152E-11 2.9459E-11 3.2060E-11 3.5110E-11 3.8487E-11 4.1886E-11 4.5025E-11 5.0003E-11 5.3930E-11 5.8621E-11 6.3337E-11 6.9092E-11 7.4918E-11 8.1383E-11 8.7645E-11 9.4453E-11 1.0143E-10 1.0804E-10 1.1389E-10 1.1956E-10 1.2604E-10 1.3260E-10 1.3898E-10 1.4519E-10 1.5165E-10 1.5858E-10 1.6457E-10 1.7177E-10
0.0000E+00 0.0000E+00 0.0000E+00 0.0000E+00 0.0000E+00 0.0000E+00 0.0000E+00 0.0000E+00 0.0000E+00 0.0000E+00 0.0000E+00 0.0000E+00 0.0000E+00 0.0000E+00 0.0000E+00 0.0000E+00 5.4993E-13 1.1404E-12 1.9713E-12 2.8584E-12 3.7000E-12 5.3332E-12 7.4921E-12 9.7302E-12 1.1768E-11 1.4870E-11 1.7527E-11 1.9654E-11 2.1972E-11 2.4967E-11 2.6625E-11 2.9742E-11 3.1742E-11 3.5234E-11 3.8080E-11 4.2144E-11 4.5437E-11 4.9931E-11 5.4412E-11 5.8605E-11 6.3526E-11 6.8808E-11 7.4694E-11 8.0662E-11 8.6943E-11 9.4123E-11 1.0092E-10 1.0700E-10 1.1287E-10 1.1926E-10 1.2573E-10 1.3191E-10 1.3814E-10 1.4454E-10 1.5082E-10 1.5721E-10 1.6385E-10
0.0000E+00 0.0000E+00 0.0000E+00 0.0000E+00 0.0000E+00 0.0000E+00 0.0000E+00 0.0000E+00 0.0000E+00 0.0000E+00 0.0000E+00 0.0000E+00 0.0000E+00 0.0000E+00 0.0000E+00 0.0000E+00 3.5766E-13 5.6103E-13 1.2600E-12 2.0082E-12 2.9098E-12 3.7639E-12 5.4208E-12 7.6088E-12 9.8749E-12 1.1934E-11 1.5068E-11 1.7502E-11 1.9889E-11 2.2078E-11 2.4601E-11 2.6570E-11 3.0006E-11 3.1516E-11 3.5133E-11 3.7828E-11 4.2022E-11 4.5725E-11 4.9907E-11 5.4733E-11 5.8630E-11 6.3632E-11 6.8553E-11 7.4450E-11 8.0373E-11 8.7002E-11 9.3278E-11 9.9707E-11 1.0662E-10 1.1277E-10 1.1851E-10 1.2442E-10 1.3048E-10 1.3674E-10 1.4301E-10 1.4969E-10 1.5613E-10
0.0000E+00 0.0000E+00 0.0000E+00 0.0000E+00 0.0000E+00 0.0000E+00 0.0000E+00 0.0000E+00 0.0000E+00 0.0000E+00 0.0000E+00 0.0000E+00 0.0000E+00 0.0000E+00 0.0000E+00 0.0000E+00 0.0000E+00 3.6473E-13 7.5921E-13 1.2836E-12 2.0443E-12 3.0666E-12 3.8263E-12 5.5060E-12 7.7219E-12 9.7817E-12 1.2094E-11 1.4966E-11 1.7581E-11 1.9986E-11 2.2182E-11 2.4399E-11 2.6804E-11 2.9275E-11 3.1808E-11 3.4688E-11 3.8009E-11 4.1548E-11 4.6174E-11 5.0075E-11 5.5077E-11 5.9111E-11 6.4130E-11 6.8718E-11 7.4064E-11 7.9888E-11 8.5965E-11 9.2587E-11 9.9161E-11 1.0551E-10 1.1139E-10 1.1714E-10 1.2335E-10 1.2913E-10 1.3529E-10 1.4197E-10 1.4793E-10
0.0000E+00 0.0000E+00 0.0000E+00 0.0000E+00 0.0000E+00 0.0000E+00 0.0000E+00 0.0000E+00 0.0000E+00 0.0000E+00 0.0000E+00 0.0000E+00 0.0000E+00 0.0000E+00 0.0000E+00 0.0000E+00 0.0000E+00 0.0000E+00 4.6528E-13 7.7337E-13 1.3067E-12 2.0797E-12 3.1175E-12 3.8870E-12 5.5887E-12 7.8311E-12 9.9134E-12 1.1948E-11 1.4521E-11 1.7540E-11 2.0058E-11 2.2403E-11 2.4612E-11 2.6862E-11 2.9318E-11 3.1826E-11 3.4017E-11 3.7637E-11 4.0905E-11 4.5902E-11 4.9802E-11 5.5336E-11 5.9081E-11 6.4040E-11 6.8483E-11 7.3836E-11 7.9017E-11 8.5431E-11 9.1923E-11 9.8060E-11 1.0421E-10 1.1083E-10 1.1587E-10 1.2159E-10 1.2787E-10 1.3381E-10 1.3961E-10
0.0000E+00 0.0000E+00 0.0000E+00 0.0000E+00 0.0000E+00 0.0000E+00 0.0000E+00 0.0000E+00 0.0000E+00 0.0000E+00 0.0000E+00 0.0000E+00 0.0000E+00 0.0000E+00 0.0000E+00 0.0000E+00 0.0000E+00 0.0000E+00 0.0000E+00 4.7388E-13 9.8083E-13 1.3293E-12 2.1142E-12 3.1670E-12 3.9461E-12 5.6687E-12 7.6575E-12 9.9153E-12 1.2092E-11 1.4549E-11 1.6583E-11 1.9289E-11 2.2323E-11 2.3673E-11 2.6893E-11 2.8335E-11 3.1535E-11 3.3566E-11 3.7382E-11 4.0310E-11 4.5285E-11 4.9884E-11 5.4300E-11 5.8760E-11 6.3674E-11 6.8557E-11 7.3091E-11 7.8794E-11 8.4688E-11 9.0223E-11 9.7208E-11 1.0299E-10 1.0922E-10 1.1489E-10 1.2094E-10 1.2618E-10 1.3224E-10
0.0000E+00 0.0000E+00 0.0000E+00 0.0000E+00 0.0000E+00 0.0000E+00 0.0000E+00 0.0000E+00 0.0000E+00 0.0000E+00 0.0000E+00 0.0000E+00 0.0000E+00 0.0000E+00 0.0000E+00 0.0000E+00 0.0000E+00 0.0000E+00 0.0000E+00 0.0000E+00 4.8230E-13 9.9755E-13 1.3514E-12 2.1478E-12 3.2151E-12 4.0034E-12 5.4589E-12 7.1563E-12 9.8051E-12 1.1973E-11 1.4577E-11 1.6612E-11 1.9468E-11 2.1557E-11 2.3837E-11 2.6240E-11 2.8452E-11 3.1314E-11 3.3624E-11 3.6110E-11 4.0324E-11 4.3758E-11 4.9292E-11 5.3309E-11 5.8537E-11 6.3266E-11 6.8294E-11 7.2519E-11 7.7920E-11 8.3221E-11 8.9434E-11 9.5867E-11 1.0174E-10 1.0802E-10 1.1364E-10 1.1896E-10 1.2489E-10
