Assets/Resources/2015_m01_d06_0800(utc+0800)_l00_csi_1hr_conc.grd
DSAA
         159         159
     -79.000      79.000
     -79.000      79.000
  0.0000E+00  0.1899E-05
[rows 0 to 24 of 159, columns 57 to 113 of 159]
0.0000E+00 0.0000E+00 0.0000E+00 0.0000E+00 0.0000E+00 0.0000E+00 0.0000E+00 0.0000E+00 0.0000E+00 0.0000E+00 0.0000E+00 0.0000E+00 7.8622E-13 1.1075E-12 3.3406E-11 7.1037E-11 1.1398E-10 1.6970E-10 2.4022E-10 3.2699E-10 4.3655E-10 5.7233E-10 7.3913E-10 9.3873E-10 1.1752E-09 1.4495E-09 1.7622E-09 2.1107E-09 2.4917E-09 2.9007E-09 3.3298E-09 3.7686E-09 4.2056E-09 4.6278E-09 5.0220E-09 5.3746E-09 5.6730E-09 5.9059E-09 6.0644E-09 6.1424E-09 6.1374E-09 6.0500E-09 5.8843E-09 5.6474E-09 5.3489E-09 5.0002E-09 4.6150E-09 4.2062E-09 3.7846E-09 3.3609E-09 2.9472E-09 2.5534E-09 2.1874E-09 1.8496E-09 1.5445E-09 1.2755E-09 1.0410E-09
0.0000E+00 0.0000E+00 0.0000E+00 0.0000E+00 0.0000E+00 0.0000E+00 0.0000E+00 0.0000E+00 0.0000E+00 0.0000E+00 0.0000E+00 0.0000E+00 3.5618E-13 1.0653E-12 2.4365E-11 6.9547E-11 1.1953E-10 1.7965E-10 2.5161E-10 3.4413E-10 4.6121E-10 6.0655E-10 7.8482E-10 1.0011E-09 1.2573E-09 1.5546E-09 1.8938E-09 2.2741E-09 2.6918E-09 3.1405E-09 3.6110E-09 4.0928E-09 4.5734E-09 5.0382E-09 5.4720E-09 5.8593E-09 6.1857E-09 6.4393E-09 6.6102E-09 6.6919E-09 6.6819E-09 6.5810E-09 6.3941E-09 6.1290E-09 5.7962E-09 5.4087E-09 4.9809E-09 4.5273E-09 4.0625E-09 3.6013E-09 3.1514E-09 2.7217E-09 2.3215E-09 1.9581E-09 1.6308E-09 1.3410E-09 1.0900E-09
0.0000E+00 0.0000E+00 0.0000E+00 0.0000E+00 0.0000E+00 0.0000E+00 0.0000E+00 0.0000E+00 0.0000E+00 0.0000E+00 0.0000E+00 0.0000E+00 0.0000E+00 1.0121E-12 1.7535E-11 6.7481E-11 1.2050E-10 1.8482E-10 2.6185E-10 3.5883E-10 4.8114E-10 6.3757E-10 8.2783E-10 1.0603E-09 1.3343E-09 1.6551E-09 2.0227E-09 2.4348E-09 2.8888E-09 3.3768E-09 3.8899E-09 4.4162E-09 4.9417E-09 5.4501E-09 5.9241E-09 6.3470E-09 6.7030E-09 6.9784E-09 7.1624E-09 7.2480E-09 7.2321E-09 7.1159E-09 6.9051E-09 6.6087E-09 6.2398E-09 5.8136E-09 5.3446E-09 4.8472E-09 4.3381E-09 3.8322E-09 3.3430E-09 2.8808E-09 2.4501E-09 2.0569E-09 1.7075E-09 1.3995E-09 1.1326E-09
0.0000E+00 0.0000E+00 0.0000E+00 0.0000E+00 0.0000E+00 0.0000E+00 0.0000E+00 0.0000E+00 0.0000E+00 0.0000E+00 0.0000E+00 0.0000E+00 0.0000E+00 9.3929E-13 8.1287E-12 6.2850E-11 1.2237E-10 1.9149E-10 2.7006E-10 3.7137E-10 5.0339E-10 6.6572E-10 8.6943E-10 1.1146E-09 1.4088E-09 1.7526E-09 2.1476E-09 2.5929E-09 3.0823E-09 3.6100E-09 4.1668E-09 4.7393E-09 5.3103E-09 5.8627E-09 6.3779E-09 6.8372E-09 7.2230E-09 7.5202E-09 7.7171E-09 7.8058E-09 7.7833E-09 7.6512E-09 7.4155E-09 7.0869E-09 6.6795E-09 6.2094E-09 5.6942E-09 5.1529E-09 4.6030E-09 4.0564E-09 3.5271E-09 3.0277E-09 2.5673E-09 2.1488E-09 1.7752E-09 1.4500E-09 1.1689E-09
0.0000E+00 0.0000E+00 0.0000E+00 0.0000E+00 0.0000E+00 0.0000E+00 0.0000E+00 0.0000E+00 0.0000E+00 0.0000E+00 0.0000E+00 0.0000E+00 0.0000E+00 4.6595E-13 6.0166E-12 5.4562E-11 1.2415E-10 1.9434E-10 2.7736E-10 3.8159E-10 5.1794E-10 6.9226E-10 9.0376E-10 1.1653E-09 1.4770E-09 1.8431E-09 2.2660E-09 2.7414E-09 3.2681E-09 3.8379E-09 4.4396E-09 5.0580E-09 5.6760E-09 6.2746E-09 6.8326E-09 7.3294E-09 7.7459E-09 8.0653E-09 8.2748E-09 8.3657E-09 8.3349E-09 8.1846E-09 7.9224E-09 7.5611E-09 7.1151E-09 6.6015E-09 6.0399E-09 5.4505E-09 4.8520E-09 4.2634E-09 3.6978E-09 3.1641E-09 2.6715E-09 2.2280E-09 1.8336E-09 1.4898E-09 1.1965E-09
0.0000E+00 0.0000E+00 0.0000E+00 0.0000E+00 0.0000E+00 0.0000E+00 0.0000E+00 0.0000E+00 0.0000E+00 0.0000E+00 0.0000E+00 0.0000E+00 0.0000E+00 0.0000E+00 7.7983E-12 4.6812E-11 1.1835E-10 1.9834E-10 2.8076E-10 3.9261E-10 5.3406E-10 7.1265E-10 9.3578E-10 1.2108E-09 1.5396E-09 1.9286E-09 2.3765E-09 2.8856E-09 3.4492E-09 4.0597E-09 4.7066E-09 5.3726E-09 6.0383E-09 6.6828E-09 7.2838E-09 7.8188E-09 8.2663E-09 8.6082E-09 8.8305E-09 8.9237E-09 8.8843E-09 8.7152E-09 8.4246E-09 8.0258E-09 7.5363E-09 6.9763E-09 6.3693E-09 5.7345E-09 5.0906E-09 4.4570E-09 3.8502E-09 3.2834E-09 2.7633E-09 2.2939E-09 1.8803E-09 1.5204E-09 1.2140E-09
0.0000E+00 0.0000E+00 0.0000E+00 0.0000E+00 0.0000E+00 0.0000E+00 0.0000E+00 0.0000E+00 0.0000E+00 0.0000E+00 0.0000E+00 0.0000E+00 0.0000E+00 0.0000E+00 6.8535E-12 4.2986E-11 1.1162E-10 1.9904E-10 2.8492E-10 3.9622E-10 5.4262E-10 7.2922E-10 9.6199E-10 1.2481E-09 1.5950E-09 2.0038E-09 2.4800E-09 3.0194E-09 3.6197E-09 4.2743E-09 4.9671E-09 5.6809E-09 6.3956E-09 7.0883E-09 7.7336E-09 8.3076E-09 8.7868E-09 9.1513E-09 9.3857E-09 9.4800E-09 9.4309E-09 9.2419E-09 8.9220E-09 8.4863E-09 7.9524E-09 7.3441E-09 6.6852E-09 5.9992E-09 5.3105E-09 4.6363E-09 3.9905E-09 3.3878E-09 2.8386E-09 2.3475E-09 1.9152E-09 1.5416E-09 1.2238E-09
0.0000E+00 0.0000E+00 0.0000E+00 0.0000E+00 0.0000E+00 0.0000E+00 0.0000E+00 0.0000E+00 0.0000E+00 0.0000E+00 0.0000E+00 0.0000E+00 0.0000E+00 0.0000E+00 4.6890E-12 3.6633E-11 1.0509E-10 1.9847E-10 2.8506E-10 4.0154E-10 5.5138E-10 7.4378E-10 9.8312E-10 1.2836E-09 1.6443E-09 2.0752E-09 2.5755E-09 3.1465E-09 3.7867E-09 4.4819E-09 5.2202E-09 5.9826E-09 6.7472E-09 7.4885E-09 8.1805E-09 8.7953E-09 9.3077E-09 9.6957E-09 9.9423E-09 1.0037E-08 9.9764E-09 9.7645E-09 9.4117E-09 8.9348E-09 8.3559E-09 7.7002E-09 6.9911E-09 6.2539E-09 5.5140E-09 4.7939E-09 4.1120E-09 3.4779E-09 2.9001E-09 2.3862E-09 1.9372E-09 1.5519E-09 1.2255E-09
0.0000E+00 0.0000E+00 0.0000E+00 0.0000E+00 0.0000E+00 0.0000E+00 0.0000E+00 0.0000E+00 0.0000E+00 0.0000E+00 0.0000E+00 0.0000E+00 0.0000E+00 0.0000E+00 4.6772E-12 3.1902E-11 9.5649E-11 1.9726E-10 2.8567E-10 4.0116E-10 5.5572E-10 7.5306E-10 1.0012E-09 1.3118E-09 1.6886E-09 2.1388E-09 2.6647E-09 3.2679E-09 3.9437E-09 4.6822E-09 5.4675E-09 6.2804E-09 7.0970E-09 7.8897E-09 8.6288E-09 9.2855E-09 9.8314E-09 1.0243E-08 1.0502E-08 1.0597E-08 1.0524E-08 1.0288E-08 9.9002E-09 9.3797E-09 8.7504E-09 8.0402E-09 7.2776E-09 6.4921E-09 5.7056E-09 4.9403E-09 4.2168E-09 3.5504E-09 2.9484E-09 2.4134E-09 1.9484E-09 1.5514E-09 1.2195E-09
0.0000E+00 0.0000E+00 0.0000E+00 0.0000E+00 0.0000E+00 0.0000E+00 0.0000E+00 0.0000E+00 0.0000E+00 0.0000E+00 0.0000E+00 0.0000E+00 0.0000E+00 0.0000E+00 2.7945E-12 2.8665E-11 8.6431E-11 1.8962E-10 2.8284E-10 4.0293E-10 5.5616E-10 7.5920E-10 1.0145E-09 1.3353E-09 1.7267E-09 2.1957E-09 2.7453E-09 3.3819E-09 4.0966E-09 4.8772E-09 5.7108E-09 6.5747E-09 7.4432E-09 8.2883E-09 9.0769E-09 9.7770E-09 1.0359E-08 1.0795E-08 1.1066E-08 1.1160E-08 1.1072E-08 1.0809E-08 1.0384E-08 9.8198E-09 9.1404E-09 8.3748E-09 7.5548E-09 6.7116E-09 5.8750E-09 5.0684E-09 4.3068E-09 3.6062E-09 2.9777E-09 2.4254E-09 1.9475E-09 1.5409E-09 1.2023E-09
0.0000E+00 0.0000E+00 0.0000E+00 0.0000E+00 0.0000E+00 0.0000E+00 0.0000E+00 0.0000E+00 0.0000E+00 0.0000E+00 0.0000E+00 0.0000E+00 0.0000E+00 0.0000E+00 1.3796E-12 2.4613E-11 7.9556E-11 1.8158E-10 2.7909E-10 3.9686E-10 5.5588E-10 7.6045E-10 1.0231E-09 1.3543E-09 1.7584E-09 2.2441E-09 2.8218E-09 3.4906E-09 4.2422E-09 5.0674E-09 5.9493E-09 6.8667E-09 7.7919E-09 8.6919E-09 9.5329E-09 1.0279E-08 1.0896E-08 1.1357E-08 1.1640E-08 1.1731E-08 1.1627E-08 1.1334E-08 1.0868E-08 1.0253E-08 9.5171E-09 8.6952E-09 7.8209E-09 6.9236E-09 6.0339E-09 5.1790E-09 4.3813E-09 3.6511E-09 2.9972E-09 2.4251E-09 1.9355E-09 1.5230E-09 1.1791E-09
0.0000E+00 0.0000E+00 0.0000E+00 0.0000E+00 0.0000E+00 0.0000E+00 0.0000E+00 0.0000E+00 0.0000E+00 0.0000E+00 0.0000E+00 0.0000E+00 0.0000E+00 0.0000E+00 1.0546E-12 2.1806E-11 7.0577E-11 1.7007E-10 2.6859E-10 3.9198E-10 5.4946E-10 7.6038E-10 1.0260E-09 1.3666E-09 1.7817E-09 2.2864E-09 2.8924E-09 3.5926E-09 4.3819E-09 5.2518E-09 6.1861E-09 7.1591E-09 8.1425E-09 9.1005E-09 9.9942E-09 1.0788E-08 1.1443E-08 1.1929E-08 1.2224E-08 1.2311E-08 1.2189E-08 1.1865E-08 1.1357E-08 1.0689E-08 9.8937E-09 9.0082E-09 8.0701E-09 7.1168E-09 6.1780E-09 5.2778E-09 4.4398E-09 3.6792E-09 3.0043E-09 2.4159E-09 1.9140E-09 1.4963E-09 1.1514E-09
0.0000E+00 0.0000E+00 0.0000E+00 0.0000E+00 0.0000E+00 0.0000E+00 0.0000E+00 0.0000E+00 0.0000E+00 0.0000E+00 0.0000E+00 0.0000E+00 0.0000E+00 0.0000E+00 3.9618E-13 1.8355E-11 6.1992E-11 1.5736E-10 2.5598E-10 3.7963E-10 5.4266E-10 7.5355E-10 1.0274E-09 1.3733E-09 1.7984E-09 2.3274E-09 2.9570E-09 3.6887E-09 4.5190E-09 5.4371E-09 6.4243E-09 7.4553E-09 8.4987E-09 9.5175E-09 1.0470E-08 1.1312E-08 1.2007E-08 1.2519E-08 1.2823E-08 1.2905E-08 1.2761E-08 1.2400E-08 1.1842E-08 1.1117E-08 1.0262E-08 9.3142E-09 8.3127E-09 7.2972E-09 6.3036E-09 5.3615E-09 4.4869E-09 3.6951E-09 2.9975E-09 2.3963E-09 1.8856E-09 1.4613E-09 1.1183E-09
0.0000E+00 0.0000E+00 0.0000E+00 0.0000E+00 0.0000E+00 0.0000E+00 0.0000E+00 0.0000E+00 0.0000E+00 0.0000E+00 0.0000E+00 0.0000E+00 0.0000E+00 0.0000E+00 1.9423E-13 1.3078E-11 5.3274E-11 1.4281E-10 2.4088E-10 3.6764E-10 5.2986E-10 7.4374E-10 1.0184E-09 1.3688E-09 1.8095E-09 2.3575E-09 3.0130E-09 3.7784E-09 4.6499E-09 5.6155E-09 6.6594E-09 7.7540E-09 8.8643E-09 9.9479E-09 1.0960E-08 1.1856E-08 1.2591E-08 1.3130E-08 1.3444E-08 1.3517E-08 1.3348E-08 1.2946E-08 1.2335E-08 1.1547E-08 1.0621E-08 9.6045E-09 8.5397E-09 7.4653E-09 6.4163E-09 5.4245E-09 4.5156E-09 3.6983E-09 2.9797E-09 2.3643E-09 1.8490E-09 1.4225E-09 1.0777E-09
0.0000E+00 0.0000E+00 0.0000E+00 0.0000E+00 0.0000E+00 0.0000E+00 0.0000E+00 0.0000E+00 0.0000E+00 0.0000E+00 0.0000E+00 0.0000E+00 0.0000E+00 0.0000E+00 0.0000E+00 9.0354E-12 4.3143E-11 1.2634E-10 2.2339E-10 3.4669E-10 5.1268E-10 7.2879E-10 1.0046E-09 1.3603E-09 1.8171E-09 2.3846E-09 3.0662E-09 3.8650E-09 4.7786E-09 5.7997E-09 6.9040E-09 8.0632E-09 9.2407E-09 1.0393E-08 1.1468E-08 1.2417E-08 1.3194E-08 1.3757E-08 1.4077E-08 1.4139E-08 1.3940E-08 1.3494E-08 1.2826E-08 1.1973E-08 1.0978E-08 9.8864E-09 8.7488E-09 7.6121E-09 6.5121E-09 5.4760E-09 4.5279E-09 3.6862E-09 2.9523E-09 2.3249E-09 1.8028E-09 1.3784E-09 1.0346E-09
0.0000E+00 0.0000E+00 0.0000E+00 0.0000E+00 0.0000E+00 0.0000E+00 0.0000E+00 0.0000E+00 0.0000E+00 0.0000E+00 0.0000E+00 0.0000E+00 0.0000E+00 0.0000E+00 0.0000E+00 5.0474E-12 3.6099E-11 1.0980E-10 2.0008E-10 3.2919E-10 4.9011E-10 7.0582E-10 9.8386E-10 1.3469E-09 1.8194E-09 2.4044E-09 3.1099E-09 3.9445E-09 4.9048E-09 5.9775E-09 7.1447E-09 8.3751E-09 9.6265E-09 1.0850E-08 1.1994E-08 1.3000E-08 1.3819E-08 1.4407E-08 1.4733E-08 1.4780E-08 1.4546E-08 1.4047E-08 1.3313E-08 1.2385E-08 1.1315E-08 1.0151E-08 8.9435E-09 7.7398E-09 6.5833E-09 5.5065E-09 4.5260E-09 3.6570E-09 2.9088E-09 2.2758E-09 1.7494E-09 1.3262E-09 9.8839E-10
0.0000E+00 0.0000E+00 0.0000E+00 0.0000E+00 0.0000E+00 0.0000E+00 0.0000E+00 0.0000E+00 0.0000E+00 0.0000E+00 0.0000E+00 0.0000E+00 0.0000E+00 0.0000E+00 0.0000E+00 2.1936E-12 2.8169E-11 9.2725E-11 1.7391E-10 3.0508E-10 4.6661E-10 6.7862E-10 9.5598E-10 1.3331E-09 1.8174E-09 2.4188E-09 3.1538E-09 4.0249E-09 5.0305E-09 6.1627E-09 7.3963E-09 8.6994E-09 1.0027E-08 1.1325E-08 1.2535E-08 1.3598E-08 1.4457E-08 1.5066E-08 1.5393E-08 1.5418E-08 1.5145E-08 1.4591E-08 1.3788E-08 1.2783E-08 1.1629E-08 1.0386E-08 9.1086E-09 7.8432E-09 6.6322E-09 5.5105E-09 4.5022E-09 3.6145E-09 2.8519E-09 2.2151E-09 1.6908E-09 1.2686E-09 9.3845E-10
0.0000E+00 0.0000E+00 0.0000E+00 0.0000E+00 0.0000E+00 0.0000E+00 0.0000E+00 0.0000E+00 0.0000E+00 0.0000E+00 0.0000E+00 0.0000E+00 0.0000E+00 0.0000E+00 0.0000E+00 6.4048E-13 1.9105E-11 7.2103E-11 1.4582E-10 2.7868E-10 4.3789E-10 6.4705E-10 9.2751E-10 1.3157E-09 1.8099E-09 2.4313E-09 3.1914E-09 4.0990E-09 5.1548E-09 6.3455E-09 7.6483E-09 9.0258E-09 1.0431E-08 1.1804E-08 1.3083E-08 1.4200E-08 1.5099E-08 1.5727E-08 1.6048E-08 1.6048E-08 1.5727E-08 1.5108E-08 1.4232E-08 1.3149E-08 1.1913E-08 1.0588E-08 9.2355E-09 7.9103E-09 6.6521E-09 5.4921E-09 4.4547E-09 3.5532E-09 2.7834E-09 2.1433E-09 1.6241E-09 1.2071E-09 8.8271E-10
0.0000E+00 0.0000E+00 0.0000E+00 0.0000E+00 0.0000E+00 0.0000E+00 0.0000E+00 0.0000E+00 0.0000E+00 0.0000E+00 0.0000E+00 0.0000E+00 0.0000E+00 0.0000E+00 0.0000E+00 0.0000E+00 1.1841E-11 5.5319E-11 1.2253E-10 2.5196E-10 4.1196E-10 6.1297E-10 9.0127E-10 1.2939E-09 1.8029E-09 2.4432E-09 3.2318E-09 4.1800E-09 5.2847E-09 6.5354E-09 7.9071E-09 9.3601E-09 1.0842E-08 1.2290E-08 1.3634E-08 1.4804E-08 1.5735E-08 1.6375E-08 1.6686E-08 1.6652E-08 1.6280E-08 1.5592E-08 1.4633E-08 1.3461E-08 1.2145E-08 1.0745E-08 9.3229E-09 7.9367E-09 6.6334E-09 5.4435E-09 4.3845E-09 3.4696E-09 2.6998E-09 2.0619E-09 1.5481E-09 1.1414E-09 8.2298E-10
0.0000E+00 0.0000E+00 0.0000E+00 0.0000E+00 0.0000E+00 0.0000E+00 0.0000E+00 0.0000E+00 0.0000E+00 0.0000E+00 0.0000E+00 0.0000E+00 0.0000E+00 0.0000E+00 0.0000E+00 0.0000E+00 5.6040E-12 4.1861E-11 9.9042E-11 2.1841E-10 3.7561E-10 5.8525E-10 8.7828E-10 1.2761E-09 1.7941E-09 2.4538E-09 3.2733E-09 4.2599E-09 5.4162E-09 6.7279E-09 8.1687E-09 9.6972E-09 1.1255E-08 1.2774E-08 1.4179E-08 1.5394E-08 1.6351E-08 1.6992E-08 1.7283E-08 1.7207E-08 1.6772E-08 1.6013E-08 1.4975E-08 1.3718E-08 1.2314E-08 1.0839E-08 9.3556E-09 7.9180E-09 6.5743E-09 5.3588E-09 4.2888E-09 3.3683E-09 2.5998E-09 1.9716E-09 1.4657E-09 1.0698E-09 7.5938E-10
0.0000E+00 0.0000E+00 0.0000E+00 0.0000E+00 0.0000E+00 0.0000E+00 0.0000E+00 0.0000E+00 0.0000E+00 0.0000E+00 0.0000E+00 0.0000E+00 0.0000E+00 0.0000E+00 0.0000E+00 0.0000E+00 1.7834E-12 2.7964E-11 7.5906E-11 1.8470E-10 3.4438E-10 5.5825E-10 8.5635E-10 1.2627E-09 1.7919E-09 2.4743E-09 3.3237E-09 4.3538E-09 5.5609E-09 6.9338E-09 8.4432E-09 1.0043E-08 1.1672E-08 1.3255E-08 1.4712E-08 1.5962E-08 1.6934E-08 1.7570E-08 1.7831E-08 1.7704E-08 1.7202E-08 1.6359E-08 1.5233E-08 1.3895E-08 1.2414E-08 1.0865E-08 9.3239E-09 7.8467E-09 6.4746E-09 5.2410E-09 4.1648E-09 3.2493E-09 2.4869E-09 1.8702E-09 1.3789E-09 9.9437E-10 6.9568E-10
0.0000E+00 0.0000E+00 0.0000E+00 0.0000E+00 0.0000E+00 0.0000E+00 0.0000E+00 0.0000E+00 0.0000E+00 0.0000E+00 0.0000E+00 0.0000E+00 0.0000E+00 0.0000E+00 0.0000E+00 0.0000E+00 2.0371E-13 1.7129E-11 5.3292E-11 1.5132E-10 3.1728E-10 5.3986E-10 8.4513E-10 1.2561E-09 1.8018E-09 2.5042E-09 3.3863E-09 4.4601E-09 5.7206E-09 7.1553E-09 8.7331E-09 1.0402E-08 1.2096E-08 1.3736E-08 1.5234E-08 1.6507E-08 1.7479E-08 1.8091E-08 1.8308E-08 1.8120E-08 1.7544E-08 1.6619E-08 1.5406E-08 1.3980E-08 1.2428E-08 1.0820E-08 9.2279E-09 7.7166E-09 6.3283E-09 5.0884E-09 4.0139E-09 3.1078E-09 2.3624E-09 1.7608E-09 1.2870E-09 9.1642E-10 6.3025E-10
0.0000E+00 0.0000E+00 0.0000E+00 0.0000E+00 0.0000E+00 0.0000E+00 0.0000E+00 0.0000E+00 0.0000E+00 0.0000E+00 0.0000E+00 0.0000E+00 0.0000E+00 0.0000E+00 0.0000E+00 0.0000E+00 0.0000E+00 8.4680E-12 3.2506E-11 1.1443E-10 2.9769E-10 5.2537E-10 8.4150E-10 1.2688E-09 1.8319E-09 2.5621E-09 3.4819E-09 4.5965E-09 5.9107E-09 7.4066E-09 9.0484E-09 1.0780E-08 1.2529E-08 1.4212E-08 1.5737E-08 1.7015E-08 1.7974E-08 1.8550E-08 1.8708E-08 1.8446E-08 1.7784E-08 1.6773E-08 1.5477E-08 1.3974E-08 1.2351E-08 1.0694E-08 9.0689E-09 7.5343E-09 6.1381E-09 4.9042E-09 3.8423E-09 2.9531E-09 2.2275E-09 1.6466E-09 1.1921E-09 8.3604E-10 5.6854E-10
0.0000E+00 0.0000E+00 0.0000E+00 0.0000E+00 0.0000E+00 0.0000E+00 0.0000E+00 0.0000E+00 0.0000E+00 0.0000E+00 0.0000E+00 0.0000E+00 0.0000E+00 0.0000E+00 0.0000E+00 0.0000E+00 0.0000E+00 3.1947E-12 2.0940E-11 9.5362E-11 2.8688E-10 5.2906E-10 8.5083E-10 1.2954E-09 1.8843E-09 2.6471E-09 3.6074E-09 4.7707E-09 6.1394E-09 7.6960E-09 9.3977E-09 1.1185E-08 1.2979E-08 1.4690E-08 1.6223E-08 1.7490E-08 1.8409E-08 1.8928E-08 1.9017E-08 1.8670E-08 1.7918E-08 1.6814E-08 1.5434E-08 1.3863E-08 1.2184E-08 1.0484E-08 8.8376E-09 7.2982E-09 5.9056E-09 4.6873E-09 3.6483E-09 2.7848E-09 2.0845E-09 1.5305E-09 1.0986E-09 7.6074E-10 5.1107E-10
0.0000E+00 0.0000E+00 0.0000E+00 0.0000E+00 0.0000E+00 0.0000E+00 0.0000E+00 0.0000E+00 0.0000E+00 0.0000E+00 0.0000E+00 0.0000E+00 0.0000E+00 0.0000E+00 0.0000E+00 0.0000E+00 0.0000E+00 1.2222E-12 1.7341E-11 8.1469E-11 2.7345E-10 5.3872E-10 8.8093E-10 1.3506E-09 1.9751E-09 2.7828E-09 3.7843E-09 5.0009E-09 6.4286E-09 8.0421E-09 9.7970E-09 1.1626E-08 1.3448E-08 1.5167E-08 1.6688E-08 1.7920E-08 1.8782E-08 1.9221E-08 1.9217E-08 1.8775E-08 1.7928E-08 1.6735E-08 1.5275E-08 1.3640E-08 1.1920E-08 1.0195E-08 8.5380E-09 7.0067E-09 5.6339E-09 4.4410E-09 3.4348E-09 2.6053E-09 1.9377E-09 1.4125E-09 1.0036E-09 6.8681E-10 4.5755E-10
