Assets/Resources/2015_m01_d10_0800(utc+0800)_l00_csi_1hr_conc.grd
DSAA
         159         159
     -79.000      79.000
     -79.000      79.000
  0.1717E-08  0.1646E-04
[rows 75 to 99 of 159, columns 0 to 56 of 159]
4.5297E-09 4.6723E-09 4.8194E-09 4.9764E-09 5.1390E-09 5.3031E-09 5.4738E-09 5.6498E-09 5.8361E-09 6.0296E-09 6.2247E-09 6.4262E-09 6.6390E-09 6.8585E-09 7.0805E-09 7.3144E-09 7.5554E-09 7.8036E-09 8.0591E-09 8.3216E-09 8.5938E-09 8.8703E-09 9.1564E-09 9.4491E-09 9.7459E-09 1.0050E-08 1.0360E-08 1.0670E-08 1.0995E-08 1.1315E-08 1.1660E-08 1.2006E-08 1.2333E-08 1.2662E-08 1.2991E-08 1.3357E-08 1.3761E-08 1.4128E-08 1.4485E-08 1.4928E-08 1.5311E-08 1.5706E-08 1.6104E-08 1.6510E-08 1.6923E-08 1.7367E-08 1.7806E-08 1.8274E-08 1.8736E-08 1.9223E-08 1.9721E-08 2.0204E-08 2.0714E-08 2.1216E-08 2.1745E-08 2.2272E-08 2.2823E-08
4.5310E-09 4.6731E-09 4.8210E-09 4.9776E-09 5.1398E-09 5.3047E-09 5.4748E-09 5.6508E-09 5.8373E-09 6.0298E-09 6.2250E-09 6.4263E-09 6.6361E-09 6.8576E-09 7.0793E-09 7.3146E-09 7.5526E-09 7.8020E-09 8.0539E-09 8.3174E-09 8.5830E-09 8.8629E-09 9.1417E-09 9.4322E-09 9.7263E-09 1.0026E-08 1.0336E-08 1.0645E-08 1.0961E-08 1.1275E-08 1.1626E-08 1.1957E-08 1.2279E-08 1.2601E-08 1.2924E-08 1.3304E-08 1.3687E-08 1.4037E-08 1.4404E-08 1.4815E-08 1.5199E-08 1.5584E-08 1.5971E-08 1.6363E-08 1.6765E-08 1.7195E-08 1.7632E-08 1.8084E-08 1.8539E-08 1.9008E-08 1.9498E-08 1.9968E-08 2.0459E-08 2.0953E-08 2.1463E-08 2.1981E-08 2.2514E-08
4.5309E-09 4.6737E-09 4.8211E-09 4.9757E-09 5.1382E-09 5.3043E-09 5.4745E-09 5.6505E-09 5.8340E-09 6.0266E-09 6.2234E-09 6.4242E-09 6.6338E-09 6.8546E-09 7.0753E-09 7.3122E-09 7.5466E-09 7.7973E-09 8.0454E-09 8.3099E-09 8.5737E-09 8.8492E-09 9.1284E-09 9.4141E-09 9.7082E-09 1.0002E-08 1.0310E-08 1.0614E-08 1.0921E-08 1.1234E-08 1.1588E-08 1.1903E-08 1.2219E-08 1.2536E-08 1.2852E-08 1.3243E-08 1.3600E-08 1.3943E-08 1.4313E-08 1.4707E-08 1.5068E-08 1.5456E-08 1.5834E-08 1.6215E-08 1.6606E-08 1.7025E-08 1.7437E-08 1.7890E-08 1.8329E-08 1.8789E-08 1.9266E-08 1.9728E-08 2.0201E-08 2.0685E-08 2.1178E-08 2.1688E-08 2.2201E-08
4.5286E-09 4.6726E-09 4.8201E-09 4.9729E-09 5.1346E-09 5.3028E-09 5.4728E-09 5.6481E-09 5.8298E-09 6.0215E-09 6.2199E-09 6.4204E-09 6.6311E-09 6.8490E-09 7.0710E-09 7.3046E-09 7.5400E-09 7.7872E-09 8.0360E-09 8.2965E-09 8.5608E-09 8.8318E-09 9.1114E-09 9.3927E-09 9.6860E-09 9.9759E-09 1.0276E-08 1.0578E-08 1.0877E-08 1.1199E-08 1.1535E-08 1.1844E-08 1.2155E-08 1.2464E-08 1.2784E-08 1.3164E-08 1.3515E-08 1.3844E-08 1.4222E-08 1.4584E-08 1.4946E-08 1.5308E-08 1.5691E-08 1.6059E-08 1.6437E-08 1.6841E-08 1.7254E-08 1.7685E-08 1.8118E-08 1.8570E-08 1.9031E-08 1.9485E-08 1.9941E-08 2.0416E-08 2.0892E-08 2.1389E-08 2.1896E-08
4.5248E-09 4.6707E-09 4.8181E-09 4.9703E-09 5.1304E-09 5.2978E-09 5.4691E-09 5.6447E-09 5.8256E-09 6.0187E-09 6.2145E-09 6.4139E-09 6.6262E-09 6.8408E-09 7.0641E-09 7.2941E-09 7.5306E-09 7.7739E-09 8.0235E-09 8.2796E-09 8.5445E-09 8.8112E-09 9.0919E-09 9.3702E-09 9.6566E-09 9.9450E-09 1.0237E-08 1.0538E-08 1.0832E-08 1.1156E-08 1.1478E-08 1.1782E-08 1.2084E-08 1.2386E-08 1.2713E-08 1.3074E-08 1.3418E-08 1.3741E-08 1.4126E-08 1.4467E-08 1.4811E-08 1.5172E-08 1.5528E-08 1.5902E-08 1.6274E-08 1.6648E-08 1.7052E-08 1.7463E-08 1.7905E-08 1.8349E-08 1.8794E-08 1.9240E-08 1.9680E-08 2.0144E-08 2.0612E-08 2.1094E-08 2.1597E-08
4.5205E-09 4.6676E-09 4.8145E-09 4.9671E-09 5.1245E-09 5.2932E-09 5.4645E-09 5.6392E-09 5.8194E-09 6.0140E-09 6.2067E-09 6.4054E-09 6.6187E-09 6.8303E-09 7.0544E-09 7.2811E-09 7.5182E-09 7.7577E-09 8.0077E-09 8.2597E-09 8.5256E-09 8.7914E-09 9.0669E-09 9.3430E-09 9.6226E-09 9.9099E-09 1.0194E-08 1.0491E-08 1.0783E-08 1.1109E-08 1.1416E-08 1.1712E-08 1.2008E-08 1.2303E-08 1.2643E-08 1.2993E-08 1.3318E-08 1.3634E-08 1.4012E-08 1.4343E-08 1.4681E-08 1.5020E-08 1.5379E-08 1.5739E-08 1.6099E-08 1.6467E-08 1.6860E-08 1.7262E-08 1.7660E-08 1.8121E-08 1.8563E-08 1.8999E-08 1.9433E-08 1.9884E-08 2.0348E-08 2.0819E-08 2.1322E-08
4.5149E-09 4.6615E-09 4.8102E-09 4.9620E-09 5.1190E-09 5.2893E-09 5.4578E-09 5.6319E-09 5.8133E-09 6.0051E-09 6.1971E-09 6.3945E-09 6.6071E-09 6.8173E-09 7.0424E-09 7.2653E-09 7.5032E-09 7.7385E-09 7.9890E-09 8.2404E-09 8.5032E-09 8.7685E-09 9.0374E-09 9.3118E-09 9.5847E-09 9.8712E-09 1.0151E-08 1.0440E-08 1.0731E-08 1.1058E-08 1.1348E-08 1.1638E-08 1.1928E-08 1.2217E-08 1.2569E-08 1.2901E-08 1.3214E-08 1.3536E-08 1.3895E-08 1.4218E-08 1.4542E-08 1.4878E-08 1.5210E-08 1.5558E-08 1.5929E-08 1.6269E-08 1.6649E-08 1.7036E-08 1.7445E-08 1.7906E-08 1.8342E-08 1.8781E-08 1.9213E-08 1.9661E-08 2.0128E-08 2.0604E-08 2.1102E-08
4.5098E-09 4.6579E-09 4.8042E-09 4.9556E-09 5.1138E-09 5.2815E-09 5.4495E-09 5.6226E-09 5.8052E-09 5.9943E-09 6.1852E-09 6.3838E-09 6.5930E-09 6.8019E-09 7.0257E-09 7.2469E-09 7.4831E-09 7.7166E-09 7.9675E-09 8.2202E-09 8.4780E-09 8.7416E-09 9.0043E-09 9.2746E-09 9.5435E-09 9.8256E-09 1.0104E-08 1.0385E-08 1.0674E-08 1.0992E-08 1.1276E-08 1.1560E-08 1.1844E-08 1.2127E-08 1.2480E-08 1.2805E-08 1.3106E-08 1.3435E-08 1.3774E-08 1.4089E-08 1.4405E-08 1.4726E-08 1.5055E-08 1.5376E-08 1.5731E-08 1.6087E-08 1.6453E-08 1.6833E-08 1.7190E-08 1.7643E-08 1.8124E-08 1.8558E-08 1.9021E-08 1.9464E-08 1.9953E-08 2.0453E-08 2.0953E-08
4.5052E-09 4.6509E-09 4.7969E-09 4.9476E-09 5.1069E-09 5.2723E-09 5.4393E-09 5.6117E-09 5.7953E-09 5.9816E-09 6.1713E-09 6.3708E-09 6.5767E-09 6.7863E-09 7.0065E-09 7.2282E-09 7.4607E-09 7.6975E-09 7.9451E-09 8.1973E-09 8.4492E-09 8.7113E-09 8.9678E-09 9.2366E-09 9.5019E-09 9.7767E-09 1.0054E-08 1.0327E-08 1.0618E-08 1.0923E-08 1.1201E-08 1.1479E-08 1.1757E-08 1.2033E-08 1.2387E-08 1.2701E-08 1.2995E-08 1.3331E-08 1.3650E-08 1.3957E-08 1.4266E-08 1.4579E-08 1.4889E-08 1.5210E-08 1.5555E-08 1.5882E-08 1.6234E-08 1.6606E-08 1.6988E-08 1.7442E-08 1.7900E-08 1.8370E-08 1.8810E-08 1.9296E-08 1.9780E-08 2.0323E-08 2.0840E-08
4.4992E-09 4.6430E-09 4.7881E-09 4.9381E-09 5.0986E-09 5.2613E-09 5.4276E-09 5.5989E-09 5.7837E-09 5.9669E-09 6.1556E-09 6.3557E-09 6.5584E-09 6.7684E-09 6.9849E-09 7.2076E-09 7.4398E-09 7.6795E-09 7.9201E-09 8.1711E-09 8.4171E-09 8.6756E-09 8.9305E-09 9.1930E-09 9.4572E-09 9.7247E-09 9.9995E-09 1.0266E-08 1.0560E-08 1.0849E-08 1.1122E-08 1.1395E-08 1.1666E-08 1.1949E-08 1.2286E-08 1.2593E-08 1.2881E-08 1.3223E-08 1.3523E-08 1.3823E-08 1.4124E-08 1.4425E-08 1.4730E-08 1.5032E-08 1.5359E-08 1.5699E-08 1.6009E-08 1.6398E-08 1.6760E-08 1.7178E-08 1.7659E-08 1.8170E-08 1.8632E-08 1.9088E-08 1.9590E-08 2.0131E-08 2.0726E-08
4.4921E-09 4.6335E-09 4.7779E-09 4.9272E-09 5.0886E-09 5.2490E-09 5.4142E-09 5.5847E-09 5.7684E-09 5.9505E-09 6.1377E-09 6.3388E-09 6.5377E-09 6.7484E-09 6.9626E-09 7.1891E-09 7.4175E-09 7.6569E-09 7.8921E-09 8.1397E-09 8.3821E-09 8.6369E-09 8.8901E-09 9.1464E-09 9.4095E-09 9.6686E-09 9.9381E-09 1.0203E-08 1.0497E-08 1.0773E-08 1.1040E-08 1.1307E-08 1.1573E-08 1.1862E-08 1.2182E-08 1.2483E-08 1.2765E-08 1.3101E-08 1.3393E-08 1.3686E-08 1.3979E-08 1.4273E-08 1.4566E-08 1.4869E-08 1.5170E-08 1.5491E-08 1.5813E-08 1.6130E-08 1.6561E-08 1.6997E-08 1.7458E-08 1.7920E-08 1.8431E-08 1.8919E-08 1.9387E-08 1.9903E-08 2.0501E-08
4.4836E-09 4.6227E-09 4.7665E-09 4.9148E-09 5.0757E-09 5.2350E-09 5.3994E-09 5.5687E-09 5.7515E-09 5.9322E-09 6.1182E-09 6.3177E-09 6.5152E-09 6.7285E-09 6.9419E-09 7.1691E-09 7.3931E-09 7.6294E-09 7.8613E-09 8.1055E-09 8.3487E-09 8.5953E-09 8.8469E-09 9.0968E-09 9.3579E-09 9.6120E-09 9.8740E-09 1.0137E-08 1.0432E-08 1.0694E-08 1.0956E-08 1.1217E-08 1.1478E-08 1.1789E-08 1.2086E-08 1.2371E-08 1.2646E-08 1.2975E-08 1.3261E-08 1.3546E-08 1.3832E-08 1.4119E-08 1.4404E-08 1.4698E-08 1.4992E-08 1.5304E-08 1.5597E-08 1.5928E-08 1.6238E-08 1.6710E-08 1.7200E-08 1.7696E-08 1.8193E-08 1.8694E-08 1.9174E-08 1.9666E-08 2.0195E-08
4.4723E-09 4.6107E-09 4.7536E-09 4.9030E-09 5.0613E-09 5.2196E-09 5.3829E-09 5.5530E-09 5.7327E-09 5.9122E-09 6.0986E-09 6.2949E-09 6.4940E-09 6.7082E-09 6.9202E-09 7.1451E-09 7.3660E-09 7.5993E-09 7.8299E-09 8.0686E-09 8.3103E-09 8.5511E-09 8.8008E-09 9.0437E-09 9.3004E-09 9.5528E-09 9.8069E-09 1.0068E-08 1.0356E-08 1.0612E-08 1.0869E-08 1.1125E-08 1.1380E-08 1.1691E-08 1.1982E-08 1.2256E-08 1.2525E-08 1.2848E-08 1.3126E-08 1.3405E-08 1.3684E-08 1.3963E-08 1.4241E-08 1.4531E-08 1.4809E-08 1.5105E-08 1.5407E-08 1.5692E-08 1.6037E-08 1.6425E-08 1.6949E-08 1.7409E-08 1.7886E-08 1.8417E-08 1.8929E-08 1.9406E-08 1.9917E-08
4.4598E-09 4.5975E-09 4.7395E-09 4.8898E-09 5.0455E-09 5.2028E-09 5.3650E-09 5.5376E-09 5.7124E-09 5.8905E-09 6.0776E-09 6.2745E-09 6.4738E-09 6.6868E-09 6.8965E-09 7.1186E-09 7.3385E-09 7.5666E-09 7.7960E-09 8.0292E-09 8.2694E-09 8.5042E-09 8.7494E-09 8.9909E-09 9.2403E-09 9.4908E-09 9.7376E-09 9.9936E-09 1.0277E-08 1.0528E-08 1.0779E-08 1.1030E-08 1.1280E-08 1.1591E-08 1.1876E-08 1.2139E-08 1.2402E-08 1.2719E-08 1.2990E-08 1.3263E-08 1.3534E-08 1.3806E-08 1.4077E-08 1.4359E-08 1.4630E-08 1.4913E-08 1.5201E-08 1.5488E-08 1.5775E-08 1.6132E-08 1.6538E-08 1.7151E-08 1.7606E-08 1.8106E-08 1.8589E-08 1.9117E-08 1.9609E-08
4.4463E-09 4.5830E-09 4.7243E-09 4.8752E-09 5.0284E-09 5.1846E-09 5.3457E-09 5.5187E-09 5.6905E-09 5.8678E-09 6.0598E-09 6.2546E-09 6.4546E-09 6.6634E-09 6.8724E-09 7.0897E-09 7.3086E-09 7.5315E-09 7.7597E-09 7.9873E-09 8.2238E-09 8.4544E-09 8.6956E-09 8.9355E-09 9.1776E-09 9.4266E-09 9.6657E-09 9.9256E-09 1.0196E-08 1.0442E-08 1.0688E-08 1.0933E-08 1.1177E-08 1.1489E-08 1.1763E-08 1.2020E-08 1.2300E-08 1.2588E-08 1.2853E-08 1.3118E-08 1.3384E-08 1.3649E-08 1.3913E-08 1.4187E-08 1.4450E-08 1.4726E-08 1.5006E-08 1.5269E-08 1.5567E-08 1.5844E-08 1.6298E-08 1.6707E-08 1.7272E-08 1.7763E-08 1.8245E-08 1.8725E-08 1.9229E-08
4.4315E-09 4.5676E-09 4.7078E-09 4.8596E-09 5.0099E-09 5.1651E-09 5.3248E-09 5.4968E-09 5.6686E-09 5.8487E-09 6.0420E-09 6.2338E-09 6.4354E-09 6.6380E-09 6.8461E-09 7.0585E-09 7.2764E-09 7.4942E-09 7.7211E-09 7.9431E-09 8.1758E-09 8.4045E-09 8.6394E-09 8.8779E-09 9.1128E-09 9.3573E-09 9.5946E-09 9.8554E-09 1.0113E-08 1.0354E-08 1.0595E-08 1.0835E-08 1.1074E-08 1.1380E-08 1.1649E-08 1.1900E-08 1.2197E-08 1.2455E-08 1.2715E-08 1.2974E-08 1.3232E-08 1.3490E-08 1.3747E-08 1.4015E-08 1.4276E-08 1.4539E-08 1.4807E-08 1.5066E-08 1.5335E-08 1.5642E-08 1.5935E-08 1.6428E-08 1.6856E-08 1.7403E-08 1.7875E-08 1.8348E-08 1.8797E-08
4.4159E-09 4.5509E-09 4.6903E-09 4.8410E-09 4.9903E-09 5.1442E-09 5.3027E-09 5.4756E-09 5.6498E-09 5.8293E-09 6.0216E-09 6.2112E-09 6.4123E-09 6.6103E-09 6.8176E-09 7.0253E-09 7.2421E-09 7.4547E-09 7.6784E-09 7.8967E-09 8.1256E-09 8.3522E-09 8.5810E-09 8.8180E-09 9.0459E-09 9.2861E-09 9.5215E-09 9.7831E-09 1.0028E-08 1.0264E-08 1.0500E-08 1.0734E-08 1.0988E-08 1.1269E-08 1.1533E-08 1.1778E-08 1.2069E-08 1.2322E-08 1.2575E-08 1.2828E-08 1.3080E-08 1.3331E-08 1.3581E-08 1.3842E-08 1.4102E-08 1.4352E-08 1.4612E-08 1.4863E-08 1.5126E-08 1.5386E-08 1.5719E-08 1.6035E-08 1.6529E-08 1.6937E-08 1.7441E-08 1.7920E-08 1.8376E-08
4.3992E-09 4.5332E-09 4.6716E-09 4.8213E-09 4.9694E-09 5.1221E-09 5.2825E-09 5.4571E-09 5.6308E-09 5.8092E-09 5.9994E-09 6.1867E-09 6.3852E-09 6.5807E-09 6.7872E-09 6.9900E-09 7.2038E-09 7.4134E-09 7.6336E-09 7.8522E-09 8.0732E-09 8.3000E-09 8.5206E-09 8.7536E-09 8.9798E-09 9.2129E-09 9.4491E-09 9.7090E-09 9.9406E-09 1.0172E-08 1.0403E-08 1.0633E-08 1.0891E-08 1.1157E-08 1.1415E-08 1.1655E-08 1.1941E-08 1.2188E-08 1.2435E-08 1.2681E-08 1.2927E-08 1.3172E-08 1.3416E-08 1.3666E-08 1.3923E-08 1.4165E-08 1.4418E-08 1.4671E-08 1.4912E-08 1.5171E-08 1.5425E-08 1.5785E-08 1.6148E-08 1.6587E-08 1.7047E-08 1.7480E-08 1.7929E-08
4.3814E-09 4.5145E-09 4.6534E-09 4.8004E-09 4.9475E-09 5.1029E-09 5.2676E-09 5.4386E-09 5.6109E-09 5.7874E-09 5.9754E-09 6.1602E-09 6.3564E-09 6.5492E-09 6.7529E-09 6.9530E-09 7.1640E-09 7.3721E-09 7.5869E-09 7.8036E-09 8.0190E-09 8.2418E-09 8.4584E-09 8.6873E-09 8.9118E-09 9.1380E-09 9.3697E-09 9.6252E-09 9.8521E-09 1.0079E-08 1.0305E-08 1.0529E-08 1.0793E-08 1.1044E-08 1.1297E-08 1.1531E-08 1.1811E-08 1.2053E-08 1.2294E-08 1.2534E-08 1.2774E-08 1.3012E-08 1.3250E-08 1.3494E-08 1.3737E-08 1.3979E-08 1.4226E-08 1.4471E-08 1.4705E-08 1.4949E-08 1.5210E-08 1.5489E-08 1.5849E-08 1.6187E-08 1.6593E-08 1.7042E-08 1.7429E-08
4.3628E-09 4.4947E-09 4.6341E-09 4.7789E-09 4.9293E-09 5.0849E-09 5.2510E-09 5.4190E-09 5.5896E-09 5.7673E-09 5.9496E-09 6.1322E-09 6.3258E-09 6.5158E-09 6.7171E-09 6.9145E-09 7.1224E-09 7.3289E-09 7.5382E-09 7.7533E-09 7.9629E-09 8.1819E-09 8.3945E-09 8.6193E-09 8.8422E-09 9.0614E-09 9.2887E-09 9.5398E-09 9.7621E-09 9.9838E-09 1.0205E-08 1.0425E-08 1.0684E-08 1.0939E-08 1.1177E-08 1.1407E-08 1.1681E-08 1.1917E-08 1.2152E-08 1.2387E-08 1.2620E-08 1.2853E-08 1.3084E-08 1.3319E-08 1.3559E-08 1.3787E-08 1.4033E-08 1.4272E-08 1.4499E-08 1.4735E-08 1.4973E-08 1.5257E-08 1.5514E-08 1.5853E-08 1.6187E-08 1.6575E-08 1.6982E-08
4.3430E-09 4.4741E-09 4.6165E-09 4.7614E-09 4.9115E-09 5.0670E-09 5.2333E-09 5.3981E-09 5.5665E-09 5.7438E-09 5.9222E-09 6.1023E-09 6.2934E-09 6.4814E-09 6.6801E-09 6.8761E-09 7.0789E-09 7.2839E-09 7.4878E-09 7.6993E-09 7.9052E-09 8.1204E-09 8.3341E-09 8.5496E-09 8.7710E-09 8.9833E-09 9.2063E-09 9.4531E-09 9.6706E-09 9.8877E-09 1.0104E-08 1.0319E-08 1.0588E-08 1.0833E-08 1.1057E-08 1.1281E-08 1.1551E-08 1.1780E-08 1.2010E-08 1.2239E-08 1.2467E-08 1.2693E-08 1.2918E-08 1.3147E-08 1.3375E-08 1.3602E-08 1.3831E-08 1.4072E-08 1.4292E-08 1.4520E-08 1.4750E-08 1.4983E-08 1.5266E-08 1.5510E-08 1.5843E-08 1.6182E-08 1.6497E-08
4.3226E-09 4.4543E-09 4.5993E-09 4.7439E-09 4.8939E-09 5.0480E-09 5.2127E-09 5.3754E-09 5.5419E-09 5.7188E-09 5.8932E-09 6.0744E-09 6.2602E-09 6.4474E-09 6.6413E-09 6.8378E-09 7.0337E-09 7.2372E-09 7.4358E-09 7.6437E-09 7.8459E-09 8.0572E-09 8.2695E-09 8.4785E-09 8.6957E-09 8.9039E-09 9.1226E-09 9.3649E-09 9.5780E-09 9.7906E-09 1.0002E-08 1.0213E-08 1.0481E-08 1.0717E-08 1.0937E-08 1.1156E-08 1.1419E-08 1.1644E-08 1.1868E-08 1.2091E-08 1.2313E-08 1.2534E-08 1.2756E-08 1.2973E-08 1.3198E-08 1.3417E-08 1.3641E-08 1.3860E-08 1.4082E-08 1.4306E-08 1.4528E-08 1.4758E-08 1.4997E-08 1.5251E-08 1.5481E-08 1.5789E-08 1.6086E-08
4.3037E-09 4.4373E-09 4.5822E-09 4.7267E-09 4.8753E-09 5.0277E-09 5.1905E-09 5.3514E-09 5.5159E-09 5.6905E-09 5.8629E-09 6.0441E-09 6.2258E-09 6.4117E-09 6.6010E-09 6.7961E-09 6.9870E-09 7.1872E-09 7.3824E-09 7.5867E-09 7.7869E-09 7.9926E-09 8.2035E-09 8.4061E-09 8.6192E-09 8.8232E-09 9.0523E-09 9.2757E-09 9.4844E-09 9.6925E-09 9.9000E-09 1.0106E-08 1.0370E-08 1.0600E-08 1.0815E-08 1.1029E-08 1.1276E-08 1.1507E-08 1.1726E-08 1.1943E-08 1.2160E-08 1.2375E-08 1.2589E-08 1.2803E-08 1.3015E-08 1.3235E-08 1.3439E-08 1.3658E-08 1.3870E-08 1.4085E-08 1.4299E-08 1.4529E-08 1.4750E-08 1.4970E-08 1.5186E-08 1.5401E-08 1.5699E-08
4.2870E-09 4.4207E-09 4.5651E-09 4.7083E-09 4.8553E-09 5.0059E-09 5.1671E-09 5.3260E-09 5.4883E-09 5.6612E-09 5.8320E-09 6.0125E-09 6.1897E-09 6.3763E-09 6.5591E-09 6.7512E-09 6.9389E-09 7.1358E-09 7.3274E-09 7.5281E-09 7.7284E-09 7.9266E-09 8.1337E-09 8.3323E-09 8.5415E-09 8.7461E-09 8.9807E-09 9.1855E-09 9.3899E-09 9.5938E-09 9.7968E-09 9.9988E-09 1.0257E-08 1.0483E-08 1.0693E-08 1.0903E-08 1.1144E-08 1.1357E-08 1.1583E-08 1.1796E-08 1.2007E-08 1.2217E-08 1.2425E-08 1.2631E-08 1.2839E-08 1.3045E-08 1.3248E-08 1.3448E-08 1.3660E-08 1.3857E-08 1.4070E-08 1.4290E-08 1.4489E-08 1.4699E-08 1.4898E-08 1.5116E-08 1.5329E-08
4.2707E-09 4.4037E-09 4.5471E-09 4.6887E-09 4.8339E-09 4.9831E-09 5.1423E-09 5.2992E-09 5.4600E-09 5.6315E-09 5.7999E-09 5.9778E-09 6.1523E-09 6.3359E-09 6.5159E-09 6.7049E-09 6.8894E-09 7.0829E-09 7.2729E-09 7.4683E-09 7.6667E-09 7.8595E-09 8.0628E-09 8.2575E-09 8.4626E-09 8.6679E-09 8.8938E-09 9.0944E-09 9.2946E-09 9.4943E-09 9.6931E-09 9.8907E-09 1.0145E-08 1.0361E-08 1.0571E-08 1.0795E-08 1.1001E-08 1.1220E-08 1.1426E-08 1.1648E-08 1.1854E-08 1.2059E-08 1.2261E-08 1.2460E-08 1.2659E-08 1.2857E-08 1.3052E-08 1.3249E-08 1.3442E-08 1.3638E-08 1.3828E-08 1.4039E-08 1.4245E-08 1.4438E-08 1.4636E-08 1.4815E-08 1.5025E-08
