Assets/Resources/2015_m01_d28_1400(utc+0800)_l00_csi_1hr_conc.grd
DSAA
         159         159
     -79.000      79.000
     -79.000      79.000
  0.0000E+00  0.1740E-05
[rows 0 to 24 of 159, columns 0 to 56 of 159]
0.0000E+00 0.0000E+00 0.0000E+00 0.0000E+00 0.0000E+00 0.0000E+00 0.0000E+00 0.0000E+00 0.0000E+00 0.0000E+00 0.0000E+00 0.0000E+00 0.0000E+00 0.0000E+00 2.4296E-12 5.5713E-12 1.0240E-11 1.7066E-11 2.5627E-11 3.5742E-11 4.7584E-11 6.0937E-11 7.9189E-11 1.0261E-10 1.3082E-10 1.6600E-10 2.0755E-10 2.5885E-10 3.1835E-10 3.8660E-10 4.6625E-10 5.5806E-10 6.6323E-10 7.8297E-10 9.1754E-10 1.0681E-09 1.2370E-09 1.4240E-09 1.6303E-09 1.8570E-09 2.1020E-09 2.3659E-09 2.6491E-09 2.9481E-09 3.2611E-09 3.5870E-09 3.9213E-09 4.2608E-09 4.6016E-09 4.9397E-09 5.2688E-09 5.5847E-09 5.8832E-09 6.1585E-09 6.4044E-09 6.6186E-09 6.7965E-09
0.0000E+00 0.0000E+00 0.0000E+00 0.0000E+00 0.0000E+00 0.0000E+00 0.0000E+00 0.0000E+00 0.0000E+00 0.0000E+00 0.0000E+00 0.0000E+00 0.0000E+00 0.0000E+00 2.4096E-12 5.5540E-12 1.0288E-11 1.7221E-11 2.5903E-11 3.6255E-11 4.8339E-11 6.2023E-11 8.0273E-11 1.0438E-10 1.3288E-10 1.6902E-10 2.1152E-10 2.6396E-10 3.2502E-10 3.9555E-10 4.7781E-10 5.7331E-10 6.8172E-10 8.0650E-10 9.4697E-10 1.1041E-09 1.2803E-09 1.4763E-09 1.6936E-09 1.9319E-09 2.1909E-09 2.4718E-09 2.7722E-09 3.0906E-09 3.4261E-09 3.7746E-09 4.1343E-09 4.5001E-09 4.8689E-09 5.2340E-09 5.5919E-09 5.9363E-09 6.2616E-09 6.5620E-09 6.8336E-09 7.0702E-09 7.2664E-09
0.0000E+00 0.0000E+00 0.0000E+00 0.0000E+00 0.0000E+00 0.0000E+00 0.0000E+00 0.0000E+00 0.0000E+00 0.0000E+00 0.0000E+00 0.0000E+00 0.0000E+00 0.0000E+00 2.3480E-12 5.5420E-12 1.0245E-11 1.7248E-11 2.6034E-11 3.6540E-11 4.8816E-11 6.2777E-11 8.0891E-11 1.0561E-10 1.3458E-10 1.7100E-10 2.1391E-10 2.6768E-10 3.3032E-10 4.0259E-10 4.8679E-10 5.8538E-10 6.9707E-10 8.2659E-10 9.7196E-10 1.1354E-09 1.3188E-09 1.5237E-09 1.7510E-09 2.0005E-09 2.2742E-09 2.5707E-09 2.8880E-09 3.2263E-09 3.5829E-09 3.9556E-09 4.3404E-09 4.7328E-09 5.1292E-09 5.5236E-09 5.9108E-09 6.2839E-09 6.6383E-09 6.9676E-09 7.2643E-09 7.5237E-09 7.7423E-09
0.0000E+00 0.0000E+00 0.0000E+00 0.0000E+00 0.0000E+00 0.0000E+00 0.0000E+00 0.0000E+00 0.0000E+00 0.0000E+00 0.0000E+00 0.0000E+00 0.0000E+00 0.0000E+00 2.2424E-12 5.5039E-12 1.0105E-11 1.7142E-11 2.5998E-11 3.6596E-11 4.9006E-11 6.3167E-11 8.1613E-11 1.0630E-10 1.3543E-10 1.7141E-10 2.1539E-10 2.7007E-10 3.3355E-10 4.0701E-10 4.9368E-10 5.9514E-10 7.0983E-10 8.4284E-10 9.9318E-10 1.1625E-09 1.3521E-09 1.5650E-09 1.8012E-09 2.0628E-09 2.3497E-09 2.6600E-09 2.9949E-09 3.3531E-09 3.7312E-09 4.1268E-09 4.5367E-09 4.9568E-09 5.3807E-09 5.8045E-09 6.2210E-09 6.6254E-09 7.0092E-09 7.3659E-09 7.6904E-09 7.9761E-09 8.2169E-09
0.0000E+00 0.0000E+00 0.0000E+00 0.0000E+00 0.0000E+00 0.0000E+00 0.0000E+00 0.0000E+00 0.0000E+00 0.0000E+00 0.0000E+00 0.0000E+00 0.0000E+00 0.0000E+00 2.0898E-12 5.4387E-12 9.8675E-12 1.6901E-11 2.5822E-11 3.6420E-11 4.8892E-11 6.3337E-11 8.1833E-11 1.0626E-10 1.3541E-10 1.7158E-10 2.1563E-10 2.7043E-10 3.3507E-10 4.0992E-10 4.9807E-10 6.0079E-10 7.1851E-10 8.5455E-10 1.0097E-09 1.1838E-09 1.3796E-09 1.5995E-09 1.8449E-09 2.1173E-09 2.4152E-09 2.7406E-09 3.0931E-09 3.4689E-09 3.8675E-09 4.2868E-09 4.7219E-09 5.1674E-09 5.6202E-09 6.0745E-09 6.5221E-09 6.9561E-09 7.3704E-09 7.7589E-09 8.1126E-09 8.4237E-09 8.6888E-09
0.0000E+00 0.0000E+00 0.0000E+00 0.0000E+00 0.0000E+00 0.0000E+00 0.0000E+00 0.0000E+00 0.0000E+00 0.0000E+00 0.0000E+00 0.0000E+00 0.0000E+00 0.0000E+00 1.9443E-12 5.3473E-12 9.5288E-12 1.6524E-11 2.5514E-11 3.6012E-11 4.8606E-11 6.2764E-11 8.1413E-11 1.0557E-10 1.3536E-10 1.7048E-10 2.1479E-10 2.6953E-10 3.3534E-10 4.1082E-10 4.9966E-10 6.0419E-10 7.2418E-10 8.6198E-10 1.0214E-09 1.1995E-09 1.4004E-09 1.6268E-09 1.8807E-09 2.1618E-09 2.4717E-09 2.8115E-09 3.1780E-09 3.5718E-09 3.9918E-09 4.4333E-09 4.8920E-09 5.3657E-09 5.8479E-09 6.3309E-09 6.8087E-09 7.2752E-09 7.7225E-09 8.1408E-09 8.5234E-09 8.8647E-09 9.1555E-09
0.0000E+00 0.0000E+00 0.0000E+00 0.0000E+00 0.0000E+00 0.0000E+00 0.0000E+00 0.0000E+00 0.0000E+00 0.0000E+00 0.0000E+00 0.0000E+00 0.0000E+00 0.0000E+00 1.9073E-12 5.1129E-12 9.0859E-12 1.6031E-11 2.5221E-11 3.5431E-11 4.7729E-11 6.1845E-11 8.0816E-11 1.0440E-10 1.3361E-10 1.6883E-10 2.1299E-10 2.6721E-10 3.3225E-10 4.0977E-10 4.9902E-10 6.0465E-10 7.2485E-10 8.6551E-10 1.0278E-09 1.2089E-09 1.4149E-09 1.6471E-09 1.9070E-09 2.1969E-09 2.5181E-09 2.8690E-09 3.2504E-09 3.6625E-09 4.1008E-09 4.5630E-09 5.0471E-09 5.5469E-09 6.0554E-09 6.5683E-09 7.0787E-09 7.5777E-09 8.0554E-09 8.5068E-09 8.9222E-09 9.2919E-09 9.6097E-09
0.0000E+00 0.0000E+00 0.0000E+00 0.0000E+00 0.0000E+00 0.0000E+00 0.0000E+00 0.0000E+00 0.0000E+00 0.0000E+00 0.0000E+00 0.0000E+00 0.0000E+00 0.0000E+00 1.8629E-12 4.7832E-12 8.5334E-12 1.5680E-11 2.4437E-11 3.4417E-11 4.6696E-11 6.0794E-11 7.9038E-11 1.0211E-10 1.3138E-10 1.6642E-10 2.0936E-10 2.6278E-10 3.2781E-10 4.0627E-10 4.9516E-10 6.0160E-10 7.2297E-10 8.6512E-10 1.0281E-09 1.2138E-09 1.4231E-09 1.6586E-09 1.9250E-09 2.2227E-09 2.5524E-09 2.9141E-09 3.3102E-09 3.7371E-09 4.1931E-09 4.6768E-09 5.1837E-09 5.7074E-09 6.2451E-09 6.7886E-09 7.3291E-09 7.8593E-09 8.3722E-09 8.8567E-09 9.3032E-09 9.7047E-09 1.0052E-08
0.0000E+00 0.0000E+00 0.0000E+00 0.0000E+00 0.0000E+00 0.0000E+00 0.0000E+00 0.0000E+00 0.0000E+00 0.0000E+00 0.0000E+00 0.0000E+00 0.0000E+00 0.0000E+00 1.8110E-12 4.4777E-12 8.0545E-12 1.5106E-11 2.3397E-11 3.3428E-11 4.5163E-11 5.8905E-11 7.6948E-11 9.9480E-11 1.2833E-10 1.6223E-10 2.0437E-10 2.5759E-10 3.2090E-10 3.9858E-10 4.8847E-10 5.9554E-10 7.1727E-10 8.5952E-10 1.0238E-09 1.2121E-09 1.4230E-09 1.6632E-09 1.9345E-09 2.2375E-09 2.5746E-09 2.9472E-09 3.3547E-09 3.7951E-09 4.2687E-09 4.7715E-09 5.2990E-09 5.8484E-09 6.4126E-09 6.9836E-09 7.5557E-09 8.1197E-09 8.6650E-09 9.1821E-09 9.6631E-09 1.0096E-08 1.0472E-08
0.0000E+00 0.0000E+00 0.0000E+00 0.0000E+00 0.0000E+00 0.0000E+00 0.0000E+00 0.0000E+00 0.0000E+00 0.0000E+00 0.0000E+00 0.0000E+00 0.0000E+00 0.0000E+00 1.8003E-12 3.9256E-12 7.5545E-12 1.4416E-11 2.2314E-11 3.1703E-11 4.3371E-11 5.6859E-11 7.4233E-11 9.5469E-11 1.2408E-10 1.5749E-10 1.9815E-10 2.4996E-10 3.1204E-10 3.8915E-10 4.7904E-10 5.8560E-10 7.0739E-10 8.4930E-10 1.0143E-09 1.2033E-09 1.4172E-09 1.6600E-09 1.9341E-09 2.2423E-09 2.5864E-09 2.9673E-09 3.3838E-09 3.8373E-09 4.3257E-09 4.8452E-09 5.3936E-09 5.9661E-09 6.5554E-09 7.1561E-09 7.7591E-09 8.3547E-09 8.9332E-09 9.4857E-09 9.9997E-09 1.0465E-08 1.0872E-08
0.0000E+00 0.0000E+00 0.0000E+00 0.0000E+00 0.0000E+00 0.0000E+00 0.0000E+00 0.0000E+00 0.0000E+00 0.0000E+00 0.0000E+00 0.0000E+00 0.0000E+00 0.0000E+00 1.6408E-12 3.5276E-12 7.2673E-12 1.3257E-11 2.0685E-11 3.0038E-11 4.1731E-11 5.3926E-11 7.0542E-11 9.1496E-11 1.1870E-10 1.5097E-10 1.9035E-10 2.4113E-10 3.0119E-10 3.7643E-10 4.6572E-10 5.7253E-10 6.9305E-10 8.3382E-10 9.9862E-10 1.1875E-09 1.4032E-09 1.6471E-09 1.9241E-09 2.2368E-09 2.5857E-09 2.9723E-09 3.3981E-09 3.8625E-09 4.3632E-09 4.8988E-09 5.4663E-09 6.0596E-09 6.6739E-09 7.3014E-09 7.9335E-09 8.5612E-09 9.1737E-09 9.7593E-09 1.0307E-08 1.0806E-08 1.1244E-08
0.0000E+00 0.0000E+00 0.0000E+00 0.0000E+00 0.0000E+00 0.0000E+00 0.0000E+00 0.0000E+00 0.0000E+00 0.0000E+00 0.0000E+00 0.0000E+00 0.0000E+00 0.0000E+00 1.4821E-12 3.3074E-12 6.3835E-12 1.1886E-11 1.9309E-11 2.8288E-11 3.9107E-11 5.0640E-11 6.6779E-11 8.7096E-11 1.1158E-10 1.4343E-10 1.8231E-10 2.3030E-10 2.8851E-10 3.6213E-10 4.4904E-10 5.5488E-10 6.7333E-10 8.1366E-10 9.7701E-10 1.1657E-09 1.3824E-09 1.6256E-09 1.9051E-09 2.2198E-09 2.5713E-09 2.9641E-09 3.3969E-09 3.8692E-09 4.3814E-09 4.9316E-09 5.5151E-09 6.1287E-09 6.7670E-09 7.4212E-09 8.0826E-09 8.7413E-09 9.3859E-09 1.0005E-08 1.0587E-08 1.1119E-08 1.1589E-08
0.0000E+00 0.0000E+00 0.0000E+00 0.0000E+00 0.0000E+00 0.0000E+00 0.0000E+00 0.0000E+00 0.0000E+00 0.0000E+00 0.0000E+00 0.0000E+00 0.0000E+00 0.0000E+00 1.3261E-12 2.9766E-12 5.3329E-12 1.0761E-11 1.7552E-11 2.6027E-11 3.6374E-11 4.6937E-11 6.2037E-11 8.1957E-11 1.0518E-10 1.3448E-10 1.7234E-10 2.1860E-10 2.7476E-10 3.4497E-10 4.2902E-10 5.3266E-10 6.5055E-10 7.8814E-10 9.4952E-10 1.1368E-09 1.3515E-09 1.5954E-09 1.8756E-09 2.1902E-09 2.5452E-09 2.9412E-09 3.3781E-09 3.8585E-09 4.3807E-09 4.9424E-09 5.5419E-09 6.1750E-09 6.8336E-09 7.5114E-09 8.1990E-09 8.8870E-09 9.5629E-09 1.0215E-08 1.0829E-08 1.1395E-08 1.1897E-08
0.0000E+00 0.0000E+00 0.0000E+00 0.0000E+00 0.0000E+00 0.0000E+00 0.0000E+00 0.0000E+00 0.0000E+00 0.0000E+00 0.0000E+00 0.0000E+00 0.0000E+00 0.0000E+00 1.1746E-12 2.6528E-12 4.5047E-12 9.5132E-12 1.5623E-11 2.3675E-11 3.3044E-11 4.2735E-11 5.7678E-11 7.6520E-11 9.7953E-11 1.2376E-10 1.6095E-10 2.0516E-10 2.5816E-10 3.2601E-10 4.0733E-10 5.0699E-10 6.2257E-10 7.5768E-10 9.1677E-10 1.1012E-09 1.3134E-09 1.5570E-09 1.8347E-09 2.1494E-09 2.5050E-09 2.9020E-09 3.3436E-09 3.8298E-09 4.3594E-09 4.9323E-09 5.5460E-09 6.1942E-09 6.8720E-09 7.5727E-09 8.2869E-09 9.0030E-09 9.7092E-09 1.0393E-08 1.1041E-08 1.1639E-08 1.2174E-08
0.0000E+00 0.0000E+00 0.0000E+00 0.0000E+00 0.0000E+00 0.0000E+00 0.0000E+00 0.0000E+00 0.0000E+00 0.0000E+00 0.0000E+00 0.0000E+00 0.0000E+00 0.0000E+00 1.0294E-12 2.3398E-12 3.9820E-12 8.1090E-12 1.3600E-11 2.0859E-11 2.9836E-11 3.8923E-11 5.2829E-11 6.9873E-11 9.0263E-11 1.1501E-10 1.4840E-10 1.9010E-10 2.4115E-10 3.0593E-10 3.8306E-10 4.7853E-10 5.9053E-10 7.2242E-10 8.7793E-10 1.0580E-09 1.2685E-09 1.5091E-09 1.7833E-09 2.0977E-09 2.4516E-09 2.8491E-09 3.2930E-09 3.7824E-09 4.3184E-09 4.9005E-09 5.5249E-09 6.1881E-09 6.8849E-09 7.6067E-09 8.3440E-09 9.0858E-09 9.8215E-09 1.0536E-08 1.1217E-08 1.1847E-08 1.2415E-08
0.0000E+00 0.0000E+00 0.0000E+00 0.0000E+00 0.0000E+00 0.0000E+00 0.0000E+00 0.0000E+00 0.0000E+00 0.0000E+00 0.0000E+00 0.0000E+00 0.0000E+00 0.0000E+00 8.9203E-13 2.0410E-12 3.4810E-12 6.7500E-12 1.1697E-11 1.7930E-11 2.6334E-11 3.4624E-11 4.7550E-11 6.3158E-11 8.2164E-11 1.0571E-10 1.3443E-10 1.7402E-10 2.2213E-10 2.8370E-10 3.5727E-10 4.4816E-10 5.5447E-10 6.8251E-10 8.3445E-10 1.0102E-09 1.2153E-09 1.4511E-09 1.7229E-09 2.0333E-09 2.3833E-09 2.7810E-09 3.2249E-09 3.7164E-09 4.2574E-09 4.8463E-09 5.4801E-09 6.1569E-09 6.8689E-09 7.6088E-09 8.3686E-09 9.1375E-09 9.9011E-09 1.0646E-08 1.1359E-08 1.2023E-08 1.2623E-08
0.0000E+00 0.0000E+00 0.0000E+00 0.0000E+00 0.0000E+00 0.0000E+00 0.0000E+00 0.0000E+00 0.0000E+00 0.0000E+00 0.0000E+00 0.0000E+00 0.0000E+00 0.0000E+00 7.6372E-13 1.7597E-12 3.0073E-12 5.7206E-12 9.7465E-12 1.5351E-11 2.2933E-11 3.0376E-11 4.1822E-11 5.5848E-11 7.4060E-11 9.6581E-11 1.2255E-10 1.5631E-10 2.0230E-10 2.6064E-10 3.2962E-10 4.1438E-10 5.1659E-10 6.3868E-10 7.8502E-10 9.5654E-10 1.1563E-09 1.3863E-09 1.6526E-09 1.9573E-09 2.3048E-09 2.6991E-09 3.1401E-09 3.6326E-09 4.1761E-09 4.7685E-09 5.4111E-09 6.0983E-09 6.8243E-09 7.5834E-09 8.3652E-09 9.1574E-09 9.9481E-09 1.0723E-08 1.1467E-08 1.2164E-08 1.2797E-08
0.0000E+00 0.0000E+00 0.0000E+00 0.0000E+00 0.0000E+00 0.0000E+00 0.0000E+00 0.0000E+00 0.0000E+00 0.0000E+00 0.0000E+00 0.0000E+00 0.0000E+00 0.0000E+00 0.0000E+00 1.4983E-12 2.5656E-12 4.9161E-12 8.0980E-12 1.2982E-11 1.9211E-11 2.6015E-11 3.6082E-11 4.9261E-11 6.6385E-11 8.6465E-11 1.1013E-10 1.3899E-10 1.8172E-10 2.3581E-10 3.0052E-10 3.8163E-10 4.7683E-10 5.9173E-10 7.3202E-10 8.9786E-10 1.0898E-09 1.3130E-09 1.5729E-09 1.8709E-09 2.2122E-09 2.6014E-09 3.0403E-09 3.5313E-09 4.0734E-09 4.6705E-09 5.3190E-09 6.0144E-09 6.7543E-09 7.5299E-09 8.3306E-09 9.1466E-09 9.9654E-09 1.0771E-08 1.1547E-08 1.2276E-08 1.2944E-08
0.0000E+00 0.0000E+00 0.0000E+00 0.0000E+00 0.0000E+00 0.0000E+00 0.0000E+00 0.0000E+00 0.0000E+00 0.0000E+00 0.0000E+00 0.0000E+00 0.0000E+00 0.0000E+00 0.0000E+00 0.0000E+00 7.3661E-13 4.1701E-12 6.6781E-12 1.0400E-11 1.6048E-11 2.2024E-11 3.1003E-11 4.2771E-11 5.7595E-11 7.5980E-11 9.8050E-11 1.2462E-10 1.6008E-10 2.0991E-10 2.7067E-10 3.4564E-10 4.3435E-10 5.4316E-10 6.7542E-10 8.3319E-10 1.0182E-09 1.2344E-09 1.4851E-09 1.7754E-09 2.1094E-09 2.4917E-09 2.9253E-09 3.4116E-09 3.9529E-09 4.5506E-09 5.2018E-09 5.9060E-09 6.6568E-09 7.4459E-09 8.2669E-09 9.1072E-09 9.9525E-09 1.0787E-08 1.1595E-08 1.2360E-08 1.3061E-08
0.0000E+00 0.0000E+00 0.0000E+00 0.0000E+00 0.0000E+00 0.0000E+00 0.0000E+00 0.0000E+00 0.0000E+00 0.0000E+00 0.0000E+00 0.0000E+00 0.0000E+00 0.0000E+00 0.0000E+00 0.0000E+00 0.0000E+00 6.5349E-13 3.2992E-12 8.4727E-12 1.3399E-11 1.8097E-11 2.5940E-11 3.5842E-11 4.8797E-11 6.5763E-11 8.6131E-11 1.1094E-10 1.4048E-10 1.8254E-10 2.3959E-10 3.1020E-10 3.9224E-10 4.9368E-10 6.1675E-10 7.6561E-10 9.4246E-10 1.1483E-09 1.3910E-09 1.6727E-09 1.9957E-09 2.3706E-09 2.7960E-09 3.2772E-09 3.8148E-09 4.4101E-09 5.0639E-09 5.7733E-09 6.5326E-09 7.3367E-09 8.1767E-09 9.0383E-09 9.9089E-09 1.0775E-08 1.1617E-08 1.2416E-08 1.3154E-08
0.0000E+00 0.0000E+00 0.0000E+00 0.0000E+00 0.0000E+00 0.0000E+00 0.0000E+00 0.0000E+00 0.0000E+00 0.0000E+00 0.0000E+00 0.0000E+00 0.0000E+00 0.0000E+00 0.0000E+00 0.0000E+00 0.0000E+00 0.0000E+00 4.3454E-13 2.4169E-12 7.8330E-12 1.4420E-11 2.1217E-11 2.9963E-11 4.1302E-11 5.6371E-11 7.4741E-11 9.6883E-11 1.2306E-10 1.5744E-10 2.0788E-10 2.7384E-10 3.4836E-10 4.4301E-10 5.5775E-10 6.9623E-10 8.6289E-10 1.0582E-09 1.2915E-09 1.5614E-09 1.8747E-09 2.2398E-09 2.6539E-09 3.1278E-09 3.6603E-09 4.2519E-09 4.9049E-09 5.6171E-09 6.3852E-09 7.2022E-09 8.0572E-09 8.9411E-09 9.8399E-09 1.0735E-08 1.1609E-08 1.2444E-08 1.3218E-08
0.0000E+00 0.0000E+00 0.0000E+00 0.0000E+00 0.0000E+00 0.0000E+00 0.0000E+00 0.0000E+00 0.0000E+00 0.0000E+00 0.0000E+00 0.0000E+00 0.0000E+00 0.0000E+00 0.0000E+00 0.0000E+00 0.0000E+00 0.0000E+00 0.0000E+00 0.0000E+00 2.1525E-12 5.8773E-12 1.7337E-11 2.4482E-11 3.3438E-11 4.6462E-11 6.2933E-11 8.2636E-11 1.0665E-10 1.3526E-10 1.7757E-10 2.3651E-10 3.0575E-10 3.9173E-10 4.9802E-10 6.2574E-10 7.8084E-10 9.6470E-10 1.1873E-09 1.4455E-09 1.7475E-09 2.0990E-09 2.5029E-09 2.9670E-09 3.4894E-09 4.0761E-09 4.7273E-09 5.4412E-09 6.2149E-09 7.0412E-09 7.9142E-09 8.8196E-09 9.7427E-09 1.0670E-08 1.1578E-08 1.2449E-08 1.3264E-08
0.0000E+00 0.0000E+00 0.0000E+00 0.0000E+00 0.0000E+00 0.0000E+00 0.0000E+00 0.0000E+00 0.0000E+00 0.0000E+00 0.0000E+00 0.0000E+00 0.0000E+00 0.0000E+00 0.0000E+00 0.0000E+00 0.0000E+00 0.0000E+00 0.0000E+00 0.0000E+00 0.0000E+00 1.2131E-12 6.1620E-12 1.3410E-11 2.6917E-11 3.7912E-11 5.2105E-11 6.9746E-11 9.1237E-11 1.1691E-10 1.5120E-10 2.0029E-10 2.6103E-10 3.4097E-10 4.3865E-10 5.5653E-10 6.9875E-10 8.7017E-10 1.0797E-09 1.3255E-09 1.6149E-09 1.9517E-09 2.3442E-09 2.7949E-09 3.3073E-09 3.8876E-09 4.5332E-09 5.2460E-09 6.0247E-09 6.8601E-09 7.7465E-09 8.6721E-09 9.6216E-09 1.0578E-08 1.1523E-08 1.2432E-08 1.3284E-08
0.0000E+00 0.0000E+00 0.0000E+00 0.0000E+00 0.0000E+00 0.0000E+00 0.0000E+00 0.0000E+00 0.0000E+00 0.0000E+00 0.0000E+00 0.0000E+00 0.0000E+00 0.0000E+00 0.0000E+00 0.0000E+00 0.0000E+00 0.0000E+00 0.0000E+00 0.0000E+00 0.0000E+00 0.0000E+00 1.1357E-12 5.4852E-12 1.3406E-11 2.7050E-11 4.1100E-11 5.7194E-11 7.6347E-11 9.8916E-11 1.2685E-10 1.6700E-10 2.1926E-10 2.9122E-10 3.8068E-10 4.8705E-10 6.1733E-10 7.7594E-10 9.7051E-10 1.2031E-09 1.4791E-09 1.8023E-09 2.1790E-09 2.6149E-09 3.1172E-09 3.6860E-09 4.3237E-09 5.0360E-09 5.8151E-09 6.6589E-09 7.5592E-09 8.5026E-09 9.4766E-09 1.0466E-08 1.1444E-08 1.2393E-08 1.3290E-08
0.0000E+00 0.0000E+00 0.0000E+00 0.0000E+00 0.0000E+00 0.0000E+00 0.0000E+00 0.0000E+00 0.0000E+00 0.0000E+00 0.0000E+00 0.0000E+00 0.0000E+00 0.0000E+00 0.0000E+00 0.0000E+00 0.0000E+00 0.0000E+00 0.0000E+00 0.0000E+00 0.0000E+00 0.0000E+00 0.0000E+00 5.5071E-13 4.8744E-12 1.2409E-11 2.3373E-11 4.1999E-11 6.1977E-11 8.1833E-11 1.0564E-10 1.3866E-10 1.8258E-10 2.4367E-10 3.2161E-10 4.2049E-10 5.3806E-10 6.8363E-10 8.6325E-10 1.0793E-09 1.3409E-09 1.6492E-09 2.0098E-09 2.4312E-09 2.9200E-09 3.4762E-09 4.1071E-09 4.8115E-09 5.5912E-09 6.4403E-09 7.3499E-09 8.3131E-09 9.3124E-09 1.0330E-08 1.1346E-08 1.2336E-08 1.3274E-08
