Assets/Resources/2015_m01_d24_0200(utc+0800)_l00_csi_1hr_conc.grd
DSAA
         159         159
     -79.000      79.000
     -79.000      79.000
  0.1238E-10  0.3420E-04
[rows 100 to 124 of 159, columns 57 to 113 of 159]
1.8097E-10 1.8616E-10 1.9150E-10 1.9699E-10 2.0265E-10 2.0848E-10 2.2204E-10 2.3177E-10 2.5297E-10 2.7563E-10 2.9649E-10 3.1693E-10 3.3843E-10 3.5891E-10 3.8302E-10 4.0693E-10 4.3277E-10 4.7570E-10 5.6213E-10 7.1926E-10 8.9829E-10 1.0830E-09 1.2727E-09 1.5435E-09 1.8777E-09 2.2425E-09 2.6009E-09 2.9866E-09 3.3117E-09 3.7549E-09 4.4368E-09 5.3191E-09 6.2511E-09 6.7170E-09 7.5930E-09 7.6831E-09 8.4818E-09 8.9780E-09 9.5638E-09 1.0102E-08 1.0794E-08 1.1572E-08 1.2412E-08 1.3095E-08 1.3647E-08 1.3655E-08 1.3418E-08 1.3144E-08 1.3033E-08 1.3404E-08 1.2427E-08 1.2087E-08 1.1426E-08 1.0689E-08 1.0199E-08 9.8427E-09 9.4788E-09
1.7575E-10 1.8469E-10 1.8995E-10 1.9536E-10 2.0093E-10 2.0666E-10 2.1942E-10 2.3135E-10 2.5407E-10 2.7754E-10 2.9639E-10 3.1694E-10 3.3775E-10 3.5815E-10 3.8027E-10 4.0610E-10 4.3187E-10 4.6345E-10 5.1448E-10 5.6716E-10 6.6624E-10 8.4821E-10 1.0115E-09 1.1947E-09 1.3740E-09 1.5903E-09 1.8655E-09 2.1860E-09 2.4924E-09 2.7985E-09 3.2346E-09 3.5825E-09 4.1698E-09 4.9900E-09 5.6555E-09 6.4922E-09 7.2299E-09 7.8921E-09 8.5588E-09 9.0708E-09 9.1979E-09 9.5777E-09 1.0290E-08 1.1023E-08 1.1370E-08 1.1695E-08 1.1727E-08 1.1832E-08 1.1613E-08 1.1544E-08 1.1250E-08 1.0714E-08 1.0463E-08 1.0200E-08 9.9053E-09 9.5864E-09 9.2906E-09
1.7462E-10 1.8320E-10 1.8838E-10 1.9371E-10 1.9918E-10 2.0481E-10 2.1290E-10 2.3113E-10 2.5148E-10 2.7768E-10 2.9666E-10 3.1658E-10 3.3542E-10 3.5778E-10 3.7987E-10 4.0380E-10 4.3154E-10 4.6519E-10 5.0330E-10 5.5397E-10 6.0720E-10 6.5425E-10 7.7590E-10 9.3792E-10 1.1041E-09 1.2998E-09 1.4625E-09 1.6288E-09 1.8121E-09 1.9878E-09 2.3537E-09 2.8604E-09 3.5224E-09 4.2448E-09 4.9476E-09 5.7507E-09 6.2444E-09 6.1817E-09 6.7664E-09 7.1187E-09 7.5604E-09 8.0635E-09 8.7163E-09 9.3769E-09 9.9759E-09 1.0427E-08 1.0755E-08 1.0906E-08 1.0867E-08 1.0567E-08 1.0452E-08 1.0317E-08 1.0114E-08 9.8242E-09 9.5921E-09 9.3473E-09 9.0917E-09
1.7346E-10 1.7793E-10 1.8679E-10 1.9203E-10 1.9741E-10 2.0295E-10 2.1105E-10 2.3324E-10 2.5182E-10 2.7808E-10 2.9721E-10 3.1653E-10 3.3537E-10 3.5583E-10 3.7992E-10 4.0388E-10 4.3362E-10 4.6769E-10 5.0443E-10 5.4009E-10 5.9389E-10 6.5271E-10 7.0808E-10 7.8502E-10 8.7028E-10 9.9840E-10 1.1607E-09 1.3123E-09 1.5003E-09 1.5811E-09 1.7405E-09 2.1555E-09 2.7420E-09 3.1688E-09 3.6959E-09 4.4157E-09 5.1045E-09 5.7683E-09 6.3571E-09 6.8714E-09 7.2710E-09 7.6122E-09 8.0636E-09 8.5908E-09 9.1204E-09 9.5569E-09 9.8819E-09 9.9725E-09 1.0042E-08 1.0072E-08 9.9777E-09 9.8813E-09 9.7692E-09 9.6007E-09 9.4017E-09 9.2001E-09 8.9713E-09
1.7226E-10 1.7670E-10 1.8518E-10 1.9034E-10 1.9563E-10 2.0329E-10 2.1381E-10 2.3335E-10 2.5575E-10 2.7879E-10 2.9736E-10 3.1478E-10 3.3564E-10 3.5616E-10 3.7843E-10 4.0445E-10 4.3635E-10 4.7273E-10 5.0626E-10 5.4233E-10 5.8270E-10 6.4164E-10 7.0664E-10 7.6937E-10 8.4688E-10 9.3075E-10 9.9877E-10 1.0710E-09 1.1548E-09 1.2284E-09 1.3135E-09 1.6570E-09 2.1351E-09 2.7689E-09 3.4571E-09 4.1918E-09 4.8900E-09 5.5078E-09 6.0933E-09 6.5761E-09 7.0069E-09 7.3635E-09 7.6606E-09 8.0772E-09 8.4991E-09 8.8957E-09 9.2276E-09 9.4923E-09 9.6313E-09 9.6876E-09 9.6862E-09 9.6353E-09 9.5266E-09 9.4082E-09 9.2415E-09 9.0237E-09 8.8021E-09
1.7102E-10 1.7543E-10 1.8355E-10 1.8863E-10 1.9383E-10 2.0151E-10 2.1216E-10 2.3350E-10 2.5442E-10 2.7420E-10 2.9577E-10 3.1523E-10 3.3427E-10 3.5684E-10 3.7924E-10 4.0734E-10 4.3975E-10 4.7480E-10 5.1044E-10 5.4697E-10 5.8790E-10 6.3832E-10 6.9422E-10 7.7429E-10 8.3920E-10 9.0257E-10 9.8742E-10 1.0633E-09 1.1390E-09 1.2189E-09 1.3030E-09 1.5346E-09 1.9923E-09 2.5791E-09 3.3060E-09 4.0601E-09 4.7686E-09 5.4430E-09 6.0274E-09 6.5096E-09 6.9228E-09 7.2373E-09 7.5024E-09 7.7762E-09 8.1203E-09 8.4874E-09 8.8349E-09 9.0804E-09 9.2706E-09 9.3478E-09 9.3644E-09 9.3378E-09 9.2760E-09 9.1613E-09 9.0425E-09 8.8824E-09 8.7026E-09
1.6975E-10 1.7413E-10 1.7858E-10 1.8690E-10 1.9202E-10 1.9971E-10 2.1725E-10 2.3533E-10 2.5865E-10 2.7336E-10 2.9595E-10 3.1399E-10 3.3509E-10 3.5593E-10 3.8043E-10 4.1074E-10 4.4553E-10 4.7745E-10 5.1190E-10 5.5065E-10 5.9712E-10 6.4223E-10 6.9881E-10 7.5949E-10 8.3507E-10 9.0101E-10 9.6461E-10 1.0440E-09 1.1349E-09 1.2144E-09 1.2982E-09 1.4043E-09 1.8397E-09 2.4139E-09 3.1335E-09 3.8877E-09 4.6577E-09 5.3599E-09 5.9587E-09 6.4847E-09 6.8915E-09 7.2431E-09 7.4879E-09 7.7013E-09 7.9623E-09 8.2583E-09 8.5362E-09 8.8062E-09 8.9769E-09 9.1090E-09 9.1462E-09 9.1505E-09 9.0910E-09 9.0191E-09 8.8998E-09 8.7799E-09 8.6240E-09
1.6845E-10 1.7280E-10 1.7721E-10 1.8516E-10 1.9242E-10 2.0252E-10 2.2091E-10 2.3731E-10 2.5289E-10 2.7464E-10 2.9025E-10 3.1495E-10 3.3617E-10 3.5720E-10 3.8382E-10 4.1469E-10 4.4821E-10 4.8230E-10 5.1727E-10 5.5664E-10 6.0399E-10 6.5326E-10 7.0890E-10 7.6684E-10 8.2330E-10 8.9125E-10 9.6955E-10 1.0377E-09 1.1099E-09 1.2027E-09 1.2984E-09 1.3866E-09 1.7145E-09 2.2416E-09 2.9275E-09 3.7214E-09 4.5175E-09 5.2405E-09 5.8979E-09 6.4371E-09 6.8857E-09 7.2318E-09 7.5090E-09 7.7174E-09 7.8800E-09 8.0904E-09 8.3523E-09 8.5503E-09 8.7554E-09 8.8684E-09 8.9550E-09 8.9594E-09 8.9420E-09 8.8725E-09 8.7919E-09 8.6704E-09 8.5507E-09
1.6712E-10 1.7143E-10 1.7581E-10 1.8025E-10 1.9067E-10 2.0090E-10 2.2198E-10 2.3930E-10 2.5523E-10 2.7421E-10 2.9185E-10 3.1236E-10 3.3561E-10 3.5874E-10 3.8388E-10 4.2087E-10 4.5132E-10 4.8426E-10 5.2150E-10 5.6645E-10 6.1004E-10 6.6179E-10 7.1724E-10 7.7795E-10 8.3277E-10 8.9123E-10 9.5499E-10 1.0379E-09 1.1187E-09 1.1961E-09 1.2782E-09 1.3794E-09 1.5708E-09 2.0663E-09 2.7350E-09 3.5271E-09 4.3337E-09 5.1210E-09 5.8021E-09 6.3853E-09 6.8644E-09 7.2279E-09 7.5222E-09 7.7259E-09 7.8871E-09 8.0283E-09 8.2027E-09 8.3991E-09 8.5410E-09 8.6926E-09 8.7600E-09 8.8113E-09 8.7912E-09 8.7588E-09 8.6811E-09 8.5941E-09 8.4714E-09
1.6576E-10 1.7003E-10 1.7438E-10 1.7879E-10 1.8892E-10 2.0600E-10 2.2377E-10 2.4139E-10 2.5695E-10 2.7117E-10 2.9223E-10 3.1107E-10 3.3364E-10 3.5865E-10 3.9178E-10 4.2207E-10 4.5480E-10 4.8998E-10 5.2786E-10 5.7368E-10 6.1818E-10 6.7136E-10 7.3186E-10 7.8698E-10 8.4301E-10 9.0280E-10 9.6647E-10 1.0341E-09 1.1108E-09 1.2040E-09 1.2914E-09 1.3789E-09 1.4708E-09 1.8987E-09 2.5334E-09 3.2961E-09 4.1463E-09 4.9564E-09 5.6912E-09 6.3204E-09 6.8134E-09 7.2232E-09 7.5137E-09 7.7520E-09 7.9015E-09 8.0244E-09 8.1310E-09 8.2858E-09 8.4234E-09 8.5186E-09 8.6263E-09 8.6582E-09 8.6819E-09 8.6438E-09 8.6009E-09 8.5149E-09 8.4231E-09
1.6436E-10 1.6860E-10 1.7291E-10 1.7729E-10 1.8646E-10 2.0745E-10 2.2565E-10 2.4087E-10 2.5675E-10 2.7318E-10 2.8900E-10 3.1210E-10 3.3254E-10 3.5915E-10 3.9804E-10 4.2710E-10 4.5862E-10 4.9439E-10 5.3780E-10 5.7990E-10 6.2860E-10 6.8390E-10 7.4305E-10 7.9660E-10 8.5389E-10 9.1507E-10 9.8026E-10 1.0496E-09 1.1232E-09 1.2011E-09 1.2884E-09 1.3909E-09 1.4902E-09 1.7439E-09 2.3044E-09 3.0517E-09 3.8974E-09 4.7634E-09 5.5577E-09 6.2108E-09 6.7693E-09 7.1932E-09 7.5246E-09 7.7618E-09 7.9399E-09 8.0552E-09 8.1381E-09 8.2278E-09 8.3342E-09 8.4332E-09 8.4907E-09 8.5629E-09 8.5672E-09 8.5692E-09 8.5178E-09 8.4653E-09 8.3726E-09
1.6294E-10 1.6715E-10 1.7142E-10 1.7799E-10 1.8740E-10 2.1060E-10 2.2480E-10 2.4302E-10 2.5849E-10 2.7328E-10 2.9133E-10 3.0897E-10 3.3405E-10 3.6605E-10 3.9565E-10 4.3059E-10 4.6433E-10 5.0074E-10 5.4193E-10 5.8797E-10 6.3625E-10 6.9684E-10 7.5196E-10 8.0670E-10 8.6530E-10 9.2791E-10 9.9467E-10 1.0657E-09 1.1412E-09 1.2211E-09 1.3057E-09 1.3949E-09 1.4902E-09 1.6341E-09 2.1372E-09 2.8297E-09 3.6477E-09 4.5335E-09 5.3428E-09 6.0751E-09 6.6659E-09 7.1432E-09 7.5130E-09 7.7743E-09 7.9693E-09 8.0942E-09 8.1767E-09 8.2270E-09 8.3054E-09 8.3695E-09 8.4360E-09 8.4625E-09 8.5030E-09 8.4725E-09 8.4479E-09 8.3877E-09 8.3265E-09
1.6149E-10 1.6566E-10 1.6989E-10 1.7650E-10 1.9043E-10 2.1068E-10 2.2938E-10 2.4253E-10 2.5829E-10 2.7528E-10 2.9175E-10 3.1162E-10 3.3501E-10 3.6636E-10 3.9989E-10 4.3028E-10 4.6678E-10 5.0736E-10 5.5100E-10 5.9337E-10 6.5018E-10 7.0629E-10 7.6119E-10 8.1715E-10 8.7710E-10 9.4117E-10 1.0095E-09 1.0823E-09 1.1597E-09 1.2417E-09 1.3285E-09 1.4201E-09 1.5166E-09 1.6181E-09 1.9535E-09 2.5800E-09 3.3893E-09 4.2811E-09 5.1516E-09 5.9290E-09 6.5628E-09 7.0805E-09 7.4602E-09 7.7585E-09 7.9569E-09 8.1101E-09 8.1999E-09 8.2690E-09 8.2760E-09 8.3340E-09 8.3730E-09 8.4143E-09 8.4311E-09 8.4376E-09 8.4045E-09 8.3768E-09 8.3064E-09
1.6001E-10 1.6414E-10 1.6834E-10 1.7497E-10 1.9422E-10 2.1153E-10 2.2741E-10 2.4403E-10 2.5804E-10 2.7535E-10 2.9404E-10 3.1239E-10 3.3633E-10 3.7006E-10 4.0062E-10 4.3393E-10 4.7009E-10 5.1309E-10 5.5568E-10 6.0524E-10 6.5857E-10 7.1737E-10 7.7065E-10 8.2786E-10 8.8916E-10 9.5473E-10 1.0247E-09 1.0993E-09 1.1786E-09 1.2627E-09 1.3517E-09 1.4458E-09 1.5449E-09 1.6492E-09 1.8570E-09 2.3808E-09 3.1155E-09 3.9890E-09 4.8924E-09 5.7107E-09 6.4263E-09 6.9826E-09 7.4290E-09 7.7368E-09 7.9811E-09 8.1324E-09 8.2538E-09 8.3180E-09 8.3626E-09 8.3588E-09 8.3851E-09 8.4026E-09 8.4211E-09 8.4177E-09 8.4059E-09 8.3527E-09 8.2962E-09
1.5851E-10 1.6260E-10 1.6676E-10 1.7342E-10 1.9308E-10 2.1077E-10 2.2544E-10 2.4249E-10 2.5973E-10 2.7727E-10 2.9439E-10 3.1499E-10 3.4501E-10 3.7222E-10 4.0178E-10 4.3641E-10 4.7361E-10 5.1354E-10 5.6123E-10 6.1111E-10 6.7256E-10 7.2579E-10 7.8022E-10 8.3868E-10 9.0135E-10 9.6843E-10 1.0401E-09 1.1164E-09 1.1976E-09 1.2838E-09 1.3751E-09 1.4716E-09 1.5733E-09 1.6804E-09 1.7927E-09 2.2073E-09 2.8766E-09 3.7121E-09 4.6095E-09 5.4898E-09 6.2318E-09 6.8621E-09 7.3365E-09 7.6987E-09 7.9551E-09 8.1433E-09 8.2574E-09 8.3552E-09 8.4020E-09 8.4177E-09 8.4096E-09 8.4069E-09 8.4098E-09 8.4096E-09 8.3901E-09 8.3637E-09 8.3071E-09
1.5698E-10 1.6103E-10 1.6515E-10 1.7413E-10 1.9630E-10 2.0995E-10 2.2757E-10 2.4245E-10 2.5852E-10 2.7724E-10 2.9655E-10 3.1939E-10 3.4640E-10 3.7779E-10 4.0625E-10 4.3722E-10 4.7768E-10 5.2288E-10 5.6398E-10 6.2088E-10 6.7985E-10 7.3421E-10 7.8978E-10 8.4950E-10 9.1355E-10 9.8212E-10 1.0554E-09 1.1335E-09 1.2166E-09 1.3049E-09 1.3984E-09 1.4973E-09 1.6017E-09 1.7115E-09 1.8268E-09 2.0838E-09 2.6438E-09 3.4158E-09 4.3223E-09 5.2199E-09 6.0363E-09 6.7187E-09 7.2462E-09 7.6558E-09 7.9451E-09 8.1619E-09 8.3035E-09 8.4007E-09 8.4725E-09 8.5009E-09 8.4901E-09 8.4718E-09 8.4546E-09 8.4423E-09 8.4278E-09 8.3940E-09 8.3553E-09
1.5542E-10 1.5944E-10 1.6573E-10 1.7923E-10 1.9797E-10 2.1182E-10 2.2700E-10 2.4213E-10 2.5850E-10 2.7626E-10 2.9676E-10 3.2005E-10 3.5315E-10 3.7979E-10 4.1054E-10 4.4543E-10 4.8335E-10 5.2382E-10 5.7526E-10 6.2770E-10 6.8523E-10 7.4069E-10 7.9924E-10 8.6020E-10 9.2561E-10 9.9566E-10 1.0705E-09 1.1504E-09 1.2354E-09 1.3257E-09 1.4215E-09 1.5228E-09 1.6296E-09 1.7422E-09 1.8604E-09 2.0026E-09 2.4541E-09 3.1619E-09 4.0065E-09 4.9236E-09 5.7907E-09 6.5214E-09 7.1228E-09 7.5697E-09 7.9148E-09 8.1499E-09 8.3288E-09 8.4416E-09 8.5294E-09 8.5823E-09 8.5818E-09 8.5569E-09 8.5278E-09 8.5025E-09 8.4766E-09 8.4495E-09 8.4037E-09
1.5385E-10 1.5782E-10 1.6412E-10 1.8054E-10 1.9960E-10 2.1365E-10 2.2835E-10 2.4169E-10 2.5834E-10 2.7639E-10 2.9589E-10 3.2423E-10 3.5444E-10 3.8502E-10 4.1469E-10 4.4868E-10 4.8746E-10 5.3111E-10 5.7690E-10 6.3518E-10 6.9306E-10 7.4629E-10 8.0478E-10 8.7013E-10 9.3740E-10 1.0089E-09 1.0854E-09 1.1669E-09 1.2538E-09 1.3461E-09 1.4440E-09 1.5476E-09 1.6570E-09 1.7722E-09 1.8933E-09 2.0202E-09 2.3261E-09 2.9069E-09 3.7034E-09 4.6085E-09 5.4914E-09 6.2963E-09 6.9422E-09 7.4650E-09 7.8397E-09 8.1304E-09 8.3220E-09 8.4720E-09 8.5646E-09 8.6418E-09 8.6854E-09 8.6613E-09 8.6213E-09 8.5823E-09 8.5479E-09 8.5127E-09 8.4733E-09
1.5225E-10 1.5618E-10 1.6248E-10 1.7913E-10 1.9849E-10 2.1273E-10 2.2763E-10 2.4313E-10 2.5804E-10 2.7638E-10 2.9629E-10 3.2736E-10 3.5906E-10 3.8675E-10 4.1698E-10 4.5489E-10 4.9604E-10 5.3589E-10 5.8265E-10 6.4351E-10 6.9718E-10 7.5452E-10 8.1332E-10 8.7627E-10 9.4576E-10 1.0217E-09 1.0997E-09 1.1829E-09 1.2716E-09 1.3659E-09 1.4659E-09 1.5717E-09 1.6835E-09 1.8013E-09 1.9251E-09 2.0550E-09 2.2289E-09 2.7220E-09 3.4187E-09 4.2679E-09 5.1806E-09 6.0093E-09 6.7395E-09 7.3101E-09 7.7517E-09 8.0646E-09 8.3109E-09 8.4691E-09 8.5987E-09 8.6782E-09 8.7503E-09 8.7646E-09 8.7285E-09 8.6815E-09 8.6378E-09 8.5940E-09 8.5500E-09
1.5063E-10 1.5452E-10 1.6081E-10 1.7993E-10 1.9731E-10 2.1172E-10 2.2681E-10 2.4251E-10 2.5957E-10 2.7811E-10 3.0021E-10 3.2834E-10 3.5861E-10 3.8824E-10 4.2388E-10 4.6089E-10 4.9968E-10 5.4178E-10 5.9691E-10 6.5013E-10 7.0376E-10 7.5867E-10 8.2013E-10 8.8662E-10 9.5554E-10 1.0294E-09 1.1105E-09 1.1983E-09 1.2887E-09 1.3848E-09 1.4868E-09 1.5948E-09 1.7089E-09 1.8291E-09 1.9556E-09 2.0883E-09 2.2271E-09 2.5630E-09 3.1583E-09 3.9605E-09 4.8386E-09 5.7121E-09 6.4807E-09 7.1203E-09 7.6135E-09 7.9909E-09 8.2624E-09 8.4646E-09 8.6061E-09 8.7145E-09 8.7870E-09 8.8581E-09 8.8371E-09 8.8007E-09 8.7394E-09 8.6917E-09 8.6418E-09
1.4899E-10 1.5284E-10 1.5911E-10 1.8059E-10 1.9605E-10 2.1062E-10 2.2587E-10 2.4175E-10 2.5902E-10 2.7781E-10 3.0026E-10 3.3262E-10 3.5853E-10 3.9099E-10 4.2577E-10 4.6345E-10 5.0447E-10 5.5058E-10 6.0200E-10 6.5908E-10 7.1085E-10 7.6678E-10 8.2709E-10 8.9211E-10 9.6471E-10 1.0417E-09 1.1222E-09 1.2083E-09 1.3014E-09 1.4019E-09 1.5066E-09 1.6167E-09 1.7330E-09 1.8556E-09 1.9845E-09 2.1199E-09 2.2616E-09 2.4675E-09 2.9708E-09 3.6605E-09 4.5024E-09 5.3833E-09 6.1911E-09 6.8921E-09 7.4429E-09 7.8769E-09 8.1908E-09 8.4310E-09 8.5984E-09 8.7238E-09 8.8240E-09 8.8944E-09 8.9377E-09 8.9036E-09 8.8638E-09 8.7984E-09 8.7438E-09
1.4733E-10 1.5113E-10 1.5739E-10 1.8131E-10 1.9742E-10 2.1212E-10 2.2681E-10 2.4085E-10 2.5831E-10 2.7733E-10 3.0376E-10 3.3305E-10 3.6281E-10 3.9163E-10 4.2504E-10 4.6827E-10 5.0890E-10 5.5426E-10 6.0940E-10 6.6467E-10 7.1730E-10 7.7417E-10 8.3552E-10 9.0158E-10 9.7259E-10 1.0490E-09 1.1333E-09 1.2225E-09 1.3158E-09 1.4151E-09 1.5207E-09 1.6348E-09 1.7555E-09 1.8803E-09 2.0116E-09 2.1495E-09 2.2938E-09 2.4446E-09 2.8271E-09 3.4004E-09 4.1650E-09 5.0304E-09 5.8758E-09 6.6122E-09 7.2364E-09 7.7140E-09 8.0903E-09 8.3597E-09 8.5703E-09 8.7184E-09 8.8406E-09 8.9307E-09 9.0025E-09 9.0103E-09 8.9691E-09 8.9221E-09 8.8568E-09
1.4565E-10 1.4941E-10 1.6005E-10 1.8256E-10 1.9604E-10 2.1085E-10 2.2566E-10 2.4179E-10 2.5936E-10 2.7665E-10 3.0721E-10 3.3673E-10 3.6342E-10 3.9428E-10 4.3276E-10 4.6985E-10 5.1011E-10 5.5745E-10 6.1759E-10 6.6962E-10 7.2304E-10 7.8079E-10 8.4309E-10 9.1020E-10 9.8234E-10 1.0597E-09 1.1426E-09 1.2312E-09 1.3280E-09 1.4312E-09 1.5383E-09 1.6519E-09 1.7719E-09 1.8987E-09 2.0340E-09 2.1763E-09 2.3237E-09 2.4771E-09 2.7061E-09 3.2093E-09 3.8722E-09 4.6872E-09 5.5255E-09 6.3157E-09 6.9759E-09 7.5274E-09 7.9413E-09 8.2700E-09 8.5047E-09 8.6938E-09 8.8293E-09 8.9467E-09 9.0368E-09 9.0876E-09 9.0744E-09 9.0334E-09 8.9808E-09
1.4395E-10 1.4768E-10 1.5833E-10 1.8101E-10 1.9726E-10 2.1147E-10 2.2438E-10 2.4063E-10 2.5835E-10 2.7767E-10 3.0854E-10 3.3670E-10 3.6372E-10 3.9823E-10 4.3407E-10 4.7168E-10 5.1111E-10 5.6259E-10 6.2085E-10 6.7390E-10 7.2804E-10 7.8657E-10 8.4974E-10 9.1780E-10 9.9097E-10 1.0695E-09 1.1536E-09 1.2435E-09 1.3394E-09 1.4416E-09 1.5510E-09 1.6684E-09 1.7915E-09 1.9200E-09 2.0554E-09 2.1975E-09 2.3464E-09 2.5024E-09 2.6663E-09 3.0643E-09 3.6288E-09 4.3621E-09 5.1913E-09 5.9847E-09 6.7001E-09 7.2858E-09 7.7722E-09 8.1326E-09 8.4234E-09 8.6322E-09 8.8064E-09 8.9347E-09 9.0509E-09 9.1439E-09 9.1593E-09 9.1371E-09 9.0886E-09
1.4224E-10 1.4592E-10 1.6154E-10 1.8213E-10 1.9574E-10 2.1001E-10 2.2494E-10 2.4123E-10 2.5715E-10 2.8039E-10 3.0788E-10 3.3637E-10 3.6704E-10 3.9865E-10 4.3495E-10 4.7303E-10 5.1593E-10 5.6897E-10 6.2447E-10 6.7607E-10 7.3223E-10 7.9148E-10 8.5542E-10 9.2432E-10 9.9842E-10 1.0780E-09 1.1632E-09 1.2543E-09 1.3514E-09 1.4549E-09 1.5649E-09 1.6814E-09 1.8047E-09 1.9358E-09 2.0749E-09 2.2205E-09 2.3715E-09 2.5294E-09 2.6941E-09 2.9426E-09 3.4334E-09 4.0738E-09 4.8438E-09 5.6436E-09 6.3887E-09 7.0267E-09 7.5526E-09 7.9743E-09 8.2914E-09 8.5525E-09 8.7424E-09 8.9072E-09 9.0326E-09 9.1505E-09 9.2304E-09 9.2199E-09 9.1952E-09
