Assets/Resources/2015_m01_d15_0200(utc+0800)_l00_csi_1hr_conc.grd
DSAA
         159         159
     -79.000      79.000
     -79.000      79.000
  0.0000E+00  0.8618E-05
[rows 0 to 24 of 159, columns 0 to 56 of 159]
0.0000E+00 0.0000E+00 1.0238E-11 2.2158E-11 3.3632E-11 5.7991E-11 7.5333E-11 8.5750E-11 9.7414E-11 1.1044E-10 1.2497E-10 1.4112E-10 1.7782E-10 2.2508E-10 2.6754E-10 3.0476E-10 3.4812E-10 3.9653E-10 4.4894E-10 5.1051E-10 5.7395E-10 6.5069E-10 7.3126E-10 8.2245E-10 9.2277E-10 1.0309E-09 1.1537E-09 1.2826E-09 1.4308E-09 1.5947E-09 1.7729E-09 1.9733E-09 2.1809E-09 2.4030E-09 2.6480E-09 2.8965E-09 3.1466E-09 3.4012E-09 3.6441E-09 3.8848E-09 4.1140E-09 4.3324E-09 4.5425E-09 4.7346E-09 4.9157E-09 5.0781E-09 5.2249E-09 5.3607E-09 5.4775E-09 5.5790E-09 5.6701E-09 5.7427E-09 5.8013E-09 5.8510E-09 5.8835E-09 5.9065E-09 5.9167E-09
0.0000E+00 0.0000E+00 1.0289E-11 2.2263E-11 3.3769E-11 5.8228E-11 7.5639E-11 8.6099E-11 9.7810E-11 1.1089E-10 1.2548E-10 1.4538E-10 1.7864E-10 2.2774E-10 2.6897E-10 3.0795E-10 3.5009E-10 4.0038E-10 4.5167E-10 5.1379E-10 5.7979E-10 6.5520E-10 7.3858E-10 8.2860E-10 9.3205E-10 1.0392E-09 1.1635E-09 1.2934E-09 1.4450E-09 1.6078E-09 1.7871E-09 1.9897E-09 2.1993E-09 2.4255E-09 2.6702E-09 2.9217E-09 3.1827E-09 3.4345E-09 3.6813E-09 3.9262E-09 4.1593E-09 4.3863E-09 4.5964E-09 4.7925E-09 4.9777E-09 5.1438E-09 5.2983E-09 5.4333E-09 5.5530E-09 5.6615E-09 5.7510E-09 5.8258E-09 5.8876E-09 5.9380E-09 5.9718E-09 5.9978E-09 6.0074E-09
0.0000E+00 0.0000E+00 1.0319E-11 2.2323E-11 3.3840E-11 5.8349E-11 7.5793E-11 8.6275E-11 9.8010E-11 1.1112E-10 1.2573E-10 1.4569E-10 1.8049E-10 2.2840E-10 2.6979E-10 3.0896E-10 3.5128E-10 4.0186E-10 4.5501E-10 5.1589E-10 5.8431E-10 6.5821E-10 7.4422E-10 8.3498E-10 9.3724E-10 1.0495E-09 1.1707E-09 1.3012E-09 1.4540E-09 1.6173E-09 1.8021E-09 2.0020E-09 2.2131E-09 2.4455E-09 2.6875E-09 2.9412E-09 3.2062E-09 3.4616E-09 3.7164E-09 3.9613E-09 4.1996E-09 4.4295E-09 4.6439E-09 4.8484E-09 5.0335E-09 5.2032E-09 5.3616E-09 5.4999E-09 5.6255E-09 5.7344E-09 5.8265E-09 5.9049E-09 5.9710E-09 6.0201E-09 6.0572E-09 6.0834E-09 6.0963E-09
0.0000E+00 0.0000E+00 1.0329E-11 2.2340E-11 3.3845E-11 5.8352E-11 7.5795E-11 8.6277E-11 9.8013E-11 1.1112E-10 1.2574E-10 1.4571E-10 1.8056E-10 2.2855E-10 2.7001E-10 3.1071E-10 3.5324E-10 4.0243E-10 4.5728E-10 5.1681E-10 5.8744E-10 6.5969E-10 7.4621E-10 8.3947E-10 9.4024E-10 1.0553E-09 1.1751E-09 1.3106E-09 1.4597E-09 1.6231E-09 1.8112E-09 2.0098E-09 2.2220E-09 2.4562E-09 2.6993E-09 2.9620E-09 3.2235E-09 3.4837E-09 3.7410E-09 3.9896E-09 4.2347E-09 4.4658E-09 4.6888E-09 4.8934E-09 5.0824E-09 5.2604E-09 5.4182E-09 5.5601E-09 5.6909E-09 5.8013E-09 5.8961E-09 5.9806E-09 6.0459E-09 6.0970E-09 6.1393E-09 6.1642E-09 6.1809E-09
0.0000E+00 0.0000E+00 1.0317E-11 2.2312E-11 3.3783E-11 5.8238E-11 7.5645E-11 8.6106E-11 9.7819E-11 1.1090E-10 1.2549E-10 1.4542E-10 1.8025E-10 2.2819E-10 2.6962E-10 3.1034E-10 3.5286E-10 4.0207E-10 4.5697E-10 5.1653E-10 5.8735E-10 6.6179E-10 7.4645E-10 8.4200E-10 9.4104E-10 1.0567E-09 1.1768E-09 1.3148E-09 1.4619E-09 1.6251E-09 1.8139E-09 2.0130E-09 2.2330E-09 2.4617E-09 2.7054E-09 2.9701E-09 3.2343E-09 3.5005E-09 3.7587E-09 4.0137E-09 4.2600E-09 4.4949E-09 4.7224E-09 4.9311E-09 5.1286E-09 5.3066E-09 5.4679E-09 5.6182E-09 5.7481E-09 5.8617E-09 5.9643E-09 6.0472E-09 6.1150E-09 6.1732E-09 6.2133E-09 6.2399E-09 6.2609E-09
0.0000E+00 0.0000E+00 1.0286E-11 2.2240E-11 3.3654E-11 5.8007E-11 7.5343E-11 8.5762E-11 9.7428E-11 1.1046E-10 1.2499E-10 1.4485E-10 1.7955E-10 2.2733E-10 2.6863E-10 3.0926E-10 3.5167E-10 4.0078E-10 4.5561E-10 5.1505E-10 5.8590E-10 6.6232E-10 7.4495E-10 8.4065E-10 9.4185E-10 1.0555E-09 1.1756E-09 1.3141E-09 1.4606E-09 1.6281E-09 1.8125E-09 2.0116E-09 2.2324E-09 2.4616E-09 2.7107E-09 2.9723E-09 3.2386E-09 3.5080E-09 3.7691E-09 4.0292E-09 4.2778E-09 4.5209E-09 4.7484E-09 4.9612E-09 5.1633E-09 5.3452E-09 5.5149E-09 5.6649E-09 5.7983E-09 5.9201E-09 6.0216E-09 6.1074E-09 6.1828E-09 6.2392E-09 6.2815E-09 6.3147E-09 6.3339E-09
0.0000E+00 0.0000E+00 1.0233E-11 2.2124E-11 3.1920E-11 5.7661E-11 7.4891E-11 8.5248E-11 9.6844E-11 1.0980E-10 1.2424E-10 1.4398E-10 1.7847E-10 2.2597E-10 2.6703E-10 3.0749E-10 3.4969E-10 3.9859E-10 4.5472E-10 5.1447E-10 5.8308E-10 6.5932E-10 7.4383E-10 8.3732E-10 9.4047E-10 1.0519E-09 1.1762E-09 1.3103E-09 1.4560E-09 1.6254E-09 1.8069E-09 2.0080E-09 2.2267E-09 2.4561E-09 2.7078E-09 2.9681E-09 3.2402E-09 3.5083E-09 3.7752E-09 4.0357E-09 4.2878E-09 4.5351E-09 4.7665E-09 4.9879E-09 5.1901E-09 5.3760E-09 5.5503E-09 5.7040E-09 5.8457E-09 5.9670E-09 6.0719E-09 6.1656E-09 6.2398E-09 6.2990E-09 6.3459E-09 6.3823E-09 6.4015E-09
0.0000E+00 0.0000E+00 1.0161E-11 2.1965E-11 3.0137E-11 5.7201E-11 7.4292E-11 8.4566E-11 9.6070E-11 1.0892E-10 1.2324E-10 1.3917E-10 1.7564E-10 2.2412E-10 2.6485E-10 3.0503E-10 3.4845E-10 3.9549E-10 4.5131E-10 5.1068E-10 5.7892E-10 6.5679E-10 7.3894E-10 8.3205E-10 9.3688E-10 1.0458E-09 1.1718E-09 1.3034E-09 1.4482E-09 1.6168E-09 1.7971E-09 2.0019E-09 2.2163E-09 2.4474E-09 2.6967E-09 2.9574E-09 3.2311E-09 3.5015E-09 3.7727E-09 4.0347E-09 4.2943E-09 4.5412E-09 4.7793E-09 5.0022E-09 5.2087E-09 5.4034E-09 5.5776E-09 5.7352E-09 5.8813E-09 6.0064E-09 6.1164E-09 6.2125E-09 6.2899E-09 6.3521E-09 6.4071E-09 6.4417E-09 6.4632E-09
0.0000E+00 0.0000E+00 1.0068E-11 2.1764E-11 2.9852E-11 5.5082E-11 7.3550E-11 8.3721E-11 9.5109E-11 1.0783E-10 1.2201E-10 1.3778E-10 1.7384E-10 2.1490E-10 2.6209E-10 3.0190E-10 3.4493E-10 3.9152E-10 4.4688E-10 5.0772E-10 5.7345E-10 6.5082E-10 7.3443E-10 8.2485E-10 9.2915E-10 1.0373E-09 1.1627E-09 1.2934E-09 1.4394E-09 1.6044E-09 1.7834E-09 1.9871E-09 2.2008E-09 2.4335E-09 2.6800E-09 2.9431E-09 3.2151E-09 3.4888E-09 3.7612E-09 4.0258E-09 4.2886E-09 4.5390E-09 4.7826E-09 5.0082E-09 5.2232E-09 5.4180E-09 5.5966E-09 5.7631E-09 5.9088E-09 6.0380E-09 6.1554E-09 6.2521E-09 6.3329E-09 6.4056E-09 6.4572E-09 6.4947E-09 6.5260E-09
0.0000E+00 0.0000E+00 5.1627E-12 2.1522E-11 2.7925E-11 5.4426E-11 7.2668E-11 8.2718E-11 9.3969E-11 1.0654E-10 1.2055E-10 1.3613E-10 1.7170E-10 2.1221E-10 2.5878E-10 2.9812E-10 3.4066E-10 3.8669E-10 4.4148E-10 5.0169E-10 5.6671E-10 6.4339E-10 7.2625E-10 8.1797E-10 9.1930E-10 1.0286E-09 1.1510E-09 1.2805E-09 1.4273E-09 1.5886E-09 1.7680E-09 1.9678E-09 2.1803E-09 2.4144E-09 2.6575E-09 2.9209E-09 3.1921E-09 3.4702E-09 3.7419E-09 4.0133E-09 4.2748E-09 4.5312E-09 4.7759E-09 5.0054E-09 5.2249E-09 5.4239E-09 5.6114E-09 5.7781E-09 5.9279E-09 6.0661E-09 6.1832E-09 6.2837E-09 6.3753E-09 6.4453E-09 6.5004E-09 6.5480E-09 6.5761E-09
0.0000E+00 0.0000E+00 5.0951E-12 1.9701E-11 2.7559E-11 4.6937E-11 7.1653E-11 8.1562E-11 9.2656E-11 1.0505E-10 1.1886E-10 1.3423E-10 1.6221E-10 2.0910E-10 2.5494E-10 2.9373E-10 3.3567E-10 3.8105E-10 4.3513E-10 4.9458E-10 5.6084E-10 6.3455E-10 7.1845E-10 8.0716E-10 9.0741E-10 1.0155E-09 1.1366E-09 1.2647E-09 1.4120E-09 1.5692E-09 1.7486E-09 1.9442E-09 2.1574E-09 2.3879E-09 2.6291E-09 2.8914E-09 3.1623E-09 3.4417E-09 3.7151E-09 3.9888E-09 4.2528E-09 4.5137E-09 4.7604E-09 4.9985E-09 5.2179E-09 5.4210E-09 5.6133E-09 5.7843E-09 5.9431E-09 6.0814E-09 6.2027E-09 6.3141E-09 6.4036E-09 6.4775E-09 6.5407E-09 6.5882E-09 6.6196E-09
0.0000E+00 0.0000E+00 5.0181E-12 1.9404E-11 2.5565E-11 4.4602E-11 7.0509E-11 8.0260E-11 9.1177E-11 1.0337E-10 1.1697E-10 1.3208E-10 1.5813E-10 1.9846E-10 2.5058E-10 2.8874E-10 3.3000E-10 3.7462E-10 4.2787E-10 4.8644E-10 5.5172E-10 6.2436E-10 7.0716E-10 7.9671E-10 8.9354E-10 1.0023E-09 1.1198E-09 1.2461E-09 1.3914E-09 1.5463E-09 1.7252E-09 1.9165E-09 2.1297E-09 2.3560E-09 2.5981E-09 2.8558E-09 3.1285E-09 3.4059E-09 3.6833E-09 3.9562E-09 4.2239E-09 4.4862E-09 4.7360E-09 4.9783E-09 5.2017E-09 5.4137E-09 5.6060E-09 5.7814E-09 5.9453E-09 6.0880E-09 6.2137E-09 6.3301E-09 6.4239E-09 6.5018E-09 6.5721E-09 6.6212E-09 6.6562E-09
0.0000E+00 0.0000E+00 0.0000E+00 1.9075E-11 2.5130E-11 3.5319E-11 6.9245E-11 7.8820E-11 8.9541E-11 1.0152E-10 1.1487E-10 1.2971E-10 1.5523E-10 1.8984E-10 2.4575E-10 2.8319E-10 3.2368E-10 3.6746E-10 4.1977E-10 4.7731E-10 5.4147E-10 6.1289E-10 6.9441E-10 7.8256E-10 8.7780E-10 9.8494E-10 1.1006E-09 1.2271E-09 1.3680E-09 1.5201E-09 1.6962E-09 1.8846E-09 2.0974E-09 2.3191E-09 2.5602E-09 2.8142E-09 3.0867E-09 3.3629E-09 3.6426E-09 3.9155E-09 4.1881E-09 4.4502E-09 4.7073E-09 4.9491E-09 5.1778E-09 5.3930E-09 5.5896E-09 5.7740E-09 5.9383E-09 6.0855E-09 6.2229E-09 6.3375E-09 6.4357E-09 6.5254E-09 6.5934E-09 6.6465E-09 6.6929E-09
0.0000E+00 0.0000E+00 0.0000E+00 1.7140E-11 2.4654E-11 3.4633E-11 6.6357E-11 7.7250E-11 8.7757E-11 9.9495E-11 1.1258E-10 1.2713E-10 1.4859E-10 1.8588E-10 2.3381E-10 2.7570E-10 3.1526E-10 3.5960E-10 4.1087E-10 4.6727E-10 5.3018E-10 6.0022E-10 6.8028E-10 7.6683E-10 8.6028E-10 9.6763E-10 1.0791E-09 1.2034E-09 1.3419E-09 1.4907E-09 1.6636E-09 1.8488E-09 2.0587E-09 2.2773E-09 2.5158E-09 2.7668E-09 3.0376E-09 3.3144E-09 3.5932E-09 3.8669E-09 4.1413E-09 4.4054E-09 4.6656E-09 4.9107E-09 5.1463E-09 5.3629E-09 5.5637E-09 5.7530E-09 5.9220E-09 6.0807E-09 6.2167E-09 6.3361E-09 6.4460E-09 6.5340E-09 6.6065E-09 6.6713E-09 6.7155E-09
0.0000E+00 0.0000E+00 0.0000E+00 1.2106E-11 2.2537E-11 3.2387E-11 5.8278E-11 7.5559E-11 8.5836E-11 9.7317E-11 1.1011E-10 1.2434E-10 1.4383E-10 1.7813E-10 2.2831E-10 2.6917E-10 3.0780E-10 3.5111E-10 4.0122E-10 4.5637E-10 5.1790E-10 5.8643E-10 6.6486E-10 7.5165E-10 8.4112E-10 9.4640E-10 1.0555E-09 1.1795E-09 1.3132E-09 1.4607E-09 1.6280E-09 1.8116E-09 2.0157E-09 2.2322E-09 2.4662E-09 2.7152E-09 2.9824E-09 3.2592E-09 3.5366E-09 3.8136E-09 4.0862E-09 4.3552E-09 4.6151E-09 4.8647E-09 5.1026E-09 5.3233E-09 5.5332E-09 5.7226E-09 5.8961E-09 6.0603E-09 6.2013E-09 6.3278E-09 6.4411E-09 6.5340E-09 6.6182E-09 6.6815E-09 6.7304E-09
0.0000E+00 0.0000E+00 0.0000E+00 1.0208E-11 2.2023E-11 2.8520E-11 5.5345E-11 7.3756E-11 8.3788E-11 9.4994E-11 1.0748E-10 1.2137E-10 1.3679E-10 1.7231E-10 2.1423E-10 2.6220E-10 2.9984E-10 3.4204E-10 3.9090E-10 4.4469E-10 5.0473E-10 5.7373E-10 6.4826E-10 7.3313E-10 8.2042E-10 9.2344E-10 1.0299E-09 1.1513E-09 1.2819E-09 1.4282E-09 1.5893E-09 1.7687E-09 1.9688E-09 2.1818E-09 2.4118E-09 2.6583E-09 2.9211E-09 3.1975E-09 3.4729E-09 3.7515E-09 4.0233E-09 4.2951E-09 4.5559E-09 4.8111E-09 5.0497E-09 5.2759E-09 5.4886E-09 5.6827E-09 5.8676E-09 6.0304E-09 6.1764E-09 6.3131E-09 6.4272E-09 6.5251E-09 6.6152E-09 6.6835E-09 6.7372E-09
0.0000E+00 0.0000E+00 0.0000E+00 5.1601E-12 2.1478E-11 2.7813E-11 4.7133E-11 7.1852E-11 8.1624E-11 9.2540E-11 1.0471E-10 1.1824E-10 1.3325E-10 1.6071E-10 2.0831E-10 2.5339E-10 2.8984E-10 3.3243E-10 3.7997E-10 4.3231E-10 4.9074E-10 5.5798E-10 6.3058E-10 7.1337E-10 7.9833E-10 8.9889E-10 1.0026E-09 1.1231E-09 1.2485E-09 1.3910E-09 1.5477E-09 1.7251E-09 1.9184E-09 2.1288E-09 2.3530E-09 2.5966E-09 2.8543E-09 3.1284E-09 3.4040E-09 3.6809E-09 3.9543E-09 4.2256E-09 4.4881E-09 4.7461E-09 4.9878E-09 5.2207E-09 5.4345E-09 5.6354E-09 5.8232E-09 5.9908E-09 6.1489E-09 6.2846E-09 6.4040E-09 6.5145E-09 6.6034E-09 6.6770E-09 6.7435E-09
0.0000E+00 0.0000E+00 0.0000E+00 5.0203E-12 1.9387E-11 2.5494E-11 4.2799E-11 6.9856E-11 7.9356E-11 8.9968E-11 1.0180E-10 1.1495E-10 1.2955E-10 1.5471E-10 1.9040E-10 2.4572E-10 2.8106E-10 3.2236E-10 3.6701E-10 4.1930E-10 4.7603E-10 5.4139E-10 6.1194E-10 6.9250E-10 7.7720E-10 8.7290E-10 9.7368E-10 1.0911E-09 1.2129E-09 1.3515E-09 1.5038E-09 1.6764E-09 1.8647E-09 2.0720E-09 2.2904E-09 2.5293E-09 2.7837E-09 3.0535E-09 3.3288E-09 3.6033E-09 3.8780E-09 4.1483E-09 4.4151E-09 4.6724E-09 4.9184E-09 5.1534E-09 5.3710E-09 5.5808E-09 5.7692E-09 5.9415E-09 6.1056E-09 6.2466E-09 6.3760E-09 6.4882E-09 6.5825E-09 6.6689E-09 6.7346E-09
0.0000E+00 0.0000E+00 0.0000E+00 0.0000E+00 1.7247E-11 2.4763E-11 3.3137E-11 6.6274E-11 7.6995E-11 8.7292E-11 9.8768E-11 1.1153E-10 1.2569E-10 1.4510E-10 1.8294E-10 2.2970E-10 2.7192E-10 3.1188E-10 3.5509E-10 4.0378E-10 4.6069E-10 5.2196E-10 5.9245E-10 6.7065E-10 7.5277E-10 8.4564E-10 9.4332E-10 1.0574E-09 1.1756E-09 1.3121E-09 1.4576E-09 1.6251E-09 1.8082E-09 2.0107E-09 2.2255E-09 2.4578E-09 2.7085E-09 2.9731E-09 3.2477E-09 3.5193E-09 3.7947E-09 4.0636E-09 4.3326E-09 4.5902E-09 4.8418E-09 5.0771E-09 5.3004E-09 5.5127E-09 5.7055E-09 5.8897E-09 6.0525E-09 6.1989E-09 6.3367E-09 6.4524E-09 6.5525E-09 6.6455E-09 6.7170E-09
0.0000E+00 0.0000E+00 0.0000E+00 0.0000E+00 1.2056E-11 2.2412E-11 3.0545E-11 5.6039E-11 7.4555E-11 8.4525E-11 9.5637E-11 1.0799E-10 1.2170E-10 1.3688E-10 1.7346E-10 2.1499E-10 2.6106E-10 2.9964E-10 3.4277E-10 3.8979E-10 4.4480E-10 5.0402E-10 5.7224E-10 6.4795E-10 7.2738E-10 8.1729E-10 9.1171E-10 1.0223E-09 1.1366E-09 1.2687E-09 1.4094E-09 1.5736E-09 1.7493E-09 1.9464E-09 2.1572E-09 2.3827E-09 2.6293E-09 2.8879E-09 3.1597E-09 3.4307E-09 3.7034E-09 3.9732E-09 4.2411E-09 4.4998E-09 4.7539E-09 4.9919E-09 5.2231E-09 5.4352E-09 5.6323E-09 5.8220E-09 5.9898E-09 6.1486E-09 6.2858E-09 6.4073E-09 6.5209E-09 6.6131E-09 6.6905E-09
0.0000E+00 0.0000E+00 0.0000E+00 0.0000E+00 1.0063E-11 2.1685E-11 2.8030E-11 4.7413E-11 7.2046E-11 8.1680E-11 9.2418E-11 1.0436E-10 1.1761E-10 1.3227E-10 1.5915E-10 1.9877E-10 2.5144E-10 2.8706E-10 3.2862E-10 3.7542E-10 4.2641E-10 4.8556E-10 5.5141E-10 6.2455E-10 7.0117E-10 7.8800E-10 8.7906E-10 9.8599E-10 1.0963E-09 1.2238E-09 1.3595E-09 1.5180E-09 1.6895E-09 1.8795E-09 2.0845E-09 2.3044E-09 2.5450E-09 2.7997E-09 3.0666E-09 3.3364E-09 3.6059E-09 3.8762E-09 4.1425E-09 4.4032E-09 4.6578E-09 4.8981E-09 5.1330E-09 5.3485E-09 5.5565E-09 5.7447E-09 5.9176E-09 6.0824E-09 6.2253E-09 6.3575E-09 6.4730E-09 6.5714E-09 6.6628E-09
0.0000E+00 0.0000E+00 0.0000E+00 0.0000E+00 5.0319E-12 1.9416E-11 2.5487E-11 4.1110E-11 6.9482E-11 7.8773E-11 8.9128E-11 1.0064E-10 1.1342E-10 1.2756E-10 1.4847E-10 1.8653E-10 2.3354E-10 2.7584E-10 3.1576E-10 3.5875E-10 4.0976E-10 4.6668E-10 5.3010E-10 6.0057E-10 6.7431E-10 7.5795E-10 8.4556E-10 9.4869E-10 1.0549E-09 1.1780E-09 1.3080E-09 1.4608E-09 1.6264E-09 1.8104E-09 2.0094E-09 2.2231E-09 2.4574E-09 2.7080E-09 2.9691E-09 3.2371E-09 3.5027E-09 3.7728E-09 4.0371E-09 4.3010E-09 4.5539E-09 4.8006E-09 5.0342E-09 5.2531E-09 5.4654E-09 5.6581E-09 5.8407E-09 6.0067E-09 6.1553E-09 6.2963E-09 6.4159E-09 6.5206E-09 6.6192E-09
0.0000E+00 0.0000E+00 0.0000E+00 0.0000E+00 0.0000E+00 1.7135E-11 2.2928E-11 3.1198E-11 6.5390E-11 7.5816E-11 8.5782E-11 9.6864E-11 1.0916E-10 1.2277E-10 1.3780E-10 1.7426E-10 2.1564E-10 2.6292E-10 3.0117E-10 3.4392E-10 3.9286E-10 4.4557E-10 5.0645E-10 5.7417E-10 6.4475E-10 7.2732E-10 8.1139E-10 9.1062E-10 1.0126E-09 1.1311E-09 1.2554E-09 1.4025E-09 1.5618E-09 1.7394E-09 1.9334E-09 2.1409E-09 2.3669E-09 2.6116E-09 2.8676E-09 3.1319E-09 3.3944E-09 3.6624E-09 3.9252E-09 4.1892E-09 4.4426E-09 4.6931E-09 4.9272E-09 5.1536E-09 5.3655E-09 5.5624E-09 5.7525E-09 5.9216E-09 6.0807E-09 6.2234E-09 6.3493E-09 6.4683E-09 6.5664E-09
0.0000E+00 0.0000E+00 0.0000E+00 0.0000E+00 0.0000E+00 1.0247E-11 2.2053E-11 3.0005E-11 5.3329E-11 7.2823E-11 8.2395E-11 9.3039E-11 1.0485E-10 1.1792E-10 1.3236E-10 1.5888E-10 1.9804E-10 2.5009E-10 2.8662E-10 3.2749E-10 3.7394E-10 4.2623E-10 4.8456E-10 5.4948E-10 6.1705E-10 6.9627E-10 7.7674E-10 8.7198E-10 9.6963E-10 1.0834E-09 1.2023E-09 1.3433E-09 1.4960E-09 1.6669E-09 1.8547E-09 2.0552E-09 2.2741E-09 2.5136E-09 2.7627E-09 3.0228E-09 3.2831E-09 3.5468E-09 3.8092E-09 4.0711E-09 4.3244E-09 4.5764E-09 4.8124E-09 5.0439E-09 5.2572E-09 5.4625E-09 5.6530E-09 5.8273E-09 5.9947E-09 6.1413E-09 6.2783E-09 6.3996E-09 6.5046E-09
0.0000E+00 0.0000E+00 0.0000E+00 0.0000E+00 0.0000E+00 5.0897E-12 1.9625E-11 2.7312E-11 4.1386E-11 6.9808E-11 7.8983E-11 8.9186E-11 1.0050E-10 1.1303E-10 1.2687E-10 1.4583E-10 1.8462E-10 2.3067E-10 2.7202E-10 3.1097E-10 3.5490E-10 4.0479E-10 4.6254E-10 5.2462E-10 5.8916E-10 6.6497E-10 7.4181E-10 8.3298E-10 9.2629E-10 1.0353E-09 1.1487E-09 1.2834E-09 1.4295E-09 1.5936E-09 1.7749E-09 1.9695E-09 2.1796E-09 2.4121E-09 2.6566E-09 2.9103E-09 3.1680E-09 3.4268E-09 3.6881E-09 3.9471E-09 4.2044E-09 4.4529E-09 4.6902E-09 4.9242E-09 5.1407E-09 5.3522E-09 5.5447E-09 5.7265E-09 5.8974E-09 6.0498E-09 6.1960E-09 6.3217E-09 6.4356E-09
