Assets/Resources/2015_m01_d24_1600(utc+0800)_l00_csi_1hr_conc.grd
DSAA
         159         159
     -79.000      79.000
     -79.000      79.000
  0.0000E+00  0.8255E-05
[rows 0 to 24 of 159, columns 0 to 56 of 159]
3.5788E-09 3.6549E-09 3.7232E-09 3.7825E-09 3.8333E-09 3.8756E-09 3.9081E-09 3.9303E-09 3.9418E-09 3.9428E-09 3.9341E-09 3.9146E-09 3.8840E-09 3.8428E-09 3.7912E-09 3.7302E-09 3.6607E-09 3.5830E-09 3.4981E-09 3.4070E-09 3.3104E-09 3.2099E-09 3.1059E-09 3.0001E-09 2.8937E-09 2.7882E-09 2.6844E-09 2.5833E-09 2.4868E-09 2.3946E-09 2.3077E-09 2.2262E-09 2.1480E-09 2.0746E-09 2.0063E-09 1.9428E-09 1.8867E-09 1.8353E-09 1.7852E-09 1.7409E-09 1.6984E-09 1.6615E-09 1.6308E-09 1.6053E-09 1.5850E-09 1.5722E-09 1.5665E-09 1.5592E-09 1.5517E-09 1.5455E-09 1.5387E-09 1.5301E-09 1.5234E-09 1.5152E-09 1.5076E-09 1.4998E-09 1.4916E-09
3.7871E-09 3.8715E-09 3.9472E-09 4.0151E-09 4.0745E-09 4.1236E-09 4.1623E-09 4.1900E-09 4.2079E-09 4.2142E-09 4.2088E-09 4.1909E-09 4.1609E-09 4.1197E-09 4.0673E-09 4.0044E-09 3.9316E-09 3.8494E-09 3.7590E-09 3.6609E-09 3.5564E-09 3.4466E-09 3.3328E-09 3.2161E-09 3.0983E-09 2.9804E-09 2.8644E-09 2.7517E-09 2.6427E-09 2.5381E-09 2.4394E-09 2.3461E-09 2.2592E-09 2.1769E-09 2.0982E-09 2.0274E-09 1.9614E-09 1.9013E-09 1.8450E-09 1.7949E-09 1.7490E-09 1.7052E-09 1.6684E-09 1.6373E-09 1.6136E-09 1.5961E-09 1.5876E-09 1.5815E-09 1.5742E-09 1.5653E-09 1.5577E-09 1.5508E-09 1.5413E-09 1.5331E-09 1.5247E-09 1.5168E-09 1.5085E-09
4.0005E-09 4.0935E-09 4.1793E-09 4.2568E-09 4.3241E-09 4.3808E-09 4.4274E-09 4.4634E-09 4.4874E-09 4.4990E-09 4.4979E-09 4.4849E-09 4.4596E-09 4.4213E-09 4.3706E-09 4.3076E-09 4.2332E-09 4.1482E-09 4.0535E-09 3.9498E-09 3.8385E-09 3.7206E-09 3.5972E-09 3.4701E-09 3.3411E-09 3.2115E-09 3.0831E-09 2.9571E-09 2.8349E-09 2.7177E-09 2.6055E-09 2.4993E-09 2.3999E-09 2.3074E-09 2.2199E-09 2.1374E-09 2.0605E-09 1.9908E-09 1.9257E-09 1.8700E-09 1.8164E-09 1.7633E-09 1.7192E-09 1.6821E-09 1.6519E-09 1.6288E-09 1.6130E-09 1.6040E-09 1.5953E-09 1.5880E-09 1.5784E-09 1.5690E-09 1.5615E-09 1.5510E-09 1.5416E-09 1.5336E-09 1.5252E-09
4.2175E-09 4.3218E-09 4.4180E-09 4.5044E-09 4.5807E-09 4.6476E-09 4.7036E-09 4.7475E-09 4.7783E-09 4.7966E-09 4.8024E-09 4.7943E-09 4.7721E-09 4.7356E-09 4.6854E-09 4.6221E-09 4.5461E-09 4.4580E-09 4.3587E-09 4.2489E-09 4.1300E-09 4.0032E-09 3.8698E-09 3.7317E-09 3.5899E-09 3.4473E-09 3.3053E-09 3.1654E-09 3.0292E-09 2.8975E-09 2.7714E-09 2.6515E-09 2.5387E-09 2.4330E-09 2.3352E-09 2.2432E-09 2.1574E-09 2.0755E-09 2.0017E-09 1.9340E-09 1.8762E-09 1.8207E-09 1.7681E-09 1.7235E-09 1.6864E-09 1.6587E-09 1.6396E-09 1.6286E-09 1.6193E-09 1.6088E-09 1.6000E-09 1.5901E-09 1.5795E-09 1.5695E-09 1.5584E-09 1.5503E-09 1.5417E-09
4.4386E-09 4.5541E-09 4.6602E-09 4.7569E-09 4.8450E-09 4.9224E-09 4.9877E-09 5.0402E-09 5.0806E-09 5.1078E-09 5.1201E-09 5.1174E-09 5.1006E-09 5.0687E-09 5.0220E-09 4.9605E-09 4.8847E-09 4.7951E-09 4.6926E-09 4.5781E-09 4.4529E-09 4.3180E-09 4.1756E-09 4.0267E-09 3.8735E-09 3.7184E-09 3.5623E-09 3.4083E-09 3.2575E-09 3.1107E-09 2.9692E-09 2.8339E-09 2.7061E-09 2.5859E-09 2.4743E-09 2.3702E-09 2.2735E-09 2.1802E-09 2.0938E-09 2.0196E-09 1.9506E-09 1.8892E-09 1.8264E-09 1.7742E-09 1.7306E-09 1.6963E-09 1.6716E-09 1.6530E-09 1.6424E-09 1.6327E-09 1.6215E-09 1.6108E-09 1.6004E-09 1.5881E-09 1.5750E-09 1.5668E-09 1.5581E-09
4.6615E-09 4.7874E-09 4.9049E-09 5.0148E-09 5.1144E-09 5.2023E-09 5.2780E-09 5.3424E-09 5.3929E-09 5.4285E-09 5.4488E-09 5.4546E-09 5.4444E-09 5.4179E-09 5.3750E-09 5.3156E-09 5.2404E-09 5.1500E-09 5.0449E-09 4.9267E-09 4.7958E-09 4.6537E-09 4.5018E-09 4.3418E-09 4.1762E-09 4.0075E-09 3.8370E-09 3.6681E-09 3.5006E-09 3.3375E-09 3.1797E-09 3.0282E-09 2.8847E-09 2.7497E-09 2.6231E-09 2.5057E-09 2.3960E-09 2.2927E-09 2.1960E-09 2.1067E-09 2.0276E-09 1.9564E-09 1.8921E-09 1.8304E-09 1.7797E-09 1.7363E-09 1.7051E-09 1.6823E-09 1.6678E-09 1.6553E-09 1.6444E-09 1.6319E-09 1.6201E-09 1.6069E-09 1.5914E-09 1.5831E-09 1.5743E-09
4.8828E-09 5.0208E-09 5.1526E-09 5.2749E-09 5.3858E-09 5.4860E-09 5.5753E-09 5.6509E-09 5.7118E-09 5.7577E-09 5.7890E-09 5.8037E-09 5.8006E-09 5.7807E-09 5.7429E-09 5.6876E-09 5.6149E-09 5.5254E-09 5.4195E-09 5.2980E-09 5.1619E-09 5.0123E-09 4.8510E-09 4.6808E-09 4.5033E-09 4.3212E-09 4.1370E-09 3.9521E-09 3.7684E-09 3.5886E-09 3.4139E-09 3.2450E-09 3.0841E-09 2.9313E-09 2.7878E-09 2.6542E-09 2.5301E-09 2.4145E-09 2.3033E-09 2.2054E-09 2.1151E-09 2.0334E-09 1.9608E-09 1.8905E-09 1.8285E-09 1.7792E-09 1.7410E-09 1.7131E-09 1.6937E-09 1.6806E-09 1.6663E-09 1.6543E-09 1.6410E-09 1.6264E-09 1.6076E-09 1.5992E-09 1.5903E-09
5.1017E-09 5.2546E-09 5.3994E-09 5.5337E-09 5.6586E-09 5.7732E-09 5.8750E-09 5.9628E-09 6.0365E-09 6.0953E-09 6.1373E-09 6.1617E-09 6.1686E-09 6.1576E-09 6.1275E-09 6.0788E-09 6.0105E-09 5.9232E-09 5.8173E-09 5.6937E-09 5.5540E-09 5.3994E-09 5.2313E-09 5.0520E-09 4.8635E-09 4.6685E-09 4.4693E-09 4.2686E-09 4.0685E-09 3.8708E-09 3.6772E-09 3.4899E-09 3.3105E-09 3.1394E-09 2.9791E-09 2.8280E-09 2.6870E-09 2.5550E-09 2.4303E-09 2.3177E-09 2.2150E-09 2.1213E-09 2.0367E-09 1.9628E-09 1.8910E-09 1.8310E-09 1.7860E-09 1.7494E-09 1.7223E-09 1.7051E-09 1.6913E-09 1.6756E-09 1.6615E-09 1.6460E-09 1.6239E-09 1.6150E-09 1.6060E-09
5.3184E-09 5.4848E-09 5.6421E-09 5.7909E-09 5.9311E-09 6.0594E-09 6.1747E-09 6.2772E-09 6.3651E-09 6.4367E-09 6.4910E-09 6.5280E-09 6.5463E-09 6.5452E-09 6.5237E-09 6.4813E-09 6.4176E-09 6.3334E-09 6.2296E-09 6.1068E-09 5.9653E-09 5.8061E-09 5.6311E-09 5.4416E-09 5.2413E-09 5.0333E-09 4.8198E-09 4.6029E-09 4.3851E-09 4.1689E-09 3.9562E-09 3.7497E-09 3.5493E-09 3.3589E-09 3.1778E-09 3.0076E-09 2.8489E-09 2.7015E-09 2.5628E-09 2.4356E-09 2.3171E-09 2.2120E-09 2.1151E-09 2.0326E-09 1.9548E-09 1.8814E-09 1.8274E-09 1.7838E-09 1.7542E-09 1.7320E-09 1.7142E-09 1.6991E-09 1.6828E-09 1.6657E-09 1.6405E-09 1.6307E-09 1.6215E-09
5.5291E-09 5.7082E-09 5.8801E-09 6.0450E-09 6.1992E-09 6.3421E-09 6.4735E-09 6.5912E-09 6.6937E-09 6.7796E-09 6.8491E-09 6.9000E-09 6.9307E-09 6.9408E-09 6.9296E-09 6.8967E-09 6.8423E-09 6.7658E-09 6.6666E-09 6.5455E-09 6.4026E-09 6.2398E-09 6.0597E-09 5.8641E-09 5.6554E-09 5.4355E-09 5.2084E-09 4.9760E-09 4.7412E-09 4.5063E-09 4.2741E-09 4.0468E-09 3.8265E-09 3.6149E-09 3.4122E-09 3.2207E-09 3.0405E-09 2.8725E-09 2.7141E-09 2.5697E-09 2.4384E-09 2.3209E-09 2.2102E-09 2.1090E-09 2.0262E-09 1.9464E-09 1.8814E-09 1.8278E-09 1.7861E-09 1.7592E-09 1.7406E-09 1.7209E-09 1.7042E-09 1.6855E-09 1.6570E-09 1.6460E-09 1.6368E-09
5.7303E-09 5.9239E-09 6.1119E-09 6.2911E-09 6.4606E-09 6.6203E-09 6.7676E-09 6.9013E-09 7.0201E-09 7.1226E-09 7.2080E-09 7.2732E-09 7.3185E-09 7.3424E-09 7.3439E-09 7.3233E-09 7.2784E-09 7.2088E-09 7.1140E-09 6.9955E-09 6.8546E-09 6.6918E-09 6.5082E-09 6.3064E-09 6.0885E-09 5.8573E-09 5.6165E-09 5.3684E-09 5.1160E-09 4.8624E-09 4.6096E-09 4.3610E-09 4.1181E-09 3.8833E-09 3.6591E-09 3.4457E-09 3.2436E-09 3.0539E-09 2.8766E-09 2.7136E-09 2.5642E-09 2.4262E-09 2.3045E-09 2.1954E-09 2.0996E-09 2.0107E-09 1.9345E-09 1.8738E-09 1.8252E-09 1.7871E-09 1.7644E-09 1.7458E-09 1.7256E-09 1.7055E-09 1.6738E-09 1.6611E-09 1.6518E-09
5.9211E-09 6.1305E-09 6.3330E-09 6.5275E-09 6.7137E-09 6.8902E-09 7.0541E-09 7.2050E-09 7.3412E-09 7.4618E-09 7.5634E-09 7.6455E-09 7.7073E-09 7.7472E-09 7.7642E-09 7.7564E-09 7.7217E-09 7.6618E-09 7.5768E-09 7.4659E-09 7.3284E-09 7.1659E-09 6.9798E-09 6.7731E-09 6.5482E-09 6.3088E-09 6.0569E-09 5.7949E-09 5.5266E-09 5.2542E-09 4.9810E-09 4.7108E-09 4.4455E-09 4.1884E-09 3.9390E-09 3.7006E-09 3.4745E-09 3.2615E-09 3.0603E-09 2.8745E-09 2.7048E-09 2.5518E-09 2.4144E-09 2.2879E-09 2.1756E-09 2.0835E-09 1.9951E-09 1.9207E-09 1.8641E-09 1.8190E-09 1.7907E-09 1.7671E-09 1.7481E-09 1.7255E-09 1.6908E-09 1.6760E-09 1.6665E-09
6.1002E-09 6.3243E-09 6.5412E-09 6.7521E-09 6.9557E-09 7.1483E-09 7.3300E-09 7.4996E-09 7.6544E-09 7.7925E-09 7.9127E-09 8.0138E-09 8.0948E-09 8.1523E-09 8.1848E-09 8.1909E-09 8.1717E-09 8.1258E-09 8.0506E-09 7.9463E-09 7.8136E-09 7.6542E-09 7.4695E-09 7.2615E-09 7.0323E-09 6.7850E-09 6.5216E-09 6.2461E-09 5.9614E-09 5.6704E-09 5.3777E-09 5.0846E-09 4.7956E-09 4.5131E-09 4.2394E-09 3.9766E-09 3.7255E-09 3.4872E-09 3.2624E-09 3.0551E-09 2.8628E-09 2.6850E-09 2.5253E-09 2.3862E-09 2.2632E-09 2.1545E-09 2.0621E-09 1.9788E-09 1.9083E-09 1.8540E-09 1.8160E-09 1.7922E-09 1.7679E-09 1.7457E-09 1.7076E-09 1.6905E-09 1.6809E-09
6.2654E-09 6.5027E-09 6.7348E-09 6.9627E-09 7.1821E-09 7.3925E-09 7.5930E-09 7.7811E-09 7.9547E-09 8.1129E-09 8.2536E-09 8.3756E-09 8.4755E-09 8.5512E-09 8.6023E-09 8.6279E-09 8.6255E-09 8.5925E-09 8.5288E-09 8.4360E-09 8.3129E-09 8.1598E-09 7.9782E-09 7.7696E-09 7.5364E-09 7.2826E-09 7.0107E-09 6.7242E-09 6.4250E-09 6.1175E-09 5.8048E-09 5.4905E-09 5.1787E-09 4.8710E-09 4.5710E-09 4.2806E-09 4.0017E-09 3.7367E-09 3.4846E-09 3.2516E-09 3.0367E-09 2.8389E-09 2.6591E-09 2.4954E-09 2.3523E-09 2.2344E-09 2.1306E-09 2.0346E-09 1.9564E-09 1.8916E-09 1.8458E-09 1.8144E-09 1.7904E-09 1.7653E-09 1.7251E-09 1.7047E-09 1.6950E-09
6.4127E-09 6.6638E-09 6.9124E-09 7.1553E-09 7.3912E-09 7.6202E-09 7.8391E-09 8.0464E-09 8.2402E-09 8.4192E-09 8.5819E-09 8.7251E-09 8.8450E-09 8.9424E-09 9.0152E-09 9.0603E-09 9.0749E-09 9.0587E-09 9.0127E-09 8.9335E-09 8.8213E-09 8.6763E-09 8.4996E-09 8.2943E-09 8.0619E-09 7.8056E-09 7.5267E-09 7.2294E-09 6.9166E-09 6.5925E-09 6.2608E-09 5.9253E-09 5.5898E-09 5.2578E-09 4.9316E-09 4.6146E-09 4.3076E-09 4.0135E-09 3.7334E-09 3.4739E-09 3.2315E-09 3.0070E-09 2.8040E-09 2.6234E-09 2.4603E-09 2.3193E-09 2.2001E-09 2.0998E-09 2.0071E-09 1.9360E-09 1.8776E-09 1.8374E-09 1.8104E-09 1.7845E-09 1.7424E-09 1.7185E-09 1.7087E-09
6.5408E-09 6.8066E-09 7.0694E-09 7.3277E-09 7.5816E-09 7.8277E-09 8.0654E-09 8.2921E-09 8.5072E-09 8.7089E-09 8.8932E-09 9.0571E-09 9.2010E-09 9.3224E-09 9.4170E-09 9.4819E-09 9.5182E-09 9.5240E-09 9.4958E-09 9.4318E-09 9.3337E-09 9.2013E-09 9.0350E-09 8.8364E-09 8.6069E-09 8.3489E-09 8.0643E-09 7.7595E-09 7.4362E-09 7.0981E-09 6.7491E-09 6.3933E-09 6.0347E-09 5.6769E-09 5.3231E-09 4.9763E-09 4.6391E-09 4.3145E-09 4.0043E-09 3.7143E-09 3.4454E-09 3.1961E-09 2.9679E-09 2.7604E-09 2.5776E-09 2.4202E-09 2.2848E-09 2.1667E-09 2.0623E-09 1.9738E-09 1.9156E-09 1.8650E-09 1.8308E-09 1.8035E-09 1.7596E-09 1.7320E-09 1.7221E-09
6.6487E-09 6.9285E-09 7.2046E-09 7.4791E-09 7.7485E-09 8.0128E-09 8.2693E-09 8.5162E-09 8.7531E-09 8.9762E-09 9.1820E-09 9.3712E-09 9.5402E-09 9.6840E-09 9.8012E-09 9.8924E-09 9.9533E-09 9.9799E-09 9.9716E-09 9.9289E-09 9.8491E-09 9.7322E-09 9.5779E-09 9.3871E-09 9.1625E-09 8.9086E-09 8.6258E-09 8.3170E-09 7.9844E-09 7.6341E-09 7.2690E-09 6.8936E-09 6.5121E-09 6.1292E-09 5.7486E-09 5.3727E-09 5.0052E-09 4.6489E-09 4.3068E-09 3.9862E-09 3.6859E-09 3.4045E-09 3.1485E-09 2.9189E-09 2.7127E-09 2.5302E-09 2.3772E-09 2.2438E-09 2.1261E-09 2.0276E-09 1.9485E-09 1.8903E-09 1.8506E-09 1.8214E-09 1.7764E-09 1.7451E-09 1.7351E-09
6.7343E-09 7.0268E-09 7.3168E-09 7.6059E-09 7.8915E-09 8.1726E-09 8.4480E-09 8.7155E-09 8.9737E-09 9.2179E-09 9.4481E-09 9.6627E-09 9.8546E-09 1.0023E-08 1.0169E-08 1.0286E-08 1.0370E-08 1.0422E-08 1.0440E-08 1.0420E-08 1.0360E-08 1.0261E-08 1.0121E-08 9.9463E-09 9.7343E-09 9.4872E-09 9.2058E-09 8.8950E-09 8.5580E-09 8.1982E-09 7.8188E-09 7.4265E-09 7.0244E-09 6.6176E-09 6.2091E-09 5.8033E-09 5.4041E-09 5.0149E-09 4.6408E-09 4.2869E-09 3.9541E-09 3.6441E-09 3.3575E-09 3.0968E-09 2.8654E-09 2.6632E-09 2.4893E-09 2.3412E-09 2.2106E-09 2.0931E-09 2.0032E-09 1.9315E-09 1.8797E-09 1.8438E-09 1.7947E-09 1.7588E-09 1.7477E-09
6.7962E-09 7.1004E-09 7.4035E-09 7.7064E-09 8.0075E-09 8.3053E-09 8.5989E-09 8.8868E-09 9.1650E-09 9.4319E-09 9.6873E-09 9.9241E-09 1.0141E-08 1.0340E-08 1.0512E-08 1.0654E-08 1.0767E-08 1.0848E-08 1.0892E-08 1.0897E-08 1.0861E-08 1.0785E-08 1.0669E-08 1.0511E-08 1.0311E-08 1.0073E-08 9.7999E-09 9.4932E-09 9.1540E-09 8.7884E-09 8.3995E-09 7.9926E-09 7.5712E-09 7.1414E-09 6.7068E-09 6.2722E-09 5.8409E-09 5.4183E-09 5.0082E-09 4.6185E-09 4.2520E-09 3.9064E-09 3.5869E-09 3.2985E-09 3.0389E-09 2.8071E-09 2.6107E-09 2.4439E-09 2.2963E-09 2.1662E-09 2.0542E-09 1.9757E-09 1.9119E-09 1.8673E-09 1.8105E-09 1.7746E-09 1.7606E-09
6.8340E-09 7.1482E-09 7.4636E-09 7.7797E-09 8.0948E-09 8.4088E-09 8.7205E-09 9.0266E-09 9.3245E-09 9.6155E-09 9.8931E-09 1.0154E-08 1.0400E-08 1.0624E-08 1.0823E-08 1.0997E-08 1.1141E-08 1.1250E-08 1.1322E-08 1.1357E-08 1.1351E-08 1.1302E-08 1.1209E-08 1.1069E-08 1.0890E-08 1.0670E-08 1.0408E-08 1.0108E-08 9.7733E-09 9.4067E-09 9.0107E-09 8.5917E-09 8.1545E-09 7.7037E-09 7.2434E-09 6.7794E-09 6.3156E-09 5.8581E-09 5.4151E-09 4.9912E-09 4.5874E-09 4.2061E-09 3.8524E-09 3.5303E-09 3.2408E-09 2.9854E-09 2.7635E-09 2.5731E-09 2.4112E-09 2.2634E-09 2.1413E-09 2.0400E-09 1.9623E-09 1.9039E-09 1.8366E-09 1.7981E-09 1.7805E-09
6.8466E-09 7.1694E-09 7.4959E-09 7.8236E-09 8.1528E-09 8.4817E-09 8.8097E-09 9.1324E-09 9.4527E-09 9.7645E-09 1.0062E-08 1.0351E-08 1.0623E-08 1.0873E-08 1.1104E-08 1.1308E-08 1.1482E-08 1.1622E-08 1.1730E-08 1.1797E-08 1.1821E-08 1.1799E-08 1.1735E-08 1.1627E-08 1.1472E-08 1.1270E-08 1.1025E-08 1.0738E-08 1.0411E-08 1.0046E-08 9.6490E-09 9.2234E-09 8.7735E-09 8.3040E-09 7.8213E-09 7.3290E-09 6.8347E-09 6.3434E-09 5.8635E-09 5.3996E-09 4.9568E-09 4.5393E-09 4.1479E-09 3.7919E-09 3.4672E-09 3.1780E-09 2.9287E-09 2.7158E-09 2.5294E-09 2.3681E-09 2.2237E-09 2.1094E-09 2.0174E-09 1.9479E-09 1.8436E-09 1.8207E-09 1.8019E-09
6.8340E-09 7.1646E-09 7.4993E-09 7.8380E-09 8.1795E-09 8.5221E-09 8.8648E-09 9.2051E-09 9.5439E-09 9.8734E-09 1.0197E-08 1.0510E-08 1.0806E-08 1.1086E-08 1.1347E-08 1.1581E-08 1.1787E-08 1.1965E-08 1.2106E-08 1.2205E-08 1.2264E-08 1.2280E-08 1.2250E-08 1.2171E-08 1.2043E-08 1.1870E-08 1.1649E-08 1.1378E-08 1.1064E-08 1.0709E-08 1.0314E-08 9.8852E-09 9.4265E-09 8.9436E-09 8.4397E-09 7.9237E-09 7.3995E-09 6.8747E-09 6.3568E-09 5.8549E-09 5.3741E-09 4.9156E-09 4.4855E-09 4.0925E-09 3.7337E-09 3.4141E-09 3.1345E-09 2.8932E-09 2.6870E-09 2.5038E-09 2.3418E-09 2.2057E-09 2.0955E-09 2.0104E-09 1.8940E-09 1.8629E-09 1.8360E-09
6.7958E-09 7.1323E-09 7.4754E-09 7.8220E-09 8.1745E-09 8.5292E-09 8.8840E-09 9.2418E-09 9.5961E-09 9.9451E-09 1.0292E-08 1.0626E-08 1.0949E-08 1.1258E-08 1.1547E-08 1.1813E-08 1.2056E-08 1.2268E-08 1.2442E-08 1.2582E-08 1.2681E-08 1.2734E-08 1.2739E-08 1.2698E-08 1.2608E-08 1.2464E-08 1.2269E-08 1.2026E-08 1.1733E-08 1.1389E-08 1.1003E-08 1.0578E-08 1.0114E-08 9.6197E-09 9.1007E-09 8.5622E-09 8.0096E-09 7.4529E-09 6.9038E-09 6.3645E-09 5.8436E-09 5.3411E-09 4.8707E-09 4.4384E-09 4.0424E-09 3.6872E-09 3.3773E-09 3.1081E-09 2.8725E-09 2.6681E-09 2.4858E-09 2.3318E-09 2.2025E-09 2.0991E-09 1.9643E-09 1.9154E-09 1.8817E-09
6.7330E-09 7.0737E-09 7.4224E-09 7.7750E-09 8.1382E-09 8.5010E-09 8.8691E-09 9.2402E-09 9.6081E-09 9.9783E-09 1.0343E-08 1.0699E-08 1.1049E-08 1.1385E-08 1.1702E-08 1.2003E-08 1.2280E-08 1.2525E-08 1.2742E-08 1.2922E-08 1.3059E-08 1.3155E-08 1.3205E-08 1.3204E-08 1.3152E-08 1.3048E-08 1.2890E-08 1.2676E-08 1.2406E-08 1.2086E-08 1.1716E-08 1.1296E-08 1.0834E-08 1.0335E-08 9.8037E-09 9.2449E-09 8.6685E-09 8.0839E-09 7.5008E-09 6.9243E-09 6.3648E-09 5.8241E-09 5.3128E-09 4.8397E-09 4.4042E-09 4.0126E-09 3.6653E-09 3.3625E-09 3.1001E-09 2.8655E-09 2.6657E-09 2.4795E-09 2.3274E-09 2.2021E-09 2.0509E-09 1.9907E-09 1.9412E-09
6.6459E-09 6.9891E-09 7.3416E-09 7.6990E-09 8.0691E-09 8.4386E-09 8.8185E-09 9.1997E-09 9.5827E-09 9.9689E-09 1.0350E-08 1.0730E-08 1.1103E-08 1.1462E-08 1.1812E-08 1.2145E-08 1.2454E-08 1.2739E-08 1.2995E-08 1.3215E-08 1.3399E-08 1.3541E-08 1.3635E-08 1.3680E-08 1.3677E-08 1.3615E-08 1.3497E-08 1.3321E-08 1.3087E-08 1.2794E-08 1.2442E-08 1.2039E-08 1.1586E-08 1.1086E-08 1.0546E-08 9.9730E-09 9.3768E-09 8.7679E-09 8.1516E-09 7.5395E-09 6.9427E-09 6.3625E-09 5.8131E-09 5.2992E-09 4.8220E-09 4.3891E-09 4.0044E-09 3.6659E-09 3.3678E-09 3.1057E-09 2.8737E-09 2.6715E-09 2.4915E-09 2.3380E-09 2.1632E-09 2.0804E-09 2.0137E-09
