Assets/Resources/2015_m01_d20_2100(utc+0800)_l00_csi_1hr_conc.grd
DSAA
         159         159
     -79.000      79.000
     -79.000      79.000
  0.3978E-09  0.2131E-04
[rows 25 to 49 of 159, columns 57 to 113 of 159]
1.9868E-09 1.9911E-09 1.9953E-09 1.9993E-09 2.0030E-09 2.0064E-09 2.0093E-09 2.0118E-09 2.0089E-09 2.0101E-09 2.0107E-09 2.0107E-09 2.0100E-09 2.0086E-09 2.0064E-09 2.0035E-09 1.9999E-09 1.9953E-09 1.9844E-09 1.9727E-09 1.9658E-09 1.9582E-09 1.9498E-09 1.9406E-09 1.9308E-09 1.9203E-09 1.9038E-09 1.8921E-09 1.8799E-09 1.8672E-09 1.8541E-09 1.8355E-09 1.8222E-09 1.8037E-09 1.7905E-09 1.7772E-09 1.7640E-09 1.7504E-09 1.7317E-09 1.7176E-09 1.6985E-09 1.6840E-09 1.6693E-09 1.6497E-09 1.6346E-09 1.6148E-09 1.5949E-09 1.5797E-09 1.5644E-09 1.5490E-09 1.5291E-09 1.5026E-09 1.4875E-09 1.4657E-09 1.4507E-09 1.4359E-09 1.4104E-09
2.0259E-09 2.0308E-09 2.0355E-09 2.0400E-09 2.0442E-09 2.0480E-09 2.0513E-09 2.0541E-09 2.0512E-09 2.0526E-09 2.0533E-09 2.0534E-09 2.0526E-09 2.0511E-09 2.0432E-09 2.0401E-09 2.0362E-09 2.0314E-09 2.0257E-09 2.0191E-09 2.0118E-09 2.0036E-09 1.9891E-09 1.9739E-09 1.9636E-09 1.9527E-09 1.9410E-09 1.9288E-09 1.9160E-09 1.8974E-09 1.8837E-09 1.8698E-09 1.8558E-09 1.8419E-09 1.8228E-09 1.8038E-09 1.7900E-09 1.7760E-09 1.7617E-09 1.7471E-09 1.7274E-09 1.7124E-09 1.6923E-09 1.6770E-09 1.6615E-09 1.6411E-09 1.6253E-09 1.6049E-09 1.5845E-09 1.5687E-09 1.5530E-09 1.5372E-09 1.5102E-09 1.4902E-09 1.4748E-09 1.4528E-09 1.4378E-09
2.0664E-09 2.0720E-09 2.0773E-09 2.0823E-09 2.0869E-09 2.0911E-09 2.0947E-09 2.0978E-09 2.0949E-09 2.0964E-09 2.0972E-09 2.0973E-09 2.0965E-09 2.0950E-09 2.0868E-09 2.0834E-09 2.0792E-09 2.0740E-09 2.0621E-09 2.0552E-09 2.0474E-09 2.0388E-09 2.0294E-09 2.0193E-09 2.0084E-09 1.9912E-09 1.9735E-09 1.9607E-09 1.9474E-09 1.9336E-09 1.9193E-09 1.9048E-09 1.8848E-09 1.8703E-09 1.8558E-09 1.8413E-09 1.8217E-09 1.8071E-09 1.7872E-09 1.7721E-09 1.7568E-09 1.7412E-09 1.7205E-09 1.7047E-09 1.6838E-09 1.6678E-09 1.6516E-09 1.6305E-09 1.6143E-09 1.5933E-09 1.5725E-09 1.5564E-09 1.5402E-09 1.5241E-09 1.4969E-09 1.4767E-09 1.4612E-09
2.1148E-09 2.1212E-09 2.1274E-09 2.1331E-09 2.1384E-09 2.1356E-09 2.1396E-09 2.1376E-09 2.1400E-09 2.1417E-09 2.1426E-09 2.1426E-09 2.1418E-09 2.1342E-09 2.1315E-09 2.1279E-09 2.1233E-09 2.1177E-09 2.1054E-09 2.0980E-09 2.0897E-09 2.0806E-09 2.0649E-09 2.0543E-09 2.0428E-09 2.0307E-09 2.0179E-09 2.0045E-09 1.9848E-09 1.9649E-09 1.9501E-09 1.9350E-09 1.9198E-09 1.9046E-09 1.8841E-09 1.8690E-09 1.8540E-09 1.8388E-09 1.8182E-09 1.8025E-09 1.7815E-09 1.7655E-09 1.7493E-09 1.7329E-09 1.7114E-09 1.6948E-09 1.6733E-09 1.6566E-09 1.6399E-09 1.6183E-09 1.6016E-09 1.5803E-09 1.5592E-09 1.5427E-09 1.5263E-09 1.5055E-09 1.4783E-09
2.1542E-09 2.1610E-09 2.1676E-09 2.1738E-09 2.1794E-09 2.1844E-09 2.1887E-09 2.1923E-09 2.1951E-09 2.1970E-09 2.1981E-09 2.1894E-09 2.1885E-09 2.1805E-09 2.1776E-09 2.1737E-09 2.1687E-09 2.1566E-09 2.1497E-09 2.1418E-09 2.1330E-09 2.1175E-09 2.1070E-09 2.0958E-09 2.0837E-09 2.0653E-09 2.0519E-09 2.0379E-09 2.0232E-09 2.0082E-09 1.9870E-09 1.9712E-09 1.9498E-09 1.9341E-09 1.9183E-09 1.9026E-09 1.8815E-09 1.8658E-09 1.8498E-09 1.8335E-09 1.8171E-09 1.7953E-09 1.7734E-09 1.7565E-09 1.7395E-09 1.7224E-09 1.7002E-09 1.6830E-09 1.6610E-09 1.6438E-09 1.6266E-09 1.6047E-09 1.5830E-09 1.5614E-09 1.5447E-09 1.5280E-09 1.5116E-09
2.2135E-09 2.2215E-09 2.2292E-09 2.2363E-09 2.2268E-09 2.2322E-09 2.2312E-09 2.2349E-09 2.2377E-09 2.2397E-09 2.2406E-09 2.2406E-09 2.2397E-09 2.2375E-09 2.2342E-09 2.2206E-09 2.2152E-09 2.2027E-09 2.1952E-09 2.1868E-09 2.1774E-09 2.1612E-09 2.1501E-09 2.1382E-09 2.1197E-09 2.1064E-09 2.0923E-09 2.0776E-09 2.0566E-09 2.0409E-09 2.0248E-09 2.0083E-09 1.9916E-09 1.9695E-09 1.9475E-09 1.9312E-09 1.9149E-09 1.8985E-09 1.8765E-09 1.8597E-09 1.8427E-09 1.8255E-09 1.8030E-09 1.7855E-09 1.7629E-09 1.7453E-09 1.7276E-09 1.7049E-09 1.6872E-09 1.6646E-09 1.6470E-09 1.6295E-09 1.6072E-09 1.5898E-09 1.5679E-09 1.5462E-09 1.5294E-09
2.2613E-09 2.2648E-09 2.2728E-09 2.2803E-09 2.2871E-09 2.2931E-09 2.2982E-09 2.3024E-09 2.3057E-09 2.3080E-09 2.2905E-09 2.2905E-09 2.2829E-09 2.2805E-09 2.2769E-09 2.2721E-09 2.2661E-09 2.2591E-09 2.2510E-09 2.2328E-09 2.2168E-09 2.2059E-09 2.1942E-09 2.1817E-09 2.1624E-09 2.1483E-09 2.1336E-09 2.1124E-09 2.0964E-09 2.0800E-09 2.0574E-09 2.0403E-09 2.0229E-09 2.0057E-09 1.9884E-09 1.9658E-09 1.9432E-09 1.9263E-09 1.9091E-09 1.8917E-09 1.8687E-09 1.8510E-09 1.8331E-09 1.8150E-09 1.7917E-09 1.7684E-09 1.7502E-09 1.7320E-09 1.7138E-09 1.6907E-09 1.6726E-09 1.6497E-09 1.6318E-09 1.6139E-09 1.5914E-09 1.5739E-09 1.5473E-09
2.3265E-09 2.3307E-09 2.3398E-09 2.3482E-09 2.3385E-09 2.3448E-09 2.3502E-09 2.3485E-09 2.3517E-09 2.3539E-09 2.3549E-09 2.3547E-09 2.3530E-09 2.3501E-09 2.3270E-09 2.3217E-09 2.3090E-09 2.3015E-09 2.2928E-09 2.2832E-09 2.2725E-09 2.2609E-09 2.2393E-09 2.2200E-09 2.2060E-09 2.1913E-09 2.1758E-09 2.1537E-09 2.1371E-09 2.1199E-09 2.0965E-09 2.0786E-09 2.0605E-09 2.0368E-09 2.0189E-09 2.0011E-09 1.9833E-09 1.9600E-09 1.9367E-09 1.9187E-09 1.9005E-09 1.8821E-09 1.8582E-09 1.8397E-09 1.8210E-09 1.8022E-09 1.7783E-09 1.7544E-09 1.7358E-09 1.7171E-09 1.6985E-09 1.6750E-09 1.6517E-09 1.6335E-09 1.6153E-09 1.5925E-09 1.5748E-09
2.3845E-09 2.3835E-09 2.3931E-09 2.4020E-09 2.4100E-09 2.4169E-09 2.4165E-09 2.4212E-09 2.4248E-09 2.4075E-09 2.4083E-09 2.4078E-09 2.3995E-09 2.3962E-09 2.3916E-09 2.3856E-09 2.3785E-09 2.3701E-09 2.3420E-09 2.3254E-09 2.3141E-09 2.3019E-09 2.2887E-09 2.2746E-09 2.2597E-09 2.2351E-09 2.2128E-09 2.1960E-09 2.1785E-09 2.1546E-09 2.1363E-09 2.1176E-09 2.0929E-09 2.0742E-09 2.0555E-09 2.0312E-09 2.0128E-09 1.9944E-09 1.9758E-09 1.9515E-09 1.9272E-09 1.9082E-09 1.8892E-09 1.8700E-09 1.8454E-09 1.8261E-09 1.8068E-09 1.7875E-09 1.7630E-09 1.7388E-09 1.7197E-09 1.7007E-09 1.6768E-09 1.6581E-09 1.6346E-09 1.6162E-09 1.5980E-09
2.4564E-09 2.4628E-09 2.4684E-09 2.4640E-09 2.4724E-09 2.4797E-09 2.4728E-09 2.4775E-09 2.4810E-09 2.4831E-09 2.4835E-09 2.4761E-09 2.4735E-09 2.4500E-09 2.4448E-09 2.4320E-09 2.4243E-09 2.4154E-09 2.4053E-09 2.3941E-09 2.3819E-09 2.3500E-09 2.3297E-09 2.3150E-09 2.2994E-09 2.2830E-09 2.2659E-09 2.2391E-09 2.2147E-09 2.1960E-09 2.1769E-09 2.1514E-09 2.1318E-09 2.1122E-09 2.0869E-09 2.0676E-09 2.0484E-09 2.0236E-09 2.0044E-09 1.9850E-09 1.9654E-09 1.9402E-09 1.9150E-09 1.8953E-09 1.8754E-09 1.8556E-09 1.8304E-09 1.8105E-09 1.7907E-09 1.7658E-09 1.7411E-09 1.7216E-09 1.7023E-09 1.6830E-09 1.6590E-09 1.6352E-09 1.6166E-09
2.5192E-09 2.5313E-09 2.5423E-09 2.5470E-09 2.5558E-09 2.5582E-09 2.5527E-09 2.5526E-09 2.5456E-09 2.5474E-09 2.5409E-09 2.5330E-09 2.5300E-09 2.5255E-09 2.5132E-09 2.5059E-09 2.4973E-09 2.4681E-09 2.4509E-09 2.4391E-09 2.4261E-09 2.4121E-09 2.3972E-09 2.3720E-09 2.3461E-09 2.3226E-09 2.3048E-09 2.2862E-09 2.2670E-09 2.2473E-09 2.2183E-09 2.1919E-09 2.1715E-09 2.1450E-09 2.1248E-09 2.1046E-09 2.0788E-09 2.0590E-09 2.0390E-09 2.0132E-09 1.9931E-09 1.9727E-09 1.9523E-09 1.9263E-09 1.9004E-09 1.8800E-09 1.8596E-09 1.8338E-09 1.8135E-09 1.7933E-09 1.7731E-09 1.7479E-09 1.7230E-09 1.7033E-09 1.6837E-09 1.6594E-09 1.6403E-09
2.6013E-09 2.6034E-09 2.6099E-09 2.6204E-09 2.6293E-09 2.6233E-09 2.6292E-09 2.6286E-09 2.6263E-09 2.6225E-09 2.6105E-09 2.6085E-09 2.5947E-09 2.5831E-09 2.5700E-09 2.5620E-09 2.5528E-09 2.5358E-09 2.5240E-09 2.5013E-09 2.4776E-09 2.4565E-09 2.4408E-09 2.4241E-09 2.4066E-09 2.3883E-09 2.3506E-09 2.3249E-09 2.3049E-09 2.2844E-09 2.2635E-09 2.2422E-09 2.2118E-09 2.1844E-09 2.1633E-09 2.1363E-09 2.1155E-09 2.0949E-09 2.0684E-09 2.0476E-09 2.0210E-09 2.0000E-09 1.9790E-09 1.9579E-09 1.9312E-09 1.9046E-09 1.8837E-09 1.8627E-09 1.8418E-09 1.8157E-09 1.7951E-09 1.7745E-09 1.7490E-09 1.7236E-09 1.7037E-09 1.6839E-09 1.6593E-09
2.6755E-09 2.6886E-09 2.6951E-09 2.7056E-09 2.7039E-09 2.6992E-09 2.6998E-09 2.7041E-09 2.6996E-09 2.6952E-09 2.6873E-09 2.6796E-09 2.6702E-09 2.6527E-09 2.6453E-09 2.6263E-09 2.6097E-09 2.5917E-09 2.5791E-09 2.5653E-09 2.5440E-09 2.5281E-09 2.4916E-09 2.4677E-09 2.4494E-09 2.4302E-09 2.4103E-09 2.3897E-09 2.3498E-09 2.3221E-09 2.3004E-09 2.2783E-09 2.2560E-09 2.2336E-09 2.2025E-09 2.1746E-09 2.1529E-09 2.1254E-09 2.1041E-09 2.0825E-09 2.0551E-09 2.0334E-09 2.0059E-09 1.9842E-09 1.9625E-09 1.9407E-09 1.9135E-09 1.8865E-09 1.8651E-09 1.8438E-09 1.8172E-09 1.7962E-09 1.7753E-09 1.7546E-09 1.7289E-09 1.7035E-09 1.6835E-09
2.7470E-09 2.7553E-09 2.7675E-09 2.7781E-09 2.7800E-09 2.7818E-09 2.7872E-09 2.7803E-09 2.7700E-09 2.7651E-09 2.7635E-09 2.7601E-09 2.7430E-09 2.7242E-09 2.7160E-09 2.7012E-09 2.6785E-09 2.6661E-09 2.6357E-09 2.6210E-09 2.5986E-09 2.5817E-09 2.5574E-09 2.5386E-09 2.5190E-09 2.4792E-09 2.4521E-09 2.4306E-09 2.4085E-09 2.3859E-09 2.3441E-09 2.3148E-09 2.2917E-09 2.2684E-09 2.2454E-09 2.2225E-09 2.1909E-09 2.1625E-09 2.1403E-09 2.1120E-09 2.0896E-09 2.0614E-09 2.0390E-09 2.0165E-09 1.9885E-09 1.9661E-09 1.9438E-09 1.9161E-09 1.8885E-09 1.8667E-09 1.8450E-09 1.8234E-09 1.7967E-09 1.7755E-09 1.7544E-09 1.7284E-09 1.7028E-09
2.8372E-09 2.8453E-09 2.8575E-09 2.8513E-09 2.8547E-09 2.8564E-09 2.8616E-09 2.8578E-09 2.8538E-09 2.8533E-09 2.8403E-09 2.8309E-09 2.8128E-09 2.8052E-09 2.7907E-09 2.7732E-09 2.7491E-09 2.7306E-09 2.7042E-09 2.6883E-09 2.6712E-09 2.6366E-09 2.6111E-09 2.5913E-09 2.5642E-09 2.5428E-09 2.5207E-09 2.4785E-09 2.4491E-09 2.4256E-09 2.4017E-09 2.3774E-09 2.3342E-09 2.3037E-09 2.2798E-09 2.2561E-09 2.2325E-09 2.2001E-09 2.1710E-09 2.1479E-09 2.1247E-09 2.0956E-09 2.0725E-09 2.0435E-09 2.0205E-09 1.9917E-09 1.9688E-09 1.9461E-09 1.9234E-09 1.8953E-09 1.8675E-09 1.8455E-09 1.8235E-09 1.7965E-09 1.7750E-09 1.7537E-09 1.7275E-09
2.9019E-09 2.9160E-09 2.9285E-09 2.9389E-09 2.9419E-09 2.9429E-09 2.9366E-09 2.9340E-09 2.9295E-09 2.9283E-09 2.9252E-09 2.9076E-09 2.8901E-09 2.8815E-09 2.8660E-09 2.8421E-09 2.8236E-09 2.8021E-09 2.7811E-09 2.7521E-09 2.7339E-09 2.7031E-09 2.6829E-09 2.6452E-09 2.6168E-09 2.5944E-09 2.5647E-09 2.5409E-09 2.5165E-09 2.4722E-09 2.4410E-09 2.4158E-09 2.3904E-09 2.3649E-09 2.3210E-09 2.2900E-09 2.2657E-09 2.2415E-09 2.2174E-09 2.1843E-09 2.1543E-09 2.1304E-09 2.1005E-09 2.0766E-09 2.0528E-09 2.0234E-09 1.9998E-09 1.9707E-09 1.9474E-09 1.9243E-09 1.8958E-09 1.8677E-09 1.8453E-09 1.8230E-09 1.7956E-09 1.7739E-09 1.7524E-09
2.9866E-09 2.9949E-09 2.9959E-09 3.0064E-09 3.0150E-09 3.0214E-09 3.0258E-09 3.0222E-09 3.0057E-09 3.0038E-09 2.9945E-09 2.9832E-09 2.9754E-09 2.9531E-09 2.9311E-09 2.9182E-09 2.8985E-09 2.8705E-09 2.8481E-09 2.8229E-09 2.7984E-09 2.7660E-09 2.7446E-09 2.7107E-09 2.6876E-09 2.6471E-09 2.6227E-09 2.5912E-09 2.5593E-09 2.5334E-09 2.5070E-09 2.4611E-09 2.4284E-09 2.4020E-09 2.3758E-09 2.3498E-09 2.3055E-09 2.2741E-09 2.2493E-09 2.2244E-09 2.1994E-09 2.1656E-09 2.1349E-09 2.1102E-09 2.0798E-09 2.0554E-09 2.0253E-09 2.0012E-09 1.9716E-09 1.9480E-09 1.9245E-09 1.8956E-09 1.8671E-09 1.8444E-09 1.8219E-09 1.7995E-09 1.7723E-09
3.1271E-09 3.0766E-09 3.0834E-09 3.0938E-09 3.0962E-09 3.0907E-09 3.0948E-09 3.0965E-09 3.0960E-09 3.0875E-09 3.0771E-09 3.0591E-09 3.0449E-09 3.0287E-09 3.0162E-09 2.9966E-09 2.9684E-09 2.9460E-09 2.9223E-09 2.8974E-09 2.8644E-09 2.8425E-09 2.8079E-09 2.7724E-09 2.7479E-09 2.7113E-09 2.6855E-09 2.6426E-09 2.6093E-09 2.5822E-09 2.5484E-09 2.5208E-09 2.4930E-09 2.4395E-09 2.4123E-09 2.3854E-09 2.3587E-09 2.3230E-09 2.2814E-09 2.2558E-09 2.2300E-09 2.2043E-09 2.1696E-09 2.1382E-09 2.1129E-09 2.0818E-09 2.0569E-09 2.0263E-09 2.0019E-09 1.9775E-09 1.9478E-09 1.9239E-09 1.9003E-09 1.8713E-09 1.8428E-09 1.8201E-09 1.7976E-09
3.2266E-09 3.2198E-09 3.1680E-09 3.1720E-09 3.1743E-09 3.1799E-09 3.1775E-09 3.1669E-09 3.1659E-09 3.1624E-09 3.1567E-09 3.1487E-09 3.1275E-09 3.1045E-09 3.0908E-09 3.0700E-09 3.0475E-09 3.0236E-09 2.9860E-09 2.9649E-09 2.9375E-09 2.9090E-09 2.8726E-09 2.8475E-09 2.8099E-09 2.7715E-09 2.7395E-09 2.7053E-09 2.6771E-09 2.6321E-09 2.5969E-09 2.5681E-09 2.5328E-09 2.5039E-09 2.4655E-09 2.4214E-09 2.3938E-09 2.3664E-09 2.3394E-09 2.2938E-09 2.2609E-09 2.2345E-09 2.2080E-09 2.1816E-09 2.1404E-09 2.1146E-09 2.0889E-09 2.0576E-09 2.0323E-09 2.0016E-09 1.9769E-09 1.9468E-09 1.9226E-09 1.8987E-09 1.8695E-09 1.8407E-09 1.8177E-09
3.3211E-09 3.3256E-09 3.3275E-09 3.2618E-09 3.2567E-09 3.2612E-09 3.2573E-09 3.2573E-09 3.2553E-09 3.2334E-09 3.2269E-09 3.2181E-09 3.2070E-09 3.1938E-09 3.1676E-09 3.1397E-09 3.1214E-09 3.0960E-09 3.0693E-09 3.0413E-09 2.9999E-09 2.9752E-09 2.9443E-09 2.9125E-09 2.8731E-09 2.8333E-09 2.8048E-09 2.7639E-09 2.7296E-09 2.6931E-09 2.6566E-09 2.6164E-09 2.5797E-09 2.5497E-09 2.5135E-09 2.4841E-09 2.4356E-09 2.4009E-09 2.3730E-09 2.3451E-09 2.3079E-09 2.2711E-09 2.2376E-09 2.2105E-09 2.1835E-09 2.1477E-09 2.1153E-09 2.0891E-09 2.0573E-09 2.0317E-09 2.0006E-09 1.9755E-09 1.9450E-09 1.9206E-09 1.8964E-09 1.8669E-09 1.8379E-09
3.4460E-09 3.4294E-09 3.4251E-09 3.4192E-09 3.3559E-09 3.3490E-09 3.3433E-09 3.3423E-09 3.3324E-09 3.3263E-09 3.3178E-09 3.2890E-09 3.2770E-09 3.2627E-09 3.2464E-09 3.2282E-09 3.1972E-09 3.1648E-09 3.1420E-09 3.1125E-09 3.0765E-09 3.0448E-09 3.0052E-09 2.9772E-09 2.9431E-09 2.9033E-09 2.8663E-09 2.8240E-09 2.7881E-09 2.7501E-09 2.7071E-09 2.6757E-09 2.6377E-09 2.5962E-09 2.5587E-09 2.5218E-09 2.4916E-09 2.4521E-09 2.4069E-09 2.3782E-09 2.3495E-09 2.3208E-09 2.2738E-09 2.2396E-09 2.2119E-09 2.1843E-09 2.1479E-09 2.1150E-09 2.0884E-09 2.0562E-09 2.0302E-09 1.9987E-09 1.9734E-09 1.9426E-09 1.9179E-09 1.8935E-09 1.8638E-09
3.6274E-09 3.5680E-09 3.5354E-09 3.5276E-09 3.5180E-09 3.4447E-09 3.4473E-09 3.4324E-09 3.4199E-09 3.4128E-09 3.3967E-09 3.3842E-09 3.3695E-09 3.3344E-09 3.3156E-09 3.2962E-09 3.2749E-09 3.2407E-09 3.2109E-09 3.1798E-09 3.1476E-09 3.1197E-09 3.0801E-09 3.0451E-09 3.0023E-09 2.9661E-09 2.9345E-09 2.8852E-09 2.8477E-09 2.8083E-09 2.7705E-09 2.7259E-09 2.6865E-09 2.6472E-09 2.6047E-09 2.5664E-09 2.5350E-09 2.4978E-09 2.4673E-09 2.4178E-09 2.3819E-09 2.3525E-09 2.3231E-09 2.2847E-09 2.2404E-09 2.2121E-09 2.1841E-09 2.1563E-09 2.1138E-09 2.0869E-09 2.0542E-09 2.0280E-09 2.0019E-09 1.9705E-09 1.9395E-09 1.9146E-09 1.8900E-09
3.7965E-09 3.7506E-09 3.6772E-09 3.6565E-09 3.6331E-09 3.5853E-09 3.5427E-09 3.5321E-09 3.5279E-09 3.5053E-09 3.4851E-09 3.4717E-09 3.4491E-09 3.4303E-09 3.4035E-09 3.3683E-09 3.3432E-09 3.3186E-09 3.2927E-09 3.2542E-09 3.2203E-09 3.1853E-09 3.1494E-09 3.1126E-09 3.0699E-09 3.0320E-09 2.9918E-09 2.9530E-09 2.9087E-09 2.8675E-09 2.8214E-09 2.7821E-09 2.7411E-09 2.7021E-09 2.6617E-09 2.6220E-09 2.5792E-09 2.5406E-09 2.5027E-09 2.4716E-09 2.4308E-09 2.3843E-09 2.3542E-09 2.3242E-09 2.2943E-09 2.2464E-09 2.2113E-09 2.1829E-09 2.1546E-09 2.1178E-09 2.0845E-09 2.0575E-09 2.0249E-09 1.9987E-09 1.9670E-09 1.9415E-09 1.9106E-09
3.9460E-09 3.9335E-09 3.9052E-09 3.7936E-09 3.7660E-09 3.7433E-09 3.6792E-09 3.6405E-09 3.6264E-09 3.6084E-09 3.5938E-09 3.5633E-09 3.5362E-09 3.5098E-09 3.4880E-09 3.4643E-09 3.4337E-09 3.3972E-09 3.3652E-09 3.3347E-09 3.3031E-09 3.2522E-09 3.2146E-09 3.1817E-09 3.1425E-09 3.0974E-09 3.0573E-09 3.0097E-09 2.9690E-09 2.9281E-09 2.8871E-09 2.8392E-09 2.7968E-09 2.7563E-09 2.7094E-09 2.6682E-09 2.6277E-09 2.5842E-09 2.5449E-09 2.5063E-09 2.4743E-09 2.4425E-09 2.3854E-09 2.3546E-09 2.3240E-09 2.2936E-09 2.2451E-09 2.2096E-09 2.1807E-09 2.1521E-09 2.1149E-09 2.0813E-09 2.0540E-09 2.0212E-09 1.9947E-09 1.9628E-09 1.9371E-09
4.1168E-09 4.0922E-09 4.0661E-09 3.9983E-09 3.9326E-09 3.8775E-09 3.8524E-09 3.7811E-09 3.7342E-09 3.7171E-09 3.6886E-09 3.6781E-09 3.6507E-09 3.6134E-09 3.5869E-09 3.5543E-09 3.5275E-09 3.4988E-09 3.4498E-09 3.4123E-09 3.3755E-09 3.3406E-09 3.2935E-09 3.2511E-09 3.2069E-09 3.1642E-09 3.1276E-09 3.0747E-09 3.0323E-09 2.9878E-09 2.9452E-09 2.8975E-09 2.8483E-09 2.8046E-09 2.7630E-09 2.7152E-09 2.6733E-09 2.6386E-09 2.5980E-09 2.5478E-09 2.5148E-09 2.4756E-09 2.4431E-09 2.3915E-09 2.3538E-09 2.3227E-09 2.2918E-09 2.2428E-09 2.2068E-09 2.1776E-09 2.1487E-09 2.1112E-09 2.0772E-09 2.0497E-09 2.0167E-09 1.9900E-09 1.9579E-09
