Assets/Resources/2015_m01_d04_1800(utc+0800)_l00_csi_1hr_conc.grd
DSAA
         159         159
     -79.000      79.000
     -79.000      79.000
  0.1577E-09  0.3604E-05
[rows 75 to 99 of 159, columns 57 to 113 of 159]
3.8334E-08 3.9439E-08 4.1607E-08 4.5152E-08 5.0427E-08 5.8297E-08 6.9988E-08 8.7477E-08 1.1401E-07 1.5190E-07 2.0002E-07 2.5128E-07 2.9596E-07 3.3295E-07 3.7397E-07 4.4513E-07 5.5907E-07 7.6352E-07 6.8368E-07 2.3129E-08 2.9508E-09 2.8333E-09 2.7738E-09 2.7258E-09 2.6779E-09 2.6305E-09 2.5838E-09 2.5379E-09 2.4917E-09 2.4464E-09 2.4018E-09 2.3578E-09 2.3144E-09 2.2708E-09 2.2285E-09 2.1875E-09 2.1475E-09 2.1078E-09 2.0684E-09 2.0291E-09 1.9902E-09 1.9514E-09 1.9129E-09 1.8746E-09 1.8366E-09 1.7989E-09 1.7614E-09 1.7242E-09 1.6857E-09 1.6468E-09 1.6061E-09 1.5659E-09 1.5293E-09 1.4934E-09 1.4579E-09 1.4240E-09 1.3891E-09
3.1078E-08 3.1993E-08 3.3698E-08 3.6488E-08 4.0657E-08 4.7078E-08 5.7323E-08 7.4471E-08 1.0533E-07 1.5790E-07 2.3719E-07 3.3498E-07 4.4069E-07 5.6001E-07 7.4725E-07 1.0048E-06 1.1593E-06 1.3110E-06 1.4826E-06 3.9388E-07 2.8699E-09 2.7930E-09 2.7449E-09 2.6984E-09 2.6519E-09 2.6058E-09 2.5606E-09 2.5159E-09 2.4708E-09 2.4275E-09 2.3833E-09 2.3405E-09 2.2975E-09 2.2558E-09 2.2146E-09 2.1754E-09 2.1363E-09 2.0975E-09 2.0590E-09 2.0206E-09 1.9824E-09 1.9445E-09 1.9067E-09 1.8691E-09 1.8318E-09 1.7947E-09 1.7578E-09 1.7212E-09 1.6834E-09 1.6427E-09 1.6026E-09 1.5647E-09 1.5290E-09 1.4936E-09 1.4589E-09 1.4245E-09 1.3904E-09
2.4613E-08 2.5195E-08 2.6249E-08 2.8015E-08 3.0686E-08 3.5010E-08 4.2123E-08 5.6620E-08 8.7862E-08 1.5243E-07 2.7327E-07 4.6697E-07 7.0119E-07 9.2682E-07 1.1319E-06 1.1911E-06 1.2452E-06 1.2224E-06 1.1496E-06 1.1471E-06 1.8472E-07 2.7619E-09 2.7163E-09 2.6707E-09 2.6255E-09 2.5810E-09 2.5370E-09 2.4935E-09 2.4502E-09 2.4074E-09 2.3645E-09 2.3229E-09 2.2811E-09 2.2405E-09 2.2011E-09 2.1627E-09 2.1246E-09 2.0868E-09 2.0491E-09 2.0115E-09 1.9742E-09 1.9370E-09 1.9000E-09 1.8631E-09 1.8265E-09 1.7900E-09 1.7538E-09 1.7178E-09 1.6781E-09 1.6389E-09 1.5995E-09 1.5635E-09 1.5278E-09 1.4933E-09 1.4590E-09 1.4246E-09 1.3913E-09
1.9070E-08 1.9262E-08 1.9704E-08 2.0490E-08 2.1698E-08 2.3521E-08 2.7408E-08 3.7353E-08 6.3431E-08 1.3050E-07 2.7843E-07 5.3138E-07 8.4120E-07 1.0126E-06 9.5656E-07 8.8298E-07 8.8264E-07 9.3977E-07 1.0234E-06 1.1878E-06 1.4590E-06 2.6434E-07 2.6869E-09 2.6426E-09 2.5988E-09 2.5557E-09 2.5130E-09 2.4706E-09 2.4285E-09 2.3862E-09 2.3453E-09 2.3041E-09 2.2642E-09 2.2247E-09 2.1870E-09 2.1496E-09 2.1125E-09 2.0755E-09 2.0386E-09 2.0019E-09 1.9654E-09 1.9290E-09 1.8927E-09 1.8566E-09 1.8207E-09 1.7849E-09 1.7492E-09 1.7123E-09 1.6732E-09 1.6330E-09 1.5968E-09 1.5613E-09 1.5266E-09 1.4920E-09 1.4582E-09 1.4246E-09 1.3916E-09
1.4503E-08 1.4397E-08 1.4374E-08 1.4386E-08 1.4372E-08 1.4675E-08 1.6224E-08 2.0778E-08 3.4126E-08 7.3340E-08 1.7798E-07 3.6754E-07 6.1451E-07 7.8652E-07 7.7896E-07 8.1104E-07 8.8099E-07 9.6937E-07 1.0838E-06 1.2315E-06 1.4864E-06 1.8440E-06 2.6572E-09 2.6143E-09 2.5720E-09 2.5302E-09 2.4887E-09 2.4474E-09 2.4057E-09 2.3655E-09 2.3257E-09 2.2857E-09 2.2469E-09 2.2093E-09 2.1726E-09 2.1361E-09 2.0999E-09 2.0637E-09 2.0278E-09 1.9919E-09 1.9562E-09 1.9205E-09 1.8850E-09 1.8496E-09 1.8143E-09 1.7792E-09 1.7442E-09 1.7062E-09 1.6671E-09 1.6293E-09 1.5936E-09 1.5583E-09 1.5244E-09 1.4908E-09 1.4573E-09 1.4245E-09 1.3911E-09
1.0978E-08 1.0624E-08 1.0253E-08 9.7418E-09 9.4238E-09 9.3110E-09 9.4144E-09 9.9445E-09 1.2626E-08 2.2857E-08 5.4184E-08 1.2431E-07 2.9195E-07 6.0206E-07 7.6938E-07 8.6684E-07 1.0976E-06 1.8320E-06 3.6041E-06 3.5542E-06 3.7935E-09 2.6692E-09 2.6274E-09 2.5859E-09 2.5450E-09 2.5044E-09 2.4640E-09 2.4231E-09 2.3835E-09 2.3445E-09 2.3051E-09 2.2671E-09 2.2293E-09 2.1934E-09 2.1577E-09 2.1222E-09 2.0868E-09 2.0516E-09 2.0165E-09 1.9814E-09 1.9465E-09 1.9116E-09 1.8768E-09 1.8421E-09 1.8075E-09 1.7730E-09 1.7371E-09 1.7006E-09 1.6622E-09 1.6242E-09 1.5896E-09 1.5556E-09 1.5218E-09 1.4890E-09 1.4560E-09 1.4232E-09 1.3906E-09
8.1117E-09 7.7309E-09 7.2220E-09 6.8951E-09 6.6692E-09 6.5852E-09 6.4579E-09 6.2779E-09 6.3173E-09 7.1707E-09 9.6585E-09 1.3606E-08 4.3715E-08 2.2675E-07 5.4384E-07 7.2207E-07 6.3984E-07 2.1663E-07 2.9116E-09 2.7187E-09 2.6784E-09 2.6378E-09 2.5974E-09 2.5573E-09 2.5177E-09 2.4784E-09 2.4382E-09 2.3993E-09 2.3610E-09 2.3223E-09 2.2850E-09 2.2473E-09 2.2122E-09 2.1772E-09 2.1425E-09 2.1079E-09 2.0734E-09 2.0390E-09 2.0047E-09 1.9705E-09 1.9363E-09 1.9022E-09 1.8682E-09 1.8341E-09 1.8002E-09 1.7664E-09 1.7311E-09 1.6929E-09 1.6543E-09 1.6196E-09 1.5851E-09 1.5520E-09 1.5191E-09 1.4864E-09 1.4542E-09 1.4214E-09 1.3888E-09
6.1337E-09 5.7657E-09 5.4776E-09 5.3024E-09 5.2192E-09 5.1016E-09 4.9351E-09 4.7359E-09 4.4846E-09 4.2055E-09 3.8626E-09 3.5542E-09 3.3277E-09 1.0974E-08 3.5734E-08 1.8692E-08 2.8330E-09 2.7639E-09 2.7240E-09 2.6844E-09 2.6455E-09 2.6063E-09 2.5673E-09 2.5287E-09 2.4897E-09 2.4512E-09 2.4131E-09 2.3755E-09 2.3375E-09 2.3009E-09 2.2639E-09 2.2288E-09 2.1947E-09 2.1607E-09 2.1269E-09 2.0931E-09 2.0595E-09 2.0260E-09 1.9925E-09 1.9591E-09 1.9257E-09 1.8924E-09 1.8591E-09 1.8257E-09 1.7925E-09 1.7593E-09 1.7223E-09 1.6848E-09 1.6478E-09 1.6141E-09 1.5810E-09 1.5480E-09 1.5160E-09 1.4837E-09 1.4516E-09 1.4196E-09 1.3866E-09
4.8130E-09 4.6050E-09 4.4973E-09 4.4434E-09 4.3713E-09 4.2676E-09 4.1077E-09 3.9443E-09 3.7594E-09 3.5739E-09 3.3830E-09 3.2085E-09 3.0714E-09 2.9607E-09 2.8692E-09 2.8086E-09 2.7658E-09 2.7269E-09 2.6878E-09 2.6507E-09 2.6127E-09 2.5748E-09 2.5372E-09 2.4994E-09 2.4620E-09 2.4247E-09 2.3878E-09 2.3507E-09 2.3147E-09 2.2785E-09 2.2434E-09 2.2101E-09 2.1769E-09 2.1439E-09 2.1109E-09 2.0781E-09 2.0453E-09 2.0126E-09 1.9800E-09 1.9474E-09 1.9148E-09 1.8821E-09 1.8495E-09 1.8169E-09 1.7843E-09 1.7502E-09 1.7131E-09 1.6755E-09 1.6418E-09 1.6082E-09 1.5760E-09 1.5440E-09 1.5120E-09 1.4806E-09 1.4485E-09 1.4165E-09 1.3836E-09
4.0423E-09 4.0014E-09 3.9493E-09 3.8696E-09 3.7795E-09 3.6839E-09 3.5685E-09 3.4554E-09 3.3393E-09 3.2289E-09 3.1226E-09 3.0137E-09 2.9261E-09 2.8578E-09 2.8048E-09 2.7647E-09 2.7275E-09 2.6895E-09 2.6528E-09 2.6165E-09 2.5798E-09 2.5433E-09 2.5066E-09 2.4705E-09 2.4342E-09 2.3973E-09 2.3618E-09 2.3257E-09 2.2911E-09 2.2567E-09 2.2234E-09 2.1911E-09 2.1589E-09 2.1267E-09 2.0947E-09 2.0627E-09 2.0308E-09 1.9989E-09 1.9671E-09 1.9352E-09 1.9034E-09 1.8715E-09 1.8396E-09 1.8077E-09 1.7757E-09 1.7399E-09 1.7036E-09 1.6676E-09 1.6349E-09 1.6027E-09 1.5706E-09 1.5395E-09 1.5080E-09 1.4766E-09 1.4454E-09 1.4130E-09 1.3786E-09
3.6687E-09 3.6149E-09 3.5612E-09 3.5044E-09 3.4379E-09 3.3653E-09 3.2805E-09 3.1898E-09 3.1049E-09 3.0296E-09 2.9677E-09 2.9001E-09 2.8425E-09 2.7974E-09 2.7613E-09 2.7258E-09 2.6889E-09 2.6527E-09 2.6179E-09 2.5824E-09 2.5466E-09 2.5115E-09 2.4765E-09 2.4414E-09 2.4055E-09 2.3708E-09 2.3356E-09 2.3016E-09 2.2680E-09 2.2347E-09 2.2032E-09 2.1718E-09 2.1405E-09 2.1093E-09 2.0781E-09 2.0470E-09 2.0159E-09 1.9849E-09 1.9538E-09 1.9227E-09 1.8916E-09 1.8605E-09 1.8293E-09 1.7980E-09 1.7652E-09 1.7293E-09 1.6929E-09 1.6601E-09 1.6276E-09 1.5964E-09 1.5652E-09 1.5342E-09 1.5036E-09 1.4722E-09 1.4410E-09 1.4072E-09 1.3751E-09
3.4150E-09 3.3753E-09 3.3297E-09 3.2659E-09 3.2150E-09 3.1532E-09 3.0892E-09 3.0392E-09 2.9711E-09 2.9151E-09 2.8709E-09 2.8280E-09 2.7892E-09 2.7553E-09 2.7212E-09 2.6861E-09 2.6505E-09 2.6167E-09 2.5827E-09 2.5479E-09 2.5140E-09 2.4801E-09 2.4465E-09 2.4116E-09 2.3777E-09 2.3434E-09 2.3102E-09 2.2774E-09 2.2441E-09 2.2134E-09 2.1828E-09 2.1524E-09 2.1220E-09 2.0916E-09 2.0613E-09 2.0311E-09 2.0008E-09 1.9705E-09 1.9402E-09 1.9099E-09 1.8795E-09 1.8491E-09 1.8186E-09 1.7880E-09 1.7535E-09 1.7166E-09 1.6835E-09 1.6510E-09 1.6207E-09 1.5897E-09 1.5594E-09 1.5288E-09 1.4979E-09 1.4678E-09 1.4347E-09 1.4026E-09 1.3707E-09
3.2225E-09 3.1734E-09 3.1356E-09 3.0927E-09 3.0500E-09 3.0049E-09 2.9670E-09 2.9289E-09 2.8874E-09 2.8470E-09 2.8129E-09 2.7791E-09 2.7469E-09 2.7143E-09 2.6810E-09 2.6467E-09 2.6135E-09 2.5810E-09 2.5472E-09 2.5142E-09 2.4815E-09 2.4484E-09 2.4154E-09 2.3818E-09 2.3492E-09 2.3160E-09 2.2849E-09 2.2516E-09 2.2216E-09 2.1919E-09 2.1622E-09 2.1327E-09 2.1032E-09 2.0737E-09 2.0443E-09 2.0148E-09 1.9853E-09 1.9559E-09 1.9263E-09 1.8967E-09 1.8671E-09 1.8374E-09 1.8075E-09 1.7760E-09 1.7397E-09 1.7063E-09 1.6739E-09 1.6433E-09 1.6127E-09 1.5830E-09 1.5528E-09 1.5227E-09 1.4926E-09 1.4610E-09 1.4292E-09 1.3973E-09 1.3668E-09
3.1024E-09 3.0625E-09 3.0320E-09 2.9951E-09 2.9559E-09 2.9238E-09 2.8889E-09 2.8596E-09 2.8298E-09 2.7991E-09 2.7670E-09 2.7359E-09 2.7049E-09 2.6736E-09 2.6406E-09 2.6081E-09 2.5767E-09 2.5445E-09 2.5119E-09 2.4806E-09 2.4481E-09 2.4170E-09 2.3845E-09 2.3529E-09 2.3207E-09 2.2904E-09 2.2579E-09 2.2281E-09 2.1991E-09 2.1703E-09 2.1415E-09 2.1128E-09 2.0842E-09 2.0556E-09 2.0270E-09 1.9983E-09 1.9696E-09 1.9409E-09 1.9121E-09 1.8833E-09 1.8543E-09 1.8253E-09 1.7961E-09 1.7613E-09 1.7274E-09 1.6948E-09 1.6643E-09 1.6347E-09 1.6051E-09 1.5754E-09 1.5458E-09 1.5162E-09 1.4858E-09 1.4547E-09 1.4228E-09 1.3923E-09 1.3619E-09
3.0061E-09 2.9779E-09 2.9518E-09 2.9218E-09 2.8949E-09 2.8675E-09 2.8397E-09 2.8116E-09 2.7830E-09 2.7525E-09 2.7223E-09 2.6930E-09 2.6634E-09 2.6323E-09 2.6005E-09 2.5704E-09 2.5397E-09 2.5077E-09 2.4779E-09 2.4463E-09 2.4165E-09 2.3850E-09 2.3545E-09 2.3234E-09 2.2932E-09 2.2624E-09 2.2326E-09 2.2045E-09 2.1765E-09 2.1486E-09 2.1206E-09 2.0928E-09 2.0651E-09 2.0373E-09 2.0094E-09 1.9816E-09 1.9537E-09 1.9257E-09 1.8976E-09 1.8695E-09 1.8413E-09 1.8129E-09 1.7811E-09 1.7480E-09 1.7142E-09 1.6847E-09 1.6549E-09 1.6258E-09 1.5967E-09 1.5676E-09 1.5388E-09 1.5093E-09 1.4789E-09 1.4471E-09 1.4161E-09 1.3861E-09 1.3562E-09
2.9477E-09 2.9233E-09 2.8957E-09 2.8697E-09 2.8440E-09 2.8178E-09 2.7912E-09 2.7641E-09 2.7357E-09 2.7064E-09 2.6787E-09 2.6506E-09 2.6217E-09 2.5908E-09 2.5620E-09 2.5330E-09 2.5021E-09 2.4728E-09 2.4427E-09 2.4133E-09 2.3836E-09 2.3532E-09 2.3240E-09 2.2940E-09 2.2650E-09 2.2353E-09 2.2081E-09 2.1809E-09 2.1538E-09 2.1267E-09 2.0997E-09 2.0727E-09 2.0457E-09 2.0188E-09 1.9917E-09 1.9646E-09 1.9375E-09 1.9102E-09 1.8829E-09 1.8555E-09 1.8279E-09 1.7985E-09 1.7668E-09 1.7328E-09 1.7031E-09 1.6735E-09 1.6451E-09 1.6166E-09 1.5880E-09 1.5598E-09 1.5307E-09 1.5016E-09 1.4706E-09 1.4396E-09 1.4097E-09 1.3801E-09 1.3511E-09
2.8927E-09 2.8675E-09 2.8425E-09 2.8184E-09 2.7938E-09 2.7687E-09 2.7432E-09 2.7168E-09 2.6884E-09 2.6622E-09 2.6356E-09 2.6087E-09 2.5794E-09 2.5515E-09 2.5238E-09 2.4946E-09 2.4659E-09 2.4373E-09 2.4083E-09 2.3802E-09 2.3500E-09 2.3225E-09 2.2928E-09 2.2656E-09 2.2361E-09 2.2098E-09 2.1835E-09 2.1573E-09 2.1310E-09 2.1048E-09 2.0786E-09 2.0524E-09 2.0263E-09 2.0001E-09 1.9738E-09 1.9475E-09 1.9211E-09 1.8945E-09 1.8679E-09 1.8411E-09 1.8142E-09 1.7840E-09 1.7497E-09 1.7199E-09 1.6906E-09 1.6629E-09 1.6350E-09 1.6074E-09 1.5794E-09 1.5508E-09 1.5230E-09 1.4928E-09 1.4619E-09 1.4321E-09 1.4029E-09 1.3738E-09 1.3463E-09
2.8373E-09 2.8133E-09 2.7909E-09 2.7679E-09 2.7443E-09 2.7203E-09 2.6960E-09 2.6684E-09 2.6436E-09 2.6185E-09 2.5931E-09 2.5657E-09 2.5388E-09 2.5126E-09 2.4851E-09 2.4570E-09 2.4300E-09 2.4015E-09 2.3744E-09 2.3451E-09 2.3192E-09 2.2897E-09 2.2643E-09 2.2350E-09 2.2098E-09 2.1844E-09 2.1590E-09 2.1336E-09 2.1082E-09 2.0828E-09 2.0575E-09 2.0321E-09 2.0067E-09 1.9813E-09 1.9558E-09 1.9302E-09 1.9045E-09 1.8786E-09 1.8527E-09 1.8266E-09 1.7987E-09 1.7660E-09 1.7351E-09 1.7069E-09 1.6790E-09 1.6519E-09 1.6246E-09 1.5975E-09 1.5700E-09 1.5423E-09 1.5130E-09 1.4825E-09 1.4528E-09 1.4240E-09 1.3952E-09 1.3676E-09 1.3400E-09
2.7823E-09 2.7614E-09 2.7400E-09 2.7181E-09 2.6956E-09 2.6727E-09 2.6465E-09 2.6231E-09 2.5994E-09 2.5754E-09 2.5500E-09 2.5239E-09 2.4992E-09 2.4736E-09 2.4463E-09 2.4209E-09 2.3930E-09 2.3677E-09 2.3385E-09 2.3135E-09 2.2847E-09 2.2603E-09 2.2320E-09 2.2078E-09 2.1835E-09 2.1590E-09 2.1345E-09 2.1099E-09 2.0854E-09 2.0608E-09 2.0362E-09 2.0116E-09 1.9870E-09 1.9623E-09 1.9376E-09 1.9127E-09 1.8877E-09 1.8625E-09 1.8372E-09 1.8118E-09 1.7806E-09 1.7495E-09 1.7212E-09 1.6936E-09 1.6672E-09 1.6406E-09 1.6138E-09 1.5869E-09 1.5603E-09 1.5323E-09 1.5027E-09 1.4731E-09 1.4439E-09 1.4156E-09 1.3878E-09 1.3611E-09 1.3338E-09
2.7303E-09 2.7104E-09 2.6900E-09 2.6690E-09 2.6476E-09 2.6228E-09 2.6008E-09 2.5785E-09 2.5558E-09 2.5323E-09 2.5070E-09 2.4837E-09 2.4595E-09 2.4336E-09 2.4095E-09 2.3828E-09 2.3585E-09 2.3302E-09 2.3062E-09 2.2783E-09 2.2547E-09 2.2281E-09 2.2040E-09 2.1807E-09 2.1572E-09 2.1337E-09 2.1100E-09 2.0863E-09 2.0625E-09 2.0387E-09 2.0149E-09 1.9911E-09 1.9672E-09 1.9432E-09 1.9192E-09 1.8950E-09 1.8707E-09 1.8462E-09 1.8215E-09 1.7935E-09 1.7614E-09 1.7338E-09 1.7066E-09 1.6809E-09 1.6551E-09 1.6290E-09 1.6028E-09 1.5768E-09 1.5498E-09 1.5216E-09 1.4922E-09 1.4631E-09 1.4353E-09 1.4074E-09 1.3812E-09 1.3537E-09 1.3284E-09
2.6791E-09 2.6602E-09 2.6408E-09 2.6208E-09 2.5974E-09 2.5769E-09 2.5559E-09 2.5346E-09 2.5129E-09 2.4883E-09 2.4663E-09 2.4440E-09 2.4189E-09 2.3962E-09 2.3707E-09 2.3476E-09 2.3203E-09 2.2974E-09 2.2703E-09 2.2475E-09 2.2225E-09 2.1985E-09 2.1762E-09 2.1537E-09 2.1311E-09 2.1084E-09 2.0855E-09 2.0626E-09 2.0397E-09 2.0166E-09 1.9935E-09 1.9705E-09 1.9473E-09 1.9240E-09 1.9007E-09 1.8772E-09 1.8535E-09 1.8297E-09 1.8041E-09 1.7735E-09 1.7448E-09 1.7179E-09 1.6931E-09 1.6680E-09 1.6427E-09 1.6172E-09 1.5915E-09 1.5656E-09 1.5383E-09 1.5086E-09 1.4806E-09 1.4532E-09 1.4259E-09 1.4000E-09 1.3731E-09 1.3476E-09 1.3226E-09
2.6289E-09 2.6109E-09 2.5924E-09 2.5704E-09 2.5512E-09 2.5316E-09 2.5116E-09 2.4913E-09 2.4680E-09 2.4472E-09 2.4262E-09 2.4024E-09 2.3810E-09 2.3568E-09 2.3350E-09 2.3088E-09 2.2869E-09 2.2608E-09 2.2389E-09 2.2156E-09 2.1916E-09 2.1700E-09 2.1484E-09 2.1268E-09 2.1050E-09 2.0832E-09 2.0611E-09 2.0390E-09 2.0168E-09 1.9945E-09 1.9722E-09 1.9498E-09 1.9273E-09 1.9047E-09 1.8821E-09 1.8592E-09 1.8362E-09 1.8130E-09 1.7840E-09 1.7552E-09 1.7282E-09 1.7037E-09 1.6794E-09 1.6549E-09 1.6301E-09 1.6051E-09 1.5800E-09 1.5537E-09 1.5246E-09 1.4969E-09 1.4700E-09 1.4431E-09 1.4172E-09 1.3913E-09 1.3657E-09 1.3411E-09 1.3163E-09
2.5795E-09 2.5624E-09 2.5419E-09 2.5241E-09 2.5058E-09 2.4871E-09 2.4681E-09 2.4460E-09 2.4265E-09 2.4067E-09 2.3841E-09 2.3640E-09 2.3410E-09 2.3205E-09 2.2956E-09 2.2748E-09 2.2497E-09 2.2288E-09 2.2071E-09 2.1832E-09 2.1624E-09 2.1416E-09 2.1209E-09 2.1001E-09 2.0791E-09 2.0580E-09 2.0368E-09 2.0154E-09 1.9939E-09 1.9724E-09 1.9508E-09 1.9291E-09 1.9073E-09 1.8854E-09 1.8633E-09 1.8412E-09 1.8188E-09 1.7930E-09 1.7631E-09 1.7369E-09 1.7127E-09 1.6888E-09 1.6655E-09 1.6415E-09 1.6173E-09 1.5928E-09 1.5677E-09 1.5400E-09 1.5118E-09 1.4855E-09 1.4586E-09 1.4333E-09 1.4083E-09 1.3827E-09 1.3586E-09 1.3342E-09 1.3097E-09
2.5310E-09 2.5119E-09 2.4954E-09 2.4785E-09 2.4611E-09 2.4434E-09 2.4226E-09 2.4043E-09 2.3857E-09 2.3643E-09 2.3453E-09 2.3236E-09 2.3043E-09 2.2806E-09 2.2610E-09 2.2371E-09 2.2172E-09 2.1956E-09 2.1734E-09 2.1535E-09 2.1335E-09 2.1135E-09 2.0935E-09 2.0735E-09 2.0533E-09 2.0329E-09 2.0125E-09 1.9918E-09 1.9711E-09 1.9503E-09 1.9293E-09 1.9083E-09 1.8872E-09 1.8659E-09 1.8445E-09 1.8230E-09 1.7996E-09 1.7695E-09 1.7441E-09 1.7202E-09 1.6971E-09 1.6745E-09 1.6509E-09 1.6275E-09 1.6042E-09 1.5798E-09 1.5540E-09 1.5262E-09 1.4997E-09 1.4734E-09 1.4481E-09 1.4242E-09 1.3986E-09 1.3749E-09 1.3510E-09 1.3270E-09 1.3013E-09
2.4811E-09 2.4654E-09 2.4498E-09 2.4337E-09 2.4172E-09 2.3977E-09 2.3807E-09 2.3632E-09 2.3430E-09 2.3252E-09 2.3046E-09 2.2865E-09 2.2639E-09 2.2455E-09 2.2228E-09 2.2041E-09 2.1834E-09 2.1622E-09 2.1432E-09 2.1240E-09 2.1048E-09 2.0856E-09 2.0663E-09 2.0470E-09 2.0276E-09 2.0080E-09 1.9882E-09 1.9683E-09 1.9483E-09 1.9282E-09 1.9079E-09 1.8875E-09 1.8670E-09 1.8464E-09 1.8256E-09 1.8047E-09 1.7762E-09 1.7497E-09 1.7258E-09 1.7034E-09 1.6821E-09 1.6589E-09 1.6366E-09 1.6137E-09 1.5905E-09 1.5658E-09 1.5387E-09 1.5125E-09 1.4868E-09 1.4616E-09 1.4389E-09 1.4133E-09 1.3901E-09 1.3667E-09 1.3431E-09 1.3184E-09 1.2930E-09
