Assets/Resources/2015_m01_d28_0300(utc+0800)_l00_csi_1hr_conc.grd
DSAA
         159         159
     -79.000      79.000
     -79.000      79.000
  0.0000E+00  0.5131E-05
[rows 25 to 49 of 159, columns 57 to 113 of 159]
2.0156E-09 2.8312E-09 3.3313E-09 4.3145E-09 5.1097E-09 6.4884E-09 8.1346E-09 1.0006E-08 1.2028E-08 1.4129E-08 1.6209E-08 1.8171E-08 1.9928E-08 2.1390E-08 2.2500E-08 2.3206E-08 2.3472E-08 2.3309E-08 2.2721E-08 2.1757E-08 2.0473E-08 1.8938E-08 1.7235E-08 1.5449E-08 1.3655E-08 1.1921E-08 1.0278E-08 8.7711E-09 7.4167E-09 6.2017E-09 5.0964E-09 4.1748E-09 3.4228E-09 2.7847E-09 2.2297E-09 1.7333E-09 1.3295E-09 1.0073E-09 7.6806E-10 5.5925E-10 3.7926E-10 2.3927E-10 1.4221E-10 6.7706E-11 3.0723E-11 1.1223E-11 6.3050E-13 0.0000E+00 0.0000E+00 0.0000E+00 0.0000E+00 0.0000E+00 0.0000E+00 0.0000E+00 0.0000E+00 0.0000E+00 0.0000E+00
1.8371E-09 2.5351E-09 3.6765E-09 5.0733E-09 5.6457E-09 7.0201E-09 8.0704E-09 9.9035E-09 1.1984E-08 1.4199E-08 1.6434E-08 1.8585E-08 2.0541E-08 2.2197E-08 2.3479E-08 2.4312E-08 2.4670E-08 2.4539E-08 2.3927E-08 2.2890E-08 2.1485E-08 1.9804E-08 1.7941E-08 1.5991E-08 1.4037E-08 1.2158E-08 1.0408E-08 8.8201E-09 7.3980E-09 6.1370E-09 5.0178E-09 4.0808E-09 3.3236E-09 2.6953E-09 2.1538E-09 1.6684E-09 1.2745E-09 9.5944E-10 7.2696E-10 5.2903E-10 3.5701E-10 2.2367E-10 1.3095E-10 5.8972E-11 2.4020E-11 6.2158E-12 0.0000E+00 0.0000E+00 0.0000E+00 0.0000E+00 0.0000E+00 0.0000E+00 0.0000E+00 0.0000E+00 0.0000E+00 0.0000E+00 0.0000E+00
1.6393E-09 2.2974E-09 3.3507E-09 4.4932E-09 6.2998E-09 8.0982E-09 8.7673E-09 1.0548E-08 1.1948E-08 1.4177E-08 1.6535E-08 1.8864E-08 2.1022E-08 2.2894E-08 2.4372E-08 2.5369E-08 2.5846E-08 2.5767E-08 2.5155E-08 2.4056E-08 2.2542E-08 2.0716E-08 1.8677E-08 1.6544E-08 1.4427E-08 1.2402E-08 1.0522E-08 8.8353E-09 7.3527E-09 6.0561E-09 4.9288E-09 3.9596E-09 3.2029E-09 2.5909E-09 2.0620E-09 1.5927E-09 1.2123E-09 9.0549E-10 6.8108E-10 4.9761E-10 3.3197E-10 2.0636E-10 1.1955E-10 5.1006E-11 1.8088E-11 3.2044E-12 0.0000E+00 0.0000E+00 0.0000E+00 0.0000E+00 0.0000E+00 0.0000E+00 0.0000E+00 0.0000E+00 0.0000E+00 0.0000E+00 0.0000E+00
1.4061E-09 2.0426E-09 2.9743E-09 4.0399E-09 5.7530E-09 7.1927E-09 9.6711E-09 1.1833E-08 1.2593E-08 1.4835E-08 1.6592E-08 1.9017E-08 2.1363E-08 2.3455E-08 2.5150E-08 2.6346E-08 2.6971E-08 2.6984E-08 2.6399E-08 2.5255E-08 2.3637E-08 2.1654E-08 1.9441E-08 1.7128E-08 1.4825E-08 1.2630E-08 1.0632E-08 8.8456E-09 7.2891E-09 5.9438E-09 4.8025E-09 3.8283E-09 3.0668E-09 2.4707E-09 1.9600E-09 1.5085E-09 1.1410E-09 8.4800E-10 6.3372E-10 4.6347E-10 3.0791E-10 1.9024E-10 1.0824E-10 4.2589E-11 1.2078E-11 1.4370E-12 0.0000E+00 0.0000E+00 0.0000E+00 0.0000E+00 0.0000E+00 0.0000E+00 0.0000E+00 0.0000E+00 0.0000E+00 0.0000E+00 0.0000E+00
1.2079E-09 1.8125E-09 2.5507E-09 3.5724E-09 5.0911E-09 6.5030E-09 8.9551E-09 1.0663E-08 1.3634E-08 1.5785E-08 1.7171E-08 1.9647E-08 2.1606E-08 2.3877E-08 2.5796E-08 2.7218E-08 2.8019E-08 2.8153E-08 2.7619E-08 2.6449E-08 2.4744E-08 2.2627E-08 2.0234E-08 1.7715E-08 1.5228E-08 1.2871E-08 1.0721E-08 8.8265E-09 7.2024E-09 5.8175E-09 4.6562E-09 3.6926E-09 2.9140E-09 2.3333E-09 1.8472E-09 1.4184E-09 1.0644E-09 7.9013E-10 5.8355E-10 4.2836E-10 2.8362E-10 1.7271E-10 9.8375E-11 3.6103E-11 8.4168E-12 1.2645E-12 0.0000E+00 0.0000E+00 0.0000E+00 0.0000E+00 0.0000E+00 0.0000E+00 0.0000E+00 0.0000E+00 0.0000E+00 0.0000E+00 0.0000E+00
1.0214E-09 1.5240E-09 2.2013E-09 3.1771E-09 4.3136E-09 6.1096E-09 8.0133E-09 9.7594E-09 1.2849E-08 1.4844E-08 1.8094E-08 2.0383E-08 2.2146E-08 2.4523E-08 2.6331E-08 2.7965E-08 2.8971E-08 2.9270E-08 2.8816E-08 2.7654E-08 2.5878E-08 2.3615E-08 2.1041E-08 1.8338E-08 1.5644E-08 1.3098E-08 1.0809E-08 8.8033E-09 7.0998E-09 5.6704E-09 4.4875E-09 3.5189E-09 2.7428E-09 2.1843E-09 1.7221E-09 1.3190E-09 9.8490E-10 7.2352E-10 5.3143E-10 3.9248E-10 2.5768E-10 1.5506E-10 8.8279E-11 2.9326E-11 5.9854E-12 1.0441E-12 0.0000E+00 0.0000E+00 0.0000E+00 0.0000E+00 0.0000E+00 0.0000E+00 0.0000E+00 0.0000E+00 0.0000E+00 0.0000E+00 0.0000E+00
8.5467E-10 1.2784E-09 1.8740E-09 2.7015E-09 3.6923E-09 5.2831E-09 6.8008E-09 9.4062E-09 1.1745E-08 1.3834E-08 1.7367E-08 1.9638E-08 2.2882E-08 2.5167E-08 2.6943E-08 2.8754E-08 2.9818E-08 3.0292E-08 2.9948E-08 2.8826E-08 2.6994E-08 2.4617E-08 2.1875E-08 1.8955E-08 1.6064E-08 1.3341E-08 1.0888E-08 8.7655E-09 6.9780E-09 5.4962E-09 4.3034E-09 3.3370E-09 2.5652E-09 2.0266E-09 1.5911E-09 1.2187E-09 9.0354E-10 6.5713E-10 4.8221E-10 3.5480E-10 2.3343E-10 1.3789E-10 7.9297E-11 2.5078E-11 4.8354E-12 6.6571E-13 0.0000E+00 0.0000E+00 0.0000E+00 0.0000E+00 0.0000E+00 0.0000E+00 0.0000E+00 0.0000E+00 0.0000E+00 0.0000E+00 0.0000E+00
7.0408E-10 1.0532E-09 1.5527E-09 2.2480E-09 3.1588E-09 4.4820E-09 5.9107E-09 8.2530E-09 1.0158E-08 1.3501E-08 1.6292E-08 1.9473E-08 2.2356E-08 2.4758E-08 2.7564E-08 2.9455E-08 3.0618E-08 3.1270E-08 3.1003E-08 2.9944E-08 2.8088E-08 2.5608E-08 2.2701E-08 1.9585E-08 1.6482E-08 1.3562E-08 1.0950E-08 8.7007E-09 6.8356E-09 5.3255E-09 4.1069E-09 3.1382E-09 2.3793E-09 1.8608E-09 1.4544E-09 1.1119E-09 8.1834E-10 5.8933E-10 4.3322E-10 3.1654E-10 2.0964E-10 1.1940E-10 7.0796E-11 2.1811E-11 3.5971E-12 3.9887E-13 0.0000E+00 0.0000E+00 0.0000E+00 0.0000E+00 0.0000E+00 0.0000E+00 0.0000E+00 0.0000E+00 0.0000E+00 0.0000E+00 0.0000E+00
5.1917E-10 8.6103E-10 1.2733E-09 1.8506E-09 2.6558E-09 3.7310E-09 5.0759E-09 7.1395E-09 9.0004E-09 1.2224E-08 1.4524E-08 1.8388E-08 2.1496E-08 2.4646E-08 2.7381E-08 2.9476E-08 3.1311E-08 3.2105E-08 3.1975E-08 3.1004E-08 2.9133E-08 2.6585E-08 2.3526E-08 2.0222E-08 1.6920E-08 1.3797E-08 1.1014E-08 8.6474E-09 6.6935E-09 5.1188E-09 3.8887E-09 2.9308E-09 2.1971E-09 1.6864E-09 1.3137E-09 1.0020E-09 7.3294E-10 5.2005E-10 3.8101E-10 2.7617E-10 1.8463E-10 1.0140E-10 6.2555E-11 1.9486E-11 2.4900E-12 1.3415E-13 0.0000E+00 0.0000E+00 0.0000E+00 0.0000E+00 0.0000E+00 0.0000E+00 0.0000E+00 0.0000E+00 0.0000E+00 0.0000E+00 0.0000E+00
4.2396E-10 6.4310E-10 1.0105E-09 1.5022E-09 2.1869E-09 3.1096E-09 4.3158E-09 5.9535E-09 7.8829E-09 1.0850E-08 1.3183E-08 1.7132E-08 1.9847E-08 2.3815E-08 2.6884E-08 2.9508E-08 3.1511E-08 3.2645E-08 3.2808E-08 3.1929E-08 3.0086E-08 2.7484E-08 2.4318E-08 2.0846E-08 1.7334E-08 1.4032E-08 1.1085E-08 8.5639E-09 6.5160E-09 4.9183E-09 3.6716E-09 2.7084E-09 1.9934E-09 1.5083E-09 1.1677E-09 8.8901E-10 6.4659E-10 4.5031E-10 3.2903E-10 2.3727E-10 1.5962E-10 8.5157E-11 5.4059E-11 1.6887E-11 1.4126E-12 0.0000E+00 0.0000E+00 0.0000E+00 0.0000E+00 0.0000E+00 0.0000E+00 0.0000E+00 0.0000E+00 0.0000E+00 0.0000E+00 0.0000E+00 0.0000E+00
3.3218E-10 5.0949E-10 7.8006E-10 1.1711E-09 1.7659E-09 2.5445E-09 3.6155E-09 5.0336E-09 6.8311E-09 9.2121E-09 1.1863E-08 1.5725E-08 1.8543E-08 2.2795E-08 2.5675E-08 2.9062E-08 3.1318E-08 3.2872E-08 3.3308E-08 3.2626E-08 3.0924E-08 2.8308E-08 2.5062E-08 2.1449E-08 1.7775E-08 1.4265E-08 1.1127E-08 8.5022E-09 6.3618E-09 4.6902E-09 3.4248E-09 2.4842E-09 1.7871E-09 1.3274E-09 1.0208E-09 7.7529E-10 5.6015E-10 3.8261E-10 2.7735E-10 1.9656E-10 1.3401E-10 6.8560E-11 4.5621E-11 1.4994E-11 6.5939E-13 0.0000E+00 0.0000E+00 0.0000E+00 0.0000E+00 0.0000E+00 0.0000E+00 0.0000E+00 0.0000E+00 0.0000E+00 0.0000E+00 0.0000E+00 0.0000E+00
2.4343E-10 3.9435E-10 5.9642E-10 9.0558E-10 1.3656E-09 2.0281E-09 2.9485E-09 4.2067E-09 5.8366E-09 7.9666E-09 1.0540E-08 1.3785E-08 1.7150E-08 2.1536E-08 2.4584E-08 2.8374E-08 3.0761E-08 3.2788E-08 3.3488E-08 3.3122E-08 3.1582E-08 2.9014E-08 2.5744E-08 2.2013E-08 1.8159E-08 1.4496E-08 1.1205E-08 8.4077E-09 6.1685E-09 4.4654E-09 3.1826E-09 2.2480E-09 1.5771E-09 1.1459E-09 8.7580E-10 6.5901E-10 4.7583E-10 3.1596E-10 2.2622E-10 1.5975E-10 1.1010E-10 5.3694E-11 3.4577E-11 1.1461E-11 1.5949E-13 0.0000E+00 0.0000E+00 0.0000E+00 0.0000E+00 0.0000E+00 0.0000E+00 0.0000E+00 0.0000E+00 0.0000E+00 0.0000E+00 0.0000E+00 0.0000E+00
1.3986E-10 2.7617E-10 4.5575E-10 6.8001E-10 1.0581E-09 1.5794E-09 2.3550E-09 3.4370E-09 4.8858E-09 6.7962E-09 9.2214E-09 1.2259E-08 1.5657E-08 1.9591E-08 2.3306E-08 2.7435E-08 3.0032E-08 3.2466E-08 3.3419E-08 3.3371E-08 3.2012E-08 2.9588E-08 2.6314E-08 2.2518E-08 1.8556E-08 1.4700E-08 1.1231E-08 8.3287E-09 5.9945E-09 4.2264E-09 2.9351E-09 2.0310E-09 1.3704E-09 9.7118E-10 7.3122E-10 5.4825E-10 3.9488E-10 2.5389E-10 1.7884E-10 1.2408E-10 8.6453E-11 4.0643E-11 2.4982E-11 8.5032E-12 0.0000E+00 0.0000E+00 0.0000E+00 0.0000E+00 0.0000E+00 0.0000E+00 0.0000E+00 0.0000E+00 0.0000E+00 0.0000E+00 0.0000E+00 0.0000E+00 0.0000E+00
6.4472E-11 1.6336E-10 3.1202E-10 5.0446E-10 7.7963E-10 1.2194E-09 1.8528E-09 2.7572E-09 4.0362E-09 5.7467E-09 7.9808E-09 1.0820E-08 1.4157E-08 1.8010E-08 2.1892E-08 2.5852E-08 2.9099E-08 3.1919E-08 3.3102E-08 3.3381E-08 3.2225E-08 2.9965E-08 2.6766E-08 2.2947E-08 1.8858E-08 1.4899E-08 1.1293E-08 8.2329E-09 5.8122E-09 3.9978E-09 2.6889E-09 1.7948E-09 1.1757E-09 7.9987E-10 5.9524E-10 4.4293E-10 3.1655E-10 1.9753E-10 1.3655E-10 9.3961E-11 6.4607E-11 2.8718E-11 1.6149E-11 6.0841E-12 0.0000E+00 0.0000E+00 0.0000E+00 0.0000E+00 0.0000E+00 0.0000E+00 0.0000E+00 0.0000E+00 0.0000E+00 0.0000E+00 0.0000E+00 0.0000E+00 0.0000E+00
2.3500E-11 8.1085E-11 1.8805E-10 3.4383E-10 5.6487E-10 8.9549E-10 1.4281E-09 2.1873E-09 3.2862E-09 4.7993E-09 6.8356E-09 9.4750E-09 1.2688E-08 1.6461E-08 2.0415E-08 2.4450E-08 2.7972E-08 3.0866E-08 3.2562E-08 3.3169E-08 3.2230E-08 3.0179E-08 2.7059E-08 2.3271E-08 1.9155E-08 1.5061E-08 1.1319E-08 8.1672E-09 5.6431E-09 3.7683E-09 2.4657E-09 1.5800E-09 9.8230E-10 6.4091E-10 4.6655E-10 3.4330E-10 2.4584E-10 1.4780E-10 9.9568E-11 6.7125E-11 4.4762E-11 1.8925E-11 9.3309E-12 4.4025E-12 0.0000E+00 0.0000E+00 0.0000E+00 0.0000E+00 0.0000E+00 0.0000E+00 0.0000E+00 0.0000E+00 0.0000E+00 0.0000E+00 0.0000E+00 0.0000E+00 0.0000E+00
9.5835E-15 3.1161E-11 9.2826E-11 2.1297E-10 3.8414E-10 6.3470E-10 1.0586E-09 1.6831E-09 2.6186E-09 3.9671E-09 5.7971E-09 8.2366E-09 1.1283E-08 1.4920E-08 1.8895E-08 2.3009E-08 2.6708E-08 2.9807E-08 3.1816E-08 3.2623E-08 3.2023E-08 3.0210E-08 2.7227E-08 2.3484E-08 1.9342E-08 1.5212E-08 1.1370E-08 8.0841E-09 5.4907E-09 3.5726E-09 2.2444E-09 1.3753E-09 8.3581E-10 4.9638E-10 3.5116E-10 2.5590E-10 1.8081E-10 1.0536E-10 6.9187E-11 4.5439E-11 2.8262E-11 1.0022E-11 4.1112E-12 2.0967E-12 0.0000E+00 0.0000E+00 0.0000E+00 0.0000E+00 0.0000E+00 0.0000E+00 0.0000E+00 0.0000E+00 0.0000E+00 0.0000E+00 0.0000E+00 0.0000E+00 0.0000E+00
0.0000E+00 2.1561E-12 3.5151E-11 1.0861E-10 2.4152E-10 4.3132E-10 7.4784E-10 1.2731E-09 2.0591E-09 3.2328E-09 4.8870E-09 7.1187E-09 9.9902E-09 1.3499E-08 1.7407E-08 2.1514E-08 2.5380E-08 2.8673E-08 3.0910E-08 3.1981E-08 3.1664E-08 3.0039E-08 2.7241E-08 2.3627E-08 1.9516E-08 1.5316E-08 1.1407E-08 8.0465E-09 5.3508E-09 3.3767E-09 2.0641E-09 1.2051E-09 6.8320E-10 3.7251E-10 2.5585E-10 1.8089E-10 1.2524E-10 7.0202E-11 4.3854E-11 2.7345E-11 1.4880E-11 4.0554E-12 9.6013E-13 0.0000E+00 0.0000E+00 0.0000E+00 0.0000E+00 0.0000E+00 0.0000E+00 0.0000E+00 0.0000E+00 0.0000E+00 0.0000E+00 0.0000E+00 0.0000E+00 0.0000E+00 0.0000E+00
0.0000E+00 0.0000E+00 3.7511E-12 4.4631E-11 1.2383E-10 2.7133E-10 5.2513E-10 9.2937E-10 1.6025E-09 2.6131E-09 4.0962E-09 6.1658E-09 8.8478E-09 1.2159E-08 1.5980E-08 2.0077E-08 2.3990E-08 2.7401E-08 2.9893E-08 3.1203E-08 3.1127E-08 2.9757E-08 2.7175E-08 2.3671E-08 1.9614E-08 1.5432E-08 1.1454E-08 7.9880E-09 5.2664E-09 3.2514E-09 1.9034E-09 1.0531E-09 5.6217E-10 2.7535E-10 1.7904E-10 1.1993E-10 8.0072E-11 4.2867E-11 2.5136E-11 1.3576E-11 4.5277E-12 1.4386E-14 0.0000E+00 0.0000E+00 0.0000E+00 0.0000E+00 0.0000E+00 0.0000E+00 0.0000E+00 0.0000E+00 0.0000E+00 0.0000E+00 0.0000E+00 0.0000E+00 0.0000E+00 0.0000E+00 0.0000E+00
0.0000E+00 0.0000E+00 0.0000E+00 7.8237E-12 5.2460E-11 1.5738E-10 3.4979E-10 6.8093E-10 1.2349E-09 2.1388E-09 3.4560E-09 5.3395E-09 7.8555E-09 1.1034E-08 1.4720E-08 1.8695E-08 2.2660E-08 2.6173E-08 2.8802E-08 3.0329E-08 3.0514E-08 2.9365E-08 2.6967E-08 2.3656E-08 1.9689E-08 1.5491E-08 1.1502E-08 7.9998E-09 5.1799E-09 3.1285E-09 1.7877E-09 9.3993E-10 4.6054E-10 2.0021E-10 1.1704E-10 7.1765E-11 4.5389E-11 2.1905E-11 1.1193E-11 4.1455E-12 7.9694E-13 0.0000E+00 0.0000E+00 0.0000E+00 0.0000E+00 0.0000E+00 0.0000E+00 0.0000E+00 0.0000E+00 0.0000E+00 0.0000E+00 0.0000E+00 0.0000E+00 0.0000E+00 0.0000E+00 0.0000E+00 0.0000E+00
0.0000E+00 0.0000E+00 0.0000E+00 0.0000E+00 8.0729E-12 7.9937E-11 2.3249E-10 5.0368E-10 9.7558E-10 1.7624E-09 2.9497E-09 4.7094E-09 7.0732E-09 1.0081E-08 1.3639E-08 1.7530E-08 2.1417E-08 2.4928E-08 2.7756E-08 2.9379E-08 2.9754E-08 2.8854E-08 2.6696E-08 2.3525E-08 1.9675E-08 1.5563E-08 1.1544E-08 7.9733E-09 5.1492E-09 3.0643E-09 1.6812E-09 8.5681E-10 3.9358E-10 1.4872E-10 7.5379E-11 3.6183E-11 1.9405E-11 1.0032E-11 5.0355E-12 1.4120E-12 0.0000E+00 0.0000E+00 0.0000E+00 0.0000E+00 0.0000E+00 0.0000E+00 0.0000E+00 0.0000E+00 0.0000E+00 0.0000E+00 0.0000E+00 0.0000E+00 0.0000E+00 0.0000E+00 0.0000E+00 0.0000E+00 0.0000E+00
0.0000E+00 0.0000E+00 0.0000E+00 0.0000E+00 0.0000E+00 3.1317E-11 1.4497E-10 3.7051E-10 7.8166E-10 1.4848E-09 2.6002E-09 4.2289E-09 6.4645E-09 9.3513E-09 1.2782E-08 1.6541E-08 2.0370E-08 2.3850E-08 2.6631E-08 2.8423E-08 2.9021E-08 2.8258E-08 2.6294E-08 2.3325E-08 1.9600E-08 1.5524E-08 1.1544E-08 7.9721E-09 5.0748E-09 2.9826E-09 1.6164E-09 7.8900E-10 3.2903E-10 1.1164E-10 4.4189E-11 1.5607E-11 9.7539E-12 5.2730E-12 1.7722E-12 1.2785E-13 0.0000E+00 0.0000E+00 0.0000E+00 0.0000E+00 0.0000E+00 0.0000E+00 0.0000E+00 0.0000E+00 0.0000E+00 0.0000E+00 0.0000E+00 0.0000E+00 0.0000E+00 0.0000E+00 0.0000E+00 0.0000E+00 0.0000E+00
0.0000E+00 0.0000E+00 0.0000E+00 0.0000E+00 0.0000E+00 1.7871E-11 1.0041E-10 2.8926E-10 6.4926E-10 1.2986E-09 2.3332E-09 3.9129E-09 6.0622E-09 8.8452E-09 1.2172E-08 1.5829E-08 1.9535E-08 2.2946E-08 2.5719E-08 2.7523E-08 2.8170E-08 2.7623E-08 2.5838E-08 2.2992E-08 1.9410E-08 1.5428E-08 1.1443E-08 7.8712E-09 5.0074E-09 2.9022E-09 1.5244E-09 7.3854E-10 3.0374E-10 9.3519E-11 3.1276E-11 8.8222E-12 4.9425E-12 1.8534E-12 2.8141E-13 0.0000E+00 0.0000E+00 0.0000E+00 0.0000E+00 0.0000E+00 0.0000E+00 0.0000E+00 0.0000E+00 0.0000E+00 0.0000E+00 0.0000E+00 0.0000E+00 0.0000E+00 0.0000E+00 0.0000E+00 0.0000E+00 0.0000E+00 0.0000E+00
0.0000E+00 0.0000E+00 0.0000E+00 0.0000E+00 0.0000E+00 8.3359E-12 7.8846E-11 2.4220E-10 5.6865E-10 1.1765E-09 2.1811E-09 3.7177E-09 5.8491E-09 8.5854E-09 1.1825E-08 1.5382E-08 1.8987E-08 2.2276E-08 2.4941E-08 2.6756E-08 2.7448E-08 2.6945E-08 2.5284E-08 2.2581E-08 1.9085E-08 1.5159E-08 1.1245E-08 7.7116E-09 4.8412E-09 2.7928E-09 1.4516E-09 6.7369E-10 2.6555E-10 8.0313E-11 2.4033E-11 4.1790E-12 1.6677E-12 3.2705E-13 0.0000E+00 0.0000E+00 0.0000E+00 0.0000E+00 0.0000E+00 0.0000E+00 0.0000E+00 0.0000E+00 0.0000E+00 0.0000E+00 0.0000E+00 0.0000E+00 0.0000E+00 0.0000E+00 0.0000E+00 0.0000E+00 0.0000E+00 0.0000E+00 0.0000E+00
0.0000E+00 0.0000E+00 0.0000E+00 0.0000E+00 0.0000E+00 3.7718E-12 6.2922E-11 2.1771E-10 5.3168E-10 1.1143E-09 2.1164E-09 3.6559E-09 5.7987E-09 8.5605E-09 1.1792E-08 1.5274E-08 1.8739E-08 2.1889E-08 2.4431E-08 2.6119E-08 2.6780E-08 2.6337E-08 2.4722E-08 2.2066E-08 1.8666E-08 1.4800E-08 1.0889E-08 7.4302E-09 4.6460E-09 2.6282E-09 1.3339E-09 6.2675E-10 2.4333E-10 6.7203E-11 1.8701E-11 1.2924E-12 2.9316E-13 0.0000E+00 0.0000E+00 0.0000E+00 0.0000E+00 0.0000E+00 0.0000E+00 0.0000E+00 0.0000E+00 0.0000E+00 0.0000E+00 0.0000E+00 0.0000E+00 0.0000E+00 0.0000E+00 0.0000E+00 0.0000E+00 0.0000E+00 0.0000E+00 0.0000E+00 0.0000E+00
0.0000E+00 0.0000E+00 0.0000E+00 0.0000E+00 0.0000E+00 5.7767E-14 4.3925E-11 1.9209E-10 5.0485E-10 1.0971E-09 2.1093E-09 3.7054E-09 5.9451E-09 8.7921E-09 1.2062E-08 1.5518E-08 1.8880E-08 2.1836E-08 2.4166E-08 2.5723E-08 2.6288E-08 2.5772E-08 2.4175E-08 2.1553E-08 1.8143E-08 1.4278E-08 1.0457E-08 7.0548E-09 4.3333E-09 2.4362E-09 1.2211E-09 5.4837E-10 2.0702E-10 5.9405E-11 1.1008E-11 1.8627E-13 0.0000E+00 0.0000E+00 0.0000E+00 0.0000E+00 0.0000E+00 0.0000E+00 0.0000E+00 0.0000E+00 0.0000E+00 0.0000E+00 0.0000E+00 0.0000E+00 0.0000E+00 0.0000E+00 0.0000E+00 0.0000E+00 0.0000E+00 0.0000E+00 0.0000E+00 0.0000E+00 0.0000E+00
