Assets/Resources/2015_m01_d24_1300(utc+0800)_l00_csi_1hr_conc.grd
DSAA
         159         159
     -79.000      79.000
     -79.000      79.000
  0.2338E-10  0.1099E-05
[rows 0 to 24 of 159, columns 57 to 113 of 159]
5.6369E-09 5.4589E-09 5.2927E-09 5.1305E-09 4.9717E-09 4.8148E-09 4.6615E-09 4.5103E-09 4.3628E-09 4.2193E-09 4.0781E-09 3.9397E-09 3.8043E-09 3.6722E-09 3.5435E-09 3.4183E-09 3.2968E-09 3.1790E-09 3.0648E-09 2.9542E-09 2.8472E-09 2.7437E-09 2.6437E-09 2.5471E-09 2.4538E-09 2.3637E-09 2.2769E-09 2.1931E-09 2.1123E-09 2.0345E-09 1.9596E-09 1.8855E-09 1.8133E-09 1.7442E-09 1.6728E-09 1.6078E-09 1.5467E-09 1.4887E-09 1.4347E-09 1.3820E-09 1.3312E-09 1.2819E-09 1.2345E-09 1.1885E-09 1.1438E-09 1.1009E-09 1.0606E-09 1.0198E-09 9.8065E-10 9.4290E-10 9.0851E-10 8.7425E-10 8.4143E-10 8.1150E-10 7.8242E-10 7.5323E-10 7.2674E-10
5.7069E-09 5.5283E-09 5.3568E-09 5.1940E-09 5.0331E-09 4.8729E-09 4.7180E-09 4.5652E-09 4.4164E-09 4.2716E-09 4.1292E-09 3.9897E-09 3.8532E-09 3.7200E-09 3.5902E-09 3.4641E-09 3.3416E-09 3.2228E-09 3.1077E-09 2.9961E-09 2.8882E-09 2.7838E-09 2.6829E-09 2.5854E-09 2.4912E-09 2.4003E-09 2.3126E-09 2.2281E-09 2.1465E-09 2.0680E-09 1.9923E-09 1.9174E-09 1.8445E-09 1.7746E-09 1.7024E-09 1.6368E-09 1.5761E-09 1.5170E-09 1.4616E-09 1.4082E-09 1.3568E-09 1.3069E-09 1.2589E-09 1.2123E-09 1.1670E-09 1.1235E-09 1.0827E-09 1.0413E-09 1.0016E-09 9.6327E-10 9.2834E-10 8.9354E-10 8.6019E-10 8.2974E-10 8.0016E-10 7.7045E-10 7.4346E-10
5.7714E-09 5.5940E-09 5.4163E-09 5.2529E-09 5.0886E-09 4.9287E-09 4.7706E-09 4.6183E-09 4.4664E-09 4.3205E-09 4.1772E-09 4.0366E-09 3.8992E-09 3.7651E-09 3.6345E-09 3.5075E-09 3.3842E-09 3.2646E-09 3.1486E-09 3.0363E-09 2.9276E-09 2.8224E-09 2.7207E-09 2.6224E-09 2.5275E-09 2.4359E-09 2.3474E-09 2.2621E-09 2.1799E-09 2.1006E-09 2.0243E-09 1.9507E-09 1.8751E-09 1.8046E-09 1.7350E-09 1.6653E-09 1.6040E-09 1.5443E-09 1.4883E-09 1.4343E-09 1.3822E-09 1.3318E-09 1.2831E-09 1.2360E-09 1.1912E-09 1.1461E-09 1.1047E-09 1.0628E-09 1.0225E-09 9.8368E-10 9.4823E-10 9.1290E-10 8.7903E-10 8.4807E-10 8.1798E-10 7.8871E-10 7.6028E-10
5.8331E-09 5.6514E-09 5.4713E-09 5.3054E-09 5.1416E-09 4.9785E-09 4.8191E-09 4.6657E-09 4.5128E-09 4.3660E-09 4.2218E-09 4.0805E-09 3.9423E-09 3.8075E-09 3.6762E-09 3.5486E-09 3.4246E-09 3.3043E-09 3.1877E-09 3.0747E-09 2.9653E-09 2.8594E-09 2.7571E-09 2.6581E-09 2.5625E-09 2.4702E-09 2.3812E-09 2.2952E-09 2.2124E-09 2.1325E-09 2.0555E-09 1.9814E-09 1.9052E-09 1.8340E-09 1.7638E-09 1.6935E-09 1.6315E-09 1.5712E-09 1.5147E-09 1.4601E-09 1.4075E-09 1.3565E-09 1.3080E-09 1.2596E-09 1.2143E-09 1.1686E-09 1.1267E-09 1.0842E-09 1.0435E-09 1.0041E-09 9.6815E-10 9.3231E-10 8.9793E-10 8.6647E-10 8.3587E-10 8.0611E-10 7.7718E-10
5.8889E-09 5.7032E-09 5.5260E-09 5.3530E-09 5.1880E-09 5.0254E-09 4.8653E-09 4.7091E-09 4.5554E-09 4.4079E-09 4.2631E-09 4.1212E-09 3.9825E-09 3.8471E-09 3.7153E-09 3.5871E-09 3.4627E-09 3.3418E-09 3.2247E-09 3.1111E-09 3.0012E-09 2.8948E-09 2.7919E-09 2.6924E-09 2.5963E-09 2.5035E-09 2.4138E-09 2.3274E-09 2.2439E-09 2.1635E-09 2.0860E-09 2.0114E-09 1.9346E-09 1.8629E-09 1.7921E-09 1.7212E-09 1.6587E-09 1.5990E-09 1.5415E-09 1.4857E-09 1.4333E-09 1.3810E-09 1.3320E-09 1.2830E-09 1.2372E-09 1.1910E-09 1.1486E-09 1.1057E-09 1.0644E-09 1.0246E-09 9.8810E-10 9.5279E-10 9.1688E-10 8.8492E-10 8.5382E-10 8.2358E-10 7.9416E-10
5.9361E-09 5.7492E-09 5.5706E-09 5.3955E-09 5.2297E-09 5.0662E-09 4.9053E-09 4.7485E-09 4.5960E-09 4.4462E-09 4.3009E-09 4.1586E-09 4.0195E-09 3.8838E-09 3.7517E-09 3.6232E-09 3.4983E-09 3.3772E-09 3.2596E-09 3.1457E-09 3.0354E-09 2.9286E-09 2.8252E-09 2.7253E-09 2.6287E-09 2.5355E-09 2.4454E-09 2.3585E-09 2.2746E-09 2.1937E-09 2.1158E-09 2.0406E-09 1.9634E-09 1.8912E-09 1.8199E-09 1.7508E-09 1.6855E-09 1.6253E-09 1.5673E-09 1.5110E-09 1.4581E-09 1.4053E-09 1.3558E-09 1.3064E-09 1.2601E-09 1.2134E-09 1.1705E-09 1.1271E-09 1.0853E-09 1.0450E-09 1.0081E-09 9.7124E-10 9.3587E-10 9.0342E-10 8.7183E-10 8.4110E-10 8.1120E-10
5.9772E-09 5.7890E-09 5.6096E-09 5.4332E-09 5.2663E-09 5.1023E-09 4.9409E-09 4.7836E-09 4.6308E-09 4.4807E-09 4.3352E-09 4.1927E-09 4.0535E-09 3.9176E-09 3.7854E-09 3.6567E-09 3.5316E-09 3.4102E-09 3.2925E-09 3.1783E-09 3.0677E-09 2.9606E-09 2.8570E-09 2.7567E-09 2.6598E-09 2.5662E-09 2.4758E-09 2.3885E-09 2.3043E-09 2.2230E-09 2.1447E-09 2.0692E-09 1.9915E-09 1.9189E-09 1.8472E-09 1.7776E-09 1.7119E-09 1.6512E-09 1.5927E-09 1.5360E-09 1.4826E-09 1.4294E-09 1.3795E-09 1.3295E-09 1.2828E-09 1.2357E-09 1.1923E-09 1.1484E-09 1.1052E-09 1.0654E-09 1.0280E-09 9.9072E-10 9.5488E-10 9.2194E-10 8.8988E-10 8.5867E-10 8.2829E-10
6.0117E-09 5.8228E-09 5.6429E-09 5.4657E-09 5.2997E-09 5.1336E-09 4.9720E-09 4.8146E-09 4.6616E-09 4.5115E-09 4.3660E-09 4.2235E-09 4.0843E-09 3.9485E-09 3.8162E-09 3.6875E-09 3.5625E-09 3.4410E-09 3.3232E-09 3.2089E-09 3.0982E-09 2.9909E-09 2.8871E-09 2.7867E-09 2.6895E-09 2.5957E-09 2.5050E-09 2.4174E-09 2.3329E-09 2.2514E-09 2.1727E-09 2.0969E-09 2.0189E-09 1.9460E-09 1.8739E-09 1.8039E-09 1.7378E-09 1.6767E-09 1.6178E-09 1.5607E-09 1.5069E-09 1.4532E-09 1.4029E-09 1.3525E-09 1.3054E-09 1.2578E-09 1.2140E-09 1.1697E-09 1.1261E-09 1.0858E-09 1.0480E-09 1.0102E-09 9.7389E-10 9.4049E-10 9.0796E-10 8.7627E-10 8.4543E-10
6.0398E-09 5.8505E-09 5.6705E-09 5.4926E-09 5.3263E-09 5.1586E-09 4.9985E-09 4.8412E-09 4.6884E-09 4.5384E-09 4.3931E-09 4.2509E-09 4.1119E-09 3.9764E-09 3.8443E-09 3.7158E-09 3.5909E-09 3.4695E-09 3.3517E-09 3.2375E-09 3.1268E-09 3.0195E-09 2.9156E-09 2.8151E-09 2.7178E-09 2.6238E-09 2.5330E-09 2.4453E-09 2.3606E-09 2.2788E-09 2.1999E-09 2.1238E-09 2.0456E-09 1.9724E-09 1.9000E-09 1.8308E-09 1.7633E-09 1.7018E-09 1.6426E-09 1.5850E-09 1.5309E-09 1.4768E-09 1.4261E-09 1.3754E-09 1.3278E-09 1.2798E-09 1.2356E-09 1.1899E-09 1.1469E-09 1.1062E-09 1.0679E-09 1.0288E-09 9.9290E-10 9.5904E-10 9.2604E-10 8.9390E-10 8.6258E-10
6.0614E-09 5.8720E-09 5.6921E-09 5.5142E-09 5.3461E-09 5.1803E-09 5.0206E-09 4.8635E-09 4.7111E-09 4.5616E-09 4.4167E-09 4.2749E-09 4.1364E-09 4.0012E-09 3.8695E-09 3.7414E-09 3.6168E-09 3.4957E-09 3.3781E-09 3.2640E-09 3.1534E-09 3.0463E-09 2.9424E-09 2.8420E-09 2.7447E-09 2.6507E-09 2.5598E-09 2.4720E-09 2.3872E-09 2.3053E-09 2.2263E-09 2.1480E-09 2.0716E-09 1.9971E-09 1.9255E-09 1.8550E-09 1.7882E-09 1.7265E-09 1.6669E-09 1.6090E-09 1.5545E-09 1.5002E-09 1.4491E-09 1.3980E-09 1.3500E-09 1.3017E-09 1.2571E-09 1.2100E-09 1.1676E-09 1.1265E-09 1.0867E-09 1.0482E-09 1.0119E-09 9.7758E-10 9.4413E-10 9.1153E-10 8.7976E-10
6.0764E-09 5.8874E-09 5.7078E-09 5.5303E-09 5.3609E-09 5.1972E-09 5.0380E-09 4.8816E-09 4.7298E-09 4.5809E-09 4.4367E-09 4.2956E-09 4.1577E-09 4.0231E-09 3.8920E-09 3.7644E-09 3.6402E-09 3.5195E-09 3.4023E-09 3.2886E-09 3.1782E-09 3.0713E-09 2.9676E-09 2.8673E-09 2.7702E-09 2.6762E-09 2.5854E-09 2.4976E-09 2.4127E-09 2.3308E-09 2.2517E-09 2.1733E-09 2.0968E-09 2.0222E-09 1.9504E-09 1.8797E-09 1.8127E-09 1.7507E-09 1.6908E-09 1.6327E-09 1.5779E-09 1.5232E-09 1.4718E-09 1.4204E-09 1.3721E-09 1.3234E-09 1.2775E-09 1.2310E-09 1.1882E-09 1.1467E-09 1.1065E-09 1.0676E-09 1.0309E-09 9.9610E-10 9.6221E-10 9.2916E-10 8.9695E-10
6.0849E-09 5.8966E-09 5.7177E-09 5.5393E-09 5.3722E-09 5.2093E-09 5.0510E-09 4.8954E-09 4.7445E-09 4.5965E-09 4.4532E-09 4.3129E-09 4.1758E-09 4.0421E-09 3.9117E-09 3.7847E-09 3.6612E-09 3.5410E-09 3.4243E-09 3.3111E-09 3.2011E-09 3.0945E-09 2.9912E-09 2.8911E-09 2.7942E-09 2.7004E-09 2.6097E-09 2.5220E-09 2.4372E-09 2.3553E-09 2.2762E-09 2.1978E-09 2.1212E-09 2.0465E-09 1.9747E-09 1.9038E-09 1.8366E-09 1.7744E-09 1.7136E-09 1.6560E-09 1.6002E-09 1.5459E-09 1.4935E-09 1.4425E-09 1.3928E-09 1.3449E-09 1.2966E-09 1.2518E-09 1.2086E-09 1.1658E-09 1.1263E-09 1.0870E-09 1.0498E-09 1.0146E-09 9.8025E-10 9.4677E-10 9.1412E-10
6.0843E-09 5.8996E-09 5.7187E-09 5.5446E-09 5.3785E-09 5.2167E-09 5.0595E-09 4.9050E-09 4.7552E-09 4.6083E-09 4.4661E-09 4.3269E-09 4.1909E-09 4.0581E-09 3.9286E-09 3.8025E-09 3.6797E-09 3.5603E-09 3.4442E-09 3.3315E-09 3.2221E-09 3.1160E-09 3.0130E-09 2.9133E-09 2.8167E-09 2.7232E-09 2.6328E-09 2.5452E-09 2.4606E-09 2.3788E-09 2.2998E-09 2.2214E-09 2.1449E-09 2.0702E-09 1.9983E-09 1.9273E-09 1.8600E-09 1.7977E-09 1.7367E-09 1.6788E-09 1.6228E-09 1.5684E-09 1.5157E-09 1.4644E-09 1.4135E-09 1.3642E-09 1.3176E-09 1.2716E-09 1.2281E-09 1.1858E-09 1.1459E-09 1.1062E-09 1.0686E-09 1.0330E-09 9.9826E-10 9.6340E-10 9.3127E-10
6.0784E-09 5.8950E-09 5.7172E-09 5.5445E-09 5.3798E-09 5.2194E-09 5.0636E-09 4.9105E-09 4.7621E-09 4.6165E-09 4.4756E-09 4.3377E-09 4.2028E-09 4.0712E-09 3.9428E-09 3.8176E-09 3.6958E-09 3.5772E-09 3.4620E-09 3.3500E-09 3.2412E-09 3.1356E-09 3.0333E-09 2.9340E-09 2.8378E-09 2.7447E-09 2.6546E-09 2.5673E-09 2.4830E-09 2.4013E-09 2.3224E-09 2.2442E-09 2.1678E-09 2.0931E-09 2.0201E-09 1.9502E-09 1.8829E-09 1.8197E-09 1.7593E-09 1.7006E-09 1.6451E-09 1.5897E-09 1.5375E-09 1.4850E-09 1.4339E-09 1.3853E-09 1.3385E-09 1.2921E-09 1.2483E-09 1.2057E-09 1.1644E-09 1.1254E-09 1.0874E-09 1.0514E-09 1.0162E-09 9.8095E-10 9.4838E-10
6.0677E-09 5.8862E-09 5.7103E-09 5.5393E-09 5.3763E-09 5.2176E-09 5.0634E-09 4.9120E-09 4.7634E-09 4.6212E-09 4.4818E-09 4.3453E-09 4.2118E-09 4.0815E-09 3.9543E-09 3.8303E-09 3.7095E-09 3.5919E-09 3.4776E-09 3.3664E-09 3.2584E-09 3.1536E-09 3.0518E-09 2.9532E-09 2.8575E-09 2.7649E-09 2.6751E-09 2.5883E-09 2.5042E-09 2.4229E-09 2.3441E-09 2.2661E-09 2.1898E-09 2.1143E-09 2.0424E-09 1.9703E-09 1.9045E-09 1.8409E-09 1.7808E-09 1.7227E-09 1.6663E-09 1.6115E-09 1.5571E-09 1.5054E-09 1.4550E-09 1.4062E-09 1.3591E-09 1.3125E-09 1.2684E-09 1.2245E-09 1.1838E-09 1.1444E-09 1.1061E-09 1.0697E-09 1.0332E-09 9.9844E-10 9.6546E-10
6.0509E-09 5.8716E-09 5.6980E-09 5.5291E-09 5.3682E-09 5.2114E-09 5.0592E-09 4.9079E-09 4.7628E-09 4.6224E-09 4.4847E-09 4.3498E-09 4.2179E-09 4.0890E-09 3.9632E-09 3.8404E-09 3.7209E-09 3.6044E-09 3.4911E-09 3.3809E-09 3.2738E-09 3.1698E-09 3.0688E-09 2.9708E-09 2.8758E-09 2.7837E-09 2.6945E-09 2.6081E-09 2.5244E-09 2.4434E-09 2.3649E-09 2.2871E-09 2.2101E-09 2.1357E-09 2.0618E-09 1.9914E-09 1.9252E-09 1.8620E-09 1.8025E-09 1.7436E-09 1.6869E-09 1.6319E-09 1.5783E-09 1.5264E-09 1.4759E-09 1.4269E-09 1.3795E-09 1.3317E-09 1.2873E-09 1.2441E-09 1.2031E-09 1.1634E-09 1.1238E-09 1.0870E-09 1.0510E-09 1.0159E-09 9.8247E-10
6.0282E-09 5.8514E-09 5.6803E-09 5.5125E-09 5.3540E-09 5.1976E-09 5.0474E-09 4.9018E-09 4.7588E-09 4.6203E-09 4.4844E-09 4.3513E-09 4.2211E-09 4.0938E-09 3.9695E-09 3.8482E-09 3.7300E-09 3.6148E-09 3.5026E-09 3.3935E-09 3.2874E-09 3.1843E-09 3.0842E-09 2.9870E-09 2.8927E-09 2.8012E-09 2.7126E-09 2.6267E-09 2.5435E-09 2.4629E-09 2.3848E-09 2.3063E-09 2.2306E-09 2.1543E-09 2.0821E-09 2.0114E-09 1.9457E-09 1.8832E-09 1.8231E-09 1.7648E-09 1.7080E-09 1.6529E-09 1.5993E-09 1.5472E-09 1.4965E-09 1.4464E-09 1.3988E-09 1.3517E-09 1.3060E-09 1.2636E-09 1.2214E-09 1.1803E-09 1.1423E-09 1.1051E-09 1.0687E-09 1.0332E-09 9.9940E-10
5.9998E-09 5.8245E-09 5.6560E-09 5.4912E-09 5.3335E-09 5.1833E-09 5.0354E-09 4.8921E-09 4.7513E-09 4.6149E-09 4.4810E-09 4.3499E-09 4.2215E-09 4.0960E-09 3.9733E-09 3.8536E-09 3.7368E-09 3.6230E-09 3.5121E-09 3.4042E-09 3.2992E-09 3.1972E-09 3.0980E-09 3.0017E-09 2.9082E-09 2.8175E-09 2.7295E-09 2.6442E-09 2.5615E-09 2.4814E-09 2.4037E-09 2.3257E-09 2.2482E-09 2.1733E-09 2.1014E-09 2.0320E-09 1.9664E-09 1.9040E-09 1.8439E-09 1.7856E-09 1.7287E-09 1.6736E-09 1.6198E-09 1.5676E-09 1.5168E-09 1.4655E-09 1.4178E-09 1.3695E-09 1.3246E-09 1.2819E-09 1.2394E-09 1.1990E-09 1.1606E-09 1.1231E-09 1.0864E-09 1.0505E-09 1.0163E-09
5.9589E-09 5.7896E-09 5.6242E-09 5.4655E-09 5.3126E-09 5.1650E-09 5.0198E-09 4.8789E-09 4.7406E-09 4.6064E-09 4.4747E-09 4.3457E-09 4.2193E-09 4.0956E-09 3.9747E-09 3.8567E-09 3.7415E-09 3.6292E-09 3.5197E-09 3.4131E-09 3.3093E-09 3.2084E-09 3.1102E-09 3.0149E-09 2.9223E-09 2.8324E-09 2.7452E-09 2.6606E-09 2.5785E-09 2.4989E-09 2.4197E-09 2.3421E-09 2.2661E-09 2.1927E-09 2.1210E-09 2.0518E-09 1.9865E-09 1.9241E-09 1.8641E-09 1.8058E-09 1.7490E-09 1.6938E-09 1.6400E-09 1.5868E-09 1.5359E-09 1.4855E-09 1.4355E-09 1.3891E-09 1.3439E-09 1.3010E-09 1.2582E-09 1.2175E-09 1.1788E-09 1.1409E-09 1.1039E-09 1.0676E-09 1.0330E-09
5.9203E-09 5.7543E-09 5.5926E-09 5.4373E-09 5.2878E-09 5.1430E-09 5.0006E-09 4.8624E-09 4.7267E-09 4.5949E-09 4.4656E-09 4.3387E-09 4.2145E-09 4.0928E-09 3.9738E-09 3.8576E-09 3.7441E-09 3.6334E-09 3.5254E-09 3.4202E-09 3.3177E-09 3.2180E-09 3.1210E-09 3.0267E-09 2.9351E-09 2.8461E-09 2.7597E-09 2.6758E-09 2.5944E-09 2.5155E-09 2.4369E-09 2.3598E-09 2.2843E-09 2.2112E-09 2.1400E-09 2.0711E-09 2.0059E-09 1.9438E-09 1.8839E-09 1.8257E-09 1.7681E-09 1.7127E-09 1.6581E-09 1.6046E-09 1.5535E-09 1.5041E-09 1.4550E-09 1.4085E-09 1.3631E-09 1.3199E-09 1.2769E-09 1.2359E-09 1.1969E-09 1.1586E-09 1.1212E-09 1.0846E-09 1.0496E-09
5.8766E-09 5.7148E-09 5.5553E-09 5.4037E-09 5.2577E-09 5.1160E-09 4.9765E-09 4.8411E-09 4.7098E-09 4.5806E-09 4.4537E-09 4.3292E-09 4.2072E-09 4.0877E-09 3.9707E-09 3.8564E-09 3.7447E-09 3.6357E-09 3.5293E-09 3.4256E-09 3.3245E-09 3.2261E-09 3.1303E-09 3.0372E-09 2.9466E-09 2.8586E-09 2.7731E-09 2.6900E-09 2.6094E-09 2.5311E-09 2.4531E-09 2.3767E-09 2.3017E-09 2.2291E-09 2.1572E-09 2.0886E-09 2.0241E-09 1.9615E-09 1.9017E-09 1.8426E-09 1.7859E-09 1.7305E-09 1.6766E-09 1.6241E-09 1.5720E-09 1.5224E-09 1.4733E-09 1.4266E-09 1.3810E-09 1.3375E-09 1.2954E-09 1.2541E-09 1.2147E-09 1.1762E-09 1.1375E-09 1.1015E-09 1.0662E-09
5.8273E-09 5.6696E-09 5.5139E-09 5.3666E-09 5.2242E-09 5.0856E-09 4.9511E-09 4.8187E-09 4.6901E-09 4.5637E-09 4.4393E-09 4.3173E-09 4.1976E-09 4.0803E-09 3.9655E-09 3.8532E-09 3.7434E-09 3.6361E-09 3.5314E-09 3.4293E-09 3.3297E-09 3.2327E-09 3.1383E-09 3.0463E-09 2.9569E-09 2.8699E-09 2.7854E-09 2.7032E-09 2.6233E-09 2.5457E-09 2.4675E-09 2.3917E-09 2.3172E-09 2.2445E-09 2.1741E-09 2.1053E-09 2.0418E-09 1.9794E-09 1.9198E-09 1.8616E-09 1.8049E-09 1.7496E-09 1.6958E-09 1.6432E-09 1.5911E-09 1.5415E-09 1.4923E-09 1.4444E-09 1.3997E-09 1.3542E-09 1.3117E-09 1.2712E-09 1.2315E-09 1.1927E-09 1.1546E-09 1.1182E-09 1.0825E-09
5.7713E-09 5.6178E-09 5.4691E-09 5.3263E-09 5.1892E-09 5.0541E-09 4.9228E-09 4.7935E-09 4.6678E-09 4.5441E-09 4.4225E-09 4.3030E-09 4.1858E-09 4.0708E-09 3.9582E-09 3.8480E-09 3.7402E-09 3.6348E-09 3.5319E-09 3.4314E-09 3.3334E-09 3.2379E-09 3.1448E-09 3.0542E-09 2.9659E-09 2.8801E-09 2.7965E-09 2.7153E-09 2.6363E-09 2.5595E-09 2.4820E-09 2.4059E-09 2.3300E-09 2.2578E-09 2.1879E-09 2.1217E-09 2.0585E-09 1.9975E-09 1.9381E-09 1.8800E-09 1.8235E-09 1.7683E-09 1.7135E-09 1.6610E-09 1.6089E-09 1.5583E-09 1.5090E-09 1.4620E-09 1.4171E-09 1.3724E-09 1.3298E-09 1.2890E-09 1.2490E-09 1.2099E-09 1.1715E-09 1.1348E-09 1.0987E-09
5.7161E-09 5.5654E-09 5.4217E-09 5.2832E-09 5.1497E-09 5.0181E-09 4.8901E-09 4.7657E-09 4.6431E-09 4.5222E-09 4.4034E-09 4.2866E-09 4.1718E-09 4.0593E-09 3.9490E-09 3.8410E-09 3.7353E-09 3.6318E-09 3.5308E-09 3.4320E-09 3.3357E-09 3.2417E-09 3.1501E-09 3.0608E-09 2.9738E-09 2.8891E-09 2.8066E-09 2.7264E-09 2.6483E-09 2.5703E-09 2.4937E-09 2.4183E-09 2.3451E-09 2.2736E-09 2.2042E-09 2.1385E-09 2.0757E-09 2.0149E-09 1.9558E-09 1.8979E-09 1.8406E-09 1.7855E-09 1.7309E-09 1.6784E-09 1.6263E-09 1.5757E-09 1.5275E-09 1.4803E-09 1.4353E-09 1.3905E-09 1.3476E-09 1.3066E-09 1.2663E-09 1.2269E-09 1.1882E-09 1.1512E-09 1.1148E-09
5.6558E-09 5.5100E-09 5.3712E-09 5.2372E-09 5.1075E-09 4.9813E-09 4.8567E-09 4.7355E-09 4.6160E-09 4.4982E-09 4.3821E-09 4.2681E-09 4.1560E-09 4.0459E-09 3.9380E-09 3.8322E-09 3.7287E-09 3.6273E-09 3.5281E-09 3.4312E-09 3.3366E-09 3.2442E-09 3.1541E-09 3.0662E-09 2.9805E-09 2.8970E-09 2.8157E-09 2.7365E-09 2.6594E-09 2.5823E-09 2.5065E-09 2.4320E-09 2.3596E-09 2.2887E-09 2.2200E-09 2.1547E-09 2.0923E-09 2.0319E-09 1.9720E-09 1.9137E-09 1.8566E-09 1.8016E-09 1.7478E-09 1.6944E-09 1.6435E-09 1.5929E-09 1.5446E-09 1.4974E-09 1.4522E-09 1.4082E-09 1.3651E-09 1.3239E-09 1.2834E-09 1.2437E-09 1.2047E-09 1.1674E-09 1.1307E-09
