Assets/Resources/2015_m01_d29_1700(utc+0800)_l00_csi_1hr_conc.grd
DSAA
         159         159
     -79.000      79.000
     -79.000      79.000
  0.0000E+00  0.4751E-05
[rows 0 to 24 of 159, columns 0 to 56 of 159]
0.0000E+00 0.0000E+00 0.0000E+00 0.0000E+00 0.0000E+00 0.0000E+00 0.0000E+00 0.0000E+00 0.0000E+00 0.0000E+00 0.0000E+00 0.0000E+00 0.0000E+00 0.0000E+00 0.0000E+00 0.0000E+00 0.0000E+00 2.1819E-13 4.4534E-13 7.0549E-13 1.1925E-12 1.5209E-12 1.8743E-12 2.4895E-12 2.9284E-12 3.6342E-12 4.1712E-12 4.9803E-12 5.6297E-12 6.3421E-12 7.1220E-12 8.1823E-12 9.1070E-12 1.0101E-11 1.1407E-11 1.2576E-11 1.3839E-11 1.5205E-11 1.6898E-11 1.8570E-11 2.0272E-11 2.2509E-11 2.4571E-11 2.6783E-11 2.9152E-11 3.1679E-11 3.4380E-11 3.7587E-11 4.0660E-11 4.3931E-11 4.7405E-11 5.1095E-11 5.5009E-11 5.9154E-11 6.3542E-11 6.8522E-11 7.3425E-11
0.0000E+00 0.0000E+00 0.0000E+00 0.0000E+00 0.0000E+00 0.0000E+00 0.0000E+00 0.0000E+00 0.0000E+00 0.0000E+00 0.0000E+00 0.0000E+00 0.0000E+00 0.0000E+00 0.0000E+00 0.0000E+00 0.0000E+00 2.2207E-13 4.5334E-13 7.1849E-13 1.2147E-12 1.5499E-12 2.1225E-12 2.5386E-12 3.1987E-12 3.7082E-12 4.2568E-12 5.0849E-12 5.7489E-12 6.6980E-12 7.4934E-12 8.3621E-12 9.3091E-12 1.0552E-11 1.1667E-11 1.2864E-11 1.4390E-11 1.5788E-11 1.7296E-11 1.9238E-11 2.1078E-11 2.3058E-11 2.5175E-11 2.7447E-11 3.0201E-11 3.2806E-11 3.5589E-11 3.8553E-11 4.1713E-11 4.5404E-11 4.8984E-11 5.2786E-11 5.6817E-11 6.1088E-11 6.5610E-11 7.0390E-11 7.5439E-11
0.0000E+00 0.0000E+00 0.0000E+00 0.0000E+00 0.0000E+00 0.0000E+00 0.0000E+00 0.0000E+00 0.0000E+00 0.0000E+00 0.0000E+00 0.0000E+00 0.0000E+00 0.0000E+00 0.0000E+00 0.0000E+00 2.0651E-13 2.2582E-13 6.6905E-13 7.3107E-13 1.2363E-12 1.5779E-12 2.1616E-12 2.5862E-12 3.2599E-12 3.7802E-12 4.5568E-12 5.1869E-12 6.0807E-12 6.8364E-12 7.6495E-12 8.7621E-12 9.7283E-12 1.0779E-11 1.1921E-11 1.3375E-11 1.4711E-11 1.6368E-11 1.8009E-11 1.9680E-11 2.1568E-11 2.3912E-11 2.6093E-11 2.8434E-11 3.0932E-11 3.3607E-11 3.6787E-11 3.9839E-11 4.3093E-11 4.6552E-11 5.0231E-11 5.4140E-11 5.8283E-11 6.2676E-11 6.7670E-11 7.2593E-11 7.7793E-11
0.0000E+00 0.0000E+00 0.0000E+00 0.0000E+00 0.0000E+00 0.0000E+00 0.0000E+00 0.0000E+00 0.0000E+00 0.0000E+00 0.0000E+00 0.0000E+00 0.0000E+00 0.0000E+00 0.0000E+00 0.0000E+00 2.0981E-13 2.2943E-13 6.8013E-13 9.4994E-13 1.4700E-12 1.8133E-12 2.4132E-12 2.8417E-12 3.5331E-12 3.8501E-12 4.6427E-12 5.2860E-12 6.1992E-12 6.9712E-12 8.0213E-12 8.9399E-12 9.9272E-12 1.1230E-11 1.2395E-11 1.3883E-11 1.5248E-11 1.6723E-11 1.8404E-11 2.0428E-11 2.2373E-11 2.4454E-11 2.6690E-11 2.9090E-11 3.1977E-11 3.4729E-11 3.7662E-11 4.0794E-11 4.4134E-11 4.8017E-11 5.1802E-11 5.5819E-11 6.0082E-11 6.4602E-11 6.9385E-11 7.4445E-11 8.0135E-11
0.0000E+00 0.0000E+00 0.0000E+00 0.0000E+00 0.0000E+00 0.0000E+00 0.0000E+00 0.0000E+00 0.0000E+00 0.0000E+00 0.0000E+00 0.0000E+00 0.0000E+00 0.0000E+00 0.0000E+00 0.0000E+00 2.1296E-13 2.3287E-13 6.9077E-13 9.6480E-13 1.4939E-12 1.8430E-12 2.4539E-12 2.8901E-12 3.5951E-12 4.1318E-12 4.9443E-12 5.5965E-12 6.3141E-12 7.1021E-12 8.1747E-12 9.1128E-12 1.0345E-11 1.1453E-11 1.2643E-11 1.4166E-11 1.5561E-11 1.7383E-11 1.9016E-11 2.0864E-11 2.2854E-11 2.4985E-11 2.7602E-11 3.0060E-11 3.2695E-11 3.5517E-11 3.8850E-11 4.2070E-11 4.5496E-11 4.9147E-11 5.3031E-11 5.7152E-11 6.1868E-11 6.6511E-11 7.1428E-11 7.6631E-11 8.2127E-11
0.0000E+00 0.0000E+00 0.0000E+00 0.0000E+00 0.0000E+00 0.0000E+00 0.0000E+00 0.0000E+00 0.0000E+00 0.0000E+00 0.0000E+00 0.0000E+00 0.0000E+00 0.0000E+00 0.0000E+00 0.0000E+00 2.1596E-13 2.3616E-13 7.0093E-13 1.1864E-12 1.5167E-12 1.8714E-12 2.4931E-12 2.9367E-12 3.6548E-12 4.2011E-12 5.0295E-12 5.6939E-12 6.6482E-12 7.4477E-12 8.5453E-12 9.4989E-12 1.0539E-11 1.1670E-11 1.3113E-11 1.4442E-11 1.6092E-11 1.7731E-11 1.9400E-11 2.1605E-11 2.3641E-11 2.5831E-11 2.8186E-11 3.0702E-11 3.3729E-11 3.6618E-11 3.9707E-11 4.3006E-11 4.6517E-11 5.0595E-11 5.4577E-11 5.8811E-11 6.3307E-11 6.8068E-11 7.3113E-11 7.8796E-11 8.4443E-11
0.0000E+00 0.0000E+00 0.0000E+00 0.0000E+00 0.0000E+00 0.0000E+00 0.0000E+00 0.0000E+00 0.0000E+00 0.0000E+00 0.0000E+00 0.0000E+00 0.0000E+00 0.0000E+00 0.0000E+00 0.0000E+00 2.1880E-13 4.4712E-13 7.1058E-13 1.2030E-12 1.5385E-12 2.1113E-12 2.5306E-12 3.1956E-12 3.7120E-12 4.4830E-12 5.1114E-12 6.0035E-12 6.7604E-12 7.5747E-12 8.6944E-12 9.6662E-12 1.0953E-11 1.2103E-11 1.3578E-11 1.4709E-11 1.6395E-11 1.8069E-11 2.0087E-11 2.2029E-11 2.4109E-11 2.6349E-11 2.9075E-11 3.1659E-11 3.4429E-11 3.7384E-11 4.0877E-11 4.4254E-11 4.7857E-11 5.1698E-11 5.5776E-11 6.0113E-11 6.5060E-11 6.9948E-11 7.5127E-11 8.0603E-11 8.6393E-11
0.0000E+00 0.0000E+00 0.0000E+00 0.0000E+00 0.0000E+00 0.0000E+00 0.0000E+00 0.0000E+00 0.0000E+00 0.0000E+00 0.0000E+00 0.0000E+00 0.0000E+00 0.0000E+00 0.0000E+00 0.0000E+00 2.2148E-13 4.5267E-13 7.1971E-13 1.2188E-12 1.5592E-12 2.1404E-12 2.5662E-12 3.2418E-12 3.7667E-12 4.5507E-12 5.1898E-12 6.0978E-12 6.8682E-12 7.9174E-12 8.8379E-12 1.0048E-11 1.1139E-11 1.2311E-11 1.3816E-11 1.5195E-11 1.7002E-11 1.8622E-11 2.0458E-11 2.2441E-11 2.4882E-11 2.7181E-11 2.9640E-11 3.2280E-11 3.5433E-11 3.8465E-11 4.1708E-11 4.5161E-11 4.8847E-11 5.3110E-11 5.7293E-11 6.1741E-11 6.6458E-11 7.1463E-11 7.7110E-11 8.2727E-11 8.8664E-11
0.0000E+00 0.0000E+00 0.0000E+00 0.0000E+00 0.0000E+00 0.0000E+00 0.0000E+00 0.0000E+00 0.0000E+00 0.0000E+00 0.0000E+00 0.0000E+00 0.0000E+00 0.0000E+00 0.0000E+00 0.0000E+00 2.2399E-13 6.6590E-13 7.2829E-13 1.4446E-12 1.5787E-12 2.3813E-12 2.5999E-12 3.5010E-12 3.8186E-12 4.8318E-12 5.2646E-12 6.1879E-12 6.9712E-12 8.0390E-12 8.9755E-12 1.0207E-11 1.1319E-11 1.2737E-11 1.4046E-11 1.5450E-11 1.7294E-11 1.8944E-11 2.1134E-11 2.3154E-11 2.5333E-11 2.7679E-11 3.0510E-11 3.3217E-11 3.6107E-11 3.9204E-11 4.2517E-11 4.6381E-11 5.0158E-11 5.4175E-11 5.8452E-11 6.3337E-11 6.8171E-11 7.3300E-11 7.8730E-11 8.4479E-11 9.0557E-11
0.0000E+00 0.0000E+00 0.0000E+00 0.0000E+00 0.0000E+00 0.0000E+00 0.0000E+00 0.0000E+00 0.0000E+00 0.0000E+00 0.0000E+00 0.0000E+00 0.0000E+00 0.0000E+00 0.0000E+00 2.0678E-13 2.2632E-13 6.7322E-13 7.3630E-13 1.4613E-12 1.8050E-12 2.4104E-12 2.8428E-12 3.5460E-12 4.0813E-12 4.8969E-12 5.5511E-12 6.4952E-12 7.2863E-12 8.3771E-12 9.3246E-12 1.0583E-11 1.1490E-11 1.2934E-11 1.4266E-11 1.5924E-11 1.7574E-11 1.9567E-11 2.1488E-11 2.3547E-11 2.6089E-11 2.8479E-11 3.1050E-11 3.3812E-11 3.6760E-11 4.0256E-11 4.3637E-11 4.7251E-11 5.1109E-11 5.5548E-11 5.9928E-11 6.4577E-11 6.9517E-11 7.4760E-11 8.0659E-11 8.6544E-11 9.2765E-11
0.0000E+00 0.0000E+00 0.0000E+00 0.0000E+00 0.0000E+00 0.0000E+00 0.0000E+00 0.0000E+00 0.0000E+00 0.0000E+00 0.0000E+00 0.0000E+00 0.0000E+00 0.0000E+00 0.0000E+00 2.0874E-13 2.2847E-13 6.8000E-13 9.5034E-13 1.4769E-12 1.8244E-12 2.4376E-12 2.8753E-12 3.5882E-12 4.1307E-12 4.9582E-12 5.6216E-12 6.5804E-12 7.3830E-12 8.4917E-12 9.4537E-12 1.0733E-11 1.1877E-11 1.3349E-11 1.4699E-11 1.6164E-11 1.7843E-11 1.9873E-11 2.1829E-11 2.4242E-11 2.6517E-11 2.8952E-11 3.1571E-11 3.4708E-11 3.7726E-11 4.0960E-11 4.4408E-11 4.8433E-11 5.2368E-11 5.6565E-11 6.1035E-11 6.6121E-11 7.1176E-11 7.6532E-11 8.2212E-11 8.8225E-11 9.4582E-11
0.0000E+00 0.0000E+00 0.0000E+00 0.0000E+00 0.0000E+00 0.0000E+00 0.0000E+00 0.0000E+00 0.0000E+00 0.0000E+00 0.0000E+00 0.0000E+00 0.0000E+00 0.0000E+00 0.0000E+00 2.1052E-13 2.3042E-13 6.8622E-13 9.5904E-13 1.4912E-12 1.8424E-12 2.4628E-12 2.9055E-12 3.6277E-12 4.3908E-12 5.0157E-12 5.9041E-12 6.6606E-12 7.6922E-12 8.5998E-12 9.5756E-12 1.0875E-11 1.2036E-11 1.3533E-11 1.4904E-11 1.6710E-11 1.8327E-11 2.0165E-11 2.2154E-11 2.4612E-11 2.6927E-11 2.9726E-11 3.2406E-11 3.5270E-11 3.8343E-11 4.1964E-11 4.5489E-11 4.9258E-11 5.3269E-11 5.7890E-11 6.2448E-11 6.7300E-11 7.2457E-11 7.7922E-11 8.4069E-11 9.0212E-11 9.6709E-11
0.0000E+00 0.0000E+00 0.0000E+00 0.0000E+00 0.0000E+00 0.0000E+00 0.0000E+00 0.0000E+00 0.0000E+00 0.0000E+00 0.0000E+00 0.0000E+00 0.0000E+00 0.0000E+00 0.0000E+00 2.1213E-13 2.3218E-13 6.9186E-13 9.6694E-13 1.5043E-12 2.0692E-12 2.4860E-12 3.1474E-12 3.6641E-12 4.4365E-12 5.0691E-12 5.9691E-12 6.7354E-12 7.7813E-12 8.7013E-12 9.9136E-12 1.1009E-11 1.2411E-11 1.3707E-11 1.5323E-11 1.6934E-11 1.8575E-11 2.0765E-11 2.2783E-11 2.4964E-11 2.7318E-11 3.0168E-11 3.2894E-11 3.5807E-11 3.9273E-11 4.2625E-11 4.6213E-11 5.0051E-11 5.4477E-11 5.8849E-11 6.3493E-11 6.8782E-11 7.4039E-11 7.9622E-11 8.5541E-11 9.1806E-11 9.8434E-11
0.0000E+00 0.0000E+00 0.0000E+00 0.0000E+00 0.0000E+00 0.0000E+00 0.0000E+00 0.0000E+00 0.0000E+00 0.0000E+00 0.0000E+00 0.0000E+00 0.0000E+00 0.0000E+00 0.0000E+00 2.1355E-13 2.3374E-13 6.9691E-13 1.1821E-12 1.5162E-12 2.0862E-12 2.5072E-12 3.1752E-12 3.6975E-12 4.4786E-12 5.1184E-12 6.0293E-12 6.8048E-12 7.8642E-12 8.7958E-12 1.0025E-11 1.1135E-11 1.2556E-11 1.3870E-11 1.5510E-11 1.7144E-11 1.9124E-11 2.1035E-11 2.3083E-11 2.5626E-11 2.8014E-11 3.0588E-11 3.3359E-11 3.6654E-11 3.9848E-11 4.3256E-11 4.7248E-11 5.1150E-11 5.5319E-11 5.9769E-11 6.4842E-11 6.9888E-11 7.5242E-11 8.0929E-11 8.7307E-11 9.3699E-11 1.0046E-10
0.0000E+00 0.0000E+00 0.0000E+00 0.0000E+00 0.0000E+00 0.0000E+00 0.0000E+00 0.0000E+00 0.0000E+00 0.0000E+00 0.0000E+00 0.0000E+00 0.0000E+00 0.0000E+00 0.0000E+00 2.1479E-13 2.3509E-13 7.0135E-13 1.1899E-12 1.5267E-12 2.1014E-12 2.5261E-12 3.4145E-12 3.7278E-12 4.7344E-12 5.1634E-12 6.3048E-12 6.8686E-12 8.1634E-12 8.8831E-12 1.0352E-11 1.1251E-11 1.2918E-11 1.4022E-11 1.5684E-11 1.7342E-11 1.9351E-11 2.1288E-11 2.3687E-11 2.5949E-11 2.8373E-11 3.1317E-11 3.4128E-11 3.7149E-11 4.0394E-11 4.4195E-11 4.7918E-11 5.1884E-11 5.6469E-11 6.0992E-11 6.5813E-11 7.0947E-11 7.6743E-11 8.2540E-11 8.8682E-11 9.5190E-11 1.0207E-10
0.0000E+00 0.0000E+00 0.0000E+00 0.0000E+00 0.0000E+00 0.0000E+00 0.0000E+00 0.0000E+00 0.0000E+00 0.0000E+00 0.0000E+00 0.0000E+00 0.0000E+00 0.0000E+00 0.0000E+00 2.1584E-13 2.3624E-13 7.0517E-13 1.1966E-12 1.5359E-12 2.3269E-12 2.5429E-12 3.4392E-12 3.7549E-12 4.7716E-12 5.4180E-12 6.3579E-12 7.1441E-12 8.2367E-12 9.1835E-12 1.0450E-11 1.1581E-11 1.3047E-11 1.4388E-11 1.6164E-11 1.7752E-11 1.9562E-11 2.1525E-11 2.3959E-11 2.6253E-11 2.9035E-11 3.1700E-11 3.4551E-11 3.7953E-11 4.1243E-11 4.4772E-11 4.8553E-11 5.2924E-11 5.7243E-11 6.1838E-11 6.7088E-11 7.2305E-11 7.7855E-11 8.3750E-11 8.9997E-11 9.6617E-11 1.0398E-10
0.0000E+00 0.0000E+00 0.0000E+00 0.0000E+00 0.0000E+00 0.0000E+00 0.0000E+00 0.0000E+00 0.0000E+00 0.0000E+00 0.0000E+00 0.0000E+00 0.0000E+00 0.0000E+00 0.0000E+00 2.1669E-13 4.4358E-13 7.0837E-13 1.2023E-12 1.5437E-12 2.3402E-12 2.5574E-12 3.4610E-12 3.9906E-12 4.8046E-12 5.4564E-12 6.4056E-12 7.1988E-12 8.3029E-12 9.2588E-12 1.0540E-11 1.1682E-11 1.3165E-11 1.4520E-11 1.6319E-11 1.7925E-11 2.0079E-11 2.2063E-11 2.4532E-11 2.6852E-11 2.9357E-11 3.2058E-11 3.5277E-11 3.8401E-11 4.1737E-11 4.5657E-11 4.9489E-11 5.3591E-11 5.7975E-11 6.2986E-11 6.7975E-11 7.3274E-11 7.9261E-11 8.5253E-11 9.1610E-11 9.8344E-11 1.0547E-10
0.0000E+00 0.0000E+00 0.0000E+00 0.0000E+00 0.0000E+00 0.0000E+00 0.0000E+00 0.0000E+00 0.0000E+00 0.0000E+00 0.0000E+00 0.0000E+00 0.0000E+00 0.0000E+00 0.0000E+00 2.1735E-13 4.4500E-13 7.1092E-13 1.4171E-12 1.5501E-12 2.3514E-12 2.5697E-12 3.4797E-12 4.0127E-12 4.8334E-12 5.4899E-12 6.4476E-12 7.2471E-12 8.3619E-12 9.5471E-12 1.0620E-11 1.1997E-11 1.3272E-11 1.4867E-11 1.6461E-11 1.8395E-11 2.0265E-11 2.2271E-11 2.4773E-11 2.7120E-11 2.9981E-11 3.2712E-11 3.5654E-11 3.8818E-11 4.2532E-11 4.6174E-11 5.0059E-11 5.4562E-11 5.9006E-11 6.3751E-11 6.8812E-11 7.4539E-11 8.0271E-11 8.6353E-11 9.2807E-11 9.9998E-11 1.0724E-10
0.0000E+00 0.0000E+00 0.0000E+00 0.0000E+00 0.0000E+00 0.0000E+00 0.0000E+00 0.0000E+00 0.0000E+00 0.0000E+00 0.0000E+00 0.0000E+00 0.0000E+00 0.0000E+00 0.0000E+00 2.1781E-13 4.4601E-13 7.1284E-13 1.4217E-12 1.5552E-12 2.3604E-12 2.7894E-12 3.4952E-12 4.0313E-12 4.8578E-12 5.7346E-12 6.4839E-12 7.5093E-12 8.4135E-12 9.6091E-12 1.0692E-11 1.2081E-11 1.3368E-11 1.4979E-11 1.6588E-11 1.8544E-11 2.0433E-11 2.2778E-11 2.4992E-11 2.7365E-11 3.0263E-11 3.3025E-11 3.6332E-11 3.9531E-11 4.2967E-11 4.6655E-11 5.0928E-11 5.5156E-11 5.9657E-11 6.4815E-11 6.9943E-11 7.5407E-11 8.1220E-11 8.7739E-11 9.4293E-11 1.0124E-10 1.0859E-10
0.0000E+00 0.0000E+00 0.0000E+00 0.0000E+00 0.0000E+00 0.0000E+00 0.0000E+00 0.0000E+00 0.0000E+00 0.0000E+00 0.0000E+00 0.0000E+00 0.0000E+00 0.0000E+00 0.0000E+00 2.1807E-13 4.4662E-13 7.1410E-13 1.4250E-12 1.5588E-12 2.3674E-12 2.7980E-12 3.5076E-12 4.0462E-12 4.8779E-12 5.7603E-12 6.5143E-12 7.5471E-12 8.4577E-12 9.6626E-12 1.0753E-11 1.2380E-11 1.3452E-11 1.5077E-11 1.6701E-11 1.8676E-11 2.0583E-11 2.2954E-11 2.5190E-11 2.7910E-11 3.0518E-11 3.3310E-11 3.6657E-11 3.9891E-11 4.3703E-11 4.7430E-11 5.1425E-11 5.5704E-11 6.0605E-11 6.5489E-11 7.0681E-11 7.6567E-11 8.2457E-11 8.8717E-11 9.5360E-11 1.0240E-10 1.0985E-10
0.0000E+00 0.0000E+00 0.0000E+00 0.0000E+00 0.0000E+00 0.0000E+00 0.0000E+00 0.0000E+00 0.0000E+00 0.0000E+00 0.0000E+00 0.0000E+00 0.0000E+00 0.0000E+00 0.0000E+00 2.1814E-13 4.4681E-13 7.1472E-13 1.4270E-12 1.5610E-12 2.3721E-12 2.8040E-12 3.5168E-12 4.2718E-12 4.8935E-12 5.7807E-12 6.5389E-12 7.7981E-12 8.4941E-12 9.9316E-12 1.0805E-11 1.2445E-11 1.3523E-11 1.5478E-11 1.7024E-11 1.9110E-11 2.1028E-11 2.3109E-11 2.5366E-11 2.8115E-11 3.0748E-11 3.3896E-11 3.6951E-11 4.0218E-11 4.4074E-11 4.7841E-11 5.2221E-11 5.6544E-11 6.1168E-11 6.6109E-11 7.1711E-11 7.7324E-11 8.3286E-11 8.9624E-11 9.6703E-11 1.0384E-10 1.1140E-10
0.0000E+00 0.0000E+00 0.0000E+00 0.0000E+00 0.0000E+00 0.0000E+00 0.0000E+00 0.0000E+00 0.0000E+00 0.0000E+00 0.0000E+00 0.0000E+00 0.0000E+00 0.0000E+00 0.0000E+00 2.1801E-13 4.4660E-13 7.1467E-13 1.4277E-12 1.5618E-12 2.3747E-12 2.8075E-12 3.5227E-12 4.2805E-12 4.9046E-12 5.7958E-12 6.5574E-12 7.8244E-12 8.5228E-12 9.9702E-12 1.1067E-11 1.2500E-11 1.3807E-11 1.5555E-11 1.7110E-11 1.9214E-11 2.1147E-11 2.3568E-11 2.5838E-11 2.8295E-11 3.0951E-11 3.4130E-11 3.7214E-11 4.0845E-11 4.4408E-11 4.8211E-11 5.2641E-11 5.7007E-11 6.2026E-11 6.7016E-11 7.2343E-11 7.8018E-11 8.4398E-11 9.0817E-11 9.7627E-11 1.0485E-10 1.1250E-10
0.0000E+00 0.0000E+00 0.0000E+00 0.0000E+00 0.0000E+00 0.0000E+00 0.0000E+00 0.0000E+00 0.0000E+00 0.0000E+00 0.0000E+00 0.0000E+00 0.0000E+00 0.0000E+00 0.0000E+00 2.1767E-13 4.4599E-13 7.1397E-13 1.4271E-12 1.5611E-12 2.3751E-12 2.8083E-12 3.5254E-12 4.2853E-12 4.9112E-12 6.0247E-12 6.5699E-12 7.8435E-12 8.5437E-12 9.9996E-12 1.1102E-11 1.2543E-11 1.3857E-11 1.5617E-11 1.7181E-11 1.9301E-11 2.1246E-11 2.3688E-11 2.5974E-11 2.8779E-11 3.1450E-11 3.4333E-11 3.7443E-11 4.1109E-11 4.4703E-11 4.8880E-11 5.3015E-11 5.7422E-11 6.2494E-11 6.7533E-11 7.2913E-11 7.8995E-11 8.5099E-11 9.1586E-11 9.8470E-11 1.0577E-10 1.1387E-10
0.0000E+00 0.0000E+00 0.0000E+00 0.0000E+00 0.0000E+00 0.0000E+00 0.0000E+00 0.0000E+00 0.0000E+00 0.0000E+00 0.0000E+00 0.0000E+00 0.0000E+00 0.0000E+00 0.0000E+00 2.1714E-13 4.4496E-13 7.1263E-13 1.4252E-12 1.5590E-12 2.3733E-12 2.8066E-12 3.5249E-12 4.2861E-12 4.9133E-12 6.0305E-12 6.5764E-12 7.8553E-12 8.7754E-12 1.0020E-11 1.1126E-11 1.2575E-11 1.4118E-11 1.5664E-11 1.7549E-11 1.9371E-11 2.1327E-11 2.3787E-11 2.6087E-11 2.8914E-11 3.1603E-11 3.4842E-11 3.7969E-11 4.1671E-11 4.5288E-11 4.9173E-11 5.3342E-11 5.8133E-11 6.2908E-11 6.8335E-11 7.3777E-11 7.9565E-11 8.5727E-11 9.2627E-11 9.9587E-11 1.0697E-10 1.1479E-10
0.0000E+00 0.0000E+00 0.0000E+00 0.0000E+00 0.0000E+00 0.0000E+00 0.0000E+00 0.0000E+00 0.0000E+00 0.0000E+00 0.0000E+00 0.0000E+00 0.0000E+00 0.0000E+00 0.0000E+00 2.1641E-13 4.4354E-13 7.1063E-13 1.4220E-12 1.5554E-12 2.3694E-12 2.8023E-12 3.5211E-12 4.2829E-12 4.9108E-12 6.0308E-12 6.5767E-12 7.8598E-12 8.7818E-12 1.0031E-11 1.1140E-11 1.2595E-11 1.4145E-11 1.5697E-11 1.7592E-11 1.9423E-11 2.1708E-11 2.3864E-11 2.6498E-11 2.9023E-11 3.1727E-11 3.4991E-11 3.8137E-11 4.1869E-11 4.5510E-11 4.9764E-11 5.3958E-11 5.8454E-11 6.3267E-11 6.8743E-11 7.4230E-11 8.0065E-11 8.6635E-11 9.3248E-11 1.0027E-10 1.0772E-10 1.1562E-10
