Assets/Resources/2015_m01_d09_1200(utc+0800)_l00_csi_1hr_conc.grd
DSAA
         159         159
     -79.000      79.000
     -79.000      79.000
  0.5792E-09  0.1164E-04
[rows 100 to 124 of 159, columns 0 to 56 of 159]
1.8275E-09 1.8673E-09 1.9079E-09 1.9492E-09 1.9914E-09 2.0343E-09 2.0781E-09 2.1496E-09 2.2169E-09 2.2728E-09 2.3652E-09 2.4266E-09 2.5034E-09 2.5908E-09 2.6600E-09 2.7598E-09 2.8423E-09 2.9271E-09 3.0302E-09 3.1297E-09 3.2173E-09 3.3002E-09 3.3851E-09 3.4720E-09 3.5610E-09 3.6520E-09 3.7451E-09 3.8403E-09 3.9375E-09 4.0369E-09 4.1383E-09 4.2418E-09 4.3473E-09 4.5004E-09 4.6293E-09 4.7769E-09 4.9783E-09 5.1291E-09 5.3281E-09 5.5342E-09 5.8290E-09 6.1083E-09 6.4191E-09 6.8369E-09 7.2393E-09 7.7937E-09 8.2731E-09 8.8618E-09 9.5894E-09 1.0284E-08 1.1197E-08 1.2125E-08 1.3165E-08 1.4328E-08 1.5622E-08 1.7069E-08 1.8685E-08
1.8353E-09 1.8754E-09 1.9162E-09 1.9578E-09 2.0003E-09 2.0435E-09 2.0876E-09 2.1729E-09 2.2278E-09 2.2977E-09 2.3776E-09 2.4395E-09 2.5311E-09 2.6057E-09 2.6755E-09 2.7765E-09 2.8670E-09 2.9457E-09 3.0647E-09 3.1508E-09 3.2394E-09 3.3232E-09 3.4090E-09 3.4968E-09 3.5867E-09 3.6787E-09 3.7728E-09 3.8690E-09 3.9673E-09 4.0677E-09 4.1703E-09 4.2749E-09 4.3817E-09 4.5377E-09 4.6690E-09 4.8471E-09 5.0400E-09 5.2078E-09 5.3982E-09 5.6106E-09 5.8363E-09 6.1936E-09 6.5147E-09 6.9508E-09 7.3479E-09 7.8116E-09 8.4144E-09 8.9843E-09 9.7202E-09 1.0426E-08 1.1355E-08 1.2296E-08 1.3352E-08 1.4534E-08 1.5848E-08 1.7319E-08 1.8962E-08
1.8428E-09 1.8831E-09 1.9242E-09 1.9661E-09 2.0088E-09 2.0523E-09 2.1098E-09 2.1829E-09 2.2382E-09 2.3223E-09 2.3895E-09 2.4520E-09 2.5446E-09 2.6268E-09 2.6972E-09 2.8068E-09 2.8841E-09 2.9782E-09 3.0841E-09 3.1712E-09 3.2607E-09 3.3453E-09 3.4319E-09 3.5207E-09 3.6115E-09 3.7044E-09 3.7995E-09 3.8967E-09 3.9960E-09 4.0975E-09 4.2012E-09 4.3070E-09 4.4293E-09 4.5880E-09 4.7352E-09 4.9358E-09 5.0863E-09 5.2577E-09 5.4853E-09 5.6705E-09 5.9307E-09 6.2957E-09 6.5911E-09 7.0599E-09 7.4725E-09 7.9096E-09 8.5468E-09 9.0977E-09 9.8380E-09 1.0553E-08 1.1379E-08 1.2443E-08 1.3510E-08 1.4706E-08 1.6036E-08 1.7526E-08 1.9187E-08
1.8499E-09 1.8904E-09 1.9318E-09 1.9739E-09 2.0169E-09 2.0607E-09 2.1253E-09 2.1924E-09 2.2482E-09 2.3331E-09 2.4076E-09 2.4705E-09 2.5714E-09 2.6406E-09 2.7330E-09 2.8225E-09 2.9006E-09 3.0104E-09 3.1028E-09 3.1978E-09 3.2811E-09 3.3665E-09 3.4540E-09 3.5436E-09 3.6353E-09 3.7292E-09 3.8252E-09 3.9233E-09 4.0237E-09 4.1262E-09 4.2309E-09 4.3378E-09 4.4927E-09 4.6234E-09 4.8005E-09 4.9779E-09 5.1316E-09 5.3346E-09 5.5394E-09 5.7283E-09 5.9944E-09 6.3770E-09 6.6934E-09 7.1513E-09 7.5712E-09 8.0321E-09 8.6399E-09 9.1997E-09 9.9413E-09 1.0663E-08 1.1499E-08 1.2566E-08 1.3641E-08 1.4844E-08 1.6184E-08 1.7684E-08 1.9356E-08
1.8567E-09 1.8974E-09 1.9390E-09 1.9814E-09 2.0246E-09 2.0687E-09 2.1405E-09 2.2016E-09 2.2577E-09 2.3568E-09 2.4186E-09 2.4960E-09 2.5840E-09 2.6537E-09 2.7543E-09 2.8376E-09 2.9163E-09 3.0274E-09 3.1280E-09 3.2167E-09 3.3008E-09 3.3869E-09 3.4752E-09 3.5656E-09 3.6582E-09 3.7529E-09 3.8498E-09 3.9489E-09 4.0502E-09 4.1537E-09 4.2594E-09 4.3673E-09 4.5248E-09 4.6576E-09 4.8379E-09 5.0333E-09 5.2039E-09 5.3977E-09 5.6071E-09 5.8137E-09 6.1060E-09 6.4399E-09 6.7611E-09 7.1645E-09 7.6473E-09 8.1470E-09 8.7248E-09 9.2898E-09 1.0030E-08 1.0756E-08 1.1600E-08 1.2664E-08 1.3743E-08 1.4949E-08 1.6293E-08 1.7796E-08 1.9471E-08
1.8631E-09 1.9041E-09 1.9459E-09 1.9885E-09 2.0320E-09 2.0763E-09 2.1487E-09 2.2167E-09 2.2867E-09 2.3668E-09 2.4291E-09 2.5141E-09 2.5960E-09 2.6663E-09 2.7679E-09 2.8589E-09 2.9382E-09 3.0582E-09 3.1452E-09 3.2347E-09 3.3195E-09 3.4064E-09 3.4954E-09 3.5866E-09 3.6800E-09 3.7756E-09 3.8733E-09 3.9733E-09 4.0755E-09 4.1800E-09 4.2867E-09 4.4100E-09 4.5697E-09 4.7183E-09 4.9207E-09 5.0730E-09 5.2468E-09 5.4773E-09 5.6583E-09 5.8963E-09 6.1659E-09 6.4996E-09 6.8540E-09 7.2534E-09 7.7166E-09 8.2230E-09 8.8007E-09 9.3677E-09 1.0000E-08 1.0833E-08 1.1679E-08 1.2738E-08 1.3817E-08 1.5021E-08 1.6363E-08 1.7861E-08 1.9532E-08
1.8692E-09 1.9104E-09 1.9524E-09 1.9953E-09 2.0389E-09 2.0835E-09 2.1695E-09 2.2250E-09 2.3023E-09 2.3763E-09 2.4390E-09 2.5318E-09 2.6074E-09 2.6782E-09 2.7949E-09 2.8726E-09 2.9747E-09 3.0739E-09 3.1616E-09 3.2519E-09 3.3373E-09 3.4249E-09 3.5147E-09 3.6066E-09 3.7008E-09 3.7971E-09 3.8957E-09 3.9966E-09 4.0997E-09 4.2050E-09 4.3127E-09 4.4680E-09 4.5995E-09 4.7776E-09 4.9562E-09 5.1113E-09 5.3165E-09 5.5381E-09 5.7076E-09 5.9637E-09 6.2388E-09 6.5012E-09 6.9286E-09 7.3221E-09 7.8121E-09 8.2906E-09 8.8668E-09 9.4317E-09 1.0069E-08 1.0892E-08 1.1738E-08 1.2789E-08 1.3862E-08 1.5060E-08 1.6394E-08 1.7882E-08 1.9540E-08
1.8749E-09 1.9163E-09 1.9585E-09 2.0016E-09 2.0455E-09 2.1035E-09 2.1770E-09 2.2328E-09 2.3175E-09 2.3853E-09 2.4484E-09 2.5420E-09 2.6250E-09 2.7105E-09 2.8073E-09 2.8856E-09 2.9959E-09 3.0887E-09 3.1771E-09 3.2681E-09 3.3542E-09 3.4425E-09 3.5330E-09 3.6256E-09 3.7205E-09 3.8176E-09 3.9170E-09 4.0186E-09 4.1226E-09 4.2288E-09 4.3373E-09 4.4948E-09 4.6280E-09 4.8089E-09 5.0047E-09 5.1764E-09 5.3720E-09 5.5825E-09 5.7851E-09 6.0472E-09 6.2926E-09 6.5920E-09 7.0179E-09 7.3839E-09 7.9012E-09 8.3497E-09 8.8271E-09 9.4836E-09 1.0125E-08 1.0936E-08 1.1777E-08 1.2700E-08 1.3878E-08 1.5068E-08 1.6389E-08 1.7859E-08 1.9498E-08
1.8802E-09 1.9218E-09 1.9643E-09 2.0075E-09 2.0516E-09 2.1166E-09 2.1840E-09 2.2401E-09 2.3255E-09 2.3937E-09 2.4572E-09 2.5653E-09 2.6352E-09 2.7286E-09 2.8190E-09 2.8979E-09 3.0091E-09 3.1027E-09 3.1918E-09 3.2834E-09 3.3702E-09 3.4591E-09 3.5502E-09 3.6435E-09 3.7391E-09 3.8369E-09 3.9371E-09 4.0395E-09 4.1442E-09 4.2513E-09 4.3606E-09 4.5341E-09 4.6826E-09 4.8536E-09 5.0375E-09 5.2120E-09 5.4436E-09 5.6249E-09 5.8604E-09 6.0973E-09 6.3435E-09 6.6504E-09 7.0854E-09 7.4705E-09 7.8616E-09 8.3998E-09 8.8830E-09 9.5248E-09 1.0167E-08 1.0964E-08 1.1797E-08 1.2714E-08 1.3868E-08 1.5044E-08 1.6348E-08 1.7795E-08 1.9408E-08
1.8852E-09 1.9270E-09 1.9696E-09 2.0130E-09 2.0573E-09 2.1228E-09 2.1905E-09 2.2469E-09 2.3329E-09 2.4082E-09 2.4864E-09 2.5745E-09 2.6447E-09 2.7460E-09 2.8299E-09 2.9093E-09 3.0216E-09 3.1230E-09 3.2127E-09 3.2978E-09 3.3851E-09 3.4746E-09 3.5664E-09 3.6603E-09 3.7566E-09 3.8551E-09 3.9559E-09 4.0591E-09 4.1645E-09 4.2723E-09 4.3969E-09 4.5582E-09 4.7087E-09 4.9140E-09 5.0685E-09 5.2741E-09 5.4806E-09 5.6652E-09 5.9043E-09 6.1611E-09 6.4218E-09 6.7205E-09 7.0463E-09 7.5182E-09 7.9160E-09 8.4413E-09 8.9283E-09 9.5571E-09 1.0195E-08 1.0877E-08 1.1797E-08 1.2709E-08 1.3835E-08 1.4993E-08 1.6276E-08 1.7695E-08 1.9275E-08
1.8898E-09 1.9318E-09 1.9745E-09 2.0182E-09 2.0626E-09 2.1351E-09 2.1966E-09 2.2668E-09 2.3532E-09 2.4156E-09 2.5009E-09 2.5830E-09 2.6536E-09 2.7556E-09 2.8401E-09 2.9347E-09 3.0477E-09 3.1354E-09 3.2256E-09 3.3113E-09 3.3991E-09 3.4892E-09 3.5814E-09 3.6760E-09 3.7729E-09 3.8720E-09 3.9735E-09 4.0773E-09 4.1835E-09 4.2920E-09 4.4483E-09 4.5809E-09 4.7605E-09 4.9412E-09 5.0979E-09 5.3063E-09 5.5306E-09 5.7331E-09 5.9620E-09 6.2072E-09 6.4659E-09 6.8057E-09 7.0960E-09 7.5911E-09 7.9636E-09 8.3812E-09 8.9622E-09 9.4847E-09 1.0208E-08 1.0888E-08 1.1781E-08 1.2683E-08 1.3666E-08 1.4914E-08 1.6174E-08 1.7561E-08 1.9103E-08
1.8940E-09 1.9361E-09 1.9791E-09 2.0229E-09 2.0675E-09 2.1404E-09 2.2022E-09 2.2795E-09 2.3597E-09 2.4224E-09 2.5152E-09 2.5908E-09 2.6618E-09 2.7646E-09 2.8566E-09 2.9521E-09 3.0586E-09 3.1468E-09 3.2376E-09 3.3237E-09 3.4120E-09 3.5026E-09 3.5954E-09 3.6906E-09 3.7880E-09 3.8877E-09 3.9898E-09 4.0943E-09 4.2011E-09 4.3103E-09 4.4682E-09 4.6020E-09 4.7839E-09 4.9665E-09 5.1538E-09 5.3519E-09 5.5639E-09 5.7694E-09 6.0360E-09 6.2506E-09 6.5374E-09 6.8504E-09 7.1444E-09 7.5400E-09 8.0025E-09 8.4204E-09 8.9859E-09 9.5051E-09 1.0211E-08 1.0886E-08 1.1646E-08 1.2636E-08 1.3606E-08 1.4814E-08 1.6046E-08 1.7398E-08 1.8895E-08
1.8979E-09 1.9401E-09 1.9832E-09 2.0271E-09 2.0719E-09 2.1452E-09 2.2073E-09 2.2850E-09 2.3656E-09 2.4287E-09 2.5220E-09 2.5980E-09 2.6836E-09 2.7868E-09 2.8653E-09 2.9684E-09 3.0686E-09 3.1573E-09 3.2486E-09 3.3351E-09 3.4239E-09 3.5150E-09 3.6083E-09 3.7040E-09 3.8019E-09 3.9022E-09 4.0049E-09 4.1099E-09 4.2174E-09 4.3272E-09 4.4866E-09 4.6216E-09 4.8056E-09 5.0046E-09 5.1798E-09 5.4132E-09 5.5949E-09 5.8328E-09 6.0732E-09 6.2912E-09 6.5758E-09 6.9073E-09 7.2238E-09 7.5817E-09 8.0340E-09 8.4504E-09 9.0031E-09 9.5180E-09 1.0108E-08 1.0868E-08 1.1617E-08 1.2574E-08 1.3528E-08 1.4696E-08 1.5892E-08 1.7211E-08 1.8658E-08
1.9013E-09 1.9437E-09 1.9869E-09 2.0310E-09 2.0891E-09 2.1495E-09 2.2183E-09 2.2900E-09 2.3710E-09 2.4343E-09 2.5281E-09 2.6045E-09 2.6977E-09 2.7944E-09 2.8732E-09 2.9842E-09 3.0777E-09 3.1669E-09 3.2586E-09 3.3456E-09 3.4348E-09 3.5263E-09 3.6201E-09 3.7162E-09 3.8146E-09 3.9154E-09 4.0186E-09 4.1242E-09 4.2322E-09 4.3426E-09 4.5034E-09 4.6672E-09 4.8405E-09 5.0265E-09 5.2320E-09 5.4397E-09 5.6236E-09 5.8646E-09 6.1231E-09 6.3596E-09 6.6306E-09 6.9440E-09 7.2984E-09 7.6177E-09 7.9739E-09 8.4698E-09 8.9282E-09 9.5225E-09 1.0105E-08 1.0841E-08 1.1572E-08 1.2394E-08 1.3430E-08 1.4457E-08 1.5715E-08 1.6998E-08 1.8396E-08
1.9044E-09 1.9469E-09 1.9902E-09 2.0344E-09 2.0928E-09 2.1664E-09 2.2225E-09 2.2945E-09 2.3758E-09 2.4394E-09 2.5337E-09 2.6104E-09 2.7041E-09 2.8012E-09 2.8804E-09 2.9920E-09 3.0860E-09 3.1755E-09 3.2676E-09 3.3550E-09 3.4446E-09 3.5365E-09 3.6307E-09 3.7272E-09 3.8261E-09 3.9273E-09 4.0310E-09 4.1370E-09 4.2455E-09 4.3566E-09 4.5326E-09 4.6839E-09 4.8906E-09 5.0464E-09 5.2542E-09 5.4638E-09 5.6498E-09 5.9096E-09 6.1548E-09 6.3945E-09 6.7031E-09 6.9767E-09 7.3367E-09 7.6500E-09 8.0082E-09 8.4853E-09 8.9410E-09 9.4248E-09 1.0086E-08 1.0715E-08 1.1514E-08 1.2323E-08 1.3316E-08 1.4321E-08 1.5408E-08 1.6759E-08 1.8114E-08
1.9071E-09 1.9497E-09 1.9931E-09 2.0374E-09 2.1026E-09 2.1699E-09 2.2261E-09 2.3116E-09 2.3801E-09 2.4577E-09 2.5385E-09 2.6223E-09 2.7097E-09 2.8072E-09 2.8867E-09 2.9989E-09 3.0933E-09 3.1832E-09 3.2756E-09 3.3633E-09 3.4533E-09 3.5455E-09 3.6401E-09 3.7370E-09 3.8363E-09 3.9379E-09 4.0420E-09 4.1485E-09 4.2575E-09 4.3834E-09 4.5464E-09 4.7261E-09 4.9074E-09 5.0643E-09 5.2741E-09 5.5004E-09 5.7033E-09 5.9360E-09 6.1836E-09 6.4566E-09 6.7378E-09 7.0061E-09 7.3683E-09 7.6850E-09 8.0351E-09 8.4169E-09 8.9406E-09 9.4347E-09 1.0060E-08 1.0682E-08 1.1346E-08 1.2234E-08 1.3094E-08 1.4165E-08 1.5225E-08 1.6504E-08 1.7810E-08
1.9093E-09 1.9520E-09 1.9956E-09 2.0400E-09 2.1054E-09 2.1729E-09 2.2292E-09 2.3151E-09 2.3837E-09 2.4617E-09 2.5564E-09 2.6268E-09 2.7145E-09 2.8125E-09 2.8922E-09 3.0050E-09 3.0997E-09 3.1898E-09 3.2826E-09 3.3706E-09 3.4609E-09 3.5534E-09 3.6483E-09 3.7455E-09 3.8452E-09 3.9472E-09 4.0516E-09 4.1585E-09 4.2680E-09 4.3945E-09 4.5585E-09 4.7396E-09 4.9221E-09 5.0802E-09 5.2918E-09 5.5199E-09 5.7246E-09 5.9941E-09 6.2092E-09 6.4853E-09 6.7690E-09 7.0669E-09 7.3942E-09 7.7140E-09 8.0554E-09 8.4431E-09 8.8422E-09 9.4253E-09 9.9451E-09 1.0634E-08 1.1297E-08 1.2133E-08 1.2980E-08 1.3886E-08 1.5020E-08 1.6127E-08 1.7484E-08
1.9112E-09 1.9540E-09 1.9976E-09 2.0421E-09 2.1077E-09 2.1753E-09 2.2319E-09 2.3180E-09 2.3868E-09 2.4720E-09 2.5601E-09 2.6306E-09 2.7325E-09 2.8169E-09 2.9116E-09 3.0101E-09 3.1122E-09 3.1955E-09 3.2886E-09 3.3768E-09 3.4673E-09 3.5602E-09 3.6553E-09 3.7529E-09 3.8528E-09 3.9551E-09 4.0599E-09 4.1672E-09 4.2769E-09 4.4346E-09 4.5689E-09 4.7512E-09 4.9349E-09 5.1224E-09 5.3227E-09 5.5368E-09 5.7726E-09 6.0149E-09 6.2316E-09 6.5104E-09 6.8125E-09 7.0940E-09 7.4165E-09 7.7383E-09 8.0759E-09 8.4570E-09 8.8599E-09 9.4065E-09 9.9269E-09 1.0478E-08 1.1233E-08 1.1933E-08 1.2845E-08 1.3733E-08 1.4803E-08 1.5871E-08 1.7028E-08
1.9127E-09 1.9555E-09 1.9992E-09 2.0438E-09 2.1095E-09 2.1773E-09 2.2340E-09 2.3203E-09 2.3893E-09 2.4747E-09 2.5630E-09 2.6337E-09 2.7359E-09 2.8206E-09 2.9155E-09 3.0143E-09 3.1168E-09 3.2002E-09 3.2935E-09 3.3820E-09 3.4727E-09 3.5658E-09 3.6612E-09 3.7589E-09 3.8591E-09 3.9617E-09 4.0668E-09 4.1743E-09 4.2844E-09 4.4428E-09 4.5776E-09 4.7610E-09 4.9456E-09 5.1343E-09 5.3358E-09 5.5511E-09 5.7887E-09 6.0326E-09 6.2508E-09 6.5318E-09 6.8360E-09 7.1180E-09 7.4356E-09 7.7542E-09 8.0932E-09 8.4625E-09 8.8713E-09 9.2994E-09 9.8954E-09 1.0441E-08 1.1155E-08 1.1843E-08 1.2598E-08 1.3566E-08 1.4477E-08 1.5602E-08 1.6710E-08
1.9137E-09 1.9566E-09 2.0004E-09 2.0450E-09 2.1109E-09 2.1788E-09 2.2491E-09 2.3221E-09 2.3912E-09 2.4768E-09 2.5653E-09 2.6361E-09 2.7386E-09 2.8234E-09 2.9259E-09 3.0321E-09 3.1203E-09 3.2040E-09 3.2974E-09 3.3860E-09 3.4769E-09 3.5702E-09 3.6658E-09 3.7637E-09 3.8641E-09 3.9669E-09 4.0722E-09 4.1800E-09 4.2904E-09 4.4494E-09 4.5846E-09 4.7689E-09 4.9687E-09 5.1439E-09 5.3795E-09 5.5628E-09 5.8019E-09 6.0471E-09 6.2974E-09 6.5663E-09 6.8555E-09 7.1713E-09 7.4512E-09 7.7647E-09 8.1066E-09 8.4678E-09 8.8687E-09 9.2967E-09 9.7668E-09 1.0398E-08 1.0979E-08 1.1747E-08 1.2471E-08 1.3280E-08 1.4274E-08 1.5221E-08 1.6389E-08
1.9144E-09 1.9573E-09 2.0011E-09 2.0458E-09 2.1118E-09 2.1798E-09 2.2502E-09 2.3233E-09 2.3925E-09 2.4782E-09 2.5669E-09 2.6378E-09 2.7405E-09 2.8255E-09 2.9282E-09 3.0345E-09 3.1229E-09 3.2138E-09 3.3002E-09 3.3890E-09 3.4800E-09 3.5734E-09 3.6691E-09 3.7673E-09 3.8678E-09 3.9708E-09 4.0763E-09 4.1843E-09 4.2949E-09 4.4543E-09 4.5899E-09 4.7749E-09 4.9753E-09 5.1512E-09 5.3879E-09 5.5719E-09 5.8120E-09 6.0584E-09 6.3101E-09 6.5803E-09 6.8708E-09 7.1888E-09 7.4633E-09 7.7721E-09 8.1095E-09 8.4702E-09 8.8575E-09 9.2899E-09 9.7434E-09 1.0250E-08 1.0914E-08 1.1545E-08 1.2341E-08 1.3107E-08 1.4065E-08 1.4966E-08 1.5956E-08
1.9147E-09 1.9576E-09 2.0014E-09 2.0461E-09 2.1123E-09 2.1803E-09 2.2508E-09 2.3239E-09 2.3932E-09 2.4791E-09 2.5678E-09 2.6530E-09 2.7416E-09 2.8267E-09 2.9296E-09 3.0361E-09 3.1245E-09 3.2155E-09 3.3020E-09 3.3909E-09 3.4820E-09 3.5755E-09 3.6713E-09 3.7695E-09 3.8702E-09 3.9732E-09 4.0789E-09 4.1870E-09 4.2979E-09 4.4575E-09 4.5934E-09 4.7789E-09 4.9799E-09 5.1844E-09 5.3937E-09 5.5783E-09 5.8192E-09 6.0820E-09 6.3192E-09 6.6262E-09 6.8819E-09 7.2017E-09 7.4736E-09 7.7759E-09 8.1086E-09 8.4666E-09 8.8502E-09 9.2661E-09 9.7202E-09 1.0204E-08 1.0752E-08 1.1445E-08 1.2114E-08 1.2944E-08 1.3750E-08 1.4719E-08 1.5648E-08
1.9145E-09 1.9575E-09 2.0013E-09 2.0461E-09 2.1122E-09 2.1803E-09 2.2508E-09 2.3240E-09 2.3933E-09 2.4792E-09 2.5680E-09 2.6533E-09 2.7420E-09 2.8271E-09 2.9301E-09 3.0367E-09 3.1251E-09 3.2162E-09 3.3028E-09 3.3916E-09 3.4828E-09 3.5763E-09 3.6722E-09 3.7705E-09 3.8712E-09 3.9744E-09 4.0801E-09 4.1883E-09 4.2993E-09 4.4591E-09 4.5952E-09 4.7810E-09 4.9824E-09 5.1872E-09 5.3970E-09 5.5820E-09 5.8233E-09 6.0868E-09 6.3247E-09 6.6326E-09 6.8888E-09 7.2096E-09 7.4825E-09 7.7750E-09 8.1044E-09 8.4552E-09 8.8371E-09 9.2397E-09 9.6895E-09 1.0165E-08 1.0683E-08 1.1263E-08 1.1982E-08 1.2689E-08 1.3542E-08 1.4379E-08 1.5255E-08
1.9139E-09 1.9569E-09 2.0008E-09 2.0455E-09 2.1117E-09 2.1798E-09 2.2503E-09 2.3235E-09 2.3928E-09 2.4788E-09 2.5675E-09 2.6529E-09 2.7416E-09 2.8267E-09 2.9298E-09 3.0363E-09 3.1248E-09 3.2158E-09 3.3024E-09 3.3913E-09 3.4825E-09 3.5760E-09 3.6719E-09 3.7702E-09 3.8709E-09 3.9741E-09 4.0798E-09 4.1882E-09 4.2992E-09 4.4591E-09 4.5952E-09 4.7812E-09 4.9827E-09 5.1877E-09 5.3977E-09 5.5830E-09 5.8245E-09 6.0884E-09 6.3571E-09 6.6350E-09 6.8915E-09 7.2128E-09 7.4864E-09 7.7719E-09 8.0950E-09 8.4423E-09 8.8132E-09 9.2168E-09 9.6430E-09 1.0123E-08 1.0617E-08 1.1178E-08 1.1781E-08 1.2530E-08 1.3264E-08 1.4137E-08 1.4991E-08
1.9130E-09 1.9560E-09 1.9998E-09 2.0446E-09 2.1108E-09 2.1788E-09 2.2493E-09 2.3160E-09 2.3917E-09 2.4777E-09 2.5664E-09 2.6517E-09 2.7336E-09 2.8254E-09 2.9285E-09 3.0351E-09 3.1235E-09 3.2074E-09 3.3010E-09 3.3899E-09 3.4810E-09 3.5745E-09 3.6703E-09 3.7686E-09 3.8693E-09 3.9725E-09 4.0782E-09 4.1866E-09 4.2975E-09 4.4573E-09 4.5935E-09 4.7794E-09 4.9809E-09 5.1858E-09 5.3958E-09 5.5813E-09 5.8228E-09 6.0865E-09 6.3555E-09 6.6334E-09 6.8902E-09 7.2114E-09 7.4854E-09 7.7697E-09 8.0807E-09 8.4251E-09 8.7849E-09 9.1871E-09 9.6048E-09 1.0061E-08 1.0560E-08 1.1083E-08 1.1676E-08 1.2303E-08 1.3085E-08 1.3837E-08 1.4643E-08
