Assets/Resources/2015_m01_d31_0000(utc+0800)_l00_csi_1hr_conc.grd
DSAA
         159         159
     -79.000      79.000
     -79.000      79.000
  0.0000E+00  0.1883E-05
[rows 0 to 24 of 159, columns 57 to 113 of 159]
2.7623E-09 3.4172E-09 4.1774E-09 5.0391E-09 6.0031E-09 7.0656E-09 8.2114E-09 9.4182E-09 1.0663E-08 1.1914E-08 1.3148E-08 1.4329E-08 1.5421E-08 1.6385E-08 1.7198E-08 1.7832E-08 1.8266E-08 1.8489E-08 1.8500E-08 1.8302E-08 1.7905E-08 1.7324E-08 1.6585E-08 1.5716E-08 1.4740E-08 1.3686E-08 1.2586E-08 1.1461E-08 1.0335E-08 9.2351E-09 8.1700E-09 7.1636E-09 6.2256E-09 5.3597E-09 4.5750E-09 3.8719E-09 3.2475E-09 2.6941E-09 2.2110E-09 1.8096E-09 1.4720E-09 1.1870E-09 9.4683E-10 7.4916E-10 5.8678E-10 4.4383E-10 3.2073E-10 2.2263E-10 1.6592E-10 1.3048E-10 9.5638E-11 7.4992E-11 5.2208E-11 3.9669E-11 2.7046E-11 1.8967E-11 1.3551E-11
2.9036E-09 3.6122E-09 4.4310E-09 5.3706E-09 6.4294E-09 7.5943E-09 8.8480E-09 1.0176E-08 1.1553E-08 1.2943E-08 1.4306E-08 1.5605E-08 1.6798E-08 1.7850E-08 1.8727E-08 1.9402E-08 1.9852E-08 2.0071E-08 2.0052E-08 1.9804E-08 1.9333E-08 1.8669E-08 1.7836E-08 1.6860E-08 1.5774E-08 1.4613E-08 1.3402E-08 1.2173E-08 1.0952E-08 9.7597E-09 8.6186E-09 7.5371E-09 6.5331E-09 5.6112E-09 4.7822E-09 4.0376E-09 3.3786E-09 2.7959E-09 2.2867E-09 1.8687E-09 1.5143E-09 1.2188E-09 9.6788E-10 7.6694E-10 5.9911E-10 4.5358E-10 3.2695E-10 2.2303E-10 1.6512E-10 1.3179E-10 9.4187E-11 7.4001E-11 5.0863E-11 3.8758E-11 2.5811E-11 1.8242E-11 1.2473E-11
3.0392E-09 3.7932E-09 4.6797E-09 5.7042E-09 6.8548E-09 8.1267E-09 9.5104E-09 1.0978E-08 1.2493E-08 1.4019E-08 1.5514E-08 1.6934E-08 1.8237E-08 1.9379E-08 2.0319E-08 2.1032E-08 2.1494E-08 2.1695E-08 2.1638E-08 2.1324E-08 2.0779E-08 2.0023E-08 1.9084E-08 1.7993E-08 1.6792E-08 1.5514E-08 1.4191E-08 1.2857E-08 1.1537E-08 1.0254E-08 9.0296E-09 7.8796E-09 6.8153E-09 5.8415E-09 4.9616E-09 4.1810E-09 3.4885E-09 2.8783E-09 2.3472E-09 1.9116E-09 1.5476E-09 1.2407E-09 9.8584E-10 7.7765E-10 6.0488E-10 4.5537E-10 3.2986E-10 2.2111E-10 1.6277E-10 1.2964E-10 9.1535E-11 7.2237E-11 4.8681E-11 3.7476E-11 2.4138E-11 1.7391E-11 1.1096E-11
3.1569E-09 3.9667E-09 4.9261E-09 6.0280E-09 7.2815E-09 8.6771E-09 1.0193E-08 1.1799E-08 1.3462E-08 1.5145E-08 1.6793E-08 1.8353E-08 1.9772E-08 2.1003E-08 2.2011E-08 2.2757E-08 2.3223E-08 2.3401E-08 2.3287E-08 2.2900E-08 2.2258E-08 2.1390E-08 2.0332E-08 1.9122E-08 1.7797E-08 1.6395E-08 1.4955E-08 1.3506E-08 1.2084E-08 1.0712E-08 9.4071E-09 8.1870E-09 7.0569E-09 6.0331E-09 5.1119E-09 4.2975E-09 3.5771E-09 2.9445E-09 2.3917E-09 1.9448E-09 1.5676E-09 1.2561E-09 9.9317E-10 7.8256E-10 6.0891E-10 4.5802E-10 3.2754E-10 2.1765E-10 1.5903E-10 1.2639E-10 8.8296E-11 6.9861E-11 4.5965E-11 3.5820E-11 2.2135E-11 1.6293E-11 9.3808E-12
3.2657E-09 4.1336E-09 5.1549E-09 6.3478E-09 7.7124E-09 9.2316E-09 1.0885E-08 1.2652E-08 1.4486E-08 1.6332E-08 1.8137E-08 1.9839E-08 2.1382E-08 2.2713E-08 2.3782E-08 2.4558E-08 2.5018E-08 2.5156E-08 2.4975E-08 2.4497E-08 2.3743E-08 2.2753E-08 2.1565E-08 2.0216E-08 1.8758E-08 1.7231E-08 1.5669E-08 1.4113E-08 1.2588E-08 1.1123E-08 9.7362E-09 8.4491E-09 7.2653E-09 6.1940E-09 5.2309E-09 4.3864E-09 3.6387E-09 2.9869E-09 2.4190E-09 1.9606E-09 1.5770E-09 1.2598E-09 9.9341E-10 7.8181E-10 6.0655E-10 4.5352E-10 3.2377E-10 2.0998E-10 1.5412E-10 1.2207E-10 8.4875E-11 6.6948E-11 4.3191E-11 3.3891E-11 1.9924E-11 1.5087E-11 7.0988E-12
3.3623E-09 4.2775E-09 5.3749E-09 6.6647E-09 8.1348E-09 9.7873E-09 1.1601E-08 1.3537E-08 1.5544E-08 1.7565E-08 1.9545E-08 2.1409E-08 2.3086E-08 2.4518E-08 2.5653E-08 2.6460E-08 2.6909E-08 2.6993E-08 2.6730E-08 2.6135E-08 2.5251E-08 2.4116E-08 2.2778E-08 2.1287E-08 1.9685E-08 1.8020E-08 1.6335E-08 1.4660E-08 1.3035E-08 1.1482E-08 1.0025E-08 8.6678E-09 7.4295E-09 6.3144E-09 5.3186E-09 4.4451E-09 3.6769E-09 3.0100E-09 2.4277E-09 1.9632E-09 1.5730E-09 1.2550E-09 9.8615E-10 7.7522E-10 5.9874E-10 4.4414E-10 3.1537E-10 2.0162E-10 1.4826E-10 1.1656E-10 8.0955E-11 6.3181E-11 4.0624E-11 3.1614E-11 1.7878E-11 1.3598E-11 4.6749E-12
3.4367E-09 4.4102E-09 5.5848E-09 6.9596E-09 8.5521E-09 1.0352E-08 1.2327E-08 1.4436E-08 1.6636E-08 1.8861E-08 2.1027E-08 2.3058E-08 2.4878E-08 2.6418E-08 2.7620E-08 2.8439E-08 2.8859E-08 2.8880E-08 2.8515E-08 2.7798E-08 2.6766E-08 2.5468E-08 2.3963E-08 2.2304E-08 2.0550E-08 1.8743E-08 1.6928E-08 1.5143E-08 1.3419E-08 1.1779E-08 1.0243E-08 8.8277E-09 7.5446E-09 6.3891E-09 5.3691E-09 4.4713E-09 3.6851E-09 3.0074E-09 2.4178E-09 1.9508E-09 1.5592E-09 1.2391E-09 9.7023E-10 7.6064E-10 5.8639E-10 4.3376E-10 3.0276E-10 1.9188E-10 1.4151E-10 1.0986E-10 7.6750E-11 5.8876E-11 3.8131E-11 2.8941E-11 1.6190E-11 1.0886E-11 2.8542E-12
3.4954E-09 4.5247E-09 5.7644E-09 7.2451E-09 8.9668E-09 1.0909E-08 1.3055E-08 1.5366E-08 1.7777E-08 2.0206E-08 2.2568E-08 2.4781E-08 2.6753E-08 2.8401E-08 2.9664E-08 3.0502E-08 3.0894E-08 3.0836E-08 3.0350E-08 2.9475E-08 2.8267E-08 2.6793E-08 2.5110E-08 2.3277E-08 2.1353E-08 1.9396E-08 1.7446E-08 1.5547E-08 1.3723E-08 1.2005E-08 1.0410E-08 8.9407E-09 7.6110E-09 6.4215E-09 5.3723E-09 4.4651E-09 3.6679E-09 2.9844E-09 2.3871E-09 1.9199E-09 1.5320E-09 1.2155E-09 9.4755E-10 7.4302E-10 5.6924E-10 4.2007E-10 2.8802E-10 1.7959E-10 1.3390E-10 1.0212E-10 7.2143E-11 5.3876E-11 3.5509E-11 2.5730E-11 1.3769E-11 8.1210E-12 1.8173E-12
3.5327E-09 4.6092E-09 5.9295E-09 7.5125E-09 9.3526E-09 1.1458E-08 1.3797E-08 1.6316E-08 1.8941E-08 2.1597E-08 2.4183E-08 2.6592E-08 2.8722E-08 3.0489E-08 3.1824E-08 3.2667E-08 3.3005E-08 3.2845E-08 3.2220E-08 3.1180E-08 2.9788E-08 2.8107E-08 2.6213E-08 2.4187E-08 2.2088E-08 1.9970E-08 1.7887E-08 1.5866E-08 1.3951E-08 1.2154E-08 1.0491E-08 8.9803E-09 7.6168E-09 6.3998E-09 5.3460E-09 4.4210E-09 3.6186E-09 2.9353E-09 2.3413E-09 1.8759E-09 1.4941E-09 1.1810E-09 9.1753E-10 7.1709E-10 5.4558E-10 4.0300E-10 2.7063E-10 1.6769E-10 1.2560E-10 9.4079E-11 6.7236E-11 4.8641E-11 3.2792E-11 2.1161E-11 1.1609E-11 5.1836E-12 1.5898E-12
3.5422E-09 4.6718E-09 6.0663E-09 7.7411E-09 9.7250E-09 1.2001E-08 1.4531E-08 1.7268E-08 2.0139E-08 2.3041E-08 2.5859E-08 2.8479E-08 3.0786E-08 3.2677E-08 3.4066E-08 3.4906E-08 3.5182E-08 3.4915E-08 3.4127E-08 3.2885E-08 3.1268E-08 2.9367E-08 2.7263E-08 2.5029E-08 2.2741E-08 2.0460E-08 1.8231E-08 1.6102E-08 1.4089E-08 1.2221E-08 1.0511E-08 8.9613E-09 7.5726E-09 6.3424E-09 5.2677E-09 4.3435E-09 3.5406E-09 2.8643E-09 2.2719E-09 1.8131E-09 1.4418E-09 1.1362E-09 8.8196E-10 6.8406E-10 5.2060E-10 3.8211E-10 2.4900E-10 1.5429E-10 1.1579E-10 8.5671E-11 6.1624E-11 4.3212E-11 2.9033E-11 1.6821E-11 9.5229E-12 3.5708E-12 9.8322E-13
3.5310E-09 4.7051E-09 6.1627E-09 7.9471E-09 1.0064E-08 1.2501E-08 1.5242E-08 1.8225E-08 2.1356E-08 2.4520E-08 2.7600E-08 3.0452E-08 3.2943E-08 3.4956E-08 3.6411E-08 3.7256E-08 3.7461E-08 3.7043E-08 3.6061E-08 3.4596E-08 3.2747E-08 3.0599E-08 2.8246E-08 2.5789E-08 2.3302E-08 2.0851E-08 1.8486E-08 1.6240E-08 1.4143E-08 1.2209E-08 1.0446E-08 8.8689E-09 7.4613E-09 6.2243E-09 5.1573E-09 4.2326E-09 3.4337E-09 2.7671E-09 2.1913E-09 1.7401E-09 1.3804E-09 1.0837E-09 8.3741E-10 6.4896E-10 4.8930E-10 3.5944E-10 2.2732E-10 1.4027E-10 1.0531E-10 7.6992E-11 5.5185E-11 3.6597E-11 2.4289E-11 1.2884E-11 7.9310E-12 2.4045E-12 1.1063E-13
3.4971E-09 4.7012E-09 6.2288E-09 8.1052E-09 1.0348E-08 1.2972E-08 1.5935E-08 1.9161E-08 2.2563E-08 2.6022E-08 2.9380E-08 3.2480E-08 3.5178E-08 3.7340E-08 3.8863E-08 3.9683E-08 3.9788E-08 3.9213E-08 3.8033E-08 3.6323E-08 3.4193E-08 3.1766E-08 2.9157E-08 2.6469E-08 2.3778E-08 2.1148E-08 1.8639E-08 1.6284E-08 1.4104E-08 1.2117E-08 1.0318E-08 8.7216E-09 7.3037E-09 6.0701E-09 5.0046E-09 4.0907E-09 3.3042E-09 2.6526E-09 2.0884E-09 1.6513E-09 1.3067E-09 1.0210E-09 7.8985E-10 6.0763E-10 4.5509E-10 3.3156E-10 2.0499E-10 1.2574E-10 9.4897E-11 6.7465E-11 4.7438E-11 3.0827E-11 1.9474E-11 1.0666E-11 6.1439E-12 1.5332E-12 0.0000E+00
3.4299E-09 4.6739E-09 6.2549E-09 8.2121E-09 1.0591E-08 1.3385E-08 1.6555E-08 2.0050E-08 2.3755E-08 2.7520E-08 3.1176E-08 3.4554E-08 3.7479E-08 3.9791E-08 4.1379E-08 4.2189E-08 4.2208E-08 4.1462E-08 4.0031E-08 3.8036E-08 3.5611E-08 3.2898E-08 3.0010E-08 2.7059E-08 2.4144E-08 2.1341E-08 1.8693E-08 1.6235E-08 1.3983E-08 1.1942E-08 1.0111E-08 8.5066E-09 7.0882E-09 5.8605E-09 4.8135E-09 3.9240E-09 3.1505E-09 2.5177E-09 1.9756E-09 1.5567E-09 1.2253E-09 9.5388E-10 7.3507E-10 5.6476E-10 4.1738E-10 3.0048E-10 1.8145E-10 1.1152E-10 8.3661E-11 5.6565E-11 4.0713E-11 2.4000E-11 1.6461E-11 8.2799E-12 4.3087E-12 8.6152E-13 0.0000E+00
3.3433E-09 4.6184E-09 6.2295E-09 8.2725E-09 1.0768E-08 1.3719E-08 1.7118E-08 2.0877E-08 2.4879E-08 2.8969E-08 3.2963E-08 3.6648E-08 3.9817E-08 4.2309E-08 4.3991E-08 4.4786E-08 4.4681E-08 4.3732E-08 4.2043E-08 3.9760E-08 3.7016E-08 3.3971E-08 3.0776E-08 2.7565E-08 2.4427E-08 2.1438E-08 1.8649E-08 1.6090E-08 1.3768E-08 1.1686E-08 9.8431E-09 8.2429E-09 6.8308E-09 5.6226E-09 4.5920E-09 3.7283E-09 2.9784E-09 2.3685E-09 1.8485E-09 1.4522E-09 1.1398E-09 8.8306E-10 6.7733E-10 5.1654E-10 3.7657E-10 2.7215E-10 1.5706E-10 9.6261E-11 7.1203E-11 4.7940E-11 3.3284E-11 2.0161E-11 1.3414E-11 6.1755E-12 2.7668E-12 2.6205E-13 0.0000E+00
3.2449E-09 4.5197E-09 6.1775E-09 8.2824E-09 1.0872E-08 1.3978E-08 1.7581E-08 2.1598E-08 2.5921E-08 3.0368E-08 3.4706E-08 3.8714E-08 4.2165E-08 4.4856E-08 4.6632E-08 4.7412E-08 4.7195E-08 4.6053E-08 4.4087E-08 4.1459E-08 3.8360E-08 3.4976E-08 3.1474E-08 2.7978E-08 2.4606E-08 2.1428E-08 1.8504E-08 1.5851E-08 1.3476E-08 1.1367E-08 9.5083E-09 7.9208E-09 6.5276E-09 5.3398E-09 4.3419E-09 3.5143E-09 2.7887E-09 2.2089E-09 1.7170E-09 1.3424E-09 1.0496E-09 8.0880E-10 6.1687E-10 4.6849E-10 3.3456E-10 2.3867E-10 1.3069E-10 8.1046E-11 5.8315E-11 3.9016E-11 2.6363E-11 1.6551E-11 9.3957E-12 3.9661E-12 1.0127E-12 0.0000E+00 0.0000E+00
3.1154E-09 4.3880E-09 6.0821E-09 8.2263E-09 1.0905E-08 1.4151E-08 1.7946E-08 2.2232E-08 2.6861E-08 3.1649E-08 3.6359E-08 4.0728E-08 4.4486E-08 4.7397E-08 4.9297E-08 5.0094E-08 4.9768E-08 4.8392E-08 4.6115E-08 4.3139E-08 3.9681E-08 3.5928E-08 3.2076E-08 2.8288E-08 2.4680E-08 2.1329E-08 1.8267E-08 1.5528E-08 1.3101E-08 1.0965E-08 9.1185E-09 7.5568E-09 6.1894E-09 5.0367E-09 4.0692E-09 3.2804E-09 2.5879E-09 2.0406E-09 1.5826E-09 1.2311E-09 9.6086E-10 7.3395E-10 5.5678E-10 4.1652E-10 2.9183E-10 2.0343E-10 1.0590E-10 6.6253E-11 4.6505E-11 3.1550E-11 2.0501E-11 1.1856E-11 5.9428E-12 2.3936E-12 3.6266E-13 0.0000E+00 0.0000E+00
2.9665E-09 4.2423E-09 5.9296E-09 8.1122E-09 1.0863E-08 1.4226E-08 1.8208E-08 2.2736E-08 2.7675E-08 3.2829E-08 3.7931E-08 4.2667E-08 4.6753E-08 4.9922E-08 5.1964E-08 5.2766E-08 5.2323E-08 5.0720E-08 4.8148E-08 4.4803E-08 4.0936E-08 3.6790E-08 3.2592E-08 2.8510E-08 2.4659E-08 2.1115E-08 1.7933E-08 1.5116E-08 1.2657E-08 1.0519E-08 8.6802E-09 7.1483E-09 5.8175E-09 4.6973E-09 3.7769E-09 3.0398E-09 2.3816E-09 1.8712E-09 1.4425E-09 1.1192E-09 8.7010E-10 6.5834E-10 4.9495E-10 3.6500E-10 2.5212E-10 1.6933E-10 8.2091E-11 5.2836E-11 3.5706E-11 2.4255E-11 1.3836E-11 7.7079E-12 3.9628E-12 9.2992E-13 0.0000E+00 0.0000E+00 0.0000E+00
2.7973E-09 4.0497E-09 5.7340E-09 7.9421E-09 1.0738E-08 1.4207E-08 1.8353E-08 2.3116E-08 2.8366E-08 3.3876E-08 3.9361E-08 4.4498E-08 4.8948E-08 5.2395E-08 5.4599E-08 5.5437E-08 5.4901E-08 5.3075E-08 5.0153E-08 4.6412E-08 4.2133E-08 3.7595E-08 3.3029E-08 2.8626E-08 2.4531E-08 2.0818E-08 1.7516E-08 1.4631E-08 1.2135E-08 1.0001E-08 8.1921E-09 6.7041E-09 5.4121E-09 4.3445E-09 3.4772E-09 2.7874E-09 2.1684E-09 1.6954E-09 1.3058E-09 1.0069E-09 7.7841E-10 5.8386E-10 4.3453E-10 3.1540E-10 2.1334E-10 1.3784E-10 6.3213E-11 4.1063E-11 2.7018E-11 1.6126E-11 9.1070E-12 4.6230E-12 1.7415E-12 2.6804E-13 0.0000E+00 0.0000E+00 0.0000E+00
2.6116E-09 3.8324E-09 5.5030E-09 7.7017E-09 1.0535E-08 1.4086E-08 1.8377E-08 2.3363E-08 2.8898E-08 3.4771E-08 4.0674E-08 4.6235E-08 5.1058E-08 5.4807E-08 5.7206E-08 5.8093E-08 5.7445E-08 5.5382E-08 5.2129E-08 4.7997E-08 4.3285E-08 3.8310E-08 3.3364E-08 2.8654E-08 2.4315E-08 2.0428E-08 1.7022E-08 1.4073E-08 1.1566E-08 9.4466E-09 7.6784E-09 6.2182E-09 4.9904E-09 3.9822E-09 3.1669E-09 2.5305E-09 1.9593E-09 1.5212E-09 1.1671E-09 8.9534E-10 6.8717E-10 5.0953E-10 3.7447E-10 2.6737E-10 1.7640E-10 1.0922E-10 4.7117E-11 3.0217E-11 1.8965E-11 9.8675E-12 4.6985E-12 2.5456E-12 6.7079E-13 0.0000E+00 0.0000E+00 0.0000E+00 0.0000E+00
2.3980E-09 3.5903E-09 5.2170E-09 7.4042E-09 1.0256E-08 1.3862E-08 1.8274E-08 2.3449E-08 2.9273E-08 3.5512E-08 4.1823E-08 4.7811E-08 5.3053E-08 5.7142E-08 5.9759E-08 6.0712E-08 5.9977E-08 5.7691E-08 5.4093E-08 4.9516E-08 4.4354E-08 3.8958E-08 3.3630E-08 2.8595E-08 2.4008E-08 1.9954E-08 1.6447E-08 1.3468E-08 1.0941E-08 8.8369E-09 7.1171E-09 5.7277E-09 4.5527E-09 3.6098E-09 2.8560E-09 2.2749E-09 1.7504E-09 1.3476E-09 1.0329E-09 7.8643E-10 5.9958E-10 4.3737E-10 3.1751E-10 2.2250E-10 1.4378E-10 8.1095E-11 3.3555E-11 2.0670E-11 1.1150E-11 5.3924E-12 2.0362E-12 1.0021E-12 3.3399E-14 0.0000E+00 0.0000E+00 0.0000E+00 0.0000E+00
2.1673E-09 3.3194E-09 4.9025E-09 7.0621E-09 9.8892E-09 1.3532E-08 1.8032E-08 2.3389E-08 2.9484E-08 3.6065E-08 4.2798E-08 4.9248E-08 5.4930E-08 5.9374E-08 6.2233E-08 6.3286E-08 6.2480E-08 5.9953E-08 5.5991E-08 5.0985E-08 4.5365E-08 3.9516E-08 3.3788E-08 2.8434E-08 2.3616E-08 1.9408E-08 1.5815E-08 1.2793E-08 1.0271E-08 8.2037E-09 6.5471E-09 5.2140E-09 4.1215E-09 3.2442E-09 2.5458E-09 2.0184E-09 1.5437E-09 1.1789E-09 9.0127E-10 6.8029E-10 5.1197E-10 3.6991E-10 2.6567E-10 1.8134E-10 1.1288E-10 5.5545E-11 2.2892E-11 1.3320E-11 5.9568E-12 1.9781E-12 1.2561E-12 2.9716E-13 0.0000E+00 0.0000E+00 0.0000E+00 0.0000E+00 0.0000E+00
1.9503E-09 3.0169E-09 4.5576E-09 6.6553E-09 9.4552E-09 1.3096E-08 1.7662E-08 2.3168E-08 2.9488E-08 3.6419E-08 4.3587E-08 5.0504E-08 5.6648E-08 6.1505E-08 6.4649E-08 6.5814E-08 6.4941E-08 6.2169E-08 5.7853E-08 5.2397E-08 4.6286E-08 3.9976E-08 3.3847E-08 2.8180E-08 2.3131E-08 1.8778E-08 1.5106E-08 1.2067E-08 9.5718E-09 7.5429E-09 5.9537E-09 4.7002E-09 3.6808E-09 2.8727E-09 2.2431E-09 1.7710E-09 1.3459E-09 1.0165E-09 7.7205E-10 5.7857E-10 4.3090E-10 3.0718E-10 2.1644E-10 1.4323E-10 8.3947E-11 3.4372E-11 1.4571E-11 6.7555E-12 3.2832E-12 1.4290E-12 4.9465E-13 0.0000E+00 0.0000E+00 0.0000E+00 0.0000E+00 0.0000E+00 0.0000E+00
1.7399E-09 2.7061E-09 4.1725E-09 6.2026E-09 8.9502E-09 1.2554E-08 1.7158E-08 2.2762E-08 2.9317E-08 3.6578E-08 4.4165E-08 5.1567E-08 5.8213E-08 6.3507E-08 6.6951E-08 6.8251E-08 6.7335E-08 6.4346E-08 5.9637E-08 5.3704E-08 4.7086E-08 4.0317E-08 3.3796E-08 2.7811E-08 2.2544E-08 1.8057E-08 1.4339E-08 1.1316E-08 8.8211E-09 6.8635E-09 5.3675E-09 4.1842E-09 3.2444E-09 2.5247E-09 1.9493E-09 1.5286E-09 1.1513E-09 8.6045E-10 6.5021E-10 4.8330E-10 3.5701E-10 2.5068E-10 1.7272E-10 1.0784E-10 5.9193E-11 1.7572E-11 8.7033E-12 3.9472E-12 1.5200E-12 6.2414E-13 0.0000E+00 0.0000E+00 0.0000E+00 0.0000E+00 0.0000E+00 0.0000E+00 0.0000E+00
1.5179E-09 2.3989E-09 3.7480E-09 5.7168E-09 8.3700E-09 1.1925E-08 1.6510E-08 2.2197E-08 2.8936E-08 3.6496E-08 4.4508E-08 5.2429E-08 5.9596E-08 6.5364E-08 6.9167E-08 7.0641E-08 6.9672E-08 6.6431E-08 6.1313E-08 5.4903E-08 4.7789E-08 4.0532E-08 3.3594E-08 2.7314E-08 2.1854E-08 1.7271E-08 1.3506E-08 1.0495E-08 8.0755E-09 6.1745E-09 4.7668E-09 3.6678E-09 2.8292E-09 2.1695E-09 1.6656E-09 1.2985E-09 9.6933E-10 7.1397E-10 5.3573E-10 3.9641E-10 2.8741E-10 1.9981E-10 1.3375E-10 7.6926E-11 3.6050E-11 9.5576E-12 4.6009E-12 2.2677E-12 6.8623E-13 0.0000E+00 0.0000E+00 0.0000E+00 0.0000E+00 0.0000E+00 0.0000E+00 0.0000E+00 0.0000E+00
1.2885E-09 2.0994E-09 3.3250E-09 5.1823E-09 7.7367E-09 1.1197E-08 1.5734E-08 2.1467E-08 2.8339E-08 3.6195E-08 4.4625E-08 5.3052E-08 6.0768E-08 6.7044E-08 7.1233E-08 7.2893E-08 7.1892E-08 6.8411E-08 6.2893E-08 5.5961E-08 4.8306E-08 4.0557E-08 3.3254E-08 2.6687E-08 2.1055E-08 1.6386E-08 1.2626E-08 9.6389E-09 7.2833E-09 5.4774E-09 4.1849E-09 3.1864E-09 2.4156E-09 1.8496E-09 1.3983E-09 1.0798E-09 7.9893E-10 5.8243E-10 4.3250E-10 3.1776E-10 2.2653E-10 1.5293E-10 9.5787E-11 4.9808E-11 1.7971E-11 5.6828E-12 2.4210E-12 6.8397E-13 1.2197E-14 0.0000E+00 0.0000E+00 0.0000E+00 0.0000E+00 0.0000E+00 0.0000E+00 0.0000E+00 0.0000E+00
