Assets/Resources/2015_m01_d17_1900(utc+0800)_l00_csi_1hr_conc.grd
DSAA
         159         159
     -79.000      79.000
     -79.000      79.000
  0.0000E+00  0.1335E-04
[rows 0 to 24 of 159, columns 57 to 113 of 159]
3.0753E-09 2.9961E-09 2.9188E-09 2.8420E-09 2.7621E-09 2.6868E-09 2.6060E-09 2.5328E-09 2.4530E-09 2.3808E-09 2.3086E-09 2.2318E-09 2.1657E-09 2.0914E-09 2.0237E-09 1.9555E-09 1.8913E-09 1.8284E-09 1.7638E-09 1.7045E-09 1.6520E-09 1.5902E-09 1.5327E-09 1.4767E-09 1.4262E-09 1.3579E-09 1.3069E-09 1.2374E-09 1.1897E-09 1.1508E-09 1.0861E-09 1.0452E-09 9.9141E-10 9.5309E-10 9.1606E-10 8.8055E-10 8.4648E-10 8.1365E-10 7.7618E-10 7.4616E-10 7.0962E-10 6.8624E-10 6.4823E-10 6.2711E-10 6.0290E-10 5.7228E-10 5.5338E-10 5.2627E-10 5.0867E-10 4.8478E-10 4.6830E-10 4.5217E-10 4.3021E-10 4.1204E-10 3.9445E-10 3.8044E-10 3.6384E-10
3.1859E-09 3.1034E-09 3.0204E-09 2.9380E-09 2.8584E-09 2.7746E-09 2.6955E-09 2.6112E-09 2.5348E-09 2.4544E-09 2.3778E-09 2.2987E-09 2.2246E-09 2.1573E-09 2.0812E-09 2.0124E-09 1.9430E-09 1.8780E-09 1.8144E-09 1.7490E-09 1.6892E-09 1.6365E-09 1.5737E-09 1.5159E-09 1.4594E-09 1.3994E-09 1.3304E-09 1.2865E-09 1.2163E-09 1.1681E-09 1.1160E-09 1.0638E-09 1.0225E-09 9.6891E-10 9.3118E-10 8.9061E-10 8.5607E-10 8.2280E-10 7.8896E-10 7.5849E-10 7.2312E-10 6.9355E-10 6.6672E-10 6.3356E-10 6.1270E-10 5.7778E-10 5.5867E-10 5.3649E-10 5.1330E-10 4.9586E-10 4.7241E-10 4.5612E-10 4.3383E-10 4.1864E-10 4.0079E-10 3.8351E-10 3.6672E-10
3.3023E-09 3.2136E-09 3.1266E-09 3.0385E-09 2.9514E-09 2.8667E-09 2.7794E-09 2.6975E-09 2.6130E-09 2.5324E-09 2.4487E-09 2.3699E-09 2.2890E-09 2.2133E-09 2.1451E-09 2.0619E-09 1.9978E-09 1.9274E-09 1.8560E-09 1.7931E-09 1.7317E-09 1.6715E-09 1.6130E-09 1.5545E-09 1.4956E-09 1.4330E-09 1.3691E-09 1.3074E-09 1.2553E-09 1.1846E-09 1.1438E-09 1.0845E-09 1.0348E-09 9.8686E-10 9.4157E-10 9.0939E-10 8.6981E-10 8.3614E-10 8.0369E-10 7.6655E-10 7.3686E-10 7.0067E-10 6.7757E-10 6.3976E-10 6.1864E-10 5.9438E-10 5.6372E-10 5.4478E-10 5.1771E-10 5.0010E-10 4.7631E-10 4.5986E-10 4.4377E-10 4.2193E-10 4.0388E-10 3.8641E-10 3.7248E-10
3.4199E-09 3.3276E-09 3.2323E-09 3.1414E-09 3.0497E-09 2.9581E-09 2.8704E-09 2.7823E-09 2.6957E-09 2.6097E-09 2.5240E-09 2.4382E-09 2.3576E-09 2.2751E-09 2.1981E-09 2.1291E-09 2.0445E-09 1.9800E-09 1.9088E-09 1.8369E-09 1.7736E-09 1.7059E-09 1.6508E-09 1.5902E-09 1.5228E-09 1.4631E-09 1.4078E-09 1.3357E-09 1.2814E-09 1.2161E-09 1.1585E-09 1.1173E-09 1.0513E-09 1.0100E-09 9.5638E-10 9.1915E-10 8.7900E-10 8.4491E-10 8.1638E-10 7.7869E-10 7.4855E-10 7.0760E-10 6.8427E-10 6.5750E-10 6.2432E-10 6.0339E-10 5.6852E-10 5.4939E-10 5.2726E-10 5.0411E-10 4.8671E-10 4.6340E-10 4.4716E-10 4.2504E-10 4.0992E-10 3.8913E-10 3.7509E-10
3.5457E-09 3.4443E-09 3.3409E-09 3.2427E-09 3.1472E-09 3.0530E-09 2.9593E-09 2.8678E-09 2.7764E-09 2.6874E-09 2.5993E-09 2.5117E-09 2.4230E-09 2.3436E-09 2.2572E-09 2.1791E-09 2.1003E-09 2.0239E-09 1.9590E-09 1.8815E-09 1.8150E-09 1.7507E-09 1.6821E-09 1.6256E-09 1.5578E-09 1.4958E-09 1.4352E-09 1.3794E-09 1.2992E-09 1.2529E-09 1.1803E-09 1.1306E-09 1.0779E-09 1.0210E-09 9.8548E-10 9.3322E-10 8.9705E-10 8.5792E-10 8.2470E-10 7.9270E-10 7.5593E-10 7.2658E-10 6.9068E-10 6.6756E-10 6.2973E-10 6.0858E-10 5.8436E-10 5.5376E-10 5.3484E-10 5.0789E-10 4.9034E-10 4.6673E-10 4.5035E-10 4.2795E-10 4.1271E-10 3.9484E-10 3.7753E-10
3.6743E-09 3.5628E-09 3.4559E-09 3.3493E-09 3.2475E-09 3.1442E-09 3.0479E-09 2.9547E-09 2.8591E-09 2.7658E-09 2.6738E-09 2.5831E-09 2.4937E-09 2.4034E-09 2.3231E-09 2.2356E-09 2.1565E-09 2.0768E-09 2.0000E-09 1.9347E-09 1.8504E-09 1.7892E-09 1.7180E-09 1.6538E-09 1.5957E-09 1.5275E-09 1.4652E-09 1.4042E-09 1.3325E-09 1.2687E-09 1.2223E-09 1.1434E-09 1.1024E-09 1.0441E-09 9.9588E-10 9.4965E-10 9.0598E-10 8.7083E-10 8.3714E-10 8.0467E-10 7.6743E-10 7.3757E-10 6.9678E-10 6.7340E-10 6.4658E-10 6.1349E-10 5.8897E-10 5.5787E-10 5.3878E-10 5.1677E-10 4.9374E-10 4.6984E-10 4.5334E-10 4.3721E-10 4.1531E-10 3.9727E-10 3.7979E-10
3.7998E-09 3.6864E-09 3.5700E-09 3.4599E-09 3.3486E-09 3.2438E-09 3.1377E-09 3.0391E-09 2.9430E-09 2.8452E-09 2.7482E-09 2.6558E-09 2.5632E-09 2.4667E-09 2.3813E-09 2.2985E-09 2.2060E-09 2.1300E-09 2.0440E-09 1.9725E-09 1.8968E-09 1.8212E-09 1.7583E-09 1.6808E-09 1.6212E-09 1.5563E-09 1.4860E-09 1.4234E-09 1.3659E-09 1.2920E-09 1.2367E-09 1.1638E-09 1.1145E-09 1.0672E-09 1.0060E-09 9.7115E-10 9.1927E-10 8.8367E-10 8.4504E-10 8.1226E-10 7.7444E-10 7.4412E-10 7.1474E-10 6.7894E-10 6.5580E-10 6.1812E-10 5.9699E-10 5.7289E-10 5.4247E-10 5.2022E-10 4.9691E-10 4.7947E-10 4.5610E-10 4.3986E-10 4.1771E-10 3.9951E-10 3.8188E-10
3.9329E-09 3.8062E-09 3.6874E-09 3.5671E-09 3.4539E-09 3.3384E-09 3.2320E-09 3.1237E-09 3.0233E-09 2.9246E-09 2.8250E-09 2.7276E-09 2.6327E-09 2.5389E-09 2.4411E-09 2.3533E-09 2.2590E-09 2.1764E-09 2.0997E-09 2.0130E-09 1.9406E-09 1.8578E-09 1.7871E-09 1.7180E-09 1.6453E-09 1.5852E-09 1.5144E-09 1.4503E-09 1.3879E-09 1.3149E-09 1.2507E-09 1.2047E-09 1.1340E-09 1.0861E-09 1.0283E-09 9.8067E-10 9.3497E-10 8.9183E-10 8.5723E-10 8.2397E-10 7.9179E-10 7.5468E-10 7.2476E-10 6.8416E-10 6.6079E-10 6.3402E-10 6.0114E-10 5.7678E-10 5.4590E-10 5.2692E-10 4.9985E-10 4.8227E-10 4.5866E-10 4.4230E-10 4.1991E-10 4.0472E-10 3.8694E-10
4.0591E-09 3.9281E-09 3.8018E-09 3.6781E-09 3.5548E-09 3.4399E-09 3.3230E-09 3.2136E-09 3.1024E-09 3.0006E-09 2.9027E-09 2.8017E-09 2.7013E-09 2.6002E-09 2.5046E-09 2.4098E-09 2.3209E-09 2.2262E-09 2.1424E-09 2.0590E-09 1.9732E-09 1.9033E-09 1.8144E-09 1.7487E-09 1.6741E-09 1.6067E-09 1.5456E-09 1.4763E-09 1.4043E-09 1.3462E-09 1.2724E-09 1.2180E-09 1.1532E-09 1.0971E-09 1.0581E-09 9.8991E-10 9.5574E-10 9.0431E-10 8.6925E-10 8.3106E-10 7.9841E-10 7.6069E-10 7.3036E-10 6.9516E-10 6.6547E-10 6.4239E-10 6.0500E-10 5.8038E-10 5.4907E-10 5.2995E-10 5.0791E-10 4.8485E-10 4.6098E-10 4.4452E-10 4.2845E-10 4.0663E-10 3.8871E-10
4.1871E-09 4.0541E-09 3.9164E-09 3.7872E-09 3.6583E-09 3.5356E-09 3.4185E-09 3.2997E-09 3.1897E-09 3.0773E-09 2.9735E-09 2.8729E-09 2.7729E-09 2.6692E-09 2.5685E-09 2.4709E-09 2.3756E-09 2.2843E-09 2.1886E-09 2.1038E-09 2.0088E-09 1.9324E-09 1.8563E-09 1.7731E-09 1.7073E-09 1.6272E-09 1.5658E-09 1.4990E-09 1.4287E-09 1.3665E-09 1.3020E-09 1.2308E-09 1.1857E-09 1.1156E-09 1.0685E-09 1.0186E-09 9.6439E-10 9.2384E-10 8.7659E-10 8.4231E-10 8.0903E-10 7.7264E-10 7.3993E-10 7.1008E-10 6.6983E-10 6.4654E-10 6.0857E-10 5.8738E-10 5.6325E-10 5.3271E-10 5.1048E-10 4.8718E-10 4.6648E-10 4.4653E-10 4.3037E-10 4.0834E-10 3.9029E-10
4.3225E-09 4.1823E-09 4.0438E-09 3.9027E-09 3.7688E-09 3.6360E-09 3.5133E-09 3.3872E-09 3.2708E-09 3.1596E-09 3.0447E-09 2.9412E-09 2.8349E-09 2.7368E-09 2.6336E-09 2.5304E-09 2.4270E-09 2.3305E-09 2.2321E-09 2.1416E-09 2.0598E-09 1.9645E-09 1.8876E-09 1.8021E-09 1.7288E-09 1.6581E-09 1.5841E-09 1.5222E-09 1.4527E-09 1.3813E-09 1.3293E-09 1.2513E-09 1.1978E-09 1.1339E-09 1.0786E-09 1.0403E-09 9.7274E-10 9.3915E-10 8.8809E-10 8.4877E-10 8.1502E-10 7.8243E-10 7.4495E-10 7.1473E-10 6.7386E-10 6.5038E-10 6.2744E-10 5.9049E-10 5.6614E-10 5.3522E-10 5.1628E-10 4.8927E-10 4.7178E-10 4.4831E-10 4.3207E-10 4.0984E-10 3.9168E-10
4.4577E-09 4.3085E-09 4.1628E-09 4.0221E-09 3.8746E-09 3.7398E-09 3.6061E-09 3.4788E-09 3.3527E-09 3.2340E-09 3.1167E-09 3.0058E-09 2.9023E-09 2.7958E-09 2.6912E-09 2.5915E-09 2.4882E-09 2.3829E-09 2.2867E-09 2.1806E-09 2.0894E-09 1.9953E-09 1.9167E-09 1.8400E-09 1.7495E-09 1.6826E-09 1.6016E-09 1.5399E-09 1.4789E-09 1.4043E-09 1.3432E-09 1.2796E-09 1.2094E-09 1.1652E-09 1.0960E-09 1.0497E-09 1.0004E-09 9.4684E-10 9.0650E-10 8.5932E-10 8.2515E-10 7.8760E-10 7.4961E-10 7.2332E-10 6.8779E-10 6.5389E-10 6.3078E-10 5.9330E-10 5.6875E-10 5.4309E-10 5.1841E-10 4.9650E-10 4.7354E-10 4.4987E-10 4.3355E-10 4.1444E-10 3.9603E-10
4.5944E-09 4.4392E-09 4.2861E-09 4.1368E-09 3.9916E-09 3.8415E-09 3.7062E-09 3.5684E-09 3.4423E-09 3.3149E-09 3.1948E-09 3.0751E-09 2.9622E-09 2.8569E-09 2.7504E-09 2.6458E-09 2.5350E-09 2.4351E-09 2.3339E-09 2.2316E-09 2.1267E-09 2.0377E-09 1.9402E-09 1.8618E-09 1.7791E-09 1.7010E-09 1.6351E-09 1.5561E-09 1.4951E-09 1.4268E-09 1.3567E-09 1.3057E-09 1.2288E-09 1.1762E-09 1.1132E-09 1.0587E-09 1.0210E-09 9.5406E-10 9.2052E-10 8.6506E-10 8.3048E-10 7.9685E-10 7.6445E-10 7.2737E-10 6.9736E-10 6.5707E-10 6.3379E-10 6.0162E-10 5.7469E-10 5.5069E-10 5.2027E-10 4.9820E-10 4.7505E-10 4.5457E-10 4.3481E-10 4.1883E-10 3.9706E-10
4.7300E-09 4.5671E-09 4.4080E-09 4.2531E-09 4.1010E-09 3.9547E-09 3.7996E-09 3.6630E-09 3.5206E-09 3.3943E-09 3.2627E-09 3.1467E-09 3.0261E-09 2.9120E-09 2.8071E-09 2.6993E-09 2.5882E-09 2.4829E-09 2.3764E-09 2.2699E-09 2.1727E-09 2.0718E-09 1.9775E-09 1.8871E-09 1.8096E-09 1.7187E-09 1.6519E-09 1.5718E-09 1.5111E-09 1.4516E-09 1.3782E-09 1.3183E-09 1.2558E-09 1.1867E-09 1.1433E-09 1.0674E-09 1.0292E-09 9.6836E-10 9.2690E-10 8.8213E-10 8.3538E-10 8.0586E-10 7.6858E-10 7.3104E-10 7.0496E-10 6.5991E-10 6.3648E-10 6.0797E-10 5.7678E-10 5.5261E-10 5.2186E-10 4.9965E-10 4.7633E-10 4.5573E-10 4.3586E-10 4.1981E-10 3.9789E-10
4.8676E-09 4.6971E-09 4.5309E-09 4.3689E-09 4.2115E-09 4.0588E-09 3.9014E-09 3.7528E-09 3.6166E-09 3.4716E-09 3.3456E-09 3.2115E-09 3.0933E-09 2.9685E-09 2.8559E-09 2.7452E-09 2.6430E-09 2.5301E-09 2.4248E-09 2.3155E-09 2.2118E-09 2.1108E-09 2.0100E-09 1.9115E-09 1.8326E-09 1.7456E-09 1.6682E-09 1.6036E-09 1.5260E-09 1.4660E-09 1.3992E-09 1.3304E-09 1.2804E-09 1.2047E-09 1.1530E-09 1.0909E-09 1.0369E-09 9.8713E-10 9.3280E-10 8.9938E-10 8.4435E-10 8.1007E-10 7.7670E-10 7.3434E-10 7.0807E-10 6.7263E-10 6.3883E-10 6.1583E-10 5.7857E-10 5.5424E-10 5.2881E-10 5.0433E-10 4.8268E-10 4.5999E-10 4.3667E-10 4.2058E-10 4.0177E-10
5.0060E-09 4.8276E-09 4.6537E-09 4.4844E-09 4.3200E-09 4.1606E-09 4.0057E-09 3.8483E-09 3.6962E-09 3.5544E-09 3.4132E-09 3.2852E-09 3.1508E-09 3.0338E-09 2.9086E-09 2.7956E-09 2.6843E-09 2.5753E-09 2.4628E-09 2.3581E-09 2.2434E-09 2.1452E-09 2.0517E-09 1.9351E-09 1.8506E-09 1.7737E-09 1.6840E-09 1.6188E-09 1.5401E-09 1.4803E-09 1.4225E-09 1.3504E-09 1.2916E-09 1.2225E-09 1.1623E-09 1.1067E-09 1.0440E-09 1.0060E-09 9.4566E-10 9.0447E-10 8.6008E-10 8.1386E-10 7.8459E-10 7.4774E-10 7.1080E-10 6.8086E-10 6.4085E-10 6.1773E-10 5.8005E-10 5.5558E-10 5.2997E-10 5.0532E-10 4.8356E-10 4.6071E-10 4.3726E-10 4.2113E-10 4.0224E-10
5.1399E-09 4.9540E-09 4.7727E-09 4.5964E-09 4.4252E-09 4.2591E-09 4.0982E-09 3.9417E-09 3.7777E-09 3.6323E-09 3.4877E-09 3.3488E-09 3.2162E-09 3.0859E-09 2.9672E-09 2.8433E-09 2.7297E-09 2.6174E-09 2.5094E-09 2.3920E-09 2.2885E-09 2.1737E-09 2.0741E-09 1.9757E-09 1.8723E-09 1.7945E-09 1.7034E-09 1.6334E-09 1.5702E-09 1.4940E-09 1.4350E-09 1.3617E-09 1.3023E-09 1.2452E-09 1.1709E-09 1.1274E-09 1.0584E-09 1.0122E-09 9.6282E-10 9.0908E-10 8.7591E-10 8.1721E-10 7.8773E-10 7.5045E-10 7.1315E-10 6.8722E-10 6.4253E-10 6.1930E-10 5.9110E-10 5.6022E-10 5.3639E-10 5.0603E-10 4.8418E-10 4.6120E-10 4.4098E-10 4.2146E-10 4.0571E-10
5.2742E-09 5.0805E-09 4.8918E-09 4.7081E-09 4.5305E-09 4.3580E-09 4.1901E-09 4.0281E-09 3.8710E-09 3.7066E-09 3.5635E-09 3.4096E-09 3.2784E-09 3.1444E-09 3.0157E-09 2.8942E-09 2.7731E-09 2.6542E-09 2.5431E-09 2.4284E-09 2.3205E-09 2.2220E-09 2.1043E-09 2.0115E-09 1.9009E-09 1.8105E-09 1.7353E-09 1.6474E-09 1.5837E-09 1.5065E-09 1.4475E-09 1.3914E-09 1.3125E-09 1.2628E-09 1.1869E-09 1.1349E-09 1.0798E-09 1.0178E-09 9.8002E-10 9.1319E-10 8.7976E-10 8.3151E-10 7.9044E-10 7.5716E-10 7.1512E-10 6.8905E-10 6.5395E-10 6.2053E-10 5.9216E-10 5.6102E-10 5.3708E-10 5.0648E-10 4.8454E-10 4.6144E-10 4.4116E-10 4.2158E-10 4.0580E-10
5.4091E-09 5.2083E-09 5.0127E-09 4.8226E-09 4.6381E-09 4.4573E-09 4.2843E-09 4.1166E-09 3.9511E-09 3.7942E-09 3.6308E-09 3.4853E-09 3.3357E-09 3.2029E-09 3.0627E-09 2.9404E-09 2.8107E-09 2.6989E-09 2.5813E-09 2.4714E-09 2.3539E-09 2.2476E-09 2.1420E-09 2.0351E-09 1.9449E-09 1.8304E-09 1.7541E-09 1.6649E-09 1.5964E-09 1.5347E-09 1.4594E-09 1.4022E-09 1.3303E-09 1.2718E-09 1.2102E-09 1.1417E-09 1.0908E-09 1.0229E-09 9.8474E-10 9.3148E-10 8.8311E-10 8.3875E-10 7.9271E-10 7.6364E-10 7.1669E-10 6.9050E-10 6.5512E-10 6.2142E-10 5.9861E-10 5.6151E-10 5.3748E-10 5.1232E-10 4.8465E-10 4.6677E-10 4.4111E-10 4.2147E-10 4.0568E-10
5.5448E-09 5.3364E-09 5.1335E-09 4.9361E-09 4.7446E-09 4.5593E-09 4.3795E-09 4.2048E-09 4.0344E-09 3.8705E-09 3.7065E-09 3.5484E-09 3.4042E-09 3.2534E-09 3.1225E-09 2.9850E-09 2.8612E-09 2.7330E-09 2.6206E-09 2.5013E-09 2.3935E-09 2.2767E-09 2.1777E-09 2.0575E-09 1.9675E-09 1.8697E-09 1.7726E-09 1.6888E-09 1.6086E-09 1.5463E-09 1.4706E-09 1.4123E-09 1.3393E-09 1.2799E-09 1.2226E-09 1.1479E-09 1.1043E-09 1.0351E-09 9.8890E-10 9.3495E-10 8.8597E-10 8.5297E-10 7.9453E-10 7.6532E-10 7.2213E-10 6.9156E-10 6.6016E-10 6.2198E-10 5.9910E-10 5.6566E-10 5.3759E-10 5.1232E-10 4.8797E-10 4.6660E-10 4.4412E-10 4.2114E-10 4.0535E-10
5.6834E-09 5.4679E-09 5.2580E-09 5.0541E-09 4.8562E-09 4.6643E-09 4.4784E-09 4.2966E-09 4.1226E-09 3.9509E-09 3.7856E-09 3.6182E-09 3.4661E-09 3.3175E-09 3.1736E-09 3.0387E-09 2.9029E-09 2.7815E-09 2.6527E-09 2.5366E-09 2.4251E-09 2.3122E-09 2.2007E-09 2.0982E-09 1.9914E-09 1.9006E-09 1.7930E-09 1.7114E-09 1.6242E-09 1.5572E-09 1.4807E-09 1.4222E-09 1.3664E-09 1.2874E-09 1.2375E-09 1.1614E-09 1.1094E-09 1.0543E-09 9.9248E-10 9.5484E-10 8.8831E-10 8.5512E-10 8.0287E-10 7.6656E-10 7.3362E-10 6.9224E-10 6.6655E-10 6.2219E-10 5.9926E-10 5.7146E-10 5.3742E-10 5.1752E-10 4.8760E-10 4.6618E-10 4.4363E-10 4.2059E-10 4.0481E-10
5.8290E-09 5.6063E-09 5.3893E-09 5.1785E-09 4.9736E-09 4.7747E-09 4.5817E-09 4.3946E-09 4.2138E-09 4.0367E-09 3.8654E-09 3.7034E-09 3.5311E-09 3.3817E-09 3.2222E-09 3.0864E-09 2.9491E-09 2.8165E-09 2.6934E-09 2.5709E-09 2.4507E-09 2.3431E-09 2.2277E-09 2.1250E-09 2.0160E-09 1.9218E-09 1.8285E-09 1.7316E-09 1.6348E-09 1.5673E-09 1.5063E-09 1.4312E-09 1.3743E-09 1.2940E-09 1.2436E-09 1.1821E-09 1.1138E-09 1.0582E-09 9.9548E-10 9.5758E-10 8.9760E-10 8.5678E-10 8.0838E-10 7.6737E-10 7.3870E-10 6.9253E-10 6.6677E-10 6.2616E-10 5.9909E-10 5.7119E-10 5.3695E-10 5.1704E-10 4.8697E-10 4.6552E-10 4.4291E-10 4.1982E-10 4.0405E-10
5.9826E-09 5.7529E-09 5.5290E-09 5.3111E-09 5.0990E-09 4.8927E-09 4.6925E-09 4.4983E-09 4.3104E-09 4.1285E-09 3.9527E-09 3.7789E-09 3.6128E-09 3.4427E-09 3.2895E-09 3.1369E-09 2.9965E-09 2.8551E-09 2.7327E-09 2.5993E-09 2.4833E-09 2.3702E-09 2.2591E-09 2.1492E-09 2.0494E-09 1.9436E-09 1.8421E-09 1.7543E-09 1.6607E-09 1.5807E-09 1.5150E-09 1.4393E-09 1.3813E-09 1.3082E-09 1.2490E-09 1.1919E-09 1.1176E-09 1.0742E-09 1.0055E-09 9.5976E-10 9.0641E-10 8.5794E-10 8.2536E-10 7.6773E-10 7.3897E-10 6.9243E-10 6.6661E-10 6.3593E-10 5.9859E-10 5.7061E-10 5.3619E-10 5.1627E-10 4.9167E-10 4.6461E-10 4.4195E-10 4.2218E-10 4.0308E-10
6.1355E-09 5.8989E-09 5.6681E-09 5.4430E-09 5.2237E-09 5.0102E-09 4.8024E-09 4.6007E-09 4.4052E-09 4.2163E-09 4.0341E-09 3.8571E-09 3.6867E-09 3.5116E-09 3.3470E-09 3.1912E-09 3.0405E-09 2.9021E-09 2.7668E-09 2.6386E-09 2.5160E-09 2.3956E-09 2.2863E-09 2.1755E-09 2.0660E-09 1.9658E-09 1.8674E-09 1.7758E-09 1.6850E-09 1.5893E-09 1.5227E-09 1.4463E-09 1.3875E-09 1.3322E-09 1.2536E-09 1.1959E-09 1.1207E-09 1.0770E-09 1.0225E-09 9.6136E-10 9.0750E-10 8.5858E-10 8.2588E-10 7.7455E-10 7.3882E-10 6.9615E-10 6.6608E-10 6.3531E-10 5.9775E-10 5.7535E-10 5.4266E-10 5.1523E-10 4.9058E-10 4.6345E-10 4.4605E-10 4.2100E-10 4.0190E-10
6.2819E-09 6.0390E-09 5.8017E-09 5.5699E-09 5.3435E-09 5.1229E-09 4.9081E-09 4.6994E-09 4.4970E-09 4.3014E-09 4.1129E-09 3.9307E-09 3.7533E-09 3.5832E-09 3.4101E-09 3.2478E-09 3.0910E-09 2.9455E-09 2.8042E-09 2.6732E-09 2.5490E-09 2.4251E-09 2.3112E-09 2.1983E-09 2.0958E-09 1.9904E-09 1.8907E-09 1.7926E-09 1.7048E-09 1.6070E-09 1.5294E-09 1.4630E-09 1.3931E-09 1.3370E-09 1.2574E-09 1.2074E-09 1.1310E-09 1.0791E-09 1.0242E-09 9.6237E-10 9.2499E-10 8.6604E-10 8.2592E-10 7.7415E-10 7.3824E-10 7.0406E-10 6.6517E-10 6.3433E-10 5.9658E-10 5.7419E-10 5.4139E-10 5.1391E-10 4.8924E-10 4.6205E-10 4.4468E-10 4.1960E-10 4.0052E-10
