Assets/Resources/2015_m01_d10_1600(utc+0800)_l00_csi_1hr_conc.grd
DSAA
         159         159
     -79.000      79.000
     -79.000      79.000
  0.1357E-09  0.1034E-04
[rows 75 to 99 of 159, columns 0 to 56 of 159]
3.6876E-10 3.7706E-10 3.8551E-10 3.9530E-10 4.0766E-10 4.2250E-10 4.3672E-10 4.5338E-10 4.7047E-10 4.8724E-10 5.0209E-10 5.1701E-10 5.3337E-10 5.4787E-10 5.6196E-10 5.7641E-10 5.9200E-10 6.1265E-10 6.3479E-10 6.5596E-10 6.7865E-10 7.0131E-10 7.2480E-10 7.4790E-10 7.7073E-10 7.9396E-10 8.1753E-10 8.4191E-10 8.6759E-10 8.9367E-10 9.2109E-10 9.4854E-10 9.7740E-10 1.0072E-09 1.0385E-09 1.0704E-09 1.1029E-09 1.1370E-09 1.1727E-09 1.2092E-09 1.2468E-09 1.2863E-09 1.3265E-09 1.3686E-09 1.4122E-09 1.4572E-09 1.5036E-09 1.5517E-09 1.6019E-09 1.6532E-09 1.7061E-09 1.7608E-09 1.8178E-09 1.8760E-09 1.9365E-09 1.9996E-09 2.0640E-09
3.7189E-10 3.8026E-10 3.8880E-10 3.9984E-10 4.1232E-10 4.2716E-10 4.4246E-10 4.6047E-10 4.7655E-10 4.9227E-10 5.0835E-10 5.2352E-10 5.3925E-10 5.5350E-10 5.6778E-10 5.8243E-10 5.9976E-10 6.2067E-10 6.4245E-10 6.6426E-10 6.8689E-10 7.0992E-10 7.3344E-10 7.5655E-10 7.7971E-10 8.0329E-10 8.2722E-10 8.5243E-10 8.7804E-10 9.0452E-10 9.3237E-10 9.6071E-10 9.8956E-10 1.0203E-09 1.0521E-09 1.0841E-09 1.1171E-09 1.1522E-09 1.1885E-09 1.2250E-09 1.2633E-09 1.3034E-09 1.3448E-09 1.3876E-09 1.4314E-09 1.4771E-09 1.5249E-09 1.5737E-09 1.6242E-09 1.6764E-09 1.7307E-09 1.7863E-09 1.8437E-09 1.9037E-09 1.9652E-09 2.0287E-09 2.0942E-09
3.7498E-10 3.8344E-10 3.9206E-10 4.0362E-10 4.1762E-10 4.3302E-10 4.4972E-10 4.6557E-10 4.8392E-10 4.9846E-10 5.1360E-10 5.3017E-10 5.4483E-10 5.5910E-10 5.7356E-10 5.8841E-10 6.0673E-10 6.2943E-10 6.5155E-10 6.7285E-10 6.9539E-10 7.1849E-10 7.4237E-10 7.6593E-10 7.8907E-10 8.1255E-10 8.3683E-10 8.6241E-10 8.8841E-10 9.1529E-10 9.4355E-10 9.7233E-10 1.0016E-09 1.0329E-09 1.0651E-09 1.0976E-09 1.1311E-09 1.1668E-09 1.2036E-09 1.2408E-09 1.2797E-09 1.3204E-09 1.3624E-09 1.4059E-09 1.4509E-09 1.4974E-09 1.5454E-09 1.5951E-09 1.6463E-09 1.6993E-09 1.7546E-09 1.8111E-09 1.8694E-09 1.9303E-09 1.9929E-09 2.0581E-09 2.1246E-09
3.7805E-10 3.8660E-10 3.9646E-10 4.0811E-10 4.2283E-10 4.3758E-10 4.5612E-10 4.7291E-10 4.8903E-10 5.0489E-10 5.2027E-10 5.3570E-10 5.5038E-10 5.6465E-10 5.7930E-10 5.9509E-10 6.1442E-10 6.3742E-10 6.5843E-10 6.8036E-10 7.0354E-10 7.2666E-10 7.5056E-10 7.7445E-10 7.9791E-10 8.2172E-10 8.4636E-10 8.7231E-10 8.9869E-10 9.2641E-10 9.5464E-10 9.8385E-10 1.0136E-09 1.0453E-09 1.0780E-09 1.1110E-09 1.1450E-09 1.1812E-09 1.2187E-09 1.2564E-09 1.2963E-09 1.3377E-09 1.3799E-09 1.4241E-09 1.4697E-09 1.5169E-09 1.5657E-09 1.6161E-09 1.6687E-09 1.7225E-09 1.7781E-09 1.8361E-09 1.8953E-09 1.9567E-09 2.0202E-09 2.0864E-09 2.1547E-09
3.8109E-10 3.8972E-10 3.9968E-10 4.1222E-10 4.2827E-10 4.4494E-10 4.6078E-10 4.8007E-10 4.9397E-10 5.1006E-10 5.2573E-10 5.4130E-10 5.5571E-10 5.7017E-10 5.8500E-10 6.0099E-10 6.2208E-10 6.4541E-10 6.6705E-10 6.8886E-10 7.1133E-10 7.3481E-10 7.5902E-10 7.8289E-10 8.0667E-10 8.3126E-10 8.5580E-10 8.8211E-10 9.0887E-10 9.3698E-10 9.6562E-10 9.9525E-10 1.0254E-09 1.0576E-09 1.0908E-09 1.1243E-09 1.1588E-09 1.1955E-09 1.2335E-09 1.2718E-09 1.3123E-09 1.3543E-09 1.3972E-09 1.4420E-09 1.4883E-09 1.5362E-09 1.5858E-09 1.6369E-09 1.6903E-09 1.7449E-09 1.8014E-09 1.8602E-09 1.9204E-09 1.9834E-09 2.0478E-09 2.1144E-09 2.1837E-09
3.8410E-10 3.9281E-10 4.0287E-10 4.1688E-10 4.3256E-10 4.5048E-10 4.6734E-10 4.8538E-10 5.0016E-10 5.1519E-10 5.3194E-10 5.4658E-10 5.6100E-10 5.7563E-10 5.9065E-10 6.0836E-10 6.2969E-10 6.5191E-10 6.7385E-10 6.9628E-10 7.1938E-10 7.4320E-10 7.6739E-10 7.9124E-10 8.1534E-10 8.4026E-10 8.6514E-10 8.9181E-10 9.1894E-10 9.4744E-10 9.7648E-10 1.0065E-09 1.0371E-09 1.0697E-09 1.1034E-09 1.1374E-09 1.1724E-09 1.2097E-09 1.2482E-09 1.2870E-09 1.3282E-09 1.3707E-09 1.4142E-09 1.4602E-09 1.5067E-09 1.5553E-09 1.6060E-09 1.6579E-09 1.7116E-09 1.7676E-09 1.8248E-09 1.8840E-09 1.9450E-09 2.0089E-09 2.0743E-09 2.1419E-09 2.2123E-09
3.8708E-10 3.9587E-10 4.0757E-10 4.2318E-10 4.3783E-10 4.5585E-10 4.7291E-10 4.8964E-10 5.0592E-10 5.2143E-10 5.3700E-10 5.5182E-10 5.6624E-10 5.8105E-10 5.9625E-10 6.1493E-10 6.3802E-10 6.5981E-10 6.8164E-10 7.0395E-10 7.2736E-10 7.5117E-10 7.7534E-10 7.9950E-10 8.2392E-10 8.4916E-10 8.7438E-10 9.0185E-10 9.2889E-10 9.5778E-10 9.8721E-10 1.0177E-09 1.0491E-09 1.0822E-09 1.1159E-09 1.1503E-09 1.1863E-09 1.2241E-09 1.2626E-09 1.3020E-09 1.3437E-09 1.3869E-09 1.4315E-09 1.4776E-09 1.5248E-09 1.5741E-09 1.6255E-09 1.6782E-09 1.7326E-09 1.7893E-09 1.8474E-09 1.9074E-09 1.9693E-09 2.0341E-09 2.1012E-09 2.1696E-09 2.2403E-09
3.9003E-10 3.9889E-10 4.1114E-10 4.2695E-10 4.4384E-10 4.6142E-10 4.8101E-10 4.9544E-10 5.1080E-10 5.2744E-10 5.4246E-10 5.5684E-10 5.7142E-10 5.8641E-10 6.0179E-10 6.2220E-10 6.4555E-10 6.6694E-10 6.8863E-10 7.1153E-10 7.3494E-10 7.5873E-10 7.8321E-10 8.0766E-10 8.3239E-10 8.5796E-10 8.8396E-10 9.1132E-10 9.3872E-10 9.6798E-10 9.9780E-10 1.0287E-09 1.0606E-09 1.0940E-09 1.1282E-09 1.1631E-09 1.1996E-09 1.2378E-09 1.2769E-09 1.3168E-09 1.3591E-09 1.4028E-09 1.4481E-09 1.4948E-09 1.5431E-09 1.5931E-09 1.6447E-09 1.6981E-09 1.7538E-09 1.8107E-09 1.8696E-09 1.9309E-09 1.9937E-09 2.0588E-09 2.1268E-09 2.1962E-09 2.2678E-09
3.9294E-10 4.0304E-10 4.1666E-10 4.3195E-10 4.4987E-10 4.6744E-10 4.8563E-10 5.0152E-10 5.1649E-10 5.3251E-10 5.4726E-10 5.6180E-10 5.7655E-10 5.9171E-10 6.0802E-10 6.2941E-10 6.5161E-10 6.7328E-10 6.9556E-10 7.1874E-10 7.4213E-10 7.6621E-10 7.9097E-10 8.1572E-10 8.4119E-10 8.6664E-10 8.9297E-10 9.2067E-10 9.4842E-10 9.7805E-10 1.0082E-09 1.0395E-09 1.0718E-09 1.1057E-09 1.1403E-09 1.1756E-09 1.2126E-09 1.2514E-09 1.2910E-09 1.3314E-09 1.3747E-09 1.4185E-09 1.4643E-09 1.5117E-09 1.5606E-09 1.6112E-09 1.6636E-09 1.7181E-09 1.7740E-09 1.8318E-09 1.8914E-09 1.9535E-09 2.0171E-09 2.0831E-09 2.1519E-09 2.2222E-09 2.2948E-09
3.9582E-10 4.0601E-10 4.2031E-10 4.3731E-10 4.5499E-10 4.7320E-10 4.8963E-10 5.0599E-10 5.2131E-10 5.3726E-10 5.5218E-10 5.6670E-10 5.8162E-10 5.9695E-10 6.1495E-10 6.3656E-10 6.5907E-10 6.8132E-10 7.0313E-10 7.2586E-10 7.4922E-10 7.7358E-10 7.9898E-10 8.2367E-10 8.4944E-10 8.7519E-10 9.0185E-10 9.2988E-10 9.5797E-10 9.8797E-10 1.0185E-09 1.0502E-09 1.0829E-09 1.1172E-09 1.1522E-09 1.1880E-09 1.2255E-09 1.2647E-09 1.3048E-09 1.3462E-09 1.3896E-09 1.4340E-09 1.4803E-09 1.5283E-09 1.5779E-09 1.6291E-09 1.6821E-09 1.7373E-09 1.7939E-09 1.8524E-09 1.9128E-09 1.9757E-09 2.0407E-09 2.1075E-09 2.1765E-09 2.2477E-09 2.3211E-09
3.9866E-10 4.0937E-10 4.2516E-10 4.4253E-10 4.5947E-10 4.7949E-10 4.9486E-10 5.1030E-10 5.2730E-10 5.4222E-10 5.5686E-10 5.7155E-10 5.8663E-10 6.0212E-10 6.2107E-10 6.4292E-10 6.6500E-10 6.8752E-10 7.1021E-10 7.3321E-10 7.5685E-10 7.8117E-10 8.0686E-10 8.3151E-10 8.5756E-10 8.8362E-10 9.1059E-10 9.3895E-10 9.6738E-10 9.9773E-10 1.0287E-09 1.0607E-09 1.0938E-09 1.1285E-09 1.1640E-09 1.2002E-09 1.2381E-09 1.2778E-09 1.3184E-09 1.3603E-09 1.4042E-09 1.4491E-09 1.4960E-09 1.5446E-09 1.5947E-09 1.6466E-09 1.7002E-09 1.7561E-09 1.8134E-09 1.8726E-09 1.9342E-09 1.9973E-09 2.0632E-09 2.1308E-09 2.2006E-09 2.2726E-09 2.3476E-09
4.0146E-10 4.1431E-10 4.2934E-10 4.4836E-10 4.6643E-10 4.8436E-10 5.0067E-10 5.1597E-10 5.3160E-10 5.4687E-10 5.6149E-10 5.7633E-10 5.9158E-10 6.0723E-10 6.2640E-10 6.4999E-10 6.7228E-10 6.9363E-10 7.1690E-10 7.4048E-10 7.6408E-10 7.8867E-10 8.1430E-10 8.3922E-10 8.6556E-10 8.9192E-10 9.1919E-10 9.4787E-10 9.7663E-10 1.0073E-09 1.0386E-09 1.0710E-09 1.1045E-09 1.1396E-09 1.1755E-09 1.2121E-09 1.2505E-09 1.2906E-09 1.3317E-09 1.3741E-09 1.4185E-09 1.4639E-09 1.5114E-09 1.5605E-09 1.6113E-09 1.6637E-09 1.7180E-09 1.7745E-09 1.8324E-09 1.8928E-09 1.9546E-09 2.0185E-09 2.0851E-09 2.1535E-09 2.2240E-09 2.2969E-09 2.3727E-09
4.0422E-10 4.1812E-10 4.3501E-10 4.5163E-10 4.7147E-10 4.8871E-10 5.0483E-10 5.2021E-10 5.3648E-10 5.5145E-10 5.6605E-10 5.8105E-10 5.9645E-10 6.1227E-10 6.3313E-10 6.5695E-10 6.7883E-10 7.0072E-10 7.2349E-10 7.4702E-10 7.7087E-10 7.9572E-10 8.2161E-10 8.4680E-10 8.7342E-10 9.0006E-10 9.2764E-10 9.5663E-10 9.8572E-10 1.0172E-09 1.0484E-09 1.0811E-09 1.1150E-09 1.1505E-09 1.1868E-09 1.2238E-09 1.2626E-09 1.3032E-09 1.3447E-09 1.3877E-09 1.4326E-09 1.4785E-09 1.5265E-09 1.5761E-09 1.6274E-09 1.6805E-09 1.7353E-09 1.7925E-09 1.8510E-09 1.9121E-09 1.9745E-09 2.0391E-09 2.1064E-09 2.1756E-09 2.2469E-09 2.3205E-09 2.3972E-09
4.0737E-10 4.2141E-10 4.4019E-10 4.5700E-10 4.7709E-10 4.9338E-10 5.0912E-10 5.2597E-10 5.4067E-10 5.5580E-10 5.7054E-10 5.8569E-10 6.0125E-10 6.1798E-10 6.3905E-10 6.6241E-10 6.8453E-10 7.0696E-10 7.2996E-10 7.5345E-10 7.7790E-10 8.0300E-10 8.2879E-10 8.5424E-10 8.8114E-10 9.0806E-10 9.3593E-10 9.6523E-10 9.9463E-10 1.0264E-09 1.0580E-09 1.0911E-09 1.1253E-09 1.1612E-09 1.1978E-09 1.2353E-09 1.2745E-09 1.3155E-09 1.3575E-09 1.4009E-09 1.4463E-09 1.4927E-09 1.5412E-09 1.5913E-09 1.6432E-09 1.6968E-09 1.7522E-09 1.8100E-09 1.8692E-09 1.9308E-09 1.9940E-09 2.0592E-09 2.1272E-09 2.1971E-09 2.2691E-09 2.3435E-09 2.4209E-09
4.1211E-10 4.2535E-10 4.4465E-10 4.6306E-10 4.8169E-10 4.9884E-10 5.1376E-10 5.3013E-10 5.4542E-10 5.6008E-10 5.7497E-10 5.9026E-10 6.0598E-10 6.2288E-10 6.4491E-10 6.6850E-10 6.9014E-10 7.1280E-10 7.3604E-10 7.5977E-10 7.8445E-10 8.0945E-10 8.3584E-10 8.6154E-10 8.8870E-10 9.1590E-10 9.4406E-10 9.7365E-10 1.0034E-09 1.0350E-09 1.0673E-09 1.1008E-09 1.1354E-09 1.1716E-09 1.2087E-09 1.2465E-09 1.2861E-09 1.3276E-09 1.3700E-09 1.4138E-09 1.4596E-09 1.5065E-09 1.5555E-09 1.6062E-09 1.6586E-09 1.7127E-09 1.7687E-09 1.8270E-09 1.8868E-09 1.9491E-09 2.0128E-09 2.0792E-09 2.1474E-09 2.2179E-09 2.2907E-09 2.3658E-09 2.4439E-09
4.1493E-10 4.3116E-10 4.4929E-10 4.6794E-10 4.8573E-10 5.0276E-10 5.1840E-10 5.3449E-10 5.4948E-10 5.6429E-10 5.7932E-10 5.9476E-10 6.1063E-10 6.2920E-10 6.5140E-10 6.7453E-10 6.9712E-10 7.1926E-10 7.4201E-10 7.6627E-10 7.9088E-10 8.1612E-10 8.4240E-10 8.6870E-10 8.9611E-10 9.2358E-10 9.5202E-10 9.8190E-10 1.0119E-09 1.0439E-09 1.0765E-09 1.1103E-09 1.1452E-09 1.1818E-09 1.2192E-09 1.2574E-09 1.2974E-09 1.3393E-09 1.3821E-09 1.4264E-09 1.4727E-09 1.5200E-09 1.5695E-09 1.6207E-09 1.6736E-09 1.7282E-09 1.7847E-09 1.8436E-09 1.9040E-09 1.9668E-09 2.0312E-09 2.0982E-09 2.1670E-09 2.2381E-09 2.3116E-09 2.3874E-09 2.4662E-09
4.1798E-10 4.3480E-10 4.5306E-10 4.7351E-10 4.9038E-10 5.0673E-10 5.2295E-10 5.3852E-10 5.5366E-10 5.6842E-10 5.8359E-10 5.9918E-10 6.1519E-10 6.3394E-10 6.5637E-10 6.7973E-10 7.0254E-10 7.2552E-10 7.4878E-10 7.7235E-10 7.9718E-10 8.2265E-10 8.4916E-10 8.7570E-10 9.0293E-10 9.3109E-10 9.5979E-10 9.8995E-10 1.0203E-09 1.0525E-09 1.0855E-09 1.1196E-09 1.1548E-09 1.1918E-09 1.2295E-09 1.2681E-09 1.3085E-09 1.3508E-09 1.3940E-09 1.4387E-09 1.4854E-09 1.5332E-09 1.5831E-09 1.6347E-09 1.6881E-09 1.7432E-09 1.8003E-09 1.8597E-09 1.9206E-09 1.9840E-09 2.0489E-09 2.1165E-09 2.1859E-09 2.2577E-09 2.3318E-09 2.4082E-09 2.4877E-09
4.2057E-10 4.3896E-10 4.5841E-10 4.7759E-10 4.9552E-10 5.1133E-10 5.2765E-10 5.4231E-10 5.5759E-10 5.7248E-10 5.8779E-10 6.0351E-10 6.1968E-10 6.3934E-10 6.6195E-10 6.8482E-10 7.0816E-10 7.3134E-10 7.5451E-10 7.7861E-10 8.0300E-10 8.2903E-10 8.5577E-10 8.8254E-10 9.1001E-10 9.3843E-10 9.6693E-10 9.9782E-10 1.0284E-09 1.0610E-09 1.0942E-09 1.1286E-09 1.1642E-09 1.2015E-09 1.2396E-09 1.2785E-09 1.3192E-09 1.3619E-09 1.4055E-09 1.4506E-09 1.4977E-09 1.5459E-09 1.5963E-09 1.6484E-09 1.7022E-09 1.7578E-09 1.8153E-09 1.8752E-09 1.9366E-09 2.0006E-09 2.0660E-09 2.1342E-09 2.2042E-09 2.2765E-09 2.3512E-09 2.4282E-09 2.5084E-09
4.2392E-10 4.4352E-10 4.6301E-10 4.8156E-10 4.9939E-10 5.1475E-10 5.3124E-10 5.4664E-10 5.6144E-10 5.7646E-10 5.9190E-10 6.0777E-10 6.2407E-10 6.4391E-10 6.6822E-10 6.9125E-10 7.1335E-10 7.3675E-10 7.6012E-10 7.8442E-10 8.0903E-10 8.3527E-10 8.6222E-10 8.8922E-10 9.1692E-10 9.4558E-10 9.7433E-10 1.0055E-09 1.0363E-09 1.0692E-09 1.1027E-09 1.1374E-09 1.1733E-09 1.2109E-09 1.2493E-09 1.2886E-09 1.3297E-09 1.3727E-09 1.4167E-09 1.4616E-09 1.5096E-09 1.5583E-09 1.6091E-09 1.6616E-09 1.7158E-09 1.7719E-09 1.8299E-09 1.8903E-09 1.9521E-09 2.0166E-09 2.0826E-09 2.1507E-09 2.2218E-09 2.2947E-09 2.3699E-09 2.4475E-09 2.5275E-09
4.2931E-10 4.4769E-10 4.6819E-10 4.8583E-10 5.0326E-10 5.1957E-10 5.3475E-10 5.5029E-10 5.6521E-10 5.8036E-10 5.9593E-10 6.1193E-10 6.2838E-10 6.4986E-10 6.7433E-10 6.9614E-10 7.1917E-10 7.4203E-10 7.6592E-10 7.9010E-10 8.1491E-10 8.4136E-10 8.6818E-10 8.9572E-10 9.2365E-10 9.5210E-10 9.8154E-10 1.0129E-09 1.0440E-09 1.0771E-09 1.1110E-09 1.1459E-09 1.1821E-09 1.2200E-09 1.2588E-09 1.2984E-09 1.3398E-09 1.3831E-09 1.4275E-09 1.4728E-09 1.5212E-09 1.5702E-09 1.6214E-09 1.6743E-09 1.7290E-09 1.7855E-09 1.8439E-09 1.9047E-09 1.9671E-09 2.0315E-09 2.0985E-09 2.1671E-09 2.2387E-09 2.3121E-09 2.3879E-09 2.4660E-09 2.5466E-09
4.3233E-10 4.5179E-10 4.7248E-10 4.9024E-10 5.0658E-10 5.2316E-10 5.3881E-10 5.5403E-10 5.6890E-10 5.8417E-10 5.9987E-10 6.1601E-10 6.3259E-10 6.5425E-10 6.7893E-10 7.0168E-10 7.2414E-10 7.4718E-10 7.7127E-10 7.9564E-10 8.2064E-10 8.4728E-10 8.7430E-10 9.0159E-10 9.3020E-10 9.5887E-10 9.8855E-10 1.0197E-09 1.0515E-09 1.0849E-09 1.1190E-09 1.1542E-09 1.1902E-09 1.2289E-09 1.2679E-09 1.3079E-09 1.3496E-09 1.3933E-09 1.4379E-09 1.4836E-09 1.5319E-09 1.5817E-09 1.6333E-09 1.6866E-09 1.7412E-09 1.7986E-09 1.8574E-09 1.9181E-09 1.9814E-09 2.0463E-09 2.1137E-09 2.1828E-09 2.2548E-09 2.3288E-09 2.4050E-09 2.4837E-09 2.5647E-09
4.3680E-10 4.5650E-10 4.7616E-10 4.9431E-10 5.1079E-10 5.2656E-10 5.4217E-10 5.5752E-10 5.7250E-10 5.8790E-10 6.0372E-10 6.1999E-10 6.3745E-10 6.5926E-10 6.8341E-10 7.0634E-10 7.2898E-10 7.5220E-10 7.7647E-10 8.0102E-10 8.2621E-10 8.5271E-10 8.8026E-10 9.0775E-10 9.3655E-10 9.6544E-10 9.9534E-10 1.0268E-09 1.0588E-09 1.0924E-09 1.1267E-09 1.1623E-09 1.1985E-09 1.2374E-09 1.2768E-09 1.3170E-09 1.3586E-09 1.4030E-09 1.4480E-09 1.4940E-09 1.5426E-09 1.5928E-09 1.6443E-09 1.6984E-09 1.7534E-09 1.8111E-09 1.8704E-09 1.9315E-09 1.9952E-09 2.0604E-09 2.1283E-09 2.1979E-09 2.2696E-09 2.3447E-09 2.4214E-09 2.5005E-09 2.5820E-09
4.3993E-10 4.6103E-10 4.7906E-10 4.9736E-10 5.1409E-10 5.3062E-10 5.4581E-10 5.6093E-10 5.7602E-10 5.9154E-10 6.0748E-10 6.2387E-10 6.4146E-10 6.6344E-10 6.8777E-10 7.1088E-10 7.3369E-10 7.5709E-10 7.8153E-10 8.0626E-10 8.3163E-10 8.5831E-10 8.8568E-10 9.1372E-10 9.4227E-10 9.7181E-10 1.0019E-09 1.0336E-09 1.0658E-09 1.0992E-09 1.1342E-09 1.1700E-09 1.2065E-09 1.2453E-09 1.2853E-09 1.3258E-09 1.3677E-09 1.4124E-09 1.4577E-09 1.5041E-09 1.5530E-09 1.6035E-09 1.6553E-09 1.7097E-09 1.7650E-09 1.8227E-09 1.8822E-09 1.9443E-09 2.0078E-09 2.0740E-09 2.1417E-09 2.2122E-09 2.2843E-09 2.3598E-09 2.4362E-09 2.5164E-09 2.5984E-09
4.4229E-10 4.6527E-10 4.8324E-10 5.0073E-10 5.1807E-10 5.3371E-10 5.4928E-10 5.6425E-10 5.7945E-10 5.9508E-10 6.1115E-10 6.2766E-10 6.4538E-10 6.6826E-10 6.9274E-10 7.1529E-10 7.3827E-10 7.6213E-10 7.8612E-10 8.1134E-10 8.3688E-10 8.6338E-10 8.9128E-10 9.1949E-10 9.4824E-10 9.7797E-10 1.0083E-09 1.0401E-09 1.0726E-09 1.1062E-09 1.1415E-09 1.1775E-09 1.2142E-09 1.2532E-09 1.2936E-09 1.3343E-09 1.3764E-09 1.4210E-09 1.4671E-09 1.5137E-09 1.5629E-09 1.6137E-09 1.6658E-09 1.7201E-09 1.7762E-09 1.8342E-09 1.8941E-09 1.9564E-09 2.0203E-09 2.0868E-09 2.1549E-09 2.2258E-09 2.2983E-09 2.3734E-09 2.4509E-09 2.5315E-09 2.6132E-09
4.4605E-10 4.6835E-10 4.8656E-10 5.0376E-10 5.2114E-10 5.3689E-10 5.5241E-10 5.6748E-10 5.8279E-10 5.9853E-10 6.1471E-10 6.3134E-10 6.4919E-10 6.7222E-10 6.9687E-10 7.2030E-10 7.4272E-10 7.6673E-10 7.9088E-10 8.1627E-10 8.4164E-10 8.6863E-10 8.9669E-10 9.2474E-10 9.5399E-10 9.8392E-10 1.0144E-09 1.0460E-09 1.0792E-09 1.1130E-09 1.1484E-09 1.1847E-09 1.2217E-09 1.2609E-09 1.3014E-09 1.3425E-09 1.3848E-09 1.4297E-09 1.4760E-09 1.5229E-09 1.5724E-09 1.6235E-09 1.6758E-09 1.7304E-09 1.7863E-09 1.8451E-09 1.9053E-09 1.9675E-09 2.0322E-09 2.0990E-09 2.1675E-09 2.2386E-09 2.3115E-09 2.3870E-09 2.4648E-09 2.5451E-09 2.6277E-09
