Assets/Resources/2015_m01_d27_1900(utc+0800)_l00_csi_1hr_conc.grd
DSAA
         159         159
     -79.000      79.000
     -79.000      79.000
  0.0000E+00  0.1791E-05
[rows 25 to 49 of 159, columns 57 to 113 of 159]
2.9135E-09 3.4534E-09 4.0505E-09 4.6970E-09 5.3907E-09 6.1227E-09 6.8828E-09 7.6581E-09 8.4347E-09 9.1952E-09 9.9203E-09 1.0592E-08 1.1192E-08 1.1704E-08 1.2113E-08 1.2409E-08 1.2580E-08 1.2629E-08 1.2554E-08 1.2359E-08 1.2054E-08 1.1648E-08 1.1155E-08 1.0591E-08 9.9718E-09 9.3120E-09 8.6274E-09 7.9335E-09 7.2411E-09 6.5616E-09 5.9087E-09 5.2832E-09 4.6954E-09 4.1463E-09 3.6414E-09 3.1736E-09 2.7568E-09 2.3744E-09 2.0350E-09 1.7256E-09 1.4654E-09 1.2389E-09 1.0408E-09 8.6747E-10 7.2094E-10 5.9545E-10 4.8972E-10 3.9861E-10 3.2063E-10 2.5250E-10 1.9657E-10 1.5012E-10 1.0937E-10 8.3477E-11 5.6997E-11 3.4744E-11 1.6574E-11
2.9980E-09 3.5754E-09 4.2134E-09 4.9098E-09 5.6577E-09 6.4473E-09 7.2670E-09 8.1048E-09 8.9435E-09 9.7651E-09 1.0550E-08 1.1275E-08 1.1920E-08 1.2463E-08 1.2896E-08 1.3202E-08 1.3373E-08 1.3406E-08 1.3303E-08 1.3068E-08 1.2712E-08 1.2249E-08 1.1694E-08 1.1066E-08 1.0382E-08 9.6588E-09 8.9146E-09 8.1658E-09 7.4230E-09 6.7000E-09 6.0031E-09 5.3477E-09 4.7292E-09 4.1597E-09 3.6368E-09 3.1645E-09 2.7284E-09 2.3485E-09 1.9982E-09 1.6926E-09 1.4318E-09 1.2048E-09 1.0105E-09 8.4135E-10 6.9824E-10 5.7443E-10 4.6872E-10 3.7996E-10 3.0222E-10 2.3878E-10 1.8629E-10 1.4089E-10 1.0275E-10 7.8600E-11 5.3308E-11 3.1599E-11 1.4033E-11
3.0858E-09 3.7008E-09 4.3849E-09 5.1348E-09 5.9425E-09 6.7989E-09 7.6890E-09 8.5989E-09 9.5072E-09 1.0394E-08 1.1242E-08 1.2026E-08 1.2721E-08 1.3306E-08 1.3764E-08 1.4080E-08 1.4244E-08 1.4259E-08 1.4123E-08 1.3843E-08 1.3432E-08 1.2904E-08 1.2279E-08 1.1578E-08 1.0819E-08 1.0024E-08 9.2128E-09 8.4004E-09 7.6006E-09 6.8292E-09 6.0948E-09 5.4007E-09 4.7592E-09 4.1634E-09 3.6242E-09 3.1359E-09 2.7007E-09 2.3057E-09 1.9552E-09 1.6534E-09 1.3923E-09 1.1689E-09 9.7524E-10 8.0850E-10 6.6748E-10 5.4645E-10 4.4371E-10 3.5715E-10 2.8379E-10 2.2430E-10 1.7423E-10 1.3103E-10 9.6135E-11 7.3298E-11 4.9445E-11 2.7572E-11 1.0196E-11
3.1756E-09 3.8296E-09 4.5622E-09 5.3707E-09 6.2444E-09 7.1714E-09 8.1394E-09 9.1271E-09 1.0115E-08 1.1079E-08 1.1993E-08 1.2840E-08 1.3581E-08 1.4210E-08 1.4696E-08 1.5025E-08 1.5187E-08 1.5177E-08 1.5002E-08 1.4668E-08 1.4192E-08 1.3593E-08 1.2892E-08 1.2111E-08 1.1271E-08 1.0398E-08 9.5131E-09 8.6361E-09 7.7787E-09 6.9535E-09 6.1736E-09 5.4466E-09 4.7704E-09 4.1588E-09 3.6010E-09 3.1015E-09 2.6581E-09 2.2559E-09 1.9021E-09 1.6068E-09 1.3500E-09 1.1246E-09 9.3407E-10 7.7080E-10 6.3333E-10 5.1623E-10 4.1639E-10 3.3386E-10 2.6535E-10 2.0859E-10 1.6185E-10 1.2099E-10 8.9122E-11 6.7770E-11 4.5331E-11 2.3484E-11 4.2975E-12
3.2679E-09 3.9598E-09 4.7435E-09 5.6132E-09 6.5597E-09 7.5680E-09 8.6214E-09 9.6970E-09 1.0774E-08 1.1820E-08 1.2818E-08 1.3732E-08 1.4538E-08 1.5210E-08 1.5722E-08 1.6062E-08 1.6213E-08 1.6179E-08 1.5960E-08 1.5568E-08 1.5018E-08 1.4334E-08 1.3542E-08 1.2670E-08 1.1744E-08 1.0786E-08 9.8185E-09 8.8645E-09 7.9434E-09 7.0673E-09 6.2436E-09 5.4778E-09 4.7769E-09 4.1381E-09 3.5664E-09 3.0521E-09 2.6029E-09 2.2031E-09 1.8446E-09 1.5520E-09 1.3020E-09 1.0799E-09 8.9308E-10 7.2989E-10 5.9784E-10 4.8473E-10 3.8786E-10 3.1199E-10 2.4627E-10 1.9270E-10 1.4895E-10 1.1172E-10 8.1591E-11 6.2102E-11 4.0554E-11 1.3405E-11 9.6320E-13
3.3604E-09 4.0918E-09 4.9281E-09 5.8619E-09 6.8849E-09 7.9765E-09 9.1225E-09 1.0297E-08 1.1472E-08 1.2618E-08 1.3704E-08 1.4692E-08 1.5556E-08 1.6272E-08 1.6816E-08 1.7166E-08 1.7308E-08 1.7244E-08 1.6974E-08 1.6512E-08 1.5884E-08 1.5112E-08 1.4224E-08 1.3249E-08 1.2220E-08 1.1169E-08 1.0121E-08 9.0925E-09 8.1015E-09 7.1653E-09 6.2957E-09 5.4910E-09 4.7621E-09 4.1017E-09 3.5169E-09 2.9924E-09 2.5402E-09 2.1303E-09 1.7826E-09 1.4953E-09 1.2455E-09 1.0313E-09 8.4926E-10 6.9184E-10 5.6255E-10 4.5069E-10 3.6095E-10 2.8865E-10 2.2779E-10 1.7726E-10 1.3570E-10 1.0253E-10 7.4378E-11 5.6383E-11 3.0189E-11 6.1179E-12 0.0000E+00
3.4532E-09 4.2256E-09 5.1121E-09 6.1099E-09 7.2092E-09 8.3957E-09 9.6435E-09 1.0926E-08 1.2203E-08 1.3455E-08 1.4640E-08 1.5720E-08 1.6661E-08 1.7429E-08 1.8004E-08 1.8354E-08 1.8481E-08 1.8378E-08 1.8052E-08 1.7517E-08 1.6796E-08 1.5919E-08 1.4924E-08 1.3844E-08 1.2712E-08 1.1555E-08 1.0411E-08 9.3027E-09 8.2430E-09 7.2468E-09 6.3279E-09 5.4912E-09 4.7276E-09 4.0527E-09 3.4499E-09 2.9198E-09 2.4619E-09 2.0446E-09 1.7171E-09 1.4329E-09 1.1836E-09 9.7515E-10 7.9807E-10 6.4689E-10 5.2290E-10 4.1683E-10 3.3299E-10 2.6500E-10 2.0801E-10 1.6157E-10 1.2311E-10 9.3029E-11 6.7156E-11 4.8529E-11 1.7425E-11 1.6042E-12 0.0000E+00
3.5453E-09 4.3571E-09 5.2922E-09 6.3539E-09 7.5330E-09 8.8115E-09 1.0167E-08 1.1567E-08 1.2975E-08 1.4349E-08 1.5642E-08 1.6822E-08 1.7837E-08 1.8669E-08 1.9275E-08 1.9639E-08 1.9748E-08 1.9600E-08 1.9208E-08 1.8582E-08 1.7762E-08 1.6773E-08 1.5655E-08 1.4449E-08 1.3200E-08 1.1940E-08 1.0697E-08 9.4937E-09 8.3624E-09 7.3075E-09 6.3383E-09 5.4589E-09 4.6780E-09 3.9797E-09 3.3673E-09 2.8319E-09 2.3618E-09 1.9614E-09 1.6410E-09 1.3605E-09 1.1215E-09 9.1491E-10 7.4399E-10 5.9993E-10 4.8295E-10 3.8377E-10 3.0467E-10 2.4141E-10 1.8790E-10 1.4580E-10 1.1119E-10 8.2658E-11 5.9705E-11 3.1538E-11 8.3153E-12 2.1925E-13 0.0000E+00
3.6304E-09 4.4805E-09 5.4654E-09 6.5907E-09 7.8470E-09 9.2210E-09 1.0691E-08 1.2215E-08 1.3750E-08 1.5252E-08 1.6674E-08 1.7968E-08 1.9083E-08 1.9982E-08 2.0627E-08 2.1000E-08 2.1085E-08 2.0888E-08 2.0413E-08 1.9689E-08 1.8752E-08 1.7638E-08 1.6393E-08 1.5060E-08 1.3679E-08 1.2298E-08 1.0954E-08 9.6646E-09 8.4488E-09 7.3346E-09 6.3183E-09 5.4088E-09 4.6004E-09 3.8895E-09 3.2677E-09 2.7277E-09 2.2530E-09 1.8695E-09 1.5561E-09 1.2876E-09 1.0557E-09 8.5617E-10 6.8858E-10 5.5245E-10 4.4308E-10 3.5021E-10 2.7634E-10 2.1799E-10 1.6878E-10 1.3094E-10 9.8660E-11 7.2203E-11 4.4348E-11 1.7252E-11 2.7006E-12 0.0000E+00 0.0000E+00
3.7099E-09 4.5928E-09 5.6274E-09 6.8123E-09 8.1471E-09 9.6192E-09 1.1197E-08 1.2846E-08 1.4525E-08 1.6180E-08 1.7753E-08 1.9170E-08 2.0392E-08 2.1368E-08 2.2066E-08 2.2451E-08 2.2514E-08 2.2261E-08 2.1697E-08 2.0864E-08 1.9790E-08 1.8533E-08 1.7137E-08 1.5660E-08 1.4150E-08 1.2642E-08 1.1176E-08 9.7959E-09 8.5098E-09 7.3274E-09 6.2691E-09 5.3268E-09 4.4963E-09 3.7761E-09 3.1500E-09 2.6011E-09 2.1325E-09 1.7689E-09 1.4642E-09 1.2047E-09 9.8171E-10 7.9235E-10 6.3777E-10 5.0696E-10 4.0320E-10 3.1738E-10 2.4851E-10 1.9488E-10 1.5051E-10 1.1692E-10 8.6243E-11 5.8350E-11 2.7135E-11 6.6250E-12 8.3004E-13 0.0000E+00 0.0000E+00
3.7676E-09 4.6866E-09 5.7653E-09 7.0098E-09 8.4237E-09 9.9847E-09 1.1676E-08 1.3465E-08 1.5293E-08 1.7104E-08 1.8824E-08 2.0390E-08 2.1740E-08 2.2810E-08 2.3567E-08 2.3957E-08 2.4003E-08 2.3683E-08 2.3030E-08 2.2074E-08 2.0859E-08 1.9446E-08 1.7888E-08 1.6250E-08 1.4585E-08 1.2948E-08 1.1374E-08 9.8853E-09 8.5228E-09 7.2871E-09 6.1842E-09 5.2121E-09 4.3707E-09 3.6387E-09 3.0104E-09 2.4479E-09 2.0096E-09 1.6656E-09 1.3713E-09 1.1180E-09 9.0578E-10 7.2721E-10 5.8326E-10 4.6110E-10 3.6344E-10 2.8366E-10 2.2114E-10 1.7151E-10 1.3343E-10 1.0060E-10 6.9541E-11 4.0265E-11 1.3179E-11 3.6786E-12 0.0000E+00 0.0000E+00 0.0000E+00
3.8021E-09 4.7547E-09 5.8760E-09 7.1824E-09 8.6635E-09 1.0320E-08 1.2132E-08 1.4054E-08 1.6029E-08 1.7998E-08 1.9887E-08 2.1619E-08 2.3109E-08 2.4300E-08 2.5125E-08 2.5559E-08 2.5585E-08 2.5197E-08 2.4436E-08 2.3330E-08 2.1955E-08 2.0364E-08 1.8631E-08 1.6823E-08 1.4998E-08 1.3213E-08 1.1519E-08 9.9426E-09 8.4937E-09 7.2047E-09 6.0591E-09 5.0685E-09 4.2134E-09 3.4806E-09 2.8488E-09 2.2899E-09 1.8827E-09 1.5509E-09 1.2698E-09 1.0334E-09 8.2927E-10 6.6142E-10 5.2787E-10 4.1367E-10 3.2416E-10 2.5033E-10 1.9486E-10 1.4938E-10 1.1680E-10 8.3080E-11 4.9890E-11 2.1622E-11 6.6302E-12 1.4106E-12 0.0000E+00 0.0000E+00 0.0000E+00
3.8094E-09 4.7857E-09 5.9491E-09 7.3047E-09 8.8591E-09 1.0614E-08 1.2535E-08 1.4585E-08 1.6718E-08 1.8867E-08 2.0944E-08 2.2858E-08 2.4513E-08 2.5840E-08 2.6751E-08 2.7228E-08 2.7221E-08 2.6774E-08 2.5898E-08 2.4649E-08 2.3094E-08 2.1305E-08 1.9368E-08 1.7362E-08 1.5368E-08 1.3435E-08 1.1607E-08 9.9290E-09 8.4162E-09 7.0670E-09 5.8987E-09 4.8901E-09 4.0291E-09 3.3010E-09 2.6625E-09 2.1279E-09 1.7487E-09 1.4325E-09 1.1665E-09 9.4494E-10 7.5499E-10 5.9569E-10 4.7235E-10 3.6699E-10 2.8519E-10 2.1822E-10 1.6866E-10 1.2931E-10 9.7087E-11 6.0816E-11 3.1271E-11 9.1319E-12 3.8056E-12 6.9039E-15 0.0000E+00 0.0000E+00 0.0000E+00
3.7743E-09 4.7756E-09 5.9738E-09 7.3780E-09 9.0086E-09 1.0844E-08 1.2873E-08 1.5069E-08 1.7374E-08 1.9703E-08 2.1971E-08 2.4070E-08 2.5915E-08 2.7392E-08 2.8428E-08 2.8960E-08 2.8958E-08 2.8440E-08 2.7424E-08 2.6002E-08 2.4237E-08 2.2236E-08 2.0085E-08 1.7876E-08 1.5685E-08 1.3590E-08 1.1640E-08 9.8574E-09 8.2769E-09 6.8928E-09 5.6973E-09 4.6816E-09 3.8292E-09 3.0856E-09 2.4719E-09 1.9750E-09 1.6132E-09 1.3123E-09 1.0622E-09 8.5552E-10 6.8062E-10 5.3135E-10 4.1713E-10 3.2192E-10 2.4755E-10 1.8774E-10 1.4192E-10 1.0761E-10 7.2891E-11 3.8150E-11 1.3034E-11 5.8421E-12 1.3590E-12 0.0000E+00 0.0000E+00 0.0000E+00 0.0000E+00
3.7033E-09 4.7235E-09 5.9427E-09 7.3920E-09 9.0796E-09 1.1000E-08 1.3148E-08 1.5485E-08 1.7948E-08 2.0468E-08 2.2954E-08 2.5280E-08 2.7330E-08 2.8976E-08 3.0137E-08 3.0723E-08 3.0730E-08 3.0139E-08 2.9001E-08 2.7389E-08 2.5401E-08 2.3156E-08 2.0759E-08 1.8327E-08 1.5939E-08 1.3676E-08 1.1593E-08 9.7239E-09 8.0750E-09 6.6580E-09 5.4516E-09 4.4400E-09 3.5965E-09 2.8688E-09 2.2657E-09 1.8182E-09 1.4751E-09 1.1920E-09 9.5876E-10 7.6709E-10 6.0501E-10 4.6915E-10 3.6341E-10 2.7897E-10 2.1090E-10 1.5808E-10 1.1499E-10 8.4544E-11 4.8773E-11 1.9340E-11 7.6216E-12 3.0616E-12 1.1993E-13 0.0000E+00 0.0000E+00 0.0000E+00 0.0000E+00
3.5883E-09 4.6127E-09 5.8502E-09 7.3359E-09 9.0736E-09 1.1079E-08 1.3336E-08 1.5810E-08 1.8460E-08 2.1199E-08 2.3911E-08 2.6470E-08 2.8734E-08 3.0586E-08 3.1900E-08 3.2578E-08 3.2587E-08 3.1912E-08 3.0628E-08 2.8804E-08 2.6570E-08 2.4050E-08 2.1389E-08 1.8706E-08 1.6110E-08 1.3683E-08 1.1470E-08 9.5156E-09 7.8215E-09 6.3814E-09 5.1765E-09 4.1765E-09 3.3453E-09 2.6423E-09 2.0761E-09 1.6577E-09 1.3369E-09 1.0732E-09 8.5975E-10 6.8078E-10 5.3105E-10 4.0901E-10 3.1241E-10 2.3921E-10 1.7267E-10 1.2669E-10 8.9438E-11 5.9800E-11 2.5442E-11 9.0731E-12 4.5185E-12 9.7148E-13 0.0000E+00 0.0000E+00 0.0000E+00 0.0000E+00 0.0000E+00
3.4380E-09 4.4527E-09 5.7017E-09 7.2042E-09 8.9860E-09 1.1058E-08 1.3418E-08 1.6044E-08 1.8877E-08 2.1825E-08 2.4776E-08 2.7596E-08 3.0117E-08 3.2189E-08 3.3654E-08 3.4436E-08 3.4446E-08 3.3697E-08 3.2245E-08 3.0192E-08 2.7687E-08 2.4883E-08 2.1941E-08 1.9002E-08 1.6195E-08 1.3598E-08 1.1271E-08 9.2342E-09 7.5031E-09 6.0527E-09 4.8601E-09 3.8796E-09 3.0787E-09 2.3908E-09 1.8911E-09 1.4969E-09 1.1997E-09 9.5721E-10 7.6301E-10 5.9766E-10 4.6049E-10 3.5257E-10 2.6592E-10 2.0054E-10 1.3702E-10 9.5692E-11 6.5173E-11 3.6313E-11 1.0159E-11 5.6454E-12 1.9424E-12 6.0676E-14 0.0000E+00 0.0000E+00 0.0000E+00 0.0000E+00 0.0000E+00
3.2430E-09 4.2378E-09 5.4817E-09 6.9864E-09 8.7980E-09 1.0932E-08 1.3398E-08 1.6166E-08 1.9174E-08 2.2349E-08 2.5563E-08 2.8662E-08 3.1460E-08 3.3764E-08 3.5416E-08 3.6287E-08 3.6298E-08 3.5484E-08 3.3853E-08 3.1554E-08 2.8751E-08 2.5637E-08 2.2395E-08 1.9196E-08 1.6171E-08 1.3414E-08 1.0980E-08 8.8917E-09 7.1389E-09 5.6943E-09 4.5255E-09 3.5754E-09 2.7921E-09 2.1577E-09 1.7072E-09 1.3397E-09 1.0660E-09 8.4618E-10 6.7055E-10 5.1927E-10 3.9612E-10 2.9859E-10 2.2576E-10 1.5533E-10 1.0589E-10 6.7711E-11 4.3351E-11 1.4682E-11 6.5409E-12 2.8603E-12 4.7454E-13 0.0000E+00 0.0000E+00 0.0000E+00 0.0000E+00 0.0000E+00 0.0000E+00
3.0087E-09 3.9771E-09 5.1935E-09 6.6858E-09 8.5129E-09 1.0696E-08 1.3246E-08 1.6142E-08 1.9345E-08 2.2763E-08 2.6248E-08 2.9627E-08 3.2703E-08 3.5276E-08 3.7143E-08 3.8118E-08 3.8144E-08 3.7201E-08 3.5371E-08 3.2819E-08 2.9716E-08 2.6282E-08 2.2738E-08 1.9278E-08 1.6048E-08 1.3146E-08 1.0619E-08 8.4882E-09 6.7209E-09 5.3014E-09 4.1624E-09 3.2550E-09 2.5011E-09 1.9354E-09 1.5200E-09 1.1882E-09 9.3741E-10 7.4199E-10 5.8427E-10 4.4505E-10 3.3908E-10 2.4314E-10 1.8641E-10 1.0989E-10 7.5299E-11 4.4111E-11 2.5185E-11 7.0567E-12 3.4790E-12 9.5585E-13 0.0000E+00 0.0000E+00 0.0000E+00 0.0000E+00 0.0000E+00 0.0000E+00 0.0000E+00
2.7377E-09 3.6635E-09 4.8341E-09 6.3015E-09 8.1173E-09 1.0323E-08 1.2938E-08 1.5967E-08 1.9355E-08 2.3000E-08 2.6774E-08 3.0470E-08 3.3856E-08 3.6690E-08 3.8745E-08 3.9853E-08 3.9909E-08 3.8864E-08 3.6836E-08 3.3990E-08 3.0556E-08 2.6801E-08 2.2956E-08 1.9234E-08 1.5807E-08 1.2773E-08 1.0178E-08 8.0189E-09 6.2733E-09 4.8801E-09 3.7841E-09 2.9292E-09 2.2268E-09 1.7196E-09 1.3286E-09 1.0402E-09 8.1466E-10 6.4477E-10 5.0345E-10 3.7248E-10 2.8522E-10 2.0156E-10 1.4053E-10 7.9764E-11 4.8261E-11 2.7124E-11 1.1254E-11 3.8834E-12 1.3507E-12 1.0750E-13 0.0000E+00 0.0000E+00 0.0000E+00 0.0000E+00 0.0000E+00 0.0000E+00 0.0000E+00
2.4311E-09 3.3117E-09 4.4242E-09 5.8439E-09 7.6254E-09 9.8301E-09 1.2496E-08 1.5624E-08 1.9166E-08 2.3056E-08 2.7126E-08 3.1158E-08 3.4897E-08 3.8049E-08 4.0341E-08 4.1569E-08 4.1609E-08 4.0461E-08 3.8217E-08 3.5065E-08 3.1281E-08 2.7165E-08 2.3021E-08 1.9055E-08 1.5448E-08 1.2306E-08 9.6599E-09 7.5101E-09 5.7924E-09 4.4410E-09 3.3861E-09 2.5689E-09 1.9631E-09 1.4975E-09 1.1533E-09 8.9724E-10 7.0025E-10 5.5463E-10 4.2509E-10 3.1590E-10 2.1972E-10 1.6260E-10 8.4541E-11 5.4998E-11 2.8360E-11 1.7131E-11 4.4236E-12 1.6743E-12 2.7315E-13 0.0000E+00 0.0000E+00 0.0000E+00 0.0000E+00 0.0000E+00 0.0000E+00 0.0000E+00 0.0000E+00
2.0940E-09 2.9215E-09 3.9716E-09 5.3148E-09 7.0403E-09 9.2199E-09 1.1897E-08 1.5086E-08 1.8794E-08 2.2915E-08 2.7278E-08 3.1652E-08 3.5743E-08 3.9229E-08 4.1795E-08 4.3182E-08 4.3227E-08 4.1937E-08 3.9443E-08 3.5975E-08 3.1842E-08 2.7383E-08 2.2912E-08 1.8719E-08 1.4958E-08 1.1730E-08 9.0688E-09 6.9325E-09 5.2739E-09 3.9811E-09 2.9927E-09 2.2483E-09 1.6931E-09 1.2839E-09 9.8756E-10 7.6253E-10 5.9617E-10 4.7122E-10 3.4015E-10 2.5871E-10 1.7055E-10 1.1707E-10 5.7123E-11 3.7144E-11 1.8290E-11 1.0625E-11 1.8180E-12 4.1258E-13 0.0000E+00 0.0000E+00 0.0000E+00 0.0000E+00 0.0000E+00 0.0000E+00 0.0000E+00 0.0000E+00 0.0000E+00
1.7813E-09 2.5088E-09 3.4908E-09 4.7503E-09 6.4016E-09 8.5159E-09 1.1164E-08 1.4411E-08 1.8233E-08 2.2547E-08 2.7198E-08 3.1939E-08 3.6414E-08 4.0255E-08 4.3106E-08 4.4654E-08 4.4732E-08 4.3327E-08 4.0549E-08 3.6726E-08 3.2210E-08 2.7400E-08 2.2645E-08 1.8227E-08 1.4350E-08 1.1079E-08 8.4228E-09 6.3411E-09 4.7349E-09 3.5199E-09 2.5870E-09 1.9331E-09 1.4353E-09 1.0904E-09 8.3053E-10 6.3574E-10 4.9919E-10 3.8588E-10 2.7305E-10 1.8493E-10 1.2825E-10 6.5133E-11 3.9340E-11 2.0577E-11 1.2438E-11 3.3530E-12 4.7899E-13 0.0000E+00 0.0000E+00 0.0000E+00 0.0000E+00 0.0000E+00 0.0000E+00 0.0000E+00 0.0000E+00 0.0000E+00 0.0000E+00
1.4815E-09 2.0992E-09 2.9804E-09 4.1548E-09 5.7005E-09 7.7215E-09 1.0331E-08 1.3577E-08 1.7466E-08 2.1968E-08 2.6913E-08 3.2007E-08 3.6884E-08 4.1117E-08 4.4264E-08 4.5984E-08 4.6067E-08 4.4502E-08 4.1462E-08 3.7280E-08 3.2378E-08 2.7205E-08 2.2176E-08 1.7593E-08 1.3616E-08 1.0342E-08 7.7299E-09 5.7234E-09 4.1925E-09 3.0381E-09 2.2112E-09 1.6206E-09 1.1953E-09 9.0583E-10 6.8332E-10 5.1780E-10 4.0457E-10 2.8549E-10 2.0465E-10 1.3036E-10 8.9973E-11 4.0105E-11 2.6433E-11 1.3241E-11 6.8718E-12 4.7458E-13 0.0000E+00 0.0000E+00 0.0000E+00 0.0000E+00 0.0000E+00 0.0000E+00 0.0000E+00 0.0000E+00 0.0000E+00 0.0000E+00 0.0000E+00
1.2018E-09 1.7289E-09 2.4826E-09 3.5686E-09 4.9911E-09 6.9087E-09 9.4261E-09 1.2624E-08 1.6574E-08 2.1220E-08 2.6396E-08 3.1816E-08 3.7084E-08 4.1693E-08 4.5158E-08 4.7069E-08 4.7180E-08 4.5446E-08 4.2104E-08 3.7554E-08 3.2283E-08 2.6808E-08 2.1540E-08 1.6806E-08 1.2790E-08 9.5264E-09 7.0061E-09 5.0788E-09 3.6470E-09 2.5798E-09 1.8449E-09 1.3235E-09 9.7962E-10 7.3661E-10 5.4567E-10 4.0981E-10 3.0646E-10 2.1438E-10 1.3438E-10 9.1646E-11 4.6315E-11 2.7812E-11 1.6565E-11 8.2495E-12 2.0503E-12 0.0000E+00 0.0000E+00 0.0000E+00 0.0000E+00 0.0000E+00 0.0000E+00 0.0000E+00 0.0000E+00 0.0000E+00 0.0000E+00 0.0000E+00 0.0000E+00
