Assets/Resources/2015_m01_d13_2300(utc+0800)_l00_csi_1hr_conc.grd
DSAA
         159         159
     -79.000      79.000
     -79.000      79.000
  0.0000E+00  0.5401E-04
[rows 50 to 74 of 159, columns 0 to 56 of 159]
6.1862E-09 6.5659E-09 6.9651E-09 7.3787E-09 7.8054E-09 8.2464E-09 8.7004E-09 9.1587E-09 9.6201E-09 1.0079E-08 1.0531E-08 1.0971E-08 1.1385E-08 1.1767E-08 1.2103E-08 1.2384E-08 1.2600E-08 1.2734E-08 1.2777E-08 1.2717E-08 1.2548E-08 1.2273E-08 1.1899E-08 1.1436E-08 1.0903E-08 1.0316E-08 9.7168E-09 9.1687E-09 8.6760E-09 8.2459E-09 7.9005E-09 7.5803E-09 7.4463E-09 7.2803E-09 7.0927E-09 6.8866E-09 6.6605E-09 6.4180E-09 6.1696E-09 5.9123E-09 5.6453E-09 5.3768E-09 5.1105E-09 4.8440E-09 4.5751E-09 4.3074E-09 4.0409E-09 3.7717E-09 3.4967E-09 3.2186E-09 2.9442E-09 2.6781E-09 2.4245E-09 2.1855E-09 1.9561E-09 1.7441E-09 1.5371E-09
6.3741E-09 6.7726E-09 7.1902E-09 7.6223E-09 8.0713E-09 8.5337E-09 9.0105E-09 9.4919E-09 9.9754E-09 1.0458E-08 1.0933E-08 1.1389E-08 1.1820E-08 1.2212E-08 1.2553E-08 1.2836E-08 1.3043E-08 1.3159E-08 1.3172E-08 1.3074E-08 1.2862E-08 1.2541E-08 1.2116E-08 1.1605E-08 1.1036E-08 1.0420E-08 9.8445E-09 9.2991E-09 8.8285E-09 8.4704E-09 8.1467E-09 7.9839E-09 7.8554E-09 7.6979E-09 7.5252E-09 7.3238E-09 7.1052E-09 6.8753E-09 6.6299E-09 6.3727E-09 6.1174E-09 5.8601E-09 5.5949E-09 5.3273E-09 5.0625E-09 4.7942E-09 4.5206E-09 4.2395E-09 3.9557E-09 3.6702E-09 3.3851E-09 3.1036E-09 2.8314E-09 2.5745E-09 2.3333E-09 2.1014E-09 1.8719E-09
6.5551E-09 6.9722E-09 7.4069E-09 7.8582E-09 8.3278E-09 8.8117E-09 9.3101E-09 9.8127E-09 1.0319E-08 1.0821E-08 1.1315E-08 1.1789E-08 1.2231E-08 1.2628E-08 1.2973E-08 1.3248E-08 1.3437E-08 1.3526E-08 1.3502E-08 1.3358E-08 1.3098E-08 1.2723E-08 1.2246E-08 1.1692E-08 1.1085E-08 1.0470E-08 9.8893E-09 9.4010E-09 9.0123E-09 8.7033E-09 8.4706E-09 8.3828E-09 8.2663E-09 8.1233E-09 7.9629E-09 7.7751E-09 7.5708E-09 7.3466E-09 7.1098E-09 6.8719E-09 6.6268E-09 6.3685E-09 6.1133E-09 5.8533E-09 5.5851E-09 5.3101E-09 5.0339E-09 4.7491E-09 4.4557E-09 4.1562E-09 3.8593E-09 3.5648E-09 3.2757E-09 2.9977E-09 2.7341E-09 2.4839E-09 2.2353E-09
6.7282E-09 7.1614E-09 7.6123E-09 8.0834E-09 8.5719E-09 9.0757E-09 9.5945E-09 1.0118E-08 1.0643E-08 1.1163E-08 1.1675E-08 1.2160E-08 1.2607E-08 1.3008E-08 1.3347E-08 1.3605E-08 1.3768E-08 1.3819E-08 1.3747E-08 1.3553E-08 1.3236E-08 1.2803E-08 1.2276E-08 1.1672E-08 1.1061E-08 1.0456E-08 9.9357E-09 9.4938E-09 9.1700E-09 8.9124E-09 8.8507E-09 8.7780E-09 8.6788E-09 8.5502E-09 8.4095E-09 8.2383E-09 8.0445E-09 7.8374E-09 7.6235E-09 7.3976E-09 7.1594E-09 6.9221E-09 6.6753E-09 6.4163E-09 6.1540E-09 5.8845E-09 5.6055E-09 5.3151E-09 5.0188E-09 4.7142E-09 4.4044E-09 4.0954E-09 3.7925E-09 3.4975E-09 3.2128E-09 2.9346E-09 2.6580E-09
6.8896E-09 7.3376E-09 7.8045E-09 8.2934E-09 8.8002E-09 9.3214E-09 9.8592E-09 1.0401E-08 1.0942E-08 1.1477E-08 1.2001E-08 1.2490E-08 1.2939E-08 1.3335E-08 1.3656E-08 1.3890E-08 1.4014E-08 1.4017E-08 1.3892E-08 1.3638E-08 1.3258E-08 1.2768E-08 1.2199E-08 1.1583E-08 1.0964E-08 1.0396E-08 9.9379E-09 9.5882E-09 9.3329E-09 9.2448E-09 9.2204E-09 9.1684E-09 9.0870E-09 8.9795E-09 8.8599E-09 8.7046E-09 8.5338E-09 8.3521E-09 8.1549E-09 7.9469E-09 7.7342E-09 7.5089E-09 7.2726E-09 7.0298E-09 6.7762E-09 6.5103E-09 6.2383E-09 5.9529E-09 5.6532E-09 5.3456E-09 5.0305E-09 4.7106E-09 4.3881E-09 4.0715E-09 3.7633E-09 3.4584E-09 3.1529E-09
7.0373E-09 7.4979E-09 7.9806E-09 8.4844E-09 9.0072E-09 9.5446E-09 1.0098E-08 1.0653E-08 1.1207E-08 1.1752E-08 1.2280E-08 1.2769E-08 1.3213E-08 1.3590E-08 1.3887E-08 1.4081E-08 1.4155E-08 1.4100E-08 1.3913E-08 1.3593E-08 1.3148E-08 1.2609E-08 1.2001E-08 1.1373E-08 1.0802E-08 1.0298E-08 9.9418E-09 9.7085E-09 9.5536E-09 9.5800E-09 9.5795E-09 9.5483E-09 9.4895E-09 9.4057E-09 9.3077E-09 9.1793E-09 9.0365E-09 8.8781E-09 8.7071E-09 8.5280E-09 8.3342E-09 8.1305E-09 7.9164E-09 7.6886E-09 7.4490E-09 7.2005E-09 6.9373E-09 6.6586E-09 6.3679E-09 6.0616E-09 5.7404E-09 5.4090E-09 5.0728E-09 4.7380E-09 4.4062E-09 4.0729E-09 3.7345E-09
7.1667E-09 7.6389E-09 8.1353E-09 8.6525E-09 9.1874E-09 9.7379E-09 1.0303E-08 1.0868E-08 1.1429E-08 1.1977E-08 1.2502E-08 1.2982E-08 1.3408E-08 1.3758E-08 1.4015E-08 1.4157E-08 1.4170E-08 1.4049E-08 1.3791E-08 1.3400E-08 1.2900E-08 1.2308E-08 1.1703E-08 1.1103E-08 1.0600E-08 1.0196E-08 9.9652E-09 9.7686E-09 9.8477E-09 9.8993E-09 9.9213E-09 9.9147E-09 9.8828E-09 9.8222E-09 9.7549E-09 9.6592E-09 9.5400E-09 9.4179E-09 9.2808E-09 9.1275E-09 8.9647E-09 8.7893E-09 8.5979E-09 8.3952E-09 8.1809E-09 7.9483E-09 7.7043E-09 7.4435E-09 7.1612E-09 6.8601E-09 6.5410E-09 6.2057E-09 5.8594E-09 5.5079E-09 5.1618E-09 4.8077E-09 4.4435E-09
7.2752E-09 7.7573E-09 8.2641E-09 8.7913E-09 9.3359E-09 9.8940E-09 1.0467E-08 1.1036E-08 1.1597E-08 1.2139E-08 1.2652E-08 1.3112E-08 1.3507E-08 1.3817E-08 1.4019E-08 1.4096E-08 1.4038E-08 1.3843E-08 1.3510E-08 1.3055E-08 1.2511E-08 1.1899E-08 1.1321E-08 1.0786E-08 1.0382E-08 1.0114E-08 9.9750E-09 1.0015E-08 1.0118E-08 1.0194E-08 1.0243E-08 1.0265E-08 1.0259E-08 1.0229E-08 1.0199E-08 1.0132E-08 1.0050E-08 9.9699E-09 9.8647E-09 9.7500E-09 9.6220E-09 9.4768E-09 9.3208E-09 9.1510E-09 8.9616E-09 8.7607E-09 8.5416E-09 8.2998E-09 8.0363E-09 7.7504E-09 7.4403E-09 7.1076E-09 6.7694E-09 6.4161E-09 6.0499E-09 5.6632E-09 5.2617E-09
7.3587E-09 7.8485E-09 8.3613E-09 8.8949E-09 9.4444E-09 1.0005E-08 1.0578E-08 1.1144E-08 1.1696E-08 1.2222E-08 1.2711E-08 1.3140E-08 1.3491E-08 1.3743E-08 1.3877E-08 1.3878E-08 1.3740E-08 1.3467E-08 1.3064E-08 1.2559E-08 1.1986E-08 1.1402E-08 1.0863E-08 1.0451E-08 1.0191E-08 1.0013E-08 1.0078E-08 1.0230E-08 1.0360E-08 1.0464E-08 1.0540E-08 1.0592E-08 1.0616E-08 1.0623E-08 1.0630E-08 1.0600E-08 1.0562E-08 1.0523E-08 1.0461E-08 1.0388E-08 1.0298E-08 1.0196E-08 1.0080E-08 9.9454E-09 9.7990E-09 9.6312E-09 9.4410E-09 9.2309E-09 8.9965E-09 8.7344E-09 8.4537E-09 8.1439E-09 7.8041E-09 7.4386E-09 7.0533E-09 6.6417E-09 6.2071E-09
7.4127E-09 7.9066E-09 8.4220E-09 8.9558E-09 9.5045E-09 1.0062E-08 1.0627E-08 1.1180E-08 1.1714E-08 1.2211E-08 1.2664E-08 1.3045E-08 1.3336E-08 1.3517E-08 1.3570E-08 1.3486E-08 1.3268E-08 1.2919E-08 1.2460E-08 1.1916E-08 1.1351E-08 1.0847E-08 1.0436E-08 1.0149E-08 1.0013E-08 1.0035E-08 1.0235E-08 1.0414E-08 1.0571E-08 1.0701E-08 1.0809E-08 1.0890E-08 1.0951E-08 1.0996E-08 1.1043E-08 1.1061E-08 1.1067E-08 1.1076E-08 1.1062E-08 1.1033E-08 1.0991E-08 1.0938E-08 1.0866E-08 1.0783E-08 1.0680E-08 1.0551E-08 1.0403E-08 1.0235E-08 1.0042E-08 9.8310E-09 9.5799E-09 9.2846E-09 8.9529E-09 8.5883E-09 8.1923E-09 7.7596E-09 7.2940E-09
7.4324E-09 7.9258E-09 8.4386E-09 8.9674E-09 9.5073E-09 1.0053E-08 1.0602E-08 1.1131E-08 1.1632E-08 1.2088E-08 1.2492E-08 1.2808E-08 1.3025E-08 1.3121E-08 1.3085E-08 1.2915E-08 1.2619E-08 1.2210E-08 1.1705E-08 1.1187E-08 1.0687E-08 1.0289E-08 1.0003E-08 9.8893E-09 9.8877E-09 1.0133E-08 1.0355E-08 1.0561E-08 1.0745E-08 1.0905E-08 1.1044E-08 1.1160E-08 1.1262E-08 1.1342E-08 1.1439E-08 1.1506E-08 1.1558E-08 1.1623E-08 1.1659E-08 1.1681E-08 1.1694E-08 1.1691E-08 1.1678E-08 1.1649E-08 1.1593E-08 1.1517E-08 1.1422E-08 1.1312E-08 1.1185E-08 1.1015E-08 1.0799E-08 1.0536E-08 1.0225E-08 9.8709E-09 9.4729E-09 9.0386E-09 8.5558E-09
7.4130E-09 7.8998E-09 8.4039E-09 8.9205E-09 9.4443E-09 9.9679E-09 1.0489E-08 1.0983E-08 1.1438E-08 1.1837E-08 1.2176E-08 1.2414E-08 1.2544E-08 1.2548E-08 1.2421E-08 1.2172E-08 1.1814E-08 1.1373E-08 1.0872E-08 1.0400E-08 1.0028E-08 9.7523E-09 9.6486E-09 9.6640E-09 9.9272E-09 1.0190E-08 1.0437E-08 1.0668E-08 1.0879E-08 1.1070E-08 1.1241E-08 1.1395E-08 1.1537E-08 1.1662E-08 1.1811E-08 1.1927E-08 1.2033E-08 1.2153E-08 1.2242E-08 1.2323E-08 1.2393E-08 1.2452E-08 1.2501E-08 1.2527E-08 1.2533E-08 1.2518E-08 1.2494E-08 1.2460E-08 1.2389E-08 1.2275E-08 1.2112E-08 1.1894E-08 1.1618E-08 1.1300E-08 1.0918E-08 1.0471E-08 9.9688E-09
7.3485E-09 7.8220E-09 8.3102E-09 8.8063E-09 9.3045E-09 9.7956E-09 1.0277E-08 1.0721E-08 1.1116E-08 1.1447E-08 1.1704E-08 1.1854E-08 1.1889E-08 1.1800E-08 1.1591E-08 1.1282E-08 1.0890E-08 1.0432E-08 1.0017E-08 9.6579E-09 9.4296E-09 9.3413E-09 9.3568E-09 9.6247E-09 9.9233E-09 1.0205E-08 1.0477E-08 1.0733E-08 1.0970E-08 1.1194E-08 1.1401E-08 1.1593E-08 1.1775E-08 1.1948E-08 1.2151E-08 1.2318E-08 1.2481E-08 1.2657E-08 1.2805E-08 1.2948E-08 1.3078E-08 1.3207E-08 1.3318E-08 1.3411E-08 1.3484E-08 1.3546E-08 1.3608E-08 1.3645E-08 1.3646E-08 1.3604E-08 1.3508E-08 1.3359E-08 1.3144E-08 1.2854E-08 1.2487E-08 1.2047E-08 1.1547E-08
7.2332E-09 7.6864E-09 8.1497E-09 8.6168E-09 9.0786E-09 9.5259E-09 9.9544E-09 1.0337E-08 1.0658E-08 1.0907E-08 1.1073E-08 1.1129E-08 1.1070E-08 1.0899E-08 1.0629E-08 1.0290E-08 9.8793E-09 9.5105E-09 9.1858E-09 8.9934E-09 8.9287E-09 8.9553E-09 9.2350E-09 9.5640E-09 9.8766E-09 1.0178E-08 1.0472E-08 1.0753E-08 1.1019E-08 1.1272E-08 1.1516E-08 1.1749E-08 1.1975E-08 1.2196E-08 1.2452E-08 1.2674E-08 1.2890E-08 1.3124E-08 1.3337E-08 1.3538E-08 1.3742E-08 1.3937E-08 1.4117E-08 1.4282E-08 1.4433E-08 1.4591E-08 1.4732E-08 1.4852E-08 1.4941E-08 1.4982E-08 1.4982E-08 1.4912E-08 1.4754E-08 1.4509E-08 1.4183E-08 1.3775E-08 1.3282E-08
7.0607E-09 7.4864E-09 7.9167E-09 8.3438E-09 8.7588E-09 9.1508E-09 9.5147E-09 9.8215E-09 1.0059E-08 1.0218E-08 1.0291E-08 1.0255E-08 1.0116E-08 9.8858E-09 9.5904E-09 9.2326E-09 8.9145E-09 8.6323E-09 8.4763E-09 8.4438E-09 8.4867E-09 8.7760E-09 9.1211E-09 9.4596E-09 9.7867E-09 1.0108E-08 1.0423E-08 1.0726E-08 1.1021E-08 1.1307E-08 1.1587E-08 1.1859E-08 1.2130E-08 1.2399E-08 1.2707E-08 1.2984E-08 1.3251E-08 1.3550E-08 1.3822E-08 1.4090E-08 1.4363E-08 1.4627E-08 1.4881E-08 1.5125E-08 1.5375E-08 1.5616E-08 1.5846E-08 1.6062E-08 1.6246E-08 1.6402E-08 1.6498E-08 1.6511E-08 1.6431E-08 1.6260E-08 1.5992E-08 1.5628E-08 1.5153E-08
6.8267E-09 7.2168E-09 7.6049E-09 7.9821E-09 8.3405E-09 8.6660E-09 8.9555E-09 9.1786E-09 9.3266E-09 9.3949E-09 9.3802E-09 9.2688E-09 9.0747E-09 8.8208E-09 8.5129E-09 8.2495E-09 8.0168E-09 7.8967E-09 7.8799E-09 7.9646E-09 8.2616E-09 8.6118E-09 8.9667E-09 9.3138E-09 9.6540E-09 9.9928E-09 1.0328E-08 1.0653E-08 1.0976E-08 1.1294E-08 1.1610E-08 1.1920E-08 1.2237E-08 1.2551E-08 1.2912E-08 1.3237E-08 1.3557E-08 1.3918E-08 1.4247E-08 1.4587E-08 1.4926E-08 1.5261E-08 1.5593E-08 1.5929E-08 1.6270E-08 1.6599E-08 1.6927E-08 1.7246E-08 1.7551E-08 1.7816E-08 1.8015E-08 1.8132E-08 1.8157E-08 1.8071E-08 1.7886E-08 1.7576E-08 1.7192E-08
6.5280E-09 6.8747E-09 7.2118E-09 7.5304E-09 7.8226E-09 8.0742E-09 8.2831E-09 8.4193E-09 8.4806E-09 8.4666E-09 8.3826E-09 8.2222E-09 8.0101E-09 7.7471E-09 7.5377E-09 7.3573E-09 7.2800E-09 7.2782E-09 7.4029E-09 7.7036E-09 8.0572E-09 8.4110E-09 8.7734E-09 9.1277E-09 9.4794E-09 9.8348E-09 1.0187E-08 1.0535E-08 1.0883E-08 1.1233E-08 1.1583E-08 1.1933E-08 1.2288E-08 1.2646E-08 1.3056E-08 1.3427E-08 1.3797E-08 1.4217E-08 1.4606E-08 1.5011E-08 1.5417E-08 1.5824E-08 1.6235E-08 1.6668E-08 1.7093E-08 1.7517E-08 1.7949E-08 1.8383E-08 1.8807E-08 1.9185E-08 1.9504E-08 1.9748E-08 1.9885E-08 1.9886E-08 1.9813E-08 1.9638E-08 1.9345E-08
6.1639E-09 6.4591E-09 6.7384E-09 6.9923E-09 7.2117E-09 7.3860E-09 7.5137E-09 7.5684E-09 7.5551E-09 7.4781E-09 7.3542E-09 7.1817E-09 6.9674E-09 6.8010E-09 6.6748E-09 6.6254E-09 6.6765E-09 6.7933E-09 7.1165E-09 7.4665E-09 7.8190E-09 8.1767E-09 8.5423E-09 8.9032E-09 9.2656E-09 9.6348E-09 1.0003E-08 1.0372E-08 1.0746E-08 1.1122E-08 1.1505E-08 1.1889E-08 1.2283E-08 1.2678E-08 1.3133E-08 1.3544E-08 1.3964E-08 1.4437E-08 1.4885E-08 1.5351E-08 1.5820E-08 1.6300E-08 1.6797E-08 1.7314E-08 1.7825E-08 1.8342E-08 1.8877E-08 1.9438E-08 1.9973E-08 2.0475E-08 2.0930E-08 2.1306E-08 2.1554E-08 2.1720E-08 2.1786E-08 2.1743E-08 2.1563E-08
5.7354E-09 5.9742E-09 6.1915E-09 6.3763E-09 6.5227E-09 6.6222E-09 6.6763E-09 6.6638E-09 6.5976E-09 6.4879E-09 6.3599E-09 6.1922E-09 6.0524E-09 5.9856E-09 5.9669E-09 6.0483E-09 6.1992E-09 6.5101E-09 6.8547E-09 7.2001E-09 7.5504E-09 7.9103E-09 8.2768E-09 8.6428E-09 9.0139E-09 9.3949E-09 9.7756E-09 1.0165E-08 1.0561E-08 1.0963E-08 1.1373E-08 1.1790E-08 1.2215E-08 1.2644E-08 1.3135E-08 1.3584E-08 1.4047E-08 1.4569E-08 1.5074E-08 1.5593E-08 1.6125E-08 1.6672E-08 1.7253E-08 1.7845E-08 1.8439E-08 1.9050E-08 1.9699E-08 2.0364E-08 2.1016E-08 2.1649E-08 2.2243E-08 2.2746E-08 2.3170E-08 2.3494E-08 2.3688E-08 2.3833E-08 2.3860E-08
5.2495E-09 5.4297E-09 5.5826E-09 5.7006E-09 5.7795E-09 5.8135E-09 5.8106E-09 5.7541E-09 5.6648E-09 5.5384E-09 5.4215E-09 5.3471E-09 5.3048E-09 5.2981E-09 5.4095E-09 5.6092E-09 5.9044E-09 6.2321E-09 6.5684E-09 6.9080E-09 7.2550E-09 7.6142E-09 7.9807E-09 8.3493E-09 8.7275E-09 9.1169E-09 9.5105E-09 9.9161E-09 1.0332E-08 1.0756E-08 1.1189E-08 1.1630E-08 1.2081E-08 1.2538E-08 1.3058E-08 1.3541E-08 1.4042E-08 1.4608E-08 1.5162E-08 1.5731E-08 1.6318E-08 1.6929E-08 1.7584E-08 1.8245E-08 1.8917E-08 1.9612E-08 2.0367E-08 2.1132E-08 2.1901E-08 2.2667E-08 2.3391E-08 2.4063E-08 2.4643E-08 2.5119E-08 2.5559E-08 2.5904E-08 2.6152E-08
4.7177E-09 4.8390E-09 4.9323E-09 4.9910E-09 5.0139E-09 5.0005E-09 4.9639E-09 4.8923E-09 4.7966E-09 4.7060E-09 4.6778E-09 4.6596E-09 4.6853E-09 4.8264E-09 5.0156E-09 5.3115E-09 5.6159E-09 5.9346E-09 6.2614E-09 6.5943E-09 6.9359E-09 7.2930E-09 7.6568E-09 8.0272E-09 8.4090E-09 8.8065E-09 9.2087E-09 9.6275E-09 1.0059E-08 1.0499E-08 1.0951E-08 1.1409E-08 1.1876E-08 1.2358E-08 1.2903E-08 1.3410E-08 1.3946E-08 1.4549E-08 1.5144E-08 1.5755E-08 1.6391E-08 1.7062E-08 1.7773E-08 1.8493E-08 1.9234E-08 2.0017E-08 2.0852E-08 2.1713E-08 2.2579E-08 2.3480E-08 2.4360E-08 2.5177E-08 2.5912E-08 2.6628E-08 2.7275E-08 2.7854E-08 2.8368E-08
4.1551E-09 4.2241E-09 4.2670E-09 4.2790E-09 4.2646E-09 4.2269E-09 4.1833E-09 4.0977E-09 4.0561E-09 4.0171E-09 4.0414E-09 4.1284E-09 4.2446E-09 4.4593E-09 4.7375E-09 5.0206E-09 5.3133E-09 5.6211E-09 5.9378E-09 6.2627E-09 6.5975E-09 6.9499E-09 7.3106E-09 7.6792E-09 8.0641E-09 8.4652E-09 8.8738E-09 9.3025E-09 9.7440E-09 1.0195E-08 1.0658E-08 1.1128E-08 1.1608E-08 1.2104E-08 1.2666E-08 1.3199E-08 1.3755E-08 1.4392E-08 1.5017E-08 1.5662E-08 1.6336E-08 1.7057E-08 1.7810E-08 1.8581E-08 1.9373E-08 2.0231E-08 2.1136E-08 2.2075E-08 2.3061E-08 2.4079E-08 2.5081E-08 2.6028E-08 2.6976E-08 2.7892E-08 2.8768E-08 2.9617E-08 3.0432E-08
3.5836E-09 3.6108E-09 3.6167E-09 3.6007E-09 3.5708E-09 3.5331E-09 3.4670E-09 3.4398E-09 3.4492E-09 3.4624E-09 3.5969E-09 3.7164E-09 3.9356E-09 4.1859E-09 4.4503E-09 4.7202E-09 4.9998E-09 5.2956E-09 5.6022E-09 5.9171E-09 6.2438E-09 6.5894E-09 6.9451E-09 7.3115E-09 7.6947E-09 8.0976E-09 8.5101E-09 8.9421E-09 9.3887E-09 9.8438E-09 1.0309E-08 1.0788E-08 1.1274E-08 1.1779E-08 1.2351E-08 1.2900E-08 1.3474E-08 1.4133E-08 1.4779E-08 1.5448E-08 1.6149E-08 1.6908E-08 1.7689E-08 1.8494E-08 1.9333E-08 2.0242E-08 2.1201E-08 2.2220E-08 2.3297E-08 2.4398E-08 2.5516E-08 2.6630E-08 2.7749E-08 2.8859E-08 2.9970E-08 3.1103E-08 3.2234E-08
3.0280E-09 3.0264E-09 3.0131E-09 2.9895E-09 2.9348E-09 2.9062E-09 2.8959E-09 2.9221E-09 2.9748E-09 3.0823E-09 3.2336E-09 3.4479E-09 3.6715E-09 3.9072E-09 4.1577E-09 4.4134E-09 4.6794E-09 4.9631E-09 5.2575E-09 5.5622E-09 5.8788E-09 6.2168E-09 6.5652E-09 6.9267E-09 7.3065E-09 7.7087E-09 8.1191E-09 8.5500E-09 8.9953E-09 9.4496E-09 9.9142E-09 1.0391E-08 1.0878E-08 1.1385E-08 1.1966E-08 1.2521E-08 1.3105E-08 1.3776E-08 1.4433E-08 1.5116E-08 1.5833E-08 1.6612E-08 1.7411E-08 1.8233E-08 1.9106E-08 2.0045E-08 2.1051E-08 2.2123E-08 2.3263E-08 2.4447E-08 2.5663E-08 2.6906E-08 2.8175E-08 2.9471E-08 3.0813E-08 3.2225E-08 3.3674E-08
2.5116E-09 2.4982E-09 2.4827E-09 2.4472E-09 2.4125E-09 2.4281E-09 2.4787E-09 2.5396E-09 2.6305E-09 2.7950E-09 2.9967E-09 3.1969E-09 3.4060E-09 3.6264E-09 3.8627E-09 4.1039E-09 4.3561E-09 4.6262E-09 4.9090E-09 5.2012E-09 5.5079E-09 5.8349E-09 6.1760E-09 6.5291E-09 6.9034E-09 7.3001E-09 7.7047E-09 8.1291E-09 8.5680E-09 9.0153E-09 9.4736E-09 9.9450E-09 1.0426E-08 1.0931E-08 1.1511E-08 1.2069E-08 1.2652E-08 1.3325E-08 1.3983E-08 1.4669E-08 1.5392E-08 1.6173E-08 1.6972E-08 1.7805E-08 1.8688E-08 1.9645E-08 2.0673E-08 2.1778E-08 2.2959E-08 2.4194E-08 2.5482E-08 2.6829E-08 2.8222E-08 2.9680E-08 3.1229E-08 3.2894E-08 3.4648E-08
