Assets/Resources/2015_m01_d29_1900(utc+0800)_l00_csi_1hr_conc.grd
DSAA
         159         159
     -79.000      79.000
     -79.000      79.000
  0.0000E+00  0.3583E-04
[rows 25 to 49 of 159, columns 57 to 113 of 159]
7.8250E-11 8.4554E-11 9.1250E-11 9.7776E-11 1.0531E-10 1.1328E-10 1.2172E-10 1.3063E-10 1.3945E-10 1.4939E-10 1.5986E-10 1.7088E-10 1.8248E-10 1.9407E-10 2.0686E-10 2.2028E-10 2.3372E-10 2.4777E-10 2.6312E-10 2.7917E-10 2.9526E-10 3.1200E-10 3.3011E-10 3.4827E-10 3.6787E-10 3.8749E-10 4.0884E-10 4.3196E-10 4.5401E-10 4.7883E-10 5.0352E-10 5.2909E-10 5.5550E-10 5.8278E-10 6.1089E-10 6.3987E-10 6.6866E-10 6.9930E-10 7.3094E-10 7.6339E-10 7.9539E-10 8.2754E-10 8.6058E-10 8.9136E-10 9.2162E-10 9.5128E-10 9.7964E-10 1.0072E-09 1.0340E-09 1.0597E-09 1.0842E-09 1.1080E-09 1.1307E-09 1.1520E-09 1.1725E-09 1.1920E-09 1.2096E-09
7.8663E-11 8.5019E-11 9.1770E-11 9.8928E-11 1.0652E-10 1.1399E-10 1.2249E-10 1.3149E-10 1.4099E-10 1.5101E-10 1.6099E-10 1.7213E-10 1.8384E-10 1.9554E-10 2.0847E-10 2.2203E-10 2.3561E-10 2.5044E-10 2.6533E-10 2.8157E-10 2.9783E-10 3.1476E-10 3.3309E-10 3.5217E-10 3.7131E-10 3.9214E-10 4.1378E-10 4.3629E-10 4.5962E-10 4.8386E-10 5.0893E-10 5.3491E-10 5.6174E-10 5.8948E-10 6.1808E-10 6.4757E-10 6.7792E-10 7.0805E-10 7.4030E-10 7.7340E-10 8.0599E-10 8.3994E-10 8.7234E-10 9.0365E-10 9.3443E-10 9.6464E-10 9.9379E-10 1.0220E-09 1.0494E-09 1.0760E-09 1.1011E-09 1.1255E-09 1.1491E-09 1.1712E-09 1.1924E-09 1.2125E-09 1.2310E-09
7.9006E-11 8.5407E-11 9.2209E-11 9.9422E-11 1.0707E-10 1.1459E-10 1.2317E-10 1.3224E-10 1.4182E-10 1.5193E-10 1.6199E-10 1.7322E-10 1.8505E-10 1.9747E-10 2.1051E-10 2.2360E-10 2.3730E-10 2.5229E-10 2.6798E-10 2.8373E-10 3.0015E-10 3.1726E-10 3.3579E-10 3.5510E-10 3.7445E-10 3.9554E-10 4.1745E-10 4.4027E-10 4.6492E-10 4.8948E-10 5.1496E-10 5.4132E-10 5.6860E-10 5.9677E-10 6.2586E-10 6.5584E-10 6.8568E-10 7.1763E-10 7.5046E-10 7.8287E-10 8.1737E-10 8.5050E-10 8.8335E-10 9.1535E-10 9.4665E-10 9.7741E-10 1.0073E-09 1.0361E-09 1.0642E-09 1.0916E-09 1.1174E-09 1.1425E-09 1.1668E-09 1.1898E-09 1.2117E-09 1.2324E-09 1.2518E-09
7.9853E-11 8.6290E-11 9.2565E-11 9.9827E-11 1.0753E-10 1.1569E-10 1.2432E-10 1.3287E-10 1.4252E-10 1.5271E-10 1.6346E-10 1.7478E-10 1.8609E-10 1.9862E-10 2.1178E-10 2.2498E-10 2.3879E-10 2.5392E-10 2.6976E-10 2.8565E-10 3.0222E-10 3.2018E-10 3.3890E-10 3.5773E-10 3.7823E-10 3.9956E-10 4.2179E-10 4.4487E-10 4.6889E-10 4.9378E-10 5.1961E-10 5.4634E-10 5.7403E-10 6.0262E-10 6.3217E-10 6.6264E-10 6.9420E-10 7.2669E-10 7.5884E-10 7.9179E-10 8.2692E-10 8.6047E-10 8.9377E-10 9.2645E-10 9.5826E-10 9.8956E-10 1.0203E-09 1.0497E-09 1.0784E-09 1.1064E-09 1.1331E-09 1.1589E-09 1.1838E-09 1.2078E-09 1.2304E-09 1.2518E-09 1.2718E-09
8.0065E-11 8.6537E-11 9.2837E-11 1.0014E-10 1.0789E-10 1.1610E-10 1.2479E-10 1.3397E-10 1.4310E-10 1.5336E-10 1.6418E-10 1.7558E-10 1.8698E-10 1.9960E-10 2.1287E-10 2.2615E-10 2.4071E-10 2.5533E-10 2.7131E-10 2.8732E-10 3.0403E-10 3.2216E-10 3.4106E-10 3.6005E-10 3.8077E-10 4.0233E-10 4.2481E-10 4.4915E-10 4.7247E-10 4.9869E-10 5.2485E-10 5.5198E-10 5.8004E-10 6.0908E-10 6.3905E-10 6.6892E-10 7.0099E-10 7.3401E-10 7.6665E-10 8.0148E-10 8.3588E-10 8.6983E-10 9.0356E-10 9.3691E-10 9.6923E-10 1.0011E-09 1.0324E-09 1.0625E-09 1.0919E-09 1.1205E-09 1.1482E-09 1.1746E-09 1.2003E-09 1.2251E-09 1.2485E-09 1.2705E-09 1.2911E-09
8.0203E-11 8.6704E-11 9.3610E-11 1.0094E-10 1.0815E-10 1.1640E-10 1.2514E-10 1.3438E-10 1.4415E-10 1.5387E-10 1.6476E-10 1.7624E-10 1.8831E-10 2.0040E-10 2.1376E-10 2.2713E-10 2.4179E-10 2.5717E-10 2.7261E-10 2.8874E-10 3.0557E-10 3.2385E-10 3.4292E-10 3.6206E-10 3.8298E-10 4.0574E-10 4.2844E-10 4.5211E-10 4.7667E-10 5.0222E-10 5.2869E-10 5.5617E-10 5.8561E-10 6.1402E-10 6.4441E-10 6.7598E-10 7.0852E-10 7.4076E-10 7.7519E-10 8.0928E-10 8.4421E-10 8.7855E-10 9.1270E-10 9.4657E-10 9.7953E-10 1.0119E-09 1.0437E-09 1.0747E-09 1.1047E-09 1.1340E-09 1.1625E-09 1.1896E-09 1.2160E-09 1.2416E-09 1.2659E-09 1.2886E-09 1.3098E-09
8.0268E-11 8.6792E-11 9.3725E-11 1.0109E-10 1.0832E-10 1.1660E-10 1.2538E-10 1.3466E-10 1.4448E-10 1.5485E-10 1.6519E-10 1.7673E-10 1.8887E-10 2.0165E-10 2.1447E-10 2.2790E-10 2.4266E-10 2.5814E-10 2.7368E-10 2.8991E-10 3.0754E-10 3.2595E-10 3.4448E-10 3.6472E-10 3.8581E-10 4.0785E-10 4.3077E-10 4.5467E-10 4.8050E-10 5.0631E-10 5.3314E-10 5.6092E-10 5.8974E-10 6.1953E-10 6.4925E-10 6.8126E-10 7.1426E-10 7.4693E-10 7.8188E-10 8.1646E-10 8.5181E-10 8.8661E-10 9.2117E-10 9.5548E-10 9.8912E-10 1.0220E-09 1.0544E-09 1.0862E-09 1.1168E-09 1.1467E-09 1.1760E-09 1.2039E-09 1.2310E-09 1.2573E-09 1.2826E-09 1.3059E-09 1.3279E-09
8.0258E-11 8.6800E-11 9.3753E-11 1.0114E-10 1.0897E-10 1.1728E-10 1.2550E-10 1.3482E-10 1.4468E-10 1.5509E-10 1.6608E-10 1.7706E-10 1.8926E-10 2.0211E-10 2.1498E-10 2.2911E-10 2.4332E-10 2.5888E-10 2.7450E-10 2.9081E-10 3.0856E-10 3.2709E-10 3.4573E-10 3.6612E-10 3.8834E-10 4.0960E-10 4.3373E-10 4.5784E-10 4.8296E-10 5.0903E-10 5.3613E-10 5.6525E-10 5.9336E-10 6.2351E-10 6.5488E-10 6.8728E-10 7.1943E-10 7.5384E-10 7.8796E-10 8.2298E-10 8.5865E-10 8.9398E-10 9.2894E-10 9.6369E-10 9.9800E-10 1.0314E-09 1.0644E-09 1.0968E-09 1.1281E-09 1.1587E-09 1.1886E-09 1.2175E-09 1.2453E-09 1.2723E-09 1.2985E-09 1.3225E-09 1.3451E-09
8.0746E-11 8.6728E-11 9.3695E-11 1.0110E-10 1.0895E-10 1.1728E-10 1.2551E-10 1.3486E-10 1.4475E-10 1.5519E-10 1.6622E-10 1.7723E-10 1.8948E-10 2.0238E-10 2.1529E-10 2.2949E-10 2.4440E-10 2.5939E-10 2.7507E-10 2.9145E-10 3.0930E-10 3.2794E-10 3.4667E-10 3.6720E-10 3.8960E-10 4.1197E-10 4.3534E-10 4.6065E-10 4.8499E-10 5.1233E-10 5.3969E-10 5.6811E-10 5.9755E-10 6.2822E-10 6.5870E-10 6.9150E-10 7.2401E-10 7.5887E-10 7.9339E-10 8.2885E-10 8.6481E-10 9.0065E-10 9.3600E-10 9.7117E-10 1.0061E-09 1.0400E-09 1.0735E-09 1.1065E-09 1.1386E-09 1.1698E-09 1.2004E-09 1.2302E-09 1.2587E-09 1.2865E-09 1.3134E-09 1.3383E-09 1.3616E-09
8.0598E-11 8.6576E-11 9.3550E-11 1.0096E-10 1.0883E-10 1.1717E-10 1.2601E-10 1.3537E-10 1.4468E-10 1.5515E-10 1.6621E-10 1.7786E-10 1.9014E-10 2.0247E-10 2.1541E-10 2.2966E-10 2.4462E-10 2.5966E-10 2.7539E-10 2.9252E-10 3.1044E-10 3.2849E-10 3.4826E-10 3.6890E-10 3.9051E-10 4.1402E-10 4.3754E-10 4.6209E-10 4.8761E-10 5.1420E-10 5.4282E-10 5.7048E-10 6.0021E-10 6.3120E-10 6.6327E-10 6.9514E-10 7.2932E-10 7.6326E-10 7.9817E-10 8.3403E-10 8.7027E-10 9.0660E-10 9.4232E-10 9.7789E-10 1.0132E-09 1.0479E-09 1.0819E-09 1.1155E-09 1.1484E-09 1.1802E-09 1.2114E-09 1.2421E-09 1.2713E-09 1.2998E-09 1.3274E-09 1.3533E-09 1.3772E-09
8.0376E-11 8.6928E-11 9.3898E-11 1.0073E-10 1.0860E-10 1.1695E-10 1.2580E-10 1.3517E-10 1.4449E-10 1.5497E-10 1.6605E-10 1.7772E-10 1.9003E-10 2.0237E-10 2.1532E-10 2.2961E-10 2.4462E-10 2.5969E-10 2.7546E-10 2.9265E-10 3.1063E-10 3.2873E-10 3.4860E-10 3.7030E-10 3.9106E-10 4.1473E-10 4.3840E-10 4.6312E-10 4.8984E-10 5.1662E-10 5.4449E-10 5.7341E-10 6.0360E-10 6.3364E-10 6.6603E-10 6.9818E-10 7.3274E-10 7.6701E-10 8.0227E-10 8.3851E-10 8.7501E-10 9.1165E-10 9.4788E-10 9.8385E-10 1.0196E-09 1.0549E-09 1.0895E-09 1.1236E-09 1.1572E-09 1.1897E-09 1.2216E-09 1.2529E-09 1.2831E-09 1.3123E-09 1.3405E-09 1.3674E-09 1.3920E-09
8.0081E-11 8.6627E-11 9.3591E-11 1.0041E-10 1.0828E-10 1.1663E-10 1.2548E-10 1.3485E-10 1.4477E-10 1.5525E-10 1.6573E-10 1.7742E-10 1.8974E-10 2.0208E-10 2.1569E-10 2.2936E-10 2.4440E-10 2.5949E-10 2.7527E-10 2.9251E-10 3.1054E-10 3.2868E-10 3.4862E-10 3.7043E-10 3.9224E-10 4.1508E-10 4.3988E-10 4.6473E-10 4.9066E-10 5.1761E-10 5.4569E-10 5.7483E-10 6.0527E-10 6.3682E-10 6.6821E-10 7.0196E-10 7.3553E-10 7.7010E-10 8.0569E-10 8.4227E-10 8.7903E-10 9.1594E-10 9.5267E-10 9.8901E-10 1.0252E-09 1.0611E-09 1.0962E-09 1.1308E-09 1.1651E-09 1.1983E-09 1.2308E-09 1.2628E-09 1.2939E-09 1.3239E-09 1.3527E-09 1.3803E-09 1.4058E-09
7.9713E-11 8.6246E-11 9.3199E-11 1.0059E-10 1.0844E-10 1.1620E-10 1.2504E-10 1.3440E-10 1.4432E-10 1.5480E-10 1.6526E-10 1.7695E-10 1.8928E-10 2.0161E-10 2.1523E-10 2.2955E-10 2.4395E-10 2.5904E-10 2.7483E-10 2.9210E-10 3.1017E-10 3.2928E-10 3.4926E-10 3.7023E-10 3.9311E-10 4.1602E-10 4.3999E-10 4.6496E-10 4.9103E-10 5.1919E-10 5.4743E-10 5.7573E-10 6.0640E-10 6.3820E-10 6.6981E-10 7.0386E-10 7.3767E-10 7.7253E-10 8.0841E-10 8.4531E-10 8.8230E-10 9.1947E-10 9.5667E-10 9.9337E-10 1.0300E-09 1.0664E-09 1.1020E-09 1.1372E-09 1.1720E-09 1.2061E-09 1.2392E-09 1.2718E-09 1.3038E-09 1.3345E-09 1.3640E-09 1.3922E-09 1.4187E-09
7.9272E-11 8.5788E-11 9.2723E-11 1.0010E-10 1.0793E-10 1.1566E-10 1.2448E-10 1.3384E-10 1.4373E-10 1.5420E-10 1.6465E-10 1.7632E-10 1.8864E-10 2.0096E-10 2.1457E-10 2.2889E-10 2.4328E-10 2.5836E-10 2.7484E-10 2.9211E-10 3.0951E-10 3.2865E-10 3.4867E-10 3.6969E-10 3.9265E-10 4.1564E-10 4.3970E-10 4.6581E-10 4.9198E-10 5.1930E-10 5.4769E-10 5.7742E-10 6.0827E-10 6.3902E-10 6.7215E-10 7.0513E-10 7.3918E-10 7.7427E-10 8.1043E-10 8.4762E-10 8.8481E-10 9.2223E-10 9.5978E-10 9.9692E-10 1.0339E-09 1.0707E-09 1.1070E-09 1.1427E-09 1.1780E-09 1.2129E-09 1.2466E-09 1.2799E-09 1.3125E-09 1.3441E-09 1.3742E-09 1.4031E-09 1.4306E-09
7.8761E-11 8.5253E-11 9.2163E-11 9.9513E-11 1.0732E-10 1.1561E-10 1.2382E-10 1.3315E-10 1.4302E-10 1.5347E-10 1.6450E-10 1.7615E-10 1.8783E-10 2.0012E-10 2.1372E-10 2.2802E-10 2.4239E-10 2.5744E-10 2.7392E-10 2.9118E-10 3.0856E-10 3.2772E-10 3.4874E-10 3.6977E-10 3.9184E-10 4.1590E-10 4.4001E-10 4.6523E-10 4.9253E-10 5.1894E-10 5.4746E-10 5.7734E-10 6.0838E-10 6.3927E-10 6.7261E-10 7.0578E-10 7.4002E-10 7.7534E-10 8.1173E-10 8.4914E-10 8.8656E-10 9.2420E-10 9.6202E-10 9.9962E-10 1.0369E-09 1.0742E-09 1.1111E-09 1.1473E-09 1.1831E-09 1.2186E-09 1.2531E-09 1.2869E-09 1.3203E-09 1.3527E-09 1.3835E-09 1.4130E-09 1.4412E-09
7.8181E-11 8.4643E-11 9.1522E-11 9.8840E-11 1.0662E-10 1.1488E-10 1.2364E-10 1.3234E-10 1.4218E-10 1.5260E-10 1.6360E-10 1.7522E-10 1.8686E-10 1.9910E-10 2.1267E-10 2.2695E-10 2.4128E-10 2.5629E-10 2.7274E-10 2.8999E-10 3.0734E-10 3.2649E-10 3.4753E-10 3.6956E-10 3.9067E-10 4.1479E-10 4.3996E-10 4.6424E-10 4.9165E-10 5.1916E-10 5.4801E-10 5.7801E-10 6.0794E-10 6.4026E-10 6.7248E-10 7.0580E-10 7.4021E-10 7.7571E-10 8.1231E-10 8.4983E-10 8.8753E-10 9.2539E-10 9.6344E-10 1.0015E-09 1.0392E-09 1.0767E-09 1.1142E-09 1.1509E-09 1.1872E-09 1.2232E-09 1.2585E-09 1.2930E-09 1.3270E-09 1.3603E-09 1.3917E-09 1.4218E-09 1.4507E-09
7.7532E-11 8.3958E-11 9.0800E-11 9.8082E-11 1.0582E-10 1.1404E-10 1.2277E-10 1.3201E-10 1.4121E-10 1.5159E-10 1.6255E-10 1.7413E-10 1.8571E-10 1.9855E-10 2.1143E-10 2.2567E-10 2.3995E-10 2.5491E-10 2.7132E-10 2.8853E-10 3.0678E-10 3.2496E-10 3.4602E-10 3.6806E-10 3.9014E-10 4.1331E-10 4.3854E-10 4.6385E-10 4.9033E-10 5.1790E-10 5.4684E-10 5.7695E-10 6.0696E-10 6.3942E-10 6.7175E-10 7.0519E-10 7.3974E-10 7.7540E-10 8.1216E-10 8.4977E-10 8.8773E-10 9.2577E-10 9.6404E-10 1.0025E-09 1.0405E-09 1.0784E-09 1.1163E-09 1.1536E-09 1.1904E-09 1.2269E-09 1.2629E-09 1.2980E-09 1.3326E-09 1.3666E-09 1.3988E-09 1.4296E-09 1.4591E-09
7.6818E-11 8.3202E-11 9.0001E-11 9.7238E-11 1.0493E-10 1.1311E-10 1.2178E-10 1.3098E-10 1.4073E-10 1.5045E-10 1.6136E-10 1.7288E-10 1.8441E-10 1.9719E-10 2.1066E-10 2.2419E-10 2.3840E-10 2.5398E-10 2.6966E-10 2.8682E-10 3.0503E-10 3.2410E-10 3.4419E-10 3.6623E-10 3.8930E-10 4.1245E-10 4.3672E-10 4.6308E-10 4.8958E-10 5.1618E-10 5.4518E-10 5.7537E-10 6.0543E-10 6.3801E-10 6.7042E-10 7.0395E-10 7.3860E-10 7.7438E-10 8.1129E-10 8.4897E-10 8.8715E-10 9.2535E-10 9.6382E-10 1.0025E-09 1.0409E-09 1.0792E-09 1.1174E-09 1.1553E-09 1.1926E-09 1.2296E-09 1.2663E-09 1.3020E-09 1.3372E-09 1.3717E-09 1.4048E-09 1.4362E-09 1.4663E-09
7.6618E-11 8.2376E-11 8.9125E-11 9.6312E-11 1.0395E-10 1.1207E-10 1.2069E-10 1.2984E-10 1.3953E-10 1.4918E-10 1.6002E-10 1.7149E-10 1.8294E-10 1.9566E-10 2.0906E-10 2.2252E-10 2.3665E-10 2.5216E-10 2.6845E-10 2.8485E-10 3.0300E-10 3.2299E-10 3.4301E-10 3.6407E-10 3.8714E-10 4.1026E-10 4.3451E-10 4.6091E-10 4.8741E-10 5.1527E-10 5.4431E-10 5.7328E-10 6.0470E-10 6.3603E-10 6.6848E-10 7.0207E-10 7.3681E-10 7.7268E-10 8.0969E-10 8.4741E-10 8.8569E-10 9.2412E-10 9.6276E-10 1.0016E-09 1.0405E-09 1.0791E-09 1.1176E-09 1.1561E-09 1.1938E-09 1.2313E-09 1.2685E-09 1.3049E-09 1.3407E-09 1.3758E-09 1.4097E-09 1.4417E-09 1.4724E-09
7.5780E-11 8.2060E-11 8.8176E-11 9.5305E-11 1.0289E-10 1.1095E-10 1.1950E-10 1.2858E-10 1.3820E-10 1.4778E-10 1.5855E-10 1.6994E-10 1.8131E-10 1.9395E-10 2.0728E-10 2.2065E-10 2.3469E-10 2.5012E-10 2.6632E-10 2.8263E-10 3.0070E-10 3.2064E-10 3.4157E-10 3.6159E-10 3.8463E-10 4.0873E-10 4.3294E-10 4.5832E-10 4.8480E-10 5.1267E-10 5.4172E-10 5.7068E-10 6.0214E-10 6.3348E-10 6.6595E-10 6.9957E-10 7.3435E-10 7.7028E-10 8.0737E-10 8.4511E-10 8.8343E-10 9.2208E-10 9.6088E-10 9.9994E-10 1.0392E-09 1.0780E-09 1.1169E-09 1.1557E-09 1.1940E-09 1.2319E-09 1.2696E-09 1.3068E-09 1.3431E-09 1.3787E-09 1.4132E-09 1.4460E-09 1.4773E-09
7.4882E-11 8.1104E-11 8.7155E-11 9.4222E-11 1.0174E-10 1.0973E-10 1.1821E-10 1.2722E-10 1.3677E-10 1.4625E-10 1.5695E-10 1.6826E-10 1.7953E-10 1.9209E-10 2.0532E-10 2.1859E-10 2.3253E-10 2.4786E-10 2.6397E-10 2.8017E-10 2.9815E-10 3.1802E-10 3.3888E-10 3.5979E-10 3.8178E-10 4.0584E-10 4.3102E-10 4.5533E-10 4.8177E-10 5.0962E-10 5.3866E-10 5.6887E-10 5.9905E-10 6.3036E-10 6.6283E-10 6.9645E-10 7.3123E-10 7.6719E-10 8.0432E-10 8.4205E-10 8.8041E-10 9.1923E-10 9.5816E-10 9.9738E-10 1.0368E-09 1.0761E-09 1.1152E-09 1.1544E-09 1.1932E-09 1.2316E-09 1.2697E-09 1.3075E-09 1.3444E-09 1.3804E-09 1.4155E-09 1.4491E-09 1.4810E-09
7.3925E-11 8.0083E-11 8.6651E-11 9.3063E-11 1.0051E-10 1.0842E-10 1.1683E-10 1.2575E-10 1.3522E-10 1.4523E-10 1.5583E-10 1.6643E-10 1.7761E-10 1.9006E-10 2.0319E-10 2.1635E-10 2.3017E-10 2.4539E-10 2.6139E-10 2.7747E-10 2.9533E-10 3.1511E-10 3.3589E-10 3.5770E-10 3.7959E-10 4.0261E-10 4.2773E-10 4.5298E-10 4.7959E-10 5.0738E-10 5.3512E-10 5.6531E-10 5.9543E-10 6.2670E-10 6.5912E-10 6.9271E-10 7.2747E-10 7.6342E-10 8.0055E-10 8.3826E-10 8.7662E-10 9.1554E-10 9.5461E-10 9.9397E-10 1.0336E-09 1.0732E-09 1.1126E-09 1.1521E-09 1.1914E-09 1.2301E-09 1.2687E-09 1.3070E-09 1.3445E-09 1.3810E-09 1.4166E-09 1.4510E-09 1.4839E-09
7.2912E-11 7.9001E-11 8.5498E-11 9.1832E-11 9.9197E-11 1.0703E-10 1.1535E-10 1.2419E-10 1.3356E-10 1.4348E-10 1.5398E-10 1.6447E-10 1.7553E-10 1.8788E-10 2.0090E-10 2.1393E-10 2.2762E-10 2.4273E-10 2.5860E-10 2.7549E-10 2.9322E-10 3.1195E-10 3.3262E-10 3.5434E-10 3.7611E-10 3.9902E-10 4.2407E-10 4.4923E-10 4.7577E-10 5.0348E-10 5.3112E-10 5.6126E-10 5.9129E-10 6.2248E-10 6.5483E-10 6.8835E-10 7.2306E-10 7.5897E-10 7.9606E-10 8.3373E-10 8.7208E-10 9.1101E-10 9.5024E-10 9.8970E-10 1.0295E-09 1.0693E-09 1.1090E-09 1.1488E-09 1.1885E-09 1.2277E-09 1.2666E-09 1.3053E-09 1.3435E-09 1.3807E-09 1.4184E-09 1.4543E-09 1.4900E-09
7.1845E-11 7.7861E-11 8.4281E-11 9.1118E-11 9.7813E-11 1.0556E-10 1.1379E-10 1.2253E-10 1.3180E-10 1.4162E-10 1.5201E-10 1.6239E-10 1.7332E-10 1.8555E-10 1.9845E-10 2.1134E-10 2.2489E-10 2.3986E-10 2.5559E-10 2.7234E-10 2.9090E-10 3.0852E-10 3.2908E-10 3.5068E-10 3.7334E-10 3.9612E-10 4.2006E-10 4.4510E-10 4.7153E-10 4.9915E-10 5.2667E-10 5.5673E-10 5.8664E-10 6.1772E-10 6.4997E-10 6.8340E-10 7.1803E-10 7.5385E-10 7.9082E-10 8.2848E-10 8.6678E-10 9.0569E-10 9.4504E-10 9.8459E-10 1.0245E-09 1.0646E-09 1.1045E-09 1.1445E-09 1.1845E-09 1.2241E-09 1.2634E-09 1.3034E-09 1.3442E-09 1.3836E-09 1.4210E-09 1.4602E-09 1.4983E-09
7.0727E-11 7.6666E-11 8.3003E-11 8.9755E-11 9.6358E-11 1.0401E-10 1.1214E-10 1.2078E-10 1.2994E-10 1.3965E-10 1.4992E-10 1.6017E-10 1.7098E-10 1.8308E-10 1.9584E-10 2.0859E-10 2.2199E-10 2.3680E-10 2.5238E-10 2.6898E-10 2.8739E-10 3.0581E-10 3.2526E-10 3.4673E-10 3.6927E-10 3.9292E-10 4.1569E-10 4.4060E-10 4.6691E-10 4.9441E-10 5.2309E-10 5.5172E-10 5.8149E-10 6.1243E-10 6.4455E-10 6.7785E-10 7.1236E-10 7.4808E-10 7.8490E-10 8.2251E-10 8.6073E-10 8.9961E-10 9.3904E-10 9.7864E-10 1.0186E-09 1.0588E-09 1.0990E-09 1.1392E-09 1.1795E-09 1.2204E-09 1.2628E-09 1.3044E-09 1.3462E-09 1.3881E-09 1.4302E-09 1.4711E-09 1.5098E-09
