Assets/Resources/2015_m01_d13_1400(utc+0800)_l00_csi_1hr_conc.grd
DSAA
         159         159
     -79.000      79.000
     -79.000      79.000
  0.0000E+00  0.4479E-05
[rows 75 to 99 of 159, columns 0 to 56 of 159]
4.5321E-09 4.7500E-09 4.9765E-09 5.2136E-09 5.4621E-09 5.7198E-09 5.9926E-09 6.2792E-09 6.5792E-09 6.8942E-09 7.2297E-09 7.5760E-09 7.9584E-09 8.3615E-09 8.7867E-09 9.2447E-09 9.7283E-09 1.0244E-08 1.0795E-08 1.1377E-08 1.2000E-08 1.2666E-08 1.3367E-08 1.4133E-08 1.4923E-08 1.5779E-08 1.6688E-08 1.7633E-08 1.8651E-08 1.9698E-08 2.0815E-08 2.1957E-08 2.3152E-08 2.4381E-08 2.5648E-08 2.6975E-08 2.8287E-08 2.9608E-08 3.0919E-08 3.2207E-08 3.3452E-08 3.4638E-08 3.5774E-08 3.6844E-08 3.7859E-08 3.8798E-08 3.9699E-08 4.0546E-08 4.1567E-08 4.2721E-08 4.4069E-08 4.5502E-08 4.7111E-08 4.9038E-08 5.1236E-08 5.3757E-08 5.6459E-08
4.5647E-09 4.7840E-09 5.0128E-09 5.2516E-09 5.5024E-09 5.7623E-09 6.0376E-09 6.3259E-09 6.6285E-09 6.9450E-09 7.2832E-09 7.6314E-09 8.0116E-09 8.4157E-09 8.8386E-09 9.2969E-09 9.7779E-09 1.0292E-08 1.0840E-08 1.1418E-08 1.2035E-08 1.2695E-08 1.3387E-08 1.4143E-08 1.4923E-08 1.5764E-08 1.6657E-08 1.7585E-08 1.8582E-08 1.9607E-08 2.0698E-08 2.1813E-08 2.2976E-08 2.4167E-08 2.5395E-08 2.6688E-08 2.7968E-08 2.9248E-08 3.0517E-08 3.1747E-08 3.2938E-08 3.4058E-08 3.5129E-08 3.6119E-08 3.7057E-08 3.7903E-08 3.8710E-08 3.9461E-08 4.0303E-08 4.1185E-08 4.2373E-08 4.3702E-08 4.5214E-08 4.6941E-08 4.8898E-08 5.1213E-08 5.3654E-08
4.5895E-09 4.8099E-09 5.0405E-09 5.2801E-09 5.5328E-09 5.7939E-09 6.0708E-09 6.3598E-09 6.6641E-09 6.9805E-09 7.3199E-09 7.6685E-09 8.0456E-09 8.4498E-09 8.8681E-09 9.3239E-09 9.7993E-09 1.0309E-08 1.0852E-08 1.1421E-08 1.2029E-08 1.2679E-08 1.3359E-08 1.4099E-08 1.4862E-08 1.5684E-08 1.6555E-08 1.7458E-08 1.8426E-08 1.9420E-08 2.0474E-08 2.1552E-08 2.2675E-08 2.3818E-08 2.4995E-08 2.6233E-08 2.7467E-08 2.8691E-08 2.9903E-08 3.1059E-08 3.2177E-08 3.3220E-08 3.4201E-08 3.5096E-08 3.5933E-08 3.6670E-08 3.7358E-08 3.7991E-08 3.8684E-08 3.9385E-08 4.0227E-08 4.1307E-08 4.2581E-08 4.4108E-08 4.5740E-08 4.7681E-08 4.9734E-08
4.6064E-09 4.8275E-09 5.0590E-09 5.2988E-09 5.5527E-09 5.8142E-09 6.0918E-09 6.3805E-09 6.6854E-09 7.0010E-09 7.3394E-09 7.6873E-09 8.0599E-09 8.4620E-09 8.8731E-09 9.3260E-09 9.7936E-09 1.0296E-08 1.0831E-08 1.1388E-08 1.1985E-08 1.2618E-08 1.3283E-08 1.4003E-08 1.4744E-08 1.5540E-08 1.6382E-08 1.7253E-08 1.8185E-08 1.9140E-08 2.0150E-08 2.1179E-08 2.2253E-08 2.3341E-08 2.4457E-08 2.5624E-08 2.6794E-08 2.7947E-08 2.9091E-08 3.0161E-08 3.1194E-08 3.2144E-08 3.3027E-08 3.3811E-08 3.4527E-08 3.5144E-08 3.5691E-08 3.6195E-08 3.6704E-08 3.7232E-08 3.7843E-08 3.8556E-08 3.9474E-08 4.0625E-08 4.1935E-08 4.3408E-08 4.4976E-08
4.6155E-09 4.8362E-09 5.0682E-09 5.3074E-09 5.5617E-09 5.8232E-09 6.0998E-09 6.3876E-09 6.6919E-09 7.0056E-09 7.3409E-09 7.6879E-09 8.0528E-09 8.4543E-09 8.8566E-09 9.3013E-09 9.7601E-09 1.0251E-08 1.0776E-08 1.1319E-08 1.1902E-08 1.2514E-08 1.3161E-08 1.3856E-08 1.4570E-08 1.5335E-08 1.6142E-08 1.6976E-08 1.7864E-08 1.8774E-08 1.9732E-08 2.0704E-08 2.1721E-08 2.2744E-08 2.3793E-08 2.4879E-08 2.5971E-08 2.7040E-08 2.8098E-08 2.9084E-08 3.0011E-08 3.0863E-08 3.1630E-08 3.2302E-08 3.2877E-08 3.3374E-08 3.3771E-08 3.4133E-08 3.4467E-08 3.4799E-08 3.5171E-08 3.5600E-08 3.6134E-08 3.6825E-08 3.7672E-08 3.8672E-08 3.9693E-08
4.6161E-09 4.8357E-09 5.0679E-09 5.3063E-09 5.5591E-09 5.8203E-09 6.0948E-09 6.3808E-09 6.6828E-09 6.9947E-09 7.3242E-09 7.6696E-09 8.0271E-09 8.4220E-09 8.8174E-09 9.2515E-09 9.7010E-09 1.0177E-08 1.0690E-08 1.1214E-08 1.1780E-08 1.2368E-08 1.2993E-08 1.3660E-08 1.4343E-08 1.5073E-08 1.5841E-08 1.6631E-08 1.7471E-08 1.8328E-08 1.9228E-08 2.0137E-08 2.1087E-08 2.2041E-08 2.3014E-08 2.4016E-08 2.5011E-08 2.5993E-08 2.6947E-08 2.7845E-08 2.8654E-08 2.9406E-08 3.0049E-08 3.0604E-08 3.1043E-08 3.1409E-08 3.1668E-08 3.1875E-08 3.2043E-08 3.2174E-08 3.2322E-08 3.2463E-08 3.2680E-08 3.2950E-08 3.3294E-08 3.3760E-08 3.4247E-08
4.6081E-09 4.8264E-09 5.0574E-09 5.2948E-09 5.5450E-09 5.8051E-09 6.0764E-09 6.3607E-09 6.6576E-09 6.9675E-09 7.2893E-09 7.6323E-09 7.9817E-09 8.3668E-09 8.7567E-09 9.1751E-09 9.6143E-09 1.0072E-08 1.0572E-08 1.1074E-08 1.1622E-08 1.2186E-08 1.2781E-08 1.3419E-08 1.4067E-08 1.4757E-08 1.5482E-08 1.6224E-08 1.7010E-08 1.7809E-08 1.8646E-08 1.9488E-08 2.0363E-08 2.1243E-08 2.2133E-08 2.3048E-08 2.3941E-08 2.4827E-08 2.5666E-08 2.6469E-08 2.7169E-08 2.7804E-08 2.8333E-08 2.8759E-08 2.9076E-08 2.9303E-08 2.9440E-08 2.9492E-08 2.9513E-08 2.9450E-08 2.9391E-08 2.9272E-08 2.9194E-08 2.9108E-08 2.9035E-08 2.9001E-08 2.8966E-08
4.5909E-09 4.8078E-09 5.0365E-09 5.2726E-09 5.5189E-09 5.7775E-09 6.0445E-09 6.3262E-09 6.6167E-09 6.9236E-09 7.2382E-09 7.5746E-09 7.9172E-09 8.2884E-09 8.6726E-09 9.0740E-09 9.5038E-09 9.9402E-09 1.0423E-08 1.0904E-08 1.1427E-08 1.1967E-08 1.2528E-08 1.3135E-08 1.3745E-08 1.4392E-08 1.5070E-08 1.5762E-08 1.6490E-08 1.7229E-08 1.7998E-08 1.8769E-08 1.9567E-08 2.0366E-08 2.1171E-08 2.1993E-08 2.2786E-08 2.3561E-08 2.4294E-08 2.4980E-08 2.5585E-08 2.6092E-08 2.6514E-08 2.6816E-08 2.7015E-08 2.7118E-08 2.7129E-08 2.7059E-08 2.6927E-08 2.6716E-08 2.6452E-08 2.6144E-08 2.5789E-08 2.5422E-08 2.4996E-08 2.4590E-08 2.4130E-08
4.5647E-09 4.7798E-09 5.0052E-09 5.2393E-09 5.4810E-09 5.7372E-09 5.9993E-09 6.2767E-09 6.5609E-09 6.8627E-09 7.1704E-09 7.4973E-09 7.8336E-09 8.1906E-09 8.5649E-09 8.9530E-09 9.3640E-09 9.7838E-09 1.0244E-08 1.0704E-08 1.1199E-08 1.1713E-08 1.2239E-08 1.2812E-08 1.3382E-08 1.3985E-08 1.4611E-08 1.5251E-08 1.5918E-08 1.6594E-08 1.7293E-08 1.7992E-08 1.8710E-08 1.9422E-08 2.0142E-08 2.0865E-08 2.1562E-08 2.2224E-08 2.2850E-08 2.3416E-08 2.3921E-08 2.4316E-08 2.4623E-08 2.4823E-08 2.4906E-08 2.4896E-08 2.4804E-08 2.4623E-08 2.4368E-08 2.4027E-08 2.3612E-08 2.3128E-08 2.2577E-08 2.1976E-08 2.1312E-08 2.0615E-08 1.9881E-08
4.5289E-09 4.7423E-09 4.9633E-09 5.1948E-09 5.4322E-09 5.6832E-09 5.9415E-09 6.2121E-09 6.4917E-09 6.7841E-09 7.0866E-09 7.4002E-09 7.7310E-09 8.0726E-09 8.4330E-09 8.8084E-09 9.2007E-09 9.6025E-09 1.0036E-08 1.0477E-08 1.0938E-08 1.1427E-08 1.1915E-08 1.2451E-08 1.2983E-08 1.3537E-08 1.4113E-08 1.4696E-08 1.5304E-08 1.5914E-08 1.6542E-08 1.7166E-08 1.7804E-08 1.8434E-08 1.9059E-08 1.9693E-08 2.0284E-08 2.0846E-08 2.1358E-08 2.1817E-08 2.2209E-08 2.2510E-08 2.2706E-08 2.2806E-08 2.2786E-08 2.2692E-08 2.2502E-08 2.2230E-08 2.1869E-08 2.1406E-08 2.0886E-08 2.0270E-08 1.9601E-08 1.8845E-08 1.8013E-08 1.7154E-08 1.6226E-08
4.4842E-09 4.6949E-09 4.9113E-09 5.1388E-09 5.3723E-09 5.6160E-09 5.8705E-09 6.1329E-09 6.4075E-09 6.6888E-09 6.9858E-09 7.2869E-09 7.6076E-09 7.9363E-09 8.2794E-09 8.6418E-09 9.0137E-09 9.3973E-09 9.8045E-09 1.0222E-08 1.0652E-08 1.1110E-08 1.1566E-08 1.2058E-08 1.2550E-08 1.3058E-08 1.3581E-08 1.4107E-08 1.4655E-08 1.5197E-08 1.5757E-08 1.6304E-08 1.6864E-08 1.7410E-08 1.7947E-08 1.8483E-08 1.8979E-08 1.9440E-08 1.9848E-08 2.0197E-08 2.0487E-08 2.0691E-08 2.0799E-08 2.0809E-08 2.0724E-08 2.0534E-08 2.0276E-08 1.9920E-08 1.9485E-08 1.8957E-08 1.8328E-08 1.7645E-08 1.6878E-08 1.6056E-08 1.5136E-08 1.4174E-08 1.3204E-08
4.4309E-09 4.6370E-09 4.8491E-09 5.0716E-09 5.3005E-09 5.5373E-09 5.7860E-09 6.0409E-09 6.3079E-09 6.5804E-09 6.8672E-09 7.1586E-09 7.4632E-09 7.7829E-09 8.1068E-09 8.4508E-09 8.8055E-09 9.1672E-09 9.5495E-09 9.9385E-09 1.0343E-08 1.0763E-08 1.1189E-08 1.1636E-08 1.2088E-08 1.2550E-08 1.3019E-08 1.3492E-08 1.3974E-08 1.4457E-08 1.4942E-08 1.5420E-08 1.5898E-08 1.6366E-08 1.6817E-08 1.7257E-08 1.7664E-08 1.8022E-08 1.8340E-08 1.8587E-08 1.8780E-08 1.8894E-08 1.8926E-08 1.8865E-08 1.8715E-08 1.8476E-08 1.8151E-08 1.7743E-08 1.7268E-08 1.6675E-08 1.6018E-08 1.5269E-08 1.4425E-08 1.3578E-08 1.2590E-08 1.1644E-08 1.0640E-08
4.3687E-09 4.5691E-09 4.7775E-09 4.9928E-09 5.2174E-09 5.4469E-09 5.6878E-09 5.9358E-09 6.1932E-09 6.4580E-09 6.7302E-09 7.0144E-09 7.3025E-09 7.6098E-09 7.9162E-09 8.2410E-09 8.5780E-09 8.9155E-09 9.2764E-09 9.6338E-09 1.0012E-08 1.0392E-08 1.0789E-08 1.1192E-08 1.1603E-08 1.2015E-08 1.2437E-08 1.2852E-08 1.3277E-08 1.3694E-08 1.4113E-08 1.4521E-08 1.4924E-08 1.5313E-08 1.5680E-08 1.6037E-08 1.6345E-08 1.6622E-08 1.6844E-08 1.7013E-08 1.7115E-08 1.7151E-08 1.7115E-08 1.6995E-08 1.6799E-08 1.6520E-08 1.6161E-08 1.5720E-08 1.5203E-08 1.4612E-08 1.3929E-08 1.3174E-08 1.2342E-08 1.1477E-08 1.0561E-08 9.6192E-09 8.6761E-09
4.2975E-09 4.4922E-09 4.6953E-09 4.9043E-09 5.1225E-09 5.3458E-09 5.5773E-09 5.8181E-09 6.0648E-09 6.3209E-09 6.5805E-09 6.8535E-09 7.1274E-09 7.4174E-09 7.7100E-09 8.0138E-09 8.3252E-09 8.6461E-09 8.9766E-09 9.3111E-09 9.6552E-09 1.0006E-08 1.0361E-08 1.0731E-08 1.1093E-08 1.1466E-08 1.1835E-08 1.2199E-08 1.2565E-08 1.2921E-08 1.3277E-08 1.3614E-08 1.3950E-08 1.4260E-08 1.4555E-08 1.4825E-08 1.5056E-08 1.5242E-08 1.5391E-08 1.5479E-08 1.5516E-08 1.5480E-08 1.5389E-08 1.5215E-08 1.4987E-08 1.4683E-08 1.4301E-08 1.3857E-08 1.3325E-08 1.2735E-08 1.2066E-08 1.1347E-08 1.0558E-08 9.7224E-09 8.8679E-09 7.9774E-09 7.1060E-09
4.2161E-09 4.4061E-09 4.6029E-09 4.8057E-09 5.0164E-09 5.2334E-09 5.4554E-09 5.6863E-09 5.9238E-09 6.1684E-09 6.4184E-09 6.6730E-09 6.9386E-09 7.2077E-09 7.4860E-09 7.7689E-09 8.0612E-09 8.3567E-09 8.6638E-09 8.9705E-09 9.2828E-09 9.6035E-09 9.9177E-09 1.0254E-08 1.0570E-08 1.0901E-08 1.1223E-08 1.1535E-08 1.1847E-08 1.2146E-08 1.2437E-08 1.2716E-08 1.2978E-08 1.3225E-08 1.3441E-08 1.3643E-08 1.3795E-08 1.3913E-08 1.3984E-08 1.4009E-08 1.3988E-08 1.3905E-08 1.3763E-08 1.3566E-08 1.3294E-08 1.2976E-08 1.2580E-08 1.2143E-08 1.1619E-08 1.1047E-08 1.0416E-08 9.7354E-09 9.0162E-09 8.2568E-09 7.4754E-09 6.6653E-09 5.8816E-09
4.1266E-09 4.3119E-09 4.5014E-09 4.6980E-09 4.9002E-09 5.1098E-09 5.3230E-09 5.5437E-09 5.7708E-09 6.0037E-09 6.2423E-09 6.4830E-09 6.7333E-09 6.9869E-09 7.2461E-09 7.5112E-09 7.7814E-09 8.0502E-09 8.3361E-09 8.6101E-09 8.8978E-09 9.1802E-09 9.4652E-09 9.7536E-09 1.0041E-08 1.0318E-08 1.0603E-08 1.0867E-08 1.1127E-08 1.1372E-08 1.1609E-08 1.1823E-08 1.2030E-08 1.2206E-08 1.2363E-08 1.2489E-08 1.2583E-08 1.2634E-08 1.2649E-08 1.2620E-08 1.2547E-08 1.2424E-08 1.2248E-08 1.2027E-08 1.1742E-08 1.1413E-08 1.1023E-08 1.0575E-08 1.0086E-08 9.5327E-09 8.9460E-09 8.3119E-09 7.6581E-09 6.9775E-09 6.2683E-09 5.5854E-09 4.9203E-09
4.0294E-09 4.2080E-09 4.3912E-09 4.5800E-09 4.7745E-09 4.9749E-09 5.1804E-09 5.3895E-09 5.6050E-09 5.8267E-09 6.0516E-09 6.2813E-09 6.5110E-09 6.7540E-09 6.9898E-09 7.2374E-09 7.4846E-09 7.7330E-09 7.9842E-09 8.2415E-09 8.4910E-09 8.7502E-09 8.9982E-09 9.2535E-09 9.4989E-09 9.7369E-09 9.9773E-09 1.0200E-08 1.0411E-08 1.0604E-08 1.0788E-08 1.0954E-08 1.1094E-08 1.1219E-08 1.1314E-08 1.1389E-08 1.1417E-08 1.1424E-08 1.1387E-08 1.1316E-08 1.1204E-08 1.1053E-08 1.0852E-08 1.0616E-08 1.0326E-08 9.9969E-09 9.6152E-09 9.1868E-09 8.7149E-09 8.1973E-09 7.6555E-09 7.0789E-09 6.4770E-09 5.8521E-09 5.2313E-09 4.6392E-09 4.0766E-09
3.9260E-09 4.0964E-09 4.2730E-09 4.4540E-09 4.6400E-09 4.8312E-09 5.0274E-09 5.2260E-09 5.4304E-09 5.6376E-09 5.8516E-09 6.0660E-09 6.2826E-09 6.5029E-09 6.7271E-09 6.9509E-09 7.1773E-09 7.4049E-09 7.6328E-09 7.8552E-09 8.0856E-09 8.3089E-09 8.5274E-09 8.7460E-09 8.9534E-09 9.1582E-09 9.3477E-09 9.5378E-09 9.7015E-09 9.8536E-09 9.9851E-09 1.0104E-08 1.0195E-08 1.0267E-08 1.0313E-08 1.0329E-08 1.0321E-08 1.0278E-08 1.0212E-08 1.0104E-08 9.9677E-09 9.7907E-09 9.5819E-09 9.3337E-09 9.0439E-09 8.7164E-09 8.3527E-09 7.9437E-09 7.5033E-09 7.0245E-09 6.5312E-09 6.0003E-09 5.4699E-09 4.9378E-09 4.4098E-09 3.9035E-09 3.4214E-09
3.8161E-09 3.9769E-09 4.1465E-09 4.3194E-09 4.4962E-09 4.6782E-09 4.8636E-09 5.0535E-09 5.2443E-09 5.4403E-09 5.6390E-09 5.8404E-09 6.0431E-09 6.2455E-09 6.4509E-09 6.6552E-09 6.8628E-09 7.0633E-09 7.2721E-09 7.4681E-09 7.6662E-09 7.8621E-09 8.0508E-09 8.2351E-09 8.4099E-09 8.5724E-09 8.7343E-09 8.8710E-09 9.0085E-09 9.1165E-09 9.2100E-09 9.2793E-09 9.3336E-09 9.3574E-09 9.3588E-09 9.3335E-09 9.2857E-09 9.2156E-09 9.1146E-09 8.9882E-09 8.8307E-09 8.6406E-09 8.4262E-09 8.1826E-09 7.9019E-09 7.5882E-09 7.2375E-09 6.8561E-09 6.4431E-09 6.0060E-09 5.5499E-09 5.0832E-09 4.6130E-09 4.1514E-09 3.7057E-09 3.2828E-09 2.8918E-09
3.6976E-09 3.8530E-09 4.0128E-09 4.1771E-09 4.3461E-09 4.5171E-09 4.6932E-09 4.8713E-09 5.0513E-09 5.2339E-09 5.4175E-09 5.6061E-09 5.7915E-09 5.9787E-09 6.1636E-09 6.3517E-09 6.5337E-09 6.7197E-09 6.8966E-09 7.0759E-09 7.2422E-09 7.4080E-09 7.5676E-09 7.7242E-09 7.8648E-09 7.9984E-09 8.1194E-09 8.2315E-09 8.3180E-09 8.4040E-09 8.4572E-09 8.4935E-09 8.5032E-09 8.4934E-09 8.4603E-09 8.4059E-09 8.3288E-09 8.2261E-09 8.1064E-09 7.9632E-09 7.7943E-09 7.6014E-09 7.3873E-09 7.1464E-09 6.8787E-09 6.5860E-09 6.2631E-09 5.9085E-09 5.5301E-09 5.1343E-09 4.7274E-09 4.3147E-09 3.9072E-09 3.5121E-09 3.1324E-09 2.7801E-09 2.4518E-09
3.5731E-09 3.7229E-09 3.8722E-09 4.0294E-09 4.1875E-09 4.3496E-09 4.5140E-09 4.6813E-09 4.8507E-09 5.0189E-09 5.1906E-09 5.3599E-09 5.5348E-09 5.7029E-09 5.8724E-09 6.0375E-09 6.2048E-09 6.3634E-09 6.5223E-09 6.6739E-09 6.8208E-09 6.9560E-09 7.0841E-09 7.2109E-09 7.3304E-09 7.4301E-09 7.5206E-09 7.5980E-09 7.6634E-09 7.7009E-09 7.7375E-09 7.7390E-09 7.7170E-09 7.6759E-09 7.6117E-09 7.5297E-09 7.4272E-09 7.3046E-09 7.1602E-09 6.9989E-09 6.8164E-09 6.6154E-09 6.4024E-09 6.1656E-09 5.9093E-09 5.6315E-09 5.3334E-09 5.0136E-09 4.6825E-09 4.3376E-09 3.9822E-09 3.6295E-09 3.2847E-09 2.9508E-09 2.6303E-09 2.3285E-09 2.0615E-09
3.4440E-09 3.5838E-09 3.7284E-09 3.8733E-09 4.0232E-09 4.1756E-09 4.3283E-09 4.4852E-09 4.6410E-09 4.7990E-09 4.9547E-09 5.1123E-09 5.2668E-09 5.4242E-09 5.5736E-09 5.7233E-09 5.8667E-09 6.0090E-09 6.1433E-09 6.2729E-09 6.3944E-09 6.5106E-09 6.6134E-09 6.7061E-09 6.7979E-09 6.8685E-09 6.9379E-09 6.9871E-09 7.0217E-09 7.0433E-09 7.0354E-09 7.0219E-09 6.9767E-09 6.9136E-09 6.8323E-09 6.7312E-09 6.6129E-09 6.4777E-09 6.3276E-09 6.1590E-09 5.9794E-09 5.7827E-09 5.5745E-09 5.3509E-09 5.1113E-09 4.8555E-09 4.5816E-09 4.2932E-09 3.9909E-09 3.6754E-09 3.3613E-09 3.0569E-09 2.7592E-09 2.4749E-09 2.2033E-09 1.9617E-09 1.7343E-09
3.3095E-09 3.4427E-09 3.5781E-09 3.7143E-09 3.8547E-09 3.9945E-09 4.1395E-09 4.2812E-09 4.4285E-09 4.5718E-09 4.7159E-09 4.8583E-09 4.9987E-09 5.1371E-09 5.2742E-09 5.4029E-09 5.5308E-09 5.6503E-09 5.7663E-09 5.8741E-09 5.9742E-09 6.0635E-09 6.1499E-09 6.2191E-09 6.2778E-09 6.3335E-09 6.3678E-09 6.3984E-09 6.3985E-09 6.4052E-09 6.3859E-09 6.3392E-09 6.2892E-09 6.2121E-09 6.1178E-09 6.0084E-09 5.8820E-09 5.7427E-09 5.5893E-09 5.4208E-09 5.2458E-09 5.0565E-09 4.8597E-09 4.6486E-09 4.4275E-09 4.1921E-09 3.9443E-09 3.6830E-09 3.4068E-09 3.1291E-09 2.8632E-09 2.5963E-09 2.3381E-09 2.1004E-09 1.8819E-09 1.6743E-09 1.4775E-09
3.1715E-09 3.2965E-09 3.4224E-09 3.5522E-09 3.6794E-09 3.8124E-09 3.9419E-09 4.0768E-09 4.2078E-09 4.3419E-09 4.4725E-09 4.6006E-09 4.7277E-09 4.8493E-09 4.9694E-09 5.0850E-09 5.1916E-09 5.2959E-09 5.3898E-09 5.4748E-09 5.5594E-09 5.6307E-09 5.6901E-09 5.7450E-09 5.7771E-09 5.8072E-09 5.8187E-09 5.8300E-09 5.8262E-09 5.7928E-09 5.7638E-09 5.7036E-09 5.6406E-09 5.5606E-09 5.4622E-09 5.3478E-09 5.2190E-09 5.0793E-09 4.9298E-09 4.7668E-09 4.5984E-09 4.4190E-09 4.2318E-09 4.0351E-09 3.8289E-09 3.6136E-09 3.3848E-09 3.1490E-09 2.9093E-09 2.6687E-09 2.4328E-09 2.2056E-09 1.9933E-09 1.7952E-09 1.6065E-09 1.4272E-09 1.2544E-09
3.0306E-09 3.1453E-09 3.2647E-09 3.3825E-09 3.5044E-09 3.6230E-09 3.7460E-09 3.8648E-09 3.9877E-09 4.1072E-09 4.2259E-09 4.3421E-09 4.4528E-09 4.5624E-09 4.6646E-09 4.7643E-09 4.8580E-09 4.9414E-09 5.0210E-09 5.0884E-09 5.1487E-09 5.2058E-09 5.2437E-09 5.2792E-09 5.3017E-09 5.3063E-09 5.3059E-09 5.2828E-09 5.2671E-09 5.2205E-09 5.1780E-09 5.1170E-09 5.0441E-09 4.9579E-09 4.8518E-09 4.7488E-09 4.6204E-09 4.4837E-09 4.3399E-09 4.1850E-09 4.0256E-09 3.8588E-09 3.6854E-09 3.5046E-09 3.3165E-09 3.1163E-09 2.9116E-09 2.7035E-09 2.4930E-09 2.2825E-09 2.0762E-09 1.8849E-09 1.7046E-09 1.5329E-09 1.3701E-09 1.2093E-09 1.0613E-09
