Assets/Resources/2015_m01_d20_0800(utc+0800)_l00_csi_1hr_conc.grd
DSAA
         159         159
     -79.000      79.000
     -79.000      79.000
  0.1779E-12  0.1390E-05
[rows 125 to 149 of 159, columns 0 to 56 of 159]
1.7666E-10 1.8388E-10 1.9039E-10 1.9701E-10 2.0413E-10 2.1046E-10 2.1784E-10 2.2474E-10 2.3243E-10 2.3996E-10 2.4764E-10 2.5481E-10 2.6323E-10 2.7102E-10 2.7943E-10 2.8763E-10 2.9640E-10 3.0497E-10 3.1413E-10 3.2267E-10 3.3222E-10 3.4112E-10 3.5063E-10 3.6081E-10 3.6977E-10 3.8025E-10 3.9096E-10 4.0042E-10 4.1143E-10 4.2168E-10 4.3262E-10 4.4370E-10 4.5470E-10 4.6698E-10 4.7810E-10 4.8969E-10 5.0111E-10 5.1392E-10 5.2693E-10 5.3828E-10 5.5168E-10 5.6330E-10 5.7602E-10 5.8884E-10 6.0284E-10 6.1495E-10 6.2921E-10 6.4312E-10 6.5665E-10 6.7084E-10 6.8461E-10 7.0072E-10 7.1644E-10 7.3183E-10 7.4680E-10 7.6308E-10 7.7725E-10
1.7130E-10 1.7780E-10 1.8377E-10 1.9086E-10 1.9690E-10 2.0398E-10 2.1079E-10 2.1786E-10 2.2537E-10 2.3235E-10 2.3986E-10 2.4746E-10 2.5492E-10 2.6288E-10 2.7069E-10 2.7899E-10 2.8750E-10 2.9583E-10 3.0391E-10 3.1339E-10 3.2183E-10 3.3089E-10 3.4056E-10 3.4907E-10 3.5915E-10 3.6933E-10 3.7832E-10 3.8891E-10 3.9918E-10 4.0907E-10 4.2017E-10 4.2992E-10 4.4162E-10 4.5220E-10 4.6379E-10 4.7556E-10 4.8607E-10 4.9907E-10 5.0989E-10 5.2270E-10 5.3378E-10 5.4694E-10 5.5826E-10 5.7167E-10 5.8424E-10 5.9695E-10 6.0975E-10 6.2269E-10 6.3627E-10 6.4944E-10 6.6327E-10 6.7829E-10 6.9245E-10 7.0781E-10 7.2283E-10 7.3797E-10 7.5329E-10
1.6542E-10 1.7119E-10 1.7798E-10 1.8359E-10 1.9066E-10 1.9719E-10 2.0393E-10 2.1105E-10 2.1771E-10 2.2521E-10 2.3209E-10 2.3953E-10 2.4676E-10 2.5453E-10 2.6239E-10 2.7048E-10 2.7837E-10 2.8642E-10 2.9504E-10 3.0304E-10 3.1204E-10 3.2083E-10 3.2931E-10 3.3889E-10 3.4816E-10 3.5721E-10 3.6729E-10 3.7705E-10 3.8657E-10 3.9714E-10 4.0641E-10 4.1735E-10 4.2794E-10 4.3845E-10 4.5022E-10 4.6025E-10 4.7184E-10 4.8211E-10 4.9491E-10 5.0546E-10 5.1806E-10 5.2983E-10 5.4176E-10 5.5378E-10 5.6595E-10 5.7820E-10 5.9059E-10 6.0306E-10 6.1567E-10 6.2893E-10 6.4177E-10 6.5526E-10 6.6994E-10 6.8372E-10 6.9869E-10 7.1332E-10 7.2808E-10
1.5914E-10 1.6555E-10 1.7097E-10 1.7796E-10 1.8396E-10 1.9055E-10 1.9746E-10 2.0372E-10 2.1092E-10 2.1708E-10 2.2453E-10 2.3135E-10 2.3909E-10 2.4621E-10 2.5427E-10 2.6136E-10 2.6938E-10 2.7754E-10 2.8553E-10 2.9367E-10 3.0241E-10 3.1046E-10 3.1914E-10 3.2837E-10 3.3696E-10 3.4664E-10 3.5591E-10 3.6497E-10 3.7512E-10 3.8393E-10 3.9437E-10 4.0445E-10 4.1423E-10 4.2545E-10 4.3497E-10 4.4657E-10 4.5635E-10 4.6775E-10 4.7833E-10 4.9038E-10 5.0163E-10 5.1303E-10 5.2549E-10 5.3616E-10 5.4790E-10 5.5977E-10 5.7173E-10 5.8381E-10 5.9596E-10 6.0823E-10 6.2115E-10 6.3523E-10 6.4678E-10 6.6111E-10 6.7453E-10 6.8970E-10 7.0340E-10
1.5299E-10 1.5887E-10 1.6519E-10 1.7152E-10 1.7758E-10 1.8411E-10 1.9008E-10 1.9720E-10 2.0314E-10 2.1055E-10 2.1708E-10 2.2406E-10 2.3115E-10 2.3849E-10 2.4556E-10 2.5316E-10 2.6050E-10 2.6846E-10 2.7616E-10 2.8447E-10 2.9208E-10 3.0114E-10 3.0957E-10 3.1764E-10 3.2685E-10 3.3524E-10 3.4434E-10 3.5401E-10 3.6237E-10 3.7240E-10 3.8199E-10 3.9130E-10 4.0176E-10 4.1079E-10 4.2186E-10 4.3170E-10 4.4259E-10 4.5270E-10 4.6331E-10 4.7551E-10 4.8547E-10 4.9743E-10 5.0761E-10 5.1981E-10 5.3020E-10 5.4263E-10 5.5320E-10 5.6585E-10 5.7661E-10 5.8947E-10 6.0196E-10 6.1299E-10 6.2673E-10 6.3792E-10 6.5351E-10 6.6494E-10 6.7973E-10
1.4485E-10 1.5305E-10 1.5937E-10 1.6516E-10 1.7162E-10 1.7708E-10 1.8413E-10 1.8979E-10 1.9647E-10 2.0305E-10 2.0971E-10 2.1687E-10 2.2342E-10 2.3049E-10 2.3736E-10 2.4507E-10 2.5223E-10 2.5991E-10 2.6739E-10 2.7499E-10 2.8320E-10 2.9117E-10 2.9925E-10 3.0757E-10 3.1594E-10 3.2459E-10 3.3336E-10 3.4179E-10 3.5133E-10 3.6053E-10 3.6939E-10 3.7937E-10 3.8796E-10 3.9825E-10 4.0761E-10 4.1796E-10 4.2848E-10 4.3828E-10 4.4909E-10 4.5854E-10 4.7053E-10 4.8023E-10 4.9192E-10 5.0181E-10 5.1374E-10 5.2383E-10 5.3599E-10 5.4626E-10 5.5863E-10 5.6906E-10 5.8159E-10 5.9375E-10 6.0548E-10 6.1784E-10 6.3028E-10 6.4394E-10 6.5501E-10
1.3830E-10 1.4481E-10 1.5231E-10 1.5906E-10 1.6464E-10 1.7115E-10 1.7670E-10 1.8347E-10 1.8967E-10 1.9603E-10 2.0281E-10 2.0905E-10 2.1619E-10 2.2229E-10 2.2967E-10 2.3642E-10 2.4409E-10 2.5077E-10 2.5835E-10 2.6613E-10 2.7408E-10 2.8133E-10 2.8962E-10 2.9761E-10 3.0535E-10 3.1408E-10 3.2211E-10 3.3073E-10 3.3999E-10 3.4842E-10 3.5745E-10 3.6612E-10 3.7594E-10 3.8538E-10 3.9444E-10 4.0500E-10 4.1378E-10 4.2466E-10 4.3366E-10 4.4423E-10 4.5343E-10 4.6520E-10 4.7558E-10 4.8608E-10 4.9666E-10 5.0736E-10 5.1812E-10 5.2901E-10 5.3897E-10 5.5104E-10 5.6115E-10 5.7337E-10 5.8523E-10 5.9663E-10 6.0866E-10 6.2077E-10 6.3409E-10
1.2799E-10 1.3757E-10 1.4435E-10 1.5152E-10 1.5842E-10 1.6489E-10 1.7041E-10 1.7664E-10 1.8262E-10 1.8911E-10 1.9505E-10 2.0212E-10 2.0793E-10 2.1499E-10 2.2136E-10 2.2869E-10 2.3498E-10 2.4255E-10 2.4950E-10 2.5744E-10 2.6430E-10 2.7214E-10 2.7971E-10 2.8746E-10 2.9532E-10 3.0292E-10 3.1204E-10 3.1989E-10 3.2839E-10 3.3699E-10 3.4524E-10 3.5412E-10 3.6364E-10 3.7227E-10 3.8152E-10 3.9037E-10 4.0076E-10 4.0931E-10 4.1997E-10 4.2874E-10 4.3909E-10 4.4898E-10 4.5956E-10 4.6968E-10 4.7991E-10 4.9022E-10 5.0064E-10 5.1113E-10 5.2174E-10 5.3141E-10 5.4318E-10 5.5299E-10 5.6490E-10 5.7645E-10 5.8752E-10 5.9922E-10 6.1100E-10
1.2045E-10 1.2696E-10 1.3727E-10 1.4356E-10 1.5134E-10 1.5799E-10 1.6433E-10 1.6956E-10 1.7646E-10 1.8164E-10 1.8850E-10 1.9394E-10 2.0102E-10 2.0668E-10 2.1403E-10 2.1994E-10 2.2755E-10 2.3373E-10 2.4126E-10 2.4771E-10 2.5555E-10 2.6229E-10 2.7043E-10 2.7797E-10 2.8551E-10 2.9333E-10 3.0117E-10 3.0928E-10 3.1749E-10 3.2533E-10 3.3429E-10 3.4237E-10 3.5108E-10 3.5990E-10 3.6833E-10 3.7740E-10 3.8604E-10 3.9625E-10 4.0511E-10 4.1501E-10 4.2500E-10 4.3365E-10 4.4422E-10 4.5364E-10 4.6351E-10 4.7349E-10 4.8354E-10 4.9368E-10 5.0390E-10 5.1424E-10 5.2460E-10 5.3509E-10 5.4458E-10 5.5619E-10 5.6742E-10 5.7816E-10 5.8953E-10
1.1290E-10 1.2040E-10 1.2665E-10 1.3661E-10 1.4268E-10 1.5033E-10 1.5707E-10 1.6344E-10 1.6906E-10 1.7545E-10 1.8131E-10 1.8767E-10 1.9384E-10 2.0008E-10 2.0605E-10 2.1292E-10 2.1954E-10 2.2591E-10 2.3277E-10 2.3941E-10 2.4615E-10 2.5390E-10 2.6059E-10 2.6815E-10 2.7556E-10 2.8345E-10 2.9066E-10 2.9887E-10 3.0631E-10 3.1437E-10 3.2305E-10 3.3086E-10 3.3928E-10 3.4730E-10 3.5647E-10 3.6470E-10 3.7357E-10 3.8289E-10 3.9146E-10 4.0102E-10 4.0980E-10 4.1957E-10 4.2798E-10 4.3889E-10 4.4750E-10 4.5807E-10 4.6685E-10 4.7664E-10 4.8651E-10 4.9745E-10 5.0651E-10 5.1658E-10 5.2676E-10 5.3595E-10 5.4880E-10 5.5816E-10 5.6857E-10
1.0328E-10 1.1304E-10 1.1993E-10 1.2604E-10 1.3611E-10 1.4165E-10 1.4950E-10 1.5680E-10 1.6246E-10 1.6843E-10 1.7434E-10 1.8056E-10 1.8640E-10 1.9287E-10 1.9866E-10 2.0531E-10 2.1133E-10 2.1823E-10 2.2412E-10 2.3128E-10 2.3781E-10 2.4490E-10 2.5169E-10 2.5866E-10 2.6616E-10 2.7298E-10 2.8074E-10 2.8779E-10 2.9588E-10 3.0367E-10 3.1107E-10 3.1959E-10 3.2722E-10 3.3546E-10 3.4380E-10 3.5228E-10 3.6032E-10 3.6899E-10 3.7812E-10 3.8648E-10 3.9584E-10 4.0439E-10 4.1395E-10 4.2212E-10 4.3281E-10 4.4116E-10 4.5149E-10 4.6000E-10 4.6953E-10 4.7913E-10 4.8979E-10 4.9856E-10 5.0935E-10 5.1823E-10 5.2711E-10 5.3964E-10 5.4868E-10
9.3592E-11 1.0149E-10 1.1164E-10 1.1919E-10 1.2526E-10 1.3491E-10 1.4130E-10 1.4869E-10 1.5586E-10 1.6152E-10 1.6796E-10 1.7311E-10 1.7963E-10 1.8503E-10 1.9179E-10 1.9712E-10 2.0407E-10 2.0961E-10 2.1641E-10 2.2258E-10 2.2965E-10 2.3567E-10 2.4307E-10 2.4933E-10 2.5658E-10 2.6356E-10 2.7065E-10 2.7836E-10 2.8526E-10 2.9270E-10 3.0034E-10 3.0757E-10 3.1594E-10 3.2390E-10 3.3145E-10 3.4015E-10 3.4791E-10 3.5629E-10 3.6424E-10 3.7371E-10 3.8133E-10 3.9047E-10 3.9880E-10 4.0814E-10 4.1700E-10 4.2653E-10 4.3558E-10 4.4471E-10 4.5296E-10 4.6222E-10 4.7155E-10 4.8193E-10 4.9042E-10 5.0091E-10 5.0949E-10 5.1806E-10 5.3028E-10
8.3519E-11 9.2525E-11 9.8962E-11 1.0989E-10 1.1776E-10 1.2468E-10 1.3272E-10 1.3974E-10 1.4714E-10 1.5458E-10 1.6036E-10 1.6648E-10 1.7163E-10 1.7855E-10 1.8354E-10 1.9023E-10 1.9546E-10 2.0270E-10 2.0777E-10 2.1486E-10 2.2054E-10 2.2750E-10 2.3341E-10 2.4069E-10 2.4731E-10 2.5436E-10 2.6129E-10 2.6775E-10 2.7532E-10 2.8257E-10 2.8987E-10 2.9735E-10 3.0442E-10 3.1212E-10 3.1992E-10 3.2729E-10 3.3581E-10 3.4339E-10 3.5158E-10 3.5932E-10 3.6860E-10 3.7600E-10 3.8493E-10 3.9304E-10 4.0215E-10 4.1078E-10 4.2007E-10 4.2887E-10 4.3775E-10 4.4574E-10 4.5473E-10 4.6378E-10 4.7389E-10 4.8208E-10 4.9228E-10 5.0056E-10 5.0883E-10
7.3273E-11 8.2400E-11 9.1555E-11 9.7343E-11 1.0715E-10 1.1703E-10 1.2344E-10 1.3011E-10 1.3941E-10 1.4547E-10 1.5253E-10 1.5886E-10 1.6524E-10 1.7022E-10 1.7682E-10 1.8204E-10 1.8857E-10 1.9370E-10 2.0085E-10 2.0581E-10 2.1281E-10 2.1838E-10 2.2562E-10 2.3149E-10 2.3859E-10 2.4468E-10 2.5208E-10 2.5840E-10 2.6562E-10 2.7214E-10 2.7926E-10 2.8640E-10 2.9372E-10 3.0115E-10 3.0868E-10 3.1579E-10 3.2350E-10 3.3132E-10 3.3923E-10 3.4670E-10 3.5566E-10 3.6333E-10 3.7141E-10 3.7923E-10 3.8711E-10 3.9599E-10 4.0439E-10 4.1343E-10 4.2200E-10 4.3062E-10 4.3834E-10 4.4707E-10 4.5584E-10 4.6567E-10 4.7358E-10 4.8348E-10 4.9146E-10
6.5431E-11 7.1903E-11 7.9671E-11 9.0545E-11 9.6531E-11 1.0408E-10 1.1545E-10 1.2212E-10 1.2898E-10 1.3747E-10 1.4457E-10 1.5140E-10 1.5864E-10 1.6358E-10 1.6958E-10 1.7532E-10 1.8148E-10 1.8680E-10 1.9297E-10 1.9890E-10 2.0451E-10 2.1103E-10 2.1610E-10 2.2323E-10 2.2899E-10 2.3596E-10 2.4192E-10 2.4920E-10 2.5538E-10 2.6246E-10 2.6933E-10 2.7581E-10 2.8330E-10 2.8996E-10 2.9773E-10 3.0458E-10 3.1203E-10 3.1905E-10 3.2669E-10 3.3441E-10 3.4168E-10 3.5044E-10 3.5790E-10 3.6577E-10 3.7337E-10 3.8193E-10 3.8967E-10 3.9784E-10 4.0664E-10 4.1496E-10 4.2332E-10 4.3174E-10 4.3925E-10 4.4774E-10 4.5729E-10 4.6491E-10 4.7354E-10
5.5954E-11 6.4484E-11 7.0935E-11 7.7024E-11 8.9346E-11 9.5375E-11 1.0246E-10 1.1217E-10 1.2067E-10 1.2776E-10 1.3514E-10 1.4268E-10 1.4913E-10 1.5683E-10 1.6209E-10 1.6808E-10 1.7341E-10 1.7986E-10 1.8494E-10 1.9101E-10 1.9684E-10 2.0235E-10 2.0877E-10 2.1411E-10 2.2074E-10 2.2637E-10 2.3322E-10 2.3905E-10 2.4620E-10 2.5224E-10 2.5918E-10 2.6591E-10 2.7265E-10 2.7956E-10 2.8606E-10 2.9367E-10 3.0035E-10 3.0762E-10 3.1446E-10 3.2191E-10 3.2944E-10 3.3651E-10 3.4508E-10 3.5232E-10 3.6053E-10 3.6736E-10 3.7570E-10 3.8321E-10 3.9115E-10 3.9970E-10 4.0777E-10 4.1588E-10 4.2403E-10 4.3127E-10 4.3949E-10 4.4876E-10 4.5610E-10
4.7368E-11 5.4507E-11 6.2887E-11 6.9613E-11 7.6404E-11 8.5835E-11 9.3859E-11 1.0061E-10 1.0824E-10 1.1927E-10 1.2622E-10 1.3235E-10 1.4052E-10 1.4747E-10 1.5461E-10 1.6003E-10 1.6649E-10 1.7165E-10 1.7777E-10 1.8276E-10 1.8935E-10 1.9469E-10 2.0048E-10 2.0640E-10 2.1201E-10 2.1861E-10 2.2404E-10 2.3085E-10 2.3607E-10 2.4308E-10 2.4898E-10 2.5578E-10 2.6236E-10 2.6894E-10 2.7570E-10 2.8255E-10 2.8948E-10 2.9650E-10 3.0309E-10 3.0974E-10 3.1700E-10 3.2434E-10 3.3121E-10 3.3958E-10 3.4661E-10 3.5461E-10 3.6122E-10 3.6934E-10 3.7661E-10 3.8431E-10 3.9262E-10 4.0044E-10 4.0829E-10 4.1619E-10 4.2316E-10 4.3110E-10 4.4010E-10
3.9100E-11 4.6346E-11 5.1789E-11 6.1275E-11 6.8734E-11 7.3850E-11 8.0833E-11 9.2706E-11 9.9463E-11 1.0564E-10 1.1422E-10 1.2458E-10 1.3020E-10 1.3836E-10 1.4479E-10 1.5184E-10 1.5807E-10 1.6475E-10 1.6957E-10 1.7592E-10 1.8072E-10 1.8735E-10 1.9244E-10 1.9890E-10 2.0393E-10 2.1021E-10 2.1591E-10 2.2161E-10 2.2790E-10 2.3346E-10 2.4035E-10 2.4611E-10 2.5227E-10 2.5870E-10 2.6513E-10 2.7173E-10 2.7841E-10 2.8518E-10 2.9202E-10 2.9843E-10 3.0542E-10 3.1197E-10 3.1911E-10 3.2579E-10 3.3396E-10 3.4078E-10 3.4856E-10 3.5495E-10 3.6284E-10 3.6988E-10 3.7735E-10 3.8486E-10 3.9299E-10 4.0058E-10 4.0727E-10 4.1493E-10 4.2260E-10
3.0916E-11 3.8037E-11 4.5901E-11 4.9860E-11 5.8263E-11 6.7864E-11 7.2305E-11 7.8798E-11 8.9676E-11 9.7636E-11 1.0365E-10 1.1190E-10 1.2120E-10 1.2850E-10 1.3530E-10 1.4291E-10 1.5023E-10 1.5513E-10 1.6246E-10 1.6765E-10 1.7366E-10 1.7844E-10 1.8513E-10 1.8987E-10 1.9646E-10 2.0137E-10 2.0754E-10 2.1311E-10 2.1908E-10 2.2484E-10 2.3027E-10 2.3702E-10 2.4264E-10 2.4915E-10 2.5543E-10 2.6120E-10 2.6764E-10 2.7416E-10 2.8076E-10 2.8743E-10 2.9417E-10 3.0046E-10 3.0682E-10 3.1377E-10 3.2024E-10 3.2821E-10 3.3482E-10 3.4239E-10 3.4857E-10 3.5623E-10 3.6303E-10 3.7027E-10 3.7754E-10 3.8542E-10 3.9276E-10 3.9919E-10 4.0659E-10
2.5942E-11 2.9743E-11 3.5799E-11 4.4151E-11 4.8864E-11 5.5217E-11 6.6320E-11 7.1159E-11 7.6877E-11 8.5643E-11 9.5636E-11 1.0257E-10 1.0843E-10 1.1711E-10 1.2505E-10 1.3265E-10 1.4030E-10 1.4711E-10 1.5362E-10 1.6008E-10 1.6593E-10 1.7157E-10 1.7600E-10 1.8221E-10 1.8721E-10 1.9369E-10 1.9872E-10 2.0477E-10 2.1022E-10 2.1606E-10 2.2169E-10 2.2699E-10 2.3360E-10 2.3907E-10 2.4592E-10 2.5156E-10 2.5767E-10 2.6345E-10 2.6981E-10 2.7623E-10 2.8273E-10 2.8929E-10 2.9540E-10 3.0157E-10 3.0832E-10 3.1548E-10 3.2236E-10 3.2876E-10 3.3612E-10 3.4207E-10 3.4951E-10 3.5608E-10 3.6309E-10 3.7011E-10 3.7774E-10 3.8390E-10 3.9101E-10
2.0243E-11 2.4826E-11 2.9229E-11 3.3071E-11 4.2643E-11 4.7914E-11 5.3029E-11 6.0179E-11 6.9178E-11 7.5776E-11 8.1997E-11 8.9490E-11 1.0032E-10 1.0643E-10 1.1364E-10 1.2094E-10 1.3067E-10 1.3824E-10 1.4374E-10 1.5057E-10 1.5740E-10 1.6363E-10 1.6861E-10 1.7448E-10 1.7959E-10 1.8439E-10 1.9046E-10 1.9575E-10 2.0167E-10 2.0724E-10 2.1295E-10 2.1845E-10 2.2361E-10 2.3008E-10 2.3540E-10 2.4211E-10 2.4760E-10 2.5313E-10 2.5917E-10 2.6536E-10 2.7160E-10 2.7792E-10 2.8431E-10 2.9024E-10 2.9673E-10 3.0277E-10 3.0973E-10 3.1641E-10 3.2260E-10 3.2974E-10 3.3548E-10 3.4269E-10 3.4904E-10 3.5581E-10 3.6259E-10 3.6998E-10 3.7589E-10
1.4584E-11 1.7282E-11 2.3585E-11 2.7582E-11 3.1310E-11 3.9648E-11 4.6521E-11 5.1409E-11 5.8295E-11 6.6344E-11 7.3944E-11 7.8946E-11 8.7606E-11 9.6803E-11 1.0399E-10 1.1049E-10 1.1810E-10 1.2540E-10 1.3406E-10 1.4103E-10 1.4803E-10 1.5444E-10 1.6095E-10 1.6615E-10 1.7167E-10 1.7713E-10 1.8158E-10 1.8778E-10 1.9270E-10 1.9883E-10 2.0394E-10 2.0936E-10 2.1512E-10 2.2015E-10 2.2647E-10 2.3165E-10 2.3821E-10 2.4354E-10 2.4892E-10 2.5479E-10 2.6081E-10 2.6638E-10 2.7303E-10 2.7924E-10 2.8498E-10 2.9129E-10 2.9713E-10 3.0390E-10 3.0984E-10 3.1635E-10 3.2274E-10 3.2880E-10 3.3578E-10 3.4191E-10 3.4845E-10 3.5499E-10 3.6213E-10
1.2407E-11 1.4004E-11 1.6048E-11 2.1302E-11 2.6773E-11 2.9955E-11 3.5868E-11 4.5697E-11 5.0802E-11 5.4645E-11 6.2895E-11 7.2898E-11 7.7204E-11 8.4489E-11 9.2655E-11 1.0021E-10 1.0792E-10 1.1504E-10 1.2146E-10 1.2862E-10 1.3808E-10 1.4456E-10 1.5166E-10 1.5678E-10 1.6361E-10 1.6895E-10 1.7414E-10 1.7909E-10 1.8478E-10 1.8944E-10 1.9558E-10 2.0080E-10 2.0586E-10 2.1147E-10 2.1660E-10 2.2278E-10 2.2782E-10 2.3422E-10 2.3940E-10 2.4462E-10 2.5083E-10 2.5618E-10 2.6158E-10 2.6806E-10 2.7408E-10 2.7965E-10 2.8576E-10 2.9141E-10 2.9798E-10 3.0372E-10 3.0949E-10 3.1620E-10 3.2205E-10 3.2826E-10 3.3415E-10 3.4102E-10 3.4733E-10
6.8224E-12 1.0675E-11 1.3577E-11 1.5342E-11 1.8468E-11 2.5735E-11 2.9362E-11 3.3995E-11 4.0849E-11 4.8930E-11 5.3745E-11 6.0146E-11 6.7053E-11 7.5219E-11 8.1530E-11 8.8896E-11 9.5585E-11 1.0317E-10 1.1239E-10 1.1864E-10 1.2433E-10 1.3149E-10 1.3993E-10 1.4744E-10 1.5361E-10 1.5957E-10 1.6624E-10 1.7076E-10 1.7654E-10 1.8148E-10 1.8625E-10 1.9227E-10 1.9697E-10 2.0228E-10 2.0760E-10 2.1275E-10 2.1861E-10 2.2391E-10 2.2975E-10 2.3518E-10 2.4025E-10 2.4629E-10 2.5148E-10 2.5671E-10 2.6249E-10 2.6885E-10 2.7423E-10 2.8016E-10 2.8562E-10 2.9199E-10 2.9753E-10 3.0309E-10 3.0959E-10 3.1523E-10 3.2032E-10 3.2689E-10 3.3352E-10
4.7965E-12 6.2207E-12 8.0526E-12 1.2671E-11 1.4553E-11 1.7050E-11 2.2719E-11 2.7477E-11 3.2698E-11 3.8376E-11 4.5663E-11 5.1760E-11 5.6833E-11 6.3613E-11 7.0653E-11 7.8824E-11 8.6114E-11 9.1673E-11 9.8909E-11 1.0722E-10 1.1545E-10 1.2149E-10 1.2680E-10 1.3563E-10 1.4197E-10 1.5005E-10 1.5651E-10 1.6245E-10 1.6812E-10 1.7330E-10 1.7860E-10 1.8277E-10 1.8890E-10 1.9346E-10 1.9936E-10 2.0430E-10 2.0883E-10 2.1455E-10 2.1969E-10 2.2562E-10 2.3090E-10 2.3581E-10 2.4168E-10 2.4671E-10 2.5177E-10 2.5737E-10 2.6355E-10 2.6875E-10 2.7397E-10 2.7976E-10 2.8593E-10 2.9128E-10 2.9664E-10 3.0292E-10 3.0835E-10 3.1323E-10 3.1958E-10
