Assets/Resources/2015_m01_d14_0800(utc+0800)_l00_csi_1hr_conc.grd
DSAA
         159         159
     -79.000      79.000
     -79.000      79.000
  0.0000E+00  0.5484E-05
[rows 100 to 124 of 159, columns 0 to 56 of 159]
1.3443E-10 1.4134E-10 1.4848E-10 1.5594E-10 1.6094E-10 1.6723E-10 1.7302E-10 1.7728E-10 1.8147E-10 1.8965E-10 1.9403E-10 1.9832E-10 2.0251E-10 2.1077E-10 2.1507E-10 2.1925E-10 2.2327E-10 2.2713E-10 2.3536E-10 2.3920E-10 2.4497E-10 2.4857E-10 2.5899E-10 2.6269E-10 2.6868E-10 2.7817E-10 2.8459E-10 2.9691E-10 3.0100E-10 3.0545E-10 3.1702E-10 3.2150E-10 3.2898E-10 3.3507E-10 3.4532E-10 3.5322E-10 3.6781E-10 3.7297E-10 4.0953E-10 4.1352E-10 4.1666E-10 4.9609E-10 5.1576E-10 5.2703E-10 5.3891E-10 5.9777E-10 6.7615E-10 7.0083E-10 7.2080E-10 7.3556E-10 7.4834E-10 8.6207E-10 9.2576E-10 9.4345E-10 9.8139E-10 1.0058E-09 1.0199E-09
1.1752E-10 1.2361E-10 1.2995E-10 1.3565E-10 1.4166E-10 1.4876E-10 1.5307E-10 1.5969E-10 1.6341E-10 1.6707E-10 1.7374E-10 1.7833E-10 1.8205E-10 1.8565E-10 1.8914E-10 1.9679E-10 2.0034E-10 2.0373E-10 2.0697E-10 2.1349E-10 2.1943E-10 2.2259E-10 2.2767E-10 2.3246E-10 2.4034E-10 2.4334E-10 2.5106E-10 2.6001E-10 2.6319E-10 2.7095E-10 2.7575E-10 2.8124E-10 2.8822E-10 2.9151E-10 2.9739E-10 3.0260E-10 3.0866E-10 3.1591E-10 3.2509E-10 3.2855E-10 3.5678E-10 3.6479E-10 3.6593E-10 4.3393E-10 4.5339E-10 4.6514E-10 4.7280E-10 4.7917E-10 5.3234E-10 6.0684E-10 6.2491E-10 6.3366E-10 6.4985E-10 6.5929E-10 7.1816E-10 7.7625E-10 7.8531E-10
1.0345E-10 1.0648E-10 1.1167E-10 1.1740E-10 1.2341E-10 1.3058E-10 1.3708E-10 1.4016E-10 1.4543E-10 1.5017E-10 1.5333E-10 1.5640E-10 1.6339E-10 1.6657E-10 1.6965E-10 1.7260E-10 1.7946E-10 1.8244E-10 1.8528E-10 1.8794E-10 1.9043E-10 1.9623E-10 2.0138E-10 2.0374E-10 2.0804E-10 2.1203E-10 2.1905E-10 2.2358E-10 2.2814E-10 2.3256E-10 2.3570E-10 2.4128E-10 2.4658E-10 2.4882E-10 2.5309E-10 2.5533E-10 2.5846E-10 2.6098E-10 2.6655E-10 2.7011E-10 2.7758E-10 2.7974E-10 3.0229E-10 3.1196E-10 3.1273E-10 3.5719E-10 3.7845E-10 3.9667E-10 4.0320E-10 4.0958E-10 4.1244E-10 4.6485E-10 5.1705E-10 5.4232E-10 5.4865E-10 5.5303E-10 5.6526E-10
9.1946E-11 9.4135E-11 9.7987E-11 9.9773E-11 1.0464E-10 1.1094E-10 1.1656E-10 1.2248E-10 1.2860E-10 1.3199E-10 1.3757E-10 1.4028E-10 1.4290E-10 1.4625E-10 1.5192E-10 1.5451E-10 1.5698E-10 1.5932E-10 1.6483E-10 1.6791E-10 1.7008E-10 1.7207E-10 1.7388E-10 1.7816E-10 1.8142E-10 1.8289E-10 1.8413E-10 1.8609E-10 1.8963E-10 1.9080E-10 1.9212E-10 1.9438E-10 1.9435E-10 1.9734E-10 2.0102E-10 2.0130E-10 2.0382E-10 2.0453E-10 2.0443E-10 2.0970E-10 2.1109E-10 2.1530E-10 2.2037E-10 2.2193E-10 2.3744E-10 2.4574E-10 2.5254E-10 2.5508E-10 3.0275E-10 3.2554E-10 3.3903E-10 3.4329E-10 3.5034E-10 3.5219E-10 3.5273E-10 4.0472E-10 4.0630E-10
7.9565E-11 8.3292E-11 8.6053E-11 8.7906E-11 9.1432E-11 9.4655E-11 9.7390E-11 1.0334E-10 1.0954E-10 1.1413E-10 1.1985E-10 1.2280E-10 1.2794E-10 1.3015E-10 1.3227E-10 1.3591E-10 1.4027E-10 1.4230E-10 1.4421E-10 1.4598E-10 1.5014E-10 1.5337E-10 1.5493E-10 1.5632E-10 1.5711E-10 1.5992E-10 1.6171E-10 1.6293E-10 1.6314E-10 1.6266E-10 1.6439E-10 1.6539E-10 1.6578E-10 1.6702E-10 1.6743E-10 1.6853E-10 1.7167E-10 1.7099E-10 1.7058E-10 1.7087E-10 1.7235E-10 1.7462E-10 1.7685E-10 1.7444E-10 1.7604E-10 1.8045E-10 1.8068E-10 1.9188E-10 2.0258E-10 2.0043E-10 2.0657E-10 2.0826E-10 2.5946E-10 2.6427E-10 2.8340E-10 2.8358E-10 2.8148E-10
6.7253E-11 7.0103E-11 7.1576E-11 7.4936E-11 7.7680E-11 8.0552E-11 8.3047E-11 8.6713E-11 9.0566E-11 9.4809E-11 1.0144E-10 1.0655E-10 1.1171E-10 1.1346E-10 1.1816E-10 1.1991E-10 1.2156E-10 1.2473E-10 1.2856E-10 1.2970E-10 1.3026E-10 1.3065E-10 1.3304E-10 1.3652E-10 1.3711E-10 1.3753E-10 1.3787E-10 1.3932E-10 1.4065E-10 1.4090E-10 1.4096E-10 1.4056E-10 1.4045E-10 1.3974E-10 1.3978E-10 1.3916E-10 1.3963E-10 1.4091E-10 1.3999E-10 1.3869E-10 1.3914E-10 1.3706E-10 1.3942E-10 1.4085E-10 1.4045E-10 1.4033E-10 1.3819E-10 1.3691E-10 1.3809E-10 1.4230E-10 1.3994E-10 1.3956E-10 1.4992E-10 1.4814E-10 1.5557E-10 1.5705E-10 1.5592E-10
5.5321E-11 5.6546E-11 5.8491E-11 6.1100E-11 6.3394E-11 6.5773E-11 6.8666E-11 7.1416E-11 7.2970E-11 7.5918E-11 7.8971E-11 8.2931E-11 8.9114E-11 9.3785E-11 9.9369E-11 1.0073E-10 1.0501E-10 1.0635E-10 1.0760E-10 1.1036E-10 1.1253E-10 1.1397E-10 1.1455E-10 1.1500E-10 1.1571E-10 1.1708E-10 1.1849E-10 1.1880E-10 1.1877E-10 1.1857E-10 1.1815E-10 1.1808E-10 1.1785E-10 1.1793E-10 1.1743E-10 1.1521E-10 1.1412E-10 1.1381E-10 1.1327E-10 1.1182E-10 1.0983E-10 1.1013E-10 1.0762E-10 1.0556E-10 1.0743E-10 1.0823E-10 1.0738E-10 1.0684E-10 1.0497E-10 1.0186E-10 1.0212E-10 1.0063E-10 9.8235E-11 9.4957E-11 9.1889E-11 9.0165E-11 8.4648E-11
4.3625E-11 4.4574E-11 4.6636E-11 4.9233E-11 5.0803E-11 5.3468E-11 5.5430E-11 5.6683E-11 5.7613E-11 6.0957E-11 6.2979E-11 6.3573E-11 6.6599E-11 7.0261E-11 7.3060E-11 7.9658E-11 8.5643E-11 8.7512E-11 8.9993E-11 9.2388E-11 9.3296E-11 9.4933E-11 9.6760E-11 9.7751E-11 9.8733E-11 9.8875E-11 9.7980E-11 9.9543E-11 9.9362E-11 9.9849E-11 9.9813E-11 9.8916E-11 9.8349E-11 9.6603E-11 9.6352E-11 9.5050E-11 9.4441E-11 9.1636E-11 9.0327E-11 8.8715E-11 8.8797E-11 8.7078E-11 8.6133E-11 8.3507E-11 8.1886E-11 8.1326E-11 8.0489E-11 7.8976E-11 7.9619E-11 7.7387E-11 7.5045E-11 7.2086E-11 7.0838E-11 6.7179E-11 6.4775E-11 6.1779E-11 5.9687E-11
3.3475E-11 3.4215E-11 3.6340E-11 3.9824E-11 4.0690E-11 4.2449E-11 4.3577E-11 4.4636E-11 4.5830E-11 4.7659E-11 4.9204E-11 5.0284E-11 5.1767E-11 5.4388E-11 5.7123E-11 5.9213E-11 6.0278E-11 6.2386E-11 6.8318E-11 7.3157E-11 7.5782E-11 7.7888E-11 7.8733E-11 7.9593E-11 7.9605E-11 8.1581E-11 8.2292E-11 8.2412E-11 8.1746E-11 8.0985E-11 8.0468E-11 8.0464E-11 7.9956E-11 7.8903E-11 7.8520E-11 7.6265E-11 7.5374E-11 7.3934E-11 7.1903E-11 7.0503E-11 7.0669E-11 6.8661E-11 6.8432E-11 6.6403E-11 6.3506E-11 6.2203E-11 5.9664E-11 5.6289E-11 5.5686E-11 5.5457E-11 5.4452E-11 5.4642E-11 5.2275E-11 5.0056E-11 4.7900E-11 4.5074E-11 4.0716E-11
2.4232E-11 2.5236E-11 2.7722E-11 2.9722E-11 3.0339E-11 3.2250E-11 3.3212E-11 3.3895E-11 3.5616E-11 3.7062E-11 3.7938E-11 3.8903E-11 3.9790E-11 4.1377E-11 4.2807E-11 4.4082E-11 4.5352E-11 4.6685E-11 4.8107E-11 4.9794E-11 5.1531E-11 5.5145E-11 5.6595E-11 5.9204E-11 6.2285E-11 6.4004E-11 6.5284E-11 6.5456E-11 6.4850E-11 6.4844E-11 6.4738E-11 6.3855E-11 6.3100E-11 6.2534E-11 6.1434E-11 6.1291E-11 5.9241E-11 5.7448E-11 5.6652E-11 5.5585E-11 5.2925E-11 5.0819E-11 4.9330E-11 4.8070E-11 4.7918E-11 4.5842E-11 4.3406E-11 4.2332E-11 3.9942E-11 3.6654E-11 3.6004E-11 3.3870E-11 3.2977E-11 3.2054E-11 3.1231E-11 2.9081E-11 2.7523E-11
1.9834E-11 1.9911E-11 2.0401E-11 2.0437E-11 2.1237E-11 2.2612E-11 2.3159E-11 2.4150E-11 2.6081E-11 2.7416E-11 2.7452E-11 2.8156E-11 2.9745E-11 2.9749E-11 3.0057E-11 3.0364E-11 3.1926E-11 3.2711E-11 3.3391E-11 3.4227E-11 3.5842E-11 3.6166E-11 3.6981E-11 3.8518E-11 3.8606E-11 3.9479E-11 3.9691E-11 4.3025E-11 4.3353E-11 4.5293E-11 4.5714E-11 4.5427E-11 4.5358E-11 4.3923E-11 4.4560E-11 4.3955E-11 4.2102E-11 4.1543E-11 3.9739E-11 3.9728E-11 3.8449E-11 3.7198E-11 3.5142E-11 3.2720E-11 3.1324E-11 3.0547E-11 3.0835E-11 2.7858E-11 2.5292E-11 2.3791E-11 2.1896E-11 2.0732E-11 1.7840E-11 1.6003E-11 1.4151E-11 1.2553E-11 1.3064E-11
1.6274E-11 1.6327E-11 1.6361E-11 1.6374E-11 1.6369E-11 1.6818E-11 1.6299E-11 1.6578E-11 1.7210E-11 1.7483E-11 1.7736E-11 1.8878E-11 1.9166E-11 1.9924E-11 1.9834E-11 2.0429E-11 2.0714E-11 2.0940E-11 2.1176E-11 2.1761E-11 2.1603E-11 2.3462E-11 2.3749E-11 2.4400E-11 2.4309E-11 2.3742E-11 2.4774E-11 2.6362E-11 2.6565E-11 2.6484E-11 2.5745E-11 2.6411E-11 2.6738E-11 2.7660E-11 2.7908E-11 2.6448E-11 2.5532E-11 2.6059E-11 2.4964E-11 2.4705E-11 2.3372E-11 2.2713E-11 2.1552E-11 2.0440E-11 1.6599E-11 1.5763E-11 1.5151E-11 1.3697E-11 1.3628E-11 1.2014E-11 1.1245E-11 1.0354E-11 8.7307E-12 7.1557E-12 7.1857E-12 6.4554E-12 5.6486E-12
1.4264E-11 1.4307E-11 1.4829E-11 1.4841E-11 1.4836E-11 1.4813E-11 1.4772E-11 1.4714E-11 1.4638E-11 1.4545E-11 1.3979E-11 1.4560E-11 1.4785E-11 1.4519E-11 1.4762E-11 1.4142E-11 1.5018E-11 1.4883E-11 1.4732E-11 1.4899E-11 1.5033E-11 1.4868E-11 1.4689E-11 1.4027E-11 1.3808E-11 1.4465E-11 1.6051E-11 1.6373E-11 1.5689E-11 1.4659E-11 1.5285E-11 1.5169E-11 1.3714E-11 1.2833E-11 1.3621E-11 1.3501E-11 1.3233E-11 1.2676E-11 1.2237E-11 1.1933E-11 1.1808E-11 1.0363E-11 9.2032E-12 8.5162E-12 7.2598E-12 7.1339E-12 4.5879E-12 4.4951E-12 4.0371E-12 2.7710E-12 3.1900E-12 3.9055E-12 3.7572E-12 4.4628E-12 3.1085E-12 3.2298E-12 3.3459E-12
1.2065E-11 1.2100E-11 1.2120E-11 1.2127E-11 1.2118E-11 1.2096E-11 1.2059E-11 1.2008E-11 1.1942E-11 1.1863E-11 1.1771E-11 1.1665E-11 1.1547E-11 1.1416E-11 1.0819E-11 1.1364E-11 1.1222E-11 1.0600E-11 1.0781E-11 1.0551E-11 1.0398E-11 1.0236E-11 9.6080E-12 1.0112E-11 9.3724E-12 8.2974E-12 8.1476E-12 8.0565E-12 7.4445E-12 6.7300E-12 6.1520E-12 6.0239E-12 6.7938E-12 6.5430E-12 7.3258E-12 6.8129E-12 6.0681E-12 6.1678E-12 6.1138E-12 5.2446E-12 5.1933E-12 3.3959E-12 3.3682E-12 3.3329E-12 2.9366E-12 1.6929E-12 1.6723E-12 9.1500E-13 8.9787E-13 0.0000E+00 0.0000E+00 0.0000E+00 0.0000E+00 1.4651E-13 7.4100E-13 1.3119E-12 1.8539E-12
1.0042E-11 1.0068E-11 1.0084E-11 1.0087E-11 1.0078E-11 1.0057E-11 1.0024E-11 9.9800E-12 9.9240E-12 9.8566E-12 9.7781E-12 9.6887E-12 9.5887E-12 9.0370E-12 8.9232E-12 8.8005E-12 8.6691E-12 8.0774E-12 7.9376E-12 7.7909E-12 6.6040E-12 6.3765E-12 6.2497E-12 6.4581E-12 5.8694E-12 5.7431E-12 5.4155E-12 4.8641E-12 4.7593E-12 4.6514E-12 4.0908E-12 3.4366E-12 2.9205E-12 2.8506E-12 2.4454E-12 1.8203E-12 9.7589E-13 9.4697E-13 9.1773E-13 0.0000E+00 0.0000E+00 0.0000E+00 0.0000E+00 0.0000E+00 0.0000E+00 0.0000E+00 0.0000E+00 0.0000E+00 0.0000E+00 0.0000E+00 0.0000E+00 0.0000E+00 0.0000E+00 0.0000E+00 0.0000E+00 0.0000E+00 0.0000E+00
7.7504E-12 7.7688E-12 7.7780E-12 7.7780E-12 7.7689E-12 7.7507E-12 7.7234E-12 7.6871E-12 7.6419E-12 7.5881E-12 7.5258E-12 7.4551E-12 7.3765E-12 7.2900E-12 7.1961E-12 6.5268E-12 5.9900E-12 5.8937E-12 5.7920E-12 5.2298E-12 5.1268E-12 5.0200E-12 4.3433E-12 3.8039E-12 3.7127E-12 3.6193E-12 3.0700E-12 2.4134E-12 2.3445E-12 1.8424E-12 1.7856E-12 1.7286E-12 1.1080E-12 6.2998E-13 6.0777E-13 5.8567E-13 0.0000E+00 0.0000E+00 0.0000E+00 0.0000E+00 0.0000E+00 0.0000E+00 0.0000E+00 0.0000E+00 0.0000E+00 0.0000E+00 0.0000E+00 0.0000E+00 0.0000E+00 0.0000E+00 0.0000E+00 0.0000E+00 0.0000E+00 0.0000E+00 0.0000E+00 0.0000E+00 0.0000E+00
6.1070E-12 6.5823E-12 6.5903E-12 6.5906E-12 6.5831E-12 6.5679E-12 5.9729E-12 5.9467E-12 5.9136E-12 5.8737E-12 5.3697E-12 5.3201E-12 5.2647E-12 5.2038E-12 5.1375E-12 5.0661E-12 4.9898E-12 4.3378E-12 3.8218E-12 3.7522E-12 3.6794E-12 3.6039E-12 3.0767E-12 3.0056E-12 2.3696E-12 1.8721E-12 1.8229E-12 1.7730E-12 1.7223E-12 1.1069E-12 6.3282E-13 6.1264E-13 5.9242E-13 0.0000E+00 0.0000E+00 0.0000E+00 0.0000E+00 0.0000E+00 0.0000E+00 0.0000E+00 0.0000E+00 0.0000E+00 0.0000E+00 0.0000E+00 0.0000E+00 0.0000E+00 0.0000E+00 0.0000E+00 0.0000E+00 0.0000E+00 0.0000E+00 0.0000E+00 0.0000E+00 0.0000E+00 0.0000E+00 0.0000E+00 0.0000E+00
4.9939E-12 5.0063E-12 5.0128E-12 5.0135E-12 5.0082E-12 4.9971E-12 4.9801E-12 4.9573E-12 4.9289E-12 4.8948E-12 4.2829E-12 3.8047E-12 3.7663E-12 3.7239E-12 3.6777E-12 3.1745E-12 3.1267E-12 3.0760E-12 3.0226E-12 2.3940E-12 2.3476E-12 1.8649E-12 1.8244E-12 1.7827E-12 1.7399E-12 1.6962E-12 1.0929E-12 6.2833E-13 6.1042E-13 5.9233E-13 5.7411E-13 0.0000E+00 0.0000E+00 0.0000E+00 0.0000E+00 0.0000E+00 0.0000E+00 0.0000E+00 0.0000E+00 0.0000E+00 0.0000E+00 0.0000E+00 0.0000E+00 0.0000E+00 0.0000E+00 0.0000E+00 0.0000E+00 0.0000E+00 0.0000E+00 0.0000E+00 0.0000E+00 0.0000E+00 0.0000E+00 0.0000E+00 0.0000E+00 0.0000E+00 0.0000E+00
3.1317E-12 3.1392E-12 3.1430E-12 3.1432E-12 3.1396E-12 3.1324E-12 3.1216E-12 3.1072E-12 3.0892E-12 3.0677E-12 3.0428E-12 3.0146E-12 2.9831E-12 2.3755E-12 1.9045E-12 1.8785E-12 1.8506E-12 1.8211E-12 1.7899E-12 1.7572E-12 1.7231E-12 1.1147E-12 1.0909E-12 6.3184E-13 6.1668E-13 6.0119E-13 5.8541E-13 0.0000E+00 0.0000E+00 0.0000E+00 0.0000E+00 0.0000E+00 0.0000E+00 0.0000E+00 0.0000E+00 0.0000E+00 0.0000E+00 0.0000E+00 0.0000E+00 0.0000E+00 0.0000E+00 0.0000E+00 0.0000E+00 0.0000E+00 0.0000E+00 0.0000E+00 0.0000E+00 0.0000E+00 0.0000E+00 0.0000E+00 0.0000E+00 0.0000E+00 0.0000E+00 0.0000E+00 0.0000E+00 0.0000E+00 0.0000E+00
1.8462E-12 1.8510E-12 1.8537E-12 1.8542E-12 1.8525E-12 1.8487E-12 1.8427E-12 1.8346E-12 1.8244E-12 1.8121E-12 1.7978E-12 1.7815E-12 1.7633E-12 1.7433E-12 1.7215E-12 1.6980E-12 1.1028E-12 6.4565E-13 6.3456E-13 6.2294E-13 6.1083E-13 5.9826E-13 5.8526E-13 0.0000E+00 0.0000E+00 0.0000E+00 0.0000E+00 0.0000E+00 0.0000E+00 0.0000E+00 0.0000E+00 0.0000E+00 0.0000E+00 0.0000E+00 0.0000E+00 0.0000E+00 0.0000E+00 0.0000E+00 0.0000E+00 0.0000E+00 0.0000E+00 0.0000E+00 0.0000E+00 0.0000E+00 0.0000E+00 0.0000E+00 0.0000E+00 0.0000E+00 0.0000E+00 0.0000E+00 0.0000E+00 0.0000E+00 0.0000E+00 0.0000E+00 0.0000E+00 0.0000E+00 0.0000E+00
6.5603E-13 6.5761E-13 1.2354E-12 1.2351E-12 6.5780E-13 6.5633E-13 6.5411E-13 6.5114E-13 6.4744E-13 6.4300E-13 6.3786E-13 6.3202E-13 6.2551E-13 6.1836E-13 6.1057E-13 6.0218E-13 5.9322E-13 5.8371E-13 0.0000E+00 0.0000E+00 0.0000E+00 0.0000E+00 0.0000E+00 0.0000E+00 0.0000E+00 0.0000E+00 0.0000E+00 0.0000E+00 0.0000E+00 0.0000E+00 0.0000E+00 0.0000E+00 0.0000E+00 0.0000E+00 0.0000E+00 0.0000E+00 0.0000E+00 0.0000E+00 0.0000E+00 0.0000E+00 0.0000E+00 0.0000E+00 0.0000E+00 0.0000E+00 0.0000E+00 0.0000E+00 0.0000E+00 0.0000E+00 0.0000E+00 0.0000E+00 0.0000E+00 0.0000E+00 0.0000E+00 0.0000E+00 0.0000E+00 0.0000E+00 0.0000E+00
5.9240E-13 5.9384E-13 5.9458E-13 5.9464E-13 5.9400E-13 5.9268E-13 5.9068E-13 5.8800E-13 5.8465E-13 5.8064E-13 5.7600E-13 0.0000E+00 0.0000E+00 0.0000E+00 0.0000E+00 0.0000E+00 0.0000E+00 0.0000E+00 0.0000E+00 0.0000E+00 0.0000E+00 0.0000E+00 0.0000E+00 0.0000E+00 0.0000E+00 0.0000E+00 0.0000E+00 0.0000E+00 0.0000E+00 0.0000E+00 0.0000E+00 0.0000E+00 0.0000E+00 0.0000E+00 0.0000E+00 0.0000E+00 0.0000E+00 0.0000E+00 0.0000E+00 0.0000E+00 0.0000E+00 0.0000E+00 0.0000E+00 0.0000E+00 0.0000E+00 0.0000E+00 0.0000E+00 0.0000E+00 0.0000E+00 0.0000E+00 0.0000E+00 0.0000E+00 0.0000E+00 0.0000E+00 0.0000E+00 0.0000E+00 0.0000E+00
0.0000E+00 0.0000E+00 0.0000E+00 0.0000E+00 0.0000E+00 0.0000E+00 0.0000E+00 0.0000E+00 0.0000E+00 0.0000E+00 0.0000E+00 0.0000E+00 0.0000E+00 0.0000E+00 0.0000E+00 0.0000E+00 0.0000E+00 0.0000E+00 0.0000E+00 0.0000E+00 0.0000E+00 0.0000E+00 0.0000E+00 0.0000E+00 0.0000E+00 0.0000E+00 0.0000E+00 0.0000E+00 0.0000E+00 0.0000E+00 0.0000E+00 0.0000E+00 0.0000E+00 0.0000E+00 0.0000E+00 0.0000E+00 0.0000E+00 0.0000E+00 0.0000E+00 0.0000E+00 0.0000E+00 0.0000E+00 0.0000E+00 0.0000E+00 0.0000E+00 0.0000E+00 0.0000E+00 0.0000E+00 0.0000E+00 0.0000E+00 0.0000E+00 0.0000E+00 0.0000E+00 0.0000E+00 0.0000E+00 0.0000E+00 0.0000E+00
0.0000E+00 0.0000E+00 0.0000E+00 0.0000E+00 0.0000E+00 0.0000E+00 0.0000E+00 0.0000E+00 0.0000E+00 0.0000E+00 0.0000E+00 0.0000E+00 0.0000E+00 0.0000E+00 0.0000E+00 0.0000E+00 0.0000E+00 0.0000E+00 0.0000E+00 0.0000E+00 0.0000E+00 0.0000E+00 0.0000E+00 0.0000E+00 0.0000E+00 0.0000E+00 0.0000E+00 0.0000E+00 0.0000E+00 0.0000E+00 0.0000E+00 0.0000E+00 0.0000E+00 0.0000E+00 0.0000E+00 0.0000E+00 0.0000E+00 0.0000E+00 0.0000E+00 0.0000E+00 0.0000E+00 0.0000E+00 0.0000E+00 0.0000E+00 0.0000E+00 0.0000E+00 0.0000E+00 0.0000E+00 0.0000E+00 0.0000E+00 0.0000E+00 0.0000E+00 0.0000E+00 0.0000E+00 0.0000E+00 0.0000E+00 0.0000E+00
0.0000E+00 0.0000E+00 0.0000E+00 0.0000E+00 0.0000E+00 0.0000E+00 0.0000E+00 0.0000E+00 0.0000E+00 0.0000E+00 0.0000E+00 0.0000E+00 0.0000E+00 0.0000E+00 0.0000E+00 0.0000E+00 0.0000E+00 0.0000E+00 0.0000E+00 0.0000E+00 0.0000E+00 0.0000E+00 0.0000E+00 0.0000E+00 0.0000E+00 0.0000E+00 0.0000E+00 0.0000E+00 0.0000E+00 0.0000E+00 0.0000E+00 0.0000E+00 0.0000E+00 0.0000E+00 0.0000E+00 0.0000E+00 0.0000E+00 0.0000E+00 0.0000E+00 0.0000E+00 0.0000E+00 0.0000E+00 0.0000E+00 0.0000E+00 0.0000E+00 0.0000E+00 0.0000E+00 0.0000E+00 0.0000E+00 0.0000E+00 0.0000E+00 0.0000E+00 0.0000E+00 0.0000E+00 0.0000E+00 0.0000E+00 0.0000E+00
