Assets/Resources/2015_m01_d10_1100(utc+0800)_l00_csi_1hr_conc.grd
DSAA
         159         159
     -79.000      79.000
     -79.000      79.000
  0.1116E-08  0.1686E-04
[rows 125 to 149 of 159, columns 0 to 56 of 159]
3.1934E-09 3.2873E-09 3.3834E-09 3.4856E-09 3.5863E-09 3.6889E-09 3.7966E-09 3.9045E-09 4.0132E-09 4.1283E-09 4.2409E-09 4.3598E-09 4.4762E-09 4.5991E-09 4.7226E-09 4.8453E-09 4.9728E-09 5.0970E-09 5.2274E-09 5.3543E-09 5.4889E-09 5.6237E-09 5.7529E-09 5.8886E-09 6.0383E-09 6.1700E-09 6.3013E-09 6.4322E-09 6.5625E-09 6.7035E-09 6.8461E-09 6.9861E-09 7.1252E-09 7.2638E-09 7.4011E-09 7.5354E-09 7.6734E-09 7.8024E-09 7.9406E-09 8.0677E-09 8.2064E-09 8.3318E-09 8.4556E-09 8.5778E-09 8.6981E-09 8.8191E-09 8.9407E-09 9.0600E-09 9.1846E-09 9.3078E-09 9.4343E-09 9.5587E-09 9.6756E-09 9.8252E-09 9.9492E-09 1.0072E-08 1.0189E-08
3.1771E-09 3.2699E-09 3.3647E-09 3.4658E-09 3.5651E-09 3.6663E-09 3.7737E-09 3.8791E-09 3.9862E-09 4.0997E-09 4.2106E-09 4.3281E-09 4.4430E-09 4.5642E-09 4.6868E-09 4.8064E-09 4.9319E-09 5.0544E-09 5.1831E-09 5.3096E-09 5.4401E-09 5.5724E-09 5.6990E-09 5.8321E-09 5.9791E-09 6.1080E-09 6.2366E-09 6.3647E-09 6.4923E-09 6.6304E-09 6.7638E-09 6.9010E-09 7.0350E-09 7.1704E-09 7.3052E-09 7.4390E-09 7.5695E-09 7.7038E-09 7.8281E-09 7.9627E-09 8.0853E-09 8.2204E-09 8.3412E-09 8.4603E-09 8.5776E-09 8.6930E-09 8.8064E-09 8.9283E-09 9.0425E-09 9.1628E-09 9.2839E-09 9.4063E-09 9.5293E-09 9.6419E-09 9.7928E-09 9.9144E-09 1.0035E-08
3.1601E-09 3.2518E-09 3.3455E-09 3.4453E-09 3.5433E-09 3.6432E-09 3.7491E-09 3.8530E-09 3.9586E-09 4.0704E-09 4.1801E-09 4.2962E-09 4.4094E-09 4.5286E-09 4.6493E-09 4.7670E-09 4.8911E-09 5.0121E-09 5.1388E-09 5.2675E-09 5.3909E-09 5.5207E-09 5.6448E-09 5.7753E-09 5.9195E-09 6.0458E-09 6.1717E-09 6.2971E-09 6.4220E-09 6.5517E-09 6.6849E-09 6.8147E-09 6.9457E-09 7.0761E-09 7.2081E-09 7.3395E-09 7.4697E-09 7.5960E-09 7.7269E-09 7.8469E-09 7.9781E-09 8.0962E-09 8.2276E-09 8.3438E-09 8.4581E-09 8.5706E-09 8.6811E-09 8.7895E-09 8.9073E-09 9.0184E-09 9.1343E-09 9.2534E-09 9.3594E-09 9.4941E-09 9.6029E-09 9.7594E-09 9.8769E-09
3.1426E-09 3.2331E-09 3.3256E-09 3.4241E-09 3.5209E-09 3.6194E-09 3.7239E-09 3.8263E-09 3.9335E-09 4.0412E-09 4.1494E-09 4.2638E-09 4.3795E-09 4.4926E-09 4.6115E-09 4.7280E-09 4.8506E-09 4.9696E-09 5.0940E-09 5.2203E-09 5.3413E-09 5.4686E-09 5.5902E-09 5.7165E-09 5.8548E-09 5.9834E-09 6.1067E-09 6.2295E-09 6.3517E-09 6.4787E-09 6.6022E-09 6.7292E-09 6.8555E-09 6.9833E-09 7.1103E-09 7.2388E-09 7.3665E-09 7.4934E-09 7.6160E-09 7.7435E-09 7.8592E-09 7.9869E-09 8.1006E-09 8.2283E-09 8.3399E-09 8.4495E-09 8.5572E-09 8.6627E-09 8.7660E-09 8.8794E-09 8.9875E-09 9.0989E-09 9.2127E-09 9.3138E-09 9.4540E-09 9.5598E-09 9.7011E-09
3.1245E-09 3.2139E-09 3.3052E-09 3.4025E-09 3.4979E-09 3.5950E-09 3.6981E-09 3.7992E-09 3.9054E-09 4.0117E-09 4.1204E-09 4.2308E-09 4.3438E-09 4.4563E-09 4.5741E-09 4.6894E-09 4.8100E-09 4.9290E-09 5.0488E-09 5.1728E-09 5.2914E-09 5.4147E-09 5.5354E-09 5.6592E-09 5.7931E-09 5.9154E-09 6.0416E-09 6.1618E-09 6.2812E-09 6.3994E-09 6.5228E-09 6.6429E-09 6.7667E-09 6.8897E-09 7.0140E-09 7.1376E-09 7.2628E-09 7.3966E-09 7.5109E-09 7.6297E-09 7.7538E-09 7.8652E-09 7.9893E-09 8.0986E-09 8.2227E-09 8.3296E-09 8.4344E-09 8.5372E-09 8.6376E-09 8.7354E-09 8.8444E-09 8.9502E-09 9.0538E-09 9.1706E-09 9.2676E-09 9.4099E-09 9.5134E-09
3.1058E-09 3.1941E-09 3.2842E-09 3.3803E-09 3.4744E-09 3.5702E-09 3.6721E-09 3.7721E-09 3.8770E-09 3.9816E-09 4.0897E-09 4.1963E-09 4.3091E-09 4.4195E-09 4.5362E-09 4.6505E-09 4.7689E-09 4.8868E-09 5.0032E-09 5.1234E-09 5.2411E-09 5.3621E-09 5.4786E-09 5.6001E-09 5.7281E-09 5.8529E-09 5.9705E-09 6.0939E-09 6.2103E-09 6.3257E-09 6.4403E-09 6.5607E-09 6.6771E-09 6.7975E-09 6.9172E-09 7.0383E-09 7.1587E-09 7.2808E-09 7.4121E-09 7.5222E-09 7.6372E-09 7.7580E-09 7.8651E-09 7.9857E-09 8.0905E-09 8.2108E-09 8.3129E-09 8.4128E-09 8.5103E-09 8.6055E-09 8.6984E-09 8.8000E-09 8.9073E-09 8.9958E-09 9.1236E-09 9.2171E-09 9.3578E-09
3.0867E-09 3.1739E-09 3.2627E-09 3.3576E-09 3.4503E-09 3.5452E-09 3.6449E-09 3.7448E-09 3.8480E-09 3.9500E-09 4.0566E-09 4.1632E-09 4.2727E-09 4.3844E-09 4.4977E-09 4.6100E-09 4.7263E-09 4.8432E-09 4.9574E-09 5.0752E-09 5.1889E-09 5.3076E-09 5.4234E-09 5.5468E-09 5.6680E-09 5.7829E-09 5.9050E-09 6.0190E-09 6.1393E-09 6.2522E-09 6.3641E-09 6.4748E-09 6.5919E-09 6.7049E-09 6.8222E-09 6.9388E-09 7.0568E-09 7.1740E-09 7.2928E-09 7.4216E-09 7.5277E-09 7.6322E-09 7.7562E-09 7.8590E-09 7.9760E-09 8.0762E-09 8.1741E-09 8.2896E-09 8.3845E-09 8.4772E-09 8.5676E-09 8.6556E-09 8.7528E-09 8.8571E-09 8.9433E-09 9.0727E-09 9.1634E-09
3.0671E-09 3.1531E-09 3.2408E-09 3.3343E-09 3.4263E-09 3.5201E-09 3.6187E-09 3.7157E-09 3.8177E-09 3.9191E-09 4.0237E-09 4.1297E-09 4.2392E-09 4.3462E-09 4.4590E-09 4.5688E-09 4.6831E-09 4.7968E-09 4.9099E-09 5.0252E-09 5.1382E-09 5.2546E-09 5.3695E-09 5.4856E-09 5.6013E-09 5.7199E-09 5.8313E-09 5.9507E-09 6.0613E-09 6.1787E-09 6.2880E-09 6.3962E-09 6.5032E-09 6.6173E-09 6.7269E-09 6.8412E-09 6.9546E-09 7.0695E-09 7.1835E-09 7.2991E-09 7.4136E-09 7.5274E-09 7.6277E-09 7.7486E-09 7.8468E-09 7.9600E-09 8.0553E-09 8.1486E-09 8.2601E-09 8.3504E-09 8.4384E-09 8.5240E-09 8.6072E-09 8.6880E-09 8.8043E-09 8.8867E-09 9.0188E-09
3.0470E-09 3.1319E-09 3.2212E-09 3.3103E-09 3.4022E-09 3.4948E-09 3.5908E-09 3.6876E-09 3.7869E-09 3.8880E-09 3.9920E-09 4.0963E-09 4.2029E-09 4.3103E-09 4.4182E-09 4.5297E-09 4.6383E-09 4.7510E-09 4.8621E-09 4.9752E-09 5.0873E-09 5.1980E-09 5.3109E-09 5.4234E-09 5.5386E-09 5.6495E-09 5.7656E-09 5.8738E-09 5.9906E-09 6.0977E-09 6.2121E-09 6.3179E-09 6.4226E-09 6.5261E-09 6.6372E-09 6.7434E-09 6.8547E-09 6.9649E-09 7.0767E-09 7.1874E-09 7.2998E-09 7.3973E-09 7.5213E-09 7.6172E-09 7.7347E-09 7.8284E-09 7.9378E-09 8.0286E-09 8.1174E-09 8.2251E-09 8.3108E-09 8.3941E-09 8.4752E-09 8.5539E-09 8.6302E-09 8.7476E-09 8.8262E-09
3.0265E-09 3.1103E-09 3.1981E-09 3.2871E-09 3.3767E-09 3.4690E-09 3.5637E-09 3.6582E-09 3.7573E-09 3.8574E-09 3.9601E-09 4.0627E-09 4.1670E-09 4.2715E-09 4.3788E-09 4.4853E-09 4.5945E-09 4.7035E-09 4.8126E-09 4.9248E-09 5.0331E-09 5.1448E-09 5.2532E-09 5.3633E-09 5.4713E-09 5.5841E-09 5.6922E-09 5.8058E-09 5.9106E-09 6.0247E-09 6.1285E-09 6.2401E-09 6.3424E-09 6.4436E-09 6.5435E-09 6.6517E-09 6.7545E-09 6.8627E-09 6.9699E-09 7.0785E-09 7.1859E-09 7.2800E-09 7.3881E-09 7.5092E-09 7.6007E-09 7.7150E-09 7.8043E-09 7.8916E-09 7.9966E-09 8.0809E-09 8.1630E-09 8.2661E-09 8.3451E-09 8.4218E-09 8.4961E-09 8.5680E-09 8.6871E-09
3.0058E-09 3.0890E-09 3.1759E-09 3.2625E-09 3.3519E-09 3.4417E-09 3.5357E-09 3.6310E-09 3.7283E-09 3.8271E-09 3.9266E-09 4.0285E-09 4.1300E-09 4.2333E-09 4.3375E-09 4.4435E-09 4.5474E-09 4.6563E-09 4.7625E-09 4.8713E-09 4.9803E-09 5.0879E-09 5.1955E-09 5.3011E-09 5.4086E-09 5.5139E-09 5.6243E-09 5.7292E-09 5.8403E-09 5.9419E-09 6.0535E-09 6.1540E-09 6.2628E-09 6.3617E-09 6.4594E-09 6.5556E-09 6.6609E-09 6.7603E-09 6.8655E-09 6.9695E-09 7.0748E-09 7.1718E-09 7.2685E-09 7.3731E-09 7.4915E-09 7.5788E-09 7.6814E-09 7.7750E-09 7.8580E-09 7.9594E-09 8.0395E-09 8.1174E-09 8.2169E-09 8.2916E-09 8.3640E-09 8.4339E-09 8.5013E-09
2.9842E-09 3.0676E-09 3.1522E-09 3.2387E-09 3.3257E-09 3.4160E-09 3.5086E-09 3.6036E-09 3.6994E-09 3.7961E-09 3.8940E-09 3.9926E-09 4.0936E-09 4.1938E-09 4.2958E-09 4.3987E-09 4.5033E-09 4.6066E-09 4.7128E-09 4.8188E-09 4.9240E-09 5.0307E-09 5.1357E-09 5.2409E-09 5.3439E-09 5.4487E-09 5.5511E-09 5.6590E-09 5.7611E-09 5.8697E-09 5.9682E-09 6.0773E-09 6.1745E-09 6.2804E-09 6.3759E-09 6.4700E-09 6.5627E-09 6.6650E-09 6.7610E-09 6.8630E-09 6.9635E-09 7.0509E-09 7.1520E-09 7.2517E-09 7.3529E-09 7.4686E-09 7.5518E-09 7.6330E-09 7.7408E-09 7.8197E-09 7.8966E-09 7.9937E-09 8.0674E-09 8.1389E-09 8.2337E-09 8.3017E-09 8.3673E-09
2.9636E-09 3.0445E-09 3.1294E-09 3.2136E-09 3.3014E-09 3.3904E-09 3.4825E-09 3.5755E-09 3.6699E-09 3.7650E-09 3.8609E-09 3.9578E-09 4.0553E-09 4.1551E-09 4.2540E-09 4.3546E-09 4.4560E-09 4.5591E-09 4.6606E-09 4.7649E-09 4.8686E-09 4.9714E-09 5.0760E-09 5.1786E-09 5.2813E-09 5.3814E-09 5.4837E-09 5.5833E-09 5.6889E-09 5.7881E-09 5.8943E-09 5.9896E-09 6.0961E-09 6.1900E-09 6.2931E-09 6.3851E-09 6.4757E-09 6.5647E-09 6.6639E-09 6.7563E-09 6.8549E-09 6.9522E-09 7.0357E-09 7.1335E-09 7.2299E-09 7.3098E-09 7.4235E-09 7.5200E-09 7.5973E-09 7.7021E-09 7.7770E-09 7.8498E-09 7.9434E-09 8.0130E-09 8.0803E-09 8.1713E-09 8.2349E-09
2.9415E-09 3.0226E-09 3.1040E-09 3.1905E-09 3.2771E-09 3.3665E-09 3.4557E-09 3.5473E-09 3.6397E-09 3.7334E-09 3.8277E-09 3.9225E-09 4.0183E-09 4.1146E-09 4.2131E-09 4.3105E-09 4.4096E-09 4.5093E-09 4.6105E-09 4.7098E-09 4.8120E-09 4.9137E-09 5.0142E-09 5.1164E-09 5.2165E-09 5.3167E-09 5.4142E-09 5.5139E-09 5.6108E-09 5.7140E-09 5.8104E-09 5.9141E-09 6.0062E-09 6.1067E-09 6.2007E-09 6.3009E-09 6.3894E-09 6.4763E-09 6.5614E-09 6.6573E-09 6.7463E-09 6.8277E-09 6.9224E-09 7.0156E-09 7.1103E-09 7.2034E-09 7.2795E-09 7.3733E-09 7.4840E-09 7.5574E-09 7.6492E-09 7.7300E-09 7.7987E-09 7.8653E-09 7.9543E-09 8.0174E-09 8.0783E-09
2.9203E-09 2.9993E-09 3.0822E-09 3.1663E-09 3.2543E-09 3.3410E-09 3.4299E-09 3.5186E-09 3.6096E-09 3.7012E-09 3.7940E-09 3.8872E-09 3.9809E-09 4.0755E-09 4.1703E-09 4.2675E-09 4.3632E-09 4.4604E-09 4.5579E-09 4.6573E-09 4.7545E-09 4.8546E-09 4.9540E-09 5.0521E-09 5.1521E-09 5.2498E-09 5.3476E-09 5.4425E-09 5.5396E-09 5.6337E-09 5.7345E-09 5.8246E-09 5.9292E-09 6.0181E-09 6.1159E-09 6.2065E-09 6.3037E-09 6.3884E-09 6.4716E-09 6.5531E-09 6.6460E-09 6.7316E-09 6.8093E-09 6.9009E-09 6.9911E-09 7.0826E-09 7.1640E-09 7.2450E-09 7.3356E-09 7.4336E-09 7.5132E-09 7.5805E-09 7.6787E-09 7.7434E-09 7.8059E-09 7.8914E-09 7.9504E-09
2.8982E-09 2.9786E-09 3.0603E-09 3.1445E-09 3.2285E-09 3.3163E-09 3.4025E-09 3.4909E-09 3.5788E-09 3.6690E-09 3.7597E-09 3.8514E-09 3.9435E-09 4.0360E-09 4.1291E-09 4.2224E-09 4.3177E-09 4.4114E-09 4.5067E-09 4.6023E-09 4.6996E-09 4.7946E-09 4.8925E-09 4.9899E-09 5.0857E-09 5.1835E-09 5.2787E-09 5.3740E-09 5.4662E-09 5.5608E-09 5.6520E-09 5.7505E-09 5.8375E-09 5.9397E-09 6.0253E-09 6.1201E-09 6.2073E-09 6.2893E-09 6.3826E-09 6.4622E-09 6.5402E-09 6.6301E-09 6.7055E-09 6.7865E-09 6.8752E-09 6.9623E-09 7.0329E-09 7.1205E-09 7.2065E-09 7.2730E-09 7.3792E-09 7.4646E-09 7.5281E-09 7.6122E-09 7.6839E-09 7.7422E-09 7.7979E-09
2.8773E-09 2.9578E-09 3.0394E-09 3.1210E-09 3.2050E-09 3.2886E-09 3.3761E-09 3.4616E-09 3.5493E-09 3.6363E-09 3.7255E-09 3.8152E-09 3.9058E-09 3.9966E-09 4.0875E-09 4.1789E-09 4.2702E-09 4.3638E-09 4.4555E-09 4.5488E-09 4.6423E-09 4.7376E-09 4.8304E-09 4.9263E-09 5.0215E-09 5.1150E-09 5.2105E-09 5.3033E-09 5.3961E-09 5.4856E-09 5.5741E-09 5.6660E-09 5.7620E-09 5.8457E-09 5.9420E-09 6.0275E-09 6.1194E-09 6.2034E-09 6.2820E-09 6.3723E-09 6.4484E-09 6.5229E-09 6.5956E-09 6.6819E-09 6.7597E-09 6.8455E-09 6.9212E-09 6.9965E-09 7.0810E-09 7.1540E-09 7.2265E-09 7.2872E-09 7.4010E-09 7.4717E-09 7.5289E-09 7.6081E-09 7.6734E-09
2.8576E-09 2.9365E-09 3.0171E-09 3.0985E-09 3.1797E-09 3.2634E-09 3.3464E-09 3.4333E-09 3.5180E-09 3.6049E-09 3.6909E-09 3.7791E-09 3.8675E-09 3.9567E-09 4.0458E-09 4.1350E-09 4.2247E-09 4.3142E-09 4.4059E-09 4.4955E-09 4.5868E-09 4.6756E-09 4.7716E-09 4.8622E-09 4.9532E-09 5.0490E-09 5.1372E-09 5.2306E-09 5.3210E-09 5.4113E-09 5.5007E-09 5.5863E-09 5.6720E-09 5.7688E-09 5.8492E-09 5.9428E-09 6.0252E-09 6.1025E-09 6.1951E-09 6.2703E-09 6.3577E-09 6.4305E-09 6.5016E-09 6.5709E-09 6.6544E-09 6.7290E-09 6.7943E-09 6.8760E-09 6.9561E-09 7.0173E-09 7.0975E-09 7.1760E-09 7.2330E-09 7.3334E-09 7.3990E-09 7.4637E-09 7.5142E-09
2.8373E-09 2.9152E-09 2.9941E-09 3.0744E-09 3.1556E-09 3.2363E-09 3.3194E-09 3.4018E-09 3.4881E-09 3.5718E-09 3.6578E-09 3.7425E-09 3.8294E-09 3.9163E-09 4.0039E-09 4.0914E-09 4.1789E-09 4.2666E-09 4.3542E-09 4.4440E-09 4.5316E-09 4.6209E-09 4.7076E-09 4.8016E-09 4.8900E-09 4.9787E-09 5.0725E-09 5.1582E-09 5.2492E-09 5.3370E-09 5.4247E-09 5.5114E-09 5.5940E-09 5.6766E-09 5.7676E-09 5.8482E-09 5.9393E-09 6.0187E-09 6.0927E-09 6.1782E-09 6.2546E-09 6.3250E-09 6.4087E-09 6.4764E-09 6.5424E-09 6.6229E-09 6.6943E-09 6.7559E-09 6.8346E-09 6.9115E-09 6.9692E-09 7.0463E-09 7.1109E-09 7.1750E-09 7.2264E-09 7.3223E-09 7.3934E-09
2.8180E-09 2.8933E-09 2.9711E-09 3.0497E-09 3.1298E-09 3.2105E-09 3.2906E-09 3.3731E-09 3.4560E-09 3.5401E-09 3.6228E-09 3.7075E-09 3.7907E-09 3.8761E-09 3.9616E-09 4.0475E-09 4.1333E-09 4.2189E-09 4.3048E-09 4.3904E-09 4.4757E-09 4.5614E-09 4.6511E-09 4.7356E-09 4.8250E-09 4.9139E-09 5.0002E-09 5.0919E-09 5.1750E-09 5.2636E-09 5.3488E-09 5.4302E-09 5.5176E-09 5.5973E-09 5.6769E-09 5.7655E-09 5.8432E-09 5.9273E-09 6.0081E-09 6.0790E-09 6.1617E-09 6.2351E-09 6.3022E-09 6.3830E-09 6.4473E-09 6.5098E-09 6.5704E-09 6.6470E-09 6.7136E-09 6.7698E-09 6.8444E-09 6.9173E-09 6.9694E-09 7.0424E-09 7.1128E-09 7.1602E-09 7.2048E-09
2.7956E-09 2.8725E-09 2.9476E-09 3.0264E-09 3.1034E-09 3.1830E-09 3.2632E-09 3.3425E-09 3.4243E-09 3.5063E-09 3.5892E-09 3.6705E-09 3.7539E-09 3.8356E-09 3.9195E-09 4.0033E-09 4.0875E-09 4.1716E-09 4.2554E-09 4.3394E-09 4.4231E-09 4.5063E-09 4.5899E-09 4.6777E-09 4.7599E-09 4.8471E-09 4.9339E-09 5.0150E-09 5.1012E-09 5.1849E-09 5.2710E-09 5.3562E-09 5.4347E-09 5.5161E-09 5.5965E-09 5.6733E-09 5.7595E-09 5.8342E-09 5.9038E-09 5.9894E-09 6.0615E-09 6.1415E-09 6.2118E-09 6.2755E-09 6.3533E-09 6.4142E-09 6.4732E-09 6.5304E-09 6.6041E-09 6.6675E-09 6.7203E-09 6.7920E-09 6.8515E-09 6.9106E-09 6.9573E-09 7.0243E-09 7.0889E-09
2.7757E-09 2.8484E-09 2.9253E-09 3.0000E-09 3.0785E-09 3.1550E-09 3.2340E-09 3.3135E-09 3.3919E-09 3.4726E-09 3.5518E-09 3.6352E-09 3.7151E-09 3.7971E-09 3.8772E-09 3.9595E-09 4.0417E-09 4.1217E-09 4.2065E-09 4.2884E-09 4.3679E-09 4.4522E-09 4.5334E-09 4.6147E-09 4.7005E-09 4.7805E-09 4.8624E-09 4.9500E-09 5.0284E-09 5.1122E-09 5.1933E-09 5.2700E-09 5.3563E-09 5.4321E-09 5.5108E-09 5.5884E-09 5.6614E-09 5.7454E-09 5.8216E-09 5.8881E-09 5.9711E-09 6.0402E-09 6.1031E-09 6.1793E-09 6.2448E-09 6.3034E-09 6.3771E-09 6.4328E-09 6.4866E-09 6.5385E-09 6.6083E-09 6.6672E-09 6.7148E-09 6.7824E-09 6.8475E-09 6.8902E-09 6.9307E-09
2.7528E-09 2.8271E-09 2.8996E-09 2.9762E-09 3.0504E-09 3.1285E-09 3.2043E-09 3.2825E-09 3.3611E-09 3.4384E-09 3.5180E-09 3.5960E-09 3.6781E-09 3.7565E-09 3.8370E-09 3.9155E-09 3.9962E-09 4.0767E-09 4.1549E-09 4.2380E-09 4.3180E-09 4.3955E-09 4.4752E-09 4.5568E-09 4.6329E-09 4.7169E-09 4.7972E-09 4.8738E-09 4.9592E-09 5.0351E-09 5.1166E-09 5.1978E-09 5.2719E-09 5.3524E-09 5.4289E-09 5.5050E-09 5.5800E-09 5.6502E-09 5.7202E-09 5.8010E-09 5.8687E-09 5.9440E-09 6.0150E-09 6.0746E-09 6.1479E-09 6.2102E-09 6.2655E-09 6.3363E-09 6.3887E-09 6.4393E-09 6.4880E-09 6.5550E-09 6.6106E-09 6.6546E-09 6.6968E-09 6.7694E-09 6.8187E-09
2.7307E-09 2.8026E-09 2.8768E-09 2.9489E-09 3.0251E-09 3.0988E-09 3.1748E-09 3.2511E-09 3.3284E-09 3.4060E-09 3.4822E-09 3.5605E-09 3.6371E-09 3.7157E-09 3.7949E-09 3.8739E-09 3.9507E-09 4.0274E-09 4.1086E-09 4.1849E-09 4.2661E-09 4.3442E-09 4.4196E-09 4.4972E-09 4.5767E-09 4.6503E-09 4.7290E-09 4.8100E-09 4.8842E-09 4.9605E-09 5.0408E-09 5.1166E-09 5.1917E-09 5.2669E-09 5.3444E-09 5.4184E-09 5.4913E-09 5.5680E-09 5.6354E-09 5.6974E-09 5.7807E-09 5.8454E-09 5.9040E-09 5.9809E-09 6.0423E-09 6.0969E-09 6.1663E-09 6.2240E-09 6.2743E-09 6.3412E-09 6.3886E-09 6.4338E-09 6.4772E-09 6.5402E-09 6.5909E-09 6.6293E-09 6.6877E-09
2.7086E-09 2.7791E-09 2.8508E-09 2.9247E-09 2.9962E-09 3.0720E-09 3.1448E-09 3.2199E-09 3.2954E-09 3.3696E-09 3.4482E-09 3.5230E-09 3.6002E-09 3.6753E-09 3.7525E-09 3.8302E-09 3.9077E-09 3.9828E-09 4.0577E-09 4.1372E-09 4.2116E-09 4.2884E-09 4.3646E-09 4.4402E-09 4.5156E-09 4.5902E-09 4.6640E-09 4.7377E-09 4.8165E-09 4.8883E-09 4.9624E-09 5.0428E-09 5.1127E-09 5.1889E-09 5.2615E-09 5.3333E-09 5.4080E-09 5.4745E-09 5.5442E-09 5.6168E-09 5.6758E-09 5.7516E-09 5.8182E-09 5.8737E-09 5.9424E-09 6.0063E-09 6.0578E-09 6.1244E-09 6.1731E-09 6.2263E-09 6.2716E-09 6.3340E-09 6.3761E-09 6.4162E-09 6.4759E-09 6.5129E-09 6.5585E-09
