Assets/Resources/2015_m01_d09_0400(utc+0800)_l00_csi_1hr_conc.grd
DSAA
         159         159
     -79.000      79.000
     -79.000      79.000
  0.5459E-09  0.1136E-04
[rows 100 to 124 of 159, columns 0 to 56 of 159]
1.5544E-09 1.5919E-09 1.6307E-09 1.6745E-09 1.7107E-09 1.7579E-09 1.8006E-09 1.8396E-09 1.8987E-09 1.9401E-09 1.9821E-09 2.0512E-09 2.0960E-09 2.1507E-09 2.2093E-09 2.2733E-09 2.3232E-09 2.3863E-09 2.4765E-09 2.5317E-09 2.5878E-09 2.6849E-09 2.7724E-09 2.8351E-09 2.9789E-09 3.0484E-09 3.1191E-09 3.2829E-09 3.3617E-09 3.4421E-09 3.6271E-09 3.8732E-09 3.9740E-09 4.1520E-09 4.4277E-09 4.5498E-09 4.7159E-09 5.0227E-09 5.1671E-09 5.3148E-09 5.4661E-09 5.6206E-09 5.7785E-09 5.9397E-09 6.1040E-09 6.2715E-09 6.4419E-09 6.9737E-09 7.5536E-09 8.1763E-09 8.8942E-09 9.3312E-09 9.7820E-09 1.0675E-08 1.1273E-08 1.1891E-08 1.2526E-08
1.5540E-09 1.5915E-09 1.6303E-09 1.6740E-09 1.7102E-09 1.7573E-09 1.8000E-09 1.8389E-09 1.8980E-09 1.9393E-09 1.9813E-09 2.0502E-09 2.0950E-09 2.1406E-09 2.2081E-09 2.2720E-09 2.3219E-09 2.3848E-09 2.4748E-09 2.5300E-09 2.5860E-09 2.6828E-09 2.7702E-09 2.8328E-09 2.9490E-09 3.0455E-09 3.1161E-09 3.2793E-09 3.3580E-09 3.4381E-09 3.6225E-09 3.8679E-09 3.9684E-09 4.1459E-09 4.4206E-09 4.5424E-09 4.7079E-09 5.0135E-09 5.1573E-09 5.3046E-09 5.4552E-09 5.6093E-09 5.7666E-09 5.9271E-09 6.0908E-09 6.2577E-09 6.4274E-09 7.1347E-09 7.5386E-09 8.1583E-09 8.8759E-09 9.3099E-09 9.7577E-09 1.0649E-08 1.1242E-08 1.1858E-08 1.2489E-08
1.5493E-09 1.5907E-09 1.6295E-09 1.6690E-09 1.7093E-09 1.7564E-09 1.7990E-09 1.8379E-09 1.8967E-09 1.9380E-09 1.9800E-09 2.0487E-09 2.0935E-09 2.1391E-09 2.2064E-09 2.2701E-09 2.3199E-09 2.3827E-09 2.4512E-09 2.5276E-09 2.5835E-09 2.6576E-09 2.7672E-09 2.8297E-09 2.9454E-09 3.0417E-09 3.1121E-09 3.2461E-09 3.3531E-09 3.4330E-09 3.6166E-09 3.8611E-09 3.9613E-09 4.1380E-09 4.4116E-09 4.5330E-09 4.6978E-09 5.0020E-09 5.1453E-09 5.2919E-09 5.4419E-09 5.5952E-09 5.7518E-09 5.9117E-09 6.0747E-09 6.2408E-09 6.4098E-09 7.1167E-09 7.5192E-09 8.1342E-09 8.8500E-09 9.2789E-09 9.7250E-09 1.0612E-08 1.1198E-08 1.1812E-08 1.2436E-08
1.5483E-09 1.5896E-09 1.6238E-09 1.6678E-09 1.7080E-09 1.7502E-09 1.7975E-09 1.8364E-09 1.8901E-09 1.9363E-09 1.9783E-09 2.0467E-09 2.0915E-09 2.1370E-09 2.2041E-09 2.2676E-09 2.3174E-09 2.3800E-09 2.4483E-09 2.5244E-09 2.5803E-09 2.6541E-09 2.7633E-09 2.8257E-09 2.8891E-09 3.0370E-09 3.1072E-09 3.2406E-09 3.3471E-09 3.4267E-09 3.6095E-09 3.8528E-09 3.9526E-09 4.1286E-09 4.4009E-09 4.5217E-09 4.6858E-09 4.9883E-09 5.1309E-09 5.2768E-09 5.4260E-09 5.5786E-09 5.7344E-09 5.8934E-09 6.0556E-09 6.2209E-09 6.3891E-09 7.0945E-09 7.4951E-09 8.1040E-09 8.8162E-09 9.2371E-09 9.6840E-09 1.0564E-08 1.1140E-08 1.1752E-08 1.2370E-08
1.5470E-09 1.5843E-09 1.6224E-09 1.6662E-09 1.7064E-09 1.7485E-09 1.7957E-09 1.8345E-09 1.8881E-09 1.9342E-09 1.9761E-09 2.0443E-09 2.0890E-09 2.1344E-09 2.2012E-09 2.2646E-09 2.3143E-09 2.3767E-09 2.4448E-09 2.5206E-09 2.5763E-09 2.6499E-09 2.7587E-09 2.8209E-09 2.8841E-09 3.0313E-09 3.1012E-09 3.2042E-09 3.3400E-09 3.4193E-09 3.5695E-09 3.8431E-09 3.9425E-09 4.1175E-09 4.3882E-09 4.5085E-09 4.6717E-09 4.9723E-09 5.1141E-09 5.2592E-09 5.4076E-09 5.5593E-09 5.7143E-09 5.8724E-09 6.0336E-09 6.1979E-09 6.3652E-09 6.8938E-09 7.4663E-09 8.0682E-09 8.7765E-09 9.1861E-09 9.6317E-09 1.0506E-08 1.1067E-08 1.1678E-08 1.2291E-08
1.5454E-09 1.5825E-09 1.6206E-09 1.6600E-09 1.7044E-09 1.7464E-09 1.7890E-09 1.8322E-09 1.8856E-09 1.9316E-09 1.9734E-09 2.0306E-09 2.0859E-09 2.1313E-09 2.1865E-09 2.2610E-09 2.3105E-09 2.3609E-09 2.4406E-09 2.5161E-09 2.5717E-09 2.6450E-09 2.7532E-09 2.8152E-09 2.8782E-09 3.0246E-09 3.0943E-09 3.1968E-09 3.3319E-09 3.4107E-09 3.5601E-09 3.8320E-09 3.9309E-09 4.1048E-09 4.3738E-09 4.4935E-09 4.6557E-09 4.9541E-09 5.0951E-09 5.2393E-09 5.3868E-09 5.5375E-09 5.6915E-09 5.8486E-09 6.0088E-09 6.1721E-09 6.3382E-09 6.8642E-09 7.4329E-09 8.0268E-09 8.7281E-09 9.1269E-09 9.5683E-09 1.0438E-08 1.0982E-08 1.1586E-08 1.2199E-08
1.5330E-09 1.5805E-09 1.6185E-09 1.6578E-09 1.7020E-09 1.7387E-09 1.7864E-09 1.8295E-09 1.8772E-09 1.9286E-09 1.9703E-09 2.0214E-09 2.0824E-09 2.1276E-09 2.1827E-09 2.2568E-09 2.3062E-09 2.3564E-09 2.4357E-09 2.5109E-09 2.5664E-09 2.6226E-09 2.7469E-09 2.8087E-09 2.8715E-09 3.0170E-09 3.0865E-09 3.1570E-09 3.3226E-09 3.4011E-09 3.5164E-09 3.8195E-09 3.9178E-09 4.0556E-09 4.3576E-09 4.4766E-09 4.6377E-09 4.9338E-09 5.0739E-09 5.2171E-09 5.3636E-09 5.5133E-09 5.6661E-09 5.8222E-09 5.9812E-09 6.1433E-09 6.3083E-09 6.8308E-09 7.3951E-09 7.9817E-09 8.6723E-09 9.0651E-09 9.4983E-09 1.0359E-08 1.0892E-08 1.1485E-08 1.2092E-08
1.5309E-09 1.5742E-09 1.6160E-09 1.6553E-09 1.6952E-09 1.7359E-09 1.7834E-09 1.8264E-09 1.8657E-09 1.9251E-09 1.9667E-09 2.0091E-09 2.0783E-09 2.1235E-09 2.1693E-09 2.2371E-09 2.3013E-09 2.3514E-09 2.4145E-09 2.5051E-09 2.5603E-09 2.6164E-09 2.7399E-09 2.8015E-09 2.8640E-09 3.0085E-09 3.0776E-09 3.1479E-09 3.3123E-09 3.3903E-09 3.5049E-09 3.6553E-09 3.9033E-09 4.0401E-09 4.1809E-09 4.4578E-09 4.6178E-09 4.7435E-09 5.0504E-09 5.1926E-09 5.3380E-09 5.4866E-09 5.6382E-09 5.7931E-09 5.9509E-09 6.1117E-09 6.2754E-09 6.7938E-09 7.3527E-09 7.9326E-09 8.6096E-09 8.9940E-09 9.4218E-09 1.0270E-08 1.0792E-08 1.1374E-08 1.1973E-08
1.5285E-09 1.5716E-09 1.6093E-09 1.6478E-09 1.6921E-09 1.7327E-09 1.7753E-09 1.8229E-09 1.8621E-09 1.9162E-09 1.9627E-09 2.0049E-09 2.0738E-09 2.1188E-09 2.1645E-09 2.2319E-09 2.2958E-09 2.3457E-09 2.4085E-09 2.4986E-09 2.5536E-09 2.6094E-09 2.7321E-09 2.7934E-09 2.8556E-09 2.9990E-09 3.0679E-09 3.1378E-09 3.3009E-09 3.3785E-09 3.4923E-09 3.6414E-09 3.8874E-09 4.0232E-09 4.1628E-09 4.4374E-09 4.5960E-09 4.7208E-09 5.0248E-09 5.1659E-09 5.3101E-09 5.4574E-09 5.6079E-09 5.7614E-09 5.9179E-09 6.0773E-09 6.2396E-09 6.4047E-09 7.1360E-09 7.8784E-09 8.1627E-09 8.9138E-09 9.3369E-09 9.7613E-09 1.0678E-08 1.1250E-08 1.1842E-08
1.5257E-09 1.5686E-09 1.6062E-09 1.6446E-09 1.6887E-09 1.7292E-09 1.7716E-09 1.8145E-09 1.8581E-09 1.9119E-09 1.9582E-09 2.0004E-09 2.0688E-09 2.1136E-09 2.1592E-09 2.2262E-09 2.2898E-09 2.3395E-09 2.4020E-09 2.4701E-09 2.5462E-09 2.6018E-09 2.6753E-09 2.7845E-09 2.8465E-09 2.9381E-09 3.0572E-09 3.1268E-09 3.2599E-09 3.3656E-09 3.4441E-09 3.6264E-09 3.8702E-09 3.9685E-09 4.1432E-09 4.4151E-09 4.5341E-09 4.6962E-09 4.9971E-09 5.1370E-09 5.2800E-09 5.4260E-09 5.5751E-09 5.7272E-09 5.8823E-09 6.0403E-09 6.2011E-09 6.3646E-09 7.0875E-09 7.4875E-09 8.0954E-09 8.8263E-09 9.2376E-09 9.6650E-09 1.0556E-08 1.1107E-08 1.1699E-08
1.5166E-09 1.5550E-09 1.6028E-09 1.6410E-09 1.6808E-09 1.7253E-09 1.7676E-09 1.8103E-09 1.8537E-09 1.9072E-09 1.9533E-09 1.9953E-09 2.0467E-09 2.1080E-09 2.1534E-09 2.2086E-09 2.2832E-09 2.3327E-09 2.3830E-09 2.4625E-09 2.5381E-09 2.5935E-09 2.6665E-09 2.7749E-09 2.8365E-09 2.8991E-09 3.0456E-09 3.1148E-09 3.2170E-09 3.3517E-09 3.4296E-09 3.5787E-09 3.8516E-09 3.9491E-09 4.1221E-09 4.3912E-09 4.5092E-09 4.6698E-09 4.9673E-09 5.1060E-09 5.2476E-09 5.3923E-09 5.5399E-09 5.6905E-09 5.8441E-09 6.0006E-09 6.1598E-09 6.3218E-09 7.0352E-09 7.4298E-09 8.0226E-09 8.7385E-09 9.1282E-09 9.5552E-09 1.0430E-08 1.0954E-08 1.1538E-08
1.5134E-09 1.5516E-09 1.5951E-09 1.6332E-09 1.6767E-09 1.7169E-09 1.7578E-09 1.8056E-09 1.8488E-09 1.8966E-09 1.9480E-09 1.9898E-09 2.0409E-09 2.1018E-09 2.1470E-09 2.1930E-09 2.2760E-09 2.3253E-09 2.3753E-09 2.4385E-09 2.5294E-09 2.5845E-09 2.6404E-09 2.7645E-09 2.8258E-09 2.8880E-09 3.0331E-09 3.1019E-09 3.2033E-09 3.3367E-09 3.4141E-09 3.5617E-09 3.8317E-09 3.9284E-09 4.0646E-09 4.3657E-09 4.4826E-09 4.6416E-09 4.9356E-09 5.0729E-09 5.2131E-09 5.3563E-09 5.5025E-09 5.6516E-09 5.8035E-09 5.9584E-09 6.1160E-09 6.2762E-09 6.9792E-09 7.3679E-09 7.9481E-09 8.6436E-09 9.0209E-09 9.4399E-09 1.0295E-08 1.0805E-08 1.1371E-08
1.5060E-09 1.5478E-09 1.5911E-09 1.6291E-09 1.6678E-09 1.7123E-09 1.7531E-09 1.7959E-09 1.8436E-09 1.8830E-09 1.9373E-09 1.9839E-09 2.0262E-09 2.0952E-09 2.1402E-09 2.1859E-09 2.2533E-09 2.3174E-09 2.3672E-09 2.4298E-09 2.5201E-09 2.5749E-09 2.6305E-09 2.7533E-09 2.8143E-09 2.8761E-09 3.0198E-09 3.0881E-09 3.1574E-09 3.3207E-09 3.3975E-09 3.5109E-09 3.8105E-09 3.9064E-09 4.0412E-09 4.1797E-09 4.4544E-09 4.6116E-09 4.7346E-09 5.0378E-09 5.1765E-09 5.3183E-09 5.4628E-09 5.6103E-09 5.7606E-09 5.9137E-09 6.0695E-09 6.2280E-09 6.7470E-09 7.3020E-09 7.8713E-09 8.5422E-09 8.9104E-09 9.3169E-09 1.0152E-08 1.0644E-08 1.1191E-08
1.4964E-09 1.5377E-09 1.5805E-09 1.6246E-09 1.6631E-09 1.7032E-09 1.7480E-09 1.7906E-09 1.8336E-09 1.8772E-09 1.9312E-09 1.9775E-09 2.0196E-09 2.0881E-09 2.1329E-09 2.1784E-09 2.2453E-09 2.3089E-09 2.3584E-09 2.4207E-09 2.5101E-09 2.5646E-09 2.6199E-09 2.7414E-09 2.8020E-09 2.8635E-09 2.9821E-09 3.0734E-09 3.1423E-09 3.2752E-09 3.3800E-09 3.4922E-09 3.6391E-09 3.8831E-09 3.9799E-09 4.1533E-09 4.4245E-09 4.5415E-09 4.7017E-09 5.0007E-09 5.1380E-09 5.2781E-09 5.4211E-09 5.5668E-09 5.7154E-09 5.8667E-09 6.0207E-09 6.1772E-09 6.6875E-09 7.0638E-09 7.4593E-09 8.0574E-09 8.7912E-09 9.1802E-09 9.5961E-09 1.0476E-08 1.0994E-08
1.4924E-09 1.5335E-09 1.5720E-09 1.6158E-09 1.6542E-09 1.6980E-09 1.7384E-09 1.7849E-09 1.8276E-09 1.8710E-09 1.9191E-09 1.9707E-09 2.0126E-09 2.0639E-09 2.1251E-09 2.1704E-09 2.2254E-09 2.2998E-09 2.3491E-09 2.3991E-09 2.4783E-09 2.5536E-09 2.6086E-09 2.6811E-09 2.7890E-09 2.8501E-09 2.9406E-09 3.0579E-09 3.1263E-09 3.2277E-09 3.3614E-09 3.4382E-09 3.5863E-09 3.8585E-09 3.9544E-09 4.1256E-09 4.3931E-09 4.5089E-09 4.6670E-09 4.9618E-09 5.0975E-09 5.2360E-09 5.3772E-09 5.5212E-09 5.6680E-09 5.8174E-09 5.9695E-09 6.1241E-09 6.2812E-09 6.9945E-09 7.3825E-09 7.9618E-09 8.6690E-09 9.0387E-09 9.4499E-09 1.0307E-08 1.0803E-08
1.4843E-09 1.5252E-09 1.5672E-09 1.6108E-09 1.6489E-09 1.6924E-09 1.7326E-09 1.7736E-09 1.8166E-09 1.8645E-09 1.9122E-09 1.9585E-09 2.0052E-09 2.0476E-09 2.1168E-09 2.1619E-09 2.2076E-09 2.2902E-09 2.3392E-09 2.3890E-09 2.4516E-09 2.5421E-09 2.5967E-09 2.6521E-09 2.7753E-09 2.8359E-09 2.8974E-09 3.0416E-09 3.1094E-09 3.2098E-09 3.3419E-09 3.4180E-09 3.5643E-09 3.8328E-09 3.9276E-09 4.0618E-09 4.3603E-09 4.4747E-09 4.6308E-09 4.9211E-09 5.0552E-09 5.1919E-09 5.3314E-09 5.4736E-09 5.6184E-09 5.7659E-09 5.9160E-09 6.0686E-09 6.2236E-09 6.9219E-09 7.3020E-09 7.8679E-09 8.5440E-09 8.9024E-09 9.2978E-09 1.0130E-08 1.0610E-08
1.4798E-09 1.5145E-09 1.5561E-09 1.5991E-09 1.6433E-09 1.6821E-09 1.7223E-09 1.7672E-09 1.8100E-09 1.8531E-09 1.8969E-09 1.9509E-09 1.9973E-09 2.0395E-09 2.1081E-09 2.1529E-09 2.1984E-09 2.2652E-09 2.3289E-09 2.3783E-09 2.4404E-09 2.5299E-09 2.5841E-09 2.6391E-09 2.7609E-09 2.8211E-09 2.8821E-09 3.0244E-09 3.0917E-09 3.1599E-09 3.3215E-09 3.3969E-09 3.5086E-09 3.6551E-09 3.8997E-09 4.0321E-09 4.1679E-09 4.4390E-09 4.5544E-09 4.7129E-09 5.0110E-09 5.1460E-09 5.2837E-09 5.4240E-09 5.5669E-09 5.7124E-09 5.8604E-09 6.0109E-09 6.1637E-09 6.6753E-09 7.0490E-09 7.4400E-09 8.4134E-09 8.7611E-09 9.1332E-09 9.5367E-09 1.0407E-08
1.4691E-09 1.5096E-09 1.5508E-09 1.5895E-09 1.6335E-09 1.6720E-09 1.7159E-09 1.7564E-09 1.8030E-09 1.8459E-09 1.8893E-09 1.9374E-09 1.9890E-09 2.0310E-09 2.0932E-09 2.1434E-09 2.1887E-09 2.2436E-09 2.3179E-09 2.3670E-09 2.4168E-09 2.5171E-09 2.5710E-09 2.6256E-09 2.7236E-09 2.8055E-09 2.8661E-09 2.9563E-09 3.0732E-09 3.1408E-09 3.2719E-09 3.3748E-09 3.4506E-09 3.5981E-09 3.8706E-09 3.9651E-09 4.1351E-09 4.4020E-09 4.5158E-09 4.6721E-09 4.9652E-09 5.0984E-09 5.2342E-09 5.3725E-09 5.5134E-09 5.6568E-09 5.8027E-09 5.9511E-09 6.1017E-09 6.2546E-09 6.9671E-09 7.3490E-09 7.9187E-09 8.6152E-09 8.9706E-09 9.3662E-09 1.0206E-08
1.4641E-09 1.5006E-09 1.5416E-09 1.5837E-09 1.6210E-09 1.6656E-09 1.7092E-09 1.7495E-09 1.7904E-09 1.8335E-09 1.8769E-09 1.9292E-09 1.9754E-09 2.0220E-09 2.0644E-09 2.1335E-09 2.1785E-09 2.2240E-09 2.3065E-09 2.3553E-09 2.4047E-09 2.4670E-09 2.5573E-09 2.6115E-09 2.6664E-09 2.7893E-09 2.8494E-09 2.9102E-09 3.0539E-09 3.1209E-09 3.2206E-09 3.3519E-09 3.4269E-09 3.5723E-09 3.8404E-09 3.9337E-09 4.0664E-09 4.3636E-09 4.4759E-09 4.6298E-09 4.9178E-09 5.0491E-09 5.1830E-09 5.3193E-09 5.4582E-09 5.5994E-09 5.7432E-09 5.8892E-09 6.0376E-09 6.1882E-09 6.8823E-09 7.2549E-09 7.4737E-09 8.4678E-09 8.8135E-09 9.1836E-09 9.9973E-09
1.4497E-09 1.4891E-09 1.5300E-09 1.5716E-09 1.6147E-09 1.6589E-09 1.6937E-09 1.7379E-09 1.7787E-09 1.8256E-09 1.8687E-09 1.9124E-09 1.9664E-09 2.0127E-09 2.0548E-09 2.1174E-09 2.1678E-09 2.2131E-09 2.2797E-09 2.3430E-09 2.3921E-09 2.4538E-09 2.5429E-09 2.5967E-09 2.6512E-09 2.7724E-09 2.8320E-09 2.8923E-09 3.0103E-09 3.1002E-09 3.1675E-09 3.2993E-09 3.4023E-09 3.5129E-09 3.8092E-09 3.9013E-09 4.0320E-09 4.1657E-09 4.4347E-09 4.5476E-09 4.7035E-09 4.9982E-09 5.1301E-09 5.2644E-09 5.4012E-09 5.5403E-09 5.6818E-09 5.8255E-09 5.9716E-09 6.1198E-09 6.6250E-09 6.9912E-09 7.3724E-09 7.9416E-09 8.6475E-09 8.9967E-09 9.3860E-09
1.4444E-09 1.4835E-09 1.5202E-09 1.5616E-09 1.6040E-09 1.6480E-09 1.6865E-09 1.7304E-09 1.7709E-09 1.8174E-09 1.8602E-09 1.9035E-09 1.9515E-09 1.9980E-09 2.0447E-09 2.1067E-09 2.1567E-09 2.2017E-09 2.2473E-09 2.3302E-09 2.3790E-09 2.4284E-09 2.5281E-09 2.5814E-09 2.6355E-09 2.7161E-09 2.8139E-09 2.8737E-09 2.9630E-09 3.0788E-09 3.1454E-09 3.2753E-09 3.3768E-09 3.4513E-09 3.5972E-09 3.8679E-09 3.9604E-09 4.1281E-09 4.3922E-09 4.5035E-09 4.6568E-09 4.9459E-09 5.0757E-09 5.2080E-09 5.3425E-09 5.4795E-09 5.6186E-09 5.7601E-09 5.9037E-09 6.0495E-09 6.1972E-09 6.8975E-09 7.2683E-09 7.8200E-09 8.4839E-09 8.8219E-09 9.1841E-09
1.4353E-09 1.4776E-09 1.5080E-09 1.5492E-09 1.5911E-09 1.6345E-09 1.6790E-09 1.7180E-09 1.7584E-09 1.7994E-09 1.8466E-09 1.8899E-09 1.9337E-09 1.9879E-09 2.0343E-09 2.0765E-09 2.1452E-09 2.1898E-09 2.2351E-09 2.3170E-09 2.3653E-09 2.4143E-09 2.4760E-09 2.5655E-09 2.6191E-09 2.6734E-09 2.7952E-09 2.8544E-09 2.9144E-09 3.0566E-09 3.1226E-09 3.2211E-09 3.3505E-09 3.4242E-09 3.5347E-09 3.8334E-09 3.9247E-09 4.0550E-09 4.3485E-09 4.4582E-09 4.6088E-09 4.7247E-09 5.0199E-09 5.1500E-09 5.2824E-09 5.4171E-09 5.5539E-09 5.6930E-09 5.8342E-09 5.9775E-09 6.1227E-09 6.6296E-09 6.9939E-09 7.3718E-09 8.3188E-09 8.6403E-09 8.9801E-09
1.4239E-09 1.4624E-09 1.5017E-09 1.5425E-09 1.5803E-09 1.6231E-09 1.6673E-09 1.7060E-09 1.7500E-09 1.7907E-09 1.8374E-09 1.8803E-09 1.9238E-09 1.9719E-09 2.0185E-09 2.0653E-09 2.1275E-09 2.1775E-09 2.2225E-09 2.2884E-09 2.3512E-09 2.3998E-09 2.4491E-09 2.5491E-09 2.6022E-09 2.6560E-09 2.7759E-09 2.8346E-09 2.8939E-09 3.0105E-09 3.0990E-09 3.1651E-09 3.2951E-09 3.3963E-09 3.5051E-09 3.6159E-09 3.8881E-09 3.9796E-09 4.1469E-09 4.4117E-09 4.5216E-09 4.6737E-09 4.9627E-09 5.0907E-09 5.2208E-09 5.3532E-09 5.4877E-09 5.6244E-09 5.7631E-09 5.9038E-09 6.0465E-09 6.1909E-09 6.8917E-09 7.2582E-09 7.4677E-09 8.4612E-09 8.7902E-09
1.4180E-09 1.4525E-09 1.4952E-09 1.5319E-09 1.5731E-09 1.6094E-09 1.6530E-09 1.6976E-09 1.7413E-09 1.7816E-09 1.8185E-09 1.8657E-09 1.9091E-09 1.9613E-09 2.0074E-09 2.0538E-09 2.0959E-09 2.1648E-09 2.2094E-09 2.2546E-09 2.3366E-09 2.3848E-09 2.4336E-09 2.4952E-09 2.5848E-09 2.6381E-09 2.6920E-09 2.8141E-09 2.8729E-09 2.9609E-09 3.0748E-09 3.1401E-09 3.2383E-09 3.3676E-09 3.4404E-09 3.5838E-09 3.8505E-09 3.9407E-09 4.0701E-09 4.3642E-09 4.4723E-09 4.6216E-09 4.9043E-09 5.0301E-09 5.1580E-09 5.2880E-09 5.4201E-09 5.5543E-09 5.6905E-09 5.8287E-09 5.9687E-09 6.1105E-09 6.6153E-09 6.9752E-09 7.3471E-09 8.2842E-09 8.5938E-09
1.4060E-09 1.4405E-09 1.4792E-09 1.5188E-09 1.5598E-09 1.5978E-09 1.6407E-09 1.6850E-09 1.7239E-09 1.7680E-09 1.8088E-09 1.8556E-09 1.8986E-09 1.9421E-09 1.9959E-09 2.0369E-09 2.0837E-09 2.1459E-09 2.1959E-09 2.2407E-09 2.3066E-09 2.3694E-09 2.4178E-09 2.4667E-09 2.5669E-09 2.6196E-09 2.6731E-09 2.7930E-09 2.8512E-09 2.9100E-09 3.0265E-09 3.1145E-09 3.1798E-09 3.3096E-09 3.4100E-09 3.5182E-09 3.8121E-09 3.9009E-09 4.0280E-09 4.1576E-09 4.4219E-09 4.5301E-09 4.6805E-09 4.9683E-09 5.0939E-09 5.2216E-09 5.3513E-09 5.4830E-09 5.6166E-09 5.7522E-09 5.8895E-09 6.0286E-09 6.1693E-09 6.8650E-09 7.2247E-09 7.4280E-09 8.4002E-09
