Assets/Resources/2015_m01_d09_0500(utc+0800)_l00_csi_1hr_conc.grd
DSAA
         159         159
     -79.000      79.000
     -79.000      79.000
  0.4186E-09  0.8379E-05
[rows 125 to 149 of 159, columns 0 to 56 of 159]
6.0835E-10 6.2393E-10 6.3965E-10 6.5551E-10 6.7148E-10 6.8758E-10 7.0419E-10 7.2093E-10 7.4388E-10 7.6501E-10 7.8483E-10 8.0853E-10 8.3326E-10 8.6495E-10 9.0956E-10 9.5200E-10 9.8673E-10 1.0252E-09 1.0659E-09 1.1117E-09 1.1751E-09 1.2276E-09 1.2878E-09 1.3558E-09 1.4293E-09 1.5049E-09 1.5886E-09 1.6879E-09 1.7779E-09 1.8693E-09 1.9690E-09 2.0802E-09 2.1917E-09 2.3096E-09 2.4467E-09 2.5797E-09 2.7192E-09 2.8825E-09 3.0378E-09 3.1995E-09 3.3898E-09 3.5682E-09 3.7646E-09 3.9707E-09 4.1727E-09 4.4079E-09 4.6277E-09 4.8680E-09 5.1499E-09 5.5050E-09 5.7862E-09 6.0772E-09 6.3779E-09 6.6878E-09 7.0245E-09 7.3610E-09 7.7323E-09
6.0457E-10 6.1999E-10 6.3554E-10 6.5121E-10 6.6702E-10 6.8293E-10 6.9896E-10 7.1771E-10 7.3884E-10 7.5985E-10 7.7955E-10 8.0508E-10 8.2809E-10 8.6079E-10 9.0672E-10 9.4642E-10 9.8129E-10 1.0192E-09 1.0605E-09 1.1049E-09 1.1688E-09 1.2208E-09 1.2801E-09 1.3468E-09 1.4195E-09 1.5001E-09 1.5868E-09 1.6842E-09 1.7713E-09 1.8627E-09 1.9641E-09 2.0727E-09 2.1835E-09 2.3031E-09 2.4362E-09 2.5675E-09 2.7048E-09 2.8661E-09 3.0187E-09 3.1824E-09 3.3648E-09 3.5397E-09 3.7378E-09 3.9344E-09 4.1319E-09 4.3626E-09 4.5771E-09 4.8187E-09 5.1185E-09 5.4385E-09 5.7123E-09 5.9955E-09 6.2878E-09 6.5886E-09 6.8975E-09 7.2332E-09 7.5940E-09
6.0076E-10 6.1600E-10 6.3138E-10 6.4689E-10 6.6251E-10 6.7825E-10 6.9409E-10 7.1444E-10 7.3599E-10 7.5513E-10 7.7615E-10 7.9983E-10 8.2402E-10 8.5719E-10 9.0235E-10 9.3928E-10 9.7532E-10 1.0150E-09 1.0555E-09 1.0993E-09 1.1615E-09 1.2114E-09 1.2733E-09 1.3390E-09 1.4117E-09 1.4926E-09 1.5859E-09 1.6795E-09 1.7650E-09 1.8561E-09 1.9591E-09 2.0649E-09 2.1746E-09 2.2931E-09 2.4247E-09 2.5541E-09 2.6892E-09 2.8482E-09 2.9981E-09 3.1588E-09 3.3382E-09 3.5095E-09 3.7092E-09 3.8964E-09 4.0954E-09 4.3155E-09 4.5247E-09 4.7675E-09 5.0845E-09 5.3698E-09 5.6364E-09 5.9117E-09 6.1956E-09 6.4875E-09 6.7868E-09 7.1074E-09 7.4260E-09
5.9690E-10 6.1198E-10 6.2719E-10 6.4251E-10 6.5797E-10 6.7352E-10 6.8918E-10 7.0950E-10 7.3139E-10 7.5041E-10 7.7271E-10 7.9641E-10 8.2099E-10 8.5359E-10 8.9708E-10 9.3211E-10 9.6924E-10 1.0099E-09 1.0499E-09 1.0945E-09 1.1533E-09 1.2040E-09 1.2669E-09 1.3310E-09 1.4053E-09 1.4894E-09 1.5834E-09 1.6734E-09 1.7587E-09 1.8493E-09 1.9537E-09 2.0566E-09 2.1652E-09 2.2851E-09 2.4121E-09 2.5394E-09 2.6763E-09 2.8290E-09 2.9761E-09 3.1388E-09 3.3101E-09 3.4778E-09 3.6739E-09 3.8568E-09 4.0572E-09 4.2667E-09 4.4706E-09 4.7082E-09 5.0483E-09 5.2992E-09 5.5585E-09 5.8262E-09 6.1017E-09 6.3847E-09 6.6747E-09 6.9711E-09 7.2916E-09
5.9301E-10 6.0792E-10 6.2295E-10 6.3812E-10 6.5338E-10 6.6877E-10 6.8598E-10 7.0624E-10 7.2637E-10 7.4520E-10 7.6971E-10 7.9159E-10 8.1807E-10 8.5139E-10 8.9226E-10 9.2539E-10 9.6399E-10 1.0049E-09 1.0443E-09 1.0912E-09 1.1484E-09 1.1986E-09 1.2615E-09 1.3257E-09 1.3981E-09 1.4872E-09 1.5800E-09 1.6674E-09 1.7522E-09 1.8422E-09 1.9458E-09 2.0477E-09 2.1549E-09 2.2760E-09 2.3984E-09 2.5237E-09 2.6622E-09 2.8085E-09 2.9529E-09 3.1174E-09 3.2806E-09 3.4447E-09 3.6371E-09 3.8158E-09 4.0174E-09 4.2165E-09 4.4152E-09 4.6475E-09 4.9827E-09 5.2269E-09 5.4791E-09 5.7391E-09 6.0064E-09 6.2808E-09 6.5616E-09 6.8482E-09 7.1401E-09
5.8907E-10 6.0381E-10 6.1869E-10 6.3367E-10 6.4877E-10 6.6398E-10 6.8106E-10 7.0339E-10 7.2172E-10 7.4222E-10 7.6493E-10 7.8676E-10 8.1537E-10 8.4893E-10 8.8784E-10 9.2032E-10 9.5916E-10 9.9901E-10 1.0392E-09 1.0888E-09 1.1423E-09 1.1953E-09 1.2551E-09 1.3196E-09 1.3957E-09 1.4889E-09 1.5752E-09 1.6612E-09 1.7455E-09 1.8347E-09 1.9374E-09 2.0380E-09 2.1437E-09 2.2658E-09 2.3837E-09 2.5068E-09 2.6469E-09 2.7869E-09 2.9284E-09 3.0946E-09 3.2499E-09 3.4103E-09 3.5989E-09 3.7734E-09 3.9707E-09 4.1649E-09 4.3648E-09 4.5855E-09 4.9156E-09 5.1532E-09 5.3983E-09 5.6507E-09 5.9100E-09 6.1758E-09 6.4476E-09 6.7248E-09 7.0067E-09
5.8510E-10 5.9969E-10 6.1438E-10 6.2921E-10 6.4413E-10 6.5916E-10 6.7784E-10 6.9846E-10 7.1706E-10 7.3878E-10 7.6190E-10 7.8245E-10 8.1221E-10 8.4733E-10 8.8407E-10 9.1523E-10 9.5385E-10 9.9362E-10 1.0343E-09 1.0852E-09 1.1366E-09 1.1893E-09 1.2515E-09 1.3157E-09 1.3947E-09 1.4886E-09 1.5718E-09 1.6548E-09 1.7383E-09 1.8285E-09 1.9282E-09 2.0275E-09 2.1316E-09 2.2521E-09 2.3680E-09 2.4890E-09 2.6305E-09 2.7642E-09 2.9028E-09 3.0660E-09 3.2180E-09 3.3798E-09 3.5596E-09 3.7298E-09 3.9283E-09 4.1122E-09 4.3131E-09 4.5224E-09 4.8473E-09 5.0783E-09 5.3164E-09 5.5613E-09 5.8127E-09 6.0701E-09 6.3331E-09 6.6011E-09 6.8734E-09
5.8111E-10 5.9552E-10 6.1006E-10 6.2470E-10 6.3947E-10 6.5432E-10 6.7502E-10 6.9391E-10 7.1193E-10 7.3405E-10 7.5669E-10 7.7769E-10 8.0845E-10 8.4586E-10 8.7923E-10 9.0961E-10 9.4877E-10 9.8735E-10 1.0318E-09 1.0824E-09 1.1345E-09 1.1886E-09 1.2484E-09 1.3115E-09 1.3942E-09 1.4860E-09 1.5670E-09 1.6479E-09 1.7307E-09 1.8216E-09 1.9183E-09 2.0161E-09 2.1187E-09 2.2374E-09 2.3514E-09 2.4702E-09 2.6094E-09 2.7404E-09 2.8762E-09 3.0364E-09 3.1849E-09 3.3482E-09 3.5192E-09 3.6852E-09 3.8794E-09 4.0585E-09 4.2603E-09 4.4849E-09 4.7778E-09 5.0023E-09 5.2335E-09 5.4711E-09 5.7148E-09 5.9640E-09 6.2184E-09 6.4773E-09 6.7403E-09
5.7708E-10 5.9134E-10 6.0570E-10 6.2019E-10 6.3477E-10 6.5115E-10 6.7219E-10 6.8934E-10 7.0683E-10 7.3102E-10 7.5230E-10 7.7446E-10 8.0350E-10 8.4241E-10 8.7472E-10 9.0620E-10 9.4496E-10 9.8409E-10 1.0276E-09 1.0815E-09 1.1312E-09 1.1861E-09 1.2438E-09 1.3074E-09 1.3986E-09 1.4831E-09 1.5618E-09 1.6406E-09 1.7224E-09 1.8122E-09 1.9076E-09 2.0040E-09 2.1050E-09 2.2219E-09 2.3339E-09 2.4505E-09 2.5874E-09 2.7157E-09 2.8486E-09 3.0058E-09 3.1510E-09 3.3155E-09 3.4777E-09 3.6397E-09 3.8295E-09 4.0038E-09 4.2007E-09 4.4460E-09 4.7074E-09 4.9255E-09 5.1500E-09 5.3804E-09 5.6164E-09 5.8576E-09 6.1036E-09 6.3538E-09 6.6076E-09
5.7303E-10 5.8712E-10 6.0133E-10 6.1564E-10 6.3007E-10 6.4796E-10 6.6773E-10 6.8435E-10 7.0383E-10 7.2758E-10 7.4704E-10 7.7174E-10 8.0020E-10 8.3887E-10 8.7057E-10 9.0310E-10 9.4064E-10 9.7993E-10 1.0255E-09 1.0768E-09 1.1252E-09 1.1832E-09 1.2398E-09 1.3075E-09 1.3991E-09 1.4790E-09 1.5562E-09 1.6327E-09 1.7135E-09 1.8040E-09 1.8963E-09 1.9912E-09 2.0930E-09 2.2056E-09 2.3156E-09 2.4299E-09 2.5644E-09 2.6901E-09 2.8245E-09 2.9743E-09 3.1161E-09 3.2818E-09 3.4355E-09 3.5933E-09 3.7787E-09 3.9485E-09 4.1463E-09 4.4059E-09 4.6362E-09 4.8481E-09 5.0658E-09 5.2892E-09 5.5178E-09 5.7512E-09 5.9890E-09 6.2307E-09 6.4758E-09
5.6896E-10 5.8290E-10 5.9693E-10 6.1109E-10 6.2533E-10 6.4516E-10 6.6286E-10 6.7974E-10 7.0045E-10 7.2244E-10 7.4178E-10 7.6894E-10 7.9630E-10 8.3494E-10 8.6549E-10 8.9947E-10 9.3670E-10 9.7807E-10 1.0243E-09 1.0743E-09 1.1217E-09 1.1784E-09 1.2363E-09 1.3096E-09 1.3976E-09 1.4722E-09 1.5487E-09 1.6243E-09 1.7040E-09 1.7951E-09 1.8843E-09 1.9777E-09 2.0803E-09 2.1886E-09 2.2965E-09 2.4086E-09 2.5407E-09 2.6637E-09 2.7994E-09 2.9419E-09 3.0804E-09 3.2426E-09 3.3924E-09 3.5513E-09 3.7273E-09 3.8925E-09 4.0855E-09 4.3645E-09 4.5645E-09 4.7702E-09 4.9814E-09 5.1978E-09 5.4192E-09 5.6450E-09 5.8749E-09 6.1083E-09 6.3448E-09
5.6487E-10 5.7864E-10 5.9253E-10 6.0650E-10 6.2220E-10 6.4037E-10 6.5837E-10 6.7512E-10 6.9741E-10 7.1769E-10 7.3688E-10 7.6575E-10 7.9238E-10 8.3036E-10 8.6191E-10 8.9489E-10 9.3328E-10 9.7405E-10 1.0218E-09 1.0690E-09 1.1196E-09 1.1757E-09 1.2329E-09 1.3110E-09 1.3957E-09 1.4650E-09 1.5406E-09 1.6153E-09 1.6939E-09 1.7838E-09 1.8716E-09 1.9635E-09 2.0668E-09 2.1708E-09 2.2767E-09 2.3900E-09 2.5162E-09 2.6366E-09 2.7736E-09 2.9088E-09 3.0440E-09 3.2026E-09 3.3487E-09 3.5086E-09 3.6753E-09 3.8360E-09 4.0242E-09 4.2981E-09 4.4923E-09 4.6919E-09 4.8967E-09 5.1064E-09 5.3207E-09 5.5391E-09 5.7613E-09 5.9867E-09 6.2149E-09
5.6076E-10 5.7438E-10 5.8809E-10 6.0192E-10 6.1747E-10 6.3758E-10 6.5387E-10 6.7212E-10 6.9236E-10 7.1252E-10 7.3236E-10 7.6184E-10 7.8799E-10 8.2568E-10 8.5820E-10 8.9152E-10 9.3014E-10 9.7197E-10 1.0198E-09 1.0653E-09 1.1147E-09 1.1713E-09 1.2291E-09 1.3135E-09 1.3918E-09 1.4574E-09 1.5322E-09 1.6059E-09 1.6833E-09 1.7720E-09 1.8584E-09 1.9487E-09 2.0527E-09 2.1524E-09 2.2562E-09 2.3706E-09 2.4910E-09 2.6087E-09 2.7469E-09 2.8751E-09 3.0070E-09 3.1621E-09 3.3044E-09 3.4653E-09 3.6229E-09 3.7791E-09 3.9626E-09 4.2312E-09 4.4198E-09 4.6135E-09 4.8120E-09 5.0151E-09 5.2225E-09 5.4337E-09 5.6484E-09 5.8661E-09 6.0863E-09
5.5664E-10 5.7009E-10 5.8366E-10 5.9731E-10 6.1435E-10 6.3320E-10 6.4936E-10 6.6711E-10 6.8932E-10 7.0812E-10 7.2862E-10 7.5790E-10 7.8482E-10 8.1998E-10 8.5479E-10 8.8722E-10 9.2443E-10 9.6859E-10 1.0150E-09 1.0614E-09 1.1111E-09 1.1673E-09 1.2286E-09 1.3141E-09 1.3845E-09 1.4493E-09 1.5232E-09 1.5959E-09 1.6723E-09 1.7596E-09 1.8446E-09 1.9333E-09 2.0355E-09 2.1334E-09 2.2351E-09 2.3506E-09 2.4652E-09 2.5803E-09 2.7156E-09 2.8407E-09 2.9694E-09 3.1210E-09 3.2597E-09 3.4214E-09 3.5701E-09 3.7220E-09 3.9008E-09 4.1640E-09 4.3471E-09 4.5350E-09 4.7274E-09 4.9241E-09 5.1248E-09 5.3290E-09 5.5365E-09 5.7467E-09 5.9591E-09
5.5250E-10 5.6580E-10 5.7920E-10 5.9270E-10 6.1158E-10 6.2880E-10 6.4444E-10 6.6411E-10 6.8461E-10 7.0367E-10 7.2534E-10 7.5337E-10 7.8365E-10 8.1718E-10 8.4928E-10 8.8362E-10 9.2216E-10 9.6680E-10 1.0119E-09 1.0579E-09 1.1065E-09 1.1617E-09 1.2261E-09 1.3109E-09 1.3769E-09 1.4408E-09 1.5138E-09 1.5855E-09 1.6607E-09 1.7467E-09 1.8302E-09 1.9174E-09 2.0179E-09 2.1138E-09 2.2135E-09 2.3299E-09 2.4388E-09 2.5513E-09 2.6838E-09 2.8059E-09 2.9314E-09 3.0795E-09 3.2145E-09 3.3724E-09 3.5170E-09 3.6646E-09 3.8389E-09 4.0967E-09 4.2744E-09 4.4566E-09 4.6430E-09 4.8335E-09 5.0276E-09 5.2251E-09 5.4255E-09 5.6285E-09 5.8335E-09
5.4836E-10 5.6149E-10 5.7474E-10 5.8962E-10 6.0881E-10 6.2401E-10 6.3988E-10 6.6107E-10 6.8027E-10 6.9841E-10 7.2199E-10 7.4841E-10 7.8181E-10 8.1389E-10 8.4618E-10 8.7869E-10 9.1939E-10 9.6325E-10 1.0080E-09 1.0522E-09 1.1018E-09 1.1576E-09 1.2253E-09 1.3069E-09 1.3688E-09 1.4320E-09 1.5040E-09 1.5746E-09 1.6486E-09 1.7334E-09 1.8154E-09 1.9010E-09 1.9997E-09 2.0937E-09 2.1913E-09 2.3054E-09 2.4119E-09 2.5218E-09 2.6515E-09 2.7706E-09 2.8929E-09 3.0376E-09 3.1691E-09 3.3231E-09 3.4637E-09 3.6072E-09 3.7769E-09 4.0293E-09 4.2017E-09 4.3784E-09 4.5590E-09 4.7434E-09 4.9312E-09 5.1221E-09 5.3157E-09 5.5117E-09 5.7095E-09
5.4419E-10 5.5718E-10 5.7026E-10 5.8653E-10 6.0415E-10 6.1958E-10 6.3528E-10 6.5798E-10 6.7512E-10 6.9441E-10 7.1846E-10 7.4379E-10 7.7869E-10 8.0907E-10 8.4135E-10 8.7450E-10 9.1705E-10 9.5861E-10 1.0029E-09 1.0478E-09 1.0974E-09 1.1535E-09 1.2270E-09 1.3012E-09 1.3604E-09 1.4239E-09 1.4938E-09 1.5633E-09 1.6362E-09 1.7195E-09 1.8001E-09 1.8841E-09 1.9810E-09 2.0731E-09 2.1686E-09 2.2805E-09 2.3846E-09 2.4919E-09 2.6188E-09 2.7349E-09 2.8541E-09 2.9954E-09 3.1234E-09 3.2736E-09 3.4103E-09 3.5497E-09 3.7150E-09 3.9620E-09 4.1293E-09 4.3005E-09 4.4755E-09 4.6540E-09 4.8356E-09 5.0202E-09 5.2072E-09 5.3963E-09 5.5872E-09
5.4002E-10 5.5285E-10 5.6578E-10 5.8193E-10 5.9984E-10 6.1511E-10 6.3190E-10 6.5295E-10 6.7071E-10 6.8910E-10 7.1503E-10 7.3911E-10 7.7463E-10 8.0562E-10 8.3722E-10 8.7018E-10 9.1239E-10 9.5307E-10 9.9712E-10 1.0437E-09 1.0943E-09 1.1492E-09 1.2264E-09 1.2932E-09 1.3517E-09 1.4167E-09 1.4832E-09 1.5516E-09 1.6233E-09 1.7053E-09 1.7844E-09 1.8668E-09 1.9618E-09 2.0521E-09 2.1455E-09 2.2551E-09 2.3568E-09 2.4617E-09 2.5857E-09 2.6989E-09 2.8273E-09 2.9530E-09 3.0776E-09 3.2240E-09 3.3569E-09 3.5072E-09 3.6533E-09 3.8949E-09 4.0571E-09 4.2230E-09 4.3925E-09 4.5653E-09 4.7410E-09 4.9193E-09 5.1000E-09 5.2826E-09 5.4667E-09
5.3584E-10 5.4852E-10 5.6128E-10 5.7920E-10 5.9550E-10 6.1062E-10 6.2886E-10 6.4826E-10 6.6626E-10 6.8427E-10 7.1093E-10 7.3487E-10 7.7040E-10 8.0272E-10 8.3264E-10 8.6553E-10 9.0946E-10 9.4876E-10 9.9324E-10 1.0393E-09 1.0900E-09 1.1469E-09 1.2216E-09 1.2850E-09 1.3426E-09 1.4079E-09 1.4722E-09 1.5396E-09 1.6131E-09 1.6906E-09 1.7683E-09 1.8490E-09 1.9423E-09 2.0306E-09 2.1221E-09 2.2294E-09 2.3287E-09 2.4311E-09 2.5523E-09 2.6627E-09 2.7920E-09 2.9104E-09 3.0316E-09 3.1744E-09 3.3035E-09 3.4547E-09 3.5917E-09 3.8279E-09 3.9852E-09 4.1461E-09 4.3102E-09 4.4774E-09 4.6473E-09 4.8197E-09 4.9942E-09 5.1705E-09 5.3482E-09
5.3165E-10 5.4416E-10 5.5823E-10 5.7643E-10 5.9077E-10 6.0574E-10 6.2578E-10 6.4393E-10 6.6178E-10 6.7940E-10 7.0677E-10 7.3104E-10 7.6647E-10 7.9661E-10 8.2839E-10 8.6212E-10 9.0560E-10 9.4450E-10 9.8869E-10 1.0332E-09 1.0854E-09 1.1447E-09 1.2171E-09 1.2764E-09 1.3332E-09 1.3976E-09 1.4609E-09 1.5271E-09 1.6024E-09 1.6756E-09 1.7517E-09 1.8309E-09 1.9224E-09 2.0089E-09 2.0983E-09 2.2033E-09 2.3003E-09 2.4002E-09 2.5187E-09 2.6263E-09 2.7485E-09 2.8678E-09 2.9857E-09 3.1201E-09 3.2503E-09 3.3926E-09 3.5305E-09 3.7375E-09 3.9139E-09 4.0697E-09 4.2286E-09 4.3904E-09 4.5547E-09 4.7214E-09 4.8899E-09 5.0601E-09 5.2316E-09
5.2744E-10 5.3979E-10 5.5371E-10 5.7183E-10 5.8639E-10 6.0121E-10 6.2268E-10 6.3920E-10 6.5704E-10 6.7501E-10 7.0306E-10 7.2633E-10 7.6163E-10 7.9208E-10 8.2194E-10 8.5860E-10 9.0013E-10 9.3918E-10 9.8238E-10 1.0275E-09 1.0793E-09 1.1432E-09 1.2109E-09 1.2675E-09 1.3235E-09 1.3858E-09 1.4493E-09 1.5144E-09 1.5869E-09 1.6602E-09 1.7349E-09 1.8125E-09 1.8998E-09 1.9867E-09 2.0742E-09 2.1738E-09 2.2717E-09 2.3691E-09 2.4809E-09 2.5897E-09 2.7089E-09 2.8205E-09 2.9398E-09 3.0707E-09 3.1919E-09 3.3357E-09 3.4641E-09 3.6717E-09 3.8159E-09 3.9940E-09 4.1479E-09 4.3044E-09 4.4633E-09 4.6244E-09 4.7872E-09 4.9515E-09 5.1169E-09
5.2321E-10 5.3539E-10 5.5065E-10 5.6758E-10 5.8199E-10 5.9782E-10 6.1770E-10 6.3445E-10 6.5227E-10 6.7104E-10 6.9802E-10 7.2248E-10 7.5607E-10 7.8565E-10 8.1786E-10 8.5662E-10 8.9657E-10 9.3398E-10 9.7755E-10 1.0214E-09 1.0740E-09 1.1406E-09 1.2029E-09 1.2576E-09 1.3136E-09 1.3749E-09 1.4373E-09 1.5013E-09 1.5726E-09 1.6428E-09 1.7177E-09 1.7938E-09 1.8793E-09 1.9643E-09 2.0498E-09 2.1472E-09 2.2393E-09 2.3379E-09 2.4470E-09 2.5486E-09 2.6654E-09 2.7779E-09 2.8888E-09 3.0169E-09 3.1392E-09 3.2684E-09 3.4438E-09 3.5769E-09 3.7462E-09 3.9190E-09 4.0680E-09 4.2195E-09 4.3732E-09 4.5288E-09 4.6861E-09 4.8447E-09 5.0043E-09
5.1896E-10 5.3098E-10 5.4792E-10 5.6331E-10 5.7757E-10 5.9476E-10 6.1307E-10 6.3004E-10 6.4699E-10 6.6744E-10 6.9278E-10 7.1708E-10 7.5109E-10 7.8175E-10 8.1102E-10 8.5258E-10 8.8864E-10 9.2846E-10 9.7155E-10 1.0168E-09 1.0669E-09 1.1380E-09 1.1935E-09 1.2482E-09 1.3025E-09 1.3638E-09 1.4238E-09 1.4880E-09 1.5565E-09 1.6268E-09 1.6984E-09 1.7747E-09 1.8586E-09 1.9392E-09 2.0252E-09 2.1174E-09 2.2103E-09 2.3025E-09 2.4092E-09 2.5120E-09 2.6209E-09 2.7310E-09 2.8433E-09 2.9621E-09 3.0816E-09 3.2124E-09 3.3583E-09 3.5126E-09 3.6701E-09 3.8151E-09 3.9891E-09 4.1356E-09 4.2842E-09 4.4346E-09 4.5865E-09 4.7396E-09 4.8936E-09
5.1470E-10 5.2656E-10 5.4481E-10 5.5867E-10 5.7278E-10 5.9022E-10 6.0842E-10 6.2561E-10 6.4218E-10 6.6384E-10 6.8766E-10 7.1315E-10 7.4659E-10 7.7475E-10 8.0621E-10 8.4639E-10 8.8419E-10 9.2232E-10 9.6533E-10 1.0096E-09 1.0640E-09 1.1319E-09 1.1861E-09 1.2369E-09 1.2920E-09 1.3502E-09 1.4113E-09 1.4729E-09 1.5416E-09 1.6089E-09 1.6807E-09 1.7534E-09 1.8353E-09 1.9164E-09 1.9976E-09 2.0905E-09 2.1777E-09 2.2711E-09 2.3708E-09 2.4711E-09 2.5777E-09 2.6831E-09 2.7929E-09 2.9091E-09 3.0233E-09 3.1523E-09 3.2923E-09 3.4428E-09 3.5761E-09 3.7347E-09 3.8782E-09 4.0529E-09 4.1966E-09 4.3419E-09 4.4886E-09 4.6364E-09 4.7849E-09
5.1042E-10 5.2355E-10 5.4066E-10 5.5437E-10 5.6833E-10 5.8714E-10 6.0412E-10 6.2092E-10 6.3783E-10 6.6100E-10 6.8285E-10 7.0884E-10 7.3898E-10 7.6964E-10 8.0101E-10 8.4142E-10 8.7630E-10 9.1609E-10 9.5776E-10 1.0056E-09 1.0556E-09 1.1257E-09 1.1747E-09 1.2271E-09 1.2795E-09 1.3385E-09 1.3963E-09 1.4591E-09 1.5235E-09 1.5925E-09 1.6610E-09 1.7358E-09 1.8142E-09 1.8909E-09 1.9727E-09 2.0574E-09 2.1486E-09 2.2390E-09 2.3332E-09 2.4297E-09 2.5337E-09 2.6368E-09 2.7418E-09 2.8553E-09 2.9719E-09 3.0846E-09 3.2090E-09 3.3504E-09 3.4943E-09 3.6343E-09 3.7936E-09 3.9352E-09 4.0697E-09 4.2507E-09 4.3924E-09 4.5350E-09 4.6783E-09
