Assets/Resources/2015_m01_d10_0700(utc+0800)_l00_csi_1hr_conc.grd
DSAA
         159         159
     -79.000      79.000
     -79.000      79.000
  0.2001E-08  0.1877E-04
[rows 50 to 74 of 159, columns 0 to 56 of 159]
4.5298E-09 4.6840E-09 4.8411E-09 5.0009E-09 5.1662E-09 5.3437E-09 5.5244E-09 5.7115E-09 5.9084E-09 6.1059E-09 6.3168E-09 6.5318E-09 6.7577E-09 6.9913E-09 7.2329E-09 7.4795E-09 7.7378E-09 8.0048E-09 8.2816E-09 8.5643E-09 8.8609E-09 9.1625E-09 9.4786E-09 9.8146E-09 1.0164E-08 1.0521E-08 1.0874E-08 1.1238E-08 1.1612E-08 1.1996E-08 1.2392E-08 1.2798E-08 1.3264E-08 1.3722E-08 1.4175E-08 1.4639E-08 1.5120E-08 1.5646E-08 1.6216E-08 1.6749E-08 1.7311E-08 1.7898E-08 1.8573E-08 1.9211E-08 1.9880E-08 2.0560E-08 2.1274E-08 2.2023E-08 2.2797E-08 2.3594E-08 2.4415E-08 2.5265E-08 2.6148E-08 2.7053E-08 2.8008E-08 2.8980E-08 2.9982E-08
4.5669E-09 4.7223E-09 4.8807E-09 5.0419E-09 5.2086E-09 5.3874E-09 5.5696E-09 5.7581E-09 5.9533E-09 6.1554E-09 6.3678E-09 6.5843E-09 6.8117E-09 7.0469E-09 7.2867E-09 7.5381E-09 7.7980E-09 8.0666E-09 8.3450E-09 8.6293E-09 8.9274E-09 9.2306E-09 9.5482E-09 9.8711E-09 1.0236E-08 1.0594E-08 1.0949E-08 1.1314E-08 1.1689E-08 1.2073E-08 1.2470E-08 1.2875E-08 1.3340E-08 1.3798E-08 1.4250E-08 1.4712E-08 1.5190E-08 1.5714E-08 1.6282E-08 1.6811E-08 1.7370E-08 1.8016E-08 1.8642E-08 1.9277E-08 1.9943E-08 2.0622E-08 2.1331E-08 2.2075E-08 2.2846E-08 2.3637E-08 2.4449E-08 2.5304E-08 2.6171E-08 2.7079E-08 2.8027E-08 2.8994E-08 3.0033E-08
4.6024E-09 4.7590E-09 4.9186E-09 5.0811E-09 5.2491E-09 5.4291E-09 5.6125E-09 5.8024E-09 5.9989E-09 6.2024E-09 6.4161E-09 6.6340E-09 6.8627E-09 7.0992E-09 7.3404E-09 7.5932E-09 7.8544E-09 8.1243E-09 8.3995E-09 8.6897E-09 8.9845E-09 9.2936E-09 9.6077E-09 9.9365E-09 1.0302E-08 1.0662E-08 1.1018E-08 1.1383E-08 1.1758E-08 1.2143E-08 1.2538E-08 1.2944E-08 1.3408E-08 1.3863E-08 1.4313E-08 1.4773E-08 1.5250E-08 1.5770E-08 1.6334E-08 1.6861E-08 1.7460E-08 1.8085E-08 1.8695E-08 1.9327E-08 1.9990E-08 2.0662E-08 2.1367E-08 2.2106E-08 2.2869E-08 2.3654E-08 2.4476E-08 2.5307E-08 2.6186E-08 2.7094E-08 2.8052E-08 2.9047E-08 3.0060E-08
4.6364E-09 4.7912E-09 4.9547E-09 5.1183E-09 5.2875E-09 5.4686E-09 5.6533E-09 5.8411E-09 6.0420E-09 6.2467E-09 6.4616E-09 6.6807E-09 6.9105E-09 7.1448E-09 7.3906E-09 7.6446E-09 7.9069E-09 8.1780E-09 8.4543E-09 8.7455E-09 9.0414E-09 9.3514E-09 9.6665E-09 9.9968E-09 1.0363E-08 1.0724E-08 1.1080E-08 1.1446E-08 1.1821E-08 1.2205E-08 1.2599E-08 1.3004E-08 1.3465E-08 1.3918E-08 1.4366E-08 1.4825E-08 1.5298E-08 1.5816E-08 1.6377E-08 1.6901E-08 1.7541E-08 1.8128E-08 1.8735E-08 1.9361E-08 2.0019E-08 2.0686E-08 2.1383E-08 2.2115E-08 2.2871E-08 2.3655E-08 2.4475E-08 2.5308E-08 2.6212E-08 2.7134E-08 2.8076E-08 2.9055E-08 3.0045E-08
4.6687E-09 4.8245E-09 4.9890E-09 5.1537E-09 5.3239E-09 5.5030E-09 5.6917E-09 5.8807E-09 6.0826E-09 6.2883E-09 6.5010E-09 6.7244E-09 6.9519E-09 7.1906E-09 7.4373E-09 7.6922E-09 7.9555E-09 8.2275E-09 8.5047E-09 8.7967E-09 9.0934E-09 9.4048E-09 9.7217E-09 1.0053E-08 1.0419E-08 1.0780E-08 1.1136E-08 1.1501E-08 1.1876E-08 1.2259E-08 1.2651E-08 1.3055E-08 1.3493E-08 1.3965E-08 1.4411E-08 1.4867E-08 1.5339E-08 1.5854E-08 1.6410E-08 1.6971E-08 1.7576E-08 1.8157E-08 1.8759E-08 1.9381E-08 2.0031E-08 2.0691E-08 2.1381E-08 2.2103E-08 2.2861E-08 2.3662E-08 2.4484E-08 2.5350E-08 2.6242E-08 2.7143E-08 2.8077E-08 2.9025E-08 2.9991E-08
4.6993E-09 4.8560E-09 5.0214E-09 5.1870E-09 5.3582E-09 5.5383E-09 5.7279E-09 5.9178E-09 6.1206E-09 6.3272E-09 6.5408E-09 6.7650E-09 6.9934E-09 7.2329E-09 7.4804E-09 7.7361E-09 7.9967E-09 8.2693E-09 8.5507E-09 8.8437E-09 9.1425E-09 9.4547E-09 9.7718E-09 1.0099E-08 1.0456E-08 1.0830E-08 1.1186E-08 1.1551E-08 1.1924E-08 1.2306E-08 1.2697E-08 1.3100E-08 1.3535E-08 1.4004E-08 1.4450E-08 1.4905E-08 1.5373E-08 1.5858E-08 1.6422E-08 1.7034E-08 1.7598E-08 1.8175E-08 1.8768E-08 1.9384E-08 2.0028E-08 2.0678E-08 2.1366E-08 2.2098E-08 2.2871E-08 2.3689E-08 2.4516E-08 2.5375E-08 2.6238E-08 2.7127E-08 2.8029E-08 2.8927E-08 2.9849E-08
4.7282E-09 4.8857E-09 5.0519E-09 5.2183E-09 5.3904E-09 5.5713E-09 5.7616E-09 5.9524E-09 6.1528E-09 6.3634E-09 6.5777E-09 6.8026E-09 7.0317E-09 7.2718E-09 7.5199E-09 7.7727E-09 8.0373E-09 8.3106E-09 8.5940E-09 8.8838E-09 9.1873E-09 9.4957E-09 9.8185E-09 1.0145E-08 1.0501E-08 1.0875E-08 1.1230E-08 1.1594E-08 1.1967E-08 1.2347E-08 1.2737E-08 1.3139E-08 1.3572E-08 1.4040E-08 1.4483E-08 1.4934E-08 1.5399E-08 1.5878E-08 1.6487E-08 1.7051E-08 1.7608E-08 1.8178E-08 1.8766E-08 1.9372E-08 2.0012E-08 2.0672E-08 2.1365E-08 2.2117E-08 2.2912E-08 2.3708E-08 2.4536E-08 2.5360E-08 2.6197E-08 2.7046E-08 2.7902E-08 2.8781E-08 2.9659E-08
4.7554E-09 4.9108E-09 5.0776E-09 5.2476E-09 5.4204E-09 5.5990E-09 5.7930E-09 5.9845E-09 6.1855E-09 6.3967E-09 6.6084E-09 6.8338E-09 7.0667E-09 7.3072E-09 7.5524E-09 7.8090E-09 8.0755E-09 8.3506E-09 8.6341E-09 8.9247E-09 9.2293E-09 9.5379E-09 9.8604E-09 1.0187E-08 1.0543E-08 1.0915E-08 1.1269E-08 1.1632E-08 1.2004E-08 1.2384E-08 1.2774E-08 1.3175E-08 1.3604E-08 1.4069E-08 1.4510E-08 1.4955E-08 1.5414E-08 1.5902E-08 1.6510E-08 1.7056E-08 1.7608E-08 1.8169E-08 1.8751E-08 1.9367E-08 2.0011E-08 2.0687E-08 2.1395E-08 2.2151E-08 2.2918E-08 2.3708E-08 2.4508E-08 2.5294E-08 2.6096E-08 2.6907E-08 2.7740E-08 2.8584E-08 2.9436E-08
4.7808E-09 4.9369E-09 5.1042E-09 5.2748E-09 5.4483E-09 5.6275E-09 5.8190E-09 6.0141E-09 6.2156E-09 6.4272E-09 6.6394E-09 6.8652E-09 7.0951E-09 7.3359E-09 7.5859E-09 7.8446E-09 8.1114E-09 8.3870E-09 8.6718E-09 8.9628E-09 9.2673E-09 9.5763E-09 9.8986E-09 1.0220E-08 1.0565E-08 1.0936E-08 1.1304E-08 1.1667E-08 1.2038E-08 1.2418E-08 1.2807E-08 1.3205E-08 1.3610E-08 1.4072E-08 1.4528E-08 1.4968E-08 1.5423E-08 1.5955E-08 1.6487E-08 1.7051E-08 1.7595E-08 1.8164E-08 1.8754E-08 1.9379E-08 2.0040E-08 2.0708E-08 2.1403E-08 2.2148E-08 2.2897E-08 2.3667E-08 2.4417E-08 2.5177E-08 2.5940E-08 2.6725E-08 2.7539E-08 2.8358E-08 2.9197E-08
4.8044E-09 4.9610E-09 5.1288E-09 5.2999E-09 5.4739E-09 5.6536E-09 5.8455E-09 6.0411E-09 6.2398E-09 6.4549E-09 6.6674E-09 6.8934E-09 7.1245E-09 7.3674E-09 7.6146E-09 7.8770E-09 8.1415E-09 8.4180E-09 8.7026E-09 8.9930E-09 9.3022E-09 9.6059E-09 9.9281E-09 1.0254E-08 1.0593E-08 1.0968E-08 1.1336E-08 1.1699E-08 1.2070E-08 1.2449E-08 1.2835E-08 1.3229E-08 1.3630E-08 1.4089E-08 1.4539E-08 1.4972E-08 1.5447E-08 1.5968E-08 1.6481E-08 1.7046E-08 1.7600E-08 1.8174E-08 1.8777E-08 1.9401E-08 2.0052E-08 2.0708E-08 2.1403E-08 2.2111E-08 2.2830E-08 2.3559E-08 2.4280E-08 2.5013E-08 2.5756E-08 2.6530E-08 2.7316E-08 2.8122E-08 2.8920E-08
4.8261E-09 4.9833E-09 5.1487E-09 5.3229E-09 5.4974E-09 5.6775E-09 5.8666E-09 6.0654E-09 6.2645E-09 6.4765E-09 6.6930E-09 6.9177E-09 7.1532E-09 7.3928E-09 7.6445E-09 7.9046E-09 8.1725E-09 8.4495E-09 8.7346E-09 9.0246E-09 9.3290E-09 9.6374E-09 9.9588E-09 1.0285E-08 1.0625E-08 1.0984E-08 1.1367E-08 1.1728E-08 1.2098E-08 1.2475E-08 1.2857E-08 1.3247E-08 1.3646E-08 1.4076E-08 1.4541E-08 1.4969E-08 1.5486E-08 1.5966E-08 1.6464E-08 1.7057E-08 1.7620E-08 1.8196E-08 1.8791E-08 1.9405E-08 2.0044E-08 2.0682E-08 2.1344E-08 2.2017E-08 2.2720E-08 2.3415E-08 2.4122E-08 2.4825E-08 2.5560E-08 2.6307E-08 2.7069E-08 2.7851E-08 2.8622E-08
4.8461E-09 5.0037E-09 5.1693E-09 5.3438E-09 5.5186E-09 5.6990E-09 5.8883E-09 6.0872E-09 6.2867E-09 6.5006E-09 6.7185E-09 6.9432E-09 7.1796E-09 7.4206E-09 7.6726E-09 7.9330E-09 8.1980E-09 8.4783E-09 8.7599E-09 9.0536E-09 9.3573E-09 9.6661E-09 9.9835E-09 1.0315E-08 1.0650E-08 1.1013E-08 1.1393E-08 1.1753E-08 1.2120E-08 1.2494E-08 1.2874E-08 1.3259E-08 1.3655E-08 1.4080E-08 1.4535E-08 1.4985E-08 1.5495E-08 1.5979E-08 1.6503E-08 1.7078E-08 1.7635E-08 1.8203E-08 1.8788E-08 1.9388E-08 1.9998E-08 2.0617E-08 2.1242E-08 2.1904E-08 2.2573E-08 2.3248E-08 2.3936E-08 2.4621E-08 2.5335E-08 2.6064E-08 2.6815E-08 2.7562E-08 2.8306E-08
4.8642E-09 5.0221E-09 5.1852E-09 5.3625E-09 5.5375E-09 5.7182E-09 5.9045E-09 6.1080E-09 6.3093E-09 6.5200E-09 6.7418E-09 6.9648E-09 7.2015E-09 7.4427E-09 7.6986E-09 7.9558E-09 8.2243E-09 8.5013E-09 8.7859E-09 9.0800E-09 9.3801E-09 9.6939E-09 1.0011E-08 1.0343E-08 1.0672E-08 1.1024E-08 1.1415E-08 1.1772E-08 1.2137E-08 1.2507E-08 1.2884E-08 1.3267E-08 1.3657E-08 1.4055E-08 1.4535E-08 1.5038E-08 1.5508E-08 1.5991E-08 1.6566E-08 1.7087E-08 1.7636E-08 1.8192E-08 1.8754E-08 1.9324E-08 1.9918E-08 2.0508E-08 2.1113E-08 2.1758E-08 2.2408E-08 2.3072E-08 2.3732E-08 2.4407E-08 2.5096E-08 2.5815E-08 2.6533E-08 2.7251E-08 2.7967E-08
4.8805E-09 5.0386E-09 5.2018E-09 5.3764E-09 5.5542E-09 5.7361E-09 5.9243E-09 6.1249E-09 6.3297E-09 6.5386E-09 6.7642E-09 6.9875E-09 7.2248E-09 7.4665E-09 7.7189E-09 7.9799E-09 8.2483E-09 8.5255E-09 8.8078E-09 9.1055E-09 9.4057E-09 9.7198E-09 1.0032E-08 1.0367E-08 1.0695E-08 1.1039E-08 1.1418E-08 1.1787E-08 1.2148E-08 1.2516E-08 1.2889E-08 1.3267E-08 1.3659E-08 1.4062E-08 1.4574E-08 1.5052E-08 1.5517E-08 1.6017E-08 1.6569E-08 1.7081E-08 1.7612E-08 1.8142E-08 1.8683E-08 1.9231E-08 1.9813E-08 2.0380E-08 2.0982E-08 2.1597E-08 2.2235E-08 2.2872E-08 2.3512E-08 2.4172E-08 2.4842E-08 2.5538E-08 2.6230E-08 2.6915E-08 2.7606E-08
4.8949E-09 5.0531E-09 5.2165E-09 5.3916E-09 5.5711E-09 5.7536E-09 5.9422E-09 6.1407E-09 6.3496E-09 6.5587E-09 6.7817E-09 7.0088E-09 7.2429E-09 7.4884E-09 7.7376E-09 7.9985E-09 8.2712E-09 8.5454E-09 8.8314E-09 9.1260E-09 9.4249E-09 9.7426E-09 1.0054E-08 1.0382E-08 1.0713E-08 1.1055E-08 1.1415E-08 1.1796E-08 1.2154E-08 1.2518E-08 1.2893E-08 1.3277E-08 1.3666E-08 1.4085E-08 1.4612E-08 1.5056E-08 1.5513E-08 1.6059E-08 1.6554E-08 1.7043E-08 1.7553E-08 1.8064E-08 1.8586E-08 1.9126E-08 1.9687E-08 2.0239E-08 2.0825E-08 2.1421E-08 2.2041E-08 2.2659E-08 2.3290E-08 2.3920E-08 2.4578E-08 2.5240E-08 2.5903E-08 2.6564E-08 2.7234E-08
4.9075E-09 5.0661E-09 5.2310E-09 5.4041E-09 5.5864E-09 5.7698E-09 5.9596E-09 6.1583E-09 6.3677E-09 6.5776E-09 6.7975E-09 7.0283E-09 7.2595E-09 7.5081E-09 7.7549E-09 8.0199E-09 8.2894E-09 8.5639E-09 8.8534E-09 9.1473E-09 9.4454E-09 9.7566E-09 1.0071E-08 1.0393E-08 1.0726E-08 1.1062E-08 1.1409E-08 1.1800E-08 1.2158E-08 1.2527E-08 1.2901E-08 1.3281E-08 1.3666E-08 1.4155E-08 1.4611E-08 1.5048E-08 1.5517E-08 1.6030E-08 1.6505E-08 1.6979E-08 1.7472E-08 1.7968E-08 1.8477E-08 1.9009E-08 1.9550E-08 2.0099E-08 2.0655E-08 2.1240E-08 2.1835E-08 2.2433E-08 2.3044E-08 2.3650E-08 2.4289E-08 2.4924E-08 2.5563E-08 2.6203E-08 2.6851E-08
4.9197E-09 5.0793E-09 5.2442E-09 5.4152E-09 5.6013E-09 5.7852E-09 5.9755E-09 6.1719E-09 6.3845E-09 6.5950E-09 6.8120E-09 7.0458E-09 7.2780E-09 7.5241E-09 7.7747E-09 8.0396E-09 8.3061E-09 8.5836E-09 8.8687E-09 9.1615E-09 9.4621E-09 9.7673E-09 1.0085E-08 1.0400E-08 1.0736E-08 1.1064E-08 1.1413E-08 1.1807E-08 1.2166E-08 1.2531E-08 1.2902E-08 1.3277E-08 1.3677E-08 1.4174E-08 1.4597E-08 1.5018E-08 1.5520E-08 1.5977E-08 1.6432E-08 1.6898E-08 1.7378E-08 1.7862E-08 1.8358E-08 1.8877E-08 1.9401E-08 1.9935E-08 2.0475E-08 2.1042E-08 2.1616E-08 2.2196E-08 2.2777E-08 2.3373E-08 2.3986E-08 2.4600E-08 2.5214E-08 2.5832E-08 2.6461E-08
4.9310E-09 5.0911E-09 5.2571E-09 5.4287E-09 5.6121E-09 5.7994E-09 5.9902E-09 6.1871E-09 6.3969E-09 6.6104E-09 6.8283E-09 7.0630E-09 7.2956E-09 7.5415E-09 7.7927E-09 8.0541E-09 8.3199E-09 8.5999E-09 8.8807E-09 9.1725E-09 9.4748E-09 9.7739E-09 1.0094E-08 1.0407E-08 1.0740E-08 1.1072E-08 1.1461E-08 1.1811E-08 1.2167E-08 1.2529E-08 1.2895E-08 1.3266E-08 1.3730E-08 1.4153E-08 1.4558E-08 1.4989E-08 1.5462E-08 1.5907E-08 1.6351E-08 1.6807E-08 1.7275E-08 1.7747E-08 1.8240E-08 1.8734E-08 1.9256E-08 1.9762E-08 2.0290E-08 2.0828E-08 2.1378E-08 2.1938E-08 2.2501E-08 2.3081E-08 2.3673E-08 2.4267E-08 2.4858E-08 2.5455E-08 2.6062E-08
4.9418E-09 5.1025E-09 5.2688E-09 5.4410E-09 5.6219E-09 5.8123E-09 6.0036E-09 6.2008E-09 6.4079E-09 6.6255E-09 6.8436E-09 7.0783E-09 7.3109E-09 7.5606E-09 7.8077E-09 8.0721E-09 8.3340E-09 8.6132E-09 8.8893E-09 9.1832E-09 9.4806E-09 9.7812E-09 1.0094E-08 1.0410E-08 1.0743E-08 1.1083E-08 1.1463E-08 1.1809E-08 1.2162E-08 1.2519E-08 1.2880E-08 1.3260E-08 1.3726E-08 1.4113E-08 1.4502E-08 1.4970E-08 1.5392E-08 1.5822E-08 1.6260E-08 1.6704E-08 1.7159E-08 1.7623E-08 1.8103E-08 1.8583E-08 1.9090E-08 1.9576E-08 2.0082E-08 2.0600E-08 2.1138E-08 2.1674E-08 2.2223E-08 2.2779E-08 2.3353E-08 2.3925E-08 2.4493E-08 2.5071E-08 2.5659E-08
4.9515E-09 5.1127E-09 5.2795E-09 5.4521E-09 5.6307E-09 5.8239E-09 6.0156E-09 6.2136E-09 6.4268E-09 6.6383E-09 6.8624E-09 7.0913E-09 7.3297E-09 7.5727E-09 7.8259E-09 8.0834E-09 8.3508E-09 8.6228E-09 8.9044E-09 9.1901E-09 9.4856E-09 9.7846E-09 1.0101E-08 1.0419E-08 1.0741E-08 1.1107E-08 1.1458E-08 1.1801E-08 1.2149E-08 1.2500E-08 1.2849E-08 1.3285E-08 1.3682E-08 1.4058E-08 1.4437E-08 1.4899E-08 1.5314E-08 1.5735E-08 1.6157E-08 1.6597E-08 1.7036E-08 1.7502E-08 1.7958E-08 1.8432E-08 1.8908E-08 1.9381E-08 1.9865E-08 2.0357E-08 2.0884E-08 2.1398E-08 2.1932E-08 2.2472E-08 2.3023E-08 2.3576E-08 2.4125E-08 2.4683E-08 2.5251E-08
4.9578E-09 5.1220E-09 5.2893E-09 5.4621E-09 5.6407E-09 5.8346E-09 6.0263E-09 6.2239E-09 6.4373E-09 6.6487E-09 6.8760E-09 7.1010E-09 7.3426E-09 7.5819E-09 7.8376E-09 8.0911E-09 8.3612E-09 8.6282E-09 8.9123E-09 9.1927E-09 9.4900E-09 9.7880E-09 1.0098E-08 1.0419E-08 1.0747E-08 1.1113E-08 1.1447E-08 1.1785E-08 1.2124E-08 1.2465E-08 1.2805E-08 1.3262E-08 1.3627E-08 1.3996E-08 1.4430E-08 1.4822E-08 1.5223E-08 1.5639E-08 1.6053E-08 1.6475E-08 1.6911E-08 1.7348E-08 1.7800E-08 1.8257E-08 1.8716E-08 1.9175E-08 1.9641E-08 2.0122E-08 2.0624E-08 2.1127E-08 2.1636E-08 2.2154E-08 2.2689E-08 2.3223E-08 2.3753E-08 2.4292E-08 2.4841E-08
4.9658E-09 5.1302E-09 5.2974E-09 5.4705E-09 5.6575E-09 5.8431E-09 6.0345E-09 6.2408E-09 6.4457E-09 6.6593E-09 6.8836E-09 7.1113E-09 7.3493E-09 7.5940E-09 7.8431E-09 8.1015E-09 8.3643E-09 8.6364E-09 8.9124E-09 9.1976E-09 9.4865E-09 9.7917E-09 1.0099E-08 1.0409E-08 1.0761E-08 1.1099E-08 1.1427E-08 1.1757E-08 1.2088E-08 1.2419E-08 1.2831E-08 1.3208E-08 1.3566E-08 1.3927E-08 1.4359E-08 1.4739E-08 1.5130E-08 1.5529E-08 1.5941E-08 1.6350E-08 1.6770E-08 1.7195E-08 1.7623E-08 1.8075E-08 1.8518E-08 1.8962E-08 1.9404E-08 1.9876E-08 2.0342E-08 2.0843E-08 2.1337E-08 2.1834E-08 2.2350E-08 2.2867E-08 2.3377E-08 2.3898E-08 2.4429E-08
4.9749E-09 5.1370E-09 5.3043E-09 5.4770E-09 5.6641E-09 5.8497E-09 6.0408E-09 6.2470E-09 6.4513E-09 6.6710E-09 6.8886E-09 7.1219E-09 7.3532E-09 7.6003E-09 7.8450E-09 8.1058E-09 8.3636E-09 8.6376E-09 8.9084E-09 9.1953E-09 9.4828E-09 9.7818E-09 1.0092E-08 1.0407E-08 1.0758E-08 1.1076E-08 1.1397E-08 1.1719E-08 1.2042E-08 1.2366E-08 1.2800E-08 1.3148E-08 1.3499E-08 1.3911E-08 1.4280E-08 1.4654E-08 1.5034E-08 1.5422E-08 1.5813E-08 1.6214E-08 1.6623E-08 1.7022E-08 1.7452E-08 1.7868E-08 1.8316E-08 1.8738E-08 1.9177E-08 1.9609E-08 2.0081E-08 2.0528E-08 2.1027E-08 2.1512E-08 2.2010E-08 2.2508E-08 2.3001E-08 2.3504E-08 2.4017E-08
4.9804E-09 5.1421E-09 5.3090E-09 5.4871E-09 5.6692E-09 5.8541E-09 6.0504E-09 6.2511E-09 6.4576E-09 6.6740E-09 6.8940E-09 7.1239E-09 7.3569E-09 7.6004E-09 7.8497E-09 8.1030E-09 8.3656E-09 8.6318E-09 8.9068E-09 9.1855E-09 9.4796E-09 9.7761E-09 1.0075E-08 1.0412E-08 1.0734E-08 1.1045E-08 1.1359E-08 1.1674E-08 1.1990E-08 1.2375E-08 1.2742E-08 1.3083E-08 1.3427E-08 1.3835E-08 1.4197E-08 1.4562E-08 1.4927E-08 1.5299E-08 1.5678E-08 1.6069E-08 1.6470E-08 1.6864E-08 1.7275E-08 1.7677E-08 1.8082E-08 1.8515E-08 1.8939E-08 1.9355E-08 1.9810E-08 2.0240E-08 2.0721E-08 2.1188E-08 2.1653E-08 2.2150E-08 2.2624E-08 2.3109E-08 2.3607E-08
4.9839E-09 5.1455E-09 5.3124E-09 5.4930E-09 5.6719E-09 5.8566E-09 6.0556E-09 6.2527E-09 6.4647E-09 6.6748E-09 6.8997E-09 7.1229E-09 7.3611E-09 7.5969E-09 7.8483E-09 8.0970E-09 8.3610E-09 8.6222E-09 8.8986E-09 9.1718E-09 9.4643E-09 9.7624E-09 1.0065E-08 1.0399E-08 1.0702E-08 1.1007E-08 1.1314E-08 1.1623E-08 1.1934E-08 1.2332E-08 1.2678E-08 1.3012E-08 1.3404E-08 1.3754E-08 1.4106E-08 1.4459E-08 1.4814E-08 1.5173E-08 1.5540E-08 1.5921E-08 1.6293E-08 1.6695E-08 1.7075E-08 1.7487E-08 1.7874E-08 1.8261E-08 1.8684E-08 1.9105E-08 1.9511E-08 1.9950E-08 2.0370E-08 2.0863E-08 2.1312E-08 2.1791E-08 2.2249E-08 2.2719E-08 2.3200E-08
