Assets/Resources/2015_m01_d10_1400(utc+0800)_l00_csi_1hr_conc.grd
DSAA
         159         159
     -79.000      79.000
     -79.000      79.000
  0.5428E-09  0.1728E-05
[rows 0 to 24 of 159, columns 0 to 56 of 159]
5.4277E-10 5.5231E-10 5.6104E-10 5.7048E-10 5.7949E-10 5.8904E-10 5.9868E-10 6.0933E-10 6.2020E-10 6.3030E-10 6.4157E-10 6.5184E-10 6.6318E-10 6.7403E-10 6.8520E-10 6.9679E-10 7.0794E-10 7.2005E-10 7.3159E-10 7.4389E-10 7.5585E-10 7.6844E-10 7.8080E-10 7.9340E-10 8.0578E-10 8.1770E-10 8.2985E-10 8.4215E-10 8.5459E-10 8.6717E-10 8.7975E-10 8.9259E-10 9.0542E-10 9.1851E-10 9.3175E-10 9.4524E-10 9.5873E-10 9.7233E-10 9.8607E-10 1.0001E-09 1.0140E-09 1.0283E-09 1.0426E-09 1.0571E-09 1.0718E-09 1.0865E-09 1.1014E-09 1.1163E-09 1.1315E-09 1.1467E-09 1.1619E-09 1.1775E-09 1.1930E-09 1.2097E-09 1.2255E-09 1.2423E-09 1.2586E-09
5.5117E-10 5.6009E-10 5.6958E-10 5.7864E-10 5.8825E-10 5.9786E-10 6.0866E-10 6.1934E-10 6.2977E-10 6.4110E-10 6.5136E-10 6.6291E-10 6.7364E-10 6.8506E-10 6.9675E-10 7.0791E-10 7.2009E-10 7.3177E-10 7.4418E-10 7.5635E-10 7.6898E-10 7.8179E-10 7.9429E-10 8.0682E-10 8.1888E-10 8.3119E-10 8.4365E-10 8.5626E-10 8.6901E-10 8.8177E-10 8.9480E-10 9.0783E-10 9.2112E-10 9.3456E-10 9.4827E-10 9.6199E-10 9.7582E-10 9.8980E-10 1.0040E-09 1.0183E-09 1.0328E-09 1.0475E-09 1.0623E-09 1.0772E-09 1.0921E-09 1.1076E-09 1.1226E-09 1.1381E-09 1.1537E-09 1.1693E-09 1.1853E-09 1.2012E-09 1.2183E-09 1.2349E-09 1.2518E-09 1.2683E-09 1.2854E-09
5.5901E-10 5.6855E-10 5.7767E-10 5.8733E-10 5.9700E-10 6.0786E-10 6.1850E-10 6.2913E-10 6.4049E-10 6.5061E-10 6.6232E-10 6.7317E-10 6.8468E-10 6.9653E-10 7.0786E-10 7.1994E-10 7.3176E-10 7.4437E-10 7.5665E-10 7.6940E-10 7.8252E-10 7.9496E-10 8.0763E-10 8.1984E-10 8.3230E-10 8.4491E-10 8.5755E-10 8.7060E-10 8.8354E-10 8.9675E-10 9.0997E-10 9.2346E-10 9.3711E-10 9.5102E-10 9.6496E-10 9.7903E-10 9.9324E-10 1.0077E-09 1.0222E-09 1.0371E-09 1.0520E-09 1.0671E-09 1.0822E-09 1.0976E-09 1.1132E-09 1.1288E-09 1.1444E-09 1.1605E-09 1.1764E-09 1.1926E-09 1.2095E-09 1.2268E-09 1.2434E-09 1.2608E-09 1.2777E-09 1.2952E-09 1.3129E-09
5.6741E-10 5.7643E-10 5.8628E-10 5.9593E-10 6.0684E-10 6.1703E-10 6.2823E-10 6.3938E-10 6.4992E-10 6.6161E-10 6.7253E-10 6.8420E-10 6.9606E-10 7.0746E-10 7.1965E-10 7.3156E-10 7.4423E-10 7.5667E-10 7.6941E-10 7.8273E-10 7.9529E-10 8.0822E-10 8.2056E-10 8.3317E-10 8.4582E-10 8.5873E-10 8.7181E-10 8.8505E-10 8.9844E-10 9.1185E-10 9.2553E-10 9.3937E-10 9.5350E-10 9.6765E-10 9.8194E-10 9.9638E-10 1.0111E-09 1.0258E-09 1.0410E-09 1.0562E-09 1.0715E-09 1.0869E-09 1.1027E-09 1.1185E-09 1.1344E-09 1.1504E-09 1.1668E-09 1.1831E-09 1.1997E-09 1.2171E-09 1.2345E-09 1.2517E-09 1.2694E-09 1.2873E-09 1.3046E-09 1.3228E-09 1.3405E-09
5.7520E-10 5.8511E-10 5.9471E-10 6.0550E-10 6.1600E-10 6.2725E-10 6.3799E-10 6.4906E-10 6.6082E-10 6.7160E-10 6.8344E-10 6.9516E-10 7.0698E-10 7.1925E-10 7.3114E-10 7.4391E-10 7.5640E-10 7.6941E-10 7.8285E-10 7.9552E-10 8.0846E-10 8.2106E-10 8.3380E-10 8.4660E-10 8.5966E-10 8.7278E-10 8.8631E-10 8.9987E-10 9.1345E-10 9.2732E-10 9.4137E-10 9.5555E-10 9.6991E-10 9.8456E-10 9.9923E-10 1.0142E-09 1.0292E-09 1.0446E-09 1.0600E-09 1.0756E-09 1.0913E-09 1.1074E-09 1.1235E-09 1.1397E-09 1.1560E-09 1.1728E-09 1.1894E-09 1.2066E-09 1.2241E-09 1.2419E-09 1.2595E-09 1.2776E-09 1.2959E-09 1.3136E-09 1.3325E-09 1.3508E-09 1.3693E-09
5.8375E-10 5.9345E-10 6.0402E-10 6.1469E-10 6.2600E-10 6.3683E-10 6.4797E-10 6.5954E-10 6.7064E-10 6.8262E-10 6.9422E-10 7.0631E-10 7.1867E-10 7.3048E-10 7.4350E-10 7.5600E-10 7.6908E-10 7.8275E-10 7.9543E-10 8.0848E-10 8.2119E-10 8.3420E-10 8.4714E-10 8.6035E-10 8.7362E-10 8.8730E-10 9.0103E-10 9.1479E-10 9.2884E-10 9.4307E-10 9.5745E-10 9.7202E-10 9.8688E-10 1.0018E-09 1.0170E-09 1.0322E-09 1.0478E-09 1.0635E-09 1.0794E-09 1.0954E-09 1.1117E-09 1.1282E-09 1.1447E-09 1.1613E-09 1.1783E-09 1.1954E-09 1.2129E-09 1.2307E-09 1.2489E-09 1.2669E-09 1.2854E-09 1.3041E-09 1.3226E-09 1.3417E-09 1.3603E-09 1.3793E-09 1.3980E-09
5.9207E-10 6.0227E-10 6.1319E-10 6.2439E-10 6.3562E-10 6.4681E-10 6.5796E-10 6.6929E-10 6.8156E-10 6.9322E-10 7.0509E-10 7.1757E-10 7.2967E-10 7.4282E-10 7.5529E-10 7.6847E-10 7.8236E-10 7.9522E-10 8.0839E-10 8.2122E-10 8.3424E-10 8.4743E-10 8.6078E-10 8.7420E-10 8.8791E-10 9.0192E-10 9.1586E-10 9.3008E-10 9.4449E-10 9.5894E-10 9.7382E-10 9.8889E-10 1.0040E-09 1.0194E-09 1.0349E-09 1.0506E-09 1.0667E-09 1.0828E-09 1.0991E-09 1.1157E-09 1.1324E-09 1.1492E-09 1.1662E-09 1.1836E-09 1.2010E-09 1.2188E-09 1.2368E-09 1.2556E-09 1.2739E-09 1.2927E-09 1.3119E-09 1.3308E-09 1.3503E-09 1.3694E-09 1.3889E-09 1.4081E-09 1.4278E-09
6.0079E-10 6.1160E-10 6.2270E-10 6.3381E-10 6.4523E-10 6.5662E-10 6.6808E-10 6.7999E-10 6.9176E-10 7.0407E-10 7.1642E-10 7.2868E-10 7.4202E-10 7.5449E-10 7.6785E-10 7.8133E-10 7.9467E-10 8.0807E-10 8.2102E-10 8.3405E-10 8.4735E-10 8.6097E-10 8.7452E-10 8.8839E-10 9.0230E-10 9.1664E-10 9.3104E-10 9.4563E-10 9.6026E-10 9.7520E-10 9.9060E-10 1.0059E-09 1.0215E-09 1.0372E-09 1.0532E-09 1.0695E-09 1.0859E-09 1.1025E-09 1.1192E-09 1.1364E-09 1.1534E-09 1.1707E-09 1.1884E-09 1.2060E-09 1.2242E-09 1.2426E-09 1.2618E-09 1.2805E-09 1.2997E-09 1.3187E-09 1.3387E-09 1.3585E-09 1.3780E-09 1.3980E-09 1.4176E-09 1.4379E-09 1.4584E-09
6.0947E-10 6.2116E-10 6.3226E-10 6.4314E-10 6.5501E-10 6.6663E-10 6.7846E-10 6.9031E-10 7.0279E-10 7.1494E-10 7.2753E-10 7.4061E-10 7.5338E-10 7.6702E-10 7.8039E-10 7.9391E-10 8.0752E-10 8.2059E-10 8.3373E-10 8.4716E-10 8.6078E-10 8.7459E-10 8.8859E-10 9.0265E-10 9.1703E-10 9.3171E-10 9.4647E-10 9.6128E-10 9.7641E-10 9.9186E-10 1.0074E-09 1.0234E-09 1.0392E-09 1.0553E-09 1.0718E-09 1.0885E-09 1.1054E-09 1.1224E-09 1.1399E-09 1.1571E-09 1.1748E-09 1.1928E-09 1.2107E-09 1.2292E-09 1.2480E-09 1.2675E-09 1.2866E-09 1.3062E-09 1.3256E-09 1.3461E-09 1.3663E-09 1.3862E-09 1.4066E-09 1.4267E-09 1.4474E-09 1.4685E-09 1.4891E-09
6.1902E-10 6.3020E-10 6.4153E-10 6.5331E-10 6.6482E-10 6.7680E-10 6.8869E-10 7.0088E-10 7.1350E-10 7.2628E-10 7.3905E-10 7.5215E-10 7.6590E-10 7.7934E-10 7.9296E-10 8.0662E-10 8.1980E-10 8.3317E-10 8.4671E-10 8.6035E-10 8.7427E-10 8.8854E-10 9.0274E-10 9.1726E-10 9.3185E-10 9.4702E-10 9.6201E-10 9.7731E-10 9.9282E-10 1.0087E-09 1.0248E-09 1.0409E-09 1.0573E-09 1.0739E-09 1.0909E-09 1.1081E-09 1.1253E-09 1.1428E-09 1.1606E-09 1.1785E-09 1.1968E-09 1.2151E-09 1.2337E-09 1.2530E-09 1.2729E-09 1.2921E-09 1.3123E-09 1.3321E-09 1.3529E-09 1.3735E-09 1.3937E-09 1.4147E-09 1.4353E-09 1.4565E-09 1.4781E-09 1.4992E-09 1.5209E-09
6.2770E-10 6.3972E-10 6.5122E-10 6.6253E-10 6.7477E-10 6.8701E-10 6.9925E-10 7.1156E-10 7.2450E-10 7.3747E-10 7.5058E-10 7.6414E-10 7.7758E-10 7.9188E-10 8.0551E-10 8.1878E-10 8.3224E-10 8.4603E-10 8.5977E-10 8.7382E-10 8.8796E-10 9.0255E-10 9.1722E-10 9.3195E-10 9.4702E-10 9.6243E-10 9.7791E-10 9.9360E-10 1.0095E-09 1.0257E-09 1.0422E-09 1.0588E-09 1.0757E-09 1.0928E-09 1.1103E-09 1.1278E-09 1.1455E-09 1.1635E-09 1.1819E-09 1.2005E-09 1.2190E-09 1.2379E-09 1.2574E-09 1.2770E-09 1.2974E-09 1.3179E-09 1.3381E-09 1.3590E-09 1.3795E-09 1.4009E-09 1.4224E-09 1.4434E-09 1.4651E-09 1.4865E-09 1.5087E-09 1.5310E-09 1.5531E-09
6.3736E-10 6.4878E-10 6.6069E-10 6.7289E-10 6.8470E-10 6.9741E-10 7.0989E-10 7.2234E-10 7.3560E-10 7.4907E-10 7.6260E-10 7.7613E-10 7.9041E-10 8.0391E-10 8.1765E-10 8.3121E-10 8.4498E-10 8.5895E-10 8.7311E-10 8.8738E-10 9.0197E-10 9.1690E-10 9.3177E-10 9.4699E-10 9.6242E-10 9.7819E-10 9.9391E-10 1.0101E-09 1.0264E-09 1.0432E-09 1.0600E-09 1.0771E-09 1.0943E-09 1.1119E-09 1.1298E-09 1.1479E-09 1.1661E-09 1.1846E-09 1.2034E-09 1.2224E-09 1.2418E-09 1.2612E-09 1.2814E-09 1.3021E-09 1.3231E-09 1.3436E-09 1.3647E-09 1.3858E-09 1.4076E-09 1.4295E-09 1.4510E-09 1.4731E-09 1.4950E-09 1.5177E-09 1.5404E-09 1.5632E-09 1.5873E-09
6.4616E-10 6.5870E-10 6.7036E-10 6.8244E-10 6.9507E-10 7.0749E-10 7.2054E-10 7.3377E-10 7.4692E-10 7.6046E-10 7.7429E-10 7.8837E-10 8.0235E-10 8.1616E-10 8.2994E-10 8.4369E-10 8.5775E-10 8.7203E-10 8.8653E-10 9.0124E-10 9.1604E-10 9.3131E-10 9.4666E-10 9.6224E-10 9.7791E-10 9.9405E-10 1.0104E-09 1.0269E-09 1.0437E-09 1.0606E-09 1.0781E-09 1.0956E-09 1.1133E-09 1.1314E-09 1.1499E-09 1.1683E-09 1.1870E-09 1.2062E-09 1.2254E-09 1.2451E-09 1.2649E-09 1.2851E-09 1.3064E-09 1.3271E-09 1.3484E-09 1.3701E-09 1.3915E-09 1.4138E-09 1.4361E-09 1.4578E-09 1.4806E-09 1.5030E-09 1.5261E-09 1.5494E-09 1.5726E-09 1.5972E-09 1.6211E-09
6.5606E-10 6.6750E-10 6.8023E-10 6.9293E-10 7.0506E-10 7.1844E-10 7.3138E-10 7.4448E-10 7.5843E-10 7.7249E-10 7.8652E-10 8.0061E-10 8.1446E-10 8.2820E-10 8.4227E-10 8.5643E-10 8.7070E-10 8.8542E-10 9.0025E-10 9.1516E-10 9.3043E-10 9.4592E-10 9.6176E-10 9.7758E-10 9.9375E-10 1.0103E-09 1.0269E-09 1.0441E-09 1.0612E-09 1.0788E-09 1.0965E-09 1.1145E-09 1.1327E-09 1.1512E-09 1.1700E-09 1.1891E-09 1.2082E-09 1.2281E-09 1.2481E-09 1.2681E-09 1.2885E-09 1.3099E-09 1.3311E-09 1.3529E-09 1.3750E-09 1.3967E-09 1.4195E-09 1.4414E-09 1.4643E-09 1.4875E-09 1.5103E-09 1.5340E-09 1.5570E-09 1.5813E-09 1.6066E-09 1.6310E-09 1.6561E-09
6.6509E-10 6.7791E-10 6.8980E-10 7.0257E-10 7.1584E-10 7.2854E-10 7.4228E-10 7.5631E-10 7.6982E-10 7.8421E-10 7.9865E-10 8.1264E-10 8.2646E-10 8.4049E-10 8.5475E-10 8.6923E-10 8.8392E-10 8.9872E-10 9.1401E-10 9.2940E-10 9.4488E-10 9.6084E-10 9.7694E-10 9.9326E-10 1.0098E-09 1.0267E-09 1.0439E-09 1.0613E-09 1.0789E-09 1.0968E-09 1.1151E-09 1.1336E-09 1.1523E-09 1.1715E-09 1.1908E-09 1.2102E-09 1.2300E-09 1.2504E-09 1.2706E-09 1.2915E-09 1.3131E-09 1.3347E-09 1.3569E-09 1.3788E-09 1.4013E-09 1.4241E-09 1.4469E-09 1.4703E-09 1.4939E-09 1.5171E-09 1.5411E-09 1.5647E-09 1.5895E-09 1.6153E-09 1.6403E-09 1.6660E-09 1.6920E-09
6.7480E-10 6.8687E-10 7.0021E-10 7.1314E-10 7.2597E-10 7.3993E-10 7.5336E-10 7.6721E-10 7.8188E-10 7.9585E-10 8.1037E-10 8.2449E-10 8.3860E-10 8.5282E-10 8.6738E-10 8.8229E-10 8.9719E-10 9.1246E-10 9.2808E-10 9.4368E-10 9.5965E-10 9.7587E-10 9.9245E-10 1.0090E-09 1.0261E-09 1.0434E-09 1.0610E-09 1.0789E-09 1.0970E-09 1.1153E-09 1.1342E-09 1.1531E-09 1.1722E-09 1.1918E-09 1.2116E-09 1.2318E-09 1.2519E-09 1.2729E-09 1.2941E-09 1.3154E-09 1.3375E-09 1.3601E-09 1.3824E-09 1.4055E-09 1.4287E-09 1.4517E-09 1.4756E-09 1.4989E-09 1.5232E-09 1.5476E-09 1.5718E-09 1.5967E-09 1.6234E-09 1.6487E-09 1.6751E-09 1.7017E-09 1.7275E-09
6.8434E-10 6.9749E-10 7.0986E-10 7.2331E-10 7.3692E-10 7.5023E-10 7.6482E-10 7.7933E-10 7.9326E-10 8.0804E-10 8.2205E-10 8.3635E-10 8.5077E-10 8.6540E-10 8.8016E-10 8.9539E-10 9.1076E-10 9.2623E-10 9.4219E-10 9.5827E-10 9.7462E-10 9.9107E-10 1.0080E-09 1.0253E-09 1.0426E-09 1.0604E-09 1.0784E-09 1.0968E-09 1.1152E-09 1.1340E-09 1.1533E-09 1.1728E-09 1.1924E-09 1.2125E-09 1.2331E-09 1.2535E-09 1.2744E-09 1.2959E-09 1.3176E-09 1.3402E-09 1.3624E-09 1.3856E-09 1.4092E-09 1.4321E-09 1.4559E-09 1.4802E-09 1.5040E-09 1.5288E-09 1.5536E-09 1.5783E-09 1.6037E-09 1.6301E-09 1.6567E-09 1.6836E-09 1.7107E-09 1.7367E-09 1.7644E-09
6.9401E-10 7.0681E-10 7.2066E-10 7.3387E-10 7.4751E-10 7.6216E-10 7.7593E-10 7.9064E-10 8.0530E-10 8.1951E-10 8.3387E-10 8.4835E-10 8.6306E-10 8.7802E-10 8.9321E-10 9.0853E-10 9.2435E-10 9.4030E-10 9.5636E-10 9.7292E-10 9.8964E-10 1.0066E-09 1.0240E-09 1.0414E-09 1.0595E-09 1.0775E-09 1.0959E-09 1.1148E-09 1.1338E-09 1.1531E-09 1.1729E-09 1.1929E-09 1.2130E-09 1.2335E-09 1.2545E-09 1.2758E-09 1.2973E-09 1.3192E-09 1.3423E-09 1.3647E-09 1.3881E-09 1.4119E-09 1.4354E-09 1.4597E-09 1.4837E-09 1.5086E-09 1.5338E-09 1.5583E-09 1.5840E-09 1.6098E-09 1.6369E-09 1.6636E-09 1.6914E-09 1.7190E-09 1.7456E-09 1.7738E-09 1.8013E-09
7.0398E-10 7.1694E-10 7.3035E-10 7.4454E-10 7.5858E-10 7.7261E-10 7.8791E-10 8.0209E-10 8.1675E-10 8.3115E-10 8.4582E-10 8.6048E-10 8.7550E-10 8.9089E-10 9.0629E-10 9.2208E-10 9.3824E-10 9.5440E-10 9.7094E-10 9.8790E-10 1.0050E-09 1.0223E-09 1.0399E-09 1.0581E-09 1.0763E-09 1.0949E-09 1.1138E-09 1.1331E-09 1.1527E-09 1.1724E-09 1.1926E-09 1.2132E-09 1.2338E-09 1.2549E-09 1.2766E-09 1.2982E-09 1.3205E-09 1.3430E-09 1.3667E-09 1.3904E-09 1.4138E-09 1.4381E-09 1.4630E-09 1.4871E-09 1.5123E-09 1.5379E-09 1.5631E-09 1.5892E-09 1.6149E-09 1.6430E-09 1.6698E-09 1.6979E-09 1.7259E-09 1.7537E-09 1.7825E-09 1.8102E-09 1.8405E-09
7.1343E-10 7.2719E-10 7.4120E-10 7.5499E-10 7.6967E-10 7.8418E-10 7.9873E-10 8.1389E-10 8.2823E-10 8.4282E-10 8.5778E-10 8.7286E-10 8.8808E-10 9.0379E-10 9.1965E-10 9.3564E-10 9.5215E-10 9.6879E-10 9.8572E-10 1.0028E-09 1.0204E-09 1.0382E-09 1.0563E-09 1.0748E-09 1.0935E-09 1.1126E-09 1.1318E-09 1.1517E-09 1.1718E-09 1.1920E-09 1.2125E-09 1.2336E-09 1.2551E-09 1.2765E-09 1.2988E-09 1.3214E-09 1.3439E-09 1.3676E-09 1.3921E-09 1.4156E-09 1.4403E-09 1.4647E-09 1.4901E-09 1.5157E-09 1.5410E-09 1.5670E-09 1.5937E-09 1.6197E-09 1.6482E-09 1.6757E-09 1.7042E-09 1.7324E-09 1.7611E-09 1.7905E-09 1.8187E-09 1.8496E-09 1.8800E-09
7.2366E-10 7.3717E-10 7.5131E-10 7.6625E-10 7.8052E-10 7.9546E-10 8.1063E-10 8.2496E-10 8.3983E-10 8.5471E-10 8.6985E-10 8.8526E-10 9.0090E-10 9.1671E-10 9.3303E-10 9.4949E-10 9.6609E-10 9.8322E-10 1.0005E-09 1.0181E-09 1.0361E-09 1.0542E-09 1.0729E-09 1.0917E-09 1.1108E-09 1.1305E-09 1.1502E-09 1.1705E-09 1.1910E-09 1.2119E-09 1.2329E-09 1.2547E-09 1.2765E-09 1.2987E-09 1.3213E-09 1.3443E-09 1.3686E-09 1.3922E-09 1.4169E-09 1.4421E-09 1.4667E-09 1.4922E-09 1.5184E-09 1.5439E-09 1.5705E-09 1.5974E-09 1.6240E-09 1.6522E-09 1.6803E-09 1.7097E-09 1.7382E-09 1.7677E-09 1.7976E-09 1.8264E-09 1.8578E-09 1.8877E-09 1.9195E-09
7.3371E-10 7.4789E-10 7.6221E-10 7.7670E-10 7.9205E-10 8.0664E-10 8.2171E-10 8.3637E-10 8.5141E-10 8.6661E-10 8.8205E-10 8.9776E-10 9.1375E-10 9.3001E-10 9.4642E-10 9.6336E-10 9.8044E-10 9.9783E-10 1.0156E-09 1.0334E-09 1.0518E-09 1.0707E-09 1.0895E-09 1.1088E-09 1.1284E-09 1.1485E-09 1.1689E-09 1.1895E-09 1.2106E-09 1.2320E-09 1.2535E-09 1.2757E-09 1.2984E-09 1.3209E-09 1.3442E-09 1.3682E-09 1.3927E-09 1.4176E-09 1.4425E-09 1.4680E-09 1.4940E-09 1.5196E-09 1.5462E-09 1.5733E-09 1.6000E-09 1.6275E-09 1.6555E-09 1.6846E-09 1.7146E-09 1.7435E-09 1.7736E-09 1.8029E-09 1.8333E-09 1.8653E-09 1.8954E-09 1.9281E-09 1.9605E-09
7.4376E-10 7.5805E-10 7.7292E-10 7.8810E-10 8.0274E-10 8.1824E-10 8.3281E-10 8.4790E-10 8.6312E-10 8.7873E-10 8.9438E-10 9.1040E-10 9.2685E-10 9.4333E-10 9.6020E-10 9.7749E-10 9.9496E-10 1.0126E-09 1.0308E-09 1.0493E-09 1.0679E-09 1.0871E-09 1.1064E-09 1.1263E-09 1.1464E-09 1.1668E-09 1.1878E-09 1.2088E-09 1.2304E-09 1.2522E-09 1.2746E-09 1.2971E-09 1.3202E-09 1.3439E-09 1.3674E-09 1.3926E-09 1.4179E-09 1.4427E-09 1.4687E-09 1.4952E-09 1.5210E-09 1.5479E-09 1.5748E-09 1.6023E-09 1.6304E-09 1.6581E-09 1.6881E-09 1.7172E-09 1.7475E-09 1.7786E-09 1.8081E-09 1.8394E-09 1.8718E-09 1.9025E-09 1.9358E-09 1.9685E-09 2.0015E-09
7.5391E-10 7.6868E-10 7.8348E-10 7.9888E-10 8.1408E-10 8.2905E-10 8.4414E-10 8.5952E-10 8.7494E-10 8.9073E-10 9.0693E-10 9.2318E-10 9.3983E-10 9.5690E-10 9.7400E-10 9.9165E-10 1.0095E-09 1.0276E-09 1.0462E-09 1.0650E-09 1.0842E-09 1.1037E-09 1.1235E-09 1.1437E-09 1.1644E-09 1.1854E-09 1.2067E-09 1.2284E-09 1.2503E-09 1.2730E-09 1.2957E-09 1.3189E-09 1.3427E-09 1.3666E-09 1.3919E-09 1.4168E-09 1.4425E-09 1.4689E-09 1.4947E-09 1.5217E-09 1.5491E-09 1.5760E-09 1.6040E-09 1.6326E-09 1.6605E-09 1.6911E-09 1.7206E-09 1.7514E-09 1.7829E-09 1.8128E-09 1.8446E-09 1.8762E-09 1.9088E-09 1.9427E-09 1.9748E-09 2.0095E-09 2.0446E-09
7.6441E-10 7.7962E-10 7.9451E-10 8.0952E-10 8.2518E-10 8.4019E-10 8.5547E-10 8.7102E-10 8.8697E-10 9.0297E-10 9.1949E-10 9.3619E-10 9.5306E-10 9.7047E-10 9.8806E-10 1.0060E-09 1.0242E-09 1.0427E-09 1.0617E-09 1.0810E-09 1.1006E-09 1.1206E-09 1.1409E-09 1.1615E-09 1.1828E-09 1.2041E-09 1.2259E-09 1.2483E-09 1.2707E-09 1.2937E-09 1.3174E-09 1.3409E-09 1.3652E-09 1.3904E-09 1.4156E-09 1.4418E-09 1.4681E-09 1.4944E-09 1.5218E-09 1.5489E-09 1.5767E-09 1.6052E-09 1.6334E-09 1.6623E-09 1.6923E-09 1.7227E-09 1.7542E-09 1.7849E-09 1.8167E-09 1.8490E-09 1.8802E-09 1.9142E-09 1.9486E-09 1.9813E-09 2.0166E-09 2.0509E-09 2.0863E-09
