Assets/Resources/2015_m01_d05_1600(utc+0800)_l00_csi_1hr_conc.grd
DSAA
         159         159
     -79.000      79.000
     -79.000      79.000
  0.9277E-10  0.4476E-05
[rows 50 to 74 of 159, columns 57 to 113 of 159]
4.2871E-08 4.4308E-08 4.5844E-08 4.7511E-08 4.9356E-08 5.1498E-08 5.4070E-08 5.7075E-08 6.0402E-08 6.3759E-08 6.6620E-08 6.8560E-08 7.1540E-08 7.8465E-08 9.5194E-08 1.2106E-07 1.4019E-07 1.3292E-07 1.1033E-07 8.8905E-08 6.6107E-08 3.7570E-08 1.5201E-08 4.8272E-09 2.0695E-09 1.6937E-09 1.5722E-09 1.4650E-09 1.3688E-09 1.2903E-09 1.2172E-09 1.1474E-09 1.0757E-09 1.0047E-09 9.4630E-10 9.0035E-10 8.5696E-10 8.1603E-10 7.7639E-10 7.3851E-10 7.0221E-10 6.6733E-10 6.3321E-10 5.9900E-10 5.6603E-10 5.3266E-10 5.0239E-10 4.7460E-10 4.4334E-10 4.2099E-10 4.0709E-10 3.9391E-10 3.8190E-10 3.7031E-10 3.5863E-10 3.4837E-10 3.3853E-10
4.3146E-08 4.4636E-08 4.6226E-08 4.7934E-08 4.9827E-08 5.1982E-08 5.4566E-08 5.7640E-08 6.0998E-08 6.4471E-08 6.7512E-08 6.9391E-08 7.2020E-08 7.8160E-08 9.4144E-08 1.2122E-07 1.4312E-07 1.3737E-07 1.1403E-07 9.2971E-08 7.1288E-08 4.1413E-08 1.6463E-08 4.9604E-09 1.8674E-09 1.6826E-09 1.5626E-09 1.4547E-09 1.3583E-09 1.2810E-09 1.2081E-09 1.1390E-09 1.0693E-09 9.9696E-10 9.4079E-10 8.9513E-10 8.5202E-10 8.1082E-10 7.7168E-10 7.3375E-10 6.9731E-10 6.6237E-10 6.2746E-10 5.9342E-10 5.6155E-10 5.2806E-10 4.9896E-10 4.7083E-10 4.4044E-10 4.1919E-10 4.0553E-10 3.9261E-10 3.8053E-10 3.6878E-10 3.5745E-10 3.4705E-10 3.3712E-10
4.3339E-08 4.4872E-08 4.6526E-08 4.8266E-08 5.0195E-08 5.2389E-08 5.4988E-08 5.8068E-08 6.1568E-08 6.5129E-08 6.8271E-08 7.0379E-08 7.2651E-08 7.7933E-08 9.2985E-08 1.2109E-07 1.4646E-07 1.4208E-07 1.1752E-07 9.7138E-08 7.7050E-08 4.5664E-08 1.7820E-08 5.0501E-09 1.8277E-09 1.6691E-09 1.5502E-09 1.4415E-09 1.3477E-09 1.2709E-09 1.1985E-09 1.1297E-09 1.0610E-09 9.8852E-10 9.3481E-10 8.8947E-10 8.4667E-10 8.0546E-10 7.6621E-10 7.2826E-10 6.9212E-10 6.5718E-10 6.2198E-10 5.8819E-10 5.5587E-10 5.2361E-10 4.9425E-10 4.6744E-10 4.3639E-10 4.1728E-10 4.0355E-10 3.9091E-10 3.7895E-10 3.6743E-10 3.5599E-10 3.4566E-10 3.3575E-10
4.3440E-08 4.5022E-08 4.6736E-08 4.8514E-08 5.0496E-08 5.2715E-08 5.5311E-08 5.8494E-08 6.2001E-08 6.5702E-08 6.9057E-08 7.1272E-08 7.3105E-08 7.7865E-08 9.1712E-08 1.2060E-07 1.4946E-07 1.4705E-07 1.2131E-07 1.0104E-07 8.3054E-08 5.0574E-08 1.9376E-08 5.1769E-09 1.7962E-09 1.6555E-09 1.5349E-09 1.4293E-09 1.3369E-09 1.2598E-09 1.1884E-09 1.1202E-09 1.0525E-09 9.8155E-10 9.2836E-10 8.8338E-10 8.4038E-10 7.9986E-10 7.6062E-10 7.2279E-10 6.8693E-10 6.5109E-10 6.1694E-10 5.8300E-10 5.5058E-10 5.1915E-10 4.9011E-10 4.6338E-10 4.3129E-10 4.1525E-10 4.0129E-10 3.8913E-10 3.7731E-10 3.6558E-10 3.5429E-10 3.4427E-10 3.3457E-10
4.3479E-08 4.5094E-08 4.6885E-08 4.8724E-08 5.0742E-08 5.2997E-08 5.5641E-08 5.8806E-08 6.2487E-08 6.6279E-08 6.9762E-08 7.2208E-08 7.3796E-08 7.7849E-08 9.0457E-08 1.1983E-07 1.5273E-07 1.5259E-07 1.2488E-07 1.0485E-07 8.9538E-08 5.6029E-08 2.1086E-08 5.2701E-09 1.7821E-09 1.6408E-09 1.5216E-09 1.4164E-09 1.3247E-09 1.2489E-09 1.1780E-09 1.1097E-09 1.0431E-09 9.7269E-10 9.2146E-10 8.7687E-10 8.3427E-10 7.9325E-10 7.5439E-10 7.1698E-10 6.8017E-10 6.4523E-10 6.0984E-10 5.7739E-10 5.4545E-10 5.1387E-10 4.8625E-10 4.5974E-10 4.2695E-10 4.1314E-10 3.9964E-10 3.8730E-10 3.7540E-10 3.6355E-10 3.5308E-10 3.4292E-10 3.3297E-10
4.3446E-08 4.5129E-08 4.6965E-08 4.8874E-08 5.0923E-08 5.3226E-08 5.5889E-08 5.9148E-08 6.2844E-08 6.6774E-08 7.0484E-08 7.3106E-08 7.4568E-08 7.8115E-08 8.9169E-08 1.1859E-07 1.5528E-07 1.5826E-07 1.2891E-07 1.0825E-07 9.6081E-08 6.2330E-08 2.3018E-08 5.3841E-09 1.7586E-09 1.6242E-09 1.5050E-09 1.4020E-09 1.3113E-09 1.2366E-09 1.1657E-09 1.1000E-09 1.0323E-09 9.6332E-10 9.1412E-10 8.6995E-10 8.2725E-10 7.8699E-10 7.4787E-10 7.1041E-10 6.7446E-10 6.3852E-10 6.0379E-10 5.7128E-10 5.3869E-10 5.0897E-10 4.8007E-10 4.5485E-10 4.2481E-10 4.1110E-10 3.9743E-10 3.8523E-10 3.7330E-10 3.6199E-10 3.5125E-10 3.4118E-10 3.3133E-10
4.3365E-08 4.5107E-08 4.7000E-08 4.8985E-08 5.1076E-08 5.3414E-08 5.6155E-08 5.9411E-08 6.3241E-08 6.7318E-08 7.1151E-08 7.3996E-08 7.5520E-08 7.8305E-08 8.7930E-08 1.1713E-07 1.5834E-07 1.6451E-07 1.3286E-07 1.1144E-07 1.0360E-07 6.9360E-08 2.5173E-08 5.4302E-09 1.7389E-09 1.6069E-09 1.4875E-09 1.3862E-09 1.2977E-09 1.2228E-09 1.1543E-09 1.0875E-09 1.0219E-09 9.5266E-10 9.0636E-10 8.6213E-10 8.2042E-10 7.7952E-10 7.4062E-10 7.0345E-10 6.6656E-10 6.3111E-10 5.9780E-10 5.6480E-10 5.3331E-10 5.0368E-10 4.7592E-10 4.5119E-10 4.2221E-10 4.0864E-10 3.9532E-10 3.8323E-10 3.7164E-10 3.5982E-10 3.4948E-10 3.3952E-10 3.2998E-10
4.3223E-08 4.5046E-08 4.7001E-08 4.9050E-08 5.1187E-08 5.3603E-08 5.6346E-08 5.9678E-08 6.3573E-08 6.7776E-08 7.1838E-08 7.4948E-08 7.6397E-08 7.8763E-08 8.6864E-08 1.1512E-07 1.6004E-07 1.7115E-07 1.3738E-07 1.1406E-07 1.1069E-07 7.7673E-08 2.7761E-08 5.5460E-09 1.7191E-09 1.5884E-09 1.4709E-09 1.3696E-09 1.2833E-09 1.2102E-09 1.1415E-09 1.0753E-09 1.0112E-09 9.4398E-10 8.9819E-10 8.5393E-10 8.1218E-10 7.7195E-10 7.3357E-10 6.9604E-10 6.5897E-10 6.2456E-10 5.9046E-10 5.5878E-10 5.2744E-10 4.9808E-10 4.7150E-10 4.4663E-10 4.1966E-10 4.0613E-10 3.9314E-10 3.8120E-10 3.6940E-10 3.5806E-10 3.4798E-10 3.3790E-10 3.2822E-10
4.3037E-08 4.4932E-08 4.6944E-08 4.9086E-08 5.1278E-08 5.3720E-08 5.6559E-08 5.9896E-08 6.3897E-08 6.8270E-08 7.2501E-08 7.5835E-08 7.7532E-08 7.9955E-08 8.5966E-08 1.1303E-07 1.6256E-07 1.7942E-07 1.4222E-07 1.1638E-07 1.1812E-07 8.6773E-08 3.0492E-08 5.5514E-09 1.6984E-09 1.5702E-09 1.4521E-09 1.3529E-09 1.2686E-09 1.1959E-09 1.1285E-09 1.0638E-09 9.9794E-10 9.3488E-10 8.8911E-10 8.4593E-10 8.0360E-10 7.6427E-10 7.2567E-10 6.8827E-10 6.5215E-10 6.1751E-10 5.8378E-10 5.5290E-10 5.2056E-10 4.9317E-10 4.6632E-10 4.4191E-10 4.1725E-10 4.0384E-10 3.9070E-10 3.7878E-10 3.6716E-10 3.5622E-10 3.4587E-10 3.3623E-10 3.2672E-10
4.2802E-08 4.4777E-08 4.6858E-08 4.9076E-08 5.1359E-08 5.3870E-08 5.6721E-08 6.0131E-08 6.4231E-08 6.8718E-08 7.3172E-08 7.6937E-08 7.8461E-08 8.0760E-08 8.5378E-08 1.1049E-07 1.6311E-07 1.8687E-07 1.4774E-07 1.1807E-07 1.2570E-07 9.7674E-08 3.3854E-08 5.6331E-09 1.6769E-09 1.5493E-09 1.4334E-09 1.3346E-09 1.2522E-09 1.1819E-09 1.1144E-09 1.0499E-09 9.8570E-10 9.2536E-10 8.7965E-10 8.3651E-10 7.9552E-10 7.5548E-10 7.1741E-10 6.8046E-10 6.4407E-10 6.0983E-10 5.7676E-10 5.4522E-10 5.1536E-10 4.8834E-10 4.6194E-10 4.3794E-10 4.1440E-10 4.0088E-10 3.8856E-10 3.7646E-10 3.6515E-10 3.5405E-10 3.4412E-10 3.3434E-10 3.2503E-10
4.2526E-08 4.4585E-08 4.6743E-08 4.9053E-08 5.1410E-08 5.3959E-08 5.6893E-08 6.0369E-08 6.4498E-08 6.9194E-08 7.3858E-08 7.8081E-08 7.9687E-08 8.1373E-08 8.4966E-08 1.0782E-07 1.6436E-07 1.9648E-07 1.5391E-07 1.1951E-07 1.3240E-07 1.0964E-07 3.7488E-08 5.5918E-09 1.6562E-09 1.5288E-09 1.4136E-09 1.3164E-09 1.2366E-09 1.1663E-09 1.0998E-09 1.0361E-09 9.7471E-10 9.1495E-10 8.7040E-10 8.2766E-10 7.8617E-10 7.4729E-10 7.0895E-10 6.7065E-10 6.3647E-10 6.0185E-10 5.6987E-10 5.3893E-10 5.0913E-10 4.8194E-10 4.5737E-10 4.3330E-10 4.1130E-10 3.9829E-10 3.8588E-10 3.7413E-10 3.6272E-10 3.5229E-10 3.4217E-10 3.3240E-10 3.2300E-10
4.2215E-08 4.4349E-08 4.6617E-08 4.8995E-08 5.1451E-08 5.4072E-08 5.7053E-08 6.0581E-08 6.4856E-08 6.9623E-08 7.4550E-08 7.9251E-08 8.0815E-08 8.2324E-08 8.4961E-08 1.0504E-07 1.6329E-07 2.0489E-07 1.6045E-07 1.2047E-07 1.3850E-07 1.2400E-07 4.1960E-08 5.5995E-09 1.6327E-09 1.5076E-09 1.3926E-09 1.2968E-09 1.2198E-09 1.1498E-09 1.0852E-09 1.0232E-09 9.6119E-10 9.0416E-10 8.5974E-10 8.1753E-10 7.7665E-10 7.3743E-10 6.9934E-10 6.6255E-10 6.2774E-10 5.9457E-10 5.6261E-10 5.3182E-10 5.0295E-10 4.7681E-10 4.5192E-10 4.2830E-10 4.0856E-10 3.9532E-10 3.8311E-10 3.7162E-10 3.6057E-10 3.5001E-10 3.3990E-10 3.3059E-10 3.2128E-10
4.1848E-08 4.4082E-08 4.6438E-08 4.8907E-08 5.1463E-08 5.4142E-08 5.7208E-08 6.0820E-08 6.5089E-08 7.0119E-08 7.5265E-08 7.9649E-08 8.2151E-08 8.3746E-08 8.5107E-08 1.0218E-07 1.6270E-07 2.1627E-07 1.6914E-07 1.2150E-07 1.4445E-07 1.3975E-07 4.6968E-08 5.4726E-09 1.6084E-09 1.4840E-09 1.3718E-09 1.2770E-09 1.2024E-09 1.1344E-09 1.0705E-09 1.0077E-09 9.4759E-10 8.9338E-10 8.4967E-10 8.0702E-10 7.6738E-10 7.2831E-10 6.9000E-10 6.5387E-10 6.1929E-10 5.8659E-10 5.5502E-10 5.2514E-10 4.9711E-10 4.7085E-10 4.4710E-10 4.2373E-10 4.0548E-10 3.9254E-10 3.8081E-10 3.6916E-10 3.5813E-10 3.4757E-10 3.3810E-10 3.2855E-10 3.1946E-10
4.1451E-08 4.3770E-08 4.6238E-08 4.8789E-08 5.1459E-08 5.4209E-08 5.7346E-08 6.1006E-08 6.5442E-08 7.0550E-08 7.5946E-08 8.0747E-08 8.3504E-08 8.5158E-08 8.5792E-08 9.9784E-08 1.5954E-07 2.2512E-07 1.7880E-07 1.2245E-07 1.4815E-07 1.5854E-07 5.3104E-08 5.3738E-09 1.5823E-09 1.4619E-09 1.3505E-09 1.2575E-09 1.1842E-09 1.1175E-09 1.0536E-09 9.9235E-10 9.3316E-10 8.8163E-10 8.3810E-10 7.9673E-10 7.5611E-10 7.1799E-10 6.8083E-10 6.4472E-10 6.1100E-10 5.7867E-10 5.4725E-10 5.1792E-10 4.8997E-10 4.6464E-10 4.4225E-10 4.1886E-10 4.0240E-10 3.8982E-10 3.7793E-10 3.6663E-10 3.5542E-10 3.4568E-10 3.3591E-10 3.2648E-10 3.1766E-10
4.1021E-08 4.3422E-08 4.5985E-08 4.8636E-08 5.1428E-08 5.4288E-08 5.7481E-08 6.1255E-08 6.5697E-08 7.1048E-08 7.6719E-08 8.1723E-08 8.4900E-08 8.6779E-08 8.6711E-08 9.7393E-08 1.5641E-07 2.3820E-07 1.9013E-07 1.2394E-07 1.5044E-07 1.7903E-07 6.0166E-08 5.1776E-09 1.5556E-09 1.4373E-09 1.3284E-09 1.2375E-09 1.1657E-09 1.1003E-09 1.0378E-09 9.7781E-10 9.2007E-10 8.7026E-10 8.2660E-10 7.8582E-10 7.4605E-10 7.0731E-10 6.7020E-10 6.3572E-10 6.0234E-10 5.7053E-10 5.3970E-10 5.0971E-10 4.8373E-10 4.5909E-10 4.3611E-10 4.1459E-10 3.9929E-10 3.8661E-10 3.7503E-10 3.6393E-10 3.5323E-10 3.4325E-10 3.3374E-10 3.2462E-10 3.1567E-10
4.0529E-08 4.3012E-08 4.5697E-08 4.8465E-08 5.1353E-08 5.4330E-08 5.7601E-08 6.1415E-08 6.6071E-08 7.1499E-08 7.7385E-08 8.2885E-08 8.6465E-08 8.8264E-08 8.8272E-08 9.5966E-08 1.5092E-07 2.4672E-07 2.0261E-07 1.2584E-07 1.5077E-07 2.0309E-07 6.8981E-08 4.9255E-09 1.5290E-09 1.4118E-09 1.3059E-09 1.2160E-09 1.1469E-09 1.0823E-09 1.0213E-09 9.6156E-10 9.0468E-10 8.5744E-10 8.1514E-10 7.7456E-10 7.3460E-10 6.9718E-10 6.6058E-10 6.2575E-10 5.9352E-10 5.6229E-10 5.3151E-10 5.0316E-10 4.7733E-10 4.5331E-10 4.3122E-10 4.0955E-10 3.9564E-10 3.8366E-10 3.7242E-10 3.6104E-10 3.5064E-10 3.4098E-10 3.3167E-10 3.2218E-10 3.1361E-10
3.9990E-08 4.2555E-08 4.5354E-08 4.8251E-08 5.1264E-08 5.4356E-08 5.7707E-08 6.1659E-08 6.6354E-08 7.1992E-08 7.8207E-08 8.3983E-08 8.8980E-08 9.0152E-08 9.0495E-08 9.4512E-08 1.4495E-07 2.5994E-07 2.1775E-07 1.2742E-07 1.4910E-07 2.2859E-07 7.9430E-08 4.6107E-09 1.4989E-09 1.3865E-09 1.2828E-09 1.1957E-09 1.1275E-09 1.0640E-09 1.0045E-09 9.4521E-10 8.9006E-10 8.4434E-10 8.0237E-10 7.6212E-10 7.2258E-10 6.8564E-10 6.5032E-10 6.1686E-10 5.8466E-10 5.5388E-10 5.2338E-10 4.9606E-10 4.7016E-10 4.4660E-10 4.2556E-10 4.0522E-10 3.9239E-10 3.8077E-10 3.6928E-10 3.5847E-10 3.4834E-10 3.3876E-10 3.2916E-10 3.2013E-10 3.1182E-10
3.9380E-08 4.2024E-08 4.4946E-08 4.7986E-08 5.1106E-08 5.4339E-08 5.7792E-08 6.1806E-08 6.6674E-08 7.2433E-08 7.8881E-08 8.5157E-08 9.0685E-08 9.1724E-08 9.2450E-08 9.4188E-08 1.3779E-07 2.6683E-07 2.3437E-07 1.3191E-07 1.4537E-07 2.5744E-07 9.2663E-08 4.1771E-09 1.4690E-09 1.3583E-09 1.2598E-09 1.1742E-09 1.1075E-09 1.0461E-09 9.8565E-10 9.2881E-10 8.7485E-10 8.3162E-10 7.9051E-10 7.4996E-10 7.1204E-10 6.7584E-10 6.4019E-10 6.0756E-10 5.7534E-10 5.4577E-10 5.1587E-10 4.8872E-10 4.6436E-10 4.4150E-10 4.1998E-10 4.0157E-10 3.8913E-10 3.7742E-10 3.6664E-10 3.5552E-10 3.4579E-10 3.3600E-10 3.2689E-10 3.1804E-10 3.0971E-10
3.8699E-08 4.1436E-08 4.4463E-08 4.7640E-08 5.0912E-08 5.4274E-08 5.7806E-08 6.1974E-08 6.6950E-08 7.2858E-08 7.9740E-08 8.6346E-08 9.1944E-08 9.3791E-08 9.4110E-08 9.4347E-08 1.3002E-07 2.7811E-07 2.5550E-07 1.3709E-07 1.4160E-07 2.8567E-07 1.0893E-07 1.6573E-09 1.4391E-09 1.3325E-09 1.2368E-09 1.1531E-09 1.0878E-09 1.0265E-09 9.6796E-10 9.1108E-10 8.6016E-10 8.1749E-10 7.7621E-10 7.3730E-10 6.9928E-10 6.6471E-10 6.3081E-10 5.9743E-10 5.6622E-10 5.3608E-10 5.0699E-10 4.8183E-10 4.5724E-10 4.3568E-10 4.1542E-10 3.9820E-10 3.8599E-10 3.7466E-10 3.6351E-10 3.5293E-10 3.4305E-10 3.3393E-10 3.2461E-10 3.1571E-10 3.0707E-10
3.7934E-08 4.0758E-08 4.3892E-08 4.7220E-08 5.0594E-08 5.4144E-08 5.7844E-08 6.2089E-08 6.7190E-08 7.3355E-08 8.0695E-08 8.7515E-08 9.3228E-08 9.5602E-08 9.6401E-08 9.5371E-08 1.2294E-07 2.8076E-07 2.7870E-07 1.4249E-07 1.3746E-07 3.1415E-07 1.2985E-07 1.5848E-09 1.4069E-09 1.3045E-09 1.2135E-09 1.1309E-09 1.0676E-09 1.0063E-09 9.5027E-10 8.9530E-10 8.4638E-10 8.0467E-10 7.6336E-10 7.2519E-10 6.8850E-10 6.5327E-10 6.1974E-10 5.8808E-10 5.5754E-10 5.2787E-10 4.9920E-10 4.7423E-10 4.5085E-10 4.2968E-10 4.0934E-10 3.9425E-10 3.8255E-10 3.7110E-10 3.6029E-10 3.5002E-10 3.4059E-10 3.3120E-10 3.2199E-10 3.1359E-10 3.0467E-10
3.7060E-08 3.9976E-08 4.3219E-08 4.6675E-08 5.0224E-08 5.3913E-08 5.7746E-08 6.2117E-08 6.7416E-08 7.3696E-08 8.1544E-08 8.8784E-08 9.4649E-08 9.7800E-08 9.8857E-08 9.6950E-08 1.1582E-07 2.8485E-07 3.0838E-07 1.4873E-07 1.3630E-07 3.3799E-07 1.5674E-07 1.4920E-09 1.3761E-09 1.2748E-09 1.1884E-09 1.1085E-09 1.0450E-09 9.8744E-10 9.3018E-10 8.7813E-10 8.3122E-10 7.8959E-10 7.5001E-10 7.1223E-10 6.7648E-10 6.4238E-10 6.0936E-10 5.7774E-10 5.4755E-10 5.1898E-10 4.9137E-10 4.6703E-10 4.4460E-10 4.2412E-10 4.0467E-10 3.9052E-10 3.7913E-10 3.6793E-10 3.5749E-10 3.4724E-10 3.3771E-10 3.2847E-10 3.1954E-10 3.1079E-10 3.0198E-10
3.6067E-08 3.9059E-08 4.2397E-08 4.6012E-08 4.9722E-08 5.3559E-08 5.7595E-08 6.2084E-08 6.7481E-08 7.4130E-08 8.1755E-08 8.9874E-08 9.6676E-08 9.9906E-08 1.0137E-07 9.9112E-08 1.1098E-07 2.7936E-07 3.4366E-07 1.5544E-07 1.3524E-07 3.5262E-07 1.9212E-07 1.4601E-09 1.3433E-09 1.2478E-09 1.1615E-09 1.0856E-09 1.0248E-09 9.6690E-10 9.1152E-10 8.6010E-10 8.1562E-10 7.7527E-10 7.3664E-10 6.9948E-10 6.6452E-10 6.3061E-10 5.9868E-10 5.6791E-10 5.3847E-10 5.1025E-10 4.8325E-10 4.5938E-10 4.3696E-10 4.1732E-10 3.9906E-10 3.8677E-10 3.7552E-10 3.6475E-10 3.5414E-10 3.4450E-10 3.3507E-10 3.2629E-10 3.1712E-10 3.0791E-10 2.9963E-10
3.4936E-08 3.7993E-08 4.1407E-08 4.5147E-08 4.9027E-08 5.3009E-08 5.7202E-08 6.1816E-08 6.7476E-08 7.4198E-08 8.2336E-08 9.1061E-08 9.8296E-08 1.0210E-07 1.0420E-07 1.0159E-07 1.0719E-07 2.6979E-07 3.9036E-07 1.6196E-07 1.4553E-07 3.4160E-07 2.4212E-07 1.4141E-09 1.3107E-09 1.2177E-09 1.1365E-09 1.0635E-09 1.0031E-09 9.4651E-10 8.9270E-10 8.4254E-10 8.0063E-10 7.6106E-10 7.2329E-10 6.8673E-10 6.5343E-10 6.1995E-10 5.8823E-10 5.5831E-10 5.2942E-10 5.0145E-10 4.7554E-10 4.5162E-10 4.3138E-10 4.1214E-10 3.9489E-10 3.8305E-10 3.7196E-10 3.6120E-10 3.5106E-10 3.4128E-10 3.3245E-10 3.2323E-10 3.1420E-10 3.0520E-10 2.9653E-10
3.3640E-08 3.6733E-08 4.0189E-08 4.4044E-08 4.8073E-08 5.2215E-08 5.6615E-08 6.1396E-08 6.7124E-08 7.4271E-08 8.2629E-08 9.1749E-08 9.9932E-08 1.0418E-07 1.0679E-07 1.0413E-07 1.0652E-07 2.4991E-07 4.4353E-07 1.6678E-07 1.5561E-07 3.0652E-07 3.1285E-07 1.3755E-09 1.2785E-09 1.1890E-09 1.1101E-09 1.0389E-09 9.8150E-10 9.2626E-10 8.7385E-10 8.2537E-10 7.8394E-10 7.4497E-10 7.0835E-10 6.7369E-10 6.3958E-10 6.0833E-10 5.7797E-10 5.4776E-10 5.1920E-10 4.9142E-10 4.6681E-10 4.4524E-10 4.2501E-10 4.0630E-10 3.9088E-10 3.7950E-10 3.6844E-10 3.5829E-10 3.4817E-10 3.3875E-10 3.2946E-10 3.2048E-10 3.1123E-10 3.0237E-10 2.9356E-10
3.2170E-08 3.5258E-08 3.8754E-08 4.2651E-08 4.6809E-08 5.1091E-08 5.5660E-08 6.0560E-08 6.6506E-08 7.3711E-08 8.2337E-08 9.1958E-08 1.0041E-07 1.0490E-07 1.0878E-07 1.0608E-07 1.0735E-07 2.1112E-07 3.9995E-07 1.8426E-07 1.6993E-07 2.4437E-07 4.2295E-07 1.3384E-09 1.2450E-09 1.1587E-09 1.0835E-09 1.0157E-09 9.5897E-10 9.0454E-10 8.5304E-10 8.0945E-10 7.6946E-10 7.3190E-10 6.9507E-10 6.6117E-10 6.2900E-10 5.9677E-10 5.6593E-10 5.3779E-10 5.0943E-10 4.8315E-10 4.5909E-10 4.3774E-10 4.1757E-10 4.0040E-10 3.8667E-10 3.7549E-10 3.6486E-10 3.5460E-10 3.4492E-10 3.3560E-10 3.2678E-10 3.1714E-10 3.0803E-10 2.9946E-10 2.9124E-10
