Assets/Resources/2015_m01_d02_1300(utc+0800)_l00_csi_1hr_conc.grd
DSAA
         159         159
     -79.000      79.000
     -79.000      79.000
  0.0000E+00  0.1319E-05
[rows 0 to 24 of 159, columns 57 to 113 of 159]
2.6917E-10 3.4450E-10 4.3459E-10 5.4083E-10 6.6541E-10 8.1155E-10 9.7844E-10 1.1643E-09 1.3711E-09 1.6004E-09 1.8530E-09 2.1279E-09 2.4252E-09 2.7435E-09 3.0826E-09 3.4414E-09 3.8169E-09 4.2091E-09 4.6131E-09 5.0260E-09 5.4477E-09 5.8720E-09 6.2986E-09 6.7244E-09 7.1449E-09 7.5530E-09 7.9535E-09 8.3341E-09 8.6960E-09 9.0356E-09 9.3476E-09 9.6366E-09 9.8953E-09 1.0127E-08 1.0329E-08 1.0502E-08 1.0646E-08 1.0762E-08 1.0852E-08 1.0916E-08 1.0957E-08 1.0972E-08 1.0965E-08 1.0937E-08 1.0891E-08 1.0827E-08 1.0746E-08 1.0651E-08 1.0543E-08 1.0424E-08 1.0298E-08 1.0162E-08 1.0026E-08 9.8795E-09 9.7405E-09 9.6041E-09 9.4606E-09
3.1623E-10 4.0191E-10 5.0516E-10 6.2581E-10 7.6784E-10 9.3188E-10 1.1192E-09 1.3260E-09 1.5571E-09 1.8119E-09 2.0917E-09 2.3952E-09 2.7228E-09 3.0731E-09 3.4442E-09 3.8348E-09 4.2428E-09 4.6662E-09 5.1015E-09 5.5449E-09 5.9944E-09 6.4459E-09 6.8980E-09 7.3430E-09 7.7824E-09 8.2081E-09 8.6217E-09 9.0119E-09 9.3840E-09 9.7277E-09 1.0045E-08 1.0329E-08 1.0582E-08 1.0806E-08 1.0997E-08 1.1156E-08 1.1283E-08 1.1381E-08 1.1450E-08 1.1493E-08 1.1511E-08 1.1503E-08 1.1472E-08 1.1420E-08 1.1349E-08 1.1261E-08 1.1156E-08 1.1037E-08 1.0906E-08 1.0763E-08 1.0616E-08 1.0459E-08 1.0303E-08 1.0142E-08 9.9794E-09 9.8272E-09 9.6699E-09
3.7144E-10 4.6968E-10 5.8765E-10 7.2459E-10 8.8515E-10 1.0694E-09 1.2775E-09 1.5092E-09 1.7656E-09 2.0481E-09 2.3562E-09 2.6894E-09 3.0472E-09 3.4282E-09 3.8311E-09 4.2529E-09 4.6919E-09 5.1462E-09 5.6109E-09 6.0817E-09 6.5569E-09 7.0324E-09 7.5040E-09 7.9701E-09 8.4242E-09 8.8627E-09 9.2845E-09 9.6820E-09 1.0057E-08 1.0403E-08 1.0718E-08 1.0997E-08 1.1242E-08 1.1454E-08 1.1631E-08 1.1774E-08 1.1881E-08 1.1959E-08 1.2006E-08 1.2024E-08 1.2018E-08 1.1986E-08 1.1931E-08 1.1853E-08 1.1756E-08 1.1643E-08 1.1514E-08 1.1371E-08 1.1218E-08 1.1053E-08 1.0884E-08 1.0708E-08 1.0531E-08 1.0355E-08 1.0173E-08 1.0005E-08 9.8356E-09
4.3197E-10 5.4351E-10 6.7644E-10 8.3083E-10 1.0114E-09 1.2176E-09 1.4477E-09 1.7039E-09 1.9871E-09 2.2980E-09 2.6359E-09 3.0002E-09 3.3895E-09 3.8025E-09 4.2369E-09 4.6901E-09 5.1590E-09 5.6418E-09 6.1335E-09 6.6299E-09 7.1290E-09 7.6243E-09 8.1140E-09 8.5939E-09 9.0600E-09 9.5071E-09 9.9327E-09 1.0334E-08 1.0707E-08 1.1048E-08 1.1359E-08 1.1630E-08 1.1863E-08 1.2061E-08 1.2220E-08 1.2343E-08 1.2430E-08 1.2483E-08 1.2507E-08 1.2500E-08 1.2467E-08 1.2410E-08 1.2329E-08 1.2227E-08 1.2104E-08 1.1966E-08 1.1815E-08 1.1646E-08 1.1472E-08 1.1287E-08 1.1097E-08 1.0903E-08 1.0707E-08 1.0514E-08 1.0318E-08 1.0133E-08 9.9531E-09
5.0017E-10 6.2622E-10 7.7592E-10 9.4984E-10 1.1516E-09 1.3802E-09 1.6355E-09 1.9187E-09 2.2307E-09 2.5713E-09 2.9398E-09 3.3349E-09 3.7551E-09 4.1990E-09 4.6636E-09 5.1462E-09 5.6433E-09 6.1521E-09 6.6680E-09 7.1868E-09 7.7052E-09 8.2171E-09 8.7211E-09 9.2091E-09 9.6824E-09 1.0132E-08 1.0557E-08 1.0954E-08 1.1322E-08 1.1654E-08 1.1953E-08 1.2212E-08 1.2433E-08 1.2611E-08 1.2751E-08 1.2851E-08 1.2915E-08 1.2944E-08 1.2942E-08 1.2909E-08 1.2849E-08 1.2765E-08 1.2659E-08 1.2532E-08 1.2386E-08 1.2222E-08 1.2048E-08 1.1859E-08 1.1663E-08 1.1459E-08 1.1249E-08 1.1038E-08 1.0826E-08 1.0618E-08 1.0410E-08 1.0210E-08 1.0019E-08
5.7625E-10 7.2031E-10 8.8856E-10 1.0830E-09 1.3080E-09 1.5595E-09 1.8408E-09 2.1518E-09 2.4933E-09 2.8646E-09 3.2644E-09 3.6916E-09 4.1432E-09 4.6177E-09 5.1112E-09 5.6211E-09 6.1433E-09 6.6751E-09 7.2106E-09 7.7470E-09 8.2783E-09 8.8016E-09 9.3135E-09 9.8059E-09 1.0281E-08 1.0725E-08 1.1147E-08 1.1534E-08 1.1889E-08 1.2209E-08 1.2492E-08 1.2733E-08 1.2935E-08 1.3092E-08 1.3210E-08 1.3288E-08 1.3326E-08 1.3330E-08 1.3301E-08 1.3243E-08 1.3155E-08 1.3045E-08 1.2913E-08 1.2761E-08 1.2592E-08 1.2405E-08 1.2209E-08 1.2001E-08 1.1785E-08 1.1564E-08 1.1338E-08 1.1111E-08 1.0885E-08 1.0664E-08 1.0446E-08 1.0234E-08 1.0034E-08
6.6129E-10 8.2240E-10 1.0102E-09 1.2283E-09 1.4768E-09 1.7536E-09 2.0629E-09 2.4038E-09 2.7765E-09 3.1795E-09 3.6110E-09 4.0696E-09 4.5518E-09 5.0556E-09 5.5763E-09 6.1112E-09 6.6552E-09 7.2057E-09 7.7564E-09 8.3046E-09 8.8461E-09 9.3748E-09 9.8848E-09 1.0378E-08 1.0844E-08 1.1280E-08 1.1689E-08 1.2061E-08 1.2401E-08 1.2700E-08 1.2963E-08 1.3182E-08 1.3361E-08 1.3496E-08 1.3588E-08 1.3642E-08 1.3654E-08 1.3631E-08 1.3574E-08 1.3491E-08 1.3378E-08 1.3240E-08 1.3084E-08 1.2909E-08 1.2719E-08 1.2512E-08 1.2294E-08 1.2069E-08 1.1835E-08 1.1599E-08 1.1360E-08 1.1120E-08 1.0882E-08 1.0651E-08 1.0424E-08 1.0204E-08 9.9955E-09
7.5633E-10 9.3718E-10 1.1477E-09 1.3913E-09 1.6639E-09 1.9680E-09 2.3066E-09 2.6781E-09 3.0822E-09 3.5173E-09 3.9809E-09 4.4708E-09 4.9826E-09 5.5139E-09 6.0593E-09 6.6156E-09 7.1773E-09 7.7415E-09 8.3006E-09 8.8545E-09 9.3971E-09 9.9238E-09 1.0430E-08 1.0913E-08 1.1365E-08 1.1788E-08 1.2175E-08 1.2526E-08 1.2844E-08 1.3120E-08 1.3356E-08 1.3549E-08 1.3701E-08 1.3810E-08 1.3876E-08 1.3903E-08 1.3888E-08 1.3839E-08 1.3757E-08 1.3645E-08 1.3510E-08 1.3347E-08 1.3167E-08 1.2971E-08 1.2761E-08 1.2537E-08 1.2300E-08 1.2059E-08 1.1812E-08 1.1563E-08 1.1313E-08 1.1063E-08 1.0816E-08 1.0578E-08 1.0344E-08 1.0119E-08 9.9044E-09
8.6220E-10 1.0641E-09 1.2975E-09 1.5652E-09 1.8640E-09 2.1980E-09 2.5673E-09 2.9714E-09 3.4083E-09 3.8763E-09 4.3720E-09 4.8926E-09 5.4328E-09 5.9895E-09 6.5567E-09 7.1310E-09 7.7059E-09 8.2787E-09 8.8425E-09 9.3952E-09 9.9304E-09 1.0446E-08 1.0940E-08 1.1403E-08 1.1836E-08 1.2235E-08 1.2598E-08 1.2923E-08 1.3207E-08 1.3456E-08 1.3663E-08 1.3826E-08 1.3948E-08 1.4028E-08 1.4065E-08 1.4065E-08 1.4023E-08 1.3947E-08 1.3841E-08 1.3704E-08 1.3545E-08 1.3362E-08 1.3159E-08 1.2945E-08 1.2717E-08 1.2477E-08 1.2227E-08 1.1972E-08 1.1715E-08 1.1456E-08 1.1197E-08 1.0940E-08 1.0688E-08 1.0445E-08 1.0207E-08 9.9793E-09 9.7616E-09
9.8067E-10 1.2028E-09 1.4603E-09 1.7526E-09 2.0794E-09 2.4437E-09 2.8450E-09 3.2819E-09 3.7519E-09 4.2526E-09 4.7796E-09 5.3296E-09 5.8963E-09 6.4757E-09 7.0615E-09 7.6492E-09 8.2323E-09 8.8079E-09 9.3688E-09 9.9128E-09 1.0436E-08 1.0935E-08 1.1405E-08 1.1842E-08 1.2250E-08 1.2617E-08 1.2946E-08 1.3238E-08 1.3491E-08 1.3702E-08 1.3876E-08 1.4005E-08 1.4095E-08 1.4143E-08 1.4151E-08 1.4121E-08 1.4055E-08 1.3952E-08 1.3822E-08 1.3664E-08 1.3481E-08 1.3282E-08 1.3059E-08 1.2828E-08 1.2586E-08 1.2334E-08 1.2073E-08 1.1808E-08 1.1542E-08 1.1277E-08 1.1014E-08 1.0754E-08 1.0498E-08 1.0254E-08 1.0015E-08 9.7873E-09 9.5694E-09
1.1072E-09 1.3532E-09 1.6359E-09 1.9547E-09 2.3098E-09 2.7044E-09 3.1376E-09 3.6078E-09 4.1116E-09 4.6445E-09 5.2020E-09 5.7796E-09 6.3705E-09 6.9694E-09 7.5699E-09 8.1662E-09 8.7526E-09 9.3243E-09 9.8761E-09 1.0405E-08 1.0908E-08 1.1381E-08 1.1819E-08 1.2226E-08 1.2596E-08 1.2925E-08 1.3217E-08 1.3465E-08 1.3680E-08 1.3853E-08 1.3989E-08 1.4083E-08 1.4137E-08 1.4152E-08 1.4129E-08 1.4071E-08 1.3979E-08 1.3854E-08 1.3699E-08 1.3524E-08 1.3321E-08 1.3104E-08 1.2869E-08 1.2623E-08 1.2370E-08 1.2108E-08 1.1840E-08 1.1569E-08 1.1299E-08 1.1031E-08 1.0766E-08 1.0505E-08 1.0250E-08 1.0007E-08 9.7699E-09 9.5451E-09 9.3297E-09
1.2465E-09 1.5176E-09 1.8251E-09 2.1712E-09 2.5573E-09 2.9846E-09 3.4515E-09 3.9549E-09 4.4914E-09 5.0565E-09 5.6433E-09 6.2466E-09 6.8590E-09 7.4735E-09 8.0835E-09 8.6826E-09 9.2660E-09 9.8272E-09 1.0362E-08 1.0867E-08 1.1341E-08 1.1779E-08 1.2182E-08 1.2546E-08 1.2870E-08 1.3155E-08 1.3402E-08 1.3606E-08 1.3774E-08 1.3904E-08 1.3999E-08 1.4055E-08 1.4074E-08 1.4052E-08 1.3999E-08 1.3916E-08 1.3797E-08 1.3652E-08 1.3476E-08 1.3283E-08 1.3066E-08 1.2834E-08 1.2590E-08 1.2332E-08 1.2072E-08 1.1805E-08 1.1532E-08 1.1259E-08 1.0988E-08 1.0720E-08 1.0457E-08 1.0199E-08 9.9476E-09 9.7086E-09 9.4758E-09 9.2561E-09 9.0459E-09
1.3975E-09 1.6916E-09 2.0258E-09 2.4018E-09 2.8196E-09 3.2790E-09 3.7786E-09 4.3153E-09 4.8839E-09 5.4781E-09 6.0926E-09 6.7188E-09 7.3492E-09 7.9758E-09 8.5918E-09 9.1895E-09 9.7636E-09 1.0306E-08 1.0817E-08 1.1291E-08 1.1728E-08 1.2124E-08 1.2482E-08 1.2796E-08 1.3072E-08 1.3305E-08 1.3497E-08 1.3652E-08 1.3771E-08 1.3853E-08 1.3905E-08 1.3921E-08 1.3901E-08 1.3849E-08 1.3764E-08 1.3655E-08 1.3513E-08 1.3348E-08 1.3157E-08 1.2946E-08 1.2721E-08 1.2476E-08 1.2225E-08 1.1962E-08 1.1697E-08 1.1428E-08 1.1155E-08 1.0882E-08 1.0614E-08 1.0350E-08 1.0092E-08 9.8396E-09 9.5947E-09 9.3628E-09 9.1371E-09 8.9250E-09 8.7224E-09
1.5553E-09 1.8759E-09 2.2397E-09 2.6467E-09 3.0969E-09 3.5898E-09 4.1236E-09 4.6933E-09 5.2937E-09 5.9164E-09 6.5541E-09 7.1997E-09 7.8447E-09 8.4784E-09 9.0944E-09 9.6842E-09 1.0241E-08 1.0760E-08 1.1240E-08 1.1674E-08 1.2065E-08 1.2411E-08 1.2715E-08 1.2973E-08 1.3193E-08 1.3369E-08 1.3506E-08 1.3603E-08 1.3670E-08 1.3702E-08 1.3705E-08 1.3682E-08 1.3627E-08 1.3545E-08 1.3428E-08 1.3291E-08 1.3132E-08 1.2947E-08 1.2746E-08 1.2521E-08 1.2289E-08 1.2038E-08 1.1782E-08 1.1518E-08 1.1252E-08 1.0984E-08 1.0715E-08 1.0446E-08 1.0184E-08 9.9269E-09 9.6767E-09 9.4331E-09 9.1974E-09 8.9752E-09 8.7591E-09 8.5568E-09 8.3638E-09
1.7241E-09 2.0734E-09 2.4661E-09 2.9029E-09 3.3855E-09 3.9116E-09 4.4785E-09 5.0801E-09 5.7100E-09 6.3593E-09 7.0192E-09 7.6794E-09 8.3330E-09 8.9697E-09 9.5800E-09 1.0155E-08 1.0689E-08 1.1178E-08 1.1618E-08 1.2005E-08 1.2345E-08 1.2632E-08 1.2875E-08 1.3073E-08 1.3227E-08 1.3343E-08 1.3419E-08 1.3461E-08 1.3470E-08 1.3454E-08 1.3412E-08 1.3346E-08 1.3255E-08 1.3141E-08 1.2998E-08 1.2834E-08 1.2660E-08 1.2459E-08 1.2248E-08 1.2018E-08 1.1779E-08 1.1528E-08 1.1270E-08 1.1009E-08 1.0745E-08 1.0483E-08 1.0219E-08 9.9587E-09 9.7050E-09 9.4582E-09 9.2186E-09 8.9862E-09 8.7622E-09 8.5519E-09 8.3474E-09 8.1569E-09 7.9753E-09
1.9030E-09 2.2769E-09 2.6991E-09 3.1686E-09 3.6852E-09 4.2440E-09 4.8427E-09 5.4740E-09 6.1313E-09 6.8042E-09 7.4824E-09 8.1549E-09 8.8111E-09 9.4425E-09 1.0041E-08 1.0596E-08 1.1101E-08 1.1553E-08 1.1946E-08 1.2281E-08 1.2561E-08 1.2787E-08 1.2964E-08 1.3094E-08 1.3181E-08 1.3233E-08 1.3247E-08 1.3229E-08 1.3181E-08 1.3114E-08 1.3025E-08 1.2918E-08 1.2792E-08 1.2648E-08 1.2481E-08 1.2295E-08 1.2106E-08 1.1897E-08 1.1676E-08 1.1444E-08 1.1202E-08 1.0954E-08 1.0699E-08 1.0443E-08 1.0186E-08 9.9320E-09 9.6783E-09 9.4283E-09 9.1862E-09 8.9520E-09 8.7252E-09 8.5062E-09 8.2959E-09 8.0993E-09 7.9081E-09 7.7312E-09 7.5626E-09
2.0836E-09 2.4887E-09 2.9440E-09 3.4461E-09 3.9938E-09 4.5842E-09 5.2137E-09 5.8740E-09 6.5566E-09 7.2509E-09 7.9448E-09 8.6261E-09 9.2827E-09 9.9038E-09 1.0480E-08 1.1007E-08 1.1476E-08 1.1883E-08 1.2223E-08 1.2501E-08 1.2716E-08 1.2872E-08 1.2978E-08 1.3036E-08 1.3052E-08 1.3037E-08 1.2986E-08 1.2910E-08 1.2807E-08 1.2688E-08 1.2553E-08 1.2408E-08 1.2247E-08 1.2077E-08 1.1886E-08 1.1686E-08 1.1480E-08 1.1268E-08 1.1041E-08 1.0810E-08 1.0570E-08 1.0327E-08 1.0079E-08 9.8322E-09 9.5851E-09 9.3420E-09 9.1005E-09 8.8637E-09 8.6355E-09 8.4160E-09 8.2042E-09 8.0006E-09 7.8058E-09 7.6242E-09 7.4479E-09 7.2857E-09 7.1314E-09
2.2762E-09 2.7116E-09 3.1954E-09 3.7276E-09 4.3082E-09 4.9321E-09 5.5915E-09 6.2782E-09 6.9832E-09 7.6940E-09 8.3980E-09 9.0819E-09 9.7332E-09 1.0340E-08 1.0891E-08 1.1380E-08 1.1805E-08 1.2159E-08 1.2441E-08 1.2655E-08 1.2798E-08 1.2884E-08 1.2914E-08 1.2899E-08 1.2844E-08 1.2756E-08 1.2642E-08 1.2506E-08 1.2351E-08 1.2184E-08 1.2005E-08 1.1824E-08 1.1633E-08 1.1437E-08 1.1227E-08 1.1015E-08 1.0797E-08 1.0583E-08 1.0357E-08 1.0129E-08 9.8943E-09 9.6600E-09 9.4220E-09 9.1860E-09 8.9523E-09 8.7232E-09 8.4964E-09 8.2748E-09 8.0626E-09 7.8594E-09 7.6643E-09 7.4774E-09 7.2992E-09 7.1338E-09 6.9735E-09 6.8267E-09 6.6876E-09
2.4723E-09 2.9345E-09 3.4500E-09 4.0168E-09 4.6300E-09 5.2829E-09 5.9691E-09 6.6796E-09 7.4038E-09 8.1280E-09 8.8386E-09 9.5212E-09 1.0162E-08 1.0747E-08 1.1269E-08 1.1718E-08 1.2088E-08 1.2382E-08 1.2601E-08 1.2744E-08 1.2812E-08 1.2822E-08 1.2774E-08 1.2684E-08 1.2556E-08 1.2400E-08 1.2221E-08 1.2028E-08 1.1821E-08 1.1610E-08 1.1392E-08 1.1176E-08 1.0961E-08 1.0742E-08 1.0516E-08 1.0293E-08 1.0073E-08 9.8576E-09 9.6355E-09 9.4136E-09 9.1884E-09 8.9640E-09 8.7395E-09 8.5171E-09 8.2985E-09 8.0855E-09 7.8759E-09 7.6713E-09 7.4764E-09 7.2909E-09 7.1136E-09 6.9443E-09 6.7836E-09 6.6348E-09 6.4912E-09 6.3602E-09 6.2370E-09
2.6667E-09 3.1637E-09 3.7136E-09 4.3111E-09 4.9538E-09 5.6371E-09 6.3511E-09 7.0853E-09 7.8247E-09 8.5582E-09 9.2699E-09 9.9449E-09 1.0568E-08 1.1128E-08 1.1613E-08 1.2014E-08 1.2328E-08 1.2555E-08 1.2699E-08 1.2766E-08 1.2761E-08 1.2691E-08 1.2563E-08 1.2395E-08 1.2194E-08 1.1968E-08 1.1730E-08 1.1480E-08 1.1227E-08 1.0973E-08 1.0723E-08 1.0476E-08 1.0239E-08 1.0001E-08 9.7639E-09 9.5371E-09 9.3173E-09 9.1044E-09 8.8904E-09 8.6762E-09 8.4636E-09 8.2522E-09 8.0427E-09 7.8362E-09 7.6352E-09 7.4394E-09 7.2480E-09 7.0623E-09 6.8858E-09 6.7187E-09 6.5598E-09 6.4087E-09 6.2655E-09 6.1338E-09 6.0073E-09 5.8922E-09 5.7850E-09
2.8661E-09 3.3930E-09 3.9720E-09 4.6043E-09 5.2804E-09 5.9930E-09 6.7305E-09 7.4831E-09 8.2366E-09 8.9760E-09 9.6855E-09 1.0347E-08 1.0948E-08 1.1475E-08 1.1916E-08 1.2266E-08 1.2520E-08 1.2679E-08 1.2746E-08 1.2728E-08 1.2644E-08 1.2490E-08 1.2286E-08 1.2041E-08 1.1769E-08 1.1477E-08 1.1180E-08 1.0878E-08 1.0583E-08 1.0292E-08 1.0012E-08 9.7425E-09 9.4859E-09 9.2337E-09 8.9905E-09 8.7612E-09 8.5452E-09 8.3369E-09 8.1340E-09 7.9310E-09 7.7319E-09 7.5360E-09 7.3438E-09 7.1543E-09 6.9718E-09 6.7950E-09 6.6224E-09 6.4558E-09 6.2989E-09 6.1506E-09 6.0102E-09 5.8775E-09 5.7519E-09 5.6371E-09 5.5272E-09 5.4281E-09 5.3369E-09
3.0600E-09 3.6171E-09 4.2317E-09 4.8985E-09 5.6068E-09 6.3485E-09 7.1129E-09 7.8856E-09 8.6512E-09 9.3927E-09 1.0093E-08 1.0738E-08 1.1310E-08 1.1797E-08 1.2188E-08 1.2479E-08 1.2667E-08 1.2752E-08 1.2738E-08 1.2640E-08 1.2466E-08 1.2229E-08 1.1950E-08 1.1628E-08 1.1285E-08 1.0933E-08 1.0578E-08 1.0231E-08 9.8943E-09 9.5741E-09 9.2708E-09 8.9832E-09 8.7132E-09 8.4528E-09 8.2059E-09 7.9775E-09 7.7686E-09 7.5696E-09 7.3782E-09 7.1895E-09 7.0064E-09 6.8265E-09 6.6525E-09 6.4819E-09 6.3184E-09 6.1608E-09 6.0081E-09 5.8607E-09 5.7228E-09 5.5937E-09 5.4718E-09 5.3571E-09 5.2485E-09 5.1504E-09 5.0566E-09 4.9734E-09 4.8970E-09
3.2515E-09 3.8426E-09 4.4904E-09 5.1868E-09 5.9290E-09 6.7033E-09 7.4967E-09 8.2865E-09 9.0608E-09 9.8028E-09 1.0494E-08 1.1117E-08 1.1657E-08 1.2099E-08 1.2435E-08 1.2661E-08 1.2775E-08 1.2780E-08 1.2686E-08 1.2502E-08 1.2240E-08 1.1920E-08 1.1557E-08 1.1165E-08 1.0757E-08 1.0342E-08 9.9393E-09 9.5477E-09 9.1778E-09 8.8323E-09 8.5120E-09 8.2126E-09 7.9341E-09 7.6705E-09 7.4223E-09 7.1994E-09 6.9995E-09 6.8137E-09 6.6356E-09 6.4624E-09 6.2964E-09 6.1342E-09 5.9787E-09 5.8273E-09 5.6837E-09 5.5454E-09 5.4119E-09 5.2840E-09 5.1648E-09 5.0540E-09 4.9504E-09 4.8528E-09 4.7605E-09 4.6785E-09 4.5999E-09 4.5319E-09 4.4694E-09
3.4379E-09 4.0587E-09 4.7392E-09 5.4746E-09 6.2517E-09 7.0555E-09 7.8728E-09 8.6871E-09 9.4743E-09 1.0215E-08 1.0893E-08 1.1490E-08 1.1992E-08 1.2384E-08 1.2660E-08 1.2815E-08 1.2850E-08 1.2773E-08 1.2592E-08 1.2319E-08 1.1973E-08 1.1572E-08 1.1128E-08 1.0662E-08 1.0191E-08 9.7250E-09 9.2741E-09 8.8470E-09 8.4462E-09 8.0777E-09 7.7431E-09 7.4399E-09 7.1580E-09 6.8945E-09 6.6481E-09 6.4369E-09 6.2488E-09 6.0791E-09 5.9160E-09 5.7602E-09 5.6110E-09 5.4675E-09 5.3309E-09 5.1986E-09 5.0744E-09 4.9557E-09 4.8409E-09 4.7314E-09 4.6307E-09 4.5373E-09 4.4504E-09 4.3689E-09 4.2927E-09 4.2251E-09 4.1616E-09 4.1076E-09 4.0579E-09
3.6118E-09 4.2696E-09 4.9893E-09 5.7597E-09 6.5684E-09 7.4042E-09 8.2489E-09 9.0844E-09 9.8851E-09 1.0629E-08 1.1293E-08 1.1863E-08 1.2325E-08 1.2664E-08 1.2875E-08 1.2956E-08 1.2907E-08 1.2742E-08 1.2470E-08 1.2106E-08 1.1674E-08 1.1186E-08 1.0669E-08 1.0136E-08 9.6037E-09 9.0867E-09 8.5953E-09 8.1378E-09 7.7123E-09 7.3292E-09 6.9839E-09 6.6796E-09 6.4029E-09 6.1395E-09 5.9028E-09 5.7041E-09 5.5304E-09 5.3756E-09 5.2285E-09 5.0904E-09 4.9591E-09 4.8340E-09 4.7156E-09 4.6029E-09 4.4971E-09 4.3968E-09 4.3004E-09 4.2084E-09 4.1245E-09 4.0480E-09 3.9760E-09 3.9091E-09 3.8477E-09 3.7940E-09 3.7448E-09 3.7034E-09 3.6659E-09
