Assets/Resources/2015_m01_d14_0900(utc+0800)_l00_csi_1hr_conc.grd
DSAA
         159         159
     -79.000      79.000
     -79.000      79.000
  0.0000E+00  0.3556E-05
[rows 25 to 49 of 159, columns 57 to 113 of 159]
6.0884E-09 6.1225E-09 6.1236E-09 6.1179E-09 6.1047E-09 6.0810E-09 6.0493E-09 6.0101E-09 5.9631E-09 5.9065E-09 5.8400E-09 5.7624E-09 5.6728E-09 5.5714E-09 5.4581E-09 5.3324E-09 5.1948E-09 5.0450E-09 4.8837E-09 4.7105E-09 4.5268E-09 4.3314E-09 4.1257E-09 3.9115E-09 3.6580E-09 3.4332E-09 3.2029E-09 2.9730E-09 2.7443E-09 2.5174E-09 2.2951E-09 2.0814E-09 1.8801E-09 1.6865E-09 1.5076E-09 1.3489E-09 1.2256E-09 1.1461E-09 1.1828E-09 1.2110E-09 1.2400E-09 1.3778E-09 1.5010E-09 1.3948E-09 1.1654E-09 9.2620E-10 7.6373E-10 6.1368E-10 4.3792E-10 1.3468E-10 3.1756E-11 2.4123E-11 1.7419E-11 1.2711E-11 1.0754E-11 7.1071E-12 3.8655E-12
6.4178E-09 6.4317E-09 6.4385E-09 6.4383E-09 6.4329E-09 6.4215E-09 6.4352E-09 6.4053E-09 6.3641E-09 6.3113E-09 6.2478E-09 6.1723E-09 6.0850E-09 5.9855E-09 5.8725E-09 5.7454E-09 5.6042E-09 5.4498E-09 5.2818E-09 5.1007E-09 4.9064E-09 4.6657E-09 4.4468E-09 4.2181E-09 3.9797E-09 3.7347E-09 3.4559E-09 3.2082E-09 2.9624E-09 2.7220E-09 2.4845E-09 2.2519E-09 2.0356E-09 1.8311E-09 1.6435E-09 1.4889E-09 1.3810E-09 1.4276E-09 1.4660E-09 1.5099E-09 1.6745E-09 1.8435E-09 1.7370E-09 1.4777E-09 1.2426E-09 9.9090E-10 8.0447E-10 6.4775E-10 4.6258E-10 1.4353E-10 3.6253E-11 2.8306E-11 2.1744E-11 1.4966E-11 1.1894E-11 9.0036E-12 5.5408E-12
6.7257E-09 6.7463E-09 6.7942E-09 6.8123E-09 6.8226E-09 6.8242E-09 6.8128E-09 6.7891E-09 6.7535E-09 6.7079E-09 6.6506E-09 6.5801E-09 6.4966E-09 6.3984E-09 6.2845E-09 6.1551E-09 6.0105E-09 5.8502E-09 5.6749E-09 5.4849E-09 5.2803E-09 5.0618E-09 4.8296E-09 4.5852E-09 4.2964E-09 4.0346E-09 3.7679E-09 3.4984E-09 3.2057E-09 2.9450E-09 2.6843E-09 2.4380E-09 2.2121E-09 1.9948E-09 1.8050E-09 1.6699E-09 1.7170E-09 1.7672E-09 1.8217E-09 1.9873E-09 2.2544E-09 2.1478E-09 1.8391E-09 1.5724E-09 1.3237E-09 1.0658E-09 8.4530E-10 6.7671E-10 4.8238E-10 1.5105E-10 4.2941E-11 3.3981E-11 2.6311E-11 1.8621E-11 1.2865E-11 1.1057E-11 7.3600E-12
7.0775E-09 7.1169E-09 7.1505E-09 7.1794E-09 7.1977E-09 7.2075E-09 7.2074E-09 7.1961E-09 7.2073E-09 7.1705E-09 7.1191E-09 7.0536E-09 6.9732E-09 6.8761E-09 6.7634E-09 6.6337E-09 6.4863E-09 6.3215E-09 6.1398E-09 5.9411E-09 5.7255E-09 5.4577E-09 5.2116E-09 4.9501E-09 4.6761E-09 4.3935E-09 4.1036E-09 3.7815E-09 3.4944E-09 3.2106E-09 2.9125E-09 2.6511E-09 2.4051E-09 2.1856E-09 2.0129E-09 2.0690E-09 2.0839E-09 2.1186E-09 2.2599E-09 2.5434E-09 2.6286E-09 2.2753E-09 1.9574E-09 1.6696E-09 1.4245E-09 1.1868E-09 8.8140E-10 7.0752E-10 5.0719E-10 2.1972E-10 4.6864E-11 4.0278E-11 3.0991E-11 2.2567E-11 1.5182E-11 1.1920E-11 9.3401E-12
7.4232E-09 7.4742E-09 7.5180E-09 7.5537E-09 7.6235E-09 7.6528E-09 7.6695E-09 7.7146E-09 7.7015E-09 7.6730E-09 7.6294E-09 7.5713E-09 7.4962E-09 7.4037E-09 7.2920E-09 7.1612E-09 7.0098E-09 6.8391E-09 6.6063E-09 6.3985E-09 6.1721E-09 5.9277E-09 5.6650E-09 5.3857E-09 5.0923E-09 4.7516E-09 4.4411E-09 4.1266E-09 3.8135E-09 3.4788E-09 3.1815E-09 2.8994E-09 2.6352E-09 2.4306E-09 2.3991E-09 2.4307E-09 2.4779E-09 2.6199E-09 2.9318E-09 3.0975E-09 2.7932E-09 2.4145E-09 2.0837E-09 1.7941E-09 1.5617E-09 1.5519E-09 9.1870E-10 7.4267E-10 5.3164E-10 2.3601E-10 5.0966E-11 4.3795E-11 3.6047E-11 2.6823E-11 1.8887E-11 1.2809E-11 1.0972E-11
7.7787E-09 7.8401E-09 7.9374E-09 8.0389E-09 8.0950E-09 8.1395E-09 8.1697E-09 8.1851E-09 8.1852E-09 8.1694E-09 8.1745E-09 8.1247E-09 8.0563E-09 7.9679E-09 7.8586E-09 7.7278E-09 7.5744E-09 7.4000E-09 7.2030E-09 6.9847E-09 6.7443E-09 6.3983E-09 6.1185E-09 5.8205E-09 5.5053E-09 5.1767E-09 4.8420E-09 4.5017E-09 4.1319E-09 3.8026E-09 3.4854E-09 3.1742E-09 2.9316E-09 2.8168E-09 2.8677E-09 2.9214E-09 3.0539E-09 3.4074E-09 3.6694E-09 3.4055E-09 2.9690E-09 2.5758E-09 2.2363E-09 1.9613E-09 1.9420E-09 1.3138E-09 9.6175E-10 7.7715E-10 5.5854E-10 2.4538E-10 5.5232E-11 4.7451E-11 4.0621E-11 3.1739E-11 2.2898E-11 1.4746E-11 1.1752E-11
8.2254E-09 8.3163E-09 8.3989E-09 8.4757E-09 8.5441E-09 8.6033E-09 8.6915E-09 8.7284E-09 8.7460E-09 8.7906E-09 8.7697E-09 8.7301E-09 8.6692E-09 8.5865E-09 8.4806E-09 8.3505E-09 8.1953E-09 8.0158E-09 7.7652E-09 7.5369E-09 7.2843E-09 7.0056E-09 6.7048E-09 6.3799E-09 5.9959E-09 5.6044E-09 5.2434E-09 4.8785E-09 4.5157E-09 4.1637E-09 3.8051E-09 3.5183E-09 3.3437E-09 3.4018E-09 3.4559E-09 3.5830E-09 3.9828E-09 4.3466E-09 4.1153E-09 3.6171E-09 3.1644E-09 2.7644E-09 2.4389E-09 2.3679E-09 1.6888E-09 1.4377E-09 1.0034E-09 8.0396E-10 5.8455E-10 2.6559E-10 6.5181E-11 5.1229E-11 4.3847E-11 3.7275E-11 2.7236E-11 1.8252E-11 1.2546E-11
8.6288E-09 8.7368E-09 8.8341E-09 8.9646E-09 9.0580E-09 9.1908E-09 9.2652E-09 9.3204E-09 9.3564E-09 9.3699E-09 9.3632E-09 9.3357E-09 9.3243E-09 9.2499E-09 9.1496E-09 9.0216E-09 8.8674E-09 8.6846E-09 8.4749E-09 8.2353E-09 7.9649E-09 7.6669E-09 7.2527E-09 6.9039E-09 6.5352E-09 6.1496E-09 5.7214E-09 5.3310E-09 4.9076E-09 4.5411E-09 4.2099E-09 3.9697E-09 4.0400E-09 4.1116E-09 4.2299E-09 4.6713E-09 5.1391E-09 4.9411E-09 4.3734E-09 3.8563E-09 3.3940E-09 3.0127E-09 2.8785E-09 2.1121E-09 2.2747E-09 1.3040E-09 1.0428E-09 8.3149E-10 6.1309E-10 2.7858E-10 7.6302E-11 5.5111E-11 4.7160E-11 4.0212E-11 3.1935E-11 2.2224E-11 1.3796E-11
9.0435E-09 9.2072E-09 9.3794E-09 9.5035E-09 9.6220E-09 9.7283E-09 9.8208E-09 9.8984E-09 9.9977E-09 1.0034E-08 1.0045E-08 1.0081E-08 1.0044E-08 9.9789E-09 9.8843E-09 9.7601E-09 9.6056E-09 9.4198E-09 9.1495E-09 8.8978E-09 8.6125E-09 8.2946E-09 7.9443E-09 7.5677E-09 7.1650E-09 6.7043E-09 6.2411E-09 5.8198E-09 5.3841E-09 5.0113E-09 4.7094E-09 4.7896E-09 4.8746E-09 4.9886E-09 5.5108E-09 6.0778E-09 5.8950E-09 5.2511E-09 4.6593E-09 4.1324E-09 3.6930E-09 3.4962E-09 2.6245E-09 2.7189E-09 1.6665E-09 1.3569E-09 1.0921E-09 8.6279E-10 6.4686E-10 3.0274E-10 8.5679E-11 5.9073E-11 5.0541E-11 4.3087E-11 3.6603E-11 2.6499E-11 1.6319E-11
9.5621E-09 9.7215E-09 9.8768E-09 1.0022E-08 1.0160E-08 1.0332E-08 1.0506E-08 1.0616E-08 1.0702E-08 1.0761E-08 1.0791E-08 1.0795E-08 1.0770E-08 1.0714E-08 1.0627E-08 1.0506E-08 1.0351E-08 1.0162E-08 9.9346E-09 9.6692E-09 9.3665E-09 9.0233E-09 8.6484E-09 8.1903E-09 7.7597E-09 7.3133E-09 6.8580E-09 6.3759E-09 5.9609E-09 5.5694E-09 5.6648E-09 5.7602E-09 5.8795E-09 6.4719E-09 7.1755E-09 7.0269E-09 6.2625E-09 5.5882E-09 4.9935E-09 4.4920E-09 4.2338E-09 3.2368E-09 3.2412E-09 2.0946E-09 1.7384E-09 1.4182E-09 1.1387E-09 9.0361E-10 7.1533E-10 4.1292E-10 9.7206E-11 6.6952E-11 5.3969E-11 4.6001E-11 3.9071E-11 3.1108E-11 2.0084E-11
1.0028E-08 1.0212E-08 1.0390E-08 1.0604E-08 1.0827E-08 1.0996E-08 1.1151E-08 1.1286E-08 1.1398E-08 1.1480E-08 1.1531E-08 1.1552E-08 1.1541E-08 1.1551E-08 1.1473E-08 1.1359E-08 1.1207E-08 1.1014E-08 1.0725E-08 1.0447E-08 1.0124E-08 9.7617E-09 9.3593E-09 8.9231E-09 8.4620E-09 7.9315E-09 7.4562E-09 7.0013E-09 6.6205E-09 6.6983E-09 6.8066E-09 6.8564E-09 7.3192E-09 8.2399E-09 8.3226E-09 7.4743E-09 6.6597E-09 5.9891E-09 5.4181E-09 5.0989E-09 4.5036E-09 3.8794E-09 2.6082E-09 2.1816E-09 1.8093E-09 1.4749E-09 1.1861E-09 9.4107E-10 7.5183E-10 4.9942E-10 1.1389E-10 8.0744E-11 5.8730E-11 4.8934E-11 4.1554E-11 3.5163E-11 2.4136E-11
1.0505E-08 1.0807E-08 1.1027E-08 1.1240E-08 1.1446E-08 1.1642E-08 1.1825E-08 1.1992E-08 1.2186E-08 1.2298E-08 1.2376E-08 1.2419E-08 1.2428E-08 1.2400E-08 1.2334E-08 1.2227E-08 1.2078E-08 1.1882E-08 1.1640E-08 1.1346E-08 1.1002E-08 1.0615E-08 1.0183E-08 9.6626E-09 9.1714E-09 8.6687E-09 8.1780E-09 7.7494E-09 7.7640E-09 7.7998E-09 7.8607E-09 8.2643E-09 9.1522E-09 9.6658E-09 8.8470E-09 7.9480E-09 7.1284E-09 6.4852E-09 6.1009E-09 7.5940E-09 4.6377E-09 3.2203E-09 2.7170E-09 2.2729E-09 1.8804E-09 1.5335E-09 1.2360E-09 9.8911E-10 8.0503E-10 6.5580E-10 1.8018E-10 9.4623E-11 6.5778E-11 5.1865E-11 4.4035E-11 3.7256E-11 2.8514E-11
1.1096E-08 1.1355E-08 1.1609E-08 1.1852E-08 1.2089E-08 1.2371E-08 1.2594E-08 1.2797E-08 1.2974E-08 1.3118E-08 1.3222E-08 1.3289E-08 1.3318E-08 1.3305E-08 1.3253E-08 1.3155E-08 1.3067E-08 1.2872E-08 1.2558E-08 1.2251E-08 1.1890E-08 1.1477E-08 1.1023E-08 1.0529E-08 1.0012E-08 9.4962E-09 8.9747E-09 8.8683E-09 8.9555E-09 9.0401E-09 9.4068E-09 1.0323E-08 1.1040E-08 1.0413E-08 9.4017E-09 8.5159E-09 7.7500E-09 7.2530E-09 8.5177E-09 5.5314E-09 3.9459E-09 3.3564E-09 2.8265E-09 2.3611E-09 1.9540E-09 1.5978E-09 1.2927E-09 1.0553E-09 8.6588E-10 7.1014E-10 4.1803E-10 1.0113E-10 7.2212E-11 5.5403E-11 4.6493E-11 3.9329E-11 3.2487E-11
1.1628E-08 1.1921E-08 1.2208E-08 1.2541E-08 1.2819E-08 1.3091E-08 1.3351E-08 1.3591E-08 1.3805E-08 1.3982E-08 1.4177E-08 1.4274E-08 1.4327E-08 1.4337E-08 1.4300E-08 1.4215E-08 1.4074E-08 1.3874E-08 1.3613E-08 1.3290E-08 1.2909E-08 1.2473E-08 1.1991E-08 1.1474E-08 1.0886E-08 1.0392E-08 1.0173E-08 1.0304E-08 1.0411E-08 1.0760E-08 1.1754E-08 1.2678E-08 1.2158E-08 1.1061E-08 1.0064E-08 9.2118E-09 8.6291E-09 9.5488E-09 6.5710E-09 4.7930E-09 4.1115E-09 3.4907E-09 2.9382E-09 2.4488E-09 2.0296E-09 1.6667E-09 1.3681E-09 1.1254E-09 9.2927E-10 7.5753E-10 5.7215E-10 1.1462E-10 8.0419E-11 6.0718E-11 4.8908E-11 4.1365E-11 3.4862E-11
1.2173E-08 1.2553E-08 1.2886E-08 1.3212E-08 1.3531E-08 1.3843E-08 1.4143E-08 1.4483E-08 1.4740E-08 1.4960E-08 1.5135E-08 1.5262E-08 1.5341E-08 1.5373E-08 1.5353E-08 1.5280E-08 1.5146E-08 1.4942E-08 1.4675E-08 1.4337E-08 1.3940E-08 1.3486E-08 1.2984E-08 1.2460E-08 1.1950E-08 1.1652E-08 1.1839E-08 1.1978E-08 1.2331E-08 1.3411E-08 1.4545E-08 1.4186E-08 1.2941E-08 1.1801E-08 1.0842E-08 1.0185E-08 1.0885E-08 7.7671E-09 9.5343E-09 4.9875E-09 4.2745E-09 3.6286E-09 3.0491E-09 2.5441E-09 2.1094E-09 1.7597E-09 1.4502E-09 1.2108E-09 9.9949E-10 8.1318E-10 6.5609E-10 2.1517E-10 9.1987E-11 6.7671E-11 5.1259E-11 4.3346E-11 3.6526E-11
1.2783E-08 1.3162E-08 1.3537E-08 1.3907E-08 1.4270E-08 1.4684E-08 1.5035E-08 1.5365E-08 1.5667E-08 1.5930E-08 1.6143E-08 1.6303E-08 1.6410E-08 1.6467E-08 1.6469E-08 1.6406E-08 1.6278E-08 1.6077E-08 1.5800E-08 1.5456E-08 1.5043E-08 1.4575E-08 1.4071E-08 1.3566E-08 1.3223E-08 1.3485E-08 1.3740E-08 1.4114E-08 1.5309E-08 1.6671E-08 1.6427E-08 1.5047E-08 1.3815E-08 1.2692E-08 1.1928E-08 1.2397E-08 9.2277E-09 1.1575E-08 6.0045E-09 5.1838E-09 4.4342E-09 3.7611E-09 3.1640E-09 2.6446E-09 2.2146E-09 1.8600E-09 1.5547E-09 1.2886E-09 1.0712E-09 8.7117E-10 7.0269E-10 4.0934E-10 1.0256E-10 7.4993E-11 5.4433E-11 4.5254E-11 3.8128E-11
1.3363E-08 1.3785E-08 1.4207E-08 1.4682E-08 1.5099E-08 1.5509E-08 1.5906E-08 1.6284E-08 1.6635E-08 1.6942E-08 1.7197E-08 1.7393E-08 1.7534E-08 1.7616E-08 1.7640E-08 1.7595E-08 1.7472E-08 1.7274E-08 1.6993E-08 1.6644E-08 1.6226E-08 1.5759E-08 1.5278E-08 1.4915E-08 1.5271E-08 1.5606E-08 1.6031E-08 1.7378E-08 1.9054E-08 1.8927E-08 1.7447E-08 1.6044E-08 1.4853E-08 1.3909E-08 1.4166E-08 1.0833E-08 1.2685E-08 7.2308E-09 6.2342E-09 5.3757E-09 4.5951E-09 3.8930E-09 3.2797E-09 2.7631E-09 2.3329E-09 1.9716E-09 1.6587E-09 1.3664E-09 1.1370E-09 9.3048E-10 7.5130E-10 4.8083E-10 1.1042E-10 8.1850E-11 5.8975E-11 4.7070E-11 3.9652E-11
1.3952E-08 1.4421E-08 1.4954E-08 1.5429E-08 1.5898E-08 1.6359E-08 1.6807E-08 1.7238E-08 1.7637E-08 1.7994E-08 1.8293E-08 1.8530E-08 1.8706E-08 1.8822E-08 1.8866E-08 1.8840E-08 1.8727E-08 1.8533E-08 1.8262E-08 1.7909E-08 1.7501E-08 1.7062E-08 1.6708E-08 1.7176E-08 1.7612E-08 1.8111E-08 1.9638E-08 2.1611E-08 2.1626E-08 2.0039E-08 1.8549E-08 1.7230E-08 1.6201E-08 1.6187E-08 1.2669E-08 1.4042E-08 8.6386E-09 7.5433E-09 6.4606E-09 5.5631E-09 4.7514E-09 4.0299E-09 3.4096E-09 2.8980E-09 2.4615E-09 2.0813E-09 1.7521E-09 1.4434E-09 1.2000E-09 9.8516E-10 7.9367E-10 5.8058E-10 1.1733E-10 9.0194E-11 6.4944E-11 4.8776E-11 4.1084E-11
1.4602E-08 1.5131E-08 1.5663E-08 1.6193E-08 1.6717E-08 1.7230E-08 1.7735E-08 1.8219E-08 1.8672E-08 1.9079E-08 1.9427E-08 1.9710E-08 1.9922E-08 2.0074E-08 2.0147E-08 2.0137E-08 2.0044E-08 1.9859E-08 1.9598E-08 1.9266E-08 1.8890E-08 1.8571E-08 1.9175E-08 1.9670E-08 2.0076E-08 2.1235E-08 2.3461E-08 2.4544E-08 2.2866E-08 2.1271E-08 1.9835E-08 1.8719E-08 1.8592E-08 2.3818E-08 1.5674E-08 1.0239E-08 8.9896E-09 7.8453E-09 6.6813E-09 5.7473E-09 4.9086E-09 4.1768E-09 3.5677E-09 3.0424E-09 2.5880E-09 2.1885E-09 1.8401E-09 1.5240E-09 1.2619E-09 1.0398E-09 8.4237E-10 6.5105E-10 2.3471E-10 9.4976E-11 7.2030E-11 5.0624E-11 4.2409E-11
1.5211E-08 1.5793E-08 1.6380E-08 1.6968E-08 1.7548E-08 1.8121E-08 1.8682E-08 1.9223E-08 1.9730E-08 2.0191E-08 2.0591E-08 2.0922E-08 2.1184E-08 2.1369E-08 2.1475E-08 2.1488E-08 2.1416E-08 2.1257E-08 2.1019E-08 2.0733E-08 2.0472E-08 2.0942E-08 2.1486E-08 2.2071E-08 2.3200E-08 2.5410E-08 2.7112E-08 2.5915E-08 2.4232E-08 2.2696E-08 2.1461E-08 2.1164E-08 2.8469E-08 1.7689E-08 1.2066E-08 1.0656E-08 9.3517E-09 8.1801E-09 6.8950E-09 5.9293E-09 5.0743E-09 4.3509E-09 3.7295E-09 3.1890E-09 2.7108E-09 2.2933E-09 1.9268E-09 1.5997E-09 1.3202E-09 1.0900E-09 8.8914E-10 6.8963E-10 3.9505E-10 9.8544E-11 7.9317E-11 5.3383E-11 4.3611E-11
1.5818E-08 1.6456E-08 1.7101E-08 1.7747E-08 1.8389E-08 1.9021E-08 1.9641E-08 2.0239E-08 2.0816E-08 2.1346E-08 2.1814E-08 2.2210E-08 2.2523E-08 2.2746E-08 2.2881E-08 2.2919E-08 2.2855E-08 2.2729E-08 2.2545E-08 2.2373E-08 2.2718E-08 2.3469E-08 2.4224E-08 2.5374E-08 2.7694E-08 2.9831E-08 2.9154E-08 2.7415E-08 2.5794E-08 2.4460E-08 2.4003E-08 2.9646E-08 1.9976E-08 1.4249E-08 1.2548E-08 1.1099E-08 9.7476E-09 8.5400E-09 7.2237E-09 6.1155E-09 5.2675E-09 4.5310E-09 3.8907E-09 3.3254E-09 2.8291E-09 2.3917E-09 2.0114E-09 1.6716E-09 1.3772E-09 1.1385E-09 9.3169E-10 7.3100E-10 4.1826E-10 1.0450E-10 8.4462E-11 5.7132E-11 4.4680E-11
1.6419E-08 1.7114E-08 1.7818E-08 1.8526E-08 1.9229E-08 1.9922E-08 2.0614E-08 2.1296E-08 2.1944E-08 2.2542E-08 2.3080E-08 2.3541E-08 2.3903E-08 2.4177E-08 2.4341E-08 2.4423E-08 2.4416E-08 2.4343E-08 2.4260E-08 2.4542E-08 2.5505E-08 2.6458E-08 2.7696E-08 3.0195E-08 3.2787E-08 3.2556E-08 3.0786E-08 2.9108E-08 2.7695E-08 2.7085E-08 3.1442E-08 2.2545E-08 1.6623E-08 1.4841E-08 1.3048E-08 1.1562E-08 1.0197E-08 9.0477E-09 7.8635E-09 6.3239E-09 5.4635E-09 4.7102E-09 4.0429E-09 3.4537E-09 2.9368E-09 2.4840E-09 2.0878E-09 1.7409E-09 1.4277E-09 1.1816E-09 9.6833E-10 7.6048E-10 4.7369E-10 1.1009E-10 8.7483E-11 6.2086E-11 4.5601E-11
1.7009E-08 1.7760E-08 1.8525E-08 1.9295E-08 2.0060E-08 2.0832E-08 2.1624E-08 2.2415E-08 2.3147E-08 2.3828E-08 2.4450E-08 2.4985E-08 2.5417E-08 2.5736E-08 2.5935E-08 2.6048E-08 2.6081E-08 2.6095E-08 2.6414E-08 2.7595E-08 2.8726E-08 3.0091E-08 3.2833E-08 3.5889E-08 3.6072E-08 3.4304E-08 3.2600E-08 3.1136E-08 3.0405E-08 3.3705E-08 2.5395E-08 3.6085E-08 1.7285E-08 1.5475E-08 1.3700E-08 1.2095E-08 1.0831E-08 1.0220E-08 7.5290E-09 6.5335E-09 5.6585E-09 4.8768E-09 4.1835E-09 3.5725E-09 3.0360E-09 2.5690E-09 2.1581E-09 1.7998E-09 1.4743E-09 1.2200E-09 1.0044E-09 7.9032E-10 4.9683E-10 1.1673E-10 8.9611E-11 6.7541E-11 4.6365E-11
1.7578E-08 1.8388E-08 1.9213E-08 2.0069E-08 2.0951E-08 2.1830E-08 2.2712E-08 2.3600E-08 2.4465E-08 2.5257E-08 2.5968E-08 2.6595E-08 2.7102E-08 2.7461E-08 2.7704E-08 2.7859E-08 2.7979E-08 2.8328E-08 2.9691E-08 3.1031E-08 3.2547E-08 3.5559E-08 3.9061E-08 3.9645E-08 3.7916E-08 3.6224E-08 3.4742E-08 3.3918E-08 3.6411E-08 2.8503E-08 3.7562E-08 2.0018E-08 1.8030E-08 1.6192E-08 1.4394E-08 1.2862E-08 1.2343E-08 8.9166E-09 7.7513E-09 6.7426E-09 5.8374E-09 5.0283E-09 4.3116E-09 3.6803E-09 3.1260E-09 2.6428E-09 2.2225E-09 1.8524E-09 1.5178E-09 1.2545E-09 1.0328E-09 8.2555E-10 5.8209E-10 1.2459E-10 9.1406E-11 7.2235E-11 4.6962E-11
1.8121E-08 1.8992E-08 1.9929E-08 2.0895E-08 2.1877E-08 2.2860E-08 2.3845E-08 2.4869E-08 2.5916E-08 2.6869E-08 2.7719E-08 2.8447E-08 2.9027E-08 2.9454E-08 2.9744E-08 2.9968E-08 3.0323E-08 3.1869E-08 3.3383E-08 3.5063E-08 3.8324E-08 4.2285E-08 4.3248E-08 4.1559E-08 3.9918E-08 3.8457E-08 3.7579E-08 3.9478E-08 3.1848E-08 3.8489E-08 2.3022E-08 2.0887E-08 1.8898E-08 1.7102E-08 1.5552E-08 1.4678E-08 1.0483E-08 9.1505E-09 7.9668E-09 6.9288E-09 5.9962E-09 5.1634E-09 4.4247E-09 3.7746E-09 3.2052E-09 2.7085E-09 2.2766E-09 1.8991E-09 1.5541E-09 1.2851E-09 1.0545E-09 8.5027E-10 6.0271E-10 2.3650E-10 9.2891E-11 7.6138E-11 4.7942E-11
