Assets/Resources/2015_m01_d07_2200(utc+0800)_l00_csi_1hr_conc.grd
DSAA
         159         159
     -79.000      79.000
     -79.000      79.000
  0.0000E+00  0.6026E-04
[rows 50 to 74 of 159, columns 0 to 56 of 159]
0.0000E+00 0.0000E+00 1.6024E-12 3.1517E-12 4.4368E-12 8.5229E-12 1.5805E-11 2.9482E-11 4.5211E-11 5.9559E-11 7.2189E-11 8.6561E-11 1.0031E-10 1.2157E-10 1.4009E-10 1.6396E-10 1.9075E-10 2.2085E-10 2.5267E-10 2.8779E-10 3.2774E-10 3.7147E-10 4.1962E-10 4.7300E-10 5.3100E-10 5.9967E-10 6.6900E-10 7.5419E-10 8.3667E-10 9.3581E-10 1.0375E-09 1.1421E-09 1.2541E-09 1.3748E-09 1.5019E-09 1.6388E-09 1.7809E-09 1.9347E-09 2.0968E-09 2.2608E-09 2.4372E-09 2.6176E-09 2.8696E-09 3.4680E-09 4.2658E-09 5.2390E-09 6.2586E-09 7.2408E-09 8.1083E-09 8.8406E-09 9.5304E-09 1.0174E-08 1.0890E-08 1.1777E-08 1.2746E-08 1.3846E-08 1.5109E-08
0.0000E+00 0.0000E+00 1.4250E-12 3.0287E-12 4.3823E-12 8.4132E-12 1.5659E-11 2.9250E-11 4.4917E-11 5.9253E-11 7.1859E-11 8.6206E-11 9.9900E-11 1.2117E-10 1.3963E-10 1.6347E-10 1.9025E-10 2.2034E-10 2.5226E-10 2.8735E-10 3.2727E-10 3.7076E-10 4.1901E-10 4.7221E-10 5.2993E-10 5.9865E-10 6.6758E-10 7.5303E-10 8.3554E-10 9.3528E-10 1.0375E-09 1.1425E-09 1.2558E-09 1.3766E-09 1.5056E-09 1.6433E-09 1.7862E-09 1.9424E-09 2.1050E-09 2.2716E-09 2.4492E-09 2.6324E-09 2.8192E-09 3.3024E-09 4.0435E-09 4.9668E-09 5.9927E-09 7.0033E-09 7.9136E-09 8.7109E-09 9.4445E-09 1.0125E-08 1.0775E-08 1.1704E-08 1.2672E-08 1.3775E-08 1.5017E-08
0.0000E+00 0.0000E+00 1.2208E-12 2.8866E-12 4.3168E-12 5.0427E-12 1.2105E-11 2.8935E-11 4.4492E-11 5.8771E-11 7.1316E-11 8.5595E-11 9.9192E-11 1.2041E-10 1.3874E-10 1.6246E-10 1.8903E-10 2.1889E-10 2.5060E-10 2.8533E-10 3.2489E-10 3.6788E-10 4.1601E-10 4.6895E-10 5.2647E-10 5.9496E-10 6.6373E-10 7.4939E-10 8.3187E-10 9.3202E-10 1.0345E-09 1.1398E-09 1.2538E-09 1.3745E-09 1.5051E-09 1.6421E-09 1.7864E-09 1.9438E-09 2.1068E-09 2.2758E-09 2.4541E-09 2.6396E-09 2.8284E-09 3.2095E-09 3.8159E-09 4.6725E-09 5.6710E-09 6.6923E-09 7.6536E-09 8.5009E-09 9.2824E-09 9.9773E-09 1.0690E-08 1.1559E-08 1.2564E-08 1.3666E-08 1.4868E-08
0.0000E+00 0.0000E+00 9.9354E-13 2.7277E-12 4.2407E-12 4.9537E-12 1.1927E-11 2.5221E-11 4.0214E-11 5.8078E-11 7.0448E-11 8.4517E-11 9.7836E-11 1.1878E-10 1.3677E-10 1.6016E-10 1.8643E-10 2.1599E-10 2.4747E-10 2.8195E-10 3.2122E-10 3.6379E-10 4.1179E-10 4.6451E-10 5.2176E-10 5.8993E-10 6.5839E-10 7.4401E-10 8.2614E-10 9.2632E-10 1.0287E-09 1.1338E-09 1.2482E-09 1.3688E-09 1.4996E-09 1.6360E-09 1.7816E-09 1.9392E-09 2.1030E-09 2.2725E-09 2.4520E-09 2.6390E-09 2.8297E-09 3.0820E-09 3.6313E-09 4.3866E-09 5.3252E-09 6.3364E-09 7.3212E-09 8.2072E-09 9.0165E-09 9.7535E-09 1.0499E-08 1.1341E-08 1.2353E-08 1.3454E-08 1.4655E-08
0.0000E+00 0.0000E+00 7.4717E-13 2.5549E-12 4.0018E-12 4.8532E-12 1.1586E-11 2.0836E-11 3.9174E-11 5.6740E-11 6.8899E-11 8.2742E-11 9.5823E-11 1.1654E-10 1.3426E-10 1.5740E-10 1.8341E-10 2.1272E-10 2.4393E-10 2.7818E-10 3.1711E-10 3.5918E-10 4.0674E-10 4.5907E-10 5.1581E-10 5.8337E-10 6.5121E-10 7.3647E-10 8.1798E-10 9.1787E-10 1.0199E-09 1.1248E-09 1.2383E-09 1.3590E-09 1.4896E-09 1.6255E-09 1.7714E-09 1.9283E-09 2.0933E-09 2.2624E-09 2.4428E-09 2.6308E-09 2.8228E-09 3.0215E-09 3.4461E-09 4.1084E-09 4.9593E-09 5.9348E-09 6.9222E-09 7.8531E-09 8.6739E-09 9.4856E-09 1.0260E-08 1.1081E-08 1.2091E-08 1.3188E-08 1.4388E-08
0.0000E+00 0.0000E+00 4.8602E-13 2.3510E-12 3.7398E-12 4.7418E-12 7.9368E-12 2.0219E-11 3.7984E-11 5.5290E-11 6.7270E-11 8.0926E-11 9.3804E-11 1.1429E-10 1.3175E-10 1.5459E-10 1.8025E-10 2.0917E-10 2.3993E-10 2.7376E-10 3.1218E-10 3.5359E-10 4.0054E-10 4.5221E-10 5.0837E-10 5.7512E-10 6.4216E-10 7.2681E-10 8.0745E-10 9.0675E-10 1.0081E-09 1.1125E-09 1.2248E-09 1.3457E-09 1.4747E-09 1.6104E-09 1.7559E-09 1.9117E-09 2.0775E-09 2.2459E-09 2.4265E-09 2.6152E-09 2.8076E-09 3.0069E-09 3.2755E-09 3.8536E-09 4.6044E-09 5.5121E-09 6.4795E-09 7.4261E-09 8.2952E-09 9.1377E-09 9.9139E-09 1.0731E-08 1.1721E-08 1.2832E-08 1.4018E-08
0.0000E+00 0.0000E+00 2.1451E-13 2.1289E-12 3.4655E-12 4.6204E-12 7.7769E-12 1.6202E-11 2.9503E-11 5.0008E-11 6.5670E-11 7.9072E-11 9.1670E-11 1.1184E-10 1.2894E-10 1.5138E-10 1.7662E-10 2.0505E-10 2.3528E-10 2.6858E-10 3.0637E-10 3.4703E-10 3.9323E-10 4.4409E-10 4.9947E-10 5.6527E-10 6.3129E-10 7.1508E-10 7.9462E-10 8.9305E-10 9.9336E-10 1.0971E-09 1.2079E-09 1.3285E-09 1.4555E-09 1.5907E-09 1.7352E-09 1.8902E-09 2.0552E-09 2.2225E-09 2.4026E-09 2.5912E-09 2.7831E-09 2.9825E-09 3.1908E-09 3.6299E-09 4.2907E-09 5.1037E-09 6.0248E-09 6.9628E-09 7.8574E-09 8.6945E-09 9.5314E-09 1.0338E-08 1.1262E-08 1.2398E-08 1.3580E-08
0.0000E+00 0.0000E+00 4.1032E-14 1.7159E-12 3.1827E-12 4.4899E-12 7.6005E-12 1.2325E-11 2.8719E-11 4.8579E-11 6.3916E-11 7.7030E-11 8.9316E-11 1.0911E-10 1.2581E-10 1.4780E-10 1.7253E-10 2.0042E-10 2.3003E-10 2.6267E-10 2.9973E-10 3.3956E-10 3.8488E-10 4.3480E-10 4.8921E-10 5.5388E-10 6.1872E-10 7.0141E-10 7.7962E-10 8.7691E-10 9.7597E-10 1.0786E-09 1.1880E-09 1.3074E-09 1.4324E-09 1.5671E-09 1.7091E-09 1.8633E-09 2.0266E-09 2.1925E-09 2.3718E-09 2.5595E-09 2.7507E-09 2.9496E-09 3.1589E-09 3.4331E-09 4.0058E-09 4.7150E-09 5.5627E-09 6.4676E-09 7.3672E-09 8.2308E-09 9.0616E-09 9.9158E-09 1.0838E-08 1.1872E-08 1.3077E-08
0.0000E+00 0.0000E+00 0.0000E+00 1.2978E-12 2.8954E-12 4.3513E-12 7.4088E-12 1.1979E-11 2.7876E-11 4.3203E-11 6.2022E-11 7.4814E-11 8.6760E-11 1.0613E-10 1.2239E-10 1.4387E-10 1.6804E-10 1.9530E-10 2.2422E-10 2.5609E-10 2.9232E-10 3.3123E-10 3.7556E-10 4.2442E-10 4.7776E-10 5.4125E-10 6.0482E-10 6.8630E-10 7.6307E-10 8.5900E-10 9.5652E-10 1.0577E-09 1.1653E-09 1.2829E-09 1.4059E-09 1.5389E-09 1.6783E-09 1.8315E-09 1.9926E-09 2.1566E-09 2.3345E-09 2.5209E-09 2.7108E-09 2.9091E-09 3.1178E-09 3.3327E-09 3.7569E-09 4.3737E-09 5.1231E-09 5.9717E-09 6.8505E-09 7.7026E-09 8.5699E-09 9.4053E-09 1.0301E-08 1.1337E-08 1.2505E-08
0.0000E+00 0.0000E+00 0.0000E+00 8.8052E-13 2.6072E-12 4.0287E-12 7.2033E-12 8.3406E-12 2.3457E-11 3.7993E-11 6.0003E-11 7.2447E-11 8.4025E-11 1.0292E-10 1.1870E-10 1.3962E-10 1.6318E-10 1.8976E-10 2.1799E-10 2.4905E-10 2.8448E-10 3.2252E-10 3.6586E-10 4.1361E-10 4.6572E-10 5.2784E-10 5.8990E-10 6.6983E-10 7.4483E-10 8.3906E-10 9.3470E-10 1.0341E-09 1.1396E-09 1.2551E-09 1.3758E-09 1.5066E-09 1.6433E-09 1.7950E-09 1.9533E-09 2.1152E-09 2.2910E-09 2.4756E-09 2.6637E-09 2.8610E-09 3.0677E-09 3.2825E-09 3.5545E-09 4.0810E-09 4.7276E-09 5.4968E-09 6.3387E-09 7.1796E-09 8.0105E-09 8.8852E-09 9.7496E-09 1.0744E-08 1.1913E-08
0.0000E+00 0.0000E+00 0.0000E+00 4.6962E-13 2.3870E-12 3.6296E-12 6.9853E-12 8.0879E-12 1.9255E-11 3.6683E-11 5.7882E-11 6.9966E-11 8.1192E-11 9.9622E-11 1.1497E-10 1.3537E-10 1.5833E-10 1.8425E-10 2.1171E-10 2.4186E-10 2.7633E-10 3.1334E-10 3.5550E-10 4.0195E-10 4.5263E-10 5.1323E-10 5.7361E-10 6.5179E-10 7.2486E-10 8.1713E-10 9.1067E-10 1.0078E-09 1.1111E-09 1.2241E-09 1.3424E-09 1.4706E-09 1.6046E-09 1.7535E-09 1.9092E-09 2.0683E-09 2.2416E-09 2.4241E-09 2.6097E-09 2.8055E-09 3.0091E-09 3.2233E-09 3.4428E-09 3.8352E-09 4.3896E-09 5.0612E-09 5.8362E-09 6.6430E-09 7.4375E-09 8.3073E-09 9.1965E-09 1.0138E-08 1.1237E-08
0.0000E+00 0.0000E+00 0.0000E+00 7.0495E-14 1.8699E-12 3.2370E-12 6.7565E-12 7.8225E-12 1.8588E-11 3.5409E-11 5.1975E-11 6.7599E-11 7.8454E-11 9.6366E-11 1.1121E-10 1.3099E-10 1.5326E-10 1.7841E-10 2.0497E-10 2.3416E-10 2.6759E-10 3.0352E-10 3.4439E-10 3.8945E-10 4.3855E-10 4.9753E-10 5.5610E-10 6.3235E-10 7.0331E-10 7.9341E-10 8.8462E-10 9.7924E-10 1.0801E-09 1.1902E-09 1.3059E-09 1.4312E-09 1.5622E-09 1.7078E-09 1.8606E-09 2.0165E-09 2.1869E-09 2.3665E-09 2.5488E-09 2.7425E-09 2.9433E-09 3.1549E-09 3.3724E-09 3.6020E-09 4.1062E-09 4.6806E-09 5.3699E-09 6.1212E-09 6.9026E-09 7.7424E-09 8.5897E-09 9.5142E-09 1.0541E-08
0.0000E+00 0.0000E+00 0.0000E+00 0.0000E+00 1.3060E-12 2.8551E-12 6.5009E-12 7.5463E-12 1.4602E-11 3.0675E-11 5.0038E-11 6.5133E-11 7.5588E-11 9.2941E-11 1.0725E-10 1.2637E-10 1.4792E-10 1.7224E-10 1.9779E-10 2.2600E-10 2.5832E-10 2.9313E-10 3.3264E-10 3.7620E-10 4.2361E-10 4.8086E-10 5.3751E-10 6.1165E-10 6.8036E-10 7.6809E-10 8.5677E-10 9.4867E-10 1.0468E-09 1.1537E-09 1.2665E-09 1.3886E-09 1.5164E-09 1.6584E-09 1.8078E-09 1.9602E-09 2.1271E-09 2.3028E-09 2.4818E-09 2.6725E-09 2.8702E-09 3.0779E-09 3.2933E-09 3.5198E-09 3.8074E-09 4.3603E-09 4.9545E-09 5.6330E-09 6.3715E-09 7.1543E-09 7.9779E-09 8.8754E-09 9.8620E-09
0.0000E+00 0.0000E+00 0.0000E+00 0.0000E+00 7.6651E-13 2.4987E-12 5.9393E-12 7.2610E-12 1.4037E-11 2.5980E-11 4.4313E-11 6.2571E-11 7.2610E-11 8.9372E-11 1.0313E-10 1.2156E-10 1.4234E-10 1.6580E-10 1.9027E-10 2.1745E-10 2.4862E-10 2.8225E-10 3.2031E-10 3.6230E-10 4.0792E-10 4.6337E-10 5.1798E-10 5.8987E-10 6.5620E-10 7.4137E-10 8.2733E-10 9.1634E-10 1.0115E-09 1.1151E-09 1.2246E-09 1.3431E-09 1.4674E-09 1.6055E-09 1.7511E-09 1.8993E-09 2.0619E-09 2.2339E-09 2.4092E-09 2.5953E-09 2.7897E-09 2.9932E-09 3.2060E-09 3.4283E-09 3.6619E-09 4.0650E-09 4.5895E-09 5.1928E-09 5.8715E-09 6.5917E-09 7.4044E-09 8.2604E-09 9.1532E-09
0.0000E+00 0.0000E+00 0.0000E+00 0.0000E+00 2.5694E-13 2.1055E-12 5.3952E-12 6.9686E-12 1.3457E-11 2.4908E-11 4.2425E-11 5.9931E-11 6.9542E-11 8.5686E-11 9.8869E-11 1.1659E-10 1.3657E-10 1.5912E-10 1.8247E-10 2.0859E-10 2.3854E-10 2.7096E-10 3.0738E-10 3.4776E-10 3.9161E-10 4.4517E-10 4.9768E-10 5.6718E-10 6.3102E-10 7.1346E-10 7.9654E-10 8.8249E-10 9.7441E-10 1.0746E-09 1.1806E-09 1.2951E-09 1.4158E-09 1.5496E-09 1.6906E-09 1.8341E-09 1.9925E-09 2.1599E-09 2.3309E-09 2.5121E-09 2.7028E-09 2.9012E-09 3.1104E-09 3.3283E-09 3.5592E-09 3.7936E-09 4.2932E-09 4.8107E-09 5.4156E-09 6.0837E-09 6.8197E-09 7.6022E-09 8.4813E-09
0.0000E+00 0.0000E+00 0.0000E+00 0.0000E+00 0.0000E+00 1.4153E-12 4.8730E-12 6.6257E-12 1.0023E-11 2.3814E-11 4.0500E-11 5.7232E-11 6.6406E-11 8.1910E-11 9.4507E-11 1.1148E-10 1.3064E-10 1.5227E-10 1.7446E-10 1.9947E-10 2.2810E-10 2.5936E-10 2.9406E-10 3.3278E-10 3.7481E-10 4.2642E-10 4.7674E-10 5.4373E-10 6.0499E-10 6.8457E-10 7.6462E-10 8.4737E-10 9.3586E-10 1.0324E-09 1.1347E-09 1.2450E-09 1.3612E-09 1.4903E-09 1.6269E-09 1.7657E-09 1.9188E-09 2.0812E-09 2.2477E-09 2.4236E-09 2.6096E-09 2.8025E-09 3.0077E-09 3.2205E-09 3.4470E-09 3.6772E-09 3.9589E-09 4.4784E-09 5.0119E-09 5.6162E-09 6.2744E-09 7.0344E-09 7.8551E-09
0.0000E+00 0.0000E+00 0.0000E+00 0.0000E+00 0.0000E+00 7.7178E-13 4.4332E-12 5.9602E-12 9.5932E-12 1.9571E-11 3.5358E-11 5.0758E-11 6.3223E-11 7.8071E-11 9.0071E-11 1.0629E-10 1.2461E-10 1.4528E-10 1.6629E-10 1.9017E-10 2.1730E-10 2.4752E-10 2.8046E-10 3.1748E-10 3.5763E-10 4.0724E-10 4.5532E-10 5.1971E-10 5.7832E-10 6.5490E-10 7.3182E-10 8.1124E-10 8.9607E-10 9.8882E-10 1.0869E-09 1.1927E-09 1.3043E-09 1.4286E-09 1.5602E-09 1.6935E-09 1.8417E-09 1.9988E-09 2.1599E-09 2.3298E-09 2.5109E-09 2.6982E-09 2.8987E-09 3.1057E-09 3.3273E-09 3.5527E-09 3.7873E-09 4.1752E-09 4.6551E-09 5.1980E-09 5.7955E-09 6.4670E-09 7.2310E-09
0.0000E+00 0.0000E+00 0.0000E+00 0.0000E+00 0.0000E+00 1.7977E-13 3.8217E-12 5.3303E-12 9.1576E-12 1.8620E-11 3.3595E-11 4.8192E-11 6.0016E-11 7.4193E-11 8.5592E-11 1.0105E-10 1.1850E-10 1.3820E-10 1.5801E-10 1.8091E-10 2.0635E-10 2.3535E-10 2.6667E-10 3.0195E-10 3.4020E-10 3.8770E-10 4.3357E-10 4.9528E-10 5.5118E-10 6.2467E-10 6.9836E-10 7.6272E-10 8.5530E-10 9.4381E-10 1.0373E-09 1.1387E-09 1.2457E-09 1.3646E-09 1.4910E-09 1.6189E-09 1.7614E-09 1.9127E-09 2.0681E-09 2.2320E-09 2.4077E-09 2.5889E-09 2.7840E-09 2.9848E-09 3.2008E-09 3.4209E-09 3.6506E-09 3.8944E-09 4.3599E-09 4.8300E-09 5.3607E-09 5.9496E-09 6.6499E-09
0.0000E+00 0.0000E+00 0.0000E+00 0.0000E+00 0.0000E+00 0.0000E+00 2.9751E-12 4.7394E-12 8.4622E-12 1.7667E-11 2.9077E-11 4.5623E-11 5.6804E-11 7.0303E-11 8.1097E-11 9.5777E-11 1.1237E-10 1.3109E-10 1.4969E-10 1.7141E-10 1.9541E-10 2.2305E-10 2.5279E-10 2.8631E-10 3.2264E-10 3.6781E-10 4.1164E-10 4.7060E-10 5.2376E-10 5.9408E-10 6.5444E-10 7.1467E-10 8.1313E-10 8.8514E-10 9.8664E-10 1.0834E-09 1.1850E-09 1.2990E-09 1.4200E-09 1.5420E-09 1.6785E-09 1.8238E-09 1.9733E-09 2.1311E-09 2.3006E-09 2.4755E-09 2.6645E-09 2.8588E-09 3.0686E-09 3.2827E-09 3.5068E-09 3.7455E-09 4.0343E-09 4.5038E-09 4.9747E-09 5.5030E-09 6.1099E-09
0.0000E+00 0.0000E+00 0.0000E+00 0.0000E+00 0.0000E+00 0.0000E+00 2.1978E-12 4.3049E-12 7.6406E-12 1.3891E-11 2.4410E-11 3.9938E-11 5.3606E-11 6.6422E-11 7.6615E-11 9.0518E-11 1.0625E-10 1.2398E-10 1.4149E-10 1.6186E-10 1.8457E-10 2.1075E-10 2.3890E-10 2.7057E-10 3.0522E-10 3.4789E-10 3.8966E-10 4.4584E-10 4.8872E-10 5.4681E-10 6.1143E-10 6.7723E-10 7.5972E-10 8.2705E-10 9.0812E-10 1.0269E-09 1.1079E-09 1.2320E-09 1.3470E-09 1.4633E-09 1.5938E-09 1.7331E-09 1.8763E-09 2.0276E-09 2.1905E-09 2.3587E-09 2.5411E-09 2.7285E-09 2.9316E-09 3.1390E-09 3.3565E-09 3.5888E-09 3.8319E-09 4.1437E-09 4.6272E-09 5.0999E-09 5.6246E-09
0.0000E+00 0.0000E+00 0.0000E+00 0.0000E+00 0.0000E+00 0.0000E+00 1.6428E-12 3.3538E-12 6.8719E-12 1.2151E-11 2.3041E-11 3.7048E-11 5.0440E-11 6.2573E-11 7.2169E-11 8.5298E-11 1.0016E-10 1.1692E-10 1.3342E-10 1.5238E-10 1.7382E-10 1.9830E-10 2.2512E-10 2.5469E-10 2.8766E-10 3.2805E-10 3.6221E-10 4.1475E-10 4.5482E-10 5.1655E-10 5.6954E-10 6.2180E-10 6.8558E-10 7.8093E-10 8.4568E-10 9.4383E-10 1.0316E-09 1.1640E-09 1.2643E-09 1.3838E-09 1.5081E-09 1.6410E-09 1.7777E-09 1.9222E-09 2.0783E-09 2.2396E-09 2.4148E-09 2.5948E-09 2.7905E-09 2.9906E-09 3.2008E-09 3.4256E-09 3.6612E-09 3.9143E-09 4.3006E-09 4.7335E-09 5.2075E-09
0.0000E+00 0.0000E+00 0.0000E+00 0.0000E+00 0.0000E+00 0.0000E+00 1.5687E-12 2.4614E-12 6.2939E-12 9.7599E-12 2.1598E-11 3.2988E-11 4.7323E-11 5.8776E-11 6.7785E-11 8.0147E-11 9.4154E-11 1.0994E-10 1.2545E-10 1.4302E-10 1.6334E-10 1.8589E-10 2.1159E-10 2.3914E-10 2.7026E-10 3.0375E-10 3.4068E-10 3.8490E-10 4.2801E-10 4.7958E-10 5.2901E-10 5.8500E-10 6.3615E-10 7.2473E-10 7.8453E-10 8.8776E-10 9.6422E-10 1.0506E-09 1.1826E-09 1.2836E-09 1.4119E-09 1.5252E-09 1.6781E-09 1.8158E-09 1.9649E-09 2.1190E-09 2.2863E-09 2.4587E-09 2.6464E-09 2.8386E-09 3.0405E-09 3.2569E-09 3.4843E-09 3.7291E-09 3.9854E-09 4.4079E-09 4.8235E-09
0.0000E+00 0.0000E+00 0.0000E+00 0.0000E+00 0.0000E+00 0.0000E+00 1.4942E-12 1.7754E-12 5.2518E-12 8.8165E-12 1.5865E-11 2.8669E-11 4.3787E-11 5.5051E-11 6.3483E-11 7.5089E-11 8.8251E-11 1.0308E-10 1.1761E-10 1.3383E-10 1.5283E-10 1.7379E-10 1.9807E-10 2.2392E-10 2.5315E-10 2.8457E-10 3.1917E-10 3.5611E-10 3.9580E-10 4.4397E-10 4.9634E-10 5.4107E-10 5.8841E-10 6.4886E-10 7.3088E-10 8.0195E-10 8.9825E-10 9.8505E-10 1.1028E-09 1.1964E-09 1.3171E-09 1.4331E-09 1.5670E-09 1.6833E-09 1.8509E-09 1.9975E-09 2.1564E-09 2.3208E-09 2.5002E-09 2.6837E-09 2.8769E-09 3.0839E-09 3.3026E-09 3.5381E-09 3.7778E-09 4.0375E-09 4.4785E-09
0.0000E+00 0.0000E+00 0.0000E+00 0.0000E+00 0.0000E+00 0.0000E+00 1.4195E-12 1.6317E-12 4.1715E-12 8.0813E-12 1.2821E-11 2.6368E-11 3.5187E-11 5.1413E-11 5.9282E-11 7.0147E-11 8.2481E-11 9.6366E-11 1.0995E-10 1.2508E-10 1.4254E-10 1.6215E-10 1.8469E-10 2.0905E-10 2.3612E-10 2.6596E-10 2.9807E-10 3.3298E-10 3.6998E-10 4.0971E-10 4.5249E-10 4.9889E-10 5.4941E-10 6.0219E-10 6.7894E-10 7.4468E-10 8.3851E-10 9.1498E-10 1.0248E-09 1.1112E-09 1.2322E-09 1.3325E-09 1.4320E-09 1.5779E-09 1.7067E-09 1.8758E-09 2.0260E-09 2.1822E-09 2.3527E-09 2.5272E-09 2.7111E-09 2.9080E-09 3.1174E-09 3.3421E-09 3.5724E-09 3.8133E-09 4.0963E-09
0.0000E+00 0.0000E+00 0.0000E+00 0.0000E+00 0.0000E+00 0.0000E+00 1.3451E-12 1.5462E-12 3.3575E-12 6.8807E-12 1.0462E-11 2.1569E-11 3.0117E-11 4.7055E-11 5.5201E-11 6.5342E-11 7.6867E-11 8.9833E-11 1.0249E-10 1.1659E-10 1.3255E-10 1.5098E-10 1.7145E-10 1.9473E-10 2.1949E-10 2.4758E-10 2.7753E-10 3.1044E-10 3.4472E-10 3.8173E-10 4.2141E-10 4.6381E-10 5.0914E-10 5.5826E-10 6.3150E-10 6.8886E-10 7.4784E-10 8.4710E-10 9.2509E-10 1.0287E-09 1.1134E-09 1.2346E-09 1.3354E-09 1.4737E-09 1.5944E-09 1.7548E-09 1.8958E-09 2.0437E-09 2.2049E-09 2.3700E-09 2.5442E-09 2.7306E-09 2.9301E-09 3.1431E-09 3.3635E-09 3.5932E-09 3.8343E-09
