Assets/Resources/2015_m01_d02_1900(utc+0800)_l00_csi_1hr_conc.grd
DSAA
         159         159
     -79.000      79.000
     -79.000      79.000
  0.0000E+00  0.2165E-04
[rows 50 to 74 of 159, columns 0 to 56 of 159]
1.2206E-10 1.5342E-10 1.8979E-10 2.3409E-10 2.7868E-10 3.2903E-10 3.9118E-10 4.5877E-10 5.3989E-10 6.2875E-10 7.3075E-10 8.4745E-10 9.7722E-10 1.1235E-09 1.2852E-09 1.4628E-09 1.6583E-09 1.8753E-09 2.1089E-09 2.3617E-09 2.6390E-09 2.9313E-09 3.2422E-09 3.5757E-09 3.9218E-09 4.2829E-09 4.6570E-09 5.0479E-09 5.4423E-09 5.8420E-09 6.2438E-09 6.6507E-09 7.0476E-09 7.4306E-09 7.7982E-09 8.1489E-09 8.4847E-09 8.7906E-09 9.0622E-09 9.3009E-09 9.5041E-09 9.6771E-09 9.8051E-09 9.9110E-09 9.9782E-09 1.0006E-08 9.9921E-09 9.9451E-09 9.8483E-09 9.7106E-09 9.5336E-09 9.3191E-09 9.0694E-09 8.7874E-09 8.4761E-09 8.1481E-09 7.7896E-09
1.1806E-10 1.5031E-10 1.8500E-10 2.3024E-10 2.7317E-10 3.2663E-10 3.8495E-10 4.5334E-10 5.3308E-10 6.2283E-10 7.2587E-10 8.4137E-10 9.6995E-10 1.1177E-09 1.2786E-09 1.4580E-09 1.6570E-09 1.8727E-09 2.1077E-09 2.3623E-09 2.6424E-09 2.9374E-09 3.2513E-09 3.5892E-09 3.9396E-09 4.3056E-09 4.6909E-09 5.0834E-09 5.4848E-09 5.8922E-09 6.3086E-09 6.7196E-09 7.1264E-09 7.5247E-09 7.9045E-09 8.2729E-09 8.6152E-09 8.9331E-09 9.2233E-09 9.4751E-09 9.7008E-09 9.8816E-09 1.0022E-08 1.0122E-08 1.0203E-08 1.0252E-08 1.0252E-08 1.0208E-08 1.0120E-08 9.9912E-09 9.8211E-09 9.6119E-09 9.3749E-09 9.0960E-09 8.7859E-09 8.4478E-09 8.0852E-09
1.1517E-10 1.4576E-10 1.8117E-10 2.2476E-10 2.6839E-10 3.2020E-10 3.7920E-10 4.4578E-10 5.2635E-10 6.1437E-10 7.1831E-10 8.3220E-10 9.6160E-10 1.1082E-09 1.2701E-09 1.4484E-09 1.6490E-09 1.8653E-09 2.1011E-09 2.3620E-09 2.6389E-09 2.9357E-09 3.2572E-09 3.5933E-09 3.9471E-09 4.3169E-09 4.7075E-09 5.1052E-09 5.5124E-09 5.9320E-09 6.3509E-09 6.7700E-09 7.1855E-09 7.5936E-09 7.9970E-09 8.3722E-09 8.7264E-09 9.0569E-09 9.3601E-09 9.6419E-09 9.8749E-09 1.0072E-08 1.0228E-08 1.0344E-08 1.0431E-08 1.0488E-08 1.0501E-08 1.0471E-08 1.0396E-08 1.0278E-08 1.0126E-08 9.9272E-09 9.6894E-09 9.4154E-09 9.1080E-09 8.7703E-09 8.4057E-09
1.1324E-10 1.4228E-10 1.7580E-10 2.2014E-10 2.6187E-10 3.1439E-10 3.7143E-10 4.4098E-10 5.1726E-10 6.0571E-10 7.0787E-10 8.2221E-10 9.5227E-10 1.0971E-09 1.2573E-09 1.4388E-09 1.6356E-09 1.8528E-09 2.0886E-09 2.3505E-09 2.6281E-09 2.9258E-09 3.2493E-09 3.5874E-09 3.9435E-09 4.3220E-09 4.7111E-09 5.1129E-09 5.5249E-09 5.9511E-09 6.3764E-09 6.8027E-09 7.2262E-09 7.6495E-09 8.0575E-09 8.4512E-09 8.8172E-09 9.1598E-09 9.4848E-09 9.7734E-09 1.0029E-08 1.0241E-08 1.0415E-08 1.0561E-08 1.0657E-08 1.0712E-08 1.0743E-08 1.0728E-08 1.0669E-08 1.0577E-08 1.0432E-08 1.0245E-08 1.0018E-08 9.7524E-09 9.4511E-09 9.1166E-09 8.7524E-09
1.1021E-10 1.3730E-10 1.7142E-10 2.1384E-10 2.5611E-10 3.0668E-10 3.6412E-10 4.3164E-10 5.0820E-10 5.9440E-10 6.9690E-10 8.0897E-10 9.3932E-10 1.0819E-09 1.2422E-09 1.4217E-09 1.6188E-09 1.8340E-09 2.0742E-09 2.3322E-09 2.6095E-09 2.9126E-09 3.2319E-09 3.5708E-09 3.9334E-09 4.3093E-09 4.7008E-09 5.1056E-09 5.5275E-09 5.9530E-09 6.3838E-09 6.8163E-09 7.2529E-09 7.6796E-09 8.0970E-09 8.5009E-09 8.8873E-09 9.2506E-09 9.5822E-09 9.8853E-09 1.0157E-08 1.0392E-08 1.0597E-08 1.0756E-08 1.0871E-08 1.0943E-08 1.0976E-08 1.0990E-08 1.0952E-08 1.0869E-08 1.0742E-08 1.0571E-08 1.0357E-08 1.0104E-08 9.8216E-09 9.4957E-09 9.1374E-09
1.0699E-10 1.3345E-10 1.7418E-10 2.0845E-10 2.4979E-10 2.9960E-10 3.5474E-10 4.2257E-10 4.9669E-10 5.8545E-10 6.8297E-10 7.9482E-10 9.2269E-10 1.0649E-09 1.2225E-09 1.4018E-09 1.5962E-09 1.8098E-09 2.0503E-09 2.3057E-09 2.5830E-09 2.8858E-09 3.2046E-09 3.5432E-09 3.9066E-09 4.2833E-09 4.6760E-09 5.0881E-09 5.5080E-09 5.9370E-09 6.3720E-09 6.8098E-09 7.2536E-09 7.6878E-09 8.1138E-09 8.5275E-09 8.9330E-09 9.3119E-09 9.6572E-09 9.9751E-09 1.0263E-08 1.0530E-08 1.0754E-08 1.0932E-08 1.1071E-08 1.1165E-08 1.1226E-08 1.1240E-08 1.1224E-08 1.1163E-08 1.1057E-08 1.0906E-08 1.0720E-08 1.0485E-08 1.0208E-08 9.8937E-09 9.5435E-09
1.0079E-10 1.3364E-10 1.6800E-10 2.0260E-10 2.4421E-10 2.9183E-10 3.4587E-10 4.1124E-10 4.8524E-10 5.7137E-10 6.6849E-10 7.7736E-10 9.0472E-10 1.0438E-09 1.2030E-09 1.3767E-09 1.5688E-09 1.7862E-09 2.0189E-09 2.2733E-09 2.5524E-09 2.8499E-09 3.1670E-09 3.5043E-09 3.8674E-09 4.2435E-09 4.6362E-09 5.0497E-09 5.4710E-09 5.9022E-09 6.3403E-09 6.7883E-09 7.2322E-09 7.6729E-09 8.1066E-09 8.5294E-09 8.9472E-09 9.3392E-09 9.7076E-09 1.0041E-08 1.0357E-08 1.0637E-08 1.0883E-08 1.1090E-08 1.1251E-08 1.1382E-08 1.1460E-08 1.1495E-08 1.1493E-08 1.1458E-08 1.1376E-08 1.1261E-08 1.1090E-08 1.0876E-08 1.0618E-08 1.0319E-08 9.9807E-09
9.7663E-11 1.2632E-10 1.6272E-10 1.9519E-10 2.3701E-10 2.8229E-10 3.3616E-10 4.0024E-10 4.7135E-10 5.5709E-10 6.5104E-10 7.6166E-10 8.8310E-10 1.0209E-09 1.1766E-09 1.3475E-09 1.5379E-09 1.7516E-09 1.9824E-09 2.2327E-09 2.5103E-09 2.8038E-09 3.1182E-09 3.4597E-09 3.8155E-09 4.1898E-09 4.5812E-09 4.9947E-09 5.4160E-09 5.8481E-09 6.2879E-09 6.7398E-09 7.1878E-09 7.6339E-09 8.0743E-09 8.5144E-09 8.9349E-09 9.3389E-09 9.7225E-09 1.0090E-08 1.0420E-08 1.0720E-08 1.0987E-08 1.1219E-08 1.1421E-08 1.1571E-08 1.1680E-08 1.1744E-08 1.1765E-08 1.1759E-08 1.1710E-08 1.1615E-08 1.1472E-08 1.1284E-08 1.1050E-08 1.0771E-08 1.0451E-08
9.2670E-11 1.2026E-10 1.5424E-10 1.8863E-10 2.2816E-10 2.7333E-10 3.2701E-10 3.8702E-10 4.5760E-10 5.4017E-10 6.3314E-10 7.4024E-10 8.6023E-10 9.9398E-10 1.1467E-09 1.3155E-09 1.5013E-09 1.7128E-09 1.9387E-09 2.1861E-09 2.4592E-09 2.7487E-09 3.0603E-09 3.3975E-09 3.7498E-09 4.1222E-09 4.5169E-09 4.9230E-09 5.3430E-09 5.7745E-09 6.2210E-09 6.6689E-09 7.1197E-09 7.5700E-09 8.0241E-09 8.4651E-09 8.8951E-09 9.3104E-09 9.7161E-09 1.0099E-08 1.0455E-08 1.0775E-08 1.1064E-08 1.1332E-08 1.1556E-08 1.1739E-08 1.1879E-08 1.1978E-08 1.2044E-08 1.2058E-08 1.2035E-08 1.1973E-08 1.1864E-08 1.1708E-08 1.1512E-08 1.1262E-08 1.0967E-08
8.5785E-11 1.1237E-10 1.4696E-10 1.8052E-10 2.2008E-10 2.6263E-10 3.1597E-10 3.7425E-10 4.4149E-10 5.2319E-10 6.1241E-10 7.1809E-10 8.3386E-10 9.6546E-10 1.1148E-09 1.2785E-09 1.4613E-09 1.6677E-09 1.8902E-09 2.1317E-09 2.4003E-09 2.6860E-09 2.9967E-09 3.3242E-09 3.6731E-09 4.0398E-09 4.4321E-09 4.8348E-09 5.2520E-09 5.6813E-09 6.1276E-09 6.5757E-09 7.0279E-09 7.4809E-09 7.9409E-09 8.3884E-09 8.8268E-09 9.2526E-09 9.6772E-09 1.0076E-08 1.0453E-08 1.0801E-08 1.1123E-08 1.1409E-08 1.1662E-08 1.1879E-08 1.2057E-08 1.2203E-08 1.2300E-08 1.2353E-08 1.2362E-08 1.2334E-08 1.2264E-08 1.2156E-08 1.1989E-08 1.1774E-08 1.1507E-08
8.0789E-11 1.0628E-10 1.3959E-10 1.7013E-10 2.1039E-10 2.5264E-10 3.0311E-10 3.5935E-10 4.2821E-10 5.0372E-10 5.9142E-10 6.9291E-10 8.0649E-10 9.3321E-10 1.0786E-09 1.2392E-09 1.4210E-09 1.6188E-09 1.8348E-09 2.0761E-09 2.3351E-09 2.6137E-09 2.9187E-09 3.2415E-09 3.5831E-09 3.9508E-09 4.3316E-09 4.7293E-09 5.1433E-09 5.5752E-09 6.0135E-09 6.4602E-09 6.9122E-09 7.3747E-09 7.8310E-09 8.2838E-09 8.7295E-09 9.1773E-09 9.6074E-09 1.0021E-08 1.0416E-08 1.0798E-08 1.1143E-08 1.1456E-08 1.1739E-08 1.1990E-08 1.2217E-08 1.2397E-08 1.2536E-08 1.2634E-08 1.2687E-08 1.2706E-08 1.2679E-08 1.2607E-08 1.2485E-08 1.2310E-08 1.2079E-08
7.5794E-11 1.0014E-10 1.3032E-10 1.6134E-10 1.9837E-10 2.4100E-10 2.9086E-10 3.4507E-10 4.1029E-10 4.8440E-10 5.6784E-10 6.6729E-10 7.7596E-10 9.0117E-10 1.0408E-09 1.1952E-09 1.3732E-09 1.5642E-09 1.7741E-09 2.0105E-09 2.2617E-09 2.5333E-09 2.8329E-09 3.1473E-09 3.4830E-09 3.8430E-09 4.2170E-09 4.6095E-09 5.0164E-09 5.4438E-09 5.8792E-09 6.3228E-09 6.7731E-09 7.2366E-09 7.6948E-09 8.1512E-09 8.6129E-09 9.0646E-09 9.5061E-09 9.9344E-09 1.0349E-08 1.0751E-08 1.1125E-08 1.1470E-08 1.1784E-08 1.2081E-08 1.2339E-08 1.2563E-08 1.2749E-08 1.2894E-08 1.3009E-08 1.3072E-08 1.3090E-08 1.3068E-08 1.2996E-08 1.2879E-08 1.2694E-08
7.1288E-11 9.3991E-11 1.2282E-10 1.5246E-10 1.8790E-10 2.2700E-10 2.7525E-10 3.2883E-10 3.9288E-10 4.6283E-10 5.4429E-10 6.3898E-10 7.4481E-10 8.6571E-10 9.9913E-10 1.1494E-09 1.3206E-09 1.5053E-09 1.7097E-09 1.9381E-09 2.1823E-09 2.4468E-09 2.7375E-09 3.0448E-09 3.3710E-09 3.7231E-09 4.0902E-09 4.4738E-09 4.8733E-09 5.2959E-09 5.7244E-09 6.1633E-09 6.6102E-09 7.0742E-09 7.5325E-09 7.9917E-09 8.4621E-09 8.9211E-09 9.3727E-09 9.8141E-09 1.0253E-08 1.0669E-08 1.1067E-08 1.1445E-08 1.1805E-08 1.2130E-08 1.2428E-08 1.2697E-08 1.2933E-08 1.3141E-08 1.3304E-08 1.3425E-08 1.3502E-08 1.3534E-08 1.3529E-08 1.3459E-08 1.3335E-08
6.6705E-11 8.7843E-11 1.1527E-10 1.4352E-10 1.7732E-10 2.1453E-10 2.6063E-10 3.1177E-10 3.7350E-10 4.4171E-10 5.1848E-10 6.1060E-10 7.1094E-10 8.2709E-10 9.5650E-10 1.0998E-09 1.2660E-09 1.4440E-09 1.6398E-09 1.8618E-09 2.0972E-09 2.3577E-09 2.6356E-09 2.9325E-09 3.2491E-09 3.5934E-09 3.9500E-09 4.3243E-09 4.7224E-09 5.1301E-09 5.5513E-09 5.9839E-09 6.4356E-09 6.8873E-09 7.3439E-09 7.8077E-09 8.2824E-09 8.7470E-09 9.2072E-09 9.6696E-09 1.0117E-08 1.0552E-08 1.0973E-08 1.1388E-08 1.1778E-08 1.2143E-08 1.2482E-08 1.2796E-08 1.3093E-08 1.3352E-08 1.3574E-08 1.3759E-08 1.3913E-08 1.4012E-08 1.4059E-08 1.4052E-08 1.4001E-08
6.2070E-11 8.2178E-11 1.0770E-10 1.3264E-10 1.6666E-10 2.0195E-10 2.4582E-10 2.9442E-10 3.5328E-10 4.1865E-10 4.9566E-10 5.7997E-10 6.7572E-10 7.8817E-10 9.1073E-10 1.0491E-09 1.2076E-09 1.3781E-09 1.5673E-09 1.7799E-09 2.0064E-09 2.2589E-09 2.5257E-09 2.8124E-09 3.1255E-09 3.4526E-09 3.7986E-09 4.1636E-09 4.5509E-09 4.9490E-09 5.3612E-09 5.7870E-09 6.2317E-09 6.6782E-09 7.1350E-09 7.6059E-09 8.0734E-09 8.5418E-09 9.0097E-09 9.4839E-09 9.9448E-09 1.0398E-08 1.0842E-08 1.1285E-08 1.1707E-08 1.2113E-08 1.2497E-08 1.2867E-08 1.3210E-08 1.3527E-08 1.3814E-08 1.4078E-08 1.4296E-08 1.4469E-08 1.4589E-08 1.4667E-08 1.4691E-08
5.8904E-11 7.6470E-11 1.0064E-10 1.2365E-10 1.5596E-10 1.8931E-10 2.3091E-10 2.7690E-10 3.3279E-10 3.9479E-10 4.6841E-10 5.4972E-10 6.4080E-10 7.4673E-10 8.6467E-10 9.9533E-10 1.1468E-09 1.3109E-09 1.4957E-09 1.6943E-09 1.9124E-09 2.1538E-09 2.4100E-09 2.6868E-09 2.9876E-09 3.3031E-09 3.6385E-09 3.9907E-09 4.3669E-09 4.7539E-09 5.1570E-09 5.5719E-09 6.0090E-09 6.4511E-09 6.9023E-09 7.3710E-09 7.8375E-09 8.3087E-09 8.7894E-09 9.2640E-09 9.7369E-09 1.0206E-08 1.0682E-08 1.1143E-08 1.1595E-08 1.2037E-08 1.2475E-08 1.2889E-08 1.3286E-08 1.3662E-08 1.4027E-08 1.4358E-08 1.4652E-08 1.4904E-08 1.5115E-08 1.5286E-08 1.5381E-08
5.4289E-11 7.3383E-11 9.3547E-11 1.1661E-10 1.4528E-10 1.7666E-10 2.1596E-10 2.5932E-10 3.1217E-10 3.7072E-10 4.4043E-10 5.1605E-10 6.0387E-10 7.0563E-10 8.1627E-10 9.4015E-10 1.0856E-09 1.2404E-09 1.4165E-09 1.6070E-09 1.8138E-09 2.0445E-09 2.2907E-09 2.5544E-09 2.8432E-09 3.1474E-09 3.4689E-09 3.8082E-09 4.1720E-09 4.5480E-09 4.9379E-09 5.3501E-09 5.7712E-09 6.2047E-09 6.6570E-09 7.1128E-09 7.5775E-09 8.0469E-09 8.5314E-09 9.0119E-09 9.4945E-09 9.9786E-09 1.0474E-08 1.0958E-08 1.1439E-08 1.1916E-08 1.2396E-08 1.2864E-08 1.3315E-08 1.3755E-08 1.4191E-08 1.4596E-08 1.4971E-08 1.5307E-08 1.5628E-08 1.5882E-08 1.6071E-08
4.9382E-11 6.7520E-11 8.5511E-11 1.0822E-10 1.3469E-10 1.6409E-10 2.0106E-10 2.4178E-10 2.9155E-10 3.4660E-10 4.0974E-10 4.8344E-10 5.6621E-10 6.6272E-10 7.6834E-10 8.8536E-10 1.0220E-09 1.1697E-09 1.3369E-09 1.5162E-09 1.7137E-09 1.9334E-09 2.1665E-09 2.4177E-09 2.6950E-09 2.9846E-09 3.2924E-09 3.6249E-09 3.9694E-09 4.3305E-09 4.7071E-09 5.1085E-09 5.5183E-09 5.9411E-09 6.3850E-09 6.8346E-09 7.2928E-09 7.7592E-09 8.2450E-09 8.7289E-09 9.2196E-09 9.7243E-09 1.0226E-08 1.0732E-08 1.1239E-08 1.1758E-08 1.2272E-08 1.2784E-08 1.3293E-08 1.3807E-08 1.4303E-08 1.4783E-08 1.5240E-08 1.5689E-08 1.6095E-08 1.6450E-08 1.6743E-08
4.4802E-11 6.1722E-11 7.8621E-11 9.9887E-11 1.2228E-10 1.5167E-10 1.8378E-10 2.2437E-10 2.7105E-10 3.2260E-10 3.8175E-10 4.5086E-10 5.2853E-10 6.1930E-10 7.1889E-10 8.2884E-10 9.5896E-10 1.0969E-09 1.2548E-09 1.4253E-09 1.6107E-09 1.8189E-09 2.0409E-09 2.2792E-09 2.5418E-09 2.8173E-09 3.1118E-09 3.4287E-09 3.7583E-09 4.1046E-09 4.4679E-09 4.8559E-09 5.2523E-09 5.6626E-09 6.0973E-09 6.5363E-09 6.9868E-09 7.4576E-09 7.9323E-09 8.4180E-09 8.9115E-09 9.4259E-09 9.9407E-09 1.0464E-08 1.0995E-08 1.1546E-08 1.2095E-08 1.2651E-08 1.3224E-08 1.3792E-08 1.4356E-08 1.4912E-08 1.5467E-08 1.6007E-08 1.6514E-08 1.6976E-08 1.7392E-08
3.5382E-11 5.6021E-11 7.1840E-11 9.1664E-11 1.1248E-10 1.3993E-10 1.6931E-10 2.0719E-10 2.4828E-10 2.9887E-10 3.5404E-10 4.1855E-10 4.9109E-10 5.7608E-10 6.6925E-10 7.7202E-10 8.9460E-10 1.0239E-09 1.1736E-09 1.3326E-09 1.5069E-09 1.7045E-09 1.9127E-09 2.1375E-09 2.3862E-09 2.6484E-09 2.9265E-09 3.2280E-09 3.5419E-09 3.8737E-09 4.2208E-09 4.5940E-09 4.9755E-09 5.3730E-09 5.7942E-09 6.2216E-09 6.6622E-09 7.1261E-09 7.5969E-09 8.0790E-09 8.5832E-09 9.0940E-09 9.6179E-09 1.0155E-08 1.0716E-08 1.1284E-08 1.1866E-08 1.2465E-08 1.3087E-08 1.3712E-08 1.4343E-08 1.4981E-08 1.5624E-08 1.6258E-08 1.6869E-08 1.7454E-08 1.7989E-08
2.8436E-11 5.2023E-11 6.5208E-11 8.3600E-11 1.0287E-10 1.2838E-10 1.5564E-10 1.9036E-10 2.2847E-10 2.7554E-10 3.2679E-10 3.8671E-10 4.5418E-10 5.3339E-10 6.2015E-10 7.1575E-10 8.3036E-10 9.5088E-10 1.0914E-09 1.2401E-09 1.4044E-09 1.5888E-09 1.7840E-09 1.9964E-09 2.2308E-09 2.4767E-09 2.7392E-09 3.0260E-09 3.3235E-09 3.6377E-09 3.9684E-09 4.3254E-09 4.6919E-09 5.0725E-09 5.4795E-09 5.8934E-09 6.3218E-09 6.7776E-09 7.2391E-09 7.7156E-09 8.2186E-09 8.7306E-09 9.2598E-09 9.8068E-09 1.0385E-08 1.0974E-08 1.1586E-08 1.2229E-08 1.2887E-08 1.3564E-08 1.4256E-08 1.4974E-08 1.5702E-08 1.6430E-08 1.7145E-08 1.7851E-08 1.8517E-08
2.6372E-11 4.2711E-11 5.8760E-11 7.5744E-11 9.4969E-11 1.1855E-10 1.4228E-10 1.7445E-10 2.0916E-10 2.5276E-10 3.0015E-10 3.5553E-10 4.1802E-10 4.9152E-10 5.7017E-10 6.6044E-10 7.6710E-10 8.7892E-10 1.0099E-09 1.1481E-09 1.3016E-09 1.4738E-09 1.6573E-09 1.8547E-09 2.0745E-09 2.3051E-09 2.5528E-09 2.8219E-09 3.1026E-09 3.3997E-09 3.7140E-09 4.0536E-09 4.4015E-09 4.7650E-09 5.1562E-09 5.5559E-09 5.9700E-09 6.4126E-09 6.8633E-09 7.3312E-09 7.8293E-09 8.3387E-09 8.8700E-09 9.4309E-09 1.0011E-08 1.0617E-08 1.1252E-08 1.1926E-08 1.2621E-08 1.3343E-08 1.4096E-08 1.4884E-08 1.5691E-08 1.6508E-08 1.7338E-08 1.8158E-08 1.8953E-08
1.9863E-11 3.4620E-11 5.2529E-11 6.7268E-11 8.5952E-11 1.0768E-10 1.3077E-10 1.6039E-10 1.9093E-10 2.3066E-10 2.7428E-10 3.2708E-10 3.8281E-10 4.4800E-10 5.2492E-10 6.0645E-10 7.0525E-10 8.0848E-10 9.2998E-10 1.0579E-09 1.2002E-09 1.3602E-09 1.5312E-09 1.7147E-09 1.9198E-09 2.1362E-09 2.3665E-09 2.6188E-09 2.8821E-09 3.1626E-09 3.4574E-09 3.7788E-09 4.1082E-09 4.4625E-09 4.8285E-09 5.2098E-09 5.6076E-09 6.0358E-09 6.4730E-09 6.9290E-09 7.4188E-09 7.9228E-09 8.4497E-09 9.0119E-09 9.5970E-09 1.0215E-08 1.0865E-08 1.1562E-08 1.2287E-08 1.3041E-08 1.3857E-08 1.4704E-08 1.5581E-08 1.6481E-08 1.7417E-08 1.8351E-08 1.9283E-08
1.5929E-11 2.7516E-11 4.4995E-11 6.0156E-11 7.7270E-11 9.4785E-11 1.1833E-10 1.4552E-10 1.7473E-10 2.0983E-10 2.4933E-10 2.9785E-10 3.4877E-10 4.0861E-10 4.7940E-10 5.5413E-10 6.4522E-10 7.4005E-10 8.4705E-10 9.6998E-10 1.1013E-09 1.2493E-09 1.4074E-09 1.5772E-09 1.7692E-09 1.9688E-09 2.1830E-09 2.4181E-09 2.6650E-09 2.9260E-09 3.2021E-09 3.5044E-09 3.8147E-09 4.1512E-09 4.4969E-09 4.8595E-09 5.2490E-09 5.6507E-09 6.0717E-09 6.5142E-09 6.9921E-09 7.4845E-09 8.0034E-09 8.5618E-09 9.1476E-09 9.7685E-09 1.0437E-08 1.1140E-08 1.1883E-08 1.2672E-08 1.3531E-08 1.4427E-08 1.5365E-08 1.6353E-08 1.7371E-08 1.8412E-08 1.9480E-08
1.4475E-11 2.0578E-11 3.5467E-11 5.3362E-11 6.8964E-11 8.4897E-11 1.0640E-10 1.2883E-10 1.5789E-10 1.8863E-10 2.2589E-10 2.6980E-10 3.1797E-10 3.7076E-10 4.3560E-10 5.0373E-10 5.8735E-10 6.7402E-10 7.7209E-10 8.8495E-10 1.0055E-09 1.1417E-09 1.2872E-09 1.4435E-09 1.6209E-09 1.8053E-09 2.0030E-09 2.2226E-09 2.4505E-09 2.6930E-09 2.9501E-09 3.2343E-09 3.5247E-09 3.8401E-09 4.1657E-09 4.5083E-09 4.8784E-09 5.2609E-09 5.6648E-09 6.0994E-09 6.5511E-09 7.0293E-09 7.5356E-09 8.0863E-09 8.6650E-09 9.2821E-09 9.9522E-09 1.0661E-08 1.1411E-08 1.2240E-08 1.3118E-08 1.4050E-08 1.5036E-08 1.6094E-08 1.7189E-08 1.8335E-08 1.9530E-08
