Assets/Resources/2015_m01_d24_0300(utc+0800)_l00_csi_1hr_conc.grd
DSAA
         159         159
     -79.000      79.000
     -79.000      79.000
  0.3644E-11  0.2605E-04
[rows 100 to 124 of 159, columns 0 to 56 of 159]
8.4869E-12 8.8323E-12 9.1894E-12 9.5585E-12 9.9400E-12 1.0334E-11 1.0741E-11 1.1161E-11 1.1595E-11 1.2043E-11 1.2505E-11 1.2981E-11 1.3472E-11 1.3978E-11 1.4500E-11 1.5037E-11 1.5591E-11 1.6160E-11 1.6746E-11 1.7349E-11 1.7970E-11 1.8608E-11 1.9263E-11 1.9937E-11 2.0629E-11 2.1340E-11 2.2069E-11 2.2818E-11 2.3587E-11 2.4375E-11 2.5183E-11 2.6012E-11 2.6861E-11 2.7730E-11 2.8621E-11 2.9533E-11 3.0466E-11 3.1421E-11 3.2398E-11 3.3396E-11 3.4417E-11 3.5460E-11 3.6525E-11 3.7613E-11 3.8724E-11 4.0391E-11 4.7444E-11 5.6812E-11 6.8331E-11 7.8581E-11 8.8374E-11 9.9236E-11 1.1072E-10 1.2420E-10 1.4032E-10 1.6234E-10 1.8882E-10
8.4238E-12 8.7666E-12 9.1211E-12 9.4875E-12 9.8662E-12 1.0257E-11 1.0662E-11 1.1079E-11 1.1509E-11 1.1954E-11 1.2412E-11 1.2885E-11 1.3373E-11 1.3875E-11 1.4393E-11 1.4926E-11 1.5476E-11 1.6041E-11 1.6623E-11 1.7222E-11 1.7837E-11 1.8471E-11 1.9121E-11 1.9790E-11 2.0477E-11 2.1183E-11 2.1907E-11 2.2651E-11 2.3414E-11 2.4196E-11 2.4999E-11 2.5821E-11 2.6664E-11 2.7527E-11 2.8412E-11 2.9317E-11 3.0244E-11 3.1191E-11 3.2161E-11 3.3152E-11 3.4166E-11 3.5201E-11 3.6259E-11 3.7339E-11 3.8442E-11 4.0612E-11 4.7657E-11 5.6888E-11 6.8174E-11 7.8607E-11 8.8812E-11 9.8718E-11 1.1122E-10 1.2466E-10 1.4035E-10 1.6425E-10 1.9036E-10
8.3591E-12 8.6993E-12 9.0511E-12 9.4147E-12 9.7905E-12 1.0179E-11 1.0580E-11 1.0994E-11 1.1421E-11 1.1862E-11 1.2317E-11 1.2787E-11 1.3271E-11 1.3769E-11 1.4283E-11 1.4812E-11 1.5358E-11 1.5919E-11 1.6496E-11 1.7090E-11 1.7702E-11 1.8330E-11 1.8976E-11 1.9640E-11 2.0322E-11 2.1022E-11 2.1741E-11 2.2479E-11 2.3236E-11 2.4013E-11 2.4809E-11 2.5626E-11 2.6462E-11 2.7319E-11 2.8197E-11 2.9095E-11 3.0015E-11 3.0956E-11 3.1918E-11 3.2902E-11 3.3908E-11 3.4936E-11 3.5986E-11 3.7058E-11 3.8152E-11 4.0317E-11 4.7389E-11 5.6748E-11 6.8294E-11 7.8436E-11 8.8914E-11 9.9106E-11 1.1149E-10 1.2497E-10 1.4242E-10 1.6560E-10 1.8902E-10
8.2928E-12 8.6303E-12 8.9794E-12 9.3402E-12 9.7130E-12 1.0098E-11 1.0496E-11 1.0907E-11 1.1331E-11 1.1769E-11 1.2220E-11 1.2686E-11 1.3166E-11 1.3661E-11 1.4171E-11 1.4696E-11 1.5237E-11 1.5793E-11 1.6366E-11 1.6956E-11 1.7562E-11 1.8186E-11 1.8827E-11 1.9486E-11 2.0162E-11 2.0857E-11 2.1571E-11 2.2303E-11 2.3054E-11 2.3825E-11 2.4615E-11 2.5425E-11 2.6255E-11 2.7106E-11 2.7976E-11 2.8868E-11 2.9781E-11 3.0714E-11 3.1669E-11 3.2646E-11 3.3644E-11 3.4664E-11 3.5705E-11 3.6769E-11 3.7855E-11 4.0013E-11 4.7386E-11 5.7029E-11 6.8996E-11 7.8977E-11 8.8850E-11 9.9162E-11 1.1107E-10 1.2546E-10 1.4412E-10 1.6635E-10 1.9047E-10
8.2250E-12 8.5598E-12 8.9060E-12 9.2639E-12 9.6338E-12 1.0016E-11 1.0411E-11 1.0818E-11 1.1239E-11 1.1673E-11 1.2121E-11 1.2583E-11 1.3059E-11 1.3550E-11 1.4055E-11 1.4576E-11 1.5113E-11 1.5665E-11 1.6234E-11 1.6819E-11 1.7420E-11 1.8039E-11 1.8675E-11 1.9328E-11 1.9999E-11 2.0688E-11 2.1396E-11 2.2123E-11 2.2868E-11 2.3632E-11 2.4416E-11 2.5220E-11 2.6043E-11 2.6887E-11 2.7751E-11 2.8636E-11 2.9541E-11 3.0467E-11 3.1414E-11 3.2383E-11 3.3373E-11 3.4385E-11 3.5418E-11 3.6474E-11 3.7551E-11 3.9698E-11 4.7365E-11 5.6631E-11 6.8967E-11 7.8582E-11 8.7780E-11 9.9612E-11 1.1131E-10 1.2673E-10 1.4612E-10 1.6690E-10 1.9102E-10
8.1557E-12 8.4877E-12 8.8310E-12 9.1860E-12 9.5528E-12 9.9317E-12 1.0323E-11 1.0727E-11 1.1144E-11 1.1575E-11 1.2019E-11 1.2477E-11 1.2949E-11 1.3436E-11 1.3938E-11 1.4454E-11 1.4986E-11 1.5534E-11 1.6098E-11 1.6678E-11 1.7275E-11 1.7888E-11 1.8519E-11 1.9167E-11 1.9832E-11 2.0516E-11 2.1218E-11 2.1938E-11 2.2678E-11 2.3436E-11 2.4213E-11 2.5010E-11 2.5827E-11 2.6664E-11 2.7520E-11 2.8398E-11 2.9296E-11 3.0214E-11 3.1154E-11 3.2115E-11 3.3097E-11 3.4100E-11 3.5125E-11 3.6172E-11 3.7240E-11 3.9871E-11 4.6549E-11 5.6581E-11 6.7978E-11 7.8113E-11 8.7928E-11 9.8118E-11 1.1219E-10 1.2755E-10 1.4714E-10 1.6728E-10 1.9016E-10
8.0850E-12 8.4142E-12 8.7545E-12 9.1064E-12 9.4701E-12 9.8458E-12 1.0234E-11 1.0635E-11 1.1048E-11 1.1475E-11 1.1915E-11 1.2369E-11 1.2838E-11 1.3320E-11 1.3818E-11 1.4330E-11 1.4857E-11 1.5401E-11 1.5959E-11 1.6535E-11 1.7126E-11 1.7734E-11 1.8360E-11 1.9002E-11 1.9662E-11 2.0340E-11 2.1036E-11 2.1750E-11 2.2483E-11 2.3235E-11 2.4006E-11 2.4796E-11 2.5606E-11 2.6435E-11 2.7285E-11 2.8155E-11 2.9045E-11 2.9956E-11 3.0888E-11 3.1840E-11 3.2814E-11 3.3809E-11 3.4825E-11 3.5863E-11 3.6923E-11 3.9539E-11 4.5843E-11 5.6222E-11 6.7042E-11 7.7559E-11 8.7729E-11 9.8679E-11 1.1183E-10 1.2925E-10 1.4781E-10 1.6799E-10 1.8984E-10
8.0129E-12 8.3392E-12 8.6766E-12 9.0253E-12 9.3858E-12 9.7582E-12 1.0143E-11 1.0540E-11 1.0950E-11 1.1373E-11 1.1809E-11 1.2260E-11 1.2724E-11 1.3202E-11 1.3695E-11 1.4203E-11 1.4726E-11 1.5264E-11 1.5818E-11 1.6388E-11 1.6975E-11 1.7578E-11 1.8197E-11 1.8834E-11 1.9488E-11 2.0160E-11 2.0850E-11 2.1558E-11 2.2285E-11 2.3030E-11 2.3794E-11 2.4578E-11 2.5380E-11 2.6203E-11 2.7045E-11 2.7907E-11 2.8790E-11 2.9693E-11 3.0616E-11 3.1561E-11 3.2526E-11 3.3512E-11 3.4520E-11 3.5549E-11 3.6599E-11 3.9681E-11 4.6041E-11 5.6092E-11 6.5806E-11 7.7346E-11 8.7027E-11 9.8648E-11 1.1155E-10 1.3045E-10 1.4899E-10 1.6791E-10 1.8884E-10
7.9395E-12 8.2628E-12 8.5971E-12 8.9427E-12 9.2999E-12 9.6689E-12 1.0050E-11 1.0444E-11 1.0850E-11 1.1269E-11 1.1702E-11 1.2148E-11 1.2608E-11 1.3082E-11 1.3570E-11 1.4073E-11 1.4592E-11 1.5125E-11 1.5674E-11 1.6239E-11 1.6820E-11 1.7418E-11 1.8032E-11 1.8663E-11 1.9312E-11 1.9977E-11 2.0661E-11 2.1363E-11 2.2083E-11 2.2821E-11 2.3579E-11 2.4355E-11 2.5151E-11 2.5966E-11 2.6800E-11 2.7655E-11 2.8529E-11 2.9424E-11 3.0340E-11 3.1276E-11 3.2232E-11 3.3210E-11 3.4208E-11 3.5228E-11 3.6269E-11 3.8804E-11 4.5670E-11 5.5661E-11 6.5467E-11 7.6728E-11 8.6316E-11 9.8274E-11 1.1267E-10 1.2967E-10 1.4875E-10 1.6769E-10 1.8904E-10
7.8648E-12 8.1851E-12 8.5163E-12 8.8587E-12 9.2125E-12 9.5781E-12 9.9557E-12 1.0346E-11 1.0748E-11 1.1164E-11 1.1592E-11 1.2034E-11 1.2490E-11 1.2959E-11 1.3443E-11 1.3942E-11 1.4455E-11 1.4984E-11 1.5528E-11 1.6087E-11 1.6663E-11 1.7255E-11 1.7864E-11 1.8489E-11 1.9131E-11 1.9791E-11 2.0469E-11 2.1164E-11 2.1877E-11 2.2609E-11 2.3359E-11 2.4128E-11 2.4917E-11 2.5724E-11 2.6551E-11 2.7398E-11 2.8264E-11 2.9151E-11 3.0058E-11 3.0985E-11 3.1933E-11 3.2902E-11 3.3891E-11 3.4902E-11 3.5933E-11 3.7459E-11 4.5278E-11 5.4161E-11 6.4783E-11 7.5778E-11 8.5925E-11 9.7700E-11 1.1294E-10 1.3059E-10 1.4842E-10 1.6737E-10 1.8775E-10
7.7888E-12 8.1061E-12 8.4341E-12 8.7732E-12 9.1237E-12 9.4858E-12 9.8598E-12 1.0246E-11 1.0645E-11 1.1056E-11 1.1481E-11 1.1918E-11 1.2370E-11 1.2835E-11 1.3314E-11 1.3808E-11 1.4316E-11 1.4840E-11 1.5379E-11 1.5933E-11 1.6503E-11 1.7090E-11 1.7693E-11 1.8312E-11 1.8948E-11 1.9602E-11 2.0273E-11 2.0961E-11 2.1668E-11 2.2393E-11 2.3136E-11 2.3898E-11 2.4679E-11 2.5479E-11 2.6298E-11 2.7137E-11 2.7995E-11 2.8873E-11 2.9772E-11 3.0690E-11 3.1629E-11 3.2589E-11 3.3569E-11 3.4570E-11 3.5591E-11 3.7107E-11 4.4867E-11 5.3120E-11 6.4222E-11 7.5016E-11 8.5617E-11 9.7452E-11 1.1271E-10 1.3117E-10 1.4914E-10 1.6788E-10 1.8716E-10
7.7117E-12 8.0258E-12 8.3507E-12 8.6865E-12 9.0335E-12 9.3921E-12 9.7624E-12 1.0145E-11 1.0540E-11 1.0947E-11 1.1367E-11 1.1801E-11 1.2248E-11 1.2708E-11 1.3183E-11 1.3672E-11 1.4176E-11 1.4694E-11 1.5227E-11 1.5776E-11 1.6341E-11 1.6922E-11 1.7519E-11 1.8132E-11 1.8762E-11 1.9409E-11 2.0074E-11 2.0756E-11 2.1456E-11 2.2173E-11 2.2909E-11 2.3664E-11 2.4437E-11 2.5229E-11 2.6040E-11 2.6871E-11 2.7721E-11 2.8591E-11 2.9481E-11 3.0390E-11 3.1320E-11 3.2270E-11 3.3241E-11 3.4232E-11 3.5244E-11 3.6748E-11 4.4436E-11 5.2630E-11 6.2691E-11 7.4312E-11 8.4339E-11 9.7372E-11 1.1300E-10 1.3027E-10 1.4857E-10 1.6665E-10 1.8668E-10
7.6334E-12 7.9444E-12 8.2660E-12 8.5984E-12 8.9420E-12 9.2969E-12 9.6635E-12 1.0042E-11 1.0433E-11 1.0836E-11 1.1252E-11 1.1681E-11 1.2124E-11 1.2580E-11 1.3050E-11 1.3534E-11 1.4032E-11 1.4546E-11 1.5074E-11 1.5617E-11 1.6176E-11 1.6751E-11 1.7342E-11 1.7949E-11 1.8573E-11 1.9214E-11 1.9872E-11 2.0547E-11 2.1240E-11 2.1951E-11 2.2679E-11 2.3426E-11 2.4192E-11 2.4976E-11 2.5779E-11 2.6601E-11 2.7443E-11 2.8304E-11 2.9185E-11 3.0086E-11 3.1006E-11 3.1947E-11 3.2908E-11 3.3890E-11 3.4891E-11 3.5914E-11 4.2640E-11 5.1660E-11 6.1872E-11 7.3963E-11 8.3515E-11 9.6387E-11 1.1312E-10 1.3087E-10 1.4730E-10 1.6575E-10 1.8525E-10
7.5541E-12 7.8618E-12 8.1801E-12 8.5091E-12 8.8491E-12 9.2004E-12 9.5633E-12 9.9380E-12 1.0325E-11 1.0724E-11 1.1136E-11 1.1560E-11 1.1998E-11 1.2450E-11 1.2915E-11 1.3394E-11 1.3887E-11 1.4395E-11 1.4918E-11 1.5456E-11 1.6009E-11 1.6578E-11 1.7163E-11 1.7764E-11 1.8382E-11 1.9016E-11 1.9667E-11 2.0335E-11 2.1021E-11 2.1724E-11 2.2446E-11 2.3185E-11 2.3943E-11 2.4719E-11 2.5514E-11 2.6328E-11 2.7161E-11 2.8014E-11 2.8885E-11 2.9777E-11 3.0688E-11 3.1619E-11 3.2571E-11 3.3542E-11 3.4534E-11 3.5546E-11 4.1723E-11 5.0263E-11 6.0767E-11 7.2222E-11 8.3297E-11 9.6440E-11 1.1253E-10 1.2939E-10 1.4704E-10 1.6479E-10 1.8454E-10
7.4737E-12 7.7782E-12 8.0931E-12 8.4186E-12 8.7551E-12 9.1027E-12 9.4617E-12 9.8325E-12 1.0215E-11 1.0610E-11 1.1018E-11 1.1438E-11 1.1871E-11 1.2318E-11 1.2778E-11 1.3252E-11 1.3740E-11 1.4243E-11 1.4760E-11 1.5293E-11 1.5840E-11 1.6403E-11 1.6982E-11 1.7577E-11 1.8188E-11 1.8815E-11 1.9460E-11 2.0121E-11 2.0799E-11 2.1495E-11 2.2209E-11 2.2941E-11 2.3691E-11 2.4459E-11 2.5245E-11 2.6051E-11 2.6875E-11 2.7719E-11 2.8582E-11 2.9464E-11 3.0366E-11 3.1287E-11 3.2228E-11 3.3190E-11 3.4171E-11 3.5173E-11 4.1279E-11 4.8526E-11 5.9985E-11 7.0956E-11 8.1645E-11 9.6221E-11 1.1215E-10 1.2897E-10 1.4515E-10 1.6360E-10 1.8276E-10
7.3923E-12 7.6935E-12 8.0050E-12 8.3271E-12 8.6599E-12 9.0037E-12 9.3589E-12 9.7256E-12 1.0104E-11 1.0495E-11 1.0898E-11 1.1314E-11 1.1742E-11 1.2184E-11 1.2639E-11 1.3108E-11 1.3591E-11 1.4089E-11 1.4601E-11 1.5127E-11 1.5669E-11 1.6226E-11 1.6798E-11 1.7387E-11 1.7991E-11 1.8612E-11 1.9249E-11 1.9904E-11 2.0575E-11 2.1263E-11 2.1970E-11 2.2693E-11 2.3435E-11 2.4195E-11 2.4973E-11 2.5770E-11 2.6586E-11 2.7420E-11 2.8274E-11 2.9147E-11 3.0039E-11 3.0951E-11 3.1882E-11 3.2833E-11 3.3804E-11 3.4795E-11 4.0354E-11 4.7498E-11 5.7993E-11 6.9299E-11 8.0905E-11 9.4914E-11 1.1043E-10 1.2798E-10 1.4435E-10 1.6144E-10 1.8128E-10
7.3100E-12 7.6079E-12 7.9159E-12 8.2344E-12 8.5636E-12 8.9036E-12 9.2549E-12 9.6176E-12 9.9920E-12 1.0378E-11 1.0777E-11 1.1188E-11 1.1612E-11 1.2049E-11 1.2499E-11 1.2963E-11 1.3441E-11 1.3933E-11 1.4439E-11 1.4960E-11 1.5495E-11 1.6046E-11 1.6613E-11 1.7194E-11 1.7792E-11 1.8406E-11 1.9037E-11 1.9684E-11 2.0348E-11 2.1029E-11 2.1727E-11 2.2443E-11 2.3177E-11 2.3928E-11 2.4698E-11 2.5486E-11 2.6293E-11 2.7118E-11 2.7963E-11 2.8826E-11 2.9708E-11 3.0610E-11 3.1531E-11 3.2472E-11 3.3432E-11 3.4412E-11 3.9392E-11 4.6558E-11 5.6561E-11 6.8343E-11 8.0501E-11 9.5395E-11 1.1096E-10 1.2722E-10 1.4303E-10 1.6056E-10 1.7961E-10
7.2268E-12 7.5213E-12 7.8259E-12 8.1408E-12 8.4662E-12 8.8025E-12 9.1497E-12 9.5084E-12 9.8786E-12 1.0261E-11 1.0655E-11 1.1061E-11 1.1480E-11 1.1912E-11 1.2358E-11 1.2816E-11 1.3289E-11 1.3775E-11 1.4275E-11 1.4790E-11 1.5320E-11 1.5865E-11 1.6425E-11 1.7000E-11 1.7591E-11 1.8198E-11 1.8822E-11 1.9462E-11 2.0118E-11 2.0791E-11 2.1482E-11 2.2190E-11 2.2915E-11 2.3659E-11 2.4420E-11 2.5199E-11 2.5997E-11 2.6813E-11 2.7648E-11 2.8502E-11 2.9374E-11 3.0266E-11 3.1177E-11 3.2107E-11 3.3057E-11 3.4026E-11 3.7987E-11 4.5031E-11 5.4577E-11 6.6552E-11 7.9501E-11 9.3667E-11 1.1019E-10 1.2590E-10 1.4202E-10 1.5901E-10 1.7750E-10
7.1428E-12 7.4339E-12 7.7350E-12 8.0462E-12 8.3679E-12 8.7002E-12 9.0435E-12 9.3980E-12 9.7640E-12 1.0142E-11 1.0531E-11 1.0933E-11 1.1347E-11 1.1774E-11 1.2215E-11 1.2668E-11 1.3135E-11 1.3616E-11 1.4110E-11 1.4619E-11 1.5143E-11 1.5681E-11 1.6235E-11 1.6804E-11 1.7388E-11 1.7988E-11 1.8604E-11 1.9237E-11 1.9886E-11 2.0552E-11 2.1234E-11 2.1934E-11 2.2651E-11 2.3386E-11 2.4139E-11 2.4909E-11 2.5698E-11 2.6505E-11 2.7330E-11 2.8174E-11 2.9036E-11 2.9918E-11 3.0818E-11 3.1738E-11 3.2677E-11 3.3635E-11 3.6504E-11 4.3977E-11 5.2844E-11 6.4441E-11 7.7976E-11 9.2489E-11 1.0780E-10 1.2340E-10 1.3967E-10 1.5731E-10 1.7557E-10
7.0580E-12 7.3457E-12 7.6432E-12 7.9508E-12 8.2686E-12 8.5971E-12 8.9363E-12 9.2867E-12 9.6483E-12 1.0022E-11 1.0407E-11 1.0804E-11 1.1213E-11 1.1635E-11 1.2070E-11 1.2518E-11 1.2980E-11 1.3455E-11 1.3944E-11 1.4447E-11 1.4964E-11 1.5496E-11 1.6043E-11 1.6606E-11 1.7183E-11 1.7776E-11 1.8385E-11 1.9010E-11 1.9652E-11 2.0310E-11 2.0984E-11 2.1676E-11 2.2385E-11 2.3111E-11 2.3855E-11 2.4616E-11 2.5396E-11 2.6193E-11 2.7009E-11 2.7843E-11 2.8695E-11 2.9567E-11 3.0457E-11 3.1366E-11 3.2293E-11 3.3240E-11 3.6068E-11 4.2479E-11 5.1187E-11 6.2381E-11 7.6153E-11 9.1102E-11 1.0645E-10 1.2191E-10 1.3766E-10 1.5474E-10 1.7274E-10
6.9724E-12 7.2566E-12 7.5506E-12 7.8545E-12 8.1685E-12 8.4930E-12 8.8282E-12 9.1743E-12 9.5316E-12 9.9003E-12 1.0281E-11 1.0673E-11 1.1078E-11 1.1495E-11 1.1924E-11 1.2367E-11 1.2823E-11 1.3292E-11 1.3775E-11 1.4273E-11 1.4784E-11 1.5310E-11 1.5850E-11 1.6406E-11 1.6976E-11 1.7562E-11 1.8164E-11 1.8782E-11 1.9415E-11 2.0065E-11 2.0732E-11 2.1416E-11 2.2116E-11 2.2833E-11 2.3568E-11 2.4321E-11 2.5091E-11 2.5879E-11 2.6685E-11 2.7509E-11 2.8351E-11 2.9212E-11 3.0092E-11 3.0990E-11 3.1906E-11 3.2842E-11 3.5154E-11 4.0879E-11 4.9834E-11 6.0036E-11 7.5736E-11 9.0599E-11 1.0579E-10 1.2075E-10 1.3551E-10 1.5237E-10 1.7098E-10
6.8862E-12 7.1669E-12 7.4573E-12 7.7574E-12 8.0676E-12 8.3881E-12 8.7192E-12 9.0611E-12 9.4140E-12 9.7782E-12 1.0154E-11 1.0542E-11 1.0941E-11 1.1353E-11 1.1778E-11 1.2215E-11 1.2665E-11 1.3129E-11 1.3606E-11 1.4097E-11 1.4602E-11 1.5121E-11 1.5655E-11 1.6204E-11 1.6768E-11 1.7346E-11 1.7941E-11 1.8551E-11 1.9177E-11 1.9819E-11 2.0478E-11 2.1153E-11 2.1845E-11 2.2553E-11 2.3279E-11 2.4023E-11 2.4783E-11 2.5562E-11 2.6358E-11 2.7172E-11 2.8004E-11 2.8855E-11 2.9723E-11 3.0611E-11 3.1516E-11 3.2441E-11 3.4717E-11 3.9104E-11 4.7719E-11 5.8514E-11 7.2984E-11 8.9305E-11 1.0433E-10 1.1925E-10 1.3400E-10 1.5001E-10 1.6756E-10
6.7993E-12 7.0765E-12 7.3632E-12 7.6596E-12 7.9660E-12 8.2825E-12 8.6094E-12 8.9470E-12 9.2955E-12 9.6552E-12 1.0026E-11 1.0409E-11 1.0804E-11 1.1210E-11 1.1630E-11 1.2061E-11 1.2506E-11 1.2964E-11 1.3435E-11 1.3920E-11 1.4419E-11 1.4932E-11 1.5459E-11 1.6001E-11 1.6557E-11 1.7129E-11 1.7716E-11 1.8319E-11 1.8937E-11 1.9571E-11 2.0221E-11 2.0888E-11 2.1571E-11 2.2271E-11 2.2988E-11 2.3722E-11 2.4474E-11 2.5242E-11 2.6029E-11 2.6833E-11 2.7655E-11 2.8494E-11 2.9352E-11 3.0229E-11 3.1123E-11 3.2036E-11 3.3817E-11 3.8580E-11 4.5799E-11 5.6718E-11 7.0699E-11 8.6815E-11 1.0217E-10 1.1717E-10 1.3215E-10 1.4829E-10 1.6474E-10
6.7119E-12 6.9856E-12 7.2686E-12 7.5612E-12 7.8636E-12 8.1761E-12 8.4989E-12 8.8322E-12 9.1762E-12 9.5313E-12 9.8976E-12 1.0275E-11 1.0665E-11 1.1067E-11 1.1481E-11 1.1907E-11 1.2346E-11 1.2798E-11 1.3263E-11 1.3742E-11 1.4234E-11 1.4741E-11 1.5261E-11 1.5796E-11 1.6346E-11 1.6910E-11 1.7490E-11 1.8085E-11 1.8695E-11 1.9321E-11 1.9963E-11 2.0622E-11 2.1296E-11 2.1987E-11 2.2695E-11 2.3420E-11 2.4162E-11 2.4921E-11 2.5697E-11 2.6491E-11 2.7302E-11 2.8132E-11 2.8979E-11 2.9844E-11 3.0727E-11 3.1629E-11 3.2828E-11 3.6854E-11 4.3833E-11 5.4023E-11 6.8439E-11 8.4560E-11 1.0017E-10 1.1473E-10 1.2947E-10 1.4497E-10 1.6193E-10
6.6239E-12 6.8940E-12 7.1734E-12 7.4622E-12 7.7607E-12 8.0691E-12 8.3877E-12 8.7166E-12 9.0562E-12 9.4067E-12 9.7683E-12 1.0141E-11 1.0526E-11 1.0922E-11 1.1331E-11 1.1751E-11 1.2185E-11 1.2631E-11 1.3090E-11 1.3563E-11 1.4049E-11 1.4548E-11 1.5062E-11 1.5590E-11 1.6133E-11 1.6690E-11 1.7262E-11 1.7849E-11 1.8452E-11 1.9070E-11 1.9704E-11 2.0353E-11 2.1019E-11 2.1702E-11 2.2400E-11 2.3116E-11 2.3848E-11 2.4597E-11 2.5363E-11 2.6147E-11 2.6948E-11 2.7767E-11 2.8603E-11 2.9457E-11 3.0329E-11 3.1219E-11 3.2126E-11 3.5868E-11 4.2254E-11 5.1927E-11 6.6036E-11 8.2014E-11 9.7857E-11 1.1253E-10 1.2742E-10 1.4273E-10 1.5977E-10
