Assets/Resources/2015_m01_d31_1500(utc+0800)_l00_csi_1hr_conc.grd
DSAA
         159         159
     -79.000      79.000
     -79.000      79.000
  0.0000E+00  0.1521E-05
[rows 50 to 74 of 159, columns 0 to 56 of 159]
0.0000E+00 0.0000E+00 0.0000E+00 0.0000E+00 0.0000E+00 0.0000E+00 0.0000E+00 0.0000E+00 0.0000E+00 2.9264E-12 8.9064E-12 2.3940E-11 4.3987E-11 7.2241E-11 1.1633E-10 1.7041E-10 2.3093E-10 3.1003E-10 4.0452E-10 5.2137E-10 6.6034E-10 8.0885E-10 9.9575E-10 1.2089E-09 1.4555E-09 1.7429E-09 2.0819E-09 2.4773E-09 2.9258E-09 3.4456E-09 4.0388E-09 4.7087E-09 5.4573E-09 6.2907E-09 7.2057E-09 8.2036E-09 9.2770E-09 1.0407E-08 1.1577E-08 1.2763E-08 1.3926E-08 1.5021E-08 1.5999E-08 1.6816E-08 1.7407E-08 1.7733E-08 1.7754E-08 1.7453E-08 1.6831E-08 1.5887E-08 1.4675E-08 1.3255E-08 1.1685E-08 1.0054E-08 8.4301E-09 6.8872E-09 5.4609E-09
0.0000E+00 0.0000E+00 0.0000E+00 0.0000E+00 0.0000E+00 0.0000E+00 0.0000E+00 0.0000E+00 0.0000E+00 0.0000E+00 9.7329E-13 6.8915E-12 1.5476E-11 3.1508E-11 6.0223E-11 8.8982E-11 1.3098E-10 1.9603E-10 2.6426E-10 3.6002E-10 4.6903E-10 6.0364E-10 7.5371E-10 9.4430E-10 1.1527E-09 1.4014E-09 1.6888E-09 2.0278E-09 2.4171E-09 2.8701E-09 3.3961E-09 3.9923E-09 4.6668E-09 5.4313E-09 6.2858E-09 7.2284E-09 8.2541E-09 9.3585E-09 1.0527E-08 1.1731E-08 1.2935E-08 1.4103E-08 1.5191E-08 1.6135E-08 1.6887E-08 1.7391E-08 1.7611E-08 1.7510E-08 1.7059E-08 1.6287E-08 1.5211E-08 1.3887E-08 1.2378E-08 1.0764E-08 9.1147E-09 7.5016E-09 5.9847E-09
0.0000E+00 0.0000E+00 0.0000E+00 0.0000E+00 0.0000E+00 0.0000E+00 0.0000E+00 0.0000E+00 0.0000E+00 0.0000E+00 0.0000E+00 3.1165E-13 5.3271E-12 1.6359E-11 3.0550E-11 5.1833E-11 7.9655E-11 1.1759E-10 1.7661E-10 2.3576E-10 3.2937E-10 4.2772E-10 5.5993E-10 7.0849E-10 8.8102E-10 1.0952E-09 1.3374E-09 1.6259E-09 1.9591E-09 2.3467E-09 2.8061E-09 3.3325E-09 3.9348E-09 4.6256E-09 5.4061E-09 6.2801E-09 7.2521E-09 8.3157E-09 9.4537E-09 1.0649E-08 1.1878E-08 1.3104E-08 1.4270E-08 1.5335E-08 1.6239E-08 1.6930E-08 1.7344E-08 1.7440E-08 1.7205E-08 1.6622E-08 1.5714E-08 1.4518E-08 1.3092E-08 1.1508E-08 9.8361E-09 8.1669E-09 6.5644E-09
0.0000E+00 0.0000E+00 0.0000E+00 0.0000E+00 0.0000E+00 0.0000E+00 0.0000E+00 0.0000E+00 0.0000E+00 0.0000E+00 0.0000E+00 0.0000E+00 0.0000E+00 4.6107E-12 1.5189E-11 3.0138E-11 5.0427E-11 7.4863E-11 1.1009E-10 1.5976E-10 2.2248E-10 2.9550E-10 4.0341E-10 5.2236E-10 6.6332E-10 8.3193E-10 1.0382E-09 1.2782E-09 1.5590E-09 1.8880E-09 2.2842E-09 2.7407E-09 3.2643E-09 3.8800E-09 4.5837E-09 5.3838E-09 6.2849E-09 7.2852E-09 8.3765E-09 9.5540E-09 1.0782E-08 1.2034E-08 1.3271E-08 1.4441E-08 1.5494E-08 1.6349E-08 1.6965E-08 1.7290E-08 1.7278E-08 1.6913E-08 1.6202E-08 1.5159E-08 1.3843E-08 1.2300E-08 1.0621E-08 8.8974E-09 7.2055E-09
0.0000E+00 0.0000E+00 0.0000E+00 0.0000E+00 0.0000E+00 0.0000E+00 0.0000E+00 0.0000E+00 0.0000E+00 0.0000E+00 0.0000E+00 0.0000E+00 0.0000E+00 2.5509E-13 3.8238E-12 1.3450E-11 2.8466E-11 4.8403E-11 7.1395E-11 1.0469E-10 1.4713E-10 2.0408E-10 2.8249E-10 3.7611E-10 4.8959E-10 6.2375E-10 7.8589E-10 9.8119E-10 1.2167E-09 1.4911E-09 1.8237E-09 2.2119E-09 2.6627E-09 3.2007E-09 3.8250E-09 4.5399E-09 5.3634E-09 6.2977E-09 7.3319E-09 8.4606E-09 9.6728E-09 1.0938E-08 1.2227E-08 1.3485E-08 1.4657E-08 1.5689E-08 1.6513E-08 1.7064E-08 1.7295E-08 1.7169E-08 1.6672E-08 1.5804E-08 1.4610E-08 1.3133E-08 1.1471E-08 9.6952E-09 7.9253E-09
0.0000E+00 0.0000E+00 0.0000E+00 0.0000E+00 0.0000E+00 0.0000E+00 0.0000E+00 0.0000E+00 0.0000E+00 0.0000E+00 0.0000E+00 0.0000E+00 0.0000E+00 0.0000E+00 4.9234E-13 4.7850E-12 1.0399E-11 2.4968E-11 4.5592E-11 6.5182E-11 9.6567E-11 1.3459E-10 1.8858E-10 2.5986E-10 3.4812E-10 4.5353E-10 5.8827E-10 7.3924E-10 9.2400E-10 1.1483E-09 1.4248E-09 1.7516E-09 2.1319E-09 2.5949E-09 3.1365E-09 3.7717E-09 4.5157E-09 5.3666E-09 6.3267E-09 7.4025E-09 8.5841E-09 9.8451E-09 1.1159E-08 1.2487E-08 1.3781E-08 1.4971E-08 1.5993E-08 1.6778E-08 1.7260E-08 1.7387E-08 1.7122E-08 1.6455E-08 1.5409E-08 1.4021E-08 1.2387E-08 1.0585E-08 8.7536E-09
0.0000E+00 0.0000E+00 0.0000E+00 0.0000E+00 0.0000E+00 0.0000E+00 0.0000E+00 0.0000E+00 0.0000E+00 0.0000E+00 0.0000E+00 0.0000E+00 0.0000E+00 0.0000E+00 0.0000E+00 1.2890E-13 5.6998E-12 8.6896E-12 1.9847E-11 3.7720E-11 5.6004E-11 8.7331E-11 1.2217E-10 1.6885E-10 2.3651E-10 3.1333E-10 4.1691E-10 5.4090E-10 6.9210E-10 8.6634E-10 1.0867E-09 1.3558E-09 1.6711E-09 2.0643E-09 2.5328E-09 3.0825E-09 3.7400E-09 4.5085E-09 5.3937E-09 6.4050E-09 7.5353E-09 8.7737E-09 1.0104E-08 1.1488E-08 1.2871E-08 1.4208E-08 1.5418E-08 1.6431E-08 1.7166E-08 1.7556E-08 1.7541E-08 1.7103E-08 1.6222E-08 1.4954E-08 1.3377E-08 1.1577E-08 9.6979E-09
0.0000E+00 0.0000E+00 0.0000E+00 0.0000E+00 0.0000E+00 0.0000E+00 0.0000E+00 0.0000E+00 0.0000E+00 0.0000E+00 0.0000E+00 0.0000E+00 0.0000E+00 0.0000E+00 0.0000E+00 0.0000E+00 0.0000E+00 6.1012E-12 8.3069E-12 1.2803E-11 2.8477E-11 4.5450E-11 7.3680E-11 1.0601E-10 1.4667E-10 2.0636E-10 2.8330E-10 3.7517E-10 4.9437E-10 6.3953E-10 8.1242E-10 1.0274E-09 1.2863E-09 1.6134E-09 2.0068E-09 2.4802E-09 3.0588E-09 3.7435E-09 4.5458E-09 5.4807E-09 6.5545E-09 7.7557E-09 9.0741E-09 1.0485E-08 1.1949E-08 1.3406E-08 1.4788E-08 1.6013E-08 1.6995E-08 1.7649E-08 1.7899E-08 1.7706E-08 1.7039E-08 1.5948E-08 1.4460E-08 1.2705E-08 1.0803E-08
0.0000E+00 0.0000E+00 0.0000E+00 0.0000E+00 0.0000E+00 0.0000E+00 0.0000E+00 0.0000E+00 0.0000E+00 0.0000E+00 0.0000E+00 0.0000E+00 0.0000E+00 0.0000E+00 0.0000E+00 0.0000E+00 0.0000E+00 0.0000E+00 6.1257E-12 7.6890E-12 9.2469E-12 2.0224E-11 3.2608E-11 5.8419E-11 8.6622E-11 1.2236E-10 1.7839E-10 2.4758E-10 3.3357E-10 4.4203E-10 5.8620E-10 7.5984E-10 9.7113E-10 1.2377E-09 1.5685E-09 1.9696E-09 2.4642E-09 3.0628E-09 3.7839E-09 4.6452E-09 5.6455E-09 6.7925E-09 8.0855E-09 9.5099E-09 1.1013E-08 1.2563E-08 1.4088E-08 1.5507E-08 1.6725E-08 1.7641E-08 1.8172E-08 1.8254E-08 1.7840E-08 1.6961E-08 1.5630E-08 1.3980E-08 1.2064E-08
0.0000E+00 0.0000E+00 0.0000E+00 0.0000E+00 0.0000E+00 0.0000E+00 0.0000E+00 0.0000E+00 0.0000E+00 0.0000E+00 0.0000E+00 0.0000E+00 0.0000E+00 0.0000E+00 0.0000E+00 0.0000E+00 0.0000E+00 0.0000E+00 0.0000E+00 9.5461E-13 6.9420E-12 8.2458E-12 1.6387E-11 2.3493E-11 3.8357E-11 6.4595E-11 1.0015E-10 1.4970E-10 2.1436E-10 2.9438E-10 4.0070E-10 5.3590E-10 7.0885E-10 9.3560E-10 1.2036E-09 1.5450E-09 1.9658E-09 2.4859E-09 3.1255E-09 3.8977E-09 4.8162E-09 5.9033E-09 7.1453E-09 8.5407E-09 1.0062E-08 1.1674E-08 1.3314E-08 1.4896E-08 1.6330E-08 1.7507E-08 1.8337E-08 1.8716E-08 1.8605E-08 1.7986E-08 1.6866E-08 1.5350E-08 1.3498E-08
0.0000E+00 0.0000E+00 0.0000E+00 0.0000E+00 0.0000E+00 0.0000E+00 0.0000E+00 0.0000E+00 0.0000E+00 0.0000E+00 0.0000E+00 0.0000E+00 0.0000E+00 0.0000E+00 0.0000E+00 0.0000E+00 0.0000E+00 0.0000E+00 0.0000E+00 0.0000E+00 0.0000E+00 6.1132E-12 7.1717E-12 8.3098E-12 1.6452E-11 2.5730E-11 4.4519E-11 7.2435E-11 1.2064E-10 1.8009E-10 2.5914E-10 3.6532E-10 4.8980E-10 6.7026E-10 8.9644E-10 1.1865E-09 1.5472E-09 1.9911E-09 2.5496E-09 3.2363E-09 4.0680E-09 5.0686E-09 6.2445E-09 7.5915E-09 9.1006E-09 1.0740E-08 1.2455E-08 1.4170E-08 1.5800E-08 1.7230E-08 1.8353E-08 1.9063E-08 1.9298E-08 1.8980E-08 1.8131E-08 1.6816E-08 1.5108E-08
0.0000E+00 0.0000E+00 0.0000E+00 0.0000E+00 0.0000E+00 0.0000E+00 0.0000E+00 0.0000E+00 0.0000E+00 0.0000E+00 0.0000E+00 0.0000E+00 0.0000E+00 0.0000E+00 0.0000E+00 0.0000E+00 0.0000E+00 0.0000E+00 0.0000E+00 0.0000E+00 0.0000E+00 0.0000E+00 0.0000E+00 5.7253E-12 6.9618E-12 9.5394E-12 1.6956E-11 2.7093E-11 5.6072E-11 9.3132E-11 1.5475E-10 2.2602E-10 3.2899E-10 4.6567E-10 6.3904E-10 8.7495E-10 1.1814E-09 1.5672E-09 2.0469E-09 2.6448E-09 3.3839E-09 4.2966E-09 5.3869E-09 6.6659E-09 8.1308E-09 9.7622E-09 1.1521E-08 1.3338E-08 1.5131E-08 1.6789E-08 1.8201E-08 1.9253E-08 1.9838E-08 1.9875E-08 1.9390E-08 1.8347E-08 1.6868E-08
0.0000E+00 0.0000E+00 0.0000E+00 0.0000E+00 0.0000E+00 0.0000E+00 0.0000E+00 0.0000E+00 0.0000E+00 0.0000E+00 0.0000E+00 0.0000E+00 0.0000E+00 0.0000E+00 0.0000E+00 0.0000E+00 0.0000E+00 0.0000E+00 0.0000E+00 0.0000E+00 0.0000E+00 0.0000E+00 0.0000E+00 0.0000E+00 0.0000E+00 3.3563E-12 6.2667E-12 1.0110E-11 1.9009E-11 4.1205E-11 7.9391E-11 1.3201E-10 2.0042E-10 3.0635E-10 4.3755E-10 6.2876E-10 8.6903E-10 1.1832E-09 1.6089E-09 2.1227E-09 2.7735E-09 3.5889E-09 4.5807E-09 5.7727E-09 7.1724E-09 8.7665E-09 1.0529E-08 1.2407E-08 1.4321E-08 1.6176E-08 1.7853E-08 1.9222E-08 2.0172E-08 2.0617E-08 2.0520E-08 1.9859E-08 1.8721E-08
0.0000E+00 0.0000E+00 0.0000E+00 0.0000E+00 0.0000E+00 0.0000E+00 0.0000E+00 0.0000E+00 0.0000E+00 0.0000E+00 0.0000E+00 0.0000E+00 0.0000E+00 0.0000E+00 0.0000E+00 0.0000E+00 0.0000E+00 0.0000E+00 0.0000E+00 0.0000E+00 0.0000E+00 0.0000E+00 0.0000E+00 0.0000E+00 0.0000E+00 0.0000E+00 0.0000E+00 1.4316E-12 6.2348E-12 1.3196E-11 3.5651E-11 6.9959E-11 1.1396E-10 1.9161E-10 2.8679E-10 4.3321E-10 6.2226E-10 8.7660E-10 1.2240E-09 1.6638E-09 2.2312E-09 2.9499E-09 3.8393E-09 4.9364E-09 6.2447E-09 7.7713E-09 9.5004E-09 1.1392E-08 1.3377E-08 1.5371E-08 1.7271E-08 1.8933E-08 2.0243E-08 2.1118E-08 2.1469E-08 2.1263E-08 2.0556E-08
0.0000E+00 0.0000E+00 0.0000E+00 0.0000E+00 0.0000E+00 0.0000E+00 0.0000E+00 0.0000E+00 0.0000E+00 0.0000E+00 0.0000E+00 0.0000E+00 0.0000E+00 0.0000E+00 0.0000E+00 0.0000E+00 0.0000E+00 0.0000E+00 0.0000E+00 0.0000E+00 0.0000E+00 0.0000E+00 0.0000E+00 0.0000E+00 0.0000E+00 0.0000E+00 0.0000E+00 0.0000E+00 0.0000E+00 3.6748E-12 9.9608E-12 3.1263E-11 6.3476E-11 1.1134E-10 1.8076E-10 2.9283E-10 4.3239E-10 6.3990E-10 9.1480E-10 1.2848E-09 1.7721E-09 2.3931E-09 3.1772E-09 4.1670E-09 5.3661E-09 6.7952E-09 8.4468E-09 1.0299E-08 1.2299E-08 1.4379E-08 1.6436E-08 1.8348E-08 2.0012E-08 2.1301E-08 2.2119E-08 2.2450E-08 2.2254E-08
0.0000E+00 0.0000E+00 0.0000E+00 0.0000E+00 0.0000E+00 0.0000E+00 0.0000E+00 0.0000E+00 0.0000E+00 0.0000E+00 0.0000E+00 0.0000E+00 0.0000E+00 0.0000E+00 0.0000E+00 0.0000E+00 0.0000E+00 0.0000E+00 0.0000E+00 0.0000E+00 0.0000E+00 0.0000E+00 0.0000E+00 0.0000E+00 0.0000E+00 0.0000E+00 0.0000E+00 0.0000E+00 0.0000E+00 0.0000E+00 2.6672E-12 1.0633E-11 2.8135E-11 6.6350E-11 1.1457E-10 1.9149E-10 3.0382E-10 4.5530E-10 6.8246E-10 9.7726E-10 1.3832E-09 1.9223E-09 2.5976E-09 3.4692E-09 4.5404E-09 5.8459E-09 7.3871E-09 9.1536E-09 1.1110E-08 1.3217E-08 1.5371E-08 1.7468E-08 1.9416E-08 2.1074E-08 2.2366E-08 2.3234E-08 2.3630E-08
0.0000E+00 0.0000E+00 0.0000E+00 0.0000E+00 0.0000E+00 0.0000E+00 0.0000E+00 0.0000E+00 0.0000E+00 0.0000E+00 0.0000E+00 0.0000E+00 0.0000E+00 0.0000E+00 0.0000E+00 0.0000E+00 0.0000E+00 0.0000E+00 0.0000E+00 0.0000E+00 0.0000E+00 0.0000E+00 0.0000E+00 0.0000E+00 0.0000E+00 0.0000E+00 0.0000E+00 0.0000E+00 0.0000E+00 0.0000E+00 0.0000E+00 0.0000E+00 1.0113E-11 2.7784E-11 6.3151E-11 1.2757E-10 2.0424E-10 3.3068E-10 4.9908E-10 7.3117E-10 1.0675E-09 1.5188E-09 2.0983E-09 2.8525E-09 3.7900E-09 4.9542E-09 6.3574E-09 7.9956E-09 9.8602E-09 1.1915E-08 1.4075E-08 1.6286E-08 1.8434E-08 2.0395E-08 2.2105E-08 2.3484E-08 2.4499E-08
0.0000E+00 0.0000E+00 0.0000E+00 0.0000E+00 0.0000E+00 0.0000E+00 0.0000E+00 0.0000E+00 0.0000E+00 0.0000E+00 0.0000E+00 0.0000E+00 0.0000E+00 0.0000E+00 0.0000E+00 0.0000E+00 0.0000E+00 0.0000E+00 0.0000E+00 0.0000E+00 0.0000E+00 0.0000E+00 0.0000E+00 0.0000E+00 0.0000E+00 0.0000E+00 0.0000E+00 0.0000E+00 0.0000E+00 0.0000E+00 0.0000E+00 0.0000E+00 0.0000E+00 4.9960E-12 3.0240E-11 7.2479E-11 1.2922E-10 2.2587E-10 3.5593E-10 5.3983E-10 8.0924E-10 1.1657E-09 1.6560E-09 2.3046E-09 3.1078E-09 4.1236E-09 5.3686E-09 6.8457E-09 8.5666E-09 1.0507E-08 1.2605E-08 1.4828E-08 1.7061E-08 1.9236E-08 2.1278E-08 2.3101E-08 2.4679E-08
0.0000E+00 0.0000E+00 0.0000E+00 0.0000E+00 0.0000E+00 0.0000E+00 0.0000E+00 0.0000E+00 0.0000E+00 0.0000E+00 0.0000E+00 0.0000E+00 0.0000E+00 0.0000E+00 0.0000E+00 0.0000E+00 0.0000E+00 0.0000E+00 0.0000E+00 0.0000E+00 0.0000E+00 0.0000E+00 0.0000E+00 0.0000E+00 0.0000E+00 0.0000E+00 0.0000E+00 0.0000E+00 0.0000E+00 0.0000E+00 0.0000E+00 0.0000E+00 0.0000E+00 0.0000E+00 6.5072E-12 3.3599E-11 8.0839E-11 1.4543E-10 2.4241E-10 3.8549E-10 5.9281E-10 8.8310E-10 1.2724E-09 1.8164E-09 2.4905E-09 3.3576E-09 4.4321E-09 5.7289E-09 7.2709E-09 9.0396E-09 1.0998E-08 1.3143E-08 1.5375E-08 1.7639E-08 1.9879E-08 2.2027E-08 2.4033E-08
0.0000E+00 0.0000E+00 0.0000E+00 0.0000E+00 0.0000E+00 0.0000E+00 0.0000E+00 0.0000E+00 0.0000E+00 0.0000E+00 0.0000E+00 0.0000E+00 0.0000E+00 0.0000E+00 0.0000E+00 0.0000E+00 0.0000E+00 0.0000E+00 0.0000E+00 0.0000E+00 0.0000E+00 0.0000E+00 0.0000E+00 0.0000E+00 0.0000E+00 0.0000E+00 0.0000E+00 0.0000E+00 0.0000E+00 0.0000E+00 0.0000E+00 0.0000E+00 0.0000E+00 0.0000E+00 0.0000E+00 1.5018E-11 4.0517E-11 8.8303E-11 1.6225E-10 2.7061E-10 4.2908E-10 6.4983E-10 9.5844E-10 1.3896E-09 1.9540E-09 2.6736E-09 3.5786E-09 4.6832E-09 6.0218E-09 7.5905E-09 9.3553E-09 1.1343E-08 1.3458E-08 1.5685E-08 1.7968E-08 2.0245E-08 2.2497E-08
0.0000E+00 0.0000E+00 0.0000E+00 0.0000E+00 0.0000E+00 0.0000E+00 0.0000E+00 0.0000E+00 0.0000E+00 0.0000E+00 0.0000E+00 0.0000E+00 0.0000E+00 0.0000E+00 0.0000E+00 0.0000E+00 0.0000E+00 0.0000E+00 0.0000E+00 0.0000E+00 0.0000E+00 0.0000E+00 0.0000E+00 0.0000E+00 0.0000E+00 0.0000E+00 0.0000E+00 0.0000E+00 0.0000E+00 0.0000E+00 0.0000E+00 0.0000E+00 0.0000E+00 0.0000E+00 0.0000E+00 6.1589E-12 2.1253E-11 5.3089E-11 1.1091E-10 1.8211E-10 3.0661E-10 4.7499E-10 7.1455E-10 1.0541E-09 1.4974E-09 2.0887E-09 2.8366E-09 3.7506E-09 4.8754E-09 6.2149E-09 7.7423E-09 9.5085E-09 1.1411E-08 1.3480E-08 1.5634E-08 1.7860E-08 2.0139E-08
0.0000E+00 0.0000E+00 0.0000E+00 0.0000E+00 0.0000E+00 0.0000E+00 0.0000E+00 0.0000E+00 0.0000E+00 0.0000E+00 0.0000E+00 0.0000E+00 0.0000E+00 0.0000E+00 0.0000E+00 0.0000E+00 0.0000E+00 0.0000E+00 0.0000E+00 0.0000E+00 0.0000E+00 0.0000E+00 0.0000E+00 0.0000E+00 0.0000E+00 0.0000E+00 0.0000E+00 0.0000E+00 0.0000E+00 0.0000E+00 0.0000E+00 0.0000E+00 0.0000E+00 0.0000E+00 0.0000E+00 3.6150E-12 1.1395E-11 3.0660E-11 7.1712E-11 1.2578E-10 2.1509E-10 3.4785E-10 5.2458E-10 7.8902E-10 1.1355E-09 1.5969E-09 2.2096E-09 2.9365E-09 3.8483E-09 4.9490E-09 6.2190E-09 7.7048E-09 9.3332E-09 1.1134E-08 1.3041E-08 1.5075E-08 1.7165E-08
0.0000E+00 0.0000E+00 0.0000E+00 0.0000E+00 0.0000E+00 0.0000E+00 0.0000E+00 0.0000E+00 0.0000E+00 0.0000E+00 0.0000E+00 0.0000E+00 0.0000E+00 0.0000E+00 0.0000E+00 0.0000E+00 0.0000E+00 0.0000E+00 0.0000E+00 0.0000E+00 0.0000E+00 0.0000E+00 0.0000E+00 0.0000E+00 0.0000E+00 0.0000E+00 0.0000E+00 0.0000E+00 0.0000E+00 0.0000E+00 0.0000E+00 0.0000E+00 0.0000E+00 0.0000E+00 0.0000E+00 2.2376E-12 6.6471E-12 1.7755E-11 4.4539E-11 8.3698E-11 1.4767E-10 2.4593E-10 3.8215E-10 5.7753E-10 8.4603E-10 1.1928E-09 1.6664E-09 2.2396E-09 2.9654E-09 3.8224E-09 4.8522E-09 6.0205E-09 7.3408E-09 8.8138E-09 1.0392E-08 1.2095E-08 1.3862E-08
0.0000E+00 0.0000E+00 0.0000E+00 0.0000E+00 0.0000E+00 0.0000E+00 0.0000E+00 0.0000E+00 0.0000E+00 0.0000E+00 0.0000E+00 0.0000E+00 0.0000E+00 0.0000E+00 0.0000E+00 0.0000E+00 0.0000E+00 0.0000E+00 0.0000E+00 0.0000E+00 0.0000E+00 0.0000E+00 0.0000E+00 0.0000E+00 0.0000E+00 0.0000E+00 0.0000E+00 0.0000E+00 0.0000E+00 0.0000E+00 0.0000E+00 0.0000E+00 0.0000E+00 0.0000E+00 0.0000E+00 4.4634E-13 4.6986E-12 1.0209E-11 2.8900E-11 5.6503E-11 1.0186E-10 1.7519E-10 2.7079E-10 4.1735E-10 6.1328E-10 8.7243E-10 1.2250E-09 1.6594E-09 2.2013E-09 2.8536E-09 3.6413E-09 4.5217E-09 5.5661E-09 6.6632E-09 7.8752E-09 9.1937E-09 1.0562E-08
0.0000E+00 0.0000E+00 0.0000E+00 0.0000E+00 0.0000E+00 0.0000E+00 0.0000E+00 0.0000E+00 0.0000E+00 0.0000E+00 0.0000E+00 0.0000E+00 0.0000E+00 0.0000E+00 0.0000E+00 0.0000E+00 0.0000E+00 0.0000E+00 0.0000E+00 0.0000E+00 0.0000E+00 0.0000E+00 0.0000E+00 0.0000E+00 0.0000E+00 0.0000E+00 0.0000E+00 0.0000E+00 0.0000E+00 0.0000E+00 0.0000E+00 0.0000E+00 0.0000E+00 0.0000E+00 0.0000E+00 0.0000E+00 2.6534E-12 5.9876E-12 1.6256E-11 3.9861E-11 6.5710E-11 1.1646E-10 1.9141E-10 2.9038E-10 4.3710E-10 6.2360E-10 8.6861E-10 1.1950E-09 1.5782E-09 2.0520E-09 2.6229E-09 3.2541E-09 4.0083E-09 4.7940E-09 5.6800E-09 6.5935E-09 7.5609E-09
