Assets/Resources/2015_m01_d13_1200(utc+0800)_l00_csi_1hr_conc.grd
DSAA
         159         159
     -79.000      79.000
     -79.000      79.000
  0.0000E+00  0.2847E-05
[rows 75 to 99 of 159, columns 0 to 56 of 159]
4.0514E-09 4.2337E-09 4.4499E-09 4.6607E-09 4.8660E-09 5.1078E-09 5.3280E-09 5.5578E-09 5.8088E-09 6.0498E-09 6.3037E-09 6.5589E-09 6.8199E-09 7.0941E-09 7.3655E-09 7.6469E-09 7.9374E-09 8.2291E-09 8.5317E-09 8.8410E-09 9.1604E-09 9.4908E-09 9.8382E-09 1.0192E-08 1.0569E-08 1.0965E-08 1.1376E-08 1.1816E-08 1.2277E-08 1.2772E-08 1.3294E-08 1.3851E-08 1.4442E-08 1.5076E-08 1.5745E-08 1.6476E-08 1.7245E-08 1.8088E-08 1.9028E-08 1.9999E-08 2.1116E-08 2.2275E-08 2.3514E-08 2.4894E-08 2.6328E-08 2.7926E-08 2.9714E-08 3.1598E-08 3.3655E-08 3.5891E-08 3.8286E-08 4.0797E-08 4.3437E-08 4.6255E-08 4.9144E-08 5.2064E-08 5.4979E-08
4.0632E-09 4.2463E-09 4.4638E-09 4.6759E-09 4.8827E-09 5.1259E-09 5.3477E-09 5.5800E-09 5.8325E-09 6.0765E-09 6.3332E-09 6.5908E-09 6.8556E-09 7.1336E-09 7.4097E-09 7.6946E-09 7.9903E-09 8.2856E-09 8.5954E-09 8.9129E-09 9.2349E-09 9.5730E-09 9.9266E-09 1.0292E-08 1.0677E-08 1.1081E-08 1.1504E-08 1.1954E-08 1.2433E-08 1.2939E-08 1.3478E-08 1.4051E-08 1.4663E-08 1.5316E-08 1.6010E-08 1.6764E-08 1.7558E-08 1.8449E-08 1.9424E-08 2.0454E-08 2.1620E-08 2.2839E-08 2.4165E-08 2.5638E-08 2.7197E-08 2.8937E-08 3.0894E-08 3.2987E-08 3.5275E-08 3.7781E-08 4.0469E-08 4.3282E-08 4.6258E-08 4.9425E-08 5.2663E-08 5.5965E-08 5.9196E-08
4.0673E-09 4.2507E-09 4.4687E-09 4.6815E-09 4.8892E-09 5.1331E-09 5.3557E-09 5.5894E-09 5.8429E-09 6.0886E-09 6.3472E-09 6.6063E-09 6.8745E-09 7.1543E-09 7.4330E-09 7.7207E-09 8.0203E-09 8.3221E-09 8.6322E-09 8.9556E-09 9.2795E-09 9.6270E-09 9.9850E-09 1.0353E-08 1.0748E-08 1.1155E-08 1.1589E-08 1.2043E-08 1.2532E-08 1.3051E-08 1.3598E-08 1.4184E-08 1.4810E-08 1.5476E-08 1.6190E-08 1.6957E-08 1.7771E-08 1.8697E-08 1.9698E-08 2.0772E-08 2.1970E-08 2.3238E-08 2.4625E-08 2.6173E-08 2.7826E-08 2.9678E-08 3.1765E-08 3.4023E-08 3.6494E-08 3.9207E-08 4.2129E-08 4.5180E-08 4.8417E-08 5.1834E-08 5.5328E-08 5.8859E-08 6.2280E-08
4.0638E-09 4.2471E-09 4.4651E-09 4.6778E-09 4.8858E-09 5.1295E-09 5.3524E-09 5.5865E-09 5.8402E-09 6.0867E-09 6.3461E-09 6.6061E-09 6.8758E-09 7.1574E-09 7.4369E-09 7.7287E-09 8.0280E-09 8.3323E-09 8.6435E-09 8.9704E-09 9.3011E-09 9.6468E-09 1.0011E-08 1.0378E-08 1.0778E-08 1.1189E-08 1.1626E-08 1.2090E-08 1.2579E-08 1.3103E-08 1.3657E-08 1.4250E-08 1.4884E-08 1.5557E-08 1.6282E-08 1.7056E-08 1.7888E-08 1.8831E-08 1.9848E-08 2.0947E-08 2.2162E-08 2.3462E-08 2.4885E-08 2.6481E-08 2.8201E-08 3.0124E-08 3.2303E-08 3.4665E-08 3.7268E-08 4.0112E-08 4.3195E-08 4.6407E-08 4.9794E-08 5.3385E-08 5.6987E-08 6.0624E-08 6.4110E-08
4.0531E-09 4.2356E-09 4.4532E-09 4.6653E-09 4.8727E-09 5.1158E-09 5.3381E-09 5.5718E-09 5.8249E-09 6.0714E-09 6.3304E-09 6.5904E-09 6.8605E-09 7.1424E-09 7.4219E-09 7.7145E-09 8.0166E-09 8.3196E-09 8.6360E-09 8.9588E-09 9.2924E-09 9.6358E-09 1.0002E-08 1.0374E-08 1.0769E-08 1.1187E-08 1.1619E-08 1.2086E-08 1.2574E-08 1.3099E-08 1.3658E-08 1.4250E-08 1.4886E-08 1.5560E-08 1.6288E-08 1.7063E-08 1.7905E-08 1.8852E-08 1.9875E-08 2.0981E-08 2.2201E-08 2.3507E-08 2.4944E-08 2.6557E-08 2.8307E-08 3.0265E-08 3.2485E-08 3.4897E-08 3.7557E-08 4.0466E-08 4.3617E-08 4.6906E-08 5.0364E-08 5.3975E-08 5.7597E-08 6.1165E-08 6.4505E-08
4.0355E-09 4.2169E-09 4.4332E-09 4.6443E-09 4.8504E-09 5.0923E-09 5.3135E-09 5.5458E-09 5.7976E-09 6.0428E-09 6.3009E-09 6.5598E-09 6.8290E-09 7.1104E-09 7.3901E-09 7.6807E-09 7.9831E-09 8.2846E-09 8.6007E-09 8.9269E-09 9.2552E-09 9.6032E-09 9.9615E-09 1.0337E-08 1.0724E-08 1.1142E-08 1.1575E-08 1.2035E-08 1.2527E-08 1.3041E-08 1.3598E-08 1.4189E-08 1.4817E-08 1.5486E-08 1.6211E-08 1.6979E-08 1.7821E-08 1.8764E-08 1.9780E-08 2.0876E-08 2.2084E-08 2.3378E-08 2.4802E-08 2.6408E-08 2.8145E-08 3.0102E-08 3.2311E-08 3.4718E-08 3.7364E-08 4.0261E-08 4.3390E-08 4.6662E-08 5.0082E-08 5.3619E-08 5.7113E-08 6.0499E-08 6.3586E-08
4.0110E-09 4.1911E-09 4.4057E-09 4.6150E-09 4.8196E-09 5.0593E-09 5.2787E-09 5.5090E-09 5.7588E-09 6.0019E-09 6.2579E-09 6.5154E-09 6.7821E-09 7.0621E-09 7.3402E-09 7.6281E-09 7.9296E-09 8.2317E-09 8.5425E-09 8.8676E-09 9.1920E-09 9.5397E-09 9.8974E-09 1.0264E-08 1.0656E-08 1.1058E-08 1.1491E-08 1.1940E-08 1.2427E-08 1.2939E-08 1.3481E-08 1.4065E-08 1.4681E-08 1.5339E-08 1.6053E-08 1.6809E-08 1.7640E-08 1.8569E-08 1.9566E-08 2.0634E-08 2.1814E-08 2.3078E-08 2.4463E-08 2.6036E-08 2.7727E-08 2.9639E-08 3.1794E-08 3.4134E-08 3.6707E-08 3.9514E-08 4.2540E-08 4.5700E-08 4.8988E-08 5.2335E-08 5.5600E-08 5.8666E-08 6.1359E-08
3.9804E-09 4.1584E-09 4.3710E-09 4.5779E-09 4.7803E-09 5.0176E-09 5.2343E-09 5.4621E-09 5.7092E-09 5.9492E-09 6.2023E-09 6.4575E-09 6.7207E-09 6.9979E-09 7.2742E-09 7.5593E-09 7.8570E-09 8.1568E-09 8.4625E-09 8.7852E-09 9.1107E-09 9.4474E-09 9.8034E-09 1.0160E-08 1.0547E-08 1.0945E-08 1.1365E-08 1.1814E-08 1.2281E-08 1.2783E-08 1.3311E-08 1.3882E-08 1.4488E-08 1.5124E-08 1.5820E-08 1.6559E-08 1.7370E-08 1.8274E-08 1.9241E-08 2.0267E-08 2.1403E-08 2.2621E-08 2.3948E-08 2.5457E-08 2.7077E-08 2.8900E-08 3.0962E-08 3.3183E-08 3.5626E-08 3.8275E-08 4.1126E-08 4.4088E-08 4.7153E-08 5.0222E-08 5.3154E-08 5.5826E-08 5.8086E-08
3.9437E-09 4.1193E-09 4.3293E-09 4.5338E-09 4.7331E-09 4.9676E-09 5.1811E-09 5.4055E-09 5.6496E-09 5.8854E-09 6.1349E-09 6.3871E-09 6.6457E-09 6.9191E-09 7.1926E-09 7.4730E-09 7.7657E-09 8.0628E-09 8.3663E-09 8.6806E-09 9.0022E-09 9.3300E-09 9.6810E-09 1.0036E-08 1.0407E-08 1.0802E-08 1.1203E-08 1.1642E-08 1.2097E-08 1.2582E-08 1.3101E-08 1.3646E-08 1.4233E-08 1.4846E-08 1.5518E-08 1.6237E-08 1.7019E-08 1.7888E-08 1.8816E-08 1.9787E-08 2.0864E-08 2.2021E-08 2.3269E-08 2.4692E-08 2.6217E-08 2.7920E-08 2.9845E-08 3.1912E-08 3.4169E-08 3.6612E-08 3.9222E-08 4.1933E-08 4.4691E-08 4.7407E-08 4.9934E-08 5.2139E-08 5.3934E-08
3.9012E-09 4.0744E-09 4.2811E-09 4.4826E-09 4.6787E-09 4.9094E-09 5.1197E-09 5.3398E-09 5.5803E-09 5.8118E-09 6.0564E-09 6.3051E-09 6.5579E-09 6.8267E-09 7.0967E-09 7.3710E-09 7.6598E-09 7.9511E-09 8.2483E-09 8.5550E-09 8.8720E-09 9.1976E-09 9.5333E-09 9.8834E-09 1.0238E-08 1.0623E-08 1.1015E-08 1.1434E-08 1.1882E-08 1.2340E-08 1.2840E-08 1.3366E-08 1.3926E-08 1.4517E-08 1.5154E-08 1.5847E-08 1.6592E-08 1.7417E-08 1.8297E-08 1.9204E-08 2.0211E-08 2.1295E-08 2.2450E-08 2.3767E-08 2.5175E-08 2.6734E-08 2.8491E-08 3.0373E-08 3.2411E-08 3.4605E-08 3.6933E-08 3.9331E-08 4.1744E-08 4.4050E-08 4.6115E-08 4.7846E-08 4.9172E-08
3.8534E-09 4.0236E-09 4.2270E-09 4.4248E-09 4.6175E-09 4.8441E-09 5.0504E-09 5.2660E-09 5.5020E-09 5.7290E-09 5.9680E-09 6.2124E-09 6.4590E-09 6.7215E-09 6.9877E-09 7.2548E-09 7.5372E-09 7.8229E-09 8.1127E-09 8.4155E-09 8.7217E-09 9.0386E-09 9.3623E-09 9.7043E-09 1.0056E-08 1.0417E-08 1.0802E-08 1.1194E-08 1.1626E-08 1.2073E-08 1.2538E-08 1.3045E-08 1.3572E-08 1.4134E-08 1.4741E-08 1.5398E-08 1.6101E-08 1.6872E-08 1.7698E-08 1.8535E-08 1.9459E-08 2.0463E-08 2.1516E-08 2.2712E-08 2.3991E-08 2.5387E-08 2.6958E-08 2.8631E-08 3.0428E-08 3.2346E-08 3.4367E-08 3.6415E-08 3.8444E-08 4.0334E-08 4.1926E-08 4.3173E-08 4.4051E-08
3.8007E-09 3.9676E-09 4.1672E-09 4.3612E-09 4.5495E-09 4.7721E-09 4.9738E-09 5.1843E-09 5.4159E-09 5.6375E-09 5.8701E-09 6.1099E-09 6.3505E-09 6.6050E-09 6.8664E-09 7.1270E-09 7.4002E-09 7.6822E-09 7.9617E-09 8.2554E-09 8.5527E-09 8.8601E-09 9.1799E-09 9.5026E-09 9.8425E-09 1.0185E-08 1.0556E-08 1.0941E-08 1.1339E-08 1.1766E-08 1.2202E-08 1.2682E-08 1.3188E-08 1.3708E-08 1.4278E-08 1.4899E-08 1.5556E-08 1.6266E-08 1.7032E-08 1.7798E-08 1.8633E-08 1.9546E-08 2.0497E-08 2.1558E-08 2.2699E-08 2.3929E-08 2.5295E-08 2.6751E-08 2.8291E-08 2.9929E-08 3.1635E-08 3.3325E-08 3.4952E-08 3.6415E-08 3.7571E-08 3.8375E-08 3.8840E-08
3.7433E-09 3.9067E-09 4.1019E-09 4.2920E-09 4.4758E-09 4.6932E-09 4.8909E-09 5.0952E-09 5.3217E-09 5.5383E-09 5.7635E-09 5.9980E-09 6.2327E-09 6.4780E-09 6.7335E-09 6.9877E-09 7.2507E-09 7.5255E-09 7.7994E-09 8.0798E-09 8.3727E-09 8.6647E-09 8.9720E-09 9.2808E-09 9.6079E-09 9.9446E-09 1.0286E-08 1.0653E-08 1.1025E-08 1.1432E-08 1.1851E-08 1.2287E-08 1.2763E-08 1.3248E-08 1.3780E-08 1.4364E-08 1.4971E-08 1.5613E-08 1.6313E-08 1.7010E-08 1.7751E-08 1.8566E-08 1.9413E-08 2.0339E-08 2.1332E-08 2.2399E-08 2.3557E-08 2.4795E-08 2.6088E-08 2.7434E-08 2.8829E-08 3.0175E-08 3.1410E-08 3.2468E-08 3.3220E-08 3.3654E-08 3.3763E-08
3.6816E-09 3.8413E-09 4.0321E-09 4.2174E-09 4.3967E-09 4.6085E-09 4.8016E-09 5.0000E-09 5.2200E-09 5.4320E-09 5.6491E-09 5.8770E-09 6.1065E-09 6.3417E-09 6.5895E-09 6.8378E-09 7.0903E-09 7.3559E-09 7.6230E-09 7.8909E-09 8.1732E-09 8.4585E-09 8.7480E-09 9.0516E-09 9.3549E-09 9.6765E-09 9.9958E-09 1.0344E-08 1.0706E-08 1.1073E-08 1.1466E-08 1.1871E-08 1.2309E-08 1.2771E-08 1.3252E-08 1.3791E-08 1.4353E-08 1.4923E-08 1.5548E-08 1.6179E-08 1.6833E-08 1.7544E-08 1.8288E-08 1.9086E-08 1.9928E-08 2.0834E-08 2.1800E-08 2.2812E-08 2.3871E-08 2.4945E-08 2.6040E-08 2.7060E-08 2.7941E-08 2.8625E-08 2.9029E-08 2.9161E-08 2.8999E-08
3.6160E-09 3.7717E-09 3.9577E-09 4.1383E-09 4.3124E-09 4.5187E-09 4.7066E-09 4.8990E-09 5.1124E-09 5.3188E-09 5.5282E-09 5.7486E-09 5.9724E-09 6.1979E-09 6.4368E-09 6.6788E-09 6.9209E-09 7.1757E-09 7.4353E-09 7.6933E-09 7.9609E-09 8.2363E-09 8.5105E-09 8.8000E-09 9.0946E-09 9.3919E-09 9.7047E-09 1.0017E-08 1.0356E-08 1.0702E-08 1.1063E-08 1.1441E-08 1.1833E-08 1.2263E-08 1.2715E-08 1.3194E-08 1.3705E-08 1.4212E-08 1.4759E-08 1.5320E-08 1.5897E-08 1.6506E-08 1.7142E-08 1.7823E-08 1.8523E-08 1.9267E-08 2.0054E-08 2.0865E-08 2.1694E-08 2.2518E-08 2.3336E-08 2.4059E-08 2.4627E-08 2.5001E-08 2.5126E-08 2.5009E-08 2.4653E-08
3.5468E-09 3.6983E-09 3.8793E-09 4.0550E-09 4.2240E-09 4.4240E-09 4.6070E-09 4.7930E-09 4.9993E-09 5.1999E-09 5.4024E-09 5.6140E-09 5.8314E-09 6.0487E-09 6.2766E-09 6.5111E-09 6.7443E-09 6.9861E-09 7.2367E-09 7.4853E-09 7.7379E-09 8.0016E-09 8.2671E-09 8.5355E-09 8.8157E-09 9.0936E-09 9.3879E-09 9.6884E-09 9.9916E-09 1.0319E-08 1.0643E-08 1.0992E-08 1.1352E-08 1.1741E-08 1.2159E-08 1.2583E-08 1.3039E-08 1.3496E-08 1.3963E-08 1.4448E-08 1.4952E-08 1.5469E-08 1.6000E-08 1.6566E-08 1.7142E-08 1.7736E-08 1.8352E-08 1.8983E-08 1.9607E-08 2.0207E-08 2.0768E-08 2.1233E-08 2.1536E-08 2.1660E-08 2.1572E-08 2.1275E-08 2.0782E-08
3.4742E-09 3.6215E-09 3.7972E-09 3.9677E-09 4.1318E-09 4.3248E-09 4.5026E-09 4.6829E-09 4.8809E-09 5.0756E-09 5.2713E-09 5.4736E-09 5.6835E-09 5.8938E-09 6.1099E-09 6.3355E-09 6.5609E-09 6.7892E-09 7.0289E-09 7.2691E-09 7.5086E-09 7.7570E-09 8.0104E-09 8.2612E-09 8.5258E-09 8.7932E-09 9.0607E-09 9.3411E-09 9.6169E-09 9.9186E-09 1.0227E-08 1.0533E-08 1.0861E-08 1.1207E-08 1.1591E-08 1.1976E-08 1.2364E-08 1.2768E-08 1.3168E-08 1.3578E-08 1.4009E-08 1.4448E-08 1.4882E-08 1.5336E-08 1.5801E-08 1.6263E-08 1.6727E-08 1.7192E-08 1.7641E-08 1.8046E-08 1.8385E-08 1.8622E-08 1.8711E-08 1.8646E-08 1.8406E-08 1.7995E-08 1.7425E-08
3.3988E-09 3.5417E-09 3.7120E-09 3.8771E-09 4.0360E-09 4.2222E-09 4.3938E-09 4.5687E-09 4.7582E-09 4.9459E-09 5.1360E-09 5.3280E-09 5.5302E-09 5.7338E-09 5.9384E-09 6.1537E-09 6.3716E-09 6.5879E-09 6.8140E-09 7.0452E-09 7.2729E-09 7.5047E-09 7.7453E-09 7.9861E-09 8.2276E-09 8.4785E-09 8.7254E-09 8.9857E-09 9.2489E-09 9.5104E-09 9.7939E-09 1.0068E-08 1.0366E-08 1.0683E-08 1.1017E-08 1.1362E-08 1.1695E-08 1.2039E-08 1.2389E-08 1.2728E-08 1.3081E-08 1.3449E-08 1.3799E-08 1.4154E-08 1.4513E-08 1.4865E-08 1.5199E-08 1.5518E-08 1.5809E-08 1.6051E-08 1.6212E-08 1.6263E-08 1.6183E-08 1.5973E-08 1.5633E-08 1.5150E-08 1.4538E-08
3.3208E-09 3.4591E-09 3.6239E-09 3.7835E-09 3.9370E-09 4.1161E-09 4.2818E-09 4.4508E-09 4.6329E-09 4.8124E-09 4.9965E-09 5.1806E-09 5.3721E-09 5.5691E-09 5.7643E-09 5.9671E-09 6.1762E-09 6.3833E-09 6.5944E-09 6.8140E-09 7.0325E-09 7.2496E-09 7.4735E-09 7.7015E-09 7.9239E-09 8.1579E-09 8.3933E-09 8.6255E-09 8.8673E-09 9.1039E-09 9.3570E-09 9.6165E-09 9.8731E-09 1.0155E-08 1.0451E-08 1.0750E-08 1.1042E-08 1.1321E-08 1.1620E-08 1.1904E-08 1.2185E-08 1.2479E-08 1.2763E-08 1.3031E-08 1.3295E-08 1.3548E-08 1.3778E-08 1.3975E-08 1.4132E-08 1.4230E-08 1.4246E-08 1.4160E-08 1.3957E-08 1.3650E-08 1.3236E-08 1.2721E-08 1.2094E-08
3.2406E-09 3.3743E-09 3.5333E-09 3.6873E-09 3.8354E-09 4.0078E-09 4.1668E-09 4.3298E-09 4.5048E-09 4.6760E-09 4.8524E-09 5.0303E-09 5.2109E-09 5.3991E-09 5.5878E-09 5.7773E-09 5.9759E-09 6.1754E-09 6.3726E-09 6.5782E-09 6.7868E-09 6.9916E-09 7.1977E-09 7.4113E-09 7.6243E-09 7.8338E-09 8.0514E-09 8.2629E-09 8.4844E-09 8.7052E-09 8.9195E-09 9.1548E-09 9.3908E-09 9.6366E-09 9.8912E-09 1.0143E-08 1.0398E-08 1.0634E-08 1.0869E-08 1.1108E-08 1.1330E-08 1.1556E-08 1.1772E-08 1.1976E-08 1.2156E-08 1.2323E-08 1.2463E-08 1.2563E-08 1.2614E-08 1.2595E-08 1.2497E-08 1.2308E-08 1.2033E-08 1.1675E-08 1.1234E-08 1.0698E-08 1.0085E-08
3.1584E-09 3.2873E-09 3.4406E-09 3.5890E-09 3.7316E-09 3.8972E-09 4.0494E-09 4.2060E-09 4.3742E-09 4.5369E-09 4.7059E-09 4.8769E-09 5.0484E-09 5.2263E-09 5.4079E-09 5.5873E-09 5.7726E-09 5.9630E-09 6.1507E-09 6.3405E-09 6.5369E-09 6.7315E-09 6.9234E-09 7.1188E-09 7.3183E-09 7.5096E-09 7.7090E-09 7.9080E-09 8.1023E-09 8.3023E-09 8.4930E-09 8.6972E-09 8.9138E-09 9.1252E-09 9.3444E-09 9.5556E-09 9.7645E-09 9.9677E-09 1.0151E-08 1.0339E-08 1.0520E-08 1.0685E-08 1.0841E-08 1.0983E-08 1.1103E-08 1.1191E-08 1.1257E-08 1.1278E-08 1.1246E-08 1.1142E-08 1.0955E-08 1.0698E-08 1.0368E-08 9.9806E-09 9.5304E-09 9.0069E-09 8.4009E-09
3.0746E-09 3.1988E-09 3.3462E-09 3.4888E-09 3.6259E-09 3.7848E-09 3.9301E-09 4.0802E-09 4.2418E-09 4.3970E-09 4.5572E-09 4.7210E-09 4.8850E-09 5.0520E-09 5.2243E-09 5.3966E-09 5.5689E-09 5.7478E-09 5.9272E-09 6.1034E-09 6.2850E-09 6.4694E-09 6.6493E-09 6.8262E-09 7.0101E-09 7.1932E-09 7.3683E-09 7.5495E-09 7.7223E-09 7.9036E-09 8.0796E-09 8.2496E-09 8.4411E-09 8.6298E-09 8.8128E-09 8.9887E-09 9.1541E-09 9.3199E-09 9.4747E-09 9.6113E-09 9.7457E-09 9.8672E-09 9.9712E-09 1.0060E-08 1.0127E-08 1.0160E-08 1.0157E-08 1.0115E-08 1.0016E-08 9.8519E-09 9.6098E-09 9.3074E-09 8.9545E-09 8.5554E-09 8.1043E-09 7.6024E-09 7.0435E-09
2.9894E-09 3.1089E-09 3.2503E-09 3.3872E-09 3.5187E-09 3.6708E-09 3.8101E-09 3.9528E-09 4.1074E-09 4.2562E-09 4.4069E-09 4.5632E-09 4.7204E-09 4.8773E-09 5.0397E-09 5.2039E-09 5.3664E-09 5.5315E-09 5.7015E-09 5.8689E-09 6.0348E-09 6.2055E-09 6.3753E-09 6.5400E-09 6.7044E-09 6.8728E-09 7.0350E-09 7.1947E-09 7.3562E-09 7.5108E-09 7.6688E-09 7.8185E-09 7.9805E-09 8.1469E-09 8.3005E-09 8.4435E-09 8.5741E-09 8.6988E-09 8.8228E-09 8.9314E-09 9.0208E-09 9.0999E-09 9.1630E-09 9.2064E-09 9.2282E-09 9.2201E-09 9.1679E-09 9.0714E-09 8.9209E-09 8.7111E-09 8.4371E-09 8.1183E-09 7.7610E-09 7.3612E-09 6.9161E-09 6.4445E-09 5.9291E-09
2.9033E-09 3.0179E-09 3.1534E-09 3.2845E-09 3.4105E-09 3.5558E-09 3.6890E-09 3.8245E-09 3.9717E-09 4.1143E-09 4.2574E-09 4.4044E-09 4.5545E-09 4.7036E-09 4.8544E-09 5.0099E-09 5.1648E-09 5.3179E-09 5.4751E-09 5.6336E-09 5.7879E-09 5.9438E-09 6.1017E-09 6.2556E-09 6.4054E-09 6.5550E-09 6.7065E-09 6.8484E-09 6.9907E-09 7.1286E-09 7.2667E-09 7.4059E-09 7.5384E-09 7.6727E-09 7.7995E-09 7.9168E-09 8.0255E-09 8.1177E-09 8.2030E-09 8.2838E-09 8.3445E-09 8.3903E-09 8.4161E-09 8.4228E-09 8.4039E-09 8.3607E-09 8.2739E-09 8.1415E-09 7.9510E-09 7.7084E-09 7.4177E-09 7.0958E-09 6.7440E-09 6.3576E-09 5.9521E-09 5.5126E-09 5.0424E-09
2.8164E-09 2.9262E-09 3.0558E-09 3.1811E-09 3.3016E-09 3.4401E-09 3.5672E-09 3.6964E-09 3.8356E-09 3.9713E-09 4.1080E-09 4.2453E-09 4.3876E-09 4.5305E-09 4.6711E-09 4.8161E-09 4.9626E-09 5.1068E-09 5.2511E-09 5.3985E-09 5.5443E-09 5.6865E-09 5.8299E-09 5.9736E-09 6.1114E-09 6.2443E-09 6.3790E-09 6.5122E-09 6.6359E-09 6.7575E-09 6.8732E-09 6.9983E-09 7.1144E-09 7.2196E-09 7.3224E-09 7.4150E-09 7.4983E-09 7.5700E-09 7.6247E-09 7.6741E-09 7.7125E-09 7.7314E-09 7.7314E-09 7.7073E-09 7.6576E-09 7.5790E-09 7.4641E-09 7.3062E-09 7.0977E-09 6.8430E-09 6.5467E-09 6.2231E-09 5.8672E-09 5.5125E-09 5.1383E-09 4.7359E-09 4.3089E-09
