Assets/Resources/2015_m01_d01_2200(utc+0800)_l00_csi_1hr_conc.grd
DSAA
         159         159
     -79.000      79.000
     -79.000      79.000
  0.0000E+00  0.9382E-05
[rows 75 to 99 of 159, columns 57 to 113 of 159]
0.0000E+00 0.0000E+00 0.0000E+00 0.0000E+00 0.0000E+00 0.0000E+00 0.0000E+00 0.0000E+00 0.0000E+00 0.0000E+00 0.0000E+00 1.6224E-12 4.1751E-11 1.4001E-10 2.8921E-10 4.9057E-10 7.6115E-10 1.0967E-09 1.7492E-09 2.6751E-09 3.6564E-09 4.8841E-09 6.7452E-09 9.1407E-09 1.2181E-08 1.5941E-08 2.0519E-08 2.5997E-08 3.2311E-08 3.9534E-08 4.7613E-08 5.6410E-08 6.5700E-08 1.1267E-07 1.3032E-07 1.3380E-07 1.3407E-07 1.3229E-07 1.2958E-07 1.2564E-07 1.2100E-07 1.1586E-07 1.1060E-07 1.0532E-07 1.0021E-07 9.5387E-08 9.0838E-08 8.6562E-08 8.2597E-08 7.8922E-08 7.5508E-08 7.2280E-08 6.9237E-08 6.6285E-08 6.1603E-08 5.7378E-08 5.0702E-08
0.0000E+00 0.0000E+00 0.0000E+00 0.0000E+00 0.0000E+00 0.0000E+00 0.0000E+00 0.0000E+00 0.0000E+00 0.0000E+00 0.0000E+00 6.5498E-12 6.3313E-11 1.7605E-10 3.4071E-10 5.6701E-10 8.5901E-10 1.4103E-09 2.1099E-09 2.9863E-09 4.0879E-09 5.7606E-09 7.8535E-09 1.0585E-08 1.4075E-08 1.8417E-08 2.3735E-08 3.0038E-08 3.7436E-08 4.5933E-08 5.5470E-08 6.6274E-08 1.1997E-07 1.3591E-07 1.4162E-07 1.4433E-07 1.4469E-07 1.4374E-07 1.4105E-07 1.3720E-07 1.3232E-07 1.2692E-07 1.2120E-07 1.1546E-07 1.0985E-07 1.0449E-07 9.9407E-08 9.4640E-08 9.0164E-08 8.5954E-08 8.2028E-08 7.8280E-08 7.4725E-08 7.1348E-08 6.5684E-08 5.8656E-08 5.4214E-08
0.0000E+00 0.0000E+00 0.0000E+00 0.0000E+00 0.0000E+00 0.0000E+00 0.0000E+00 0.0000E+00 0.0000E+00 0.0000E+00 0.0000E+00 1.1104E-11 8.0756E-11 2.1349E-10 3.9604E-10 6.3711E-10 9.4948E-10 1.5500E-09 2.3203E-09 3.3839E-09 4.5937E-09 6.3978E-09 8.7716E-09 1.1883E-08 1.5977E-08 2.0930E-08 2.6943E-08 3.4182E-08 4.2707E-08 5.2538E-08 6.9229E-08 1.2033E-07 1.3568E-07 1.4396E-07 1.4929E-07 1.5255E-07 1.5403E-07 1.5337E-07 1.5111E-07 1.4723E-07 1.4236E-07 1.3671E-07 1.3078E-07 1.2468E-07 1.1867E-07 1.1288E-07 1.0743E-07 1.0223E-07 9.7273E-08 9.2582E-08 8.8157E-08 8.3954E-08 7.9916E-08 7.6096E-08 6.9888E-08 6.1330E-08 5.5430E-08
0.0000E+00 0.0000E+00 0.0000E+00 0.0000E+00 0.0000E+00 0.0000E+00 0.0000E+00 0.0000E+00 0.0000E+00 0.0000E+00 0.0000E+00 1.7924E-11 1.0004E-10 2.4603E-10 4.4247E-10 7.0231E-10 1.0309E-09 1.6789E-09 2.6423E-09 3.6829E-09 5.0087E-09 7.0071E-09 9.8427E-09 1.3306E-08 1.7750E-08 2.3323E-08 3.0094E-08 3.8265E-08 4.7924E-08 7.3914E-08 1.1444E-07 1.2976E-07 1.4044E-07 1.4842E-07 1.5482E-07 1.5907E-07 1.6114E-07 1.6110E-07 1.5908E-07 1.5547E-07 1.5059E-07 1.4502E-07 1.3892E-07 1.3265E-07 1.2639E-07 1.2041E-07 1.1463E-07 1.0906E-07 1.0372E-07 9.8624E-08 9.3754E-08 8.9137E-08 8.4690E-08 7.8331E-08 7.2174E-08 6.4600E-08 5.5958E-08
0.0000E+00 0.0000E+00 0.0000E+00 0.0000E+00 0.0000E+00 0.0000E+00 0.0000E+00 0.0000E+00 0.0000E+00 0.0000E+00 0.0000E+00 2.3799E-11 1.1557E-10 2.7772E-10 4.8805E-10 7.5725E-10 1.1019E-09 1.9570E-09 2.8332E-09 4.0359E-09 5.3898E-09 7.8076E-09 1.0691E-08 1.4620E-08 1.9510E-08 2.5574E-08 3.3063E-08 4.2122E-08 7.3743E-08 1.0368E-07 1.1898E-07 1.3146E-07 1.4191E-07 1.5109E-07 1.5847E-07 1.6449E-07 1.6704E-07 1.6656E-07 1.6485E-07 1.6147E-07 1.5691E-07 1.5141E-07 1.4540E-07 1.3916E-07 1.3293E-07 1.2677E-07 1.2077E-07 1.1495E-07 1.0932E-07 1.0391E-07 9.8689E-08 9.3698E-08 8.8927E-08 8.1759E-08 7.2858E-08 6.7636E-08 5.8439E-08
0.0000E+00 0.0000E+00 0.0000E+00 0.0000E+00 0.0000E+00 0.0000E+00 0.0000E+00 0.0000E+00 0.0000E+00 0.0000E+00 0.0000E+00 2.7954E-11 1.2867E-10 3.0400E-10 5.2252E-10 8.0225E-10 1.1596E-09 2.0667E-09 3.0956E-09 4.2827E-09 5.7230E-09 8.3216E-09 1.1579E-08 9.3819E-06 4.4208E-07 2.7577E-08 3.5709E-08 6.7658E-08 9.1765E-08 1.1720E-07 1.3835E-07 1.6435E-07 1.9370E-07 2.2260E-07 2.5249E-07 2.7498E-07 2.3530E-07 1.8131E-07 1.6970E-07 1.6542E-07 1.6100E-07 1.5583E-07 1.5014E-07 1.4415E-07 1.3796E-07 1.3176E-07 1.2567E-07 1.1973E-07 1.1393E-07 1.0829E-07 1.0285E-07 9.7553E-08 9.2503E-08 8.4976E-08 7.4923E-08 6.8518E-08 6.0727E-08
0.0000E+00 0.0000E+00 0.0000E+00 0.0000E+00 0.0000E+00 0.0000E+00 0.0000E+00 0.0000E+00 0.0000E+00 0.0000E+00 0.0000E+00 3.0002E-11 1.3930E-10 3.2683E-10 5.5176E-10 8.3654E-10 1.4015E-09 2.2710E-09 3.2363E-09 4.4846E-09 5.9962E-09 8.7372E-09 1.2203E-08 1.6788E-08 4.0261E-06 1.6657E-06 3.6575E-07 4.2833E-07 6.8804E-07 7.1474E-07 4.8223E-07 4.8470E-07 5.0091E-07 5.1535E-07 5.2921E-07 5.3575E-07 4.3020E-07 2.6070E-07 1.9159E-07 1.7246E-07 1.6452E-07 1.5876E-07 1.5317E-07 1.4738E-07 1.4137E-07 1.3528E-07 1.2924E-07 1.2329E-07 1.1746E-07 1.1171E-07 1.0609E-07 1.0065E-07 9.3117E-08 8.5681E-08 7.7170E-08 6.7198E-08 6.0293E-08
0.0000E+00 0.0000E+00 0.0000E+00 0.0000E+00 0.0000E+00 0.0000E+00 0.0000E+00 0.0000E+00 0.0000E+00 0.0000E+00 0.0000E+00 2.9596E-11 1.4586E-10 3.4269E-10 5.7048E-10 8.5952E-10 1.4384E-09 2.3382E-09 3.3376E-09 4.6336E-09 6.1988E-09 9.2213E-09 1.2658E-08 1.7355E-08 8.1002E-07 2.5771E-06 1.6302E-06 1.1441E-06 1.0211E-06 9.8168E-07 7.1812E-07 5.2815E-07 5.1978E-07 5.2929E-07 5.3833E-07 5.3939E-07 5.0432E-07 3.7405E-07 2.5459E-07 1.9739E-07 1.7417E-07 1.6311E-07 1.5576E-07 1.4946E-07 1.4332E-07 1.3730E-07 1.3142E-07 1.2562E-07 1.1986E-07 1.1408E-07 1.0842E-07 1.0290E-07 9.4874E-08 8.4842E-08 7.8920E-08 6.8629E-08 5.9223E-08
0.0000E+00 0.0000E+00 0.0000E+00 0.0000E+00 0.0000E+00 0.0000E+00 0.0000E+00 0.0000E+00 0.0000E+00 0.0000E+00 0.0000E+00 2.6440E-11 1.4864E-10 3.5259E-10 5.8022E-10 8.6944E-10 1.4555E-09 2.3746E-09 3.4827E-09 4.7239E-09 6.3228E-09 9.3978E-09 1.3046E-08 2.0919E-08 3.6054E-08 1.5789E-06 1.9194E-06 1.3919E-06 1.0213E-06 9.3249E-07 8.7611E-07 6.4229E-07 5.1866E-07 5.0868E-07 5.0236E-07 5.0393E-07 4.9239E-07 4.3742E-07 3.3176E-07 2.4669E-07 1.9834E-07 1.7366E-07 1.6021E-07 1.5139E-07 1.4434E-07 1.3814E-07 1.3235E-07 1.2669E-07 1.2105E-07 1.1544E-07 1.0978E-07 1.0423E-07 9.6164E-08 8.5419E-08 7.6215E-08 6.9716E-08 5.9936E-08
0.0000E+00 0.0000E+00 0.0000E+00 0.0000E+00 0.0000E+00 0.0000E+00 0.0000E+00 0.0000E+00 0.0000E+00 0.0000E+00 0.0000E+00 2.0282E-11 1.4698E-10 3.5433E-10 5.8177E-10 8.6775E-10 1.4529E-09 2.3789E-09 3.5029E-09 4.7521E-09 6.3629E-09 9.4308E-09 1.6989E-08 2.6785E-08 3.4832E-08 7.8941E-08 1.5049E-06 1.5564E-06 1.1960E-06 9.3305E-07 8.7677E-07 7.9657E-07 5.9633E-07 4.9735E-07 4.8039E-07 4.7634E-07 4.7290E-07 4.4971E-07 3.8491E-07 3.0115E-07 2.3509E-07 1.9338E-07 1.6903E-07 1.5459E-07 1.4512E-07 1.3813E-07 1.3215E-07 1.2660E-07 1.2117E-07 1.1570E-07 1.1017E-07 1.0247E-07 9.4653E-08 8.5883E-08 7.5357E-08 6.7853E-08 6.0452E-08
0.0000E+00 0.0000E+00 0.0000E+00 0.0000E+00 0.0000E+00 0.0000E+00 0.0000E+00 0.0000E+00 0.0000E+00 0.0000E+00 0.0000E+00 1.0907E-11 1.4058E-10 3.4901E-10 5.7395E-10 8.5452E-10 1.4310E-09 2.3507E-09 3.4765E-09 4.7171E-09 6.3180E-09 1.2785E-08 1.9151E-08 2.5357E-08 3.2415E-08 4.0567E-08 1.9250E-07 1.2221E-06 1.3215E-06 1.0765E-06 8.8977E-07 8.3180E-07 6.9879E-07 5.5584E-07 4.8514E-07 4.6107E-07 4.5226E-07 4.3830E-07 4.0269E-07 3.3912E-07 2.7141E-07 2.1821E-07 1.8228E-07 1.6001E-07 1.4633E-07 1.3746E-07 1.3095E-07 1.2548E-07 1.2022E-07 1.1493E-07 1.0965E-07 1.0182E-07 9.1722E-08 8.4366E-08 7.5195E-08 6.5350E-08 5.8376E-08
0.0000E+00 0.0000E+00 0.0000E+00 0.0000E+00 0.0000E+00 0.0000E+00 0.0000E+00 0.0000E+00 0.0000E+00 0.0000E+00 0.0000E+00 0.0000E+00 1.3283E-10 3.3779E-10 5.5870E-10 8.3047E-10 1.1974E-09 2.3910E-09 3.4049E-09 4.6221E-09 8.5449E-09 1.3216E-08 1.7942E-08 2.3357E-08 2.9876E-08 3.7523E-08 4.6448E-08 2.8965E-07 9.9243E-07 1.1717E-06 9.6942E-07 8.2807E-07 7.4635E-07 6.2472E-07 5.2080E-07 4.6164E-07 4.3371E-07 4.1662E-07 3.9251E-07 3.4982E-07 2.9234E-07 2.3740E-07 1.9470E-07 1.6572E-07 1.4744E-07 1.3626E-07 1.2893E-07 1.2328E-07 1.1826E-07 1.1323E-07 1.0818E-07 1.0061E-07 9.0283E-08 8.0726E-08 7.4625E-08 6.4675E-08 5.5521E-08
0.0000E+00 0.0000E+00 0.0000E+00 0.0000E+00 0.0000E+00 0.0000E+00 0.0000E+00 0.0000E+00 0.0000E+00 0.0000E+00 0.0000E+00 0.0000E+00 1.2214E-10 3.1470E-10 5.3571E-10 7.9517E-10 1.1511E-09 2.2056E-09 3.3614E-09 6.1290E-09 8.3887E-09 1.1976E-08 1.6377E-08 2.1375E-08 2.7422E-08 3.4465E-08 4.2454E-08 6.5780E-08 3.2839E-07 7.8729E-07 9.1654E-07 8.2475E-07 7.3935E-07 6.5250E-07 5.4764E-07 4.6433E-07 4.1283E-07 3.8367E-07 3.6132E-07 3.3157E-07 2.8904E-07 2.4104E-07 1.9885E-07 1.6745E-07 1.4670E-07 1.3386E-07 1.2581E-07 1.2016E-07 1.1535E-07 1.1064E-07 1.0381E-07 9.6698E-08 8.8591E-08 7.8500E-08 7.1135E-08 6.3763E-08 5.4276E-08
0.0000E+00 0.0000E+00 0.0000E+00 0.0000E+00 0.0000E+00 0.0000E+00 0.0000E+00 0.0000E+00 0.0000E+00 0.0000E+00 0.0000E+00 0.0000E+00 8.9645E-11 2.7674E-10 5.0441E-10 7.5142E-10 1.0921E-09 2.3038E-09 4.2364E-09 5.8247E-09 7.6856E-09 1.0616E-08 1.4885E-08 1.9458E-08 2.5019E-08 3.1440E-08 3.8724E-08 4.7116E-08 9.4499E-08 3.1837E-07 5.5611E-07 6.4844E-07 6.4312E-07 5.9538E-07 5.1928E-07 4.3514E-07 3.7265E-07 3.3443E-07 3.1113E-07 2.8939E-07 2.6094E-07 2.2527E-07 1.9013E-07 1.6195E-07 1.4217E-07 1.2939E-07 1.2152E-07 1.1608E-07 1.1154E-07 1.0729E-07 1.0062E-07 9.1615E-08 8.4676E-08 7.6540E-08 6.7043E-08 6.0278E-08 5.3154E-08
0.0000E+00 0.0000E+00 0.0000E+00 0.0000E+00 0.0000E+00 0.0000E+00 0.0000E+00 0.0000E+00 0.0000E+00 0.0000E+00 0.0000E+00 0.0000E+00 4.7768E-11 2.2954E-10 4.6659E-10 6.9912E-10 1.1533E-09 2.6523E-09 3.9359E-09 5.2947E-09 6.9583E-09 9.6050E-09 1.3447E-08 1.7612E-08 2.2669E-08 2.8498E-08 3.5062E-08 4.2370E-08 5.3626E-08 1.0935E-07 2.4301E-07 3.7140E-07 4.3909E-07 4.5062E-07 4.1525E-07 3.5696E-07 3.0297E-07 2.6797E-07 2.4801E-07 2.3357E-07 2.1676E-07 1.9454E-07 1.7030E-07 1.4913E-07 1.3336E-07 1.2273E-07 1.1587E-07 1.1106E-07 1.0706E-07 1.0319E-07 9.6980E-08 8.8128E-08 7.9464E-08 7.4215E-08 6.4947E-08 5.6163E-08 4.9874E-08
0.0000E+00 0.0000E+00 0.0000E+00 0.0000E+00 0.0000E+00 0.0000E+00 0.0000E+00 0.0000E+00 0.0000E+00 0.0000E+00 0.0000E+00 0.0000E+00 1.4974E-11 1.9171E-10 4.2637E-10 6.4368E-10 1.1642E-09 2.1300E-09 3.5473E-09 4.7720E-09 6.2921E-09 8.6481E-09 1.1997E-08 1.5824E-08 2.0410E-08 2.5647E-08 3.1536E-08 3.8090E-08 4.5228E-08 6.0101E-08 1.0536E-07 1.7755E-07 2.4274E-07 2.7698E-07 2.7498E-07 2.4934E-07 2.1827E-07 1.9656E-07 1.8489E-07 1.7777E-07 1.7000E-07 1.5899E-07 1.4541E-07 1.3230E-07 1.2191E-07 1.1435E-07 1.0918E-07 1.0532E-07 1.0191E-07 9.6639E-08 9.1064E-08 8.4434E-08 7.5723E-08 6.8783E-08 6.2607E-08 5.3766E-08 4.5821E-08
0.0000E+00 0.0000E+00 0.0000E+00 0.0000E+00 0.0000E+00 0.0000E+00 0.0000E+00 0.0000E+00 0.0000E+00 0.0000E+00 0.0000E+00 0.0000E+00 6.2471E-14 1.5479E-10 3.7325E-10 5.8652E-10 8.5652E-10 1.8925E-09 3.1782E-09 4.2915E-09 5.6606E-09 7.7498E-09 1.0614E-08 1.4111E-08 1.8245E-08 2.2938E-08 2.8184E-08 3.4019E-08 4.0357E-08 4.7630E-08 6.3032E-08 9.1993E-08 1.2470E-07 1.5043E-07 1.5990E-07 1.5542E-07 1.4580E-07 1.3819E-07 1.3477E-07 1.3349E-07 1.3170E-07 1.2785E-07 1.2212E-07 1.1563E-07 1.0990E-07 1.0541E-07 1.0197E-07 9.9031E-08 9.6315E-08 9.1472E-08 8.4350E-08 7.8767E-08 7.2186E-08 6.3903E-08 5.7907E-08 5.1520E-08 4.3503E-08
0.0000E+00 0.0000E+00 0.0000E+00 0.0000E+00 0.0000E+00 0.0000E+00 0.0000E+00 0.0000E+00 0.0000E+00 0.0000E+00 0.0000E+00 0.0000E+00 0.0000E+00 1.0257E-10 2.9982E-10 5.2168E-10 7.6718E-10 1.6694E-09 2.8395E-09 3.8359E-09 5.0664E-09 6.9074E-09 9.4485E-09 1.2475E-08 1.6180E-08 2.0389E-08 2.5032E-08 3.0186E-08 3.5829E-08 4.1835E-08 4.9104E-08 6.0767E-08 7.4759E-08 8.7221E-08 9.5694E-08 9.9317E-08 1.0044E-07 1.0110E-07 1.0255E-07 1.0424E-07 1.0531E-07 1.0522E-07 1.0382E-07 1.0147E-07 9.8997E-08 9.6693E-08 9.4582E-08 9.2564E-08 9.0377E-08 8.6054E-08 7.9330E-08 7.2372E-08 6.8127E-08 6.0580E-08 5.2670E-08 4.7254E-08 4.1367E-08
0.0000E+00 0.0000E+00 0.0000E+00 0.0000E+00 0.0000E+00 0.0000E+00 0.0000E+00 0.0000E+00 0.0000E+00 0.0000E+00 0.0000E+00 0.0000E+00 0.0000E+00 5.3530E-11 2.2128E-10 4.4826E-10 6.7965E-10 1.4627E-09 2.5208E-09 3.4081E-09 4.5090E-09 5.8403E-09 8.3605E-09 1.0992E-08 1.4229E-08 1.8010E-08 2.2092E-08 2.6647E-08 3.1622E-08 3.6917E-08 4.2426E-08 4.8860E-08 5.6026E-08 6.2743E-08 6.8643E-08 7.3447E-08 7.7320E-08 8.0822E-08 8.3788E-08 8.6465E-08 8.8626E-08 8.9928E-08 9.0374E-08 9.0205E-08 8.9473E-08 8.8501E-08 8.7366E-08 8.5957E-08 8.2690E-08 7.8994E-08 7.4307E-08 6.7537E-08 6.1364E-08 5.6964E-08 4.9560E-08 4.2500E-08 3.7640E-08
0.0000E+00 0.0000E+00 0.0000E+00 0.0000E+00 0.0000E+00 0.0000E+00 0.0000E+00 0.0000E+00 0.0000E+00 0.0000E+00 0.0000E+00 0.0000E+00 0.0000E+00 2.1587E-11 1.4594E-10 3.6289E-10 5.8792E-10 1.2656E-09 2.1384E-09 3.0095E-09 3.9884E-09 5.1670E-09 7.3525E-09 9.6609E-09 1.2402E-08 1.5804E-08 1.9405E-08 2.3384E-08 2.7733E-08 3.2374E-08 3.7218E-08 4.2159E-08 4.7218E-08 5.2183E-08 5.6879E-08 6.1230E-08 6.5257E-08 6.8951E-08 7.2167E-08 7.5032E-08 7.7299E-08 7.9031E-08 8.0245E-08 8.0889E-08 8.1066E-08 8.0868E-08 8.0272E-08 7.9336E-08 7.6535E-08 7.1590E-08 6.7735E-08 6.2995E-08 5.6480E-08 5.1579E-08 4.6490E-08 3.9539E-08 3.3082E-08
0.0000E+00 0.0000E+00 0.0000E+00 0.0000E+00 0.0000E+00 0.0000E+00 0.0000E+00 0.0000E+00 0.0000E+00 0.0000E+00 0.0000E+00 0.0000E+00 0.0000E+00 4.7649E-12 9.2868E-11 2.6140E-10 4.7941E-10 1.0886E-09 1.8662E-09 2.6417E-09 3.5045E-09 4.5427E-09 6.2884E-09 8.4407E-09 1.0706E-08 1.3753E-08 1.6942E-08 2.0396E-08 2.4176E-08 2.8218E-08 3.2453E-08 3.6791E-08 4.1147E-08 4.5437E-08 4.9589E-08 5.3554E-08 5.7222E-08 6.0558E-08 6.3573E-08 6.6187E-08 6.8440E-08 7.0322E-08 7.1729E-08 7.2745E-08 7.3371E-08 7.3571E-08 7.3391E-08 7.2348E-08 7.0420E-08 6.5906E-08 6.0940E-08 5.7393E-08 5.2239E-08 4.6062E-08 4.1672E-08 3.6671E-08 3.0245E-08
0.0000E+00 0.0000E+00 0.0000E+00 0.0000E+00 0.0000E+00 0.0000E+00 0.0000E+00 0.0000E+00 0.0000E+00 0.0000E+00 0.0000E+00 0.0000E+00 0.0000E+00 0.0000E+00 5.5978E-11 1.7947E-10 3.9030E-10 8.3107E-10 1.6123E-09 2.3011E-09 3.0582E-09 3.9638E-09 5.3746E-09 7.1796E-09 9.2360E-09 1.1826E-08 1.4690E-08 1.7686E-08 2.0951E-08 2.4456E-08 2.8132E-08 3.1916E-08 3.5734E-08 3.9527E-08 4.3234E-08 4.6768E-08 5.0129E-08 5.3229E-08 5.6037E-08 5.8570E-08 6.0799E-08 6.2650E-08 6.4182E-08 6.5360E-08 6.6150E-08 6.6645E-08 6.6743E-08 6.5239E-08 6.3275E-08 6.0431E-08 5.5710E-08 5.0905E-08 4.8252E-08 4.2436E-08 3.6508E-08 3.2491E-08 2.7883E-08
0.0000E+00 0.0000E+00 0.0000E+00 0.0000E+00 0.0000E+00 0.0000E+00 0.0000E+00 0.0000E+00 0.0000E+00 0.0000E+00 0.0000E+00 0.0000E+00 0.0000E+00 0.0000E+00 2.5927E-11 1.1268E-10 2.8291E-10 5.0198E-10 1.3753E-09 1.9830E-09 2.6428E-09 3.4368E-09 4.3698E-09 6.2179E-09 7.7998E-09 1.0062E-08 1.2667E-08 1.5236E-08 1.8055E-08 2.1074E-08 2.4242E-08 2.7527E-08 3.0859E-08 3.4189E-08 3.7454E-08 4.0620E-08 4.3646E-08 4.6470E-08 4.9123E-08 5.1524E-08 5.3654E-08 5.5543E-08 5.7123E-08 5.8380E-08 5.9368E-08 6.0011E-08 6.0314E-08 5.9131E-08 5.6164E-08 5.3868E-08 5.0719E-08 4.6082E-08 4.2740E-08 3.8824E-08 3.3294E-08 2.8014E-08 2.5487E-08
0.0000E+00 0.0000E+00 0.0000E+00 0.0000E+00 0.0000E+00 0.0000E+00 0.0000E+00 0.0000E+00 0.0000E+00 0.0000E+00 0.0000E+00 0.0000E+00 0.0000E+00 0.0000E+00 6.0174E-12 6.5555E-11 1.9626E-10 3.6642E-10 1.1347E-09 1.6886E-09 2.2620E-09 2.9600E-09 3.7680E-09 5.2448E-09 6.7024E-09 8.3362E-09 1.0792E-08 1.3055E-08 1.5457E-08 1.8053E-08 2.0775E-08 2.3608E-08 2.6497E-08 2.9395E-08 3.2267E-08 3.5068E-08 3.7763E-08 4.0361E-08 4.2788E-08 4.5030E-08 4.7113E-08 4.8944E-08 5.0525E-08 5.1876E-08 5.2951E-08 5.3729E-08 5.3649E-08 5.3300E-08 5.0473E-08 4.7304E-08 4.5025E-08 4.1868E-08 3.7176E-08 3.3996E-08 3.0366E-08 2.5000E-08 2.1327E-08
0.0000E+00 0.0000E+00 0.0000E+00 0.0000E+00 0.0000E+00 0.0000E+00 0.0000E+00 0.0000E+00 0.0000E+00 0.0000E+00 0.0000E+00 0.0000E+00 0.0000E+00 0.0000E+00 0.0000E+00 3.5587E-11 1.2892E-10 2.5910E-10 7.5539E-10 1.4079E-09 1.9310E-09 2.5294E-09 3.2294E-09 4.3959E-09 5.6087E-09 7.0512E-09 8.8714E-09 1.0924E-08 1.3167E-08 1.5367E-08 1.7706E-08 2.0131E-08 2.2622E-08 2.5134E-08 2.7625E-08 3.0096E-08 3.2512E-08 3.4837E-08 3.7055E-08 3.9162E-08 4.1101E-08 4.2874E-08 4.4470E-08 4.5823E-08 4.6969E-08 4.7871E-08 4.7605E-08 4.6756E-08 4.5369E-08 4.2440E-08 3.9260E-08 3.7741E-08 3.3572E-08 2.9216E-08 2.6272E-08 2.2589E-08 1.9179E-08
