Assets/Resources/2015_m01_d11_1000(utc+0800)_l00_csi_1hr_conc.grd
DSAA
         159         159
     -79.000      79.000
     -79.000      79.000
  0.0000E+00  0.2839E-05
[rows 50 to 74 of 159, columns 57 to 113 of 159]
1.3784E-08 1.8275E-08 2.3165E-08 2.8029E-08 3.2351E-08 3.5484E-08 3.6922E-08 3.6321E-08 3.3704E-08 2.9410E-08 2.4114E-08 1.8681E-08 1.3866E-08 1.0105E-08 7.5645E-09 6.0844E-09 5.3974E-09 5.2026E-09 5.2422E-09 5.3776E-09 5.5384E-09 5.6986E-09 5.8618E-09 6.0291E-09 6.1970E-09 6.3604E-09 6.5197E-09 6.6731E-09 6.8198E-09 6.9595E-09 7.0903E-09 7.2123E-09 7.3226E-09 7.4217E-09 7.5082E-09 7.5806E-09 7.6399E-09 7.6839E-09 7.7137E-09 7.7296E-09 7.7314E-09 7.7195E-09 7.6951E-09 7.6581E-09 7.6096E-09 7.5502E-09 7.4811E-09 7.4020E-09 7.3138E-09 7.2172E-09 7.1127E-09 7.0012E-09 6.8834E-09 6.7601E-09 6.6315E-09 6.4975E-09 6.3599E-09
1.1718E-08 1.5925E-08 2.0675E-08 2.5639E-08 3.0319E-08 3.4085E-08 3.6327E-08 3.6536E-08 3.4537E-08 3.0563E-08 2.5250E-08 1.9530E-08 1.4215E-08 9.9880E-09 7.0889E-09 5.4235E-09 4.6699E-09 4.4676E-09 4.5540E-09 4.7348E-09 4.9304E-09 5.1279E-09 5.3258E-09 5.5219E-09 5.7144E-09 5.9014E-09 6.0823E-09 6.2562E-09 6.4225E-09 6.5806E-09 6.7290E-09 6.8681E-09 6.9957E-09 7.1111E-09 7.2134E-09 7.3031E-09 7.3780E-09 7.4386E-09 7.4852E-09 7.5174E-09 7.5360E-09 7.5411E-09 7.5331E-09 7.5127E-09 7.4806E-09 7.4375E-09 7.3839E-09 7.3197E-09 7.2462E-09 7.1636E-09 7.0728E-09 6.9740E-09 6.8687E-09 6.7570E-09 6.6388E-09 6.5152E-09 6.3867E-09
9.8716E-09 1.3759E-08 1.8301E-08 2.3275E-08 2.8201E-08 3.2513E-08 3.5531E-08 3.6627E-08 3.5448E-08 3.2022E-08 2.6820E-08 2.0795E-08 1.4995E-08 1.0270E-08 6.9256E-09 5.0003E-09 4.1122E-09 3.8690E-09 3.9723E-09 4.1861E-09 4.4044E-09 4.6233E-09 4.8422E-09 5.0555E-09 5.2627E-09 5.4651E-09 5.6609E-09 5.8490E-09 6.0301E-09 6.2019E-09 6.3648E-09 6.5176E-09 6.6588E-09 6.7883E-09 6.9054E-09 7.0090E-09 7.0984E-09 7.1744E-09 7.2360E-09 7.2845E-09 7.3187E-09 7.3400E-09 7.3482E-09 7.3439E-09 7.3281E-09 7.3009E-09 7.2624E-09 7.2137E-09 7.1547E-09 7.0864E-09 7.0092E-09 6.9240E-09 6.8313E-09 6.7313E-09 6.6245E-09 6.5117E-09 6.3931E-09
8.2093E-09 1.1757E-08 1.6084E-08 2.0963E-08 2.6046E-08 3.0818E-08 3.4541E-08 3.6557E-08 3.6260E-08 3.3483E-08 2.8610E-08 2.2490E-08 1.6214E-08 1.0881E-08 7.0311E-09 4.7866E-09 3.7287E-09 3.3971E-09 3.4847E-09 3.7150E-09 3.9515E-09 4.1798E-09 4.4042E-09 4.6250E-09 4.8414E-09 5.0515E-09 5.2566E-09 5.4547E-09 5.6448E-09 5.8271E-09 6.0004E-09 6.1637E-09 6.3162E-09 6.4576E-09 6.5866E-09 6.7022E-09 6.8051E-09 6.8944E-09 6.9708E-09 7.0332E-09 7.0828E-09 7.1191E-09 7.1426E-09 7.1543E-09 7.1540E-09 7.1422E-09 7.1190E-09 7.0850E-09 7.0409E-09 6.9870E-09 6.9236E-09 6.8520E-09 6.7722E-09 6.6845E-09 6.5894E-09 6.4875E-09 6.3795E-09
6.7620E-09 9.9896E-09 1.4003E-08 1.8748E-08 2.3915E-08 2.9021E-08 3.3355E-08 3.6221E-08 3.6856E-08 3.4946E-08 3.0502E-08 2.4355E-08 1.7738E-08 1.1832E-08 7.4380E-09 4.7671E-09 3.4790E-09 3.0610E-09 3.0883E-09 3.3211E-09 3.5526E-09 3.7815E-09 4.0057E-09 4.2276E-09 4.4469E-09 4.6616E-09 4.8702E-09 5.0733E-09 5.2700E-09 5.4579E-09 5.6392E-09 5.8099E-09 5.9715E-09 6.1215E-09 6.2601E-09 6.3865E-09 6.5009E-09 6.6025E-09 6.6913E-09 6.7674E-09 6.8306E-09 6.8811E-09 6.9197E-09 6.9459E-09 6.9608E-09 6.9635E-09 6.9553E-09 6.9360E-09 6.9063E-09 6.8663E-09 6.8174E-09 6.7590E-09 6.6922E-09 6.6169E-09 6.5339E-09 6.4435E-09 6.3461E-09
5.4965E-09 8.3166E-09 1.2040E-08 1.6610E-08 2.1782E-08 2.7141E-08 3.2039E-08 3.5677E-08 3.7263E-08 3.6209E-08 3.2374E-08 2.6401E-08 1.9544E-08 1.3077E-08 8.1135E-09 4.9761E-09 3.4057E-09 2.8161E-09 2.7635E-09 2.9740E-09 3.1969E-09 3.4206E-09 3.6422E-09 3.8612E-09 4.0782E-09 4.2930E-09 4.5029E-09 4.7072E-09 4.9061E-09 5.0985E-09 5.2830E-09 5.4597E-09 5.6266E-09 5.7835E-09 5.9299E-09 6.0654E-09 6.1895E-09 6.3016E-09 6.4017E-09 6.4896E-09 6.5655E-09 6.6294E-09 6.6814E-09 6.7219E-09 6.7504E-09 6.7677E-09 6.7734E-09 6.7684E-09 6.7527E-09 6.7269E-09 6.6914E-09 6.6467E-09 6.5927E-09 6.5300E-09 6.4589E-09 6.3801E-09 6.2938E-09
4.3508E-09 6.7671E-09 1.0144E-08 1.4456E-08 1.9567E-08 2.5142E-08 3.0574E-08 3.4984E-08 3.7498E-08 3.7352E-08 3.4315E-08 2.8684E-08 2.1621E-08 1.4670E-08 9.1167E-09 5.3816E-09 3.4434E-09 2.6523E-09 2.4951E-09 2.6659E-09 2.8798E-09 3.0941E-09 3.3088E-09 3.5230E-09 3.7353E-09 3.9457E-09 4.1533E-09 4.3570E-09 4.5551E-09 4.7487E-09 4.9350E-09 5.1139E-09 5.2846E-09 5.4466E-09 5.5991E-09 5.7418E-09 5.8735E-09 5.9947E-09 6.1043E-09 6.2032E-09 6.2902E-09 6.3664E-09 6.4309E-09 6.4841E-09 6.5260E-09 6.5563E-09 6.5757E-09 6.5841E-09 6.5820E-09 6.5699E-09 6.5478E-09 6.5162E-09 6.4749E-09 6.4246E-09 6.3656E-09 6.2985E-09 6.2231E-09
3.3234E-09 5.3632E-09 8.2812E-09 1.2232E-08 1.7263E-08 2.2955E-08 2.8804E-08 3.4015E-08 3.7604E-08 3.8522E-08 3.6270E-08 3.1071E-08 2.4097E-08 1.6665E-08 1.0380E-08 6.0144E-09 3.6065E-09 2.5668E-09 2.2784E-09 2.3916E-09 2.5945E-09 2.7985E-09 3.0038E-09 3.2097E-09 3.4156E-09 3.6203E-09 3.8226E-09 4.0229E-09 4.2185E-09 4.4101E-09 4.5958E-09 4.7754E-09 4.9482E-09 5.1135E-09 5.2702E-09 5.4179E-09 5.5563E-09 5.6845E-09 5.8029E-09 5.9106E-09 6.0081E-09 6.0948E-09 6.1706E-09 6.2357E-09 6.2892E-09 6.3323E-09 6.3640E-09 6.3856E-09 6.3965E-09 6.3972E-09 6.3882E-09 6.3690E-09 6.3403E-09 6.3022E-09 6.2553E-09 6.1997E-09 6.1353E-09
2.3710E-09 4.0101E-09 6.5337E-09 1.0047E-08 1.4714E-08 2.0431E-08 2.6742E-08 3.2722E-08 3.7329E-08 3.9453E-08 3.8357E-08 3.3821E-08 2.6793E-08 1.8932E-08 1.1936E-08 6.8713E-09 3.8958E-09 2.5499E-09 2.1117E-09 2.1515E-09 2.3399E-09 2.5310E-09 2.7251E-09 2.9215E-09 3.1180E-09 3.3149E-09 3.5106E-09 3.7046E-09 3.8957E-09 4.0840E-09 4.2677E-09 4.4465E-09 4.6197E-09 4.7861E-09 4.9455E-09 5.0968E-09 5.2399E-09 5.3742E-09 5.4995E-09 5.6151E-09 5.7214E-09 5.8173E-09 5.9034E-09 5.9784E-09 6.0434E-09 6.0973E-09 6.1413E-09 6.1746E-09 6.1978E-09 6.2109E-09 6.2141E-09 6.2071E-09 6.1904E-09 6.1642E-09 6.1292E-09 6.0844E-09 6.0312E-09
1.5933E-09 2.8273E-09 4.8148E-09 7.8152E-09 1.2080E-08 1.7622E-08 2.4099E-08 3.0812E-08 3.6643E-08 4.0217E-08 4.0307E-08 3.6619E-08 2.9872E-08 2.1705E-08 1.3881E-08 7.9411E-09 4.3149E-09 2.6035E-09 1.9892E-09 1.9344E-09 2.1085E-09 2.2871E-09 2.4688E-09 2.6540E-09 2.8404E-09 3.0280E-09 3.2156E-09 3.4029E-09 3.5882E-09 3.7719E-09 3.9522E-09 4.1285E-09 4.3003E-09 4.4668E-09 4.6270E-09 4.7809E-09 4.9272E-09 5.0661E-09 5.1966E-09 5.3192E-09 5.4323E-09 5.5367E-09 5.6307E-09 5.7155E-09 5.7898E-09 5.8547E-09 5.9091E-09 5.9536E-09 5.9882E-09 6.0128E-09 6.0274E-09 6.0321E-09 6.0268E-09 6.0125E-09 5.9881E-09 5.9547E-09 5.9121E-09
9.6833E-10 1.8263E-09 3.3001E-09 5.7537E-09 9.3644E-09 1.4444E-08 2.0929E-08 2.8292E-08 3.5248E-08 4.0338E-08 4.2108E-08 3.9706E-08 3.3348E-08 2.4804E-08 1.6189E-08 9.3597E-09 4.9323E-09 2.7142E-09 1.8967E-09 1.7421E-09 1.8969E-09 2.0626E-09 2.2321E-09 2.4059E-09 2.5822E-09 2.7597E-09 2.9388E-09 3.1179E-09 3.2970E-09 3.4743E-09 3.6498E-09 3.8226E-09 3.9918E-09 4.1569E-09 4.3172E-09 4.4718E-09 4.6203E-09 4.7622E-09 4.8972E-09 5.0245E-09 5.1438E-09 5.2542E-09 5.3560E-09 5.4484E-09 5.5318E-09 5.6055E-09 5.6698E-09 5.7245E-09 5.7696E-09 5.8048E-09 5.8301E-09 5.8456E-09 5.8516E-09 5.8477E-09 5.8343E-09 5.8114E-09 5.7792E-09
5.1936E-10 1.0901E-09 2.1032E-09 3.8554E-09 6.7301E-09 1.1221E-08 1.7324E-08 2.4847E-08 3.2911E-08 3.9832E-08 4.3479E-08 4.2622E-08 3.7159E-08 2.8587E-08 1.9091E-08 1.1091E-08 5.7440E-09 2.9268E-09 1.8431E-09 1.5877E-09 1.7029E-09 1.8561E-09 2.0140E-09 2.1761E-09 2.3417E-09 2.5093E-09 2.6790E-09 2.8495E-09 3.0211E-09 3.1919E-09 3.3615E-09 3.5298E-09 3.6958E-09 3.8583E-09 4.0173E-09 4.1715E-09 4.3211E-09 4.4648E-09 4.6027E-09 4.7335E-09 4.8570E-09 4.9729E-09 5.0805E-09 5.1801E-09 5.2706E-09 5.3527E-09 5.4255E-09 5.4895E-09 5.5438E-09 5.5887E-09 5.6238E-09 5.6497E-09 5.6657E-09 5.6720E-09 5.6689E-09 5.6561E-09 5.6338E-09
1.7672E-10 5.3737E-10 1.1751E-09 2.3879E-09 4.4869E-09 7.9749E-09 1.3365E-08 2.0797E-08 2.9495E-08 3.8007E-08 4.4047E-08 4.5418E-08 4.1313E-08 3.2861E-08 2.2591E-08 1.3330E-08 6.9152E-09 3.3115E-09 1.8327E-09 1.4514E-09 1.5251E-09 1.6665E-09 1.8128E-09 1.9637E-09 2.1186E-09 2.2760E-09 2.4362E-09 2.5977E-09 2.7613E-09 2.9250E-09 3.0885E-09 3.2513E-09 3.4129E-09 3.5722E-09 3.7288E-09 3.8819E-09 4.0310E-09 4.1755E-09 4.3144E-09 4.4476E-09 4.5743E-09 4.6942E-09 4.8069E-09 4.9117E-09 5.0089E-09 5.0976E-09 5.1784E-09 5.2499E-09 5.3128E-09 5.3662E-09 5.4107E-09 5.4455E-09 5.4712E-09 5.4869E-09 5.4934E-09 5.4901E-09 5.4770E-09
3.4167E-11 1.6112E-10 5.3339E-10 1.2718E-09 2.6491E-09 5.1753E-09 9.5019E-09 1.6067E-08 2.4912E-08 3.4735E-08 4.3304E-08 4.7544E-08 4.5552E-08 3.7852E-08 2.7165E-08 1.6508E-08 8.4802E-09 3.8711E-09 1.9087E-09 1.3377E-09 1.3629E-09 1.4929E-09 1.6280E-09 1.7679E-09 1.9122E-09 2.0595E-09 2.2102E-09 2.3627E-09 2.5178E-09 2.6740E-09 2.8309E-09 2.9877E-09 3.1443E-09 3.2995E-09 3.4529E-09 3.6038E-09 3.7511E-09 3.8948E-09 4.0342E-09 4.1683E-09 4.2974E-09 4.4199E-09 4.5362E-09 4.6457E-09 4.7479E-09 4.8429E-09 4.9295E-09 5.0082E-09 5.0780E-09 5.1396E-09 5.1919E-09 5.2354E-09 5.2693E-09 5.2941E-09 5.3092E-09 5.3148E-09 5.3107E-09
2.1936E-11 3.6598E-11 1.4426E-10 5.1908E-10 1.3612E-09 2.9578E-09 6.0455E-09 1.1322E-08 1.9453E-08 2.9912E-08 4.0653E-08 4.8204E-08 4.9624E-08 4.3709E-08 3.2708E-08 2.0627E-08 1.0965E-08 4.8734E-09 2.0791E-09 1.2528E-09 1.2151E-09 1.3343E-09 1.4587E-09 1.5881E-09 1.7221E-09 1.8596E-09 2.0008E-09 2.1444E-09 2.2910E-09 2.4393E-09 2.5891E-09 2.7397E-09 2.8905E-09 3.0409E-09 3.1900E-09 3.3373E-09 3.4825E-09 3.6244E-09 3.7630E-09 3.8976E-09 4.0270E-09 4.1518E-09 4.2704E-09 4.3835E-09 4.4897E-09 4.5891E-09 4.6811E-09 4.7654E-09 4.8419E-09 4.9100E-09 4.9696E-09 5.0202E-09 5.0621E-09 5.0947E-09 5.1181E-09 5.1318E-09 5.1358E-09
1.2052E-11 2.2881E-11 3.8530E-11 1.2393E-10 4.9846E-10 1.4100E-09 3.3388E-09 7.0882E-09 1.3664E-08 2.3478E-08 3.5640E-08 4.6948E-08 5.2557E-08 4.9673E-08 3.9746E-08 2.6456E-08 1.4300E-08 6.3018E-09 2.4660E-09 1.2167E-09 1.0847E-09 1.1910E-09 1.3052E-09 1.4245E-09 1.5484E-09 1.6761E-09 1.8079E-09 1.9426E-09 2.0807E-09 2.2210E-09 2.3632E-09 2.5069E-09 2.6513E-09 2.7961E-09 2.9405E-09 3.0836E-09 3.2255E-09 3.3653E-09 3.5020E-09 3.6357E-09 3.7653E-09 3.8905E-09 4.0113E-09 4.1261E-09 4.2356E-09 4.3382E-09 4.4345E-09 4.5235E-09 4.6053E-09 4.6792E-09 4.7448E-09 4.8021E-09 4.8508E-09 4.8906E-09 4.9211E-09 4.9424E-09 4.9541E-09
4.9941E-12 1.3183E-11 2.4021E-11 4.0124E-11 1.0399E-10 4.6777E-10 1.4866E-09 3.7356E-09 8.2710E-09 1.6496E-08 2.8478E-08 4.2326E-08 5.3109E-08 5.5751E-08 4.7821E-08 3.3658E-08 1.9302E-08 8.7859E-09 3.1927E-09 1.2581E-09 9.6294E-10 1.0612E-09 1.1657E-09 1.2754E-09 1.3897E-09 1.5079E-09 1.6306E-09 1.7564E-09 1.8860E-09 2.0179E-09 2.1524E-09 2.2890E-09 2.4269E-09 2.5655E-09 2.7046E-09 2.8434E-09 2.9810E-09 3.1176E-09 3.2521E-09 3.3838E-09 3.5129E-09 3.6379E-09 3.7589E-09 3.8753E-09 3.9860E-09 4.0917E-09 4.1908E-09 4.2839E-09 4.3697E-09 4.4483E-09 4.5192E-09 4.5821E-09 4.6370E-09 4.6828E-09 4.7199E-09 4.7480E-09 4.7668E-09
5.0221E-13 6.2508E-12 1.3746E-11 2.6564E-11 4.3148E-11 8.4617E-11 4.4791E-10 1.5457E-09 4.1892E-09 9.6935E-09 1.9631E-08 3.4485E-08 5.0228E-08 5.9577E-08 5.6745E-08 4.3411E-08 2.6301E-08 1.2337E-08 4.4593E-09 1.4583E-09 8.5299E-10 9.4349E-10 1.0390E-09 1.1396E-09 1.2448E-09 1.3539E-09 1.4677E-09 1.5847E-09 1.7059E-09 1.8298E-09 1.9565E-09 2.0857E-09 2.2171E-09 2.3493E-09 2.4825E-09 2.6162E-09 2.7496E-09 2.8821E-09 3.0137E-09 3.1432E-09 3.2701E-09 3.3944E-09 3.5147E-09 3.6313E-09 3.7433E-09 3.8502E-09 3.9520E-09 4.0473E-09 4.1366E-09 4.2189E-09 4.2942E-09 4.3619E-09 4.4215E-09 4.4730E-09 4.5158E-09 4.5501E-09 4.5750E-09
0.0000E+00 1.8313E-12 6.7568E-12 1.5479E-11 2.7949E-11 4.3681E-11 9.2560E-11 4.2364E-10 1.5416E-09 4.5332E-09 1.1226E-08 2.3593E-08 4.1645E-08 5.9540E-08 6.5817E-08 5.5329E-08 3.6040E-08 1.7873E-08 6.6260E-09 1.9099E-09 7.9180E-10 8.3691E-10 9.2406E-10 1.0161E-09 1.1127E-09 1.2132E-09 1.3184E-09 1.4272E-09 1.5403E-09 1.6562E-09 1.7751E-09 1.8970E-09 2.0212E-09 2.1473E-09 2.2743E-09 2.4025E-09 2.5313E-09 2.6595E-09 2.7871E-09 2.9137E-09 3.0380E-09 3.1602E-09 3.2797E-09 3.3953E-09 3.5076E-09 3.6153E-09 3.7179E-09 3.8155E-09 3.9068E-09 3.9923E-09 4.0708E-09 4.1422E-09 4.2061E-09 4.2623E-09 4.3102E-09 4.3495E-09 4.3802E-09
0.0000E+00 0.0000E+00 2.3371E-12 7.1570E-12 1.7252E-11 3.0191E-11 4.6717E-11 8.5026E-11 3.7532E-10 1.5014E-09 4.7135E-09 1.2677E-08 2.8501E-08 5.1470E-08 7.0639E-08 7.0571E-08 5.0484E-08 2.6755E-08 1.0272E-08 2.7340E-09 8.1196E-10 7.4075E-10 8.2015E-10 9.0419E-10 9.9281E-10 1.0852E-09 1.1822E-09 1.2829E-09 1.3880E-09 1.4963E-09 1.6077E-09 1.7222E-09 1.8395E-09 1.9591E-09 2.0802E-09 2.2024E-09 2.3258E-09 2.4496E-09 2.5727E-09 2.6953E-09 2.8169E-09 2.9363E-09 3.0538E-09 3.1686E-09 3.2797E-09 3.3873E-09 3.4904E-09 3.5887E-09 3.6819E-09 3.7690E-09 3.8501E-09 3.9244E-09 3.9920E-09 4.0519E-09 4.1039E-09 4.1479E-09 4.1837E-09
0.0000E+00 0.0000E+00 0.0000E+00 2.3459E-12 9.7464E-12 1.9172E-11 3.0537E-11 4.7991E-11 7.4767E-11 2.7402E-10 1.2677E-09 4.6981E-09 1.4292E-08 3.4766E-08 6.5260E-08 8.5308E-08 7.2227E-08 4.0946E-08 1.6221E-08 4.5066E-09 9.4645E-10 6.5478E-10 7.2629E-10 8.0321E-10 8.8432E-10 9.6900E-10 1.0584E-09 1.1514E-09 1.2490E-09 1.3499E-09 1.4540E-09 1.5613E-09 1.6715E-09 1.7844E-09 1.8993E-09 2.0156E-09 2.1330E-09 2.2517E-09 2.3704E-09 2.4887E-09 2.6066E-09 2.7233E-09 2.8380E-09 2.9506E-09 3.0605E-09 3.1668E-09 3.2698E-09 3.3683E-09 3.4619E-09 3.5504E-09 3.6331E-09 3.7099E-09 3.7798E-09 3.8428E-09 3.8983E-09 3.9464E-09 3.9863E-09
0.0000E+00 0.0000E+00 0.0000E+00 0.0000E+00 3.8953E-12 1.0356E-11 1.9836E-11 3.3484E-11 5.1132E-11 7.2673E-11 1.2244E-10 9.8717E-10 4.4230E-09 1.5982E-08 4.4279E-08 8.5295E-08 1.0241E-07 6.8325E-08 2.7964E-08 7.7230E-09 1.3538E-09 5.7801E-10 6.4273E-10 7.1269E-10 7.8674E-10 8.6434E-10 9.4646E-10 1.0321E-09 1.1223E-09 1.2159E-09 1.3130E-09 1.4131E-09 1.5165E-09 1.6225E-09 1.7310E-09 1.8414E-09 1.9531E-09 2.0661E-09 2.1800E-09 2.2941E-09 2.4076E-09 2.5206E-09 2.6324E-09 2.7421E-09 2.8500E-09 2.9551E-09 3.0566E-09 3.1546E-09 3.2481E-09 3.3371E-09 3.4209E-09 3.4988E-09 3.5707E-09 3.6360E-09 3.6946E-09 3.7456E-09 3.7892E-09
0.0000E+00 0.0000E+00 0.0000E+00 0.0000E+00 9.1961E-13 5.3237E-12 1.2191E-11 2.1314E-11 3.4276E-11 5.1170E-11 7.4026E-11 1.0353E-10 6.0162E-10 3.9388E-09 1.7631E-08 5.8673E-08 1.1868E-07 1.1883E-07 5.3842E-08 1.4265E-08 2.2712E-09 5.0844E-10 5.6750E-10 6.3101E-10 6.9857E-10 7.6955E-10 8.4482E-10 9.2357E-10 1.0068E-09 1.0935E-09 1.1835E-09 1.2770E-09 1.3736E-09 1.4730E-09 1.5751E-09 1.6794E-09 1.7856E-09 1.8929E-09 2.0014E-09 2.1106E-09 2.2198E-09 2.3286E-09 2.4369E-09 2.5439E-09 2.6487E-09 2.7515E-09 2.8515E-09 2.9481E-09 3.0412E-09 3.1298E-09 3.2138E-09 3.2925E-09 3.3656E-09 3.4327E-09 3.4932E-09 3.5468E-09 3.5933E-09
0.0000E+00 0.0000E+00 0.0000E+00 0.0000E+00 0.0000E+00 1.4825E-12 6.1258E-12 1.3275E-11 2.3113E-11 3.6526E-11 5.3770E-11 7.6729E-11 1.0449E-10 1.5134E-10 3.0195E-09 1.9412E-08 8.1447E-08 1.7426E-07 1.2553E-07 3.1334E-08 4.7843E-09 5.1855E-10 5.0023E-10 5.5801E-10 6.1948E-10 6.8427E-10 7.5310E-10 8.2537E-10 9.0199E-10 9.8205E-10 1.0655E-09 1.1524E-09 1.2426E-09 1.3356E-09 1.4312E-09 1.5294E-09 1.6295E-09 1.7314E-09 1.8344E-09 1.9385E-09 2.0432E-09 2.1477E-09 2.2518E-09 2.3551E-09 2.4570E-09 2.5570E-09 2.6548E-09 2.7497E-09 2.8413E-09 2.9290E-09 3.0126E-09 3.0915E-09 3.1651E-09 3.2332E-09 3.2951E-09 3.3508E-09 3.3994E-09
0.0000E+00 0.0000E+00 0.0000E+00 0.0000E+00 0.0000E+00 0.0000E+00 2.2931E-12 7.9421E-12 1.5347E-11 2.4451E-11 3.6612E-11 5.5422E-11 7.7397E-11 1.0568E-10 1.3305E-10 1.7209E-09 1.9818E-08 1.2111E-07 2.6237E-07 1.0319E-07 1.1892E-08 6.6701E-10 4.3989E-10 4.9235E-10 5.4793E-10 6.0746E-10 6.7037E-10 7.3659E-10 8.0703E-10 8.8074E-10 9.5782E-10 1.0384E-09 1.1223E-09 1.2090E-09 1.2985E-09 1.3906E-09 1.4850E-09 1.5812E-09 1.6787E-09 1.7775E-09 1.8772E-09 1.9771E-09 2.0769E-09 2.1763E-09 2.2747E-09 2.3716E-09 2.4666E-09 2.5592E-09 2.6489E-09 2.7354E-09 2.8180E-09 2.8964E-09 2.9700E-09 3.0384E-09 3.1014E-09 3.1581E-09 3.2086E-09
