Assets/Resources/2015_m01_d17_1100(utc+0800)_l00_csi_1hr_conc.grd
DSAA
         159         159
     -79.000      79.000
     -79.000      79.000
  0.0000E+00  0.4391E-06
[rows 50 to 74 of 159, columns 0 to 56 of 159]
3.0564E-12 4.5329E-12 8.2324E-12 9.6443E-12 1.3786E-11 1.8886E-11 3.1086E-11 4.3757E-11 6.0346E-11 7.7830E-11 1.0038E-10 1.1856E-10 1.4607E-10 1.7017E-10 2.0041E-10 2.3555E-10 2.7169E-10 3.1420E-10 3.6637E-10 4.1509E-10 4.7615E-10 5.4200E-10 6.1388E-10 7.0048E-10 7.9967E-10 9.1884E-10 1.0667E-09 1.2283E-09 1.4267E-09 1.6459E-09 1.9167E-09 2.2677E-09 2.6422E-09 3.1161E-09 3.6754E-09 4.3159E-09 5.0839E-09 5.9782E-09 7.0110E-09 8.2034E-09 9.5685E-09 1.1098E-08 1.2824E-08 1.4713E-08 1.6742E-08 1.8927E-08 2.1208E-08 2.3522E-08 2.5827E-08 2.8057E-08 3.0156E-08 3.2070E-08 3.3734E-08 3.5057E-08 3.5997E-08 3.6526E-08 3.6641E-08
1.7176E-12 3.5116E-12 5.0191E-12 8.3449E-12 1.1073E-11 1.5281E-11 2.4808E-11 3.6367E-11 5.2375E-11 7.0195E-11 9.0809E-11 1.1203E-10 1.3460E-10 1.6139E-10 1.8993E-10 2.2289E-10 2.5549E-10 3.0281E-10 3.4934E-10 4.0102E-10 4.6117E-10 5.2577E-10 5.9632E-10 6.8164E-10 7.7391E-10 8.9102E-10 1.0397E-09 1.1990E-09 1.3975E-09 1.6226E-09 1.9025E-09 2.2532E-09 2.6491E-09 3.1471E-09 3.7218E-09 4.4098E-09 5.2409E-09 6.1929E-09 7.3212E-09 8.6359E-09 1.0136E-08 1.1849E-08 1.3775E-08 1.5888E-08 1.8203E-08 2.0683E-08 2.3262E-08 2.5900E-08 2.8525E-08 3.1070E-08 3.3456E-08 3.5619E-08 3.7499E-08 3.9018E-08 4.0099E-08 4.0704E-08 4.0804E-08
1.2380E-12 2.5481E-12 3.9652E-12 5.0826E-12 8.8721E-12 1.1211E-11 1.7883E-11 3.0665E-11 4.5271E-11 6.3770E-11 8.1215E-11 1.0512E-10 1.2477E-10 1.5044E-10 1.7614E-10 2.1203E-10 2.4412E-10 2.8583E-10 3.3619E-10 3.8628E-10 4.4521E-10 5.0854E-10 5.7748E-10 6.6120E-10 7.5147E-10 8.6190E-10 1.0047E-09 1.1608E-09 1.3577E-09 1.5881E-09 1.8730E-09 2.2247E-09 2.6404E-09 3.1558E-09 3.7551E-09 4.4963E-09 5.3753E-09 6.3981E-09 7.6368E-09 9.0731E-09 1.0722E-08 1.2623E-08 1.4764E-08 1.7139E-08 1.9752E-08 2.2544E-08 2.5462E-08 2.8460E-08 3.1451E-08 3.4348E-08 3.7072E-08 3.9520E-08 4.1620E-08 4.3327E-08 4.4547E-08 4.5214E-08 4.5312E-08
3.9847E-13 1.2487E-12 2.5734E-12 4.0058E-12 6.3970E-12 9.3834E-12 1.2734E-11 2.6487E-11 3.6681E-11 5.4778E-11 7.0089E-11 9.2800E-11 1.1386E-10 1.3943E-10 1.6664E-10 1.9750E-10 2.3272E-10 2.7020E-10 3.2107E-10 3.6966E-10 4.2539E-10 4.9026E-10 5.5744E-10 6.3920E-10 7.2721E-10 8.3556E-10 9.7095E-10 1.1234E-09 1.3188E-09 1.5486E-09 1.8293E-09 2.1894E-09 2.6154E-09 3.1402E-09 3.7729E-09 4.5552E-09 5.4748E-09 6.5853E-09 7.9337E-09 9.4866E-09 1.1307E-08 1.3411E-08 1.5782E-08 1.8441E-08 2.1363E-08 2.4489E-08 2.7782E-08 3.1161E-08 3.4560E-08 3.7856E-08 4.0950E-08 4.3727E-08 4.6086E-08 4.7961E-08 4.9280E-08 4.9984E-08 5.0039E-08
0.0000E+00 4.0039E-13 1.2569E-12 2.5936E-12 4.4639E-12 6.4585E-12 1.0322E-11 2.1325E-11 3.0879E-11 4.2452E-11 6.4008E-11 8.0243E-11 1.0438E-10 1.2778E-10 1.5618E-10 1.8485E-10 2.1727E-10 2.5329E-10 3.0238E-10 3.5106E-10 4.0794E-10 4.7113E-10 5.3625E-10 6.1576E-10 7.0118E-10 8.0713E-10 9.3952E-10 1.0840E-09 1.2802E-09 1.5072E-09 1.7901E-09 2.1531E-09 2.5823E-09 3.1191E-09 3.7757E-09 4.5842E-09 5.5564E-09 6.7500E-09 8.1813E-09 9.8679E-09 1.1866E-08 1.4167E-08 1.6792E-08 1.9746E-08 2.3003E-08 2.6510E-08 3.0197E-08 3.4009E-08 3.7844E-08 4.1566E-08 4.5050E-08 4.8168E-08 5.0796E-08 5.2828E-08 5.4231E-08 5.4910E-08 5.4861E-08
0.0000E+00 0.0000E+00 4.0152E-13 1.6719E-12 3.0260E-12 4.9083E-12 6.4927E-12 1.1367E-11 2.4272E-11 3.7497E-11 5.6008E-11 7.3358E-11 9.1515E-11 1.1516E-10 1.4258E-10 1.7145E-10 2.0116E-10 2.3886E-10 2.8295E-10 3.3368E-10 3.8833E-10 4.5120E-10 5.1402E-10 5.9100E-10 6.7363E-10 7.7651E-10 9.0706E-10 1.0470E-09 1.2392E-09 1.4603E-09 1.7471E-09 2.1137E-09 2.5434E-09 3.0975E-09 3.7704E-09 4.5984E-09 5.6277E-09 6.8820E-09 8.3995E-09 1.0218E-08 1.2371E-08 1.4865E-08 1.7745E-08 2.1013E-08 2.4611E-08 2.8497E-08 3.2636E-08 3.6916E-08 4.1216E-08 4.5416E-08 4.9322E-08 5.2808E-08 5.5735E-08 5.7948E-08 5.9393E-08 6.0020E-08 5.9808E-08
0.0000E+00 0.0000E+00 0.0000E+00 8.0059E-13 1.6785E-12 3.0333E-12 4.9200E-12 6.9270E-12 2.0173E-11 2.7757E-11 4.2572E-11 6.1760E-11 7.9766E-11 1.0324E-10 1.2772E-10 1.5970E-10 1.8934E-10 2.2575E-10 2.6683E-10 3.1255E-10 3.6569E-10 4.2606E-10 4.9081E-10 5.6506E-10 6.4523E-10 7.4413E-10 8.7247E-10 1.0100E-09 1.1984E-09 1.4142E-09 1.7023E-09 2.0680E-09 2.5013E-09 3.0661E-09 3.7478E-09 4.6102E-09 5.6801E-09 6.9814E-09 8.5890E-09 1.0527E-08 1.2813E-08 1.5504E-08 1.8645E-08 2.2192E-08 2.6123E-08 3.0415E-08 3.4975E-08 3.9719E-08 4.4501E-08 4.9161E-08 5.3537E-08 5.7419E-08 6.0635E-08 6.3072E-08 6.4578E-08 6.5144E-08 6.4751E-08
0.0000E+00 0.0000E+00 0.0000E+00 0.0000E+00 7.9841E-13 1.6695E-12 3.0243E-12 5.3266E-12 1.1787E-11 2.3399E-11 3.3520E-11 5.3453E-11 6.8676E-11 9.2854E-11 1.1500E-10 1.4253E-10 1.7309E-10 2.0635E-10 2.4810E-10 2.9086E-10 3.4448E-10 4.0522E-10 4.6675E-10 5.3808E-10 6.1587E-10 7.0995E-10 8.3587E-10 9.6969E-10 1.1567E-09 1.3653E-09 1.6500E-09 2.0128E-09 2.4508E-09 3.0209E-09 3.7068E-09 4.5994E-09 5.6961E-09 7.0428E-09 8.7295E-09 1.0760E-08 1.3181E-08 1.6068E-08 1.9424E-08 2.3238E-08 2.7520E-08 3.2182E-08 3.7161E-08 4.2349E-08 4.7585E-08 5.2705E-08 5.7498E-08 6.1744E-08 6.5258E-08 6.7886E-08 6.9477E-08 6.9981E-08 6.9384E-08
0.0000E+00 0.0000E+00 0.0000E+00 0.0000E+00 0.0000E+00 3.8413E-13 2.0605E-12 3.4063E-12 5.2823E-12 1.6640E-11 2.6132E-11 4.2932E-11 6.0469E-11 7.7763E-11 1.0371E-10 1.2582E-10 1.5956E-10 1.8874E-10 2.2908E-10 2.7139E-10 3.2183E-10 3.8172E-10 4.3820E-10 5.1031E-10 5.8574E-10 6.7410E-10 7.9746E-10 9.2657E-10 1.1105E-09 1.3145E-09 1.5881E-09 1.9439E-09 2.3789E-09 2.9471E-09 3.6403E-09 4.5458E-09 5.6537E-09 7.0437E-09 8.7853E-09 1.0879E-08 1.3439E-08 1.6477E-08 2.0023E-08 2.4102E-08 2.8683E-08 3.3710E-08 3.9089E-08 4.4691E-08 5.0376E-08 5.5915E-08 6.1098E-08 6.5710E-08 6.9504E-08 7.2276E-08 7.3925E-08 7.4307E-08 7.3486E-08
0.0000E+00 0.0000E+00 0.0000E+00 0.0000E+00 0.0000E+00 0.0000E+00 3.6857E-13 2.0299E-12 3.3535E-12 1.0401E-11 1.9295E-11 3.2750E-11 5.0521E-11 6.7841E-11 9.1176E-11 1.1475E-10 1.4084E-10 1.7075E-10 2.0971E-10 2.5127E-10 2.9505E-10 3.5574E-10 4.1394E-10 4.8120E-10 5.5488E-10 6.3697E-10 7.5730E-10 8.8106E-10 1.0595E-09 1.2596E-09 1.5249E-09 1.8684E-09 2.2934E-09 2.8484E-09 3.5397E-09 4.4423E-09 5.5484E-09 6.9545E-09 8.7222E-09 1.0877E-08 1.3520E-08 1.6682E-08 2.0396E-08 2.4686E-08 2.9539E-08 3.4893E-08 4.0649E-08 4.6674E-08 5.2761E-08 5.8732E-08 6.4324E-08 6.9246E-08 7.3287E-08 7.6190E-08 7.7813E-08 7.8047E-08 7.6931E-08
0.0000E+00 0.0000E+00 0.0000E+00 0.0000E+00 0.0000E+00 0.0000E+00 0.0000E+00 0.0000E+00 1.9822E-12 6.3963E-12 1.5627E-11 2.1581E-11 3.8207E-11 5.5147E-11 7.4937E-11 9.8197E-11 1.2489E-10 1.5458E-10 1.8518E-10 2.3097E-10 2.7355E-10 3.3007E-10 3.8847E-10 4.4818E-10 5.2228E-10 5.9932E-10 7.1491E-10 8.3341E-10 1.0051E-09 1.1996E-09 1.4522E-09 1.7905E-09 2.1919E-09 2.7321E-09 3.4061E-09 4.2909E-09 5.3826E-09 6.7830E-09 8.5466E-09 1.0725E-08 1.3412E-08 1.6633E-08 2.0468E-08 2.4917E-08 2.9961E-08 3.5596E-08 4.1702E-08 4.8099E-08 5.4626E-08 6.1038E-08 6.7019E-08 7.2327E-08 7.6629E-08 7.9687E-08 8.1274E-08 8.1335E-08 7.9888E-08
0.0000E+00 0.0000E+00 0.0000E+00 0.0000E+00 0.0000E+00 0.0000E+00 0.0000E+00 0.0000E+00 0.0000E+00 1.9213E-12 7.6525E-12 1.7305E-11 2.9562E-11 4.6379E-11 6.3601E-11 8.7417E-11 1.0725E-10 1.3751E-10 1.6530E-10 2.0418E-10 2.4846E-10 2.9734E-10 3.5626E-10 4.1750E-10 4.8769E-10 5.6154E-10 6.7122E-10 7.8520E-10 9.4630E-10 1.1332E-09 1.3690E-09 1.6985E-09 2.0822E-09 2.5945E-09 3.2454E-09 4.0958E-09 5.1629E-09 6.5327E-09 8.2633E-09 1.0431E-08 1.3102E-08 1.6331E-08 2.0210E-08 2.4730E-08 2.9910E-08 3.5728E-08 4.2064E-08 4.8801E-08 5.5724E-08 6.2535E-08 6.8982E-08 7.4693E-08 7.9320E-08 8.2589E-08 8.4251E-08 8.4238E-08 8.2491E-08
0.0000E+00 0.0000E+00 0.0000E+00 0.0000E+00 0.0000E+00 0.0000E+00 0.0000E+00 0.0000E+00 0.0000E+00 0.0000E+00 5.7550E-12 9.8653E-12 2.0785E-11 3.4104E-11 5.1044E-11 7.1389E-11 9.4489E-11 1.2017E-10 1.5007E-10 1.8353E-10 2.2499E-10 2.7021E-10 3.2856E-10 3.8609E-10 4.5003E-10 5.2303E-10 6.2630E-10 7.3343E-10 8.8302E-10 1.0598E-09 1.2767E-09 1.5918E-09 1.9546E-09 2.4447E-09 3.0623E-09 3.8655E-09 4.8896E-09 6.2083E-09 7.8879E-09 9.9977E-09 1.2605E-08 1.5789E-08 1.9626E-08 2.4134E-08 2.9353E-08 3.5231E-08 4.1711E-08 4.8677E-08 5.5872E-08 6.3086E-08 6.9939E-08 7.6080E-08 8.1127E-08 8.4703E-08 8.6579E-08 8.6573E-08 8.4715E-08
0.0000E+00 0.0000E+00 0.0000E+00 0.0000E+00 0.0000E+00 0.0000E+00 0.0000E+00 0.0000E+00 0.0000E+00 0.0000E+00 5.9591E-14 6.5692E-12 1.4336E-11 2.7378E-11 4.3016E-11 5.6225E-11 7.9848E-11 1.0091E-10 1.2931E-10 1.5903E-10 1.9990E-10 2.4104E-10 2.9348E-10 3.5293E-10 4.1559E-10 4.8429E-10 5.7934E-10 6.7849E-10 8.1497E-10 9.8038E-10 1.1777E-09 1.4715E-09 1.8163E-09 2.2761E-09 2.8589E-09 3.6147E-09 4.5752E-09 5.8172E-09 7.4274E-09 9.4382E-09 1.1937E-08 1.5017E-08 1.8733E-08 2.3140E-08 2.8274E-08 3.4112E-08 4.0612E-08 4.7644E-08 5.5048E-08 6.2508E-08 6.9712E-08 7.6258E-08 8.1732E-08 8.5722E-08 8.7913E-08 8.8142E-08 8.6385E-08
0.0000E+00 0.0000E+00 0.0000E+00 0.0000E+00 0.0000E+00 0.0000E+00 0.0000E+00 0.0000E+00 0.0000E+00 0.0000E+00 0.0000E+00 4.1860E-12 7.1636E-12 1.8019E-11 2.8602E-11 4.6367E-11 6.3352E-11 8.8590E-11 1.1211E-10 1.4326E-10 1.7598E-10 2.1857E-10 2.5887E-10 3.1591E-10 3.7509E-10 4.3977E-10 5.2958E-10 6.2240E-10 7.4570E-10 8.9595E-10 1.0805E-09 1.3492E-09 1.6702E-09 2.0918E-09 2.6399E-09 3.3357E-09 4.2341E-09 5.3807E-09 6.8834E-09 8.7738E-09 1.1122E-08 1.4036E-08 1.7566E-08 2.1776E-08 2.6721E-08 3.2392E-08 3.8767E-08 4.5739E-08 5.3133E-08 6.0716E-08 6.8131E-08 7.5003E-08 8.0880E-08 8.5342E-08 8.8001E-08 8.8654E-08 8.7209E-08
0.0000E+00 0.0000E+00 0.0000E+00 0.0000E+00 0.0000E+00 0.0000E+00 0.0000E+00 0.0000E+00 0.0000E+00 0.0000E+00 0.0000E+00 2.1421E-13 5.3728E-12 8.3384E-12 2.1355E-11 3.3046E-11 5.2897E-11 6.9317E-11 9.7480E-11 1.1906E-10 1.5269E-10 1.8563E-10 2.2606E-10 2.7371E-10 3.3168E-10 3.9584E-10 4.7890E-10 5.6434E-10 6.7973E-10 8.1265E-10 9.8674E-10 1.2194E-09 1.5170E-09 1.9012E-09 2.4004E-09 3.0344E-09 3.8614E-09 4.9140E-09 6.2876E-09 8.0395E-09 1.0196E-08 1.2908E-08 1.6179E-08 2.0116E-08 2.4762E-08 3.0127E-08 3.6220E-08 4.2944E-08 5.0175E-08 5.7650E-08 6.5119E-08 7.2145E-08 7.8346E-08 8.3250E-08 8.6539E-08 8.7811E-08 8.6962E-08
0.0000E+00 0.0000E+00 0.0000E+00 0.0000E+00 0.0000E+00 0.0000E+00 0.0000E+00 0.0000E+00 0.0000E+00 0.0000E+00 0.0000E+00 0.0000E+00 4.2477E-12 6.1110E-12 1.5367E-11 2.5791E-11 4.1531E-11 5.9729E-11 8.0766E-11 1.0326E-10 1.2636E-10 1.6349E-10 1.9557E-10 2.4039E-10 2.8693E-10 3.4155E-10 4.2089E-10 4.9792E-10 6.0636E-10 7.2222E-10 8.8089E-10 1.0819E-09 1.3587E-09 1.7003E-09 2.1501E-09 2.7284E-09 3.4615E-09 4.4237E-09 5.6491E-09 7.2356E-09 9.1900E-09 1.1655E-08 1.4628E-08 1.8237E-08 2.2504E-08 2.7464E-08 3.3121E-08 3.9433E-08 4.6259E-08 5.3439E-08 6.0681E-08 6.7677E-08 7.4005E-08 7.9345E-08 8.3204E-08 8.5284E-08 8.5297E-08
0.0000E+00 0.0000E+00 0.0000E+00 0.0000E+00 0.0000E+00 0.0000E+00 0.0000E+00 0.0000E+00 0.0000E+00 0.0000E+00 0.0000E+00 0.0000E+00 2.5593E-13 5.2852E-12 7.2401E-12 1.7555E-11 2.8419E-11 4.6315E-11 6.2675E-11 8.8742E-11 1.1001E-10 1.4116E-10 1.7321E-10 2.1205E-10 2.5271E-10 3.0355E-10 3.7447E-10 4.4387E-10 5.4706E-10 6.4487E-10 7.8184E-10 9.6488E-10 1.1912E-09 1.5041E-09 1.8875E-09 2.4053E-09 3.0456E-09 3.9027E-09 4.9807E-09 6.3824E-09 8.1133E-09 1.0295E-08 1.2961E-08 1.6169E-08 2.0009E-08 2.4477E-08 2.9602E-08 3.5355E-08 4.1611E-08 4.8284E-08 5.5100E-08 6.1805E-08 6.8133E-08 7.3679E-08 7.8046E-08 8.0894E-08 8.1921E-08
0.0000E+00 0.0000E+00 0.0000E+00 0.0000E+00 0.0000E+00 0.0000E+00 0.0000E+00 0.0000E+00 0.0000E+00 0.0000E+00 0.0000E+00 0.0000E+00 0.0000E+00 4.1830E-12 5.9222E-12 9.9442E-12 1.9496E-11 2.9987E-11 5.0047E-11 6.7430E-11 9.3694E-11 1.1602E-10 1.5079E-10 1.8072E-10 2.2436E-10 2.6743E-10 3.3394E-10 3.9876E-10 4.8561E-10 5.7906E-10 6.9156E-10 8.5338E-10 1.0428E-09 1.3151E-09 1.6402E-09 2.0923E-09 2.6365E-09 3.3726E-09 4.3106E-09 5.5101E-09 7.0024E-09 8.8840E-09 1.1182E-08 1.3958E-08 1.7311E-08 2.1209E-08 2.5724E-08 3.0791E-08 3.6374E-08 4.2360E-08 4.8608E-08 5.4879E-08 6.0954E-08 6.6502E-08 7.1185E-08 7.4722E-08 7.6746E-08
0.0000E+00 0.0000E+00 0.0000E+00 0.0000E+00 0.0000E+00 0.0000E+00 0.0000E+00 0.0000E+00 0.0000E+00 0.0000E+00 0.0000E+00 0.0000E+00 0.0000E+00 1.6687E-13 4.9899E-12 6.8362E-12 1.5630E-11 2.1435E-11 3.7291E-11 5.3104E-11 7.3376E-11 9.8198E-11 1.2286E-10 1.5754E-10 1.8832E-10 2.3347E-10 2.9045E-10 3.4965E-10 4.2583E-10 5.0950E-10 6.0121E-10 7.4771E-10 8.9942E-10 1.1279E-09 1.4108E-09 1.7830E-09 2.2505E-09 2.8610E-09 3.6484E-09 4.6515E-09 5.8957E-09 7.4535E-09 9.3864E-09 1.1711E-08 1.4527E-08 1.7818E-08 2.1624E-08 2.5942E-08 3.0705E-08 3.5917E-08 4.1414E-08 4.7081E-08 5.2687E-08 5.8035E-08 6.2824E-08 6.6832E-08 6.9840E-08
0.0000E+00 0.0000E+00 0.0000E+00 0.0000E+00 0.0000E+00 0.0000E+00 0.0000E+00 0.0000E+00 0.0000E+00 0.0000E+00 0.0000E+00 0.0000E+00 0.0000E+00 0.0000E+00 2.3853E-12 5.5111E-12 8.1740E-12 1.7329E-11 2.6995E-11 4.3230E-11 5.6157E-11 7.9982E-11 1.0196E-10 1.3300E-10 1.6175E-10 1.9746E-10 2.5096E-10 2.9675E-10 3.6866E-10 4.3798E-10 5.2095E-10 6.4038E-10 7.7086E-10 9.5679E-10 1.1876E-09 1.4964E-09 1.8770E-09 2.3712E-09 3.0197E-09 3.8264E-09 4.8324E-09 6.0942E-09 7.6439E-09 9.5293E-09 1.1808E-08 1.4469E-08 1.7579E-08 2.1078E-08 2.5031E-08 2.9340E-08 3.4005E-08 3.8850E-08 4.3832E-08 4.8704E-08 5.3305E-08 5.7537E-08 6.1073E-08
0.0000E+00 0.0000E+00 0.0000E+00 0.0000E+00 0.0000E+00 0.0000E+00 0.0000E+00 0.0000E+00 0.0000E+00 0.0000E+00 0.0000E+00 0.0000E+00 0.0000E+00 0.0000E+00 3.7960E-14 4.5762E-12 6.2323E-12 9.5069E-12 1.8857E-11 2.9818E-11 4.6080E-11 6.2909E-11 8.6040E-11 1.0825E-10 1.4060E-10 1.6583E-10 2.1493E-10 2.5566E-10 3.1425E-10 3.7277E-10 4.4388E-10 5.3936E-10 6.5110E-10 7.9519E-10 9.8160E-10 1.2327E-09 1.5335E-09 1.9314E-09 2.4381E-09 3.0757E-09 3.8634E-09 4.8506E-09 6.0573E-09 7.5228E-09 9.2963E-09 1.1360E-08 1.3791E-08 1.6558E-08 1.9653E-08 2.3103E-08 2.6839E-08 3.0816E-08 3.5000E-08 3.9161E-08 4.3341E-08 4.7325E-08 5.1134E-08
0.0000E+00 0.0000E+00 0.0000E+00 0.0000E+00 0.0000E+00 0.0000E+00 0.0000E+00 0.0000E+00 0.0000E+00 0.0000E+00 0.0000E+00 0.0000E+00 0.0000E+00 0.0000E+00 0.0000E+00 3.6928E-13 4.9882E-12 7.0534E-12 1.2316E-11 2.0475E-11 3.2420E-11 4.8995E-11 6.6325E-11 8.8721E-11 1.1081E-10 1.4385E-10 1.7495E-10 2.1998E-10 2.6028E-10 3.1497E-10 3.7426E-10 4.5451E-10 5.4333E-10 6.5721E-10 7.9955E-10 9.9507E-10 1.2314E-09 1.5399E-09 1.9258E-09 2.4163E-09 3.0101E-09 3.7606E-09 4.6706E-09 5.7737E-09 7.0997E-09 8.6659E-09 1.0498E-08 1.2596E-08 1.4935E-08 1.7573E-08 2.0421E-08 2.3513E-08 2.6772E-08 3.0168E-08 3.3615E-08 3.7146E-08 4.0615E-08
0.0000E+00 0.0000E+00 0.0000E+00 0.0000E+00 0.0000E+00 0.0000E+00 0.0000E+00 0.0000E+00 0.0000E+00 0.0000E+00 0.0000E+00 0.0000E+00 0.0000E+00 0.0000E+00 0.0000E+00 0.0000E+00 7.9169E-13 5.3808E-12 8.0627E-12 1.3361E-11 2.1917E-11 3.4699E-11 5.1500E-11 6.9062E-11 9.0719E-11 1.1399E-10 1.4546E-10 1.7408E-10 2.1716E-10 2.5281E-10 3.0605E-10 3.5959E-10 4.3602E-10 5.2530E-10 6.3372E-10 7.7585E-10 9.6075E-10 1.1954E-09 1.4870E-09 1.8484E-09 2.3066E-09 2.8495E-09 3.5375E-09 4.3318E-09 5.3064E-09 6.4542E-09 7.7842E-09 9.3046E-09 1.1025E-08 1.2924E-08 1.5011E-08 1.7272E-08 1.9697E-08 2.2224E-08 2.4880E-08 2.7660E-08 3.0495E-08
0.0000E+00 0.0000E+00 0.0000E+00 0.0000E+00 0.0000E+00 0.0000E+00 0.0000E+00 0.0000E+00 0.0000E+00 0.0000E+00 0.0000E+00 0.0000E+00 0.0000E+00 0.0000E+00 0.0000E+00 0.0000E+00 3.2557E-14 2.9051E-12 5.9090E-12 8.9723E-12 1.4346E-11 2.3637E-11 3.6112E-11 5.3829E-11 6.9805E-11 9.2757E-11 1.1512E-10 1.4508E-10 1.7437E-10 2.1552E-10 2.5132E-10 3.0502E-10 3.5685E-10 4.2407E-10 5.0167E-10 5.9704E-10 7.1941E-10 8.8824E-10 1.0970E-09 1.3560E-09 1.6810E-09 2.0762E-09 2.5569E-09 3.1547E-09 3.8504E-09 4.6803E-09 5.6317E-09 6.7162E-09 7.9230E-09 9.2412E-09 1.0684E-08 1.2247E-08 1.3915E-08 1.5677E-08 1.7511E-08 1.9483E-08 2.1549E-08
