Assets/Resources/2015_m01_d21_0300(utc+0800)_l00_csi_1hr_conc.grd
DSAA
         159         159
     -79.000      79.000
     -79.000      79.000
  0.8527E-09  0.3730E-04
[rows 100 to 124 of 159, columns 0 to 56 of 159]
6.0469E-09 6.2092E-09 6.3740E-09 6.5399E-09 6.7055E-09 6.8717E-09 7.0382E-09 7.2046E-09 7.3708E-09 7.5365E-09 7.7012E-09 7.8648E-09 8.0275E-09 8.1878E-09 8.3479E-09 8.5049E-09 8.6597E-09 8.8109E-09 8.9602E-09 9.1055E-09 9.2464E-09 9.3842E-09 9.5214E-09 9.6502E-09 9.7743E-09 9.8940E-09 1.0008E-08 1.0120E-08 1.0225E-08 1.0322E-08 1.0419E-08 1.0505E-08 1.0585E-08 1.0665E-08 1.0733E-08 1.0796E-08 1.0857E-08 1.0907E-08 1.0951E-08 1.0989E-08 1.1027E-08 1.1056E-08 1.1079E-08 1.1098E-08 1.1108E-08 1.1111E-08 1.1109E-08 1.1104E-08 1.1091E-08 1.1072E-08 1.1049E-08 1.1026E-08 1.0995E-08 1.0957E-08 1.0914E-08 1.0871E-08 1.0822E-08
6.0053E-09 6.1668E-09 6.3300E-09 6.4949E-09 6.6600E-09 6.8252E-09 6.9906E-09 7.1561E-09 7.3212E-09 7.4858E-09 7.6496E-09 7.8122E-09 7.9740E-09 8.1335E-09 8.2923E-09 8.4487E-09 8.6026E-09 8.7526E-09 8.9007E-09 9.0455E-09 9.1857E-09 9.3218E-09 9.4562E-09 9.5864E-09 9.7095E-09 9.8277E-09 9.9412E-09 1.0049E-08 1.0156E-08 1.0253E-08 1.0344E-08 1.0434E-08 1.0514E-08 1.0587E-08 1.0659E-08 1.0721E-08 1.0776E-08 1.0831E-08 1.0874E-08 1.0912E-08 1.0943E-08 1.0974E-08 1.0996E-08 1.1013E-08 1.1022E-08 1.1027E-08 1.1024E-08 1.1015E-08 1.1001E-08 1.0983E-08 1.0958E-08 1.0928E-08 1.0896E-08 1.0862E-08 1.0817E-08 1.0769E-08 1.0718E-08
5.9606E-09 6.1211E-09 6.2828E-09 6.4467E-09 6.6115E-09 6.7757E-09 6.9402E-09 7.1045E-09 7.2686E-09 7.4321E-09 7.5947E-09 7.7562E-09 7.9169E-09 8.0753E-09 8.2330E-09 8.3881E-09 8.5406E-09 8.6901E-09 8.8367E-09 8.9807E-09 9.1201E-09 9.2553E-09 9.3863E-09 9.5169E-09 9.6407E-09 9.7585E-09 9.8713E-09 9.9787E-09 1.0080E-08 1.0181E-08 1.0273E-08 1.0357E-08 1.0441E-08 1.0514E-08 1.0580E-08 1.0646E-08 1.0701E-08 1.0750E-08 1.0797E-08 1.0834E-08 1.0865E-08 1.0889E-08 1.0914E-08 1.0930E-08 1.0939E-08 1.0941E-08 1.0941E-08 1.0931E-08 1.0916E-08 1.0895E-08 1.0872E-08 1.0840E-08 1.0805E-08 1.0767E-08 1.0726E-08 1.0678E-08 1.0623E-08
5.9125E-09 6.0719E-09 6.2326E-09 6.3948E-09 6.5583E-09 6.7220E-09 6.8853E-09 7.0487E-09 7.2117E-09 7.3743E-09 7.5360E-09 7.6966E-09 7.8563E-09 8.0139E-09 8.1707E-09 8.3246E-09 8.4765E-09 8.6250E-09 8.7703E-09 8.9127E-09 9.0523E-09 9.1869E-09 9.3173E-09 9.4434E-09 9.5695E-09 9.6865E-09 9.7985E-09 9.9058E-09 1.0007E-08 1.0103E-08 1.0198E-08 1.0282E-08 1.0361E-08 1.0438E-08 1.0505E-08 1.0565E-08 1.0624E-08 1.0673E-08 1.0715E-08 1.0756E-08 1.0787E-08 1.0811E-08 1.0829E-08 1.0848E-08 1.0858E-08 1.0861E-08 1.0856E-08 1.0849E-08 1.0835E-08 1.0814E-08 1.0787E-08 1.0756E-08 1.0721E-08 1.0680E-08 1.0636E-08 1.0589E-08 1.0537E-08
5.8616E-09 6.0201E-09 6.1798E-09 6.3404E-09 6.5028E-09 6.6653E-09 6.8281E-09 6.9903E-09 7.1523E-09 7.3137E-09 7.4744E-09 7.6339E-09 7.7923E-09 7.9491E-09 8.1045E-09 8.2573E-09 8.4079E-09 8.5560E-09 8.7007E-09 8.8422E-09 8.9807E-09 9.1152E-09 9.2450E-09 9.3706E-09 9.4920E-09 9.6128E-09 9.7245E-09 9.8310E-09 9.9324E-09 1.0028E-08 1.0118E-08 1.0207E-08 1.0285E-08 1.0357E-08 1.0428E-08 1.0488E-08 1.0542E-08 1.0595E-08 1.0638E-08 1.0674E-08 1.0705E-08 1.0733E-08 1.0752E-08 1.0764E-08 1.0775E-08 1.0780E-08 1.0777E-08 1.0768E-08 1.0752E-08 1.0735E-08 1.0709E-08 1.0677E-08 1.0641E-08 1.0599E-08 1.0555E-08 1.0506E-08 1.0454E-08
5.8078E-09 5.9652E-09 6.1237E-09 6.2832E-09 6.4440E-09 6.6054E-09 6.7677E-09 6.9289E-09 7.0899E-09 7.2504E-09 7.4101E-09 7.5687E-09 7.7260E-09 7.8821E-09 8.0361E-09 8.1882E-09 8.3377E-09 8.4848E-09 8.6286E-09 8.7692E-09 8.9066E-09 9.0410E-09 9.1703E-09 9.2952E-09 9.4157E-09 9.5318E-09 9.6472E-09 9.7535E-09 9.8545E-09 9.9501E-09 1.0040E-08 1.0124E-08 1.0207E-08 1.0280E-08 1.0346E-08 1.0411E-08 1.0465E-08 1.0514E-08 1.0558E-08 1.0597E-08 1.0627E-08 1.0651E-08 1.0674E-08 1.0687E-08 1.0694E-08 1.0696E-08 1.0699E-08 1.0691E-08 1.0676E-08 1.0655E-08 1.0630E-08 1.0602E-08 1.0566E-08 1.0525E-08 1.0479E-08 1.0428E-08 1.0377E-08
5.7517E-09 5.9080E-09 6.0653E-09 6.2237E-09 6.3827E-09 6.5435E-09 6.7040E-09 6.8646E-09 7.0245E-09 7.1838E-09 7.3424E-09 7.5000E-09 7.6562E-09 7.8109E-09 7.9642E-09 8.1154E-09 8.2642E-09 8.4104E-09 8.5542E-09 8.6940E-09 8.8305E-09 8.9637E-09 9.0936E-09 9.2181E-09 9.3382E-09 9.4537E-09 9.5643E-09 9.6743E-09 9.7751E-09 9.8708E-09 9.9607E-09 1.0045E-08 1.0123E-08 1.0199E-08 1.0267E-08 1.0327E-08 1.0383E-08 1.0435E-08 1.0478E-08 1.0514E-08 1.0550E-08 1.0575E-08 1.0593E-08 1.0609E-08 1.0619E-08 1.0620E-08 1.0617E-08 1.0612E-08 1.0602E-08 1.0582E-08 1.0556E-08 1.0526E-08 1.0492E-08 1.0454E-08 1.0409E-08 1.0359E-08 1.0305E-08
5.6922E-09 5.8478E-09 6.0041E-09 6.1613E-09 6.3193E-09 6.4784E-09 6.6378E-09 6.7973E-09 6.9567E-09 7.1149E-09 7.2725E-09 7.4290E-09 7.5842E-09 7.7379E-09 7.8901E-09 8.0403E-09 8.1882E-09 8.3335E-09 8.4760E-09 8.6157E-09 8.7515E-09 8.8838E-09 9.0128E-09 9.1376E-09 9.2575E-09 9.3729E-09 9.4837E-09 9.5892E-09 9.6940E-09 9.7896E-09 9.8801E-09 9.9646E-09 1.0043E-08 1.0116E-08 1.0184E-08 1.0248E-08 1.0303E-08 1.0352E-08 1.0400E-08 1.0437E-08 1.0468E-08 1.0496E-08 1.0518E-08 1.0531E-08 1.0539E-08 1.0544E-08 1.0542E-08 1.0534E-08 1.0522E-08 1.0507E-08 1.0485E-08 1.0455E-08 1.0421E-08 1.0381E-08 1.0338E-08 1.0291E-08 1.0239E-08
5.6303E-09 5.7846E-09 5.9402E-09 6.0962E-09 6.2530E-09 6.4103E-09 6.5685E-09 6.7273E-09 6.8855E-09 7.0428E-09 7.1993E-09 7.3549E-09 7.5093E-09 7.6621E-09 7.8132E-09 7.9627E-09 8.1100E-09 8.2547E-09 8.3963E-09 8.5353E-09 8.6706E-09 8.8023E-09 8.9304E-09 9.0552E-09 9.1750E-09 9.2901E-09 9.4005E-09 9.5064E-09 9.6068E-09 9.7043E-09 9.7967E-09 9.8817E-09 9.9608E-09 1.0034E-08 1.0102E-08 1.0163E-08 1.0223E-08 1.0273E-08 1.0317E-08 1.0357E-08 1.0391E-08 1.0417E-08 1.0437E-08 1.0455E-08 1.0464E-08 1.0467E-08 1.0465E-08 1.0459E-08 1.0447E-08 1.0430E-08 1.0409E-08 1.0383E-08 1.0351E-08 1.0313E-08 1.0270E-08 1.0222E-08 1.0170E-08
5.5660E-09 5.7191E-09 5.8740E-09 6.0289E-09 6.1844E-09 6.3405E-09 6.4969E-09 6.6545E-09 6.8115E-09 6.9682E-09 7.1237E-09 7.2782E-09 7.4316E-09 7.5835E-09 7.7337E-09 7.8819E-09 8.0283E-09 8.1723E-09 8.3135E-09 8.4517E-09 8.5871E-09 8.7183E-09 8.8459E-09 8.9699E-09 9.0904E-09 9.2056E-09 9.3162E-09 9.4217E-09 9.5225E-09 9.6179E-09 9.7079E-09 9.7973E-09 9.8769E-09 9.9509E-09 1.0019E-08 1.0081E-08 1.0138E-08 1.0190E-08 1.0237E-08 1.0275E-08 1.0307E-08 1.0338E-08 1.0360E-08 1.0375E-08 1.0386E-08 1.0392E-08 1.0391E-08 1.0384E-08 1.0372E-08 1.0357E-08 1.0337E-08 1.0312E-08 1.0280E-08 1.0244E-08 1.0203E-08 1.0158E-08 1.0108E-08
5.4991E-09 5.6509E-09 5.8045E-09 5.9586E-09 6.1130E-09 6.2680E-09 6.4233E-09 6.5792E-09 6.7352E-09 6.8908E-09 7.0458E-09 7.1995E-09 7.3520E-09 7.5030E-09 7.6523E-09 7.7996E-09 7.9451E-09 8.0883E-09 8.2288E-09 8.3663E-09 8.5007E-09 8.6322E-09 8.7593E-09 8.8827E-09 9.0023E-09 9.1182E-09 9.2287E-09 9.3345E-09 9.4353E-09 9.5313E-09 9.6219E-09 9.7070E-09 9.7903E-09 9.8660E-09 9.9350E-09 9.9982E-09 1.0056E-08 1.0107E-08 1.0152E-08 1.0194E-08 1.0229E-08 1.0257E-08 1.0280E-08 1.0298E-08 1.0310E-08 1.0315E-08 1.0315E-08 1.0312E-08 1.0301E-08 1.0285E-08 1.0264E-08 1.0239E-08 1.0211E-08 1.0178E-08 1.0138E-08 1.0093E-08 1.0045E-08
5.4306E-09 5.5816E-09 5.7333E-09 5.8861E-09 6.0398E-09 6.1935E-09 6.3476E-09 6.5018E-09 6.6565E-09 6.8109E-09 6.9648E-09 7.1180E-09 7.2695E-09 7.4196E-09 7.5681E-09 7.7148E-09 7.8593E-09 8.0019E-09 8.1420E-09 8.2790E-09 8.4130E-09 8.5439E-09 8.6711E-09 8.7942E-09 8.9133E-09 9.0287E-09 9.1399E-09 9.2458E-09 9.3468E-09 9.4430E-09 9.5341E-09 9.6198E-09 9.7001E-09 9.7761E-09 9.8489E-09 9.9129E-09 9.9713E-09 1.0024E-08 1.0070E-08 1.0111E-08 1.0145E-08 1.0178E-08 1.0202E-08 1.0219E-08 1.0232E-08 1.0241E-08 1.0243E-08 1.0238E-08 1.0229E-08 1.0215E-08 1.0195E-08 1.0169E-08 1.0138E-08 1.0105E-08 1.0069E-08 1.0026E-08 9.9770E-09
5.3600E-09 5.5096E-09 5.6600E-09 5.8115E-09 5.9639E-09 6.1170E-09 6.2699E-09 6.4229E-09 6.5759E-09 6.7291E-09 6.8824E-09 7.0344E-09 7.1849E-09 7.3341E-09 7.4818E-09 7.6276E-09 7.7714E-09 7.9129E-09 8.0523E-09 8.1889E-09 8.3224E-09 8.4527E-09 8.5797E-09 8.7029E-09 8.8220E-09 8.9370E-09 9.0484E-09 9.1551E-09 9.2566E-09 9.3532E-09 9.4450E-09 9.5314E-09 9.6124E-09 9.6879E-09 9.7581E-09 9.8247E-09 9.8850E-09 9.9376E-09 9.9843E-09 1.0025E-08 1.0059E-08 1.0088E-08 1.0111E-08 1.0129E-08 1.0143E-08 1.0149E-08 1.0149E-08 1.0147E-08 1.0138E-08 1.0124E-08 1.0104E-08 1.0080E-08 1.0051E-08 1.0017E-08 9.9790E-09 9.9388E-09 9.8931E-09
5.2878E-09 5.4355E-09 5.5844E-09 5.7345E-09 5.8854E-09 6.0376E-09 6.1893E-09 6.3411E-09 6.4929E-09 6.6450E-09 6.7967E-09 6.9477E-09 7.0978E-09 7.2462E-09 7.3931E-09 7.5383E-09 7.6815E-09 7.8223E-09 7.9608E-09 8.0969E-09 8.2300E-09 8.3596E-09 8.4853E-09 8.6077E-09 8.7255E-09 8.8393E-09 8.9487E-09 9.0542E-09 9.1544E-09 9.2495E-09 9.3395E-09 9.4246E-09 9.5043E-09 9.5787E-09 9.6477E-09 9.7113E-09 9.7692E-09 9.8240E-09 9.8731E-09 9.9145E-09 9.9498E-09 9.9792E-09 1.0003E-08 1.0021E-08 1.0033E-08 1.0041E-08 1.0045E-08 1.0043E-08 1.0034E-08 1.0021E-08 1.0002E-08 9.9779E-09 9.9499E-09 9.9170E-09 9.8783E-09 9.8367E-09 9.7918E-09
5.2130E-09 5.3593E-09 5.5068E-09 5.6554E-09 5.8055E-09 5.9558E-09 6.1066E-09 6.2569E-09 6.4070E-09 6.5569E-09 6.7067E-09 6.8558E-09 7.0039E-09 7.1506E-09 7.2952E-09 7.4380E-09 7.5787E-09 7.7172E-09 7.8533E-09 7.9868E-09 8.1176E-09 8.2451E-09 8.3694E-09 8.4900E-09 8.6071E-09 8.7197E-09 8.8281E-09 8.9321E-09 9.0323E-09 9.1274E-09 9.2173E-09 9.3021E-09 9.3818E-09 9.4563E-09 9.5254E-09 9.5890E-09 9.6470E-09 9.6994E-09 9.7463E-09 9.7897E-09 9.8265E-09 9.8574E-09 9.8813E-09 9.8993E-09 9.9117E-09 9.9186E-09 9.9201E-09 9.9163E-09 9.9085E-09 9.8956E-09 9.8773E-09 9.8530E-09 9.8247E-09 9.7921E-09 9.7536E-09 9.7119E-09 9.6646E-09
5.1331E-09 5.2776E-09 5.4227E-09 5.5689E-09 5.7164E-09 5.8642E-09 6.0123E-09 6.1607E-09 6.3085E-09 6.4561E-09 6.6032E-09 6.7501E-09 6.8960E-09 7.0408E-09 7.1842E-09 7.3253E-09 7.4645E-09 7.6014E-09 7.7359E-09 7.8677E-09 7.9970E-09 8.1232E-09 8.2460E-09 8.3653E-09 8.4808E-09 8.5926E-09 8.6997E-09 8.8026E-09 8.9009E-09 8.9951E-09 9.0843E-09 9.1680E-09 9.2468E-09 9.3203E-09 9.3885E-09 9.4513E-09 9.5086E-09 9.5603E-09 9.6062E-09 9.6467E-09 9.6815E-09 9.7119E-09 9.7364E-09 9.7549E-09 9.7680E-09 9.7747E-09 9.7760E-09 9.7722E-09 9.7631E-09 9.7491E-09 9.7302E-09 9.7076E-09 9.6793E-09 9.6476E-09 9.6104E-09 9.5690E-09 9.5246E-09
5.0485E-09 5.1902E-09 5.3337E-09 5.4777E-09 5.6225E-09 5.7685E-09 5.9144E-09 6.0606E-09 6.2069E-09 6.3523E-09 6.4972E-09 6.6414E-09 6.7852E-09 6.9279E-09 7.0691E-09 7.2086E-09 7.3457E-09 7.4807E-09 7.6131E-09 7.7430E-09 7.8699E-09 7.9941E-09 8.1150E-09 8.2321E-09 8.3456E-09 8.4552E-09 8.5610E-09 8.6617E-09 8.7581E-09 8.8499E-09 8.9374E-09 9.0199E-09 9.0970E-09 9.1691E-09 9.2359E-09 9.2974E-09 9.3536E-09 9.4045E-09 9.4500E-09 9.4899E-09 9.5246E-09 9.5539E-09 9.5778E-09 9.5963E-09 9.6101E-09 9.6188E-09 9.6212E-09 9.6195E-09 9.6119E-09 9.6003E-09 9.5830E-09 9.5609E-09 9.5343E-09 9.5033E-09 9.4681E-09 9.4287E-09 9.3852E-09
4.9642E-09 5.1037E-09 5.2443E-09 5.3865E-09 5.5290E-09 5.6720E-09 5.8161E-09 5.9598E-09 6.1035E-09 6.2470E-09 6.3894E-09 6.5311E-09 6.6718E-09 6.8118E-09 6.9503E-09 7.0872E-09 7.2222E-09 7.3544E-09 7.4843E-09 7.6115E-09 7.7359E-09 7.8571E-09 7.9755E-09 8.0906E-09 8.2017E-09 8.3092E-09 8.4126E-09 8.5122E-09 8.6069E-09 8.6973E-09 8.7831E-09 8.8645E-09 8.9412E-09 9.0126E-09 9.0788E-09 9.1400E-09 9.1958E-09 9.2465E-09 9.2920E-09 9.3323E-09 9.3671E-09 9.3966E-09 9.4211E-09 9.4404E-09 9.4545E-09 9.4631E-09 9.4665E-09 9.4650E-09 9.4597E-09 9.4485E-09 9.4326E-09 9.4133E-09 9.3885E-09 9.3593E-09 9.3260E-09 9.2886E-09 9.2473E-09
4.8810E-09 5.0184E-09 5.1564E-09 5.2953E-09 5.4356E-09 5.5759E-09 5.7165E-09 5.8579E-09 5.9987E-09 6.1392E-09 6.2793E-09 6.4181E-09 6.5559E-09 6.6925E-09 6.8283E-09 6.9625E-09 7.0949E-09 7.2252E-09 7.3526E-09 7.4775E-09 7.5996E-09 7.7187E-09 7.8346E-09 7.9475E-09 8.0570E-09 8.1625E-09 8.2643E-09 8.3620E-09 8.4558E-09 8.5447E-09 8.6293E-09 8.7093E-09 8.7849E-09 8.8559E-09 8.9217E-09 8.9824E-09 9.0381E-09 9.0886E-09 9.1340E-09 9.1744E-09 9.2097E-09 9.2396E-09 9.2644E-09 9.2843E-09 9.2993E-09 9.3093E-09 9.3142E-09 9.3139E-09 9.3088E-09 9.2990E-09 9.2847E-09 9.2659E-09 9.2427E-09 9.2154E-09 9.1839E-09 9.1485E-09 9.1093E-09
4.7990E-09 4.9330E-09 5.0687E-09 5.2043E-09 5.3416E-09 5.4795E-09 5.6168E-09 5.7547E-09 5.8931E-09 6.0308E-09 6.1680E-09 6.3046E-09 6.4396E-09 6.5736E-09 6.7061E-09 6.8377E-09 6.9674E-09 7.0952E-09 7.2202E-09 7.3433E-09 7.4631E-09 7.5801E-09 7.6939E-09 7.8045E-09 7.9120E-09 8.0160E-09 8.1159E-09 8.2121E-09 8.3042E-09 8.3923E-09 8.4757E-09 8.5546E-09 8.6290E-09 8.6990E-09 8.7645E-09 8.8250E-09 8.8804E-09 8.9308E-09 8.9762E-09 9.0165E-09 9.0520E-09 9.0825E-09 9.1081E-09 9.1285E-09 9.1441E-09 9.1550E-09 9.1612E-09 9.1625E-09 9.1589E-09 9.1505E-09 9.1377E-09 9.1206E-09 9.0991E-09 9.0736E-09 9.0440E-09 9.0106E-09 8.9733E-09
4.7161E-09 4.8473E-09 4.9797E-09 5.1134E-09 5.2469E-09 5.3819E-09 5.5173E-09 5.6518E-09 5.7869E-09 5.9222E-09 6.0566E-09 6.1903E-09 6.3232E-09 6.4544E-09 6.5844E-09 6.7127E-09 6.8399E-09 6.9652E-09 7.0883E-09 7.2085E-09 7.3266E-09 7.4415E-09 7.5533E-09 7.6619E-09 7.7672E-09 7.8693E-09 7.9679E-09 8.0624E-09 8.1531E-09 8.2397E-09 8.3222E-09 8.4002E-09 8.4736E-09 8.5427E-09 8.6072E-09 8.6673E-09 8.7228E-09 8.7731E-09 8.8186E-09 8.8590E-09 8.8946E-09 8.9255E-09 8.9516E-09 8.9729E-09 8.9892E-09 9.0007E-09 9.0079E-09 9.0104E-09 9.0086E-09 9.0019E-09 8.9906E-09 8.9750E-09 8.9553E-09 8.9315E-09 8.9038E-09 8.8722E-09 8.8370E-09
4.6323E-09 4.7613E-09 4.8909E-09 5.0213E-09 5.1529E-09 5.2841E-09 5.4166E-09 5.5493E-09 5.6810E-09 5.8130E-09 5.9451E-09 6.0760E-09 6.2061E-09 6.3347E-09 6.4625E-09 6.5883E-09 6.7124E-09 6.8352E-09 6.9559E-09 7.0738E-09 7.1897E-09 7.3030E-09 7.4128E-09 7.5195E-09 7.6230E-09 7.7231E-09 7.8199E-09 7.9131E-09 8.0023E-09 8.0875E-09 8.1688E-09 8.2459E-09 8.3187E-09 8.3869E-09 8.4507E-09 8.5101E-09 8.5649E-09 8.6154E-09 8.6610E-09 8.7017E-09 8.7377E-09 8.7688E-09 8.7953E-09 8.8172E-09 8.8345E-09 8.8471E-09 8.8549E-09 8.8584E-09 8.8575E-09 8.8520E-09 8.8420E-09 8.8279E-09 8.8097E-09 8.7875E-09 8.7615E-09 8.7317E-09 8.6982E-09
4.5489E-09 4.6747E-09 4.8019E-09 4.9290E-09 5.0579E-09 5.1872E-09 5.3159E-09 5.4458E-09 5.5751E-09 5.7043E-09 5.8330E-09 5.9617E-09 6.0892E-09 6.2156E-09 6.3402E-09 6.4640E-09 6.5857E-09 6.7054E-09 6.8238E-09 6.9399E-09 7.0531E-09 7.1642E-09 7.2725E-09 7.3774E-09 7.4791E-09 7.5775E-09 7.6723E-09 7.7639E-09 7.8520E-09 7.9359E-09 8.0159E-09 8.0920E-09 8.1640E-09 8.2316E-09 8.2948E-09 8.3536E-09 8.4080E-09 8.4578E-09 8.5034E-09 8.5446E-09 8.5809E-09 8.6126E-09 8.6395E-09 8.6617E-09 8.6797E-09 8.6933E-09 8.7024E-09 8.7069E-09 8.7067E-09 8.7023E-09 8.6937E-09 8.6810E-09 8.6643E-09 8.6437E-09 8.6193E-09 8.5913E-09 8.5596E-09
4.4654E-09 4.5884E-09 4.7124E-09 4.8377E-09 4.9628E-09 5.0893E-09 5.2162E-09 5.3422E-09 5.4693E-09 5.5957E-09 5.7217E-09 5.8471E-09 5.9723E-09 6.0961E-09 6.2182E-09 6.3394E-09 6.4591E-09 6.5765E-09 6.6919E-09 6.8058E-09 6.9167E-09 7.0258E-09 7.1321E-09 7.2350E-09 7.3355E-09 7.4322E-09 7.5256E-09 7.6154E-09 7.7019E-09 7.7849E-09 7.8638E-09 7.9386E-09 8.0097E-09 8.0767E-09 8.1393E-09 8.1975E-09 8.2516E-09 8.3012E-09 8.3465E-09 8.3873E-09 8.4241E-09 8.4564E-09 8.4840E-09 8.5070E-09 8.5253E-09 8.5391E-09 8.5485E-09 8.5536E-09 8.5545E-09 8.5511E-09 8.5437E-09 8.5323E-09 8.5170E-09 8.4978E-09 8.4750E-09 8.4485E-09 8.4185E-09
4.3813E-09 4.5021E-09 4.6229E-09 4.7455E-09 4.8687E-09 4.9915E-09 5.1156E-09 5.2393E-09 5.3632E-09 5.4873E-09 5.6105E-09 5.7333E-09 5.8553E-09 5.9764E-09 6.0969E-09 6.2151E-09 6.3323E-09 6.4479E-09 6.5610E-09 6.6721E-09 6.7814E-09 6.8878E-09 6.9922E-09 7.0932E-09 7.1919E-09 7.2875E-09 7.3793E-09 7.4677E-09 7.5527E-09 7.6340E-09 7.7120E-09 7.7861E-09 7.8560E-09 7.9222E-09 7.9843E-09 8.0422E-09 8.0958E-09 8.1452E-09 8.1904E-09 8.2313E-09 8.2678E-09 8.3000E-09 8.3284E-09 8.3523E-09 8.3717E-09 8.3867E-09 8.3971E-09 8.4033E-09 8.4053E-09 8.4032E-09 8.3972E-09 8.3872E-09 8.3734E-09 8.3559E-09 8.3347E-09 8.3100E-09 8.2818E-09
