Assets/Resources/2015_m01_d23_0000(utc+0800)_l00_csi_1hr_conc.grd
DSAA
         159         159
     -79.000      79.000
     -79.000      79.000
  0.0000E+00  0.3263E-04
[rows 0 to 24 of 159, columns 57 to 113 of 159]
8.4502E-09 8.6303E-09 8.7937E-09 8.9375E-09 9.0616E-09 9.1695E-09 9.2578E-09 9.3289E-09 9.3856E-09 9.4246E-09 9.4484E-09 9.4589E-09 9.4550E-09 9.4382E-09 9.4105E-09 9.3707E-09 9.3205E-09 9.2606E-09 9.1918E-09 9.1148E-09 9.0327E-09 8.9417E-09 8.8444E-09 8.7416E-09 8.6354E-09 8.5230E-09 8.4065E-09 8.2872E-09 8.1639E-09 8.0378E-09 7.9094E-09 7.7773E-09 7.6454E-09 7.5121E-09 7.3763E-09 7.2419E-09 7.1080E-09 6.9725E-09 6.8396E-09 6.7073E-09 6.5734E-09 6.4430E-09 6.3132E-09 6.1844E-09 6.0534E-09 5.9253E-09 5.7981E-09 5.6690E-09 5.5438E-09 5.4197E-09 5.2973E-09 5.1768E-09 5.0577E-09 4.9407E-09 4.8252E-09 4.7115E-09 4.5998E-09
8.5902E-09 8.7741E-09 8.9380E-09 9.0816E-09 9.2082E-09 9.3144E-09 9.4024E-09 9.4750E-09 9.5289E-09 9.5667E-09 9.5900E-09 9.5979E-09 9.5920E-09 9.5740E-09 9.5430E-09 9.5007E-09 9.4478E-09 9.3851E-09 9.3134E-09 9.2360E-09 9.1487E-09 9.0546E-09 8.9542E-09 8.8500E-09 8.7390E-09 8.6235E-09 8.5047E-09 8.3815E-09 8.2551E-09 8.1260E-09 7.9946E-09 7.8613E-09 7.7265E-09 7.5905E-09 7.4537E-09 7.3167E-09 7.1804E-09 7.0420E-09 6.9067E-09 6.7724E-09 6.6366E-09 6.5041E-09 6.3724E-09 6.2392E-09 6.1061E-09 5.9762E-09 5.8471E-09 5.7161E-09 5.5890E-09 5.4632E-09 5.3366E-09 5.2145E-09 5.0938E-09 4.9752E-09 4.8583E-09 4.7434E-09 4.6303E-09
8.7257E-09 8.9121E-09 9.0765E-09 9.2223E-09 9.3489E-09 9.4555E-09 9.5457E-09 9.6162E-09 9.6695E-09 9.7073E-09 9.7286E-09 9.7350E-09 9.7284E-09 9.7078E-09 9.6747E-09 9.6302E-09 9.5748E-09 9.5096E-09 9.4379E-09 9.3555E-09 9.2654E-09 9.1701E-09 9.0670E-09 8.9582E-09 8.8444E-09 8.7276E-09 8.6052E-09 8.4791E-09 8.3506E-09 8.2186E-09 8.0844E-09 7.9483E-09 7.8107E-09 7.6720E-09 7.5325E-09 7.3928E-09 7.2540E-09 7.1155E-09 6.9780E-09 6.8390E-09 6.7003E-09 6.5655E-09 6.4296E-09 6.2964E-09 6.1608E-09 6.0287E-09 5.8975E-09 5.7618E-09 5.6327E-09 5.5050E-09 5.3763E-09 5.2523E-09 5.1274E-09 5.0074E-09 4.8890E-09 4.7728E-09 4.6585E-09
8.8528E-09 9.0403E-09 9.2063E-09 9.3546E-09 9.4811E-09 9.5893E-09 9.6788E-09 9.7492E-09 9.8030E-09 9.8392E-09 9.8595E-09 9.8656E-09 9.8566E-09 9.8342E-09 9.7992E-09 9.7525E-09 9.6950E-09 9.6301E-09 9.5536E-09 9.4686E-09 9.3776E-09 9.2780E-09 9.1722E-09 9.0606E-09 8.9457E-09 8.8245E-09 8.6992E-09 8.5711E-09 8.4390E-09 8.3042E-09 8.1671E-09 8.0281E-09 7.8877E-09 7.7462E-09 7.6039E-09 7.4615E-09 7.3201E-09 7.1792E-09 7.0394E-09 6.9003E-09 6.7619E-09 6.6246E-09 6.4884E-09 6.3503E-09 6.2131E-09 6.0784E-09 5.9454E-09 5.8075E-09 5.6763E-09 5.5441E-09 5.4136E-09 5.2880E-09 5.1637E-09 5.0396E-09 4.9174E-09 4.7998E-09 4.6843E-09
8.9700E-09 9.1581E-09 9.3280E-09 9.4756E-09 9.6040E-09 9.7130E-09 9.8018E-09 9.8730E-09 9.9255E-09 9.9610E-09 9.9813E-09 9.9853E-09 9.9748E-09 9.9507E-09 9.9138E-09 9.8651E-09 9.8082E-09 9.7386E-09 9.6596E-09 9.5739E-09 9.4788E-09 9.3766E-09 9.2680E-09 9.1557E-09 9.0364E-09 8.9124E-09 8.7853E-09 8.6538E-09 8.5195E-09 8.3820E-09 8.2422E-09 8.1006E-09 7.9575E-09 7.8134E-09 7.6687E-09 7.5238E-09 7.3800E-09 7.2369E-09 7.0949E-09 6.9541E-09 6.8137E-09 6.6744E-09 6.5359E-09 6.3988E-09 6.2620E-09 6.1255E-09 5.9879E-09 5.8508E-09 5.7178E-09 5.5838E-09 5.4512E-09 5.3214E-09 5.1957E-09 5.0698E-09 4.9485E-09 4.8270E-09 4.7078E-09
9.0782E-09 9.2696E-09 9.4405E-09 9.5896E-09 9.7205E-09 9.8293E-09 9.9185E-09 9.9901E-09 1.0042E-08 1.0079E-08 1.0097E-08 1.0100E-08 1.0089E-08 1.0063E-08 1.0025E-08 9.9769E-09 9.9156E-09 9.8439E-09 9.7646E-09 9.6751E-09 9.5776E-09 9.4731E-09 9.3647E-09 9.2481E-09 9.1263E-09 9.0008E-09 8.8703E-09 8.7360E-09 8.5986E-09 8.4584E-09 8.3160E-09 8.1718E-09 8.0261E-09 7.8794E-09 7.7322E-09 7.5848E-09 7.4386E-09 7.2932E-09 7.1490E-09 7.0060E-09 6.8643E-09 6.7230E-09 6.5827E-09 6.4434E-09 6.3050E-09 6.1666E-09 6.0291E-09 5.8924E-09 5.7548E-09 5.6215E-09 5.4870E-09 5.3579E-09 5.2280E-09 5.0981E-09 4.9752E-09 4.8522E-09 4.7340E-09
9.1776E-09 9.3715E-09 9.5434E-09 9.6964E-09 9.8266E-09 9.9363E-09 1.0027E-08 1.0098E-08 1.0151E-08 1.0187E-08 1.0205E-08 1.0207E-08 1.0194E-08 1.0167E-08 1.0130E-08 1.0079E-08 1.0015E-08 9.9428E-09 9.8613E-09 9.7699E-09 9.6703E-09 9.5655E-09 9.4527E-09 9.3342E-09 9.2110E-09 9.0822E-09 8.9492E-09 8.8133E-09 8.6734E-09 8.5308E-09 8.3860E-09 8.2393E-09 8.0912E-09 7.9420E-09 7.7924E-09 7.6426E-09 7.4942E-09 7.3466E-09 7.2003E-09 7.0553E-09 6.9117E-09 6.7693E-09 6.6268E-09 6.4857E-09 6.3448E-09 6.2043E-09 6.0647E-09 5.9265E-09 5.7896E-09 5.6546E-09 5.5186E-09 5.3875E-09 5.2559E-09 5.1294E-09 5.0025E-09 4.8753E-09 4.7558E-09
9.2670E-09 9.4624E-09 9.6375E-09 9.7914E-09 9.9230E-09 1.0035E-08 1.0126E-08 1.0197E-08 1.0251E-08 1.0286E-08 1.0303E-08 1.0305E-08 1.0292E-08 1.0266E-08 1.0226E-08 1.0173E-08 1.0110E-08 1.0036E-08 9.9515E-09 9.8582E-09 9.7588E-09 9.6502E-09 9.5354E-09 9.4156E-09 9.2901E-09 9.1591E-09 9.0239E-09 8.8850E-09 8.7428E-09 8.5987E-09 8.4515E-09 8.3025E-09 8.1521E-09 8.0007E-09 7.8489E-09 7.6970E-09 7.5464E-09 7.3966E-09 7.2480E-09 7.1007E-09 6.9550E-09 6.8108E-09 6.6680E-09 6.5251E-09 6.3830E-09 6.2409E-09 6.1002E-09 5.9600E-09 5.8212E-09 5.6844E-09 5.5489E-09 5.4163E-09 5.2831E-09 5.1549E-09 5.0262E-09 4.9027E-09 4.7791E-09
9.3458E-09 9.5448E-09 9.7224E-09 9.8771E-09 1.0011E-08 1.0124E-08 1.0216E-08 1.0289E-08 1.0342E-08 1.0377E-08 1.0395E-08 1.0396E-08 1.0384E-08 1.0357E-08 1.0316E-08 1.0263E-08 1.0198E-08 1.0122E-08 1.0036E-08 9.9437E-09 9.8407E-09 9.7303E-09 9.6144E-09 9.4920E-09 9.3638E-09 9.2307E-09 9.0934E-09 8.9524E-09 8.8084E-09 8.6614E-09 8.5120E-09 8.3607E-09 8.2079E-09 8.0544E-09 7.9004E-09 7.7465E-09 7.5939E-09 7.4424E-09 7.2924E-09 7.1439E-09 6.9967E-09 6.8511E-09 6.7065E-09 6.5629E-09 6.4191E-09 6.2753E-09 6.1326E-09 5.9910E-09 5.8503E-09 5.7120E-09 5.5748E-09 5.4408E-09 5.3086E-09 5.1786E-09 5.0485E-09 4.9234E-09 4.7981E-09
9.4146E-09 9.6176E-09 9.7966E-09 9.9535E-09 1.0090E-08 1.0204E-08 1.0298E-08 1.0371E-08 1.0425E-08 1.0460E-08 1.0478E-08 1.0481E-08 1.0469E-08 1.0441E-08 1.0398E-08 1.0346E-08 1.0279E-08 1.0202E-08 1.0117E-08 1.0022E-08 9.9172E-09 9.8062E-09 9.6875E-09 9.5632E-09 9.4335E-09 9.2986E-09 9.1594E-09 9.0164E-09 8.8701E-09 8.7210E-09 8.5697E-09 8.4165E-09 8.2619E-09 8.1063E-09 7.9503E-09 7.7945E-09 7.6400E-09 7.4867E-09 7.3349E-09 7.1845E-09 7.0356E-09 6.8879E-09 6.7414E-09 6.5965E-09 6.4525E-09 6.3070E-09 6.1633E-09 6.0199E-09 5.8777E-09 5.7377E-09 5.5990E-09 5.4631E-09 5.3297E-09 5.1984E-09 5.0694E-09 4.9401E-09 4.8159E-09
9.4747E-09 9.6796E-09 9.8612E-09 1.0022E-08 1.0159E-08 1.0274E-08 1.0370E-08 1.0445E-08 1.0500E-08 1.0536E-08 1.0556E-08 1.0560E-08 1.0546E-08 1.0518E-08 1.0478E-08 1.0423E-08 1.0356E-08 1.0280E-08 1.0191E-08 1.0094E-08 9.9896E-09 9.8763E-09 9.7562E-09 9.6299E-09 9.4982E-09 9.3624E-09 9.2214E-09 9.0767E-09 8.9286E-09 8.7777E-09 8.6245E-09 8.4694E-09 8.3129E-09 8.1554E-09 7.9976E-09 7.8398E-09 7.6833E-09 7.5279E-09 7.3743E-09 7.2225E-09 7.0721E-09 6.9233E-09 6.7758E-09 6.6295E-09 6.4837E-09 6.3381E-09 6.1922E-09 6.0477E-09 5.9039E-09 5.7622E-09 5.6222E-09 5.4848E-09 5.3494E-09 5.2167E-09 5.0863E-09 4.9582E-09 4.8324E-09
9.5249E-09 9.7317E-09 9.9171E-09 1.0079E-08 1.0219E-08 1.0338E-08 1.0434E-08 1.0511E-08 1.0567E-08 1.0605E-08 1.0627E-08 1.0630E-08 1.0617E-08 1.0590E-08 1.0548E-08 1.0492E-08 1.0427E-08 1.0348E-08 1.0259E-08 1.0162E-08 1.0056E-08 9.9412E-09 9.8198E-09 9.6922E-09 9.5591E-09 9.4209E-09 9.2784E-09 9.1320E-09 8.9823E-09 8.8298E-09 8.6748E-09 8.5180E-09 8.3597E-09 8.2004E-09 8.0409E-09 7.8815E-09 7.7236E-09 7.5669E-09 7.4119E-09 7.2585E-09 7.1067E-09 6.9565E-09 6.8075E-09 6.6599E-09 6.5128E-09 6.3661E-09 6.2200E-09 6.0735E-09 5.9280E-09 5.7850E-09 5.6433E-09 5.5045E-09 5.3676E-09 5.2333E-09 5.1009E-09 4.9711E-09 4.8443E-09
9.5639E-09 9.7737E-09 9.9622E-09 1.0127E-08 1.0271E-08 1.0391E-08 1.0490E-08 1.0568E-08 1.0626E-08 1.0668E-08 1.0689E-08 1.0692E-08 1.0681E-08 1.0654E-08 1.0611E-08 1.0558E-08 1.0490E-08 1.0411E-08 1.0322E-08 1.0223E-08 1.0116E-08 1.0000E-08 9.8777E-09 9.7489E-09 9.6145E-09 9.4750E-09 9.3312E-09 9.1834E-09 9.0322E-09 8.8781E-09 8.7216E-09 8.5632E-09 8.4033E-09 8.2424E-09 8.0813E-09 7.9203E-09 7.7608E-09 7.6027E-09 7.4461E-09 7.2914E-09 7.1382E-09 6.9868E-09 6.8368E-09 6.6879E-09 6.5399E-09 6.3918E-09 6.2446E-09 6.0980E-09 5.9507E-09 5.8062E-09 5.6630E-09 5.5225E-09 5.3842E-09 5.2481E-09 5.1148E-09 4.9833E-09 4.8550E-09
9.5927E-09 9.8072E-09 9.9981E-09 1.0166E-08 1.0313E-08 1.0436E-08 1.0537E-08 1.0617E-08 1.0679E-08 1.0721E-08 1.0743E-08 1.0748E-08 1.0737E-08 1.0710E-08 1.0670E-08 1.0614E-08 1.0546E-08 1.0468E-08 1.0378E-08 1.0278E-08 1.0170E-08 1.0054E-08 9.9305E-09 9.8008E-09 9.6653E-09 9.5248E-09 9.3797E-09 9.2307E-09 9.0782E-09 8.9228E-09 8.7649E-09 8.6051E-09 8.4437E-09 8.2814E-09 8.1188E-09 7.9564E-09 7.7953E-09 7.6359E-09 7.4779E-09 7.3218E-09 7.1673E-09 7.0146E-09 6.8634E-09 6.7135E-09 6.5645E-09 6.4155E-09 6.2671E-09 6.1196E-09 5.9726E-09 5.8255E-09 5.6813E-09 5.5387E-09 5.3990E-09 5.2614E-09 5.1263E-09 4.9935E-09 4.8632E-09
9.6131E-09 9.8302E-09 1.0025E-08 1.0198E-08 1.0346E-08 1.0472E-08 1.0576E-08 1.0660E-08 1.0723E-08 1.0765E-08 1.0790E-08 1.0797E-08 1.0785E-08 1.0759E-08 1.0719E-08 1.0663E-08 1.0596E-08 1.0518E-08 1.0428E-08 1.0328E-08 1.0219E-08 1.0102E-08 9.9785E-09 9.8480E-09 9.7117E-09 9.5702E-09 9.4242E-09 9.2742E-09 9.1206E-09 8.9640E-09 8.8049E-09 8.6438E-09 8.4812E-09 8.3175E-09 8.1535E-09 7.9898E-09 7.8274E-09 7.6667E-09 7.5074E-09 7.3501E-09 7.1943E-09 7.0405E-09 6.8882E-09 6.7371E-09 6.5869E-09 6.4370E-09 6.2876E-09 6.1391E-09 5.9911E-09 5.8439E-09 5.6975E-09 5.5535E-09 5.4123E-09 5.2731E-09 5.1368E-09 5.0025E-09 4.8714E-09
9.6230E-09 9.8444E-09 1.0044E-08 1.0219E-08 1.0371E-08 1.0499E-08 1.0607E-08 1.0694E-08 1.0758E-08 1.0802E-08 1.0829E-08 1.0835E-08 1.0826E-08 1.0802E-08 1.0761E-08 1.0707E-08 1.0641E-08 1.0562E-08 1.0472E-08 1.0372E-08 1.0263E-08 1.0146E-08 1.0022E-08 9.8907E-09 9.7538E-09 9.6117E-09 9.4649E-09 9.3140E-09 9.1595E-09 9.0019E-09 8.8417E-09 8.6795E-09 8.5157E-09 8.3509E-09 8.1857E-09 8.0208E-09 7.8572E-09 7.6960E-09 7.5354E-09 7.3770E-09 7.2201E-09 7.0650E-09 6.9117E-09 6.7594E-09 6.6082E-09 6.4571E-09 6.3066E-09 6.1570E-09 6.0080E-09 5.8605E-09 5.7132E-09 5.5672E-09 5.4237E-09 5.2831E-09 5.1455E-09 5.0101E-09 4.8770E-09
9.6241E-09 9.8505E-09 1.0052E-08 1.0230E-08 1.0386E-08 1.0517E-08 1.0629E-08 1.0718E-08 1.0783E-08 1.0832E-08 1.0858E-08 1.0867E-08 1.0860E-08 1.0836E-08 1.0796E-08 1.0744E-08 1.0677E-08 1.0598E-08 1.0509E-08 1.0409E-08 1.0300E-08 1.0183E-08 1.0058E-08 9.9269E-09 9.7895E-09 9.6468E-09 9.4993E-09 9.3477E-09 9.1924E-09 9.0339E-09 8.8728E-09 8.7099E-09 8.5456E-09 8.3796E-09 8.2135E-09 8.0475E-09 7.8826E-09 7.7196E-09 7.5579E-09 7.3983E-09 7.2407E-09 7.0848E-09 6.9304E-09 6.7770E-09 6.6246E-09 6.4724E-09 6.3207E-09 6.1700E-09 6.0198E-09 5.8712E-09 5.7240E-09 5.5776E-09 5.4330E-09 5.2903E-09 5.1515E-09 5.0145E-09 4.8801E-09
9.6168E-09 9.8453E-09 1.0051E-08 1.0233E-08 1.0392E-08 1.0529E-08 1.0642E-08 1.0732E-08 1.0802E-08 1.0851E-08 1.0880E-08 1.0893E-08 1.0886E-08 1.0863E-08 1.0826E-08 1.0773E-08 1.0708E-08 1.0630E-08 1.0541E-08 1.0441E-08 1.0333E-08 1.0216E-08 1.0091E-08 9.9596E-09 9.8220E-09 9.6790E-09 9.5311E-09 9.3789E-09 9.2236E-09 9.0647E-09 8.9029E-09 8.7390E-09 8.5739E-09 8.4073E-09 8.2402E-09 8.0733E-09 7.9073E-09 7.7434E-09 7.5806E-09 7.4200E-09 7.2620E-09 7.1048E-09 6.9494E-09 6.7951E-09 6.6418E-09 6.4888E-09 6.3361E-09 6.1842E-09 6.0329E-09 5.8829E-09 5.7342E-09 5.5870E-09 5.4410E-09 5.2967E-09 5.1558E-09 5.0184E-09 4.8831E-09
9.5982E-09 9.8310E-09 1.0041E-08 1.0227E-08 1.0390E-08 1.0531E-08 1.0646E-08 1.0740E-08 1.0812E-08 1.0863E-08 1.0896E-08 1.0910E-08 1.0905E-08 1.0883E-08 1.0847E-08 1.0796E-08 1.0731E-08 1.0654E-08 1.0566E-08 1.0468E-08 1.0359E-08 1.0243E-08 1.0118E-08 9.9869E-09 9.8492E-09 9.7064E-09 9.5587E-09 9.4062E-09 9.2504E-09 9.0911E-09 8.9288E-09 8.7643E-09 8.5980E-09 8.4311E-09 8.2640E-09 8.0964E-09 7.9295E-09 7.7647E-09 7.6011E-09 7.4395E-09 7.2797E-09 7.1215E-09 6.9651E-09 6.8098E-09 6.6556E-09 6.5017E-09 6.3479E-09 6.1946E-09 6.0418E-09 5.8903E-09 5.7407E-09 5.5926E-09 5.4470E-09 5.3024E-09 5.1598E-09 5.0204E-09 4.8848E-09
9.5711E-09 9.8083E-09 1.0021E-08 1.0212E-08 1.0379E-08 1.0522E-08 1.0640E-08 1.0739E-08 1.0814E-08 1.0867E-08 1.0904E-08 1.0919E-08 1.0916E-08 1.0897E-08 1.0862E-08 1.0812E-08 1.0749E-08 1.0673E-08 1.0586E-08 1.0488E-08 1.0381E-08 1.0265E-08 1.0141E-08 1.0010E-08 9.8730E-09 9.7305E-09 9.5827E-09 9.4301E-09 9.2741E-09 9.1146E-09 8.9524E-09 8.7879E-09 8.6212E-09 8.4531E-09 8.2846E-09 8.1169E-09 7.9500E-09 7.7845E-09 7.6200E-09 7.4575E-09 7.2966E-09 7.1373E-09 6.9797E-09 6.8233E-09 6.6681E-09 6.5132E-09 6.3584E-09 6.2042E-09 6.0506E-09 5.8981E-09 5.7471E-09 5.5977E-09 5.4502E-09 5.3045E-09 5.1608E-09 5.0198E-09 4.8832E-09
9.5353E-09 9.7753E-09 9.9921E-09 1.0189E-08 1.0359E-08 1.0504E-08 1.0628E-08 1.0729E-08 1.0807E-08 1.0866E-08 1.0903E-08 1.0920E-08 1.0921E-08 1.0904E-08 1.0870E-08 1.0823E-08 1.0761E-08 1.0687E-08 1.0601E-08 1.0504E-08 1.0398E-08 1.0283E-08 1.0160E-08 1.0030E-08 9.8932E-09 9.7511E-09 9.6034E-09 9.4512E-09 9.2955E-09 9.1363E-09 8.9740E-09 8.8093E-09 8.6423E-09 8.4739E-09 8.3048E-09 8.1358E-09 7.9682E-09 7.8020E-09 7.6367E-09 7.4734E-09 7.3118E-09 7.1518E-09 6.9936E-09 6.8365E-09 6.6813E-09 6.5255E-09 6.3695E-09 6.2140E-09 6.0583E-09 5.9036E-09 5.7510E-09 5.5999E-09 5.4517E-09 5.3056E-09 5.1621E-09 5.0195E-09 4.8803E-09
9.4890E-09 9.7332E-09 9.9584E-09 1.0156E-08 1.0329E-08 1.0480E-08 1.0608E-08 1.0711E-08 1.0794E-08 1.0855E-08 1.0894E-08 1.0916E-08 1.0918E-08 1.0903E-08 1.0872E-08 1.0827E-08 1.0767E-08 1.0694E-08 1.0610E-08 1.0515E-08 1.0411E-08 1.0297E-08 1.0175E-08 1.0046E-08 9.9097E-09 9.7687E-09 9.6218E-09 9.4702E-09 9.3145E-09 9.1549E-09 8.9924E-09 8.8280E-09 8.6608E-09 8.4921E-09 8.3226E-09 8.1531E-09 7.9845E-09 7.8182E-09 7.6524E-09 7.4883E-09 7.3259E-09 7.1651E-09 7.0060E-09 6.8480E-09 6.6909E-09 6.5341E-09 6.3770E-09 6.2206E-09 6.0645E-09 5.9093E-09 5.7558E-09 5.6037E-09 5.4541E-09 5.3063E-09 5.1612E-09 5.0184E-09 4.8770E-09
9.4355E-09 9.6869E-09 9.9120E-09 1.0113E-08 1.0294E-08 1.0448E-08 1.0578E-08 1.0685E-08 1.0772E-08 1.0836E-08 1.0878E-08 1.0903E-08 1.0909E-08 1.0896E-08 1.0868E-08 1.0825E-08 1.0767E-08 1.0697E-08 1.0615E-08 1.0522E-08 1.0419E-08 1.0307E-08 1.0186E-08 1.0058E-08 9.9237E-09 9.7831E-09 9.6365E-09 9.4857E-09 9.3304E-09 9.1712E-09 9.0088E-09 8.8444E-09 8.6777E-09 8.5097E-09 8.3401E-09 8.1704E-09 8.0011E-09 7.8339E-09 7.6682E-09 7.5035E-09 7.3403E-09 7.1787E-09 7.0188E-09 6.8598E-09 6.7017E-09 6.5439E-09 6.3858E-09 6.2281E-09 6.0707E-09 5.9138E-09 5.7585E-09 5.6050E-09 5.4538E-09 5.3046E-09 5.1583E-09 5.0145E-09 4.8723E-09
9.3756E-09 9.6278E-09 9.8570E-09 1.0066E-08 1.0248E-08 1.0406E-08 1.0541E-08 1.0654E-08 1.0742E-08 1.0809E-08 1.0857E-08 1.0884E-08 1.0892E-08 1.0883E-08 1.0858E-08 1.0817E-08 1.0763E-08 1.0695E-08 1.0615E-08 1.0524E-08 1.0423E-08 1.0313E-08 1.0194E-08 1.0067E-08 9.9339E-09 9.7942E-09 9.6486E-09 9.4986E-09 9.3441E-09 9.1855E-09 9.0244E-09 8.8601E-09 8.6932E-09 8.5254E-09 8.3558E-09 8.1859E-09 8.0164E-09 7.8484E-09 7.6814E-09 7.5160E-09 7.3533E-09 7.1909E-09 7.0301E-09 6.8701E-09 6.7110E-09 6.5522E-09 6.3928E-09 6.2335E-09 6.0745E-09 5.9165E-09 5.7603E-09 5.6054E-09 5.4532E-09 5.3031E-09 5.1558E-09 5.0112E-09 4.8686E-09
9.3041E-09 9.5631E-09 9.7973E-09 1.0008E-08 1.0194E-08 1.0359E-08 1.0497E-08 1.0612E-08 1.0705E-08 1.0777E-08 1.0827E-08 1.0858E-08 1.0870E-08 1.0864E-08 1.0842E-08 1.0805E-08 1.0753E-08 1.0688E-08 1.0611E-08 1.0522E-08 1.0423E-08 1.0315E-08 1.0198E-08 1.0073E-08 9.9410E-09 9.8026E-09 9.6582E-09 9.5092E-09 9.3560E-09 9.1984E-09 9.0381E-09 8.8741E-09 8.7077E-09 8.5399E-09 8.3707E-09 8.2008E-09 8.0311E-09 7.8627E-09 7.6954E-09 7.5300E-09 7.3662E-09 7.2030E-09 7.0414E-09 6.8805E-09 6.7204E-09 6.5606E-09 6.4002E-09 6.2400E-09 6.0802E-09 5.9210E-09 5.7634E-09 5.6071E-09 5.4534E-09 5.3015E-09 5.1522E-09 5.0060E-09 4.8622E-09
