Assets/Resources/2015_m01_d23_1500(utc+0800)_l00_csi_1hr_conc.grd
DSAA
         159         159
     -79.000      79.000
     -79.000      79.000
  0.0000E+00  0.1475E-05
[rows 0 to 24 of 159, columns 57 to 113 of 159]
1.6399E-10 1.7178E-10 1.7998E-10 1.8831E-10 1.9691E-10 2.0593E-10 2.1509E-10 2.2453E-10 2.3439E-10 2.4438E-10 2.5466E-10 2.6521E-10 2.7605E-10 2.8717E-10 2.9855E-10 3.1021E-10 3.2215E-10 3.3434E-10 3.4680E-10 3.5951E-10 3.7248E-10 3.8554E-10 3.9899E-10 4.1266E-10 4.2655E-10 4.4067E-10 4.5484E-10 4.6935E-10 4.8404E-10 4.9875E-10 5.1377E-10 5.2910E-10 5.4456E-10 5.5984E-10 5.7553E-10 5.9101E-10 6.0686E-10 6.2279E-10 6.3846E-10 6.5446E-10 6.7016E-10 6.8616E-10 7.0182E-10 7.1774E-10 7.3361E-10 7.4909E-10 7.6477E-10 7.8002E-10 7.9512E-10 8.1036E-10 8.2512E-10 8.3997E-10 8.5462E-10 8.6870E-10 8.8253E-10 8.9638E-10 9.0961E-10
1.7050E-10 1.7875E-10 1.8713E-10 1.9579E-10 2.0489E-10 2.1413E-10 2.2365E-10 2.3361E-10 2.4372E-10 2.5412E-10 2.6495E-10 2.7593E-10 2.8706E-10 2.9862E-10 3.1061E-10 3.2274E-10 3.3500E-10 3.4769E-10 3.6064E-10 3.7387E-10 3.8736E-10 4.0109E-10 4.1507E-10 4.2930E-10 4.4361E-10 4.5829E-10 4.7318E-10 4.8812E-10 5.0339E-10 5.1901E-10 5.3480E-10 5.5043E-10 5.6651E-10 5.8271E-10 5.9872E-10 6.1515E-10 6.3165E-10 6.4791E-10 6.6451E-10 6.8085E-10 6.9748E-10 7.1413E-10 7.3043E-10 7.4700E-10 7.6319E-10 7.7959E-10 7.9558E-10 8.1174E-10 8.2777E-10 8.4332E-10 8.5867E-10 8.7412E-10 8.8902E-10 9.0398E-10 9.1835E-10 9.3242E-10 9.4649E-10
1.7733E-10 1.8576E-10 1.9461E-10 2.0362E-10 2.1307E-10 2.2267E-10 2.3258E-10 2.4279E-10 2.5329E-10 2.6425E-10 2.7537E-10 2.8678E-10 2.9849E-10 3.1052E-10 3.2284E-10 3.3544E-10 3.4834E-10 3.6154E-10 3.7501E-10 3.8875E-10 4.0262E-10 4.1705E-10 4.3145E-10 4.4624E-10 4.6126E-10 4.7637E-10 4.9185E-10 5.0770E-10 5.2374E-10 5.3967E-10 5.5608E-10 5.7264E-10 5.8936E-10 6.0591E-10 6.2289E-10 6.3965E-10 6.5680E-10 6.7400E-10 6.9096E-10 7.0827E-10 7.2558E-10 7.4257E-10 7.5983E-10 7.7673E-10 7.9387E-10 8.1093E-10 8.2756E-10 8.4437E-10 8.6071E-10 8.7718E-10 8.9314E-10 9.0887E-10 9.2467E-10 9.4022E-10 9.5516E-10 9.7011E-10 9.8441E-10
1.8433E-10 1.9308E-10 2.0228E-10 2.1165E-10 2.2131E-10 2.3144E-10 2.4173E-10 2.5233E-10 2.6326E-10 2.7450E-10 2.8604E-10 2.9805E-10 3.1023E-10 3.2272E-10 3.3537E-10 3.4862E-10 3.6203E-10 3.7559E-10 3.8959E-10 4.0387E-10 4.1844E-10 4.3328E-10 4.4839E-10 4.6361E-10 4.7922E-10 4.9524E-10 5.1148E-10 5.2794E-10 5.4431E-10 5.6117E-10 5.7823E-10 5.9515E-10 6.1253E-10 6.3004E-10 6.4736E-10 6.6509E-10 6.8292E-10 7.0051E-10 7.1846E-10 7.3612E-10 7.5409E-10 7.7205E-10 7.9000E-10 8.0758E-10 8.2540E-10 8.4281E-10 8.6040E-10 8.7755E-10 8.9483E-10 9.1195E-10 9.2854E-10 9.4521E-10 9.6131E-10 9.7713E-10 9.9296E-10 1.0082E-09 1.0233E-09
1.9149E-10 2.0059E-10 2.1000E-10 2.1987E-10 2.2991E-10 2.4028E-10 2.5111E-10 2.6213E-10 2.7347E-10 2.8513E-10 2.9714E-10 3.0946E-10 3.2211E-10 3.3507E-10 3.4837E-10 3.6198E-10 3.7590E-10 3.9013E-10 4.0468E-10 4.1952E-10 4.3464E-10 4.4991E-10 4.6560E-10 4.8172E-10 4.9810E-10 5.1473E-10 5.3130E-10 5.4839E-10 5.6572E-10 5.8294E-10 6.0066E-10 6.1854E-10 6.3628E-10 6.5446E-10 6.7279E-10 6.9122E-10 7.0943E-10 7.2801E-10 7.4633E-10 7.6531E-10 7.8368E-10 8.0234E-10 8.2067E-10 8.3924E-10 8.5743E-10 8.7581E-10 8.9410E-10 9.1191E-10 9.2988E-10 9.4733E-10 9.6487E-10 9.8185E-10 9.9888E-10 1.0153E-09 1.0317E-09 1.0474E-09 1.0629E-09
1.9869E-10 2.0813E-10 2.1804E-10 2.2814E-10 2.3857E-10 2.4947E-10 2.6057E-10 2.7201E-10 2.8377E-10 2.9589E-10 3.0835E-10 3.2114E-10 3.3441E-10 3.4788E-10 3.6153E-10 3.7566E-10 3.9026E-10 4.0489E-10 4.1999E-10 4.3539E-10 4.5109E-10 4.6725E-10 4.8370E-10 5.0013E-10 5.1714E-10 5.3439E-10 5.5192E-10 5.6938E-10 5.8736E-10 6.0556E-10 6.2394E-10 6.4220E-10 6.6096E-10 6.7985E-10 6.9856E-10 7.1768E-10 7.3689E-10 7.5620E-10 7.7524E-10 7.9462E-10 8.1401E-10 8.3307E-10 8.5240E-10 8.7170E-10 8.9059E-10 9.0970E-10 9.2835E-10 9.4716E-10 9.6548E-10 9.8390E-10 1.0020E-09 1.0197E-09 1.0370E-09 1.0543E-09 1.0710E-09 1.0876E-09 1.1036E-09
2.0605E-10 2.1599E-10 2.2613E-10 2.3660E-10 2.4757E-10 2.5873E-10 2.7025E-10 2.8226E-10 2.9448E-10 3.0705E-10 3.1996E-10 3.3324E-10 3.4687E-10 3.6083E-10 3.7515E-10 3.8981E-10 4.0481E-10 4.2014E-10 4.3580E-10 4.5194E-10 4.6809E-10 4.8486E-10 5.0193E-10 5.1928E-10 5.3694E-10 5.5456E-10 5.7275E-10 5.9117E-10 6.0982E-10 6.2872E-10 6.4750E-10 6.6678E-10 6.8623E-10 7.0552E-10 7.2525E-10 7.4511E-10 7.6507E-10 7.8478E-10 8.0486E-10 8.2465E-10 8.4509E-10 8.6489E-10 8.8496E-10 9.0466E-10 9.2458E-10 9.4408E-10 9.6375E-10 9.8318E-10 1.0022E-09 1.0212E-09 1.0398E-09 1.0583E-09 1.0763E-09 1.0940E-09 1.1116E-09 1.1285E-09 1.1454E-09
2.1372E-10 2.2388E-10 2.3453E-10 2.4540E-10 2.5662E-10 2.6834E-10 2.8029E-10 2.9260E-10 3.0526E-10 3.1829E-10 3.3170E-10 3.4547E-10 3.5959E-10 3.7423E-10 3.8908E-10 4.0414E-10 4.1969E-10 4.3558E-10 4.5199E-10 4.6873E-10 4.8579E-10 5.0317E-10 5.2058E-10 5.3860E-10 5.5691E-10 5.7550E-10 5.9435E-10 6.1316E-10 6.3254E-10 6.5213E-10 6.7193E-10 6.9162E-10 7.1178E-10 7.3213E-10 7.5261E-10 7.7289E-10 7.9359E-10 8.1435E-10 8.3519E-10 8.5605E-10 8.7662E-10 8.9747E-10 9.1797E-10 9.3871E-10 9.5929E-10 9.7952E-10 9.9984E-10 1.0198E-09 1.0397E-09 1.0592E-09 1.0787E-09 1.0976E-09 1.1165E-09 1.1349E-09 1.1529E-09 1.1707E-09 1.1879E-09
2.2156E-10 2.3208E-10 2.4298E-10 2.5439E-10 2.6601E-10 2.7802E-10 2.9040E-10 3.0316E-10 3.1643E-10 3.2995E-10 3.4384E-10 3.5810E-10 3.7275E-10 3.8777E-10 4.0316E-10 4.1891E-10 4.3520E-10 4.5184E-10 4.6884E-10 4.8589E-10 5.0358E-10 5.2162E-10 5.3998E-10 5.5866E-10 5.7733E-10 5.9660E-10 6.1617E-10 6.3600E-10 6.5607E-10 6.7607E-10 6.9692E-10 7.1735E-10 7.3827E-10 7.5935E-10 7.8027E-10 8.0162E-10 8.2309E-10 8.4464E-10 8.6592E-10 8.8755E-10 9.0917E-10 9.3071E-10 9.5198E-10 9.7340E-10 9.9450E-10 1.0157E-09 1.0365E-09 1.0574E-09 1.0778E-09 1.0983E-09 1.1182E-09 1.1381E-09 1.1575E-09 1.1765E-09 1.1953E-09 1.2136E-09 1.2316E-09
2.2940E-10 2.4047E-10 2.5175E-10 2.6341E-10 2.7561E-10 2.8805E-10 3.0087E-10 3.1409E-10 3.2769E-10 3.4169E-10 3.5607E-10 3.7086E-10 3.8604E-10 4.0159E-10 4.1753E-10 4.3403E-10 4.5090E-10 4.6814E-10 4.8575E-10 5.0374E-10 5.2208E-10 5.4047E-10 5.5949E-10 5.7884E-10 5.9852E-10 6.1851E-10 6.3877E-10 6.5901E-10 6.7981E-10 7.0088E-10 7.2216E-10 7.4365E-10 7.6502E-10 7.8719E-10 8.0889E-10 8.3103E-10 8.5326E-10 8.7527E-10 8.9764E-10 9.1998E-10 9.4208E-10 9.6440E-10 9.8666E-10 1.0086E-09 1.0307E-09 1.0524E-09 1.0743E-09 1.0957E-09 1.1171E-09 1.1380E-09 1.1589E-09 1.1793E-09 1.1995E-09 1.2192E-09 1.2385E-09 1.2577E-09 1.2761E-09
2.3757E-10 2.4886E-10 2.6069E-10 2.7278E-10 2.8525E-10 2.9812E-10 3.1141E-10 3.2509E-10 3.3918E-10 3.5382E-10 3.6872E-10 3.8403E-10 3.9973E-10 4.1601E-10 4.3268E-10 4.4975E-10 4.6721E-10 4.8477E-10 5.0303E-10 5.2166E-10 5.4066E-10 5.6001E-10 5.7973E-10 5.9979E-10 6.1986E-10 6.4055E-10 6.6154E-10 6.8284E-10 7.0440E-10 7.2621E-10 7.4795E-10 7.7053E-10 7.9268E-10 8.1533E-10 8.3812E-10 8.6074E-10 8.8377E-10 9.0681E-10 9.2990E-10 9.5280E-10 9.7592E-10 9.9880E-10 1.0219E-09 1.0448E-09 1.0675E-09 1.0902E-09 1.1126E-09 1.1350E-09 1.1569E-09 1.1788E-09 1.2002E-09 1.2216E-09 1.2423E-09 1.2629E-09 1.2829E-09 1.3025E-09 1.3218E-09
2.4573E-10 2.5757E-10 2.6966E-10 2.8216E-10 2.9507E-10 3.0855E-10 3.2229E-10 3.3645E-10 3.5103E-10 3.6604E-10 3.8146E-10 3.9729E-10 4.1372E-10 4.3056E-10 4.4782E-10 4.6548E-10 4.8358E-10 5.0208E-10 5.2097E-10 5.3995E-10 5.5961E-10 5.7967E-10 6.0008E-10 6.2084E-10 6.4193E-10 6.6338E-10 6.8513E-10 7.0686E-10 7.2918E-10 7.5208E-10 7.7460E-10 7.9766E-10 8.2092E-10 8.4405E-10 8.6765E-10 8.9131E-10 9.1507E-10 9.3869E-10 9.6259E-10 9.8652E-10 1.0102E-09 1.0342E-09 1.0580E-09 1.0816E-09 1.1053E-09 1.1286E-09 1.1519E-09 1.1749E-09 1.1978E-09 1.2203E-09 1.2427E-09 1.2645E-09 1.2862E-09 1.3073E-09 1.3282E-09 1.3484E-09 1.3681E-09
2.5419E-10 2.6629E-10 2.7880E-10 2.9187E-10 3.0523E-10 3.1902E-10 3.3323E-10 3.4788E-10 3.6296E-10 3.7848E-10 3.9474E-10 4.1128E-10 4.2827E-10 4.4539E-10 4.6324E-10 4.8154E-10 5.0026E-10 5.1940E-10 5.3894E-10 5.5891E-10 5.7927E-10 6.0002E-10 6.2083E-10 6.4263E-10 6.6416E-10 6.8635E-10 7.0885E-10 7.3166E-10 7.5478E-10 7.7816E-10 8.0179E-10 8.2534E-10 8.4941E-10 8.7359E-10 8.9793E-10 9.2240E-10 9.4676E-10 9.7143E-10 9.9617E-10 1.0207E-09 1.0455E-09 1.0700E-09 1.0947E-09 1.1193E-09 1.1436E-09 1.1679E-09 1.1919E-09 1.2159E-09 1.2394E-09 1.2628E-09 1.2858E-09 1.3086E-09 1.3308E-09 1.3528E-09 1.3741E-09 1.3950E-09 1.4155E-09
2.6266E-10 2.7516E-10 2.8824E-10 3.0161E-10 3.1542E-10 3.2982E-10 3.4452E-10 3.5966E-10 3.7525E-10 3.9145E-10 4.0811E-10 4.2522E-10 4.4278E-10 4.6081E-10 4.7929E-10 4.9820E-10 5.1755E-10 5.3704E-10 5.5728E-10 5.7793E-10 5.9899E-10 6.2044E-10 6.4230E-10 6.6454E-10 6.8713E-10 7.1007E-10 7.3336E-10 7.5697E-10 7.8087E-10 8.0475E-10 8.2918E-10 8.5379E-10 8.7860E-10 9.0361E-10 9.2855E-10 9.5386E-10 9.7930E-10 1.0046E-09 1.0302E-09 1.0558E-09 1.0812E-09 1.1068E-09 1.1323E-09 1.1576E-09 1.1829E-09 1.2079E-09 1.2329E-09 1.2574E-09 1.2820E-09 1.3060E-09 1.3299E-09 1.3532E-09 1.3764E-09 1.3989E-09 1.4211E-09 1.4425E-09 1.4633E-09
2.7140E-10 2.8433E-10 2.9770E-10 3.1151E-10 3.2593E-10 3.4065E-10 3.5584E-10 3.7148E-10 3.8776E-10 4.0451E-10 4.2172E-10 4.3940E-10 4.5757E-10 4.7621E-10 4.9530E-10 5.1485E-10 5.3487E-10 5.5535E-10 5.7625E-10 5.9759E-10 6.1938E-10 6.4157E-10 6.6416E-10 6.8684E-10 7.1052E-10 7.3425E-10 7.5802E-10 7.8242E-10 8.0713E-10 8.3206E-10 8.5725E-10 8.8267E-10 9.0810E-10 9.3394E-10 9.5998E-10 9.8592E-10 1.0122E-09 1.0386E-09 1.0648E-09 1.0913E-09 1.1178E-09 1.1440E-09 1.1704E-09 1.1968E-09 1.2227E-09 1.2488E-09 1.2744E-09 1.3000E-09 1.3251E-09 1.3502E-09 1.3746E-09 1.3989E-09 1.4225E-09 1.4459E-09 1.4684E-09 1.4906E-09 1.5120E-09
2.8015E-10 2.9350E-10 3.0744E-10 3.2172E-10 3.3646E-10 3.5166E-10 3.6734E-10 3.8367E-10 4.0078E-10 4.1807E-10 4.3556E-10 4.5384E-10 4.7261E-10 4.9186E-10 5.1158E-10 5.3180E-10 5.5249E-10 5.7364E-10 5.9524E-10 6.1731E-10 6.3982E-10 6.6275E-10 6.8609E-10 7.0986E-10 7.3402E-10 7.5854E-10 7.8342E-10 8.0856E-10 8.3402E-10 8.5954E-10 8.8557E-10 9.1184E-10 9.3835E-10 9.6484E-10 9.9173E-10 1.0188E-09 1.0459E-09 1.0730E-09 1.1003E-09 1.1277E-09 1.1548E-09 1.1822E-09 1.2093E-09 1.2364E-09 1.2635E-09 1.2902E-09 1.3169E-09 1.3431E-09 1.3693E-09 1.3949E-09 1.4203E-09 1.4450E-09 1.4695E-09 1.4932E-09 1.5165E-09 1.5390E-09 1.5607E-09
2.8903E-10 3.0295E-10 3.1720E-10 3.3193E-10 3.4714E-10 3.6315E-10 3.7950E-10 3.9635E-10 4.1370E-10 4.3157E-10 4.4995E-10 4.6882E-10 4.8819E-10 5.0808E-10 5.2847E-10 5.4934E-10 5.7069E-10 5.9255E-10 6.1488E-10 6.3767E-10 6.6090E-10 6.8461E-10 7.0874E-10 7.3328E-10 7.5791E-10 7.8347E-10 8.0886E-10 8.3483E-10 8.6112E-10 8.8771E-10 9.1459E-10 9.4151E-10 9.6889E-10 9.9648E-10 1.0242E-09 1.0520E-09 1.0800E-09 1.1082E-09 1.1362E-09 1.1645E-09 1.1928E-09 1.2208E-09 1.2490E-09 1.2771E-09 1.3049E-09 1.3326E-09 1.3599E-09 1.3872E-09 1.4139E-09 1.4404E-09 1.4663E-09 1.4919E-09 1.5167E-09 1.5411E-09 1.5647E-09 1.5878E-09 1.6099E-09
2.9818E-10 3.1240E-10 3.2710E-10 3.4244E-10 3.5829E-10 3.7465E-10 3.9153E-10 4.0891E-10 4.2684E-10 4.4528E-10 4.6424E-10 4.8371E-10 5.0373E-10 5.2426E-10 5.4529E-10 5.6683E-10 5.8890E-10 6.1146E-10 6.3451E-10 6.5802E-10 6.8204E-10 7.0651E-10 7.3141E-10 7.5675E-10 7.8242E-10 8.0849E-10 8.3493E-10 8.6173E-10 8.8888E-10 9.1611E-10 9.4387E-10 9.7189E-10 1.0002E-09 1.0284E-09 1.0571E-09 1.0860E-09 1.1150E-09 1.1438E-09 1.1730E-09 1.2022E-09 1.2312E-09 1.2604E-09 1.2893E-09 1.3183E-09 1.3471E-09 1.3755E-09 1.4038E-09 1.4316E-09 1.4593E-09 1.4862E-09 1.5129E-09 1.5388E-09 1.5644E-09 1.5890E-09 1.6132E-09 1.6364E-09 1.6591E-09
3.0731E-10 3.2212E-10 3.3727E-10 3.5310E-10 3.6945E-10 3.8632E-10 4.0372E-10 4.2168E-10 4.4016E-10 4.5918E-10 4.7873E-10 4.9885E-10 5.1949E-10 5.4066E-10 5.6236E-10 5.8461E-10 6.0738E-10 6.3065E-10 6.5475E-10 6.7904E-10 7.0381E-10 7.2904E-10 7.5467E-10 7.8073E-10 8.0699E-10 8.3389E-10 8.6117E-10 8.8883E-10 9.1685E-10 9.4518E-10 9.7360E-10 1.0025E-09 1.0317E-09 1.0611E-09 1.0907E-09 1.1203E-09 1.1502E-09 1.1803E-09 1.2102E-09 1.2403E-09 1.2705E-09 1.3004E-09 1.3304E-09 1.3603E-09 1.3897E-09 1.4191E-09 1.4480E-09 1.4767E-09 1.5048E-09 1.5326E-09 1.5596E-09 1.5862E-09 1.6119E-09 1.6372E-09 1.6614E-09 1.6851E-09 1.7078E-09
3.1671E-10 3.3180E-10 3.4759E-10 3.6390E-10 3.8076E-10 3.9815E-10 4.1610E-10 4.3461E-10 4.5396E-10 4.7327E-10 4.9376E-10 5.1449E-10 5.3577E-10 5.5762E-10 5.8002E-10 6.0295E-10 6.2642E-10 6.5044E-10 6.7498E-10 7.0002E-10 7.2556E-10 7.5152E-10 7.7795E-10 8.0482E-10 8.3213E-10 8.5988E-10 8.8803E-10 9.1633E-10 9.4523E-10 9.7446E-10 1.0040E-09 1.0339E-09 1.0638E-09 1.0941E-09 1.1247E-09 1.1554E-09 1.1861E-09 1.2171E-09 1.2482E-09 1.2791E-09 1.3102E-09 1.3412E-09 1.3719E-09 1.4026E-09 1.4331E-09 1.4630E-09 1.4928E-09 1.5219E-09 1.5507E-09 1.5788E-09 1.6065E-09 1.6332E-09 1.6596E-09 1.6849E-09 1.7096E-09 1.7333E-09 1.7564E-09
3.2606E-10 3.4177E-10 3.5803E-10 3.7513E-10 3.9220E-10 4.1014E-10 4.2894E-10 4.4800E-10 4.6765E-10 4.8787E-10 5.0866E-10 5.3002E-10 5.5198E-10 5.7450E-10 5.9758E-10 6.2121E-10 6.4543E-10 6.7018E-10 6.9547E-10 7.2152E-10 7.4777E-10 7.7430E-10 8.0153E-10 8.2923E-10 8.5740E-10 8.8601E-10 9.1504E-10 9.4446E-10 9.7427E-10 1.0044E-09 1.0347E-09 1.0655E-09 1.0966E-09 1.1279E-09 1.1592E-09 1.1910E-09 1.2229E-09 1.2549E-09 1.2867E-09 1.3187E-09 1.3507E-09 1.3824E-09 1.4141E-09 1.4453E-09 1.4765E-09 1.5073E-09 1.5374E-09 1.5673E-09 1.5964E-09 1.6251E-09 1.6530E-09 1.6803E-09 1.7067E-09 1.7325E-09 1.7572E-09 1.7813E-09 1.8043E-09
3.3567E-10 3.5185E-10 3.6889E-10 3.8590E-10 4.0410E-10 4.2257E-10 4.4162E-10 4.6127E-10 4.8151E-10 5.0233E-10 5.2374E-10 5.4577E-10 5.6838E-10 5.9158E-10 6.1568E-10 6.4005E-10 6.6498E-10 6.9048E-10 7.1646E-10 7.4298E-10 7.7002E-10 7.9758E-10 8.2565E-10 8.5422E-10 8.8325E-10 9.1251E-10 9.4243E-10 9.7277E-10 1.0035E-09 1.0346E-09 1.0661E-09 1.0978E-09 1.1297E-09 1.1620E-09 1.1946E-09 1.2273E-09 1.2600E-09 1.2929E-09 1.3259E-09 1.3586E-09 1.3915E-09 1.4241E-09 1.4563E-09 1.4885E-09 1.5203E-09 1.5514E-09 1.5823E-09 1.6124E-09 1.6421E-09 1.6710E-09 1.6994E-09 1.7268E-09 1.7536E-09 1.7794E-09 1.8045E-09 1.8285E-09 1.8518E-09
3.4539E-10 3.6234E-10 3.7927E-10 3.9741E-10 4.1582E-10 4.3483E-10 4.5446E-10 4.7468E-10 4.9551E-10 5.1695E-10 5.3933E-10 5.6200E-10 5.8528E-10 6.0918E-10 6.3368E-10 6.5877E-10 6.8445E-10 7.1063E-10 7.3738E-10 7.6469E-10 7.9253E-10 8.2094E-10 8.4987E-10 8.7929E-10 9.0921E-10 9.3960E-10 9.7044E-10 1.0017E-09 1.0332E-09 1.0653E-09 1.0977E-09 1.1305E-09 1.1636E-09 1.1968E-09 1.2303E-09 1.2641E-09 1.2979E-09 1.3315E-09 1.3653E-09 1.3991E-09 1.4327E-09 1.4658E-09 1.4989E-09 1.5314E-09 1.5638E-09 1.5956E-09 1.6267E-09 1.6574E-09 1.6873E-09 1.7167E-09 1.7451E-09 1.7730E-09 1.7998E-09 1.8260E-09 1.8512E-09 1.8754E-09 1.8987E-09
3.5549E-10 3.7233E-10 3.9038E-10 4.0871E-10 4.2766E-10 4.4723E-10 4.6742E-10 4.8823E-10 5.0998E-10 5.3206E-10 5.5476E-10 5.7809E-10 6.0207E-10 6.2666E-10 6.5187E-10 6.7793E-10 7.0428E-10 7.3122E-10 7.5875E-10 7.8689E-10 8.1558E-10 8.4482E-10 8.7461E-10 9.0492E-10 9.3552E-10 9.6685E-10 9.9865E-10 1.0309E-09 1.0636E-09 1.0968E-09 1.1303E-09 1.1639E-09 1.1980E-09 1.2323E-09 1.2668E-09 1.3012E-09 1.3359E-09 1.3706E-09 1.4053E-09 1.4395E-09 1.4738E-09 1.5078E-09 1.5412E-09 1.5744E-09 1.6070E-09 1.6393E-09 1.6710E-09 1.7018E-09 1.7322E-09 1.7616E-09 1.7905E-09 1.8186E-09 1.8456E-09 1.8719E-09 1.8971E-09 1.9215E-09 1.9450E-09
3.6509E-10 3.8303E-10 4.0127E-10 4.2012E-10 4.3961E-10 4.5974E-10 4.8080E-10 5.0222E-10 5.2429E-10 5.4699E-10 5.7034E-10 5.9435E-10 6.1933E-10 6.4462E-10 6.7048E-10 6.9697E-10 7.2409E-10 7.5182E-10 7.8017E-10 8.0913E-10 8.3866E-10 8.6876E-10 8.9945E-10 9.3070E-10 9.6248E-10 9.9479E-10 1.0276E-09 1.0607E-09 1.0944E-09 1.1286E-09 1.1631E-09 1.1979E-09 1.2330E-09 1.2681E-09 1.3035E-09 1.3390E-09 1.3745E-09 1.4097E-09 1.4450E-09 1.4801E-09 1.5148E-09 1.5493E-09 1.5835E-09 1.6169E-09 1.6501E-09 1.6828E-09 1.7145E-09 1.7459E-09 1.7766E-09 1.8062E-09 1.8353E-09 1.8633E-09 1.8907E-09 1.9171E-09 1.9426E-09 1.9672E-09 1.9905E-09
