Assets/Resources/2015_m01_d04_1700(utc+0800)_l00_csi_1hr_conc.grd
DSAA
         159         159
     -79.000      79.000
     -79.000      79.000
  0.1845E-09  0.3886E-04
[rows 25 to 49 of 159, columns 0 to 56 of 159]
1.1176E-08 1.1453E-08 1.1722E-08 1.1979E-08 1.2222E-08 1.2449E-08 1.2656E-08 1.2842E-08 1.3001E-08 1.3132E-08 1.3233E-08 1.3300E-08 1.3331E-08 1.3323E-08 1.3274E-08 1.3185E-08 1.3055E-08 1.2885E-08 1.2675E-08 1.2427E-08 1.2143E-08 1.1826E-08 1.1481E-08 1.1112E-08 1.0726E-08 1.0328E-08 9.9245E-09 9.5201E-09 9.1081E-09 8.7061E-09 8.3120E-09 7.9686E-09 7.6356E-09 7.3202E-09 7.0233E-09 6.7484E-09 6.4480E-09 6.2304E-09 6.0164E-09 5.8057E-09 5.6604E-09 5.5282E-09 5.4132E-09 5.2978E-09 5.1769E-09 5.0763E-09 4.9775E-09 4.9007E-09 4.8202E-09 4.7545E-09 4.6924E-09 4.6317E-09 4.5749E-09 4.5141E-09 4.4607E-09 4.4039E-09 4.3450E-09
1.1737E-08 1.2044E-08 1.2342E-08 1.2626E-08 1.2896E-08 1.3147E-08 1.3377E-08 1.3583E-08 1.3760E-08 1.3908E-08 1.4021E-08 1.4097E-08 1.4132E-08 1.4125E-08 1.4075E-08 1.3980E-08 1.3841E-08 1.3656E-08 1.3427E-08 1.3156E-08 1.2845E-08 1.2499E-08 1.2123E-08 1.1722E-08 1.1302E-08 1.0869E-08 1.0430E-08 9.9905E-09 9.5349E-09 9.1138E-09 8.6928E-09 8.3210E-09 7.9628E-09 7.6241E-09 7.3056E-09 7.0078E-09 6.6985E-09 6.4548E-09 6.2394E-09 5.9963E-09 5.8628E-09 5.7244E-09 5.5936E-09 5.4781E-09 5.3528E-09 5.2427E-09 5.1399E-09 5.0423E-09 4.9567E-09 4.8767E-09 4.8108E-09 4.7429E-09 4.6850E-09 4.6215E-09 4.5640E-09 4.5033E-09 4.4389E-09
1.2328E-08 1.2666E-08 1.2992E-08 1.3307E-08 1.3605E-08 1.3883E-08 1.4137E-08 1.4365E-08 1.4563E-08 1.4727E-08 1.4853E-08 1.4939E-08 1.4980E-08 1.4976E-08 1.4925E-08 1.4824E-08 1.4674E-08 1.4473E-08 1.4223E-08 1.3928E-08 1.3590E-08 1.3215E-08 1.2805E-08 1.2368E-08 1.1911E-08 1.1440E-08 1.0965E-08 1.0491E-08 9.9915E-09 9.5412E-09 9.1039E-09 8.7023E-09 8.3177E-09 7.9521E-09 7.6107E-09 7.2732E-09 6.9691E-09 6.7028E-09 6.4776E-09 6.2292E-09 6.0764E-09 5.9296E-09 5.7866E-09 5.6640E-09 5.5340E-09 5.4179E-09 5.3019E-09 5.1972E-09 5.1015E-09 5.0076E-09 4.9322E-09 4.8600E-09 4.7962E-09 4.7301E-09 4.6696E-09 4.6033E-09 4.5333E-09
1.2945E-08 1.3315E-08 1.3675E-08 1.4020E-08 1.4348E-08 1.4654E-08 1.4934E-08 1.5187E-08 1.5407E-08 1.5589E-08 1.5730E-08 1.5826E-08 1.5876E-08 1.5876E-08 1.5823E-08 1.5715E-08 1.5552E-08 1.5335E-08 1.5065E-08 1.4746E-08 1.4378E-08 1.3967E-08 1.3520E-08 1.3044E-08 1.2548E-08 1.2041E-08 1.1527E-08 1.1017E-08 1.0483E-08 9.9881E-09 9.5303E-09 9.0979E-09 8.6841E-09 8.2916E-09 7.9275E-09 7.5500E-09 7.2462E-09 6.9616E-09 6.7032E-09 6.4733E-09 6.3020E-09 6.1480E-09 5.9910E-09 5.8544E-09 5.7195E-09 5.5956E-09 5.4739E-09 5.3550E-09 5.2524E-09 5.1508E-09 5.0574E-09 4.9799E-09 4.9095E-09 4.8396E-09 4.7764E-09 4.7064E-09 4.6281E-09
1.3586E-08 1.3992E-08 1.4385E-08 1.4764E-08 1.5124E-08 1.5459E-08 1.5769E-08 1.6048E-08 1.6290E-08 1.6492E-08 1.6649E-08 1.6760E-08 1.6819E-08 1.6822E-08 1.6766E-08 1.6652E-08 1.6477E-08 1.6245E-08 1.5953E-08 1.5604E-08 1.5203E-08 1.4756E-08 1.4273E-08 1.3759E-08 1.3223E-08 1.2674E-08 1.2120E-08 1.1570E-08 1.1002E-08 1.0461E-08 9.9828E-09 9.5212E-09 9.0776E-09 8.6602E-09 8.2667E-09 7.8614E-09 7.5423E-09 7.2499E-09 6.9587E-09 6.7435E-09 6.5522E-09 6.3791E-09 6.2143E-09 6.0551E-09 5.9124E-09 5.7759E-09 5.6535E-09 5.5225E-09 5.4079E-09 5.2991E-09 5.1967E-09 5.1059E-09 5.0259E-09 4.9530E-09 4.8815E-09 4.8112E-09 4.7290E-09
1.4251E-08 1.4693E-08 1.5122E-08 1.5537E-08 1.5929E-08 1.6298E-08 1.6638E-08 1.6944E-08 1.7211E-08 1.7435E-08 1.7612E-08 1.7737E-08 1.7805E-08 1.7812E-08 1.7756E-08 1.7635E-08 1.7450E-08 1.7198E-08 1.6880E-08 1.6501E-08 1.6067E-08 1.5585E-08 1.5061E-08 1.4504E-08 1.3924E-08 1.3331E-08 1.2737E-08 1.2135E-08 1.1548E-08 1.0974E-08 1.0462E-08 9.9673E-09 9.4928E-09 9.0489E-09 8.6132E-09 8.2082E-09 7.8635E-09 7.5537E-09 7.2477E-09 7.0190E-09 6.8159E-09 6.6247E-09 6.4492E-09 6.2720E-09 6.1185E-09 5.9687E-09 5.8312E-09 5.7001E-09 5.5683E-09 5.4522E-09 5.3376E-09 5.2374E-09 5.1445E-09 5.0673E-09 4.9895E-09 4.9154E-09 4.8268E-09
1.4935E-08 1.5415E-08 1.5884E-08 1.6333E-08 1.6763E-08 1.7167E-08 1.7538E-08 1.7873E-08 1.8168E-08 1.8417E-08 1.8615E-08 1.8755E-08 1.8832E-08 1.8845E-08 1.8790E-08 1.8664E-08 1.8464E-08 1.8190E-08 1.7847E-08 1.7439E-08 1.6970E-08 1.6446E-08 1.5877E-08 1.5274E-08 1.4649E-08 1.4015E-08 1.3380E-08 1.2726E-08 1.2103E-08 1.1508E-08 1.0961E-08 1.0431E-08 9.9272E-09 9.4566E-09 8.9780E-09 8.5739E-09 8.2091E-09 7.8817E-09 7.5540E-09 7.3192E-09 7.1048E-09 6.8890E-09 6.6967E-09 6.5095E-09 6.3398E-09 6.1766E-09 6.0181E-09 5.8775E-09 5.7375E-09 5.6100E-09 5.4858E-09 5.3762E-09 5.2712E-09 5.1848E-09 5.0992E-09 5.0183E-09 4.9257E-09
1.5636E-08 1.6157E-08 1.6663E-08 1.7153E-08 1.7621E-08 1.8060E-08 1.8466E-08 1.8834E-08 1.9159E-08 1.9434E-08 1.9653E-08 1.9809E-08 1.9899E-08 1.9919E-08 1.9864E-08 1.9729E-08 1.9514E-08 1.9221E-08 1.8853E-08 1.8411E-08 1.7901E-08 1.7333E-08 1.6718E-08 1.6071E-08 1.5402E-08 1.4722E-08 1.4041E-08 1.3334E-08 1.2674E-08 1.2059E-08 1.1477E-08 1.0916E-08 1.0384E-08 9.8865E-09 9.3640E-09 8.9583E-09 8.5726E-09 8.2154E-09 7.8977E-09 7.6431E-09 7.4044E-09 7.1801E-09 6.9656E-09 6.7680E-09 6.5790E-09 6.3998E-09 6.2235E-09 6.0630E-09 5.9148E-09 5.7736E-09 5.6387E-09 5.5171E-09 5.4025E-09 5.3077E-09 5.2149E-09 5.1220E-09 5.0260E-09
1.6351E-08 1.6912E-08 1.7460E-08 1.7992E-08 1.8498E-08 1.8975E-08 1.9418E-08 1.9821E-08 2.0178E-08 2.0481E-08 2.0722E-08 2.0898E-08 2.1002E-08 2.1029E-08 2.0972E-08 2.0828E-08 2.0600E-08 2.0287E-08 1.9888E-08 1.9408E-08 1.8855E-08 1.8244E-08 1.7584E-08 1.6889E-08 1.6171E-08 1.5446E-08 1.4723E-08 1.3982E-08 1.3272E-08 1.2640E-08 1.2022E-08 1.1429E-08 1.0868E-08 1.0322E-08 9.8114E-09 9.3696E-09 8.9752E-09 8.5836E-09 8.2769E-09 7.9985E-09 7.7443E-09 7.4993E-09 7.2674E-09 7.0544E-09 6.8435E-09 6.6473E-09 6.4584E-09 6.2795E-09 6.1124E-09 5.9572E-09 5.8134E-09 5.6730E-09 5.5510E-09 5.4389E-09 5.3318E-09 5.2268E-09 5.1315E-09
1.7074E-08 1.7677E-08 1.8270E-08 1.8843E-08 1.9391E-08 1.9908E-08 2.0390E-08 2.0830E-08 2.1220E-08 2.1552E-08 2.1819E-08 2.2016E-08 2.2134E-08 2.2166E-08 2.2107E-08 2.1959E-08 2.1716E-08 2.1376E-08 2.0943E-08 2.0424E-08 1.9831E-08 1.9173E-08 1.8464E-08 1.7719E-08 1.6954E-08 1.6183E-08 1.5408E-08 1.4649E-08 1.3908E-08 1.3237E-08 1.2584E-08 1.1963E-08 1.1376E-08 1.0784E-08 1.0277E-08 9.8168E-09 9.4108E-09 8.9847E-09 8.6813E-09 8.3887E-09 8.1099E-09 7.8455E-09 7.5920E-09 7.3587E-09 7.1334E-09 6.9142E-09 6.7081E-09 6.5101E-09 6.3282E-09 6.1533E-09 5.9982E-09 5.8417E-09 5.7100E-09 5.5841E-09 5.4608E-09 5.3421E-09 5.2405E-09
1.7799E-08 1.8449E-08 1.9086E-08 1.9702E-08 2.0292E-08 2.0853E-08 2.1377E-08 2.1855E-08 2.2279E-08 2.2642E-08 2.2938E-08 2.3155E-08 2.3286E-08 2.3325E-08 2.3268E-08 2.3112E-08 2.2848E-08 2.2481E-08 2.2014E-08 2.1457E-08 2.0817E-08 2.0109E-08 1.9350E-08 1.8555E-08 1.7745E-08 1.6934E-08 1.6106E-08 1.5312E-08 1.4553E-08 1.3847E-08 1.3164E-08 1.2513E-08 1.1905E-08 1.1291E-08 1.0767E-08 1.0287E-08 9.8411E-09 9.4386E-09 9.1078E-09 8.7981E-09 8.4922E-09 8.2124E-09 7.9408E-09 7.6844E-09 7.4396E-09 7.1974E-09 6.9743E-09 6.7518E-09 6.5492E-09 6.3612E-09 6.1843E-09 6.0215E-09 5.8696E-09 5.7312E-09 5.6041E-09 5.4681E-09 5.3652E-09
1.8526E-08 1.9221E-08 1.9902E-08 2.0563E-08 2.1199E-08 2.1804E-08 2.2371E-08 2.2888E-08 2.3349E-08 2.3746E-08 2.4070E-08 2.4307E-08 2.4452E-08 2.4500E-08 2.4443E-08 2.4273E-08 2.3989E-08 2.3593E-08 2.3092E-08 2.2491E-08 2.1802E-08 2.1044E-08 2.0234E-08 1.9394E-08 1.8540E-08 1.7688E-08 1.6807E-08 1.5984E-08 1.5212E-08 1.4473E-08 1.3762E-08 1.3087E-08 1.2464E-08 1.1813E-08 1.1296E-08 1.0802E-08 1.0315E-08 9.9297E-09 9.5747E-09 9.2529E-09 8.9265E-09 8.6199E-09 8.3335E-09 8.0550E-09 7.7921E-09 7.5321E-09 7.2812E-09 7.0391E-09 6.8133E-09 6.6041E-09 6.4099E-09 6.2297E-09 6.0622E-09 5.9080E-09 5.7604E-09 5.6083E-09 5.4937E-09
1.9246E-08 1.9986E-08 2.0712E-08 2.1420E-08 2.2104E-08 2.2754E-08 2.3363E-08 2.3922E-08 2.4423E-08 2.4854E-08 2.5204E-08 2.5462E-08 2.5625E-08 2.5680E-08 2.5618E-08 2.5434E-08 2.5128E-08 2.4703E-08 2.4161E-08 2.3513E-08 2.2775E-08 2.1967E-08 2.1110E-08 2.0224E-08 1.9327E-08 1.8420E-08 1.7531E-08 1.6664E-08 1.5878E-08 1.5111E-08 1.4373E-08 1.3684E-08 1.3051E-08 1.2428E-08 1.1857E-08 1.1354E-08 1.0826E-08 1.0455E-08 1.0081E-08 9.7405E-09 9.3956E-09 9.0606E-09 8.7572E-09 8.4537E-09 8.1647E-09 7.8876E-09 7.6132E-09 7.3487E-09 7.0970E-09 6.8648E-09 6.6450E-09 6.4510E-09 6.2645E-09 6.0935E-09 5.9143E-09 5.7708E-09 5.6385E-09
1.9952E-08 2.0738E-08 2.1511E-08 2.2266E-08 2.2998E-08 2.3695E-08 2.4348E-08 2.4951E-08 2.5490E-08 2.5955E-08 2.6332E-08 2.6614E-08 2.6791E-08 2.6849E-08 2.6780E-08 2.6583E-08 2.6253E-08 2.5792E-08 2.5208E-08 2.4512E-08 2.3724E-08 2.2868E-08 2.1963E-08 2.1033E-08 2.0099E-08 1.9145E-08 1.8255E-08 1.7363E-08 1.6547E-08 1.5753E-08 1.5006E-08 1.4310E-08 1.3670E-08 1.3056E-08 1.2465E-08 1.1946E-08 1.1436E-08 1.1021E-08 1.0630E-08 1.0270E-08 9.9050E-09 9.5625E-09 9.2253E-09 8.8992E-09 8.5845E-09 8.2854E-09 7.9845E-09 7.7021E-09 7.4230E-09 7.1677E-09 6.9278E-09 6.7084E-09 6.5034E-09 6.3043E-09 6.1061E-09 5.9448E-09 5.7986E-09
2.0639E-08 2.1470E-08 2.2291E-08 2.3096E-08 2.3874E-08 2.4618E-08 2.5316E-08 2.5962E-08 2.6540E-08 2.7037E-08 2.7442E-08 2.7748E-08 2.7936E-08 2.7995E-08 2.7919E-08 2.7705E-08 2.7346E-08 2.6847E-08 2.6217E-08 2.5473E-08 2.4637E-08 2.3732E-08 2.2782E-08 2.1814E-08 2.0854E-08 1.9879E-08 1.8972E-08 1.8054E-08 1.7213E-08 1.6411E-08 1.5659E-08 1.4963E-08 1.4315E-08 1.3705E-08 1.3112E-08 1.2583E-08 1.2089E-08 1.1626E-08 1.1218E-08 1.0841E-08 1.0455E-08 1.0095E-08 9.7275E-09 9.3773E-09 9.0420E-09 8.7131E-09 8.3864E-09 8.0743E-09 7.7764E-09 7.4925E-09 7.2254E-09 6.9822E-09 6.7477E-09 6.5314E-09 6.3238E-09 6.1404E-09 5.9724E-09
2.1299E-08 2.2176E-08 2.3045E-08 2.3897E-08 2.4723E-08 2.5512E-08 2.6258E-08 2.6945E-08 2.7560E-08 2.8089E-08 2.8524E-08 2.8847E-08 2.9044E-08 2.9103E-08 2.9018E-08 2.8780E-08 2.8388E-08 2.7848E-08 2.7172E-08 2.6379E-08 2.5495E-08 2.4543E-08 2.3555E-08 2.2563E-08 2.1590E-08 2.0644E-08 1.9672E-08 1.8730E-08 1.7883E-08 1.7080E-08 1.6333E-08 1.5631E-08 1.4986E-08 1.4391E-08 1.3793E-08 1.3257E-08 1.2781E-08 1.2274E-08 1.1851E-08 1.1459E-08 1.1054E-08 1.0674E-08 1.0284E-08 9.9103E-09 9.5539E-09 9.1941E-09 8.8385E-09 8.5019E-09 8.1725E-09 7.8652E-09 7.5762E-09 7.3036E-09 7.0468E-09 6.7984E-09 6.5723E-09 6.3720E-09 6.1754E-09
2.1925E-08 2.2849E-08 2.3765E-08 2.4662E-08 2.5535E-08 2.6371E-08 2.7160E-08 2.7887E-08 2.8537E-08 2.9100E-08 2.9560E-08 2.9897E-08 3.0098E-08 3.0155E-08 3.0054E-08 2.9790E-08 2.9362E-08 2.8778E-08 2.8055E-08 2.7214E-08 2.6282E-08 2.5289E-08 2.4280E-08 2.3277E-08 2.2301E-08 2.1337E-08 2.0346E-08 1.9397E-08 1.8553E-08 1.7759E-08 1.7011E-08 1.6319E-08 1.5689E-08 1.5110E-08 1.4505E-08 1.3965E-08 1.3480E-08 1.2964E-08 1.2531E-08 1.2122E-08 1.1698E-08 1.1301E-08 1.0891E-08 1.0495E-08 1.0112E-08 9.7251E-09 9.3443E-09 8.9786E-09 8.6271E-09 8.2837E-09 7.9707E-09 7.6706E-09 7.3796E-09 7.1030E-09 6.8623E-09 6.6363E-09 6.4139E-09
2.2512E-08 2.3479E-08 2.4440E-08 2.5383E-08 2.6300E-08 2.7181E-08 2.8010E-08 2.8775E-08 2.9460E-08 3.0052E-08 3.0531E-08 3.0879E-08 3.1084E-08 3.1131E-08 3.1010E-08 3.0713E-08 3.0245E-08 2.9616E-08 2.8845E-08 2.7957E-08 2.6981E-08 2.5968E-08 2.4948E-08 2.3951E-08 2.2967E-08 2.1990E-08 2.0993E-08 2.0050E-08 1.9219E-08 1.8433E-08 1.7700E-08 1.7031E-08 1.6418E-08 1.5851E-08 1.5245E-08 1.4704E-08 1.4221E-08 1.3697E-08 1.3251E-08 1.2831E-08 1.2397E-08 1.1983E-08 1.1552E-08 1.1133E-08 1.0729E-08 1.0317E-08 9.9105E-09 9.5158E-09 9.1302E-09 8.7505E-09 8.4055E-09 8.0666E-09 7.7468E-09 7.4433E-09 7.1756E-09 6.9314E-09 6.6747E-09
2.3050E-08 2.4060E-08 2.5062E-08 2.6048E-08 2.7006E-08 2.7929E-08 2.8794E-08 2.9594E-08 3.0311E-08 3.0927E-08 3.1421E-08 3.1775E-08 3.1977E-08 3.2009E-08 3.1860E-08 3.1528E-08 3.1017E-08 3.0341E-08 2.9522E-08 2.8591E-08 2.7591E-08 2.6570E-08 2.5561E-08 2.4567E-08 2.3576E-08 2.2595E-08 2.1609E-08 2.0684E-08 1.9869E-08 1.9103E-08 1.8401E-08 1.7760E-08 1.7166E-08 1.6599E-08 1.6010E-08 1.5477E-08 1.4993E-08 1.4465E-08 1.4017E-08 1.3593E-08 1.3146E-08 1.2718E-08 1.2272E-08 1.1837E-08 1.1414E-08 1.0975E-08 1.0538E-08 1.0112E-08 9.6935E-09 9.2878E-09 8.9103E-09 8.5450E-09 8.1910E-09 7.8502E-09 7.5577E-09 7.2656E-09 6.9821E-09
2.3532E-08 2.4581E-08 2.5622E-08 2.6646E-08 2.7644E-08 2.8601E-08 2.9500E-08 3.0331E-08 3.1073E-08 3.1705E-08 3.2208E-08 3.2564E-08 3.2755E-08 3.2764E-08 3.2583E-08 3.2210E-08 3.1653E-08 3.0930E-08 3.0067E-08 2.9105E-08 2.8103E-08 2.7098E-08 2.6104E-08 2.5113E-08 2.4116E-08 2.3151E-08 2.2188E-08 2.1289E-08 2.0498E-08 1.9772E-08 1.9106E-08 1.8497E-08 1.7918E-08 1.7363E-08 1.6797E-08 1.6271E-08 1.5793E-08 1.5272E-08 1.4827E-08 1.4397E-08 1.3945E-08 1.3511E-08 1.3058E-08 1.2609E-08 1.2163E-08 1.1702E-08 1.1237E-08 1.0794E-08 1.0353E-08 9.9276E-09 9.5105E-09 9.1120E-09 8.7253E-09 8.3403E-09 8.0109E-09 7.6892E-09 7.3589E-09
2.3951E-08 2.5034E-08 2.6108E-08 2.7167E-08 2.8198E-08 2.9185E-08 3.0111E-08 3.0969E-08 3.1727E-08 3.2368E-08 3.2875E-08 3.3222E-08 3.3394E-08 3.3373E-08 3.3154E-08 3.2736E-08 3.2134E-08 3.1365E-08 3.0469E-08 2.9503E-08 2.8521E-08 2.7540E-08 2.6559E-08 2.5562E-08 2.4589E-08 2.3634E-08 2.2726E-08 2.1857E-08 2.1113E-08 2.0431E-08 1.9808E-08 1.9223E-08 1.8672E-08 1.8115E-08 1.7593E-08 1.7083E-08 1.6621E-08 1.6112E-08 1.5671E-08 1.5246E-08 1.4799E-08 1.4366E-08 1.3906E-08 1.3445E-08 1.2983E-08 1.2511E-08 1.2034E-08 1.1573E-08 1.1094E-08 1.0638E-08 1.0181E-08 9.7515E-09 9.3330E-09 8.9020E-09 8.5344E-09 8.1726E-09 7.8064E-09
2.4296E-08 2.5408E-08 2.6511E-08 2.7598E-08 2.8656E-08 2.9665E-08 3.0613E-08 3.1488E-08 3.2253E-08 3.2896E-08 3.3397E-08 3.3725E-08 3.3871E-08 3.3813E-08 3.3549E-08 3.3086E-08 3.2437E-08 3.1631E-08 3.0727E-08 2.9787E-08 2.8835E-08 2.7877E-08 2.6900E-08 2.5928E-08 2.4988E-08 2.4059E-08 2.3205E-08 2.2391E-08 2.1701E-08 2.1073E-08 2.0486E-08 1.9936E-08 1.9418E-08 1.8868E-08 1.8386E-08 1.7909E-08 1.7467E-08 1.6974E-08 1.6548E-08 1.6138E-08 1.5702E-08 1.5272E-08 1.4811E-08 1.4347E-08 1.3887E-08 1.3411E-08 1.2913E-08 1.2423E-08 1.1919E-08 1.1438E-08 1.0958E-08 1.0498E-08 1.0043E-08 9.5660E-09 9.1513E-09 8.7401E-09 8.3264E-09
2.4561E-08 2.5695E-08 2.6820E-08 2.7928E-08 2.9004E-08 3.0028E-08 3.0990E-08 3.1870E-08 3.2634E-08 3.3270E-08 3.3753E-08 3.4052E-08 3.4161E-08 3.4060E-08 3.3748E-08 3.3239E-08 3.2549E-08 3.1734E-08 3.0850E-08 2.9953E-08 2.9029E-08 2.8087E-08 2.7133E-08 2.6201E-08 2.5313E-08 2.4408E-08 2.3614E-08 2.2884E-08 2.2259E-08 2.1678E-08 2.1134E-08 2.0626E-08 2.0144E-08 1.9611E-08 1.9176E-08 1.8737E-08 1.8292E-08 1.7853E-08 1.7453E-08 1.7065E-08 1.6644E-08 1.6220E-08 1.5775E-08 1.5327E-08 1.4870E-08 1.4379E-08 1.3868E-08 1.3364E-08 1.2853E-08 1.2362E-08 1.1857E-08 1.1363E-08 1.0869E-08 1.0352E-08 9.9001E-09 9.4467E-09 8.9907E-09
2.4737E-08 2.5885E-08 2.7024E-08 2.8145E-08 2.9229E-08 3.0260E-08 3.1224E-08 3.2098E-08 3.2849E-08 3.3466E-08 3.3919E-08 3.4180E-08 3.4246E-08 3.4096E-08 3.3734E-08 3.3183E-08 3.2480E-08 3.1679E-08 3.0848E-08 2.9979E-08 2.9082E-08 2.8171E-08 2.7260E-08 2.6384E-08 2.5545E-08 2.4706E-08 2.3965E-08 2.3333E-08 2.2767E-08 2.2236E-08 2.1743E-08 2.1279E-08 2.0839E-08 2.0351E-08 1.9951E-08 1.9553E-08 1.9116E-08 1.8742E-08 1.8375E-08 1.8014E-08 1.7618E-08 1.7210E-08 1.6802E-08 1.6367E-08 1.5912E-08 1.5420E-08 1.4916E-08 1.4415E-08 1.3903E-08 1.3390E-08 1.2861E-08 1.2334E-08 1.1815E-08 1.1270E-08 1.0777E-08 1.0277E-08 9.7717E-09
2.4814E-08 2.5969E-08 2.7113E-08 2.8236E-08 2.9318E-08 3.0345E-08 3.1300E-08 3.2155E-08 3.2882E-08 3.3467E-08 3.3878E-08 3.4091E-08 3.4108E-08 3.3905E-08 3.3497E-08 3.2928E-08 3.2234E-08 3.1485E-08 3.0694E-08 2.9859E-08 2.8996E-08 2.8128E-08 2.7282E-08 2.6460E-08 2.5688E-08 2.4932E-08 2.4259E-08 2.3721E-08 2.3210E-08 2.2737E-08 2.2300E-08 2.1885E-08 2.1486E-08 2.1058E-08 2.0694E-08 2.0342E-08 1.9927E-08 1.9629E-08 1.9300E-08 1.8967E-08 1.8614E-08 1.8243E-08 1.7868E-08 1.7448E-08 1.7005E-08 1.6536E-08 1.6052E-08 1.5557E-08 1.5045E-08 1.4522E-08 1.3987E-08 1.3451E-08 1.2914E-08 1.2338E-08 1.1809E-08 1.1268E-08 1.0725E-08
