Assets/Resources/2015_m01_d25_1300(utc+0800)_l00_csi_1hr_conc.grd
DSAA
         159         159
     -79.000      79.000
     -79.000      79.000
  0.0000E+00  0.4981E-05
[rows 0 to 24 of 159, columns 57 to 113 of 159]
6.7598E-12 1.1642E-11 1.6043E-11 2.4076E-11 3.3428E-11 4.4171E-11 5.8217E-11 7.1927E-11 8.9101E-11 1.0793E-10 1.3031E-10 1.5460E-10 1.8214E-10 2.1265E-10 2.4578E-10 2.8396E-10 3.2700E-10 3.7605E-10 4.3063E-10 4.9048E-10 5.5670E-10 6.2996E-10 7.1018E-10 7.9839E-10 8.9254E-10 9.9348E-10 1.1025E-09 1.2173E-09 1.3405E-09 1.4687E-09 1.6027E-09 1.7411E-09 1.8829E-09 2.0278E-09 2.1745E-09 2.3214E-09 2.4679E-09 2.6123E-09 2.7532E-09 2.8892E-09 3.0185E-09 3.1397E-09 3.2512E-09 3.3517E-09 3.4398E-09 3.5142E-09 3.5738E-09 3.6175E-09 3.6447E-09 3.6549E-09 3.6478E-09 3.6234E-09 3.5820E-09 3.5241E-09 3.4505E-09 3.3622E-09 3.2602E-09
6.8263E-12 1.1714E-11 1.6043E-11 2.4215E-11 3.3716E-11 4.4741E-11 5.8963E-11 7.3037E-11 9.0615E-11 1.0989E-10 1.3264E-10 1.5777E-10 1.8589E-10 2.1755E-10 2.5194E-10 2.9237E-10 3.3641E-10 3.8819E-10 4.4471E-10 5.0747E-10 5.7737E-10 6.5348E-10 7.3918E-10 8.3109E-10 9.3097E-10 1.0394E-09 1.1535E-09 1.2772E-09 1.4059E-09 1.5428E-09 1.6847E-09 1.8314E-09 1.9837E-09 2.1385E-09 2.2954E-09 2.4530E-09 2.6101E-09 2.7653E-09 2.9169E-09 3.0634E-09 3.2031E-09 3.3343E-09 3.4553E-09 3.5643E-09 3.6600E-09 3.7408E-09 3.8056E-09 3.8533E-09 3.8832E-09 3.8949E-09 3.8880E-09 3.8626E-09 3.8188E-09 3.7570E-09 3.6781E-09 3.5829E-09 3.4729E-09
6.8216E-12 1.1704E-11 1.6014E-11 2.4248E-11 3.3864E-11 4.5005E-11 5.9436E-11 7.3500E-11 9.1503E-11 1.1135E-10 1.3453E-10 1.6040E-10 1.8920E-10 2.2164E-10 2.5795E-10 2.9832E-10 3.4518E-10 3.9835E-10 4.5745E-10 5.2385E-10 5.9567E-10 6.7849E-10 7.6645E-10 8.6415E-10 9.6962E-10 1.0826E-09 1.2052E-09 1.3338E-09 1.4725E-09 1.6165E-09 1.7684E-09 1.9251E-09 2.0862E-09 2.2511E-09 2.4187E-09 2.5876E-09 2.7563E-09 2.9232E-09 3.0865E-09 3.2445E-09 3.3951E-09 3.5366E-09 3.6670E-09 3.7847E-09 3.8882E-09 3.9758E-09 4.0464E-09 4.0986E-09 4.1316E-09 4.1449E-09 4.1379E-09 4.1108E-09 4.0635E-09 3.9968E-09 3.9118E-09 3.8094E-09 3.6911E-09
6.7554E-12 1.1514E-11 1.5880E-11 2.3995E-11 3.3592E-11 4.4958E-11 5.9657E-11 7.3739E-11 9.2026E-11 1.1228E-10 1.3564E-10 1.6214E-10 1.9136E-10 2.2452E-10 2.6195E-10 3.0429E-10 3.5278E-10 4.0745E-10 4.7000E-10 5.3756E-10 6.1545E-10 6.9886E-10 7.9490E-10 8.9523E-10 1.0062E-09 1.1263E-09 1.2536E-09 1.3920E-09 1.5362E-09 1.6898E-09 1.8503E-09 2.0164E-09 2.1879E-09 2.3650E-09 2.5443E-09 2.7253E-09 2.9063E-09 3.0855E-09 3.2609E-09 3.4306E-09 3.5927E-09 3.7452E-09 3.8860E-09 4.0133E-09 4.1250E-09 4.2197E-09 4.2958E-09 4.3522E-09 4.3879E-09 4.4021E-09 4.3947E-09 4.3656E-09 4.3151E-09 4.2437E-09 4.1524E-09 4.0423E-09 3.9150E-09
6.5927E-12 1.1329E-11 1.5527E-11 2.3612E-11 3.3344E-11 4.4613E-11 5.9082E-11 7.3169E-11 9.1628E-11 1.1220E-10 1.3584E-10 1.6274E-10 1.9248E-10 2.2700E-10 2.6503E-10 3.0852E-10 3.5844E-10 4.1543E-10 4.7929E-10 5.5197E-10 6.3078E-10 7.2221E-10 8.1847E-10 9.2724E-10 1.0419E-09 1.1679E-09 1.3035E-09 1.4478E-09 1.6018E-09 1.7633E-09 1.9327E-09 2.1101E-09 2.2928E-09 2.4806E-09 2.6719E-09 2.8652E-09 3.0588E-09 3.2506E-09 3.4388E-09 3.6210E-09 3.7950E-09 3.9588E-09 4.1099E-09 4.2465E-09 4.3665E-09 4.4682E-09 4.5501E-09 4.6109E-09 4.6493E-09 4.6648E-09 4.6569E-09 4.6256E-09 4.5712E-09 4.4944E-09 4.3962E-09 4.2780E-09 4.1412E-09
6.4109E-12 1.1138E-11 1.5148E-11 2.3107E-11 3.2646E-11 4.3812E-11 5.8225E-11 7.2278E-11 9.0835E-11 1.1129E-10 1.3531E-10 1.6246E-10 1.9260E-10 2.2763E-10 2.6651E-10 3.1184E-10 3.6329E-10 4.2274E-10 4.8973E-10 5.6416E-10 6.4890E-10 7.4004E-10 8.4423E-10 9.5426E-10 1.0783E-09 1.2088E-09 1.3504E-09 1.5033E-09 1.6639E-09 1.8349E-09 2.0148E-09 2.2018E-09 2.3961E-09 2.5963E-09 2.8001E-09 3.0063E-09 3.2129E-09 3.4179E-09 3.6190E-09 3.8139E-09 4.0003E-09 4.1757E-09 4.3380E-09 4.4847E-09 4.6137E-09 4.7230E-09 4.8108E-09 4.8759E-09 4.9170E-09 4.9334E-09 4.9247E-09 4.8908E-09 4.8322E-09 4.7495E-09 4.6440E-09 4.5171E-09 4.3705E-09
6.0845E-12 1.0449E-11 1.4373E-11 2.1987E-11 3.1532E-11 4.2700E-11 5.6928E-11 7.1070E-11 8.9527E-11 1.0993E-10 1.3369E-10 1.6124E-10 1.9198E-10 2.2830E-10 2.6811E-10 3.1411E-10 3.6695E-10 4.2823E-10 4.9782E-10 5.7624E-10 6.6253E-10 7.6082E-10 8.6532E-10 9.8352E-10 1.1097E-09 1.2494E-09 1.3972E-09 1.5560E-09 1.7263E-09 1.9064E-09 2.0962E-09 2.2946E-09 2.5002E-09 2.7120E-09 2.9285E-09 3.1477E-09 3.3677E-09 3.5863E-09 3.8011E-09 4.0095E-09 4.2089E-09 4.3968E-09 4.5704E-09 4.7275E-09 4.8655E-09 4.9825E-09 5.0765E-09 5.1459E-09 5.1897E-09 5.2068E-09 5.1970E-09 5.1603E-09 5.0971E-09 5.0083E-09 4.8950E-09 4.7587E-09 4.6012E-09
5.6035E-12 9.8355E-12 1.3662E-11 2.0935E-11 3.0403E-11 4.1563E-11 5.5345E-11 6.9588E-11 8.7923E-11 1.0798E-10 1.3194E-10 1.5978E-10 1.9088E-10 2.2714E-10 2.6779E-10 3.1505E-10 3.7070E-10 4.3326E-10 5.0644E-10 5.8733E-10 6.7757E-10 7.7783E-10 8.8737E-10 1.0081E-09 1.1431E-09 1.2852E-09 1.4410E-09 1.6079E-09 1.7856E-09 1.9758E-09 2.1757E-09 2.3847E-09 2.6028E-09 2.8275E-09 3.0572E-09 3.2903E-09 3.5244E-09 3.7573E-09 3.9862E-09 4.2086E-09 4.4215E-09 4.6221E-09 4.8077E-09 4.9755E-09 5.1230E-09 5.2479E-09 5.3481E-09 5.4221E-09 5.4684E-09 5.4863E-09 5.4752E-09 5.4353E-09 5.3670E-09 5.2712E-09 5.1496E-09 5.0035E-09 4.8353E-09
5.2238E-12 9.1940E-12 1.3058E-11 1.9982E-11 2.9023E-11 4.0241E-11 5.3803E-11 6.7420E-11 8.5932E-11 1.0570E-10 1.2929E-10 1.5762E-10 1.8920E-10 2.2641E-10 2.6819E-10 3.1655E-10 3.7295E-10 4.3730E-10 5.1251E-10 5.9501E-10 6.9025E-10 7.9313E-10 9.0846E-10 1.0340E-09 1.1702E-09 1.3212E-09 1.4830E-09 1.6583E-09 1.8451E-09 2.0435E-09 2.2545E-09 2.4749E-09 2.7046E-09 2.9420E-09 3.1853E-09 3.4323E-09 3.6808E-09 3.9282E-09 4.1716E-09 4.4081E-09 4.6347E-09 4.8484E-09 5.0461E-09 5.2249E-09 5.3820E-09 5.5150E-09 5.6217E-09 5.7002E-09 5.7491E-09 5.7676E-09 5.7552E-09 5.7118E-09 5.6382E-09 5.5354E-09 5.4046E-09 5.2481E-09 5.0680E-09
4.8542E-12 8.5206E-12 1.2473E-11 1.8862E-11 2.7427E-11 3.8815E-11 5.1980E-11 6.5005E-11 8.3179E-11 1.0302E-10 1.2638E-10 1.5468E-10 1.8672E-10 2.2386E-10 2.6544E-10 3.1579E-10 3.7460E-10 4.4055E-10 5.1773E-10 6.0452E-10 6.9979E-10 8.0779E-10 9.2501E-10 1.0570E-09 1.1988E-09 1.3531E-09 1.5236E-09 1.7058E-09 1.9021E-09 2.1113E-09 2.3322E-09 2.5643E-09 2.8065E-09 3.0572E-09 3.3143E-09 3.5758E-09 3.8390E-09 4.1012E-09 4.3594E-09 4.6105E-09 4.8512E-09 5.0782E-09 5.2882E-09 5.4782E-09 5.6451E-09 5.7862E-09 5.8993E-09 5.9823E-09 6.0337E-09 6.0526E-09 6.0384E-09 5.9913E-09 5.9119E-09 5.8014E-09 5.6615E-09 5.4941E-09 5.3016E-09
4.6190E-12 7.9698E-12 1.1367E-11 1.7828E-11 2.5965E-11 3.6617E-11 5.0003E-11 6.2480E-11 7.9797E-11 9.9875E-11 1.2307E-10 1.5125E-10 1.8284E-10 2.2123E-10 2.6416E-10 3.1515E-10 3.7418E-10 4.4363E-10 5.2093E-10 6.0934E-10 7.0914E-10 8.1723E-10 9.4286E-10 1.0754E-09 1.2241E-09 1.3852E-09 1.5605E-09 1.7521E-09 1.9564E-09 2.1749E-09 2.4073E-09 2.6512E-09 2.9060E-09 3.1700E-09 3.4413E-09 3.7175E-09 3.9957E-09 4.2731E-09 4.5464E-09 4.8123E-09 5.0672E-09 5.3076E-09 5.5301E-09 5.7312E-09 5.9078E-09 6.0570E-09 6.1763E-09 6.2636E-09 6.3174E-09 6.3365E-09 6.3205E-09 6.2694E-09 6.1840E-09 6.0656E-09 5.9159E-09 5.7373E-09 5.5326E-09
4.2663E-12 7.3917E-12 1.0324E-11 1.6445E-11 2.4182E-11 3.4255E-11 4.7300E-11 5.9515E-11 7.6179E-11 9.5162E-11 1.1914E-10 1.4738E-10 1.7934E-10 2.1738E-10 2.6052E-10 3.1300E-10 3.7245E-10 4.4258E-10 5.2313E-10 6.1458E-10 7.1601E-10 8.2965E-10 9.5420E-10 1.0940E-09 1.2457E-09 1.4144E-09 1.5967E-09 1.7944E-09 2.0086E-09 2.2368E-09 2.4793E-09 2.7354E-09 3.0030E-09 3.2806E-09 3.5662E-09 3.8570E-09 4.1503E-09 4.4430E-09 4.7315E-09 5.0122E-09 5.2814E-09 5.5354E-09 5.7704E-09 5.9827E-09 6.1690E-09 6.3260E-09 6.4513E-09 6.5423E-09 6.5977E-09 6.6163E-09 6.5978E-09 6.5424E-09 6.4508E-09 6.3242E-09 6.1646E-09 5.9746E-09 5.7571E-09
3.3372E-12 6.6921E-12 9.4249E-12 1.4904E-11 2.2405E-11 3.1989E-11 4.3884E-11 5.6347E-11 7.2301E-11 9.0196E-11 1.1419E-10 1.4239E-10 1.7437E-10 2.1303E-10 2.5772E-10 3.0991E-10 3.7047E-10 4.4220E-10 5.2334E-10 6.1910E-10 7.2136E-10 8.3817E-10 9.6671E-10 1.1080E-09 1.2668E-09 1.4395E-09 1.6297E-09 1.8353E-09 2.0580E-09 2.2961E-09 2.5496E-09 2.8175E-09 3.0975E-09 3.3888E-09 3.6886E-09 3.9940E-09 4.3027E-09 4.6106E-09 4.9143E-09 5.2096E-09 5.4929E-09 5.7602E-09 6.0074E-09 6.2306E-09 6.4264E-09 6.5914E-09 6.7227E-09 6.8180E-09 6.8753E-09 6.8935E-09 6.8719E-09 6.8109E-09 6.7116E-09 6.5759E-09 6.4061E-09 6.2044E-09 5.9739E-09
2.5910E-12 5.7129E-12 8.3178E-12 1.3492E-11 2.0303E-11 2.9619E-11 4.1167E-11 5.2368E-11 6.8166E-11 8.5363E-11 1.0809E-10 1.3757E-10 1.6944E-10 2.0831E-10 2.5327E-10 3.0572E-10 3.6726E-10 4.3874E-10 5.2422E-10 6.1869E-10 7.2550E-10 8.4410E-10 9.7541E-10 1.1221E-09 1.2837E-09 1.4637E-09 1.6601E-09 1.8733E-09 2.1049E-09 2.3525E-09 2.6170E-09 2.8969E-09 3.1897E-09 3.4950E-09 3.8089E-09 4.1289E-09 4.4519E-09 4.7747E-09 5.0930E-09 5.4030E-09 5.7003E-09 5.9806E-09 6.2398E-09 6.4737E-09 6.6784E-09 6.8504E-09 6.9868E-09 7.0850E-09 7.1436E-09 7.1611E-09 7.1373E-09 7.0720E-09 6.9661E-09 6.8207E-09 6.6391E-09 6.4243E-09 6.1804E-09
1.7379E-12 4.4913E-12 7.1775E-12 1.2034E-11 1.8104E-11 2.7011E-11 3.7813E-11 4.8644E-11 6.3422E-11 7.9628E-11 1.0214E-10 1.3070E-10 1.6306E-10 2.0274E-10 2.4746E-10 3.0061E-10 3.6352E-10 4.3675E-10 5.2162E-10 6.1977E-10 7.2619E-10 8.4892E-10 9.8239E-10 1.1332E-09 1.3003E-09 1.4844E-09 1.6878E-09 1.9088E-09 2.1494E-09 2.4067E-09 2.6819E-09 2.9738E-09 3.2788E-09 3.5966E-09 3.9242E-09 4.2583E-09 4.5961E-09 4.9336E-09 5.2665E-09 5.5906E-09 5.9014E-09 6.1945E-09 6.4653E-09 6.7095E-09 6.9231E-09 7.1023E-09 7.2438E-09 7.3451E-09 7.4041E-09 7.4196E-09 7.3913E-09 7.3198E-09 7.2065E-09 7.0531E-09 6.8616E-09 6.6343E-09 6.3757E-09
1.0197E-12 3.4627E-12 5.7650E-12 1.0639E-11 1.6471E-11 2.3994E-11 3.4856E-11 4.5014E-11 5.8041E-11 7.4271E-11 9.5848E-11 1.2366E-10 1.5791E-10 1.9694E-10 2.4229E-10 2.9554E-10 3.5913E-10 4.3317E-10 5.1902E-10 6.1682E-10 7.2644E-10 8.4990E-10 9.8829E-10 1.1415E-09 1.3134E-09 1.5038E-09 1.7134E-09 1.9419E-09 2.1901E-09 2.4578E-09 2.7435E-09 3.0458E-09 3.3634E-09 3.6945E-09 4.0355E-09 4.3835E-09 4.7352E-09 5.0866E-09 5.4334E-09 5.7710E-09 6.0947E-09 6.3997E-09 6.6813E-09 6.9348E-09 7.1561E-09 7.3413E-09 7.4871E-09 7.5909E-09 7.6508E-09 7.6652E-09 7.6336E-09 7.5561E-09 7.4340E-09 7.2698E-09 7.0666E-09 6.8281E-09 6.5574E-09
3.7820E-13 2.4737E-12 4.3958E-12 9.1873E-12 1.4350E-11 2.1228E-11 3.1210E-11 4.1207E-11 5.3090E-11 6.8189E-11 8.9711E-11 1.1651E-10 1.4996E-10 1.9090E-10 2.3656E-10 2.8946E-10 3.5365E-10 4.2737E-10 5.1612E-10 6.1456E-10 7.2584E-10 8.5125E-10 9.9073E-10 1.1491E-09 1.3243E-09 1.5205E-09 1.7357E-09 1.9724E-09 2.2297E-09 2.5053E-09 2.8013E-09 3.1148E-09 3.4437E-09 3.7866E-09 4.1405E-09 4.5019E-09 4.8674E-09 5.2325E-09 5.5928E-09 5.9434E-09 6.2795E-09 6.5959E-09 6.8878E-09 7.1503E-09 7.3789E-09 7.5694E-09 7.7185E-09 7.8232E-09 7.8817E-09 7.8930E-09 7.8568E-09 7.7737E-09 7.6445E-09 7.4713E-09 7.2561E-09 7.0039E-09 6.7191E-09
1.3929E-13 1.4244E-12 3.5637E-12 7.0514E-12 1.2586E-11 1.8721E-11 2.7336E-11 3.7583E-11 4.8526E-11 6.2074E-11 8.3365E-11 1.1008E-10 1.4147E-10 1.8384E-10 2.3002E-10 2.8319E-10 3.4695E-10 4.2188E-10 5.1020E-10 6.1059E-10 7.2364E-10 8.5092E-10 9.9289E-10 1.1539E-09 1.3343E-09 1.5346E-09 1.7578E-09 2.0001E-09 2.2651E-09 2.5496E-09 2.8546E-09 3.1783E-09 3.5186E-09 3.8739E-09 4.2403E-09 4.6145E-09 4.9926E-09 5.3703E-09 5.7429E-09 6.1053E-09 6.4524E-09 6.7788E-09 7.0796E-09 7.3497E-09 7.5845E-09 7.7799E-09 7.9322E-09 8.0385E-09 8.0964E-09 8.1046E-09 8.0626E-09 7.9714E-09 7.8328E-09 7.6499E-09 7.4249E-09 7.1615E-09 6.8629E-09
0.0000E+00 8.0851E-13 2.2761E-12 5.2371E-12 1.0353E-11 1.6131E-11 2.3896E-11 3.2984E-11 4.3868E-11 5.7001E-11 7.7200E-11 1.0324E-10 1.3478E-10 1.7575E-10 2.2335E-10 2.7656E-10 3.4042E-10 4.1552E-10 5.0461E-10 6.0497E-10 7.2121E-10 8.4789E-10 9.9415E-10 1.1582E-09 1.3437E-09 1.5488E-09 1.7755E-09 2.0254E-09 2.2976E-09 2.5903E-09 2.9050E-09 3.2388E-09 3.5896E-09 3.9555E-09 4.3334E-09 4.7195E-09 5.1097E-09 5.4997E-09 5.8841E-09 6.2576E-09 6.6149E-09 6.9506E-09 7.2593E-09 7.5358E-09 7.7751E-09 7.9731E-09 8.1262E-09 8.2317E-09 8.2875E-09 8.2924E-09 8.2459E-09 8.1485E-09 8.0009E-09 7.8066E-09 7.5693E-09 7.2940E-09 6.9845E-09
0.0000E+00 5.2608E-13 1.4955E-12 3.6167E-12 7.8304E-12 1.3909E-11 2.0643E-11 2.8263E-11 3.9332E-11 5.1628E-11 7.0816E-11 9.6831E-11 1.2801E-10 1.6775E-10 2.1416E-10 2.6926E-10 3.3449E-10 4.0964E-10 4.9803E-10 6.0108E-10 7.1551E-10 8.4691E-10 9.9324E-10 1.1622E-09 1.3496E-09 1.5606E-09 1.7934E-09 2.0483E-09 2.3279E-09 2.6283E-09 2.9510E-09 3.2939E-09 3.6548E-09 4.0318E-09 4.4209E-09 4.8179E-09 5.2190E-09 5.6196E-09 6.0142E-09 6.3973E-09 6.7635E-09 7.1071E-09 7.4224E-09 7.7041E-09 7.9474E-09 8.1481E-09 8.3020E-09 8.4059E-09 8.4576E-09 8.4567E-09 8.4030E-09 8.2977E-09 8.1424E-09 7.9394E-09 7.6913E-09 7.4031E-09 7.0804E-09
0.0000E+00 2.1458E-13 1.1463E-12 2.2786E-12 5.6118E-12 1.1107E-11 1.7495E-11 2.4600E-11 3.4835E-11 4.7265E-11 6.4352E-11 9.0500E-11 1.2164E-10 1.5899E-10 2.0534E-10 2.6042E-10 3.2729E-10 4.0469E-10 4.9191E-10 5.9622E-10 7.1244E-10 8.4202E-10 9.9416E-10 1.1640E-09 1.3569E-09 1.5708E-09 1.8087E-09 2.0696E-09 2.3552E-09 2.6632E-09 2.9946E-09 3.3465E-09 3.7167E-09 4.1029E-09 4.5017E-09 4.9091E-09 5.3205E-09 5.7308E-09 6.1347E-09 6.5265E-09 6.9005E-09 7.2504E-09 7.5706E-09 7.8555E-09 8.1006E-09 8.3012E-09 8.4536E-09 8.5549E-09 8.6034E-09 8.5977E-09 8.5369E-09 8.4221E-09 8.2563E-09 8.0427E-09 7.7852E-09 7.4875E-09 7.1533E-09
0.0000E+00 0.0000E+00 7.9252E-13 1.4502E-12 3.6541E-12 8.0298E-12 1.4888E-11 2.0198E-11 3.0110E-11 4.2998E-11 5.7986E-11 8.4178E-11 1.1500E-10 1.5105E-10 1.9738E-10 2.5209E-10 3.2046E-10 3.9734E-10 4.8734E-10 5.9019E-10 7.0860E-10 8.4161E-10 9.9351E-10 1.1673E-09 1.3611E-09 1.5806E-09 1.8229E-09 2.0890E-09 2.3816E-09 2.6962E-09 3.0345E-09 3.3943E-09 3.7729E-09 4.1684E-09 4.5766E-09 4.9933E-09 5.4135E-09 5.8324E-09 6.2443E-09 6.6435E-09 7.0237E-09 7.3788E-09 7.7029E-09 7.9907E-09 8.2368E-09 8.4363E-09 8.5855E-09 8.6819E-09 8.7239E-09 8.7107E-09 8.6423E-09 8.5199E-09 8.3452E-09 8.1206E-09 7.8510E-09 7.5422E-09 7.1994E-09
0.0000E+00 0.0000E+00 4.3636E-13 1.3441E-12 1.9111E-12 5.8274E-12 1.1865E-11 1.7094E-11 2.5562E-11 3.8340E-11 5.3685E-11 7.7997E-11 1.0826E-10 1.4456E-10 1.8989E-10 2.4393E-10 3.1221E-10 3.9209E-10 4.8031E-10 5.8668E-10 7.0379E-10 8.3923E-10 9.9327E-10 1.1693E-09 1.3676E-09 1.5894E-09 1.8366E-09 2.1080E-09 2.4056E-09 2.7269E-09 3.0729E-09 3.4405E-09 3.8271E-09 4.2304E-09 4.6464E-09 5.0709E-09 5.4989E-09 5.9251E-09 6.3436E-09 6.7484E-09 7.1329E-09 7.4911E-09 7.8171E-09 8.1053E-09 8.3501E-09 8.5476E-09 8.6938E-09 8.7862E-09 8.8220E-09 8.8001E-09 8.7217E-09 8.5891E-09 8.4048E-09 8.1712E-09 7.8917E-09 7.5719E-09 7.2179E-09
0.0000E+00 0.0000E+00 7.8608E-14 9.4942E-13 1.4814E-12 3.0301E-12 8.6835E-12 1.4153E-11 2.1268E-11 3.3987E-11 4.9268E-11 7.2149E-11 1.0145E-10 1.3938E-10 1.8355E-10 2.3648E-10 3.0483E-10 3.8510E-10 4.7709E-10 5.7978E-10 7.0049E-10 8.3737E-10 9.9448E-10 1.1722E-09 1.3721E-09 1.5994E-09 1.8502E-09 2.1263E-09 2.4302E-09 2.7576E-09 3.1094E-09 3.4835E-09 3.8774E-09 4.2880E-09 4.7115E-09 5.1431E-09 5.5779E-09 6.0101E-09 6.4338E-09 6.8427E-09 7.2304E-09 7.5905E-09 7.9170E-09 8.2038E-09 8.4457E-09 8.6383E-09 8.7784E-09 8.8635E-09 8.8918E-09 8.8626E-09 8.7764E-09 8.6336E-09 8.4376E-09 8.1925E-09 7.9042E-09 7.5764E-09 7.2130E-09
0.0000E+00 0.0000E+00 0.0000E+00 5.5237E-13 1.3614E-12 1.6190E-12 5.1485E-12 1.0151E-11 1.8285E-11 2.9486E-11 4.4666E-11 6.7990E-11 9.5593E-11 1.3285E-10 1.7800E-10 2.3154E-10 2.9778E-10 3.7814E-10 4.7175E-10 5.7844E-10 6.9906E-10 8.3964E-10 9.9816E-10 1.1795E-09 1.3841E-09 1.6135E-09 1.8696E-09 2.1510E-09 2.4591E-09 2.7921E-09 3.1506E-09 3.5314E-09 3.9316E-09 4.3484E-09 4.7777E-09 5.2148E-09 5.6544E-09 6.0908E-09 6.5177E-09 6.9288E-09 7.3176E-09 7.6776E-09 8.0025E-09 8.2867E-09 8.5249E-09 8.7127E-09 8.8463E-09 8.9225E-09 8.9405E-09 8.8998E-09 8.8023E-09 8.6495E-09 8.4444E-09 8.1890E-09 7.8897E-09 7.5520E-09 7.1821E-09
