Assets/Resources/2015_m01_d02_0000(utc+0800)_l00_csi_1hr_conc.grd
DSAA
         159         159
     -79.000      79.000
     -79.000      79.000
  0.0000E+00  0.1199E-04
[rows 125 to 149 of 159, columns 57 to 113 of 159]
0.0000E+00 0.0000E+00 0.0000E+00 0.0000E+00 0.0000E+00 0.0000E+00 0.0000E+00 0.0000E+00 0.0000E+00 0.0000E+00 0.0000E+00 0.0000E+00 0.0000E+00 0.0000E+00 0.0000E+00 0.0000E+00 0.0000E+00 7.4657E-11 1.0411E-10 2.2226E-10 2.8799E-10 4.6574E-10 5.7037E-10 8.9018E-10 1.0577E-09 1.2384E-09 1.5638E-09 1.7775E-09 2.1440E-09 2.4457E-09 2.7510E-09 3.1669E-09 3.7355E-09 4.1544E-09 4.6684E-09 5.1273E-09 5.6054E-09 6.1090E-09 6.6356E-09 7.1780E-09 7.7359E-09 8.3217E-09 8.9388E-09 9.5970E-09 1.0297E-08 1.1006E-08 1.1720E-08 1.2430E-08 1.3085E-08 1.3741E-08 1.4375E-08 1.4977E-08 1.5544E-08 1.6064E-08 1.6529E-08 1.6931E-08 1.7264E-08
0.0000E+00 0.0000E+00 0.0000E+00 0.0000E+00 0.0000E+00 0.0000E+00 0.0000E+00 0.0000E+00 0.0000E+00 0.0000E+00 0.0000E+00 0.0000E+00 0.0000E+00 0.0000E+00 0.0000E+00 0.0000E+00 0.0000E+00 6.6503E-11 9.4853E-11 2.0280E-10 2.6175E-10 3.2345E-10 5.1564E-10 6.2683E-10 9.5671E-10 1.1208E-09 1.4234E-09 1.6158E-09 1.8239E-09 2.1798E-09 2.4827E-09 2.8183E-09 3.1626E-09 3.7347E-09 4.1049E-09 4.5968E-09 5.0281E-09 5.4751E-09 5.9425E-09 6.4315E-09 6.9350E-09 7.4592E-09 8.0212E-09 8.6301E-09 9.2644E-09 9.9085E-09 1.0558E-08 1.1207E-08 1.1813E-08 1.2418E-08 1.3005E-08 1.3565E-08 1.4093E-08 1.4581E-08 1.5020E-08 1.5401E-08 1.5725E-08
0.0000E+00 0.0000E+00 0.0000E+00 0.0000E+00 0.0000E+00 0.0000E+00 0.0000E+00 0.0000E+00 0.0000E+00 0.0000E+00 0.0000E+00 0.0000E+00 0.0000E+00 0.0000E+00 0.0000E+00 0.0000E+00 0.0000E+00 0.0000E+00 8.2415E-11 1.1027E-10 2.3067E-10 2.9477E-10 3.5932E-10 5.5765E-10 6.6576E-10 8.9636E-10 1.1650E-09 1.4630E-09 1.6446E-09 1.8405E-09 2.1073E-09 2.4865E-09 2.8403E-09 3.1409E-09 3.5351E-09 4.0401E-09 4.4897E-09 4.8931E-09 5.3096E-09 5.7408E-09 6.1909E-09 6.6701E-09 7.1861E-09 7.7385E-09 8.3118E-09 8.8955E-09 9.4855E-09 1.0077E-08 1.0637E-08 1.1193E-08 1.1735E-08 1.2255E-08 1.2747E-08 1.3202E-08 1.3614E-08 1.3977E-08 1.4288E-08
0.0000E+00 0.0000E+00 0.0000E+00 0.0000E+00 0.0000E+00 0.0000E+00 0.0000E+00 0.0000E+00 0.0000E+00 0.0000E+00 0.0000E+00 0.0000E+00 0.0000E+00 0.0000E+00 0.0000E+00 0.0000E+00 0.0000E+00 0.0000E+00 0.0000E+00 9.3612E-11 1.2678E-10 2.6182E-10 3.2736E-10 3.9166E-10 5.9077E-10 6.9763E-10 9.3226E-10 1.1834E-09 1.3463E-09 1.6537E-09 1.8532E-09 2.0950E-09 2.4731E-09 2.7971E-09 3.1139E-09 3.4581E-09 3.8178E-09 4.3550E-09 4.7281E-09 5.1127E-09 5.5160E-09 5.9458E-09 6.4142E-09 6.9197E-09 7.4377E-09 7.9654E-09 8.5005E-09 9.0385E-09 9.5544E-09 1.0065E-08 1.0565E-08 1.1046E-08 1.1502E-08 1.1927E-08 1.2315E-08 1.2657E-08 1.2957E-08
0.0000E+00 0.0000E+00 0.0000E+00 0.0000E+00 0.0000E+00 0.0000E+00 0.0000E+00 0.0000E+00 0.0000E+00 0.0000E+00 0.0000E+00 0.0000E+00 0.0000E+00 0.0000E+00 0.0000E+00 0.0000E+00 0.0000E+00 0.0000E+00 0.0000E+00 8.0418E-11 1.1087E-10 1.4205E-10 2.8775E-10 3.5469E-10 4.1656E-10 6.1185E-10 7.1861E-10 9.4853E-10 1.1848E-09 1.3421E-09 1.6485E-09 1.8491E-09 2.0643E-09 2.3358E-09 2.7372E-09 3.0647E-09 3.3594E-09 3.7104E-09 4.0651E-09 4.3989E-09 4.9001E-09 5.2893E-09 5.7159E-09 6.1676E-09 6.6355E-09 7.1139E-09 7.5999E-09 8.0885E-09 8.5627E-09 9.0297E-09 9.4895E-09 9.9335E-09 1.0357E-08 1.0753E-08 1.1115E-08 1.1441E-08 1.1196E-08
0.0000E+00 0.0000E+00 0.0000E+00 0.0000E+00 0.0000E+00 0.0000E+00 0.0000E+00 0.0000E+00 0.0000E+00 0.0000E+00 0.0000E+00 0.0000E+00 0.0000E+00 0.0000E+00 0.0000E+00 0.0000E+00 0.0000E+00 0.0000E+00 0.0000E+00 0.0000E+00 9.3559E-11 1.2606E-10 1.5613E-10 3.0377E-10 3.7283E-10 4.3639E-10 6.2264E-10 7.2420E-10 9.4977E-10 1.0736E-09 1.3277E-09 1.6206E-09 1.8361E-09 2.0194E-09 2.3045E-09 2.5247E-09 2.9827E-09 3.2420E-09 3.5750E-09 3.9029E-09 4.2181E-09 4.5683E-09 4.9499E-09 5.3501E-09 5.9076E-09 6.3360E-09 6.7753E-09 7.2199E-09 7.6573E-09 8.0847E-09 8.5069E-09 8.9160E-09 9.3075E-09 9.6750E-09 1.0014E-08 1.0184E-08 9.9746E-09
0.0000E+00 0.0000E+00 0.0000E+00 0.0000E+00 0.0000E+00 0.0000E+00 0.0000E+00 0.0000E+00 0.0000E+00 0.0000E+00 0.0000E+00 0.0000E+00 0.0000E+00 0.0000E+00 0.0000E+00 0.0000E+00 0.0000E+00 0.0000E+00 0.0000E+00 0.0000E+00 2.5584E-12 1.0482E-10 1.4007E-10 1.6929E-10 3.1342E-10 3.8282E-10 4.4561E-10 6.2212E-10 7.2197E-10 9.5087E-10 1.0666E-09 1.2989E-09 1.4482E-09 1.7903E-09 1.9623E-09 2.2397E-09 2.4421E-09 2.7423E-09 3.1088E-09 3.4348E-09 3.7402E-09 4.0543E-09 4.3969E-09 4.7575E-09 5.1311E-09 5.5147E-09 5.9066E-09 6.3055E-09 6.7034E-09 7.0952E-09 7.4847E-09 7.8626E-09 8.2257E-09 8.5702E-09 8.8893E-09 9.1834E-09 9.0041E-09
0.0000E+00 0.0000E+00 0.0000E+00 0.0000E+00 0.0000E+00 0.0000E+00 0.0000E+00 0.0000E+00 0.0000E+00 0.0000E+00 0.0000E+00 0.0000E+00 0.0000E+00 0.0000E+00 0.0000E+00 0.0000E+00 0.0000E+00 0.0000E+00 0.0000E+00 0.0000E+00 0.0000E+00 4.2431E-12 1.1174E-10 1.4501E-10 1.7623E-10 3.2020E-10 3.8691E-10 4.5292E-10 6.2140E-10 7.1624E-10 9.4136E-10 1.0524E-09 1.1678E-09 1.4137E-09 1.7224E-09 1.9072E-09 2.1576E-09 2.3467E-09 2.6326E-09 2.8443E-09 3.1664E-09 3.5975E-09 3.9036E-09 4.2231E-09 4.5556E-09 4.9015E-09 5.2570E-09 5.6196E-09 5.9843E-09 6.3355E-09 6.6917E-09 7.0410E-09 7.3763E-09 7.6945E-09 7.9928E-09 7.8982E-09 7.6149E-09
0.0000E+00 0.0000E+00 0.0000E+00 0.0000E+00 0.0000E+00 0.0000E+00 0.0000E+00 0.0000E+00 0.0000E+00 0.0000E+00 0.0000E+00 0.0000E+00 0.0000E+00 0.0000E+00 0.0000E+00 0.0000E+00 0.0000E+00 0.0000E+00 0.0000E+00 0.0000E+00 0.0000E+00 2.4220E-12 6.1829E-12 1.1403E-10 1.4901E-10 1.8370E-10 3.2279E-10 3.9071E-10 4.5707E-10 5.2397E-10 7.0370E-10 9.2086E-10 1.0317E-09 1.1415E-09 1.2785E-09 1.5310E-09 1.8413E-09 2.0596E-09 2.2355E-09 2.5115E-09 2.7608E-09 3.0618E-09 3.3329E-09 3.6177E-09 3.9126E-09 4.3517E-09 4.6694E-09 4.9963E-09 5.3280E-09 5.6526E-09 5.9756E-09 6.2934E-09 6.6033E-09 6.8990E-09 7.1769E-09 7.0975E-09 6.7177E-09
0.0000E+00 0.0000E+00 0.0000E+00 0.0000E+00 0.0000E+00 0.0000E+00 0.0000E+00 0.0000E+00 0.0000E+00 0.0000E+00 0.0000E+00 0.0000E+00 0.0000E+00 0.0000E+00 0.0000E+00 0.0000E+00 0.0000E+00 0.0000E+00 0.0000E+00 0.0000E+00 0.0000E+00 0.0000E+00 4.7031E-12 8.6206E-12 1.1698E-10 1.5252E-10 1.8897E-10 3.2289E-10 3.8644E-10 4.5917E-10 5.2408E-10 5.9301E-10 7.8147E-10 1.0022E-09 1.1077E-09 1.2531E-09 1.3746E-09 1.5358E-09 1.9502E-09 2.1371E-09 2.4003E-09 2.6964E-09 2.9432E-09 3.1948E-09 3.4615E-09 3.7394E-09 4.0272E-09 4.3230E-09 4.6204E-09 4.9152E-09 5.2128E-09 5.5052E-09 5.7891E-09 6.0630E-09 6.3256E-09 6.2656E-09 5.7208E-09
0.0000E+00 0.0000E+00 0.0000E+00 0.0000E+00 0.0000E+00 0.0000E+00 0.0000E+00 0.0000E+00 0.0000E+00 0.0000E+00 0.0000E+00 0.0000E+00 0.0000E+00 0.0000E+00 0.0000E+00 0.0000E+00 0.0000E+00 0.0000E+00 0.0000E+00 0.0000E+00 0.0000E+00 0.0000E+00 1.8645E-12 6.8647E-12 1.2077E-11 1.1849E-10 1.5452E-10 1.9426E-10 2.2882E-10 3.8280E-10 4.5398E-10 5.2105E-10 5.9083E-10 6.5824E-10 8.4646E-10 1.0647E-09 1.2131E-09 1.3213E-09 1.4555E-09 1.6396E-09 1.8469E-09 2.3253E-09 2.5954E-09 2.8225E-09 3.0581E-09 3.3042E-09 3.5639E-09 3.8321E-09 4.1042E-09 4.3727E-09 4.6414E-09 4.9108E-09 5.1737E-09 5.4267E-09 5.4187E-09 5.2715E-09 5.1380E-09
0.0000E+00 0.0000E+00 0.0000E+00 0.0000E+00 0.0000E+00 0.0000E+00 0.0000E+00 0.0000E+00 0.0000E+00 0.0000E+00 0.0000E+00 0.0000E+00 0.0000E+00 0.0000E+00 0.0000E+00 0.0000E+00 0.0000E+00 0.0000E+00 0.0000E+00 0.0000E+00 0.0000E+00 0.0000E+00 0.0000E+00 4.6201E-12 7.6705E-12 1.7842E-11 1.1923E-10 1.5580E-10 1.9822E-10 2.3443E-10 3.7670E-10 4.4447E-10 5.1656E-10 5.8261E-10 6.4905E-10 7.1620E-10 9.0143E-10 1.1551E-09 1.2638E-09 1.4292E-09 1.6006E-09 1.8154E-09 2.0620E-09 2.2709E-09 2.4801E-09 2.6993E-09 3.0491E-09 3.2885E-09 3.5336E-09 3.7793E-09 4.0271E-09 4.2704E-09 4.5105E-09 4.7461E-09 4.7455E-09 4.3876E-09 3.9837E-09
0.0000E+00 0.0000E+00 0.0000E+00 0.0000E+00 0.0000E+00 0.0000E+00 0.0000E+00 0.0000E+00 0.0000E+00 0.0000E+00 0.0000E+00 0.0000E+00 0.0000E+00 0.0000E+00 0.0000E+00 0.0000E+00 0.0000E+00 0.0000E+00 0.0000E+00 0.0000E+00 0.0000E+00 0.0000E+00 0.0000E+00 0.0000E+00 5.6627E-12 1.0297E-11 2.1259E-11 3.3718E-11 1.5405E-10 1.9896E-10 2.3950E-10 2.8355E-10 4.3282E-10 5.0191E-10 5.7008E-10 6.3928E-10 7.0266E-10 7.6899E-10 9.5882E-10 1.2027E-09 1.3826E-09 1.5819E-09 1.7795E-09 2.0063E-09 2.1871E-09 2.3818E-09 2.5876E-09 2.8028E-09 3.0244E-09 3.2447E-09 3.4692E-09 3.6956E-09 3.9166E-09 3.9591E-09 4.1391E-09 3.8122E-09 3.2620E-09
0.0000E+00 0.0000E+00 0.0000E+00 0.0000E+00 0.0000E+00 0.0000E+00 0.0000E+00 0.0000E+00 0.0000E+00 0.0000E+00 0.0000E+00 0.0000E+00 0.0000E+00 0.0000E+00 0.0000E+00 0.0000E+00 0.0000E+00 0.0000E+00 0.0000E+00 0.0000E+00 0.0000E+00 0.0000E+00 0.0000E+00 0.0000E+00 2.3470E-12 8.2672E-12 1.3138E-11 2.7117E-11 3.9794E-11 1.5362E-10 1.9282E-10 2.4039E-10 2.8760E-10 3.3821E-10 4.8434E-10 5.5046E-10 6.2061E-10 6.8387E-10 7.4683E-10 8.6054E-10 9.8112E-10 1.1416E-09 1.5414E-09 1.7568E-09 1.9383E-09 2.1096E-09 2.2906E-09 2.4824E-09 2.6818E-09 2.8838E-09 3.0864E-09 3.2889E-09 3.4937E-09 3.5317E-09 3.4697E-09 3.4204E-09 2.9262E-09
0.0000E+00 0.0000E+00 0.0000E+00 0.0000E+00 0.0000E+00 0.0000E+00 0.0000E+00 0.0000E+00 0.0000E+00 0.0000E+00 0.0000E+00 0.0000E+00 0.0000E+00 0.0000E+00 0.0000E+00 0.0000E+00 0.0000E+00 0.0000E+00 0.0000E+00 0.0000E+00 0.0000E+00 0.0000E+00 0.0000E+00 0.0000E+00 0.0000E+00 4.8953E-12 1.1055E-11 1.9126E-11 3.3171E-11 4.5819E-11 6.4822E-11 1.9060E-10 2.3624E-10 2.8836E-10 3.4409E-10 3.8611E-10 5.2884E-10 5.9051E-10 6.5978E-10 7.4222E-10 8.3819E-10 9.9285E-10 1.1526E-09 1.3085E-09 1.5129E-09 1.6636E-09 1.8244E-09 2.1076E-09 2.2850E-09 2.4662E-09 2.6528E-09 2.8388E-09 3.0228E-09 3.0596E-09 2.8538E-09 2.6900E-09 2.0719E-09
0.0000E+00 0.0000E+00 0.0000E+00 0.0000E+00 0.0000E+00 0.0000E+00 0.0000E+00 0.0000E+00 0.0000E+00 0.0000E+00 0.0000E+00 0.0000E+00 0.0000E+00 0.0000E+00 0.0000E+00 0.0000E+00 0.0000E+00 0.0000E+00 0.0000E+00 0.0000E+00 0.0000E+00 0.0000E+00 0.0000E+00 0.0000E+00 0.0000E+00 0.0000E+00 5.6709E-12 1.4024E-11 2.3758E-11 3.9400E-11 5.2038E-11 7.4692E-11 9.9478E-11 2.2623E-10 2.8546E-10 3.4171E-10 3.8665E-10 4.3066E-10 4.7211E-10 6.2481E-10 7.3113E-10 8.4174E-10 9.8418E-10 1.1493E-09 1.3120E-09 1.4774E-09 1.6187E-09 1.7695E-09 1.9299E-09 2.0937E-09 2.2604E-09 2.4305E-09 2.4907E-09 2.6410E-09 2.4548E-09 2.1068E-09 1.8538E-09
0.0000E+00 0.0000E+00 0.0000E+00 0.0000E+00 0.0000E+00 0.0000E+00 0.0000E+00 0.0000E+00 0.0000E+00 0.0000E+00 0.0000E+00 0.0000E+00 0.0000E+00 0.0000E+00 0.0000E+00 0.0000E+00 0.0000E+00 0.0000E+00 0.0000E+00 0.0000E+00 0.0000E+00 0.0000E+00 0.0000E+00 0.0000E+00 0.0000E+00 0.0000E+00 2.7863E-12 8.8076E-12 1.7158E-11 2.9933E-11 4.3436E-11 6.1122E-11 8.0359E-11 1.0842E-10 1.3577E-10 2.7920E-10 3.3277E-10 3.8071E-10 4.2580E-10 4.6921E-10 5.3968E-10 6.1477E-10 7.5939E-10 9.8281E-10 1.1261E-09 1.3073E-09 1.4442E-09 1.5794E-09 1.7232E-09 1.8694E-09 2.0177E-09 2.1691E-09 2.2203E-09 2.2075E-09 2.2056E-09 1.8958E-09 1.4205E-09
0.0000E+00 0.0000E+00 0.0000E+00 0.0000E+00 0.0000E+00 0.0000E+00 0.0000E+00 0.0000E+00 0.0000E+00 0.0000E+00 0.0000E+00 0.0000E+00 0.0000E+00 0.0000E+00 0.0000E+00 0.0000E+00 0.0000E+00 0.0000E+00 0.0000E+00 0.0000E+00 0.0000E+00 0.0000E+00 0.0000E+00 0.0000E+00 0.0000E+00 0.0000E+00 0.0000E+00 5.7313E-12 1.1992E-11 2.0109E-11 3.3384E-11 4.8866E-11 6.7871E-11 9.0122E-11 1.1699E-10 1.4228E-10 1.9078E-10 3.1685E-10 3.6424E-10 4.1252E-10 4.5510E-10 5.4435E-10 6.3156E-10 7.5491E-10 9.0013E-10 1.0257E-09 1.1963E-09 1.3190E-09 1.4505E-09 1.5828E-09 1.7175E-09 1.8547E-09 1.9018E-09 1.7903E-09 1.7015E-09 1.3710E-09 1.1918E-09
0.0000E+00 0.0000E+00 0.0000E+00 0.0000E+00 0.0000E+00 0.0000E+00 0.0000E+00 0.0000E+00 0.0000E+00 0.0000E+00 0.0000E+00 0.0000E+00 0.0000E+00 0.0000E+00 0.0000E+00 0.0000E+00 0.0000E+00 0.0000E+00 0.0000E+00 0.0000E+00 0.0000E+00 0.0000E+00 0.0000E+00 0.0000E+00 0.0000E+00 0.0000E+00 0.0000E+00 0.0000E+00 6.1742E-12 1.2877E-11 2.3148E-11 3.8543E-11 5.6777E-11 7.1806E-11 9.7160E-11 1.2249E-10 1.5136E-10 1.9835E-10 2.2779E-10 2.6721E-10 3.9269E-10 4.5612E-10 5.2951E-10 6.5439E-10 7.6044E-10 8.9614E-10 1.0302E-09 1.1723E-09 1.2894E-09 1.4107E-09 1.5341E-09 1.5906E-09 1.7062E-09 1.6097E-09 1.3958E-09 1.0633E-09 1.0501E-09
0.0000E+00 0.0000E+00 0.0000E+00 0.0000E+00 0.0000E+00 0.0000E+00 0.0000E+00 0.0000E+00 0.0000E+00 0.0000E+00 0.0000E+00 0.0000E+00 0.0000E+00 0.0000E+00 0.0000E+00 0.0000E+00 0.0000E+00 0.0000E+00 0.0000E+00 0.0000E+00 0.0000E+00 0.0000E+00 0.0000E+00 0.0000E+00 0.0000E+00 0.0000E+00 0.0000E+00 0.0000E+00 0.0000E+00 9.4367E-12 1.6211E-11 2.6249E-11 4.2113E-11 6.2594E-11 7.8297E-11 1.0635E-10 1.3073E-10 1.5356E-10 2.0545E-10 2.3878E-10 2.6939E-10 2.9786E-10 3.8068E-10 4.4419E-10 6.5184E-10 7.7328E-10 8.8361E-10 1.0254E-09 1.1542E-09 1.2618E-09 1.3717E-09 1.4226E-09 1.4289E-09 1.3158E-09 1.2579E-09 9.4711E-10 9.3455E-10
0.0000E+00 0.0000E+00 0.0000E+00 0.0000E+00 0.0000E+00 0.0000E+00 0.0000E+00 0.0000E+00 0.0000E+00 0.0000E+00 0.0000E+00 0.0000E+00 0.0000E+00 0.0000E+00 0.0000E+00 0.0000E+00 0.0000E+00 0.0000E+00 0.0000E+00 0.0000E+00 0.0000E+00 0.0000E+00 0.0000E+00 0.0000E+00 0.0000E+00 0.0000E+00 0.0000E+00 0.0000E+00 0.0000E+00 0.0000E+00 1.0022E-11 1.9501E-11 2.9243E-11 4.8396E-11 6.4690E-11 8.2545E-11 1.1199E-10 1.3463E-10 1.5796E-10 2.1261E-10 2.4234E-10 2.7224E-10 3.1339E-10 3.8296E-10 4.7330E-10 5.6486E-10 6.9357E-10 7.9508E-10 9.2798E-10 1.0480E-09 1.1477E-09 1.1943E-09 1.1415E-09 1.0950E-09 8.8654E-10 7.7579E-10 7.6696E-10
0.0000E+00 0.0000E+00 0.0000E+00 0.0000E+00 0.0000E+00 0.0000E+00 0.0000E+00 0.0000E+00 0.0000E+00 0.0000E+00 0.0000E+00 0.0000E+00 0.0000E+00 0.0000E+00 0.0000E+00 0.0000E+00 0.0000E+00 0.0000E+00 0.0000E+00 0.0000E+00 0.0000E+00 0.0000E+00 0.0000E+00 0.0000E+00 0.0000E+00 0.0000E+00 0.0000E+00 0.0000E+00 0.0000E+00 0.0000E+00 0.0000E+00 1.0387E-11 2.4061E-11 3.0556E-11 4.9960E-11 6.8193E-11 8.0764E-11 1.1851E-10 1.3894E-10 1.6528E-10 2.1422E-10 2.4405E-10 2.7349E-10 3.3841E-10 3.9145E-10 4.9977E-10 5.8340E-10 6.9774E-10 8.0381E-10 9.1992E-10 9.8610E-10 1.0712E-09 1.0265E-09 9.0215E-10 6.8490E-10 6.8867E-10 7.0123E-10
0.0000E+00 0.0000E+00 0.0000E+00 0.0000E+00 0.0000E+00 0.0000E+00 0.0000E+00 0.0000E+00 0.0000E+00 0.0000E+00 0.0000E+00 0.0000E+00 0.0000E+00 0.0000E+00 0.0000E+00 0.0000E+00 0.0000E+00 0.0000E+00 0.0000E+00 0.0000E+00 0.0000E+00 0.0000E+00 0.0000E+00 0.0000E+00 0.0000E+00 0.0000E+00 0.0000E+00 0.0000E+00 0.0000E+00 0.0000E+00 0.0000E+00 0.0000E+00 1.3606E-11 2.6496E-11 3.2894E-11 5.2809E-11 7.1068E-11 8.3440E-11 1.2009E-10 1.4561E-10 1.6876E-10 1.9867E-10 2.4739E-10 2.7829E-10 3.4692E-10 4.0972E-10 5.0744E-10 6.0025E-10 7.0526E-10 8.0951E-10 8.8559E-10 9.0763E-10 8.4468E-10 8.2036E-10 6.2341E-10 6.1996E-10 6.4601E-10
0.0000E+00 0.0000E+00 0.0000E+00 0.0000E+00 0.0000E+00 0.0000E+00 0.0000E+00 0.0000E+00 0.0000E+00 0.0000E+00 0.0000E+00 0.0000E+00 0.0000E+00 0.0000E+00 0.0000E+00 0.0000E+00 0.0000E+00 0.0000E+00 0.0000E+00 0.0000E+00 0.0000E+00 0.0000E+00 0.0000E+00 0.0000E+00 0.0000E+00 0.0000E+00 0.0000E+00 0.0000E+00 0.0000E+00 0.0000E+00 0.0000E+00 0.0000E+00 0.0000E+00 1.3645E-11 2.7124E-11 3.4983E-11 5.3695E-11 7.4273E-11 8.6026E-11 1.2668E-10 1.4914E-10 1.7063E-10 1.9616E-10 2.5395E-10 2.9285E-10 3.4660E-10 4.3155E-10 5.0572E-10 6.0604E-10 7.0718E-10 7.8915E-10 7.8773E-10 7.6856E-10 6.4157E-10 5.7614E-10 5.7469E-10 5.9895E-10
0.0000E+00 0.0000E+00 0.0000E+00 0.0000E+00 0.0000E+00 0.0000E+00 0.0000E+00 0.0000E+00 0.0000E+00 0.0000E+00 0.0000E+00 0.0000E+00 0.0000E+00 0.0000E+00 0.0000E+00 0.0000E+00 0.0000E+00 0.0000E+00 0.0000E+00 0.0000E+00 0.0000E+00 0.0000E+00 0.0000E+00 0.0000E+00 0.0000E+00 0.0000E+00 0.0000E+00 0.0000E+00 0.0000E+00 0.0000E+00 0.0000E+00 0.0000E+00 0.0000E+00 0.0000E+00 1.3593E-11 2.9384E-11 3.5322E-11 5.6485E-11 7.5143E-11 8.6554E-11 1.1053E-10 1.4921E-10 1.7104E-10 1.9639E-10 2.4482E-10 3.0409E-10 3.4857E-10 4.3978E-10 5.1161E-10 6.0656E-10 7.0067E-10 7.1463E-10 6.4760E-10 5.1248E-10 5.2060E-10 5.3386E-10 5.5676E-10
