Assets/Resources/2015_m01_d04_0300(utc+0800)_l00_csi_1hr_conc.grd
DSAA
         159         159
     -79.000      79.000
     -79.000      79.000
  0.6297E-11  0.1070E-04
[rows 100 to 124 of 159, columns 0 to 56 of 159]
3.7219E-11 3.8695E-11 4.0219E-11 4.1794E-11 4.3419E-11 4.5096E-11 4.6826E-11 4.8610E-11 5.0450E-11 5.2346E-11 5.4300E-11 5.6313E-11 5.8386E-11 6.0520E-11 6.2716E-11 6.4975E-11 6.7300E-11 6.9689E-11 7.2146E-11 7.4670E-11 7.7264E-11 7.9927E-11 8.2662E-11 8.5468E-11 8.8347E-11 9.1301E-11 9.4330E-11 9.7434E-11 1.0062E-10 1.0387E-10 1.0721E-10 1.1063E-10 1.1413E-10 1.1770E-10 1.2136E-10 1.2510E-10 1.2893E-10 1.3284E-10 1.3683E-10 1.4090E-10 1.4506E-10 1.4931E-10 1.5364E-10 1.5806E-10 1.6256E-10 1.6715E-10 1.7182E-10 1.7658E-10 1.8143E-10 1.8636E-10 1.9138E-10 1.9648E-10 2.0167E-10 2.0694E-10 2.1230E-10 2.1774E-10 2.2326E-10
3.7322E-11 3.8803E-11 4.0332E-11 4.1911E-11 4.3541E-11 4.5223E-11 4.6959E-11 4.8748E-11 5.0594E-11 5.2496E-11 5.4456E-11 5.6475E-11 5.8554E-11 6.0695E-11 6.2898E-11 6.5165E-11 6.7497E-11 6.9894E-11 7.2358E-11 7.4891E-11 7.7493E-11 8.0165E-11 8.2908E-11 8.5723E-11 8.8612E-11 9.1575E-11 9.4614E-11 9.7729E-11 1.0092E-10 1.0419E-10 1.0754E-10 1.1097E-10 1.1448E-10 1.1807E-10 1.2174E-10 1.2549E-10 1.2933E-10 1.3325E-10 1.3725E-10 1.4134E-10 1.4552E-10 1.4978E-10 1.5412E-10 1.5856E-10 1.6307E-10 1.6768E-10 1.7237E-10 1.7714E-10 1.8201E-10 1.8696E-10 1.9199E-10 1.9711E-10 2.0232E-10 2.0761E-10 2.1298E-10 2.1844E-10 2.2398E-10
3.7417E-11 3.8901E-11 4.0435E-11 4.2019E-11 4.3653E-11 4.5340E-11 4.7081E-11 4.8875E-11 5.0726E-11 5.2634E-11 5.4600E-11 5.6625E-11 5.8710E-11 6.0857E-11 6.3066E-11 6.5340E-11 6.7678E-11 7.0083E-11 7.2554E-11 7.5094E-11 7.7704E-11 8.0384E-11 8.3135E-11 8.5959E-11 8.8857E-11 9.1829E-11 9.4877E-11 9.8001E-11 1.0120E-10 1.0448E-10 1.0784E-10 1.1128E-10 1.1480E-10 1.1840E-10 1.2208E-10 1.2585E-10 1.2970E-10 1.3363E-10 1.3765E-10 1.4175E-10 1.4594E-10 1.5021E-10 1.5457E-10 1.5902E-10 1.6355E-10 1.6817E-10 1.7287E-10 1.7766E-10 1.8254E-10 1.8751E-10 1.9256E-10 1.9769E-10 2.0292E-10 2.0822E-10 2.1361E-10 2.1909E-10 2.2465E-10
3.7503E-11 3.8991E-11 4.0529E-11 4.2116E-11 4.3755E-11 4.5447E-11 4.7192E-11 4.8991E-11 5.0847E-11 5.2760E-11 5.4731E-11 5.6761E-11 5.8852E-11 6.1004E-11 6.3220E-11 6.5499E-11 6.7844E-11 7.0255E-11 7.2734E-11 7.5281E-11 7.7897E-11 8.0585E-11 8.3344E-11 8.6175E-11 8.9081E-11 9.2061E-11 9.5118E-11 9.8250E-11 1.0146E-10 1.0475E-10 1.0812E-10 1.1157E-10 1.1510E-10 1.1871E-10 1.2240E-10 1.2618E-10 1.3004E-10 1.3398E-10 1.3801E-10 1.4212E-10 1.4632E-10 1.5061E-10 1.5498E-10 1.5944E-10 1.6399E-10 1.6862E-10 1.7334E-10 1.7814E-10 1.8304E-10 1.8801E-10 1.9308E-10 1.9823E-10 2.0347E-10 2.0879E-10 2.1420E-10 2.1969E-10 2.2527E-10
3.7580E-11 3.9072E-11 4.0613E-11 4.2205E-11 4.3847E-11 4.5543E-11 4.7292E-11 4.9096E-11 5.0956E-11 5.2873E-11 5.4849E-11 5.6884E-11 5.8980E-11 6.1138E-11 6.3359E-11 6.5644E-11 6.7995E-11 7.0412E-11 7.2896E-11 7.5449E-11 7.8073E-11 8.0767E-11 8.3533E-11 8.6372E-11 8.9285E-11 9.2272E-11 9.5336E-11 9.8477E-11 1.0170E-10 1.0499E-10 1.0837E-10 1.1183E-10 1.1537E-10 1.1899E-10 1.2269E-10 1.2648E-10 1.3035E-10 1.3430E-10 1.3834E-10 1.4247E-10 1.4668E-10 1.5097E-10 1.5536E-10 1.5983E-10 1.6439E-10 1.6903E-10 1.7376E-10 1.7858E-10 1.8349E-10 1.8848E-10 1.9356E-10 1.9872E-10 2.0398E-10 2.0931E-10 2.1474E-10 2.2024E-10 2.2583E-10
3.7649E-11 3.9144E-11 4.0688E-11 4.2283E-11 4.3929E-11 4.5628E-11 4.7381E-11 4.9189E-11 5.1053E-11 5.2974E-11 5.4954E-11 5.6994E-11 5.9095E-11 6.1257E-11 6.3483E-11 6.5773E-11 6.8129E-11 7.0551E-11 7.3042E-11 7.5601E-11 7.8230E-11 8.0930E-11 8.3702E-11 8.6548E-11 8.9467E-11 9.2462E-11 9.5533E-11 9.8681E-11 1.0191E-10 1.0521E-10 1.0860E-10 1.1206E-10 1.1561E-10 1.1924E-10 1.2295E-10 1.2675E-10 1.3063E-10 1.3459E-10 1.3864E-10 1.4277E-10 1.4699E-10 1.5130E-10 1.5570E-10 1.6018E-10 1.6475E-10 1.6940E-10 1.7415E-10 1.7898E-10 1.8389E-10 1.8890E-10 1.9399E-10 1.9917E-10 2.0444E-10 2.0979E-10 2.1522E-10 2.2074E-10 2.2635E-10
3.7709E-11 3.9207E-11 4.0754E-11 4.2352E-11 4.4001E-11 4.5703E-11 4.7459E-11 4.9271E-11 5.1138E-11 5.3063E-11 5.5047E-11 5.7091E-11 5.9195E-11 6.1362E-11 6.3593E-11 6.5887E-11 6.8248E-11 7.0675E-11 7.3170E-11 7.5734E-11 7.8369E-11 8.1074E-11 8.3852E-11 8.6703E-11 8.9629E-11 9.2630E-11 9.5708E-11 9.8862E-11 1.0210E-10 1.0541E-10 1.0880E-10 1.1227E-10 1.1583E-10 1.1946E-10 1.2318E-10 1.2699E-10 1.3087E-10 1.3485E-10 1.3890E-10 1.4305E-10 1.4728E-10 1.5160E-10 1.5600E-10 1.6049E-10 1.6507E-10 1.6974E-10 1.7449E-10 1.7933E-10 1.8426E-10 1.8928E-10 1.9438E-10 1.9957E-10 2.0485E-10 2.1021E-10 2.1566E-10 2.2119E-10 2.2681E-10
3.7760E-11 3.9260E-11 4.0810E-11 4.2410E-11 4.4062E-11 4.5767E-11 4.7526E-11 4.9341E-11 5.1211E-11 5.3140E-11 5.5127E-11 5.7174E-11 5.9282E-11 6.1453E-11 6.3687E-11 6.5986E-11 6.8350E-11 7.0782E-11 7.3281E-11 7.5850E-11 7.8489E-11 8.1200E-11 8.3983E-11 8.6839E-11 8.9770E-11 9.2777E-11 9.5860E-11 9.9020E-11 1.0226E-10 1.0558E-10 1.0898E-10 1.1245E-10 1.1602E-10 1.1966E-10 1.2339E-10 1.2720E-10 1.3109E-10 1.3507E-10 1.3914E-10 1.4329E-10 1.4753E-10 1.5185E-10 1.5627E-10 1.6077E-10 1.6535E-10 1.7003E-10 1.7479E-10 1.7964E-10 1.8458E-10 1.8961E-10 1.9472E-10 1.9992E-10 2.0521E-10 2.1058E-10 2.1604E-10 2.2159E-10 2.2722E-10
3.7802E-11 3.9305E-11 4.0856E-11 4.2459E-11 4.4113E-11 4.5821E-11 4.7582E-11 4.9399E-11 5.1272E-11 5.3204E-11 5.5194E-11 5.7244E-11 5.9355E-11 6.1529E-11 6.3767E-11 6.6069E-11 6.8437E-11 7.0872E-11 7.3375E-11 7.5948E-11 7.8591E-11 8.1306E-11 8.4093E-11 8.6954E-11 8.9890E-11 9.2901E-11 9.5989E-11 9.9154E-11 1.0240E-10 1.0572E-10 1.0913E-10 1.1261E-10 1.1618E-10 1.1983E-10 1.2356E-10 1.2738E-10 1.3128E-10 1.3527E-10 1.3934E-10 1.4350E-10 1.4774E-10 1.5208E-10 1.5650E-10 1.6100E-10 1.6560E-10 1.7028E-10 1.7505E-10 1.7991E-10 1.8486E-10 1.8990E-10 1.9502E-10 2.0023E-10 2.0553E-10 2.1091E-10 2.1638E-10 2.2193E-10 2.2757E-10
3.7835E-11 3.9339E-11 4.0893E-11 4.2497E-11 4.4154E-11 4.5863E-11 4.7627E-11 4.9446E-11 5.1321E-11 5.3255E-11 5.5247E-11 5.7300E-11 5.9414E-11 6.1591E-11 6.3831E-11 6.6136E-11 6.8507E-11 7.0945E-11 7.3452E-11 7.6028E-11 7.8675E-11 8.1393E-11 8.4184E-11 8.7049E-11 8.9988E-11 9.3003E-11 9.6095E-11 9.9265E-11 1.0251E-10 1.0584E-10 1.0925E-10 1.1274E-10 1.1631E-10 1.1997E-10 1.2371E-10 1.2753E-10 1.3143E-10 1.3543E-10 1.3951E-10 1.4367E-10 1.4792E-10 1.5226E-10 1.5669E-10 1.6120E-10 1.6581E-10 1.7050E-10 1.7527E-10 1.8014E-10 1.8510E-10 1.9014E-10 1.9527E-10 2.0049E-10 2.0579E-10 2.1118E-10 2.1666E-10 2.2222E-10 2.2787E-10
3.7860E-11 3.9365E-11 4.0920E-11 4.2526E-11 4.4184E-11 4.5895E-11 4.7660E-11 4.9481E-11 5.1358E-11 5.3294E-11 5.5288E-11 5.7343E-11 5.9459E-11 6.1638E-11 6.3880E-11 6.6188E-11 6.8561E-11 7.1002E-11 7.3511E-11 7.6090E-11 7.8739E-11 8.1461E-11 8.4255E-11 8.7122E-11 9.0065E-11 9.3084E-11 9.6179E-11 9.9353E-11 1.0260E-10 1.0594E-10 1.0935E-10 1.1284E-10 1.1642E-10 1.2008E-10 1.2382E-10 1.2765E-10 1.3156E-10 1.3556E-10 1.3964E-10 1.4381E-10 1.4807E-10 1.5241E-10 1.5684E-10 1.6136E-10 1.6597E-10 1.7067E-10 1.7545E-10 1.8033E-10 1.8529E-10 1.9034E-10 1.9547E-10 2.0070E-10 2.0601E-10 2.1141E-10 2.1689E-10 2.2246E-10 2.2812E-10
3.7875E-11 3.9381E-11 4.0937E-11 4.2544E-11 4.4203E-11 4.5916E-11 4.7682E-11 4.9504E-11 5.1383E-11 5.3320E-11 5.5316E-11 5.7372E-11 5.9489E-11 6.1670E-11 6.3914E-11 6.6223E-11 6.8599E-11 7.1042E-11 7.3553E-11 7.6134E-11 7.8785E-11 8.1509E-11 8.4305E-11 8.7175E-11 9.0121E-11 9.3142E-11 9.6240E-11 9.9416E-11 1.0267E-10 1.0601E-10 1.0942E-10 1.1292E-10 1.1650E-10 1.2016E-10 1.2391E-10 1.2774E-10 1.3165E-10 1.3565E-10 1.3974E-10 1.4392E-10 1.4818E-10 1.5253E-10 1.5696E-10 1.6149E-10 1.6610E-10 1.7080E-10 1.7559E-10 1.8047E-10 1.8543E-10 1.9049E-10 1.9563E-10 2.0086E-10 2.0618E-10 2.1158E-10 2.1707E-10 2.2265E-10 2.2831E-10
3.7881E-11 3.9388E-11 4.0945E-11 4.2553E-11 4.4212E-11 4.5925E-11 4.7693E-11 4.9516E-11 5.1395E-11 5.3333E-11 5.5330E-11 5.7387E-11 5.9506E-11 6.1688E-11 6.3933E-11 6.6244E-11 6.8620E-11 7.1065E-11 7.3577E-11 7.6160E-11 7.8813E-11 8.1538E-11 8.4336E-11 8.7208E-11 9.0155E-11 9.3178E-11 9.6278E-11 9.9456E-11 1.0271E-10 1.0605E-10 1.0947E-10 1.1297E-10 1.1655E-10 1.2021E-10 1.2396E-10 1.2780E-10 1.3171E-10 1.3572E-10 1.3981E-10 1.4399E-10 1.4825E-10 1.5260E-10 1.5704E-10 1.6157E-10 1.6619E-10 1.7089E-10 1.7568E-10 1.8057E-10 1.8554E-10 1.9059E-10 1.9574E-10 2.0097E-10 2.0630E-10 2.1171E-10 2.1720E-10 2.2278E-10 2.2845E-10
3.7879E-11 3.9386E-11 4.0943E-11 4.2551E-11 4.4211E-11 4.5924E-11 4.7692E-11 4.9515E-11 5.1395E-11 5.3334E-11 5.5331E-11 5.7389E-11 5.9508E-11 6.1690E-11 6.3937E-11 6.6248E-11 6.8625E-11 7.1070E-11 7.3584E-11 7.6167E-11 7.8821E-11 8.1547E-11 8.4346E-11 8.7219E-11 9.0167E-11 9.3192E-11 9.6293E-11 9.9473E-11 1.0273E-10 1.0607E-10 1.0949E-10 1.1299E-10 1.1657E-10 1.2024E-10 1.2399E-10 1.2782E-10 1.3174E-10 1.3575E-10 1.3984E-10 1.4402E-10 1.4829E-10 1.5264E-10 1.5708E-10 1.6162E-10 1.6623E-10 1.7094E-10 1.7574E-10 1.8062E-10 1.8559E-10 1.9065E-10 1.9580E-10 2.0104E-10 2.0637E-10 2.1178E-10 2.1728E-10 2.2286E-10 2.2853E-10
3.7867E-11 3.9374E-11 4.0931E-11 4.2539E-11 4.4199E-11 4.5912E-11 4.7680E-11 4.9503E-11 5.1383E-11 5.3322E-11 5.5319E-11 5.7377E-11 5.9496E-11 6.1679E-11 6.3925E-11 6.6236E-11 6.8614E-11 7.1059E-11 7.3573E-11 7.6156E-11 7.8811E-11 8.1537E-11 8.4336E-11 8.7210E-11 9.0158E-11 9.3183E-11 9.6285E-11 9.9465E-11 1.0272E-10 1.0606E-10 1.0948E-10 1.1298E-10 1.1657E-10 1.2024E-10 1.2399E-10 1.2782E-10 1.3174E-10 1.3575E-10 1.3984E-10 1.4402E-10 1.4829E-10 1.5265E-10 1.5709E-10 1.6162E-10 1.6624E-10 1.7095E-10 1.7575E-10 1.8063E-10 1.8561E-10 1.9067E-10 1.9582E-10 2.0106E-10 2.0639E-10 2.1180E-10 2.1730E-10 2.2289E-10 2.2856E-10
3.7846E-11 3.9353E-11 4.0909E-11 4.2517E-11 4.4176E-11 4.5889E-11 4.7656E-11 4.9479E-11 5.1359E-11 5.3297E-11 5.5294E-11 5.7351E-11 5.9470E-11 6.1652E-11 6.3898E-11 6.6209E-11 6.8586E-11 7.1031E-11 7.3544E-11 7.6127E-11 7.8781E-11 8.1507E-11 8.4306E-11 8.7179E-11 9.0128E-11 9.3152E-11 9.6254E-11 9.9434E-11 1.0269E-10 1.0603E-10 1.0945E-10 1.1295E-10 1.1654E-10 1.2020E-10 1.2395E-10 1.2779E-10 1.3171E-10 1.3572E-10 1.3981E-10 1.4399E-10 1.4826E-10 1.5261E-10 1.5706E-10 1.6159E-10 1.6621E-10 1.7092E-10 1.7571E-10 1.8060E-10 1.8558E-10 1.9064E-10 1.9579E-10 2.0103E-10 2.0636E-10 2.1177E-10 2.1727E-10 2.2286E-10 2.2853E-10
3.7816E-11 3.9322E-11 4.0878E-11 4.2484E-11 4.4143E-11 4.5855E-11 4.7621E-11 4.9443E-11 5.1322E-11 5.3259E-11 5.5255E-11 5.7312E-11 5.9430E-11 6.1611E-11 6.3856E-11 6.6166E-11 6.8542E-11 7.0986E-11 7.3498E-11 7.6080E-11 7.8733E-11 8.1458E-11 8.4256E-11 8.7128E-11 9.0076E-11 9.3099E-11 9.6200E-11 9.9378E-11 1.0264E-10 1.0597E-10 1.0939E-10 1.1289E-10 1.1648E-10 1.2014E-10 1.2389E-10 1.2773E-10 1.3165E-10 1.3565E-10 1.3974E-10 1.4392E-10 1.4819E-10 1.5254E-10 1.5699E-10 1.6152E-10 1.6614E-10 1.7084E-10 1.7564E-10 1.8053E-10 1.8550E-10 1.9056E-10 1.9571E-10 2.0095E-10 2.0628E-10 2.1169E-10 2.1719E-10 2.2278E-10 2.2845E-10
3.7777E-11 3.9282E-11 4.0837E-11 4.2442E-11 4.4099E-11 4.5810E-11 4.7575E-11 4.9396E-11 5.1273E-11 5.3209E-11 5.5204E-11 5.7259E-11 5.9375E-11 6.1555E-11 6.3798E-11 6.6107E-11 6.8481E-11 7.0924E-11 7.3434E-11 7.6015E-11 7.8666E-11 8.1390E-11 8.4186E-11 8.7056E-11 9.0002E-11 9.3024E-11 9.6122E-11 9.9299E-11 1.0256E-10 1.0589E-10 1.0931E-10 1.1281E-10 1.1639E-10 1.2005E-10 1.2380E-10 1.2763E-10 1.3155E-10 1.3555E-10 1.3964E-10 1.4382E-10 1.4809E-10 1.5244E-10 1.5688E-10 1.6141E-10 1.6602E-10 1.7073E-10 1.7552E-10 1.8041E-10 1.8538E-10 1.9044E-10 1.9559E-10 2.0082E-10 2.0615E-10 2.1156E-10 2.1706E-10 2.2264E-10 2.2831E-10
3.7730E-11 3.9233E-11 4.0786E-11 4.2389E-11 4.4045E-11 4.5754E-11 4.7518E-11 4.9337E-11 5.1212E-11 5.3146E-11 5.5139E-11 5.7192E-11 5.9307E-11 6.1484E-11 6.3725E-11 6.6032E-11 6.8404E-11 7.0845E-11 7.3353E-11 7.5931E-11 7.8580E-11 8.1301E-11 8.4095E-11 8.6963E-11 8.9906E-11 9.2926E-11 9.6022E-11 9.9196E-11 1.0245E-10 1.0578E-10 1.0920E-10 1.1269E-10 1.1627E-10 1.1993E-10 1.2368E-10 1.2751E-10 1.3142E-10 1.3542E-10 1.3951E-10 1.4369E-10 1.4795E-10 1.5230E-10 1.5673E-10 1.6126E-10 1.6587E-10 1.7057E-10 1.7537E-10 1.8025E-10 1.8521E-10 1.9027E-10 1.9542E-10 2.0065E-10 2.0597E-10 2.1138E-10 2.1687E-10 2.2245E-10 2.2812E-10
3.7673E-11 3.9174E-11 4.0725E-11 4.2327E-11 4.3981E-11 4.5687E-11 4.7449E-11 4.9265E-11 5.1139E-11 5.3070E-11 5.5061E-11 5.7112E-11 5.9224E-11 6.1399E-11 6.3637E-11 6.5941E-11 6.8311E-11 7.0748E-11 7.3254E-11 7.5830E-11 7.8476E-11 8.1194E-11 8.3985E-11 8.6850E-11 8.9790E-11 9.2806E-11 9.5899E-11 9.9070E-11 1.0232E-10 1.0565E-10 1.0906E-10 1.1255E-10 1.1613E-10 1.1978E-10 1.2353E-10 1.2735E-10 1.3126E-10 1.3526E-10 1.3934E-10 1.4351E-10 1.4777E-10 1.5212E-10 1.5655E-10 1.6107E-10 1.6568E-10 1.7038E-10 1.7517E-10 1.8004E-10 1.8500E-10 1.9006E-10 1.9520E-10 2.0043E-10 2.0574E-10 2.1114E-10 2.1663E-10 2.2221E-10 2.2787E-10
3.7607E-11 3.9106E-11 4.0655E-11 4.2254E-11 4.3906E-11 4.5610E-11 4.7369E-11 4.9183E-11 5.1053E-11 5.2982E-11 5.4970E-11 5.7018E-11 5.9127E-11 6.1299E-11 6.3534E-11 6.5835E-11 6.8202E-11 7.0636E-11 7.3138E-11 7.5710E-11 7.8353E-11 8.1067E-11 8.3854E-11 8.6715E-11 8.9651E-11 9.2664E-11 9.5753E-11 9.8919E-11 1.0217E-10 1.0549E-10 1.0890E-10 1.1239E-10 1.1596E-10 1.1961E-10 1.2335E-10 1.2717E-10 1.3107E-10 1.3507E-10 1.3914E-10 1.4331E-10 1.4756E-10 1.5190E-10 1.5633E-10 1.6084E-10 1.6545E-10 1.7014E-10 1.7492E-10 1.7979E-10 1.8475E-10 1.8980E-10 1.9493E-10 2.0015E-10 2.0546E-10 2.1086E-10 2.1634E-10 2.2191E-10 2.2757E-10
3.7533E-11 3.9029E-11 4.0575E-11 4.2172E-11 4.3820E-11 4.5522E-11 4.7277E-11 4.9088E-11 5.0956E-11 5.2881E-11 5.4866E-11 5.6910E-11 5.9016E-11 6.1184E-11 6.3416E-11 6.5713E-11 6.8076E-11 7.0506E-11 7.3004E-11 7.5572E-11 7.8211E-11 8.0921E-11 8.3704E-11 8.6560E-11 8.9492E-11 9.2499E-11 9.5584E-11 9.8746E-11 1.0199E-10 1.0531E-10 1.0871E-10 1.1219E-10 1.1576E-10 1.1940E-10 1.2313E-10 1.2695E-10 1.3085E-10 1.3484E-10 1.3891E-10 1.4307E-10 1.4732E-10 1.5165E-10 1.5607E-10 1.6058E-10 1.6518E-10 1.6986E-10 1.7464E-10 1.7950E-10 1.8445E-10 1.8949E-10 1.9462E-10 1.9983E-10 2.0514E-10 2.1053E-10 2.1600E-10 2.2156E-10 2.2721E-10
3.7449E-11 3.8943E-11 4.0485E-11 4.2079E-11 4.3724E-11 4.5422E-11 4.7175E-11 4.8982E-11 5.0846E-11 5.2768E-11 5.4748E-11 5.6789E-11 5.8891E-11 6.1055E-11 6.3283E-11 6.5576E-11 6.7934E-11 7.0360E-11 7.2853E-11 7.5417E-11 7.8050E-11 8.0755E-11 8.3533E-11 8.6385E-11 8.9311E-11 9.2313E-11 9.5392E-11 9.8548E-11 1.0178E-10 1.0510E-10 1.0849E-10 1.1197E-10 1.1553E-10 1.1917E-10 1.2290E-10 1.2670E-10 1.3060E-10 1.3458E-10 1.3864E-10 1.4280E-10 1.4703E-10 1.5136E-10 1.5578E-10 1.6028E-10 1.6487E-10 1.6955E-10 1.7431E-10 1.7917E-10 1.8411E-10 1.8914E-10 1.9426E-10 1.9947E-10 2.0476E-10 2.1014E-10 2.1561E-10 2.2116E-10 2.2680E-10
3.7357E-11 3.8847E-11 4.0387E-11 4.1977E-11 4.3618E-11 4.5313E-11 4.7061E-11 4.8865E-11 5.0725E-11 5.2642E-11 5.4619E-11 5.6655E-11 5.8752E-11 6.0912E-11 6.3135E-11 6.5423E-11 6.7776E-11 7.0197E-11 7.2685E-11 7.5243E-11 7.7871E-11 8.0571E-11 8.3343E-11 8.6189E-11 8.9109E-11 9.2105E-11 9.5178E-11 9.8328E-11 1.0156E-10 1.0486E-10 1.0825E-10 1.1172E-10 1.1527E-10 1.1891E-10 1.2263E-10 1.2643E-10 1.3031E-10 1.3429E-10 1.3834E-10 1.4249E-10 1.4672E-10 1.5104E-10 1.5544E-10 1.5994E-10 1.6452E-10 1.6919E-10 1.7394E-10 1.7879E-10 1.8372E-10 1.8875E-10 1.9386E-10 1.9905E-10 2.0434E-10 2.0971E-10 2.1516E-10 2.2071E-10 2.2633E-10
3.7256E-11 3.8742E-11 4.0278E-11 4.1864E-11 4.3502E-11 4.5192E-11 4.6936E-11 4.8736E-11 5.0591E-11 5.2504E-11 5.4476E-11 5.6507E-11 5.8599E-11 6.0754E-11 6.2972E-11 6.5254E-11 6.7602E-11 7.0017E-11 7.2500E-11 7.5052E-11 7.7674E-11 8.0367E-11 8.3133E-11 8.5972E-11 8.8886E-11 9.1875E-11 9.4941E-11 9.8084E-11 1.0131E-10 1.0461E-10 1.0799E-10 1.1145E-10 1.1499E-10 1.1862E-10 1.2233E-10 1.2612E-10 1.3000E-10 1.3396E-10 1.3801E-10 1.4215E-10 1.4637E-10 1.5068E-10 1.5507E-10 1.5956E-10 1.6413E-10 1.6879E-10 1.7354E-10 1.7837E-10 1.8329E-10 1.8831E-10 1.9340E-10 1.9859E-10 2.0386E-10 2.0922E-10 2.1467E-10 2.2020E-10 2.2582E-10
