Assets/Resources/2015_m01_d22_1500(utc+0800)_l00_csi_1hr_conc.grd
DSAA
         159         159
     -79.000      79.000
     -79.000      79.000
  0.0000E+00  0.2313E-05
[rows 25 to 49 of 159, columns 0 to 56 of 159]
6.1251E-12 1.7874E-11 2.7481E-11 5.0925E-11 6.4902E-11 9.2969E-11 1.1479E-10 1.4758E-10 1.7800E-10 2.1968E-10 2.6107E-10 3.1440E-10 3.7045E-10 4.4121E-10 5.3198E-10 6.2032E-10 7.3682E-10 8.5301E-10 9.9325E-10 1.1425E-09 1.3219E-09 1.5204E-09 1.7565E-09 2.0256E-09 2.3327E-09 2.6863E-09 3.0903E-09 3.5527E-09 4.0758E-09 4.6670E-09 5.3275E-09 6.0753E-09 6.9044E-09 7.8302E-09 8.8497E-09 9.9708E-09 1.1192E-08 1.2510E-08 1.3921E-08 1.5415E-08 1.6981E-08 1.8605E-08 2.0265E-08 2.1941E-08 2.3606E-08 2.5234E-08 2.6795E-08 2.8263E-08 2.9607E-08 3.0805E-08 3.1827E-08 3.2658E-08 3.3279E-08 3.3680E-08 3.3862E-08 3.3818E-08 3.3571E-08
5.6767E-12 1.0668E-11 2.4363E-11 4.8059E-11 6.2759E-11 8.9157E-11 1.0917E-10 1.4342E-10 1.7284E-10 2.1306E-10 2.5392E-10 3.0775E-10 3.5888E-10 4.3058E-10 5.0414E-10 5.9979E-10 7.1287E-10 8.2741E-10 9.6263E-10 1.1067E-09 1.2790E-09 1.4701E-09 1.6980E-09 1.9519E-09 2.2520E-09 2.5934E-09 2.9829E-09 3.4307E-09 3.9381E-09 4.5123E-09 5.1576E-09 5.8891E-09 6.6994E-09 7.6101E-09 8.6165E-09 9.7255E-09 1.0936E-08 1.2248E-08 1.3656E-08 1.5150E-08 1.6721E-08 1.8352E-08 2.0025E-08 2.1716E-08 2.3400E-08 2.5047E-08 2.6631E-08 2.8118E-08 2.9483E-08 3.0695E-08 3.1735E-08 3.2574E-08 3.3204E-08 3.3605E-08 3.3783E-08 3.3731E-08 3.3465E-08
4.6659E-12 8.4563E-12 2.2904E-11 4.2392E-11 5.8714E-11 8.5102E-11 1.0582E-10 1.3829E-10 1.6466E-10 2.0698E-10 2.4581E-10 2.9915E-10 3.4934E-10 4.1937E-10 4.8793E-10 5.7883E-10 6.7587E-10 7.9778E-10 9.2757E-10 1.0684E-09 1.2329E-09 1.4161E-09 1.6343E-09 1.8772E-09 2.1650E-09 2.4876E-09 2.8655E-09 3.2966E-09 3.7837E-09 4.3394E-09 4.9652E-09 5.6740E-09 6.4634E-09 7.3547E-09 8.3404E-09 9.4304E-09 1.0624E-08 1.1924E-08 1.3319E-08 1.4807E-08 1.6374E-08 1.8007E-08 1.9684E-08 2.1384E-08 2.3080E-08 2.4742E-08 2.6341E-08 2.7845E-08 2.9225E-08 3.0452E-08 3.1501E-08 3.2349E-08 3.2980E-08 3.3383E-08 3.3552E-08 3.3494E-08 3.3214E-08
4.5654E-12 7.6957E-12 2.1236E-11 3.0567E-11 5.6180E-11 8.0619E-11 1.0034E-10 1.3286E-10 1.5978E-10 1.9940E-10 2.3551E-10 2.8649E-10 3.3807E-10 4.0726E-10 4.7319E-10 5.6048E-10 6.4703E-10 7.6568E-10 8.8657E-10 1.0267E-09 1.1826E-09 1.3589E-09 1.5667E-09 1.7975E-09 2.0727E-09 2.3799E-09 2.7401E-09 3.1472E-09 3.6177E-09 4.1511E-09 4.7516E-09 5.4359E-09 6.2012E-09 7.0661E-09 8.0248E-09 9.0904E-09 1.0261E-08 1.1538E-08 1.2916E-08 1.4390E-08 1.5946E-08 1.7572E-08 1.9247E-08 2.0949E-08 2.2650E-08 2.4320E-08 2.5929E-08 2.7446E-08 2.8836E-08 3.0074E-08 3.1129E-08 3.1982E-08 3.2612E-08 3.3014E-08 3.3177E-08 3.3112E-08 3.2817E-08
2.5640E-12 7.5251E-12 1.9656E-11 2.8044E-11 5.2942E-11 6.7092E-11 9.6022E-11 1.2690E-10 1.5265E-10 1.9355E-10 2.2841E-10 2.7649E-10 3.2576E-10 3.9096E-10 4.5651E-10 5.4296E-10 6.2744E-10 7.3187E-10 8.4471E-10 9.8183E-10 1.1250E-09 1.2980E-09 1.4946E-09 1.7149E-09 1.9749E-09 2.2662E-09 2.6091E-09 2.9949E-09 3.4418E-09 3.9498E-09 4.5231E-09 5.1798E-09 5.9151E-09 6.7470E-09 7.6758E-09 8.7113E-09 9.8518E-09 1.1100E-08 1.2453E-08 1.3903E-08 1.5442E-08 1.7055E-08 1.8721E-08 2.0417E-08 2.2116E-08 2.3790E-08 2.5405E-08 2.6928E-08 2.8326E-08 2.9571E-08 3.0631E-08 3.1486E-08 3.2115E-08 3.2510E-08 3.2668E-08 3.2589E-08 3.2287E-08
1.5447E-12 5.6806E-12 1.6907E-11 2.6929E-11 5.0065E-11 6.3401E-11 9.1222E-11 1.1233E-10 1.4635E-10 1.8452E-10 2.1934E-10 2.6818E-10 3.1569E-10 3.7348E-10 4.3870E-10 5.2043E-10 6.0249E-10 7.0626E-10 8.0856E-10 9.3332E-10 1.0678E-09 1.2345E-09 1.4152E-09 1.6289E-09 1.8726E-09 2.1493E-09 2.4723E-09 2.8365E-09 3.2594E-09 3.7397E-09 4.2845E-09 4.9098E-09 5.6101E-09 6.4076E-09 7.3014E-09 8.2979E-09 9.4028E-09 1.0617E-08 1.1936E-08 1.3356E-08 1.4870E-08 1.6459E-08 1.8107E-08 1.9791E-08 2.1483E-08 2.3152E-08 2.4765E-08 2.6289E-08 2.7691E-08 2.8937E-08 3.0000E-08 3.0854E-08 3.1482E-08 3.1873E-08 3.2023E-08 3.1931E-08 3.1620E-08
9.3640E-13 4.6449E-12 9.1516E-12 2.2945E-11 4.3437E-11 6.1128E-11 8.6792E-11 1.0601E-10 1.3981E-10 1.6788E-10 2.0921E-10 2.5653E-10 2.9970E-10 3.6162E-10 4.2450E-10 4.9724E-10 5.7747E-10 6.7674E-10 7.7548E-10 8.9032E-10 1.0146E-09 1.1669E-09 1.3367E-09 1.5406E-09 1.7641E-09 2.0288E-09 2.3314E-09 2.6751E-09 3.0714E-09 3.5251E-09 4.0394E-09 4.6297E-09 5.2938E-09 6.0534E-09 6.9058E-09 7.8606E-09 8.9251E-09 1.0098E-08 1.1378E-08 1.2761E-08 1.4240E-08 1.5801E-08 1.7425E-08 1.9088E-08 2.0762E-08 2.2418E-08 2.4026E-08 2.5546E-08 2.6947E-08 2.8192E-08 2.9254E-08 3.0106E-08 3.0731E-08 3.1113E-08 3.1253E-08 3.1157E-08 3.0830E-08
9.1283E-13 3.2072E-12 7.6388E-12 2.1012E-11 3.0938E-11 5.5603E-11 8.0743E-11 1.0191E-10 1.3358E-10 1.5939E-10 2.0006E-10 2.3701E-10 2.8658E-10 3.4774E-10 4.0416E-10 4.7856E-10 5.5743E-10 6.4350E-10 7.4234E-10 8.5097E-10 9.6375E-10 1.1029E-09 1.2609E-09 1.4487E-09 1.6576E-09 1.9073E-09 2.1855E-09 2.5110E-09 2.8807E-09 3.3083E-09 3.7921E-09 4.3456E-09 4.9721E-09 5.6910E-09 6.4993E-09 7.4103E-09 8.4284E-09 9.5536E-09 1.0790E-08 1.2132E-08 1.3569E-08 1.5093E-08 1.6683E-08 1.8317E-08 1.9971E-08 2.1612E-08 2.3205E-08 2.4716E-08 2.6109E-08 2.7350E-08 2.8409E-08 2.9258E-08 2.9876E-08 3.0255E-08 3.0386E-08 3.0277E-08 2.9941E-08
0.0000E+00 1.5564E-12 6.0715E-12 1.7833E-11 2.7374E-11 5.1734E-11 6.6586E-11 9.4127E-11 1.2602E-10 1.5265E-10 1.9090E-10 2.2570E-10 2.7498E-10 3.2491E-10 3.8290E-10 4.5978E-10 5.2865E-10 6.1686E-10 7.1313E-10 8.0629E-10 9.2240E-10 1.0444E-09 1.1864E-09 1.3602E-09 1.5548E-09 1.7845E-09 2.0470E-09 2.3472E-09 2.6922E-09 3.0908E-09 3.5428E-09 4.0650E-09 4.6527E-09 5.3262E-09 6.0905E-09 6.9549E-09 7.9233E-09 9.0003E-09 1.0187E-08 1.1480E-08 1.2871E-08 1.4353E-08 1.5904E-08 1.7507E-08 1.9131E-08 2.0746E-08 2.2319E-08 2.3816E-08 2.5200E-08 2.6434E-08 2.7486E-08 2.8328E-08 2.8943E-08 2.9312E-08 2.9434E-08 2.9319E-08 2.8971E-08
0.0000E+00 9.4029E-13 4.6697E-12 9.2214E-12 2.3826E-11 4.3353E-11 6.1581E-11 8.8416E-11 1.0910E-10 1.4247E-10 1.8097E-10 2.1520E-10 2.6307E-10 3.0519E-10 3.6706E-10 4.3217E-10 5.0103E-10 5.9110E-10 6.7478E-10 7.7134E-10 8.8155E-10 9.8725E-10 1.1238E-09 1.2765E-09 1.4522E-09 1.6657E-09 1.9049E-09 2.1863E-09 2.5103E-09 2.8759E-09 3.2976E-09 3.7864E-09 4.3392E-09 4.9703E-09 5.6879E-09 6.5017E-09 7.4209E-09 8.4470E-09 9.5812E-09 1.0821E-08 1.2164E-08 1.3598E-08 1.5106E-08 1.6667E-08 1.8258E-08 1.9847E-08 2.1401E-08 2.2881E-08 2.4248E-08 2.5472E-08 2.6516E-08 2.7354E-08 2.7959E-08 2.8321E-08 2.8439E-08 2.8309E-08 2.7950E-08
0.0000E+00 9.1369E-13 2.5962E-12 7.6616E-12 2.0996E-11 3.0884E-11 5.5855E-11 8.0646E-11 1.0186E-10 1.3466E-10 1.6115E-10 2.0174E-10 2.4920E-10 2.9125E-10 3.5073E-10 4.0317E-10 4.7985E-10 5.5651E-10 6.3876E-10 7.3332E-10 8.3221E-10 9.4142E-10 1.0668E-09 1.1972E-09 1.3639E-09 1.5538E-09 1.7705E-09 2.0335E-09 2.3264E-09 2.6677E-09 3.0623E-09 3.5139E-09 4.0314E-09 4.6265E-09 5.2978E-09 6.0633E-09 6.9313E-09 7.9047E-09 8.9833E-09 1.0173E-08 1.1464E-08 1.2845E-08 1.4307E-08 1.5829E-08 1.7383E-08 1.8942E-08 2.0467E-08 2.1924E-08 2.3278E-08 2.4490E-08 2.5526E-08 2.6353E-08 2.6950E-08 2.7306E-08 2.7409E-08 2.7268E-08 2.6900E-08
0.0000E+00 0.0000E+00 1.5511E-12 6.0582E-12 1.1607E-11 2.7154E-11 4.8843E-11 6.6034E-11 9.3549E-11 1.2618E-10 1.5154E-10 1.9070E-10 2.2595E-10 2.7454E-10 3.2877E-10 3.8442E-10 4.5836E-10 5.2051E-10 6.0776E-10 6.9713E-10 7.8627E-10 8.9068E-10 9.9903E-10 1.1335E-09 1.2846E-09 1.4469E-09 1.6506E-09 1.8881E-09 2.1525E-09 2.4723E-09 2.8343E-09 3.2517E-09 3.7364E-09 4.2923E-09 4.9248E-09 5.6448E-09 6.4615E-09 7.3826E-09 8.4106E-09 9.5453E-09 1.0780E-08 1.2115E-08 1.3531E-08 1.5011E-08 1.6526E-08 1.8048E-08 1.9549E-08 2.0989E-08 2.2326E-08 2.3523E-08 2.4546E-08 2.5365E-08 2.5956E-08 2.6299E-08 2.6390E-08 2.6239E-08 2.5852E-08
0.0000E+00 0.0000E+00 9.3418E-13 4.6390E-12 9.1794E-12 2.3392E-11 3.5341E-11 6.0429E-11 8.6943E-11 1.0728E-10 1.4085E-10 1.7954E-10 2.1268E-10 2.5972E-10 3.0247E-10 3.6268E-10 4.2738E-10 4.9597E-10 5.7812E-10 6.5165E-10 7.4333E-10 8.4379E-10 9.4274E-10 1.0658E-09 1.1982E-09 1.3625E-09 1.5433E-09 1.7455E-09 2.0002E-09 2.2921E-09 2.6201E-09 3.0069E-09 3.4535E-09 3.9710E-09 4.5699E-09 5.2492E-09 6.0163E-09 6.8899E-09 7.8669E-09 8.9489E-09 1.0136E-08 1.1422E-08 1.2792E-08 1.4227E-08 1.5705E-08 1.7202E-08 1.8676E-08 2.0094E-08 2.1417E-08 2.2605E-08 2.3622E-08 2.4432E-08 2.5013E-08 2.5346E-08 2.5425E-08 2.5252E-08 2.4849E-08
0.0000E+00 0.0000E+00 5.5311E-13 1.9301E-12 7.5929E-12 2.0324E-11 2.9094E-11 5.1907E-11 7.2798E-11 9.9105E-11 1.3164E-10 1.5748E-10 1.9876E-10 2.4509E-10 2.8520E-10 3.3897E-10 3.9466E-10 4.6782E-10 5.4110E-10 6.1850E-10 7.0182E-10 7.8746E-10 8.8907E-10 1.0019E-09 1.1230E-09 1.2751E-09 1.4360E-09 1.6352E-09 1.8528E-09 2.1137E-09 2.4253E-09 2.7809E-09 3.1935E-09 3.6717E-09 4.2304E-09 4.8694E-09 5.6040E-09 6.4306E-09 7.3579E-09 8.3925E-09 9.5367E-09 1.0775E-08 1.2100E-08 1.3498E-08 1.4948E-08 1.6416E-08 1.7867E-08 1.9273E-08 2.0591E-08 2.1773E-08 2.2783E-08 2.3589E-08 2.4162E-08 2.4483E-08 2.4546E-08 2.4358E-08 2.3927E-08
0.0000E+00 0.0000E+00 0.0000E+00 9.5005E-13 5.2825E-12 1.0817E-11 2.6240E-11 4.4662E-11 6.2854E-11 9.0379E-11 1.1482E-10 1.4670E-10 1.8520E-10 2.1951E-10 2.6911E-10 3.2085E-10 3.6802E-10 4.3495E-10 5.0286E-10 5.7903E-10 6.5715E-10 7.4166E-10 8.3449E-10 9.3152E-10 1.0503E-09 1.1914E-09 1.3400E-09 1.5260E-09 1.7212E-09 1.9633E-09 2.2373E-09 2.5689E-09 2.9547E-09 3.4006E-09 3.9174E-09 4.5139E-09 5.2121E-09 5.9979E-09 6.8900E-09 7.8830E-09 8.9784E-09 1.0178E-08 1.1468E-08 1.2836E-08 1.4258E-08 1.5705E-08 1.7152E-08 1.8554E-08 1.9863E-08 2.1047E-08 2.2062E-08 2.2867E-08 2.3435E-08 2.3745E-08 2.3790E-08 2.3573E-08 2.3113E-08
0.0000E+00 0.0000E+00 0.0000E+00 9.1828E-13 3.9395E-12 8.4398E-12 2.1198E-11 3.2221E-11 5.5303E-11 8.1074E-11 1.0167E-10 1.3542E-10 1.6582E-10 2.0427E-10 2.4969E-10 2.9146E-10 3.4674E-10 4.1092E-10 4.6592E-10 5.4267E-10 6.1814E-10 6.9431E-10 7.7700E-10 8.7162E-10 9.7804E-10 1.1006E-09 1.2473E-09 1.4205E-09 1.6011E-09 1.8272E-09 2.0731E-09 2.3780E-09 2.7259E-09 3.1453E-09 3.6291E-09 4.1926E-09 4.8451E-09 5.5966E-09 6.4548E-09 7.4070E-09 8.4680E-09 9.6348E-09 1.0897E-08 1.2241E-08 1.3642E-08 1.5088E-08 1.6535E-08 1.7936E-08 1.9264E-08 2.0464E-08 2.1488E-08 2.2305E-08 2.2875E-08 2.3180E-08 2.3209E-08 2.2966E-08 2.2471E-08
0.0000E+00 0.0000E+00 0.0000E+00 0.0000E+00 1.5467E-12 7.4349E-12 1.2977E-11 2.7231E-11 4.5598E-11 6.6317E-11 9.4058E-11 1.2296E-10 1.4867E-10 1.9082E-10 2.2618E-10 2.7109E-10 3.2282E-10 3.7197E-10 4.3817E-10 5.1106E-10 5.7348E-10 6.4838E-10 7.3053E-10 8.1121E-10 9.0617E-10 1.0230E-09 1.1556E-09 1.3096E-09 1.4868E-09 1.6959E-09 1.9241E-09 2.2023E-09 2.5235E-09 2.9095E-09 3.3562E-09 3.8908E-09 4.5040E-09 5.2197E-09 6.0416E-09 6.9687E-09 7.9999E-09 9.1400E-09 1.0380E-08 1.1706E-08 1.3112E-08 1.4558E-08 1.6013E-08 1.7443E-08 1.8796E-08 2.0019E-08 2.1077E-08 2.1914E-08 2.2499E-08 2.2803E-08 2.2815E-08 2.2543E-08 2.2003E-08
0.0000E+00 0.0000E+00 0.0000E+00 0.0000E+00 9.2694E-13 4.5960E-12 9.1220E-12 1.8135E-11 3.4456E-11 5.6035E-11 8.1734E-11 1.0477E-10 1.3816E-10 1.7206E-10 2.0508E-10 2.5346E-10 2.9512E-10 3.4598E-10 4.0543E-10 4.6403E-10 5.3856E-10 6.0563E-10 6.7696E-10 7.5644E-10 8.4495E-10 9.4303E-10 1.0627E-09 1.2114E-09 1.3738E-09 1.5602E-09 1.7789E-09 2.0394E-09 2.3352E-09 2.6930E-09 3.1105E-09 3.6073E-09 4.1882E-09 4.8662E-09 5.6505E-09 6.5529E-09 7.5662E-09 8.6840E-09 9.9093E-09 1.1240E-08 1.2645E-08 1.4108E-08 1.5597E-08 1.7061E-08 1.8458E-08 1.9736E-08 2.0834E-08 2.1711E-08 2.2322E-08 2.2638E-08 2.2643E-08 2.2343E-08 2.1755E-08
0.0000E+00 0.0000E+00 0.0000E+00 0.0000E+00 0.0000E+00 1.9023E-12 7.4901E-12 1.4521E-11 2.7701E-11 4.2422E-11 6.7861E-11 9.3924E-11 1.2217E-10 1.5051E-10 1.9050E-10 2.3044E-10 2.6936E-10 3.2294E-10 3.7184E-10 4.3225E-10 4.9569E-10 5.6231E-10 6.3350E-10 7.0431E-10 7.8148E-10 8.7738E-10 9.8280E-10 1.1089E-09 1.2543E-09 1.4359E-09 1.6339E-09 1.8801E-09 2.1593E-09 2.4898E-09 2.8774E-09 3.3460E-09 3.8926E-09 4.5392E-09 5.2890E-09 6.1522E-09 7.1440E-09 8.2539E-09 9.4875E-09 1.0814E-08 1.2241E-08 1.3739E-08 1.5263E-08 1.6787E-08 1.8252E-08 1.9594E-08 2.0763E-08 2.1702E-08 2.2356E-08 2.2699E-08 2.2710E-08 2.2384E-08 2.1747E-08
0.0000E+00 0.0000E+00 0.0000E+00 0.0000E+00 0.0000E+00 9.3071E-13 4.6110E-12 9.8437E-12 1.8229E-11 3.5089E-11 5.3992E-11 7.7661E-11 1.0345E-10 1.3527E-10 1.6384E-10 2.0483E-10 2.5032E-10 2.9603E-10 3.4012E-10 4.0011E-10 4.5490E-10 5.2086E-10 5.8380E-10 6.5416E-10 7.2855E-10 8.1325E-10 9.0481E-10 1.0259E-09 1.1572E-09 1.3135E-09 1.4969E-09 1.7270E-09 1.9784E-09 2.2957E-09 2.6604E-09 3.0986E-09 3.6144E-09 4.2299E-09 4.9493E-09 5.7884E-09 6.7487E-09 7.8429E-09 9.0700E-09 1.0425E-08 1.1883E-08 1.3417E-08 1.5008E-08 1.6606E-08 1.8146E-08 1.9584E-08 2.0849E-08 2.1866E-08 2.2595E-08 2.2985E-08 2.3008E-08 2.2673E-08 2.1991E-08
0.0000E+00 0.0000E+00 0.0000E+00 0.0000E+00 0.0000E+00 0.0000E+00 1.9046E-12 7.5005E-12 1.4544E-11 2.7191E-11 4.1428E-11 6.4618E-11 9.0265E-11 1.1622E-10 1.4721E-10 1.8525E-10 2.1913E-10 2.6551E-10 3.1551E-10 3.6155E-10 4.1674E-10 4.8143E-10 5.4118E-10 6.0212E-10 6.7106E-10 7.5266E-10 8.3933E-10 9.4700E-10 1.0605E-09 1.2083E-09 1.3734E-09 1.5748E-09 1.8149E-09 2.1119E-09 2.4486E-09 2.8649E-09 3.3521E-09 3.9360E-09 4.6237E-09 5.4369E-09 6.3802E-09 7.4585E-09 8.6772E-09 1.0044E-08 1.1537E-08 1.3133E-08 1.4795E-08 1.6474E-08 1.8127E-08 1.9680E-08 2.1053E-08 2.2190E-08 2.3018E-08 2.3474E-08 2.3547E-08 2.3212E-08 2.2489E-08
0.0000E+00 0.0000E+00 0.0000E+00 0.0000E+00 0.0000E+00 0.0000E+00 9.2954E-13 3.9799E-12 9.8309E-12 1.8210E-11 3.3078E-11 5.1463E-11 7.4750E-11 1.0112E-10 1.3014E-10 1.6162E-10 1.9828E-10 2.4124E-10 2.8020E-10 3.3145E-10 3.8678E-10 4.3494E-10 4.9664E-10 5.5652E-10 6.2050E-10 6.9256E-10 7.7034E-10 8.7291E-10 9.7582E-10 1.1080E-09 1.2553E-09 1.4441E-09 1.6600E-09 1.9274E-09 2.2428E-09 2.6350E-09 3.0948E-09 3.6573E-09 4.3167E-09 5.0986E-09 6.0170E-09 7.0806E-09 8.3015E-09 9.6731E-09 1.1195E-08 1.2848E-08 1.4587E-08 1.6373E-08 1.8147E-08 1.9826E-08 2.1351E-08 2.2631E-08 2.3579E-08 2.4155E-08 2.4292E-08 2.3980E-08 2.3245E-08
0.0000E+00 0.0000E+00 0.0000E+00 0.0000E+00 0.0000E+00 0.0000E+00 0.0000E+00 1.3110E-12 7.4660E-12 1.3038E-11 2.1579E-11 3.9582E-11 5.9004E-11 7.9789E-11 1.0976E-10 1.4201E-10 1.7668E-10 2.1142E-10 2.5458E-10 3.0266E-10 3.4581E-10 4.0143E-10 4.5795E-10 5.1166E-10 5.6825E-10 6.3878E-10 7.0699E-10 7.9978E-10 8.9656E-10 1.0221E-09 1.1527E-09 1.3218E-09 1.5177E-09 1.7657E-09 2.0468E-09 2.4164E-09 2.8403E-09 3.3734E-09 4.0037E-09 4.7671E-09 5.6651E-09 6.7136E-09 7.9202E-09 9.2987E-09 1.0844E-08 1.2545E-08 1.4366E-08 1.6254E-08 1.8156E-08 1.9998E-08 2.1686E-08 2.3134E-08 2.4257E-08 2.4961E-08 2.5205E-08 2.4965E-08 2.4235E-08
0.0000E+00 0.0000E+00 0.0000E+00 0.0000E+00 0.0000E+00 0.0000E+00 0.0000E+00 9.2343E-13 1.9631E-12 8.8143E-12 1.8077E-11 2.5873E-11 4.4282E-11 6.8312E-11 9.3651E-11 1.1551E-10 1.5242E-10 1.8828E-10 2.2817E-10 2.6754E-10 3.1474E-10 3.6776E-10 4.1218E-10 4.6836E-10 5.2265E-10 5.8351E-10 6.5061E-10 7.3230E-10 8.1853E-10 9.3220E-10 1.0545E-09 1.2152E-09 1.3876E-09 1.6124E-09 1.8773E-09 2.2125E-09 2.6027E-09 3.1037E-09 3.6886E-09 4.4195E-09 5.2854E-09 6.3254E-09 7.5328E-09 8.9119E-09 1.0470E-08 1.2209E-08 1.4091E-08 1.6090E-08 1.8132E-08 2.0128E-08 2.2006E-08 2.3656E-08 2.4960E-08 2.5854E-08 2.6252E-08 2.6102E-08 2.5432E-08
0.0000E+00 0.0000E+00 0.0000E+00 0.0000E+00 0.0000E+00 0.0000E+00 0.0000E+00 0.0000E+00 9.5417E-13 5.9933E-12 1.0887E-11 2.0074E-11 3.7400E-11 4.9116E-11 7.2727E-11 1.0250E-10 1.3090E-10 1.5797E-10 1.9961E-10 2.3874E-10 2.8408E-10 3.2656E-10 3.7749E-10 4.3048E-10 4.7765E-10 5.3515E-10 5.9447E-10 6.7107E-10 7.4774E-10 8.5016E-10 9.6045E-10 1.1037E-09 1.2636E-09 1.4724E-09 1.7049E-09 2.0202E-09 2.3846E-09 2.8463E-09 3.3942E-09 4.0901E-09 4.9107E-09 5.9127E-09 7.0898E-09 8.4678E-09 1.0047E-08 1.1817E-08 1.3761E-08 1.5844E-08 1.8005E-08 2.0180E-08 2.2256E-08 2.4106E-08 2.5650E-08 2.6758E-08 2.7337E-08 2.7356E-08 2.6791E-08
