Assets/Resources/2015_m01_d02_1700(utc+0800)_l00_csi_1hr_conc.grd
DSAA
         159         159
     -79.000      79.000
     -79.000      79.000
  0.0000E+00  0.2256E-05
[rows 25 to 49 of 159, columns 0 to 56 of 159]
1.1411E-11 1.8858E-11 3.0459E-11 4.4724E-11 6.3051E-11 8.4493E-11 1.0992E-10 1.4125E-10 1.7798E-10 2.1875E-10 2.6514E-10 3.1704E-10 3.7558E-10 4.4609E-10 5.2547E-10 6.1512E-10 7.1768E-10 8.3273E-10 9.6080E-10 1.1030E-09 1.2645E-09 1.4382E-09 1.6369E-09 1.8490E-09 2.0819E-09 2.3357E-09 2.6022E-09 2.8890E-09 3.1813E-09 3.4899E-09 3.8042E-09 4.1243E-09 4.4466E-09 4.7692E-09 5.0888E-09 5.4014E-09 5.7028E-09 5.9893E-09 6.2571E-09 6.5028E-09 6.7234E-09 6.9158E-09 7.0773E-09 7.2054E-09 7.2984E-09 7.3548E-09 7.3739E-09 7.3553E-09 7.2996E-09 7.2077E-09 7.0809E-09 6.9210E-09 6.7275E-09 6.5039E-09 6.2591E-09 5.9983E-09 5.7215E-09
9.4471E-12 1.6373E-11 2.7514E-11 4.2028E-11 5.8791E-11 7.9937E-11 1.0402E-10 1.3456E-10 1.7094E-10 2.1167E-10 2.5774E-10 3.0931E-10 3.6873E-10 4.3671E-10 5.1673E-10 6.0653E-10 7.0825E-10 8.2351E-10 9.5168E-10 1.0939E-09 1.2574E-09 1.4356E-09 1.6331E-09 1.8573E-09 2.0957E-09 2.3570E-09 2.6347E-09 2.9212E-09 3.2266E-09 3.5378E-09 3.8574E-09 4.1839E-09 4.5141E-09 4.8447E-09 5.1720E-09 5.4921E-09 5.8008E-09 6.0938E-09 6.3673E-09 6.6175E-09 6.8410E-09 7.0350E-09 7.1968E-09 7.3239E-09 7.4145E-09 7.4671E-09 7.4812E-09 7.4565E-09 7.3935E-09 7.2933E-09 7.1572E-09 6.9880E-09 6.7882E-09 6.5601E-09 6.2982E-09 6.0243E-09 5.7344E-09
7.3514E-12 1.4449E-11 2.4530E-11 3.8515E-11 5.4179E-11 7.4979E-11 9.8977E-11 1.2732E-10 1.6393E-10 2.0404E-10 2.5117E-10 3.0049E-10 3.5999E-10 4.2757E-10 5.0645E-10 5.9593E-10 6.9664E-10 8.1239E-10 9.3955E-10 1.0832E-09 1.2504E-09 1.4320E-09 1.6364E-09 1.8698E-09 2.1081E-09 2.3796E-09 2.6626E-09 2.9585E-09 3.2641E-09 3.5820E-09 3.9099E-09 4.2449E-09 4.5838E-09 4.9230E-09 5.2586E-09 5.5866E-09 5.9027E-09 6.2026E-09 6.4820E-09 6.7370E-09 6.9638E-09 7.1596E-09 7.3215E-09 7.4473E-09 7.5351E-09 7.5835E-09 7.5920E-09 7.5605E-09 7.4895E-09 7.3800E-09 7.2343E-09 7.0546E-09 6.8439E-09 6.6056E-09 6.3415E-09 6.0494E-09 5.7494E-09
6.3376E-12 1.2473E-11 2.1060E-11 3.4578E-11 4.9967E-11 6.9420E-11 9.2984E-11 1.2064E-10 1.5520E-10 1.9681E-10 2.4166E-10 2.9352E-10 3.4942E-10 4.1777E-10 4.9441E-10 5.8350E-10 6.8443E-10 7.9814E-10 9.2648E-10 1.0686E-09 1.2382E-09 1.4316E-09 1.6384E-09 1.8725E-09 2.1297E-09 2.4029E-09 2.6894E-09 2.9880E-09 3.3016E-09 3.6286E-09 3.9654E-09 4.3096E-09 4.6578E-09 5.0062E-09 5.3507E-09 5.6871E-09 6.0110E-09 6.3179E-09 6.6034E-09 6.8632E-09 7.0936E-09 7.2912E-09 7.4531E-09 7.5773E-09 7.6618E-09 7.7055E-09 7.7078E-09 7.6686E-09 7.5884E-09 7.4690E-09 7.3125E-09 7.1215E-09 6.8993E-09 6.6492E-09 6.3751E-09 6.0770E-09 5.7570E-09
4.3899E-12 1.0302E-11 1.7959E-11 3.1232E-11 4.6212E-11 6.4097E-11 8.6512E-11 1.1456E-10 1.4617E-10 1.8670E-10 2.3165E-10 2.8301E-10 3.3993E-10 4.0571E-10 4.8317E-10 5.6991E-10 6.7068E-10 7.8243E-10 9.1074E-10 1.0628E-09 1.2293E-09 1.4296E-09 1.6415E-09 1.8768E-09 2.1479E-09 2.4230E-09 2.7112E-09 3.0172E-09 3.3391E-09 3.6748E-09 4.0208E-09 4.3745E-09 4.7324E-09 5.0903E-09 5.4441E-09 5.7891E-09 6.1209E-09 6.4347E-09 6.7261E-09 6.9906E-09 7.2242E-09 7.4235E-09 7.5854E-09 7.7076E-09 7.7885E-09 7.8270E-09 7.8225E-09 7.7748E-09 7.6850E-09 7.5552E-09 7.3873E-09 7.1845E-09 6.9502E-09 6.6879E-09 6.4022E-09 6.0969E-09 5.7563E-09
2.7341E-12 8.1966E-12 1.5859E-11 2.6906E-11 4.1728E-11 5.9121E-11 8.0241E-11 1.0664E-10 1.3803E-10 1.7595E-10 2.2244E-10 2.7202E-10 3.2949E-10 3.9326E-10 4.6967E-10 5.5730E-10 6.5443E-10 7.6759E-10 8.9291E-10 1.0523E-09 1.2291E-09 1.4242E-09 1.6476E-09 1.8895E-09 2.1620E-09 2.4387E-09 2.7349E-09 3.0502E-09 3.3813E-09 3.7264E-09 4.0836E-09 4.4486E-09 4.8181E-09 5.1868E-09 5.5509E-09 5.9057E-09 6.2463E-09 6.5678E-09 6.8655E-09 7.1349E-09 7.3719E-09 7.5727E-09 7.7344E-09 7.8546E-09 7.9316E-09 7.9642E-09 7.9519E-09 7.8947E-09 7.7945E-09 7.6527E-09 7.4724E-09 7.2565E-09 7.0087E-09 6.7333E-09 6.4345E-09 6.1166E-09 5.7821E-09
1.6086E-12 6.1577E-12 1.2951E-11 2.3802E-11 3.6945E-11 5.4525E-11 7.3793E-11 9.9029E-11 1.3082E-10 1.6568E-10 2.1053E-10 2.6187E-10 3.1720E-10 3.8302E-10 4.5589E-10 5.4116E-10 6.3976E-10 7.4952E-10 8.8623E-10 1.0452E-09 1.2219E-09 1.4265E-09 1.6563E-09 1.9047E-09 2.1732E-09 2.4570E-09 2.7619E-09 3.0851E-09 3.4263E-09 3.7822E-09 4.1510E-09 4.5265E-09 4.9064E-09 5.2860E-09 5.6606E-09 6.0251E-09 6.3744E-09 6.7034E-09 7.0072E-09 7.2810E-09 7.5206E-09 7.7222E-09 7.8829E-09 8.0002E-09 8.0726E-09 8.0986E-09 8.0776E-09 8.0109E-09 7.8994E-09 7.7455E-09 7.5523E-09 7.3229E-09 7.0617E-09 6.7728E-09 6.4607E-09 6.1305E-09 5.7866E-09
1.3561E-12 4.2077E-12 9.9466E-12 2.0657E-11 3.2395E-11 4.8226E-11 6.8456E-11 9.1334E-11 1.2207E-10 1.5819E-10 1.9935E-10 2.5078E-10 3.0487E-10 3.7028E-10 4.4301E-10 5.2688E-10 6.2238E-10 7.4311E-10 8.7915E-10 1.0426E-09 1.2278E-09 1.4319E-09 1.6680E-09 1.9113E-09 2.1866E-09 2.4783E-09 2.7910E-09 3.1250E-09 3.4778E-09 3.8455E-09 4.2249E-09 4.6135E-09 5.0063E-09 5.3991E-09 5.7857E-09 6.1612E-09 6.5204E-09 6.8579E-09 7.1686E-09 7.4474E-09 7.6901E-09 7.8927E-09 8.0522E-09 8.1662E-09 8.2330E-09 8.2513E-09 8.2215E-09 8.1440E-09 8.0202E-09 7.8532E-09 7.6458E-09 7.4017E-09 7.1257E-09 6.8218E-09 6.4955E-09 6.1515E-09 5.7947E-09
1.0826E-12 2.8208E-12 7.3277E-12 1.6612E-11 2.8520E-11 4.2708E-11 6.2266E-11 8.4768E-11 1.1281E-10 1.4847E-10 1.8926E-10 2.3896E-10 2.9464E-10 3.5614E-10 4.3010E-10 5.1099E-10 6.1682E-10 7.3646E-10 8.7077E-10 1.0425E-09 1.2311E-09 1.4347E-09 1.6709E-09 1.9202E-09 2.2023E-09 2.5021E-09 2.8256E-09 3.1708E-09 3.5350E-09 3.9151E-09 4.3083E-09 4.7112E-09 5.1177E-09 5.5234E-09 5.9224E-09 6.3095E-09 6.6791E-09 7.0255E-09 7.3432E-09 7.6271E-09 7.8726E-09 8.0758E-09 8.2335E-09 8.3433E-09 8.4032E-09 8.4130E-09 8.3730E-09 8.2837E-09 8.1473E-09 7.9660E-09 7.7434E-09 7.4840E-09 7.1921E-09 6.8728E-09 6.5314E-09 6.1730E-09 5.8030E-09
8.0794E-13 2.0850E-12 5.6202E-12 1.3254E-11 2.5119E-11 3.7975E-11 5.5719E-11 7.8356E-11 1.0585E-10 1.3897E-10 1.8027E-10 2.2644E-10 2.8181E-10 3.4501E-10 4.1885E-10 5.0740E-10 6.1097E-10 7.3341E-10 8.8121E-10 1.0445E-09 1.2335E-09 1.4414E-09 1.6779E-09 1.9386E-09 2.2225E-09 2.5316E-09 2.8659E-09 3.2222E-09 3.5997E-09 3.9948E-09 4.4032E-09 4.8202E-09 5.2410E-09 5.6609E-09 6.0746E-09 6.4750E-09 6.8562E-09 7.2124E-09 7.5380E-09 7.8276E-09 8.0765E-09 8.2804E-09 8.4362E-09 8.5409E-09 8.5934E-09 8.5938E-09 8.5420E-09 8.4400E-09 8.2896E-09 8.0929E-09 7.8544E-09 7.5782E-09 7.2693E-09 6.9334E-09 6.5755E-09 6.2016E-09 5.8172E-09
6.4309E-13 1.6467E-12 4.2961E-12 1.0162E-11 2.1131E-11 3.4086E-11 5.1060E-11 7.1832E-11 9.8779E-11 1.3124E-10 1.6943E-10 2.1667E-10 2.6978E-10 3.3485E-10 4.1129E-10 5.0242E-10 6.0936E-10 7.3319E-10 8.8296E-10 1.0463E-09 1.2390E-09 1.4466E-09 1.6856E-09 1.9557E-09 2.2467E-09 2.5665E-09 2.9115E-09 3.2816E-09 3.6742E-09 4.0848E-09 4.5085E-09 4.9422E-09 5.3794E-09 5.8153E-09 6.2427E-09 6.6562E-09 7.0494E-09 7.4157E-09 7.7493E-09 8.0447E-09 8.2969E-09 8.5019E-09 8.6554E-09 8.7553E-09 8.8004E-09 8.7902E-09 8.7258E-09 8.6093E-09 8.4428E-09 8.2297E-09 7.9734E-09 7.6785E-09 7.3510E-09 6.9963E-09 6.6205E-09 6.2297E-09 5.8300E-09
4.0040E-13 1.2435E-12 3.5696E-12 7.8595E-12 1.7156E-11 2.9774E-11 4.6350E-11 6.6271E-11 9.0562E-11 1.2349E-10 1.6003E-10 2.0470E-10 2.6227E-10 3.2625E-10 4.0739E-10 5.0621E-10 6.0928E-10 7.3660E-10 8.9100E-10 1.0509E-09 1.2435E-09 1.4594E-09 1.7004E-09 1.9761E-09 2.2771E-09 2.6066E-09 2.9651E-09 3.3502E-09 3.7573E-09 4.1846E-09 4.6261E-09 5.0783E-09 5.5330E-09 5.9852E-09 6.4289E-09 6.8572E-09 7.2634E-09 7.6415E-09 7.9848E-09 8.2871E-09 8.5436E-09 8.7492E-09 8.9004E-09 8.9946E-09 9.0305E-09 9.0080E-09 8.9294E-09 8.7964E-09 8.6124E-09 8.3812E-09 8.1065E-09 7.7932E-09 7.4468E-09 7.0734E-09 6.6791E-09 6.2694E-09 5.8517E-09
1.5754E-13 8.7491E-13 3.0587E-12 5.9793E-12 1.4182E-11 2.6035E-11 3.9663E-11 5.9928E-11 8.3287E-11 1.1475E-10 1.5130E-10 1.9501E-10 2.5512E-10 3.2426E-10 4.0663E-10 5.0091E-10 6.0922E-10 7.4311E-10 8.8955E-10 1.0545E-09 1.2485E-09 1.4723E-09 1.7180E-09 2.0029E-09 2.3130E-09 2.6543E-09 3.0273E-09 3.4263E-09 3.8514E-09 4.2955E-09 4.7575E-09 5.2280E-09 5.7019E-09 6.1730E-09 6.6344E-09 7.0798E-09 7.5016E-09 7.8924E-09 8.2454E-09 8.5550E-09 8.8151E-09 9.0206E-09 9.1687E-09 9.2569E-09 9.2840E-09 9.2501E-09 9.1568E-09 9.0069E-09 8.8042E-09 8.5525E-09 8.2571E-09 7.9229E-09 7.5548E-09 7.1601E-09 6.7452E-09 6.3170E-09 5.8822E-09
0.0000E+00 4.2279E-13 2.4704E-12 5.0112E-12 1.2009E-11 2.2075E-11 3.4817E-11 5.5781E-11 7.7619E-11 1.0643E-10 1.4368E-10 1.9212E-10 2.5006E-10 3.2413E-10 4.0501E-10 4.9993E-10 6.1738E-10 7.4160E-10 8.9196E-10 1.0644E-09 1.2596E-09 1.4866E-09 1.7413E-09 2.0349E-09 2.3550E-09 2.7101E-09 3.0952E-09 3.5118E-09 3.9540E-09 4.4195E-09 4.9001E-09 5.3916E-09 5.8869E-09 6.3795E-09 6.8610E-09 7.3242E-09 7.7619E-09 8.1662E-09 8.5305E-09 8.8472E-09 9.1112E-09 9.3181E-09 9.4640E-09 9.5466E-09 9.5643E-09 9.5175E-09 9.4072E-09 9.2379E-09 9.0135E-09 8.7392E-09 8.4209E-09 8.0637E-09 7.6741E-09 7.2581E-09 6.8225E-09 6.3752E-09 5.9219E-09
0.0000E+00 1.6258E-13 2.1725E-12 4.4965E-12 8.8554E-12 1.9221E-11 3.0307E-11 4.9456E-11 7.3279E-11 9.9039E-11 1.3898E-10 1.8838E-10 2.5219E-10 3.1792E-10 4.0384E-10 4.9898E-10 6.1598E-10 7.4247E-10 8.9537E-10 1.0737E-09 1.2716E-09 1.5072E-09 1.7743E-09 2.0712E-09 2.4046E-09 2.7708E-09 3.1723E-09 3.6052E-09 4.0678E-09 4.5528E-09 5.0557E-09 5.5702E-09 6.0887E-09 6.6037E-09 7.1063E-09 7.5884E-09 8.0441E-09 8.4628E-09 8.8382E-09 9.1635E-09 9.4328E-09 9.6409E-09 9.7836E-09 9.8590E-09 9.8665E-09 9.8064E-09 9.6807E-09 9.4920E-09 9.2453E-09 8.9474E-09 8.6035E-09 8.2212E-09 7.8068E-09 7.3665E-09 6.9078E-09 6.4385E-09 5.9655E-09
0.0000E+00 0.0000E+00 1.2349E-12 3.7653E-12 6.8491E-12 1.6784E-11 2.8455E-11 4.3190E-11 6.7248E-11 9.2251E-11 1.3729E-10 1.8066E-10 2.4613E-10 3.2021E-10 4.0009E-10 5.0434E-10 6.1352E-10 7.4918E-10 9.0238E-10 1.0823E-09 1.2886E-09 1.5292E-09 1.8049E-09 2.1135E-09 2.4569E-09 2.8385E-09 3.2552E-09 3.7075E-09 4.1892E-09 4.6965E-09 5.2241E-09 5.7631E-09 6.3054E-09 6.8439E-09 7.3695E-09 7.8730E-09 8.3455E-09 8.7797E-09 9.1675E-09 9.5023E-09 9.7765E-09 9.9858E-09 1.0127E-08 1.0197E-08 1.0196E-08 1.0123E-08 9.9813E-09 9.7730E-09 9.5041E-09 9.1802E-09 8.8097E-09 8.4002E-09 7.9586E-09 7.4930E-09 7.0106E-09 6.5185E-09 6.0237E-09
0.0000E+00 0.0000E+00 3.5095E-13 3.3864E-12 5.7839E-12 1.3657E-11 2.5896E-11 3.9451E-11 6.2167E-11 9.2714E-11 1.3088E-10 1.8568E-10 2.3984E-10 3.1697E-10 4.0027E-10 5.0261E-10 6.1408E-10 7.5180E-10 9.0820E-10 1.0942E-09 1.3060E-09 1.5550E-09 1.8394E-09 2.1574E-09 2.5143E-09 2.9098E-09 3.3453E-09 3.8156E-09 4.3188E-09 4.8502E-09 5.4028E-09 5.9668E-09 6.5353E-09 7.1005E-09 7.6514E-09 8.1756E-09 8.6681E-09 9.1189E-09 9.5212E-09 9.8664E-09 1.0148E-08 1.0362E-08 1.0502E-08 1.0568E-08 1.0558E-08 1.0471E-08 1.0312E-08 1.0083E-08 9.7909E-09 9.4411E-09 9.0425E-09 8.6033E-09 8.1324E-09 7.6389E-09 7.1301E-09 6.6134E-09 6.0959E-09
0.0000E+00 0.0000E+00 0.0000E+00 2.6470E-12 4.8319E-12 1.1768E-11 2.3197E-11 3.6120E-11 5.5663E-11 9.0845E-11 1.2372E-10 1.8023E-10 2.4071E-10 3.1309E-10 4.0423E-10 5.0229E-10 6.1613E-10 7.5596E-10 9.1563E-10 1.1075E-09 1.3256E-09 1.5812E-09 1.8751E-09 2.2055E-09 2.5740E-09 2.9857E-09 3.4378E-09 3.9290E-09 4.4550E-09 5.0112E-09 5.5887E-09 6.1804E-09 6.7783E-09 7.3699E-09 7.9449E-09 8.4937E-09 9.0085E-09 9.4797E-09 9.8996E-09 1.0260E-08 1.0553E-08 1.0773E-08 1.0916E-08 1.0979E-08 1.0962E-08 1.0865E-08 1.0692E-08 1.0446E-08 1.0133E-08 9.7599E-09 9.3343E-09 8.8659E-09 8.3652E-09 7.8418E-09 7.3044E-09 6.7604E-09 6.2172E-09
0.0000E+00 0.0000E+00 0.0000E+00 1.3970E-12 4.0436E-12 9.5240E-12 2.0485E-11 3.3915E-11 5.3443E-11 8.7059E-11 1.2674E-10 1.7477E-10 2.3996E-10 3.1035E-10 4.0390E-10 5.0156E-10 6.1851E-10 7.6025E-10 9.2402E-10 1.1208E-09 1.3447E-09 1.6103E-09 1.9128E-09 2.2527E-09 2.6366E-09 3.0623E-09 3.5328E-09 4.0446E-09 4.5946E-09 5.1755E-09 5.7810E-09 6.4032E-09 7.0278E-09 7.6481E-09 8.2477E-09 8.8243E-09 9.3616E-09 9.8536E-09 1.0290E-08 1.0662E-08 1.0965E-08 1.1191E-08 1.1335E-08 1.1396E-08 1.1372E-08 1.1265E-08 1.1077E-08 1.0812E-08 1.0477E-08 1.0078E-08 9.6249E-09 9.1269E-09 8.5950E-09 8.0395E-09 7.4706E-09 6.8974E-09 6.3271E-09
0.0000E+00 0.0000E+00 0.0000E+00 4.3379E-13 3.4886E-12 8.0799E-12 1.6988E-11 3.1496E-11 5.3943E-11 8.2037E-11 1.2458E-10 1.7241E-10 2.3746E-10 3.1276E-10 4.0270E-10 5.0409E-10 6.2164E-10 7.6617E-10 9.3391E-10 1.1348E-09 1.3695E-09 1.6375E-09 1.9513E-09 2.3011E-09 2.6971E-09 3.1398E-09 3.6274E-09 4.1604E-09 4.7326E-09 5.3406E-09 5.9764E-09 6.6250E-09 7.2814E-09 7.9270E-09 8.5591E-09 9.1612E-09 9.7237E-09 1.0237E-08 1.0690E-08 1.1079E-08 1.1393E-08 1.1631E-08 1.1782E-08 1.1845E-08 1.1819E-08 1.1705E-08 1.1507E-08 1.1228E-08 1.0874E-08 1.0454E-08 9.9761E-09 9.4508E-09 8.8892E-09 8.3024E-09 7.7015E-09 7.0964E-09 6.4963E-09
0.0000E+00 0.0000E+00 0.0000E+00 0.0000E+00 2.3202E-12 6.9698E-12 1.3951E-11 2.9351E-11 5.3128E-11 8.2626E-11 1.2123E-10 1.7190E-10 2.3294E-10 3.1211E-10 4.0079E-10 5.0414E-10 6.2415E-10 7.7192E-10 9.4525E-10 1.1501E-09 1.3905E-09 1.6670E-09 1.9868E-09 2.3491E-09 2.7565E-09 3.2133E-09 3.7200E-09 4.2709E-09 4.8685E-09 5.5038E-09 6.1643E-09 6.8452E-09 7.5283E-09 8.2097E-09 8.8694E-09 9.5005E-09 1.0088E-08 1.0622E-08 1.1096E-08 1.1497E-08 1.1825E-08 1.2068E-08 1.2225E-08 1.2290E-08 1.2262E-08 1.2141E-08 1.1931E-08 1.1637E-08 1.1264E-08 1.0821E-08 1.0318E-08 9.7649E-09 9.1728E-09 8.5536E-09 7.9193E-09 7.2813E-09 6.6474E-09
0.0000E+00 0.0000E+00 0.0000E+00 0.0000E+00 1.2053E-12 6.1220E-12 1.1750E-11 3.0223E-11 5.1094E-11 8.2010E-11 1.1769E-10 1.7195E-10 2.2886E-10 3.1183E-10 4.0047E-10 5.0510E-10 6.2762E-10 7.7919E-10 9.5651E-10 1.1628E-09 1.4097E-09 1.6937E-09 2.0206E-09 2.3920E-09 2.8134E-09 3.2846E-09 3.8044E-09 4.3782E-09 4.9956E-09 5.6552E-09 6.3453E-09 7.0520E-09 7.7708E-09 8.4804E-09 9.1751E-09 9.8318E-09 1.0447E-08 1.1005E-08 1.1498E-08 1.1918E-08 1.2255E-08 1.2509E-08 1.2672E-08 1.2741E-08 1.2713E-08 1.2589E-08 1.2371E-08 1.2065E-08 1.1678E-08 1.1217E-08 1.0692E-08 1.0115E-08 9.4959E-09 8.8472E-09 8.1810E-09 7.5092E-09 6.8404E-09
0.0000E+00 0.0000E+00 0.0000E+00 0.0000E+00 1.6252E-13 5.3406E-12 1.0053E-11 2.9815E-11 4.8880E-11 8.2521E-11 1.1522E-10 1.7111E-10 2.2817E-10 3.0940E-10 3.9928E-10 5.0533E-10 6.3119E-10 7.8514E-10 9.6716E-10 1.1770E-09 1.4281E-09 1.7185E-09 2.0517E-09 2.4328E-09 2.8620E-09 3.3466E-09 3.8845E-09 4.4732E-09 5.1128E-09 5.7937E-09 6.5079E-09 7.2471E-09 7.9925E-09 8.7385E-09 9.4592E-09 1.0151E-08 1.0791E-08 1.1376E-08 1.1892E-08 1.2328E-08 1.2682E-08 1.2945E-08 1.3117E-08 1.3191E-08 1.3169E-08 1.3046E-08 1.2827E-08 1.2514E-08 1.2115E-08 1.1639E-08 1.1094E-08 1.0490E-08 9.8412E-09 9.1605E-09 8.4606E-09 7.7522E-09 7.0459E-09
0.0000E+00 0.0000E+00 0.0000E+00 0.0000E+00 0.0000E+00 4.2826E-12 9.8355E-12 2.9327E-11 4.8270E-11 8.2366E-11 1.1486E-10 1.6958E-10 2.2843E-10 3.0854E-10 3.9692E-10 5.0630E-10 6.3533E-10 7.8949E-10 9.7422E-10 1.1890E-09 1.4425E-09 1.7385E-09 2.0793E-09 2.4654E-09 2.9061E-09 3.3979E-09 3.9497E-09 4.5569E-09 5.2113E-09 5.9133E-09 6.6518E-09 7.4156E-09 8.1929E-09 8.9651E-09 9.7221E-09 1.0441E-08 1.1115E-08 1.1724E-08 1.2262E-08 1.2723E-08 1.3093E-08 1.3373E-08 1.3554E-08 1.3640E-08 1.3625E-08 1.3508E-08 1.3290E-08 1.2974E-08 1.2567E-08 1.2076E-08 1.1512E-08 1.0889E-08 1.0218E-08 9.5117E-09 8.7821E-09 8.0407E-09 7.2999E-09
0.0000E+00 0.0000E+00 0.0000E+00 0.0000E+00 0.0000E+00 3.4197E-12 1.0786E-11 2.9214E-11 4.7409E-11 8.1697E-11 1.1531E-10 1.6729E-10 2.2747E-10 3.0761E-10 3.9345E-10 5.0484E-10 6.3684E-10 7.9271E-10 9.7914E-10 1.1990E-09 1.4539E-09 1.7550E-09 2.0996E-09 2.4926E-09 2.9381E-09 3.4430E-09 4.0032E-09 4.6199E-09 5.2904E-09 6.0060E-09 6.7692E-09 7.5509E-09 8.3583E-09 9.1602E-09 9.9449E-09 1.0700E-08 1.1401E-08 1.2041E-08 1.2606E-08 1.3087E-08 1.3482E-08 1.3780E-08 1.3979E-08 1.4076E-08 1.4072E-08 1.3964E-08 1.3753E-08 1.3439E-08 1.3030E-08 1.2532E-08 1.1959E-08 1.1320E-08 1.0629E-08 9.8979E-09 9.1370E-09 8.3610E-09 7.5845E-09
