Assets/Resources/2015_m01_d09_1400(utc+0800)_l00_csi_1hr_conc.grd
DSAA
         159         159
     -79.000      79.000
     -79.000      79.000
  0.7871E-09  0.3154E-04
[rows 125 to 149 of 159, columns 0 to 56 of 159]
2.9692E-09 3.0371E-09 3.1064E-09 3.1770E-09 3.2490E-09 3.3224E-09 3.4409E-09 3.5401E-09 3.6797E-09 3.8211E-09 3.9656E-09 4.0974E-09 4.2747E-09 4.4555E-09 4.5811E-09 4.7852E-09 4.9869E-09 5.1385E-09 5.2949E-09 5.4573E-09 5.6258E-09 5.8027E-09 5.9998E-09 6.2067E-09 6.4272E-09 6.6587E-09 6.9038E-09 7.1691E-09 7.4418E-09 7.8182E-09 8.1437E-09 8.4901E-09 8.9317E-09 9.3047E-09 9.7075E-09 1.0215E-08 1.0666E-08 1.1231E-08 1.1742E-08 1.2278E-08 1.2836E-08 1.3422E-08 1.4040E-08 1.4687E-08 1.5365E-08 1.6072E-08 1.6808E-08 1.7574E-08 1.8366E-08 1.9185E-08 2.0027E-08 2.0890E-08 2.1773E-08 2.2669E-08 2.3579E-08 2.4496E-08 2.5416E-08
2.9653E-09 3.0331E-09 3.1022E-09 3.1727E-09 3.2446E-09 3.3179E-09 3.4068E-09 3.5351E-09 3.6743E-09 3.8096E-09 3.9594E-09 4.0909E-09 4.2530E-09 4.4480E-09 4.5730E-09 4.7766E-09 4.9778E-09 5.1288E-09 5.2848E-09 5.4467E-09 5.6149E-09 5.7887E-09 5.9776E-09 6.1852E-09 6.3986E-09 6.6300E-09 6.8675E-09 7.1276E-09 7.3991E-09 7.6813E-09 8.0713E-09 8.4050E-09 8.7599E-09 9.1984E-09 9.5814E-09 9.9948E-09 1.0505E-08 1.0964E-08 1.1530E-08 1.2046E-08 1.2584E-08 1.3145E-08 1.3735E-08 1.4352E-08 1.4998E-08 1.5672E-08 1.6372E-08 1.7101E-08 1.7854E-08 1.8634E-08 1.9434E-08 2.0256E-08 2.1095E-08 2.1949E-08 2.2817E-08 2.3692E-08 2.4574E-08
2.9606E-09 3.0283E-09 3.0973E-09 3.1676E-09 3.2394E-09 3.3125E-09 3.4012E-09 3.5290E-09 3.6678E-09 3.8027E-09 3.9240E-09 4.0830E-09 4.2445E-09 4.4102E-09 4.5633E-09 4.7602E-09 4.9667E-09 5.1168E-09 5.2725E-09 5.4335E-09 5.6013E-09 5.7739E-09 5.9557E-09 6.1602E-09 6.3713E-09 6.5950E-09 6.8333E-09 7.0774E-09 7.3535E-09 7.6299E-09 7.9272E-09 8.3235E-09 8.6610E-09 9.0255E-09 9.4624E-09 9.8571E-09 1.0277E-08 1.0788E-08 1.1253E-08 1.1818E-08 1.2337E-08 1.2876E-08 1.3440E-08 1.4029E-08 1.4645E-08 1.5286E-08 1.5955E-08 1.6647E-08 1.7365E-08 1.8106E-08 1.8867E-08 1.9650E-08 2.0449E-08 2.1264E-08 2.2092E-08 2.2930E-08 2.3773E-08
2.9552E-09 3.0227E-09 3.0915E-09 3.1618E-09 3.2333E-09 3.3064E-09 3.3808E-09 3.5168E-09 3.6603E-09 3.7639E-09 3.9155E-09 4.0738E-09 4.2287E-09 4.3996E-09 4.5521E-09 4.7477E-09 4.9537E-09 5.1027E-09 5.2580E-09 5.4180E-09 5.5851E-09 5.7569E-09 5.9359E-09 6.1305E-09 6.3427E-09 6.5556E-09 6.7960E-09 7.0374E-09 7.2950E-09 7.5779E-09 7.8573E-09 8.1772E-09 8.5107E-09 8.9157E-09 9.2850E-09 9.7234E-09 1.0129E-08 1.0553E-08 1.1064E-08 1.1533E-08 1.2095E-08 1.2617E-08 1.3156E-08 1.3720E-08 1.4307E-08 1.4918E-08 1.5555E-08 1.6214E-08 1.6897E-08 1.7602E-08 1.8328E-08 1.9073E-08 1.9835E-08 2.0614E-08 2.1405E-08 2.2206E-08 2.3014E-08
2.9490E-09 3.0163E-09 3.0850E-09 3.1550E-09 3.2265E-09 3.2993E-09 3.3736E-09 3.5089E-09 3.6517E-09 3.7549E-09 3.9056E-09 4.0632E-09 4.2174E-09 4.3873E-09 4.5392E-09 4.7181E-09 4.9387E-09 5.0867E-09 5.2413E-09 5.4001E-09 5.5660E-09 5.7379E-09 5.9151E-09 6.1000E-09 6.3101E-09 6.5230E-09 6.7475E-09 6.9959E-09 7.2390E-09 7.5165E-09 7.7996E-09 8.0886E-09 8.4271E-09 8.7586E-09 9.1691E-09 9.5407E-09 9.9811E-09 1.0395E-08 1.0822E-08 1.1330E-08 1.1803E-08 1.2302E-08 1.2884E-08 1.3422E-08 1.3982E-08 1.4566E-08 1.5172E-08 1.5801E-08 1.6452E-08 1.7123E-08 1.7816E-08 1.8526E-08 1.9254E-08 1.9997E-08 2.0754E-08 2.1521E-08 2.2295E-08
2.9421E-09 3.0093E-09 3.0777E-09 3.1476E-09 3.2188E-09 3.2914E-09 3.3655E-09 3.4864E-09 3.6420E-09 3.7304E-09 3.8892E-09 4.0514E-09 4.2046E-09 4.3446E-09 4.5246E-09 4.7021E-09 4.9216E-09 5.0687E-09 5.2223E-09 5.3802E-09 5.5449E-09 5.7161E-09 5.8915E-09 6.0744E-09 6.2718E-09 6.4886E-09 6.7031E-09 6.9443E-09 7.1924E-09 7.4464E-09 7.7383E-09 8.0192E-09 8.3281E-09 8.6672E-09 9.0060E-09 9.4189E-09 9.7925E-09 1.0183E-08 1.0652E-08 1.1085E-08 1.1590E-08 1.2065E-08 1.2566E-08 1.3137E-08 1.3673E-08 1.4230E-08 1.4808E-08 1.5408E-08 1.6029E-08 1.6670E-08 1.7329E-08 1.8007E-08 1.8703E-08 1.9413E-08 2.0137E-08 2.0872E-08 2.1615E-08
2.9345E-09 3.0014E-09 3.0697E-09 3.1393E-09 3.2103E-09 3.2827E-09 3.3566E-09 3.4767E-09 3.6313E-09 3.7194E-09 3.8714E-09 4.0382E-09 4.1589E-09 4.3296E-09 4.5084E-09 4.6844E-09 4.8727E-09 5.0487E-09 5.2010E-09 5.3583E-09 5.5215E-09 5.6915E-09 5.8660E-09 6.0468E-09 6.2357E-09 6.4478E-09 6.6646E-09 6.8887E-09 7.1417E-09 7.3887E-09 7.6582E-09 7.9537E-09 8.2407E-09 8.5674E-09 8.9043E-09 9.2509E-09 9.6650E-09 1.0041E-08 1.0437E-08 1.0903E-08 1.1338E-08 1.1797E-08 1.2317E-08 1.2817E-08 1.3377E-08 1.3909E-08 1.4462E-08 1.5034E-08 1.5626E-08 1.6238E-08 1.6868E-08 1.7516E-08 1.8181E-08 1.8861E-08 1.9554E-08 2.0258E-08 2.0912E-08
2.9262E-09 2.9929E-09 3.0609E-09 3.1302E-09 3.2010E-09 3.2732E-09 3.3469E-09 3.4661E-09 3.5931E-09 3.7073E-09 3.8440E-09 4.0238E-09 4.1286E-09 4.3075E-09 4.4906E-09 4.6653E-09 4.8216E-09 5.0266E-09 5.1776E-09 5.3341E-09 5.4958E-09 5.6644E-09 5.8383E-09 6.0173E-09 6.2040E-09 6.4007E-09 6.6231E-09 6.8409E-09 7.0810E-09 7.3346E-09 7.5866E-09 7.8700E-09 8.1665E-09 8.4706E-09 8.7993E-09 9.1399E-09 9.4889E-09 9.8663E-09 1.0285E-08 1.0685E-08 1.1146E-08 1.1584E-08 1.2043E-08 1.2555E-08 1.3050E-08 1.3566E-08 1.4131E-08 1.4678E-08 1.5245E-08 1.5829E-08 1.6431E-08 1.7051E-08 1.7687E-08 1.8281E-08 1.8890E-08 1.9574E-08 2.0269E-08
2.9172E-09 2.9836E-09 3.0513E-09 3.1204E-09 3.1909E-09 3.2629E-09 3.3362E-09 3.4253E-09 3.5538E-09 3.6942E-09 3.8299E-09 4.0080E-09 4.1122E-09 4.2837E-09 4.4712E-09 4.6116E-09 4.7991E-09 5.0025E-09 5.1524E-09 5.3080E-09 5.4676E-09 5.6348E-09 5.8076E-09 5.9854E-09 6.1702E-09 6.3632E-09 6.5734E-09 6.7960E-09 7.0177E-09 7.2716E-09 7.5275E-09 7.7923E-09 8.0777E-09 8.3788E-09 8.6979E-09 9.0260E-09 9.3687E-09 9.7210E-09 1.0105E-08 1.0522E-08 1.0921E-08 1.1350E-08 1.1819E-08 1.2276E-08 1.2748E-08 1.3274E-08 1.3787E-08 1.4310E-08 1.4881E-08 1.5440E-08 1.5911E-08 1.6509E-08 1.7124E-08 1.7754E-08 1.8397E-08 1.9053E-08 1.9720E-08
2.9075E-09 2.9736E-09 3.0410E-09 3.1099E-09 3.1801E-09 3.2517E-09 3.3248E-09 3.3993E-09 3.5357E-09 3.6800E-09 3.8146E-09 3.9635E-09 4.0946E-09 4.2498E-09 4.4503E-09 4.5739E-09 4.7691E-09 4.9766E-09 5.1253E-09 5.2794E-09 5.4379E-09 5.6033E-09 5.7745E-09 5.9509E-09 6.1343E-09 6.3254E-09 6.5234E-09 6.7453E-09 6.9685E-09 7.2012E-09 7.4580E-09 7.7200E-09 7.9986E-09 8.2832E-09 8.5904E-09 8.9173E-09 9.2456E-09 9.5937E-09 9.9503E-09 1.0335E-08 1.0721E-08 1.1149E-08 1.1581E-08 1.2018E-08 1.2493E-08 1.2971E-08 1.3416E-08 1.3920E-08 1.4448E-08 1.4987E-08 1.5543E-08 1.6116E-08 1.6705E-08 1.7307E-08 1.7925E-08 1.8554E-08 1.9193E-08
2.8971E-09 2.9629E-09 3.0300E-09 3.0986E-09 3.1685E-09 3.2398E-09 3.3125E-09 3.3868E-09 3.5218E-09 3.6649E-09 3.7679E-09 3.9069E-09 4.0757E-09 4.2294E-09 4.4279E-09 4.5506E-09 4.7438E-09 4.9488E-09 5.0958E-09 5.2485E-09 5.4062E-09 5.5695E-09 5.7393E-09 5.9140E-09 6.0961E-09 6.2855E-09 6.4815E-09 6.6855E-09 6.9144E-09 7.1428E-09 7.3870E-09 7.6433E-09 7.9108E-09 8.1995E-09 8.4867E-09 8.8028E-09 9.1271E-09 9.4585E-09 9.8122E-09 1.0171E-08 1.0548E-08 1.0945E-08 1.1348E-08 1.1772E-08 1.2213E-08 1.2668E-08 1.3138E-08 1.3627E-08 1.4133E-08 1.4656E-08 1.5189E-08 1.5737E-08 1.6301E-08 1.6879E-08 1.7471E-08 1.8075E-08 1.8688E-08
2.8860E-09 2.9515E-09 3.0183E-09 3.0865E-09 3.1561E-09 3.2271E-09 3.2995E-09 3.3733E-09 3.4934E-09 3.6487E-09 3.7364E-09 3.8885E-09 4.0556E-09 4.1759E-09 4.3755E-09 4.5257E-09 4.7016E-09 4.9193E-09 5.0648E-09 5.2162E-09 5.3724E-09 5.5336E-09 5.7012E-09 5.8757E-09 6.0558E-09 6.2428E-09 6.4370E-09 6.6383E-09 6.8520E-09 7.0822E-09 7.3168E-09 7.5685E-09 7.8289E-09 8.1025E-09 8.3935E-09 8.6839E-09 9.0040E-09 9.3316E-09 9.6633E-09 1.0022E-08 1.0378E-08 1.0755E-08 1.1155E-08 1.1557E-08 1.1981E-08 1.2426E-08 1.2877E-08 1.3340E-08 1.3829E-08 1.4331E-08 1.4841E-08 1.5373E-08 1.5913E-08 1.6468E-08 1.7035E-08 1.7614E-08 1.8202E-08
2.8743E-09 2.9394E-09 3.0059E-09 3.0738E-09 3.1430E-09 3.2136E-09 3.2856E-09 3.3591E-09 3.4484E-09 3.6315E-09 3.7187E-09 3.8690E-09 4.0343E-09 4.1383E-09 4.3106E-09 4.4993E-09 4.6732E-09 4.8582E-09 5.0322E-09 5.1817E-09 5.3365E-09 5.4960E-09 5.6624E-09 5.8352E-09 6.0136E-09 6.1987E-09 6.3907E-09 6.5901E-09 6.7957E-09 7.0169E-09 7.2500E-09 7.4913E-09 7.7467E-09 8.0104E-09 8.2864E-09 8.5805E-09 8.8754E-09 9.1941E-09 9.5289E-09 9.8636E-09 1.0217E-08 1.0583E-08 1.0954E-08 1.1355E-08 1.1761E-08 1.2178E-08 1.2619E-08 1.3067E-08 1.3531E-08 1.4011E-08 1.4502E-08 1.5016E-08 1.5533E-08 1.6065E-08 1.6615E-08 1.7170E-08 1.7735E-08
2.8619E-09 2.9267E-09 2.9928E-09 3.0603E-09 3.1291E-09 3.1994E-09 3.2710E-09 3.3440E-09 3.4185E-09 3.5550E-09 3.7000E-09 3.8345E-09 4.0061E-09 4.1150E-09 4.2851E-09 4.4715E-09 4.6107E-09 4.7903E-09 4.9978E-09 5.1452E-09 5.2984E-09 5.4567E-09 5.6216E-09 5.7925E-09 5.9694E-09 6.1524E-09 6.3418E-09 6.5393E-09 6.7432E-09 6.9532E-09 7.1794E-09 7.4158E-09 7.6639E-09 7.9202E-09 8.1856E-09 8.4625E-09 8.7623E-09 9.0625E-09 9.3780E-09 9.7199E-09 1.0057E-08 1.0403E-08 1.0777E-08 1.1143E-08 1.1539E-08 1.1947E-08 1.2357E-08 1.2798E-08 1.3244E-08 1.3697E-08 1.4177E-08 1.4666E-08 1.5161E-08 1.5684E-08 1.6205E-08 1.6737E-08 1.7282E-08
2.8489E-09 2.9133E-09 2.9790E-09 3.0461E-09 3.1145E-09 3.1844E-09 3.2556E-09 3.3282E-09 3.4022E-09 3.5370E-09 3.6802E-09 3.7829E-09 3.9215E-09 4.0904E-09 4.2437E-09 4.4424E-09 4.5644E-09 4.7573E-09 4.9618E-09 5.1074E-09 5.2587E-09 5.4161E-09 5.5791E-09 5.7474E-09 5.9233E-09 6.1041E-09 6.2913E-09 6.4857E-09 6.6870E-09 6.8944E-09 7.1097E-09 7.3390E-09 7.5782E-09 7.8286E-09 8.0880E-09 8.3567E-09 8.6386E-09 8.9378E-09 9.2425E-09 9.5585E-09 9.8956E-09 1.0241E-08 1.0581E-08 1.0956E-08 1.1327E-08 1.1705E-08 1.2120E-08 1.2532E-08 1.2952E-08 1.3406E-08 1.3861E-08 1.4322E-08 1.4807E-08 1.5304E-08 1.5803E-08 1.6316E-08 1.6844E-08
2.8353E-09 2.8993E-09 2.9646E-09 3.0312E-09 3.0993E-09 3.1686E-09 3.2394E-09 3.3115E-09 3.3851E-09 3.5046E-09 3.6596E-09 3.7468E-09 3.8981E-09 4.0647E-09 4.1843E-09 4.3716E-09 4.5326E-09 4.7075E-09 4.9245E-09 5.0681E-09 5.2180E-09 5.3734E-09 5.5347E-09 5.7016E-09 5.8743E-09 6.0531E-09 6.2383E-09 6.4296E-09 6.6279E-09 6.8330E-09 7.0441E-09 7.2623E-09 7.4937E-09 7.7368E-09 7.9891E-09 8.2521E-09 8.5232E-09 8.8080E-09 9.1014E-09 9.4136E-09 9.7323E-09 1.0059E-08 1.0414E-08 1.0756E-08 1.1115E-08 1.1493E-08 1.1875E-08 1.2273E-08 1.2690E-08 1.3112E-08 1.3540E-08 1.3994E-08 1.4464E-08 1.4931E-08 1.5409E-08 1.5911E-08 1.6413E-08
2.8210E-09 2.8846E-09 2.9495E-09 3.0157E-09 3.0833E-09 3.1522E-09 3.2225E-09 3.2941E-09 3.3671E-09 3.4558E-09 3.6328E-09 3.7244E-09 3.8595E-09 4.0323E-09 4.1410E-09 4.3119E-09 4.4995E-09 4.6387E-09 4.8798E-09 5.0281E-09 5.1759E-09 5.3297E-09 5.4890E-09 5.6534E-09 5.8239E-09 6.0006E-09 6.1826E-09 6.3711E-09 6.5655E-09 6.7687E-09 6.9757E-09 7.1892E-09 7.4106E-09 7.6437E-09 7.8918E-09 8.1435E-09 8.4117E-09 8.6823E-09 8.9708E-09 9.2659E-09 9.5737E-09 9.8961E-09 1.0224E-08 1.0567E-08 1.0920E-08 1.1269E-08 1.1645E-08 1.2027E-08 1.2418E-08 1.2826E-08 1.3245E-08 1.3681E-08 1.4116E-08 1.4572E-08 1.5039E-08 1.5511E-08 1.5990E-08
2.8062E-09 2.8693E-09 2.9338E-09 2.9995E-09 3.0666E-09 3.1350E-09 3.2048E-09 3.2759E-09 3.3484E-09 3.4223E-09 3.5574E-09 3.7012E-09 3.8038E-09 3.9992E-09 4.1121E-09 4.2656E-09 4.4592E-09 4.5867E-09 4.7800E-09 4.9863E-09 5.1321E-09 5.2835E-09 5.4408E-09 5.6031E-09 5.7711E-09 5.9449E-09 6.1246E-09 6.3108E-09 6.5023E-09 6.7005E-09 6.9053E-09 7.1143E-09 7.3311E-09 7.5549E-09 7.7900E-09 8.0410E-09 8.2941E-09 8.5634E-09 8.8378E-09 9.1227E-09 9.4229E-09 9.7231E-09 1.0051E-08 1.0381E-08 1.0709E-08 1.1064E-08 1.1420E-08 1.1778E-08 1.2163E-08 1.2553E-08 1.2953E-08 1.3367E-08 1.3793E-08 1.4226E-08 1.4670E-08 1.5122E-08 1.5585E-08
2.7908E-09 2.8534E-09 2.9174E-09 2.9827E-09 3.0492E-09 3.1172E-09 3.1864E-09 3.2570E-09 3.3290E-09 3.4023E-09 3.5216E-09 3.6771E-09 3.7640E-09 3.9153E-09 4.0822E-09 4.2014E-09 4.4182E-09 4.5497E-09 4.7405E-09 4.9434E-09 5.0866E-09 5.2359E-09 5.3909E-09 5.5508E-09 5.7163E-09 5.8875E-09 6.0653E-09 6.2482E-09 6.4363E-09 6.6303E-09 6.8316E-09 7.0378E-09 7.2487E-09 7.4682E-09 7.6947E-09 7.9335E-09 8.1852E-09 8.4395E-09 8.7076E-09 8.9853E-09 9.2656E-09 9.5688E-09 9.8716E-09 1.0181E-08 1.0526E-08 1.0852E-08 1.1185E-08 1.1549E-08 1.1912E-08 1.2279E-08 1.2667E-08 1.3063E-08 1.3468E-08 1.3882E-08 1.4310E-08 1.4748E-08 1.5189E-08
2.7748E-09 2.8370E-09 2.9004E-09 2.9652E-09 3.0313E-09 3.0986E-09 3.1673E-09 3.2374E-09 3.3087E-09 3.3815E-09 3.4699E-09 3.6470E-09 3.7381E-09 3.8728E-09 4.0456E-09 4.1537E-09 4.3240E-09 4.5057E-09 4.6507E-09 4.8928E-09 5.0400E-09 5.1867E-09 5.3389E-09 5.4970E-09 5.6599E-09 5.8283E-09 6.0027E-09 6.1836E-09 6.3685E-09 6.5591E-09 6.7548E-09 6.9582E-09 7.1661E-09 7.3795E-09 7.6011E-09 7.8302E-09 8.0709E-09 8.3212E-09 8.5779E-09 8.8436E-09 9.1254E-09 9.4047E-09 9.6938E-09 1.0009E-08 1.0316E-08 1.0633E-08 1.0978E-08 1.1312E-08 1.1658E-08 1.2016E-08 1.2387E-08 1.2767E-08 1.3155E-08 1.3555E-08 1.3961E-08 1.4376E-08 1.4799E-08
2.7582E-09 2.8199E-09 2.8829E-09 2.9471E-09 3.0126E-09 3.0794E-09 3.1476E-09 3.2170E-09 3.2878E-09 3.3599E-09 3.4335E-09 3.5679E-09 3.7115E-09 3.8135E-09 4.0085E-09 4.1205E-09 4.2730E-09 4.4662E-09 4.5932E-09 4.7861E-09 4.9915E-09 5.1358E-09 5.2860E-09 5.4416E-09 5.6020E-09 5.7678E-09 5.9393E-09 6.1157E-09 6.2981E-09 6.4842E-09 6.6772E-09 6.8751E-09 7.0802E-09 7.2902E-09 7.5058E-09 7.7293E-09 7.9603E-09 8.2008E-09 8.4485E-09 8.7090E-09 8.9744E-09 9.2451E-09 9.5340E-09 9.8213E-09 1.0125E-08 1.0438E-08 1.0754E-08 1.1085E-08 1.1418E-08 1.1762E-08 1.2116E-08 1.2478E-08 1.2846E-08 1.3228E-08 1.3620E-08 1.4018E-08 1.4421E-08
2.7411E-09 2.8023E-09 2.8647E-09 2.9284E-09 2.9934E-09 3.0596E-09 3.1271E-09 3.1960E-09 3.2662E-09 3.3377E-09 3.4106E-09 3.4994E-09 3.6788E-09 3.7703E-09 3.9205E-09 4.0808E-09 4.2046E-09 4.4201E-09 4.5507E-09 4.7397E-09 4.9414E-09 5.0839E-09 5.2314E-09 5.3843E-09 5.5423E-09 5.7055E-09 5.8737E-09 6.0462E-09 6.2251E-09 6.4091E-09 6.5968E-09 6.7921E-09 6.9914E-09 7.1984E-09 7.4103E-09 7.6271E-09 7.8520E-09 8.0831E-09 8.3239E-09 8.5721E-09 8.8304E-09 9.0943E-09 9.3638E-09 9.6493E-09 9.9338E-09 1.0230E-08 1.0542E-08 1.0857E-08 1.1177E-08 1.1510E-08 1.1847E-08 1.2191E-08 1.2547E-08 1.2915E-08 1.3288E-08 1.3663E-08 1.4048E-08
2.7235E-09 2.7841E-09 2.8460E-09 2.9091E-09 2.9735E-09 3.0391E-09 3.1061E-09 3.1743E-09 3.2438E-09 3.3147E-09 3.3870E-09 3.4606E-09 3.6506E-09 3.7410E-09 3.8435E-09 4.0405E-09 4.1527E-09 4.3212E-09 4.5013E-09 4.6445E-09 4.8846E-09 5.0306E-09 5.1759E-09 5.3261E-09 5.4811E-09 5.6413E-09 5.8061E-09 5.9758E-09 6.1504E-09 6.3311E-09 6.5160E-09 6.7058E-09 6.9029E-09 7.1033E-09 7.3123E-09 7.5246E-09 7.7421E-09 7.9674E-09 8.1973E-09 8.4374E-09 8.6832E-09 8.9374E-09 9.2037E-09 9.4691E-09 9.7436E-09 1.0034E-08 1.0327E-08 1.0625E-08 1.0939E-08 1.1259E-08 1.1583E-08 1.1917E-08 1.2258E-08 1.2604E-08 1.2958E-08 1.3323E-08 1.3689E-08
2.7053E-09 2.7654E-09 2.8267E-09 2.8893E-09 2.9530E-09 3.0181E-09 3.0844E-09 3.1519E-09 3.2208E-09 3.2911E-09 3.3627E-09 3.4357E-09 3.5686E-09 3.7057E-09 3.7973E-09 4.0049E-09 4.1098E-09 4.2339E-09 4.4514E-09 4.5760E-09 4.7723E-09 4.9759E-09 5.1186E-09 5.2655E-09 5.4182E-09 5.5756E-09 5.7372E-09 5.9037E-09 6.0749E-09 6.2510E-09 6.4337E-09 6.6196E-09 6.8110E-09 7.0093E-09 7.2102E-09 7.4203E-09 7.6320E-09 7.8495E-09 8.0745E-09 8.3028E-09 8.5411E-09 8.7845E-09 9.0359E-09 9.2931E-09 9.5622E-09 9.8353E-09 1.0111E-08 1.0403E-08 1.0705E-08 1.1007E-08 1.1321E-08 1.1645E-08 1.1966E-08 1.2304E-08 1.2644E-08 1.2990E-08 1.3339E-08
2.6867E-09 2.7462E-09 2.8069E-09 2.8688E-09 2.9320E-09 2.9964E-09 3.0620E-09 3.1290E-09 3.1972E-09 3.2668E-09 3.3377E-09 3.4100E-09 3.4979E-09 3.6751E-09 3.7655E-09 3.9135E-09 4.0665E-09 4.1729E-09 4.4066E-09 4.5287E-09 4.6722E-09 4.9142E-09 5.0597E-09 5.2042E-09 5.3532E-09 5.5084E-09 5.6669E-09 5.8303E-09 5.9982E-09 6.1703E-09 6.3480E-09 6.5318E-09 6.7186E-09 6.9122E-09 7.1100E-09 7.3108E-09 7.5207E-09 7.7315E-09 7.9481E-09 8.1718E-09 8.3977E-09 8.6340E-09 8.8714E-09 9.1187E-09 9.3772E-09 9.6354E-09 9.9069E-09 1.0185E-08 1.0467E-08 1.0759E-08 1.1063E-08 1.1371E-08 1.1682E-08 1.2003E-08 1.2327E-08 1.2656E-08 1.2994E-08
