Assets/Resources/2015_m01_d15_0900(utc+0800)_l00_csi_1hr_conc.grd
DSAA
         159         159
     -79.000      79.000
     -79.000      79.000
  0.0000E+00  0.8463E-05
[rows 50 to 74 of 159, columns 0 to 56 of 159]
2.6467E-10 2.7496E-10 2.8635E-10 2.9815E-10 3.0945E-10 3.2265E-10 3.3365E-10 3.4667E-10 3.5903E-10 3.6990E-10 3.8372E-10 3.9611E-10 4.0964E-10 4.2357E-10 4.3595E-10 4.5227E-10 4.6532E-10 4.7860E-10 4.9612E-10 5.1009E-10 5.2431E-10 5.4305E-10 5.5798E-10 5.7316E-10 5.9314E-10 6.0905E-10 6.2521E-10 6.4528E-10 6.6213E-10 6.8168E-10 7.0040E-10 7.1819E-10 7.3750E-10 7.5714E-10 7.7712E-10 7.9746E-10 8.1682E-10 8.3921E-10 8.6076E-10 8.8274E-10 9.0378E-10 9.2955E-10 9.5306E-10 9.7710E-10 1.0061E-09 1.0299E-09 1.0557E-09 1.0867E-09 1.1154E-09 1.1447E-09 1.1749E-09 1.2083E-09 1.2368E-09 1.2751E-09 1.3079E-09 1.3506E-09 1.3950E-09
2.6146E-10 2.7261E-10 2.8394E-10 2.9568E-10 3.0690E-10 3.2005E-10 3.3199E-10 3.4393E-10 3.5623E-10 3.6790E-10 3.8079E-10 3.9311E-10 4.0657E-10 4.2043E-10 4.3274E-10 4.4901E-10 4.6198E-10 4.7518E-10 4.9265E-10 5.0654E-10 5.2068E-10 5.3937E-10 5.5423E-10 5.6933E-10 5.8926E-10 6.0510E-10 6.2354E-10 6.4121E-10 6.5798E-10 6.7748E-10 6.9613E-10 7.1385E-10 7.3310E-10 7.5268E-10 7.7388E-10 7.9288E-10 8.1348E-10 8.3450E-10 8.5598E-10 8.7789E-10 9.0022E-10 9.2456E-10 9.4798E-10 9.7194E-10 1.0009E-09 1.0246E-09 1.0503E-09 1.0812E-09 1.1099E-09 1.1391E-09 1.1723E-09 1.2025E-09 1.2341E-09 1.2717E-09 1.3019E-09 1.3482E-09 1.3904E-09
2.5912E-10 2.7019E-10 2.8146E-10 2.9312E-10 3.0513E-10 3.1736E-10 3.2924E-10 3.4111E-10 3.5334E-10 3.6494E-10 3.7865E-10 3.9000E-10 4.0429E-10 4.1718E-10 4.2941E-10 4.4562E-10 4.5850E-10 4.7163E-10 4.8903E-10 5.0285E-10 5.1787E-10 5.3554E-10 5.5031E-10 5.6746E-10 5.8522E-10 6.0097E-10 6.1935E-10 6.3694E-10 6.5364E-10 6.7307E-10 6.9166E-10 7.0929E-10 7.2973E-10 7.4799E-10 7.6913E-10 7.8805E-10 8.0859E-10 8.2953E-10 8.5094E-10 8.7276E-10 8.9502E-10 9.1928E-10 9.4260E-10 9.6647E-10 9.9536E-10 1.0190E-09 1.0475E-09 1.0784E-09 1.1040E-09 1.1362E-09 1.1687E-09 1.1964E-09 1.2305E-09 1.2655E-09 1.2958E-09 1.3428E-09 1.3855E-09
2.5671E-10 2.6771E-10 2.7974E-10 2.9050E-10 3.0243E-10 3.1459E-10 3.2639E-10 3.3819E-10 3.5035E-10 3.6188E-10 3.7552E-10 3.8679E-10 4.0101E-10 4.1382E-10 4.2596E-10 4.4210E-10 4.5491E-10 4.6795E-10 4.8529E-10 4.9902E-10 5.1396E-10 5.3156E-10 5.4625E-10 5.6447E-10 5.8100E-10 5.9667E-10 6.1498E-10 6.3249E-10 6.4910E-10 6.6967E-10 6.8698E-10 7.0578E-10 7.2490E-10 7.4437E-10 7.6416E-10 7.8299E-10 8.0345E-10 8.2566E-10 8.4564E-10 8.6737E-10 8.8953E-10 9.1371E-10 9.3694E-10 9.6359E-10 9.8952E-10 1.0130E-09 1.0445E-09 1.0723E-09 1.0977E-09 1.1299E-09 1.1623E-09 1.1898E-09 1.2239E-09 1.2588E-09 1.2970E-09 1.3367E-09 1.3826E-09
2.5424E-10 2.6516E-10 2.7712E-10 2.8780E-10 2.9966E-10 3.1175E-10 3.2347E-10 3.3519E-10 3.4727E-10 3.5872E-10 3.7228E-10 3.8347E-10 3.9762E-10 4.1034E-10 4.2240E-10 4.3847E-10 4.5118E-10 4.6414E-10 4.8140E-10 4.9504E-10 5.1101E-10 5.2743E-10 5.4202E-10 5.6017E-10 5.7662E-10 5.9220E-10 6.1042E-10 6.2786E-10 6.4438E-10 6.6488E-10 6.8209E-10 7.0081E-10 7.1985E-10 7.3924E-10 7.5895E-10 7.7769E-10 7.9807E-10 8.2020E-10 8.4008E-10 8.6171E-10 8.8658E-10 9.0787E-10 9.3098E-10 9.6045E-10 9.8338E-10 1.0068E-09 1.0381E-09 1.0659E-09 1.0912E-09 1.1232E-09 1.1555E-09 1.1829E-09 1.2169E-09 1.2517E-09 1.2933E-09 1.3337E-09 1.3833E-09
2.5171E-10 2.6256E-10 2.7444E-10 2.8503E-10 2.9681E-10 3.0882E-10 3.2046E-10 3.3211E-10 3.4411E-10 3.5635E-10 3.6896E-10 3.8006E-10 3.9412E-10 4.0676E-10 4.1873E-10 4.3472E-10 4.4734E-10 4.6114E-10 4.7739E-10 4.9094E-10 5.0890E-10 5.2315E-10 5.3765E-10 5.5572E-10 5.7208E-10 5.8756E-10 6.0688E-10 6.2305E-10 6.4069E-10 6.5989E-10 6.7701E-10 6.9564E-10 7.1459E-10 7.3390E-10 7.5352E-10 7.7217E-10 7.9245E-10 8.1449E-10 8.3426E-10 8.5580E-10 8.8058E-10 9.0315E-10 9.2475E-10 9.5414E-10 9.7694E-10 1.0017E-09 1.0315E-09 1.0591E-09 1.0842E-09 1.1162E-09 1.1484E-09 1.1757E-09 1.2095E-09 1.2442E-09 1.2864E-09 1.3297E-09 1.3770E-09
2.4912E-10 2.5989E-10 2.7169E-10 2.8220E-10 2.9389E-10 3.0582E-10 3.1738E-10 3.2894E-10 3.4086E-10 3.5302E-10 3.6554E-10 3.7655E-10 3.9053E-10 4.0308E-10 4.1495E-10 4.3086E-10 4.4339E-10 4.5803E-10 4.7325E-10 4.8670E-10 5.0458E-10 5.1873E-10 5.3313E-10 5.5111E-10 5.6738E-10 5.8276E-10 6.0199E-10 6.1806E-10 6.3560E-10 6.5472E-10 6.7174E-10 6.9028E-10 7.0913E-10 7.2834E-10 7.4787E-10 7.6641E-10 7.8660E-10 8.0855E-10 8.2821E-10 8.4963E-10 8.7432E-10 8.9677E-10 9.1824E-10 9.4755E-10 9.7021E-10 9.9479E-10 1.0245E-09 1.0520E-09 1.0800E-09 1.1088E-09 1.1409E-09 1.1712E-09 1.2075E-09 1.2364E-09 1.2818E-09 1.3226E-09 1.3917E-09
2.4648E-10 2.5716E-10 2.6888E-10 2.7930E-10 2.9091E-10 3.0275E-10 3.1422E-10 3.2570E-10 3.3753E-10 3.4960E-10 3.6203E-10 3.7294E-10 3.8684E-10 3.9929E-10 4.1107E-10 4.2688E-10 4.3931E-10 4.5387E-10 4.6899E-10 4.8234E-10 5.0013E-10 5.1418E-10 5.2847E-10 5.4636E-10 5.6253E-10 5.7780E-10 5.9694E-10 6.1290E-10 6.3034E-10 6.4937E-10 6.6628E-10 6.8471E-10 7.0347E-10 7.2258E-10 7.4201E-10 7.6044E-10 7.8052E-10 8.0237E-10 8.2327E-10 8.4321E-10 8.6781E-10 8.9012E-10 9.1289E-10 9.4067E-10 9.6318E-10 9.8762E-10 1.0172E-09 1.0446E-09 1.0725E-09 1.1067E-09 1.1331E-09 1.1658E-09 1.1994E-09 1.2283E-09 1.2741E-09 1.3180E-09 1.3955E-09
2.4379E-10 2.5438E-10 2.6507E-10 2.7634E-10 2.8786E-10 2.9962E-10 3.1099E-10 3.2238E-10 3.3412E-10 3.4610E-10 3.5843E-10 3.6925E-10 3.8305E-10 3.9541E-10 4.0709E-10 4.2280E-10 4.3513E-10 4.5161E-10 4.6461E-10 4.7785E-10 4.9554E-10 5.0949E-10 5.2368E-10 5.4261E-10 5.5752E-10 5.7269E-10 5.9173E-10 6.0758E-10 6.2491E-10 6.4383E-10 6.6063E-10 6.7896E-10 6.9760E-10 7.1661E-10 7.3593E-10 7.5425E-10 7.7554E-10 7.9596E-10 8.1674E-10 8.3655E-10 8.6104E-10 8.8321E-10 9.0585E-10 9.3351E-10 9.5588E-10 9.8312E-10 1.0096E-09 1.0369E-09 1.0677E-09 1.0987E-09 1.1249E-09 1.1575E-09 1.1909E-09 1.2199E-09 1.2661E-09 1.3175E-09 1.3893E-09
2.4012E-10 2.5155E-10 2.6215E-10 2.7332E-10 2.8475E-10 2.9641E-10 3.0769E-10 3.1899E-10 3.3063E-10 3.4251E-10 3.5475E-10 3.6547E-10 3.7918E-10 3.9143E-10 4.0300E-10 4.1862E-10 4.3085E-10 4.4722E-10 4.6011E-10 4.7325E-10 4.9084E-10 5.0467E-10 5.1874E-10 5.3757E-10 5.5238E-10 5.6743E-10 5.8636E-10 6.0209E-10 6.2052E-10 6.3812E-10 6.5480E-10 6.7302E-10 6.9155E-10 7.1044E-10 7.2965E-10 7.4784E-10 7.6902E-10 7.8933E-10 8.0998E-10 8.3104E-10 8.5402E-10 8.7605E-10 8.9855E-10 9.2608E-10 9.4829E-10 9.7539E-10 1.0048E-09 1.0288E-09 1.0595E-09 1.0904E-09 1.1164E-09 1.1488E-09 1.1821E-09 1.2217E-09 1.2577E-09 1.3101E-09 1.3902E-09
2.3734E-10 2.4866E-10 2.5917E-10 2.7025E-10 2.8158E-10 2.9314E-10 3.0432E-10 3.1553E-10 3.2707E-10 3.3885E-10 3.5099E-10 3.6161E-10 3.7521E-10 3.8736E-10 3.9883E-10 4.1434E-10 4.2646E-10 4.4272E-10 4.5551E-10 4.6853E-10 4.8601E-10 4.9972E-10 5.1368E-10 5.3240E-10 5.4709E-10 5.6202E-10 5.8083E-10 5.9645E-10 6.1476E-10 6.3225E-10 6.4880E-10 6.6690E-10 6.8531E-10 7.0408E-10 7.2317E-10 7.4256E-10 7.6229E-10 7.8247E-10 8.0299E-10 8.2391E-10 8.4676E-10 8.6865E-10 8.9386E-10 9.1839E-10 9.4043E-10 9.7035E-10 9.9666E-10 1.0205E-09 1.0510E-09 1.0817E-09 1.1075E-09 1.1398E-09 1.1729E-09 1.2127E-09 1.2490E-09 1.3087E-09 1.3829E-09
2.3451E-10 2.4387E-10 2.5615E-10 2.6617E-10 2.7835E-10 2.8981E-10 2.9988E-10 3.1200E-10 3.2344E-10 3.3512E-10 3.4715E-10 3.5767E-10 3.7116E-10 3.8320E-10 3.9547E-10 4.0997E-10 4.2197E-10 4.3812E-10 4.5079E-10 4.6369E-10 4.8106E-10 4.9466E-10 5.0850E-10 5.2710E-10 5.4166E-10 5.5647E-10 5.7517E-10 5.9065E-10 6.0884E-10 6.2620E-10 6.4263E-10 6.6060E-10 6.7888E-10 6.9753E-10 7.1649E-10 7.3575E-10 7.5535E-10 7.7540E-10 7.9578E-10 8.1656E-10 8.3927E-10 8.6100E-10 8.8606E-10 9.1043E-10 9.3230E-10 9.6207E-10 9.8821E-10 1.0119E-09 1.0422E-09 1.0727E-09 1.0984E-09 1.1305E-09 1.1634E-09 1.2033E-09 1.2397E-09 1.3209E-09 1.3775E-09
2.3164E-10 2.4090E-10 2.5223E-10 2.6299E-10 2.7507E-10 2.8643E-10 2.9639E-10 3.0841E-10 3.1974E-10 3.3132E-10 3.4324E-10 3.5365E-10 3.6704E-10 3.7896E-10 3.9112E-10 4.0550E-10 4.1738E-10 4.3342E-10 4.4597E-10 4.5875E-10 4.7600E-10 4.8947E-10 5.0319E-10 5.2167E-10 5.3610E-10 5.5078E-10 5.6935E-10 5.8471E-10 6.0277E-10 6.2000E-10 6.3630E-10 6.5413E-10 6.7228E-10 6.9208E-10 7.0963E-10 7.2875E-10 7.4956E-10 7.6812E-10 7.8836E-10 8.0899E-10 8.3155E-10 8.5311E-10 8.8090E-10 9.0222E-10 9.2391E-10 9.5353E-10 9.7949E-10 1.0029E-09 1.0331E-09 1.0635E-09 1.0889E-09 1.1208E-09 1.1535E-09 1.1935E-09 1.2360E-09 1.3121E-09 1.3748E-09
2.2872E-10 2.3789E-10 2.4912E-10 2.5977E-10 2.7076E-10 2.8298E-10 2.9284E-10 3.0475E-10 3.1597E-10 3.2745E-10 3.3926E-10 3.4956E-10 3.6283E-10 3.7464E-10 3.8577E-10 4.0094E-10 4.1271E-10 4.2862E-10 4.4105E-10 4.5371E-10 4.7083E-10 4.8418E-10 4.9776E-10 5.1612E-10 5.3042E-10 5.4496E-10 5.6341E-10 5.7863E-10 5.9655E-10 6.1365E-10 6.2980E-10 6.4750E-10 6.6551E-10 6.8517E-10 7.0258E-10 7.2156E-10 7.4223E-10 7.6064E-10 7.8072E-10 8.0120E-10 8.2360E-10 8.4500E-10 8.7263E-10 8.9377E-10 9.1528E-10 9.4471E-10 9.7049E-10 9.9373E-10 1.0237E-09 1.0539E-09 1.0790E-09 1.1108E-09 1.1433E-09 1.1860E-09 1.2294E-09 1.3029E-09 1.3657E-09
2.2486E-10 2.3484E-10 2.4500E-10 2.5650E-10 2.6738E-10 2.7949E-10 2.8924E-10 3.0104E-10 3.1215E-10 3.2351E-10 3.3431E-10 3.4540E-10 3.5855E-10 3.7024E-10 3.8126E-10 3.9630E-10 4.0795E-10 4.2374E-10 4.3604E-10 4.4857E-10 4.6556E-10 4.7877E-10 4.9223E-10 5.1045E-10 5.2461E-10 5.3902E-10 5.5732E-10 5.7241E-10 5.9019E-10 6.0715E-10 6.2316E-10 6.4071E-10 6.5858E-10 6.7809E-10 6.9535E-10 7.1419E-10 7.3471E-10 7.5296E-10 7.7289E-10 7.9598E-10 8.1544E-10 8.3666E-10 8.6413E-10 8.8508E-10 9.0639E-10 9.3564E-10 9.6123E-10 9.8426E-10 1.0140E-09 1.0440E-09 1.0689E-09 1.1004E-09 1.1327E-09 1.1754E-09 1.2265E-09 1.2931E-09 1.3557E-09
2.2093E-10 2.3175E-10 2.4180E-10 2.5225E-10 2.6396E-10 2.7410E-10 2.8559E-10 2.9727E-10 3.0827E-10 3.1864E-10 3.3020E-10 3.4117E-10 3.5420E-10 3.6577E-10 3.7667E-10 3.9158E-10 4.0310E-10 4.1876E-10 4.3093E-10 4.4333E-10 4.6018E-10 4.7327E-10 4.8658E-10 5.0466E-10 5.1869E-10 5.3296E-10 5.5112E-10 5.6605E-10 5.8370E-10 6.0050E-10 6.1637E-10 6.3377E-10 6.5277E-10 6.7085E-10 6.8796E-10 7.0664E-10 7.2701E-10 7.4510E-10 7.6486E-10 7.8779E-10 8.0707E-10 8.2811E-10 8.5541E-10 8.7616E-10 8.9727E-10 9.2632E-10 9.5171E-10 9.7451E-10 1.0040E-09 1.0338E-09 1.0585E-09 1.0923E-09 1.1219E-09 1.1644E-09 1.2159E-09 1.2856E-09 1.3450E-09
2.1702E-10 2.2770E-10 2.3764E-10 2.4890E-10 2.5965E-10 2.7052E-10 2.8189E-10 2.9345E-10 3.0433E-10 3.1459E-10 3.2603E-10 3.3688E-10 3.4978E-10 3.6123E-10 3.7200E-10 3.8678E-10 3.9817E-10 4.1276E-10 4.2574E-10 4.3800E-10 4.5471E-10 4.6766E-10 4.8084E-10 4.9877E-10 5.1265E-10 5.2678E-10 5.4479E-10 5.5958E-10 5.7707E-10 5.9372E-10 6.0943E-10 6.2668E-10 6.4553E-10 6.6345E-10 6.8040E-10 6.9892E-10 7.1913E-10 7.3705E-10 7.5664E-10 7.7940E-10 7.9850E-10 8.1935E-10 8.4646E-10 8.6701E-10 8.8792E-10 9.1676E-10 9.4194E-10 9.6451E-10 9.9381E-10 1.0234E-09 1.0505E-09 1.0846E-09 1.1107E-09 1.1531E-09 1.2049E-09 1.2820E-09 1.3337E-09
2.1399E-10 2.2456E-10 2.3438E-10 2.4455E-10 2.5519E-10 2.6689E-10 2.7814E-10 2.8958E-10 3.0034E-10 3.1049E-10 3.2180E-10 3.3253E-10 3.4530E-10 3.5663E-10 3.6727E-10 3.8191E-10 3.9317E-10 4.0762E-10 4.2046E-10 4.3259E-10 4.4915E-10 4.6196E-10 4.7499E-10 4.9277E-10 5.0651E-10 5.2048E-10 5.3834E-10 5.5298E-10 5.7031E-10 5.8681E-10 6.0236E-10 6.1945E-10 6.3814E-10 6.5590E-10 6.7268E-10 6.9104E-10 7.1108E-10 7.2883E-10 7.4824E-10 7.7082E-10 7.8974E-10 8.1039E-10 8.3731E-10 8.5765E-10 8.7834E-10 9.0697E-10 9.3193E-10 9.5427E-10 9.8333E-10 1.0127E-09 1.0395E-09 1.0734E-09 1.0992E-09 1.1413E-09 1.1933E-09 1.2703E-09 1.3216E-09
2.1094E-10 2.2041E-10 2.3109E-10 2.4114E-10 2.5165E-10 2.6323E-10 2.7335E-10 2.8567E-10 2.9543E-10 3.0633E-10 3.1752E-10 3.2812E-10 3.3987E-10 3.5196E-10 3.6247E-10 3.7697E-10 3.8810E-10 4.0054E-10 4.1510E-10 4.2709E-10 4.4351E-10 4.5617E-10 4.6906E-10 4.8668E-10 5.0027E-10 5.1409E-10 5.3178E-10 5.4626E-10 5.6343E-10 5.7977E-10 5.9516E-10 6.1209E-10 6.2932E-10 6.4820E-10 6.6481E-10 6.8300E-10 7.0286E-10 7.2044E-10 7.3967E-10 7.6206E-10 7.8078E-10 8.0124E-10 8.2795E-10 8.4808E-10 8.6855E-10 8.9695E-10 9.2168E-10 9.4378E-10 9.7260E-10 1.0017E-09 1.0283E-09 1.0619E-09 1.0903E-09 1.1291E-09 1.1811E-09 1.2580E-09 1.3089E-09
2.0786E-10 2.1630E-10 2.2600E-10 2.3769E-10 2.4808E-10 2.5856E-10 2.6952E-10 2.8085E-10 2.9135E-10 3.0213E-10 3.1319E-10 3.2366E-10 3.3528E-10 3.4723E-10 3.5762E-10 3.7197E-10 3.8296E-10 3.9417E-10 4.0967E-10 4.2152E-10 4.3778E-10 4.5029E-10 4.6303E-10 4.8049E-10 4.9392E-10 5.0759E-10 5.2512E-10 5.3944E-10 5.5524E-10 5.7261E-10 5.8784E-10 6.0460E-10 6.2166E-10 6.4036E-10 6.5680E-10 6.7481E-10 6.9449E-10 7.1189E-10 7.3093E-10 7.5313E-10 7.7165E-10 7.9191E-10 8.1839E-10 8.3831E-10 8.5856E-10 8.8672E-10 9.1121E-10 9.3307E-10 9.6163E-10 9.9044E-10 1.0168E-09 1.0501E-09 1.0783E-09 1.1166E-09 1.1685E-09 1.2452E-09 1.2956E-09
2.0292E-10 2.1218E-10 2.2266E-10 2.3422E-10 2.4256E-10 2.5483E-10 2.6566E-10 2.7685E-10 2.8723E-10 2.9788E-10 3.0881E-10 3.1916E-10 3.3063E-10 3.4245E-10 3.5270E-10 3.6598E-10 3.7776E-10 3.8883E-10 4.0417E-10 4.1588E-10 4.3197E-10 4.4434E-10 4.5692E-10 4.7421E-10 4.8749E-10 5.0100E-10 5.1835E-10 5.3251E-10 5.4815E-10 5.6534E-10 5.8040E-10 5.9698E-10 6.1386E-10 6.3111E-10 6.4865E-10 6.6648E-10 6.8597E-10 7.0318E-10 7.2203E-10 7.4403E-10 7.6235E-10 7.8240E-10 8.0865E-10 8.2835E-10 8.4837E-10 8.7628E-10 9.0053E-10 9.2213E-10 9.5043E-10 9.7897E-10 1.0050E-09 1.0381E-09 1.0660E-09 1.1036E-09 1.1621E-09 1.2319E-09 1.2815E-09
1.9900E-10 2.0895E-10 2.1837E-10 2.2885E-10 2.3895E-10 2.5022E-10 2.6177E-10 2.7181E-10 2.8307E-10 2.9272E-10 3.0351E-10 3.1460E-10 3.2594E-10 3.3762E-10 3.4774E-10 3.6086E-10 3.7250E-10 3.8343E-10 3.9861E-10 4.1017E-10 4.2418E-10 4.3831E-10 4.5074E-10 4.6786E-10 4.8097E-10 4.9432E-10 5.1149E-10 5.2549E-10 5.4095E-10 5.5796E-10 5.7285E-10 5.8925E-10 6.0595E-10 6.2301E-10 6.4037E-10 6.5802E-10 6.7731E-10 6.9433E-10 7.1298E-10 7.3477E-10 7.5289E-10 7.7271E-10 7.9874E-10 8.1821E-10 8.3799E-10 8.6565E-10 8.8964E-10 9.1099E-10 9.3901E-10 9.6727E-10 9.9306E-10 1.0258E-09 1.0534E-09 1.0903E-09 1.1483E-09 1.2182E-09 1.2669E-09
1.9588E-10 2.0475E-10 2.1500E-10 2.2534E-10 2.3531E-10 2.4549E-10 2.5687E-10 2.6776E-10 2.7801E-10 2.8840E-10 2.9905E-10 3.1001E-10 3.2121E-10 3.3183E-10 3.4272E-10 3.5570E-10 3.6719E-10 3.7797E-10 3.9299E-10 4.0439E-10 4.1713E-10 4.3221E-10 4.4448E-10 4.6142E-10 4.7437E-10 4.8755E-10 5.0454E-10 5.1837E-10 5.3366E-10 5.5048E-10 5.6519E-10 5.8141E-10 5.9793E-10 6.1480E-10 6.3197E-10 6.4942E-10 6.6718E-10 6.8534E-10 7.0379E-10 7.2259E-10 7.4327E-10 7.6287E-10 7.8865E-10 8.0789E-10 8.2743E-10 8.5482E-10 8.7855E-10 8.9964E-10 9.2737E-10 9.5534E-10 9.8085E-10 1.0101E-09 1.0405E-09 1.0767E-09 1.1340E-09 1.2040E-09 1.2517E-09
1.9093E-10 2.0150E-10 2.1160E-10 2.2098E-10 2.3068E-10 2.4169E-10 2.5293E-10 2.6368E-10 2.7379E-10 2.8405E-10 2.9456E-10 3.0538E-10 3.1555E-10 3.2691E-10 3.3766E-10 3.5048E-10 3.6182E-10 3.7246E-10 3.8730E-10 3.9856E-10 4.1114E-10 4.2604E-10 4.3816E-10 4.5279E-10 4.6770E-10 4.8071E-10 4.9751E-10 5.1116E-10 5.2627E-10 5.4291E-10 5.5744E-10 5.7347E-10 5.8979E-10 6.0648E-10 6.2345E-10 6.3939E-10 6.5695E-10 6.7622E-10 6.9446E-10 7.1305E-10 7.3350E-10 7.5288E-10 7.7840E-10 7.9741E-10 8.1671E-10 8.4382E-10 8.6728E-10 8.8810E-10 9.1554E-10 9.4321E-10 9.6842E-10 9.9730E-10 1.0275E-09 1.0551E-09 1.1193E-09 1.1893E-09 1.2359E-09
1.8781E-10 1.9733E-10 2.0639E-10 2.1651E-10 2.2700E-10 2.3694E-10 2.4714E-10 2.5772E-10 2.6954E-10 2.7966E-10 2.9004E-10 2.9982E-10 3.1074E-10 3.2196E-10 3.3256E-10 3.4431E-10 3.5641E-10 3.6690E-10 3.8157E-10 3.9267E-10 4.0399E-10 4.1981E-10 4.3177E-10 4.4508E-10 4.6095E-10 4.7379E-10 4.9041E-10 5.0388E-10 5.1880E-10 5.3525E-10 5.4959E-10 5.6543E-10 5.8156E-10 5.9805E-10 6.1482E-10 6.3057E-10 6.4792E-10 6.6698E-10 6.8501E-10 7.0337E-10 7.2360E-10 7.4275E-10 7.6513E-10 7.8677E-10 8.0582E-10 8.3265E-10 8.5583E-10 8.7638E-10 9.0351E-10 9.3087E-10 9.5578E-10 9.8183E-10 1.0112E-09 1.0412E-09 1.0972E-09 1.1742E-09 1.2198E-09
