Assets/Resources/2015_m01_d18_0900(utc+0800)_l00_csi_1hr_conc.grd
DSAA
         159         159
     -79.000      79.000
     -79.000      79.000
  0.1665E-10  0.1323E-05
[rows 25 to 49 of 159, columns 57 to 113 of 159]
4.7215E-10 4.8660E-10 5.0100E-10 5.1574E-10 5.3067E-10 5.4568E-10 5.6113E-10 5.7636E-10 5.9216E-10 6.0771E-10 6.2395E-10 6.3977E-10 6.5612E-10 6.7216E-10 6.8885E-10 7.0508E-10 7.2164E-10 7.3812E-10 7.5478E-10 7.7146E-10 7.8801E-10 8.0470E-10 8.2107E-10 8.3801E-10 8.5429E-10 8.7096E-10 8.8708E-10 9.0340E-10 9.1961E-10 9.3534E-10 9.5124E-10 9.6682E-10 9.8234E-10 9.9750E-10 1.0124E-09 1.0271E-09 1.0417E-09 1.0558E-09 1.0697E-09 1.0832E-09 1.0963E-09 1.1091E-09 1.1218E-09 1.1345E-09 1.1468E-09 1.1588E-09 1.1708E-09 1.1828E-09 1.1950E-09 1.2065E-09 1.2172E-09 1.2276E-09 1.2370E-09 1.2453E-09 1.2530E-09 1.2596E-09 1.2656E-09
4.8662E-10 5.0126E-10 5.1640E-10 5.3148E-10 5.4693E-10 5.6255E-10 5.7839E-10 5.9426E-10 6.1045E-10 6.2679E-10 6.4314E-10 6.5977E-10 6.7638E-10 6.9339E-10 7.1007E-10 7.2726E-10 7.4424E-10 7.6156E-10 7.7849E-10 7.9588E-10 8.1284E-10 8.3026E-10 8.4734E-10 8.6456E-10 8.8154E-10 8.9830E-10 9.1561E-10 9.3217E-10 9.4892E-10 9.6538E-10 9.8181E-10 9.9792E-10 1.0138E-09 1.0295E-09 1.0451E-09 1.0603E-09 1.0752E-09 1.0898E-09 1.1043E-09 1.1183E-09 1.1317E-09 1.1452E-09 1.1584E-09 1.1713E-09 1.1841E-09 1.1965E-09 1.2092E-09 1.2217E-09 1.2339E-09 1.2455E-09 1.2563E-09 1.2669E-09 1.2763E-09 1.2848E-09 1.2925E-09 1.2991E-09 1.3053E-09
5.0121E-10 5.1649E-10 5.3185E-10 5.4772E-10 5.6350E-10 5.7979E-10 5.9587E-10 6.1254E-10 6.2912E-10 6.4613E-10 6.6289E-10 6.8020E-10 6.9737E-10 7.1479E-10 7.3217E-10 7.4979E-10 7.6747E-10 7.8508E-10 8.0287E-10 8.2072E-10 8.3854E-10 8.5608E-10 8.7406E-10 8.9152E-10 9.0939E-10 9.2691E-10 9.4447E-10 9.6178E-10 9.7876E-10 9.9610E-10 1.0130E-09 1.0296E-09 1.0462E-09 1.0624E-09 1.0784E-09 1.0941E-09 1.1095E-09 1.1248E-09 1.1396E-09 1.1540E-09 1.1681E-09 1.1819E-09 1.1956E-09 1.2090E-09 1.2223E-09 1.2353E-09 1.2484E-09 1.2611E-09 1.2736E-09 1.2854E-09 1.2966E-09 1.3070E-09 1.3166E-09 1.3250E-09 1.3325E-09 1.3391E-09 1.3453E-09
5.1626E-10 5.3189E-10 5.4790E-10 5.6397E-10 5.8057E-10 5.9711E-10 6.1412E-10 6.3091E-10 6.4831E-10 6.6560E-10 6.8332E-10 7.0078E-10 7.1879E-10 7.3664E-10 7.5488E-10 7.7279E-10 7.9120E-10 8.0924E-10 8.2780E-10 8.4606E-10 8.6451E-10 8.8278E-10 9.0120E-10 9.1958E-10 9.3758E-10 9.5600E-10 9.7382E-10 9.9184E-10 1.0098E-09 1.0274E-09 1.0450E-09 1.0620E-09 1.0792E-09 1.0959E-09 1.1124E-09 1.1289E-09 1.1448E-09 1.1604E-09 1.1757E-09 1.1906E-09 1.2052E-09 1.2197E-09 1.2337E-09 1.2478E-09 1.2615E-09 1.2748E-09 1.2882E-09 1.3014E-09 1.3141E-09 1.3263E-09 1.3374E-09 1.3482E-09 1.3575E-09 1.3658E-09 1.3733E-09 1.3802E-09 1.3863E-09
5.3148E-10 5.4772E-10 5.6410E-10 5.8085E-10 5.9784E-10 6.1504E-10 6.3232E-10 6.4994E-10 6.6775E-10 6.8573E-10 7.0375E-10 7.2206E-10 7.4051E-10 7.5908E-10 7.7763E-10 7.9641E-10 8.1531E-10 8.3424E-10 8.5293E-10 8.7212E-10 8.9085E-10 9.1022E-10 9.2893E-10 9.4791E-10 9.6670E-10 9.8553E-10 1.0043E-09 1.0226E-09 1.0411E-09 1.0593E-09 1.0773E-09 1.0953E-09 1.1128E-09 1.1304E-09 1.1474E-09 1.1642E-09 1.1807E-09 1.1968E-09 1.2126E-09 1.2282E-09 1.2431E-09 1.2582E-09 1.2729E-09 1.2871E-09 1.3015E-09 1.3155E-09 1.3292E-09 1.3427E-09 1.3556E-09 1.3678E-09 1.3790E-09 1.3896E-09 1.3993E-09 1.4076E-09 1.4151E-09 1.4220E-09 1.4281E-09
5.4697E-10 5.6374E-10 5.8063E-10 5.9792E-10 6.1543E-10 6.3318E-10 6.5101E-10 6.6933E-10 6.8757E-10 7.0613E-10 7.2486E-10 7.4376E-10 7.6266E-10 7.8183E-10 8.0098E-10 8.2054E-10 8.3988E-10 8.5945E-10 8.7890E-10 8.9856E-10 9.1824E-10 9.3758E-10 9.5741E-10 9.7669E-10 9.9641E-10 1.0157E-09 1.0349E-09 1.0542E-09 1.0732E-09 1.0921E-09 1.1107E-09 1.1291E-09 1.1472E-09 1.1651E-09 1.1830E-09 1.2003E-09 1.2173E-09 1.2342E-09 1.2503E-09 1.2664E-09 1.2821E-09 1.2973E-09 1.3127E-09 1.3276E-09 1.3423E-09 1.3567E-09 1.3709E-09 1.3847E-09 1.3978E-09 1.4103E-09 1.4216E-09 1.4323E-09 1.4418E-09 1.4499E-09 1.4574E-09 1.4643E-09 1.4704E-09
5.6275E-10 5.7991E-10 5.9761E-10 6.1529E-10 6.3349E-10 6.5166E-10 6.7020E-10 6.8881E-10 7.0790E-10 7.2691E-10 7.4624E-10 7.6574E-10 7.8538E-10 8.0505E-10 8.2496E-10 8.4483E-10 8.6511E-10 8.8499E-10 9.0556E-10 9.2554E-10 9.4602E-10 9.6601E-10 9.8628E-10 1.0066E-09 1.0264E-09 1.0467E-09 1.0664E-09 1.0863E-09 1.1060E-09 1.1252E-09 1.1446E-09 1.1636E-09 1.1826E-09 1.2010E-09 1.2191E-09 1.2372E-09 1.2547E-09 1.2722E-09 1.2890E-09 1.3053E-09 1.3217E-09 1.3377E-09 1.3534E-09 1.3691E-09 1.3840E-09 1.3988E-09 1.4134E-09 1.4276E-09 1.4407E-09 1.4534E-09 1.4651E-09 1.4756E-09 1.4849E-09 1.4930E-09 1.5008E-09 1.5076E-09 1.5135E-09
5.7882E-10 5.9665E-10 6.1461E-10 6.3312E-10 6.5161E-10 6.7062E-10 6.8959E-10 7.0892E-10 7.2848E-10 7.4822E-10 7.6802E-10 7.8813E-10 8.0843E-10 8.2883E-10 8.4940E-10 8.6990E-10 8.9052E-10 9.1152E-10 9.3210E-10 9.5322E-10 9.7385E-10 9.9498E-10 1.0158E-09 1.0367E-09 1.0574E-09 1.0780E-09 1.0986E-09 1.1190E-09 1.1394E-09 1.1594E-09 1.1792E-09 1.1990E-09 1.2182E-09 1.2375E-09 1.2563E-09 1.2750E-09 1.2932E-09 1.3108E-09 1.3282E-09 1.3454E-09 1.3622E-09 1.3789E-09 1.3950E-09 1.4110E-09 1.4268E-09 1.4420E-09 1.4570E-09 1.4712E-09 1.4846E-09 1.4972E-09 1.5090E-09 1.5195E-09 1.5289E-09 1.5370E-09 1.5448E-09 1.5517E-09 1.5576E-09
5.9530E-10 6.1353E-10 6.3219E-10 6.5112E-10 6.7032E-10 6.8963E-10 7.0933E-10 7.2926E-10 7.4942E-10 7.6978E-10 7.9019E-10 8.1110E-10 8.3186E-10 8.5294E-10 8.7397E-10 8.9547E-10 9.1672E-10 9.3822E-10 9.5964E-10 9.8109E-10 1.0029E-09 1.0242E-09 1.0460E-09 1.0672E-09 1.0887E-09 1.1102E-09 1.1313E-09 1.1524E-09 1.1732E-09 1.1941E-09 1.2145E-09 1.2350E-09 1.2550E-09 1.2745E-09 1.2941E-09 1.3132E-09 1.3319E-09 1.3505E-09 1.3685E-09 1.3863E-09 1.4035E-09 1.4206E-09 1.4377E-09 1.4541E-09 1.4702E-09 1.4859E-09 1.5011E-09 1.5157E-09 1.5291E-09 1.5421E-09 1.5539E-09 1.5643E-09 1.5735E-09 1.5818E-09 1.5894E-09 1.5963E-09 1.6021E-09
6.1178E-10 6.3070E-10 6.4992E-10 6.6942E-10 6.8920E-10 7.0925E-10 7.2941E-10 7.4995E-10 7.7072E-10 7.9174E-10 8.1293E-10 8.3416E-10 8.5588E-10 8.7729E-10 8.9934E-10 9.2115E-10 9.4342E-10 9.6527E-10 9.8767E-10 1.0098E-09 1.0320E-09 1.0543E-09 1.0763E-09 1.0987E-09 1.1207E-09 1.1428E-09 1.1647E-09 1.1863E-09 1.2081E-09 1.2292E-09 1.2505E-09 1.2714E-09 1.2922E-09 1.3126E-09 1.3326E-09 1.3526E-09 1.3717E-09 1.3907E-09 1.4095E-09 1.4277E-09 1.4459E-09 1.4636E-09 1.4810E-09 1.4979E-09 1.5144E-09 1.5307E-09 1.5459E-09 1.5608E-09 1.5745E-09 1.5874E-09 1.5994E-09 1.6095E-09 1.6188E-09 1.6271E-09 1.6348E-09 1.6416E-09 1.6476E-09
6.2866E-10 6.4815E-10 6.6794E-10 6.8802E-10 7.0840E-10 7.2905E-10 7.4996E-10 7.7112E-10 7.9256E-10 8.1404E-10 8.3590E-10 8.5793E-10 8.7984E-10 9.0257E-10 9.2479E-10 9.4763E-10 9.7008E-10 9.9329E-10 1.0159E-09 1.0389E-09 1.0617E-09 1.0848E-09 1.1078E-09 1.1304E-09 1.1533E-09 1.1759E-09 1.1986E-09 1.2210E-09 1.2434E-09 1.2654E-09 1.2872E-09 1.3089E-09 1.3300E-09 1.3512E-09 1.3719E-09 1.3923E-09 1.4124E-09 1.4320E-09 1.4512E-09 1.4701E-09 1.4887E-09 1.5072E-09 1.5251E-09 1.5427E-09 1.5594E-09 1.5761E-09 1.5918E-09 1.6066E-09 1.6207E-09 1.6336E-09 1.6453E-09 1.6555E-09 1.6647E-09 1.6734E-09 1.6808E-09 1.6876E-09 1.6936E-09
6.4580E-10 6.6586E-10 6.8624E-10 7.0692E-10 7.2790E-10 7.4916E-10 7.7070E-10 7.9253E-10 8.1457E-10 8.3688E-10 8.5923E-10 8.8198E-10 9.0486E-10 9.2779E-10 9.5103E-10 9.7405E-10 9.9788E-10 1.0211E-09 1.0450E-09 1.0683E-09 1.0922E-09 1.1158E-09 1.1393E-09 1.1630E-09 1.1864E-09 1.2099E-09 1.2332E-09 1.2562E-09 1.2791E-09 1.3020E-09 1.3245E-09 1.3467E-09 1.3689E-09 1.3906E-09 1.4121E-09 1.4329E-09 1.4537E-09 1.4739E-09 1.4937E-09 1.5135E-09 1.5327E-09 1.5516E-09 1.5700E-09 1.5879E-09 1.6055E-09 1.6222E-09 1.6383E-09 1.6533E-09 1.6672E-09 1.6803E-09 1.6919E-09 1.7023E-09 1.7114E-09 1.7201E-09 1.7275E-09 1.7343E-09 1.7402E-09
6.6319E-10 6.8384E-10 7.0481E-10 7.2610E-10 7.4770E-10 7.6958E-10 7.9179E-10 8.1423E-10 8.3696E-10 8.5976E-10 8.8313E-10 9.0636E-10 9.3013E-10 9.5358E-10 9.7735E-10 1.0016E-09 1.0256E-09 1.0499E-09 1.0739E-09 1.0986E-09 1.1228E-09 1.1473E-09 1.1716E-09 1.1960E-09 1.2201E-09 1.2442E-09 1.2683E-09 1.2921E-09 1.3159E-09 1.3393E-09 1.3625E-09 1.3854E-09 1.4081E-09 1.4306E-09 1.4526E-09 1.4745E-09 1.4958E-09 1.5168E-09 1.5371E-09 1.5575E-09 1.5773E-09 1.5968E-09 1.6160E-09 1.6343E-09 1.6521E-09 1.6691E-09 1.6852E-09 1.7004E-09 1.7146E-09 1.7279E-09 1.7394E-09 1.7497E-09 1.7588E-09 1.7673E-09 1.7749E-09 1.7817E-09 1.7875E-09
6.8083E-10 7.0207E-10 7.2365E-10 7.4556E-10 7.6778E-10 7.9034E-10 8.1316E-10 8.3629E-10 8.5951E-10 8.8333E-10 9.0704E-10 9.3131E-10 9.5528E-10 9.8011E-10 1.0044E-09 1.0292E-09 1.0540E-09 1.0788E-09 1.1041E-09 1.1289E-09 1.1543E-09 1.1792E-09 1.2043E-09 1.2293E-09 1.2544E-09 1.2792E-09 1.3040E-09 1.3285E-09 1.3529E-09 1.3772E-09 1.4011E-09 1.4250E-09 1.4483E-09 1.4716E-09 1.4941E-09 1.5164E-09 1.5386E-09 1.5601E-09 1.5814E-09 1.6023E-09 1.6230E-09 1.6430E-09 1.6625E-09 1.6812E-09 1.6994E-09 1.7166E-09 1.7332E-09 1.7485E-09 1.7627E-09 1.7760E-09 1.7872E-09 1.7977E-09 1.8069E-09 1.8154E-09 1.8230E-09 1.8295E-09 1.8353E-09
6.9871E-10 7.2055E-10 7.4275E-10 7.6528E-10 7.8818E-10 8.1135E-10 8.3487E-10 8.5849E-10 8.8274E-10 9.0690E-10 9.3165E-10 9.5613E-10 9.8149E-10 1.0064E-09 1.0319E-09 1.0571E-09 1.0828E-09 1.1086E-09 1.1342E-09 1.1602E-09 1.1857E-09 1.2119E-09 1.2376E-09 1.2635E-09 1.2892E-09 1.3147E-09 1.3401E-09 1.3656E-09 1.3907E-09 1.4158E-09 1.4404E-09 1.4648E-09 1.4891E-09 1.5128E-09 1.5364E-09 1.5594E-09 1.5823E-09 1.6045E-09 1.6261E-09 1.6478E-09 1.6690E-09 1.6898E-09 1.7097E-09 1.7289E-09 1.7473E-09 1.7648E-09 1.7814E-09 1.7972E-09 1.8114E-09 1.8246E-09 1.8358E-09 1.8461E-09 1.8555E-09 1.8638E-09 1.8717E-09 1.8781E-09 1.8839E-09
7.1681E-10 7.3927E-10 7.6209E-10 7.8530E-10 8.0881E-10 8.3268E-10 8.5668E-10 8.8134E-10 9.0593E-10 9.3114E-10 9.5610E-10 9.8198E-10 1.0074E-09 1.0335E-09 1.0593E-09 1.0858E-09 1.1120E-09 1.1385E-09 1.1650E-09 1.1915E-09 1.2182E-09 1.2447E-09 1.2714E-09 1.2979E-09 1.3245E-09 1.3508E-09 1.3772E-09 1.4032E-09 1.4291E-09 1.4547E-09 1.4805E-09 1.5054E-09 1.5302E-09 1.5549E-09 1.5790E-09 1.6030E-09 1.6263E-09 1.6494E-09 1.6720E-09 1.6944E-09 1.7161E-09 1.7371E-09 1.7575E-09 1.7772E-09 1.7960E-09 1.8139E-09 1.8304E-09 1.8462E-09 1.8607E-09 1.8736E-09 1.8850E-09 1.8952E-09 1.9049E-09 1.9132E-09 1.9208E-09 1.9274E-09 1.9331E-09
7.3514E-10 7.5822E-10 7.8172E-10 8.0553E-10 8.2974E-10 8.5410E-10 8.7914E-10 9.0414E-10 9.2978E-10 9.5520E-10 9.8156E-10 1.0075E-09 1.0342E-09 1.0605E-09 1.0878E-09 1.1144E-09 1.1416E-09 1.1688E-09 1.1961E-09 1.2234E-09 1.2509E-09 1.2782E-09 1.3055E-09 1.3330E-09 1.3604E-09 1.3875E-09 1.4144E-09 1.4414E-09 1.4680E-09 1.4946E-09 1.5208E-09 1.5469E-09 1.5722E-09 1.5979E-09 1.6227E-09 1.6470E-09 1.6714E-09 1.6949E-09 1.7183E-09 1.7412E-09 1.7636E-09 1.7855E-09 1.8063E-09 1.8264E-09 1.8452E-09 1.8630E-09 1.8801E-09 1.8960E-09 1.9105E-09 1.9233E-09 1.9346E-09 1.9450E-09 1.9545E-09 1.9631E-09 1.9709E-09 1.9773E-09 1.9832E-09
7.5368E-10 7.7743E-10 8.0153E-10 8.2605E-10 8.5074E-10 8.7614E-10 9.0151E-10 9.2757E-10 9.5342E-10 9.8025E-10 1.0067E-09 1.0339E-09 1.0607E-09 1.0886E-09 1.1159E-09 1.1439E-09 1.1715E-09 1.1995E-09 1.2277E-09 1.2558E-09 1.2841E-09 1.3122E-09 1.3403E-09 1.3685E-09 1.3965E-09 1.4246E-09 1.4524E-09 1.4800E-09 1.5076E-09 1.5348E-09 1.5619E-09 1.5885E-09 1.6151E-09 1.6411E-09 1.6669E-09 1.6921E-09 1.7170E-09 1.7414E-09 1.7652E-09 1.7892E-09 1.8120E-09 1.8341E-09 1.8555E-09 1.8756E-09 1.8951E-09 1.9131E-09 1.9304E-09 1.9465E-09 1.9607E-09 1.9734E-09 1.9849E-09 1.9955E-09 2.0052E-09 2.0136E-09 2.0213E-09 2.0279E-09 2.0333E-09
7.7245E-10 7.9681E-10 8.2161E-10 8.4660E-10 8.7234E-10 8.9807E-10 9.2451E-10 9.5077E-10 9.7803E-10 1.0049E-09 1.0326E-09 1.0600E-09 1.0884E-09 1.1163E-09 1.1449E-09 1.1731E-09 1.2020E-09 1.2307E-09 1.2595E-09 1.2886E-09 1.3175E-09 1.3466E-09 1.3755E-09 1.4044E-09 1.4334E-09 1.4621E-09 1.4910E-09 1.5192E-09 1.5478E-09 1.5756E-09 1.6034E-09 1.6312E-09 1.6581E-09 1.6853E-09 1.7115E-09 1.7376E-09 1.7631E-09 1.7883E-09 1.8132E-09 1.8374E-09 1.8612E-09 1.8836E-09 1.9054E-09 1.9258E-09 1.9453E-09 1.9637E-09 1.9811E-09 1.9971E-09 2.0115E-09 2.0242E-09 2.0361E-09 2.0465E-09 2.0562E-09 2.0648E-09 2.0721E-09 2.0791E-09 2.0849E-09
7.9138E-10 8.1643E-10 8.4171E-10 8.6774E-10 8.9380E-10 9.2059E-10 9.4723E-10 9.7491E-10 1.0022E-09 1.0304E-09 1.0583E-09 1.0872E-09 1.1156E-09 1.1448E-09 1.1737E-09 1.2032E-09 1.2326E-09 1.2623E-09 1.2919E-09 1.3217E-09 1.3515E-09 1.3812E-09 1.4111E-09 1.4409E-09 1.4707E-09 1.5004E-09 1.5296E-09 1.5592E-09 1.5881E-09 1.6172E-09 1.6458E-09 1.6742E-09 1.7022E-09 1.7295E-09 1.7571E-09 1.7836E-09 1.8103E-09 1.8360E-09 1.8616E-09 1.8865E-09 1.9104E-09 1.9337E-09 1.9554E-09 1.9764E-09 1.9962E-09 2.0149E-09 2.0324E-09 2.0483E-09 2.0626E-09 2.0756E-09 2.0875E-09 2.0982E-09 2.1076E-09 2.1166E-09 2.1243E-09 2.1313E-09 2.1369E-09
8.1053E-10 8.3605E-10 8.6236E-10 8.8872E-10 9.1584E-10 9.4283E-10 9.7089E-10 9.9861E-10 1.0272E-09 1.0556E-09 1.0850E-09 1.1139E-09 1.1437E-09 1.1731E-09 1.2033E-09 1.2333E-09 1.2637E-09 1.2940E-09 1.3246E-09 1.3551E-09 1.3859E-09 1.4165E-09 1.4470E-09 1.4778E-09 1.5084E-09 1.5388E-09 1.5692E-09 1.5991E-09 1.6296E-09 1.6590E-09 1.6886E-09 1.7176E-09 1.7466E-09 1.7749E-09 1.8027E-09 1.8306E-09 1.8575E-09 1.8845E-09 1.9104E-09 1.9362E-09 1.9606E-09 1.9842E-09 2.0065E-09 2.0275E-09 2.0475E-09 2.0664E-09 2.0841E-09 2.1004E-09 2.1148E-09 2.1277E-09 2.1392E-09 2.1502E-09 2.1603E-09 2.1693E-09 2.1769E-09 2.1837E-09 2.1894E-09
8.2965E-10 8.5621E-10 8.8284E-10 9.1025E-10 9.3757E-10 9.6597E-10 9.9407E-10 1.0231E-09 1.0519E-09 1.0817E-09 1.1112E-09 1.1415E-09 1.1715E-09 1.2022E-09 1.2329E-09 1.2639E-09 1.2949E-09 1.3263E-09 1.3577E-09 1.3891E-09 1.4207E-09 1.4521E-09 1.4835E-09 1.5151E-09 1.5464E-09 1.5778E-09 1.6089E-09 1.6402E-09 1.6708E-09 1.7016E-09 1.7316E-09 1.7619E-09 1.7913E-09 1.8207E-09 1.8494E-09 1.8777E-09 1.9058E-09 1.9330E-09 1.9601E-09 1.9860E-09 2.0113E-09 2.0351E-09 2.0577E-09 2.0791E-09 2.0992E-09 2.1185E-09 2.1363E-09 2.1526E-09 2.1668E-09 2.1800E-09 2.1919E-09 2.2033E-09 2.2131E-09 2.2221E-09 2.2300E-09 2.2371E-09 2.2428E-09
8.4929E-10 8.7616E-10 9.0384E-10 9.3145E-10 9.6017E-10 9.8862E-10 1.0180E-09 1.0472E-09 1.0775E-09 1.1074E-09 1.1382E-09 1.1687E-09 1.2001E-09 1.2313E-09 1.2630E-09 1.2946E-09 1.3266E-09 1.3588E-09 1.3909E-09 1.4233E-09 1.4556E-09 1.4883E-09 1.5204E-09 1.5528E-09 1.5850E-09 1.6171E-09 1.6495E-09 1.6810E-09 1.7130E-09 1.7441E-09 1.7756E-09 1.8061E-09 1.8370E-09 1.8668E-09 1.8965E-09 1.9257E-09 1.9543E-09 1.9825E-09 2.0100E-09 2.0370E-09 2.0623E-09 2.0867E-09 2.1093E-09 2.1310E-09 2.1518E-09 2.1713E-09 2.1892E-09 2.2053E-09 2.2196E-09 2.2329E-09 2.2454E-09 2.2567E-09 2.2667E-09 2.2757E-09 2.2839E-09 2.2911E-09 2.2972E-09
8.6871E-10 8.9662E-10 9.2449E-10 9.5350E-10 9.8226E-10 1.0120E-09 1.0416E-09 1.0723E-09 1.1026E-09 1.1338E-09 1.1649E-09 1.1967E-09 1.2286E-09 1.2608E-09 1.2931E-09 1.3258E-09 1.3587E-09 1.3915E-09 1.4247E-09 1.4577E-09 1.4913E-09 1.5242E-09 1.5578E-09 1.5907E-09 1.6242E-09 1.6572E-09 1.6898E-09 1.7229E-09 1.7551E-09 1.7877E-09 1.8194E-09 1.8515E-09 1.8825E-09 1.9138E-09 1.9440E-09 1.9741E-09 2.0034E-09 2.0325E-09 2.0608E-09 2.0880E-09 2.1139E-09 2.1381E-09 2.1616E-09 2.1840E-09 2.2047E-09 2.2240E-09 2.2421E-09 2.2585E-09 2.2733E-09 2.2866E-09 2.2994E-09 2.3106E-09 2.3211E-09 2.3297E-09 2.3384E-09 2.3452E-09 2.3517E-09
8.8847E-10 9.1671E-10 9.4597E-10 9.7501E-10 1.0050E-09 1.0350E-09 1.0660E-09 1.0968E-09 1.1284E-09 1.1599E-09 1.1923E-09 1.2246E-09 1.2574E-09 1.2903E-09 1.3236E-09 1.3572E-09 1.3907E-09 1.4246E-09 1.4585E-09 1.4928E-09 1.5266E-09 1.5611E-09 1.5949E-09 1.6293E-09 1.6633E-09 1.6974E-09 1.7311E-09 1.7647E-09 1.7982E-09 1.8313E-09 1.8643E-09 1.8966E-09 1.9291E-09 1.9606E-09 1.9921E-09 2.0227E-09 2.0533E-09 2.0828E-09 2.1117E-09 2.1395E-09 2.1657E-09 2.1906E-09 2.2144E-09 2.2367E-09 2.2579E-09 2.2776E-09 2.2961E-09 2.3120E-09 2.3270E-09 2.3406E-09 2.3536E-09 2.3649E-09 2.3755E-09 2.3850E-09 2.3936E-09 2.4005E-09 2.4058E-09
