Assets/Resources/2015_m01_d07_0100(utc+0800)_l00_csi_1hr_conc.grd
DSAA
         159         159
     -79.000      79.000
     -79.000      79.000
  0.0000E+00  0.4282E-05
[rows 50 to 74 of 159, columns 57 to 113 of 159]
6.9451E-09 7.6941E-09 8.5005E-09 9.3612E-09 1.0274E-08 1.1265E-08 1.2309E-08 1.3403E-08 1.4580E-08 1.5872E-08 1.7361E-08 1.9057E-08 2.0869E-08 2.2775E-08 2.4746E-08 2.6785E-08 2.8791E-08 3.0708E-08 3.2517E-08 3.4153E-08 3.5557E-08 3.6627E-08 3.7292E-08 3.7538E-08 3.7431E-08 3.7019E-08 3.6324E-08 3.5370E-08 3.4191E-08 3.2845E-08 3.1380E-08 2.9813E-08 2.8164E-08 2.6479E-08 2.4819E-08 2.3173E-08 2.1536E-08 1.9966E-08 1.8469E-08 1.7010E-08 1.5622E-08 1.4310E-08 1.3040E-08 1.1871E-08 1.0768E-08 9.7314E-09 8.7906E-09 7.9140E-09 7.1227E-09 6.4007E-09 5.7384E-09 5.1368E-09 4.5955E-09 4.1146E-09 3.6282E-09 3.2705E-09 2.9445E-09
6.8713E-09 7.6765E-09 8.5236E-09 9.4216E-09 1.0397E-08 1.1416E-08 1.2519E-08 1.3695E-08 1.4942E-08 1.6333E-08 1.7896E-08 1.9815E-08 2.1775E-08 2.3942E-08 2.6313E-08 2.8685E-08 3.1029E-08 3.3274E-08 3.5356E-08 3.7246E-08 3.8845E-08 4.0065E-08 4.0812E-08 4.1066E-08 4.0877E-08 4.0289E-08 3.9377E-08 3.8183E-08 3.6750E-08 3.5113E-08 3.3335E-08 3.1500E-08 2.9623E-08 2.7718E-08 2.5832E-08 2.4019E-08 2.2259E-08 2.0537E-08 1.8925E-08 1.7386E-08 1.5903E-08 1.4528E-08 1.3215E-08 1.1980E-08 1.0848E-08 9.7706E-09 8.8059E-09 7.9178E-09 7.1091E-09 6.3789E-09 5.6963E-09 5.0950E-09 4.5483E-09 4.0631E-09 3.6395E-09 3.2090E-09 2.8840E-09
6.7213E-09 7.5360E-09 8.4366E-09 9.4229E-09 1.0476E-08 1.1573E-08 1.2715E-08 1.3989E-08 1.5369E-08 1.6872E-08 1.8570E-08 2.0653E-08 2.2871E-08 2.5406E-08 2.8081E-08 3.0884E-08 3.3677E-08 3.6359E-08 3.8817E-08 4.0981E-08 4.2802E-08 4.4140E-08 4.4933E-08 4.5149E-08 4.4800E-08 4.3979E-08 4.2779E-08 4.1263E-08 3.9502E-08 3.7549E-08 3.5442E-08 3.3252E-08 3.1083E-08 2.8952E-08 2.6860E-08 2.4841E-08 2.2932E-08 2.1089E-08 1.9334E-08 1.7709E-08 1.6154E-08 1.4698E-08 1.3343E-08 1.2046E-08 1.0877E-08 9.7843E-09 8.7906E-09 7.8937E-09 7.0704E-09 6.3336E-09 5.6297E-09 5.0303E-09 4.4860E-09 3.9985E-09 3.5734E-09 3.1388E-09 2.8161E-09
6.5285E-09 7.3450E-09 8.2471E-09 9.2520E-09 1.0374E-08 1.1610E-08 1.2943E-08 1.4266E-08 1.5780E-08 1.7484E-08 1.9404E-08 2.1670E-08 2.4230E-08 2.7039E-08 3.0241E-08 3.3561E-08 3.6941E-08 4.0138E-08 4.3033E-08 4.5519E-08 4.7524E-08 4.8949E-08 4.9743E-08 4.9847E-08 4.9285E-08 4.8145E-08 4.6565E-08 4.4642E-08 4.2460E-08 4.0099E-08 3.7618E-08 3.5091E-08 3.2573E-08 3.0165E-08 2.7863E-08 2.5638E-08 2.3549E-08 2.1591E-08 1.9709E-08 1.7973E-08 1.6350E-08 1.4811E-08 1.3400E-08 1.2071E-08 1.0862E-08 9.7607E-09 8.7444E-09 7.8399E-09 7.0059E-09 6.2642E-09 5.5531E-09 4.9378E-09 4.4021E-09 3.9229E-09 3.4978E-09 3.0609E-09 2.7399E-09
6.3380E-09 7.1169E-09 7.9980E-09 9.0224E-09 1.0148E-08 1.1418E-08 1.2853E-08 1.4430E-08 1.6254E-08 1.8191E-08 2.0356E-08 2.2873E-08 2.5769E-08 2.9126E-08 3.2825E-08 3.6835E-08 4.0885E-08 4.4754E-08 4.8218E-08 5.1125E-08 5.3318E-08 5.4794E-08 5.5456E-08 5.5327E-08 5.4400E-08 5.2851E-08 5.0782E-08 4.8341E-08 4.5627E-08 4.2757E-08 3.9834E-08 3.6937E-08 3.4096E-08 3.1346E-08 2.8795E-08 2.6389E-08 2.4103E-08 2.2007E-08 2.0029E-08 1.8165E-08 1.6460E-08 1.4849E-08 1.3388E-08 1.2043E-08 1.0802E-08 9.6956E-09 8.6623E-09 7.7535E-09 6.9157E-09 6.1713E-09 5.4630E-09 4.8477E-09 4.3035E-09 3.8287E-09 3.4136E-09 2.9766E-09 2.6583E-09
6.1437E-09 6.9118E-09 7.7728E-09 8.7503E-09 9.8553E-09 1.1156E-08 1.2613E-08 1.4310E-08 1.6357E-08 1.8650E-08 2.1355E-08 2.4386E-08 2.7760E-08 3.1581E-08 3.5974E-08 4.0788E-08 4.5772E-08 5.0501E-08 5.4677E-08 5.7986E-08 6.0435E-08 6.1832E-08 6.2295E-08 6.1725E-08 6.0332E-08 5.8127E-08 5.5401E-08 5.2300E-08 4.8965E-08 4.5529E-08 4.2085E-08 3.8731E-08 3.5547E-08 3.2509E-08 2.9646E-08 2.7036E-08 2.4589E-08 2.2316E-08 2.0220E-08 1.8238E-08 1.6456E-08 1.4811E-08 1.3311E-08 1.1957E-08 1.0692E-08 9.5807E-09 8.5435E-09 7.6325E-09 6.7989E-09 6.0548E-09 5.3529E-09 4.7414E-09 4.2027E-09 3.7330E-09 3.3213E-09 2.8857E-09 2.5710E-09
5.9315E-09 6.6853E-09 7.5327E-09 8.5009E-09 9.6057E-09 1.0862E-08 1.2328E-08 1.4090E-08 1.6255E-08 1.8880E-08 2.1994E-08 2.5679E-08 2.9917E-08 3.4657E-08 3.9914E-08 4.5723E-08 5.1777E-08 5.7578E-08 6.2603E-08 6.6564E-08 6.9087E-08 7.0370E-08 7.0329E-08 6.9253E-08 6.7026E-08 6.4061E-08 6.0438E-08 5.6527E-08 5.2435E-08 4.8336E-08 4.4330E-08 4.0470E-08 3.6853E-08 3.3517E-08 3.0389E-08 2.7533E-08 2.4898E-08 2.2439E-08 2.0238E-08 1.8186E-08 1.6345E-08 1.4688E-08 1.3162E-08 1.1802E-08 1.0533E-08 9.4174E-09 8.3855E-09 7.4756E-09 6.6496E-09 5.8907E-09 5.2131E-09 4.6135E-09 4.0870E-09 3.6236E-09 3.2183E-09 2.8586E-09 2.4790E-09
5.7015E-09 6.4371E-09 7.2668E-09 8.2256E-09 9.3126E-09 1.0580E-08 1.2111E-08 1.3864E-08 1.6163E-08 1.9022E-08 2.2592E-08 2.6855E-08 3.1900E-08 3.7766E-08 4.4472E-08 5.1771E-08 5.9126E-08 6.6187E-08 7.2312E-08 7.6870E-08 7.9704E-08 8.0595E-08 8.0044E-08 7.7893E-08 7.4682E-08 7.0514E-08 6.5880E-08 6.0921E-08 5.5965E-08 5.1085E-08 4.6433E-08 4.2068E-08 3.7991E-08 3.4296E-08 3.0908E-08 2.7755E-08 2.4962E-08 2.2379E-08 2.0087E-08 1.8017E-08 1.6131E-08 1.4466E-08 1.2933E-08 1.1577E-08 1.0317E-08 9.2041E-09 8.1833E-09 7.2817E-09 6.4687E-09 5.7116E-09 5.0405E-09 4.4559E-09 3.9476E-09 3.5027E-09 3.1052E-09 2.7526E-09 2.3795E-09
5.4531E-09 6.1678E-09 6.9760E-09 7.9162E-09 8.9844E-09 1.0274E-08 1.1821E-08 1.3694E-08 1.6085E-08 1.9196E-08 2.3185E-08 2.8193E-08 3.4183E-08 4.1182E-08 4.9264E-08 5.8187E-08 6.7602E-08 7.6651E-08 8.3894E-08 8.9261E-08 9.2092E-08 9.2769E-08 9.1079E-08 8.7858E-08 8.3161E-08 7.7640E-08 7.1517E-08 6.5383E-08 5.9372E-08 5.3665E-08 4.8299E-08 4.3383E-08 3.8873E-08 3.4736E-08 3.1073E-08 2.7720E-08 2.4782E-08 2.2156E-08 1.9804E-08 1.7722E-08 1.5815E-08 1.4155E-08 1.2630E-08 1.1283E-08 1.0044E-08 8.9432E-09 7.9421E-09 7.0552E-09 6.2575E-09 5.5191E-09 4.8638E-09 4.2967E-09 3.8006E-09 3.3664E-09 2.9806E-09 2.6391E-09 2.2741E-09
5.1887E-09 5.8795E-09 6.6632E-09 7.5794E-09 8.6561E-09 9.9304E-09 1.1545E-08 1.3500E-08 1.6048E-08 1.9572E-08 2.4034E-08 2.9684E-08 3.6843E-08 4.5332E-08 5.5078E-08 6.5790E-08 7.6971E-08 8.7664E-08 9.6981E-08 1.0352E-07 1.0669E-07 1.0637E-07 1.0381E-07 9.8787E-08 9.2450E-08 8.5103E-08 7.7434E-08 6.9798E-08 6.2550E-08 5.5914E-08 4.9816E-08 4.4258E-08 3.9303E-08 3.4828E-08 3.0923E-08 2.7475E-08 2.4428E-08 2.1783E-08 1.9401E-08 1.7328E-08 1.5427E-08 1.3773E-08 1.2264E-08 1.0937E-08 9.7211E-09 8.6398E-09 7.6610E-09 6.7960E-09 6.0027E-09 5.2913E-09 4.6489E-09 4.1104E-09 3.6385E-09 3.2190E-09 2.8453E-09 2.5149E-09 2.1611E-09
4.9123E-09 5.5763E-09 6.3313E-09 7.2170E-09 8.2768E-09 9.5592E-09 1.1214E-08 1.3306E-08 1.6112E-08 1.9904E-08 2.5128E-08 3.1836E-08 4.0146E-08 5.0247E-08 6.1937E-08 7.4871E-08 8.8072E-08 1.0042E-07 1.1079E-07 1.1830E-07 1.2162E-07 1.2159E-07 1.1741E-07 1.1075E-07 1.0215E-07 9.2837E-08 8.3254E-08 7.4001E-08 6.5436E-08 5.7695E-08 5.0794E-08 4.4655E-08 3.9313E-08 3.4641E-08 3.0556E-08 2.7052E-08 2.3939E-08 2.1287E-08 1.8901E-08 1.6844E-08 1.4967E-08 1.3335E-08 1.1853E-08 1.0548E-08 9.3539E-09 8.3001E-09 7.3472E-09 6.5082E-09 5.7233E-09 5.0457E-09 4.4381E-09 3.9191E-09 3.4626E-09 3.0577E-09 2.6996E-09 2.3840E-09 2.0422E-09
4.6278E-09 5.2624E-09 5.9852E-09 6.8354E-09 7.8818E-09 9.1951E-09 1.0842E-08 1.3150E-08 1.6196E-08 2.0509E-08 2.6499E-08 3.4335E-08 4.4204E-08 5.6256E-08 7.0191E-08 8.5390E-08 1.0064E-07 1.1460E-07 1.2610E-07 1.3367E-07 1.3705E-07 1.3565E-07 1.3062E-07 1.2230E-07 1.1204E-07 1.0037E-07 8.8714E-08 7.7755E-08 6.7751E-08 5.8960E-08 5.1293E-08 4.4718E-08 3.9029E-08 3.4196E-08 2.9996E-08 2.6457E-08 2.3324E-08 2.0674E-08 1.8311E-08 1.6282E-08 1.4440E-08 1.2837E-08 1.1394E-08 1.0126E-08 8.9660E-09 7.9374E-09 7.0057E-09 6.1825E-09 5.4309E-09 4.7744E-09 4.2012E-09 3.7108E-09 3.2750E-09 2.8887E-09 2.5458E-09 2.2442E-09 1.9167E-09
4.3388E-09 4.9413E-09 5.6283E-09 6.4538E-09 7.4703E-09 8.7898E-09 1.0557E-08 1.2903E-08 1.6362E-08 2.1327E-08 2.8230E-08 3.7307E-08 4.9068E-08 6.3497E-08 8.0054E-08 9.7853E-08 1.1512E-07 1.3022E-07 1.4205E-07 1.4967E-07 1.5215E-07 1.4956E-07 1.4252E-07 1.3223E-07 1.1976E-07 1.0654E-07 9.3544E-08 8.0716E-08 6.9434E-08 5.9633E-08 5.1360E-08 4.4384E-08 3.8459E-08 3.3525E-08 2.9276E-08 2.5693E-08 2.2586E-08 1.9964E-08 1.7641E-08 1.5646E-08 1.3855E-08 1.2292E-08 1.0891E-08 9.6685E-09 8.5456E-09 7.5563E-09 6.6523E-09 5.8496E-09 5.1217E-09 4.5099E-09 3.9618E-09 3.4928E-09 3.0765E-09 2.7087E-09 2.3849E-09 2.1004E-09 1.7879E-09
4.0480E-09 4.6158E-09 5.2641E-09 6.0544E-09 7.0555E-09 8.3418E-09 1.0189E-08 1.2766E-08 1.6496E-08 2.2067E-08 3.0068E-08 4.0787E-08 5.4809E-08 7.1976E-08 9.1583E-08 1.1220E-07 1.3148E-07 1.4744E-07 1.5894E-07 1.6512E-07 1.6595E-07 1.6173E-07 1.5284E-07 1.4012E-07 1.2532E-07 1.1010E-07 9.5346E-08 8.1989E-08 7.0140E-08 5.9770E-08 5.0902E-08 4.3688E-08 3.7606E-08 3.2607E-08 2.8367E-08 2.4822E-08 2.1758E-08 1.9156E-08 1.6899E-08 1.4951E-08 1.3213E-08 1.1705E-08 1.0360E-08 9.1825E-09 8.0966E-09 7.1479E-09 6.2753E-09 5.5046E-09 4.8214E-09 4.2292E-09 3.7185E-09 3.2684E-09 2.8735E-09 2.5252E-09 2.2191E-09 1.9510E-09 1.6585E-09
3.7566E-09 4.2876E-09 4.8941E-09 5.6395E-09 6.5953E-09 7.9220E-09 9.7794E-09 1.2552E-08 1.6680E-08 2.2826E-08 3.2049E-08 4.4598E-08 6.1123E-08 8.1403E-08 1.0440E-07 1.2792E-07 1.4893E-07 1.6534E-07 1.7593E-07 1.7996E-07 1.7800E-07 1.7100E-07 1.5953E-07 1.4454E-07 1.2811E-07 1.1109E-07 9.5125E-08 8.0826E-08 6.8529E-08 5.8212E-08 4.9778E-08 4.2559E-08 3.6482E-08 3.1465E-08 2.7299E-08 2.3802E-08 2.0825E-08 1.8299E-08 1.6107E-08 1.4205E-08 1.2529E-08 1.1096E-08 9.8037E-09 8.6738E-09 7.6270E-09 6.7181E-09 5.8762E-09 5.1548E-09 4.5169E-09 3.9605E-09 3.4786E-09 3.0509E-09 2.6730E-09 2.3405E-09 2.0532E-09 1.7410E-09 1.5300E-09
3.4668E-09 3.9591E-09 4.5216E-09 5.2190E-09 6.1169E-09 7.4223E-09 9.3487E-09 1.2254E-08 1.6700E-08 2.3607E-08 3.3903E-08 4.8318E-08 6.7475E-08 9.1056E-08 1.1750E-07 1.4381E-07 1.6630E-07 1.8266E-07 1.9164E-07 1.9294E-07 1.8774E-07 1.7717E-07 1.6247E-07 1.4525E-07 1.2668E-07 1.0884E-07 9.2310E-08 7.7835E-08 6.5347E-08 5.5124E-08 4.6833E-08 4.0149E-08 3.4751E-08 3.0120E-08 2.6067E-08 2.2665E-08 1.9808E-08 1.7359E-08 1.5257E-08 1.3446E-08 1.1840E-08 1.0469E-08 9.2257E-09 8.1297E-09 7.1548E-09 6.2626E-09 5.4781E-09 4.7959E-09 4.2150E-09 3.6899E-09 3.2356E-09 2.8332E-09 2.4783E-09 2.1666E-09 1.8938E-09 1.6009E-09 1.4044E-09
3.1802E-09 3.6329E-09 4.1506E-09 4.7945E-09 5.6319E-09 6.8940E-09 8.7934E-09 1.1801E-08 1.6556E-08 2.3879E-08 3.5223E-08 5.1332E-08 7.2932E-08 9.9535E-08 1.2934E-07 1.5814E-07 1.8169E-07 1.9749E-07 2.0456E-07 2.0286E-07 1.9398E-07 1.7970E-07 1.6167E-07 1.4301E-07 1.2325E-07 1.0440E-07 8.7708E-08 7.2393E-08 6.0558E-08 5.0853E-08 4.3057E-08 3.6834E-08 3.1860E-08 2.7762E-08 2.4372E-08 2.1433E-08 1.8699E-08 1.6367E-08 1.4372E-08 1.2643E-08 1.1125E-08 9.7978E-09 8.6437E-09 7.6013E-09 6.6382E-09 5.7924E-09 5.0870E-09 4.4541E-09 3.8974E-09 3.4176E-09 2.9919E-09 2.6158E-09 2.2848E-09 1.9946E-09 1.7411E-09 1.4717E-09 1.2870E-09
2.8993E-09 3.3120E-09 3.7846E-09 4.3690E-09 5.1407E-09 6.3332E-09 8.1785E-09 1.1136E-08 1.6008E-08 2.3736E-08 3.5547E-08 5.2815E-08 7.6249E-08 1.0533E-07 1.3780E-07 1.6851E-07 1.9270E-07 2.0802E-07 2.1333E-07 2.0853E-07 1.9729E-07 1.7997E-07 1.5927E-07 1.3751E-07 1.1658E-07 9.7507E-08 8.0797E-08 6.6796E-08 5.5404E-08 4.5397E-08 3.8506E-08 3.2988E-08 2.8610E-08 2.4976E-08 2.1978E-08 1.9416E-08 1.7229E-08 1.5297E-08 1.3442E-08 1.1828E-08 1.0396E-08 9.1339E-09 8.0215E-09 7.0229E-09 6.1305E-09 5.3576E-09 4.6842E-09 4.1136E-09 3.5944E-09 3.1466E-09 2.7501E-09 2.4009E-09 2.0943E-09 1.8261E-09 1.5922E-09 1.3461E-09 1.1379E-09
2.5898E-09 2.9995E-09 3.4275E-09 3.9512E-09 4.6499E-09 5.7579E-09 7.4647E-09 1.0278E-08 1.4961E-08 2.2606E-08 3.4501E-08 5.2134E-08 7.6381E-08 1.0672E-07 1.4069E-07 1.7265E-07 1.9741E-07 2.1255E-07 2.1649E-07 2.1085E-07 1.9626E-07 1.7636E-07 1.5353E-07 1.3048E-07 1.0888E-07 8.9596E-08 7.3249E-08 5.9837E-08 4.9198E-08 4.0850E-08 3.3474E-08 2.8797E-08 2.5080E-08 2.2016E-08 1.9424E-08 1.7242E-08 1.5362E-08 1.3701E-08 1.2254E-08 1.0913E-08 9.6213E-09 8.4333E-09 7.4075E-09 6.4309E-09 5.6137E-09 4.9094E-09 4.3106E-09 3.7643E-09 3.2926E-09 2.8784E-09 2.5125E-09 2.1907E-09 1.9085E-09 1.6623E-09 1.4455E-09 1.2179E-09 1.0248E-09
2.3318E-09 2.6987E-09 3.0830E-09 3.5493E-09 4.1588E-09 5.1523E-09 6.6545E-09 9.2069E-09 1.3501E-08 2.0612E-08 3.1878E-08 4.8875E-08 7.2554E-08 1.0258E-07 1.3656E-07 1.6902E-07 1.9438E-07 2.1009E-07 2.1525E-07 2.0795E-07 1.9205E-07 1.7251E-07 1.4923E-07 1.2573E-07 1.0369E-07 8.4161E-08 6.7787E-08 5.3178E-08 4.3310E-08 3.5735E-08 2.9979E-08 2.4640E-08 2.1571E-08 1.9012E-08 1.6898E-08 1.5091E-08 1.3493E-08 1.2129E-08 1.0839E-08 9.6815E-09 8.6575E-09 7.6838E-09 6.7120E-09 5.8515E-09 5.1374E-09 4.4900E-09 3.9196E-09 3.4317E-09 2.9954E-09 2.6102E-09 2.2715E-09 1.9771E-09 1.7132E-09 1.4908E-09 1.2599E-09 1.0961E-09 9.2024E-10
2.0819E-09 2.3760E-09 2.7542E-09 3.1631E-09 3.6823E-09 4.5230E-09 5.8137E-09 7.9835E-09 1.1657E-08 1.7837E-08 2.7851E-08 4.3141E-08 6.4809E-08 9.2782E-08 1.2517E-07 1.5720E-07 1.8360E-07 2.0174E-07 2.0765E-07 2.0159E-07 1.8913E-07 1.6898E-07 1.4569E-07 1.2185E-07 9.9494E-08 7.9716E-08 6.3199E-08 5.0025E-08 3.9904E-08 3.1303E-08 2.6096E-08 2.2091E-08 1.8272E-08 1.6269E-08 1.4572E-08 1.3120E-08 1.1809E-08 1.0551E-08 9.4451E-09 8.5029E-09 7.5839E-09 6.6790E-09 5.9159E-09 5.2670E-09 4.6310E-09 4.0339E-09 3.5321E-09 3.0879E-09 2.6847E-09 2.3405E-09 2.0381E-09 1.7699E-09 1.5393E-09 1.3348E-09 1.1296E-09 9.5503E-10 8.2629E-10
1.7829E-09 2.0956E-09 2.4392E-09 2.7951E-09 3.2318E-09 3.9148E-09 4.9586E-09 6.6683E-09 9.6184E-09 1.4628E-08 2.2872E-08 3.5652E-08 5.4035E-08 7.8422E-08 1.0762E-07 1.3833E-07 1.6561E-07 1.8599E-07 1.9593E-07 1.9752E-07 1.8753E-07 1.6974E-07 1.4996E-07 1.2546E-07 1.0142E-07 7.8070E-08 6.0934E-08 4.7409E-08 3.7058E-08 2.9384E-08 2.2844E-08 1.9148E-08 1.5377E-08 1.3852E-08 1.2511E-08 1.1327E-08 1.0147E-08 9.2181E-09 8.2666E-09 7.3620E-09 6.4806E-09 5.7957E-09 5.1469E-09 4.5602E-09 4.0363E-09 3.5799E-09 3.1530E-09 2.7524E-09 2.4006E-09 2.0866E-09 1.8162E-09 1.5799E-09 1.3738E-09 1.1946E-09 1.0128E-09 8.6097E-10 7.0868E-10
1.5682E-09 1.7848E-09 2.0985E-09 2.4455E-09 2.7928E-09 3.3524E-09 4.1239E-09 5.4246E-09 7.6296E-09 1.1397E-08 1.7623E-08 2.7459E-08 4.1816E-08 6.1508E-08 8.6177E-08 1.1396E-07 1.4111E-07 1.6432E-07 1.8366E-07 1.9251E-07 1.9441E-07 1.8331E-07 1.6270E-07 1.3743E-07 1.1098E-07 8.5967E-08 6.4650E-08 4.6525E-08 3.5511E-08 2.7474E-08 2.0141E-08 1.6640E-08 1.4176E-08 1.1659E-08 1.0596E-08 9.5695E-09 8.7398E-09 7.9379E-09 7.1132E-09 6.3153E-09 5.6374E-09 4.9843E-09 4.4176E-09 3.9414E-09 3.5042E-09 3.0962E-09 2.7399E-09 2.4173E-09 2.1269E-09 1.8581E-09 1.6175E-09 1.4073E-09 1.2242E-09 1.0130E-09 8.4174E-10 7.2925E-10 6.2579E-10
1.3184E-09 1.5420E-09 1.7959E-09 2.0474E-09 2.4033E-09 2.7616E-09 3.2793E-09 4.2924E-09 5.8754E-09 8.4738E-09 1.2826E-08 1.9668E-08 2.9903E-08 4.4391E-08 6.3558E-08 8.6801E-08 1.1303E-07 1.4008E-07 1.6687E-07 1.9240E-07 2.0799E-07 2.0769E-07 1.9108E-07 1.6323E-07 1.3124E-07 9.9622E-08 7.2936E-08 5.1964E-08 3.5079E-08 2.6081E-08 1.9813E-08 1.4626E-08 1.2367E-08 9.8992E-09 9.0261E-09 8.2148E-09 7.4644E-09 6.7458E-09 6.0594E-09 5.4485E-09 4.8964E-09 4.3777E-09 3.8956E-09 3.4283E-09 3.0258E-09 2.6779E-09 2.3733E-09 2.0968E-09 1.8475E-09 1.6240E-09 1.3891E-09 1.1179E-09 9.8213E-10 8.6216E-10 7.5665E-10 6.4072E-10 5.4127E-10
1.1399E-09 1.3232E-09 1.4987E-09 1.7499E-09 2.0354E-09 2.3292E-09 2.7045E-09 3.2517E-09 4.2500E-09 6.0759E-09 8.9024E-09 1.3235E-08 1.9782E-08 2.9341E-08 4.2723E-08 6.0816E-08 8.4406E-08 1.1241E-07 1.4548E-07 1.8799E-07 2.2699E-07 2.5524E-07 2.4911E-07 2.2474E-07 2.2396E-07 1.2909E-07 8.5741E-08 5.8016E-08 3.9027E-08 2.5206E-08 1.8418E-08 1.2893E-08 1.0774E-08 8.4063E-09 7.6740E-09 7.0129E-09 6.3703E-09 5.7819E-09 5.2611E-09 4.7595E-09 4.2823E-09 3.8095E-09 3.3942E-09 3.0113E-09 2.6615E-09 2.3444E-09 2.0591E-09 1.7316E-09 1.4525E-09 1.2841E-09 1.1326E-09 9.9727E-10 8.7704E-10 7.7076E-10 6.6050E-10 5.6689E-10 4.8632E-10
