Assets/Resources/2015_m01_d08_2100(utc+0800)_l00_csi_1hr_conc.grd
DSAA
         159         159
     -79.000      79.000
     -79.000      79.000
  0.2883E-09  0.5171E-05
[rows 100 to 124 of 159, columns 0 to 56 of 159]
8.3848E-10 8.6508E-10 9.0432E-10 9.3249E-10 9.6164E-10 9.9180E-10 1.0229E-09 1.0516E-09 1.0908E-09 1.1330E-09 1.1767E-09 1.2119E-09 1.2484E-09 1.2862E-09 1.3253E-09 1.3755E-09 1.4188E-09 1.4639E-09 1.5107E-09 1.5813E-09 1.6473E-09 1.7260E-09 1.7976E-09 1.8855E-09 1.9678E-09 2.0604E-09 2.1956E-09 2.2952E-09 2.4012E-09 2.5142E-09 2.6345E-09 2.7626E-09 2.8989E-09 3.0438E-09 3.2135E-09 3.3789E-09 3.5698E-09 3.7575E-09 3.9711E-09 4.1827E-09 4.4061E-09 4.6415E-09 4.8889E-09 5.1479E-09 5.4197E-09 5.7038E-09 6.0001E-09 6.3086E-09 6.6289E-09 6.9768E-09 7.3210E-09 7.6952E-09 8.0619E-09 8.4621E-09 8.8487E-09 9.2425E-09 9.6424E-09
8.2718E-10 8.5524E-10 8.9393E-10 9.2176E-10 9.5055E-10 9.8033E-10 1.0076E-09 1.0394E-09 1.0781E-09 1.1163E-09 1.1628E-09 1.1976E-09 1.2337E-09 1.2710E-09 1.3096E-09 1.3591E-09 1.4019E-09 1.4464E-09 1.4925E-09 1.5512E-09 1.6220E-09 1.7033E-09 1.7735E-09 1.8483E-09 1.9400E-09 2.0272E-09 2.1619E-09 2.2592E-09 2.3629E-09 2.4733E-09 2.5907E-09 2.7157E-09 2.8486E-09 2.9898E-09 3.1398E-09 3.3146E-09 3.4852E-09 3.6810E-09 3.8867E-09 4.0920E-09 4.3079E-09 4.5359E-09 4.7755E-09 5.0270E-09 5.2904E-09 5.5659E-09 5.8532E-09 6.1519E-09 6.4625E-09 6.7843E-09 7.1315E-09 7.4757E-09 7.8469E-09 8.2112E-09 8.6056E-09 8.9871E-09 9.3747E-09
8.1512E-10 8.4529E-10 8.8341E-10 9.1089E-10 9.3932E-10 9.6872E-10 9.9560E-10 1.0270E-09 1.0652E-09 1.1029E-09 1.1488E-09 1.1831E-09 1.2187E-09 1.2555E-09 1.2935E-09 1.3425E-09 1.3847E-09 1.4285E-09 1.4740E-09 1.5212E-09 1.6008E-09 1.6756E-09 1.7490E-09 1.8223E-09 1.9116E-09 1.9969E-09 2.1160E-09 2.2227E-09 2.3239E-09 2.4315E-09 2.5460E-09 2.6678E-09 2.7973E-09 2.9348E-09 3.0808E-09 3.2493E-09 3.4151E-09 3.6028E-09 3.7898E-09 3.9994E-09 4.2090E-09 4.4297E-09 4.6617E-09 4.9052E-09 5.1597E-09 5.4263E-09 5.7045E-09 5.9942E-09 6.2950E-09 6.6067E-09 6.9289E-09 7.2743E-09 7.6169E-09 7.9839E-09 8.3444E-09 8.7316E-09 9.1068E-09
8.0547E-10 8.3524E-10 8.7278E-10 8.9630E-10 9.2438E-10 9.5344E-10 9.8349E-10 1.0145E-09 1.0521E-09 1.0893E-09 1.1345E-09 1.1684E-09 1.2035E-09 1.2397E-09 1.2773E-09 1.3256E-09 1.3672E-09 1.4103E-09 1.4551E-09 1.5016E-09 1.5687E-09 1.6410E-09 1.7239E-09 1.7957E-09 1.8766E-09 1.9627E-09 2.0515E-09 2.1855E-09 2.2842E-09 2.3891E-09 2.5006E-09 2.6191E-09 2.7451E-09 2.8788E-09 3.0200E-09 3.1703E-09 3.3428E-09 3.5130E-09 3.7053E-09 3.8965E-09 4.1094E-09 4.3221E-09 4.5464E-09 4.7819E-09 5.0285E-09 5.2864E-09 5.5555E-09 5.8357E-09 6.1267E-09 6.4282E-09 6.7399E-09 7.0614E-09 7.3919E-09 7.7435E-09 8.0911E-09 8.4604E-09 8.8218E-09
7.9574E-10 8.2509E-10 8.5360E-10 8.8525E-10 9.1295E-10 9.4161E-10 9.7124E-10 1.0018E-09 1.0389E-09 1.0686E-09 1.1201E-09 1.1535E-09 1.1880E-09 1.2238E-09 1.2689E-09 1.3084E-09 1.3494E-09 1.3919E-09 1.4359E-09 1.4817E-09 1.5435E-09 1.6138E-09 1.6941E-09 1.7687E-09 1.8436E-09 1.9279E-09 2.0183E-09 2.1479E-09 2.2439E-09 2.3460E-09 2.4545E-09 2.5690E-09 2.6912E-09 2.8209E-09 2.9585E-09 3.1044E-09 3.2590E-09 3.4352E-09 3.6084E-09 3.8039E-09 3.9987E-09 4.2144E-09 4.4312E-09 4.6587E-09 4.8970E-09 5.1462E-09 5.4061E-09 5.6768E-09 5.9579E-09 6.2492E-09 6.5504E-09 6.8610E-09 7.1804E-09 7.5080E-09 7.8542E-09 8.1968E-09 8.5581E-09
7.8592E-10 8.1246E-10 8.3580E-10 8.7410E-10 9.0140E-10 9.2966E-10 9.5887E-10 9.8899E-10 1.0166E-09 1.0548E-09 1.0991E-09 1.1384E-09 1.1724E-09 1.2076E-09 1.2521E-09 1.2910E-09 1.3313E-09 1.3731E-09 1.4165E-09 1.4615E-09 1.5221E-09 1.5799E-09 1.6579E-09 1.7350E-09 1.8146E-09 1.8965E-09 1.9811E-09 2.0892E-09 2.2025E-09 2.3015E-09 2.4067E-09 2.5184E-09 2.6370E-09 2.7629E-09 2.8964E-09 3.0370E-09 3.1863E-09 3.3443E-09 3.5237E-09 3.7013E-09 3.8996E-09 4.0979E-09 4.3159E-09 4.5355E-09 4.7655E-09 5.0059E-09 5.2567E-09 5.5178E-09 5.7890E-09 6.0701E-09 6.3607E-09 6.6604E-09 6.9687E-09 7.2849E-09 7.6084E-09 7.9480E-09 8.2843E-09
7.7422E-10 7.9799E-10 8.2520E-10 8.6285E-10 8.8976E-10 9.1760E-10 9.4638E-10 9.7253E-10 1.0033E-09 1.0408E-09 1.0778E-09 1.1231E-09 1.1566E-09 1.1913E-09 1.2351E-09 1.2734E-09 1.3130E-09 1.3542E-09 1.3968E-09 1.4410E-09 1.4869E-09 1.5500E-09 1.6215E-09 1.6986E-09 1.7789E-09 1.8642E-09 1.9427E-09 2.0301E-09 2.1602E-09 2.2570E-09 2.3591E-09 2.4675E-09 2.5817E-09 2.7035E-09 2.8324E-09 2.9690E-09 3.1135E-09 3.2664E-09 3.4279E-09 3.6101E-09 3.7910E-09 3.9917E-09 4.2008E-09 4.4125E-09 4.6342E-09 4.8659E-09 5.1076E-09 5.3592E-09 5.6205E-09 5.8914E-09 6.1714E-09 6.4602E-09 6.7572E-09 7.0620E-09 7.3739E-09 7.6921E-09 8.0240E-09
7.6430E-10 7.8527E-10 8.1453E-10 8.5151E-10 8.7802E-10 9.0544E-10 9.3378E-10 9.5954E-10 9.8981E-10 1.0267E-09 1.0632E-09 1.1077E-09 1.1406E-09 1.1748E-09 1.2179E-09 1.2556E-09 1.2945E-09 1.3350E-09 1.3769E-09 1.4203E-09 1.4654E-09 1.5270E-09 1.5921E-09 1.6664E-09 1.7485E-09 1.8222E-09 1.9081E-09 1.9929E-09 2.1160E-09 2.2108E-09 2.3103E-09 2.4151E-09 2.5262E-09 2.6439E-09 2.7687E-09 2.9007E-09 3.0405E-09 3.1882E-09 3.3442E-09 3.5189E-09 3.6934E-09 3.8857E-09 4.0794E-09 4.2900E-09 4.5034E-09 4.7264E-09 4.9590E-09 5.2012E-09 5.4527E-09 5.7133E-09 5.9828E-09 6.2607E-09 6.5466E-09 6.8400E-09 7.1401E-09 7.4465E-09 7.7582E-09
7.5432E-10 7.7499E-10 8.0379E-10 8.3176E-10 8.6619E-10 8.9319E-10 9.1755E-10 9.4645E-10 9.7623E-10 1.0125E-09 1.0483E-09 1.0921E-09 1.1245E-09 1.1649E-09 1.2006E-09 1.2375E-09 1.2759E-09 1.3156E-09 1.3567E-09 1.3990E-09 1.4431E-09 1.5030E-09 1.5668E-09 1.6346E-09 1.7140E-09 1.7901E-09 1.8689E-09 1.9513E-09 2.0385E-09 2.1631E-09 2.2608E-09 2.3630E-09 2.4704E-09 2.5842E-09 2.7048E-09 2.8324E-09 2.9673E-09 3.1099E-09 3.2605E-09 3.4192E-09 3.5959E-09 3.7728E-09 3.9666E-09 4.1621E-09 4.3734E-09 4.5878E-09 4.8114E-09 5.0442E-09 5.2859E-09 5.5364E-09 5.7953E-09 6.0624E-09 6.3372E-09 6.6192E-09 6.9077E-09 7.2022E-09 7.5019E-09
7.4244E-10 7.6465E-10 7.9298E-10 8.2052E-10 8.5074E-10 8.7733E-10 9.0484E-10 9.3327E-10 9.6256E-10 9.9130E-10 1.0266E-09 1.0700E-09 1.1083E-09 1.1480E-09 1.1831E-09 1.2194E-09 1.2567E-09 1.2956E-09 1.3358E-09 1.3776E-09 1.4208E-09 1.4724E-09 1.5274E-09 1.5934E-09 1.6791E-09 1.7524E-09 1.8309E-09 1.9099E-09 1.9946E-09 2.1178E-09 2.2100E-09 2.3095E-09 2.4146E-09 2.5246E-09 2.6410E-09 2.7641E-09 2.8942E-09 3.0317E-09 3.1768E-09 3.3297E-09 3.4908E-09 3.6690E-09 3.8476E-09 4.0423E-09 4.2389E-09 4.4444E-09 4.6624E-09 4.8885E-09 5.1205E-09 5.3609E-09 5.6095E-09 5.8658E-09 6.1295E-09 6.4002E-09 6.6772E-09 6.9599E-09 7.2477E-09
7.3241E-10 7.5245E-10 7.7551E-10 8.0205E-10 8.3884E-10 8.6500E-10 8.9206E-10 9.2001E-10 9.4880E-10 9.7510E-10 1.0117E-09 1.0477E-09 1.0919E-09 1.1278E-09 1.1651E-09 1.2006E-09 1.2374E-09 1.2756E-09 1.3151E-09 1.3557E-09 1.3979E-09 1.4417E-09 1.5020E-09 1.5661E-09 1.6342E-09 1.7136E-09 1.7894E-09 1.8695E-09 1.9505E-09 2.0373E-09 2.1616E-09 2.2559E-09 2.3570E-09 2.4650E-09 2.5773E-09 2.6960E-09 2.8214E-09 2.9538E-09 3.0935E-09 3.2406E-09 3.3955E-09 3.5583E-09 3.7375E-09 3.9173E-09 4.1122E-09 4.3094E-09 4.5149E-09 4.7287E-09 4.9508E-09 5.1871E-09 5.4255E-09 5.6713E-09 5.9241E-09 6.1835E-09 6.4490E-09 6.7201E-09 6.9960E-09
7.2234E-10 7.4207E-10 7.6231E-10 7.9084E-10 8.1856E-10 8.5260E-10 8.7920E-10 9.0668E-10 9.3152E-10 9.6083E-10 9.9674E-10 1.0321E-09 1.0755E-09 1.1107E-09 1.1440E-09 1.1820E-09 1.2178E-09 1.2551E-09 1.2937E-09 1.3337E-09 1.3750E-09 1.4179E-09 1.4765E-09 1.5387E-09 1.5978E-09 1.6774E-09 1.7504E-09 1.8281E-09 1.9075E-09 1.9906E-09 2.1133E-09 2.2044E-09 2.3008E-09 2.4031E-09 2.5139E-09 2.6282E-09 2.7489E-09 2.8763E-09 3.0106E-09 3.1521E-09 3.3009E-09 3.4572E-09 3.6283E-09 3.8008E-09 3.9813E-09 4.1724E-09 4.3727E-09 4.5776E-09 4.7902E-09 5.0106E-09 5.2383E-09 5.4733E-09 5.7179E-09 5.9695E-09 6.2237E-09 6.4832E-09 6.7474E-09
7.1037E-10 7.3164E-10 7.5156E-10 7.7958E-10 8.0682E-10 8.4016E-10 8.6630E-10 8.8975E-10 9.1770E-10 9.4648E-10 9.8172E-10 1.0164E-09 1.0619E-09 1.0933E-09 1.1259E-09 1.1628E-09 1.1981E-09 1.2346E-09 1.2724E-09 1.3116E-09 1.3521E-09 1.3940E-09 1.4442E-09 1.4980E-09 1.5622E-09 1.6413E-09 1.7117E-09 1.7908E-09 1.8639E-09 1.9448E-09 2.0455E-09 2.1531E-09 2.2460E-09 2.3443E-09 2.4481E-09 2.5608E-09 2.6771E-09 2.7995E-09 2.9285E-09 3.0643E-09 3.2071E-09 3.3571E-09 3.5144E-09 3.6856E-09 3.8585E-09 4.0389E-09 4.2270E-09 4.4228E-09 4.6319E-09 4.8426E-09 5.0605E-09 5.2851E-09 5.5162E-09 5.7534E-09 5.9962E-09 6.2441E-09 6.4965E-09
7.0029E-10 7.1938E-10 7.3896E-10 7.6829E-10 7.9505E-10 8.2411E-10 8.4981E-10 8.7639E-10 9.0383E-10 9.3209E-10 9.5777E-10 9.9383E-10 1.0327E-09 1.0730E-09 1.1078E-09 1.1438E-09 1.1784E-09 1.2141E-09 1.2511E-09 1.2894E-09 1.3291E-09 1.3701E-09 1.4126E-09 1.4712E-09 1.5334E-09 1.5924E-09 1.6672E-09 1.7437E-09 1.8205E-09 1.8990E-09 1.9815E-09 2.1021E-09 2.1917E-09 2.2863E-09 2.3861E-09 2.4916E-09 2.6040E-09 2.7234E-09 2.8472E-09 2.9774E-09 3.1143E-09 3.2581E-09 3.4088E-09 3.5665E-09 3.7343E-09 3.9099E-09 4.0897E-09 4.2767E-09 4.4708E-09 4.6718E-09 4.8801E-09 5.1000E-09 5.3207E-09 5.5472E-09 5.7791E-09 6.0158E-09 6.2568E-09
6.9019E-10 7.0895E-10 7.2820E-10 7.5042E-10 7.7609E-10 8.0343E-10 8.3690E-10 8.6299E-10 8.8992E-10 9.1415E-10 9.4286E-10 9.7819E-10 1.0129E-09 1.0557E-09 1.0897E-09 1.1221E-09 1.1586E-09 1.1936E-09 1.2298E-09 1.2673E-09 1.3061E-09 1.3462E-09 1.3877E-09 1.4445E-09 1.4979E-09 1.5618E-09 1.6297E-09 1.7035E-09 1.7775E-09 1.8534E-09 1.9332E-09 2.0138E-09 2.1369E-09 2.2288E-09 2.3248E-09 2.4260E-09 2.5328E-09 2.6453E-09 2.7669E-09 2.8917E-09 3.0228E-09 3.1604E-09 3.3046E-09 3.4555E-09 3.6132E-09 3.7777E-09 3.9503E-09 4.1333E-09 4.3186E-09 4.5104E-09 4.7087E-09 4.9131E-09 5.1233E-09 5.3391E-09 5.5615E-09 5.7917E-09 6.0216E-09
6.7822E-10 6.9665E-10 7.1743E-10 7.3685E-10 7.6444E-10 7.9126E-10 8.2397E-10 8.4957E-10 8.7598E-10 8.9976E-10 9.2791E-10 9.6251E-10 9.9651E-10 1.0384E-09 1.0715E-09 1.1033E-09 1.1388E-09 1.1730E-09 1.2085E-09 1.2451E-09 1.2830E-09 1.3222E-09 1.3628E-09 1.4047E-09 1.4631E-09 1.5248E-09 1.5834E-09 1.6639E-09 1.7287E-09 1.8119E-09 1.8853E-09 1.9629E-09 2.0818E-09 2.1700E-09 2.2641E-09 2.3613E-09 2.4637E-09 2.5715E-09 2.6849E-09 2.8048E-09 2.9326E-09 3.0642E-09 3.2020E-09 3.3462E-09 3.4968E-09 3.6539E-09 3.8174E-09 3.9874E-09 4.1637E-09 4.3500E-09 4.5410E-09 4.7359E-09 4.9362E-09 5.1418E-09 5.3523E-09 5.5672E-09 5.7860E-09
6.6077E-10 6.8626E-10 7.0484E-10 7.2390E-10 7.5276E-10 7.7907E-10 8.0263E-10 8.3255E-10 8.5854E-10 8.8535E-10 9.1294E-10 9.3791E-10 9.7325E-10 1.0146E-09 1.0509E-09 1.0844E-09 1.1190E-09 1.1525E-09 1.1871E-09 1.2229E-09 1.2600E-09 1.2983E-09 1.3379E-09 1.3788E-09 1.4352E-09 1.4881E-09 1.5515E-09 1.6187E-09 1.6872E-09 1.7637E-09 1.8379E-09 1.9162E-09 1.9950E-09 2.1132E-09 2.2014E-09 2.2974E-09 2.3956E-09 2.4989E-09 2.6074E-09 2.7215E-09 2.8411E-09 2.9680E-09 3.1013E-09 3.2389E-09 3.3826E-09 3.5324E-09 3.6883E-09 3.8503E-09 4.0183E-09 4.1922E-09 4.3718E-09 4.5570E-09 4.7500E-09 4.9488E-09 5.1491E-09 5.3536E-09 5.5618E-09
6.5093E-10 6.7398E-10 6.9410E-10 7.1282E-10 7.3449E-10 7.5964E-10 7.8647E-10 8.1919E-10 8.4466E-10 8.7094E-10 8.9445E-10 9.2244E-10 9.5701E-10 9.9092E-10 1.0329E-09 1.0656E-09 1.0992E-09 1.1320E-09 1.1658E-09 1.2008E-09 1.2369E-09 1.2743E-09 1.3130E-09 1.3530E-09 1.3943E-09 1.4521E-09 1.5198E-09 1.5776E-09 1.6502E-09 1.7199E-09 1.7912E-09 1.8665E-09 1.9422E-09 2.0581E-09 2.1428E-09 2.2319E-09 2.3272E-09 2.4274E-09 2.5312E-09 2.6402E-09 2.7546E-09 2.8743E-09 2.9997E-09 3.1322E-09 3.2707E-09 3.4135E-09 3.5620E-09 3.7162E-09 3.8761E-09 4.0416E-09 4.2124E-09 4.3885E-09 4.5696E-09 4.7554E-09 4.9455E-09 5.1397E-09 5.3388E-09
6.4109E-10 6.5613E-10 6.8153E-10 6.9989E-10 7.2060E-10 7.4763E-10 7.7392E-10 8.0583E-10 8.3078E-10 8.5652E-10 8.7957E-10 9.0696E-10 9.4076E-10 9.7391E-10 1.0149E-09 1.0467E-09 1.0775E-09 1.1114E-09 1.1445E-09 1.1787E-09 1.2140E-09 1.2505E-09 1.2882E-09 1.3272E-09 1.3675E-09 1.4232E-09 1.4754E-09 1.5378E-09 1.5968E-09 1.6709E-09 1.7453E-09 1.8174E-09 1.8937E-09 1.9703E-09 2.0851E-09 2.1704E-09 2.2601E-09 2.3544E-09 2.4564E-09 2.5605E-09 2.6697E-09 2.7839E-09 2.9034E-09 3.0283E-09 3.1585E-09 3.2950E-09 3.4385E-09 3.5852E-09 3.7372E-09 3.8945E-09 4.0569E-09 4.2242E-09 4.3962E-09 4.5727E-09 4.7532E-09 4.9376E-09 5.1253E-09
6.3126E-10 6.4606E-10 6.7087E-10 6.8888E-10 7.0737E-10 7.3563E-10 7.6137E-10 7.8432E-10 8.1333E-10 8.3862E-10 8.6470E-10 8.9150E-10 9.1566E-10 9.5011E-10 9.9053E-10 1.0258E-09 1.0579E-09 1.0900E-09 1.1233E-09 1.1566E-09 1.1911E-09 1.2267E-09 1.2635E-09 1.3015E-09 1.3408E-09 1.3814E-09 1.4382E-09 1.4980E-09 1.5618E-09 1.6290E-09 1.7005E-09 1.7697E-09 1.8426E-09 1.9161E-09 1.9934E-09 2.1100E-09 2.1958E-09 2.2859E-09 2.3805E-09 2.4804E-09 2.5866E-09 2.6955E-09 2.8093E-09 2.9282E-09 3.0521E-09 3.1812E-09 3.3153E-09 3.4545E-09 3.6013E-09 3.7512E-09 3.9054E-09 4.0642E-09 4.2274E-09 4.3949E-09 4.5662E-09 4.7410E-09 4.9191E-09
6.2142E-10 6.3600E-10 6.5837E-10 6.7603E-10 6.9602E-10 7.1463E-10 7.4160E-10 7.6780E-10 7.9958E-10 8.2433E-10 8.4984E-10 8.7257E-10 8.9971E-10 9.3335E-10 9.6630E-10 1.0072E-09 1.0385E-09 1.0688E-09 1.1012E-09 1.1346E-09 1.1683E-09 1.2030E-09 1.2389E-09 1.2759E-09 1.3142E-09 1.3538E-09 1.4016E-09 1.4596E-09 1.5208E-09 1.5786E-09 1.6506E-09 1.7194E-09 1.7922E-09 1.8627E-09 1.9402E-09 2.0507E-09 2.1328E-09 2.2189E-09 2.3091E-09 2.4037E-09 2.5027E-09 2.6074E-09 2.7175E-09 2.8306E-09 2.9484E-09 3.0710E-09 3.1985E-09 3.3307E-09 3.4676E-09 3.6092E-09 3.7552E-09 3.9083E-09 4.0635E-09 4.2222E-09 4.3845E-09 4.5502E-09 4.7189E-09
6.1161E-10 6.2594E-10 6.4049E-10 6.6511E-10 6.8287E-10 7.0110E-10 7.2929E-10 7.5493E-10 7.7767E-10 8.1007E-10 8.3502E-10 8.5728E-10 8.8380E-10 9.1663E-10 9.4184E-10 9.8865E-10 1.0179E-09 1.0486E-09 1.0792E-09 1.1119E-09 1.1455E-09 1.1794E-09 1.2143E-09 1.2505E-09 1.2877E-09 1.3263E-09 1.3660E-09 1.4216E-09 1.4802E-09 1.5425E-09 1.6009E-09 1.6674E-09 1.7400E-09 1.8139E-09 1.8847E-09 1.9592E-09 2.0710E-09 2.1532E-09 2.2393E-09 2.3295E-09 2.4238E-09 2.5223E-09 2.6253E-09 2.7337E-09 2.8474E-09 2.9639E-09 3.0849E-09 3.2103E-09 3.3402E-09 3.4744E-09 3.6128E-09 3.7554E-09 3.9018E-09 4.0520E-09 4.2059E-09 4.3654E-09 4.5251E-09
6.0180E-10 6.1590E-10 6.3021E-10 6.5236E-10 6.7163E-10 6.8949E-10 7.1702E-10 7.4208E-10 7.6073E-10 7.9229E-10 8.1678E-10 8.4202E-10 8.6794E-10 8.9121E-10 9.2460E-10 9.5725E-10 9.9796E-10 1.0276E-09 1.0584E-09 1.0892E-09 1.1220E-09 1.1559E-09 1.1900E-09 1.2251E-09 1.2614E-09 1.2989E-09 1.3376E-09 1.3844E-09 1.4410E-09 1.4937E-09 1.5569E-09 1.6159E-09 1.6928E-09 1.7600E-09 1.8304E-09 1.9016E-09 1.9762E-09 2.0890E-09 2.1712E-09 2.2571E-09 2.3468E-09 2.4406E-09 2.5385E-09 2.6405E-09 2.7466E-09 2.8574E-09 2.9745E-09 3.0935E-09 3.2166E-09 3.3437E-09 3.4748E-09 3.6098E-09 3.7484E-09 3.8904E-09 4.0358E-09 4.1840E-09 4.3350E-09
5.9202E-10 6.0588E-10 6.1995E-10 6.3422E-10 6.5861E-10 6.7609E-10 6.9588E-10 7.2208E-10 7.4755E-10 7.7004E-10 8.0216E-10 8.2682E-10 8.4869E-10 8.7488E-10 9.0742E-10 9.3925E-10 9.7888E-10 1.0069E-09 1.0368E-09 1.0677E-09 1.0986E-09 1.1315E-09 1.1657E-09 1.2000E-09 1.2353E-09 1.2718E-09 1.3094E-09 1.3482E-09 1.3955E-09 1.4529E-09 1.5199E-09 1.5702E-09 1.6404E-09 1.7072E-09 1.7771E-09 1.8452E-09 1.9165E-09 1.9946E-09 2.1047E-09 2.1865E-09 2.2719E-09 2.3611E-09 2.4541E-09 2.5509E-09 2.6517E-09 2.7564E-09 2.8650E-09 2.9775E-09 3.0956E-09 3.2172E-09 3.3413E-09 3.4689E-09 3.6000E-09 3.7343E-09 3.8717E-09 4.0119E-09 4.1545E-09
5.8226E-10 5.9589E-10 6.0972E-10 6.2375E-10 6.4564E-10 6.6462E-10 6.8218E-10 7.0954E-10 7.3441E-10 7.5640E-10 7.8760E-10 8.0815E-10 8.3306E-10 8.5862E-10 8.8145E-10 9.1452E-10 9.5348E-10 9.8719E-10 1.0153E-09 1.0454E-09 1.0765E-09 1.1076E-09 1.1403E-09 1.1750E-09 1.2094E-09 1.2448E-09 1.2814E-09 1.3191E-09 1.3580E-09 1.4195E-09 1.4707E-09 1.5318E-09 1.5889E-09 1.6594E-09 1.7228E-09 1.7937E-09 1.8617E-09 1.9329E-09 2.0399E-09 2.1177E-09 2.1990E-09 2.2838E-09 2.3721E-09 2.4640E-09 2.5596E-09 2.6589E-09 2.7618E-09 2.8684E-09 2.9785E-09 3.0923E-09 3.2095E-09 3.3315E-09 3.4568E-09 3.5837E-09 3.7135E-09 3.8459E-09 3.9806E-09
