Assets/Resources/2015_m01_d21_0400(utc+0800)_l00_csi_1hr_conc.grd
DSAA
         159         159
     -79.000      79.000
     -79.000      79.000
  0.8757E-09  0.1254E-04
[rows 100 to 124 of 159, columns 57 to 113 of 159]
9.7673E-09 9.6992E-09 9.6316E-09 9.5698E-09 9.4962E-09 9.4189E-09 9.3400E-09 9.2620E-09 9.1866E-09 9.1048E-09 9.0250E-09 8.9469E-09 8.8700E-09 8.7961E-09 8.7178E-09 8.6350E-09 8.5513E-09 8.4661E-09 8.3782E-09 8.2966E-09 8.2098E-09 8.1217E-09 8.0305E-09 7.9376E-09 7.8794E-09 7.7823E-09 7.6826E-09 7.5908E-09 7.4907E-09 7.3701E-09 7.2915E-09 7.1694E-09 7.0803E-09 6.9374E-09 6.8286E-09 6.7188E-09 6.6248E-09 6.4871E-09 6.4369E-09 6.3667E-09 6.2850E-09 6.1867E-09 6.0863E-09 5.9838E-09 5.8675E-09 5.7601E-09 5.6624E-09 5.5601E-09 5.4563E-09 5.3593E-09 5.2654E-09 5.1704E-09 5.1200E-09 5.0055E-09 4.8971E-09 4.8117E-09 4.6944E-09
9.6823E-09 9.6147E-09 9.5448E-09 9.4743E-09 9.4034E-09 9.3358E-09 9.2582E-09 9.1790E-09 9.0983E-09 9.0168E-09 8.9366E-09 8.8599E-09 8.7802E-09 8.7019E-09 8.6228E-09 8.5418E-09 8.4616E-09 8.3809E-09 8.2939E-09 8.2054E-09 8.1175E-09 8.0283E-09 7.9338E-09 7.8402E-09 7.7539E-09 7.6556E-09 7.5551E-09 7.4509E-09 7.3473E-09 7.2352E-09 7.1117E-09 7.0020E-09 6.8887E-09 6.7761E-09 6.6753E-09 6.5703E-09 6.4600E-09 6.3572E-09 6.2563E-09 6.1489E-09 6.1252E-09 6.0302E-09 5.9353E-09 5.8407E-09 5.7459E-09 5.6513E-09 5.5561E-09 5.4545E-09 5.3606E-09 5.2668E-09 5.1827E-09 5.0788E-09 5.0268E-09 4.9225E-09 4.8196E-09 4.7038E-09 4.6204E-09
9.5915E-09 9.5240E-09 9.4611E-09 9.3899E-09 9.3175E-09 9.2440E-09 9.1692E-09 9.0916E-09 9.0187E-09 8.9381E-09 8.8561E-09 8.7738E-09 8.6908E-09 8.6087E-09 8.5352E-09 8.4552E-09 8.3742E-09 8.2931E-09 8.2128E-09 8.1244E-09 8.0346E-09 7.9445E-09 7.8529E-09 7.7577E-09 7.6602E-09 7.5664E-09 7.4657E-09 7.3621E-09 7.2439E-09 7.1342E-09 7.0227E-09 6.9183E-09 6.8088E-09 6.6988E-09 6.5869E-09 6.4806E-09 6.3813E-09 6.2726E-09 6.1643E-09 6.0705E-09 5.9738E-09 5.8678E-09 5.8408E-09 5.7433E-09 5.6501E-09 5.5572E-09 5.4648E-09 5.3725E-09 5.2807E-09 5.1767E-09 5.0871E-09 4.9972E-09 4.9476E-09 4.8447E-09 4.7379E-09 4.6357E-09 4.5520E-09
9.5058E-09 9.4406E-09 9.3723E-09 9.3018E-09 9.2281E-09 9.1576E-09 9.0850E-09 9.0101E-09 8.9331E-09 8.8536E-09 8.7722E-09 8.6923E-09 8.6148E-09 8.5320E-09 8.4482E-09 8.3672E-09 8.2895E-09 8.2070E-09 8.1237E-09 8.0382E-09 7.9507E-09 7.8580E-09 7.7639E-09 7.6729E-09 7.5845E-09 7.4865E-09 7.3883E-09 7.2880E-09 7.1735E-09 7.0557E-09 6.9474E-09 6.8324E-09 6.7353E-09 6.6271E-09 6.5174E-09 6.4069E-09 6.2968E-09 6.1977E-09 6.0955E-09 5.9892E-09 5.8923E-09 5.8008E-09 5.6981E-09 5.6200E-09 5.5708E-09 5.4746E-09 5.3762E-09 5.2861E-09 5.1968E-09 5.1079E-09 5.0140E-09 4.9258E-09 4.8347E-09 4.7753E-09 4.6659E-09 4.5710E-09 4.4407E-09
9.4147E-09 9.3507E-09 9.2881E-09 9.2206E-09 9.1491E-09 9.0749E-09 8.9975E-09 8.9208E-09 8.8474E-09 8.7754E-09 8.6969E-09 8.6158E-09 8.5336E-09 8.4557E-09 8.3747E-09 8.2904E-09 8.2076E-09 8.1249E-09 8.0419E-09 7.9552E-09 7.8691E-09 7.7791E-09 7.6855E-09 7.5970E-09 7.5053E-09 7.4078E-09 7.3079E-09 7.1987E-09 7.0980E-09 6.9841E-09 6.8775E-09 6.7621E-09 6.6637E-09 6.5652E-09 6.4620E-09 6.3527E-09 6.2439E-09 6.1357E-09 6.0281E-09 5.9361E-09 5.8319E-09 5.7283E-09 5.6310E-09 5.5314E-09 5.4324E-09 5.3785E-09 5.3097E-09 5.2206E-09 5.1310E-09 5.0396E-09 4.9474E-09 4.8655E-09 4.7727E-09 4.7012E-09 4.5658E-09 4.4607E-09 4.3599E-09
9.3302E-09 9.2659E-09 9.2006E-09 9.1337E-09 9.0649E-09 8.9932E-09 8.9192E-09 8.8435E-09 8.7660E-09 8.6890E-09 8.6116E-09 8.5381E-09 8.4606E-09 8.3788E-09 8.2982E-09 8.2192E-09 8.1346E-09 8.0484E-09 7.9664E-09 7.8808E-09 7.7904E-09 7.7004E-09 7.6112E-09 7.5229E-09 7.4271E-09 7.3320E-09 7.2350E-09 7.1263E-09 7.0154E-09 6.9165E-09 6.8044E-09 6.7000E-09 6.6031E-09 6.4977E-09 6.3945E-09 6.2947E-09 6.1873E-09 6.0804E-09 5.9744E-09 5.8691E-09 5.7647E-09 5.6754E-09 5.5744E-09 5.4742E-09 5.3864E-09 5.2858E-09 5.1886E-09 5.1358E-09 5.0685E-09 4.9799E-09 4.8889E-09 4.7943E-09 4.7114E-09 4.5787E-09 4.5052E-09 4.4079E-09 4.2849E-09
9.2408E-09 9.1776E-09 9.1158E-09 9.0508E-09 8.9833E-09 8.9136E-09 8.8404E-09 8.7637E-09 8.6878E-09 8.6130E-09 8.5347E-09 8.4566E-09 8.3820E-09 8.3052E-09 8.2248E-09 8.1446E-09 8.0626E-09 7.9802E-09 7.8942E-09 7.8110E-09 7.7241E-09 7.6329E-09 7.5420E-09 7.4505E-09 7.3573E-09 7.2612E-09 7.1554E-09 7.0600E-09 6.9520E-09 6.8500E-09 6.7418E-09 6.6483E-09 6.5457E-09 6.4419E-09 6.3365E-09 6.2300E-09 6.1303E-09 6.0284E-09 5.9236E-09 5.8197E-09 5.7192E-09 5.6148E-09 5.5178E-09 5.4272E-09 5.3294E-09 5.2329E-09 5.1480E-09 5.0536E-09 4.9579E-09 4.9192E-09 4.8118E-09 4.7211E-09 4.6278E-09 4.5307E-09 4.4561E-09 4.3000E-09 4.2068E-09
9.1555E-09 9.0943E-09 9.0309E-09 8.9651E-09 8.8974E-09 8.8297E-09 8.7606E-09 8.6889E-09 8.6127E-09 8.5370E-09 8.4602E-09 8.3827E-09 8.3031E-09 8.2260E-09 8.1504E-09 8.0695E-09 7.9861E-09 7.9061E-09 7.8226E-09 7.7412E-09 7.6551E-09 7.5689E-09 7.4774E-09 7.3841E-09 7.2938E-09 7.2006E-09 7.0976E-09 6.9926E-09 6.8953E-09 6.7899E-09 6.6896E-09 6.5886E-09 6.4907E-09 6.3884E-09 6.2853E-09 6.1809E-09 6.0746E-09 5.9688E-09 5.8754E-09 5.7784E-09 5.6765E-09 5.5757E-09 5.4745E-09 5.3736E-09 5.2782E-09 5.1907E-09 5.0965E-09 5.0034E-09 4.9195E-09 4.8197E-09 4.7263E-09 4.6710E-09 4.5717E-09 4.4569E-09 4.3554E-09 4.2504E-09 4.1594E-09
9.0654E-09 9.0058E-09 8.9447E-09 8.8839E-09 8.8181E-09 8.7503E-09 8.6796E-09 8.6081E-09 8.5356E-09 8.4591E-09 8.3818E-09 8.3104E-09 8.2327E-09 8.1522E-09 8.0740E-09 7.9957E-09 7.9161E-09 7.8261E-09 7.7430E-09 7.6726E-09 7.5850E-09 7.4959E-09 7.4090E-09 7.3186E-09 7.2255E-09 7.1325E-09 7.0409E-09 6.9383E-09 6.8403E-09 6.7356E-09 6.6400E-09 6.5406E-09 6.4401E-09 6.3392E-09 6.2416E-09 6.1386E-09 6.0346E-09 5.9300E-09 5.8262E-09 5.7233E-09 5.6327E-09 5.5330E-09 5.4343E-09 5.3367E-09 5.2402E-09 5.1448E-09 5.0581E-09 4.9651E-09 4.8692E-09 4.7779E-09 4.6941E-09 4.5933E-09 4.4934E-09 4.4056E-09 4.3113E-09 4.1933E-09 4.1030E-09
8.9782E-09 8.9210E-09 8.8605E-09 8.7981E-09 8.7333E-09 8.6698E-09 8.6032E-09 8.5321E-09 8.4591E-09 8.3852E-09 8.3108E-09 8.2334E-09 8.1566E-09 8.0800E-09 8.0041E-09 7.9230E-09 7.8402E-09 7.7592E-09 7.6754E-09 7.5957E-09 7.5131E-09 7.4255E-09 7.3413E-09 7.2517E-09 7.1631E-09 7.0695E-09 6.9750E-09 6.8829E-09 6.7827E-09 6.6856E-09 6.5877E-09 6.4911E-09 6.3939E-09 6.2947E-09 6.1944E-09 6.0950E-09 5.9950E-09 5.8914E-09 5.7888E-09 5.6870E-09 5.5862E-09 5.4898E-09 5.3986E-09 5.3020E-09 5.2020E-09 5.1079E-09 5.0150E-09 4.9210E-09 4.8320E-09 4.7380E-09 4.6465E-09 4.5437E-09 4.4514E-09 4.3509E-09 4.2523E-09 4.1571E-09 4.0608E-09
8.8886E-09 8.8312E-09 8.7742E-09 8.7142E-09 8.6528E-09 8.5877E-09 8.5243E-09 8.4561E-09 8.3841E-09 8.3097E-09 8.2376E-09 8.1634E-09 8.0863E-09 8.0095E-09 7.9318E-09 7.8533E-09 7.7726E-09 7.6927E-09 7.6135E-09 7.5295E-09 7.4443E-09 7.3610E-09 7.2743E-09 7.1840E-09 7.0918E-09 7.0029E-09 6.9167E-09 6.8270E-09 6.7285E-09 6.6360E-09 6.5398E-09 6.4425E-09 6.3448E-09 6.2498E-09 6.1513E-09 6.0524E-09 5.9515E-09 5.8531E-09 5.7515E-09 5.6493E-09 5.5467E-09 5.4480E-09 5.3506E-09 5.2575E-09 5.1694E-09 5.0762E-09 4.9841E-09 4.8879E-09 4.7962E-09 4.7028E-09 4.6060E-09 4.5062E-09 4.4103E-09 4.3147E-09 4.2186E-09 4.1249E-09 4.0315E-09
8.7980E-09 8.7443E-09 8.6883E-09 8.6284E-09 8.5700E-09 8.5082E-09 8.4427E-09 8.3767E-09 8.3098E-09 8.2368E-09 8.1628E-09 8.0912E-09 8.0169E-09 7.9404E-09 7.8622E-09 7.7863E-09 7.7085E-09 7.6279E-09 7.5460E-09 7.4673E-09 7.3853E-09 7.2997E-09 7.2144E-09 7.1288E-09 7.0385E-09 6.9471E-09 6.8560E-09 6.7664E-09 6.6722E-09 6.5788E-09 6.4851E-09 6.3924E-09 6.2960E-09 6.1985E-09 6.1023E-09 6.0061E-09 5.9074E-09 5.8079E-09 5.7071E-09 5.6106E-09 5.5121E-09 5.4146E-09 5.3182E-09 5.2229E-09 5.1286E-09 5.0416E-09 4.9511E-09 4.8558E-09 4.7617E-09 4.6703E-09 4.5604E-09 4.4711E-09 4.3781E-09 4.2779E-09 4.1816E-09 4.0921E-09 4.0056E-09
8.7083E-09 8.6548E-09 8.6013E-09 8.5452E-09 8.4850E-09 8.4258E-09 8.3634E-09 8.2986E-09 8.2313E-09 8.1617E-09 8.0905E-09 8.0171E-09 7.9442E-09 7.8716E-09 7.7952E-09 7.7179E-09 7.6408E-09 7.5645E-09 7.4846E-09 7.4031E-09 7.3220E-09 7.2419E-09 7.1564E-09 7.0687E-09 6.9832E-09 6.8946E-09 6.8035E-09 6.7112E-09 6.6215E-09 6.5297E-09 6.4354E-09 6.3406E-09 6.2485E-09 6.1547E-09 6.0588E-09 5.9623E-09 5.8670E-09 5.7706E-09 5.6713E-09 5.5725E-09 5.4761E-09 5.3810E-09 5.2855E-09 5.1912E-09 5.0979E-09 5.0035E-09 4.9093E-09 4.8260E-09 4.7330E-09 4.6339E-09 4.5300E-09 4.4348E-09 4.3393E-09 4.2432E-09 4.1490E-09 4.0579E-09 3.9671E-09
8.6178E-09 8.5669E-09 8.5125E-09 8.4591E-09 8.4018E-09 8.3417E-09 8.2810E-09 8.2197E-09 8.1535E-09 8.0848E-09 8.0160E-09 7.9452E-09 7.8726E-09 7.7982E-09 7.7260E-09 7.6513E-09 7.5744E-09 7.4968E-09 7.4205E-09 7.3418E-09 7.2609E-09 7.1784E-09 7.0975E-09 7.0137E-09 6.9261E-09 6.8385E-09 6.7522E-09 6.6612E-09 6.5696E-09 6.4785E-09 6.3887E-09 6.2954E-09 6.2011E-09 6.1068E-09 6.0165E-09 5.9217E-09 5.8263E-09 5.7296E-09 5.6353E-09 5.5374E-09 5.4405E-09 5.3446E-09 5.2526E-09 5.1591E-09 5.0668E-09 4.9700E-09 4.8779E-09 4.7837E-09 4.6893E-09 4.5877E-09 4.4986E-09 4.4058E-09 4.3033E-09 4.2113E-09 4.1219E-09 4.0358E-09 3.9428E-09
8.5248E-09 8.4750E-09 8.4257E-09 8.3704E-09 8.3152E-09 8.2593E-09 8.1986E-09 8.1374E-09 8.0749E-09 8.0094E-09 7.9396E-09 7.8699E-09 7.8010E-09 7.7285E-09 7.6549E-09 7.5813E-09 7.5085E-09 7.4321E-09 7.3548E-09 7.2776E-09 7.2006E-09 7.1195E-09 7.0371E-09 6.9547E-09 6.8717E-09 6.7844E-09 6.6956E-09 6.6091E-09 6.5205E-09 6.4292E-09 6.3374E-09 6.2479E-09 6.1568E-09 6.0637E-09 5.9701E-09 5.8777E-09 5.7864E-09 5.6918E-09 5.5963E-09 5.4993E-09 5.4060E-09 5.3110E-09 5.2172E-09 5.1243E-09 5.0331E-09 4.9373E-09 4.8461E-09 4.7478E-09 4.6539E-09 4.5524E-09 4.4607E-09 4.3678E-09 4.2677E-09 4.1779E-09 4.0912E-09 3.9978E-09 3.9090E-09
8.4325E-09 8.3838E-09 8.3342E-09 8.2823E-09 8.2291E-09 8.1729E-09 8.1153E-09 8.0560E-09 7.9936E-09 7.9311E-09 7.8651E-09 7.7955E-09 7.7262E-09 7.6565E-09 7.5854E-09 7.5122E-09 7.4379E-09 7.3653E-09 7.2910E-09 7.2141E-09 7.1356E-09 7.0586E-09 6.9794E-09 6.8966E-09 6.8122E-09 6.7294E-09 6.6436E-09 6.5557E-09 6.4663E-09 6.3809E-09 6.2904E-09 6.1993E-09 6.1079E-09 6.0199E-09 5.9279E-09 5.8351E-09 5.7423E-09 5.6520E-09 5.5590E-09 5.4640E-09 5.3687E-09 5.2745E-09 5.1841E-09 5.0922E-09 4.9959E-09 4.9042E-09 4.8102E-09 4.7138E-09 4.6131E-09 4.5167E-09 4.4290E-09 4.3237E-09 4.2339E-09 4.1467E-09 4.0532E-09 3.9639E-09 3.8775E-09
8.3366E-09 8.2916E-09 8.2431E-09 8.1921E-09 8.1410E-09 8.0871E-09 8.0300E-09 7.9732E-09 7.9135E-09 7.8509E-09 7.7870E-09 7.7211E-09 7.6521E-09 7.5823E-09 7.5138E-09 7.4434E-09 7.3705E-09 7.2968E-09 7.2247E-09 7.1504E-09 7.0738E-09 6.9962E-09 6.9178E-09 6.8394E-09 6.7571E-09 6.6724E-09 6.5880E-09 6.5042E-09 6.4165E-09 6.3281E-09 6.2399E-09 6.1530E-09 6.0628E-09 5.9720E-09 5.8809E-09 5.7936E-09 5.7023E-09 5.6102E-09 5.5175E-09 5.4283E-09 5.3339E-09 5.2406E-09 5.1483E-09 5.0548E-09 4.9620E-09 4.8685E-09 4.7738E-09 4.6699E-09 4.5792E-09 4.4837E-09 4.3906E-09 4.2956E-09 4.2057E-09 4.1169E-09 4.0185E-09 3.9312E-09 3.8389E-09
8.2409E-09 8.1959E-09 8.1507E-09 8.1029E-09 8.0508E-09 7.9990E-09 7.9455E-09 7.8882E-09 7.8301E-09 7.7720E-09 7.7084E-09 7.6423E-09 7.5770E-09 7.5096E-09 7.4403E-09 7.3709E-09 7.3019E-09 7.2298E-09 7.1566E-09 7.0826E-09 7.0111E-09 6.9346E-09 6.8569E-09 6.7780E-09 6.6992E-09 6.6178E-09 6.5337E-09 6.4479E-09 6.3645E-09 6.2787E-09 6.1908E-09 6.1022E-09 6.0143E-09 5.9278E-09 5.8379E-09 5.7478E-09 5.6572E-09 5.5706E-09 5.4800E-09 5.3879E-09 5.2950E-09 5.2062E-09 5.1125E-09 5.0167E-09 4.9251E-09 4.8309E-09 4.7384E-09 4.6341E-09 4.5422E-09 4.4494E-09 4.3481E-09 4.2577E-09 4.1678E-09 4.0708E-09 3.9798E-09 3.8935E-09 3.8034E-09
8.1450E-09 8.1016E-09 8.0564E-09 8.0095E-09 7.9623E-09 7.9105E-09 7.8577E-09 7.8044E-09 7.7471E-09 7.6876E-09 7.6286E-09 7.5663E-09 7.4998E-09 7.4335E-09 7.3681E-09 7.2990E-09 7.2292E-09 7.1603E-09 7.0898E-09 7.0175E-09 6.9437E-09 6.8699E-09 6.7962E-09 6.7189E-09 6.6396E-09 6.5589E-09 6.4793E-09 6.3954E-09 6.3106E-09 6.2245E-09 6.1422E-09 6.0549E-09 5.9672E-09 5.8789E-09 5.7927E-09 5.7054E-09 5.6162E-09 5.5270E-09 5.4384E-09 5.3506E-09 5.2598E-09 5.1680E-09 5.0717E-09 4.9811E-09 4.8878E-09 4.7911E-09 4.6893E-09 4.5978E-09 4.5080E-09 4.4035E-09 4.3104E-09 4.2226E-09 4.1236E-09 4.0348E-09 3.9452E-09 3.8586E-09 3.7660E-09
8.0466E-09 8.0056E-09 7.9625E-09 7.9163E-09 7.8687E-09 7.8205E-09 7.7700E-09 7.7160E-09 7.6623E-09 7.6058E-09 7.5470E-09 7.4859E-09 7.4238E-09 7.3579E-09 7.2912E-09 7.2259E-09 7.1586E-09 7.0891E-09 7.0188E-09 6.9508E-09 6.8788E-09 6.8057E-09 6.7311E-09 6.6572E-09 6.5812E-09 6.5022E-09 6.4212E-09 6.3399E-09 6.2583E-09 6.1741E-09 6.0889E-09 6.0028E-09 5.9204E-09 5.8334E-09 5.7462E-09 5.6584E-09 5.5743E-09 5.4863E-09 5.3980E-09 5.3094E-09 5.2222E-09 5.1308E-09 5.0330E-09 4.9425E-09 4.8477E-09 4.7471E-09 4.6498E-09 4.5570E-09 4.4613E-09 4.3640E-09 4.2746E-09 4.1843E-09 4.0844E-09 3.9979E-09 3.9102E-09 3.8169E-09 3.7415E-09
7.9454E-09 7.9082E-09 7.8666E-09 7.8230E-09 7.7768E-09 7.7285E-09 7.6796E-09 7.6294E-09 7.5755E-09 7.5209E-09 7.4653E-09 7.4056E-09 7.3435E-09 7.2811E-09 7.2168E-09 7.1509E-09 7.0846E-09 7.0188E-09 6.9499E-09 6.8801E-09 6.8108E-09 6.7411E-09 6.6681E-09 6.5940E-09 6.5185E-09 6.4439E-09 6.3651E-09 6.2844E-09 6.2023E-09 6.1215E-09 6.0386E-09 5.9543E-09 5.8690E-09 5.7833E-09 5.7012E-09 5.6147E-09 5.5283E-09 5.4413E-09 5.3580E-09 5.2709E-09 5.1805E-09 5.0839E-09 4.9953E-09 4.9013E-09 4.8099E-09 4.7055E-09 4.6113E-09 4.5191E-09 4.4163E-09 4.3232E-09 4.2364E-09 4.1350E-09 4.0443E-09 3.9600E-09 3.8698E-09 3.7896E-09 3.7099E-09
7.8421E-09 7.8076E-09 7.7691E-09 7.7278E-09 7.6833E-09 7.6376E-09 7.5888E-09 7.5396E-09 7.4896E-09 7.4353E-09 7.3793E-09 7.3240E-09 7.2649E-09 7.2021E-09 7.1391E-09 7.0765E-09 7.0109E-09 6.9444E-09 6.8788E-09 6.8117E-09 6.7425E-09 6.6722E-09 6.6029E-09 6.5316E-09 6.4574E-09 6.3820E-09 6.3059E-09 6.2286E-09 6.1484E-09 6.0669E-09 5.9846E-09 5.9044E-09 5.8206E-09 5.7365E-09 5.6517E-09 5.5678E-09 5.4849E-09 5.3995E-09 5.3139E-09 5.2256E-09 5.1370E-09 5.0485E-09 4.9554E-09 4.8589E-09 4.7592E-09 4.6667E-09 4.5741E-09 4.4671E-09 4.3757E-09 4.2853E-09 4.1888E-09 4.0942E-09 4.0033E-09 3.9189E-09 3.8411E-09 3.7592E-09 3.6733E-09
7.7398E-09 7.7046E-09 7.6683E-09 7.6304E-09 7.5883E-09 7.5442E-09 7.4976E-09 7.4497E-09 7.3987E-09 7.3484E-09 7.2954E-09 7.2397E-09 7.1823E-09 7.1240E-09 7.0615E-09 6.9980E-09 6.9360E-09 6.8718E-09 6.8058E-09 6.7398E-09 6.6740E-09 6.6056E-09 6.5359E-09 6.4646E-09 6.3952E-09 6.3218E-09 6.2462E-09 6.1690E-09 6.0922E-09 6.0131E-09 5.9326E-09 5.8509E-09 5.7687E-09 5.6884E-09 5.6051E-09 5.5217E-09 5.4374E-09 5.3555E-09 5.2722E-09 5.1799E-09 5.0935E-09 5.0059E-09 4.9157E-09 4.8079E-09 4.7138E-09 4.6223E-09 4.5202E-09 4.4242E-09 4.3362E-09 4.2463E-09 4.1441E-09 4.0532E-09 3.9683E-09 3.8861E-09 3.8030E-09 3.7238E-09 3.6532E-09
7.6340E-09 7.6012E-09 7.5659E-09 7.5275E-09 7.4897E-09 7.4478E-09 7.4036E-09 7.3568E-09 7.3082E-09 7.2578E-09 7.2052E-09 7.1539E-09 7.0980E-09 7.0398E-09 6.9805E-09 6.9195E-09 6.8568E-09 6.7940E-09 6.7315E-09 6.6658E-09 6.5996E-09 6.5342E-09 6.4670E-09 6.3976E-09 6.3272E-09 6.2559E-09 6.1841E-09 6.1091E-09 6.0320E-09 5.9538E-09 5.8773E-09 5.7973E-09 5.7168E-09 5.6353E-09 5.5535E-09 5.4738E-09 5.3913E-09 5.3086E-09 5.2221E-09 5.1359E-09 5.0516E-09 4.9605E-09 4.8586E-09 4.7611E-09 4.6700E-09 4.5777E-09 4.4756E-09 4.3846E-09 4.2942E-09 4.1923E-09 4.0977E-09 4.0173E-09 3.9327E-09 3.8512E-09 3.7721E-09 3.6989E-09 3.6278E-09
7.5261E-09 7.4962E-09 7.4625E-09 7.4264E-09 7.3879E-09 7.3479E-09 7.3074E-09 7.2624E-09 7.2161E-09 7.1672E-09 7.1166E-09 7.0641E-09 7.0112E-09 6.9563E-09 6.8975E-09 6.8370E-09 6.7783E-09 6.7162E-09 6.6530E-09 6.5907E-09 6.5268E-09 6.4611E-09 6.3945E-09 6.3296E-09 6.2604E-09 6.1901E-09 6.1185E-09 6.0468E-09 5.9727E-09 5.8964E-09 5.8187E-09 5.7404E-09 5.6637E-09 5.5840E-09 5.5038E-09 5.4229E-09 5.3420E-09 5.2607E-09 5.1737E-09 5.0899E-09 5.0006E-09 4.9076E-09 4.8128E-09 4.7204E-09 4.6263E-09 4.5252E-09 4.4322E-09 4.3440E-09 4.2413E-09 4.1444E-09 4.0673E-09 3.9852E-09 3.8969E-09 3.8214E-09 3.7476E-09 3.6723E-09 3.5963E-09
