Assets/Resources/2015_m01_d28_2300(utc+0800)_l00_csi_1hr_conc.grd
DSAA
         159         159
     -79.000      79.000
     -79.000      79.000
  0.0000E+00  0.1593E-04
[rows 50 to 74 of 159, columns 57 to 113 of 159]
7.5641E-09 8.2667E-09 8.9931E-09 9.7696E-09 1.0562E-08 1.1373E-08 1.2192E-08 1.3009E-08 1.3805E-08 1.4568E-08 1.5289E-08 1.5948E-08 1.6519E-08 1.6993E-08 1.7361E-08 1.7602E-08 1.7701E-08 1.7652E-08 1.7449E-08 1.7094E-08 1.6586E-08 1.5939E-08 1.5162E-08 1.4272E-08 1.3291E-08 1.2238E-08 1.1136E-08 1.0013E-08 8.8917E-09 7.7964E-09 6.7494E-09 5.7710E-09 4.8695E-09 4.0543E-09 3.3312E-09 2.7063E-09 2.1658E-09 1.7056E-09 1.3268E-09 1.0083E-09 7.5302E-10 5.5619E-10 3.9570E-10 2.7245E-10 1.8705E-10 1.1780E-10 6.9678E-11 4.6199E-11 2.3969E-11 5.6520E-12 1.0114E-12 0.0000E+00 0.0000E+00 0.0000E+00 0.0000E+00 0.0000E+00 0.0000E+00
7.2407E-09 7.9537E-09 8.6936E-09 9.4900E-09 1.0306E-08 1.1149E-08 1.2009E-08 1.2870E-08 1.3723E-08 1.4557E-08 1.5355E-08 1.6089E-08 1.6747E-08 1.7320E-08 1.7783E-08 1.8117E-08 1.8303E-08 1.8337E-08 1.8210E-08 1.7918E-08 1.7460E-08 1.6852E-08 1.6103E-08 1.5224E-08 1.4233E-08 1.3155E-08 1.2015E-08 1.0838E-08 9.6520E-09 8.4862E-09 7.3656E-09 6.3132E-09 5.3435E-09 4.4641E-09 3.6772E-09 2.9856E-09 2.3916E-09 1.8883E-09 1.4707E-09 1.1228E-09 8.3161E-10 6.1519E-10 4.3952E-10 3.0012E-10 2.0668E-10 1.3458E-10 7.4657E-11 4.9806E-11 2.8560E-11 8.1663E-12 1.5767E-12 0.0000E+00 0.0000E+00 0.0000E+00 0.0000E+00 0.0000E+00 0.0000E+00
6.8940E-09 7.6104E-09 8.3554E-09 9.1667E-09 1.0003E-08 1.0871E-08 1.1763E-08 1.2668E-08 1.3577E-08 1.4479E-08 1.5344E-08 1.6157E-08 1.6912E-08 1.7581E-08 1.8137E-08 1.8561E-08 1.8844E-08 1.8968E-08 1.8921E-08 1.8703E-08 1.8311E-08 1.7756E-08 1.7041E-08 1.6178E-08 1.5189E-08 1.4094E-08 1.2918E-08 1.1697E-08 1.0453E-08 9.2224E-09 8.0328E-09 6.9046E-09 5.8566E-09 4.9006E-09 4.0473E-09 3.2951E-09 2.6395E-09 2.0809E-09 1.6193E-09 1.2403E-09 9.2003E-10 6.7859E-10 4.8982E-10 3.3068E-10 2.2725E-10 1.5043E-10 8.5458E-11 5.3936E-11 3.2019E-11 1.0215E-11 4.6451E-12 4.5851E-13 0.0000E+00 0.0000E+00 0.0000E+00 0.0000E+00 0.0000E+00
6.5236E-09 7.2389E-09 7.9837E-09 8.8036E-09 9.6512E-09 1.0539E-08 1.1460E-08 1.2403E-08 1.3367E-08 1.4325E-08 1.5255E-08 1.6148E-08 1.7000E-08 1.7758E-08 1.8411E-08 1.8941E-08 1.9327E-08 1.9549E-08 1.9597E-08 1.9468E-08 1.9162E-08 1.8674E-08 1.8010E-08 1.7188E-08 1.6221E-08 1.5122E-08 1.3922E-08 1.2660E-08 1.1364E-08 1.0067E-08 8.7978E-09 7.5882E-09 6.4533E-09 5.4142E-09 4.4772E-09 3.6493E-09 2.9334E-09 2.3187E-09 1.8039E-09 1.3747E-09 1.0146E-09 7.4608E-10 5.4107E-10 3.6893E-10 2.5084E-10 1.6759E-10 9.7518E-11 6.1991E-11 3.5466E-11 1.3134E-11 7.0031E-12 3.5020E-12 0.0000E+00 0.0000E+00 0.0000E+00 0.0000E+00 0.0000E+00
6.1362E-09 6.8425E-09 7.5803E-09 8.4031E-09 9.2563E-09 1.0157E-08 1.1099E-08 1.2080E-08 1.3088E-08 1.4091E-08 1.5085E-08 1.6059E-08 1.6994E-08 1.7840E-08 1.8588E-08 1.9216E-08 1.9696E-08 2.0018E-08 2.0173E-08 2.0152E-08 1.9943E-08 1.9543E-08 1.8962E-08 1.8195E-08 1.7262E-08 1.6172E-08 1.4961E-08 1.3662E-08 1.2314E-08 1.0947E-08 9.6035E-09 8.3071E-09 7.0903E-09 5.9660E-09 4.9491E-09 4.0424E-09 3.2488E-09 2.5649E-09 1.9946E-09 1.5248E-09 1.1305E-09 8.2219E-10 5.9315E-10 4.0892E-10 2.7958E-10 1.8527E-10 1.1150E-10 7.0848E-11 4.1349E-11 1.6508E-11 8.6327E-12 6.0091E-12 0.0000E+00 0.0000E+00 0.0000E+00 0.0000E+00 0.0000E+00
5.7324E-09 6.4259E-09 7.1512E-09 7.9694E-09 8.8212E-09 9.7286E-09 1.0687E-08 1.1696E-08 1.2731E-08 1.3776E-08 1.4827E-08 1.5860E-08 1.6866E-08 1.7790E-08 1.8632E-08 1.9354E-08 1.9945E-08 2.0390E-08 2.0671E-08 2.0772E-08 2.0684E-08 2.0402E-08 1.9914E-08 1.9220E-08 1.8337E-08 1.7272E-08 1.6061E-08 1.4740E-08 1.3350E-08 1.1925E-08 1.0501E-08 9.1217E-09 7.8087E-09 6.5871E-09 5.4722E-09 4.4764E-09 3.6027E-09 2.8446E-09 2.2072E-09 1.6803E-09 1.2506E-09 9.1549E-10 6.5507E-10 4.5145E-10 3.1130E-10 2.0822E-10 1.2686E-10 7.9991E-11 4.7582E-11 2.0088E-11 1.0682E-11 7.9022E-12 0.0000E+00 0.0000E+00 0.0000E+00 0.0000E+00 0.0000E+00
5.3186E-09 5.9929E-09 6.6999E-09 7.5081E-09 8.3511E-09 9.2551E-09 1.0220E-08 1.1240E-08 1.2288E-08 1.3365E-08 1.4457E-08 1.5544E-08 1.6616E-08 1.7625E-08 1.8551E-08 1.9377E-08 2.0089E-08 2.0663E-08 2.1080E-08 2.1325E-08 2.1381E-08 2.1226E-08 2.0855E-08 2.0251E-08 1.9435E-08 1.8420E-08 1.7226E-08 1.5892E-08 1.4463E-08 1.2983E-08 1.1481E-08 1.0005E-08 8.5923E-09 7.2672E-09 6.0528E-09 4.9562E-09 3.9900E-09 3.1537E-09 2.4470E-09 1.8587E-09 1.3820E-09 1.0118E-09 7.2741E-10 5.0585E-10 3.4487E-10 2.3179E-10 1.4366E-10 9.0339E-11 5.3442E-11 2.3841E-11 1.3290E-11 9.7395E-12 0.0000E+00 0.0000E+00 0.0000E+00 0.0000E+00 0.0000E+00
4.8992E-09 5.5498E-09 6.2319E-09 7.0220E-09 7.8474E-09 8.7374E-09 9.7000E-09 1.0716E-08 1.1774E-08 1.2875E-08 1.3991E-08 1.5122E-08 1.6261E-08 1.7338E-08 1.8349E-08 1.9283E-08 2.0115E-08 2.0826E-08 2.1396E-08 2.1800E-08 2.2011E-08 2.2013E-08 2.1776E-08 2.1292E-08 2.0564E-08 1.9612E-08 1.8456E-08 1.7132E-08 1.5681E-08 1.4149E-08 1.2580E-08 1.1018E-08 9.4990E-09 8.0557E-09 6.7213E-09 5.5147E-09 4.4466E-09 3.5149E-09 2.7231E-09 2.0756E-09 1.5526E-09 1.1298E-09 8.1106E-10 5.6636E-10 3.8649E-10 2.5921E-10 1.6247E-10 1.0308E-10 6.1748E-11 2.7800E-11 1.4444E-11 9.0769E-12 0.0000E+00 0.0000E+00 0.0000E+00 0.0000E+00 0.0000E+00
4.4813E-09 5.1038E-09 5.7547E-09 6.5196E-09 7.3192E-09 8.1913E-09 9.1390E-09 1.0141E-08 1.1199E-08 1.2308E-08 1.3433E-08 1.4603E-08 1.5796E-08 1.6930E-08 1.8025E-08 1.9060E-08 2.0017E-08 2.0872E-08 2.1603E-08 2.2177E-08 2.2566E-08 2.2725E-08 2.2641E-08 2.2292E-08 2.1676E-08 2.0818E-08 1.9721E-08 1.8424E-08 1.6967E-08 1.5396E-08 1.3757E-08 1.2099E-08 1.0465E-08 8.8966E-09 7.4322E-09 6.1012E-09 4.9278E-09 3.9049E-09 3.0236E-09 2.2956E-09 1.7257E-09 1.2617E-09 9.0758E-10 6.3285E-10 4.3670E-10 2.9539E-10 1.7945E-10 1.0931E-10 6.4798E-11 2.9881E-11 1.4264E-11 7.4793E-12 0.0000E+00 0.0000E+00 0.0000E+00 0.0000E+00 0.0000E+00
4.0680E-09 4.6564E-09 5.2736E-09 6.0074E-09 6.7743E-09 7.6188E-09 8.5407E-09 9.5193E-09 1.0567E-08 1.1663E-08 1.2792E-08 1.3990E-08 1.5216E-08 1.6403E-08 1.7572E-08 1.8707E-08 1.9783E-08 2.0789E-08 2.1687E-08 2.2437E-08 2.3002E-08 2.3353E-08 2.3441E-08 2.3260E-08 2.2797E-08 2.2056E-08 2.1061E-08 1.9820E-08 1.8379E-08 1.6776E-08 1.5066E-08 1.3311E-08 1.1559E-08 9.8617E-09 8.2650E-09 6.7971E-09 5.4856E-09 4.3496E-09 3.3770E-09 2.5739E-09 1.9242E-09 1.4053E-09 1.0167E-09 7.0431E-10 4.7430E-10 3.2569E-10 1.9721E-10 1.1291E-10 6.7621E-11 3.2468E-11 1.3293E-11 5.4860E-12 0.0000E+00 0.0000E+00 0.0000E+00 0.0000E+00 0.0000E+00
3.6639E-09 4.2154E-09 4.7923E-09 5.4897E-09 6.2189E-09 7.0283E-09 7.9121E-09 8.8592E-09 9.8833E-09 1.0954E-08 1.2075E-08 1.3283E-08 1.4532E-08 1.5759E-08 1.6994E-08 1.8213E-08 1.9411E-08 2.0565E-08 2.1618E-08 2.2545E-08 2.3311E-08 2.3857E-08 2.4154E-08 2.4178E-08 2.3898E-08 2.3321E-08 2.2445E-08 2.1290E-08 1.9885E-08 1.8273E-08 1.6508E-08 1.4653E-08 1.2769E-08 1.0920E-08 9.1707E-09 7.5599E-09 6.1141E-09 4.8441E-09 3.7537E-09 2.8612E-09 2.1403E-09 1.5458E-09 1.1175E-09 7.7604E-10 5.1866E-10 3.5048E-10 2.1725E-10 1.1881E-10 6.9733E-11 3.5603E-11 1.1843E-11 3.5197E-12 0.0000E+00 0.0000E+00 0.0000E+00 0.0000E+00 0.0000E+00
3.2705E-09 3.7836E-09 4.3191E-09 4.9743E-09 5.6572E-09 6.4249E-09 7.2630E-09 8.1700E-09 9.1531E-09 1.0188E-08 1.1289E-08 1.2488E-08 1.3748E-08 1.5005E-08 1.6285E-08 1.7583E-08 1.8899E-08 2.0166E-08 2.1380E-08 2.2494E-08 2.3458E-08 2.4221E-08 2.4743E-08 2.4990E-08 2.4936E-08 2.4556E-08 2.3842E-08 2.2802E-08 2.1459E-08 1.9850E-08 1.8037E-08 1.6088E-08 1.4227E-08 1.2290E-08 1.0430E-08 8.6920E-09 7.1248E-09 5.7248E-09 4.1655E-09 3.1672E-09 2.3640E-09 1.7162E-09 1.2246E-09 8.5395E-10 5.6935E-10 3.7688E-10 2.3404E-10 1.2923E-10 7.0151E-11 3.7366E-11 1.0518E-11 1.5167E-12 0.0000E+00 0.0000E+00 0.0000E+00 0.0000E+00 0.0000E+00
2.8936E-09 3.3645E-09 3.8557E-09 4.4659E-09 5.1000E-09 5.8169E-09 6.6005E-09 7.4569E-09 8.3894E-09 9.3788E-09 1.0442E-08 1.1619E-08 1.2878E-08 1.4140E-08 1.5450E-08 1.6822E-08 1.8213E-08 1.9593E-08 2.0963E-08 2.2266E-08 2.3438E-08 2.4436E-08 2.5222E-08 2.5747E-08 2.5964E-08 2.5832E-08 2.5331E-08 2.4452E-08 2.3200E-08 2.1612E-08 1.9761E-08 1.8082E-08 1.6091E-08 1.4062E-08 1.2065E-08 9.7935E-09 8.0254E-09 6.4602E-09 5.0526E-09 3.8681E-09 2.6165E-09 1.8906E-09 1.3455E-09 9.3260E-10 6.2139E-10 4.0650E-10 2.4801E-10 1.3711E-10 7.5777E-11 3.6356E-11 9.9766E-12 0.0000E+00 0.0000E+00 0.0000E+00 0.0000E+00 0.0000E+00 0.0000E+00
2.5366E-09 2.9652E-09 3.4086E-09 3.9691E-09 4.5499E-09 5.2128E-09 5.9345E-09 6.7307E-09 7.6021E-09 8.5356E-09 9.5493E-09 1.0690E-08 1.1925E-08 1.3176E-08 1.4506E-08 1.5919E-08 1.7360E-08 1.8844E-08 2.0373E-08 2.1837E-08 2.3215E-08 2.4471E-08 2.5547E-08 2.6377E-08 2.6905E-08 2.7068E-08 2.6834E-08 2.6166E-08 2.5066E-08 2.3552E-08 2.2118E-08 2.0210E-08 1.8119E-08 1.5926E-08 1.3728E-08 1.1596E-08 9.5433E-09 7.6874E-09 5.7138E-09 4.3830E-09 3.2887E-09 2.4005E-09 1.4681E-09 1.0142E-09 6.7216E-10 4.3368E-10 2.6292E-10 1.4532E-10 7.8214E-11 3.4163E-11 9.9179E-12 0.0000E+00 0.0000E+00 0.0000E+00 0.0000E+00 0.0000E+00 0.0000E+00
2.1992E-09 2.5859E-09 2.9843E-09 3.4925E-09 4.0144E-09 4.6157E-09 5.2724E-09 6.0043E-09 6.8050E-09 7.6726E-09 8.6212E-09 9.7118E-09 1.0907E-08 1.2125E-08 1.3455E-08 1.4872E-08 1.6346E-08 1.7938E-08 1.9582E-08 2.1204E-08 2.2805E-08 2.4331E-08 2.5715E-08 2.6901E-08 2.7814E-08 2.8368E-08 2.8478E-08 2.8076E-08 2.7141E-08 2.6483E-08 2.5060E-08 2.3251E-08 2.1112E-08 1.8746E-08 1.6186E-08 1.3265E-08 1.0921E-08 8.8037E-09 6.8872E-09 4.9418E-09 3.7038E-09 2.6996E-09 1.9271E-09 1.0918E-09 7.1939E-10 4.5993E-10 2.7315E-10 1.5153E-10 7.5447E-11 3.2836E-11 9.3853E-12 0.0000E+00 0.0000E+00 0.0000E+00 0.0000E+00 0.0000E+00 0.0000E+00
1.8874E-09 2.2302E-09 2.5820E-09 3.0356E-09 3.5003E-09 4.0375E-09 4.6259E-09 5.2847E-09 6.0101E-09 6.8047E-09 7.6757E-09 8.7008E-09 9.8384E-09 1.1011E-08 1.2316E-08 1.3706E-08 1.5202E-08 1.6874E-08 1.8606E-08 2.0387E-08 2.2207E-08 2.4024E-08 2.5783E-08 2.7395E-08 2.8747E-08 2.9722E-08 3.0201E-08 3.0090E-08 3.0631E-08 3.0140E-08 2.9047E-08 2.7303E-08 2.4305E-08 2.1630E-08 1.8689E-08 1.5761E-08 1.2934E-08 1.0024E-08 7.8551E-09 6.0086E-09 4.4862E-09 3.0208E-09 2.1464E-09 1.4801E-09 7.5237E-10 4.6913E-10 2.7544E-10 1.5171E-10 7.0440E-11 2.9754E-11 1.0684E-11 0.0000E+00 0.0000E+00 0.0000E+00 0.0000E+00 0.0000E+00 0.0000E+00
1.6025E-09 1.9026E-09 2.2059E-09 2.6054E-09 3.0115E-09 3.4832E-09 4.0032E-09 4.5875E-09 5.2320E-09 5.9431E-09 6.7294E-09 7.6788E-09 8.7427E-09 9.8536E-09 1.1104E-08 1.2448E-08 1.3938E-08 1.5643E-08 1.7465E-08 1.9399E-08 2.1451E-08 2.3582E-08 2.5732E-08 2.7785E-08 2.9603E-08 3.1033E-08 3.1919E-08 3.3446E-08 3.4434E-08 3.4616E-08 3.3753E-08 3.1896E-08 2.9091E-08 2.5746E-08 2.1581E-08 1.8132E-08 1.4835E-08 1.1856E-08 8.8784E-09 6.7669E-09 5.0302E-09 3.6459E-09 2.3346E-09 1.6026E-09 1.0663E-09 4.6275E-10 2.6422E-10 1.3940E-10 5.8019E-11 2.4995E-11 1.1344E-11 0.0000E+00 0.0000E+00 0.0000E+00 0.0000E+00 0.0000E+00 0.0000E+00
1.3423E-09 1.6003E-09 1.8602E-09 2.2076E-09 2.5551E-09 2.9612E-09 3.4130E-09 3.9203E-09 4.4823E-09 5.1059E-09 5.8028E-09 6.6669E-09 7.6405E-09 8.6624E-09 9.8243E-09 1.1103E-08 1.2569E-08 1.4293E-08 1.6187E-08 1.8259E-08 2.0530E-08 2.2973E-08 2.5503E-08 2.8000E-08 3.0297E-08 3.2205E-08 3.4709E-08 3.7537E-08 3.9577E-08 4.0427E-08 3.9744E-08 3.7469E-08 3.4054E-08 2.9956E-08 2.5563E-08 2.0696E-08 1.6859E-08 1.3391E-08 1.0369E-08 7.4812E-09 5.5263E-09 3.9723E-09 2.4714E-09 1.6778E-09 1.1041E-09 4.2928E-10 2.3897E-10 1.2164E-10 4.7282E-11 2.4014E-11 1.1376E-11 1.8818E-13 0.0000E+00 0.0000E+00 0.0000E+00 0.0000E+00 0.0000E+00
1.1088E-09 1.3274E-09 1.5460E-09 1.8426E-09 2.1366E-09 2.4789E-09 2.8632E-09 3.2919E-09 3.7739E-09 4.3104E-09 4.9158E-09 5.6744E-09 6.5319E-09 7.4587E-09 8.5248E-09 9.7286E-09 1.1139E-08 1.2861E-08 1.4801E-08 1.6978E-08 1.9437E-08 2.2148E-08 2.5031E-08 2.7951E-08 3.0718E-08 3.3874E-08 3.8817E-08 4.3158E-08 4.6724E-08 4.8081E-08 4.7186E-08 4.4232E-08 3.9902E-08 3.4782E-08 2.9418E-08 2.4190E-08 1.8876E-08 1.4860E-08 1.1409E-08 8.5451E-09 5.9371E-09 4.2337E-09 2.9348E-09 1.7253E-09 1.1292E-09 7.0911E-10 2.1096E-10 1.0467E-10 4.2878E-11 2.2801E-11 1.0783E-11 2.8504E-13 0.0000E+00 0.0000E+00 0.0000E+00 0.0000E+00 0.0000E+00
9.0211E-10 1.0857E-09 1.2652E-09 1.5139E-09 1.7581E-09 2.0387E-09 2.3585E-09 2.7142E-09 3.1196E-09 3.5702E-09 4.0862E-09 4.7314E-09 5.4727E-09 6.2953E-09 7.2509E-09 8.3636E-09 9.6843E-09 1.1380E-08 1.3320E-08 1.5556E-08 1.8142E-08 2.1064E-08 2.4243E-08 2.7536E-08 3.0733E-08 3.7520E-08 4.4547E-08 5.1399E-08 5.6356E-08 5.8013E-08 5.6386E-08 5.2355E-08 4.6659E-08 4.0184E-08 3.3599E-08 2.7310E-08 2.1657E-08 1.6285E-08 1.2384E-08 9.1988E-09 6.2795E-09 4.4489E-09 3.0616E-09 1.7489E-09 1.1429E-09 7.1997E-10 1.8597E-10 8.8564E-11 4.1187E-11 2.1670E-11 9.5982E-12 1.8383E-13 0.0000E+00 0.0000E+00 0.0000E+00 0.0000E+00 0.0000E+00
7.2295E-10 8.7183E-10 1.0165E-09 1.2224E-09 1.4199E-09 1.6439E-09 1.9055E-09 2.1953E-09 2.5279E-09 2.8990E-09 3.3279E-09 3.8635E-09 4.4892E-09 5.1984E-09 6.0394E-09 7.0364E-09 8.2458E-09 9.8721E-09 1.1765E-08 1.3990E-08 1.6633E-08 1.9682E-08 2.3072E-08 2.6654E-08 3.3401E-08 4.2460E-08 5.3513E-08 6.3181E-08 6.9601E-08 7.0785E-08 6.8240E-08 6.2294E-08 5.4751E-08 4.6397E-08 3.8168E-08 3.0522E-08 2.3846E-08 1.8164E-08 1.3227E-08 9.7344E-09 6.9853E-09 4.6097E-09 3.1651E-09 2.1282E-09 1.1622E-09 7.3929E-10 4.5979E-10 8.3482E-11 3.8676E-11 1.9899E-11 7.8660E-12 0.0000E+00 0.0000E+00 0.0000E+00 0.0000E+00 0.0000E+00 0.0000E+00
5.5832E-10 6.8829E-10 8.0500E-10 9.6972E-10 1.1241E-09 1.2981E-09 1.5054E-09 1.7379E-09 2.0056E-09 2.3046E-09 2.6548E-09 3.0884E-09 3.5989E-09 4.1787E-09 4.9126E-09 5.7823E-09 6.8492E-09 8.3701E-09 1.0156E-08 1.2306E-08 1.4907E-08 1.7970E-08 2.1455E-08 2.7602E-08 3.6338E-08 5.0944E-08 6.6844E-08 7.9740E-08 8.6670E-08 8.7865E-08 8.2910E-08 7.4389E-08 6.3928E-08 5.3062E-08 4.2835E-08 3.3664E-08 2.5860E-08 1.9444E-08 1.3928E-08 1.0179E-08 7.2670E-09 4.7411E-09 3.2462E-09 2.1805E-09 1.1718E-09 7.5046E-10 4.6889E-10 7.7733E-11 3.6409E-11 1.7593E-11 5.6430E-12 0.0000E+00 0.0000E+00 0.0000E+00 0.0000E+00 0.0000E+00 0.0000E+00
4.1128E-10 5.1163E-10 6.1035E-10 7.5160E-10 8.7277E-10 1.0070E-09 1.1567E-09 1.3462E-09 1.5543E-09 1.7922E-09 2.0716E-09 2.3862E-09 2.8229E-09 3.2728E-09 3.8970E-09 4.6016E-09 5.5365E-09 6.9058E-09 8.5079E-09 1.0469E-08 1.2919E-08 1.5917E-08 2.0312E-08 2.7994E-08 4.1203E-08 6.2370E-08 8.2963E-08 9.9703E-08 1.0915E-07 1.0971E-07 1.0251E-07 8.9425E-08 7.4599E-08 6.0161E-08 4.7198E-08 3.6357E-08 2.7433E-08 2.0327E-08 1.4370E-08 1.0417E-08 7.3947E-09 4.7768E-09 3.2558E-09 2.1970E-09 1.1582E-09 7.4223E-10 4.7816E-10 7.0277E-11 3.3282E-11 1.4528E-11 3.5259E-12 0.0000E+00 0.0000E+00 0.0000E+00 0.0000E+00 0.0000E+00 0.0000E+00
2.8926E-10 3.5770E-10 4.4551E-10 5.3736E-10 6.4159E-10 7.6395E-10 8.7600E-10 1.0112E-09 1.1697E-09 1.3638E-09 1.5801E-09 1.8338E-09 2.1156E-09 2.4880E-09 3.0081E-09 3.5494E-09 4.3290E-09 5.4442E-09 6.7857E-09 8.4874E-09 1.0703E-08 1.3546E-08 1.8795E-08 2.8238E-08 4.6065E-08 7.3354E-08 9.9093E-08 1.2686E-07 1.4431E-07 1.4274E-07 1.2890E-07 1.0826E-07 8.6191E-08 6.6730E-08 5.0672E-08 3.8056E-08 2.8264E-08 2.0719E-08 1.4984E-08 1.0389E-08 7.3421E-09 5.0783E-09 3.1938E-09 2.1613E-09 1.1166E-09 7.3034E-10 4.7668E-10 6.2419E-11 2.8736E-11 1.1000E-11 1.6242E-12 0.0000E+00 0.0000E+00 0.0000E+00 0.0000E+00 0.0000E+00 0.0000E+00
1.8212E-10 2.2488E-10 2.9906E-10 3.7065E-10 4.4712E-10 5.2981E-10 6.2593E-10 7.3950E-10 8.6933E-10 1.0009E-09 1.1722E-09 1.3777E-09 1.5932E-09 1.8361E-09 2.1145E-09 2.6354E-09 3.2268E-09 4.0724E-09 5.1298E-09 6.5282E-09 8.4346E-09 1.0995E-08 1.6446E-08 2.6922E-08 4.7536E-08 7.8239E-08 1.1803E-07 1.8986E-07 2.1157E-07 1.9789E-07 1.6667E-07 1.3065E-07 9.8368E-08 7.2130E-08 5.2753E-08 3.8513E-08 2.8093E-08 2.0345E-08 1.4560E-08 9.9941E-09 7.0411E-09 4.8619E-09 3.0485E-09 2.0684E-09 1.0597E-09 7.0622E-10 4.6417E-10 5.2745E-11 2.2993E-11 6.8133E-12 4.7718E-13 0.0000E+00 0.0000E+00 0.0000E+00 0.0000E+00 0.0000E+00 0.0000E+00
