Assets/Resources/2015_m01_d06_2100(utc+0800)_l00_csi_1hr_conc.grd
DSAA
         159         159
     -79.000      79.000
     -79.000      79.000
  0.0000E+00  0.1098E-04
[rows 0 to 24 of 159, columns 0 to 56 of 159]
0.0000E+00 0.0000E+00 0.0000E+00 0.0000E+00 0.0000E+00 0.0000E+00 0.0000E+00 0.0000E+00 0.0000E+00 0.0000E+00 0.0000E+00 0.0000E+00 0.0000E+00 0.0000E+00 0.0000E+00 0.0000E+00 0.0000E+00 0.0000E+00 0.0000E+00 0.0000E+00 0.0000E+00 0.0000E+00 0.0000E+00 0.0000E+00 0.0000E+00 0.0000E+00 0.0000E+00 5.9274E-13 1.2653E-12 2.6433E-12 4.2088E-12 1.3157E-11 3.7120E-11 5.1885E-11 6.5091E-11 8.4678E-11 1.0544E-10 1.3117E-10 1.5997E-10 1.8741E-10 2.1895E-10 2.5293E-10 2.9163E-10 3.3289E-10 3.7864E-10 4.2838E-10 4.7871E-10 5.4088E-10 5.9895E-10 6.6045E-10 7.2655E-10 7.9603E-10 8.6842E-10 9.4354E-10 1.0223E-09 1.1041E-09 1.1875E-09
0.0000E+00 0.0000E+00 0.0000E+00 0.0000E+00 0.0000E+00 0.0000E+00 0.0000E+00 0.0000E+00 0.0000E+00 0.0000E+00 0.0000E+00 0.0000E+00 0.0000E+00 0.0000E+00 0.0000E+00 0.0000E+00 0.0000E+00 0.0000E+00 0.0000E+00 0.0000E+00 0.0000E+00 0.0000E+00 0.0000E+00 0.0000E+00 0.0000E+00 0.0000E+00 0.0000E+00 5.9001E-13 1.2618E-12 2.6391E-12 4.2029E-12 9.3246E-12 2.5494E-11 4.8147E-11 6.4317E-11 8.0447E-11 1.0411E-10 1.2618E-10 1.5664E-10 1.8372E-10 2.1761E-10 2.5145E-10 2.9128E-10 3.3404E-10 3.8073E-10 4.2851E-10 4.8764E-10 5.4360E-10 6.0335E-10 6.6794E-10 7.3591E-10 8.0727E-10 8.8202E-10 9.6126E-10 1.0431E-09 1.1275E-09 1.2148E-09
0.0000E+00 0.0000E+00 0.0000E+00 0.0000E+00 0.0000E+00 0.0000E+00 0.0000E+00 0.0000E+00 0.0000E+00 0.0000E+00 0.0000E+00 0.0000E+00 0.0000E+00 0.0000E+00 0.0000E+00 0.0000E+00 0.0000E+00 0.0000E+00 0.0000E+00 0.0000E+00 0.0000E+00 0.0000E+00 0.0000E+00 0.0000E+00 0.0000E+00 0.0000E+00 0.0000E+00 5.8600E-13 1.2555E-12 2.6290E-12 4.1875E-12 7.0930E-12 2.2132E-11 4.4417E-11 6.0659E-11 7.9832E-11 9.9216E-11 1.2523E-10 1.5070E-10 1.8234E-10 2.1394E-10 2.4984E-10 2.8922E-10 3.3432E-10 3.7922E-10 4.3474E-10 4.8803E-10 5.4534E-10 6.0768E-10 6.7368E-10 7.4350E-10 8.1735E-10 8.9589E-10 9.7716E-10 1.0618E-09 1.1501E-09 1.2413E-09
0.0000E+00 0.0000E+00 0.0000E+00 0.0000E+00 0.0000E+00 0.0000E+00 0.0000E+00 0.0000E+00 0.0000E+00 0.0000E+00 0.0000E+00 0.0000E+00 0.0000E+00 0.0000E+00 0.0000E+00 0.0000E+00 0.0000E+00 0.0000E+00 0.0000E+00 0.0000E+00 0.0000E+00 0.0000E+00 0.0000E+00 0.0000E+00 0.0000E+00 0.0000E+00 0.0000E+00 5.8073E-13 1.2465E-12 2.6130E-12 3.6080E-12 6.0169E-12 1.6406E-11 3.6823E-11 5.7553E-11 7.6054E-11 9.4581E-11 1.2004E-10 1.4842E-10 1.7892E-10 2.1267E-10 2.4847E-10 2.8978E-10 3.3154E-10 3.8310E-10 4.3326E-10 4.8767E-10 5.4697E-10 6.1034E-10 6.7788E-10 7.4999E-10 8.2704E-10 9.0726E-10 9.9140E-10 1.0800E-09 1.1715E-09 1.2661E-09
0.0000E+00 0.0000E+00 0.0000E+00 0.0000E+00 0.0000E+00 0.0000E+00 0.0000E+00 0.0000E+00 0.0000E+00 0.0000E+00 0.0000E+00 0.0000E+00 0.0000E+00 0.0000E+00 0.0000E+00 0.0000E+00 0.0000E+00 0.0000E+00 0.0000E+00 0.0000E+00 0.0000E+00 0.0000E+00 0.0000E+00 0.0000E+00 0.0000E+00 0.0000E+00 0.0000E+00 5.7424E-13 1.2347E-12 2.5913E-12 3.5791E-12 5.9770E-12 1.2638E-11 2.7793E-11 5.4546E-11 7.1995E-11 9.3645E-11 1.1533E-10 1.4314E-10 1.7271E-10 2.0995E-10 2.4574E-10 2.8615E-10 3.2809E-10 3.8014E-10 4.3109E-10 4.8690E-10 5.4697E-10 6.1164E-10 6.8129E-10 7.5598E-10 8.3431E-10 9.1711E-10 1.0050E-09 1.0962E-09 1.1911E-09 1.2903E-09
0.0000E+00 0.0000E+00 0.0000E+00 0.0000E+00 0.0000E+00 0.0000E+00 0.0000E+00 0.0000E+00 0.0000E+00 0.0000E+00 0.0000E+00 0.0000E+00 0.0000E+00 0.0000E+00 0.0000E+00 0.0000E+00 0.0000E+00 0.0000E+00 0.0000E+00 0.0000E+00 0.0000E+00 0.0000E+00 0.0000E+00 0.0000E+00 0.0000E+00 0.0000E+00 0.0000E+00 5.6656E-13 1.2204E-12 2.5640E-12 3.5425E-12 5.9238E-12 1.0802E-11 2.4208E-11 4.7156E-11 6.8688E-11 8.8989E-11 1.1261E-10 1.3800E-10 1.6928E-10 2.0334E-10 2.4260E-10 2.8187E-10 3.2942E-10 3.7646E-10 4.2838E-10 4.8455E-10 5.4585E-10 6.1228E-10 6.8387E-10 7.5958E-10 8.4027E-10 9.2642E-10 1.0164E-09 1.1109E-09 1.2101E-09 1.3192E-09
0.0000E+00 0.0000E+00 0.0000E+00 0.0000E+00 0.0000E+00 0.0000E+00 0.0000E+00 0.0000E+00 0.0000E+00 0.0000E+00 0.0000E+00 0.0000E+00 0.0000E+00 0.0000E+00 0.0000E+00 0.0000E+00 0.0000E+00 0.0000E+00 0.0000E+00 0.0000E+00 0.0000E+00 0.0000E+00 0.0000E+00 0.0000E+00 0.0000E+00 0.0000E+00 0.0000E+00 5.5775E-13 1.2035E-12 2.5312E-12 3.4983E-12 5.8575E-12 8.5422E-12 2.0545E-11 3.7574E-11 6.5401E-11 8.4629E-11 1.0833E-10 1.3352E-10 1.6393E-10 1.9887E-10 2.3708E-10 2.8151E-10 3.2458E-10 3.7232E-10 4.2400E-10 4.8155E-10 5.4400E-10 6.1190E-10 6.8423E-10 7.6194E-10 8.4548E-10 9.3338E-10 1.0265E-09 1.1247E-09 1.2332E-09 1.3410E-09
0.0000E+00 0.0000E+00 0.0000E+00 0.0000E+00 0.0000E+00 0.0000E+00 0.0000E+00 0.0000E+00 0.0000E+00 0.0000E+00 0.0000E+00 0.0000E+00 0.0000E+00 0.0000E+00 0.0000E+00 0.0000E+00 0.0000E+00 0.0000E+00 0.0000E+00 0.0000E+00 0.0000E+00 0.0000E+00 0.0000E+00 0.0000E+00 0.0000E+00 0.0000E+00 0.0000E+00 5.4787E-13 1.1842E-12 1.9396E-12 3.4468E-12 5.7788E-12 7.9611E-12 1.9728E-11 3.3470E-11 5.8231E-11 8.2245E-11 1.0364E-10 1.3003E-10 1.5894E-10 1.9423E-10 2.2815E-10 2.7513E-10 3.1951E-10 3.6661E-10 4.1966E-10 4.7764E-10 5.4114E-10 6.0947E-10 6.8335E-10 7.6349E-10 8.4839E-10 9.3912E-10 1.0353E-09 1.1426E-09 1.2490E-09 1.3613E-09
0.0000E+00 0.0000E+00 0.0000E+00 0.0000E+00 0.0000E+00 0.0000E+00 0.0000E+00 0.0000E+00 0.0000E+00 0.0000E+00 0.0000E+00 0.0000E+00 0.0000E+00 0.0000E+00 0.0000E+00 0.0000E+00 0.0000E+00 0.0000E+00 0.0000E+00 0.0000E+00 0.0000E+00 0.0000E+00 0.0000E+00 0.0000E+00 0.0000E+00 0.0000E+00 0.0000E+00 5.3697E-13 1.1626E-12 1.9036E-12 3.3883E-12 5.6880E-12 7.8987E-12 1.6136E-11 3.1417E-11 4.8190E-11 7.6875E-11 1.0123E-10 1.2423E-10 1.5584E-10 1.8586E-10 2.2663E-10 2.6778E-10 3.1190E-10 3.6112E-10 4.1424E-10 4.7271E-10 5.3652E-10 6.0578E-10 6.8179E-10 7.6280E-10 8.5017E-10 9.4962E-10 1.0484E-09 1.1526E-09 1.2629E-09 1.3805E-09
0.0000E+00 0.0000E+00 0.0000E+00 0.0000E+00 0.0000E+00 0.0000E+00 0.0000E+00 0.0000E+00 0.0000E+00 0.0000E+00 0.0000E+00 0.0000E+00 0.0000E+00 0.0000E+00 0.0000E+00 0.0000E+00 0.0000E+00 0.0000E+00 0.0000E+00 0.0000E+00 0.0000E+00 0.0000E+00 0.0000E+00 0.0000E+00 0.0000E+00 0.0000E+00 0.0000E+00 5.2513E-13 6.0329E-13 1.8641E-12 3.3233E-12 5.0211E-12 7.8238E-12 1.2790E-11 2.9144E-11 4.4465E-11 7.0187E-11 9.6837E-11 1.2050E-10 1.4924E-10 1.8249E-10 2.1877E-10 2.5810E-10 3.0442E-10 3.5479E-10 4.0764E-10 4.6655E-10 5.3067E-10 6.0174E-10 6.7805E-10 7.6107E-10 8.5662E-10 9.5197E-10 1.0533E-09 1.1605E-09 1.2758E-09 1.3978E-09
0.0000E+00 0.0000E+00 0.0000E+00 0.0000E+00 0.0000E+00 0.0000E+00 0.0000E+00 0.0000E+00 0.0000E+00 0.0000E+00 0.0000E+00 0.0000E+00 0.0000E+00 0.0000E+00 0.0000E+00 0.0000E+00 0.0000E+00 0.0000E+00 0.0000E+00 0.0000E+00 0.0000E+00 0.0000E+00 0.0000E+00 0.0000E+00 0.0000E+00 0.0000E+00 0.0000E+00 0.0000E+00 5.8868E-13 1.8213E-12 2.7013E-12 4.9175E-12 7.7571E-12 1.2956E-11 2.6011E-11 4.1948E-11 6.0903E-11 8.7678E-11 1.1698E-10 1.4148E-10 1.7710E-10 2.1078E-10 2.5049E-10 2.9498E-10 3.4730E-10 4.0080E-10 4.5927E-10 5.2471E-10 5.9557E-10 6.7336E-10 7.6410E-10 8.5500E-10 9.5242E-10 1.0563E-09 1.1671E-09 1.2866E-09 1.4136E-09
0.0000E+00 0.0000E+00 0.0000E+00 0.0000E+00 0.0000E+00 0.0000E+00 0.0000E+00 0.0000E+00 0.0000E+00 0.0000E+00 0.0000E+00 0.0000E+00 0.0000E+00 0.0000E+00 0.0000E+00 0.0000E+00 0.0000E+00 0.0000E+00 0.0000E+00 0.0000E+00 0.0000E+00 0.0000E+00 0.0000E+00 0.0000E+00 0.0000E+00 0.0000E+00 0.0000E+00 0.0000E+00 5.7316E-13 1.2471E-12 2.6369E-12 4.8051E-12 7.6125E-12 1.2917E-11 2.2863E-11 3.8993E-11 5.5732E-11 7.9015E-11 1.0956E-10 1.4116E-10 1.6885E-10 2.0286E-10 2.4228E-10 2.8560E-10 3.3804E-10 3.9280E-10 4.5213E-10 5.1698E-10 5.8866E-10 6.7376E-10 7.5919E-10 8.5160E-10 9.5116E-10 1.0579E-09 1.1713E-09 1.2959E-09 1.4276E-09
0.0000E+00 0.0000E+00 0.0000E+00 0.0000E+00 0.0000E+00 0.0000E+00 0.0000E+00 0.0000E+00 0.0000E+00 0.0000E+00 0.0000E+00 0.0000E+00 0.0000E+00 0.0000E+00 0.0000E+00 0.0000E+00 0.0000E+00 0.0000E+00 0.0000E+00 0.0000E+00 0.0000E+00 0.0000E+00 0.0000E+00 0.0000E+00 0.0000E+00 0.0000E+00 0.0000E+00 0.0000E+00 5.5681E-13 1.2135E-12 2.5681E-12 4.1440E-12 6.9025E-12 1.2900E-11 1.9005E-11 3.6067E-11 5.2740E-11 7.4040E-11 1.0217E-10 1.3380E-10 1.6260E-10 1.9593E-10 2.3342E-10 2.7665E-10 3.2788E-10 3.8505E-10 4.4390E-10 5.0873E-10 5.8748E-10 6.6659E-10 7.5292E-10 8.4692E-10 9.4849E-10 1.0572E-09 1.1740E-09 1.3031E-09 1.4392E-09
0.0000E+00 0.0000E+00 0.0000E+00 0.0000E+00 0.0000E+00 0.0000E+00 0.0000E+00 0.0000E+00 0.0000E+00 0.0000E+00 0.0000E+00 0.0000E+00 0.0000E+00 0.0000E+00 0.0000E+00 0.0000E+00 0.0000E+00 0.0000E+00 0.0000E+00 0.0000E+00 0.0000E+00 0.0000E+00 0.0000E+00 0.0000E+00 0.0000E+00 0.0000E+00 0.0000E+00 0.0000E+00 5.3974E-13 1.1782E-12 2.4956E-12 4.0322E-12 6.7474E-12 1.2180E-11 1.9083E-11 3.1627E-11 4.9355E-11 6.7654E-11 9.5370E-11 1.2689E-10 1.5466E-10 1.8833E-10 2.2453E-10 2.6703E-10 3.1706E-10 3.7650E-10 4.3457E-10 5.0032E-10 5.7861E-10 6.5830E-10 7.4599E-10 8.4124E-10 9.4425E-10 1.0558E-09 1.1747E-09 1.3077E-09 1.4501E-09
0.0000E+00 0.0000E+00 0.0000E+00 0.0000E+00 0.0000E+00 0.0000E+00 0.0000E+00 0.0000E+00 0.0000E+00 0.0000E+00 0.0000E+00 0.0000E+00 0.0000E+00 0.0000E+00 0.0000E+00 0.0000E+00 0.0000E+00 0.0000E+00 0.0000E+00 0.0000E+00 0.0000E+00 0.0000E+00 0.0000E+00 0.0000E+00 0.0000E+00 0.0000E+00 0.0000E+00 0.0000E+00 5.2203E-13 1.1413E-12 2.4196E-12 3.9146E-12 6.5819E-12 1.2011E-11 1.9192E-11 2.7129E-11 4.6908E-11 6.3156E-11 8.8018E-11 1.1499E-10 1.4957E-10 1.8000E-10 2.1497E-10 2.5700E-10 3.0726E-10 3.6737E-10 4.2611E-10 4.9665E-10 5.6898E-10 6.4936E-10 7.3735E-10 8.3368E-10 9.3903E-10 1.0521E-09 1.1743E-09 1.3133E-09 1.4584E-09
0.0000E+00 0.0000E+00 0.0000E+00 0.0000E+00 0.0000E+00 0.0000E+00 0.0000E+00 0.0000E+00 0.0000E+00 0.0000E+00 0.0000E+00 0.0000E+00 0.0000E+00 0.0000E+00 0.0000E+00 0.0000E+00 0.0000E+00 0.0000E+00 0.0000E+00 0.0000E+00 0.0000E+00 0.0000E+00 0.0000E+00 0.0000E+00 0.0000E+00 0.0000E+00 0.0000E+00 0.0000E+00 0.0000E+00 5.7749E-13 1.7994E-12 3.2378E-12 6.4070E-12 1.1823E-11 1.9139E-11 2.6039E-11 4.1922E-11 6.2212E-11 8.1276E-11 1.0377E-10 1.3726E-10 1.7112E-10 2.0714E-10 2.4764E-10 2.9594E-10 3.5713E-10 4.2136E-10 4.8614E-10 5.5881E-10 6.3960E-10 7.2808E-10 8.2597E-10 9.3214E-10 1.0481E-09 1.1743E-09 1.3140E-09 1.4632E-09
0.0000E+00 0.0000E+00 0.0000E+00 0.0000E+00 0.0000E+00 0.0000E+00 0.0000E+00 0.0000E+00 0.0000E+00 0.0000E+00 0.0000E+00 0.0000E+00 0.0000E+00 0.0000E+00 0.0000E+00 0.0000E+00 0.0000E+00 0.0000E+00 0.0000E+00 0.0000E+00 0.0000E+00 0.0000E+00 0.0000E+00 0.0000E+00 0.0000E+00 0.0000E+00 0.0000E+00 0.0000E+00 0.0000E+00 5.5608E-13 1.2194E-12 2.5904E-12 5.1274E-12 1.1616E-11 1.8998E-11 2.6250E-11 3.7540E-11 5.8458E-11 7.5510E-11 9.8678E-11 1.2954E-10 1.6294E-10 1.9672E-10 2.3639E-10 2.8617E-10 3.4921E-10 4.1103E-10 4.7552E-10 5.4857E-10 6.2852E-10 7.1856E-10 8.1676E-10 9.2562E-10 1.0433E-09 1.1712E-09 1.3142E-09 1.4682E-09
0.0000E+00 0.0000E+00 0.0000E+00 0.0000E+00 0.0000E+00 0.0000E+00 0.0000E+00 0.0000E+00 0.0000E+00 0.0000E+00 0.0000E+00 0.0000E+00 0.0000E+00 0.0000E+00 0.0000E+00 0.0000E+00 0.0000E+00 0.0000E+00 0.0000E+00 0.0000E+00 0.0000E+00 0.0000E+00 0.0000E+00 0.0000E+00 0.0000E+00 0.0000E+00 0.0000E+00 0.0000E+00 0.0000E+00 5.3429E-13 1.1734E-12 2.4946E-12 4.9759E-12 1.0848E-11 1.8846E-11 2.6954E-11 3.2503E-11 5.3788E-11 7.1347E-11 9.1381E-11 1.1793E-10 1.5097E-10 1.8990E-10 2.2731E-10 2.7442E-10 3.3804E-10 4.0014E-10 4.6531E-10 5.3696E-10 6.1878E-10 7.0842E-10 8.0885E-10 9.1835E-10 1.0369E-09 1.1685E-09 1.3133E-09 1.4683E-09
0.0000E+00 0.0000E+00 0.0000E+00 0.0000E+00 0.0000E+00 0.0000E+00 0.0000E+00 0.0000E+00 0.0000E+00 0.0000E+00 0.0000E+00 0.0000E+00 0.0000E+00 0.0000E+00 0.0000E+00 0.0000E+00 0.0000E+00 0.0000E+00 0.0000E+00 0.0000E+00 0.0000E+00 0.0000E+00 0.0000E+00 0.0000E+00 0.0000E+00 0.0000E+00 0.0000E+00 0.0000E+00 0.0000E+00 0.0000E+00 1.1265E-12 2.3968E-12 4.8189E-12 1.0629E-11 1.8652E-11 2.6933E-11 3.3257E-11 4.7039E-11 6.8111E-11 8.6250E-11 1.0966E-10 1.3919E-10 1.7546E-10 2.1693E-10 2.6913E-10 3.2465E-10 3.9064E-10 4.5370E-10 5.2712E-10 6.0739E-10 6.9902E-10 7.9970E-10 9.0929E-10 1.0308E-09 1.1635E-09 1.3098E-09 1.4681E-09
0.0000E+00 0.0000E+00 0.0000E+00 0.0000E+00 0.0000E+00 0.0000E+00 0.0000E+00 0.0000E+00 0.0000E+00 0.0000E+00 0.0000E+00 0.0000E+00 0.0000E+00 0.0000E+00 0.0000E+00 0.0000E+00 0.0000E+00 0.0000E+00 0.0000E+00 0.0000E+00 0.0000E+00 0.0000E+00 0.0000E+00 0.0000E+00 0.0000E+00 0.0000E+00 0.0000E+00 0.0000E+00 0.0000E+00 0.0000E+00 5.6040E-13 1.2342E-12 4.6570E-12 1.0394E-11 1.8978E-11 2.6905E-11 3.3474E-11 3.9876E-11 6.2844E-11 8.1736E-11 1.0277E-10 1.3051E-10 1.6595E-10 2.1032E-10 2.5781E-10 3.1601E-10 3.7824E-10 4.4375E-10 5.1561E-10 5.9784E-10 6.8936E-10 7.8910E-10 9.0167E-10 1.0226E-09 1.1571E-09 1.3071E-09 1.4657E-09
0.0000E+00 0.0000E+00 0.0000E+00 0.0000E+00 0.0000E+00 0.0000E+00 0.0000E+00 0.0000E+00 0.0000E+00 0.0000E+00 0.0000E+00 0.0000E+00 0.0000E+00 0.0000E+00 0.0000E+00 0.0000E+00 0.0000E+00 0.0000E+00 0.0000E+00 0.0000E+00 0.0000E+00 0.0000E+00 0.0000E+00 0.0000E+00 0.0000E+00 0.0000E+00 0.0000E+00 0.0000E+00 0.0000E+00 0.0000E+00 5.3487E-13 1.1797E-12 3.4231E-12 9.6231E-12 1.8202E-11 2.6712E-11 3.3474E-11 4.0176E-11 5.7342E-11 7.6470E-11 9.6833E-11 1.2181E-10 1.5247E-10 1.9641E-10 2.4854E-10 3.0162E-10 3.6486E-10 4.3288E-10 5.0550E-10 5.8786E-10 6.7766E-10 7.8052E-10 8.9155E-10 1.0138E-09 1.1523E-09 1.3015E-09 1.4609E-09
0.0000E+00 0.0000E+00 0.0000E+00 0.0000E+00 0.0000E+00 0.0000E+00 0.0000E+00 0.0000E+00 0.0000E+00 0.0000E+00 0.0000E+00 0.0000E+00 0.0000E+00 0.0000E+00 0.0000E+00 0.0000E+00 0.0000E+00 0.0000E+00 0.0000E+00 0.0000E+00 0.0000E+00 0.0000E+00 0.0000E+00 0.0000E+00 0.0000E+00 0.0000E+00 0.0000E+00 0.0000E+00 0.0000E+00 0.0000E+00 0.0000E+00 1.1250E-12 3.2986E-12 9.4345E-12 1.7975E-11 2.6518E-11 3.3467E-11 4.0391E-11 4.8657E-11 7.2337E-11 9.2372E-11 1.1342E-10 1.4588E-10 1.8233E-10 2.3778E-10 2.9258E-10 3.5393E-10 4.2288E-10 4.9703E-10 5.7619E-10 6.6872E-10 7.6982E-10 8.8144E-10 1.0052E-09 1.1438E-09 1.2939E-09 1.4564E-09
0.0000E+00 0.0000E+00 0.0000E+00 0.0000E+00 0.0000E+00 0.0000E+00 0.0000E+00 0.0000E+00 0.0000E+00 0.0000E+00 0.0000E+00 0.0000E+00 0.0000E+00 0.0000E+00 0.0000E+00 0.0000E+00 0.0000E+00 0.0000E+00 0.0000E+00 0.0000E+00 0.0000E+00 0.0000E+00 0.0000E+00 0.0000E+00 0.0000E+00 0.0000E+00 0.0000E+00 0.0000E+00 0.0000E+00 0.0000E+00 0.0000E+00 5.5239E-13 2.6567E-12 9.3169E-12 1.7719E-11 2.6281E-11 3.3244E-11 4.0348E-11 4.7221E-11 6.8159E-11 8.7480E-11 1.0967E-10 1.3773E-10 1.7284E-10 2.1874E-10 2.8293E-10 3.4190E-10 4.1255E-10 4.8541E-10 5.6776E-10 6.5826E-10 7.5897E-10 8.7167E-10 9.9448E-10 1.1352E-09 1.2876E-09 1.4496E-09
0.0000E+00 0.0000E+00 0.0000E+00 0.0000E+00 0.0000E+00 0.0000E+00 0.0000E+00 0.0000E+00 0.0000E+00 0.0000E+00 0.0000E+00 0.0000E+00 0.0000E+00 0.0000E+00 0.0000E+00 0.0000E+00 0.0000E+00 0.0000E+00 0.0000E+00 0.0000E+00 0.0000E+00 0.0000E+00 0.0000E+00 0.0000E+00 0.0000E+00 0.0000E+00 0.0000E+00 0.0000E+00 0.0000E+00 0.0000E+00 0.0000E+00 5.2374E-13 2.0324E-12 8.5107E-12 1.6604E-11 2.5449E-11 3.2421E-11 4.0281E-11 4.7304E-11 5.8745E-11 8.2763E-11 1.0696E-10 1.3081E-10 1.6238E-10 2.0369E-10 2.7356E-10 3.3605E-10 4.0202E-10 4.7791E-10 5.5872E-10 6.4787E-10 7.4953E-10 8.6049E-10 9.8464E-10 1.1256E-09 1.2788E-09 1.4425E-09
0.0000E+00 0.0000E+00 0.0000E+00 0.0000E+00 0.0000E+00 0.0000E+00 0.0000E+00 0.0000E+00 0.0000E+00 0.0000E+00 0.0000E+00 0.0000E+00 0.0000E+00 0.0000E+00 0.0000E+00 0.0000E+00 0.0000E+00 0.0000E+00 0.0000E+00 0.0000E+00 0.0000E+00 0.0000E+00 0.0000E+00 0.0000E+00 0.0000E+00 0.0000E+00 0.0000E+00 0.0000E+00 0.0000E+00 0.0000E+00 0.0000E+00 0.0000E+00 1.6199E-12 8.3574E-12 1.6705E-11 2.5150E-11 3.2117E-11 4.0047E-11 4.7190E-11 5.5236E-11 7.9369E-11 1.0164E-10 1.2620E-10 1.5630E-10 1.9159E-10 2.6686E-10 3.2610E-10 3.9145E-10 4.7010E-10 5.5081E-10 6.4249E-10 7.4194E-10 8.5418E-10 9.7885E-10 1.1221E-09 1.2753E-09 1.4391E-09
