Assets/Resources/2015_m01_d21_0800(utc+0800)_l00_csi_1hr_conc.grd
DSAA
         159         159
     -79.000      79.000
     -79.000      79.000
  0.1110E-08  0.2341E-04
[rows 50 to 74 of 159, columns 57 to 113 of 159]
8.6743E-09 8.7914E-09 8.9366E-09 9.0918E-09 9.2766E-09 9.5441E-09 1.0009E-08 1.0653E-08 1.1493E-08 1.2444E-08 1.3414E-08 1.4453E-08 1.5562E-08 1.6772E-08 1.8131E-08 1.9646E-08 2.1334E-08 2.3357E-08 2.5402E-08 2.7607E-08 2.9964E-08 3.2456E-08 3.5066E-08 3.7768E-08 4.0534E-08 4.3333E-08 4.8899E-08 5.8310E-08 6.1334E-08 6.3607E-08 6.5613E-08 6.7381E-08 6.8826E-08 6.9939E-08 7.0692E-08 7.1050E-08 7.1010E-08 7.0516E-08 6.9658E-08 6.8461E-08 6.6975E-08 6.5226E-08 6.3251E-08 6.1088E-08 5.8776E-08 5.6405E-08 5.3970E-08 5.1510E-08 4.9008E-08 4.6492E-08 4.3987E-08 4.1516E-08 3.9098E-08 3.6753E-08 3.4465E-08 3.2219E-08 2.9971E-08
8.8064E-09 8.9262E-09 9.0755E-09 9.2470E-09 9.4628E-09 9.8622E-09 1.0440E-08 1.1209E-08 1.2151E-08 1.3123E-08 1.4160E-08 1.5284E-08 1.6501E-08 1.7870E-08 1.9409E-08 2.1138E-08 2.3220E-08 2.5355E-08 2.7681E-08 3.0190E-08 3.2872E-08 3.5708E-08 3.8677E-08 4.1751E-08 4.4896E-08 4.8074E-08 5.6237E-08 6.6058E-08 6.9281E-08 7.1710E-08 7.3860E-08 7.5716E-08 7.7208E-08 7.8317E-08 7.9020E-08 7.9285E-08 7.9092E-08 7.8398E-08 7.7291E-08 7.5805E-08 7.4005E-08 7.1923E-08 6.9592E-08 6.7064E-08 6.4383E-08 6.1641E-08 5.8844E-08 5.6038E-08 5.3195E-08 5.0346E-08 4.7518E-08 4.4739E-08 4.2027E-08 3.9403E-08 3.6880E-08 3.4429E-08 3.1899E-08
8.9367E-09 9.0641E-09 9.2139E-09 9.3923E-09 9.7136E-09 1.0247E-08 1.0925E-08 1.1805E-08 1.2786E-08 1.3807E-08 1.4924E-08 1.6148E-08 1.7509E-08 1.9050E-08 2.0785E-08 2.2909E-08 2.5106E-08 2.7523E-08 3.0157E-08 3.2999E-08 3.6036E-08 3.9250E-08 4.2612E-08 4.6092E-08 4.9651E-08 5.3245E-08 6.4667E-08 7.4630E-08 7.8031E-08 8.0604E-08 8.2893E-08 8.4821E-08 8.6341E-08 8.7422E-08 8.8055E-08 8.8206E-08 8.7828E-08 8.6910E-08 8.5526E-08 8.3714E-08 8.1565E-08 7.9118E-08 7.6392E-08 7.3465E-08 7.0378E-08 6.7230E-08 6.4036E-08 6.0855E-08 5.7640E-08 5.4431E-08 5.1254E-08 4.8142E-08 4.5113E-08 4.2191E-08 3.9387E-08 3.6711E-08 3.4127E-08
9.0638E-09 9.1881E-09 9.3476E-09 9.5910E-09 1.0039E-08 1.0654E-08 1.1437E-08 1.2402E-08 1.3409E-08 1.4504E-08 1.5716E-08 1.7061E-08 1.8582E-08 2.0311E-08 2.2274E-08 2.4662E-08 2.7137E-08 2.9860E-08 3.2828E-08 3.6031E-08 3.9454E-08 4.3075E-08 4.6864E-08 5.0784E-08 5.4791E-08 5.8835E-08 7.4105E-08 8.4007E-08 8.7562E-08 9.0264E-08 9.2684E-08 9.4666E-08 9.6193E-08 9.7218E-08 9.7762E-08 9.7781E-08 9.7191E-08 9.6022E-08 9.4336E-08 9.2157E-08 8.9624E-08 8.6771E-08 8.3623E-08 8.0266E-08 7.6738E-08 7.3148E-08 6.9529E-08 6.5939E-08 6.2325E-08 5.8729E-08 5.5178E-08 5.1710E-08 4.8343E-08 4.5103E-08 4.2001E-08 3.9051E-08 3.6238E-08
9.1800E-09 9.3192E-09 9.4990E-09 9.8458E-09 1.0382E-08 1.1075E-08 1.1979E-08 1.2973E-08 1.4040E-08 1.5227E-08 1.6542E-08 1.8023E-08 1.9718E-08 2.1661E-08 2.4033E-08 2.6532E-08 2.9306E-08 3.2359E-08 3.5687E-08 3.9277E-08 4.3115E-08 4.7174E-08 5.1419E-08 5.5809E-08 6.0295E-08 6.4820E-08 8.4448E-08 9.4137E-08 9.7826E-08 1.0064E-07 1.0317E-07 1.0520E-07 1.0671E-07 1.0766E-07 1.0809E-07 1.0795E-07 1.0712E-07 1.0568E-07 1.0364E-07 1.0108E-07 9.8136E-08 9.4842E-08 9.1243E-08 8.7427E-08 8.3424E-08 7.9361E-08 7.5293E-08 7.1261E-08 6.7222E-08 6.3214E-08 5.9267E-08 5.5420E-08 5.1695E-08 4.8119E-08 4.4703E-08 4.1462E-08 3.8405E-08
9.2900E-09 9.4312E-09 9.6838E-09 1.0136E-08 1.0734E-08 1.1537E-08 1.2514E-08 1.3556E-08 1.4700E-08 1.5980E-08 1.7403E-08 1.9046E-08 2.0944E-08 2.3252E-08 2.5733E-08 2.8505E-08 3.1599E-08 3.5007E-08 3.8720E-08 4.2725E-08 4.7004E-08 5.1527E-08 5.6256E-08 6.1146E-08 6.6138E-08 7.1169E-08 9.5574E-08 1.0494E-07 1.0874E-07 1.1165E-07 1.1428E-07 1.1634E-07 1.1782E-07 1.1866E-07 1.1894E-07 1.1863E-07 1.1755E-07 1.1581E-07 1.1339E-07 1.1042E-07 1.0704E-07 1.0327E-07 9.9195E-08 9.4904E-08 9.0388E-08 8.5823E-08 8.1282E-08 7.6780E-08 7.2293E-08 6.7852E-08 6.3488E-08 5.9244E-08 5.5145E-08 5.1217E-08 4.7473E-08 4.3927E-08 4.0590E-08
9.3936E-09 9.5605E-09 9.9089E-09 1.0439E-08 1.1128E-08 1.2029E-08 1.3068E-08 1.4186E-08 1.5431E-08 1.6770E-08 1.8350E-08 2.0178E-08 2.2240E-08 2.4829E-08 2.7593E-08 3.0570E-08 3.3999E-08 3.7778E-08 4.1899E-08 4.6347E-08 5.1095E-08 5.6107E-08 6.1345E-08 6.6757E-08 7.2278E-08 7.7838E-08 1.0735E-07 1.1632E-07 1.2021E-07 1.2319E-07 1.2591E-07 1.2797E-07 1.2939E-07 1.3011E-07 1.3023E-07 1.2969E-07 1.2836E-07 1.2632E-07 1.2349E-07 1.2009E-07 1.1625E-07 1.1198E-07 1.0741E-07 1.0260E-07 9.7567E-08 9.2475E-08 8.7439E-08 8.2445E-08 7.7493E-08 7.2601E-08 6.7804E-08 6.3148E-08 5.8660E-08 5.4368E-08 5.0284E-08 4.6424E-08 4.2799E-08
9.4905E-09 9.7137E-09 1.0154E-08 1.0739E-08 1.1520E-08 1.2492E-08 1.3578E-08 1.4752E-08 1.6081E-08 1.7584E-08 1.9326E-08 2.1359E-08 2.3863E-08 2.6579E-08 2.9658E-08 3.2706E-08 3.6486E-08 4.0651E-08 4.5194E-08 5.0101E-08 5.5340E-08 6.0872E-08 6.6645E-08 7.2598E-08 7.8666E-08 8.4774E-08 1.1946E-07 1.2816E-07 1.3209E-07 1.3514E-07 1.3790E-07 1.3996E-07 1.4130E-07 1.4189E-07 1.4182E-07 1.4103E-07 1.3945E-07 1.3709E-07 1.3382E-07 1.2999E-07 1.2566E-07 1.2088E-07 1.1579E-07 1.1045E-07 1.0488E-07 9.9245E-08 9.3700E-08 8.8196E-08 8.2766E-08 7.7409E-08 7.2168E-08 6.7089E-08 6.2204E-08 5.7539E-08 5.3108E-08 4.8927E-08 4.5008E-08
9.5806E-09 9.8935E-09 1.0392E-08 1.1049E-08 1.1914E-08 1.2939E-08 1.4050E-08 1.5309E-08 1.6723E-08 1.8347E-08 2.0244E-08 2.2461E-08 2.5203E-08 2.8176E-08 3.1548E-08 3.4880E-08 3.9025E-08 4.3592E-08 4.8571E-08 5.3944E-08 5.9687E-08 6.5753E-08 7.2082E-08 7.8605E-08 8.5242E-08 9.2042E-08 1.3191E-07 1.4030E-07 1.4424E-07 1.4736E-07 1.5013E-07 1.5216E-07 1.5338E-07 1.5382E-07 1.5355E-07 1.5251E-07 1.5066E-07 1.4798E-07 1.4426E-07 1.3997E-07 1.3513E-07 1.2984E-07 1.2424E-07 1.1835E-07 1.1225E-07 1.0607E-07 9.9986E-08 9.3963E-08 8.8047E-08 8.2218E-08 7.6529E-08 7.1021E-08 6.5734E-08 6.0692E-08 5.5910E-08 5.1406E-08 4.7191E-08
9.6931E-09 1.0085E-08 1.0625E-08 1.1347E-08 1.2282E-08 1.3344E-08 1.4517E-08 1.5845E-08 1.7353E-08 1.9105E-08 2.1169E-08 2.3726E-08 2.6542E-08 2.9769E-08 3.3436E-08 3.7058E-08 4.1573E-08 4.6547E-08 5.1974E-08 5.7833E-08 6.4085E-08 7.0683E-08 7.7574E-08 8.4679E-08 9.1904E-08 1.0049E-07 1.4453E-07 1.5257E-07 1.5649E-07 1.5964E-07 1.6242E-07 1.6441E-07 1.6548E-07 1.6575E-07 1.6525E-07 1.6396E-07 1.6183E-07 1.5876E-07 1.5465E-07 1.4991E-07 1.4455E-07 1.3876E-07 1.3264E-07 1.2620E-07 1.1956E-07 1.1283E-07 1.0621E-07 9.9667E-08 9.3265E-08 8.6965E-08 8.0826E-08 7.4890E-08 6.9203E-08 6.3786E-08 5.8654E-08 5.3829E-08 4.9320E-08
9.8105E-09 1.0276E-08 1.0839E-08 1.1641E-08 1.2629E-08 1.3723E-08 1.4961E-08 1.6364E-08 1.7966E-08 1.9847E-08 2.2067E-08 2.4825E-08 2.7859E-08 3.1339E-08 3.5295E-08 3.9196E-08 4.4076E-08 4.9462E-08 5.5340E-08 6.1682E-08 6.8452E-08 7.5597E-08 8.3047E-08 9.0720E-08 9.8530E-08 1.1165E-07 1.5706E-07 1.6473E-07 1.6863E-07 1.7182E-07 1.7459E-07 1.7653E-07 1.7743E-07 1.7751E-07 1.7675E-07 1.7519E-07 1.7278E-07 1.6931E-07 1.6484E-07 1.5966E-07 1.5378E-07 1.4748E-07 1.4086E-07 1.3387E-07 1.2671E-07 1.1944E-07 1.1229E-07 1.0522E-07 9.8343E-08 9.1577E-08 8.4998E-08 7.8640E-08 7.2561E-08 6.6774E-08 6.1301E-08 5.6160E-08 5.1364E-08
9.9415E-09 1.0430E-08 1.1057E-08 1.1921E-08 1.2943E-08 1.4075E-08 1.5382E-08 1.6855E-08 1.8556E-08 2.0561E-08 2.2932E-08 2.5887E-08 2.9134E-08 3.2859E-08 3.7095E-08 4.1267E-08 4.6496E-08 5.2272E-08 5.8589E-08 6.5411E-08 7.2696E-08 8.0383E-08 8.8394E-08 9.6639E-08 1.0501E-07 1.2532E-07 1.6922E-07 1.7654E-07 1.8043E-07 1.8369E-07 1.8644E-07 1.8832E-07 1.8905E-07 1.8892E-07 1.8788E-07 1.8606E-07 1.8336E-07 1.7949E-07 1.7464E-07 1.6905E-07 1.6266E-07 1.5586E-07 1.4873E-07 1.4124E-07 1.3357E-07 1.2578E-07 1.1811E-07 1.1054E-07 1.0320E-07 9.5981E-08 8.8976E-08 8.2210E-08 7.5753E-08 6.9610E-08 6.3807E-08 5.8364E-08 5.3291E-08
1.0062E-08 1.0579E-08 1.1264E-08 1.2164E-08 1.3232E-08 1.4406E-08 1.5769E-08 1.7313E-08 1.9111E-08 2.1248E-08 2.3915E-08 2.6891E-08 3.0340E-08 3.4299E-08 3.8250E-08 4.3233E-08 4.8793E-08 5.4937E-08 6.1657E-08 6.8928E-08 7.6710E-08 8.4923E-08 9.3480E-08 1.0229E-07 1.1124E-07 1.4038E-07 1.8073E-07 1.8771E-07 1.9162E-07 1.9496E-07 1.9773E-07 1.9956E-07 2.0015E-07 1.9980E-07 1.9848E-07 1.9639E-07 1.9340E-07 1.8912E-07 1.8390E-07 1.7784E-07 1.7102E-07 1.6376E-07 1.5614E-07 1.4818E-07 1.4004E-07 1.3175E-07 1.2358E-07 1.1554E-07 1.0774E-07 1.0010E-07 9.2692E-08 8.5540E-08 7.8726E-08 7.2246E-08 6.6132E-08 6.0402E-08 5.5070E-08
1.0185E-08 1.0731E-08 1.1446E-08 1.2389E-08 1.3486E-08 1.4702E-08 1.6121E-08 1.7733E-08 1.9621E-08 2.1870E-08 2.4683E-08 2.7820E-08 3.1455E-08 3.5631E-08 3.9795E-08 4.5053E-08 5.0922E-08 5.7408E-08 6.4502E-08 7.2179E-08 8.0397E-08 8.9092E-08 9.8174E-08 1.0753E-07 1.1701E-07 1.5548E-07 1.9136E-07 1.9801E-07 2.0192E-07 2.0537E-07 2.0820E-07 2.0999E-07 2.1049E-07 2.0998E-07 2.0838E-07 2.0600E-07 2.0271E-07 1.9809E-07 1.9251E-07 1.8597E-07 1.7872E-07 1.7102E-07 1.6295E-07 1.5455E-07 1.4598E-07 1.3722E-07 1.2859E-07 1.2012E-07 1.1190E-07 1.0386E-07 9.6078E-08 8.8570E-08 8.1424E-08 7.4634E-08 6.8232E-08 6.2239E-08 5.6668E-08
1.0289E-08 1.0862E-08 1.1613E-08 1.2585E-08 1.3702E-08 1.4964E-08 1.6433E-08 1.8104E-08 2.0075E-08 2.2426E-08 2.5370E-08 2.8652E-08 3.2456E-08 3.6826E-08 4.1180E-08 4.6687E-08 5.2835E-08 5.9630E-08 6.7062E-08 7.5105E-08 8.3714E-08 9.2823E-08 1.0235E-07 1.1218E-07 1.2218E-07 1.6958E-07 2.0075E-07 2.0716E-07 2.1113E-07 2.1470E-07 2.1757E-07 2.1934E-07 2.1982E-07 2.1919E-07 2.1739E-07 2.1475E-07 2.1112E-07 2.0621E-07 2.0031E-07 1.9332E-07 1.8568E-07 1.7755E-07 1.6903E-07 1.6023E-07 1.5125E-07 1.4209E-07 1.3304E-07 1.2418E-07 1.1558E-07 1.0718E-07 9.9067E-08 9.1242E-08 8.3797E-08 7.6728E-08 7.0068E-08 6.3840E-08 5.8055E-08
1.0378E-08 1.0973E-08 1.1765E-08 1.2757E-08 1.3887E-08 1.5186E-08 1.6695E-08 1.8421E-08 2.0464E-08 2.2902E-08 2.5960E-08 2.9368E-08 3.3319E-08 3.7860E-08 4.2376E-08 4.8098E-08 5.4488E-08 6.1551E-08 6.9277E-08 7.7638E-08 8.6587E-08 9.6055E-08 1.0595E-07 1.1617E-07 1.2658E-07 1.8190E-07 2.0862E-07 2.1487E-07 2.1894E-07 2.2270E-07 2.2566E-07 2.2741E-07 2.2789E-07 2.2716E-07 2.2523E-07 2.2242E-07 2.1865E-07 2.1373E-07 2.0761E-07 2.0014E-07 1.9195E-07 1.8325E-07 1.7433E-07 1.6514E-07 1.5577E-07 1.4626E-07 1.3685E-07 1.2765E-07 1.1871E-07 1.1001E-07 1.0160E-07 9.3500E-08 8.5795E-08 7.8484E-08 7.1603E-08 6.5172E-08 5.9203E-08
1.0485E-08 1.1101E-08 1.1899E-08 1.2916E-08 1.4040E-08 1.5370E-08 1.6910E-08 1.8681E-08 2.0781E-08 2.3289E-08 2.6441E-08 2.9951E-08 3.4023E-08 3.8704E-08 4.3358E-08 4.9254E-08 5.5840E-08 6.3124E-08 7.1092E-08 7.9716E-08 8.8945E-08 9.8709E-08 1.0892E-07 1.1945E-07 1.3018E-07 1.9200E-07 2.1472E-07 2.2089E-07 2.2511E-07 2.2908E-07 2.3219E-07 2.3401E-07 2.3453E-07 2.3370E-07 2.3188E-07 2.2991E-07 2.2720E-07 2.2293E-07 2.1647E-07 2.0763E-07 1.9812E-07 1.8842E-07 1.7878E-07 1.6922E-07 1.5950E-07 1.4967E-07 1.3995E-07 1.3045E-07 1.2122E-07 1.1227E-07 1.0362E-07 9.5293E-08 8.7375E-08 7.9866E-08 7.2803E-08 6.6206E-08 6.0088E-08
1.0558E-08 1.1188E-08 1.2003E-08 1.3035E-08 1.4160E-08 1.5509E-08 1.7075E-08 1.8878E-08 2.1017E-08 2.3574E-08 2.6789E-08 3.0370E-08 3.4527E-08 3.9121E-08 4.4072E-08 5.0104E-08 5.6847E-08 6.4305E-08 7.2461E-08 8.1285E-08 9.0727E-08 1.0072E-07 1.1116E-07 1.2193E-07 1.3290E-07 1.9973E-07 2.1898E-07 2.2504E-07 2.2939E-07 2.3363E-07 2.3691E-07 2.3885E-07 2.3969E-07 2.4054E-07 2.4299E-07 2.4661E-07 2.4840E-07 2.4509E-07 2.3544E-07 2.2115E-07 2.0633E-07 1.9359E-07 1.8266E-07 1.7242E-07 1.6241E-07 1.5232E-07 1.4230E-07 1.3253E-07 1.2306E-07 1.1391E-07 1.0507E-07 9.6581E-08 8.8500E-08 8.0841E-08 7.3640E-08 6.6919E-08 6.0689E-08
1.0611E-08 1.1239E-08 1.2058E-08 1.3100E-08 1.4224E-08 1.5582E-08 1.7171E-08 1.8995E-08 2.1162E-08 2.3910E-08 2.7004E-08 3.0625E-08 3.4342E-08 3.9079E-08 4.4478E-08 5.0573E-08 5.7385E-08 6.4922E-08 7.3173E-08 8.2116E-08 9.1695E-08 1.0184E-07 1.1245E-07 1.2342E-07 1.3459E-07 2.0475E-07 2.2136E-07 2.2734E-07 2.3286E-07 2.8464E-07 3.0976E-07 2.9904E-07 2.9564E-07 3.0373E-07 3.1916E-07 3.2518E-07 3.2424E-07 3.1022E-07 2.8318E-07 2.4997E-07 2.2078E-07 1.9996E-07 1.8587E-07 1.7479E-07 1.6442E-07 1.5413E-07 1.4389E-07 1.3390E-07 1.2422E-07 1.1492E-07 1.0594E-07 9.7332E-08 8.9143E-08 8.1385E-08 7.4094E-08 6.7292E-08 6.0990E-08
1.0644E-08 1.1261E-08 1.2099E-08 1.3115E-08 1.4252E-08 1.5605E-08 1.7204E-08 1.9038E-08 2.1216E-08 2.3979E-08 2.7091E-08 3.0734E-08 3.4472E-08 3.9238E-08 4.4665E-08 5.0787E-08 5.7623E-08 6.5180E-08 7.3445E-08 8.2390E-08 9.1963E-08 1.0209E-07 1.1270E-07 1.2367E-07 1.3492E-07 2.0668E-07 2.2126E-07 2.2720E-07 2.3868E-07 6.7750E-07 9.3551E-07 8.3488E-07 7.5610E-07 6.6637E-07 5.9907E-07 5.4036E-07 4.9221E-07 4.3812E-07 3.7014E-07 2.9888E-07 2.4232E-07 2.0757E-07 1.8851E-07 1.7610E-07 1.6549E-07 1.5507E-07 1.4469E-07 1.3455E-07 1.2472E-07 1.1530E-07 1.0622E-07 9.7535E-08 8.9285E-08 8.1481E-08 7.4150E-08 6.7313E-08 6.0981E-08
1.0671E-08 1.1286E-08 1.2088E-08 1.3106E-08 1.4227E-08 1.5583E-08 1.7170E-08 1.9006E-08 2.1177E-08 2.3932E-08 2.7037E-08 3.0672E-08 3.4402E-08 3.9159E-08 4.4577E-08 5.0688E-08 5.7513E-08 6.5058E-08 7.3310E-08 8.2239E-08 9.1795E-08 1.0190E-07 1.1247E-07 1.2337E-07 1.3546E-07 2.0668E-07 2.1948E-07 2.2528E-07 2.3238E-07 7.0107E-07 1.1232E-06 1.0673E-06 1.0209E-06 9.7846E-07 9.2269E-07 8.0786E-07 7.1389E-07 6.0964E-07 4.8522E-07 3.5914E-07 2.6448E-07 2.1251E-07 1.8901E-07 1.7603E-07 1.6556E-07 1.5512E-07 1.4466E-07 1.3445E-07 1.2455E-07 1.1507E-07 1.0594E-07 9.7216E-08 8.8939E-08 8.1128E-08 7.3802E-08 6.6977E-08 6.0658E-08
1.0675E-08 1.1266E-08 1.2055E-08 1.3046E-08 1.4169E-08 1.5499E-08 1.7079E-08 1.8897E-08 2.1045E-08 2.3771E-08 2.6844E-08 3.0441E-08 3.4134E-08 3.8843E-08 4.4207E-08 5.0258E-08 5.7017E-08 6.4487E-08 7.2659E-08 8.1501E-08 9.0963E-08 1.0097E-07 1.1143E-07 1.2222E-07 1.3798E-07 2.0473E-07 2.1614E-07 2.2193E-07 2.2682E-07 6.3357E-07 1.1421E-06 1.0854E-06 1.0351E-06 1.0073E-06 9.9908E-07 9.2248E-07 8.4460E-07 7.3168E-07 5.7646E-07 4.0653E-07 2.7846E-07 2.1320E-07 1.8719E-07 1.7446E-07 1.6428E-07 1.5401E-07 1.4364E-07 1.3348E-07 1.2364E-07 1.1419E-07 1.0509E-07 9.6401E-08 8.8148E-08 8.0358E-08 7.3065E-08 6.6289E-08 6.0024E-08
1.0654E-08 1.1224E-08 1.1996E-08 1.2970E-08 1.4055E-08 1.5372E-08 1.6926E-08 1.8715E-08 2.0823E-08 2.3342E-08 2.6514E-08 3.0046E-08 3.3671E-08 3.8295E-08 4.3563E-08 4.9506E-08 5.6143E-08 6.3480E-08 7.1506E-08 8.0190E-08 8.9482E-08 9.9309E-08 1.0958E-07 1.2017E-07 1.4231E-07 2.0075E-07 2.1104E-07 2.1682E-07 2.2187E-07 5.5122E-07 1.1526E-06 1.0928E-06 1.0403E-06 1.0017E-06 9.8762E-07 9.6708E-07 9.1624E-07 8.0125E-07 6.3610E-07 4.3451E-07 2.8144E-07 2.0917E-07 1.8383E-07 1.7197E-07 1.6196E-07 1.5185E-07 1.4164E-07 1.3162E-07 1.2191E-07 1.1257E-07 1.0359E-07 9.5016E-08 8.6868E-08 7.9173E-08 7.1968E-08 6.5273E-08 5.9092E-08
1.0609E-08 1.1166E-08 1.1901E-08 1.2857E-08 1.3913E-08 1.5191E-08 1.6705E-08 1.8462E-08 2.0515E-08 2.2968E-08 2.6055E-08 2.9494E-08 3.3024E-08 3.7528E-08 4.2658E-08 4.8447E-08 5.4912E-08 6.2059E-08 6.9876E-08 7.8334E-08 8.7385E-08 9.6956E-08 1.0696E-07 1.1727E-07 1.4635E-07 1.9495E-07 2.0432E-07 2.1010E-07 2.1528E-07 4.8425E-07 1.1920E-06 1.1257E-06 1.0707E-06 1.0221E-06 9.8813E-07 9.8952E-07 9.6244E-07 8.6046E-07 6.8089E-07 4.4659E-07 2.7463E-07 2.0175E-07 1.7915E-07 1.6851E-07 1.5878E-07 1.4892E-07 1.3896E-07 1.2914E-07 1.1961E-07 1.1043E-07 1.0160E-07 9.3183E-08 8.5171E-08 7.7616E-08 7.0545E-08 6.3971E-08 5.7901E-08
1.0546E-08 1.1089E-08 1.1787E-08 1.2701E-08 1.3734E-08 1.4959E-08 1.6423E-08 1.8138E-08 2.0129E-08 2.2498E-08 2.5476E-08 2.8797E-08 3.2207E-08 3.6557E-08 4.1513E-08 4.7105E-08 5.3350E-08 6.0255E-08 6.7806E-08 7.5977E-08 8.4720E-08 9.3965E-08 1.0362E-07 1.1359E-07 1.4848E-07 1.8754E-07 1.9616E-07 2.5775E-07 1.0823E-06 2.1078E-06 2.1573E-06 1.9414E-06 1.7524E-06 1.5915E-06 1.4473E-06 1.3605E-06 1.2939E-06 1.0799E-06 7.5939E-07 4.4028E-07 2.5458E-07 1.9052E-07 1.7315E-07 1.6385E-07 1.5452E-07 1.4503E-07 1.3541E-07 1.2588E-07 1.1663E-07 1.0770E-07 9.9102E-08 9.0900E-08 8.3088E-08 7.5717E-08 6.8815E-08 6.2401E-08 5.6483E-08
