Assets/Resources/2015_m01_d28_0600(utc+0800)_l00_csi_1hr_conc.grd
DSAA
         159         159
     -79.000      79.000
     -79.000      79.000
  0.0000E+00  0.2015E-05
[rows 0 to 24 of 159, columns 57 to 113 of 159]
6.6616E-09 7.3532E-09 7.9846E-09 8.5290E-09 8.9634E-09 9.2708E-09 9.4355E-09 9.4525E-09 9.3202E-09 9.0462E-09 8.6440E-09 8.1312E-09 7.5312E-09 6.8697E-09 6.1697E-09 5.4569E-09 4.7532E-09 4.0777E-09 3.4461E-09 2.8684E-09 2.3514E-09 1.8969E-09 1.5044E-09 1.1770E-09 9.1284E-10 6.9620E-10 5.1567E-10 3.7131E-10 2.5823E-10 1.6925E-10 1.0301E-10 5.1094E-11 2.2611E-11 8.7945E-12 2.4427E-12 0.0000E+00 0.0000E+00 0.0000E+00 0.0000E+00 0.0000E+00 0.0000E+00 0.0000E+00 0.0000E+00 0.0000E+00 0.0000E+00 0.0000E+00 0.0000E+00 0.0000E+00 0.0000E+00 0.0000E+00 0.0000E+00 0.0000E+00 0.0000E+00 0.0000E+00 0.0000E+00 0.0000E+00 0.0000E+00
7.2404E-09 8.0085E-09 8.7085E-09 9.3126E-09 9.7940E-09 1.0131E-08 1.0310E-08 1.0321E-08 1.0168E-08 9.8562E-09 9.4028E-09 8.8303E-09 8.1602E-09 7.4230E-09 6.6471E-09 5.8615E-09 5.0891E-09 4.3506E-09 3.6621E-09 3.0368E-09 2.4796E-09 1.9923E-09 1.5735E-09 1.2229E-09 9.4373E-10 7.1681E-10 5.2732E-10 3.7640E-10 2.5966E-10 1.6830E-10 1.0000E-10 4.8975E-11 2.1432E-11 7.3612E-12 4.0918E-13 0.0000E+00 0.0000E+00 0.0000E+00 0.0000E+00 0.0000E+00 0.0000E+00 0.0000E+00 0.0000E+00 0.0000E+00 0.0000E+00 0.0000E+00 0.0000E+00 0.0000E+00 0.0000E+00 0.0000E+00 0.0000E+00 0.0000E+00 0.0000E+00 0.0000E+00 0.0000E+00 0.0000E+00 0.0000E+00
7.8046E-09 8.6521E-09 9.4258E-09 1.0093E-08 1.0625E-08 1.0995E-08 1.1189E-08 1.1196E-08 1.1019E-08 1.0668E-08 1.0159E-08 9.5187E-09 8.7749E-09 7.9610E-09 7.1081E-09 6.2455E-09 5.4017E-09 4.5998E-09 3.8575E-09 3.1839E-09 2.5880E-09 2.0690E-09 1.6266E-09 1.2555E-09 9.6483E-10 7.3018E-10 5.3328E-10 3.7835E-10 2.5683E-10 1.6504E-10 9.7007E-11 4.3998E-11 1.9218E-11 4.8337E-12 0.0000E+00 0.0000E+00 0.0000E+00 0.0000E+00 0.0000E+00 0.0000E+00 0.0000E+00 0.0000E+00 0.0000E+00 0.0000E+00 0.0000E+00 0.0000E+00 0.0000E+00 0.0000E+00 0.0000E+00 0.0000E+00 0.0000E+00 0.0000E+00 0.0000E+00 0.0000E+00 0.0000E+00 0.0000E+00 0.0000E+00
8.3415E-09 9.2723E-09 1.0122E-08 1.0855E-08 1.1438E-08 1.1843E-08 1.2052E-08 1.2055E-08 1.1854E-08 1.1460E-08 1.0895E-08 1.0187E-08 9.3678E-09 8.4721E-09 7.5377E-09 6.5996E-09 5.6863E-09 4.8210E-09 4.0233E-09 3.3060E-09 2.6739E-09 2.1281E-09 1.6636E-09 1.2761E-09 9.7489E-10 7.3326E-10 5.3107E-10 3.7251E-10 2.4797E-10 1.5728E-10 9.1453E-11 3.8086E-11 1.4424E-11 1.3338E-12 0.0000E+00 0.0000E+00 0.0000E+00 0.0000E+00 0.0000E+00 0.0000E+00 0.0000E+00 0.0000E+00 0.0000E+00 0.0000E+00 0.0000E+00 0.0000E+00 0.0000E+00 0.0000E+00 0.0000E+00 0.0000E+00 0.0000E+00 0.0000E+00 0.0000E+00 0.0000E+00 0.0000E+00 0.0000E+00 0.0000E+00
8.8411E-09 9.8555E-09 1.0784E-08 1.1586E-08 1.2223E-08 1.2664E-08 1.2890E-08 1.2889E-08 1.2664E-08 1.2228E-08 1.1604E-08 1.0824E-08 9.9255E-09 8.9508E-09 7.9371E-09 6.9208E-09 5.9359E-09 5.0102E-09 4.1618E-09 3.4018E-09 2.7354E-09 2.1644E-09 1.6831E-09 1.2821E-09 9.7152E-10 7.2709E-10 5.2292E-10 3.6099E-10 2.3799E-10 1.4833E-10 8.6528E-11 3.6063E-11 1.1284E-11 0.0000E+00 0.0000E+00 0.0000E+00 0.0000E+00 0.0000E+00 0.0000E+00 0.0000E+00 0.0000E+00 0.0000E+00 0.0000E+00 0.0000E+00 0.0000E+00 0.0000E+00 0.0000E+00 0.0000E+00 0.0000E+00 0.0000E+00 0.0000E+00 0.0000E+00 0.0000E+00 0.0000E+00 0.0000E+00 0.0000E+00 0.0000E+00
9.2890E-09 1.0390E-08 1.1401E-08 1.2275E-08 1.2971E-08 1.3453E-08 1.3700E-08 1.3697E-08 1.3448E-08 1.2969E-08 1.2285E-08 1.1435E-08 1.0457E-08 9.3954E-09 8.2972E-09 7.2047E-09 6.1517E-09 5.1656E-09 4.2667E-09 3.4678E-09 2.7735E-09 2.1805E-09 1.6843E-09 1.2750E-09 9.5762E-10 7.1206E-10 5.0474E-10 3.4239E-10 2.2313E-10 1.3770E-10 7.9609E-11 3.1995E-11 7.4629E-12 0.0000E+00 0.0000E+00 0.0000E+00 0.0000E+00 0.0000E+00 0.0000E+00 0.0000E+00 0.0000E+00 0.0000E+00 0.0000E+00 0.0000E+00 0.0000E+00 0.0000E+00 0.0000E+00 0.0000E+00 0.0000E+00 0.0000E+00 0.0000E+00 0.0000E+00 0.0000E+00 0.0000E+00 0.0000E+00 0.0000E+00 0.0000E+00
9.6772E-09 1.0865E-08 1.1958E-08 1.2907E-08 1.3663E-08 1.4188E-08 1.4457E-08 1.4456E-08 1.4186E-08 1.3665E-08 1.2923E-08 1.1998E-08 1.0940E-08 9.7984E-09 8.6213E-09 7.4518E-09 6.3295E-09 5.2858E-09 4.3412E-09 3.5061E-09 2.7856E-09 2.1757E-09 1.6681E-09 1.2516E-09 9.3091E-10 6.8662E-10 4.7876E-10 3.2104E-10 2.0647E-10 1.2596E-10 7.2223E-11 2.6275E-11 3.8199E-12 0.0000E+00 0.0000E+00 0.0000E+00 0.0000E+00 0.0000E+00 0.0000E+00 0.0000E+00 0.0000E+00 0.0000E+00 0.0000E+00 0.0000E+00 0.0000E+00 0.0000E+00 0.0000E+00 0.0000E+00 0.0000E+00 0.0000E+00 0.0000E+00 0.0000E+00 0.0000E+00 0.0000E+00 0.0000E+00 0.0000E+00 0.0000E+00
9.9944E-09 1.1266E-08 1.2445E-08 1.3472E-08 1.4295E-08 1.4871E-08 1.5167E-08 1.5171E-08 1.4885E-08 1.4325E-08 1.3526E-08 1.2532E-08 1.1393E-08 1.0166E-08 8.9047E-09 7.6603E-09 6.4737E-09 5.3747E-09 4.3846E-09 3.5175E-09 2.7740E-09 2.1512E-09 1.6368E-09 1.2162E-09 8.9502E-10 6.4899E-10 4.4548E-10 2.9633E-10 1.8776E-10 1.1371E-10 6.3168E-11 1.9710E-11 2.1591E-12 0.0000E+00 0.0000E+00 0.0000E+00 0.0000E+00 0.0000E+00 0.0000E+00 0.0000E+00 0.0000E+00 0.0000E+00 0.0000E+00 0.0000E+00 0.0000E+00 0.0000E+00 0.0000E+00 0.0000E+00 0.0000E+00 0.0000E+00 0.0000E+00 0.0000E+00 0.0000E+00 0.0000E+00 0.0000E+00 0.0000E+00 0.0000E+00
1.0233E-08 1.1590E-08 1.2854E-08 1.3961E-08 1.4852E-08 1.5480E-08 1.5811E-08 1.5827E-08 1.5530E-08 1.4936E-08 1.4083E-08 1.3020E-08 1.1804E-08 1.0498E-08 9.1585E-09 7.8389E-09 6.5843E-09 5.4315E-09 4.4016E-09 3.5053E-09 2.7424E-09 2.1081E-09 1.5907E-09 1.1675E-09 8.4714E-10 6.0330E-10 4.0989E-10 2.6883E-10 1.6819E-10 1.0101E-10 5.0992E-11 1.4426E-11 1.0724E-12 0.0000E+00 0.0000E+00 0.0000E+00 0.0000E+00 0.0000E+00 0.0000E+00 0.0000E+00 0.0000E+00 0.0000E+00 0.0000E+00 0.0000E+00 0.0000E+00 0.0000E+00 0.0000E+00 0.0000E+00 0.0000E+00 0.0000E+00 0.0000E+00 0.0000E+00 0.0000E+00 0.0000E+00 0.0000E+00 0.0000E+00 0.0000E+00
1.0391E-08 1.1829E-08 1.3174E-08 1.4363E-08 1.5331E-08 1.6022E-08 1.6395E-08 1.6430E-08 1.6126E-08 1.5506E-08 1.4605E-08 1.3478E-08 1.2188E-08 1.0799E-08 9.3794E-09 7.9884E-09 6.6723E-09 5.4677E-09 4.3974E-09 3.4729E-09 2.6955E-09 2.0532E-09 1.5315E-09 1.1094E-09 7.9054E-10 5.5283E-10 3.7174E-10 2.3976E-10 1.4887E-10 8.5844E-11 4.0743E-11 8.2579E-12 0.0000E+00 0.0000E+00 0.0000E+00 0.0000E+00 0.0000E+00 0.0000E+00 0.0000E+00 0.0000E+00 0.0000E+00 0.0000E+00 0.0000E+00 0.0000E+00 0.0000E+00 0.0000E+00 0.0000E+00 0.0000E+00 0.0000E+00 0.0000E+00 0.0000E+00 0.0000E+00 0.0000E+00 0.0000E+00 0.0000E+00 0.0000E+00 0.0000E+00
1.0457E-08 1.1970E-08 1.3402E-08 1.4678E-08 1.5724E-08 1.6480E-08 1.6902E-08 1.6966E-08 1.6668E-08 1.6029E-08 1.5089E-08 1.3903E-08 1.2542E-08 1.1078E-08 9.5823E-09 8.1180E-09 6.7382E-09 5.4830E-09 4.3773E-09 3.4290E-09 2.6358E-09 1.9889E-09 1.4676E-09 1.0455E-09 7.3125E-10 5.0032E-10 3.3205E-10 2.1146E-10 1.2918E-10 7.1073E-11 3.1175E-11 4.5542E-12 0.0000E+00 0.0000E+00 0.0000E+00 0.0000E+00 0.0000E+00 0.0000E+00 0.0000E+00 0.0000E+00 0.0000E+00 0.0000E+00 0.0000E+00 0.0000E+00 0.0000E+00 0.0000E+00 0.0000E+00 0.0000E+00 0.0000E+00 0.0000E+00 0.0000E+00 0.0000E+00 0.0000E+00 0.0000E+00 0.0000E+00 0.0000E+00 0.0000E+00
1.0433E-08 1.2021E-08 1.3534E-08 1.4892E-08 1.6021E-08 1.6855E-08 1.7341E-08 1.7445E-08 1.7163E-08 1.6514E-08 1.5540E-08 1.4304E-08 1.2879E-08 1.1341E-08 9.7695E-09 8.2364E-09 6.7991E-09 5.4958E-09 4.3499E-09 3.3762E-09 2.5704E-09 1.9159E-09 1.3935E-09 9.7581E-10 6.7068E-10 4.4742E-10 2.9065E-10 1.8304E-10 1.0781E-10 5.7221E-11 2.2210E-11 2.2721E-12 0.0000E+00 0.0000E+00 0.0000E+00 0.0000E+00 0.0000E+00 0.0000E+00 0.0000E+00 0.0000E+00 0.0000E+00 0.0000E+00 0.0000E+00 0.0000E+00 0.0000E+00 0.0000E+00 0.0000E+00 0.0000E+00 0.0000E+00 0.0000E+00 0.0000E+00 0.0000E+00 0.0000E+00 0.0000E+00 0.0000E+00 0.0000E+00 0.0000E+00
1.0319E-08 1.1969E-08 1.3559E-08 1.5008E-08 1.6229E-08 1.7143E-08 1.7696E-08 1.7852E-08 1.7599E-08 1.6955E-08 1.5962E-08 1.4684E-08 1.3199E-08 1.1594E-08 9.9535E-09 8.3505E-09 6.8478E-09 5.4939E-09 4.3152E-09 3.3189E-09 2.4985E-09 1.8391E-09 1.3164E-09 9.0700E-10 6.1148E-10 3.9643E-10 2.5166E-10 1.5438E-10 8.7213E-11 4.4480E-11 1.3734E-11 7.5384E-13 0.0000E+00 0.0000E+00 0.0000E+00 0.0000E+00 0.0000E+00 0.0000E+00 0.0000E+00 0.0000E+00 0.0000E+00 0.0000E+00 0.0000E+00 0.0000E+00 0.0000E+00 0.0000E+00 0.0000E+00 0.0000E+00 0.0000E+00 0.0000E+00 0.0000E+00 0.0000E+00 0.0000E+00 0.0000E+00 0.0000E+00 0.0000E+00 0.0000E+00
1.0115E-08 1.1821E-08 1.3487E-08 1.5019E-08 1.6328E-08 1.7335E-08 1.7973E-08 1.8196E-08 1.7987E-08 1.7360E-08 1.6359E-08 1.5050E-08 1.3515E-08 1.1846E-08 1.0135E-08 8.4669E-09 6.9091E-09 5.5065E-09 4.2872E-09 3.2653E-09 2.4303E-09 1.7627E-09 1.2428E-09 8.4064E-10 5.5341E-10 3.4715E-10 2.1256E-10 1.2554E-10 6.8457E-11 3.2346E-11 7.0750E-12 0.0000E+00 0.0000E+00 0.0000E+00 0.0000E+00 0.0000E+00 0.0000E+00 0.0000E+00 0.0000E+00 0.0000E+00 0.0000E+00 0.0000E+00 0.0000E+00 0.0000E+00 0.0000E+00 0.0000E+00 0.0000E+00 0.0000E+00 0.0000E+00 0.0000E+00 0.0000E+00 0.0000E+00 0.0000E+00 0.0000E+00 0.0000E+00 0.0000E+00 0.0000E+00
9.8259E-09 1.1579E-08 1.3308E-08 1.4923E-08 1.6329E-08 1.7435E-08 1.8163E-08 1.8464E-08 1.8314E-08 1.7722E-08 1.6728E-08 1.5400E-08 1.3826E-08 1.2104E-08 1.0333E-08 8.5987E-09 6.9764E-09 5.5230E-09 4.2671E-09 3.2168E-09 2.3623E-09 1.6907E-09 1.1725E-09 7.7642E-10 4.9761E-10 3.0329E-10 1.7759E-10 9.8969E-11 5.1088E-11 2.1018E-11 2.9115E-12 0.0000E+00 0.0000E+00 0.0000E+00 0.0000E+00 0.0000E+00 0.0000E+00 0.0000E+00 0.0000E+00 0.0000E+00 0.0000E+00 0.0000E+00 0.0000E+00 0.0000E+00 0.0000E+00 0.0000E+00 0.0000E+00 0.0000E+00 0.0000E+00 0.0000E+00 0.0000E+00 0.0000E+00 0.0000E+00 0.0000E+00 0.0000E+00 0.0000E+00 0.0000E+00
9.4628E-09 1.1246E-08 1.3032E-08 1.4728E-08 1.6226E-08 1.7434E-08 1.8266E-08 1.8661E-08 1.8588E-08 1.8048E-08 1.7080E-08 1.5751E-08 1.4150E-08 1.2379E-08 1.0546E-08 8.7507E-09 7.0720E-09 5.5648E-09 4.2636E-09 3.1826E-09 2.3132E-09 1.6321E-09 1.1138E-09 7.2098E-10 4.4979E-10 2.6312E-10 1.4461E-10 7.5785E-11 3.5085E-11 1.1590E-11 4.5763E-13 0.0000E+00 0.0000E+00 0.0000E+00 0.0000E+00 0.0000E+00 0.0000E+00 0.0000E+00 0.0000E+00 0.0000E+00 0.0000E+00 0.0000E+00 0.0000E+00 0.0000E+00 0.0000E+00 0.0000E+00 0.0000E+00 0.0000E+00 0.0000E+00 0.0000E+00 0.0000E+00 0.0000E+00 0.0000E+00 0.0000E+00 0.0000E+00 0.0000E+00 0.0000E+00
9.0238E-09 1.0827E-08 1.2661E-08 1.4425E-08 1.6016E-08 1.7331E-08 1.8276E-08 1.8778E-08 1.8798E-08 1.8331E-08 1.7407E-08 1.6091E-08 1.4476E-08 1.2671E-08 1.0790E-08 8.9333E-09 7.1916E-09 5.6296E-09 4.2843E-09 3.1698E-09 2.2801E-09 1.5914E-09 1.0659E-09 6.7326E-10 4.0896E-10 2.2931E-10 1.2017E-10 5.5081E-11 2.1289E-11 5.8286E-12 0.0000E+00 0.0000E+00 0.0000E+00 0.0000E+00 0.0000E+00 0.0000E+00 0.0000E+00 0.0000E+00 0.0000E+00 0.0000E+00 0.0000E+00 0.0000E+00 0.0000E+00 0.0000E+00 0.0000E+00 0.0000E+00 0.0000E+00 0.0000E+00 0.0000E+00 0.0000E+00 0.0000E+00 0.0000E+00 0.0000E+00 0.0000E+00 0.0000E+00 0.0000E+00 0.0000E+00
8.5256E-09 1.0334E-08 1.2197E-08 1.4023E-08 1.5704E-08 1.7126E-08 1.8192E-08 1.8814E-08 1.8945E-08 1.8568E-08 1.7710E-08 1.6430E-08 1.4821E-08 1.2993E-08 1.1067E-08 9.1557E-09 7.3546E-09 5.7348E-09 4.3389E-09 3.1855E-09 2.2705E-09 1.5675E-09 1.0330E-09 6.3606E-10 3.7488E-10 2.0280E-10 9.9574E-11 3.8370E-11 1.3305E-11 1.9033E-12 0.0000E+00 0.0000E+00 0.0000E+00 0.0000E+00 0.0000E+00 0.0000E+00 0.0000E+00 0.0000E+00 0.0000E+00 0.0000E+00 0.0000E+00 0.0000E+00 0.0000E+00 0.0000E+00 0.0000E+00 0.0000E+00 0.0000E+00 0.0000E+00 0.0000E+00 0.0000E+00 0.0000E+00 0.0000E+00 0.0000E+00 0.0000E+00 0.0000E+00 0.0000E+00 0.0000E+00
7.9757E-09 9.7695E-09 1.1651E-08 1.3528E-08 1.5287E-08 1.6817E-08 1.8008E-08 1.8766E-08 1.9029E-08 1.8768E-08 1.7998E-08 1.6773E-08 1.5185E-08 1.3345E-08 1.1383E-08 9.4191E-09 7.5572E-09 5.8774E-09 4.4296E-09 3.2379E-09 2.2917E-09 1.5668E-09 1.0177E-09 6.1725E-10 3.5407E-10 1.8420E-10 8.5600E-11 2.6081E-11 8.3594E-12 2.5378E-13 0.0000E+00 0.0000E+00 0.0000E+00 0.0000E+00 0.0000E+00 0.0000E+00 0.0000E+00 0.0000E+00 0.0000E+00 0.0000E+00 0.0000E+00 0.0000E+00 0.0000E+00 0.0000E+00 0.0000E+00 0.0000E+00 0.0000E+00 0.0000E+00 0.0000E+00 0.0000E+00 0.0000E+00 0.0000E+00 0.0000E+00 0.0000E+00 0.0000E+00 0.0000E+00 0.0000E+00
7.3779E-09 9.1430E-09 1.1026E-08 1.2938E-08 1.4771E-08 1.6408E-08 1.7729E-08 1.8633E-08 1.9039E-08 1.8910E-08 1.8250E-08 1.7104E-08 1.5558E-08 1.3729E-08 1.1745E-08 9.7366E-09 7.8177E-09 6.0798E-09 4.5744E-09 3.3299E-09 2.3438E-09 1.5926E-09 1.0222E-09 6.1110E-10 3.4345E-10 1.7476E-10 7.8573E-11 2.4870E-11 7.0436E-12 0.0000E+00 0.0000E+00 0.0000E+00 0.0000E+00 0.0000E+00 0.0000E+00 0.0000E+00 0.0000E+00 0.0000E+00 0.0000E+00 0.0000E+00 0.0000E+00 0.0000E+00 0.0000E+00 0.0000E+00 0.0000E+00 0.0000E+00 0.0000E+00 0.0000E+00 0.0000E+00 0.0000E+00 0.0000E+00 0.0000E+00 0.0000E+00 0.0000E+00 0.0000E+00 0.0000E+00 0.0000E+00
6.7531E-09 8.4739E-09 1.0339E-08 1.2270E-08 1.4164E-08 1.5897E-08 1.7347E-08 1.8404E-08 1.8976E-08 1.9005E-08 1.8481E-08 1.7439E-08 1.5961E-08 1.4157E-08 1.2162E-08 1.0118E-08 8.1427E-09 6.3372E-09 4.7671E-09 3.4662E-09 2.4320E-09 1.6438E-09 1.0511E-09 6.2302E-10 3.4560E-10 1.7448E-10 7.7396E-11 2.7193E-11 6.7435E-12 0.0000E+00 0.0000E+00 0.0000E+00 0.0000E+00 0.0000E+00 0.0000E+00 0.0000E+00 0.0000E+00 0.0000E+00 0.0000E+00 0.0000E+00 0.0000E+00 0.0000E+00 0.0000E+00 0.0000E+00 0.0000E+00 0.0000E+00 0.0000E+00 0.0000E+00 0.0000E+00 0.0000E+00 0.0000E+00 0.0000E+00 0.0000E+00 0.0000E+00 0.0000E+00 0.0000E+00 0.0000E+00
6.1144E-09 7.7657E-09 9.5970E-09 1.1533E-08 1.3470E-08 1.5294E-08 1.6882E-08 1.8101E-08 1.8851E-08 1.9057E-08 1.8695E-08 1.7784E-08 1.6393E-08 1.4634E-08 1.2641E-08 1.0561E-08 8.5280E-09 6.6557E-09 5.0158E-09 3.6476E-09 2.5600E-09 1.7287E-09 1.1053E-09 6.5294E-10 3.5941E-10 1.8308E-10 8.9453E-11 3.4125E-11 8.8636E-12 0.0000E+00 0.0000E+00 0.0000E+00 0.0000E+00 0.0000E+00 0.0000E+00 0.0000E+00 0.0000E+00 0.0000E+00 0.0000E+00 0.0000E+00 0.0000E+00 0.0000E+00 0.0000E+00 0.0000E+00 0.0000E+00 0.0000E+00 0.0000E+00 0.0000E+00 0.0000E+00 0.0000E+00 0.0000E+00 0.0000E+00 0.0000E+00 0.0000E+00 0.0000E+00 0.0000E+00 0.0000E+00
5.4556E-09 7.0376E-09 8.8191E-09 1.0738E-08 1.2710E-08 1.4617E-08 1.6329E-08 1.7714E-08 1.8658E-08 1.9064E-08 1.8886E-08 1.8131E-08 1.6854E-08 1.5158E-08 1.3184E-08 1.1084E-08 8.9959E-09 7.0464E-09 5.3276E-09 3.8843E-09 2.7282E-09 1.8423E-09 1.1834E-09 6.9956E-10 3.8653E-10 2.0452E-10 1.0647E-10 4.2387E-11 1.1702E-11 0.0000E+00 0.0000E+00 0.0000E+00 0.0000E+00 0.0000E+00 0.0000E+00 0.0000E+00 0.0000E+00 0.0000E+00 0.0000E+00 0.0000E+00 0.0000E+00 0.0000E+00 0.0000E+00 0.0000E+00 0.0000E+00 0.0000E+00 0.0000E+00 0.0000E+00 0.0000E+00 0.0000E+00 0.0000E+00 0.0000E+00 0.0000E+00 0.0000E+00 0.0000E+00 0.0000E+00 0.0000E+00
4.8187E-09 6.3062E-09 8.0176E-09 9.9086E-09 1.1894E-08 1.3868E-08 1.5707E-08 1.7267E-08 1.8413E-08 1.9038E-08 1.9073E-08 1.8500E-08 1.7360E-08 1.5751E-08 1.3805E-08 1.1679E-08 9.5354E-09 7.5081E-09 5.6961E-09 4.1629E-09 2.9306E-09 1.9839E-09 1.2777E-09 7.6006E-10 4.2705E-10 2.3515E-10 1.2196E-10 5.1332E-11 1.5551E-11 0.0000E+00 0.0000E+00 0.0000E+00 0.0000E+00 0.0000E+00 0.0000E+00 0.0000E+00 0.0000E+00 0.0000E+00 0.0000E+00 0.0000E+00 0.0000E+00 0.0000E+00 0.0000E+00 0.0000E+00 0.0000E+00 0.0000E+00 0.0000E+00 0.0000E+00 0.0000E+00 0.0000E+00 0.0000E+00 0.0000E+00 0.0000E+00 0.0000E+00 0.0000E+00 0.0000E+00 0.0000E+00
4.1970E-09 5.5789E-09 7.2096E-09 9.0502E-09 1.1040E-08 1.3078E-08 1.5032E-08 1.6765E-08 1.8127E-08 1.8989E-08 1.9256E-08 1.8892E-08 1.7915E-08 1.6403E-08 1.4495E-08 1.2354E-08 1.0148E-08 8.0310E-09 6.1229E-09 4.4938E-09 3.1705E-09 2.1496E-09 1.3904E-09 8.3345E-10 4.7583E-10 2.7108E-10 1.4273E-10 6.2253E-11 1.8620E-11 0.0000E+00 0.0000E+00 0.0000E+00 0.0000E+00 0.0000E+00 0.0000E+00 0.0000E+00 0.0000E+00 0.0000E+00 0.0000E+00 0.0000E+00 0.0000E+00 0.0000E+00 0.0000E+00 0.0000E+00 0.0000E+00 0.0000E+00 0.0000E+00 0.0000E+00 0.0000E+00 0.0000E+00 0.0000E+00 0.0000E+00 0.0000E+00 0.0000E+00 0.0000E+00 0.0000E+00 0.0000E+00
