Assets/Resources/2015_m01_d23_2000(utc+0800)_l00_csi_1hr_conc.grd
DSAA
         159         159
     -79.000      79.000
     -79.000      79.000
  0.0000E+00  0.2184E-04
[rows 100 to 124 of 159, columns 57 to 113 of 159]
1.2056E-10 1.5085E-10 1.8466E-10 2.3302E-10 3.0026E-10 3.6753E-10 4.2998E-10 5.1031E-10 5.8756E-10 6.7998E-10 8.3891E-10 1.1752E-09 1.3789E-09 1.6064E-09 1.8588E-09 2.1438E-09 2.4634E-09 2.8197E-09 3.3401E-09 3.8238E-09 4.3332E-09 4.8795E-09 5.4694E-09 6.0896E-09 6.7393E-09 7.4102E-09 8.0903E-09 8.7736E-09 9.4488E-09 1.0106E-08 1.0736E-08 1.1337E-08 1.1907E-08 1.2458E-08 1.2989E-08 1.3472E-08 1.3896E-08 1.4267E-08 1.4598E-08 1.4861E-08 1.5057E-08 1.5170E-08 1.5226E-08 1.5213E-08 1.5135E-08 1.4987E-08 1.4815E-08 1.4583E-08 1.4299E-08 1.3978E-08 1.3622E-08 1.3247E-08 1.2844E-08 1.2444E-08 1.2033E-08 1.1611E-08 1.1185E-08
1.2599E-10 1.6053E-10 1.9430E-10 2.4375E-10 3.1071E-10 4.0176E-10 4.7700E-10 5.4239E-10 6.3860E-10 7.4585E-10 9.1179E-10 1.1766E-09 1.3788E-09 1.6036E-09 1.8516E-09 2.1308E-09 2.4433E-09 2.7908E-09 3.3045E-09 3.7493E-09 4.2364E-09 4.7604E-09 5.3183E-09 5.9129E-09 6.5381E-09 7.1751E-09 7.8220E-09 8.4702E-09 9.1108E-09 9.7349E-09 1.0333E-08 1.0902E-08 1.1453E-08 1.1978E-08 1.2498E-08 1.2954E-08 1.3380E-08 1.3740E-08 1.4073E-08 1.4360E-08 1.4570E-08 1.4711E-08 1.4789E-08 1.4805E-08 1.4762E-08 1.4659E-08 1.4525E-08 1.4329E-08 1.4072E-08 1.3794E-08 1.3483E-08 1.3143E-08 1.2779E-08 1.2399E-08 1.2018E-08 1.1627E-08 1.1234E-08
1.3380E-10 1.6229E-10 2.1099E-10 2.8374E-10 3.4462E-10 4.3873E-10 5.0776E-10 5.9247E-10 6.6689E-10 8.0749E-10 9.7598E-10 1.1373E-09 1.3727E-09 1.5955E-09 1.8388E-09 2.1121E-09 2.4173E-09 2.7648E-09 3.1893E-09 3.6712E-09 4.1348E-09 4.6357E-09 5.1780E-09 5.7456E-09 6.3339E-09 6.9423E-09 7.5617E-09 8.1767E-09 8.7844E-09 9.3765E-09 9.9470E-09 1.0491E-08 1.1013E-08 1.1513E-08 1.2008E-08 1.2462E-08 1.2877E-08 1.3245E-08 1.3575E-08 1.3863E-08 1.4099E-08 1.4268E-08 1.4367E-08 1.4412E-08 1.4401E-08 1.4341E-08 1.4226E-08 1.4068E-08 1.3861E-08 1.3614E-08 1.3336E-08 1.3029E-08 1.2700E-08 1.2348E-08 1.1999E-08 1.1638E-08 1.1276E-08
1.4176E-10 1.6918E-10 2.2029E-10 2.9151E-10 3.4813E-10 4.3901E-10 5.0585E-10 5.8027E-10 6.7301E-10 7.8214E-10 9.4116E-10 1.1358E-09 1.3662E-09 1.5801E-09 1.8226E-09 2.0897E-09 2.4169E-09 2.7552E-09 3.1274E-09 3.5842E-09 4.0377E-09 4.5227E-09 5.0366E-09 5.5796E-09 6.1446E-09 6.7190E-09 7.3008E-09 7.8858E-09 8.4668E-09 9.0322E-09 9.5759E-09 1.0091E-08 1.0587E-08 1.1054E-08 1.1534E-08 1.1980E-08 1.2393E-08 1.2761E-08 1.3084E-08 1.3391E-08 1.3640E-08 1.3830E-08 1.3954E-08 1.4027E-08 1.4038E-08 1.4013E-08 1.3945E-08 1.3820E-08 1.3649E-08 1.3431E-08 1.3186E-08 1.2907E-08 1.2618E-08 1.2294E-08 1.1978E-08 1.1647E-08 1.1308E-08
1.4951E-10 1.8328E-10 2.2880E-10 2.9663E-10 3.5523E-10 4.3680E-10 5.0543E-10 5.8691E-10 6.7849E-10 7.8578E-10 9.4213E-10 1.1312E-09 1.3549E-09 1.5636E-09 1.8185E-09 2.0854E-09 2.4093E-09 2.7382E-09 3.1039E-09 3.5071E-09 3.9416E-09 4.4097E-09 4.9043E-09 5.4189E-09 5.9521E-09 6.5014E-09 7.0576E-09 7.6100E-09 8.1567E-09 8.6914E-09 9.2079E-09 9.6995E-09 1.0170E-08 1.0624E-08 1.1073E-08 1.1512E-08 1.1923E-08 1.2290E-08 1.2622E-08 1.2928E-08 1.3186E-08 1.3399E-08 1.3551E-08 1.3647E-08 1.3696E-08 1.3699E-08 1.3661E-08 1.3568E-08 1.3432E-08 1.3246E-08 1.3033E-08 1.2795E-08 1.2534E-08 1.2251E-08 1.1959E-08 1.1652E-08 1.1335E-08
1.5350E-10 1.9000E-10 2.3650E-10 3.0294E-10 3.5650E-10 4.3804E-10 5.1061E-10 5.9185E-10 6.8372E-10 7.8816E-10 9.4236E-10 1.1338E-09 1.3517E-09 1.5594E-09 1.8101E-09 2.0746E-09 2.3658E-09 2.6865E-09 3.0416E-09 3.4305E-09 3.8520E-09 4.2967E-09 4.7685E-09 5.2639E-09 5.7711E-09 6.2892E-09 6.8124E-09 7.3392E-09 7.8629E-09 8.3704E-09 8.8596E-09 9.3239E-09 9.7666E-09 1.0198E-08 1.0619E-08 1.1062E-08 1.1459E-08 1.1833E-08 1.2171E-08 1.2479E-08 1.2760E-08 1.2997E-08 1.3169E-08 1.3286E-08 1.3357E-08 1.3388E-08 1.3380E-08 1.3313E-08 1.3212E-08 1.3071E-08 1.2883E-08 1.2677E-08 1.2456E-08 1.2213E-08 1.1936E-08 1.1651E-08 1.1352E-08
1.5714E-10 1.9545E-10 2.4280E-10 3.0776E-10 3.6181E-10 4.4163E-10 5.1377E-10 5.9506E-10 6.8696E-10 7.9040E-10 9.3860E-10 1.0952E-09 1.3159E-09 1.5509E-09 1.7815E-09 2.0353E-09 2.3231E-09 2.6390E-09 2.9834E-09 3.3563E-09 3.7577E-09 4.1875E-09 4.6376E-09 5.1046E-09 5.5891E-09 6.0843E-09 6.5805E-09 7.0775E-09 7.5694E-09 8.0507E-09 8.5174E-09 8.9621E-09 9.3792E-09 9.7973E-09 1.0206E-08 1.0624E-08 1.1025E-08 1.1404E-08 1.1750E-08 1.2059E-08 1.2352E-08 1.2604E-08 1.2797E-08 1.2923E-08 1.3020E-08 1.3081E-08 1.3105E-08 1.3075E-08 1.3002E-08 1.2894E-08 1.2747E-08 1.2571E-08 1.2379E-08 1.2163E-08 1.1906E-08 1.1645E-08 1.1372E-08
1.6013E-10 2.0023E-10 2.4783E-10 3.1164E-10 3.6555E-10 4.4395E-10 5.1543E-10 5.9654E-10 6.8821E-10 7.9769E-10 9.1460E-10 1.0962E-09 1.3003E-09 1.5249E-09 1.7499E-09 2.0024E-09 2.2800E-09 2.5897E-09 2.9241E-09 3.2836E-09 3.6682E-09 4.0755E-09 4.5056E-09 4.9538E-09 5.4099E-09 5.8752E-09 6.3483E-09 6.8239E-09 7.2921E-09 7.7489E-09 8.1895E-09 8.6084E-09 9.0009E-09 9.4019E-09 9.7991E-09 1.0201E-08 1.0600E-08 1.0984E-08 1.1332E-08 1.1656E-08 1.1951E-08 1.2216E-08 1.2431E-08 1.2585E-08 1.2707E-08 1.2794E-08 1.2840E-08 1.2840E-08 1.2808E-08 1.2733E-08 1.2623E-08 1.2467E-08 1.2302E-08 1.2106E-08 1.1882E-08 1.1640E-08 1.1388E-08
1.6216E-10 2.0360E-10 2.5164E-10 3.1444E-10 3.6814E-10 4.4445E-10 5.1559E-10 5.9630E-10 6.8757E-10 7.9578E-10 9.1252E-10 1.0811E-09 1.2855E-09 1.5006E-09 1.7213E-09 1.9680E-09 2.2411E-09 2.5364E-09 2.8615E-09 3.2097E-09 3.5783E-09 3.9678E-09 4.3745E-09 4.7954E-09 5.2315E-09 5.6772E-09 6.1248E-09 6.5725E-09 7.0156E-09 7.4510E-09 7.8722E-09 8.2721E-09 8.6444E-09 9.0264E-09 9.4229E-09 9.8027E-09 1.0200E-08 1.0582E-08 1.0943E-08 1.1265E-08 1.1568E-08 1.1853E-08 1.2092E-08 1.2264E-08 1.2401E-08 1.2528E-08 1.2608E-08 1.2635E-08 1.2627E-08 1.2582E-08 1.2497E-08 1.2370E-08 1.2221E-08 1.2056E-08 1.1859E-08 1.1634E-08 1.1394E-08
1.6388E-10 2.0580E-10 2.5409E-10 3.1526E-10 3.6888E-10 4.4308E-10 5.1396E-10 5.9446E-10 6.8569E-10 7.8844E-10 9.0928E-10 1.0737E-09 1.2676E-09 1.4809E-09 1.6940E-09 1.9338E-09 2.1976E-09 2.4871E-09 2.7952E-09 3.1299E-09 3.4862E-09 3.8568E-09 4.2430E-09 4.6437E-09 5.0561E-09 5.4768E-09 5.9044E-09 6.3333E-09 6.7542E-09 7.1656E-09 7.5627E-09 7.9405E-09 8.2943E-09 8.6595E-09 9.0453E-09 9.4228E-09 9.8067E-09 1.0193E-08 1.0559E-08 1.0900E-08 1.1207E-08 1.1502E-08 1.1764E-08 1.1970E-08 1.2137E-08 1.2295E-08 1.2394E-08 1.2441E-08 1.2460E-08 1.2432E-08 1.2372E-08 1.2275E-08 1.2150E-08 1.2008E-08 1.1833E-08 1.1624E-08 1.1407E-08
1.6458E-10 2.0705E-10 2.5546E-10 3.1435E-10 3.6820E-10 4.4049E-10 5.1110E-10 5.9131E-10 6.8222E-10 7.8470E-10 9.0438E-10 1.0655E-09 1.2265E-09 1.4574E-09 1.6690E-09 1.8985E-09 2.1538E-09 2.4309E-09 2.7311E-09 3.0487E-09 3.3854E-09 3.7424E-09 4.1112E-09 4.4933E-09 4.8862E-09 5.2865E-09 5.6905E-09 6.0943E-09 6.4943E-09 6.8871E-09 7.2672E-09 7.6262E-09 7.9624E-09 8.3163E-09 8.6845E-09 9.0612E-09 9.4334E-09 9.8282E-09 1.0202E-08 1.0557E-08 1.0886E-08 1.1185E-08 1.1460E-08 1.1698E-08 1.1901E-08 1.2068E-08 1.2184E-08 1.2260E-08 1.2297E-08 1.2298E-08 1.2260E-08 1.2196E-08 1.2083E-08 1.1959E-08 1.1800E-08 1.1619E-08 1.1421E-08
1.6450E-10 2.0662E-10 2.5549E-10 3.1210E-10 3.6603E-10 4.3699E-10 5.0733E-10 5.8732E-10 6.7786E-10 7.7983E-10 8.9416E-10 1.0343E-09 1.2144E-09 1.4331E-09 1.6375E-09 1.8645E-09 2.1071E-09 2.3739E-09 2.6603E-09 2.9648E-09 3.2860E-09 3.6219E-09 3.9764E-09 4.3442E-09 4.7184E-09 5.0993E-09 5.4836E-09 5.8673E-09 6.2466E-09 6.6173E-09 6.9747E-09 7.3126E-09 7.6286E-09 7.9708E-09 8.3434E-09 8.7228E-09 9.0774E-09 9.4752E-09 9.8676E-09 1.0236E-08 1.0575E-08 1.0891E-08 1.1182E-08 1.1442E-08 1.1661E-08 1.1855E-08 1.1996E-08 1.2099E-08 1.2151E-08 1.2174E-08 1.2158E-08 1.2114E-08 1.2012E-08 1.1914E-08 1.1779E-08 1.1622E-08 1.1436E-08
1.6388E-10 2.0538E-10 2.5415E-10 3.0955E-10 3.6312E-10 4.3276E-10 5.0257E-10 5.8204E-10 6.7193E-10 7.7338E-10 8.8702E-10 1.0229E-09 1.2001E-09 1.4021E-09 1.6050E-09 1.8218E-09 2.0613E-09 2.3136E-09 2.5859E-09 2.8771E-09 3.1843E-09 3.5090E-09 3.8436E-09 4.1906E-09 4.5500E-09 4.9154E-09 5.2807E-09 5.6453E-09 6.0052E-09 6.3548E-09 6.6913E-09 7.0113E-09 7.3111E-09 7.6411E-09 8.0067E-09 8.3840E-09 8.7528E-09 9.1431E-09 9.5518E-09 9.9389E-09 1.0293E-08 1.0626E-08 1.0938E-08 1.1210E-08 1.1452E-08 1.1663E-08 1.1825E-08 1.1947E-08 1.2025E-08 1.2061E-08 1.2055E-08 1.2033E-08 1.1968E-08 1.1879E-08 1.1764E-08 1.1624E-08 1.1448E-08
1.6308E-10 2.0498E-10 2.5187E-10 3.0603E-10 3.5868E-10 4.2770E-10 4.9705E-10 5.7604E-10 6.6531E-10 7.6563E-10 8.7778E-10 1.0100E-09 1.1900E-09 1.3785E-09 1.5652E-09 1.7800E-09 2.0036E-09 2.2472E-09 2.5058E-09 2.7814E-09 3.0759E-09 3.3825E-09 3.7039E-09 4.0355E-09 4.3727E-09 4.7155E-09 5.0636E-09 5.4109E-09 5.7493E-09 6.0793E-09 6.3974E-09 6.7002E-09 6.9841E-09 7.3160E-09 7.6630E-09 8.0468E-09 8.4260E-09 8.8200E-09 9.2386E-09 9.6490E-09 1.0033E-08 1.0364E-08 1.0691E-08 1.0982E-08 1.1245E-08 1.1473E-08 1.1654E-08 1.1797E-08 1.1885E-08 1.1940E-08 1.1962E-08 1.1960E-08 1.1915E-08 1.1845E-08 1.1742E-08 1.1617E-08 1.1472E-08
1.6135E-10 2.0410E-10 2.4860E-10 3.0180E-10 3.5388E-10 4.2196E-10 4.9068E-10 5.6871E-10 6.5679E-10 7.5567E-10 8.6608E-10 9.9608E-10 1.1605E-09 1.3411E-09 1.5320E-09 1.7288E-09 1.9513E-09 2.1817E-09 2.4318E-09 2.6972E-09 2.9746E-09 3.2688E-09 3.5759E-09 3.8903E-09 4.2147E-09 4.5416E-09 4.8680E-09 5.1928E-09 5.5133E-09 5.8281E-09 6.1328E-09 6.4210E-09 6.6906E-09 7.0166E-09 7.3709E-09 7.7550E-09 8.1440E-09 8.5452E-09 8.9807E-09 9.4056E-09 9.8022E-09 1.0149E-08 1.0489E-08 1.0789E-08 1.1075E-08 1.1314E-08 1.1511E-08 1.1672E-08 1.1788E-08 1.1861E-08 1.1895E-08 1.1910E-08 1.1892E-08 1.1817E-08 1.1740E-08 1.1639E-08 1.1514E-08
1.5986E-10 2.0211E-10 2.4499E-10 2.9661E-10 3.4854E-10 4.1458E-10 4.8331E-10 5.6010E-10 6.4668E-10 7.4370E-10 8.5192E-10 9.7196E-10 1.1398E-09 1.3044E-09 1.4921E-09 1.6806E-09 1.8931E-09 2.1139E-09 2.3499E-09 2.6026E-09 2.8716E-09 3.1491E-09 3.4375E-09 3.7374E-09 4.0436E-09 4.3514E-09 4.6630E-09 4.9732E-09 5.2762E-09 5.5715E-09 5.8562E-09 6.1282E-09 6.3857E-09 6.7065E-09 7.0612E-09 7.4507E-09 7.8508E-09 8.2674E-09 8.7104E-09 9.1497E-09 9.5643E-09 9.9427E-09 1.0284E-08 1.0600E-08 1.0895E-08 1.1166E-08 1.1378E-08 1.1555E-08 1.1688E-08 1.1778E-08 1.1824E-08 1.1849E-08 1.1853E-08 1.1808E-08 1.1747E-08 1.1660E-08 1.1550E-08
1.5929E-10 2.0029E-10 2.4131E-10 2.9073E-10 3.4233E-10 4.0625E-10 4.7421E-10 5.4964E-10 6.3452E-10 7.2962E-10 8.3558E-10 9.5295E-10 1.1082E-09 1.2735E-09 1.4384E-09 1.6346E-09 1.8312E-09 2.0508E-09 2.2776E-09 2.5181E-09 2.7715E-09 3.0392E-09 3.3165E-09 3.5988E-09 3.8870E-09 4.1816E-09 4.4783E-09 4.7696E-09 5.0578E-09 5.3413E-09 5.6161E-09 5.8765E-09 6.1218E-09 6.4374E-09 6.7921E-09 7.1851E-09 7.6113E-09 8.0456E-09 8.4853E-09 8.9454E-09 9.3826E-09 9.7778E-09 1.0132E-08 1.0458E-08 1.0764E-08 1.1050E-08 1.1280E-08 1.1474E-08 1.1617E-08 1.1722E-08 1.1781E-08 1.1834E-08 1.1853E-08 1.1827E-08 1.1773E-08 1.1696E-08 1.1597E-08
1.5893E-10 1.9748E-10 2.3716E-10 2.8473E-10 3.3527E-10 3.9752E-10 4.6336E-10 5.3800E-10 6.2090E-10 7.1371E-10 8.1702E-10 9.3138E-10 1.0815E-09 1.2252E-09 1.3993E-09 1.5725E-09 1.7761E-09 1.9794E-09 2.2039E-09 2.4345E-09 2.6768E-09 2.9292E-09 3.1914E-09 3.4632E-09 3.7394E-09 4.0164E-09 4.2944E-09 4.5721E-09 4.8488E-09 5.1199E-09 5.3787E-09 5.6257E-09 5.8594E-09 6.1710E-09 6.5308E-09 6.9331E-09 7.3751E-09 7.8282E-09 8.2902E-09 8.7600E-09 9.2158E-09 9.6249E-09 9.9984E-09 1.0324E-08 1.0648E-08 1.0948E-08 1.1191E-08 1.1398E-08 1.1566E-08 1.1694E-08 1.1767E-08 1.1833E-08 1.1866E-08 1.1851E-08 1.1805E-08 1.1743E-08 1.1658E-08
1.5750E-10 1.9429E-10 2.3213E-10 2.7827E-10 3.2720E-10 3.8561E-10 4.5183E-10 5.2488E-10 6.0603E-10 6.9634E-10 7.9680E-10 9.0791E-10 1.0458E-09 1.1917E-09 1.3505E-09 1.5254E-09 1.7132E-09 1.9152E-09 2.1233E-09 2.3502E-09 2.5816E-09 2.8226E-09 3.0718E-09 3.3275E-09 3.5885E-09 3.8551E-09 4.1230E-09 4.3870E-09 4.6472E-09 4.9013E-09 5.1468E-09 5.3819E-09 5.6048E-09 5.9114E-09 6.2744E-09 6.6831E-09 7.1448E-09 7.6189E-09 8.1045E-09 8.5885E-09 9.0579E-09 9.4853E-09 9.8697E-09 1.0218E-08 1.0569E-08 1.0876E-08 1.1135E-08 1.1359E-08 1.1544E-08 1.1685E-08 1.1782E-08 1.1845E-08 1.1887E-08 1.1885E-08 1.1854E-08 1.1804E-08 1.1729E-08
1.5555E-10 1.9007E-10 2.2600E-10 2.7056E-10 3.1885E-10 3.7372E-10 4.3801E-10 5.1028E-10 5.9000E-10 6.7764E-10 7.7506E-10 8.8274E-10 1.0162E-09 1.1566E-09 1.3035E-09 1.4773E-09 1.6512E-09 1.8441E-09 2.0493E-09 2.2645E-09 2.4863E-09 2.7163E-09 2.9537E-09 3.1974E-09 3.4457E-09 3.6968E-09 3.9489E-09 4.2012E-09 4.4514E-09 4.6947E-09 4.9280E-09 5.1508E-09 5.3599E-09 5.6583E-09 6.0243E-09 6.4445E-09 6.9252E-09 7.4208E-09 7.9306E-09 8.4347E-09 8.9239E-09 9.3895E-09 9.7793E-09 1.0140E-08 1.0506E-08 1.0825E-08 1.1103E-08 1.1343E-08 1.1540E-08 1.1688E-08 1.1797E-08 1.1873E-08 1.1930E-08 1.1944E-08 1.1915E-08 1.1875E-08 1.1809E-08
1.5308E-10 1.8550E-10 2.1991E-10 2.6115E-10 3.0942E-10 3.6289E-10 4.2328E-10 4.9323E-10 5.7202E-10 6.5776E-10 7.5204E-10 8.5634E-10 9.8561E-10 1.1152E-09 1.2630E-09 1.4164E-09 1.5953E-09 1.7734E-09 1.9746E-09 2.1754E-09 2.3883E-09 2.6100E-09 2.8365E-09 3.0688E-09 3.3055E-09 3.5446E-09 3.7842E-09 4.0224E-09 4.2569E-09 4.4858E-09 4.7076E-09 4.9197E-09 5.1211E-09 5.4147E-09 5.7851E-09 6.2205E-09 6.7177E-09 7.2399E-09 7.7761E-09 8.3072E-09 8.8130E-09 9.2859E-09 9.7161E-09 1.0084E-08 1.0463E-08 1.0791E-08 1.1083E-08 1.1338E-08 1.1551E-08 1.1717E-08 1.1835E-08 1.1920E-08 1.1987E-08 1.2010E-08 1.1990E-08 1.1957E-08 1.1896E-08
1.5016E-10 1.8037E-10 2.1386E-10 2.5238E-10 2.9825E-10 3.5128E-10 4.1007E-10 4.7587E-10 5.5115E-10 6.3649E-10 7.2854E-10 8.2993E-10 9.5485E-10 1.0797E-09 1.2154E-09 1.3685E-09 1.5267E-09 1.7088E-09 1.8894E-09 2.0907E-09 2.2912E-09 2.5000E-09 2.7180E-09 2.9410E-09 3.1661E-09 3.3935E-09 3.6214E-09 3.8479E-09 4.0708E-09 4.2884E-09 4.4968E-09 4.6967E-09 4.8843E-09 5.1695E-09 5.5437E-09 5.9931E-09 6.5079E-09 7.0593E-09 7.6257E-09 8.1865E-09 8.7116E-09 9.2090E-09 9.6585E-09 1.0043E-08 1.0441E-08 1.0789E-08 1.1100E-08 1.1361E-08 1.1586E-08 1.1760E-08 1.1890E-08 1.1984E-08 1.2060E-08 1.2090E-08 1.2082E-08 1.2048E-08 1.1999E-08
1.4648E-10 1.7495E-10 2.0739E-10 2.4445E-10 2.8797E-10 3.3796E-10 3.9576E-10 4.5987E-10 5.3150E-10 6.1272E-10 7.0506E-10 8.0303E-10 9.2319E-10 1.0432E-09 1.1734E-09 1.3139E-09 1.4711E-09 1.6321E-09 1.8154E-09 1.9966E-09 2.1948E-09 2.3950E-09 2.5997E-09 2.8101E-09 3.0261E-09 3.2441E-09 3.4605E-09 3.6755E-09 3.8860E-09 4.0917E-09 4.2904E-09 4.4791E-09 4.6580E-09 4.9341E-09 5.3100E-09 5.7741E-09 6.3131E-09 6.8932E-09 7.4919E-09 8.0859E-09 8.6409E-09 9.1540E-09 9.6209E-09 1.0050E-08 1.0441E-08 1.0816E-08 1.1121E-08 1.1400E-08 1.1641E-08 1.1823E-08 1.1978E-08 1.2064E-08 1.2144E-08 1.2181E-08 1.2182E-08 1.2156E-08 1.2113E-08
1.4221E-10 1.6973E-10 2.0044E-10 2.3665E-10 2.7760E-10 3.2560E-10 3.7989E-10 4.4362E-10 5.1369E-10 5.9104E-10 6.7618E-10 7.7095E-10 8.7330E-10 1.0000E-09 1.1241E-09 1.2574E-09 1.4056E-09 1.5584E-09 1.7307E-09 1.9024E-09 2.0836E-09 2.2743E-09 2.4700E-09 2.6693E-09 2.8708E-09 3.0742E-09 3.2797E-09 3.4833E-09 3.6828E-09 3.8760E-09 4.0630E-09 4.2416E-09 4.4094E-09 4.6590E-09 5.0515E-09 5.5308E-09 6.0962E-09 6.7042E-09 7.3376E-09 7.9670E-09 8.5565E-09 9.0886E-09 9.5722E-09 1.0025E-08 1.0457E-08 1.0824E-08 1.1147E-08 1.1434E-08 1.1686E-08 1.1885E-08 1.2045E-08 1.2140E-08 1.2233E-08 1.2278E-08 1.2285E-08 1.2266E-08 1.2230E-08
1.3769E-10 1.6424E-10 1.9347E-10 2.2806E-10 2.6788E-10 3.1404E-10 3.6694E-10 4.2583E-10 4.9451E-10 5.6987E-10 6.5207E-10 7.4235E-10 8.4181E-10 9.6264E-10 1.0808E-09 1.2082E-09 1.3446E-09 1.4951E-09 1.6494E-09 1.8207E-09 1.9923E-09 2.1696E-09 2.3548E-09 2.5457E-09 2.7389E-09 2.9329E-09 3.1244E-09 3.3153E-09 3.5022E-09 3.6863E-09 3.8646E-09 4.0344E-09 4.1931E-09 4.4320E-09 4.8233E-09 5.3168E-09 5.9088E-09 6.5469E-09 7.2208E-09 7.8864E-09 8.5081E-09 9.0701E-09 9.5647E-09 1.0035E-08 1.0493E-08 1.0876E-08 1.1211E-08 1.1507E-08 1.1769E-08 1.1982E-08 1.2155E-08 1.2254E-08 1.2354E-08 1.2404E-08 1.2416E-08 1.2398E-08 1.2363E-08
