Assets/Resources/2015_m01_d22_1300(utc+0800)_l00_csi_1hr_conc.grd
DSAA
         159         159
     -79.000      79.000
     -79.000      79.000
  0.0000E+00  0.1068E-05
[rows 75 to 99 of 159, columns 57 to 113 of 159]
1.5933E-12 3.3721E-12 6.9192E-12 1.1416E-11 1.7014E-11 2.4374E-11 3.4467E-11 4.7515E-11 7.2359E-11 1.0337E-10 1.3871E-10 1.7250E-10 2.0824E-10 2.8075E-10 5.1091E-10 1.0741E-09 2.5470E-09 7.3253E-09 2.4432E-08 6.2676E-08 1.4649E-07 2.5757E-07 3.3966E-08 5.7541E-10 6.0373E-10 6.3210E-10 6.5918E-10 6.8501E-10 7.0967E-10 7.3303E-10 7.5524E-10 7.7611E-10 7.9599E-10 8.1405E-10 8.3065E-10 8.4551E-10 8.5954E-10 8.7177E-10 8.8178E-10 8.9081E-10 8.9985E-10 9.0702E-10 9.1447E-10 9.2322E-10 9.3226E-10 9.3866E-10 9.4403E-10 9.4804E-10 9.5110E-10 9.5231E-10 9.5657E-10 9.4854E-10 9.4740E-10 9.4190E-10 9.3740E-10 9.3134E-10 9.2494E-10
5.0744E-13 1.6053E-12 3.2009E-12 6.2617E-12 1.0253E-11 1.4710E-11 2.0347E-11 2.7541E-11 3.6977E-11 5.5484E-11 8.5220E-11 1.1561E-10 1.4483E-10 1.7771E-10 2.1648E-10 2.6504E-10 3.5829E-10 8.9144E-10 4.6795E-09 2.8051E-08 1.1364E-07 4.4140E-07 7.3016E-08 4.8721E-10 5.1289E-10 5.3800E-10 5.6206E-10 5.8520E-10 6.0736E-10 6.2858E-10 6.4874E-10 6.6784E-10 6.8616E-10 7.0287E-10 7.1853E-10 7.3274E-10 7.4521E-10 7.5761E-10 7.6749E-10 7.7808E-10 7.8786E-10 7.9703E-10 8.0528E-10 8.1397E-10 8.2410E-10 8.3004E-10 8.3663E-10 8.4136E-10 8.4543E-10 8.4688E-10 8.5221E-10 8.4745E-10 8.4721E-10 8.4334E-10 8.4008E-10 8.3555E-10 8.3098E-10
0.0000E+00 5.3736E-13 1.6081E-12 2.9862E-12 5.5581E-12 9.0094E-12 1.2927E-11 1.7214E-11 2.2416E-11 2.8673E-11 4.2120E-11 6.8909E-11 9.3136E-11 1.2183E-10 1.5001E-10 1.7795E-10 2.1570E-10 2.4871E-10 2.8182E-10 2.1736E-09 4.2223E-08 4.8920E-07 2.0226E-07 4.0946E-10 4.3244E-10 4.5473E-10 4.7605E-10 4.9663E-10 5.1679E-10 5.3672E-10 5.5505E-10 5.7226E-10 5.8924E-10 6.0470E-10 6.1892E-10 6.3256E-10 6.4403E-10 6.5773E-10 6.6859E-10 6.7880E-10 6.8952E-10 6.9886E-10 7.0800E-10 7.1674E-10 7.2727E-10 7.3514E-10 7.4193E-10 7.4710E-10 7.5088E-10 7.5263E-10 7.5875E-10 7.5595E-10 7.5665E-10 7.5512E-10 7.5135E-10 7.4837E-10 7.4436E-10
0.0000E+00 0.0000E+00 4.9911E-13 1.5396E-12 2.6744E-12 4.8081E-12 7.6541E-12 1.1164E-11 1.4940E-11 1.8903E-11 2.3345E-11 3.3129E-11 5.0235E-11 7.3088E-11 9.6339E-11 1.2250E-10 1.5062E-10 1.8158E-10 2.1289E-10 2.4322E-10 2.7428E-10 9.9152E-08 1.0683E-06 3.4107E-10 3.6156E-10 3.8114E-10 4.0084E-10 4.1946E-10 4.3730E-10 4.5540E-10 4.7206E-10 4.8784E-10 5.0299E-10 5.1757E-10 5.3126E-10 5.4462E-10 5.5751E-10 5.7031E-10 5.8230E-10 5.9288E-10 6.0289E-10 6.1315E-10 6.2205E-10 6.3119E-10 6.4155E-10 6.4971E-10 6.5649E-10 6.6186E-10 6.6573E-10 6.6869E-10 6.7024E-10 6.7520E-10 6.7147E-10 6.7194E-10 6.7015E-10 6.6872E-10 6.6520E-10
0.0000E+00 0.0000E+00 0.0000E+00 4.0158E-13 1.4271E-12 2.3844E-12 4.0576E-12 6.4222E-12 9.3237E-12 1.2615E-11 1.6128E-11 1.9628E-11 2.4987E-11 4.0451E-11 5.6933E-11 7.7087E-11 9.6196E-11 1.2718E-10 1.5522E-10 1.8150E-10 2.1292E-10 2.3448E-10 2.5922E-10 2.7888E-10 2.9880E-10 3.1693E-10 3.3528E-10 3.5187E-10 3.6784E-10 3.8358E-10 3.9893E-10 4.1369E-10 4.2806E-10 4.4232E-10 4.5605E-10 4.6925E-10 4.8172E-10 4.9411E-10 5.0599E-10 5.1714E-10 5.2751E-10 5.3755E-10 5.4673E-10 5.5499E-10 5.6438E-10 5.7346E-10 5.7892E-10 5.8454E-10 5.8865E-10 5.9132E-10 5.9309E-10 5.9838E-10 5.9683E-10 5.9787E-10 5.9618E-10 5.9454E-10 5.9168E-10
0.0000E+00 0.0000E+00 0.0000E+00 0.0000E+00 2.5366E-13 1.2715E-12 2.0650E-12 3.3888E-12 5.2788E-12 7.6210E-12 1.0348E-11 1.3390E-11 1.6498E-11 2.0775E-11 3.1154E-11 4.6151E-11 6.2143E-11 8.0555E-11 1.0418E-10 1.2862E-10 1.5862E-10 1.8156E-10 2.0548E-10 2.2370E-10 2.4208E-10 2.5943E-10 2.7607E-10 2.9387E-10 3.0929E-10 3.2389E-10 3.3823E-10 3.5305E-10 3.6696E-10 3.8037E-10 3.9341E-10 4.0582E-10 4.1786E-10 4.2968E-10 4.4091E-10 4.5146E-10 4.6116E-10 4.7040E-10 4.7891E-10 4.8597E-10 4.9429E-10 5.0297E-10 5.0871E-10 5.1442E-10 5.1858E-10 5.2157E-10 5.2452E-10 5.2915E-10 5.2741E-10 5.2873E-10 5.2469E-10 5.2541E-10 5.2479E-10
0.0000E+00 0.0000E+00 0.0000E+00 0.0000E+00 0.0000E+00 1.4826E-13 9.8856E-13 1.8342E-12 2.7696E-12 4.2236E-12 6.1016E-12 8.3127E-12 1.0751E-11 1.3489E-11 1.6373E-11 2.3412E-11 3.6297E-11 5.0362E-11 6.6729E-11 9.2704E-11 1.0915E-10 1.3657E-10 1.5899E-10 1.8108E-10 1.9631E-10 2.1144E-10 2.2779E-10 2.4320E-10 2.5769E-10 2.7277E-10 2.8655E-10 3.0066E-10 3.1316E-10 3.2669E-10 3.3994E-10 3.5165E-10 3.6273E-10 3.7338E-10 3.8346E-10 3.9221E-10 4.0125E-10 4.0965E-10 4.1777E-10 4.2501E-10 4.3160E-10 4.3988E-10 4.4659E-10 4.4922E-10 4.5335E-10 4.5741E-10 4.5852E-10 4.6305E-10 4.6299E-10 4.6412E-10 4.6272E-10 4.6205E-10 4.6292E-10
0.0000E+00 0.0000E+00 0.0000E+00 0.0000E+00 0.0000E+00 0.0000E+00 3.8121E-14 6.7496E-13 1.4438E-12 2.2628E-12 3.3476E-12 4.7685E-12 6.5179E-12 8.4000E-12 1.0637E-11 1.2596E-11 1.6631E-11 2.5288E-11 3.9549E-11 5.8870E-11 7.4467E-11 9.5576E-11 1.1632E-10 1.4033E-10 1.5698E-10 1.7196E-10 1.8727E-10 2.0033E-10 2.1440E-10 2.2654E-10 2.3928E-10 2.5313E-10 2.6411E-10 2.7634E-10 2.8852E-10 2.9864E-10 3.0856E-10 3.1816E-10 3.2937E-10 3.3808E-10 3.4546E-10 3.5314E-10 3.5920E-10 3.6603E-10 3.7294E-10 3.7990E-10 3.8678E-10 3.9177E-10 3.9390E-10 3.9706E-10 4.0097E-10 4.0281E-10 4.0577E-10 4.0583E-10 4.0804E-10 4.0679E-10 4.0706E-10
0.0000E+00 0.0000E+00 0.0000E+00 0.0000E+00 0.0000E+00 0.0000E+00 0.0000E+00 0.0000E+00 3.4002E-13 1.1420E-12 1.8629E-12 2.6367E-12 3.6735E-12 4.9848E-12 6.5341E-12 8.1249E-12 9.4749E-12 1.2096E-11 1.7185E-11 2.8347E-11 4.7811E-11 6.0888E-11 7.7101E-11 9.7786E-11 1.1735E-10 1.3432E-10 1.4903E-10 1.6204E-10 1.7546E-10 1.8619E-10 1.9746E-10 2.0999E-10 2.2029E-10 2.3215E-10 2.4200E-10 2.5106E-10 2.5998E-10 2.7055E-10 2.7948E-10 2.8738E-10 2.9503E-10 3.0139E-10 3.0826E-10 3.1488E-10 3.1984E-10 3.2709E-10 3.3314E-10 3.3865E-10 3.4227E-10 3.4435E-10 3.4791E-10 3.4993E-10 3.5391E-10 3.5482E-10 3.5758E-10 3.5594E-10 3.5592E-10
0.0000E+00 0.0000E+00 0.0000E+00 0.0000E+00 0.0000E+00 0.0000E+00 0.0000E+00 0.0000E+00 0.0000E+00 1.3833E-13 7.0140E-13 1.3703E-12 2.0682E-12 2.8210E-12 3.7206E-12 4.8915E-12 6.0443E-12 7.3151E-12 8.5972E-12 1.2606E-11 2.3253E-11 3.4135E-11 4.9236E-11 6.1185E-11 8.3447E-11 9.7447E-11 1.1439E-10 1.2796E-10 1.4003E-10 1.5002E-10 1.6036E-10 1.7108E-10 1.8113E-10 1.9176E-10 2.0064E-10 2.0881E-10 2.1723E-10 2.2702E-10 2.3519E-10 2.4240E-10 2.4944E-10 2.5627E-10 2.6234E-10 2.6740E-10 2.7320E-10 2.7920E-10 2.8592E-10 2.9070E-10 2.9589E-10 2.9966E-10 3.0166E-10 3.0452E-10 3.0672E-10 3.0810E-10 3.1088E-10 3.1128E-10 3.1077E-10
0.0000E+00 0.0000E+00 0.0000E+00 0.0000E+00 0.0000E+00 0.0000E+00 0.0000E+00 0.0000E+00 0.0000E+00 0.0000E+00 0.0000E+00 2.9446E-13 9.2102E-13 1.4894E-12 2.1406E-12 2.8202E-12 3.5767E-12 4.3099E-12 5.2711E-12 6.3144E-12 8.9902E-12 1.7064E-11 2.5115E-11 3.3635E-11 4.9135E-11 6.3433E-11 7.7917E-11 9.4599E-11 1.0663E-10 1.1805E-10 1.2832E-10 1.3834E-10 1.4728E-10 1.5661E-10 1.6448E-10 1.7158E-10 1.8082E-10 1.8830E-10 1.9577E-10 2.0196E-10 2.0834E-10 2.1457E-10 2.2051E-10 2.2605E-10 2.3148E-10 2.3815E-10 2.4394E-10 2.4873E-10 2.5342E-10 2.5787E-10 2.6004E-10 2.6249E-10 2.6623E-10 2.6575E-10 2.6917E-10 2.7091E-10 2.7023E-10
0.0000E+00 0.0000E+00 0.0000E+00 0.0000E+00 0.0000E+00 0.0000E+00 0.0000E+00 0.0000E+00 0.0000E+00 0.0000E+00 0.0000E+00 0.0000E+00 6.7278E-14 4.0211E-13 1.0003E-12 1.4963E-12 2.1089E-12 2.6480E-12 3.3026E-12 3.9089E-12 4.5325E-12 5.1299E-12 1.1244E-11 1.7347E-11 2.3960E-11 3.5456E-11 4.8771E-11 6.2521E-11 7.3299E-11 8.7221E-11 9.9528E-11 1.0695E-10 1.1715E-10 1.2557E-10 1.3262E-10 1.3916E-10 1.4784E-10 1.5458E-10 1.6162E-10 1.6741E-10 1.7300E-10 1.7873E-10 1.8437E-10 1.8946E-10 1.9453E-10 2.0022E-10 2.0753E-10 2.1144E-10 2.1534E-10 2.1958E-10 2.2323E-10 2.2433E-10 2.2862E-10 2.2973E-10 2.3101E-10 2.3399E-10 2.3412E-10
0.0000E+00 0.0000E+00 0.0000E+00 0.0000E+00 0.0000E+00 0.0000E+00 0.0000E+00 0.0000E+00 0.0000E+00 0.0000E+00 0.0000E+00 0.0000E+00 0.0000E+00 0.0000E+00 1.1642E-13 4.1753E-13 9.4715E-13 1.3844E-12 1.9090E-12 2.3397E-12 2.8725E-12 3.4180E-12 5.2104E-12 7.4131E-12 1.0837E-11 1.6453E-11 2.4091E-11 3.6905E-11 4.6894E-11 5.9343E-11 6.8925E-11 7.9721E-11 8.9084E-11 9.8057E-11 1.0497E-10 1.1090E-10 1.1870E-10 1.2563E-10 1.3147E-10 1.3700E-10 1.4273E-10 1.4785E-10 1.5216E-10 1.5686E-10 1.6175E-10 1.6674E-10 1.7362E-10 1.7934E-10 1.8246E-10 1.8598E-10 1.8991E-10 1.9309E-10 1.9365E-10 1.9663E-10 1.9791E-10 2.0070E-10 2.0262E-10
0.0000E+00 0.0000E+00 0.0000E+00 0.0000E+00 0.0000E+00 0.0000E+00 0.0000E+00 0.0000E+00 0.0000E+00 0.0000E+00 0.0000E+00 0.0000E+00 0.0000E+00 0.0000E+00 0.0000E+00 0.0000E+00 1.0561E-13 3.5251E-13 7.7552E-13 1.2405E-12 1.5652E-12 2.0220E-12 2.3638E-12 3.2167E-12 4.0495E-12 7.0071E-12 1.1113E-11 1.8252E-11 2.7435E-11 3.4566E-11 4.3955E-11 5.3399E-11 6.2487E-11 7.2563E-11 7.9779E-11 8.5489E-11 9.2867E-11 9.9351E-11 1.0487E-10 1.1071E-10 1.1550E-10 1.1997E-10 1.2476E-10 1.2914E-10 1.3304E-10 1.3781E-10 1.4433E-10 1.4994E-10 1.5389E-10 1.5635E-10 1.6042E-10 1.6380E-10 1.6668E-10 1.6791E-10 1.7024E-10 1.7117E-10 1.7401E-10
0.0000E+00 0.0000E+00 0.0000E+00 0.0000E+00 0.0000E+00 0.0000E+00 0.0000E+00 0.0000E+00 0.0000E+00 0.0000E+00 0.0000E+00 0.0000E+00 0.0000E+00 0.0000E+00 0.0000E+00 0.0000E+00 0.0000E+00 0.0000E+00 4.1048E-14 2.5158E-13 5.0437E-13 8.8872E-13 1.2579E-12 1.4902E-12 1.8454E-12 2.1886E-12 2.6809E-12 6.5277E-12 1.2452E-11 1.9387E-11 2.8236E-11 3.5253E-11 4.1216E-11 4.9753E-11 5.7271E-11 6.2946E-11 7.0566E-11 7.6319E-11 8.3057E-11 8.7820E-11 9.1922E-11 9.6292E-11 1.0067E-10 1.0483E-10 1.0908E-10 1.1400E-10 1.1813E-10 1.2402E-10 1.2836E-10 1.3237E-10 1.3420E-10 1.3755E-10 1.4115E-10 1.4460E-10 1.4653E-10 1.4990E-10 1.5139E-10
0.0000E+00 0.0000E+00 0.0000E+00 0.0000E+00 0.0000E+00 0.0000E+00 0.0000E+00 0.0000E+00 0.0000E+00 0.0000E+00 0.0000E+00 0.0000E+00 0.0000E+00 0.0000E+00 0.0000E+00 0.0000E+00 0.0000E+00 0.0000E+00 0.0000E+00 0.0000E+00 0.0000E+00 1.0553E-13 2.7976E-13 4.6401E-13 7.6562E-13 1.0584E-12 1.2981E-12 1.4515E-12 3.0608E-12 6.5923E-12 1.3534E-11 2.0792E-11 2.6897E-11 3.4505E-11 4.0427E-11 4.6746E-11 5.2163E-11 5.8768E-11 6.4699E-11 6.8585E-11 7.3197E-11 7.7319E-11 8.1559E-11 8.5651E-11 9.0291E-11 9.4503E-11 9.8291E-11 1.0303E-10 1.0794E-10 1.1215E-10 1.1543E-10 1.1887E-10 1.2130E-10 1.2544E-10 1.2740E-10 1.3054E-10 1.3270E-10
0.0000E+00 0.0000E+00 0.0000E+00 0.0000E+00 0.0000E+00 0.0000E+00 0.0000E+00 0.0000E+00 0.0000E+00 0.0000E+00 0.0000E+00 0.0000E+00 0.0000E+00 0.0000E+00 0.0000E+00 0.0000E+00 0.0000E+00 0.0000E+00 0.0000E+00 0.0000E+00 0.0000E+00 0.0000E+00 0.0000E+00 0.0000E+00 6.3518E-14 1.9739E-13 3.2647E-13 4.4948E-13 6.4281E-13 8.3114E-13 3.4181E-12 9.9723E-12 1.5940E-11 2.0544E-11 2.6251E-11 3.2433E-11 3.8360E-11 4.4596E-11 4.9131E-11 5.4717E-11 5.9270E-11 6.3586E-11 6.7576E-11 7.1244E-11 7.6072E-11 7.9697E-11 8.3226E-11 8.6913E-11 9.0745E-11 9.5529E-11 9.8869E-11 1.0203E-10 1.0476E-10 1.0708E-10 1.0972E-10 1.1275E-10 1.1506E-10
0.0000E+00 0.0000E+00 0.0000E+00 0.0000E+00 0.0000E+00 0.0000E+00 0.0000E+00 0.0000E+00 0.0000E+00 0.0000E+00 0.0000E+00 0.0000E+00 0.0000E+00 0.0000E+00 0.0000E+00 0.0000E+00 0.0000E+00 0.0000E+00 0.0000E+00 0.0000E+00 0.0000E+00 0.0000E+00 0.0000E+00 0.0000E+00 0.0000E+00 0.0000E+00 0.0000E+00 0.0000E+00 2.3144E-14 1.1020E-13 1.8966E-13 2.6068E-13 4.9220E-12 1.0667E-11 1.5787E-11 2.1309E-11 2.6100E-11 3.0662E-11 3.6402E-11 4.1358E-11 4.6290E-11 5.0529E-11 5.4595E-11 5.9068E-11 6.3054E-11 6.6211E-11 7.0210E-11 7.3844E-11 7.7065E-11 8.0658E-11 8.4144E-11 8.7016E-11 8.9706E-11 9.2295E-11 9.4250E-11 9.6608E-11 9.9183E-11
0.0000E+00 0.0000E+00 0.0000E+00 0.0000E+00 0.0000E+00 0.0000E+00 0.0000E+00 0.0000E+00 0.0000E+00 0.0000E+00 0.0000E+00 0.0000E+00 0.0000E+00 0.0000E+00 0.0000E+00 0.0000E+00 0.0000E+00 0.0000E+00 0.0000E+00 0.0000E+00 0.0000E+00 0.0000E+00 0.0000E+00 0.0000E+00 0.0000E+00 0.0000E+00 0.0000E+00 0.0000E+00 0.0000E+00 0.0000E+00 0.0000E+00 0.0000E+00 0.0000E+00 2.4779E-12 6.6174E-12 1.1014E-11 1.5390E-11 2.0671E-11 2.4917E-11 2.9925E-11 3.4190E-11 3.9065E-11 4.3129E-11 4.7308E-11 5.1471E-11 5.4152E-11 5.8099E-11 6.1343E-11 6.4714E-11 6.7649E-11 7.0655E-11 7.3409E-11 7.6159E-11 7.8405E-11 8.1199E-11 8.3403E-11 8.5632E-11
0.0000E+00 0.0000E+00 0.0000E+00 0.0000E+00 0.0000E+00 0.0000E+00 0.0000E+00 0.0000E+00 0.0000E+00 0.0000E+00 0.0000E+00 0.0000E+00 0.0000E+00 0.0000E+00 0.0000E+00 0.0000E+00 0.0000E+00 0.0000E+00 0.0000E+00 0.0000E+00 0.0000E+00 0.0000E+00 0.0000E+00 0.0000E+00 0.0000E+00 0.0000E+00 0.0000E+00 0.0000E+00 0.0000E+00 0.0000E+00 0.0000E+00 0.0000E+00 0.0000E+00 0.0000E+00 5.6312E-13 4.1891E-12 8.0387E-12 1.1945E-11 1.5662E-11 1.9648E-11 2.3990E-11 2.8153E-11 3.2242E-11 3.6123E-11 4.0639E-11 4.3295E-11 4.7272E-11 5.0101E-11 5.3564E-11 5.6550E-11 5.9236E-11 6.1687E-11 6.4309E-11 6.6387E-11 6.8923E-11 7.0994E-11 7.2773E-11
0.0000E+00 0.0000E+00 0.0000E+00 0.0000E+00 0.0000E+00 0.0000E+00 0.0000E+00 0.0000E+00 0.0000E+00 0.0000E+00 0.0000E+00 0.0000E+00 0.0000E+00 0.0000E+00 0.0000E+00 0.0000E+00 0.0000E+00 0.0000E+00 0.0000E+00 0.0000E+00 0.0000E+00 0.0000E+00 0.0000E+00 0.0000E+00 0.0000E+00 0.0000E+00 0.0000E+00 0.0000E+00 0.0000E+00 0.0000E+00 0.0000E+00 0.0000E+00 0.0000E+00 0.0000E+00 0.0000E+00 0.0000E+00 1.1812E-12 4.9998E-12 8.5108E-12 1.1790E-11 1.5905E-11 1.8731E-11 2.2444E-11 2.5978E-11 2.9485E-11 3.2744E-11 3.6964E-11 3.9937E-11 4.2947E-11 4.6089E-11 4.8517E-11 5.1055E-11 5.3398E-11 5.5436E-11 5.7665E-11 5.9726E-11 6.1394E-11
0.0000E+00 0.0000E+00 0.0000E+00 0.0000E+00 0.0000E+00 0.0000E+00 0.0000E+00 0.0000E+00 0.0000E+00 0.0000E+00 0.0000E+00 0.0000E+00 0.0000E+00 0.0000E+00 0.0000E+00 0.0000E+00 0.0000E+00 0.0000E+00 0.0000E+00 0.0000E+00 0.0000E+00 0.0000E+00 0.0000E+00 0.0000E+00 0.0000E+00 0.0000E+00 0.0000E+00 0.0000E+00 0.0000E+00 0.0000E+00 0.0000E+00 0.0000E+00 0.0000E+00 0.0000E+00 0.0000E+00 0.0000E+00 0.0000E+00 5.6625E-13 2.8312E-12 5.3335E-12 8.3958E-12 1.1606E-11 1.4280E-11 1.8206E-11 2.0917E-11 2.3856E-11 2.6804E-11 2.9735E-11 3.3535E-11 3.6128E-11 3.8989E-11 4.0970E-11 4.3429E-11 4.5615E-11 4.7611E-11 4.9558E-11 5.1283E-11
0.0000E+00 0.0000E+00 0.0000E+00 0.0000E+00 0.0000E+00 0.0000E+00 0.0000E+00 0.0000E+00 0.0000E+00 0.0000E+00 0.0000E+00 0.0000E+00 0.0000E+00 0.0000E+00 0.0000E+00 0.0000E+00 0.0000E+00 0.0000E+00 0.0000E+00 0.0000E+00 0.0000E+00 0.0000E+00 0.0000E+00 0.0000E+00 0.0000E+00 0.0000E+00 0.0000E+00 0.0000E+00 0.0000E+00 0.0000E+00 0.0000E+00 0.0000E+00 0.0000E+00 0.0000E+00 0.0000E+00 0.0000E+00 0.0000E+00 0.0000E+00 0.0000E+00 1.1648E-12 2.8799E-12 5.7232E-12 8.0640E-12 1.0589E-11 1.3578E-11 1.6106E-11 1.8645E-11 2.1298E-11 2.4253E-11 2.6331E-11 2.9371E-11 3.1633E-11 3.4038E-11 3.6086E-11 3.8471E-11 4.0084E-11 4.2013E-11
0.0000E+00 0.0000E+00 0.0000E+00 0.0000E+00 0.0000E+00 0.0000E+00 0.0000E+00 0.0000E+00 0.0000E+00 0.0000E+00 0.0000E+00 0.0000E+00 0.0000E+00 0.0000E+00 0.0000E+00 0.0000E+00 0.0000E+00 0.0000E+00 0.0000E+00 0.0000E+00 0.0000E+00 0.0000E+00 0.0000E+00 0.0000E+00 0.0000E+00 0.0000E+00 0.0000E+00 0.0000E+00 0.0000E+00 0.0000E+00 0.0000E+00 0.0000E+00 0.0000E+00 0.0000E+00 0.0000E+00 0.0000E+00 0.0000E+00 0.0000E+00 0.0000E+00 0.0000E+00 0.0000E+00 1.3203E-12 2.9022E-12 5.7220E-12 7.5064E-12 9.8126E-12 1.1879E-11 1.4778E-11 1.6253E-11 1.8680E-11 2.1038E-11 2.2968E-11 2.5205E-11 2.7427E-11 2.9294E-11 3.1120E-11 3.2927E-11
0.0000E+00 0.0000E+00 0.0000E+00 0.0000E+00 0.0000E+00 0.0000E+00 0.0000E+00 0.0000E+00 0.0000E+00 0.0000E+00 0.0000E+00 0.0000E+00 0.0000E+00 0.0000E+00 0.0000E+00 0.0000E+00 0.0000E+00 0.0000E+00 0.0000E+00 0.0000E+00 0.0000E+00 0.0000E+00 0.0000E+00 0.0000E+00 0.0000E+00 0.0000E+00 0.0000E+00 0.0000E+00 0.0000E+00 0.0000E+00 0.0000E+00 0.0000E+00 0.0000E+00 0.0000E+00 0.0000E+00 0.0000E+00 0.0000E+00 0.0000E+00 0.0000E+00 0.0000E+00 0.0000E+00 0.0000E+00 5.6328E-13 1.3291E-12 2.7273E-12 4.7826E-12 6.6554E-12 8.4277E-12 9.9969E-12 1.2742E-11 1.4108E-11 1.6229E-11 1.8004E-11 1.9585E-11 2.1794E-11 2.3300E-11 2.4920E-11
