Assets/Resources/2015_m01_d26_0300(utc+0800)_l00_csi_1hr_conc.grd
DSAA
         159         159
     -79.000      79.000
     -79.000      79.000
  0.0000E+00  0.2647E-04
[rows 25 to 49 of 159, columns 0 to 56 of 159]
1.5156E-11 1.9159E-11 2.0441E-11 2.5099E-11 2.7390E-11 3.2001E-11 3.5437E-11 3.9957E-11 4.3944E-11 4.9060E-11 5.2866E-11 5.9408E-11 6.4748E-11 7.2213E-11 7.8634E-11 8.7728E-11 9.6014E-11 1.0618E-10 1.1700E-10 1.2762E-10 1.5753E-10 1.7599E-10 2.0174E-10 2.3858E-10 2.5993E-10 2.9364E-10 3.2758E-10 3.5558E-10 4.0397E-10 4.2981E-10 4.6148E-10 4.8817E-10 5.1111E-10 5.4487E-10 5.6986E-10 5.9562E-10 6.4108E-10 6.7856E-10 7.1456E-10 7.8311E-10 8.4541E-10 9.0739E-10 9.9810E-10 1.0700E-09 1.1309E-09 1.2164E-09 1.2880E-09 1.3518E-09 1.4438E-09 1.5133E-09 1.5851E-09 1.6490E-09 1.7138E-09 1.7798E-09 1.8467E-09 1.9146E-09 1.9833E-09
1.5186E-11 1.8046E-11 2.0977E-11 2.3583E-11 2.7861E-11 3.0323E-11 3.5177E-11 3.8115E-11 4.3590E-11 4.7053E-11 5.3197E-11 5.7238E-11 6.4217E-11 7.0866E-11 7.9723E-11 8.7371E-11 9.6279E-11 1.0487E-10 1.1596E-10 1.3923E-10 1.6385E-10 1.8218E-10 2.2254E-10 2.4296E-10 2.7068E-10 3.1051E-10 3.3752E-10 3.7497E-10 4.1333E-10 4.4640E-10 4.7272E-10 4.9531E-10 5.2867E-10 5.5333E-10 5.7879E-10 6.2385E-10 6.6100E-10 6.9672E-10 7.6469E-10 8.2661E-10 8.8828E-10 9.6705E-10 1.0394E-09 1.1116E-09 1.1974E-09 1.2695E-09 1.3339E-09 1.4269E-09 1.4974E-09 1.5703E-09 1.6351E-09 1.7012E-09 1.7685E-09 1.8370E-09 1.9065E-09 1.9770E-09 2.0484E-09
1.5314E-11 1.7460E-11 2.0918E-11 2.2878E-11 2.6866E-11 2.9477E-11 3.4062E-11 3.7123E-11 4.2354E-11 4.5914E-11 5.1841E-11 5.5951E-11 6.3704E-11 7.0399E-11 7.8337E-11 8.6908E-11 9.5941E-11 1.0654E-10 1.1571E-10 1.4718E-10 1.6456E-10 2.0446E-10 2.2797E-10 2.5405E-10 2.9617E-10 3.1913E-10 3.5680E-10 3.9886E-10 4.2478E-10 4.5734E-10 4.7955E-10 5.0745E-10 5.3676E-10 5.6188E-10 6.0648E-10 6.4324E-10 6.7242E-10 7.2332E-10 8.0726E-10 8.6850E-10 9.4687E-10 1.0190E-09 1.0912E-09 1.1768E-09 1.2493E-09 1.3142E-09 1.4080E-09 1.4792E-09 1.5529E-09 1.6187E-09 1.6859E-09 1.7545E-09 1.8243E-09 1.8955E-09 1.9677E-09 2.0410E-09 2.1152E-09
1.5280E-11 1.6351E-11 2.0257E-11 2.1640E-11 2.6082E-11 2.8451E-11 3.3134E-11 3.5977E-11 4.1277E-11 4.4645E-11 5.0614E-11 5.5428E-11 6.2320E-11 6.9878E-11 7.7860E-11 8.5524E-11 9.5510E-11 1.0522E-10 1.3243E-10 1.5214E-10 1.7448E-10 2.1166E-10 2.3447E-10 2.7915E-10 3.0172E-10 3.3734E-10 3.8032E-10 4.0990E-10 4.4195E-10 4.6378E-10 4.9125E-10 5.2012E-10 5.4487E-10 5.7555E-10 6.2528E-10 6.5414E-10 7.0458E-10 7.8079E-10 8.4160E-10 9.2592E-10 9.9777E-10 1.0697E-09 1.1548E-09 1.2275E-09 1.3001E-09 1.3871E-09 1.4590E-09 1.5334E-09 1.6001E-09 1.6683E-09 1.7380E-09 1.8091E-09 1.8816E-09 1.9554E-09 2.0304E-09 2.1065E-09 2.1835E-09
1.4216E-11 1.5783E-11 1.9062E-11 2.2078E-11 2.4755E-11 2.8230E-11 3.1378E-11 3.6307E-11 3.9347E-11 4.4920E-11 4.8508E-11 5.6527E-11 6.0996E-11 7.0209E-11 7.6471E-11 8.6934E-11 9.5158E-11 1.1748E-10 1.4273E-10 1.5897E-10 1.9773E-10 2.1600E-10 2.5894E-10 2.8606E-10 3.0984E-10 3.6456E-10 3.9112E-10 4.2668E-10 4.4809E-10 4.7028E-10 5.0350E-10 5.2787E-10 5.5813E-10 6.0719E-10 6.3571E-10 6.8560E-10 7.4966E-10 8.0323E-10 8.8078E-10 9.7563E-10 1.0472E-09 1.1315E-09 1.2042E-09 1.2774E-09 1.3642E-09 1.4366E-09 1.5118E-09 1.5791E-09 1.6481E-09 1.7188E-09 1.7910E-09 1.8648E-09 1.9400E-09 2.0166E-09 2.0944E-09 2.1734E-09 2.2741E-09
1.3696E-11 1.5687E-11 1.8417E-11 2.1361E-11 2.3979E-11 2.8008E-11 3.0469E-11 3.5093E-11 3.8281E-11 4.3575E-11 4.7282E-11 5.4308E-11 6.0475E-11 6.7830E-11 7.5925E-11 8.4501E-11 9.4444E-11 1.2076E-10 1.4167E-10 1.8154E-10 2.0466E-10 2.2847E-10 2.6832E-10 2.8923E-10 3.4526E-10 3.7136E-10 4.1038E-10 4.3242E-10 4.5418E-10 4.8684E-10 5.1079E-10 5.3558E-10 5.8032E-10 6.1707E-10 6.5247E-10 7.0678E-10 7.8223E-10 8.5893E-10 9.3404E-10 1.0096E-09 1.0819E-09 1.1799E-09 1.2457E-09 1.3395E-09 1.4122E-09 1.4881E-09 1.5559E-09 1.6257E-09 1.6972E-09 1.7704E-09 1.8453E-09 1.9217E-09 1.9997E-09 2.0791E-09 2.1599E-09 2.2627E-09 2.3474E-09
1.3172E-11 1.5599E-11 1.7227E-11 2.1171E-11 2.2649E-11 2.7147E-11 2.9613E-11 3.4095E-11 3.7030E-11 4.2416E-11 4.6698E-11 5.3882E-11 5.9914E-11 6.8323E-11 7.7315E-11 8.5804E-11 1.1125E-10 1.3255E-10 1.6462E-10 1.8697E-10 2.0785E-10 2.5291E-10 2.7427E-10 3.2454E-10 3.5419E-10 3.8044E-10 4.1422E-10 4.3791E-10 4.6528E-10 4.9376E-10 5.1813E-10 5.6218E-10 5.9836E-10 6.2704E-10 6.7779E-10 7.4966E-10 8.3091E-10 9.1072E-10 9.7433E-10 1.0572E-09 1.1540E-09 1.2196E-09 1.3130E-09 1.3860E-09 1.4622E-09 1.5306E-09 1.6009E-09 1.6730E-09 1.7470E-09 1.8228E-09 1.9004E-09 1.9796E-09 2.0604E-09 2.1427E-09 2.2474E-09 2.3341E-09 2.4220E-09
1.2149E-11 1.5340E-11 1.6602E-11 1.9889E-11 2.2437E-11 2.5721E-11 2.9290E-11 3.2522E-11 3.6616E-11 4.0390E-11 4.7667E-11 5.1651E-11 6.0128E-11 6.5915E-11 7.5532E-11 8.4529E-11 1.1237E-10 1.3138E-10 1.7097E-10 1.9408E-10 2.3624E-10 2.6171E-10 2.8714E-10 3.3499E-10 3.5897E-10 3.9612E-10 4.1839E-10 4.4745E-10 4.7644E-10 5.0063E-10 5.3060E-10 5.7948E-10 6.0773E-10 6.5773E-10 7.2164E-10 7.8181E-10 8.6316E-10 9.4955E-10 1.0316E-09 1.1193E-09 1.1844E-09 1.2591E-09 1.3582E-09 1.4342E-09 1.5032E-09 1.5738E-09 1.6465E-09 1.7211E-09 1.7977E-09 1.8762E-09 1.9565E-09 2.0385E-09 2.1223E-09 2.2285E-09 2.3170E-09 2.4070E-09 2.6303E-09
1.1652E-11 1.4365E-11 1.6319E-11 1.9181E-11 2.1629E-11 2.4869E-11 2.8362E-11 3.1523E-11 3.6201E-11 3.9241E-11 4.5520E-11 5.1118E-11 5.8764E-11 6.7056E-11 7.6325E-11 1.0062E-10 1.2255E-10 1.5820E-10 1.8238E-10 2.0474E-10 2.4255E-10 2.6288E-10 3.1431E-10 3.4226E-10 3.7883E-10 3.9984E-10 4.2288E-10 4.5177E-10 4.8264E-10 5.1263E-10 5.5198E-10 5.8839E-10 6.3755E-10 6.7793E-10 7.5277E-10 8.2988E-10 9.1244E-10 9.9594E-10 1.0908E-09 1.1554E-09 1.2306E-09 1.3207E-09 1.4042E-09 1.4738E-09 1.5446E-09 1.6176E-09 1.6927E-09 1.7699E-09 1.8491E-09 1.9303E-09 2.0134E-09 2.0983E-09 2.2057E-09 2.2959E-09 2.3877E-09 2.6135E-09 2.7196E-09
1.0647E-11 1.3788E-11 1.5762E-11 1.8186E-11 2.1370E-11 2.3442E-11 2.7983E-11 2.9940E-11 3.5104E-11 3.8877E-11 4.5094E-11 5.0489E-11 5.7980E-11 6.6507E-11 8.6165E-11 1.0266E-10 1.2513E-10 1.6096E-10 1.8322E-10 2.2594E-10 2.5039E-10 2.9876E-10 3.2794E-10 3.5681E-10 3.8283E-10 4.0409E-10 4.3183E-10 4.6165E-10 4.9275E-10 5.3292E-10 5.6892E-10 5.9722E-10 6.5689E-10 7.1225E-10 7.8793E-10 8.5593E-10 9.4373E-10 1.0375E-09 1.1260E-09 1.2004E-09 1.2891E-09 1.3644E-09 1.4425E-09 1.5134E-09 1.5865E-09 1.6619E-09 1.7394E-09 1.8192E-09 1.9011E-09 1.9850E-09 2.0710E-09 2.1793E-09 2.2709E-09 2.3643E-09 2.5486E-09 2.7002E-09 2.8108E-09
1.0992E-11 1.2695E-11 1.5578E-11 1.7221E-11 2.0645E-11 2.3136E-11 2.6452E-11 2.9530E-11 3.3412E-11 3.8327E-11 4.3219E-11 5.0624E-11 5.5833E-11 6.4460E-11 9.0276E-11 1.1062E-10 1.4841E-10 1.7172E-10 2.1147E-10 2.3703E-10 2.6261E-10 3.0792E-10 3.3154E-10 3.6735E-10 3.8729E-10 4.1322E-10 4.4159E-10 4.6673E-10 4.9827E-10 5.4014E-10 5.7723E-10 6.2682E-10 6.6750E-10 7.5507E-10 8.3064E-10 9.1656E-10 9.9911E-10 1.0874E-09 1.1608E-09 1.2297E-09 1.3311E-09 1.4095E-09 1.4802E-09 1.5533E-09 1.6288E-09 1.7066E-09 1.7867E-09 1.8690E-09 1.9536E-09 2.0404E-09 2.1292E-09 2.2421E-09 2.3369E-09 2.5221E-09 2.6754E-09 2.7884E-09 2.9980E-09
1.0368E-11 1.2149E-11 1.4838E-11 1.6387E-11 1.9728E-11 2.2211E-11 2.5520E-11 2.8492E-11 3.2316E-11 3.7879E-11 4.2780E-11 4.9541E-11 5.6918E-11 7.7349E-11 9.0738E-11 1.1548E-10 1.5049E-10 1.7290E-10 2.1473E-10 2.3993E-10 2.8930E-10 3.1714E-10 3.5009E-10 3.7148E-10 3.9172E-10 4.1756E-10 4.4639E-10 4.7667E-10 5.1780E-10 5.5552E-10 5.9098E-10 6.4566E-10 7.0787E-10 7.7761E-10 8.7039E-10 9.5142E-10 1.0306E-09 1.1209E-09 1.1971E-09 1.2965E-09 1.3741E-09 1.4452E-09 1.5181E-09 1.5935E-09 1.6713E-09 1.7516E-09 1.8342E-09 1.9193E-09 2.0066E-09 2.0962E-09 2.2095E-09 2.3055E-09 2.4255E-09 2.6453E-09 2.7604E-09 2.9723E-09 3.1506E-09
1.0266E-11 1.1076E-11 1.4208E-11 1.5753E-11 1.8801E-11 2.1860E-11 2.3991E-11 2.8562E-11 3.0616E-11 3.7424E-11 4.1589E-11 4.8955E-11 5.6460E-11 7.9696E-11 1.0008E-10 1.3608E-10 1.6052E-10 1.9928E-10 2.2665E-10 2.6411E-10 2.9726E-10 3.2176E-10 3.5585E-10 3.7555E-10 4.0074E-10 4.2780E-10 4.5564E-10 4.8692E-10 5.3144E-10 5.6212E-10 6.1410E-10 6.5552E-10 7.5240E-10 8.1962E-10 9.0616E-10 9.9988E-10 1.0875E-09 1.1627E-09 1.2522E-09 1.3289E-09 1.4086E-09 1.4811E-09 1.5562E-09 1.6339E-09 1.7141E-09 1.7968E-09 1.8821E-09 1.9698E-09 2.0599E-09 2.1734E-09 2.2702E-09 2.3909E-09 2.6101E-09 2.7269E-09 2.9401E-09 3.1208E-09 3.2594E-09
9.2516E-12 1.0566E-11 1.3042E-11 1.5509E-11 1.7618E-11 2.1175E-11 2.3079E-11 2.6923E-11 3.0728E-11 3.5581E-11 4.1633E-11 4.6899E-11 6.8637E-11 8.2018E-11 1.1808E-10 1.4062E-10 1.6181E-10 2.0443E-10 2.2824E-10 2.7859E-10 3.0539E-10 3.4069E-10 3.5958E-10 3.7951E-10 4.0545E-10 4.3213E-10 4.6134E-10 5.0004E-10 5.3769E-10 5.8258E-10 6.3176E-10 6.7776E-10 7.7478E-10 8.4125E-10 9.4016E-10 1.0202E-09 1.1189E-09 1.1892E-09 1.2909E-09 1.3703E-09 1.4423E-09 1.5170E-09 1.5943E-09 1.6743E-09 1.7569E-09 1.8422E-09 1.9300E-09 2.0205E-09 2.1134E-09 2.2312E-09 2.3311E-09 2.5698E-09 2.6880E-09 2.8326E-09 3.0838E-09 3.2252E-09 3.4452E-09
8.8029E-12 9.8885E-12 1.2448E-11 1.4688E-11 1.6865E-11 2.0037E-11 2.2205E-11 2.5907E-11 3.0200E-11 3.4355E-11 4.1107E-11 4.7939E-11 7.1676E-11 8.9020E-11 1.2689E-10 1.5020E-10 1.8914E-10 2.1508E-10 2.5764E-10 2.8937E-10 3.1892E-10 3.4380E-10 3.6318E-10 3.8843E-10 4.1465E-10 4.4263E-10 4.7114E-10 5.1444E-10 5.4357E-10 5.9551E-10 6.4030E-10 7.2748E-10 8.0617E-10 9.0915E-10 9.8750E-10 1.0761E-09 1.1525E-09 1.2512E-09 1.3297E-09 1.4021E-09 1.4761E-09 1.5529E-09 1.6325E-09 1.7148E-09 1.7998E-09 1.8876E-09 1.9781E-09 2.0713E-09 2.1887E-09 2.2892E-09 2.4817E-09 2.6439E-09 2.7893E-09 3.0401E-09 3.1836E-09 3.3561E-09 3.6436E-09
7.8194E-12 9.7568E-12 1.1308E-11 1.4416E-11 1.5559E-11 1.9038E-11 2.1628E-11 2.4274E-11 2.9594E-11 3.3263E-11 4.0492E-11 5.7739E-11 7.0479E-11 1.0639E-10 1.2898E-10 1.5636E-10 1.9331E-10 2.1741E-10 2.6649E-10 2.9373E-10 3.2826E-10 3.4707E-10 3.7160E-10 3.9207E-10 4.1931E-10 4.4692E-10 4.8513E-10 5.2016E-10 5.6341E-10 6.1156E-10 6.6015E-10 7.5862E-10 8.2567E-10 9.3480E-10 1.0054E-09 1.1049E-09 1.1759E-09 1.2789E-09 1.3597E-09 1.4330E-09 1.5091E-09 1.5881E-09 1.6700E-09 1.7547E-09 1.8422E-09 1.9326E-09 2.0258E-09 2.1425E-09 2.2433E-09 2.3686E-09 2.5947E-09 2.7182E-09 2.9896E-09 3.1348E-09 3.3090E-09 3.5976E-09 3.7707E-09
7.4130E-12 9.0509E-12 1.0754E-11 1.3179E-11 1.5255E-11 1.7777E-11 2.0858E-11 2.3284E-11 2.8497E-11 3.2657E-11 3.8474E-11 6.3565E-11 7.6776E-11 1.1602E-10 1.3727E-10 1.7853E-10 2.0126E-10 2.4579E-10 2.7783E-10 3.0628E-10 3.3133E-10 3.5012E-10 3.7475E-10 4.0121E-10 4.2807E-10 4.5744E-10 4.9024E-10 5.3146E-10 5.7602E-10 6.1800E-10 7.0516E-10 7.8634E-10 8.7844E-10 9.6882E-10 1.0647E-09 1.1348E-09 1.2345E-09 1.3142E-09 1.3874E-09 1.4627E-09 1.5409E-09 1.6221E-09 1.7063E-09 1.7934E-09 1.8835E-09 1.9766E-09 2.0725E-09 2.1933E-09 2.2972E-09 2.5404E-09 2.6645E-09 2.8870E-09 3.0790E-09 3.2543E-09 3.5428E-09 3.7187E-09 3.9265E-09
6.4663E-12 8.9020E-12 9.6486E-12 1.2538E-11 1.4355E-11 1.6811E-11 2.0091E-11 2.2361E-11 2.7364E-11 3.2715E-11 3.8699E-11 6.2528E-11 8.0714E-11 1.1651E-10 1.3952E-10 1.7855E-10 2.0441E-10 2.5381E-10 2.8107E-10 3.1551E-10 3.3363E-10 3.5779E-10 3.7822E-10 4.0452E-10 4.3270E-10 4.6971E-10 5.0471E-10 5.4607E-10 5.9180E-10 6.3991E-10 7.3255E-10 7.9548E-10 9.1173E-10 9.8230E-10 1.0819E-09 1.1533E-09 1.2570E-09 1.3386E-09 1.4130E-09 1.4903E-09 1.5707E-09 1.6542E-09 1.7407E-09 1.8304E-09 1.9231E-09 2.0189E-09 2.1387E-09 2.2428E-09 2.3720E-09 2.6049E-09 2.7563E-09 3.0160E-09 3.1683E-09 3.4789E-09 3.6571E-09 3.8672E-09 4.1719E-09
6.1059E-12 7.8686E-12 9.4720E-12 1.1336E-11 1.4027E-11 1.5581E-11 1.9022E-11 2.1688E-11 2.5754E-11 3.1953E-11 4.9381E-11 6.1285E-11 1.0020E-10 1.2298E-10 1.6176E-10 1.8589E-10 2.3190E-10 2.6139E-10 2.9152E-10 3.1731E-10 3.3582E-10 3.6021E-10 3.8569E-10 4.1308E-10 4.4096E-10 4.7422E-10 5.1481E-10 5.5820E-10 5.9823E-10 6.5966E-10 7.4600E-10 8.4870E-10 9.2929E-10 1.0352E-09 1.1058E-09 1.2058E-09 1.2864E-09 1.3604E-09 1.4366E-09 1.5161E-09 1.5987E-09 1.6844E-09 1.7735E-09 1.8657E-09 1.9612E-09 2.0598E-09 2.1836E-09 2.2909E-09 2.5397E-09 2.6685E-09 2.9460E-09 3.0991E-09 3.3330E-09 3.5861E-09 3.7721E-09 4.1035E-09 4.3161E-09
5.1996E-12 7.4318E-12 8.3920E-12 1.0742E-11 1.3099E-11 1.4657E-11 1.7684E-11 2.0928E-11 2.5153E-11 3.0679E-11 5.2559E-11 6.5860E-11 1.0573E-10 1.2795E-10 1.6626E-10 1.9151E-10 2.3334E-10 2.6709E-10 2.9389E-10 3.1872E-10 3.3730E-10 3.6190E-10 3.8809E-10 4.1508E-10 4.4457E-10 4.8637E-10 5.1909E-10 5.7261E-10 6.0963E-10 6.9473E-10 7.6185E-10 8.6501E-10 9.4867E-10 1.0478E-09 1.1191E-09 1.2227E-09 1.3048E-09 1.3797E-09 1.4578E-09 1.5393E-09 1.6240E-09 1.7122E-09 1.8036E-09 1.8985E-09 1.9967E-09 2.0983E-09 2.2263E-09 2.4036E-09 2.5971E-09 2.7538E-09 3.0220E-09 3.2054E-09 3.5055E-09 3.6932E-09 3.9704E-09 4.2390E-09 4.5431E-09
4.8885E-12 6.4411E-12 8.2198E-12 9.5835E-12 1.2261E-11 1.3839E-11 1.6500E-11 2.0067E-11 2.4070E-11 4.1460E-11 5.1747E-11 8.5334E-11 1.0409E-10 1.4334E-10 1.6614E-10 2.1309E-10 2.4015E-10 2.7088E-10 3.0102E-10 3.1881E-10 3.4279E-10 3.6293E-10 3.9418E-10 4.1697E-10 4.5386E-10 4.8861E-10 5.3044E-10 5.7572E-10 6.3600E-10 7.0789E-10 7.8899E-10 8.8069E-10 9.6944E-10 1.0642E-09 1.1632E-09 1.2443E-09 1.3192E-09 1.3960E-09 1.4762E-09 1.5598E-09 1.6468E-09 1.7374E-09 1.8315E-09 1.9292E-09 2.0304E-09 2.1569E-09 2.2675E-09 2.5200E-09 2.6534E-09 2.9380E-09 3.0974E-09 3.3664E-09 3.6049E-09 3.8275E-09 4.1501E-09 4.3758E-09 4.7057E-09
4.0255E-12 6.0564E-12 7.4554E-12 9.0420E-12 1.1159E-11 1.2949E-11 1.5361E-11 1.9723E-11 2.3476E-11 4.3538E-11 5.0665E-11 8.7153E-11 1.0816E-10 1.5023E-10 1.7305E-10 2.1701E-10 2.4915E-10 2.7598E-10 2.9967E-10 3.1819E-10 3.4237E-10 3.6756E-10 3.9458E-10 4.2247E-10 4.5492E-10 4.9495E-10 5.4698E-10 5.8405E-10 6.4841E-10 7.1679E-10 8.0261E-10 8.9032E-10 9.9694E-10 1.0722E-09 1.1737E-09 1.2558E-09 1.3309E-09 1.4096E-09 1.4917E-09 1.5775E-09 1.6669E-09 1.7600E-09 1.8567E-09 1.9573E-09 2.0615E-09 2.1910E-09 2.3270E-09 2.5684E-09 2.7299E-09 3.0046E-09 3.1951E-09 3.5060E-09 3.7029E-09 4.0490E-09 4.2771E-09 4.6041E-09 4.8692E-09
3.7665E-12 5.1122E-12 7.0078E-12 7.9317E-12 1.0373E-11 1.2130E-11 1.4227E-11 1.8439E-11 2.2405E-11 4.2107E-11 5.4455E-11 9.0577E-11 1.2496E-10 1.4945E-10 1.9089E-10 2.1651E-10 2.5176E-10 2.8019E-10 2.9823E-10 3.2136E-10 3.4125E-10 3.7164E-10 3.9366E-10 4.2237E-10 4.6240E-10 5.0333E-10 5.4705E-10 5.9355E-10 6.5028E-10 7.2748E-10 8.2280E-10 9.1479E-10 9.9827E-10 1.0818E-09 1.1791E-09 1.2629E-09 1.3397E-09 1.4202E-09 1.5044E-09 1.5924E-09 1.6842E-09 1.7799E-09 1.8795E-09 1.9830E-09 2.1093E-09 2.2231E-09 2.4740E-09 2.6120E-09 2.9015E-09 3.0674E-09 3.3953E-09 3.5930E-09 3.8815E-09 4.1642E-09 4.4856E-09 4.7533E-09 5.0336E-09
2.9492E-12 4.7832E-12 6.2495E-12 7.2929E-12 9.3238E-12 1.1443E-11 1.3142E-11 1.7551E-11 3.1798E-11 4.0742E-11 7.2167E-11 8.9077E-11 1.3034E-10 1.5138E-10 1.9334E-10 2.2434E-10 2.5267E-10 2.7766E-10 2.9508E-10 3.1909E-10 3.3861E-10 3.6945E-10 3.9683E-10 4.2751E-10 4.6647E-10 5.0207E-10 5.5185E-10 5.9926E-10 6.6397E-10 7.5776E-10 8.3105E-10 9.1368E-10 1.0049E-09 1.1052E-09 1.1912E-09 1.2674E-09 1.3460E-09 1.4284E-09 1.5146E-09 1.6049E-09 1.6991E-09 1.7975E-09 1.9000E-09 2.0066E-09 2.1358E-09 2.2532E-09 2.5060E-09 2.6713E-09 2.9503E-09 3.1471E-09 3.4664E-09 3.6985E-09 4.0319E-09 4.2724E-09 4.6188E-09 4.9001E-09 5.2878E-09
1.2000E-12 3.8886E-12 5.6917E-12 6.6525E-12 8.4389E-12 1.0471E-11 1.2290E-11 1.6467E-11 3.4559E-11 4.0427E-11 7.3626E-11 9.3085E-11 1.3099E-10 1.5302E-10 1.9497E-10 2.2532E-10 2.5112E-10 2.7376E-10 2.9204E-10 3.1540E-10 3.4504E-10 3.6655E-10 3.9390E-10 4.2530E-10 4.6378E-10 5.1294E-10 5.5839E-10 6.1171E-10 6.7184E-10 7.5573E-10 8.3442E-10 9.3066E-10 1.0038E-09 1.1051E-09 1.1900E-09 1.2693E-09 1.3495E-09 1.4337E-09 1.5219E-09 1.6144E-09 1.7111E-09 1.8122E-09 1.9177E-09 2.0275E-09 2.1596E-09 2.3380E-09 2.5352E-09 2.7756E-09 2.9914E-09 3.2748E-09 3.5304E-09 3.8290E-09 4.1236E-09 4.4604E-09 4.7426E-09 5.0405E-09 5.4564E-09
