Assets/Resources/2015_m01_d14_1700(utc+0800)_l00_csi_1hr_conc.grd
DSAA
         159         159
     -79.000      79.000
     -79.000      79.000
  0.0000E+00  0.1149E-04
[rows 50 to 74 of 159, columns 0 to 56 of 159]
3.7089E-10 4.0962E-10 4.5007E-10 4.9066E-10 5.3189E-10 5.8559E-10 6.4562E-10 7.1141E-10 7.8241E-10 8.6307E-10 9.4119E-10 1.0339E-09 1.1164E-09 1.2252E-09 1.3266E-09 1.4464E-09 1.5696E-09 1.7072E-09 1.8614E-09 2.0248E-09 2.2085E-09 2.4025E-09 2.6247E-09 2.8566E-09 3.1294E-09 3.4073E-09 3.7201E-09 4.0519E-09 4.4157E-09 4.8268E-09 5.2641E-09 5.7403E-09 6.2342E-09 6.7627E-09 7.3401E-09 7.9592E-09 8.6195E-09 9.3188E-09 1.0045E-08 1.0808E-08 1.1600E-08 1.2420E-08 1.3261E-08 1.4115E-08 1.4974E-08 1.5822E-08 1.6639E-08 1.7417E-08 1.8128E-08 1.8746E-08 1.9259E-08 1.9627E-08 1.9851E-08 1.9889E-08 1.9756E-08 1.9410E-08 1.8895E-08
3.2109E-10 3.5381E-10 3.9065E-10 4.2784E-10 4.6484E-10 5.0233E-10 5.4897E-10 6.0502E-10 6.7513E-10 7.4937E-10 8.1792E-10 9.0105E-10 9.7266E-10 1.0680E-09 1.1553E-09 1.2612E-09 1.3704E-09 1.4909E-09 1.6272E-09 1.7723E-09 1.9358E-09 2.1073E-09 2.3087E-09 2.5191E-09 2.7683E-09 3.0214E-09 3.3117E-09 3.6211E-09 3.9589E-09 4.3313E-09 4.7295E-09 5.1692E-09 5.6398E-09 6.1494E-09 6.7193E-09 7.3324E-09 7.9793E-09 8.6746E-09 9.3982E-09 1.0168E-08 1.0971E-08 1.1809E-08 1.2679E-08 1.3575E-08 1.4483E-08 1.5389E-08 1.6283E-08 1.7141E-08 1.7945E-08 1.8658E-08 1.9272E-08 1.9745E-08 2.0068E-08 2.0210E-08 2.0157E-08 1.9910E-08 1.9439E-08
2.7787E-10 3.0363E-10 3.3457E-10 3.6927E-10 4.0370E-10 4.3718E-10 4.7112E-10 5.1108E-10 5.7062E-10 6.3869E-10 7.0643E-10 7.8055E-10 8.4147E-10 9.2449E-10 1.0006E-09 1.0939E-09 1.1885E-09 1.2943E-09 1.4146E-09 1.5419E-09 1.6864E-09 1.8390E-09 2.0195E-09 2.2066E-09 2.4324E-09 2.6628E-09 2.9304E-09 3.2163E-09 3.5304E-09 3.8782E-09 4.2512E-09 4.6603E-09 5.0831E-09 5.5505E-09 6.0732E-09 6.6604E-09 7.3076E-09 8.0002E-09 8.7337E-09 9.5006E-09 1.0304E-08 1.1152E-08 1.2045E-08 1.2971E-08 1.3921E-08 1.4885E-08 1.5848E-08 1.6784E-08 1.7672E-08 1.8494E-08 1.9203E-08 1.9800E-08 2.0216E-08 2.0469E-08 2.0509E-08 2.0348E-08 1.9963E-08
2.3319E-10 2.5779E-10 2.8535E-10 3.1343E-10 3.4674E-10 3.7825E-10 4.0831E-10 4.3868E-10 4.7762E-10 5.3490E-10 5.9533E-10 6.6828E-10 7.2331E-10 7.9625E-10 8.6177E-10 9.4243E-10 1.0248E-09 1.1175E-09 1.2226E-09 1.3342E-09 1.4615E-09 1.5957E-09 1.7543E-09 1.9202E-09 2.1242E-09 2.3321E-09 2.5766E-09 2.8383E-09 3.1277E-09 3.4489E-09 3.7936E-09 4.1746E-09 4.5683E-09 5.0044E-09 5.4959E-09 6.0396E-09 6.6361E-09 7.2935E-09 8.0013E-09 8.7662E-09 9.5826E-09 1.0451E-08 1.1357E-08 1.2306E-08 1.3291E-08 1.4310E-08 1.5332E-08 1.6347E-08 1.7324E-08 1.8249E-08 1.9066E-08 1.9768E-08 2.0320E-08 2.0671E-08 2.0827E-08 2.0744E-08 2.0438E-08
1.8818E-10 2.1457E-10 2.3705E-10 2.6163E-10 2.9107E-10 3.2227E-10 3.5126E-10 3.7844E-10 4.1061E-10 4.4571E-10 4.9060E-10 5.5442E-10 6.1217E-10 6.8064E-10 7.3730E-10 8.0754E-10 8.7928E-10 9.5954E-10 1.0509E-09 1.1483E-09 1.2592E-09 1.3749E-09 1.5143E-09 1.6607E-09 1.8432E-09 2.0296E-09 2.2506E-09 2.4878E-09 2.7513E-09 3.0438E-09 3.3599E-09 3.7108E-09 4.0723E-09 4.4756E-09 4.9296E-09 5.4387E-09 6.0029E-09 6.6316E-09 7.3090E-09 8.0449E-09 8.8249E-09 9.6674E-09 1.0570E-08 1.1545E-08 1.2584E-08 1.3650E-08 1.4742E-08 1.5833E-08 1.6905E-08 1.7922E-08 1.8868E-08 1.9677E-08 2.0351E-08 2.0821E-08 2.1091E-08 2.1122E-08 2.0888E-08
1.1499E-10 1.5608E-10 1.8943E-10 2.1605E-10 2.3760E-10 2.6445E-10 2.9679E-10 3.2328E-10 3.5243E-10 3.8225E-10 4.1060E-10 4.5474E-10 5.0196E-10 5.6829E-10 6.2336E-10 6.8760E-10 7.4963E-10 8.1925E-10 8.9866E-10 9.8210E-10 1.0773E-09 1.1770E-09 1.2992E-09 1.4275E-09 1.5895E-09 1.7545E-09 1.9524E-09 2.1649E-09 2.4008E-09 2.6651E-09 2.9521E-09 3.2704E-09 3.5996E-09 3.9670E-09 4.3788E-09 4.8507E-09 5.3759E-09 5.9684E-09 6.6171E-09 7.3261E-09 8.0787E-09 8.9078E-09 9.8074E-09 1.0775E-08 1.1816E-08 1.2912E-08 1.4056E-08 1.5221E-08 1.6384E-08 1.7529E-08 1.8589E-08 1.9532E-08 2.0323E-08 2.0932E-08 2.1310E-08 2.1445E-08 2.1303E-08
6.3428E-11 8.9943E-11 1.2493E-10 1.5404E-10 1.7235E-10 1.9160E-10 2.1029E-10 2.4666E-10 2.8594E-10 3.2145E-10 3.4804E-10 3.8175E-10 4.1290E-10 4.6501E-10 5.1480E-10 5.7388E-10 6.2924E-10 6.9087E-10 7.5918E-10 8.2964E-10 9.1054E-10 9.9532E-10 1.0993E-09 1.2085E-09 1.3514E-09 1.4979E-09 1.6758E-09 1.8646E-09 2.0765E-09 2.3142E-09 2.5702E-09 2.8566E-09 3.1522E-09 3.4767E-09 3.8482E-09 4.2738E-09 4.7570E-09 5.3079E-09 5.9236E-09 6.5943E-09 7.3141E-09 8.1249E-09 9.0106E-09 9.9813E-09 1.1037E-08 1.2168E-08 1.3362E-08 1.4598E-08 1.5846E-08 1.7079E-08 1.8247E-08 1.9316E-08 2.0239E-08 2.0975E-08 2.1483E-08 2.1724E-08 2.1693E-08
3.6438E-11 5.1554E-11 6.8864E-11 9.8382E-11 1.3022E-10 1.5443E-10 1.7089E-10 1.8441E-10 2.0454E-10 2.3675E-10 2.7367E-10 3.0594E-10 3.2990E-10 3.6676E-10 4.0589E-10 4.5787E-10 5.1076E-10 5.6622E-10 6.2685E-10 6.8952E-10 7.6054E-10 8.3349E-10 9.2400E-10 1.0179E-09 1.1407E-09 1.2647E-09 1.4159E-09 1.5798E-09 1.7660E-09 1.9748E-09 2.2031E-09 2.4595E-09 2.7209E-09 3.0055E-09 3.3359E-09 3.7120E-09 4.1538E-09 4.6582E-09 5.2331E-09 5.8646E-09 6.5489E-09 7.3335E-09 8.1979E-09 9.1660E-09 1.0231E-08 1.1385E-08 1.2623E-08 1.3923E-08 1.5251E-08 1.6578E-08 1.7860E-08 1.9050E-08 2.0108E-08 2.0973E-08 2.1608E-08 2.1972E-08 2.2050E-08
1.2106E-11 2.3023E-11 3.8758E-11 5.3226E-11 7.3586E-11 1.0065E-10 1.2654E-10 1.4782E-10 1.6603E-10 1.8112E-10 1.9863E-10 2.2243E-10 2.5919E-10 3.0310E-10 3.3796E-10 3.7683E-10 4.1509E-10 4.6073E-10 5.1438E-10 5.7247E-10 6.3666E-10 7.0129E-10 7.7935E-10 8.5950E-10 9.6546E-10 1.0706E-09 1.2009E-09 1.3411E-09 1.4991E-09 1.6788E-09 1.8763E-09 2.0974E-09 2.3246E-09 2.5722E-09 2.8526E-09 3.1852E-09 3.5770E-09 4.0355E-09 4.5679E-09 5.1548E-09 5.7993E-09 6.5473E-09 7.3852E-09 8.3422E-09 9.4046E-09 1.0573E-08 1.1847E-08 1.3199E-08 1.4600E-08 1.6018E-08 1.7409E-08 1.8724E-08 1.9910E-08 2.0911E-08 2.1681E-08 2.2177E-08 2.2372E-08
1.6372E-12 5.9394E-12 1.1894E-11 2.1268E-11 3.4388E-11 5.4727E-11 7.3611E-11 9.7070E-11 1.1867E-10 1.3556E-10 1.5446E-10 1.7506E-10 1.9669E-10 2.1423E-10 2.4470E-10 2.8412E-10 3.2040E-10 3.6554E-10 4.1916E-10 4.6691E-10 5.2444E-10 5.8322E-10 6.5313E-10 7.2169E-10 8.1099E-10 8.9921E-10 1.0103E-09 1.1283E-09 1.2630E-09 1.4171E-09 1.5852E-09 1.7762E-09 1.9717E-09 2.1828E-09 2.4153E-09 2.7023E-09 3.0392E-09 3.4535E-09 3.9392E-09 4.4751E-09 5.0750E-09 5.7809E-09 6.5832E-09 7.5208E-09 8.5667E-09 9.7399E-09 1.1041E-08 1.2434E-08 1.3898E-08 1.5399E-08 1.6892E-08 1.8329E-08 1.9643E-08 2.0780E-08 2.1691E-08 2.2323E-08 2.2649E-08
0.0000E+00 0.0000E+00 0.0000E+00 1.6540E-12 7.4822E-12 1.4938E-11 2.9529E-11 4.8359E-11 7.0185E-11 9.0269E-11 1.0578E-10 1.2067E-10 1.3769E-10 1.6358E-10 1.8619E-10 2.0627E-10 2.3457E-10 2.7671E-10 3.1967E-10 3.5824E-10 4.0169E-10 4.4994E-10 5.1237E-10 5.7360E-10 6.5108E-10 7.2955E-10 8.2637E-10 9.2928E-10 1.0472E-09 1.1806E-09 1.3230E-09 1.4857E-09 1.6493E-09 1.8283E-09 2.0226E-09 2.2545E-09 2.5439E-09 2.9048E-09 3.3465E-09 3.8307E-09 4.3813E-09 5.0405E-09 5.8013E-09 6.7046E-09 7.7277E-09 8.8991E-09 1.0207E-08 1.1631E-08 1.3144E-08 1.4719E-08 1.6312E-08 1.7857E-08 1.9296E-08 2.0570E-08 2.1626E-08 2.2406E-08 2.2877E-08
0.0000E+00 0.0000E+00 0.0000E+00 0.0000E+00 0.0000E+00 0.0000E+00 1.6347E-12 7.5960E-12 2.1110E-11 3.6192E-11 6.1560E-11 7.8980E-11 9.3663E-11 1.0893E-10 1.2676E-10 1.4691E-10 1.6594E-10 1.8156E-10 2.1021E-10 2.6187E-10 3.1678E-10 3.5945E-10 4.0703E-10 4.5722E-10 5.2591E-10 5.8952E-10 6.6752E-10 7.5393E-10 8.5113E-10 9.6241E-10 1.0854E-09 1.2247E-09 1.3610E-09 1.5100E-09 1.6707E-09 1.8522E-09 2.0940E-09 2.3984E-09 2.7991E-09 3.2332E-09 3.7308E-09 4.3388E-09 5.0510E-09 5.9110E-09 6.8999E-09 8.0539E-09 9.3566E-09 1.0795E-08 1.2342E-08 1.3975E-08 1.5653E-08 1.7293E-08 1.8849E-08 2.0262E-08 2.1468E-08 2.2402E-08 2.3036E-08
0.0000E+00 0.0000E+00 0.0000E+00 0.0000E+00 0.0000E+00 0.0000E+00 0.0000E+00 0.0000E+00 0.0000E+00 1.2607E-13 2.1188E-12 1.8912E-11 4.1880E-11 5.8202E-11 7.6260E-11 9.5272E-11 1.1720E-10 1.3602E-10 1.5053E-10 1.6976E-10 1.9173E-10 2.3740E-10 2.9463E-10 3.4457E-10 3.9772E-10 4.4986E-10 5.1788E-10 5.9212E-10 6.7259E-10 7.7038E-10 8.7229E-10 9.8784E-10 1.1037E-09 1.2287E-09 1.3613E-09 1.5062E-09 1.6913E-09 1.9447E-09 2.2973E-09 2.6870E-09 3.1308E-09 3.6839E-09 4.3394E-09 5.1483E-09 6.0912E-09 7.2116E-09 8.4946E-09 9.9263E-09 1.1493E-08 1.3169E-08 1.4903E-08 1.6622E-08 1.8294E-08 1.9837E-08 2.1188E-08 2.2287E-08 2.3102E-08
0.0000E+00 0.0000E+00 0.0000E+00 0.0000E+00 0.0000E+00 0.0000E+00 0.0000E+00 0.0000E+00 0.0000E+00 0.0000E+00 0.0000E+00 0.0000E+00 1.4687E-12 5.2650E-12 1.0805E-11 1.6486E-11 3.4385E-11 7.2258E-11 9.8661E-11 1.1932E-10 1.4170E-10 1.5653E-10 1.7548E-10 2.1207E-10 2.7476E-10 3.3586E-10 3.9127E-10 4.4845E-10 5.1494E-10 5.9102E-10 6.7346E-10 7.6887E-10 8.6498E-10 9.7028E-10 1.0828E-09 1.2031E-09 1.3407E-09 1.5414E-09 1.8453E-09 2.1904E-09 2.5841E-09 3.0803E-09 3.6747E-09 4.4255E-09 5.3097E-09 6.3815E-09 7.6261E-09 9.0343E-09 1.0595E-08 1.2291E-08 1.4056E-08 1.5841E-08 1.7614E-08 1.9273E-08 2.0763E-08 2.2035E-08 2.3039E-08
0.0000E+00 0.0000E+00 0.0000E+00 0.0000E+00 0.0000E+00 0.0000E+00 0.0000E+00 0.0000E+00 0.0000E+00 0.0000E+00 0.0000E+00 0.0000E+00 0.0000E+00 0.0000E+00 3.5139E-13 2.5834E-12 6.2403E-12 1.1279E-11 1.8377E-11 3.4181E-11 5.4056E-11 7.3595E-11 9.0647E-11 1.0381E-10 1.3517E-10 1.7676E-10 2.4003E-10 3.1415E-10 3.7735E-10 4.4152E-10 5.1008E-10 5.8792E-10 6.6342E-10 7.4546E-10 8.3470E-10 9.3400E-10 1.0426E-09 1.1910E-09 1.4474E-09 1.7462E-09 2.0952E-09 2.5349E-09 3.0655E-09 3.7530E-09 4.5694E-09 5.5793E-09 6.7681E-09 8.1285E-09 9.6662E-09 1.1345E-08 1.3122E-08 1.4958E-08 1.6797E-08 1.8555E-08 2.0177E-08 2.1614E-08 2.2819E-08
0.0000E+00 0.0000E+00 0.0000E+00 0.0000E+00 0.0000E+00 0.0000E+00 0.0000E+00 0.0000E+00 0.0000E+00 0.0000E+00 0.0000E+00 0.0000E+00 0.0000E+00 0.0000E+00 0.0000E+00 0.0000E+00 0.0000E+00 4.6904E-13 2.4338E-12 7.0125E-12 1.5380E-11 2.6893E-11 4.7928E-11 6.7410E-11 9.0687E-11 1.0645E-10 1.2760E-10 1.6300E-10 2.1594E-10 2.8064E-10 3.4482E-10 4.1732E-10 4.8492E-10 5.5543E-10 6.3027E-10 7.0911E-10 7.9150E-10 8.8994E-10 1.0954E-09 1.3508E-09 1.6635E-09 2.0564E-09 2.5239E-09 3.1412E-09 3.8826E-09 4.8177E-09 5.9336E-09 7.2277E-09 8.7143E-09 1.0352E-08 1.2113E-08 1.3970E-08 1.5843E-08 1.7673E-08 1.9413E-08 2.0997E-08 2.2402E-08
0.0000E+00 0.0000E+00 0.0000E+00 0.0000E+00 0.0000E+00 0.0000E+00 0.0000E+00 0.0000E+00 0.0000E+00 0.0000E+00 0.0000E+00 0.0000E+00 0.0000E+00 0.0000E+00 0.0000E+00 0.0000E+00 0.0000E+00 0.0000E+00 0.0000E+00 0.0000E+00 1.4509E-12 6.5941E-12 1.4001E-11 2.0188E-11 2.6939E-11 5.3893E-11 8.1490E-11 1.0405E-10 1.2638E-10 1.6170E-10 2.0893E-10 2.6755E-10 3.1959E-10 3.7716E-10 4.3936E-10 5.0892E-10 5.8196E-10 6.5747E-10 8.1196E-10 1.0134E-09 1.2825E-09 1.6234E-09 2.0343E-09 2.5892E-09 3.2529E-09 4.1038E-09 5.1364E-09 6.3458E-09 7.7547E-09 9.3267E-09 1.1042E-08 1.2876E-08 1.4753E-08 1.6626E-08 1.8460E-08 2.0167E-08 2.1756E-08
0.0000E+00 0.0000E+00 0.0000E+00 0.0000E+00 0.0000E+00 0.0000E+00 0.0000E+00 0.0000E+00 0.0000E+00 0.0000E+00 0.0000E+00 0.0000E+00 0.0000E+00 0.0000E+00 0.0000E+00 0.0000E+00 0.0000E+00 0.0000E+00 0.0000E+00 0.0000E+00 0.0000E+00 4.4474E-13 3.4802E-12 9.4216E-12 1.4876E-11 1.8253E-11 2.0969E-11 2.4526E-11 5.5229E-11 9.4555E-11 1.2111E-10 1.5520E-10 1.9323E-10 2.3513E-10 2.7938E-10 3.3150E-10 3.8913E-10 4.5192E-10 5.6612E-10 7.3168E-10 9.5768E-10 1.2548E-09 1.6118E-09 2.0923E-09 2.6688E-09 3.4354E-09 4.3774E-09 5.4911E-09 6.7997E-09 8.2790E-09 9.9192E-09 1.1694E-08 1.3540E-08 1.5421E-08 1.7303E-08 1.9106E-08 2.0853E-08
0.0000E+00 0.0000E+00 0.0000E+00 0.0000E+00 0.0000E+00 0.0000E+00 0.0000E+00 0.0000E+00 0.0000E+00 0.0000E+00 0.0000E+00 0.0000E+00 0.0000E+00 0.0000E+00 0.0000E+00 0.0000E+00 0.0000E+00 0.0000E+00 0.0000E+00 0.0000E+00 0.0000E+00 0.0000E+00 0.0000E+00 1.3277E-12 5.6626E-12 1.1844E-11 1.6019E-11 1.8176E-11 2.0245E-11 2.2383E-11 2.4564E-11 5.5449E-11 1.1428E-10 1.3969E-10 1.6777E-10 1.9856E-10 2.3956E-10 2.8637E-10 3.7108E-10 4.9391E-10 6.7414E-10 9.2537E-10 1.2337E-09 1.6599E-09 2.1630E-09 2.8376E-09 3.6687E-09 4.6639E-09 5.8556E-09 7.2158E-09 8.7599E-09 1.0445E-08 1.2218E-08 1.4070E-08 1.5950E-08 1.7805E-08 1.9669E-08
0.0000E+00 0.0000E+00 0.0000E+00 0.0000E+00 0.0000E+00 0.0000E+00 0.0000E+00 0.0000E+00 0.0000E+00 0.0000E+00 0.0000E+00 0.0000E+00 0.0000E+00 0.0000E+00 0.0000E+00 0.0000E+00 0.0000E+00 0.0000E+00 0.0000E+00 0.0000E+00 0.0000E+00 0.0000E+00 0.0000E+00 0.0000E+00 0.0000E+00 1.9959E-12 6.9048E-12 1.2747E-11 1.6003E-11 1.7695E-11 1.9420E-11 2.1157E-11 2.2879E-11 2.4559E-11 4.9471E-11 1.2925E-10 1.5031E-10 1.7438E-10 2.3467E-10 3.1380E-10 4.5787E-10 6.6470E-10 9.2744E-10 1.2899E-09 1.7179E-09 2.3014E-09 3.0276E-09 3.9087E-09 4.9705E-09 6.1948E-09 7.5973E-09 9.1468E-09 1.0808E-08 1.2581E-08 1.4403E-08 1.6265E-08 1.8193E-08
0.0000E+00 0.0000E+00 0.0000E+00 0.0000E+00 0.0000E+00 0.0000E+00 0.0000E+00 0.0000E+00 0.0000E+00 0.0000E+00 0.0000E+00 0.0000E+00 0.0000E+00 0.0000E+00 0.0000E+00 0.0000E+00 0.0000E+00 0.0000E+00 0.0000E+00 0.0000E+00 0.0000E+00 0.0000E+00 0.0000E+00 0.0000E+00 0.0000E+00 0.0000E+00 0.0000E+00 1.8427E-12 6.4897E-12 1.1881E-11 1.5243E-11 1.6607E-11 1.7961E-11 1.9282E-11 2.0548E-11 2.1737E-11 2.2827E-11 3.9151E-11 1.4308E-10 1.9518E-10 2.8746E-10 4.4211E-10 6.5814E-10 9.7831E-10 1.3493E-09 1.8516E-09 2.4696E-09 3.2227E-09 4.1413E-09 5.2141E-09 6.4648E-09 7.8579E-09 9.3749E-09 1.1018E-08 1.2739E-08 1.4534E-08 1.6446E-08
0.0000E+00 0.0000E+00 0.0000E+00 0.0000E+00 0.0000E+00 0.0000E+00 0.0000E+00 0.0000E+00 0.0000E+00 0.0000E+00 0.0000E+00 0.0000E+00 0.0000E+00 0.0000E+00 0.0000E+00 0.0000E+00 0.0000E+00 0.0000E+00 0.0000E+00 0.0000E+00 0.0000E+00 0.0000E+00 0.0000E+00 0.0000E+00 0.0000E+00 0.0000E+00 0.0000E+00 0.0000E+00 0.0000E+00 6.3100E-13 4.3254E-12 8.7523E-12 1.3053E-11 1.4976E-11 1.6019E-11 1.6948E-11 1.7800E-11 1.8559E-11 4.4173E-11 7.0027E-11 1.3290E-10 2.8221E-10 4.4251E-10 6.9055E-10 9.9512E-10 1.4259E-09 1.9586E-09 2.6024E-09 3.3845E-09 4.3013E-09 5.3776E-09 6.5912E-09 7.9316E-09 9.4077E-09 1.0982E-08 1.2662E-08 1.4493E-08
0.0000E+00 0.0000E+00 0.0000E+00 0.0000E+00 0.0000E+00 0.0000E+00 0.0000E+00 0.0000E+00 0.0000E+00 0.0000E+00 0.0000E+00 0.0000E+00 0.0000E+00 0.0000E+00 0.0000E+00 0.0000E+00 0.0000E+00 0.0000E+00 0.0000E+00 0.0000E+00 0.0000E+00 0.0000E+00 0.0000E+00 0.0000E+00 0.0000E+00 0.0000E+00 0.0000E+00 0.0000E+00 0.0000E+00 0.0000E+00 0.0000E+00 0.0000E+00 1.1464E-12 3.9511E-12 7.2604E-12 1.0400E-11 1.2354E-11 1.3472E-11 3.6527E-11 5.9648E-11 9.7364E-11 1.6827E-10 2.7783E-10 4.7910E-10 7.3837E-10 1.0816E-09 1.5050E-09 2.0236E-09 2.6743E-09 3.4479E-09 4.3608E-09 5.3963E-09 6.5487E-09 7.8286E-09 9.2135E-09 1.0718E-08 1.2400E-08
0.0000E+00 0.0000E+00 0.0000E+00 0.0000E+00 0.0000E+00 0.0000E+00 0.0000E+00 0.0000E+00 0.0000E+00 0.0000E+00 0.0000E+00 0.0000E+00 0.0000E+00 0.0000E+00 0.0000E+00 0.0000E+00 0.0000E+00 0.0000E+00 0.0000E+00 0.0000E+00 0.0000E+00 0.0000E+00 0.0000E+00 0.0000E+00 0.0000E+00 0.0000E+00 0.0000E+00 0.0000E+00 0.0000E+00 0.0000E+00 0.0000E+00 0.0000E+00 0.0000E+00 0.0000E+00 0.0000E+00 4.9840E-13 1.6257E-12 3.2089E-12 2.4264E-11 4.5294E-11 7.8587E-11 1.3275E-10 2.1500E-10 3.6428E-10 5.4915E-10 8.2118E-10 1.1596E-09 1.5784E-09 2.0933E-09 2.7094E-09 3.4439E-09 4.2920E-09 5.2422E-09 6.3204E-09 7.5063E-09 8.8075E-09 1.0288E-08
0.0000E+00 0.0000E+00 0.0000E+00 0.0000E+00 0.0000E+00 0.0000E+00 0.0000E+00 0.0000E+00 0.0000E+00 0.0000E+00 0.0000E+00 0.0000E+00 0.0000E+00 0.0000E+00 0.0000E+00 0.0000E+00 0.0000E+00 0.0000E+00 0.0000E+00 0.0000E+00 0.0000E+00 0.0000E+00 0.0000E+00 0.0000E+00 0.0000E+00 0.0000E+00 0.0000E+00 0.0000E+00 0.0000E+00 0.0000E+00 0.0000E+00 0.0000E+00 0.0000E+00 0.0000E+00 0.0000E+00 0.0000E+00 0.0000E+00 0.0000E+00 1.6572E-11 3.3747E-11 6.1738E-11 1.0520E-10 1.6530E-10 2.8047E-10 4.2248E-10 6.3745E-10 9.0353E-10 1.2240E-09 1.6246E-09 2.1071E-09 2.6809E-09 3.3468E-09 4.1012E-09 4.9591E-09 5.9171E-09 6.9904E-09 8.2322E-09
