Assets/Resources/2015_m01_d10_0700(utc+0800)_l00_csi_1hr_conc.grd
DSAA
         159         159
     -79.000      79.000
     -79.000      79.000
  0.2001E-08  0.1877E-04
[rows 75 to 99 of 159, columns 57 to 113 of 159]
2.3313E-08 2.3847E-08 2.4384E-08 2.4960E-08 2.5627E-08 2.6454E-08 2.7489E-08 2.8507E-08 2.9694E-08 3.1236E-08 3.3257E-08 3.5599E-08 3.8263E-08 4.1730E-08 4.5436E-08 5.1325E-08 5.8084E-08 7.1637E-08 8.4880E-08 1.0409E-07 1.3074E-07 1.6589E-07 2.0374E-07 2.5538E-07 3.1534E-07 3.8201E-07 4.5301E-07 5.2543E-07 5.9779E-07 6.5852E-07 6.9780E-07 7.0992E-07 7.0068E-07 6.7407E-07 6.3596E-07 5.9129E-07 5.4456E-07 4.9850E-07 4.5472E-07 4.1430E-07 3.7782E-07 3.4574E-07 3.1733E-07 2.9070E-07 2.6647E-07 2.4214E-07 2.2272E-07 2.0329E-07 1.8731E-07 1.7252E-07 1.5786E-07 1.4540E-07 1.3411E-07 1.2390E-07 1.1369E-07 1.0422E-07 9.5454E-08
2.2953E-08 2.3491E-08 2.4093E-08 2.4862E-08 2.5567E-08 2.6415E-08 2.7527E-08 2.8864E-08 3.0127E-08 3.1662E-08 3.3630E-08 3.6304E-08 3.9527E-08 4.3050E-08 4.8018E-08 5.4044E-08 6.1282E-08 7.5841E-08 9.3047E-08 1.1635E-07 1.4294E-07 1.8026E-07 2.2482E-07 2.8529E-07 3.5014E-07 4.2677E-07 5.1801E-07 6.1861E-07 7.0916E-07 7.7358E-07 8.0721E-07 8.0922E-07 7.8550E-07 7.4565E-07 6.9599E-07 6.4098E-07 5.8532E-07 5.3152E-07 4.8112E-07 4.3511E-07 3.9387E-07 3.5717E-07 3.2471E-07 2.9611E-07 2.7131E-07 2.4910E-07 2.2564E-07 2.0723E-07 1.8853E-07 1.7343E-07 1.5807E-07 1.4535E-07 1.3353E-07 1.2271E-07 1.1267E-07 1.0337E-07 9.4862E-08
2.2744E-08 2.3283E-08 2.3882E-08 2.4688E-08 2.5647E-08 2.6569E-08 2.7769E-08 2.9146E-08 3.0729E-08 3.2464E-08 3.4379E-08 3.7115E-08 4.0401E-08 4.4381E-08 4.9549E-08 5.6622E-08 6.6397E-08 8.2658E-08 1.0076E-07 1.2591E-07 1.5752E-07 1.9534E-07 2.4590E-07 3.0503E-07 3.7885E-07 4.7796E-07 5.9346E-07 7.0824E-07 8.0201E-07 8.6040E-07 8.8111E-07 8.7046E-07 8.3673E-07 7.8783E-07 7.3057E-07 6.7000E-07 6.1024E-07 5.5233E-07 4.9781E-07 4.4825E-07 4.0400E-07 3.6481E-07 3.3033E-07 2.9997E-07 2.7317E-07 2.4942E-07 2.2483E-07 2.0636E-07 1.8722E-07 1.7207E-07 1.5626E-07 1.4369E-07 1.3200E-07 1.2114E-07 1.1111E-07 1.0179E-07 9.3182E-08
2.2592E-08 2.3239E-08 2.3856E-08 2.4591E-08 2.5516E-08 2.6646E-08 2.8001E-08 2.9472E-08 3.1185E-08 3.3243E-08 3.5275E-08 3.8038E-08 4.1565E-08 4.5800E-08 5.0920E-08 5.8357E-08 7.1523E-08 8.8288E-08 1.0873E-07 1.3475E-07 1.6730E-07 2.0518E-07 2.5761E-07 3.2337E-07 4.1265E-07 5.2641E-07 6.5008E-07 7.6353E-07 8.4789E-07 8.9443E-07 9.0545E-07 8.8838E-07 8.5116E-07 8.0057E-07 7.4210E-07 6.8017E-07 6.1813E-07 5.5840E-07 5.0257E-07 4.5191E-07 4.0673E-07 3.6644E-07 3.3097E-07 2.9982E-07 2.7240E-07 2.4815E-07 2.2257E-07 2.0378E-07 1.8381E-07 1.6883E-07 1.5503E-07 1.4051E-07 1.2901E-07 1.1834E-07 1.0855E-07 9.9439E-08 9.0999E-08
2.2426E-08 2.3123E-08 2.3867E-08 2.4681E-08 2.5576E-08 2.6726E-08 2.8115E-08 2.9494E-08 3.1298E-08 3.3558E-08 3.5858E-08 3.8525E-08 4.2465E-08 4.6926E-08 5.2422E-08 6.2556E-08 7.5770E-08 9.2326E-08 1.1350E-07 1.3963E-07 1.7154E-07 2.0858E-07 2.6721E-07 3.4910E-06 3.5938E-06 3.6468E-06 3.2732E-06 2.8554E-06 2.5690E-06 2.3177E-06 9.9276E-07 8.7122E-07 8.3513E-07 7.8654E-07 7.3081E-07 6.7152E-07 6.1145E-07 5.5301E-07 4.9800E-07 4.4759E-07 4.0233E-07 3.6214E-07 3.2670E-07 2.9557E-07 2.6804E-07 2.4362E-07 2.1806E-07 1.9946E-07 1.8266E-07 1.6466E-07 1.5115E-07 1.3657E-07 1.2538E-07 1.1500E-07 1.0549E-07 9.6640E-08 8.8453E-08
2.2247E-08 2.2961E-08 2.3778E-08 2.4660E-08 2.5552E-08 2.6710E-08 2.8076E-08 2.9552E-08 3.1123E-08 3.3124E-08 3.5412E-08 3.8763E-08 4.2569E-08 4.6929E-08 5.4055E-08 6.5756E-08 7.8529E-08 9.4908E-08 1.1593E-07 1.4125E-07 1.7138E-07 2.1625E-07 2.7456E-07 5.1276E-06 5.0171E-06 4.9537E-06 4.8554E-06 4.5793E-06 4.4979E-06 4.4322E-06 2.9409E-06 8.3266E-07 7.9768E-07 7.5361E-07 7.0231E-07 6.4749E-07 5.9161E-07 5.3665E-07 4.8430E-07 4.3588E-07 3.9215E-07 3.5316E-07 3.1862E-07 2.8803E-07 2.6104E-07 2.3716E-07 2.1201E-07 1.9367E-07 1.7729E-07 1.5965E-07 1.4651E-07 1.3200E-07 1.2119E-07 1.1118E-07 1.0201E-07 9.3491E-08 8.5596E-08
2.2024E-08 2.2658E-08 2.3413E-08 2.4314E-08 2.5335E-08 2.6373E-08 2.7726E-08 2.9226E-08 3.0860E-08 3.2648E-08 3.5083E-08 3.8662E-08 4.1959E-08 4.6260E-08 5.6159E-08 6.6511E-08 7.9398E-08 9.5561E-08 1.1558E-07 1.3970E-07 1.7085E-07 2.1781E-07 2.7880E-07 1.8768E-05 4.8962E-06 4.7694E-06 4.7452E-06 4.4423E-06 4.3721E-06 4.2997E-06 4.1743E-06 1.2006E-06 7.4643E-07 7.0858E-07 6.6296E-07 6.1335E-07 5.6240E-07 5.1198E-07 4.6350E-07 4.1825E-07 3.7712E-07 3.4019E-07 3.0718E-07 2.7788E-07 2.5193E-07 2.2882E-07 2.0440E-07 1.8679E-07 1.7103E-07 1.5378E-07 1.4102E-07 1.2698E-07 1.1660E-07 1.0701E-07 9.8233E-08 9.0061E-08 8.2489E-08
2.1699E-08 2.2350E-08 2.3020E-08 2.3854E-08 2.4794E-08 2.5855E-08 2.7066E-08 2.8466E-08 3.0158E-08 3.1882E-08 3.4940E-08 3.7663E-08 4.1020E-08 4.6926E-08 5.6065E-08 6.6038E-08 7.8735E-08 9.4299E-08 1.1322E-07 1.3567E-07 1.7156E-07 2.1654E-07 2.7542E-07 3.4661E-07 5.0957E-06 4.6912E-06 4.6037E-06 4.5209E-06 4.2311E-06 4.1747E-06 4.1094E-06 3.0439E-06 7.2905E-07 6.5520E-07 6.1622E-07 5.7238E-07 5.2662E-07 4.8112E-07 4.3727E-07 3.9632E-07 3.5847E-07 3.2407E-07 2.9313E-07 2.6555E-07 2.4105E-07 2.1915E-07 1.9575E-07 1.7893E-07 1.6387E-07 1.4727E-07 1.3510E-07 1.2155E-07 1.1167E-07 1.0257E-07 9.4208E-08 8.6424E-08 7.9222E-08
2.1272E-08 2.1915E-08 2.2580E-08 2.3302E-08 2.4160E-08 2.5225E-08 2.6349E-08 2.7539E-08 2.8985E-08 3.1368E-08 3.3868E-08 3.6512E-08 3.9919E-08 4.7714E-08 5.5266E-08 6.5088E-08 7.7256E-08 9.1916E-08 1.0945E-07 1.3418E-07 1.6801E-07 2.1112E-07 2.6498E-07 3.2730E-07 5.0450E-07 7.4768E-07 8.5316E-07 9.4603E-07 1.0339E-06 1.2405E-06 1.4277E-06 1.5463E-06 7.0818E-07 5.9633E-07 5.6430E-07 5.2688E-07 4.8681E-07 4.4707E-07 4.0827E-07 3.7131E-07 3.3691E-07 3.0558E-07 2.7728E-07 2.5179E-07 2.2888E-07 2.0821E-07 1.8614E-07 1.7037E-07 1.5616E-07 1.4026E-07 1.2882E-07 1.1587E-07 1.0652E-07 9.7919E-08 9.0010E-08 8.2654E-08 7.5873E-08
2.0777E-08 2.1377E-08 2.2018E-08 2.2683E-08 2.3429E-08 2.4334E-08 2.5432E-08 2.6523E-08 2.7882E-08 3.0484E-08 3.2600E-08 3.5135E-08 4.0502E-08 4.6796E-08 5.4201E-08 6.3519E-08 7.5072E-08 8.8635E-08 1.0462E-07 1.3113E-07 1.6225E-07 2.0186E-07 2.4932E-07 3.0231E-07 3.5742E-07 4.1090E-07 4.5940E-07 5.0029E-07 5.3177E-07 5.5290E-07 5.6331E-07 5.6322E-07 5.5340E-07 5.3493E-07 5.0934E-07 4.7924E-07 4.4602E-07 4.1137E-07 3.7695E-07 3.4422E-07 3.1388E-07 2.8584E-07 2.6011E-07 2.3676E-07 2.1557E-07 1.9656E-07 1.7599E-07 1.6136E-07 1.4792E-07 1.3300E-07 1.2232E-07 1.0999E-07 1.0118E-07 9.3142E-08 8.5754E-08 7.8858E-08 7.2456E-08
2.0159E-08 2.0790E-08 2.1344E-08 2.1987E-08 2.2685E-08 2.3509E-08 2.4385E-08 2.5450E-08 2.7569E-08 2.9292E-08 3.1344E-08 3.4063E-08 4.0100E-08 4.5700E-08 5.2883E-08 6.1555E-08 7.2126E-08 8.4696E-08 1.0227E-07 1.2587E-07 1.5454E-07 1.8968E-07 2.3035E-07 2.7464E-07 3.2001E-07 3.6386E-07 4.0380E-07 4.3796E-07 4.6490E-07 4.8365E-07 4.9373E-07 4.9518E-07 4.8845E-07 4.7490E-07 4.5563E-07 4.3146E-07 4.0377E-07 3.7442E-07 3.4522E-07 3.1683E-07 2.8996E-07 2.6499E-07 2.4213E-07 2.2113E-07 2.0184E-07 1.8435E-07 1.6545E-07 1.5194E-07 1.3639E-07 1.2555E-07 1.1564E-07 1.0395E-07 9.5801E-08 8.8379E-08 8.1448E-08 7.4983E-08 6.9048E-08
1.9569E-08 2.0123E-08 2.0718E-08 2.1259E-08 2.1898E-08 2.2640E-08 2.3403E-08 2.4670E-08 2.6555E-08 2.8142E-08 3.0109E-08 3.4493E-08 3.9114E-08 4.4488E-08 5.1186E-08 5.9335E-08 6.9028E-08 8.0331E-08 9.8965E-08 1.1966E-07 1.4528E-07 1.7568E-07 2.0993E-07 2.4653E-07 2.8365E-07 3.1947E-07 3.5231E-07 3.8070E-07 4.0347E-07 4.1981E-07 4.2923E-07 4.3197E-07 4.2871E-07 4.1902E-07 4.0369E-07 3.8408E-07 3.6218E-07 3.3839E-07 3.1361E-07 2.8904E-07 2.6588E-07 2.4425E-07 2.2400E-07 2.0503E-07 1.8764E-07 1.6826E-07 1.5481E-07 1.4235E-07 1.2795E-07 1.1798E-07 1.0886E-07 9.7965E-08 9.0441E-08 8.3568E-08 7.7182E-08 7.1240E-08 6.5703E-08
1.8929E-08 1.9485E-08 1.9975E-08 2.0570E-08 2.1148E-08 2.1767E-08 2.2513E-08 2.4217E-08 2.5479E-08 2.7063E-08 2.9180E-08 3.3995E-08 3.8067E-08 4.3185E-08 4.9373E-08 5.6795E-08 6.5480E-08 7.5582E-08 9.4055E-08 1.1268E-07 1.3509E-07 1.6095E-07 1.8946E-07 2.1948E-07 2.4977E-07 2.7894E-07 3.0577E-07 3.2917E-07 3.4824E-07 3.6233E-07 3.7181E-07 3.7564E-07 3.7381E-07 3.6655E-07 3.5527E-07 3.4040E-07 3.2263E-07 3.0293E-07 2.8261E-07 2.6229E-07 2.4248E-07 2.2357E-07 2.0552E-07 1.8888E-07 1.7353E-07 1.5622E-07 1.4403E-07 1.3270E-07 1.1952E-07 1.1057E-07 1.0213E-07 9.1973E-08 8.5178E-08 7.8925E-08 7.3029E-08 6.7502E-08 6.2371E-08
1.8376E-08 1.8784E-08 1.9343E-08 1.9799E-08 2.0440E-08 2.0973E-08 2.1890E-08 2.3318E-08 2.4527E-08 2.6026E-08 2.9043E-08 3.3073E-08 3.6966E-08 4.1645E-08 4.7438E-08 5.4288E-08 6.2087E-08 7.5046E-08 8.8725E-08 1.0528E-07 1.2457E-07 1.4632E-07 1.6992E-07 1.9448E-07 2.1906E-07 2.4271E-07 2.6452E-07 2.8368E-07 3.0000E-07 3.1260E-07 3.2092E-07 3.2464E-07 3.2431E-07 3.1989E-07 3.1142E-07 2.9957E-07 2.8548E-07 2.6998E-07 2.5345E-07 2.3643E-07 2.1953E-07 2.0305E-07 1.8759E-07 1.7309E-07 1.5596E-07 1.4427E-07 1.3334E-07 1.2322E-07 1.1133E-07 1.0313E-07 9.5451E-08 8.6257E-08 8.0129E-08 7.4358E-08 6.8925E-08 6.3900E-08 5.9204E-08
1.7832E-08 1.8215E-08 1.8662E-08 1.9141E-08 1.9599E-08 2.0237E-08 2.1565E-08 2.2454E-08 2.3646E-08 2.5230E-08 2.9056E-08 3.2140E-08 3.5803E-08 4.0171E-08 4.5444E-08 5.1520E-08 5.8490E-08 6.9442E-08 8.3235E-08 9.7745E-08 1.1421E-07 1.3242E-07 1.5184E-07 1.7184E-07 1.9175E-07 2.1086E-07 2.2867E-07 2.4466E-07 2.5820E-07 2.6874E-07 2.7616E-07 2.8037E-07 2.8096E-07 2.7786E-07 2.7154E-07 2.6288E-07 2.5206E-07 2.3952E-07 2.2588E-07 2.1170E-07 1.9754E-07 1.8366E-07 1.7036E-07 1.5779E-07 1.4292E-07 1.3268E-07 1.2303E-07 1.1115E-07 1.0330E-07 9.5993E-08 8.6718E-08 8.0722E-08 7.5161E-08 6.9951E-08 6.5038E-08 6.0409E-08 5.4751E-08
1.7315E-08 1.7698E-08 1.8027E-08 1.8470E-08 1.8926E-08 1.9649E-08 2.0815E-08 2.1713E-08 2.2769E-08 2.4793E-08 2.8283E-08 3.1166E-08 3.4637E-08 3.8697E-08 4.3497E-08 4.8961E-08 5.7028E-08 6.5372E-08 7.5104E-08 9.0251E-08 1.0434E-07 1.1950E-07 1.3545E-07 1.5173E-07 1.6779E-07 1.8327E-07 1.9779E-07 2.1082E-07 2.2199E-07 2.3119E-07 2.3788E-07 2.4168E-07 2.4254E-07 2.4100E-07 2.3680E-07 2.3015E-07 2.2152E-07 2.1140E-07 2.0043E-07 1.8884E-07 1.7698E-07 1.6532E-07 1.5401E-07 1.4000E-07 1.3054E-07 1.2157E-07 1.1305E-07 1.0264E-07 9.5720E-08 8.9137E-08 8.0709E-08 7.5459E-08 7.0490E-08 6.5743E-08 6.1237E-08 5.7016E-08 5.1835E-08
1.6856E-08 1.7099E-08 1.7479E-08 1.7787E-08 1.8246E-08 1.9284E-08 2.0106E-08 2.1004E-08 2.1958E-08 2.5197E-08 2.7481E-08 3.0209E-08 3.3479E-08 3.7161E-08 4.1399E-08 4.6301E-08 5.2829E-08 6.1426E-08 7.0046E-08 8.3113E-08 9.4989E-08 1.0768E-07 1.2076E-07 1.3384E-07 1.4685E-07 1.5942E-07 1.7118E-07 1.8194E-07 1.9139E-07 1.9905E-07 2.0462E-07 2.0834E-07 2.0989E-07 2.0907E-07 2.0593E-07 2.0078E-07 1.9409E-07 1.8617E-07 1.7731E-07 1.6776E-07 1.5796E-07 1.4829E-07 1.3543E-07 1.2698E-07 1.1881E-07 1.1107E-07 1.0104E-07 9.4597E-08 8.8433E-08 8.0129E-08 7.5180E-08 7.0492E-08 6.5974E-08 6.1675E-08 5.7604E-08 5.2437E-08 4.8977E-08
1.6439E-08 1.6662E-08 1.6930E-08 1.7255E-08 1.7545E-08 1.8690E-08 1.9368E-08 2.0263E-08 2.1859E-08 2.4092E-08 2.6704E-08 2.9297E-08 3.2267E-08 3.5682E-08 3.9514E-08 4.4572E-08 4.9793E-08 5.5717E-08 6.5055E-08 7.3359E-08 8.6393E-08 9.6739E-08 1.0733E-07 1.1817E-07 1.2875E-07 1.3892E-07 1.4859E-07 1.5742E-07 1.6510E-07 1.7158E-07 1.7667E-07 1.8002E-07 1.8149E-07 1.8104E-07 1.7881E-07 1.7501E-07 1.6984E-07 1.6356E-07 1.5638E-07 1.4866E-07 1.4065E-07 1.2930E-07 1.2204E-07 1.1491E-07 1.0801E-07 9.8443E-08 9.2586E-08 8.6961E-08 8.1626E-08 7.4302E-08 6.9946E-08 6.5729E-08 6.1685E-08 5.7803E-08 5.4100E-08 4.9377E-08 4.6203E-08
1.5983E-08 1.6212E-08 1.6422E-08 1.6711E-08 1.7543E-08 1.8079E-08 1.8788E-08 1.9480E-08 2.1852E-08 2.3405E-08 2.5938E-08 2.8347E-08 3.1081E-08 3.4235E-08 3.7651E-08 4.1446E-08 4.6966E-08 5.2223E-08 6.0406E-08 6.7467E-08 7.5056E-08 8.2835E-08 9.5631E-08 1.0431E-07 1.1296E-07 1.2136E-07 1.2923E-07 1.3647E-07 1.4297E-07 1.4847E-07 1.5271E-07 1.5554E-07 1.5691E-07 1.5687E-07 1.5534E-07 1.5246E-07 1.4843E-07 1.4342E-07 1.3770E-07 1.3146E-07 1.2184E-07 1.1588E-07 1.0989E-07 1.0392E-07 9.7984E-08 8.9818E-08 8.4819E-08 7.9961E-08 7.2844E-08 6.8862E-08 6.5008E-08 6.1244E-08 5.7596E-08 5.4087E-08 4.9463E-08 4.6420E-08 4.3543E-08
1.5658E-08 1.5791E-08 1.5988E-08 1.6183E-08 1.7091E-08 1.7528E-08 1.8154E-08 1.9465E-08 2.0817E-08 2.2718E-08 2.4486E-08 2.7392E-08 2.9908E-08 3.2777E-08 3.5894E-08 3.9237E-08 4.2857E-08 4.8789E-08 5.3781E-08 6.2151E-08 6.8543E-08 7.5069E-08 8.1578E-08 9.2243E-08 9.9330E-08 1.0613E-07 1.1263E-07 1.1871E-07 1.2409E-07 1.2860E-07 1.3211E-07 1.3461E-07 1.3592E-07 1.3602E-07 1.3493E-07 1.3271E-07 1.2958E-07 1.2568E-07 1.1770E-07 1.1340E-07 1.0879E-07 1.0389E-07 9.8888E-08 9.3758E-08 8.6394E-08 8.2013E-08 7.7668E-08 7.3400E-08 6.7293E-08 6.3804E-08 6.0356E-08 5.6981E-08 5.3704E-08 4.9222E-08 4.6347E-08 4.3592E-08 4.0973E-08
1.5337E-08 1.5453E-08 1.5569E-08 1.6225E-08 1.6578E-08 1.7117E-08 1.7604E-08 1.8946E-08 2.0251E-08 2.2037E-08 2.3696E-08 2.5530E-08 2.8797E-08 3.1334E-08 3.4155E-08 3.7176E-08 4.0372E-08 4.5658E-08 4.9924E-08 5.4504E-08 6.2443E-08 6.7881E-08 7.3285E-08 7.8781E-08 8.4042E-08 8.9195E-08 9.8483E-08 1.0342E-07 1.0778E-07 1.1154E-07 1.1451E-07 1.1660E-07 1.1776E-07 1.1797E-07 1.1726E-07 1.1567E-07 1.0986E-07 1.0734E-07 1.0435E-07 1.0094E-07 9.7094E-08 9.3003E-08 8.5898E-08 8.2344E-08 7.8581E-08 7.4797E-08 7.1061E-08 6.5249E-08 6.2146E-08 5.9043E-08 5.5971E-08 5.2956E-08 5.0021E-08 4.5980E-08 4.3376E-08 4.0893E-08 3.7360E-08
1.4973E-08 1.5127E-08 1.5240E-08 1.5860E-08 1.6169E-08 1.6578E-08 1.7146E-08 1.8325E-08 1.9694E-08 2.0866E-08 2.2883E-08 2.4606E-08 2.6532E-08 2.9969E-08 3.2472E-08 3.5165E-08 3.8019E-08 4.0984E-08 4.6476E-08 5.0298E-08 5.4340E-08 5.8325E-08 6.5927E-08 7.0386E-08 7.4828E-08 7.9170E-08 8.3270E-08 8.7085E-08 9.0539E-08 9.3518E-08 9.5947E-08 9.7757E-08 9.8924E-08 9.9417E-08 9.9212E-08 9.8337E-08 9.6929E-08 9.4993E-08 9.2566E-08 8.9704E-08 8.6564E-08 8.0598E-08 7.7740E-08 7.4631E-08 7.1451E-08 6.8237E-08 6.2789E-08 6.0083E-08 5.7340E-08 5.4590E-08 5.1861E-08 4.9173E-08 4.5320E-08 4.2902E-08 4.0572E-08 3.8331E-08 3.5133E-08
1.4667E-08 1.4798E-08 1.5319E-08 1.5563E-08 1.5828E-08 1.6163E-08 1.6961E-08 1.7883E-08 1.9091E-08 2.0205E-08 2.1435E-08 2.3719E-08 2.5445E-08 2.7338E-08 3.0881E-08 3.3300E-08 3.5791E-08 3.8369E-08 4.1016E-08 4.6520E-08 4.9838E-08 5.3177E-08 5.6521E-08 6.3012E-08 6.6741E-08 7.0330E-08 7.3769E-08 7.6989E-08 7.9875E-08 8.2366E-08 8.4407E-08 8.5954E-08 8.6958E-08 8.7401E-08 8.7319E-08 8.6730E-08 8.5608E-08 8.4022E-08 8.2068E-08 7.6975E-08 7.4987E-08 7.2760E-08 7.0294E-08 6.7695E-08 6.4964E-08 5.9988E-08 5.7676E-08 5.5295E-08 5.2877E-08 5.0441E-08 4.8016E-08 4.4389E-08 4.2173E-08 4.0019E-08 3.7931E-08 3.4825E-08 3.3000E-08
1.4367E-08 1.4459E-08 1.5027E-08 1.5257E-08 1.5521E-08 1.5845E-08 1.6576E-08 1.7175E-08 1.8160E-08 1.9570E-08 2.0696E-08 2.1951E-08 2.4406E-08 2.6111E-08 2.7918E-08 3.1457E-08 3.3658E-08 3.5903E-08 3.8231E-08 4.0568E-08 4.5606E-08 4.8505E-08 5.1315E-08 5.4200E-08 5.6975E-08 5.9644E-08 6.5544E-08 6.8200E-08 7.0579E-08 7.2642E-08 7.4335E-08 7.5619E-08 7.6488E-08 7.6957E-08 7.6974E-08 7.6545E-08 7.5715E-08 7.1749E-08 7.0631E-08 6.9228E-08 6.7580E-08 6.5693E-08 6.3595E-08 6.1331E-08 5.6927E-08 5.4992E-08 5.2962E-08 5.0868E-08 4.8735E-08 4.6587E-08 4.3210E-08 4.1210E-08 3.9244E-08 3.7318E-08 3.4335E-08 3.2633E-08 3.0989E-08
1.4024E-08 1.4157E-08 1.4743E-08 1.4967E-08 1.5211E-08 1.5636E-08 1.6224E-08 1.6712E-08 1.7347E-08 1.8424E-08 2.0010E-08 2.1156E-08 2.2383E-08 2.4930E-08 2.6613E-08 2.8280E-08 3.1608E-08 3.3617E-08 3.5625E-08 3.7663E-08 3.9715E-08 4.1774E-08 4.6709E-08 4.9132E-08 5.1492E-08 5.3819E-08 5.6006E-08 5.8014E-08 5.9834E-08 6.1435E-08 6.2792E-08 6.3912E-08 6.4738E-08 6.5254E-08 6.5457E-08 6.5395E-08 6.5039E-08 6.4395E-08 6.3467E-08 6.2312E-08 6.0893E-08 5.9261E-08 5.5133E-08 5.3679E-08 5.2095E-08 5.0404E-08 4.8629E-08 4.6796E-08 4.4917E-08 4.1815E-08 4.0028E-08 3.8261E-08 3.6505E-08 3.3670E-08 3.2093E-08 3.0577E-08 2.9103E-08
