Assets/Resources/2015_m01_d01_2200(utc+0800)_l00_csi_1hr_conc.grd
DSAA
         159         159
     -79.000      79.000
     -79.000      79.000
  0.0000E+00  0.9382E-05
[rows 50 to 74 of 159, columns 57 to 113 of 159]
0.0000E+00 0.0000E+00 0.0000E+00 0.0000E+00 0.0000E+00 0.0000E+00 0.0000E+00 0.0000E+00 0.0000E+00 0.0000E+00 0.0000E+00 0.0000E+00 0.0000E+00 0.0000E+00 0.0000E+00 0.0000E+00 0.0000E+00 0.0000E+00 0.0000E+00 0.0000E+00 0.0000E+00 0.0000E+00 0.0000E+00 0.0000E+00 0.0000E+00 0.0000E+00 0.0000E+00 0.0000E+00 3.4825E-13 1.3789E-12 3.9557E-12 9.3583E-12 1.7302E-11 2.7990E-11 3.9413E-11 5.1766E-11 6.5772E-11 8.0653E-11 9.7117E-11 1.1572E-10 1.3847E-10 1.6294E-10 1.9076E-10 2.2421E-10 2.6763E-10 3.2750E-10 3.8846E-10 4.6515E-10 5.4656E-10 6.2494E-10 6.9420E-10 7.6596E-10 8.3171E-10 9.3463E-10 1.0112E-09 1.1220E-09 1.2512E-09
0.0000E+00 0.0000E+00 0.0000E+00 0.0000E+00 0.0000E+00 0.0000E+00 0.0000E+00 0.0000E+00 0.0000E+00 0.0000E+00 0.0000E+00 0.0000E+00 0.0000E+00 0.0000E+00 0.0000E+00 0.0000E+00 0.0000E+00 0.0000E+00 0.0000E+00 0.0000E+00 0.0000E+00 0.0000E+00 0.0000E+00 0.0000E+00 0.0000E+00 0.0000E+00 0.0000E+00 4.6273E-13 1.9753E-12 5.1539E-12 1.1854E-11 2.1218E-11 3.2727E-11 4.5328E-11 6.0289E-11 7.6602E-11 9.4562E-11 1.1323E-10 1.3299E-10 1.5556E-10 1.8032E-10 2.1202E-10 2.6066E-10 3.2504E-10 4.1102E-10 5.0725E-10 5.9983E-10 6.9533E-10 7.9397E-10 8.8301E-10 9.7964E-10 1.0759E-09 1.1732E-09 1.2648E-09 1.3727E-09 1.5134E-09 1.6321E-09
0.0000E+00 0.0000E+00 0.0000E+00 0.0000E+00 0.0000E+00 0.0000E+00 0.0000E+00 0.0000E+00 0.0000E+00 0.0000E+00 0.0000E+00 0.0000E+00 0.0000E+00 0.0000E+00 0.0000E+00 0.0000E+00 0.0000E+00 0.0000E+00 0.0000E+00 0.0000E+00 0.0000E+00 0.0000E+00 0.0000E+00 0.0000E+00 0.0000E+00 0.0000E+00 5.3527E-13 2.4144E-12 6.6175E-12 1.3768E-11 2.4471E-11 3.6690E-11 5.1603E-11 6.8487E-11 8.7737E-11 1.0778E-10 1.2866E-10 1.4922E-10 1.7276E-10 2.0467E-10 2.5532E-10 3.2233E-10 4.1028E-10 5.0776E-10 6.1737E-10 7.3911E-10 8.5930E-10 9.7819E-10 1.0928E-09 1.2077E-09 1.3280E-09 1.4455E-09 1.5575E-09 1.6893E-09 1.8335E-09 1.9650E-09 2.1115E-09
0.0000E+00 0.0000E+00 0.0000E+00 0.0000E+00 0.0000E+00 0.0000E+00 0.0000E+00 0.0000E+00 0.0000E+00 0.0000E+00 0.0000E+00 0.0000E+00 0.0000E+00 0.0000E+00 0.0000E+00 0.0000E+00 0.0000E+00 0.0000E+00 0.0000E+00 0.0000E+00 0.0000E+00 0.0000E+00 0.0000E+00 0.0000E+00 0.0000E+00 5.6295E-13 2.6779E-12 7.6316E-12 1.5608E-11 2.6665E-11 4.0585E-11 5.6894E-11 7.6367E-11 9.7537E-11 1.2019E-10 1.4440E-10 1.6981E-10 1.9824E-10 2.4278E-10 3.0820E-10 4.0073E-10 5.1056E-10 6.2809E-10 7.5212E-10 8.8539E-10 1.0286E-09 1.1693E-09 1.3205E-09 1.4645E-09 1.6066E-09 1.7430E-09 1.8770E-09 2.0251E-09 2.1843E-09 2.3514E-09 2.5195E-09 2.6967E-09
0.0000E+00 0.0000E+00 0.0000E+00 0.0000E+00 0.0000E+00 0.0000E+00 0.0000E+00 0.0000E+00 0.0000E+00 0.0000E+00 0.0000E+00 0.0000E+00 0.0000E+00 0.0000E+00 0.0000E+00 0.0000E+00 0.0000E+00 0.0000E+00 0.0000E+00 0.0000E+00 0.0000E+00 0.0000E+00 0.0000E+00 0.0000E+00 5.4459E-13 2.7547E-12 8.1510E-12 1.6729E-11 2.8121E-11 4.3378E-11 6.1767E-11 8.2801E-11 1.0626E-10 1.3244E-10 1.6023E-10 1.8957E-10 2.3052E-10 2.8931E-10 3.7669E-10 4.8902E-10 6.1773E-10 7.5868E-10 9.0870E-10 1.0660E-09 1.2261E-09 1.3939E-09 1.5659E-09 1.7450E-09 1.9169E-09 2.0893E-09 2.2510E-09 2.4101E-09 2.5781E-09 2.7545E-09 2.9331E-09 3.1128E-09 3.3017E-09
0.0000E+00 0.0000E+00 0.0000E+00 0.0000E+00 0.0000E+00 0.0000E+00 0.0000E+00 0.0000E+00 0.0000E+00 0.0000E+00 0.0000E+00 0.0000E+00 0.0000E+00 0.0000E+00 0.0000E+00 0.0000E+00 0.0000E+00 0.0000E+00 0.0000E+00 0.0000E+00 0.0000E+00 0.0000E+00 0.0000E+00 4.8097E-13 2.6411E-12 8.1514E-12 1.7131E-11 2.9080E-11 4.5043E-11 6.5195E-11 8.7693E-11 1.1465E-10 1.4593E-10 1.8102E-10 2.2205E-10 2.7842E-10 3.5492E-10 4.6323E-10 5.9830E-10 7.4218E-10 9.0368E-10 1.0755E-09 1.2603E-09 1.4516E-09 1.6501E-09 1.8513E-09 2.0600E-09 2.2705E-09 2.4668E-09 2.6506E-09 2.8293E-09 3.0010E-09 3.1821E-09 3.3783E-09 3.5807E-09 3.7956E-09 4.0154E-09
0.0000E+00 0.0000E+00 0.0000E+00 0.0000E+00 0.0000E+00 0.0000E+00 0.0000E+00 0.0000E+00 0.0000E+00 0.0000E+00 0.0000E+00 0.0000E+00 0.0000E+00 0.0000E+00 0.0000E+00 0.0000E+00 0.0000E+00 0.0000E+00 0.0000E+00 0.0000E+00 0.0000E+00 0.0000E+00 3.7465E-13 2.3420E-12 7.6572E-12 1.6766E-11 2.9234E-11 4.5656E-11 6.6865E-11 9.5700E-11 1.4190E-10 1.9714E-10 2.6332E-10 3.3689E-10 4.2501E-10 5.4623E-10 6.7862E-10 8.1990E-10 9.7010E-10 1.1398E-09 1.3274E-09 1.5328E-09 1.7522E-09 1.9715E-09 2.2010E-09 2.4360E-09 2.6636E-09 2.8801E-09 3.0825E-09 3.2792E-09 3.4771E-09 3.6827E-09 3.8946E-09 4.1268E-09 4.3655E-09 4.6037E-09 4.8362E-09
0.0000E+00 0.0000E+00 0.0000E+00 0.0000E+00 0.0000E+00 0.0000E+00 0.0000E+00 0.0000E+00 0.0000E+00 0.0000E+00 0.0000E+00 0.0000E+00 0.0000E+00 0.0000E+00 0.0000E+00 0.0000E+00 0.0000E+00 0.0000E+00 0.0000E+00 0.0000E+00 0.0000E+00 2.2993E-13 1.8698E-12 6.7488E-12 1.5686E-11 2.8358E-11 4.7628E-11 8.2238E-11 1.3657E-10 2.0881E-10 2.9680E-10 3.9036E-10 4.8796E-10 6.0554E-10 7.5864E-10 9.2370E-10 1.1052E-09 1.3108E-09 1.5216E-09 1.7417E-09 1.9775E-09 2.2082E-09 2.4661E-09 2.7254E-09 2.9900E-09 3.2388E-09 3.4668E-09 3.6730E-09 3.8633E-09 4.0673E-09 4.2593E-09 4.4910E-09 4.7514E-09 5.0196E-09 5.2773E-09 5.5466E-09 5.8199E-09
0.0000E+00 0.0000E+00 0.0000E+00 0.0000E+00 0.0000E+00 0.0000E+00 0.0000E+00 0.0000E+00 0.0000E+00 0.0000E+00 0.0000E+00 0.0000E+00 0.0000E+00 0.0000E+00 0.0000E+00 0.0000E+00 0.0000E+00 0.0000E+00 0.0000E+00 0.0000E+00 5.2584E-14 1.2441E-12 5.4711E-12 1.3924E-11 3.0124E-11 6.2057E-11 1.1677E-10 1.9606E-10 2.9442E-10 3.9925E-10 5.0985E-10 6.3004E-10 7.7326E-10 9.5368E-10 1.1566E-09 1.3734E-09 1.6096E-09 1.8645E-09 2.1297E-09 2.4146E-09 2.7043E-09 3.0075E-09 3.3093E-09 3.5937E-09 3.8657E-09 4.1317E-09 4.3981E-09 4.6585E-09 4.9043E-09 5.1228E-09 5.3084E-09 5.5542E-09 5.7909E-09 6.0542E-09 6.3571E-09 6.6650E-09 6.9442E-09
0.0000E+00 0.0000E+00 0.0000E+00 0.0000E+00 0.0000E+00 0.0000E+00 0.0000E+00 0.0000E+00 0.0000E+00 0.0000E+00 0.0000E+00 0.0000E+00 0.0000E+00 0.0000E+00 0.0000E+00 0.0000E+00 0.0000E+00 0.0000E+00 0.0000E+00 0.0000E+00 5.8313E-13 3.8638E-12 1.2009E-11 3.6500E-11 8.4341E-11 1.5970E-10 2.5719E-10 3.7113E-10 4.9345E-10 6.2399E-10 7.6731E-10 9.3654E-10 1.1475E-09 1.3871E-09 1.6419E-09 1.9179E-09 2.2157E-09 2.5197E-09 2.8384E-09 3.1801E-09 3.5268E-09 3.8766E-09 4.2105E-09 4.5301E-09 4.8430E-09 5.1556E-09 5.4618E-09 5.7599E-09 6.0405E-09 6.3247E-09 6.6195E-09 6.8970E-09 7.1244E-09 7.4040E-09 7.6704E-09 7.9450E-09 8.2447E-09
0.0000E+00 0.0000E+00 0.0000E+00 0.0000E+00 0.0000E+00 0.0000E+00 0.0000E+00 0.0000E+00 0.0000E+00 0.0000E+00 0.0000E+00 0.0000E+00 0.0000E+00 0.0000E+00 0.0000E+00 0.0000E+00 0.0000E+00 0.0000E+00 0.0000E+00 2.6849E-13 2.3546E-12 1.4893E-11 4.6342E-11 1.0711E-10 1.9653E-10 3.0827E-10 4.3698E-10 5.7832E-10 7.3094E-10 8.9761E-10 1.0936E-09 1.3392E-09 1.6189E-09 1.9121E-09 2.2263E-09 2.5637E-09 2.9121E-09 3.2723E-09 3.6619E-09 4.0566E-09 4.4543E-09 4.8430E-09 5.2159E-09 5.5824E-09 5.9455E-09 6.3039E-09 6.6537E-09 6.9925E-09 7.3177E-09 7.6330E-09 7.9750E-09 8.3129E-09 8.6613E-09 8.9627E-09 9.2482E-09 9.5170E-09 9.7788E-09
0.0000E+00 0.0000E+00 0.0000E+00 0.0000E+00 0.0000E+00 0.0000E+00 0.0000E+00 0.0000E+00 0.0000E+00 0.0000E+00 0.0000E+00 0.0000E+00 0.0000E+00 0.0000E+00 0.0000E+00 0.0000E+00 0.0000E+00 0.0000E+00 0.0000E+00 1.2513E-12 1.6514E-11 5.6215E-11 1.2622E-10 2.2512E-10 3.4796E-10 4.9128E-10 6.5137E-10 8.2710E-10 1.0179E-09 1.2441E-09 1.5252E-09 1.8401E-09 2.1762E-09 2.5281E-09 2.9111E-09 3.3116E-09 3.9247E-09 4.3775E-09 4.8439E-09 5.2968E-09 5.7424E-09 5.9860E-09 6.4169E-09 6.8405E-09 7.2573E-09 7.6653E-09 8.0627E-09 8.4447E-09 8.8168E-09 9.1814E-09 9.5550E-09 9.9298E-09 1.0311E-08 1.0672E-08 1.1011E-08 1.1302E-08 1.1570E-08
0.0000E+00 0.0000E+00 0.0000E+00 0.0000E+00 0.0000E+00 0.0000E+00 0.0000E+00 0.0000E+00 0.0000E+00 0.0000E+00 0.0000E+00 0.0000E+00 0.0000E+00 0.0000E+00 0.0000E+00 0.0000E+00 0.0000E+00 0.0000E+00 3.9472E-13 1.6165E-11 6.0979E-11 1.3649E-10 2.4222E-10 3.7573E-10 5.3156E-10 7.0949E-10 9.0818E-10 1.1268E-09 1.3808E-09 1.6882E-09 2.0399E-09 2.6087E-09 3.0392E-09 3.5016E-09 4.1367E-09 4.6548E-09 5.2009E-09 5.7560E-09 6.2949E-09 6.9377E-09 7.4453E-09 7.8168E-09 8.2896E-09 8.7466E-09 9.0279E-09 9.2689E-09 9.7157E-09 1.0137E-08 1.0554E-08 1.0976E-08 1.1392E-08 1.1802E-08 1.2200E-08 1.2579E-08 1.2944E-08 1.3277E-08 1.3516E-08
0.0000E+00 0.0000E+00 0.0000E+00 0.0000E+00 0.0000E+00 0.0000E+00 0.0000E+00 0.0000E+00 0.0000E+00 0.0000E+00 0.0000E+00 0.0000E+00 0.0000E+00 0.0000E+00 0.0000E+00 0.0000E+00 0.0000E+00 3.3065E-14 1.4810E-11 6.0099E-11 1.3779E-10 2.4779E-10 3.8831E-10 5.5628E-10 7.4989E-10 9.6954E-10 1.2157E-09 1.4931E-09 1.8238E-09 2.4130E-09 2.8801E-09 3.5437E-09 4.1088E-09 4.8122E-09 5.4394E-09 6.0964E-09 6.7713E-09 7.5238E-09 8.1711E-09 8.7889E-09 9.3791E-09 9.9365E-09 1.0467E-08 1.0970E-08 1.1445E-08 1.1893E-08 1.2217E-08 1.2855E-08 1.3110E-08 1.3477E-08 1.3673E-08 1.3932E-08 1.4350E-08 1.4740E-08 1.5097E-08 1.5410E-08 1.5678E-08
0.0000E+00 0.0000E+00 0.0000E+00 0.0000E+00 0.0000E+00 0.0000E+00 0.0000E+00 0.0000E+00 0.0000E+00 0.0000E+00 0.0000E+00 0.0000E+00 0.0000E+00 0.0000E+00 0.0000E+00 0.0000E+00 0.0000E+00 1.2137E-11 5.3949E-11 1.3102E-10 2.4169E-10 3.8590E-10 5.6239E-10 7.6968E-10 1.0079E-09 1.2770E-09 1.5758E-09 2.1256E-09 2.5942E-09 3.2919E-09 3.9065E-09 4.6865E-09 5.4038E-09 6.2542E-09 7.0532E-09 7.8730E-09 8.7609E-09 9.5605E-09 1.0331E-08 1.1059E-08 1.1741E-08 1.2373E-08 1.2965E-08 1.3518E-08 1.4031E-08 1.4503E-08 1.5748E-08 1.6290E-08 1.6489E-08 1.6515E-08 1.6663E-08 1.6852E-08 1.7174E-08 1.7386E-08 1.7498E-08 1.7778E-08 1.7997E-08
0.0000E+00 0.0000E+00 0.0000E+00 0.0000E+00 0.0000E+00 0.0000E+00 0.0000E+00 0.0000E+00 0.0000E+00 0.0000E+00 0.0000E+00 0.0000E+00 0.0000E+00 0.0000E+00 0.0000E+00 0.0000E+00 8.4625E-12 4.3374E-11 1.1610E-10 2.2495E-10 3.6921E-10 5.4982E-10 7.6702E-10 1.0196E-09 1.3076E-09 1.8088E-09 2.2293E-09 2.8933E-09 3.5188E-09 4.3406E-09 5.1251E-09 6.0724E-09 6.9863E-09 8.0335E-09 9.0267E-09 1.0323E-08 1.1323E-08 1.2286E-08 1.3195E-08 1.4031E-08 1.4500E-08 1.5209E-08 1.5859E-08 1.6458E-08 1.7002E-08 1.9067E-08 1.9481E-08 1.9566E-08 1.9662E-08 1.9827E-08 2.0021E-08 2.0230E-08 2.0263E-08 2.0493E-08 2.0602E-08 2.0663E-08 2.0520E-08
0.0000E+00 0.0000E+00 0.0000E+00 0.0000E+00 0.0000E+00 0.0000E+00 0.0000E+00 0.0000E+00 0.0000E+00 0.0000E+00 0.0000E+00 0.0000E+00 0.0000E+00 0.0000E+00 0.0000E+00 3.6910E-12 2.9258E-11 9.4587E-11 1.9921E-10 3.3961E-10 5.2041E-10 7.4146E-10 1.0032E-09 1.3051E-09 1.8397E-09 2.2832E-09 2.9911E-09 3.7923E-09 4.6016E-09 5.5968E-09 6.5974E-09 8.0617E-09 9.2812E-09 1.0533E-08 1.2027E-08 1.3301E-08 1.4537E-08 1.5710E-08 1.6963E-08 1.7927E-08 1.8760E-08 1.9302E-08 1.9926E-08 2.0075E-08 2.3169E-08 2.3418E-08 2.3342E-08 2.3274E-08 2.3298E-08 2.3373E-08 2.3484E-08 2.3623E-08 2.3749E-08 2.3859E-08 2.3927E-08 2.3877E-08 2.3812E-08
0.0000E+00 0.0000E+00 0.0000E+00 0.0000E+00 0.0000E+00 0.0000E+00 0.0000E+00 0.0000E+00 0.0000E+00 0.0000E+00 0.0000E+00 0.0000E+00 0.0000E+00 0.0000E+00 0.0000E+00 1.7078E-11 7.2535E-11 1.6659E-10 2.9883E-10 4.7440E-10 6.9367E-10 9.5939E-10 1.2694E-09 1.8245E-09 2.4345E-09 3.0331E-09 3.8920E-09 4.8722E-09 5.8953E-09 7.4247E-09 8.7665E-09 1.0446E-08 1.2017E-08 1.3795E-08 1.5428E-08 1.7031E-08 1.8709E-08 2.0156E-08 2.1447E-08 2.2557E-08 2.3473E-08 2.4214E-08 2.6176E-08 3.0197E-08 2.9914E-08 2.8991E-08 2.8297E-08 2.7765E-08 2.7394E-08 2.7356E-08 2.7365E-08 2.7379E-08 2.7390E-08 2.7394E-08 2.7324E-08 2.7200E-08 2.6995E-08
0.0000E+00 0.0000E+00 0.0000E+00 0.0000E+00 0.0000E+00 0.0000E+00 0.0000E+00 0.0000E+00 0.0000E+00 0.0000E+00 0.0000E+00 0.0000E+00 0.0000E+00 0.0000E+00 8.6048E-12 4.7683E-11 1.2805E-10 2.5015E-10 4.1447E-10 6.2761E-10 8.8994E-10 1.2012E-09 1.7630E-09 2.3937E-09 3.0079E-09 3.8942E-09 4.9370E-09 6.3330E-09 7.7839E-09 9.5520E-09 1.1306E-08 1.3377E-08 1.5393E-08 1.7587E-08 1.9659E-08 2.1795E-08 2.3722E-08 2.5489E-08 2.7025E-08 2.8400E-08 2.9401E-08 3.4407E-08 3.8255E-08 3.7435E-08 3.6326E-08 3.5301E-08 3.4392E-08 3.3599E-08 3.2957E-08 3.2417E-08 3.1979E-08 3.1497E-08 3.1371E-08 3.1215E-08 3.0986E-08 3.0679E-08 3.0308E-08
0.0000E+00 0.0000E+00 0.0000E+00 0.0000E+00 0.0000E+00 0.0000E+00 0.0000E+00 0.0000E+00 0.0000E+00 0.0000E+00 0.0000E+00 0.0000E+00 0.0000E+00 0.0000E+00 2.4207E-11 8.8359E-11 1.9664E-10 3.4598E-10 5.4586E-10 7.9836E-10 1.1052E-09 1.6579E-09 2.2918E-09 2.9163E-09 3.8135E-09 4.8905E-09 6.4593E-09 7.9677E-09 9.9516E-09 1.2133E-08 1.4395E-08 1.6970E-08 1.9530E-08 2.2266E-08 2.4903E-08 2.7548E-08 2.9940E-08 3.2096E-08 3.3921E-08 3.5366E-08 4.5179E-08 4.8214E-08 4.6756E-08 4.4992E-08 4.3369E-08 4.2019E-08 4.0832E-08 3.9822E-08 3.8945E-08 3.8198E-08 3.7351E-08 3.6812E-08 3.6205E-08 3.5285E-08 3.4881E-08 3.4369E-08 3.2716E-08
0.0000E+00 0.0000E+00 0.0000E+00 0.0000E+00 0.0000E+00 0.0000E+00 0.0000E+00 0.0000E+00 0.0000E+00 0.0000E+00 0.0000E+00 0.0000E+00 0.0000E+00 9.2082E-12 5.3355E-11 1.4263E-10 2.7441E-10 4.5555E-10 6.9177E-10 9.8582E-10 1.5158E-09 1.9959E-09 2.7592E-09 3.6466E-09 4.7214E-09 6.3322E-09 8.1450E-09 1.0093E-08 1.2519E-08 1.5228E-08 1.8106E-08 2.1310E-08 2.4562E-08 2.7994E-08 3.1333E-08 3.4521E-08 3.7469E-08 4.0076E-08 4.2225E-08 5.8422E-08 6.0424E-08 5.8291E-08 5.5783E-08 5.3434E-08 5.1383E-08 4.9566E-08 4.7946E-08 4.6506E-08 4.5230E-08 4.4113E-08 4.3120E-08 4.2222E-08 4.1401E-08 4.0316E-08 3.9526E-08 3.8237E-08 3.5711E-08
0.0000E+00 0.0000E+00 0.0000E+00 0.0000E+00 0.0000E+00 0.0000E+00 0.0000E+00 0.0000E+00 0.0000E+00 0.0000E+00 0.0000E+00 0.0000E+00 0.0000E+00 2.2868E-11 8.9043E-11 2.0281E-10 3.6086E-10 5.7454E-10 8.4941E-10 1.1840E-09 1.8070E-09 2.5414E-09 3.4087E-09 4.4564E-09 6.0454E-09 7.8982E-09 9.9479E-09 1.2553E-08 1.5537E-08 1.8797E-08 2.2526E-08 2.6514E-08 3.0623E-08 3.4828E-08 3.9003E-08 4.2967E-08 4.6583E-08 5.0224E-08 7.3593E-08 7.4746E-08 7.2042E-08 6.8805E-08 6.5704E-08 6.2860E-08 6.0250E-08 5.7889E-08 5.5750E-08 5.3822E-08 5.2077E-08 5.0512E-08 4.9110E-08 4.7837E-08 4.6638E-08 4.5462E-08 4.4122E-08 4.2843E-08 3.9640E-08
0.0000E+00 0.0000E+00 0.0000E+00 0.0000E+00 0.0000E+00 0.0000E+00 0.0000E+00 0.0000E+00 0.0000E+00 0.0000E+00 0.0000E+00 0.0000E+00 5.0144E-12 4.4117E-11 1.3442E-10 2.6831E-10 4.5485E-10 7.0324E-10 1.0138E-09 1.5869E-09 2.2759E-09 3.1037E-09 4.1069E-09 5.6160E-09 7.2322E-09 9.5111E-09 1.2214E-08 1.5385E-08 1.9052E-08 2.3117E-08 2.7712E-08 3.2580E-08 3.7708E-08 4.2947E-08 4.8134E-08 5.3024E-08 6.3118E-08 8.9750E-08 9.0519E-08 8.7649E-08 8.3842E-08 8.0117E-08 7.6492E-08 7.3043E-08 6.9819E-08 6.6862E-08 6.4137E-08 6.1651E-08 5.9376E-08 5.7328E-08 5.5461E-08 5.3745E-08 5.2125E-08 5.0573E-08 4.9000E-08 4.5808E-08 4.3580E-08
0.0000E+00 0.0000E+00 0.0000E+00 0.0000E+00 0.0000E+00 0.0000E+00 0.0000E+00 0.0000E+00 0.0000E+00 0.0000E+00 0.0000E+00 0.0000E+00 1.3184E-11 7.4193E-11 1.8402E-10 3.4073E-10 5.5532E-10 8.3519E-10 1.1793E-09 1.8394E-09 2.6377E-09 3.6024E-09 4.7803E-09 6.6144E-09 8.8178E-09 1.1518E-08 1.4758E-08 1.8596E-08 2.2974E-08 2.8064E-08 3.3609E-08 3.9616E-08 4.5947E-08 5.2413E-08 5.8794E-08 8.1030E-08 1.0565E-07 1.0663E-07 1.0412E-07 1.0027E-07 9.6267E-08 9.2005E-08 8.7828E-08 8.3730E-08 7.9877E-08 7.6274E-08 7.2936E-08 6.9852E-08 6.7016E-08 6.4422E-08 6.2050E-08 5.9889E-08 5.7801E-08 5.5795E-08 5.3842E-08 4.9629E-08 4.4964E-08
0.0000E+00 0.0000E+00 0.0000E+00 0.0000E+00 0.0000E+00 0.0000E+00 0.0000E+00 0.0000E+00 0.0000E+00 0.0000E+00 0.0000E+00 0.0000E+00 2.6830E-11 1.0427E-10 2.3499E-10 4.1501E-10 6.5890E-10 9.6887E-10 1.5509E-09 2.2677E-09 3.1496E-09 4.2370E-09 5.8930E-09 7.9303E-09 1.0512E-08 1.3701E-08 1.7454E-08 2.2087E-08 2.7485E-08 3.3534E-08 4.0270E-08 4.7592E-08 5.5317E-08 6.3200E-08 9.8994E-08 1.1971E-07 1.2162E-07 1.2011E-07 1.1694E-07 1.1322E-07 1.0878E-07 1.0410E-07 9.9310E-08 9.4632E-08 9.0107E-08 8.5873E-08 8.1923E-08 7.8238E-08 7.4817E-08 7.1668E-08 6.8790E-08 6.6110E-08 6.3549E-08 6.1064E-08 5.8685E-08 5.4066E-08 4.7186E-08
