Assets/Resources/2015_m01_d06_1400(utc+0800)_l00_csi_1hr_conc.grd
DSAA
         159         159
     -79.000      79.000
     -79.000      79.000
  0.0000E+00  0.4857E-05
[rows 25 to 49 of 159, columns 57 to 113 of 159]
2.5746E-11 3.0931E-11 3.6966E-11 1.2522E-10 2.1987E-10 2.8806E-10 3.7249E-10 4.7485E-10 6.1291E-10 7.7465E-10 9.5890E-10 1.1732E-09 1.4535E-09 1.7575E-09 2.1105E-09 2.5193E-09 2.9802E-09 3.4965E-09 4.0676E-09 4.6945E-09 5.3658E-09 6.0772E-09 6.8197E-09 7.5819E-09 8.3507E-09 9.1115E-09 9.8550E-09 1.0556E-08 1.1203E-08 1.1780E-08 1.2274E-08 1.2672E-08 1.2966E-08 1.3149E-08 1.3219E-08 1.3177E-08 1.3025E-08 1.2770E-08 1.2419E-08 1.1984E-08 1.1475E-08 1.0905E-08 1.0288E-08 9.6368E-09 8.9642E-09 8.2821E-09 7.6022E-09 6.9284E-09 6.2769E-09 5.6512E-09 5.0559E-09 4.4954E-09 3.9724E-09 3.4822E-09 3.0402E-09 2.6408E-09 2.2783E-09
2.3028E-11 2.7662E-11 3.3057E-11 9.9072E-11 1.3433E-10 2.6437E-10 3.4004E-10 4.4823E-10 5.7814E-10 7.4013E-10 9.1883E-10 1.1343E-09 1.4165E-09 1.7237E-09 2.0865E-09 2.5021E-09 2.9762E-09 3.5121E-09 4.1081E-09 4.7594E-09 5.4627E-09 6.2106E-09 6.9966E-09 7.8028E-09 8.6170E-09 9.4237E-09 1.0206E-08 1.0945E-08 1.1625E-08 1.2228E-08 1.2740E-08 1.3150E-08 1.3448E-08 1.3628E-08 1.3687E-08 1.3626E-08 1.3450E-08 1.3179E-08 1.2792E-08 1.2317E-08 1.1767E-08 1.1156E-08 1.0497E-08 9.8057E-09 9.0930E-09 8.3772E-09 7.6666E-09 6.9709E-09 6.2949E-09 5.6510E-09 5.0429E-09 4.4735E-09 3.9426E-09 3.4579E-09 3.0101E-09 2.6087E-09 2.2494E-09
2.0489E-11 2.4611E-11 2.9408E-11 3.4956E-11 1.1872E-10 2.2906E-10 3.1327E-10 4.1591E-10 5.4494E-10 7.0223E-10 8.7954E-10 1.0910E-09 1.3787E-09 1.6922E-09 2.0571E-09 2.4817E-09 2.9731E-09 3.5261E-09 4.1436E-09 4.8233E-09 5.5639E-09 6.3512E-09 7.1774E-09 8.0293E-09 8.8911E-09 9.7451E-09 1.0573E-08 1.1355E-08 1.2073E-08 1.2709E-08 1.3246E-08 1.3673E-08 1.3978E-08 1.4155E-08 1.4203E-08 1.4122E-08 1.3917E-08 1.3596E-08 1.3170E-08 1.2653E-08 1.2058E-08 1.1402E-08 1.0701E-08 9.9689E-09 9.2213E-09 8.4708E-09 7.7270E-09 7.0059E-09 6.3056E-09 5.6446E-09 5.0201E-09 4.4380E-09 3.9026E-09 3.4094E-09 2.9651E-09 2.5615E-09 2.2008E-09
1.6166E-11 2.1782E-11 2.6025E-11 3.0932E-11 5.0051E-11 1.4202E-10 2.8722E-10 3.8509E-10 5.0843E-10 6.6323E-10 8.4046E-10 1.0800E-09 1.3438E-09 1.6561E-09 2.0267E-09 2.4640E-09 2.9649E-09 3.5355E-09 4.1793E-09 4.8904E-09 5.6631E-09 6.4907E-09 7.3614E-09 8.2614E-09 9.1733E-09 1.0078E-08 1.0955E-08 1.1784E-08 1.2543E-08 1.3214E-08 1.3779E-08 1.4223E-08 1.4536E-08 1.4711E-08 1.4746E-08 1.4643E-08 1.4407E-08 1.4047E-08 1.3578E-08 1.3013E-08 1.2369E-08 1.1663E-08 1.0912E-08 1.0133E-08 9.3415E-09 8.5518E-09 7.7760E-09 7.0230E-09 6.3028E-09 5.6236E-09 4.9879E-09 4.3956E-09 3.8552E-09 3.3588E-09 2.9096E-09 2.5099E-09 2.1507E-09
1.4266E-11 1.7138E-11 2.2911E-11 2.7228E-11 4.4653E-11 1.1174E-10 2.6226E-10 3.5683E-10 4.7495E-10 6.2322E-10 7.9919E-10 1.0449E-09 1.3061E-09 1.6209E-09 1.9999E-09 2.4415E-09 2.9559E-09 3.5491E-09 4.2145E-09 4.9535E-09 5.7620E-09 6.6309E-09 7.5478E-09 8.4975E-09 9.4616E-09 1.0420E-08 1.1349E-08 1.2227E-08 1.3031E-08 1.3739E-08 1.4335E-08 1.4799E-08 1.5120E-08 1.5293E-08 1.5314E-08 1.5186E-08 1.4914E-08 1.4514E-08 1.3998E-08 1.3382E-08 1.2685E-08 1.1925E-08 1.1121E-08 1.0292E-08 9.4548E-09 8.6234E-09 7.8111E-09 7.0285E-09 6.2840E-09 5.5807E-09 4.9299E-09 4.3300E-09 3.7788E-09 3.2832E-09 2.8374E-09 2.4374E-09 2.0806E-09
1.0558E-11 1.5042E-11 1.8238E-11 2.3843E-11 2.8185E-11 4.7240E-11 1.2979E-10 3.2237E-10 4.4160E-10 5.8447E-10 7.5944E-10 1.0084E-09 1.2690E-09 1.5894E-09 1.9705E-09 2.4218E-09 2.9528E-09 3.5593E-09 4.2473E-09 5.0160E-09 5.8591E-09 6.7682E-09 7.7313E-09 8.7325E-09 9.7509E-09 1.0765E-08 1.1753E-08 1.2683E-08 1.3533E-08 1.4281E-08 1.4905E-08 1.5388E-08 1.5718E-08 1.5888E-08 1.5894E-08 1.5741E-08 1.5437E-08 1.4994E-08 1.4428E-08 1.3758E-08 1.3001E-08 1.2183E-08 1.1324E-08 1.0443E-08 9.5566E-09 8.6819E-09 7.8319E-09 7.0176E-09 6.2473E-09 5.5270E-09 4.8572E-09 4.2475E-09 3.6937E-09 3.1918E-09 2.7469E-09 2.3496E-09 1.9785E-09
9.1773E-12 1.1104E-11 1.5691E-11 1.9472E-11 2.4550E-11 4.2552E-11 7.7348E-11 2.9448E-10 4.0948E-10 5.4911E-10 7.2207E-10 9.7056E-10 1.2377E-09 1.5575E-09 1.9432E-09 2.4051E-09 2.9435E-09 3.5677E-09 4.2781E-09 5.0738E-09 5.9502E-09 6.9005E-09 7.9100E-09 8.9655E-09 1.0039E-08 1.1110E-08 1.2150E-08 1.3134E-08 1.4032E-08 1.4821E-08 1.5476E-08 1.5980E-08 1.6319E-08 1.6486E-08 1.6477E-08 1.6297E-08 1.5956E-08 1.5468E-08 1.4850E-08 1.4123E-08 1.3310E-08 1.2433E-08 1.1516E-08 1.0577E-08 9.6412E-09 8.7224E-09 7.8345E-09 6.9885E-09 6.1928E-09 5.4532E-09 4.7731E-09 4.1501E-09 3.5920E-09 3.0924E-09 2.6456E-09 2.2551E-09 1.8831E-09
6.0881E-12 9.6662E-12 1.1552E-11 1.6193E-11 2.0241E-11 3.7559E-11 6.8660E-11 1.6220E-10 3.7953E-10 5.1483E-10 6.8533E-10 9.4162E-10 1.2020E-09 1.5237E-09 1.9165E-09 2.3831E-09 2.9332E-09 3.5718E-09 4.3017E-09 5.1244E-09 6.0346E-09 7.0275E-09 8.0821E-09 9.1843E-09 1.0312E-08 1.1438E-08 1.2534E-08 1.3571E-08 1.4522E-08 1.5353E-08 1.6041E-08 1.6567E-08 1.6915E-08 1.7078E-08 1.7053E-08 1.6846E-08 1.6466E-08 1.5929E-08 1.5254E-08 1.4469E-08 1.3596E-08 1.2659E-08 1.1684E-08 1.0693E-08 9.7062E-09 8.7394E-09 7.8142E-09 6.9376E-09 6.1179E-09 5.3605E-09 4.6682E-09 4.0418E-09 3.4765E-09 2.9778E-09 2.5378E-09 2.1492E-09 1.7839E-09
4.4612E-12 6.3536E-12 1.0002E-11 1.2058E-11 1.6532E-11 3.1885E-11 5.9905E-11 1.2297E-10 3.5184E-10 4.8302E-10 6.5131E-10 9.1099E-10 1.1697E-09 1.4949E-09 1.8870E-09 2.3606E-09 2.9186E-09 3.5712E-09 4.3214E-09 5.1689E-09 6.1130E-09 7.1385E-09 8.2362E-09 9.3858E-09 1.0564E-08 1.1747E-08 1.2898E-08 1.3988E-08 1.4983E-08 1.5854E-08 1.6574E-08 1.7120E-08 1.7478E-08 1.7637E-08 1.7596E-08 1.7360E-08 1.6942E-08 1.6359E-08 1.5633E-08 1.4789E-08 1.3854E-08 1.2853E-08 1.1819E-08 1.0775E-08 9.7398E-09 8.7339E-09 7.7690E-09 6.8626E-09 6.0210E-09 5.2480E-09 4.5458E-09 3.9145E-09 3.3520E-09 2.8516E-09 2.4172E-09 2.0379E-09 1.6751E-09
2.6188E-12 5.4867E-12 6.5583E-12 1.0237E-11 1.2398E-11 1.9955E-11 3.9756E-11 9.7390E-11 2.0811E-10 4.4930E-10 6.1431E-10 8.7696E-10 1.1383E-09 1.4584E-09 1.8505E-09 2.3250E-09 2.8918E-09 3.5568E-09 4.3261E-09 5.1952E-09 6.1652E-09 7.2255E-09 8.3633E-09 9.5614E-09 1.0790E-08 1.2022E-08 1.3225E-08 1.4365E-08 1.5407E-08 1.6318E-08 1.7070E-08 1.7637E-08 1.8004E-08 1.8159E-08 1.8101E-08 1.7836E-08 1.7378E-08 1.6746E-08 1.5964E-08 1.5061E-08 1.4066E-08 1.3008E-08 1.1917E-08 1.0816E-08 9.7319E-09 8.6857E-09 7.6908E-09 6.7586E-09 5.8939E-09 5.1087E-09 4.4001E-09 3.7672E-09 3.2072E-09 2.7161E-09 2.2852E-09 1.9166E-09 1.5592E-09
7.9045E-13 2.7125E-12 5.6323E-12 6.6955E-12 1.0364E-11 1.5769E-11 3.6682E-11 8.5037E-11 1.9464E-10 3.0115E-10 5.8028E-10 8.4500E-10 1.1037E-09 1.4214E-09 1.8138E-09 2.2899E-09 2.8591E-09 3.5344E-09 4.3155E-09 5.2045E-09 6.1970E-09 7.2909E-09 8.4647E-09 9.7014E-09 1.0974E-08 1.2254E-08 1.3505E-08 1.4692E-08 1.5777E-08 1.6729E-08 1.7510E-08 1.8097E-08 1.8470E-08 1.8621E-08 1.8547E-08 1.8253E-08 1.7755E-08 1.7072E-08 1.6237E-08 1.5276E-08 1.4222E-08 1.3107E-08 1.1961E-08 1.0813E-08 9.6870E-09 8.5992E-09 7.5753E-09 6.6214E-09 5.7452E-09 4.9466E-09 4.2352E-09 3.6040E-09 3.0495E-09 2.5666E-09 2.1492E-09 1.7854E-09 1.4406E-09
0.0000E+00 2.3241E-12 2.7786E-12 5.7186E-12 6.7609E-12 1.3270E-11 2.9599E-11 7.2585E-11 1.3675E-10 2.7354E-10 5.4236E-10 8.0764E-10 1.0638E-09 1.3780E-09 1.7665E-09 2.2399E-09 2.8160E-09 3.4930E-09 4.2803E-09 5.1836E-09 6.1985E-09 7.3166E-09 8.5213E-09 9.7937E-09 1.1108E-08 1.2434E-08 1.3734E-08 1.4966E-08 1.6092E-08 1.7076E-08 1.7884E-08 1.8487E-08 1.8868E-08 1.9012E-08 1.8919E-08 1.8597E-08 1.8060E-08 1.7333E-08 1.6445E-08 1.5428E-08 1.4315E-08 1.3141E-08 1.1944E-08 1.0750E-08 9.5850E-09 8.4697E-09 7.4199E-09 6.4453E-09 5.5593E-09 4.7610E-09 4.0462E-09 3.4213E-09 2.8759E-09 2.4027E-09 1.9989E-09 1.6540E-09 1.3168E-09
0.0000E+00 0.0000E+00 2.3675E-12 2.8149E-12 5.7427E-12 7.7270E-12 1.8309E-11 6.2727E-11 1.1817E-10 2.6135E-10 3.7943E-10 7.6703E-10 1.0183E-09 1.3263E-09 1.7100E-09 2.1860E-09 2.7560E-09 3.4329E-09 4.2301E-09 5.1424E-09 6.1697E-09 7.3046E-09 8.5335E-09 9.8434E-09 1.1194E-08 1.2555E-08 1.3892E-08 1.5163E-08 1.6325E-08 1.7340E-08 1.8172E-08 1.8790E-08 1.9174E-08 1.9311E-08 1.9200E-08 1.8849E-08 1.8275E-08 1.7503E-08 1.6565E-08 1.5495E-08 1.4332E-08 1.3111E-08 1.1868E-08 1.0629E-08 9.4313E-09 8.2905E-09 7.2232E-09 6.2407E-09 5.3455E-09 4.5488E-09 3.8423E-09 3.2222E-09 2.6904E-09 2.2342E-09 1.8460E-09 1.5175E-09 1.1318E-09
0.0000E+00 0.0000E+00 0.0000E+00 2.3851E-12 2.8201E-12 6.6754E-12 1.4594E-11 4.2216E-11 8.8951E-11 2.2026E-10 3.5376E-10 7.1839E-10 9.6514E-10 1.2649E-09 1.6450E-09 2.1093E-09 2.6729E-09 3.3526E-09 4.1460E-09 5.0610E-09 6.0972E-09 7.2585E-09 8.5161E-09 9.8501E-09 1.1235E-08 1.2637E-08 1.4015E-08 1.5326E-08 1.6524E-08 1.7568E-08 1.8419E-08 1.9046E-08 1.9428E-08 1.9553E-08 1.9420E-08 1.9036E-08 1.8421E-08 1.7602E-08 1.6614E-08 1.5493E-08 1.4279E-08 1.3010E-08 1.1725E-08 1.0455E-08 9.2271E-09 8.0599E-09 6.9791E-09 5.9908E-09 5.1017E-09 4.3077E-09 3.6154E-09 3.0146E-09 2.4952E-09 2.0575E-09 1.6879E-09 1.3774E-09 1.0070E-09
0.0000E+00 0.0000E+00 0.0000E+00 0.0000E+00 2.3764E-12 3.7671E-12 1.3545E-11 3.7655E-11 8.2324E-11 1.3393E-10 3.2021E-10 5.5051E-10 9.0877E-10 1.1996E-09 1.5715E-09 2.0259E-09 2.5858E-09 3.2534E-09 4.0412E-09 4.9612E-09 6.0084E-09 7.1710E-09 8.4404E-09 9.7965E-09 1.1210E-08 1.2643E-08 1.4056E-08 1.5402E-08 1.6634E-08 1.7707E-08 1.8581E-08 1.9224E-08 1.9609E-08 1.9724E-08 1.9567E-08 1.9150E-08 1.8493E-08 1.7625E-08 1.6584E-08 1.5411E-08 1.4147E-08 1.2834E-08 1.1510E-08 1.0210E-08 8.9626E-09 7.7894E-09 6.7010E-09 5.7121E-09 4.8325E-09 4.0561E-09 3.3755E-09 2.7941E-09 2.2950E-09 1.8779E-09 1.5290E-09 1.2379E-09 8.8123E-10
0.0000E+00 0.0000E+00 0.0000E+00 0.0000E+00 0.0000E+00 3.3047E-12 1.0601E-11 2.8914E-11 6.7394E-11 1.1654E-10 2.9486E-10 5.1673E-10 8.4810E-10 1.1253E-09 1.4752E-09 1.9313E-09 2.4740E-09 3.1293E-09 3.9137E-09 4.8274E-09 5.8669E-09 7.0317E-09 8.3164E-09 9.6880E-09 1.1122E-08 1.2584E-08 1.4028E-08 1.5406E-08 1.6670E-08 1.7772E-08 1.8668E-08 1.9321E-08 1.9708E-08 1.9813E-08 1.9635E-08 1.9186E-08 1.8488E-08 1.7575E-08 1.6485E-08 1.5262E-08 1.3952E-08 1.2598E-08 1.1240E-08 9.9118E-09 8.6462E-09 7.4654E-09 6.3819E-09 5.4007E-09 4.5301E-09 3.7740E-09 3.1208E-09 2.5593E-09 2.0893E-09 1.6929E-09 1.3682E-09 1.0972E-09 7.5668E-10
0.0000E+00 0.0000E+00 0.0000E+00 0.0000E+00 0.0000E+00 9.4282E-13 9.7771E-12 1.9528E-11 5.0702E-11 1.0519E-10 2.8671E-10 4.8514E-10 6.7628E-10 1.0525E-09 1.3918E-09 1.8330E-09 2.3578E-09 3.0041E-09 3.7731E-09 4.6684E-09 5.7013E-09 6.8635E-09 8.1422E-09 9.5191E-09 1.0966E-08 1.2445E-08 1.3910E-08 1.5314E-08 1.6602E-08 1.7725E-08 1.8637E-08 1.9300E-08 1.9687E-08 1.9781E-08 1.9584E-08 1.9106E-08 1.8373E-08 1.7419E-08 1.6287E-08 1.5022E-08 1.3674E-08 1.2288E-08 1.0907E-08 9.5650E-09 8.2922E-09 7.1052E-09 6.0315E-09 5.0703E-09 4.2189E-09 3.4798E-09 2.8540E-09 2.3234E-09 1.8776E-09 1.5117E-09 1.2082E-09 8.8204E-10 6.3365E-10
0.0000E+00 0.0000E+00 0.0000E+00 0.0000E+00 0.0000E+00 2.9333E-12 8.4911E-12 1.7512E-11 4.3779E-11 8.0287E-11 1.3362E-10 4.5335E-10 6.3964E-10 9.2696E-10 1.2961E-09 1.7250E-09 2.2387E-09 2.8628E-09 3.6057E-09 4.4884E-09 5.5014E-09 6.6463E-09 7.9136E-09 9.2841E-09 1.0730E-08 1.2213E-08 1.3690E-08 1.5108E-08 1.6415E-08 1.7558E-08 1.8488E-08 1.9163E-08 1.9554E-08 1.9645E-08 1.9431E-08 1.8929E-08 1.8165E-08 1.7175E-08 1.6005E-08 1.4704E-08 1.3324E-08 1.1913E-08 1.0514E-08 9.1632E-09 7.8922E-09 6.7203E-09 5.6582E-09 4.7147E-09 3.8950E-09 3.1857E-09 2.5838E-09 2.0848E-09 1.6674E-09 1.3268E-09 1.0491E-09 6.3334E-10 4.9319E-10
0.0000E+00 0.0000E+00 0.0000E+00 0.0000E+00 0.0000E+00 2.8032E-12 8.5573E-12 1.5952E-11 3.4629E-11 7.2994E-11 1.1644E-10 4.4363E-10 6.0374E-10 8.0911E-10 1.2035E-09 1.6240E-09 2.1102E-09 2.7149E-09 3.4418E-09 4.2923E-09 5.2802E-09 6.4081E-09 7.6614E-09 9.0197E-09 1.0457E-08 1.1938E-08 1.3415E-08 1.4838E-08 1.6152E-08 1.7301E-08 1.8235E-08 1.8911E-08 1.9299E-08 1.9380E-08 1.9153E-08 1.8633E-08 1.7845E-08 1.6830E-08 1.5636E-08 1.4313E-08 1.2915E-08 1.1490E-08 1.0085E-08 8.7353E-09 7.4695E-09 6.3135E-09 5.2769E-09 4.3642E-09 3.5693E-09 2.8966E-09 2.3253E-09 1.8520E-09 1.4683E-09 1.1545E-09 8.5227E-10 5.2613E-10 4.0215E-10
0.0000E+00 0.0000E+00 0.0000E+00 0.0000E+00 0.0000E+00 2.7547E-12 8.5275E-12 1.5520E-11 2.9859E-11 5.7601E-11 9.7837E-11 2.2806E-10 5.6092E-10 7.5798E-10 1.1130E-09 1.5146E-09 1.9793E-09 2.5694E-09 3.2638E-09 4.0909E-09 5.0604E-09 6.1599E-09 7.3871E-09 8.7254E-09 1.0148E-08 1.1619E-08 1.3092E-08 1.4514E-08 1.5830E-08 1.6982E-08 1.7918E-08 1.8594E-08 1.8976E-08 1.9047E-08 1.8805E-08 1.8264E-08 1.7454E-08 1.6416E-08 1.5199E-08 1.3858E-08 1.2448E-08 1.1019E-08 9.6178E-09 8.2801E-09 7.0361E-09 5.9005E-09 4.8934E-09 4.0125E-09 3.2566E-09 2.6133E-09 2.0813E-09 1.6400E-09 1.2804E-09 8.8466E-10 6.8435E-10 4.0527E-10 3.1058E-10
0.0000E+00 0.0000E+00 0.0000E+00 0.0000E+00 0.0000E+00 0.0000E+00 7.9397E-12 1.4820E-11 2.4141E-11 4.8665E-11 8.0045E-11 2.0453E-10 5.2351E-10 7.0332E-10 1.0251E-09 1.4177E-09 1.8658E-09 2.4268E-09 3.0973E-09 3.9058E-09 4.8410E-09 5.9135E-09 7.1173E-09 8.4346E-09 9.8402E-09 1.1298E-08 1.2764E-08 1.4183E-08 1.5497E-08 1.6649E-08 1.7584E-08 1.8256E-08 1.8631E-08 1.8691E-08 1.8433E-08 1.7873E-08 1.7042E-08 1.5982E-08 1.4746E-08 1.3391E-08 1.1971E-08 1.0539E-08 9.1430E-09 7.8231E-09 6.6028E-09 5.5005E-09 4.5199E-09 3.6745E-09 2.9555E-09 2.3544E-09 1.8520E-09 1.4422E-09 1.0733E-09 8.1887E-10 5.3795E-10 3.8785E-10 1.3560E-10
0.0000E+00 0.0000E+00 0.0000E+00 0.0000E+00 0.0000E+00 0.0000E+00 7.5848E-12 1.3745E-11 2.2722E-11 3.7152E-11 6.4973E-11 1.7261E-10 4.7596E-10 6.7353E-10 9.4433E-10 1.3249E-09 1.7492E-09 2.2971E-09 2.9496E-09 3.7259E-09 4.6390E-09 5.6912E-09 6.8763E-09 8.1754E-09 9.5671E-09 1.1016E-08 1.2472E-08 1.3886E-08 1.5198E-08 1.6348E-08 1.7286E-08 1.7954E-08 1.8321E-08 1.8367E-08 1.8089E-08 1.7506E-08 1.6652E-08 1.5571E-08 1.4317E-08 1.2947E-08 1.1520E-08 1.0091E-08 8.7058E-09 7.3987E-09 6.1960E-09 5.1223E-09 4.1811E-09 3.3675E-09 2.6801E-09 2.1128E-09 1.6486E-09 1.2272E-09 9.3416E-10 7.0512E-10 4.4312E-10 1.5956E-10 1.2095E-10
0.0000E+00 0.0000E+00 0.0000E+00 0.0000E+00 0.0000E+00 0.0000E+00 6.8887E-12 1.2755E-11 2.0524E-11 3.1757E-11 1.0440E-10 1.5191E-10 2.1267E-10 6.1123E-10 8.6503E-10 1.2363E-09 1.6384E-09 2.1774E-09 2.8044E-09 3.5605E-09 4.4555E-09 5.4875E-09 6.6557E-09 7.9419E-09 9.3259E-09 1.0771E-08 1.2236E-08 1.3653E-08 1.4969E-08 1.6124E-08 1.7060E-08 1.7726E-08 1.8085E-08 1.8119E-08 1.7826E-08 1.7223E-08 1.6345E-08 1.5239E-08 1.3953E-08 1.2564E-08 1.1126E-08 9.6916E-09 8.3083E-09 7.0149E-09 5.8361E-09 4.7829E-09 3.8684E-09 3.0904E-09 2.4356E-09 1.8991E-09 1.4678E-09 1.0835E-09 8.0590E-10 5.9340E-10 2.7953E-10 1.2943E-10 7.6235E-11
0.0000E+00 0.0000E+00 0.0000E+00 0.0000E+00 0.0000E+00 0.0000E+00 6.6871E-12 1.1693E-11 1.8298E-11 2.8222E-11 8.2989E-11 1.2794E-10 1.8623E-10 5.4238E-10 7.8267E-10 1.1465E-09 1.5352E-09 2.0509E-09 2.6657E-09 3.4018E-09 4.2762E-09 5.2939E-09 6.4533E-09 7.7360E-09 9.1306E-09 1.0582E-08 1.2051E-08 1.3482E-08 1.4814E-08 1.5983E-08 1.6927E-08 1.7595E-08 1.7950E-08 1.7971E-08 1.7658E-08 1.7029E-08 1.6121E-08 1.4984E-08 1.3677E-08 1.2263E-08 1.0800E-08 9.3521E-09 7.9694E-09 6.6845E-09 5.5208E-09 4.4930E-09 3.6036E-09 2.8526E-09 2.2314E-09 1.7190E-09 1.3103E-09 9.5647E-10 7.0246E-10 4.3431E-10 2.1998E-10 1.0197E-10 6.1593E-11
0.0000E+00 0.0000E+00 0.0000E+00 0.0000E+00 0.0000E+00 0.0000E+00 0.0000E+00 1.0318E-11 1.6103E-11 2.4747E-11 7.3541E-11 1.0070E-10 1.4821E-10 4.8378E-10 6.9799E-10 1.0164E-09 1.4272E-09 1.9327E-09 2.5267E-09 3.2541E-09 4.1186E-09 5.1387E-09 6.2845E-09 7.5733E-09 8.9734E-09 1.0444E-08 1.1939E-08 1.3400E-08 1.4763E-08 1.5957E-08 1.6920E-08 1.7598E-08 1.7951E-08 1.7959E-08 1.7621E-08 1.6959E-08 1.6012E-08 1.4834E-08 1.3487E-08 1.2039E-08 1.0555E-08 9.0922E-09 7.6895E-09 6.3984E-09 5.2461E-09 4.2359E-09 3.3705E-09 2.6413E-09 2.0445E-09 1.5642E-09 1.1775E-09 8.4947E-10 5.6265E-10 3.5939E-10 1.8971E-10 8.1141E-11 4.9466E-11
