Assets/Resources/2015_m01_d21_1300(utc+0800)_l00_csi_1hr_conc.grd
DSAA
         159         159
     -79.000      79.000
     -79.000      79.000
  0.1152E-09  0.5791E-05
[rows 0 to 24 of 159, columns 57 to 113 of 159]
3.5373E-09 3.5989E-09 3.6599E-09 3.7211E-09 3.7819E-09 3.8427E-09 3.9034E-09 3.9640E-09 4.0235E-09 4.0828E-09 4.1418E-09 4.2007E-09 4.2592E-09 4.3174E-09 4.3753E-09 4.4332E-09 4.4918E-09 4.5506E-09 4.6097E-09 4.6688E-09 4.7280E-09 4.7872E-09 4.8463E-09 4.9069E-09 4.9673E-09 5.0280E-09 5.0937E-09 5.1664E-09 5.2417E-09 5.3185E-09 5.4003E-09 5.4897E-09 5.5794E-09 5.6716E-09 5.7699E-09 5.8677E-09 5.9692E-09 6.0745E-09 6.1827E-09 6.2966E-09 6.4170E-09 6.5441E-09 6.6787E-09 6.8208E-09 6.9711E-09 7.1297E-09 7.2969E-09 7.4730E-09 7.6578E-09 7.8515E-09 8.0537E-09 8.2643E-09 8.4826E-09 8.7084E-09 8.9408E-09 9.1789E-09 9.4222E-09
3.5784E-09 3.6407E-09 3.7027E-09 3.7643E-09 3.8260E-09 3.8875E-09 3.9487E-09 4.0098E-09 4.0700E-09 4.1299E-09 4.1898E-09 4.2494E-09 4.3083E-09 4.3671E-09 4.4259E-09 4.4843E-09 4.5438E-09 4.6029E-09 4.6627E-09 4.7228E-09 4.7826E-09 4.8424E-09 4.9021E-09 4.9628E-09 5.0238E-09 5.0883E-09 5.1573E-09 5.2299E-09 5.3050E-09 5.3895E-09 5.4737E-09 5.5603E-09 5.6524E-09 5.7471E-09 5.8463E-09 5.9469E-09 6.0509E-09 6.1594E-09 6.2711E-09 6.3887E-09 6.5129E-09 6.6444E-09 6.7835E-09 6.9307E-09 7.0864E-09 7.2507E-09 7.4242E-09 7.6067E-09 7.7986E-09 7.9996E-09 8.2097E-09 8.4284E-09 8.6553E-09 8.8899E-09 9.1313E-09 9.3789E-09 9.6331E-09
3.6187E-09 3.6817E-09 3.7444E-09 3.8069E-09 3.8690E-09 3.9312E-09 3.9932E-09 4.0548E-09 4.1156E-09 4.1761E-09 4.2366E-09 4.2969E-09 4.3566E-09 4.4160E-09 4.4753E-09 4.5341E-09 4.5942E-09 4.6546E-09 4.7150E-09 4.7753E-09 4.8357E-09 4.8958E-09 4.9569E-09 5.0182E-09 5.0799E-09 5.1467E-09 5.2169E-09 5.2940E-09 5.3742E-09 5.4548E-09 5.5409E-09 5.6296E-09 5.7220E-09 5.8210E-09 5.9229E-09 6.0244E-09 6.1323E-09 6.2426E-09 6.3577E-09 6.4790E-09 6.6071E-09 6.7429E-09 6.8865E-09 7.0387E-09 7.1997E-09 7.3699E-09 7.5494E-09 7.7385E-09 7.9374E-09 8.1457E-09 8.3636E-09 8.5903E-09 8.8258E-09 9.0691E-09 9.3197E-09 9.5797E-09 9.8529E-09
3.6583E-09 3.7219E-09 3.7852E-09 3.8484E-09 3.9111E-09 3.9742E-09 4.0368E-09 4.0988E-09 4.1602E-09 4.2214E-09 4.2825E-09 4.3433E-09 4.4036E-09 4.4635E-09 4.5234E-09 4.5836E-09 4.6440E-09 4.7050E-09 4.7656E-09 4.8265E-09 4.8875E-09 4.9484E-09 5.0096E-09 5.0715E-09 5.1337E-09 5.2059E-09 5.2795E-09 5.3545E-09 5.4356E-09 5.5192E-09 5.6091E-09 5.7011E-09 5.7958E-09 5.8966E-09 5.9978E-09 6.1020E-09 6.2109E-09 6.3238E-09 6.4423E-09 6.5673E-09 6.6994E-09 6.8392E-09 6.9875E-09 7.1446E-09 7.3108E-09 7.4867E-09 7.6722E-09 7.8679E-09 8.0735E-09 8.2892E-09 8.5147E-09 8.7496E-09 8.9934E-09 9.2454E-09 9.5090E-09 9.7846E-09 1.0065E-08
3.6977E-09 3.7612E-09 3.8252E-09 3.8890E-09 3.9523E-09 4.0160E-09 4.0793E-09 4.1423E-09 4.2041E-09 4.2656E-09 4.3272E-09 4.3886E-09 4.4494E-09 4.5099E-09 4.5704E-09 4.6314E-09 4.6926E-09 4.7536E-09 4.8151E-09 4.8765E-09 4.9380E-09 4.9992E-09 5.0611E-09 5.1233E-09 5.1908E-09 5.2617E-09 5.3360E-09 5.4162E-09 5.5009E-09 5.5849E-09 5.6733E-09 5.7673E-09 5.8641E-09 5.9654E-09 6.0691E-09 6.1758E-09 6.2876E-09 6.4029E-09 6.5247E-09 6.6533E-09 6.7893E-09 6.9332E-09 7.0860E-09 7.2477E-09 7.4193E-09 7.6007E-09 7.7923E-09 7.9943E-09 8.2066E-09 8.4296E-09 8.6625E-09 8.9054E-09 9.1573E-09 9.4222E-09 9.6996E-09 9.9834E-09 1.0281E-08
3.7355E-09 3.7996E-09 3.8642E-09 3.9286E-09 3.9925E-09 4.0568E-09 4.1207E-09 4.1842E-09 4.2466E-09 4.3087E-09 4.3709E-09 4.4328E-09 4.4941E-09 4.5552E-09 4.6161E-09 4.6780E-09 4.7397E-09 4.8015E-09 4.8635E-09 4.9251E-09 4.9871E-09 5.0491E-09 5.1115E-09 5.1740E-09 5.2419E-09 5.3189E-09 5.3965E-09 5.4760E-09 5.5601E-09 5.6457E-09 5.7359E-09 5.8298E-09 5.9287E-09 6.0322E-09 6.1376E-09 6.2469E-09 6.3613E-09 6.4796E-09 6.6046E-09 6.7368E-09 6.8766E-09 7.0247E-09 7.1816E-09 7.3482E-09 7.5247E-09 7.7115E-09 7.9090E-09 8.1171E-09 8.3363E-09 8.5660E-09 8.8064E-09 9.0570E-09 9.3213E-09 9.5986E-09 9.8841E-09 1.0185E-08 1.0498E-08
3.7723E-09 3.8378E-09 3.9022E-09 3.9672E-09 4.0317E-09 4.0966E-09 4.1610E-09 4.2251E-09 4.2880E-09 4.3508E-09 4.4134E-09 4.4758E-09 4.5377E-09 4.5992E-09 4.6606E-09 4.7230E-09 4.7858E-09 4.8484E-09 4.9106E-09 4.9730E-09 5.0351E-09 5.0984E-09 5.1616E-09 5.2283E-09 5.2993E-09 5.3719E-09 5.4513E-09 5.5322E-09 5.6164E-09 5.7035E-09 5.7940E-09 5.8916E-09 5.9924E-09 6.0980E-09 6.2039E-09 6.3156E-09 6.4327E-09 6.5537E-09 6.6818E-09 6.8174E-09 6.9610E-09 7.1130E-09 7.2741E-09 7.4453E-09 7.6266E-09 7.8188E-09 8.0219E-09 8.2362E-09 8.4616E-09 8.6982E-09 8.9458E-09 9.2080E-09 9.4835E-09 9.7686E-09 1.0070E-08 1.0388E-08 1.0716E-08
3.8082E-09 3.8742E-09 3.9392E-09 4.0047E-09 4.0698E-09 4.1353E-09 4.2002E-09 4.2649E-09 4.3283E-09 4.3916E-09 4.4546E-09 4.5175E-09 4.5799E-09 4.6419E-09 4.7038E-09 4.7666E-09 4.8299E-09 4.8930E-09 4.9556E-09 5.0185E-09 5.0810E-09 5.1447E-09 5.2084E-09 5.2764E-09 5.3478E-09 5.4222E-09 5.5024E-09 5.5866E-09 5.6714E-09 5.7600E-09 5.8546E-09 5.9513E-09 6.0549E-09 6.1616E-09 6.2695E-09 6.3826E-09 6.5013E-09 6.6251E-09 6.7561E-09 6.8949E-09 7.0421E-09 7.1980E-09 7.3633E-09 7.5387E-09 7.7248E-09 7.9220E-09 8.1305E-09 8.3506E-09 8.5822E-09 8.8255E-09 9.0842E-09 9.3561E-09 9.6390E-09 9.9396E-09 1.0259E-08 1.0592E-08 1.0945E-08
3.8430E-09 3.9096E-09 3.9751E-09 4.0412E-09 4.1068E-09 4.1728E-09 4.2382E-09 4.3034E-09 4.3673E-09 4.4312E-09 4.4949E-09 4.5580E-09 4.6208E-09 4.6833E-09 4.7456E-09 4.8089E-09 4.8727E-09 4.9361E-09 4.9992E-09 5.0624E-09 5.1257E-09 5.1895E-09 5.2535E-09 5.3222E-09 5.3972E-09 5.4769E-09 5.5579E-09 5.6411E-09 5.7292E-09 5.8190E-09 5.9131E-09 6.0121E-09 6.1157E-09 6.2209E-09 6.3308E-09 6.4460E-09 6.5671E-09 6.6934E-09 6.8273E-09 6.9692E-09 7.1197E-09 7.2793E-09 7.4486E-09 7.6281E-09 7.8188E-09 8.0207E-09 8.2345E-09 8.4600E-09 8.6977E-09 8.9518E-09 9.2179E-09 9.4975E-09 9.7957E-09 1.0115E-08 1.0450E-08 1.0806E-08 1.1178E-08
3.8767E-09 3.9439E-09 4.0099E-09 4.0765E-09 4.1427E-09 4.2091E-09 4.2750E-09 4.3407E-09 4.4051E-09 4.4694E-09 4.5336E-09 4.5972E-09 4.6604E-09 4.7235E-09 4.7863E-09 4.8497E-09 4.9139E-09 4.9777E-09 5.0412E-09 5.1048E-09 5.1684E-09 5.2326E-09 5.3014E-09 5.3731E-09 5.4464E-09 5.5262E-09 5.6076E-09 5.6919E-09 5.7791E-09 5.8702E-09 5.9663E-09 6.0667E-09 6.1719E-09 6.2788E-09 6.3893E-09 6.5066E-09 6.6298E-09 6.7586E-09 6.8950E-09 7.0398E-09 7.1935E-09 7.3566E-09 7.5296E-09 7.7132E-09 7.9080E-09 8.1145E-09 8.3331E-09 8.5641E-09 8.8121E-09 9.0714E-09 9.3460E-09 9.6404E-09 9.9564E-09 1.0292E-08 1.0649E-08 1.1027E-08 1.1454E-08
3.9093E-09 3.9770E-09 4.0435E-09 4.1106E-09 4.1773E-09 4.2442E-09 4.3106E-09 4.3768E-09 4.4416E-09 4.5063E-09 4.5709E-09 4.6350E-09 4.6986E-09 4.7621E-09 4.8256E-09 4.8893E-09 4.9536E-09 5.0178E-09 5.0816E-09 5.1456E-09 5.2095E-09 5.2740E-09 5.3433E-09 5.4157E-09 5.4908E-09 5.5710E-09 5.6534E-09 5.7387E-09 5.8269E-09 5.9191E-09 6.0159E-09 6.1176E-09 6.2243E-09 6.3333E-09 6.4467E-09 6.5646E-09 6.6893E-09 6.8203E-09 6.9592E-09 7.1067E-09 7.2633E-09 7.4296E-09 7.6061E-09 7.7935E-09 7.9921E-09 8.2030E-09 8.4263E-09 8.6672E-09 8.9194E-09 9.1866E-09 9.4759E-09 9.7870E-09 1.0120E-08 1.0476E-08 1.0857E-08 1.1294E-08 1.1796E-08
3.9408E-09 4.0090E-09 4.0760E-09 4.1433E-09 4.2107E-09 4.2781E-09 4.3449E-09 4.4115E-09 4.4768E-09 4.5422E-09 4.6067E-09 4.6713E-09 4.7353E-09 4.7992E-09 4.8636E-09 4.9272E-09 4.9921E-09 5.0560E-09 5.1204E-09 5.1847E-09 5.2497E-09 5.3137E-09 5.3832E-09 5.4562E-09 5.5322E-09 5.6130E-09 5.6964E-09 5.7826E-09 5.8718E-09 5.9651E-09 6.0629E-09 6.1659E-09 6.2739E-09 6.3844E-09 6.4993E-09 6.6195E-09 6.7454E-09 6.8784E-09 7.0195E-09 7.1695E-09 7.3287E-09 7.4980E-09 7.6777E-09 7.8686E-09 8.0709E-09 8.2860E-09 8.5186E-09 8.7632E-09 9.0214E-09 9.3046E-09 9.6088E-09 9.9384E-09 1.0291E-08 1.0670E-08 1.1108E-08 1.1614E-08 1.2186E-08
3.9711E-09 4.0397E-09 4.1072E-09 4.1750E-09 4.2428E-09 4.3106E-09 4.3779E-09 4.4448E-09 4.5105E-09 4.5763E-09 4.6412E-09 4.7062E-09 4.7706E-09 4.8348E-09 4.8995E-09 4.9637E-09 5.0286E-09 5.0929E-09 5.1576E-09 5.2221E-09 5.2874E-09 5.3524E-09 5.4245E-09 5.4972E-09 5.5737E-09 5.6552E-09 5.7394E-09 5.8264E-09 5.9164E-09 6.0106E-09 6.1094E-09 6.2115E-09 6.3207E-09 6.4324E-09 6.5487E-09 6.6704E-09 6.7979E-09 6.9327E-09 7.0759E-09 7.2280E-09 7.3897E-09 7.5615E-09 7.7442E-09 7.9381E-09 8.1445E-09 8.3682E-09 8.6039E-09 8.8521E-09 9.1277E-09 9.4234E-09 9.7456E-09 1.0094E-08 1.0466E-08 1.0899E-08 1.1417E-08 1.1986E-08 1.2592E-08
4.0001E-09 4.0684E-09 4.1371E-09 4.2054E-09 4.2736E-09 4.3418E-09 4.4094E-09 4.4766E-09 4.5429E-09 4.6090E-09 4.6743E-09 4.7396E-09 4.8043E-09 4.8689E-09 4.9339E-09 4.9990E-09 5.0642E-09 5.1281E-09 5.1930E-09 5.2578E-09 5.3233E-09 5.3929E-09 5.4653E-09 5.5402E-09 5.6174E-09 5.6975E-09 5.7822E-09 5.8679E-09 5.9586E-09 6.0526E-09 6.1522E-09 6.2562E-09 6.3645E-09 6.4773E-09 6.5948E-09 6.7177E-09 6.8468E-09 6.9831E-09 7.1280E-09 7.2820E-09 7.4458E-09 7.6200E-09 7.8052E-09 8.0026E-09 8.2173E-09 8.4423E-09 8.6811E-09 8.9477E-09 9.2343E-09 9.5474E-09 9.8890E-09 1.0255E-08 1.0670E-08 1.1192E-08 1.1745E-08 1.2353E-08 1.3024E-08
4.0280E-09 4.0964E-09 4.1655E-09 4.2344E-09 4.3030E-09 4.3716E-09 4.4396E-09 4.5064E-09 4.5738E-09 4.6403E-09 4.7058E-09 4.7715E-09 4.8365E-09 4.9013E-09 4.9666E-09 5.0323E-09 5.0975E-09 5.1618E-09 5.2267E-09 5.2916E-09 5.3570E-09 5.4269E-09 5.5000E-09 5.5753E-09 5.6537E-09 5.7362E-09 5.8206E-09 5.9070E-09 5.9964E-09 6.0920E-09 6.1923E-09 6.2970E-09 6.4080E-09 6.5190E-09 6.6374E-09 6.7615E-09 6.8917E-09 7.0294E-09 7.1757E-09 7.3314E-09 7.4970E-09 7.6731E-09 7.8614E-09 8.0657E-09 8.2807E-09 8.5092E-09 8.7668E-09 9.0428E-09 9.3436E-09 9.6752E-09 1.0032E-08 1.0433E-08 1.0949E-08 1.1483E-08 1.2077E-08 1.2761E-08 1.3497E-08
4.0545E-09 4.1234E-09 4.1928E-09 4.2621E-09 4.3311E-09 4.4000E-09 4.4684E-09 4.5355E-09 4.6032E-09 4.6700E-09 4.7358E-09 4.8018E-09 4.8670E-09 4.9321E-09 4.9977E-09 5.0633E-09 5.1287E-09 5.1942E-09 5.2585E-09 5.3237E-09 5.3892E-09 5.4594E-09 5.5325E-09 5.6084E-09 5.6883E-09 5.7709E-09 5.8568E-09 5.9438E-09 6.0336E-09 6.1278E-09 6.2287E-09 6.3349E-09 6.4456E-09 6.5573E-09 6.6766E-09 6.8015E-09 6.9327E-09 7.0714E-09 7.2190E-09 7.3759E-09 7.5430E-09 7.7219E-09 7.9154E-09 8.1200E-09 8.3380E-09 8.5859E-09 8.8497E-09 9.1356E-09 9.4552E-09 9.8015E-09 1.0184E-08 1.0677E-08 1.1202E-08 1.1788E-08 1.2456E-08 1.3194E-08 1.4009E-08
4.0795E-09 4.1487E-09 4.2188E-09 4.2884E-09 4.3577E-09 4.4269E-09 4.4947E-09 4.5630E-09 4.6310E-09 4.6979E-09 4.7643E-09 4.8305E-09 4.8960E-09 4.9613E-09 5.0268E-09 5.0926E-09 5.1585E-09 5.2238E-09 5.2886E-09 5.3538E-09 5.4195E-09 5.4896E-09 5.5633E-09 5.6394E-09 5.7193E-09 5.8023E-09 5.8888E-09 5.9767E-09 6.0663E-09 6.1609E-09 6.2622E-09 6.3682E-09 6.4800E-09 6.5931E-09 6.7121E-09 6.8376E-09 6.9695E-09 7.1091E-09 7.2575E-09 7.4155E-09 7.5847E-09 7.7674E-09 7.9614E-09 8.1688E-09 8.4043E-09 8.6560E-09 8.9279E-09 9.2324E-09 9.5655E-09 9.9308E-09 1.0395E-08 1.0905E-08 1.1480E-08 1.2137E-08 1.2867E-08 1.3683E-08 1.4576E-08
4.1025E-09 4.1729E-09 4.2433E-09 4.3132E-09 4.3829E-09 4.4524E-09 4.5204E-09 4.5891E-09 4.6573E-09 4.7242E-09 4.7911E-09 4.8573E-09 4.9232E-09 4.9887E-09 5.0542E-09 5.1202E-09 5.1865E-09 5.2519E-09 5.3168E-09 5.3818E-09 5.4476E-09 5.5203E-09 5.5920E-09 5.6683E-09 5.7485E-09 5.8314E-09 5.9184E-09 6.0072E-09 6.0970E-09 6.1930E-09 6.2927E-09 6.3990E-09 6.5111E-09 6.6246E-09 6.7433E-09 6.8698E-09 7.0022E-09 7.1423E-09 7.2913E-09 7.4507E-09 7.6228E-09 7.8060E-09 8.0028E-09 8.2240E-09 8.4623E-09 8.7205E-09 9.0096E-09 9.3270E-09 9.6758E-09 1.0105E-08 1.0597E-08 1.1142E-08 1.1781E-08 1.2500E-08 1.3305E-08 1.4207E-08 1.5203E-08
4.1248E-09 4.1957E-09 4.2664E-09 4.3367E-09 4.4066E-09 4.4754E-09 4.5447E-09 4.6136E-09 4.6818E-09 4.7492E-09 4.8161E-09 4.8827E-09 4.9488E-09 5.0145E-09 5.0801E-09 5.1462E-09 5.2126E-09 5.2781E-09 5.3431E-09 5.4082E-09 5.4737E-09 5.5465E-09 5.6207E-09 5.6969E-09 5.7751E-09 5.8585E-09 5.9456E-09 6.0345E-09 6.1244E-09 6.2205E-09 6.3196E-09 6.4266E-09 6.5388E-09 6.6524E-09 6.7713E-09 6.8974E-09 7.0306E-09 7.1709E-09 7.3206E-09 7.4823E-09 7.6546E-09 7.8401E-09 8.0469E-09 8.2712E-09 8.5151E-09 8.7883E-09 9.0878E-09 9.4181E-09 9.8119E-09 1.0279E-08 1.0802E-08 1.1407E-08 1.2117E-08 1.2893E-08 1.3783E-08 1.4774E-08 1.5877E-08
4.1459E-09 4.2171E-09 4.2881E-09 4.3586E-09 4.4288E-09 4.4976E-09 4.5674E-09 4.6365E-09 4.7050E-09 4.7725E-09 4.8396E-09 4.9064E-09 4.9727E-09 5.0380E-09 5.1039E-09 5.1704E-09 5.2369E-09 5.3025E-09 5.3675E-09 5.4324E-09 5.4982E-09 5.5710E-09 5.6452E-09 5.7222E-09 5.8009E-09 5.8831E-09 5.9700E-09 6.0591E-09 6.1490E-09 6.2439E-09 6.3441E-09 6.4511E-09 6.5632E-09 6.6758E-09 6.7955E-09 6.9216E-09 7.0546E-09 7.1951E-09 7.3464E-09 7.5081E-09 7.6816E-09 7.8745E-09 8.0842E-09 8.3131E-09 8.5701E-09 8.8508E-09 9.1616E-09 9.5267E-09 9.9589E-09 1.0457E-08 1.1036E-08 1.1706E-08 1.2466E-08 1.3320E-08 1.4294E-08 1.5398E-08 1.6623E-08
4.1656E-09 4.2371E-09 4.3083E-09 4.3790E-09 4.4485E-09 4.5185E-09 4.5885E-09 4.6578E-09 4.7264E-09 4.7939E-09 4.8614E-09 4.9284E-09 4.9948E-09 5.0602E-09 5.1263E-09 5.1928E-09 5.2593E-09 5.3249E-09 5.3897E-09 5.4546E-09 5.5224E-09 5.5934E-09 5.6684E-09 5.7444E-09 5.8243E-09 5.9052E-09 5.9922E-09 6.0812E-09 6.1709E-09 6.2656E-09 6.3656E-09 6.4723E-09 6.5841E-09 6.6959E-09 6.8153E-09 6.9416E-09 7.0744E-09 7.2155E-09 7.3670E-09 7.5287E-09 7.7078E-09 7.9029E-09 8.1165E-09 8.3562E-09 8.6186E-09 8.9092E-09 9.2461E-09 9.6397E-09 1.0108E-08 1.0643E-08 1.1280E-08 1.2007E-08 1.2828E-08 1.3781E-08 1.4852E-08 1.6061E-08 1.7419E-08
4.1838E-09 4.2555E-09 4.3268E-09 4.3980E-09 4.4673E-09 4.5379E-09 4.6080E-09 4.6772E-09 4.7455E-09 4.8139E-09 4.8815E-09 4.9486E-09 5.0149E-09 5.0804E-09 5.1465E-09 5.2134E-09 5.2793E-09 5.3446E-09 5.4097E-09 5.4751E-09 5.5428E-09 5.6138E-09 5.6884E-09 5.7640E-09 5.8444E-09 5.9250E-09 6.0118E-09 6.1003E-09 6.1900E-09 6.2830E-09 6.3840E-09 6.4903E-09 6.5998E-09 6.7129E-09 6.8317E-09 6.9575E-09 7.0901E-09 7.2315E-09 7.3826E-09 7.5474E-09 7.7281E-09 7.9265E-09 8.1480E-09 8.3917E-09 8.6630E-09 8.9726E-09 9.3316E-09 9.7597E-09 1.0260E-08 1.0859E-08 1.1535E-08 1.2327E-08 1.3227E-08 1.4259E-08 1.5435E-08 1.6769E-08 1.8261E-08
4.2006E-09 4.2725E-09 4.3440E-09 4.4141E-09 4.4849E-09 4.5556E-09 4.6259E-09 4.6953E-09 4.7635E-09 4.8322E-09 4.8999E-09 4.9671E-09 5.0334E-09 5.0990E-09 5.1651E-09 5.2320E-09 5.2977E-09 5.3627E-09 5.4283E-09 5.4933E-09 5.5612E-09 5.6338E-09 5.7058E-09 5.7819E-09 5.8618E-09 5.9435E-09 6.0287E-09 6.1151E-09 6.2064E-09 6.2989E-09 6.3994E-09 6.5041E-09 6.6132E-09 6.7262E-09 6.8444E-09 6.9688E-09 7.1020E-09 7.2427E-09 7.3949E-09 7.5611E-09 7.7440E-09 7.9472E-09 8.1726E-09 8.4237E-09 8.7083E-09 9.0338E-09 9.4191E-09 9.8802E-09 1.0426E-08 1.1068E-08 1.1802E-08 1.2651E-08 1.3631E-08 1.4757E-08 1.6056E-08 1.7513E-08 1.9145E-08
4.2159E-09 4.2878E-09 4.3588E-09 4.4299E-09 4.5009E-09 4.5717E-09 4.6419E-09 4.7107E-09 4.7799E-09 4.8487E-09 4.9165E-09 4.9835E-09 5.0497E-09 5.1158E-09 5.1819E-09 5.2485E-09 5.3145E-09 5.3791E-09 5.4448E-09 5.5097E-09 5.5775E-09 5.6494E-09 5.7211E-09 5.7976E-09 5.8772E-09 5.9582E-09 6.0419E-09 6.1280E-09 6.2174E-09 6.3119E-09 6.4116E-09 6.5137E-09 6.6230E-09 6.7354E-09 6.8531E-09 6.9770E-09 7.1094E-09 7.2496E-09 7.4036E-09 7.5703E-09 7.7558E-09 7.9629E-09 8.1929E-09 8.4538E-09 8.7493E-09 9.0936E-09 9.5098E-09 9.9953E-09 1.0590E-08 1.1271E-08 1.2064E-08 1.2991E-08 1.4054E-08 1.5282E-08 1.6681E-08 1.8264E-08 2.0044E-08
4.2294E-09 4.3017E-09 4.3725E-09 4.4442E-09 4.5153E-09 4.5859E-09 4.6554E-09 4.7253E-09 4.7947E-09 4.8636E-09 4.9312E-09 4.9982E-09 5.0647E-09 5.1307E-09 5.1968E-09 5.2629E-09 5.3278E-09 5.3938E-09 5.4591E-09 5.5241E-09 5.5915E-09 5.6609E-09 5.7341E-09 5.8108E-09 5.8903E-09 5.9700E-09 6.0540E-09 6.1385E-09 6.2282E-09 6.3220E-09 6.4208E-09 6.5214E-09 6.6272E-09 6.7415E-09 6.8575E-09 6.9811E-09 7.1119E-09 7.2531E-09 7.4070E-09 7.5755E-09 7.7633E-09 7.9730E-09 8.2102E-09 8.4780E-09 8.7863E-09 9.1549E-09 9.5915E-09 1.0119E-08 1.0743E-08 1.1484E-08 1.2332E-08 1.3321E-08 1.4470E-08 1.5794E-08 1.7304E-08 1.9018E-08 2.0937E-08
