Assets/Resources/2015_m01_d06_1500(utc+0800)_l00_csi_1hr_conc.grd
DSAA
         159         159
     -79.000      79.000
     -79.000      79.000
  0.0000E+00  0.1208E-04
[rows 25 to 49 of 159, columns 57 to 113 of 159]
2.6104E-10 3.3615E-10 4.2427E-10 5.2661E-10 6.5405E-10 8.0213E-10 9.7144E-10 1.1687E-09 1.3937E-09 1.6524E-09 1.9470E-09 2.2790E-09 2.6498E-09 3.0601E-09 3.5102E-09 3.9976E-09 4.5189E-09 5.0711E-09 5.6509E-09 6.2507E-09 6.8625E-09 7.4775E-09 8.0876E-09 8.6833E-09 9.2551E-09 9.7933E-09 1.0287E-08 1.0729E-08 1.1109E-08 1.1422E-08 1.1661E-08 1.1822E-08 1.1904E-08 1.1905E-08 1.1827E-08 1.1672E-08 1.1444E-08 1.1150E-08 1.0794E-08 1.0387E-08 9.9347E-09 9.4463E-09 8.9299E-09 8.3938E-09 7.8446E-09 7.2927E-09 6.7433E-09 6.2035E-09 5.6774E-09 5.1717E-09 4.6858E-09 4.2279E-09 3.7973E-09 3.3915E-09 3.0194E-09 2.6762E-09 2.3573E-09
2.4487E-10 3.1941E-10 4.0496E-10 5.0493E-10 6.3245E-10 7.7900E-10 9.5056E-10 1.1467E-09 1.3731E-09 1.6345E-09 1.9329E-09 2.2711E-09 2.6513E-09 3.0741E-09 3.5376E-09 4.0405E-09 4.5821E-09 5.1582E-09 5.7622E-09 6.3868E-09 7.0254E-09 7.6697E-09 8.3104E-09 8.9366E-09 9.5373E-09 1.0102E-08 1.0619E-08 1.1081E-08 1.1477E-08 1.1802E-08 1.2048E-08 1.2212E-08 1.2291E-08 1.2285E-08 1.2195E-08 1.2025E-08 1.1777E-08 1.1460E-08 1.1079E-08 1.0644E-08 1.0162E-08 9.6433E-09 9.0974E-09 8.5336E-09 7.9596E-09 7.3821E-09 6.8092E-09 6.2498E-09 5.7059E-09 5.1836E-09 4.6874E-09 4.2171E-09 3.7774E-09 3.3693E-09 2.9870E-09 2.6411E-09 2.3243E-09
2.2856E-10 3.0223E-10 3.8547E-10 4.8472E-10 6.1130E-10 7.5576E-10 9.2911E-10 1.1237E-09 1.3514E-09 1.6145E-09 1.9169E-09 2.2614E-09 2.6496E-09 3.0815E-09 3.5576E-09 4.0785E-09 4.6398E-09 5.2363E-09 5.8631E-09 6.5144E-09 7.1830E-09 7.8579E-09 8.5285E-09 9.1837E-09 9.8120E-09 1.0402E-08 1.0944E-08 1.1427E-08 1.1842E-08 1.2179E-08 1.2434E-08 1.2601E-08 1.2678E-08 1.2665E-08 1.2562E-08 1.2375E-08 1.2106E-08 1.1765E-08 1.1358E-08 1.0894E-08 1.0384E-08 9.8354E-09 9.2600E-09 8.6656E-09 8.0635E-09 7.4621E-09 6.8675E-09 6.2851E-09 5.7236E-09 5.1859E-09 4.6751E-09 4.1957E-09 3.7473E-09 3.3316E-09 2.9501E-09 2.5973E-09 2.2811E-09
2.1294E-10 2.8488E-10 3.6482E-10 4.6434E-10 5.8961E-10 7.3228E-10 9.0481E-10 1.0996E-09 1.3275E-09 1.5924E-09 1.8987E-09 2.2484E-09 2.6427E-09 3.0839E-09 3.5736E-09 4.1092E-09 4.6880E-09 5.3062E-09 5.9594E-09 6.6390E-09 7.3356E-09 8.0390E-09 8.7391E-09 9.4245E-09 1.0083E-08 1.0703E-08 1.1271E-08 1.1777E-08 1.2209E-08 1.2560E-08 1.2823E-08 1.2993E-08 1.3067E-08 1.3046E-08 1.2931E-08 1.2726E-08 1.2437E-08 1.2070E-08 1.1636E-08 1.1142E-08 1.0600E-08 1.0020E-08 9.4146E-09 8.7913E-09 8.1616E-09 7.5312E-09 6.9118E-09 6.3110E-09 5.7302E-09 5.1765E-09 4.6542E-09 4.1628E-09 3.7074E-09 3.2863E-09 2.8997E-09 2.5493E-09 2.2277E-09
1.9698E-10 2.6828E-10 3.4588E-10 4.4452E-10 5.6612E-10 7.0994E-10 8.8088E-10 1.0748E-09 1.3025E-09 1.5696E-09 1.8786E-09 2.2316E-09 2.6323E-09 3.0836E-09 3.5843E-09 4.1330E-09 4.7289E-09 5.3680E-09 6.0435E-09 6.7469E-09 7.4700E-09 8.2033E-09 8.9355E-09 9.6526E-09 1.0341E-08 1.0988E-08 1.1581E-08 1.2108E-08 1.2558E-08 1.2923E-08 1.3194E-08 1.3368E-08 1.3440E-08 1.3412E-08 1.3284E-08 1.3062E-08 1.2751E-08 1.2360E-08 1.1897E-08 1.1374E-08 1.0802E-08 1.0192E-08 9.5541E-09 8.9008E-09 8.2427E-09 7.5884E-09 6.9460E-09 6.3200E-09 5.7230E-09 5.1547E-09 4.6184E-09 4.1197E-09 3.6549E-09 3.2300E-09 2.8408E-09 2.4881E-09 2.1712E-09
1.7904E-10 2.4713E-10 3.2835E-10 4.2458E-10 5.4286E-10 6.8496E-10 8.5614E-10 1.0482E-09 1.2766E-09 1.5445E-09 1.8542E-09 2.2111E-09 2.6188E-09 3.0777E-09 3.5871E-09 4.1498E-09 4.7620E-09 5.4179E-09 6.1137E-09 6.8423E-09 7.5950E-09 8.3588E-09 9.1202E-09 9.8664E-09 1.0584E-08 1.1259E-08 1.1878E-08 1.2428E-08 1.2898E-08 1.3277E-08 1.3558E-08 1.3735E-08 1.3805E-08 1.3769E-08 1.3628E-08 1.3387E-08 1.3054E-08 1.2637E-08 1.2146E-08 1.1593E-08 1.0990E-08 1.0348E-08 9.6797E-09 8.9972E-09 8.3091E-09 7.6270E-09 6.9614E-09 6.3189E-09 5.7015E-09 5.1183E-09 4.5720E-09 4.0624E-09 3.5944E-09 3.1627E-09 2.7733E-09 2.4184E-09 2.1030E-09
1.5779E-10 2.2545E-10 3.1095E-10 4.0460E-10 5.2081E-10 6.6181E-10 8.2947E-10 1.0214E-09 1.2491E-09 1.5159E-09 1.8274E-09 2.1885E-09 2.6000E-09 3.0636E-09 3.5837E-09 4.1583E-09 4.7841E-09 5.4582E-09 6.1764E-09 6.9291E-09 7.7057E-09 8.4949E-09 9.2846E-09 1.0061E-08 1.0810E-08 1.1514E-08 1.2160E-08 1.2733E-08 1.3221E-08 1.3614E-08 1.3903E-08 1.4084E-08 1.4152E-08 1.4108E-08 1.3954E-08 1.3696E-08 1.3340E-08 1.2897E-08 1.2377E-08 1.1793E-08 1.1158E-08 1.0484E-08 9.7844E-09 9.0726E-09 8.3578E-09 7.6509E-09 6.9595E-09 6.2956E-09 5.6644E-09 5.0673E-09 4.5087E-09 3.9932E-09 3.5182E-09 3.0873E-09 2.6943E-09 2.3437E-09 2.0274E-09
1.3790E-10 2.0264E-10 2.8833E-10 3.8208E-10 4.9838E-10 6.3718E-10 8.0122E-10 9.9346E-10 1.2187E-09 1.4850E-09 1.7980E-09 2.1602E-09 2.5735E-09 3.0442E-09 3.5724E-09 4.1560E-09 4.7941E-09 5.4854E-09 6.2213E-09 6.9924E-09 7.7914E-09 8.6067E-09 9.4246E-09 1.0230E-08 1.1005E-08 1.1736E-08 1.2407E-08 1.3002E-08 1.3509E-08 1.3916E-08 1.4215E-08 1.4399E-08 1.4465E-08 1.4413E-08 1.4246E-08 1.3970E-08 1.3593E-08 1.3124E-08 1.2577E-08 1.1963E-08 1.1297E-08 1.0592E-08 9.8618E-09 9.1205E-09 8.3794E-09 7.6500E-09 6.9398E-09 6.2563E-09 5.6066E-09 4.9990E-09 4.4326E-09 3.9088E-09 3.4313E-09 2.9977E-09 2.6085E-09 2.2571E-09 1.9476E-09
1.1830E-10 1.7989E-10 2.6185E-10 3.5898E-10 4.7620E-10 6.0986E-10 7.7268E-10 9.6260E-10 1.1856E-09 1.4513E-09 1.7637E-09 2.1245E-09 2.5421E-09 3.0171E-09 3.5497E-09 4.1416E-09 4.7931E-09 5.4978E-09 6.2508E-09 7.0443E-09 7.8689E-09 8.7096E-09 9.5535E-09 1.0385E-08 1.1189E-08 1.1946E-08 1.2642E-08 1.3261E-08 1.3788E-08 1.4209E-08 1.4517E-08 1.4705E-08 1.4769E-08 1.4709E-08 1.4529E-08 1.4234E-08 1.3833E-08 1.3337E-08 1.2759E-08 1.2114E-08 1.1416E-08 1.0680E-08 9.9203E-09 9.1489E-09 8.3784E-09 7.6228E-09 6.8932E-09 6.1946E-09 5.5327E-09 4.9108E-09 4.3382E-09 3.8116E-09 3.3307E-09 2.8979E-09 2.5100E-09 2.1629E-09 1.8580E-09
9.9360E-11 1.5812E-10 2.3629E-10 3.3139E-10 4.5026E-10 5.8203E-10 7.4225E-10 9.2911E-10 1.1499E-09 1.4139E-09 1.7225E-09 2.0848E-09 2.5035E-09 2.9793E-09 3.5167E-09 4.1173E-09 4.7776E-09 5.4943E-09 6.2628E-09 7.0739E-09 7.9165E-09 8.7783E-09 9.6455E-09 1.0502E-08 1.1330E-08 1.2113E-08 1.2832E-08 1.3471E-08 1.4015E-08 1.4450E-08 1.4767E-08 1.4958E-08 1.5020E-08 1.4952E-08 1.4758E-08 1.4445E-08 1.4022E-08 1.3501E-08 1.2896E-08 1.2221E-08 1.1492E-08 1.0725E-08 9.9372E-09 9.1412E-09 8.3504E-09 7.5732E-09 6.8227E-09 6.1079E-09 5.4364E-09 4.8095E-09 4.2270E-09 3.6989E-09 3.2189E-09 2.7875E-09 2.4017E-09 2.0632E-09 1.7617E-09
8.5403E-11 1.3809E-10 2.0918E-10 3.0144E-10 4.2012E-10 5.5092E-10 7.0881E-10 8.9209E-10 1.1126E-09 1.3704E-09 1.6778E-09 2.0391E-09 2.4548E-09 2.9315E-09 3.4738E-09 4.0786E-09 4.7456E-09 5.4729E-09 6.2531E-09 7.0783E-09 7.9401E-09 8.8251E-09 9.7175E-09 1.0599E-08 1.1453E-08 1.2260E-08 1.3001E-08 1.3661E-08 1.4221E-08 1.4669E-08 1.4994E-08 1.5188E-08 1.5247E-08 1.5171E-08 1.4963E-08 1.4631E-08 1.4184E-08 1.3637E-08 1.3003E-08 1.2298E-08 1.1540E-08 1.0744E-08 9.9274E-09 9.1025E-09 8.2867E-09 7.4929E-09 6.7291E-09 6.0001E-09 5.3163E-09 4.6844E-09 4.1037E-09 3.5703E-09 3.0942E-09 2.6663E-09 2.2883E-09 1.9535E-09 1.6634E-09
7.3176E-11 1.1960E-10 1.8736E-10 2.7259E-10 3.8414E-10 5.1832E-10 6.7158E-10 8.5521E-10 1.0701E-09 1.3249E-09 1.6300E-09 1.9849E-09 2.3983E-09 2.8768E-09 3.4182E-09 4.0244E-09 4.6969E-09 5.4320E-09 6.2240E-09 7.0657E-09 7.9455E-09 8.8496E-09 9.7622E-09 1.0666E-08 1.1542E-08 1.2372E-08 1.3135E-08 1.3814E-08 1.4391E-08 1.4851E-08 1.5183E-08 1.5378E-08 1.5433E-08 1.5348E-08 1.5126E-08 1.4775E-08 1.4305E-08 1.3731E-08 1.3069E-08 1.2335E-08 1.1547E-08 1.0723E-08 9.8806E-09 9.0346E-09 8.1975E-09 7.3818E-09 6.6033E-09 5.8697E-09 5.1787E-09 4.5407E-09 3.9589E-09 3.4329E-09 2.9545E-09 2.5365E-09 2.1653E-09 1.8389E-09 1.5568E-09
6.5246E-11 1.0430E-10 1.6526E-10 2.4299E-10 3.5310E-10 4.7918E-10 6.3264E-10 8.1317E-10 1.0244E-09 1.2771E-09 1.5750E-09 1.9257E-09 2.3378E-09 2.8113E-09 3.3487E-09 3.9564E-09 4.6317E-09 5.3721E-09 6.1724E-09 7.0250E-09 7.9180E-09 8.8380E-09 9.7693E-09 1.0695E-08 1.1594E-08 1.2447E-08 1.3232E-08 1.3930E-08 1.4522E-08 1.4993E-08 1.5331E-08 1.5528E-08 1.5578E-08 1.5482E-08 1.5245E-08 1.4873E-08 1.4379E-08 1.3780E-08 1.3089E-08 1.2327E-08 1.1512E-08 1.0661E-08 9.7940E-09 8.9264E-09 8.0733E-09 7.2472E-09 6.4539E-09 5.7095E-09 5.0189E-09 4.3802E-09 3.7989E-09 3.2764E-09 2.8095E-09 2.3943E-09 2.0346E-09 1.7187E-09 1.4458E-09
5.9477E-11 9.1723E-11 1.4596E-10 2.1785E-10 3.1828E-10 4.4305E-10 5.9469E-10 7.6519E-10 9.7570E-10 1.2241E-09 1.5152E-09 1.8626E-09 2.2687E-09 2.7354E-09 3.2717E-09 3.8771E-09 4.5510E-09 5.2930E-09 6.0978E-09 6.9582E-09 7.8638E-09 8.8012E-09 9.7524E-09 1.0698E-08 1.1619E-08 1.2493E-08 1.3298E-08 1.4015E-08 1.4623E-08 1.5106E-08 1.5451E-08 1.5649E-08 1.5696E-08 1.5591E-08 1.5338E-08 1.4947E-08 1.4431E-08 1.3803E-08 1.3083E-08 1.2291E-08 1.1447E-08 1.0569E-08 9.6780E-09 8.7877E-09 7.9149E-09 7.0766E-09 6.2804E-09 5.5306E-09 4.8357E-09 4.2020E-09 3.6260E-09 3.1096E-09 2.6526E-09 2.2496E-09 1.8973E-09 1.5941E-09 1.3331E-09
5.1617E-11 8.3166E-11 1.2883E-10 1.9205E-10 2.8530E-10 4.0136E-10 5.4643E-10 7.2114E-10 9.2410E-10 1.1674E-09 1.4534E-09 1.7938E-09 2.1907E-09 2.6529E-09 3.1838E-09 3.7844E-09 4.4573E-09 5.1998E-09 6.0072E-09 6.8746E-09 7.7890E-09 8.7362E-09 9.6999E-09 1.0661E-08 1.1600E-08 1.2493E-08 1.3318E-08 1.4052E-08 1.4675E-08 1.5168E-08 1.5520E-08 1.5719E-08 1.5762E-08 1.5647E-08 1.5379E-08 1.4969E-08 1.4430E-08 1.3778E-08 1.3032E-08 1.2213E-08 1.1340E-08 1.0437E-08 9.5235E-09 8.6150E-09 7.7315E-09 6.8801E-09 6.0767E-09 5.3289E-09 4.6379E-09 4.0060E-09 3.4399E-09 2.9338E-09 2.4863E-09 2.0979E-09 1.7565E-09 1.4668E-09 1.2215E-09
4.5782E-11 7.3922E-11 1.1649E-10 1.7535E-10 2.5622E-10 3.6581E-10 5.0220E-10 6.7272E-10 8.7180E-10 1.1065E-09 1.3893E-09 1.7205E-09 2.1095E-09 2.5650E-09 3.0882E-09 3.6830E-09 4.3511E-09 5.0916E-09 5.8996E-09 6.7667E-09 7.6826E-09 8.6352E-09 9.6086E-09 1.0584E-08 1.1537E-08 1.2445E-08 1.3286E-08 1.4034E-08 1.4668E-08 1.5171E-08 1.5529E-08 1.5729E-08 1.5768E-08 1.5645E-08 1.5365E-08 1.4937E-08 1.4377E-08 1.3700E-08 1.2929E-08 1.2086E-08 1.1192E-08 1.0268E-08 9.3342E-09 8.4127E-09 7.5169E-09 6.6610E-09 5.8554E-09 5.1052E-09 4.4219E-09 3.8012E-09 3.2424E-09 2.7505E-09 2.3169E-09 1.9379E-09 1.6176E-09 1.3380E-09 1.1046E-09
3.9304E-11 6.4457E-11 1.0655E-10 1.5777E-10 2.3487E-10 3.3423E-10 4.5992E-10 6.2409E-10 8.1708E-10 1.0442E-09 1.3182E-09 1.6422E-09 2.0249E-09 2.4708E-09 2.9846E-09 3.5718E-09 4.2350E-09 4.9698E-09 5.7734E-09 6.6400E-09 7.5605E-09 8.5209E-09 9.5027E-09 1.0487E-08 1.1451E-08 1.2373E-08 1.3225E-08 1.3986E-08 1.4632E-08 1.5143E-08 1.5505E-08 1.5705E-08 1.5739E-08 1.5607E-08 1.5314E-08 1.4869E-08 1.4289E-08 1.3592E-08 1.2798E-08 1.1931E-08 1.1013E-08 1.0070E-08 9.1209E-09 8.1865E-09 7.2803E-09 6.4221E-09 5.6163E-09 4.8739E-09 4.1936E-09 3.5860E-09 3.0424E-09 2.5634E-09 2.1457E-09 1.7835E-09 1.4765E-09 1.2106E-09 9.9081E-10
3.3018E-11 5.5066E-11 9.4705E-11 1.4389E-10 2.1418E-10 3.1006E-10 4.2691E-10 5.7160E-10 7.6096E-10 9.8494E-10 1.2488E-09 1.5647E-09 1.9378E-09 2.3734E-09 2.8787E-09 3.4571E-09 4.1123E-09 4.8405E-09 5.6406E-09 6.5067E-09 7.4273E-09 8.3887E-09 9.3743E-09 1.0365E-08 1.1337E-08 1.2268E-08 1.3132E-08 1.3903E-08 1.4557E-08 1.5075E-08 1.5439E-08 1.5639E-08 1.5667E-08 1.5525E-08 1.5218E-08 1.4756E-08 1.4155E-08 1.3436E-08 1.2622E-08 1.1736E-08 1.0802E-08 9.8436E-09 8.8807E-09 7.9382E-09 7.0302E-09 6.1685E-09 5.3675E-09 4.6312E-09 3.9660E-09 3.3660E-09 2.8405E-09 2.3767E-09 1.9782E-09 1.6327E-09 1.3367E-09 1.0881E-09 8.8112E-10
2.6411E-11 4.8652E-11 8.4736E-11 1.2719E-10 1.9648E-10 2.8093E-10 3.9701E-10 5.3310E-10 7.0635E-10 9.2199E-10 1.1789E-09 1.4881E-09 1.8512E-09 2.2770E-09 2.7748E-09 3.3456E-09 3.9889E-09 4.7075E-09 5.5017E-09 6.3618E-09 7.2782E-09 8.2380E-09 9.2264E-09 1.0223E-08 1.1202E-08 1.2140E-08 1.3010E-08 1.3787E-08 1.4446E-08 1.4968E-08 1.5333E-08 1.5529E-08 1.5552E-08 1.5400E-08 1.5080E-08 1.4603E-08 1.3986E-08 1.3249E-08 1.2416E-08 1.1511E-08 1.0562E-08 9.5932E-09 8.6256E-09 7.6760E-09 6.7674E-09 5.9104E-09 5.1150E-09 4.3886E-09 3.7343E-09 3.1548E-09 2.6400E-09 2.1974E-09 1.8117E-09 1.4814E-09 1.2056E-09 9.7028E-10 7.7564E-10
2.1916E-11 3.9398E-11 7.4155E-11 1.1379E-10 1.7440E-10 2.5534E-10 3.6760E-10 4.9450E-10 6.6016E-10 8.7057E-10 1.1168E-09 1.4166E-09 1.7689E-09 2.1897E-09 2.6769E-09 3.2351E-09 3.8708E-09 4.5822E-09 5.3721E-09 6.2335E-09 7.1524E-09 8.1170E-09 9.1097E-09 1.0111E-08 1.1097E-08 1.2041E-08 1.2919E-08 1.3703E-08 1.4368E-08 1.4892E-08 1.5256E-08 1.5448E-08 1.5462E-08 1.5297E-08 1.4960E-08 1.4463E-08 1.3824E-08 1.3067E-08 1.2214E-08 1.1293E-08 1.0328E-08 9.3416E-09 8.3639E-09 7.4126E-09 6.5019E-09 5.6495E-09 4.8640E-09 4.1498E-09 3.5097E-09 2.9432E-09 2.4502E-09 2.0196E-09 1.6561E-09 1.3436E-09 1.0810E-09 8.5786E-10 6.7758E-10
1.3010E-11 3.3644E-11 6.2632E-11 1.0006E-10 1.5897E-10 2.3404E-10 3.3439E-10 4.6315E-10 6.1493E-10 8.1594E-10 1.0574E-09 1.3531E-09 1.6980E-09 2.1090E-09 2.5846E-09 3.1346E-09 3.7623E-09 4.4690E-09 5.2562E-09 6.1137E-09 7.0297E-09 7.9939E-09 8.9859E-09 9.9880E-09 1.0977E-08 1.1928E-08 1.2810E-08 1.3598E-08 1.4264E-08 1.4787E-08 1.5148E-08 1.5334E-08 1.5340E-08 1.5164E-08 1.4813E-08 1.4300E-08 1.3644E-08 1.2867E-08 1.1996E-08 1.1057E-08 1.0079E-08 9.0881E-09 8.1052E-09 7.1495E-09 6.2440E-09 5.3961E-09 4.6182E-09 3.9165E-09 3.2913E-09 2.7415E-09 2.2647E-09 1.8549E-09 1.5077E-09 1.2142E-09 9.6440E-10 7.5230E-10 5.7819E-10
9.2217E-12 2.7372E-11 4.9723E-11 8.6414E-11 1.3743E-10 2.0847E-10 3.0377E-10 4.2403E-10 5.7410E-10 7.6486E-10 9.9638E-10 1.2841E-09 1.6321E-09 2.0298E-09 2.4962E-09 3.0419E-09 3.6643E-09 4.3647E-09 5.1488E-09 6.0029E-09 6.9210E-09 7.8893E-09 8.8927E-09 9.9040E-09 1.0901E-08 1.1856E-08 1.2743E-08 1.3534E-08 1.4202E-08 1.4726E-08 1.5083E-08 1.5261E-08 1.5255E-08 1.5064E-08 1.4695E-08 1.4163E-08 1.3487E-08 1.2690E-08 1.1802E-08 1.0847E-08 9.8509E-09 8.8457E-09 7.8574E-09 6.9058E-09 5.9972E-09 5.1588E-09 4.3880E-09 3.6985E-09 3.0866E-09 2.5556E-09 2.0953E-09 1.7043E-09 1.3743E-09 1.0959E-09 8.5398E-10 6.4809E-10 4.9011E-10
8.4117E-12 2.1656E-11 4.0993E-11 7.5033E-11 1.1816E-10 1.8476E-10 2.7227E-10 3.8365E-10 5.2528E-10 7.1497E-10 9.3937E-10 1.2185E-09 1.5561E-09 1.9473E-09 2.4126E-09 2.9501E-09 3.5658E-09 4.2668E-09 5.0522E-09 5.9118E-09 6.8424E-09 7.8250E-09 8.8410E-09 9.8653E-09 1.0873E-08 1.1841E-08 1.2737E-08 1.3535E-08 1.4206E-08 1.4726E-08 1.5076E-08 1.5245E-08 1.5225E-08 1.5016E-08 1.4627E-08 1.4075E-08 1.3376E-08 1.2557E-08 1.1644E-08 1.0670E-08 9.6614E-09 8.6464E-09 7.6445E-09 6.6849E-09 5.7801E-09 4.9421E-09 4.1854E-09 3.5013E-09 2.9060E-09 2.3846E-09 1.9449E-09 1.5668E-09 1.2563E-09 9.8457E-10 7.4424E-10 5.6140E-10 4.2997E-10
7.6075E-12 1.5153E-11 3.2692E-11 6.3850E-11 1.0012E-10 1.5996E-10 2.4109E-10 3.5085E-10 4.8650E-10 6.5277E-10 8.7975E-10 1.1506E-09 1.4742E-09 1.8651E-09 2.3241E-09 2.8556E-09 3.4687E-09 4.1696E-09 4.9588E-09 5.8286E-09 6.7708E-09 7.7657E-09 8.7978E-09 9.8437E-09 1.0871E-08 1.1851E-08 1.2760E-08 1.3566E-08 1.4241E-08 1.4764E-08 1.5109E-08 1.5267E-08 1.5229E-08 1.5002E-08 1.4587E-08 1.4009E-08 1.3285E-08 1.2443E-08 1.1509E-08 1.0515E-08 9.4902E-09 8.4628E-09 7.4561E-09 6.4917E-09 5.5870E-09 4.7539E-09 4.0006E-09 3.3345E-09 2.7448E-09 2.2405E-09 1.8090E-09 1.4486E-09 1.1504E-09 8.8017E-10 6.5999E-10 4.9975E-10 3.7397E-10
6.8216E-12 8.8227E-12 2.5415E-11 5.2055E-11 8.6228E-11 1.3836E-10 2.1020E-10 3.1151E-10 4.4092E-10 6.0418E-10 8.1795E-10 1.0802E-09 1.3958E-09 1.7851E-09 2.2304E-09 2.7581E-09 3.3714E-09 4.0784E-09 4.8727E-09 5.7563E-09 6.7141E-09 7.7369E-09 8.7993E-09 9.8746E-09 1.0933E-08 1.1939E-08 1.2869E-08 1.3692E-08 1.4378E-08 1.4901E-08 1.5245E-08 1.5394E-08 1.5339E-08 1.5085E-08 1.4646E-08 1.4032E-08 1.3269E-08 1.2392E-08 1.1429E-08 1.0407E-08 9.3592E-09 8.3119E-09 7.2953E-09 6.3222E-09 5.4181E-09 4.5864E-09 3.8385E-09 3.1751E-09 2.6022E-09 2.1073E-09 1.6895E-09 1.3467E-09 1.0503E-09 7.9059E-10 5.9634E-10 4.3409E-10 3.1025E-10
