Assets/Resources/2015_m01_d12_1800(utc+0800)_l00_csi_1hr_conc.grd
DSAA
         159         159
     -79.000      79.000
     -79.000      79.000
  0.0000E+00  0.1509E-04
[rows 0 to 24 of 159, columns 0 to 56 of 159]
2.3205E-10 2.3283E-10 2.3233E-10 2.3068E-10 2.2692E-10 2.2241E-10 2.1620E-10 2.0891E-10 2.0068E-10 1.9149E-10 1.8159E-10 1.7090E-10 1.5980E-10 1.4828E-10 1.3667E-10 1.2494E-10 1.1339E-10 9.8570E-11 8.1285E-11 6.5322E-11 5.1421E-11 4.0084E-11 3.1929E-11 2.6537E-11 1.8618E-11 1.0175E-11 4.0893E-12 1.2733E-12 0.0000E+00 0.0000E+00 0.0000E+00 0.0000E+00 0.0000E+00 0.0000E+00 0.0000E+00 0.0000E+00 0.0000E+00 0.0000E+00 0.0000E+00 0.0000E+00 0.0000E+00 0.0000E+00 0.0000E+00 0.0000E+00 0.0000E+00 0.0000E+00 0.0000E+00 0.0000E+00 0.0000E+00 0.0000E+00 0.0000E+00 0.0000E+00 0.0000E+00 0.0000E+00 0.0000E+00 0.0000E+00 0.0000E+00
2.7774E-10 2.7940E-10 2.7919E-10 2.7776E-10 2.7445E-10 2.6961E-10 2.6306E-10 2.5524E-10 2.4610E-10 2.3586E-10 2.2454E-10 2.1231E-10 1.9936E-10 1.8592E-10 1.7216E-10 1.5826E-10 1.4431E-10 1.3060E-10 1.1363E-10 9.5069E-11 7.7305E-11 6.2174E-11 4.9917E-11 4.0136E-11 3.4058E-11 2.6110E-11 1.7801E-11 9.0232E-12 2.2118E-12 0.0000E+00 0.0000E+00 0.0000E+00 0.0000E+00 0.0000E+00 0.0000E+00 0.0000E+00 0.0000E+00 0.0000E+00 0.0000E+00 0.0000E+00 0.0000E+00 0.0000E+00 0.0000E+00 0.0000E+00 0.0000E+00 0.0000E+00 0.0000E+00 0.0000E+00 0.0000E+00 0.0000E+00 0.0000E+00 0.0000E+00 0.0000E+00 0.0000E+00 0.0000E+00 0.0000E+00 0.0000E+00
3.2911E-10 3.3213E-10 3.3281E-10 3.3194E-10 3.2890E-10 3.2480E-10 3.1849E-10 3.1065E-10 3.0089E-10 2.8967E-10 2.7699E-10 2.6322E-10 2.4838E-10 2.3296E-10 2.1687E-10 2.0049E-10 1.8403E-10 1.6760E-10 1.5151E-10 1.3423E-10 1.1370E-10 9.2998E-11 7.5758E-11 6.2215E-11 5.1133E-11 4.2883E-11 3.3659E-11 2.4274E-11 1.4546E-11 6.5372E-12 6.9483E-13 0.0000E+00 0.0000E+00 0.0000E+00 0.0000E+00 0.0000E+00 0.0000E+00 0.0000E+00 0.0000E+00 0.0000E+00 0.0000E+00 0.0000E+00 0.0000E+00 0.0000E+00 0.0000E+00 0.0000E+00 0.0000E+00 0.0000E+00 0.0000E+00 0.0000E+00 0.0000E+00 0.0000E+00 0.0000E+00 0.0000E+00 0.0000E+00 0.0000E+00 0.0000E+00
3.8793E-10 3.9216E-10 3.9423E-10 3.9471E-10 3.9288E-10 3.8886E-10 3.8263E-10 3.7413E-10 3.6409E-10 3.5184E-10 3.3782E-10 3.2229E-10 3.0549E-10 2.8765E-10 2.6900E-10 2.4978E-10 2.3041E-10 2.1088E-10 1.9182E-10 1.7310E-10 1.5445E-10 1.3324E-10 1.1071E-10 9.0724E-11 7.3819E-11 6.1376E-11 5.1759E-11 4.0344E-11 2.9401E-11 1.8907E-11 1.0384E-11 2.7363E-12 4.7629E-13 0.0000E+00 0.0000E+00 0.0000E+00 0.0000E+00 0.0000E+00 0.0000E+00 0.0000E+00 0.0000E+00 0.0000E+00 0.0000E+00 0.0000E+00 0.0000E+00 0.0000E+00 0.0000E+00 0.0000E+00 0.0000E+00 0.0000E+00 0.0000E+00 0.0000E+00 0.0000E+00 0.0000E+00 0.0000E+00 0.0000E+00 0.0000E+00
4.5480E-10 4.6082E-10 4.6472E-10 4.6622E-10 4.6506E-10 4.6156E-10 4.5564E-10 4.4715E-10 4.3637E-10 4.2330E-10 4.0811E-10 3.9109E-10 3.7223E-10 3.5190E-10 3.3046E-10 3.0826E-10 2.8555E-10 2.6267E-10 2.4007E-10 2.1818E-10 1.9711E-10 1.7690E-10 1.5419E-10 1.3010E-10 1.0724E-10 8.7812E-11 7.2592E-11 6.1309E-11 4.9342E-11 3.6147E-11 2.4282E-11 1.3816E-11 5.0356E-12 1.3565E-12 1.6860E-13 0.0000E+00 0.0000E+00 0.0000E+00 0.0000E+00 0.0000E+00 0.0000E+00 0.0000E+00 0.0000E+00 0.0000E+00 0.0000E+00 0.0000E+00 0.0000E+00 0.0000E+00 0.0000E+00 0.0000E+00 0.0000E+00 0.0000E+00 0.0000E+00 0.0000E+00 0.0000E+00 0.0000E+00 0.0000E+00
5.3041E-10 5.3874E-10 5.4449E-10 5.4765E-10 5.4797E-10 5.4568E-10 5.4026E-10 5.3199E-10 5.2100E-10 5.0721E-10 4.9078E-10 4.7180E-10 4.5049E-10 4.2743E-10 4.0294E-10 3.7734E-10 3.5096E-10 3.2423E-10 2.9755E-10 2.7177E-10 2.4668E-10 2.2288E-10 1.9999E-10 1.7637E-10 1.5061E-10 1.2586E-10 1.0314E-10 8.4312E-11 7.0722E-11 5.7367E-11 4.1393E-11 2.8207E-11 1.6447E-11 7.0413E-12 2.1409E-12 5.6909E-13 0.0000E+00 0.0000E+00 0.0000E+00 0.0000E+00 0.0000E+00 0.0000E+00 0.0000E+00 0.0000E+00 0.0000E+00 0.0000E+00 0.0000E+00 0.0000E+00 0.0000E+00 0.0000E+00 0.0000E+00 0.0000E+00 0.0000E+00 0.0000E+00 0.0000E+00 0.0000E+00 0.0000E+00
6.1575E-10 6.2657E-10 6.3494E-10 6.4001E-10 6.4221E-10 6.4070E-10 6.3625E-10 6.2854E-10 6.1721E-10 6.0260E-10 5.8438E-10 5.6373E-10 5.4027E-10 5.1429E-10 4.8654E-10 4.5711E-10 4.2672E-10 3.9558E-10 3.6462E-10 3.3428E-10 3.0465E-10 2.7646E-10 2.4949E-10 2.2396E-10 1.9807E-10 1.7025E-10 1.4282E-10 1.1831E-10 9.7599E-11 8.0868E-11 6.5302E-11 4.7619E-11 3.2922E-11 1.9623E-11 8.9243E-12 2.5807E-12 9.0748E-13 7.8657E-14 0.0000E+00 0.0000E+00 0.0000E+00 0.0000E+00 0.0000E+00 0.0000E+00 0.0000E+00 0.0000E+00 0.0000E+00 0.0000E+00 0.0000E+00 0.0000E+00 0.0000E+00 0.0000E+00 0.0000E+00 0.0000E+00 0.0000E+00 0.0000E+00 0.0000E+00
7.1068E-10 7.2488E-10 7.3642E-10 7.4397E-10 7.4836E-10 7.4865E-10 7.4509E-10 7.3779E-10 7.2639E-10 7.1175E-10 6.9287E-10 6.7061E-10 6.4496E-10 6.1630E-10 5.8560E-10 5.5245E-10 5.1781E-10 4.8205E-10 4.4642E-10 4.1120E-10 3.7677E-10 3.4350E-10 3.1166E-10 2.8129E-10 2.5248E-10 2.2357E-10 1.9320E-10 1.6388E-10 1.3746E-10 1.1440E-10 9.4023E-11 7.5915E-11 5.5829E-11 3.8292E-11 2.3506E-11 1.0578E-11 2.8285E-12 1.1353E-12 1.8276E-13 0.0000E+00 0.0000E+00 0.0000E+00 0.0000E+00 0.0000E+00 0.0000E+00 0.0000E+00 0.0000E+00 0.0000E+00 0.0000E+00 0.0000E+00 0.0000E+00 0.0000E+00 0.0000E+00 0.0000E+00 0.0000E+00 0.0000E+00 0.0000E+00
8.1638E-10 8.3462E-10 8.4960E-10 8.6033E-10 8.6735E-10 8.6983E-10 8.6798E-10 8.6157E-10 8.5072E-10 8.3503E-10 8.1523E-10 7.9079E-10 7.6304E-10 7.3147E-10 6.9672E-10 6.5924E-10 6.1965E-10 5.7889E-10 5.3784E-10 4.9694E-10 4.5692E-10 4.1790E-10 3.8043E-10 3.4436E-10 3.1019E-10 2.7775E-10 2.4540E-10 2.1191E-10 1.8009E-10 1.5160E-10 1.2631E-10 1.0425E-10 8.3625E-11 6.1493E-11 4.2407E-11 2.6446E-11 1.2070E-11 2.9058E-12 1.2450E-12 2.3469E-13 0.0000E+00 0.0000E+00 0.0000E+00 0.0000E+00 0.0000E+00 0.0000E+00 0.0000E+00 0.0000E+00 0.0000E+00 0.0000E+00 0.0000E+00 0.0000E+00 0.0000E+00 0.0000E+00 0.0000E+00 0.0000E+00 0.0000E+00
9.3313E-10 9.5584E-10 9.7500E-10 9.8986E-10 1.0002E-09 1.0053E-09 1.0054E-09 1.0005E-09 9.9010E-10 9.7405E-10 9.5319E-10 9.2750E-10 8.9681E-10 8.6196E-10 8.2347E-10 7.8236E-10 7.3794E-10 6.9218E-10 6.4604E-10 5.9921E-10 5.5317E-10 5.0783E-10 4.6436E-10 4.2218E-10 3.8190E-10 3.4341E-10 3.0711E-10 2.7070E-10 2.3347E-10 1.9888E-10 1.6792E-10 1.4073E-10 1.1575E-10 9.3087E-11 6.9525E-11 4.8477E-11 2.9826E-11 1.4164E-11 2.8243E-12 1.2199E-12 2.3802E-13 0.0000E+00 0.0000E+00 0.0000E+00 0.0000E+00 0.0000E+00 0.0000E+00 0.0000E+00 0.0000E+00 0.0000E+00 0.0000E+00 0.0000E+00 0.0000E+00 0.0000E+00 0.0000E+00 0.0000E+00 0.0000E+00
1.0608E-09 1.0894E-09 1.1137E-09 1.1329E-09 1.1468E-09 1.1556E-09 1.1584E-09 1.1549E-09 1.1458E-09 1.1310E-09 1.1092E-09 1.0816E-09 1.0488E-09 1.0112E-09 9.6915E-10 9.2271E-10 8.7313E-10 8.2149E-10 7.6947E-10 7.1617E-10 6.6331E-10 6.1113E-10 5.6050E-10 5.1143E-10 4.6496E-10 4.1983E-10 3.7697E-10 3.3617E-10 2.9492E-10 2.5462E-10 2.1698E-10 1.8347E-10 1.5363E-10 1.2489E-10 1.0016E-10 7.5473E-11 5.2836E-11 3.2797E-11 1.6409E-11 3.5731E-12 1.1137E-12 1.9830E-13 0.0000E+00 0.0000E+00 0.0000E+00 0.0000E+00 0.0000E+00 0.0000E+00 0.0000E+00 0.0000E+00 0.0000E+00 0.0000E+00 0.0000E+00 0.0000E+00 0.0000E+00 0.0000E+00 0.0000E+00
1.2003E-09 1.2352E-09 1.2648E-09 1.2894E-09 1.3084E-09 1.3207E-09 1.3268E-09 1.3268E-09 1.3190E-09 1.3040E-09 1.2829E-09 1.2551E-09 1.2207E-09 1.1803E-09 1.1347E-09 1.0838E-09 1.0289E-09 9.7139E-10 9.1252E-10 8.5236E-10 7.9267E-10 7.3375E-10 6.7561E-10 6.1987E-10 5.6515E-10 5.1239E-10 4.6225E-10 4.1478E-10 3.6886E-10 3.2321E-10 2.7949E-10 2.3895E-10 2.0266E-10 1.6936E-10 1.3880E-10 1.1033E-10 8.4148E-11 5.8685E-11 3.6518E-11 1.8240E-11 4.4721E-12 9.2508E-13 1.2276E-13 0.0000E+00 0.0000E+00 0.0000E+00 0.0000E+00 0.0000E+00 0.0000E+00 0.0000E+00 0.0000E+00 0.0000E+00 0.0000E+00 0.0000E+00 0.0000E+00 0.0000E+00 0.0000E+00
1.3514E-09 1.3928E-09 1.4293E-09 1.4602E-09 1.4842E-09 1.5019E-09 1.5125E-09 1.5146E-09 1.5098E-09 1.4970E-09 1.4759E-09 1.4473E-09 1.4112E-09 1.3679E-09 1.3182E-09 1.2635E-09 1.2030E-09 1.1387E-09 1.0731E-09 1.0062E-09 9.3849E-10 8.7096E-10 8.0441E-10 7.4016E-10 6.7712E-10 6.1634E-10 5.5785E-10 5.0231E-10 4.5002E-10 3.9906E-10 3.4855E-10 3.0074E-10 2.5722E-10 2.1807E-10 1.8176E-10 1.4887E-10 1.2004E-10 9.1219E-11 6.1276E-11 3.8409E-11 1.8743E-11 5.6274E-12 6.7206E-13 1.9753E-14 0.0000E+00 0.0000E+00 0.0000E+00 0.0000E+00 0.0000E+00 0.0000E+00 0.0000E+00 0.0000E+00 0.0000E+00 0.0000E+00 0.0000E+00 0.0000E+00 0.0000E+00
1.5130E-09 1.5628E-09 1.6066E-09 1.6442E-09 1.6752E-09 1.6983E-09 1.7135E-09 1.7208E-09 1.7188E-09 1.7078E-09 1.6882E-09 1.6589E-09 1.6213E-09 1.5769E-09 1.5237E-09 1.4633E-09 1.3984E-09 1.3289E-09 1.2561E-09 1.1818E-09 1.1071E-09 1.0314E-09 9.5637E-10 8.8314E-10 8.1147E-10 7.4202E-10 6.7461E-10 6.1065E-10 5.5034E-10 4.9213E-10 4.3502E-10 3.7974E-10 3.2803E-10 2.8129E-10 2.3883E-10 2.0012E-10 1.6498E-10 1.3394E-10 1.0470E-10 7.1811E-11 4.3424E-11 2.2668E-11 7.6675E-12 4.0301E-13 0.0000E+00 0.0000E+00 0.0000E+00 0.0000E+00 0.0000E+00 0.0000E+00 0.0000E+00 0.0000E+00 0.0000E+00 0.0000E+00 0.0000E+00 0.0000E+00 0.0000E+00
1.6857E-09 1.7440E-09 1.7963E-09 1.8421E-09 1.8799E-09 1.9104E-09 1.9318E-09 1.9434E-09 1.9458E-09 1.9377E-09 1.9190E-09 1.8914E-09 1.8535E-09 1.8052E-09 1.7496E-09 1.6859E-09 1.6145E-09 1.5392E-09 1.4601E-09 1.3781E-09 1.2945E-09 1.2111E-09 1.1272E-09 1.0439E-09 9.6314E-10 8.8428E-10 8.0781E-10 7.3401E-10 6.6381E-10 5.9664E-10 5.3204E-10 4.6896E-10 4.0876E-10 3.5341E-10 3.0329E-10 2.5777E-10 2.1622E-10 1.7855E-10 1.4543E-10 1.1451E-10 8.1072E-11 5.1556E-11 2.5550E-11 9.1393E-12 7.3975E-13 0.0000E+00 0.0000E+00 0.0000E+00 0.0000E+00 0.0000E+00 0.0000E+00 0.0000E+00 0.0000E+00 0.0000E+00 0.0000E+00 0.0000E+00 0.0000E+00
1.8682E-09 1.9363E-09 1.9979E-09 2.0524E-09 2.0995E-09 2.1371E-09 2.1651E-09 2.1833E-09 2.1898E-09 2.1855E-09 2.1705E-09 2.1429E-09 2.1046E-09 2.0562E-09 1.9977E-09 1.9297E-09 1.8544E-09 1.7726E-09 1.6864E-09 1.5977E-09 1.5056E-09 1.4131E-09 1.3201E-09 1.2273E-09 1.1365E-09 1.0474E-09 9.6077E-10 8.7685E-10 7.9692E-10 7.1992E-10 6.4659E-10 5.7504E-10 5.0613E-10 4.4153E-10 3.8238E-10 3.2856E-10 2.7958E-10 2.3491E-10 1.9486E-10 1.5861E-10 1.2491E-10 8.9709E-11 5.7736E-11 3.2432E-11 1.2268E-11 1.7137E-12 0.0000E+00 0.0000E+00 0.0000E+00 0.0000E+00 0.0000E+00 0.0000E+00 0.0000E+00 0.0000E+00 0.0000E+00 0.0000E+00 0.0000E+00
2.0599E-09 2.1382E-09 2.2103E-09 2.2753E-09 2.3310E-09 2.3774E-09 2.4137E-09 2.4380E-09 2.4510E-09 2.4517E-09 2.4391E-09 2.4143E-09 2.3772E-09 2.3277E-09 2.2670E-09 2.1955E-09 2.1154E-09 2.0291E-09 1.9363E-09 1.8395E-09 1.7392E-09 1.6373E-09 1.5343E-09 1.4318E-09 1.3305E-09 1.2308E-09 1.1334E-09 1.0388E-09 9.4778E-10 8.6010E-10 7.7649E-10 6.9532E-10 6.1685E-10 5.4236E-10 4.7315E-10 4.1022E-10 3.5246E-10 3.0010E-10 2.5246E-10 2.0950E-10 1.7041E-10 1.3411E-10 9.5840E-11 6.3554E-11 3.6806E-11 1.6517E-11 2.0398E-12 0.0000E+00 0.0000E+00 0.0000E+00 0.0000E+00 0.0000E+00 0.0000E+00 0.0000E+00 0.0000E+00 0.0000E+00 0.0000E+00
2.2588E-09 2.3489E-09 2.4327E-09 2.5078E-09 2.5740E-09 2.6303E-09 2.6750E-09 2.7078E-09 2.7276E-09 2.7334E-09 2.7259E-09 2.7043E-09 2.6684E-09 2.6193E-09 2.5571E-09 2.4836E-09 2.4000E-09 2.3076E-09 2.2086E-09 2.1042E-09 1.9956E-09 1.8846E-09 1.7727E-09 1.6600E-09 1.5479E-09 1.4376E-09 1.3295E-09 1.2238E-09 1.1212E-09 1.0227E-09 9.2746E-10 8.3638E-10 7.4794E-10 6.6304E-10 5.8321E-10 5.0980E-10 4.4237E-10 3.8043E-10 3.2432E-10 2.7376E-10 2.2710E-10 1.8513E-10 1.4522E-10 1.0428E-10 6.9150E-11 4.1890E-11 2.0164E-11 4.7052E-12 0.0000E+00 0.0000E+00 0.0000E+00 0.0000E+00 0.0000E+00 0.0000E+00 0.0000E+00 0.0000E+00 0.0000E+00
2.4642E-09 2.5671E-09 2.6622E-09 2.7491E-09 2.8269E-09 2.8935E-09 2.9482E-09 2.9899E-09 3.0175E-09 3.0307E-09 3.0286E-09 3.0109E-09 2.9778E-09 2.9300E-09 2.8681E-09 2.7924E-09 2.7056E-09 2.6096E-09 2.5045E-09 2.3929E-09 2.2767E-09 2.1569E-09 2.0347E-09 1.9121E-09 1.7900E-09 1.6684E-09 1.5486E-09 1.4315E-09 1.3167E-09 1.2062E-09 1.0990E-09 9.9628E-10 8.9667E-10 8.0033E-10 7.0925E-10 6.2389E-10 5.4567E-10 4.7327E-10 4.0740E-10 3.4742E-10 2.9246E-10 2.4237E-10 1.9691E-10 1.5321E-10 1.0963E-10 7.2306E-11 4.3148E-11 2.2264E-11 7.2230E-12 0.0000E+00 0.0000E+00 0.0000E+00 0.0000E+00 0.0000E+00 0.0000E+00 0.0000E+00 0.0000E+00
2.6744E-09 2.7897E-09 2.8974E-09 2.9975E-09 3.0871E-09 3.1652E-09 3.2310E-09 3.2826E-09 3.3196E-09 3.3407E-09 3.3450E-09 3.3326E-09 3.3039E-09 3.2584E-09 3.1969E-09 3.1212E-09 3.0326E-09 2.9320E-09 2.8220E-09 2.7042E-09 2.5800E-09 2.4511E-09 2.3203E-09 2.1876E-09 2.0543E-09 1.9210E-09 1.7902E-09 1.6611E-09 1.5353E-09 1.4124E-09 1.2930E-09 1.1778E-09 1.0666E-09 9.5862E-10 8.5553E-10 7.5839E-10 6.6800E-10 5.8393E-10 5.0716E-10 4.3647E-10 3.7231E-10 3.1336E-10 2.5958E-10 2.1082E-10 1.6402E-10 1.1728E-10 7.8558E-11 4.7578E-11 2.5434E-11 8.1800E-12 2.3217E-12 0.0000E+00 0.0000E+00 0.0000E+00 0.0000E+00 0.0000E+00 0.0000E+00
2.8865E-09 3.0148E-09 3.1368E-09 3.2499E-09 3.3521E-09 3.4430E-09 3.5206E-09 3.5835E-09 3.6306E-09 3.6607E-09 3.6729E-09 3.6676E-09 3.6436E-09 3.6017E-09 3.5432E-09 3.4675E-09 3.3772E-09 3.2746E-09 3.1606E-09 3.0364E-09 2.9058E-09 2.7697E-09 2.6290E-09 2.4864E-09 2.3430E-09 2.1991E-09 2.0564E-09 1.9158E-09 1.7776E-09 1.6429E-09 1.5113E-09 1.3830E-09 1.2592E-09 1.1390E-09 1.0226E-09 9.1395E-10 8.1012E-10 7.1366E-10 6.2368E-10 5.4116E-10 4.6552E-10 3.9642E-10 3.3328E-10 2.7489E-10 2.2210E-10 1.7205E-10 1.2332E-10 8.3278E-11 5.1310E-11 2.6801E-11 8.8142E-12 2.7258E-12 9.4982E-13 0.0000E+00 0.0000E+00 0.0000E+00 0.0000E+00
3.0980E-09 3.2409E-09 3.3772E-09 3.5035E-09 3.6199E-09 3.7241E-09 3.8143E-09 3.8893E-09 3.9475E-09 3.9879E-09 4.0096E-09 4.0116E-09 3.9943E-09 3.9582E-09 3.9022E-09 3.8282E-09 3.7390E-09 3.6345E-09 3.5168E-09 3.3891E-09 3.2528E-09 3.1092E-09 2.9609E-09 2.8095E-09 2.6556E-09 2.5025E-09 2.3481E-09 2.1955E-09 2.0449E-09 1.8976E-09 1.7525E-09 1.6107E-09 1.4732E-09 1.3397E-09 1.2110E-09 1.0868E-09 9.6864E-10 8.5834E-10 7.5507E-10 6.6007E-10 5.7208E-10 4.9104E-10 4.1700E-10 3.4882E-10 2.8641E-10 2.2781E-10 1.7406E-10 1.2515E-10 8.4517E-11 5.2406E-11 2.7549E-11 8.2422E-12 2.8974E-12 1.1271E-12 1.6154E-13 0.0000E+00 0.0000E+00
3.3072E-09 3.4651E-09 3.6150E-09 3.7559E-09 3.8870E-09 4.0048E-09 4.1086E-09 4.1966E-09 4.2670E-09 4.3190E-09 4.3507E-09 4.3619E-09 4.3533E-09 4.3224E-09 4.2714E-09 4.2016E-09 4.1131E-09 4.0087E-09 3.8905E-09 3.7593E-09 3.6184E-09 3.4694E-09 3.3146E-09 3.1557E-09 2.9937E-09 2.8293E-09 2.6650E-09 2.5021E-09 2.3386E-09 2.1772E-09 2.0208E-09 1.8663E-09 1.7152E-09 1.5674E-09 1.4248E-09 1.2860E-09 1.1547E-09 1.0290E-09 9.1117E-10 8.0205E-10 7.0104E-10 6.0617E-10 5.1891E-10 4.3876E-10 3.6518E-10 2.9862E-10 2.3870E-10 1.7688E-10 1.2668E-10 8.6092E-11 5.3560E-11 2.8001E-11 7.7185E-12 2.8601E-12 1.1599E-12 1.8505E-13 0.0000E+00
3.5118E-09 3.6835E-09 3.8478E-09 4.0044E-09 4.1496E-09 4.2819E-09 4.4001E-09 4.5019E-09 4.5856E-09 4.6495E-09 4.6929E-09 4.7152E-09 4.7147E-09 4.6919E-09 4.6478E-09 4.5821E-09 4.4973E-09 4.3949E-09 4.2763E-09 4.1443E-09 4.0003E-09 3.8482E-09 3.6895E-09 3.5240E-09 3.3547E-09 3.1832E-09 3.0091E-09 2.8355E-09 2.6627E-09 2.4901E-09 2.3192E-09 2.1524E-09 1.9876E-09 1.8261E-09 1.6682E-09 1.5153E-09 1.3677E-09 1.2260E-09 1.0924E-09 9.6799E-10 8.5072E-10 7.4172E-10 6.4032E-10 5.4706E-10 4.6202E-10 3.8346E-10 3.1278E-10 2.4589E-10 1.8511E-10 1.2976E-10 8.5994E-11 5.3568E-11 2.7688E-11 7.8698E-12 2.6560E-12 1.0646E-12 1.5355E-13
3.7081E-09 3.8934E-09 4.0733E-09 4.2446E-09 4.4042E-09 4.5519E-09 4.6846E-09 4.8009E-09 4.8985E-09 4.9757E-09 5.0324E-09 5.0654E-09 5.0754E-09 5.0624E-09 5.0252E-09 4.9664E-09 4.8870E-09 4.7879E-09 4.6718E-09 4.5403E-09 4.3969E-09 4.2435E-09 4.0802E-09 3.9106E-09 3.7370E-09 3.5593E-09 3.3783E-09 3.1959E-09 3.0144E-09 2.8319E-09 2.6492E-09 2.4693E-09 2.2924E-09 2.1179E-09 1.9447E-09 1.7771E-09 1.6142E-09 1.4567E-09 1.3063E-09 1.1653E-09 1.0326E-09 9.0834E-10 7.9074E-10 6.8237E-10 5.8216E-10 4.9090E-10 4.0722E-10 3.3124E-10 2.6041E-10 1.9300E-10 1.4006E-10 9.3704E-11 5.6210E-11 2.9966E-11 1.0094E-11 4.0368E-12 8.6445E-13
