Assets/Resources/2015_m01_d06_1200(utc+0800)_l00_csi_1hr_conc.grd
DSAA
         159         159
     -79.000      79.000
     -79.000      79.000
  0.0000E+00  0.3118E-05
[rows 0 to 24 of 159, columns 57 to 113 of 159]
4.0567E-11 8.9514E-11 1.3347E-10 1.7931E-10 2.3593E-10 3.0319E-10 3.8271E-10 4.8109E-10 5.9452E-10 7.2918E-10 8.8323E-10 1.0608E-09 1.2601E-09 1.4819E-09 1.7280E-09 1.9933E-09 2.2793E-09 2.5792E-09 2.8920E-09 3.2093E-09 3.5280E-09 3.8396E-09 4.1394E-09 4.4200E-09 4.6747E-09 4.8991E-09 5.0870E-09 5.2339E-09 5.3371E-09 5.3945E-09 5.4053E-09 5.3700E-09 5.2902E-09 5.1686E-09 5.0088E-09 4.8152E-09 4.5925E-09 4.3460E-09 4.0812E-09 3.8040E-09 3.5200E-09 3.2344E-09 2.9515E-09 2.6749E-09 2.4075E-09 2.1530E-09 1.9128E-09 1.6888E-09 1.4822E-09 1.2919E-09 1.1198E-09 9.6472E-10 8.2573E-10 7.0295E-10 5.9483E-10 4.9992E-10 4.1747E-10
4.3151E-11 9.5536E-11 1.4373E-10 1.9455E-10 2.5200E-10 3.2315E-10 4.1124E-10 5.1378E-10 6.3728E-10 7.8024E-10 9.4765E-10 1.1373E-09 1.3533E-09 1.5923E-09 1.8553E-09 2.1429E-09 2.4498E-09 2.7741E-09 3.1108E-09 3.4531E-09 3.7970E-09 4.1327E-09 4.4560E-09 4.7588E-09 5.0332E-09 5.2736E-09 5.4746E-09 5.6312E-09 5.7400E-09 5.7988E-09 5.8070E-09 5.7649E-09 5.6742E-09 5.5381E-09 5.3606E-09 5.1475E-09 4.9038E-09 4.6352E-09 4.3477E-09 4.0471E-09 3.7391E-09 3.4290E-09 3.1226E-09 2.8238E-09 2.5365E-09 2.2633E-09 2.0067E-09 1.7671E-09 1.5465E-09 1.3451E-09 1.1623E-09 9.9852E-10 8.5281E-10 7.2398E-10 6.1012E-10 5.1162E-10 4.2582E-10
5.1449E-11 1.0396E-10 1.5549E-10 2.0568E-10 2.6839E-10 3.4583E-10 4.3679E-10 5.4796E-10 6.7815E-10 8.3287E-10 1.0103E-09 1.2150E-09 1.4446E-09 1.7025E-09 1.9845E-09 2.2925E-09 2.6226E-09 2.9686E-09 3.3300E-09 3.6971E-09 4.0674E-09 4.4284E-09 4.7751E-09 5.0990E-09 5.3926E-09 5.6499E-09 5.8640E-09 6.0301E-09 6.1449E-09 6.2054E-09 6.2110E-09 6.1622E-09 6.0612E-09 5.9112E-09 5.7162E-09 5.4820E-09 5.2148E-09 4.9210E-09 4.6081E-09 4.2823E-09 3.9505E-09 3.6175E-09 3.2886E-09 2.9678E-09 2.6598E-09 2.3674E-09 2.0938E-09 1.8397E-09 1.6057E-09 1.3930E-09 1.2006E-09 1.0274E-09 8.7453E-10 7.4027E-10 6.2235E-10 5.1964E-10 4.3223E-10
5.4526E-11 1.1178E-10 1.6376E-10 2.1936E-10 2.8553E-10 3.6535E-10 4.6355E-10 5.7990E-10 7.2025E-10 8.8304E-10 1.0735E-09 1.2898E-09 1.5363E-09 1.8094E-09 2.1140E-09 2.4409E-09 2.7928E-09 3.1632E-09 3.5491E-09 3.9417E-09 4.3351E-09 4.7198E-09 5.0900E-09 5.4351E-09 5.7478E-09 6.0215E-09 6.2484E-09 6.4235E-09 6.5427E-09 6.6037E-09 6.6055E-09 6.5491E-09 6.4368E-09 6.2723E-09 6.0603E-09 5.8071E-09 5.5188E-09 5.2024E-09 4.8649E-09 4.5131E-09 4.1551E-09 3.7970E-09 3.4450E-09 3.1031E-09 2.7752E-09 2.4646E-09 2.1737E-09 1.9048E-09 1.6579E-09 1.4341E-09 1.2324E-09 1.0521E-09 8.9206E-10 7.5282E-10 6.3076E-10 5.2468E-10 4.3445E-10
6.2266E-11 1.1537E-10 1.7251E-10 2.3110E-10 3.0090E-10 3.8605E-10 4.8829E-10 6.1296E-10 7.5950E-10 9.3266E-10 1.1334E-09 1.3645E-09 1.6239E-09 1.9177E-09 2.2371E-09 2.5872E-09 2.9598E-09 3.3548E-09 3.7630E-09 4.1799E-09 4.5994E-09 5.0082E-09 5.4024E-09 5.7695E-09 6.1014E-09 6.3911E-09 6.6307E-09 6.8146E-09 6.9390E-09 7.0012E-09 6.9995E-09 6.9356E-09 6.8117E-09 6.6317E-09 6.4011E-09 6.1262E-09 5.8145E-09 5.4744E-09 5.1131E-09 4.7378E-09 4.3552E-09 3.9724E-09 3.5963E-09 3.2323E-09 2.8837E-09 2.5547E-09 2.2474E-09 1.9638E-09 1.7036E-09 1.4683E-09 1.2583E-09 1.0709E-09 9.0432E-10 7.6026E-10 6.3446E-10 5.2613E-10 4.3428E-10
7.1080E-11 1.2018E-10 1.7935E-10 2.4405E-10 3.1700E-10 4.0479E-10 5.1381E-10 6.4309E-10 7.9742E-10 9.8013E-10 1.1927E-09 1.4344E-09 1.7123E-09 2.0201E-09 2.3600E-09 2.7277E-09 3.1236E-09 3.5379E-09 3.9725E-09 4.4130E-09 4.8556E-09 5.2879E-09 5.7035E-09 6.0907E-09 6.4408E-09 6.7457E-09 6.9971E-09 7.1887E-09 7.3173E-09 7.3794E-09 7.3741E-09 7.3022E-09 7.1672E-09 6.9729E-09 6.7252E-09 6.4306E-09 6.0966E-09 5.7316E-09 5.3442E-09 4.9437E-09 4.5368E-09 4.1311E-09 3.7327E-09 3.3478E-09 2.9798E-09 2.6331E-09 2.3102E-09 2.0133E-09 1.7423E-09 1.4969E-09 1.2774E-09 1.0835E-09 9.1177E-10 7.6351E-10 6.3462E-10 5.2370E-10 4.3061E-10
7.3673E-11 1.2281E-10 1.8766E-10 2.5539E-10 3.3119E-10 4.2480E-10 5.3697E-10 6.7196E-10 8.3489E-10 1.0266E-09 1.2478E-09 1.5050E-09 1.7965E-09 2.1187E-09 2.4773E-09 2.8633E-09 3.2801E-09 3.7188E-09 4.1718E-09 4.6371E-09 5.1032E-09 5.5575E-09 5.9949E-09 6.4015E-09 6.7690E-09 7.0883E-09 7.3517E-09 7.5517E-09 7.6845E-09 7.7466E-09 7.7371E-09 7.6571E-09 7.5102E-09 7.3006E-09 7.0347E-09 6.7200E-09 6.3649E-09 5.9774E-09 5.5664E-09 5.1407E-09 4.7088E-09 4.2789E-09 3.8579E-09 3.4522E-09 3.0652E-09 2.7013E-09 2.3631E-09 2.0530E-09 1.7714E-09 1.5180E-09 1.2913E-09 1.0904E-09 9.1343E-10 7.6191E-10 6.3049E-10 5.1834E-10 4.2333E-10
8.2198E-11 1.2540E-10 1.9386E-10 2.6682E-10 3.4701E-10 4.4252E-10 5.5907E-10 7.0115E-10 8.7066E-10 1.0691E-09 1.3031E-09 1.5720E-09 1.8728E-09 2.2131E-09 2.5841E-09 2.9937E-09 3.4276E-09 3.8862E-09 4.3653E-09 4.8517E-09 5.3388E-09 5.8152E-09 6.2727E-09 6.6986E-09 7.0839E-09 7.4191E-09 7.6943E-09 7.9022E-09 8.0387E-09 8.1012E-09 8.0885E-09 8.0012E-09 7.8423E-09 7.6172E-09 7.3327E-09 6.9967E-09 6.6179E-09 6.2058E-09 5.7707E-09 5.3219E-09 4.8677E-09 4.4149E-09 3.9718E-09 3.5453E-09 3.1407E-09 2.7603E-09 2.4080E-09 2.0848E-09 1.7918E-09 1.5300E-09 1.2977E-09 1.0915E-09 9.1069E-10 7.5528E-10 6.2250E-10 5.0926E-10 4.1422E-10
8.8906E-11 1.2853E-10 1.9945E-10 2.7788E-10 3.6035E-10 4.5938E-10 5.8055E-10 7.2811E-10 9.0299E-10 1.1123E-09 1.3550E-09 1.6308E-09 1.9474E-09 2.2973E-09 2.6903E-09 3.1111E-09 3.5689E-09 4.0480E-09 4.5451E-09 5.0518E-09 5.5583E-09 6.0547E-09 6.5323E-09 6.9766E-09 7.3770E-09 7.7253E-09 8.0110E-09 8.2266E-09 8.3665E-09 8.4294E-09 8.4125E-09 8.3172E-09 8.1464E-09 7.9074E-09 7.6059E-09 7.2504E-09 6.8505E-09 6.4152E-09 5.9558E-09 5.4820E-09 5.0044E-09 4.5305E-09 4.0679E-09 3.6226E-09 3.2011E-09 2.8056E-09 2.4402E-09 2.1075E-09 1.8057E-09 1.5351E-09 1.2965E-09 1.0866E-09 9.0336E-10 7.4585E-10 6.1071E-10 4.9757E-10 4.0258E-10
9.3143E-11 1.3159E-10 2.0430E-10 2.8766E-10 3.7269E-10 4.7507E-10 6.0128E-10 7.5359E-10 9.3584E-10 1.1518E-09 1.4009E-09 1.6886E-09 2.0125E-09 2.3818E-09 2.7819E-09 3.2249E-09 3.6961E-09 4.1948E-09 4.7127E-09 5.2413E-09 5.7722E-09 6.2896E-09 6.7857E-09 7.2487E-09 7.6661E-09 8.0302E-09 8.3286E-09 8.5537E-09 8.6984E-09 8.7617E-09 8.7409E-09 8.6376E-09 8.4556E-09 8.2010E-09 7.8805E-09 7.5035E-09 7.0808E-09 6.6227E-09 6.1396E-09 5.6417E-09 5.1393E-09 4.6419E-09 4.1581E-09 3.6925E-09 3.2517E-09 2.8402E-09 2.4618E-09 2.1186E-09 1.8105E-09 1.5346E-09 1.2906E-09 1.0757E-09 8.9037E-10 7.3278E-10 5.9649E-10 4.8274E-10 3.8837E-10
9.7333E-11 1.3546E-10 2.0847E-10 2.9572E-10 3.8402E-10 4.9038E-10 6.2074E-10 7.7766E-10 9.6611E-10 1.1871E-09 1.4441E-09 1.7385E-09 2.0786E-09 2.4521E-09 2.8750E-09 3.3254E-09 3.8172E-09 4.3324E-09 4.8704E-09 5.4157E-09 5.9616E-09 6.4980E-09 7.0143E-09 7.4954E-09 7.9295E-09 8.3059E-09 8.6153E-09 8.8481E-09 8.9981E-09 9.0608E-09 9.0368E-09 8.9265E-09 8.7335E-09 8.4636E-09 8.1257E-09 7.7289E-09 7.2840E-09 6.8026E-09 6.2953E-09 5.7748E-09 5.2509E-09 4.7330E-09 4.2287E-09 3.7465E-09 3.2917E-09 2.8677E-09 2.4768E-09 2.1217E-09 1.8057E-09 1.5262E-09 1.2795E-09 1.0613E-09 8.7290E-10 7.1485E-10 5.8007E-10 4.6634E-10 3.7268E-10
1.0099E-10 1.3901E-10 2.1253E-10 3.0282E-10 3.9411E-10 5.0462E-10 6.3796E-10 7.9966E-10 9.9345E-10 1.2190E-09 1.4821E-09 1.7893E-09 2.1319E-09 2.5248E-09 2.9536E-09 3.4215E-09 3.9275E-09 4.4579E-09 5.0116E-09 5.5796E-09 6.1469E-09 6.7024E-09 7.2366E-09 7.7355E-09 8.1865E-09 8.5768E-09 8.8980E-09 9.1397E-09 9.2951E-09 9.3589E-09 9.3319E-09 9.2141E-09 9.0097E-09 8.7249E-09 8.3691E-09 7.9519E-09 7.4845E-09 6.9792E-09 6.4476E-09 5.9024E-09 5.3538E-09 4.8138E-09 4.2891E-09 3.7888E-09 3.3190E-09 2.8834E-09 2.4840E-09 2.1208E-09 1.7955E-09 1.5104E-09 1.2622E-09 1.0436E-09 8.5366E-10 6.9434E-10 5.6002E-10 4.4844E-10 3.5601E-10
1.0401E-10 1.4274E-10 2.1576E-10 3.0813E-10 4.0212E-10 5.1642E-10 6.5346E-10 8.1972E-10 1.0151E-09 1.2460E-09 1.5166E-09 1.8276E-09 2.1865E-09 2.5837E-09 3.0270E-09 3.5092E-09 4.0261E-09 4.5742E-09 5.1479E-09 5.7331E-09 6.3189E-09 6.8937E-09 7.4473E-09 7.9649E-09 8.4332E-09 8.8386E-09 9.1723E-09 9.4232E-09 9.5843E-09 9.6497E-09 9.6204E-09 9.4962E-09 9.2809E-09 8.9814E-09 8.6072E-09 8.1688E-09 7.6783E-09 7.1488E-09 6.5936E-09 6.0243E-09 5.4530E-09 4.8908E-09 4.3459E-09 3.8268E-09 3.3390E-09 2.8896E-09 2.4814E-09 2.1130E-09 1.7828E-09 1.4910E-09 1.2393E-09 1.0197E-09 8.3195E-10 6.7279E-10 5.3846E-10 4.2853E-10 3.3773E-10
1.0619E-10 1.4540E-10 2.1831E-10 3.1175E-10 4.0844E-10 5.2608E-10 6.6699E-10 8.3453E-10 1.0332E-09 1.2699E-09 1.5433E-09 1.8668E-09 2.2281E-09 2.6387E-09 3.0913E-09 3.5841E-09 4.1189E-09 4.6832E-09 5.2695E-09 5.8699E-09 6.4742E-09 7.0690E-09 7.6410E-09 8.1771E-09 8.6623E-09 9.0838E-09 9.4286E-09 9.6890E-09 9.8560E-09 9.9242E-09 9.8917E-09 9.7606E-09 9.5347E-09 9.2207E-09 8.8285E-09 8.3695E-09 7.8563E-09 7.3029E-09 6.7230E-09 6.1302E-09 5.5369E-09 4.9541E-09 4.3916E-09 3.8573E-09 3.3565E-09 2.8934E-09 2.4722E-09 2.0970E-09 1.7639E-09 1.4704E-09 1.2145E-09 9.9269E-10 8.0602E-10 6.4894E-10 5.1673E-10 4.0663E-10 3.1894E-10
1.0725E-10 1.4707E-10 2.1930E-10 3.1325E-10 4.1204E-10 5.3164E-10 6.7566E-10 8.4537E-10 1.0484E-09 1.2855E-09 1.5654E-09 1.8952E-09 2.2675E-09 2.6836E-09 3.1478E-09 3.6553E-09 4.2004E-09 4.7804E-09 5.3856E-09 6.0077E-09 6.6337E-09 7.2506E-09 7.8438E-09 8.4010E-09 8.9063E-09 9.3458E-09 9.7060E-09 9.9773E-09 1.0151E-08 1.0221E-08 1.0186E-08 1.0047E-08 9.8094E-09 9.4791E-09 9.0668E-09 8.5847E-09 8.0466E-09 7.4670E-09 6.8606E-09 6.2412E-09 5.6214E-09 5.0143E-09 4.4303E-09 3.8797E-09 3.3663E-09 2.8938E-09 2.4633E-09 2.0777E-09 1.7395E-09 1.4444E-09 1.1890E-09 9.6532E-10 7.7755E-10 6.2332E-10 4.9380E-10 3.8603E-10 2.9851E-10
1.0706E-10 1.4658E-10 2.1862E-10 3.1215E-10 4.1243E-10 5.3358E-10 6.7874E-10 8.5032E-10 1.0552E-09 1.2947E-09 1.5821E-09 1.9193E-09 2.2972E-09 2.7222E-09 3.1968E-09 3.7136E-09 4.2736E-09 4.8699E-09 5.4947E-09 6.1355E-09 6.7825E-09 7.4204E-09 8.0365E-09 8.6160E-09 9.1424E-09 9.6009E-09 9.9767E-09 1.0260E-08 1.0442E-08 1.0515E-08 1.0479E-08 1.0332E-08 1.0082E-08 9.7347E-09 9.3023E-09 8.7971E-09 8.2336E-09 7.6275E-09 6.9945E-09 6.3494E-09 5.7067E-09 5.0779E-09 4.4724E-09 3.9008E-09 3.3706E-09 2.8876E-09 2.4509E-09 2.0595E-09 1.7138E-09 1.4148E-09 1.1598E-09 9.3730E-10 7.4977E-10 5.9533E-10 4.6995E-10 3.6544E-10 2.7852E-10
1.0539E-10 1.4478E-10 2.1596E-10 3.0825E-10 4.0923E-10 5.3071E-10 6.7624E-10 8.5010E-10 1.0551E-09 1.2963E-09 1.5905E-09 1.9339E-09 2.3174E-09 2.7521E-09 3.2357E-09 3.7656E-09 4.3398E-09 4.9526E-09 5.5944E-09 6.2571E-09 6.9262E-09 7.5894E-09 8.2312E-09 8.8334E-09 9.3830E-09 9.8618E-09 1.0256E-08 1.0554E-08 1.0744E-08 1.0821E-08 1.0782E-08 1.0628E-08 1.0365E-08 1.0000E-08 9.5460E-09 9.0161E-09 8.4257E-09 7.7911E-09 7.1292E-09 6.4559E-09 5.7876E-09 5.1364E-09 4.5129E-09 3.9245E-09 3.3783E-09 2.8794E-09 2.4338E-09 2.0385E-09 1.6896E-09 1.3861E-09 1.1271E-09 9.0764E-10 7.2237E-10 5.6907E-10 4.4439E-10 3.4347E-10 2.5899E-10
1.0213E-10 1.4107E-10 2.1130E-10 3.0196E-10 4.0326E-10 5.2309E-10 6.6838E-10 8.4243E-10 1.0478E-09 1.2916E-09 1.5884E-09 1.9388E-09 2.3303E-09 2.7718E-09 3.2634E-09 3.8087E-09 4.3950E-09 5.0269E-09 5.6931E-09 6.3814E-09 7.0776E-09 7.7673E-09 8.4375E-09 9.0695E-09 9.6453E-09 1.0149E-08 1.0563E-08 1.0876E-08 1.1077E-08 1.1158E-08 1.1118E-08 1.0956E-08 1.0679E-08 1.0295E-08 9.8169E-09 9.2596E-09 8.6399E-09 7.9751E-09 7.2828E-09 6.5773E-09 5.8777E-09 5.1973E-09 4.5513E-09 3.9464E-09 3.3870E-09 2.8764E-09 2.4176E-09 2.0150E-09 1.6646E-09 1.3591E-09 1.0974E-09 8.7649E-10 6.9467E-10 5.4493E-10 4.1971E-10 3.2157E-10 2.3795E-10
9.7530E-11 1.3581E-10 2.0464E-10 2.9312E-10 3.9360E-10 5.1152E-10 6.5510E-10 8.2839E-10 1.0337E-09 1.2765E-09 1.5810E-09 1.9361E-09 2.3306E-09 2.7800E-09 3.2828E-09 3.8395E-09 4.4456E-09 5.0964E-09 5.7829E-09 6.4934E-09 7.2165E-09 7.9369E-09 8.6354E-09 9.2953E-09 9.8991E-09 1.0428E-08 1.0865E-08 1.1195E-08 1.1407E-08 1.1494E-08 1.1453E-08 1.1285E-08 1.0993E-08 1.0591E-08 1.0089E-08 9.5039E-09 8.8538E-09 8.1579E-09 7.4345E-09 6.7016E-09 5.9756E-09 5.2693E-09 4.5966E-09 3.9685E-09 3.3945E-09 2.8739E-09 2.4065E-09 1.9941E-09 1.6379E-09 1.3332E-09 1.0702E-09 8.4724E-10 6.6633E-10 5.1943E-10 3.9661E-10 2.9667E-10 2.1558E-10
9.1618E-11 1.2906E-10 1.9622E-10 2.8232E-10 3.8048E-10 4.9622E-10 6.3673E-10 8.0729E-10 1.0116E-09 1.2526E-09 1.5634E-09 1.9211E-09 2.3226E-09 2.7779E-09 3.2906E-09 3.8635E-09 4.4863E-09 5.1560E-09 5.8704E-09 6.6110E-09 7.3634E-09 8.1139E-09 8.8468E-09 9.5412E-09 1.0177E-08 1.0733E-08 1.1193E-08 1.1543E-08 1.1768E-08 1.1862E-08 1.1819E-08 1.1642E-08 1.1337E-08 1.0913E-08 1.0385E-08 9.7698E-09 9.0859E-09 8.3540E-09 7.5954E-09 6.8296E-09 6.0740E-09 5.3437E-09 4.6488E-09 3.9990E-09 3.4042E-09 2.8705E-09 2.3960E-09 1.9777E-09 1.6141E-09 1.3055E-09 1.0429E-09 8.2031E-10 6.3857E-10 4.9373E-10 3.7301E-10 2.7234E-10 1.9534E-10
8.4518E-11 1.2133E-10 1.8605E-10 2.6888E-10 3.6458E-10 4.7659E-10 6.1363E-10 7.8070E-10 9.8220E-10 1.2205E-09 1.5353E-09 1.8973E-09 2.3000E-09 2.7660E-09 3.2899E-09 3.8786E-09 4.5220E-09 5.2177E-09 5.9571E-09 6.7273E-09 7.5157E-09 8.3036E-09 9.0727E-09 9.8023E-09 1.0473E-08 1.1062E-08 1.1550E-08 1.1921E-08 1.2161E-08 1.2261E-08 1.2218E-08 1.2032E-08 1.1710E-08 1.1264E-08 1.0708E-08 1.0060E-08 9.3420E-09 8.5747E-09 7.7791E-09 6.9762E-09 6.1847E-09 5.4243E-09 4.7054E-09 4.0352E-09 3.4209E-09 2.8699E-09 2.3842E-09 1.9611E-09 1.5935E-09 1.2794E-09 1.0150E-09 7.9400E-10 6.1407E-10 4.6735E-10 3.4793E-10 2.5140E-10 1.7650E-10
7.6468E-11 1.1247E-10 1.7415E-10 2.5383E-10 3.4691E-10 4.5370E-10 5.8671E-10 7.4942E-10 9.4588E-10 1.1806E-09 1.4984E-09 1.8621E-09 2.2726E-09 2.7415E-09 3.2794E-09 3.8825E-09 4.5462E-09 5.2642E-09 6.0294E-09 6.8303E-09 7.6520E-09 8.4763E-09 9.2855E-09 1.0055E-08 1.0761E-08 1.1383E-08 1.1899E-08 1.2292E-08 1.2547E-08 1.2654E-08 1.2610E-08 1.2417E-08 1.2079E-08 1.1609E-08 1.1024E-08 1.0343E-08 9.5921E-09 8.7886E-09 7.9586E-09 7.1229E-09 6.2999E-09 5.5078E-09 4.7611E-09 4.0713E-09 3.4412E-09 2.8739E-09 2.3740E-09 1.9424E-09 1.5726E-09 1.2566E-09 9.8924E-10 7.6849E-10 5.9105E-10 4.4196E-10 3.2580E-10 2.3248E-10 1.6150E-10
6.7669E-11 1.0239E-10 1.6116E-10 2.3704E-10 3.2754E-10 4.2755E-10 5.5594E-10 7.1286E-10 9.0441E-10 1.1322E-09 1.4499E-09 1.8188E-09 2.2294E-09 2.7134E-09 3.2601E-09 3.8762E-09 4.5579E-09 5.3029E-09 6.1039E-09 6.9431E-09 7.8062E-09 8.6747E-09 9.5267E-09 1.0339E-08 1.1087E-08 1.1747E-08 1.2294E-08 1.2710E-08 1.2982E-08 1.3095E-08 1.3048E-08 1.2841E-08 1.2484E-08 1.1989E-08 1.1372E-08 1.0655E-08 9.8613E-09 9.0167E-09 8.1481E-09 7.2761E-09 6.4193E-09 5.5960E-09 4.8205E-09 4.1049E-09 3.4578E-09 2.8788E-09 2.3675E-09 1.9254E-09 1.5509E-09 1.2353E-09 9.6511E-10 7.4494E-10 5.6563E-10 4.2053E-10 3.0574E-10 2.1434E-10 1.4441E-10
5.8765E-11 9.1275E-11 1.4711E-10 2.1848E-10 3.0646E-10 4.0016E-10 5.2255E-10 6.7288E-10 8.5797E-10 1.0772E-09 1.3843E-09 1.7647E-09 2.1847E-09 2.6682E-09 3.2265E-09 3.8582E-09 4.5636E-09 5.3376E-09 6.1663E-09 7.0407E-09 7.9440E-09 8.8588E-09 9.7593E-09 1.0617E-08 1.1408E-08 1.2106E-08 1.2686E-08 1.3128E-08 1.3414E-08 1.3535E-08 1.3486E-08 1.3270E-08 1.2893E-08 1.2370E-08 1.1720E-08 1.0970E-08 1.0142E-08 9.2577E-09 8.3461E-09 7.4317E-09 6.5377E-09 5.6835E-09 4.8794E-09 4.1395E-09 3.4717E-09 2.8809E-09 2.3621E-09 1.9120E-09 1.5314E-09 1.2143E-09 9.4406E-10 7.2178E-10 5.4372E-10 3.9767E-10 2.8707E-10 1.9509E-10 1.3132E-10
5.0040E-11 7.9590E-11 1.3185E-10 1.9891E-10 2.8388E-10 3.7186E-10 4.8631E-10 6.2990E-10 8.0704E-10 1.0162E-09 1.3156E-09 1.7085E-09 2.1245E-09 2.6154E-09 3.1814E-09 3.8259E-09 4.5516E-09 5.3483E-09 6.2151E-09 7.1301E-09 8.0784E-09 9.0385E-09 9.9850E-09 1.0892E-08 1.1730E-08 1.2468E-08 1.3082E-08 1.3549E-08 1.3854E-08 1.3983E-08 1.3930E-08 1.3702E-08 1.3307E-08 1.2758E-08 1.2075E-08 1.1282E-08 1.0409E-08 9.4854E-09 8.5357E-09 7.5827E-09 6.6519E-09 5.7642E-09 4.9349E-09 4.1733E-09 3.4854E-09 2.8795E-09 2.3546E-09 1.9019E-09 1.5167E-09 1.1962E-09 9.2287E-10 7.0307E-10 5.2102E-10 3.7820E-10 2.7036E-10 1.8232E-10 1.2077E-10
