Assets/Resources/2015_m01_d19_1200(utc+0800)_l00_csi_1hr_conc.grd
DSAA
         159         159
     -79.000      79.000
     -79.000      79.000
  0.0000E+00  0.6428E-05
[rows 25 to 49 of 159, columns 0 to 56 of 159]
1.0811E-11 1.4505E-11 1.9780E-11 2.6618E-11 3.8918E-11 7.7994E-11 1.0942E-10 1.4597E-10 2.1588E-10 2.7673E-10 3.7664E-10 4.7274E-10 5.8407E-10 7.4512E-10 9.0346E-10 1.1132E-09 1.3360E-09 1.5847E-09 1.9053E-09 2.2375E-09 2.6084E-09 3.0228E-09 3.4821E-09 3.9865E-09 4.5487E-09 5.1598E-09 5.8193E-09 6.5321E-09 7.2920E-09 8.0970E-09 8.9463E-09 9.8295E-09 1.0741E-08 1.1676E-08 1.2616E-08 1.3553E-08 1.4472E-08 1.5363E-08 1.6207E-08 1.6986E-08 1.7689E-08 1.8302E-08 1.8809E-08 1.9202E-08 1.9471E-08 1.9612E-08 1.9621E-08 1.9496E-08 1.9241E-08 1.8857E-08 1.8356E-08 1.7755E-08 1.7071E-08 1.6326E-08 1.5542E-08 1.4743E-08 1.3952E-08
1.0982E-11 1.4982E-11 2.0546E-11 2.7633E-11 4.0314E-11 8.2747E-11 1.1593E-10 1.5309E-10 2.2721E-10 2.9098E-10 3.9677E-10 4.9868E-10 6.4259E-10 7.8568E-10 9.4949E-10 1.1780E-09 1.4125E-09 1.7094E-09 2.0186E-09 2.3720E-09 2.7680E-09 3.2098E-09 3.7000E-09 4.2439E-09 4.8446E-09 5.4997E-09 6.2122E-09 6.9759E-09 7.7948E-09 8.6660E-09 9.5830E-09 1.0538E-08 1.1526E-08 1.2537E-08 1.3557E-08 1.4576E-08 1.5577E-08 1.6546E-08 1.7467E-08 1.8319E-08 1.9089E-08 1.9760E-08 2.0315E-08 2.0745E-08 2.1037E-08 2.1190E-08 2.1196E-08 2.1058E-08 2.0774E-08 2.0352E-08 1.9798E-08 1.9125E-08 1.8360E-08 1.7527E-08 1.6647E-08 1.5747E-08 1.4853E-08
1.1102E-11 1.5362E-11 2.1065E-11 2.8610E-11 4.1467E-11 8.7066E-11 1.2221E-10 1.8605E-10 2.3793E-10 3.0408E-10 4.1571E-10 5.2207E-10 6.7414E-10 8.2121E-10 9.9642E-10 1.2363E-09 1.4858E-09 1.8015E-09 2.1282E-09 2.5033E-09 2.9221E-09 3.3902E-09 3.9152E-09 4.4937E-09 5.1332E-09 5.8360E-09 6.5950E-09 7.4124E-09 8.2950E-09 9.2278E-09 1.0211E-08 1.1241E-08 1.2304E-08 1.3392E-08 1.4492E-08 1.5597E-08 1.6683E-08 1.7733E-08 1.8730E-08 1.9659E-08 2.0495E-08 2.1226E-08 2.1831E-08 2.2299E-08 2.2621E-08 2.2787E-08 2.2790E-08 2.2634E-08 2.2321E-08 2.1857E-08 2.1251E-08 2.0513E-08 1.9666E-08 1.8731E-08 1.7755E-08 1.6753E-08 1.5753E-08
1.1169E-11 1.5643E-11 2.1458E-11 2.9500E-11 4.2625E-11 9.0949E-11 1.2399E-10 1.9111E-10 2.4600E-10 3.4174E-10 4.3293E-10 5.4306E-10 7.0336E-10 8.5813E-10 1.0711E-09 1.2923E-09 1.5543E-09 1.8869E-09 2.2323E-09 2.6272E-09 3.0675E-09 3.5640E-09 4.1195E-09 4.7318E-09 5.4129E-09 6.1578E-09 6.9653E-09 7.8405E-09 8.7768E-09 9.7731E-09 1.0828E-08 1.1927E-08 1.3065E-08 1.4237E-08 1.5418E-08 1.6600E-08 1.7769E-08 1.8906E-08 1.9985E-08 2.0983E-08 2.1891E-08 2.2685E-08 2.3341E-08 2.3850E-08 2.4201E-08 2.4379E-08 2.4387E-08 2.4218E-08 2.3876E-08 2.3367E-08 2.2701E-08 2.1893E-08 2.0960E-08 1.9944E-08 1.8846E-08 1.7741E-08 1.6636E-08
1.1172E-11 1.5795E-11 2.1719E-11 3.0083E-11 6.7280E-11 9.4519E-11 1.2762E-10 1.9787E-10 2.5455E-10 3.5403E-10 4.4856E-10 5.6109E-10 7.2902E-10 8.8664E-10 1.1125E-09 1.3450E-09 1.6465E-09 1.9656E-09 2.3272E-09 2.7399E-09 3.2032E-09 3.7257E-09 4.3089E-09 4.9566E-09 5.6746E-09 6.4620E-09 7.3190E-09 8.2420E-09 9.2368E-09 1.0296E-08 1.1414E-08 1.2589E-08 1.3803E-08 1.5048E-08 1.6312E-08 1.7579E-08 1.8830E-08 2.0049E-08 2.1212E-08 2.2289E-08 2.3263E-08 2.4114E-08 2.4826E-08 2.5378E-08 2.5755E-08 2.5950E-08 2.5954E-08 2.5768E-08 2.5394E-08 2.4843E-08 2.4123E-08 2.3250E-08 2.2245E-08 2.1121E-08 1.9937E-08 1.8706E-08 1.7485E-08
1.1121E-11 1.5854E-11 2.1849E-11 3.0474E-11 6.8555E-11 9.8100E-11 1.3094E-10 2.0308E-10 2.6137E-10 3.6467E-10 4.6274E-10 6.0123E-10 7.4691E-10 9.1431E-10 1.1499E-09 1.3905E-09 1.7028E-09 2.0366E-09 2.4112E-09 2.8428E-09 3.3263E-09 3.8710E-09 4.4805E-09 5.1613E-09 5.9161E-09 6.7443E-09 7.6442E-09 8.6176E-09 9.6662E-09 1.0787E-08 1.1972E-08 1.3213E-08 1.4500E-08 1.5826E-08 1.7168E-08 1.8516E-08 1.9851E-08 2.1151E-08 2.2391E-08 2.3550E-08 2.4596E-08 2.5509E-08 2.6270E-08 2.6861E-08 2.7269E-08 2.7479E-08 2.7482E-08 2.7280E-08 2.6874E-08 2.6278E-08 2.5500E-08 2.4557E-08 2.3468E-08 2.2260E-08 2.0971E-08 1.9636E-08 1.8307E-08
1.1067E-11 1.5701E-11 2.1822E-11 3.0665E-11 6.6531E-11 9.8052E-11 1.5496E-10 2.0794E-10 2.6700E-10 3.7253E-10 4.7322E-10 6.1365E-10 7.6370E-10 9.3700E-10 1.1810E-09 1.4258E-09 1.7473E-09 2.0944E-09 2.4801E-09 2.9312E-09 3.4325E-09 3.9974E-09 4.6340E-09 5.3443E-09 6.1317E-09 6.9969E-09 7.9385E-09 8.9592E-09 1.0060E-08 1.1238E-08 1.2483E-08 1.3793E-08 1.5152E-08 1.6551E-08 1.7971E-08 1.9403E-08 2.0816E-08 2.2202E-08 2.3525E-08 2.4756E-08 2.5872E-08 2.6849E-08 2.7659E-08 2.8293E-08 2.8728E-08 2.8954E-08 2.8959E-08 2.8740E-08 2.8302E-08 2.7658E-08 2.6821E-08 2.5807E-08 2.4637E-08 2.3343E-08 2.1958E-08 2.0517E-08 1.9055E-08
1.0908E-11 1.5406E-11 2.1657E-11 3.0550E-11 6.7118E-11 9.9748E-11 1.5789E-10 2.1234E-10 2.7144E-10 3.7630E-10 4.7822E-10 6.2031E-10 7.7852E-10 9.5579E-10 1.2055E-09 1.4557E-09 1.7864E-09 2.1434E-09 2.5406E-09 3.0045E-09 3.5210E-09 4.1052E-09 4.7647E-09 5.4994E-09 6.3167E-09 7.2155E-09 8.1946E-09 9.2606E-09 1.0407E-08 1.1638E-08 1.2946E-08 1.4318E-08 1.5743E-08 1.7218E-08 1.8715E-08 2.0225E-08 2.1721E-08 2.3184E-08 2.4585E-08 2.5893E-08 2.7079E-08 2.8114E-08 2.8981E-08 2.9657E-08 3.0121E-08 3.0362E-08 3.0367E-08 3.0132E-08 2.9665E-08 2.8976E-08 2.8079E-08 2.6993E-08 2.5740E-08 2.4355E-08 2.2878E-08 2.1345E-08 1.9786E-08
1.0647E-11 1.5151E-11 2.1250E-11 3.0186E-11 6.7338E-11 1.0110E-10 1.6006E-10 2.1556E-10 2.7508E-10 3.8214E-10 4.8440E-10 6.2861E-10 7.8967E-10 9.9856E-10 1.2208E-09 1.4761E-09 1.8098E-09 2.1809E-09 2.5879E-09 3.0606E-09 3.5903E-09 4.1916E-09 4.8690E-09 5.6252E-09 6.4684E-09 7.3968E-09 8.4117E-09 9.5133E-09 1.0705E-08 1.1987E-08 1.3346E-08 1.4777E-08 1.6272E-08 1.7815E-08 1.9385E-08 2.0973E-08 2.2548E-08 2.4092E-08 2.5569E-08 2.6954E-08 2.8215E-08 2.9319E-08 3.0241E-08 3.0957E-08 3.1452E-08 3.1709E-08 3.1715E-08 3.1467E-08 3.0965E-08 3.0225E-08 2.9269E-08 2.8107E-08 2.6766E-08 2.5283E-08 2.3706E-08 2.2075E-08 2.0435E-08
1.0290E-11 1.4802E-11 2.0611E-11 2.9637E-11 6.7083E-11 1.0152E-10 1.6103E-10 2.1461E-10 2.7429E-10 3.8499E-10 4.8531E-10 6.3332E-10 7.9335E-10 1.0069E-09 1.2324E-09 1.4919E-09 1.8298E-09 2.2048E-09 2.6211E-09 3.0991E-09 3.6380E-09 4.2521E-09 4.9455E-09 5.7207E-09 6.5843E-09 7.5394E-09 8.5813E-09 9.7150E-09 1.0951E-08 1.2274E-08 1.3683E-08 1.5175E-08 1.6731E-08 1.8340E-08 1.9986E-08 2.1650E-08 2.3304E-08 2.4926E-08 2.6485E-08 2.7946E-08 2.9277E-08 3.0446E-08 3.1420E-08 3.2183E-08 3.2705E-08 3.2976E-08 3.2980E-08 3.2711E-08 3.2175E-08 3.1385E-08 3.0361E-08 2.9122E-08 2.7695E-08 2.6120E-08 2.4444E-08 2.2710E-08 2.0975E-08
9.9104E-12 1.4209E-11 1.9995E-11 2.8686E-11 6.6681E-11 1.0139E-10 1.6128E-10 2.1523E-10 2.7479E-10 3.8156E-10 4.8611E-10 6.3451E-10 7.9465E-10 1.0070E-09 1.2340E-09 1.4982E-09 1.8391E-09 2.2134E-09 2.6336E-09 3.1171E-09 3.6661E-09 4.2845E-09 4.9886E-09 5.7810E-09 6.6606E-09 7.6334E-09 8.7008E-09 9.8662E-09 1.1132E-08 1.2494E-08 1.3953E-08 1.5494E-08 1.7105E-08 1.8781E-08 2.0494E-08 2.2230E-08 2.3959E-08 2.5661E-08 2.7298E-08 2.8835E-08 3.0237E-08 3.1469E-08 3.2504E-08 3.3312E-08 3.3863E-08 3.4146E-08 3.4148E-08 3.3864E-08 3.3295E-08 3.2452E-08 3.1359E-08 3.0038E-08 2.8520E-08 2.6850E-08 2.5076E-08 2.3247E-08 2.1413E-08
9.5254E-12 1.3618E-11 1.9109E-11 2.7700E-11 6.5786E-11 9.7698E-11 1.5769E-10 2.1105E-10 2.7199E-10 3.7927E-10 4.7784E-10 6.3082E-10 7.9013E-10 1.0008E-09 1.2255E-09 1.4892E-09 1.8333E-09 2.2086E-09 2.6302E-09 3.1122E-09 3.6646E-09 4.2893E-09 4.9994E-09 5.8003E-09 6.6908E-09 7.6790E-09 8.7645E-09 9.9524E-09 1.1246E-08 1.2644E-08 1.4140E-08 1.5723E-08 1.7389E-08 1.9120E-08 2.0895E-08 2.2700E-08 2.4501E-08 2.6278E-08 2.7993E-08 2.9604E-08 3.1078E-08 3.2382E-08 3.3475E-08 3.4328E-08 3.4921E-08 3.5225E-08 3.5228E-08 3.4927E-08 3.4324E-08 3.3431E-08 3.2273E-08 3.0870E-08 2.9262E-08 2.7495E-08 2.5622E-08 2.3696E-08 2.1768E-08
9.1281E-12 1.2918E-11 1.8290E-11 2.6203E-11 6.4014E-11 9.5685E-11 1.5488E-10 2.0787E-10 2.6793E-10 3.7341E-10 4.7029E-10 6.1727E-10 7.7448E-10 9.8482E-10 1.2098E-09 1.4690E-09 1.8096E-09 2.1822E-09 2.6028E-09 3.0871E-09 3.6365E-09 4.2640E-09 4.9756E-09 5.7788E-09 6.6761E-09 7.6739E-09 8.7715E-09 9.9738E-09 1.1291E-08 1.2714E-08 1.4239E-08 1.5863E-08 1.7573E-08 1.9355E-08 2.1190E-08 2.3057E-08 2.4930E-08 2.6781E-08 2.8567E-08 3.0256E-08 3.1806E-08 3.3174E-08 3.4328E-08 3.5237E-08 3.5861E-08 3.6185E-08 3.6195E-08 3.5876E-08 3.5242E-08 3.4301E-08 3.3074E-08 3.1594E-08 2.9895E-08 2.8034E-08 2.6065E-08 2.4042E-08 2.2024E-08
8.7123E-12 1.1680E-11 1.6797E-11 2.4331E-11 6.1671E-11 9.3052E-11 1.5107E-10 2.0280E-10 2.5911E-10 3.6195E-10 4.6014E-10 6.0235E-10 7.5579E-10 9.6229E-10 1.1836E-09 1.4420E-09 1.7754E-09 2.1449E-09 2.5594E-09 3.0369E-09 3.5818E-09 4.2093E-09 4.9161E-09 5.7145E-09 6.6169E-09 7.6152E-09 8.7185E-09 9.9320E-09 1.1262E-08 1.2701E-08 1.4255E-08 1.5909E-08 1.7655E-08 1.9485E-08 2.1372E-08 2.3303E-08 2.5242E-08 2.7161E-08 2.9026E-08 3.0791E-08 3.2412E-08 3.3853E-08 3.5076E-08 3.6036E-08 3.6703E-08 3.7053E-08 3.7068E-08 3.6741E-08 3.6077E-08 3.5086E-08 3.3796E-08 3.2234E-08 3.0446E-08 2.8489E-08 2.6420E-08 2.4304E-08 2.2196E-08
8.3075E-12 1.0960E-11 1.5441E-11 2.2277E-11 5.8883E-11 8.9864E-11 1.4330E-10 1.9648E-10 2.5210E-10 3.5188E-10 4.4514E-10 5.8129E-10 7.3304E-10 9.0940E-10 1.1521E-09 1.4040E-09 1.7263E-09 2.0945E-09 2.5021E-09 2.9670E-09 3.5043E-09 4.1262E-09 4.8231E-09 5.6144E-09 6.5060E-09 7.5044E-09 8.6090E-09 9.8245E-09 1.1156E-08 1.2610E-08 1.4180E-08 1.5858E-08 1.7640E-08 1.9508E-08 2.1445E-08 2.3433E-08 2.5434E-08 2.7428E-08 2.9371E-08 3.1211E-08 3.2914E-08 3.4433E-08 3.5721E-08 3.6740E-08 3.7455E-08 3.7835E-08 3.7861E-08 3.7525E-08 3.6830E-08 3.5791E-08 3.4436E-08 3.2795E-08 3.0918E-08 2.8865E-08 2.6701E-08 2.4490E-08 2.2296E-08
7.8781E-12 1.0243E-11 1.4009E-11 2.0098E-11 5.5889E-11 8.5860E-11 1.3777E-10 1.8636E-10 2.4110E-10 3.3840E-10 4.2839E-10 5.6196E-10 7.0544E-10 8.7517E-10 1.1136E-09 1.3588E-09 1.6722E-09 2.0254E-09 2.4298E-09 2.8830E-09 3.4091E-09 4.0144E-09 4.6985E-09 5.4777E-09 6.3563E-09 7.3447E-09 8.4424E-09 9.6486E-09 1.0981E-08 1.2436E-08 1.4013E-08 1.5711E-08 1.7516E-08 1.9416E-08 2.1399E-08 2.3436E-08 2.5500E-08 2.7566E-08 2.9579E-08 3.1502E-08 3.3288E-08 3.4885E-08 3.6248E-08 3.7334E-08 3.8104E-08 3.8524E-08 3.8573E-08 3.8236E-08 3.7523E-08 3.6444E-08 3.5028E-08 3.3312E-08 3.1348E-08 2.9200E-08 2.6939E-08 2.4635E-08 2.2355E-08
7.4602E-12 9.4767E-12 1.3071E-11 1.8353E-11 5.2550E-11 8.1244E-11 1.0807E-10 1.7806E-10 2.3196E-10 3.2183E-10 4.1001E-10 5.4037E-10 6.7727E-10 8.4161E-10 1.0655E-09 1.3031E-09 1.6102E-09 1.9499E-09 2.3383E-09 2.7791E-09 3.2905E-09 3.8790E-09 4.5419E-09 5.3040E-09 6.1648E-09 7.1355E-09 8.2163E-09 9.4090E-09 1.0732E-08 1.2179E-08 1.3756E-08 1.5462E-08 1.7276E-08 1.9204E-08 2.1218E-08 2.3298E-08 2.5421E-08 2.7548E-08 2.9636E-08 3.1642E-08 3.3512E-08 3.5193E-08 3.6643E-08 3.7807E-08 3.8644E-08 3.9115E-08 3.9197E-08 3.8879E-08 3.8158E-08 3.7048E-08 3.5583E-08 3.3799E-08 3.1752E-08 2.9515E-08 2.7159E-08 2.4761E-08 2.2395E-08
6.9765E-12 8.8311E-12 1.1987E-11 1.6731E-11 4.9167E-11 7.5979E-11 1.0233E-10 1.6541E-10 2.1862E-10 3.0687E-10 3.9195E-10 4.8607E-10 6.4019E-10 8.0015E-10 1.0149E-09 1.2431E-09 1.5373E-09 1.8609E-09 2.2388E-09 2.6614E-09 3.1525E-09 3.7209E-09 4.3651E-09 5.1022E-09 5.9377E-09 6.8844E-09 7.9420E-09 9.1133E-09 1.0416E-08 1.1844E-08 1.3416E-08 1.5112E-08 1.6931E-08 1.8874E-08 2.0908E-08 2.3028E-08 2.5198E-08 2.7382E-08 2.9545E-08 3.1631E-08 3.3586E-08 3.5359E-08 3.6900E-08 3.8150E-08 3.9064E-08 3.9603E-08 3.9735E-08 3.9445E-08 3.8732E-08 3.7608E-08 3.6102E-08 3.4261E-08 3.2144E-08 2.9822E-08 2.7375E-08 2.4886E-08 2.2432E-08
6.4508E-12 8.2325E-12 1.0827E-11 1.5471E-11 2.2606E-11 6.9949E-11 9.6710E-11 1.5506E-10 2.0736E-10 2.8791E-10 3.6717E-10 4.6195E-10 6.0519E-10 7.5654E-10 9.6052E-10 1.1778E-09 1.4316E-09 1.7696E-09 2.1246E-09 2.5339E-09 2.9994E-09 3.5441E-09 4.1682E-09 4.8725E-09 5.6799E-09 6.5925E-09 7.6166E-09 8.7663E-09 1.0037E-08 1.1442E-08 1.2991E-08 1.4666E-08 1.6484E-08 1.8427E-08 2.0474E-08 2.2622E-08 2.4826E-08 2.7065E-08 2.9292E-08 3.1450E-08 3.3491E-08 3.5357E-08 3.6989E-08 3.8330E-08 3.9333E-08 3.9949E-08 4.0146E-08 3.9900E-08 3.9208E-08 3.8084E-08 3.6558E-08 3.4674E-08 3.2497E-08 3.0103E-08 2.7574E-08 2.4998E-08 2.2461E-08
5.9076E-12 7.6575E-12 9.8457E-12 1.4063E-11 2.0140E-11 6.3674E-11 9.0800E-11 1.4484E-10 1.9236E-10 2.4756E-10 3.4635E-10 4.3478E-10 5.6911E-10 7.0908E-10 9.0439E-10 1.1086E-09 1.3485E-09 1.6691E-09 2.0031E-09 2.3981E-09 2.8391E-09 3.3534E-09 3.9498E-09 4.6207E-09 5.3961E-09 6.2677E-09 7.2539E-09 8.3705E-09 9.5994E-09 1.0974E-08 1.2485E-08 1.4135E-08 1.5939E-08 1.7863E-08 1.9916E-08 2.2076E-08 2.4304E-08 2.6585E-08 2.8864E-08 3.1089E-08 3.3211E-08 3.5166E-08 3.6893E-08 3.8334E-08 3.9430E-08 4.0139E-08 4.0414E-08 4.0229E-08 3.9581E-08 3.8476E-08 3.6945E-08 3.5041E-08 3.2819E-08 3.0362E-08 2.7760E-08 2.5107E-08 2.2491E-08
5.3454E-12 7.0654E-12 8.9275E-12 1.2351E-11 1.8334E-11 5.7093E-11 8.4367E-11 1.3453E-10 1.7869E-10 2.3027E-10 3.2418E-10 4.0679E-10 5.3547E-10 6.6173E-10 8.1818E-10 1.0395E-09 1.2625E-09 1.5619E-09 1.8797E-09 2.2475E-09 2.6704E-09 3.1487E-09 3.7127E-09 4.3481E-09 5.0850E-09 5.9157E-09 6.8574E-09 7.9223E-09 9.1141E-09 1.0445E-08 1.1907E-08 1.3527E-08 1.5293E-08 1.7192E-08 1.9235E-08 2.1386E-08 2.3628E-08 2.5935E-08 2.8251E-08 3.0536E-08 3.2727E-08 3.4762E-08 3.6583E-08 3.8125E-08 3.9329E-08 4.0136E-08 4.0502E-08 4.0400E-08 3.9811E-08 3.8748E-08 3.7246E-08 3.5337E-08 3.3091E-08 3.0590E-08 2.7931E-08 2.5214E-08 2.2531E-08
4.7432E-12 6.4292E-12 8.1843E-12 1.0806E-11 1.6314E-11 5.0827E-11 7.6280E-11 1.0219E-10 1.6445E-10 2.1255E-10 2.9876E-10 3.7803E-10 4.6906E-10 6.1606E-10 7.5694E-10 9.6200E-10 1.1751E-09 1.4202E-09 1.7513E-09 2.0918E-09 2.4870E-09 2.9390E-09 3.4654E-09 4.0661E-09 4.7581E-09 5.5382E-09 6.4342E-09 7.4437E-09 8.5862E-09 9.8607E-09 1.1272E-08 1.2842E-08 1.4556E-08 1.6421E-08 1.8432E-08 2.0559E-08 2.2799E-08 2.5110E-08 2.7451E-08 2.9775E-08 3.2021E-08 3.4129E-08 3.6039E-08 3.7682E-08 3.8989E-08 3.9910E-08 4.0380E-08 4.0368E-08 3.9869E-08 3.8881E-08 3.7423E-08 3.5542E-08 3.3293E-08 3.0771E-08 2.8081E-08 2.5321E-08 2.2584E-08
4.2474E-12 5.8015E-12 7.4960E-12 9.5509E-12 1.3914E-11 2.2888E-11 6.8123E-11 9.3671E-11 1.4996E-10 1.9595E-10 2.4860E-10 3.4962E-10 4.3346E-10 5.6877E-10 7.0019E-10 8.8506E-10 1.0843E-09 1.3113E-09 1.6175E-09 1.9403E-09 2.3018E-09 2.7259E-09 3.2074E-09 3.7703E-09 4.4188E-09 5.1464E-09 5.9882E-09 6.9401E-09 8.0189E-09 9.2361E-09 1.0585E-08 1.2091E-08 1.3746E-08 1.5557E-08 1.7516E-08 1.9609E-08 2.1825E-08 2.4118E-08 2.6464E-08 2.8806E-08 3.1089E-08 3.3262E-08 3.5249E-08 3.6985E-08 3.8407E-08 3.9434E-08 4.0018E-08 4.0132E-08 3.9738E-08 3.8843E-08 3.7465E-08 3.5627E-08 3.3407E-08 3.0897E-08 2.8201E-08 2.5418E-08 2.2646E-08
3.8433E-12 5.1237E-12 6.7852E-12 8.5508E-12 1.1686E-11 1.9288E-11 5.9301E-11 8.4929E-11 1.3615E-10 1.7820E-10 2.2619E-10 3.1807E-10 3.9743E-10 5.1996E-10 6.4069E-10 7.8211E-10 9.9294E-10 1.2043E-09 1.4791E-09 1.7811E-09 2.1132E-09 2.5072E-09 2.9529E-09 3.4683E-09 4.0729E-09 4.7478E-09 5.5320E-09 6.4203E-09 7.4316E-09 8.5827E-09 9.8622E-09 1.1294E-08 1.2873E-08 1.4615E-08 1.6509E-08 1.8547E-08 2.0710E-08 2.2969E-08 2.5295E-08 2.7633E-08 2.9940E-08 3.2152E-08 3.4208E-08 3.6035E-08 3.7550E-08 3.8692E-08 3.9410E-08 3.9647E-08 3.9391E-08 3.8618E-08 3.7334E-08 3.5585E-08 3.3430E-08 3.0968E-08 2.8297E-08 2.5517E-08 2.2726E-08
3.4430E-12 4.4629E-12 6.0734E-12 7.7284E-12 9.9349E-12 1.5322E-11 5.1030E-11 7.4565E-11 1.0072E-10 1.6085E-10 2.0598E-10 2.8682E-10 3.6259E-10 4.4696E-10 5.8423E-10 7.1345E-10 8.9977E-10 1.0951E-09 1.3185E-09 1.6221E-09 1.9322E-09 2.2900E-09 2.6994E-09 3.1725E-09 3.7259E-09 4.3491E-09 5.0716E-09 5.8976E-09 6.8362E-09 7.9083E-09 9.1104E-09 1.0461E-08 1.1957E-08 1.3612E-08 1.5427E-08 1.7385E-08 1.9477E-08 2.1680E-08 2.3959E-08 2.6275E-08 2.8578E-08 3.0818E-08 3.2921E-08 3.4813E-08 3.6427E-08 3.7683E-08 3.8524E-08 3.8915E-08 3.8798E-08 3.8165E-08 3.7015E-08 3.5376E-08 3.3327E-08 3.0947E-08 2.8332E-08 2.5582E-08 2.2796E-08
