Assets/Resources/2015_m01_d24_1900(utc+0800)_l00_csi_1hr_conc.grd
DSAA
         159         159
     -79.000      79.000
     -79.000      79.000
  0.0000E+00  0.5631E-05
[rows 0 to 24 of 159, columns 57 to 113 of 159]
9.7619E-10 9.5096E-10 9.2805E-10 9.1454E-10 9.0435E-10 8.9399E-10 8.8347E-10 8.7280E-10 8.6199E-10 8.5105E-10 8.3998E-10 8.2878E-10 8.1748E-10 8.0606E-10 7.9455E-10 7.8295E-10 7.7126E-10 7.5950E-10 7.4767E-10 7.3577E-10 7.2383E-10 7.1184E-10 6.9982E-10 6.8776E-10 6.7568E-10 6.6359E-10 6.5148E-10 6.3938E-10 6.2729E-10 6.1521E-10 6.0315E-10 5.9111E-10 5.7912E-10 5.6716E-10 5.5526E-10 5.4341E-10 5.3162E-10 5.1989E-10 5.0824E-10 4.9668E-10 4.8519E-10 4.7380E-10 4.6250E-10 4.5130E-10 4.4022E-10 4.2924E-10 4.1837E-10 4.0763E-10 3.9702E-10 3.8653E-10 3.7617E-10 3.6595E-10 3.5587E-10 3.4594E-10 3.3615E-10 3.2650E-10 3.1701E-10
9.8940E-10 9.6296E-10 9.3869E-10 9.1945E-10 9.0915E-10 8.9868E-10 8.8806E-10 8.7729E-10 8.6637E-10 8.5531E-10 8.4413E-10 8.3283E-10 8.2141E-10 8.0988E-10 7.9826E-10 7.8655E-10 7.7475E-10 7.6287E-10 7.5093E-10 7.3893E-10 7.2688E-10 7.1478E-10 7.0264E-10 6.9048E-10 6.7829E-10 6.6609E-10 6.5389E-10 6.4168E-10 6.2948E-10 6.1730E-10 6.0514E-10 5.9301E-10 5.8091E-10 5.6886E-10 5.5686E-10 5.4492E-10 5.3304E-10 5.2123E-10 5.0949E-10 4.9784E-10 4.8627E-10 4.7479E-10 4.6342E-10 4.5214E-10 4.4098E-10 4.2993E-10 4.1899E-10 4.0818E-10 3.9750E-10 3.8695E-10 3.7653E-10 3.6625E-10 3.5611E-10 3.4612E-10 3.3627E-10 3.2658E-10 3.1704E-10
1.0049E-09 9.7582E-10 9.4767E-10 9.2575E-10 9.1375E-10 9.0318E-10 8.9245E-10 8.8157E-10 8.7054E-10 8.5938E-10 8.4809E-10 8.3668E-10 8.2515E-10 8.1352E-10 8.0178E-10 7.8996E-10 7.7805E-10 7.6607E-10 7.5402E-10 7.4191E-10 7.2975E-10 7.1754E-10 7.0530E-10 6.9303E-10 6.8073E-10 6.6843E-10 6.5612E-10 6.4381E-10 6.3151E-10 6.1923E-10 6.0697E-10 5.9474E-10 5.8255E-10 5.7041E-10 5.5832E-10 5.4628E-10 5.3431E-10 5.2241E-10 5.1059E-10 4.9886E-10 4.8721E-10 4.7565E-10 4.6420E-10 4.5285E-10 4.4161E-10 4.3049E-10 4.1949E-10 4.0861E-10 3.9787E-10 3.8725E-10 3.7677E-10 3.6644E-10 3.5624E-10 3.4620E-10 3.3630E-10 3.2656E-10 3.1697E-10
1.0221E-09 9.8867E-10 9.5971E-10 9.3206E-10 9.1814E-10 9.0747E-10 8.9663E-10 8.8565E-10 8.7452E-10 8.6325E-10 8.5185E-10 8.4033E-10 8.2869E-10 8.1695E-10 8.0511E-10 7.9318E-10 7.8116E-10 7.6907E-10 7.5691E-10 7.4470E-10 7.3243E-10 7.2012E-10 7.0777E-10 6.9539E-10 6.8300E-10 6.7059E-10 6.5818E-10 6.4577E-10 6.3337E-10 6.2099E-10 6.0864E-10 5.9632E-10 5.8404E-10 5.7180E-10 5.5962E-10 5.4749E-10 5.3544E-10 5.2346E-10 5.1155E-10 4.9973E-10 4.8801E-10 4.7638E-10 4.6485E-10 4.5343E-10 4.4212E-10 4.3093E-10 4.1986E-10 4.0892E-10 3.9811E-10 3.8744E-10 3.7690E-10 3.6651E-10 3.5626E-10 3.4617E-10 3.3622E-10 3.2644E-10 3.1681E-10
1.0386E-09 1.0041E-09 9.7034E-10 9.3819E-10 9.2392E-10 9.1154E-10 9.0061E-10 8.8952E-10 8.7828E-10 8.6691E-10 8.5540E-10 8.4378E-10 8.3203E-10 8.2019E-10 8.0824E-10 7.9620E-10 7.8408E-10 7.7188E-10 7.5962E-10 7.4730E-10 7.3492E-10 7.2251E-10 7.1006E-10 6.9758E-10 6.8508E-10 6.7258E-10 6.6007E-10 6.4756E-10 6.3506E-10 6.2259E-10 6.1014E-10 5.9773E-10 5.8535E-10 5.7303E-10 5.6076E-10 5.4855E-10 5.3641E-10 5.2435E-10 5.1236E-10 5.0047E-10 4.8866E-10 4.7696E-10 4.6536E-10 4.5387E-10 4.4249E-10 4.3124E-10 4.2011E-10 4.0911E-10 3.9824E-10 3.8751E-10 3.7692E-10 3.6647E-10 3.5618E-10 3.4603E-10 3.3604E-10 3.2621E-10 3.1654E-10
1.0616E-09 1.0179E-09 9.8339E-10 9.4835E-10 9.2964E-10 9.1540E-10 9.0436E-10 8.9317E-10 8.8183E-10 8.7035E-10 8.5874E-10 8.4701E-10 8.3516E-10 8.2321E-10 8.1116E-10 7.9901E-10 7.8679E-10 7.7449E-10 7.6212E-10 7.4970E-10 7.3722E-10 7.2470E-10 7.1215E-10 6.9958E-10 6.8698E-10 6.7438E-10 6.6177E-10 6.4917E-10 6.3658E-10 6.2401E-10 6.1147E-10 5.9897E-10 5.8651E-10 5.7409E-10 5.6174E-10 5.4945E-10 5.3723E-10 5.2508E-10 5.1302E-10 5.0105E-10 4.8918E-10 4.7740E-10 4.6573E-10 4.5417E-10 4.4273E-10 4.3142E-10 4.2022E-10 4.0916E-10 3.9824E-10 3.8745E-10 3.7681E-10 3.6632E-10 3.5597E-10 3.4579E-10 3.3575E-10 3.2588E-10 3.1617E-10
1.0807E-09 1.0381E-09 9.9508E-10 9.5657E-10 9.3538E-10 9.2058E-10 9.0788E-10 8.9659E-10 8.8515E-10 8.7357E-10 8.6186E-10 8.5003E-10 8.3808E-10 8.2602E-10 8.1387E-10 8.0162E-10 7.8929E-10 7.7689E-10 7.6442E-10 7.5190E-10 7.3932E-10 7.2670E-10 7.1405E-10 7.0138E-10 6.8869E-10 6.7599E-10 6.6329E-10 6.5059E-10 6.3791E-10 6.2525E-10 6.1263E-10 6.0003E-10 5.8749E-10 5.7499E-10 5.6256E-10 5.5019E-10 5.3789E-10 5.2567E-10 5.1353E-10 5.0149E-10 4.8954E-10 4.7770E-10 4.6596E-10 4.5434E-10 4.4284E-10 4.3146E-10 4.2021E-10 4.0909E-10 3.9812E-10 3.8728E-10 3.7659E-10 3.6605E-10 3.5566E-10 3.4543E-10 3.3536E-10 3.2544E-10 3.1570E-10
1.1088E-09 1.0552E-09 1.0101E-09 9.6816E-10 9.4106E-10 9.2560E-10 9.1118E-10 8.9978E-10 8.8824E-10 8.7657E-10 8.6475E-10 8.5282E-10 8.4077E-10 8.2861E-10 8.1636E-10 8.0401E-10 7.9158E-10 7.7908E-10 7.6651E-10 7.5389E-10 7.4122E-10 7.2850E-10 7.1576E-10 7.0299E-10 6.9020E-10 6.7741E-10 6.6461E-10 6.5183E-10 6.3906E-10 6.2631E-10 6.1360E-10 6.0092E-10 5.8830E-10 5.7572E-10 5.6320E-10 5.5076E-10 5.3838E-10 5.2609E-10 5.1388E-10 5.0177E-10 4.8975E-10 4.7784E-10 4.6605E-10 4.5436E-10 4.4280E-10 4.3137E-10 4.2006E-10 4.0889E-10 3.9786E-10 3.8698E-10 3.7624E-10 3.6566E-10 3.5523E-10 3.4496E-10 3.3485E-10 3.2490E-10 3.1512E-10
1.1332E-09 1.0796E-09 1.0260E-09 9.7817E-10 9.4600E-10 9.3063E-10 9.1462E-10 9.0274E-10 8.9110E-10 8.7933E-10 8.6742E-10 8.5538E-10 8.4323E-10 8.3098E-10 8.1863E-10 8.0618E-10 7.9365E-10 7.8106E-10 7.6839E-10 7.5567E-10 7.4290E-10 7.3009E-10 7.1725E-10 7.0439E-10 6.9151E-10 6.7863E-10 6.6575E-10 6.5288E-10 6.4002E-10 6.2719E-10 6.1439E-10 6.0164E-10 5.8893E-10 5.7627E-10 5.6368E-10 5.5116E-10 5.3871E-10 5.2635E-10 5.1407E-10 5.0189E-10 4.8981E-10 4.7784E-10 4.6598E-10 4.5424E-10 4.4262E-10 4.3114E-10 4.1978E-10 4.0856E-10 3.9749E-10 3.8656E-10 3.7578E-10 3.6515E-10 3.5468E-10 3.4438E-10 3.3423E-10 3.2425E-10 3.1444E-10
1.1677E-09 1.1015E-09 1.0429E-09 9.9125E-10 9.5240E-10 9.3484E-10 9.1862E-10 9.0546E-10 8.9372E-10 8.8185E-10 8.6984E-10 8.5771E-10 8.4547E-10 8.3311E-10 8.2066E-10 8.0812E-10 7.9550E-10 7.8281E-10 7.7005E-10 7.5723E-10 7.4437E-10 7.3147E-10 7.1854E-10 7.0559E-10 6.9262E-10 6.7965E-10 6.6668E-10 6.5373E-10 6.4079E-10 6.2788E-10 6.1500E-10 6.0216E-10 5.8938E-10 5.7665E-10 5.6398E-10 5.5139E-10 5.3887E-10 5.2644E-10 5.1410E-10 5.0186E-10 4.8972E-10 4.7769E-10 4.6577E-10 4.5398E-10 4.4231E-10 4.3077E-10 4.1936E-10 4.0810E-10 3.9698E-10 3.8601E-10 3.7519E-10 3.6452E-10 3.5402E-10 3.4368E-10 3.3350E-10 3.2349E-10 3.1366E-10
1.1993E-09 1.1309E-09 1.0629E-09 1.0043E-09 9.5636E-10 9.3874E-10 9.2212E-10 9.0792E-10 8.9610E-10 8.8413E-10 8.7203E-10 8.5980E-10 8.4746E-10 8.3501E-10 8.2247E-10 8.0984E-10 7.9712E-10 7.8433E-10 7.7148E-10 7.5858E-10 7.4563E-10 7.3264E-10 7.1962E-10 7.0658E-10 6.9353E-10 6.8047E-10 6.6742E-10 6.5438E-10 6.4136E-10 6.2837E-10 6.1542E-10 6.0251E-10 5.8965E-10 5.7685E-10 5.6411E-10 5.5145E-10 5.3887E-10 5.2637E-10 5.1397E-10 5.0166E-10 4.8947E-10 4.7738E-10 4.6541E-10 4.5356E-10 4.4184E-10 4.3025E-10 4.1880E-10 4.0750E-10 3.9634E-10 3.8533E-10 3.7447E-10 3.6377E-10 3.5324E-10 3.4287E-10 3.3266E-10 3.2263E-10 3.1277E-10
1.2395E-09 1.1595E-09 1.0863E-09 1.0276E-09 9.6371E-10 9.4350E-10 9.2680E-10 9.1014E-10 8.9821E-10 8.8615E-10 8.7396E-10 8.6164E-10 8.4921E-10 8.3667E-10 8.2404E-10 8.1131E-10 7.9851E-10 7.8563E-10 7.7269E-10 7.5970E-10 7.4666E-10 7.3358E-10 7.2048E-10 7.0735E-10 6.9422E-10 6.8108E-10 6.6795E-10 6.5483E-10 6.4174E-10 6.2867E-10 6.1564E-10 6.0266E-10 5.8973E-10 5.7686E-10 5.6406E-10 5.5133E-10 5.3869E-10 5.2613E-10 5.1367E-10 5.0131E-10 4.8905E-10 4.7691E-10 4.6489E-10 4.5300E-10 4.4123E-10 4.2960E-10 4.1811E-10 4.0676E-10 3.9556E-10 3.8452E-10 3.7363E-10 3.6290E-10 3.5233E-10 3.4194E-10 3.3171E-10 3.2165E-10 3.1177E-10
1.2789E-09 1.1962E-09 1.1283E-09 1.0484E-09 9.7802E-10 9.4799E-10 9.2932E-10 9.1317E-10 9.0007E-10 8.8792E-10 8.7564E-10 8.6323E-10 8.5071E-10 8.3808E-10 8.2536E-10 8.1255E-10 7.9965E-10 7.8669E-10 7.7366E-10 7.6058E-10 7.4746E-10 7.3430E-10 7.2112E-10 7.0791E-10 6.9470E-10 6.8148E-10 6.6827E-10 6.5508E-10 6.4191E-10 6.2877E-10 6.1567E-10 6.0262E-10 5.8962E-10 5.7669E-10 5.6382E-10 5.5103E-10 5.3833E-10 5.2571E-10 5.1320E-10 5.0078E-10 4.8848E-10 4.7629E-10 4.6422E-10 4.5228E-10 4.4047E-10 4.2880E-10 4.1727E-10 4.0589E-10 3.9466E-10 3.8358E-10 3.7266E-10 3.6190E-10 3.5131E-10 3.4089E-10 3.3064E-10 3.2056E-10 3.1066E-10
1.3512E-09 1.2487E-09 1.1777E-09 1.1567E-09 9.9162E-10 9.5339E-10 9.3353E-10 9.1531E-10 9.0167E-10 8.8943E-10 8.7706E-10 8.6457E-10 8.5196E-10 8.3924E-10 8.2643E-10 8.1353E-10 8.0056E-10 7.8751E-10 7.7440E-10 7.6124E-10 7.4803E-10 7.3479E-10 7.2153E-10 7.0825E-10 6.9495E-10 6.8166E-10 6.6838E-10 6.5511E-10 6.4187E-10 6.2867E-10 6.1550E-10 6.0238E-10 5.8932E-10 5.7633E-10 5.6340E-10 5.5056E-10 5.3779E-10 5.2513E-10 5.1256E-10 5.0009E-10 4.8774E-10 4.7551E-10 4.6340E-10 4.5142E-10 4.3957E-10 4.2786E-10 4.1629E-10 4.0488E-10 3.9362E-10 3.8251E-10 3.7156E-10 3.6078E-10 3.5017E-10 3.3973E-10 3.2946E-10 3.1937E-10 3.0945E-10
1.4196E-09 1.3361E-09 1.3238E-09 1.1978E-09 1.0602E-09 9.5845E-10 9.3630E-10 9.1729E-10 9.0300E-10 8.9067E-10 8.7822E-10 8.6564E-10 8.5295E-10 8.4015E-10 8.2725E-10 8.1427E-10 8.0121E-10 7.8808E-10 7.7489E-10 7.6165E-10 7.4837E-10 7.3505E-10 7.2171E-10 7.0835E-10 6.9499E-10 6.8163E-10 6.6827E-10 6.5494E-10 6.4163E-10 6.2836E-10 6.1513E-10 6.0195E-10 5.8883E-10 5.7578E-10 5.6279E-10 5.4989E-10 5.3708E-10 5.2436E-10 5.1175E-10 4.9924E-10 4.8684E-10 4.7456E-10 4.6241E-10 4.5039E-10 4.3851E-10 4.2677E-10 4.1517E-10 4.0373E-10 3.9244E-10 3.8131E-10 3.7034E-10 3.5954E-10 3.4890E-10 3.3844E-10 3.2816E-10 3.1806E-10 3.0813E-10
1.7213E-09 1.5322E-09 1.4922E-09 1.3700E-09 1.0770E-09 9.6537E-10 9.3974E-10 9.1953E-10 9.0405E-10 8.9164E-10 8.7911E-10 8.6644E-10 8.5367E-10 8.4079E-10 8.2782E-10 8.1476E-10 8.0162E-10 7.8841E-10 7.7514E-10 7.6183E-10 7.4847E-10 7.3508E-10 7.2166E-10 7.0823E-10 6.9480E-10 6.8137E-10 6.6795E-10 6.5455E-10 6.4118E-10 6.2784E-10 6.1455E-10 6.0132E-10 5.8814E-10 5.7503E-10 5.6200E-10 5.4905E-10 5.3619E-10 5.2342E-10 5.1076E-10 4.9821E-10 4.8577E-10 4.7346E-10 4.6127E-10 4.4922E-10 4.3730E-10 4.2553E-10 4.1391E-10 4.0244E-10 3.9112E-10 3.7997E-10 3.6898E-10 3.5816E-10 3.4752E-10 3.3704E-10 3.2675E-10 3.1663E-10 3.0670E-10
1.8580E-09 1.7800E-09 1.6557E-09 1.4281E-09 1.1499E-09 9.7123E-10 9.4473E-10 9.2098E-10 9.0482E-10 8.9234E-10 8.7972E-10 8.6698E-10 8.5413E-10 8.4117E-10 8.2812E-10 8.1498E-10 8.0176E-10 7.8848E-10 7.7514E-10 7.6175E-10 7.4832E-10 7.3486E-10 7.2138E-10 7.0788E-10 6.9438E-10 6.8089E-10 6.6740E-10 6.5394E-10 6.4051E-10 6.2712E-10 6.1377E-10 6.0048E-10 5.8725E-10 5.7409E-10 5.6101E-10 5.4801E-10 5.3511E-10 5.2230E-10 5.0960E-10 4.9701E-10 4.8454E-10 4.7219E-10 4.5997E-10 4.4789E-10 4.3594E-10 4.2415E-10 4.1250E-10 4.0101E-10 3.8967E-10 3.7850E-10 3.6750E-10 3.5667E-10 3.4601E-10 3.3553E-10 3.2522E-10 3.1510E-10 3.0516E-10
2.3755E-09 2.0093E-09 1.8397E-09 1.5714E-09 1.1727E-09 9.7890E-10 9.4905E-10 9.2292E-10 9.0531E-10 8.9275E-10 8.8005E-10 8.6724E-10 8.5431E-10 8.4128E-10 8.2815E-10 8.1494E-10 8.0165E-10 7.8830E-10 7.7489E-10 7.6143E-10 7.4793E-10 7.3440E-10 7.2086E-10 7.0730E-10 6.9373E-10 6.8018E-10 6.6663E-10 6.5312E-10 6.3963E-10 6.2618E-10 6.1278E-10 5.9944E-10 5.8616E-10 5.7296E-10 5.5983E-10 5.4679E-10 5.3385E-10 5.2100E-10 5.0826E-10 4.9564E-10 4.8313E-10 4.7075E-10 4.5851E-10 4.4640E-10 4.3443E-10 4.2261E-10 4.1094E-10 3.9943E-10 3.8808E-10 3.7690E-10 3.6589E-10 3.5504E-10 3.4438E-10 3.3389E-10 3.2358E-10 3.1346E-10 3.0352E-10
2.5220E-09 2.2801E-09 2.0180E-09 1.6847E-09 1.2460E-09 9.8901E-10 9.5473E-10 9.2551E-10 9.0550E-10 8.9287E-10 8.8010E-10 8.6721E-10 8.5421E-10 8.4111E-10 8.2791E-10 8.1463E-10 8.0128E-10 7.8786E-10 7.7438E-10 7.6085E-10 7.4729E-10 7.3370E-10 7.2009E-10 7.0647E-10 6.9285E-10 6.7924E-10 6.6564E-10 6.5207E-10 6.3853E-10 6.2503E-10 6.1158E-10 5.9820E-10 5.8487E-10 5.7162E-10 5.5846E-10 5.4538E-10 5.3240E-10 5.1952E-10 5.0675E-10 4.9409E-10 4.8156E-10 4.6915E-10 4.5688E-10 4.4475E-10 4.3276E-10 4.2093E-10 4.0924E-10 3.9772E-10 3.8636E-10 3.7516E-10 3.6414E-10 3.5329E-10 3.4262E-10 3.3213E-10 3.2183E-10 3.1171E-10 3.0179E-10
3.1114E-09 2.5372E-09 2.1603E-09 1.8290E-09 1.2247E-09 1.0009E-09 9.5778E-10 9.2614E-10 9.0541E-10 8.9270E-10 8.7987E-10 8.6691E-10 8.5384E-10 8.4067E-10 8.2740E-10 8.1406E-10 8.0063E-10 7.8715E-10 7.7361E-10 7.6002E-10 7.4640E-10 7.3275E-10 7.1908E-10 7.0540E-10 6.9173E-10 6.7806E-10 6.6441E-10 6.5079E-10 6.3721E-10 6.2366E-10 6.1017E-10 5.9674E-10 5.8338E-10 5.7009E-10 5.5689E-10 5.4377E-10 5.3076E-10 5.1785E-10 5.0505E-10 4.9237E-10 4.7981E-10 4.6739E-10 4.5509E-10 4.4294E-10 4.3094E-10 4.1909E-10 4.0740E-10 3.9586E-10 3.8449E-10 3.7329E-10 3.6227E-10 3.5142E-10 3.4075E-10 3.3027E-10 3.1998E-10 3.0987E-10 2.9997E-10
3.2901E-09 2.8451E-09 2.4205E-09 1.9983E-09 1.1879E-09 1.0185E-09 9.6739E-10 9.3181E-10 9.0510E-10 8.9224E-10 8.7934E-10 8.6631E-10 8.5318E-10 8.3994E-10 8.2661E-10 8.1320E-10 7.9972E-10 7.8617E-10 7.7257E-10 7.5893E-10 7.4525E-10 7.3155E-10 7.1782E-10 7.0410E-10 6.9037E-10 6.7665E-10 6.6296E-10 6.4929E-10 6.3566E-10 6.2207E-10 6.0854E-10 5.9508E-10 5.8168E-10 5.6836E-10 5.5512E-10 5.4198E-10 5.2893E-10 5.1600E-10 5.0317E-10 4.9047E-10 4.7790E-10 4.6545E-10 4.5314E-10 4.4098E-10 4.2897E-10 4.1711E-10 4.0540E-10 3.9386E-10 3.8249E-10 3.7129E-10 3.6027E-10 3.4943E-10 3.3878E-10 3.2831E-10 3.1803E-10 3.0795E-10 2.9806E-10
3.7802E-09 3.1356E-09 2.6399E-09 2.1776E-09 1.1720E-09 1.0363E-09 9.7323E-10 9.3198E-10 9.0565E-10 8.9148E-10 8.7851E-10 8.6542E-10 8.5223E-10 8.3893E-10 8.2554E-10 8.1207E-10 7.9853E-10 7.8493E-10 7.7127E-10 7.5758E-10 7.4384E-10 7.3009E-10 7.1632E-10 7.0254E-10 6.8877E-10 6.7501E-10 6.6127E-10 6.4756E-10 6.3389E-10 6.2027E-10 6.0670E-10 5.9320E-10 5.7977E-10 5.6642E-10 5.5316E-10 5.3999E-10 5.2692E-10 5.1396E-10 5.0112E-10 4.8840E-10 4.7581E-10 4.6335E-10 4.5103E-10 4.3886E-10 4.2684E-10 4.1497E-10 4.0327E-10 3.9173E-10 3.8036E-10 3.6917E-10 3.5817E-10 3.4734E-10 3.3670E-10 3.2626E-10 3.1600E-10 3.0594E-10 2.9608E-10
4.3472E-09 3.6186E-09 2.9582E-09 2.3126E-09 1.2474E-09 1.0572E-09 9.8346E-10 9.3910E-10 9.0538E-10 8.9041E-10 8.7739E-10 8.6424E-10 8.5099E-10 8.3763E-10 8.2419E-10 8.1066E-10 7.9707E-10 7.8341E-10 7.6971E-10 7.5596E-10 7.4218E-10 7.2838E-10 7.1456E-10 7.0074E-10 6.8692E-10 6.7312E-10 6.5934E-10 6.4560E-10 6.3190E-10 6.1824E-10 6.0464E-10 5.9111E-10 5.7765E-10 5.6428E-10 5.5099E-10 5.3780E-10 5.2471E-10 5.1174E-10 4.9888E-10 4.8615E-10 4.7355E-10 4.6108E-10 4.4875E-10 4.3658E-10 4.2455E-10 4.1269E-10 4.0099E-10 3.8947E-10 3.7812E-10 3.6694E-10 3.5596E-10 3.4515E-10 3.3454E-10 3.2411E-10 3.1389E-10 3.0386E-10 2.9404E-10
4.8383E-09 3.9204E-09 3.1764E-09 2.5403E-09 1.3081E-09 1.0806E-09 9.9338E-10 9.4076E-10 9.0562E-10 8.8904E-10 8.7596E-10 8.6276E-10 8.4945E-10 8.3604E-10 8.2255E-10 8.0897E-10 7.9533E-10 7.8162E-10 7.6787E-10 7.5407E-10 7.4025E-10 7.2640E-10 7.1255E-10 6.9869E-10 6.8483E-10 6.7100E-10 6.5719E-10 6.4341E-10 6.2967E-10 6.1599E-10 6.0237E-10 5.8881E-10 5.7533E-10 5.6193E-10 5.4863E-10 5.3542E-10 5.2232E-10 5.0933E-10 4.9646E-10 4.8372E-10 4.7111E-10 4.5864E-10 4.4632E-10 4.3415E-10 4.2213E-10 4.1028E-10 3.9860E-10 3.8709E-10 3.7576E-10 3.6461E-10 3.5364E-10 3.4287E-10 3.3229E-10 3.2190E-10 3.1171E-10 3.0172E-10 2.9193E-10
5.4801E-09 4.4331E-09 3.5085E-09 2.6498E-09 1.4132E-09 1.1078E-09 1.0121E-09 9.4068E-10 9.0591E-10 8.8736E-10 8.7423E-10 8.6098E-10 8.4762E-10 8.3416E-10 8.2061E-10 8.0699E-10 7.9330E-10 7.7955E-10 7.6576E-10 7.5192E-10 7.3806E-10 7.2417E-10 7.1028E-10 6.9638E-10 6.8250E-10 6.6863E-10 6.5479E-10 6.4098E-10 6.2722E-10 6.1352E-10 5.9987E-10 5.8629E-10 5.7280E-10 5.5938E-10 5.4606E-10 5.3285E-10 5.1974E-10 5.0674E-10 4.9387E-10 4.8112E-10 4.6851E-10 4.5605E-10 4.4374E-10 4.3158E-10 4.1958E-10 4.0775E-10 3.9609E-10 3.8460E-10 3.7330E-10 3.6218E-10 3.5124E-10 3.4051E-10 3.2996E-10 3.1961E-10 3.0946E-10 2.9951E-10 2.8976E-10
