Assets/Resources/2015_m01_d03_1900(utc+0800)_l00_csi_1hr_conc.grd
DSAA
         159         159
     -79.000      79.000
     -79.000      79.000
  0.0000E+00  0.2721E-04
[rows 0 to 24 of 159, columns 57 to 113 of 159]
2.3949E-11 2.5807E-11 2.7690E-11 2.9590E-11 3.1791E-11 3.3989E-11 3.6174E-11 3.8527E-11 4.0843E-11 4.3307E-11 4.5733E-11 4.8717E-11 5.3388E-11 5.7346E-11 6.0371E-11 6.3117E-11 6.6108E-11 6.9140E-11 7.1987E-11 7.5067E-11 7.8177E-11 8.1088E-11 8.4325E-11 8.7371E-11 9.0310E-11 9.3563E-11 9.6613E-11 9.9545E-11 1.0288E-10 1.0580E-10 1.0879E-10 1.1197E-10 1.1483E-10 1.1765E-10 1.2084E-10 1.2361E-10 1.2633E-10 1.2921E-10 1.3205E-10 1.3465E-10 1.3737E-10 1.4042E-10 1.4290E-10 1.4531E-10 1.4839E-10 1.5073E-10 1.5300E-10 1.5556E-10 1.5809E-10 1.6021E-10 1.6226E-10 1.6477E-10 1.6690E-10 1.6879E-10 1.7061E-10 1.7254E-10 1.7477E-10
2.5261E-11 2.7089E-11 2.9049E-11 3.1221E-11 3.3403E-11 3.5586E-11 3.7950E-11 4.0291E-11 4.2786E-11 4.5244E-11 4.8010E-11 5.2541E-11 5.6916E-11 5.9993E-11 6.2902E-11 6.5846E-11 6.9046E-11 7.1961E-11 7.5111E-11 7.8292E-11 8.1281E-11 8.4493E-11 8.7724E-11 9.0749E-11 9.4088E-11 9.7227E-11 1.0025E-10 1.0358E-10 1.0669E-10 1.0968E-10 1.1296E-10 1.1601E-10 1.1893E-10 1.2213E-10 1.2509E-10 1.2792E-10 1.3080E-10 1.3384E-10 1.3654E-10 1.3919E-10 1.4252E-10 1.4509E-10 1.4761E-10 1.5061E-10 1.5322E-10 1.5559E-10 1.5807E-10 1.6087E-10 1.6308E-10 1.6523E-10 1.6766E-10 1.7005E-10 1.7202E-10 1.7393E-10 1.7594E-10 1.7825E-10 1.7998E-10
2.6627E-11 2.8523E-11 3.0659E-11 3.2714E-11 3.4979E-11 3.7340E-11 3.9693E-11 4.2216E-11 4.4703E-11 4.7342E-11 5.1145E-11 5.6043E-11 5.9552E-11 6.2625E-11 6.5519E-11 6.8781E-11 7.1869E-11 7.4982E-11 7.8341E-11 8.1407E-11 8.4592E-11 8.8011E-11 9.1122E-11 9.4445E-11 9.7777E-11 1.0090E-10 1.0421E-10 1.0753E-10 1.1061E-10 1.1399E-10 1.1715E-10 1.2017E-10 1.2337E-10 1.2654E-10 1.2946E-10 1.3245E-10 1.3560E-10 1.3840E-10 1.4115E-10 1.4441E-10 1.4727E-10 1.4988E-10 1.5281E-10 1.5570E-10 1.5817E-10 1.6057E-10 1.6365E-10 1.6596E-10 1.6820E-10 1.7055E-10 1.7321E-10 1.7527E-10 1.7726E-10 1.7919E-10 1.8176E-10 1.8358E-10 1.8532E-10
2.8044E-11 3.0014E-11 3.2131E-11 3.4364E-11 3.6709E-11 3.9061E-11 4.1596E-11 4.4112E-11 4.6784E-11 4.9685E-11 5.5108E-11 5.9159E-11 6.2283E-11 6.5235E-11 6.8448E-11 7.1709E-11 7.4783E-11 7.8215E-11 8.1464E-11 8.4620E-11 8.8122E-11 9.1426E-11 9.4731E-11 9.8260E-11 1.0147E-10 1.0478E-10 1.0830E-10 1.1148E-10 1.1486E-10 1.1822E-10 1.2135E-10 1.2455E-10 1.2793E-10 1.3096E-10 1.3395E-10 1.3721E-10 1.4022E-10 1.4308E-10 1.4626E-10 1.4941E-10 1.5213E-10 1.5498E-10 1.5816E-10 1.6073E-10 1.6324E-10 1.6642E-10 1.6883E-10 1.7117E-10 1.7343E-10 1.7637E-10 1.7853E-10 1.8062E-10 1.8263E-10 1.8530E-10 1.8720E-10 1.8902E-10 1.9077E-10
2.9519E-11 3.1560E-11 3.3757E-11 3.6074E-11 3.8505E-11 4.0941E-11 4.3470E-11 4.6172E-11 4.9104E-11 5.3867E-11 5.8591E-11 6.1764E-11 6.4883E-11 6.8044E-11 7.1478E-11 7.4622E-11 7.8016E-11 8.1448E-11 8.4685E-11 8.8267E-11 9.1658E-11 9.4945E-11 9.8565E-11 1.0198E-10 1.0538E-10 1.0900E-10 1.1229E-10 1.1566E-10 1.1924E-10 1.2247E-10 1.2567E-10 1.2926E-10 1.3241E-10 1.3551E-10 1.3888E-10 1.4200E-10 1.4497E-10 1.4826E-10 1.5152E-10 1.5435E-10 1.5731E-10 1.6060E-10 1.6328E-10 1.6589E-10 1.6900E-10 1.7169E-10 1.7413E-10 1.7650E-10 1.7954E-10 1.8180E-10 1.8398E-10 1.8609E-10 1.8885E-10 1.9084E-10 1.9275E-10 1.9459E-10 1.9725E-10
3.0945E-11 3.3064E-11 3.5445E-11 3.7845E-11 4.0265E-11 4.2888E-11 4.5506E-11 4.8207E-11 5.2308E-11 5.7450E-11 6.1290E-11 6.4462E-11 6.7682E-11 7.1066E-11 7.4387E-11 7.7741E-11 8.1357E-11 8.4674E-11 8.8229E-11 9.1813E-11 9.5191E-11 9.8795E-11 1.0241E-10 1.0581E-10 1.0952E-10 1.1302E-10 1.1640E-10 1.2008E-10 1.2353E-10 1.2684E-10 1.3043E-10 1.3380E-10 1.3701E-10 1.4039E-10 1.4373E-10 1.4681E-10 1.5003E-10 1.5359E-10 1.5654E-10 1.5942E-10 1.6300E-10 1.6580E-10 1.6852E-10 1.7155E-10 1.7454E-10 1.7709E-10 1.7957E-10 1.8253E-10 1.8507E-10 1.8735E-10 1.8956E-10 1.9224E-10 1.9450E-10 1.9651E-10 1.9844E-10 2.0097E-10 2.0301E-10
3.2635E-11 3.4827E-11 3.7093E-11 3.9580E-11 4.2187E-11 4.4804E-11 4.7517E-11 5.0683E-11 5.6359E-11 6.0637E-11 6.3971E-11 6.7136E-11 7.0578E-11 7.4077E-11 7.7388E-11 8.1079E-11 8.4584E-11 8.8112E-11 9.1890E-11 9.5358E-11 9.9054E-11 1.0277E-10 1.0626E-10 1.0997E-10 1.1368E-10 1.1716E-10 1.2084E-10 1.2451E-10 1.2793E-10 1.3154E-10 1.3512E-10 1.3845E-10 1.4184E-10 1.4541E-10 1.4861E-10 1.5175E-10 1.5561E-10 1.5868E-10 1.6168E-10 1.6520E-10 1.6829E-10 1.7113E-10 1.7428E-10 1.7738E-10 1.8004E-10 1.8262E-10 1.8569E-10 1.8834E-10 1.9073E-10 1.9304E-10 1.9564E-10 1.9818E-10 2.0029E-10 2.0231E-10 2.0471E-10 2.0707E-10 2.0889E-10
3.4178E-11 3.6449E-11 3.8901E-11 4.1377E-11 4.4077E-11 4.6886E-11 4.9696E-11 5.4953E-11 5.9913E-11 6.3295E-11 6.6628E-11 7.0128E-11 7.3689E-11 7.7070E-11 8.0719E-11 8.4413E-11 8.7911E-11 9.1774E-11 9.5443E-11 9.9121E-11 1.0304E-10 1.0664E-10 1.1034E-10 1.1426E-10 1.1785E-10 1.2164E-10 1.2542E-10 1.2896E-10 1.3257E-10 1.3638E-10 1.3983E-10 1.4323E-10 1.4702E-10 1.5035E-10 1.5361E-10 1.5740E-10 1.6078E-10 1.6390E-10 1.6735E-10 1.7075E-10 1.7371E-10 1.7679E-10 1.8019E-10 1.8297E-10 1.8566E-10 1.8866E-10 1.9161E-10 1.9410E-10 1.9652E-10 1.9904E-10 2.0188E-10 2.0408E-10 2.0620E-10 2.0847E-10 2.1115E-10 2.1307E-10 2.1490E-10
3.5883E-11 3.8129E-11 4.0672E-11 4.3339E-11 4.6032E-11 4.8941E-11 5.3223E-11 5.8335E-11 6.2662E-11 6.6046E-11 6.9489E-11 7.3109E-11 7.6671E-11 8.0276E-11 8.4159E-11 8.7738E-11 9.1573E-11 9.5441E-11 9.9102E-11 1.0312E-10 1.0692E-10 1.1062E-10 1.1465E-10 1.1846E-10 1.2225E-10 1.2625E-10 1.2991E-10 1.3353E-10 1.3757E-10 1.4114E-10 1.4466E-10 1.4847E-10 1.5202E-10 1.5541E-10 1.5914E-10 1.6283E-10 1.6608E-10 1.6945E-10 1.7317E-10 1.7625E-10 1.7926E-10 1.8297E-10 1.8587E-10 1.8869E-10 1.9161E-10 1.9486E-10 1.9747E-10 2.0000E-10 2.0263E-10 2.0558E-10 2.0789E-10 2.1011E-10 2.1248E-10 2.1526E-10 2.1727E-10 2.1920E-10 2.2127E-10
3.7547E-11 3.9974E-11 4.2504E-11 4.5267E-11 4.8157E-11 5.1345E-11 5.6806E-11 6.1841E-11 6.5389E-11 6.8770E-11 7.2447E-11 7.6190E-11 7.9864E-11 8.3705E-11 8.7478E-11 9.1282E-11 9.5351E-11 9.9106E-11 1.0310E-10 1.0712E-10 1.1092E-10 1.1495E-10 1.1898E-10 1.2277E-10 1.2689E-10 1.3078E-10 1.3452E-10 1.3857E-10 1.4237E-10 1.4602E-10 1.4984E-10 1.5363E-10 1.5715E-10 1.6081E-10 1.6482E-10 1.6820E-10 1.7170E-10 1.7555E-10 1.7876E-10 1.8189E-10 1.8554E-10 1.8875E-10 1.9169E-10 1.9454E-10 1.9810E-10 2.0083E-10 2.0348E-10 2.0603E-10 2.0928E-10 2.1170E-10 2.1403E-10 2.1627E-10 2.1940E-10 2.2151E-10 2.2353E-10 2.2546E-10 2.2827E-10
3.9478E-11 4.1883E-11 4.4607E-11 4.7361E-11 5.0253E-11 5.5240E-11 6.0952E-11 6.4538E-11 6.8088E-11 7.1821E-11 7.5624E-11 7.9251E-11 8.3162E-11 8.7128E-11 9.0898E-11 9.5055E-11 9.9016E-11 1.0299E-10 1.0723E-10 1.1113E-10 1.1526E-10 1.1941E-10 1.2332E-10 1.2744E-10 1.3155E-10 1.3542E-10 1.3948E-10 1.4352E-10 1.4730E-10 1.5114E-10 1.5517E-10 1.5882E-10 1.6241E-10 1.6675E-10 1.7026E-10 1.7370E-10 1.7768E-10 1.8121E-10 1.8447E-10 1.8806E-10 1.9159E-10 1.9466E-10 1.9764E-10 2.0113E-10 2.0418E-10 2.0694E-10 2.0962E-10 2.1279E-10 2.1552E-10 2.1796E-10 2.2031E-10 2.2355E-10 2.2576E-10 2.2789E-10 2.2992E-10 2.3283E-10 2.3473E-10
4.1268E-11 4.3854E-11 4.6571E-11 4.9529E-11 5.3924E-11 5.9209E-11 6.3616E-11 6.7327E-11 7.0995E-11 7.4855E-11 7.8666E-11 8.2528E-11 8.6686E-11 9.0539E-11 9.4664E-11 9.8831E-11 1.0279E-10 1.0712E-10 1.1124E-10 1.1537E-10 1.1974E-10 1.2376E-10 1.2789E-10 1.3224E-10 1.3623E-10 1.4031E-10 1.4458E-10 1.4849E-10 1.5236E-10 1.5652E-10 1.6041E-10 1.6414E-10 1.6842E-10 1.7226E-10 1.7583E-10 1.7974E-10 1.8361E-10 1.8701E-10 1.9053E-10 1.9439E-10 1.9759E-10 2.0071E-10 2.0413E-10 2.0750E-10 2.1039E-10 2.1319E-10 2.1629E-10 2.1933E-10 2.2189E-10 2.2436E-10 2.2747E-10 2.3004E-10 2.3227E-10 2.3441E-10 2.3742E-10 2.3942E-10 2.4133E-10
4.3119E-11 4.5791E-11 4.8704E-11 5.1948E-11 5.7278E-11 6.2759E-11 6.6493E-11 7.0085E-11 7.4000E-11 7.7991E-11 8.1922E-11 8.6033E-11 9.0083E-11 9.4173E-11 9.8546E-11 1.0260E-10 1.0691E-10 1.1125E-10 1.1538E-10 1.1985E-10 1.2411E-10 1.2824E-10 1.3271E-10 1.3695E-10 1.4103E-10 1.4544E-10 1.4960E-10 1.5360E-10 1.5789E-10 1.6193E-10 1.6579E-10 1.7000E-10 1.7418E-10 1.7790E-10 1.8195E-10 1.8596E-10 1.8950E-10 1.9315E-10 1.9715E-10 2.0049E-10 2.0374E-10 2.0730E-10 2.1080E-10 2.1382E-10 2.1674E-10 2.1997E-10 2.2314E-10 2.2582E-10 2.2841E-10 2.3139E-10 2.3432E-10 2.3667E-10 2.3891E-10 2.4180E-10 2.4415E-10 2.4615E-10 2.4806E-10
4.5142E-11 4.7791E-11 5.0805E-11 5.5328E-11 6.1188E-11 6.5481E-11 6.9221E-11 7.3178E-11 7.7225E-11 8.1103E-11 8.5283E-11 8.9529E-11 9.3702E-11 9.8042E-11 1.0231E-10 1.0660E-10 1.1116E-10 1.1539E-10 1.1986E-10 1.2435E-10 1.2860E-10 1.3308E-10 1.3756E-10 1.4178E-10 1.4620E-10 1.5061E-10 1.5474E-10 1.5906E-10 1.6335E-10 1.6736E-10 1.7151E-10 1.7603E-10 1.7989E-10 1.8388E-10 1.8823E-10 1.9192E-10 1.9552E-10 1.9966E-10 2.0333E-10 2.0672E-10 2.1022E-10 2.1406E-10 2.1722E-10 2.2028E-10 2.2344E-10 2.2693E-10 2.2975E-10 2.3246E-10 2.3532E-10 2.3861E-10 2.4108E-10 2.4344E-10 2.4620E-10 2.4889E-10 2.5101E-10 2.5302E-10 2.5543E-10
4.7124E-11 4.9964E-11 5.3552E-11 5.9609E-11 6.4425E-11 6.8295E-11 7.2158E-11 7.6249E-11 8.0310E-11 8.4435E-11 8.8874E-11 9.3009E-11 9.7433E-11 1.0191E-10 1.0618E-10 1.1084E-10 1.1530E-10 1.1976E-10 1.2448E-10 1.2886E-10 1.3346E-10 1.3806E-10 1.4241E-10 1.4686E-10 1.5151E-10 1.5579E-10 1.6014E-10 1.6468E-10 1.6883E-10 1.7292E-10 1.7759E-10 1.8180E-10 1.8574E-10 1.9023E-10 1.9427E-10 1.9802E-10 2.0210E-10 2.0612E-10 2.0966E-10 2.1310E-10 2.1708E-10 2.2058E-10 2.2378E-10 2.2688E-10 2.3071E-10 2.3365E-10 2.3649E-10 2.3948E-10 2.4290E-10 2.4549E-10 2.4798E-10 2.5060E-10 2.5367E-10 2.5589E-10 2.5802E-10 2.6053E-10 2.6298E-10
4.9279E-11 5.2102E-11 5.7593E-11 6.3341E-11 6.7323E-11 7.1074E-11 7.5192E-11 7.9421E-11 8.3611E-11 8.7998E-11 9.2331E-11 9.6717E-11 1.0140E-10 1.0577E-10 1.1041E-10 1.1509E-10 1.1955E-10 1.2438E-10 1.2900E-10 1.3361E-10 1.3833E-10 1.4294E-10 1.4752E-10 1.5219E-10 1.5673E-10 1.6111E-10 1.6579E-10 1.7021E-10 1.7445E-10 1.7905E-10 1.8363E-10 1.8771E-10 1.9215E-10 1.9654E-10 2.0045E-10 2.0447E-10 2.0885E-10 2.1254E-10 2.1613E-10 2.2025E-10 2.2390E-10 2.2725E-10 2.3049E-10 2.3425E-10 2.3754E-10 2.4052E-10 2.4339E-10 2.4719E-10 2.4991E-10 2.5252E-10 2.5527E-10 2.5845E-10 2.6080E-10 2.6304E-10 2.6541E-10 2.6822E-10 2.7019E-10
5.1399E-11 5.5498E-11 6.1530E-11 6.6200E-11 7.0066E-11 7.4068E-11 7.8448E-11 8.2566E-11 8.7018E-11 9.1547E-11 9.5890E-11 1.0066E-10 1.0524E-10 1.0986E-10 1.1477E-10 1.1934E-10 1.2417E-10 1.2902E-10 1.3363E-10 1.3849E-10 1.4335E-10 1.4794E-10 1.5288E-10 1.5756E-10 1.6208E-10 1.6680E-10 1.7148E-10 1.7587E-10 1.8063E-10 1.8535E-10 1.8960E-10 1.9398E-10 1.9874E-10 2.0280E-10 2.0698E-10 2.1151E-10 2.1535E-10 2.1910E-10 2.2317E-10 2.2717E-10 2.3067E-10 2.3406E-10 2.3777E-10 2.4140E-10 2.4452E-10 2.4753E-10 2.5122E-10 2.5432E-10 2.5706E-10 2.5969E-10 2.6325E-10 2.6572E-10 2.6808E-10 2.7032E-10 2.7349E-10 2.7558E-10 2.7756E-10
5.3883E-11 5.9345E-11 6.5057E-11 6.9025E-11 7.3019E-11 7.7285E-11 8.1557E-11 8.5933E-11 9.0655E-11 9.5078E-11 9.9808E-11 1.0460E-10 1.0920E-10 1.1420E-10 1.1900E-10 1.2382E-10 1.2891E-10 1.3366E-10 1.3864E-10 1.4363E-10 1.4837E-10 1.5332E-10 1.5826E-10 1.6294E-10 1.6769E-10 1.7264E-10 1.7719E-10 1.8189E-10 1.8698E-10 1.9138E-10 1.9593E-10 2.0063E-10 2.0506E-10 2.0919E-10 2.1389E-10 2.1810E-10 2.2200E-10 2.2602E-10 2.3038E-10 2.3404E-10 2.3758E-10 2.4123E-10 2.4522E-10 2.4849E-10 2.5165E-10 2.5522E-10 2.5872E-10 2.6160E-10 2.6436E-10 2.6780E-10 2.7065E-10 2.7314E-10 2.7550E-10 2.7854E-10 2.8100E-10 2.8309E-10 2.8507E-10
5.7776E-11 6.3370E-11 6.7834E-11 7.1811E-11 7.6067E-11 8.0476E-11 8.4758E-11 8.9532E-11 9.4153E-11 9.8838E-11 1.0372E-10 1.0853E-10 1.1351E-10 1.1854E-10 1.2336E-10 1.2856E-10 1.3355E-10 1.3854E-10 1.4366E-10 1.4866E-10 1.5364E-10 1.5873E-10 1.6367E-10 1.6845E-10 1.7356E-10 1.7839E-10 1.8303E-10 1.8828E-10 1.9306E-10 1.9756E-10 2.0263E-10 2.0723E-10 2.1153E-10 2.1617E-10 2.2076E-10 2.2483E-10 2.2880E-10 2.3332E-10 2.3735E-10 2.4105E-10 2.4465E-10 2.4900E-10 2.5243E-10 2.5573E-10 2.5919E-10 2.6310E-10 2.6612E-10 2.6903E-10 2.7234E-10 2.7559E-10 2.7820E-10 2.8070E-10 2.8386E-10 2.8644E-10 2.8865E-10 2.9074E-10 2.9350E-10
6.1318E-11 6.6683E-11 7.0702E-11 7.4813E-11 7.9212E-11 8.3636E-11 8.8316E-11 9.3114E-11 9.7750E-11 1.0284E-10 1.0774E-10 1.1270E-10 1.1783E-10 1.2288E-10 1.2808E-10 1.3331E-10 1.3831E-10 1.4356E-10 1.4882E-10 1.5383E-10 1.5918E-10 1.6427E-10 1.6921E-10 1.7435E-10 1.7946E-10 1.8427E-10 1.8947E-10 1.9463E-10 1.9929E-10 2.0432E-10 2.0929E-10 2.1376E-10 2.1836E-10 2.2333E-10 2.2757E-10 2.3171E-10 2.3619E-10 2.4059E-10 2.4446E-10 2.4822E-10 2.5253E-10 2.5632E-10 2.5978E-10 2.6313E-10 2.6745E-10 2.7063E-10 2.7368E-10 2.7688E-10 2.8052E-10 2.8328E-10 2.8591E-10 2.8894E-10 2.9191E-10 2.9424E-10 2.9646E-10 2.9907E-10 3.0162E-10
6.5880E-11 6.9641E-11 7.3526E-11 7.7909E-11 8.2455E-11 8.7020E-11 9.1851E-11 9.6673E-11 1.0171E-10 1.0683E-10 1.1175E-10 1.1711E-10 1.2227E-10 1.2746E-10 1.3281E-10 1.3807E-10 1.4345E-10 1.4885E-10 1.5399E-10 1.5937E-10 1.6474E-10 1.6983E-10 1.7501E-10 1.8040E-10 1.8538E-10 1.9052E-10 1.9607E-10 2.0090E-10 2.0588E-10 2.1125E-10 2.1589E-10 2.2045E-10 2.2559E-10 2.3022E-10 2.3454E-10 2.3918E-10 2.4376E-10 2.4780E-10 2.5173E-10 2.5599E-10 2.6016E-10 2.6379E-10 2.6729E-10 2.7151E-10 2.7510E-10 2.7831E-10 2.8165E-10 2.8545E-10 2.8834E-10 2.9112E-10 2.9403E-10 2.9739E-10 2.9985E-10 3.0220E-10 3.0494E-10 3.0760E-10 3.0964E-10
6.8679E-11 7.2430E-11 7.6570E-11 8.1230E-11 8.5662E-11 9.0507E-11 9.5494E-11 1.0046E-10 1.0566E-10 1.1080E-10 1.1613E-10 1.2152E-10 1.2670E-10 1.3217E-10 1.3768E-10 1.4307E-10 1.4860E-10 1.5402E-10 1.5942E-10 1.6494E-10 1.7032E-10 1.7565E-10 1.8109E-10 1.8636E-10 1.9145E-10 1.9716E-10 2.0239E-10 2.0733E-10 2.1287E-10 2.1791E-10 2.2264E-10 2.2774E-10 2.3277E-10 2.3727E-10 2.4187E-10 2.4684E-10 2.5106E-10 2.5517E-10 2.5937E-10 2.6393E-10 2.6773E-10 2.7141E-10 2.7551E-10 2.7954E-10 2.8291E-10 2.8614E-10 2.9009E-10 2.9340E-10 2.9632E-10 2.9938E-10 3.0288E-10 3.0548E-10 3.0796E-10 3.1057E-10 3.1362E-10 3.1578E-10 3.1782E-10
7.1568E-11 7.5435E-11 7.9840E-11 8.4389E-11 8.9096E-11 9.4228E-11 9.9109E-11 1.0437E-10 1.0972E-10 1.1502E-10 1.2051E-10 1.2593E-10 1.3151E-10 1.3714E-10 1.4254E-10 1.4820E-10 1.5389E-10 1.5931E-10 1.6499E-10 1.7065E-10 1.7603E-10 1.8162E-10 1.8719E-10 1.9245E-10 1.9811E-10 2.0374E-10 2.0886E-10 2.1435E-10 2.1980E-10 2.2472E-10 2.3000E-10 2.3521E-10 2.3989E-10 2.4446E-10 2.4961E-10 2.5423E-10 2.5852E-10 2.6269E-10 2.6742E-10 2.7162E-10 2.7547E-10 2.7947E-10 2.8393E-10 2.8747E-10 2.9087E-10 2.9470E-10 2.9844E-10 3.0152E-10 3.0446E-10 3.0810E-10 3.1111E-10 3.1373E-10 3.1621E-10 3.1966E-10 3.2195E-10 3.2412E-10 3.2636E-10
7.4411E-11 7.8533E-11 8.3074E-11 8.7771E-11 9.2766E-11 9.7796E-11 1.0296E-10 1.0851E-10 1.1377E-10 1.1935E-10 1.2501E-10 1.3058E-10 1.3632E-10 1.4198E-10 1.4765E-10 1.5361E-10 1.5918E-10 1.6500E-10 1.7082E-10 1.7637E-10 1.8200E-10 1.8787E-10 1.9331E-10 1.9892E-10 2.0495E-10 2.1025E-10 2.1570E-10 2.2155E-10 2.2667E-10 2.3191E-10 2.3730E-10 2.4240E-10 2.4716E-10 2.5227E-10 2.5731E-10 2.6178E-10 2.6613E-10 2.7105E-10 2.7543E-10 2.7946E-10 2.8364E-10 2.8827E-10 2.9198E-10 2.9555E-10 2.9955E-10 3.0345E-10 3.0669E-10 3.0979E-10 3.1331E-10 3.1675E-10 3.1951E-10 3.2214E-10 3.2545E-10 3.2815E-10 3.3045E-10 3.3261E-10 3.3552E-10
7.7474E-11 8.1724E-11 8.6270E-11 9.1252E-11 9.6409E-11 1.0159E-10 1.0706E-10 1.1251E-10 1.1805E-10 1.2394E-10 1.2949E-10 1.3536E-10 1.4127E-10 1.4707E-10 1.5304E-10 1.5889E-10 1.6473E-10 1.7071E-10 1.7655E-10 1.8235E-10 1.8826E-10 1.9400E-10 1.9956E-10 2.0578E-10 2.1149E-10 2.1690E-10 2.2295E-10 2.2847E-10 2.3368E-10 2.3950E-10 2.4478E-10 2.4975E-10 2.5482E-10 2.6027E-10 2.6494E-10 2.6949E-10 2.7437E-10 2.7915E-10 2.8337E-10 2.8746E-10 2.9227E-10 2.9644E-10 3.0019E-10 3.0408E-10 3.0843E-10 3.1183E-10 3.1510E-10 3.1878E-10 3.2237E-10 3.2529E-10 3.2807E-10 3.3126E-10 3.3436E-10 3.3680E-10 3.3910E-10 3.4214E-10 3.4423E-10
