Assets/Resources/2015_m01_d22_1400(utc+0800)_l00_csi_1hr_conc.grd
DSAA
         159         159
     -79.000      79.000
     -79.000      79.000
  0.0000E+00  0.8771E-06
[rows 75 to 99 of 159, columns 57 to 113 of 159]
2.2477E-10 2.4121E-10 2.5155E-10 2.6495E-10 2.7715E-10 2.9344E-10 3.7894E-10 7.0373E-10 1.6284E-09 3.8251E-09 8.1146E-09 1.5458E-08 2.5841E-08 3.9342E-08 5.2544E-08 6.1517E-08 5.8517E-08 4.5030E-08 3.6062E-08 3.5430E-08 3.5517E-08 1.9462E-08 1.4932E-09 4.7008E-10 4.7566E-10 4.8075E-10 4.8531E-10 4.8929E-10 4.9176E-10 4.9452E-10 4.9577E-10 4.9762E-10 4.9818E-10 4.9944E-10 5.0043E-10 5.0021E-10 5.0071E-10 4.9987E-10 4.9986E-10 4.9776E-10 4.9750E-10 4.9520E-10 4.9362E-10 4.9260E-10 4.9024E-10 4.8737E-10 4.8406E-10 4.8055E-10 4.7660E-10 4.7256E-10 4.6723E-10 4.6265E-10 4.5550E-10 4.4780E-10 4.3968E-10 4.3374E-10 4.2453E-10
2.0295E-10 2.1705E-10 2.2868E-10 2.3783E-10 2.5009E-10 2.6080E-10 2.9583E-10 4.2607E-10 8.9441E-10 1.9296E-09 4.4348E-09 8.8040E-09 1.6333E-08 2.8614E-08 4.6032E-08 6.9377E-08 9.0217E-08 9.4681E-08 6.6454E-08 4.0983E-08 4.3462E-08 3.5802E-08 2.0478E-09 4.2109E-10 4.2479E-10 4.2791E-10 4.3151E-10 4.3359E-10 4.3633E-10 4.3767E-10 4.3981E-10 4.4067E-10 4.4250E-10 4.4408E-10 4.4460E-10 4.4567E-10 4.4570E-10 4.4641E-10 4.4597E-10 4.4631E-10 4.4552E-10 4.4546E-10 4.4329E-10 4.4246E-10 4.3955E-10 4.3805E-10 4.3460E-10 4.3254E-10 4.2861E-10 4.2377E-10 4.1801E-10 4.1272E-10 4.0675E-10 4.0038E-10 3.9259E-10 3.8511E-10 3.7967E-10
1.7288E-10 1.8894E-10 2.0362E-10 2.1199E-10 2.2268E-10 2.3075E-10 2.5210E-10 3.0491E-10 4.7163E-10 8.8256E-10 1.8375E-09 3.5494E-09 6.8713E-09 1.2408E-08 2.2616E-08 4.0333E-08 7.2031E-08 1.2752E-07 1.9462E-07 1.7564E-07 6.7521E-08 6.7631E-08 3.4425E-09 3.7192E-10 3.7560E-10 3.7785E-10 3.8168E-10 3.8318E-10 3.8631E-10 3.8904E-10 3.9148E-10 3.9256E-10 3.9434E-10 3.9581E-10 3.9709E-10 3.9726E-10 3.9817E-10 3.9808E-10 3.9792E-10 3.9852E-10 3.9722E-10 3.9753E-10 3.9662E-10 3.9620E-10 3.9467E-10 3.9292E-10 3.8932E-10 3.8491E-10 3.8093E-10 3.7531E-10 3.7047E-10 3.6485E-10 3.6085E-10 3.5448E-10 3.4781E-10 3.4329E-10 3.3584E-10
1.4692E-10 1.6162E-10 1.7775E-10 1.9009E-10 1.9993E-10 2.0908E-10 2.1681E-10 2.5231E-10 2.9829E-10 4.3912E-10 6.6770E-10 1.0164E-09 1.8023E-09 2.8673E-09 4.8984E-09 8.2825E-09 1.6065E-08 3.4747E-08 9.6182E-08 3.2771E-07 8.7708E-07 2.1266E-07 9.0062E-09 3.3145E-10 3.3469E-10 3.3831E-10 3.4059E-10 3.4332E-10 3.4472E-10 3.4672E-10 3.4769E-10 3.4945E-10 3.4932E-10 3.5092E-10 3.5161E-10 3.5309E-10 3.5365E-10 3.5493E-10 3.5522E-10 3.5610E-10 3.5670E-10 3.5619E-10 3.5416E-10 3.5164E-10 3.4845E-10 3.4555E-10 3.4205E-10 3.3928E-10 3.3479E-10 3.2916E-10 3.2699E-10 3.2062E-10 3.1797E-10 3.1068E-10 3.0792E-10 3.0294E-10 3.0080E-10
1.2209E-10 1.3084E-10 1.5088E-10 1.6068E-10 1.7646E-10 1.8474E-10 1.9187E-10 1.9882E-10 2.0574E-10 2.1150E-10 2.1825E-10 2.2472E-10 2.3371E-10 2.3962E-10 2.4743E-10 2.5385E-10 2.6316E-10 2.6613E-10 2.7738E-10 2.9906E-10 3.1680E-10 9.5351E-08 2.8825E-10 2.9051E-10 2.9424E-10 2.9616E-10 2.9939E-10 3.0056E-10 3.0330E-10 3.0501E-10 3.0741E-10 3.0880E-10 3.1091E-10 3.1192E-10 3.1360E-10 3.1409E-10 3.1252E-10 3.1357E-10 3.1169E-10 3.1114E-10 3.0967E-10 3.0817E-10 3.0647E-10 3.0413E-10 3.0222E-10 2.9967E-10 2.9729E-10 2.9398E-10 2.9088E-10 2.8704E-10 2.8537E-10 2.8192E-10 2.8015E-10 2.7817E-10 2.7541E-10 2.7310E-10 2.7061E-10
9.6478E-11 1.0905E-10 1.2374E-10 1.3768E-10 1.4884E-10 1.6367E-10 1.7192E-10 1.8000E-10 1.8460E-10 1.9159E-10 1.9587E-10 2.0173E-10 2.0684E-10 2.1235E-10 2.1798E-10 2.2326E-10 2.2958E-10 2.3382E-10 2.3983E-10 2.4288E-10 2.4786E-10 2.5040E-10 2.5506E-10 2.5848E-10 2.6224E-10 2.6468E-10 2.6571E-10 2.6693E-10 2.6577E-10 2.6651E-10 2.6483E-10 2.6444E-10 2.6226E-10 2.6150E-10 2.6146E-10 2.6132E-10 2.6046E-10 2.5948E-10 2.5798E-10 2.5956E-10 2.5946E-10 2.6018E-10 2.5975E-10 2.6062E-10 2.6046E-10 2.5903E-10 2.5771E-10 2.5744E-10 2.5579E-10 2.5539E-10 2.5425E-10 2.5302E-10 2.5220E-10 2.4991E-10 2.4862E-10 2.4583E-10 2.4407E-10
7.5176E-11 8.5765E-11 9.8970E-11 1.1248E-10 1.2472E-10 1.3656E-10 1.4639E-10 1.5701E-10 1.6334E-10 1.6895E-10 1.7428E-10 1.7878E-10 1.8377E-10 1.8753E-10 1.9232E-10 1.9734E-10 2.0108E-10 2.0598E-10 2.0935E-10 2.1408E-10 2.1704E-10 2.2174E-10 2.2220E-10 2.2513E-10 2.2386E-10 2.2643E-10 2.2485E-10 2.2639E-10 2.2557E-10 2.2688E-10 2.2560E-10 2.2669E-10 2.2512E-10 2.2601E-10 2.2419E-10 2.2491E-10 2.2529E-10 2.2651E-10 2.2767E-10 2.2842E-10 2.2904E-10 2.3000E-10 2.3068E-10 2.3050E-10 2.3086E-10 2.3055E-10 2.3082E-10 2.3032E-10 2.3041E-10 2.2971E-10 2.2871E-10 2.2758E-10 2.2613E-10 2.2455E-10 2.2335E-10 2.2133E-10 2.1934E-10
5.8091E-11 6.7291E-11 7.9192E-11 9.0791E-11 1.0052E-10 1.1407E-10 1.2135E-10 1.3320E-10 1.3845E-10 1.4829E-10 1.5266E-10 1.5720E-10 1.6124E-10 1.6563E-10 1.6953E-10 1.7361E-10 1.7739E-10 1.7918E-10 1.8223E-10 1.8446E-10 1.8668E-10 1.8794E-10 1.9002E-10 1.9068E-10 1.9246E-10 1.9292E-10 1.9367E-10 1.9377E-10 1.9431E-10 1.9417E-10 1.9392E-10 1.9575E-10 1.9596E-10 1.9688E-10 1.9890E-10 1.9937E-10 2.0094E-10 2.0161E-10 2.0277E-10 2.0316E-10 2.0416E-10 2.0443E-10 2.0534E-10 2.0617E-10 2.0636E-10 2.0696E-10 2.0679E-10 2.0702E-10 2.0647E-10 2.0631E-10 2.0536E-10 2.0481E-10 2.0309E-10 2.0216E-10 2.0003E-10 1.9872E-10 1.9620E-10
4.1605E-11 4.9965E-11 6.0058E-11 6.9071E-11 8.0551E-11 9.0217E-11 1.0194E-10 1.1381E-10 1.1897E-10 1.2653E-10 1.3119E-10 1.3729E-10 1.4136E-10 1.4369E-10 1.4491E-10 1.4715E-10 1.4819E-10 1.5035E-10 1.5050E-10 1.5390E-10 1.5302E-10 1.5570E-10 1.5463E-10 1.5704E-10 1.5813E-10 1.6094E-10 1.6129E-10 1.6398E-10 1.6553E-10 1.6807E-10 1.6924E-10 1.7173E-10 1.7335E-10 1.7427E-10 1.7569E-10 1.7693E-10 1.7810E-10 1.7907E-10 1.7996E-10 1.8134E-10 1.8194E-10 1.8302E-10 1.8331E-10 1.8409E-10 1.8408E-10 1.8456E-10 1.8488E-10 1.8468E-10 1.8466E-10 1.8411E-10 1.8375E-10 1.8284E-10 1.8212E-10 1.8085E-10 1.7978E-10 1.7781E-10 1.7604E-10
2.8183E-11 3.5504E-11 4.0998E-11 4.9025E-11 5.5008E-11 6.3610E-11 7.0260E-11 7.9900E-11 8.7869E-11 9.4155E-11 9.7997E-11 1.0251E-10 1.0596E-10 1.0943E-10 1.1254E-10 1.1527E-10 1.1839E-10 1.2151E-10 1.2415E-10 1.2719E-10 1.3027E-10 1.3211E-10 1.3496E-10 1.3733E-10 1.3994E-10 1.4220E-10 1.4486E-10 1.4683E-10 1.4935E-10 1.5047E-10 1.5284E-10 1.5377E-10 1.5579E-10 1.5665E-10 1.5846E-10 1.5921E-10 1.6079E-10 1.6127E-10 1.6259E-10 1.6281E-10 1.6324E-10 1.6380E-10 1.6420E-10 1.6486E-10 1.6537E-10 1.6574E-10 1.6597E-10 1.6604E-10 1.6556E-10 1.6497E-10 1.6459E-10 1.6327E-10 1.6259E-10 1.6137E-10 1.6037E-10 1.5883E-10 1.5753E-10
1.8968E-11 2.6406E-11 3.0872E-11 3.9034E-11 4.3912E-11 5.2292E-11 5.7802E-11 6.6697E-11 7.3708E-11 8.2288E-11 8.7417E-11 9.1504E-11 9.4141E-11 9.7676E-11 1.0079E-10 1.0309E-10 1.0604E-10 1.0834E-10 1.1111E-10 1.1349E-10 1.1624E-10 1.1840E-10 1.2110E-10 1.2375E-10 1.2511E-10 1.2754E-10 1.2878E-10 1.3110E-10 1.3282E-10 1.3501E-10 1.3657E-10 1.3812E-10 1.3950E-10 1.4086E-10 1.4189E-10 1.4318E-10 1.4399E-10 1.4455E-10 1.4574E-10 1.4604E-10 1.4697E-10 1.4700E-10 1.4767E-10 1.4781E-10 1.4822E-10 1.4812E-10 1.4825E-10 1.4825E-10 1.4812E-10 1.4747E-10 1.4707E-10 1.4652E-10 1.4510E-10 1.4428E-10 1.4259E-10 1.4150E-10 1.3994E-10
1.2374E-11 1.7226E-11 2.2585E-11 2.7636E-11 3.3568E-11 3.9030E-11 4.5549E-11 5.1446E-11 5.9045E-11 6.4918E-11 7.3937E-11 7.9478E-11 8.3285E-11 8.5942E-11 8.8843E-11 9.1336E-11 9.4191E-11 9.6697E-11 9.8871E-11 1.0137E-10 1.0349E-10 1.0593E-10 1.0837E-10 1.1023E-10 1.1246E-10 1.1423E-10 1.1637E-10 1.1755E-10 1.1958E-10 1.2063E-10 1.2267E-10 1.2343E-10 1.2520E-10 1.2651E-10 1.2762E-10 1.2859E-10 1.2949E-10 1.3002E-10 1.3106E-10 1.3086E-10 1.3167E-10 1.3162E-10 1.3218E-10 1.3223E-10 1.3255E-10 1.3235E-10 1.3206E-10 1.3201E-10 1.3183E-10 1.3115E-10 1.3073E-10 1.3019E-10 1.2914E-10 1.2836E-10 1.2745E-10 1.2572E-10 1.2459E-10
6.7509E-12 9.9096E-12 1.5107E-11 1.9487E-11 2.4484E-11 2.9378E-11 3.4751E-11 4.0342E-11 4.6480E-11 5.2793E-11 5.8632E-11 6.5375E-11 7.1762E-11 7.4757E-11 7.7383E-11 7.9985E-11 8.2242E-11 8.4832E-11 8.7061E-11 8.9478E-11 9.1695E-11 9.3924E-11 9.5784E-11 9.7921E-11 9.9722E-11 1.0192E-10 1.0348E-10 1.0548E-10 1.0694E-10 1.0836E-10 1.0969E-10 1.1085E-10 1.1218E-10 1.1332E-10 1.1423E-10 1.1520E-10 1.1596E-10 1.1660E-10 1.1716E-10 1.1771E-10 1.1805E-10 1.1824E-10 1.1802E-10 1.1837E-10 1.1825E-10 1.1799E-10 1.1800E-10 1.1716E-10 1.1695E-10 1.1663E-10 1.1584E-10 1.1530E-10 1.1464E-10 1.1354E-10 1.1268E-10 1.1136E-10 1.1030E-10
0.0000E+00 5.7724E-12 6.7985E-12 1.3729E-11 1.5948E-11 2.2578E-11 2.5224E-11 3.2539E-11 3.5510E-11 4.3061E-11 4.6342E-11 5.4153E-11 5.8183E-11 6.6310E-11 6.9265E-11 7.1843E-11 7.3918E-11 7.6115E-11 7.8007E-11 8.0024E-11 8.2284E-11 8.3940E-11 8.5907E-11 8.7651E-11 8.9113E-11 9.0744E-11 9.2234E-11 9.3900E-11 9.5297E-11 9.6866E-11 9.8019E-11 9.9469E-11 1.0016E-10 1.0136E-10 1.0202E-10 1.0320E-10 1.0345E-10 1.0446E-10 1.0456E-10 1.0526E-10 1.0516E-10 1.0565E-10 1.0533E-10 1.0561E-10 1.0507E-10 1.0514E-10 1.0475E-10 1.0461E-10 1.0366E-10 1.0332E-10 1.0250E-10 1.0163E-10 1.0100E-10 9.9926E-11 9.9113E-11 9.8220E-11 9.6885E-11
0.0000E+00 0.0000E+00 4.4382E-12 6.1509E-12 1.1687E-11 1.3720E-11 1.9737E-11 2.2019E-11 2.8947E-11 3.1075E-11 3.8514E-11 4.0906E-11 4.9107E-11 5.1530E-11 6.0456E-11 6.3003E-11 6.5524E-11 6.7668E-11 6.9481E-11 7.1316E-11 7.2946E-11 7.4701E-11 7.6302E-11 7.8025E-11 7.9423E-11 8.1095E-11 8.2615E-11 8.3664E-11 8.5204E-11 8.5927E-11 8.7376E-11 8.8332E-11 8.9544E-11 9.0369E-11 9.1128E-11 9.1698E-11 9.2427E-11 9.2838E-11 9.3302E-11 9.3661E-11 9.3498E-11 9.3920E-11 9.3560E-11 9.3793E-11 9.3226E-11 9.3259E-11 9.2485E-11 9.2327E-11 9.1720E-11 9.1242E-11 9.0441E-11 8.9458E-11 8.8479E-11 8.7459E-11 8.6461E-11 8.5618E-11 8.4270E-11
0.0000E+00 0.0000E+00 0.0000E+00 1.7306E-12 5.2285E-12 7.9165E-12 1.2093E-11 1.5164E-11 1.9618E-11 2.3080E-11 2.8155E-11 3.1551E-11 3.7067E-11 4.0729E-11 4.6690E-11 5.2842E-11 5.6920E-11 5.9354E-11 6.1328E-11 6.2968E-11 6.4554E-11 6.6015E-11 6.7583E-11 6.8947E-11 7.0480E-11 7.1647E-11 7.3129E-11 7.4551E-11 7.5502E-11 7.6626E-11 7.7487E-11 7.8388E-11 7.9234E-11 7.9934E-11 8.0885E-11 8.1453E-11 8.2271E-11 8.2274E-11 8.2629E-11 8.2793E-11 8.2891E-11 8.2887E-11 8.2812E-11 8.2677E-11 8.2098E-11 8.2108E-11 8.1336E-11 8.1070E-11 8.0114E-11 7.9677E-11 7.8908E-11 7.8304E-11 7.7051E-11 7.6299E-11 7.5119E-11 7.3913E-11 7.2973E-11
0.0000E+00 0.0000E+00 0.0000E+00 0.0000E+00 7.4631E-13 3.8438E-12 6.0312E-12 1.0211E-11 1.3185E-11 1.6994E-11 2.0495E-11 2.4389E-11 2.8132E-11 3.2938E-11 3.6542E-11 4.1485E-11 4.5632E-11 5.0679E-11 5.3135E-11 5.5193E-11 5.6639E-11 5.8218E-11 5.9460E-11 6.0857E-11 6.1911E-11 6.3360E-11 6.4365E-11 6.5752E-11 6.6679E-11 6.7751E-11 6.8913E-11 6.9581E-11 7.0232E-11 7.0907E-11 7.1340E-11 7.1790E-11 7.2099E-11 7.2759E-11 7.2929E-11 7.3046E-11 7.3073E-11 7.3042E-11 7.2915E-11 7.2728E-11 7.2128E-11 7.1788E-11 7.1036E-11 7.0867E-11 6.9847E-11 6.9208E-11 6.8023E-11 6.7555E-11 6.6577E-11 6.5973E-11 6.4542E-11 6.3820E-11 6.2493E-11
0.0000E+00 0.0000E+00 0.0000E+00 0.0000E+00 0.0000E+00 7.1444E-13 2.3315E-12 4.9497E-12 7.4571E-12 1.0981E-11 1.3515E-11 1.7258E-11 2.0395E-11 2.4089E-11 2.7438E-11 3.1480E-11 3.5809E-11 3.9325E-11 4.4382E-11 4.7230E-11 4.9127E-11 5.0650E-11 5.2083E-11 5.3298E-11 5.4646E-11 5.5543E-11 5.6816E-11 5.7555E-11 5.8727E-11 5.9485E-11 6.0509E-11 6.1062E-11 6.2008E-11 6.2467E-11 6.2909E-11 6.3280E-11 6.3512E-11 6.4083E-11 6.3776E-11 6.4230E-11 6.3905E-11 6.4050E-11 6.3585E-11 6.3596E-11 6.2983E-11 6.2950E-11 6.1791E-11 6.1314E-11 6.0657E-11 6.0034E-11 5.8922E-11 5.8067E-11 5.6816E-11 5.5937E-11 5.4908E-11 5.3916E-11 5.3110E-11
0.0000E+00 0.0000E+00 0.0000E+00 0.0000E+00 0.0000E+00 0.0000E+00 0.0000E+00 1.5533E-12 3.0851E-12 6.0932E-12 8.3497E-12 1.1364E-11 1.3922E-11 1.7124E-11 1.9985E-11 2.3381E-11 2.7020E-11 3.0138E-11 3.4763E-11 3.7394E-11 4.1444E-11 4.3657E-11 4.4945E-11 4.6290E-11 4.7257E-11 4.8431E-11 4.9551E-11 5.0166E-11 5.1244E-11 5.2091E-11 5.2696E-11 5.3479E-11 5.4010E-11 5.4598E-11 5.5042E-11 5.5541E-11 5.5490E-11 5.5991E-11 5.5733E-11 5.6034E-11 5.5654E-11 5.5843E-11 5.5279E-11 5.5353E-11 5.4658E-11 5.4614E-11 5.3882E-11 5.3009E-11 5.2466E-11 5.1467E-11 5.1136E-11 5.0005E-11 4.9161E-11 4.7911E-11 4.6960E-11 4.5635E-11 4.4569E-11
0.0000E+00 0.0000E+00 0.0000E+00 0.0000E+00 0.0000E+00 0.0000E+00 0.0000E+00 0.0000E+00 6.6680E-13 2.1546E-12 4.1276E-12 6.2673E-12 8.7728E-12 1.1449E-11 1.4145E-11 1.6806E-11 1.9666E-11 2.2489E-11 2.6351E-11 2.8613E-11 3.2663E-11 3.5701E-11 3.7987E-11 3.9533E-11 4.0517E-11 4.1688E-11 4.2496E-11 4.3496E-11 4.4265E-11 4.4812E-11 4.5627E-11 4.6021E-11 4.6653E-11 4.6976E-11 4.7539E-11 4.7667E-11 4.8149E-11 4.7901E-11 4.8197E-11 4.8154E-11 4.8048E-11 4.7903E-11 4.7691E-11 4.7152E-11 4.7155E-11 4.6503E-11 4.6306E-11 4.5538E-11 4.4945E-11 4.4069E-11 4.3374E-11 4.2717E-11 4.1916E-11 4.0865E-11 3.9867E-11 3.8725E-11 3.7643E-11
0.0000E+00 0.0000E+00 0.0000E+00 0.0000E+00 0.0000E+00 0.0000E+00 0.0000E+00 0.0000E+00 0.0000E+00 0.0000E+00 1.4315E-12 2.2285E-12 4.6152E-12 7.1237E-12 9.2204E-12 1.1581E-11 1.3810E-11 1.6421E-11 1.8785E-11 2.1851E-11 2.4142E-11 2.7499E-11 2.9783E-11 3.2645E-11 3.4400E-11 3.5488E-11 3.6179E-11 3.7102E-11 3.7763E-11 3.8515E-11 3.8863E-11 3.9442E-11 3.9733E-11 4.0258E-11 4.0545E-11 4.1007E-11 4.1132E-11 4.1415E-11 4.1087E-11 4.1293E-11 4.1173E-11 4.0901E-11 4.0689E-11 4.0418E-11 3.9733E-11 3.9684E-11 3.8997E-11 3.8760E-11 3.7873E-11 3.7360E-11 3.6380E-11 3.5786E-11 3.5139E-11 3.4355E-11 3.3336E-11 3.2479E-11 3.1280E-11
0.0000E+00 0.0000E+00 0.0000E+00 0.0000E+00 0.0000E+00 0.0000E+00 0.0000E+00 0.0000E+00 0.0000E+00 0.0000E+00 0.0000E+00 7.6061E-13 1.3812E-12 3.2000E-12 4.5505E-12 6.8440E-12 8.2935E-12 1.1103E-11 1.3246E-11 1.5423E-11 1.7682E-11 2.0635E-11 2.2603E-11 2.5534E-11 2.7608E-11 2.9167E-11 3.0593E-11 3.1408E-11 3.2099E-11 3.2749E-11 3.3396E-11 3.3626E-11 3.4112E-11 3.4397E-11 3.4725E-11 3.4842E-11 3.5109E-11 3.5159E-11 3.5360E-11 3.4965E-11 3.5003E-11 3.4819E-11 3.4491E-11 3.4228E-11 3.3816E-11 3.3194E-11 3.3008E-11 3.2302E-11 3.2041E-11 3.1250E-11 3.1018E-11 2.9661E-11 2.9368E-11 2.8246E-11 2.7890E-11 2.6800E-11 2.5827E-11
0.0000E+00 0.0000E+00 0.0000E+00 0.0000E+00 0.0000E+00 0.0000E+00 0.0000E+00 0.0000E+00 0.0000E+00 0.0000E+00 0.0000E+00 0.0000E+00 0.0000E+00 7.3251E-13 2.0036E-12 3.6347E-12 5.0234E-12 6.8621E-12 8.9536E-12 1.0644E-11 1.2575E-11 1.4459E-11 1.6600E-11 1.8599E-11 2.0796E-11 2.2888E-11 2.4505E-11 2.5842E-11 2.6810E-11 2.7306E-11 2.7981E-11 2.8313E-11 2.8576E-11 2.8866E-11 2.8970E-11 2.9212E-11 2.9262E-11 2.9452E-11 2.9338E-11 2.9469E-11 2.9022E-11 2.9094E-11 2.8575E-11 2.8586E-11 2.8188E-11 2.7844E-11 2.7376E-11 2.6992E-11 2.6456E-11 2.6007E-11 2.5405E-11 2.4894E-11 2.4122E-11 2.3016E-11 2.2211E-11 2.1347E-11 1.9926E-11
0.0000E+00 0.0000E+00 0.0000E+00 0.0000E+00 0.0000E+00 0.0000E+00 0.0000E+00 0.0000E+00 0.0000E+00 0.0000E+00 0.0000E+00 0.0000E+00 0.0000E+00 0.0000E+00 5.5259E-13 1.2374E-12 2.4687E-12 3.4511E-12 5.1033E-12 6.3806E-12 8.1364E-12 9.4446E-12 1.1386E-11 1.3003E-11 1.4781E-11 1.6472E-11 1.8326E-11 2.0090E-11 2.1213E-11 2.2398E-11 2.2789E-11 2.3281E-11 2.3748E-11 2.3730E-11 2.4049E-11 2.3986E-11 2.4159E-11 2.4046E-11 2.4171E-11 2.4004E-11 2.4080E-11 2.3594E-11 2.3621E-11 2.3073E-11 2.3049E-11 2.2438E-11 2.2262E-11 2.1881E-11 2.1118E-11 2.0691E-11 1.9876E-11 1.9404E-11 1.8434E-11 1.7924E-11 1.6909E-11 1.6027E-11 1.4984E-11
0.0000E+00 0.0000E+00 0.0000E+00 0.0000E+00 0.0000E+00 0.0000E+00 0.0000E+00 0.0000E+00 0.0000E+00 0.0000E+00 0.0000E+00 0.0000E+00 0.0000E+00 0.0000E+00 0.0000E+00 0.0000E+00 6.5433E-13 1.1732E-12 2.4650E-12 3.3646E-12 4.7182E-12 5.7738E-12 7.1900E-12 8.3972E-12 9.8763E-12 1.1228E-11 1.2869E-11 1.4176E-11 1.5879E-11 1.7373E-11 1.8234E-11 1.9033E-11 1.9451E-11 1.9485E-11 1.9761E-11 2.0011E-11 1.9900E-11 2.0017E-11 1.9763E-11 1.9841E-11 1.9538E-11 1.9573E-11 1.9319E-11 1.8700E-11 1.8402E-11 1.7734E-11 1.7291E-11 1.6576E-11 1.6376E-11 1.5718E-11 1.5269E-11 1.4057E-11 1.3691E-11 1.2329E-11 1.1948E-11 1.0555E-11 1.0046E-11
