Assets/Resources/2015_m01_d06_1500(utc+0800)_l00_csi_1hr_conc.grd
DSAA
         159         159
     -79.000      79.000
     -79.000      79.000
  0.0000E+00  0.1208E-04
[rows 0 to 24 of 159, columns 57 to 113 of 159]
3.4323E-10 3.9936E-10 4.6266E-10 5.3248E-10 6.0870E-10 6.9065E-10 7.8092E-10 8.7983E-10 9.8608E-10 1.0994E-09 1.2209E-09 1.3506E-09 1.4882E-09 1.6321E-09 1.7819E-09 1.9373E-09 2.0978E-09 2.2617E-09 2.4287E-09 2.5971E-09 2.7651E-09 2.9318E-09 3.0955E-09 3.2546E-09 3.4079E-09 3.5531E-09 3.6887E-09 3.8129E-09 3.9241E-09 4.0208E-09 4.1022E-09 4.1669E-09 4.2140E-09 4.2427E-09 4.2527E-09 4.2436E-09 4.2157E-09 4.1691E-09 4.1048E-09 4.0236E-09 3.9263E-09 3.8140E-09 3.6883E-09 3.5505E-09 3.4024E-09 3.2457E-09 3.0820E-09 2.9132E-09 2.7409E-09 2.5670E-09 2.3929E-09 2.2204E-09 2.0506E-09 1.8851E-09 1.7248E-09 1.5698E-09 1.4200E-09
3.5444E-10 4.1464E-10 4.7983E-10 5.5245E-10 6.3204E-10 7.1875E-10 8.1380E-10 9.1652E-10 1.0272E-09 1.1469E-09 1.2769E-09 1.4143E-09 1.5592E-09 1.7111E-09 1.8699E-09 2.0352E-09 2.2059E-09 2.3803E-09 2.5581E-09 2.7373E-09 2.9170E-09 3.0957E-09 3.2711E-09 3.4416E-09 3.6053E-09 3.7601E-09 3.9046E-09 4.0372E-09 4.1561E-09 4.2600E-09 4.3471E-09 4.4165E-09 4.4672E-09 4.4983E-09 4.5094E-09 4.5003E-09 4.4710E-09 4.4219E-09 4.3533E-09 4.2660E-09 4.1613E-09 4.0406E-09 3.9063E-09 3.7591E-09 3.6010E-09 3.4337E-09 3.2591E-09 3.0791E-09 2.8957E-09 2.7105E-09 2.5254E-09 2.3420E-09 2.1617E-09 1.9859E-09 1.8143E-09 1.6509E-09 1.4954E-09
3.6640E-10 4.2804E-10 4.9490E-10 5.7124E-10 6.5504E-10 7.4579E-10 8.4438E-10 9.5147E-10 1.0682E-09 1.1957E-09 1.3311E-09 1.4746E-09 1.6269E-09 1.7873E-09 1.9551E-09 2.1301E-09 2.3102E-09 2.4957E-09 2.6853E-09 2.8765E-09 3.0680E-09 3.2577E-09 3.4435E-09 3.6245E-09 3.7985E-09 3.9633E-09 4.1173E-09 4.2587E-09 4.3859E-09 4.4968E-09 4.5900E-09 4.6640E-09 4.7183E-09 4.7514E-09 4.7634E-09 4.7537E-09 4.7227E-09 4.6708E-09 4.5983E-09 4.5063E-09 4.3959E-09 4.2685E-09 4.1250E-09 3.9675E-09 3.7987E-09 3.6209E-09 3.4354E-09 3.2443E-09 3.0495E-09 2.8531E-09 2.6567E-09 2.4624E-09 2.2715E-09 2.0856E-09 1.9058E-09 1.7325E-09 1.5671E-09
3.7676E-10 4.3904E-10 5.0915E-10 5.8965E-10 6.7685E-10 7.7018E-10 8.7281E-10 9.8561E-10 1.1092E-09 1.2417E-09 1.3825E-09 1.5334E-09 1.6942E-09 1.8640E-09 2.0422E-09 2.2275E-09 2.4195E-09 2.6169E-09 2.8177E-09 3.0200E-09 3.2230E-09 3.4245E-09 3.6230E-09 3.8171E-09 4.0034E-09 4.1800E-09 4.3449E-09 4.4961E-09 4.6318E-09 4.7498E-09 4.8490E-09 4.9281E-09 4.9858E-09 5.0212E-09 5.0342E-09 5.0239E-09 4.9904E-09 4.9342E-09 4.8559E-09 4.7568E-09 4.6386E-09 4.5032E-09 4.3514E-09 4.1851E-09 4.0064E-09 3.8161E-09 3.6179E-09 3.4150E-09 3.2084E-09 3.0000E-09 2.7920E-09 2.5861E-09 2.3840E-09 2.1856E-09 1.9956E-09 1.8137E-09 1.6404E-09
3.8430E-10 4.4826E-10 5.2305E-10 6.0611E-10 6.9543E-10 7.9301E-10 9.0093E-10 1.0195E-09 1.1471E-09 1.2844E-09 1.4322E-09 1.5917E-09 1.7611E-09 1.9392E-09 2.1276E-09 2.3232E-09 2.5258E-09 2.7337E-09 2.9454E-09 3.1602E-09 3.3770E-09 3.5918E-09 3.8034E-09 4.0090E-09 4.2059E-09 4.3928E-09 4.5673E-09 4.7273E-09 4.8709E-09 4.9960E-09 5.1013E-09 5.1854E-09 5.2466E-09 5.2846E-09 5.2983E-09 5.2876E-09 5.2531E-09 5.1944E-09 5.1126E-09 5.0086E-09 4.8832E-09 4.7378E-09 4.5751E-09 4.3979E-09 4.2088E-09 4.0088E-09 3.8002E-09 3.5841E-09 3.3645E-09 3.1444E-09 2.9248E-09 2.7075E-09 2.4944E-09 2.2871E-09 2.0862E-09 1.8934E-09 1.7113E-09
3.9031E-10 4.5823E-10 5.3526E-10 6.1954E-10 7.1272E-10 8.1493E-10 9.2749E-10 1.0493E-09 1.1818E-09 1.3255E-09 1.4817E-09 1.6483E-09 1.8258E-09 2.0143E-09 2.2125E-09 2.4180E-09 2.6315E-09 2.8521E-09 3.0776E-09 3.3061E-09 3.5345E-09 3.7609E-09 3.9839E-09 4.2007E-09 4.4094E-09 4.6084E-09 4.7944E-09 4.9651E-09 5.1181E-09 5.2513E-09 5.3634E-09 5.4524E-09 5.5173E-09 5.5572E-09 5.5712E-09 5.5590E-09 5.5213E-09 5.4578E-09 5.3701E-09 5.2599E-09 5.1278E-09 4.9756E-09 4.8050E-09 4.6173E-09 4.4146E-09 4.2014E-09 3.9804E-09 3.7533E-09 3.5227E-09 3.2883E-09 3.0566E-09 2.8279E-09 2.6037E-09 2.3857E-09 2.1755E-09 1.9742E-09 1.7809E-09
3.9668E-10 4.6625E-10 5.4381E-10 6.3101E-10 7.2925E-10 8.3516E-10 9.5051E-10 1.0766E-09 1.2151E-09 1.3659E-09 1.5283E-09 1.7034E-09 1.8903E-09 2.0876E-09 2.2944E-09 2.5122E-09 2.7390E-09 2.9719E-09 3.2085E-09 3.4480E-09 3.6880E-09 3.9276E-09 4.1648E-09 4.3955E-09 4.6176E-09 4.8284E-09 5.0245E-09 5.2043E-09 5.3656E-09 5.5062E-09 5.6244E-09 5.7184E-09 5.7870E-09 5.8288E-09 5.8435E-09 5.8312E-09 5.7918E-09 5.7252E-09 5.6329E-09 5.5151E-09 5.3734E-09 5.2108E-09 5.0295E-09 4.8325E-09 4.6210E-09 4.3969E-09 4.1619E-09 3.9208E-09 3.6774E-09 3.4327E-09 3.1882E-09 2.9463E-09 2.7110E-09 2.4824E-09 2.2621E-09 2.0513E-09 1.8511E-09
4.0173E-10 4.7151E-10 5.5140E-10 6.4307E-10 7.4427E-10 8.5194E-10 9.7055E-10 1.1023E-09 1.2466E-09 1.4034E-09 1.5738E-09 1.7568E-09 1.9515E-09 2.1587E-09 2.3779E-09 2.6078E-09 2.8452E-09 3.0894E-09 3.3390E-09 3.5934E-09 3.8487E-09 4.1030E-09 4.3527E-09 4.5952E-09 4.8287E-09 5.0501E-09 5.2572E-09 5.4470E-09 5.6176E-09 5.7668E-09 5.8916E-09 5.9908E-09 6.0630E-09 6.1065E-09 6.1214E-09 6.1074E-09 6.0642E-09 5.9931E-09 5.8955E-09 5.7714E-09 5.6228E-09 5.4526E-09 5.2609E-09 5.0504E-09 4.8253E-09 4.5881E-09 4.3425E-09 4.0900E-09 3.8317E-09 3.5734E-09 3.3170E-09 3.0649E-09 2.8157E-09 2.5766E-09 2.3462E-09 2.1259E-09 1.9169E-09
4.0435E-10 4.7519E-10 5.5883E-10 6.5244E-10 7.5540E-10 8.6602E-10 9.8955E-10 1.1260E-09 1.2755E-09 1.4397E-09 1.6167E-09 1.8069E-09 2.0120E-09 2.2307E-09 2.4603E-09 2.7001E-09 2.9490E-09 3.2069E-09 3.4714E-09 3.7387E-09 4.0066E-09 4.2731E-09 4.5353E-09 4.7911E-09 5.0387E-09 5.2734E-09 5.4927E-09 5.6936E-09 5.8736E-09 6.0304E-09 6.1613E-09 6.2653E-09 6.3405E-09 6.3857E-09 6.4009E-09 6.3856E-09 6.3396E-09 6.2638E-09 6.1583E-09 6.0251E-09 5.8674E-09 5.6861E-09 5.4847E-09 5.2655E-09 5.0299E-09 4.7801E-09 4.5202E-09 4.2539E-09 3.9849E-09 3.7138E-09 3.4429E-09 3.1784E-09 2.9200E-09 2.6674E-09 2.4271E-09 2.1976E-09 1.9798E-09
4.0526E-10 4.7937E-10 5.6455E-10 6.5914E-10 7.6461E-10 8.7901E-10 1.0065E-09 1.1474E-09 1.3035E-09 1.4727E-09 1.6566E-09 1.8570E-09 2.0720E-09 2.2992E-09 2.5386E-09 2.7906E-09 3.0539E-09 3.3258E-09 3.6031E-09 3.8838E-09 4.1664E-09 4.4488E-09 4.7273E-09 4.9986E-09 5.2593E-09 5.5058E-09 5.7358E-09 5.9463E-09 6.1350E-09 6.2988E-09 6.4359E-09 6.5445E-09 6.6224E-09 6.6692E-09 6.6841E-09 6.6663E-09 6.6167E-09 6.5360E-09 6.4246E-09 6.2851E-09 6.1189E-09 5.9269E-09 5.7128E-09 5.4787E-09 5.2283E-09 4.9666E-09 4.6965E-09 4.4170E-09 4.1330E-09 3.8495E-09 3.5684E-09 3.2894E-09 3.0189E-09 2.7574E-09 2.5045E-09 2.2655E-09 2.0394E-09
4.0585E-10 4.8183E-10 5.6716E-10 6.6372E-10 7.7263E-10 8.9029E-10 1.0213E-09 1.1678E-09 1.3277E-09 1.5033E-09 1.6969E-09 1.9056E-09 2.1275E-09 2.3643E-09 2.6169E-09 2.8823E-09 3.1579E-09 3.4419E-09 3.7323E-09 4.0292E-09 4.3280E-09 4.6251E-09 4.9167E-09 5.2007E-09 5.4736E-09 5.7326E-09 5.9747E-09 6.1965E-09 6.3949E-09 6.5668E-09 6.7106E-09 6.8235E-09 6.9041E-09 6.9517E-09 6.9656E-09 6.9452E-09 6.8913E-09 6.8038E-09 6.6843E-09 6.5365E-09 6.3603E-09 6.1591E-09 5.9354E-09 5.6914E-09 5.4294E-09 5.1535E-09 4.8662E-09 4.5743E-09 4.2801E-09 3.9822E-09 3.6872E-09 3.3983E-09 3.1147E-09 2.8413E-09 2.5800E-09 2.3294E-09 2.0949E-09
4.0664E-10 4.8203E-10 5.6786E-10 6.6696E-10 7.7907E-10 8.9939E-10 1.0352E-09 1.1843E-09 1.3500E-09 1.5345E-09 1.7344E-09 1.9489E-09 2.1808E-09 2.4307E-09 2.6945E-09 2.9705E-09 3.2581E-09 3.5573E-09 3.8641E-09 4.1755E-09 4.4873E-09 4.7979E-09 5.1044E-09 5.4039E-09 5.6917E-09 5.9646E-09 6.2189E-09 6.4513E-09 6.6584E-09 6.8379E-09 6.9875E-09 7.1045E-09 7.1877E-09 7.2361E-09 7.2483E-09 7.2252E-09 7.1668E-09 7.0733E-09 6.9473E-09 6.7900E-09 6.6027E-09 6.3893E-09 6.1524E-09 5.8957E-09 5.6227E-09 5.3361E-09 5.0373E-09 4.7302E-09 4.4192E-09 4.1106E-09 3.8034E-09 3.5004E-09 3.2066E-09 2.9219E-09 2.6493E-09 2.3914E-09 2.1460E-09
4.0481E-10 4.8018E-10 5.6749E-10 6.6948E-10 7.8333E-10 9.0771E-10 1.0453E-09 1.1996E-09 1.3730E-09 1.5621E-09 1.7670E-09 1.9915E-09 2.2351E-09 2.4940E-09 2.7675E-09 3.0565E-09 3.3605E-09 3.6746E-09 3.9961E-09 4.3227E-09 4.6517E-09 4.9802E-09 5.3038E-09 5.6184E-09 5.9206E-09 6.2068E-09 6.4734E-09 6.7170E-09 6.9340E-09 7.1218E-09 7.2772E-09 7.3983E-09 7.4839E-09 7.5326E-09 7.5434E-09 7.5166E-09 7.4523E-09 7.3516E-09 7.2168E-09 7.0494E-09 6.8517E-09 6.6271E-09 6.3775E-09 6.1057E-09 5.8166E-09 5.5122E-09 5.1993E-09 4.8817E-09 4.5584E-09 4.2332E-09 3.9126E-09 3.5999E-09 3.2928E-09 2.9985E-09 2.7152E-09 2.4469E-09 2.1954E-09
4.0095E-10 4.7679E-10 5.6646E-10 6.6909E-10 7.8706E-10 9.1249E-10 1.0542E-09 1.2151E-09 1.3919E-09 1.5855E-09 1.7999E-09 2.0342E-09 2.2851E-09 2.5532E-09 2.8404E-09 3.1447E-09 3.4614E-09 3.7889E-09 4.1257E-09 4.4686E-09 4.8141E-09 5.1581E-09 5.4970E-09 5.8268E-09 6.1440E-09 6.4442E-09 6.7236E-09 6.9785E-09 7.2054E-09 7.4013E-09 7.5628E-09 7.6882E-09 7.7762E-09 7.8245E-09 7.8334E-09 7.8027E-09 7.7322E-09 7.6247E-09 7.4811E-09 7.3025E-09 7.0931E-09 6.8553E-09 6.5922E-09 6.3081E-09 6.0063E-09 5.6892E-09 5.3608E-09 5.0251E-09 4.6878E-09 4.3532E-09 4.0190E-09 3.6909E-09 3.3753E-09 3.0685E-09 2.7771E-09 2.4989E-09 2.2382E-09
3.9625E-10 4.7314E-10 5.6338E-10 6.6867E-10 7.8780E-10 9.1607E-10 1.0633E-09 1.2267E-09 1.4071E-09 1.6090E-09 1.8316E-09 2.0719E-09 2.3319E-09 2.6136E-09 2.9138E-09 3.2292E-09 3.5590E-09 3.9029E-09 4.2568E-09 4.6169E-09 4.9799E-09 5.3417E-09 5.6979E-09 6.0448E-09 6.3783E-09 6.6937E-09 6.9870E-09 7.2540E-09 7.4914E-09 7.6956E-09 7.8636E-09 7.9933E-09 8.0829E-09 8.1307E-09 8.1377E-09 8.1018E-09 8.0244E-09 7.9078E-09 7.7537E-09 7.5640E-09 7.3417E-09 7.0893E-09 6.8109E-09 6.5109E-09 6.1905E-09 5.8574E-09 5.5161E-09 5.1675E-09 4.8145E-09 4.4626E-09 4.1183E-09 3.7794E-09 3.4498E-09 3.1344E-09 2.8317E-09 2.5473E-09 2.2777E-09
3.9047E-10 4.6869E-10 5.6046E-10 6.6663E-10 7.8725E-10 9.2010E-10 1.0695E-09 1.2353E-09 1.4222E-09 1.6310E-09 1.8585E-09 2.1074E-09 2.3798E-09 2.6724E-09 2.9827E-09 3.3119E-09 3.6580E-09 4.0176E-09 4.3871E-09 4.7636E-09 5.1434E-09 5.5223E-09 5.8961E-09 6.2603E-09 6.6100E-09 6.9411E-09 7.2486E-09 7.5282E-09 7.7762E-09 7.9887E-09 8.1633E-09 8.2972E-09 8.3881E-09 8.4353E-09 8.4388E-09 8.3976E-09 8.3136E-09 8.1880E-09 8.0219E-09 7.8195E-09 7.5832E-09 7.3160E-09 7.0229E-09 6.7074E-09 6.3730E-09 6.0248E-09 5.6644E-09 5.2991E-09 4.9348E-09 4.5702E-09 4.2100E-09 3.8590E-09 3.5200E-09 3.1928E-09 2.8823E-09 2.5874E-09 2.3138E-09
3.8311E-10 4.6210E-10 5.5527E-10 6.6091E-10 7.8523E-10 9.2015E-10 1.0705E-09 1.2422E-09 1.4356E-09 1.6484E-09 1.8834E-09 2.1433E-09 2.4249E-09 2.7266E-09 3.0508E-09 3.3948E-09 3.7552E-09 4.1297E-09 4.5154E-09 4.9092E-09 5.3068E-09 5.7043E-09 6.0966E-09 6.4789E-09 6.8461E-09 7.1933E-09 7.5157E-09 7.8085E-09 8.0675E-09 8.2888E-09 8.4698E-09 8.6074E-09 8.6995E-09 8.7463E-09 8.7453E-09 8.6977E-09 8.6053E-09 8.4691E-09 8.2915E-09 8.0755E-09 7.8237E-09 7.5404E-09 7.2306E-09 6.8981E-09 6.5474E-09 6.1827E-09 5.8083E-09 5.4285E-09 5.0452E-09 4.6674E-09 4.2966E-09 3.9334E-09 3.5810E-09 3.2462E-09 2.9259E-09 2.6248E-09 2.3405E-09
3.7403E-10 4.5479E-10 5.4742E-10 6.5476E-10 7.8195E-10 9.1705E-10 1.0717E-09 1.2482E-09 1.4447E-09 1.6634E-09 1.9079E-09 2.1758E-09 2.4656E-09 2.7801E-09 3.1175E-09 3.4743E-09 3.8498E-09 4.2414E-09 4.6462E-09 5.0600E-09 5.4781E-09 5.8957E-09 6.3080E-09 6.7098E-09 7.0956E-09 7.4602E-09 7.7983E-09 8.1051E-09 8.3759E-09 8.6068E-09 8.7940E-09 8.9369E-09 9.0305E-09 9.0744E-09 9.0685E-09 9.0140E-09 8.9118E-09 8.7627E-09 8.5708E-09 8.3390E-09 8.0703E-09 7.7700E-09 7.4420E-09 7.0902E-09 6.7203E-09 6.3349E-09 5.9415E-09 5.5463E-09 5.1512E-09 4.7585E-09 4.3716E-09 3.9994E-09 3.6375E-09 3.2908E-09 2.9640E-09 2.6553E-09 2.3664E-09
3.6317E-10 4.4516E-10 5.3817E-10 6.4757E-10 7.7543E-10 9.1266E-10 1.0714E-09 1.2506E-09 1.4503E-09 1.6768E-09 1.9284E-09 2.2031E-09 2.5049E-09 2.8313E-09 3.1800E-09 3.5516E-09 3.9436E-09 4.3532E-09 4.7763E-09 5.2089E-09 5.6464E-09 6.0842E-09 6.5166E-09 6.9383E-09 7.3433E-09 7.7269E-09 8.0815E-09 8.4027E-09 8.6855E-09 8.9257E-09 9.1195E-09 9.2641E-09 9.3581E-09 9.3992E-09 9.3876E-09 9.3248E-09 9.2108E-09 9.0485E-09 8.8425E-09 8.5935E-09 8.3068E-09 7.9881E-09 7.6420E-09 7.2716E-09 6.8833E-09 6.4818E-09 6.0721E-09 5.6568E-09 5.2445E-09 4.8394E-09 4.4432E-09 4.0547E-09 3.6855E-09 3.3310E-09 2.9948E-09 2.6797E-09 2.3870E-09
3.5247E-10 4.3359E-10 5.2682E-10 6.3647E-10 7.6481E-10 9.0509E-10 1.0664E-09 1.2475E-09 1.4534E-09 1.6865E-09 1.9434E-09 2.2283E-09 2.5403E-09 2.8776E-09 3.2403E-09 3.6273E-09 4.0360E-09 4.4630E-09 4.9053E-09 5.3589E-09 5.8191E-09 6.2796E-09 6.7345E-09 7.1776E-09 7.6031E-09 8.0048E-09 8.3779E-09 8.7142E-09 9.0096E-09 9.2595E-09 9.4598E-09 9.6077E-09 9.7009E-09 9.7385E-09 9.7209E-09 9.6477E-09 9.5229E-09 9.3466E-09 9.1225E-09 8.8545E-09 8.5487E-09 8.2094E-09 7.8411E-09 7.4497E-09 7.0391E-09 6.6170E-09 6.1902E-09 5.7614E-09 5.3337E-09 4.9101E-09 4.5015E-09 4.1066E-09 3.7249E-09 3.3633E-09 3.0210E-09 2.6993E-09 2.4013E-09
3.3939E-10 4.2086E-10 5.1377E-10 6.2197E-10 7.5203E-10 8.9506E-10 1.0566E-09 1.2419E-09 1.4544E-09 1.6914E-09 1.9563E-09 2.2503E-09 2.5715E-09 2.9198E-09 3.2966E-09 3.6989E-09 4.1248E-09 4.5715E-09 5.0352E-09 5.5106E-09 5.9926E-09 6.4751E-09 6.9524E-09 7.4180E-09 7.8651E-09 8.2868E-09 8.6766E-09 9.0282E-09 9.3362E-09 9.5956E-09 9.8021E-09 9.9546E-09 1.0047E-08 1.0081E-08 1.0055E-08 9.9705E-09 9.8298E-09 9.6386E-09 9.3959E-09 9.1088E-09 8.7822E-09 8.4206E-09 8.0312E-09 7.6192E-09 7.1899E-09 6.7488E-09 6.3004E-09 5.8529E-09 5.4111E-09 4.9777E-09 4.5525E-09 4.1453E-09 3.7580E-09 3.3884E-09 3.0399E-09 2.7141E-09 2.4103E-09
3.2417E-10 4.0496E-10 4.9783E-10 6.0595E-10 7.3707E-10 8.8129E-10 1.0444E-09 1.2343E-09 1.4496E-09 1.6918E-09 1.9648E-09 2.2658E-09 2.5968E-09 2.9584E-09 3.3484E-09 3.7672E-09 4.2120E-09 4.6788E-09 5.1634E-09 5.6607E-09 6.1665E-09 6.6743E-09 7.1768E-09 7.6666E-09 8.1361E-09 8.5795E-09 8.9882E-09 9.3560E-09 9.6772E-09 9.9464E-09 1.0159E-08 1.0314E-08 1.0406E-08 1.0434E-08 1.0399E-08 1.0304E-08 1.0148E-08 9.9369E-09 9.6743E-09 9.3660E-09 9.0162E-09 8.6308E-09 8.2185E-09 7.7819E-09 7.3301E-09 6.8697E-09 6.4048E-09 5.9403E-09 5.4791E-09 5.0315E-09 4.5981E-09 4.1801E-09 3.7804E-09 3.4059E-09 3.0524E-09 2.7217E-09 2.4158E-09
3.0940E-10 3.8926E-10 4.7998E-10 5.8846E-10 7.1895E-10 8.6372E-10 1.0302E-09 1.2230E-09 1.4399E-09 1.6889E-09 1.9666E-09 2.2753E-09 2.6166E-09 2.9904E-09 3.3960E-09 3.8320E-09 4.2951E-09 4.7818E-09 5.2893E-09 5.8121E-09 6.3435E-09 6.8762E-09 7.4031E-09 7.9168E-09 8.4097E-09 8.8740E-09 9.3039E-09 9.6893E-09 1.0024E-08 1.0304E-08 1.0523E-08 1.0678E-08 1.0767E-08 1.0789E-08 1.0744E-08 1.0635E-08 1.0465E-08 1.0235E-08 9.9513E-09 9.6196E-09 9.2462E-09 8.8376E-09 8.4006E-09 7.9415E-09 7.4673E-09 6.9838E-09 6.4981E-09 6.0167E-09 5.5431E-09 5.0796E-09 4.6319E-09 4.2058E-09 3.8002E-09 3.4131E-09 3.0561E-09 2.7222E-09 2.4108E-09
2.9372E-10 3.7173E-10 4.6141E-10 5.6835E-10 6.9734E-10 8.4466E-10 1.0130E-09 1.2059E-09 1.4290E-09 1.6812E-09 1.9642E-09 2.2813E-09 2.6329E-09 3.0193E-09 3.4398E-09 3.8919E-09 4.3744E-09 4.8840E-09 5.4154E-09 5.9621E-09 6.5178E-09 7.0765E-09 7.6307E-09 8.1716E-09 8.6903E-09 9.1785E-09 9.6279E-09 1.0031E-08 1.0380E-08 1.0669E-08 1.0895E-08 1.1052E-08 1.1139E-08 1.1155E-08 1.1099E-08 1.0976E-08 1.0786E-08 1.0538E-08 1.0231E-08 9.8739E-09 9.4748E-09 9.0406E-09 8.5783E-09 8.0949E-09 7.5979E-09 7.0927E-09 6.5876E-09 6.0856E-09 5.5950E-09 5.1192E-09 4.6610E-09 4.2204E-09 3.8071E-09 3.4183E-09 3.0501E-09 2.7145E-09 2.4013E-09
2.7807E-10 3.5400E-10 4.4326E-10 5.4786E-10 6.7553E-10 8.2364E-10 9.9331E-10 1.1882E-09 1.4135E-09 1.6681E-09 1.9574E-09 2.2822E-09 2.6438E-09 3.0422E-09 3.4766E-09 3.9469E-09 4.4501E-09 4.9808E-09 5.5347E-09 6.1067E-09 6.6912E-09 7.2790E-09 7.8616E-09 8.4293E-09 8.9737E-09 9.4855E-09 9.9560E-09 1.0377E-08 1.0741E-08 1.1042E-08 1.1274E-08 1.1435E-08 1.1519E-08 1.1528E-08 1.1462E-08 1.1323E-08 1.1115E-08 1.0844E-08 1.0514E-08 1.0133E-08 9.7078E-09 9.2459E-09 8.7558E-09 8.2460E-09 7.7235E-09 7.1957E-09 6.6690E-09 6.1491E-09 5.6410E-09 5.1482E-09 4.6780E-09 4.2307E-09 3.8045E-09 3.4094E-09 3.0418E-09 2.6973E-09 2.3858E-09
