Assets/Resources/2015_m01_d03_1700(utc+0800)_l00_csi_1hr_conc.grd
DSAA
         159         159
     -79.000      79.000
     -79.000      79.000
  0.0000E+00  0.3280E-05
[rows 75 to 99 of 159, columns 57 to 113 of 159]
5.2803E-10 5.4430E-10 5.6046E-10 5.7764E-10 5.9364E-10 6.1128E-10 6.2711E-10 6.4275E-10 6.6009E-10 6.7548E-10 6.9063E-10 7.0553E-10 7.2210E-10 7.3665E-10 7.5093E-10 7.6490E-10 7.8062E-10 7.9469E-10 8.1117E-10 8.3803E-10 8.5257E-10 8.7511E-10 8.9060E-10 9.0735E-10 9.2414E-10 9.4914E-10 9.7965E-10 1.0348E-09 1.0851E-09 1.1397E-09 1.2189E-09 1.2748E-09 1.2982E-09 1.2883E-09 1.2611E-09 1.2406E-09 1.2144E-09 1.1882E-09 1.1743E-09 1.1738E-09 1.1710E-09 1.1694E-09 1.1744E-09 1.1838E-09 1.1948E-09 1.2136E-09 1.2246E-09 1.2384E-09 1.2551E-09 1.2691E-09 1.2794E-09 1.2933E-09 1.3107E-09 1.3247E-09 1.3342E-09 1.3432E-09 1.3567E-09
5.3589E-10 5.5251E-10 5.6930E-10 5.8658E-10 6.0292E-10 6.2094E-10 6.3712E-10 6.5310E-10 6.7082E-10 6.8655E-10 7.0204E-10 7.1728E-10 7.3421E-10 7.4909E-10 7.6368E-10 7.7797E-10 7.9404E-10 8.0892E-10 8.2684E-10 8.5270E-10 8.6758E-10 8.9108E-10 9.0779E-10 9.2368E-10 9.5613E-10 9.9196E-10 3.2801E-06 2.9080E-07 1.3164E-09 1.4899E-09 1.6541E-09 1.7649E-09 1.8109E-09 1.7848E-09 1.6878E-09 1.5683E-09 1.4523E-09 1.3696E-09 1.2847E-09 1.2284E-09 1.2219E-09 1.2153E-09 1.2107E-09 1.2200E-09 1.2275E-09 1.2412E-09 1.2583E-09 1.2731E-09 1.2880E-09 1.2991E-09 1.3171E-09 1.3319E-09 1.3425E-09 1.3571E-09 1.3757E-09 1.3857E-09 1.4000E-09
5.4374E-10 5.6072E-10 5.7787E-10 5.9552E-10 6.1222E-10 6.3063E-10 6.4717E-10 6.6350E-10 6.8160E-10 6.9768E-10 7.1352E-10 7.2909E-10 7.4639E-10 7.6161E-10 7.7652E-10 7.9113E-10 8.0756E-10 8.2328E-10 8.4108E-10 8.6750E-10 8.8273E-10 9.0679E-10 9.2432E-10 9.5829E-10 1.1069E-09 3.1686E-06 1.8337E-06 1.6597E-06 6.5589E-07 2.4242E-08 2.8006E-09 3.0762E-09 3.1021E-09 2.9197E-09 2.6109E-09 2.2755E-09 1.9724E-09 1.7430E-09 1.5957E-09 1.4686E-09 1.3632E-09 1.3015E-09 1.2636E-09 1.2604E-09 1.2646E-09 1.2767E-09 1.2905E-09 1.3027E-09 1.3212E-09 1.3369E-09 1.3526E-09 1.3641E-09 1.3834E-09 1.3990E-09 1.4099E-09 1.4252E-09 1.4353E-09
5.5158E-10 5.6892E-10 5.8644E-10 6.0446E-10 6.2153E-10 6.4033E-10 6.5723E-10 6.7439E-10 6.9241E-10 7.0885E-10 7.2504E-10 7.4096E-10 7.5864E-10 7.7419E-10 7.8945E-10 8.0488E-10 8.2117E-10 8.3725E-10 8.5705E-10 8.8242E-10 8.9800E-10 9.2264E-10 9.5148E-10 9.6317E-07 2.1911E-06 1.8257E-06 1.6402E-06 1.4560E-06 1.3373E-06 8.0516E-07 1.2610E-07 8.1220E-09 6.1342E-09 5.5105E-09 4.5846E-09 3.7185E-09 2.9732E-09 2.4212E-09 2.0974E-09 1.8608E-09 1.6769E-09 1.5403E-09 1.4184E-09 1.3476E-09 1.3108E-09 1.3128E-09 1.3286E-09 1.3394E-09 1.3560E-09 1.3687E-09 1.3926E-09 1.4052E-09 1.4217E-09 1.4336E-09 1.4450E-09 1.4560E-09 1.4664E-09
5.5939E-10 5.7710E-10 5.9527E-10 6.1340E-10 6.3084E-10 6.5004E-10 6.6731E-10 6.8484E-10 7.0325E-10 7.2006E-10 7.3660E-10 7.5288E-10 7.7095E-10 7.8685E-10 8.0244E-10 8.1822E-10 8.3488E-10 8.5182E-10 8.7154E-10 8.9745E-10 9.1514E-10 9.3999E-10 9.9229E-10 2.1694E-06 1.8185E-06 1.5861E-06 1.4264E-06 1.3218E-06 1.2024E-06 1.1246E-06 6.7013E-07 6.6905E-08 1.2395E-08 1.0626E-08 8.3684E-09 6.3333E-09 4.8044E-09 3.7335E-09 3.0007E-09 2.5428E-09 2.1668E-09 1.9098E-09 1.7228E-09 1.5737E-09 1.4360E-09 1.3593E-09 1.3656E-09 1.3765E-09 1.3950E-09 1.4088E-09 1.4263E-09 1.4395E-09 1.4522E-09 1.4644E-09 1.4762E-09 1.4875E-09 1.4982E-09
5.6716E-10 5.8526E-10 6.0381E-10 6.2233E-10 6.4014E-10 6.5974E-10 6.7739E-10 6.9531E-10 7.1412E-10 7.3129E-10 7.4820E-10 7.6484E-10 7.8330E-10 7.9956E-10 8.1551E-10 8.3215E-10 8.4866E-10 8.6598E-10 8.8776E-10 9.1259E-10 9.3421E-10 9.8157E-10 1.0559E-09 6.5333E-08 1.5580E-06 1.4044E-06 1.3015E-06 1.1829E-06 1.1105E-06 8.7372E-07 6.0344E-07 2.0817E-07 3.8618E-08 2.4103E-08 1.6957E-08 1.2078E-08 8.5997E-09 6.2677E-09 4.7789E-09 3.8341E-09 3.1354E-09 2.6018E-09 2.2022E-09 1.9507E-09 1.7199E-09 1.5387E-09 1.4260E-09 1.4165E-09 1.4299E-09 1.4426E-09 1.4566E-09 1.4701E-09 1.4832E-09 1.4959E-09 1.5080E-09 1.5196E-09 1.5307E-09
5.7490E-10 5.9338E-10 6.1232E-10 6.3123E-10 6.4942E-10 6.6944E-10 6.8747E-10 7.0626E-10 7.2499E-10 7.4254E-10 7.5983E-10 7.7733E-10 7.9570E-10 8.1233E-10 8.2863E-10 8.4564E-10 8.6252E-10 8.8023E-10 9.0247E-10 9.2783E-10 9.6330E-10 1.0260E-09 1.1233E-09 1.4982E-09 3.7185E-08 1.1376E-06 1.1714E-06 1.0693E-06 7.7974E-07 6.4825E-07 5.5886E-07 2.0467E-07 8.1084E-08 4.9302E-08 3.2151E-08 2.0781E-08 1.3999E-08 1.0029E-08 7.7277E-09 5.8448E-09 4.6883E-09 3.8201E-09 3.1052E-09 2.5461E-09 2.1438E-09 1.8673E-09 1.6234E-09 1.4717E-09 1.4626E-09 1.4735E-09 1.4875E-09 1.5014E-09 1.5150E-09 1.5280E-09 1.5405E-09 1.5525E-09 1.5640E-09
5.8259E-10 6.0145E-10 6.2079E-10 6.4010E-10 6.5868E-10 6.7912E-10 6.9754E-10 7.1673E-10 7.3587E-10 7.5381E-10 7.7148E-10 7.8937E-10 8.0814E-10 8.2513E-10 8.4180E-10 8.5972E-10 8.7644E-10 8.9454E-10 9.1726E-10 9.4539E-10 9.9428E-10 1.0804E-09 1.3065E-09 1.7991E-09 2.9626E-09 2.7894E-08 7.0597E-07 7.0551E-07 6.3847E-07 6.0411E-07 2.9712E-07 1.4923E-07 9.8774E-08 6.5505E-08 4.2865E-08 2.8837E-08 2.0205E-08 1.4778E-08 1.1260E-08 8.7880E-09 6.9647E-09 5.5269E-09 4.3999E-09 3.5135E-09 2.7946E-09 2.3183E-09 1.9811E-09 1.6934E-09 1.5237E-09 1.5067E-09 1.5190E-09 1.5334E-09 1.5474E-09 1.5608E-09 1.5737E-09 1.5861E-09 1.5979E-09
5.9022E-10 6.0947E-10 6.2922E-10 6.4893E-10 6.6791E-10 6.8877E-10 7.0759E-10 7.2719E-10 7.4674E-10 7.6508E-10 7.8314E-10 8.0142E-10 8.2060E-10 8.3797E-10 8.5501E-10 8.7333E-10 8.9043E-10 9.0893E-10 9.3269E-10 9.6837E-10 1.0355E-09 1.1623E-09 1.5434E-09 2.4875E-09 4.0763E-09 8.0183E-09 1.4312E-07 5.8163E-07 5.9215E-07 3.7801E-07 2.2116E-07 1.5622E-07 1.0756E-07 7.3930E-08 5.1354E-08 3.6487E-08 2.6860E-08 2.0543E-08 1.6136E-08 1.2743E-08 1.0093E-08 7.9275E-09 6.2257E-09 4.9394E-09 3.8808E-09 3.0282E-09 2.4830E-09 2.0966E-09 1.7514E-09 1.5881E-09 1.5520E-09 1.5660E-09 1.5804E-09 1.5943E-09 1.6077E-09 1.6204E-09 1.6326E-09
5.9778E-10 6.1743E-10 6.3759E-10 6.5771E-10 6.7709E-10 6.9839E-10 7.1761E-10 7.3763E-10 7.5760E-10 7.7633E-10 7.9479E-10 8.1399E-10 8.3307E-10 8.5083E-10 8.6825E-10 8.8697E-10 9.0446E-10 9.2337E-10 9.4933E-10 9.9530E-10 1.0802E-09 1.3719E-09 2.0550E-09 3.3463E-09 5.7163E-09 1.1618E-08 5.4877E-08 3.9785E-07 4.6100E-07 2.9452E-07 2.0734E-07 1.5793E-07 1.0781E-07 7.8556E-08 5.8176E-08 4.4436E-08 3.4945E-08 2.7928E-08 2.2338E-08 1.7920E-08 1.4388E-08 1.1438E-08 8.9518E-09 6.9568E-09 5.4847E-09 4.2289E-09 3.2808E-09 2.6430E-09 2.1717E-09 1.8124E-09 1.6297E-09 1.5993E-09 1.6142E-09 1.6285E-09 1.6423E-09 1.6555E-09 1.6681E-09
6.0526E-10 6.2533E-10 6.4619E-10 6.6643E-10 6.8622E-10 7.0796E-10 7.2759E-10 7.4854E-10 7.6843E-10 7.8758E-10 8.0644E-10 8.2606E-10 8.4555E-10 8.6371E-10 8.8152E-10 9.0119E-10 9.1853E-10 9.3785E-10 9.6845E-10 1.0232E-09 1.1795E-09 1.6923E-09 2.5322E-09 4.3930E-09 8.0651E-09 1.4585E-08 5.0743E-08 2.5126E-07 3.0699E-07 2.2930E-07 1.7497E-07 1.3558E-07 1.0506E-07 8.2604E-08 6.6625E-08 5.4669E-08 4.4988E-08 3.7171E-08 3.0634E-08 2.5075E-08 2.0284E-08 1.6270E-08 1.2854E-08 9.9712E-09 7.7166E-09 5.9659E-09 4.5570E-09 3.4877E-09 2.4447E-09 2.0176E-09 1.7482E-09 1.6422E-09 1.6487E-09 1.6635E-09 1.6777E-09 1.6913E-09 1.7043E-09
6.1266E-10 6.3313E-10 6.5442E-10 6.7508E-10 6.9529E-10 7.1747E-10 7.3752E-10 7.5891E-10 7.7923E-10 7.9879E-10 8.1807E-10 8.3811E-10 8.5803E-10 8.7659E-10 8.9480E-10 9.1490E-10 9.3263E-10 9.5266E-10 9.9109E-10 1.0556E-09 1.3372E-09 2.0615E-09 3.3243E-09 6.0521E-09 1.0353E-08 2.0741E-08 6.0307E-08 1.3513E-07 1.6923E-07 1.6503E-07 1.4563E-07 1.2371E-07 1.0552E-07 9.0803E-08 7.8236E-08 6.7293E-08 5.7781E-08 4.9234E-08 4.1567E-08 3.4590E-08 2.8306E-08 2.2778E-08 1.8122E-08 1.4170E-08 1.0909E-08 7.0325E-09 5.0189E-09 3.8640E-09 3.0675E-09 2.2577E-09 1.9037E-09 1.7312E-09 1.6847E-09 1.6992E-09 1.7139E-09 1.7279E-09 1.7413E-09
6.1996E-10 6.4085E-10 6.6257E-10 6.8365E-10 7.0428E-10 7.2691E-10 7.4739E-10 7.6923E-10 7.8998E-10 8.0996E-10 8.2966E-10 8.5014E-10 8.7049E-10 8.8947E-10 9.0808E-10 9.2862E-10 9.4675E-10 9.6839E-10 1.0119E-09 1.1150E-09 1.6217E-09 2.7274E-09 4.5733E-09 7.2519E-09 1.3928E-08 2.9305E-08 6.0014E-08 9.7067E-08 1.2231E-07 1.3049E-07 1.2774E-07 1.2101E-07 1.1238E-07 1.0298E-07 9.3426E-08 8.3844E-08 7.4316E-08 6.4855E-08 5.5710E-08 4.6965E-08 3.8863E-08 3.1487E-08 2.1357E-08 1.5036E-08 1.1385E-08 8.7420E-09 5.8169E-09 4.5232E-09 3.3666E-09 2.7648E-09 2.3141E-09 1.8467E-09 1.7360E-09 1.7357E-09 1.7508E-09 1.7653E-09 1.7792E-09
6.2716E-10 6.4847E-10 6.7062E-10 6.9213E-10 7.1319E-10 7.3628E-10 7.5719E-10 7.7948E-10 8.0067E-10 8.2109E-10 8.4121E-10 8.6267E-10 8.8293E-10 9.0232E-10 9.2136E-10 9.4234E-10 9.6088E-10 9.8404E-10 1.0328E-09 1.2074E-09 1.9868E-09 3.5233E-09 5.8099E-09 9.6794E-09 1.7927E-08 3.3406E-08 5.6177E-08 8.0787E-08 1.0203E-07 1.1721E-07 1.2496E-07 1.2690E-07 1.2504E-07 1.2036E-07 1.1357E-07 1.0504E-07 9.5220E-08 8.4564E-08 6.5744E-08 5.4953E-08 4.0464E-08 3.1137E-08 2.4957E-08 1.6819E-08 1.3236E-08 9.2995E-09 7.1012E-09 5.6390E-09 3.8370E-09 2.9802E-09 2.5660E-09 2.1916E-09 1.8404E-09 1.7776E-09 1.7885E-09 1.8035E-09 1.8178E-09
6.3424E-10 6.5597E-10 6.7856E-10 7.0051E-10 7.2201E-10 7.4556E-10 7.6691E-10 7.8966E-10 8.1130E-10 8.3215E-10 8.5271E-10 8.7463E-10 8.9533E-10 9.1515E-10 9.3461E-10 9.5605E-10 9.7501E-10 9.9947E-10 1.0536E-09 1.3884E-09 2.5113E-09 4.3526E-09 7.5637E-09 1.2983E-08 2.2059E-08 3.6510E-08 5.5179E-08 7.7072E-08 9.8897E-08 1.1767E-07 1.3162E-07 1.4033E-07 1.4418E-07 1.4364E-07 1.3918E-07 1.2047E-07 1.0948E-07 8.7264E-08 7.0021E-08 5.9934E-08 4.2971E-08 3.5415E-08 2.5613E-08 1.9550E-08 1.5614E-08 1.0495E-08 7.5013E-09 5.9375E-09 4.7192E-09 3.3129E-09 2.7811E-09 2.4245E-09 2.1272E-09 1.9289E-09 1.8291E-09 1.8426E-09 1.8573E-09
6.4119E-10 6.6335E-10 6.8639E-10 7.0878E-10 7.3071E-10 7.5473E-10 7.7653E-10 7.9975E-10 8.2184E-10 8.4314E-10 8.6415E-10 8.8653E-10 9.0768E-10 9.2794E-10 9.4783E-10 9.6973E-10 9.8912E-10 1.0145E-09 1.0721E-09 1.6183E-09 3.1837E-09 5.6029E-09 9.7039E-09 1.6427E-08 2.6633E-08 4.1095E-08 5.9851E-08 8.1853E-08 1.0560E-07 1.2791E-07 1.4689E-07 1.6118E-07 1.5893E-07 1.6035E-07 1.4231E-07 1.2246E-07 1.1302E-07 8.6881E-08 6.9005E-08 5.9241E-08 4.6860E-08 3.8537E-08 2.7650E-08 2.0042E-08 1.6053E-08 1.2321E-08 8.3724E-09 6.6308E-09 4.9431E-09 4.0434E-09 3.3236E-09 2.3255E-09 2.1402E-09 1.9953E-09 1.9010E-09 1.8829E-09 1.8977E-09
6.4800E-10 6.7060E-10 6.9408E-10 7.1692E-10 7.3930E-10 7.6379E-10 7.8604E-10 8.0973E-10 8.3229E-10 8.5405E-10 8.7551E-10 8.9835E-10 9.1996E-10 9.4067E-10 9.6100E-10 9.8338E-10 1.0032E-09 1.0292E-09 1.1083E-09 1.9385E-09 3.8410E-09 6.8864E-09 1.1933E-08 1.9912E-08 3.1323E-08 4.7223E-08 6.7916E-08 9.2232E-08 1.1873E-07 1.3737E-07 1.5919E-07 1.6210E-07 1.5544E-07 1.5875E-07 1.3223E-07 1.1474E-07 1.0719E-07 8.9491E-08 7.6569E-08 6.0222E-08 4.6242E-08 3.9250E-08 3.0752E-08 2.1530E-08 1.7393E-08 1.2572E-08 9.7839E-09 7.8282E-09 5.4232E-09 3.6437E-09 2.8959E-09 2.5453E-09 2.3507E-09 2.0636E-09 1.9894E-09 1.9321E-09 1.9391E-09
6.5466E-10 6.7769E-10 7.0163E-10 7.2493E-10 7.4776E-10 7.7273E-10 7.9544E-10 8.1961E-10 8.4263E-10 8.6485E-10 8.8677E-10 9.1010E-10 9.3217E-10 9.5334E-10 9.7412E-10 9.9698E-10 1.0172E-09 1.0397E-09 1.1740E-09 2.3439E-09 4.7262E-09 8.4737E-09 1.4358E-08 2.3602E-08 3.6808E-08 5.5073E-08 7.4037E-08 1.0022E-07 1.1920E-07 1.3163E-07 1.5336E-07 1.4203E-07 1.3835E-07 1.4347E-07 1.3035E-07 1.0878E-07 1.0241E-07 8.5014E-08 7.1274E-08 6.3183E-08 4.6996E-08 4.0289E-08 3.0321E-08 2.3781E-08 1.9627E-08 1.3420E-08 8.5750E-09 6.1351E-09 4.6567E-09 3.9702E-09 3.0034E-09 2.5038E-09 2.3025E-09 2.2062E-09 2.0066E-09 1.9882E-09 1.9881E-09
6.6117E-10 6.8463E-10 7.0871E-10 7.3278E-10 7.5607E-10 7.8153E-10 8.0470E-10 8.2935E-10 8.5285E-10 8.7554E-10 8.9793E-10 9.2175E-10 9.4429E-10 9.6592E-10 9.8716E-10 1.0105E-09 1.0312E-09 1.0542E-09 1.2550E-09 2.7897E-09 5.6906E-09 1.0146E-08 1.7056E-08 2.6199E-08 4.0790E-08 5.5849E-08 7.1497E-08 9.6195E-08 1.0130E-07 1.1295E-07 1.3296E-07 1.3550E-07 1.2326E-07 1.2922E-07 1.1863E-07 1.0672E-07 1.0277E-07 8.1636E-08 7.4946E-08 6.0300E-08 4.9006E-08 4.2784E-08 3.0838E-08 2.3066E-08 1.6510E-08 1.1082E-08 8.4241E-09 7.0224E-09 4.8711E-09 3.6400E-09 3.1477E-09 2.8550E-09 2.1808E-09 2.1145E-09 2.0801E-09 2.0566E-09 2.0463E-09
6.6751E-10 6.9141E-10 7.1594E-10 7.4047E-10 7.6422E-10 7.9017E-10 8.1382E-10 8.3896E-10 8.6294E-10 8.8611E-10 9.0897E-10 9.3329E-10 9.5631E-10 9.7841E-10 1.0001E-09 1.0240E-09 1.0452E-09 1.0686E-09 1.3675E-09 3.3674E-09 6.3624E-09 1.0423E-08 1.7490E-08 2.5579E-08 3.4812E-08 4.7748E-08 6.0888E-08 8.1979E-08 9.5279E-08 9.7030E-08 1.1469E-07 1.1846E-07 1.1787E-07 1.2538E-07 1.0770E-07 9.8746E-08 9.4630E-08 8.1579E-08 7.1760E-08 5.8237E-08 4.6006E-08 4.0376E-08 2.7745E-08 1.9785E-08 1.5038E-08 1.0542E-08 7.4333E-09 5.7639E-09 4.9260E-09 3.3937E-09 2.6303E-09 2.4068E-09 2.3005E-09 2.2178E-09 2.1680E-09 2.1344E-09 2.1162E-09
6.7367E-10 6.9801E-10 7.2299E-10 7.4799E-10 7.7221E-10 7.9865E-10 8.2277E-10 8.4841E-10 8.7288E-10 8.9653E-10 9.1988E-10 9.4470E-10 9.6821E-10 9.9079E-10 1.0130E-09 1.0373E-09 1.0596E-09 1.0830E-09 1.2611E-09 3.4465E-09 6.3373E-09 9.9638E-09 1.5411E-08 2.2179E-08 3.3924E-08 4.4897E-08 5.1868E-08 6.9483E-08 8.1348E-08 9.1164E-08 1.0881E-07 1.0287E-07 1.0353E-07 1.1103E-07 1.0413E-07 9.6198E-08 8.6576E-08 7.4054E-08 6.9654E-08 5.1832E-08 3.7831E-08 3.0218E-08 2.5092E-08 1.8121E-08 1.2975E-08 9.9603E-09 8.1597E-09 5.2940E-09 3.7067E-09 3.0214E-09 2.7700E-09 2.5761E-09 2.4436E-09 2.3411E-09 2.2704E-09 2.2223E-09 2.1962E-09
6.7933E-10 7.0443E-10 7.2986E-10 7.5532E-10 7.8001E-10 8.0695E-10 8.3155E-10 8.5770E-10 8.8266E-10 9.0680E-10 9.3064E-10 9.5597E-10 9.7998E-10 1.0031E-09 1.0257E-09 1.0506E-09 1.0734E-09 1.0972E-09 1.2575E-09 3.1860E-09 5.6941E-09 9.1075E-09 1.4695E-08 1.9377E-08 2.8598E-08 3.8257E-08 4.8424E-08 6.5168E-08 6.8902E-08 7.7750E-08 9.3309E-08 9.7084E-08 9.6400E-08 9.6796E-08 9.1103E-08 9.3387E-08 8.3177E-08 6.6263E-08 5.4907E-08 4.5273E-08 3.8430E-08 2.9257E-08 2.1616E-08 1.5589E-08 1.0452E-08 6.7985E-09 4.9252E-09 4.1894E-09 3.6841E-09 3.3008E-09 3.0085E-09 2.7765E-09 2.6099E-09 2.4843E-09 2.3948E-09 2.3277E-09 2.2887E-09
6.8513E-10 7.1066E-10 7.3653E-10 7.6246E-10 7.8761E-10 8.1505E-10 8.4014E-10 8.6680E-10 8.9227E-10 9.1690E-10 9.4124E-10 9.6708E-10 9.9160E-10 1.0152E-09 1.0383E-09 1.0637E-09 1.0870E-09 1.1114E-09 1.2936E-09 3.1328E-09 5.2038E-09 8.6858E-09 1.2893E-08 1.8174E-08 2.7224E-08 3.2370E-08 4.0893E-08 5.4962E-08 6.4049E-08 6.5532E-08 7.8467E-08 8.2135E-08 8.3173E-08 9.0491E-08 8.5106E-08 7.9501E-08 7.0780E-08 5.5033E-08 4.6026E-08 3.6488E-08 2.8664E-08 2.3411E-08 1.6265E-08 1.0661E-08 7.3023E-09 6.1025E-09 5.2837E-09 4.6129E-09 4.0508E-09 3.6117E-09 3.2697E-09 3.0020E-09 2.7994E-09 2.6429E-09 2.5310E-09 2.4459E-09 2.3929E-09
6.9072E-10 7.1669E-10 7.4300E-10 7.6939E-10 7.9501E-10 8.2295E-10 8.4853E-10 8.7512E-10 9.0167E-10 9.2682E-10 9.5165E-10 9.7802E-10 1.0031E-09 1.0271E-09 1.0508E-09 1.0767E-09 1.1005E-09 1.1254E-09 1.2581E-09 2.8396E-09 5.0371E-09 8.3825E-09 1.1214E-08 1.5522E-08 2.3007E-08 2.9905E-08 3.4090E-08 4.5431E-08 5.3002E-08 5.9469E-08 7.1869E-08 7.2970E-08 7.5802E-08 7.4718E-08 6.9874E-08 6.3378E-08 5.6538E-08 4.7751E-08 3.8915E-08 3.2049E-08 2.3581E-08 1.5980E-08 1.0236E-08 8.8814E-09 7.7012E-09 6.6793E-09 5.8049E-09 5.0779E-09 4.4679E-09 3.9693E-09 3.5709E-09 3.2627E-09 3.0201E-09 2.8305E-09 2.6916E-09 2.5836E-09 2.5112E-09
6.9610E-10 7.2250E-10 7.4926E-10 7.7610E-10 8.0219E-10 8.3063E-10 8.5671E-10 8.8380E-10 9.1088E-10 9.3653E-10 9.6188E-10 9.8878E-10 1.0143E-09 1.0389E-09 1.0631E-09 1.0896E-09 1.1139E-09 1.1393E-09 1.3243E-09 2.6226E-09 4.5412E-09 7.3701E-09 1.0397E-08 1.3090E-08 1.9089E-08 2.4608E-08 3.0589E-08 4.0987E-08 4.5681E-08 5.6583E-08 6.4035E-08 6.7961E-08 6.7711E-08 6.3855E-08 6.0993E-08 4.7244E-08 3.9699E-08 3.2278E-08 2.3856E-08 1.6263E-08 1.3823E-08 1.2318E-08 1.0887E-08 9.5546E-09 8.3520E-09 7.2832E-09 6.3606E-09 5.5745E-09 4.9113E-09 4.3637E-09 3.9134E-09 3.5535E-09 3.2704E-09 3.0482E-09 2.8858E-09 2.7575E-09 2.6816E-09
