Assets/Resources/2015_m01_d13_1100(utc+0800)_l00_csi_1hr_conc.grd
DSAA
         159         159
     -79.000      79.000
     -79.000      79.000
  0.0000E+00  0.1984E-05
[rows 0 to 24 of 159, columns 0 to 56 of 159]
4.4062E-11 4.4063E-11 4.4025E-11 4.3949E-11 4.3833E-11 4.3680E-11 4.3488E-11 4.3258E-11 4.2992E-11 3.9615E-11 3.9162E-11 3.8610E-11 3.7816E-11 3.2013E-11 2.3027E-11 2.2187E-11 2.1264E-11 1.7607E-11 1.6748E-11 1.5879E-11 1.5004E-11 1.1920E-11 1.1174E-11 5.2582E-12 4.8836E-12 4.5150E-12 4.1542E-12 3.8029E-12 2.1248E-12 0.0000E+00 0.0000E+00 0.0000E+00 0.0000E+00 0.0000E+00 0.0000E+00 0.0000E+00 0.0000E+00 0.0000E+00 0.0000E+00 0.0000E+00 0.0000E+00 0.0000E+00 0.0000E+00 0.0000E+00 0.0000E+00 0.0000E+00 0.0000E+00 0.0000E+00 0.0000E+00 0.0000E+00 0.0000E+00 0.0000E+00 0.0000E+00 0.0000E+00 0.0000E+00 0.0000E+00 0.0000E+00
4.9811E-11 4.9822E-11 4.9789E-11 4.9712E-11 4.9592E-11 4.9427E-11 4.9219E-11 4.8969E-11 4.8649E-11 4.8182E-11 4.7660E-11 4.4030E-11 4.3092E-11 4.1960E-11 4.0622E-11 3.9180E-11 3.4619E-11 2.8824E-11 2.7452E-11 1.9298E-11 1.8257E-11 1.4872E-11 1.3952E-11 1.3037E-11 1.0220E-11 9.4603E-12 4.3777E-12 4.0078E-12 3.6493E-12 3.3039E-12 1.8140E-12 0.0000E+00 0.0000E+00 0.0000E+00 0.0000E+00 0.0000E+00 0.0000E+00 0.0000E+00 0.0000E+00 0.0000E+00 0.0000E+00 0.0000E+00 0.0000E+00 0.0000E+00 0.0000E+00 0.0000E+00 0.0000E+00 0.0000E+00 0.0000E+00 0.0000E+00 0.0000E+00 0.0000E+00 0.0000E+00 0.0000E+00 0.0000E+00 0.0000E+00 0.0000E+00
5.9174E-11 5.9207E-11 5.9188E-11 5.9116E-11 5.8991E-11 5.8814E-11 5.8585E-11 5.8304E-11 5.7869E-11 5.7353E-11 5.3621E-11 5.2719E-11 5.1650E-11 5.0291E-11 4.8847E-11 4.4165E-11 4.2402E-11 4.0560E-11 3.5865E-11 3.4036E-11 2.9677E-11 2.4481E-11 1.9308E-11 1.5930E-11 1.4843E-11 1.1842E-11 1.0918E-11 8.4232E-12 5.3610E-12 3.4827E-12 3.1338E-12 2.8016E-12 1.5076E-12 0.0000E+00 0.0000E+00 0.0000E+00 0.0000E+00 0.0000E+00 0.0000E+00 0.0000E+00 0.0000E+00 0.0000E+00 0.0000E+00 0.0000E+00 0.0000E+00 0.0000E+00 0.0000E+00 0.0000E+00 0.0000E+00 0.0000E+00 0.0000E+00 0.0000E+00 0.0000E+00 0.0000E+00 0.0000E+00 0.0000E+00 0.0000E+00
6.2893E-11 6.2928E-11 6.2908E-11 6.2832E-11 6.2699E-11 6.2511E-11 6.2268E-11 6.1922E-11 6.1438E-11 6.0873E-11 6.0055E-11 5.9027E-11 5.7740E-11 5.6271E-11 5.4636E-11 5.2790E-11 5.0882E-11 4.5685E-11 4.3558E-11 4.1396E-11 3.6565E-11 3.4491E-11 3.0006E-11 2.4896E-11 2.1143E-11 1.6493E-11 1.3404E-11 1.2315E-11 9.6378E-12 8.7441E-12 4.6302E-12 2.9531E-12 2.6213E-12 2.3098E-12 1.2145E-12 0.0000E+00 0.0000E+00 0.0000E+00 0.0000E+00 0.0000E+00 0.0000E+00 0.0000E+00 0.0000E+00 0.0000E+00 0.0000E+00 0.0000E+00 0.0000E+00 0.0000E+00 0.0000E+00 0.0000E+00 0.0000E+00 0.0000E+00 0.0000E+00 0.0000E+00 0.0000E+00 0.0000E+00 0.0000E+00
7.6211E-11 7.6294E-11 7.6310E-11 7.6256E-11 7.6134E-11 7.5944E-11 7.5686E-11 7.5238E-11 7.4712E-11 7.3985E-11 7.2993E-11 7.1807E-11 6.7179E-11 6.5604E-11 6.3716E-11 5.8677E-11 5.3509E-11 5.1209E-11 4.8858E-11 4.6464E-11 4.4037E-11 4.1587E-11 3.6666E-11 3.4346E-11 2.9814E-11 2.7668E-11 2.0992E-11 1.7565E-11 1.1874E-11 1.0792E-11 8.3184E-12 7.4527E-12 3.8980E-12 2.4337E-12 2.1269E-12 1.8432E-12 0.0000E+00 0.0000E+00 0.0000E+00 0.0000E+00 0.0000E+00 0.0000E+00 0.0000E+00 0.0000E+00 0.0000E+00 0.0000E+00 0.0000E+00 0.0000E+00 0.0000E+00 0.0000E+00 0.0000E+00 0.0000E+00 0.0000E+00 0.0000E+00 0.0000E+00 0.0000E+00 0.0000E+00
8.0931E-11 8.1020E-11 8.1037E-11 8.0981E-11 8.0852E-11 8.0651E-11 8.0311E-11 7.9836E-11 7.9246E-11 7.8360E-11 7.7277E-11 7.5873E-11 7.4306E-11 7.2507E-11 7.0509E-11 6.8389E-11 6.5966E-11 6.3470E-11 6.0732E-11 5.4881E-11 5.2084E-11 4.3826E-11 4.1245E-11 3.8660E-11 3.6084E-11 3.1388E-11 2.9016E-11 2.4786E-11 1.8624E-11 1.5404E-11 1.1738E-11 9.2353E-12 8.2344E-12 6.1771E-12 3.1856E-12 1.9404E-12 6.7342E-13 0.0000E+00 0.0000E+00 0.0000E+00 0.0000E+00 0.0000E+00 0.0000E+00 0.0000E+00 0.0000E+00 0.0000E+00 0.0000E+00 0.0000E+00 0.0000E+00 0.0000E+00 0.0000E+00 0.0000E+00 0.0000E+00 0.0000E+00 0.0000E+00 0.0000E+00 0.0000E+00
8.5867E-11 8.5962E-11 9.2359E-11 9.2328E-11 9.5351E-11 9.5148E-11 9.4746E-11 9.4251E-11 9.3509E-11 8.9343E-11 8.8094E-11 8.3324E-11 7.8478E-11 7.6498E-11 7.4421E-11 7.2062E-11 6.9542E-11 6.6875E-11 6.3930E-11 6.0920E-11 5.7855E-11 5.4751E-11 5.1618E-11 4.5926E-11 4.2932E-11 3.5384E-11 3.2730E-11 3.0122E-11 2.5780E-11 2.3456E-11 1.9651E-11 1.4510E-11 9.9333E-12 7.6887E-12 6.7523E-12 4.9562E-12 1.4717E-12 0.0000E+00 0.0000E+00 0.0000E+00 0.0000E+00 0.0000E+00 0.0000E+00 0.0000E+00 0.0000E+00 0.0000E+00 0.0000E+00 0.0000E+00 0.0000E+00 0.0000E+00 0.0000E+00 0.0000E+00 0.0000E+00 0.0000E+00 0.0000E+00 0.0000E+00 0.0000E+00
1.0106E-10 1.0123E-10 1.0131E-10 1.0129E-10 1.0118E-10 1.0090E-10 1.0048E-10 9.9896E-11 9.9007E-11 9.7899E-11 9.6442E-11 9.4821E-11 9.2901E-11 9.0791E-11 8.8487E-11 8.5886E-11 8.3179E-11 8.0149E-11 7.6978E-11 6.4167E-11 6.0964E-11 5.7715E-11 5.4434E-11 5.1135E-11 4.7834E-11 4.4548E-11 3.9075E-11 3.6024E-11 2.9121E-11 2.6511E-11 2.3989E-11 2.0132E-11 1.6610E-11 1.2093E-11 8.1621E-12 6.1997E-12 3.1531E-12 6.9367E-13 0.0000E+00 0.0000E+00 0.0000E+00 0.0000E+00 0.0000E+00 0.0000E+00 0.0000E+00 0.0000E+00 0.0000E+00 0.0000E+00 0.0000E+00 0.0000E+00 0.0000E+00 0.0000E+00 0.0000E+00 0.0000E+00 0.0000E+00 0.0000E+00 0.0000E+00
1.0714E-10 1.0732E-10 1.0740E-10 1.0738E-10 1.0724E-10 1.0691E-10 1.0646E-10 1.0575E-10 1.0475E-10 1.0347E-10 1.0192E-10 1.0016E-10 9.8100E-11 9.5911E-11 9.3364E-11 9.0661E-11 8.7733E-11 8.4527E-11 8.1220E-11 7.7592E-11 7.3831E-11 7.0006E-11 6.6134E-11 5.9494E-11 5.0486E-11 4.7031E-11 4.3606E-11 4.0229E-11 3.6918E-11 3.1830E-11 2.8859E-11 2.2782E-11 2.0343E-11 1.6809E-11 1.2409E-11 1.0827E-11 4.1676E-12 2.8626E-12 0.0000E+00 0.0000E+00 0.0000E+00 0.0000E+00 0.0000E+00 0.0000E+00 0.0000E+00 0.0000E+00 0.0000E+00 0.0000E+00 0.0000E+00 0.0000E+00 0.0000E+00 0.0000E+00 0.0000E+00 0.0000E+00 0.0000E+00 0.0000E+00 0.0000E+00
1.2015E-10 1.2039E-10 1.2381E-10 1.2386E-10 1.2369E-10 1.2339E-10 1.2287E-10 1.2204E-10 1.2097E-10 1.1952E-10 1.1790E-10 1.1592E-10 1.1375E-10 1.1132E-10 1.0859E-10 1.0243E-10 9.5863E-11 8.9149E-11 8.5587E-11 8.1749E-11 7.7821E-11 7.3820E-11 6.9763E-11 6.5670E-11 6.1560E-11 5.7454E-11 5.3373E-11 4.2499E-11 3.9007E-11 3.5600E-11 3.2297E-11 2.9116E-11 2.4584E-11 1.9044E-11 1.6747E-11 1.2500E-11 9.8747E-12 3.7855E-12 7.1484E-13 0.0000E+00 0.0000E+00 0.0000E+00 0.0000E+00 0.0000E+00 0.0000E+00 0.0000E+00 0.0000E+00 0.0000E+00 0.0000E+00 0.0000E+00 0.0000E+00 0.0000E+00 0.0000E+00 0.0000E+00 0.0000E+00 0.0000E+00 0.0000E+00
1.3070E-10 1.3099E-10 1.3116E-10 1.3117E-10 1.3099E-10 1.3066E-10 1.3001E-10 1.2910E-10 1.2784E-10 1.2633E-10 1.2455E-10 1.2247E-10 1.2022E-10 1.1755E-10 1.1472E-10 1.1158E-10 1.0816E-10 1.0459E-10 1.0062E-10 9.6503E-11 9.2187E-11 8.4373E-11 7.6735E-11 6.9313E-11 6.4997E-11 6.0680E-11 5.6385E-11 5.2134E-11 4.7952E-11 4.3862E-11 3.4136E-11 3.0772E-11 2.7553E-11 2.4494E-11 2.0342E-11 1.5458E-11 1.2348E-11 6.5309E-12 2.9390E-12 0.0000E+00 0.0000E+00 0.0000E+00 0.0000E+00 0.0000E+00 0.0000E+00 0.0000E+00 0.0000E+00 0.0000E+00 0.0000E+00 0.0000E+00 0.0000E+00 0.0000E+00 0.0000E+00 0.0000E+00 0.0000E+00 0.0000E+00 0.0000E+00
1.3834E-10 1.3864E-10 1.3883E-10 1.3878E-10 1.3860E-10 1.3817E-10 1.3742E-10 1.4037E-10 1.3900E-10 1.3744E-10 1.3548E-10 1.3333E-10 1.2688E-10 1.2412E-10 1.2114E-10 1.1776E-10 1.1420E-10 1.1033E-10 1.0618E-10 1.0187E-10 9.7198E-11 9.2373E-11 8.7463E-11 8.2490E-11 7.7478E-11 7.2453E-11 6.2225E-11 5.5100E-11 5.0689E-11 4.6370E-11 4.2169E-11 3.8108E-11 3.4210E-11 2.5884E-11 2.2829E-11 1.8754E-11 1.5249E-11 8.7297E-12 4.6234E-12 7.2526E-13 0.0000E+00 0.0000E+00 0.0000E+00 0.0000E+00 0.0000E+00 0.0000E+00 0.0000E+00 0.0000E+00 0.0000E+00 0.0000E+00 0.0000E+00 0.0000E+00 0.0000E+00 0.0000E+00 0.0000E+00 0.0000E+00 0.0000E+00
1.5734E-10 1.5778E-10 1.5802E-10 1.5807E-10 1.5793E-10 1.5745E-10 1.5670E-10 1.5557E-10 1.5418E-10 1.5245E-10 1.5043E-10 1.4816E-10 1.4548E-10 1.4259E-10 1.3930E-10 1.3573E-10 1.3192E-10 1.2768E-10 1.2326E-10 1.1505E-10 1.0653E-10 9.7455E-11 9.2313E-11 8.7098E-11 8.1836E-11 7.6553E-11 7.1279E-11 6.6041E-11 6.0870E-11 5.1304E-11 4.4592E-11 4.0298E-11 3.6173E-11 3.2239E-11 2.8517E-11 2.1092E-11 1.7204E-11 1.1200E-11 6.6730E-12 2.1935E-12 0.0000E+00 0.0000E+00 0.0000E+00 0.0000E+00 0.0000E+00 0.0000E+00 0.0000E+00 0.0000E+00 0.0000E+00 0.0000E+00 0.0000E+00 0.0000E+00 0.0000E+00 0.0000E+00 0.0000E+00 0.0000E+00 0.0000E+00
1.6641E-10 1.6687E-10 1.6710E-10 1.6716E-10 1.6694E-10 1.7043E-10 1.6960E-10 1.6841E-10 1.6697E-10 1.6513E-10 1.6306E-10 1.6058E-10 1.5781E-10 1.5474E-10 1.5124E-10 1.4752E-10 1.4338E-10 1.3489E-10 1.3025E-10 1.2516E-10 1.1989E-10 1.1434E-10 1.0847E-10 1.0250E-10 9.3317E-11 8.4399E-11 7.5349E-11 6.9830E-11 6.4375E-11 5.9017E-11 5.3786E-11 4.8713E-11 3.8256E-11 3.4090E-11 3.0146E-11 2.6442E-11 2.1860E-11 1.1828E-11 8.6723E-12 4.7031E-12 7.0931E-13 0.0000E+00 0.0000E+00 0.0000E+00 0.0000E+00 0.0000E+00 0.0000E+00 0.0000E+00 0.0000E+00 0.0000E+00 0.0000E+00 0.0000E+00 0.0000E+00 0.0000E+00 0.0000E+00 0.0000E+00 0.0000E+00
1.7999E-10 1.8048E-10 1.8078E-10 1.8502E-10 1.8479E-10 1.8427E-10 1.8699E-10 1.8583E-10 1.8427E-10 1.8241E-10 1.8022E-10 1.7762E-10 1.7476E-10 1.7142E-10 1.6778E-10 1.6014E-10 1.5573E-10 1.5109E-10 1.4603E-10 1.3646E-10 1.3091E-10 1.2487E-10 1.1867E-10 1.1228E-10 1.0192E-10 9.5532E-11 8.9130E-11 8.2751E-11 7.3818E-11 6.2437E-11 5.6908E-11 5.1542E-11 4.6370E-11 4.1422E-11 3.5111E-11 2.7947E-11 2.3096E-11 1.8617E-11 1.3711E-11 4.9655E-12 2.1969E-12 0.0000E+00 0.0000E+00 0.0000E+00 0.0000E+00 0.0000E+00 0.0000E+00 0.0000E+00 0.0000E+00 0.0000E+00 0.0000E+00 0.0000E+00 0.0000E+00 0.0000E+00 0.0000E+00 0.0000E+00 0.0000E+00
1.9812E-10 1.9874E-10 1.9915E-10 1.9925E-10 1.9901E-10 2.0259E-10 2.0169E-10 2.0048E-10 1.9888E-10 1.9700E-10 1.9464E-10 1.9198E-10 1.8892E-10 1.8544E-10 1.8167E-10 1.7738E-10 1.7277E-10 1.6783E-10 1.6239E-10 1.5671E-10 1.4645E-10 1.4003E-10 1.3342E-10 1.2278E-10 1.1574E-10 1.0486E-10 9.7930E-11 9.1007E-11 8.0870E-11 7.4297E-11 6.7859E-11 5.9388E-11 4.9069E-11 4.3827E-11 3.8848E-11 3.4157E-11 2.8516E-11 2.1045E-11 1.4482E-11 9.5251E-12 4.6714E-12 0.0000E+00 0.0000E+00 0.0000E+00 0.0000E+00 0.0000E+00 0.0000E+00 0.0000E+00 0.0000E+00 0.0000E+00 0.0000E+00 0.0000E+00 0.0000E+00 0.0000E+00 0.0000E+00 0.0000E+00 0.0000E+00
2.1341E-10 2.1413E-10 2.1458E-10 2.1896E-10 2.1880E-10 2.1824E-10 2.1739E-10 2.1610E-10 2.1450E-10 2.1250E-10 2.1009E-10 2.0737E-10 2.0409E-10 2.0050E-10 1.9647E-10 1.9198E-10 1.8718E-10 1.8184E-10 1.7615E-10 1.7014E-10 1.6358E-10 1.5680E-10 1.4529E-10 1.3781E-10 1.3013E-10 1.2230E-10 1.1057E-10 9.9854E-11 9.2391E-11 8.1885E-11 7.4863E-11 6.5207E-11 5.8797E-11 5.2643E-11 4.3227E-11 3.6126E-11 3.0151E-11 2.6078E-11 1.8672E-11 1.0856E-11 4.9357E-12 0.0000E+00 0.0000E+00 0.0000E+00 0.0000E+00 0.0000E+00 0.0000E+00 0.0000E+00 0.0000E+00 0.0000E+00 0.0000E+00 0.0000E+00 0.0000E+00 0.0000E+00 0.0000E+00 0.0000E+00 0.0000E+00
2.2963E-10 2.3046E-10 2.3539E-10 2.3561E-10 2.3545E-10 2.3920E-10 2.3837E-10 2.3714E-10 2.3557E-10 2.3349E-10 2.3107E-10 2.2817E-10 2.2483E-10 2.2112E-10 2.1681E-10 2.1214E-10 2.0703E-10 2.0138E-10 1.9541E-10 1.8888E-10 1.8197E-10 1.7471E-10 1.6692E-10 1.5024E-10 1.4194E-10 1.3350E-10 1.2500E-10 1.1273E-10 1.0445E-10 9.6252E-11 8.4969E-11 7.4891E-11 6.5014E-11 5.8270E-11 4.9519E-11 4.3644E-11 3.6622E-11 2.7561E-11 1.9739E-11 1.4571E-11 1.0241E-11 7.5674E-13 0.0000E+00 0.0000E+00 0.0000E+00 0.0000E+00 0.0000E+00 0.0000E+00 0.0000E+00 0.0000E+00 0.0000E+00 0.0000E+00 0.0000E+00 0.0000E+00 0.0000E+00 0.0000E+00 0.0000E+00
2.5115E-10 2.5213E-10 2.5277E-10 2.5743E-10 2.5738E-10 2.5700E-10 2.5616E-10 2.5499E-10 2.5334E-10 2.5127E-10 2.5332E-10 2.5030E-10 2.4690E-10 2.4295E-10 2.3850E-10 2.3366E-10 2.2817E-10 2.1774E-10 2.1140E-10 2.0447E-10 1.9723E-10 1.8937E-10 1.8118E-10 1.7257E-10 1.5912E-10 1.4994E-10 1.4059E-10 1.3118E-10 1.1433E-10 1.0545E-10 9.6699E-11 8.5068E-11 7.6969E-11 6.6425E-11 5.7222E-11 4.8427E-11 4.2365E-11 3.3707E-11 2.3641E-11 1.5404E-11 1.0824E-11 4.7742E-12 0.0000E+00 0.0000E+00 0.0000E+00 0.0000E+00 0.0000E+00 0.0000E+00 0.0000E+00 0.0000E+00 0.0000E+00 0.0000E+00 0.0000E+00 0.0000E+00 0.0000E+00 0.0000E+00 0.0000E+00
2.6936E-10 2.7046E-10 2.7574E-10 2.7616E-10 2.7624E-10 2.8025E-10 2.7955E-10 2.7845E-10 2.7683E-10 2.7481E-10 2.7223E-10 2.6919E-10 2.7017E-10 2.6604E-10 2.6148E-10 2.5634E-10 2.5062E-10 2.4449E-10 2.3314E-10 2.2588E-10 2.1810E-10 2.0976E-10 2.0107E-10 1.9174E-10 1.8217E-10 1.6761E-10 1.5316E-10 1.4304E-10 1.3292E-10 1.1914E-10 1.0942E-10 9.6765E-11 8.4563E-11 7.6050E-11 6.5350E-11 5.7826E-11 4.6851E-11 3.7572E-11 2.8047E-11 2.0868E-11 1.3660E-11 5.8547E-12 0.0000E+00 0.0000E+00 0.0000E+00 0.0000E+00 0.0000E+00 0.0000E+00 0.0000E+00 0.0000E+00 0.0000E+00 0.0000E+00 0.0000E+00 0.0000E+00 0.0000E+00 0.0000E+00 0.0000E+00
2.9299E-10 2.9431E-10 2.9527E-10 2.9584E-10 3.0055E-10 3.0035E-10 2.9976E-10 2.9866E-10 2.9710E-10 2.9970E-10 2.9711E-10 2.9407E-10 2.9039E-10 2.9062E-10 2.8591E-10 2.8049E-10 2.7457E-10 2.6804E-10 2.6087E-10 2.5324E-10 2.4040E-10 2.2695E-10 2.1760E-10 2.0776E-10 1.9753E-10 1.8678E-10 1.7584E-10 1.6020E-10 1.4909E-10 1.3801E-10 1.1966E-10 1.0934E-10 9.9267E-11 8.6526E-11 7.4820E-11 6.3712E-11 5.3731E-11 4.5371E-11 3.2909E-11 2.4556E-11 1.6909E-11 1.0780E-11 9.4557E-13 0.0000E+00 0.0000E+00 0.0000E+00 0.0000E+00 0.0000E+00 0.0000E+00 0.0000E+00 0.0000E+00 0.0000E+00 0.0000E+00 0.0000E+00 0.0000E+00 0.0000E+00 0.0000E+00
3.1333E-10 3.1485E-10 3.1597E-10 3.2139E-10 3.2177E-10 3.2617E-10 3.2573E-10 3.2476E-10 3.2333E-10 3.2128E-10 3.1872E-10 3.2022E-10 3.1646E-10 3.1219E-10 3.0722E-10 3.0163E-10 2.9550E-10 2.8855E-10 2.8109E-10 2.7294E-10 2.6415E-10 2.5485E-10 2.4479E-10 2.2977E-10 2.1870E-10 2.0731E-10 1.9546E-10 1.8329E-10 1.6232E-10 1.5040E-10 1.3858E-10 1.2325E-10 1.1210E-10 9.8227E-11 8.4958E-11 7.2796E-11 6.4069E-11 5.2495E-11 4.1796E-11 3.1542E-11 2.1731E-11 1.2690E-11 2.1026E-12 0.0000E+00 0.0000E+00 0.0000E+00 0.0000E+00 0.0000E+00 0.0000E+00 0.0000E+00 0.0000E+00 0.0000E+00 0.0000E+00 0.0000E+00 0.0000E+00 0.0000E+00 0.0000E+00
3.3484E-10 3.4106E-10 3.4249E-10 3.4350E-10 3.4866E-10 3.4887E-10 3.4851E-10 3.4767E-10 3.5017E-10 3.5300E-10 3.5057E-10 3.4740E-10 3.4366E-10 3.3928E-10 3.3413E-10 3.2841E-10 3.2191E-10 3.1471E-10 3.1093E-10 3.0227E-10 2.9308E-10 2.8308E-10 2.6849E-10 2.5731E-10 2.4074E-10 2.2861E-10 2.1588E-10 2.0296E-10 1.8574E-10 1.6813E-10 1.5517E-10 1.4236E-10 1.2629E-10 1.1079E-10 9.6330E-11 8.5755E-11 7.3275E-11 6.0071E-11 4.9958E-11 3.7173E-11 2.7546E-11 1.7162E-11 7.9595E-12 9.8888E-13 0.0000E+00 0.0000E+00 0.0000E+00 0.0000E+00 0.0000E+00 0.0000E+00 0.0000E+00 0.0000E+00 0.0000E+00 0.0000E+00 0.0000E+00 0.0000E+00 0.0000E+00
3.6192E-10 3.6401E-10 3.6569E-10 3.7555E-10 3.7649E-10 3.7692E-10 3.7681E-10 3.7618E-10 3.7488E-10 3.7706E-10 3.7931E-10 3.7621E-10 3.7250E-10 3.6796E-10 3.6275E-10 3.5685E-10 3.5006E-10 3.4677E-10 3.3850E-10 3.2950E-10 3.1979E-10 3.0923E-10 2.9811E-10 2.8614E-10 2.7372E-10 2.6059E-10 2.3818E-10 2.2427E-10 2.0998E-10 1.9558E-10 1.7692E-10 1.5885E-10 1.4511E-10 1.2475E-10 1.1223E-10 9.7282E-11 8.3116E-11 6.8721E-11 5.7607E-11 4.5343E-11 3.2590E-11 2.3090E-11 1.3204E-11 2.2034E-12 0.0000E+00 0.0000E+00 0.0000E+00 0.0000E+00 0.0000E+00 0.0000E+00 0.0000E+00 0.0000E+00 0.0000E+00 0.0000E+00 0.0000E+00 0.0000E+00 0.0000E+00
3.8980E-10 3.9229E-10 3.9434E-10 3.9593E-10 4.0102E-10 4.0640E-10 4.0658E-10 4.0613E-10 4.0506E-10 4.0828E-10 4.1001E-10 4.0702E-10 4.0328E-10 3.9872E-10 3.9761E-10 3.9146E-10 3.8454E-10 3.7682E-10 3.7242E-10 3.6309E-10 3.5275E-10 3.4173E-10 3.2985E-10 3.1725E-10 3.0401E-10 2.8588E-10 2.7153E-10 2.5160E-10 2.3641E-10 2.1662E-10 2.0111E-10 1.8125E-10 1.6619E-10 1.4728E-10 1.2959E-10 1.1277E-10 9.7101E-11 8.2768E-11 6.8436E-11 5.2264E-11 3.8517E-11 3.0289E-11 1.7628E-11 4.7839E-12 1.0364E-12 0.0000E+00 0.0000E+00 0.0000E+00 0.0000E+00 0.0000E+00 0.0000E+00 0.0000E+00 0.0000E+00 0.0000E+00 0.0000E+00 0.0000E+00 0.0000E+00
