Assets/Resources/2015_m01_d01_1100(utc+0800)_l00_csi_1hr_conc.grd
DSAA
         159         159
     -79.000      79.000
     -79.000      79.000
  0.0000E+00  0.4056E-05
[rows 0 to 24 of 159, columns 57 to 113 of 159]
0.0000E+00 0.0000E+00 0.0000E+00 0.0000E+00 0.0000E+00 0.0000E+00 0.0000E+00 0.0000E+00 0.0000E+00 0.0000E+00 0.0000E+00 0.0000E+00 0.0000E+00 0.0000E+00 0.0000E+00 0.0000E+00 0.0000E+00 0.0000E+00 0.0000E+00 0.0000E+00 0.0000E+00 0.0000E+00 0.0000E+00 0.0000E+00 0.0000E+00 0.0000E+00 0.0000E+00 0.0000E+00 0.0000E+00 0.0000E+00 0.0000E+00 2.3276E-12 8.9019E-12 1.6224E-11 3.5877E-11 6.5786E-11 1.0242E-10 1.4367E-10 1.8707E-10 2.3054E-10 2.7997E-10 3.3273E-10 3.9483E-10 4.6558E-10 5.4282E-10 6.2934E-10 7.2629E-10 8.3429E-10 9.5262E-10 1.0810E-09 1.2195E-09 1.3688E-09 1.5285E-09 1.6979E-09 1.8760E-09 2.0629E-09 2.2572E-09
0.0000E+00 0.0000E+00 0.0000E+00 0.0000E+00 0.0000E+00 0.0000E+00 0.0000E+00 0.0000E+00 0.0000E+00 0.0000E+00 0.0000E+00 0.0000E+00 0.0000E+00 0.0000E+00 0.0000E+00 0.0000E+00 0.0000E+00 0.0000E+00 0.0000E+00 0.0000E+00 0.0000E+00 0.0000E+00 0.0000E+00 0.0000E+00 0.0000E+00 0.0000E+00 0.0000E+00 0.0000E+00 0.0000E+00 0.0000E+00 9.8489E-14 4.7726E-12 1.2136E-11 2.7051E-11 4.5714E-11 7.4878E-11 1.1434E-10 1.6073E-10 2.0872E-10 2.5492E-10 3.0458E-10 3.6507E-10 4.2971E-10 5.0307E-10 5.8727E-10 6.8156E-10 7.8491E-10 8.9881E-10 1.0236E-09 1.1597E-09 1.3075E-09 1.4659E-09 1.6349E-09 1.8140E-09 2.0024E-09 2.1983E-09 2.4018E-09
0.0000E+00 0.0000E+00 0.0000E+00 0.0000E+00 0.0000E+00 0.0000E+00 0.0000E+00 0.0000E+00 0.0000E+00 0.0000E+00 0.0000E+00 0.0000E+00 0.0000E+00 0.0000E+00 0.0000E+00 0.0000E+00 0.0000E+00 0.0000E+00 0.0000E+00 0.0000E+00 0.0000E+00 0.0000E+00 0.0000E+00 0.0000E+00 0.0000E+00 0.0000E+00 0.0000E+00 0.0000E+00 0.0000E+00 0.0000E+00 1.0619E-12 7.7414E-12 1.6344E-11 3.4957E-11 5.8494E-11 8.7519E-11 1.3149E-10 1.8233E-10 2.2895E-10 2.7965E-10 3.3406E-10 3.9502E-10 4.6628E-10 5.4667E-10 6.3549E-10 7.3469E-10 8.4503E-10 9.6724E-10 1.1010E-09 1.2461E-09 1.4023E-09 1.5697E-09 1.7478E-09 1.9355E-09 2.1328E-09 2.3385E-09 2.5509E-09
0.0000E+00 0.0000E+00 0.0000E+00 0.0000E+00 0.0000E+00 0.0000E+00 0.0000E+00 0.0000E+00 0.0000E+00 0.0000E+00 0.0000E+00 0.0000E+00 0.0000E+00 0.0000E+00 0.0000E+00 0.0000E+00 0.0000E+00 0.0000E+00 0.0000E+00 0.0000E+00 0.0000E+00 0.0000E+00 0.0000E+00 0.0000E+00 0.0000E+00 0.0000E+00 0.0000E+00 0.0000E+00 0.0000E+00 0.0000E+00 3.3126E-12 1.1253E-11 2.1010E-11 4.7563E-11 7.4193E-11 1.0254E-10 1.4951E-10 1.9956E-10 2.5342E-10 3.0597E-10 3.6535E-10 4.3378E-10 5.0900E-10 5.9396E-10 6.9023E-10 7.9806E-10 9.1652E-10 1.0463E-09 1.1876E-09 1.3408E-09 1.5060E-09 1.6824E-09 1.8699E-09 2.0678E-09 2.2746E-09 2.4895E-09 2.7112E-09
0.0000E+00 0.0000E+00 0.0000E+00 0.0000E+00 0.0000E+00 0.0000E+00 0.0000E+00 0.0000E+00 0.0000E+00 0.0000E+00 0.0000E+00 0.0000E+00 0.0000E+00 0.0000E+00 0.0000E+00 0.0000E+00 0.0000E+00 0.0000E+00 0.0000E+00 0.0000E+00 0.0000E+00 0.0000E+00 0.0000E+00 0.0000E+00 0.0000E+00 0.0000E+00 0.0000E+00 0.0000E+00 0.0000E+00 6.8601E-13 5.6802E-12 1.5788E-11 3.0522E-11 5.5136E-11 8.4945E-11 1.1537E-10 1.6778E-10 2.2294E-10 2.7648E-10 3.3577E-10 3.9828E-10 4.6958E-10 5.5184E-10 6.4468E-10 7.4753E-10 8.6101E-10 9.8663E-10 1.1246E-09 1.2753E-09 1.4384E-09 1.6133E-09 1.7995E-09 1.9965E-09 2.2036E-09 2.4197E-09 2.6436E-09 2.8736E-09
0.0000E+00 0.0000E+00 0.0000E+00 0.0000E+00 0.0000E+00 0.0000E+00 0.0000E+00 0.0000E+00 0.0000E+00 0.0000E+00 0.0000E+00 0.0000E+00 0.0000E+00 0.0000E+00 0.0000E+00 0.0000E+00 0.0000E+00 0.0000E+00 0.0000E+00 0.0000E+00 0.0000E+00 0.0000E+00 0.0000E+00 0.0000E+00 0.0000E+00 0.0000E+00 0.0000E+00 0.0000E+00 0.0000E+00 2.1432E-12 9.2283E-12 2.0852E-11 3.8925E-11 6.8409E-11 9.7198E-11 1.3398E-10 1.8989E-10 2.4364E-10 3.0395E-10 3.6549E-10 4.3518E-10 5.1444E-10 6.0252E-10 7.0069E-10 8.1086E-10 9.3371E-10 1.0688E-09 1.2161E-09 1.3753E-09 1.5469E-09 1.7307E-09 1.9262E-09 2.1326E-09 2.3489E-09 2.5741E-09 2.8069E-09 3.0456E-09
0.0000E+00 0.0000E+00 0.0000E+00 0.0000E+00 0.0000E+00 0.0000E+00 0.0000E+00 0.0000E+00 0.0000E+00 0.0000E+00 0.0000E+00 0.0000E+00 0.0000E+00 0.0000E+00 0.0000E+00 0.0000E+00 0.0000E+00 0.0000E+00 0.0000E+00 0.0000E+00 0.0000E+00 0.0000E+00 0.0000E+00 0.0000E+00 0.0000E+00 0.0000E+00 0.0000E+00 0.0000E+00 0.0000E+00 4.4439E-12 1.3441E-11 2.7485E-11 5.2276E-11 8.6505E-11 1.1483E-10 1.5434E-10 2.0902E-10 2.6892E-10 3.3123E-10 4.0009E-10 4.7427E-10 5.5763E-10 6.5239E-10 7.5995E-10 8.7855E-10 1.0085E-09 1.1510E-09 1.3065E-09 1.4752E-09 1.6574E-09 1.8515E-09 2.0574E-09 2.2738E-09 2.4999E-09 2.7344E-09 2.9755E-09 3.2220E-09
0.0000E+00 0.0000E+00 0.0000E+00 0.0000E+00 0.0000E+00 0.0000E+00 0.0000E+00 0.0000E+00 0.0000E+00 0.0000E+00 0.0000E+00 0.0000E+00 0.0000E+00 0.0000E+00 0.0000E+00 0.0000E+00 0.0000E+00 0.0000E+00 0.0000E+00 0.0000E+00 0.0000E+00 0.0000E+00 0.0000E+00 0.0000E+00 0.0000E+00 0.0000E+00 0.0000E+00 0.0000E+00 1.3468E-12 7.4530E-12 1.9203E-11 3.5504E-11 6.3978E-11 1.0046E-10 1.3014E-10 1.7142E-10 2.3148E-10 2.9418E-10 3.6268E-10 4.3452E-10 5.1542E-10 6.0809E-10 7.1054E-10 8.2392E-10 9.4971E-10 1.0894E-09 1.2427E-09 1.4091E-09 1.5879E-09 1.7791E-09 1.9826E-09 2.1977E-09 2.4235E-09 2.6587E-09 2.9019E-09 3.1514E-09 3.4055E-09
0.0000E+00 0.0000E+00 0.0000E+00 0.0000E+00 0.0000E+00 0.0000E+00 0.0000E+00 0.0000E+00 0.0000E+00 0.0000E+00 0.0000E+00 0.0000E+00 0.0000E+00 0.0000E+00 0.0000E+00 0.0000E+00 0.0000E+00 0.0000E+00 0.0000E+00 0.0000E+00 0.0000E+00 0.0000E+00 0.0000E+00 0.0000E+00 0.0000E+00 0.0000E+00 0.0000E+00 0.0000E+00 2.6427E-12 1.1516E-11 2.5813E-11 4.3368E-11 7.9105E-11 1.1358E-10 1.4734E-10 1.9413E-10 2.5457E-10 3.2100E-10 3.9413E-10 4.7461E-10 5.6190E-10 6.5907E-10 7.6821E-10 8.9223E-10 1.0287E-09 1.1769E-09 1.3385E-09 1.5135E-09 1.7020E-09 1.9043E-09 2.1189E-09 2.3448E-09 2.5807E-09 2.8254E-09 3.0774E-09 3.3347E-09 3.5956E-09
0.0000E+00 0.0000E+00 0.0000E+00 0.0000E+00 0.0000E+00 0.0000E+00 0.0000E+00 0.0000E+00 0.0000E+00 0.0000E+00 0.0000E+00 0.0000E+00 0.0000E+00 0.0000E+00 0.0000E+00 0.0000E+00 0.0000E+00 0.0000E+00 0.0000E+00 0.0000E+00 0.0000E+00 0.0000E+00 0.0000E+00 0.0000E+00 0.0000E+00 0.0000E+00 0.0000E+00 0.0000E+00 3.6378E-12 1.5208E-11 3.1766E-11 5.4825E-11 9.8837E-11 1.3239E-10 1.6738E-10 2.1593E-10 2.7866E-10 3.5018E-10 4.3063E-10 5.1510E-10 6.0815E-10 7.1592E-10 8.3459E-10 9.6515E-10 1.1092E-09 1.2682E-09 1.4420E-09 1.6291E-09 1.8292E-09 2.0418E-09 2.2660E-09 2.5014E-09 2.7467E-09 3.0003E-09 3.2605E-09 3.5256E-09 3.7931E-09
0.0000E+00 0.0000E+00 0.0000E+00 0.0000E+00 0.0000E+00 0.0000E+00 0.0000E+00 0.0000E+00 0.0000E+00 0.0000E+00 0.0000E+00 0.0000E+00 0.0000E+00 0.0000E+00 0.0000E+00 0.0000E+00 0.0000E+00 0.0000E+00 0.0000E+00 0.0000E+00 0.0000E+00 0.0000E+00 0.0000E+00 0.0000E+00 0.0000E+00 0.0000E+00 0.0000E+00 0.0000E+00 8.2869E-12 2.1777E-11 4.0628E-11 6.9788E-11 1.1424E-10 1.4764E-10 1.8494E-10 2.3829E-10 3.0542E-10 3.8167E-10 4.6527E-10 5.6013E-10 6.6243E-10 7.7541E-10 9.0158E-10 1.0446E-09 1.2011E-09 1.3701E-09 1.5528E-09 1.7495E-09 1.9597E-09 2.1827E-09 2.4186E-09 2.6651E-09 2.9204E-09 3.1833E-09 3.4516E-09 3.7234E-09 3.9965E-09
0.0000E+00 0.0000E+00 0.0000E+00 0.0000E+00 0.0000E+00 0.0000E+00 0.0000E+00 0.0000E+00 0.0000E+00 0.0000E+00 0.0000E+00 0.0000E+00 0.0000E+00 0.0000E+00 0.0000E+00 0.0000E+00 0.0000E+00 0.0000E+00 0.0000E+00 0.0000E+00 0.0000E+00 0.0000E+00 0.0000E+00 0.0000E+00 0.0000E+00 0.0000E+00 0.0000E+00 8.9540E-13 1.1893E-11 2.8685E-11 4.8451E-11 8.2645E-11 1.2663E-10 1.6550E-10 2.0684E-10 2.6373E-10 3.3226E-10 4.1330E-10 5.0758E-10 6.0660E-10 7.1629E-10 8.4197E-10 9.7935E-10 1.1298E-09 1.2943E-09 1.4746E-09 1.6711E-09 1.8812E-09 2.1042E-09 2.3398E-09 2.5864E-09 2.8426E-09 3.1074E-09 3.3788E-09 3.6549E-09 3.9333E-09 4.2116E-09
0.0000E+00 0.0000E+00 0.0000E+00 0.0000E+00 0.0000E+00 0.0000E+00 0.0000E+00 0.0000E+00 0.0000E+00 0.0000E+00 0.0000E+00 0.0000E+00 0.0000E+00 0.0000E+00 0.0000E+00 0.0000E+00 0.0000E+00 0.0000E+00 0.0000E+00 0.0000E+00 0.0000E+00 0.0000E+00 0.0000E+00 0.0000E+00 0.0000E+00 0.0000E+00 0.0000E+00 2.5987E-12 1.6420E-11 3.4582E-11 5.7650E-11 1.0071E-10 1.4553E-10 1.8353E-10 2.3070E-10 2.8746E-10 3.6327E-10 4.4955E-10 5.4694E-10 6.6015E-10 7.8074E-10 9.1161E-10 1.0580E-09 1.2227E-09 1.4021E-09 1.5949E-09 1.8011E-09 2.0217E-09 2.2557E-09 2.5019E-09 2.7593E-09 3.0259E-09 3.3006E-09 3.5806E-09 3.8641E-09 4.1485E-09 4.4316E-09
0.0000E+00 0.0000E+00 0.0000E+00 0.0000E+00 0.0000E+00 0.0000E+00 0.0000E+00 0.0000E+00 0.0000E+00 0.0000E+00 0.0000E+00 0.0000E+00 0.0000E+00 0.0000E+00 0.0000E+00 0.0000E+00 0.0000E+00 0.0000E+00 0.0000E+00 0.0000E+00 0.0000E+00 0.0000E+00 0.0000E+00 0.0000E+00 0.0000E+00 0.0000E+00 0.0000E+00 5.7687E-12 2.5122E-11 4.4711E-11 7.0971E-11 1.1842E-10 1.6139E-10 2.0469E-10 2.5121E-10 3.1676E-10 3.9350E-10 4.8831E-10 5.9718E-10 7.1386E-10 8.4365E-10 9.9023E-10 1.1493E-09 1.3221E-09 1.5102E-09 1.7144E-09 1.9352E-09 2.1699E-09 2.4172E-09 2.6763E-09 2.9455E-09 3.2231E-09 3.5070E-09 3.7953E-09 4.0854E-09 4.3749E-09 4.6611E-09
0.0000E+00 0.0000E+00 0.0000E+00 0.0000E+00 0.0000E+00 0.0000E+00 0.0000E+00 0.0000E+00 0.0000E+00 0.0000E+00 0.0000E+00 0.0000E+00 0.0000E+00 0.0000E+00 0.0000E+00 0.0000E+00 0.0000E+00 0.0000E+00 0.0000E+00 0.0000E+00 0.0000E+00 0.0000E+00 0.0000E+00 0.0000E+00 0.0000E+00 0.0000E+00 4.6530E-13 1.1015E-11 3.1577E-11 5.3041E-11 8.2876E-11 1.3181E-10 1.7804E-10 2.2208E-10 2.7851E-10 3.4407E-10 4.3193E-10 5.3050E-10 6.4373E-10 7.7688E-10 9.1848E-10 1.0718E-09 1.2411E-09 1.4291E-09 1.6331E-09 1.8518E-09 2.0843E-09 2.3311E-09 2.5908E-09 2.8617E-09 3.1423E-09 3.4302E-09 3.7236E-09 4.0199E-09 4.3166E-09 4.6110E-09 4.9003E-09
0.0000E+00 0.0000E+00 0.0000E+00 0.0000E+00 0.0000E+00 0.0000E+00 0.0000E+00 0.0000E+00 0.0000E+00 0.0000E+00 0.0000E+00 0.0000E+00 0.0000E+00 0.0000E+00 0.0000E+00 0.0000E+00 0.0000E+00 0.0000E+00 0.0000E+00 0.0000E+00 0.0000E+00 0.0000E+00 0.0000E+00 0.0000E+00 0.0000E+00 0.0000E+00 1.7321E-12 1.6120E-11 3.8750E-11 6.1896E-11 9.8232E-11 1.5134E-10 1.9485E-10 2.4614E-10 3.0308E-10 3.8065E-10 4.6729E-10 5.7783E-10 7.0232E-10 8.3976E-10 9.9216E-10 1.1613E-09 1.3445E-09 1.5423E-09 1.7574E-09 1.9888E-09 2.2363E-09 2.4979E-09 2.7712E-09 3.0554E-09 3.3479E-09 3.6468E-09 3.9492E-09 4.2530E-09 4.5551E-09 4.8528E-09 5.1435E-09
0.0000E+00 0.0000E+00 0.0000E+00 0.0000E+00 0.0000E+00 0.0000E+00 0.0000E+00 0.0000E+00 0.0000E+00 0.0000E+00 0.0000E+00 0.0000E+00 0.0000E+00 0.0000E+00 0.0000E+00 0.0000E+00 0.0000E+00 0.0000E+00 0.0000E+00 0.0000E+00 0.0000E+00 0.0000E+00 0.0000E+00 0.0000E+00 0.0000E+00 0.0000E+00 3.8753E-12 2.2257E-11 4.9094E-11 7.3319E-11 1.1631E-10 1.6641E-10 2.1555E-10 2.6903E-10 3.3637E-10 4.1387E-10 5.1471E-10 6.2785E-10 7.5877E-10 9.1132E-10 1.0749E-09 1.2527E-09 1.4474E-09 1.6615E-09 1.8927E-09 2.1395E-09 2.4009E-09 2.6760E-09 2.9630E-09 3.2599E-09 3.5640E-09 3.8732E-09 4.1847E-09 4.4955E-09 4.8029E-09 5.1041E-09 5.3957E-09
0.0000E+00 0.0000E+00 0.0000E+00 0.0000E+00 0.0000E+00 0.0000E+00 0.0000E+00 0.0000E+00 0.0000E+00 0.0000E+00 0.0000E+00 0.0000E+00 0.0000E+00 0.0000E+00 0.0000E+00 0.0000E+00 0.0000E+00 0.0000E+00 0.0000E+00 0.0000E+00 0.0000E+00 0.0000E+00 0.0000E+00 0.0000E+00 0.0000E+00 1.6124E-13 7.3005E-12 3.2807E-11 5.7263E-11 8.4086E-11 1.3046E-10 1.8591E-10 2.3632E-10 2.9683E-10 3.6859E-10 4.5855E-10 5.5878E-10 6.8432E-10 8.2516E-10 9.8429E-10 1.1621E-09 1.3574E-09 1.5681E-09 1.7945E-09 2.0393E-09 2.3008E-09 2.5776E-09 2.8681E-09 3.1698E-09 3.4803E-09 3.7970E-09 4.1167E-09 4.4368E-09 4.7541E-09 5.0652E-09 5.3677E-09 5.6582E-09
0.0000E+00 0.0000E+00 0.0000E+00 0.0000E+00 0.0000E+00 0.0000E+00 0.0000E+00 0.0000E+00 0.0000E+00 0.0000E+00 0.0000E+00 0.0000E+00 0.0000E+00 0.0000E+00 0.0000E+00 0.0000E+00 0.0000E+00 0.0000E+00 0.0000E+00 0.0000E+00 0.0000E+00 0.0000E+00 0.0000E+00 0.0000E+00 0.0000E+00 9.2941E-13 1.1687E-11 3.8463E-11 6.2979E-11 9.6050E-11 1.4937E-10 2.0360E-10 2.6004E-10 3.2883E-10 4.0699E-10 4.9918E-10 6.1330E-10 7.4224E-10 8.9373E-10 1.0668E-09 1.2555E-09 1.4621E-09 1.6867E-09 1.9302E-09 2.1919E-09 2.4695E-09 2.7626E-09 3.0685E-09 3.3847E-09 3.7086E-09 4.0370E-09 4.3672E-09 4.6956E-09 5.0187E-09 5.3335E-09 5.6368E-09 5.9252E-09
0.0000E+00 0.0000E+00 0.0000E+00 0.0000E+00 0.0000E+00 0.0000E+00 0.0000E+00 0.0000E+00 0.0000E+00 0.0000E+00 0.0000E+00 0.0000E+00 0.0000E+00 0.0000E+00 0.0000E+00 0.0000E+00 0.0000E+00 0.0000E+00 0.0000E+00 0.0000E+00 0.0000E+00 0.0000E+00 0.0000E+00 0.0000E+00 0.0000E+00 2.6639E-12 1.5591E-11 4.5991E-11 7.4227E-11 1.0754E-10 1.6351E-10 2.2510E-10 2.9017E-10 3.5996E-10 4.4768E-10 5.4903E-10 6.6687E-10 8.0818E-10 9.6892E-10 1.1516E-09 1.3559E-09 1.5807E-09 1.8222E-09 2.0810E-09 2.3584E-09 2.6527E-09 2.9622E-09 3.2835E-09 3.6148E-09 3.9526E-09 4.2934E-09 4.6335E-09 4.9698E-09 5.2983E-09 5.6154E-09 5.9183E-09 6.2033E-09
0.0000E+00 0.0000E+00 0.0000E+00 0.0000E+00 0.0000E+00 0.0000E+00 0.0000E+00 0.0000E+00 0.0000E+00 0.0000E+00 0.0000E+00 0.0000E+00 0.0000E+00 0.0000E+00 0.0000E+00 0.0000E+00 0.0000E+00 0.0000E+00 0.0000E+00 0.0000E+00 0.0000E+00 0.0000E+00 0.0000E+00 0.0000E+00 0.0000E+00 5.8605E-12 2.1555E-11 5.5060E-11 8.2603E-11 1.2533E-10 1.8521E-10 2.5170E-10 3.1570E-10 3.9862E-10 4.8936E-10 5.9978E-10 7.2948E-10 8.7728E-10 1.0498E-09 1.2462E-09 1.4626E-09 1.7007E-09 1.9585E-09 2.2356E-09 2.5309E-09 2.8421E-09 3.1685E-09 3.5071E-09 3.8541E-09 4.2058E-09 4.5585E-09 4.9087E-09 5.2519E-09 5.5846E-09 5.9037E-09 6.2046E-09 6.4847E-09
0.0000E+00 0.0000E+00 0.0000E+00 0.0000E+00 0.0000E+00 0.0000E+00 0.0000E+00 0.0000E+00 0.0000E+00 0.0000E+00 0.0000E+00 0.0000E+00 0.0000E+00 0.0000E+00 0.0000E+00 0.0000E+00 0.0000E+00 0.0000E+00 0.0000E+00 0.0000E+00 0.0000E+00 0.0000E+00 0.0000E+00 0.0000E+00 0.0000E+00 9.8671E-12 2.5916E-11 6.0596E-11 9.3487E-11 1.4432E-10 2.0684E-10 2.7367E-10 3.5097E-10 4.3424E-10 5.3792E-10 6.5513E-10 7.9335E-10 9.5421E-10 1.1367E-09 1.3449E-09 1.5779E-09 1.8339E-09 2.1100E-09 2.4053E-09 2.7193E-09 3.0494E-09 3.3940E-09 3.7487E-09 4.1110E-09 4.4766E-09 4.8411E-09 5.2003E-09 5.5506E-09 5.8871E-09 6.2057E-09 6.5038E-09 6.7778E-09
0.0000E+00 0.0000E+00 0.0000E+00 0.0000E+00 0.0000E+00 0.0000E+00 0.0000E+00 0.0000E+00 0.0000E+00 0.0000E+00 0.0000E+00 0.0000E+00 0.0000E+00 0.0000E+00 0.0000E+00 0.0000E+00 0.0000E+00 0.0000E+00 0.0000E+00 0.0000E+00 0.0000E+00 0.0000E+00 0.0000E+00 0.0000E+00 2.8058E-13 1.4229E-11 3.0313E-11 6.8713E-11 1.0873E-10 1.5785E-10 2.2758E-10 3.0435E-10 3.8108E-10 4.7799E-10 5.8585E-10 7.1484E-10 8.6401E-10 1.0352E-09 1.2311E-09 1.4532E-09 1.7001E-09 1.9718E-09 2.2668E-09 2.5816E-09 2.9139E-09 3.2626E-09 3.6247E-09 3.9970E-09 4.3752E-09 4.7546E-09 5.1310E-09 5.4995E-09 5.8552E-09 6.1939E-09 6.5129E-09 6.8062E-09 7.0720E-09
0.0000E+00 0.0000E+00 0.0000E+00 0.0000E+00 0.0000E+00 0.0000E+00 0.0000E+00 0.0000E+00 0.0000E+00 0.0000E+00 0.0000E+00 0.0000E+00 0.0000E+00 0.0000E+00 0.0000E+00 0.0000E+00 0.0000E+00 0.0000E+00 0.0000E+00 0.0000E+00 0.0000E+00 0.0000E+00 0.0000E+00 0.0000E+00 1.2048E-12 1.9075E-11 3.6106E-11 7.8836E-11 1.2332E-10 1.8164E-10 2.5368E-10 3.2965E-10 4.2037E-10 5.1973E-10 6.4056E-10 7.7786E-10 9.3897E-10 1.1233E-09 1.3311E-09 1.5666E-09 1.8303E-09 2.1190E-09 2.4320E-09 2.7665E-09 3.1194E-09 3.4882E-09 3.8695E-09 4.2595E-09 4.6537E-09 5.0471E-09 5.4345E-09 5.8111E-09 6.1725E-09 6.5130E-09 6.8285E-09 7.1163E-09 7.3733E-09
0.0000E+00 0.0000E+00 0.0000E+00 0.0000E+00 0.0000E+00 0.0000E+00 0.0000E+00 0.0000E+00 0.0000E+00 0.0000E+00 0.0000E+00 0.0000E+00 0.0000E+00 0.0000E+00 0.0000E+00 0.0000E+00 0.0000E+00 0.0000E+00 0.0000E+00 0.0000E+00 0.0000E+00 0.0000E+00 0.0000E+00 0.0000E+00 2.6500E-12 2.4770E-11 3.8132E-11 9.2267E-11 1.3462E-10 2.0358E-10 2.7485E-10 3.6256E-10 4.5603E-10 5.6837E-10 6.9608E-10 8.4606E-10 1.0175E-09 1.2153E-09 1.4405E-09 1.6917E-09 1.9712E-09 2.2789E-09 2.6122E-09 2.9680E-09 3.3422E-09 3.7313E-09 4.1316E-09 4.5391E-09 4.9490E-09 5.3559E-09 5.7543E-09 6.1384E-09 6.5030E-09 6.8434E-09 7.1566E-09 7.4364E-09 7.6811E-09
