Assets/Resources/2015_m01_d07_1100(utc+0800)_l00_csi_1hr_conc.grd
DSAA
         159         159
     -79.000      79.000
     -79.000      79.000
  0.0000E+00  0.3078E-05
[rows 25 to 49 of 159, columns 57 to 113 of 159]
5.6500E-10 6.2421E-10 6.8270E-10 7.4962E-10 8.1468E-10 8.8408E-10 9.6498E-10 1.0516E-09 1.1528E-09 1.2622E-09 1.3645E-09 1.4725E-09 1.5872E-09 1.7086E-09 1.8359E-09 1.9705E-09 2.1120E-09 2.2600E-09 2.4152E-09 2.5775E-09 2.7458E-09 2.9240E-09 3.1083E-09 3.2972E-09 3.5029E-09 3.7385E-09 3.9905E-09 4.2801E-09 4.5879E-09 4.9270E-09 5.3195E-09 5.8062E-09 6.3955E-09 7.0828E-09 8.0970E-09 8.9928E-09 9.8539E-09 1.0616E-08 1.1257E-08 1.1760E-08 1.2095E-08 1.2291E-08 1.2414E-08 1.2376E-08 1.2244E-08 1.2036E-08 1.1766E-08 1.1454E-08 1.1113E-08 1.0754E-08 1.0383E-08 1.0007E-08 9.6308E-09 9.2582E-09 8.8922E-09 8.5349E-09 8.1879E-09
5.6234E-10 6.1554E-10 6.7649E-10 7.4619E-10 8.1114E-10 8.8663E-10 9.6766E-10 1.0626E-09 1.1652E-09 1.2621E-09 1.3647E-09 1.4739E-09 1.5898E-09 1.7124E-09 1.8410E-09 1.9772E-09 2.1198E-09 2.2699E-09 2.4273E-09 2.5913E-09 2.7663E-09 2.9456E-09 3.1307E-09 3.3249E-09 3.5370E-09 3.7749E-09 4.0341E-09 4.3264E-09 4.6416E-09 4.9898E-09 5.4216E-09 5.9347E-09 6.5467E-09 7.3596E-09 8.4022E-09 9.3825E-09 1.0298E-08 1.1107E-08 1.1776E-08 1.2288E-08 1.2620E-08 1.2865E-08 1.2920E-08 1.2858E-08 1.2705E-08 1.2471E-08 1.2174E-08 1.1835E-08 1.1469E-08 1.1084E-08 1.0690E-08 1.0292E-08 9.8950E-09 9.5031E-09 9.1177E-09 8.7423E-09 8.3795E-09
5.5878E-10 6.1167E-10 6.7226E-10 7.4156E-10 8.0628E-10 8.8178E-10 9.6287E-10 1.0585E-09 1.1620E-09 1.2592E-09 1.3627E-09 1.4728E-09 1.5890E-09 1.7124E-09 1.8428E-09 1.9804E-09 2.1245E-09 2.2764E-09 2.4352E-09 2.6053E-09 2.7795E-09 2.9610E-09 3.1524E-09 3.3494E-09 3.5658E-09 3.8062E-09 4.0686E-09 4.3664E-09 4.6929E-09 5.0494E-09 5.5016E-09 6.0481E-09 6.7142E-09 7.6334E-09 8.7131E-09 9.7753E-09 1.0754E-08 1.1616E-08 1.2317E-08 1.2836E-08 1.3165E-08 1.3397E-08 1.3434E-08 1.3348E-08 1.3165E-08 1.2904E-08 1.2580E-08 1.2214E-08 1.1821E-08 1.1411E-08 1.0993E-08 1.0572E-08 1.0154E-08 9.7427E-09 9.3409E-09 8.9507E-09 8.5734E-09
5.5436E-10 6.0398E-10 6.6048E-10 7.3574E-10 8.0012E-10 8.7550E-10 9.5652E-10 1.0527E-09 1.1569E-09 1.2543E-09 1.3580E-09 1.4684E-09 1.5857E-09 1.7100E-09 1.8415E-09 1.9794E-09 2.1253E-09 2.2793E-09 2.4430E-09 2.6118E-09 2.7878E-09 2.9755E-09 3.1688E-09 3.3703E-09 3.5863E-09 3.8303E-09 4.0993E-09 4.4046E-09 4.7455E-09 5.1023E-09 5.5759E-09 6.1602E-09 6.9015E-09 7.9096E-09 9.0377E-09 1.0188E-08 1.1232E-08 1.2137E-08 1.2868E-08 1.3386E-08 1.3706E-08 1.3935E-08 1.3953E-08 1.3841E-08 1.3631E-08 1.3342E-08 1.2990E-08 1.2596E-08 1.2175E-08 1.1739E-08 1.1297E-08 1.0853E-08 1.0414E-08 9.9833E-09 9.5635E-09 9.1568E-09 8.7644E-09
5.4907E-10 5.9828E-10 6.5426E-10 7.2213E-10 7.9268E-10 8.6781E-10 9.6240E-10 1.0452E-09 1.1499E-09 1.2473E-09 1.3511E-09 1.4617E-09 1.5792E-09 1.7039E-09 1.8360E-09 1.9755E-09 2.1226E-09 2.2806E-09 2.4433E-09 2.6147E-09 2.7960E-09 2.9853E-09 3.1810E-09 3.3820E-09 3.6020E-09 3.8531E-09 4.1242E-09 4.4366E-09 4.7819E-09 5.1680E-09 5.6420E-09 6.2715E-09 7.0600E-09 8.1896E-09 9.3709E-09 1.0605E-08 1.1725E-08 1.2665E-08 1.3421E-08 1.3944E-08 1.4288E-08 1.4484E-08 1.4484E-08 1.4346E-08 1.4108E-08 1.3791E-08 1.3410E-08 1.2987E-08 1.2539E-08 1.2077E-08 1.1610E-08 1.1143E-08 1.0683E-08 1.0232E-08 9.7930E-09 9.3671E-09 8.9594E-09
5.4295E-10 5.9167E-10 6.4381E-10 7.1412E-10 7.8399E-10 8.5874E-10 9.5357E-10 1.0502E-09 1.1411E-09 1.2383E-09 1.3421E-09 1.4526E-09 1.5703E-09 1.6952E-09 1.8275E-09 1.9674E-09 2.1193E-09 2.2754E-09 2.4409E-09 2.6154E-09 2.7998E-09 2.9889E-09 3.1857E-09 3.3919E-09 3.6061E-09 3.8689E-09 4.1443E-09 4.4573E-09 4.8071E-09 5.2333E-09 5.7261E-09 6.3786E-09 7.2137E-09 8.4428E-09 9.7211E-09 1.1030E-08 1.2220E-08 1.3208E-08 1.3986E-08 1.4517E-08 1.4886E-08 1.5035E-08 1.5014E-08 1.4849E-08 1.4583E-08 1.4236E-08 1.3826E-08 1.3374E-08 1.2899E-08 1.2410E-08 1.1917E-08 1.1428E-08 1.0946E-08 1.0475E-08 1.0019E-08 9.5793E-09 9.1563E-09
5.3603E-10 5.8416E-10 6.3570E-10 6.9451E-10 7.7251E-10 8.5427E-10 9.4322E-10 1.0399E-09 1.1304E-09 1.2273E-09 1.3308E-09 1.4412E-09 1.5588E-09 1.6837E-09 1.8161E-09 1.9563E-09 2.1091E-09 2.2658E-09 2.4356E-09 2.6135E-09 2.7961E-09 2.9861E-09 3.1888E-09 3.3973E-09 3.6160E-09 3.8776E-09 4.1548E-09 4.4713E-09 4.8316E-09 5.2766E-09 5.8250E-09 6.4758E-09 7.3907E-09 8.7032E-09 1.0075E-08 1.1469E-08 1.2723E-08 1.3754E-08 1.4548E-08 1.5088E-08 1.5456E-08 1.5591E-08 1.5550E-08 1.5358E-08 1.5067E-08 1.4690E-08 1.4251E-08 1.3770E-08 1.3266E-08 1.2751E-08 1.2232E-08 1.1717E-08 1.1213E-08 1.0723E-08 1.0248E-08 9.7889E-09 9.3508E-09
5.2832E-10 5.7581E-10 6.2665E-10 6.8463E-10 7.6170E-10 8.4264E-10 9.3139E-10 1.0280E-09 1.1180E-09 1.2144E-09 1.3175E-09 1.4275E-09 1.5448E-09 1.6695E-09 1.8018E-09 1.9467E-09 2.0956E-09 2.2574E-09 2.4280E-09 2.6031E-09 2.7872E-09 2.9837E-09 3.1872E-09 3.3992E-09 3.6159E-09 3.8793E-09 4.1641E-09 4.4857E-09 4.8341E-09 5.3072E-09 5.8839E-09 6.5934E-09 7.5988E-09 8.9681E-09 1.0428E-08 1.1906E-08 1.3228E-08 1.4306E-08 1.5116E-08 1.5660E-08 1.6031E-08 1.6149E-08 1.6088E-08 1.5870E-08 1.5546E-08 1.5140E-08 1.4671E-08 1.4161E-08 1.3628E-08 1.3086E-08 1.2544E-08 1.2007E-08 1.1482E-08 1.0973E-08 1.0480E-08 1.0007E-08 9.5527E-09
5.1987E-10 5.6664E-10 6.1671E-10 6.7023E-10 7.4603E-10 8.2973E-10 9.1811E-10 1.0144E-09 1.1037E-09 1.1995E-09 1.3020E-09 1.4115E-09 1.5283E-09 1.6526E-09 1.7847E-09 1.9300E-09 2.0789E-09 2.2461E-09 2.4132E-09 2.5900E-09 2.7785E-09 2.9760E-09 3.1800E-09 3.3916E-09 3.6130E-09 3.8842E-09 4.1654E-09 4.4863E-09 4.8388E-09 5.3376E-09 5.9527E-09 6.6906E-09 7.7809E-09 9.2343E-09 1.0788E-08 1.2357E-08 1.3734E-08 1.4852E-08 1.5673E-08 1.6261E-08 1.6599E-08 1.6705E-08 1.6625E-08 1.6381E-08 1.6028E-08 1.5592E-08 1.5094E-08 1.4554E-08 1.3994E-08 1.3425E-08 1.2858E-08 1.2298E-08 1.1750E-08 1.1219E-08 1.0709E-08 1.0220E-08 9.7511E-09
5.1071E-10 5.5668E-10 6.0592E-10 6.5854E-10 7.2509E-10 8.2077E-10 9.0343E-10 9.9927E-10 1.0878E-09 1.1827E-09 1.2845E-09 1.3933E-09 1.5094E-09 1.6332E-09 1.7700E-09 1.9104E-09 2.0644E-09 2.2276E-09 2.3950E-09 2.5763E-09 2.7667E-09 2.9623E-09 3.1667E-09 3.3843E-09 3.6107E-09 3.8758E-09 4.1593E-09 4.4856E-09 4.8616E-09 5.3596E-09 6.0145E-09 6.8084E-09 7.9747E-09 9.5093E-09 1.1145E-08 1.2801E-08 1.4234E-08 1.5391E-08 1.6233E-08 1.6876E-08 1.7172E-08 1.7260E-08 1.7161E-08 1.6892E-08 1.6511E-08 1.6045E-08 1.5517E-08 1.4949E-08 1.4360E-08 1.3765E-08 1.3173E-08 1.2590E-08 1.2023E-08 1.1474E-08 1.0945E-08 1.0437E-08 9.9534E-09
5.0088E-10 5.4600E-10 5.9433E-10 6.4597E-10 7.0743E-10 8.0602E-10 9.0125E-10 9.8259E-10 1.0701E-09 1.1641E-09 1.2649E-09 1.3729E-09 1.4882E-09 1.6111E-09 1.7479E-09 1.8878E-09 2.0473E-09 2.2059E-09 2.3785E-09 2.5606E-09 2.7477E-09 2.9439E-09 3.1567E-09 3.3736E-09 3.5979E-09 3.8659E-09 4.1438E-09 4.4766E-09 4.8675E-09 5.3801E-09 6.0716E-09 6.9060E-09 8.1421E-09 9.7836E-09 1.1501E-08 1.3240E-08 1.4728E-08 1.5920E-08 1.6780E-08 1.7440E-08 1.7730E-08 1.7805E-08 1.7691E-08 1.7396E-08 1.7018E-08 1.6536E-08 1.5991E-08 1.5406E-08 1.4803E-08 1.4193E-08 1.3587E-08 1.2879E-08 1.2291E-08 1.1724E-08 1.1178E-08 1.0656E-08 1.0158E-08
4.9042E-10 5.3463E-10 5.8198E-10 6.3258E-10 6.9297E-10 7.8606E-10 8.8423E-10 9.6445E-10 1.0508E-09 1.1438E-09 1.2435E-09 1.3503E-09 1.4646E-09 1.5923E-09 1.7232E-09 1.8683E-09 2.0228E-09 2.1811E-09 2.3592E-09 2.5374E-09 2.7255E-09 2.9305E-09 3.1384E-09 3.3564E-09 3.5867E-09 3.8537E-09 4.1296E-09 4.4647E-09 4.8873E-09 5.3943E-09 6.1225E-09 7.0119E-09 8.3514E-09 1.0049E-08 1.1849E-08 1.3661E-08 1.5210E-08 1.6428E-08 1.7302E-08 1.7996E-08 1.8283E-08 1.8347E-08 1.8218E-08 1.7925E-08 1.7502E-08 1.6991E-08 1.6418E-08 1.5806E-08 1.5177E-08 1.4542E-08 1.3912E-08 1.3295E-08 1.2692E-08 1.2110E-08 1.1552E-08 1.1018E-08 1.0361E-08
4.7938E-10 5.2262E-10 5.6893E-10 6.1843E-10 6.7766E-10 7.6044E-10 8.5649E-10 9.4492E-10 1.0301E-09 1.1217E-09 1.2201E-09 1.3258E-09 1.4388E-09 1.5660E-09 1.6959E-09 1.8466E-09 1.9954E-09 2.1591E-09 2.3327E-09 2.5110E-09 2.7080E-09 2.9069E-09 3.1178E-09 3.3407E-09 3.5699E-09 3.8377E-09 4.1175E-09 4.4477E-09 4.8921E-09 5.4330E-09 6.1655E-09 7.1098E-09 8.5415E-09 1.0303E-08 1.2182E-08 1.4067E-08 1.5677E-08 1.6920E-08 1.7806E-08 1.8534E-08 1.8822E-08 1.8877E-08 1.8735E-08 1.8425E-08 1.7978E-08 1.7440E-08 1.6842E-08 1.6203E-08 1.5547E-08 1.4887E-08 1.4235E-08 1.3595E-08 1.2975E-08 1.2376E-08 1.1801E-08 1.1250E-08 1.0724E-08
4.6781E-10 5.1003E-10 5.5525E-10 6.0358E-10 6.6156E-10 7.3870E-10 8.3272E-10 9.2407E-10 1.0078E-09 1.0980E-09 1.1950E-09 1.2992E-09 1.4170E-09 1.5374E-09 1.6726E-09 1.8173E-09 1.9653E-09 2.1348E-09 2.3033E-09 2.4909E-09 2.6803E-09 2.8835E-09 3.0975E-09 3.3194E-09 3.5534E-09 3.8196E-09 4.0981E-09 4.4293E-09 4.8789E-09 5.4473E-09 6.2129E-09 7.2379E-09 8.7101E-09 1.0551E-08 1.2512E-08 1.4448E-08 1.6110E-08 1.7388E-08 1.8390E-08 1.9048E-08 1.9345E-08 1.9395E-08 1.9243E-08 1.8957E-08 1.8501E-08 1.7954E-08 1.7345E-08 1.6696E-08 1.6028E-08 1.5358E-08 1.4692E-08 1.3896E-08 1.3257E-08 1.2640E-08 1.2048E-08 1.1482E-08 1.0942E-08
4.5576E-10 4.9691E-10 5.4098E-10 5.8809E-10 6.4474E-10 7.2060E-10 8.1272E-10 9.0198E-10 9.8415E-10 1.0728E-09 1.1682E-09 1.2708E-09 1.3877E-09 1.5130E-09 1.6476E-09 1.7855E-09 1.9392E-09 2.1031E-09 2.2750E-09 2.4604E-09 2.6543E-09 2.8583E-09 3.0729E-09 3.2989E-09 3.5328E-09 3.7905E-09 4.0805E-09 4.4067E-09 4.8700E-09 5.4937E-09 6.2632E-09 7.3388E-09 8.8689E-09 1.0781E-08 1.2819E-08 1.4801E-08 1.6512E-08 1.7826E-08 1.8862E-08 1.9539E-08 1.9853E-08 1.9900E-08 1.9797E-08 1.9452E-08 1.8977E-08 1.8409E-08 1.7776E-08 1.7103E-08 1.6410E-08 1.5716E-08 1.5028E-08 1.4356E-08 1.3703E-08 1.3072E-08 1.2467E-08 1.1888E-08 1.1162E-08
4.4327E-10 4.8331E-10 5.2619E-10 5.7203E-10 6.2728E-10 7.0171E-10 7.7727E-10 8.6834E-10 9.5923E-10 1.0461E-09 1.1398E-09 1.2471E-09 1.3565E-09 1.4809E-09 1.6148E-09 1.7515E-09 1.9112E-09 2.0688E-09 2.2473E-09 2.4307E-09 2.6258E-09 2.8314E-09 3.0480E-09 3.2747E-09 3.5126E-09 3.7701E-09 4.0556E-09 4.3812E-09 4.8638E-09 5.5100E-09 6.3343E-09 7.4339E-09 9.0292E-09 1.0993E-08 1.3092E-08 1.5122E-08 1.6877E-08 1.8221E-08 1.9305E-08 2.0006E-08 2.0341E-08 2.0389E-08 2.0293E-08 1.9940E-08 1.9448E-08 1.8859E-08 1.8204E-08 1.7509E-08 1.6795E-08 1.6077E-08 1.5367E-08 1.4674E-08 1.4001E-08 1.3354E-08 1.2731E-08 1.2135E-08 1.1562E-08
4.3041E-10 4.6929E-10 5.1094E-10 5.5547E-10 6.0925E-10 6.8213E-10 7.5609E-10 8.3950E-10 9.3313E-10 1.0182E-09 1.1160E-09 1.2159E-09 1.3301E-09 1.4536E-09 1.5799E-09 1.7225E-09 1.8755E-09 2.0367E-09 2.2158E-09 2.4010E-09 2.5964E-09 2.8031E-09 3.0209E-09 3.2510E-09 3.4879E-09 3.7362E-09 4.0335E-09 4.3453E-09 4.8526E-09 5.5334E-09 6.3702E-09 7.5249E-09 9.1787E-09 1.1182E-08 1.3333E-08 1.5415E-08 1.7201E-08 1.8574E-08 1.9714E-08 2.0446E-08 2.0807E-08 2.0863E-08 2.0777E-08 2.0419E-08 1.9914E-08 1.9307E-08 1.8631E-08 1.7915E-08 1.7178E-08 1.6439E-08 1.5710E-08 1.4996E-08 1.4303E-08 1.3638E-08 1.2998E-08 1.2387E-08 1.1801E-08
4.1721E-10 4.5492E-10 4.9530E-10 5.3847E-10 5.9072E-10 6.6193E-10 7.3418E-10 8.1504E-10 9.0596E-10 9.8899E-10 1.0853E-09 1.1832E-09 1.2962E-09 1.4185E-09 1.5432E-09 1.6921E-09 1.8377E-09 2.0059E-09 2.1800E-09 2.3678E-09 2.5659E-09 2.7738E-09 2.9933E-09 3.2211E-09 3.4637E-09 3.7144E-09 4.0069E-09 4.3174E-09 4.8401E-09 5.5461E-09 6.3902E-09 7.6345E-09 9.2847E-09 1.1345E-08 1.3539E-08 1.5666E-08 1.7478E-08 1.8941E-08 2.0087E-08 2.0856E-08 2.1249E-08 2.1384E-08 2.1249E-08 2.0891E-08 2.0374E-08 1.9750E-08 1.9057E-08 1.8320E-08 1.7563E-08 1.6803E-08 1.6054E-08 1.5320E-08 1.4612E-08 1.3927E-08 1.3270E-08 1.2643E-08 1.2042E-08
4.0375E-10 4.4024E-10 4.7932E-10 5.2111E-10 5.7178E-10 6.4119E-10 7.1161E-10 7.7431E-10 8.6088E-10 9.5871E-10 1.0532E-09 1.1561E-09 1.2678E-09 1.3819E-09 1.5125E-09 1.6537E-09 1.8031E-09 1.9717E-09 2.1494E-09 2.3371E-09 2.5343E-09 2.7427E-09 2.9615E-09 3.1946E-09 3.4362E-09 3.6888E-09 3.9798E-09 4.2795E-09 4.8265E-09 5.5563E-09 6.4428E-09 7.7130E-09 9.3969E-09 1.1478E-08 1.3704E-08 1.5862E-08 1.7704E-08 1.9213E-08 2.0421E-08 2.1233E-08 2.1664E-08 2.1833E-08 2.1708E-08 2.1352E-08 2.0827E-08 2.0191E-08 1.9480E-08 1.8724E-08 1.7949E-08 1.7171E-08 1.6401E-08 1.5649E-08 1.4922E-08 1.4220E-08 1.3549E-08 1.2905E-08 1.2290E-08
3.9006E-10 4.2531E-10 4.6308E-10 5.0345E-10 5.5249E-10 6.1413E-10 6.8850E-10 7.4927E-10 8.3285E-10 9.2747E-10 1.0193E-09 1.1207E-09 1.2315E-09 1.3437E-09 1.4808E-09 1.6137E-09 1.7705E-09 1.9360E-09 2.1129E-09 2.3035E-09 2.5004E-09 2.7098E-09 2.9316E-09 3.1636E-09 3.4074E-09 3.6628E-09 3.9528E-09 4.2536E-09 4.8118E-09 5.5542E-09 6.4802E-09 7.7803E-09 9.4536E-09 1.1590E-08 1.3826E-08 1.6007E-08 1.7885E-08 1.9506E-08 2.0713E-08 2.1574E-08 2.2050E-08 2.2262E-08 2.2150E-08 2.1802E-08 2.1272E-08 2.0625E-08 1.9901E-08 1.9129E-08 1.8335E-08 1.7539E-08 1.6751E-08 1.5984E-08 1.5239E-08 1.4520E-08 1.3832E-08 1.3172E-08 1.2544E-08
3.7620E-10 4.1021E-10 4.4663E-10 4.8557E-10 5.2712E-10 5.9272E-10 6.6493E-10 7.2371E-10 7.9839E-10 8.9538E-10 9.7810E-10 1.0901E-09 1.1925E-09 1.3115E-09 1.4408E-09 1.5778E-09 1.7347E-09 1.9012E-09 2.0802E-09 2.2676E-09 2.4665E-09 2.6765E-09 2.8979E-09 3.1320E-09 3.3784E-09 3.6368E-09 3.9181E-09 4.2691E-09 4.7957E-09 5.5579E-09 6.5096E-09 7.8338E-09 9.5028E-09 1.1656E-08 1.3900E-08 1.6098E-08 1.8090E-08 1.9691E-08 2.0961E-08 2.1879E-08 2.2482E-08 2.2669E-08 2.2576E-08 2.2244E-08 2.1714E-08 2.1060E-08 2.0324E-08 1.9538E-08 1.8729E-08 1.7913E-08 1.7107E-08 1.6321E-08 1.5559E-08 1.4827E-08 1.4122E-08 1.3446E-08 1.2804E-08
3.6223E-10 3.9497E-10 4.3004E-10 4.6753E-10 5.0753E-10 5.7106E-10 6.4099E-10 6.9773E-10 7.5872E-10 8.4465E-10 9.4271E-10 1.0451E-09 1.1514E-09 1.2769E-09 1.3976E-09 1.5433E-09 1.6976E-09 1.8648E-09 2.0454E-09 2.2327E-09 2.4305E-09 2.6406E-09 2.8639E-09 3.1003E-09 3.3495E-09 3.6111E-09 3.8941E-09 4.2468E-09 4.7781E-09 5.5471E-09 6.5291E-09 7.8613E-09 9.5067E-09 1.1696E-08 1.3926E-08 1.6208E-08 1.8245E-08 1.9825E-08 2.1172E-08 2.2153E-08 2.2833E-08 2.3061E-08 2.2992E-08 2.2668E-08 2.2140E-08 2.1481E-08 2.0736E-08 1.9940E-08 1.9118E-08 1.8292E-08 1.7473E-08 1.6673E-08 1.5895E-08 1.5145E-08 1.4420E-08 1.3729E-08 1.3070E-08
3.4819E-10 3.7965E-10 4.1336E-10 4.4940E-10 4.8784E-10 5.4921E-10 6.1679E-10 6.7146E-10 7.3022E-10 8.1254E-10 9.1387E-10 1.0064E-09 1.1177E-09 1.2337E-09 1.3580E-09 1.5035E-09 1.6595E-09 1.8285E-09 2.0052E-09 2.1948E-09 2.3928E-09 2.6044E-09 2.8297E-09 3.0685E-09 3.3208E-09 3.5860E-09 3.8637E-09 4.2253E-09 4.7502E-09 5.5401E-09 6.5483E-09 7.8809E-09 9.5329E-09 1.1658E-08 1.3973E-08 1.6282E-08 1.8298E-08 1.9912E-08 2.1330E-08 2.2381E-08 2.3148E-08 2.3423E-08 2.3383E-08 2.3076E-08 2.2554E-08 2.1894E-08 2.1143E-08 2.0337E-08 1.9505E-08 1.8666E-08 1.7835E-08 1.7021E-08 1.6230E-08 1.5466E-08 1.4730E-08 1.4025E-08 1.3350E-08
3.3413E-10 3.6432E-10 3.9666E-10 4.3123E-10 4.6812E-10 5.1370E-10 5.7906E-10 6.4497E-10 7.0148E-10 7.8063E-10 8.7114E-10 9.6805E-10 1.0762E-09 1.1895E-09 1.3211E-09 1.4626E-09 1.6183E-09 1.7890E-09 1.9674E-09 2.1544E-09 2.3545E-09 2.5680E-09 2.7954E-09 3.0370E-09 3.2926E-09 3.5617E-09 3.8439E-09 4.1763E-09 4.7310E-09 5.5254E-09 6.5435E-09 7.8454E-09 9.5335E-09 1.1624E-08 1.3938E-08 1.6246E-08 1.8293E-08 1.9951E-08 2.1441E-08 2.2612E-08 2.3438E-08 2.3768E-08 2.3761E-08 2.3476E-08 2.2964E-08 2.2306E-08 2.1551E-08 2.0739E-08 1.9897E-08 1.9045E-08 1.8197E-08 1.7371E-08 1.6568E-08 1.5791E-08 1.5042E-08 1.4323E-08 1.3635E-08
3.2010E-10 3.4902E-10 3.7999E-10 4.1310E-10 4.4843E-10 4.9212E-10 5.5499E-10 6.1839E-10 6.7262E-10 7.3785E-10 8.2293E-10 9.2931E-10 1.0350E-09 1.1510E-09 1.2816E-09 1.4230E-09 1.5787E-09 1.7431E-09 1.9222E-09 2.1103E-09 2.3131E-09 2.5301E-09 2.7610E-09 3.0059E-09 3.2650E-09 3.5384E-09 3.8255E-09 4.1586E-09 4.7021E-09 5.5027E-09 6.5184E-09 7.8132E-09 9.4591E-09 1.1586E-08 1.3913E-08 1.6162E-08 1.8244E-08 1.9955E-08 2.1514E-08 2.2836E-08 2.3693E-08 2.4081E-08 2.4113E-08 2.3852E-08 2.3354E-08 2.2701E-08 2.1946E-08 2.1129E-08 2.0281E-08 1.9423E-08 1.8571E-08 1.7733E-08 1.6917E-08 1.6125E-08 1.5358E-08 1.4626E-08 1.3924E-08
