Assets/Resources/2015_m01_d30_2100(utc+0800)_l00_csi_1hr_conc.grd
DSAA
         159         159
     -79.000      79.000
     -79.000      79.000
  0.0000E+00  0.7954E-05
[rows 50 to 74 of 159, columns 57 to 113 of 159]
5.4221E-13 9.9783E-13 3.9314E-12 1.0071E-11 2.2336E-11 4.0252E-11 7.7090E-11 1.3818E-10 2.7890E-10 5.8895E-10 1.2360E-09 2.1352E-09 3.4212E-09 5.3326E-09 8.2571E-09 1.2476E-08 1.8183E-08 2.5715E-08 3.5312E-08 4.6830E-08 5.9834E-08 7.3593E-08 8.6961E-08 9.8551E-08 1.0715E-07 1.1170E-07 1.1164E-07 1.0714E-07 9.8875E-08 8.7923E-08 7.5576E-08 6.3007E-08 5.1183E-08 4.0741E-08 3.1895E-08 2.4698E-08 1.8992E-08 1.4491E-08 1.1034E-08 8.3546E-09 6.1840E-09 4.5281E-09 3.2862E-09 2.3881E-09 1.7818E-09 1.3166E-09 9.8255E-10 7.3323E-10 5.4857E-10 4.1645E-10 3.2079E-10 2.5328E-10 2.2196E-10 2.0007E-10 1.7897E-10 1.5754E-10 1.3819E-10
0.0000E+00 0.0000E+00 5.3263E-13 3.1105E-12 8.3836E-12 1.9304E-11 3.8123E-11 6.8637E-11 1.6981E-10 4.2718E-10 9.2726E-10 1.8321E-09 3.0528E-09 4.8607E-09 7.4941E-09 1.1548E-08 1.7147E-08 2.4725E-08 3.4470E-08 4.6351E-08 6.0103E-08 7.4859E-08 8.9303E-08 1.0202E-07 1.1142E-07 1.1626E-07 1.1603E-07 1.1080E-07 1.0136E-07 8.9026E-08 7.5294E-08 6.1574E-08 4.8895E-08 3.7930E-08 2.8945E-08 2.1818E-08 1.6335E-08 1.2122E-08 9.0240E-09 6.8136E-09 5.0448E-09 3.6415E-09 2.6325E-09 1.8829E-09 1.3567E-09 1.0230E-09 7.4349E-10 5.4113E-10 3.9592E-10 2.9360E-10 2.2493E-10 1.8988E-10 1.6873E-10 1.5100E-10 1.3498E-10 1.1778E-10 1.0280E-10
0.0000E+00 0.0000E+00 0.0000E+00 3.0034E-13 2.2854E-12 7.1275E-12 1.5721E-11 3.2596E-11 8.6246E-11 2.1850E-10 6.4099E-10 1.4199E-09 2.6385E-09 4.3097E-09 6.7673E-09 1.0486E-08 1.5949E-08 2.3458E-08 3.3264E-08 4.5523E-08 5.9922E-08 7.5606E-08 9.1283E-08 1.0525E-07 1.1565E-07 1.2111E-07 1.2074E-07 1.1469E-07 1.0397E-07 9.0124E-08 7.4920E-08 5.9975E-08 4.6498E-08 3.5099E-08 2.5998E-08 1.9043E-08 1.3831E-08 9.9424E-09 7.2263E-09 5.3292E-09 3.8862E-09 2.8129E-09 2.0385E-09 1.4537E-09 1.0094E-09 7.6014E-10 5.2679E-10 3.7839E-10 2.7009E-10 1.9716E-10 1.5880E-10 1.4184E-10 1.2465E-10 1.1103E-10 9.8165E-11 8.6897E-11 7.4297E-11
0.0000E+00 0.0000E+00 0.0000E+00 0.0000E+00 1.3522E-13 1.4992E-12 5.4798E-12 1.2836E-11 3.1385E-11 1.1436E-10 3.8544E-10 1.0135E-09 2.1204E-09 3.6890E-09 5.9738E-09 9.3479E-09 1.4564E-08 2.1835E-08 3.1636E-08 4.4191E-08 5.9215E-08 7.5962E-08 9.3004E-08 1.0839E-07 1.2002E-07 1.2598E-07 1.2551E-07 1.1873E-07 1.0666E-07 9.1214E-08 7.4492E-08 5.8314E-08 4.4009E-08 3.2258E-08 2.3141E-08 1.6389E-08 1.1507E-08 7.9808E-09 5.6763E-09 4.0529E-09 2.9236E-09 2.1370E-09 1.4643E-09 1.0361E-09 7.4031E-10 5.1129E-10 3.5575E-10 2.4509E-10 1.6994E-10 1.3016E-10 1.1416E-10 1.0047E-10 8.8434E-11 7.7929E-11 6.9013E-11 5.9938E-11 5.1511E-11
0.0000E+00 0.0000E+00 0.0000E+00 0.0000E+00 0.0000E+00 2.6418E-14 8.4498E-13 3.8103E-12 9.7796E-12 4.2807E-11 1.8925E-10 6.9201E-10 1.5476E-09 2.9844E-09 5.0951E-09 8.1625E-09 1.2915E-08 1.9900E-08 2.9597E-08 4.2315E-08 5.7989E-08 7.5877E-08 9.4459E-08 1.1150E-07 1.2441E-07 1.3129E-07 1.3084E-07 1.2302E-07 1.0943E-07 9.2245E-08 7.3882E-08 5.6488E-08 4.1454E-08 2.9424E-08 2.0390E-08 1.3945E-08 9.4076E-09 6.2933E-09 4.3397E-09 2.9592E-09 2.0556E-09 1.5007E-09 1.0383E-09 6.9346E-10 4.9744E-10 3.3257E-10 2.1870E-10 1.4518E-10 1.0469E-10 8.8809E-11 7.7405E-11 6.7497E-11 5.8963E-11 5.2033E-11 4.5867E-11 3.9902E-11 3.4912E-11
0.0000E+00 0.0000E+00 0.0000E+00 0.0000E+00 0.0000E+00 1.9230E-13 0.0000E+00 3.2756E-13 2.1667E-12 8.7491E-12 8.7798E-11 3.2566E-10 1.0897E-09 2.2672E-09 4.1587E-09 6.8858E-09 1.1065E-08 1.7642E-08 2.7032E-08 3.9849E-08 5.6266E-08 7.5522E-08 9.5920E-08 1.1494E-07 1.2955E-07 1.3717E-07 1.3632E-07 1.2743E-07 1.1222E-07 9.3162E-08 7.3171E-08 5.4560E-08 3.8900E-08 2.6696E-08 1.7823E-08 1.1733E-08 7.5606E-09 4.8934E-09 3.2260E-09 2.0551E-09 1.4222E-09 9.5933E-10 6.5877E-10 4.5476E-10 3.0092E-10 1.9359E-10 1.2020E-10 8.4675E-11 7.0503E-11 6.1786E-11 5.3920E-11 4.7306E-11 4.1408E-11 3.5965E-11 3.1064E-11 2.6965E-11 2.3604E-11
0.0000E+00 0.0000E+00 0.0000E+00 0.0000E+00 1.4923E-13 0.0000E+00 0.0000E+00 0.0000E+00 7.5037E-14 1.0110E-12 1.6793E-11 1.5309E-10 6.2052E-10 1.6379E-09 3.1653E-09 5.5962E-09 9.2171E-09 1.5066E-08 2.4028E-08 3.6875E-08 5.4036E-08 7.4928E-08 9.7686E-08 1.1909E-07 1.3544E-07 1.4378E-07 1.4266E-07 1.3236E-07 1.1504E-07 9.3871E-08 7.2165E-08 5.2474E-08 3.6278E-08 2.4062E-08 1.5489E-08 9.7540E-09 6.0283E-09 3.7063E-09 2.2756E-09 1.3609E-09 9.2445E-10 6.2612E-10 3.9077E-10 2.6680E-10 1.7005E-10 1.0044E-10 6.8544E-11 5.6972E-11 5.0096E-11 4.3670E-11 3.8438E-11 3.3594E-11 2.9053E-11 2.5028E-11 2.1614E-11 1.8664E-11 1.6079E-11
0.0000E+00 0.0000E+00 0.0000E+00 0.0000E+00 0.0000E+00 0.0000E+00 0.0000E+00 0.0000E+00 0.0000E+00 0.0000E+00 2.3499E-13 4.2062E-11 2.6397E-10 9.6714E-10 2.2969E-09 4.3116E-09 7.3863E-09 1.2290E-08 2.0683E-08 3.3336E-08 5.1364E-08 7.4495E-08 1.0018E-07 1.2466E-07 1.4319E-07 1.5197E-07 1.4959E-07 1.3708E-07 1.1739E-07 9.4136E-08 7.0757E-08 5.0085E-08 3.3529E-08 2.1469E-08 1.3261E-08 8.0236E-09 4.6867E-09 2.7006E-09 1.4134E-09 8.7066E-10 5.4152E-10 3.3777E-10 2.1581E-10 1.3885E-10 7.9184E-11 5.3131E-11 4.4791E-11 3.9554E-11 3.4546E-11 3.0518E-11 2.6686E-11 2.3337E-11 2.0292E-11 1.7575E-11 1.5167E-11 1.3175E-11 1.1507E-11
0.0000E+00 0.0000E+00 0.0000E+00 0.0000E+00 0.0000E+00 0.0000E+00 0.0000E+00 0.0000E+00 0.0000E+00 0.0000E+00 0.0000E+00 2.1012E-13 9.4438E-11 4.8354E-10 1.4024E-09 3.1246E-09 5.6512E-09 9.7341E-09 1.7090E-08 2.9345E-08 4.8254E-08 7.3976E-08 1.0370E-07 1.3208E-07 1.5288E-07 1.6163E-07 1.5743E-07 1.4210E-07 1.1929E-07 9.3476E-08 6.8533E-08 4.7086E-08 3.0513E-08 1.8768E-08 1.1086E-08 6.4097E-09 3.4559E-09 1.7910E-09 7.8658E-10 4.7880E-10 2.9429E-10 1.6645E-10 1.0430E-10 5.8528E-11 3.8576E-11 3.3678E-11 3.0023E-11 2.6366E-11 2.3501E-11 2.0792E-11 1.8253E-11 1.5856E-11 1.3827E-11 1.2109E-11 1.0529E-11 9.2857E-12 8.1723E-12
0.0000E+00 0.0000E+00 0.0000E+00 0.0000E+00 0.0000E+00 0.0000E+00 0.0000E+00 2.4902E-13 1.2529E-13 0.0000E+00 0.0000E+00 0.0000E+00 7.4479E-12 1.8902E-10 7.1236E-10 2.0184E-09 4.0711E-09 7.3848E-09 1.3447E-08 2.5243E-08 4.5014E-08 7.3983E-08 1.0893E-07 1.4225E-07 1.6544E-07 1.7339E-07 1.6585E-07 1.4633E-07 1.1978E-07 9.1521E-08 6.5292E-08 4.3453E-08 2.7157E-08 1.6074E-08 9.0548E-09 4.8659E-09 2.3832E-09 9.3437E-10 4.0998E-10 2.2885E-10 1.2569E-10 7.0904E-11 3.9809E-11 2.6898E-11 2.4139E-11 2.1664E-11 1.9491E-11 1.7397E-11 1.5394E-11 1.3522E-11 1.1938E-11 1.0426E-11 9.1128E-12 8.0248E-12 7.0762E-12 6.0855E-12 5.2723E-12
0.0000E+00 0.0000E+00 0.0000E+00 0.0000E+00 0.0000E+00 0.0000E+00 0.0000E+00 0.0000E+00 0.0000E+00 0.0000E+00 0.0000E+00 0.0000E+00 0.0000E+00 2.7538E-11 3.3366E-10 1.0982E-09 2.7948E-09 5.3364E-09 1.0165E-08 2.0764E-08 4.1391E-08 7.4664E-08 1.1659E-07 1.5634E-07 1.8181E-07 1.8692E-07 1.7398E-07 1.4899E-07 1.1848E-07 8.7833E-08 6.0676E-08 3.9032E-08 2.3476E-08 1.3244E-08 7.0746E-09 3.5234E-09 1.5002E-09 4.0402E-10 1.7761E-10 9.4190E-11 4.1533E-11 2.3747E-11 1.7836E-11 1.6289E-11 1.4840E-11 1.3341E-11 1.1819E-11 1.0588E-11 9.4026E-12 8.1709E-12 7.3106E-12 6.5179E-12 5.6917E-12 4.8784E-12 4.1687E-12 3.5466E-12 2.9432E-12
0.0000E+00 0.0000E+00 0.0000E+00 0.0000E+00 0.0000E+00 0.0000E+00 0.0000E+00 0.0000E+00 0.0000E+00 0.0000E+00 0.0000E+00 0.0000E+00 0.0000E+00 0.0000E+00 6.1422E-11 4.8424E-10 1.4631E-09 3.6075E-09 7.2665E-09 1.6591E-08 3.8343E-08 7.6764E-08 1.2764E-07 1.7476E-07 2.0148E-07 2.0209E-07 1.8159E-07 1.4941E-07 1.1426E-07 8.1754E-08 5.4601E-08 3.3742E-08 1.9535E-08 1.0411E-08 5.3175E-09 2.3558E-09 7.9667E-10 1.4700E-10 5.5600E-11 2.0782E-11 1.2081E-11 1.0553E-11 9.6973E-12 8.9443E-12 8.1896E-12 7.3539E-12 6.4575E-12 5.8481E-12 5.2816E-12 4.6791E-12 4.0447E-12 3.4892E-12 2.9889E-12 2.5263E-12 2.0353E-12 1.6693E-12 1.2817E-12
0.0000E+00 0.0000E+00 0.0000E+00 0.0000E+00 0.0000E+00 0.0000E+00 0.0000E+00 0.0000E+00 0.0000E+00 0.0000E+00 0.0000E+00 0.0000E+00 0.0000E+00 0.0000E+00 0.0000E+00 1.0276E-10 6.4338E-10 2.0522E-09 4.7906E-09 1.3093E-08 3.6193E-08 8.2782E-08 1.4591E-07 2.0123E-07 2.2680E-07 2.1819E-07 1.8651E-07 1.4604E-07 1.0693E-07 7.3360E-08 4.6944E-08 2.7967E-08 1.5565E-08 7.9175E-09 3.7781E-09 1.4715E-09 2.5960E-10 2.7690E-11 1.0954E-11 5.6353E-12 5.3278E-12 4.9376E-12 4.4865E-12 4.2000E-12 3.9140E-12 3.5741E-12 3.1905E-12 2.7759E-12 2.4173E-12 2.1082E-12 1.7774E-12 1.4201E-12 1.1326E-12 8.6768E-13 6.4332E-13 4.1874E-13 2.4433E-13
0.0000E+00 0.0000E+00 0.0000E+00 0.0000E+00 0.0000E+00 0.0000E+00 0.0000E+00 0.0000E+00 0.0000E+00 0.0000E+00 0.0000E+00 0.0000E+00 0.0000E+00 0.0000E+00 0.0000E+00 3.7177E-12 1.6720E-10 8.6663E-10 2.7548E-09 1.0605E-08 3.7025E-08 9.6292E-08 1.7583E-07 2.3846E-07 2.5702E-07 2.3428E-07 1.8894E-07 1.3882E-07 9.6170E-08 6.2825E-08 3.8311E-08 2.1984E-08 1.1552E-08 5.6559E-09 2.3990E-09 8.2697E-10 5.3173E-11 2.2871E-12 1.7265E-12 1.6876E-12 1.6109E-12 1.4974E-12 1.3486E-12 1.2093E-12 1.1127E-12 1.0023E-12 8.7301E-13 7.2634E-13 5.8827E-13 5.0059E-13 4.0202E-13 2.9356E-13 1.7631E-13 9.1908E-14 2.9824E-14 0.0000E+00 0.0000E+00
0.0000E+00 0.0000E+00 0.0000E+00 0.0000E+00 0.0000E+00 0.0000E+00 0.0000E+00 0.0000E+00 0.0000E+00 0.0000E+00 0.0000E+00 6.6927E-14 6.2925E-14 0.0000E+00 0.0000E+00 0.0000E+00 9.3482E-12 2.3317E-10 1.1748E-09 9.2627E-09 4.2925E-08 1.2469E-07 2.2672E-07 2.8936E-07 2.9069E-07 2.4827E-07 1.8632E-07 1.2776E-07 8.2351E-08 5.0531E-08 2.9330E-08 1.6034E-08 7.9270E-09 3.7150E-09 1.3457E-09 2.9652E-10 1.2578E-12 1.6737E-13 1.5299E-13 1.3105E-13 1.0185E-13 6.5764E-14 2.3252E-14 0.0000E+00 0.0000E+00 0.0000E+00 0.0000E+00 0.0000E+00 0.0000E+00 0.0000E+00 0.0000E+00 0.0000E+00 0.0000E+00 0.0000E+00 0.0000E+00 0.0000E+00 0.0000E+00
0.0000E+00 0.0000E+00 0.0000E+00 0.0000E+00 0.0000E+00 0.0000E+00 0.0000E+00 0.0000E+00 0.0000E+00 0.0000E+00 0.0000E+00 0.0000E+00 0.0000E+00 0.0000E+00 0.0000E+00 0.0000E+00 0.0000E+00 1.3963E-11 4.1636E-10 8.2459E-09 5.5124E-08 1.7422E-07 3.0489E-07 3.5371E-07 3.2679E-07 2.6022E-07 1.8041E-07 1.1214E-07 6.6347E-08 3.7725E-08 2.0568E-08 1.0548E-08 4.9303E-09 2.0909E-09 6.5460E-10 8.5491E-11 0.0000E+00 0.0000E+00 0.0000E+00 0.0000E+00 0.0000E+00 0.0000E+00 0.0000E+00 0.0000E+00 0.0000E+00 0.0000E+00 0.0000E+00 0.0000E+00 0.0000E+00 0.0000E+00 0.0000E+00 0.0000E+00 0.0000E+00 0.0000E+00 0.0000E+00 0.0000E+00 0.0000E+00
0.0000E+00 0.0000E+00 0.0000E+00 0.0000E+00 0.0000E+00 0.0000E+00 0.0000E+00 0.0000E+00 0.0000E+00 0.0000E+00 0.0000E+00 0.0000E+00 0.0000E+00 0.0000E+00 0.0000E+00 0.0000E+00 0.0000E+00 0.0000E+00 1.1744E-11 7.2011E-09 7.3042E-08 2.5584E-07 4.1822E-07 4.2279E-07 3.5319E-07 2.6357E-07 1.6523E-07 9.1990E-08 4.8486E-08 2.4956E-08 1.2550E-08 5.7965E-09 2.6200E-09 8.2909E-10 2.2638E-10 9.4156E-12 0.0000E+00 0.0000E+00 0.0000E+00 0.0000E+00 0.0000E+00 0.0000E+00 0.0000E+00 0.0000E+00 0.0000E+00 0.0000E+00 0.0000E+00 0.0000E+00 0.0000E+00 0.0000E+00 0.0000E+00 0.0000E+00 0.0000E+00 0.0000E+00 0.0000E+00 0.0000E+00 0.0000E+00
0.0000E+00 0.0000E+00 0.0000E+00 0.0000E+00 0.0000E+00 0.0000E+00 0.0000E+00 0.0000E+00 0.0000E+00 0.0000E+00 0.0000E+00 0.0000E+00 0.0000E+00 0.0000E+00 0.0000E+00 0.0000E+00 0.0000E+00 0.0000E+00 0.0000E+00 5.7852E-09 9.4296E-08 3.6950E-07 5.5968E-07 4.8529E-07 3.7378E-07 2.6628E-07 1.4602E-07 6.6441E-08 2.9844E-08 1.3633E-08 6.2607E-09 2.6384E-09 1.0890E-09 2.5207E-10 5.2328E-11 0.0000E+00 0.0000E+00 0.0000E+00 0.0000E+00 0.0000E+00 0.0000E+00 0.0000E+00 0.0000E+00 0.0000E+00 0.0000E+00 0.0000E+00 0.0000E+00 0.0000E+00 0.0000E+00 0.0000E+00 0.0000E+00 0.0000E+00 0.0000E+00 0.0000E+00 0.0000E+00 0.0000E+00 0.0000E+00
0.0000E+00 0.0000E+00 0.0000E+00 0.0000E+00 0.0000E+00 0.0000E+00 0.0000E+00 0.0000E+00 0.0000E+00 0.0000E+00 0.0000E+00 0.0000E+00 0.0000E+00 0.0000E+00 0.0000E+00 0.0000E+00 0.0000E+00 0.0000E+00 0.0000E+00 3.4456E-09 1.1551E-07 5.4031E-07 7.4003E-07 5.3478E-07 3.7741E-07 2.5502E-07 1.0952E-07 3.6113E-08 1.3022E-08 5.4178E-09 2.3171E-09 9.2299E-10 3.5857E-10 7.0147E-11 5.1478E-12 0.0000E+00 0.0000E+00 0.0000E+00 0.0000E+00 0.0000E+00 0.0000E+00 0.0000E+00 0.0000E+00 0.0000E+00 0.0000E+00 0.0000E+00 0.0000E+00 0.0000E+00 0.0000E+00 0.0000E+00 0.0000E+00 0.0000E+00 0.0000E+00 0.0000E+00 0.0000E+00 0.0000E+00 0.0000E+00
0.0000E+00 0.0000E+00 0.0000E+00 0.0000E+00 0.0000E+00 0.0000E+00 0.0000E+00 0.0000E+00 0.0000E+00 0.0000E+00 0.0000E+00 0.0000E+00 0.0000E+00 0.0000E+00 0.0000E+00 0.0000E+00 0.0000E+00 0.0000E+00 0.0000E+00 1.0341E-09 1.1315E-07 6.9499E-07 8.7390E-07 5.7658E-07 3.8560E-07 2.2561E-07 5.8611E-08 1.0991E-08 3.5575E-09 1.5369E-09 6.3744E-10 2.8906E-10 5.7293E-11 9.0570E-12 0.0000E+00 0.0000E+00 0.0000E+00 0.0000E+00 0.0000E+00 0.0000E+00 0.0000E+00 0.0000E+00 0.0000E+00 0.0000E+00 0.0000E+00 0.0000E+00 0.0000E+00 0.0000E+00 0.0000E+00 0.0000E+00 0.0000E+00 0.0000E+00 0.0000E+00 0.0000E+00 0.0000E+00 0.0000E+00 0.0000E+00
0.0000E+00 0.0000E+00 0.0000E+00 0.0000E+00 0.0000E+00 0.0000E+00 0.0000E+00 0.0000E+00 0.0000E+00 0.0000E+00 0.0000E+00 0.0000E+00 0.0000E+00 0.0000E+00 0.0000E+00 0.0000E+00 0.0000E+00 0.0000E+00 0.0000E+00 6.0555E-11 8.7909E-08 8.3141E-07 9.8137E-07 6.4280E-07 3.7822E-07 1.4777E-07 1.1898E-08 1.3482E-09 7.0810E-10 3.7088E-10 1.5609E-10 4.8048E-11 6.2066E-12 0.0000E+00 0.0000E+00 0.0000E+00 0.0000E+00 0.0000E+00 0.0000E+00 0.0000E+00 0.0000E+00 0.0000E+00 0.0000E+00 0.0000E+00 0.0000E+00 0.0000E+00 0.0000E+00 0.0000E+00 0.0000E+00 0.0000E+00 0.0000E+00 0.0000E+00 0.0000E+00 0.0000E+00 0.0000E+00 0.0000E+00 0.0000E+00
0.0000E+00 0.0000E+00 0.0000E+00 0.0000E+00 0.0000E+00 0.0000E+00 0.0000E+00 0.0000E+00 0.0000E+00 0.0000E+00 0.0000E+00 0.0000E+00 0.0000E+00 0.0000E+00 0.0000E+00 0.0000E+00 0.0000E+00 0.0000E+00 0.0000E+00 0.0000E+00 5.0235E-08 9.6931E-07 1.0644E-06 7.3234E-07 3.5875E-07 6.2506E-08 4.5017E-10 1.6065E-10 1.0273E-10 4.6279E-11 1.6752E-11 7.8010E-13 0.0000E+00 0.0000E+00 0.0000E+00 0.0000E+00 0.0000E+00 0.0000E+00 0.0000E+00 0.0000E+00 0.0000E+00 0.0000E+00 0.0000E+00 0.0000E+00 0.0000E+00 0.0000E+00 0.0000E+00 0.0000E+00 0.0000E+00 0.0000E+00 0.0000E+00 0.0000E+00 0.0000E+00 0.0000E+00 0.0000E+00 0.0000E+00 0.0000E+00
0.0000E+00 0.0000E+00 0.0000E+00 0.0000E+00 0.0000E+00 0.0000E+00 0.0000E+00 0.0000E+00 0.0000E+00 0.0000E+00 0.0000E+00 0.0000E+00 0.0000E+00 0.0000E+00 0.0000E+00 0.0000E+00 0.0000E+00 0.0000E+00 0.0000E+00 0.0000E+00 1.6755E-08 1.1285E-06 1.1858E-06 8.7302E-07 2.8481E-07 1.1738E-08 6.5656E-12 6.4252E-12 3.5404E-12 0.0000E+00 0.0000E+00 0.0000E+00 0.0000E+00 0.0000E+00 0.0000E+00 0.0000E+00 0.0000E+00 0.0000E+00 0.0000E+00 0.0000E+00 0.0000E+00 0.0000E+00 0.0000E+00 0.0000E+00 0.0000E+00 0.0000E+00 0.0000E+00 0.0000E+00 0.0000E+00 0.0000E+00 0.0000E+00 0.0000E+00 0.0000E+00 0.0000E+00 0.0000E+00 0.0000E+00 0.0000E+00
0.0000E+00 0.0000E+00 0.0000E+00 0.0000E+00 0.0000E+00 0.0000E+00 0.0000E+00 0.0000E+00 0.0000E+00 0.0000E+00 0.0000E+00 0.0000E+00 0.0000E+00 0.0000E+00 0.0000E+00 0.0000E+00 0.0000E+00 0.0000E+00 0.0000E+00 0.0000E+00 0.0000E+00 1.1777E-06 1.3321E-06 1.0261E-06 1.5081E-07 0.0000E+00 0.0000E+00 0.0000E+00 0.0000E+00 0.0000E+00 0.0000E+00 0.0000E+00 0.0000E+00 0.0000E+00 0.0000E+00 0.0000E+00 0.0000E+00 0.0000E+00 0.0000E+00 0.0000E+00 0.0000E+00 0.0000E+00 0.0000E+00 0.0000E+00 0.0000E+00 0.0000E+00 0.0000E+00 0.0000E+00 0.0000E+00 0.0000E+00 0.0000E+00 0.0000E+00 0.0000E+00 0.0000E+00 0.0000E+00 0.0000E+00 0.0000E+00
0.0000E+00 0.0000E+00 0.0000E+00 0.0000E+00 0.0000E+00 0.0000E+00 0.0000E+00 0.0000E+00 0.0000E+00 0.0000E+00 0.0000E+00 0.0000E+00 0.0000E+00 0.0000E+00 0.0000E+00 0.0000E+00 0.0000E+00 0.0000E+00 0.0000E+00 0.0000E+00 0.0000E+00 9.5172E-07 1.5255E-06 1.1882E-06 3.4324E-08 0.0000E+00 0.0000E+00 0.0000E+00 0.0000E+00 0.0000E+00 0.0000E+00 0.0000E+00 0.0000E+00 0.0000E+00 0.0000E+00 0.0000E+00 0.0000E+00 0.0000E+00 0.0000E+00 0.0000E+00 0.0000E+00 0.0000E+00 0.0000E+00 0.0000E+00 0.0000E+00 0.0000E+00 0.0000E+00 0.0000E+00 0.0000E+00 0.0000E+00 0.0000E+00 0.0000E+00 0.0000E+00 0.0000E+00 0.0000E+00 0.0000E+00 0.0000E+00
