Assets/Resources/2015_m01_d12_2000(utc+0800)_l00_csi_1hr_conc.grd
DSAA
         159         159
     -79.000      79.000
     -79.000      79.000
  0.0000E+00  0.4190E-05
[rows 50 to 74 of 159, columns 0 to 56 of 159]
3.9598E-09 4.2272E-09 4.4852E-09 4.7756E-09 5.0504E-09 5.3404E-09 5.6461E-09 5.9403E-09 6.2678E-09 6.5757E-09 6.9029E-09 7.2286E-09 7.5468E-09 7.8806E-09 8.2007E-09 8.5239E-09 8.8368E-09 9.1414E-09 9.4368E-09 9.7174E-09 9.9834E-09 1.0226E-08 1.0446E-08 1.0636E-08 1.0789E-08 1.0900E-08 1.0964E-08 1.0983E-08 1.0947E-08 1.0851E-08 1.0699E-08 1.0488E-08 1.0211E-08 9.8860E-09 9.5059E-09 9.0728E-09 8.6020E-09 8.0913E-09 7.5475E-09 6.9796E-09 6.3962E-09 5.8029E-09 5.2099E-09 4.6308E-09 4.0622E-09 3.5265E-09 3.0208E-09 2.5537E-09 2.1282E-09 1.7487E-09 1.4205E-09 1.1336E-09 8.8577E-10 6.7362E-10 4.9488E-10 3.4620E-10 2.3460E-10
3.9031E-09 4.1734E-09 4.4335E-09 4.7293E-09 5.0085E-09 5.3051E-09 5.6189E-09 5.9236E-09 6.2638E-09 6.5836E-09 6.9291E-09 7.2716E-09 7.6109E-09 7.9688E-09 8.3153E-09 8.6668E-09 9.0099E-09 9.3494E-09 9.6795E-09 9.9999E-09 1.0304E-08 1.0591E-08 1.0854E-08 1.1084E-08 1.1276E-08 1.1434E-08 1.1541E-08 1.1593E-08 1.1591E-08 1.1529E-08 1.1398E-08 1.1209E-08 1.0955E-08 1.0632E-08 1.0257E-08 9.8229E-09 9.3335E-09 8.8035E-09 8.2315E-09 7.6250E-09 6.9976E-09 6.3580E-09 5.7158E-09 5.0790E-09 4.4596E-09 3.8641E-09 3.3073E-09 2.7888E-09 2.3173E-09 1.8956E-09 1.5247E-09 1.2139E-09 9.4246E-10 7.1258E-10 5.1331E-10 3.5732E-10 2.3827E-10
3.8289E-09 4.1007E-09 4.3615E-09 4.6609E-09 4.9434E-09 5.2443E-09 5.5657E-09 5.8785E-09 6.2296E-09 6.5616E-09 6.9215E-09 7.2822E-09 7.6391E-09 8.0216E-09 8.3924E-09 8.7713E-09 9.1463E-09 9.5177E-09 9.8854E-09 1.0243E-08 1.0591E-08 1.0921E-08 1.1221E-08 1.1502E-08 1.1744E-08 1.1941E-08 1.2091E-08 1.2190E-08 1.2224E-08 1.2201E-08 1.2109E-08 1.1940E-08 1.1711E-08 1.1407E-08 1.1033E-08 1.0601E-08 1.0106E-08 9.5508E-09 8.9537E-09 8.3151E-09 7.6442E-09 6.9554E-09 6.2570E-09 5.5585E-09 4.8782E-09 4.2232E-09 3.6088E-09 3.0350E-09 2.5182E-09 2.0500E-09 1.6399E-09 1.2864E-09 9.9239E-10 7.4578E-10 5.3070E-10 3.6455E-10 2.4066E-10
3.7381E-09 4.0097E-09 4.2698E-09 4.5714E-09 4.8557E-09 5.1592E-09 5.4869E-09 5.8054E-09 6.1659E-09 6.5080E-09 6.8821E-09 7.2570E-09 7.6321E-09 8.0371E-09 8.4297E-09 8.8371E-09 9.2413E-09 9.6458E-09 1.0047E-08 1.0447E-08 1.0832E-08 1.1204E-08 1.1559E-08 1.1883E-08 1.2172E-08 1.2419E-08 1.2618E-08 1.2766E-08 1.2851E-08 1.2863E-08 1.2814E-08 1.2688E-08 1.2479E-08 1.2205E-08 1.1851E-08 1.1418E-08 1.0924E-08 1.0358E-08 9.7317E-09 9.0573E-09 8.3401E-09 7.5927E-09 6.8343E-09 6.0757E-09 5.3284E-09 4.6115E-09 3.9290E-09 3.2999E-09 2.7223E-09 2.2072E-09 1.7568E-09 1.3643E-09 1.0378E-09 7.6909E-10 5.4234E-10 3.6883E-10 2.4120E-10
3.6314E-09 3.9018E-09 4.1592E-09 4.4616E-09 4.7459E-09 5.0499E-09 5.3829E-09 5.7044E-09 6.0733E-09 6.4237E-09 6.8088E-09 7.1979E-09 7.5888E-09 8.0132E-09 8.4275E-09 8.8611E-09 9.2928E-09 9.7276E-09 1.0165E-08 1.0602E-08 1.1030E-08 1.1448E-08 1.1851E-08 1.2222E-08 1.2560E-08 1.2866E-08 1.3122E-08 1.3315E-08 1.3458E-08 1.3530E-08 1.3522E-08 1.3445E-08 1.3283E-08 1.3033E-08 1.2709E-08 1.2293E-08 1.1794E-08 1.1219E-08 1.0568E-08 9.8540E-09 9.0914E-09 8.2896E-09 7.4663E-09 6.6365E-09 5.8155E-09 5.0206E-09 4.2674E-09 3.5729E-09 2.9357E-09 2.3704E-09 1.8730E-09 1.4464E-09 1.0814E-09 7.8530E-10 5.4883E-10 3.6875E-10 2.3926E-10
3.5103E-09 3.7779E-09 4.0311E-09 4.3331E-09 4.6152E-09 4.9186E-09 5.2547E-09 5.5772E-09 5.9527E-09 6.3086E-09 6.7029E-09 7.1044E-09 7.5076E-09 7.9502E-09 8.3844E-09 8.8415E-09 9.2967E-09 9.7644E-09 1.0238E-08 1.0708E-08 1.1182E-08 1.1644E-08 1.2087E-08 1.2518E-08 1.2917E-08 1.3270E-08 1.3587E-08 1.3851E-08 1.4050E-08 1.4186E-08 1.4241E-08 1.4214E-08 1.4111E-08 1.3908E-08 1.3609E-08 1.3219E-08 1.2724E-08 1.2139E-08 1.1470E-08 1.0718E-08 9.9064E-09 9.0433E-09 8.1461E-09 7.2382E-09 6.3378E-09 5.4649E-09 4.6356E-09 3.8606E-09 3.1630E-09 2.5355E-09 1.9922E-09 1.5290E-09 1.1304E-09 7.9603E-10 5.5064E-10 3.6584E-10 2.3473E-10
3.3761E-09 3.6394E-09 3.8871E-09 4.1870E-09 4.4650E-09 4.7664E-09 5.1028E-09 5.4250E-09 5.8051E-09 6.1641E-09 6.5652E-09 6.9766E-09 7.3900E-09 7.8480E-09 8.2993E-09 8.7764E-09 9.2590E-09 9.7544E-09 1.0257E-08 1.0767E-08 1.1280E-08 1.1788E-08 1.2284E-08 1.2766E-08 1.3220E-08 1.3641E-08 1.4025E-08 1.4361E-08 1.4632E-08 1.4836E-08 1.4975E-08 1.5019E-08 1.4972E-08 1.4829E-08 1.4573E-08 1.4206E-08 1.3733E-08 1.3141E-08 1.2454E-08 1.1668E-08 1.0797E-08 9.8694E-09 8.8958E-09 7.9034E-09 6.9128E-09 5.9467E-09 5.0313E-09 4.1686E-09 3.3953E-09 2.7071E-09 2.1123E-09 1.6066E-09 1.1744E-09 8.1103E-10 5.4506E-10 3.5776E-10 2.2676E-10
3.2305E-09 3.4879E-09 3.7291E-09 4.0249E-09 4.2975E-09 4.5949E-09 4.9298E-09 5.2495E-09 5.6317E-09 5.9917E-09 6.3970E-09 6.8155E-09 7.2353E-09 7.7081E-09 8.1733E-09 8.6682E-09 9.1744E-09 9.6930E-09 1.0227E-08 1.0776E-08 1.1325E-08 1.1879E-08 1.2430E-08 1.2961E-08 1.3480E-08 1.3979E-08 1.4432E-08 1.4842E-08 1.5206E-08 1.5499E-08 1.5712E-08 1.5845E-08 1.5873E-08 1.5794E-08 1.5595E-08 1.5267E-08 1.4815E-08 1.4235E-08 1.3521E-08 1.2700E-08 1.1779E-08 1.0776E-08 9.7157E-09 8.6267E-09 7.5353E-09 6.4673E-09 5.4539E-09 4.5050E-09 3.6382E-09 2.8850E-09 2.2291E-09 1.6810E-09 1.2138E-09 8.2748E-10 5.4141E-10 3.4581E-10 2.1617E-10
3.0749E-09 3.3253E-09 3.5585E-09 3.8486E-09 4.1145E-09 4.4058E-09 4.7375E-09 5.0524E-09 5.4345E-09 5.7929E-09 6.2003E-09 6.6225E-09 7.0469E-09 7.5309E-09 8.0056E-09 8.5175E-09 9.0426E-09 9.5854E-09 1.0150E-08 1.0728E-08 1.1320E-08 1.1915E-08 1.2515E-08 1.3114E-08 1.3702E-08 1.4266E-08 1.4810E-08 1.5312E-08 1.5765E-08 1.6154E-08 1.6469E-08 1.6695E-08 1.6817E-08 1.6809E-08 1.6684E-08 1.6411E-08 1.5983E-08 1.5409E-08 1.4688E-08 1.3829E-08 1.2847E-08 1.1765E-08 1.0612E-08 9.4163E-09 8.2132E-09 7.0348E-09 5.9091E-09 4.8629E-09 3.9069E-09 3.0597E-09 2.3474E-09 1.7475E-09 1.2509E-09 8.5317E-10 5.4007E-10 3.3140E-10 2.0442E-10
2.9113E-09 3.1534E-09 3.3775E-09 3.6606E-09 3.9179E-09 4.2018E-09 4.5278E-09 4.8363E-09 5.2162E-09 5.5699E-09 5.9765E-09 6.3993E-09 6.8262E-09 7.3168E-09 7.7995E-09 8.3250E-09 8.8653E-09 9.4292E-09 1.0019E-08 1.0627E-08 1.1256E-08 1.1900E-08 1.2550E-08 1.3214E-08 1.3871E-08 1.4519E-08 1.5153E-08 1.5755E-08 1.6306E-08 1.6811E-08 1.7238E-08 1.7567E-08 1.7791E-08 1.7891E-08 1.7833E-08 1.7627E-08 1.7245E-08 1.6691E-08 1.5960E-08 1.5063E-08 1.4017E-08 1.2851E-08 1.1593E-08 1.0282E-08 8.9558E-09 7.6487E-09 6.4009E-09 5.2388E-09 4.1900E-09 3.2573E-09 2.4627E-09 1.8083E-09 1.2871E-09 8.7632E-10 5.5113E-10 3.1912E-10 1.8952E-10
2.7416E-09 2.9739E-09 3.1885E-09 3.4623E-09 3.7103E-09 3.9849E-09 4.3038E-09 4.6040E-09 4.9769E-09 5.3259E-09 5.7277E-09 6.1483E-09 6.5751E-09 7.0680E-09 7.5560E-09 8.0908E-09 8.6431E-09 9.2238E-09 9.8363E-09 1.0475E-08 1.1138E-08 1.1826E-08 1.2535E-08 1.3254E-08 1.3991E-08 1.4729E-08 1.5453E-08 1.6158E-08 1.6839E-08 1.7453E-08 1.8006E-08 1.8462E-08 1.8803E-08 1.9007E-08 1.9053E-08 1.8919E-08 1.8594E-08 1.8060E-08 1.7325E-08 1.6392E-08 1.5285E-08 1.4029E-08 1.2662E-08 1.1225E-08 9.7584E-09 8.3127E-09 6.9267E-09 5.6394E-09 4.4803E-09 3.4666E-09 2.5631E-09 1.8689E-09 1.3244E-09 8.9771E-10 5.7018E-10 3.2157E-10 1.7515E-10
2.5671E-09 2.7896E-09 2.9926E-09 3.2565E-09 3.4942E-09 3.7572E-09 4.0665E-09 4.3564E-09 4.7217E-09 5.0616E-09 5.4568E-09 5.8715E-09 6.2939E-09 6.7875E-09 7.2754E-09 7.8154E-09 8.3773E-09 8.9705E-09 9.6022E-09 1.0266E-08 1.0964E-08 1.1693E-08 1.2453E-08 1.3244E-08 1.4054E-08 1.4879E-08 1.5707E-08 1.6531E-08 1.7326E-08 1.8080E-08 1.8760E-08 1.9361E-08 1.9834E-08 2.0166E-08 2.0321E-08 2.0276E-08 2.0009E-08 1.9512E-08 1.8778E-08 1.7816E-08 1.6645E-08 1.5295E-08 1.3810E-08 1.2232E-08 1.0617E-08 9.0163E-09 7.4822E-09 6.0598E-09 4.7837E-09 3.6768E-09 2.7381E-09 1.9270E-09 1.3547E-09 9.2433E-10 5.9407E-10 3.4098E-10 1.7930E-10
2.3905E-09 2.6013E-09 2.7934E-09 3.0453E-09 3.2693E-09 3.5220E-09 3.8184E-09 4.0972E-09 4.4515E-09 4.7788E-09 5.1648E-09 5.5720E-09 5.9852E-09 6.4754E-09 6.9609E-09 7.5001E-09 8.0673E-09 8.6697E-09 9.3148E-09 1.0001E-08 1.0729E-08 1.1497E-08 1.2312E-08 1.3164E-08 1.4052E-08 1.4966E-08 1.5905E-08 1.6843E-08 1.7767E-08 1.8659E-08 1.9498E-08 2.0236E-08 2.0864E-08 2.1333E-08 2.1611E-08 2.1667E-08 2.1479E-08 2.1027E-08 2.0302E-08 1.9314E-08 1.8081E-08 1.6636E-08 1.5023E-08 1.3296E-08 1.1520E-08 9.7546E-09 8.0640E-09 6.4984E-09 5.1021E-09 3.8902E-09 2.8778E-09 2.0754E-09 1.3911E-09 9.5147E-10 6.2684E-10 3.7068E-10 2.0428E-10
2.2133E-09 2.4112E-09 2.5904E-09 2.8293E-09 3.0407E-09 3.2790E-09 3.5635E-09 3.8261E-09 4.1675E-09 4.4829E-09 4.8534E-09 5.2508E-09 5.6530E-09 6.1322E-09 6.6124E-09 7.1483E-09 7.7124E-09 8.3201E-09 8.9734E-09 9.6766E-09 1.0430E-08 1.1236E-08 1.2097E-08 1.3010E-08 1.3972E-08 1.4981E-08 1.6019E-08 1.7078E-08 1.8138E-08 1.9181E-08 2.0164E-08 2.1073E-08 2.1854E-08 2.2474E-08 2.2889E-08 2.3066E-08 2.2966E-08 2.2570E-08 2.1862E-08 2.0854E-08 1.9561E-08 1.8020E-08 1.6277E-08 1.4398E-08 1.2455E-08 1.0522E-08 8.6703E-09 6.9619E-09 5.4415E-09 4.1284E-09 3.0505E-09 2.1990E-09 1.5412E-09 9.8099E-10 6.5805E-10 4.2354E-10 2.3968E-10
2.0354E-09 2.2209E-09 2.3868E-09 2.6118E-09 2.8093E-09 3.0313E-09 3.3005E-09 3.5483E-09 3.8731E-09 4.1734E-09 4.5285E-09 4.9081E-09 5.2970E-09 5.7645E-09 6.2293E-09 6.7585E-09 7.3160E-09 7.9192E-09 8.5818E-09 9.2929E-09 1.0064E-08 1.0902E-08 1.1805E-08 1.2770E-08 1.3806E-08 1.4897E-08 1.6037E-08 1.7213E-08 1.8412E-08 1.9593E-08 2.0744E-08 2.1814E-08 2.2763E-08 2.3542E-08 2.4112E-08 2.4415E-08 2.4418E-08 2.4086E-08 2.3412E-08 2.2392E-08 2.1042E-08 1.9402E-08 1.7527E-08 1.5494E-08 1.3382E-08 1.1285E-08 9.2767E-09 7.4370E-09 5.7953E-09 4.3996E-09 3.2530E-09 2.3490E-09 1.6578E-09 1.1306E-09 6.9373E-10 4.7962E-10 2.8734E-10
1.8604E-09 2.0310E-09 2.1843E-09 2.3922E-09 2.5760E-09 2.7819E-09 3.0342E-09 3.2658E-09 3.5718E-09 3.8509E-09 4.1896E-09 4.5510E-09 4.9182E-09 5.3710E-09 5.8190E-09 6.3309E-09 6.8814E-09 7.4748E-09 8.1312E-09 8.8482E-09 9.6307E-09 1.0490E-08 1.1424E-08 1.2439E-08 1.3531E-08 1.4698E-08 1.5931E-08 1.7223E-08 1.8541E-08 1.9875E-08 2.1179E-08 2.2415E-08 2.3532E-08 2.4484E-08 2.5206E-08 2.5647E-08 2.5760E-08 2.5514E-08 2.4879E-08 2.3851E-08 2.2449E-08 2.0719E-08 1.8725E-08 1.6548E-08 1.4285E-08 1.2038E-08 9.8948E-09 7.9310E-09 6.1883E-09 4.7187E-09 3.5172E-09 2.5671E-09 1.8346E-09 1.2697E-09 8.6477E-10 5.2473E-10 3.4307E-10
1.6889E-09 1.8439E-09 1.9835E-09 2.1753E-09 2.3434E-09 2.5315E-09 2.7651E-09 2.9771E-09 3.2645E-09 3.5232E-09 3.8378E-09 4.1800E-09 4.5252E-09 4.9533E-09 5.3848E-09 5.8748E-09 6.4047E-09 6.9852E-09 7.6306E-09 8.3409E-09 9.1287E-09 9.9952E-09 1.0950E-08 1.1997E-08 1.3137E-08 1.4364E-08 1.5682E-08 1.7066E-08 1.8504E-08 1.9969E-08 2.1420E-08 2.2812E-08 2.4100E-08 2.5214E-08 2.6092E-08 2.6678E-08 2.6913E-08 2.6753E-08 2.6160E-08 2.5138E-08 2.3702E-08 2.1898E-08 1.9801E-08 1.7508E-08 1.5126E-08 1.2765E-08 1.0520E-08 8.4621E-09 6.6534E-09 5.1180E-09 3.8620E-09 2.8598E-09 2.0736E-09 1.4739E-09 1.0272E-09 6.6356E-10 3.8598E-10
1.5236E-09 1.6615E-09 1.7883E-09 1.9627E-09 2.1126E-09 2.2846E-09 2.4976E-09 2.6913E-09 2.9534E-09 3.1920E-09 3.4821E-09 3.7976E-09 4.1206E-09 4.5232E-09 4.9243E-09 5.3920E-09 5.8964E-09 6.4536E-09 7.0813E-09 7.7758E-09 8.5516E-09 9.4148E-09 1.0376E-08 1.1441E-08 1.2606E-08 1.3882E-08 1.5256E-08 1.6717E-08 1.8252E-08 1.9829E-08 2.1405E-08 2.2947E-08 2.4382E-08 2.5648E-08 2.6679E-08 2.7405E-08 2.7758E-08 2.7680E-08 2.7148E-08 2.6145E-08 2.4692E-08 2.2852E-08 2.0698E-08 1.8341E-08 1.5888E-08 1.3459E-08 1.1155E-08 9.0491E-09 7.1924E-09 5.6072E-09 4.3054E-09 3.2443E-09 2.3924E-09 1.7307E-09 1.2232E-09 8.2322E-10 4.7069E-10
1.3646E-09 1.4867E-09 1.6004E-09 1.7557E-09 1.8899E-09 2.0443E-09 2.2348E-09 2.4105E-09 2.6471E-09 2.8622E-09 3.1249E-09 3.4148E-09 3.7087E-09 4.0818E-09 4.4523E-09 4.8868E-09 5.3635E-09 5.8891E-09 6.4849E-09 7.1539E-09 7.9053E-09 8.7512E-09 9.7027E-09 1.0760E-08 1.1936E-08 1.3229E-08 1.4634E-08 1.6146E-08 1.7748E-08 1.9403E-08 2.1087E-08 2.2739E-08 2.4298E-08 2.5696E-08 2.6861E-08 2.7708E-08 2.8167E-08 2.8183E-08 2.7715E-08 2.6760E-08 2.5336E-08 2.3514E-08 2.1365E-08 1.9008E-08 1.6562E-08 1.4141E-08 1.1839E-08 9.7247E-09 7.8531E-09 6.2375E-09 4.8792E-09 3.7413E-09 2.7997E-09 2.0595E-09 1.4771E-09 1.0134E-09 6.3382E-10
1.2128E-09 1.3212E-09 1.4205E-09 1.5587E-09 1.6759E-09 1.8135E-09 1.9823E-09 2.1384E-09 2.3484E-09 2.5407E-09 2.7749E-09 3.0345E-09 3.3000E-09 3.6351E-09 3.9732E-09 4.3715E-09 4.8086E-09 5.2966E-09 5.8543E-09 6.4845E-09 7.1978E-09 8.0104E-09 8.9283E-09 9.9596E-09 1.1117E-08 1.2399E-08 1.3805E-08 1.5333E-08 1.6960E-08 1.8662E-08 2.0406E-08 2.2130E-08 2.3774E-08 2.5271E-08 2.6533E-08 2.7477E-08 2.8034E-08 2.8148E-08 2.7766E-08 2.6902E-08 2.5571E-08 2.3830E-08 2.1787E-08 1.9519E-08 1.7166E-08 1.4819E-08 1.2593E-08 1.0524E-08 8.6673E-09 7.0297E-09 5.5937E-09 4.3688E-09 3.3287E-09 2.4823E-09 1.7993E-09 1.2506E-09 8.2345E-10
1.0699E-09 1.1651E-09 1.2514E-09 1.3712E-09 1.4740E-09 1.5942E-09 1.7424E-09 1.8791E-09 2.0626E-09 2.2308E-09 2.4361E-09 2.6646E-09 2.8992E-09 3.1951E-09 3.4958E-09 3.8515E-09 4.2466E-09 4.6881E-09 5.1994E-09 5.7790E-09 6.4391E-09 7.2018E-09 8.0665E-09 9.0481E-09 1.0159E-08 1.1396E-08 1.2769E-08 1.4270E-08 1.5879E-08 1.7581E-08 1.9331E-08 2.1076E-08 2.2759E-08 2.4303E-08 2.5620E-08 2.6646E-08 2.7293E-08 2.7508E-08 2.7268E-08 2.6546E-08 2.5382E-08 2.3821E-08 2.1963E-08 1.9885E-08 1.7726E-08 1.5553E-08 1.3466E-08 1.1477E-08 9.6353E-09 7.9706E-09 6.4620E-09 5.1320E-09 3.9794E-09 3.0130E-09 2.2129E-09 1.5643E-09 1.0538E-09
9.3603E-10 1.0190E-09 1.0937E-09 1.1955E-09 1.2863E-09 1.3883E-09 1.5172E-09 1.6343E-09 1.7921E-09 1.9375E-09 2.1128E-09 2.3105E-09 2.5137E-09 2.7680E-09 3.0306E-09 3.3398E-09 3.6877E-09 4.0778E-09 4.5335E-09 5.0529E-09 5.6486E-09 6.3439E-09 7.1362E-09 8.0461E-09 9.0801E-09 1.0241E-08 1.1544E-08 1.2972E-08 1.4520E-08 1.6166E-08 1.7865E-08 1.9577E-08 2.1240E-08 2.2784E-08 2.4130E-08 2.5210E-08 2.5958E-08 2.6304E-08 2.6234E-08 2.5721E-08 2.4805E-08 2.3516E-08 2.1951E-08 2.0186E-08 1.8296E-08 1.6369E-08 1.4434E-08 1.2573E-08 1.0782E-08 9.0881E-09 7.5106E-09 6.0650E-09 4.7842E-09 3.6777E-09 2.7429E-09 1.9746E-09 1.3621E-09
8.1368E-10 8.8060E-10 9.4785E-10 1.0305E-09 1.1109E-09 1.1948E-09 1.3054E-09 1.4074E-09 1.5369E-09 1.6628E-09 1.8073E-09 1.9756E-09 2.1486E-09 2.3627E-09 2.5849E-09 2.8475E-09 3.1448E-09 3.4801E-09 3.8747E-09 4.3265E-09 4.8481E-09 5.4642E-09 6.1680E-09 6.9864E-09 7.9194E-09 8.9760E-09 1.0172E-08 1.1489E-08 1.2929E-08 1.4465E-08 1.6063E-08 1.7696E-08 1.9291E-08 2.0799E-08 2.2159E-08 2.3289E-08 2.4135E-08 2.4646E-08 2.4794E-08 2.4563E-08 2.3975E-08 2.3047E-08 2.1847E-08 2.0444E-08 1.8877E-08 1.7238E-08 1.5525E-08 1.3792E-08 1.2069E-08 1.0382E-08 8.7511E-09 7.2226E-09 5.8196E-09 4.5563E-09 3.4523E-09 2.5253E-09 1.7744E-09
6.9975E-10 7.4872E-10 8.0907E-10 8.7354E-10 9.4397E-10 1.0173E-09 1.1052E-09 1.1945E-09 1.2967E-09 1.4043E-09 1.5201E-09 1.6598E-09 1.8054E-09 1.9797E-09 2.1671E-09 2.3851E-09 2.6322E-09 2.9111E-09 3.2431E-09 3.6239E-09 4.0675E-09 4.5949E-09 5.2009E-09 5.9141E-09 6.7289E-09 7.6578E-09 8.7224E-09 9.8951E-09 1.1191E-08 1.2589E-08 1.4054E-08 1.5568E-08 1.7085E-08 1.8539E-08 1.9897E-08 2.1076E-08 2.2047E-08 2.2750E-08 2.3159E-08 2.3241E-08 2.3010E-08 2.2489E-08 2.1691E-08 2.0699E-08 1.9503E-08 1.8150E-08 1.6681E-08 1.5123E-08 1.3507E-08 1.1862E-08 1.0221E-08 8.6323E-09 7.1226E-09 5.7136E-09 4.4402E-09 3.3328E-09 2.3967E-09
5.9802E-10 6.4105E-10 6.8676E-10 7.3603E-10 7.8653E-10 8.5132E-10 9.1731E-10 9.9380E-10 1.0738E-09 1.1621E-09 1.2592E-09 1.3656E-09 1.4859E-09 1.6202E-09 1.7731E-09 1.9457E-09 2.1509E-09 2.3854E-09 2.6576E-09 2.9702E-09 3.3344E-09 3.7727E-09 4.2787E-09 4.8813E-09 5.5706E-09 6.3652E-09 7.2809E-09 8.3072E-09 9.4486E-09 1.0687E-08 1.2025E-08 1.3414E-08 1.4833E-08 1.6238E-08 1.7596E-08 1.8841E-08 1.9946E-08 2.0834E-08 2.1496E-08 2.1906E-08 2.2032E-08 2.1923E-08 2.1545E-08 2.0932E-08 2.0095E-08 1.9067E-08 1.7878E-08 1.6534E-08 1.5078E-08 1.3531E-08 1.1931E-08 1.0328E-08 8.7395E-09 7.2106E-09 5.7772E-09 4.4852E-09 3.3552E-09
