Assets/Resources/2015_m01_d22_2100(utc+0800)_l00_csi_1hr_conc.grd
DSAA
         159         159
     -79.000      79.000
     -79.000      79.000
  0.0000E+00  0.2467E-04
[rows 50 to 74 of 159, columns 57 to 113 of 159]
9.7711E-09 1.0120E-08 1.0460E-08 1.0795E-08 1.1116E-08 1.1394E-08 1.1638E-08 1.1851E-08 1.2041E-08 1.2202E-08 1.2333E-08 1.2422E-08 1.2469E-08 1.2474E-08 1.2441E-08 1.2365E-08 1.2254E-08 1.2116E-08 1.1929E-08 1.1708E-08 1.1472E-08 1.1212E-08 1.0908E-08 1.0598E-08 1.0276E-08 9.9525E-09 9.5809E-09 9.1977E-09 8.8043E-09 8.4477E-09 8.0695E-09 8.1706E-09 8.0455E-09 7.9533E-09 9.1487E-09 9.3567E-09 9.5354E-09 9.7640E-09 1.0626E-08 1.2433E-08 1.2432E-08 1.3292E-08 1.2699E-08 1.2863E-08 1.2419E-08 9.7877E-09 8.6148E-09 7.5548E-09 6.5896E-09 5.8324E-09 5.2102E-09 4.5723E-09 2.5326E-09 2.3392E-09 2.0943E-09 1.9674E-09 1.9296E-09
9.5857E-09 9.9453E-09 1.0283E-08 1.0612E-08 1.0926E-08 1.1228E-08 1.1499E-08 1.1729E-08 1.1927E-08 1.2105E-08 1.2250E-08 1.2360E-08 1.2427E-08 1.2452E-08 1.2439E-08 1.2386E-08 1.2310E-08 1.2183E-08 1.2034E-08 1.1837E-08 1.1628E-08 1.1389E-08 1.1121E-08 1.0843E-08 1.0548E-08 1.0210E-08 9.8761E-09 9.5579E-09 9.1870E-09 8.8108E-09 8.4339E-09 9.2168E-09 9.4393E-09 9.7351E-09 1.0036E-08 1.0321E-08 1.0683E-08 1.1882E-08 1.3120E-08 1.4647E-08 1.4959E-08 1.5457E-08 1.5847E-08 1.4787E-08 1.4556E-08 1.2977E-08 1.1591E-08 1.0287E-08 7.1728E-09 6.3040E-09 5.6307E-09 4.9792E-09 4.4521E-09 4.0373E-09 2.1017E-09 1.9116E-09 1.8693E-09
9.3982E-09 9.7568E-09 1.0105E-08 1.0437E-08 1.0747E-08 1.1052E-08 1.1337E-08 1.1596E-08 1.1813E-08 1.2001E-08 1.2164E-08 1.2292E-08 1.2380E-08 1.2428E-08 1.2437E-08 1.2422E-08 1.2356E-08 1.2269E-08 1.2137E-08 1.1988E-08 1.1800E-08 1.1596E-08 1.1381E-08 1.1113E-08 1.0851E-08 1.0586E-08 1.0267E-08 9.9317E-09 9.5837E-09 9.2687E-09 9.7382E-09 9.9557E-09 1.0304E-08 1.0718E-08 1.2822E-08 1.3530E-08 1.5572E-08 1.7316E-08 1.9660E-08 2.0215E-08 2.1149E-08 2.0771E-08 2.0613E-08 1.7325E-08 1.6232E-08 1.4476E-08 1.2898E-08 1.1470E-08 1.0160E-08 8.8879E-09 6.0867E-09 5.4263E-09 4.7988E-09 4.3560E-09 3.9241E-09 3.4507E-09 1.8049E-09
9.1855E-09 9.5650E-09 9.9177E-09 1.0256E-08 1.0578E-08 1.0874E-08 1.1170E-08 1.1438E-08 1.1684E-08 1.1892E-08 1.2068E-08 1.2216E-08 1.2326E-08 1.2397E-08 1.2443E-08 1.2441E-08 1.2416E-08 1.2350E-08 1.2276E-08 1.2142E-08 1.1996E-08 1.1838E-08 1.1655E-08 1.1456E-08 1.1225E-08 1.0959E-08 1.0676E-08 1.0422E-08 1.0116E-08 9.7998E-09 1.0470E-08 1.1663E-08 1.2556E-08 1.3536E-08 1.4504E-08 1.5606E-08 1.9591E-08 2.1702E-08 2.3823E-08 2.5496E-08 2.5232E-08 2.5577E-08 2.4335E-08 2.2994E-08 2.0685E-08 1.8507E-08 1.4355E-08 1.2762E-08 1.1333E-08 9.9784E-09 8.8389E-09 7.8783E-09 5.1982E-09 4.6536E-09 4.2521E-09 3.7681E-09 3.3522E-09
8.9806E-09 9.3458E-09 9.7164E-09 1.0061E-08 1.0396E-08 1.0709E-08 1.0997E-08 1.1280E-08 1.1533E-08 1.1757E-08 1.1965E-08 1.2130E-08 1.2262E-08 1.2370E-08 1.2430E-08 1.2470E-08 1.2465E-08 1.2459E-08 1.2397E-08 1.2311E-08 1.2218E-08 1.2102E-08 1.1981E-08 1.1807E-08 1.1609E-08 1.1438E-08 1.1206E-08 1.0959E-08 1.0698E-08 1.0426E-08 1.1965E-08 1.2917E-08 1.4089E-08 1.5341E-08 1.6769E-08 1.9799E-08 2.4589E-08 2.7866E-08 2.9040E-08 3.0461E-08 3.0304E-08 3.0197E-08 2.8741E-08 2.5965E-08 2.3349E-08 2.0918E-08 1.8696E-08 1.6627E-08 1.2639E-08 1.1167E-08 9.8354E-09 8.7930E-09 7.7690E-09 5.0191E-09 4.5422E-09 4.0840E-09 3.6252E-09
8.7473E-09 9.1275E-09 9.4914E-09 9.8560E-09 1.0195E-08 1.0518E-08 1.0824E-08 1.1105E-08 1.1371E-08 1.1616E-08 1.1829E-08 1.2031E-08 1.2194E-08 1.2320E-08 1.2422E-08 1.2480E-08 1.2540E-08 1.2544E-08 1.2527E-08 1.2511E-08 1.2455E-08 1.2408E-08 1.2307E-08 1.2231E-08 1.2099E-08 1.1944E-08 1.1774E-08 1.1587E-08 1.1387E-08 1.1172E-08 1.3172E-08 1.4452E-08 1.5976E-08 1.7813E-08 2.1639E-08 2.5664E-08 2.9859E-08 3.3917E-08 3.4379E-08 3.6482E-08 3.5455E-08 3.5646E-08 3.2359E-08 2.9236E-08 2.6290E-08 2.3575E-08 2.1068E-08 1.8805E-08 1.6743E-08 1.4794E-08 1.0964E-08 9.7320E-09 8.6705E-09 7.6076E-09 6.7132E-09 4.3811E-09 3.8899E-09
8.5148E-09 8.8878E-09 9.2612E-09 9.6228E-09 9.9768E-09 1.0317E-08 1.0631E-08 1.0929E-08 1.1202E-08 1.1445E-08 1.1690E-08 1.1900E-08 1.2104E-08 1.2269E-08 1.2388E-08 1.2510E-08 1.2579E-08 1.2631E-08 1.2680E-08 1.2699E-08 1.2723E-08 1.2703E-08 1.2711E-08 1.2666E-08 1.2603E-08 1.2521E-08 1.2425E-08 1.2317E-08 1.2194E-08 1.2051E-08 1.4632E-08 1.6326E-08 1.8346E-08 2.3405E-08 2.8099E-08 3.3971E-08 3.6737E-08 4.0309E-08 4.1230E-08 4.2730E-08 4.1897E-08 4.0110E-08 3.6391E-08 3.2866E-08 2.9589E-08 2.6532E-08 2.3726E-08 2.1173E-08 1.8853E-08 1.6728E-08 1.4698E-08 1.0782E-08 9.5781E-09 8.4602E-09 7.4264E-09 6.5433E-09 4.1684E-09
8.2652E-09 8.6406E-09 9.0101E-09 9.3813E-09 9.7387E-09 1.0089E-08 1.0420E-08 1.0729E-08 1.1020E-08 1.1287E-08 1.1521E-08 1.1771E-08 1.1984E-08 1.2173E-08 1.2362E-08 1.2495E-08 1.2616E-08 1.2721E-08 1.2820E-08 1.2916E-08 1.2972E-08 1.3064E-08 1.3111E-08 1.3145E-08 1.3164E-08 1.3171E-08 1.3169E-08 1.3155E-08 1.3125E-08 1.3077E-08 1.6383E-08 1.8612E-08 2.4831E-08 3.0381E-08 3.8152E-08 4.1696E-08 4.6875E-08 4.8235E-08 5.0928E-08 5.0400E-08 4.9017E-08 4.5045E-08 4.0886E-08 3.6897E-08 3.3234E-08 2.9824E-08 2.6673E-08 2.3787E-08 2.1147E-08 1.8765E-08 1.6562E-08 1.4494E-08 1.2711E-08 9.3143E-09 8.1772E-09 7.1851E-09 6.2925E-09
7.9974E-09 8.3747E-09 8.7497E-09 9.1167E-09 9.4864E-09 9.8385E-09 1.0183E-08 1.0509E-08 1.0813E-08 1.1093E-08 1.1359E-08 1.1605E-08 1.1846E-08 1.2078E-08 1.2280E-08 1.2481E-08 1.2631E-08 1.2812E-08 1.2962E-08 1.3100E-08 1.3274E-08 1.3412E-08 1.3543E-08 1.3666E-08 1.3783E-08 1.3896E-08 1.4004E-08 1.4105E-08 1.4192E-08 1.5683E-08 1.8477E-08 2.1848E-08 3.2424E-08 3.8673E-08 4.6898E-08 5.0942E-08 5.6088E-08 6.0046E-08 6.0023E-08 5.9084E-08 5.4992E-08 5.0542E-08 4.5850E-08 4.1363E-08 3.7251E-08 3.3442E-08 2.9898E-08 2.6633E-08 2.3665E-08 2.0981E-08 1.8497E-08 1.6229E-08 1.4182E-08 1.2366E-08 8.9607E-09 7.8610E-09 6.8609E-09
7.7071E-09 8.0911E-09 8.4689E-09 8.8414E-09 9.2071E-09 9.5707E-09 9.9215E-09 1.0262E-08 1.0583E-08 1.0879E-08 1.1167E-08 1.1440E-08 1.1694E-08 1.1946E-08 1.2192E-08 1.2410E-08 1.2655E-08 1.2864E-08 1.3083E-08 1.3329E-08 1.3547E-08 1.3771E-08 1.3998E-08 1.4226E-08 1.4456E-08 1.4693E-08 1.4932E-08 1.5168E-08 1.5394E-08 1.8068E-08 2.1441E-08 2.9412E-08 4.1222E-08 4.7839E-08 5.7073E-08 6.4341E-08 6.6812E-08 7.0700E-08 7.0238E-08 6.6136E-08 6.1591E-08 5.6629E-08 5.1303E-08 4.6307E-08 4.1617E-08 3.7359E-08 3.3380E-08 2.9728E-08 2.6388E-08 2.3347E-08 2.0576E-08 1.8032E-08 1.5741E-08 1.3699E-08 9.7781E-09 8.5519E-09 7.4624E-09
7.3923E-09 7.7767E-09 8.1560E-09 8.5337E-09 8.9035E-09 9.2659E-09 9.6239E-09 9.9748E-09 1.0305E-08 1.0630E-08 1.0936E-08 1.1225E-08 1.1507E-08 1.1783E-08 1.2062E-08 1.2349E-08 1.2618E-08 1.2901E-08 1.3212E-08 1.3512E-08 1.3819E-08 1.4140E-08 1.4471E-08 1.4817E-08 1.5178E-08 1.5557E-08 1.5947E-08 1.6341E-08 1.6733E-08 2.0613E-08 2.9155E-08 3.8673E-08 5.1026E-08 5.9108E-08 6.8274E-08 7.6409E-08 7.8398E-08 8.2457E-08 7.8414E-08 7.3958E-08 6.8870E-08 6.3299E-08 5.7284E-08 5.1661E-08 4.6325E-08 4.1541E-08 3.7122E-08 3.3034E-08 2.9282E-08 2.5871E-08 2.2763E-08 1.9909E-08 1.7358E-08 1.5100E-08 1.3066E-08 9.2582E-09 8.0694E-09
7.0699E-09 7.4487E-09 7.8288E-09 8.2085E-09 8.5811E-09 8.9496E-09 9.3102E-09 9.6641E-09 1.0008E-08 1.0346E-08 1.0677E-08 1.0988E-08 1.1294E-08 1.1598E-08 1.1910E-08 1.2239E-08 1.2569E-08 1.2917E-08 1.3295E-08 1.3682E-08 1.4082E-08 1.4507E-08 1.4955E-08 1.5432E-08 1.5940E-08 1.6477E-08 1.7038E-08 1.7614E-08 1.8238E-08 2.8328E-08 3.7862E-08 5.2759E-08 6.2773E-08 7.5018E-08 8.1735E-08 8.9591E-08 9.1773E-08 9.1758E-08 8.7397E-08 8.2530E-08 7.6870E-08 7.0535E-08 6.3796E-08 5.7363E-08 5.1425E-08 4.5974E-08 4.1066E-08 3.6511E-08 3.2327E-08 2.8507E-08 2.5031E-08 2.1867E-08 1.9035E-08 1.6507E-08 1.4292E-08 1.2306E-08 8.6448E-09
6.7443E-09 7.1200E-09 7.4993E-09 7.8775E-09 8.2514E-09 8.6224E-09 8.9870E-09 9.3426E-09 9.6885E-09 1.0047E-08 1.0386E-08 1.0729E-08 1.1059E-08 1.1390E-08 1.1735E-08 1.2101E-08 1.2491E-08 1.2920E-08 1.3354E-08 1.3818E-08 1.4313E-08 1.4863E-08 1.5438E-08 1.6057E-08 1.6725E-08 1.7438E-08 1.8189E-08 1.8989E-08 2.0747E-08 3.6568E-08 5.2661E-08 6.4011E-08 7.9985E-08 8.8961E-08 1.0045E-07 1.0456E-07 1.0592E-07 1.0189E-07 9.7196E-08 9.1860E-08 8.5552E-08 7.8295E-08 7.0712E-08 6.3384E-08 5.6786E-08 5.0572E-08 4.5157E-08 4.0113E-08 3.5466E-08 3.1223E-08 2.7373E-08 2.3868E-08 2.0740E-08 1.7944E-08 1.5517E-08 1.3322E-08 1.1395E-08
6.4052E-09 6.7758E-09 7.1514E-09 7.5261E-09 7.8994E-09 8.2715E-09 8.6391E-09 8.9979E-09 9.3567E-09 9.7134E-09 1.0079E-08 1.0427E-08 1.0794E-08 1.1153E-08 1.1534E-08 1.1937E-08 1.2377E-08 1.2861E-08 1.3370E-08 1.3927E-08 1.4530E-08 1.5181E-08 1.5903E-08 1.6677E-08 1.7517E-08 1.8421E-08 1.9393E-08 2.1139E-08 2.8711E-08 4.5185E-08 6.3184E-08 7.6353E-08 9.4294E-08 1.0461E-07 1.1686E-07 1.2036E-07 1.1721E-07 1.1287E-07 1.0777E-07 1.0190E-07 9.4826E-08 8.6633E-08 7.7952E-08 6.9811E-08 6.2317E-08 5.5469E-08 4.9321E-08 4.3762E-08 3.8648E-08 3.3975E-08 2.9730E-08 2.5876E-08 2.2441E-08 1.9385E-08 1.6695E-08 1.4353E-08 1.2250E-08
6.0593E-09 6.4231E-09 6.7923E-09 7.1603E-09 7.5304E-09 7.9011E-09 8.2691E-09 8.6292E-09 8.9969E-09 9.3635E-09 9.7258E-09 1.0100E-08 1.0482E-08 1.0876E-08 1.1296E-08 1.1749E-08 1.2250E-08 1.2768E-08 1.3352E-08 1.3996E-08 1.4696E-08 1.5474E-08 1.6325E-08 1.7258E-08 1.8295E-08 1.9406E-08 2.1290E-08 2.9008E-08 4.1391E-08 5.4617E-08 7.4171E-08 9.0043E-08 1.0987E-07 1.2194E-07 1.3402E-07 1.3282E-07 1.2939E-07 1.2465E-07 1.1906E-07 1.1253E-07 1.0457E-07 9.5327E-08 8.5390E-08 7.6403E-08 6.7915E-08 6.0408E-08 5.3455E-08 4.7399E-08 4.1810E-08 3.6695E-08 3.2062E-08 2.7854E-08 2.4103E-08 2.0770E-08 1.7866E-08 1.5352E-08 1.3064E-08
5.7087E-09 6.0636E-09 6.4228E-09 6.7824E-09 7.1472E-09 7.5131E-09 7.8769E-09 8.2387E-09 8.6100E-09 8.9834E-09 9.3540E-09 9.7380E-09 1.0137E-08 1.0556E-08 1.1009E-08 1.1513E-08 1.2060E-08 1.2640E-08 1.3285E-08 1.4010E-08 1.4810E-08 1.5708E-08 1.6704E-08 1.7813E-08 1.9025E-08 2.1030E-08 2.9160E-08 3.7220E-08 4.9792E-08 6.4627E-08 8.6227E-08 1.0524E-07 1.2712E-07 1.4505E-07 1.4739E-07 1.4620E-07 1.4238E-07 1.3712E-07 1.3094E-07 1.2360E-07 1.1460E-07 1.0422E-07 9.3156E-08 8.3019E-08 7.3644E-08 6.5266E-08 5.7625E-08 5.0923E-08 4.4863E-08 3.9322E-08 3.4304E-08 2.9747E-08 2.5704E-08 2.2117E-08 1.8989E-08 1.6272E-08 1.3851E-08
5.3553E-09 5.6984E-09 6.0459E-09 6.3952E-09 6.7518E-09 7.1106E-09 7.4678E-09 7.8288E-09 8.2008E-09 8.5786E-09 8.9538E-09 9.3495E-09 9.7631E-09 1.0195E-08 1.0688E-08 1.1229E-08 1.1821E-08 1.2458E-08 1.3169E-08 1.3967E-08 1.4864E-08 1.5877E-08 1.7017E-08 1.8286E-08 1.9727E-08 2.8757E-08 3.6428E-08 5.0426E-08 5.7680E-08 7.9529E-08 9.8927E-08 1.2589E-07 1.4525E-07 1.5862E-07 1.6168E-07 1.6043E-07 1.5605E-07 1.5018E-07 1.4323E-07 1.3486E-07 1.2472E-07 1.1315E-07 1.0093E-07 8.9482E-08 7.9286E-08 6.9926E-08 6.1675E-08 5.4228E-08 4.7728E-08 4.1789E-08 3.6380E-08 3.1519E-08 2.7202E-08 2.3363E-08 2.0012E-08 1.7137E-08 1.4578E-08
5.0000E-09 5.3294E-09 5.6633E-09 6.0001E-09 6.3462E-09 6.6955E-09 7.0437E-09 7.4009E-09 7.7719E-09 8.1474E-09 8.5261E-09 8.9307E-09 9.3598E-09 9.8087E-09 1.0319E-08 1.0907E-08 1.1520E-08 1.2218E-08 1.2994E-08 1.3867E-08 1.4852E-08 1.5969E-08 1.7242E-08 1.8690E-08 2.1226E-08 3.5597E-08 4.3321E-08 5.7742E-08 6.5704E-08 8.8443E-08 1.1682E-07 1.4155E-07 1.6278E-07 1.7291E-07 1.7676E-07 1.7533E-07 1.7025E-07 1.6358E-07 1.5564E-07 1.4609E-07 1.3470E-07 1.2187E-07 1.0847E-07 9.5805E-08 8.4618E-08 7.4352E-08 6.5420E-08 5.7286E-08 5.0316E-08 4.3991E-08 3.8269E-08 3.3118E-08 2.8542E-08 2.4478E-08 2.0942E-08 1.7911E-08 1.5203E-08
4.6453E-09 4.9594E-09 5.2780E-09 5.6005E-09 5.9340E-09 6.2715E-09 6.6084E-09 6.9589E-09 7.3255E-09 7.6940E-09 8.0745E-09 8.4857E-09 8.9156E-09 9.3828E-09 9.9235E-09 1.0514E-08 1.1174E-08 1.1910E-08 1.2743E-08 1.3687E-08 1.4757E-08 1.5978E-08 1.7376E-08 1.9729E-08 2.8384E-08 4.1693E-08 5.0859E-08 6.4279E-08 7.9171E-08 9.6421E-08 1.2798E-07 1.5554E-07 1.7503E-07 1.8758E-07 1.9231E-07 1.9063E-07 1.8464E-07 1.7699E-07 1.6788E-07 1.5701E-07 1.4427E-07 1.3014E-07 1.1556E-07 1.0185E-07 8.9459E-08 7.8506E-08 6.8721E-08 6.0115E-08 5.2522E-08 4.5898E-08 3.9890E-08 3.4472E-08 2.9683E-08 2.5433E-08 2.1730E-08 1.8546E-08 1.5751E-08
4.2739E-09 4.5766E-09 4.8782E-09 5.1913E-09 5.5099E-09 5.8334E-09 6.1583E-09 6.4978E-09 6.8569E-09 7.2097E-09 7.5881E-09 8.0029E-09 8.4335E-09 8.9077E-09 9.4684E-09 1.0082E-08 1.0757E-08 1.1538E-08 1.2417E-08 1.3410E-08 1.4562E-08 1.5881E-08 1.8073E-08 2.6404E-08 3.5034E-08 4.8493E-08 6.2338E-08 7.1369E-08 8.5207E-08 1.0468E-07 1.3618E-07 1.6267E-07 1.8663E-07 2.0203E-07 2.0779E-07 2.0583E-07 1.9873E-07 1.8991E-07 1.7961E-07 1.6727E-07 1.5310E-07 1.3766E-07 1.2195E-07 1.0726E-07 9.3697E-08 8.2076E-08 7.1458E-08 6.2460E-08 5.4293E-08 4.7415E-08 4.1164E-08 3.5562E-08 3.0603E-08 2.6176E-08 2.2356E-08 1.9063E-08 1.6182E-08
3.9179E-09 4.1965E-09 4.4803E-09 4.7721E-09 5.0739E-09 5.3848E-09 5.6930E-09 6.0202E-09 6.3698E-09 6.7175E-09 7.0904E-09 7.5050E-09 7.9308E-09 8.4139E-09 8.9887E-09 9.6097E-09 1.0299E-08 1.1086E-08 1.2008E-08 1.3056E-08 1.4262E-08 1.5726E-08 2.4200E-08 3.2356E-08 4.5654E-08 5.4538E-08 6.8575E-08 7.7667E-08 9.6388E-08 1.1118E-07 1.3624E-07 1.6753E-07 1.9649E-07 2.1527E-07 2.2236E-07 2.2015E-07 2.1187E-07 2.0170E-07 1.9042E-07 1.7649E-07 1.6127E-07 1.4414E-07 1.2738E-07 1.1180E-07 9.7478E-08 8.4908E-08 7.3860E-08 6.4236E-08 5.5773E-08 4.8488E-08 4.2070E-08 3.6336E-08 3.1231E-08 2.6723E-08 2.2805E-08 1.9424E-08 1.6484E-08
3.5807E-09 3.8422E-09 4.1078E-09 4.3782E-09 4.6623E-09 4.9541E-09 5.2451E-09 5.5563E-09 5.8931E-09 6.2268E-09 6.5896E-09 6.9948E-09 7.4143E-09 7.8975E-09 8.4774E-09 9.1029E-09 9.8014E-09 1.0603E-08 1.1525E-08 1.2616E-08 1.3893E-08 1.6526E-08 2.8865E-08 4.2228E-08 5.0128E-08 6.4694E-08 7.3018E-08 8.8143E-08 1.0161E-07 1.1440E-07 1.3439E-07 1.6880E-07 2.0311E-07 2.2589E-07 2.3476E-07 2.3255E-07 2.2334E-07 2.1190E-07 2.1550E-07 3.5652E-07 3.2429E-07 1.5913E-07 1.3163E-07 1.1528E-07 1.0034E-07 8.6902E-08 7.5526E-08 6.5340E-08 5.6722E-08 4.9072E-08 4.2557E-08 3.6743E-08 3.1578E-08 2.7020E-08 2.3063E-08 1.9616E-08 1.6644E-08
3.2569E-09 3.4996E-09 3.7457E-09 3.9986E-09 4.2641E-09 4.5360E-09 4.8096E-09 5.1039E-09 5.4261E-09 5.7431E-09 6.0914E-09 6.4859E-09 6.8946E-09 7.3707E-09 7.9485E-09 8.5667E-09 9.2628E-09 1.0066E-08 1.0999E-08 1.2098E-08 1.4065E-08 2.5880E-08 3.2523E-08 4.5890E-08 5.3524E-08 6.8090E-08 7.6427E-08 9.1339E-08 1.0361E-07 1.1177E-07 1.2972E-07 1.6506E-07 2.0462E-07 2.3196E-07 2.4330E-07 2.4178E-07 2.3744E-07 5.6881E-07 1.8135E-06 2.3969E-06 8.4672E-07 1.7696E-07 1.3443E-07 1.1753E-07 1.0214E-07 8.8250E-08 7.6376E-08 6.5952E-08 5.7071E-08 4.9247E-08 4.2619E-08 3.6796E-08 3.1612E-08 2.7056E-08 2.3103E-08 1.9644E-08 1.6640E-08
2.9485E-09 3.1702E-09 3.3982E-09 3.6305E-09 3.8755E-09 4.1284E-09 4.3846E-09 4.6599E-09 4.9632E-09 5.2642E-09 5.5957E-09 5.9747E-09 6.3680E-09 6.8300E-09 7.3945E-09 8.0013E-09 8.6857E-09 9.4802E-09 1.0414E-08 1.2054E-08 1.8512E-08 2.8810E-08 3.6534E-08 4.8345E-08 5.7189E-08 7.0101E-08 8.5165E-08 9.1766E-08 9.8854E-08 1.0706E-07 1.2240E-07 1.5626E-07 1.9905E-07 2.3128E-07 2.4611E-07 2.7168E-07 1.5157E-06 5.3323E-06 4.9660E-06 1.5427E-06 2.8066E-07 1.5441E-07 1.3562E-07 1.1838E-07 1.0274E-07 8.8684E-08 7.6364E-08 6.5913E-08 5.6781E-08 4.8999E-08 4.2230E-08 3.6488E-08 3.1330E-08 2.6828E-08 2.2914E-08 1.9486E-08 1.6511E-08
2.6551E-09 2.8573E-09 3.0667E-09 3.2790E-09 3.5050E-09 3.7379E-09 3.9725E-09 4.2273E-09 4.5105E-09 4.7945E-09 5.1053E-09 5.4668E-09 5.8437E-09 6.2833E-09 6.8262E-09 7.4141E-09 8.0772E-09 8.8571E-09 1.0246E-08 1.5918E-08 2.2002E-08 3.2158E-08 3.9502E-08 5.1127E-08 5.9760E-08 7.2355E-08 8.4602E-08 8.6223E-08 9.2792E-08 1.0038E-07 6.5942E-07 1.5584E-06 1.2422E-06 9.8445E-07 8.6877E-07 2.8351E-06 7.1832E-06 4.8229E-06 9.8218E-07 2.2083E-07 1.7381E-07 1.5390E-07 1.3500E-07 1.1771E-07 1.0207E-07 8.8051E-08 7.5592E-08 6.5137E-08 5.5958E-08 4.8221E-08 4.1442E-08 3.5786E-08 3.0778E-08 2.6326E-08 2.2493E-08 1.9150E-08 1.6263E-08
