Assets/Resources/2015_m01_d19_0900(utc+0800)_l00_csi_1hr_conc.grd
DSAA
         159         159
     -79.000      79.000
     -79.000      79.000
  0.0000E+00  0.6416E-06
[rows 0 to 24 of 159, columns 57 to 113 of 159]
0.0000E+00 0.0000E+00 0.0000E+00 0.0000E+00 0.0000E+00 0.0000E+00 0.0000E+00 1.5518E-13 7.3426E-13 1.9935E-12 3.7252E-12 5.8538E-12 8.3341E-12 1.0975E-11 1.4022E-11 1.7071E-11 2.0477E-11 2.4214E-11 2.8093E-11 3.2664E-11 3.9009E-11 4.5090E-11 5.1567E-11 5.9332E-11 6.7135E-11 7.5277E-11 8.4404E-11 9.2338E-11 1.0086E-10 1.1043E-10 1.2018E-10 1.2910E-10 1.3729E-10 1.4713E-10 1.5600E-10 1.6546E-10 1.7458E-10 1.8349E-10 1.9262E-10 2.0009E-10 2.0736E-10 2.1594E-10 2.2378E-10 2.3108E-10 2.3824E-10 2.4410E-10 2.4975E-10 2.5711E-10 2.6359E-10 2.6877E-10 2.7470E-10 2.7902E-10 2.8261E-10 2.8575E-10 2.8903E-10 2.9243E-10 2.9509E-10
0.0000E+00 0.0000E+00 0.0000E+00 0.0000E+00 0.0000E+00 0.0000E+00 2.7730E-13 9.3476E-13 2.4791E-12 4.2228E-12 6.9096E-12 9.4313E-12 1.2540E-11 1.5912E-11 1.9611E-11 2.3751E-11 2.8121E-11 3.2913E-11 3.8365E-11 4.5751E-11 5.3340E-11 6.0440E-11 6.9612E-11 7.9228E-11 8.7956E-11 9.7703E-11 1.0764E-10 1.1770E-10 1.2890E-10 1.3973E-10 1.4926E-10 1.5945E-10 1.7062E-10 1.8231E-10 1.9242E-10 2.0357E-10 2.1276E-10 2.2179E-10 2.3195E-10 2.4108E-10 2.5103E-10 2.5924E-10 2.6678E-10 2.7380E-10 2.8019E-10 2.8777E-10 2.9623E-10 3.0253E-10 3.0814E-10 3.1393E-10 3.1872E-10 3.2280E-10 3.2697E-10 3.3033E-10 3.3289E-10 3.3451E-10 3.3580E-10
0.0000E+00 0.0000E+00 0.0000E+00 0.0000E+00 0.0000E+00 3.6058E-13 1.1220E-12 2.8186E-12 4.8873E-12 7.6213E-12 1.0420E-11 1.4031E-11 1.7895E-11 2.2129E-11 2.6730E-11 3.1807E-11 3.7408E-11 4.3953E-11 5.2679E-11 6.0193E-11 6.8801E-11 7.9834E-11 9.0040E-11 1.0045E-10 1.1210E-10 1.2359E-10 1.3536E-10 1.4800E-10 1.5983E-10 1.7186E-10 1.8429E-10 1.9721E-10 2.0972E-10 2.2088E-10 2.3336E-10 2.4467E-10 2.5645E-10 2.6740E-10 2.7863E-10 2.8967E-10 2.9830E-10 3.0723E-10 3.1652E-10 3.2486E-10 3.3321E-10 3.4090E-10 3.4710E-10 3.5333E-10 3.5942E-10 3.6422E-10 3.6858E-10 3.7325E-10 3.7603E-10 3.7806E-10 3.8025E-10 3.8311E-10 3.8464E-10
0.0000E+00 0.0000E+00 0.0000E+00 0.0000E+00 4.0179E-13 1.2610E-12 3.0470E-12 5.3391E-12 8.2810E-12 1.1688E-11 1.5418E-11 1.9990E-11 2.4502E-11 2.9787E-11 3.5390E-11 4.1986E-11 4.9670E-11 5.8789E-11 6.8053E-11 7.8053E-11 8.9909E-11 1.0207E-10 1.1359E-10 1.2673E-10 1.4063E-10 1.5380E-10 1.6778E-10 1.8174E-10 1.9595E-10 2.1065E-10 2.2460E-10 2.3950E-10 2.5288E-10 2.6720E-10 2.8187E-10 2.9471E-10 3.0824E-10 3.2030E-10 3.3118E-10 3.4333E-10 3.5337E-10 3.6468E-10 3.7398E-10 3.8239E-10 3.9055E-10 3.9782E-10 4.0434E-10 4.1092E-10 4.1634E-10 4.2175E-10 4.2637E-10 4.2937E-10 4.3191E-10 4.3433E-10 4.3571E-10 4.3633E-10 4.3685E-10
0.0000E+00 0.0000E+00 0.0000E+00 3.9836E-13 1.3375E-12 3.1365E-12 5.8311E-12 9.0628E-12 1.2732E-11 1.6883E-11 2.1625E-11 2.6529E-11 3.2584E-11 3.8837E-11 4.6349E-11 5.4895E-11 6.4380E-11 7.5310E-11 8.6759E-11 9.9863E-11 1.1322E-10 1.2665E-10 1.4222E-10 1.5759E-10 1.7271E-10 1.8929E-10 2.0564E-10 2.2214E-10 2.3856E-10 2.5527E-10 2.7157E-10 2.8834E-10 3.0517E-10 3.2159E-10 3.3631E-10 3.5205E-10 3.6606E-10 3.8024E-10 3.9334E-10 4.0587E-10 4.1818E-10 4.2888E-10 4.3909E-10 4.4846E-10 4.5696E-10 4.6413E-10 4.7124E-10 4.7715E-10 4.8202E-10 4.8676E-10 4.9041E-10 4.9310E-10 4.9480E-10 4.9595E-10 4.9726E-10 4.9876E-10 4.9872E-10
0.0000E+00 0.0000E+00 3.4831E-13 1.3736E-12 3.2890E-12 6.1811E-12 9.6006E-12 1.3510E-11 1.7889E-11 2.3029E-11 2.8676E-11 3.4975E-11 4.2296E-11 5.0446E-11 6.0050E-11 7.0251E-11 8.2481E-11 9.5418E-11 1.0987E-10 1.2476E-10 1.4020E-10 1.5743E-10 1.7502E-10 1.9226E-10 2.1082E-10 2.2990E-10 2.4893E-10 2.6783E-10 2.8703E-10 3.0667E-10 3.2700E-10 3.4573E-10 3.6447E-10 3.8229E-10 4.0016E-10 4.1776E-10 4.3403E-10 4.5004E-10 4.6485E-10 4.7770E-10 4.9115E-10 5.0247E-10 5.1425E-10 5.2341E-10 5.3150E-10 5.3921E-10 5.4547E-10 5.5111E-10 5.5666E-10 5.6057E-10 5.6359E-10 5.6550E-10 5.6682E-10 5.6770E-10 5.6731E-10 5.6601E-10 5.6458E-10
0.0000E+00 2.5026E-13 1.4097E-12 3.4100E-12 6.4075E-12 9.9400E-12 1.3944E-11 1.8846E-11 2.4405E-11 3.0629E-11 3.7513E-11 4.5359E-11 5.4179E-11 6.4865E-11 7.6132E-11 8.9144E-11 1.0351E-10 1.1905E-10 1.3611E-10 1.5361E-10 1.7280E-10 1.9248E-10 2.1210E-10 2.3409E-10 2.5604E-10 2.7734E-10 2.9965E-10 3.2200E-10 3.4392E-10 3.6679E-10 3.8964E-10 4.1132E-10 4.3259E-10 4.5338E-10 4.7518E-10 4.9378E-10 5.1103E-10 5.2865E-10 5.4482E-10 5.6054E-10 5.7494E-10 5.8758E-10 5.9877E-10 6.0817E-10 6.1661E-10 6.2386E-10 6.3057E-10 6.3650E-10 6.4052E-10 6.4334E-10 6.4572E-10 6.4679E-10 6.4688E-10 6.4611E-10 6.4498E-10 6.4390E-10 6.4121E-10
1.3828E-13 1.5140E-12 3.3773E-12 6.5079E-12 1.0089E-11 1.4386E-11 1.9633E-11 2.5508E-11 3.2179E-11 3.9517E-11 4.7893E-11 5.7556E-11 6.8847E-11 8.1145E-11 9.5545E-11 1.1133E-10 1.2818E-10 1.4687E-10 1.6659E-10 1.8779E-10 2.0957E-10 2.3207E-10 2.5644E-10 2.8123E-10 3.0560E-10 3.3047E-10 3.5698E-10 3.8349E-10 4.0937E-10 4.3536E-10 4.6083E-10 4.8691E-10 5.1112E-10 5.3506E-10 5.5753E-10 5.7846E-10 5.9982E-10 6.2002E-10 6.3861E-10 6.5519E-10 6.6907E-10 6.8200E-10 6.9385E-10 7.0493E-10 7.1367E-10 7.2085E-10 7.2699E-10 7.3165E-10 7.3525E-10 7.3752E-10 7.3869E-10 7.3842E-10 7.3706E-10 7.3494E-10 7.3169E-10 7.2726E-10 7.2313E-10
1.2734E-12 3.1645E-12 6.2734E-12 1.0029E-11 1.4652E-11 2.0155E-11 2.6240E-11 3.3133E-11 4.1141E-11 5.0157E-11 6.0674E-11 7.2794E-11 8.6311E-11 1.0095E-10 1.1883E-10 1.3699E-10 1.5715E-10 1.7901E-10 2.0203E-10 2.2663E-10 2.5191E-10 2.7854E-10 3.0649E-10 3.3424E-10 3.6374E-10 3.9380E-10 4.2363E-10 4.5350E-10 4.8363E-10 5.1329E-10 5.4314E-10 5.7253E-10 6.0015E-10 6.2733E-10 6.5268E-10 6.7865E-10 7.0183E-10 7.2273E-10 7.4256E-10 7.6024E-10 7.7707E-10 7.9151E-10 8.0409E-10 8.1472E-10 8.2222E-10 8.2927E-10 8.3462E-10 8.3855E-10 8.4074E-10 8.4156E-10 8.4117E-10 8.3940E-10 8.3638E-10 8.3198E-10 8.2746E-10 8.2247E-10 8.1590E-10
2.9240E-12 5.7738E-12 9.9206E-12 1.4497E-11 2.0396E-11 2.6630E-11 3.3957E-11 4.2523E-11 5.2151E-11 6.3185E-11 7.6053E-11 9.0323E-11 1.0623E-10 1.2463E-10 1.4431E-10 1.6638E-10 1.9010E-10 2.1533E-10 2.4243E-10 2.7082E-10 3.0100E-10 3.3185E-10 3.6352E-10 3.9654E-10 4.2965E-10 4.6380E-10 4.9825E-10 5.3343E-10 5.6887E-10 6.0302E-10 6.3677E-10 6.6941E-10 7.0135E-10 7.3172E-10 7.6125E-10 7.8907E-10 8.1393E-10 8.3867E-10 8.6074E-10 8.8106E-10 8.9867E-10 9.1351E-10 9.2589E-10 9.3606E-10 9.4519E-10 9.5108E-10 9.5513E-10 9.5778E-10 9.5879E-10 9.5819E-10 9.5595E-10 9.5235E-10 9.4749E-10 9.4149E-10 9.3372E-10 9.2509E-10 9.1706E-10
5.2493E-12 9.3056E-12 1.4175E-11 2.0182E-11 2.6782E-11 3.4555E-11 4.3603E-11 5.3511E-11 6.4815E-11 7.8423E-11 9.3704E-11 1.1079E-10 1.2996E-10 1.5202E-10 1.7488E-10 2.0130E-10 2.2850E-10 2.5781E-10 2.8917E-10 3.2211E-10 3.5641E-10 3.9160E-10 4.2833E-10 4.6706E-10 5.0553E-10 5.4523E-10 5.8531E-10 6.2435E-10 6.6449E-10 7.0336E-10 7.4148E-10 7.7861E-10 8.1517E-10 8.4942E-10 8.8265E-10 9.1326E-10 9.4250E-10 9.6899E-10 9.9263E-10 1.0136E-09 1.0316E-09 1.0474E-09 1.0602E-09 1.0706E-09 1.0788E-09 1.0842E-09 1.0882E-09 1.0899E-09 1.0894E-09 1.0874E-09 1.0835E-09 1.0781E-09 1.0707E-09 1.0619E-09 1.0527E-09 1.0425E-09 1.0306E-09
8.4153E-12 1.3532E-11 1.9428E-11 2.6536E-11 3.4489E-11 4.3878E-11 5.4265E-11 6.6078E-11 8.0502E-11 9.6739E-11 1.1477E-10 1.3517E-10 1.5832E-10 1.8232E-10 2.1015E-10 2.3961E-10 2.7159E-10 3.0563E-10 3.4167E-10 3.7985E-10 4.1963E-10 4.6085E-10 5.0361E-10 5.4682E-10 5.9041E-10 6.3534E-10 6.8041E-10 7.2596E-10 7.7118E-10 8.1621E-10 8.5915E-10 9.0141E-10 9.4182E-10 9.8017E-10 1.0169E-09 1.0516E-09 1.0841E-09 1.1121E-09 1.1377E-09 1.1597E-09 1.1793E-09 1.1958E-09 1.2092E-09 1.2204E-09 1.2281E-09 1.2328E-09 1.2352E-09 1.2359E-09 1.2346E-09 1.2308E-09 1.2252E-09 1.2177E-09 1.2081E-09 1.1966E-09 1.1830E-09 1.1686E-09 1.1548E-09
1.2569E-11 1.8484E-11 2.5728E-11 3.4160E-11 4.3832E-11 5.4738E-11 6.7106E-11 8.1871E-11 9.8769E-11 1.1721E-10 1.3851E-10 1.6248E-10 1.8878E-10 2.1781E-10 2.5033E-10 2.8405E-10 3.2160E-10 3.6060E-10 4.0147E-10 4.4495E-10 4.9080E-10 5.3775E-10 5.8650E-10 6.3561E-10 6.8628E-10 7.3700E-10 7.8806E-10 8.4069E-10 8.9089E-10 9.4067E-10 9.8944E-10 1.0374E-09 1.0834E-09 1.1274E-09 1.1679E-09 1.2056E-09 1.2396E-09 1.2702E-09 1.2977E-09 1.3222E-09 1.3436E-09 1.3609E-09 1.3752E-09 1.3856E-09 1.3924E-09 1.3967E-09 1.3982E-09 1.3971E-09 1.3936E-09 1.3879E-09 1.3801E-09 1.3704E-09 1.3586E-09 1.3448E-09 1.3292E-09 1.3120E-09 1.2927E-09
1.7329E-11 2.4639E-11 3.3111E-11 4.3018E-11 5.4340E-11 6.7012E-11 8.2150E-11 9.9450E-11 1.1865E-10 1.4121E-10 1.6623E-10 1.9446E-10 2.2454E-10 2.5836E-10 2.9456E-10 3.3453E-10 3.7658E-10 4.2105E-10 4.6933E-10 5.1945E-10 5.7140E-10 6.2403E-10 6.7925E-10 7.3524E-10 7.9266E-10 8.5011E-10 9.0905E-10 9.6624E-10 1.0233E-09 1.0806E-09 1.1367E-09 1.1899E-09 1.2408E-09 1.2882E-09 1.3320E-09 1.3737E-09 1.4114E-09 1.4459E-09 1.4761E-09 1.5027E-09 1.5246E-09 1.5436E-09 1.5574E-09 1.5678E-09 1.5745E-09 1.5773E-09 1.5770E-09 1.5741E-09 1.5685E-09 1.5600E-09 1.5492E-09 1.5362E-09 1.5213E-09 1.5043E-09 1.4856E-09 1.4655E-09 1.4443E-09
2.3076E-11 3.1652E-11 4.1503E-11 5.3102E-11 6.6395E-11 8.1549E-11 9.9530E-11 1.1966E-10 1.4287E-10 1.6898E-10 1.9747E-10 2.2954E-10 2.6518E-10 3.0370E-10 3.4560E-10 3.9129E-10 4.3935E-10 4.9160E-10 5.4542E-10 6.0076E-10 6.5914E-10 7.1951E-10 7.8156E-10 8.4523E-10 9.0964E-10 9.7516E-10 1.0412E-09 1.1056E-09 1.1709E-09 1.2351E-09 1.2967E-09 1.3550E-09 1.4116E-09 1.4647E-09 1.5144E-09 1.5599E-09 1.6020E-09 1.6392E-09 1.6721E-09 1.7008E-09 1.7246E-09 1.7441E-09 1.7587E-09 1.7687E-09 1.7743E-09 1.7764E-09 1.7745E-09 1.7691E-09 1.7605E-09 1.7492E-09 1.7350E-09 1.7185E-09 1.6993E-09 1.6782E-09 1.6554E-09 1.6311E-09 1.6056E-09
3.0000E-11 3.9538E-11 5.1248E-11 6.4797E-11 8.0212E-11 9.8485E-11 1.1932E-10 1.4285E-10 1.6963E-10 1.9878E-10 2.3316E-10 2.6967E-10 3.1089E-10 3.5457E-10 4.0284E-10 4.5401E-10 5.0978E-10 5.6806E-10 6.2884E-10 6.9264E-10 7.5846E-10 8.2660E-10 8.9608E-10 9.6790E-10 1.0405E-09 1.1141E-09 1.1881E-09 1.2610E-09 1.3344E-09 1.4051E-09 1.4735E-09 1.5395E-09 1.6015E-09 1.6603E-09 1.7144E-09 1.7640E-09 1.8106E-09 1.8518E-09 1.8882E-09 1.9185E-09 1.9445E-09 1.9648E-09 1.9796E-09 1.9897E-09 1.9946E-09 1.9947E-09 1.9906E-09 1.9829E-09 1.9715E-09 1.9562E-09 1.9382E-09 1.9174E-09 1.8941E-09 1.8682E-09 1.8403E-09 1.8109E-09 1.7806E-09
3.8300E-11 4.8733E-11 6.2399E-11 7.7726E-11 9.6082E-11 1.1747E-10 1.4152E-10 1.6922E-10 1.9991E-10 2.3469E-10 2.7345E-10 3.1541E-10 3.6198E-10 4.1280E-10 4.6705E-10 5.2518E-10 5.8799E-10 6.5322E-10 7.2143E-10 7.9244E-10 8.6581E-10 9.4211E-10 1.0215E-09 1.1021E-09 1.1841E-09 1.2672E-09 1.3495E-09 1.4322E-09 1.5119E-09 1.5909E-09 1.6662E-09 1.7388E-09 1.8073E-09 1.8728E-09 1.9330E-09 1.9891E-09 2.0398E-09 2.0850E-09 2.1237E-09 2.1581E-09 2.1850E-09 2.2060E-09 2.2216E-09 2.2311E-09 2.2350E-09 2.2337E-09 2.2271E-09 2.2161E-09 2.2011E-09 2.1824E-09 2.1597E-09 2.1341E-09 2.1056E-09 2.0745E-09 2.0412E-09 2.0060E-09 1.9698E-09
4.6032E-11 5.9557E-11 7.4908E-11 9.2755E-11 1.1444E-10 1.3916E-10 1.6744E-10 1.9929E-10 2.3412E-10 2.7396E-10 3.1713E-10 3.6595E-10 4.1905E-10 4.7631E-10 5.3824E-10 6.0451E-10 6.7369E-10 7.4660E-10 8.2315E-10 9.0285E-10 9.8601E-10 1.0724E-09 1.1602E-09 1.2501E-09 1.3421E-09 1.4343E-09 1.5264E-09 1.6168E-09 1.7056E-09 1.7930E-09 1.8764E-09 1.9573E-09 2.0339E-09 2.1051E-09 2.1722E-09 2.2340E-09 2.2889E-09 2.3387E-09 2.3814E-09 2.4176E-09 2.4469E-09 2.4694E-09 2.4848E-09 2.4941E-09 2.4969E-09 2.4934E-09 2.4842E-09 2.4699E-09 2.4510E-09 2.4274E-09 2.4002E-09 2.3689E-09 2.3349E-09 2.2979E-09 2.2582E-09 2.2169E-09 2.1744E-09
5.6060E-11 7.2159E-11 8.9025E-11 1.1053E-10 1.3526E-10 1.6373E-10 1.9627E-10 2.3204E-10 2.7258E-10 3.1822E-10 3.6839E-10 4.2372E-10 4.8288E-10 5.4794E-10 6.1699E-10 6.9017E-10 7.6766E-10 8.4938E-10 9.3472E-10 1.0244E-09 1.1165E-09 1.2123E-09 1.3111E-09 1.4119E-09 1.5132E-09 1.6162E-09 1.7183E-09 1.8183E-09 1.9175E-09 2.0131E-09 2.1057E-09 2.1945E-09 2.2791E-09 2.3581E-09 2.4323E-09 2.4995E-09 2.5609E-09 2.6143E-09 2.6610E-09 2.7001E-09 2.7309E-09 2.7543E-09 2.7705E-09 2.7789E-09 2.7803E-09 2.7748E-09 2.7625E-09 2.7441E-09 2.7208E-09 2.6926E-09 2.6594E-09 2.6226E-09 2.5820E-09 2.5385E-09 2.4922E-09 2.4436E-09 2.3941E-09
6.7462E-11 8.4891E-11 1.0576E-10 1.3026E-10 1.5845E-10 1.9121E-10 2.2851E-10 2.6954E-10 3.1617E-10 3.6673E-10 4.2389E-10 4.8539E-10 5.5317E-10 6.2586E-10 7.0251E-10 7.8410E-10 8.7029E-10 9.6160E-10 1.0569E-09 1.1570E-09 1.2601E-09 1.3671E-09 1.4773E-09 1.5883E-09 1.7007E-09 1.8136E-09 1.9255E-09 2.0358E-09 2.1447E-09 2.2502E-09 2.3526E-09 2.4508E-09 2.5446E-09 2.6317E-09 2.7129E-09 2.7870E-09 2.8534E-09 2.9120E-09 2.9626E-09 3.0039E-09 3.0375E-09 3.0622E-09 3.0782E-09 3.0861E-09 3.0857E-09 3.0776E-09 3.0621E-09 3.0398E-09 3.0112E-09 2.9773E-09 2.9386E-09 2.8948E-09 2.8474E-09 2.7966E-09 2.7427E-09 2.6866E-09 2.6290E-09
8.0028E-11 1.0031E-10 1.2495E-10 1.5214E-10 1.8489E-10 2.2210E-10 2.6391E-10 3.1090E-10 3.6356E-10 4.2102E-10 4.8570E-10 5.5500E-10 6.3073E-10 7.0999E-10 7.9652E-10 8.8683E-10 9.8303E-10 1.0842E-09 1.1903E-09 1.3013E-09 1.4148E-09 1.5335E-09 1.6545E-09 1.7769E-09 1.9013E-09 2.0251E-09 2.1492E-09 2.2710E-09 2.3905E-09 2.5071E-09 2.6196E-09 2.7276E-09 2.8301E-09 2.9260E-09 3.0145E-09 3.0957E-09 3.1683E-09 3.2321E-09 3.2864E-09 3.3315E-09 3.3663E-09 3.3921E-09 3.4087E-09 3.4155E-09 3.4132E-09 3.4023E-09 3.3831E-09 3.3561E-09 3.3224E-09 3.2822E-09 3.2364E-09 3.1860E-09 3.1309E-09 3.0719E-09 3.0102E-09 2.9457E-09 2.8793E-09
9.2661E-11 1.1753E-10 1.4512E-10 1.7725E-10 2.1402E-10 2.5615E-10 3.0332E-10 3.5713E-10 4.1604E-10 4.8213E-10 5.5325E-10 6.3083E-10 7.1333E-10 8.0246E-10 8.9750E-10 9.9728E-10 1.1044E-09 1.2166E-09 1.3342E-09 1.4565E-09 1.5840E-09 1.7140E-09 1.8462E-09 1.9818E-09 2.1177E-09 2.2543E-09 2.3889E-09 2.5230E-09 2.6539E-09 2.7817E-09 2.9046E-09 3.0233E-09 3.1353E-09 3.2401E-09 3.3371E-09 3.4254E-09 3.5040E-09 3.5737E-09 3.6322E-09 3.6802E-09 3.7180E-09 3.7447E-09 3.7608E-09 3.7668E-09 3.7626E-09 3.7483E-09 3.7251E-09 3.6932E-09 3.6534E-09 3.6068E-09 3.5540E-09 3.4952E-09 3.4321E-09 3.3650E-09 3.2937E-09 3.2202E-09 3.1448E-09
1.0770E-10 1.3595E-10 1.6841E-10 2.0492E-10 2.4613E-10 2.9398E-10 3.4705E-10 4.0709E-10 4.7372E-10 5.4775E-10 6.2660E-10 7.1279E-10 8.0346E-10 9.0285E-10 1.0067E-09 1.1184E-09 1.2366E-09 1.3609E-09 1.4901E-09 1.6252E-09 1.7644E-09 1.9062E-09 2.0514E-09 2.1988E-09 2.3482E-09 2.4974E-09 2.6451E-09 2.7918E-09 2.9345E-09 3.0748E-09 3.2097E-09 3.3383E-09 3.4603E-09 3.5744E-09 3.6802E-09 3.7759E-09 3.8619E-09 3.9361E-09 3.9993E-09 4.0511E-09 4.0906E-09 4.1186E-09 4.1350E-09 4.1396E-09 4.1330E-09 4.1155E-09 4.0876E-09 4.0502E-09 4.0042E-09 3.9505E-09 3.8895E-09 3.8230E-09 3.7506E-09 3.6740E-09 3.5937E-09 3.5099E-09 3.4241E-09
1.2419E-10 1.5612E-10 1.9378E-10 2.3500E-10 2.8258E-10 3.3532E-10 3.9498E-10 4.6275E-10 5.3683E-10 6.1840E-10 7.0648E-10 7.9996E-10 9.0157E-10 1.0099E-09 1.1254E-09 1.2485E-09 1.3773E-09 1.5142E-09 1.6568E-09 1.8041E-09 1.9560E-09 2.1119E-09 2.2707E-09 2.4321E-09 2.5941E-09 2.7565E-09 2.9175E-09 3.0767E-09 3.2335E-09 3.3851E-09 3.5319E-09 3.6721E-09 3.8043E-09 3.9279E-09 4.0423E-09 4.1459E-09 4.2385E-09 4.3191E-09 4.3869E-09 4.4419E-09 4.4843E-09 4.5132E-09 4.5290E-09 4.5326E-09 4.5236E-09 4.5023E-09 4.4698E-09 4.4265E-09 4.3735E-09 4.3123E-09 4.2434E-09 4.1672E-09 4.0858E-09 3.9992E-09 3.9082E-09 3.8141E-09 3.7179E-09
1.4167E-10 1.7852E-10 2.2085E-10 2.6841E-10 3.2182E-10 3.8063E-10 4.4819E-10 5.2413E-10 6.0695E-10 6.9582E-10 7.9264E-10 8.9649E-10 1.0090E-09 1.1272E-09 1.2546E-09 1.3887E-09 1.5304E-09 1.6797E-09 1.8346E-09 1.9958E-09 2.1601E-09 2.3294E-09 2.5025E-09 2.6779E-09 2.8533E-09 3.0302E-09 3.2055E-09 3.3779E-09 3.5476E-09 3.7122E-09 3.8715E-09 4.0229E-09 4.1662E-09 4.3002E-09 4.4231E-09 4.5353E-09 4.6347E-09 4.7206E-09 4.7934E-09 4.8523E-09 4.8967E-09 4.9269E-09 4.9429E-09 4.9443E-09 4.9326E-09 4.9078E-09 4.8701E-09 4.8205E-09 4.7605E-09 4.6912E-09 4.6131E-09 4.5280E-09 4.4360E-09 4.3388E-09 4.2372E-09 4.1318E-09 4.0240E-09
