Assets/Resources/2015_m01_d27_1500(utc+0800)_l00_csi_1hr_conc.grd
DSAA
         159         159
     -79.000      79.000
     -79.000      79.000
  0.0000E+00  0.2664E-05
[rows 50 to 74 of 159, columns 57 to 113 of 159]
0.0000E+00 0.0000E+00 0.0000E+00 0.0000E+00 0.0000E+00 0.0000E+00 0.0000E+00 5.2486E-12 5.0738E-11 1.3742E-10 2.7243E-10 4.7944E-10 7.4545E-10 1.1371E-09 1.6807E-09 2.4138E-09 3.3742E-09 4.5831E-09 6.0633E-09 7.7961E-09 9.7187E-09 1.1757E-08 1.3778E-08 1.5620E-08 1.7106E-08 1.8076E-08 1.8413E-08 1.8063E-08 1.7046E-08 1.5463E-08 1.3473E-08 1.1272E-08 9.0555E-09 6.9848E-09 5.1751E-09 3.6758E-09 2.5029E-09 1.6361E-09 1.0170E-09 5.7758E-10 2.6610E-10 1.1061E-10 3.8063E-11 9.9192E-12 0.0000E+00 0.0000E+00 0.0000E+00 0.0000E+00 0.0000E+00 0.0000E+00 0.0000E+00 0.0000E+00 0.0000E+00 0.0000E+00 0.0000E+00 0.0000E+00 0.0000E+00
0.0000E+00 0.0000E+00 0.0000E+00 0.0000E+00 0.0000E+00 0.0000E+00 0.0000E+00 0.0000E+00 1.4624E-11 7.2901E-11 1.8428E-10 3.5177E-10 6.0225E-10 9.3769E-10 1.4216E-09 2.0906E-09 2.9886E-09 4.1455E-09 5.5902E-09 7.3184E-09 9.2867E-09 1.1413E-08 1.3563E-08 1.5567E-08 1.7239E-08 1.8395E-08 1.8899E-08 1.8672E-08 1.7723E-08 1.6154E-08 1.4129E-08 1.1854E-08 9.5390E-09 7.3612E-09 5.4523E-09 3.8748E-09 2.6331E-09 1.7124E-09 1.0748E-09 6.1428E-10 2.8089E-10 1.3524E-10 5.1866E-11 1.1339E-11 0.0000E+00 0.0000E+00 0.0000E+00 0.0000E+00 0.0000E+00 0.0000E+00 0.0000E+00 0.0000E+00 0.0000E+00 0.0000E+00 0.0000E+00 0.0000E+00 0.0000E+00
0.0000E+00 0.0000E+00 0.0000E+00 0.0000E+00 0.0000E+00 0.0000E+00 0.0000E+00 0.0000E+00 0.0000E+00 3.0485E-11 1.0411E-10 2.4507E-10 4.6310E-10 7.7081E-10 1.1995E-09 1.8071E-09 2.6407E-09 3.7515E-09 5.1682E-09 6.8880E-09 8.8796E-09 1.1073E-08 1.3343E-08 1.5507E-08 1.7359E-08 1.8703E-08 1.9374E-08 1.9278E-08 1.8408E-08 1.6856E-08 1.4793E-08 1.2441E-08 1.0025E-08 7.7418E-09 5.7222E-09 4.0560E-09 2.7613E-09 1.8022E-09 1.1269E-09 6.5678E-10 3.3097E-10 1.5937E-10 6.5825E-11 1.2597E-11 0.0000E+00 0.0000E+00 0.0000E+00 0.0000E+00 0.0000E+00 0.0000E+00 0.0000E+00 0.0000E+00 0.0000E+00 0.0000E+00 0.0000E+00 0.0000E+00 0.0000E+00
0.0000E+00 0.0000E+00 0.0000E+00 0.0000E+00 0.0000E+00 0.0000E+00 0.0000E+00 0.0000E+00 0.0000E+00 5.8516E-12 5.3167E-11 1.4712E-10 3.2545E-10 6.2040E-10 1.0082E-09 1.5607E-09 2.3392E-09 3.3954E-09 4.7757E-09 6.4847E-09 8.5142E-09 1.0789E-08 1.3175E-08 1.5492E-08 1.7521E-08 1.9038E-08 1.9868E-08 1.9885E-08 1.9080E-08 1.7541E-08 1.5440E-08 1.3011E-08 1.0494E-08 8.0985E-09 5.9886E-09 4.2405E-09 2.8881E-09 1.8969E-09 1.1856E-09 6.9648E-10 3.6045E-10 1.6776E-10 7.0573E-11 1.7508E-11 0.0000E+00 0.0000E+00 0.0000E+00 0.0000E+00 0.0000E+00 0.0000E+00 0.0000E+00 0.0000E+00 0.0000E+00 0.0000E+00 0.0000E+00 0.0000E+00 0.0000E+00
0.0000E+00 0.0000E+00 0.0000E+00 0.0000E+00 0.0000E+00 0.0000E+00 0.0000E+00 0.0000E+00 0.0000E+00 0.0000E+00 2.2585E-11 8.3467E-11 2.1267E-10 4.6266E-10 8.2484E-10 1.3390E-09 2.0779E-09 3.0948E-09 4.4397E-09 6.1448E-09 8.1968E-09 1.0545E-08 1.3052E-08 1.5524E-08 1.7731E-08 1.9430E-08 2.0411E-08 2.0539E-08 1.9783E-08 1.8233E-08 1.6071E-08 1.3550E-08 1.0927E-08 8.4312E-09 6.2287E-09 4.4144E-09 2.9976E-09 1.9596E-09 1.2344E-09 7.1550E-10 3.9454E-10 1.9285E-10 7.6181E-11 1.9782E-11 0.0000E+00 0.0000E+00 0.0000E+00 0.0000E+00 0.0000E+00 0.0000E+00 0.0000E+00 0.0000E+00 0.0000E+00 0.0000E+00 0.0000E+00 0.0000E+00 0.0000E+00
0.0000E+00 0.0000E+00 0.0000E+00 0.0000E+00 0.0000E+00 0.0000E+00 0.0000E+00 0.0000E+00 0.0000E+00 0.0000E+00 5.9046E-12 4.3978E-11 1.3558E-10 3.3375E-10 6.6000E-10 1.1352E-09 1.8310E-09 2.8091E-09 4.1444E-09 5.8610E-09 7.9672E-09 1.0401E-08 1.3023E-08 1.5647E-08 1.8014E-08 1.9875E-08 2.0986E-08 2.1198E-08 2.0474E-08 1.8898E-08 1.6671E-08 1.4051E-08 1.1320E-08 8.7258E-09 6.4364E-09 4.5538E-09 3.1006E-09 2.0169E-09 1.2675E-09 7.5474E-10 3.9961E-10 1.9421E-10 7.4715E-11 1.6475E-11 0.0000E+00 0.0000E+00 0.0000E+00 0.0000E+00 0.0000E+00 0.0000E+00 0.0000E+00 0.0000E+00 0.0000E+00 0.0000E+00 0.0000E+00 0.0000E+00 0.0000E+00
0.0000E+00 0.0000E+00 0.0000E+00 0.0000E+00 0.0000E+00 0.0000E+00 0.0000E+00 0.0000E+00 0.0000E+00 0.0000E+00 9.5624E-13 2.0214E-11 8.4769E-11 2.4064E-10 5.2189E-10 9.6558E-10 1.6213E-09 2.5684E-09 3.8932E-09 5.6196E-09 7.7725E-09 1.0303E-08 1.3072E-08 1.5873E-08 1.8428E-08 2.0446E-08 2.1672E-08 2.1934E-08 2.1201E-08 1.9566E-08 1.7240E-08 1.4506E-08 1.1662E-08 8.9671E-09 6.5962E-09 4.6398E-09 3.1380E-09 2.0419E-09 1.2684E-09 7.5976E-10 4.0072E-10 1.9726E-10 7.1503E-11 1.7318E-11 0.0000E+00 0.0000E+00 0.0000E+00 0.0000E+00 0.0000E+00 0.0000E+00 0.0000E+00 0.0000E+00 0.0000E+00 0.0000E+00 0.0000E+00 0.0000E+00 0.0000E+00
0.0000E+00 0.0000E+00 0.0000E+00 0.0000E+00 0.0000E+00 0.0000E+00 0.0000E+00 0.0000E+00 0.0000E+00 0.0000E+00 0.0000E+00 8.3729E-12 4.6061E-11 1.7403E-10 4.1265E-10 8.2406E-10 1.4496E-09 2.3726E-09 3.6897E-09 5.4510E-09 7.6830E-09 1.0346E-08 1.3274E-08 1.6251E-08 1.8992E-08 2.1160E-08 2.2480E-08 2.2768E-08 2.1983E-08 2.0244E-08 1.7778E-08 1.4900E-08 1.1922E-08 9.1145E-09 6.6678E-09 4.6833E-09 3.1429E-09 2.0338E-09 1.2557E-09 7.3391E-10 3.8694E-10 1.9091E-10 5.9596E-11 1.3217E-11 0.0000E+00 0.0000E+00 0.0000E+00 0.0000E+00 0.0000E+00 0.0000E+00 0.0000E+00 0.0000E+00 0.0000E+00 0.0000E+00 0.0000E+00 0.0000E+00 0.0000E+00
0.0000E+00 0.0000E+00 0.0000E+00 0.0000E+00 0.0000E+00 0.0000E+00 0.0000E+00 0.0000E+00 0.0000E+00 0.0000E+00 0.0000E+00 3.3952E-12 2.4847E-11 1.2774E-10 3.2512E-10 7.0069E-10 1.3101E-09 2.2145E-09 3.5403E-09 5.3490E-09 7.6827E-09 1.0490E-08 1.3626E-08 1.6831E-08 1.9770E-08 2.2087E-08 2.3469E-08 2.3727E-08 2.2837E-08 2.0929E-08 1.8276E-08 1.5211E-08 1.2086E-08 9.1714E-09 6.6371E-09 4.6100E-09 3.0728E-09 1.9611E-09 1.2105E-09 6.9820E-10 3.6284E-10 1.6940E-10 5.2266E-11 2.0633E-12 0.0000E+00 0.0000E+00 0.0000E+00 0.0000E+00 0.0000E+00 0.0000E+00 0.0000E+00 0.0000E+00 0.0000E+00 0.0000E+00 0.0000E+00 0.0000E+00 0.0000E+00
0.0000E+00 0.0000E+00 0.0000E+00 0.0000E+00 0.0000E+00 0.0000E+00 0.0000E+00 0.0000E+00 0.0000E+00 0.0000E+00 0.0000E+00 6.0966E-14 1.5784E-11 9.0745E-11 2.7044E-10 6.0809E-10 1.1893E-09 2.0882E-09 3.4385E-09 5.3184E-09 7.7700E-09 1.0763E-08 1.4120E-08 1.7562E-08 2.0725E-08 2.3190E-08 2.4616E-08 2.4797E-08 2.3727E-08 2.1585E-08 1.8678E-08 1.5394E-08 1.2095E-08 9.0724E-09 6.5103E-09 4.4686E-09 2.9385E-09 1.8414E-09 1.1135E-09 6.2594E-10 3.2285E-10 1.4478E-10 1.8903E-11 8.3202E-13 0.0000E+00 0.0000E+00 0.0000E+00 0.0000E+00 0.0000E+00 0.0000E+00 0.0000E+00 0.0000E+00 0.0000E+00 0.0000E+00 0.0000E+00 0.0000E+00 0.0000E+00
0.0000E+00 0.0000E+00 0.0000E+00 0.0000E+00 0.0000E+00 0.0000E+00 0.0000E+00 0.0000E+00 0.0000E+00 0.0000E+00 0.0000E+00 0.0000E+00 7.8796E-12 7.5111E-11 2.3342E-10 5.4034E-10 1.0850E-09 1.9928E-09 3.3731E-09 5.3237E-09 7.9068E-09 1.1103E-08 1.4739E-08 1.8478E-08 2.1884E-08 2.4483E-08 2.5898E-08 2.5939E-08 2.4616E-08 2.2161E-08 1.8946E-08 1.5410E-08 1.1941E-08 8.8154E-09 6.2121E-09 4.1897E-09 2.7096E-09 1.6880E-09 9.9977E-10 5.4856E-10 2.6349E-10 1.1136E-10 6.5668E-12 0.0000E+00 0.0000E+00 0.0000E+00 0.0000E+00 0.0000E+00 0.0000E+00 0.0000E+00 0.0000E+00 0.0000E+00 0.0000E+00 0.0000E+00 0.0000E+00 0.0000E+00 0.0000E+00
0.0000E+00 0.0000E+00 0.0000E+00 0.0000E+00 0.0000E+00 0.0000E+00 0.0000E+00 0.0000E+00 0.0000E+00 0.0000E+00 0.0000E+00 0.0000E+00 5.4584E-14 5.4583E-11 2.0519E-10 4.9384E-10 1.0199E-09 1.9239E-09 3.3307E-09 5.3703E-09 8.1243E-09 1.1573E-08 1.5490E-08 1.9526E-08 2.3165E-08 2.5880E-08 2.7245E-08 2.7065E-08 2.5407E-08 2.2564E-08 1.8995E-08 1.5181E-08 1.1541E-08 8.3721E-09 5.7943E-09 3.8414E-09 2.4156E-09 1.4660E-09 8.4570E-10 4.4667E-10 2.0848E-10 1.9128E-11 2.4650E-12 0.0000E+00 0.0000E+00 0.0000E+00 0.0000E+00 0.0000E+00 0.0000E+00 0.0000E+00 0.0000E+00 0.0000E+00 0.0000E+00 0.0000E+00 0.0000E+00 0.0000E+00 0.0000E+00
0.0000E+00 0.0000E+00 0.0000E+00 0.0000E+00 0.0000E+00 0.0000E+00 0.0000E+00 0.0000E+00 0.0000E+00 0.0000E+00 0.0000E+00 0.0000E+00 0.0000E+00 3.7074E-11 1.7059E-10 4.4998E-10 9.6108E-10 1.8692E-09 3.3318E-09 5.4965E-09 8.4303E-09 1.2132E-08 1.6367E-08 2.0714E-08 2.4577E-08 2.7343E-08 2.8576E-08 2.8078E-08 2.5977E-08 2.2697E-08 1.8752E-08 1.4691E-08 1.0918E-08 7.7143E-09 5.2085E-09 3.3589E-09 2.0745E-09 1.2287E-09 6.9069E-10 3.3801E-10 4.5059E-11 9.5190E-12 4.3496E-13 0.0000E+00 0.0000E+00 0.0000E+00 0.0000E+00 0.0000E+00 0.0000E+00 0.0000E+00 0.0000E+00 0.0000E+00 0.0000E+00 0.0000E+00 0.0000E+00 0.0000E+00 0.0000E+00
0.0000E+00 0.0000E+00 0.0000E+00 0.0000E+00 0.0000E+00 0.0000E+00 0.0000E+00 0.0000E+00 0.0000E+00 0.0000E+00 0.0000E+00 0.0000E+00 1.7954E-12 2.0643E-11 1.3864E-10 3.9661E-10 9.0856E-10 1.8297E-09 3.3666E-09 5.6778E-09 8.8388E-09 1.2844E-08 1.7440E-08 2.2090E-08 2.6116E-08 2.8852E-08 2.9823E-08 2.8889E-08 2.6275E-08 2.2468E-08 1.8137E-08 1.3841E-08 1.0025E-08 6.8931E-09 4.5282E-09 2.8379E-09 1.6882E-09 9.6844E-10 5.1786E-10 2.3284E-10 2.2814E-11 3.0720E-12 0.0000E+00 0.0000E+00 0.0000E+00 0.0000E+00 0.0000E+00 0.0000E+00 0.0000E+00 0.0000E+00 0.0000E+00 0.0000E+00 0.0000E+00 0.0000E+00 0.0000E+00 0.0000E+00 0.0000E+00
0.0000E+00 0.0000E+00 0.0000E+00 0.0000E+00 0.0000E+00 0.0000E+00 0.0000E+00 0.0000E+00 0.0000E+00 0.0000E+00 0.0000E+00 0.0000E+00 3.2060E-12 1.5020E-11 9.6377E-11 3.3870E-10 8.2438E-10 1.7939E-09 3.4279E-09 5.9587E-09 9.4719E-09 1.3920E-08 1.8927E-08 2.3855E-08 2.7941E-08 3.0474E-08 3.0991E-08 2.9435E-08 2.6176E-08 2.1836E-08 1.7138E-08 1.2698E-08 8.8922E-09 5.9166E-09 3.7427E-09 2.2647E-09 1.3083E-09 7.0991E-10 3.5475E-10 3.4526E-11 8.7348E-12 1.6495E-13 0.0000E+00 0.0000E+00 0.0000E+00 0.0000E+00 0.0000E+00 0.0000E+00 0.0000E+00 0.0000E+00 0.0000E+00 0.0000E+00 0.0000E+00 0.0000E+00 0.0000E+00 0.0000E+00 0.0000E+00
0.0000E+00 0.0000E+00 0.0000E+00 0.0000E+00 0.0000E+00 0.0000E+00 0.0000E+00 0.0000E+00 0.0000E+00 0.0000E+00 0.0000E+00 0.0000E+00 4.3334E-12 1.5781E-11 7.7528E-11 2.5772E-10 7.1514E-10 1.7269E-09 3.5522E-09 6.4450E-09 1.0491E-08 1.5556E-08 2.1123E-08 2.6373E-08 3.0379E-08 3.2413E-08 3.2146E-08 2.9718E-08 2.5668E-08 2.0769E-08 1.5756E-08 1.1260E-08 7.5976E-09 4.8750E-09 2.9642E-09 1.7207E-09 9.4375E-10 4.7523E-10 4.1603E-11 1.5483E-11 1.6882E-12 0.0000E+00 0.0000E+00 0.0000E+00 0.0000E+00 0.0000E+00 0.0000E+00 0.0000E+00 0.0000E+00 0.0000E+00 0.0000E+00 0.0000E+00 0.0000E+00 0.0000E+00 0.0000E+00 0.0000E+00 0.0000E+00
0.0000E+00 0.0000E+00 0.0000E+00 0.0000E+00 0.0000E+00 0.0000E+00 0.0000E+00 0.0000E+00 0.0000E+00 0.0000E+00 0.0000E+00 0.0000E+00 4.1220E-12 1.6206E-11 7.3262E-11 1.9591E-10 5.8359E-10 1.5701E-09 3.6459E-09 7.1763E-09 1.2106E-08 1.8193E-08 2.4565E-08 3.0090E-08 3.3690E-08 3.4830E-08 3.3393E-08 2.9807E-08 2.4812E-08 1.9301E-08 1.4072E-08 9.6359E-09 6.2331E-09 3.8147E-09 2.2096E-09 1.2165E-09 6.1441E-10 2.0922E-10 2.0238E-11 4.4262E-12 0.0000E+00 0.0000E+00 0.0000E+00 0.0000E+00 0.0000E+00 0.0000E+00 0.0000E+00 0.0000E+00 0.0000E+00 0.0000E+00 0.0000E+00 0.0000E+00 0.0000E+00 0.0000E+00 0.0000E+00 0.0000E+00 0.0000E+00
0.0000E+00 0.0000E+00 0.0000E+00 0.0000E+00 0.0000E+00 0.0000E+00 0.0000E+00 0.0000E+00 0.0000E+00 0.0000E+00 0.0000E+00 0.0000E+00 0.0000E+00 1.4521E-11 5.9468E-11 1.7264E-10 4.6207E-10 1.3737E-09 3.7311E-09 8.2056E-09 1.4693E-08 2.2430E-08 3.0069E-08 3.5860E-08 3.8616E-08 3.8114E-08 3.4828E-08 2.9634E-08 2.3537E-08 1.7487E-08 1.2169E-08 7.9242E-09 4.8797E-09 2.8142E-09 1.5566E-09 7.9490E-10 3.4449E-10 2.0250E-11 5.8037E-12 0.0000E+00 0.0000E+00 0.0000E+00 0.0000E+00 0.0000E+00 0.0000E+00 0.0000E+00 0.0000E+00 0.0000E+00 0.0000E+00 0.0000E+00 0.0000E+00 0.0000E+00 0.0000E+00 0.0000E+00 0.0000E+00 0.0000E+00 0.0000E+00
0.0000E+00 0.0000E+00 0.0000E+00 0.0000E+00 0.0000E+00 0.0000E+00 0.0000E+00 0.0000E+00 0.0000E+00 0.0000E+00 0.0000E+00 0.0000E+00 0.0000E+00 1.1676E-11 4.5401E-11 1.3381E-10 3.9678E-10 1.1676E-09 3.7741E-09 9.5987E-09 1.8854E-08 2.9516E-08 3.8894E-08 4.4578E-08 4.5648E-08 4.2395E-08 3.6363E-08 2.9108E-08 2.1840E-08 1.5346E-08 1.0087E-08 6.2084E-09 3.6141E-09 1.9526E-09 1.0058E-09 4.2197E-10 1.7213E-11 5.4535E-12 1.7689E-13 0.0000E+00 0.0000E+00 0.0000E+00 0.0000E+00 0.0000E+00 0.0000E+00 0.0000E+00 0.0000E+00 0.0000E+00 0.0000E+00 0.0000E+00 0.0000E+00 0.0000E+00 0.0000E+00 0.0000E+00 0.0000E+00 0.0000E+00 0.0000E+00
0.0000E+00 0.0000E+00 0.0000E+00 0.0000E+00 0.0000E+00 0.0000E+00 0.0000E+00 0.0000E+00 0.0000E+00 0.0000E+00 0.0000E+00 0.0000E+00 0.0000E+00 8.7749E-12 3.2681E-11 1.0097E-10 3.3113E-10 1.0945E-09 3.9878E-09 1.1639E-08 2.5044E-08 4.0770E-08 5.2529E-08 5.7618E-08 5.5235E-08 4.7769E-08 3.7942E-08 2.8127E-08 1.9629E-08 1.2872E-08 7.9260E-09 4.5867E-09 2.4750E-09 1.2542E-09 5.4135E-10 1.6165E-11 3.6111E-12 2.2120E-13 0.0000E+00 0.0000E+00 0.0000E+00 0.0000E+00 0.0000E+00 0.0000E+00 0.0000E+00 0.0000E+00 0.0000E+00 0.0000E+00 0.0000E+00 0.0000E+00 0.0000E+00 0.0000E+00 0.0000E+00 0.0000E+00 0.0000E+00 0.0000E+00 0.0000E+00
0.0000E+00 0.0000E+00 0.0000E+00 0.0000E+00 0.0000E+00 0.0000E+00 0.0000E+00 0.0000E+00 0.0000E+00 0.0000E+00 0.0000E+00 0.0000E+00 0.0000E+00 2.6033E-12 1.9128E-11 6.1514E-11 2.5137E-10 9.9274E-10 4.3987E-09 1.4535E-08 3.4069E-08 5.7593E-08 7.3613E-08 7.6260E-08 6.7989E-08 5.4078E-08 3.9092E-08 2.6369E-08 1.6828E-08 1.0162E-08 5.7960E-09 3.0939E-09 1.5222E-09 6.8063E-10 1.9065E-10 1.5712E-12 0.0000E+00 0.0000E+00 0.0000E+00 0.0000E+00 0.0000E+00 0.0000E+00 0.0000E+00 0.0000E+00 0.0000E+00 0.0000E+00 0.0000E+00 0.0000E+00 0.0000E+00 0.0000E+00 0.0000E+00 0.0000E+00 0.0000E+00 0.0000E+00 0.0000E+00 0.0000E+00 0.0000E+00
0.0000E+00 0.0000E+00 0.0000E+00 0.0000E+00 0.0000E+00 0.0000E+00 0.0000E+00 0.0000E+00 0.0000E+00 0.0000E+00 0.0000E+00 0.0000E+00 0.0000E+00 0.0000E+00 8.4998E-12 3.9792E-11 1.9321E-10 9.2534E-10 4.6950E-09 1.8478E-08 4.6340E-08 8.0969E-08 1.0237E-07 1.0077E-07 8.3468E-08 6.0239E-08 3.9108E-08 2.3542E-08 1.3476E-08 7.3594E-09 3.8316E-09 1.8167E-09 8.1740E-10 2.8392E-10 4.5585E-13 0.0000E+00 0.0000E+00 0.0000E+00 0.0000E+00 0.0000E+00 0.0000E+00 0.0000E+00 0.0000E+00 0.0000E+00 0.0000E+00 0.0000E+00 0.0000E+00 0.0000E+00 0.0000E+00 0.0000E+00 0.0000E+00 0.0000E+00 0.0000E+00 0.0000E+00 0.0000E+00 0.0000E+00 0.0000E+00
0.0000E+00 0.0000E+00 0.0000E+00 0.0000E+00 0.0000E+00 0.0000E+00 0.0000E+00 0.0000E+00 0.0000E+00 0.0000E+00 0.0000E+00 0.0000E+00 0.0000E+00 0.0000E+00 1.5034E-12 1.7110E-11 1.3660E-10 1.1952E-09 5.5537E-09 2.3092E-08 6.3259E-08 1.0968E-07 1.3619E-07 1.2959E-07 9.9873E-08 6.4882E-08 3.6908E-08 1.9312E-08 9.6113E-09 4.7202E-09 2.1177E-09 9.4139E-10 3.3828E-10 3.5300E-11 0.0000E+00 0.0000E+00 0.0000E+00 0.0000E+00 0.0000E+00 0.0000E+00 0.0000E+00 0.0000E+00 0.0000E+00 0.0000E+00 0.0000E+00 0.0000E+00 0.0000E+00 0.0000E+00 0.0000E+00 0.0000E+00 0.0000E+00 0.0000E+00 0.0000E+00 0.0000E+00 0.0000E+00 0.0000E+00 0.0000E+00
0.0000E+00 0.0000E+00 0.0000E+00 0.0000E+00 0.0000E+00 0.0000E+00 0.0000E+00 0.0000E+00 0.0000E+00 0.0000E+00 0.0000E+00 0.0000E+00 0.0000E+00 0.0000E+00 0.0000E+00 3.5015E-12 2.6959E-11 7.8204E-10 4.6398E-09 2.3164E-08 8.0918E-08 1.4836E-07 1.7281E-07 1.5864E-07 1.1523E-07 6.6535E-08 3.1349E-08 1.3324E-08 5.6442E-09 2.2480E-09 9.4458E-10 3.4731E-10 8.4599E-11 4.8746E-12 0.0000E+00 0.0000E+00 0.0000E+00 0.0000E+00 0.0000E+00 0.0000E+00 0.0000E+00 0.0000E+00 0.0000E+00 0.0000E+00 0.0000E+00 0.0000E+00 0.0000E+00 0.0000E+00 0.0000E+00 0.0000E+00 0.0000E+00 0.0000E+00 0.0000E+00 0.0000E+00 0.0000E+00 0.0000E+00 0.0000E+00
0.0000E+00 0.0000E+00 0.0000E+00 0.0000E+00 0.0000E+00 0.0000E+00 0.0000E+00 0.0000E+00 0.0000E+00 0.0000E+00 0.0000E+00 0.0000E+00 0.0000E+00 0.0000E+00 0.0000E+00 0.0000E+00 4.2074E-12 1.2295E-10 2.3800E-09 1.9321E-08 9.7287E-08 2.1724E-07 2.1123E-07 1.8820E-07 1.3146E-07 6.1464E-08 2.2070E-08 6.7850E-09 2.2526E-09 8.6933E-10 3.1204E-10 1.2866E-10 2.3094E-11 5.7155E-13 0.0000E+00 0.0000E+00 0.0000E+00 0.0000E+00 0.0000E+00 0.0000E+00 0.0000E+00 0.0000E+00 0.0000E+00 0.0000E+00 0.0000E+00 0.0000E+00 0.0000E+00 0.0000E+00 0.0000E+00 0.0000E+00 0.0000E+00 0.0000E+00 0.0000E+00 0.0000E+00 0.0000E+00 0.0000E+00 0.0000E+00
