Assets/Resources/2015_m01_d27_0000(utc+0800)_l00_csi_1hr_conc.grd
DSAA
         159         159
     -79.000      79.000
     -79.000      79.000
  0.0000E+00  0.1747E-05
[rows 0 to 24 of 159, columns 57 to 113 of 159]
5.2532E-09 5.4981E-09 5.7078E-09 5.8756E-09 5.9995E-09 6.0726E-09 6.0976E-09 6.0698E-09 5.9929E-09 5.8654E-09 5.6902E-09 5.4699E-09 5.2100E-09 4.9162E-09 4.5929E-09 4.2486E-09 3.8887E-09 3.5223E-09 3.1534E-09 2.7914E-09 2.4398E-09 2.1058E-09 1.7931E-09 1.5061E-09 1.2449E-09 1.0107E-09 8.0796E-10 6.3355E-10 4.8454E-10 3.6268E-10 2.6476E-10 1.8786E-10 1.2729E-10 8.1585E-11 4.7210E-11 2.3957E-11 1.1628E-11 5.0251E-12 2.6629E-12 6.0602E-15 0.0000E+00 0.0000E+00 0.0000E+00 0.0000E+00 0.0000E+00 0.0000E+00 0.0000E+00 0.0000E+00 0.0000E+00 0.0000E+00 0.0000E+00 0.0000E+00 0.0000E+00 0.0000E+00 0.0000E+00 0.0000E+00 0.0000E+00
5.6411E-09 5.9175E-09 6.1554E-09 6.3507E-09 6.4959E-09 6.5920E-09 6.6324E-09 6.6181E-09 6.5458E-09 6.4180E-09 6.2365E-09 6.0059E-09 5.7299E-09 5.4139E-09 5.0649E-09 4.6895E-09 4.2961E-09 3.8914E-09 3.4848E-09 3.0829E-09 2.6942E-09 2.3240E-09 1.9780E-09 1.6593E-09 1.3699E-09 1.1096E-09 8.8446E-10 6.9149E-10 5.2850E-10 3.9401E-10 2.8659E-10 2.0191E-10 1.3691E-10 8.7442E-11 5.0684E-11 2.6391E-11 1.2502E-11 5.1522E-12 2.9112E-12 0.0000E+00 0.0000E+00 0.0000E+00 0.0000E+00 0.0000E+00 0.0000E+00 0.0000E+00 0.0000E+00 0.0000E+00 0.0000E+00 0.0000E+00 0.0000E+00 0.0000E+00 0.0000E+00 0.0000E+00 0.0000E+00 0.0000E+00 0.0000E+00
6.0272E-09 6.3392E-09 6.6085E-09 6.8367E-09 7.0109E-09 7.1328E-09 7.1930E-09 7.1940E-09 7.1311E-09 7.0085E-09 6.8257E-09 6.5863E-09 6.2942E-09 5.9562E-09 5.5796E-09 5.1709E-09 4.7406E-09 4.2958E-09 3.8473E-09 3.4020E-09 2.9708E-09 2.5588E-09 2.1744E-09 1.8227E-09 1.5034E-09 1.2137E-09 9.6595E-10 7.5231E-10 5.7334E-10 4.2650E-10 3.0843E-10 2.1631E-10 1.4523E-10 9.2812E-11 5.3829E-11 2.8510E-11 1.3536E-11 5.1362E-12 3.1430E-12 0.0000E+00 0.0000E+00 0.0000E+00 0.0000E+00 0.0000E+00 0.0000E+00 0.0000E+00 0.0000E+00 0.0000E+00 0.0000E+00 0.0000E+00 0.0000E+00 0.0000E+00 0.0000E+00 0.0000E+00 0.0000E+00 0.0000E+00 0.0000E+00
6.4113E-09 6.7564E-09 7.0648E-09 7.3237E-09 7.5321E-09 7.6801E-09 7.7663E-09 7.7848E-09 7.7373E-09 7.6203E-09 7.4357E-09 7.1891E-09 6.8834E-09 6.5240E-09 6.1197E-09 5.6775E-09 5.2090E-09 4.7221E-09 4.2299E-09 3.7406E-09 3.2655E-09 2.8118E-09 2.3864E-09 1.9960E-09 1.6450E-09 1.3258E-09 1.0516E-09 8.1674E-10 6.1914E-10 4.5846E-10 3.3169E-10 2.3143E-10 1.5468E-10 9.7518E-11 5.7095E-11 2.9879E-11 1.4402E-11 4.9301E-12 3.1585E-12 0.0000E+00 0.0000E+00 0.0000E+00 0.0000E+00 0.0000E+00 0.0000E+00 0.0000E+00 0.0000E+00 0.0000E+00 0.0000E+00 0.0000E+00 0.0000E+00 0.0000E+00 0.0000E+00 0.0000E+00 0.0000E+00 0.0000E+00 0.0000E+00
6.7824E-09 7.1676E-09 7.5144E-09 7.8124E-09 8.0563E-09 8.2366E-09 8.3517E-09 8.3949E-09 8.3646E-09 8.2583E-09 8.0793E-09 7.8282E-09 7.5096E-09 7.1298E-09 6.6961E-09 6.2202E-09 5.7104E-09 5.1800E-09 4.6398E-09 4.1031E-09 3.5789E-09 3.0786E-09 2.6112E-09 2.1804E-09 1.7934E-09 1.4433E-09 1.1403E-09 8.8355E-10 6.6839E-10 4.9188E-10 3.5378E-10 2.4584E-10 1.6420E-10 1.0347E-10 5.9762E-11 3.0532E-11 1.5069E-11 4.7273E-12 2.9894E-12 0.0000E+00 0.0000E+00 0.0000E+00 0.0000E+00 0.0000E+00 0.0000E+00 0.0000E+00 0.0000E+00 0.0000E+00 0.0000E+00 0.0000E+00 0.0000E+00 0.0000E+00 0.0000E+00 0.0000E+00 0.0000E+00 0.0000E+00 0.0000E+00
7.1415E-09 7.5693E-09 7.9616E-09 8.3003E-09 8.5859E-09 8.8052E-09 8.9558E-09 9.0265E-09 9.0204E-09 8.9292E-09 8.7562E-09 8.5016E-09 8.1711E-09 7.7721E-09 7.3103E-09 6.7986E-09 6.2473E-09 5.6708E-09 5.0811E-09 4.4924E-09 3.9173E-09 3.3662E-09 2.8520E-09 2.3772E-09 1.9500E-09 1.5671E-09 1.2329E-09 9.5130E-10 7.1883E-10 5.2814E-10 3.7733E-10 2.6284E-10 1.7275E-10 1.1025E-10 6.2557E-11 3.0973E-11 1.5360E-11 4.5833E-12 2.6876E-12 0.0000E+00 0.0000E+00 0.0000E+00 0.0000E+00 0.0000E+00 0.0000E+00 0.0000E+00 0.0000E+00 0.0000E+00 0.0000E+00 0.0000E+00 0.0000E+00 0.0000E+00 0.0000E+00 0.0000E+00 0.0000E+00 0.0000E+00 0.0000E+00
7.4843E-09 7.9595E-09 8.3941E-09 8.7826E-09 9.1130E-09 9.3766E-09 9.5638E-09 9.6711E-09 9.6892E-09 9.6180E-09 9.4568E-09 9.2059E-09 8.8675E-09 8.4500E-09 7.9608E-09 7.4123E-09 6.8170E-09 6.1901E-09 5.5476E-09 4.9035E-09 4.2748E-09 3.6703E-09 3.1032E-09 2.5838E-09 2.1150E-09 1.6967E-09 1.3318E-09 1.0215E-09 7.7026E-10 5.6459E-10 4.0376E-10 2.8041E-10 1.8452E-10 1.1653E-10 6.5863E-11 3.2229E-11 1.5187E-11 4.4153E-12 2.1848E-12 0.0000E+00 0.0000E+00 0.0000E+00 0.0000E+00 0.0000E+00 0.0000E+00 0.0000E+00 0.0000E+00 0.0000E+00 0.0000E+00 0.0000E+00 0.0000E+00 0.0000E+00 0.0000E+00 0.0000E+00 0.0000E+00 0.0000E+00 0.0000E+00
7.8040E-09 8.3286E-09 8.8123E-09 9.2537E-09 9.6317E-09 9.9459E-09 1.0178E-08 1.0324E-08 1.0377E-08 1.0333E-08 1.0186E-08 9.9390E-09 9.5949E-09 9.1595E-09 8.6450E-09 8.0602E-09 7.4217E-09 6.7444E-09 6.0475E-09 5.3447E-09 4.6547E-09 3.9938E-09 3.3716E-09 2.8007E-09 2.2871E-09 1.8299E-09 1.4332E-09 1.0973E-09 8.2425E-10 6.0419E-10 4.2935E-10 2.9937E-10 1.9670E-10 1.2372E-10 6.9779E-11 3.2957E-11 1.4815E-11 4.2159E-12 1.5446E-12 0.0000E+00 0.0000E+00 0.0000E+00 0.0000E+00 0.0000E+00 0.0000E+00 0.0000E+00 0.0000E+00 0.0000E+00 0.0000E+00 0.0000E+00 0.0000E+00 0.0000E+00 0.0000E+00 0.0000E+00 0.0000E+00 0.0000E+00 0.0000E+00
8.1006E-09 8.6723E-09 9.2126E-09 9.7079E-09 1.0143E-08 1.0509E-08 1.0792E-08 1.0987E-08 1.1076E-08 1.1062E-08 1.0937E-08 1.0700E-08 1.0356E-08 9.9066E-09 9.3652E-09 8.7436E-09 8.0583E-09 7.3274E-09 6.5702E-09 5.8078E-09 5.0548E-09 4.3326E-09 3.6529E-09 3.0284E-09 2.4683E-09 1.9706E-09 1.5390E-09 1.1772E-09 8.8338E-10 6.4698E-10 4.5962E-10 3.1707E-10 2.1100E-10 1.3157E-10 7.5290E-11 3.4912E-11 1.5095E-11 3.9898E-12 9.7915E-13 0.0000E+00 0.0000E+00 0.0000E+00 0.0000E+00 0.0000E+00 0.0000E+00 0.0000E+00 0.0000E+00 0.0000E+00 0.0000E+00 0.0000E+00 0.0000E+00 0.0000E+00 0.0000E+00 0.0000E+00 0.0000E+00 0.0000E+00 0.0000E+00
8.3644E-09 8.9930E-09 9.5899E-09 1.0142E-08 1.0638E-08 1.1064E-08 1.1405E-08 1.1650E-08 1.1789E-08 1.1811E-08 1.1713E-08 1.1490E-08 1.1146E-08 1.0686E-08 1.0120E-08 9.4628E-09 8.7306E-09 7.9454E-09 7.1253E-09 6.2959E-09 5.4760E-09 4.6871E-09 3.9471E-09 3.2660E-09 2.6570E-09 2.1198E-09 1.6528E-09 1.2627E-09 9.4481E-10 6.9212E-10 4.9219E-10 3.3935E-10 2.2459E-10 1.4063E-10 8.1240E-11 3.8137E-11 1.5899E-11 3.5929E-12 5.4680E-13 0.0000E+00 0.0000E+00 0.0000E+00 0.0000E+00 0.0000E+00 0.0000E+00 0.0000E+00 0.0000E+00 0.0000E+00 0.0000E+00 0.0000E+00 0.0000E+00 0.0000E+00 0.0000E+00 0.0000E+00 0.0000E+00 0.0000E+00 0.0000E+00
8.5989E-09 9.2758E-09 9.9352E-09 1.0550E-08 1.1113E-08 1.1601E-08 1.2006E-08 1.2310E-08 1.2501E-08 1.2564E-08 1.2499E-08 1.2297E-08 1.1959E-08 1.1493E-08 1.0904E-08 1.0212E-08 9.4321E-09 8.5891E-09 7.7045E-09 6.8055E-09 5.9171E-09 5.0585E-09 4.2530E-09 3.5156E-09 2.8561E-09 2.2759E-09 1.7750E-09 1.3540E-09 1.0143E-09 7.3883E-10 5.2700E-10 3.6247E-10 2.4164E-10 1.4961E-10 8.8375E-11 4.2184E-11 1.7231E-11 3.2571E-12 2.0176E-13 0.0000E+00 0.0000E+00 0.0000E+00 0.0000E+00 0.0000E+00 0.0000E+00 0.0000E+00 0.0000E+00 0.0000E+00 0.0000E+00 0.0000E+00 0.0000E+00 0.0000E+00 0.0000E+00 0.0000E+00 0.0000E+00 0.0000E+00 0.0000E+00
8.7864E-09 9.5282E-09 1.0245E-08 1.0927E-08 1.1556E-08 1.2115E-08 1.2589E-08 1.2956E-08 1.3207E-08 1.3326E-08 1.3297E-08 1.3123E-08 1.2795E-08 1.2323E-08 1.1715E-08 1.0986E-08 1.0158E-08 9.2545E-09 8.3048E-09 7.3336E-09 6.3716E-09 5.4449E-09 4.5744E-09 3.7792E-09 3.0678E-09 2.4422E-09 1.9024E-09 1.4509E-09 1.0873E-09 7.9195E-10 5.6346E-10 3.8877E-10 2.5915E-10 1.6170E-10 9.5726E-11 4.7408E-11 1.9506E-11 3.7738E-12 0.0000E+00 0.0000E+00 0.0000E+00 0.0000E+00 0.0000E+00 0.0000E+00 0.0000E+00 0.0000E+00 0.0000E+00 0.0000E+00 0.0000E+00 0.0000E+00 0.0000E+00 0.0000E+00 0.0000E+00 0.0000E+00 0.0000E+00 0.0000E+00 0.0000E+00
8.9385E-09 9.7321E-09 1.0510E-08 1.1260E-08 1.1962E-08 1.2596E-08 1.3145E-08 1.3588E-08 1.3901E-08 1.4076E-08 1.4094E-08 1.3949E-08 1.3640E-08 1.3167E-08 1.2542E-08 1.1781E-08 1.0906E-08 9.9433E-09 8.9239E-09 7.8808E-09 6.8453E-09 5.8476E-09 4.9108E-09 4.0545E-09 3.2892E-09 2.6177E-09 2.0410E-09 1.5533E-09 1.1635E-09 8.4798E-10 6.0415E-10 4.1617E-10 2.7824E-10 1.7384E-10 1.0377E-10 5.2769E-11 2.1462E-11 5.0696E-12 0.0000E+00 0.0000E+00 0.0000E+00 0.0000E+00 0.0000E+00 0.0000E+00 0.0000E+00 0.0000E+00 0.0000E+00 0.0000E+00 0.0000E+00 0.0000E+00 0.0000E+00 0.0000E+00 0.0000E+00 0.0000E+00 0.0000E+00 0.0000E+00 0.0000E+00
9.0336E-09 9.8824E-09 1.0725E-08 1.1545E-08 1.2321E-08 1.3037E-08 1.3662E-08 1.4181E-08 1.4570E-08 1.4807E-08 1.4880E-08 1.4773E-08 1.4486E-08 1.4017E-08 1.3377E-08 1.2583E-08 1.1660E-08 1.0638E-08 9.5515E-09 8.4383E-09 7.3312E-09 6.2640E-09 5.2605E-09 4.3419E-09 3.5211E-09 2.8004E-09 2.1847E-09 1.6646E-09 1.2448E-09 9.0710E-10 6.4681E-10 4.4678E-10 2.9874E-10 1.8792E-10 1.1151E-10 5.8088E-11 2.5339E-11 7.5438E-12 6.9858E-13 0.0000E+00 0.0000E+00 0.0000E+00 0.0000E+00 0.0000E+00 0.0000E+00 0.0000E+00 0.0000E+00 0.0000E+00 0.0000E+00 0.0000E+00 0.0000E+00 0.0000E+00 0.0000E+00 0.0000E+00 0.0000E+00 0.0000E+00 0.0000E+00
9.0762E-09 9.9787E-09 1.0882E-08 1.1772E-08 1.2625E-08 1.3420E-08 1.4130E-08 1.4733E-08 1.5201E-08 1.5507E-08 1.5639E-08 1.5578E-08 1.5316E-08 1.4857E-08 1.4208E-08 1.3387E-08 1.2420E-08 1.1343E-08 1.0192E-08 9.0083E-09 7.8307E-09 6.6920E-09 5.6219E-09 4.6408E-09 3.7623E-09 2.9928E-09 2.3328E-09 1.7785E-09 1.3294E-09 9.7070E-10 6.9088E-10 4.7903E-10 3.1979E-10 2.0219E-10 1.2010E-10 6.4308E-11 2.9315E-11 1.0628E-11 1.9041E-12 0.0000E+00 0.0000E+00 0.0000E+00 0.0000E+00 0.0000E+00 0.0000E+00 0.0000E+00 0.0000E+00 0.0000E+00 0.0000E+00 0.0000E+00 0.0000E+00 0.0000E+00 0.0000E+00 0.0000E+00 0.0000E+00 0.0000E+00 0.0000E+00
9.0600E-09 1.0007E-08 1.0973E-08 1.1931E-08 1.2860E-08 1.3738E-08 1.4537E-08 1.5223E-08 1.5775E-08 1.6160E-08 1.6355E-08 1.6346E-08 1.6118E-08 1.5674E-08 1.5019E-08 1.4175E-08 1.3169E-08 1.2041E-08 1.0830E-08 9.5814E-09 8.3333E-09 7.1253E-09 5.9871E-09 4.9429E-09 4.0101E-09 3.1895E-09 2.4875E-09 1.8981E-09 1.4176E-09 1.0383E-09 7.3847E-10 5.1250E-10 3.4128E-10 2.1754E-10 1.3047E-10 7.1011E-11 3.4353E-11 1.4822E-11 4.3480E-12 0.0000E+00 0.0000E+00 0.0000E+00 0.0000E+00 0.0000E+00 0.0000E+00 0.0000E+00 0.0000E+00 0.0000E+00 0.0000E+00 0.0000E+00 0.0000E+00 0.0000E+00 0.0000E+00 0.0000E+00 0.0000E+00 0.0000E+00 0.0000E+00
8.9718E-09 9.9688E-09 1.0987E-08 1.2011E-08 1.3017E-08 1.3976E-08 1.4862E-08 1.5640E-08 1.6276E-08 1.6744E-08 1.7010E-08 1.7058E-08 1.6871E-08 1.6447E-08 1.5795E-08 1.4935E-08 1.3900E-08 1.2728E-08 1.1463E-08 1.0152E-08 8.8374E-09 7.5613E-09 6.3564E-09 5.2505E-09 4.2596E-09 3.3919E-09 2.6460E-09 2.0208E-09 1.5090E-09 1.1066E-09 7.8855E-10 5.4568E-10 3.6339E-10 2.3364E-10 1.4254E-10 7.8804E-11 4.0764E-11 1.9640E-11 7.5695E-12 3.5753E-13 0.0000E+00 0.0000E+00 0.0000E+00 0.0000E+00 0.0000E+00 0.0000E+00 0.0000E+00 0.0000E+00 0.0000E+00 0.0000E+00 0.0000E+00 0.0000E+00 0.0000E+00 0.0000E+00 0.0000E+00 0.0000E+00 0.0000E+00
8.8180E-09 9.8472E-09 1.0919E-08 1.2002E-08 1.3080E-08 1.4121E-08 1.5091E-08 1.5960E-08 1.6687E-08 1.7241E-08 1.7586E-08 1.7697E-08 1.7558E-08 1.7165E-08 1.6525E-08 1.5660E-08 1.4602E-08 1.3391E-08 1.2076E-08 1.0705E-08 9.3271E-09 7.9865E-09 6.7199E-09 5.5551E-09 4.5112E-09 3.5930E-09 2.8057E-09 2.1454E-09 1.6027E-09 1.1735E-09 8.3515E-10 5.8020E-10 3.8752E-10 2.5278E-10 1.5487E-10 8.9946E-11 4.8124E-11 2.5047E-11 1.1370E-11 1.5607E-12 0.0000E+00 0.0000E+00 0.0000E+00 0.0000E+00 0.0000E+00 0.0000E+00 0.0000E+00 0.0000E+00 0.0000E+00 0.0000E+00 0.0000E+00 0.0000E+00 0.0000E+00 0.0000E+00 0.0000E+00 0.0000E+00 0.0000E+00
8.5828E-09 9.6492E-09 1.0758E-08 1.1897E-08 1.3038E-08 1.4155E-08 1.5212E-08 1.6171E-08 1.6992E-08 1.7634E-08 1.8061E-08 1.8242E-08 1.8159E-08 1.7805E-08 1.7186E-08 1.6324E-08 1.5252E-08 1.4013E-08 1.2656E-08 1.1235E-08 9.8005E-09 8.4014E-09 7.0766E-09 5.8545E-09 4.7594E-09 3.7954E-09 2.9642E-09 2.2685E-09 1.6955E-09 1.2408E-09 8.8598E-10 6.1701E-10 4.1714E-10 2.7312E-10 1.7131E-10 1.0213E-10 5.7610E-11 3.1977E-11 1.5436E-11 3.5635E-12 0.0000E+00 0.0000E+00 0.0000E+00 0.0000E+00 0.0000E+00 0.0000E+00 0.0000E+00 0.0000E+00 0.0000E+00 0.0000E+00 0.0000E+00 0.0000E+00 0.0000E+00 0.0000E+00 0.0000E+00 0.0000E+00 0.0000E+00
8.2792E-09 9.3616E-09 1.0501E-08 1.1685E-08 1.2885E-08 1.4074E-08 1.5211E-08 1.6257E-08 1.7170E-08 1.7903E-08 1.8416E-08 1.8675E-08 1.8657E-08 1.8353E-08 1.7767E-08 1.6920E-08 1.5843E-08 1.4584E-08 1.3194E-08 1.1729E-08 1.0247E-08 8.7933E-09 7.4129E-09 6.1403E-09 4.9961E-09 3.9890E-09 3.1194E-09 2.3847E-09 1.7841E-09 1.3073E-09 9.3426E-10 6.5543E-10 4.4657E-10 2.9791E-10 1.8867E-10 1.1694E-10 6.8539E-11 3.9398E-11 1.9206E-11 5.8989E-12 0.0000E+00 0.0000E+00 0.0000E+00 0.0000E+00 0.0000E+00 0.0000E+00 0.0000E+00 0.0000E+00 0.0000E+00 0.0000E+00 0.0000E+00 0.0000E+00 0.0000E+00 0.0000E+00 0.0000E+00 0.0000E+00 0.0000E+00
7.8945E-09 8.9862E-09 1.0150E-08 1.1367E-08 1.2617E-08 1.3864E-08 1.5076E-08 1.6207E-08 1.7209E-08 1.8034E-08 1.8638E-08 1.8979E-08 1.9034E-08 1.8788E-08 1.8243E-08 1.7419E-08 1.6351E-08 1.5084E-08 1.3672E-08 1.2178E-08 1.0654E-08 9.1547E-09 7.7293E-09 6.4097E-09 5.2197E-09 4.1728E-09 3.2679E-09 2.5021E-09 1.8768E-09 1.3819E-09 9.9535E-10 7.0270E-10 4.8271E-10 3.2548E-10 2.1163E-10 1.3289E-10 7.9591E-11 4.6576E-11 2.3304E-11 8.6783E-12 0.0000E+00 0.0000E+00 0.0000E+00 0.0000E+00 0.0000E+00 0.0000E+00 0.0000E+00 0.0000E+00 0.0000E+00 0.0000E+00 0.0000E+00 0.0000E+00 0.0000E+00 0.0000E+00 0.0000E+00 0.0000E+00 0.0000E+00
7.4429E-09 8.5301E-09 9.7015E-09 1.0939E-08 1.2226E-08 1.3528E-08 1.4805E-08 1.6013E-08 1.7100E-08 1.8016E-08 1.8708E-08 1.9137E-08 1.9271E-08 1.9091E-08 1.8600E-08 1.7814E-08 1.6767E-08 1.5505E-08 1.4085E-08 1.2566E-08 1.1012E-08 9.4784E-09 8.0126E-09 6.6546E-09 5.4258E-09 4.3415E-09 3.4075E-09 2.6149E-09 1.9669E-09 1.4525E-09 1.0526E-09 7.5144E-10 5.2184E-10 3.5565E-10 2.3310E-10 1.4976E-10 9.0634E-11 5.4331E-11 2.7018E-11 1.1209E-11 0.0000E+00 0.0000E+00 0.0000E+00 0.0000E+00 0.0000E+00 0.0000E+00 0.0000E+00 0.0000E+00 0.0000E+00 0.0000E+00 0.0000E+00 0.0000E+00 0.0000E+00 0.0000E+00 0.0000E+00 0.0000E+00 0.0000E+00
6.9253E-09 7.9959E-09 9.1631E-09 1.0413E-08 1.1723E-08 1.3063E-08 1.4395E-08 1.5670E-08 1.6836E-08 1.7837E-08 1.8620E-08 1.9138E-08 1.9355E-08 1.9250E-08 1.8822E-08 1.8084E-08 1.7068E-08 1.5823E-08 1.4406E-08 1.2881E-08 1.1310E-08 9.7526E-09 8.2606E-09 6.8711E-09 5.6106E-09 4.5002E-09 3.5447E-09 2.7317E-09 2.0653E-09 1.5358E-09 1.1232E-09 8.0467E-10 5.6461E-10 3.8773E-10 2.5727E-10 1.6693E-10 1.0156E-10 6.2294E-11 3.0819E-11 1.3784E-11 1.7903E-13 0.0000E+00 0.0000E+00 0.0000E+00 0.0000E+00 0.0000E+00 0.0000E+00 0.0000E+00 0.0000E+00 0.0000E+00 0.0000E+00 0.0000E+00 0.0000E+00 0.0000E+00 0.0000E+00 0.0000E+00 0.0000E+00
6.3559E-09 7.4001E-09 8.5488E-09 9.7920E-09 1.1112E-08 1.2479E-08 1.3850E-08 1.5181E-08 1.6415E-08 1.7495E-08 1.8364E-08 1.8969E-08 1.9272E-08 1.9249E-08 1.8892E-08 1.8214E-08 1.7246E-08 1.6034E-08 1.4637E-08 1.3117E-08 1.1545E-08 9.9763E-09 8.4665E-09 7.0563E-09 5.7777E-09 4.6477E-09 3.6724E-09 2.8452E-09 2.1660E-09 1.6220E-09 1.1928E-09 8.6376E-10 6.0851E-10 4.2072E-10 2.7931E-10 1.8473E-10 1.1341E-10 7.0165E-11 3.5715E-11 1.6207E-11 6.0722E-13 0.0000E+00 0.0000E+00 0.0000E+00 0.0000E+00 0.0000E+00 0.0000E+00 0.0000E+00 0.0000E+00 0.0000E+00 0.0000E+00 0.0000E+00 0.0000E+00 0.0000E+00 0.0000E+00 0.0000E+00 0.0000E+00
5.7498E-09 6.7525E-09 7.8709E-09 9.0965E-09 1.0411E-08 1.1785E-08 1.3181E-08 1.4552E-08 1.5842E-08 1.6989E-08 1.7935E-08 1.8626E-08 1.9017E-08 1.9079E-08 1.8802E-08 1.8195E-08 1.7287E-08 1.6122E-08 1.4759E-08 1.3265E-08 1.1703E-08 1.0139E-08 8.6283E-09 7.2137E-09 5.9257E-09 4.7891E-09 3.8026E-09 2.9660E-09 2.2755E-09 1.7113E-09 1.2683E-09 9.2047E-10 6.5261E-10 4.5476E-10 3.0400E-10 2.0294E-10 1.2590E-10 7.8107E-11 3.9968E-11 1.8468E-11 1.6509E-12 0.0000E+00 0.0000E+00 0.0000E+00 0.0000E+00 0.0000E+00 0.0000E+00 0.0000E+00 0.0000E+00 0.0000E+00 0.0000E+00 0.0000E+00 0.0000E+00 0.0000E+00 0.0000E+00 0.0000E+00 0.0000E+00
