Assets/Resources/2015_m01_d23_1100(utc+0800)_l00_csi_1hr_conc.grd
DSAA
         159         159
     -79.000      79.000
     -79.000      79.000
  0.0000E+00  0.1242E-05
[rows 0 to 24 of 159, columns 0 to 56 of 159]
0.0000E+00 0.0000E+00 0.0000E+00 0.0000E+00 0.0000E+00 0.0000E+00 0.0000E+00 0.0000E+00 0.0000E+00 3.9287E-12 1.1457E-11 1.8052E-11 2.4632E-11 2.8156E-11 2.9994E-11 3.1937E-11 3.4461E-11 4.0180E-11 4.8499E-11 5.7214E-11 6.3042E-11 6.7981E-11 7.3012E-11 7.8332E-11 8.3965E-11 8.9530E-11 9.6013E-11 1.0246E-10 1.0927E-10 1.1655E-10 1.2402E-10 1.3199E-10 1.4037E-10 1.4908E-10 1.5835E-10 1.6797E-10 1.7818E-10 1.8877E-10 1.9988E-10 2.1160E-10 2.2367E-10 2.3628E-10 2.4958E-10 2.6346E-10 2.7794E-10 2.9293E-10 3.0854E-10 3.2493E-10 3.4197E-10 3.5969E-10 3.7821E-10 3.9745E-10 4.1740E-10 4.3786E-10 4.5930E-10 4.8127E-10 5.0422E-10
0.0000E+00 0.0000E+00 0.0000E+00 0.0000E+00 0.0000E+00 0.0000E+00 0.0000E+00 0.0000E+00 7.3982E-13 6.5774E-12 1.3794E-11 2.0152E-11 2.5861E-11 2.8680E-11 3.0552E-11 3.2531E-11 3.5983E-11 4.2309E-11 5.1976E-11 5.9596E-11 6.4741E-11 6.9782E-11 7.4735E-11 8.0170E-11 8.5747E-11 9.1833E-11 9.8268E-11 1.0477E-10 1.1192E-10 1.1927E-10 1.2702E-10 1.3507E-10 1.4366E-10 1.5267E-10 1.6205E-10 1.7201E-10 1.8235E-10 1.9330E-10 2.0456E-10 2.1646E-10 2.2892E-10 2.4195E-10 2.5545E-10 2.6966E-10 2.8439E-10 2.9984E-10 3.1595E-10 3.3273E-10 3.5018E-10 3.6845E-10 3.8743E-10 4.0713E-10 4.2736E-10 4.4835E-10 4.7031E-10 4.9305E-10 5.1659E-10
0.0000E+00 0.0000E+00 0.0000E+00 0.0000E+00 0.0000E+00 0.0000E+00 0.0000E+00 0.0000E+00 1.8484E-12 8.7166E-12 1.4570E-11 2.2278E-11 2.6937E-11 2.9199E-11 3.1105E-11 3.3120E-11 3.7241E-11 4.5045E-11 5.4236E-11 6.1184E-11 6.6239E-11 7.1396E-11 7.6451E-11 8.2022E-11 8.7715E-11 9.4131E-11 1.0051E-10 1.0726E-10 1.1448E-10 1.2190E-10 1.2982E-10 1.3826E-10 1.4693E-10 1.5616E-10 1.6586E-10 1.7584E-10 1.8652E-10 1.9761E-10 2.0935E-10 2.2142E-10 2.3417E-10 2.4750E-10 2.6132E-10 2.7587E-10 2.9093E-10 3.0686E-10 3.2336E-10 3.4053E-10 3.5829E-10 3.7700E-10 3.9643E-10 4.1639E-10 4.3734E-10 4.5906E-10 4.8155E-10 5.0486E-10 5.2896E-10
0.0000E+00 0.0000E+00 0.0000E+00 0.0000E+00 0.0000E+00 0.0000E+00 0.0000E+00 0.0000E+00 3.2472E-12 9.9133E-12 1.6797E-11 2.3611E-11 2.7570E-11 2.9712E-11 3.1653E-11 3.4173E-11 3.9652E-11 4.8420E-11 5.6924E-11 6.2965E-11 6.7929E-11 7.2814E-11 7.8178E-11 8.3863E-11 8.9874E-11 9.6234E-11 1.0266E-10 1.0975E-10 1.1694E-10 1.2471E-10 1.3271E-10 1.4123E-10 1.5020E-10 1.5963E-10 1.6955E-10 1.7986E-10 1.9068E-10 2.0213E-10 2.1392E-10 2.2637E-10 2.3941E-10 2.5294E-10 2.6718E-10 2.8195E-10 2.9746E-10 3.1388E-10 3.3075E-10 3.4821E-10 3.6662E-10 3.8576E-10 4.0544E-10 4.2610E-10 4.4754E-10 4.6976E-10 4.9281E-10 5.1667E-10 5.4134E-10
0.0000E+00 0.0000E+00 0.0000E+00 0.0000E+00 0.0000E+00 0.0000E+00 0.0000E+00 7.3021E-13 4.7254E-12 1.1764E-11 1.8529E-11 2.4791E-11 2.8352E-11 3.0219E-11 3.2193E-11 3.5169E-11 4.1713E-11 5.1376E-11 5.9206E-11 6.4550E-11 6.9432E-11 7.4412E-11 8.0081E-11 8.5693E-11 9.1824E-11 9.8133E-11 1.0499E-10 1.1213E-10 1.1947E-10 1.2732E-10 1.3569E-10 1.4429E-10 1.5346E-10 1.6310E-10 1.7312E-10 1.8376E-10 1.9482E-10 2.0642E-10 2.1858E-10 2.3131E-10 2.4453E-10 2.5857E-10 2.7302E-10 2.8812E-10 3.0399E-10 3.2066E-10 3.3802E-10 3.5611E-10 3.7493E-10 3.9430E-10 4.1465E-10 4.3579E-10 4.5772E-10 4.8048E-10 5.0405E-10 5.2846E-10 5.5373E-10
0.0000E+00 0.0000E+00 0.0000E+00 0.0000E+00 0.0000E+00 0.0000E+00 0.0000E+00 7.4319E-13 6.1501E-12 1.3745E-11 2.0262E-11 2.6119E-11 2.8822E-11 3.0720E-11 3.2727E-11 3.6418E-11 4.4369E-11 5.3703E-11 6.0687E-11 6.5946E-11 7.0923E-11 7.5997E-11 8.1788E-11 8.7508E-11 9.3781E-11 1.0031E-10 1.0731E-10 1.1441E-10 1.2210E-10 1.3001E-10 1.3845E-10 1.4744E-10 1.5670E-10 1.6655E-10 1.7689E-10 1.8765E-10 1.9905E-10 2.1079E-10 2.2332E-10 2.3622E-10 2.4983E-10 2.6407E-10 2.7883E-10 2.9438E-10 3.1061E-10 3.2752E-10 3.4528E-10 3.6377E-10 3.8301E-10 4.0304E-10 4.2385E-10 4.4545E-10 4.6789E-10 4.9116E-10 5.1527E-10 5.4025E-10 5.6609E-10
0.0000E+00 0.0000E+00 0.0000E+00 0.0000E+00 0.0000E+00 0.0000E+00 0.0000E+00 1.8541E-12 8.4582E-12 1.5284E-11 2.2051E-11 2.7159E-11 2.9285E-11 3.1213E-11 3.3252E-11 3.7884E-11 4.6982E-11 5.6322E-11 6.2355E-11 6.7321E-11 7.2399E-11 7.7772E-11 8.3290E-11 8.9326E-11 9.5720E-11 1.0238E-10 1.0942E-10 1.1676E-10 1.2451E-10 1.3278E-10 1.4130E-10 1.5037E-10 1.6002E-10 1.6997E-10 1.8053E-10 1.9141E-10 2.0305E-10 2.1514E-10 2.2783E-10 2.4110E-10 2.5490E-10 2.6943E-10 2.8473E-10 3.0061E-10 3.1718E-10 3.3458E-10 3.5272E-10 3.7161E-10 3.9105E-10 4.1151E-10 4.3300E-10 4.5486E-10 4.7780E-10 5.0158E-10 5.2600E-10 5.5154E-10 5.7797E-10
0.0000E+00 0.0000E+00 0.0000E+00 0.0000E+00 0.0000E+00 0.0000E+00 0.0000E+00 2.9658E-12 1.0271E-11 1.6504E-11 2.3457E-11 2.7733E-11 2.9740E-11 3.1698E-11 3.4242E-11 4.0228E-11 4.9434E-11 5.7901E-11 6.3824E-11 6.8698E-11 7.3675E-11 7.9349E-11 8.4967E-11 9.1316E-11 9.7639E-11 1.0452E-10 1.1162E-10 1.1910E-10 1.2700E-10 1.3534E-10 1.4422E-10 1.5338E-10 1.6312E-10 1.7337E-10 1.8404E-10 1.9535E-10 2.0712E-10 2.1946E-10 2.3229E-10 2.4595E-10 2.6003E-10 2.7486E-10 2.9060E-10 3.0680E-10 3.2361E-10 3.4137E-10 3.5989E-10 3.7919E-10 3.9928E-10 4.2017E-10 4.4167E-10 4.6425E-10 4.8767E-10 5.1196E-10 5.3716E-10 5.6325E-10 5.9024E-10
0.0000E+00 0.0000E+00 0.0000E+00 0.0000E+00 0.0000E+00 0.0000E+00 0.0000E+00 4.4366E-12 1.2091E-11 1.7907E-11 2.4736E-11 2.8307E-11 3.0187E-11 3.2175E-11 3.5634E-11 4.2345E-11 5.1917E-11 5.9661E-11 6.4901E-11 7.0058E-11 7.5122E-11 8.0908E-11 8.6625E-11 9.2903E-11 9.9639E-11 1.0646E-10 1.1368E-10 1.2141E-10 1.2957E-10 1.3796E-10 1.4692E-10 1.5646E-10 1.6629E-10 1.7674E-10 1.8772E-10 1.9916E-10 2.1116E-10 2.2374E-10 2.3694E-10 2.5076E-10 2.6512E-10 2.8026E-10 2.9619E-10 3.1284E-10 3.3021E-10 3.4834E-10 3.6703E-10 3.8673E-10 4.0745E-10 4.2856E-10 4.5075E-10 4.7379E-10 4.9770E-10 5.2253E-10 5.4825E-10 5.7489E-10 6.0241E-10
0.0000E+00 0.0000E+00 0.0000E+00 0.0000E+00 0.0000E+00 0.0000E+00 7.3937E-13 5.4919E-12 1.3134E-11 1.8953E-11 2.5723E-11 2.8718E-11 3.0625E-11 3.2642E-11 3.6349E-11 4.4918E-11 5.4621E-11 6.1407E-11 6.6346E-11 7.1400E-11 7.6753E-11 8.2446E-11 8.8467E-11 9.4668E-11 1.0143E-10 1.0848E-10 1.1593E-10 1.2370E-10 1.3191E-10 1.4066E-10 1.4969E-10 1.5931E-10 1.6953E-10 1.8008E-10 1.9117E-10 2.0282E-10 2.1505E-10 2.2798E-10 2.4133E-10 2.5542E-10 2.7028E-10 2.8572E-10 3.0185E-10 3.1883E-10 3.3677E-10 3.5505E-10 3.7433E-10 3.9443E-10 4.1534E-10 4.3712E-10 4.5975E-10 4.8326E-10 5.0768E-10 5.3301E-10 5.5926E-10 5.8640E-10 6.1449E-10
0.0000E+00 0.0000E+00 0.0000E+00 0.0000E+00 0.0000E+00 0.0000E+00 1.8420E-12 6.9878E-12 1.4279E-11 2.0812E-11 2.6834E-11 2.9120E-11 3.1054E-11 3.3100E-11 3.7741E-11 4.6909E-11 5.6684E-11 6.2753E-11 6.7591E-11 7.2535E-11 7.8180E-11 8.3773E-11 9.0102E-11 9.6406E-11 1.0338E-10 1.1046E-10 1.1795E-10 1.2596E-10 1.3432E-10 1.4314E-10 1.5253E-10 1.6222E-10 1.7253E-10 1.8338E-10 1.9467E-10 2.0664E-10 2.1900E-10 2.3218E-10 2.4577E-10 2.6012E-10 2.7538E-10 2.9111E-10 3.0745E-10 3.2498E-10 3.4305E-10 3.6168E-10 3.8134E-10 4.0205E-10 4.2316E-10 4.4559E-10 4.6867E-10 4.9267E-10 5.1757E-10 5.4341E-10 5.7015E-10 5.9784E-10 6.2650E-10
0.0000E+00 0.0000E+00 0.0000E+00 0.0000E+00 0.0000E+00 0.0000E+00 2.5854E-12 8.9460E-12 1.5465E-11 2.2482E-11 2.7355E-11 2.9513E-11 3.1473E-11 3.3547E-11 3.9782E-11 4.9227E-11 5.8519E-11 6.3706E-11 6.8816E-11 7.3839E-11 7.9585E-11 8.5267E-11 9.1710E-11 9.8222E-11 1.0512E-10 1.1233E-10 1.2004E-10 1.2820E-10 1.3670E-10 1.4567E-10 1.5513E-10 1.6520E-10 1.7559E-10 1.8664E-10 1.9813E-10 2.1022E-10 2.2290E-10 2.3621E-10 2.5016E-10 2.6478E-10 2.8020E-10 2.9633E-10 3.1321E-10 3.3084E-10 3.4925E-10 3.6846E-10 3.8850E-10 4.0916E-10 4.3113E-10 4.5376E-10 4.7729E-10 5.0198E-10 5.2738E-10 5.5368E-10 5.8094E-10 6.0917E-10 6.3836E-10
0.0000E+00 0.0000E+00 0.0000E+00 0.0000E+00 0.0000E+00 0.0000E+00 3.6911E-12 1.0743E-11 1.6303E-11 2.3717E-11 2.8020E-11 2.9896E-11 3.1882E-11 3.4460E-11 4.2032E-11 5.1805E-11 5.9367E-11 6.5019E-11 7.0019E-11 7.5321E-11 8.0964E-11 8.6939E-11 9.3096E-11 1.0001E-10 1.0683E-10 1.1435E-10 1.2210E-10 1.3029E-10 1.3904E-10 1.4827E-10 1.5779E-10 1.6794E-10 1.7861E-10 1.8974E-10 2.0154E-10 2.1384E-10 2.2675E-10 2.4029E-10 2.5460E-10 2.6949E-10 2.8507E-10 3.0150E-10 3.1889E-10 3.3663E-10 3.5539E-10 3.7517E-10 3.9536E-10 4.1663E-10 4.3879E-10 4.6184E-10 4.8583E-10 5.1098E-10 5.3687E-10 5.6384E-10 5.9163E-10 6.2040E-10 6.5020E-10
0.0000E+00 0.0000E+00 0.0000E+00 0.0000E+00 0.0000E+00 0.0000E+00 4.1003E-12 1.2195E-11 1.7311E-11 2.4935E-11 2.8370E-11 3.0269E-11 3.2280E-11 3.5775E-11 4.3816E-11 5.3977E-11 6.0979E-11 6.5936E-11 7.1012E-11 7.6594E-11 8.2127E-11 8.8398E-11 9.4648E-11 1.0157E-10 1.0861E-10 1.1615E-10 1.2413E-10 1.3255E-10 1.4135E-10 1.5063E-10 1.6051E-10 1.7072E-10 1.8158E-10 1.9289E-10 2.0490E-10 2.1740E-10 2.3053E-10 2.4419E-10 2.5875E-10 2.7412E-10 2.8986E-10 3.0658E-10 3.2429E-10 3.4234E-10 3.6165E-10 3.8157E-10 4.0235E-10 4.2401E-10 4.4657E-10 4.7006E-10 4.9450E-10 5.1989E-10 5.4621E-10 5.7355E-10 6.0191E-10 6.3161E-10 6.6204E-10
0.0000E+00 0.0000E+00 0.0000E+00 0.0000E+00 0.0000E+00 7.3763E-13 5.5740E-12 1.2967E-11 1.8712E-11 2.5698E-11 2.8709E-11 3.0631E-11 3.2666E-11 3.7268E-11 4.5686E-11 5.5694E-11 6.2182E-11 6.7026E-11 7.2169E-11 7.7647E-11 8.3454E-11 8.9629E-11 9.6272E-11 1.0311E-10 1.1035E-10 1.1801E-10 1.2611E-10 1.3457E-10 1.4361E-10 1.5304E-10 1.6298E-10 1.7346E-10 1.8439E-10 1.9599E-10 2.0809E-10 2.2080E-10 2.3424E-10 2.4825E-10 2.6305E-10 2.7856E-10 2.9480E-10 3.1181E-10 3.2959E-10 3.4818E-10 3.6760E-10 3.8786E-10 4.0901E-10 4.3129E-10 4.5427E-10 4.7818E-10 5.0307E-10 5.2890E-10 5.5575E-10 5.8364E-10 6.1255E-10 6.4257E-10 6.7366E-10
0.0000E+00 0.0000E+00 0.0000E+00 0.0000E+00 0.0000E+00 1.4734E-12 7.0442E-12 1.3976E-11 2.0010E-11 2.6589E-11 2.9038E-11 3.0982E-11 3.3041E-11 3.8347E-11 4.7518E-11 5.7216E-11 6.3168E-11 6.8091E-11 7.3300E-11 7.8868E-11 8.4750E-11 9.1028E-11 9.7861E-11 1.0471E-10 1.1206E-10 1.1984E-10 1.2796E-10 1.3665E-10 1.4583E-10 1.5540E-10 1.6550E-10 1.7615E-10 1.8724E-10 1.9903E-10 2.1132E-10 2.2423E-10 2.3778E-10 2.5224E-10 2.6717E-10 2.8270E-10 2.9966E-10 3.1673E-10 3.3481E-10 3.5392E-10 3.7346E-10 3.9408E-10 4.1581E-10 4.3802E-10 4.6164E-10 4.8624E-10 5.1155E-10 5.3790E-10 5.6530E-10 5.9376E-10 6.2328E-10 6.5392E-10 6.8574E-10
0.0000E+00 0.0000E+00 0.0000E+00 0.0000E+00 0.0000E+00 2.5721E-12 7.4841E-12 1.4413E-11 2.1133E-11 2.7193E-11 2.9356E-11 3.1322E-11 3.3402E-11 3.9370E-11 4.9769E-11 5.8516E-11 6.3950E-11 6.9130E-11 7.4421E-11 8.0058E-11 8.6035E-11 9.2392E-11 9.9227E-11 1.0617E-10 1.1373E-10 1.2152E-10 1.2997E-10 1.3868E-10 1.4789E-10 1.5772E-10 1.6797E-10 1.7866E-10 1.9004E-10 2.0200E-10 2.1448E-10 2.2758E-10 2.4136E-10 2.5592E-10 2.7120E-10 2.8721E-10 3.0421E-10 3.2154E-10 3.3992E-10 3.5937E-10 3.7945E-10 4.0042E-10 4.2231E-10 4.4516E-10 4.6921E-10 4.9383E-10 5.1989E-10 5.4698E-10 5.7491E-10 6.0395E-10 6.3415E-10 6.6547E-10 6.9793E-10
0.0000E+00 0.0000E+00 0.0000E+00 0.0000E+00 0.0000E+00 2.9614E-12 8.2754E-12 1.5090E-11 2.2582E-11 2.7786E-11 2.9662E-11 3.1648E-11 3.4225E-11 4.1118E-11 5.1820E-11 5.9980E-11 6.4905E-11 7.0140E-11 7.5513E-11 8.1217E-11 8.7286E-11 9.3823E-11 1.0045E-10 1.0769E-10 1.1526E-10 1.2326E-10 1.3173E-10 1.4067E-10 1.5011E-10 1.5987E-10 1.7027E-10 1.8122E-10 1.9277E-10 2.0491E-10 2.1746E-10 2.3076E-10 2.4496E-10 2.5963E-10 2.7536E-10 2.9162E-10 3.0844E-10 3.2650E-10 3.4517E-10 3.6470E-10 3.8512E-10 4.0669E-10 4.2899E-10 4.5228E-10 4.7659E-10 5.0192E-10 5.2829E-10 5.5592E-10 5.8465E-10 6.1432E-10 6.4514E-10 6.7716E-10 7.1032E-10
0.0000E+00 0.0000E+00 0.0000E+00 0.0000E+00 0.0000E+00 3.7080E-12 9.7055E-12 1.5930E-11 2.3574E-11 2.8062E-11 2.9956E-11 3.1962E-11 3.4565E-11 4.3252E-11 5.3822E-11 6.1033E-11 6.5833E-11 7.0938E-11 7.6573E-11 8.2341E-11 8.8500E-11 9.5113E-11 1.0185E-10 1.0918E-10 1.1684E-10 1.2495E-10 1.3353E-10 1.4260E-10 1.5207E-10 1.6207E-10 1.7262E-10 1.8373E-10 1.9542E-10 2.0764E-10 2.2047E-10 2.3407E-10 2.4847E-10 2.6325E-10 2.7920E-10 2.9573E-10 3.1280E-10 3.3136E-10 3.5013E-10 3.6999E-10 3.9099E-10 4.1251E-10 4.3549E-10 4.5950E-10 4.8426E-10 5.1009E-10 5.3706E-10 5.6507E-10 5.9436E-10 6.2486E-10 6.5634E-10 6.8899E-10 7.2288E-10
0.0000E+00 0.0000E+00 0.0000E+00 0.0000E+00 0.0000E+00 4.8102E-12 1.0951E-11 1.6716E-11 2.4272E-11 2.8326E-11 3.0238E-11 3.2263E-11 3.5776E-11 4.4709E-11 5.4997E-11 6.1865E-11 6.6732E-11 7.1891E-11 7.7408E-11 8.3246E-11 8.9676E-11 9.6280E-11 1.0319E-10 1.1062E-10 1.1838E-10 1.2660E-10 1.3529E-10 1.4438E-10 1.5408E-10 1.6421E-10 1.7489E-10 1.8616E-10 1.9801E-10 2.1028E-10 2.2328E-10 2.3719E-10 2.5158E-10 2.6702E-10 2.8299E-10 2.9974E-10 3.1732E-10 3.3596E-10 3.5504E-10 3.7550E-10 3.9670E-10 4.1890E-10 4.4233E-10 4.6659E-10 4.9207E-10 5.1846E-10 5.4591E-10 5.7453E-10 6.0429E-10 6.3523E-10 6.6754E-10 7.0104E-10 7.3555E-10
0.0000E+00 0.0000E+00 0.0000E+00 0.0000E+00 0.0000E+00 5.9077E-12 1.2366E-11 1.8012E-11 2.5407E-11 2.8578E-11 3.0507E-11 3.2551E-11 3.7162E-11 4.5979E-11 5.6541E-11 6.2491E-11 6.7601E-11 7.2629E-11 7.8403E-11 8.4321E-11 9.0620E-11 9.7404E-11 1.0450E-10 1.1192E-10 1.1977E-10 1.2820E-10 1.3700E-10 1.4630E-10 1.5602E-10 1.6628E-10 1.7711E-10 1.8851E-10 2.0042E-10 2.1294E-10 2.2625E-10 2.4035E-10 2.5481E-10 2.7069E-10 2.8669E-10 3.0349E-10 3.2180E-10 3.4034E-10 3.6024E-10 3.8088E-10 4.0250E-10 4.2539E-10 4.4911E-10 4.7383E-10 4.9987E-10 5.2677E-10 5.5499E-10 5.8418E-10 6.1458E-10 6.4615E-10 6.7890E-10 7.1289E-10 7.4837E-10
0.0000E+00 0.0000E+00 0.0000E+00 0.0000E+00 7.3791E-13 6.3158E-12 1.2822E-11 1.8338E-11 2.6370E-11 2.8818E-11 3.0763E-11 3.2824E-11 3.8127E-11 4.7502E-11 5.7469E-11 6.3088E-11 6.8252E-11 7.3536E-11 7.9362E-11 8.5356E-11 9.1822E-11 9.8587E-11 1.0576E-10 1.1327E-10 1.2121E-10 1.2964E-10 1.3854E-10 1.4796E-10 1.5790E-10 1.6828E-10 1.7924E-10 1.9069E-10 2.0275E-10 2.1544E-10 2.2913E-10 2.4330E-10 2.5822E-10 2.7389E-10 2.9037E-10 3.0769E-10 3.2613E-10 3.4503E-10 3.6555E-10 3.8639E-10 4.0871E-10 4.3207E-10 4.5621E-10 4.8147E-10 5.0784E-10 5.3529E-10 5.6426E-10 5.9406E-10 6.2504E-10 6.5723E-10 6.9060E-10 7.2514E-10 7.6088E-10
0.0000E+00 0.0000E+00 0.0000E+00 0.0000E+00 1.4720E-12 7.0811E-12 1.3550E-11 1.8942E-11 2.6889E-11 2.9045E-11 3.1006E-11 3.3083E-11 3.9477E-11 4.8775E-11 5.8761E-11 6.3853E-11 6.9061E-11 7.4409E-11 8.0283E-11 8.6351E-11 9.2879E-11 9.9622E-11 1.0678E-10 1.1447E-10 1.2261E-10 1.3123E-10 1.4013E-10 1.4966E-10 1.5972E-10 1.7022E-10 1.8110E-10 1.9279E-10 2.0510E-10 2.1807E-10 2.3185E-10 2.4601E-10 2.6159E-10 2.7733E-10 2.9410E-10 3.1200E-10 3.3056E-10 3.5008E-10 3.7081E-10 3.9208E-10 4.1486E-10 4.3849E-10 4.6338E-10 4.8932E-10 5.1620E-10 5.4421E-10 5.7338E-10 6.0394E-10 6.3566E-10 6.6839E-10 7.0233E-10 7.3740E-10 7.7364E-10
0.0000E+00 0.0000E+00 0.0000E+00 0.0000E+00 2.2019E-12 7.5008E-12 1.3935E-11 1.9703E-11 2.7394E-11 2.9259E-11 3.1235E-11 3.3327E-11 4.0178E-11 5.0663E-11 5.9638E-11 6.4587E-11 6.9835E-11 7.5245E-11 8.0982E-11 8.7304E-11 9.3806E-11 1.0062E-10 1.0795E-10 1.1572E-10 1.2395E-10 1.3256E-10 1.4166E-10 1.5118E-10 1.6126E-10 1.7189E-10 1.8310E-10 1.9494E-10 2.0730E-10 2.2068E-10 2.3455E-10 2.4917E-10 2.6461E-10 2.8086E-10 2.9796E-10 3.1621E-10 3.3494E-10 3.5531E-10 3.7601E-10 3.9821E-10 4.2147E-10 4.4553E-10 4.7093E-10 4.9717E-10 5.2474E-10 5.5331E-10 5.8303E-10 6.1392E-10 6.4618E-10 6.7959E-10 7.1398E-10 7.4956E-10 7.8627E-10
0.0000E+00 0.0000E+00 0.0000E+00 0.0000E+00 2.9277E-12 7.9149E-12 1.4311E-11 2.0451E-11 2.7582E-11 2.9460E-11 3.1449E-11 3.3556E-11 4.1494E-11 5.1675E-11 6.0485E-11 6.5096E-11 7.0392E-11 7.6043E-11 8.1640E-11 8.8022E-11 9.4686E-11 1.0166E-10 1.0906E-10 1.1691E-10 1.2513E-10 1.3382E-10 1.4314E-10 1.5277E-10 1.6294E-10 1.7370E-10 1.8507E-10 1.9705E-10 2.0971E-10 2.2320E-10 2.3710E-10 2.5222E-10 2.6794E-10 2.8451E-10 3.0222E-10 3.2060E-10 3.3995E-10 3.6054E-10 3.8190E-10 4.0456E-10 4.2808E-10 4.5279E-10 4.7847E-10 5.0525E-10 5.3329E-10 5.6253E-10 5.9276E-10 6.2413E-10 6.5666E-10 6.9052E-10 7.2554E-10 7.6153E-10 7.9865E-10
