Assets/Resources/2015_m01_d20_2200(utc+0800)_l00_csi_1hr_conc.grd
DSAA
         159         159
     -79.000      79.000
     -79.000      79.000
  0.5404E-09  0.8561E-05
[rows 75 to 99 of 159, columns 0 to 56 of 159]
8.3504E-09 8.7047E-09 9.0574E-09 9.4100E-09 9.7596E-09 1.0106E-08 1.0448E-08 1.0786E-08 1.1118E-08 1.1445E-08 1.1766E-08 1.2084E-08 1.2395E-08 1.2701E-08 1.2999E-08 1.3291E-08 1.3576E-08 1.3852E-08 1.4122E-08 1.4382E-08 1.4633E-08 1.4875E-08 1.5110E-08 1.5336E-08 1.5553E-08 1.5762E-08 1.5967E-08 1.6163E-08 1.6353E-08 1.6536E-08 1.6712E-08 1.6878E-08 1.7025E-08 1.7158E-08 1.7281E-08 1.7383E-08 1.7476E-08 1.7551E-08 1.7618E-08 1.7669E-08 1.7716E-08 1.7747E-08 1.7778E-08 1.7795E-08 1.7815E-08 1.7830E-08 1.7845E-08 1.7872E-08 1.7902E-08 1.7931E-08 1.7970E-08 1.8011E-08 1.8041E-08 1.8069E-08 1.8097E-08 1.8127E-08 1.8159E-08
8.4902E-09 8.8568E-09 9.2222E-09 9.5872E-09 9.9487E-09 1.0307E-08 1.0660E-08 1.1008E-08 1.1350E-08 1.1687E-08 1.2016E-08 1.2341E-08 1.2659E-08 1.2972E-08 1.3275E-08 1.3572E-08 1.3862E-08 1.4141E-08 1.4413E-08 1.4676E-08 1.4928E-08 1.5172E-08 1.5407E-08 1.5633E-08 1.5850E-08 1.6063E-08 1.6267E-08 1.6464E-08 1.6652E-08 1.6833E-08 1.7007E-08 1.7166E-08 1.7311E-08 1.7442E-08 1.7563E-08 1.7663E-08 1.7753E-08 1.7825E-08 1.7888E-08 1.7935E-08 1.7977E-08 1.8003E-08 1.8028E-08 1.8040E-08 1.8052E-08 1.8060E-08 1.8066E-08 1.8084E-08 1.8105E-08 1.8123E-08 1.8149E-08 1.8181E-08 1.8200E-08 1.8215E-08 1.8229E-08 1.8243E-08 1.8258E-08
8.6207E-09 8.9998E-09 9.3778E-09 9.7549E-09 1.0128E-08 1.0498E-08 1.0862E-08 1.1220E-08 1.1572E-08 1.1918E-08 1.2255E-08 1.2588E-08 1.2912E-08 1.3231E-08 1.3539E-08 1.3841E-08 1.4134E-08 1.4416E-08 1.4691E-08 1.4954E-08 1.5208E-08 1.5452E-08 1.5687E-08 1.5912E-08 1.6131E-08 1.6343E-08 1.6546E-08 1.6742E-08 1.6927E-08 1.7105E-08 1.7275E-08 1.7426E-08 1.7567E-08 1.7695E-08 1.7814E-08 1.7910E-08 1.7996E-08 1.8063E-08 1.8121E-08 1.8163E-08 1.8198E-08 1.8219E-08 1.8237E-08 1.8241E-08 1.8245E-08 1.8244E-08 1.8241E-08 1.8249E-08 1.8258E-08 1.8265E-08 1.8276E-08 1.8295E-08 1.8302E-08 1.8303E-08 1.8302E-08 1.8299E-08 1.8295E-08
8.7409E-09 9.1324E-09 9.5225E-09 9.9116E-09 1.0297E-08 1.0678E-08 1.1052E-08 1.1421E-08 1.1783E-08 1.2137E-08 1.2482E-08 1.2822E-08 1.3152E-08 1.3477E-08 1.3790E-08 1.4095E-08 1.4392E-08 1.4676E-08 1.4952E-08 1.5217E-08 1.5470E-08 1.5714E-08 1.5947E-08 1.6171E-08 1.6392E-08 1.6601E-08 1.6803E-08 1.6995E-08 1.7178E-08 1.7351E-08 1.7509E-08 1.7655E-08 1.7793E-08 1.7917E-08 1.8030E-08 1.8122E-08 1.8203E-08 1.8265E-08 1.8316E-08 1.8351E-08 1.8380E-08 1.8393E-08 1.8403E-08 1.8399E-08 1.8394E-08 1.8382E-08 1.8369E-08 1.8364E-08 1.8362E-08 1.8356E-08 1.8351E-08 1.8355E-08 1.8350E-08 1.8336E-08 1.8318E-08 1.8297E-08 1.8274E-08
8.8495E-09 9.2531E-09 9.6551E-09 1.0056E-08 1.0452E-08 1.0845E-08 1.1230E-08 1.1609E-08 1.1980E-08 1.2343E-08 1.2696E-08 1.3042E-08 1.3378E-08 1.3707E-08 1.4025E-08 1.4334E-08 1.4633E-08 1.4919E-08 1.5196E-08 1.5460E-08 1.5713E-08 1.5956E-08 1.6187E-08 1.6412E-08 1.6631E-08 1.6838E-08 1.7036E-08 1.7224E-08 1.7402E-08 1.7565E-08 1.7714E-08 1.7855E-08 1.7987E-08 1.8105E-08 1.8214E-08 1.8300E-08 1.8374E-08 1.8429E-08 1.8472E-08 1.8500E-08 1.8520E-08 1.8525E-08 1.8526E-08 1.8513E-08 1.8497E-08 1.8475E-08 1.8450E-08 1.8433E-08 1.8417E-08 1.8398E-08 1.8377E-08 1.8360E-08 1.8345E-08 1.8314E-08 1.8279E-08 1.8240E-08 1.8197E-08
8.9455E-09 9.3605E-09 9.7741E-09 1.0186E-08 1.0594E-08 1.0997E-08 1.1393E-08 1.1782E-08 1.2162E-08 1.2533E-08 1.2894E-08 1.3246E-08 1.3588E-08 1.3922E-08 1.4243E-08 1.4555E-08 1.4856E-08 1.5143E-08 1.5421E-08 1.5685E-08 1.5936E-08 1.6177E-08 1.6407E-08 1.6631E-08 1.6846E-08 1.7051E-08 1.7243E-08 1.7427E-08 1.7599E-08 1.7748E-08 1.7890E-08 1.8024E-08 1.8149E-08 1.8261E-08 1.8362E-08 1.8441E-08 1.8508E-08 1.8556E-08 1.8591E-08 1.8610E-08 1.8621E-08 1.8616E-08 1.8607E-08 1.8584E-08 1.8558E-08 1.8524E-08 1.8486E-08 1.8455E-08 1.8425E-08 1.8392E-08 1.8356E-08 1.8318E-08 1.8288E-08 1.8242E-08 1.8190E-08 1.8132E-08 1.8069E-08
9.0275E-09 9.4534E-09 9.8781E-09 1.0301E-08 1.0720E-08 1.1134E-08 1.1540E-08 1.1938E-08 1.2327E-08 1.2706E-08 1.3074E-08 1.3433E-08 1.3779E-08 1.4118E-08 1.4443E-08 1.4757E-08 1.5060E-08 1.5347E-08 1.5625E-08 1.5888E-08 1.6137E-08 1.6375E-08 1.6606E-08 1.6826E-08 1.7038E-08 1.7238E-08 1.7425E-08 1.7602E-08 1.7762E-08 1.7903E-08 1.8037E-08 1.8163E-08 1.8280E-08 1.8383E-08 1.8477E-08 1.8548E-08 1.8606E-08 1.8646E-08 1.8671E-08 1.8681E-08 1.8682E-08 1.8668E-08 1.8648E-08 1.8614E-08 1.8576E-08 1.8530E-08 1.8480E-08 1.8434E-08 1.8389E-08 1.8341E-08 1.8290E-08 1.8233E-08 1.8179E-08 1.8124E-08 1.8053E-08 1.7977E-08 1.7895E-08
9.0945E-09 9.5307E-09 9.9660E-09 1.0400E-08 1.0829E-08 1.1253E-08 1.1668E-08 1.2076E-08 1.2474E-08 1.2861E-08 1.3236E-08 1.3600E-08 1.3951E-08 1.4294E-08 1.4622E-08 1.4938E-08 1.5242E-08 1.5530E-08 1.5807E-08 1.6068E-08 1.6315E-08 1.6552E-08 1.6781E-08 1.6997E-08 1.7204E-08 1.7399E-08 1.7580E-08 1.7749E-08 1.7896E-08 1.8030E-08 1.8154E-08 1.8271E-08 1.8379E-08 1.8473E-08 1.8558E-08 1.8620E-08 1.8670E-08 1.8700E-08 1.8715E-08 1.8715E-08 1.8706E-08 1.8681E-08 1.8650E-08 1.8604E-08 1.8554E-08 1.8496E-08 1.8432E-08 1.8372E-08 1.8312E-08 1.8248E-08 1.8182E-08 1.8109E-08 1.8031E-08 1.7961E-08 1.7875E-08 1.7781E-08 1.7679E-08
9.1455E-09 9.5913E-09 1.0036E-08 1.0480E-08 1.0919E-08 1.1353E-08 1.1778E-08 1.2194E-08 1.2600E-08 1.2995E-08 1.3377E-08 1.3747E-08 1.4102E-08 1.4448E-08 1.4779E-08 1.5097E-08 1.5402E-08 1.5690E-08 1.5965E-08 1.6225E-08 1.6468E-08 1.6706E-08 1.6931E-08 1.7143E-08 1.7344E-08 1.7533E-08 1.7708E-08 1.7862E-08 1.8002E-08 1.8127E-08 1.8241E-08 1.8347E-08 1.8447E-08 1.8531E-08 1.8606E-08 1.8659E-08 1.8699E-08 1.8719E-08 1.8724E-08 1.8713E-08 1.8693E-08 1.8657E-08 1.8615E-08 1.8558E-08 1.8496E-08 1.8425E-08 1.8347E-08 1.8273E-08 1.8197E-08 1.8118E-08 1.8036E-08 1.7948E-08 1.7850E-08 1.7755E-08 1.7660E-08 1.7548E-08 1.7429E-08
9.1814E-09 9.6347E-09 1.0089E-08 1.0541E-08 1.0989E-08 1.1432E-08 1.1867E-08 1.2291E-08 1.2705E-08 1.3107E-08 1.3495E-08 1.3871E-08 1.4231E-08 1.4579E-08 1.4913E-08 1.5232E-08 1.5537E-08 1.5825E-08 1.6099E-08 1.6357E-08 1.6600E-08 1.6833E-08 1.7055E-08 1.7262E-08 1.7457E-08 1.7640E-08 1.7805E-08 1.7947E-08 1.8078E-08 1.8195E-08 1.8299E-08 1.8395E-08 1.8484E-08 1.8558E-08 1.8623E-08 1.8666E-08 1.8695E-08 1.8705E-08 1.8700E-08 1.8678E-08 1.8647E-08 1.8600E-08 1.8546E-08 1.8477E-08 1.8403E-08 1.8319E-08 1.8229E-08 1.8140E-08 1.8049E-08 1.7955E-08 1.7857E-08 1.7753E-08 1.7641E-08 1.7521E-08 1.7409E-08 1.7287E-08 1.7151E-08
9.2023E-09 9.6622E-09 1.0123E-08 1.0583E-08 1.1039E-08 1.1490E-08 1.1933E-08 1.2365E-08 1.2786E-08 1.3196E-08 1.3590E-08 1.3971E-08 1.4334E-08 1.4686E-08 1.5021E-08 1.5342E-08 1.5648E-08 1.5934E-08 1.6207E-08 1.6462E-08 1.6706E-08 1.6934E-08 1.7152E-08 1.7354E-08 1.7542E-08 1.7718E-08 1.7870E-08 1.8004E-08 1.8126E-08 1.8235E-08 1.8329E-08 1.8413E-08 1.8491E-08 1.8556E-08 1.8609E-08 1.8642E-08 1.8661E-08 1.8660E-08 1.8644E-08 1.8612E-08 1.8569E-08 1.8511E-08 1.8446E-08 1.8366E-08 1.8280E-08 1.8183E-08 1.8080E-08 1.7977E-08 1.7872E-08 1.7763E-08 1.7650E-08 1.7532E-08 1.7404E-08 1.7269E-08 1.7132E-08 1.7000E-08 1.6850E-08
9.2093E-09 9.6737E-09 1.0139E-08 1.0606E-08 1.1068E-08 1.1526E-08 1.1976E-08 1.2415E-08 1.2843E-08 1.3260E-08 1.3659E-08 1.4045E-08 1.4413E-08 1.4767E-08 1.5104E-08 1.5426E-08 1.5732E-08 1.6018E-08 1.6288E-08 1.6544E-08 1.6784E-08 1.7009E-08 1.7221E-08 1.7419E-08 1.7599E-08 1.7764E-08 1.7907E-08 1.8034E-08 1.8146E-08 1.8246E-08 1.8331E-08 1.8404E-08 1.8471E-08 1.8525E-08 1.8568E-08 1.8590E-08 1.8597E-08 1.8586E-08 1.8560E-08 1.8517E-08 1.8463E-08 1.8394E-08 1.8318E-08 1.8227E-08 1.8129E-08 1.8021E-08 1.7905E-08 1.7789E-08 1.7670E-08 1.7547E-08 1.7420E-08 1.7287E-08 1.7147E-08 1.6997E-08 1.6841E-08 1.6687E-08 1.6534E-08
9.2020E-09 9.6695E-09 1.0139E-08 1.0610E-08 1.1076E-08 1.1540E-08 1.1996E-08 1.2441E-08 1.2875E-08 1.3298E-08 1.3703E-08 1.4093E-08 1.4464E-08 1.4821E-08 1.5160E-08 1.5483E-08 1.5788E-08 1.6073E-08 1.6343E-08 1.6598E-08 1.6835E-08 1.7056E-08 1.7262E-08 1.7455E-08 1.7629E-08 1.7780E-08 1.7917E-08 1.8035E-08 1.8139E-08 1.8230E-08 1.8306E-08 1.8369E-08 1.8423E-08 1.8467E-08 1.8499E-08 1.8510E-08 1.8508E-08 1.8486E-08 1.8450E-08 1.8396E-08 1.8332E-08 1.8253E-08 1.8166E-08 1.8064E-08 1.7955E-08 1.7836E-08 1.7708E-08 1.7578E-08 1.7447E-08 1.7312E-08 1.7172E-08 1.7026E-08 1.6873E-08 1.6712E-08 1.6543E-08 1.6367E-08 1.6198E-08
9.1812E-09 9.6506E-09 1.0123E-08 1.0596E-08 1.1066E-08 1.1533E-08 1.1994E-08 1.2444E-08 1.2882E-08 1.3309E-08 1.3719E-08 1.4114E-08 1.4488E-08 1.4847E-08 1.5188E-08 1.5511E-08 1.5817E-08 1.6101E-08 1.6372E-08 1.6624E-08 1.6858E-08 1.7075E-08 1.7275E-08 1.7462E-08 1.7626E-08 1.7769E-08 1.7899E-08 1.8010E-08 1.8105E-08 1.8186E-08 1.8255E-08 1.8307E-08 1.8350E-08 1.8383E-08 1.8405E-08 1.8407E-08 1.8394E-08 1.8363E-08 1.8317E-08 1.8254E-08 1.8179E-08 1.8091E-08 1.7993E-08 1.7881E-08 1.7761E-08 1.7633E-08 1.7494E-08 1.7351E-08 1.7208E-08 1.7063E-08 1.6911E-08 1.6753E-08 1.6588E-08 1.6416E-08 1.6237E-08 1.6051E-08 1.5860E-08
9.1481E-09 9.6174E-09 1.0090E-08 1.0565E-08 1.1037E-08 1.1506E-08 1.1969E-08 1.2423E-08 1.2864E-08 1.3294E-08 1.3709E-08 1.4107E-08 1.4485E-08 1.4845E-08 1.5187E-08 1.5512E-08 1.5817E-08 1.6102E-08 1.6372E-08 1.6622E-08 1.6853E-08 1.7066E-08 1.7261E-08 1.7440E-08 1.7595E-08 1.7732E-08 1.7853E-08 1.7959E-08 1.8046E-08 1.8118E-08 1.8178E-08 1.8222E-08 1.8255E-08 1.8276E-08 1.8289E-08 1.8281E-08 1.8259E-08 1.8218E-08 1.8162E-08 1.8091E-08 1.8007E-08 1.7910E-08 1.7803E-08 1.7683E-08 1.7551E-08 1.7414E-08 1.7267E-08 1.7113E-08 1.6958E-08 1.6803E-08 1.6641E-08 1.6473E-08 1.6299E-08 1.6117E-08 1.5929E-08 1.5735E-08 1.5534E-08
9.1037E-09 9.5720E-09 1.0044E-08 1.0518E-08 1.0991E-08 1.1460E-08 1.1924E-08 1.2380E-08 1.2823E-08 1.3255E-08 1.3672E-08 1.4073E-08 1.4453E-08 1.4815E-08 1.5158E-08 1.5483E-08 1.5789E-08 1.6075E-08 1.6343E-08 1.6592E-08 1.6819E-08 1.7029E-08 1.7219E-08 1.7388E-08 1.7539E-08 1.7669E-08 1.7783E-08 1.7882E-08 1.7963E-08 1.8027E-08 1.8077E-08 1.8114E-08 1.8138E-08 1.8148E-08 1.8151E-08 1.8135E-08 1.8104E-08 1.8055E-08 1.7990E-08 1.7912E-08 1.7820E-08 1.7714E-08 1.7598E-08 1.7472E-08 1.7332E-08 1.7184E-08 1.7030E-08 1.6869E-08 1.6703E-08 1.6536E-08 1.6367E-08 1.6191E-08 1.6008E-08 1.5819E-08 1.5623E-08 1.5422E-08 1.5216E-08
9.0487E-09 9.5146E-09 9.9847E-09 1.0458E-08 1.0929E-08 1.1397E-08 1.1860E-08 1.2317E-08 1.2760E-08 1.3192E-08 1.3611E-08 1.4013E-08 1.4394E-08 1.4758E-08 1.5102E-08 1.5427E-08 1.5734E-08 1.6019E-08 1.6286E-08 1.6533E-08 1.6758E-08 1.6964E-08 1.7149E-08 1.7310E-08 1.7456E-08 1.7582E-08 1.7689E-08 1.7782E-08 1.7857E-08 1.7914E-08 1.7955E-08 1.7985E-08 1.8001E-08 1.8003E-08 1.7995E-08 1.7972E-08 1.7933E-08 1.7877E-08 1.7804E-08 1.7719E-08 1.7621E-08 1.7508E-08 1.7383E-08 1.7250E-08 1.7105E-08 1.6949E-08 1.6786E-08 1.6620E-08 1.6447E-08 1.6269E-08 1.6092E-08 1.5911E-08 1.5721E-08 1.5525E-08 1.5324E-08 1.5118E-08 1.4907E-08
8.9844E-09 9.4471E-09 9.9138E-09 1.0384E-08 1.0852E-08 1.1318E-08 1.1779E-08 1.2234E-08 1.2678E-08 1.3108E-08 1.3527E-08 1.3929E-08 1.4311E-08 1.4675E-08 1.5018E-08 1.5343E-08 1.5651E-08 1.5936E-08 1.6203E-08 1.6447E-08 1.6670E-08 1.6873E-08 1.7051E-08 1.7209E-08 1.7348E-08 1.7471E-08 1.7573E-08 1.7659E-08 1.7729E-08 1.7781E-08 1.7815E-08 1.7837E-08 1.7846E-08 1.7841E-08 1.7824E-08 1.7792E-08 1.7747E-08 1.7686E-08 1.7608E-08 1.7515E-08 1.7411E-08 1.7294E-08 1.7163E-08 1.7022E-08 1.6874E-08 1.6713E-08 1.6542E-08 1.6369E-08 1.6192E-08 1.6008E-08 1.5821E-08 1.5633E-08 1.5441E-08 1.5241E-08 1.5035E-08 1.4826E-08 1.4611E-08
8.9113E-09 9.3699E-09 9.8328E-09 1.0299E-08 1.0764E-08 1.1226E-08 1.1684E-08 1.2136E-08 1.2578E-08 1.3007E-08 1.3423E-08 1.3825E-08 1.4206E-08 1.4568E-08 1.4911E-08 1.5236E-08 1.5543E-08 1.5828E-08 1.6093E-08 1.6336E-08 1.6557E-08 1.6755E-08 1.6929E-08 1.7084E-08 1.7219E-08 1.7338E-08 1.7437E-08 1.7516E-08 1.7581E-08 1.7629E-08 1.7658E-08 1.7672E-08 1.7675E-08 1.7664E-08 1.7641E-08 1.7601E-08 1.7550E-08 1.7485E-08 1.7403E-08 1.7305E-08 1.7194E-08 1.7074E-08 1.6939E-08 1.6793E-08 1.6639E-08 1.6476E-08 1.6302E-08 1.6121E-08 1.5939E-08 1.5753E-08 1.5562E-08 1.5366E-08 1.5169E-08 1.4968E-08 1.4760E-08 1.4548E-08 1.4332E-08
8.8302E-09 9.2843E-09 9.7425E-09 1.0204E-08 1.0664E-08 1.1123E-08 1.1576E-08 1.2023E-08 1.2463E-08 1.2889E-08 1.3301E-08 1.3702E-08 1.4081E-08 1.4442E-08 1.4783E-08 1.5107E-08 1.5412E-08 1.5695E-08 1.5958E-08 1.6200E-08 1.6419E-08 1.6613E-08 1.6786E-08 1.6938E-08 1.7070E-08 1.7184E-08 1.7281E-08 1.7357E-08 1.7416E-08 1.7461E-08 1.7486E-08 1.7495E-08 1.7491E-08 1.7475E-08 1.7446E-08 1.7403E-08 1.7344E-08 1.7275E-08 1.7191E-08 1.7090E-08 1.6975E-08 1.6850E-08 1.6715E-08 1.6565E-08 1.6406E-08 1.6240E-08 1.6066E-08 1.5882E-08 1.5694E-08 1.5505E-08 1.5313E-08 1.5113E-08 1.4911E-08 1.4707E-08 1.4501E-08 1.4288E-08 1.4072E-08
8.7416E-09 9.1907E-09 9.6441E-09 1.0100E-08 1.0556E-08 1.1009E-08 1.1458E-08 1.1899E-08 1.2334E-08 1.2757E-08 1.3166E-08 1.3562E-08 1.3940E-08 1.4299E-08 1.4638E-08 1.4959E-08 1.5262E-08 1.5542E-08 1.5803E-08 1.6043E-08 1.6258E-08 1.6451E-08 1.6622E-08 1.6773E-08 1.6903E-08 1.7013E-08 1.7107E-08 1.7182E-08 1.7237E-08 1.7277E-08 1.7301E-08 1.7307E-08 1.7298E-08 1.7277E-08 1.7244E-08 1.7197E-08 1.7135E-08 1.7060E-08 1.6974E-08 1.6873E-08 1.6756E-08 1.6627E-08 1.6489E-08 1.6341E-08 1.6180E-08 1.6010E-08 1.5835E-08 1.5652E-08 1.5462E-08 1.5269E-08 1.5074E-08 1.4876E-08 1.4672E-08 1.4465E-08 1.4257E-08 1.4047E-08 1.3833E-08
8.6456E-09 9.0899E-09 9.5382E-09 9.9889E-09 1.0439E-08 1.0887E-08 1.1330E-08 1.1767E-08 1.2195E-08 1.2614E-08 1.3019E-08 1.3410E-08 1.3785E-08 1.4141E-08 1.4478E-08 1.4796E-08 1.5096E-08 1.5373E-08 1.5631E-08 1.5868E-08 1.6081E-08 1.6271E-08 1.6441E-08 1.6590E-08 1.6719E-08 1.6828E-08 1.6919E-08 1.6993E-08 1.7047E-08 1.7083E-08 1.7105E-08 1.7110E-08 1.7098E-08 1.7073E-08 1.7036E-08 1.6987E-08 1.6924E-08 1.6845E-08 1.6755E-08 1.6654E-08 1.6539E-08 1.6409E-08 1.6268E-08 1.6119E-08 1.5960E-08 1.5790E-08 1.5612E-08 1.5430E-08 1.5242E-08 1.5048E-08 1.4850E-08 1.4651E-08 1.4450E-08 1.4244E-08 1.4034E-08 1.3825E-08 1.3614E-08
8.5428E-09 8.9822E-09 9.4253E-09 9.8707E-09 1.0315E-08 1.0757E-08 1.1195E-08 1.1626E-08 1.2048E-08 1.2462E-08 1.2863E-08 1.3249E-08 1.3618E-08 1.3972E-08 1.4306E-08 1.4620E-08 1.4916E-08 1.5192E-08 1.5446E-08 1.5679E-08 1.5890E-08 1.6079E-08 1.6247E-08 1.6395E-08 1.6523E-08 1.6631E-08 1.6720E-08 1.6792E-08 1.6846E-08 1.6881E-08 1.6900E-08 1.6905E-08 1.6893E-08 1.6866E-08 1.6826E-08 1.6775E-08 1.6711E-08 1.6633E-08 1.6540E-08 1.6436E-08 1.6323E-08 1.6195E-08 1.6055E-08 1.5904E-08 1.5747E-08 1.5580E-08 1.5403E-08 1.5219E-08 1.5033E-08 1.4842E-08 1.4645E-08 1.4445E-08 1.4244E-08 1.4042E-08 1.3836E-08 1.3626E-08 1.3416E-08
8.4335E-09 8.8681E-09 9.3059E-09 9.7460E-09 1.0185E-08 1.0622E-08 1.1054E-08 1.1479E-08 1.1896E-08 1.2302E-08 1.2699E-08 1.3080E-08 1.3444E-08 1.3794E-08 1.4125E-08 1.4435E-08 1.4727E-08 1.5000E-08 1.5251E-08 1.5480E-08 1.5690E-08 1.5878E-08 1.6044E-08 1.6190E-08 1.6317E-08 1.6424E-08 1.6513E-08 1.6583E-08 1.6637E-08 1.6674E-08 1.6692E-08 1.6695E-08 1.6685E-08 1.6658E-08 1.6618E-08 1.6564E-08 1.6499E-08 1.6422E-08 1.6331E-08 1.6225E-08 1.6111E-08 1.5987E-08 1.5850E-08 1.5701E-08 1.5543E-08 1.5379E-08 1.5207E-08 1.5025E-08 1.4839E-08 1.4649E-08 1.4457E-08 1.4259E-08 1.4058E-08 1.3858E-08 1.3656E-08 1.3452E-08 1.3245E-08
8.3179E-09 8.7473E-09 9.1804E-09 9.6154E-09 1.0049E-08 1.0480E-08 1.0907E-08 1.1327E-08 1.1738E-08 1.2138E-08 1.2528E-08 1.2906E-08 1.3266E-08 1.3609E-08 1.3937E-08 1.4244E-08 1.4532E-08 1.4801E-08 1.5049E-08 1.5276E-08 1.5483E-08 1.5670E-08 1.5836E-08 1.5981E-08 1.6106E-08 1.6213E-08 1.6301E-08 1.6370E-08 1.6423E-08 1.6461E-08 1.6482E-08 1.6485E-08 1.6475E-08 1.6451E-08 1.6411E-08 1.6358E-08 1.6292E-08 1.6215E-08 1.6126E-08 1.6023E-08 1.5908E-08 1.5784E-08 1.5652E-08 1.5508E-08 1.5353E-08 1.5189E-08 1.5021E-08 1.4845E-08 1.4662E-08 1.4474E-08 1.4284E-08 1.4091E-08 1.3895E-08 1.3696E-08 1.3496E-08 1.3297E-08 1.3096E-08
