Assets/Resources/2015_m01_d22_0400(utc+0800)_l00_csi_1hr_conc.grd
DSAA
         159         159
     -79.000      79.000
     -79.000      79.000
  0.0000E+00  0.4654E-05
[rows 50 to 74 of 159, columns 57 to 113 of 159]
0.0000E+00 0.0000E+00 0.0000E+00 0.0000E+00 0.0000E+00 0.0000E+00 0.0000E+00 0.0000E+00 0.0000E+00 0.0000E+00 0.0000E+00 0.0000E+00 0.0000E+00 0.0000E+00 0.0000E+00 0.0000E+00 0.0000E+00 0.0000E+00 0.0000E+00 0.0000E+00 0.0000E+00 0.0000E+00 0.0000E+00 0.0000E+00 0.0000E+00 0.0000E+00 0.0000E+00 0.0000E+00 0.0000E+00 0.0000E+00 0.0000E+00 0.0000E+00 0.0000E+00 4.2999E-12 1.2297E-11 2.7250E-11 4.6591E-11 7.5424E-11 9.8506E-11 1.2879E-10 1.6732E-10 2.1351E-10 2.6422E-10 3.2498E-10 3.9284E-10 4.6922E-10 5.5986E-10 6.7583E-10 8.0468E-10 9.3722E-10 1.0760E-09 1.2318E-09 1.3986E-09 1.5743E-09 1.7581E-09 1.9545E-09 2.1602E-09
0.0000E+00 0.0000E+00 0.0000E+00 0.0000E+00 0.0000E+00 0.0000E+00 0.0000E+00 0.0000E+00 0.0000E+00 0.0000E+00 0.0000E+00 0.0000E+00 0.0000E+00 0.0000E+00 0.0000E+00 0.0000E+00 0.0000E+00 0.0000E+00 0.0000E+00 0.0000E+00 0.0000E+00 0.0000E+00 0.0000E+00 0.0000E+00 0.0000E+00 0.0000E+00 0.0000E+00 0.0000E+00 0.0000E+00 0.0000E+00 0.0000E+00 0.0000E+00 0.0000E+00 4.1330E-12 1.6519E-11 3.3322E-11 5.2245E-11 8.7028E-11 1.1378E-10 1.4715E-10 1.9489E-10 2.4975E-10 3.0936E-10 3.7961E-10 4.6051E-10 5.6085E-10 6.7387E-10 7.8951E-10 9.1975E-10 1.0647E-09 1.2223E-09 1.3903E-09 1.5707E-09 1.7648E-09 1.9648E-09 2.1740E-09 2.3883E-09
0.0000E+00 0.0000E+00 0.0000E+00 0.0000E+00 0.0000E+00 0.0000E+00 0.0000E+00 0.0000E+00 0.0000E+00 0.0000E+00 0.0000E+00 0.0000E+00 0.0000E+00 0.0000E+00 0.0000E+00 0.0000E+00 0.0000E+00 0.0000E+00 0.0000E+00 0.0000E+00 0.0000E+00 0.0000E+00 0.0000E+00 0.0000E+00 0.0000E+00 0.0000E+00 0.0000E+00 0.0000E+00 0.0000E+00 0.0000E+00 0.0000E+00 0.0000E+00 0.0000E+00 8.9255E-12 1.8076E-11 3.5044E-11 6.7507E-11 1.1086E-10 1.4663E-10 1.9043E-10 2.4347E-10 3.0351E-10 3.8389E-10 4.7795E-10 5.7606E-10 6.7939E-10 8.0128E-10 9.3455E-10 1.0853E-09 1.2444E-09 1.4151E-09 1.6001E-09 1.7953E-09 1.9983E-09 2.2118E-09 2.4329E-09 2.6542E-09
0.0000E+00 0.0000E+00 0.0000E+00 0.0000E+00 0.0000E+00 0.0000E+00 0.0000E+00 0.0000E+00 0.0000E+00 0.0000E+00 0.0000E+00 0.0000E+00 0.0000E+00 0.0000E+00 0.0000E+00 0.0000E+00 0.0000E+00 0.0000E+00 0.0000E+00 0.0000E+00 0.0000E+00 0.0000E+00 0.0000E+00 0.0000E+00 0.0000E+00 0.0000E+00 0.0000E+00 0.0000E+00 0.0000E+00 0.0000E+00 0.0000E+00 4.3565E-12 5.5907E-12 1.0652E-11 2.2251E-11 4.3890E-11 1.0204E-10 1.4636E-10 1.9456E-10 2.4229E-10 3.0773E-10 4.0338E-10 4.9420E-10 5.9523E-10 7.0344E-10 8.3737E-10 9.6629E-10 1.1142E-09 1.2852E-09 1.4703E-09 1.6667E-09 1.8680E-09 2.0699E-09 2.2852E-09 2.5046E-09 2.7305E-09 2.9643E-09
0.0000E+00 0.0000E+00 0.0000E+00 0.0000E+00 0.0000E+00 0.0000E+00 0.0000E+00 0.0000E+00 0.0000E+00 0.0000E+00 0.0000E+00 0.0000E+00 0.0000E+00 0.0000E+00 0.0000E+00 0.0000E+00 0.0000E+00 0.0000E+00 0.0000E+00 0.0000E+00 0.0000E+00 0.0000E+00 0.0000E+00 0.0000E+00 0.0000E+00 0.0000E+00 0.0000E+00 0.0000E+00 0.0000E+00 0.0000E+00 4.5941E-12 5.9986E-12 7.6990E-12 2.0585E-11 3.6179E-11 6.2952E-11 1.3793E-10 2.0342E-10 2.7380E-10 3.4623E-10 4.4072E-10 5.2646E-10 6.4956E-10 7.7336E-10 9.0274E-10 1.0382E-09 1.1940E-09 1.3726E-09 1.5654E-09 1.7606E-09 1.9623E-09 2.1792E-09 2.4014E-09 2.6300E-09 2.8597E-09 3.0932E-09 3.3331E-09
0.0000E+00 0.0000E+00 0.0000E+00 0.0000E+00 0.0000E+00 0.0000E+00 0.0000E+00 0.0000E+00 0.0000E+00 0.0000E+00 0.0000E+00 0.0000E+00 0.0000E+00 0.0000E+00 0.0000E+00 0.0000E+00 0.0000E+00 0.0000E+00 0.0000E+00 0.0000E+00 0.0000E+00 0.0000E+00 0.0000E+00 0.0000E+00 0.0000E+00 0.0000E+00 0.0000E+00 0.0000E+00 0.0000E+00 4.6804E-12 6.2181E-12 1.2939E-11 2.2410E-11 3.4035E-11 5.6506E-11 9.9610E-11 2.0964E-10 2.9333E-10 3.8231E-10 4.9026E-10 6.0484E-10 7.3218E-10 8.4929E-10 9.9638E-10 1.1494E-09 1.3269E-09 1.5023E-09 1.6967E-09 1.9009E-09 2.1209E-09 2.3422E-09 2.5674E-09 2.8015E-09 3.0404E-09 3.2863E-09 3.5323E-09 3.7760E-09
0.0000E+00 0.0000E+00 0.0000E+00 0.0000E+00 0.0000E+00 0.0000E+00 0.0000E+00 0.0000E+00 0.0000E+00 0.0000E+00 0.0000E+00 0.0000E+00 0.0000E+00 0.0000E+00 0.0000E+00 0.0000E+00 0.0000E+00 0.0000E+00 0.0000E+00 0.0000E+00 0.0000E+00 0.0000E+00 0.0000E+00 0.0000E+00 0.0000E+00 0.0000E+00 0.0000E+00 0.0000E+00 4.6063E-12 6.2268E-12 1.7857E-11 2.6990E-11 3.7409E-11 6.1385E-11 9.1222E-11 1.7282E-10 3.0196E-10 4.2675E-10 5.4617E-10 6.8207E-10 8.1809E-10 9.5586E-10 1.1341E-09 1.3019E-09 1.4761E-09 1.6644E-09 1.8714E-09 2.0923E-09 2.3290E-09 2.5653E-09 2.8033E-09 3.0460E-09 3.2923E-09 3.5391E-09 3.7900E-09 4.0440E-09 4.2986E-09
0.0000E+00 0.0000E+00 0.0000E+00 0.0000E+00 0.0000E+00 0.0000E+00 0.0000E+00 0.0000E+00 0.0000E+00 0.0000E+00 0.0000E+00 0.0000E+00 0.0000E+00 0.0000E+00 0.0000E+00 0.0000E+00 0.0000E+00 0.0000E+00 0.0000E+00 0.0000E+00 0.0000E+00 0.0000E+00 0.0000E+00 0.0000E+00 0.0000E+00 0.0000E+00 0.0000E+00 4.3795E-12 6.0234E-12 2.0745E-11 3.0174E-11 4.5384E-11 6.5949E-11 1.0165E-10 1.5554E-10 2.8894E-10 4.6453E-10 6.3709E-10 8.1552E-10 9.9872E-10 1.1686E-09 1.3583E-09 1.5381E-09 1.7317E-09 1.9364E-09 2.1546E-09 2.3849E-09 2.6309E-09 2.8807E-09 3.1317E-09 3.3854E-09 3.6380E-09 3.8895E-09 4.1420E-09 4.3920E-09 4.6431E-09 4.8968E-09
0.0000E+00 0.0000E+00 0.0000E+00 0.0000E+00 0.0000E+00 0.0000E+00 0.0000E+00 0.0000E+00 0.0000E+00 0.0000E+00 0.0000E+00 0.0000E+00 0.0000E+00 0.0000E+00 0.0000E+00 0.0000E+00 0.0000E+00 0.0000E+00 0.0000E+00 0.0000E+00 0.0000E+00 0.0000E+00 0.0000E+00 0.0000E+00 0.0000E+00 0.0000E+00 2.8829E-12 5.6286E-12 2.1699E-11 2.9966E-11 4.8520E-11 7.6714E-11 1.1271E-10 1.6574E-10 2.4794E-10 4.5998E-10 6.6197E-10 8.9360E-10 1.1319E-09 1.3628E-09 1.5805E-09 1.7907E-09 2.0113E-09 2.2493E-09 2.4957E-09 2.7488E-09 3.0157E-09 3.2826E-09 3.5507E-09 3.8153E-09 4.0747E-09 4.3320E-09 4.5909E-09 4.8441E-09 5.0947E-09 5.3425E-09 5.5875E-09
0.0000E+00 0.0000E+00 0.0000E+00 0.0000E+00 0.0000E+00 0.0000E+00 0.0000E+00 0.0000E+00 0.0000E+00 0.0000E+00 0.0000E+00 0.0000E+00 0.0000E+00 0.0000E+00 0.0000E+00 0.0000E+00 0.0000E+00 0.0000E+00 0.0000E+00 0.0000E+00 0.0000E+00 0.0000E+00 0.0000E+00 0.0000E+00 0.0000E+00 8.3376E-13 5.0807E-12 1.7486E-11 2.8448E-11 5.2742E-11 8.4154E-11 1.1921E-10 1.7734E-10 2.6725E-10 4.0879E-10 6.8331E-10 9.7090E-10 1.2895E-09 1.5974E-09 1.8859E-09 2.1648E-09 2.4172E-09 2.6796E-09 2.9523E-09 3.2366E-09 3.5267E-09 3.8172E-09 4.1050E-09 4.3871E-09 4.6543E-09 4.9102E-09 5.1600E-09 5.4059E-09 5.6550E-09 5.8995E-09 6.1388E-09 6.3761E-09
0.0000E+00 0.0000E+00 0.0000E+00 0.0000E+00 0.0000E+00 0.0000E+00 0.0000E+00 0.0000E+00 0.0000E+00 0.0000E+00 0.0000E+00 0.0000E+00 0.0000E+00 0.0000E+00 0.0000E+00 0.0000E+00 0.0000E+00 0.0000E+00 0.0000E+00 0.0000E+00 0.0000E+00 0.0000E+00 0.0000E+00 0.0000E+00 0.0000E+00 4.4298E-12 1.0638E-11 2.5966E-11 5.0100E-11 8.4274E-11 1.1834E-10 1.9341E-10 2.8923E-10 4.3474E-10 6.5637E-10 9.9851E-10 1.3579E-09 1.7590E-09 2.1700E-09 2.5485E-09 2.8794E-09 3.2162E-09 3.5309E-09 3.8579E-09 4.1763E-09 4.4811E-09 4.7830E-09 5.0845E-09 5.3711E-09 5.6380E-09 5.8893E-09 6.1267E-09 6.3543E-09 6.5792E-09 6.8071E-09 7.0331E-09 7.2553E-09
0.0000E+00 0.0000E+00 0.0000E+00 0.0000E+00 0.0000E+00 0.0000E+00 0.0000E+00 0.0000E+00 0.0000E+00 0.0000E+00 0.0000E+00 0.0000E+00 0.0000E+00 0.0000E+00 0.0000E+00 0.0000E+00 0.0000E+00 0.0000E+00 0.0000E+00 0.0000E+00 0.0000E+00 0.0000E+00 0.0000E+00 0.0000E+00 1.7586E-12 5.4284E-12 2.2784E-11 4.0531E-11 7.9033E-11 1.1793E-10 1.9897E-10 3.1832E-10 4.5581E-10 6.6669E-10 9.9312E-10 1.4230E-09 1.8996E-09 2.4316E-09 2.9379E-09 3.4166E-09 3.8329E-09 4.2430E-09 4.6229E-09 4.9963E-09 5.3511E-09 5.6858E-09 6.0003E-09 6.2796E-09 6.5351E-09 6.7822E-09 7.0125E-09 7.2275E-09 7.4297E-09 7.6237E-09 7.8186E-09 8.0188E-09 8.2215E-09
0.0000E+00 0.0000E+00 0.0000E+00 0.0000E+00 0.0000E+00 0.0000E+00 0.0000E+00 0.0000E+00 0.0000E+00 0.0000E+00 0.0000E+00 0.0000E+00 0.0000E+00 0.0000E+00 0.0000E+00 0.0000E+00 0.0000E+00 0.0000E+00 0.0000E+00 0.0000E+00 0.0000E+00 0.0000E+00 0.0000E+00 0.0000E+00 4.4738E-12 1.6231E-11 3.0006E-11 6.9439E-11 1.0833E-10 1.9130E-10 3.1292E-10 4.6344E-10 6.6800E-10 9.9434E-10 1.4675E-09 2.0059E-09 2.6217E-09 3.2946E-09 3.9617E-09 4.5388E-09 5.0697E-09 5.5327E-09 5.9827E-09 6.3783E-09 6.7579E-09 7.1045E-09 7.4148E-09 7.6861E-09 7.9127E-09 8.1006E-09 8.2830E-09 8.4573E-09 8.6208E-09 8.7775E-09 8.9309E-09 9.0913E-09 9.2639E-09
0.0000E+00 0.0000E+00 0.0000E+00 0.0000E+00 0.0000E+00 0.0000E+00 0.0000E+00 0.0000E+00 0.0000E+00 0.0000E+00 0.0000E+00 0.0000E+00 0.0000E+00 0.0000E+00 0.0000E+00 0.0000E+00 0.0000E+00 0.0000E+00 0.0000E+00 0.0000E+00 0.0000E+00 0.0000E+00 0.0000E+00 1.3498E-12 6.6857E-12 2.3308E-11 5.3904E-11 9.2021E-11 1.7694E-10 2.9086E-10 4.5336E-10 6.9357E-10 1.0157E-09 1.4695E-09 2.0999E-09 2.7831E-09 3.5833E-09 4.4270E-09 5.2549E-09 5.9635E-09 6.6037E-09 7.1571E-09 7.6661E-09 8.0971E-09 8.4714E-09 8.7829E-09 9.0573E-09 9.2843E-09 9.4642E-09 9.6035E-09 9.7058E-09 9.8078E-09 9.9149E-09 1.0021E-08 1.0128E-08 1.0240E-08 1.0367E-08
0.0000E+00 0.0000E+00 0.0000E+00 0.0000E+00 0.0000E+00 0.0000E+00 0.0000E+00 0.0000E+00 0.0000E+00 0.0000E+00 0.0000E+00 0.0000E+00 0.0000E+00 0.0000E+00 0.0000E+00 0.0000E+00 0.0000E+00 0.0000E+00 0.0000E+00 0.0000E+00 0.0000E+00 0.0000E+00 0.0000E+00 3.5089E-12 1.5038E-11 3.3264E-11 7.2794E-11 1.4887E-10 2.5770E-10 4.1971E-10 6.6639E-10 9.7409E-10 1.4787E-09 2.1230E-09 2.9350E-09 3.8509E-09 4.8713E-09 5.9309E-09 6.9343E-09 7.7862E-09 8.5211E-09 9.1301E-09 9.6741E-09 1.0122E-08 1.0489E-08 1.0767E-08 1.0952E-08 1.1078E-08 1.1177E-08 1.1237E-08 1.1267E-08 1.1272E-08 1.1294E-08 1.1334E-08 1.1385E-08 1.1446E-08 1.1521E-08
0.0000E+00 0.0000E+00 0.0000E+00 0.0000E+00 0.0000E+00 0.0000E+00 0.0000E+00 0.0000E+00 0.0000E+00 0.0000E+00 0.0000E+00 0.0000E+00 0.0000E+00 0.0000E+00 0.0000E+00 0.0000E+00 0.0000E+00 0.0000E+00 0.0000E+00 0.0000E+00 0.0000E+00 0.0000E+00 2.2973E-13 4.8702E-12 2.1601E-11 5.3765E-11 1.0809E-10 2.1868E-10 3.6887E-10 6.0399E-10 9.4894E-10 1.4141E-09 2.1295E-09 3.0274E-09 4.0926E-09 5.2997E-09 6.6042E-09 7.9208E-09 9.1184E-09 1.0138E-08 1.0939E-08 1.1595E-08 1.2093E-08 1.2486E-08 1.2789E-08 1.2986E-08 1.3078E-08 1.3085E-08 1.3031E-08 1.2982E-08 1.2910E-08 1.2825E-08 1.2738E-08 1.2691E-08 1.2674E-08 1.2679E-08 1.2696E-08
0.0000E+00 0.0000E+00 0.0000E+00 0.0000E+00 0.0000E+00 0.0000E+00 0.0000E+00 0.0000E+00 0.0000E+00 0.0000E+00 0.0000E+00 0.0000E+00 0.0000E+00 0.0000E+00 0.0000E+00 0.0000E+00 0.0000E+00 0.0000E+00 0.0000E+00 0.0000E+00 0.0000E+00 0.0000E+00 1.3239E-12 9.6294E-12 2.8512E-11 7.0628E-11 1.7665E-10 2.9910E-10 5.1958E-10 8.5596E-10 1.3326E-09 2.0126E-09 3.0075E-09 4.2280E-09 5.6427E-09 7.2183E-09 8.8942E-09 1.0510E-08 1.1916E-08 1.3060E-08 1.3912E-08 1.4539E-08 1.4972E-08 1.5258E-08 1.5401E-08 1.5432E-08 1.5370E-08 1.5230E-08 1.5033E-08 1.4802E-08 1.4600E-08 1.4403E-08 1.4216E-08 1.4059E-08 1.3965E-08 1.3907E-08 1.3866E-08
0.0000E+00 0.0000E+00 0.0000E+00 0.0000E+00 0.0000E+00 0.0000E+00 0.0000E+00 0.0000E+00 0.0000E+00 0.0000E+00 0.0000E+00 0.0000E+00 0.0000E+00 0.0000E+00 0.0000E+00 0.0000E+00 0.0000E+00 0.0000E+00 0.0000E+00 0.0000E+00 0.0000E+00 0.0000E+00 2.4553E-12 1.4890E-11 4.1316E-11 9.6882E-11 2.2425E-10 4.2395E-10 7.2799E-10 1.1878E-09 1.8226E-09 2.8064E-09 4.1594E-09 5.8087E-09 7.7204E-09 9.8103E-09 1.1957E-08 1.3901E-08 1.5510E-08 1.6710E-08 1.7530E-08 1.8008E-08 1.8281E-08 1.8379E-08 1.8320E-08 1.8116E-08 1.7791E-08 1.7449E-08 1.7075E-08 1.6679E-08 1.6289E-08 1.5963E-08 1.5670E-08 1.5403E-08 1.5222E-08 1.5097E-08 1.4997E-08
0.0000E+00 0.0000E+00 0.0000E+00 0.0000E+00 0.0000E+00 0.0000E+00 0.0000E+00 0.0000E+00 0.0000E+00 0.0000E+00 0.0000E+00 0.0000E+00 0.0000E+00 0.0000E+00 0.0000E+00 0.0000E+00 0.0000E+00 0.0000E+00 0.0000E+00 0.0000E+00 0.0000E+00 0.0000E+00 3.5061E-12 1.9807E-11 5.4903E-11 1.2245E-10 3.1606E-10 5.6537E-10 9.9459E-10 1.6113E-09 2.4933E-09 3.8336E-09 5.6970E-09 7.9607E-09 1.0538E-08 1.3291E-08 1.5979E-08 1.8299E-08 2.0080E-08 2.1284E-08 2.1924E-08 2.2121E-08 2.2047E-08 2.1813E-08 2.1432E-08 2.0947E-08 2.0335E-08 1.9684E-08 1.9092E-08 1.8512E-08 1.7947E-08 1.7454E-08 1.7046E-08 1.6682E-08 1.6405E-08 1.6212E-08 1.6053E-08
0.0000E+00 0.0000E+00 0.0000E+00 0.0000E+00 0.0000E+00 0.0000E+00 0.0000E+00 0.0000E+00 0.0000E+00 0.0000E+00 0.0000E+00 0.0000E+00 0.0000E+00 0.0000E+00 0.0000E+00 0.0000E+00 0.0000E+00 0.0000E+00 0.0000E+00 0.0000E+00 0.0000E+00 0.0000E+00 4.3839E-12 2.3952E-11 6.9002E-11 1.9558E-10 4.0210E-10 7.7977E-10 1.3114E-09 2.1380E-09 3.3636E-09 5.1932E-09 7.7022E-09 1.0780E-08 1.4209E-08 1.7863E-08 2.1204E-08 2.3899E-08 2.5792E-08 2.6850E-08 2.7152E-08 2.6921E-08 2.6330E-08 2.5542E-08 2.4704E-08 2.3805E-08 2.2862E-08 2.1906E-08 2.1012E-08 2.0222E-08 1.9491E-08 1.8830E-08 1.8294E-08 1.7837E-08 1.7474E-08 1.7215E-08 1.7000E-08
0.0000E+00 0.0000E+00 0.0000E+00 0.0000E+00 0.0000E+00 0.0000E+00 0.0000E+00 0.0000E+00 0.0000E+00 0.0000E+00 0.0000E+00 0.0000E+00 0.0000E+00 0.0000E+00 0.0000E+00 0.0000E+00 0.0000E+00 0.0000E+00 0.0000E+00 0.0000E+00 0.0000E+00 0.0000E+00 4.6343E-12 2.7698E-11 8.2804E-11 2.3265E-10 4.8864E-10 9.7382E-10 1.6906E-09 2.8151E-09 4.4594E-09 6.9122E-09 1.0279E-08 1.4408E-08 1.9079E-08 2.3804E-08 2.7894E-08 3.0956E-08 3.2821E-08 3.3513E-08 3.3265E-08 3.2317E-08 3.1018E-08 2.9566E-08 2.8077E-08 2.6594E-08 2.5254E-08 2.3973E-08 2.2779E-08 2.1740E-08 2.0837E-08 2.0032E-08 1.9365E-08 1.8821E-08 1.8395E-08 1.8069E-08 1.7805E-08
0.0000E+00 0.0000E+00 0.0000E+00 0.0000E+00 0.0000E+00 0.0000E+00 0.0000E+00 0.0000E+00 0.0000E+00 0.0000E+00 0.0000E+00 0.0000E+00 0.0000E+00 0.0000E+00 0.0000E+00 0.0000E+00 0.0000E+00 0.0000E+00 0.0000E+00 0.0000E+00 0.0000E+00 0.0000E+00 4.7539E-12 3.0583E-11 9.4252E-11 2.6615E-10 5.7194E-10 1.2423E-09 2.1404E-09 3.6419E-09 5.8418E-09 9.0153E-09 1.3524E-08 1.9056E-08 2.5358E-08 3.1411E-08 3.6323E-08 3.9689E-08 4.1350E-08 4.1467E-08 4.0303E-08 3.8311E-08 3.6026E-08 3.3654E-08 3.1390E-08 2.9283E-08 2.7408E-08 2.5765E-08 2.4292E-08 2.3001E-08 2.1923E-08 2.1001E-08 2.0223E-08 1.9594E-08 1.9122E-08 1.8748E-08 1.8441E-08
0.0000E+00 0.0000E+00 0.0000E+00 0.0000E+00 0.0000E+00 0.0000E+00 0.0000E+00 0.0000E+00 0.0000E+00 0.0000E+00 0.0000E+00 0.0000E+00 0.0000E+00 0.0000E+00 0.0000E+00 0.0000E+00 0.0000E+00 0.0000E+00 0.0000E+00 0.0000E+00 0.0000E+00 0.0000E+00 4.7925E-12 3.2264E-11 1.0064E-10 2.9553E-10 7.1696E-10 1.4880E-09 2.6904E-09 4.5667E-09 7.4581E-09 1.1629E-08 1.7491E-08 2.5029E-08 3.3438E-08 4.1014E-08 4.6710E-08 5.0130E-08 5.1323E-08 5.0514E-08 4.8123E-08 4.4807E-08 4.1162E-08 3.7661E-08 3.4470E-08 3.1674E-08 2.9208E-08 2.7185E-08 2.5444E-08 2.3942E-08 2.2696E-08 2.1673E-08 2.0820E-08 2.0122E-08 1.9617E-08 1.9216E-08 1.8883E-08
0.0000E+00 0.0000E+00 0.0000E+00 0.0000E+00 0.0000E+00 0.0000E+00 0.0000E+00 0.0000E+00 0.0000E+00 0.0000E+00 0.0000E+00 0.0000E+00 0.0000E+00 0.0000E+00 0.0000E+00 0.0000E+00 0.0000E+00 0.0000E+00 0.0000E+00 0.0000E+00 0.0000E+00 0.0000E+00 4.7481E-12 3.2563E-11 1.0329E-10 3.0982E-10 7.8747E-10 1.7277E-09 3.2266E-09 5.6265E-09 9.2627E-09 1.4709E-08 2.2442E-08 3.2947E-08 4.3971E-08 5.3181E-08 5.9399E-08 6.2442E-08 6.2663E-08 6.0403E-08 5.6382E-08 5.1429E-08 4.6228E-08 4.1411E-08 3.7156E-08 3.3574E-08 3.0586E-08 2.8144E-08 2.6154E-08 2.4485E-08 2.3113E-08 2.2014E-08 2.1117E-08 2.0385E-08 1.9867E-08 1.9457E-08 1.9113E-08
0.0000E+00 0.0000E+00 0.0000E+00 0.0000E+00 0.0000E+00 0.0000E+00 0.0000E+00 0.0000E+00 0.0000E+00 0.0000E+00 0.0000E+00 0.0000E+00 0.0000E+00 0.0000E+00 0.0000E+00 0.0000E+00 0.0000E+00 0.0000E+00 0.0000E+00 0.0000E+00 0.0000E+00 0.0000E+00 4.6229E-12 3.1526E-11 1.0194E-10 2.9421E-10 9.4155E-10 1.8970E-09 3.7382E-09 6.6475E-09 1.1355E-08 1.8467E-08 2.9162E-08 4.3926E-08 5.8058E-08 6.8585E-08 7.4548E-08 7.6435E-08 7.4901E-08 7.0676E-08 6.4593E-08 5.7680E-08 5.0781E-08 4.4526E-08 3.9195E-08 3.4836E-08 3.1373E-08 2.8556E-08 2.6370E-08 2.4590E-08 2.3148E-08 2.2008E-08 2.1104E-08 2.0372E-08 1.9859E-08 1.9462E-08 1.9123E-08
