Assets/Resources/2015_m01_d09_2200(utc+0800)_l00_csi_1hr_conc.grd
DSAA
         159         159
     -79.000      79.000
     -79.000      79.000
  0.1589E-08  0.5440E-05
[rows 50 to 74 of 159, columns 0 to 56 of 159]
5.1600E-09 5.3584E-09 5.5658E-09 5.7812E-09 6.0086E-09 6.2487E-09 6.4995E-09 6.7664E-09 7.0486E-09 7.3471E-09 7.6595E-09 7.9894E-09 8.3397E-09 8.7094E-09 9.1018E-09 9.5132E-09 9.9569E-09 1.0426E-08 1.0920E-08 1.1444E-08 1.1997E-08 1.2581E-08 1.3199E-08 1.3839E-08 1.4514E-08 1.5224E-08 1.5971E-08 1.6752E-08 1.7573E-08 1.8435E-08 1.9338E-08 2.0285E-08 2.1273E-08 2.2308E-08 2.3385E-08 2.4518E-08 2.5694E-08 2.6948E-08 2.8261E-08 2.9650E-08 3.1100E-08 3.2632E-08 3.4243E-08 3.5871E-08 3.7649E-08 3.9534E-08 4.1575E-08 4.3767E-08 4.6031E-08 4.8594E-08 5.1380E-08 5.4399E-08 5.7918E-08 6.1853E-08 6.6141E-08 7.0696E-08 7.6277E-08
5.2418E-09 5.4448E-09 5.6565E-09 5.8769E-09 6.1097E-09 6.3556E-09 6.6124E-09 6.8858E-09 7.1748E-09 7.4805E-09 7.8006E-09 8.1386E-09 8.4984E-09 8.8774E-09 9.2781E-09 9.6995E-09 1.0154E-08 1.0634E-08 1.1141E-08 1.1676E-08 1.2242E-08 1.2839E-08 1.3472E-08 1.4126E-08 1.4812E-08 1.5542E-08 1.6307E-08 1.7106E-08 1.7944E-08 1.8823E-08 1.9744E-08 2.0713E-08 2.1719E-08 2.2778E-08 2.3875E-08 2.5031E-08 2.6233E-08 2.7512E-08 2.8847E-08 3.0260E-08 3.1739E-08 3.3294E-08 3.4938E-08 3.6659E-08 3.8409E-08 4.0324E-08 4.2403E-08 4.4644E-08 4.7066E-08 4.9583E-08 5.2451E-08 5.5693E-08 5.9181E-08 6.3274E-08 6.7716E-08 7.2690E-08 7.8292E-08
5.3220E-09 5.5290E-09 5.7454E-09 5.9709E-09 6.2091E-09 6.4607E-09 6.7235E-09 7.0033E-09 7.2991E-09 7.6120E-09 7.9395E-09 8.2855E-09 8.6536E-09 9.0425E-09 9.4515E-09 9.8826E-09 1.0347E-08 1.0838E-08 1.1357E-08 1.1902E-08 1.2481E-08 1.3091E-08 1.3737E-08 1.4404E-08 1.5105E-08 1.5849E-08 1.6630E-08 1.7445E-08 1.8301E-08 1.9195E-08 2.0131E-08 2.1119E-08 2.2143E-08 2.3221E-08 2.4340E-08 2.5512E-08 2.6734E-08 2.8010E-08 2.9387E-08 3.0815E-08 3.2318E-08 3.3891E-08 3.5555E-08 3.7303E-08 3.9080E-08 4.1017E-08 4.3105E-08 4.5392E-08 4.7851E-08 5.0415E-08 5.3341E-08 5.6640E-08 6.0349E-08 6.4396E-08 6.8944E-08 7.4099E-08 7.9873E-08
5.4007E-09 5.6117E-09 5.8328E-09 6.0633E-09 6.3066E-09 6.5639E-09 6.8326E-09 7.1187E-09 7.4210E-09 7.7410E-09 8.0759E-09 8.4296E-09 8.8061E-09 9.2042E-09 9.6215E-09 1.0062E-08 1.0536E-08 1.1037E-08 1.1568E-08 1.2124E-08 1.2713E-08 1.3335E-08 1.3991E-08 1.4674E-08 1.5389E-08 1.6142E-08 1.6941E-08 1.7770E-08 1.8641E-08 1.9549E-08 2.0500E-08 2.1502E-08 2.2543E-08 2.3632E-08 2.4770E-08 2.5957E-08 2.7197E-08 2.8488E-08 2.9833E-08 3.1317E-08 3.2836E-08 3.4426E-08 3.6102E-08 3.7865E-08 3.9659E-08 4.1551E-08 4.3708E-08 4.6007E-08 4.8489E-08 5.1194E-08 5.4034E-08 5.7304E-08 6.1134E-08 6.5220E-08 6.9824E-08 7.5077E-08 8.1224E-08
5.4769E-09 5.6924E-09 5.9182E-09 6.1535E-09 6.4023E-09 6.6650E-09 6.9396E-09 7.2298E-09 7.5407E-09 7.8674E-09 8.2095E-09 8.5708E-09 8.9551E-09 9.3615E-09 9.7876E-09 1.0237E-08 1.0721E-08 1.1232E-08 1.1773E-08 1.2339E-08 1.2940E-08 1.3573E-08 1.4240E-08 1.4935E-08 1.5661E-08 1.6427E-08 1.7234E-08 1.8079E-08 1.8964E-08 1.9885E-08 2.0849E-08 2.1859E-08 2.2918E-08 2.4015E-08 2.5169E-08 2.6364E-08 2.7620E-08 2.8920E-08 3.0281E-08 3.1768E-08 3.3290E-08 3.4889E-08 3.6568E-08 3.8340E-08 4.0144E-08 4.2044E-08 4.4096E-08 4.6472E-08 4.8973E-08 5.1689E-08 5.4672E-08 5.7825E-08 6.1559E-08 6.5728E-08 7.0337E-08 7.5618E-08 8.1826E-08
5.5497E-09 5.7714E-09 6.0017E-09 6.2418E-09 6.4954E-09 6.7636E-09 7.0439E-09 7.3400E-09 7.6553E-09 7.9908E-09 8.3399E-09 8.7087E-09 9.1003E-09 9.5152E-09 9.9497E-09 1.0408E-08 1.0900E-08 1.1421E-08 1.1972E-08 1.2548E-08 1.3159E-08 1.3803E-08 1.4482E-08 1.5184E-08 1.5925E-08 1.6701E-08 1.7516E-08 1.8375E-08 1.9271E-08 2.0202E-08 2.1179E-08 2.2193E-08 2.3265E-08 2.4371E-08 2.5535E-08 2.6739E-08 2.8002E-08 2.9311E-08 3.0677E-08 3.2091E-08 3.3686E-08 3.5286E-08 3.6962E-08 3.8731E-08 4.0534E-08 4.2432E-08 4.4465E-08 4.6825E-08 4.9287E-08 5.2007E-08 5.4977E-08 5.8117E-08 6.1768E-08 6.5927E-08 7.0481E-08 7.5715E-08 8.1869E-08
5.6220E-09 5.8479E-09 6.0827E-09 6.3255E-09 6.5862E-09 6.8596E-09 7.1455E-09 7.4473E-09 7.7692E-09 8.1110E-09 8.4670E-09 8.8429E-09 9.2399E-09 9.6650E-09 1.0108E-08 1.0575E-08 1.1076E-08 1.1606E-08 1.2165E-08 1.2752E-08 1.3369E-08 1.4026E-08 1.4714E-08 1.5426E-08 1.6177E-08 1.6963E-08 1.7787E-08 1.8652E-08 1.9557E-08 2.0501E-08 2.1486E-08 2.2509E-08 2.3582E-08 2.4702E-08 2.5866E-08 2.7079E-08 2.8344E-08 2.9660E-08 3.1026E-08 3.2442E-08 3.3935E-08 3.5610E-08 3.7277E-08 3.9037E-08 4.0830E-08 4.2715E-08 4.4729E-08 4.6892E-08 4.9471E-08 5.2153E-08 5.5090E-08 5.8340E-08 6.1799E-08 6.5559E-08 7.0266E-08 7.5384E-08 8.1391E-08
5.6925E-09 5.9202E-09 6.1615E-09 6.4088E-09 6.6736E-09 6.9529E-09 7.2442E-09 7.5518E-09 7.8796E-09 8.2253E-09 8.5907E-09 8.9738E-09 9.3782E-09 9.8088E-09 1.0261E-08 1.0737E-08 1.1246E-08 1.1784E-08 1.2353E-08 1.2948E-08 1.3575E-08 1.4239E-08 1.4939E-08 1.5660E-08 1.6416E-08 1.7211E-08 1.8047E-08 1.8916E-08 1.9829E-08 2.0783E-08 2.1775E-08 2.2802E-08 2.3878E-08 2.5002E-08 2.6170E-08 2.7384E-08 2.8647E-08 2.9956E-08 3.1321E-08 3.2733E-08 3.4193E-08 3.5838E-08 3.7517E-08 3.9257E-08 4.1033E-08 4.2896E-08 4.4882E-08 4.6996E-08 4.9286E-08 5.2119E-08 5.5011E-08 5.8197E-08 6.1575E-08 6.5247E-08 6.9535E-08 7.4654E-08 8.0425E-08
5.7591E-09 5.9921E-09 6.2363E-09 6.4895E-09 6.7575E-09 7.0433E-09 7.3401E-09 7.6534E-09 7.9866E-09 8.3390E-09 8.7108E-09 9.1008E-09 9.5124E-09 9.9497E-09 1.0411E-08 1.0894E-08 1.1411E-08 1.1958E-08 1.2535E-08 1.3138E-08 1.3774E-08 1.4445E-08 1.5154E-08 1.5880E-08 1.6647E-08 1.7449E-08 1.8292E-08 1.9166E-08 2.0080E-08 2.1041E-08 2.2036E-08 2.3071E-08 2.4149E-08 2.5265E-08 2.6440E-08 2.7646E-08 2.8907E-08 3.0216E-08 3.1571E-08 3.2972E-08 3.4418E-08 3.5918E-08 3.7687E-08 3.9401E-08 4.1151E-08 4.2983E-08 4.4920E-08 4.7007E-08 4.9231E-08 5.1904E-08 5.4763E-08 5.7856E-08 6.1114E-08 6.4663E-08 6.8566E-08 7.3479E-08 7.9033E-08
5.8212E-09 6.0616E-09 6.3089E-09 6.5675E-09 6.8401E-09 7.1290E-09 7.4327E-09 7.7515E-09 8.0882E-09 8.4491E-09 8.8246E-09 9.2240E-09 9.6426E-09 1.0087E-08 1.0552E-08 1.1046E-08 1.1571E-08 1.2125E-08 1.2710E-08 1.3321E-08 1.3964E-08 1.4642E-08 1.5356E-08 1.6093E-08 1.6866E-08 1.7671E-08 1.8520E-08 1.9400E-08 2.0321E-08 2.1279E-08 2.2280E-08 2.3316E-08 2.4394E-08 2.5508E-08 2.6675E-08 2.7881E-08 2.9126E-08 3.0430E-08 3.1766E-08 3.3161E-08 3.4591E-08 3.6072E-08 3.7702E-08 3.9472E-08 4.1189E-08 4.2984E-08 4.4877E-08 4.6905E-08 4.9054E-08 5.1381E-08 5.4273E-08 5.7320E-08 6.0440E-08 6.3831E-08 6.7557E-08 7.1667E-08 7.7190E-08
5.8831E-09 6.1264E-09 6.3797E-09 6.6402E-09 6.9181E-09 7.2130E-09 7.5224E-09 7.8467E-09 8.1891E-09 8.5548E-09 8.9373E-09 9.3431E-09 9.7685E-09 1.0218E-08 1.0692E-08 1.1193E-08 1.1725E-08 1.2286E-08 1.2878E-08 1.3496E-08 1.4146E-08 1.4829E-08 1.5552E-08 1.6295E-08 1.7070E-08 1.7884E-08 1.8731E-08 1.9617E-08 2.0541E-08 2.1495E-08 2.2502E-08 2.3536E-08 2.4610E-08 2.5724E-08 2.6874E-08 2.8082E-08 2.9315E-08 3.0604E-08 3.1930E-08 3.3305E-08 3.4714E-08 3.6172E-08 3.7669E-08 3.9419E-08 4.1158E-08 4.2907E-08 4.4747E-08 4.6700E-08 4.8794E-08 5.1000E-08 5.3630E-08 5.6565E-08 5.9584E-08 6.2787E-08 6.6300E-08 7.0170E-08 7.4969E-08
5.9421E-09 6.1860E-09 6.4476E-09 6.7129E-09 6.9948E-09 7.2944E-09 7.6064E-09 7.9384E-09 8.2864E-09 8.6562E-09 9.0461E-09 9.4550E-09 9.8897E-09 1.0345E-08 1.0826E-08 1.1331E-08 1.1872E-08 1.2440E-08 1.3038E-08 1.3663E-08 1.4320E-08 1.5008E-08 1.5734E-08 1.6482E-08 1.7263E-08 1.8082E-08 1.8932E-08 1.9821E-08 2.0745E-08 2.1701E-08 2.2701E-08 2.3733E-08 2.4805E-08 2.5914E-08 2.7058E-08 2.8249E-08 2.9475E-08 3.0737E-08 3.2053E-08 3.3402E-08 3.4794E-08 3.6225E-08 3.7691E-08 3.9203E-08 4.0997E-08 4.2761E-08 4.4541E-08 4.6421E-08 4.8419E-08 5.0531E-08 5.2815E-08 5.5598E-08 5.8507E-08 6.1566E-08 6.4837E-08 6.8433E-08 7.2415E-08
5.9984E-09 6.2445E-09 6.5112E-09 6.7828E-09 7.0665E-09 7.3711E-09 7.6899E-09 8.0266E-09 8.3799E-09 8.7537E-09 9.1487E-09 9.5654E-09 1.0005E-08 1.0467E-08 1.0952E-08 1.1466E-08 1.2012E-08 1.2587E-08 1.3191E-08 1.3822E-08 1.4484E-08 1.5179E-08 1.5907E-08 1.6661E-08 1.7445E-08 1.8266E-08 1.9122E-08 2.0002E-08 2.0929E-08 2.1886E-08 2.2878E-08 2.3911E-08 2.4980E-08 2.6079E-08 2.7217E-08 2.8381E-08 2.9604E-08 3.0849E-08 3.2142E-08 3.3471E-08 3.4831E-08 3.6235E-08 3.7667E-08 3.9141E-08 4.0788E-08 4.2483E-08 4.4268E-08 4.6072E-08 4.7961E-08 4.9984E-08 5.2101E-08 5.4400E-08 5.7242E-08 6.0218E-08 6.3225E-08 6.6520E-08 7.0169E-08
6.0515E-09 6.3045E-09 6.5692E-09 6.8485E-09 7.1377E-09 7.4452E-09 7.7685E-09 8.1087E-09 8.4695E-09 8.8476E-09 9.2480E-09 9.6708E-09 1.0114E-08 1.0584E-08 1.1074E-08 1.1593E-08 1.2144E-08 1.2726E-08 1.3336E-08 1.3973E-08 1.4640E-08 1.5339E-08 1.6070E-08 1.6826E-08 1.7614E-08 1.8436E-08 1.9294E-08 2.0177E-08 2.1103E-08 2.2055E-08 2.3042E-08 2.4069E-08 2.5129E-08 2.6219E-08 2.7350E-08 2.8504E-08 2.9706E-08 3.0936E-08 3.2192E-08 3.3504E-08 3.4834E-08 3.6207E-08 3.7601E-08 3.9032E-08 4.0501E-08 4.2161E-08 4.3865E-08 4.5660E-08 4.7451E-08 4.9344E-08 5.1342E-08 5.3490E-08 5.5909E-08 5.8561E-08 6.1508E-08 6.4492E-08 6.7790E-08
6.1047E-09 6.3578E-09 6.6257E-09 6.9117E-09 7.2057E-09 7.5138E-09 7.8435E-09 8.1894E-09 8.5534E-09 8.9379E-09 9.3410E-09 9.7684E-09 1.0220E-08 1.0692E-08 1.1189E-08 1.1713E-08 1.2271E-08 1.2856E-08 1.3473E-08 1.4114E-08 1.4786E-08 1.5490E-08 1.6225E-08 1.6980E-08 1.7773E-08 1.8593E-08 1.9454E-08 2.0338E-08 2.1253E-08 2.2206E-08 2.3193E-08 2.4213E-08 2.5261E-08 2.6346E-08 2.7464E-08 2.8607E-08 2.9778E-08 3.0994E-08 3.2226E-08 3.3507E-08 3.4810E-08 3.6138E-08 3.7501E-08 3.8886E-08 4.0304E-08 4.1803E-08 4.3467E-08 4.5121E-08 4.6896E-08 4.8647E-08 5.0527E-08 5.2466E-08 5.4560E-08 5.7045E-08 5.9600E-08 6.2404E-08 6.5343E-08
6.1526E-09 6.4099E-09 6.6822E-09 6.9708E-09 7.2678E-09 7.5822E-09 7.9136E-09 8.2639E-09 8.6330E-09 9.0234E-09 9.4292E-09 9.8625E-09 1.0319E-08 1.0797E-08 1.1299E-08 1.1825E-08 1.2388E-08 1.2979E-08 1.3602E-08 1.4247E-08 1.4923E-08 1.5630E-08 1.6369E-08 1.7124E-08 1.7918E-08 1.8742E-08 1.9599E-08 2.0484E-08 2.1397E-08 2.2346E-08 2.3323E-08 2.4336E-08 2.5377E-08 2.6450E-08 2.7552E-08 2.8684E-08 2.9838E-08 3.1023E-08 3.2240E-08 3.3476E-08 3.4754E-08 3.6050E-08 3.7370E-08 3.8709E-08 4.0075E-08 4.1468E-08 4.2944E-08 4.4595E-08 4.6260E-08 4.7939E-08 4.9641E-08 5.1462E-08 5.3337E-08 5.5306E-08 5.7689E-08 6.0243E-08 6.2886E-08
6.1971E-09 6.4576E-09 6.7322E-09 7.0240E-09 7.3282E-09 7.6462E-09 7.9802E-09 8.3346E-09 8.7088E-09 9.1011E-09 9.5139E-09 9.9495E-09 1.0410E-08 1.0895E-08 1.1403E-08 1.1931E-08 1.2498E-08 1.3094E-08 1.3717E-08 1.4370E-08 1.5050E-08 1.5760E-08 1.6501E-08 1.7260E-08 1.8049E-08 1.8876E-08 1.9728E-08 2.0616E-08 2.1528E-08 2.2469E-08 2.3440E-08 2.4449E-08 2.5480E-08 2.6539E-08 2.7626E-08 2.8744E-08 2.9883E-08 3.1039E-08 3.2231E-08 3.3436E-08 3.4678E-08 3.5938E-08 3.7216E-08 3.8506E-08 3.9818E-08 4.1152E-08 4.2504E-08 4.4002E-08 4.5507E-08 4.7204E-08 4.8759E-08 5.0402E-08 5.2114E-08 5.3887E-08 5.5804E-08 5.7965E-08 6.0417E-08
6.2426E-09 6.5045E-09 6.7830E-09 7.0729E-09 7.3833E-09 7.7047E-09 8.0442E-09 8.4000E-09 8.7780E-09 9.1762E-09 9.5933E-09 1.0030E-08 1.0496E-08 1.0985E-08 1.1499E-08 1.2032E-08 1.2599E-08 1.3199E-08 1.3828E-08 1.4484E-08 1.5167E-08 1.5879E-08 1.6623E-08 1.7384E-08 1.8171E-08 1.8998E-08 1.9853E-08 2.0733E-08 2.1646E-08 2.2582E-08 2.3545E-08 2.4539E-08 2.5562E-08 2.6614E-08 2.7686E-08 2.8782E-08 2.9908E-08 3.1041E-08 3.2204E-08 3.3381E-08 3.4578E-08 3.5803E-08 3.7043E-08 3.8284E-08 3.9542E-08 4.0814E-08 4.2096E-08 4.3394E-08 4.4846E-08 4.6274E-08 4.7887E-08 4.9332E-08 5.0906E-08 5.2438E-08 5.4089E-08 5.5851E-08 5.7989E-08
6.2820E-09 6.5471E-09 6.8266E-09 7.1214E-09 7.4342E-09 7.7597E-09 8.1021E-09 8.4602E-09 8.8424E-09 9.2445E-09 9.6670E-09 1.0107E-08 1.0574E-08 1.1068E-08 1.1587E-08 1.2124E-08 1.2692E-08 1.3295E-08 1.3927E-08 1.4588E-08 1.5273E-08 1.5988E-08 1.6734E-08 1.7496E-08 1.8285E-08 1.9104E-08 1.9961E-08 2.0841E-08 2.1746E-08 2.2681E-08 2.3633E-08 2.4620E-08 2.5635E-08 2.6671E-08 2.7728E-08 2.8811E-08 2.9912E-08 3.1029E-08 3.2158E-08 3.3311E-08 3.4474E-08 3.5651E-08 3.6850E-08 3.8048E-08 3.9250E-08 4.0460E-08 4.1674E-08 4.2894E-08 4.4123E-08 4.5496E-08 4.6937E-08 4.8327E-08 4.9658E-08 5.1082E-08 5.2490E-08 5.3951E-08 5.5554E-08
6.3205E-09 6.5861E-09 6.8663E-09 7.1669E-09 7.4782E-09 7.8096E-09 8.1560E-09 8.5179E-09 8.9003E-09 9.3067E-09 9.7343E-09 1.0178E-08 1.0645E-08 1.1143E-08 1.1664E-08 1.2208E-08 1.2779E-08 1.3380E-08 1.4016E-08 1.4682E-08 1.5369E-08 1.6086E-08 1.6832E-08 1.7597E-08 1.8387E-08 1.9202E-08 2.0054E-08 2.0937E-08 2.1832E-08 2.2767E-08 2.3715E-08 2.4686E-08 2.5690E-08 2.6714E-08 2.7761E-08 2.8825E-08 2.9903E-08 3.1006E-08 3.2110E-08 3.3224E-08 3.4356E-08 3.5485E-08 3.6647E-08 3.7802E-08 3.8949E-08 4.0097E-08 4.1242E-08 4.2386E-08 4.3531E-08 4.4662E-08 4.5935E-08 4.7305E-08 4.8506E-08 4.9735E-08 5.0965E-08 5.2244E-08 5.3496E-08
6.3541E-09 6.6231E-09 6.9061E-09 7.2078E-09 7.5232E-09 7.8538E-09 8.2036E-09 8.5707E-09 8.9524E-09 9.3620E-09 9.7925E-09 1.0242E-08 1.0710E-08 1.1209E-08 1.1735E-08 1.2284E-08 1.2857E-08 1.3457E-08 1.4095E-08 1.4762E-08 1.5454E-08 1.6172E-08 1.6920E-08 1.7685E-08 1.8476E-08 1.9292E-08 2.0132E-08 2.1017E-08 2.1914E-08 2.2832E-08 2.3787E-08 2.4740E-08 2.5735E-08 2.6746E-08 2.7778E-08 2.8823E-08 2.9887E-08 3.0965E-08 3.2047E-08 3.3125E-08 3.4229E-08 3.5326E-08 3.6422E-08 3.7547E-08 3.8640E-08 3.9727E-08 4.0806E-08 4.1877E-08 4.2940E-08 4.3984E-08 4.4997E-08 4.6218E-08 4.7386E-08 4.8440E-08 4.9540E-08 5.0593E-08 5.1686E-08
6.3881E-09 6.6549E-09 6.9399E-09 7.2434E-09 7.5617E-09 7.8936E-09 8.2459E-09 8.6170E-09 9.0019E-09 9.4097E-09 9.8449E-09 1.0299E-08 1.0770E-08 1.1266E-08 1.1796E-08 1.2350E-08 1.2926E-08 1.3528E-08 1.4160E-08 1.4832E-08 1.5528E-08 1.6247E-08 1.6995E-08 1.7761E-08 1.8553E-08 1.9369E-08 2.0208E-08 2.1076E-08 2.1984E-08 2.2891E-08 2.3836E-08 2.4794E-08 2.5760E-08 2.6765E-08 2.7784E-08 2.8811E-08 2.9854E-08 3.0907E-08 3.1973E-08 3.3029E-08 3.4079E-08 3.5157E-08 3.6202E-08 3.7270E-08 3.8327E-08 3.9356E-08 4.0373E-08 4.1373E-08 4.2359E-08 4.3321E-08 4.4246E-08 4.5124E-08 4.6278E-08 4.7248E-08 4.8169E-08 4.9083E-08 4.9961E-08
6.4186E-09 6.6868E-09 6.9717E-09 7.2715E-09 7.5981E-09 7.9318E-09 8.2810E-09 8.6561E-09 9.0458E-09 9.4520E-09 9.8889E-09 1.0348E-08 1.0822E-08 1.1319E-08 1.1846E-08 1.2405E-08 1.2985E-08 1.3589E-08 1.4220E-08 1.4889E-08 1.5590E-08 1.6310E-08 1.7058E-08 1.7825E-08 1.8616E-08 1.9431E-08 2.0270E-08 2.1129E-08 2.2029E-08 2.2943E-08 2.3865E-08 2.4831E-08 2.5785E-08 2.6768E-08 2.7768E-08 2.8786E-08 2.9814E-08 3.0840E-08 3.1877E-08 3.2921E-08 3.3934E-08 3.4966E-08 3.5989E-08 3.6985E-08 3.8012E-08 3.8989E-08 3.9946E-08 4.0882E-08 4.1794E-08 4.2677E-08 4.3520E-08 4.4313E-08 4.5147E-08 4.6085E-08 4.6859E-08 4.7631E-08 4.8389E-08
6.4421E-09 6.7125E-09 6.9988E-09 7.3017E-09 7.6247E-09 7.9645E-09 8.3133E-09 8.6886E-09 9.0838E-09 9.4917E-09 9.9235E-09 1.0387E-08 1.0866E-08 1.1365E-08 1.1888E-08 1.2449E-08 1.3034E-08 1.3639E-08 1.4271E-08 1.4932E-08 1.5636E-08 1.6361E-08 1.7108E-08 1.7874E-08 1.8665E-08 1.9480E-08 2.0317E-08 2.1175E-08 2.2054E-08 2.2979E-08 2.3896E-08 2.4836E-08 2.5802E-08 2.6757E-08 2.7751E-08 2.8748E-08 2.9750E-08 3.0762E-08 3.1780E-08 3.2792E-08 3.3792E-08 3.4766E-08 3.5770E-08 3.6725E-08 3.7674E-08 3.8626E-08 3.9528E-08 4.0403E-08 4.1249E-08 4.2060E-08 4.2826E-08 4.3542E-08 4.4204E-08 4.4983E-08 4.5702E-08 4.6316E-08 4.6921E-08
6.4623E-09 6.7356E-09 7.0238E-09 7.3269E-09 7.6457E-09 7.9890E-09 8.3430E-09 8.7124E-09 9.1127E-09 9.5247E-09 9.9549E-09 1.0416E-08 1.0902E-08 1.1403E-08 1.1927E-08 1.2478E-08 1.3072E-08 1.3679E-08 1.4312E-08 1.4971E-08 1.5665E-08 1.6398E-08 1.7145E-08 1.7911E-08 1.8701E-08 1.9514E-08 2.0350E-08 2.1206E-08 2.2081E-08 2.2983E-08 2.3913E-08 2.4837E-08 2.5794E-08 2.6751E-08 2.7709E-08 2.8692E-08 2.9687E-08 3.0675E-08 3.1661E-08 3.2647E-08 3.3640E-08 3.4584E-08 3.5522E-08 3.6465E-08 3.7357E-08 3.8255E-08 3.9121E-08 3.9941E-08 4.0724E-08 4.1471E-08 4.2168E-08 4.2814E-08 4.3404E-08 4.3933E-08 4.4576E-08 4.5144E-08 4.5599E-08
