Assets/Resources/2015_m01_d16_0300(utc+0800)_l00_csi_1hr_conc.grd
DSAA
         159         159
     -79.000      79.000
     -79.000      79.000
  0.3814E-10  0.1088E-04
[rows 75 to 99 of 159, columns 57 to 113 of 159]
8.0885E-09 8.4207E-09 8.7516E-09 9.0839E-09 9.4146E-09 9.7442E-09 1.0073E-08 1.0403E-08 1.0726E-08 1.1044E-08 1.1359E-08 1.1668E-08 1.1973E-08 1.2272E-08 1.2566E-08 1.2856E-08 1.3140E-08 1.3416E-08 1.3684E-08 1.3943E-08 1.4195E-08 1.4438E-08 1.4672E-08 1.4894E-08 1.5105E-08 1.5309E-08 1.5505E-08 1.5689E-08 1.5875E-08 1.6090E-08 1.6349E-08 1.6644E-08 1.6963E-08 1.7292E-08 1.7628E-08 1.7977E-08 1.8342E-08 1.8725E-08 1.9131E-08 1.9559E-08 2.0002E-08 2.0459E-08 2.0918E-08 2.1372E-08 2.1809E-08 2.2219E-08 2.2591E-08 2.2922E-08 2.3202E-08 2.3419E-08 2.3563E-08 2.3634E-08 2.3633E-08 2.3567E-08 2.3400E-08 2.3183E-08 2.2855E-08
8.0670E-09 8.3958E-09 8.7255E-09 9.0539E-09 9.3823E-09 9.7098E-09 1.0038E-08 1.0364E-08 1.0684E-08 1.1001E-08 1.1313E-08 1.1622E-08 1.1925E-08 1.2224E-08 1.2517E-08 1.2807E-08 1.3091E-08 1.3368E-08 1.3636E-08 1.3897E-08 1.4151E-08 1.4396E-08 1.4632E-08 1.4856E-08 1.5071E-08 1.5282E-08 1.5480E-08 1.5683E-08 1.5909E-08 1.6178E-08 1.6490E-08 1.6833E-08 1.7199E-08 1.7569E-08 1.7959E-08 1.8375E-08 1.8818E-08 1.9296E-08 1.9808E-08 2.0349E-08 2.0915E-08 2.1497E-08 2.2090E-08 2.2682E-08 2.3252E-08 2.3784E-08 2.4265E-08 2.4689E-08 2.5038E-08 2.5309E-08 2.5492E-08 2.5581E-08 2.5654E-08 2.5575E-08 2.5440E-08 2.5159E-08 2.4832E-08
8.0347E-09 8.3622E-09 8.6875E-09 9.0129E-09 9.3387E-09 9.6637E-09 9.9891E-09 1.0312E-08 1.0630E-08 1.0944E-08 1.1255E-08 1.1561E-08 1.1863E-08 1.2160E-08 1.2453E-08 1.2743E-08 1.3027E-08 1.3303E-08 1.3571E-08 1.3833E-08 1.4088E-08 1.4336E-08 1.4573E-08 1.4799E-08 1.5020E-08 1.5235E-08 1.5447E-08 1.5679E-08 1.5953E-08 1.6276E-08 1.6635E-08 1.7027E-08 1.7431E-08 1.7857E-08 1.8317E-08 1.8814E-08 1.9359E-08 1.9954E-08 2.0610E-08 2.1320E-08 2.2079E-08 2.2863E-08 2.3648E-08 2.4377E-08 2.5075E-08 2.5729E-08 2.6287E-08 2.6807E-08 2.7225E-08 2.7531E-08 2.7757E-08 2.7964E-08 2.7974E-08 2.7938E-08 2.7716E-08 2.7462E-08 2.7087E-08
7.9930E-09 8.3174E-09 8.6392E-09 8.9614E-09 9.2842E-09 9.6062E-09 9.9287E-09 1.0249E-08 1.0563E-08 1.0875E-08 1.1183E-08 1.1487E-08 1.1787E-08 1.2082E-08 1.2375E-08 1.2663E-08 1.2946E-08 1.3222E-08 1.3490E-08 1.3753E-08 1.4009E-08 1.4257E-08 1.4496E-08 1.4725E-08 1.4950E-08 1.5172E-08 1.5409E-08 1.5759E-08 1.6005E-08 1.6377E-08 1.6785E-08 1.7216E-08 1.7670E-08 1.8166E-08 1.8709E-08 1.9318E-08 2.0012E-08 2.0798E-08 2.1665E-08 2.2585E-08 2.3536E-08 2.4510E-08 2.5484E-08 2.6422E-08 2.7309E-08 2.8088E-08 2.8754E-08 2.9339E-08 2.9794E-08 3.0128E-08 3.0520E-08 3.0666E-08 3.0737E-08 3.0734E-08 3.0402E-08 3.0118E-08 2.9563E-08
7.9422E-09 8.2630E-09 8.5812E-09 8.8997E-09 9.2192E-09 9.5378E-09 9.8568E-09 1.0173E-08 1.0485E-08 1.0793E-08 1.1098E-08 1.1400E-08 1.1697E-08 1.1991E-08 1.2282E-08 1.2569E-08 1.2851E-08 1.3125E-08 1.3393E-08 1.3656E-08 1.3913E-08 1.4162E-08 1.4400E-08 1.7885E-06 1.2949E-06 1.1928E-06 1.0104E-06 7.8953E-07 1.5046E-07 2.5374E-08 1.6970E-08 1.7406E-08 1.7946E-08 1.8563E-08 1.9256E-08 1.9954E-08 2.0845E-08 2.1869E-08 2.3002E-08 2.4230E-08 2.5510E-08 2.6748E-08 2.7980E-08 2.9109E-08 3.0125E-08 3.1158E-08 3.2129E-08 3.2895E-08 3.3289E-08 3.3706E-08 3.3969E-08 3.4054E-08 3.3951E-08 3.3767E-08 3.3464E-08 3.2992E-08 3.2426E-08
7.8843E-09 8.1994E-09 8.5136E-09 8.8296E-09 9.1440E-09 9.4589E-09 9.7755E-09 1.0086E-08 1.0394E-08 1.0699E-08 1.1001E-08 1.1300E-08 1.1594E-08 1.1886E-08 1.2175E-08 1.2461E-08 1.2740E-08 1.3013E-08 1.3281E-08 1.3543E-08 1.3801E-08 1.4049E-08 1.4288E-08 1.4524E-08 1.0878E-05 2.1317E-06 1.6073E-06 1.6435E-06 1.7416E-06 8.2631E-07 2.2750E-07 5.6561E-08 2.9427E-08 3.0368E-08 2.7079E-08 2.3843E-08 2.2771E-08 2.3370E-08 2.4903E-08 2.6556E-08 2.8493E-08 3.0515E-08 3.2187E-08 3.3701E-08 3.4744E-08 3.5916E-08 3.6842E-08 3.7407E-08 3.8054E-08 3.8017E-08 3.8254E-08 3.8109E-08 3.7854E-08 3.7479E-08 3.6920E-08 3.6277E-08 3.5496E-08
7.8164E-09 8.1271E-09 8.4371E-09 8.7487E-09 9.0592E-09 9.3700E-09 9.6824E-09 9.9890E-09 1.0293E-08 1.0594E-08 1.0892E-08 1.1187E-08 1.1479E-08 1.1768E-08 1.2055E-08 1.2339E-08 1.2616E-08 1.2887E-08 1.3153E-08 1.3416E-08 1.3672E-08 1.3920E-08 1.4160E-08 1.4400E-08 1.4655E-08 7.1525E-07 3.3615E-06 1.8577E-06 1.7559E-06 1.8778E-06 1.4059E-06 7.3258E-07 3.1986E-07 1.6008E-07 8.2485E-08 4.5006E-08 3.0534E-08 2.7211E-08 2.8488E-08 3.1050E-08 3.4324E-08 3.6936E-08 3.9189E-08 4.0659E-08 4.2123E-08 4.3030E-08 4.3570E-08 4.3707E-08 4.3685E-08 4.3521E-08 4.3115E-08 4.2636E-08 4.2146E-08 4.1428E-08 4.0701E-08 3.9766E-08 3.8769E-08
7.7405E-09 8.0466E-09 8.3519E-09 8.6590E-09 8.9650E-09 9.2714E-09 9.5794E-09 9.8814E-09 1.0181E-08 1.0478E-08 1.0772E-08 1.1064E-08 1.1352E-08 1.1638E-08 1.1922E-08 1.2203E-08 1.2478E-08 1.2747E-08 1.3011E-08 1.3273E-08 1.3528E-08 1.3775E-08 1.4016E-08 1.4263E-08 1.4539E-08 1.4860E-08 4.0942E-08 7.5295E-07 1.4708E-06 1.7942E-06 1.7737E-06 1.5382E-06 9.8798E-07 5.1037E-07 2.4086E-07 1.1282E-07 5.8171E-08 4.0771E-08 3.8710E-08 4.1604E-08 4.5258E-08 4.8583E-08 5.0662E-08 5.2011E-08 5.2598E-08 5.2713E-08 5.2386E-08 5.1631E-08 5.0814E-08 4.9810E-08 4.8860E-08 4.7856E-08 4.6819E-08 4.5842E-08 4.4681E-08 4.3534E-08 4.2218E-08
7.6571E-09 7.9583E-09 8.2601E-09 8.5609E-09 8.8622E-09 9.1655E-09 9.4671E-09 9.7642E-09 1.0059E-08 1.0352E-08 1.0642E-08 1.0929E-08 1.1213E-08 1.1496E-08 1.1778E-08 1.2055E-08 1.2327E-08 1.2593E-08 1.2857E-08 1.3117E-08 1.3370E-08 1.3615E-08 1.3857E-08 1.4117E-08 1.4416E-08 1.4766E-08 1.5183E-08 1.5660E-08 9.7077E-08 5.9238E-07 1.1208E-06 1.1254E-06 9.3983E-07 6.5923E-07 3.8534E-07 2.0986E-07 1.1536E-07 7.6739E-08 6.5397E-08 6.5102E-08 6.6835E-08 6.8878E-08 6.9444E-08 6.9014E-08 6.7823E-08 6.6064E-08 6.3925E-08 6.1697E-08 5.9397E-08 5.7367E-08 5.5382E-08 5.3676E-08 5.2022E-08 5.0456E-08 4.8957E-08 4.7384E-08 4.5859E-08
7.5665E-09 7.8626E-09 8.1594E-09 8.4549E-09 8.7512E-09 9.0497E-09 9.3460E-09 9.6381E-09 9.9283E-09 1.0216E-08 1.0502E-08 1.0785E-08 1.1065E-08 1.1344E-08 1.1622E-08 1.1896E-08 1.2164E-08 1.2427E-08 1.2689E-08 1.2947E-08 1.3198E-08 1.3442E-08 1.3686E-08 1.3960E-08 1.4283E-08 1.4663E-08 1.5113E-08 1.5618E-08 1.6182E-08 7.1325E-08 4.6157E-07 7.0834E-07 6.9202E-07 6.1347E-07 4.7056E-07 3.2235E-07 2.1468E-07 1.5373E-07 1.2515E-07 1.1412E-07 1.0845E-07 1.0473E-07 1.0030E-07 9.5339E-08 8.9861E-08 8.4323E-08 7.8887E-08 7.3964E-08 6.9638E-08 6.5866E-08 6.2715E-08 5.9890E-08 5.7529E-08 5.5286E-08 5.3290E-08 5.1361E-08 4.9497E-08
7.4677E-09 7.7600E-09 8.0515E-09 8.3416E-09 8.6326E-09 8.9260E-09 9.2169E-09 9.5037E-09 9.7888E-09 1.0072E-08 1.0353E-08 1.0631E-08 1.0906E-08 1.1182E-08 1.1456E-08 1.1726E-08 1.1990E-08 1.2250E-08 1.2509E-08 1.2765E-08 1.3013E-08 1.3254E-08 1.3504E-08 1.3796E-08 1.4137E-08 1.4548E-08 1.5025E-08 1.5560E-08 1.6160E-08 2.3526E-08 2.0877E-07 6.1362E-07 7.3696E-07 7.1231E-07 6.1898E-07 4.9144E-07 3.7762E-07 2.9063E-07 2.3513E-07 2.0013E-07 1.7746E-07 1.5964E-07 1.4485E-07 1.3078E-07 1.1816E-07 1.0675E-07 9.6748E-08 8.8260E-08 8.1171E-08 7.5278E-08 7.0459E-08 6.6455E-08 6.3106E-08 6.0223E-08 5.7637E-08 5.5341E-08 5.3135E-08
7.3644E-09 7.6512E-09 7.9370E-09 8.2215E-09 8.5071E-09 8.7949E-09 9.0803E-09 9.3617E-09 9.6414E-09 9.9192E-09 1.0195E-08 1.0468E-08 1.0739E-08 1.1010E-08 1.1280E-08 1.1546E-08 1.1806E-08 1.2062E-08 1.2319E-08 1.2571E-08 1.2817E-08 1.3054E-08 1.3313E-08 1.3619E-08 1.3984E-08 1.4415E-08 1.4917E-08 1.5479E-08 1.6118E-08 1.7830E-08 8.7156E-08 3.9929E-07 7.0565E-07 8.3246E-07 8.0823E-07 7.1589E-07 5.9655E-07 4.8302E-07 3.9194E-07 3.2307E-07 2.7304E-07 2.3320E-07 2.0161E-07 1.7416E-07 1.5157E-07 1.3216E-07 1.1665E-07 1.0368E-07 9.3495E-08 8.5039E-08 7.8404E-08 7.2994E-08 6.8642E-08 6.5049E-08 6.1935E-08 5.9229E-08 5.6709E-08
7.2554E-09 7.5365E-09 7.8151E-09 8.0951E-09 8.3751E-09 8.6573E-09 8.9369E-09 9.2125E-09 9.4868E-09 9.7591E-09 1.0029E-08 1.0298E-08 1.0563E-08 1.0830E-08 1.1095E-08 1.1356E-08 1.1612E-08 1.1865E-08 1.2117E-08 1.2367E-08 1.2609E-08 1.2843E-08 1.3111E-08 1.3432E-08 1.3815E-08 1.4267E-08 1.4788E-08 1.5377E-08 1.6050E-08 1.7017E-08 3.7604E-08 1.8622E-07 4.7830E-07 7.2621E-07 8.5820E-07 8.5855E-07 7.8281E-07 6.6683E-07 5.5543E-07 4.5722E-07 3.7795E-07 3.1509E-07 2.6237E-07 2.2081E-07 1.8596E-07 1.5853E-07 1.3647E-07 1.1921E-07 1.0537E-07 9.4542E-08 8.5914E-08 7.9205E-08 7.3856E-08 6.9618E-08 6.6017E-08 6.2916E-08 6.0091E-08
7.1414E-09 7.4164E-09 7.6890E-09 7.9633E-09 8.2371E-09 8.5136E-09 8.7872E-09 9.0571E-09 9.3255E-09 9.5923E-09 9.8572E-09 1.0120E-08 1.0380E-08 1.0642E-08 1.0902E-08 1.1159E-08 1.1410E-08 1.1658E-08 1.1907E-08 1.2153E-08 1.2390E-08 1.2622E-08 1.2897E-08 1.3234E-08 1.3630E-08 1.4100E-08 1.4637E-08 1.5249E-08 1.5957E-08 1.6840E-08 2.1267E-08 7.5847E-08 2.4087E-07 4.8243E-07 6.9425E-07 8.1882E-07 8.2648E-07 7.6047E-07 6.6269E-07 5.5964E-07 4.6486E-07 3.8579E-07 3.1664E-07 2.6215E-07 2.1714E-07 1.8200E-07 1.5446E-07 1.3302E-07 1.1607E-07 1.0295E-07 9.2644E-08 8.4753E-08 7.8631E-08 7.3748E-08 6.9753E-08 6.6271E-08 6.3172E-08
7.0226E-09 7.2900E-09 7.5581E-09 7.8263E-09 8.0940E-09 8.3644E-09 8.6320E-09 8.8960E-09 9.1585E-09 9.4194E-09 9.6786E-09 9.9359E-09 1.0191E-08 1.0447E-08 1.0702E-08 1.0954E-08 1.1200E-08 1.1444E-08 1.1688E-08 1.1930E-08 1.2163E-08 1.2392E-08 1.2674E-08 1.3021E-08 1.3432E-08 1.3910E-08 1.4464E-08 1.5095E-08 1.5832E-08 1.6765E-08 1.8772E-08 3.6929E-08 1.1216E-07 2.6345E-07 4.5573E-07 6.2710E-07 7.1529E-07 7.2351E-07 6.7358E-07 5.9466E-07 5.0796E-07 4.2623E-07 3.5209E-07 2.8965E-07 2.3974E-07 1.9875E-07 1.6825E-07 1.4325E-07 1.2444E-07 1.0941E-07 9.8037E-08 8.9312E-08 8.2620E-08 7.7286E-08 7.2947E-08 6.9195E-08 6.5872E-08
6.8996E-09 7.1608E-09 7.4228E-09 7.6847E-09 7.9461E-09 8.2089E-09 8.4719E-09 8.7298E-09 8.9862E-09 9.2413E-09 9.4946E-09 9.7461E-09 9.9954E-09 1.0246E-08 1.0496E-08 1.0742E-08 1.0983E-08 1.1222E-08 1.1462E-08 1.1698E-08 1.1928E-08 1.2153E-08 1.2439E-08 1.2795E-08 1.3216E-08 1.3701E-08 1.4266E-08 1.4913E-08 1.5671E-08 1.6639E-08 1.8064E-08 2.3369E-08 5.6858E-08 1.3453E-07 2.6117E-07 4.0701E-07 5.2914E-07 5.8906E-07 5.9551E-07 5.5683E-07 4.9520E-07 4.2772E-07 3.5905E-07 2.9869E-07 2.4822E-07 2.0687E-07 1.7478E-07 1.4910E-07 1.2915E-07 1.1360E-07 1.0163E-07 9.2657E-08 8.5572E-08 8.0059E-08 7.5472E-08 7.1577E-08 6.8081E-08
6.7716E-09 7.0279E-09 7.2836E-09 7.5377E-09 7.7941E-09 8.0507E-09 8.3076E-09 8.5591E-09 8.8095E-09 9.0585E-09 9.3059E-09 9.5515E-09 9.7950E-09 1.0039E-08 1.0284E-08 1.0525E-08 1.0761E-08 1.0994E-08 1.1229E-08 1.1461E-08 1.1687E-08 1.1907E-08 1.2194E-08 1.2556E-08 1.2980E-08 1.3472E-08 1.4044E-08 1.4701E-08 1.5471E-08 1.6458E-08 1.7784E-08 2.0792E-08 3.2239E-08 6.9957E-08 1.4199E-07 2.4055E-07 3.4457E-07 4.2578E-07 4.6693E-07 4.6797E-07 4.3688E-07 3.9282E-07 3.3874E-07 2.8813E-07 2.4257E-07 2.0503E-07 1.7407E-07 1.4976E-07 1.3015E-07 1.1505E-07 1.0337E-07 9.4459E-08 8.7454E-08 8.1888E-08 7.7260E-08 7.3309E-08 6.9745E-08
6.6416E-09 6.8900E-09 7.1394E-09 7.3888E-09 7.6386E-09 7.8889E-09 8.1395E-09 8.3847E-09 8.6290E-09 8.8717E-09 9.1131E-09 9.3526E-09 9.5903E-09 9.8280E-09 1.0067E-08 1.0303E-08 1.0533E-08 1.0761E-08 1.0990E-08 1.1218E-08 1.1439E-08 1.1655E-08 1.1939E-08 1.2306E-08 1.2728E-08 1.3221E-08 1.3797E-08 1.4458E-08 1.5235E-08 1.6219E-08 1.7530E-08 1.9658E-08 2.5321E-08 4.3031E-08 8.0481E-08 1.3773E-07 2.0980E-07 2.8221E-07 3.3471E-07 3.5916E-07 3.5505E-07 3.3313E-07 2.9861E-07 2.6042E-07 2.2499E-07 1.9294E-07 1.6676E-07 1.4490E-07 1.2754E-07 1.1369E-07 1.0309E-07 9.4659E-08 8.8090E-08 8.2697E-08 7.8240E-08 7.4311E-08 7.0767E-08
6.5089E-09 6.7510E-09 6.9940E-09 7.2370E-09 7.4800E-09 7.7240E-09 7.9668E-09 8.2073E-09 8.4452E-09 8.6818E-09 8.9169E-09 9.1504E-09 9.3817E-09 9.6133E-09 9.8467E-09 1.0077E-08 1.0301E-08 1.0524E-08 1.0747E-08 1.0970E-08 1.1186E-08 1.1397E-08 1.1676E-08 1.2043E-08 1.2462E-08 1.2952E-08 1.3525E-08 1.4185E-08 1.4961E-08 1.5924E-08 1.7224E-08 1.8952E-08 2.2501E-08 3.1052E-08 4.9637E-08 8.2099E-08 1.2708E-07 1.7905E-07 2.2649E-07 2.5809E-07 2.7081E-07 2.6590E-07 2.4872E-07 2.2400E-07 1.9915E-07 1.7483E-07 1.5415E-07 1.3628E-07 1.2182E-07 1.1015E-07 1.0087E-07 9.3478E-08 8.7489E-08 8.2554E-08 7.8312E-08 7.4561E-08 7.1090E-08
6.3725E-09 6.6084E-09 6.8463E-09 7.0827E-09 7.3190E-09 7.5565E-09 7.7930E-09 8.0273E-09 8.2588E-09 8.4892E-09 8.7180E-09 8.9454E-09 9.1705E-09 9.3957E-09 9.6229E-09 9.8473E-09 1.0066E-08 1.0282E-08 1.0500E-08 1.0718E-08 1.0929E-08 1.1134E-08 1.1404E-08 1.1768E-08 1.2181E-08 1.2662E-08 1.3231E-08 1.3883E-08 1.4649E-08 1.5579E-08 1.6836E-08 1.8436E-08 2.0863E-08 2.5969E-08 3.5885E-08 5.4294E-08 7.9431E-08 1.1406E-07 1.4939E-07 1.7877E-07 1.9745E-07 2.0338E-07 1.9805E-07 1.8553E-07 1.6966E-07 1.5357E-07 1.3822E-07 1.2510E-07 1.1389E-07 1.0470E-07 9.7091E-08 9.0952E-08 8.5751E-08 8.1395E-08 7.7511E-08 7.4026E-08 7.0711E-08
6.2340E-09 6.4652E-09 6.6950E-09 6.9251E-09 7.1561E-09 7.3869E-09 7.6174E-09 7.8453E-09 8.0706E-09 8.2945E-09 8.5172E-09 8.7380E-09 8.9572E-09 9.1757E-09 9.3967E-09 9.6155E-09 9.8287E-09 1.0038E-08 1.0250E-08 1.0463E-08 1.0668E-08 1.0869E-08 1.1125E-08 1.1484E-08 1.1890E-08 1.2354E-08 1.2915E-08 1.3554E-08 1.4303E-08 1.5205E-08 1.6373E-08 1.7931E-08 1.9926E-08 2.3271E-08 2.8563E-08 3.9519E-08 5.4272E-08 7.6138E-08 1.0034E-07 1.2325E-07 1.4136E-07 1.5172E-07 1.5389E-07 1.4968E-07 1.4148E-07 1.3171E-07 1.2172E-07 1.1275E-07 1.0487E-07 9.8000E-08 9.2260E-08 8.7327E-08 8.3086E-08 7.9325E-08 7.5920E-08 7.2734E-08 6.9619E-08
6.0955E-09 6.3191E-09 6.5423E-09 6.7676E-09 6.9916E-09 7.2158E-09 7.4387E-09 7.6619E-09 7.8808E-09 8.0984E-09 8.3149E-09 8.5294E-09 8.7425E-09 8.9540E-09 9.1685E-09 9.3819E-09 9.5887E-09 9.7930E-09 9.9980E-09 1.0205E-08 1.0406E-08 1.0601E-08 1.0839E-08 1.1190E-08 1.1590E-08 1.2031E-08 1.2579E-08 1.3202E-08 1.3926E-08 1.4795E-08 1.5861E-08 1.7352E-08 1.9121E-08 2.1639E-08 2.5425E-08 3.1371E-08 4.1061E-08 5.4239E-08 7.0698E-08 8.7012E-08 1.0197E-07 1.1297E-07 1.1884E-07 1.1949E-07 1.1668E-07 1.1162E-07 1.0601E-07 1.0054E-07 9.5419E-08 9.0737E-08 8.6648E-08 8.2919E-08 7.9601E-08 7.6503E-08 7.3595E-08 7.0745E-08 6.7895E-08
5.9544E-09 6.1720E-09 6.3902E-09 6.6075E-09 6.8247E-09 7.0435E-09 7.2607E-09 7.4776E-09 7.6901E-09 7.9015E-09 8.1114E-09 8.3199E-09 8.5268E-09 8.7318E-09 8.9391E-09 9.1470E-09 9.3483E-09 9.5467E-09 9.7446E-09 9.9459E-09 1.0141E-08 1.0331E-08 1.0550E-08 1.0887E-08 1.1281E-08 1.1697E-08 1.2224E-08 1.2828E-08 1.3521E-08 1.4351E-08 1.5354E-08 1.6651E-08 1.8365E-08 2.0429E-08 2.3390E-08 2.7490E-08 3.3961E-08 4.2340E-08 5.2639E-08 6.4660E-08 7.5990E-08 8.5740E-08 9.2338E-08 9.5703E-08 9.6033E-08 9.4521E-08 9.1935E-08 8.9148E-08 8.6166E-08 8.3384E-08 8.0636E-08 7.8036E-08 7.5507E-08 7.3093E-08 7.0662E-08 6.8129E-08 6.5601E-08
5.8140E-09 6.0242E-09 6.2363E-09 6.4469E-09 6.6590E-09 6.8705E-09 7.0820E-09 7.2929E-09 7.4991E-09 7.7043E-09 7.9078E-09 8.1102E-09 8.3108E-09 8.5096E-09 8.7093E-09 8.9112E-09 9.1075E-09 9.2999E-09 9.4908E-09 9.6856E-09 9.8762E-09 1.0059E-08 1.0259E-08 1.0574E-08 1.0963E-08 1.1359E-08 1.1845E-08 1.2437E-08 1.3095E-08 1.3880E-08 1.4823E-08 1.5981E-08 1.7519E-08 1.9293E-08 2.1763E-08 2.4881E-08 2.9542E-08 3.5335E-08 4.2601E-08 5.0038E-08 5.9108E-08 6.7110E-08 7.3439E-08 7.7842E-08 7.9959E-08 8.0430E-08 7.9888E-08 7.8891E-08 7.7613E-08 7.6180E-08 7.4532E-08 7.2823E-08 7.1050E-08 6.9224E-08 6.7196E-08 6.5048E-08 6.2799E-08
5.6718E-09 5.8760E-09 6.0820E-09 6.2860E-09 6.4920E-09 6.6975E-09 6.9033E-09 7.1067E-09 7.3082E-09 7.5070E-09 7.7044E-09 7.9006E-09 8.0951E-09 8.2878E-09 8.4798E-09 8.6758E-09 8.8670E-09 9.0535E-09 9.2374E-09 9.4247E-09 9.6110E-09 9.7882E-09 9.9706E-09 1.0253E-08 1.0637E-08 1.1022E-08 1.1456E-08 1.2031E-08 1.2654E-08 1.3388E-08 1.4266E-08 1.5324E-08 1.6662E-08 1.8340E-08 2.0289E-08 2.3003E-08 2.6511E-08 3.0960E-08 3.6173E-08 4.1681E-08 4.8174E-08 5.4647E-08 6.0187E-08 6.4535E-08 6.7432E-08 6.8939E-08 6.9753E-08 6.9939E-08 6.9817E-08 6.9285E-08 6.8518E-08 6.7538E-08 6.6379E-08 6.5002E-08 6.3365E-08 6.1568E-08 5.9607E-08
