Assets/Resources/2015_m01_d29_0200(utc+0800)_l00_csi_1hr_conc.grd
DSAA
         159         159
     -79.000      79.000
     -79.000      79.000
  0.0000E+00  0.5945E-04
[rows 50 to 74 of 159, columns 57 to 113 of 159]
4.1563E-09 4.4464E-09 4.7454E-09 5.0586E-09 5.3941E-09 5.7367E-09 6.0937E-09 6.4718E-09 6.8544E-09 7.2470E-09 7.6555E-09 8.0596E-09 8.4663E-09 8.8739E-09 9.2800E-09 9.6816E-09 1.0175E-08 1.0585E-08 1.0986E-08 1.1373E-08 1.1755E-08 1.2120E-08 1.2461E-08 1.2773E-08 1.3050E-08 1.3287E-08 1.3480E-08 1.3623E-08 1.3712E-08 1.3805E-08 1.3782E-08 1.3690E-08 1.3559E-08 1.3320E-08 1.3032E-08 1.2663E-08 1.2215E-08 1.1720E-08 1.1171E-08 1.0576E-08 9.9438E-09 9.2831E-09 8.6060E-09 7.9192E-09 7.2355E-09 6.5608E-09 5.8972E-09 5.2696E-09 4.6753E-09 4.1160E-09 3.5983E-09 3.1248E-09 2.6859E-09 2.3000E-09 1.9549E-09 1.6511E-09 1.3875E-09
4.0016E-09 4.2890E-09 4.5853E-09 4.8965E-09 5.2316E-09 5.5751E-09 5.9406E-09 6.3134E-09 6.6984E-09 7.1025E-09 7.5063E-09 7.9175E-09 8.3342E-09 8.7541E-09 9.1746E-09 9.5930E-09 1.0130E-08 1.0567E-08 1.0999E-08 1.1430E-08 1.1854E-08 1.2261E-08 1.2647E-08 1.3006E-08 1.3332E-08 1.3620E-08 1.3864E-08 1.4059E-08 1.4278E-08 1.4368E-08 1.4390E-08 1.4389E-08 1.4260E-08 1.4082E-08 1.3802E-08 1.3444E-08 1.3012E-08 1.2508E-08 1.1944E-08 1.1323E-08 1.0660E-08 9.9502E-09 9.2311E-09 8.4984E-09 7.7647E-09 7.0420E-09 6.3365E-09 5.6598E-09 5.0072E-09 4.4061E-09 3.8504E-09 3.3386E-09 2.8739E-09 2.4512E-09 2.0810E-09 1.7551E-09 1.4700E-09
3.8412E-09 4.1248E-09 4.4174E-09 4.7332E-09 5.0588E-09 5.3999E-09 5.7648E-09 6.1373E-09 6.5233E-09 6.9288E-09 7.3373E-09 7.7552E-09 8.1805E-09 8.6111E-09 9.0447E-09 9.5963E-09 1.0061E-08 1.0526E-08 1.0996E-08 1.1468E-08 1.1932E-08 1.2382E-08 1.2815E-08 1.3224E-08 1.3603E-08 1.3946E-08 1.4246E-08 1.4593E-08 1.4804E-08 1.5020E-08 1.5097E-08 1.5097E-08 1.5052E-08 1.4888E-08 1.4633E-08 1.4291E-08 1.3862E-08 1.3354E-08 1.2772E-08 1.2127E-08 1.1427E-08 1.0687E-08 9.9174E-09 9.1228E-09 8.3361E-09 7.5574E-09 6.7993E-09 6.0679E-09 5.3747E-09 4.7165E-09 4.1154E-09 3.5666E-09 3.0666E-09 2.6166E-09 2.2099E-09 1.8606E-09 1.5580E-09
3.6761E-09 3.9549E-09 4.2421E-09 4.5541E-09 4.8757E-09 5.2130E-09 5.5762E-09 5.9470E-09 6.3396E-09 6.7388E-09 7.1505E-09 7.5733E-09 8.0056E-09 8.4454E-09 9.0001E-09 9.4808E-09 9.9690E-09 1.0466E-08 1.0974E-08 1.1483E-08 1.1987E-08 1.2483E-08 1.2964E-08 1.3426E-08 1.3861E-08 1.4262E-08 1.4734E-08 1.5066E-08 1.5433E-08 1.5651E-08 1.5793E-08 1.5908E-08 1.5880E-08 1.5772E-08 1.5548E-08 1.5222E-08 1.4800E-08 1.4271E-08 1.3672E-08 1.2996E-08 1.2260E-08 1.1472E-08 1.0651E-08 9.8080E-09 8.9607E-09 8.1101E-09 7.2912E-09 6.5039E-09 5.7565E-09 5.0562E-09 4.3960E-09 3.8030E-09 3.2642E-09 2.7844E-09 2.3561E-09 1.9721E-09 1.6460E-09
3.5145E-09 3.7801E-09 4.0684E-09 4.3679E-09 4.6838E-09 5.0248E-09 5.3760E-09 5.7429E-09 6.1345E-09 6.5336E-09 6.9468E-09 7.3729E-09 7.8104E-09 8.3572E-09 8.8435E-09 9.3429E-09 9.8561E-09 1.0388E-08 1.0928E-08 1.1472E-08 1.2018E-08 1.2560E-08 1.3092E-08 1.3609E-08 1.4100E-08 1.4689E-08 1.5140E-08 1.5657E-08 1.6023E-08 1.6316E-08 1.6611E-08 1.6740E-08 1.6801E-08 1.6723E-08 1.6532E-08 1.6228E-08 1.5810E-08 1.5286E-08 1.4662E-08 1.3952E-08 1.3156E-08 1.2318E-08 1.1437E-08 1.0532E-08 9.6180E-09 8.7119E-09 7.8236E-09 6.9634E-09 6.1574E-09 5.4001E-09 4.6991E-09 4.0506E-09 3.4724E-09 2.9549E-09 2.4959E-09 2.0954E-09 1.7381E-09
3.3428E-09 3.6013E-09 3.8827E-09 4.1753E-09 4.4843E-09 4.8200E-09 5.1654E-09 5.5360E-09 5.9170E-09 6.3144E-09 6.7273E-09 7.1548E-09 7.5958E-09 8.1661E-09 8.6660E-09 9.1837E-09 9.7263E-09 1.0285E-08 1.0856E-08 1.1437E-08 1.2024E-08 1.2612E-08 1.3196E-08 1.3767E-08 1.4456E-08 1.5014E-08 1.5676E-08 1.6189E-08 1.6734E-08 1.7124E-08 1.7428E-08 1.7684E-08 1.7780E-08 1.7756E-08 1.7605E-08 1.7321E-08 1.6910E-08 1.6374E-08 1.5725E-08 1.4975E-08 1.4141E-08 1.3238E-08 1.2279E-08 1.1302E-08 1.0316E-08 9.3326E-09 8.3749E-09 7.4547E-09 6.5721E-09 5.7590E-09 5.0049E-09 4.3147E-09 3.6827E-09 3.1313E-09 2.6407E-09 2.2103E-09 1.8305E-09
3.1694E-09 3.4193E-09 3.6930E-09 3.9776E-09 4.2865E-09 4.6074E-09 4.9461E-09 5.3119E-09 5.6883E-09 6.0823E-09 6.4932E-09 6.9204E-09 7.4657E-09 7.9563E-09 8.4683E-09 9.0093E-09 9.5724E-09 1.0156E-08 1.0757E-08 1.1374E-08 1.2002E-08 1.2637E-08 1.3271E-08 1.3902E-08 1.4676E-08 1.5481E-08 1.6129E-08 1.6855E-08 1.7416E-08 1.7903E-08 1.8381E-08 1.8675E-08 1.8847E-08 1.8883E-08 1.8771E-08 1.8512E-08 1.8104E-08 1.7555E-08 1.6873E-08 1.6077E-08 1.5183E-08 1.4213E-08 1.3188E-08 1.2128E-08 1.1043E-08 9.9825E-09 8.9484E-09 7.9554E-09 7.0132E-09 6.1245E-09 5.3136E-09 4.5770E-09 3.9101E-09 3.3062E-09 2.7830E-09 2.3276E-09 1.9328E-09
2.9948E-09 3.2351E-09 3.4999E-09 3.7757E-09 4.0760E-09 4.3892E-09 4.7200E-09 5.0796E-09 5.4500E-09 5.8389E-09 6.2460E-09 6.6710E-09 7.2315E-09 7.7288E-09 8.2568E-09 8.8125E-09 9.3941E-09 1.0001E-08 1.0631E-08 1.1282E-08 1.1948E-08 1.2630E-08 1.3317E-08 1.4005E-08 1.5037E-08 1.5823E-08 1.6735E-08 1.7461E-08 1.8132E-08 1.8849E-08 1.9360E-08 1.9754E-08 2.0007E-08 2.0108E-08 2.0043E-08 1.9806E-08 1.9399E-08 1.8829E-08 1.8110E-08 1.7258E-08 1.6296E-08 1.5247E-08 1.4131E-08 1.2977E-08 1.1815E-08 1.0654E-08 9.5382E-09 8.4656E-09 7.4516E-09 6.5081E-09 5.6279E-09 4.8374E-09 4.1251E-09 3.4931E-09 2.9260E-09 2.4406E-09 2.0195E-09
2.8192E-09 3.0499E-09 3.3055E-09 3.5709E-09 3.8623E-09 4.1667E-09 4.4968E-09 4.8406E-09 5.2034E-09 5.5856E-09 5.9873E-09 6.5082E-09 6.9825E-09 7.4884E-09 8.0259E-09 8.5936E-09 9.1916E-09 9.8199E-09 1.0474E-08 1.1158E-08 1.1866E-08 1.2591E-08 1.3330E-08 1.4246E-08 1.5262E-08 1.6323E-08 1.7224E-08 1.8237E-08 1.9053E-08 1.9790E-08 2.0424E-08 2.0925E-08 2.1271E-08 2.1442E-08 2.1423E-08 2.1208E-08 2.0797E-08 2.0201E-08 1.9432E-08 1.8516E-08 1.7473E-08 1.6324E-08 1.5108E-08 1.3859E-08 1.2600E-08 1.1355E-08 1.0134E-08 8.9803E-09 7.8938E-09 6.8791E-09 5.9473E-09 5.0956E-09 4.3356E-09 3.6585E-09 3.0547E-09 2.5403E-09 2.0959E-09
2.6447E-09 2.8703E-09 3.1100E-09 3.3653E-09 3.6474E-09 3.9411E-09 4.2622E-09 4.5964E-09 4.9502E-09 5.3242E-09 5.7186E-09 6.2460E-09 6.7225E-09 7.2326E-09 7.7759E-09 8.3531E-09 8.9628E-09 9.6100E-09 1.0291E-08 1.1004E-08 1.1748E-08 1.2517E-08 1.3467E-08 1.4328E-08 1.5660E-08 1.6682E-08 1.7905E-08 1.8947E-08 1.9927E-08 2.0809E-08 2.1575E-08 2.2197E-08 2.2642E-08 2.2888E-08 2.2917E-08 2.2719E-08 2.2299E-08 2.1665E-08 2.0839E-08 1.9839E-08 1.8691E-08 1.7438E-08 1.6118E-08 1.4761E-08 1.3397E-08 1.2050E-08 1.0747E-08 9.4936E-09 8.3281E-09 7.2469E-09 6.2512E-09 5.3375E-09 4.5297E-09 3.8145E-09 3.1854E-09 2.6304E-09 2.1628E-09
2.4712E-09 2.6862E-09 2.9140E-09 3.1604E-09 3.4318E-09 3.7141E-09 4.0245E-09 4.3485E-09 4.6920E-09 5.0563E-09 5.4418E-09 5.9752E-09 6.4510E-09 6.9613E-09 7.5076E-09 8.0896E-09 8.7132E-09 9.3751E-09 1.0078E-08 1.0819E-08 1.1595E-08 1.2551E-08 1.3445E-08 1.4580E-08 1.5884E-08 1.7269E-08 1.8488E-08 1.9696E-08 2.0852E-08 2.1903E-08 2.2820E-08 2.3571E-08 2.4124E-08 2.4447E-08 2.4521E-08 2.4337E-08 2.3897E-08 2.3217E-08 2.2307E-08 2.1203E-08 1.9947E-08 1.8582E-08 1.7144E-08 1.5670E-08 1.4198E-08 1.2752E-08 1.1351E-08 1.0015E-08 8.7551E-09 7.5973E-09 6.5363E-09 5.5782E-09 4.7100E-09 3.9543E-09 3.2921E-09 2.7081E-09 2.2200E-09
2.3008E-09 2.5037E-09 2.7224E-09 2.9624E-09 3.2162E-09 3.4868E-09 3.7861E-09 4.0979E-09 4.4305E-09 4.7836E-09 5.2599E-09 5.6966E-09 6.1651E-09 6.6731E-09 7.2205E-09 7.8091E-09 8.4395E-09 9.1156E-09 9.8364E-09 1.0601E-08 1.1533E-08 1.2432E-08 1.3577E-08 1.4629E-08 1.6357E-08 1.7708E-08 1.9101E-08 2.0492E-08 2.1834E-08 2.3071E-08 2.4150E-08 2.5043E-08 2.5707E-08 2.6110E-08 2.6228E-08 2.6049E-08 2.5580E-08 2.4821E-08 2.3815E-08 2.2602E-08 2.1238E-08 1.9758E-08 1.8222E-08 1.6605E-08 1.5010E-08 1.3444E-08 1.1935E-08 1.0507E-08 9.1678E-09 7.9225E-09 6.7994E-09 5.7833E-09 4.8690E-09 4.0760E-09 3.3835E-09 2.7853E-09 2.2649E-09
2.1342E-09 2.3267E-09 2.5321E-09 2.7607E-09 3.0028E-09 3.2670E-09 3.5479E-09 3.8473E-09 4.1674E-09 4.5083E-09 4.9795E-09 5.4077E-09 5.8719E-09 6.3739E-09 6.9191E-09 7.5088E-09 8.1453E-09 8.8289E-09 9.5653E-09 1.0452E-08 1.1330E-08 1.2447E-08 1.3505E-08 1.4923E-08 1.6634E-08 1.8157E-08 1.9739E-08 2.1333E-08 2.2878E-08 2.4311E-08 2.5564E-08 2.7139E-08 2.7896E-08 2.8330E-08 2.8426E-08 2.8175E-08 2.7581E-08 2.6699E-08 2.5551E-08 2.4187E-08 2.2654E-08 2.1004E-08 1.9282E-08 1.7539E-08 1.5792E-08 1.4107E-08 1.2489E-08 1.0960E-08 9.5366E-09 8.2143E-09 7.0271E-09 5.9620E-09 5.0154E-09 4.1752E-09 3.4561E-09 2.8376E-09 2.3002E-09
1.9720E-09 2.1538E-09 2.3480E-09 2.5642E-09 2.7916E-09 3.0442E-09 3.3111E-09 3.5970E-09 3.9017E-09 4.2297E-09 4.6977E-09 5.1139E-09 5.5692E-09 6.0653E-09 6.6054E-09 7.1914E-09 7.8289E-09 8.5206E-09 9.3438E-09 1.0181E-08 1.1238E-08 1.2268E-08 1.3658E-08 1.4969E-08 1.6884E-08 1.8605E-08 2.0394E-08 2.2208E-08 2.3976E-08 2.5621E-08 2.7061E-08 2.9093E-08 2.9934E-08 3.0438E-08 3.0540E-08 3.0233E-08 2.9555E-08 2.8539E-08 2.7240E-08 2.5713E-08 2.4013E-08 2.2193E-08 2.0313E-08 1.8413E-08 1.6539E-08 1.4711E-08 1.2982E-08 1.1360E-08 9.8523E-09 8.4715E-09 7.2160E-09 6.1049E-09 5.1215E-09 4.2504E-09 3.5091E-09 2.8717E-09 2.3323E-09
1.8164E-09 1.9850E-09 2.1679E-09 2.3692E-09 2.5860E-09 2.8222E-09 3.0749E-09 3.3479E-09 3.6406E-09 3.9522E-09 4.4121E-09 4.8175E-09 5.2615E-09 5.7462E-09 6.2784E-09 6.8602E-09 7.4946E-09 8.2455E-09 9.0248E-09 9.9963E-09 1.0973E-08 1.2285E-08 1.3559E-08 1.4965E-08 1.7073E-08 1.9028E-08 2.1051E-08 2.3100E-08 2.5103E-08 2.6983E-08 2.9672E-08 3.1321E-08 3.2219E-08 3.2715E-08 3.2771E-08 3.2384E-08 3.1578E-08 3.0408E-08 2.8931E-08 2.7213E-08 2.5320E-08 2.3317E-08 2.1261E-08 1.9205E-08 1.7189E-08 1.5248E-08 1.3402E-08 1.1687E-08 1.0104E-08 8.6642E-09 7.3565E-09 6.2065E-09 5.1929E-09 4.3125E-09 3.5446E-09 2.8999E-09 2.3529E-09
1.6657E-09 1.8204E-09 1.9905E-09 2.1795E-09 2.3829E-09 2.6073E-09 2.8444E-09 3.1027E-09 3.3795E-09 3.6780E-09 4.1261E-09 4.5174E-09 4.9480E-09 5.4218E-09 5.9414E-09 6.5144E-09 7.1854E-09 7.8935E-09 8.7680E-09 9.6686E-09 1.0867E-08 1.2064E-08 1.3407E-08 1.4903E-08 1.7198E-08 1.9382E-08 2.1696E-08 2.4011E-08 2.6277E-08 2.8395E-08 3.1893E-08 3.3751E-08 3.4713E-08 3.5112E-08 3.5084E-08 3.4573E-08 3.3603E-08 3.2236E-08 3.0548E-08 2.8615E-08 2.6519E-08 2.4323E-08 2.2094E-08 1.9878E-08 1.7724E-08 1.5669E-08 1.3720E-08 1.1926E-08 1.0282E-08 8.7917E-09 7.4579E-09 6.2690E-09 5.2376E-09 4.3401E-09 3.5610E-09 2.9069E-09 2.3542E-09
1.5203E-09 1.6662E-09 1.8212E-09 1.9955E-09 2.1869E-09 2.3960E-09 2.6208E-09 2.8622E-09 3.1233E-09 3.5029E-09 3.8429E-09 4.2169E-09 4.6321E-09 5.0906E-09 5.6162E-09 6.1854E-09 6.8187E-09 7.5886E-09 8.3996E-09 9.4605E-09 1.0552E-08 1.1791E-08 1.3194E-08 1.5355E-08 1.7379E-08 1.9685E-08 2.2277E-08 2.4889E-08 2.7410E-08 2.9762E-08 3.4379E-08 3.6302E-08 3.7318E-08 3.7677E-08 3.7397E-08 3.6706E-08 3.5533E-08 3.3942E-08 3.2021E-08 2.9882E-08 2.7546E-08 2.5153E-08 2.2752E-08 2.0392E-08 1.8119E-08 1.5953E-08 1.3931E-08 1.2059E-08 1.0369E-08 8.8459E-09 7.4884E-09 6.2807E-09 5.2382E-09 4.3333E-09 3.5465E-09 2.8919E-09 2.3384E-09
1.3824E-09 1.5151E-09 1.6608E-09 1.8224E-09 1.9978E-09 2.1924E-09 2.4021E-09 2.6282E-09 2.8740E-09 3.2379E-09 3.5613E-09 3.9196E-09 4.3164E-09 4.7681E-09 5.2654E-09 5.8201E-09 6.4841E-09 7.1989E-09 8.1164E-09 9.0837E-09 1.0191E-08 1.1462E-08 1.3411E-08 1.5312E-08 1.7508E-08 2.0737E-08 2.3942E-08 2.7380E-08 3.0918E-08 3.6461E-08 3.9764E-08 4.1126E-08 4.1639E-08 4.1416E-08 4.0555E-08 3.9161E-08 3.7535E-08 3.5563E-08 3.3323E-08 3.0893E-08 2.8337E-08 2.5758E-08 2.3182E-08 2.0683E-08 1.8298E-08 1.6059E-08 1.3983E-08 1.2072E-08 1.0357E-08 8.8177E-09 7.4502E-09 6.2354E-09 5.1906E-09 4.2870E-09 3.5033E-09 2.8511E-09 2.3017E-09
1.2511E-09 1.3718E-09 1.5067E-09 1.6560E-09 1.8177E-09 1.9950E-09 2.1905E-09 2.4016E-09 2.6312E-09 2.9797E-09 3.2842E-09 3.6228E-09 4.0005E-09 4.4343E-09 4.9083E-09 5.4718E-09 6.0875E-09 6.8644E-09 7.6997E-09 8.6833E-09 9.8223E-09 1.1552E-08 1.3361E-08 1.5565E-08 1.8240E-08 2.1449E-08 2.5196E-08 3.0805E-08 3.8455E-08 4.2382E-08 4.4970E-08 4.5378E-08 4.6376E-08 4.5151E-08 4.3489E-08 4.1468E-08 3.9161E-08 3.6800E-08 3.4243E-08 3.1543E-08 2.8781E-08 2.6011E-08 2.3320E-08 2.0729E-08 1.8281E-08 1.5995E-08 1.3892E-08 1.1963E-08 1.0242E-08 8.7033E-09 7.3405E-09 6.1436E-09 5.0955E-09 4.2038E-09 3.4401E-09 2.7875E-09 2.2475E-09
1.1286E-09 1.2380E-09 1.3611E-09 1.4942E-09 1.6439E-09 1.8095E-09 1.9898E-09 2.1821E-09 2.3974E-09 2.7265E-09 3.0125E-09 3.3271E-09 3.6811E-09 4.0904E-09 4.5621E-09 5.0825E-09 5.7282E-09 6.4358E-09 7.2547E-09 8.4267E-09 9.7291E-09 1.1376E-08 1.3508E-08 1.6333E-08 2.0098E-08 2.5042E-08 3.8834E-08 4.3254E-08 5.5538E-08 5.7694E-08 5.6695E-08 5.3247E-08 5.1188E-08 4.8759E-08 4.6123E-08 4.3375E-08 4.0503E-08 3.7548E-08 3.4682E-08 3.1772E-08 2.8846E-08 2.5955E-08 2.3179E-08 2.0533E-08 1.8053E-08 1.5756E-08 1.3651E-08 1.1743E-08 1.0022E-08 8.5017E-09 7.1580E-09 5.9820E-09 4.9550E-09 4.0814E-09 3.3372E-09 2.6987E-09 2.1731E-09
1.0134E-09 1.1135E-09 1.2244E-09 1.3443E-09 1.4788E-09 1.6290E-09 1.7947E-09 1.9747E-09 2.1667E-09 2.4741E-09 2.7397E-09 3.0344E-09 3.3654E-09 3.7481E-09 4.1938E-09 4.7221E-09 5.3095E-09 5.9887E-09 6.8900E-09 7.9717E-09 9.2978E-09 1.1028E-08 1.3360E-08 1.6602E-08 2.1180E-08 3.7137E-08 7.2154E-08 8.8300E-08 8.5771E-08 8.0271E-08 7.1344E-08 6.1867E-08 5.6701E-08 5.2288E-08 4.8356E-08 4.4727E-08 4.1306E-08 3.7945E-08 3.4641E-08 3.1563E-08 2.8522E-08 2.5555E-08 2.2743E-08 2.0088E-08 1.7614E-08 1.5335E-08 1.3259E-08 1.1384E-08 9.6983E-09 8.2142E-09 6.9082E-09 5.7663E-09 4.7684E-09 3.9250E-09 3.2046E-09 2.5878E-09 2.0832E-09
9.0573E-10 9.9633E-10 1.0950E-09 1.2014E-09 1.3202E-09 1.4545E-09 1.6052E-09 1.7696E-09 1.9449E-09 2.1364E-09 2.4752E-09 2.7473E-09 3.0537E-09 3.4114E-09 3.8482E-09 4.3280E-09 4.8839E-09 5.5966E-09 6.4042E-09 7.5441E-09 9.0226E-09 1.1203E-08 1.4669E-08 2.0477E-08 3.0300E-08 1.3376E-07 1.6654E-07 1.4836E-07 1.2548E-07 1.0628E-07 8.7174E-08 7.0434E-08 6.1579E-08 5.5088E-08 4.9817E-08 4.5353E-08 4.1416E-08 3.7741E-08 3.4226E-08 3.0879E-08 2.7791E-08 2.4825E-08 2.2011E-08 1.9390E-08 1.6963E-08 1.4740E-08 1.2722E-08 1.0907E-08 9.2767E-09 7.8496E-09 6.5934E-09 5.4980E-09 4.5428E-09 3.7348E-09 3.0481E-09 2.4590E-09 1.9763E-09
8.0466E-10 8.8272E-10 9.6901E-10 1.0657E-09 1.1750E-09 1.2907E-09 1.4242E-09 1.5717E-09 1.7327E-09 1.9073E-09 2.2223E-09 2.4711E-09 2.7526E-09 3.0845E-09 3.4924E-09 3.9374E-09 4.4937E-09 5.1334E-09 5.9676E-09 7.1627E-09 9.0461E-09 1.2615E-08 2.0143E-08 3.6595E-08 2.9292E-07 3.9458E-07 3.3230E-07 2.3849E-07 1.7223E-07 1.3142E-07 1.0115E-07 7.7734E-08 6.5264E-08 5.6483E-08 5.0104E-08 4.5021E-08 4.0697E-08 3.6824E-08 3.3220E-08 2.9811E-08 2.6647E-08 2.3737E-08 2.0993E-08 1.8456E-08 1.6117E-08 1.3984E-08 1.2054E-08 1.0322E-08 8.7697E-09 7.4142E-09 6.2228E-09 5.1868E-09 4.2806E-09 3.5184E-09 2.8682E-09 2.3116E-09 1.8580E-09
7.1010E-10 7.7997E-10 8.5521E-10 9.4006E-10 1.0336E-09 1.1385E-09 1.2553E-09 1.3862E-09 1.5299E-09 1.6892E-09 1.9808E-09 2.2100E-09 2.4662E-09 2.7597E-09 3.1459E-09 3.5772E-09 4.0755E-09 4.6690E-09 5.4917E-09 6.6320E-09 8.5579E-09 1.2414E-08 2.1072E-08 4.1781E-08 6.9685E-07 9.2487E-07 5.7580E-07 3.2114E-07 2.0359E-07 1.4444E-07 1.0663E-07 8.0158E-08 6.5981E-08 5.5963E-08 4.8852E-08 4.3494E-08 3.9055E-08 3.5167E-08 3.1599E-08 2.8274E-08 2.5182E-08 2.2335E-08 1.9719E-08 1.7312E-08 1.5101E-08 1.3090E-08 1.1273E-08 9.6468E-09 8.1915E-09 6.9213E-09 5.8081E-09 4.8376E-09 3.9915E-09 3.2781E-09 2.6708E-09 2.1526E-09 1.7242E-09
6.2458E-10 6.8690E-10 7.5217E-10 8.2543E-10 9.0647E-10 9.9689E-10 1.1004E-09 1.2174E-09 1.3453E-09 1.4843E-09 1.7508E-09 1.9611E-09 2.1983E-09 2.4642E-09 2.8138E-09 3.2091E-09 3.6686E-09 4.2187E-09 4.9815E-09 6.0409E-09 7.8379E-09 1.1437E-08 1.9456E-08 2.9991E-07 1.2481E-06 1.4006E-06 6.3246E-07 3.2067E-07 1.9492E-07 1.3617E-07 1.0052E-07 7.5255E-08 6.2609E-08 5.3196E-08 4.6098E-08 4.0783E-08 3.6516E-08 3.2803E-08 2.9422E-08 2.6283E-08 2.3384E-08 2.0697E-08 1.8233E-08 1.5998E-08 1.3947E-08 1.2085E-08 1.0405E-08 8.9039E-09 7.5576E-09 6.3865E-09 5.3573E-09 4.4629E-09 3.6799E-09 3.0212E-09 2.4619E-09 1.9782E-09 1.5838E-09
