Assets/Resources/2015_m01_d18_0500(utc+0800)_l00_csi_1hr_conc.grd
DSAA
         159         159
     -79.000      79.000
     -79.000      79.000
  0.2008E-11  0.3826E-05
[rows 50 to 74 of 159, columns 57 to 113 of 159]
2.5932E-09 2.6676E-09 2.7424E-09 2.8170E-09 2.8910E-09 2.9653E-09 3.0381E-09 3.1111E-09 3.1826E-09 3.2534E-09 3.3234E-09 3.3918E-09 3.4593E-09 3.5246E-09 3.5895E-09 3.6519E-09 3.7129E-09 3.7719E-09 3.8294E-09 3.8848E-09 3.9377E-09 3.9893E-09 4.0379E-09 4.0850E-09 4.1299E-09 4.1724E-09 4.2122E-09 4.2496E-09 4.2845E-09 4.3174E-09 4.3477E-09 4.3748E-09 4.4000E-09 4.4224E-09 4.4426E-09 4.4594E-09 4.4744E-09 4.4866E-09 4.4961E-09 4.5031E-09 4.5076E-09 4.5096E-09 4.5089E-09 4.5064E-09 4.5008E-09 4.4931E-09 4.4832E-09 4.4706E-09 4.4562E-09 4.4392E-09 4.4208E-09 4.3996E-09 4.3761E-09 4.3513E-09 4.3235E-09 4.2953E-09 4.2642E-09
2.6384E-09 2.7145E-09 2.7902E-09 2.8662E-09 2.9419E-09 3.0168E-09 3.0917E-09 3.1651E-09 3.2383E-09 3.3105E-09 3.3812E-09 3.4510E-09 3.5191E-09 3.5862E-09 3.6515E-09 3.7156E-09 3.7775E-09 3.8379E-09 3.8959E-09 3.9524E-09 4.0070E-09 4.0588E-09 4.1091E-09 4.1564E-09 4.2029E-09 4.2460E-09 4.2868E-09 4.3250E-09 4.3612E-09 4.3949E-09 4.4253E-09 4.4539E-09 4.4796E-09 4.5030E-09 4.5231E-09 4.5414E-09 4.5568E-09 4.5694E-09 4.5797E-09 4.5872E-09 4.5923E-09 4.5949E-09 4.5950E-09 4.5927E-09 4.5879E-09 4.5804E-09 4.5709E-09 4.5592E-09 4.5447E-09 4.5289E-09 4.5095E-09 4.4889E-09 4.4658E-09 4.4410E-09 4.4145E-09 4.3850E-09 4.3550E-09
2.6829E-09 2.7601E-09 2.8375E-09 2.9146E-09 2.9914E-09 3.0679E-09 3.1434E-09 3.2186E-09 3.2926E-09 3.3660E-09 3.4381E-09 3.5087E-09 3.5784E-09 3.6464E-09 3.7132E-09 3.7777E-09 3.8412E-09 3.9022E-09 3.9617E-09 4.0194E-09 4.0743E-09 4.1278E-09 4.1783E-09 4.2281E-09 4.2745E-09 4.3186E-09 4.3602E-09 4.3997E-09 4.4368E-09 4.4706E-09 4.5025E-09 4.5316E-09 4.5584E-09 4.5819E-09 4.6039E-09 4.6222E-09 4.6386E-09 4.6517E-09 4.6628E-09 4.6712E-09 4.6769E-09 4.6797E-09 4.6808E-09 4.6787E-09 4.6741E-09 4.6679E-09 4.6585E-09 4.6476E-09 4.6336E-09 4.6173E-09 4.5993E-09 4.5785E-09 4.5568E-09 4.5315E-09 4.5052E-09 4.4763E-09 4.4450E-09
2.7262E-09 2.8051E-09 2.8832E-09 2.9619E-09 3.0401E-09 3.1174E-09 3.1946E-09 3.2704E-09 3.3462E-09 3.4205E-09 3.4935E-09 3.5654E-09 3.6362E-09 3.7053E-09 3.7727E-09 3.8393E-09 3.9032E-09 3.9656E-09 4.0259E-09 4.0844E-09 4.1410E-09 4.1948E-09 4.2474E-09 4.2967E-09 4.3449E-09 4.3898E-09 4.4328E-09 4.4732E-09 4.5105E-09 4.5458E-09 4.5784E-09 4.6090E-09 4.6355E-09 4.6610E-09 4.6827E-09 4.7024E-09 4.7189E-09 4.7334E-09 4.7451E-09 4.7540E-09 4.7606E-09 4.7644E-09 4.7658E-09 4.7642E-09 4.7612E-09 4.7547E-09 4.7463E-09 4.7351E-09 4.7221E-09 4.7062E-09 4.6892E-09 4.6690E-09 4.6461E-09 4.6227E-09 4.5957E-09 4.5681E-09 4.5371E-09
2.7689E-09 2.8484E-09 2.9286E-09 3.0076E-09 3.0873E-09 3.1660E-09 3.2439E-09 3.3217E-09 3.3977E-09 3.4734E-09 3.5477E-09 3.6210E-09 3.6926E-09 3.7627E-09 3.8316E-09 3.8983E-09 3.9641E-09 4.0273E-09 4.0888E-09 4.1486E-09 4.2055E-09 4.2614E-09 4.3139E-09 4.3655E-09 4.4138E-09 4.4601E-09 4.5036E-09 4.5447E-09 4.5835E-09 4.6195E-09 4.6533E-09 4.6837E-09 4.7126E-09 4.7378E-09 4.7610E-09 4.7810E-09 4.7989E-09 4.8140E-09 4.8267E-09 4.8362E-09 4.8437E-09 4.8480E-09 4.8501E-09 4.8498E-09 4.8464E-09 4.8416E-09 4.8330E-09 4.8233E-09 4.8099E-09 4.7961E-09 4.7782E-09 4.7591E-09 4.7372E-09 4.7137E-09 4.6875E-09 4.6589E-09 4.6293E-09
2.8100E-09 2.8912E-09 2.9719E-09 3.0530E-09 3.1329E-09 3.2130E-09 3.2925E-09 3.3707E-09 3.4485E-09 3.5246E-09 3.6007E-09 3.6747E-09 3.7474E-09 3.8185E-09 3.8884E-09 3.9570E-09 4.0227E-09 4.0877E-09 4.1501E-09 4.2106E-09 4.2696E-09 4.3254E-09 4.3798E-09 4.4311E-09 4.4817E-09 4.5286E-09 4.5731E-09 4.6154E-09 4.6549E-09 4.6922E-09 4.7262E-09 4.7586E-09 4.7874E-09 4.8141E-09 4.8379E-09 4.8594E-09 4.8776E-09 4.8939E-09 4.9068E-09 4.9177E-09 4.9254E-09 4.9313E-09 4.9339E-09 4.9346E-09 4.9321E-09 4.9271E-09 4.9201E-09 4.9101E-09 4.8990E-09 4.8840E-09 4.8682E-09 4.8486E-09 4.8283E-09 4.8043E-09 4.7793E-09 4.7519E-09 4.7222E-09
2.8497E-09 2.9322E-09 3.0145E-09 3.0961E-09 3.1778E-09 3.2583E-09 3.3391E-09 3.4187E-09 3.4971E-09 3.5749E-09 3.6513E-09 3.7269E-09 3.8006E-09 3.8731E-09 3.9441E-09 4.0128E-09 4.0809E-09 4.1458E-09 4.2098E-09 4.2716E-09 4.3310E-09 4.3887E-09 4.4433E-09 4.4972E-09 4.5475E-09 4.5955E-09 4.6409E-09 4.6843E-09 4.7252E-09 4.7627E-09 4.7987E-09 4.8310E-09 4.8614E-09 4.8888E-09 4.9139E-09 4.9357E-09 4.9555E-09 4.9719E-09 4.9864E-09 4.9976E-09 5.0070E-09 5.0130E-09 5.0172E-09 5.0180E-09 5.0167E-09 5.0125E-09 5.0069E-09 4.9978E-09 4.9870E-09 4.9731E-09 4.9565E-09 4.9391E-09 4.9180E-09 4.8965E-09 4.8710E-09 4.8445E-09 4.8156E-09
2.8889E-09 2.9717E-09 3.0553E-09 3.1382E-09 3.2205E-09 3.3030E-09 3.3842E-09 3.4649E-09 3.5446E-09 3.6234E-09 3.7008E-09 3.7771E-09 3.8525E-09 3.9256E-09 3.9975E-09 4.0680E-09 4.1360E-09 4.2032E-09 4.2676E-09 4.3306E-09 4.3915E-09 4.4493E-09 4.5062E-09 4.5595E-09 4.6117E-09 4.6606E-09 4.7076E-09 4.7519E-09 4.7930E-09 4.8323E-09 4.8686E-09 4.9026E-09 4.9333E-09 4.9624E-09 4.9878E-09 5.0113E-09 5.0314E-09 5.0495E-09 5.0642E-09 5.0772E-09 5.0867E-09 5.0944E-09 5.0988E-09 5.1010E-09 5.1002E-09 5.0979E-09 5.0921E-09 5.0846E-09 5.0739E-09 5.0615E-09 5.0462E-09 5.0291E-09 5.0095E-09 4.9874E-09 4.9640E-09 4.9372E-09 4.9092E-09
2.9259E-09 3.0106E-09 3.0944E-09 3.1786E-09 3.2624E-09 3.3453E-09 3.4280E-09 3.5093E-09 3.5905E-09 3.6701E-09 3.7485E-09 3.8260E-09 3.9021E-09 3.9767E-09 4.0494E-09 4.1206E-09 4.1904E-09 4.2575E-09 4.3242E-09 4.3878E-09 4.4493E-09 4.5094E-09 4.5661E-09 4.6216E-09 4.6732E-09 4.7245E-09 4.7720E-09 4.8170E-09 4.8599E-09 4.8999E-09 4.9375E-09 4.9719E-09 5.0043E-09 5.0338E-09 5.0610E-09 5.0848E-09 5.1066E-09 5.1250E-09 5.1416E-09 5.1548E-09 5.1662E-09 5.1741E-09 5.1799E-09 5.1826E-09 5.1838E-09 5.1815E-09 5.1774E-09 5.1701E-09 5.1610E-09 5.1489E-09 5.1351E-09 5.1187E-09 5.1002E-09 5.0793E-09 5.0564E-09 5.0311E-09 5.0034E-09
2.9621E-09 3.0471E-09 3.1326E-09 3.2171E-09 3.3022E-09 3.3863E-09 3.4694E-09 3.5523E-09 3.6344E-09 3.7150E-09 3.7943E-09 3.8728E-09 3.9503E-09 4.0251E-09 4.0995E-09 4.1716E-09 4.2421E-09 4.3118E-09 4.3776E-09 4.4430E-09 4.5055E-09 4.5663E-09 4.6252E-09 4.6803E-09 4.7349E-09 4.7860E-09 4.8346E-09 4.8807E-09 4.9247E-09 4.9656E-09 5.0041E-09 5.0401E-09 5.0734E-09 5.1043E-09 5.1318E-09 5.1574E-09 5.1796E-09 5.2000E-09 5.2169E-09 5.2319E-09 5.2436E-09 5.2530E-09 5.2594E-09 5.2647E-09 5.2655E-09 5.2654E-09 5.2612E-09 5.2560E-09 5.2469E-09 5.2372E-09 5.2234E-09 5.2090E-09 5.1905E-09 5.1708E-09 5.1486E-09 5.1239E-09 5.0973E-09
2.9962E-09 3.0825E-09 3.1685E-09 3.2549E-09 3.3400E-09 3.4253E-09 3.5098E-09 3.5934E-09 3.6760E-09 3.7579E-09 3.8386E-09 3.9176E-09 3.9956E-09 4.0728E-09 4.1471E-09 4.2208E-09 4.2924E-09 4.3621E-09 4.4306E-09 4.4954E-09 4.5602E-09 4.6216E-09 4.6808E-09 4.7384E-09 4.7926E-09 4.8455E-09 4.8952E-09 4.9428E-09 4.9874E-09 5.0295E-09 5.0690E-09 5.1064E-09 5.1406E-09 5.1723E-09 5.2017E-09 5.2277E-09 5.2518E-09 5.2726E-09 5.2914E-09 5.3068E-09 5.3201E-09 5.3302E-09 5.3392E-09 5.3438E-09 5.3473E-09 5.3468E-09 5.3452E-09 5.3397E-09 5.3336E-09 5.3232E-09 5.3122E-09 5.2972E-09 5.2815E-09 5.2619E-09 5.2412E-09 5.2170E-09 5.1925E-09
3.0285E-09 3.1160E-09 3.2030E-09 3.2900E-09 3.3767E-09 3.4624E-09 3.5481E-09 3.6325E-09 3.7160E-09 3.7988E-09 3.8804E-09 3.9608E-09 4.0390E-09 4.1170E-09 4.1936E-09 4.2672E-09 4.3405E-09 4.4115E-09 4.4798E-09 4.5477E-09 4.6115E-09 4.6748E-09 4.7354E-09 4.7934E-09 4.8493E-09 4.9022E-09 4.9537E-09 5.0020E-09 5.0482E-09 5.0913E-09 5.1320E-09 5.1705E-09 5.2060E-09 5.2392E-09 5.2690E-09 5.2971E-09 5.3216E-09 5.3443E-09 5.3636E-09 5.3807E-09 5.3946E-09 5.4075E-09 5.4159E-09 5.4232E-09 5.4264E-09 5.4286E-09 5.4268E-09 5.4244E-09 5.4182E-09 5.4103E-09 5.3994E-09 5.3867E-09 5.3705E-09 5.3533E-09 5.3337E-09 5.3120E-09 5.2869E-09
3.0596E-09 3.1475E-09 3.2359E-09 3.3234E-09 3.4108E-09 3.4978E-09 3.5841E-09 3.6696E-09 3.7539E-09 3.8376E-09 3.9206E-09 4.0012E-09 4.0815E-09 4.1598E-09 4.2366E-09 4.3129E-09 4.3855E-09 4.4580E-09 4.5280E-09 4.5958E-09 4.6622E-09 4.7253E-09 4.7874E-09 4.8464E-09 4.9031E-09 4.9578E-09 5.0097E-09 5.0595E-09 5.1064E-09 5.1512E-09 5.1930E-09 5.2323E-09 5.2693E-09 5.3034E-09 5.3348E-09 5.3638E-09 5.3904E-09 5.4136E-09 5.4345E-09 5.4524E-09 5.4692E-09 5.4815E-09 5.4927E-09 5.4998E-09 5.5058E-09 5.5084E-09 5.5092E-09 5.5073E-09 5.5027E-09 5.4959E-09 5.4865E-09 5.4745E-09 5.4603E-09 5.4449E-09 5.4262E-09 5.4062E-09 5.3831E-09
3.0887E-09 3.1778E-09 3.2664E-09 3.3552E-09 3.4434E-09 3.5312E-09 3.6181E-09 3.7044E-09 3.7902E-09 3.8743E-09 3.9577E-09 4.0405E-09 4.1207E-09 4.2005E-09 4.2781E-09 4.3546E-09 4.4299E-09 4.5017E-09 4.5736E-09 4.6427E-09 4.7090E-09 4.7743E-09 4.8368E-09 4.8972E-09 4.9553E-09 5.0108E-09 5.0642E-09 5.1147E-09 5.1632E-09 5.2085E-09 5.2519E-09 5.2923E-09 5.3307E-09 5.3655E-09 5.3988E-09 5.4293E-09 5.4565E-09 5.4814E-09 5.5032E-09 5.5239E-09 5.5402E-09 5.5553E-09 5.5664E-09 5.5764E-09 5.5829E-09 5.5877E-09 5.5897E-09 5.5889E-09 5.5860E-09 5.5804E-09 5.5722E-09 5.5618E-09 5.5501E-09 5.5351E-09 5.5188E-09 5.4993E-09 5.4781E-09
3.1157E-09 3.2059E-09 3.2957E-09 3.3846E-09 3.4737E-09 3.5625E-09 3.6502E-09 3.7371E-09 3.8239E-09 3.9092E-09 3.9928E-09 4.0763E-09 4.1586E-09 4.2383E-09 4.3178E-09 4.3949E-09 4.4703E-09 4.5450E-09 4.6159E-09 4.6865E-09 4.7546E-09 4.8202E-09 4.8840E-09 4.9456E-09 5.0049E-09 5.0614E-09 5.1156E-09 5.1676E-09 5.2170E-09 5.2641E-09 5.3084E-09 5.3502E-09 5.3893E-09 5.4265E-09 5.4604E-09 5.4920E-09 5.5209E-09 5.5468E-09 5.5711E-09 5.5918E-09 5.6109E-09 5.6260E-09 5.6400E-09 5.6506E-09 5.6593E-09 5.6653E-09 5.6686E-09 5.6696E-09 5.6680E-09 5.6637E-09 5.6572E-09 5.6495E-09 5.6383E-09 5.6259E-09 5.6102E-09 5.5927E-09 5.5725E-09
3.1417E-09 3.2317E-09 3.3223E-09 3.4125E-09 3.5022E-09 3.5913E-09 3.6801E-09 3.7681E-09 3.8549E-09 3.9412E-09 4.0268E-09 4.1099E-09 4.1929E-09 4.2751E-09 4.3539E-09 4.4327E-09 4.5091E-09 4.5840E-09 4.6575E-09 4.7278E-09 4.7973E-09 4.8640E-09 4.9284E-09 4.9915E-09 5.0515E-09 5.1095E-09 5.1648E-09 5.2177E-09 5.2686E-09 5.3167E-09 5.3626E-09 5.4053E-09 5.4462E-09 5.4842E-09 5.5201E-09 5.5525E-09 5.5828E-09 5.6112E-09 5.6359E-09 5.6587E-09 5.6783E-09 5.6964E-09 5.7104E-09 5.7238E-09 5.7339E-09 5.7413E-09 5.7464E-09 5.7488E-09 5.7486E-09 5.7461E-09 5.7431E-09 5.7352E-09 5.7275E-09 5.7151E-09 5.7022E-09 5.6853E-09 5.6678E-09
3.1649E-09 3.2563E-09 3.3468E-09 3.4377E-09 3.5285E-09 3.6182E-09 3.7073E-09 3.7965E-09 3.8844E-09 3.9707E-09 4.0572E-09 4.1423E-09 4.2251E-09 4.3079E-09 4.3892E-09 4.4673E-09 4.5457E-09 4.6216E-09 4.6948E-09 4.7673E-09 4.8371E-09 4.9051E-09 4.9710E-09 5.0344E-09 5.0959E-09 5.1547E-09 5.2116E-09 5.2657E-09 5.3175E-09 5.3671E-09 5.4140E-09 5.4588E-09 5.5003E-09 5.5401E-09 5.5765E-09 5.6112E-09 5.6435E-09 5.6723E-09 5.6992E-09 5.7229E-09 5.7451E-09 5.7633E-09 5.7808E-09 5.7946E-09 5.8066E-09 5.8158E-09 5.8224E-09 5.8264E-09 5.8280E-09 5.8291E-09 5.8266E-09 5.8218E-09 5.8147E-09 5.8048E-09 5.7930E-09 5.7785E-09 5.7621E-09
3.1862E-09 3.2781E-09 3.3699E-09 3.4612E-09 3.5521E-09 3.6430E-09 3.7332E-09 3.8222E-09 3.9110E-09 3.9991E-09 4.0851E-09 4.1712E-09 4.2562E-09 4.3381E-09 4.4203E-09 4.5009E-09 4.5786E-09 4.6558E-09 4.7308E-09 4.8035E-09 4.8746E-09 4.9433E-09 5.0103E-09 5.0751E-09 5.1374E-09 5.1976E-09 5.2554E-09 5.3111E-09 5.3641E-09 5.4151E-09 5.4627E-09 5.5090E-09 5.5526E-09 5.5930E-09 5.6317E-09 5.6666E-09 5.7009E-09 5.7319E-09 5.7597E-09 5.7856E-09 5.8084E-09 5.8300E-09 5.8474E-09 5.8642E-09 5.8776E-09 5.8885E-09 5.8966E-09 5.9025E-09 5.9079E-09 5.9096E-09 5.9091E-09 5.9062E-09 5.9005E-09 5.8929E-09 5.8826E-09 5.8704E-09 5.8572E-09
3.2060E-09 3.2978E-09 3.3902E-09 3.4825E-09 3.5740E-09 3.6650E-09 3.7562E-09 3.8463E-09 3.9350E-09 4.0240E-09 4.1118E-09 4.1973E-09 4.2831E-09 4.3675E-09 4.4488E-09 4.5307E-09 4.6101E-09 4.6870E-09 4.7633E-09 4.8373E-09 4.9091E-09 4.9791E-09 5.0472E-09 5.1131E-09 5.1763E-09 5.2375E-09 5.2968E-09 5.3534E-09 5.4080E-09 5.4595E-09 5.5098E-09 5.5568E-09 5.6016E-09 5.6438E-09 5.6831E-09 5.7214E-09 5.7554E-09 5.7884E-09 5.8184E-09 5.8454E-09 5.8712E-09 5.8928E-09 5.9137E-09 5.9310E-09 5.9466E-09 5.9590E-09 5.9692E-09 5.9782E-09 5.9849E-09 5.9887E-09 5.9901E-09 5.9888E-09 5.9856E-09 5.9796E-09 5.9718E-09 5.9629E-09 5.9507E-09
3.2231E-09 3.3161E-09 3.4087E-09 3.5011E-09 3.5936E-09 3.6855E-09 3.7765E-09 3.8675E-09 3.9578E-09 4.0462E-09 4.1349E-09 4.2226E-09 4.3074E-09 4.3926E-09 4.4764E-09 4.5574E-09 4.6380E-09 4.7166E-09 4.7930E-09 4.8680E-09 4.9411E-09 5.0122E-09 5.0808E-09 5.1478E-09 5.2127E-09 5.2750E-09 5.3350E-09 5.3932E-09 5.4488E-09 5.5024E-09 5.5532E-09 5.6022E-09 5.6478E-09 5.6915E-09 5.7334E-09 5.7718E-09 5.8088E-09 5.8419E-09 5.8741E-09 5.9033E-09 5.9299E-09 5.9551E-09 5.9761E-09 5.9965E-09 6.0132E-09 6.0278E-09 6.0411E-09 6.0522E-09 6.0604E-09 6.0662E-09 6.0693E-09 6.0705E-09 6.0690E-09 6.0656E-09 6.0612E-09 6.0535E-09 6.0441E-09
3.2381E-09 3.3315E-09 3.4251E-09 3.5179E-09 3.6104E-09 3.7034E-09 3.7953E-09 3.8859E-09 3.9771E-09 4.0672E-09 4.1552E-09 4.2436E-09 4.3308E-09 4.4154E-09 4.5000E-09 4.5826E-09 4.6629E-09 4.7427E-09 4.8204E-09 4.8959E-09 4.9699E-09 5.0420E-09 5.1121E-09 5.1797E-09 5.2458E-09 5.3096E-09 5.3708E-09 5.4298E-09 5.4866E-09 5.5416E-09 5.5943E-09 5.6438E-09 5.6917E-09 5.7364E-09 5.7799E-09 5.8205E-09 5.8581E-09 5.8943E-09 5.9277E-09 5.9585E-09 5.9872E-09 6.0132E-09 6.0378E-09 6.0584E-09 6.0779E-09 6.0955E-09 6.1099E-09 6.1230E-09 6.1340E-09 6.1415E-09 6.1473E-09 6.1503E-09 6.1515E-09 6.1517E-09 6.1485E-09 6.1437E-09 6.1376E-09
3.2514E-09 3.3447E-09 3.4387E-09 3.5324E-09 3.6253E-09 3.7183E-09 3.8110E-09 3.9028E-09 3.9937E-09 4.0846E-09 4.1743E-09 4.2624E-09 4.3498E-09 4.4364E-09 4.5208E-09 4.6042E-09 4.6861E-09 4.7659E-09 4.8445E-09 4.9213E-09 4.9963E-09 5.0693E-09 5.1400E-09 5.2091E-09 5.2762E-09 5.3409E-09 5.4036E-09 5.4636E-09 5.5221E-09 5.5783E-09 5.6320E-09 5.6833E-09 5.7319E-09 5.7796E-09 5.8236E-09 5.8658E-09 5.9057E-09 5.9426E-09 5.9785E-09 6.0113E-09 6.0416E-09 6.0698E-09 6.0954E-09 6.1192E-09 6.1413E-09 6.1600E-09 6.1776E-09 6.1919E-09 6.2051E-09 6.2155E-09 6.2230E-09 6.2289E-09 6.2337E-09 6.2367E-09 6.2351E-09 6.2338E-09 6.2279E-09
3.2623E-09 3.3564E-09 3.4505E-09 3.5441E-09 3.6384E-09 3.7318E-09 3.8240E-09 3.9170E-09 4.0090E-09 4.0991E-09 4.1898E-09 4.2790E-09 4.3666E-09 4.4538E-09 4.5393E-09 4.6231E-09 4.7057E-09 4.7867E-09 4.8661E-09 4.9438E-09 5.0193E-09 5.0933E-09 5.1653E-09 5.2352E-09 5.3033E-09 5.3694E-09 5.4331E-09 5.4946E-09 5.5541E-09 5.6121E-09 5.6666E-09 5.7194E-09 5.7705E-09 5.8183E-09 5.8649E-09 5.9088E-09 5.9497E-09 5.9890E-09 6.0257E-09 6.0612E-09 6.0936E-09 6.1235E-09 6.1516E-09 6.1775E-09 6.2012E-09 6.2232E-09 6.2420E-09 6.2592E-09 6.2747E-09 6.2869E-09 6.2974E-09 6.3069E-09 6.3146E-09 6.3178E-09 6.3213E-09 6.3202E-09 6.3197E-09
3.2708E-09 3.3654E-09 3.4598E-09 3.5539E-09 3.6481E-09 3.7422E-09 3.8354E-09 3.9280E-09 4.0207E-09 4.1124E-09 4.2026E-09 4.2924E-09 4.3811E-09 4.4685E-09 4.5546E-09 4.6394E-09 4.7224E-09 4.8042E-09 4.8844E-09 4.9629E-09 5.0396E-09 5.1142E-09 5.1873E-09 5.2585E-09 5.3274E-09 5.3946E-09 5.4594E-09 5.5227E-09 5.5833E-09 5.6419E-09 5.6987E-09 5.7524E-09 5.8051E-09 5.8551E-09 5.9022E-09 5.9482E-09 5.9914E-09 6.0322E-09 6.0718E-09 6.1074E-09 6.1426E-09 6.1743E-09 6.2039E-09 6.2332E-09 6.2591E-09 6.2829E-09 6.3046E-09 6.3235E-09 6.3415E-09 6.3566E-09 6.3708E-09 6.3819E-09 6.3914E-09 6.3997E-09 6.4035E-09 6.4080E-09 6.4083E-09
3.2778E-09 3.3720E-09 3.4668E-09 3.5619E-09 3.6559E-09 3.7499E-09 3.8442E-09 3.9373E-09 4.0295E-09 4.1220E-09 4.2133E-09 4.3031E-09 4.3923E-09 4.4803E-09 4.5671E-09 4.6525E-09 4.7366E-09 4.8191E-09 4.8997E-09 4.9790E-09 5.0566E-09 5.1324E-09 5.2065E-09 5.2784E-09 5.3487E-09 5.4167E-09 5.4826E-09 5.5471E-09 5.6095E-09 5.6689E-09 5.7268E-09 5.7834E-09 5.8361E-09 5.8881E-09 5.9379E-09 5.9840E-09 6.0298E-09 6.0727E-09 6.1132E-09 6.1524E-09 6.1878E-09 6.2223E-09 6.2552E-09 6.2861E-09 6.3144E-09 6.3405E-09 6.3640E-09 6.3859E-09 6.4052E-09 6.4252E-09 6.4410E-09 6.4553E-09 6.4685E-09 6.4773E-09 6.4866E-09 6.4922E-09 6.4984E-09
