Assets/Resources/2015_m01_d04_0900(utc+0800)_l00_csi_1hr_conc.grd
DSAA
         159         159
     -79.000      79.000
     -79.000      79.000
  0.5494E-10  0.1430E-04
[rows 50 to 74 of 159, columns 0 to 56 of 159]
8.2565E-11 8.3757E-11 8.4957E-11 8.6165E-11 8.7382E-11 8.8608E-11 8.9842E-11 9.1084E-11 9.2333E-11 9.3591E-11 9.4856E-11 9.6129E-11 9.7409E-11 9.8697E-11 9.9991E-11 1.0129E-10 1.0405E-10 1.0660E-10 1.1088E-10 1.1444E-10 1.1917E-10 1.2485E-10 1.3059E-10 1.3868E-10 1.4410E-10 1.5151E-10 1.6158E-10 2.1220E-10 2.3993E-10 2.5781E-10 3.2495E-10 3.7003E-10 4.3935E-10 5.0237E-10 5.6997E-10 6.7923E-10 7.8432E-10 9.0147E-10 1.0401E-09 1.1722E-09 1.3216E-09 1.5048E-09 1.6755E-09 1.8466E-09 2.0066E-09 2.2431E-09 2.4507E-09 2.6731E-09 2.9119E-09 3.1691E-09 3.4222E-09 3.6763E-09 3.9480E-09 4.2373E-09 4.5299E-09 4.8523E-09 5.1934E-09
8.3036E-11 8.4234E-11 8.5441E-11 8.6657E-11 8.7881E-11 8.9113E-11 9.0354E-11 9.1603E-11 9.2860E-11 9.4125E-11 9.5398E-11 9.6678E-11 9.7966E-11 9.9260E-11 1.0056E-10 1.0256E-10 1.0497E-10 1.0753E-10 1.1191E-10 1.1550E-10 1.2180E-10 1.2665E-10 1.3248E-10 1.4143E-10 1.4707E-10 1.5562E-10 1.6508E-10 2.1606E-10 2.4520E-10 2.9758E-10 3.3220E-10 3.7897E-10 4.6729E-10 5.2942E-10 5.9561E-10 7.1399E-10 8.0648E-10 9.7371E-10 1.0943E-09 1.2324E-09 1.4055E-09 1.5514E-09 1.7488E-09 1.9120E-09 2.1095E-09 2.3490E-09 2.5492E-09 2.7799E-09 3.0438E-09 3.3027E-09 3.5505E-09 3.8153E-09 4.1026E-09 4.3931E-09 4.7086E-09 5.0490E-09 5.3956E-09
8.3501E-11 8.4706E-11 8.5920E-11 8.7142E-11 8.8373E-11 8.9613E-11 9.0861E-11 9.2117E-11 9.3381E-11 9.4653E-11 9.5933E-11 9.7221E-11 9.8515E-11 9.9818E-11 1.0113E-10 1.0345E-10 1.0639E-10 1.0965E-10 1.1363E-10 1.1851E-10 1.2367E-10 1.2812E-10 1.3382E-10 1.4338E-10 1.5071E-10 1.6050E-10 1.9451E-10 2.2033E-10 2.5029E-10 3.2067E-10 3.6490E-10 3.9535E-10 4.7946E-10 5.4338E-10 6.6289E-10 7.5110E-10 8.6493E-10 1.0268E-09 1.1414E-09 1.2973E-09 1.4711E-09 1.6445E-09 1.8175E-09 1.9875E-09 2.1915E-09 2.4322E-09 2.6310E-09 2.8973E-09 3.1490E-09 3.4132E-09 3.6762E-09 3.9576E-09 4.2492E-09 4.5552E-09 4.8915E-09 5.3005E-09 5.7390E-09
8.3960E-11 8.5172E-11 8.6393E-11 8.7622E-11 8.8860E-11 9.0107E-11 9.1362E-11 9.2625E-11 9.3896E-11 9.5175E-11 9.6462E-11 9.7757E-11 9.9059E-11 1.0037E-10 1.0168E-10 1.0475E-10 1.0701E-10 1.1130E-10 1.1435E-10 1.1960E-10 1.2513E-10 1.2992E-10 1.3729E-10 1.4573E-10 1.5286E-10 1.6356E-10 2.1162E-10 2.2580E-10 2.5569E-10 3.2777E-10 3.7387E-10 4.4427E-10 5.0426E-10 5.7068E-10 6.9525E-10 7.9457E-10 9.0655E-10 1.0551E-09 1.1732E-09 1.3667E-09 1.5289E-09 1.7033E-09 1.8804E-09 2.0448E-09 2.3123E-09 2.5146E-09 2.7549E-09 3.0100E-09 3.2634E-09 3.5246E-09 3.8062E-09 4.0977E-09 4.3949E-09 4.7794E-09 5.2115E-09 5.6805E-09 6.1753E-09
8.4414E-11 8.5633E-11 8.6860E-11 8.8096E-11 8.9341E-11 9.0594E-11 9.1856E-11 9.3126E-11 9.4404E-11 9.5690E-11 9.6985E-11 9.8286E-11 9.9595E-11 1.0091E-10 1.0256E-10 1.0534E-10 1.0792E-10 1.1228E-10 1.1617E-10 1.2067E-10 1.2704E-10 1.3287E-10 1.4210E-10 1.4747E-10 1.5501E-10 1.6605E-10 2.1736E-10 2.4647E-10 2.9586E-10 3.3442E-10 3.8235E-10 4.7162E-10 5.3343E-10 5.9755E-10 7.2114E-10 8.1474E-10 9.7553E-10 1.0971E-09 1.2421E-09 1.4378E-09 1.5866E-09 1.7801E-09 1.9395E-09 2.1508E-09 2.3895E-09 2.5984E-09 2.8398E-09 3.1173E-09 3.3627E-09 3.6508E-09 3.9374E-09 4.2488E-09 4.6512E-09 5.1022E-09 5.5794E-09 6.1009E-09 6.7508E-09
8.4862E-11 8.6087E-11 8.7321E-11 8.8564E-11 8.9816E-11 9.1076E-11 9.2344E-11 9.3621E-11 9.4906E-11 9.6199E-11 9.7500E-11 9.8809E-11 1.0013E-10 1.0145E-10 1.0378E-10 1.0621E-10 1.0881E-10 1.1397E-10 1.1689E-10 1.2397E-10 1.2819E-10 1.3469E-10 1.4376E-10 1.4981E-10 1.5854E-10 1.9545E-10 2.2093E-10 2.5143E-10 3.1946E-10 3.5059E-10 3.9002E-10 4.8200E-10 5.4741E-10 6.5391E-10 7.5295E-10 8.4925E-10 1.0160E-09 1.1500E-09 1.2938E-09 1.4819E-09 1.6428E-09 1.8269E-09 2.0069E-09 2.2419E-09 2.4654E-09 2.6726E-09 2.9584E-09 3.2103E-09 3.4841E-09 3.7701E-09 4.1017E-09 4.5018E-09 4.9652E-09 5.4542E-09 6.0537E-09 6.7572E-09 7.5616E-09
8.5304E-11 8.6536E-11 8.7776E-11 8.9026E-11 9.0284E-11 9.1551E-11 9.2826E-11 9.4110E-11 9.5401E-11 9.6702E-11 9.8009E-11 9.9325E-11 1.0065E-10 1.0198E-10 1.0433E-10 1.0731E-10 1.0975E-10 1.1464E-10 1.2013E-10 1.2567E-10 1.3019E-10 1.3595E-10 1.4591E-10 1.5330E-10 1.6443E-10 1.9874E-10 2.2485E-10 2.5634E-10 3.2880E-10 3.7455E-10 4.4109E-10 4.9348E-10 5.5971E-10 6.9701E-10 7.8869E-10 9.0739E-10 1.0588E-09 1.1778E-09 1.3720E-09 1.5274E-09 1.6836E-09 1.8906E-09 2.0757E-09 2.3325E-09 2.5391E-09 2.7628E-09 3.0543E-09 3.3107E-09 3.5893E-09 3.9339E-09 4.3331E-09 4.7918E-09 5.2973E-09 5.9580E-09 6.7166E-09 7.5977E-09 8.5603E-09
8.5741E-11 8.6979E-11 8.8225E-11 8.9481E-11 9.0746E-11 9.2019E-11 9.3301E-11 9.4591E-11 9.5890E-11 9.7197E-11 9.8511E-11 9.9834E-11 1.0116E-10 1.0250E-10 1.0560E-10 1.0818E-10 1.1280E-10 1.1589E-10 1.2116E-10 1.2706E-10 1.3163E-10 1.3971E-10 1.4756E-10 1.5538E-10 1.6640E-10 2.1549E-10 2.4353E-10 2.8863E-10 3.3526E-10 3.8176E-10 4.6835E-10 5.1740E-10 5.8473E-10 7.1223E-10 8.0694E-10 9.6327E-10 1.0965E-09 1.2186E-09 1.4211E-09 1.5792E-09 1.7678E-09 1.9422E-09 2.1435E-09 2.3915E-09 2.6044E-09 2.8824E-09 3.1461E-09 3.4024E-09 3.7380E-09 4.1454E-09 4.5963E-09 5.1082E-09 5.8056E-09 6.6073E-09 7.5455E-09 9.0360E-09 1.0437E-08
8.6171E-11 8.7415E-11 8.8668E-11 8.9930E-11 9.1201E-11 9.2481E-11 9.3770E-11 9.5067E-11 9.6372E-11 9.7685E-11 9.9006E-11 1.0034E-10 1.0167E-10 1.0334E-10 1.0644E-10 1.0904E-10 1.1343E-10 1.1708E-10 1.2250E-10 1.2859E-10 1.3279E-10 1.4132E-10 1.5006E-10 1.5763E-10 1.6927E-10 2.2086E-10 2.5159E-10 3.0262E-10 3.4190E-10 3.8985E-10 4.8159E-10 5.4555E-10 6.4127E-10 7.2869E-10 8.3293E-10 1.0130E-09 1.1372E-09 1.2858E-09 1.4537E-09 1.6248E-09 1.8216E-09 1.9947E-09 2.2266E-09 2.4579E-09 2.6802E-09 2.9717E-09 3.2272E-09 3.5183E-09 3.9387E-09 4.3806E-09 4.8798E-09 5.5906E-09 6.4173E-09 7.3924E-09 9.0093E-09 1.0549E-08 1.2354E-08
8.6595E-11 8.7845E-11 8.9104E-11 9.0373E-11 9.1650E-11 9.2937E-11 9.4231E-11 9.5535E-11 9.6846E-11 9.8166E-11 9.9494E-11 1.0083E-10 1.0217E-10 1.0453E-10 1.0699E-10 1.0961E-10 1.1464E-10 1.1832E-10 1.2571E-10 1.2998E-10 1.3622E-10 1.4590E-10 1.5202E-10 1.6104E-10 1.9808E-10 2.2405E-10 2.5488E-10 3.2131E-10 3.4903E-10 4.2573E-10 4.9080E-10 5.5703E-10 6.6955E-10 7.6562E-10 8.6369E-10 1.0344E-09 1.1606E-09 1.3328E-09 1.5085E-09 1.6734E-09 1.8611E-09 2.0555E-09 2.3083E-09 2.5251E-09 2.7449E-09 3.0432E-09 3.3074E-09 3.7056E-09 4.1470E-09 4.6264E-09 5.3138E-09 6.1395E-09 7.1326E-09 8.8047E-09 1.0456E-08 1.2427E-08 1.4699E-08
8.7012E-11 8.8268E-11 8.9534E-11 9.0809E-11 9.2092E-11 9.3385E-11 9.4686E-11 9.5996E-11 9.7314E-11 9.8640E-11 9.9975E-11 1.0132E-10 1.0267E-10 1.0534E-10 1.0781E-10 1.1079E-10 1.1599E-10 1.1928E-10 1.2674E-10 1.3106E-10 1.3773E-10 1.4764E-10 1.5358E-10 1.6400E-10 2.0140E-10 2.2793E-10 2.6111E-10 3.2754E-10 3.7615E-10 4.3469E-10 5.0045E-10 5.6671E-10 6.9398E-10 7.9679E-10 9.1183E-10 1.0545E-09 1.1848E-09 1.4050E-09 1.5629E-09 1.7068E-09 1.8979E-09 2.1244E-09 2.3725E-09 2.5880E-09 2.8407E-09 3.1148E-09 3.4554E-09 3.8800E-09 4.3573E-09 4.9816E-09 5.7865E-09 6.7734E-09 8.4207E-09 1.0135E-08 1.2215E-08 1.4683E-08 1.8248E-08
8.7423E-11 8.8685E-11 8.9957E-11 9.1238E-11 9.2528E-11 9.3826E-11 9.5134E-11 9.6450E-11 9.7774E-11 9.9107E-11 1.0045E-10 1.0180E-10 1.0315E-10 1.0585E-10 1.0886E-10 1.1203E-10 1.1688E-10 1.2021E-10 1.2808E-10 1.3296E-10 1.3986E-10 1.4949E-10 1.5755E-10 1.6583E-10 2.0434E-10 2.3293E-10 2.9267E-10 3.3806E-10 3.8565E-10 4.6972E-10 5.0934E-10 6.0839E-10 7.1987E-10 8.1485E-10 9.6044E-10 1.0748E-09 1.2153E-09 1.4327E-09 1.5924E-09 1.7552E-09 1.9438E-09 2.1660E-09 2.4218E-09 2.6418E-09 2.9092E-09 3.2128E-09 3.6005E-09 4.0617E-09 4.6095E-09 5.3788E-09 6.3353E-09 7.5201E-09 9.5902E-09 1.1709E-08 1.4262E-08 1.8026E-08 2.2017E-08
8.7827E-11 8.9095E-11 9.0373E-11 9.1660E-11 9.2956E-11 9.4261E-11 9.5574E-11 9.6896E-11 9.8227E-11 9.9566E-11 1.0091E-10 1.0227E-10 1.0396E-10 1.0665E-10 1.0968E-10 1.1318E-10 1.1779E-10 1.2343E-10 1.2982E-10 1.3433E-10 1.4256E-10 1.5107E-10 1.5899E-10 1.7085E-10 2.2092E-10 2.3808E-10 2.9734E-10 3.4443E-10 3.9307E-10 4.7845E-10 5.3923E-10 6.1894E-10 7.3282E-10 8.2819E-10 9.7694E-10 1.1320E-09 1.2831E-09 1.4575E-09 1.6209E-09 1.7976E-09 2.0117E-09 2.2390E-09 2.4666E-09 2.6943E-09 3.0040E-09 3.3308E-09 3.7483E-09 4.2466E-09 4.9416E-09 5.8254E-09 6.9203E-09 8.8634E-09 1.0926E-08 1.3477E-08 1.7252E-08 2.1419E-08 2.6408E-08
8.8225E-11 8.9499E-11 9.0782E-11 9.2075E-11 9.3377E-11 9.4688E-11 9.6007E-11 9.7336E-11 9.8673E-11 1.0002E-10 1.0137E-10 1.0273E-10 1.0474E-10 1.0757E-10 1.1049E-10 1.1522E-10 1.1867E-10 1.2469E-10 1.3084E-10 1.3539E-10 1.4431E-10 1.5333E-10 1.6171E-10 1.7313E-10 2.2432E-10 2.5467E-10 3.0206E-10 3.5034E-10 3.9959E-10 4.8830E-10 5.5600E-10 6.5083E-10 7.4466E-10 8.4325E-10 9.9904E-10 1.1506E-09 1.3200E-09 1.4828E-09 1.6472E-09 1.8491E-09 2.0552E-09 2.2860E-09 2.5101E-09 2.7541E-09 3.0621E-09 3.4477E-09 3.8960E-09 4.4679E-09 5.2751E-09 6.2911E-09 8.0105E-09 9.9303E-09 1.2386E-08 1.5989E-08 2.0151E-08 2.5274E-08 3.1997E-08
8.8615E-11 8.9895E-11 9.1185E-11 9.2483E-11 9.3791E-11 9.5108E-11 9.6433E-11 9.7768E-11 9.9110E-11 1.0046E-10 1.0182E-10 1.0319E-10 1.0557E-10 1.0835E-10 1.1101E-10 1.1636E-10 1.2009E-10 1.2601E-10 1.3213E-10 1.3673E-10 1.4577E-10 1.5489E-10 1.6318E-10 2.0253E-10 2.3013E-10 2.5919E-10 3.2733E-10 3.5791E-10 4.3469E-10 4.9944E-10 5.6784E-10 6.8193E-10 7.5579E-10 8.8791E-10 1.0333E-09 1.1682E-09 1.3569E-09 1.5284E-09 1.6729E-09 1.8860E-09 2.1046E-09 2.3233E-09 2.5691E-09 2.8360E-09 3.1492E-09 3.5621E-09 4.0423E-09 4.7423E-09 5.6350E-09 6.7729E-09 8.8273E-09 1.1082E-08 1.3973E-08 1.8330E-08 2.3338E-08 2.9519E-08 3.7800E-08
8.8999E-11 9.0285E-11 9.1580E-11 9.2884E-11 9.4198E-11 9.5520E-11 9.6852E-11 9.8192E-11 9.9540E-11 1.0090E-10 1.0226E-10 1.0364E-10 1.0633E-10 1.0913E-10 1.1216E-10 1.1734E-10 1.2125E-10 1.2724E-10 1.3313E-10 1.3843E-10 1.4783E-10 1.5659E-10 1.6743E-10 2.0550E-10 2.3368E-10 2.6495E-10 3.3316E-10 3.6235E-10 4.4160E-10 5.0827E-10 5.7637E-10 6.9236E-10 7.8981E-10 9.0154E-10 1.0483E-09 1.1856E-09 1.3763E-09 1.5660E-09 1.7275E-09 1.9125E-09 2.1348E-09 2.3652E-09 2.6094E-09 2.8828E-09 3.2358E-09 3.6738E-09 4.1953E-09 4.9895E-09 5.9890E-09 7.6935E-09 9.6644E-09 1.2253E-08 1.6157E-08 2.0800E-08 2.6683E-08 3.4692E-08 4.4037E-08
8.9376E-11 9.0667E-11 9.1968E-11 9.3278E-11 9.4597E-11 9.5925E-11 9.7262E-11 9.8608E-11 9.9963E-11 1.0133E-10 1.0270E-10 1.0408E-10 1.0709E-10 1.0961E-10 1.1295E-10 1.1847E-10 1.2184E-10 1.2998E-10 1.3439E-10 1.4213E-10 1.4927E-10 1.5811E-10 1.6926E-10 2.0935E-10 2.3699E-10 2.6920E-10 3.3829E-10 3.8177E-10 4.4679E-10 5.1645E-10 6.1354E-10 7.0133E-10 8.0793E-10 9.3528E-10 1.0629E-09 1.2350E-09 1.3984E-09 1.5872E-09 1.7584E-09 1.9545E-09 2.1635E-09 2.4127E-09 2.6462E-09 2.9250E-09 3.3165E-09 3.7828E-09 4.3804E-09 5.2309E-09 6.3254E-09 8.2831E-09 1.0508E-08 1.3434E-08 1.7937E-08 2.3293E-08 3.0146E-08 3.9502E-08 5.0473E-08
8.9746E-11 9.1042E-11 9.2348E-11 9.3664E-11 9.4988E-11 9.6322E-11 9.7665E-11 9.9016E-11 1.0038E-10 1.0175E-10 1.0312E-10 1.0451E-10 1.0754E-10 1.1037E-10 1.1413E-10 1.1931E-10 1.2302E-10 1.3090E-10 1.3619E-10 1.4368E-10 1.5087E-10 1.6012E-10 1.7250E-10 2.1146E-10 2.4019E-10 2.7361E-10 3.4474E-10 3.9262E-10 4.6862E-10 5.2299E-10 6.2162E-10 7.1221E-10 8.2121E-10 9.6726E-10 1.0763E-09 1.2495E-09 1.4145E-09 1.6061E-09 1.7782E-09 1.9852E-09 2.2071E-09 2.4420E-09 2.6896E-09 2.9661E-09 3.3976E-09 3.8765E-09 4.5486E-09 5.4626E-09 6.6420E-09 8.8210E-09 1.1287E-08 1.5039E-08 1.9662E-08 2.5686E-08 3.4096E-08 4.4249E-08 5.6817E-08
9.0108E-11 9.1410E-11 9.2721E-11 9.4042E-11 9.5372E-11 9.6712E-11 9.8060E-11 9.9417E-11 1.0078E-10 1.0216E-10 1.0354E-10 1.0556E-10 1.0828E-10 1.1083E-10 1.1490E-10 1.2012E-10 1.2420E-10 1.3211E-10 1.3714E-10 1.4500E-10 1.5228E-10 1.6195E-10 1.7502E-10 2.1381E-10 2.4444E-10 3.0622E-10 3.4905E-10 3.9831E-10 4.7557E-10 5.2870E-10 6.2972E-10 7.2010E-10 8.2927E-10 9.7903E-10 1.1108E-09 1.2630E-09 1.4443E-09 1.6229E-09 1.7964E-09 2.0136E-09 2.2466E-09 2.4767E-09 2.7219E-09 3.0138E-09 3.4604E-09 3.9571E-09 4.6902E-09 5.6503E-09 6.9484E-09 9.3040E-09 1.1978E-08 1.6138E-08 2.1232E-08 2.7904E-08 3.7278E-08 4.8628E-08 6.3449E-08
9.0463E-11 9.1770E-11 9.3087E-11 9.4413E-11 9.5748E-11 9.7093E-11 9.8447E-11 9.9809E-11 1.0118E-10 1.0256E-10 1.0395E-10 1.0598E-10 1.0872E-10 1.1209E-10 1.1569E-10 1.2094E-10 1.2534E-10 1.3344E-10 1.3809E-10 1.4606E-10 1.5656E-10 1.6484E-10 1.7745E-10 2.1677E-10 2.4900E-10 3.0981E-10 3.5274E-10 4.0498E-10 4.8733E-10 5.3441E-10 6.3824E-10 7.2771E-10 8.3808E-10 9.9005E-10 1.1288E-09 1.2907E-09 1.4593E-09 1.6375E-09 1.8120E-09 2.0337E-09 2.2758E-09 2.4999E-09 2.7519E-09 3.0681E-09 3.5127E-09 4.0250E-09 4.8004E-09 5.8009E-09 7.5752E-09 9.7012E-09 1.2547E-08 1.7041E-08 2.2537E-08 3.0316E-08 4.0032E-08 5.2416E-08 6.8821E-08
9.0811E-11 9.2123E-11 9.3445E-11 9.4776E-11 9.6117E-11 9.7467E-11 9.8826E-11 1.0019E-10 1.0157E-10 1.0296E-10 1.0435E-10 1.0670E-10 1.0986E-10 1.1254E-10 1.1675E-10 1.2146E-10 1.2655E-10 1.3463E-10 1.4018E-10 1.4964E-10 1.5849E-10 1.6984E-10 1.7913E-10 2.1996E-10 2.5315E-10 3.1401E-10 3.5744E-10 4.1307E-10 4.9205E-10 5.5546E-10 6.4430E-10 7.3824E-10 8.7883E-10 9.9881E-10 1.1385E-09 1.3115E-09 1.4778E-09 1.6505E-09 1.8312E-09 2.0673E-09 2.2942E-09 2.5209E-09 2.7944E-09 3.1051E-09 3.5530E-09 4.0754E-09 4.8802E-09 5.9084E-09 7.7684E-09 9.9840E-09 1.2985E-08 1.7717E-08 2.3510E-08 3.1808E-08 4.2162E-08 5.5430E-08 7.3101E-08
9.1151E-11 9.2468E-11 9.3795E-11 9.5131E-11 9.6477E-11 9.7832E-11 9.9196E-11 1.0057E-10 1.0195E-10 1.0334E-10 1.0474E-10 1.0710E-10 1.1056E-10 1.1363E-10 1.1722E-10 1.2223E-10 1.2767E-10 1.3579E-10 1.4110E-10 1.5038E-10 1.6002E-10 1.7188E-10 1.8166E-10 2.3681E-10 2.5607E-10 3.1688E-10 3.6352E-10 4.1600E-10 4.9908E-10 5.6210E-10 6.6468E-10 7.4446E-10 8.8686E-10 1.0066E-09 1.1463E-09 1.3218E-09 1.5041E-09 1.6618E-09 1.8440E-09 2.0909E-09 2.3096E-09 2.5391E-09 2.8151E-09 3.1228E-09 3.5803E-09 4.1071E-09 4.9262E-09 5.9711E-09 7.8739E-09 1.0136E-08 1.3236E-08 1.8119E-08 2.4104E-08 3.2751E-08 4.3536E-08 5.8022E-08 7.6037E-08
9.1483E-11 9.2805E-11 9.4137E-11 9.5478E-11 9.6829E-11 9.8189E-11 9.9558E-11 1.0094E-10 1.0232E-10 1.0372E-10 1.0512E-10 1.0815E-10 1.1098E-10 1.1434E-10 1.1825E-10 1.2302E-10 1.2849E-10 1.3638E-10 1.4281E-10 1.5283E-10 1.6341E-10 1.7400E-10 1.8346E-10 2.4058E-10 2.5864E-10 3.2105E-10 3.6899E-10 4.2033E-10 5.0491E-10 5.6640E-10 6.6945E-10 7.5252E-10 8.9262E-10 1.0131E-09 1.1562E-09 1.3297E-09 1.5125E-09 1.6721E-09 1.8537E-09 2.1022E-09 2.3231E-09 2.5618E-09 2.8319E-09 3.1289E-09 3.5934E-09 4.1198E-09 4.9375E-09 5.9848E-09 7.8912E-09 1.0158E-08 1.3283E-08 1.8224E-08 2.4270E-08 3.3083E-08 4.4060E-08 5.8921E-08 7.7389E-08
9.1807E-11 9.3134E-11 9.4471E-11 9.5817E-11 9.7173E-11 9.8538E-11 9.9912E-11 1.0130E-10 1.0269E-10 1.0409E-10 1.0550E-10 1.0883E-10 1.1139E-10 1.1508E-10 1.1871E-10 1.2377E-10 1.2932E-10 1.3770E-10 1.4371E-10 1.5353E-10 1.6550E-10 1.7538E-10 1.8685E-10 2.4341E-10 2.6199E-10 3.2646E-10 3.7226E-10 4.5184E-10 5.0986E-10 5.6995E-10 6.7461E-10 7.5741E-10 8.9802E-10 1.0190E-09 1.1625E-09 1.3364E-09 1.5201E-09 1.6797E-09 1.8613E-09 2.1118E-09 2.3323E-09 2.5733E-09 2.8446E-09 3.1285E-09 3.5923E-09 4.1144E-09 4.9144E-09 5.9504E-09 7.8211E-09 1.0057E-08 1.3129E-08 1.8026E-08 2.3994E-08 3.2755E-08 4.3671E-08 5.8555E-08 7.7033E-08
9.2124E-11 9.3456E-11 9.4797E-11 9.6148E-11 9.7508E-11 9.8878E-11 1.0026E-10 1.0165E-10 1.0304E-10 1.0445E-10 1.0586E-10 1.0921E-10 1.1207E-10 1.1577E-10 1.1971E-10 1.2505E-10 1.3068E-10 1.3855E-10 1.4575E-10 1.5566E-10 1.6738E-10 1.7806E-10 1.9024E-10 2.4592E-10 2.6583E-10 3.2938E-10 3.7491E-10 4.5714E-10 5.1332E-10 5.7399E-10 6.8068E-10 7.6112E-10 9.0223E-10 1.0259E-09 1.1996E-09 1.3411E-09 1.5197E-09 1.6844E-09 1.8668E-09 2.1188E-09 2.3386E-09 2.5815E-09 2.8595E-09 3.1371E-09 3.5754E-09 4.0911E-09 4.8573E-09 5.8702E-09 7.6683E-09 9.8399E-09 1.2783E-08 1.7537E-08 2.3301E-08 3.1815E-08 4.2410E-08 5.6940E-08 7.4983E-08
