Assets/Resources/2015_m01_d02_2200(utc+0800)_l00_csi_1hr_conc.grd
DSAA
         159         159
     -79.000      79.000
     -79.000      79.000
  0.0000E+00  0.3364E-05
[rows 0 to 24 of 159, columns 0 to 56 of 159]
1.1231E-10 1.2618E-10 1.4222E-10 1.5888E-10 1.7710E-10 1.9692E-10 2.1846E-10 2.4178E-10 2.6698E-10 2.9413E-10 3.2241E-10 3.5367E-10 3.8804E-10 4.2335E-10 4.6033E-10 4.9952E-10 5.4098E-10 5.8593E-10 6.3213E-10 6.8037E-10 7.3079E-10 7.8338E-10 8.3893E-10 8.9617E-10 9.5474E-10 1.0150E-09 1.0770E-09 1.1403E-09 1.2049E-09 1.2706E-09 1.3370E-09 1.4103E-09 1.4938E-09 1.5853E-09 1.6649E-09 1.7452E-09 1.8256E-09 1.9055E-09 1.9860E-09 2.0665E-09 2.1466E-09 2.2249E-09 2.3000E-09 2.3693E-09 2.4270E-09 2.4661E-09 2.4909E-09 2.5053E-09 2.5102E-09 2.5076E-09 2.4947E-09 2.4758E-09 2.4491E-09 2.4154E-09 2.3771E-09 2.3306E-09 2.2809E-09
1.1644E-10 1.3076E-10 1.4652E-10 1.6461E-10 1.8345E-10 2.0399E-10 2.2628E-10 2.5044E-10 2.7653E-10 3.0376E-10 3.3411E-10 3.6789E-10 4.0168E-10 4.3769E-10 4.7596E-10 5.1749E-10 5.6098E-10 6.0630E-10 6.5393E-10 7.0386E-10 7.5713E-10 8.1209E-10 8.6874E-10 9.2743E-10 9.8806E-10 1.0513E-09 1.1154E-09 1.1810E-09 1.2479E-09 1.3159E-09 1.3848E-09 1.4610E-09 1.5518E-09 1.6448E-09 1.7278E-09 1.8115E-09 1.8953E-09 1.9784E-09 2.0614E-09 2.1447E-09 2.2271E-09 2.3076E-09 2.3846E-09 2.4559E-09 2.5157E-09 2.5574E-09 2.5814E-09 2.5932E-09 2.5966E-09 2.5909E-09 2.5762E-09 2.5554E-09 2.5251E-09 2.4895E-09 2.4476E-09 2.3993E-09 2.3478E-09
1.2049E-10 1.3533E-10 1.5158E-10 1.6943E-10 1.8976E-10 2.1011E-10 2.3404E-10 2.5814E-10 2.8513E-10 3.1509E-10 3.4705E-10 3.7974E-10 4.1466E-10 4.5211E-10 4.9296E-10 5.3500E-10 5.7944E-10 6.2628E-10 6.7639E-10 7.2875E-10 7.8283E-10 8.3919E-10 8.9776E-10 9.5921E-10 1.0228E-09 1.0874E-09 1.1538E-09 1.2217E-09 1.2913E-09 1.3621E-09 1.4333E-09 1.5142E-09 1.6115E-09 1.7056E-09 1.7922E-09 1.8795E-09 1.9667E-09 2.0533E-09 2.1391E-09 2.2249E-09 2.3098E-09 2.3925E-09 2.4715E-09 2.5447E-09 2.6068E-09 2.6507E-09 2.6740E-09 2.6843E-09 2.6862E-09 2.6770E-09 2.6604E-09 2.6361E-09 2.6036E-09 2.5660E-09 2.5204E-09 2.4702E-09 2.4152E-09
1.2451E-10 1.3979E-10 1.5661E-10 1.7500E-10 1.9513E-10 2.1702E-10 2.4084E-10 2.6664E-10 2.9600E-10 3.2619E-10 3.5768E-10 3.9140E-10 4.2859E-10 4.6744E-10 5.0838E-10 5.5178E-10 5.9791E-10 6.4758E-10 6.9853E-10 7.5195E-10 8.0779E-10 8.6660E-10 9.2810E-10 9.9088E-10 1.0557E-09 1.1225E-09 1.1916E-09 1.2619E-09 1.3335E-09 1.4061E-09 1.4797E-09 1.5738E-09 1.6674E-09 1.7645E-09 1.8546E-09 1.9454E-09 2.0362E-09 2.1261E-09 2.2148E-09 2.3031E-09 2.3903E-09 2.4751E-09 2.5560E-09 2.6309E-09 2.6953E-09 2.7415E-09 2.7648E-09 2.7735E-09 2.7727E-09 2.7610E-09 2.7424E-09 2.7142E-09 2.6795E-09 2.6387E-09 2.5903E-09 2.5382E-09 2.4794E-09
1.2762E-10 1.4422E-10 1.6152E-10 1.8052E-10 2.0124E-10 2.2385E-10 2.4873E-10 2.7655E-10 3.0545E-10 3.3565E-10 3.6824E-10 4.0437E-10 4.4163E-10 4.8134E-10 5.2354E-10 5.6965E-10 6.1720E-10 6.6719E-10 7.1973E-10 7.7509E-10 8.3400E-10 8.9413E-10 9.5663E-10 1.0214E-09 1.0887E-09 1.1587E-09 1.2295E-09 1.3019E-09 1.3758E-09 1.4507E-09 1.5335E-09 1.6251E-09 1.7323E-09 1.8247E-09 1.9185E-09 2.0129E-09 2.1073E-09 2.2007E-09 2.2924E-09 2.3833E-09 2.4729E-09 2.5599E-09 2.6427E-09 2.7192E-09 2.7855E-09 2.8345E-09 2.8589E-09 2.8661E-09 2.8617E-09 2.8479E-09 2.8264E-09 2.7949E-09 2.7579E-09 2.7131E-09 2.6625E-09 2.6075E-09 2.5458E-09
1.3145E-10 1.4769E-10 1.6637E-10 1.8590E-10 2.0728E-10 2.3121E-10 2.5741E-10 2.8497E-10 3.1381E-10 3.4558E-10 3.7984E-10 4.1573E-10 4.5407E-10 4.9533E-10 5.3996E-10 5.8614E-10 6.3496E-10 6.8643E-10 7.4196E-10 7.9895E-10 8.5838E-10 9.2032E-10 9.8493E-10 1.0530E-09 1.1220E-09 1.1930E-09 1.2660E-09 1.3405E-09 1.4169E-09 1.4947E-09 1.5805E-09 1.6775E-09 1.7885E-09 1.8847E-09 1.9822E-09 2.0804E-09 2.1785E-09 2.2754E-09 2.3705E-09 2.4638E-09 2.5559E-09 2.6450E-09 2.7296E-09 2.8077E-09 2.8760E-09 2.9271E-09 2.9545E-09 2.9606E-09 2.9528E-09 2.9368E-09 2.9112E-09 2.8773E-09 2.8377E-09 2.7890E-09 2.7361E-09 2.6772E-09 2.6134E-09
1.3524E-10 1.5189E-10 1.7023E-10 1.9119E-10 2.1409E-10 2.3869E-10 2.6486E-10 2.9231E-10 3.2310E-10 3.5548E-10 3.8990E-10 4.2678E-10 4.6728E-10 5.0985E-10 5.5464E-10 6.0212E-10 6.5290E-10 7.0688E-10 7.6266E-10 8.2114E-10 8.8227E-10 9.4738E-10 1.0139E-09 1.0826E-09 1.1536E-09 1.2267E-09 1.3023E-09 1.3793E-09 1.4576E-09 1.5371E-09 1.6259E-09 1.7366E-09 1.8436E-09 1.9435E-09 2.0449E-09 2.1469E-09 2.2486E-09 2.3491E-09 2.4475E-09 2.5435E-09 2.6378E-09 2.7290E-09 2.8163E-09 2.8959E-09 2.9660E-09 3.0192E-09 3.0487E-09 3.0525E-09 3.0424E-09 3.0242E-09 2.9942E-09 2.9578E-09 2.9138E-09 2.8626E-09 2.8074E-09 2.7444E-09 2.6785E-09
1.3887E-10 1.5602E-10 1.7481E-10 1.9658E-10 2.2051E-10 2.4436E-10 2.7129E-10 3.0082E-10 3.3145E-10 3.6434E-10 3.9968E-10 4.3906E-10 4.7966E-10 5.2292E-10 5.6892E-10 6.1913E-10 6.7093E-10 7.2542E-10 7.8272E-10 8.4351E-10 9.0726E-10 9.7286E-10 1.0410E-09 1.1116E-09 1.1850E-09 1.2605E-09 1.3377E-09 1.4166E-09 1.4970E-09 1.5786E-09 1.6739E-09 1.7866E-09 1.8984E-09 2.0022E-09 2.1075E-09 2.2133E-09 2.3188E-09 2.4228E-09 2.5253E-09 2.6243E-09 2.7209E-09 2.8142E-09 2.9023E-09 2.9832E-09 3.0548E-09 3.1103E-09 3.1419E-09 3.1460E-09 3.1341E-09 3.1116E-09 3.0789E-09 3.0400E-09 2.9914E-09 2.9377E-09 2.8783E-09 2.8128E-09 2.7448E-09
1.4244E-10 1.5997E-10 1.8051E-10 2.0206E-10 2.2538E-10 2.5093E-10 2.7893E-10 3.0790E-10 3.3919E-10 3.7323E-10 4.1067E-10 4.4961E-10 4.9123E-10 5.3589E-10 5.8436E-10 6.3451E-10 6.8753E-10 7.4344E-10 8.0383E-10 8.6559E-10 9.3017E-10 9.9748E-10 1.0676E-09 1.1408E-09 1.2157E-09 1.2928E-09 1.3719E-09 1.4529E-09 1.5354E-09 1.6192E-09 1.7281E-09 1.8418E-09 1.9527E-09 2.0605E-09 2.1698E-09 2.2799E-09 2.3898E-09 2.4976E-09 2.6027E-09 2.7045E-09 2.8033E-09 2.8985E-09 2.9883E-09 3.0716E-09 3.1441E-09 3.2020E-09 3.2369E-09 3.2420E-09 3.2270E-09 3.2000E-09 3.1645E-09 3.1215E-09 3.0696E-09 3.0132E-09 2.9494E-09 2.8815E-09 2.8099E-09
1.4502E-10 1.6505E-10 1.8522E-10 2.0708E-10 2.3125E-10 2.5759E-10 2.8496E-10 3.1460E-10 3.4725E-10 3.8270E-10 4.1990E-10 4.5977E-10 5.0317E-10 5.4946E-10 5.9791E-10 6.4928E-10 7.0420E-10 7.6253E-10 8.2291E-10 8.8620E-10 9.5238E-10 1.0222E-09 1.0940E-09 1.1683E-09 1.2451E-09 1.3241E-09 1.4052E-09 1.4882E-09 1.5727E-09 1.6669E-09 1.7722E-09 1.8973E-09 2.0066E-09 2.1194E-09 2.2329E-09 2.3468E-09 2.4600E-09 2.5714E-09 2.6799E-09 2.7847E-09 2.8867E-09 2.9850E-09 3.0765E-09 3.1601E-09 3.2337E-09 3.2932E-09 3.3298E-09 3.3369E-09 3.3192E-09 3.2882E-09 3.2499E-09 3.2028E-09 3.1482E-09 3.0882E-09 3.0207E-09 2.9503E-09 2.8745E-09
1.4943E-10 1.6828E-10 1.8955E-10 2.1226E-10 2.3699E-10 2.6274E-10 2.9071E-10 3.2184E-10 3.5532E-10 3.9072E-10 4.2874E-10 4.7069E-10 5.1477E-10 5.6138E-10 6.1094E-10 6.6474E-10 7.2078E-10 7.7953E-10 8.4132E-10 9.0653E-10 9.7471E-10 1.0454E-09 1.1188E-09 1.1949E-09 1.2735E-09 1.3544E-09 1.4375E-09 1.5224E-09 1.6089E-09 1.7060E-09 1.8153E-09 1.9475E-09 2.0609E-09 2.1771E-09 2.2948E-09 2.4128E-09 2.5300E-09 2.6461E-09 2.7591E-09 2.8671E-09 2.9705E-09 3.0696E-09 3.1627E-09 3.2476E-09 3.3219E-09 3.3829E-09 3.4225E-09 3.4333E-09 3.4134E-09 3.3794E-09 3.3376E-09 3.2852E-09 3.2275E-09 3.1627E-09 3.0924E-09 3.0190E-09 2.9394E-09
1.5304E-10 1.7196E-10 1.9318E-10 2.1721E-10 2.4135E-10 2.6762E-10 2.9712E-10 3.2868E-10 3.6222E-10 3.9837E-10 4.3859E-10 4.8051E-10 5.2516E-10 5.7284E-10 6.2502E-10 6.7886E-10 7.3580E-10 7.9585E-10 8.5985E-10 9.2614E-10 9.9545E-10 1.0677E-09 1.1428E-09 1.2206E-09 1.3016E-09 1.3851E-09 1.4700E-09 1.5570E-09 1.6455E-09 1.7467E-09 1.8737E-09 1.9983E-09 2.1162E-09 2.2369E-09 2.3596E-09 2.4836E-09 2.6051E-09 2.7242E-09 2.8399E-09 2.9511E-09 3.0570E-09 3.1582E-09 3.2550E-09 3.3412E-09 3.4165E-09 3.4788E-09 3.5197E-09 3.5315E-09 3.5116E-09 3.4746E-09 3.4278E-09 3.3723E-09 3.3116E-09 3.2420E-09 3.1690E-09 3.0911E-09 3.0090E-09
1.5529E-10 1.7584E-10 1.9832E-10 2.2087E-10 2.4544E-10 2.7322E-10 3.0291E-10 3.3455E-10 3.6885E-10 4.0706E-10 4.4689E-10 4.8949E-10 5.3539E-10 5.8526E-10 6.3708E-10 6.9203E-10 7.5040E-10 8.1232E-10 8.7686E-10 9.4454E-10 1.0153E-09 1.0891E-09 1.1657E-09 1.2465E-09 1.3287E-09 1.4132E-09 1.5000E-09 1.5895E-09 1.6802E-09 1.7901E-09 1.9165E-09 2.0465E-09 2.1700E-09 2.2961E-09 2.4230E-09 2.5500E-09 2.6756E-09 2.7985E-09 2.9176E-09 3.0339E-09 3.1425E-09 3.2455E-09 3.3418E-09 3.4291E-09 3.5052E-09 3.5676E-09 3.6110E-09 3.6248E-09 3.6064E-09 3.5660E-09 3.5147E-09 3.4562E-09 3.3905E-09 3.3177E-09 3.2418E-09 3.1593E-09 3.0746E-09
1.5942E-10 1.7944E-10 2.0136E-10 2.2426E-10 2.5024E-10 2.7813E-10 3.0785E-10 3.4024E-10 3.7637E-10 4.1410E-10 4.5458E-10 4.9856E-10 5.4605E-10 5.9571E-10 6.4852E-10 7.0504E-10 7.6467E-10 8.2724E-10 8.9305E-10 9.6206E-10 1.0342E-09 1.1098E-09 1.1890E-09 1.2701E-09 1.3539E-09 1.4405E-09 1.5299E-09 1.6217E-09 1.7187E-09 1.8351E-09 1.9612E-09 2.0981E-09 2.2253E-09 2.3555E-09 2.4873E-09 2.6189E-09 2.7499E-09 2.8779E-09 3.0008E-09 3.1183E-09 3.2297E-09 3.3346E-09 3.4324E-09 3.5209E-09 3.5976E-09 3.6618E-09 3.7068E-09 3.7233E-09 3.7066E-09 3.6632E-09 3.6071E-09 3.5451E-09 3.4742E-09 3.3984E-09 3.3182E-09 3.2324E-09 3.1452E-09
1.6247E-10 1.8287E-10 2.0412E-10 2.2827E-10 2.5442E-10 2.8223E-10 3.1265E-10 3.4669E-10 3.8230E-10 4.2061E-10 4.6251E-10 5.0762E-10 5.5501E-10 6.0555E-10 6.6001E-10 7.1723E-10 7.7764E-10 8.4135E-10 9.0836E-10 9.7863E-10 1.0530E-09 1.1302E-09 1.2099E-09 1.2925E-09 1.3788E-09 1.4692E-09 1.5601E-09 1.6527E-09 1.7578E-09 1.8751E-09 2.0132E-09 2.1479E-09 2.2801E-09 2.4154E-09 2.5534E-09 2.6908E-09 2.8254E-09 2.9566E-09 3.0831E-09 3.2038E-09 3.3179E-09 3.4255E-09 3.5252E-09 3.6148E-09 3.6925E-09 3.7555E-09 3.8018E-09 3.8208E-09 3.8064E-09 3.7607E-09 3.7012E-09 3.6349E-09 3.5597E-09 3.4807E-09 3.3956E-09 3.3070E-09 3.2161E-09
1.6546E-10 1.8509E-10 2.0738E-10 2.3186E-10 2.5778E-10 2.8620E-10 3.1813E-10 3.5165E-10 3.8774E-10 4.2744E-10 4.7017E-10 5.1521E-10 5.6337E-10 6.1559E-10 6.7032E-10 7.2838E-10 7.8980E-10 8.5459E-10 9.2274E-10 9.9541E-10 1.0704E-09 1.1485E-09 1.2299E-09 1.3153E-09 1.4046E-09 1.4943E-09 1.5866E-09 1.6827E-09 1.7901E-09 1.9126E-09 2.0625E-09 2.1950E-09 2.3334E-09 2.4749E-09 2.6169E-09 2.7582E-09 2.8973E-09 3.0324E-09 3.1626E-09 3.2872E-09 3.4037E-09 3.5125E-09 3.6131E-09 3.7036E-09 3.7815E-09 3.8449E-09 3.8913E-09 3.9123E-09 3.9001E-09 3.8540E-09 3.7909E-09 3.7189E-09 3.6402E-09 3.5574E-09 3.4677E-09 3.3760E-09 3.2806E-09
1.6720E-10 1.8762E-10 2.1050E-10 2.3456E-10 2.6098E-10 2.9081E-10 3.2226E-10 3.5613E-10 3.9352E-10 4.3390E-10 4.7652E-10 5.2229E-10 5.7197E-10 6.2422E-10 6.7980E-10 7.3876E-10 8.0114E-10 8.6698E-10 9.3752E-10 1.0103E-09 1.0863E-09 1.1663E-09 1.2508E-09 1.3377E-09 1.4263E-09 1.5189E-09 1.6134E-09 1.7105E-09 1.8213E-09 1.9540E-09 2.1069E-09 2.2457E-09 2.3887E-09 2.5349E-09 2.6823E-09 2.8288E-09 2.9736E-09 3.1130E-09 3.2467E-09 3.3735E-09 3.4926E-09 3.6033E-09 3.7053E-09 3.7967E-09 3.8753E-09 3.9386E-09 3.9849E-09 4.0082E-09 3.9980E-09 3.9539E-09 3.8870E-09 3.8095E-09 3.7289E-09 3.6415E-09 3.5487E-09 3.4541E-09 3.3543E-09
1.6905E-10 1.9032E-10 2.1263E-10 2.3706E-10 2.6482E-10 2.9424E-10 3.2588E-10 3.6089E-10 3.9896E-10 4.3913E-10 4.8243E-10 5.2952E-10 5.7918E-10 6.3216E-10 6.8852E-10 7.4833E-10 8.1177E-10 8.7973E-10 9.5009E-10 1.0239E-09 1.1022E-09 1.1849E-09 1.2695E-09 1.3570E-09 1.4485E-09 1.5418E-09 1.6385E-09 1.7361E-09 1.8529E-09 1.9977E-09 2.1491E-09 2.2924E-09 2.4410E-09 2.5929E-09 2.7468E-09 2.8985E-09 3.0469E-09 3.1904E-09 3.3275E-09 3.4571E-09 3.5784E-09 3.6908E-09 3.7938E-09 3.8859E-09 3.9647E-09 4.0279E-09 4.0737E-09 4.0986E-09 4.0912E-09 4.0494E-09 3.9791E-09 3.8978E-09 3.8120E-09 3.7188E-09 3.6227E-09 3.5234E-09 3.4206E-09
1.7134E-10 1.9203E-10 2.1450E-10 2.4017E-10 2.6765E-10 2.9711E-10 3.2969E-10 3.6549E-10 4.0320E-10 4.4396E-10 4.8844E-10 5.3545E-10 5.8574E-10 6.3939E-10 6.9649E-10 7.5732E-10 8.2255E-10 8.9032E-10 9.6172E-10 1.0379E-09 1.1183E-09 1.2006E-09 1.2867E-09 1.3764E-09 1.4687E-09 1.5637E-09 1.6609E-09 1.7609E-09 1.8872E-09 2.0341E-09 2.1897E-09 2.3387E-09 2.4942E-09 2.6522E-09 2.8108E-09 2.9677E-09 3.1209E-09 3.2684E-09 3.4089E-09 3.5412E-09 3.6646E-09 3.7785E-09 3.8825E-09 3.9752E-09 4.0540E-09 4.1180E-09 4.1640E-09 4.1893E-09 4.1840E-09 4.1424E-09 4.0700E-09 3.9848E-09 3.8940E-09 3.7967E-09 3.6973E-09 3.5931E-09 3.4896E-09
1.7278E-10 1.9342E-10 2.1687E-10 2.4257E-10 2.6987E-10 3.0001E-10 3.3358E-10 3.6885E-10 4.0703E-10 4.4891E-10 4.9322E-10 5.4076E-10 5.9163E-10 6.4590E-10 7.0393E-10 7.6633E-10 8.3134E-10 9.0013E-10 9.7379E-10 1.0516E-09 1.1315E-09 1.2159E-09 1.3031E-09 1.3941E-09 1.4873E-09 1.5838E-09 1.6828E-09 1.7957E-09 1.9200E-09 2.0670E-09 2.2304E-09 2.3859E-09 2.5469E-09 2.7110E-09 2.8755E-09 3.0378E-09 3.1957E-09 3.3473E-09 3.4911E-09 3.6260E-09 3.7513E-09 3.8666E-09 3.9714E-09 4.0664E-09 4.1457E-09 4.2081E-09 4.2529E-09 4.2772E-09 4.2738E-09 4.2346E-09 4.1617E-09 4.0747E-09 3.9805E-09 3.8798E-09 3.7764E-09 3.6684E-09 3.5600E-09
1.7376E-10 1.9504E-10 2.1901E-10 2.4422E-10 2.7200E-10 3.0321E-10 3.3619E-10 3.7177E-10 4.1105E-10 4.5268E-10 4.9743E-10 5.4545E-10 5.9683E-10 6.5190E-10 7.1140E-10 7.7348E-10 8.3945E-10 9.1037E-10 9.8543E-10 1.0628E-09 1.1447E-09 1.2295E-09 1.3186E-09 1.4098E-09 1.5048E-09 1.6027E-09 1.7025E-09 1.8176E-09 1.9458E-09 2.1096E-09 2.2706E-09 2.4321E-09 2.5997E-09 2.7703E-09 2.9410E-09 3.1089E-09 3.2716E-09 3.4272E-09 3.5743E-09 3.7117E-09 3.8388E-09 3.9571E-09 4.0626E-09 4.1563E-09 4.2351E-09 4.2975E-09 4.3407E-09 4.3645E-09 4.3670E-09 4.3299E-09 4.2587E-09 4.1656E-09 4.0641E-09 3.9599E-09 3.8513E-09 3.7402E-09 3.6285E-09
1.7477E-10 1.9682E-10 2.2019E-10 2.4568E-10 2.7457E-10 3.0530E-10 3.3837E-10 3.7491E-10 4.1395E-10 4.5591E-10 5.0105E-10 5.4949E-10 6.0150E-10 6.5804E-10 7.1708E-10 7.8003E-10 8.4801E-10 9.2006E-10 9.9474E-10 1.0738E-09 1.1561E-09 1.2426E-09 1.3319E-09 1.4247E-09 1.5209E-09 1.6191E-09 1.7200E-09 1.8385E-09 1.9743E-09 2.1486E-09 2.3101E-09 2.4784E-09 2.6530E-09 2.8305E-09 3.0075E-09 3.1812E-09 3.3488E-09 3.5085E-09 3.6587E-09 3.8005E-09 3.9292E-09 4.0466E-09 4.1523E-09 4.2460E-09 4.3249E-09 4.3893E-09 4.4336E-09 4.4559E-09 4.4556E-09 4.4202E-09 4.3503E-09 4.2538E-09 4.1485E-09 4.0406E-09 3.9270E-09 3.8153E-09 3.6991E-09
1.7619E-10 1.9779E-10 2.2108E-10 2.4757E-10 2.7623E-10 3.0685E-10 3.4067E-10 3.7717E-10 4.1634E-10 4.5860E-10 5.0408E-10 5.5295E-10 6.0648E-10 6.6241E-10 7.2219E-10 7.8704E-10 8.5592E-10 9.2769E-10 1.0038E-09 1.0833E-09 1.1670E-09 1.2538E-09 1.3443E-09 1.4382E-09 1.5346E-09 1.6339E-09 1.7369E-09 1.8579E-09 2.0048E-09 2.1836E-09 2.3493E-09 2.5249E-09 2.7069E-09 2.8917E-09 3.0754E-09 3.2549E-09 3.4276E-09 3.5933E-09 3.7467E-09 3.8887E-09 4.0188E-09 4.1368E-09 4.2444E-09 4.3402E-09 4.4194E-09 4.4806E-09 4.5223E-09 4.5433E-09 4.5430E-09 4.5097E-09 4.4408E-09 4.3452E-09 4.2362E-09 4.1255E-09 4.0089E-09 3.8918E-09 3.7715E-09
1.7701E-10 1.9830E-10 2.2227E-10 2.4902E-10 2.7725E-10 3.0839E-10 3.4240E-10 3.7882E-10 4.1823E-10 4.6075E-10 5.0651E-10 5.5675E-10 6.0971E-10 6.6620E-10 7.2779E-10 7.9336E-10 8.6205E-10 9.3493E-10 1.0114E-09 1.0920E-09 1.1762E-09 1.2639E-09 1.3553E-09 1.4494E-09 1.5470E-09 1.6482E-09 1.7513E-09 1.8783E-09 2.0280E-09 2.2156E-09 2.3885E-09 2.5719E-09 2.7618E-09 2.9541E-09 3.1449E-09 3.3315E-09 3.5103E-09 3.6781E-09 3.8344E-09 3.9784E-09 4.1118E-09 4.2319E-09 4.3383E-09 4.4317E-09 4.5101E-09 4.5706E-09 4.6110E-09 4.6322E-09 4.6311E-09 4.6008E-09 4.5358E-09 4.4381E-09 4.3255E-09 4.2074E-09 4.0875E-09 3.9662E-09 3.8428E-09
1.7721E-10 1.9884E-10 2.2345E-10 2.4958E-10 2.7812E-10 3.0971E-10 3.4343E-10 3.8003E-10 4.1962E-10 4.6235E-10 5.0921E-10 5.5920E-10 6.1232E-10 6.7053E-10 7.3271E-10 7.9818E-10 8.6770E-10 9.4096E-10 1.0184E-09 1.0995E-09 1.1842E-09 1.2728E-09 1.3643E-09 1.4597E-09 1.5586E-09 1.6599E-09 1.7639E-09 1.9020E-09 2.0576E-09 2.2472E-09 2.4278E-09 2.6195E-09 2.8178E-09 3.0182E-09 3.2182E-09 3.4103E-09 3.5932E-09 3.7650E-09 3.9258E-09 4.0731E-09 4.2067E-09 4.3255E-09 4.4309E-09 4.5232E-09 4.6012E-09 4.6629E-09 4.7028E-09 4.7226E-09 4.7200E-09 4.6906E-09 4.6261E-09 4.5289E-09 4.4127E-09 4.2905E-09 4.1673E-09 4.0416E-09 3.9176E-09
