Assets/Resources/2015_m01_d24_0200(utc+0800)_l00_csi_1hr_conc.grd
DSAA
         159         159
     -79.000      79.000
     -79.000      79.000
  0.1238E-10  0.3420E-04
[rows 75 to 99 of 159, columns 0 to 56 of 159]
2.9634E-11 3.0833E-11 3.2072E-11 3.3353E-11 3.4677E-11 3.6044E-11 3.7456E-11 3.8913E-11 4.0417E-11 4.1968E-11 4.3568E-11 4.5218E-11 4.6918E-11 4.8671E-11 5.0476E-11 5.2334E-11 5.4248E-11 5.6218E-11 5.8244E-11 6.0329E-11 6.2472E-11 6.4675E-11 6.6939E-11 6.9265E-11 7.1654E-11 7.4107E-11 7.6624E-11 7.9207E-11 8.1856E-11 8.4573E-11 8.7357E-11 9.0211E-11 9.3135E-11 9.6129E-11 9.9194E-11 1.0233E-10 1.0554E-10 1.0882E-10 1.1218E-10 1.1561E-10 1.1912E-10 1.2270E-10 1.2636E-10 1.3009E-10 1.3390E-10 1.3779E-10 1.4175E-10 1.4579E-10 1.4991E-10 1.5410E-10 1.5838E-10 1.6273E-10 1.6715E-10 1.7166E-10 1.7624E-10 1.8174E-10 1.9162E-10
2.9624E-11 3.0823E-11 3.2062E-11 3.3343E-11 3.4667E-11 3.6034E-11 3.7445E-11 3.8902E-11 4.0406E-11 4.1957E-11 4.3557E-11 4.5207E-11 4.6907E-11 4.8659E-11 5.0464E-11 5.2323E-11 5.4236E-11 5.6206E-11 5.8232E-11 6.0317E-11 6.2460E-11 6.4663E-11 6.6927E-11 6.9253E-11 7.1642E-11 7.4095E-11 7.6612E-11 7.9195E-11 8.1844E-11 8.4561E-11 8.7346E-11 9.0200E-11 9.3123E-11 9.6118E-11 9.9183E-11 1.0232E-10 1.0553E-10 1.0881E-10 1.1217E-10 1.1560E-10 1.1911E-10 1.2269E-10 1.2635E-10 1.3008E-10 1.3389E-10 1.3778E-10 1.4174E-10 1.4579E-10 1.4990E-10 1.5410E-10 1.5837E-10 1.6272E-10 1.6715E-10 1.7166E-10 1.7624E-10 1.8166E-10 1.9162E-10
2.9607E-11 3.0806E-11 3.2045E-11 3.3325E-11 3.4648E-11 3.6014E-11 3.7425E-11 3.8882E-11 4.0385E-11 4.1936E-11 4.3535E-11 4.5184E-11 4.6884E-11 4.8635E-11 5.0440E-11 5.2298E-11 5.4211E-11 5.6180E-11 5.8206E-11 6.0290E-11 6.2432E-11 6.4635E-11 6.6898E-11 6.9224E-11 7.1612E-11 7.4064E-11 7.6581E-11 7.9163E-11 8.1812E-11 8.4528E-11 8.7312E-11 9.0166E-11 9.3089E-11 9.6083E-11 9.9148E-11 1.0228E-10 1.0549E-10 1.0878E-10 1.1213E-10 1.1556E-10 1.1907E-10 1.2265E-10 1.2631E-10 1.3004E-10 1.3385E-10 1.3774E-10 1.4170E-10 1.4574E-10 1.4986E-10 1.5406E-10 1.5833E-10 1.6268E-10 1.6711E-10 1.7161E-10 1.7619E-10 1.8142E-10 1.9154E-10
2.9583E-11 3.0781E-11 3.2019E-11 3.3299E-11 3.4621E-11 3.5986E-11 3.7396E-11 3.8852E-11 4.0354E-11 4.1904E-11 4.3502E-11 4.5151E-11 4.6849E-11 4.8600E-11 5.0403E-11 5.2261E-11 5.4172E-11 5.6140E-11 5.8165E-11 6.0248E-11 6.2389E-11 6.4591E-11 6.6853E-11 6.9178E-11 7.1565E-11 7.4016E-11 7.6531E-11 7.9112E-11 8.1760E-11 8.4475E-11 8.7258E-11 9.0110E-11 9.3032E-11 9.6024E-11 9.9088E-11 1.0222E-10 1.0543E-10 1.0871E-10 1.1207E-10 1.1550E-10 1.1900E-10 1.2258E-10 1.2624E-10 1.2997E-10 1.3378E-10 1.3766E-10 1.4163E-10 1.4567E-10 1.4978E-10 1.5398E-10 1.5825E-10 1.6260E-10 1.6702E-10 1.7153E-10 1.7611E-10 1.8103E-10 1.9141E-10
2.9552E-11 3.0748E-11 3.1985E-11 3.3264E-11 3.4585E-11 3.5949E-11 3.7358E-11 3.8813E-11 4.0313E-11 4.1862E-11 4.3459E-11 4.5106E-11 4.6803E-11 4.8553E-11 5.0355E-11 5.2210E-11 5.4121E-11 5.6087E-11 5.8110E-11 6.0191E-11 6.2331E-11 6.4531E-11 6.6792E-11 6.9114E-11 7.1500E-11 7.3949E-11 7.6462E-11 7.9042E-11 8.1687E-11 8.4400E-11 8.7181E-11 9.0032E-11 9.2951E-11 9.5942E-11 9.9003E-11 1.0214E-10 1.0534E-10 1.0862E-10 1.1198E-10 1.1540E-10 1.1891E-10 1.2248E-10 1.2614E-10 1.2987E-10 1.3367E-10 1.3756E-10 1.4152E-10 1.4555E-10 1.4967E-10 1.5386E-10 1.5813E-10 1.6247E-10 1.6690E-10 1.7140E-10 1.7597E-10 1.8063E-10 1.9120E-10
2.9513E-11 3.0708E-11 3.1944E-11 3.3221E-11 3.4541E-11 3.5903E-11 3.7311E-11 3.8764E-11 4.0263E-11 4.1810E-11 4.3405E-11 4.5050E-11 4.6746E-11 4.8493E-11 5.0293E-11 5.2147E-11 5.4056E-11 5.6020E-11 5.8041E-11 6.0120E-11 6.2258E-11 6.4455E-11 6.6714E-11 6.9034E-11 7.1417E-11 7.3864E-11 7.6375E-11 7.8952E-11 8.1595E-11 8.4305E-11 8.7084E-11 8.9931E-11 9.2848E-11 9.5836E-11 9.8895E-11 1.0203E-10 1.0523E-10 1.0850E-10 1.1185E-10 1.1528E-10 1.1878E-10 1.2235E-10 1.2600E-10 1.2973E-10 1.3353E-10 1.3741E-10 1.4137E-10 1.4540E-10 1.4951E-10 1.5370E-10 1.5797E-10 1.6231E-10 1.6673E-10 1.7123E-10 1.7580E-10 1.8045E-10 1.9092E-10
2.9467E-11 3.0661E-11 3.1895E-11 3.3170E-11 3.4488E-11 3.5849E-11 3.7254E-11 3.8705E-11 4.0203E-11 4.1747E-11 4.3341E-11 4.4984E-11 4.6677E-11 4.8422E-11 5.0220E-11 5.2071E-11 5.3977E-11 5.5939E-11 5.7958E-11 6.0034E-11 6.2169E-11 6.4364E-11 6.6620E-11 6.8937E-11 7.1317E-11 7.3761E-11 7.6269E-11 7.8842E-11 8.1482E-11 8.4190E-11 8.6965E-11 8.9809E-11 9.2722E-11 9.5706E-11 9.8762E-11 1.0189E-10 1.0509E-10 1.0836E-10 1.1171E-10 1.1513E-10 1.1862E-10 1.2219E-10 1.2584E-10 1.2956E-10 1.3336E-10 1.3724E-10 1.4119E-10 1.4522E-10 1.4932E-10 1.5351E-10 1.5777E-10 1.6211E-10 1.6652E-10 1.7101E-10 1.7558E-10 1.8023E-10 1.8495E-10
2.9414E-11 3.0606E-11 3.1838E-11 3.3111E-11 3.4427E-11 3.5786E-11 3.7189E-11 3.8637E-11 4.0132E-11 4.1675E-11 4.3266E-11 4.4906E-11 4.6597E-11 4.8339E-11 5.0134E-11 5.1982E-11 5.3886E-11 5.5844E-11 5.7860E-11 5.9933E-11 6.2065E-11 6.4257E-11 6.6509E-11 6.8823E-11 7.1200E-11 7.3639E-11 7.6144E-11 7.8714E-11 8.1350E-11 8.4053E-11 8.6824E-11 8.9664E-11 9.2574E-11 9.5554E-11 9.8605E-11 1.0173E-10 1.0492E-10 1.0819E-10 1.1153E-10 1.1495E-10 1.1844E-10 1.2200E-10 1.2565E-10 1.2936E-10 1.3316E-10 1.3703E-10 1.4097E-10 1.4500E-10 1.4910E-10 1.5328E-10 1.5753E-10 1.6186E-10 1.6627E-10 1.7076E-10 1.7532E-10 1.7996E-10 1.8467E-10
2.9354E-11 3.0544E-11 3.1773E-11 3.3044E-11 3.4357E-11 3.5714E-11 3.7114E-11 3.8560E-11 4.0052E-11 4.1592E-11 4.3180E-11 4.4817E-11 4.6505E-11 4.8244E-11 5.0036E-11 5.1881E-11 5.3781E-11 5.5736E-11 5.7748E-11 5.9818E-11 6.1946E-11 6.4134E-11 6.6382E-11 6.8692E-11 7.1065E-11 7.3500E-11 7.6001E-11 7.8566E-11 8.1198E-11 8.3896E-11 8.6663E-11 8.9498E-11 9.2403E-11 9.5378E-11 9.8423E-11 1.0154E-10 1.0473E-10 1.0799E-10 1.1133E-10 1.1474E-10 1.1822E-10 1.2178E-10 1.2542E-10 1.2913E-10 1.3292E-10 1.3678E-10 1.4072E-10 1.4474E-10 1.4883E-10 1.5301E-10 1.5725E-10 1.6158E-10 1.6598E-10 1.7046E-10 1.7502E-10 1.7965E-10 1.8436E-10
2.9287E-11 3.0474E-11 3.1701E-11 3.2969E-11 3.4279E-11 3.5633E-11 3.7031E-11 3.8474E-11 3.9963E-11 4.1499E-11 4.3084E-11 4.4718E-11 4.6402E-11 4.8138E-11 4.9926E-11 5.1767E-11 5.3663E-11 5.5615E-11 5.7622E-11 5.9688E-11 6.1812E-11 6.3995E-11 6.6239E-11 6.8544E-11 7.0912E-11 7.3343E-11 7.5839E-11 7.8399E-11 8.1026E-11 8.3719E-11 8.6480E-11 8.9310E-11 9.2209E-11 9.5178E-11 9.8218E-11 1.0133E-10 1.0451E-10 1.0777E-10 1.1110E-10 1.1450E-10 1.1798E-10 1.2153E-10 1.2516E-10 1.2887E-10 1.3265E-10 1.3650E-10 1.4044E-10 1.4445E-10 1.4853E-10 1.5270E-10 1.5694E-10 1.6126E-10 1.6565E-10 1.7012E-10 1.7467E-10 1.7929E-10 1.8399E-10
2.9213E-11 3.0397E-11 3.1621E-11 3.2886E-11 3.4193E-11 3.5544E-11 3.6938E-11 3.8378E-11 3.9863E-11 4.1396E-11 4.2977E-11 4.4607E-11 4.6288E-11 4.8019E-11 4.9803E-11 5.1641E-11 5.3532E-11 5.5479E-11 5.7483E-11 5.9544E-11 6.1663E-11 6.3841E-11 6.6080E-11 6.8380E-11 7.0743E-11 7.3169E-11 7.5658E-11 7.8213E-11 8.0834E-11 8.3522E-11 8.6277E-11 8.9100E-11 9.1993E-11 9.4956E-11 9.7989E-11 1.0109E-10 1.0427E-10 1.0752E-10 1.1084E-10 1.1424E-10 1.1771E-10 1.2126E-10 1.2488E-10 1.2857E-10 1.3235E-10 1.3619E-10 1.4012E-10 1.4412E-10 1.4820E-10 1.5235E-10 1.5659E-10 1.6090E-10 1.6528E-10 1.6974E-10 1.7428E-10 1.7890E-10 1.8358E-10
2.9131E-11 3.0312E-11 3.1533E-11 3.2795E-11 3.4099E-11 3.5446E-11 3.6837E-11 3.8273E-11 3.9754E-11 4.1283E-11 4.2860E-11 4.4486E-11 4.6162E-11 4.7890E-11 4.9669E-11 5.1502E-11 5.3389E-11 5.5331E-11 5.7329E-11 5.9385E-11 6.1499E-11 6.3672E-11 6.5905E-11 6.8200E-11 7.0556E-11 7.2976E-11 7.5460E-11 7.8009E-11 8.0623E-11 8.3304E-11 8.6052E-11 8.8869E-11 9.1755E-11 9.4710E-11 9.7736E-11 1.0083E-10 1.0400E-10 1.0724E-10 1.1056E-10 1.1395E-10 1.1741E-10 1.2095E-10 1.2456E-10 1.2825E-10 1.3201E-10 1.3585E-10 1.3977E-10 1.4376E-10 1.4783E-10 1.5197E-10 1.5620E-10 1.6050E-10 1.6487E-10 1.6932E-10 1.7385E-10 1.7845E-10 1.8313E-10
2.9043E-11 3.0221E-11 3.1438E-11 3.2696E-11 3.3997E-11 3.5340E-11 3.6726E-11 3.8158E-11 3.9636E-11 4.1161E-11 4.2733E-11 4.4355E-11 4.6026E-11 4.7748E-11 4.9523E-11 5.1351E-11 5.3232E-11 5.5169E-11 5.7162E-11 5.9212E-11 6.1320E-11 6.3487E-11 6.5714E-11 6.8003E-11 7.0353E-11 7.2766E-11 7.5243E-11 7.7785E-11 8.0392E-11 8.3066E-11 8.5807E-11 8.8616E-11 9.1494E-11 9.4442E-11 9.7460E-11 1.0055E-10 1.0371E-10 1.0694E-10 1.1025E-10 1.1363E-10 1.1708E-10 1.2061E-10 1.2421E-10 1.2789E-10 1.3165E-10 1.3548E-10 1.3938E-10 1.4336E-10 1.4742E-10 1.5156E-10 1.5577E-10 1.6006E-10 1.6442E-10 1.6886E-10 1.7338E-10 1.7797E-10 1.8263E-10
2.8948E-11 3.0122E-11 3.1336E-11 3.2590E-11 3.3886E-11 3.5225E-11 3.6608E-11 3.8035E-11 3.9508E-11 4.1028E-11 4.2596E-11 4.4212E-11 4.5879E-11 4.7596E-11 4.9365E-11 5.1187E-11 5.3063E-11 5.4994E-11 5.6981E-11 5.9025E-11 6.1127E-11 6.3287E-11 6.5508E-11 6.7790E-11 7.0133E-11 7.2539E-11 7.5009E-11 7.7543E-11 8.0143E-11 8.2808E-11 8.5542E-11 8.8342E-11 9.1212E-11 9.4151E-11 9.7161E-11 1.0024E-10 1.0339E-10 1.0662E-10 1.0991E-10 1.1328E-10 1.1673E-10 1.2024E-10 1.2384E-10 1.2751E-10 1.3125E-10 1.3507E-10 1.3896E-10 1.4293E-10 1.4698E-10 1.5110E-10 1.5530E-10 1.5958E-10 1.6393E-10 1.6836E-10 1.7286E-10 1.7744E-10 1.8209E-10
2.8846E-11 3.0016E-11 3.1225E-11 3.2476E-11 3.3768E-11 3.5102E-11 3.6480E-11 3.7903E-11 3.9371E-11 4.0886E-11 4.2448E-11 4.4060E-11 4.5720E-11 4.7432E-11 4.9196E-11 5.1012E-11 5.2881E-11 5.4806E-11 5.6787E-11 5.8824E-11 6.0919E-11 6.3073E-11 6.5286E-11 6.7560E-11 6.9896E-11 7.2294E-11 7.4756E-11 7.7282E-11 7.9874E-11 8.2531E-11 8.5256E-11 8.8048E-11 9.0908E-11 9.3838E-11 9.6838E-11 9.9909E-11 1.0305E-10 1.0626E-10 1.0955E-10 1.1291E-10 1.1634E-10 1.1985E-10 1.2343E-10 1.2709E-10 1.3082E-10 1.3463E-10 1.3851E-10 1.4247E-10 1.4650E-10 1.5061E-10 1.5480E-10 1.5906E-10 1.6340E-10 1.6782E-10 1.7231E-10 1.7687E-10 1.8151E-10
2.8737E-11 2.9903E-11 3.1108E-11 3.2354E-11 3.3641E-11 3.4971E-11 3.6344E-11 3.7761E-11 3.9224E-11 4.0734E-11 4.2291E-11 4.3896E-11 4.5552E-11 4.7257E-11 4.9014E-11 5.0824E-11 5.2687E-11 5.4605E-11 5.6579E-11 5.8609E-11 6.0697E-11 6.2843E-11 6.5049E-11 6.7315E-11 6.9643E-11 7.2033E-11 7.4486E-11 7.7004E-11 7.9586E-11 8.2235E-11 8.4950E-11 8.7732E-11 9.0583E-11 9.3503E-11 9.6493E-11 9.9553E-11 1.0268E-10 1.0589E-10 1.0916E-10 1.1251E-10 1.1593E-10 1.1943E-10 1.2300E-10 1.2664E-10 1.3036E-10 1.3415E-10 1.3802E-10 1.4197E-10 1.4599E-10 1.5009E-10 1.5426E-10 1.5851E-10 1.6283E-10 1.6723E-10 1.7171E-10 1.7626E-10 1.8088E-10
2.8622E-11 2.9783E-11 3.0984E-11 3.2225E-11 3.3507E-11 3.4831E-11 3.6199E-11 3.7611E-11 3.9069E-11 4.0573E-11 4.2124E-11 4.3723E-11 4.5372E-11 4.7071E-11 4.8822E-11 5.0625E-11 5.2481E-11 5.4392E-11 5.6358E-11 5.8380E-11 6.0460E-11 6.2599E-11 6.4796E-11 6.7054E-11 6.9373E-11 7.1755E-11 7.4199E-11 7.6707E-11 7.9280E-11 8.1919E-11 8.4624E-11 8.7396E-11 9.0237E-11 9.3146E-11 9.6125E-11 9.9174E-11 1.0229E-10 1.0548E-10 1.0875E-10 1.1208E-10 1.1549E-10 1.1898E-10 1.2253E-10 1.2616E-10 1.2987E-10 1.3365E-10 1.3751E-10 1.4144E-10 1.4544E-10 1.4953E-10 1.5369E-10 1.5792E-10 1.6223E-10 1.6661E-10 1.7107E-10 1.7561E-10 1.8021E-10
2.8500E-11 2.9656E-11 3.0852E-11 3.2088E-11 3.3365E-11 3.4684E-11 3.6046E-11 3.7453E-11 3.8904E-11 4.0402E-11 4.1947E-11 4.3540E-11 4.5182E-11 4.6874E-11 4.8618E-11 5.0414E-11 5.2263E-11 5.4166E-11 5.6124E-11 5.8138E-11 6.0210E-11 6.2340E-11 6.4529E-11 6.6778E-11 6.9088E-11 7.1460E-11 7.3894E-11 7.6392E-11 7.8955E-11 8.1584E-11 8.4278E-11 8.7040E-11 8.9869E-11 9.2767E-11 9.5734E-11 9.8771E-11 1.0188E-10 1.0506E-10 1.0831E-10 1.1163E-10 1.1503E-10 1.1850E-10 1.2204E-10 1.2566E-10 1.2935E-10 1.3312E-10 1.3696E-10 1.4087E-10 1.4486E-10 1.4893E-10 1.5307E-10 1.5729E-10 1.6158E-10 1.6595E-10 1.7039E-10 1.7491E-10 1.7950E-10
2.8371E-11 2.9523E-11 3.0713E-11 3.1944E-11 3.3215E-11 3.4529E-11 3.5885E-11 3.7286E-11 3.8731E-11 4.0222E-11 4.1760E-11 4.3346E-11 4.4982E-11 4.6667E-11 4.8403E-11 5.0191E-11 5.2032E-11 5.3927E-11 5.5877E-11 5.7883E-11 5.9946E-11 6.2067E-11 6.4246E-11 6.6486E-11 6.8786E-11 7.1148E-11 7.3572E-11 7.6060E-11 7.8613E-11 8.1230E-11 8.3913E-11 8.6663E-11 8.9481E-11 9.2367E-11 9.5322E-11 9.8346E-11 1.0144E-10 1.0461E-10 1.0784E-10 1.1115E-10 1.1454E-10 1.1799E-10 1.2152E-10 1.2512E-10 1.2880E-10 1.3255E-10 1.3637E-10 1.4028E-10 1.4425E-10 1.4830E-10 1.5243E-10 1.5663E-10 1.6090E-10 1.6525E-10 1.6968E-10 1.7418E-10 1.7875E-10
2.8236E-11 2.9383E-11 3.0568E-11 3.1792E-11 3.3058E-11 3.4365E-11 3.5716E-11 3.7110E-11 3.8549E-11 4.0033E-11 4.1564E-11 4.3143E-11 4.4771E-11 4.6449E-11 4.8177E-11 4.9957E-11 5.1790E-11 5.3676E-11 5.5617E-11 5.7614E-11 5.9668E-11 6.1779E-11 6.3949E-11 6.6179E-11 6.8469E-11 7.0820E-11 7.3234E-11 7.5711E-11 7.8252E-11 8.0858E-11 8.3529E-11 8.6267E-11 8.9072E-11 9.1946E-11 9.4888E-11 9.7899E-11 1.0098E-10 1.0413E-10 1.0736E-10 1.1065E-10 1.1402E-10 1.1746E-10 1.2097E-10 1.2456E-10 1.2822E-10 1.3195E-10 1.3576E-10 1.3965E-10 1.4360E-10 1.4764E-10 1.5174E-10 1.5593E-10 1.6018E-10 1.6452E-10 1.6892E-10 1.7340E-10 1.7795E-10
2.8095E-11 2.9236E-11 3.0415E-11 3.1634E-11 3.2894E-11 3.4195E-11 3.5538E-11 3.6926E-11 3.8358E-11 3.9835E-11 4.1359E-11 4.2930E-11 4.4550E-11 4.6220E-11 4.7940E-11 4.9712E-11 5.1536E-11 5.3413E-11 5.5345E-11 5.7333E-11 5.9377E-11 6.1478E-11 6.3638E-11 6.5857E-11 6.8136E-11 7.0477E-11 7.2879E-11 7.5344E-11 7.7873E-11 8.0467E-11 8.3126E-11 8.5851E-11 8.8644E-11 9.1503E-11 9.4432E-11 9.7429E-11 1.0050E-10 1.0363E-10 1.0684E-10 1.1012E-10 1.1347E-10 1.1690E-10 1.2040E-10 1.2397E-10 1.2761E-10 1.3133E-10 1.3512E-10 1.3898E-10 1.4292E-10 1.4694E-10 1.5103E-10 1.5519E-10 1.5943E-10 1.6374E-10 1.6813E-10 1.7259E-10 1.7712E-10
2.7948E-11 2.9082E-11 3.0256E-11 3.1468E-11 3.2722E-11 3.4016E-11 3.5353E-11 3.6733E-11 3.8158E-11 3.9628E-11 4.1144E-11 4.2708E-11 4.4320E-11 4.5981E-11 4.7692E-11 4.9455E-11 5.1270E-11 5.3138E-11 5.5061E-11 5.7039E-11 5.9072E-11 6.1163E-11 6.3312E-11 6.5520E-11 6.7788E-11 7.0117E-11 7.2508E-11 7.4961E-11 7.7478E-11 8.0059E-11 8.2705E-11 8.5416E-11 8.8195E-11 9.1041E-11 9.3955E-11 9.6938E-11 9.9990E-11 1.0311E-10 1.0630E-10 1.0957E-10 1.1290E-10 1.1631E-10 1.1979E-10 1.2335E-10 1.2697E-10 1.3067E-10 1.3444E-10 1.3829E-10 1.4221E-10 1.4621E-10 1.5028E-10 1.5442E-10 1.5864E-10 1.6293E-10 1.6729E-10 1.7173E-10 1.7624E-10
2.7794E-11 2.8923E-11 3.0090E-11 3.1296E-11 3.2543E-11 3.3830E-11 3.5160E-11 3.6533E-11 3.7950E-11 3.9412E-11 4.0921E-11 4.2476E-11 4.4079E-11 4.5732E-11 4.7434E-11 4.9188E-11 5.0993E-11 5.2852E-11 5.4764E-11 5.6732E-11 5.8755E-11 6.0835E-11 6.2973E-11 6.5169E-11 6.7426E-11 6.9742E-11 7.2120E-11 7.4561E-11 7.7065E-11 7.9632E-11 8.2264E-11 8.4962E-11 8.7727E-11 9.0558E-11 9.3457E-11 9.6425E-11 9.9461E-11 1.0257E-10 1.0574E-10 1.0899E-10 1.1231E-10 1.1570E-10 1.1916E-10 1.2270E-10 1.2631E-10 1.2999E-10 1.3374E-10 1.3757E-10 1.4147E-10 1.4545E-10 1.4949E-10 1.5362E-10 1.5781E-10 1.6208E-10 1.6643E-10 1.7084E-10 1.7969E-10
2.7634E-11 2.8757E-11 2.9917E-11 3.1117E-11 3.2357E-11 3.3637E-11 3.4960E-11 3.6325E-11 3.7734E-11 3.9188E-11 4.0688E-11 4.2235E-11 4.3829E-11 4.5473E-11 4.7166E-11 4.8910E-11 5.0705E-11 5.2554E-11 5.4456E-11 5.6412E-11 5.8424E-11 6.0493E-11 6.2619E-11 6.4804E-11 6.7048E-11 6.9352E-11 7.1717E-11 7.4145E-11 7.6635E-11 7.9188E-11 8.1807E-11 8.4490E-11 8.7239E-11 9.0055E-11 9.2939E-11 9.5890E-11 9.8911E-11 1.0200E-10 1.0516E-10 1.0839E-10 1.1169E-10 1.1506E-10 1.1851E-10 1.2202E-10 1.2561E-10 1.2927E-10 1.3301E-10 1.3681E-10 1.4070E-10 1.4465E-10 1.4868E-10 1.5278E-10 1.5695E-10 1.6120E-10 1.6552E-10 1.6991E-10 1.7849E-10
2.7469E-11 2.8585E-11 2.9738E-11 3.0931E-11 3.2164E-11 3.3437E-11 3.4751E-11 3.6109E-11 3.7510E-11 3.8956E-11 4.0447E-11 4.1985E-11 4.3570E-11 4.5204E-11 4.6887E-11 4.8621E-11 5.0407E-11 5.2244E-11 5.4135E-11 5.6081E-11 5.8081E-11 6.0138E-11 6.2253E-11 6.4425E-11 6.6656E-11 6.8947E-11 7.1299E-11 7.3712E-11 7.6188E-11 7.8728E-11 8.1331E-11 8.3999E-11 8.6733E-11 8.9533E-11 9.2400E-11 9.5336E-11 9.8339E-11 1.0141E-10 1.0455E-10 1.0776E-10 1.1105E-10 1.1440E-10 1.1783E-10 1.2132E-10 1.2489E-10 1.2853E-10 1.3224E-10 1.3603E-10 1.3989E-10 1.4382E-10 1.4783E-10 1.5191E-10 1.5606E-10 1.6028E-10 1.6458E-10 1.6894E-10 1.7339E-10
