Assets/Resources/2015_m01_d01_2300(utc+0800)_l00_csi_1hr_conc.grd
DSAA
         159         159
     -79.000      79.000
     -79.000      79.000
  0.0000E+00  0.4746E-05
[rows 50 to 74 of 159, columns 57 to 113 of 159]
0.0000E+00 0.0000E+00 0.0000E+00 0.0000E+00 0.0000E+00 0.0000E+00 0.0000E+00 0.0000E+00 0.0000E+00 0.0000E+00 0.0000E+00 0.0000E+00 0.0000E+00 0.0000E+00 0.0000E+00 0.0000E+00 0.0000E+00 0.0000E+00 0.0000E+00 0.0000E+00 0.0000E+00 0.0000E+00 0.0000E+00 0.0000E+00 0.0000E+00 0.0000E+00 0.0000E+00 0.0000E+00 0.0000E+00 0.0000E+00 0.0000E+00 0.0000E+00 0.0000E+00 0.0000E+00 0.0000E+00 0.0000E+00 0.0000E+00 0.0000E+00 2.6329E-13 8.5326E-13 2.3747E-12 4.4739E-12 6.9232E-12 9.6858E-12 1.2953E-11 1.6073E-11 2.0753E-11 2.6948E-11 3.4928E-11 4.4880E-11 5.6194E-11 6.8174E-11 8.2286E-11 9.6074E-11 1.0967E-10 1.2398E-10 1.3740E-10
0.0000E+00 0.0000E+00 0.0000E+00 0.0000E+00 0.0000E+00 0.0000E+00 0.0000E+00 0.0000E+00 0.0000E+00 0.0000E+00 0.0000E+00 0.0000E+00 0.0000E+00 0.0000E+00 0.0000E+00 0.0000E+00 0.0000E+00 0.0000E+00 0.0000E+00 0.0000E+00 0.0000E+00 0.0000E+00 0.0000E+00 0.0000E+00 0.0000E+00 0.0000E+00 0.0000E+00 0.0000E+00 0.0000E+00 0.0000E+00 0.0000E+00 0.0000E+00 0.0000E+00 0.0000E+00 0.0000E+00 0.0000E+00 1.6293E-13 5.3144E-13 1.9833E-12 4.0980E-12 6.8495E-12 1.0342E-11 1.4043E-11 1.8038E-11 2.2322E-11 2.7291E-11 3.4152E-11 4.2664E-11 5.2896E-11 6.4819E-11 7.5402E-11 8.9141E-11 1.0640E-10 1.2413E-10 1.4061E-10 1.5607E-10 1.7521E-10
0.0000E+00 0.0000E+00 0.0000E+00 0.0000E+00 0.0000E+00 0.0000E+00 0.0000E+00 0.0000E+00 0.0000E+00 0.0000E+00 0.0000E+00 0.0000E+00 0.0000E+00 0.0000E+00 0.0000E+00 0.0000E+00 0.0000E+00 0.0000E+00 0.0000E+00 0.0000E+00 0.0000E+00 0.0000E+00 0.0000E+00 0.0000E+00 0.0000E+00 0.0000E+00 0.0000E+00 0.0000E+00 0.0000E+00 0.0000E+00 0.0000E+00 0.0000E+00 0.0000E+00 0.0000E+00 0.0000E+00 3.7062E-13 1.2279E-12 3.2687E-12 6.0772E-12 1.0104E-11 1.4190E-11 1.8943E-11 2.3867E-11 2.8779E-11 3.3733E-11 4.0672E-11 4.9032E-11 6.0410E-11 7.3272E-11 8.2765E-11 9.7716E-11 1.1651E-10 1.3782E-10 1.5669E-10 1.7980E-10 2.0275E-10 2.2465E-10
0.0000E+00 0.0000E+00 0.0000E+00 0.0000E+00 0.0000E+00 0.0000E+00 0.0000E+00 0.0000E+00 0.0000E+00 0.0000E+00 0.0000E+00 0.0000E+00 0.0000E+00 0.0000E+00 0.0000E+00 0.0000E+00 0.0000E+00 1.5370E-14 0.0000E+00 0.0000E+00 0.0000E+00 0.0000E+00 0.0000E+00 0.0000E+00 0.0000E+00 0.0000E+00 0.0000E+00 0.0000E+00 0.0000E+00 0.0000E+00 0.0000E+00 0.0000E+00 0.0000E+00 1.4781E-13 5.6217E-13 2.1923E-12 4.7080E-12 8.8106E-12 1.3350E-11 1.8621E-11 2.4109E-11 2.9568E-11 3.5568E-11 4.1801E-11 4.8777E-11 5.7701E-11 6.8662E-11 8.1559E-11 9.6044E-11 1.1153E-10 1.3036E-10 1.5167E-10 1.7707E-10 2.0076E-10 2.3175E-10 2.6321E-10 3.0041E-10
0.0000E+00 0.0000E+00 0.0000E+00 0.0000E+00 0.0000E+00 0.0000E+00 0.0000E+00 0.0000E+00 0.0000E+00 0.0000E+00 0.0000E+00 0.0000E+00 0.0000E+00 0.0000E+00 0.0000E+00 0.0000E+00 0.0000E+00 6.2734E-14 0.0000E+00 0.0000E+00 0.0000E+00 0.0000E+00 0.0000E+00 0.0000E+00 0.0000E+00 0.0000E+00 0.0000E+00 0.0000E+00 0.0000E+00 0.0000E+00 0.0000E+00 0.0000E+00 2.7594E-13 1.0383E-12 3.0577E-12 6.6672E-12 1.1479E-11 1.6957E-11 2.2915E-11 2.8910E-11 3.5780E-11 4.2780E-11 5.0593E-11 5.8350E-11 6.8214E-11 7.9968E-11 9.4703E-11 1.0966E-10 1.2604E-10 1.4298E-10 1.7061E-10 2.0513E-10 2.5025E-10 2.9708E-10 3.4311E-10 3.9729E-10 4.5083E-10
0.0000E+00 0.0000E+00 0.0000E+00 0.0000E+00 0.0000E+00 0.0000E+00 0.0000E+00 0.0000E+00 0.0000E+00 0.0000E+00 0.0000E+00 0.0000E+00 0.0000E+00 0.0000E+00 0.0000E+00 0.0000E+00 0.0000E+00 7.2621E-14 0.0000E+00 0.0000E+00 0.0000E+00 0.0000E+00 0.0000E+00 0.0000E+00 0.0000E+00 0.0000E+00 0.0000E+00 0.0000E+00 0.0000E+00 0.0000E+00 0.0000E+00 3.7958E-13 1.5254E-12 3.9971E-12 8.5204E-12 1.4164E-11 2.0414E-11 2.6806E-11 3.4307E-11 4.2101E-11 5.0729E-11 5.9615E-11 6.8294E-11 7.7731E-11 9.0887E-11 1.0566E-10 1.2241E-10 1.4062E-10 1.6720E-10 2.1004E-10 2.5554E-10 3.2216E-10 3.9197E-10 4.5993E-10 5.1831E-10 5.8578E-10 6.4783E-10
0.0000E+00 0.0000E+00 0.0000E+00 0.0000E+00 0.0000E+00 0.0000E+00 0.0000E+00 0.0000E+00 0.0000E+00 0.0000E+00 0.0000E+00 0.0000E+00 0.0000E+00 0.0000E+00 0.0000E+00 0.0000E+00 0.0000E+00 8.3736E-14 0.0000E+00 0.0000E+00 0.0000E+00 0.0000E+00 0.0000E+00 0.0000E+00 0.0000E+00 0.0000E+00 0.0000E+00 0.0000E+00 0.0000E+00 1.9482E-15 4.5517E-13 1.9149E-12 5.1356E-12 1.0194E-11 1.6597E-11 2.3396E-11 3.1130E-11 3.9386E-11 4.8691E-11 5.8418E-11 6.8056E-11 7.8748E-11 8.9070E-11 1.0229E-10 1.1667E-10 1.3604E-10 1.6635E-10 2.1440E-10 2.7001E-10 3.4340E-10 4.1361E-10 4.9378E-10 5.7778E-10 6.5979E-10 7.3417E-10 8.1378E-10 8.8543E-10
0.0000E+00 0.0000E+00 0.0000E+00 0.0000E+00 0.0000E+00 0.0000E+00 0.0000E+00 0.0000E+00 0.0000E+00 0.0000E+00 0.0000E+00 0.0000E+00 0.0000E+00 0.0000E+00 0.0000E+00 0.0000E+00 0.0000E+00 9.6193E-14 0.0000E+00 0.0000E+00 0.0000E+00 0.0000E+00 0.0000E+00 0.0000E+00 0.0000E+00 0.0000E+00 0.0000E+00 0.0000E+00 2.3628E-14 4.9996E-13 2.1931E-12 6.0080E-12 1.1723E-11 1.8768E-11 2.6311E-11 3.4934E-11 4.4553E-11 5.4867E-11 6.5569E-11 7.7237E-11 8.9028E-11 1.0172E-10 1.1584E-10 1.3295E-10 1.6438E-10 2.0870E-10 2.7764E-10 3.5816E-10 4.3848E-10 5.2494E-10 6.1346E-10 7.0542E-10 7.9854E-10 8.9741E-10 9.9170E-10 1.0841E-09 1.1739E-09
0.0000E+00 0.0000E+00 0.0000E+00 0.0000E+00 0.0000E+00 0.0000E+00 0.0000E+00 0.0000E+00 0.0000E+00 0.0000E+00 0.0000E+00 0.0000E+00 0.0000E+00 0.0000E+00 0.0000E+00 0.0000E+00 0.0000E+00 0.0000E+00 0.0000E+00 0.0000E+00 0.0000E+00 0.0000E+00 0.0000E+00 0.0000E+00 0.0000E+00 0.0000E+00 0.0000E+00 1.7897E-14 5.3519E-13 2.3493E-12 6.5817E-12 1.2855E-11 2.0442E-11 2.8925E-11 3.8507E-11 4.9106E-11 6.0526E-11 7.2965E-11 8.6940E-11 1.0171E-10 1.1692E-10 1.3396E-10 1.6177E-10 2.0331E-10 2.7290E-10 3.5703E-10 4.4901E-10 5.4119E-10 6.4192E-10 7.4457E-10 8.5105E-10 9.5774E-10 1.0727E-09 1.1871E-09 1.2981E-09 1.4031E-09 1.5042E-09
0.0000E+00 0.0000E+00 0.0000E+00 0.0000E+00 0.0000E+00 0.0000E+00 0.0000E+00 0.0000E+00 0.0000E+00 0.0000E+00 0.0000E+00 0.0000E+00 0.0000E+00 0.0000E+00 0.0000E+00 0.0000E+00 0.0000E+00 0.0000E+00 0.0000E+00 0.0000E+00 0.0000E+00 0.0000E+00 0.0000E+00 0.0000E+00 0.0000E+00 0.0000E+00 0.0000E+00 5.0750E-13 2.3770E-12 6.8330E-12 1.3540E-11 2.1700E-11 3.1050E-11 4.1559E-11 5.2992E-11 6.6261E-11 8.5767E-11 1.0802E-10 1.3179E-10 1.5978E-10 1.9133E-10 2.3436E-10 2.9368E-10 3.7680E-10 4.6863E-10 5.6481E-10 6.6445E-10 7.7607E-10 8.9824E-10 1.0167E-09 1.1478E-09 1.2775E-09 1.4113E-09 1.5368E-09 1.6502E-09 1.7625E-09 1.8635E-09
0.0000E+00 0.0000E+00 0.0000E+00 0.0000E+00 0.0000E+00 0.0000E+00 0.0000E+00 0.0000E+00 0.0000E+00 0.0000E+00 0.0000E+00 0.0000E+00 0.0000E+00 0.0000E+00 0.0000E+00 0.0000E+00 0.0000E+00 0.0000E+00 0.0000E+00 0.0000E+00 0.0000E+00 0.0000E+00 0.0000E+00 0.0000E+00 0.0000E+00 0.0000E+00 4.3630E-13 2.2735E-12 6.7489E-12 1.3750E-11 2.2525E-11 3.2462E-11 4.4444E-11 6.1709E-11 8.5823E-11 1.1501E-10 1.5090E-10 1.8856E-10 2.2944E-10 2.7466E-10 3.3158E-10 4.1109E-10 5.1307E-10 6.2771E-10 7.4488E-10 8.6898E-10 9.9385E-10 1.1255E-09 1.2635E-09 1.4003E-09 1.5532E-09 1.7005E-09 1.8339E-09 1.9606E-09 2.0716E-09 2.1756E-09 2.2746E-09
0.0000E+00 0.0000E+00 0.0000E+00 0.0000E+00 0.0000E+00 0.0000E+00 0.0000E+00 0.0000E+00 0.0000E+00 0.0000E+00 0.0000E+00 0.0000E+00 0.0000E+00 0.0000E+00 0.0000E+00 0.0000E+00 0.0000E+00 0.0000E+00 0.0000E+00 0.0000E+00 0.0000E+00 0.0000E+00 0.0000E+00 0.0000E+00 0.0000E+00 3.4994E-13 2.0405E-12 6.3268E-12 1.3470E-11 2.2718E-11 3.5140E-11 5.3645E-11 8.0988E-11 1.1599E-10 1.5879E-10 2.0419E-10 2.4943E-10 2.9758E-10 3.5628E-10 4.3101E-10 5.2883E-10 6.4764E-10 7.7386E-10 9.1354E-10 1.0560E-09 1.2140E-09 1.3695E-09 1.5295E-09 1.6940E-09 1.8535E-09 2.0051E-09 2.1524E-09 2.2947E-09 2.4337E-09 2.5681E-09 2.6901E-09 2.8049E-09
0.0000E+00 0.0000E+00 0.0000E+00 0.0000E+00 0.0000E+00 0.0000E+00 0.0000E+00 0.0000E+00 0.0000E+00 0.0000E+00 0.0000E+00 0.0000E+00 0.0000E+00 0.0000E+00 0.0000E+00 0.0000E+00 0.0000E+00 0.0000E+00 0.0000E+00 0.0000E+00 0.0000E+00 0.0000E+00 0.0000E+00 0.0000E+00 2.3408E-13 1.6839E-12 5.6697E-12 1.2704E-11 2.3884E-11 4.1580E-11 6.8806E-11 1.0627E-10 1.5268E-10 2.0281E-10 2.5490E-10 3.0943E-10 3.6545E-10 4.3781E-10 5.3043E-10 6.4294E-10 7.7765E-10 9.1903E-10 1.0788E-09 1.2451E-09 1.4184E-09 1.5996E-09 1.7858E-09 1.9751E-09 2.1575E-09 2.3290E-09 2.4883E-09 2.6474E-09 2.8090E-09 2.9692E-09 3.1245E-09 3.2660E-09 3.4101E-09
0.0000E+00 0.0000E+00 0.0000E+00 0.0000E+00 0.0000E+00 0.0000E+00 0.0000E+00 0.0000E+00 0.0000E+00 0.0000E+00 0.0000E+00 0.0000E+00 0.0000E+00 0.0000E+00 0.0000E+00 0.0000E+00 0.0000E+00 0.0000E+00 0.0000E+00 0.0000E+00 0.0000E+00 0.0000E+00 0.0000E+00 9.1960E-14 1.2140E-12 4.7512E-12 1.1515E-11 2.6280E-11 5.0684E-11 8.7033E-11 1.3326E-10 1.8685E-10 2.4371E-10 3.0396E-10 3.6703E-10 4.3312E-10 5.1731E-10 6.2769E-10 7.5466E-10 9.0375E-10 1.0619E-09 1.2322E-09 1.4200E-09 1.6101E-09 1.8149E-09 2.0245E-09 2.2328E-09 2.4309E-09 2.6236E-09 2.8130E-09 3.0015E-09 3.1908E-09 3.3784E-09 3.5637E-09 3.7425E-09 3.9105E-09 4.0805E-09
0.0000E+00 0.0000E+00 0.0000E+00 0.0000E+00 0.0000E+00 0.0000E+00 0.0000E+00 0.0000E+00 0.0000E+00 0.0000E+00 0.0000E+00 0.0000E+00 0.0000E+00 0.0000E+00 0.0000E+00 0.0000E+00 0.0000E+00 0.0000E+00 0.0000E+00 0.0000E+00 0.0000E+00 0.0000E+00 0.0000E+00 6.4423E-13 3.6035E-12 1.2253E-11 2.9676E-11 6.0272E-11 1.0438E-10 1.5760E-10 2.1774E-10 2.8148E-10 3.4987E-10 4.2274E-10 4.9926E-10 5.9503E-10 7.1849E-10 8.5771E-10 1.0188E-09 1.1931E-09 1.3753E-09 1.5821E-09 1.8006E-09 2.0299E-09 2.2658E-09 2.4969E-09 2.7184E-09 2.9353E-09 3.1557E-09 3.3759E-09 3.5954E-09 3.8131E-09 4.0290E-09 4.2416E-09 4.4465E-09 4.6441E-09 4.8371E-09
0.0000E+00 0.0000E+00 0.0000E+00 0.0000E+00 0.0000E+00 0.0000E+00 0.0000E+00 0.0000E+00 0.0000E+00 0.0000E+00 0.0000E+00 0.0000E+00 0.0000E+00 0.0000E+00 0.0000E+00 0.0000E+00 0.0000E+00 0.0000E+00 0.0000E+00 0.0000E+00 0.0000E+00 0.0000E+00 3.0445E-13 2.2215E-12 1.2064E-11 3.3605E-11 6.9252E-11 1.1818E-10 1.7758E-10 2.4393E-10 3.1507E-10 3.9185E-10 4.7407E-10 5.6128E-10 6.6538E-10 7.9729E-10 9.5134E-10 1.2068E-09 1.4080E-09 1.6184E-09 1.8484E-09 2.1693E-09 2.4324E-09 2.7001E-09 2.9569E-09 3.2042E-09 3.4486E-09 3.6933E-09 3.8724E-09 4.1217E-09 4.2853E-09 4.5362E-09 4.7840E-09 5.0265E-09 5.2536E-09 5.4827E-09 5.7184E-09
0.0000E+00 0.0000E+00 0.0000E+00 0.0000E+00 0.0000E+00 0.0000E+00 0.0000E+00 0.0000E+00 0.0000E+00 0.0000E+00 0.0000E+00 0.0000E+00 0.0000E+00 0.0000E+00 0.0000E+00 0.0000E+00 0.0000E+00 0.0000E+00 0.0000E+00 0.0000E+00 0.0000E+00 7.7654E-14 1.3974E-12 1.1390E-11 3.5231E-11 7.4991E-11 1.2832E-10 1.9236E-10 2.6481E-10 3.4319E-10 4.2803E-10 5.1965E-10 6.1531E-10 7.2636E-10 9.5023E-10 1.1286E-09 1.3974E-09 1.6305E-09 1.8708E-09 2.1317E-09 2.4818E-09 2.7826E-09 3.0868E-09 3.3827E-09 3.6686E-09 3.9518E-09 4.2352E-09 4.5174E-09 4.7979E-09 5.0743E-09 5.2835E-09 5.5528E-09 5.7468E-09 5.9296E-09 6.1933E-09 6.4571E-09 6.7217E-09
0.0000E+00 0.0000E+00 0.0000E+00 0.0000E+00 0.0000E+00 0.0000E+00 0.0000E+00 0.0000E+00 0.0000E+00 0.0000E+00 0.0000E+00 0.0000E+00 0.0000E+00 0.0000E+00 0.0000E+00 0.0000E+00 0.0000E+00 0.0000E+00 0.0000E+00 0.0000E+00 0.0000E+00 5.1765E-13 1.0163E-11 3.5296E-11 7.6888E-11 1.3380E-10 2.0228E-10 2.7967E-10 3.6490E-10 4.5799E-10 5.5672E-10 6.6067E-10 8.6501E-10 1.0244E-09 1.2926E-09 1.5302E-09 1.8502E-09 2.1323E-09 2.4328E-09 2.7604E-09 3.1579E-09 3.5063E-09 3.8508E-09 4.1858E-09 4.5195E-09 4.8493E-09 5.2248E-09 5.5476E-09 5.8647E-09 6.1276E-09 6.4301E-09 6.7236E-09 7.0083E-09 7.2301E-09 7.4397E-09 7.5609E-09 7.8632E-09
0.0000E+00 0.0000E+00 0.0000E+00 0.0000E+00 0.0000E+00 0.0000E+00 0.0000E+00 0.0000E+00 0.0000E+00 0.0000E+00 0.0000E+00 0.0000E+00 0.0000E+00 0.0000E+00 0.0000E+00 0.0000E+00 0.0000E+00 0.0000E+00 0.0000E+00 0.0000E+00 1.6382E-13 8.2481E-12 3.2916E-11 7.5302E-11 1.3392E-10 2.0628E-10 2.8836E-10 3.7940E-10 4.7872E-10 5.8495E-10 7.8124E-10 9.1846E-10 1.1596E-09 1.3863E-09 1.7184E-09 2.0159E-09 2.3360E-09 2.7361E-09 3.1122E-09 3.5039E-09 3.9495E-09 4.3533E-09 4.7507E-09 5.1456E-09 5.5790E-09 5.9644E-09 6.3420E-09 6.7100E-09 7.0689E-09 7.4168E-09 7.7516E-09 8.0724E-09 8.3367E-09 8.6249E-09 8.9121E-09 9.1586E-09 9.3358E-09
0.0000E+00 0.0000E+00 0.0000E+00 0.0000E+00 0.0000E+00 0.0000E+00 0.0000E+00 0.0000E+00 0.0000E+00 0.0000E+00 0.0000E+00 0.0000E+00 0.0000E+00 0.0000E+00 0.0000E+00 0.0000E+00 0.0000E+00 0.0000E+00 0.0000E+00 0.0000E+00 6.4128E-12 2.8789E-11 6.9585E-11 1.2883E-10 2.0373E-10 2.9026E-10 3.8613E-10 4.9055E-10 6.7889E-10 8.1521E-10 1.0305E-09 1.2227E-09 1.5323E-09 1.8349E-09 2.2201E-09 2.5900E-09 2.9890E-09 3.4675E-09 3.9146E-09 4.5136E-09 4.9913E-09 5.4695E-09 5.9442E-09 6.4102E-09 6.8648E-09 7.3066E-09 7.7327E-09 8.1425E-09 8.4381E-09 8.8247E-09 9.1939E-09 9.5448E-09 9.8778E-09 1.0191E-08 1.0498E-08 1.0802E-08 1.1109E-08
0.0000E+00 0.0000E+00 0.0000E+00 0.0000E+00 0.0000E+00 0.0000E+00 0.0000E+00 0.0000E+00 0.0000E+00 0.0000E+00 0.0000E+00 0.0000E+00 0.0000E+00 0.0000E+00 0.0000E+00 0.0000E+00 0.0000E+00 0.0000E+00 0.0000E+00 4.4589E-12 2.2679E-11 6.1878E-11 1.1937E-10 1.9423E-10 2.8421E-10 3.8523E-10 4.9352E-10 6.9085E-10 8.3594E-10 1.0702E-09 1.2730E-09 1.5999E-09 1.9796E-09 2.3566E-09 2.8171E-09 3.2737E-09 3.8770E-09 4.4507E-09 4.9931E-09 5.6375E-09 6.2112E-09 6.7851E-09 7.3485E-09 7.8962E-09 8.5010E-09 9.0070E-09 9.4078E-09 9.8606E-09 1.0287E-08 1.0688E-08 1.0978E-08 1.1239E-08 1.1595E-08 1.1932E-08 1.2252E-08 1.2576E-08 1.2897E-08
0.0000E+00 0.0000E+00 0.0000E+00 0.0000E+00 0.0000E+00 0.0000E+00 0.0000E+00 0.0000E+00 0.0000E+00 0.0000E+00 0.0000E+00 0.0000E+00 0.0000E+00 0.0000E+00 0.0000E+00 0.0000E+00 0.0000E+00 0.0000E+00 2.5186E-12 1.6026E-11 5.1059E-11 1.0634E-10 1.8020E-10 2.7061E-10 3.7427E-10 4.8650E-10 6.9026E-10 8.4278E-10 1.0927E-09 1.3659E-09 1.6423E-09 2.0497E-09 2.4639E-09 2.9745E-09 3.6016E-09 4.2277E-09 4.9321E-09 5.5763E-09 6.2314E-09 6.9905E-09 7.6868E-09 8.3770E-09 9.1129E-09 9.7628E-09 1.0379E-08 1.0957E-08 1.1494E-08 1.1990E-08 1.2445E-08 1.2861E-08 1.3176E-08 1.3530E-08 1.3774E-08 1.3901E-08 1.4250E-08 1.4584E-08 1.4912E-08
0.0000E+00 0.0000E+00 0.0000E+00 0.0000E+00 0.0000E+00 0.0000E+00 0.0000E+00 0.0000E+00 0.0000E+00 0.0000E+00 0.0000E+00 0.0000E+00 0.0000E+00 0.0000E+00 0.0000E+00 0.0000E+00 0.0000E+00 0.0000E+00 9.9606E-12 3.8960E-11 8.9946E-11 1.6023E-10 2.5048E-10 3.5556E-10 4.6999E-10 6.7643E-10 9.0104E-10 1.0960E-09 1.3823E-09 1.7186E-09 2.0928E-09 2.5872E-09 3.2026E-09 3.8397E-09 4.5880E-09 5.3085E-09 6.1391E-09 6.9204E-09 7.7217E-09 8.6232E-09 9.4668E-09 1.0292E-08 1.1153E-08 1.1916E-08 1.2632E-08 1.3292E-08 1.3892E-08 1.4431E-08 1.4912E-08 1.5340E-08 1.5722E-08 1.6062E-08 1.6303E-08 1.6588E-08 1.6712E-08 1.6823E-08 1.7144E-08
0.0000E+00 0.0000E+00 0.0000E+00 0.0000E+00 0.0000E+00 0.0000E+00 0.0000E+00 0.0000E+00 0.0000E+00 0.0000E+00 0.0000E+00 0.0000E+00 0.0000E+00 0.0000E+00 0.0000E+00 0.0000E+00 0.0000E+00 5.2554E-12 2.6747E-11 7.0982E-11 1.3626E-10 2.2275E-10 3.2809E-10 4.4465E-10 6.5073E-10 8.1191E-10 1.0796E-09 1.3778E-09 1.7205E-09 2.0956E-09 2.6134E-09 3.3236E-09 4.0642E-09 4.8120E-09 5.7055E-09 6.5848E-09 7.5638E-09 8.5179E-09 9.5066E-09 1.0584E-08 1.1601E-08 1.2593E-08 1.3599E-08 1.4494E-08 1.5322E-08 1.6072E-08 1.6738E-08 1.7319E-08 1.7819E-08 1.8247E-08 1.8610E-08 1.8921E-08 1.9192E-08 1.9433E-08 1.9609E-08 1.9768E-08 1.9849E-08
0.0000E+00 0.0000E+00 0.0000E+00 0.0000E+00 0.0000E+00 0.0000E+00 0.0000E+00 0.0000E+00 0.0000E+00 0.0000E+00 0.0000E+00 0.0000E+00 0.0000E+00 0.0000E+00 0.0000E+00 0.0000E+00 1.5548E-12 1.5185E-11 5.1702E-11 1.1069E-10 1.9087E-10 2.9336E-10 4.1020E-10 5.3515E-10 7.7562E-10 1.0441E-09 1.3479E-09 1.6957E-09 2.0680E-09 2.6913E-09 3.3462E-09 4.1422E-09 4.9581E-09 5.9538E-09 7.0172E-09 8.0808E-09 9.2488E-09 1.0418E-08 1.1629E-08 1.2919E-08 1.4146E-08 1.5331E-08 1.6456E-08 1.7500E-08 1.8452E-08 1.9298E-08 2.0028E-08 2.0643E-08 2.1144E-08 2.1540E-08 2.1865E-08 2.2127E-08 2.2356E-08 2.2549E-08 2.2730E-08 2.2888E-08 2.3025E-08
