Assets/Resources/2015_m01_d24_0000(utc+0800)_l00_csi_1hr_conc.grd
DSAA
         159         159
     -79.000      79.000
     -79.000      79.000
  0.2243E-10  0.3218E-04
[rows 25 to 49 of 159, columns 0 to 56 of 159]
3.5214E-11 3.6790E-11 3.8418E-11 3.9867E-11 4.1535E-11 4.3082E-11 4.4850E-11 4.6501E-11 4.8201E-11 4.9952E-11 5.1755E-11 5.3610E-11 5.5519E-11 5.7482E-11 5.9500E-11 6.1575E-11 6.3707E-11 6.5897E-11 6.8146E-11 7.0456E-11 7.2827E-11 7.5260E-11 7.7755E-11 8.0314E-11 8.2938E-11 8.5628E-11 8.8383E-11 9.1205E-11 9.4096E-11 9.7054E-11 1.0008E-10 1.0318E-10 1.0635E-10 1.0959E-10 1.1290E-10 1.1628E-10 1.1974E-10 1.2327E-10 1.2687E-10 1.3055E-10 1.3430E-10 1.3813E-10 1.4203E-10 1.4600E-10 1.5006E-10 1.5418E-10 1.5838E-10 1.6266E-10 1.6701E-10 1.7144E-10 1.7595E-10 1.8052E-10 1.8518E-10 1.8990E-10 1.9470E-10 1.9957E-10 2.0452E-10
3.5631E-11 3.7229E-11 3.8880E-11 4.0516E-11 4.2036E-11 4.3772E-11 4.5394E-11 4.7066E-11 4.8788E-11 5.0561E-11 5.2386E-11 5.4264E-11 5.6197E-11 5.8184E-11 6.0228E-11 6.2329E-11 6.4487E-11 6.6705E-11 6.8983E-11 7.1322E-11 7.3723E-11 7.6186E-11 7.8713E-11 8.1305E-11 8.3962E-11 8.6685E-11 8.9476E-11 9.2334E-11 9.5261E-11 9.8257E-11 1.0132E-10 1.0446E-10 1.0767E-10 1.1095E-10 1.1430E-10 1.1773E-10 1.2123E-10 1.2481E-10 1.2846E-10 1.3218E-10 1.3598E-10 1.3985E-10 1.4381E-10 1.4783E-10 1.5194E-10 1.5612E-10 1.6037E-10 1.6471E-10 1.6912E-10 1.7360E-10 1.7816E-10 1.8280E-10 1.8751E-10 1.9230E-10 1.9716E-10 2.0210E-10 2.0710E-10
3.6280E-11 3.7898E-11 3.9337E-11 4.0996E-11 4.2534E-11 4.4293E-11 4.5935E-11 4.7627E-11 4.9370E-11 5.1165E-11 5.3012E-11 5.4914E-11 5.6870E-11 5.8882E-11 6.0951E-11 6.3077E-11 6.5263E-11 6.7508E-11 6.9814E-11 7.2182E-11 7.4612E-11 7.7106E-11 7.9665E-11 8.2288E-11 8.4979E-11 8.7736E-11 9.0561E-11 9.3455E-11 9.6418E-11 9.9452E-11 1.0256E-10 1.0573E-10 1.0898E-10 1.1230E-10 1.1570E-10 1.1917E-10 1.2271E-10 1.2633E-10 1.3003E-10 1.3380E-10 1.3765E-10 1.4157E-10 1.4557E-10 1.4965E-10 1.5381E-10 1.5804E-10 1.6235E-10 1.6674E-10 1.7120E-10 1.7574E-10 1.8036E-10 1.8506E-10 1.8983E-10 1.9468E-10 1.9960E-10 2.0460E-10 2.0968E-10
3.6695E-11 3.8335E-11 3.9961E-11 4.1471E-11 4.3197E-11 4.4810E-11 4.6472E-11 4.8184E-11 4.9948E-11 5.1764E-11 5.3634E-11 5.5558E-11 5.7538E-11 5.9574E-11 6.1668E-11 6.3820E-11 6.6032E-11 6.8305E-11 7.0639E-11 7.3035E-11 7.5495E-11 7.8019E-11 8.0609E-11 8.3265E-11 8.5988E-11 8.8779E-11 9.1638E-11 9.4568E-11 9.7567E-11 1.0064E-10 1.0378E-10 1.0700E-10 1.1029E-10 1.1365E-10 1.1709E-10 1.2060E-10 1.2419E-10 1.2785E-10 1.3159E-10 1.3541E-10 1.3930E-10 1.4328E-10 1.4733E-10 1.5146E-10 1.5566E-10 1.5995E-10 1.6431E-10 1.6876E-10 1.7328E-10 1.7788E-10 1.8255E-10 1.8731E-10 1.9214E-10 1.9705E-10 2.0203E-10 2.0709E-10 2.1223E-10
3.7341E-11 3.8768E-11 4.0415E-11 4.1942E-11 4.3690E-11 4.5322E-11 4.7004E-11 4.8736E-11 5.0521E-11 5.2359E-11 5.4250E-11 5.6197E-11 5.8200E-11 6.0261E-11 6.2379E-11 6.4557E-11 6.6795E-11 6.9095E-11 7.1457E-11 7.3882E-11 7.6371E-11 7.8925E-11 8.1546E-11 8.4234E-11 8.6989E-11 8.9813E-11 9.2707E-11 9.5672E-11 9.8708E-11 1.0182E-10 1.0500E-10 1.0825E-10 1.1158E-10 1.1498E-10 1.1846E-10 1.2202E-10 1.2565E-10 1.2936E-10 1.3314E-10 1.3701E-10 1.4095E-10 1.4497E-10 1.4907E-10 1.5325E-10 1.5751E-10 1.6185E-10 1.6626E-10 1.7076E-10 1.7533E-10 1.7999E-10 1.8472E-10 1.8954E-10 1.9443E-10 1.9940E-10 2.0444E-10 2.0957E-10 2.1477E-10
3.7753E-11 3.9367E-11 4.0865E-11 4.2578E-11 4.4179E-11 4.5830E-11 4.7531E-11 4.9283E-11 5.1089E-11 5.2947E-11 5.4861E-11 5.6831E-11 5.8857E-11 6.0941E-11 6.3084E-11 6.5288E-11 6.7552E-11 6.9878E-11 7.2267E-11 7.4721E-11 7.7239E-11 7.9823E-11 8.2475E-11 8.5194E-11 8.7982E-11 9.0839E-11 9.3767E-11 9.6766E-11 9.9838E-11 1.0298E-10 1.0620E-10 1.0949E-10 1.1286E-10 1.1630E-10 1.1982E-10 1.2342E-10 1.2710E-10 1.3085E-10 1.3468E-10 1.3859E-10 1.4258E-10 1.4665E-10 1.5080E-10 1.5503E-10 1.5934E-10 1.6373E-10 1.6820E-10 1.7275E-10 1.7738E-10 1.8209E-10 1.8688E-10 1.9175E-10 1.9670E-10 2.0173E-10 2.0683E-10 2.1202E-10 2.1728E-10
3.8162E-11 3.9795E-11 4.1310E-11 4.3045E-11 4.4664E-11 4.6333E-11 4.8053E-11 4.9825E-11 5.1651E-11 5.3531E-11 5.5466E-11 5.7458E-11 5.9507E-11 6.1615E-11 6.3783E-11 6.6011E-11 6.8301E-11 7.0654E-11 7.3071E-11 7.5552E-11 7.8099E-11 8.0713E-11 8.3395E-11 8.6145E-11 8.8965E-11 9.1855E-11 9.4817E-11 9.7851E-11 1.0096E-10 1.0414E-10 1.0739E-10 1.1072E-10 1.1413E-10 1.1762E-10 1.2118E-10 1.2482E-10 1.2853E-10 1.3233E-10 1.3620E-10 1.4016E-10 1.4420E-10 1.4831E-10 1.5251E-10 1.5679E-10 1.6115E-10 1.6559E-10 1.7011E-10 1.7472E-10 1.7940E-10 1.8417E-10 1.8901E-10 1.9394E-10 1.9895E-10 2.0404E-10 2.0921E-10 2.1445E-10 2.1978E-10
3.8735E-11 4.0219E-11 4.1919E-11 4.3506E-11 4.5143E-11 4.6830E-11 4.8569E-11 5.0361E-11 5.2207E-11 5.4108E-11 5.6065E-11 5.8079E-11 6.0151E-11 6.2282E-11 6.4474E-11 6.6727E-11 6.9043E-11 7.1422E-11 7.3866E-11 7.6375E-11 7.8951E-11 8.1594E-11 8.4306E-11 8.7087E-11 8.9939E-11 9.2862E-11 9.5857E-11 9.8925E-11 1.0207E-10 1.0528E-10 1.0858E-10 1.1194E-10 1.1539E-10 1.1891E-10 1.2251E-10 1.2619E-10 1.2995E-10 1.3379E-10 1.3771E-10 1.4172E-10 1.4580E-10 1.4996E-10 1.5421E-10 1.5853E-10 1.6294E-10 1.6744E-10 1.7201E-10 1.7667E-10 1.8141E-10 1.8623E-10 1.9113E-10 1.9612E-10 2.0118E-10 2.0633E-10 2.1156E-10 2.1686E-10 2.2225E-10
3.9138E-11 4.0638E-11 4.2358E-11 4.3962E-11 4.5617E-11 4.7322E-11 4.9080E-11 5.0892E-11 5.2757E-11 5.4679E-11 5.6657E-11 5.8693E-11 6.0788E-11 6.2942E-11 6.5158E-11 6.7436E-11 6.9777E-11 7.2182E-11 7.4652E-11 7.7189E-11 7.9793E-11 8.2465E-11 8.5207E-11 8.8019E-11 9.0902E-11 9.3857E-11 9.6885E-11 9.9987E-11 1.0316E-10 1.0642E-10 1.0975E-10 1.1315E-10 1.1664E-10 1.2020E-10 1.2384E-10 1.2756E-10 1.3136E-10 1.3524E-10 1.3921E-10 1.4325E-10 1.4738E-10 1.5159E-10 1.5589E-10 1.6026E-10 1.6472E-10 1.6926E-10 1.7389E-10 1.7860E-10 1.8339E-10 1.8827E-10 1.9323E-10 1.9827E-10 2.0339E-10 2.0860E-10 2.1388E-10 2.1925E-10 2.2470E-10
3.9536E-11 4.1051E-11 4.2791E-11 4.4413E-11 4.6085E-11 4.7808E-11 4.9585E-11 5.1416E-11 5.3301E-11 5.5243E-11 5.7242E-11 5.9300E-11 6.1417E-11 6.3594E-11 6.5834E-11 6.8136E-11 7.0502E-11 7.2933E-11 7.5430E-11 7.7994E-11 8.0626E-11 8.3327E-11 8.6098E-11 8.8940E-11 9.1854E-11 9.4842E-11 9.7903E-11 1.0104E-10 1.0425E-10 1.0754E-10 1.1090E-10 1.1435E-10 1.1787E-10 1.2147E-10 1.2515E-10 1.2891E-10 1.3275E-10 1.3668E-10 1.4069E-10 1.4478E-10 1.4895E-10 1.5321E-10 1.5755E-10 1.6197E-10 1.6648E-10 1.7107E-10 1.7575E-10 1.8051E-10 1.8536E-10 1.9029E-10 1.9530E-10 2.0040E-10 2.0558E-10 2.1084E-10 2.1619E-10 2.2161E-10 2.2712E-10
3.9929E-11 4.1632E-11 4.3220E-11 4.4858E-11 4.6547E-11 4.8288E-11 5.0083E-11 5.1933E-11 5.3838E-11 5.5800E-11 5.7820E-11 5.9899E-11 6.2038E-11 6.4239E-11 6.6501E-11 6.8827E-11 7.1218E-11 7.3674E-11 7.6198E-11 7.8789E-11 8.1448E-11 8.4178E-11 8.6978E-11 8.9850E-11 9.2796E-11 9.5814E-11 9.8908E-11 1.0208E-10 1.0532E-10 1.0864E-10 1.1205E-10 1.1553E-10 1.1908E-10 1.2272E-10 1.2644E-10 1.3025E-10 1.3413E-10 1.3810E-10 1.4215E-10 1.4628E-10 1.5050E-10 1.5480E-10 1.5919E-10 1.6366E-10 1.6822E-10 1.7286E-10 1.7759E-10 1.8240E-10 1.8730E-10 1.9228E-10 1.9735E-10 2.0250E-10 2.0774E-10 2.1306E-10 2.1846E-10 2.2395E-10 2.2952E-10
4.0316E-11 4.2038E-11 4.3642E-11 4.5296E-11 4.7003E-11 4.8762E-11 5.0575E-11 5.2443E-11 5.4368E-11 5.6350E-11 5.8390E-11 6.0490E-11 6.2651E-11 6.4874E-11 6.7160E-11 6.9510E-11 7.1925E-11 7.4407E-11 7.6956E-11 7.9573E-11 8.2260E-11 8.5018E-11 8.7847E-11 9.0749E-11 9.3725E-11 9.6774E-11 9.9900E-11 1.0310E-10 1.0638E-10 1.0974E-10 1.1317E-10 1.1669E-10 1.2029E-10 1.2396E-10 1.2772E-10 1.3156E-10 1.3549E-10 1.3950E-10 1.4359E-10 1.4777E-10 1.5203E-10 1.5638E-10 1.6081E-10 1.6533E-10 1.6994E-10 1.7463E-10 1.7940E-10 1.8427E-10 1.8922E-10 1.9425E-10 1.9937E-10 2.0458E-10 2.0987E-10 2.1525E-10 2.2071E-10 2.2626E-10 2.3188E-10
4.0869E-11 4.2439E-11 4.4058E-11 4.5729E-11 4.7452E-11 4.9229E-11 5.1060E-11 5.2947E-11 5.4890E-11 5.6892E-11 5.8952E-11 6.1073E-11 6.3256E-11 6.5501E-11 6.7809E-11 7.0183E-11 7.2622E-11 7.5129E-11 7.7704E-11 8.0347E-11 8.3061E-11 8.5847E-11 8.8704E-11 9.1635E-11 9.4641E-11 9.7722E-11 1.0088E-10 1.0411E-10 1.0743E-10 1.1082E-10 1.1429E-10 1.1784E-10 1.2147E-10 1.2519E-10 1.2898E-10 1.3287E-10 1.3683E-10 1.4088E-10 1.4502E-10 1.4924E-10 1.5354E-10 1.5793E-10 1.6241E-10 1.6698E-10 1.7163E-10 1.7637E-10 1.8120E-10 1.8611E-10 1.9111E-10 1.9620E-10 2.0137E-10 2.0663E-10 2.1198E-10 2.1741E-10 2.2293E-10 2.2854E-10 2.3422E-10
4.1248E-11 4.2833E-11 4.4468E-11 4.6155E-11 4.7895E-11 4.9689E-11 5.1537E-11 5.3442E-11 5.5405E-11 5.7426E-11 5.9506E-11 6.1648E-11 6.3852E-11 6.6118E-11 6.8450E-11 7.0846E-11 7.3309E-11 7.5840E-11 7.8440E-11 8.1110E-11 8.3850E-11 8.6663E-11 8.9549E-11 9.2509E-11 9.5544E-11 9.8655E-11 1.0184E-10 1.0511E-10 1.0845E-10 1.1188E-10 1.1539E-10 1.1897E-10 1.2264E-10 1.2639E-10 1.3023E-10 1.3415E-10 1.3815E-10 1.4224E-10 1.4642E-10 1.5068E-10 1.5503E-10 1.5947E-10 1.6399E-10 1.6860E-10 1.7330E-10 1.7809E-10 1.8296E-10 1.8793E-10 1.9298E-10 1.9812E-10 2.0335E-10 2.0866E-10 2.1406E-10 2.1955E-10 2.2512E-10 2.3078E-10 2.3653E-10
4.1622E-11 4.3221E-11 4.4872E-11 4.6575E-11 4.8331E-11 5.0141E-11 5.2007E-11 5.3930E-11 5.5911E-11 5.7951E-11 6.0052E-11 6.2213E-11 6.4438E-11 6.6726E-11 6.9080E-11 7.1499E-11 7.3986E-11 7.6541E-11 7.9166E-11 8.1861E-11 8.4628E-11 8.7467E-11 9.0381E-11 9.3369E-11 9.6434E-11 9.9575E-11 1.0279E-10 1.0609E-10 1.0947E-10 1.1293E-10 1.1647E-10 1.2009E-10 1.2379E-10 1.2758E-10 1.3145E-10 1.3541E-10 1.3946E-10 1.4359E-10 1.4780E-10 1.5211E-10 1.5650E-10 1.6098E-10 1.6555E-10 1.7020E-10 1.7495E-10 1.7978E-10 1.8471E-10 1.8972E-10 1.9482E-10 2.0001E-10 2.0529E-10 2.1066E-10 2.1611E-10 2.2165E-10 2.2728E-10 2.3300E-10 2.3880E-10
4.1989E-11 4.3603E-11 4.5268E-11 4.6987E-11 4.8759E-11 5.0586E-11 5.2469E-11 5.4410E-11 5.6409E-11 5.8468E-11 6.0588E-11 6.2770E-11 6.5015E-11 6.7324E-11 6.9699E-11 7.2141E-11 7.4651E-11 7.7230E-11 7.9879E-11 8.2600E-11 8.5392E-11 8.8259E-11 9.1199E-11 9.4216E-11 9.7309E-11 1.0048E-10 1.0373E-10 1.0706E-10 1.1047E-10 1.1396E-10 1.1753E-10 1.2119E-10 1.2493E-10 1.2875E-10 1.3266E-10 1.3666E-10 1.4074E-10 1.4491E-10 1.4916E-10 1.5351E-10 1.5794E-10 1.6247E-10 1.6708E-10 1.7178E-10 1.7657E-10 1.8145E-10 1.8642E-10 1.9148E-10 1.9663E-10 2.0188E-10 2.0720E-10 2.1262E-10 2.1813E-10 2.2373E-10 2.2941E-10 2.3518E-10 2.4104E-10
4.2349E-11 4.3978E-11 4.5658E-11 4.7392E-11 4.9180E-11 5.1023E-11 5.2923E-11 5.4881E-11 5.6898E-11 5.8976E-11 6.1115E-11 6.3316E-11 6.5581E-11 6.7912E-11 7.0309E-11 7.2773E-11 7.5305E-11 7.7907E-11 8.0581E-11 8.3326E-11 8.6144E-11 8.9036E-11 9.2004E-11 9.5048E-11 9.8170E-11 1.0137E-10 1.0465E-10 1.0801E-10 1.1145E-10 1.1497E-10 1.1858E-10 1.2227E-10 1.2604E-10 1.2990E-10 1.3385E-10 1.3788E-10 1.4200E-10 1.4621E-10 1.5050E-10 1.5489E-10 1.5937E-10 1.6393E-10 1.6859E-10 1.7333E-10 1.7817E-10 1.8309E-10 1.8811E-10 1.9322E-10 1.9842E-10 2.0371E-10 2.0909E-10 2.1456E-10 2.2012E-10 2.2577E-10 2.3151E-10 2.3733E-10 2.4325E-10
4.2703E-11 4.4345E-11 4.6040E-11 4.7789E-11 4.9592E-11 5.1452E-11 5.3369E-11 5.5344E-11 5.7378E-11 5.9474E-11 6.1632E-11 6.3852E-11 6.6138E-11 6.8489E-11 7.0906E-11 7.3392E-11 7.5947E-11 7.8572E-11 8.1269E-11 8.4039E-11 8.6882E-11 8.9800E-11 9.2794E-11 9.5865E-11 9.9014E-11 1.0224E-10 1.0555E-10 1.0894E-10 1.1241E-10 1.1597E-10 1.1961E-10 1.2333E-10 1.2714E-10 1.3103E-10 1.3501E-10 1.3908E-10 1.4324E-10 1.4749E-10 1.5182E-10 1.5625E-10 1.6076E-10 1.6537E-10 1.7007E-10 1.7486E-10 1.7974E-10 1.8471E-10 1.8977E-10 1.9493E-10 2.0017E-10 2.0551E-10 2.1094E-10 2.1646E-10 2.2207E-10 2.2777E-10 2.3356E-10 2.3944E-10 2.4541E-10
4.3049E-11 4.4706E-11 4.6415E-11 4.8179E-11 4.9997E-11 5.1872E-11 5.3805E-11 5.5797E-11 5.7849E-11 5.9963E-11 6.2139E-11 6.4378E-11 6.6683E-11 6.9054E-11 7.1493E-11 7.4000E-11 7.6577E-11 7.9225E-11 8.1945E-11 8.4738E-11 8.7606E-11 9.0549E-11 9.3569E-11 9.6667E-11 9.9844E-11 1.0310E-10 1.0644E-10 1.0986E-10 1.1336E-10 1.1694E-10 1.2061E-10 1.2437E-10 1.2821E-10 1.3214E-10 1.3616E-10 1.4026E-10 1.4446E-10 1.4874E-10 1.5311E-10 1.5758E-10 1.6213E-10 1.6678E-10 1.7152E-10 1.7635E-10 1.8128E-10 1.8629E-10 1.9140E-10 1.9660E-10 2.0190E-10 2.0728E-10 2.1276E-10 2.1833E-10 2.2399E-10 2.2974E-10 2.3559E-10 2.4152E-10 2.4754E-10
4.3389E-11 4.5059E-11 4.6782E-11 4.8560E-11 5.0394E-11 5.2284E-11 5.4233E-11 5.6242E-11 5.8311E-11 6.0441E-11 6.2635E-11 6.4894E-11 6.7218E-11 6.9608E-11 7.2067E-11 7.4595E-11 7.7194E-11 7.9864E-11 8.2607E-11 8.5424E-11 8.8316E-11 9.1284E-11 9.4329E-11 9.7453E-11 1.0066E-10 1.0394E-10 1.0731E-10 1.1075E-10 1.1429E-10 1.1790E-10 1.2160E-10 1.2539E-10 1.2927E-10 1.3323E-10 1.3728E-10 1.4142E-10 1.4565E-10 1.4997E-10 1.5438E-10 1.5888E-10 1.6348E-10 1.6817E-10 1.7295E-10 1.7782E-10 1.8279E-10 1.8785E-10 1.9300E-10 1.9825E-10 2.0358E-10 2.0902E-10 2.1454E-10 2.2016E-10 2.2587E-10 2.3168E-10 2.3757E-10 2.4356E-10 2.4963E-10
4.3721E-11 4.5404E-11 4.7141E-11 4.8933E-11 5.0781E-11 5.2687E-11 5.4652E-11 5.6676E-11 5.8762E-11 6.0910E-11 6.3121E-11 6.5398E-11 6.7741E-11 7.0151E-11 7.2630E-11 7.5178E-11 7.7798E-11 8.0490E-11 8.3255E-11 8.6094E-11 8.9010E-11 9.2003E-11 9.5073E-11 9.8223E-11 1.0145E-10 1.0476E-10 1.0816E-10 1.1163E-10 1.1519E-10 1.1884E-10 1.2257E-10 1.2639E-10 1.3030E-10 1.3429E-10 1.3838E-10 1.4255E-10 1.4682E-10 1.5117E-10 1.5562E-10 1.6016E-10 1.6480E-10 1.6952E-10 1.7434E-10 1.7926E-10 1.8427E-10 1.8937E-10 1.9457E-10 1.9986E-10 2.0524E-10 2.1072E-10 2.1629E-10 2.2196E-10 2.2772E-10 2.3357E-10 2.3952E-10 2.4555E-10 2.5168E-10
4.4045E-11 4.5741E-11 4.7492E-11 4.9298E-11 5.1160E-11 5.3081E-11 5.5061E-11 5.7101E-11 5.9203E-11 6.1367E-11 6.3596E-11 6.5891E-11 6.8252E-11 7.0681E-11 7.3179E-11 7.5748E-11 7.8388E-11 8.1101E-11 8.3888E-11 8.6751E-11 8.9689E-11 9.2706E-11 9.5800E-11 9.8975E-11 1.0223E-10 1.0557E-10 1.0899E-10 1.1249E-10 1.1608E-10 1.1976E-10 1.2352E-10 1.2737E-10 1.3131E-10 1.3534E-10 1.3945E-10 1.4366E-10 1.4796E-10 1.5235E-10 1.5684E-10 1.6142E-10 1.6609E-10 1.7085E-10 1.7571E-10 1.8067E-10 1.8572E-10 1.9086E-10 1.9610E-10 2.0143E-10 2.0686E-10 2.1239E-10 2.1801E-10 2.2372E-10 2.2953E-10 2.3543E-10 2.4142E-10 2.4751E-10 2.5368E-10
4.4361E-11 4.6070E-11 4.7834E-11 4.9653E-11 5.1530E-11 5.3465E-11 5.5460E-11 5.7515E-11 5.9633E-11 6.1814E-11 6.4060E-11 6.6372E-11 6.8751E-11 7.1199E-11 7.3716E-11 7.6304E-11 7.8965E-11 8.1699E-11 8.4507E-11 8.7391E-11 9.0353E-11 9.3392E-11 9.6511E-11 9.9710E-11 1.0299E-10 1.0635E-10 1.0980E-10 1.1333E-10 1.1695E-10 1.2065E-10 1.2445E-10 1.2833E-10 1.3229E-10 1.3635E-10 1.4050E-10 1.4475E-10 1.4908E-10 1.5351E-10 1.5803E-10 1.6264E-10 1.6735E-10 1.7215E-10 1.7705E-10 1.8204E-10 1.8713E-10 1.9232E-10 1.9760E-10 2.0298E-10 2.0845E-10 2.1402E-10 2.1968E-10 2.2544E-10 2.3129E-10 2.3724E-10 2.4328E-10 2.4942E-10 2.5565E-10
4.4670E-11 4.6391E-11 4.8167E-11 5.0000E-11 5.1890E-11 5.3839E-11 5.5849E-11 5.7919E-11 6.0053E-11 6.2250E-11 6.4512E-11 6.6841E-11 6.9238E-11 7.1703E-11 7.4239E-11 7.6847E-11 7.9527E-11 8.2281E-11 8.5110E-11 8.8016E-11 9.1000E-11 9.4062E-11 9.7204E-11 1.0043E-10 1.0373E-10 1.0712E-10 1.1059E-10 1.1415E-10 1.1780E-10 1.2153E-10 1.2535E-10 1.2926E-10 1.3326E-10 1.3735E-10 1.4153E-10 1.4580E-10 1.5017E-10 1.5463E-10 1.5919E-10 1.6383E-10 1.6858E-10 1.7342E-10 1.7836E-10 1.8339E-10 1.8852E-10 1.9374E-10 1.9906E-10 2.0448E-10 2.1000E-10 2.1561E-10 2.2132E-10 2.2712E-10 2.3302E-10 2.3901E-10 2.4510E-10 2.5129E-10 2.5756E-10
4.4969E-11 4.6703E-11 4.8492E-11 5.0337E-11 5.2241E-11 5.4204E-11 5.6227E-11 5.8313E-11 6.0461E-11 6.2674E-11 6.4952E-11 6.7298E-11 6.9712E-11 7.2195E-11 7.4749E-11 7.7375E-11 8.0074E-11 8.2848E-11 8.5698E-11 8.8625E-11 9.1630E-11 9.4714E-11 9.7879E-11 1.0113E-10 1.0446E-10 1.0787E-10 1.1137E-10 1.1495E-10 1.1862E-10 1.2238E-10 1.2623E-10 1.3017E-10 1.3420E-10 1.3832E-10 1.4253E-10 1.4684E-10 1.5123E-10 1.5573E-10 1.6032E-10 1.6500E-10 1.6978E-10 1.7466E-10 1.7963E-10 1.8470E-10 1.8987E-10 1.9513E-10 2.0049E-10 2.0595E-10 2.1151E-10 2.1716E-10 2.2291E-10 2.2876E-10 2.3471E-10 2.4074E-10 2.4688E-10 2.5311E-10 2.5943E-10
